Ngay,KLGDRong,GTDGRong,ThayDoi,KLMua,GtMua,KLBan,GtBan,RoomConLai,DangSoHuu
19/01/2006,2000,106000,0(0.00 %),2000,106000,0,0,0,0.0
20/01/2006,16900,924400,0(0.00 %),16900,924400,0,0,0,0.0
23/01/2006,24700,1318800,0(0.00 %),24700,1318800,0,0,0,0.0
24/01/2006,33770,1757140,0(0.00 %),33770,1757140,0,0,0,0.0
25/01/2006,5000,260000,0(0.00 %),5000,260000,0,0,0,0.0
26/01/2006,400,21400,0(0.00 %),400,21400,0,0,0,0.0
27/01/2006,4310,228430,0(0.00 %),4310,228430,0,0,0,0.0
06/02/2006,4040,214120,0(0.00 %),4040,214120,0,0,0,0.0
07/02/2006,193810,10572740,0(0.00 %),293810,15847740,100000,5275000,0,0.0
08/02/2006,121440,6679200,0(0.00 %),121440,6679200,0,0,0,0.0
09/02/2006,116110,6386050,0(0.00 %),123110,6771050,7000,385000,0,0.0
10/02/2006,192540,10536160,0(0.00 %),192540,10536160,0,0,0,0.0
13/02/2006,102700,5648500,0(0.00 %),103200,5676000,500,27500,0,0.0
14/02/2006,102050,5612750,0(0.00 %),102050,5612750,0,0,0,0.0
15/02/2006,100000,5450500,0(0.00 %),100000,5450500,0,0,0,0.0
16/02/2006,129100,7100500,0(0.00 %),129100,7100500,0,0,0,0.0
17/02/2006,100,5600,0(0.00 %),100,5600,0,0,0,0.0
20/02/2006,-9000,-540000,0(0.00 %),0,0,9000,540000,0,0.0
21/02/2006,-10100,-636300,0(0.00 %),0,0,10100,636300,0,0.0
22/02/2006,233390,14379940,0(0.00 %),233390,14379940,0,0,0,0.0
24/02/2006,1250,80625,0(0.00 %),1250,80625,0,0,0,0.0
27/02/2006,30800,2017150,0(0.00 %),51000,3340250,20200,1323100,0,0.0
28/02/2006,-8500,-583000,0(0.00 %),1500,102000,10000,685000,0,0.0
01/03/2006,-17800,-1263800,0(0.00 %),200,14200,18000,1278000,0,0.0
02/03/2006,-6450,-461330,0(0.00 %),22350,1608025,28800,2069355,0,0.0
03/03/2006,99400,6746400,0(0.00 %),126400,8663400,27000,1917000,0,0.0
06/03/2006,-62110,-4356900,0(0.00 %),4800,326400,66910,4683300,0,0.0
07/03/2006,10520,736400,0(0.00 %),11500,805000,980,68600,0,0.0
08/03/2006,-42250,-2916850,0(0.00 %),2750,188150,45000,3105000,0,0.0
09/03/2006,1927430,135019955,0(0.00 %),2209740,154367190,282310,19347235,0,0.0
10/03/2006,9000,616500,0(0.00 %),9000,616500,0,0,0,0.0
13/03/2006,12200,854000,0(0.00 %),13200,924000,1000,70000,0,0.0
14/03/2006,28550,2026775,0(0.00 %),28550,2026775,0,0,0,0.0
15/03/2006,9900,683100,0(0.00 %),9900,683100,0,0,0,0.0
16/03/2006,210,14700,0(0.00 %),320210,22254700,320000,22240000,0,0.0
17/03/2006,1000,70000,0(0.00 %),1000,70000,0,0,0,0.0
20/03/2006,29950,2156150,0(0.00 %),29950,2156150,0,0,0,0.0
21/03/2006,24800,1822800,0(0.00 %),27000,1984500,2200,161700,0,0.0
22/03/2006,13900,1042500,0(0.00 %),13900,1042500,0,0,0,0.0
23/03/2006,-11490,-856005,0(0.00 %),0,0,11490,856005,0,0.0
24/03/2006,400,29600,0(0.00 %),400,29600,0,0,0,0.0
27/03/2006,28600,2130700,0(0.00 %),28600,2130700,0,0,0,0.0
29/03/2006,144600,10969950,0(0.00 %),154600,11734950,10000,765000,0,0.0
30/03/2006,-36850,-2948000,0(0.00 %),150,12000,37000,2960000,0,0.0
31/03/2006,150,12300,0(0.00 %),150,12300,0,0,0,0.0
03/04/2006,34880,2906020,0(0.00 %),64780,5447520,29900,2541500,0,0.0
04/04/2006,12320,1064210,81(-4.71 %),12420,1073010,100,8800,0,0.0
05/04/2006,1789950,152145750,85(4.94 %),1800050,153004250,10100,858500,0,0.0
06/04/2006,1133480,96347560,87(2.35 %),1133480,96347560,0,0,0,0.0
07/04/2006,-66070,-5932300,90(3.45 %),20000,1780000,86070,7712300,0,0.0
10/04/2006,-22920,-2080930,89(-1.11 %),9650,876725,32570,2957655,0,0.0
11/04/2006,74860,6367030,86.5(-2.81 %),74860,6367030,0,0,0,0.0
12/04/2006,-7240,-637120,89(2.89 %),2760,242880,10000,880000,0,0.0
13/04/2006,-8890,-809100,91(2.25 %),110,9900,9000,819000,0,0.0
14/04/2006,1170,105850,90(-1.10 %),1170,105850,0,0,0,0.0
17/04/2006,3350,301500,90(0.00 %),3350,301500,0,0,0,0.0
18/04/2006,-42530,-3850230,91(1.11 %),0,0,42530,3850230,0,0.0
19/04/2006,-8500,-782000,91(0.00 %),500,46000,9000,828000,0,0.0
20/04/2006,3300,300300,91(0.00 %),3300,300300,0,0,0,0.0
21/04/2006,-34100,-3256550,95.5(4.95 %),5800,553900,39900,3810450,0,0.0
24/04/2006,-78400,-7840000,100(4.71 %),100,10000,78500,7850000,0,0.0
25/04/2006,-14650,-1492000,102(2.00 %),5150,527600,19800,2019600,0,0.0
26/04/2006,20000,1960000,98(-3.92 %),20000,1960000,0,0,0,0.0
27/04/2006,109250,10491400,93.5(-4.59 %),110250,10589400,1000,98000,0,0.0
28/04/2006,-2000,-186000,93.5(0.00 %),0,0,2000,186000,0,0.0
03/05/2006,-9900,-960300,97(3.74 %),0,0,9900,960300,0,0.0
04/05/2006,13300,1275900,95(-2.06 %),13300,1275900,0,0,0,0.0
05/05/2006,32420,3016060,93(-2.11 %),32420,3016060,0,0,0,0.0
08/05/2006,6950,618000,90(-3.23 %),10900,982500,3950,364500,0,0.0
09/05/2006,52000,4446000,85.5(-5.00 %),52000,4446000,0,0,0,0.0
10/05/2006,60930,4965795,81.5(-4.68 %),60930,4965795,0,0,0,0.0
11/05/2006,-23500,-2009250,85.5(4.91 %),500,42750,24000,2052000,0,0.0
12/05/2006,-19800,-1772100,89.5(4.68 %),0,0,19800,1772100,0,0.0
15/05/2006,-91060,-8374110,93.5(4.47 %),0,0,91060,8374110,0,0.0
16/05/2006,74260,6703160,89(-4.81 %),74260,6703160,0,0,0,0.0
17/05/2006,-10900,-986950,90.5(1.69 %),12100,1100050,23000,2087000,0,0.0
18/05/2006,1010,90395,89.5(-1.10 %),1010,90395,0,0,0,0.0
19/05/2006,19500,1717500,89(-0.56 %),19500,1717500,0,0,0,0.0
22/05/2006,2150,189350,88(-1.12 %),2150,189350,0,0,0,0.0
23/05/2006,10150,872900,86(-2.27 %),10150,872900,0,0,0,0.0
24/05/2006,15760,1429600,90(4.65 %),29660,2669000,13900,1239400,0,0.0
25/05/2006,50810,4420780,87(-3.33 %),50810,4420780,0,0,0,0.0
26/05/2006,41370,3640560,88(1.15 %),41370,3640560,0,0,0,0.0
29/05/2006,46150,4015050,87(-1.14 %),49150,4276050,3000,261000,0,0.0
30/05/2006,190200,16357200,86(-1.15 %),190200,16357200,0,0,0,0.0
31/05/2006,170000,15058800,89(3.49 %),170200,15076600,200,17800,0,0.0
01/06/2006,-17500,-1557500,88(-1.12 %),500,44500,18000,1602000,0,0.0
02/06/2006,1050,92400,88(0.00 %),1250,110000,200,17600,0,0.0
05/06/2006,19200,1708800,89(1.14 %),19200,1708800,0,0,0,0.0
06/06/2006,20100,1787950,89(0.00 %),22000,1958000,1900,170050,0,0.0
07/06/2006,36100,3183825,88(-1.12 %),36100,3183825,0,0,0,0.0
08/06/2006,19910,1762080,88.5(0.57 %),20100,1778800,190,16720,0,0.0
09/06/2006,14000,1246000,89(0.56 %),14000,1246000,0,0,0,0.0
12/06/2006,4530,398640,88(-1.12 %),4530,398640,0,0,0,0.0
13/06/2006,-10300,-902900,87.5(-0.57 %),99350,8456300,109650,9359200,0,0.0
14/06/2006,-860,-74775,87(-0.57 %),150,13100,1010,87875,0,0.0
15/06/2006,-4300,-371950,86.5(-0.57 %),700,60550,5000,432500,0,0.0
16/06/2006,26700,2248200,84(-2.89 %),29800,2508600,3100,260400,0,0.0
19/06/2006,14150,1173525,83(-1.19 %),16150,1340525,2000,167000,0,0.0
20/06/2006,2160,175090,80(-3.61 %),2160,175090,0,0,0,0.0
21/06/2006,246240,18966530,77(-3.75 %),246240,18966530,0,0,0,0.0
22/06/2006,-5800,-465900,80.5(4.55 %),3200,257600,9000,723500,0,0.0
23/06/2006,45140,3632125,80.5(0.00 %),45140,3632125,0,0,0,0.0
26/06/2006,38050,3033175,79.5(-1.24 %),338050,27033175,300000,24000000,0,0.0
27/06/2006,26180,2062895,79(-0.63 %),335180,26773895,309000,24711000,0,0.0
28/06/2006,43480,3476050,80(1.27 %),43480,3476050,0,0,0,0.0
29/06/2006,153280,12412800,81(1.25 %),353280,28812800,200000,16400000,0,0.0
30/06/2006,324800,26306400,81(0.00 %),419800,34381400,95000,8075000,0,0.0
03/07/2006,1200,96600,80(-1.23 %),1200,96600,0,0,0,0.0
04/07/2006,10010,790795,79(-1.25 %),10010,790795,0,0,0,0.0
05/07/2006,2700,213300,79(0.00 %),2700,213300,0,0,0,0.0
06/07/2006,-4000,-314000,80(1.27 %),0,0,4000,314000,0,0.0
07/07/2006,-2650,-212000,80(0.00 %),1700,136000,4350,348000,0,0.0
10/07/2006,1910,152620,79(-1.25 %),1910,152620,0,0,0,0.0
11/07/2006,-180,-14320,79(0.00 %),20,1580,200,15900,0,0.0
12/07/2006,750,58875,78.5(-0.63 %),750,58875,0,0,0,0.0
13/07/2006,120,9420,78.5(0.00 %),120,9420,0,0,0,0.0
14/07/2006,200,15700,78.5(0.00 %),200,15700,0,0,0,0.0
17/07/2006,-90,-6930,77(-1.91 %),710,54670,800,61600,0,0.0
18/07/2006,490,37075,75.5(-1.95 %),490,37075,0,0,0,0.0
19/07/2006,470,34135,72.5(-3.97 %),490,35625,20,1490,0,0.0
20/07/2006,50250,3818800,76(4.83 %),50250,3818800,0,0,0,0.0
21/07/2006,600,44400,74(-2.63 %),600,44400,0,0,0,0.0
24/07/2006,50300,3654390,72.5(-2.03 %),50300,3654390,0,0,0,0.0
25/07/2006,62410,4381675,69(-4.83 %),62410,4381675,0,0,0,0.0
26/07/2006,4100,282600,69(0.00 %),6750,467125,2650,184525,0,0.0
27/07/2006,24660,1713925,70(1.45 %),24660,1713925,0,0,0,0.0
28/07/2006,730,51100,70(0.00 %),730,51100,0,0,0,0.0
31/07/2006,2730,184425,67.5(-3.57 %),2730,184425,0,0,0,0.0
01/08/2006,45800,2976800,65(-3.70 %),54000,3513800,8200,537000,0,0.0
02/08/2006,14350,901600,66(1.54 %),14350,901600,0,0,0,0.0
03/08/2006,4000,270750,69(4.55 %),5000,339750,1000,69000,0,0.0
04/08/2006,-3970,-285840,72(4.35 %),1030,74160,5000,360000,0,0.0
07/08/2006,30860,2151895,69.5(-3.47 %),30860,2151895,0,0,0,0.0
08/08/2006,-10000,-720000,72(3.60 %),0,0,10000,720000,0,0.0
09/08/2006,20000,1453050,72.5(0.69 %),20000,1453050,0,0,0,0.0
11/08/2006,-4620,-341880,74(2.07 %),4380,324120,9000,666000,0,0.0
14/08/2006,10300,798550,77.5(4.73 %),19600,1519000,9300,720450,0,0.0
15/08/2006,59990,4649225,77.5(0.00 %),60000,4650000,10,775,0,0.0
16/08/2006,108900,8792900,81(4.52 %),117900,9521900,9000,729000,0,0.0
17/08/2006,279100,23214850,83(2.47 %),288100,23961850,9000,747000,0,0.0
18/08/2006,197900,16425700,83(0.00 %),270000,22410000,72100,5984300,0,0.0
21/08/2006,-9470,-781235,82.5(-0.60 %),110350,9153925,119820,9935160,0,0.0
22/08/2006,166280,13425605,80.5(-2.42 %),166280,13425605,0,0,0,0.0
23/08/2006,10200,831300,81.5(1.24 %),10200,831300,0,0,0,0.0
24/08/2006,11300,920950,81.5(0.00 %),11300,920950,0,0,0,0.0
25/08/2006,23590,1910790,81(-0.61 %),32590,2639790,9000,729000,0,0.0
28/08/2006,2000,164000,82(1.23 %),2000,164000,0,0,0,0.0
29/08/2006,65990,5425130,82.5(0.61 %),67090,5515330,1100,90200,0,0.0
30/08/2006,15110,1254130,83(0.61 %),72010,5976830,56900,4722700,0,0.0
31/08/2006,75840,6256950,82.5(-0.60 %),103840,8566950,28000,2310000,0,0.0
01/09/2006,600,49500,82.5(0.00 %),600,49500,0,0,0,0.0
05/09/2006,24540,2041265,84(1.82 %),45140,3770365,20600,1729100,0,0.0
06/09/2006,66960,5673450,83(-1.19 %),75960,6429450,9000,756000,0,0.0
07/09/2006,3300,272200,82.5(-0.60 %),8300,684700,5000,412500,0,0.0
08/09/2006,13930,1149225,82.5(0.00 %),13930,1149225,0,0,0,0.0
11/09/2006,-2220,-183340,82(-0.61 %),780,64160,3000,247500,0,0.0
12/09/2006,20030,1622430,81(-1.22 %),20180,1634580,150,12150,0,0.0
13/09/2006,600,48900,81.5(0.62 %),600,48900,0,0,0,0.0
14/09/2006,30800,2479800,80.5(-1.23 %),30800,2479800,0,0,0,0.0
15/09/2006,28380,2298780,81(0.62 %),28680,2323080,300,24300,0,0.0
18/09/2006,1700,137700,81.5(0.62 %),1700,137700,0,0,0,0.0
19/09/2006,-350,-29050,83(1.84 %),150,12450,500,41500,0,0.0
20/09/2006,-4320,-361980,82.5(-0.60 %),80,6720,4400,368700,0,0.0
21/09/2006,4000,329900,82(-0.61 %),4000,329900,0,0,0,0.0
22/09/2006,13040,1069280,82(0.00 %),13040,1069280,0,0,0,0.0
25/09/2006,1100,90200,82(0.00 %),1100,90200,0,0,0,0.0
26/09/2006,19090,1564505,82.5(0.61 %),21940,1799130,2850,234625,0,0.0
27/09/2006,300,24750,82.5(0.00 %),300,24750,0,0,0,0.0
28/09/2006,1847720,152437900,83(0.61 %),1847720,152437900,0,0,0,0.0
29/09/2006,26050,2186200,83(0.00 %),27050,2270200,1000,84000,0,0.0
02/10/2006,3680,305440,82.5(-0.60 %),3680,305440,0,0,0,0.0
03/10/2006,4100,340300,83(0.61 %),5100,423300,1000,83000,0,0.0
04/10/2006,3700,307100,83(0.00 %),5700,473100,2000,166000,0,0.0
05/10/2006,12100,1005300,83(0.00 %),12100,1005300,0,0,0,0.0
06/10/2006,3120,258960,83(0.00 %),3620,300460,500,41500,0,0.0
10/10/2006,18260,1470035,81(-1.22 %),18260,1470035,0,0,0,0.0
11/10/2006,10200,816000,80(-1.23 %),10200,816000,0,0,0,0.0
12/10/2006,42660,3412800,80(0.00 %),62660,5012800,20000,1600000,0,0.0
13/10/2006,41660,3380790,81.5(1.88 %),42660,3461790,1000,81000,0,0.0
16/10/2006,108110,8845800,82(0.61 %),144110,11788800,36000,2943000,0,0.0
17/10/2006,245260,20111320,82(0.00 %),347890,28526980,102630,8415660,0,0.0
18/10/2006,192500,15915900,82.5(0.61 %),192500,15915900,0,0,0,0.0
19/10/2006,34630,2856920,82.5(0.00 %),34630,2856920,0,0,0,0.0
20/10/2006,70000,5810000,83(0.61 %),70000,5810000,0,0,0,0.0
23/10/2006,51190,4241915,82.5(-0.60 %),274190,22527915,223000,18286000,0,0.0
24/10/2006,11550,952875,82.5(0.00 %),11550,952875,0,0,0,0.0
25/10/2006,22600,1864500,82.5(0.00 %),22600,1864500,0,0,0,0.0
26/10/2006,61650,5055300,82(-0.61 %),62150,5096300,500,41000,0,0.0
27/10/2006,16350,1332525,81.5(-0.61 %),16650,1356975,300,24450,0,0.0
30/10/2006,63170,5076220,80.5(-1.23 %),63170,5076220,0,0,0,0.0
31/10/2006,54500,4359975,80(-0.62 %),57500,4599975,3000,240000,0,0.0
01/11/2006,51580,4227860,82(2.50 %),70580,5785860,19000,1558000,0,0.0
02/11/2006,54010,4404910,81(-1.22 %),54010,4404910,0,0,0,0.0
03/11/2006,-50,-4025,80.5(-0.62 %),250,20125,300,24150,0,0.0
06/11/2006,100,8100,81(0.62 %),100,8100,0,0,0,0.0
07/11/2006,1000,81000,81(0.00 %),1000,81000,0,0,0,0.0
08/11/2006,38600,3160700,82(1.23 %),51600,4226700,13000,1066000,0,0.0
09/11/2006,38970,3195540,82(0.00 %),39230,3216860,260,21320,0,0.0
10/11/2006,43820,3656935,83(1.22 %),43820,3656935,0,0,0,0.0
13/11/2006,130650,10843950,83(0.00 %),132650,11009950,2000,166000,0,0.0
14/11/2006,-16170,-1406790,87(4.82 %),30080,2616960,46250,4023750,0,0.0
15/11/2006,376300,34243300,91(4.60 %),403710,36737610,27410,2494310,0,0.0
16/11/2006,459540,41271970,90.5(-0.55 %),486540,43688470,27000,2416500,0,0.0
17/11/2006,352670,32749060,94(3.87 %),361820,33609160,9150,860100,0,0.0
20/11/2006,430370,41954870,97(3.19 %),447070,43597270,16700,1642400,0,0.0
21/11/2006,336300,33807525,101(4.12 %),356650,35835500,20350,2027975,0,0.0
22/11/2006,78230,7963640,102(0.99 %),96530,9830240,18300,1866600,0,0.0
23/11/2006,345580,36977060,107(4.90 %),346280,37051960,700,74900,0,0.0
24/11/2006,383530,42955360,112(4.67 %),412230,46169760,28700,3214400,0,0.0
27/11/2006,88900,10088800,107(-4.46 %),92500,10510000,3600,421200,0,0.0
28/11/2006,20670,2169000,105(-1.87 %),21720,2281200,1050,112200,0,0.0
29/11/2006,231420,23307720,101(-3.81 %),239420,24110720,8000,803000,0,0.0
30/11/2006,115050,12127410,106(4.95 %),116050,12230210,1000,102800,0,0.0
01/12/2006,112110,11814270,105(-0.94 %),112300,11834410,190,20140,0,0.0
04/12/2006,170150,18250900,108(2.86 %),170250,18261500,100,10600,0,0.0
05/12/2006,84700,9287300,110(1.85 %),137000,14990300,52300,5703000,0,0.0
06/12/2006,8990,968510,115(4.55 %),310090,35595010,301100,34626500,0,0.0
07/12/2006,9860,1183200,120(4.35 %),159980,19197600,150120,18014400,0,0.0
08/12/2006,-4200,-529200,126(5.00 %),22800,2872800,27000,3402000,0,0.0
11/12/2006,48720,6431040,132(4.76 %),88800,11721600,40080,5290560,0,0.0
12/12/2006,110940,15406120,133(0.76 %),259705,35800690,148765,20394570,0,0.0
13/12/2006,-344350,-47864650,139(4.51 %),97140,13502460,441490,61367110,0,0.0
14/12/2006,-58840,-7925200,139(0.00 %),365220,51236500,424060,59161700,0,0.0
15/12/2006,-94300,-12808820,136(-2.16 %),67700,9331180,162000,22140000,0,0.0
18/12/2006,270880,36053430,131(-3.68 %),339040,45296390,68160,9242960,0,0.0
19/12/2006,-86230,-11423550,134(2.29 %),152770,20207370,239000,31630920,0,0.0
20/12/2006,69450,9311860,134(0.00 %),244200,32857100,174750,23545240,0,0.0
21/12/2006,189400,24679460,128(-4.48 %),343690,44700320,154290,20020860,0,0.0
22/12/2006,130200,15884400,122(-4.69 %),240100,29292200,109900,13407800,0,0.0
25/12/2006,-163240,-20050640,120(-1.64 %),150100,17411600,313340,37462240,0,0.0
26/12/2006,-82370,-9864950,125(4.17 %),145400,18129800,227770,27994750,0,0.0
27/12/2006,-168270,-20518120,120(-4.00 %),7690,959080,175960,21477200,0,0.0
28/12/2006,76840,9557100,124(3.33 %),270850,33718350,194010,24161250,0,0.0
29/12/2006,96070,11948680,125(0.81 %),96070,11948680,0,0,0,0.0
01/03/2007,-237840,-46586450000,198(-1.98 %),50810,10619720000,288650,57206170000,0,0.0
02/03/2007,51110,10131980000,200(1.01 %),191490,38032780000,140380,27900800000,0,0.0
05/03/2007,119270,24058760000,202(1.00 %),265410,53321080000,146140,29262320000,0,0.0
06/03/2007,-311560,-59977230000,195(-3.47 %),432420,83149770000,743980,143127000000,0,0.0
07/03/2007,-333920,-63579560000,189(-3.08 %),43650,8321200000,377570,71900760000,0,0.0
08/03/2007,-356610,-67990290000,190(0.53 %),55310,10499290000,411920,78489580000,0,0.0
09/03/2007,-36430,-6982810000,195(2.63 %),69470,13807970000,105900,20790780000,0,0.0
12/03/2007,131030,26067840000,198(1.54 %),131610,26183060000,580,115220000,0,0.0
13/03/2007,22130,4445740000,190(-4.04 %),132790,25844420000,110660,21398680000,0,0.0
14/03/2007,44250,8308220000,186(-2.11 %),84900,15851120000,40650,7542900000,0,0.0
15/03/2007,-51600,-9020730000,177(-4.84 %),83730,15346620000,135330,24367350000,0,0.0
16/03/2007,43060,7966100000,185(4.52 %),43650,8075250000,590,109150000,0,0.0
19/03/2007,35610,6821600000,192(3.78 %),59440,11388460000,23830,4566860000,0,0.0
20/03/2007,52980,10036270000,187(-2.60 %),117920,22180050000,64940,12143780000,0,0.0
21/03/2007,-32400,-5999100000,186(-0.53 %),114380,21201000000,146780,27200100000,0,0.0
22/03/2007,-43040,-7800260000,180(-3.23 %),70240,12738080000,113280,20538340000,0,0.0
23/03/2007,28220,5120100000,180(0.00 %),46220,8376100000,18000,3256000000,0,0.0
26/03/2007,94860,17065160000,180(0.00 %),169470,30494960000,74610,13429800000,0,0.0
27/03/2007,94990,17194880000,180(0.00 %),192460,34809380000,97470,17614500000,0,0.0
28/03/2007,-73530,-13058100000,178(-1.11 %),51600,9081600000,125130,22139700000,0,0.0
29/03/2007,-16880,-3024550000,185(3.93 %),101710,18765850000,118590,21790400000,0,0.0
30/03/2007,196500,36306540000,184(-0.54 %),216100,39932390000,19600,3625850000,0,0.0
02/04/2007,87530,15893600000,180(-2.17 %),97630,17731600000,10100,1838000000,0,0.0
03/04/2007,36110,6355360000,176(-2.22 %),37110,6531360000,1000,176000000,0,0.0
04/04/2007,39050,7073350000,183(3.98 %),56700,10250450000,17650,3177100000,0,0.0
05/04/2007,229940,42441700000,183(0.00 %),229940,42441700000,0,0,0,0.0
06/04/2007,28090,5056200000,180(-1.64 %),28090,5056200000,0,0,0,0.0
09/04/2007,350,62650000,179(-0.56 %),350,62650000,0,0,0,0.0
10/04/2007,47830,8597190000,180(0.56 %),53830,9676190000,6000,1079000000,0,0.0
11/04/2007,62490,11248200000,180(0.00 %),72190,12994200000,9700,1746000000,0,0.0
12/04/2007,95580,17139770000,179(-0.56 %),96180,17247770000,600,108000000,0,0.0
13/04/2007,147350,26320930000,178(-0.56 %),156610,27978470000,9260,1657540000,0,0.0
16/04/2007,140030,24201680000,170(-4.49 %),145340,25125620000,5310,923940000,0,0.0
17/04/2007,52140,8877160000,171(0.59 %),133270,22698000000,81130,13820840000,0,0.0
18/04/2007,42040,7486760000,179(4.68 %),65690,11678310000,23650,4191550000,0,0.0
19/04/2007,97560,17518000000,179(0.00 %),181650,32619200000,84090,15101200000,0,0.0
20/04/2007,6160,1241740000,172(-3.91 %),148610,26293220000,142450,25051480000,0,0.0
23/04/2007,1570,294420000,169(-1.74 %),200610,34036840000,199040,33742420000,0,0.0
24/04/2007,-63500,-10240820000,161(-4.73 %),92250,15082090000,155750,25322910000,0,0.0
25/04/2007,20750,3558000000,169(4.97 %),1788270,301465000000,1767520,297907000000,0,0.0
02/05/2007,137990,24052110000,176(4.14 %),234050,40742530000,96060,16690420000,0,0.0
03/05/2007,141690,25140450000,176(0.00 %),254060,45088770000,112370,19948320000,0,0.0
04/05/2007,208190,37343020000,180(2.27 %),218170,39134640000,9980,1791620000,0,0.0
07/05/2007,262950,49406500000,188(4.44 %),298060,55984670000,35110,6578170000,0,0.0
08/05/2007,362590,70770820000,194(3.19 %),373760,72953070000,11170,2182250000,0,0.0
09/05/2007,254580,49733680000,194(0.00 %),421390,82114820000,166810,32381140000,0,0.0
10/05/2007,115120,22280280000,192(-1.03 %),206020,39871080000,90900,17590800000,0,0.0
11/05/2007,-55830,-10530440000,188(-2.08 %),45310,8536980000,101140,19067420000,0,0.0
14/05/2007,-14440,-2678430000,186(-1.06 %),132330,24640120000,146770,27318550000,0,0.0
15/05/2007,16640,3115180000,183(-1.61 %),473470,88203870000,456830,85088690000,0,0.0
16/05/2007,-193630,-34373940000,177(-3.28 %),178290,31635900000,371920,66009840000,0,0.0
17/05/2007,78700,14348890000,185(4.52 %),151010,27687840000,72310,13338950000,0,0.0
18/05/2007,89360,16916450000,190(2.70 %),149980,28434250000,60620,11517800000,0,0.0
21/05/2007,109720,20897600000,191(0.53 %),210220,40072980000,100500,19175380000,0,0.0
22/05/2007,114440,21956670000,192(0.52 %),240140,46052500000,125700,24095830000,0,0.0
23/05/2007,157440,30267030000,193(0.52 %),291170,56014010000,133730,25746980000,0,0.0
24/05/2007,-3370,-624480000,188(-2.59 %),70020,13092840000,73390,13717320000,0,0.0
25/05/2007,-53610,-9972100000,186(-1.06 %),80660,14954660000,134270,24926760000,0,0.0
28/05/2007,25160,5025310000,188(1.08 %),155620,30111160000,130460,25085850000,0,0.0
29/05/2007,-8890,-1671320000,188(0.00 %),79100,14870800000,87990,16542120000,0,0.0
30/05/2007,-60920,-11275150000,185(-1.60 %),23700,4394170000,84620,15669320000,0,0.0
31/05/2007,-17520,-3214790000,185(0.00 %),145230,27020180000,162750,30234970000,0,0.0
01/06/2007,56520,10625760000,188(1.62 %),169580,31881040000,113060,21255280000,0,0.0
04/06/2007,24080,4527040000,188(0.00 %),129630,24370440000,105550,19843400000,0,0.0
05/06/2007,40780,7647800000,185(-1.60 %),71280,13336800000,30500,5689000000,0,0.0
06/06/2007,-59390,-10818960000,184(-0.54 %),48400,8891500000,107790,19710460000,0,0.0
07/06/2007,-70360,-12697120000,184(0.00 %),21420,3909560000,91780,16606680000,0,0.0
08/06/2007,38480,7410960000,188(2.17 %),116730,21596110000,78250,14185150000,0,0.0
11/06/2007,-47420,-8545200000,184(-2.13 %),23720,4270400000,71140,12815600000,0,0.0
12/06/2007,-44280,-7896810000,183(-0.54 %),47220,8553420000,91500,16450230000,0,0.0
13/06/2007,41300,7640500000,185(1.09 %),60840,11255400000,19540,3614900000,0,0.0
14/06/2007,31880,5897800000,185(0.00 %),116880,21622800000,85000,15725000000,0,0.0
15/06/2007,81920,15230720000,186(0.54 %),132120,24567920000,50200,9337200000,0,0.0
18/06/2007,-43660,-7556160000,186(0.00 %),175390,32538960000,219050,40095120000,0,0.0
19/06/2007,45520,8451740000,185(-0.54 %),106020,19669740000,60500,11218000000,0,0.0
20/06/2007,1730,329710000,183(-1.08 %),62170,11481110000,60440,11151400000,0,0.0
21/06/2007,-47550,-8608640000,182(-0.55 %),8600,1560290000,56150,10168930000,0,0.0
22/06/2007,66020,12189170000,184(1.10 %),86250,15911870000,20230,3722700000,0,0.0
25/06/2007,53330,9890880000,184(0.00 %),83300,15439300000,29970,5548420000,0,0.0
26/06/2007,22620,4185220000,184(0.00 %),80650,14896240000,58030,10711020000,0,0.0
27/06/2007,-109090,-19605720000,180(-1.10 %),40930,7397920000,150020,27003640000,0,0.0
28/06/2007,-2560,-445540000,180(0.00 %),45100,8117000000,47660,8562540000,0,0.0
29/06/2007,50440,9079200000,180(0.00 %),59340,10681200000,8900,1602000000,0,0.0
02/07/2007,-36660,-6458890000,175(-2.78 %),27390,4841310000,64050,11300200000,0,0.0
03/07/2007,-29490,-5028730000,171(-2.29 %),97840,16684040000,127330,21712770000,0,0.0
04/07/2007,26510,4723190000,179(4.68 %),27890,4970210000,1380,247020000,0,0.0
05/07/2007,249720,45492390000,183(2.23 %),304070,55408440000,54350,9916050000,0,0.0
06/07/2007,-11970,-2105020000,180(-1.64 %),107350,19332220000,119320,21437240000,0,0.0
09/07/2007,16850,3039730000,180(0.00 %),122470,21947070000,105620,18907340000,0,0.0
10/07/2007,76350,13972050000,183(1.67 %),87630,16036290000,11280,2064240000,0,0.0
11/07/2007,-25650,-4693950000,183(0.00 %),24450,4474350000,50100,9168300000,0,0.0
12/07/2007,41340,7511700000,182(-0.55 %),42140,7657300000,800,145600000,0,0.0
13/07/2007,10290,1867620000,180(-1.10 %),43750,7894570000,33460,6026950000,0,0.0
16/07/2007,64420,11511300000,179(-0.56 %),110300,19728900000,45880,8217600000,0,0.0
17/07/2007,19210,3419380000,178(-0.56 %),93350,16616300000,74140,13196920000,0,0.0
18/07/2007,290,51620000,178(0.00 %),47560,8465680000,47270,8414060000,0,0.0
19/07/2007,28300,5020930000,177(-0.56 %),42740,7587440000,14440,2566510000,0,0.0
20/07/2007,-1980,-348480000,176(-0.56 %),7240,1274240000,9220,1622720000,0,0.0
23/07/2007,19360,3440700000,178(1.14 %),46960,8352200000,27600,4911500000,0,0.0
24/07/2007,31200,5613560000,180(1.12 %),135080,24201960000,103880,18588400000,0,0.0
25/07/2007,37020,6658790000,180(0.00 %),137300,24641840000,100280,17983050000,0,0.0
26/07/2007,22560,4052790000,178(-1.11 %),73160,13060790000,50600,9008000000,0,0.0
27/07/2007,-34820,-6000360000,172(-3.37 %),7000,1206000000,41820,7206360000,0,0.0
30/07/2007,8070,1428190000,177(2.91 %),81880,14411740000,73810,12983550000,0,0.0
31/07/2007,6330,1178040000,178(0.56 %),187750,33192330000,181420,32014290000,0,0.0
01/08/2007,-3050,-537630000,177(-0.56 %),161050,28290410000,164100,28828040000,0,0.0
02/08/2007,-5720,-993800000,175(-1.13 %),84610,14806750000,90330,15800550000,0,0.0
03/08/2007,18770,3252670000,172(-1.71 %),36160,6276530000,17390,3023860000,0,0.0
06/08/2007,6150,1069380000,170(-1.16 %),26580,4598340000,20430,3528960000,0,0.0
07/08/2007,-87920,-14559760000,165(-2.94 %),27410,4529700000,115330,19089460000,0,0.0
08/08/2007,-70760,-11771420000,167(1.21 %),38380,6412870000,109140,18184290000,0,0.0
09/08/2007,26160,4501820000,172(2.99 %),52580,9047460000,26420,4545640000,0,0.0
10/08/2007,-6570,-1119010000,172(0.00 %),44680,7654860000,51250,8773870000,0,0.0
13/08/2007,-12320,-2052930000,168(-2.33 %),38280,6504650000,50600,8557580000,0,0.0
14/08/2007,-20020,-3372560000,169(0.60 %),66110,11121640000,86130,14494200000,0,0.0
15/08/2007,-5800,-971390000,168(-0.59 %),77500,13042280000,83300,14013670000,0,0.0
16/08/2007,-66570,-10999260000,165(-1.79 %),67430,11161910000,134000,22161170000,0,0.0
17/08/2007,-41090,-6755040000,164(-0.61 %),74900,12344100000,115990,19099140000,0,0.0
20/08/2007,-54580,-8715660000,163(-0.61 %),95160,15425550000,149740,24141210000,0,0.0
21/08/2007,-12890,-2106250000,165(1.23 %),87110,14295590000,100000,16401840000,0,0.0
22/08/2007,41520,6847520000,164(-0.61 %),100420,16631120000,58900,9783600000,0,0.0
23/08/2007,-5280,-865920000,164(0.00 %),26140,4286960000,31420,5152880000,0,0.0
24/08/2007,-24040,-3939730000,164(0.00 %),27500,4537500000,51540,8477230000,0,0.0
27/08/2007,39410,6452170000,165(0.61 %),77720,12773320000,38310,6321150000,0,0.0
28/08/2007,-39400,-6422200000,163(-1.21 %),45380,7396940000,84780,13819140000,0,0.0
29/08/2007,-26660,-4318920000,162(-0.61 %),12140,1966680000,38800,6285600000,0,0.0
30/08/2007,77070,12483890000,162(0.00 %),137070,22166670000,60000,9682780000,0,0.0
31/08/2007,15410,2502600000,160(-1.23 %),118690,19189380000,103280,16686780000,0,0.0
04/09/2007,48970,8004480000,164(2.50 %),174780,28456200000,125810,20451720000,0,0.0
05/09/2007,84000,13664000000,159(-3.05 %),142890,23291960000,58890,9627960000,0,0.0
06/09/2007,-6060,-970730000,160(0.63 %),18030,2884850000,24090,3855580000,0,0.0
07/09/2007,58660,9506720000,162(1.25 %),135280,21869160000,76620,12362440000,0,0.0
10/09/2007,-67880,-10942540000,160(-1.23 %),5500,893800000,73380,11836340000,0,0.0
11/09/2007,27260,4398650000,161(0.62 %),32020,5165010000,4760,766360000,0,0.0
12/09/2007,40300,6542590000,161(0.00 %),40400,6558690000,100,16100000,0,0.0
13/09/2007,24810,4012840000,162(0.62 %),24810,4012840000,0,0,0,0.0
14/09/2007,152000,25013260000,165(1.85 %),152380,25075960000,380,62700000,0,0.0
17/09/2007,70180,11631590000,166(0.61 %),86620,14351420000,16440,2719830000,0,0.0
18/09/2007,66980,11101760000,166(0.00 %),78630,13024010000,11650,1922250000,0,0.0
19/09/2007,34000,5671930000,166(0.00 %),83330,13858290000,49330,8186360000,0,0.0
20/09/2007,7590,1308570000,168(1.20 %),45670,7658090000,38080,6349520000,0,0.0
21/09/2007,-1000,-140600000,166(-1.19 %),22000,3683400000,23000,3824000000,0,0.0
24/09/2007,40,-14820000,168(1.20 %),48000,8007460000,47960,8022280000,0,0.0
25/09/2007,33300,5880160000,175(4.17 %),203900,35559390000,170600,29679230000,0,0.0
26/09/2007,18130,3160250000,173(-1.14 %),18130,3160250000,0,0,0,0.0
27/09/2007,81140,14415020000,174(0.58 %),140610,24800260000,59470,10385240000,0,0.0
28/09/2007,204200,36797010000,182(4.60 %),283170,50831970000,78970,14034960000,0,0.0
01/10/2007,245590,46523780000,191(4.95 %),376110,70996690000,130520,24472910000,0,0.0
02/10/2007,260960,50617380000,195(2.09 %),398470,77431830000,137510,26814450000,0,0.0
03/10/2007,193510,38013390000,198(1.54 %),247210,48500890000,53700,10487500000,0,0.0
04/10/2007,-28640,-5099040000,191(-3.54 %),246360,48525860000,275000,53624900000,0,0.0
05/10/2007,-12410,-2243240000,187(-2.09 %),107760,20345450000,120170,22588690000,0,0.0
08/10/2007,5650,1064960000,187(0.00 %),38460,7200240000,32810,6135280000,0,0.0
09/10/2007,38600,7247430000,189(1.07 %),67940,12776530000,29340,5529100000,0,0.0
10/10/2007,144570,28187780000,194(2.65 %),178670,34827380000,34100,6639600000,0,0.0
11/10/2007,1670,327080000,191(-1.55 %),31740,6082700000,30070,5755620000,0,0.0
12/10/2007,132620,25639720000,195(2.09 %),142860,27605800000,10240,1966080000,0,0.0
15/10/2007,24780,4821760000,194(-0.51 %),25970,5052620000,1190,230860000,0,0.0
16/10/2007,46210,8958790000,194(0.00 %),46240,8964520000,30,5730000,0,0.0
17/10/2007,7500,1446100000,193(-0.52 %),11600,2229400000,4100,783300000,0,0.0
18/10/2007,98910,19131770000,194(0.52 %),133270,25770590000,34360,6638820000,0,0.0
19/10/2007,-16120,-3064870000,190(-2.06 %),36010,6836830000,52130,9901700000,0,0.0
22/10/2007,-52870,-9841960000,185(-2.63 %),31000,5812000000,83870,15653960000,0,0.0
23/10/2007,-118680,-21534550000,182(-1.62 %),84200,15595390000,202880,37129940000,0,0.0
24/10/2007,940,195970000,188(3.30 %),53460,9719730000,52520,9523760000,0,0.0
25/10/2007,13490,2603440000,188(0.00 %),78790,14826310000,65300,12222870000,0,0.0
26/10/2007,44780,8487600000,190(1.06 %),49880,9446400000,5100,958800000,0,0.0
29/10/2007,-101070,-18413990000,181(-4.74 %),27300,5005200000,128370,23419190000,0,0.0
30/10/2007,96550,18158800000,189(4.42 %),205550,38520790000,109000,20361990000,0,0.0
31/10/2007,-32770,-6033360000,184(-2.65 %),27230,5009640000,60000,11043000000,0,0.0
01/11/2007,-40730,-7458450000,184(0.00 %),65010,11870240000,105740,19328690000,0,0.0
02/11/2007,44100,8290430000,186(1.09 %),158100,29787230000,114000,21496800000,0,0.0
05/11/2007,-164220,-29246190000,178(-4.30 %),140520,25072290000,304740,54318480000,0,0.0
06/11/2007,-66060,-11743510000,176(-1.12 %),44890,7953420000,110950,19696930000,0,0.0
07/11/2007,-18540,-3298380000,178(1.14 %),21460,3848860000,40000,7147240000,0,0.0
08/11/2007,-6070,-1092250000,180(1.12 %),480,86320000,6550,1178570000,0,0.0
09/11/2007,24840,4445660000,180(0.00 %),28720,5144060000,3880,698400000,0,0.0
12/11/2007,16580,2995790000,178(-1.11 %),47580,8521400000,31000,5525610000,0,0.0
13/11/2007,-54260,-9239080000,170(-4.49 %),23120,4042600000,77380,13281680000,0,0.0
14/11/2007,-400480,-66782000000,165(-2.94 %),53520,8863800000,454000,75645800000,0,0.0
15/11/2007,28050,4844270000,173(4.85 %),48170,8325030000,20120,3480760000,0,0.0
16/11/2007,16200,2835000000,175(1.16 %),40410,7071750000,24210,4236750000,0,0.0
19/11/2007,54890,9681120000,178(1.71 %),55990,9876620000,1100,195500000,0,0.0
20/11/2007,61460,10663190000,173(-2.81 %),86300,14950070000,24840,4286880000,0,0.0
21/11/2007,4680,832160000,170(-1.73 %),61890,10570310000,57210,9738150000,0,0.0
22/11/2007,-28030,-4771750000,170(0.00 %),96390,16431890000,124420,21203640000,0,0.0
23/11/2007,2610,444310000,170(0.00 %),71730,12205510000,69120,11761200000,0,0.0
26/11/2007,14250,2449820000,172(1.18 %),32350,5527740000,18100,3077920000,0,0.0
27/11/2007,178960,31231490000,174(1.16 %),208960,36461490000,30000,5230000000,0,0.0
28/11/2007,-78000,-13287820000,170(-2.30 %),42170,7286280000,120170,20574100000,0,0.0
29/11/2007,-114810,-19416590000,169(-0.59 %),3780,639280000,118590,20055870000,0,0.0
30/11/2007,-263670,-43730320000,166(-1.78 %),16600,2757100000,280270,46487420000,0,0.0
03/12/2007,-7440,-1157950000,173(4.22 %),36870,6254010000,44310,7411960000,0,0.0
04/12/2007,10420,1809050000,173(0.00 %),41600,7203190000,31180,5394140000,0,0.0
05/12/2007,40,7270000,170(-1.73 %),880,150480000,840,143210000,0,0.0
06/12/2007,140300,24043850000,172(1.18 %),149300,25580150000,9000,1536300000,0,0.0
07/12/2007,17730,3049350000,171(-0.58 %),17730,3049350000,0,0,0,0.0
10/12/2007,10680,1814850000,170(-0.58 %),11080,1882850000,400,68000000,0,0.0
11/12/2007,5720,969630000,167(-1.76 %),6870,1161680000,1150,192050000,0,0.0
12/12/2007,-18080,-3018870000,167(0.00 %),11850,1978100000,29930,4996970000,0,0.0
13/12/2007,-7550,-1253100000,166(-0.60 %),4250,708650000,11800,1961750000,0,0.0
14/12/2007,-82730,-13518030000,163(-1.81 %),8160,1340360000,90890,14858390000,0,0.0
17/12/2007,12200,2014530000,163(0.00 %),63840,10422040000,51640,8407510000,0,0.0
18/12/2007,-5950,-959710000,165(1.23 %),44580,7303580000,50530,8263290000,0,0.0
19/12/2007,39180,6633500000,170(3.03 %),39450,6679130000,270,45630000,0,0.0
20/12/2007,18290,3083410000,167(-1.76 %),19990,3367310000,1700,283900000,0,0.0
21/12/2007,59080,9979560000,169(1.20 %),59900,10118140000,820,138580000,0,0.0
24/12/2007,23330,3933850000,168(-0.59 %),30410,5127590000,7080,1193740000,0,0.0
25/12/2007,27680,4650350000,168(0.00 %),31230,5250300000,3550,599950000,0,0.0
26/12/2007,20870,3518060000,169(0.60 %),30370,5123560000,9500,1605500000,0,0.0
27/12/2007,-5070,-849010000,167(-1.18 %),1900,313500000,6970,1162510000,0,0.0
28/12/2007,-31440,-5204480000,166(-0.60 %),18560,3076520000,50000,8281000000,0,0.0
02/01/2008,-10060,-1665340000,165(-0.60 %),24590,4058880000,34650,5724220000,0,0.0
03/01/2008,-21340,-3506980000,164(-0.61 %),100900,16618660000,122240,20125640000,0,0.0
04/01/2008,-84500,-13716170000,162(-1.22 %),10500,1701500000,95000,15417670000,0,0.0
07/01/2008,51460,8533730000,166(2.47 %),66910,11074400000,15450,2540670000,0,0.0
08/01/2008,18170,3041650000,166(0.00 %),25600,4283470000,7430,1241820000,0,0.0
09/01/2008,-7500,-1229050000,163(-1.81 %),580,95620000,8080,1324670000,0,0.0
10/01/2008,-149550,-23255410000,155(-4.91 %),20340,3193040000,169890,26448450000,0,0.0
11/01/2008,-27990,-4413230000,157(1.29 %),10100,1605900000,38090,6019130000,0,0.0
14/01/2008,4030,659700000,156(-0.64 %),40320,6357230000,36290,5697530000,0,0.0
15/01/2008,-28690,-4308230000,149(-4.49 %),25450,3852800000,54140,8161030000,0,0.0
16/01/2008,-159110,-24796660000,156(4.70 %),35000,5460000000,194110,30256660000,0,0.0
17/01/2008,-130390,-19947900000,151(-3.21 %),31340,4868910000,161730,24816810000,0,0.0
18/01/2008,-12200,-1862760000,153(1.32 %),8280,1252680000,20480,3115440000,0,0.0
21/01/2008,-11300,-1686900000,150(-1.96 %),3700,563100000,15000,2250000000,0,0.0
22/01/2008,-216230,-31024790000,143(-4.67 %),400,57700000,216630,31082490000,0,0.0
23/01/2008,-90120,-12256320000,136(-4.90 %),51800,7044800000,141920,19301120000,0,0.0
24/01/2008,-31630,-4016710000,130(-4.41 %),51520,7109880000,83150,11126590000,0,0.0
25/01/2008,70730,9530190000,136(4.62 %),74480,10025940000,3750,495750000,0,0.0
28/01/2008,61230,8429470000,138(1.47 %),133900,18447930000,72670,10018460000,0,0.0
29/01/2008,-9670,-1399480000,143(3.62 %),41330,5799810000,51000,7199290000,0,0.0
30/01/2008,-181360,-25341440000,136(-4.90 %),106530,15497480000,287890,40838920000,0,0.0
31/01/2008,-175270,-24561180000,142(4.41 %),910,127780000,176180,24688960000,0,0.0
01/02/2008,-47560,-6915910000,145(2.11 %),36540,5299300000,84100,12215210000,0,0.0
12/02/2008,-15690,-2202600000,140(-3.45 %),1960,278320000,17650,2480920000,0,0.0
13/02/2008,-94870,-13017090000,136(-2.86 %),27700,3775000000,122570,16792090000,0,0.0
14/02/2008,22210,3069230000,138(1.47 %),31860,4400930000,9650,1331700000,0,0.0
15/02/2008,14670,2015840000,137(-0.72 %),14670,2015840000,0,0,0,0.0
18/02/2008,28080,3713170000,131(-4.38 %),30690,4056480000,2610,343310000,0,0.0
19/02/2008,11470,1497260000,131(0.00 %),11470,1497260000,0,0,0,0.0
20/02/2008,33770,4350700000,126(-3.82 %),35670,4590100000,1900,239400000,0,0.0
21/02/2008,209510,25141200000,120(-4.76 %),211910,25429200000,2400,288000000,0,0.0
22/02/2008,-168510,-19212090000,114(-5.00 %),98070,11179980000,266580,30392070000,0,0.0
25/02/2008,16780,1996820000,119(4.39 %),48310,5748890000,31530,3752070000,0,0.0
26/02/2008,172420,21044350000,121(1.68 %),196520,23936350000,24100,2892000000,0,0.0
27/02/2008,58900,7337520000,125(3.31 %),60300,7512520000,1400,175000000,0,0.0
28/02/2008,37110,4496670000,122(-2.40 %),37110,4496670000,0,0,0,0.0
29/02/2008,-12560,-1433840000,117(-4.10 %),58380,6937710000,70940,8371550000,0,0.0
03/03/2008,73470,8309680000,112(-4.27 %),73680,8333420000,210,23740000,0,0.0
04/03/2008,78490,8398420000,107(-4.46 %),93450,9999150000,14960,1600730000,0,0.0
05/03/2008,20400,2080800000,102(-4.67 %),98840,10081680000,78440,8000880000,0,0.0
06/03/2008,-15000,-1605000000,107(4.90 %),0,0,15000,1605000000,0,0.0
07/03/2008,6720,752640000,112(4.67 %),6920,775040000,200,22400000,0,0.0
10/03/2008,-38570,-4512690000,117(4.46 %),41530,4859010000,80100,9371700000,0,0.0
11/03/2008,47650,5643400000,118(0.85 %),48150,5703400000,500,60000000,0,0.0
12/03/2008,-27220,-3281460000,120(1.69 %),42720,5128310000,69940,8409770000,0,0.0
13/03/2008,55930,6846220000,122(1.67 %),135470,16527020000,79540,9680800000,0,0.0
14/03/2008,17410,2137010000,123(0.82 %),64400,7896490000,46990,5759480000,0,0.0
17/03/2008,-23940,-2800150000,117(-4.88 %),16740,1975520000,40680,4775670000,0,0.0
18/03/2008,47670,5337810000,112(-4.27 %),60300,6753620000,12630,1415810000,0,0.0
19/03/2008,-450,-44270000,114(1.79 %),9750,1108530000,10200,1152800000,0,0.0
20/03/2008,32390,3800940000,118(3.51 %),62460,7301850000,30070,3500910000,0,0.0
21/03/2008,-41170,-4693370000,113(-4.24 %),25830,2922980000,67000,7616350000,0,0.0
24/03/2008,90800,9806400000,108(-4.42 %),116510,12583080000,25710,2776680000,0,0.0
25/03/2008,70640,7275920000,103(-4.63 %),110840,11416520000,40200,4140600000,0,0.0
26/03/2008,-2540,-266220000,106(2.91 %),78330,8333390000,80870,8599610000,0,0.0
27/03/2008,5490,587430000,107(0.94 %),5490,587430000,0,0,0,0.0
28/03/2008,-45800,-4946400000,108(0.93 %),4200,453600000,50000,5400000000,0,0.0
31/03/2008,-3700,-403300000,109(0.93 %),1490,162410000,5190,565710000,0,0.0
01/04/2008,100,11000000,110(0.92 %),100,11000000,0,0,0,0.0
02/04/2008,-4950,-549450000,111(0.91 %),34000,3774000000,38950,4323450000,0,0.0
03/04/2008,100,11200000,112(0.90 %),400,44800000,300,33600000,0,0.0
04/04/2008,-4840,-546920000,113(0.89 %),50000,5650000000,54840,6196920000,0,0.0
07/04/2008,1800,207000000,115(1.77 %),2400,276000000,600,69000000,0,0.0
08/04/2008,40140,4696380000,117(1.74 %),80140,9376380000,40000,4680000000,0,0.0
09/04/2008,94840,11285960000,119(1.71 %),119840,14260960000,25000,2975000000,0,0.0
10/04/2008,488090,58933920000,121(1.68 %),495890,59877720000,7800,943800000,0,0.0
11/04/2008,170360,20680840000,123(1.65 %),187020,22700180000,16660,2019340000,0,0.0
16/04/2008,77240,9347600000,121(-1.63 %),94270,11412790000,17030,2065190000,0,0.0
17/04/2008,39810,4717100000,122(1.67 %),45280,5362560000,5470,645460000,0,0.0
18/04/2008,102270,12681480000,124(1.64 %),202270,25081480000,100000,12400000000,0,0.0
21/04/2008,42830,5396580000,126(1.61 %),43830,5522580000,1000,126000000,0,0.0
22/04/2008,57390,7333520000,128(1.59 %),65800,8409500000,8410,1075980000,0,0.0
23/04/2008,113870,14371340000,126(-1.56 %),145870,18457120000,32000,4085780000,0,0.0
24/04/2008,50580,6393470000,128(1.59 %),51940,6563870000,1360,170400000,0,0.0
25/04/2008,28770,3731910000,130(1.56 %),28770,3731910000,0,0,0,0.0
28/04/2008,37830,4930120000,132(1.54 %),37880,4936620000,50,6500000,0,0.0
29/04/2008,25950,3477300000,134(1.52 %),34950,4683300000,9000,1206000000,0,0.0
05/05/2008,11780,1602080000,136(1.49 %),146960,19986560000,135180,18384480000,0,0.0
06/05/2008,68940,9474090000,138(1.47 %),111090,15267640000,42150,5793550000,0,0.0
07/05/2008,21590,2974990000,136(-1.45 %),41590,5694990000,20000,2720000000,0,0.0
08/05/2008,64280,8613520000,134(-1.47 %),81120,10870080000,16840,2256560000,0,0.0
09/05/2008,17400,2296800000,132(-1.49 %),17400,2296800000,0,0,0,0.0
12/05/2008,28120,3655600000,130(-1.52 %),28120,3655600000,0,0,0,0.0
13/05/2008,6670,853760000,128(-1.54 %),6670,853760000,0,0,0,0.0
14/05/2008,580,73080000,126(-1.56 %),580,73080000,0,0,0,0.0
15/05/2008,30,3720000,124(-1.59 %),30,3720000,0,0,0,0.0
16/05/2008,15680,1912960000,122(-1.61 %),87100,10626200000,71420,8713240000,0,0.0
19/05/2008,22430,2691600000,120(-1.64 %),33240,3988800000,10810,1297200000,0,0.0
20/05/2008,-3410,-402380000,118(-1.67 %),3760,443680000,7170,846060000,0,0.0
21/05/2008,11760,1364160000,116(-1.69 %),49760,5772160000,38000,4408000000,0,0.0
22/05/2008,300,34200000,114(-1.72 %),400,45600000,100,11400000,0,0.0
23/05/2008,35010,3921120000,112(-1.75 %),35010,3921120000,0,0,0,0.0
26/05/2008,11190,1230900000,110(-1.79 %),71490,7863900000,60300,6633000000,0,0.0
27/05/2008,0,0,110(0.00 %),0,0,0,0,0,0.0
28/05/2008,0,0,110(0.00 %),0,0,0,0,0,0.0
29/05/2008,0,0,110(0.00 %),0,0,0,0,0,0.0
30/05/2008,1430,154440000,108(-1.82 %),3470,374760000,2040,220320000,0,0.0
02/06/2008,260,27560000,106(-1.85 %),710,75260000,450,47700000,0,0.0
03/06/2008,850,88400000,104(-1.89 %),3800,395200000,2950,306800000,0,0.0
04/06/2008,3090,315180000,102(-1.92 %),40690,4150380000,37600,3835200000,0,0.0
05/06/2008,4800,480000000,100(-1.96 %),5810,581000000,1010,101000000,0,0.0
06/06/2008,-3460,-339080000,98(-2.00 %),16900,1656200000,20360,1995280000,0,0.0
09/06/2008,-880,-84920000,96.5(-1.53 %),13450,1297925000,14330,1382845000,0,0.0
10/06/2008,-70,-6650000,95(-1.55 %),0,0,70,6650000,0,0.0
11/06/2008,-26970,-2521695000,93.5(-1.58 %),121190,11331265000,148160,13852960000,0,0.0
12/06/2008,14350,1320200000,92(-1.60 %),108070,9942440000,93720,8622240000,0,0.0
13/06/2008,-126940,-11455070000,90.5(-1.63 %),189790,17208995000,316730,28664065000,0,0.0
16/06/2008,-76080,-6878440000,92(1.66 %),106320,9617060000,182400,16495500000,0,0.0
17/06/2008,-11480,-1073380000,93.5(1.63 %),34770,3250995000,46250,4324375000,0,0.0
18/06/2008,104000,9880000000,95(1.60 %),104000,9880000000,0,0,0,0.0
19/06/2008,62040,5738700000,92.5(-2.63 %),68040,6293700000,6000,555000000,0,0.0
20/06/2008,105020,9451800000,90(-2.70 %),144780,13030200000,39760,3578400000,0,0.0
23/06/2008,-16300,-1418065000,92.5(2.78 %),28160,2584355000,44460,4002420000,0,0.0
24/06/2008,34560,3283200000,95(2.70 %),34560,3283200000,0,0,0,0.0
25/06/2008,-10900,-1062750000,97.5(2.63 %),19900,1940250000,30800,3003000000,0,0.0
26/06/2008,111130,11113000000,100(2.56 %),131070,13107000000,19940,1994000000,0,0.0
27/06/2008,82680,8502410000,103(3.00 %),89100,9163670000,6420,661260000,0,0.0
30/06/2008,32000,3392000000,106(2.91 %),64350,6820100000,32350,3428100000,0,0.0
01/07/2008,5290,576610000,109(2.83 %),5390,587510000,100,10900000,0,0.0
02/07/2008,40170,4499040000,112(2.75 %),135570,15183840000,95400,10684800000,0,0.0
03/07/2008,3400,391000000,115(2.68 %),110200,12673000000,106800,12282000000,0,0.0
04/07/2008,19330,2280940000,118(2.61 %),120820,14256760000,101490,11975820000,0,0.0
07/07/2008,101310,12161720000,115(-2.54 %),159280,19132060000,57970,6970340000,0,0.0
08/07/2008,56810,6406910000,115(0.00 %),57210,6451710000,400,44800000,0,0.0
09/07/2008,99550,11235840000,112(-2.61 %),164360,18548180000,64810,7312340000,0,0.0
10/07/2008,229420,26383300000,115(2.68 %),415060,47731900000,185640,21348600000,0,0.0
11/07/2008,17770,2096860000,118(2.61 %),209030,24665540000,191260,22568680000,0,0.0
14/07/2008,-17070,-2018410000,120(1.69 %),400,47200000,17470,2065610000,0,0.0
15/07/2008,-54750,-6732750000,123(2.50 %),60070,7388610000,114820,14121360000,0,0.0
16/07/2008,-26790,-3214800000,120(-2.44 %),6610,793200000,33400,4008000000,0,0.0
17/07/2008,-90880,-10636640000,117(-2.50 %),18850,2205550000,109730,12842190000,0,0.0
18/07/2008,1470,167580000,114(-2.56 %),34470,3929580000,33000,3762000000,0,0.0
21/07/2008,-2880,-319680000,111(-2.63 %),6380,708180000,9260,1027860000,0,0.0
22/07/2008,-950,-102600000,108(-2.70 %),7700,831600000,8650,934200000,0,0.0
23/07/2008,850,89250000,105(-2.78 %),1620,170100000,770,80850000,0,0.0
24/07/2008,86460,8818920000,102(-2.86 %),268720,27409440000,182260,18590520000,0,0.0
25/07/2008,23860,2362140000,99(-2.94 %),85130,8427870000,61270,6065730000,0,0.0
28/07/2008,-41040,-4094470000,101(2.02 %),99430,9605415000,140470,13699885000,0,0.0
29/07/2008,10,1040000,104(2.97 %),8280,861120000,8270,860080000,0,0.0
30/07/2008,126880,13576160000,107(2.88 %),126900,13578300000,20,2140000,0,0.0
31/07/2008,61530,6683900000,109(1.87 %),220270,23370810000,158740,16686910000,0,0.0
01/08/2008,62010,6612440000,106(-2.75 %),92860,9929040000,30850,3316600000,0,0.0
04/08/2008,7960,819880000,103(-2.83 %),66030,6801090000,58070,5981210000,0,0.0
05/08/2008,-19290,-1929000000,100(-2.91 %),690,69000000,19980,1998000000,0,0.0
06/08/2008,-157710,-16066200000,103(3.00 %),43030,4427800000,200740,20494000000,0,0.0
07/08/2008,38960,4117250000,105(1.94 %),184980,19580370000,146020,15463120000,0,0.0
08/08/2008,-39890,-4157680000,104(-0.95 %),4360,455020000,44250,4612700000,0,0.0
11/08/2008,-32010,-3415070000,107(2.88 %),820,87740000,32830,3502810000,0,0.0
12/08/2008,26850,2875450000,105(-1.87 %),41920,4506410000,15070,1630960000,0,0.0
13/08/2008,21840,2264030000,105(0.00 %),42840,4468030000,21000,2204000000,0,0.0
14/08/2008,-28140,-3163380000,108(2.86 %),53840,5610460000,81980,8773840000,0,0.0
15/08/2008,16620,1844820000,111(2.78 %),106050,11771550000,89430,9926730000,0,0.0
18/08/2008,-19790,-2276300000,115(4.55 %),116810,13432700000,136600,15709000000,0,0.0
19/08/2008,-21590,-1824420000,114(-0.87 %),264990,31702100000,286580,33526520000,0,0.0
20/08/2008,13970,1465530000,115(0.88 %),64650,7113750000,50680,5648220000,0,0.0
21/08/2008,-124010,-14257310000,117(1.74 %),42290,4887190000,166300,19144500000,0,0.0
22/08/2008,-187660,-21545650000,114(-2.56 %),34420,3958290000,222080,25503940000,0,0.0
25/08/2008,-14800,-1634540000,118(3.51 %),432110,50911460000,446910,52546000000,0,0.0
26/08/2008,-318040,-38670560000,118(0.00 %),143760,17191040000,461800,55861600000,0,0.0
27/08/2008,-127640,-14343450000,113(-4.24 %),137780,16255760000,265420,30599210000,0,0.0
28/08/2008,-44020,-4935060000,111(-1.77 %),240180,27087340000,284200,32022400000,0,0.0
29/08/2008,-321640,-34193200000,106(-4.50 %),90260,9616200000,411900,43809400000,0,0.0
03/09/2008,-45670,-5064320000,111(4.72 %),227070,25204770000,272740,30269090000,0,0.0
04/09/2008,58100,6735990000,116(4.50 %),158280,18356470000,100180,11620480000,0,0.0
05/09/2008,10770,1249330000,112(-3.45 %),21450,2465850000,10680,1216520000,0,0.0
08/09/2008,-6140,-657010000,107(-4.46 %),8820,945440000,14960,1602450000,0,0.0
09/09/2008,13740,1487060000,108(0.93 %),14400,1559000000,660,71940000,0,0.0
10/09/2008,28440,3112650000,109(0.93 %),35840,3925040000,7400,812390000,0,0.0
11/09/2008,-42860,-4499920000,104(-4.59 %),5310,553960000,48170,5053880000,0,0.0
12/09/2008,-13920,-1401320000,102(-1.92 %),6080,626020000,20000,2027340000,0,0.0
15/09/2008,-38340,-3939530000,104(1.96 %),195340,20340630000,233680,24280160000,0,0.0
16/09/2008,-44910,-4486020000,99(-4.81 %),13210,1322270000,58120,5808290000,0,0.0
17/09/2008,-30330,-2882090000,95(-3.80 %),5450,519850000,35780,3401940000,0,0.0
18/09/2008,-14320,-1296860000,90.5(-4.74 %),41750,3778380000,56070,5075240000,0,0.0
19/09/2008,-52070,-4946650000,95(4.97 %),37690,3580550000,89760,8527200000,0,0.0
22/09/2008,2430,241785000,99.5(4.74 %),14130,1405935000,11700,1164150000,0,0.0
23/09/2008,12540,911540000,102(2.51 %),113230,11116770000,100690,10205230000,0,0.0
24/09/2008,-6810,-666795000,97(-4.90 %),23570,2305265000,30380,2972060000,0,0.0
25/09/2008,-254500,-23686935000,93(-3.88 %),120940,11237550000,375440,34924485000,0,0.0
26/09/2008,-69930,-6808430000,97.5(4.84 %),26040,2525380000,95970,9333810000,0,0.0
29/09/2008,-3350,-313600000,95(-2.56 %),7250,705955000,10600,1019555000,0,0.0
30/09/2008,-96650,-8758995000,90.5(-4.74 %),135410,12254605000,232060,21013600000,0,0.0
01/10/2008,-46520,-4419800000,95(4.97 %),2770,262750000,49290,4682550000,0,0.0
02/10/2008,-13110,-1220100000,94.5(-0.53 %),57070,5416760000,70180,6636860000,0,0.0
03/10/2008,-1460,-114265000,94(-0.53 %),87960,8249305000,89420,8363570000,0,0.0
06/10/2008,11660,1268060000,93.5(-0.53 %),170110,15663020000,158450,14394960000,0,0.0
07/10/2008,111550,10064875000,90(-3.74 %),210680,18992945000,99130,8928070000,0,0.0
08/10/2008,-62250,-5611425000,90(0.00 %),143830,12897150000,206080,18508575000,0,0.0
09/10/2008,71390,6528395000,94(4.44 %),107230,9803570000,35840,3275175000,0,0.0
10/10/2008,-102370,-9166240000,89.5(-4.79 %),85460,7653870000,187830,16820110000,0,0.0
13/10/2008,-83520,-7172575000,85.5(-4.47 %),53210,4550405000,136730,11722980000,0,0.0
14/10/2008,-31390,-2809405000,89.5(4.68 %),134080,12000160000,165470,14809565000,0,0.0
15/10/2008,-54480,-4846370000,89.5(0.00 %),139030,12590840000,193510,17437210000,0,0.0
16/10/2008,-142890,-12249520000,85.5(-4.47 %),101430,8677265000,244320,20926785000,0,0.0
17/10/2008,-239750,-19745745000,81.5(-4.68 %),111810,9198250000,351560,28943995000,0,0.0
20/10/2008,-12100,-963170000,81.5(0.00 %),91080,7310540000,103180,8273710000,0,0.0
21/10/2008,-26280,-2139300000,83(1.84 %),11760,948135000,38040,3087435000,0,0.0
22/10/2008,-61240,-4914235000,81(-2.41 %),80710,6486085000,141950,11400320000,0,0.0
23/10/2008,-161070,-12412795000,77(-4.94 %),194000,14940550000,355070,27353345000,0,0.0
24/10/2008,6280,460910000,73.5(-4.55 %),69310,5097835000,63030,4636925000,0,0.0
27/10/2008,-11490,-804300000,70(-4.76 %),10270,718900000,21760,1523200000,0,0.0
28/10/2008,-38200,-2540905000,68(-2.86 %),60590,4029235000,98790,6570140000,0,0.0
29/10/2008,-31680,-2249280000,71(4.41 %),32500,2307500000,64180,4556780000,0,0.0
30/10/2008,73350,5413735000,74.5(4.93 %),195050,14460535000,121700,9046800000,0,0.0
31/10/2008,-44430,-3464060000,78(4.70 %),35630,2779100000,80060,6243160000,0,0.0
03/11/2008,3880,192720000,81(3.85 %),91530,7335945000,87650,7143225000,0,0.0
04/11/2008,-110500,-9418015000,85(4.94 %),151240,12623985000,261740,22042000000,0,0.0
05/11/2008,75840,6749760000,89(4.71 %),187140,16655460000,111300,9905700000,0,0.0
06/11/2008,256400,23223240000,92(3.37 %),429180,38702365000,172780,15479125000,0,0.0
07/11/2008,159110,14069010000,88(-4.35 %),262980,23213060000,103870,9144050000,0,0.0
10/11/2008,77510,6952025000,90(2.27 %),87330,7830920000,9820,878895000,0,0.0
11/11/2008,10430,891315000,85.5(-5.00 %),18310,1565955000,7880,674640000,0,0.0
12/11/2008,-89430,-7305160000,82.5(-3.51 %),136850,11237410000,226280,18542570000,0,0.0
13/11/2008,23050,1942180000,86.5(4.85 %),27450,2309580000,4400,367400000,0,0.0
14/11/2008,-17940,-1551000000,86.5(0.00 %),1720,151520000,19660,1702520000,0,0.0
17/11/2008,15700,1340235000,85(-1.73 %),16240,1385865000,540,45630000,0,0.0
18/11/2008,10300,875775000,85.5(0.59 %),12000,1019975000,1700,144200000,0,0.0
19/11/2008,-7830,-664690000,85(-0.58 %),31750,2703900000,39580,3368590000,0,0.0
20/11/2008,39650,3266140000,82.5(-2.94 %),41830,3447080000,2180,180940000,0,0.0
21/11/2008,12810,1063390000,81(-1.82 %),155370,12586210000,142560,11522820000,0,0.0
24/11/2008,-138910,-10936810000,77.5(-4.32 %),46390,3674150000,185300,14610960000,0,0.0
25/11/2008,-218080,-16856955000,76.5(-1.29 %),265440,20335680000,483520,37192635000,0,0.0
26/11/2008,-53170,-3934790000,74(-0.67 %),52140,3866045000,105310,7800835000,0,0.0
27/11/2008,-63520,-4663630000,73(-1.35 %),30120,2231280000,93640,6894910000,0,0.0
28/11/2008,-82510,-6314090000,76.5(4.79 %),94260,7195430000,176770,13509520000,0,0.0
01/12/2008,-104480,-7819795000,75(-1.96 %),12390,925805000,116870,8745600000,0,0.0
02/12/2008,-6470,-476210000,74(-1.33 %),6790,498270000,13260,974480000,0,0.0
03/12/2008,-8690,-618715000,75(1.35 %),35210,2634425000,43900,3253140000,0,0.0
04/12/2008,-31050,-2313090000,76(1.33 %),105400,7943200000,136450,10256290000,0,0.0
05/12/2008,48400,3618545000,75(-1.32 %),87025,6430497500,38625,2811952500,0,0.0
08/12/2008,43840,3191205000,72(-4.00 %),61920,4510545000,18080,1319340000,0,0.0
09/12/2008,-5080,-247445000,75.5(4.86 %),38810,2869430000,43890,3116875000,0,0.0
10/12/2008,51080,3814815000,75(-0.66 %),51080,3814815000,0,0,0,0.0
11/12/2008,209860,16207395000,78(4.00 %),248700,19200505000,38840,2993110000,0,0.0
12/12/2008,93050,7556875000,81.5(4.49 %),93050,7556875000,0,0,0,0.0
15/12/2008,55440,4596695000,84(3.07 %),62820,5210220000,7380,613525000,0,0.0
16/12/2008,108260,8979290000,81.5(-2.98 %),110800,9189550000,2540,210260000,0,0.0
17/12/2008,30,25270000,82(0.61 %),55290,4503580000,55260,4478310000,0,0.0
18/12/2008,49650,4093765000,83(1.22 %),56930,4692815000,7280,599050000,0,0.0
19/12/2008,80550,6838295000,84(1.20 %),137500,11650265000,56950,4811970000,0,0.0
22/12/2008,35530,3001440000,84.5(0.60 %),64580,5462900000,29050,2461460000,0,0.0
23/12/2008,2200,207480000,82(-2.96 %),43060,3560290000,40860,3352810000,0,0.0
24/12/2008,35180,2907575000,83(1.22 %),35180,2907575000,0,0,0,0.0
25/12/2008,200,16400000,82.5(-0.60 %),200,16400000,0,0,0,0.0
26/12/2008,12810,1057325000,82.5(0.00 %),12810,1057325000,0,0,0,0.0
29/12/2008,11630,965290000,83(0.61 %),11630,965290000,0,0,0,0.0
30/12/2008,-32650,-2703870000,83(0.00 %),31930,2639010000,64580,5342880000,0,0.0
31/12/2008,-15520,-1274650000,83(0.00 %),18330,1512770000,33850,2787420000,0,0.0
02/01/2009,42990,3586560000,84.5(1.81 %),43190,3603360000,200,16800000,7748068,41.58
05/01/2009,-40110,-3362935000,84(-0.59 %),29890,2507565000,70000,5870500000,7788178,41.56
06/01/2009,-9270,-786800000,85(1.19 %),24700,2100650000,33970,2887450000,7797448,41.55
07/01/2009,-8870,-739170000,86.5(1.76 %),150450,13150550000,159320,13889720000,7806318,41.55
08/01/2009,-68450,-5873965000,86(-0.58 %),88430,7646930000,156880,13520895000,7874768,41.51
09/01/2009,-101980,-8668350000,85(-1.16 %),118250,10054250000,220230,18722600000,7976748,41.45
12/01/2009,-22870,-1925015000,84(-1.18 %),53000,4455500000,75870,6380515000,7999618,41.44
13/01/2009,4740,401265000,84(0.00 %),16890,1416365000,12150,1015100000,7994878,41.44
14/01/2009,1230,116690000,85(1.19 %),45860,3871080000,44630,3754390000,7993648,41.44
15/01/2009,-128830,-10693300000,83(-2.35 %),28170,2338705000,157000,13032005000,8122478,41.37
16/01/2009,43080,3610285000,84.5(1.81 %),76360,6410705000,33280,2800420000,8079398,41.39
19/01/2009,12820,1083340000,84.5(0.00 %),21820,1843340000,9000,760000000,8066578,41.4
20/01/2009,3010,254305000,84.5(0.00 %),3010,254305000,0,0,8063568,41.4
21/01/2009,-48450,-4033800000,83(-1.78 %),30390,2544470000,78840,6578270000,8112018,41.37
22/01/2009,-84540,-6952025000,82(-1.20 %),10590,873425000,95130,7825450000,8196558,41.32
23/01/2009,-46240,-3793940000,82(0.00 %),151830,11867325000,198070,15661265000,8242798,41.3
02/02/2009,-18610,-1526535000,82(0.00 %),304980,23789790000,323590,25316325000,8261408,41.29
03/02/2009,-56550,-4550075000,78.5(-4.27 %),21420,1696330000,77970,6246405000,8317958,41.25
04/02/2009,-26060,-2056180000,78.5(0.00 %),310,24585000,26370,2080765000,8344018,41.24
05/02/2009,5320,408680000,77.5(-1.27 %),56020,4348870000,50700,3940190000,8338698,41.24
06/02/2009,60670,4860320000,81(4.52 %),184930,14809120000,124260,9948800000,8278028,41.28
09/02/2009,-7370,-594400000,81(0.00 %),77630,6211150000,85000,6805550000,8285398,41.27
10/02/2009,-6630,-519255000,79(-2.47 %),8370,663630000,15000,1182885000,8292028,41.27
11/02/2009,-7770,-608090000,79(0.00 %),16460,1297930000,24230,1906020000,8299798,41.26
12/02/2009,-27650,-2187365000,79(0.00 %),36000,2855750000,63650,5043115000,8327448,41.25
13/02/2009,-18700,-1468800000,78.5(-0.63 %),36300,2854900000,55000,4323700000,8346148,41.24
16/02/2009,12370,971045000,79(0.64 %),22410,1759185000,10040,788140000,8333778,41.25
17/02/2009,-1040,-65170000,76.5(-3.16 %),29370,2301630000,30410,2366800000,8334818,41.24
18/02/2009,67250,5037410000,75(-1.96 %),137000,10287750000,69750,5250340000,8267568,41.28
19/02/2009,20390,1560370000,76(1.33 %),47570,3665820000,27180,2105450000,8247178,41.29
20/02/2009,58020,4323480000,74.5(-1.97 %),82020,6108480000,24000,1785000000,8189158,41.33
23/02/2009,-43630,-3206645000,73.5(-1.34 %),66870,4928830000,110500,8135475000,8232788,41.3
24/02/2009,9100,715140000,73(-0.68 %),141590,10127880000,132490,9412740000,8223688,41.31
25/02/2009,37060,2806420000,76.5(4.79 %),87060,6571420000,50000,3765000000,8186628,41.33
26/02/2009,11800,921285000,73.5(-3.92 %),62630,4670385000,50830,3749100000,8174828,41.34
27/02/2009,27450,2081180000,74.5(1.36 %),52910,3931570000,25460,1850390000,8147378,41.35
02/03/2009,44940,3392405000,76(2.01 %),44940,3392405000,0,0,8102438,41.38
03/03/2009,-9890,-732095000,74(-2.63 %),22990,1708860000,32880,2440955000,8112328,41.37
04/03/2009,23060,1740080000,76(2.70 %),52200,3831295000,29140,2091215000,8089268,41.38
05/03/2009,-26000,-1954440000,74.5(-1.97 %),16150,1215725000,42150,3170165000,8115268,41.37
06/03/2009,2580,192370000,74.5(0.00 %),37580,2802210000,35000,2609840000,8112688,41.37
09/03/2009,12950,974290000,75.5(1.34 %),32950,2471290000,20000,1497000000,8099738,41.38
10/03/2009,-29010,-2171115000,76(0.66 %),11490,857665000,40500,3028780000,8128748,41.36
11/03/2009,-28670,-2166670000,75.5(-0.66 %),54350,3944550000,83020,6111220000,8157418,41.35
12/03/2009,-26010,-1947695000,74.5(-1.32 %),10190,759205000,36200,2706900000,8183428,41.33
13/03/2009,-6690,-504015000,74.5(0.00 %),11010,820835000,17700,1324850000,8190118,41.33
16/03/2009,-8570,-642825000,75(0.67 %),830,61875000,9400,704700000,8198688,41.32
17/03/2009,35030,2679800000,76.5(2.00 %),88845,6550023000,53815,3870223000,8163658,41.34
18/03/2009,38620,3059335000,79.5(3.92 %),84470,6689745000,45850,3630410000,8125038,41.36
19/03/2009,11520,905780000,77.5(-2.52 %),21040,1651110000,9520,745330000,8113518,41.37
20/03/2009,-26690,-2038075000,76.5(-1.29 %),26800,2053265000,53490,4091340000,8140208,41.36
23/03/2009,10110,771510000,76(-0.65 %),84070,6244470000,73960,5472960000,8130098,41.36
24/03/2009,142290,11309655000,79.5(4.61 %),164870,13104765000,22580,1795110000,7987808,41.44
25/03/2009,15110,1201870000,80(0.63 %),19310,1535770000,4200,333900000,7972698,41.45
26/03/2009,79370,6437915000,81.5(1.88 %),133370,10560415000,54000,4122500000,7893328,41.5
27/03/2009,-22330,-1787485000,80.5(-1.23 %),5310,427140000,27640,2214625000,7915658,41.48
30/03/2009,22550,1788735000,80(-0.62 %),25870,2052675000,3320,263940000,7893108,41.5
31/03/2009,-11260,-891880000,78.5(-1.88 %),23250,1849700000,34510,2741580000,7904368,41.49
01/04/2009,-9140,-729910000,80(1.91 %),51360,3857590000,60500,4587500000,7913508,41.49
02/04/2009,26020,2124640000,82(2.50 %),26670,2177090000,650,52450000,7887488,41.5
03/04/2009,24330,2063650000,85.5(4.27 %),81350,6649575000,57020,4585925000,7863158,41.51
07/04/2009,16170,1411405000,86.5(1.17 %),24180,2102270000,8010,690865000,7846988,41.52
08/04/2009,-21280,-1755630000,82.5(-4.62 %),32720,2719250000,54000,4474880000,7868268,41.51
09/04/2009,1120,91770000,82(-0.61 %),1120,91770000,0,0,7867148,41.51
10/04/2009,-58930,-4852680000,84.5(3.05 %),23510,1979020000,82440,6831700000,7926078,41.48
13/04/2009,-2770,-224820000,88.5(4.73 %),20410,1770985000,23180,1995805000,7928848,41.48
14/04/2009,-79570,-6927190000,88.5(0.00 %),97790,8770850000,177360,15698040000,8008418,41.43
15/04/2009,141760,12319740000,87(-1.69 %),382110,33289845000,240350,20970105000,7866658,41.51
16/04/2009,121710,10797290000,87.5(0.57 %),239650,21037845000,117940,10240555000,7744948,41.58
17/04/2009,-47900,-4038215000,83.5(-4.57 %),52100,4390885000,100000,8429100000,7792848,41.55
20/04/2009,-13890,-1109535000,80(-4.19 %),23850,1909050000,37740,3018585000,7806738,41.55
21/04/2009,10630,959145000,84(5.00 %),115680,9418875000,105050,8459730000,7796108,41.55
22/04/2009,76320,6642475000,85(1.19 %),129160,11206735000,52840,4564260000,7719788,41.6
23/04/2009,-9930,-821775000,83(-2.35 %),3340,277135000,13270,1098910000,7729718,41.59
24/04/2009,-23550,-1909605000,83(0.00 %),15090,1234530000,38640,3144135000,7753268,41.58
27/04/2009,121500,10429885000,86.5(4.22 %),148420,12743205000,26920,2313320000,7631768,41.65
28/04/2009,11260,953815000,85(-1.73 %),21430,1818450000,10170,864635000,7620508,41.65
29/04/2009,-390,-34615000,85(0.00 %),8880,752835000,9270,787450000,7620898,41.65
04/05/2009,76390,6798710000,89(4.71 %),121760,10836640000,45370,4037930000,7544508,41.7
05/05/2009,138670,12896310000,93(4.49 %),149770,13928610000,11100,1032300000,7405838,41.77
06/05/2009,295980,28130095000,96(3.23 %),311010,29546505000,15030,1416410000,7109858,41.94
07/05/2009,13770,1348400000,99(3.12 %),33190,3263960000,19420,1915560000,7096088,41.95
08/05/2009,600,57450000,95.5(-3.54 %),1200,115200000,600,57750000,7095488,41.95
11/05/2009,108120,10693490000,98(2.62 %),110230,10901830000,2110,208340000,6987368,42.01
12/05/2009,-28820,-2813030000,98(0.00 %),32920,3220160000,61740,6033190000,7016188,42.0
13/05/2009,73790,7244970000,98(0.00 %),105960,10395130000,32170,3150160000,6942398,42.04
14/05/2009,61640,5912535000,95.5(-2.55 %),83260,7973205000,21620,2060670000,6880758,42.07
15/05/2009,32290,3140270000,98(2.62 %),86460,8442660000,54170,5302390000,6848468,42.09
18/05/2009,48980,4752830000,97(-1.02 %),112020,10863450000,63040,6110620000,6799488,42.12
19/05/2009,-11090,-1014760000,96(-1.03 %),45910,4519755000,57000,5534515000,6810578,42.11
20/05/2009,18690,1774745000,95(-1.04 %),69260,6597845000,50570,4823100000,6791888,42.13
21/05/2009,7350,700570000,94.5(-0.53 %),59760,5671520000,52410,4970950000,6784538,42.13
22/05/2009,5550,518240000,92(-2.65 %),11910,1110270000,6360,592030000,6778988,42.13
25/05/2009,-15490,-1422125000,94.5(2.72 %),65230,6113915000,80720,7536040000,6794478,42.12
26/05/2009,-99890,-9267980000,92(-2.65 %),60450,5642345000,160340,14910325000,6894368,42.07
27/05/2009,-111680,-10288400000,91.5(-0.54 %),29460,2720265000,141140,13008665000,7006048,42.0
28/05/2009,-159390,-14262950000,90(-1.64 %),450611,41042227000,610001,55305177000,7165438,41.91
29/05/2009,-13690,-1125345000,88(-2.22 %),74310,6652930000,88000,7778275000,7179128,41.9
01/06/2009,-99020,-8991245000,91.5(3.98 %),144800,13102635000,243820,22093880000,7278148,41.85
02/06/2009,61060,5926545000,93(1.64 %),136170,13041595000,75110,7115050000,7217088,41.88
03/06/2009,70620,6608745000,93(0.00 %),167100,15535430000,96480,8926685000,7146468,41.92
04/06/2009,54830,5142655000,94(1.08 %),179410,16846855000,124580,11704200000,7091638,41.95
05/06/2009,22610,2193935000,96.5(2.66 %),26570,2579725000,3960,385790000,7069028,41.97
08/06/2009,-18330,-1851330000,101(4.66 %),1560,157560000,19890,2008890000,7087358,41.96
09/06/2009,120700,12737050000,106(4.95 %),168740,17824290000,48040,5087240000,6966658,42.03
10/06/2009,117420,12190350000,101(-4.72 %),148390,15362330000,30970,3171980000,6849238,42.09
11/06/2009,51990,5432900000,105(3.96 %),55600,5804450000,3610,371550000,6797248,42.12
12/06/2009,46560,4878140000,102(-2.86 %),47390,4964810000,830,86670000,6750688,42.15
15/06/2009,117760,11467995000,97.5(-4.41 %),186980,18194335000,69220,6726340000,6632928,42.22
16/06/2009,-93720,-8722565000,93(-4.62 %),132660,12365230000,226380,21087795000,6726648,42.16
17/06/2009,-138730,-12461115000,90(-3.23 %),93380,8377330000,232110,20838445000,6865378,42.08
18/06/2009,-22460,-2108340000,94.5(5.00 %),25210,2366055000,47670,4474395000,6887838,42.07
19/06/2009,47950,4543765000,94.5(0.00 %),48710,4616725000,760,72960000,6839888,42.1
22/06/2009,32440,3017525000,93.5(-1.06 %),32590,3031400000,150,13875000,6807448,42.12
23/06/2009,-73960,-6579810000,89.5(-4.28 %),96890,8685175000,170850,15264985000,6881408,42.07
24/06/2009,-28510,-2666260000,93.5(4.47 %),6500,604500000,35010,3270760000,6909918,42.06
25/06/2009,159170,15350365000,97(3.74 %),163070,15728665000,3900,378300000,6750748,42.15
26/06/2009,46040,4469440000,97(0.00 %),349080,33609320000,303040,29139880000,6704708,42.17
29/06/2009,380,37040000,95.5(-1.55 %),295880,28787132000,295500,28750092000,6704328,42.17
30/06/2009,-17650,-1600175000,92(-3.66 %),222820,21609605000,240470,23209780000,6721978,42.16
01/07/2009,-91270,-8242490000,90(-2.17 %),71000,6390000000,162270,14632490000,6813248,42.11
02/07/2009,-65820,-5996995000,91(1.11 %),131350,11874380000,197170,17871375000,6879068,42.08
03/07/2009,-128080,-11781065000,93(2.20 %),23910,2202015000,151990,13983080000,7007148,42.0
06/07/2009,-63750,-5971015000,97(4.30 %),40100,3852005000,103850,9823020000,7265048,41.86
07/07/2009,-130400,-12264305000,95(-2.06 %),24510,2289185000,154910,14553490000,7201298,41.89
08/07/2009,36230,3414110000,98(3.16 %),180590,17290130000,144360,13876020000,7165068,41.91
09/07/2009,58660,5983320000,102(4.08 %),62110,6335220000,3450,351900000,7106408,41.95
10/07/2009,-11190,-1197330000,107(4.90 %),0,0,11190,1197330000,7117598,41.95
13/07/2009,-63180,-7076160000,112(4.67 %),169600,18995200000,232780,26071360000,7180778,41.91
14/07/2009,268570,31037070000,115(2.68 %),506850,58248830000,238280,27211760000,6912208,42.06
15/07/2009,159430,18879100000,120(4.35 %),272000,32267710000,112570,13388610000,6752778,42.16
16/07/2009,30900,3648620000,120(0.00 %),100230,12079150000,69330,8430530000,6721878,42.17
17/07/2009,131370,15134700000,114(-5.00 %),230340,26587980000,98970,11453280000,6590508,42.25
20/07/2009,35500,3852280000,109(-2.68 %),168910,18336510000,133410,14484230000,6555008,42.27
21/07/2009,80500,8849120000,110(0.92 %),147870,16263700000,67370,7414580000,6474508,42.31
22/07/2009,70530,7944370000,113(2.73 %),126800,14276620000,56270,6332250000,6403978,42.35
23/07/2009,-42780,-4895140000,115(1.77 %),155820,17714660000,198600,22609800000,6446758,42.33
24/07/2009,-181820,-21818500000,120(4.35 %),105820,12698300000,287640,34516800000,6628578,42.23
27/07/2009,154440,18650420000,124(3.33 %),154440,18650420000,0,0,6474138,42.31
28/07/2009,161720,19853490000,124(0.00 %),167600,20578130000,5880,724640000,6312418,42.41
29/07/2009,90530,11288960000,124(0.00 %),163290,20371130000,72760,9082170000,6221888,42.46
30/07/2009,48770,5949800000,123(-0.81 %),51170,6242680000,2400,292880000,6173118,42.49
31/07/2009,-15310,-1898050000,126(2.44 %),187240,23256150000,202550,25154200000,6188428,42.48
03/08/2009,49840,6496020000,132(4.76 %),57540,7498240000,7700,1002220000,6138588,42.51
04/08/2009,55870,7679560000,138(4.55 %),143430,19762840000,87560,12083280000,6082718,42.54
05/08/2009,-110600,-15349340000,143(3.62 %),456210,64279350000,566810,79628690000,6193318,42.47
06/08/2009,26750,3861150000,141(-1.40 %),59010,8476540000,32260,4615390000,6166568,42.49
07/08/2009,-16840,-2369060000,141(0.00 %),500,70700000,17340,2439760000,6183408,42.48
10/08/2009,26560,3824050000,145(2.84 %),46420,6702430000,19860,2878380000,6156848,42.49
11/08/2009,25790,3809020000,150(3.45 %),120460,17938960000,94670,14129940000,6131058,42.51
12/08/2009,-6700,-1040140000,148(-1.33 %),118680,17705570000,125380,18745710000,6137758,42.51
13/08/2009,62720,9269330000,148(0.00 %),164270,24248780000,101550,14979450000,6075038,42.54
14/08/2009,49930,7463580000,150(1.35 %),88030,13084280000,38100,5620700000,6025108,42.57
17/08/2009,11010,1656110000,151(0.67 %),36890,5561430000,25880,3905320000,6014098,42.58
18/08/2009,-18310,-2715630000,148(-1.99 %),30800,4562000000,49110,7277630000,6032408,42.57
19/08/2009,-11730,-1749600000,148(0.00 %),2150,319000000,13880,2068600000,6044138,42.56
20/08/2009,-27920,-4304240000,155(4.73 %),29960,4637800000,57880,8942040000,6072058,42.54
21/08/2009,-203210,-32817850000,160(3.23 %),305950,49508030000,509160,82325880000,6275268,42.43
24/08/2009,-78450,-12515160000,158(-1.25 %),70720,11207720000,149170,23722880000,6353718,42.38
25/08/2009,20720,3276140000,157(-0.63 %),50720,7920140000,30000,4644000000,6332998,42.39
26/08/2009,-117630,-17849730000,150(-4.46 %),12790,1964370000,130420,19814100000,6450628,42.33
27/08/2009,70450,10763330000,154(2.67 %),81070,12388710000,10620,1625380000,6380178,42.37
28/08/2009,58330,9105270000,156(1.30 %),113830,17768690000,55500,8663420000,6321848,42.4
31/08/2009,15410,2390020000,158(1.28 %),141920,22331600000,126510,19941580000,6306438,42.41
01/09/2009,17020,2660100000,156(-1.27 %),23550,3681260000,6530,1021160000,6289418,42.42
03/09/2009,-427660,-64133450000,152(-2.56 %),3370,509150000,431030,64642600000,6717078,42.18
04/09/2009,-34630,-5201430000,149(-1.97 %),9400,1418550000,44030,6619980000,6751708,42.16
07/09/2009,690,102520000,150(0.67 %),1720,257020000,1030,154500000,6751018,42.16
08/09/2009,-6530,-1028190000,157(4.67 %),4400,673200000,10930,1701390000,6757548,42.15
09/09/2009,6970,1092790000,155(-1.27 %),7490,1173930000,520,81140000,6750578,42.16
10/09/2009,-28580,-4629960000,162(4.52 %),30500,4940500000,59080,9570460000,6779158,42.14
11/09/2009,-107640,-18265800000,170(4.94 %),97030,16483100000,204670,34748900000,6886798,42.08
14/09/2009,-17350,-3040430000,175(2.94 %),35760,6262420000,53110,9302850000,6904148,42.07
15/09/2009,-125140,-21125650000,167(-4.57 %),18450,3104140000,143590,24229790000,7029288,42.0
16/09/2009,39230,6428350000,164(-1.80 %),185920,30408441000,146690,23980091000,6990058,42.02
17/09/2009,-95180,-16029720000,172(4.88 %),301560,51395670000,396740,67425390000,7085238,41.97
18/09/2009,-785810,-70722900000,90(4.65 %),0,0,785810,70722900000,9114844,40.81
21/09/2009,-457986,-43279677000,94.5(5.00 %),3820,360990000,461806,43640667000,8329034,41.26
22/09/2009,-1267370,-125259180000,99(4.76 %),24320,2388830000,1291690,127648010000,9596404,40.54
23/09/2009,-639200,-61707705000,95(-4.04 %),21600,2094290000,660800,63801995000,10235604,40.17
24/09/2009,-545130,-49460455000,90.5(-4.74 %),2580,234445000,547710,49694900000,10780734,39.86
25/09/2009,550,71800000,91(0.55 %),550,71800000,0,0,10780184,46.09
28/09/2009,0,0,88(-3.30 %),0,0,0,0,11092104,46.01
29/09/2009,-52470,-4530200000,86(-2.27 %),216790,18725135000,269260,23255335000,11311454,39.56
30/09/2009,207780,18544030000,90(4.65 %),304470,27170105000,96690,8626075000,11103674,39.68
01/10/2009,66980,6408270000,88(-2.22 %),250790,22741425000,183810,16333155000,11036694,39.72
02/10/2009,-57380,-4817130000,85.5(-2.84 %),217700,18534965000,275080,23352095000,11094074,39.68
05/10/2009,27230,2320345000,85(-0.58 %),95740,8132650000,68510,5812305000,11066844,39.7
06/10/2009,-55740,-4747800000,84.5(-0.59 %),133320,11257570000,189060,16005370000,11122584,39.67
07/10/2009,5600,568805000,88.5(4.73 %),196390,17199420000,190790,16630615000,11116984,39.67
08/10/2009,258250,23011805000,89.5(1.13 %),365690,32554155000,107440,9542350000,10858734,39.82
09/10/2009,-143730,-12862460000,89(-0.56 %),323790,28873560000,467520,41736020000,11002464,39.74
12/10/2009,-9660,-857435000,88.5(-0.56 %),1030,91180000,10690,948615000,11012124,39.73
13/10/2009,-3070,-270520000,86(-2.82 %),3350,290840000,6420,561360000,11015194,39.73
14/10/2009,215210,19114225000,90(4.65 %),221170,19642210000,5960,527985000,10799984,39.85
15/10/2009,37740,3512320000,91(1.11 %),98990,9087570000,61250,5575250000,10762244,39.87
16/10/2009,46420,4146790000,88(-3.30 %),50520,4511690000,4100,364900000,10715824,39.9
19/10/2009,67990,5934275000,87(-1.14 %),73200,6387545000,5210,453270000,10647834,39.94
20/10/2009,5170,456490000,87(0.00 %),9690,849730000,4520,393240000,10642664,39.94
21/10/2009,-40850,-3517265000,86(-1.15 %),29440,2514890000,70290,6032155000,10683514,39.92
22/10/2009,73540,6335525000,86(0.00 %),126020,10824720000,52480,4489195000,10609974,39.96
23/10/2009,30,4385000,85.5(-0.58 %),43890,3761345000,43860,3756960000,10609944,39.96
26/10/2009,12700,1083060000,85(-0.58 %),20620,1758710000,7920,675650000,10597244,39.97
27/10/2009,181200,15402850000,85(0.00 %),313060,26590450000,131860,11187600000,10416044,40.07
28/10/2009,584280,51464795000,89(4.71 %),646090,56866895000,61810,5402100000,9831764,40.4
29/10/2009,276650,24037760000,87(-2.25 %),327400,28424980000,50750,4387220000,9555114,40.56
30/10/2009,21030,1790600000,87.5(0.57 %),270880,23728090000,249850,21937490000,9534084,40.57
02/11/2009,41110,3440525000,84(-4.00 %),198110,16635230000,157000,13194705000,9492974,40.6
03/11/2009,-3650,-286355000,81(-3.57 %),251390,20536785000,255040,20823140000,9496624,40.59
04/11/2009,12880,1016205000,81.5(0.62 %),133600,10849240000,120720,9833035000,9483744,40.6
05/11/2009,32230,2671590000,84(3.07 %),74330,6224380000,42100,3552790000,9451514,43.31
06/11/2009,121520,10304130000,84(0.00 %),240640,20371830000,119120,10067700000,9329994,43.34
09/11/2009,35050,2876190000,81.5(-2.98 %),102150,8351700000,67100,5475510000,9294944,43.35
10/11/2009,190950,15703005000,82.5(1.23 %),246400,20241000000,55450,4537995000,9103994,43.41
11/11/2009,132410,11097290000,85(3.03 %),176740,14789120000,44330,3691830000,8971584,43.45
12/11/2009,91080,7761500000,85(0.00 %),99530,8482250000,8450,720750000,8880504,43.47
13/11/2009,187140,15847935000,85(0.00 %),213760,18087395000,26620,2239460000,8693364,43.53
16/11/2009,59600,5116495000,84(-1.18 %),105800,9039255000,46200,3922760000,8633764,43.54
17/11/2009,20950,1785225000,84.5(0.60 %),138600,11646900000,117650,9861675000,8612814,43.55
18/11/2009,561190,47575915000,86.5(2.37 %),571790,48476915000,10600,901000000,8051624,43.71
19/11/2009,242190,21084275000,87(0.58 %),261630,22776195000,19440,1691920000,7809434,43.78
20/11/2009,257480,22449000000,87(0.00 %),313540,27318845000,56060,4869845000,7551954,43.85
23/11/2009,24220,2076870000,84(-3.45 %),38500,3289800000,14280,1212930000,7527734,43.86
24/11/2009,59900,5035600000,84(0.00 %),77500,6519000000,17600,1483400000,7467834,43.87
25/11/2009,144450,11794150000,81.5(-2.98 %),173350,14181890000,28900,2387740000,7323384,43.92
26/11/2009,-77210,-5986810000,77.5(-4.91 %),175330,13588175000,252540,19574985000,7400594,43.89
27/11/2009,-251670,-19385010000,77.5(0.00 %),220170,16331095000,471840,35716105000,7652264,43.82
30/11/2009,-29270,-2320520000,78.5(1.29 %),75850,5937290000,105120,8257810000,7681534,43.81
01/12/2009,-11880,-945695000,79.5(1.27 %),245690,19542195000,257570,20487890000,7693414,43.81
02/12/2009,20170,1622580000,79(-0.63 %),147500,11614570000,127330,9991990000,7673244,43.82
03/12/2009,81860,6416480000,77.5(-1.90 %),148300,11607420000,66440,5190940000,7591384,43.84
04/12/2009,-25460,-1967710000,77.5(0.00 %),165890,12890515000,191350,14858225000,7616844,43.83
07/12/2009,-18620,-1404225000,76.5(-1.29 %),27100,2080855000,45720,3485080000,7635464,43.83
08/12/2009,-91710,-6921225000,76(-0.65 %),177520,13496590000,269230,20417815000,7727174,43.8
09/12/2009,-223490,-16355220000,73(-3.95 %),214120,15674030000,437610,32029250000,7950664,43.74
10/12/2009,-497750,-35126145000,69.5(-4.79 %),229660,16352515000,727410,51478660000,8448414,43.59
11/12/2009,103480,7116340000,69(-0.72 %),210380,14490295000,106900,7373955000,8344934,43.62
14/12/2009,-60640,-4219845000,69.5(0.72 %),81360,5662155000,142000,9882000000,8405574,43.61
15/12/2009,-26230,-1797525000,69.5(0.00 %),113350,7859185000,139580,9656710000,8431804,43.6
16/12/2009,-121720,-8116780000,66.5(-4.32 %),78280,5356870000,200000,13473650000,8553524,43.56
17/12/2009,-59560,-3836385000,64(-3.76 %),5550,358900000,65110,4195285000,8613084,43.55
18/12/2009,-82420,-5522140000,67(4.69 %),168880,11314960000,251300,16837100000,8695504,43.52
21/12/2009,-170240,-11917400000,70(4.48 %),41900,2932400000,212140,14849800000,8865744,43.48
22/12/2009,-242660,-16996295000,69.5(-0.71 %),15410,1071105000,258070,18067400000,9108404,43.41
23/12/2009,7470,556395000,70(0.72 %),225270,15659895000,217800,15103500000,9100934,43.41
24/12/2009,-85260,-5954160000,70(0.00 %),80050,5542220000,165310,11496380000,9186194,43.38
25/12/2009,-439810,-31075290000,73.5(5.00 %),37640,2684800000,477450,33760090000,9626004,43.26
28/12/2009,96540,7351485000,77(4.76 %),144310,10952075000,47770,3600590000,9529464,43.29
29/12/2009,-16370,-1265855000,74.5(-3.25 %),12340,930380000,28710,2196235000,9545834,43.28
30/12/2009,-65880,-4935495000,75(0.67 %),9900,733895000,75780,5669390000,9611714,43.26
31/12/2009,6070,456760000,75(0.00 %),16370,1232570000,10300,775810000,9605644,43.27
04/01/2010,-219060,-17068550000,78.5(4.67 %),25940,1954950000,245000,19023500000,9824704,43.2
05/01/2010,54230,4437810000,82(4.46 %),512090,41950480000,457860,37512670000,9770474,43.22
06/01/2010,93530,7745955000,82.5(0.61 %),169380,13870400000,75850,6124445000,9676944,43.25
07/01/2010,19930,1629825000,80(-3.03 %),25380,2075400000,5450,445575000,9657014,43.25
08/01/2010,40620,3231810000,77.5(-3.12 %),124420,9854710000,83800,6622900000,9616394,43.26
11/01/2010,24280,1852525000,76.5(-1.29 %),78810,6040320000,54530,4187795000,9592114,43.27
12/01/2010,-95570,-7151810000,74(-3.27 %),40600,3052350000,136170,10204160000,9687684,43.24
13/01/2010,45820,3386455000,76(2.70 %),80220,5897905000,34400,2511450000,9641864,43.26
14/01/2010,-33710,-2572760000,76(0.00 %),11290,856740000,45000,3429500000,9675574,43.25
15/01/2010,-129820,-9697455000,74(-2.63 %),65830,4944635000,195650,14642090000,9805394,43.21
18/01/2010,-138230,-9905010000,71(-4.05 %),35770,2557800000,174000,12462810000,9943624,43.17
19/01/2010,108160,8005385000,74.5(4.93 %),113240,8381805000,5080,376420000,9835464,43.2
20/01/2010,166690,12996800000,78(4.70 %),663792,50307049000,497102,37310249000,9668774,43.25
21/01/2010,203720,15667630000,76(-2.56 %),350720,27011080000,147000,11343450000,9465054,43.31
22/01/2010,115590,8793140000,76(0.00 %),155590,11834640000,40000,3041500000,9349464,43.34
25/01/2010,176970,13742085000,78(2.63 %),180480,14013910000,3510,271825000,9172494,43.39
26/01/2010,174450,14080995000,81.5(4.49 %),347800,27899845000,173350,13818850000,8998044,43.44
27/01/2010,-3180,-260205000,78(-4.29 %),240590,18966315000,243770,19226520000,9001224,43.44
28/01/2010,144570,11301575000,78(0.00 %),144570,11301575000,0,0,8856654,43.48
29/01/2010,55570,4360800000,77.5(-0.64 %),241770,18868640000,186200,14507840000,8801084,43.49
01/02/2010,184470,14790655000,81(4.52 %),235620,18785805000,51150,3995150000,8616614,43.55
02/02/2010,372690,30474685000,82(1.23 %),501840,41008670000,129150,10533985000,8243924,43.65
03/02/2010,977600,83281775000,86(4.88 %),1092800,92988375000,115200,9706600000,7266324,43.93
04/02/2010,668860,59373830000,89(3.49 %),891530,79082285000,222670,19708455000,6597464,44.12
05/02/2010,-120380,-10189725000,85(-4.49 %),205800,17673930000,326180,27863655000,6717844,44.09
08/02/2010,44700,3805615000,85(0.00 %),124700,10543115000,80000,6737500000,6673144,44.1
09/02/2010,-705440,-57287245000,81(-4.71 %),1023280,84004505000,1728720,141291750000,7378584,43.9
10/02/2010,419760,35478495000,85(4.94 %),545730,46127960000,125970,10649465000,6958824,44.02
11/02/2010,1144690,101361815000,89(4.71 %),1226030,108553975000,81340,7192160000,5814134,44.34
12/02/2010,861350,77859440000,90.5(1.69 %),916470,82842720000,55120,4983280000,4952784,44.59
22/02/2010,381830,34010865000,89.5(-1.10 %),487770,43464215000,105940,9453350000,4570954,44.7
23/02/2010,277610,24678265000,86.5(-3.35 %),438870,38850635000,161260,14172370000,4293344,44.78
24/02/2010,105590,9194055000,87.5(1.16 %),252310,21966260000,146720,12772205000,4187754,44.81
25/02/2010,305950,26951830000,88(1.73 %),423040,37269295000,117090,10317465000,3881804,44.89
26/02/2010,284400,25357105000,85(-3.41 %),692250,60603910000,407850,35246805000,632254,44.98
01/03/2010,28460,2657825000,85(0.00 %),497410,43696970000,468950,41039145000,603794,45.83
02/03/2010,-32200,-2562550000,84.5(-0.59 %),146720,12685925000,178920,15248475000,635994,45.82
03/03/2010,73230,6363860000,86.5(2.37 %),117090,10149890000,43860,3786030000,562764,45.84
04/03/2010,343430,30502640000,87.5(1.16 %),347850,30891050000,4420,388410000,219334,45.94
05/03/2010,114030,10162645000,88(0.57 %),132800,11817175000,18770,1654530000,105304,45.97
08/03/2010,178220,16307130000,89(1.14 %),178920,16371180000,700,64050000,0,46.02
09/03/2010,819540,74535690000,91.5(2.81 %),875000,79668195000,55460,5132505000,0,46.25
10/03/2010,4270,384300000,89.5(-2.19 %),4420,397800000,150,13500000,0,46.26
11/03/2010,16280,1457150000,89(-0.56 %),18770,1679915000,2490,222765000,0,46.26
12/03/2010,690,61410000,89(0.00 %),700,62300000,10,890000,0,46.26
15/03/2010,55460,5046860000,89(0.00 %),55460,5046860000,0,0,0,46.28
16/03/2010,-2260,-199660000,87.5(-1.69 %),150,13275000,2410,212935000,0,46.28
17/03/2010,-1010,-89590000,87.5(0.00 %),2490,217875000,3500,307465000,0,46.27
18/03/2010,-3290,-288375000,88(0.57 %),10,875000,3300,289250000,0,46.27
19/03/2010,-4540,-398620000,87(-1.14 %),0,0,4540,398620000,0,46.27
22/03/2010,-12960,-1124500000,86.5(-0.57 %),2410,208465000,15370,1332965000,0,46.27
23/03/2010,-17800,-1526700000,85.5(-1.16 %),3500,302750000,21300,1829450000,0,46.26
24/03/2010,3060,263160000,86(0.58 %),3300,283800000,240,20640000,0,46.26
25/03/2010,-15300,-1305670000,86(0.00 %),69540,5928775000,84840,7234445000,0,46.26
26/03/2010,-64490,-5510395000,85.5(-0.58 %),15370,1314135000,79860,6824530000,0,46.24
29/03/2010,-18430,-1556730000,86(0.58 %),21300,1863750000,39730,3420480000,0,46.24
30/03/2010,-15500,-1314750000,84.5(-1.74 %),240,20400000,15740,1335150000,0,46.23
31/03/2010,-16180,-1360560000,85(0.59 %),19840,1706240000,36020,3066800000,0,46.23
01/04/2010,-28520,-2380715000,85.5(0.59 %),6736930,572781340000,6765450,575162055000,0,46.22
02/04/2010,10810,960425000,86.5(1.17 %),39730,3456510000,28920,2496085000,0,46.22
05/04/2010,-6260,-552120000,87.5(1.16 %),15740,1369380000,22000,1921500000,0,46.22
06/04/2010,-93000,-8098315000,87(-0.57 %),36020,3151750000,129020,11250065000,0,46.19
07/04/2010,-5060,-338260000,86.5(-0.57 %),108380,9531315000,113440,9869575000,0,46.19
08/04/2010,-75360,-6525785000,86.5(1.17 %),68920,5945640000,144280,12471425000,0,46.17
09/04/2010,-4660,-404090000,86.5(0.00 %),22000,1903000000,26660,2307090000,0,46.17
12/04/2010,118540,10685560000,88(1.73 %),129020,11611800000,10480,926240000,0,46.2
13/04/2010,-20960,-1803595000,88(0.00 %),113440,10096160000,134400,11899755000,0,46.2
14/04/2010,12010,1126140000,88(0.00 %),104280,9280920000,92270,8154780000,0,46.2
15/04/2010,25480,2267720000,89(1.14 %),26660,2372740000,1180,105020000,0,46.21
16/04/2010,-6210,-549395000,88.5(-0.56 %),10480,927480000,16690,1476875000,0,46.21
19/04/2010,114240,10163775000,88.5(0.00 %),134400,11951685000,20160,1787910000,0,46.24
20/04/2010,81220,7231855000,88.5(0.00 %),92270,8212030000,11050,980175000,0,46.26
21/04/2010,-84440,-7435940000,88(-0.56 %),1180,104430000,85620,7540370000,0,46.24
22/04/2010,7390,654015000,88(0.00 %),16690,1477065000,9300,823050000,0,46.24
26/04/2010,-990,-89995000,89.5(1.70 %),20160,1794240000,21150,1884235000,0,46.24
27/04/2010,7200,650125000,93(3.91 %),31770,2937345000,24570,2287220000,0,46.24
28/04/2010,62020,5905400000,94(1.08 %),85620,8133900000,23600,2228500000,0,46.26
29/04/2010,-2740,-262320000,94(0.00 %),9300,864900000,12040,1127220000,0,46.26
04/05/2010,-9010,-836530000,93(-1.06 %),21150,1988100000,30160,2824630000,0,46.26
05/05/2010,-4960,-459320000,92.5(-0.54 %),53850,4954200000,58810,5413520000,0,46.25
06/05/2010,-7460,-682280000,92.5(0.00 %),23600,2194800000,31060,2877080000,0,46.25
07/05/2010,-5850,-532540000,91.5(-1.08 %),57040,5460640000,62890,5993180000,0,46.25
10/05/2010,-4640,-406350000,90.5(-1.09 %),30160,2759640000,34800,3165990000,0,46.25
11/05/2010,-26060,-2376585000,92(1.66 %),8810,801710000,34870,3178295000,0,46.24
12/05/2010,16810,1529495000,91(-1.09 %),70060,6433960000,53250,4904465000,0,46.25
13/05/2010,7690,712480000,91.5(0.55 %),17890,1645880000,10200,933400000,0,46.25
14/05/2010,-3740,-330950000,92(0.55 %),34800,3219000000,38540,3549950000,0,46.25
17/05/2010,-6400,-573150000,91(-1.09 %),128390,11784946000,134790,12358096000,0,46.25
18/05/2010,5530,502890000,91(0.00 %),14250,1296750000,8720,793860000,0,46.25
19/05/2010,-28820,-2581700000,89.5(-1.65 %),100200,9129660000,129020,11711360000,0,46.24
20/05/2010,10810,956225000,90(0.56 %),38540,3430060000,27730,2473835000,0,46.24
21/05/2010,28620,2479940000,87.5(-2.78 %),41270,3590490000,12650,1110550000,0,46.25
24/05/2010,880,83730000,88.5(1.14 %),8720,776080000,7840,692350000,0,46.25
25/05/2010,22150,1985595000,89(0.56 %),60470,5412065000,38320,3426470000,0,46.26
26/05/2010,-7870,-699365000,89.5(0.56 %),27730,2481835000,35600,3181200000,0,46.25
27/05/2010,-3690,-320810000,89(-0.56 %),12650,1138500000,16340,1459310000,0,46.25
28/05/2010,-20360,-1834510000,90(1.12 %),7840,713440000,28200,2547950000,0,46.25
31/05/2010,-27650,-2438430000,88.5(-1.67 %),58870,5317739000,86520,7756169000,0,46.24
01/06/2010,31880,2837520000,89(0.56 %),35600,3168400000,3720,330880000,0,46.25
02/06/2010,-16250,-1433120000,88.5(-0.56 %),16340,1454260000,32590,2887380000,0,46.24
04/06/2010,28420,2586220000,90(0.56 %),44520,4051320000,16100,1465100000,0,46.25
07/06/2010,-153120,-13456605000,88(-2.22 %),3720,329220000,156840,13785825000,0,46.21
08/06/2010,5550,507620000,88(0.00 %),32590,2900510000,27040,2392890000,0,46.21
09/06/2010,46870,4222600000,89.5(1.70 %),57990,5219100000,11120,996500000,0,46.22
10/06/2010,13700,1233000000,90(0.56 %),16100,1449000000,2400,216000000,0,46.23
11/06/2010,147840,13531860000,90(0.00 %),507679,45400595000,359839,31868735000,0,46.27
14/06/2010,14390,1303295000,90(0.00 %),194520,17520320000,180130,16217025000,0,46.27
15/06/2010,-15570,-1393515000,89.5(-0.56 %),79520,7371165000,95090,8764680000,0,46.27
16/06/2010,-10800,-966400000,90(0.56 %),42400,3956000000,53200,4922400000,0,46.27
17/06/2010,-13280,-1184060000,89.5(-0.56 %),289499,25142615000,302779,26326675000,0,46.26
18/06/2010,9650,863675000,89.5(0.00 %),89650,8331675000,80000,7468000000,0,46.27
21/06/2010,22970,2069050000,89.5(0.00 %),170330,15832440000,147360,13763390000,0,46.27
22/06/2010,-2180,-188510000,89.5(0.00 %),64200,5956500000,66380,6145010000,0,46.27
23/06/2010,12580,1132200000,90.5(1.12 %),22280,2005200000,9700,873000000,0,46.27
24/06/2010,-10,-2260000,91(0.55 %),3000,270000000,3010,272260000,0,46.27
25/06/2010,340,29100000,91(0.00 %),3720,334800000,3380,305700000,0,46.27
28/06/2010,-68830,-6227925000,90.5(-0.55 %),15380,1399580000,84210,7627505000,0,46.26
29/06/2010,-12260,-1105550000,90.5(0.00 %),49700,4562700000,61960,5668250000,0,46.25
30/06/2010,-46020,-4139870000,90(-0.55 %),3010,272405000,49030,4412275000,0,46.24
01/07/2010,2680,242440000,91(1.11 %),88230,8324215000,85550,8081775000,0,46.24
02/07/2010,73210,6698715000,91.5(0.55 %),145710,13578465000,72500,6879750000,0,46.26
05/07/2010,5520,510700000,91(-0.55 %),21960,2009340000,16440,1498640000,0,46.26
06/07/2010,47530,4349145000,91(0.00 %),49030,4486245000,1500,137100000,0,46.28
07/07/2010,-16720,-1516660000,91(0.00 %),60700,5718350000,77420,7235010000,0,46.27
08/07/2010,-12380,-1124770000,91(0.00 %),41000,3871500000,53380,4996270000,0,46.27
09/07/2010,7220,657020000,91(0.00 %),46440,4361040000,39220,3704020000,0,46.27
12/07/2010,-2600,-236715000,91.5(0.55 %),21500,1996500000,24100,2233215000,0,46.27
13/07/2010,15470,1423240000,92(0.55 %),17420,1602640000,1950,179400000,0,46.27
14/07/2010,23380,2162650000,92(0.00 %),23380,2162650000,0,0,0,46.28
15/07/2010,8220,756240000,92(0.00 %),9220,848240000,1000,92000000,0,46.28
16/07/2010,4100,379250000,92.5(0.54 %),4100,379250000,0,0,0,46.28
19/07/2010,-2600,-240500000,92.5(0.00 %),1950,180375000,4550,420875000,0,46.28
20/07/2010,-900,-83750000,93(0.54 %),50000,4750000000,50900,4833750000,0,46.28
21/07/2010,-13800,-1282900000,93.5(0.54 %),1000,93500000,14800,1376400000,0,46.28
22/07/2010,-17450,-1615075000,92.5(-1.07 %),0,0,17450,1615075000,0,46.27
23/07/2010,-7430,-682320000,92(-0.54 %),4550,420875000,11980,1103195000,0,46.27
26/07/2010,-26290,-2420445000,92(0.00 %),900,83250000,27190,2503695000,0,46.26
27/07/2010,-10970,-1009240000,92(0.00 %),48160,4580840000,59130,5590080000,0,46.26
28/07/2010,-850,-55325000,91.5(-0.54 %),17450,1614125000,18300,1669450000,0,46.26
29/07/2010,11380,1041270000,91.5(0.00 %),11980,1096170000,600,54900000,0,46.26
30/07/2010,18030,1649745000,91.5(0.00 %),27190,2487885000,9160,838140000,0,46.27
02/08/2010,21580,1976055000,91(-0.55 %),325770,29807955000,304190,27831900000,0,46.27
03/08/2010,-24000,-2194000000,91.5(0.55 %),18300,1665300000,42300,3859300000,0,46.27
04/08/2010,-47380,-4329970000,91.5(0.00 %),250600,23030200000,297980,27360170000,0,46.25
05/08/2010,-30550,-2802180000,92(0.55 %),559160,53433140000,589710,56235320000,0,46.25
06/08/2010,-25150,-2303300000,91.5(-0.54 %),74190,6990480000,99340,9293780000,0,46.24
09/08/2010,13510,1262675000,91(-0.55 %),42300,3912750000,28790,2650075000,0,46.24
10/08/2010,47790,4396870000,91(0.00 %),47980,4414160000,190,17290000,0,46.26
11/08/2010,39710,3613610000,91.5(0.55 %),69710,6478610000,30000,2865000000,0,46.24
12/08/2010,15290,1391390000,90(-1.64 %),167620,15944820000,152330,14553430000,0,46.26
13/08/2010,8790,749125000,89.5(2.87 %),128790,11619125000,120000,10870000000,0,46.26
16/08/2010,-270,-24505000,90.5(1.12 %),190,17100000,460,41605000,0,46.26
17/08/2010,-790,-71085000,89.5(-1.10 %),130000,12220000000,130790,12291085000,0,46.23
18/08/2010,14050,1257475000,88.5(-1.12 %),14050,1257475000,0,0,0,46.22
19/08/2010,16670,1491965000,88.5(0.00 %),20000,1790000000,3330,298035000,0,46.23
20/08/2010,-540,-48045000,89(0.56 %),460,40710000,1000,88755000,0,0.0
23/08/2010,180,16325000,88.5(-0.56 %),100790,9370310000,100610,9353985000,0,0.0
24/08/2010,-6280,-547910000,87(-1.69 %),114740,10613450000,121020,11161360000,6280,46.0
25/08/2010,-3580,-302730000,86.5(-0.57 %),235330,21400045000,238910,21702775000,9860,46.0
26/08/2010,-1000,-86500000,86.5(0.00 %),31000,2801500000,32000,2888000000,10860,46.0
27/08/2010,250,21625000,87(0.58 %),40610,3672765000,40360,3651140000,10610,46.0
30/08/2010,5960,530600000,88.5(1.72 %),106280,9658920000,100320,9128320000,4650,46.0
31/08/2010,-9590,-847410000,89(0.56 %),131910,12177490000,141500,13024900000,14240,46.0
01/09/2010,2000,178000000,88.5(-0.56 %),27100,2462100000,25100,2284100000,12240,46.0
06/09/2010,-13910,-1230140000,88.5(0.00 %),360,32040000,14270,1262180000,0,45.99
07/09/2010,-1240,-109740000,88(-0.56 %),320,28320000,1560,138060000,27390,45.99
08/09/2010,16500,1460250000,88(0.00 %),16500,1460250000,0,0,10890,46.0
09/09/2010,-4790,-421520000,88.5(0.57 %),200000,18400000000,204790,18821520000,15680,46.0
10/09/2010,13210,1168585000,88.5(0.00 %),14270,1262895000,1060,94310000,2470,46.0
13/09/2010,1560,138060000,88.5(0.00 %),1560,138060000,0,0,910,46.0
14/09/2010,-13180,-1164840000,88.5(0.00 %),0,0,13180,1164840000,14090,46.0
15/09/2010,1490,134260000,88.5(0.00 %),25790,2284810000,24300,2150550000,12600,46.0
16/09/2010,-5660,-500375000,88.5(0.00 %),66060,6106840000,71720,6607215000,18260,45.99
17/09/2010,-300,-26700000,89(0.56 %),30000,2775000000,30300,2801700000,18560,45.99
20/09/2010,13090,1178180000,89(0.00 %),13180,1186200000,90,8020000,5470,46.0
21/09/2010,1010,89890000,89(0.00 %),3300,293700000,2290,203810000,4460,46.0
22/09/2010,6720,598080000,89(0.00 %),6720,598080000,0,0,0,46.0
23/09/2010,300,26700000,88.5(-0.56 %),300,26700000,0,0,0,46.0
24/09/2010,90,8055000,88(-0.56 %),90,8055000,0,0,0,46.0
27/09/2010,2190,192670000,88.5(0.57 %),2290,201520000,100,8850000,0,46.0
28/09/2010,-900,-79200000,88.5(0.00 %),0,0,900,79200000,0,46.0
29/09/2010,0,0,88.5(0.00 %),20000,1850000000,20000,1850000000,0,46.0
30/09/2010,-5430,-480555000,88.5(0.00 %),0,0,5430,480555000,0,46.0
01/10/2010,-6390,-559125000,88.5(0.00 %),100,8750000,6490,567875000,0,46.04
04/10/2010,-350,-29725000,87.5(-1.13 %),900,79650000,1250,109375000,0,46.04
05/10/2010,0,0,87(-0.57 %),50000,4575000000,50000,4575000000,0,46.04
06/10/2010,-2300,-202260000,88(1.15 %),5430,477840000,7730,680100000,0,46.04
07/10/2010,-90,-7920000,87.5(-0.57 %),6490,571120000,6580,579040000,0,46.04
08/10/2010,-30,-2640000,88(0.57 %),1250,110000000,1280,112640000,0,46.04
11/10/2010,0,0,88.5(0.57 %),0,0,0,0,0,46.04
12/10/2010,7730,684105000,88.5(0.00 %),7730,684105000,0,0,0,46.04
13/10/2010,6580,582330000,88.5(0.00 %),6580,582330000,0,0,0,46.04
14/10/2010,1280,113280000,89(0.56 %),1280,113280000,0,0,0,46.04
15/10/2010,-15150,-1344275000,88.5(-0.56 %),0,0,15150,1344275000,0,46.04
18/10/2010,-1360,-120360000,88.5(0.00 %),0,0,1360,120360000,0,46.04
19/10/2010,-17720,-1558960000,88(-0.56 %),0,0,17720,1558960000,0,46.03
20/10/2010,-9200,-795800000,87(-1.14 %),0,0,9200,795800000,0,46.03
21/10/2010,12950,1146075000,87.5(0.57 %),67820,6133745000,54870,4987670000,0,46.04
22/10/2010,1360,119680000,87.5(0.00 %),1360,119680000,0,0,0,46.04
25/10/2010,5120,439280000,87.5(0.00 %),49550,4397480000,44430,3958200000,0,46.04
26/10/2010,9100,800850000,87.5(0.00 %),9200,809600000,100,8750000,0,46.04
27/10/2010,-7970,-687205000,86.5(-1.14 %),2200,192500000,10170,879705000,0,46.04
28/10/2010,0,0,87(0.58 %),0,0,0,0,0,46.04
29/10/2010,5250,457550000,87(0.00 %),1131600,98449200000,1126350,97991650000,0,46.04
01/11/2010,-6500,-562200000,86.5(-0.57 %),100,8700000,6600,570900000,0,46.04
02/11/2010,8110,706600000,86.5(0.00 %),10170,884790000,2060,178190000,0,46.04
03/11/2010,-10350,-891100000,86.5(0.00 %),0,0,10350,891100000,0,46.04
04/11/2010,5410,471240000,86.5(0.00 %),7350,639450000,1940,168210000,0,46.04
05/11/2010,6600,570900000,86.5(0.00 %),6600,570900000,0,0,0,46.04
08/11/2010,-5350,-459070000,86(-0.58 %),2060,178190000,7410,637260000,0,46.04
09/11/2010,9280,798115000,85.5(-0.58 %),1382870,119852900000,1373590,119054785000,0,46.04
10/11/2010,1940,164900000,85.5(0.00 %),1940,164900000,0,0,0,46.04
11/11/2010,-1800,-152100000,85(-0.58 %),0,0,1800,152100000,0,46.04
12/11/2010,6960,591600000,84(-1.18 %),37410,3299850000,30450,2708250000,0,46.04
15/11/2010,-10670,-894410000,83.5(-0.60 %),1070,89880000,11740,984290000,0,46.04
16/11/2010,-1790,-148050000,82.5(-1.20 %),26000,2275000000,27790,2423050000,0,46.04
17/11/2010,1800,148500000,83.5(1.21 %),1213800,100138500000,1212000,99990000000,0,46.04
18/11/2010,-2050,-171175000,84.5(1.20 %),450,37575000,2500,208750000,0,46.04
19/11/2010,11690,993650000,84(-0.59 %),11740,997900000,50,4250000,0,46.04
22/11/2010,-1830,-148070000,84(0.00 %),1790,151255000,3620,299325000,0,46.04
23/11/2010,0,0,84(0.00 %),76700,6749600000,76700,6749600000,0,46.04
24/11/2010,2500,212500000,84.5(0.60 %),2500,212500000,0,0,0,46.04
25/11/2010,-300,-25350000,84.5(0.00 %),100050,8854200000,100350,8879550000,0,46.04
26/11/2010,3620,305890000,84.5(0.00 %),1185260,100289030000,1181640,99983140000,0,46.04
29/11/2010,-1150,-96815000,84.5(0.00 %),0,0,1150,96815000,0,46.04
30/11/2010,-1000,-83500000,84.5(0.00 %),100000,8850000000,101000,8933500000,0,46.04
01/12/2010,-12030,-1015035000,84(-0.59 %),350,29575000,12380,1044610000,0,46.04
02/12/2010,-2510,-210850000,84.5(0.60 %),0,0,2510,210850000,0,46.04
03/12/2010,910,77350000,85(0.59 %),51150,4522750000,50240,4445400000,0,46.04
06/12/2010,-8990,-759155000,84.5(-0.59 %),1100000,93500000000,1108990,94259155000,0,46.04
07/12/2010,6840,573190000,84.5(0.00 %),12380,1039920000,5540,466730000,0,46.04
08/12/2010,2510,212095000,84(-0.59 %),2510,212095000,0,0,0,46.04
09/12/2010,200,16760000,85.5(1.79 %),240,20160000,40,3400000,0,46.04
10/12/2010,9990,859140000,86(0.58 %),9990,859140000,0,0,0,46.04
13/12/2010,5200,457600000,88(2.33 %),124540,11197520000,119340,10739920000,0,46.04
14/12/2010,-10290,-887060000,87(-1.14 %),912320,80244160000,922610,81131220000,0,46.04
15/12/2010,-1960,-169020000,86.5(-0.57 %),40,3480000,2000,172500000,0,46.04
16/12/2010,0,0,86(-0.58 %),100000,9050000000,100000,9050000000,0,46.04
17/12/2010,-20120,-1711425000,85(-1.16 %),50340,4529240000,70460,6240665000,0,46.03
20/12/2010,-6270,-531675000,85.5(0.59 %),10290,890085000,16560,1421760000,0,46.03
21/12/2010,-5000,-422500000,86.5(1.17 %),0,0,5000,422500000,0,46.03
22/12/2010,1500,131250000,86(-0.58 %),2000,174000000,500,42750000,0,46.03
23/12/2010,20060,1805390000,85.5(-0.58 %),20460,1839790000,400,34400000,0,46.04
24/12/2010,16560,1432440000,85(-0.58 %),16560,1432440000,0,0,0,46.04
27/12/2010,4700,404200000,85.5(0.59 %),5000,430000000,300,25800000,0,46.04
28/12/2010,-6520,-558950000,85(-0.58 %),279580,24880870000,286100,25439820000,0,46.04
29/12/2010,400,34400000,86(1.18 %),400,34400000,0,0,0,46.04
30/12/2010,0,0,86(0.00 %),0,0,0,0,0,46.04
31/12/2010,-5020,-431720000,86(0.00 %),300,25800000,5320,457520000,0,46.04
04/01/2011,-4040,-341910000,85.5(-0.58 %),7020,603720000,11060,945630000,0,46.04
05/01/2011,-1000,-85000000,85(-0.58 %),150000,13425000000,151000,13510000000,0,46.04
06/01/2011,-3200,-272000000,85(0.00 %),20000,1780000000,23200,2052000000,0,46.04
07/01/2011,5320,454860000,85(0.00 %),382750,34046130000,377430,33591270000,0,46.04
10/01/2011,3060,267160000,85.5(0.59 %),11060,951160000,8000,684000000,0,46.04
11/01/2011,-1600,-136800000,85.5(0.00 %),1000,85500000,2600,222300000,0,46.04
12/01/2011,200,19145000,85.5(0.00 %),3200,275200000,3000,256055000,0,46.04
13/01/2011,0,0,85.5(0.00 %),20000,1710000000,20000,1710000000,0,46.04
14/01/2011,8000,688000000,86(0.58 %),8000,688000000,0,0,3380,46.0
17/01/2011,2600,223600000,85.5(-0.58 %),2600,223600000,0,0,780,46.0
18/01/2011,2800,240900000,85.5(0.00 %),3000,258000000,200,17100000,0,46.04
19/01/2011,-2000,-171000000,85.5(0.00 %),40000,3580000000,42000,3751000000,0,46.04
20/01/2011,-7700,-659620000,89.5(4.68 %),80000,7160000000,87700,7819620000,0,46.04
21/01/2011,-720,-67320000,93.5(4.47 %),0,0,720,67320000,0,46.04
24/01/2011,-4800,-470400000,98(4.81 %),200,19600000,5000,490000000,0,46.04
25/01/2011,-1000,-94500000,96(-2.04 %),102000,10395000000,103000,10489500000,0,46.04
26/01/2011,6470,609080000,92.5(-3.65 %),7700,723800000,1230,114720000,4,49.0
27/01/2011,-32340,-2974060000,92.5(0.00 %),720,66960000,33060,3041020000,0,46.03
28/01/2011,-2000,-190000000,93.5(1.08 %),5000,462500000,7000,652500000,0,46.03
08/02/2011,-20110,-1874830000,93.5(0.00 %),3000,283500000,23110,2158330000,0,46.02
09/02/2011,1230,115005000,91.5(-2.14 %),1230,115005000,0,0,3380,46.0
10/02/2011,33060,3173760000,91.5(0.00 %),33060,3173760000,0,0,0,46.03
11/02/2011,6880,636460000,92.5(1.09 %),7000,647500000,120,11040000,3380,46.0
14/02/2011,13990,1403650000,91.5(-1.08 %),23110,2241670000,9120,838020000,0,46.04
15/02/2011,-4200,-383700000,92(0.55 %),0,0,4200,383700000,0,46.04
16/02/2011,-4000,-368550000,92(0.00 %),20000,1930000000,24000,2298550000,0,46.03
17/02/2011,-480,-43620000,91.5(-0.54 %),120,10980000,600,54600000,0,46.03
18/02/2011,5840,534720000,90(-1.64 %),9120,829920000,3280,295200000,0,46.04
21/02/2011,3200,290000000,87(-3.33 %),64800,6104700000,61600,5814700000,0,46.04
22/02/2011,-10500,-904500000,86.5(-0.57 %),254000,22596000000,264500,23500500000,0,46.03
23/02/2011,400,35000000,87.5(1.16 %),600,52500000,200,17500000,0,46.03
24/02/2011,-5720,-496420000,87(-0.57 %),3280,282080000,9000,778500000,0,46.03
25/02/2011,1000,87500000,88.5(1.72 %),1000,87500000,0,0,0,46.03
28/02/2011,2650,233200000,88.5(0.00 %),14500,1276000000,11850,1042800000,0,46.03
01/03/2011,-5370,-475020000,88.5(0.00 %),200,17700000,5570,492720000,0,46.03
02/03/2011,7500,664350000,87(-1.69 %),9000,796500000,1500,132150000,0,46.03
03/03/2011,-12610,-1093090000,87.5(0.57 %),0,0,12610,1093090000,0,0.0
04/03/2011,8880,768120000,88(0.57 %),11850,1025025000,2970,256905000,0,0.0
07/03/2011,5530,489425000,89(1.14 %),5570,492945000,40,3520000,0,0.0
08/03/2011,1400,125300000,93(4.49 %),85460,7354810000,84060,7229510000,0,0.0
09/03/2011,12410,1178950000,92(-1.08 %),12610,1197950000,200,19000000,0,0.0
10/03/2011,2770,254840000,92(0.00 %),2970,273240000,200,18400000,0,0.0
11/03/2011,-1360,-125800000,92(0.00 %),40,3700000,1400,129500000,0,0.0
14/03/2011,100,9150000,91(-1.09 %),100,9150000,0,0,0,0.0
15/03/2011,-1300,-117200000,89.5(-1.65 %),200,18100000,1500,135300000,0,0.0
16/03/2011,200,18000000,89.5(0.00 %),50200,4693000000,50000,4675000000,1,46.0
17/03/2011,-600,-53700000,89.5(0.00 %),1400,125300000,2000,179000000,601,46.0
18/03/2011,0,0,92(2.79 %),0,0,0,0,601,46.0
21/03/2011,1500,138000000,92(0.00 %),22702,2183993000,21202,2045993000,0,46.0
22/03/2011,0,0,92.5(0.54 %),0,0,0,0,1,46.0
23/03/2011,-6000,-575000000,95.5(3.24 %),2000,185000000,8000,760000000,6001,46.0
24/03/2011,-2000,-189000000,94.5(-1.05 %),29200,2920000000,31200,3109000000,8001,46.0
25/03/2011,-290,-27260000,94.5(0.00 %),0,0,290,27260000,8291,46.0
28/03/2011,0,0,94(-0.53 %),0,0,0,0,8291,46.0
29/03/2011,8000,744000000,93.5(-0.53 %),8000,744000000,0,0,291,46.0
30/03/2011,2000,186000000,93(-0.53 %),2000,186000000,0,0,0,46.0
31/03/2011,-21440,-1973480000,92(-1.08 %),290,26680000,21730,2000160000,1,46.0
01/04/2011,0,0,94.5(2.72 %),0,0,0,0,1,46.0
04/04/2011,-1000,-98000000,98(3.70 %),0,0,1000,98000000,1001,46.0
05/04/2011,1609320,164064720000,94.5(-3.57 %),1609320,164064720000,0,0,0,46.91
06/04/2011,21730,2129540000,95.5(1.06 %),21730,2129540000,0,0,0,46.46
07/04/2011,-5550,-527875000,95.5(0.00 %),0,0,5550,527875000,0,46.46
08/04/2011,-2000,-190850000,96.5(1.05 %),1000,95500000,3000,286350000,1000,46.46
13/04/2011,-8570,-822720000,96(-0.52 %),0,0,8570,822720000,9570,46.45
14/04/2011,-2910,-277905000,95(-1.04 %),0,0,2910,277905000,12480,46.45
15/04/2011,3150,302025000,94.5(-0.53 %),43260,4282170000,40110,3980145000,9330,46.45
18/04/2011,-5200,-487900000,93.5(-1.06 %),37400,3689100000,42600,4177000000,14530,46.45
19/04/2011,7750,728500000,93.5(0.00 %),8570,805580000,820,77080000,6780,46.45
20/04/2011,1610,151240000,94.5(1.07 %),2910,273540000,1300,122300000,5170,46.0
21/04/2011,2400,226800000,95(0.53 %),252400,24976800000,250000,24750000000,2770,46.0
22/04/2011,6500,617850000,95(0.00 %),8200,779000000,1700,161150000,0,46.0
25/04/2011,820,77900000,96(1.05 %),820,77900000,0,0,0,46.0
26/04/2011,210,19785000,97.5(1.56 %),251300,25124800000,251090,25105015000,610,46.0
27/04/2011,-15000,-1530000000,102(4.62 %),0,0,15000,1530000000,15610,46.0
28/04/2011,-3650,-395100000,105(2.94 %),1700,176800000,5350,571900000,19260,45.99
29/04/2011,-3570,-373350000,105(0.00 %),399720,43969200000,403290,44342550000,22830,45.99
04/05/2011,-400,-42410000,108(2.86 %),1090,115540000,1490,157950000,1090,46.0
05/05/2011,15000,1620000000,107(-0.93 %),35300,3913900000,20300,2293900000,0,46.0
06/05/2011,5350,567100000,107(0.00 %),2605350,291767100000,2600000,291200000000,4350,46.0
09/05/2011,2080,221410000,108(0.93 %),3570,381990000,1490,160580000,2270,46.0
10/05/2011,-1860,-201140000,109(0.93 %),21490,2330890000,23350,2532030000,4130,46.0
11/05/2011,-22860,-2564460000,114(4.59 %),20180,2300520000,43040,4864980000,26990,45.99
12/05/2011,-5100,-580900000,114(0.00 %),0,0,5100,580900000,32090,45.99
13/05/2011,-18590,-2096510000,112(-1.75 %),1490,168370000,20080,2264880000,50680,45.99
16/05/2011,-370,-34900000,110(-1.79 %),23500,2732750000,23870,2767650000,51050,45.99
17/05/2011,19810,2264190000,113(2.73 %),22860,2606040000,3050,341850000,31240,45.99
18/05/2011,1600,186600000,114(0.88 %),25250,2954000000,23650,2767400000,29640,45.99
19/05/2011,20080,2369440000,113(-0.88 %),40080,4549440000,20000,2180000000,9560,46.0
20/05/2011,-5260,-565810000,108(-4.42 %),23720,2776640000,28980,3342450000,14820,46.0
23/05/2011,-900,-90480000,103(-4.63 %),3050,320250000,3950,410730000,15720,46.0
24/05/2011,-1850,-183150000,98(-4.85 %),23500,2317040000,25350,2500190000,17570,46.0
25/05/2011,-5530,-522070000,93.5(-4.59 %),27820,2837640000,33350,3359710000,23100,45.99
26/05/2011,5880,520960000,98(4.81 %),8980,803710000,3100,282750000,17220,46.0
27/05/2011,3950,395000000,102(4.08 %),64410,6561920000,60460,6166920000,13270,46.0
30/05/2011,2060,210120000,98(-3.92 %),65810,7014920000,63750,6804800000,11210,46.0
31/05/2011,5530,541940000,102(4.08 %),65990,6708860000,60460,6166920000,5680,46.0
01/06/2011,2500,254400000,105(2.94 %),84560,9032420000,82060,8778020000,3100,46.0
02/06/2011,-1000,-105000000,105(0.00 %),160460,17650600000,161460,17755600000,4100,46.0
03/06/2011,1700,181450000,102(-2.86 %),263750,28996050000,262050,28814600000,2400,46.0
06/06/2011,0,0,99(-2.94 %),40260,4307820000,40260,4307820000,2400,46.0
07/06/2011,-8960,-909080000,103(4.04 %),600,60000000,9560,969080000,11360,46.0
08/06/2011,1000,102000000,104(0.97 %),1000,102000000,0,0,10360,46.0
09/06/2011,-670,-69010000,104(0.00 %),1590,163770000,2260,232780000,11030,46.0
10/06/2011,-2420,-249460000,104(0.00 %),0,0,2420,249460000,13450,46.0
13/06/2011,6180,642720000,105(0.96 %),9560,994240000,3380,351520000,7270,46.0
14/06/2011,-740,-76960000,106(0.95 %),0,0,740,76960000,8010,46.0
15/06/2011,1060,115620000,105(-0.94 %),2260,241820000,1200,126200000,6950,46.0
16/06/2011,-5580,-584480000,105(0.00 %),22420,2456520000,28000,3041000000,12530,46.0
17/06/2011,-3720,-392320000,106(0.95 %),3380,358280000,7100,750600000,16250,46.0
20/06/2011,-1560,-165360000,106(0.00 %),740,78440000,2300,243800000,17810,46.0
21/06/2011,-5200,-575600000,111(4.72 %),601200,66728400000,606400,67304000000,23010,45.99
22/06/2011,4180,482580000,111(0.00 %),28000,3232000000,23820,2749420000,18830,45.99
23/06/2011,7100,795200000,110(-0.90 %),27100,3115200000,20000,2320000000,11730,46.0
24/06/2011,-3150,-344200000,110(0.00 %),142600,16382900000,145750,16727100000,14880,46.0
27/06/2011,6560770,740598550000,113(2.73 %),6645770,750373550000,85000,9775000000,0,52.79
28/06/2011,3820,427840000,110(-2.65 %),23820,2787840000,20000,2360000000,7,49.0
29/06/2011,423640,48713100000,110(0.00 %),427650,49154200000,4010,441100000,0,49.11
30/06/2011,-1250,-127130000,109(-0.91 %),5450,604950000,6700,732080000,5026,49.0
01/07/2011,0,0,110(0.92 %),85430,9739020000,85430,9739020000,6,49.0
04/07/2011,-420,-45780000,113(2.73 %),0,0,420,45780000,426,49.0
05/07/2011,1410,156730000,115(1.77 %),4010,453130000,2600,296400000,0,49.0
06/07/2011,-3300,-372800000,115(0.00 %),1156700,138777200000,1160000,139150000000,6266,49.0
07/07/2011,-10260,-1169940000,115(0.00 %),924000,110880000000,934260,112049940000,16526,49.0
08/07/2011,420,48300000,115(0.00 %),20420,2448300000,20000,2400000000,16106,49.0
11/07/2011,1600,184880000,114(-0.87 %),2600,299000000,1000,114120000,14506,49.0
12/07/2011,9700,1106100000,114(0.00 %),10000,1140000000,300,33900000,4806,49.0
13/07/2011,4200,493540000,113(-0.88 %),30260,3459080000,26060,2965540000,606,49.0
14/07/2011,0,0,112(-0.88 %),0,0,0,0,606,49.0
15/07/2011,1000,112000000,113(0.89 %),1000,112000000,0,0,0,49.0
18/07/2011,300,34200000,113(0.00 %),300,34200000,0,0,306,49.0
19/07/2011,5870,663500000,113(0.00 %),6060,684780000,190,21280000,0,49.0
20/07/2011,-19760,-2213720000,113(0.00 %),0,0,19760,2213720000,6,49.0
21/07/2011,0,0,114(0.88 %),0,0,0,0,6,49.0
22/07/2011,0,0,114(0.00 %),0,0,0,0,6,49.0
25/07/2011,-2810,-320230000,115(0.88 %),190,21470000,3000,341700000,2816,49.0
26/07/2011,19760,2272400000,115(0.00 %),19760,2272400000,0,0,0,49.0
27/07/2011,0,0,114(-0.87 %),0,0,0,0,6,49.0
28/07/2011,-3240,-369360000,114(0.00 %),0,0,3240,369360000,3246,49.0
29/07/2011,0,0,115(0.88 %),3000,342000000,3000,342000000,3246,49.0
01/08/2011,-6520,-743480000,114(-0.87 %),0,0,6520,743480000,6,49.0
02/08/2011,0,0,114(0.00 %),0,0,0,0,6,49.0
03/08/2011,2240,255360000,114(0.00 %),3240,369360000,1000,114000000,0,49.0
04/08/2011,3000,345000000,114(0.00 %),3000,345000000,0,0,6,49.0
05/08/2011,4740,546880000,115(0.88 %),6520,749800000,1780,202920000,0,49.0
08/08/2011,0,0,114(-0.87 %),39710,4765200000,39710,4765200000,6,49.0
09/08/2011,1000,114000000,113(-0.88 %),34430,4092170000,33430,3978170000,0,49.0
10/08/2011,-4320,-490860000,115(1.77 %),0,0,4320,490860000,6,49.0
11/08/2011,1780,202920000,115(0.00 %),211680,25390920000,209900,25188000000,0,49.0
12/08/2011,-100,-11500000,115(0.00 %),0,0,100,11500000,6,49.0
15/08/2011,-2000,-230000000,115(0.00 %),0,0,2000,230000000,2006,49.0
16/08/2011,4170,483720000,116(0.87 %),4320,501120000,150,17400000,0,49.0
17/08/2011,-2500,-293000000,117(0.86 %),0,0,2500,293000000,6,49.0
18/08/2011,-11400,-1333800000,117(0.00 %),100,11700000,11500,1345500000,11406,49.0
19/08/2011,400,46800000,117(0.00 %),2000,234000000,1600,187200000,11006,49.0
22/08/2011,-50,-5850000,117(0.00 %),26530,3183150000,26580,3189000000,11056,49.0
23/08/2011,2500,292500000,118(0.85 %),22500,2732500000,20000,2440000000,8556,49.0
24/08/2011,9500,1141500000,119(0.85 %),11500,1380000000,2000,238500000,0,49.0
25/08/2011,1400,166600000,119(0.00 %),1600,190400000,200,23800000,1606,49.0
26/08/2011,200,23800000,120(0.84 %),200,23800000,0,0,1406,49.0
29/08/2011,0,0,122(1.67 %),24000,3024000000,24000,3024000000,1406,49.0
30/08/2011,-900,-113900000,126(3.28 %),2000,250000000,2900,363900000,2306,49.0
31/08/2011,-8000,-1008140000,126(0.00 %),20200,2625400000,28200,3633540000,10306,49.0
01/09/2011,-2000,-254000000,128(1.59 %),68000,8976000000,70000,9230000000,6,49.0
05/09/2011,0,0,127(-0.78 %),32000,4288000000,32000,4288000000,6,49.0
06/09/2011,-2100,-264700000,128(0.79 %),172900,21925400000,175000,22190100000,2106,49.0
07/09/2011,2380,318100000,130(1.56 %),8200,1066000000,5820,747900000,0,49.0
08/09/2011,1000,129000000,131(0.77 %),2000,260000000,1000,131000000,6,49.0
09/09/2011,0,0,131(0.00 %),0,0,0,0,6,49.0
12/09/2011,5000,665000000,133(1.53 %),155000,21215000000,150000,20550000000,0,49.0
13/09/2011,5420,720860000,131(0.00 %),35800,4881320000,30380,4160460000,5826,49.0
14/09/2011,0,2500000,127(-3.05 %),21000,2689980000,21000,2687480000,5826,49.0
15/09/2011,-2880,-362860000,126(-0.79 %),0,0,2880,362860000,8706,49.0
16/09/2011,0,0,126(0.00 %),0,0,0,0,8706,49.0
19/09/2011,400,51200000,127(0.79 %),400,51200000,0,0,8306,49.0
20/09/2011,-140,-17780000,128(0.79 %),55650,7020250000,55790,7038030000,8446,49.0
21/09/2011,2880,368640000,130(1.56 %),2880,368640000,0,0,5566,49.0
22/09/2011,-19300,-2495940000,129(-0.77 %),20000,2660000000,39300,5155940000,24866,48.99
23/09/2011,0,0,129(0.00 %),150000,19350000000,150000,19350000000,24866,48.99
26/09/2011,1100,143120000,127(-1.55 %),26820,3486600000,25720,3343480000,23766,48.99
27/09/2011,-4600,-582900000,127(0.00 %),0,0,4600,582900000,28366,48.99
28/09/2011,17000,2196000000,128(0.79 %),19300,2489700000,2300,293700000,11366,49.0
29/09/2011,0,0,126(-1.56 %),0,0,0,0,11366,49.0
30/09/2011,-18160,-2271390000,125(-0.79 %),100040,13205040000,118200,15476430000,29526,48.99
03/10/2011,-2300,-287500000,126(0.80 %),4600,575000000,6900,862500000,4606,49.0
04/10/2011,870,107250000,125(-0.79 %),2300,285200000,1430,177950000,3736,49.0
05/10/2011,0,0,126(0.80 %),20000,2520000000,20000,2520000000,3736,49.0
06/10/2011,17100,2188800000,128(1.59 %),18200,2329600000,1100,140800000,0,49.0
07/10/2011,6060,775680000,130(1.56 %),6900,883200000,840,107520000,6906,49.0
10/10/2011,1270,165100000,129(-0.77 %),1430,185900000,160,20800000,5636,49.0
11/10/2011,-1520,-194560000,128(-0.78 %),20000,2700000000,21520,2894560000,7156,49.0
12/10/2011,1100,139700000,127(-0.78 %),1100,139700000,0,0,6056,49.0
13/10/2011,-560,-70700000,127(0.00 %),840,107520000,1400,178220000,6616,49.0
14/10/2011,160,20320000,128(0.79 %),160,20320000,0,0,6456,49.0
17/10/2011,-480,-60440000,127(-0.78 %),201520,25794560000,202000,25855000000,6936,49.0
18/10/2011,-1800,-228600000,127(0.00 %),0,0,1800,228600000,8736,49.0
19/10/2011,-700,-86900000,126(-0.79 %),31400,4167800000,32100,4254700000,9436,49.0
20/10/2011,-2200,-277200000,127(0.79 %),200000,25740000000,202200,26017200000,11636,49.0
21/10/2011,1000,125400000,128(0.79 %),2000,252000000,1000,126600000,10636,49.0
24/10/2011,800,103400000,127(-0.78 %),1800,230400000,1000,127000000,9836,49.0
25/10/2011,-3560,-452120000,127(0.00 %),72100,9156700000,75660,9608820000,13396,49.0
26/10/2011,-3300,-413600000,126(-0.79 %),2200,279400000,5500,693000000,16696,49.0
27/10/2011,1000,127000000,127(0.79 %),100000,12894000000,99000,12767000000,15696,49.0
28/10/2011,1000,127000000,128(0.79 %),71000,9017000000,70000,8890000000,14696,49.0
31/10/2011,260,38280000,127(-0.78 %),5660,724480000,5400,686200000,14436,49.0
01/11/2011,5500,704000000,127(0.00 %),145500,18953000000,140000,18249000000,5506,49.0
02/11/2011,-700,-91000000,133(4.72 %),25010,3326330000,25710,3417330000,6206,49.0
03/11/2011,-4200,-567000000,135(1.50 %),0,0,4200,567000000,10406,49.0
04/11/2011,-7220,-1013020000,140(3.70 %),343400,47913200000,350620,48926220000,17626,49.0
07/11/2011,-8050,-1163750000,144(2.86 %),278000,39856600000,286050,41020350000,25676,48.99
08/11/2011,-8190,-1174770000,144(0.00 %),597500,87141650000,605690,88316420000,33866,48.99
09/11/2011,-3800,-529200000,142(-1.39 %),254200,37874800000,258000,38404000000,37666,48.99
10/11/2011,10010,1416630000,138(-2.82 %),282620,40801260000,272610,39384630000,27656,48.99
11/11/2011,-1950,-269100000,138(0.00 %),118050,16878630000,120000,17147730000,29606,48.99
14/11/2011,-1110,-144400000,140(1.45 %),68890,9884600000,70000,10029000000,30716,48.99
15/11/2011,-2640,-357260000,139(-0.71 %),48000,7008000000,50640,7365260000,33356,48.99
16/11/2011,2610,362790000,139(0.00 %),2610,362790000,0,0,30746,48.99
17/11/2011,-10100,-1383800000,136(-2.16 %),10000,1380000000,20100,2763800000,40846,48.99
18/11/2011,10000,1360000000,136(0.00 %),68500,9667000000,58500,8307000000,30846,48.99
21/11/2011,-1360,-225680000,142(4.41 %),10640,1468320000,12000,1694000000,32206,48.99
22/11/2011,0,0,142(0.00 %),180640,26875360000,180640,26875360000,32206,48.99
23/11/2011,19800,2911600000,142(0.00 %),135100,19503735000,115300,16592135000,12406,49.0
24/11/2011,-500,-69000000,138(-2.82 %),0,0,500,69000000,12906,49.0
25/11/2011,-63020,-8444680000,137(-0.72 %),132100,18542100000,195120,26986780000,75926,48.98
28/11/2011,-7780,-1065040000,136(-0.73 %),0,0,7780,1065040000,83706,48.98
29/11/2011,60,5700000,92.5(1.98 %),40300,3761540000,40240,3755840000,83646,48.98
30/11/2011,-8500,-776500000,91.5(-1.08 %),118060,11096640000,126560,11873140000,92146,48.98
01/12/2011,74620,6997230000,91.5(0.00 %),105020,9838830000,30400,2841600000,75026,48.98
02/12/2011,6780,628150000,91.5(0.00 %),7780,719650000,1000,91500000,68246,48.98
05/12/2011,240,21960000,92(0.55 %),20240,1911960000,20000,1890000000,68006,48.98
06/12/2011,1000,96500000,92(0.00 %),29000,2762500000,28000,2666000000,67006,48.98
07/12/2011,-2050,-187475000,92(0.00 %),21150,1987300000,23200,2174775000,69056,48.98
08/12/2011,-5840,-537280000,92(0.00 %),1000,92000000,6840,629280000,74896,48.98
09/12/2011,-2000,-184000000,92(0.00 %),0,0,2000,184000000,76896,48.98
12/12/2011,8000,744000000,91.5(-0.54 %),8000,744000000,0,0,68896,48.98
13/12/2011,-7580,-683540000,90(-1.64 %),122450,11384175000,130030,12067715000,76476,48.98
14/12/2011,4870,443170000,89.5(-0.56 %),106840,9922440000,101970,9479270000,71606,48.98
15/12/2011,2000,178000000,90(0.56 %),2000,178000000,0,0,69606,48.98
16/12/2011,0,0,90.5(0.56 %),0,0,0,0,69606,48.98
19/12/2011,10030,917745000,91.5(1.10 %),10030,917745000,0,0,59576,48.98
20/12/2011,1970,181240000,92(0.55 %),1970,181240000,0,0,57606,48.98
21/12/2011,-3000,-276000000,92(0.00 %),0,0,3000,276000000,60606,48.98
22/12/2011,0,0,90.5(-1.63 %),95000,9097500000,95000,9097500000,60606,48.98
23/12/2011,0,0,89.5(-1.10 %),53500,4813040000,53500,4813040000,60606,48.98
26/12/2011,-5000,-445000000,89(-0.56 %),0,0,5000,445000000,65606,48.98
27/12/2011,0,0,89(0.00 %),0,0,0,0,65606,73.47
28/12/2011,0,0,89.5(0.56 %),0,0,0,0,65606,73.47
29/12/2011,0,0,89(-0.56 %),20000,1870000000,20000,1870000000,65606,73.47
30/12/2011,0,0,86.5(-2.81 %),50000,4650000000,50000,4650000000,65606,48.99
03/01/2012,0,0,84.5(-2.31 %),539500,47538500000,539500,47538500000,65606,48.99
04/01/2012,0,0,82.5(-2.37 %),33780,2989530000,33780,2989530000,65606,48.99
05/01/2012,-8500,-677750000,79.5(-3.64 %),70800,6072200000,79300,6749950000,74106,48.99
06/01/2012,0,0,80.5(1.26 %),104300,8656900000,104300,8656900000,74106,48.99
09/01/2012,-2000,-160400000,81(0.62 %),0,0,2000,160400000,76106,48.99
10/01/2012,-220,-17710000,81(0.00 %),0,0,220,17710000,76326,48.99
11/01/2012,-140,-11340000,81(0.00 %),20000,1700000000,20140,1711340000,76466,48.99
12/01/2012,-450,-36000000,81(0.00 %),0,0,450,36000000,76916,48.99
13/01/2012,0,0,82(1.23 %),0,0,0,0,76916,48.99
16/01/2012,-1500,-122250000,84.5(3.05 %),0,0,1500,122250000,78416,48.99
17/01/2012,-1510,-127595000,85(0.59 %),26660,2252770000,28170,2380365000,79926,48.99
18/01/2012,-550,-47050000,84.5(-0.59 %),450,38250000,1000,85300000,80476,48.99
19/01/2012,-10150,-856600000,85(0.59 %),72700,6263150000,82850,7119750000,90626,48.98
20/01/2012,-7470,-636185000,84.5(-0.59 %),51500,4578250000,58970,5214435000,98096,48.98
30/01/2012,1620,136890000,85(0.59 %),21620,1906890000,20000,1770000000,96476,48.98
31/01/2012,1000,85500000,86(1.18 %),1000,85500000,0,0,95476,48.98
01/02/2012,10150,872900000,86.5(0.58 %),10150,872900000,0,0,9,49.0
02/02/2012,8970,780390000,88(1.73 %),8970,780390000,0,0,0,49.0
03/02/2012,0,0,87.5(-0.57 %),130000,11960000000,130000,11960000000,9,49.0
06/02/2012,0,0,87(-0.57 %),25350,2306850000,25350,2306850000,9,49.0
07/02/2012,0,0,87(0.00 %),20000,1810000000,20000,1810000000,9,49.0
08/02/2012,0,0,87.5(0.57 %),0,0,0,0,9,49.0
09/02/2012,-4870,-430995000,88.5(1.14 %),305000,26687500000,309870,27118495000,4879,49.0
10/02/2012,0,0,87.5(-1.13 %),0,0,0,0,4879,49.0
13/02/2012,-100,-8750000,87(-0.57 %),210000,18469500000,210100,18478250000,4979,49.0
14/02/2012,0,0,87.5(0.57 %),20000,1820000000,20000,1820000000,4979,49.0
15/02/2012,4870,426125000,88(0.57 %),121960,10869860000,117090,10443735000,109,49.0
16/02/2012,-4870,-428560000,88.5(0.57 %),104300,9595600000,109170,10024160000,4979,49.0
17/02/2012,-890,-80250000,91(2.82 %),100,8850000,990,89100000,5869,49.0
20/02/2012,0,0,92(1.10 %),0,0,0,0,5869,49.0
21/02/2012,-900,-82350000,91.5(-0.54 %),0,0,900,82350000,6769,49.0
22/02/2012,4070,372405000,91.5(0.00 %),4870,445605000,800,73200000,2699,49.0
23/02/2012,940,86035000,92(0.55 %),50990,4890585000,50050,4804550000,1759,49.0
24/02/2012,0,0,91.5(-0.54 %),0,0,0,0,1759,49.0
27/02/2012,900,81900000,91.5(0.00 %),900,81900000,0,0,859,49.0
28/02/2012,-520,-47320000,91(-0.55 %),800,72800000,1320,120120000,1379,49.0
29/02/2012,50,4525000,91(0.00 %),34880,3330790000,34830,3326265000,1329,49.0
01/03/2012,0,0,90.5(-0.55 %),0,0,0,0,9,49.0
02/03/2012,0,0,91(0.55 %),0,0,0,0,9,49.0
05/03/2012,-1430,-132120000,95.5(4.95 %),1320,120780000,2750,252900000,1439,49.0
06/03/2012,-10900,-1026400000,92.5(-3.14 %),0,0,10900,1026400000,12339,49.0
07/03/2012,0,0,93.5(1.08 %),0,0,0,0,12339,49.0
08/03/2012,0,0,91.5(-2.14 %),0,0,0,0,12339,49.0
09/03/2012,2330,214360000,91(-0.55 %),2750,253000000,420,38640000,10009,49.0
12/03/2012,10900,1002800000,91.5(0.55 %),10900,1002800000,0,0,0,49.0
13/03/2012,0,0,91.5(0.00 %),75000,7200000000,75000,7200000000,9,49.0
14/03/2012,0,0,91.5(0.00 %),0,0,0,0,9,49.0
15/03/2012,420,38640000,92.5(1.09 %),420,38640000,0,0,0,49.0
16/03/2012,-2190,-202575000,91.5(-1.08 %),0,0,2190,202575000,9,49.0
19/03/2012,0,0,91.5(0.00 %),0,0,0,0,9,49.0
20/03/2012,-180,-16470000,91.5(0.00 %),100000,9600000000,100180,9616470000,189,49.0
21/03/2012,-780,-71370000,91.5(0.00 %),0,0,780,71370000,969,49.0
22/03/2012,1440,131760000,91.5(0.00 %),291230,26647545000,289790,26515785000,0,49.0
23/03/2012,0,0,96(4.92 %),0,0,0,0,9,49.0
26/03/2012,180,17280000,94.5(-1.56 %),180,17280000,0,0,0,49.0
27/03/2012,-5010,-469145000,92.5(-2.12 %),780,73710000,5790,542855000,9,49.0
28/03/2012,750,69375000,93.5(1.08 %),750,69375000,0,0,0,49.0
29/03/2012,-300,-27900000,92.5(-1.07 %),20000,1960000000,20300,1987900000,9,49.0
30/03/2012,-700,-64650000,92(-0.54 %),0,0,700,64650000,709,49.0
03/04/2012,5790,532680000,93(1.09 %),5790,532680000,0,0,9,49.0
04/04/2012,-1500,-139250000,93(0.00 %),0,0,1500,139250000,1509,49.0
05/04/2012,300,27750000,93(0.00 %),300,27750000,0,0,1209,49.0
06/04/2012,700,64750000,92.5(1.65 %),700,64750000,0,0,509,49.0
09/04/2012,-100,-9200000,92(-0.54 %),0,0,100,9200000,609,49.0
10/04/2012,-4500,-414000000,91.5(-0.54 %),1500,138000000,6000,552000000,5109,49.0
11/04/2012,0,0,91.5(0.00 %),20000,1920000000,20000,1920000000,5109,49.0
12/04/2012,-1500,-137250000,91.5(0.00 %),50000,4800000000,51500,4937250000,6609,49.0
13/04/2012,-400,-36350000,91(-0.55 %),100,9150000,500,45500000,7009,49.0
16/04/2012,6010,549915000,91(0.00 %),6010,549915000,0,0,999,49.0
17/04/2012,-1280,-115840000,91(0.00 %),0,0,1280,115840000,2279,49.0
18/04/2012,1500,136500000,91(0.00 %),1500,136500000,0,0,779,49.0
19/04/2012,-50,-4550000,90(-1.10 %),40500,3865500000,40550,3870050000,829,49.0
20/04/2012,0,0,90(0.00 %),0,0,0,0,829,49.0
23/04/2012,1280,115200000,90(0.00 %),1280,115200000,0,0,0,49.0
24/04/2012,-280,-25200000,90(0.00 %),0,0,280,25200000,4,49.0
25/04/2012,550,49500000,90(0.00 %),550,49500000,0,0,0,49.0
26/04/2012,0,0,91(1.11 %),20000,1890000000,20000,1890000000,4,49.0
27/04/2012,0,0,90.5(-0.55 %),0,0,0,0,4,49.0
02/05/2012,280,25340000,90.5(0.00 %),280,25340000,0,0,4,49.0
03/05/2012,0,0,90(-0.55 %),110000,10200000000,110000,10200000000,4,49.0
04/05/2012,0,0,90(0.00 %),0,0,0,0,4,49.0
07/05/2012,0,0,90(0.00 %),24350,2301075000,24350,2301075000,4,49.0
08/05/2012,0,0,90(0.00 %),118810,11227545000,118810,11227545000,4,49.0
09/05/2012,0,0,90.5(0.56 %),20000,1890000000,20000,1890000000,4,49.0
10/05/2012,-5910,-531900000,90(-0.55 %),0,0,5910,531900000,5914,49.0
11/05/2012,0,0,90(0.00 %),0,0,0,0,5914,49.0
14/05/2012,0,0,89.5(-0.56 %),0,0,0,0,5914,49.0
15/05/2012,-3000,-268500000,89(-0.56 %),198000,18513000000,201000,18781500000,8914,49.0
16/05/2012,5760,512640000,88(-1.12 %),5910,525990000,150,13350000,3154,49.0
17/05/2012,-960,-84480000,88(0.00 %),0,0,960,84480000,4114,49.0
18/05/2012,0,0,87.5(-0.57 %),0,0,0,0,4114,49.0
21/05/2012,3000,264000000,89(1.71 %),342910,28646485000,339910,28382485000,1114,49.0
22/05/2012,-1660,-146240000,88(-1.12 %),150,13200000,1810,159440000,2774,49.0
23/05/2012,960,84000000,87.5(-0.57 %),188820,16801750000,187860,16717750000,1814,49.0
24/05/2012,-750,-65250000,86.5(-1.14 %),220890,20138320000,221640,20203570000,2564,49.0
25/05/2012,0,0,87.5(1.16 %),0,0,0,0,2564,49.0
28/05/2012,1810,159280000,87(-0.57 %),1810,159280000,0,0,754,49.0
29/05/2012,-580,-50460000,87.5(0.57 %),0,0,580,50460000,1334,49.0
30/05/2012,750,66000000,87.5(0.00 %),750,66000000,0,0,584,49.0
31/05/2012,-6000,-519030000,86.5(-1.14 %),0,0,6000,519030000,6584,49.0
01/06/2012,0,0,87(0.58 %),28490,2578345000,28490,2578345000,4,49.0
04/06/2012,580,50170000,86(-1.15 %),580,50170000,0,0,0,49.0
05/06/2012,-300,-25800000,86.5(0.58 %),69600,5707200000,69900,5733000000,304,49.0
06/06/2012,6000,522000000,86(-0.58 %),26000,2332000000,20000,1810000000,0,49.0
07/06/2012,0,0,86(0.00 %),0,0,0,0,4,49.0
08/06/2012,-10300,-882240000,85.5(-0.58 %),39120,3520800000,49420,4403040000,10304,49.0
11/06/2012,300,25650000,86(0.58 %),300,25650000,0,0,10004,49.0
12/06/2012,-3300,-282150000,86(0.00 %),187000,16830000000,190300,17112150000,13304,49.0
13/06/2012,0,0,86(0.00 %),37600,3384000000,37600,3384000000,13304,49.0
14/06/2012,9880,849545000,86.5(0.58 %),10300,885800000,420,36255000,3424,49.0
15/06/2012,0,0,88.5(2.31 %),30000,2715000000,30000,2715000000,3424,49.0
18/06/2012,3300,292050000,88(-0.56 %),25800,2193300000,22500,1901250000,124,49.0
19/06/2012,-150,-13200000,88(0.00 %),50000,4600000000,50150,4613200000,274,49.0
20/06/2012,50,4585000,87.5(-0.57 %),420,36960000,370,32375000,224,49.0
21/06/2012,0,0,86.5(-1.14 %),0,0,0,0,224,49.0
22/06/2012,0,0,86.5(0.00 %),0,0,0,0,224,49.0
25/06/2012,-320,-27680000,86.5(0.00 %),150,12975000,470,40655000,544,49.0
26/06/2012,-12900,-1109400000,86(-0.58 %),370,31820000,13270,1141220000,13444,49.0
27/06/2012,-3500,-301000000,86(0.00 %),0,0,3500,301000000,16944,49.0
28/06/2012,-13500,-1158845000,86(0.00 %),0,0,13500,1158845000,30444,48.99
29/06/2012,-6290,-554225000,88(2.33 %),20470,1840655000,26760,2394880000,36734,48.99
02/07/2012,12450,1095600000,87.5(-0.57 %),13270,1167760000,820,72160000,4,49.0
03/07/2012,3500,304500000,87(-0.57 %),53500,4829500000,50000,4525000000,0,49.0
04/07/2012,12750,1116375000,87(0.00 %),13500,1181250000,750,64875000,4,49.0
05/07/2012,6760,588120000,87(0.00 %),6760,588120000,0,0,0,49.0
06/07/2012,820,71340000,86.5(-0.57 %),820,71340000,0,0,4,49.0
09/07/2012,-11680,-1003305000,85.5(-1.16 %),39000,3529500000,50680,4532805000,11684,49.0
10/07/2012,-25260,-2160335000,85.5(0.00 %),70750,6329125000,96010,8489460000,36944,48.99
11/07/2012,-530,-45315000,86(0.58 %),0,0,530,45315000,37474,48.99
12/07/2012,0,0,86.5(0.58 %),150000,13500000000,150000,13500000000,37474,48.99
13/07/2012,11680,1016160000,87.5(1.16 %),11680,1016160000,0,0,25794,49.0
16/07/2012,26010,2379870000,86.5(-1.14 %),26010,2379870000,0,0,0,49.0
17/07/2012,530,45580000,86.5(0.00 %),94530,8176580000,94000,8131000000,4,49.0
18/07/2012,0,0,87.5(1.16 %),0,0,0,0,4,49.0
19/07/2012,0,0,87.5(0.00 %),85000,7417500000,85000,7417500000,4,49.0
20/07/2012,-2400,-210000000,87.5(0.00 %),0,0,2400,210000000,2404,49.0
23/07/2012,0,0,87(-0.57 %),0,0,0,0,2404,49.0
24/07/2012,-5250,-454125000,87(0.00 %),0,0,5250,454125000,7654,49.0
25/07/2012,0,0,87(0.00 %),100000,9100000000,100000,9100000000,7654,49.0
26/07/2012,2400,208800000,87(0.00 %),2400,208800000,0,0,5254,49.0
27/07/2012,0,0,87(0.00 %),32265,2936115000,32265,2936115000,5254,49.0
30/07/2012,5250,459375000,89(2.30 %),33070,2990995000,27820,2531620000,4,49.0
31/07/2012,-1500,-133500000,89.5(0.56 %),22820,2122260000,24320,2255760000,1504,49.0
01/08/2012,-250,-22250000,89(-0.56 %),58360,5456660000,58610,5478910000,4,49.0
02/08/2012,0,0,93(4.49 %),27750,2580750000,27750,2580750000,4,49.0
03/08/2012,-5630,-548925000,97.5(4.84 %),0,0,5630,548925000,5634,49.0
06/08/2012,-33370,-3403740000,102(4.62 %),1500,153000000,34870,3556740000,39004,48.99
07/08/2012,250,26000000,103(0.98 %),380250,40686000000,380000,40660000000,38754,48.99
08/08/2012,-18000,-1819380000,102(-0.97 %),60000,6480000000,78000,8299380000,56754,48.99
09/08/2012,5630,579890000,105(2.94 %),5630,579890000,0,0,51124,48.99
10/08/2012,34870,3752480000,104(-0.95 %),1134870,124752480000,1100000,121000000000,16254,49.0
13/08/2012,0,0,106(1.92 %),20000,2180000000,20000,2180000000,16254,49.0
14/08/2012,4220,446540000,111(4.72 %),2043000,226701000000,2038780,226254460000,12034,49.0
15/08/2012,0,0,115(3.60 %),3694890,414856140000,3694890,414856140000,12034,49.0
16/08/2012,0,0,113(-1.74 %),250000,30000000000,250000,30000000000,12034,49.0
17/08/2012,-9000,-999000000,111(-1.77 %),20000,2360000000,29000,3359000000,21034,49.0
20/08/2012,5780,636580000,112(0.90 %),38780,4429580000,33000,3793000000,15254,49.0
21/08/2012,0,0,105(-4.55 %),464500,53417500000,464500,53417500000,15254,49.0
22/08/2012,0,0,107(1.90 %),0,0,0,0,15254,49.0
23/08/2012,9000,954000000,102(-4.67 %),134000,14954000000,125000,14000000000,6254,49.0
24/08/2012,8000,784000000,104(1.96 %),8000,784000000,0,0,0,49.0
27/08/2012,0,0,102(-1.92 %),0,0,0,0,4,49.0
28/08/2012,-11500,-1173500000,103(0.98 %),0,0,11500,1173500000,11504,49.0
29/08/2012,0,0,104(0.97 %),0,0,0,0,11504,49.0
30/08/2012,0,0,103(-0.96 %),150000,16350000000,150000,16350000000,11504,49.0
31/08/2012,0,0,105(1.94 %),0,0,0,0,11504,49.0
04/09/2012,11500,1207500000,107(1.90 %),11500,1207500000,0,0,4,49.0
05/09/2012,-300,-31500000,107(0.00 %),45000,5040000000,45300,5071500000,304,49.0
06/09/2012,-8520,-901120000,105(-1.87 %),110000,12320000000,118520,13221120000,8824,49.0
07/09/2012,0,0,106(0.95 %),0,0,0,0,8824,49.0
10/09/2012,0,0,104(-1.89 %),20000,2220000000,20000,2220000000,8824,49.0
11/09/2012,-2130,-223950000,105(0.96 %),20300,2211200000,22430,2435150000,10954,49.0
12/09/2012,5520,585120000,106(0.95 %),8520,903120000,3000,318000000,5434,49.0
13/09/2012,0,0,106(0.00 %),0,0,0,0,5434,49.0
14/09/2012,-3000,-324000000,110(3.77 %),20000,2120000000,23000,2444000000,8434,49.0
17/09/2012,2430,267300000,111(0.91 %),150065,17245325000,147635,16978025000,6004,49.0
18/09/2012,-2750,-298270000,108(-2.70 %),113000,13093000000,115750,13391270000,8754,49.0
19/09/2012,-3570,-387060000,110(1.85 %),0,0,3570,387060000,12324,49.0
20/09/2012,2480,272800000,110(0.00 %),3000,330000000,520,57200000,9844,49.0
21/09/2012,-2000,-222000000,111(0.91 %),20000,2300000000,22000,2522000000,11844,49.0
24/09/2012,5750,632500000,110(-0.90 %),5750,632500000,0,0,6094,49.0
25/09/2012,-330,-36770000,113(2.73 %),3570,396270000,3900,433040000,6424,49.0
26/09/2012,-5730,-660740000,116(2.65 %),40520,4778760000,46250,5439500000,12154,49.0
27/09/2012,2000,234000000,118(1.72 %),27000,3259000000,25000,3025000000,10154,49.0
28/09/2012,-6500,-761500000,117(-0.85 %),180000,22140000000,186500,22901500000,16654,49.0
01/10/2012,900,105300000,116(-0.85 %),58030,7060160000,57130,6954860000,4,49.0
02/10/2012,6180,716880000,114(-1.72 %),6250,725000000,70,8120000,0,49.0
03/10/2012,-2100,-241500000,115(0.88 %),0,0,2100,241500000,4,49.0
04/10/2012,5000,581500000,115(0.00 %),36500,4354000000,31500,3772500000,0,49.0
05/10/2012,2850,327750000,115(0.00 %),3000,345000000,150,17250000,4,49.0
08/10/2012,-8780,-1009700000,118(2.61 %),25070,3008050000,33850,4017750000,8784,49.0
09/10/2012,2100,247800000,118(0.00 %),2100,247800000,0,0,6684,49.0
10/10/2012,780,92040000,118(0.00 %),41500,5097000000,40720,5004960000,5904,49.0
11/10/2012,150,17700000,118(0.00 %),20150,2477700000,20000,2460000000,5754,49.0
12/10/2012,7950,938100000,118(0.00 %),28850,3504300000,20900,2566200000,0,49.0
15/10/2012,-6500,-795000000,123(4.24 %),50000,6150000000,56500,6945000000,4,49.0
16/10/2012,-18780,-2354490000,128(4.07 %),171795,22157235000,190575,24511725000,18784,49.0
17/10/2012,0,0,127(-0.78 %),155770,20873180000,155770,20873180000,18784,49.0
18/10/2012,660,83100000,130(2.36 %),900,114300000,240,31200000,18124,49.0
19/10/2012,6050,798600000,133(2.31 %),161900,21992400000,155850,21193800000,12074,49.0
22/10/2012,9000,1216390000,136(2.26 %),395660,53118740000,386660,51902350000,3074,49.0
23/10/2012,-14370,-1940450000,136(0.00 %),95790,13602180000,110160,15542630000,17444,49.0
24/10/2012,240,32640000,133(-2.21 %),260240,36952640000,260000,36920000000,17204,49.0
25/10/2012,-2550,-324380000,127(-4.51 %),555450,75747450000,558000,76071830000,19754,49.0
26/10/2012,9000,1140000000,129(1.57 %),10500,1333500000,1500,193500000,10754,13.04
29/10/2012,13530,1760580000,128(-0.78 %),544370,70478100000,530840,68717520000,0,49.0
30/10/2012,-150,-19050000,127(-0.78 %),33000,4422000000,33150,4441050000,4,49.0
31/10/2012,3000,381000000,125(-1.57 %),23000,3041000000,20000,2660000000,0,49.0
01/11/2012,1430,178750000,127(1.60 %),491500,63931500000,490070,63752750000,4,49.0
02/11/2012,-5400,-663360000,121(-4.72 %),840,104160000,6240,767520000,5404,49.0
05/11/2012,150,18150000,126(4.13 %),35150,4463150000,35000,4445000000,5254,49.0
06/11/2012,-310,-39370000,127(0.79 %),45000,5815000000,45310,5854370000,5564,49.0
07/11/2012,-2250,-286000000,127(0.00 %),25070,3198960000,27320,3484960000,7814,49.0
08/11/2012,6240,786240000,125(-1.57 %),6240,786240000,0,0,1574,49.0
09/11/2012,0,0,126(0.80 %),0,0,0,0,1574,49.0
12/11/2012,10,1260000,127(0.79 %),28310,3735060000,28300,3733800000,1564,49.0
13/11/2012,2320,294640000,126(-0.79 %),2320,294640000,0,0,0,49.0
14/11/2012,0,0,132(4.76 %),30000,3960000000,30000,3960000000,4,49.0
15/11/2012,0,0,132(0.00 %),40000,5331880000,40000,5331880000,4,49.0
16/11/2012,-900,-116700000,130(-1.52 %),300,39300000,1200,156000000,904,49.0
19/11/2012,-3000,-387000000,129(-0.77 %),137000,17698345000,140000,18085345000,3904,49.0
20/11/2012,-7500,-970000000,130(0.78 %),0,0,7500,970000000,11404,49.0
21/11/2012,0,0,130(0.00 %),60000,8160000000,60000,8160000000,11404,49.0
22/11/2012,1200,156000000,130(0.00 %),1200,156000000,0,0,10204,49.0
23/11/2012,-5900,-758200000,130(0.00 %),3000,393000000,8900,1151200000,16104,49.0
26/11/2012,4000,526400000,128(-1.54 %),7500,975000000,3500,448600000,12104,49.0
27/11/2012,0,0,129(0.78 %),20000,2680000000,20000,2680000000,12104,49.0
28/11/2012,0,0,128(-0.78 %),126000,16134300000,126000,16134300000,12104,49.0
29/11/2012,4220,544580000,129(0.78 %),8900,1148100000,4680,603520000,7884,49.0
30/11/2012,3500,451500000,129(0.00 %),1992250,245787750000,1988750,245336250000,4384,49.0
03/12/2012,0,0,129(0.00 %),35000,4725000000,35000,4725000000,4,49.0
04/12/2012,0,0,130(0.78 %),398095,52111865000,398095,52111865000,4,49.0
05/12/2012,4680,608400000,131(0.77 %),4680,608400000,0,0,0,49.0
06/12/2012,0,0,130(-0.76 %),0,0,0,0,4,49.0
07/12/2012,0,0,130(0.00 %),153000,19880973000,153000,19880973000,4,49.0
10/12/2012,0,0,130(0.00 %),0,0,0,0,4,49.0
11/12/2012,-1800,-234000000,128(-1.54 %),30000,4080000000,31800,4314000000,1804,49.0
12/12/2012,0,0,127(-0.78 %),20000,2680000000,20000,2680000000,1804,49.0
13/12/2012,-1020,-129540000,127(0.00 %),39000,4952376000,40020,5081916000,2824,49.0
14/12/2012,0,0,128(0.79 %),30000,3990000000,30000,3990000000,1804,49.0
17/12/2012,1800,230400000,125(-2.34 %),232800,29405700000,231000,29175300000,4,49.0
18/12/2012,-4480,-556000000,124(-0.80 %),20000,2620000000,24480,3176000000,4484,49.0
19/12/2012,1020,87720000,84.5(2.18 %),1020,87720000,0,0,3464,49.0
20/12/2012,0,0,84(-0.59 %),0,0,0,0,3464,49.0
21/12/2012,0,0,83(-1.19 %),30000,2640000000,30000,2640000000,3464,49.0
24/12/2012,4480,371840000,83.5(0.60 %),4480,371840000,0,0,0,49.0
25/12/2012,0,0,85(1.80 %),0,0,0,0,4,49.0
26/12/2012,0,0,88(3.53 %),50000,4450000000,50000,4450000000,4,49.0
27/12/2012,0,0,88(0.00 %),30000,2760000000,30000,2760000000,4,49.0
28/12/2012,0,0,88(0.00 %),20000,1840000000,20000,1840000000,4,49.0
02/01/2013,0,0,87(-1.14 %),119843,10786184000,119843,10786184000,4,49.0
03/01/2013,0,0,86.5(-0.57 %),30000,2730000000,30000,2730000000,4,49.0
04/01/2013,0,0,88(1.73 %),0,0,0,0,4,49.0
07/01/2013,0,0,88(0.00 %),30000,2760000000,30000,2760000000,4,49.0
08/01/2013,0,0,92(4.55 %),367040,33417891000,367040,33417891000,4,49.0
09/01/2013,-4950,-477675000,95.5(3.80 %),20000,1840000000,24950,2317675000,4954,49.0
10/01/2013,-1000,-95500000,100(4.71 %),2790000,278760260000,2791000,278855760000,5954,49.0
11/01/2013,0,0,103(3.00 %),530000,55650000000,530000,55650000000,5954,49.0
14/01/2013,0,0,99.5(-3.40 %),350000,37250000000,350000,37250000000,5954,49.0
15/01/2013,3150,310950000,100(0.50 %),504950,52990050000,501800,52679100000,2804,49.0
16/01/2013,0,0,99.5(-0.50 %),31000,2890000000,31000,2890000000,2804,49.0
17/01/2013,0,0,98(-1.51 %),70000,6894510000,70000,6894510000,2804,49.0
18/01/2013,0,0,97.5(-0.51 %),0,0,0,0,2804,49.0
21/01/2013,1800,176400000,96.5(-1.03 %),121800,12656400000,120000,12480000000,1004,49.0
22/01/2013,-1400,-134400000,96.5(0.00 %),116000,11941000000,117400,12075400000,2404,49.0
23/01/2013,-1100,-108600000,98(1.55 %),0,0,1100,108600000,0,49.0
24/01/2013,-29430,-2912275000,99(1.02 %),50000,5200000000,79430,8112275000,0,49.0
25/01/2013,-6270,-622590000,99.5(0.51 %),0,0,6270,622590000,39204,49.0
28/01/2013,-3370,-341780000,105(5.53 %),20000,2120000000,23370,2461780000,42574,48.99
29/01/2013,-7010,-729040000,104(-0.95 %),20000,2240000000,27010,2969040000,49584,48.99
30/01/2013,0,0,103(-0.96 %),80000,8740000000,80000,8740000000,49584,48.99
31/01/2013,-1440,-147780000,101(-1.94 %),110000,11991480000,111440,12139260000,51024,48.99
01/02/2013,-5750,-579750000,102(0.99 %),181320,18374832000,187070,18954582000,56774,48.99
04/02/2013,0,0,101(-0.98 %),0,0,0,0,56774,48.99
05/02/2013,0,0,99.5(-1.49 %),361130,39002040000,361130,39002040000,56774,48.99
06/02/2013,-500,-50000000,103(3.52 %),30000,3180000000,30500,3230000000,57274,48.99
07/02/2013,-9000,-919800000,102(-0.97 %),0,0,9000,919800000,66274,48.99
08/02/2013,-1500,-153000000,102(0.00 %),50000,5450000000,51500,5603000000,67774,48.99
18/02/2013,-13580,-1387740000,102(0.00 %),74650,8136850000,88230,9524590000,81354,48.99
19/02/2013,-3790,-382790000,101(-0.98 %),40000,4360000000,43790,4742790000,85144,48.99
20/02/2013,0,0,104(2.97 %),33000,3564000000,33000,3564000000,85144,48.99
21/02/2013,0,0,101(-2.88 %),383460,41026415000,383460,41026415000,85144,48.99
22/02/2013,-15340,-1573180000,102(0.99 %),33000,3564000000,48340,5137180000,100484,48.99
25/02/2013,0,0,103(0.98 %),68000,7412000000,68000,7412000000,100484,48.99
26/02/2013,-500,-51000000,101(-1.94 %),1521970,167416700000,1522470,167467700000,100984,48.99
27/02/2013,-8600,-877200000,102(0.99 %),135230,14604840000,143830,15482040000,109584,48.99
28/02/2013,0,0,103(0.98 %),20000,2060020000,20000,2060020000,109584,48.99
01/03/2013,0,0,103(0.00 %),85000,8755510000,85000,8755510000,109584,48.99
04/03/2013,-3000,-309000000,102(-0.97 %),813200,78347200000,816200,78656200000,112584,48.99
05/03/2013,4990,508980000,103(0.98 %),355050,36215100000,350060,35706120000,107594,48.99
06/03/2013,-2290,-240450000,105(1.94 %),150000,16500000000,152290,16740450000,109884,48.99
07/03/2013,-6000,-624000000,105(0.00 %),0,0,6000,624000000,115884,48.99
08/03/2013,-2570,-267280000,104(-0.95 %),353000,36187000000,355570,36454280000,118454,48.99
11/03/2013,60,6240000,105(0.96 %),60,6240000,0,0,118394,48.99
12/03/2013,1990,206960000,104(-0.95 %),2300,239200000,310,32240000,116404,48.99
13/03/2013,2130,221520000,104(0.00 %),6000,624000000,3870,402480000,114274,48.99
14/03/2013,5570,579280000,104(0.00 %),5570,579280000,0,0,108704,48.99
15/03/2013,0,0,104(0.00 %),0,0,0,0,108704,48.99
18/03/2013,-4680,-491720000,105(0.96 %),57320,6031789000,62000,6523509000,113384,48.99
19/03/2013,-10980,-1149030000,105(0.00 %),23870,2650220000,34850,3799250000,124364,48.99
20/03/2013,-300,-32100000,107(1.90 %),63700,7134400000,64000,7166500000,124664,48.99
21/03/2013,-4980,-550800000,111(3.74 %),264220,28271540000,269200,28822340000,129644,48.98
22/03/2013,4700,526100000,113(1.80 %),89070,10480260000,84370,9954160000,124944,48.99
25/03/2013,8450,963000000,115(1.77 %),1534850,184092900000,1526400,183129900000,116494,48.99
26/03/2013,-13050,-1488400000,113(-1.74 %),57300,7045500000,70350,8533900000,129544,48.98
27/03/2013,3980,449740000,113(0.00 %),4980,562740000,1000,113000000,125564,48.98
28/03/2013,-1560,-176040000,115(1.77 %),20300,2434200000,21860,2610240000,127124,48.98
29/03/2013,6100,694900000,116(0.87 %),6400,729600000,300,34700000,121024,48.99
01/04/2013,8300,947350000,122(5.17 %),33350,3965390000,25050,3018040000,1,49.0
02/04/2013,-7230,-892110000,122(0.00 %),51000,6622000000,58230,7514110000,7231,49.0
03/04/2013,1660,200760000,123(0.82 %),61860,7686020000,60200,7485260000,5571,49.0
04/04/2013,-8890,-1093390000,120(-2.44 %),70300,8921600000,79190,10014990000,14461,49.0
05/04/2013,-450,-59850000,123(2.50 %),55050,6879550000,55500,6939400000,14911,49.0
08/04/2013,7630,937890000,125(1.63 %),138230,17762290000,130600,16824400000,7281,49.0
09/04/2013,-2110,-264150000,129(3.20 %),120200,15985000000,122310,16249150000,9391,49.0
10/04/2013,5540,733800000,126(-2.33 %),324190,43651480000,318650,42917680000,3851,49.0
11/04/2013,-450,-56600000,128(1.59 %),25500,3384000000,25950,3440600000,4301,49.0
12/04/2013,-5350,-674500000,125(-2.34 %),115200,15662400000,120550,16336900000,9651,49.0
15/04/2013,-2790,-341560000,120(-4.00 %),72310,9172100000,75100,9513660000,12441,49.0
16/04/2013,-14550,-1718450000,121(0.83 %),458779,58690862000,473329,60409312000,26991,49.0
17/04/2013,5750,707250000,124(2.48 %),105950,13631850000,100200,12924600000,21241,49.0
18/04/2013,-670,-84740000,123(-0.81 %),105950,13925900000,106620,14010640000,21911,49.0
22/04/2013,-1750,-215750000,122(-0.81 %),5100,622200000,6850,837950000,23661,49.0
23/04/2013,16030,1989890000,125(2.46 %),123200,15606800000,107170,13616910000,7631,49.0
24/04/2013,200,25000000,125(0.00 %),20200,2515060000,20000,2490060000,7431,49.0
25/04/2013,2620,327500000,126(0.80 %),26620,3487500000,24000,3160000000,4811,49.0
26/04/2013,-50,-6300000,124(-1.59 %),66850,8903100000,66900,8909400000,4861,49.0
02/05/2013,2170,266910000,122(-1.61 %),26990,3344590000,24820,3077680000,3,49.0
03/05/2013,0,0,123(0.82 %),0,0,0,0,3,49.0
06/05/2013,4000,496000000,125(1.63 %),4000,496000000,0,0,0,49.0
07/05/2013,6900,862500000,124(-0.80 %),6900,862500000,0,0,3,49.0
08/05/2013,0,0,124(0.00 %),0,0,0,0,3,49.0
09/05/2013,0,0,124(0.00 %),0,0,0,0,3,49.0
10/05/2013,0,0,124(0.00 %),0,0,0,0,3,49.0
13/05/2013,-3000,-369000000,124(0.00 %),0,0,3000,369000000,3003,49.0
14/05/2013,-14350,-1767150000,124(0.00 %),0,0,14350,1767150000,17353,49.0
15/05/2013,0,0,124(0.00 %),97638,12888216000,97638,12888216000,17353,49.0
16/05/2013,-9520,-1180480000,125(0.81 %),0,0,9520,1180480000,26873,49.0
17/05/2013,1000,125000000,125(0.00 %),33500,4431500000,32500,4306500000,25873,49.0
20/05/2013,14350,1808100000,126(0.80 %),54350,7128100000,40000,5320000000,11523,49.0
21/05/2013,-450,-58050000,128(1.59 %),0,0,450,58050000,11973,49.0
22/05/2013,8530,1100370000,130(1.56 %),9520,1228080000,990,127710000,3443,49.0
23/05/2013,1200,156800000,130(0.00 %),27000,3735000000,25800,3578200000,2243,49.0
24/05/2013,-5560,-723810000,131(0.77 %),64760,9001540000,70320,9725350000,7803,49.0
27/05/2013,450,59400000,134(2.29 %),500450,70059400000,500000,70000000000,7353,49.0
28/05/2013,90,13050000,135(0.75 %),990,133650000,900,120600000,7263,49.0
29/05/2013,800,108000000,133(-1.48 %),94300,13572000000,93500,13464000000,6463,49.0
30/05/2013,2180,294120000,134(0.75 %),5570,746380000,3390,452260000,4283,49.0
31/05/2013,-1350,-180900000,134(0.00 %),71000,10153000000,72350,10333900000,5633,49.0
03/06/2013,-2500,-333000000,133(-0.75 %),900,120600000,3400,453600000,8,49.0
04/06/2013,-6350,-842300000,132(-0.75 %),23500,3337000000,29850,4179300000,6358,49.0
05/06/2013,2940,390570000,134(1.52 %),73560,10224840000,70620,9834270000,3418,49.0
06/06/2013,-1600,-214850000,135(0.75 %),41350,5900900000,42950,6115750000,5018,49.0
07/06/2013,3400,462400000,136(0.74 %),3400,462400000,0,0,1618,49.0
10/06/2013,4350,595950000,138(1.47 %),6350,869950000,2000,274000000,0,49.0
11/06/2013,450,62550000,140(1.45 %),67859,9971673000,67409,9909123000,8,49.0
12/06/2013,-2300,-319000000,139(-0.71 %),163940,24400510000,166240,24719510000,2308,49.0
13/06/2013,-5850,-807300000,138(-0.72 %),20000,2960000000,25850,3767300000,8158,49.0
14/06/2013,2000,274000000,137(0.74 %),52000,7524000000,50000,7250000000,6158,49.0
17/06/2013,0,0,132(-3.65 %),300000,43800000000,300000,43800000000,6158,49.0
18/06/2013,1660,214620000,133(0.76 %),177760,24116820000,176100,23902200000,4498,49.0
19/06/2013,5850,789750000,135(1.50 %),25850,3629750000,20000,2840000000,0,49.0
20/06/2013,-1930,-260550000,134(-0.74 %),60000,8640000000,61930,8900550000,3,49.0
21/06/2013,-1620,-215460000,134(0.00 %),100000,13309000000,101620,13524460000,1623,49.0
24/06/2013,3600,486000000,134(0.00 %),1068798,135321414000,1065198,134835414000,0,49.0
25/06/2013,0,0,130(-2.99 %),20000,2860000000,20000,2860000000,3,49.0
26/06/2013,-1070,-139100000,130(0.00 %),378100,52538530000,379170,52677630000,1073,49.0
27/06/2013,-8280,-1084680000,132(1.54 %),658995,91587345000,667275,92672025000,9353,49.0
28/06/2013,0,0,132(0.00 %),0,0,0,0,9353,49.0
01/07/2013,0,0,131(-0.76 %),25017,3302244000,25017,3302244000,3,49.0
02/07/2013,-1270,-172510000,135(3.05 %),3000,399000000,4270,571510000,1273,49.0
03/07/2013,8600,1161000000,134(-0.74 %),79900,11416500000,71300,10255500000,0,49.0
04/07/2013,0,0,134(0.00 %),176000,25008000000,176000,25008000000,3,49.0
05/07/2013,-6520,-873680000,134(0.00 %),20000,2860000000,26520,3733680000,6523,49.0
08/07/2013,3920,525280000,134(0.00 %),154270,22022180000,150350,21496900000,2603,49.0
09/07/2013,-14230,-1936470000,136(1.49 %),1300,175500000,15530,2111970000,16833,49.0
10/07/2013,-8550,-1162800000,136(0.00 %),1250000,181250000000,1258550,182412800000,25383,49.0
11/07/2013,6520,886720000,136(0.00 %),89115,12862995000,82595,11976275000,18863,49.0
12/07/2013,-650,-87400000,137(0.74 %),350,47600000,1000,135000000,19513,49.0
15/07/2013,15530,2127610000,137(0.00 %),115530,16727610000,100000,14600000000,3983,49.0
16/07/2013,8550,1171350000,139(1.46 %),168550,24531350000,160000,23360000000,0,49.0
17/07/2013,0,0,140(0.72 %),20000,2960000000,20000,2960000000,3,49.0
18/07/2013,-250,-36000000,140(0.00 %),709000,105631000000,709250,105667000000,253,49.0
19/07/2013,0,0,144(2.86 %),768000,114432000000,768000,114432000000,253,49.0
22/07/2013,-400,-57600000,145(0.69 %),835000,127015000000,835400,127072600000,653,49.0
23/07/2013,-5000,-725000000,145(0.00 %),125000,18625000000,130000,19350000000,5653,49.0
24/07/2013,-3330,-475790000,142(-2.07 %),758370,113142970000,761700,113618760000,8983,49.0
25/07/2013,-870,-124410000,143(0.70 %),355200,52631700000,356070,52756110000,9853,49.0
26/07/2013,400,57200000,144(0.70 %),830970,126634410000,830570,126577210000,9453,49.0
29/07/2013,-5800,-819200000,141(-2.08 %),233920,35344760000,239720,36163960000,15253,49.0
30/07/2013,-1790,-253280000,142(0.71 %),79580,11900360000,81370,12153640000,17043,49.0
31/07/2013,870,123540000,145(2.11 %),283990,42700360000,283120,42576820000,16173,49.0
01/08/2013,0,0,145(0.00 %),640575,95863545000,640575,95863545000,8,49.0
02/08/2013,10800,1576800000,146(0.69 %),259800,38926800000,249000,37350000000,0,49.0
05/08/2013,-32020,-4635920000,144(-1.37 %),1158280,173716520000,1190300,178352440000,8,49.0
06/08/2013,0,0,146(1.39 %),185000,27750000000,185000,27750000000,8,49.0
07/08/2013,-21300,-3088500000,145(-0.68 %),197000,28812000000,218300,31900500000,21308,49.0
08/08/2013,-500,-72000000,145(0.00 %),0,0,500,72000000,21808,49.0
09/08/2013,38390,5576290000,145(0.00 %),38390,5576290000,0,0,0,49.0
12/08/2013,0,0,145(0.00 %),347000,52050000000,347000,52050000000,21308,49.0
13/08/2013,21300,3195000000,147(1.38 %),251300,37695000000,230000,34500000000,8,49.0
14/08/2013,500,73500000,149(1.36 %),350500,52573500000,350000,52500000000,0,49.0
15/08/2013,-15100,-2265000000,151(1.34 %),722550,108971390000,737650,111236390000,8,49.0
16/08/2013,-70580,-10537580000,150(-0.66 %),29310,4425810000,99890,14963390000,70588,48.99
19/08/2013,-335140,-50143980000,150(0.00 %),0,0,335140,50143980000,405728,48.95
20/08/2013,-182900,-26804740000,146(-1.35 %),30000,4389180000,212900,31193920000,588628,48.93
21/08/2013,-22410,-3245710000,146(0.00 %),152090,22334290000,174500,25580000000,611038,48.93
22/08/2013,-140320,-20110820000,143(-2.05 %),94550,13644330000,234870,33755150000,751358,48.91
23/08/2013,-294310,-40476200000,136(-4.90 %),92120,12757390000,386430,53233590000,1045668,48.87
26/08/2013,70820,9345270000,140(2.94 %),375640,50424165000,304820,41078895000,974848,48.88
27/08/2013,153150,21224500000,139(-0.71 %),232580,32330000000,79430,11105500000,821698,48.9
28/08/2013,-71875,-9702800000,133(-4.32 %),213115,28738110000,284990,38440910000,893573,48.89
29/08/2013,-82670,-10909940000,132(-0.75 %),519440,69676930000,602110,80586870000,976243,48.88
30/08/2013,-160190,-20793770000,130(-1.52 %),341140,44351326000,501330,65145096000,1136433,48.86
03/09/2013,66780,8860720000,133(2.31 %),79430,10535270000,12650,1674550000,3,49.0
04/09/2013,251470,34441250000,136(2.26 %),484990,66399690000,233520,31958440000,0,49.03
05/09/2013,399840,56002560000,139(2.21 %),402110,56320360000,2270,317800000,3,49.0
06/09/2013,378100,53540650000,139(0.00 %),385000,54520450000,6900,979800000,0,49.05
09/09/2013,9090,1263540000,136(-2.16 %),234520,32807500000,225430,31543960000,3,49.0
10/09/2013,30240,4112640000,138(1.47 %),133520,18558720000,103280,14446080000,0,49.0
11/09/2013,2270,313260000,138(0.00 %),252270,35313260000,250000,35000000000,3,49.0
12/09/2013,6800,938400000,137(-0.72 %),103612,14685304000,96812,13746904000,0,49.0
13/09/2013,0,0,138(0.73 %),153560,21487720000,153560,21487720000,3,49.0
16/09/2013,2160,299200000,137(-0.72 %),3280,452640000,1120,153440000,0,49.0
17/09/2013,-1250,-171250000,137(0.00 %),420000,61190000000,421250,61361250000,3,49.0
18/09/2013,100,13800000,136(-0.73 %),163830,23554650000,163730,23540850000,0,49.0
19/09/2013,0,0,137(0.74 %),140810,20417450000,140810,20417450000,3,49.0
20/09/2013,1120,153440000,138(0.73 %),149950,21822790000,148830,21669350000,0,49.0
23/09/2013,1070,146590000,137(-0.72 %),259250,37839250000,258180,37692660000,3,49.0
24/09/2013,-2260,-309620000,138(0.73 %),79962,11674452000,82222,11984072000,2263,49.0
25/09/2013,0,0,140(1.45 %),50000,7250000000,50000,7250000000,2263,49.0
26/09/2013,-200,-28000000,139(-0.71 %),159600,23271600000,159800,23299600000,2463,49.0
27/09/2013,-680,-94520000,140(0.72 %),200180,29425020000,200860,29519540000,3143,49.0
30/09/2013,2260,316400000,141(0.71 %),366560,54172800000,364300,53856400000,883,49.0
01/10/2013,-830,-116530000,139(-1.42 %),0,0,830,116530000,3,49.0
02/10/2013,200,27800000,140(0.72 %),200,27800000,0,0,0,49.0
03/10/2013,860,120400000,139(-0.71 %),70860,10550400000,70000,10430000000,3,49.0
04/10/2013,0,0,140(0.72 %),0,0,0,0,3,49.0
07/10/2013,830,116200000,140(0.00 %),830,116200000,0,0,0,49.0
08/10/2013,0,0,140(0.00 %),100000,14900000000,100000,14900000000,3,49.0
09/10/2013,-5680,-797200000,142(1.43 %),1091560,162642440000,1097240,163439640000,5683,49.0
10/10/2013,-500,-70500000,140(-1.41 %),326140,48821000000,326640,48891500000,6183,49.0
11/10/2013,0,0,140(0.00 %),150000,22200000000,150000,22200000000,6183,49.0
14/10/2013,0,0,141(0.71 %),0,0,0,0,6183,49.0
15/10/2013,2180,307380000,142(0.71 %),5680,800880000,3500,493500000,4003,49.0
16/10/2013,500,71000000,142(0.00 %),400500,58605000000,400000,58534000000,3503,49.0
17/10/2013,-30220,-4271240000,141(-0.70 %),670000,97010000000,700220,101281240000,33723,49.0
18/10/2013,0,0,142(0.71 %),2100000,304500000000,2100000,304500000000,33723,49.0
21/10/2013,3500,497000000,142(0.00 %),603500,87497000000,600000,87000000000,30223,49.0
22/10/2013,0,0,141(-0.70 %),500000,72500000000,500000,72500000000,30223,49.0
23/10/2013,28220,4099240000,141(0.00 %),649720,94828240000,621500,90729000000,2003,49.0
24/10/2013,-9130,-1289710000,142(0.71 %),970040,141625840000,979170,142915550000,11133,49.0
25/10/2013,0,0,142(0.00 %),500000,73300000000,500000,73300000000,11133,49.0
28/10/2013,-540,-76680000,141(-0.70 %),500000,73725000000,500540,73801680000,11673,49.0
29/10/2013,2000,282000000,141(0.00 %),896100,131918800000,894100,131636800000,9673,49.0
30/10/2013,9130,1287330000,141(0.00 %),467390,68672850000,458260,67385520000,543,49.0
31/10/2013,-20,-2820000,140(-0.71 %),634230,93266425000,634250,93269245000,563,49.0
01/11/2013,540,76140000,140(0.00 %),453440,66652440000,452900,66576300000,8,49.0
04/11/2013,0,0,140(0.00 %),631680,92856960000,631680,92856960000,8,49.0
05/11/2013,-4500,-630000000,141(0.71 %),162000,23976000000,166500,24606000000,4508,49.0
06/11/2013,-480,-67180000,141(0.00 %),500020,73502820000,500500,73570000000,4988,49.0
07/11/2013,0,0,140(-0.71 %),614650,90353550000,614650,90353550000,4988,49.0
08/11/2013,0,0,139(-0.71 %),269870,39780760000,269870,39780760000,4988,49.0
11/11/2013,2940,408100000,139(0.00 %),104500,15225500000,101560,14817400000,2048,49.0
12/11/2013,-6250,-868750000,139(0.00 %),390630,57028480000,396880,57897230000,8298,49.0
13/11/2013,0,0,139(0.00 %),436410,64152270000,436410,64152270000,8298,49.0
14/11/2013,0,0,139(0.00 %),236610,34665060000,236610,34665060000,8298,49.0
15/11/2013,1560,216840000,141(1.44 %),1560,216840000,0,0,6738,49.0
18/11/2013,4550,643070000,142(0.71 %),6750,955470000,2200,312400000,2188,49.0
19/11/2013,0,0,142(0.00 %),60000,8970000000,60000,8970000000,2188,49.0
20/11/2013,-640,-90240000,141(-0.70 %),1271030,190139800000,1271670,190230040000,2828,49.0
21/11/2013,-14000,-1988000000,141(0.00 %),1894950,283525680000,1908950,285513680000,16828,49.0
22/11/2013,2200,310200000,141(0.00 %),222200,33310200000,220000,33000000000,14628,49.0
25/11/2013,0,0,141(0.00 %),42660,6399000000,42660,6399000000,14628,49.0
26/11/2013,-6180,-877900000,144(2.13 %),23860,3573240000,30040,4451140000,20808,49.0
27/11/2013,14000,2044000000,144(0.00 %),34800,5247200000,20800,3203200000,6808,49.0
28/11/2013,-9720,-1386180000,142(-1.39 %),23330,3592820000,33050,4979000000,16528,49.0
29/11/2013,-7000,-992000000,142(0.00 %),79720,12037720000,86720,13029720000,23528,49.0
02/12/2013,3440,491860000,141(-0.70 %),244647,36339874000,241207,35848014000,8,49.0
03/12/2013,-8000,-1128000000,142(0.71 %),0,0,8000,1128000000,8008,49.0
04/12/2013,9720,1380240000,141(-0.70 %),144020,21659540000,134300,20279300000,0,49.0
05/12/2013,7000,980000000,142(0.71 %),105100,15695000000,98100,14715000000,8,49.0
06/12/2013,3380,479960000,141(-0.70 %),23380,3499960000,20000,3020000000,0,49.0
09/12/2013,8000,1120000000,139(-1.42 %),158000,23620000000,150000,22500000000,8,49.0
10/12/2013,-1930,-268270000,140(0.72 %),0,0,1930,268270000,1938,49.0
11/12/2013,-4230,-587970000,141(0.71 %),0,0,4230,587970000,6168,49.0
12/12/2013,-3000,-420000000,140(-0.71 %),10062000,1509300000000,10065000,1509720000000,9168,49.0
13/12/2013,-4500,-630000000,140(0.00 %),0,0,4500,630000000,13668,49.0
16/12/2013,-310,-43090000,139(-0.14 %),30980,4567580000,31290,4610670000,13978,49.0
17/12/2013,1530,216450000,139(0.00 %),4230,592200000,2700,375750000,12448,49.0
18/12/2013,1680,233970000,138(-0.72 %),3000,417000000,1320,183030000,10768,49.0
19/12/2013,50,6950000,139(0.72 %),120500,17677500000,120450,17670550000,10718,49.0
20/12/2013,2250,312750000,139(0.00 %),88960,13145830000,86710,12833080000,8468,49.0
23/12/2013,2100,289800000,138(-0.72 %),44597,6573356000,42497,6283556000,6368,49.0
24/12/2013,-3270,-447670000,137(-0.72 %),30320,4445160000,33590,4892830000,9638,49.0
25/12/2013,4450,609650000,136(-0.73 %),4450,609650000,0,0,5188,49.0
26/12/2013,-220,-29920000,135(-0.74 %),248000,35960000000,248220,35989920000,5408,49.0
27/12/2013,600,81000000,136(0.74 %),600,81000000,0,0,4808,49.0
30/12/2013,4470,608040000,135(-0.74 %),304590,44124240000,300120,43516200000,338,49.0
31/12/2013,0,0,135(0.00 %),0,0,0,0,338,49.0
02/01/2014,220,29700000,135(0.00 %),42064,5678640000,41844,5648940000,118,49.0
03/01/2014,-1000,-135000000,136(0.74 %),20000,2880000000,21000,3015000000,1118,49.0
06/01/2014,120,16200000,136(0.00 %),99260,14391500000,99140,14375300000,998,49.0
07/01/2014,-2000,-272000000,135(-0.74 %),0,0,2000,272000000,2998,49.0
08/01/2014,0,0,136(0.74 %),70000,10080000000,70000,10080000000,2998,49.0
09/01/2014,950,129200000,136(0.00 %),155000,22466000000,154050,22336800000,2048,49.0
10/01/2014,-50,-6850000,138(1.47 %),0,0,50,6850000,2098,49.0
13/01/2014,2000,274000000,137(-0.72 %),32000,4684000000,30000,4410000000,98,49.0
14/01/2014,-50,-6850000,137(0.00 %),32320,4718720000,32370,4725570000,148,49.0
15/01/2014,10,1380000,138(0.73 %),50,6900000,40,5520000,138,49.0
16/01/2014,50,6900000,137(-0.72 %),41050,6033900000,41000,6027000000,88,49.0
17/01/2014,0,0,139(1.46 %),118980,17371080000,118980,17371080000,88,49.0
20/01/2014,50,6950000,142(2.16 %),50050,7406950000,50000,7400000000,38,49.0
21/01/2014,-5160,-727520000,141(-0.70 %),133500,20158140000,138660,20885660000,5198,49.0
22/01/2014,-18950,-2671950000,140(-0.71 %),235000,35250000000,253950,37921950000,24148,49.0
23/01/2014,-4000,-560500000,141(0.71 %),189000,28161000000,193000,28721500000,28148,49.0
24/01/2014,0,0,142(0.71 %),98130,14719500000,98130,14719500000,28148,49.0
27/01/2014,4900,696100000,141(-0.70 %),5200,738400000,300,42300000,23248,49.0
06/02/2014,13900,1961190000,140(-0.71 %),662380,99186450000,648480,97225260000,9348,49.0
07/02/2014,3060,428400000,140(0.00 %),2852230,424946270000,2849170,424517870000,6288,49.0
10/02/2014,-1800,-250200000,140(0.00 %),1760300,262284700000,1762100,262534900000,8088,49.0
11/02/2014,-200,-28300000,139(-0.71 %),719330,107177170000,719530,107205470000,8288,49.0
12/02/2014,3850,533950000,140(0.72 %),175050,25861950000,171200,25328000000,4438,49.0
13/02/2014,940,132540000,139(-0.71 %),50940,7582540000,50000,7450000000,3498,49.0
14/02/2014,1800,252000000,140(0.72 %),604010,89379080000,602210,89127080000,1698,49.0
17/02/2014,500,70000000,140(0.00 %),50500,7520000000,50000,7450000000,1198,49.0
18/02/2014,630,88200000,140(0.00 %),621200,92548000000,620570,92459800000,568,49.0
19/02/2014,0,0,139(-0.71 %),568350,84684150000,568350,84684150000,568,49.0
20/02/2014,-1000,-138000000,138(-0.72 %),173970,25747560000,174970,25885560000,1568,49.0
21/02/2014,-10000,-1388000000,138(0.00 %),20000,2940000000,30000,4328000000,11568,49.0
24/02/2014,-5180,-720590000,139(0.72 %),325570,47853660000,330750,48574250000,16748,49.0
25/02/2014,-20610,-2864790000,139(0.00 %),368000,54464000000,388610,57328790000,37358,49.0
26/02/2014,880,122440000,139(0.00 %),145500,21525000000,144620,21402560000,36478,49.0
27/02/2014,6900,950300000,142(2.16 %),376400,55617200000,369500,54666900000,29578,49.0
28/02/2014,2200,321700000,141(-0.70 %),570440,85667140000,568240,85345440000,27378,49.0
03/03/2014,19830,2857860000,141(0.00 %),20610,2967840000,780,109980000,7548,49.0
04/03/2014,-880,-122200000,139(-1.42 %),144120,21372800000,145000,21495000000,8428,49.0
05/03/2014,-7610,-1055190000,139(0.00 %),685340,101405520000,692950,102460710000,16038,49.0
06/03/2014,3210,446530000,139(0.00 %),123550,18253450000,120340,17806920000,12828,49.0
07/03/2014,780,108420000,139(0.00 %),125780,18608420000,125000,18500000000,12048,49.0
10/03/2014,0,0,140(0.72 %),369960,54745080000,369960,54745080000,12048,49.0
11/03/2014,6210,869400000,140(0.00 %),246250,36535860000,240040,35666460000,5838,49.0
12/03/2014,-2160,-307400000,141(0.71 %),242340,36105600000,244500,36413000000,7998,49.0
13/03/2014,-2180,-316100000,146(3.55 %),530000,79500000000,532180,79816100000,10178,49.0
14/03/2014,-1500,-227690000,150(2.74 %),431600,67320600000,433100,67548290000,11678,49.0
17/03/2014,1250,190750000,148(-1.33 %),259910,41029780000,258660,40839030000,10428,49.0
18/03/2014,-2050,-301150000,147(-0.68 %),2500,370000000,4550,671150000,12478,49.0
19/03/2014,2180,320460000,146(-0.68 %),352180,55270460000,350000,54950000000,10298,49.0
20/03/2014,1830,267400000,143(-2.05 %),22500,3365000000,20670,3097600000,8468,49.0
21/03/2014,3250,464750000,144(0.70 %),431580,65340910000,428330,64876160000,5218,49.0
24/03/2014,3000,437700000,143(-0.69 %),64550,9659750000,61550,9222050000,2218,49.0
25/03/2014,-1650,-235950000,142(-0.70 %),276890,42000710000,278540,42236660000,3868,49.0
26/03/2014,670,95140000,140(-1.41 %),170670,25545140000,170000,25450000000,3198,49.0
27/03/2014,0,0,140(0.00 %),419850,61937650000,419850,61937650000,3198,49.0
28/03/2014,-3450,-487000000,141(0.71 %),340480,50717570000,343930,51204570000,6648,49.0
31/03/2014,-5850,-826050000,141(0.00 %),1650,234150000,7500,1060200000,12498,49.0
01/04/2014,-800,-112800000,141(0.00 %),226155,33483855000,226955,33596655000,13298,49.0
02/04/2014,120,16920000,141(0.00 %),783100,117234670000,782980,117217750000,13178,49.0
03/04/2014,4500,634000000,144(2.13 %),524000,78210000000,519500,77576000000,8678,49.0
04/04/2014,4200,601500000,145(0.69 %),850310,128278690000,846110,127677190000,4478,49.0
07/04/2014,-3400,-503600000,148(2.07 %),100800,15619200000,104200,16122800000,7878,49.0
08/04/2014,0,0,147(-0.68 %),50000,7250000000,50000,7250000000,7878,49.0
10/04/2014,-3510,-508040000,144(-2.04 %),388520,59896600000,392030,60404640000,11388,49.0
11/04/2014,-4450,-636600000,143(-0.69 %),919240,137987235000,923690,138623835000,15838,49.0
14/04/2014,4200,600570000,142(-0.70 %),84200,12600570000,80000,12000000000,11638,49.0
15/04/2014,0,0,141(-0.70 %),223390,33508500000,223390,33508500000,11638,49.0
16/04/2014,1510,217220000,141(0.00 %),26120,3885220000,24610,3668000000,10128,49.0
17/04/2014,7750,1100400000,141(0.00 %),328750,48287400000,321000,47187000000,2378,49.0
18/04/2014,0,0,140(-0.71 %),60000,8920000000,60000,8920000000,2378,49.0
21/04/2014,0,0,139(-0.71 %),0,0,0,0,2378,49.0
22/04/2014,2500,348040000,140(0.72 %),102500,14768040000,100000,14420000000,0,49.0
23/04/2014,-2660,-369740000,139(-0.71 %),0,0,2660,369740000,5,49.0
24/04/2014,-4000,-556000000,139(0.00 %),110449,15620360000,114449,16176360000,4005,49.0
25/04/2014,-9400,-1306600000,141(1.44 %),96190,13755170000,105590,15061770000,13405,49.0
28/04/2014,0,0,139(-1.42 %),245000,36550000000,245000,36550000000,13405,49.0
29/04/2014,1460,201480000,139(0.00 %),761380,110381480000,759920,110180000000,11945,49.0
05/05/2014,800,114200000,137(-1.44 %),319190,46516930000,318390,46402730000,5,49.0
06/05/2014,-8100,-1039850000,133(-2.92 %),274010,39124880000,282110,40164730000,8105,49.0
07/05/2014,0,0,134(0.75 %),433840,61605280000,433840,61605280000,8105,49.0
08/05/2014,-400,-40500000,125(-6.72 %),321200,43959600000,321600,44000100000,8505,49.0
09/05/2014,3000,378000000,130(4.00 %),128200,17028200000,125200,16650200000,5505,49.0
12/05/2014,17500,2275000000,124(-4.62 %),142500,18775000000,125000,16500000000,0,49.0
13/05/2014,-7500,-915000000,121(-0.82 %),0,0,7500,915000000,5,49.0
14/05/2014,-4060,-499720000,124(2.48 %),1600,190400000,5660,690120000,4065,49.0
15/05/2014,200,24400000,120(-3.23 %),150200,19824400000,150000,19800000000,3865,49.0
16/05/2014,-2330,-279940000,121(0.83 %),10,1200000,2340,281140000,6195,49.0
19/05/2014,7500,907500000,122(0.83 %),7500,907500000,0,0,0,49.0
20/05/2014,4660,566520000,123(0.82 %),5660,690520000,1000,124000000,2,49.0
21/05/2014,-4750,-586500000,125(1.63 %),25000,3275000000,29750,3861500000,4752,49.0
22/05/2014,-490,-61250000,126(0.80 %),767250,102025530000,767740,102086780000,5242,49.0
23/05/2014,-2000,-252000000,125(-0.79 %),300000,40200000000,302000,40452000000,7242,49.0
26/05/2014,1000,125000000,123(-1.60 %),1000,125000000,0,0,6242,49.0
27/05/2014,4350,539600000,124(0.81 %),346120,45308470000,341770,44768870000,1892,49.0
28/05/2014,-270,-33480000,123(-0.81 %),2830,350920000,3100,384400000,2162,49.0
29/05/2014,-660,-83180000,123(0.00 %),202000,26444000000,202660,26527180000,2822,49.0
30/05/2014,-6200,-766100000,123(0.00 %),463000,60653000000,469200,61419100000,9022,49.0
02/06/2014,400,49200000,124(0.81 %),100174,12881402000,99774,12832202000,9,49.0
03/06/2014,3000,372000000,124(0.00 %),237100,31272400000,234100,30900400000,0,49.0
04/06/2014,2560,317440000,124(0.00 %),34660,4553840000,32100,4236400000,9,49.0
05/06/2014,6100,762600000,124(0.00 %),6200,775000000,100,12400000,0,49.0
06/06/2014,-490,-60260000,124(0.00 %),10,1240000,500,61500000,4,49.0
09/06/2014,-5000,-615000000,124(0.00 %),100,12400000,5100,627400000,5004,49.0
10/06/2014,100,12300000,122(-1.61 %),100,12300000,0,0,4904,49.0
11/06/2014,-3740,-456180000,122(0.00 %),58050,7545800000,61790,8001980000,8644,49.0
12/06/2014,-150,-18400000,123(0.82 %),500,61000000,650,79400000,8794,49.0
13/06/2014,5100,632400000,122(-0.81 %),5100,632400000,0,0,3694,49.0
16/06/2014,-10,-1220000,122(0.00 %),187000,24310000000,187010,24311220000,3704,49.0
17/06/2014,-160,-19520000,122(0.00 %),3840,468480000,4000,488000000,3864,49.0
18/06/2014,650,79300000,122(0.00 %),240650,31279300000,240000,31200000000,3214,49.0
19/06/2014,-5000,-605000000,121(-0.82 %),0,0,5000,605000000,8214,49.0
20/06/2014,10,1220000,121(0.00 %),10,1220000,0,0,8204,49.0
23/06/2014,4000,484000000,121(0.00 %),4000,484000000,0,0,4204,49.0
24/06/2014,0,0,121(0.00 %),32000,4128000000,32000,4128000000,4204,49.0
25/06/2014,5000,610000000,122(0.83 %),225000,28990000000,220000,28380000000,0,49.0
26/06/2014,0,0,123(0.82 %),75000,9750000000,75000,9750000000,4,49.0
27/06/2014,0,0,122(-0.81 %),98400,12890400000,98400,12890400000,4,49.0
30/06/2014,-3100,-377170000,122(0.00 %),0,0,3100,377170000,3104,49.0
01/07/2014,-500,-61000000,122(0.00 %),53000,6890000000,53500,6951000000,4,49.0
02/07/2014,-350,0,125(2.46 %),870000,0,870350,0,354,49.0
03/07/2014,-3050,-384300000,127(1.60 %),0,0,3050,384300000,3404,49.0
04/07/2014,3000,384000000,130(2.36 %),3100,396800000,100,12800000,404,49.0
07/07/2014,500,65000000,129(-0.77 %),500,65000000,0,0,0,49.0
08/07/2014,130,16860000,129(0.00 %),70350,9704800000,70220,9687940000,4,49.0
09/07/2014,3050,390400000,128(-0.78 %),53050,7290400000,50000,6900000000,0,49.0
10/07/2014,100,12800000,127(-0.78 %),100,12800000,0,0,104,49.0
11/07/2014,-1900,-240300000,127(0.00 %),0,0,1900,240300000,0,0.0
14/07/2014,220,27940000,128(0.79 %),220,27940000,0,0,9,49.0
15/07/2014,-1150,-148350000,129(0.78 %),82000,11070000000,83150,11218350000,1159,49.0
16/07/2014,-7300,-944700000,129(0.00 %),0,0,7300,944700000,0,0.0
17/07/2014,-350,-44800000,129(0.00 %),101900,14043200000,102250,14088000000,9,49.0
18/07/2014,-1800,-236250000,133(3.10 %),0,0,1800,236250000,9,49.0
21/07/2014,-7540,-1047240000,139(4.51 %),1150,155250000,8690,1202490000,0,0.0
22/07/2014,7300,1007400000,137(-1.44 %),836760,123767480000,829460,122760080000,0,0.0
23/07/2014,-750,-99750000,136(-0.73 %),2250,308250000,3000,408000000,0,0.0
24/07/2014,-270,-36720000,137(0.74 %),1800,244800000,2070,281520000,0,0.0
25/07/2014,8200,1123400000,136(-0.73 %),8700,1191900000,500,68500000,0,0.0
28/07/2014,0,0,135(-0.74 %),0,0,0,0,0,0.0
29/07/2014,2400,326400000,136(0.74 %),3000,408000000,600,81600000,1024,0.0
30/07/2014,1570,214020000,135(-0.74 %),231290,33518420000,229720,33304400000,0,0.0
31/07/2014,-4800,-650500000,136(0.74 %),900500,129668000000,905300,130318500000,384,0.0
01/08/2014,-5000,-675000000,135(-0.74 %),27643,3759448000,32643,4434448000,0,0.0
04/08/2014,500,67400000,137(1.48 %),600,81000000,100,13600000,404,0.0
05/08/2014,-500,-68500000,137(0.00 %),500,68500000,1000,137000000,0,0.0
06/08/2014,5300,731400000,138(0.73 %),32300,4673400000,27000,3942000000,5304,49.0
07/08/2014,4600,634800000,140(1.45 %),5000,690000000,400,55200000,704,49.0
08/08/2014,100,14000000,140(0.00 %),100,14000000,0,0,0,0.0
11/08/2014,1000,140000000,138(-1.43 %),21000,3120000000,20000,2980000000,0,0.0
12/08/2014,-190,-26040000,137(-0.72 %),82725,12160575000,82915,12186615000,0,0.0
13/08/2014,0,-1200000,114(-16.79 %),400,45200000,400,46400000,0,0.0
14/08/2014,-2000,-230000000,116(1.75 %),309400,37437400000,311400,37667400000,4,49.0
15/08/2014,0,0,116(0.00 %),911620,112640680000,911620,112640680000,4,49.0
18/08/2014,-9450,-1083560000,115(-0.86 %),15047570,1855892160000,15057020,1856975720000,0,0.0
19/08/2014,180,20740000,114(-0.87 %),63280,7779840000,63100,7759100000,0,0.0
20/08/2014,-2400,-271200000,112(-1.75 %),52000,6276000000,54400,6547200000,1864,0.0
21/08/2014,-2260,-255380000,113(0.89 %),20000,2380000000,22260,2635380000,0,0.0
22/08/2014,9640,1089320000,113(0.00 %),1189050,142618520000,1179410,141529200000,9644,49.0
25/08/2014,-880,-99440000,112(-0.88 %),100220,12024860000,101100,12124300000,224,49.0
26/08/2014,4400,497200000,112(0.00 %),54400,6447200000,50000,5950000000,4404,49.0
27/08/2014,2260,255380000,112(0.00 %),28860,3420780000,26600,3165400000,2264,49.0
28/08/2014,-3160,-353920000,111(-0.89 %),40770,4851630000,43930,5205550000,4,49.0
29/08/2014,1100,122100000,111(0.00 %),111100,13102100000,110000,12980000000,0,0.0
03/09/2014,-3900,-436800000,112(0.90 %),46370,5471660000,50270,5908460000,9,49.0
04/09/2014,0,0,111(-0.89 %),162000,18782000000,162000,18782000000,0,0.0
05/09/2014,3160,353920000,111(0.00 %),34160,3980920000,31000,3627000000,0,0.0
08/09/2014,-4000,-444000000,111(0.00 %),226022,26670596000,230022,27114596000,9,49.0
09/09/2014,3390,376800000,110(-0.90 %),74420,8754260000,71030,8377460000,3909,49.0
10/09/2014,-9790,-1061320000,109(-0.91 %),0,0,9790,1061320000,0,0.0
11/09/2014,-1230,-133350000,109(0.00 %),0,0,1230,133350000,0,0.0
12/09/2014,4000,436000000,109(0.00 %),4000,436000000,0,0,0,0.0
15/09/2014,-120,-12450000,108(-0.92 %),510,55590000,630,68040000,519,49.0
16/09/2014,9390,1014120000,108(0.00 %),949980,109179170000,940590,108165050000,0,0.0
17/09/2014,-2230,-237380000,107(-0.93 %),301230,34632840000,303460,34870220000,0,0.0
18/09/2014,0,0,107(0.00 %),300000,34200000000,300000,34200000000,0,0.0
19/09/2014,630,66780000,106(-0.93 %),223370,25459140000,222740,25392360000,0,0.0
22/09/2014,-3240,-346680000,108(1.89 %),0,0,3240,346680000,0,0.0
23/09/2014,-1000,-107000000,108(0.00 %),28676,3297740000,29676,3404740000,0,49.0
24/09/2014,0,0,106(-1.85 %),300000,34500000000,300000,34500000000,0,49.0
25/09/2014,-5020,-529870000,106(0.00 %),0,0,5020,529870000,0,49.0
26/09/2014,-320,-33920000,106(0.00 %),78000,8814000000,78320,8847920000,0,49.0
29/09/2014,0,0,105(-0.94 %),0,0,0,0,0,0.0
30/09/2014,-2020,-211000000,105(0.00 %),140922,15783260000,142942,15994260000,0,0.0
01/10/2014,-1080,-114480000,107(1.90 %),663028,73654110000,664108,73768590000,0,0.0
02/10/2014,-6700,-716900000,108(0.93 %),30000,3420000000,36700,4136900000,0,0.0
03/10/2014,-3620,-387340000,107(-0.93 %),0,0,3620,387340000,0,0.0
06/10/2014,-3500,-371000000,107(0.00 %),96000,10176000000,99500,10547000000,0,0.0
07/10/2014,-15530,-1649310000,106(-0.93 %),345300,39364200000,360830,41013510000,0,0.0
08/10/2014,-12480,-1339360000,110(3.77 %),190110,21482430000,202590,22821790000,0,0.0
09/10/2014,-24520,-2696480000,110(0.00 %),650090,76060530000,674610,78757010000,0,0.0
10/10/2014,-3000,-324000000,110(0.00 %),169910,19879470000,172910,20203470000,0,0.0
13/10/2014,-1620,-176580000,109(-0.91 %),113200,13244400000,114820,13420980000,0,49.0
14/10/2014,1970,217730000,108(-0.92 %),30820,3527380000,28850,3309650000,0,49.0
15/10/2014,21520,2498800000,106(-1.85 %),224520,25819800000,203000,23321000000,0,49.0
16/10/2014,-1600,-166700000,105(-0.94 %),102930,11613090000,104530,11779790000,0,49.0
17/10/2014,-2370,-248850000,107(1.90 %),1630,171150000,4000,420000000,0,49.0
20/10/2014,1570,171270000,106(-0.93 %),67450,7655350000,65880,7484080000,0,49.0
21/10/2014,-1300,-141500000,107(0.94 %),3000,318000000,4300,459500000,0,49.0
22/10/2014,3960,424360000,107(0.00 %),4600,492200000,640,67840000,0,49.0
23/10/2014,-6450,-686150000,107(0.00 %),4000,428000000,10450,1114150000,0,49.0
24/10/2014,3280,350960000,106(-0.93 %),192440,21915200000,189160,21564240000,0,49.0
27/10/2014,4300,451500000,104(-1.89 %),4300,451500000,0,0,0,49.0
29/10/2014,10450,1086800000,104(0.97 %),10450,1086800000,0,0,8,49.0
30/10/2014,6940,718310000,104(0.00 %),10450,1086800000,3510,368490000,8,49.0
31/10/2014,0,0,105(0.96 %),0,0,0,0,8,49.0
03/11/2014,-500,-52500000,105(0.00 %),83506,8768130000,84006,8820630000,8,49.0
04/11/2014,-9310,-979550000,105(0.00 %),0,0,9310,979550000,9318,49.0
05/11/2014,-21060,-2211270000,104(-0.95 %),3510,365040000,24570,2576310000,30378,49.0
06/11/2014,-2480,-257920000,104(0.00 %),83900,9312900000,86380,9570820000,32858,49.0
07/11/2014,-14990,-1558960000,104(0.00 %),1000,104000000,15990,1662960000,47848,49.0
10/11/2014,4040,427470000,104(0.00 %),9310,977550000,5270,550080000,43808,49.0
11/11/2014,21000,2355420000,104(0.00 %),1778588,173707096000,1757588,171351676000,22808,49.0
12/11/2014,-780,-78640000,104(0.00 %),2480,260400000,3260,339040000,23588,49.0
13/11/2014,12990,1366950000,104(0.00 %),48290,5264250000,35300,3897300000,10598,49.0
14/11/2014,2270,236080000,104(0.00 %),26908,2949898000,24638,2713818000,8328,49.0
17/11/2014,3580,372320000,104(0.00 %),46820,5171960000,43240,4799640000,4748,49.0
18/11/2014,-280,-26120000,103(-0.96 %),3260,339040000,3540,365160000,5028,49.0
19/11/2014,3000,309000000,101(-1.94 %),1758000,169699000000,1755000,169390000000,2028,49.0
20/11/2014,2990,304980000,101(0.00 %),23000,2466000000,20010,2161020000,8,0.0
21/11/2014,0,0,101(0.00 %),20000,2160000000,20000,2160000000,8,0.0
24/11/2014,1490,152540000,100(-0.99 %),3540,357540000,2050,205000000,8,0.0
25/11/2014,-2900,-290000000,100(0.00 %),47320,5063240000,50220,5353240000,8,0.0
26/11/2014,-5040,-504000000,100(0.00 %),10,1000000,5050,505000000,8,0.0
27/11/2014,-4650,-463440000,99.5(-0.50 %),200000,21400000000,204650,21863440000,8,0.0
28/11/2014,-950,-94050000,99(-0.50 %),2050,202950000,3000,297000000,8,0.0
01/12/2014,2900,285650000,99.5(0.51 %),326699,33061750000,323799,32776100000,8,0.0
02/12/2014,-1930,-192040000,99.5(0.00 %),105060,11103470000,106990,11295510000,2,0.0
03/12/2014,4650,462680000,100(0.50 %),87450,9239480000,82800,8776800000,4,0.0
04/12/2014,-420,-42000000,101(1.00 %),230810,24675600000,231230,24717600000,2,0.0
05/12/2014,0,0,99.5(-1.49 %),70990,7666920000,70990,7666920000,2,0.0
08/12/2014,2370,238630000,99.5(0.00 %),26990,2819000000,24620,2580370000,2,0.0
09/12/2014,0,0,98.5(-1.01 %),60000,6360000000,60000,6360000000,2,0.0
10/12/2014,3380,334620000,99(0.51 %),34430,3594570000,31050,3259950000,2,0.0
11/12/2014,-2590,-255120000,99(0.00 %),0,0,2590,255120000,2,0.0
12/12/2014,2620,258070000,99(0.00 %),44620,4655070000,42000,4397000000,0,49.0
15/12/2014,-810,-79790000,98.5(-0.51 %),0,0,810,79790000,2,0.0
16/12/2014,-3930,-383120000,97.5(-1.02 %),128210,13461730000,132140,13844850000,2,0.0
17/12/2014,-12350,-1162900000,92.5(-5.13 %),108390,11255730000,120740,12418630000,2,0.0
18/12/2014,2000,185000000,94(1.62 %),232820,22920770000,230820,22735770000,2,0.0
19/12/2014,600,56610000,94(0.00 %),810,76140000,210,19530000,2,0.0
22/12/2014,-11020,-1026880000,93.5(-0.53 %),3980,374120000,15000,1401000000,11022,49.0
23/12/2014,14350,1355260000,95.5(2.14 %),14940,1411830000,590,56570000,2,0.0
24/12/2014,-1620,-154100000,95(-0.52 %),0,0,1620,154100000,2,0.0
25/12/2014,-3300,-312250000,94.5(-0.53 %),210,19850000,3510,332100000,2,0.0
26/12/2014,15000,1425000000,94(-0.53 %),15000,1425000000,0,0,0,49.0
29/12/2014,590,55460000,94(0.00 %),590,55460000,0,0,2,49.0
30/12/2014,1620,152280000,94(0.00 %),1620,152280000,0,0,0,49.0
31/12/2014,3510,333450000,95.5(1.60 %),3510,333450000,0,0,2,49.0
05/01/2015,-17560,-1685825000,96(0.52 %),124443,12274307000,142003,13960132000,2,49.0
06/01/2015,0,0,96(0.00 %),96359,9828618000,96359,9828618000,2,49.0
07/01/2015,-680,-65280000,98(2.08 %),0,0,680,65280000,682,49.0
08/01/2015,-1620,-158760000,98.5(0.51 %),0,0,1620,158760000,2302,49.0
09/01/2015,14560,1441220000,103(4.57 %),17560,1747220000,3000,306000000,0,49.0
12/01/2015,0,0,100(-2.91 %),30000,3300000000,30000,3300000000,2,49.0
13/01/2015,-2670,-267000000,102(2.00 %),60680,6488000000,63350,6755000000,2672,49.0
14/01/2015,1620,166860000,101(-0.98 %),1620,166860000,0,0,1052,49.0
15/01/2015,-8340,-830085000,100(-0.99 %),3000,303000000,11340,1133085000,9392,49.0
16/01/2015,0,0,100(0.00 %),0,0,0,0,9392,49.0
19/01/2015,3350,335000000,99.5(-0.50 %),3350,335000000,0,0,6042,49.0
20/01/2015,-2700,-265950000,100(0.50 %),0,0,2700,265950000,8742,49.0
21/01/2015,11340,1145340000,100(0.00 %),11340,1145340000,0,0,0,49.0
22/01/2015,-1080,-108000000,99.5(-0.50 %),20000,2140000000,21080,2248000000,2,49.0
23/01/2015,0,0,100(0.50 %),0,0,0,0,2,49.0
26/01/2015,2160,216000000,99.5(-0.50 %),2700,270000000,540,54000000,0,49.0
27/01/2015,-3000,-306000000,102(2.51 %),346460,36724760000,349460,37030760000,2,49.0
28/01/2015,1080,109080000,101(-0.98 %),128570,14005490000,127490,13896410000,0,49.0
29/01/2015,-25180,-2580180000,105(3.96 %),31470,3398760000,56650,5978940000,2,49.0
30/01/2015,-3800,-395200000,104(-0.95 %),23430,2619840000,27230,3015040000,3802,49.0
02/02/2015,3000,312000000,103(-0.96 %),143409,14990536000,140409,14678536000,2,49.0
03/02/2015,-1270,-129470000,101(-1.94 %),76000,8132000000,77270,8261470000,1272,49.0
04/02/2015,25180,2719440000,103(1.98 %),25180,2719440000,0,0,0,49.0
05/02/2015,-11260,-1159780000,103(0.00 %),4340,447020000,15600,1606800000,2,49.0
06/02/2015,0,0,103(0.00 %),0,0,0,0,2,49.0
09/02/2015,-1430,-147290000,104(0.97 %),51270,5630810000,52700,5778100000,1432,49.0
10/02/2015,-15910,-1638730000,103(-0.96 %),72200,8014200000,88110,9652930000,17342,49.0
11/02/2015,15600,1606800000,105(1.94 %),45600,4906800000,30000,3300000000,1742,49.0
12/02/2015,-3000,-312000000,105(0.00 %),0,0,3000,312000000,4742,49.0
13/02/2015,-430,-46280000,106(0.95 %),2700,283500000,3130,329780000,5172,49.0
24/02/2015,11880,1259280000,107(0.94 %),15910,1686460000,4030,427180000,0,49.0
25/02/2015,0,0,109(1.87 %),0,0,0,0,2,49.0
26/02/2015,-1130,-123170000,108(-0.92 %),107600,12460600000,108730,12583770000,1132,49.0
27/02/2015,3130,341170000,108(0.00 %),237122,27250250000,233992,26909080000,0,49.0
02/03/2015,4030,435240000,107(-0.93 %),173144,19883350000,169114,19448110000,2,49.0
03/03/2015,-150,-16050000,108(0.93 %),44360,5057040000,44510,5073090000,152,49.0
04/03/2015,4130,446040000,109(0.93 %),89130,10221040000,85000,9775000000,0,49.0
05/03/2015,-210,-22470000,108(-0.92 %),924970,107296520000,925180,107318990000,2,49.0
06/03/2015,-10000,-1073500000,107(-0.93 %),602950,69339250000,612950,70412750000,10002,49.0
09/03/2015,-140,-14980000,107(0.00 %),2050160,233717120000,2050300,233732100000,10142,49.0
10/03/2015,-9000,-972000000,108(0.93 %),927640,105750960000,936640,106722960000,19142,49.0
11/03/2015,210,22680000,108(0.00 %),234768,26996850000,234558,26974170000,18932,49.0
12/03/2015,10000,1080000000,109(0.93 %),10000,1080000000,0,0,8932,49.0
13/03/2015,-1020,-110160000,108(-0.92 %),450300,52232400000,451320,52342560000,9952,49.0
16/03/2015,3400,367200000,109(0.93 %),9000,972000000,5600,604800000,6552,49.0
17/03/2015,0,0,109(0.00 %),150000,17400000000,150000,17400000000,6552,49.0
18/03/2015,0,0,109(0.00 %),20000,2320000000,20000,2320000000,6552,49.0
19/03/2015,1320,142560000,108(-0.92 %),297320,34478560000,296000,34336000000,5232,49.0
20/03/2015,3680,393760000,107(-0.93 %),123600,14071200000,119920,13677440000,1552,49.0
23/03/2015,0,0,107(0.00 %),0,0,0,0,1552,49.0
24/03/2015,0,0,107(0.00 %),25490,2905860000,25490,2905860000,1552,49.0
25/03/2015,0,0,107(0.00 %),25490,2905860000,25490,2905860000,1552,49.0
26/03/2015,-13090,-1387590000,107(0.00 %),53960,6136080000,67050,7523670000,14642,49.0
27/03/2015,0,0,105(-1.87 %),0,0,0,0,14642,49.0
30/03/2015,0,0,105(0.00 %),0,0,0,0,14642,49.0
31/03/2015,3460,363300000,106(0.95 %),89400,9975000000,85940,9611700000,11182,49.0
01/04/2015,15010,1591060000,105(-0.94 %),15010,1591060000,0,0,8,49.0
02/04/2015,-1200,-124800000,106(0.95 %),0,0,1200,124800000,1208,49.0
03/04/2015,-2020,-212100000,105(-0.94 %),24000,2712000000,26020,2924100000,3228,49.0
06/04/2015,1940,203700000,104(-0.95 %),1940,203700000,0,0,1288,49.0
07/04/2015,0,0,106(1.92 %),180000,19980000000,180000,19980000000,1288,49.0
08/04/2015,-15000,-1590000000,106(0.00 %),1200,127200000,16200,1717200000,16288,49.0
09/04/2015,-1140,-120840000,106(0.00 %),22020,2474120000,23160,2594960000,17428,49.0
10/04/2015,0,0,108(1.89 %),39000,4407000000,39000,4407000000,17428,49.0
13/04/2015,-30,-3300000,110(1.85 %),0,0,30,3300000,17458,49.0
14/04/2015,16080,1784880000,110(0.00 %),151200,17593200000,135120,15808320000,1378,49.0
15/04/2015,3170,348700000,109(-0.91 %),128170,14973700000,125000,14625000000,0,49.0
16/04/2015,0,0,108(-0.92 %),48400,5614400000,48400,5614400000,6,49.0
17/04/2015,30,3240000,108(0.00 %),200030,23003240000,200000,23000000000,0,49.0
20/04/2015,-19350,-2087110000,108(0.00 %),50120,5763080000,69470,7850190000,6,49.0
21/04/2015,0,0,108(0.00 %),0,0,0,0,6,49.0
22/04/2015,-200,-21600000,108(0.00 %),34190,3931850000,34390,3953450000,206,49.0
23/04/2015,-160,-17280000,108(0.00 %),96000,11040000000,96160,11057280000,366,49.0
24/04/2015,18470,2013230000,109(0.93 %),19470,2122230000,1000,109000000,0,49.0
27/04/2015,-11250,-1215000000,108(-0.92 %),0,0,11250,1215000000,6,49.0
04/05/2015,-5200,-556400000,106(-1.85 %),20200,2321400000,25400,2877800000,6,49.0
05/05/2015,160,16960000,106(0.00 %),26060,2581060000,25900,2564100000,0,49.0
06/05/2015,1000,106000000,106(0.00 %),1000,106000000,0,0,6,49.0
07/05/2015,5250,553500000,106(0.00 %),229250,25826500000,224000,25273000000,0,49.0
08/05/2015,5400,572400000,106(0.00 %),48900,5487900000,43500,4915500000,8,49.0
11/05/2015,-60,-6360000,106(0.00 %),0,0,60,6360000,68,49.0
12/05/2015,-1000,-105000000,105(-0.94 %),0,0,1000,105000000,1068,49.0
13/05/2015,5000,525000000,105(0.00 %),81000,9030000000,76000,8505000000,0,49.0
14/05/2015,-3520,-366600000,105(0.00 %),0,0,3520,366600000,8,49.0
15/05/2015,-16420,-1724100000,105(0.00 %),40410,4525500000,56830,6249600000,16428,49.0
18/05/2015,-5880,-611520000,105(0.00 %),1000,104000000,6880,715520000,22308,49.0
19/05/2015,-4390,-456560000,105(0.00 %),21000,2344000000,25390,2800560000,26698,49.0
20/05/2015,3520,366080000,107(1.90 %),3520,366080000,0,0,23178,49.0
21/05/2015,16480,1763360000,106(-0.93 %),16480,1763360000,0,0,6698,49.0
22/05/2015,6880,729280000,107(0.94 %),6880,729280000,0,0,0,49.0
25/05/2015,1890,205730000,106(-0.93 %),5390,576730000,3500,371000000,8,49.0
26/05/2015,0,0,106(0.00 %),0,0,0,0,8,49.0
27/05/2015,-2160,-226800000,106(0.00 %),0,0,2160,226800000,2168,49.0
28/05/2015,-1000,-105000000,106(0.00 %),0,0,1000,105000000,3168,49.0
29/05/2015,3500,371000000,105(-0.94 %),3500,371000000,0,0,0,49.0
01/06/2015,-500,-53000000,106(0.95 %),0,0,500,53000000,8,49.0
02/06/2015,-5820,-608940000,106(0.00 %),22160,2488960000,27980,3097900000,5828,49.0
03/06/2015,420,44020000,106(0.00 %),51810,5847530000,51390,5803510000,5408,49.0
04/06/2015,-1000,-107000000,107(0.94 %),0,0,1000,107000000,6408,49.0
05/06/2015,500,53500000,107(0.00 %),60670,6576880000,60170,6523380000,5908,49.0
08/06/2015,7980,853860000,108(0.93 %),27980,3133860000,20000,2280000000,0,49.0
09/06/2015,580,62640000,107(-0.93 %),580,62640000,0,0,8,49.0
10/06/2015,1000,107000000,107(0.00 %),1000,107000000,0,0,0,49.0
11/06/2015,0,0,108(0.93 %),0,0,0,0,8,49.0
12/06/2015,-8900,-943400000,106(0.00 %),102000,11526000000,110900,12469400000,8908,49.0
15/06/2015,0,0,106(0.00 %),0,0,0,0,8908,49.0
16/06/2015,-2520,-264600000,105(-0.94 %),371475,37126025000,373995,37390625000,11428,49.0
17/06/2015,-8400,-882000000,105(0.00 %),400000,42400000000,408400,43282000000,19828,49.0
18/06/2015,-10450,-1097250000,106(0.95 %),8900,934500000,19350,2031750000,30278,49.0
19/06/2015,0,0,107(0.94 %),20000,2260000000,20000,2260000000,30278,49.0
22/06/2015,2520,272160000,112(4.67 %),2520,272160000,0,0,27758,49.0
23/06/2015,8200,918400000,111(-0.89 %),8400,940800000,200,22400000,19558,49.0
24/06/2015,16350,1798500000,109(-1.80 %),19350,2128500000,3000,330000000,3208,49.0
25/06/2015,-12400,-1352000000,111(1.83 %),244300,28338800000,256700,29690800000,15608,49.0
26/06/2015,-3000,-342000000,114(2.70 %),0,0,3000,342000000,18608,49.0
29/06/2015,-200,-22800000,114(0.00 %),1019795,116399465000,1019995,116422265000,18808,49.0
30/06/2015,-460,-51980000,113(-0.88 %),3000,339000000,3460,390980000,19268,49.0
01/07/2015,11400,1287200000,114(0.88 %),12400,1401200000,1000,114000000,8,49.0
02/07/2015,2700,307950000,114(0.00 %),24080,2892610000,21380,2584660000,0,49.0
03/07/2015,-2300,-262200000,115(0.88 %),400,45600000,2700,307800000,4,49.0
06/07/2015,2360,269300000,116(0.87 %),3460,397900000,1100,128600000,0,49.0
07/07/2015,-7020,-814320000,117(0.86 %),301000,37316000000,308020,38130320000,4,49.0
08/07/2015,-11990,-1378230000,115(-1.71 %),24120,3012520000,36110,4390750000,11994,49.0
09/07/2015,-4620,-526680000,115(0.00 %),2700,307800000,7320,834480000,16614,49.0
10/07/2015,1100,126500000,115(0.00 %),270210,32027030000,269110,31900530000,15514,49.0
13/07/2015,4020,473340000,117(1.74 %),8020,938340000,4000,465000000,11494,49.0
14/07/2015,12300,1439100000,118(0.85 %),12300,1439100000,0,0,0,49.0
15/07/2015,7320,863760000,118(0.00 %),606300,76335240000,598980,75471480000,4,49.0
16/07/2015,-1000,-117000000,117(-0.85 %),172428,21725928000,173428,21842928000,1004,49.0
17/07/2015,4000,468000000,117(0.00 %),24000,2968000000,20000,2500000000,0,49.0
20/07/2015,0,0,116(-0.85 %),20000,2500000000,20000,2500000000,4,49.0
21/07/2015,0,0,117(0.86 %),0,0,0,0,4,49.0
22/07/2015,1000,117000000,119(1.71 %),140676,17576500000,139676,17459500000,0,49.0
23/07/2015,-380,-45600000,122(2.52 %),10,1200000,390,46800000,2,49.0
24/07/2015,-12000,-1464000000,122(0.00 %),800000,104000000000,812000,105464000000,12002,49.0
27/07/2015,-1000,-122000000,122(0.00 %),326180,42403400000,327180,42525400000,13002,49.0
28/07/2015,-270,-32940000,121(-0.82 %),0,0,270,32940000,13272,49.0
29/07/2015,-26730,-3228800000,121(0.00 %),50390,6497190000,77120,9725990000,40002,49.0
30/07/2015,12000,1452000000,119(-1.65 %),12000,1452000000,0,0,28002,49.0
31/07/2015,-6320,-759400000,120(0.84 %),1000,119000000,7320,878400000,34322,49.0
03/08/2015,-1730,-203600000,119(-0.83 %),60270,7712400000,62000,7916000000,2,49.0
04/08/2015,27120,3390000000,117(-1.68 %),93760,11853280000,66640,8463280000,0,49.0
05/08/2015,-5300,-506150000,96(2.13 %),76000,7600000000,81300,8106150000,2,49.0
06/08/2015,7320,706380000,97(1.04 %),123320,12386380000,116000,11680000000,0,49.0
07/08/2015,1460,141810000,100(3.09 %),2000,195000000,540,53190000,2,49.0
10/08/2015,-20300,-2151110000,107(7.00 %),150000,16050000000,170300,18201110000,20302,49.0
11/08/2015,600,74200000,105(-1.87 %),406060,46259040000,405460,46184840000,19702,49.0
12/08/2015,-13720,-1413160000,103(-1.90 %),27000,3024000000,40720,4437160000,33422,49.0
13/08/2015,540,55620000,105(1.94 %),93540,10165620000,93000,10110000000,32882,49.0
14/08/2015,20300,2233000000,105(0.00 %),20300,2233000000,0,0,12582,49.0
17/08/2015,3030,321490000,103(-1.90 %),89700,9933500000,86670,9612010000,9552,49.0
18/08/2015,13720,1413160000,103(0.00 %),73720,7933160000,60000,6520000000,0,49.0
19/08/2015,-3200,-328200000,104(0.97 %),0,0,3200,328200000,6,49.0
20/08/2015,-19010,-1939020000,102(-1.92 %),105000,10185000000,124010,12124020000,19016,49.0
21/08/2015,1670,167000000,101(-0.98 %),186770,20342900000,185100,20175900000,17346,49.0
24/08/2015,-40640,-3895870000,94.5(-6.44 %),541510,58483080000,582150,62378950000,57986,48.99
25/08/2015,-1800,-185600000,96(1.59 %),1107900,111869100000,1109700,112054700000,59786,48.99
26/08/2015,19010,1834470000,100(4.17 %),539010,54874470000,520000,53040000000,40776,49.0
27/08/2015,0,0,99.5(-0.50 %),250000,26700000000,250000,26700000000,40776,49.0
28/08/2015,39840,4224000000,101(1.51 %),207640,22006000000,167800,17782000000,936,49.0
31/08/2015,5000,505000000,100(-0.99 %),1925257,207892760000,1920257,207387760000,0,49.0
01/09/2015,0,0,99.5(-0.50 %),20000,2140000000,20000,2140000000,8,49.0
03/09/2015,-1600,-158800000,99(-0.50 %),0,0,1600,158800000,8,49.0
04/09/2015,800,79200000,98.5(-0.51 %),800,79200000,0,0,8,49.0
07/09/2015,0,0,97(-1.52 %),473070,49672350000,473070,49672350000,8,49.0
08/09/2015,-370,-35890000,97(0.00 %),0,0,370,35890000,8,49.0
09/09/2015,1600,156800000,97.5(0.52 %),31600,3246800000,30000,3090000000,8,49.0
10/09/2015,-390,-38030000,99.5(2.05 %),0,0,390,38030000,0,49.0
11/09/2015,0,0,98.5(-1.01 %),0,0,0,0,0,49.0
14/09/2015,-1500,-146300000,97.5(-1.02 %),0,0,1500,146300000,0,49.0
15/09/2015,-2990,-291530000,97.5(0.00 %),479050,49821200000,482040,50112730000,0,49.0
16/09/2015,-4980,-485390000,97.5(0.00 %),326470,33952880000,331450,34438270000,0,49.0
17/09/2015,-320,-31200000,97.5(0.00 %),20000,2080000000,20320,2111200000,0,49.0
18/09/2015,0,0,98.5(1.03 %),0,0,0,0,0,49.0
21/09/2015,-1020,-100970000,99(0.51 %),0,0,1020,100970000,0,49.0
22/09/2015,0,0,102(3.03 %),90000,9032940000,90000,9032940000,0,49.0
23/09/2015,-2070,-211140000,101(-0.98 %),56400,6147600000,58470,6358740000,0,49.0
24/09/2015,0,0,100(-0.99 %),0,0,0,0,0,49.0
25/09/2015,0,0,101(1.00 %),90000,9091800000,90000,9091800000,0,49.0
28/09/2015,0,0,102(0.99 %),0,0,0,0,0,49.0
29/09/2015,-190,-19190000,100(-1.96 %),0,0,190,19190000,0,49.0
30/09/2015,0,0,100(0.00 %),0,0,0,0,0,49.0
01/10/2015,-1900,-190000000,101(1.00 %),100000,10700000000,101900,10890000000,0,49.0
02/10/2015,0,0,100(-0.99 %),250000,27000000000,250000,27000000000,0,49.0
05/10/2015,-8380,-838000000,103(3.00 %),277284,29029390000,285664,29867390000,0,49.0
06/10/2015,0,0,103(0.00 %),224856,24734160000,224856,24734160000,0,49.0
07/10/2015,0,0,102(-0.97 %),149249,16417390000,149249,16417390000,0,49.0
08/10/2015,0,0,101(-0.98 %),160000,16585600000,160000,16585600000,0,49.0
09/10/2015,-330,-33330000,101(0.00 %),0,0,330,33330000,0,49.0
12/10/2015,0,0,101(0.00 %),24930,2692440000,24930,2692440000,0,49.0
13/10/2015,-19440,-1963440000,102(0.99 %),0,0,19440,1963440000,0,49.0
14/10/2015,0,0,106(3.92 %),0,0,0,0,0,49.0
15/10/2015,-4090,-429450000,105(-0.94 %),100000,11300000000,104090,11729450000,0,49.0
16/10/2015,-1180,-126260000,106(0.95 %),120000,13440000000,121180,13566260000,0,49.0
19/10/2015,0,0,111(4.72 %),0,0,0,0,0,49.0
20/10/2015,0,0,112(0.90 %),66080,7797440000,66080,7797440000,0,49.0
21/10/2015,-2000,-224000000,113(0.89 %),0,0,2000,224000000,0,49.0
22/10/2015,-8720,-985340000,114(0.88 %),556602,66792240000,565322,67777580000,0,49.0
23/10/2015,-90,-10260000,115(0.88 %),269860,32653060000,269950,32663320000,0,49.0
26/10/2015,0,0,113(-1.74 %),20000,2460000000,20000,2460000000,0,49.0
27/10/2015,570,64980000,114(0.88 %),570,64980000,0,0,9,49.0
28/10/2015,8720,1002800000,114(0.00 %),72660,8739540000,63940,7736740000,0,49.0
29/10/2015,-19330,-2263400000,119(4.39 %),90,10350000,19420,2273750000,9,49.0
30/10/2015,-7550,-895890000,118(-0.84 %),674497,79321250000,682047,80217140000,7559,49.0
02/11/2015,0,0,117(-0.85 %),194576,23801810000,194576,23801810000,1,49.0
03/11/2015,-18220,-2236060000,123(5.13 %),0,0,18220,2236060000,18221,49.0
04/11/2015,13820,1713680000,123(0.00 %),6177860,803539750000,6164040,801826070000,4401,49.0
05/11/2015,-6910,-901360000,128(4.07 %),919385,120386520000,926295,121287880000,11311,49.0
06/11/2015,-4540,-581120000,129(0.78 %),652530,88744080000,657070,89325200000,15851,49.0
09/11/2015,18230,2351670000,127(-1.55 %),714890,98490750000,696660,96139080000,0,49.0
10/11/2015,4960,629920000,128(0.79 %),370600,49986200000,365640,49356280000,4,49.0
11/11/2015,7760,973480000,130(1.56 %),2522590,342942010000,2514830,341968530000,0,49.0
12/11/2015,3540,465340000,132(1.54 %),1462540,203256740000,1459000,202791400000,4,49.0
13/11/2015,-20000,-2739620000,137(3.79 %),773430,108409630000,793430,111149250000,20004,49.0
16/11/2015,-12670,-1737850000,140(2.19 %),140640,19547680000,153310,21285530000,32674,49.0
17/11/2015,-260010,-35452450000,134(-4.29 %),67248,9414720000,327258,44867170000,292684,48.98
18/11/2015,-139510,-18513830000,132(-1.49 %),1521000,211413000000,1660510,229926830000,432194,48.96
19/11/2015,12780,1673920000,130(-1.52 %),270000,36620000000,257220,34946080000,419414,48.97
20/11/2015,8320,1074640000,131(0.77 %),146320,19556640000,138000,18482000000,411094,48.97
23/11/2015,266720,35465500000,127(-3.05 %),359700,47831840000,92980,12366340000,144374,48.99
24/11/2015,-224420,-27622360000,123(-3.15 %),140510,17672170000,364930,45294530000,6,49.0
25/11/2015,-49620,-6170940000,125(1.63 %),138480,17121450000,188100,23292390000,6,49.0
26/11/2015,620,77500000,123(-1.60 %),50400,6572400000,49780,6494900000,6,49.0
27/11/2015,-154710,-19291260000,124(0.81 %),630000,81660000000,784710,100951260000,154716,48.99
30/11/2015,356990,44773660000,124(0.00 %),423510,53081790000,66520,8308130000,6,49.0
01/12/2015,56610,7019880000,122(-1.61 %),397030,50036060000,340420,43016180000,4,49.0
02/12/2015,4380,529980000,123(0.82 %),4380,529980000,0,0,4,49.0
03/12/2015,151280,18610870000,123(0.00 %),174710,21484830000,23430,2873960000,4,49.0
04/12/2015,7950,977850000,123(0.00 %),7950,977850000,0,0,2,49.0
07/12/2015,240,29280000,120(-2.44 %),240,29280000,0,0,2,49.0
08/12/2015,-3000,-360000000,125(4.17 %),109000,13952000000,112000,14312000000,2,49.0
09/12/2015,-21720,-2697620000,123(-1.60 %),75370,9996770000,97090,12694390000,8,49.0
10/12/2015,0,0,123(0.00 %),51330,6536250000,51330,6536250000,8,49.0
11/12/2015,0,0,123(0.00 %),67000,8422000000,67000,8422000000,8,49.0
14/12/2015,1410,173290000,124(0.81 %),134620,17225080000,133210,17051790000,8,49.0
15/12/2015,20520,2589360000,126(1.61 %),344820,45045670000,324300,42456310000,8,49.0
16/12/2015,-13590,-1735520000,128(1.59 %),111530,14780410000,125120,16515930000,8,49.0
17/12/2015,-18700,-2390600000,128(0.00 %),146100,19203240000,164800,21593840000,1,49.0
18/12/2015,1390,177920000,128(0.00 %),21590,2923520000,20200,2745600000,1,49.0
21/12/2015,-11670,-1455860000,125(-2.34 %),63340,8283650000,75010,9739510000,1,49.0
22/12/2015,13590,1712340000,125(0.00 %),320754,41606350000,307164,39894010000,1,49.0
23/12/2015,18710,2338750000,124(-0.80 %),133710,17283750000,115000,14945000000,1,49.0
24/12/2015,170,21080000,125(0.81 %),97120,12624580000,96950,12603500000,31,49.0
25/12/2015,3630,450420000,124(-0.80 %),3630,450420000,0,0,12701,49.0
28/12/2015,4210,509270000,127(2.42 %),12700,1587500000,8490,1078230000,1,49.0
29/12/2015,-100,-12500000,127(0.00 %),239880,30674970000,239980,30687470000,1,49.0
30/12/2015,-3230,-410210000,127(0.00 %),133640,17243910000,136870,17654120000,0,49.0
31/12/2015,-4000,-504000000,128(0.79 %),0,0,4000,504000000,0,49.0
04/01/2016,8490,1083140000,126(-1.56 %),479974,62033090000,471484,60949950000,0,49.0
05/01/2016,100,12600000,125(-0.79 %),127140,16323720000,127040,16311120000,0,49.0
06/01/2016,3240,405000000,126(0.80 %),128240,16405000000,125000,16000000000,0,49.0
07/01/2016,4000,500000000,124(-1.59 %),216800,27565600000,212800,27065600000,0,49.0
08/01/2016,0,0,122(-1.61 %),0,0,0,0,0,49.0
11/01/2016,-4860,-592920000,121(-0.82 %),144784,18242780000,149644,18835700000,0,49.0
12/01/2016,0,0,123(1.65 %),158600,19795000000,158600,19795000000,0,49.0
13/01/2016,0,0,121(-1.63 %),290000,36844200000,290000,36844200000,0,49.0
14/01/2016,4860,588060000,121(0.00 %),131830,16536280000,126970,15948220000,0,49.0
15/01/2016,0,0,120(-0.83 %),122430,15343750000,122430,15343750000,8,49.0
18/01/2016,-320,-37120000,117(-2.50 %),135640,16955000000,135960,16992120000,8,49.0
19/01/2016,0,0,119(1.71 %),0,0,0,0,8,49.0
20/01/2016,0,0,117(-1.68 %),1800830,217717120000,1800830,217717120000,8,49.0
21/01/2016,-3080,-357650000,116(-0.85 %),144230,17802230000,147310,18159880000,8,49.0
22/01/2016,10,1170000,114(-1.72 %),141090,16960770000,141080,16959600000,7,49.0
25/01/2016,-20,-2320000,118(3.51 %),1761989,205460150000,1762009,205462470000,7,49.0
26/01/2016,1900,221900000,115(-2.54 %),99400,11610400000,97500,11388500000,7,49.0
27/01/2016,0,0,117(1.74 %),38320,4636720000,38320,4636720000,7,49.0
28/01/2016,-980,-113680000,116(-0.85 %),1532530,185408010000,1533510,185521690000,7,49.0
29/01/2016,-1630,-189080000,116(0.00 %),1707870,206644770000,1709500,206833850000,7,49.0
01/02/2016,0,0,119(2.59 %),824000,99440000000,824000,99440000000,7,49.0
02/02/2016,1010,120190000,119(0.00 %),396030,48754090000,395020,48633900000,5,49.0
03/02/2016,3130,369340000,121(1.68 %),167710,20941840000,164580,20572500000,5,49.0
04/02/2016,-1870,-230010000,122(0.83 %),236000,29972000000,237870,30202010000,5,49.0
05/02/2016,-1330,-163590000,124(1.64 %),0,0,1330,163590000,5,49.0
15/02/2016,-8820,-1085160000,126(1.61 %),1352409,171691130000,1361229,172776290000,5,49.0
16/02/2016,-64150,-8211380000,128(1.59 %),196870,25394360000,261020,33605740000,5,49.0
17/02/2016,-7100,-925790000,130(1.56 %),2372170,316085950000,2379270,317011740000,5,49.0
18/02/2016,1420,193020000,129(-0.77 %),1392820,185227420000,1391400,185034400000,5,49.0
19/02/2016,64670,8467940000,129(0.00 %),1870390,248623810000,1805720,240155870000,5,49.0
22/02/2016,5220,670470000,130(0.78 %),330200,43882880000,324980,43212410000,5,49.0
23/02/2016,7400,969400000,130(0.00 %),125400,17017400000,118000,16048000000,5,49.0
24/02/2016,1350,175500000,131(0.77 %),444980,60509180000,443630,60333680000,5,49.0
25/02/2016,-21790,-2804490000,129(-1.53 %),17977232,2346014700000,17999022,2348819190000,5,49.0
26/02/2016,-300,-38700000,130(0.78 %),0,0,300,38700000,5,49.0
29/02/2016,0,0,128(-1.54 %),1209310,160777480000,1209310,160777480000,5,49.0
01/03/2016,25000,3216150000,130(1.56 %),25000,3216150000,0,0,5,49.0
02/03/2016,300,39300000,132(1.54 %),562687,76205860000,562387,76166560000,5,49.0
03/03/2016,-11080,-1451480000,131(-0.76 %),444850,60499600000,455930,61951080000,5,49.0
04/03/2016,-10980,-1439380000,132(0.76 %),0,0,10980,1439380000,5,49.0
07/03/2016,-200,-26400000,131(-0.76 %),20000,2720000000,20200,2746400000,5,49.0
08/03/2016,9140,1197340000,131(0.00 %),241080,32731480000,231940,31534140000,5,49.0
09/03/2016,10630,1392880000,131(0.00 %),685494,92937280000,674864,91544400000,5,49.0
10/03/2016,-14030,-1829230000,131(0.00 %),200,26200000,14230,1855430000,5,49.0
11/03/2016,-18020,-2438620000,136(3.82 %),109540,15001000000,127560,17439620000,5,49.0
14/03/2016,350,47600000,135(-0.74 %),155350,21820600000,155000,21773000000,5,49.0
15/03/2016,14230,1921050000,136(0.74 %),54230,7361050000,40000,5440000000,5,49.0
16/03/2016,13320,1811520000,137(0.74 %),504410,71250060000,491090,69438540000,5,49.0
17/03/2016,-1900,-262200000,138(0.73 %),100000,14200000000,101900,14462200000,5,49.0
18/03/2016,-1000,-137000000,138(0.00 %),172000,24617470000,173000,24754470000,5,49.0
21/03/2016,6640,909680000,135(-2.17 %),46640,6709680000,40000,5800000000,5,49.0
22/03/2016,1900,256500000,133(-1.48 %),111900,14886500000,110000,14630000000,5,49.0
23/03/2016,1000,133000000,134(0.75 %),1000,133000000,0,0,5,49.0
24/03/2016,-17560,-2364370000,135(0.75 %),0,0,17560,2364370000,5,49.0
25/03/2016,-1000,-134000000,134(-0.74 %),109000,14598370000,110000,14732370000,5,49.0
28/03/2016,0,0,135(0.75 %),0,0,0,0,5,49.0
29/03/2016,14720,1987200000,134(-0.74 %),58240,8065800000,43520,6078600000,5,49.0
30/03/2016,1000,134000000,136(1.49 %),262834,36858830000,261834,36724830000,5,49.0
31/03/2016,0,0,134(-1.47 %),55000,7940000000,55000,7940000000,5,49.0
01/04/2016,2840,380560000,134(0.00 %),378840,53396560000,376000,53016000000,5,49.0
04/04/2016,-7530,-1006020000,134(0.00 %),26064,3520830000,33594,4526850000,5,49.0
05/04/2016,-680,-92480000,137(2.24 %),0,0,680,92480000,5,49.0
06/04/2016,0,0,137(0.00 %),291110,42502060000,291110,42502060000,5,49.0
07/04/2016,7530,1031610000,141(2.92 %),33594,4680570000,26064,3648960000,5,49.0
08/04/2016,490,69090000,143(1.42 %),523740,78507680000,523250,78438590000,5,49.0
11/04/2016,-92520,-13238910000,143(0.00 %),428900,64335000000,521420,77573910000,5,49.0
12/04/2016,0,0,143(0.00 %),74310,11037880000,74310,11037880000,5,49.0
13/04/2016,-7110,-1013430000,142(-0.70 %),239190,35877170000,246300,36890600000,5,49.0
14/04/2016,92520,13461660000,142(0.00 %),825700,122762480000,733180,109300820000,5,49.0
15/04/2016,-5640,-810520000,143(0.70 %),30000,4350000000,35640,5160520000,5,49.0
19/04/2016,-234340,-32972090000,139(-2.80 %),132300,19038900000,366640,52010990000,9,49.0
20/04/2016,-100000,-13800000000,136(-2.16 %),514818,73759470000,614818,87559470000,9,49.0
21/04/2016,-112350,-15361950000,137(0.74 %),307650,39512050000,420000,54874000000,1,49.0
22/04/2016,105730,14548090000,140(2.19 %),1391580,193478340000,1285850,178930250000,1,49.0
25/04/2016,99840,14477280000,139(-0.71 %),1108996,156800540000,1009156,142323260000,1,49.0
26/04/2016,102930,14414140000,140(0.72 %),527738,70774810000,424808,56360670000,2,49.0
27/04/2016,135910,19013070000,138(-1.43 %),185910,25963070000,50000,6950000000,3,49.0
28/04/2016,-80,-10880000,138(0.00 %),150160,20872240000,150240,20883120000,9,49.0
29/04/2016,-2620,-365970000,139(0.72 %),371950,51789350000,374570,52155320000,9,49.0
04/05/2016,-18000,-2536000000,142(2.16 %),378430,52826450000,396430,55362450000,7,49.0
05/05/2016,-5440,-772120000,142(0.00 %),245240,35449440000,250680,36221560000,7,49.0
06/05/2016,-1550,-202410000,142(0.00 %),234700,34430100000,236250,34632510000,0,49.0
09/05/2016,10760,1574990000,144(1.41 %),18010,2627440000,7250,1052450000,0,49.0
10/05/2016,5680,814880000,143(-0.69 %),338500,49328240000,332820,48513360000,0,49.0
11/05/2016,19150,2738150000,146(2.10 %),607510,89226970000,588360,86488820000,8,49.0
12/05/2016,7250,1058500000,145(-0.68 %),727580,107347010000,720330,106288510000,8,49.0
13/05/2016,-6000,-864500000,144(-0.69 %),233950,34624600000,239950,35489100000,8,49.0
16/05/2016,-3200,-466400000,146(1.39 %),197920,29045360000,201120,29511760000,8,49.0
17/05/2016,-12000,-1763460000,147(0.68 %),292790,43759500000,304790,45522960000,8,49.0
18/05/2016,-89640,-13007480000,145(-1.36 %),220200,32575050000,309840,45582530000,3,49.0
19/05/2016,3300,478500000,145(0.00 %),2425930,366579000000,2422630,366100500000,3,49.0
20/05/2016,11000,1606000000,146(0.69 %),4230300,637334950000,4219300,635728950000,5,49.0
23/05/2016,92640,13616450000,146(0.00 %),665650,99408920000,573010,85792470000,5,49.0
24/05/2016,-6020,-872900000,145(-0.68 %),66000,9834000000,72020,10706900000,5,49.0
25/05/2016,-8360,-1212200000,144(-0.69 %),223010,33224490000,231370,34436690000,5,49.0
26/05/2016,3010,433440000,141(-2.08 %),336250,50206200000,333240,49772760000,7,49.0
27/05/2016,6020,848820000,143(1.42 %),96790,14373550000,90770,13524730000,7,49.0
30/05/2016,8260,1182280000,142(-0.70 %),9360,1338480000,1100,156200000,0,49.0
31/05/2016,-1370,-194540000,142(0.00 %),43910,6542590000,45280,6737130000,7,49.0
01/06/2016,0,0,141(-0.70 %),20000,2960000000,20000,2960000000,7,49.0
02/06/2016,1100,155100000,141(0.00 %),42700,6145500000,41600,5990400000,0,49.0
03/06/2016,-170,-22260000,139(0.00 %),1315370,186779800000,1315540,186802060000,7,49.0
06/06/2016,0,0,136(-2.16 %),0,0,0,0,7,49.0
07/06/2016,10,1360000,137(0.74 %),1031310,144491360000,1031300,144490000000,0,49.0
08/06/2016,-6020,-830760000,138(0.73 %),1162620,162883720000,1168640,163714480000,0,49.0
09/06/2016,0,0,138(0.00 %),490000,68600000000,490000,68600000000,0,49.0
10/06/2016,0,0,137(-0.72 %),139780,19569200000,139780,19569200000,0,49.0
13/06/2016,7030,956080000,137(0.00 %),308590,43072360000,301560,42116280000,0,49.0
14/06/2016,0,0,137(0.00 %),60000,8400000000,60000,8400000000,0,49.0
15/06/2016,0,0,137(0.00 %),65000,9425000000,65000,9425000000,0,49.0
16/06/2016,530,73140000,137(0.00 %),530,73140000,0,0,0,49.0
17/06/2016,0,0,137(0.00 %),183200,25281600000,183200,25281600000,0,49.0
20/06/2016,-100,-13600000,137(0.00 %),260260,36076140000,260360,36089740000,0,49.0
21/06/2016,-23570,-3270590000,139(1.46 %),1103650,154485620000,1127220,157756210000,0,49.0
22/06/2016,0,0,139(0.00 %),759370,106311800000,759370,106311800000,0,49.0
23/06/2016,-319220,-44818450000,140(0.72 %),765000,107099800000,1084220,151918250000,0,49.0
24/06/2016,-137420,-18435490000,137(-2.14 %),399400,54740170000,536820,73175660000,0,49.0
27/06/2016,-249370,-33702330000,137(0.00 %),58680,7980480000,308050,41682810000,0,49.0
28/06/2016,-314240,-45136450000,140(2.19 %),283680,39056070000,597920,84192520000,35640,49.0
29/06/2016,-196680,-27505180000,139(-0.71 %),355960,49889880000,552640,77395060000,0,49.0
30/06/2016,227130,31559320000,141(1.44 %),584370,82264920000,357240,50705600000,0,49.0
01/07/2016,588020,84679760000,143(1.42 %),1373740,198114250000,785720,113434490000,4,49.0
04/07/2016,303210,43965450000,145(1.40 %),1202758,174549910000,899548,130584460000,4,49.0
05/07/2016,22240,3224800000,144(-0.69 %),222240,32224800000,200000,29000000000,4,49.0
06/07/2016,8280,1191850000,143(-0.69 %),129910,18824940000,121630,17633090000,8,49.0
07/07/2016,88800,12783840000,147(2.80 %),290100,42573640000,201300,29789800000,8,49.0
08/07/2016,-100,-14800000,147(0.00 %),0,0,100,14800000,8,49.0
11/07/2016,1630,239610000,146(-0.68 %),201630,30239610000,200000,30000000000,8,49.0
12/07/2016,-1550,-226300000,147(0.68 %),41300,6109800000,42850,6336100000,8,49.0
13/07/2016,-900,-132300000,147(0.00 %),197970,29635200000,198870,29767500000,8,49.0
14/07/2016,0,0,146(-0.68 %),61350,9182500000,61350,9182500000,8,49.0
15/07/2016,2850,416100000,147(0.68 %),5429252,741196940000,5426402,740780840000,8,49.0
18/07/2016,-8720,-1280840000,150(2.04 %),136780,20515000000,145500,21795840000,8,49.0
19/07/2016,-28870,-4378150000,153(2.00 %),209230,32430650000,238100,36808800000,8,49.0
20/07/2016,-1000,-155000000,158(3.27 %),278260,44043340000,279260,44198340000,8,49.0
21/07/2016,-878090,-138493160000,157(-0.63 %),175780,27691350000,1053870,166184510000,8,49.0
22/07/2016,64600,9037130000,156(-0.64 %),703270,108118350000,638670,99081220000,611809949,49.04
25/07/2016,44040,6840950000,154(-1.28 %),430840,66910200000,386800,60069250000,611660109,49.06
26/07/2016,351970,54793660000,157(1.95 %),544240,84694970000,192270,29901310000,612190281,49.01
27/07/2016,150220,23767270000,158(0.64 %),296300,46827210000,146080,23059940000,612486031,48.99
28/07/2016,-93400,-14931690000,160(1.27 %),280500,44762110000,373900,59693800000,612312331,49.0
29/07/2016,-205810,-32667130000,158(-1.25 %),272680,43387680000,478490,76054810000,612110321,49.02
01/08/2016,-648110,-100869720000,155(-1.90 %),388740,60703340000,1036850,161573060000,611767661,49.05
02/08/2016,250340,38326840000,152(-1.94 %),358800,54937420000,108460,16610580000,620655867,49.05
03/08/2016,142070,21814820000,154(1.32 %),143200,21988840000,1130,174020000,620926157,49.02
04/08/2016,516610,80847610000,156(1.30 %),717090,112120200000,200480,31272590000,621245917,49.0
05/08/2016,298290,46716870000,158(1.28 %),519290,81110870000,221000,34394000000,620835087,48.67
08/08/2016,151230,23983770000,158(0.00 %),240790,38142600000,89560,14158830000,620595427,48.69
09/08/2016,674020,108648020000,162(2.53 %),729030,117498310000,55010,8850290000,620102877,48.73
10/08/2016,71290,11718150000,164(1.23 %),476700,77988290000,405410,66270140000,619947177,48.75
11/08/2016,219570,36065400000,169(3.05 %),1030390,171603350000,810820,135537950000,619297257,48.8
12/08/2016,-108890,-17864880000,168(-0.59 %),1383850,237657830000,1492740,255522710000,618132417,48.9
15/08/2016,-339200,-57128200000,169(0.60 %),190450,32103900000,529650,89232100000,618247377,48.89
16/08/2016,-355930,-60271030000,169(0.00 %),200990,34072100000,556920,94343130000,618601897,48.86
17/08/2016,-182370,-31161560000,171(1.18 %),416120,71032540000,598490,102194100000,619478517,48.78
18/08/2016,-146840,-25355380000,174(1.75 %),934180,160626450000,1081020,185981830000,619073987,48.82
19/08/2016,-1597200,-230292620000,143(0.94 %),202860,29205160000,1800060,259497780000,619392447,48.79
22/08/2016,-264820,-37407840000,140(-2.10 %),104420,14769930000,369240,52177770000,619886517,48.75
23/08/2016,-159300,-22385480000,143(2.14 %),249390,35439050000,408690,57824530000,620718147,48.68
24/08/2016,-268820,-38982110000,145(1.40 %),83410,12027980000,352230,51010090000,622434797,48.54
25/08/2016,-32210,-4680350000,145(0.00 %),70590,10214550000,102800,14894900000,622733447,48.52
26/08/2016,-184530,-26725790000,146(0.69 %),170460,24722760000,354990,51448550000,622971684,48.5
29/08/2016,567640,86277420000,151(3.42 %),1270380,192329250000,702740,106051830000,622053534,48.57
30/08/2016,-793870,-120023430000,152(0.66 %),643370,97171430000,1437240,217194860000,621602964,48.61
31/08/2016,-14140,-1849830000,156(2.63 %),1808290,279135540000,1822430,280985370000,620750664,48.68
01/09/2016,-397430,-61056250000,154(-1.28 %),2232668,343488300000,2630098,404544550000,620161524,48.73
05/09/2016,270110,41750130000,154(0.00 %),1301030,198986860000,1030920,157236730000,620207734,48.72
06/09/2016,-334530,-50814830000,150(-2.60 %),809940,122980490000,1144470,173795320000,620719224,48.68
07/09/2016,-2012330,-294083960000,146(-2.67 %),780720,113935220000,2793050,408019180000,621627814,48.61
08/09/2016,-679490,-99447480000,147(0.68 %),2073400,304035390000,2752890,403482870000,621454574,48.62
09/09/2016,-897140,-129864380000,143(-2.72 %),681150,98734340000,1578290,228598720000,746553583,58.28
12/09/2016,-704300,-100230880000,141.2(-1.26 %),881130,124862390000,1585430,225093270000,748970093,48.4
13/09/2016,-467840,-65160600000,144.9(2.62 %),589740,84198400000,1057580,149359000000,750264003,48.31
14/09/2016,-309870,-44485360000,144(-0.62 %),358620,51567270000,668490,96052630000,751096913,48.25
15/09/2016,-552410,-79267610000,143(-0.69 %),655900,94229220000,1208310,173496830000,751715253,48.21
16/09/2016,30830,1208450000,138(-3.50 %),8732710,1205790400000,8701880,1204581950000,748336123,48.44
19/09/2016,-457860,-62898660000,136(-1.45 %),901410,123242550000,1359270,186141210000,748003203,48.47
20/09/2016,-604650,-81023800000,136(0.00 %),3421500,458456500000,4026150,539480300000,748810013,48.41
21/09/2016,-194440,-26851200000,137.8(1.32 %),369330,51005010000,563770,77856210000,752980563,48.12
22/09/2016,-139920,-19362380000,137.2(-0.44 %),3563020,457647870000,3702940,477010250000,754254813,48.03
23/09/2016,527060,73198370000,140(2.04 %),3666596,503637280000,3139536,430438910000,754298043,48.03
26/09/2016,19810,2798650000,141(0.71 %),3539615,466437350000,3519805,463638700000,754191653,48.04
27/09/2016,-269940,-37949490000,140(-0.71 %),176780,24861270000,446720,62810760000,754239813,48.04
28/09/2016,91050,12708100000,140(0.00 %),706630,98900340000,615580,86192240000,753869043,48.06
29/09/2016,-29700,-4233140000,140(0.00 %),1209530,169358880000,1239230,173592020000,753395867,48.09
30/09/2016,23580,3288090000,140(0.00 %),487120,68297500000,463540,65009410000,753466467,48.09
03/10/2016,-83630,-11731320000,140.5(0.36 %),855938,120259350000,939568,131990670000,753651767,48.08
04/10/2016,-95420,-13462680000,140.5(0.00 %),274940,38783910000,370360,52246590000,754396057,48.02
05/10/2016,33820,4782880000,140.4(-0.07 %),348370,49101010000,314550,44318130000,754400227,48.02
06/10/2016,449160,63530520000,142(1.14 %),648540,91842310000,199380,28311790000,754165605,48.04
07/10/2016,421040,59423150000,141.6(-0.28 %),546570,77194510000,125530,17771360000,753989409,48.05
10/10/2016,221860,31282500000,140.1(-1.06 %),357050,50320230000,135190,19037730000,754026399,48.05
11/10/2016,582550,80985120000,140.5(0.29 %),781840,108614550000,199290,27629430000,753443943,48.09
12/10/2016,590560,83196640000,141.5(0.71 %),731890,103128800000,141330,19932160000,752837591,48.13
13/10/2016,244120,34633330000,142(0.35 %),292790,41543650000,48670,6910320000,752600501,48.15
14/10/2016,474860,68267360000,144(1.41 %),790830,113565060000,315970,45297700000,752091185,48.18
17/10/2016,-230320,-32948890000,142.2(-1.25 %),35810,5124930000,266130,38073820000,752196705,48.18
18/10/2016,355490,50878990000,144(1.27 %),702050,100186540000,346560,49307550000,751806305,48.2
19/10/2016,229230,33342960000,146(1.39 %),632000,91474630000,402770,58131670000,751374063,48.23
20/10/2016,-25510,-3664930000,144.9(-0.75 %),548950,79979030000,574460,83643960000,751354223,48.23
21/10/2016,-87260,-12654310000,144.2(-0.48 %),290420,42109760000,377680,54764070000,751410363,48.23
24/10/2016,-590230,-83943520000,141(-2.22 %),327080,46985560000,917310,130929080000,751486053,48.23
25/10/2016,202670,28547260000,141(0.00 %),659590,92948660000,456920,64401400000,751237943,48.24
26/10/2016,134670,18989180000,141.1(0.07 %),772300,108940060000,637630,89950880000,751202343,48.24
27/10/2016,67430,9542570000,142.5(0.99 %),239460,33945470000,172030,24402900000,751756403,48.21
28/10/2016,362120,51910410000,143.3(0.56 %),405500,58121060000,43380,6210650000,751707823,48.21
31/10/2016,32030,4587630000,142(-0.91 %),505057,72128370000,473027,67540740000,751661353,48.21
01/11/2016,-133290,-18909810000,141.9(-0.07 %),349090,49587590000,482380,68497400000,751627603,48.22
02/11/2016,-166450,-23587790000,141.1(-0.56 %),316330,44854180000,482780,68441970000,751514653,48.22
03/11/2016,424470,59847490000,141.4(0.21 %),695920,98135410000,271450,38287920000,750848808,48.27
04/11/2016,25200,3555630000,140.9(-0.35 %),871140,123098650000,845940,119543020000,750656968,48.28
07/11/2016,-565460,-79323160000,140.2(-0.50 %),247450,34727410000,812910,114050570000,750732300,48.28
08/11/2016,18560,2601030000,140.4(0.14 %),326220,45842350000,307660,43241320000,750796020,48.27
09/11/2016,453270,63533740000,140(-0.28 %),1275410,177810030000,822140,114276290000,750017138,48.33
10/11/2016,134840,18994900000,141(0.71 %),693780,97820880000,558940,78825980000,750419248,48.3
11/11/2016,144760,20387960000,140.5(-0.35 %),849510,119567790000,704750,99179830000,750006618,48.33
14/11/2016,-744060,-103132330000,138.2(-1.64 %),251120,35003680000,995180,138136010000,750518638,48.29
15/11/2016,-672650,-92666170000,137.3(-0.65 %),585850,80838890000,1258500,173505060000,750208744,48.31
16/11/2016,365360,50700660000,139(1.24 %),1241340,172172290000,875980,121471630000,749561344,48.36
17/11/2016,322890,44849290000,139(0.00 %),2249970,312701700000,1927080,267852410000,749799094,48.34
18/11/2016,-586910,-80761040000,137.2(-1.29 %),367510,50691450000,954420,131452490000,750790084,48.27
21/11/2016,-438580,-60781630000,138.5(0.95 %),1033730,143131210000,1472310,203912840000,750995434,48.26
22/11/2016,-236220,-32984600000,140.7(1.59 %),1439820,199679770000,1676040,232664370000,750981204,48.26
23/11/2016,-467310,-65257010000,139(-1.21 %),527510,73329600000,994820,138586610000,751708114,48.21
24/11/2016,-1419690,-194848670000,136.7(-1.65 %),47400,6534930000,1467090,201383600000,752633024,48.15
25/11/2016,-1706690,-229257680000,134.5(-1.61 %),382270,51436550000,2088960,280694230000,753077874,48.12
28/11/2016,-1753700,-229658640000,129.2(-3.94 %),682630,88852590000,2436330,318511230000,753416304,48.09
29/11/2016,-461400,-61094970000,134.3(3.95 %),2495610,332907760000,2957010,394002730000,753742974,48.07
30/11/2016,2865360,403699130000,138(2.76 %),4356180,609065810000,1490820,205366680000,751362624,48.23
01/12/2016,-741840,-101431540000,135.2(-2.03 %),120690,16558630000,862530,117990170000,753279294,48.1
02/12/2016,-406070,-55056540000,135(-0.15 %),1774710,240087960000,2180780,295144500000,754164314,48.04
05/12/2016,336470,45525640000,135(0.00 %),1129020,152489460000,792550,106963820000,754828034,48.0
06/12/2016,-89490,-12078670000,134(-0.74 %),277070,37240390000,366560,49319060000,755386224,47.96
07/12/2016,-910930,-120822930000,132.5(-1.12 %),526690,69843350000,1437620,190666280000,755982404,47.92
08/12/2016,-1220480,-165048170000,135.2(2.04 %),939720,126840640000,2160200,291888810000,755433314,47.95
09/12/2016,-742320,-100717010000,135.8(0.44 %),227200,30859590000,969520,131576600000,755572674,47.94
12/12/2016,961490,128472760000,133.7(-1.55 %),1880500,251225940000,919010,122753180000,755835104,47.93
13/12/2016,224230,29879400000,131(-2.02 %),1003580,133817050000,779350,103937650000,757091724,47.84
14/12/2016,25210,3337490000,130.8(-0.15 %),655140,85758080000,629930,82420590000,757598904,47.8
15/12/2016,-305560,-38981990000,127.6(-2.45 %),741100,95131970000,1046660,134113960000,757224396,47.83
16/12/2016,400710,51934020000,129.9(1.80 %),1150880,148999340000,750170,97065320000,757542338,47.81
19/12/2016,-110740,-14236950000,128.8(-0.85 %),239300,30985950000,350040,45222900000,757008696,47.84
20/12/2016,-995200,-124731500000,124.6(-3.26 %),654720,82609730000,1649920,207341230000,757356748,47.82
21/12/2016,-190740,-23161980000,126.1(1.20 %),876880,109723550000,1067620,132885530000,757250043,47.83
22/12/2016,-529870,-66088400000,123.1(-2.38 %),1229180,154028160000,1759050,220116560000,678892893,53.23
23/12/2016,104560,12867440000,124(0.73 %),681340,83657980000,576780,70790540000,679842473,53.16
26/12/2016,-194940,-23923780000,122.5(-1.21 %),21000,2590540000,215940,26514320000,681081753,53.08
27/12/2016,412830,51205300000,125(2.04 %),1090810,135404510000,677980,84199210000,681081753,53.08
28/12/2016,-186840,-23522270000,126(0.80 %),307580,38693280000,494420,62215550000,680979943,53.08
29/12/2016,-333910,-42981950000,128.6(2.06 %),1129520,145699720000,1463430,188681670000,680366363,53.13
30/12/2016,-667680,-84439660000,125.6(-2.33 %),18500,2363670000,686180,86803330000,680902783,53.09
03/01/2017,169770,21481160000,126.7(0.88 %),469930,59484710000,300160,38003550000,680933633,53.09
04/01/2017,197980,25138050000,126.9(0.16 %),771060,97909760000,573080,72771710000,681735003,53.03
05/01/2017,168820,21399380000,126.7(-0.16 %),660850,83733830000,492030,62334450000,681820339,53.02
06/01/2017,165420,20866740000,126(-0.55 %),922050,116520870000,756630,95654130000,681130455,53.07
09/01/2017,319450,40326280000,126(0.00 %),1423210,179697710000,1103760,139371430000,680506865,53.12
10/01/2017,277270,34932430000,126.1(0.08 %),1050670,132510370000,773400,97577940000,680355125,53.13
11/01/2017,158170,20048900000,127(0.71 %),868810,110194570000,710640,90145670000,680635945,53.11
12/01/2017,89170,11302770000,127(0.00 %),590140,74892480000,500970,63589710000,680814025,53.09
13/01/2017,171740,21774610000,126.9(-0.08 %),726590,91603830000,554850,69829220000,680763055,53.1
16/01/2017,412970,52319830000,126.5(-0.32 %),2095620,265543880000,1682650,213224050000,680589895,53.11
17/01/2017,189420,23934710000,126.1(-0.32 %),2693190,340265170000,2503770,316330460000,680400175,53.12
18/01/2017,322050,40543460000,126(-0.08 %),2352430,296214450000,2030380,255670990000,679933475,53.15
19/01/2017,152560,19240060000,126(0.00 %),1661860,209494330000,1509300,190254270000,679328445,53.2
20/01/2017,798830,102162230000,127(0.79 %),1894130,241905440000,1095300,139743210000,678419391,53.26
23/01/2017,389260,50240450000,128(0.79 %),1761120,226652550000,1371860,176412100000,677369751,53.33
24/01/2017,1119500,144485660000,128(0.00 %),1921380,247594780000,801880,103109120000,676291671,53.41
25/01/2017,535480,68980500000,129(0.78 %),2160670,278547520000,1625190,209567020000,675482951,53.46
02/02/2017,324650,42732310000,133(3.10 %),1117410,146644680000,792760,103912370000,675444291,53.46
03/02/2017,300720,40936680000,133.9(0.68 %),683230,92477210000,382510,51540530000,675264581,53.48
06/02/2017,197710,26338410000,133.2(-0.52 %),1032540,137619780000,834830,111281370000,675016781,53.49
07/02/2017,189410,25287810000,133.8(0.45 %),924466,123580480000,735056,98292670000,675378141,53.47
08/02/2017,167920,22482480000,133.9(0.07 %),1377017,184416480000,1209097,161934000000,675490531,53.46
09/02/2017,176280,23612300000,134.1(0.15 %),1237880,166016250000,1061600,142403950000,675643393,53.45
10/02/2017,437650,58601100000,133.8(-0.22 %),2278160,305032110000,1840510,246431010000,673953963,53.57
13/02/2017,218210,29162670000,133.8(0.00 %),431860,57734760000,213650,28572090000,673572663,53.59
14/02/2017,139090,18548250000,132.9(-0.67 %),1509071,201125740000,1369981,182577490000,673514543,53.6
15/02/2017,294610,39191590000,133(0.08 %),1353160,180018440000,1058550,140826850000,674256033,53.55
16/02/2017,235100,31227530000,132(-0.75 %),856750,113823340000,621650,82595810000,674017533,53.56
17/02/2017,-261020,-34021500000,130(-1.52 %),1218260,159513640000,1479280,193535140000,674088543,53.56
20/02/2017,106810,13903740000,130(0.00 %),299730,39019210000,192920,25115470000,674324509,53.54
21/02/2017,504860,65608450000,130.3(0.23 %),3748740,487436360000,3243880,421827910000,673664329,53.59
22/02/2017,-9620,-1260650000,130.4(0.08 %),547470,71502780000,557090,72763430000,673903589,53.57
23/02/2017,42250,5503580000,130.3(-0.08 %),674500,87580810000,632250,82077230000,673673909,53.59
24/02/2017,424810,55712820000,131.9(1.23 %),851970,111848590000,427160,56135770000,673215311,53.62
27/02/2017,107100,14157200000,131.8(-0.08 %),762580,100716540000,655480,86559340000,672651173,53.66
28/02/2017,235660,30961450000,131.4(-0.30 %),644240,84635440000,408580,53673990000,672629945,53.66
01/03/2017,306810,40310360000,130.8(-0.46 %),655560,86116290000,348750,45805930000,672651173,53.66
02/03/2017,330,60270000,129.7(-0.84 %),442530,57626810000,442200,57566540000,672873103,53.64
03/03/2017,9340,1202660000,129.9(0.15 %),541460,70230650000,532120,69027990000,672918479,53.64
06/03/2017,265440,34560530000,130.9(0.77 %),935310,121751430000,669870,87190900000,672494079,53.67
07/03/2017,-16820,-2188410000,130(-0.69 %),823830,107250520000,840650,109438930000,672375449,53.68
08/03/2017,189060,24741250000,130.6(0.46 %),355650,46535300000,166590,21794050000,672273669,53.68
09/03/2017,235770,30776270000,130.5(-0.08 %),368440,48098400000,132670,17322130000,672235809,53.69
10/03/2017,163790,21329740000,129.9(-0.46 %),246670,32125810000,82880,10796070000,672237249,53.69
13/03/2017,1603740,208477080000,129.7(-0.15 %),1754470,228065480000,150730,19588400000,670759369,53.79
14/03/2017,226680,29564100000,130.7(0.77 %),305640,39858270000,78960,10294170000,670492909,53.81
15/03/2017,370280,48889650000,133(1.76 %),498130,65755940000,127850,16866290000,670167569,53.83
16/03/2017,332890,44596690000,134(0.75 %),577780,77392810000,244890,32796120000,669630519,53.86
17/03/2017,446940,59905570000,134(0.00 %),845250,113288670000,398310,53383100000,669630519,53.86
20/03/2017,424300,56753160000,133.9(-0.07 %),1366620,182108320000,942320,125355160000,669630519,53.86
21/03/2017,517710,69758060000,135.6(1.27 %),565740,76225520000,48030,6467460000,669630519,53.86
22/03/2017,563310,77672150000,136.6(0.74 %),614050,84642260000,50740,6970110000,669630519,53.86
23/03/2017,1556640,217028970000,140.2(2.64 %),1594540,222286640000,37900,5257670000,669630519,53.86
24/03/2017,486110,68708630000,141.7(1.07 %),4297880,609375150000,3811770,540666520000,669630519,53.86
27/03/2017,234410,33480780000,142(0.21 %),454250,64901240000,219840,31420460000,669630519,53.86
28/03/2017,468320,66425510000,140.8(-0.85 %),540520,76653470000,72200,10227960000,669630519,53.86
29/03/2017,523370,74089660000,141.8(0.71 %),1155555,163587440000,632185,89497780000,669630519,53.86
30/03/2017,841910,120612070000,144(1.55 %),1369350,196152740000,527440,75540670000,669630519,53.86
31/03/2017,687560,99388930000,143.3(-0.49 %),1096180,158466300000,408620,59077370000,669630519,53.86
03/04/2017,612420,88261780000,144.3(0.70 %),684460,98633270000,72040,10371490000,662205615,54.38
04/04/2017,840330,121003820000,144(-0.21 %),1544140,222352980000,703810,101349160000,661366795,54.43
05/04/2017,545960,78323570000,143.4(-0.42 %),663060,95117860000,117100,16794290000,661060085,54.46
07/04/2017,153470,21908410000,142.6(-0.56 %),702710,99879830000,549240,77971420000,660524215,54.49
10/04/2017,125440,17866810000,142.6(0.00 %),536840,76434990000,411400,58568180000,660184905,54.52
11/04/2017,101950,14616490000,143.5(0.63 %),731430,104878340000,629480,90261850000,659997625,54.53
12/04/2017,232580,33438330000,144(0.35 %),750170,107870350000,517590,74432020000,659978335,54.53
13/04/2017,160980,23108460000,143.1(-0.62 %),467307,67067810000,306327,43959350000,659975915,54.53
14/04/2017,57490,8165890000,141.7(-0.98 %),424740,60148440000,367250,51982550000,659944345,54.53
17/04/2017,600690,85328010000,142(0.21 %),939620,133461210000,338930,48133200000,659515925,54.56
18/04/2017,1238030,177457850000,144.4(1.69 %),3459230,497210380000,2221200,319752530000,658240815,54.65
19/04/2017,330740,48109670000,145.4(0.69 %),627380,91229910000,296640,43120240000,657954775,54.67
20/04/2017,192930,27978430000,144.9(-0.34 %),278560,40397100000,85630,12418670000,657805095,54.68
21/04/2017,154790,22395200000,144.7(-0.14 %),316070,45759380000,161280,23364180000,657645225,54.69
24/04/2017,177470,25556090000,144(-0.48 %),1078000,155216540000,900530,129660450000,657393851,54.71
25/04/2017,164330,23532480000,143.4(-0.42 %),558750,80031330000,394420,56498850000,657164727,54.72
26/04/2017,141820,20344190000,143.9(0.35 %),706570,101630850000,564750,81286660000,657119437,54.73
27/04/2017,276500,40116430000,146.5(1.81 %),586160,85054640000,309660,44938210000,656718997,54.75
28/04/2017,366660,54055820000,148(1.02 %),855960,126514510000,489300,72458690000,656303457,54.78
03/05/2017,313390,46510250000,148.3(0.20 %),591460,87776630000,278070,41266380000,655726751,54.82
04/05/2017,474430,70169740000,148.5(1.50 %),699850,103431170000,225420,33261430000,655336561,54.85
05/05/2017,132390,19534180000,146.6(-1.28 %),530884,78300350000,398494,58766170000,655198261,54.86
08/05/2017,247900,36165420000,145.9(-0.48 %),1986580,276647790000,1738680,240482370000,654916751,54.88
09/05/2017,-36170,-5219570000,144(-1.30 %),336270,48451640000,372440,53671210000,654805901,54.89
10/05/2017,152320,22018170000,144.4(0.28 %),285780,41216200000,133460,19198030000,654665331,54.9
11/05/2017,274870,39656590000,144.5(0.07 %),456150,65772630000,181280,26116040000,654658411,54.9
12/05/2017,153080,22073870000,144.8(0.21 %),474480,66357360000,321400,44283490000,654805371,54.89
15/05/2017,-49690,-7189190000,143.9(-0.62 %),257590,37078360000,307280,44267550000,654681241,54.89
16/05/2017,20420,2953490000,143.5(-0.28 %),240820,34611110000,220400,31657620000,654551641,54.9
17/05/2017,504800,73297580000,147(2.44 %),788280,114718620000,283480,41421040000,653893091,54.95
18/05/2017,127850,18668390000,146(-0.68 %),1238951,174715950000,1111101,156047560000,653829431,54.95
19/05/2017,431180,63277390000,147.9(1.30 %),580290,85071710000,149110,21794320000,653402051,54.98
22/05/2017,472610,70906350000,150.3(1.62 %),621490,93147090000,148880,22240740000,653006719,55.01
23/05/2017,389360,58939410000,151.5(0.80 %),413410,62580790000,24050,3641380000,652836399,55.02
24/05/2017,155950,23624820000,151.5(0.00 %),405180,61391710000,249230,37766890000,652580329,55.04
25/05/2017,50310,7585940000,150(-0.99 %),212910,32065090000,162600,24479150000,652605799,55.04
26/05/2017,115410,17346220000,152(1.33 %),184130,27644340000,68720,10298120000,652445710,55.05
29/05/2017,21660,3284780000,151.7(-0.20 %),148840,22594100000,127180,19309320000,652546100,55.04
30/05/2017,-20700,-3105700000,149.7(-1.32 %),127100,19123120000,147800,22228820000,652492100,55.05
31/05/2017,158410,24273800000,149.7(0.00 %),1033720,156110390000,875310,131836590000,651527100,55.11
01/06/2017,132930,20126940000,151.9(1.47 %),466500,70595560000,333570,50468620000,651187780,55.14
02/06/2017,4180,667450000,150.9(-0.66 %),1402860,211802770000,1398680,211135320000,651032720,55.15
05/06/2017,217730,33317140000,153.7(1.86 %),325710,49904880000,107980,16587740000,651610610,55.11
06/06/2017,69930,10778110000,154.2(0.33 %),383490,59346540000,313560,48568430000,651840690,55.09
07/06/2017,9380,1407350000,154(-0.13 %),1139040,175041660000,1129660,173634310000,651739330,55.1
08/06/2017,116330,17870720000,153.6(-0.26 %),575520,88433170000,459190,70562450000,651699500,55.1
09/06/2017,-39460,-6071960000,153.7(0.07 %),422130,64868290000,461590,70940250000,651590930,55.11
12/06/2017,-24800,-3804570000,152.7(-0.65 %),336160,51514910000,360960,55319480000,651762906,55.1
13/06/2017,-29270,-4450840000,152.3(-0.26 %),541490,82267910000,570760,86718750000,651370606,55.12
14/06/2017,82680,12691640000,153.5(0.79 %),626414,95930840000,543734,83239200000,651145786,55.14
15/06/2017,138120,21241810000,153.8(0.20 %),443920,68194650000,305800,46952840000,651091256,55.14
16/06/2017,-368540,-56346440000,153(-0.52 %),960450,147271420000,1328990,203617860000,650856566,55.16
19/06/2017,59850,9268630000,154.4(0.92 %),696900,107096990000,637050,97828360000,650663396,55.17
20/06/2017,-61230,-9483280000,153(-0.91 %),461640,70834170000,522870,80317450000,650381656,55.19
21/06/2017,12680,1953160000,153.8(0.52 %),713830,108926420000,701150,106973260000,650856824,55.16
22/06/2017,54070,8291940000,152.9(-0.59 %),373040,57249270000,318970,48957330000,651178903,55.14
23/06/2017,77320,11816150000,153(0.07 %),373060,57058010000,295740,45241860000,651459213,55.12
26/06/2017,65480,10019460000,153.4(0.26 %),471350,72086610000,405870,62067150000,651882013,55.09
27/06/2017,36350,5570590000,153.5(0.07 %),358800,55044460000,322450,49473870000,651587283,55.11
28/06/2017,-92100,-14219920000,155.4(1.24 %),162080,25033970000,254180,39253890000,651587283,55.11
29/06/2017,-52760,-8186460000,154.8(-0.39 %),115350,17896740000,168110,26083200000,651523803,55.11
30/06/2017,588140,92251100000,157.6(1.81 %),1088930,170876080000,500790,78624980000,650872413,55.16
03/07/2017,-117480,-18452540000,157(-0.38 %),437910,68849970000,555390,87302510000,650882483,55.16
04/07/2017,-3520,-541730000,156.5(-0.32 %),204030,31943880000,207550,32485610000,650910547,55.15
05/07/2017,-20680,-3246520000,156.6(0.06 %),596230,93303830000,616910,96550350000,651075867,55.14
06/07/2017,225750,35579100000,157.5(0.57 %),768580,121170030000,542830,85590930000,651010807,55.15
07/07/2017,-152330,-23665800000,154.2(-2.10 %),639070,99843080000,791400,123508880000,650945707,55.15
10/07/2017,-405490,-61817210000,151.7(-1.62 %),173800,26568670000,579290,88385880000,651274337,55.13
11/07/2017,99270,15129230000,153(0.86 %),764510,116790270000,665240,101661040000,650913337,55.15
12/07/2017,234590,36242910000,155.4(1.57 %),414460,63901380000,179870,27658470000,650859877,55.16
13/07/2017,293180,45857830000,156.3(0.58 %),439090,68654280000,145910,22796450000,651000077,55.15
14/07/2017,378730,59064010000,155.1(-0.77 %),522660,81480390000,143930,22416380000,650678677,55.17
17/07/2017,-285230,-43492090000,151.9(-2.06 %),459770,69870720000,745000,113362810000,650834904,55.16
18/07/2017,-126400,-19202960000,152(0.07 %),660730,100423640000,787130,119626600000,650755334,55.17
19/07/2017,156050,23928050000,153(0.66 %),746170,114245070000,590120,90317020000,650594344,55.18
20/07/2017,287310,43673550000,152(-0.65 %),400710,60914140000,113400,17240590000,650502517,55.18
21/07/2017,127910,19377270000,151.5(-0.33 %),187260,28368710000,59350,8991440000,650667141,55.17
24/07/2017,89590,13485430000,151.8(0.20 %),443010,66835870000,353420,53350440000,650373001,55.19
25/07/2017,-9510,-1445110000,151.8(0.00 %),136290,20669990000,145800,22115100000,650410111,55.19
26/07/2017,28320,4318020000,153(0.79 %),283460,43352350000,255140,39034330000,650641211,55.17
27/07/2017,70400,10764400000,152.9(-0.07 %),198210,30312260000,127810,19547860000,650641211,55.17
28/07/2017,49140,7512910000,153(0.07 %),288230,44088410000,239090,36575500000,650488785,55.18
31/07/2017,76410,11661550000,152.6(-0.26 %),577430,88154870000,501020,76493320000,649995995,55.22
01/08/2017,-9700,-1375180000,151.1(-0.98 %),606430,92325740000,616130,93700920000,649417375,55.26
02/08/2017,163040,24672390000,152.4(0.86 %),853240,129644300000,690200,104971910000,648753225,55.3
03/08/2017,241570,37108770000,154(1.05 %),523850,80492810000,282280,43384040000,648750112,55.3
04/08/2017,109950,16932840000,154(0.00 %),212150,32672530000,102200,15739690000,649154092,55.28
07/08/2017,75860,11653820000,153.7(-0.19 %),270660,41541700000,194800,29887880000,649593632,55.25
08/08/2017,-84390,-12815770000,152(-1.11 %),862620,131416480000,947010,144232250000,648964082,55.29
09/08/2017,-397840,-59634980000,150(-1.32 %),366450,55239580000,764290,114874560000,648754032,55.3
10/08/2017,15510,2348390000,151.5(1.00 %),279930,42399530000,264420,40051140000,648648902,55.31
11/08/2017,-19770,-3002910000,151.5(0.00 %),468190,70865350000,487960,73868260000,649127725,55.28
14/08/2017,88680,13273380000,149.7(0.13 %),619100,92603250000,530420,79329870000,649245715,55.27
15/08/2017,-7040,-1034670000,148.5(-0.80 %),275470,41057570000,282510,42092240000,649234665,55.27
16/08/2017,4780,701410000,147.5(-0.67 %),128890,18969900000,124110,18268490000,649593735,55.25
17/08/2017,130750,19400250000,148.8(0.88 %),1005930,149124470000,875180,129724220000,649376735,55.26
18/08/2017,159870,23840070000,149.2(0.27 %),416720,62137730000,256850,38297660000,649342525,55.26
21/08/2017,93840,13989270000,148.9(-0.20 %),764930,114034080000,671090,100044810000,649307255,55.27
22/08/2017,106170,15764890000,148.5(-0.27 %),370620,55027980000,264450,39263090000,649526305,55.25
23/08/2017,85150,12623110000,148.5(0.00 %),765310,113582960000,680160,100959850000,649333845,55.26
24/08/2017,1520,226640000,148.3(-0.13 %),584330,86652590000,582810,86425950000,649243966,55.27
25/08/2017,78990,11722300000,148.5(0.13 %),214650,31842150000,135660,20119850000,649293766,55.27
28/08/2017,118580,17559660000,148.3(-0.13 %),306500,45407090000,187920,27847430000,649351426,55.26
29/08/2017,-36420,-5384250000,147.5(-0.54 %),491440,72604310000,527860,77988560000,649113886,55.28
30/08/2017,66540,9843530000,148(0.34 %),401110,59363870000,334570,49520340000,648848436,55.3
31/08/2017,62000,9306280000,148.4(0.27 %),421500,62656660000,359500,53350380000,648514856,55.32
01/09/2017,346210,52243970000,151.5(2.09 %),403930,60937430000,57720,8693460000,648588786,55.31
05/09/2017,224230,34088570000,152.6(0.73 %),644440,97961100000,420210,63872530000,648278916,55.34
06/09/2017,580,110810000,151(-1.05 %),132580,20101380000,132000,19990570000,648505836,55.32
07/09/2017,-31110,-4662640000,149.5(-0.99 %),180590,27043650000,211700,31706290000,648332966,55.33
08/09/2017,-25540,-3816390000,149.1(-0.27 %),120380,17949470000,145920,21765860000,648632796,55.31
11/09/2017,-163520,-24283000000,148.4(-0.47 %),381890,56734900000,545410,81017900000,648382906,55.33
12/09/2017,-112980,-16734900000,148.1(-0.20 %),496010,73470750000,608990,90205650000,648123596,55.35
13/09/2017,-131600,-19494680000,148.2(0.07 %),947480,140273360000,1079080,159768040000,647622036,55.38
14/09/2017,-122820,-18208800000,148.3(0.07 %),643160,95357990000,765980,113566790000,647571788,55.38
15/09/2017,-171890,-25413420000,148(-0.20 %),1027840,152017590000,1199730,177431010000,647157938,55.41
18/09/2017,-36220,-5334810000,149(0.68 %),489420,72801340000,525640,78136150000,647597598,55.38
19/09/2017,40830,6064610000,148.4(-0.40 %),768230,114198540000,727400,108133930000,648076228,55.35
20/09/2017,131830,19612580000,148.9(0.34 %),719820,106953040000,587990,87340460000,648979088,55.29
21/09/2017,-94560,-14012120000,148(-0.60 %),483570,71578000000,578130,85590120000,648871158,55.3
22/09/2017,-46710,-6916440000,147.7(-0.20 %),160950,23817140000,207660,30733580000,648909228,55.29
25/09/2017,49050,7254900000,148(0.20 %),123150,18191130000,74100,10936230000,648921158,55.29
26/09/2017,57290,8489050000,148.1(0.07 %),223960,33175900000,166670,24686850000,649275336,55.27
27/09/2017,-33830,-5012570000,148(-0.07 %),474810,70362120000,508640,75374690000,649298136,55.27
28/09/2017,167750,24921410000,149(0.68 %),283640,42118510000,115890,17197100000,649088596,55.28
29/09/2017,83760,12579860000,149.2(0.13 %),518240,77656930000,434480,65077070000,648737026,55.3
02/10/2017,-14260,-2130120000,148.5(-0.47 %),148810,22166490000,163070,24296610000,648806906,55.3
03/10/2017,-69030,-10212220000,147.9(-0.40 %),502440,74311420000,571470,84523640000,648477356,55.32
04/10/2017,84360,12480120000,148.5(0.41 %),239540,35459580000,155180,22979460000,648707296,55.31
05/10/2017,42090,6284310000,149(0.34 %),574950,85762590000,532860,79478280000,648595416,55.31
06/10/2017,183160,27474000000,149(0.00 %),838930,125737360000,655770,98263360000,648420956,55.33
09/10/2017,-61820,-9202810000,148.9(-0.07 %),9030,1343600000,70850,10546410000,648532113,55.32
10/10/2017,-42590,-6329310000,148.5(-0.27 %),310960,46181750000,353550,52511060000,648504013,55.32
11/10/2017,-106150,-15784940000,148.5(0.00 %),338120,50221280000,444270,66006220000,648671663,55.31
12/10/2017,-12800,-1889050000,148(-0.34 %),253000,37552540000,265800,39441590000,648512513,55.32
13/10/2017,16760,2452030000,149.4(0.95 %),360510,53584380000,343750,51132350000,648642553,55.31
16/10/2017,9370,1482400000,148.6(-0.54 %),529380,79185520000,520010,77703120000,648641343,55.31
17/10/2017,71150,10585280000,149.1(0.34 %),286880,42727010000,215730,32141730000,648641263,55.31
18/10/2017,90010,13439950000,149(-0.07 %),585456,87428550000,495446,73988600000,648561733,55.32
19/10/2017,12340,1829000000,148.8(-0.13 %),125410,18632920000,113070,16803920000,648872433,55.29
20/10/2017,-596086,-88518420000,148.5(-0.20 %),141920,21084860000,738006,109603280000,648902251,55.29
23/10/2017,-563940,-83470000000,148(-0.34 %),695460,102935260000,1259400,186405260000,648681245,55.31
24/10/2017,-86100,-12782360000,149(0.68 %),18570341,2820032300000,18656441,2832814660000,648440235,55.32
25/10/2017,802452,121646660000,150.5(1.01 %),3188310,480477090000,2385858,358830430000,648184491,55.34
26/10/2017,1167287,176787540000,151.8(0.86 %),1375720,208750200000,208433,31962660000,647806161,55.37
27/10/2017,28130,4274030000,152.4(0.40 %),280780,42681680000,252650,38407650000,647965561,55.36
30/10/2017,259310,39443830000,151.9(-0.33 %),365760,55621660000,106450,16177830000,647821104,55.37
31/10/2017,180620,27417670000,151(-0.59 %),587560,89047880000,406940,61630210000,647375811,55.4
01/11/2017,750640,114810890000,155(2.65 %),1054840,161036380000,304200,46225490000,646573621,55.45
02/11/2017,174110,27178550000,155.9(0.58 %),316780,49449690000,142670,22271140000,646387471,55.47
03/11/2017,221290,33543090000,155.2(-0.45 %),614480,94746790000,393190,61203700000,646423833,55.46
06/11/2017,79540,12089580000,158(1.80 %),232670,36066030000,153130,23976450000,646495376,55.46
07/11/2017,178440,28165610000,157.8(-0.13 %),861260,136017530000,682820,107851920000,646365366,55.47
08/11/2017,640230,102161370000,160.2(1.52 %),903560,144163950000,263330,42002580000,645611102,55.52
09/11/2017,1729320,278023590000,162.5(1.44 %),2170850,349212920000,441530,71189330000,643796942,55.64
10/11/2017,6455170,1097578080000,173.8(6.95 %),8584570,1465852830000,2129400,368274750000,635252352,56.23
13/11/2017,1577210,285992130000,184.5(6.16 %),38143573,7070454210000,36566363,6784462080000,631642312,56.48
14/11/2017,877890,157709670000,180(-2.44 %),13640214,2528339920000,12762324,2370630250000,630849410,56.54
15/11/2017,812200,146361180000,181.8(1.00 %),9826420,1816562620000,9014220,1670201440000,631956078,56.46
16/11/2017,1933430,352906990000,183.2(0.77 %),11199550,1967762850000,9266120,1614855860000,632267918,56.44
17/11/2017,304530,55782350000,183.2(0.00 %),3699743,685062710000,3395213,629280360000,631970522,56.46
20/11/2017,309870,57296100000,187(2.07 %),6877330,1178586140000,6567460,1121290040000,631703748,56.48
21/11/2017,-74190,-14063820000,189(1.07 %),529440,102280150000,603630,116343970000,631287948,56.51
22/11/2017,-621110,-113600260000,184.9(-2.17 %),7516370,1329107540000,8137480,1442707800000,630481250,56.56
23/11/2017,-41530,-7757900000,184.9(0.00 %),400800,74201910000,442330,81959810000,630247910,56.58
24/11/2017,14070,2691480000,185(0.05 %),6919360,1196563780000,6905290,1193872300000,581983030,59.9
27/11/2017,224730,41422640000,185(0.00 %),521420,96270160000,296690,54847520000,583035280,59.83
28/11/2017,156480,28846280000,185(0.00 %),6763641,1169012790000,6607161,1140166510000,583201740,59.82
29/11/2017,54330,10028870000,185(0.00 %),537230,99312880000,482900,89284010000,583380804,59.81
30/11/2017,-107180,-20093080000,186.7(0.92 %),2369110,442766510000,2476290,462859590000,583035384,59.83
01/12/2017,513470,99568880000,196(4.98 %),1024380,198512470000,510910,98943590000,582512704,59.87
04/12/2017,12850,2463840000,203(3.57 %),1130290,229852220000,1117440,227388380000,582047314,59.9
05/12/2017,-195060,-39289060000,199(-1.97 %),2493180,500899710000,2688240,540188770000,582594184,59.86
06/12/2017,-469680,-90471930000,195(-2.01 %),63940,12324990000,533620,102796920000,582678844,59.86
07/12/2017,-505950,-95828270000,186(-4.62 %),337770,63835190000,843720,159663460000,583225814,59.82
08/12/2017,96940,18433680000,188.1(1.13 %),2023630,383653240000,1926690,365219560000,583172074,59.82
11/12/2017,72610,14115810000,191(1.54 %),796710,153183840000,724100,139068030000,583368984,59.81
12/12/2017,364270,70512020000,194.5(1.83 %),754670,145819610000,390400,75307590000,583525734,59.8
13/12/2017,80350,15566870000,194.8(0.15 %),417160,81100890000,336810,65534020000,583534254,59.8
14/12/2017,210330,41849270000,201(3.18 %),750940,148916670000,540610,107067400000,583173794,59.82
15/12/2017,-363960,-71673390000,197(-1.99 %),1265550,250353490000,1629510,322026880000,582073644,59.9
18/12/2017,62560,12156330000,205(4.06 %),800320,161487830000,737760,149331500000,581738724,59.92
19/12/2017,47120,9523100000,203(-0.98 %),742734,152157300000,695614,142634200000,581462314,59.94
20/12/2017,35450,7213230000,202(-0.49 %),240870,48838520000,205420,41625290000,582800960,59.85
21/12/2017,189450,38536050000,203.9(0.94 %),388130,78823010000,198680,40286960000,583060590,59.83
22/12/2017,200750,40747320000,202.9(-0.49 %),17026890,3456470190000,16826140,3415722870000,583377290,59.81
25/12/2017,-36730,-7399500000,200(-1.43 %),9020,1810150000,45750,9209650000,583573690,59.79
26/12/2017,114850,23209460000,202.9(1.45 %),229930,46397730000,115080,23188270000,583432453,59.8
27/12/2017,104120,21308490000,205(1.03 %),429290,87929610000,325170,66621120000,583109240,59.83
28/12/2017,53160,10888780000,205.2(0.84 %),454440,93170910000,401280,82282130000,582700550,59.85
29/12/2017,318030,66778220000,208.6(1.66 %),866660,181495720000,548630,114717500000,582323710,59.88
02/01/2018,127890,26854200000,211.5(1.39 %),299670,62957300000,171780,36103100000,582428450,59.87
03/01/2018,167770,35779280000,213.9(1.13 %),373160,79663780000,205390,43884500000,582456570,59.87
04/01/2018,79700,17065030000,214.8(0.42 %),964680,206928300000,884980,189863270000,582085780,59.9
05/01/2018,125920,26816550000,213.5(-0.61 %),1466826,313136750000,1340906,286320200000,581830290,59.91
08/01/2018,-106750,-22386680000,210(-1.64 %),259980,54605860000,366730,76992540000,581775700,59.92
09/01/2018,-274800,-57050960000,207(-1.43 %),1000460,208456320000,1275260,265507280000,581962680,59.9
10/01/2018,25580,5434820000,211(1.93 %),763560,160229100000,737980,154794280000,581518426,59.94
11/01/2018,-122420,-25747690000,210(-0.47 %),1006760,211557710000,1129180,237305400000,581335596,59.95
12/01/2018,75360,15808850000,209.9(-0.05 %),701280,147202710000,625920,131393860000,581514316,59.94
15/01/2018,-117820,-24557980000,208.5(-0.67 %),215620,44966020000,333440,69524000000,581966676,59.9
16/01/2018,-29990,-6220380000,208.3(-0.10 %),412590,85839830000,442580,92060210000,582226066,59.89
17/01/2018,-291590,-59780840000,201.1(-3.46 %),344060,70972980000,635650,130753820000,582180726,59.89
18/01/2018,-137390,-27936970000,205.6(2.24 %),539360,109785020000,676750,137721990000,581947606,59.91
19/01/2018,-115630,-24100460000,205.6(0.00 %),658650,136431070000,774280,160531530000,581731536,59.92
22/01/2018,167980,35303430000,211.6(2.92 %),812480,170860370000,644500,135556940000,581554706,59.93
25/01/2018,-149480,-31000410000,207(-2.17 %),1227130,256924620000,1376610,287925030000,583108641,59.83
26/01/2018,110630,23464680000,211.8(2.32 %),534440,112668000000,423810,89203320000,582754201,59.85
29/01/2018,-744520,-154288880000,206.5(-2.50 %),288090,60561710000,1032610,214850590000,582536111,59.87
30/01/2018,-227630,-46418530000,204.5(-0.97 %),977600,199589660000,1205230,246008190000,582916571,59.84
31/01/2018,-215980,-43940050000,203.5(-0.49 %),851980,173358510000,1067960,217298560000,582616728,59.86
01/02/2018,-109240,-22111860000,203(-0.25 %),849816,174177640000,959056,196289500000,583452478,59.8
02/02/2018,38550,7985350000,207(1.97 %),587090,119426930000,548540,111441580000,583519418,59.8
05/02/2018,148690,30322810000,203.1(-1.88 %),285470,58141180000,136780,27818370000,583993588,59.76
06/02/2018,-197590,-37597810000,197.9(-2.56 %),2649130,510347700000,2846720,547945510000,583525408,59.8
07/02/2018,-304550,-60919480000,200.3(1.21 %),279190,56427800000,583740,117347280000,583678988,59.79
08/02/2018,44960,8928280000,197.1(-1.60 %),2629433,522344820000,2584473,513416540000,583693034,59.79
09/02/2018,-363210,-68981400000,191(-3.09 %),205760,39170350000,568970,108151750000,584389148,59.74
12/02/2018,-315660,-60441540000,192(0.52 %),602870,115298370000,918530,175739910000,584482358,59.73
13/02/2018,-261510,-50669610000,193.5(0.78 %),190640,36977350000,452150,87646960000,584369498,59.74
21/02/2018,27150,5776270000,203.2(5.01 %),1092338,217348710000,1065188,211572440000,584538828,59.73
22/02/2018,127580,25857930000,201(-1.08 %),633150,128197690000,505570,102339760000,584999848,59.7
23/02/2018,10030,2051730000,202(0.50 %),325570,65899050000,315540,63847320000,585154957,59.68
26/02/2018,-339640,-68914460000,200(-0.99 %),330760,67122940000,670400,136037400000,585196692,59.68
27/02/2018,20190,4042100000,200(0.00 %),353900,70714070000,333710,66671970000,585150387,59.69
28/02/2018,-344550,-68094950000,196(-2.00 %),1687320,334504790000,2031870,402599740000,584974477,59.7
01/03/2018,46480,9182820000,196(0.00 %),468520,92240930000,422040,83058110000,585176357,59.68
02/03/2018,64790,12835910000,199.3(1.68 %),256060,50883330000,191270,38047420000,585164007,59.68
05/03/2018,42270,8559300000,202.4(1.56 %),4489150,894625790000,4446880,886066490000,585668237,59.65
06/03/2018,118060,23780490000,202(-0.20 %),1034460,207959090000,916400,184178600000,585535897,59.66
07/03/2018,-228360,-46895260000,206.1(2.03 %),1247950,259076400000,1476310,305971660000,584946707,59.7
08/03/2018,-127000,-26434720000,209(1.41 %),491390,102316700000,618390,128751420000,585090317,59.69
09/03/2018,-471490,-98851850000,208(-0.48 %),1068540,223823860000,1540030,322675710000,585320073,59.67
12/03/2018,-25440,-5256740000,206(-0.96 %),678720,141839650000,704160,147096390000,585950173,59.63
13/03/2018,135930,28006110000,210(1.94 %),1133270,236868890000,997340,208862780000,585411268,59.67
14/03/2018,-485980,-102967810000,213(1.43 %),243670,51844740000,729650,154812550000,585920658,59.63
15/03/2018,-215770,-45516250000,210.2(-1.31 %),162910,34316540000,378680,79832790000,586161908,59.62
16/03/2018,292810,62702670000,214(1.81 %),1424450,304328950000,1131640,241626280000,585384818,59.67
19/03/2018,-323970,-68646170000,212(-0.93 %),193010,40913510000,516980,109559680000,585946458,59.63
20/03/2018,-187060,-39422320000,209(-1.42 %),312820,66046040000,499880,105468360000,586272318,59.61
21/03/2018,-72200,-15165950000,209(0.00 %),509980,107085030000,582180,122250980000,587089168,59.55
22/03/2018,37500,7917830000,209(0.00 %),346060,72842520000,308560,64924690000,587373138,59.53
23/03/2018,21250,4376180000,207(-0.96 %),249120,51387330000,227870,47011150000,587386148,59.53
26/03/2018,-101530,-21205820000,208.5(0.72 %),190990,39864830000,292520,61070650000,587582136,59.52
27/03/2018,-825300,-175279040000,213(2.16 %),198800,42063730000,1024100,217342770000,587478846,59.52
28/03/2018,218840,39475110000,211(-0.94 %),1219340,251808640000,1000500,212333530000,587041966,59.55
29/03/2018,-536480,-111934220000,207(-1.90 %),372550,77796170000,909030,189730390000,587211936,59.54
30/03/2018,-604190,-122807240000,203(-1.93 %),131200,26678030000,735390,149485270000,588104836,59.48
02/04/2018,-64320,-12971640000,199.7(-1.63 %),695800,139182990000,760120,152154630000,587967702,59.49
03/04/2018,-471930,-92000930000,193.7(-3.00 %),893220,176130510000,1365150,268131440000,587988512,59.49
04/04/2018,78950,15637070000,200(3.25 %),412440,80962000000,333490,65324930000,588311462,59.47
05/04/2018,78550,15564900000,197.3(-1.35 %),149900,29654650000,71350,14089750000,588786682,59.43
06/04/2018,340070,66170790000,198.2(0.46 %),556370,109121080000,216300,42950290000,589412462,59.39
09/04/2018,434120,86030780000,197.8(-0.20 %),769910,152543910000,335790,66513130000,589176042,59.41
10/04/2018,304790,59888680000,197(-0.40 %),915010,179831500000,610220,119942820000,588437932,59.46
11/04/2018,475930,93518410000,196(-0.51 %),857280,168462940000,381350,74944530000,587937036,59.49
12/04/2018,186120,36488330000,196.3(0.15 %),792220,155396510000,606100,118908180000,587497006,59.52
13/04/2018,247560,48500320000,195.7(-0.31 %),1173340,229913660000,925780,181413340000,587328336,59.54
16/04/2018,-148020,-28453220000,190(-2.91 %),608180,117403100000,756200,145856320000,587269426,59.54
17/04/2018,-480670,-88830010000,184.5(-2.89 %),654630,119203440000,1135300,208033450000,587436926,59.53
18/04/2018,8940,1760960000,187.5(1.63 %),593170,110525350000,584230,108764390000,587366446,59.53
19/04/2018,344470,64590670000,187.5(0.00 %),823570,154471210000,479100,89880540000,587078186,59.55
20/04/2018,-145100,-26994000000,186(-0.80 %),431670,80294610000,576770,107288610000,587452443,59.53
23/04/2018,218010,39762340000,182.4(-1.94 %),941200,172024710000,723190,132262370000,587594013,59.52
24/04/2018,34030,6179420000,180(-1.32 %),1305500,232404000000,1271470,226224580000,587008503,59.56
26/04/2018,106600,19298860000,181(0.56 %),1058610,191472580000,952010,172173720000,586666163,59.58
27/04/2018,68710,12693540000,185(2.21 %),1013750,186787660000,945040,174094120000,585963911,59.63
02/05/2018,131180,24237720000,184.5(-0.27 %),1135170,209898990000,1003990,185661270000,586333141,59.6
03/05/2018,38250,7075710000,185(0.27 %),952700,175873940000,914450,168798230000,586303761,59.61
04/05/2018,29130,5357560000,184(-0.54 %),703210,129433550000,674080,124075990000,586421843,59.6
07/05/2018,1600,137270000,190(3.26 %),349730,65414590000,348130,65277320000,586443173,59.6
08/05/2018,-237440,-44480900000,185.1(-2.58 %),228630,43027570000,466070,87508470000,587008633,59.56
09/05/2018,-104800,-19405230000,185(-0.05 %),393200,72756170000,498000,92161400000,587275543,59.54
10/05/2018,46100,8471570000,180(-2.70 %),374280,68725830000,328180,60254260000,587395393,59.53
11/05/2018,-169530,-30335780000,178(-1.11 %),644980,115581360000,814510,145917140000,587168483,59.55
14/05/2018,-203970,-36222560000,178(0.00 %),180480,32010400000,384450,68232960000,587439973,59.53
15/05/2018,-517950,-92161710000,176(-1.12 %),512960,91222360000,1030910,183384070000,587109193,59.55
16/05/2018,-575440,-100032450000,169.1(-3.92 %),561430,97419690000,1136870,197452140000,587310272,59.54
17/05/2018,-215030,-36220990000,165(-2.42 %),415370,69831230000,630400,106052220000,587279356,59.54
18/05/2018,-251370,-42505300000,171.1(3.70 %),712510,119393890000,963880,161899190000,587757756,59.51
21/05/2018,-228540,-38762590000,166(-2.98 %),426920,71301360000,655460,110063950000,588467708,59.46
22/05/2018,-260000,-42529500000,162(-2.41 %),496700,80387900000,756700,122917400000,588601417,59.45
23/05/2018,73310,12088600000,167.3(3.27 %),6871510,1129967660000,6798200,1117879060000,588874317,59.43
24/05/2018,278130,46621980000,168(0.42 %),606170,101657140000,328040,55035160000,588923607,59.43
25/05/2018,-60620,-10130040000,166(-1.19 %),201650,33615640000,262270,43745680000,589528657,59.38
28/05/2018,217790,35835110000,165(-0.60 %),2657450,436492550000,2439660,400657440000,589658857,59.37
29/05/2018,186840,31010200000,168.6(2.18 %),260840,43291220000,74000,12281020000,589726057,59.37
30/05/2018,7340,1267660000,165.5(-1.84 %),350990,58352070000,343650,57084410000,589687337,59.37
31/05/2018,-594820,-97654040000,164.2(-0.79 %),1505680,247070330000,2100500,344724370000,588291337,59.47
01/06/2018,-4650,-730290000,168.2(2.44 %),654780,109708820000,659430,110439110000,587800563,59.5
04/06/2018,357240,61865790000,175(4.04 %),566610,97952660000,209370,36086870000,587477603,59.52
05/06/2018,430200,77059840000,177(2.02 %),686600,122841960000,256400,45782120000,588891503,59.43
06/06/2018,33810,5890440000,175(-1.13 %),171800,30021840000,137990,24131400000,589349133,59.4
07/06/2018,199010,35216830000,177.3(1.31 %),436710,77271870000,237700,42055040000,589321801,59.4
08/06/2018,235090,41409940000,177(-0.17 %),436430,76857370000,201340,35447430000,589206771,59.41
11/06/2018,223940,40275050000,180.1(1.75 %),423710,76282150000,199770,36007100000,588961051,59.42
12/06/2018,546990,98429210000,181(0.50 %),761080,136961620000,214090,38532410000,588337679,59.47
13/06/2018,39140,7055920000,181(0.00 %),282670,51099150000,243530,44043230000,588191349,59.48
14/06/2018,-91350,-16425670000,180(-0.55 %),485530,87356700000,576880,103782370000,587805589,59.5
15/06/2018,220280,39628200000,180(0.00 %),965900,173703710000,745620,134075510000,586953783,59.56
18/06/2018,-28540,-5002070000,172.7(-4.06 %),123370,21862460000,151910,26864530000,587073943,59.55
19/06/2018,88730,14706490000,166.3(-3.71 %),560920,94463200000,472190,79756710000,587089909,59.55
20/06/2018,-275580,-46087130000,168.8(1.50 %),151590,25256530000,427170,71343660000,587683947,59.51
21/06/2018,66530,11257210000,170(0.71 %),668410,113058710000,601880,101801500000,587581347,59.52
22/06/2018,395050,69620110000,178(4.71 %),1350280,239174450000,955230,169554340000,587103257,59.55
25/06/2018,109830,19779410000,179.2(0.67 %),538950,96700120000,429120,76920710000,586991477,59.56
26/06/2018,-26810,-4749070000,175.9(-1.84 %),74000,12947970000,100810,17697040000,587105457,59.55
27/06/2018,24500,4280260000,175(-0.51 %),148950,26072060000,124450,21791800000,587514746,59.52
28/06/2018,-116500,-19840260000,170(-2.86 %),908680,155798030000,1025180,175638290000,587510330,59.52
29/06/2018,46960,8146618000,170(0.00 %),1161450,198696860000,1114490,190550242000,587463370,59.53
02/07/2018,-259120,-44130352000,171(0.59 %),1384040,235597558350,1643160,279727910350,669630519,53.86
03/07/2018,133230,22655870000,170(-0.58 %),1113520,189182210000,980290,166526340000,585846729,59.64
04/07/2018,-164420,-27600370000,167(-1.76 %),742400,124740270000,906820,152340640000,586273579,59.61
05/07/2018,-179560,-29877310000,165(-1.20 %),694250,114462050000,873810,144339360000,586556739,59.59
06/07/2018,-81360,-13395390000,166(0.61 %),148530,24919960000,229890,38315350000,587162299,59.55
09/07/2018,40710,6841940000,167(0.60 %),293280,49078480000,252570,42236540000,587678749,59.51
10/07/2018,-40700,-6791890000,167(0.00 %),823170,138236740000,863870,145028630000,587755169,59.51
11/07/2018,74880,12501120000,167(0.00 %),950410,158689240000,875530,146188120000,587384649,59.53
12/07/2018,5980,1004310000,168.3(0.78 %),57910,9733845000,51930,8729535000,587378669,59.53
13/07/2018,-229070,-38273750000,166.3(-1.19 %),107310,17869400000,336380,56143150000,588047169,59.49
16/07/2018,-105120,-17686830000,168(1.02 %),979540,163503780000,1084660,181190610000,588311619,59.47
17/07/2018,-65380,-10949850000,167.9(-0.06 %),320910,53486660000,386290,64436510000,588042643,59.49
18/07/2018,-100850,-16968390000,169(0.66 %),594567,99947690000,695417,116916080000,588149033,59.48
19/07/2018,-160990,-27490520000,170.5(0.89 %),454020,77475330000,615010,104965850000,588061213,59.48
20/07/2018,130260,22093590000,169.5(-0.59 %),431340,73210060000,301080,51116470000,588016165,59.49
23/07/2018,89090,15084780000,170(0.29 %),630830,107243571000,541740,92158791000,587927075,59.49
24/07/2018,113060,19198910000,169.9(-0.06 %),486820,82759800000,373760,63560890000,588321369,59.47
25/07/2018,218500,37138230000,169.9(0.00 %),703980,119675220000,485480,82536990000,588318469,59.47
26/07/2018,240470,40911570000,171.5(0.94 %),662450,112519510000,421980,71607940000,588167759,59.48
27/07/2018,-49790,-8454670000,168.8(-1.57 %),733300,124661480000,783090,133116150000,588266400,59.47
30/07/2018,-74040,-12481800000,168.5(-0.18 %),236990,39960450000,311030,52442250000,588135290,59.48
31/07/2018,-102170,-17136310000,168.2(-0.18 %),266340,44614149000,368510,61750459000,588237460,59.47
01/08/2018,-36780,-6141510000,166.9(-0.77 %),478450,79862470000,515230,86003980000,587712400,59.51
02/08/2018,-908320,-148745630000,165(-1.14 %),539220,88298720000,1447540,237044350000,587613890,59.52
03/08/2018,-566760,-91748860000,161.6(-2.06 %),346070,55898780000,912830,147647640000,587636330,59.51
06/08/2018,-462020,-73974977000,159.9(-1.05 %),660540,105695766000,1122560,179670743000,588098350,59.48
07/08/2018,-1299840,-201371570000,153(-4.32 %),673540,104338080000,1973380,305709650000,588319940,59.47
08/08/2018,-727890,-112803280000,155.5(1.63 %),289190,44874920000,1017080,157678200000,589093580,59.41
09/08/2018,-303600,-47797010000,157(0.96 %),170750,27006540000,474350,74803550000,589954390,59.35
10/08/2018,-546690,-85782010000,157.2(0.13 %),40250,6315590000,586940,92097600000,591787520,59.23
13/08/2018,-383940,-59928800000,156.1(-0.70 %),361290,56325550000,745230,116254350000,592293310,59.19
14/08/2018,-265220,-42006500000,158.1(1.28 %),323600,51299270000,588820,93305770000,592385060,59.19
15/08/2018,-15400,-2497790000,158.5(0.25 %),813840,130032190000,829240,132529980000,592475664,59.18
16/08/2018,-379660,-61909170000,158.6(0.06 %),720290,113035450000,1099950,174944620000,592750604,59.16
17/08/2018,53380,8470644000,158.5(-0.06 %),249460,39572958000,196080,31102314000,592697224,59.17
20/08/2018,228780,36593140000,160.1(1.01 %),792960,126824790000,564180,90231650000,592876748,59.15
21/08/2018,333780,51611420000,163(1.81 %),392560,61157140000,58780,9545720000,593334138,59.12
22/08/2018,86390,14021720000,163(0.00 %),183380,29790360000,96990,15768640000,593278832,59.13
23/08/2018,174560,28426510000,163.3(0.18 %),234060,38117480000,59500,9690970000,593608952,59.1
24/08/2018,440,83900000,162.2(-0.67 %),205380,33442700000,204940,33358800000,593462352,59.11
27/08/2018,-215130,-34600350000,160.3(-1.17 %),355360,57414240000,570490,92014590000,593203982,59.13
28/08/2018,-177010,-28252210000,159.3(-0.62 %),538130,85817470000,715140,114069680000,592725352,59.16
29/08/2018,-563660,-89064390000,157.6(-1.07 %),264940,41902240000,828600,130966630000,592665352,59.17
30/08/2018,-444440,-69476820000,156.5(-0.70 %),628920,98562950000,1073360,168039770000,592963374,59.15
31/08/2018,-298370,-47004580000,156.7(0.13 %),1472290,232086990000,1770660,279091570000,593510304,59.11
04/09/2018,-266520,-41894350000,156.7(0.00 %),41930,6597890000,308450,48492240000,594296974,59.06
05/09/2018,-1095360,-142472030000,125.5(-2.65 %),81100,10396760000,1176460,152868790000,594932784,59.01
06/09/2018,-192020,-23775780000,122.1(-2.71 %),463290,57423370000,655310,81199150000,594936074,59.01
07/09/2018,273850,34507743000,127.1(4.10 %),609310,76781998000,335460,42274255000,594662224,59.03
10/09/2018,209700,26819580000,127.6(0.39 %),349760,44715800000,140060,17896220000,595461914,58.97
11/09/2018,1323060,169367080000,132(3.45 %),1887310,243288500000,564250,73921420000,594559934,59.04
12/09/2018,227160,30377030000,132.4(0.30 %),865200,115750960000,638040,85373930000,594152234,59.07
13/09/2018,86760,11453420000,132.1(-0.23 %),526810,69552420000,440050,58099000000,593965484,59.08
14/09/2018,289160,38624400000,133(0.68 %),728650,97161010000,439490,58536610000,593510264,59.11
17/09/2018,609600,82647330000,136(2.26 %),773570,104870830000,163970,22223500000,593273994,59.13
18/09/2018,108690,14857580000,138(1.47 %),1218500,167713160000,1109810,152855580000,592779051,59.16
19/09/2018,242530,33365840000,137.8(-0.14 %),577230,79426640000,334700,46060800000,592602111,59.17
20/09/2018,16120,2232420000,136(-1.31 %),360220,49192640000,344100,46960220000,592384561,59.19
21/09/2018,355780,48798190000,137.8(1.32 %),1518240,207863920000,1162460,159065730000,591592631,59.24
24/09/2018,110010,15110960000,137(-0.58 %),376860,51705440000,266850,36594480000,591550471,59.24
25/09/2018,-66030,-9012434700,136.9(-0.07 %),115460,15759135400,181490,24771570100,591616501,79.24
26/09/2018,-87870,-12003970000,136.5(-0.29 %),128580,17556160000,216450,29560130000,711748647,59.13
27/09/2018,-55350,-7711600000,138.5(1.47 %),321420,44410400000,376770,52122000000,711694077,59.14
28/09/2018,-186630,-25687510000,137.3(-0.87 %),225140,31009260000,411770,56696770000,711833640,59.13
01/10/2018,-127420,-17356520000,136.3(-0.73 %),1325710,180939460000,1453130,198295980000,711940504,59.12
02/10/2018,158850,21705445000,137(0.51 %),657230,89705545000,498380,68000100000,711781654,59.13
03/10/2018,51640,7060220000,136.9(-0.07 %),948940,129982970000,897300,122922750000,711812074,59.13
04/10/2018,-112900,-15356960000,136.9(0.00 %),43410,5921250000,156310,21278210000,712005634,59.12
05/10/2018,-14860,-2021500000,135.2(-1.24 %),33210,4499250000,48070,6520750000,712127604,59.11
08/10/2018,-62100,-8301100000,133(-1.63 %),152630,20402160000,214730,28703260000,712372274,59.1
09/10/2018,-398510,-52420160000,130.9(-1.58 %),210130,27678550000,608640,80098710000,712470284,59.09
10/10/2018,-329950,-42974230000,130(-0.69 %),314140,40917710000,644090,83891940000,712429214,59.1
11/10/2018,-365230,-45583821000,127(-2.31 %),125620,15843560000,490850,61427381000,712794444,59.07
12/10/2018,-32410,-4127730000,128.5(1.18 %),508380,64311430000,540790,68439160000,712466754,59.09
15/10/2018,-164470,-20825930000,125.7(-2.18 %),214870,27214480000,379340,48040410000,712670974,59.08
16/10/2018,-219960,-27723150000,126(0.24 %),2484100,312941110000,2704060,340664260000,712575748,59.09
17/10/2018,-170690,-21622871000,126.9(0.71 %),459400,58238099390,630090,79860970390,712746438,59.08
18/10/2018,-52940,-6657280000,126(-0.71 %),268350,33906290000,321290,40563570000,713243584,59.05
19/10/2018,-343240,-43216630000,126.8(0.63 %),1321030,157730052800,1664270,200946682800,713586824,59.03
22/10/2018,-130,-34900000,125.8(-0.79 %),1121100,133462090000,1121230,133496990000,713865464,59.01
23/10/2018,-440150,-54300658000,123.5(-1.83 %),1114810,132959838000,1554960,187260496000,714305614,58.99
24/10/2018,19300,2373710000,122.6(-0.73 %),699170,85816320000,679870,83442610000,713876057,59.01
25/10/2018,-203730,-24191210000,120(-2.12 %),522880,62318870000,726610,86510080000,713499415,59.03
26/10/2018,218330,26504390000,121.5(1.25 %),422970,51346750000,204640,24842360000,713924075,59.01
29/10/2018,-37860,-4540650000,120(-1.23 %),179540,21544040000,217400,26084690000,714164405,59.0
30/10/2018,-188780,-22412320000,117.3(-2.25 %),131690,15690537000,320470,38102857000,714353185,58.99
31/10/2018,-607870,-70756102000,116.1(-1.02 %),96810,11262554000,704680,82018656000,714961055,58.95
01/11/2018,-1039640,-119575930000,114.3(-1.55 %),391480,44963260000,1431120,164539190000,714692877,58.97
02/11/2018,-603690,-70337310000,118.5(3.67 %),742270,86817367120,1345960,157154677120,715296567,58.93
05/11/2018,-393670,-45569700000,116.5(-1.69 %),512300,59350800000,905970,104920500000,715205025,58.94
06/11/2018,-322070,-37800520000,117.7(1.03 %),326500,38389360000,648570,76189880000,716309645,58.87
07/11/2018,286120,34249560000,119.5(1.53 %),407420,48720960000,121300,14471400000,716936625,58.84
08/11/2018,196070,23583570000,120(0.42 %),300440,36149960000,104370,12566390000,717112155,58.83
09/11/2018,128610,15219670000,117(-2.50 %),245150,28939230000,116540,13719560000,717515575,58.8
12/11/2018,-33580,-3864080000,117(0.00 %),224920,26051360000,258500,29915440000,717411963,58.81
13/11/2018,-61520,-7087890000,116(-0.85 %),156420,18113510000,217940,25201400000,717359913,58.81
14/11/2018,393450,46226190000,117.5(1.29 %),440140,51726680000,46690,5500490000,717036313,58.83
15/11/2018,101450,11937470000,117(-0.43 %),250540,29247360000,149090,17309890000,717044273,58.83
16/11/2018,-101440,-11787470000,115(-1.71 %),175710,20525110000,277150,32312580000,717086503,58.83
19/11/2018,-108940,-12582630000,115.4(0.35 %),148890,17181640000,257830,29764270000,716984311,58.83
20/11/2018,228810,26549010000,116.5(0.95 %),597530,69348130000,368720,42799120000,716741321,58.85
21/11/2018,247410,28947150000,119.2(2.32 %),431950,50553630000,184540,21606480000,716586521,58.86
22/11/2018,211380,25333750000,120.1(0.76 %),662850,79491740000,451470,54157990000,716457531,58.86
23/11/2018,157820,18725240000,118(-1.75 %),360130,42737040000,202310,24011800000,716415383,58.87
26/11/2018,799070,96847860000,123.1(4.32 %),1247970,151548910000,448900,54701050000,715546757,58.92
27/11/2018,943230,118546400000,126.5(2.76 %),2378114,298545750000,1434884,179999350000,714443687,58.98
28/11/2018,980610,125477420000,128(1.19 %),1192290,152566750000,211680,27089330000,713298997,59.05
29/11/2018,711520,90516310000,126.3(-1.33 %),1092870,139060250000,381350,48543940000,712778487,59.08
30/11/2018,980700,125143710000,128(1.35 %),1721860,219773940000,741160,94630230000,711629407,59.14
03/12/2018,652810,86292230000,133.6(4.38 %),1162860,153646050000,510050,67353820000,710878227,59.18
04/12/2018,598620,80939600000,136.5(2.17 %),1438740,194493650000,840120,113554050000,710288539,59.22
05/12/2018,269790,36219273000,133(-2.56 %),635440,85402110000,365650,49182837000,710018749,59.23
06/12/2018,197070,26022020000,131.7(-0.98 %),902760,118685440000,705690,92663420000,709875301,59.24
07/12/2018,66440,8896140000,133.9(1.67 %),636310,85047350000,569870,76151210000,709707741,59.25
10/12/2018,426770,57860870000,135(0.82 %),805550,109185640000,378780,51324770000,709319111,59.27
11/12/2018,64950,8750830000,134.8(-0.15 %),592520,79781550000,527570,71030720000,709478951,59.26
12/12/2018,63510,8480230000,134(-0.59 %),1287650,172509700000,1224140,164029470000,709143591,59.28
13/12/2018,177754,24012730000,135(0.75 %),2094800,282791800000,1917046,258779070000,708935561,59.3
14/12/2018,158970,21438110000,135(0.00 %),346670,46753550000,187700,25315440000,708887781,59.3
17/12/2018,227100,30518480000,133.9(-0.81 %),1150740,154632500000,923640,124114020000,708407171,59.33
18/12/2018,238130,31397730000,131.7(-1.64 %),792360,104491330000,554230,73093600000,708101243,59.34
19/12/2018,-61840,-8012680000,129.1(-1.97 %),238270,30939120000,300110,38951800000,707921433,59.35
20/12/2018,-28510,-3580880000,126.2(-2.25 %),253280,32437020000,281790,36017900000,708348797,59.33
21/12/2018,-850730,-104431770000,122.5(-2.93 %),831710,102045480000,1682440,206477250000,707942657,59.35
24/12/2018,-125950,-15791200000,125.6(2.53 %),157040,19694900000,282990,35486100000,708085727,59.34
25/12/2018,-34900,-4310870000,124.6(-0.80 %),120120,14887900000,155020,19198770000,708247398,59.34
26/12/2018,76290,9455054000,124(-0.48 %),496560,61568395000,420270,52113341000,708171108,59.34
27/12/2018,-23710,-2893950000,123.2(0.16 %),491030,61287020000,514740,64180970000,709225243,59.28
28/12/2018,9870,1740600000,120(-2.60 %),769200,94109350000,759330,92368750000,708611063,59.31
02/01/2019,272270,33483000000,124(3.33 %),320840,39445974000,48570,5962974000,709225242,59.28
03/01/2019,261240,31978370000,122.9(-0.89 %),791540,96828580000,530300,64850210000,708933702,59.3
04/01/2019,200650,24763190000,125(1.71 %),324610,40029650000,123960,15266460000,709368422,59.27
07/01/2019,441570,57313890000,131(4.80 %),622760,80805444320,181190,23491554320,708926852,59.3
08/01/2019,113590,14756940000,130(-0.76 %),509280,66076060000,395690,51319120000,708589602,59.32
09/01/2019,266110,35026570000,131.9(1.46 %),575440,75839560000,309330,40812990000,708310792,59.33
10/01/2019,173170,22792210000,131.7(-0.15 %),282120,37120780000,108950,14328570000,708181832,59.34
11/01/2019,652560,87289740000,134(1.75 %),865360,115746150000,212800,28456410000,707593372,59.37
14/01/2019,252960,33940960000,135(0.75 %),581700,78018540000,328740,44077580000,707296420,59.39
15/01/2019,282910,38170650000,134.9(-0.07 %),483950,65288960000,201040,27118310000,706878880,59.41
16/01/2019,92500,12378840000,133(-1.41 %),781590,104679905000,689090,92301065000,706786380,59.42
17/01/2019,221980,29380370000,132.2(-0.60 %),724870,95954910000,502890,66574540000,706389998,59.44
18/01/2019,99740,13355610000,134(1.36 %),302610,40579780000,202870,27224170000,706288428,59.45
21/01/2019,-22280,-2949270000,133.8(-0.15 %),588060,78255420000,610340,81204690000,706451438,59.44
22/01/2019,11020,1481380000,134(0.15 %),255300,34192320000,244280,32710940000,706448028,59.44
23/01/2019,161070,21613274000,134.5(0.37 %),646550,86921436000,485480,65308162000,706286958,59.45
24/01/2019,190140,25713709000,135.5(0.74 %),2147940,290255344080,1957800,264541635080,706096818,59.46
25/01/2019,98320,13374108000,135.9(0.30 %),582730,79278115000,484410,65904007000,705998498,59.46
28/01/2019,193060,26294510000,136.5(0.44 %),470370,64058650000,277310,37764140000,705145488,59.51
29/01/2019,236650,32214103000,136.5(0.00 %),266420,36267669000,29770,4053566000,705568788,59.49
30/01/2019,96750,13163470000,135.5(-0.73 %),310970,42278480000,214220,29115010000,705725038,59.48
31/01/2019,8160,1172840000,135(-0.37 %),630250,85451376000,622090,84278536000,705463878,59.5
01/02/2019,449960,60545014000,135(0.00 %),576970,77559590000,127010,17014576000,0,0.0
11/02/2019,-47630,-6508646000,137(1.48 %),1114710,152537006000,1162340,159045652000,704744048,59.54
12/02/2019,250510,34520210000,138(0.73 %),2033370,279255690000,1782860,244735480000,703594538,59.6
13/02/2019,-90,24310000,138.3(0.22 %),541090,74327010000,541180,74302700000,703275558,59.62
14/02/2019,358840,49963535000,139.4(0.80 %),1121800,156294776000,762960,106331241000,704134788,59.57
15/02/2019,154350,21606363000,140.2(0.57 %),576610,80757612000,422260,59151249000,703980438,59.58
18/02/2019,123210,17346692000,142(1.28 %),935070,132071592560,811860,114724900560,703857228,59.59
19/02/2019,190850,27278890000,142.6(0.42 %),2049160,292541800000,1858310,265262910000,702054408,59.69
20/02/2019,236790,33881292000,143(0.28 %),1675420,239833930360,1438630,205952638360,703429588,59.61
21/02/2019,299140,43163910000,148.5(3.85 %),1478350,216181150000,1179210,173017240000,700930688,59.76
22/02/2019,389150,57992030000,148.9(0.27 %),671140,100021720000,281990,42029690000,701639858,59.71
25/02/2019,206940,31322288000,151.6(1.81 %),853530,129361873000,646590,98039585000,702534358,59.66
26/02/2019,-17220,-2409310000,146.1(-3.63 %),1396000,206546750000,1413220,208956060000,702208998,59.68
27/02/2019,7060,1030550000,147.7(1.10 %),377240,55739800000,370180,54709250000,702169888,59.68
28/02/2019,-333050,-46860793000,141.1(-4.47 %),1066760,155030905000,1399810,201891698000,702877568,59.64
01/03/2019,-471118,-66774830000,141.4(0.21 %),560320,79553690000,1031438,146328520000,702448928,59.67
04/03/2019,-459740,-65504460000,142.9(1.06 %),301890,43021590000,761630,108526050000,702563078,59.66
05/03/2019,28440,4035520000,142(-0.63 %),1040410,148058030000,1011970,144022510000,703040318,59.63
06/03/2019,-37680,-5246699680,141(-0.70 %),462930,64958130400,500610,70204830080,703107608,59.63
07/03/2019,0,0,139.7(-0.92 %),0,0,0,0,703107608,59.63
08/03/2019,-450630,-61828240000,137(-1.93 %),403010,55299050000,853640,117127290000,704099190,59.57
11/03/2019,-196810,-27125702000,137.6(0.44 %),123960,17060733000,320770,44186435000,703755048,59.59
12/03/2019,-362170,-50258080000,139(1.02 %),438790,60892250000,800960,111150330000,704516804,59.55
13/03/2019,-274090,-38141250000,138.3(-0.50 %),74050,10338950000,348140,48480200000,704951324,59.52
14/03/2019,-525710,-72241752000,137.2(-0.80 %),941740,129545156410,1467450,201786908410,704917018,59.53
15/03/2019,-745160,-102179370000,137(-0.15 %),354970,48679390000,1100130,150858760000,705096558,59.52
18/03/2019,-475800,-65776940000,138(0.73 %),203820,28185900000,679620,93962840000,705240878,59.51
19/03/2019,-306638,-42121700000,136.9(-0.80 %),737970,101262890000,1044608,143384590000,705657154,59.48
20/03/2019,-132170,-18041802000,138.5(1.17 %),689040,93630346160,821210,111672148160,706011166,59.46
21/03/2019,-57740,-7845016000,136(-1.81 %),204610,28476178000,262350,36321194000,706068906,59.46
22/03/2019,-15160,-2062835000,136.5(0.37 %),226510,30901512000,241670,32964347000,706084066,59.46
25/03/2019,278290,37618262000,136.5(0.00 %),303710,41058651000,25420,3440389000,705805776,59.48
26/03/2019,-81990,-11217290000,136.5(0.00 %),238600,32569770000,320590,43787060000,707515604,59.38
27/03/2019,-218410,-29865820000,136.5(0.00 %),280830,38337520000,499240,68203340000,707476444,59.38
28/03/2019,-333290,-45219910000,135.2(-0.95 %),388200,52786070000,721490,98005980000,707152904,59.4
29/03/2019,-373080,-50396430000,134.8(-0.30 %),510810,68921900000,883890,119318330000,706962684,59.41
01/04/2019,0,0,138.6(2.82 %),0,0,0,0,707461926,59.38
02/04/2019,251340,34971780000,139(0.29 %),1197990,166886230000,946650,131914450000,707167236,59.4
03/04/2019,-107310,-14806210000,138.5(-0.36 %),158440,21884270000,265750,36690480000,707892686,59.36
04/04/2019,-46680,-6449328000,138(-0.36 %),69400,9615401000,116080,16064729000,707364576,59.39
05/04/2019,-592550,-80893052000,136.3(-1.23 %),22520,3081294000,615070,83974346000,707957126,59.35
08/04/2019,140940,19336784000,137.2(0.66 %),467360,64117658760,326420,44780874760,707816186,59.36
09/04/2019,-281870,-38259162000,135.4(-1.31 %),275700,37440875970,557570,75700037970,708098056,59.34
10/04/2019,447180,60510132000,135.3(-0.07 %),493080,66735755000,45900,6225623000,707650876,59.37
11/04/2019,83540,11338947000,135.6(0.22 %),404570,54900966000,321030,43562019000,707567336,59.37
12/04/2019,182710,24699510000,135.7(0.07 %),410940,55599340000,228230,30899830000,708341764,59.33
16/04/2019,86080,11682959000,136(0.22 %),287920,39126831000,201840,27443872000,707298546,59.39
17/04/2019,15390,2071965000,135(-0.74 %),514610,69690156740,499220,67618191740,707283156,59.39
18/04/2019,216620,29269250000,135.2(0.15 %),432640,58456920000,216020,29187670000,707818694,59.36
19/04/2019,-36080,-4814340000,133(-1.63 %),103740,13910500000,139820,18724840000,707916795,59.35
22/04/2019,-5430,-734220000,129.6(-2.56 %),1086030,140877590000,1091460,141611810000,707454045,59.38
23/04/2019,-341420,-43736748000,127(-2.01 %),3461490,445008736000,3802910,488745484000,707449466,59.38
24/04/2019,-22310,-2880030000,129.5(1.97 %),335390,43311950000,357700,46191980000,707163587,59.4
25/04/2019,52820,6835170000,129.5(0.00 %),336900,43572370000,284080,36737200000,707684147,59.37
26/04/2019,16100,2085100000,129.8(0.23 %),516140,66963600000,500040,64878500000,707991337,59.35
02/05/2019,-114540,-14951480000,130(0.15 %),341790,44641430000,456330,59592910000,707916247,59.35
03/05/2019,-26770,-3506270000,131(0.77 %),151920,19827444000,178690,23333714000,708284807,59.33
06/05/2019,72040,9287529000,129.1(-1.45 %),171910,22190044000,99870,12902515000,708212767,59.34
07/05/2019,89040,11524330000,129.5(0.31 %),613910,79497590000,524870,67973260000,708005971,59.35
08/05/2019,-56380,-7283100000,128(-1.16 %),341730,43960910000,398110,51244010000,707878261,59.36
09/05/2019,-9550,-1245016000,128.2(0.16 %),131080,16834570000,140630,18079586000,708189657,59.34
10/05/2019,56800,7307860000,130.1(1.48 %),194960,25118080000,138160,17810220000,708302951,59.33
13/05/2019,198100,26348900000,133.9(2.92 %),899330,119254430000,701230,92905530000,708069809,59.35
14/05/2019,189410,25570720000,135.5(1.19 %),1186180,160083810000,996770,134513090000,707512279,59.38
15/05/2019,19000,2581670000,135.6(0.07 %),411830,55661900000,392830,53080230000,707445939,59.38
16/05/2019,26870,3653778000,136.4(0.59 %),411090,55894789940,384220,52241011940,707699477,59.37
17/05/2019,50690,6945900000,135.6(-0.59 %),282340,38453620000,231650,31507720000,707888846,59.36
20/05/2019,55630,7657520000,137.5(1.40 %),168910,23047410000,113280,15389890000,707855440,59.36
21/05/2019,-574010,-77633640000,133.5(-2.91 %),86820,11763960000,660830,89397600000,707979820,59.35
22/05/2019,-247600,-32874140000,132.1(-1.05 %),104560,13876630000,352160,46750770000,708030180,59.35
23/05/2019,-177010,-23369310000,132.1(0.00 %),186270,24577470000,363280,47946780000,707990116,59.35
24/05/2019,-538460,-70602590000,130.5(-1.21 %),48990,6442320000,587450,77044910000,708551956,59.32
27/05/2019,156560,20833299000,134(2.68 %),180410,23947152000,23850,3113853000,708395396,59.33
28/05/2019,-219470,-28955020000,132(-1.49 %),320690,42442740000,540160,71397760000,708783386,59.3
29/05/2019,112270,14900247000,132.9(0.68 %),126340,16766831000,14070,1866584000,708502596,59.32
30/05/2019,-216500,-28671850000,131.5(-1.05 %),209440,27728660000,425940,56400510000,709058906,59.29
31/05/2019,-368050,-48026784000,129.5(-1.52 %),186080,24290357720,554130,72317141720,709087146,59.29
03/06/2019,-137990,-17787587000,128(-1.16 %),242600,31220930000,380590,49008517000,709128336,59.28
04/06/2019,-51690,-6628260000,128.6(0.47 %),254580,32675390000,306270,39303650000,709398576,59.27
05/06/2019,-61600,-7892140000,127.5(-0.86 %),182410,23420690000,244010,31312830000,709826416,59.24
06/06/2019,-284060,-35933140000,126.5(-0.78 %),2417950,305874280000,2702010,341807420000,710190966,59.22
07/06/2019,-237330,-30085140000,126.6(0.08 %),214210,27156910000,451540,57242050000,710358256,59.21
10/06/2019,-299600,-38048434000,126.9(0.24 %),33060,4198443000,332660,42246877000,710062616,59.23
11/06/2019,-325430,-41001820000,125.5(-1.10 %),377070,47664660000,702500,88666480000,710678436,59.2
12/06/2019,-162540,-20380551000,125.2(-0.24 %),389340,48837335000,551880,69217886000,710840976,59.19
13/06/2019,-229840,-28432780000,123.2(-1.60 %),995180,122810880000,1225020,151243660000,710308286,59.22
14/06/2019,-248110,-30572640000,123.7(0.41 %),213730,26417799000,461840,56990439000,711318926,59.16
17/06/2019,232470,28669510000,123.7(0.00 %),1032070,127290370000,799600,98620860000,710591772,59.2
18/06/2019,237060,29267750000,123(-0.57 %),998020,123141030000,760960,93873280000,710570479,59.2
19/06/2019,-119180,-14697611000,123.4(0.33 %),568740,70151737000,687920,84849348000,710968576,59.18
20/06/2019,-471910,-58198197000,123.3(-0.08 %),391980,48342443000,863890,106540640000,711440486,59.15
21/06/2019,176280,22343138000,125.5(1.78 %),2187740,274411105000,2011460,252067967000,711264206,59.16
24/06/2019,-191190,-23798554000,123.1(-1.91 %),78470,9771540000,269660,33570094000,711455396,59.15
25/06/2019,-150710,-18646319000,123.4(0.24 %),155530,19233103000,306240,37879422000,711606106,59.14
26/06/2019,-129550,-15802650000,123.5(0.08 %),428280,53086710000,557830,68889360000,712778649,59.08
27/06/2019,-93370,-11539370000,123.1(-0.32 %),808720,99673570000,902090,111212940000,712647429,59.08
28/06/2019,-78900,-9625746000,123(-0.08 %),465430,57016052600,544330,66641798600,711994426,59.12
01/07/2019,-200840,-25024052000,125(1.63 %),401210,49998351000,602050,75022403000,712903569,59.07
02/07/2019,4760,573427000,125.1(0.08 %),317480,39647746000,312720,39074319000,712898809,59.07
03/07/2019,156820,19678402000,126(0.72 %),212860,26702832000,56040,7024430000,712741989,59.08
04/07/2019,8820,1110790000,126.2(0.16 %),322120,40656380000,313300,39545590000,713142690,59.05
05/07/2019,111600,14079490000,126.2(0.00 %),347710,43860430000,236110,29780940000,713207700,59.05
08/07/2019,-60890,-7615985000,124.2(-1.58 %),316800,39419285000,377690,47035270000,712682459,59.08
09/07/2019,-43260,-5308580000,125(0.64 %),7286049,900824480000,7329309,906133060000,712478920,59.09
10/07/2019,15360,1905750000,125(0.00 %),174810,21852590000,159450,19946840000,712440227,59.09
11/07/2019,34270,4290373000,125.2(0.16 %),130230,16310414000,95960,12020041000,712676089,59.08
12/07/2019,-138980,-17325140000,124(-0.96 %),36990,4620500000,175970,21945640000,713265282,59.05
15/07/2019,-190220,-23503916000,123.2(-0.65 %),155020,19172889000,345240,42676805000,713005289,59.06
16/07/2019,-55430,-6873566000,124(0.65 %),268000,33202469000,323430,40076035000,713060719,59.06
17/07/2019,9030,1089478000,125.4(1.13 %),387150,48379060000,378120,47289582000,713051689,59.06
18/07/2019,82300,10267702000,124.6(-0.64 %),374140,46691302000,291840,36423600000,712969389,59.06
19/07/2019,158900,19983555000,126.9(1.85 %),592870,74797414000,433970,54813859000,712810489,59.07
22/07/2019,-4040,-509370000,125.5(-1.10 %),420730,52948690000,424770,53458060000,712615542,59.08
23/07/2019,-190190,-23798620000,125.4(-0.08 %),291620,36479770000,481810,60278390000,712615762,59.08
24/07/2019,-42750,-5407359000,125.6(0.16 %),141090,17722642000,183840,23130001000,713047469,59.06
25/07/2019,-207190,-25938750000,125.1(-0.40 %),239090,29922250000,446280,55861000000,713074327,59.06
26/07/2019,-180940,-22648358000,124.5(-0.48 %),89960,11242282000,270900,33890640000,713435599,59.04
29/07/2019,-612102,-75495090000,123.5(-0.80 %),127430,15725180000,739532,91220270000,713575347,59.03
30/07/2019,-186280,-23202323000,123.5(0.00 %),223710,27865817000,409990,51068140000,714213979,58.99
31/07/2019,-355080,-43793750000,123.2(-0.24 %),9613900,1187292300000,9968980,1231086050000,713819797,59.02
01/08/2019,-137320,-17008160000,124.2(0.81 %),485640,60231230000,622960,77239390000,714420929,58.98
02/08/2019,-222840,-27634900000,124(-0.16 %),372960,46159870000,595800,73794770000,714734259,58.96
05/08/2019,-72880,-8912840000,122(-1.61 %),491540,60576930000,564420,69489770000,714997899,58.95
06/08/2019,-43090,-5139957000,120.2(-1.48 %),273300,32821557000,316390,37961514000,714645379,58.97
07/08/2019,112210,13596543000,121(0.67 %),394950,47836447000,282740,34239904000,714533169,58.97
08/08/2019,-43800,-5308043000,120.9(-0.08 %),291980,35269589000,335780,40577632000,714576969,58.97
09/08/2019,26430,3211610000,121(0.08 %),364020,44133420000,337590,40921810000,714995749,58.95
12/08/2019,-38940,-4693773000,120.6(-0.33 %),276010,33294228000,314950,37988001000,714589479,58.97
13/08/2019,-296940,-35234172000,118(-2.16 %),312740,37170683000,609680,72404855000,714886419,58.95
14/08/2019,-39310,-4676696000,118.7(0.59 %),257300,30618088000,296610,35294784000,714925729,58.95
15/08/2019,50980,6116936000,122(2.78 %),310950,36990875000,259970,30873939000,714874749,58.96
16/08/2019,523210,64864520000,124.1(1.72 %),637520,78918660000,114310,14054140000,715135969,58.94
19/08/2019,292020,36416191000,124.9(0.64 %),436010,54377729000,143990,17961538000,714059519,59.0
20/08/2019,656430,78852700000,124.4(-0.40 %),1180930,144245450000,524500,65392750000,714204609,58.99
21/08/2019,-86980,-10792570000,123.9(-0.40 %),198740,24620530000,285720,35413100000,714174183,59.0
22/08/2019,45430,5620331000,124(0.08 %),315330,39085298560,269900,33464967560,713444639,59.04
23/08/2019,-302090,-38984173000,123(-0.81 %),333870,41219857000,635960,80204030000,713746729,59.02
26/08/2019,-110510,-13302549000,120.5(-2.03 %),289330,34934390800,399840,48236939800,713857239,59.01
27/08/2019,-410280,-49042129000,119(-1.24 %),189320,22664127000,599600,71706256000,714267519,58.99
28/08/2019,-138380,-16546920000,119.4(0.34 %),156460,18719300000,294840,35266220000,714489856,58.98
29/08/2019,305110,37067860000,123(3.02 %),688504,83380020000,383394,46312160000,714490886,58.98
30/08/2019,185220,22902768000,123(0.00 %),422730,52250584000,237510,29347816000,713915569,59.01
03/09/2019,449530,55718120000,124(0.81 %),820890,101747210000,371360,46029090000,714465706,58.98
04/09/2019,203580,25164928000,123.8(-0.16 %),499980,61775353860,296400,36610425860,714759016,58.96
05/09/2019,-278580,-34067839000,122(-1.45 %),291550,35728277520,570130,69796116520,715037596,58.95
06/09/2019,171130,21002658000,122.8(0.66 %),315500,38710502000,144370,17707844000,714866466,58.96
09/09/2019,94550,11673580000,124.5(1.38 %),414820,51300890000,320270,39627310000,714102274,59.0
10/09/2019,33230,4096550000,123.7(-0.64 %),732910,90666420000,699680,86569870000,714088092,59.0
11/09/2019,-183210,-22579316000,122.1(-1.29 %),39790,4913461000,223000,27492777000,714921896,58.95
12/09/2019,-350260,-42703531000,122(-0.08 %),117210,14284004000,467470,56987535000,715272156,58.93
13/09/2019,-246490,-30073240000,122.1(0.08 %),18740,2287660000,265230,32360900000,714427742,58.98
16/09/2019,-305920,-36924720000,121.5(-0.49 %),65280,7882160000,371200,44806880000,714621478,58.97
17/09/2019,94750,11605720000,122.5(0.82 %),134050,16411750000,39300,4806030000,714914898,58.95
18/09/2019,350070,43204659000,123.7(0.98 %),426890,52643197000,76820,9438538000,715379746,58.93
19/09/2019,200010,24680523000,123.6(-0.08 %),391180,48240078000,191170,23559555000,715179736,58.94
20/09/2019,-583320,-71185998000,122.1(-1.21 %),619290,75819854000,1202610,147005852000,715763056,58.9
23/09/2019,166740,20776423000,124.5(1.97 %),462780,57638544000,296040,36862121000,715596316,58.91
24/09/2019,227020,28785653000,126.9(1.93 %),382760,48454183000,155740,19668530000,715369296,58.93
25/09/2019,56200,7099791000,126.4(-0.39 %),69920,8835477000,13720,1735686000,715313096,58.93
26/09/2019,353430,45710570000,130(2.85 %),507750,65553450000,154320,19842880000,714460721,58.98
27/09/2019,259990,33797788000,130.1(0.08 %),344980,44877346000,84990,11079558000,714699676,58.97
30/09/2019,129690,16828430000,129.7(-0.31 %),539160,70012250000,409470,53183820000,713882111,59.01
01/10/2019,-254020,-32605230000,128(-1.31 %),75880,9740980000,329900,42346210000,713962595,59.01
02/10/2019,-485090,-61503154000,127(-0.78 %),613360,77685080000,1098450,139188234000,714523565,58.98
03/10/2019,-136630,-17127571000,129(1.57 %),157050,19960030000,293680,37087601000,714660195,58.97
04/10/2019,-151510,-19634980000,128.6(-0.31 %),109170,14129620000,260680,33764600000,713771315,59.02
07/10/2019,106390,13722626000,129.1(0.39 %),212020,27355370000,105630,13632744000,714505315,58.98
08/10/2019,25650,3307892000,129(-0.08 %),102190,13175059000,76540,9867167000,714479665,58.98
09/10/2019,-165190,-21100100000,127(-1.55 %),119290,15244370000,284480,36344470000,715023929,58.95
10/10/2019,-70010,-8878490000,127(0.00 %),120930,15403650000,190940,24282140000,715006289,58.95
11/10/2019,-19350,-2448290000,128(0.79 %),368620,47020650000,387970,49468940000,714734215,58.96
14/10/2019,107140,13745677000,128.6(0.47 %),574770,73783012250,467630,60037335250,714627075,58.97
15/10/2019,-287730,-36978220000,128.3(-0.23 %),620390,79574980000,908120,116553200000,714495109,58.98
16/10/2019,97710,12743611000,130.4(1.64 %),359030,46682974000,261320,33939363000,714817095,58.96
17/10/2019,340950,44992210000,131(0.46 %),569520,75032530000,228570,30040320000,714137293,59.0
18/10/2019,431300,57023460000,132.5(1.15 %),589150,77920930000,157850,20897470000,714285053,58.99
21/10/2019,124390,16882160000,133.6(0.83 %),578360,77621760000,453970,60739600000,713968013,59.01
22/10/2019,173680,23268500000,132.5(-0.82 %),792460,105906000000,618780,82637500000,713561353,59.03
23/10/2019,-80990,-10706330000,132.3(-0.15 %),298830,39402050000,379820,50108380000,713363453,59.04
24/10/2019,44410,5900640000,132.6(0.23 %),99590,13220900000,55180,7320260000,713717833,59.02
25/10/2019,196090,26282753000,134.5(1.43 %),226940,30416285000,30850,4133532000,713587265,59.03
28/10/2019,7300,975660000,133.8(-0.52 %),61150,8205670000,53850,7230010000,714250173,58.99
29/10/2019,299830,39695590000,134.1(0.22 %),357340,47401940000,57510,7706350000,713948013,59.01
30/10/2019,-435750,-57905500000,132(-1.57 %),180550,23892900000,616300,81798400000,713836613,59.01
31/10/2019,-1251450,-163237080000,130(-1.52 %),491760,63491440000,1743210,226728520000,713548703,59.03
01/11/2019,408790,53984930000,132.4(1.85 %),642660,84786030000,233870,30801100000,712963553,59.06
04/11/2019,124270,16350740000,131.3(-0.83 %),1270560,166639850000,1146290,150289110000,713070993,59.06
05/11/2019,-714670,-92663124000,129.2(-1.60 %),325000,42223470000,1039670,134886594000,714196613,58.99
06/11/2019,-242580,-31387436000,130.1(0.70 %),432190,56206388000,674770,87593824000,714439193,58.98
07/11/2019,-491510,-63803060000,129.1(-0.77 %),121850,15425510000,613360,79228570000,714252822,58.99
08/11/2019,-634690,-82097726000,129.2(0.08 %),168500,21772860000,803190,103870586000,715665393,58.91
11/11/2019,-209430,-27114754000,129.3(0.08 %),55190,7142075000,264620,34256829000,715874823,58.9
12/11/2019,-1354940,-173258970000,127.5(-1.39 %),177140,22646000000,1532080,195904970000,716298114,58.87
13/11/2019,-1103570,-139015200000,125.5(-1.57 %),1848860,231139090000,2952430,370154290000,717076744,58.83
14/11/2019,-321030,-40553550000,125.9(0.32 %),84390,10511130000,405420,51064680000,717256974,58.82
15/11/2019,-1212450,-149479257000,123(-2.30 %),157010,19401114000,1369460,168880371000,719926813,58.66
18/11/2019,-660550,-79978500000,120.8(-1.79 %),202730,24534790000,863280,104513290000,720587363,58.63
19/11/2019,-41780,-5117386000,124.4(2.98 %),315750,38761765000,357530,43879151000,720629143,58.62
20/11/2019,149380,18523120000,124(-0.32 %),837270,103821480000,687890,85298360000,720479763,58.63
21/11/2019,192910,23576680000,122(-1.61 %),779730,95434780000,586820,71858100000,720780261,58.62
22/11/2019,56490,6916030000,121.5(-0.41 %),6860220,835969030000,6803730,829053000000,720952491,58.61
25/11/2019,97000,11868990000,122.9(1.15 %),324320,39725310000,227320,27856320000,721166065,58.59
26/11/2019,81900,10228200000,123(0.08 %),1264900,156110760000,1183000,145882560000,720912325,58.61
27/11/2019,20940,2591471000,122.1(-0.73 %),76260,9380237000,55320,6788766000,720030523,58.66
28/11/2019,60560,7369430000,122.1(0.00 %),579590,70263740000,519030,62894310000,720545265,58.63
29/11/2019,50900,6184350000,121.5(-0.49 %),1702560,207288076560,1651660,201103726560,719919063,58.67
02/12/2019,-180830,-21392189000,118.3(-2.63 %),574510,68232230920,755340,89624419920,720803320,58.61
03/12/2019,-625240,-72777936000,116.4(-1.61 %),490380,57179379680,1115620,129957315680,721428560,58.58
04/12/2019,-180730,-21112010000,118.8(2.06 %),299700,35178670000,480430,56290680000,720606740,58.63
05/12/2019,-74900,-8823220000,117.8(-0.84 %),2158110,255070786970,2233010,263894006970,721684190,58.56
06/12/2019,-545840,-63745720000,116.3(-1.27 %),297650,34755860000,843490,98501580000,721631170,58.57
09/12/2019,100680,11909340000,118.1(1.55 %),1039950,122254190000,939270,110344850000,721512920,58.57
10/12/2019,117100,13841220000,118.2(0.08 %),1254114,148041946800,1137014,134200726800,722012250,58.55
11/12/2019,-39740,-4660960000,118.6(0.34 %),1005590,118729260000,1045330,123390220000,721470710,58.58
12/12/2019,42440,5058848000,119.2(0.51 %),397960,47440192000,355520,42381344000,722009550,58.55
13/12/2019,-8910,-1056413000,118(-1.01 %),716000,85443443660,724910,86499856660,722018460,58.54
16/12/2019,204490,24207220000,118.7(0.59 %),649340,76871820000,444850,52664600000,721814580,58.56
17/12/2019,36610,4304210000,117.1(-1.35 %),647440,76073500000,610830,71769290000,721705930,58.56
18/12/2019,658220,78064892000,118.6(1.28 %),1505550,178523578920,847330,100458686920,721119140,58.6
19/12/2019,734350,87835120000,119.7(0.93 %),1698940,203326390000,964590,115491270000,719901370,58.67
20/12/2019,-107410,-12913250000,120(0.25 %),1198810,143832770000,1306220,156746020000,719102420,58.71
23/12/2019,128760,15337750000,118(-1.67 %),397960,47438000000,269200,32100250000,719204280,58.71
24/12/2019,266260,31564540000,118.6(0.51 %),360790,42759090000,94530,11194550000,719269780,58.7
25/12/2019,1040,128252000,118(-0.51 %),22710,2699035000,21670,2570783000,720096140,58.66
26/12/2019,61780,7233880000,117(-0.85 %),82130,9630090000,20350,2396210000,720654038,58.62
27/12/2019,31460,3725900000,118.2(1.03 %),101340,11887990000,69880,8162090000,720647236,58.62
30/12/2019,266260,31564535000,116.5(-1.44 %),360790,42759089000,94530,11194554000,719736640,58.68
31/12/2019,-102620,-11995120000,116.5(0.00 %),64770,7597010000,167390,19592130000,720507476,58.63
02/01/2020,51990,6126279000,117.9(1.20 %),147810,17379214000,95820,11252935000,720577356,58.63
03/01/2020,320730,38055728000,118.3(0.34 %),330020,39157831000,9290,1102103000,720256626,58.65
06/01/2020,118730,13938902000,117.4(-0.76 %),422986,49680757732,304256,35741855732,720137896,58.65
07/01/2020,269920,31924429000,118.5(0.94 %),297110,35137213000,27190,3212784000,719867976,58.67
08/01/2020,563240,66528780000,118.8(0.25 %),615220,72666230000,51980,6137450000,719381348,58.7
09/01/2020,177400,21101870000,118.6(-0.17 %),1126480,134054680000,949080,112952810000,719242778,58.7
10/01/2020,181090,21502440000,118.9(0.25 %),809800,96243440000,628710,74741000000,718849398,58.73
13/01/2020,-50530,-5928430000,117.4(-1.26 %),399800,47373330000,450330,53301760000,718711968,58.73
14/01/2020,100150,11800460000,117.8(0.34 %),611050,71963130000,510900,60162670000,718672088,58.74
15/01/2020,126290,14858570000,117.8(0.00 %),641720,75486890000,515430,60628320000,718384848,58.75
16/01/2020,130450,15417240000,118.2(0.34 %),439820,51875350000,309370,36458110000,718329920,58.76
17/01/2020,287110,33993250000,118.6(0.34 %),537950,63705160000,250840,29711910000,718133274,58.77
20/01/2020,64770,7684020000,119(0.34 %),1389300,165253650000,1324530,157569630000,718301714,58.76
21/01/2020,106150,12739770000,121(1.68 %),1364580,163451210000,1258430,150711440000,718012014,58.77
22/01/2020,52230,6328110000,121.3(0.25 %),2572620,312306900000,2520390,305978790000,717514064,58.8
30/01/2020,-669350,-78046210000,116.6(-3.87 %),1382930,162161224330,2052280,240207434330,718629134,58.74
31/01/2020,-453850,-51196580000,108.5(-6.95 %),839780,93847100000,1293630,145043680000,717495284,58.8
03/02/2020,261610,27694670000,108.3(-0.18 %),875760,92667222000,614150,64972552000,717968354,58.78
04/02/2020,-503330,-53252880000,105(-3.05 %),823890,87836460000,1327220,141089340000,717475794,58.81
05/02/2020,-368090,-39932630000,106.6(1.52 %),1027860,108156230000,1395950,148088860000,717104114,58.83
06/02/2020,-242570,-26076275000,107.5(0.84 %),1506810,161946006240,1749380,188022281240,719234244,58.7
07/02/2020,288550,31531216000,110.2(2.51 %),2131150,232728735360,1842600,201197519360,718945694,58.72
10/02/2020,-61400,-6602097000,109(-1.09 %),559030,60650573000,620430,67252670000,719007094,58.72
11/02/2020,-263500,-28386059000,107.2(-1.65 %),682510,73613175400,946010,101999234400,719270594,58.7
12/02/2020,-99330,-10664540000,107.2(0.00 %),396660,42725920000,495990,53390460000,718963264,58.72
13/02/2020,27340,2920180000,106.9(-0.28 %),362580,38761130000,335240,35840950000,719221114,58.71
14/02/2020,-68840,-7338344000,106.6(-0.28 %),570600,60866541200,639440,68204885200,719411424,58.69
17/02/2020,82440,8862300000,107.5(0.84 %),777510,83493225000,695070,74630925000,719328984,58.7
18/02/2020,-251390,-26702380000,105.5(-1.86 %),233790,24914020000,485180,51616400000,719703134,58.68
19/02/2020,-154490,-16292850000,106.4(0.85 %),462730,49072069000,617220,65364919000,719734864,58.68
20/02/2020,-68680,-7307552000,106.4(0.00 %),301640,32103296000,370320,39410848000,719803544,58.67
21/02/2020,122330,13269490000,108.5(1.97 %),586750,63738910000,464420,50469420000,719661514,58.68
24/02/2020,224840,23936480000,106.4(-1.94 %),710920,75666110000,486080,51729630000,719703255,58.68
25/02/2020,453670,48658510000,108(1.50 %),1523430,163995500000,1069760,115336990000,719090149,58.71
26/02/2020,-659860,-69831910000,105(-2.78 %),699640,74152020000,1359500,143983930000,719330623,58.7
27/02/2020,666670,70623220000,107.4(2.29 %),1697240,179412950000,1030570,108789730000,718647733,58.74
28/02/2020,-357090,-37395390000,104.5(-2.70 %),7625030,799660550000,7982120,837055940000,718464293,58.75
02/03/2020,-275500,-28789750000,104.5(0.00 %),1038470,108883124080,1313970,137672874080,719117993,58.71
03/03/2020,-103660,-10915398000,105.3(0.77 %),1669950,175859253480,1773610,186774651480,719221653,58.71
04/03/2020,-201360,-21125830000,104.8(-0.47 %),715710,75219440000,917070,96345270000,720006573,58.66
05/03/2020,-23670,-2488400000,104.5(-0.29 %),544670,57199600000,568340,59688000000,720399963,58.64
06/03/2020,94720,9869824000,104.2(-0.29 %),692670,72077664000,597950,62207840000,719351963,58.7
09/03/2020,298120,30576160000,97(-6.91 %),1281570,127998820000,983450,97422660000,719889599,58.67
10/03/2020,560830,56152504000,101.7(4.85 %),1002570,100325008000,441740,44172504000,718493013,58.75
11/03/2020,1206490,123625600000,101.6(-0.10 %),2157690,221193430000,951200,97567830000,717377919,58.81
12/03/2020,322890,32011300000,100.9(-0.69 %),2433250,239247040000,2110360,207235740000,716438119,58.87
13/03/2020,-132740,-12846279000,99.1(-1.78 %),1274170,125069683000,1406910,137915962000,717096373,58.83
16/03/2020,-162390,-15751830000,97(-2.12 %),669890,65124972900,832280,80876802900,717258763,58.82
17/03/2020,-700690,-67266240000,96(-1.03 %),746550,71507242930,1447240,138773482930,717959453,58.78
18/03/2020,-454450,-43430710000,95(-1.04 %),454140,43505310000,908590,86936020000,717679801,58.79
19/03/2020,-454450,-43430710000,89(-6.32 %),410980,39371362000,865430,82802072000,718868353,58.73
20/03/2020,-380270,-34307870000,90(1.12 %),1768310,159627540000,2148580,193935410000,717067969,58.83
23/03/2020,-378310,-32113307000,83.7(-7.00 %),384690,32540448000,763000,64653755000,719626933,58.68
24/03/2020,-103550,-8786870000,86.1(2.87 %),342070,29500570000,445620,38287440000,719178465,58.71
25/03/2020,417560,37980870000,92(6.85 %),1991740,182079740000,1574180,144098870000,718821095,58.73
26/03/2020,1133140,106515160000,94(2.17 %),4000130,376001429820,2866990,269486269820,718179783,58.77
27/03/2020,644900,60932700000,94.1(0.11 %),2838850,267154030000,2193950,206221330000,716187115,58.88
30/03/2020,194740,17825390000,91.2(-3.08 %),1170370,106945770000,975630,89120380000,716978655,58.83
31/03/2020,-385280,-35210200000,91(-0.22 %),1088400,99896720000,1473680,135106920000,717430215,58.81
01/04/2020,47920,4611200000,94(3.30 %),629510,58757240000,581590,54146040000,718144655,58.77
03/04/2020,-101530,-9566640000,95(1.06 %),1127340,106883070000,1228870,116449710000,717443055,58.81
06/04/2020,-639990,-61366520000,96.2(1.26 %),325850,31194330000,965840,92560850000,717836535,58.79
07/04/2020,297450,29298825000,98.5(2.39 %),2141180,209538003140,1843730,180239178140,719218235,58.71
08/04/2020,71390,7067610000,99(0.51 %),1853230,40442490000,1781840,33374880000,719146845,58.71
09/04/2020,-6780,-678678000,100.1(1.11 %),1093660,109648657040,1100440,110327335040,719153625,58.71
10/04/2020,152810,15219876000,99.6(-0.50 %),788790,78529096320,635980,63309220320,719000815,58.72
13/04/2020,-69590,-6904310000,99.1(-0.50 %),772750,76665450000,842340,83569760000,718749055,58.73
14/04/2020,246720,24425280000,99(-0.10 %),1350400,133802628440,1103680,109377348440,718823685,58.73
15/04/2020,-133110,-13250682000,99.2(0.20 %),325770,32409724000,458880,45660406000,718956795,58.72
16/04/2020,-361390,-35886027000,99.3(0.10 %),1205530,119629531470,1566920,155515558470,719318185,58.7
17/04/2020,-835460,-71413711300,99.3(0.00 %),1119040,109056906320,1954500,180470617620,720153645,58.65
20/04/2020,-426050,-42738353650,100(0.70 %),788070,97769309890,1214120,140507663540,720579695,58.63
21/04/2020,70520,6819250000,96.8(-3.20 %),3457600,337507080000,3387080,330687830000,718789191,58.73
22/04/2020,-691730,-67197260000,97.5(0.72 %),985390,95429910000,1677120,162627170000,719893671,58.67
23/04/2020,-942450,-91092890000,96.1(-1.44 %),163690,15832130000,1106140,106925020000,720603631,58.63
24/04/2020,-958760,-96954475000,102.8(6.97 %),717710,72499033120,1676470,169453508120,723102115,58.48
27/04/2020,-513530,-53420859000,102.8(0.00 %),370080,38673368000,883610,92094227000,723615645,58.45
28/04/2020,-548300,-55259120000,100.5(-2.24 %),550200,55441733000,1098500,110700853000,724163945,58.42
29/04/2020,-762410,-75637710000,99(-1.49 %),620700,61574690000,1383110,137212400000,723028261,58.49
04/05/2020,-93090,-8971138000,97.6(-1.41 %),575930,56503565750,669020,65474703750,724442691,58.41
05/05/2020,239070,23641371000,100.5(2.97 %),2317400,231199828720,2078330,207558457720,724203621,58.42
06/05/2020,18170,1781110000,101.5(1.00 %),1905800,192111180000,1887630,190330070000,724728577,58.39
07/05/2020,391520,39980927000,103.4(1.87 %),2655150,271649080840,2263630,231668153840,723793931,58.44
08/05/2020,505847,53642337500,105(1.55 %),1784420,188453842500,1278573,134811505000,723288084,58.47
11/05/2020,839240,89714440000,108.5(3.33 %),1047590,111999040000,208350,22284600000,723150121,58.48
12/05/2020,1399800,154957384000,113.9(4.98 %),1565540,173313183000,165740,18355799000,721049044,58.6
13/05/2020,899744,102149840000,113.7(-0.18 %),2357420,266910260000,1457676,164760420000,721259290,58.59
14/05/2020,713770,80880261000,113(-0.62 %),897660,101690583000,183890,20810322000,719435530,58.69
15/05/2020,-236380,-26347090000,110.8(-1.95 %),1952520,216911690000,2188900,243258780000,719612580,58.68
18/05/2020,-17030,-1923613000,111.1(0.27 %),673880,74736055900,690910,76659668900,719688940,58.68
19/05/2020,-96130,-10860180000,112.6(1.35 %),551050,62488270000,647180,73348450000,719373160,58.7
20/05/2020,457810,52136555000,114(1.24 %),835010,95017516000,377200,42880961000,719327260,58.7
21/05/2020,579660,66274750000,115(0.88 %),1029740,117834190000,450080,51559440000,719644982,58.68
22/05/2020,380670,43550715000,114.4(-0.52 %),666280,76221001000,285610,32670286000,718366930,58.75
25/05/2020,751410,87391112000,117.6(2.80 %),1006230,117027470510,254820,29636358510,717615520,58.8
26/05/2020,364220,42813106000,117.6(0.00 %),622710,73097684000,258490,30284578000,717251300,58.82
27/05/2020,55240,6441760000,115(-2.21 %),359730,41803840000,304490,35362080000,718184642,58.77
28/05/2020,27060,3112860000,114.8(-0.17 %),547360,63028940000,520300,59916080000,717787772,58.79
29/05/2020,202760,23301355000,115(0.17 %),1265690,145069074320,1062930,121767719320,716966240,58.83
01/06/2020,314890,36696879000,116.1(0.96 %),774640,90148532000,459750,53451653000,716866610,58.84
02/06/2020,289400,33700740000,116(-0.09 %),631820,73532620000,342420,39831880000,716665250,58.85
03/06/2020,337480,39419050000,116.6(0.52 %),947590,110368513000,610110,70949463000,716239730,58.88
04/06/2020,336130,39577920000,117.8(1.03 %),600720,70733420240,264590,31155500240,715903600,58.9
05/06/2020,552390,65389740000,119.2(1.19 %),602180,71293370000,49790,5903630000,715991262,58.89
08/06/2020,532910,65310765000,122.8(3.02 %),813510,99664791000,280600,34354026000,715370690,58.93
09/06/2020,-117660,-14799660000,125(1.79 %),612500,76451180000,730160,91250840000,715330542,58.93
10/06/2020,187770,23550618000,123(-1.60 %),817400,101868589560,629630,78317971560,715182920,58.94
11/06/2020,164330,20350440000,122.3(-0.57 %),482970,59775770000,318640,39425330000,714418458,58.98
12/06/2020,-1084570,-127442083000,118(-3.52 %),505930,59297910000,1590500,186739993000,716103160,58.88
15/06/2020,-701150,-80733472000,112(-5.08 %),530210,61729640000,1231360,142463112000,716804310,58.84
16/06/2020,-34370,-3931519000,117(4.46 %),1184250,137359183540,1218620,141290702540,716838680,58.84
17/06/2020,-38870,-4511360000,115.6(-1.20 %),159120,18454140000,197990,22965500000,716043458,58.89
18/06/2020,-107920,-12439168000,115.2(-0.35 %),163720,18906497000,271640,31345665000,716985470,58.83
19/06/2020,-751840,-86591449000,115(-0.17 %),650300,74904342830,1402140,161495791830,717737310,58.79
22/06/2020,-290420,-33486370000,115.4(0.35 %),181390,20902120000,471810,54388490000,717041398,58.83
23/06/2020,-318080,-36918358000,116(0.52 %),417850,48467996000,735930,85386354000,718345810,58.76
24/06/2020,-24010,-2821565000,117.1(0.95 %),239240,28092715000,263250,30914280000,718369820,58.75
25/06/2020,-155000,-17936685000,116.4(-0.60 %),174880,20254796000,329880,38191481000,718524820,58.75
26/06/2020,-200210,-23218910000,115.9(-0.43 %),50340,5837080000,250550,29055990000,718799778,58.73
29/06/2020,-200210,-23218913000,111.9(-3.45 %),50340,5837076000,250550,29055989000,718925240,58.72
30/06/2020,-200210,-23218913000,112.7(0.71 %),50340,5837076000,250550,29055989000,719125450,58.71
01/07/2020,222810,25335670000,114.7(1.77 %),293660,33410990000,70850,8075320000,718700748,58.74
02/07/2020,-52870,-5962460000,113(-1.48 %),368160,41826030000,421030,47788490000,719145888,58.71
03/07/2020,103250,11758625000,114.1(0.97 %),554070,63139483000,450820,51380858000,718944028,58.72
06/07/2020,290366,33590519612,116.5(2.10 %),1409010,162852202300,1118644,129261682688,718653662,58.74
07/07/2020,3400,406239000,116(-0.43 %),542450,63162519000,539050,62756280000,718650262,58.74
08/07/2020,23840,2765708000,115.5(-0.43 %),625340,72372403280,601500,69606695280,718626422,58.74
09/07/2020,21840,2587880000,115.9(0.35 %),1034080,120048690000,1012240,117460810000,717676710,58.79
10/07/2020,-61640,-7138670000,115.3(-0.52 %),1211630,146315440000,1273270,153454110000,718016980,58.77
13/07/2020,-203030,-23406178000,114.8(-0.43 %),489460,56412800000,692490,79818978000,718869252,58.73
14/07/2020,38280,4354887000,115.2(0.35 %),322800,36924295340,284520,32569408340,718830972,58.73
15/07/2020,66730,7794170000,116(0.69 %),1256380,146376470000,1189650,138582300000,718351280,58.76
16/07/2020,263570,30620140000,117.5(1.29 %),1025259,119652110000,761689,89031970000,718500610,58.75
17/07/2020,257510,30077790000,116.8(-0.60 %),408450,47706090000,150940,17628300000,718243162,58.76
20/07/2020,17470,2030470000,115.7(-0.94 %),554890,64308730000,537420,62278260000,718553690,58.74
21/07/2020,-296440,-34094450000,116(0.26 %),1478590,170302450000,1775030,204396900000,717722790,58.79
22/07/2020,-349080,-40066316000,114.1(-1.64 %),661350,76043086810,1010430,116109402810,718871212,58.73
23/07/2020,-88290,-10060210000,114.2(0.09 %),691560,78827570000,779850,88887780000,717244630,58.82
24/07/2020,-350610,-39346828000,111.1(-2.71 %),551470,61620936820,902080,100967764820,719310112,58.7
27/07/2020,-863140,-90586110000,103.4(-6.93 %),634850,66285900000,1497990,156872010000,718780550,58.73
28/07/2020,190470,20434720000,109.9(6.29 %),908220,97049510000,717750,76614790000,718594110,58.74
29/07/2020,41550,4573000000,106(-3.55 %),729140,77653310000,687590,73080310000,718623870,58.74
30/07/2020,41550,4572991000,109(2.83 %),926990,77653305000,885440,73080314000,719899682,58.67
31/07/2020,253520,27469330000,107(-1.83 %),636310,68752190000,382790,41282860000,719314430,58.7
03/08/2020,-130800,-14255079000,109.2(2.06 %),284560,31058731000,415360,45313810000,720002020,58.66
04/08/2020,7860,936240000,111.3(1.92 %),501300,55459290000,493440,54523050000,719757450,58.67
05/08/2020,-169380,-19009709000,112.1(0.72 %),532930,59783228000,702310,78792937000,720163540,58.65
06/08/2020,376380,43061469000,114.8(2.41 %),561650,64233752000,185270,21172283000,719787160,58.67
07/08/2020,359610,41519120000,115.5(0.61 %),707310,81633440000,347700,40114320000,719043730,58.72
10/08/2020,-292150,-33812756000,114.5(-0.87 %),530010,61048074000,822160,94860830000,719719700,58.68
11/08/2020,-98910,-11318790000,114.5(0.00 %),1018950,116640960000,1117860,127959750000,718811890,58.73
12/08/2020,687350,79446549000,115.6(0.96 %),859900,99378471000,172550,19931922000,719131260,58.71
13/08/2020,385930,44856390000,116.4(0.69 %),603990,70169340000,218060,25312950000,718325670,58.76
14/08/2020,-239860,-28063107000,116.7(0.26 %),253060,29682892800,492920,57745999800,718985190,58.72
17/08/2020,-5010,-621770000,117(0.26 %),90450,10544840000,95460,11166610000,718822434,58.73
18/08/2020,-286330,-33292734420,115.6(-1.20 %),177350,11319273900,463680,44612008320,719276530,58.7
19/08/2020,-314080,-36287670000,115.3(-0.26 %),131250,15179012000,445330,51466682000,719590610,58.68
20/08/2020,-348980,-40216320000,115.2(-0.09 %),210670,24316020000,559650,64532340000,719139724,58.71
21/08/2020,-437600,-50553612000,115.6(0.35 %),95980,11072439000,533580,61626051000,720377190,58.64
24/08/2020,-822730,-95924728000,116.5(0.78 %),254310,29657631000,1077040,125582359000,721199920,58.59
25/08/2020,-580130,-68005187000,117.3(0.69 %),176490,20688385000,756620,88693572000,721780050,58.56
26/08/2020,-789800,-92906950000,117.1(-0.17 %),214230,25225600000,1004030,118132550000,722569850,58.51
27/08/2020,-320060,-37564819000,117.2(0.09 %),102280,12003921000,422340,49568740000,722889910,58.49
28/08/2020,114630,13484092000,119.3(1.79 %),896440,106229889000,781810,92745797000,722775280,58.5
31/08/2020,61380,7477291000,121(1.42 %),606150,72978465000,544770,65501174000,722713900,58.5
01/09/2020,77590,9466990000,123.2(1.82 %),433630,53131760000,356040,43664770000,722109701,58.54
03/09/2020,174720,21653049000,124.7(1.22 %),1374900,170619465220,1200180,148966416220,722368611,58.52
04/09/2020,463860,57647160000,125(0.24 %),1318600,164225440000,854740,106578280000,721281131,58.59
07/09/2020,611340,77734630000,126(0.80 %),1829440,232091440000,1218100,154356810000,720629771,58.62
08/09/2020,-608560,-75843207000,124.2(-1.43 %),1537910,192090545720,2146470,267933752720,721901971,58.55
09/09/2020,-273300,-33650998000,123.8(-0.32 %),131940,16223246000,405240,49874244000,722175271,58.54
10/09/2020,-217480,-27150310000,124.7(0.73 %),259920,32437400000,477400,59587710000,721435255,58.58
11/09/2020,-410580,-50882429000,123.8(-0.72 %),615780,76332582000,1026360,127215011000,722803331,58.5
14/09/2020,-308280,-38317689000,124.2(0.32 %),521950,65014630000,830230,103332319000,723111611,58.48
15/09/2020,113210,14095738000,124.8(0.48 %),345170,42929737000,231960,28833999000,722998401,58.49
16/09/2020,-347610,-43204823000,124.2(-0.48 %),51630,6419069000,399240,49623892000,723346011,58.47
17/09/2020,-195830,-24432410000,124.5(0.24 %),177510,22128160000,373340,46560570000,723201549,58.48
18/09/2020,-16230,-1728870000,126.4(1.53 %),578020,72731540000,594250,74460410000,723458899,58.46
21/09/2020,469070,60704780000,130.1(2.93 %),949790,122636290000,480720,61931510000,722908349,58.49
22/09/2020,229140,29765124000,129.6(-0.38 %),597660,77581250090,368520,47816126090,722859861,58.5
23/09/2020,-77540,-10047350000,129.2(-0.31 %),132580,17184410000,210120,27231760000,723053619,58.49
24/09/2020,-481110,-61547130000,127.3(-1.47 %),326110,41794964310,807220,103342094310,723418511,58.46
25/09/2020,-190330,-24315403000,127.7(0.31 %),318720,40700989000,509050,65016392000,723608841,58.45
28/09/2020,-956590,-122314058000,128.3(0.47 %),121770,15565242000,1078360,137879300000,724565431,58.4
29/09/2020,-1601180,-175969097000,109.2(-14.89 %),332110,36662523000,1933290,212631620000,726166611,58.31
30/09/2020,-488190,-53258390000,108.9(-0.27 %),57010,6230000000,545200,59488390000,724293469,58.41
01/10/2020,-429990,-46747150000,109.3(0.37 %),766290,83424770000,1196280,130171920000,725149539,58.37
02/10/2020,-648400,-70426810000,108(-1.19 %),538800,58536640000,1187200,128963450000,726454029,58.29
05/10/2020,-760476,-81798300000,107.3(-0.65 %),54260,5841260000,814736,87639560000,726944969,58.26
06/10/2020,-985710,-105533016000,107(-0.28 %),97670,10458905000,1083380,115991921000,727524119,58.23
07/10/2020,-937240,-100524240000,108(0.93 %),387960,41551180000,1325200,142075420000,728550319,58.17
08/10/2020,-385230,-41247820000,106.9(-1.02 %),565160,60655410000,950390,101903230000,729063617,58.14
09/10/2020,-261380,-27888447000,106.7(-0.19 %),236840,25280248480,498220,53168695480,729107969,58.14
12/10/2020,-385230,-35839819680,107(0.28 %),565160,59512794240,950390,95352613920,729493199,58.12
13/10/2020,26520,2841890000,107.1(0.09 %),956190,102610580000,929670,99768690000,731416077,58.01
14/10/2020,-14270,-1512730000,107.4(0.28 %),925590,99170980000,939860,100683710000,731436347,58.0
15/10/2020,268220,28813760000,107.5(0.09 %),1411110,151506160000,1142890,122692400000,730912307,58.03
16/10/2020,229710,24686480000,107.4(-0.09 %),744170,79919060000,514460,55232580000,730486757,58.06
19/10/2020,125820,13612208000,107.7(0.28 %),754730,81453947010,628910,67841739010,728857199,58.15
20/10/2020,-472870,-50426760000,106.2(-1.39 %),126750,13520790000,599620,63947550000,730703517,58.05
21/10/2020,-49110,-5230040000,106.4(0.19 %),198170,21096940000,247280,26326980000,730914111,58.03
22/10/2020,-1129770,-119722063000,106.7(0.28 %),222590,23546077000,1352360,143268140000,730508949,58.06
23/10/2020,93150,10034830000,110(3.09 %),344740,37334450000,251590,27299620000,731535761,58.0
26/10/2020,349310,39059000000,110.5(0.45 %),387650,43348870000,38340,4289870000,731397451,58.01
27/10/2020,369680,37886906880,109.6(-0.81 %),488280,50629944420,118600,12743037540,729696809,58.1
28/10/2020,-156080,-16895805000,107.4(-2.01 %),519310,55994542000,675390,72890347000,729852889,58.1
29/10/2020,-213100,-22748270000,106.9(-0.47 %),504730,53830030000,717830,76578300000,876537669,58.06
30/10/2020,-778410,-82179801000,108(1.03 %),649430,69501557000,1427840,151681358000,730844399,78.03
02/11/2020,-55060,-5934720000,107.6(-0.37 %),847400,91124420000,902460,97059140000,876371779,58.07
03/11/2020,-256130,-27552700000,107.7(0.09 %),494780,53232930000,750910,80785630000,876731359,58.05
04/11/2020,254980,27626825000,108(0.28 %),414420,44880192000,159440,17253367000,876372929,58.07
05/11/2020,781100,85240072000,108.8(0.74 %),830920,90631483000,49820,5391411000,875591829,58.1
06/11/2020,327270,35630281000,108.8(0.00 %),654180,71251162460,326910,35620881460,875264559,58.12
09/11/2020,58200,6357583000,108.8(0.00 %),294440,32073195000,236240,25715612000,875206359,58.12
10/11/2020,-1126561,-121912647319,107.5(-1.19 %),117750,12765774000,1244311,134678421319,876332920,58.07
11/11/2020,-753130,-80292647000,107.5(0.00 %),404470,43294121000,1157600,123586768000,877086050,58.03
12/11/2020,-628417,-67206120000,107(-0.47 %),114650,12268120000,743067,79474240000,877239649,58.03
13/11/2020,-405550,-43498480000,107.4(0.37 %),632110,67821950000,1037660,111320430000,878349030,57.97
16/11/2020,252680,27260980000,107.1(-0.28 %),958370,103297490000,705690,76036510000,878373260,57.97
17/11/2020,-120490,-12934488000,107.6(0.47 %),741640,79522636280,862130,92457124280,877987827,57.99
18/11/2020,931330,101319001000,109.4(1.67 %),1092730,118907357000,161400,17588356000,877056497,58.03
19/11/2020,889140,97296134000,109.7(0.27 %),1575290,172377451000,686150,75081317000,876167357,58.08
20/11/2020,531590,58412169000,110.9(1.09 %),1043630,114885456000,512040,56473287000,875635767,58.1
23/11/2020,373410,41242930000,110.6(-0.27 %),988620,109208650000,615210,67965720000,876067581,58.08
24/11/2020,81900,9057755000,109.6(-0.90 %),431070,47402240750,349170,38344485750,875180457,58.12
25/11/2020,212250,23393380000,110.5(0.82 %),502030,55225610000,289780,31832230000,876367930,58.07
26/11/2020,-49480,-5416358000,109.9(-0.54 %),404430,44454661000,453910,49871019000,876417410,58.07
27/11/2020,-794420,-86619080000,109.8(-0.09 %),751510,82082890000,1545930,168701970000,876170349,58.08
30/11/2020,-39600,-4315218000,108.2(-1.46 %),1191190,129443131400,1230790,133758349400,877251430,58.03
01/12/2020,900220,98122089000,109.7(1.39 %),1311700,142905997000,411480,44783908000,875906209,58.09
02/12/2020,209760,22974336000,109(-0.64 %),292620,32020052000,82860,9045716000,875696449,58.1
03/12/2020,369270,40430480000,109.5(0.46 %),885300,96900500000,516030,56470020000,876348487,58.07
04/12/2020,-246700,-26921290000,109(-0.46 %),437530,47751990000,684230,74673280000,876514986,58.06
07/12/2020,380830,41887960000,110(0.92 %),647820,71128670000,266990,29240710000,875943026,58.09
08/12/2020,-216140,-23584251000,109.2(-0.73 %),417000,45711066840,633140,69295317840,875409189,58.11
09/12/2020,208450,9255808960,109.7(0.46 %),619820,52631027520,411370,43375218560,875200739,58.12
10/12/2020,636886,71699620000,112(2.10 %),1391190,156370820000,754304,84671200000,874669336,58.15
11/12/2020,108380,12225900000,112.6(0.54 %),1072250,120450270000,963870,108224370000,874063556,58.18
14/12/2020,-322880,-36345130000,113.4(0.71 %),869040,98247520000,1191920,134592650000,873738192,58.19
15/12/2020,-195013,-218042340000,111.2(-1.94 %),30979,34670030000,225992,252712370000,874034209,58.18
16/12/2020,-163650,-18182970000,111.6(0.36 %),747080,83256280000,910730,101439250000,874369849,58.16
17/12/2020,-226640,-25115554000,110.4(-1.08 %),538890,59599890000,765530,84715444000,877118773,58.03
18/12/2020,-105600,-116511110000,110.4(0.00 %),107065,118217300000,212665,234728410000,876233988,58.07
21/12/2020,-141900,-15626780000,111(0.54 %),486530,53887030000,628430,69513810000,876577146,58.06
22/12/2020,-424660,-46766300000,109.9(-0.99 %),282730,31121290000,707390,77887590000,877317666,58.02
23/12/2020,-80253,-8808408700,110.2(0.27 %),598660,66032501000,678913,74840909700,878821586,57.95
24/12/2020,-554770,-60334090000,108.7(-1.36 %),180420,19692680000,735190,80026770000,879294322,57.93
25/12/2020,-271380,-29535280000,109(0.28 %),47390,5152742000,318770,34688022000,879647736,57.91
28/12/2020,-467710,-50864923000,108.7(-0.28 %),145130,15807661000,612840,66672584000,880115446,57.89
29/12/2020,-24470,-2668666000,109.2(0.46 %),169390,18480437000,193860,21149103000,880139916,57.89
30/12/2020,-41115,-44993840000,108.8(-0.37 %),88601,96990680000,129716,141984520000,880558442,57.87
31/12/2020,-8322,-9066830000,108.8(0.00 %),15828,17285440000,24150,26352270000,881113002,57.84
04/01/2021,-746000,-81505340000,109.3(0.46 %),335200,36647330000,1081200,118152670000,880971668,57.85
05/01/2021,492000,54314360000,110.8(1.37 %),1134200,124796010000,642200,70481650000,880479668,57.87
06/01/2021,155400,17241580000,109.8(-0.90 %),605400,67139090000,450000,49897510000,880324268,57.88
07/01/2021,-27110,-29869790000,110.4(0.55 %),44250,48786880000,71360,78656670000,880875686,57.85
08/01/2021,-15670,-17494920000,112(1.45 %),66220,74133160000,81890,91628080000,881132186,57.84
11/01/2021,162700,18549940000,115.9(3.48 %),642900,73647600000,480200,55097660000,880589368,57.87
12/01/2021,16710,19450440000,116.3(0.35 %),59210,68859730000,42500,49409290000,881267456,57.83
13/01/2021,250900,29223460000,114.5(-1.55 %),534000,62011703800,283100,32788243800,880171368,57.89
14/01/2021,-1045600,-118388900000,113.1(-1.22 %),505400,57255555700,1551000,175644455700,881216968,57.84
15/01/2021,-103700,-11839920000,113.9(0.71 %),314200,35642280000,417900,47482200000,881320668,57.83
18/01/2021,-31960,-36542830000,113.3(-0.53 %),35780,40968810000,67740,77511640000,881237935,57.83
19/01/2021,-54000,-5596710000,107.7(-4.94 %),1126772,126590207600,1180772,132186917600,881694268,57.81
20/01/2021,939400,101633900000,109(1.21 %),1647300,178121758800,707900,76487858800,880754868,57.86
21/01/2021,77500,8383240000,110.3(1.19 %),586800,64357550000,509300,55974310000,880677368,57.86
22/01/2021,-98150,-107346420000,108.7(-1.45 %),69960,76615260000,168110,183961680000,881670741,57.81
25/01/2021,-1067700,-115964740000,108.2(-0.46 %),356700,38784870000,1424400,154749610000,882726568,57.76
26/01/2021,-807600,-85889410000,106.7(-1.39 %),339400,36331178000,1147000,122220588000,883534168,57.72
27/01/2021,-94870,-98961630000,103.3(-3.19 %),56580,59531870000,151450,158493500000,882934879,57.75
28/01/2021,-175300,-17420390000,96.1(-6.97 %),886900,86336266400,1062200,103756656400,884658168,57.67
29/01/2021,320700,32150270000,102.8(6.97 %),1245900,124984750000,925200,92834480000,884337468,57.69
01/02/2021,84160,87513070000,102.7(-0.10 %),224770,233295210000,140610,145782140000,883610765,57.72
02/02/2021,1140900,120253470000,106.4(3.60 %),2462100,259245790000,1321200,138992320000,882469865,57.78
03/02/2021,128930,140462710000,109.7(3.10 %),199750,216554870000,70820,76092160000,881929301,57.8
04/02/2021,593800,64371470000,108.8(-0.82 %),1027100,111323868000,433300,46952398000,880586765,57.87
05/02/2021,902600,98732340000,109.6(0.74 %),1746800,191094180000,844200,92361840000,879684165,57.91
08/02/2021,-139790,-146092820000,105.3(-3.92 %),140300,148679010000,280090,294771830000,880321207,57.88
09/02/2021,-243800,-25734970000,108(2.56 %),2174800,233084996500,2418600,258819966500,881325865,57.83
17/02/2021,-104900,-112981640000,108.7(0.65 %),97530,105244560000,202430,218226200000,880096546,57.89
18/02/2021,-17740,-19197300000,109(0.28 %),91760,99237860000,109500,118435160000,881073446,57.84
19/02/2021,-1078800,-116280380000,108(-0.92 %),540500,58252970000,1619300,174533350000,883631065,57.72
22/02/2021,-165654,-178199300000,107.5(-0.46 %),41750,44901700000,207404,223101000000,882843498,57.76
23/02/2021,-996400,-106353960000,107(-0.47 %),1077700,115077510400,2074100,221431470400,886284005,57.59
24/02/2021,-118940,-126618140000,105.8(-1.12 %),24560,26272350000,143500,152890490000,884857758,57.66
25/02/2021,-221830,-233274000000,104.6(-1.13 %),69570,73351910000,291400,306625910000,886204706,57.6
26/02/2021,-132060,-136956140000,104.8(0.19 %),104560,108687560000,236620,245643700000,886918106,57.56
01/03/2021,-752200,-79195080000,105.6(0.76 %),506900,53446566000,1259100,132641646000,888067806,57.51
02/03/2021,-160806,-168857220000,104.9(-0.66 %),29700,31426800000,190506,200284020000,890473102,57.39
03/03/2021,-1006700,-104952980000,104.5(-0.38 %),520200,54246602600,1526900,159199582600,890682573,57.38
04/03/2021,-72250,-74941430000,103.4(-1.05 %),51740,54115150000,123990,129056580000,892692170,57.29
05/03/2021,-265180,-270848810000,103(-0.39 %),15770,16119580000,280950,286968390000,894317037,57.21
08/03/2021,-1991400,-203851310000,102.2(-0.78 %),74300,7600808200,2065700,211452118200,896048273,57.13
09/03/2021,-271490,-273040000000,100.5(-1.66 %),16470,16585950000,287960,289625950000,896286037,57.11
10/03/2021,-184130,-185522870000,101.1(0.60 %),20570,20705190000,204700,206228060000,898804837,56.99
11/03/2021,-1143600,-117431000000,102.8(1.68 %),186300,19100450000,1329900,136531450000,901748073,56.85
12/03/2021,-560094,-57506359252,102.2(-0.58 %),727900,74803320000,1287994,132309679252,902308167,56.83
15/03/2021,-168900,-17309500000,102.2(0.00 %),1005500,102924397000,1174400,120233897000,902477067,56.82
16/03/2021,-221560,-223359480000,101(-1.17 %),60770,61479470000,282330,284838950000,904765971,56.71
17/03/2021,-203110,-203926070000,100.5(-0.50 %),28280,28436320000,231390,232362390000,905740563,56.66
18/03/2021,-900800,-91663240000,102.5(1.99 %),130200,13270387000,1031000,104933627000,907624567,56.57
19/03/2021,-117640,-119735440000,101.7(-0.78 %),175640,178595860000,293280,298331300000,909057379,56.5
22/03/2021,-170373,-172069050000,100.8(-0.88 %),32280,32741330000,202653,204810380000,911023038,56.41
23/03/2021,-1872000,-187559200000,100.2(-0.60 %),379800,38021410000,2251800,225580610000,912336667,56.35
24/03/2021,-514309,-51187014600,98.7(-1.50 %),287400,28522740800,801709,79709755400,912850976,56.32
25/03/2021,-1340400,-132380500000,98.5(-0.20 %),344200,33979315000,1684600,166359815000,914191376,56.26
26/03/2021,-597400,-58310070000,97.4(-1.12 %),614600,59986555000,1212000,118296625000,914788776,56.23
29/03/2021,-437500,-43267970000,99(1.64 %),857800,84829200000,1295300,128097170000,915226276,56.21
30/03/2021,-221900,-22018310000,99.2(0.20 %),2705700,268934335000,2927600,290952645000,915448176,56.2
31/03/2021,-141970,-139865380000,98.4(-0.81 %),35490,35023610000,177460,174888990000,917654127,56.09
01/04/2021,-186750,-186841300000,101(2.64 %),169910,170028050000,356660,356869350000,917686131,56.09
02/04/2021,-101700,-10420680000,102.7(1.68 %),528000,54492050000,629700,64912730000,918946031,56.03
05/04/2021,1240,1918140000,102.6(-0.10 %),53760,55945030000,52520,54026890000,919432931,56.01
06/04/2021,-499800,-50574050000,101.5(-1.07 %),373400,38018887900,873200,88592937900,919433431,56.01
07/04/2021,-90410,-90706510000,100.1(-1.38 %),73080,73454240000,163490,164160750000,922188107,55.88
08/04/2021,-302800,-30265420000,99.9(-0.20 %),1051800,104972100400,1354600,135237520400,920640331,55.95
09/04/2021,-9730,-9775150000,99.8(-0.10 %),82790,82464810000,92520,92239960000,921743965,55.9
12/04/2021,-550800,-55090900000,100(0.20 %),1330000,132840470000,1880800,187931370000,921288431,55.92
13/04/2021,-7370,-7185110000,100(0.00 %),161850,162899540000,169220,170084650000,922449365,55.86
14/04/2021,-166370,-165056130000,99.3(-0.70 %),66640,66176330000,233010,231232460000,923220265,55.83
15/04/2021,-16280,-16206850000,99.1(-0.20 %),118020,117458950000,134300,133665800000,924195365,55.78
16/04/2021,-152740,-148718130000,96.9(-2.22 %),10440,10204730000,163180,158922860000,925145965,55.73
19/04/2021,-2740660,-262570634000,96.1(-0.83 %),900400,86360410000,3641060,348931044000,927456691,55.62
20/04/2021,-131063,-129699080000,99.3(3.33 %),139580,137306700000,270643,267005780000,926035865,55.69
22/04/2021,233700,-12121401600,98(-1.31 %),1592900,114583862400,1359200,126705264000,928533629,55.57
23/04/2021,985100,96539400000,99.5(1.53 %),1655700,162390246100,670600,65850846100,927548529,55.62
26/04/2021,-41451,-40271420000,96(-3.52 %),262680,254498430000,304131,294769850000,929486814,55.53
27/04/2021,-5420,-4972780000,95.7(-0.31 %),301840,288381230000,307260,293354010000,929972231,55.5
28/04/2021,-728600,-68741480000,93.7(-2.09 %),1540600,145726090400,2269200,214467570400,928745843,55.56
29/04/2021,-2335200,-216088850000,93.5(-0.21 %),1033600,96387640000,3368800,312476490000,931081043,55.45
04/05/2021,-510800,-46630640000,91.6(-2.03 %),1104000,101714750000,1614800,148345390000,931315205,55.44
05/05/2021,-701200,-64599790000,92(0.44 %),1024500,94486316000,1725700,159086106000,932016405,55.4
06/05/2021,-317230,-287327240000,89.6(-2.61 %),75350,68121260000,392580,355448500000,933750995,55.32
07/05/2021,-109000,-95718150000,87(-2.90 %),112150,97867290000,221150,193585440000,934812851,55.27
10/05/2021,512100,46255450000,93(6.90 %),2787200,255630340000,2275100,209374890000,935766605,55.23
11/05/2021,-29530,-27122730000,91.2(-1.94 %),61890,57458860000,91420,84581590000,936234833,55.2
12/05/2021,-1500,-214720000,91.8(0.66 %),681100,61780430000,682600,61995150000,936063405,55.21
13/05/2021,28430,25787100000,90.5(-1.42 %),60950,55329450000,32520,29542350000,938634897,55.09
14/05/2021,-1274600,-114913580000,89.5(-1.10 %),646400,58120794000,1921000,173034374000,937053705,55.16
17/05/2021,-2001100,-176108530000,87.2(-2.57 %),475300,41855970000,2476400,217964500000,939054805,55.07
18/05/2021,-100790,-87989090000,87(-0.23 %),6810,5945360000,107600,93934450000,939576016,55.04
19/05/2021,-125400,-110169390000,87.5(0.57 %),93090,81883240000,218490,192052630000,940710516,54.99
20/05/2021,-434700,-38108180000,88(0.57 %),567300,49695712800,1002000,87803892800,941751412,54.94
21/05/2021,-113720,-9866870000,89.2(1.36 %),2319700,206794335000,2433420,216661205000,941865132,54.93
24/05/2021,530100,48204210000,91.2(2.24 %),801000,72789050000,270900,24584840000,941335032,54.96
25/05/2021,366400,33166000000,90.5(-0.77 %),910200,82399820000,543800,49233820000,940968632,54.98
26/05/2021,53550,48325860000,91(0.55 %),99510,89756890000,45960,41431030000,944028945,54.83
27/05/2021,73730,67132760000,90.5(-0.55 %),147920,134500240000,74190,67367480000,943409542,54.86
28/05/2021,47470,43241740000,91.1(0.66 %),65110,59284920000,17640,16043180000,943302214,54.86
31/05/2021,-179791,-16279025500,90.5(-0.66 %),827200,75112240000,1006991,91391265500,939400923,55.05
01/06/2021,-40730,-36737420000,89.9(-0.66 %),13380,12091780000,54110,48829200000,943074714,54.88
02/06/2021,-66610,-59459550000,89.4(-0.56 %),20340,18155560000,86950,77615110000,943054014,54.88
03/06/2021,-435700,-39331470000,90.2(0.89 %),618500,55732470000,1054200,95063940000,944310314,54.82
04/06/2021,-1913300,-171780700000,89.5(-0.78 %),570700,51358310000,2484000,223139010000,946223614,54.73
07/06/2021,3120,3000030000,89.4(-0.11 %),76100,67747340000,72980,64747310000,943287794,54.87
08/06/2021,-1157198,-104523469116,89.7(0.34 %),1247600,112825525400,2404798,217348994516,947349612,54.67
09/06/2021,132100,11849910000,89.1(-0.67 %),754100,67426820000,622000,55576910000,947217512,54.68
10/06/2021,101040,90749100000,92.2(3.48 %),174800,157770170000,73760,67021070000,944709892,54.8
11/06/2021,469800,43199850000,92(-0.22 %),614200,56449564000,144400,13249714000,945737312,54.75
14/06/2021,33440,30743300000,92.5(0.54 %),107550,99591850000,74110,68848550000,945888114,54.74
15/06/2021,496500,46023400000,92.9(0.43 %),1811600,168219513800,1315100,122196113800,944906412,54.79
16/06/2021,625100,57761870000,91.8(-1.18 %),1540300,142451280000,915200,84689410000,944281312,54.82
17/06/2021,692500,63390510000,91(-0.87 %),832900,76211980000,140400,12821470000,943588812,54.85
18/06/2021,1049306,96751452000,92.1(1.21 %),3227600,297283930000,2178294,200532478000,942539506,54.9
21/06/2021,-1049200,-95475230000,90.6(-1.63 %),414500,38082200000,1463700,133557430000,943588706,54.85
22/06/2021,2960,2754970000,90.6(0.00 %),126020,114664320000,123060,111909350000,942997378,54.88
23/06/2021,-44700,-4119500000,90(-0.66 %),509000,45823880000,553700,49943380000,943603806,54.85
24/06/2021,-245624,-21928991200,88.7(-1.44 %),353500,31464830000,599124,53393821200,943849430,54.84
25/06/2021,41700,37191740000,89.7(1.13 %),60920,54334870000,19220,17143130000,943663319,54.85
28/06/2021,227900,20438520000,89.2(-0.56 %),363900,32608990000,136000,12170470000,943204530,54.87
29/06/2021,103670,93712300000,91(2.02 %),113950,102997670000,10280,9285370000,943338228,54.86
30/06/2021,13680,12367420000,90.4(-0.66 %),96138,87084900000,82458,74717480000,942740734,54.89
01/07/2021,5260,4718370000,90.9(0.55 %),85060,77260990000,79800,72542620000,942078634,54.92
02/07/2021,218000,19828790000,90.1(-0.88 %),925700,83906870000,707700,64078080000,942711234,54.89
05/07/2021,-152900,-12255801600,89.2(-1.00 %),363300,30728832000,516200,42984633600,942864134,54.89
06/07/2021,-44580,-39587780000,87(-2.47 %),77310,68737880000,121890,108325660000,941685808,54.94
07/07/2021,208110,183702610000,89.8(3.22 %),224210,197785480000,16100,14082870000,940151406,55.02
08/07/2021,36160,32130880000,88.4(-1.56 %),66730,59130320000,30570,26999440000,940021306,55.02
09/07/2021,21420,18729790000,87(-1.58 %),90400,79154970000,68980,60425180000,940388692,55.0
12/07/2021,222800,18928640000,86.3(-0.80 %),624300,53671690000,401500,34743050000,940430234,55.0
13/07/2021,-1156400,-97966890000,84.3(-2.32 %),402900,34193410000,1559300,132160300000,941586634,54.95
14/07/2021,-39500,-2766240000,85(0.83 %),2072200,176149420000,2111700,178915660000,941626134,54.95
15/07/2021,100860,86014620000,85.2(0.24 %),197140,168127280000,96280,82112660000,936865590,55.17
16/07/2021,521400,44805150000,85.9(0.82 %),587700,50492040000,66300,5686890000,940096134,55.02
19/07/2021,143800,121796500000,85(-1.05 %),151130,127989850000,7330,6193350000,938312550,55.1
20/07/2021,144100,12461840000,85.9(1.06 %),1517700,128940278800,1373600,116478438800,938514034,55.09
21/07/2021,22800,1988520000,85.3(-0.70 %),1020600,87260260000,997800,85271740000,938491234,55.1
22/07/2021,599800,51782600000,86.8(1.76 %),765400,66122910000,165600,14340310000,937891434,55.12
23/07/2021,122130,106092380000,87.6(0.92 %),162280,141196350000,40150,35103970000,936486381,55.19
26/07/2021,3560,3168200000,88.9(1.48 %),25870,22988000000,22310,19819800000,936925481,55.17
27/07/2021,-411700,-36186190000,87.5(-1.57 %),288900,25578140000,700600,61764330000,937046234,55.16
28/07/2021,9250,8030960000,86.9(-0.69 %),54550,47409020000,45300,39378060000,936426281,55.19
29/07/2021,7230,6488680000,86.8(-0.12 %),49220,42739930000,41990,36251250000,936220181,55.2
30/07/2021,-48400,-41827560000,86.1(-0.81 %),26020,22448360000,74420,64275920000,936660644,55.18
02/08/2021,-485800,-41984930000,86.5(0.46 %),536500,46407440000,1022300,88392370000,937113644,55.16
03/08/2021,-154900,-13551360000,87.1(0.69 %),571000,49756970000,725900,63308330000,937268544,55.15
04/08/2021,176100,15332270000,87.1(0.00 %),1201500,104765550000,1025400,89433280000,937092444,55.16
05/08/2021,-952000,-82596430000,86.6(-0.57 %),164200,14256340000,1116200,96852770000,938044444,55.12
06/08/2021,-926500,-80959330000,87.2(0.69 %),484700,42428990000,1411200,123388320000,938970944,55.07
09/08/2021,-832800,-72788190000,87.7(0.57 %),1452700,126773270800,2285500,199561460800,939803744,55.03
10/08/2021,-42600,-3646490000,89.4(1.94 %),890300,79590024400,932900,83236514400,939846344,55.03
11/08/2021,462500,42617650000,90.9(1.68 %),1311100,119502150000,848600,76884500000,939383844,55.05
12/08/2021,-611200,-55362120000,90.5(-0.44 %),1203040,109122174000,1814240,164484294000,939995044,55.02
13/08/2021,266700,25203429600,89.9(-0.66 %),1133700,98762904000,867000,73559474400,939728344,55.04
16/08/2021,-571900,-51352510000,89.5(-0.44 %),98400,8800330000,670300,60152840000,940300244,55.01
17/08/2021,-384000,-34363980000,89.3(-0.22 %),632600,56466970000,1016600,90830950000,940496344,55.0
18/08/2021,-1809500,-163394890000,90(0.78 %),155300,13982720000,1964800,177377610000,942109744,54.92
19/08/2021,-494400,-44570920000,90.3(0.33 %),479400,43182380000,973800,87753300000,942604144,54.9
20/08/2021,-422400,-37752220000,87.8(-2.77 %),111100,9891610000,533500,47643830000,943026544,54.88
23/08/2021,268900,23278530000,86(-2.05 %),598500,51954090000,329600,28675560000,942757644,54.89
24/08/2021,279400,24170590000,86.3(0.35 %),433900,37512310000,154500,13341720000,942478244,54.9
25/08/2021,-27900,-2395110000,86.9(0.70 %),268600,23228730000,296500,25623840000,942506144,54.9
26/08/2021,494100,43182820000,87(0.12 %),739200,64543120000,245100,21360300000,942012044,54.93
27/08/2021,-276700,-24076600000,87(0.00 %),480200,41799220000,756900,65875820000,942288744,54.91
30/08/2021,-2410600,-210640810000,87.4(0.46 %),657864,57449198000,3068464,268090008000,944699344,54.8
31/08/2021,-569900,-49754830000,87.4(0.00 %),681200,59507910000,1251100,109262740000,945269244,54.77
01/09/2021,-657500,-57909800000,88.1(0.80 %),1044200,91893040000,1701700,149802840000,942302408,54.91
06/09/2021,-867300,-76756100000,88.3(0.23 %),820300,72566670000,1687600,149322770000,943169708,54.87
07/09/2021,-441900,-38344348000,86.3(-2.27 %),770700,66863730000,1212600,105208078000,943611608,54.85
08/09/2021,-664000,-56781120000,85.4(-1.04 %),784500,67140230000,1448500,123921350000,944275608,54.82
09/09/2021,-1133500,-96741730000,85.2(-0.23 %),220600,18827640000,1354100,115569370000,945409108,54.76
10/09/2021,-653700,-54977130000,86.5(1.53 %),3046900,260607700000,3700600,315584830000,946062808,54.73
13/09/2021,427500,37307540000,87.2(0.81 %),822900,71706730000,395400,34399190000,945635308,54.75
14/09/2021,196700,17122150000,87(-0.23 %),1686600,146694020000,1489900,129571870000,945438608,54.76
15/09/2021,-836700,-72199940000,86.1(-1.03 %),392900,33917050000,1229600,106116990000,946275308,54.72
16/09/2021,-468200,-40349560000,86.4(0.35 %),2099500,180858592000,2567700,221208152000,946743508,54.7
17/09/2021,-305500,-25794380000,86.5(0.12 %),1927100,167519640000,2232600,193314020000,947049008,54.69
20/09/2021,1064400,93914930000,88.7(2.54 %),1289400,113822340000,225000,19907410000,945984608,54.74
21/09/2021,843300,74369650000,88.8(0.11 %),969400,85543160000,126100,11173510000,945141308,54.78
22/09/2021,457200,41498440000,91.5(3.04 %),2537400,230586470000,2080200,189088030000,944684108,54.8
23/09/2021,95500,8793510000,90.8(-0.77 %),1673300,152743909600,1577800,143950399600,944588608,54.8
24/09/2021,350600,31745780000,90.7(-0.11 %),1285600,116630650000,935000,84884870000,944238008,54.82
27/09/2021,1202600,108294250000,88.8(-2.09 %),1845500,166583730000,642900,58289480000,943035408,54.88
28/09/2021,984120,87546666000,89.3(0.56 %),1646200,146316000000,662080,58769334000,942051288,54.92
29/09/2021,701100,62532760000,89.6(0.34 %),1043600,93303760000,342500,30771000000,941350188,54.96
30/09/2021,914300,82271970000,89.6(0.00 %),2212200,199401070000,1297900,117129100000,940435888,55.0
01/10/2021,599600,53572240000,89.8(0.22 %),3693955,318334807000,3094355,264762567000,944190584,54.82
04/10/2021,-218700,-19911730000,90.2(0.45 %),650500,58875760000,869200,78787490000,944409284,54.81
05/10/2021,239700,21488740000,89.6(-0.67 %),640300,57499060000,400600,36010320000,944169584,54.82
06/10/2021,-102800,-9210550000,89.3(-0.33 %),556500,49759340000,659300,58969890000,944272384,0.0
07/10/2021,-187600,-16712280000,88.8(-0.56 %),861700,76665620000,1049300,93377900000,944459984,0.0
08/10/2021,-634600,-56575860000,89.6(0.90 %),514400,45770880000,1149000,102346740000,945094584,0.0
11/10/2021,-593700,-42106437500,90(0.45 %),505600,43939887500,1099300,86046325000,945688284,0.0
12/10/2021,-553100,-50051790000,90.4(0.44 %),636400,57646725200,1189500,107698515200,946241384,0.0
13/10/2021,-729300,-65952290000,90.1(-0.33 %),869600,78963660000,1598900,144915950000,946970684,0.0
14/10/2021,-77900,-7004300000,90(-0.11 %),685100,61631670000,763000,68635970000,947048584,0.0
15/10/2021,573100,51669960000,90(0.00 %),1952000,176196170000,1378900,124526210000,946475484,0.0
18/10/2021,-132900,-11923960000,89.8(-0.22 %),1313892,117811994308,1446792,129735954308,946608384,0.0
19/10/2021,236646,21275649200,90.3(0.56 %),4358800,392725360000,4122154,371449710800,946371738,0.0
20/10/2021,706300,63589760000,90(-0.33 %),3789524,341927837352,3083224,278338077352,945665438,0.0
21/10/2021,1163300,104492840000,89.1(-1.00 %),2862900,257405240000,1699600,152912400000,945208438,0.0
22/10/2021,1853100,166739090000,90.5(1.57 %),3234600,291165320000,1381500,124426230000,943355338,0.0
25/10/2021,-50500,-4603500000,90.1(-0.44 %),1946600,175496580000,1997100,180100080000,943405838,0.0
26/10/2021,-567800,-50949830000,89.6(-0.55 %),75700,6784470000,643500,57734300000,943973638,0.0
27/10/2021,-85100,-7703320000,90.4(0.89 %),1133500,102282918900,1218600,109986238900,944058738,0.0
28/10/2021,-416100,-37801660000,90.6(0.22 %),1583100,144020397200,1999200,181822057200,944474838,0.0
29/10/2021,-23100,-2108000000,90.7(0.11 %),1350200,122444070000,1373300,124552070000,944081838,54.83
01/11/2021,-1314000,-118804720000,90(-0.77 %),257300,23264640000,1571300,142069360000,943460971,54.86
02/11/2021,-878900,-78501940000,89.2(-0.89 %),79300,7088380000,958200,85590320000,944339871,54.82
03/11/2021,0,0,88.2(-1.12 %),0,0,0,0,944339871,54.82
04/11/2021,0,0,88.4(0.23 %),0,0,0,0,944339871,54.82
05/11/2021,0,0,89.2(0.90 %),0,0,0,0,944339871,54.82
08/11/2021,916400,82922640000,90.8(1.79 %),2505600,226892296800,1589200,143969656800,943423471,0.0
09/11/2021,52900,4758230000,89.8(-1.10 %),863700,78065110000,810800,73306880000,943370571,54.86
10/11/2021,-797800,-71524365600,89.7(-0.11 %),100500,9010026000,898300,80534391600,944168371,0.0
11/11/2021,-651000,-58435000000,89.6(-0.11 %),291600,26192890000,942600,84627890000,944021571,54.83
12/11/2021,-78300,-6946390000,89.3(-0.33 %),575000,51498810000,653300,58445200000,944099871,54.83
15/11/2021,-647400,-57736590000,89(-0.34 %),536900,47881590000,1184300,105618180000,944747271,54.8
16/11/2021,-181400,-16131070000,88.6(-0.45 %),640000,56832480000,821400,72963550000,944928671,54.79
17/11/2021,-494300,-43947790000,88.8(0.23 %),713000,63397100000,1207300,107344890000,945422971,54.76
18/11/2021,-598400,-52835300000,88(-0.90 %),656900,58065500000,1255300,110900800000,946021371,54.73
19/11/2021,-1227200,-107013120000,86.1(-2.16 %),217000,18854900000,1444200,125868020000,947248571,54.68
22/11/2021,-276000,-23777330000,86.2(0.12 %),776600,66890510000,1052600,90667840000,947524571,54.66
23/11/2021,-846271,-73004720200,86.3(0.12 %),473100,40843830000,1319371,113848550200,948370842,0.0
24/11/2021,293200,25541080000,87.5(1.39 %),520700,45352780000,227500,19811700000,947837071,54.65
25/11/2021,-64900,-5675300000,87.5(0.00 %),271700,23761640000,336600,29436940000,947901971,0.0
26/11/2021,570400,50259760000,88.3(0.91 %),795500,70081200000,225100,19821440000,947331571,0.0
29/11/2021,219900,20613691800,87.5(-0.91 %),563400,47605100400,343500,26991408600,947111671,0.0
30/11/2021,111100,9914610000,87.6(0.11 %),1083500,95562266200,972400,85647656200,947220471,0.0
01/12/2021,-11300,-815940000,87.5(-0.11 %),1213500,106669400400,1224800,107485340400,0,0.0
02/12/2021,254500,22320690000,87.4(-0.11 %),963700,84453151200,709200,62132461200,951283331,0.0
03/12/2021,-61700,-5297250000,85.8(-1.83 %),369400,32316850000,431100,37614100000,951345031,54.48
06/12/2021,883400,76125370000,85.3(-0.58 %),1060200,91313970000,176800,15188600000,950461631,54.52
07/12/2021,-91100,-7790170000,86.5(1.41 %),347600,29876340000,438700,37666510000,950552731,54.52
08/12/2021,-278200,-23936350000,86(-0.58 %),108900,9372320000,387100,33308670000,950830931,54.5
09/12/2021,167100,14490330000,87(1.16 %),912400,78707842000,745300,64217512000,950663831,0.0
10/12/2021,-417500,-35986830000,86.3(-0.80 %),95600,8258030000,513100,44244860000,951081331,54.49
13/12/2021,360300,31156260000,86.4(0.12 %),480600,41554230000,120300,10397970000,950721031,54.51
14/12/2021,81500,7113040000,86.3(-0.12 %),759400,65728823000,677900,58615783000,950639531,54.51
15/12/2021,306300,26487670000,86.3(0.00 %),469100,40559850000,162800,14072180000,950333231,54.53
16/12/2021,727100,62935680000,86.6(0.35 %),880500,76162960000,153400,13227280000,949606131,54.56
17/12/2021,-549600,-46817830000,85.7(-1.04 %),1070300,92276200000,1619900,139094030000,950155731,54.54
20/12/2021,391400,33626370000,85.7(0.00 %),785300,67445580000,393900,33819210000,949764331,54.56
21/12/2021,354800,30407275000,85.5(-0.23 %),641400,54954685000,286600,24547410000,949409531,0.0
22/12/2021,117300,10054060000,85.4(-0.12 %),457500,39189940000,340200,29135880000,949292231,54.58
23/12/2021,210500,17881975000,84.7(-0.82 %),540600,46062420000,330100,28180445000,949081731,0.0
24/12/2021,271800,23219602200,86(1.53 %),392800,33556511200,121000,10336909000,949020431,0.0
27/12/2021,327000,28147710000,86.1(0.12 %),415200,35734930000,88200,7587220000,949102145,54.59
28/12/2021,-242700,-20799600000,85.5(-0.70 %),222800,19107270000,465500,39906870000,949344845,54.58
29/12/2021,87200,7428260000,85.2(-0.35 %),121400,10346370000,34200,2918110000,948985245,54.59
30/12/2021,146600,12521050000,85.3(0.12 %),161100,13758750000,14500,1237700000,949289645,54.58
31/12/2021,61000,5265460000,86.4(1.29 %),149100,12892010000,88100,7626550000,949174733,54.58
04/01/2022,-331600,-28884390000,86.7(0.35 %),354200,30845480000,685800,59729870000,948835013,54.6
05/01/2022,-1016100,-87802200000,86.2(-0.58 %),645100,55758880000,1661200,143561080000,948278032,54.63
06/01/2022,-1236100,-105795320000,85.4(-0.93 %),113600,9731860000,1349700,115527180000,948850268,54.6
07/01/2022,-1474484,-125624588400,85.2(-0.23 %),65900,5612950000,1540384,131237538400,950430608,54.52
10/01/2022,-418900,-34134355200,83.7(-0.12 %),368600,18230848800,787500,52365204000,951512948,54.47
11/01/2022,311000,26061740000,83.7(0.00 %),563100,47171860000,252100,21110120000,952490297,54.43
12/01/2022,89000,7402625500,83.1(-0.72 %),585600,48653455500,496600,41250830000,952592315,54.42
13/01/2022,-240000,-19927460000,83.1(0.00 %),151400,12586900000,391400,32514360000,952434051,54.43
14/01/2022,964900,81286380000,84.7(1.93 %),1268000,106794419600,303100,25508039600,951748515,54.46
17/01/2022,605400,50731830000,82.9(-2.13 %),860400,72201500000,255000,21469670000,951264529,54.48
18/01/2022,602100,50051790000,83.4(0.60 %),891800,74105360000,289700,24053570000,950575029,54.52
19/01/2022,138000,11535780000,82.8(-0.72 %),1060500,88165430000,922500,76629650000,950092095,54.54
20/01/2022,133700,11102650000,83.1(-0.36 %),471100,39135830000,337400,28033180000,949910663,54.55
21/01/2022,329600,27317560000,82.6(-0.48 %),583000,48322990000,253400,21005430000,949912659,54.55
24/01/2022,175480,14215228380,81(-1.94 %),799400,65135561900,623920,50920333520,949650475,54.56
25/01/2022,-1760600,-140121280000,79.2(-2.22 %),527700,42041066000,2288300,182162346000,949539691,54.57
26/01/2022,199200,16930320000,79.7(0.63 %),553800,40680684000,354600,23750364000,949413511,54.57
27/01/2022,275900,22511260000,83.1(4.27 %),568100,46342770000,292200,23831510000,950962759,54.5
28/01/2022,-456200,-38124500000,83.1(0.00 %),1043900,87121289800,1500100,125245789800,950975609,54.5
07/02/2022,-49100,-4038670000,83.5(0.48 %),657800,54769649400,706900,58808319400,950973909,54.5
08/02/2022,-613200,-50189320000,82(-1.80 %),1108000,91823579000,1721200,142012899000,951199109,54.49
09/02/2022,486100,40306300000,82.8(0.98 %),888400,73658340000,402300,33352040000,950631209,54.51
10/02/2022,258200,21409510000,82.7(-0.12 %),724100,59915210000,465900,38505700000,951006309,54.5
11/02/2022,-290998,-23897338148,82(-0.85 %),891500,73310106000,1182498,97207444148,951015179,54.5
14/02/2022,338300,27580310000,81.1(-1.10 %),1012100,82335720000,673800,54755410000,950468987,54.52
15/02/2022,-107000,-8685650000,81.2(0.12 %),421500,34235450000,528500,42921100000,950672009,54.51
16/02/2022,-988900,-79709130000,80.4(-0.99 %),869700,70146200000,1858600,149855330000,950476077,54.52
17/02/2022,-320100,-25883880000,80.8(0.50 %),862300,69585440000,1182400,95469320000,950450277,54.52
18/02/2022,-179000,-14379270000,80.6(-0.25 %),654900,52683040000,833900,67062310000,951654021,54.47
21/02/2022,-71500,-5794880000,81(0.50 %),148400,12022060000,219900,17816940000,952379021,54.43
22/02/2022,-173500,-13664130000,80(-1.23 %),669600,53821860000,843100,67485990000,952543325,54.42
23/02/2022,-1041400,-83280650000,80(0.00 %),117700,9421390000,1159100,92702040000,952645525,54.42
24/02/2022,-374200,-29622370000,78.6(-1.75 %),74600,5904300000,448800,35526670000,953384025,54.38
25/02/2022,82600,6533660000,78.9(0.38 %),197300,15596330000,114700,9062670000,954300825,54.34
28/02/2022,-147800,-11518320800,78.4(-0.63 %),506600,39651000000,654400,51169320800,954171025,54.34
01/03/2022,236500,18658100000,79.2(1.02 %),426300,33628754800,189800,14970654800,953998825,54.35
02/03/2022,-123900,-9721030000,78.5(-0.88 %),699600,55026201600,823500,64747231600,954308825,54.34
03/03/2022,-273100,-21465600000,78.4(-0.13 %),626000,49207327000,899100,70672927000,954129825,54.35
04/03/2022,-900600,-70261760000,77.9(-0.64 %),989400,77206441400,1890000,147468201400,954217525,54.34
07/03/2022,-1126500,-86715660000,76.8(-1.41 %),811600,62539581000,1938100,149255241000,954563425,54.33
08/03/2022,-690900,-52675520000,76.1(-0.91 %),499200,38060020000,1190100,90735540000,955327425,54.29
09/03/2022,-1349080,-101953952000,75.1(-1.31 %),325400,24625362000,1674480,126579314000,956397271,54.24
10/03/2022,-178500,-13662240000,77.1(2.66 %),658200,50597140000,836700,64259380000,956903171,54.21
11/03/2022,349700,27259070000,78(1.17 %),546500,42589610000,196800,15330540000,957872151,54.17
14/03/2022,126190,9750914500,77.2(-1.03 %),912800,70583239200,786610,60832324700,958303835,54.15
15/03/2022,446800,34394780000,77.2(0.00 %),1015700,78136628000,568900,43741848000,957772935,54.17
16/03/2022,475500,36790170000,77.3(0.13 %),906100,70153330000,430600,33363160000,957145807,54.2
17/03/2022,373000,28856100000,76.4(-1.16 %),1028700,79422732000,655700,50566632000,956821039,54.22
18/03/2022,-1985800,-150928220000,76(-0.52 %),1834100,139709944000,3819900,290638164000,955743539,54.27
21/03/2022,692200,53432210000,77.6(2.11 %),1409900,108903570000,717700,55471360000,955066339,54.3
22/03/2022,-598800,-46144810000,76.9(-0.90 %),997200,76886280000,1596000,123031090000,957673039,54.18
23/03/2022,-1165900,-88998470000,76.1(-1.04 %),785700,60176900000,1951600,149175370000,957090136,54.21
24/03/2022,-1706008,-128753672400,75.6(-0.66 %),484200,36547630000,2190208,165301302400,958069434,54.16
25/03/2022,-848300,-63862380000,75.2(-0.53 %),464900,35012670000,1313200,98875050000,959533688,54.09
28/03/2022,-1409900,-104655350000,73.4(-2.39 %),141600,10492920000,1551500,115148270000,961582296,53.99
29/03/2022,345560,25928032000,75.5(2.86 %),1279300,95767814000,933740,69839782000,962241696,53.96
30/03/2022,576600,44007902100,76.2(0.93 %),919200,70073772100,342600,26065870000,962874036,53.93
31/03/2022,2751300,218224300000,80.9(6.17 %),2918900,231422730000,167600,13198430000,960263444,54.05
01/04/2022,2357900,193203980000,81.7(0.99 %),2480900,203285690000,123000,10081710000,958125144,54.16
04/04/2022,1478900,121248720000,82.2(0.61 %),2007600,164577210000,528700,43328490000,956270144,54.24
05/04/2022,148100,12035570000,80.4(-2.19 %),338100,27354700000,190000,15319130000,956055148,54.25
06/04/2022,537100,43074320000,79.3(-1.37 %),845800,67659270000,308700,24584950000,955543048,54.28
07/04/2022,-145100,-11459840000,78.5(-1.01 %),99500,7904760000,244600,19364600000,955688148,54.27
08/04/2022,-606500,-47398640000,77.3(-1.53 %),119100,9319070000,725600,56717710000,955785742,54.27
12/04/2022,-165500,-12749480000,76.8(-0.65 %),38000,2929080000,203500,15678560000,955951242,54.26
13/04/2022,-412400,-31918950000,77.2(0.52 %),189800,14773330000,602200,46692280000,955977342,54.26
14/04/2022,-525400,-40261550000,76.3(-1.17 %),114300,8794200000,639700,49055750000,956578328,54.23
15/04/2022,162700,13269749900,76.5(0.26 %),326500,24318910500,163800,11049160600,956849628,54.22
18/04/2022,-62500,-4794960000,77(0.65 %),338900,26158530000,401400,30953490000,957142928,54.2
19/04/2022,-80600,-6309720000,76(-1.30 %),282300,21633220000,362900,27942940000,957051388,54.21
20/04/2022,137000,10408260000,75.6(-0.53 %),345300,26253940000,208300,15845680000,956441328,54.24
21/04/2022,750300,56681440000,75(-0.79 %),1942800,147058620000,1192500,90377180000,955733626,54.27
22/04/2022,1144900,86983530000,75.9(1.20 %),1411200,107228680000,266300,20245150000,954615705,54.32
25/04/2022,680900,50663040000,73.5(-3.16 %),908300,67546610000,227400,16883570000,955004905,54.31
26/04/2022,1271000,93672030000,75.9(3.27 %),1947500,143044460000,676500,49372430000,953323705,54.39
27/04/2022,15200,1187610000,75(-1.19 %),630500,47206520000,615300,46018910000,952965605,54.4
28/04/2022,-18000,-1305420000,74.3(-0.93 %),1334200,99085740000,1352200,100391160000,952963905,54.4
29/04/2022,-185100,-13827690000,74.2(-0.13 %),748800,55708259000,933900,69535949000,953270405,54.39
04/05/2022,-138300,-10169240000,72.5(-2.29 %),91600,6678110000,229900,16847350000,953881005,54.36
05/05/2022,-504100,-36489050000,72.1(-0.55 %),103000,7443140000,607100,43932190000,954385105,54.33
06/05/2022,-317600,-22295520000,70.2(-2.64 %),149100,10466820000,466700,32762340000,954363705,54.34
09/05/2022,237000,16590000000,70(-0.28 %),579300,40551000000,342300,23961000000,954391545,54.33
10/05/2022,-352800,-24907680000,70.6(0.86 %),1180300,83329180000,1533100,108236860000,953677945,54.37
11/05/2022,-1001500,-70214000000,69.5(-1.56 %),100600,7057280000,1102100,77271280000,954679445,54.32
12/05/2022,498600,33997930000,66.5(-4.32 %),900400,61471470000,401800,27473540000,954180845,54.34
13/05/2022,1345400,89486620000,66.1(-0.60 %),2655000,177027688500,1309600,87541068500,953400026,54.38
16/05/2022,132700,8731660000,65.8(-0.45 %),1325000,87185000000,1192300,78453340000,953187172,54.39
17/05/2022,900900,63063000000,70(6.38 %),1091500,76405000000,190600,13342000000,952997832,54.4
18/05/2022,616500,43339950000,70.3(0.43 %),911400,64071420000,294900,20731470000,952583532,54.42
19/05/2022,481400,33216600000,69(-1.85 %),789800,54496200000,308400,21279600000,951999332,54.45
20/05/2022,10100,687810000,68.1(-1.30 %),354400,24134640000,344300,23446830000,951939882,54.45
23/05/2022,-735500,-48763650000,66.3(-2.64 %),224800,14904240000,960300,63667890000,952027482,54.45
24/05/2022,259100,17851990000,68.9(3.92 %),625200,43076280000,366100,25224290000,951761582,54.46
25/05/2022,625200,44951880000,71.9(4.35 %),757900,54493010000,132700,9541130000,951993982,54.45
26/05/2022,-32000,-2281600000,71.3(-0.83 %),213200,15201160000,245200,17482760000,952146882,54.44
27/05/2022,779400,56896200000,73(2.38 %),1752800,127954400000,973400,71058200000,950805382,54.51
30/05/2022,-56800,-4118000000,72.5(-0.68 %),858400,62234000000,915200,66352000000,950207182,54.53
31/05/2022,-178100,-12769770000,71.7(-1.10 %),620700,44504190000,798800,57273960000,950577982,54.52
01/06/2022,-212600,-15285940000,71.9(0.28 %),513600,36927840000,726200,52213780000,951373582,54.48
02/06/2022,-195200,-13878720000,71.1(-1.11 %),544100,38685510000,739300,52564230000,951577482,54.47
03/06/2022,-258900,-18200670000,70.3(-1.13 %),323000,22706900000,581900,40907570000,951784982,54.46
06/06/2022,-217400,-15370460000,70.8(0.71 %),206000,14571000000,423400,29941460000,952105382,54.44
07/06/2022,-291800,-20601080000,70.6(-0.28 %),274800,19400880000,566600,40001960000,952214182,54.44
08/06/2022,-340000,-24140000000,71(0.57 %),230800,16386800000,570800,40526800000,952525854,54.42
09/06/2022,-455700,-31990140000,70.2(-1.13 %),197000,13829400000,652700,45819540000,953037954,54.4
10/06/2022,-320900,-22302550000,69.5(-1.00 %),236600,16443700000,557500,38746250000,953426454,54.38
13/06/2022,-407200,-27038080000,66.4(-4.46 %),236000,15670400000,643200,42708480000,953663154,54.37
14/06/2022,-304200,-20107620000,66.1(-0.45 %),324800,21469280000,629000,41576900000,953722554,54.37
15/06/2022,-1200800,-77451600000,64.5(-2.42 %),1523900,98291550000,2724700,175743150000,954253752,54.34
16/06/2022,658000,44744000000,68(5.43 %),1248900,84925200000,590900,40181200000,953656352,54.37
17/06/2022,865300,57715510000,66.7(-1.91 %),1764200,117672140000,898900,59956630000,953234952,54.39
20/06/2022,870100,60001640000,69(3.45 %),939400,64766940000,69300,4765300000,952886452,54.41
21/06/2022,2070900,152625330000,73.7(6.81 %),3176200,234085940000,1105300,81460610000,951440652,54.48
22/06/2022,-776800,-54842080000,70.6(-4.21 %),303200,21405920000,1080000,76248000000,951210252,54.49
23/06/2022,-134000,-9473800000,70.7(0.14 %),34100,2410870000,168100,11884670000,951449952,54.48
24/06/2022,130000,9295000000,71.5(1.13 %),499600,35721400000,369600,26426400000,952147552,54.44
27/06/2022,-517600,-36722900000,71.1(-0.56 %),227600,16160560000,745200,52883460000,952088052,54.44
28/06/2022,-1309900,-92740920000,70.8(-0.42 %),611800,43315440000,1921700,136056360000,951752652,54.46
29/06/2022,-306600,-21864570000,72.3(2.12 %),879600,63040757200,1186200,84905327200,952072652,54.45
30/06/2022,-437000,-31551400000,72.2(-0.14 %),408300,29479260000,845300,61030660000,953811052,54.36
01/07/2022,417000,30732900000,73.7(2.08 %),820500,60470850000,403500,29737950000,953722352,54.37
04/07/2022,427300,32142270000,75.1(1.90 %),923200,69419410000,495900,37277140000,953594452,54.37
05/07/2022,431200,31520720000,73.1(-2.66 %),630600,46096860000,199400,14576140000,953220352,54.39
06/07/2022,206500,14599550000,70.7(0.00 %),785400,55527780000,578900,40928230000,952930852,54.4
07/07/2022,1682600,122829800000,73(3.25 %),1739300,126968900000,56700,4139100000,951390956,54.48
08/07/2022,-1001500,53523600000,73(0.00 %),554200,90118500000,1555700,36594900000,952392456,0.0
11/07/2022,733200,53523600000,73(0.00 %),1234500,90118500000,501300,36594900000,950036456,54.54
12/07/2022,303400,22239220000,73.3(0.41 %),712000,52189600000,408600,29950380000,949770256,54.56
13/07/2022,382900,27760250000,72.5(-1.09 %),602300,43666750000,219400,15906500000,949669256,54.56
14/07/2022,215080,15571792000,72.4(-0.14 %),513200,37155680000,298120,21583888000,949464656,54.57
15/07/2022,341200,24429920000,71.6(-1.10 %),479800,34353680000,138600,9923760000,949330156,54.58
18/07/2022,365300,26192010000,71.7(0.14 %),463000,33197100000,97700,7005090000,949055276,54.59
19/07/2022,540600,39355680000,72.8(1.53 %),973900,70899920000,433300,31544240000,948428576,54.62
20/07/2022,325400,23754200000,73(0.27 %),423000,30879000000,97600,7124800000,948103276,54.64
21/07/2022,37400,2737680000,73.2(0.27 %),501800,36731760000,464400,33994080000,947746276,54.65
22/07/2022,-134000,-957600000,72(-1.64 %),34100,25272000000,168100,26229600000,947766876,54.65
25/07/2022,304000,22161600000,72.9(1.25 %),449900,32797710000,145900,10636110000,947785376,54.65
26/07/2022,-233600,-16819200000,72(-1.23 %),745200,53654400000,978800,70473600000,947665376,54.66
27/07/2022,189800,13703560000,72.2(0.28 %),590100,42605220000,400300,28901660000,947478900,54.67
28/07/2022,57200,4152720000,72.6(0.55 %),801900,58217940000,744700,54065220000,947446000,54.67
29/07/2022,-64800,-4717440000,72.8(0.28 %),1056600,76920480000,1121400,81637920000,946813700,54.7
01/08/2022,76300,5608050000,73.5(0.96 %),1385100,101804850000,1308800,96196800000,946243200,54.72
02/08/2022,-738700,-54220580000,73.4(-0.14 %),960900,70530060000,1699600,124750640000,946572700,54.71
03/08/2022,95200,6987680000,73.4(0.00 %),1402600,102950840000,1307400,95963160000,946095980,54.73
04/08/2022,-7100,-520430000,73.3(-0.14 %),202500,14843250000,209600,15363680000,947134880,54.68
05/08/2022,-379800,-27573480000,72.6(-0.95 %),418200,30361320000,798000,57934800000,948024080,54.64
08/08/2022,-784900,-56669780000,72.2(-0.55 %),619100,44699020000,1404000,101368800000,947579652,54.66
09/08/2022,-322200,-23198400000,72(-0.28 %),617700,44474400000,939900,67672800000,947766952,54.65
10/08/2022,-189000,-13702500000,72.5(0.69 %),1291800,93655500000,1480800,107358000000,948695972,54.61
11/08/2022,-1462700,-103997970000,71.1(-1.93 %),347500,24707250000,1810200,128705220000,949488372,54.57
12/08/2022,-203000,-14595700000,71.9(1.13 %),688100,49474390000,891100,64070090000,949567096,54.57
15/08/2022,-1602900,-114607350000,71.5(-0.56 %),52000,3718000000,1654900,118325350000,951125296,54.49
16/08/2022,-198156,-14227600800,71.8(0.42 %),1606200,115325160000,1804356,129552760800,951477596,54.47
17/08/2022,183400,13314840000,72.6(1.11 %),309100,22440660000,125700,9125820000,952802396,54.41
18/08/2022,1582500,116155500000,73.4(1.10 %),1839500,135019300000,257000,18863800000,951638852,54.47
19/08/2022,1593000,118041300000,74.1(0.95 %),1844100,136647810000,251100,18606510000,949920452,54.55
22/08/2022,653400,48155580000,73.7(-0.54 %),777900,57331230000,124500,9175650000,949399552,54.57
23/08/2022,2169700,164463260000,75.8(2.85 %),2254100,170860780000,84400,6397520000,947340552,54.67
24/08/2022,2000100,155407770000,77.7(2.51 %),2761500,214568550000,761400,59160780000,945159052,54.78
25/08/2022,977400,76139460000,77.9(0.26 %),1158000,90208200000,180600,14068740000,944085452,54.83
26/08/2022,313400,24100460000,76.9(-1.28 %),609000,46832100000,295600,22731640000,943792352,54.84
29/08/2022,-78100,-5896550000,75.5(-1.82 %),834500,63004750000,912600,68901300000,943138455,54.87
30/08/2022,-216276,-16436976000,76(0.66 %),466100,35423600000,682376,51860576000,942967955,54.88
31/08/2022,16800,1268400000,75.5(-0.66 %),444300,33544650000,427500,32276250000,943436255,54.86
05/09/2022,1124000,87110000000,77.5(2.65 %),1662200,128820500000,538200,41710500000,942456431,54.91
06/09/2022,456800,35539040000,77.8(0.39 %),493100,38363180000,36300,2824140000,942376831,54.91
07/09/2022,439000,33232300000,75.7(-2.70 %),593800,44950660000,154800,11718360000,942321231,54.91
08/09/2022,84500,6396650000,75.7(0.00 %),131600,9962120000,47100,3565470000,942225931,54.92
09/09/2022,331600,25168440000,75.9(0.26 %),556500,42238350000,224900,17069910000,941828231,54.94
12/09/2022,-292668,25168440000,75.3(-0.79 %),195421,42238350000,488089,17069910000,941679910,54.94
13/09/2022,-27670,-1794484000,75.7(0.53 %),861658,8916550000,889328,10711034000,941043152,54.97
14/09/2022,-438751,-1794484000,74(-2.25 %),37554,8916550000,476305,10711034000,941505687,54.95
15/09/2022,64296,-32467574000,74.5(0.68 %),596000,2778996000,531704,35246570000,0,54.94
16/09/2022,1563668,118838768000,76(2.01 %),1755340,133405840000,191672,14567072000,940519980,55.0
19/09/2022,390283,29349281600,75.2(-1.05 %),612935,46092712000,222652,16743430400,940129697,0.0
20/09/2022,125148,9486218400,75.8(0.80 %),428440,32475752000,303292,22989533600,940213981,55.01
21/09/2022,508772,39124566800,76.9(1.45 %),589652,45344238800,80880,6219672000,939846981,55.03
22/09/2022,-22644,-1741323600,76.9(0.00 %),299400,23023860000,322044,24765183600,939850873,55.03
23/09/2022,224700,17234490000,76.7(-0.26 %),769400,59012980000,544700,41778490000,939162353,55.06
26/09/2022,-834708,-61768392000,74(-3.52 %),1510400,111769600000,2345108,173537992000,938473997,55.1
27/09/2022,-1222180,-88485832000,72.4(-2.16 %),962400,69677760000,2184580,158163592000,938756297,55.08
28/09/2022,-544900,-39123820000,71.8(-0.83 %),997900,71649220000,1542800,110773040000,939956205,55.03
29/09/2022,174416,12680043200,72.7(1.25 %),1114100,80995070000,939684,68315026800,940672585,54.99
30/09/2022,-273038,-19740647400,72.3(-0.55 %),771420,55773666000,1044458,75514313400,941445965,54.95
03/10/2022,-158784,-11273664000,71(-1.80 %),906912,64390752000,1065696,75664416000,941579637,54.95
04/10/2022,-255620,-18123458000,70.9(-0.14 %),625000,44312500000,880620,62435958000,941845795,54.93
05/10/2022,79212,5671579200,71.6(0.99 %),789000,56492400000,709788,50820820800,941901491,54.93
06/10/2022,-21983,-1538810000,70(-2.23 %),500418,35029260000,522401,36568070000,942497193,54.9
07/10/2022,769600,53718080000,69.8(-0.29 %),1268100,88513380000,498500,34795300000,941966881,54.93
10/10/2022,176581,12448960500,70.5(1.00 %),676344,47682252000,499763,35233291500,941539438,54.95
11/10/2022,673740,47296548000,70.2(-0.43 %),1017300,71414460000,343560,24117912000,941020638,54.97
12/10/2022,461424,33037958400,71.6(1.99 %),816710,58476436000,355286,25438477600,940703691,54.99
13/10/2022,1421004,104870095200,73.8(3.07 %),1984104,146426875200,563100,41556780000,939075147,55.07
14/10/2022,515355,38136270000,74(0.27 %),1202600,88992400000,687245,50856130000,938537333,55.09
17/10/2022,1015261,75230840100,74.1(0.14 %),1316000,97515600000,300739,22284759900,937796433,55.13
18/10/2022,1634628,125049042000,76.5(3.24 %),2016200,154239300000,381572,29190258000,936192978,55.21
19/10/2022,604300,46229090000,76.6(0.13 %),732400,56029670000,128100,9800580000,935588678,55.23
20/10/2022,827800,63935090000,77.5(1.17 %),1173200,90354730000,345400,26419640000,934933417,55.27
21/10/2022,1232700,95508290000,77(-0.65 %),1382800,107147630000,150100,11639340000,933729886,55.32
24/10/2022,312400,23942200000,74(-3.90 %),662500,50210450000,350100,26268250000,933409547,55.34
25/10/2022,226800,17014650000,76(2.70 %),801600,60479680000,574800,43465030000,933182747,55.35
26/10/2022,101900,7744330000,76(0.00 %),264400,20088840000,162500,12344510000,933104210,55.35
27/10/2022,922600,71786330000,78.5(3.29 %),981200,76348170000,58600,4561840000,932464698,55.38
28/10/2022,608313,47448414000,78(-0.64 %),1086417,84740526000,478104,37292112000,931730420,55.42
31/10/2022,581241,45627418500,78.5(0.64 %),1243050,97579425000,661809,51952006500,930922970,55.46
01/11/2022,80688,6471177600,80.2(2.17 %),752108,60319061600,671420,53847884000,930388366,55.48
02/11/2022,-297484,-23292997200,78.3(-2.37 %),608016,47607652800,905500,70900650000,930065159,55.5
03/11/2022,764740,61179200000,80(2.17 %),873150,69852000000,108410,8672800000,929877429,55.51
04/11/2022,1036097,82887760000,80(0.00 %),1929810,154384800000,893713,71497040000,929137119,55.54
07/11/2022,1179402,96946844400,82.2(2.75 %),1265600,104032320000,86198,7085475600,928021929,55.6
08/11/2022,610909,50338901600,82.4(0.24 %),1581961,130353586400,971052,80014684800,927338681,55.63
09/11/2022,-170580,-13799922000,80.9(-1.82 %),1150900,93107810000,1321480,106907732000,926303979,55.68
10/11/2022,-87868,-6888851200,78.4(-3.09 %),871934,68359625600,959802,75248476800,926240597,55.68
11/11/2022,480079,37638193600,78.4(0.00 %),1073700,84178080000,593621,46539886400,926554377,55.67
14/11/2022,272967,21564393000,79(0.77 %),1597300,126186700000,1324333,104622307000,926169379,55.68
15/11/2022,300020,23101540000,77(-2.53 %),1668400,128466800000,1368380,105365260000,925394600,55.72
16/11/2022,-1217143,-90677153500,74.5(-3.25 %),1696800,126411600000,2913943,217088753500,925432133,55.72
17/11/2022,-149480,-11360480000,76(2.01 %),1658140,126018640000,1807620,137379120000,924917373,55.74
18/11/2022,330954,25483458000,77(1.32 %),1566921,120652917000,1235967,95169459000,925717395,55.71
21/11/2022,515938,40191570200,77.9(1.17 %),1319342,102776741800,803404,62585171600,926222173,55.68
22/11/2022,937716,74548422000,79.5(2.05 %),1458600,115958700000,520884,41410278000,925999540,55.69
23/11/2022,186947,14843591800,79.4(-0.13 %),505756,40157026400,318809,25313434600,926334688,55.68
24/11/2022,893478,72550413600,81.2(2.27 %),2228130,180924156000,1334652,108373742400,925045242,55.74
25/11/2022,1036145,85171119000,82.2(1.23 %),1559500,128190900000,523355,43019781000,923842051,55.8
28/11/2022,855146,69865428200,81.7(-0.61 %),1149850,93942745000,294704,24077316800,922986905,0.0
29/11/2022,510095,42337885000,83(1.59 %),1195400,99218200000,685305,56880315000,922476810,0.0
30/11/2022,-99888,-8270726400,82.8(-0.24 %),785212,65015553600,885100,73286280000,922576698,0.0
01/12/2022,370738,30548811200,82.4(-0.48 %),1246100,102678640000,875362,72129828800,921210900,0.0
02/12/2022,1286860,108096240000,84(1.94 %),1733860,145644240000,447000,37548000000,919924040,0.0
05/12/2022,649914,55242690000,85(1.19 %),1003174,85269790000,353260,30027100000,919274126,56.01
06/12/2022,328440,27096300000,82.5(-2.94 %),712840,58809300000,384400,31713000000,918945686,0.0
07/12/2022,163887,13520677500,82.5(0.00 %),1027010,84728325000,863123,71207647500,918781799,56.04
08/12/2022,590,47790000,81(-1.82 %),541100,43829100000,540510,43781310000,920025843,55.98
09/12/2022,-489450,-39156000000,80(-1.23 %),816700,65336000000,1306150,104492000000,920009766,55.98
12/12/2022,-514992,-40426872000,78.5(-1.88 %),1460551,114653253500,1975543,155080125500,919785651,0.0
13/12/2022,-1231778,-96078684000,78(-0.64 %),2186674,170560572000,3418452,266639256000,921017429,0.0
14/12/2022,-1596969,-123765097500,77.5(-0.64 %),992500,76918750000,2589469,200683847500,922614398,0.0
15/12/2022,-1012734,-78588158400,77.6(0.13 %),590500,45822800000,1603234,124410958400,923627132,55.81
16/12/2022,-936289,-73030542000,78(0.52 %),1051020,81979560000,1987309,155010102000,924563421,55.76
19/12/2022,-446231,-34359787000,77(-1.28 %),725869,55891913000,1172100,90251700000,925009652,55.74
20/12/2022,340270,26779249000,78.7(2.21 %),1067210,83989427000,726940,57210178000,924669382,0.0
21/12/2022,356120,28382764000,79.7(1.27 %),714420,56939274000,358300,28556510000,924313262,55.77
22/12/2022,-135618,-10442586000,77(-1.66 %),587352,45226104000,722970,55668690000,924448880,0.0
23/12/2022,-15180,-1156716000,76.2(-1.04 %),513420,39122604000,528600,40279320000,924464060,55.77
26/12/2022,435170,33072920000,76(-0.26 %),715330,54365080000,280160,21292160000,924028890,55.79
27/12/2022,424887,32546344200,76.6(0.79 %),812100,62206860000,387213,29660515800,923604003,55.81
28/12/2022,272420,20976340000,77(0.52 %),576820,44415140000,304400,23438800000,923331583,55.82
29/12/2022,361200,27812400000,77(0.00 %),785900,60514300000,424700,32701900000,924830050,55.75
30/12/2022,-59897,-4558161700,76.1(-1.17 %),494500,37631450000,554397,42189611700,924639950,55.76
03/01/2023,581000,45608500000,78.5(3.15 %),918900,72133650000,337900,26525150000,923721050,0.0
04/01/2023,467129,37043329700,79.3(1.02 %),615006,48769975800,147877,11726646100,924115141,55.78
05/01/2023,1037598,84252957600,81.2(2.40 %),1446802,117480322400,409204,33227364800,923006239,55.84
06/01/2023,312662,24950427600,79.8(-1.72 %),573744,45784771200,261082,20834343600,922580372,55.86
09/01/2023,426515,34419760500,80.7(1.13 %),459030,37043721000,32515,2623960500,922530546,55.86
10/01/2023,460316,37285596000,81(0.37 %),601300,48705300000,140984,11419704000,922220328,55.87
11/01/2023,-337660,-26810204000,79.4(-1.98 %),574500,45615300000,912160,72425504000,921708343,55.9
12/01/2023,239621,19169680000,80(0.76 %),474900,37992000000,235279,18822320000,921444427,55.91
13/01/2023,280003,22568241800,80.6(0.75 %),883400,71202040000,603397,48633798200,921703187,55.9
16/01/2023,-195788,-15545567200,79.4(-1.49 %),385820,30634108000,581608,46179675200,921742646,55.9
17/01/2023,630193,50982613700,80.9(1.89 %),1311397,106092017300,681204,55109403600,920899646,55.94
18/01/2023,130060,10573878000,81.3(0.49 %),849000,69023700000,718940,58449822000,920622254,55.95
19/01/2023,283531,23051070300,81.3(0.00 %),1773200,144161160000,1489669,121110089700,919704658,55.99
27/01/2023,-839808,-67184640000,80(-1.60 %),884400,70752000000,1724208,137936640000,919439198,56.01
30/01/2023,-283670,-22523398000,79.4(-0.75 %),768200,60995080000,1051870,83518478000,919996267,55.98
31/01/2023,-2025509,-156166743900,77.1(-2.90 %),1609945,124126759500,3635454,280293503400,920274630,55.97
01/02/2023,-505320,-39010704000,77.2(0.13 %),498200,38461040000,1003520,77471744000,920828300,55.94
02/02/2023,-134007,-10278336900,76.7(-0.65 %),685000,52539500000,819007,62817836900,923648654,55.81
03/02/2023,-100890,-7667640000,76(-0.91 %),744710,56597960000,845600,64265600000,924019664,55.79
06/02/2023,313301,24249497400,77.4(1.84 %),1089001,84288677400,775700,60039180000,923749670,55.8
07/02/2023,317055,24127885500,76.1(-1.68 %),799400,60834340000,482345,36706454500,923683670,55.8
08/02/2023,-323305,-24506519000,75.8(-0.39 %),567995,43054021000,891300,67560540000,923891375,55.79
09/02/2023,-740219,-55516425000,75(-1.06 %),103659,7774425000,843878,63290850000,924270061,55.78
10/02/2023,-228260,-17324934000,75.9(1.20 %),197800,15013020000,426060,32337954000,924963561,55.74
13/02/2023,-308067,-23197445100,75.3(-0.79 %),561413,42274398900,869480,65471844000,925246026,55.73
14/02/2023,37220,2780334000,74.7(-0.80 %),569470,42539409000,532250,39759075000,925122616,55.73
15/02/2023,125690,9552440000,76(1.74 %),655100,49787600000,529410,40235160000,925419996,55.72
16/02/2023,298700,22850550000,76.5(0.66 %),378100,28924650000,79400,6074100000,925554146,55.71
17/02/2023,76322,5800472000,76(-0.65 %),640410,48671160000,564088,42870688000,925610046,55.71
20/02/2023,182641,14154677500,77.5(1.97 %),521381,40407027500,338740,26252350000,925168065,55.73
21/02/2023,127361,9832269200,77.2(-0.39 %),389100,30038520000,261739,20206250800,925176153,55.73
22/02/2023,-458400,-34609200000,75.5(-2.20 %),449900,33967450000,908300,68576650000,925115493,55.74
23/02/2023,46357,3509224900,75.7(0.26 %),1307612,98986228400,1261255,95477003500,924069620,55.79
24/02/2023,-243800,-18211860000,74.7(-1.32 %),957400,71517780000,1201200,89729640000,924313420,55.77
27/02/2023,461591,34711643200,75.2(0.67 %),710280,53413056000,248689,18701412800,924373995,55.77
28/02/2023,298335,22524292500,75.5(0.40 %),753283,56872866500,454948,34348574000,924761912,55.75
01/03/2023,302218,23240564200,76.9(1.85 %),699100,53760790000,396882,30520225800,924311501,55.77
02/03/2023,203900,15598350000,76.5(-0.52 %),614500,47009250000,410600,31410900000,924151949,55.78
03/03/2023,173000,13148000000,76(-0.65 %),413300,31410800000,240300,18262800000,924105531,55.78
06/03/2023,-146051,-10953825000,75(-1.32 %),223278,16745850000,369329,27699675000,924292853,55.77
07/03/2023,-21064,-1596651200,75.8(1.07 %),594898,45093268400,615962,46689919600,923938255,55.79
08/03/2023,194085,14847502500,76.5(0.92 %),744628,56964042000,550543,42116539500,923562956,55.81
09/03/2023,382130,29232945000,76.5(0.00 %),721305,55179832500,339175,25946887500,923557613,55.81
10/03/2023,492523,37875018700,76.9(0.52 %),763465,58710458500,270942,20835439800,923339691,55.82
13/03/2023,782190,60150411000,76.9(0.00 %),1030490,79244681000,248300,19094270000,922557501,0.0
14/03/2023,401581,30761104600,76.6(-0.39 %),1218173,93312051800,816592,62550947200,921601145,55.9
15/03/2023,98400,7586640000,77.1(0.65 %),1098900,84725190000,1000500,77138550000,920672545,55.95
16/03/2023,-82149,-6276183600,76.4(-0.91 %),1161131,88710408400,1243280,94986592000,920694006,55.95
17/03/2023,-1877120,-139845440000,74.5(-2.49 %),265600,19787200000,2142720,159632640000,921428906,55.91
20/03/2023,-414523,-30799058900,74.3(-0.27 %),248310,18449433000,662833,49248491900,922042876,55.88
21/03/2023,-302098,-18211860000,74.4(0.13 %),415100,71517780000,717198,89729640000,923770496,55.8
22/03/2023,-220800,-16441020000,74.4(0.00 %),99300,7399160000,320100,23840180000,923991296,55.79
23/03/2023,408900,30664230000,75.3(1.21 %),910100,68080200000,501200,37415970000,923582396,55.81
24/03/2023,51600,3902590000,75(-0.40 %),578800,43505350000,527200,39602760000,923530796,55.81
27/03/2023,-852519,-63597917400,74.6(-0.53 %),220900,16479140000,1073419,80077057400,924383315,0.0
28/03/2023,-589137,-43831792800,74.4(-0.27 %),579010,43078344000,1168147,86910136800,924972452,55.74
29/03/2023,-308322,-23093317800,74.9(0.67 %),247800,18560220000,556122,41653537800,924451782,55.77
30/03/2023,327238,24542850000,75(0.13 %),496700,37252500000,169462,12709650000,925123229,55.73
31/03/2023,-53824,-4004505600,74.4(-0.80 %),422143,31407439200,475967,35411944800,925257208,55.73
03/04/2023,-319090,-23740296000,74.4(0.00 %),132310,9843864000,451400,33584160000,925294360,55.73
04/04/2023,-761293,-56487940600,74.2(-0.27 %),213010,15805342000,974303,72293282600,925557317,55.71
05/04/2023,-314018,-23394341000,74.5(0.40 %),201400,15004300000,515418,38398641000,925807317,55.7
06/04/2023,-192300,-14287890000,74.3(-0.27 %),145700,10825510000,338000,25113400000,926697620,55.66
07/04/2023,-39081,-2919350700,74.7(0.54 %),77650,5800455000,116731,8719805700,927135388,55.64
10/04/2023,-28710,-2136024000,74.4(-0.40 %),202700,15080880000,231410,17216904000,927208988,55.63
11/04/2023,-404261,-30077018400,74.4(0.00 %),98900,7358160000,503161,37435178400,927226819,55.63
12/04/2023,-350633,-26052031900,74.3(-0.13 %),132209,9823128700,482842,35875160600,927327020,55.63
13/04/2023,-310935,-22853722500,73.5(-1.08 %),920305,67642417500,1231240,90496140000,927768476,55.61
14/04/2023,-483448,-35195014400,72.8(-0.95 %),157445,11461996000,640893,46657010400,928093873,55.59
17/04/2023,-596824,-42792280800,71.7(-1.51 %),248310,17803827000,845134,60596107800,928218203,55.59
18/04/2023,27234,1988082000,73(1.81 %),1317505,96177865000,1290271,94189783000,928430091,55.58
19/04/2023,-281125,-20241000000,72(-1.37 %),122064,8788608000,403189,29029608000,929153161,55.54
20/04/2023,5000,388410000,71.9(-0.14 %),232500,16770810000,227500,16382400000,929148161,55.54
21/04/2023,-564547,-40026382300,70.9(-1.39 %),528331,37458667900,1092878,77485050200,929706790,55.52
24/04/2023,-350304,-24696432000,70.5(-0.56 %),955556,67366698000,1305860,92063130000,929696098,55.52
25/04/2023,-431434,-30157236600,69.9(-0.85 %),303226,21195497400,734660,51352734000,929946250,55.5
26/04/2023,83600,5935600000,71(1.57 %),4705718,334105978000,4622118,328170378000,930033110,55.5
27/04/2023,-601600,-42087740000,69.5(-2.11 %),139100,9724950000,740700,51812690000,930634710,55.47
28/04/2023,159400,11167160000,70(0.72 %),557600,39019130000,398200,27851970000,930475310,55.48
04/05/2023,-551200,-37964340000,68.6(-2.00 %),903700,62303730000,1454900,100268070000,930489170,55.48
05/05/2023,-41100,-2830790000,68.8(0.29 %),260600,17952290000,301700,20783080000,930463765,55.48
08/05/2023,338100,23697380000,70.4(2.33 %),500000,35044210000,161900,11346830000,931418743,55.43
09/05/2023,469100,33203260000,70.7(0.43 %),594900,42101840000,125800,8898580000,931020434,55.45
10/05/2023,170100,12051790000,70.5(-0.28 %),323000,22884410000,152900,10832620000,930850334,55.46
11/05/2023,-123800,-8687270000,70(-0.71 %),88900,6242320000,212700,14929590000,930881231,55.46
12/05/2023,-496500,-34577240000,69.6(-0.57 %),293800,20458750000,790300,55035990000,930740311,55.47
15/05/2023,-767700,-53216910000,69(-0.86 %),161400,11188950000,929100,64405860000,931508011,55.43
16/05/2023,-577400,-39850850000,69.7(1.01 %),123300,8535230000,700700,48386080000,932085411,55.4
17/05/2023,-1229200,-84874600000,69(-1.00 %),302800,20918440000,1532000,105793040000,933314611,55.34
18/05/2023,-1120600,-76954630000,69.2(0.29 %),307200,21348400000,1427800,98303030000,934435211,55.29
19/05/2023,-629700,-43337880000,68.6(-0.87 %),20500,1412850000,650200,44750730000,935064911,55.26
22/05/2023,-1155300,-79153300000,68.2(-0.58 %),26800,1835600000,1182100,80988900000,936220211,55.2
23/05/2023,-1865500,-126277420000,67(-1.76 %),89900,6077770000,1955400,132355190000,938085711,55.11
24/05/2023,-1429100,-95168320000,66.3(-1.04 %),121500,8085260000,1550600,103253580000,939514811,55.05
25/05/2023,-55700,-3739410000,67.1(1.21 %),260600,17435570000,316300,21174980000,939570511,55.04
26/05/2023,-172500,-11638890000,67.1(0.00 %),98500,6650120000,271000,18289010000,939743011,55.04
29/05/2023,-151200,-10160920000,67.1(0.00 %),110800,7461910000,262000,17622830000,939894211,55.03
30/05/2023,-770300,-51449920000,66.5(-0.89 %),116500,7800830000,886800,59250750000,940664511,54.99
31/05/2023,-679400,-45059320000,66.1(-0.60 %),24900,1654300000,704300,46713620000,941343911,54.96
01/06/2023,-395500,-26181420000,66.1(0.00 %),11600,768110000,407100,26949530000,940576997,55.0
02/06/2023,-1085900,-71651500000,65.9(-0.30 %),32000,2109310000,1117900,73760810000,941662897,54.94
05/06/2023,-1458900,-97215600000,66.5(0.91 %),60500,4034060000,1519400,101249660000,943121797,54.87
06/06/2023,-2189900,-145388900000,66.4(-0.15 %),187800,12482010000,2377700,157870910000,945311697,54.77
07/06/2023,-1913100,-126822100000,66.2(-0.30 %),319000,21146750000,2232100,147968850000,947224797,54.68
08/06/2023,-3204400,-211254560000,65.5(-1.06 %),155000,10210820000,3359400,221465380000,950429197,54.52
09/06/2023,-701600,-46123460000,65.8(0.46 %),118000,7762750000,819600,53886210000,951130797,54.49
12/06/2023,-927700,-62424890000,67.9(3.19 %),635600,42391400000,1563300,104816290000,952058497,54.45
13/06/2023,-986700,-66855160000,67.6(-0.44 %),1473200,99910400000,2459900,166765560000,953045197,54.4
14/06/2023,-1670100,-112652560000,67.1(-0.74 %),735700,49612900000,2405800,162265460000,954715297,54.32
15/06/2023,-1649600,-109866850000,66.3(-1.19 %),438400,29205970000,2088000,139072820000,956364897,54.24
16/06/2023,-1093800,-72529270000,66.1(-0.30 %),2325000,153777840000,3418800,226307110000,953892791,54.36
19/06/2023,-993500,-65573560000,65.8(-0.45 %),58400,3856220000,1051900,69429780000,955922381,54.26
20/06/2023,-1241200,-81494310000,65.5(-0.46 %),51200,3358530000,1292400,84852840000,957163581,54.2
21/06/2023,-1159500,-76345930000,66.3(1.22 %),721800,47549530000,1881300,123895460000,959614796,54.08
22/06/2023,-593500,-39634930000,66.9(0.90 %),1173700,78401950000,1767200,118036880000,960208296,54.06
23/06/2023,259400,18149210000,69.1(3.29 %),2396000,163817990000,2136600,145668780000,959948896,54.07
26/06/2023,-1561200,-108193190000,70.6(2.17 %),1754900,122959780000,3316100,231152970000,960231370,54.05
27/06/2023,-580100,-40484970000,70.5(-0.14 %),1240400,87075390000,1820500,127560360000,960811470,54.03
28/06/2023,123500,8915750000,70.6(0.14 %),1833500,128948350000,1710000,120032600000,960687970,54.03
29/06/2023,1038000,74641420000,71.9(1.84 %),1204700,86522520000,166700,11881100000,959649970,54.08
30/06/2023,-33100,-2372310000,71(-1.25 %),680400,48569090000,713500,50941400000,959683070,54.08
03/07/2023,-95600,-6777600000,70.7(-0.42 %),496900,35080050000,592500,41857650000,964023248,53.87
04/07/2023,643800,45268220000,70.6(-0.14 %),1267700,89338220000,623900,44070000000,963379448,53.9
05/07/2023,-59700,-4253030000,69.8(-1.13 %),1088800,76353740000,1148500,80606770000,963439148,53.9
06/07/2023,-980500,-68878650000,70.5(1.00 %),1015100,71375160000,1995600,140253810000,962251605,53.96
07/07/2023,-1307300,-92366010000,70.9(0.57 %),1192600,84345530000,2499900,176711540000,962207556,53.96
10/07/2023,-66200,-4740940000,72.1(1.69 %),271700,19590780000,337900,24331720000,962273756,53.96
11/07/2023,649900,47083590000,72.8(0.97 %),1438100,104010040000,788200,56926450000,961623856,53.99
12/07/2023,-761400,-55422540000,73.5(0.96 %),653200,47605210000,1414600,103027750000,962385256,53.95
13/07/2023,20600,1504360000,73.1(-0.54 %),267200,19611690000,246600,18107330000,962364656,53.95
14/07/2023,714800,51988650000,73.3(0.27 %),903000,65677910000,188200,13689260000,965705135,53.79
17/07/2023,-889400,-64670810000,72.3(-1.36 %),386000,27953880000,1275400,92624690000,966594535,53.75
18/07/2023,375800,27218620000,72.4(0.14 %),860500,62310890000,484700,35092270000,966218735,53.77
19/07/2023,1241100,90246710000,72.6(0.28 %),1302300,94696820000,61200,4450110000,963066479,53.92
20/07/2023,1208800,87679540000,72.6(0.00 %),1294400,93889870000,85600,6210330000,961857679,53.98
21/07/2023,1277800,93520570000,73.5(1.24 %),1411900,103319100000,134100,9798530000,960579879,54.04
24/07/2023,335600,24695280000,73.6(0.14 %),745000,54801810000,409400,30106530000,960414979,54.05
25/07/2023,529800,39273440000,74.5(1.22 %),1020400,75464290000,490600,36190850000,959558682,54.09
26/07/2023,530400,39707030000,75(0.67 %),828300,61949850000,297900,22242820000,959028282,54.11
27/07/2023,386200,29031750000,75.7(0.93 %),832200,62509920000,446000,33478170000,958642082,54.13
28/07/2023,1225500,94049440000,77.4(2.25 %),1424200,109161030000,198700,15111590000,957416582,54.19
31/07/2023,584900,45517710000,78(0.78 %),1007100,78328930000,422200,32811220000,956831682,54.22
01/08/2023,55900,4211430000,76(-2.56 %),941600,72409050000,885700,68197620000,957177434,54.2
02/08/2023,-374800,-28364140000,76.1(0.13 %),319500,24204750000,694300,52568890000,957552234,54.18
03/08/2023,-63000,-4650290000,72.6(-1.36 %),259100,18964160000,322100,23614450000,957615234,54.18
04/08/2023,272600,19874880000,73(0.55 %),399600,29064750000,127000,9189870000,957518516,54.18
07/08/2023,1112800,82408370000,74.9(2.60 %),1399700,103432770000,286900,21024400000,956405716,54.24
08/08/2023,484400,36045280000,74.5(-0.53 %),803700,59794850000,319300,23749570000,955921316,54.26
09/08/2023,-126700,-9371110000,73.1(-1.88 %),1029000,75594980000,1155700,84966090000,956048016,54.26
10/08/2023,927100,68130800000,73.1(0.00 %),1303700,95758590000,376600,27627790000,955120916,54.3
11/08/2023,522700,38341610000,73.5(0.55 %),768700,56285400000,246000,17943790000,954598216,54.32
14/08/2023,283000,20831890000,73.4(-0.14 %),1709500,125153010000,1426500,104321120000,952910549,54.41
15/08/2023,7300,588980000,72.8(-0.82 %),630800,46059660000,623500,45470680000,952469741,54.43
16/08/2023,-178100,-12936440000,73.1(0.41 %),279800,20444890000,457900,33381330000,953888589,54.36
17/08/2023,657100,48742260000,73.6(0.68 %),1051600,77899660000,394500,29157400000,953231489,54.39
18/08/2023,2543500,187888620000,73.3(-0.41 %),3380500,249642480000,837000,61753860000,950510152,54.52
21/08/2023,1210900,88725940000,72.9(-0.55 %),1530300,112071900000,319400,23345960000,949388517,54.57
22/08/2023,193500,13958550000,72.7(-0.27 %),588500,42507340000,395000,28548790000,949619075,54.56
23/08/2023,740000,54140720000,73.5(1.10 %),1430100,104148820000,690100,50008100000,948466450,54.62
24/08/2023,1716500,127693750000,74.7(1.63 %),1897800,141177550000,181300,13483800000,946749950,54.7
25/08/2023,104700,7843920000,74.9(0.27 %),515300,38575430000,410600,30731510000,947090529,54.68
28/08/2023,1037000,80237020000,77.9(4.01 %),1503900,116217560000,466900,35980540000,946053529,54.73
29/08/2023,666700,51493020000,77.4(-0.64 %),1475500,113673910000,808800,62180890000,944689285,54.8
30/08/2023,425700,33173420000,77.8(0.52 %),926400,71806840000,500700,38633420000,944263585,54.82
31/08/2023,91300,7220090000,77.8(0.00 %),1582100,123260640000,1490800,116040550000,943456970,54.86
05/09/2023,2451000,194974630000,80.1(2.96 %),3971200,316027170000,1520200,121052540000,939986544,55.02
06/09/2023,137900,11029630000,80(-0.12 %),490400,39170140000,352500,28140510000,939848644,55.03
07/09/2023,525400,41686460000,79.5(-0.62 %),1145900,90993710000,620500,49307250000,941401664,54.96
08/09/2023,592300,47289250000,80(0.63 %),855800,68294090000,263500,21004840000,940884474,54.98
11/09/2023,-61400,-4312270000,79.5(-0.62 %),844500,67255080000,905900,71567350000,940632407,54.99
12/09/2023,-35100,-2736380000,80.3(1.01 %),786300,62432350000,821400,65168730000,940124705,55.02
13/09/2023,208300,16592220000,79.1(-1.49 %),833700,66297030000,625400,49704810000,940168958,55.01
14/09/2023,1260900,99802850000,79.4(0.38 %),1464300,115870100000,203400,16067250000,939526114,55.05
15/09/2023,1042000,83892120000,79.5(0.13 %),2840700,227539590000,1798700,143647470000,937283529,55.15
18/09/2023,0,0,78.9(-0.75 %),0,0,0,0,937283529,55.15
19/09/2023,177300,13874110000,78.9(0.00 %),618900,48431670000,441600,34557560000,937004641,55.17
20/09/2023,-482000,-37766640000,78.3(-0.76 %),498800,39092440000,980800,76859080000,937486641,55.14
21/09/2023,16200,1263600000,78(-0.38 %),723600,56288160000,707400,55024560000,937470441,55.14
22/09/2023,1343200,103413340000,77.5(-0.64 %),2056900,158688140000,713700,55274800000,936928935,55.17
25/09/2023,893600,69663670000,77.6(0.13 %),1357000,105733350000,463400,36069680000,936251403,55.2
26/09/2023,17000,1370640000,76.1(-1.93 %),1189000,91280500000,1172000,89909860000,935771062,55.23
27/09/2023,260500,19677940000,76.6(0.66 %),763900,57884190000,503400,38206250000,935510562,55.24
28/09/2023,-114800,-8523640000,74.8(-2.35 %),304600,23026460000,419400,31550100000,935625362,55.23
29/09/2023,-84100,-6084880000,74.2(-0.80 %),361500,27255090000,445600,33339970000,936572604,55.19
02/10/2023,378400,28488970000,75.6(1.89 %),490900,36890130000,112500,8401160000,936501090,55.19
03/10/2023,123200,9106940000,74(-2.12 %),322800,23956690000,199600,14849750000,936623840,55.18
04/10/2023,246000,18274510000,74.4(0.54 %),464800,34481850000,218800,16207340000,936377840,55.2
05/10/2023,-608900,-44812220000,72.7(-2.28 %),201000,14710750000,809900,59522970000,936278287,55.2
06/10/2023,635500,46875780000,74.2(2.06 %),657000,48456020000,21500,1580240000,935642787,55.23
09/10/2023,-221800,-16390490000,73.7(-0.67 %),21500,1587480000,243300,17977970000,935864587,55.22
10/10/2023,-118900,-8864370000,74.4(0.95 %),36200,2694180000,155100,11558550000,936618932,55.18
11/10/2023,-85100,-6312060000,74.4(0.00 %),151900,11301550000,237000,17613610000,936710338,55.18
12/10/2023,-206800,-15497140000,75.5(1.48 %),148400,11200790000,355200,26697930000,936717265,55.18
13/10/2023,-66900,-5056110000,75.8(0.40 %),127400,9651790000,194300,14707900000,936826879,55.17
16/10/2023,198000,14882360000,75.2(-0.79 %),303300,22799640000,105300,7917280000,936878729,55.17
17/10/2023,97700,7451330000,74.8(-0.53 %),398100,30074410000,300400,22623080000,936674899,55.18
18/10/2023,-344700,-25251060000,73.9(-1.20 %),612400,45132660000,957100,70383720000,936167758,55.21
19/10/2023,-703200,-50742010000,71.4(-3.38 %),978900,70200060000,1682100,120942070000,935489314,55.24
20/10/2023,285500,20831270000,72.3(1.26 %),1139900,81450150000,854400,60618880000,935306505,55.25
23/10/2023,-1010200,-71175990000,70.2(-2.90 %),237700,16754950000,1247900,87930940000,936750825,55.18
24/10/2023,-448600,-31569150000,70.3(0.14 %),88300,6223160000,536900,37792310000,937199425,55.16
25/10/2023,-335600,-23588600000,69(-1.85 %),94300,6628090000,429900,30216690000,937516984,55.14
26/10/2023,1409400,94347850000,67(-2.90 %),1834300,122829400000,424900,28481550000,937353236,55.15
27/10/2023,-12300,-717550000,68(1.49 %),582200,39200650000,594500,39918200000,937200806,55.16
30/10/2023,129100,8762020000,67.6(-0.59 %),319300,21647180000,190200,12885160000,937316416,55.15
31/10/2023,328200,22644350000,68(0.59 %),916900,62880660000,588700,40236310000,936997107,55.17
01/11/2023,735500,51217250000,70.4(3.53 %),1128500,78470910000,393000,27253660000,936058807,55.21
02/11/2023,-270700,-18963540000,70.9(0.71 %),762800,53766610000,1033500,72730150000,936329507,55.2
03/11/2023,-158800,-11127240000,70(-1.27 %),540100,37887600000,698900,49014840000,936488307,55.19
06/11/2023,-169300,-11936650000,71(1.43 %),421700,29909580000,591000,41846230000,936657607,55.18
07/11/2023,-213400,-15027060000,70.8(-0.28 %),267600,18780770000,481000,33807830000,936871007,55.17
08/11/2023,-513500,-36313790000,71.4(0.85 %),575900,40820660000,1089400,77134450000,936908243,55.17
09/11/2023,-1430200,-102145480000,70.7(-0.98 %),656900,46928970000,2087100,149074450000,936830419,55.17
10/11/2023,-653100,-45832800000,69.6(-1.56 %),591200,41476740000,1244300,87309540000,937349619,55.15
13/11/2023,-299600,-20786280000,68.7(-1.29 %),84700,5865460000,384300,26651740000,939327029,55.06
14/11/2023,-1960857,-134721468800,68.9(0.29 %),221918,15190156600,2182775,149911625400,939610076,55.04
15/11/2023,530600,37901600000,70.7(2.61 %),1642200,117042430000,1111600,79140830000,939079476,55.07
16/11/2023,0,0,70.3(-0.57 %),0,0,0,0,939079476,55.07
17/11/2023,-140200,-9797770000,70(-0.43 %),209900,14729820000,350100,24527590000,941924361,54.93
20/11/2023,-516900,-35821510000,69.3(-1.00 %),146100,10169270000,663000,45990780000,942965915,54.88
21/11/2023,-1694000,-117287930000,69.5(0.29 %),173300,11970960000,1867300,129258890000,943142725,54.87
22/11/2023,-240300,-16663900000,69.4(-0.14 %),166600,11595100000,406900,28259000000,943639193,54.85
23/11/2023,-284200,-19676570000,68.7(-1.01 %),112500,7819510000,396700,27496080000,943923393,54.84
24/11/2023,-706500,-48139460000,68.3(-0.58 %),575700,39260920000,1282200,87400380000,944629893,54.8
27/11/2023,-128700,-8792610000,68.1(-0.29 %),234600,15967550000,363300,24760160000,944758593,54.8
28/11/2023,-483900,-32858840000,68.5(0.59 %),313100,21252030000,797000,54110870000,945242493,54.77
29/11/2023,-336000,-22990460000,68.4(-0.15 %),160500,10985950000,496500,33976410000,945578493,54.76
30/11/2023,-1532800,-103957960000,67.4(-1.46 %),194500,13144120000,1727300,117102080000,947111293,54.68
01/12/2023,130700,8876550000,68.4(1.48 %),396800,27002220000,266100,18125670000,947170360,54.68
04/12/2023,-419400,-28918100000,68.8(0.58 %),613700,42337500000,1033100,71255600000,947589760,54.66
05/12/2023,-1340600,-91626350000,68.1(-1.02 %),66100,4515180000,1406700,96141530000,948930360,54.6
06/12/2023,-762700,-52062710000,68.5(0.59 %),135700,9273100000,898400,61335810000,949693060,54.56
07/12/2023,-820500,-55678220000,68.4(-0.15 %),837900,57144530000,1658400,112822750000,950513560,54.52
08/12/2023,-1113900,-76631820000,69(0.88 %),118300,8129930000,1232200,84761750000,951627460,54.47
11/12/2023,-243100,-17097370000,70(1.45 %),766600,53811610000,1009700,70908980000,951870560,54.45
12/12/2023,-882500,-61190490000,69.4(-0.86 %),556400,38715860000,1438900,99906350000,952753060,54.41
13/12/2023,-1800800,-123812060000,68.2(-1.73 %),89500,6170270000,1890300,129982330000,954553860,54.33
14/12/2023,-295100,-20189000000,68.4(0.29 %),240000,16431480000,535100,36620480000,954848960,54.31
15/12/2023,-569800,-38967300000,68.1(-0.44 %),1872400,127539470000,2442200,166506770000,955418760,54.29
18/12/2023,-1367700,-92278640000,67(-1.62 %),257600,17385700000,1625300,109664340000,956786460,54.22
19/12/2023,-1309400,-87445560000,67(0.00 %),154500,10312660000,1463900,97758220000,958095860,54.16
20/12/2023,30600,2212060000,68.1(1.64 %),831600,56351090000,801000,54139030000,958065260,54.16
21/12/2023,-317900,-21520700000,67.8(-0.44 %),884700,60210440000,1202600,81731140000,958383160,54.14
22/12/2023,-416600,-28167630000,67.6(-0.29 %),749300,50785250000,1165900,78952880000,958799760,54.12
25/12/2023,-447700,-30473070000,67.9(0.44 %),270200,18487240000,717900,48960310000,959247460,54.1
26/12/2023,-803200,-54775490000,68(0.15 %),261100,17858600000,1064300,72634090000,960050660,54.06
27/12/2023,-613400,-41538840000,67.5(0.00 %),117600,7971930000,731000,49510770000,960664060,54.03
28/12/2023,207500,14140210000,68.5(1.48 %),675100,45985890000,467600,31845680000,960456560,54.04
29/12/2023,-802200,-54448830000,67.6(-1.31 %),109100,7446700000,911300,61895530000,961258760,54.01
02/01/2024,28100,1921210000,68.3(1.04 %),419100,28554970000,391000,26633760000,962040100,53.97
03/01/2024,79300,5521620000,69(1.02 %),221800,15252080000,142500,9730460000,961898196,53.98
04/01/2024,-306900,-21213820000,69(0.00 %),171700,11873220000,478600,33087040000,962205096,53.96
05/01/2024,-139500,-9589600000,68.8(-0.29 %),143100,9836090000,282600,19425690000,962344596,53.95
08/01/2024,-510700,-34970450000,68.2(-0.87 %),129300,8850590000,640000,43821040000,962855296,53.93
09/01/2024,-1163600,-79323240000,68.1(-0.15 %),103700,7077500000,1267300,86400740000,963519168,53.9
10/01/2024,-756500,-51295970000,67.5(-0.88 %),238700,16195040000,995200,67491010000,963920500,53.88
11/01/2024,-541600,-36745280000,67.9(0.59 %),280700,19083630000,822300,55828910000,964907100,53.83
12/01/2024,-1557200,-104756290000,67.2(-1.03 %),233500,15739550000,1790700,120495840000,966455060,53.76
15/01/2024,-1270600,-85233460000,67(-0.30 %),58700,3941970000,1329300,89175430000,966432600,53.76
16/01/2024,-914200,-61123940000,67.4(0.60 %),359700,24093270000,1273900,85217210000,967863600,53.69
17/01/2024,-490900,-33100930000,67.1(-0.45 %),343400,23152250000,834300,56253180000,968849536,53.64
18/01/2024,-173700,-11708920000,67.4(0.45 %),140100,9457880000,313800,21166800000,969304460,53.62
19/01/2024,-424300,-28810650000,68(0.89 %),407800,27688490000,832100,56499140000,969728760,53.6
22/01/2024,-229900,-15652300000,68.3(0.44 %),303700,20714870000,533600,36367170000,969958660,53.59
23/01/2024,-67700,-4622170000,67.7(-0.88 %),705600,47897840000,773300,52520010000,970026360,53.59
24/01/2024,-782100,-52845900000,67.3(-0.59 %),175100,11852980000,957200,64698880000,970808460,53.55
25/01/2024,-968100,-64899200000,66.9(-0.59 %),251600,16890420000,1219700,81789620000,971776560,53.5
26/01/2024,-575100,-38596700000,67(0.15 %),133100,8955530000,708200,47552230000,972351660,53.47
29/01/2024,-890600,-59698360000,67(0.00 %),102000,6844440000,992600,66542800000,973312500,53.43
30/01/2024,-1221400,-81808640000,66.9(-0.15 %),176100,11790610000,1397500,93599250000,973844736,53.4
31/01/2024,-1386200,-93382040000,67(0.15 %),372800,25089230000,1759000,118471270000,974464500,53.37
01/02/2024,-119000,-8019400000,67.5(0.75 %),682700,46120820000,801700,54140220000,974464509,53.37
02/02/2024,-1195343,-80359219300,67.4(-0.15 %),110720,7466813200,1306063,87826032500,975179400,53.34
05/02/2024,314070,21350140200,68(0.89 %),800300,54219310000,486230,32869169800,974662996,53.36
06/02/2024,-658257,-44614670700,67.6(-0.59 %),443800,30065650000,1102057,74680320700,977686600,53.22
07/02/2024,-897100,-60498560000,67.6(0.00 %),254200,17150650000,1151300,77649210000,977918600,53.21
15/02/2024,-1947287,-131646688900,67.6(0.00 %),612927,41419268900,2560214,173065957800,978618600,53.18
16/02/2024,-1773897,-123225021300,70(3.55 %),1451516,100490433600,3225413,223715454900,978318400,53.19
19/02/2024,-690054,-49403188800,71.9(2.71 %),918539,65902678000,1608593,115305866800,980062900,53.11
20/02/2024,-108231,-7803505300,71.5(-0.56 %),630428,45188533800,738659,52992039100,982629900,52.98
21/02/2024,-213318,-15264954200,71.3(-0.28 %),352429,25089926000,565747,40354880200,983516352,52.94
22/02/2024,-885641,-63550022100,71.6(0.42 %),150300,10836760000,1035941,74386782100,983516352,52.94
23/02/2024,508897,36776600700,71(-0.84 %),1043000,75059620000,534103,38283019300,981327884,53.05
26/02/2024,117138,8414754000,71(0.00 %),626070,44616290300,508932,36201536300,983995300,52.92
27/02/2024,-742301,-53310311300,72(1.41 %),347700,24994960000,1090001,78305271300,981953047,53.02
28/02/2024,-93682,-6760364100,72.2(0.28 %),148835,10712964500,242517,17473328600,982046729,53.01
29/02/2024,-1597063,-115268680300,72(-0.28 %),542657,39076905400,2139720,154345585700,985032200,52.87
01/03/2024,-1886735,-134993466900,71.5(-0.69 %),262800,18821670000,2149535,153815136900,984769376,52.88
04/03/2024,468528,33740418700,72(0.70 %),898430,64769292300,429902,31028873600,984300848,52.9
05/03/2024,-593499,-42940466100,73(1.39 %),509124,36682155600,1102623,79622621700,987762100,52.74
06/03/2024,-362494,-26336807800,72.1(-1.23 %),514213,37389399000,876707,63726206800,985256841,52.86
07/03/2024,-2140719,-153377216400,72(0.28 %),454300,32586710000,2595019,185963926400,987397560,52.76
08/03/2024,-1774287,-126688222500,70(-2.78 %),149340,10592662000,1923627,137280884500,989171847,52.67
11/03/2024,6300,573630000,70.3(0.43 %),364200,25748900000,357900,25175270000,989165547,52.67
12/03/2024,-769000,-54013970000,70(-0.43 %),828600,58208810000,1597600,112222780000,992384448,52.52
13/03/2024,-3442900,-242685650000,70.8(1.14 %),282900,19949870000,3725800,262635520000,992459510,52.51
14/03/2024,-1999300,-141210650000,70.5(-0.42 %),253900,17908690000,2253200,159119340000,994458810,52.42
15/03/2024,-1365700,-94427890000,68.8(-1.15 %),259400,17915810000,1625100,112343700000,995824510,52.35
18/03/2024,-1570700,-106815270000,67.9(-1.31 %),355100,24148570000,1925800,130963840000,999167936,52.19
19/03/2024,-705400,-47939130000,67.8(-0.15 %),1137500,77412730000,1842900,125351860000,999627500,52.17
20/03/2024,-1228900,-83317850000,68(0.29 %),331600,22602810000,1560500,105920660000,999329510,52.18
21/03/2024,-2968200,-202432950000,68.4(0.59 %),443900,30265800000,3412100,232698750000,1002297710,52.04
22/03/2024,-3223500,-219219360000,67.8(-0.88 %),210300,14293960000,3433800,233513320000,1005521210,51.89
25/03/2024,-2418300,-163689620000,67.3(-0.74 %),150600,10198280000,2568900,173887900000,1007191490,51.81
26/03/2024,-838000,-56573780000,67.7(0.59 %),132200,8934720000,970200,65508500000,1004325110,51.95
27/03/2024,-972600,-65800760000,67.7(0.00 %),44800,3031010000,1017400,68831770000,1012980220,51.53
28/03/2024,-2355700,-159806740000,67.7(0.00 %),81900,5574200000,2437600,165380940000,1013854660,51.49
29/03/2024,-1379300,-93323370000,67.6(-0.15 %),107100,7241770000,1486400,100565140000,1014765060,51.45
01/04/2024,-2369500,-159274850000,67(-0.89 %),289000,19468700000,2658500,178743550000,1016913730,51.34
02/04/2024,-1925600,-129111860000,67.3(0.45 %),137200,9196020000,2062800,138307880000,1016690643,51.35
03/04/2024,-2355700,-157662750000,66.7(-0.89 %),114600,7666070000,2470300,165328820000,1020878780,51.15
04/04/2024,1999300,135604480000,68.2(2.25 %),2540100,172338760000,540800,36734280000,1017047043,51.34
05/04/2024,685100,46589280000,67.9(-0.44 %),1729600,117576630000,1044500,70987350000,1021134140,51.14
08/04/2024,-330800,-22241960000,67(-1.33 %),241200,16240110000,572000,38482070000,1016692743,51.35
09/04/2024,-982800,-65859730000,67(0.00 %),347000,23258990000,1329800,89118720000,1017675543,51.31
10/04/2024,-984000,-65932560000,66.8(-0.30 %),409800,27453190000,1393800,93385750000,1018659543,51.26
11/04/2024,-790100,-52663720000,66.6(-0.30 %),219900,14668850000,1010000,67332570000,1023404670,51.03
12/04/2024,-746700,-49872190000,66.7(0.15 %),199500,13335890000,946200,63208080000,1024599000,50.98
15/04/2024,-1133600,-75166190000,64.9(-2.70 %),165800,10860760000,1299400,86026950000,1021329943,51.13
16/04/2024,-1303800,-83694390000,64(-1.39 %),491000,31444810000,1794800,115139200000,1022633743,51.07
17/04/2024,1644500,106428320000,64.2(0.31 %),2539700,164124040000,895200,57695720000,1019685443,51.21
19/04/2024,1463700,93571700000,64.2(0.00 %),1763700,112763670000,300000,19191970000,1018221743,51.28
22/04/2024,-300400,-19303960000,64(-0.31 %),205200,13223190000,505600,32527150000,1025466000,50.93
23/04/2024,-282900,-18019570000,63.5(-0.78 %),86200,5494820000,369100,23514390000,1025675900,50.92
24/04/2024,-42000,-2658100000,64(0.79 %),460600,29507380000,502600,32165480000,1018847043,51.25
25/04/2024,250500,16225020000,64.7(1.09 %),479600,30934730000,229100,14709710000,1018596543,51.26
26/04/2024,657600,42964240000,65(0.46 %),1273500,83035890000,615900,40071650000,1024842110,50.96
02/05/2024,688800,44975590000,65.4(0.62 %),1336200,87217390000,647400,42241800000,1023735040,51.02
03/05/2024,314900,20681630000,65.6(0.31 %),427600,28089960000,112700,7408330000,1023923260,51.01
06/05/2024,176700,11616670000,65.8(0.30 %),410400,26975810000,233700,15359140000,1024160320,51.0
07/05/2024,1627300,109741500000,68(3.34 %),2848200,192568590000,1220900,82827090000,1021424830,51.13
08/05/2024,250700,16992980000,67.9(-0.15 %),669200,45287950000,418500,28294970000,1020989310,51.15
09/05/2024,-206100,-13848870000,66.6(-1.91 %),102500,6857490000,308600,20706360000,1022037820,51.1
10/05/2024,-201800,-13512200000,66.5(-0.15 %),72900,4850490000,274700,18362690000,1022313470,51.08
13/05/2024,-330800,-21865160000,65.8(-1.05 %),189000,12439670000,519800,34304830000,1022433220,51.08
14/05/2024,812300,54123790000,66.5(1.06 %),1174600,78225130000,362300,24101340000,1022398931,51.08
15/05/2024,866700,58123970000,67(0.75 %),1462000,98023850000,595300,39899880000,1021532231,51.12
16/05/2024,564200,38007590000,67.2(0.30 %),812400,54701270000,248200,16693680000,1020968031,51.15
17/05/2024,-1081500,-72804320000,67(-0.30 %),114800,7704150000,1196300,80508470000,1020971710,51.15
20/05/2024,-2291700,-152762650000,66.4(-0.90 %),171600,11444940000,2463300,164207590000,1021048320,51.14
21/05/2024,-1367300,-90546260000,66.2(-0.30 %),160000,10573840000,1527300,101120100000,1022056640,51.1
22/05/2024,-1112700,-73443360000,65.8(-0.60 %),123500,8160020000,1236200,81603380000,1024340480,50.99
23/05/2024,147300,9925660000,67(1.82 %),302400,20202730000,155100,10277070000,1025565700,50.93
24/05/2024,-948200,-62859890000,66(-1.49 %),174300,11535340000,1122500,74395230000,1028186331,50.8
27/05/2024,-729700,-48174490000,66.1(0.15 %),162100,10735010000,891800,58909500000,1026790850,50.87
28/05/2024,-1861700,-123852860000,66.8(1.06 %),94400,6284060000,1956100,130136920000,1027831620,50.82
29/05/2024,-1315900,-87580220000,66.3(-0.75 %),106400,7083210000,1422300,94663430000,1028655000,50.78
30/05/2024,-1279000,-84148200000,65.7(-0.90 %),229900,15107290000,1508900,99255490000,1030381380,50.7
31/05/2024,-1527600,-99997570000,65.4(-0.46 %),221800,14546300000,1749400,114543870000,1031781950,50.63
03/06/2024,277100,18362250000,66.1(1.07 %),737000,48790580000,459900,30428330000,1031781953,50.63
04/06/2024,85200,5646880000,66(-0.15 %),378900,25087400000,293700,19440520000,1031696753,50.64
05/06/2024,1781800,121130060000,68.5(3.79 %),2150900,146436670000,369100,25306610000,1029914953,50.72
06/06/2024,-1069880,-72464054800,67.2(-1.90 %),39900,2708090000,1109780,75172144800,1032489542,50.6
07/06/2024,364673,24753034300,67.8(0.89 %),638192,43332998200,273519,18579963900,1032192547,50.61
10/06/2024,-1479497,-100061929500,67.2(-0.88 %),556202,37651327200,2035699,137713256700,1033672044,50.54
11/06/2024,-1606912,-107061683200,66.5(-1.04 %),415400,27700090000,2022312,134761773200,1032489542,50.6
12/06/2024,-1343881,-89528256300,67(0.75 %),391029,26138477800,1734910,115666734100,1034220914,50.51
13/06/2024,0,0,66.9(-0.15 %),0,0,0,0,1036164826,50.42
14/06/2024,-732262,-48859171900,66.2(-1.05 %),226907,15167059000,959169,64026230900,1037672829,50.35
17/06/2024,-1535914,-101584138300,66(-0.30 %),185715,12290301500,1721629,113874439800,1038675557,50.3
18/06/2024,-1182978,-78134235200,65.9(-0.15 %),38804,2564045200,1221782,80698280400,1039595922,50.26
19/06/2024,-2602538,-170399316800,65.3(-0.91 %),186480,12211034000,2789018,182610350800,1041113071,50.18
20/06/2024,745957,49339208500,66(1.07 %),1836746,121295148500,1090789,71955940000,1040498107,50.21
21/06/2024,-318990,-20873810600,66(0.00 %),1232000,81722500000,1550990,102596310600,1042105125,50.14
24/06/2024,705410,46612588700,65.5(-0.76 %),1036590,68390760700,331180,21778172000,1042159324,50.13
25/06/2024,-220215,-14388925200,65.5(0.00 %),275928,18188752400,496143,32577677600,1043491386,50.07
26/06/2024,-874770,-57161676100,65.2(-0.46 %),193700,12671660000,1068470,69833336100,1043683866,50.06
27/06/2024,-657830,-42960936000,65.3(0.15 %),160520,10486914000,818350,53447850000,1044026489,50.05
28/06/2024,339279,22291606100,65.5(0.31 %),1268269,83252016900,928990,60960410800,1043840690,50.05
04/07/2024,-417800,-27832140000,66.4(0.30 %),398200,26457260000,816000,54289400000,1045195008,0.0
05/07/2024,245000,16435500000,67.2(1.20 %),723300,48459660000,478300,32024160000,1044950008,0.0
08/07/2024,1727800,116697730000,67.6(0.60 %),2358300,159240010000,630500,42542280000,1043222208,0.0
09/07/2024,161200,10993210000,67.5(-0.15 %),1905500,128735850000,1744300,117742640000,1043061008,0.0
10/07/2024,-437400,-29382490000,66.8(-1.04 %),958400,64312140000,1395800,93694630000,1043498408,0.0
11/07/2024,-1495000,-99534130000,66.3(-0.75 %),194600,12976130000,1689600,112510260000,1044993408,0.0
12/07/2024,-118400,-7847460000,66.3(0.00 %),100800,6682400000,219200,14529860000,1045111808,0.0
15/07/2024,-499000,-33124200000,66.2(-0.15 %),51400,3410830000,550400,36535030000,1045610808,0.0
16/07/2024,-531900,-35259820000,66.1(-0.15 %),77100,5124540000,609000,40384360000,1046142708,0.0
17/07/2024,-209300,-13829090000,65.7(-0.61 %),437200,28883930000,646500,42713020000,1046352008,0.0
18/07/2024,13500,878260000,65.9(0.30 %),296700,19513850000,283200,18635590000,1046338508,0.0
19/07/2024,-489300,-31979960000,65.3(-0.91 %),28300,1853470000,517600,33833430000,1046827808,0.0
22/07/2024,231800,15202070000,65.4(0.15 %),448300,29388000000,216500,14185930000,1046596008,0.0
23/07/2024,1509900,99577260000,65.9(0.76 %),2046100,134967810000,536200,35390550000,1045086108,0.0
24/07/2024,1236200,81400780000,65.6(-0.46 %),2274200,149719740000,1038000,68318960000,1043849908,0.0
25/07/2024,19900,1301820000,65.6(0.00 %),511500,33475980000,491600,32174160000,1043830008,0.0
26/07/2024,409300,27016570000,65.8(0.30 %),1412300,93082220000,1003000,66065650000,1043420708,0.0
29/07/2024,553900,37251740000,67.2(2.13 %),919200,61785220000,365300,24533480000,1042866808,0.0
30/07/2024,553900,37251740000,67.7(0.74 %),919200,61785220000,365300,24533480000,1042312908,0.0
31/07/2024,4849300,341284550000,71.6(5.76 %),5873100,413639830000,1023800,72355280000,1037463608,0.0
01/08/2024,2319000,165473430000,70.3(-1.82 %),2710300,193127190000,391300,27653760000,1035500205,0.0
02/08/2024,4219000,299852920000,71.5(1.71 %),4457200,316771590000,238200,16918670000,1031281205,0.0
05/08/2024,2658200,185705710000,69.4(-2.94 %),3639100,254294680000,980900,68588970000,1028623005,0.0
06/08/2024,2965800,211877180000,72.7(4.76 %),3484300,249367620000,518500,37490440000,1025657205,0.0
07/08/2024,2874000,209695950000,73.8(1.51 %),3561400,259887350000,687400,50191400000,1022783205,0.0
08/08/2024,1068800,78186210000,72.7(-1.49 %),1482500,108547440000,413700,30361230000,1021714405,0.0
09/08/2024,669400,48798110000,73.3(0.83 %),878300,64051260000,208900,15253150000,1021045005,0.0
12/08/2024,99100,7460920000,73(-0.41 %),798100,58748180000,699000,51287260000,1020945905,0.0
13/08/2024,2060200,151794210000,73.8(1.10 %),2444900,180112130000,384700,28317920000,1018885705,0.0
14/08/2024,405100,30009910000,74(0.27 %),1597400,117905880000,1192300,87895970000,1018480605,0.0
15/08/2024,1392800,103169280000,73.8(-0.27 %),1776600,131554980000,383800,28385700000,1017087805,0.0
16/08/2024,233900,17310630000,73.8(0.00 %),1527400,112623860000,1293500,95313230000,1016853905,0.0
19/08/2024,1821800,137497700000,76(2.98 %),2248100,169690720000,426300,32193020000,1015032105,0.0
20/08/2024,286500,21599320000,75.6(-0.53 %),953200,72046040000,666700,50446720000,1014745605,0.0
21/08/2024,58000,4384150000,75.3(-0.40 %),563600,42528520000,505600,38144370000,1014687605,0.0
22/08/2024,-171200,-13017790000,74.2(-1.46 %),567300,42171160000,738500,55188950000,1014858805,0.0
23/08/2024,-269000,-20056370000,74.9(0.94 %),249100,18652020000,518100,38708390000,1015127805,0.0
26/08/2024,-49200,-3733730000,73.4(-2.00 %),736800,54353400000,786000,58087130000,1015177005,0.0
27/08/2024,353400,25777530000,73.5(0.14 %),853100,62420550000,499700,36643020000,1014823605,0.0
28/08/2024,892300,65673860000,73.9(0.54 %),1164000,85689870000,271700,20016010000,1013931305,0.0
29/08/2024,194600,14335460000,73.5(-0.54 %),663400,48847250000,468800,34511790000,1013736705,0.0
30/08/2024,45900,3449250000,73.9(0.54 %),788500,58538420000,742600,55089170000,1013690805,0.0
04/09/2024,641900,47511620000,74.3(0.54 %),979100,72421870000,337200,24910250000,1011603482,0.0
05/09/2024,1259200,94529130000,74.7(0.54 %),1911600,143420720000,652400,48891590000,1010344282,0.0
06/09/2024,1100500,82657370000,75.4(0.94 %),1367200,102691990000,266700,20034620000,1009243782,0.0
09/09/2024,111700,8339990000,74.8(-0.80 %),475600,35489250000,363900,27149260000,1009132082,0.0
10/09/2024,904600,67895140000,74.9(0.13 %),1168100,87649010000,263500,19753870000,1008227482,0.0
11/09/2024,888700,66188360000,74.6(-0.40 %),1059100,78906840000,170400,12718480000,1007338782,0.0
12/09/2024,-213300,-15909670000,74.7(0.13 %),174600,13053510000,387900,28963180000,1007552082,0.0
13/09/2024,-230800,-17100300000,72.9(-2.41 %),504600,37129840000,735400,54230140000,1007782882,0.0
16/09/2024,680600,49159650000,71.9(-1.37 %),894000,64624860000,213400,15465210000,1007102282,0.0
17/09/2024,308500,22275000000,73.4(2.09 %),494200,35674500000,185700,13399500000,1006793782,0.0
18/09/2024,472400,34723950000,73.3(-0.14 %),1017900,74748070000,545500,40024120000,1006321382,0.0
19/09/2024,-8400,-609830000,73.3(0.00 %),126500,9267090000,134900,9876920000,1006329782,0.0
20/09/2024,-2434800,-177147460000,72.7(-0.82 %),623900,45538790000,3058700,222686250000,1008764582,0.0
23/09/2024,-409700,-29832250000,72.9(0.28 %),283400,20639450000,693100,50471700000,1009174282,0.0
24/09/2024,-107300,-7561750000,70.3(-0.21 %),208200,14658110000,315500,22219860000,1009281582,0.0
25/09/2024,-479200,-33500630000,69.6(-1.00 %),362300,25311790000,841500,58812420000,1009760782,0.0
26/09/2024,1627800,115038100000,70.7(1.58 %),1940500,137077470000,312700,22039370000,1008132982,0.0
27/09/2024,1110600,78831600000,71(0.42 %),1534000,108873780000,423400,30042180000,1007022382,0.0
30/09/2024,-197800,-13946890000,70.1(-1.27 %),69700,4901570000,267500,18848460000,1007220182,0.0
01/10/2024,-169500,-11914610000,70.1(0.00 %),70000,4923830000,239500,16838440000,1007121102,0.0
02/10/2024,129200,9041720000,70.1(0.00 %),351100,24555800000,221900,15514080000,1006991902,0.0
03/10/2024,928000,65135540000,70.3(0.29 %),1248600,87658930000,320600,22523390000,1006063902,0.0
04/10/2024,-786000,-54142350000,68.5(-2.56 %),1077400,74923920000,1863400,129066270000,1006849902,0.0
07/10/2024,-102800,-7175940000,67.1(-2.04 %),818300,55400100000,921100,62576040000,1006952702,0.0
08/10/2024,845300,57368060000,68.2(1.64 %),1306300,88580430000,461000,31212370000,1006107402,0.0
09/10/2024,553500,37645360000,67.8(-0.59 %),1207200,82117370000,653700,44472010000,1005553902,0.0
10/10/2024,-380800,-25980570000,67.7(-0.15 %),365200,24938400000,746000,50918970000,1005934702,0.0
11/10/2024,-877900,-59457390000,67.7(0.00 %),217100,14716550000,1095000,74173940000,1006812602,0.0
14/10/2024,-419100,-28310850000,67.2(-0.74 %),212300,14364040000,631400,42674890000,1007231702,0.0
15/10/2024,-1069000,-71701180000,66.8(-0.60 %),161800,10852580000,1230800,82553760000,1008300702,0.0
16/10/2024,-77800,-5239110000,67.5(1.05 %),355300,24035540000,433100,29274650000,1008378502,0.0
17/10/2024,-301400,-20365260000,67.6(0.15 %),34900,2359190000,336300,22724450000,1008679902,0.0
18/10/2024,-140800,-9525500000,67.4(-0.30 %),70800,4788350000,211600,14313850000,1008820702,0.0
21/10/2024,-100000,-6723230000,67.3(-0.15 %),244900,16570840000,344900,23294070000,1008920702,0.0
22/10/2024,489700,33031520000,67.3(0.00 %),722700,48740520000,233000,15709000000,1008431002,0.0
23/10/2024,122000,8237000000,67.3(0.00 %),493000,33222810000,371000,24985810000,1008309002,0.0
24/10/2024,999200,68465940000,68.4(1.63 %),1585300,108625300000,586100,40159360000,1007309802,0.0
25/10/2024,457400,31188560000,68(-0.58 %),1060900,72349840000,603500,41161280000,1006852402,0.0
28/10/2024,-567000,-37969140000,67.2(-1.18 %),214500,14476270000,781500,52445410000,1007419402,0.0
29/10/2024,-100800,-6745180000,67(-0.30 %),458700,30755940000,559500,37501120000,1007520202,0.0
30/10/2024,-652300,-43503520000,66.3(-1.04 %),363700,24315380000,1016000,67818900000,1008172502,0.0
31/10/2024,176900,11626300000,66.1(-0.30 %),1419300,93423660000,1242400,81797360000,1007995602,0.0
01/11/2024,268400,17745840000,65.8(-0.45 %),537100,35454710000,268700,17708870000,1006505355,0.0
04/11/2024,186600,12429360000,65.6(-0.30 %),651200,43030530000,464600,30601170000,1006318755,0.0
05/11/2024,6300,417040000,65.5(-0.15 %),121200,7957220000,114900,7540180000,1006312455,0.0
06/11/2024,-274800,-17974120000,65.8(0.46 %),97800,6418560000,372600,24392680000,1006587255,0.0
07/11/2024,-132400,-8714340000,65.9(0.15 %),336000,22120210000,468400,30834550000,1006719655,0.0
08/11/2024,-38700,-2538920000,65.7(-0.30 %),283300,18686410000,322000,21225330000,1006758355,0.0
11/11/2024,-496200,-32321600000,65.2(-0.76 %),211900,13808040000,708100,46129640000,1007254555,0.0
12/11/2024,-500100,-32570370000,64.9(-0.46 %),156200,10183330000,656300,42753700000,1012907102,51.53
13/11/2024,510600,33254690000,65(0.15 %),1304400,84870840000,793800,51616150000,1007244055,0.0
14/11/2024,-37200,-2411870000,65(0.00 %),566800,36755200000,604000,39167070000,1007281255,0.0
15/11/2024,-1750700,-112372050000,63.7(-2.00 %),178200,11459210000,1928900,123831260000,1009031955,0.0
18/11/2024,-1701900,-108265260000,63.2(-0.78 %),927400,59034330000,2629300,167299590000,1010733855,0.0
19/11/2024,-717500,-45313910000,63(-0.32 %),780500,49369530000,1498000,94683440000,1011451355,0.0
20/11/2024,226300,14430570000,63.6(0.95 %),1130400,71687580000,904100,57257010000,1011225055,0.0
21/11/2024,401100,25584490000,63.9(0.47 %),925300,59026370000,524200,33441880000,1010823955,0.0
22/11/2024,247600,15996970000,64.3(0.63 %),740700,47794410000,493100,31797440000,1010576355,0.0
25/11/2024,-229900,-14785400000,64.3(0.00 %),1359600,87424980000,1589500,102210380000,1010609261,51.64
26/11/2024,423500,27471870000,64.8(0.78 %),813100,52715060000,389600,25243190000,1010258392,51.66
27/11/2024,655700,42411320000,64.6(-0.31 %),844100,54603560000,188400,12192240000,1010975960,51.63
28/11/2024,75300,4878950000,64.5(-0.15 %),292300,18914960000,217000,14036010000,1011059438,51.62
29/11/2024,-30400,-1965340000,64.6(0.16 %),270300,17444440000,300700,19409780000,1010977528,51.63
02/12/2024,20400,1312610000,64.5(-0.15 %),322000,20761880000,301600,19449270000,1010872525,51.63
03/12/2024,-14000,-891010000,63.9(-0.93 %),732500,46920460000,746500,47811470000,1010440827,51.65
04/12/2024,-1184800,-75174580000,63.3(-0.94 %),99900,6343340000,1284700,81517920000,1010682620,51.64
05/12/2024,-468900,-30011390000,64.3(1.58 %),183600,11700480000,652500,41711870000,1011265862,51.61
09/12/2024,-531800,-34121610000,64.1(0.00 %),71300,4581250000,603100,38702860000,1012855157,51.54
10/12/2024,-530100,-33934730000,63.9(-0.31 %),72200,4630660000,602300,38565390000,1013168862,51.52
16/12/2024,-69600,-4516570000,65(1.25 %),205700,13273150000,275300,17789720000,1013235878,51.52
17/12/2024,-163900,-10585360000,64.6(-0.62 %),365600,23652880000,529500,34238240000,1013310965,51.52
18/12/2024,221800,14397750000,64.7(0.15 %),395800,25685890000,174000,11288140000,1013190191,51.52
19/12/2024,121600,7811400000,63.9(-1.24 %),503900,32363460000,382300,24552060000,1013216078,51.52
20/12/2024,1942500,125920830000,65(1.72 %),3122900,202548850000,1180400,76628020000,1010267316,51.66
24/12/2024,0,0,64.3(-0.16 %),0,0,0,0,1011538083,51.6
25/12/2024,21200,1398660000,64.4(0.16 %),194200,12548570000,173000,11149910000,1011965369,51.58
26/12/2024,-770000,-49219480000,63.8(-0.16 %),177500,11350330000,947500,60569810000,1012474658,51.56
27/12/2024,236200,15177790000,63.8(0.00 %),1383100,88491310000,1146900,73313520000,1011236683,51.61
30/12/2024,-388400,-24652170000,63.3(-0.78 %),165900,10531030000,554300,35183200000,1012004362,51.58
31/12/2024,446500,28439870000,63.4(0.16 %),879700,55934570000,433200,27494700000,1012271801,51.56
02/01/2025,-352100,-22256980000,63.1(-0.47 %),130800,8279680000,482900,30536660000,1012695533,51.54
03/01/2025,-461900,-29107220000,63(-0.16 %),205700,12975690000,667600,42082910000,1012923049,51.53
06/01/2025,-603400,-37877180000,62.5(-0.79 %),152600,9593420000,756000,47470600000,1013225557,51.52
07/01/2025,-1020600,-63460870000,61.7(-1.28 %),310400,19348870000,1331000,82809740000,1013225557,51.52
08/01/2025,-760400,-46852050000,61.7(0.00 %),388300,23946510000,1148700,70798560000,1013922592,51.49
09/01/2025,-718900,-44251320000,61.8(0.16 %),93600,5759740000,812500,50011060000,1015160126,51.43
10/01/2025,-326800,-20134390000,61.3(-0.81 %),156300,9641750000,483100,29776140000,1016176483,51.38
13/01/2025,-34200,-2110430000,61.4(0.16 %),130400,8019950000,164600,10130380000,1016858837,51.35
14/01/2025,-42800,-2628700000,61.6(0.33 %),235100,14456340000,277900,17085040000,1017078723,51.33
15/01/2025,-100400,-6195890000,61.7(0.16 %),54900,3405650000,155300,9601540000,1017174475,51.33
16/01/2025,-161800,-10012630000,61.9(0.32 %),353200,21962760000,515000,31975390000,1017336275,0.0
17/01/2025,31900,1985530000,62(0.16 %),218200,13546330000,186300,11560800000,1017036318,51.34
20/01/2025,-615100,-38029570000,61.9(-0.16 %),98100,6075470000,713200,44105040000,1017453220,51.32
21/01/2025,-5500,-319140000,61.8(-0.16 %),497400,30774550000,502900,31093690000,1017142215,51.33
22/01/2025,335400,20762680000,61.6(-0.32 %),605900,37502760000,270500,16740080000,1017249530,51.33
23/01/2025,-52400,-3237820000,62(0.65 %),200300,12429620000,252700,15667440000,1017552496,51.31
24/01/2025,205300,12837540000,62.2(0.32 %),587500,36592320000,382200,23754780000,1017235496,51.33
03/02/2025,-5181200,-315022830000,0(0.00 %),370000,22493780000,5551200,337516610000,1017118294,51.33
04/02/2025,-5083600,-306375290000,60.2(-0.50 %),440700,26584030000,5524300,332959320000,1017059854,51.34
05/02/2025,46900,2934190000,61.5(2.16 %),1377000,84060760000,1330100,81126570000,1021066356,51.14
06/02/2025,-1011000,-61465760000,60.7(-1.30 %),467700,28444950000,1478700,89910710000,1026057912,50.91
07/02/2025,47100,2975300000,60.8(0.16 %),728500,44395520000,681400,41420220000,1026659557,50.88
10/02/2025,-433100,-26270970000,60.6(-0.33 %),86200,5235400000,519300,31506370000,1028252038,50.8
11/02/2025,-1614400,-97343640000,60.4(-0.33 %),159800,9646620000,1774200,106990260000,1028747718,50.78
12/02/2025,749500,45509220000,61(0.99 %),1354600,82261390000,605100,36752170000,1027781338,50.82
13/02/2025,-1108000,-67097590000,60.7(-0.49 %),466100,28244910000,1574100,95342500000,1029075256,50.76
14/02/2025,-4703500,-284552730000,60.3(-0.66 %),289900,17551070000,4993400,302103800000,1029390601,50.75
17/02/2025,-1674400,-100748610000,60(-0.50 %),299000,18002810000,1973400,118751420000,1030639785,50.69
18/02/2025,-697800,-42042290000,60.3(0.50 %),551100,33243280000,1248900,75285570000,1035097459,50.47
19/02/2025,-200300,-12115480000,60.8(0.83 %),733800,44497640000,934100,56613120000,1036324081,50.41
20/02/2025,-643400,-39090740000,60.7(-0.16 %),211000,12828150000,854400,51918890000,1037362100,50.36
21/02/2025,123300,7505170000,61.4(1.15 %),828500,50781760000,705200,43276590000,1037467854,50.36
24/02/2025,3075900,192616640000,63.8(3.91 %),4150400,260069740000,1074500,67453100000,1034171813,50.52
25/02/2025,-503900,-31657660000,62.9(-1.41 %),277600,17590040000,781500,49247700000,1034592568,50.5
26/02/2025,1593200,100411120000,63.1(0.32 %),2275300,143451200000,682100,43040080000,1033391812,50.55
27/02/2025,-1453100,-90717770000,62.2(-1.43 %),149300,9332610000,1602400,100050380000,1034011273,50.52
28/02/2025,-21700,-1054850000,62.2(0.00 %),1006200,63182510000,1027900,64237360000,1033687149,50.54
03/03/2025,-9800,-591540000,63.2(1.61 %),229200,14349890000,239000,14941430000,1035060360,50.47
04/03/2025,1968900,124668240000,63.5(0.47 %),2964400,187794160000,995500,63125920000,1032923770,50.58
05/03/2025,-499800,-31544580000,62.7(-1.26 %),89700,5660620000,589500,37205200000,1033073017,50.57
06/03/2025,-1214800,-75842990000,62.9(0.32 %),117100,7314190000,1331900,83157180000,1033951715,50.53
07/03/2025,-587600,-36788980000,62.7(-0.32 %),43000,2690810000,630600,39479790000,1034498295,50.5
10/03/2025,-559000,-35074930000,62.5(-0.32 %),171600,10755860000,730600,45830790000,1035660127,50.45
11/03/2025,-204700,-12766080000,62.4(-0.16 %),285000,17755860000,489700,30521940000,1035660127,50.45
12/03/2025,-996900,-62228760000,62.2(-0.32 %),80600,5025750000,1077500,67254510000,1036658102,50.4
13/03/2025,-2302823,-143402946200,62(-0.32 %),265616,16528847600,2568439,159931793800,1036882240,50.39
14/03/2025,-263600,-16402940000,62.1(0.16 %),239500,14960400000,503100,31363340000,1037724392,50.35
17/03/2025,368500,23118260000,63(1.45 %),1010100,63453630000,641600,40335370000,1039282167,50.27
18/03/2025,-275700,-17283900000,62.5(-0.79 %),750800,47115210000,1026500,64399110000,1039035463,50.28
19/03/2025,-563000,-35032660000,62.3(-0.32 %),194300,12094500000,757300,47127160000,1039483104,50.26
20/03/2025,-344200,-21245190000,61.8(-0.80 %),870600,53818130000,1214800,75063320000,1039631986,50.26
21/03/2025,-723100,-44366110000,61.3(-0.81 %),981800,60314670000,1704900,104680780000,1039396552,50.27
24/03/2025,-589100,-36156580000,61.4(0.16 %),32100,1969110000,621200,38125690000,1040585052,50.21
25/03/2025,-590300,-36226000000,61.4(0.00 %),202000,12402190000,792300,48628190000,1042070797,50.14
26/03/2025,-394800,-24191660000,61.2(-0.33 %),187000,11515470000,581800,35707130000,1042507660,50.12
27/03/2025,-233300,-14267040000,61.1(-0.16 %),205900,12596880000,439200,26863920000,1043069691,50.09
28/03/2025,-2439800,-147689400000,60.3(-1.31 %),247400,14974080000,2687200,162663480000,1043393070,50.08
31/03/2025,-2714800,-165182430000,60.6(0.50 %),129600,7882270000,2844400,173064700000,1043704220,50.06
01/04/2025,-832500,-50539730000,60.8(0.33 %),198700,12071470000,1031200,62611200000,1046202288,49.94
02/04/2025,-1154100,-70117080000,60.5(-0.49 %),461100,28003430000,1615200,98120510000,1048563376,49.83
03/04/2025,-5404500,-308348150000,56.5(-6.61 %),764900,44205920000,6169400,352554070000,1048836242,49.82
04/04/2025,292500,17876040000,58.5(3.54 %),1397200,79910790000,1104700,62034750000,1049028286,49.81
08/04/2025,-2990400,-164523770000,54.5(-6.84 %),1076500,59340140000,4066900,223863910000,1054082379,49.56
09/04/2025,-1368600,-71751590000,52(-4.59 %),2204600,117519970000,3573200,189271560000,1052945593,49.62
10/04/2025,-1081300,-60120280000,55.6(6.92 %),1000,55600000,1082300,60175880000,1056948533,49.43
11/04/2025,646800,36830230000,57.5(3.42 %),1147800,65594660000,501000,28764430000,1059373856,49.31
14/04/2025,-1874700,-106782090000,56.9(-1.04 %),817400,46561290000,2692100,153343380000,1060038858,49.28
15/04/2025,-328900,-18625180000,56.3(-1.05 %),316000,17972390000,644900,36597570000,1060223822,49.27
16/04/2025,-743300,-41949630000,56(-0.53 %),178700,10148910000,922000,52098540000,1062937286,49.14
17/04/2025,-2160600,-119677510000,56(0.00 %),1571700,87726940000,3732300,207404450000,1062010408,49.19
18/04/2025,136300,7775730000,56.6(1.07 %),964200,54938500000,827900,47162770000,1061968421,49.19
21/04/2025,-711300,-40306830000,56.7(0.18 %),213700,12144040000,925000,52450870000,1065486996,49.02
22/04/2025,-1089800,-60098430000,56(-1.23 %),479700,26615220000,1569500,86713650000,1065835051,49.0
23/04/2025,587700,33602870000,56.4(0.71 %),959000,54603610000,371300,21000740000,1065808051,49.0
24/04/2025,-138200,-7803420000,56.3(-0.18 %),87300,4927060000,225500,12730480000,1067290373,48.93
25/04/2025,-667100,-38512350000,58.3(3.55 %),414500,23753570000,1081600,62265920000,1067263471,48.93
28/04/2025,-934600,-53912630000,57.5(-1.37 %),57300,3303560000,991900,57216190000,1067431604,48.93
29/04/2025,231400,13332800000,57.6(0.17 %),308800,17785890000,77400,4453090000,1068229390,48.89
05/05/2025,187593,-57151272700,56.9(-1.22 %),187593,10725879000,0,67877151700,1069221370,48.84
06/05/2025,-461000,-26292400000,56.9(0.00 %),116000,6616210000,577000,32908610000,1069298770,48.84
07/05/2025,15800,917400000,57.2(0.53 %),835900,47774490000,820100,46857090000,1070287957,48.79
08/05/2025,-382100,-21929520000,57.4(0.35 %),462200,26537860000,844300,48467380000,1070748975,48.77
09/05/2025,-549700,-31771720000,57.7(0.52 %),306900,17825220000,856600,49596940000,1070748975,48.77
12/05/2025,704900,41063250000,58.6(1.56 %),1820210,106159822500,1115310,65096572500,1070426130,48.78
13/05/2025,-51800,-2993720000,58.5(-0.17 %),538000,31583450000,589800,34577170000,1070977837,48.76
14/05/2025,-1977800,-111385310000,56.2(-0.53 %),521900,29401270000,2499700,140786580000,1070975235,48.76
15/05/2025,408560,-46725211500,56.8(1.07 %),408560,23062343400,0,69787554900,1071027034,48.75
16/05/2025,140878,-47835801400,56.2(-1.06 %),140878,7964388600,0,55800190000,1073004868,48.66
19/05/2025,137000,-5737466000,56(-0.36 %),137000,7729250000,0,13466716000,1073832240,48.62
20/05/2025,2397808,-5357737800,55.9(-0.18 %),2397808,134207413200,0,139565151000,1074681362,48.58
21/05/2025,1312680,-30852556000,55.4(-0.89 %),1312680,73093160000,0,103945716000,1074783929,48.57
22/05/2025,356360,-27170297900,55(-0.72 %),356360,19683961200,0,46854259100,1074879567,48.57
23/05/2025,241800,13370270000,55.3(0.55 %),336800,18619460000,95000,5249190000,1075194312,48.55
26/05/2025,317550,-12639454000,55.7(0.72 %),317550,17588560000,0,30228014000,1075686541,48.53
27/05/2025,-1432100,-79539110000,55.4(-0.54 %),99700,5562530000,1531800,85101640000,1075686541,48.53
28/05/2025,63670,-82291954200,55.2(-0.36 %),63670,3528293000,0,85820247200,1075914601,48.52
29/05/2025,762309,-27880570300,55.1(-0.18 %),762309,42074048500,0,69954618800,1077348274,48.45
30/05/2025,381454,-29320406700,54.9(-0.36 %),381454,20973125000,0,50293531700,1078835680,48.38
02/06/2025,50800,-7160373800,54.6(-0.55 %),50800,2782300000,0,9942673800,1079341043,48.36
03/06/2025,1375580,60511167300,55.5(1.65 %),1375580,76347815000,0,15836647700,1078783257,48.38
04/06/2025,1449345,34339567700,56.9(2.52 %),1449345,81693037500,0,47353469800,1078295718,48.41
05/06/2025,108910,-12412459500,56.3(-1.05 %),108910,6168606000,0,18581065500,1078297218,48.41
06/06/2025,76634,-29521996500,55.3(-1.78 %),76634,4271706900,0,33793703400,1078297218,48.41
09/06/2025,529352,-769862400,55.3(0.00 %),529352,29503916400,0,30273778800,1078516236,48.4
10/06/2025,374707,-15624550600,55.3(0.00 %),374707,20790084200,0,36414634800,1079046020,48.37
11/06/2025,-589700,-32566570000,55.2(-0.18 %),20700,1144670000,610400,33711240000,1079060095,48.37
12/06/2025,778200,43507200000,55.9(1.27 %),815800,45604920000,37600,2097720000,1078562169,48.39
13/06/2025,481800,26730080000,55.5(-0.72 %),803600,44559690000,321800,17829610000,1078670128,48.39
16/06/2025,1096000,61522330000,56.3(1.44 %),1138600,63903140000,42600,2380810000,1077574098,48.44
17/06/2025,346500,19541290000,56.2(-0.18 %),748800,42172030000,402300,22630740000,1077235356,48.46
18/06/2025,-783200,-43733300000,56(-0.36 %),660700,37283900000,1443900,81017200000,1077235356,48.46
19/06/2025,-265400,-14821920000,56.1(0.18 %),68900,3854720000,334300,18676640000,1077235356,48.46
20/06/2025,1451900,82256080000,56.6(0.89 %),2352700,133154960000,900800,50898880000,1076566680,48.49
23/06/2025,-787000,-44048610000,55.9(-1.24 %),103700,5808400000,890700,49857010000,1076832363,48.48
24/06/2025,597000,33641130000,56.4(0.89 %),698500,39355880000,101500,5714750000,1076233530,48.5
25/06/2025,-655300,-37603880000,56.8(0.71 %),195800,11144330000,851100,48748210000,1077014512,48.47
26/06/2025,-1189100,-67213940000,56.4(-0.70 %),62000,3499680000,1251100,70713620000,1077014512,48.47
27/06/2025,281900,16600540000,57.8(2.48 %),1064000,61283170000,782100,44682630000,1077387277,48.45
30/06/2025,-1306,-2982520,58(0.35 %),4662,7030751,5968,10013271,1078576460,48.39
01/07/2025,-40900,-2387510000,57.5(-0.86 %),212500,12246350000,253400,14633860000,1078576460,48.39
02/07/2025,647500,37253580000,57.7(0.35 %),751400,43237960000,103900,5984380000,1078227387,48.41
03/07/2025,569100,32876300000,57.5(-0.35 %),698100,40368470000,129000,7492170000,1077699367,48.43
04/07/2025,-289000,-16616070000,57.8(0.52 %),146900,8455830000,435900,25071900000,1077699367,48.43
07/07/2025,-42800,-2456000000,57.9(0.17 %),299600,17358890000,342400,19814890000,1077699367,48.43
08/07/2025,621800,36143520000,59(1.90 %),1402000,81910540000,780200,45767020000,1077366673,48.45
09/07/2025,876600,52488000000,60.2(2.03 %),1308500,78268040000,431900,25780040000,1076532289,48.49
10/07/2025,-359900,-21697580000,59.7(-0.83 %),262500,15757690000,622400,37455270000,1076532289,48.49
11/07/2025,-641800,-38580250000,59.8(0.17 %),789900,47467060000,1431700,86047310000,1076532289,48.49
14/07/2025,265600,15742710000,60.3(0.84 %),681100,40709430000,415500,24966720000,1076626473,48.49
15/07/2025,720000,43658010000,60.1(-0.33 %),1038600,62943530000,318600,19285520000,1076548602,48.49
16/07/2025,-186100,-11150460000,60.1(0.00 %),18700,1120000000,204800,12270460000,1076568602,48.49
17/07/2025,-216800,-13026690000,60.1(0.00 %),741800,44603300000,958600,57629990000,1076568602,48.49
18/07/2025,-285500,-17484710000,60.2(0.17 %),484600,29227270000,770100,46711980000,1076717134,48.48
21/07/2025,-223900,-13375080000,60(-0.33 %),1277600,76977080000,1501500,90352160000,1076931175,48.47
22/07/2025,483100,28866320000,60.2(0.33 %),710400,42479070000,227300,13612750000,1076733518,48.48
23/07/2025,1748200,105766790000,61.7(2.49 %),2228700,135210540000,480500,29443750000,1075207892,48.55
24/07/2025,2797300,176273950000,63.7(3.24 %),3399900,214423840000,602600,38149890000,1072410720,48.69
25/07/2025,851000,54078020000,63.2(-0.78 %),1354500,85986170000,503500,31908150000,1071559704,48.73
28/07/2025,1189300,75136330000,63.3(0.16 %),2690200,170165110000,1500900,95028780000,1070326547,48.79
29/07/2025,3839900,242648030000,63.2(-0.16 %),5031400,318127640000,1191500,75479610000,1066484333,48.97
30/07/2025,1818400,114719260000,62.9(-0.47 %),2467300,155658430000,648900,40939170000,1064665975,49.06
31/07/2025,219700,12913170000,61.2(-2.70 %),1186600,72481450000,966900,59568280000,1064446271,49.07
01/08/2025,-555700,-33553990000,60(-1.96 %),78100,4728590000,633800,38282580000,1064446271,49.07
04/08/2025,3000,144150000,60.4(0.67 %),330900,19949670000,327900,19805520000,1064443248,49.07
05/08/2025,-1835000,-111101110000,60.1(-0.50 %),259800,15804180000,2094800,126905290000,1064998977,49.04
06/08/2025,107100,6585160000,61.3(2.00 %),624600,38264400000,517500,31679240000,1064891922,49.05
07/08/2025,-806700,-49351900000,60.9(-0.65 %),154400,9434600000,961100,58786500000,1066712792,48.96
08/08/2025,-415600,-25365800000,60.8(-0.16 %),1052600,64360840000,1468200,89726640000,1066712792,48.96
11/08/2025,-110200,-6733720000,61.5(1.15 %),445800,27423530000,556000,34157250000,1067516430,48.92
12/08/2025,-194200,-11966870000,61.8(0.49 %),187100,11578370000,381300,23545240000,1067925306,48.9
13/08/2025,-133400,-8241320000,61.1(-1.13 %),406700,25023210000,540100,33264530000,1068035626,48.9
14/08/2025,535900,32984300000,0(0.00 %),1228900,75722480000,693000,42738180000,1067691134,48.91
15/08/2025,-319100,-19651140000,61(-1.13 %),367200,22534310000,686300,42185450000,1067824422,48.91
18/08/2025,-517300,-31445660000,60.7(-0.49 %),177200,10819740000,694500,42265400000,1067824422,48.91
19/08/2025,-999600,-60538680000,60.5(-0.33 %),464800,28213910000,1464400,88752590000,1068143471,48.89
20/08/2025,-570000,-34424940000,60(-0.83 %),470900,28292590000,1040900,62717530000,1068625793,48.87
21/08/2025,-1084100,-64851950000,60.1(0.17 %),351400,21118990000,1435500,85970940000,1069619761,48.82
22/08/2025,-1636500,-96826400000,58.7(-2.33 %),189700,11224290000,1826200,108050690000,1069619761,48.82
25/08/2025,-69100,-4098880000,58.7(0.00 %),99100,5868000000,168200,9966880000,1070189728,48.79
26/08/2025,444300,26342010000,0(-100.00 %),894600,53152800000,450300,26810790000,1071273839,48.74
