Ngay,KLGDRong,GTDGRong,ThayDoi,KLMua,GtMua,KLBan,GtBan,RoomConLai,DangSoHuu
07/12/2006,10000,900000,0(0.00 %),10000,900000,0,0,0,0.0
12/12/2006,100,10300,0(0.00 %),100,10300,0,0,0,0.0
13/12/2006,1500,162000,0(0.00 %),1500,162000,0,0,0,0.0
14/12/2006,3000,339000,0(0.00 %),3000,339000,0,0,0,0.0
15/12/2006,10,1150,0(0.00 %),10,1150,0,0,0,0.0
18/12/2006,36030,3999300,0(0.00 %),36030,3999300,0,0,0,0.0
19/12/2006,11000,1166000,0(0.00 %),11000,1166000,0,0,0,0.0
20/12/2006,10,1020,0(0.00 %),10,1020,0,0,0,0.0
21/12/2006,19900,2129300,0(0.00 %),20000,2140000,100,10700,0,0.0
22/12/2006,70000,7140000,0(0.00 %),70000,7140000,0,0,0,0.0
25/12/2006,18690,1812930,0(0.00 %),18690,1812930,0,0,0,0.0
26/12/2006,29140,3117980,0(0.00 %),29140,3117980,0,0,0,0.0
27/12/2006,34900,3809300,0(0.00 %),34900,3809300,0,0,0,0.0
28/12/2006,26700,2937000,0(0.00 %),26700,2937000,0,0,0,0.0
29/12/2006,8240,914030,0(0.00 %),8240,914030,0,0,0,0.0
01/03/2007,0,0,129(0.00 %),0,0,0,0,0,0.0
02/03/2007,0,0,127(-1.55 %),0,0,0,0,0,0.0
05/03/2007,0,0,130(2.36 %),0,0,0,0,0,0.0
06/03/2007,0,0,129(-0.77 %),200000,25800000000,200000,25800000000,0,0.0
07/03/2007,0,0,126(-2.33 %),200000,25200000000,200000,25200000000,0,0.0
08/03/2007,0,0,130(3.17 %),200000,26000000000,200000,26000000000,0,0.0
09/03/2007,0,0,130(0.00 %),388520,50507600000,388520,50507600000,0,0.0
12/03/2007,-20000,-2640000000,132(1.54 %),0,0,20000,2640000000,0,0.0
13/03/2007,-12000,-1632000000,136(3.03 %),0,0,12000,1632000000,0,0.0
14/03/2007,-19000,-2554000000,132(-2.94 %),0,0,19000,2554000000,0,0.0
15/03/2007,0,0,126(-4.55 %),0,0,0,0,0,0.0
16/03/2007,0,0,132(4.76 %),0,0,0,0,0,0.0
19/03/2007,0,0,137(3.79 %),0,0,0,0,0,0.0
20/03/2007,530,69960000,132(-3.65 %),530,69960000,0,0,0,0.0
21/03/2007,5500,713500000,130(-1.52 %),5500,713500000,0,0,0,0.0
22/03/2007,51570,6962450000,135(3.85 %),51570,6962450000,0,0,0,0.0
23/03/2007,72440,9774520000,133(-1.48 %),72440,9774520000,0,0,0,0.0
26/03/2007,100,12800000,127(-4.51 %),100,12800000,0,0,0,0.0
27/03/2007,54000,6610350000,120(-4.76 %),54000,6610350000,0,0,0,0.0
28/03/2007,0,0,114(-5.00 %),0,0,0,0,0,0.0
29/03/2007,-39900,-4748100000,119(4.39 %),100,11900000,40000,4760000000,0,0.0
30/03/2007,99500,12274300000,122(2.52 %),100000,12336300000,500,62000000,0,0.0
02/04/2007,107500,13760000000,128(4.92 %),116500,14912000000,9000,1152000000,0,0.0
03/04/2007,90000,11676120000,128(0.00 %),100000,12976120000,10000,1300000000,0,0.0
04/04/2007,40230,5149440000,129(0.78 %),40230,5149440000,0,0,0,0.0
05/04/2007,0,0,126(-2.33 %),0,0,0,0,0,0.0
06/04/2007,100000,12743120000,128(1.59 %),100000,12743120000,0,0,0,0.0
09/04/2007,0,0,127(-0.78 %),0,0,0,0,0,0.0
10/04/2007,0,0,124(-2.36 %),0,0,0,0,0,0.0
11/04/2007,-600,-74400000,124(0.00 %),0,0,600,74400000,0,0.0
12/04/2007,0,0,120(-3.23 %),0,0,0,0,0,0.0
13/04/2007,80540,9894680000,123(2.50 %),80540,9894680000,0,0,0,0.0
16/04/2007,0,0,117(-4.88 %),0,0,0,0,0,0.0
17/04/2007,25630,3013190000,118(0.85 %),25980,3054490000,350,41300000,0,0.0
18/04/2007,9770,1201710000,123(4.24 %),9770,1201710000,0,0,0,0.0
19/04/2007,0,0,122(-0.81 %),0,0,0,0,0,0.0
20/04/2007,40000,4978580000,122(0.00 %),40000,4978580000,0,0,0,0.0
23/04/2007,5910,703290000,119(-2.46 %),5910,703290000,0,0,0,0.0
24/04/2007,100,12000000,120(0.84 %),100,12000000,0,0,0,0.0
25/04/2007,43180,5389500000,126(5.00 %),43180,5389500000,0,0,0,0.0
02/05/2007,40000,5200000000,130(3.17 %),40000,5200000000,0,0,0,0.0
03/05/2007,0,0,126(-3.08 %),0,0,0,0,0,0.0
04/05/2007,30300,3908700000,129(2.38 %),30300,3908700000,0,0,0,0.0
07/05/2007,101060,13501020000,135(4.65 %),101060,13501020000,0,0,0,0.0
08/05/2007,300,39900000,133(-1.48 %),300,39900000,0,0,0,0.0
09/05/2007,0,0,129(-3.01 %),0,0,0,0,0,0.0
10/05/2007,2000,258000000,126(-2.33 %),2000,258000000,0,0,0,0.0
11/05/2007,0,0,129(2.38 %),0,0,0,0,0,0.0
14/05/2007,9130,1177770000,129(0.00 %),9130,1177770000,0,0,0,0.0
15/05/2007,12400,1599600000,129(0.00 %),12400,1599600000,0,0,0,0.0
16/05/2007,12400,1587200000,128(-0.78 %),12400,1587200000,0,0,0,0.0
17/05/2007,99000,12949200000,132(3.12 %),99000,12949200000,0,0,0,0.0
18/05/2007,490,64680000,132(0.00 %),500,66000000,10,1320000,0,0.0
21/05/2007,17390,2283360000,132(0.00 %),17390,2283360000,0,0,0,0.0
22/05/2007,23180,3106100000,133(0.76 %),23180,3106100000,0,0,0,0.0
23/05/2007,15340,2035220000,132(-0.75 %),23020,3053980000,7680,1018760000,0,0.0
24/05/2007,-2000,-259000000,129(-2.27 %),11590,1498970000,13590,1757970000,0,0.0
25/05/2007,30060,3919650000,133(3.10 %),30060,3919650000,0,0,0,0.0
28/05/2007,-2110,-274300000,130(-2.26 %),11510,1496300000,13620,1770600000,0,0.0
29/05/2007,10000,1300000000,130(0.00 %),50000,6500000000,40000,5200000000,0,0.0
30/05/2007,-26320,-3332640000,127(-2.31 %),0,0,26320,3332640000,0,0.0
31/05/2007,-11790,-1497330000,127(0.00 %),0,0,11790,1497330000,0,0.0
01/06/2007,-20000,-2520000000,126(-0.79 %),0,0,20000,2520000000,0,0.0
04/06/2007,-1230,-154580000,125(-0.79 %),0,0,1230,154580000,0,0.0
05/06/2007,13320,1678320000,126(0.80 %),18320,2308320000,5000,630000000,0,0.0
06/06/2007,-4700,-583300000,126(0.00 %),20300,2557800000,25000,3141100000,0,0.0
07/06/2007,-13260,-1647500000,125(-0.79 %),0,0,13260,1647500000,0,0.0
08/06/2007,-8030,-987890000,125(0.00 %),46970,5871250000,55000,6859140000,0,0.0
11/06/2007,-470,-58750000,124(-0.80 %),3030,378750000,3500,437500000,0,0.0
12/06/2007,-10180,-1237120000,124(0.00 %),36820,4565680000,47000,5802800000,0,0.0
13/06/2007,15550,1943520000,125(0.81 %),33180,4139270000,17630,2195750000,0,0.0
14/06/2007,1550,194140000,125(0.00 %),32000,4000000000,30450,3805860000,0,0.0
15/06/2007,20700,2587200000,125(0.00 %),37700,4712200000,17000,2125000000,0,0.0
18/06/2007,22150,2771670000,124(-0.80 %),62400,7800000000,40250,5028330000,0,0.0
19/06/2007,-3950,-486200000,123(-0.81 %),200,24600000,4150,510800000,0,0.0
20/06/2007,-6600,-811800000,123(0.00 %),700,86100000,7300,897900000,0,0.0
21/06/2007,0,0,121(-1.63 %),0,0,0,0,0,0.0
22/06/2007,-14000,-1675620000,120(-0.83 %),0,0,14000,1675620000,0,0.0
25/06/2007,-780,-93600000,120(0.00 %),0,0,780,93600000,0,0.0
26/06/2007,-9420,-1151820000,121(0.83 %),600,75600000,10020,1227420000,0,0.0
27/06/2007,260,31980000,123(1.65 %),260,31980000,0,0,0,0.0
28/06/2007,600,72650000,120(-2.44 %),600,72650000,0,0,0,0.0
29/06/2007,0,0,120(0.00 %),0,0,0,0,0,0.0
02/07/2007,0,0,116(-3.33 %),0,0,0,0,0,0.0
03/07/2007,100,11400000,112(-3.45 %),100,11400000,0,0,0,0.0
04/07/2007,-1000,-115000000,116(3.57 %),0,0,1000,115000000,0,0.0
05/07/2007,0,0,115(-0.86 %),0,0,0,0,0,0.0
06/07/2007,0,0,115(0.00 %),0,0,0,0,0,0.0
09/07/2007,-10,-1150000,115(0.00 %),0,0,10,1150000,0,0.0
10/07/2007,0,0,116(0.87 %),0,0,0,0,0,0.0
11/07/2007,-2000,-234000000,117(0.86 %),0,0,2000,234000000,0,0.0
12/07/2007,0,0,115(-1.71 %),0,0,0,0,0,0.0
13/07/2007,0,0,115(0.00 %),0,0,0,0,0,0.0
16/07/2007,0,0,113(-1.74 %),0,0,0,0,0,0.0
17/07/2007,20,2260000,114(0.88 %),20,2260000,0,0,0,0.0
18/07/2007,0,0,113(-0.88 %),0,0,0,0,0,0.0
19/07/2007,0,0,112(-0.88 %),0,0,0,0,0,0.0
20/07/2007,0,0,112(0.00 %),0,0,0,0,0,0.0
23/07/2007,11270,1318590000,117(4.46 %),11270,1318590000,0,0,0,0.0
24/07/2007,-13600,-1645980000,122(4.27 %),42070,5118520000,55670,6764500000,0,0.0
25/07/2007,17340,2115480000,122(0.00 %),27340,3335480000,10000,1220000000,0,0.0
26/07/2007,13110,1555720000,118(-3.28 %),13110,1555720000,0,0,0,0.0
27/07/2007,0,0,115(-2.54 %),0,0,0,0,0,0.0
30/07/2007,0,0,110(-4.35 %),0,0,0,0,0,0.0
31/07/2007,9870,1036350000,105(-4.55 %),9870,1036350000,0,0,0,0.0
01/08/2007,0,0,107(1.90 %),0,0,0,0,0,0.0
02/08/2007,0,0,109(1.87 %),0,0,0,0,0,0.0
03/08/2007,20,2080000,104(-4.59 %),20,2080000,0,0,0,0.0
06/08/2007,20,2100000,102(-1.92 %),20,2100000,0,0,0,0.0
07/08/2007,0,0,105(2.94 %),0,0,0,0,0,0.0
08/08/2007,0,0,105(0.00 %),0,0,0,0,0,0.0
09/08/2007,24520,2678230000,110(4.76 %),24520,2678230000,0,0,0,0.0
10/08/2007,61360,7030480000,115(4.55 %),61360,7030480000,0,0,0,0.0
13/08/2007,0,0,110(-4.35 %),0,0,0,0,0,0.0
14/08/2007,0,0,113(2.73 %),0,0,0,0,0,0.0
15/08/2007,0,0,113(0.00 %),0,0,0,0,0,0.0
16/08/2007,100,11200000,112(-0.88 %),100,11200000,0,0,0,0.0
17/08/2007,0,0,110(-1.79 %),0,0,0,0,0,0.0
20/08/2007,0,0,110(0.00 %),0,0,0,0,0,0.0
21/08/2007,-5380,-591800000,110(0.00 %),0,0,5380,591800000,0,0.0
22/08/2007,-7900,-869000000,110(0.00 %),0,0,7900,869000000,0,0.0
23/08/2007,0,0,108(-1.82 %),0,0,0,0,0,0.0
24/08/2007,2760,385180000,113(4.63 %),73360,8212980000,70600,7827800000,0,0.0
27/08/2007,-670,-75040000,112(-0.88 %),0,0,670,75040000,0,0.0
28/08/2007,8690,980600000,112(0.00 %),100150,11224120000,91460,10243520000,0,0.0
29/08/2007,-13840,-1536240000,111(-0.89 %),10,1110000,13850,1537350000,0,0.0
30/08/2007,-14810,-1643910000,111(0.00 %),0,0,14810,1643910000,0,0.0
31/08/2007,-1400,-156800000,112(0.90 %),0,0,1400,156800000,0,0.0
04/09/2007,0,0,112(0.00 %),0,0,0,0,0,0.0
05/09/2007,100,11100000,111(-0.89 %),100,11100000,0,0,0,0.0
06/09/2007,-9740,-1081140000,111(0.00 %),0,0,9740,1081140000,0,0.0
07/09/2007,1000,111000000,111(0.00 %),1000,111000000,0,0,0,0.0
10/09/2007,-6240,-692640000,111(0.00 %),0,0,6240,692640000,0,0.0
11/09/2007,-3620,-398200000,110(-0.90 %),0,0,3620,398200000,0,0.0
12/09/2007,0,0,110(0.00 %),0,0,0,0,0,0.0
13/09/2007,0,0,109(-0.91 %),0,0,0,0,0,0.0
14/09/2007,200,21600000,108(-0.92 %),200,21600000,0,0,0,0.0
17/09/2007,-13900,-1501200000,108(0.00 %),1100,118800000,15000,1620000000,0,0.0
18/09/2007,0,0,109(0.93 %),0,0,0,0,0,0.0
19/09/2007,-9550,-1040950000,109(0.00 %),0,0,9550,1040950000,0,0.0
20/09/2007,-52370,-5782350000,111(1.83 %),16280,1795800000,68650,7578150000,0,0.0
21/09/2007,-11580,-1297040000,111(0.00 %),14900,1653720000,26480,2950760000,0,0.0
24/09/2007,-28480,-3218240000,113(1.80 %),13000,1469000000,41480,4687240000,0,0.0
25/09/2007,-50000,-5900000000,118(4.42 %),0,0,50000,5900000000,0,0.0
26/09/2007,-41580,-5046250000,120(1.69 %),2150,261350000,43730,5307600000,0,0.0
27/09/2007,29270,3617300000,123(2.50 %),29270,3617300000,0,0,0,0.0
28/09/2007,32000,3956140000,126(2.44 %),32000,3956140000,0,0,0,0.0
01/10/2007,4570,595390000,127(0.79 %),34010,4334270000,29440,3738880000,0,0.0
02/10/2007,1540,187050000,124(-2.36 %),1540,187050000,0,0,0,0.0
03/10/2007,-240,-27300000,122(-1.61 %),770,93920000,1010,121220000,0,0.0
04/10/2007,21540,2668240000,123(0.82 %),33660,4183240000,12120,1515000000,0,0.0
05/10/2007,15050,1863100000,122(-0.81 %),15050,1863100000,0,0,0,0.0
08/10/2007,14270,1748740000,123(0.82 %),14270,1748740000,0,0,0,0.0
09/10/2007,540,65400000,121(-1.63 %),540,65400000,0,0,0,0.0
10/10/2007,0,0,108(4.85 %),0,0,0,0,0,0.0
11/10/2007,21300,2403000000,110(1.85 %),21300,2403000000,0,0,0,0.0
12/10/2007,4820,530200000,111(0.91 %),4820,530200000,0,0,0,0.0
15/10/2007,10000,1120000000,110(-0.90 %),10000,1120000000,0,0,0,0.0
16/10/2007,0,0,109(-0.91 %),0,0,0,0,0,0.0
17/10/2007,1300,140400000,106(-2.75 %),2000,216000000,700,75600000,0,0.0
18/10/2007,40140,4389860000,110(3.77 %),40740,4452860000,600,63000000,0,0.0
19/10/2007,0,0,108(-1.82 %),0,0,0,0,0,0.0
22/10/2007,5000,550000000,108(0.00 %),5000,550000000,0,0,0,0.0
23/10/2007,-100,-10800000,106(-1.85 %),0,0,100,10800000,0,0.0
24/10/2007,0,0,107(0.94 %),0,0,0,0,0,0.0
25/10/2007,0,0,112(4.67 %),0,0,0,0,0,0.0
26/10/2007,-300,-34500000,114(1.79 %),0,0,300,34500000,0,0.0
29/10/2007,900,99900000,112(-1.75 %),900,99900000,0,0,0,0.0
30/10/2007,23800,2664600000,112(0.00 %),23800,2664600000,0,0,0,0.0
31/10/2007,2000,221470000,109(-2.68 %),2000,221470000,0,0,0,0.0
01/11/2007,4000,448000000,109(0.00 %),4000,448000000,0,0,0,0.0
02/11/2007,10400,1143230000,110(0.92 %),10400,1143230000,0,0,0,0.0
05/11/2007,-40210,-4223150000,105(-4.55 %),14700,1543500000,54910,5766650000,0,0.0
06/11/2007,-59340,-5930620000,100(-4.76 %),20340,2074540000,79680,8005160000,0,0.0
07/11/2007,-23540,-2388420000,102(2.00 %),0,0,23540,2388420000,0,0.0
08/11/2007,-2000,-202000000,102(0.00 %),0,0,2000,202000000,0,0.0
09/11/2007,-6780,-671220000,99(-2.94 %),0,0,6780,671220000,0,0.0
12/11/2007,0,0,94.5(-4.55 %),0,0,0,0,0,0.0
13/11/2007,5100,492150000,93.5(-1.06 %),5100,492150000,0,0,0,0.0
14/11/2007,0,0,98(4.81 %),0,0,0,0,0,0.0
15/11/2007,0,0,95(-3.06 %),0,0,0,0,0,0.0
16/11/2007,-150,-14100000,94.5(-0.53 %),0,0,150,14100000,0,0.0
19/11/2007,-4000,-376000000,94(-0.53 %),0,0,4000,376000000,0,0.0
20/11/2007,200,19000000,94(0.00 %),200,19000000,0,0,0,0.0
21/11/2007,0,0,91.5(-2.66 %),0,0,0,0,0,0.0
22/11/2007,2860,267110000,92.5(1.09 %),2860,267110000,0,0,0,0.0
23/11/2007,4620,427040000,93(0.54 %),4620,427040000,0,0,0,0.0
26/11/2007,5000,473000000,96(3.23 %),5000,473000000,0,0,0,0.0
27/11/2007,960,93330000,96(0.00 %),960,93330000,0,0,0,0.0
28/11/2007,0,0,96(0.00 %),0,0,0,0,0,0.0
29/11/2007,0,0,95(-1.04 %),0,0,0,0,0,0.0
30/11/2007,-300,-28800000,96(1.05 %),0,0,300,28800000,0,0.0
03/12/2007,0,0,96(0.00 %),0,0,0,0,0,0.0
04/12/2007,2900,284200000,99(3.12 %),2900,284200000,0,0,0,0.0
05/12/2007,0,0,97(-2.02 %),0,0,0,0,0,0.0
06/12/2007,-1450,-137850000,96(-1.03 %),0,0,1450,137850000,0,0.0
07/12/2007,0,0,97(1.04 %),0,0,0,0,0,0.0
10/12/2007,-10000,-945000000,94.5(-2.58 %),0,0,10000,945000000,0,0.0
11/12/2007,0,0,93(-1.59 %),0,0,0,0,0,0.0
12/12/2007,0,0,95(2.15 %),0,0,0,0,0,0.0
13/12/2007,0,0,94(-1.05 %),0,0,0,0,0,0.0
14/12/2007,0,0,92(-2.13 %),0,0,0,0,0,0.0
17/12/2007,0,0,92(0.00 %),0,0,0,0,0,0.0
18/12/2007,0,0,92(0.00 %),0,0,0,0,0,0.0
19/12/2007,0,0,94(2.17 %),0,0,0,0,0,0.0
20/12/2007,0,0,91(-3.19 %),0,0,0,0,0,0.0
21/12/2007,0,0,94(3.30 %),0,0,0,0,0,0.0
24/12/2007,-700,-64400000,93(-1.06 %),0,0,700,64400000,0,0.0
25/12/2007,2700,259200000,96(3.23 %),2700,259200000,0,0,0,0.0
26/12/2007,0,0,94(-2.08 %),0,0,0,0,0,0.0
27/12/2007,0,0,94.5(0.53 %),0,0,0,0,0,0.0
28/12/2007,11000,1074240000,98(3.70 %),11000,1074240000,0,0,0,0.0
02/01/2008,0,0,94(-4.08 %),0,0,0,0,0,0.0
03/01/2008,100,9400000,94(0.00 %),100,9400000,0,0,0,0.0
04/01/2008,100,9300000,92.5(-1.60 %),100,9300000,0,0,0,0.0
07/01/2008,-210,-19110000,88(-4.86 %),0,0,210,19110000,0,0.0
08/01/2008,-1000,-88000000,89(1.14 %),0,0,1000,88000000,0,0.0
09/01/2008,0,0,85(-4.49 %),0,0,0,0,0,0.0
10/01/2008,0,0,83(-2.35 %),0,0,0,0,0,0.0
11/01/2008,-290,-24650000,83.5(0.60 %),0,0,290,24650000,0,0.0
14/01/2008,100,8050000,80.5(-3.59 %),100,8050000,0,0,0,0.0
15/01/2008,0,0,76.5(-4.97 %),0,0,0,0,0,0.0
16/01/2008,-420,-31920000,80(4.58 %),0,0,420,31920000,0,0.0
17/01/2008,0,0,79.5(-0.62 %),0,0,0,0,0,0.0
18/01/2008,1100,87900000,80(0.63 %),1100,87900000,0,0,0,0.0
21/01/2008,100,7650000,78(-2.50 %),100,7650000,0,0,0,0.0
22/01/2008,0,0,75(-3.85 %),0,0,0,0,0,0.0
23/01/2008,0,0,73(-2.67 %),0,0,0,0,0,0.0
24/01/2008,300,22500000,72(-1.37 %),300,22500000,0,0,0,0.0
25/01/2008,0,0,72(0.00 %),0,0,0,0,0,0.0
28/01/2008,0,0,70.5(-2.08 %),0,0,0,0,0,0.0
29/01/2008,100,7000000,74(4.96 %),100,7000000,0,0,0,0.0
30/01/2008,0,0,77.5(4.73 %),0,0,0,0,0,0.0
31/01/2008,0,0,76(-1.94 %),0,0,0,0,0,0.0
01/02/2008,-6200,-478600000,77(1.32 %),0,0,6200,478600000,0,0.0
12/02/2008,0,0,77(0.00 %),500,38500000,500,38500000,0,0.0
13/02/2008,-1680,-127950000,74(-3.90 %),0,0,1680,127950000,0,0.0
14/02/2008,22300,1728050000,77.5(4.73 %),22300,1728050000,0,0,0,0.0
15/02/2008,7700,608500000,80(3.23 %),7700,608500000,0,0,0,0.0
18/02/2008,-200,-15200000,77(-3.75 %),0,0,200,15200000,0,0.0
19/02/2008,0,0,76(-1.30 %),0,0,0,0,0,0.0
20/02/2008,-20000,-1463900000,72.5(-4.61 %),0,0,20000,1463900000,0,0.0
21/02/2008,0,0,69(-4.83 %),0,0,0,0,0,0.0
22/02/2008,0,0,66(-4.35 %),0,0,0,0,0,0.0
25/02/2008,3610,249090000,69(4.55 %),3610,249090000,0,0,0,0.0
26/02/2008,530,35850000,66(-4.35 %),530,35850000,0,0,0,0.0
27/02/2008,0,0,65(-1.52 %),0,0,0,0,0,0.0
28/02/2008,0,0,62(-4.62 %),0,0,0,0,0,0.0
29/02/2008,0,0,59(-4.84 %),0,0,0,0,0,0.0
03/03/2008,0,0,56.5(-4.24 %),0,0,0,0,0,0.0
04/03/2008,0,0,54(-4.42 %),0,0,0,0,0,0.0
05/03/2008,0,0,51.5(-4.63 %),0,0,0,0,0,0.0
06/03/2008,-19700,-1063800000,54(4.85 %),300,16200000,20000,1080000000,0,0.0
07/03/2008,-66900,-3779850000,56.5(4.63 %),0,0,66900,3779850000,0,0.0
10/03/2008,-3160,-186440000,54(-4.42 %),160,9440000,3320,195880000,0,0.0
11/03/2008,-3840,-197760000,51.5(-4.63 %),0,0,3840,197760000,0,0.0
12/03/2008,0,0,52(0.97 %),0,0,0,0,0,0.0
13/03/2008,170,9010000,52(0.00 %),170,9010000,0,0,0,0.0
14/03/2008,0,0,52(0.00 %),0,0,0,0,0,0.0
17/03/2008,0,0,49.4(-5.00 %),0,0,0,0,0,0.0
18/03/2008,0,0,47(-4.86 %),0,0,0,0,0,0.0
19/03/2008,16000,736900000,46(-2.13 %),16000,736900000,0,0,0,0.0
20/03/2008,0,0,43.7(-5.00 %),0,0,0,0,0,0.0
21/03/2008,0,0,41.6(-4.81 %),0,0,0,0,0,0.0
24/03/2008,0,0,39.6(-4.81 %),0,0,0,0,0,0.0
25/03/2008,0,0,37.7(-4.80 %),0,0,0,0,0,0.0
26/03/2008,5600,221200000,39.5(4.77 %),7600,300200000,2000,79000000,0,0.0
27/03/2008,8010,318798000,39.8(0.76 %),8010,318798000,0,0,0,0.0
28/03/2008,0,0,40.1(0.75 %),0,0,0,0,0,0.0
31/03/2008,0,0,40.5(1.00 %),0,0,0,0,0,0.0
01/04/2008,0,0,40.9(0.99 %),0,0,0,0,0,0.0
02/04/2008,-2680,-108272000,40.4(1.00 %),0,0,2680,108272000,0,0.0
03/04/2008,0,0,40.8(0.99 %),0,0,0,0,0,0.0
04/04/2008,0,0,41.2(0.98 %),0,0,0,0,0,0.0
07/04/2008,0,0,42(1.94 %),0,0,0,0,0,0.0
08/04/2008,10,428000,42(0.00 %),10,428000,0,0,0,0.0
09/04/2008,1000,41500000,41.9(-0.24 %),1000,41500000,0,0,0,0.0
10/04/2008,0,0,41.1(-1.91 %),0,0,0,0,0,0.0
11/04/2008,0,0,40.3(-1.95 %),0,0,0,0,0,0.0
16/04/2008,0,0,39.5(-1.99 %),0,0,0,0,0,0.0
17/04/2008,0,0,40(1.27 %),0,0,0,0,0,0.0
18/04/2008,0,0,39.2(-2.00 %),0,0,0,0,0,0.0
21/04/2008,0,0,38.5(-1.79 %),0,0,0,0,0,0.0
22/04/2008,500,18900000,37.8(-1.82 %),500,18900000,0,0,0,0.0
23/04/2008,0,0,37.1(-1.85 %),0,0,0,0,0,0.0
24/04/2008,0,0,37(-0.27 %),0,0,0,0,0,0.0
25/04/2008,0,0,37.7(1.89 %),0,0,0,0,0,0.0
28/04/2008,0,0,38.4(1.86 %),0,0,0,0,0,0.0
29/04/2008,-30,-1173000,39.1(1.82 %),0,0,30,1173000,0,0.0
05/05/2008,0,0,39.8(1.79 %),0,0,0,0,0,0.0
06/05/2008,-780,-31590000,40.5(1.76 %),0,0,780,31590000,0,0.0
07/05/2008,20000,816400000,39.7(-1.98 %),20000,816400000,0,0,0,0.0
08/05/2008,30000,1170000000,39.3(-1.01 %),30000,1170000000,0,0,0,0.0
09/05/2008,31400,1231960000,38.6(-1.78 %),31400,1231960000,0,0,0,0.0
12/05/2008,22000,833800000,37.9(-1.81 %),22000,833800000,0,0,0,0.0
13/05/2008,0,0,37.2(-1.85 %),0,0,0,0,0,0.0
14/05/2008,0,0,36.5(-1.88 %),0,0,0,0,0,0.0
15/05/2008,0,0,35.8(-1.92 %),0,0,0,0,0,0.0
16/05/2008,40000,1405300000,35.1(-1.96 %),40000,1405300000,0,0,0,0.0
19/05/2008,0,0,34.5(-1.71 %),0,0,0,0,0,0.0
20/05/2008,0,0,33.9(-1.74 %),0,0,0,0,0,0.0
21/05/2008,0,0,33.3(-1.77 %),0,0,0,0,0,0.0
22/05/2008,0,0,32.7(-1.80 %),0,0,0,0,0,0.0
23/05/2008,0,0,32.1(-1.83 %),0,0,0,0,0,0.0
26/05/2008,0,0,31.5(-1.87 %),0,0,0,0,0,0.0
27/05/2008,0,0,31.5(0.00 %),0,0,0,0,0,0.0
28/05/2008,0,0,31.5(0.00 %),0,0,0,0,0,0.0
29/05/2008,0,0,31.5(0.00 %),0,0,0,0,0,0.0
30/05/2008,0,0,30.9(-1.90 %),0,0,0,0,0,0.0
02/06/2008,100,3030000,30.3(-1.94 %),100,3030000,0,0,0,0.0
03/06/2008,0,0,29.7(-1.98 %),0,0,0,0,0,0.0
04/06/2008,0,0,29.2(-1.68 %),0,0,0,0,0,0.0
05/06/2008,0,0,28.7(-1.71 %),0,0,0,0,0,0.0
06/06/2008,0,0,28.2(-1.74 %),0,0,0,0,0,0.0
09/06/2008,12000,332400000,27.7(-1.77 %),12000,332400000,0,0,0,0.0
10/06/2008,8000,217600000,27.3(-1.44 %),8000,217600000,0,0,0,0.0
11/06/2008,0,0,27.8(1.83 %),0,0,0,0,0,0.0
12/06/2008,0,0,28.3(1.80 %),0,0,0,0,0,0.0
13/06/2008,0,0,28.8(1.77 %),0,0,0,0,0,0.0
16/06/2008,0,0,29.3(1.74 %),0,0,0,0,0,0.0
17/06/2008,0,0,29.8(1.71 %),0,0,0,0,0,0.0
18/06/2008,45130,1357364000,29.8(0.00 %),45130,1357364000,0,0,0,0.0
19/06/2008,700,20300000,29(-2.68 %),700,20300000,0,0,0,0.0
20/06/2008,4400,125300000,28.3(-2.41 %),4400,125300000,0,0,0,0.0
23/06/2008,-3000,-87300000,29.1(2.83 %),0,0,3000,87300000,0,0.0
24/06/2008,0,0,29.9(2.75 %),0,0,0,0,0,0.0
25/06/2008,0,0,30.7(2.68 %),0,0,0,0,0,0.0
26/06/2008,1310,41366000,31.6(2.93 %),1310,41366000,0,0,0,0.0
27/06/2008,3500,113750000,32.5(2.85 %),3500,113750000,0,0,0,0.0
30/06/2008,0,0,33.4(2.77 %),0,0,0,0,0,0.0
01/07/2008,0,0,34.4(2.99 %),0,0,0,0,0,0.0
02/07/2008,4000,141600000,35.4(2.91 %),4000,141600000,0,0,0,0.0
03/07/2008,0,0,36.4(2.82 %),0,0,0,0,0,0.0
04/07/2008,-1000,-37400000,37.4(2.75 %),0,0,1000,37400000,0,0.0
07/07/2008,23090,886715000,38(1.60 %),26560,1020310000,3470,133595000,0,0.0
08/07/2008,-12060,-468310000,39.1(2.89 %),13940,534290000,26000,1002600000,0,0.0
09/07/2008,-15000,-602000000,40.2(2.81 %),0,0,15000,602000000,0,0.0
10/07/2008,-4000,-165600000,41.4(2.99 %),0,0,4000,165600000,0,0.0
11/07/2008,-3000,-127800000,42.6(2.90 %),0,0,3000,127800000,0,0.0
14/07/2008,-3000,-131400000,43.8(2.82 %),0,0,3000,131400000,0,0.0
15/07/2008,0,0,45.1(2.97 %),1000,45100000,1000,45100000,0,0.0
16/07/2008,-2800,-130102000,46.4(2.88 %),1200,55498000,4000,185600000,0,0.0
17/07/2008,0,0,47.7(2.80 %),0,0,0,0,0,0.0
18/07/2008,-22900,-1124390000,49.1(2.94 %),100,4910000,23000,1129300000,0,0.0
21/07/2008,-2700,-128790000,47.7(-2.85 %),0,0,2700,128790000,0,0.0
22/07/2008,0,0,46.3(-2.94 %),0,0,0,0,0,0.0
23/07/2008,0,0,45(-2.81 %),0,0,0,0,0,0.0
24/07/2008,-4930,-215441000,43.7(-2.89 %),0,0,4930,215441000,0,0.0
25/07/2008,940,39856000,42.4(-2.97 %),940,39856000,0,0,0,0.0
28/07/2008,-1800,-73620000,41.2(-2.83 %),1200,49980000,3000,123600000,0,0.0
29/07/2008,-290,-12180000,42.4(2.91 %),0,0,290,12180000,0,0.0
30/07/2008,-600,-24720000,41.2(-2.83 %),960,39552000,1560,64272000,0,0.0
31/07/2008,40000,1600000000,40(-2.91 %),40000,1600000000,0,0,0,0.0
01/08/2008,-1000,-40100000,39.6(-1.00 %),0,0,1000,40100000,0,0.0
04/08/2008,0,0,38.5(-2.78 %),0,0,0,0,0,0.0
05/08/2008,0,0,37.4(-2.86 %),0,0,0,0,0,0.0
06/08/2008,0,0,36.5(-2.41 %),0,0,0,0,0,0.0
07/08/2008,0,0,35.5(-2.74 %),0,0,0,0,0,0.0
08/08/2008,3000,108000000,36(1.41 %),3000,108000000,0,0,0,0.0
11/08/2008,1000,37000000,37(2.78 %),1000,37000000,0,0,0,0.0
12/08/2008,0,0,38.1(2.97 %),0,0,0,0,0,0.0
13/08/2008,31220,1223824000,39.2(2.89 %),31220,1223824000,0,0,0,0.0
14/08/2008,15900,640770000,40.3(2.81 %),15900,640770000,0,0,0,0.0
15/08/2008,25460,1033676000,40.6(2.78 %),25460,1033676000,0,0,0,0.0
18/08/2008,10180,433668000,42.6(4.93 %),10180,433668000,0,0,0,0.0
19/08/2008,0,0,41(-3.76 %),0,0,0,0,0,0.0
20/08/2008,3900,152100000,39(-4.88 %),3900,152100000,0,0,0,0.0
21/08/2008,0,0,40.9(4.87 %),0,0,0,0,0,0.0
22/08/2008,10750,432485000,39(-4.65 %),10750,432485000,0,0,0,0.0
25/08/2008,5200,212085000,40.9(4.87 %),5200,212085000,0,0,0,0.0
26/08/2008,10000,429000000,42.9(4.89 %),10000,429000000,0,0,0,0.0
27/08/2008,1680,72072000,43(0.23 %),1680,72072000,0,0,0,0.0
28/08/2008,50000,2045000000,40.9(-4.88 %),50000,2045000000,0,0,0,0.0
29/08/2008,36700,1502880000,42.7(4.40 %),36700,1502880000,0,0,0,0.0
03/09/2008,0,0,44.8(4.92 %),0,0,0,0,0,0.0
04/09/2008,400,17680000,42.6(-4.91 %),400,17680000,0,0,0,0.0
05/09/2008,0,0,40.8(-4.23 %),0,0,0,0,0,0.0
08/09/2008,2000,80000000,40(-1.96 %),2000,80000000,0,0,0,0.0
09/09/2008,740,28860000,38.5(-3.75 %),740,28860000,0,0,0,0.0
10/09/2008,22300,858550000,38.5(0.00 %),22300,858550000,0,0,0,0.0
11/09/2008,-210,-8085000,38(-1.30 %),0,0,210,8085000,0,0.0
12/09/2008,9930,359473000,36.1(-5.00 %),10000,362000000,70,2527000,0,0.0
15/09/2008,0,0,37.5(3.88 %),0,0,0,0,0,0.0
16/09/2008,0,0,35.7(-4.80 %),0,0,0,0,0,0.0
17/09/2008,2600,88400000,34(-4.76 %),2600,88400000,0,0,0,0.0
18/09/2008,-3220,-104006000,32.3(-5.00 %),2840,91732000,6060,195738000,0,0.0
19/09/2008,0,0,33.9(4.95 %),0,0,0,0,0,0.0
22/09/2008,850,30175000,35.5(4.72 %),850,30175000,0,0,0,0.0
23/09/2008,-22000,-798890000,37(4.23 %),2000,73000000,24000,871890000,0,0.0
24/09/2008,5000,185000000,37(0.00 %),5000,185000000,0,0,0,0.0
25/09/2008,35000,1323000000,38.8(4.86 %),35000,1323000000,0,0,0,0.0
26/09/2008,53100,2156332000,40.6(4.64 %),54300,2205172000,1200,48840000,0,0.0
29/09/2008,42000,1755550000,42.6(4.93 %),42000,1755550000,0,0,0,0.0
30/09/2008,0,0,40.5(-4.93 %),0,0,0,0,0,0.0
01/10/2008,20000,792500000,39(-3.70 %),20000,792500000,0,0,0,0.0
02/10/2008,0,0,40.6(4.10 %),0,0,0,0,0,0.0
03/10/2008,2490,99453000,39.7(-2.22 %),2490,99453000,0,0,0,0.0
06/10/2008,8120,306936000,37.8(-4.79 %),8120,306936000,0,0,0,0.0
07/10/2008,5390,194040000,36(-4.76 %),5390,194040000,0,0,0,0.0
08/10/2008,5300,183190000,35(-2.78 %),5300,183190000,0,0,0,0.0
09/10/2008,0,0,35(0.00 %),0,0,0,0,0,0.0
10/10/2008,5000,166500000,33.3(-4.86 %),5000,166500000,0,0,0,0.0
13/10/2008,0,0,32(-3.90 %),0,0,0,0,0,0.0
14/10/2008,0,0,33.6(5.00 %),0,0,0,0,0,0.0
15/10/2008,4940,173198000,35(4.17 %),4940,173198000,0,0,0,0.0
16/10/2008,2000,68000000,34(-2.86 %),2000,68000000,0,0,0,0.0
17/10/2008,3000,106500000,35.5(4.41 %),3000,106500000,0,0,0,0.0
20/10/2008,-2220,-75036000,33.8(-4.79 %),0,0,2220,75036000,0,0.0
21/10/2008,-2900,-97984000,33.8(0.00 %),9880,330980000,12780,428964000,0,0.0
22/10/2008,0,0,33.4(-1.18 %),0,0,0,0,0,0.0
23/10/2008,15000,477000000,31.8(-4.79 %),15000,477000000,0,0,0,0.0
24/10/2008,0,0,30.3(-4.72 %),0,0,0,0,0,0.0
27/10/2008,0,0,28.8(-4.95 %),0,0,0,0,0,0.0
28/10/2008,0,0,27.4(-4.86 %),0,0,0,0,0,0.0
29/10/2008,0,0,28.7(4.74 %),0,0,0,0,0,0.0
30/10/2008,0,0,29(1.05 %),0,0,0,0,0,0.0
31/10/2008,-100,-2960000,29.6(2.07 %),0,0,100,2960000,0,0.0
03/11/2008,-10000,-282000000,28.2(-4.73 %),0,0,10000,282000000,0,0.0
04/11/2008,0,0,29.6(4.96 %),0,0,0,0,0,0.0
05/11/2008,60,1860000,31(4.73 %),60,1860000,0,0,0,0.0
06/11/2008,0,0,29.7(-4.19 %),0,0,0,0,0,0.0
07/11/2008,0,0,29.7(0.00 %),0,0,0,0,0,0.0
10/11/2008,0,0,30(1.01 %),0,0,0,0,0,0.0
11/11/2008,0,0,29.7(-1.00 %),0,0,0,0,0,0.0
12/11/2008,-2000,-56600000,29.5(-0.67 %),0,0,2000,56600000,0,0.0
13/11/2008,0,0,29.5(0.00 %),0,0,0,0,0,0.0
14/11/2008,0,0,29(-1.69 %),0,0,0,0,0,0.0
17/11/2008,0,0,29.5(1.72 %),0,0,0,0,0,0.0
18/11/2008,0,0,29.5(0.00 %),0,0,0,0,0,0.0
19/11/2008,0,0,29.4(-0.34 %),0,0,0,0,0,0.0
20/11/2008,0,0,28(-4.76 %),0,0,0,0,0,0.0
21/11/2008,-40,-1080000,28(0.00 %),0,0,40,1080000,0,0.0
24/11/2008,400,11200000,27(-3.57 %),400,11200000,0,0,0,0.0
25/11/2008,0,0,27(0.00 %),0,0,0,0,0,0.0
26/11/2008,10000,270000000,25.7(-4.81 %),10000,270000000,0,0,0,0.0
27/11/2008,100,2550000,24.5(-4.67 %),100,2550000,0,0,0,0.0
28/11/2008,0,0,24.8(1.22 %),0,0,0,0,0,0.0
01/12/2008,0,0,24.8(0.00 %),0,0,0,0,0,0.0
02/12/2008,2000,48000000,24(-3.23 %),2000,48000000,0,0,0,0.0
03/12/2008,0,0,23(-4.17 %),0,0,0,0,0,0.0
04/12/2008,16000,374200000,23.7(3.04 %),16000,374200000,0,0,0,0.0
05/12/2008,10000,230000000,22.7(-4.22 %),10000,230000000,0,0,0,0.0
08/12/2008,10000,220000000,21.7(-4.41 %),10000,220000000,0,0,0,0.0
09/12/2008,0,0,21(-3.23 %),0,0,0,0,0,0.0
10/12/2008,-2300,-46230000,20(-4.76 %),5000,100000000,7300,146230000,0,0.0
11/12/2008,-6000,-118560000,19.8(-1.00 %),0,0,6000,118560000,0,0.0
12/12/2008,1000,20500000,20.5(3.54 %),1000,20500000,0,0,0,0.0
15/12/2008,0,0,21(2.44 %),0,0,0,0,0,0.0
16/12/2008,0,0,21(0.00 %),0,0,0,0,0,0.0
17/12/2008,-22460,-453950000,20(-4.76 %),0,0,22460,453950000,0,0.0
18/12/2008,-22340,-431770000,19.5(-2.50 %),0,0,22340,431770000,0,0.0
19/12/2008,-150000,-3060000000,20.4(4.62 %),0,0,150000,3060000000,0,0.0
22/12/2008,-135510,-2899914000,21.4(4.90 %),0,0,135510,2899914000,0,0.0
23/12/2008,0,0,21(-1.87 %),0,0,0,0,0,0.0
24/12/2008,0,0,20(-4.76 %),0,0,0,0,0,0.0
25/12/2008,0,0,19.7(-1.50 %),0,0,0,0,0,0.0
26/12/2008,0,0,19.9(1.02 %),0,0,0,0,0,0.0
29/12/2008,0,0,19.6(-1.51 %),0,0,0,0,0,0.0
30/12/2008,0,0,19.7(0.51 %),0,0,0,0,0,0.0
31/12/2008,0,0,19.6(-0.51 %),0,0,0,0,0,0.0
02/01/2009,0,0,19.3(-1.53 %),0,0,0,0,1554066,35.49
05/01/2009,-10000,-196540000,19.7(2.07 %),0,0,10000,196540000,1564066,35.4
06/01/2009,0,0,20.4(3.55 %),0,0,0,0,1564066,35.4
07/01/2009,100,2050000,20.4(0.00 %),100,2050000,0,0,1563966,35.4
08/01/2009,0,0,19.7(-3.43 %),0,0,0,0,1563966,35.4
09/01/2009,0,0,19.5(-1.02 %),0,0,0,0,1563966,35.4
12/01/2009,0,0,19.4(-0.51 %),0,0,0,0,1563966,35.4
13/01/2009,2000,39000000,19.6(1.03 %),2000,39000000,0,0,1561966,35.42
14/01/2009,0,0,19.5(-0.51 %),0,0,0,0,1561966,35.42
15/01/2009,570,11115000,19.7(1.03 %),570,11115000,0,0,1561396,35.42
16/01/2009,160,3168000,20(1.52 %),160,3168000,0,0,1561236,35.42
19/01/2009,750,14675000,19.7(-1.50 %),1750,34475000,1000,19800000,1560486,35.43
20/01/2009,4000,78000000,19.7(0.00 %),5000,97500000,1000,19500000,1556486,35.47
21/01/2009,10000,197000000,19.7(0.00 %),10000,197000000,0,0,1546486,35.55
22/01/2009,0,0,19.7(0.00 %),0,0,0,0,1546486,35.55
23/01/2009,0,0,19.9(1.02 %),0,0,0,0,1546486,35.55
02/02/2009,-500,-9550000,19(-4.52 %),0,0,500,9550000,1546986,35.55
03/02/2009,5000,90500000,18.1(-4.74 %),5000,90500000,0,0,1541986,35.59
04/02/2009,-1300,-23560000,17.2(-4.97 %),0,0,1300,23560000,1543286,35.58
05/02/2009,0,0,16.4(-4.65 %),0,0,0,0,1543286,35.58
06/02/2009,0,0,16.3(-0.61 %),0,0,0,0,1543286,35.58
09/02/2009,-1700,-27710000,16.4(0.61 %),0,0,1700,27710000,1544986,35.57
10/02/2009,0,0,15.7(-4.27 %),0,0,0,0,1544986,35.57
11/02/2009,0,0,15.4(-1.91 %),0,0,0,0,1544986,35.57
12/02/2009,0,0,15.2(-1.30 %),0,0,0,0,1544986,35.57
13/02/2009,0,0,15.1(-0.66 %),0,0,0,0,1544986,35.57
16/02/2009,0,0,14.9(-1.32 %),0,0,0,0,1544986,35.57
17/02/2009,0,0,14.3(-4.03 %),0,0,0,0,1544986,35.57
18/02/2009,-5940,-80784000,13.6(-4.90 %),0,0,5940,80784000,1550926,35.51
19/02/2009,-5500,-73700000,13.4(-1.47 %),0,0,5500,73700000,1556426,35.47
20/02/2009,0,0,13.7(2.24 %),0,0,0,0,1556426,35.47
23/02/2009,0,0,13.7(0.00 %),0,0,0,0,1556426,35.47
24/02/2009,-38100,-512979000,13.5(-1.46 %),0,0,38100,512979000,1594526,35.13
25/02/2009,-33390,-468599000,14.1(4.44 %),0,0,33390,468599000,1627916,34.84
26/02/2009,300,4170000,14(-0.71 %),300,4170000,0,0,1627616,34.85
27/02/2009,0,0,14.7(5.00 %),0,0,0,0,1627616,34.85
02/03/2009,110,1694000,15.4(4.76 %),110,1694000,0,0,1627506,34.85
03/03/2009,0,0,15.6(1.30 %),0,0,0,0,1627506,34.85
04/03/2009,0,0,16.3(4.49 %),0,0,0,0,1627506,34.85
05/03/2009,0,0,17.1(4.91 %),0,0,0,0,1627506,34.85
06/03/2009,-110,-1881000,16.6(-2.92 %),0,0,110,1881000,1627616,34.85
09/03/2009,0,0,16.3(-1.81 %),0,0,0,0,1627616,34.85
10/03/2009,0,0,16.4(0.61 %),0,0,0,0,1627616,34.85
11/03/2009,300,5070000,17(3.66 %),300,5070000,0,0,1627316,34.85
12/03/2009,0,0,16.5(-2.94 %),0,0,0,0,1627316,34.85
13/03/2009,-27010,-435277000,16(-3.03 %),10,159000,27020,435436000,1654326,34.61
16/03/2009,-31150,-499315000,16(0.00 %),0,0,31150,499315000,1685476,34.34
17/03/2009,-11830,-191338000,16.8(5.00 %),0,0,11830,191338000,1697306,34.24
18/03/2009,1000,17600000,17.6(4.76 %),1000,17600000,0,0,1696306,34.25
19/03/2009,0,0,17.1(-2.84 %),0,0,0,0,1696306,34.25
20/03/2009,15000,257485000,17.1(0.00 %),15000,257485000,0,0,1681306,34.38
23/03/2009,0,0,16.5(-3.51 %),0,0,0,0,1681306,34.38
24/03/2009,20000,344000000,17.3(4.85 %),20000,344000000,0,0,1661306,34.55
25/03/2009,10200,178260000,17.3(0.00 %),10200,178260000,0,0,1651106,34.64
26/03/2009,-1000,-17800000,18.1(4.62 %),0,0,1000,17800000,1652106,34.63
27/03/2009,2000,37900000,18.8(3.87 %),2000,37900000,0,0,1650106,34.65
30/03/2009,-10000,-179855000,18.1(-3.72 %),0,0,10000,179855000,1660106,34.56
31/03/2009,-1000,-17300000,17.6(-2.76 %),0,0,1000,17300000,1661106,34.56
01/04/2009,0,0,18.4(4.55 %),0,0,0,0,1661106,34.56
02/04/2009,0,0,19.3(4.89 %),0,0,0,0,1661106,34.56
03/04/2009,-2000,-40400000,20.2(4.66 %),0,0,2000,40400000,1663106,34.54
07/04/2009,0,0,21.2(4.95 %),0,0,0,0,1663106,34.54
08/04/2009,-77900,-1590820000,20.2(-4.72 %),11600,242320000,89500,1833140000,1741006,33.86
09/04/2009,-5000,-95000000,19.1(-5.45 %),0,0,5000,95000000,1746006,33.82
10/04/2009,-280650,-5613000000,20(4.71 %),50000,1000000000,330650,6613000000,2026656,31.38
13/04/2009,-400000,-8400000000,21(5.00 %),20000,420000000,420000,8820000000,2426656,27.9
14/04/2009,-250000,-5500000000,22(4.76 %),0,0,250000,5500000000,2676656,25.72
15/04/2009,-806320,-18625992000,23.1(5.00 %),0,0,806320,18625992000,3482976,18.71
16/04/2009,-60000,-1452000000,24.2(4.76 %),0,0,60000,1452000000,3542976,18.19
17/04/2009,-74537,-1893240000,25.4(4.96 %),0,0,74537,1893240000,3617513,17.54
20/04/2009,-30000,-726000000,24.2(-4.72 %),10000,242000000,40000,968000000,3647513,17.28
21/04/2009,-31490,-724270000,23(-4.96 %),10000,230000000,41490,954270000,3679003,17.01
22/04/2009,-30000,-720000000,24.1(4.78 %),0,0,30000,720000000,3709003,16.75
23/04/2009,0,0,23(-4.56 %),0,0,0,0,3709003,16.75
24/04/2009,0,0,23.1(0.43 %),0,0,0,0,3709003,16.75
27/04/2009,0,0,23.8(3.03 %),0,0,0,0,3709003,16.75
28/04/2009,0,0,23.6(-0.84 %),0,0,0,0,3709003,16.75
29/04/2009,0,0,23.9(1.27 %),0,0,0,0,3709003,16.75
04/05/2009,0,0,25(4.60 %),0,0,0,0,3709003,16.75
05/05/2009,60900,1571097000,25(0.00 %),60900,1571097000,0,0,3648103,17.28
06/05/2009,0,0,24.5(-2.00 %),0,0,0,0,3648103,17.28
07/05/2009,29000,710900000,24.8(1.22 %),29000,710900000,0,0,3619103,17.53
08/05/2009,57000,1408921000,24.8(0.00 %),57000,1408921000,0,0,3562103,18.03
11/05/2009,-400,-9560000,23.6(-4.84 %),0,0,400,9560000,3562503,18.02
12/05/2009,-58020,-1387525000,24.4(3.39 %),0,0,58020,1387525000,3620523,17.52
13/05/2009,-49560,-1235736000,25.6(4.92 %),29000,740400000,78560,1976136000,3670083,17.09
14/05/2009,-27500,-719000000,26.8(4.69 %),3000,79000000,30500,798000000,3697583,16.85
15/05/2009,0,0,28.1(4.85 %),0,0,0,0,3697583,16.85
18/05/2009,-67100,-1979450000,29(3.20 %),25000,737500000,92100,2716950000,3764683,16.26
19/05/2009,-4000,-118000000,28.1(-3.10 %),2000,56000000,6000,174000000,3768683,16.23
20/05/2009,40,1088000,28.7(2.14 %),40,1088000,0,0,3768643,16.23
21/05/2009,-24500,-730600000,30.1(4.88 %),0,0,24500,730600000,3793143,16.02
22/05/2009,0,0,31.6(4.98 %),0,0,0,0,3793143,16.02
25/05/2009,-200,-6620000,33.1(4.75 %),0,0,200,6620000,3793343,16.01
26/05/2009,-23300,-798150000,32(-3.32 %),0,0,23300,798150000,3816643,15.81
27/05/2009,-1100,-34330000,30.7(-4.06 %),0,0,1100,34330000,3817743,15.8
28/05/2009,3000,90300000,29.2(-4.89 %),3000,90300000,0,0,3814743,15.83
29/05/2009,-2200,-67320000,30.6(4.79 %),0,0,2200,67320000,3816943,15.81
01/06/2009,2000,64200000,32.1(4.90 %),2000,64200000,0,0,3814943,15.83
02/06/2009,0,0,31.5(-1.87 %),0,0,0,0,3814943,15.83
03/06/2009,13670,412101000,30.3(-3.81 %),16670,505101000,3000,93000000,3801273,15.95
04/06/2009,10000,310000000,31(2.31 %),10000,310000000,0,0,3791273,16.03
05/06/2009,-29000,-931530000,32.5(4.84 %),0,0,29000,931530000,3820273,15.78
08/06/2009,-19340,-631450000,34.1(4.92 %),3500,119350000,22840,750800000,3839613,15.61
09/06/2009,0,0,32.4(-4.99 %),0,0,0,0,3839613,15.61
10/06/2009,600,18640000,30.8(-4.94 %),1000,31000000,400,12360000,3839013,15.62
11/06/2009,30000,960000000,32(3.90 %),30000,960000000,0,0,3809013,15.88
12/06/2009,-3590,-130020000,31.9(-0.31 %),10500,334950000,14090,464970000,3812603,15.85
15/06/2009,0,0,31.5(-1.25 %),0,0,0,0,3812603,15.85
16/06/2009,0,0,30(-4.76 %),0,0,0,0,3812603,15.85
17/06/2009,0,0,30.5(1.67 %),0,0,0,0,3812603,15.85
18/06/2009,5500,168320000,30.5(0.00 %),6000,183900000,500,15580000,3807103,15.89
19/06/2009,0,0,30(-1.64 %),0,0,0,0,3807103,15.89
22/06/2009,0,0,28.5(-5.00 %),0,0,0,0,3807103,15.89
23/06/2009,0,0,27.1(-4.91 %),0,0,0,0,3807103,15.89
24/06/2009,0,0,28(3.32 %),0,0,0,0,3807103,15.89
25/06/2009,0,0,26.7(-4.64 %),0,0,0,0,3807103,15.89
26/06/2009,0,0,25.6(-4.12 %),0,0,0,0,3807103,15.89
29/06/2009,-41910,-1040482000,24.9(-2.73 %),0,0,41910,1040482000,3849013,15.53
30/06/2009,2000,52200000,26.1(4.82 %),2000,52200000,0,0,3847013,15.55
01/07/2009,500,12500000,25(-4.21 %),500,12500000,0,0,3846513,15.55
02/07/2009,0,0,25.5(2.00 %),0,0,0,0,3846513,15.55
03/07/2009,0,0,26.7(4.71 %),0,0,0,0,3846513,15.55
06/07/2009,0,0,28(4.87 %),0,0,0,0,3845513,15.56
07/07/2009,1000,28000000,27.5(-1.79 %),1000,28000000,0,0,3845513,15.56
08/07/2009,-1000,-27400000,26.5(-3.64 %),0,0,1000,27400000,3846513,15.55
09/07/2009,-2000,-53400000,26.8(1.13 %),0,0,2000,53400000,3848513,15.53
10/07/2009,8390,217845000,26.8(0.00 %),8390,217845000,0,0,3840123,15.61
13/07/2009,0,0,25.5(-4.85 %),0,0,0,0,3840123,15.61
14/07/2009,0,0,25.5(0.00 %),0,0,0,0,3840123,15.61
15/07/2009,0,0,25.1(-1.57 %),0,0,0,0,3840123,15.61
16/07/2009,25000,627500000,25.5(1.59 %),25000,627500000,0,0,3815123,15.83
17/07/2009,9620,240500000,25(-1.96 %),9620,240500000,0,0,3805503,15.91
20/07/2009,-5000,-124200000,23.9(-4.40 %),25000,595500000,30000,719700000,3810503,15.87
21/07/2009,0,0,24.3(1.67 %),0,0,0,0,3810503,15.87
22/07/2009,-15000,-367505000,24.3(0.00 %),15000,364500000,30000,732005000,3825503,15.73
23/07/2009,10000,255000000,25.5(4.94 %),10000,255000000,0,0,3815503,15.82
24/07/2009,0,0,26.7(4.71 %),0,0,0,0,3815503,15.82
27/07/2009,-60000,-1674000000,27.4(2.62 %),0,0,60000,1674000000,3875503,15.3
28/07/2009,0,0,26.1(-4.74 %),0,0,0,0,3875503,15.3
29/07/2009,0,0,25.5(-2.30 %),0,0,0,0,3875503,15.3
30/07/2009,0,0,25.5(0.00 %),0,0,0,0,3875503,15.3
31/07/2009,-10000,-260000000,26(1.96 %),0,0,10000,260000000,3885503,15.21
03/08/2009,0,0,25.4(-2.31 %),0,0,0,0,3885503,15.21
04/08/2009,0,0,25.5(0.39 %),0,0,0,0,3885503,15.21
05/08/2009,0,0,25.6(0.39 %),0,0,0,0,3885503,15.21
06/08/2009,-6940,-180440000,25.8(0.78 %),0,0,6940,180440000,3892443,15.15
07/08/2009,0,0,25.5(-1.16 %),0,0,0,0,3892443,15.15
10/08/2009,-45000,-1201500000,26.7(4.71 %),0,0,45000,1201500000,3937443,14.76
11/08/2009,-50000,-1398800000,28(4.87 %),8000,224000000,58000,1622800000,3987443,14.33
12/08/2009,-3220,-91960000,28(0.00 %),0,0,3220,91960000,3990663,14.3
13/08/2009,-35000,-962044000,27.4(-2.14 %),0,0,35000,962044000,4025663,13.99
14/08/2009,-34500,-920800000,27(1.50 %),500,13100000,35000,933900000,4060163,13.69
17/08/2009,-47820,-1277272000,27(0.00 %),0,0,47820,1277272000,4107983,13.28
18/08/2009,0,0,26.3(-2.59 %),0,0,0,0,4107983,13.28
19/08/2009,-500,-13250000,26.4(0.38 %),0,0,500,13250000,4108483,13.27
20/08/2009,-4000,-105600000,26.5(0.38 %),0,0,4000,105600000,4112483,13.24
21/08/2009,-72510,-2013477000,27.8(4.91 %),2500,69500000,75010,2082977000,4184993,12.61
24/08/2009,-43000,-1247700000,29.1(4.68 %),0,0,43000,1247700000,4227993,12.23
25/08/2009,100,2900000,29.3(0.69 %),100,2900000,0,0,4227893,12.24
26/08/2009,0,0,29.3(0.00 %),0,0,0,0,4227893,12.24
27/08/2009,-2500,-71250000,28.9(-1.37 %),0,0,2500,71250000,4230393,12.21
28/08/2009,500,14750000,29.8(3.11 %),500,14750000,0,0,4229893,12.22
31/08/2009,0,0,30.4(2.01 %),0,0,0,0,4229893,12.22
01/09/2009,-2500,-74118000,29.6(-2.63 %),0,0,2500,74118000,4232393,12.2
03/09/2009,0,0,29.3(-1.01 %),0,0,0,0,4232393,12.2
04/09/2009,2500,76850000,30(2.39 %),3000,92100000,500,15250000,4229893,12.22
07/09/2009,0,0,31.5(5.00 %),0,0,0,0,4229893,12.22
08/09/2009,-1000,-33000000,33(4.76 %),0,0,1000,33000000,4230893,12.21
09/09/2009,1100,38040000,34.6(4.85 %),1100,38040000,0,0,4229793,12.22
10/09/2009,-1900,-66410000,32.9(-4.91 %),1100,37390000,3000,103800000,4231693,12.2
11/09/2009,5100,163200000,32(-2.74 %),5100,163200000,0,0,4226593,12.25
14/09/2009,0,0,32.9(2.81 %),0,0,0,0,4226593,12.25
15/09/2009,0,0,32.8(-0.30 %),0,0,0,0,4226593,12.25
16/09/2009,0,0,31.9(-2.74 %),0,0,0,0,4226593,12.25
17/09/2009,0,0,31.9(0.00 %),0,0,0,0,4226593,12.25
18/09/2009,0,0,32.9(3.13 %),0,0,0,0,4226393,12.25
21/09/2009,200,6380000,31.5(-4.26 %),200,6380000,0,0,4226393,12.25
22/09/2009,-5000,-157500000,31.7(0.63 %),0,0,5000,157500000,4231393,12.21
23/09/2009,-200,-6640000,33.2(4.73 %),0,0,200,6640000,4231593,12.2
24/09/2009,520,17264000,32.2(-3.01 %),520,17264000,0,0,4231073,12.21
25/09/2009,0,0,31.6(-1.86 %),0,0,0,0,4231073,12.21
28/09/2009,0,0,31(-1.90 %),0,0,0,0,4231073,12.21
29/09/2009,200,6200000,30.9(-0.32 %),200,6200000,0,0,4230573,12.21
30/09/2009,-4000,-124200000,31(0.32 %),0,0,4000,124200000,4234573,12.18
01/10/2009,-500,-15250000,30.1(-2.90 %),0,0,500,15250000,4235073,12.17
02/10/2009,-50000,-1430000000,28.6(-4.98 %),0,0,50000,1430000000,4285073,11.74
05/10/2009,0,0,28.7(0.35 %),0,0,0,0,4285073,11.74
06/10/2009,0,0,28.8(0.35 %),0,0,0,0,4285073,11.74
07/10/2009,1000,30100000,30.2(4.86 %),1000,30100000,0,0,4284073,11.75
08/10/2009,0,0,31.7(4.97 %),0,0,0,0,4284073,11.75
09/10/2009,0,0,33.1(4.42 %),0,0,0,0,4284073,11.75
12/10/2009,0,0,33.1(0.00 %),0,0,0,0,4284073,11.75
13/10/2009,-1000,-32900000,32.8(-0.91 %),0,0,1000,32900000,4285073,11.74
14/10/2009,-13750,-453705000,34(3.66 %),0,0,13750,453705000,4298823,11.62
15/10/2009,-4960,-177072000,35.7(5.00 %),40,1428000,5000,178500000,4303783,11.58
16/10/2009,0,0,35(-1.96 %),0,0,0,0,4303783,11.58
19/10/2009,0,0,34.5(-1.43 %),0,0,0,0,4303783,11.58
20/10/2009,-50000,-1734880000,34.5(0.00 %),0,0,50000,1734880000,4353783,11.14
21/10/2009,-560,-19860000,36(4.35 %),40,1380000,600,21240000,4354343,11.14
22/10/2009,0,0,37.8(5.00 %),0,0,0,0,4354343,11.14
23/10/2009,-1840,-72680000,37.8(0.00 %),1000,39500000,2840,112180000,4356183,11.12
26/10/2009,0,0,36(-4.76 %),0,0,0,0,4356183,11.12
27/10/2009,0,0,34.2(-5.00 %),0,0,0,0,4356183,11.12
28/10/2009,0,0,33(-3.51 %),0,0,0,0,4356183,11.12
29/10/2009,0,0,31.4(-4.85 %),0,0,0,0,4356183,11.12
30/10/2009,0,0,30.9(-1.59 %),0,0,0,0,4356183,11.12
02/11/2009,0,0,29.4(-4.85 %),0,0,0,0,4356183,11.12
03/11/2009,0,0,28(-4.76 %),0,0,0,0,4356183,11.12
04/11/2009,0,0,27.9(-0.36 %),0,0,0,0,4356183,11.12
05/11/2009,0,0,29.2(4.66 %),0,0,0,0,4356183,11.12
06/11/2009,0,0,27.9(-4.45 %),0,0,0,0,4356183,11.12
09/11/2009,0,0,26.6(-4.66 %),0,0,0,0,4356183,11.12
10/11/2009,0,0,26.1(-1.88 %),0,0,0,0,4356183,11.12
11/11/2009,-100000,-2670438000,27.4(4.98 %),0,0,100000,2670438000,4456183,10.25
12/11/2009,0,0,28.5(4.01 %),0,0,0,0,4456183,10.25
13/11/2009,-28650,-799160000,28.1(-1.40 %),0,0,28650,799160000,4484833,10.0
16/11/2009,-36750,-1033850000,27.2(-3.20 %),0,0,36750,1033850000,4521583,9.68
17/11/2009,-34600,-959823000,28.2(3.68 %),0,0,34600,959823000,4556183,9.38
18/11/2009,0,0,28.2(0.00 %),0,0,0,0,4556183,9.38
19/11/2009,0,0,29.6(4.96 %),0,0,0,0,4556183,9.38
20/11/2009,0,0,31(4.73 %),0,0,0,0,4556183,9.38
23/11/2009,0,0,30.1(-2.90 %),0,0,0,0,4556183,9.38
24/11/2009,0,0,31.5(4.65 %),0,0,0,0,4556183,9.38
25/11/2009,0,0,30(-4.76 %),0,0,0,0,4556183,9.38
26/11/2009,100,2850000,28.5(-5.00 %),100,2850000,0,0,4556083,9.38
27/11/2009,0,0,28.4(-0.35 %),0,0,0,0,4556083,9.38
30/11/2009,0,0,28.4(0.00 %),0,0,0,0,4556083,9.38
01/12/2009,0,0,28.5(0.35 %),0,0,0,0,4556083,9.38
02/12/2009,0,0,27.9(-2.11 %),0,0,0,0,4556083,9.38
03/12/2009,0,0,28.8(3.23 %),0,0,0,0,4556083,9.38
04/12/2009,0,0,28.7(-0.35 %),0,0,0,0,4556083,9.38
07/12/2009,0,0,30.1(4.88 %),0,0,0,0,4556083,9.38
08/12/2009,0,0,29.7(-1.33 %),0,0,0,0,4556083,9.38
09/12/2009,0,0,28.3(-4.71 %),0,0,0,0,4556083,9.38
10/12/2009,0,0,26.9(-4.95 %),0,0,0,0,4556083,9.38
11/12/2009,0,0,25.6(-4.83 %),0,0,0,0,4556083,9.38
14/12/2009,0,0,26.8(4.69 %),0,0,0,0,4556083,9.38
15/12/2009,0,0,26.5(-1.12 %),0,0,0,0,4556083,9.38
16/12/2009,0,0,25.2(-4.91 %),0,0,0,0,4556083,9.38
17/12/2009,0,0,24.5(-2.78 %),0,0,0,0,4556083,9.38
18/12/2009,0,0,25.7(4.90 %),0,0,0,0,4556083,9.38
21/12/2009,0,0,26.9(4.67 %),0,0,0,0,4556083,9.38
22/12/2009,0,0,26.3(-2.23 %),0,0,0,0,4556083,9.38
23/12/2009,0,0,26.7(1.52 %),0,0,0,0,4556083,9.38
24/12/2009,0,0,27.5(3.00 %),0,0,0,0,4556083,9.38
25/12/2009,0,0,28.5(3.64 %),0,0,0,0,4556083,9.38
28/12/2009,0,0,27.2(-4.56 %),0,0,0,0,4556083,9.38
29/12/2009,0,0,27.2(0.00 %),0,0,0,0,4556083,9.38
30/12/2009,0,0,27.3(0.37 %),0,0,0,0,4556083,9.38
31/12/2009,0,0,28.6(4.76 %),0,0,0,0,4556083,9.38
04/01/2010,0,0,30(4.90 %),0,0,0,0,4556083,9.38
05/01/2010,0,0,31.5(5.00 %),0,0,0,0,4556083,9.38
06/01/2010,0,0,33(4.76 %),0,0,0,0,4556083,9.38
07/01/2010,60000,1978000000,34.5(4.55 %),60000,1978000000,0,0,4496083,9.9
08/01/2010,60000,2055700000,32.8(-4.93 %),60000,2055700000,0,0,4436083,10.43
11/01/2010,-3000,-94800000,31.2(-4.88 %),0,0,3000,94800000,4439083,10.4
12/01/2010,0,0,29.7(-4.81 %),0,0,0,0,4439083,10.4
13/01/2010,500,14500000,31.1(4.71 %),500,14500000,0,0,4438583,10.4
14/01/2010,0,0,29.7(-4.50 %),0,0,0,0,4438583,10.4
15/01/2010,0,0,28.9(-2.69 %),0,0,0,0,4438583,10.4
18/01/2010,0,0,27.5(-4.84 %),0,0,0,0,4438583,10.4
19/01/2010,0,0,28.4(3.27 %),0,0,0,0,4438583,10.4
20/01/2010,0,0,27.5(-3.17 %),0,0,0,0,4438583,10.4
21/01/2010,0,0,26.5(-3.64 %),0,0,0,0,4438583,10.4
22/01/2010,0,0,27.6(4.15 %),0,0,0,0,4438583,10.4
25/01/2010,0,0,28(1.45 %),0,0,0,0,4438583,10.4
26/01/2010,0,0,29.4(5.00 %),0,0,0,0,4438583,10.4
27/01/2010,0,0,28.5(-3.06 %),0,0,0,0,4438583,10.4
28/01/2010,0,0,27.2(-4.56 %),0,0,0,0,4438583,10.4
29/01/2010,0,0,27.2(0.00 %),0,0,0,0,4438583,10.4
01/02/2010,0,0,27.2(0.00 %),0,0,0,0,4438583,10.4
02/02/2010,0,0,27.1(-0.37 %),0,0,0,0,4438583,10.4
03/02/2010,0,0,27.5(1.48 %),0,0,0,0,4438583,10.4
04/02/2010,0,0,27.9(1.45 %),0,0,0,0,4438583,10.4
05/02/2010,0,0,27.2(-2.51 %),0,0,0,0,4438583,10.4
08/02/2010,0,0,27.1(-0.37 %),0,0,0,0,4438583,10.4
09/02/2010,0,0,26.6(-1.85 %),0,0,0,0,4438583,10.4
10/02/2010,-10000,-270000000,27(1.50 %),0,0,10000,270000000,4448583,10.32
11/02/2010,0,0,27.3(1.11 %),0,0,0,0,4448583,10.32
12/02/2010,0,0,27.5(0.73 %),0,0,0,0,4448583,10.32
22/02/2010,0,0,27.4(-0.36 %),0,0,0,0,4448583,10.32
23/02/2010,0,0,27.1(-1.09 %),0,0,0,0,4448583,10.32
24/02/2010,0,0,27.4(1.11 %),0,0,0,0,4448583,10.32
25/02/2010,0,0,27.4(0.00 %),0,0,0,0,4448583,10.32
26/02/2010,0,0,27.4(0.00 %),0,0,0,0,4452314,10.32
01/03/2010,0,0,27.5(0.36 %),0,0,0,0,4452314,10.28
02/03/2010,0,0,27.6(0.36 %),0,0,0,0,4452314,10.28
03/03/2010,-14000,-393800000,28.3(2.54 %),0,0,14000,393800000,4466314,10.16
04/03/2010,0,0,29(2.47 %),0,0,0,0,4466314,10.16
05/03/2010,-3370,-97730000,29.2(0.69 %),0,0,3370,97730000,4469684,10.13
08/03/2010,0,0,30.6(4.79 %),0,0,0,0,4469684,10.13
09/03/2010,0,0,30(-1.96 %),0,0,0,0,4469684,10.13
10/03/2010,0,0,29.3(-2.33 %),0,0,0,0,4469684,10.13
11/03/2010,0,0,29(-1.02 %),0,0,0,0,4469684,10.13
12/03/2010,0,0,29.2(0.69 %),0,0,0,0,4469684,10.13
15/03/2010,1000,30000000,30.2(3.42 %),1000,30000000,0,0,4468684,10.14
16/03/2010,0,0,28.7(-4.97 %),0,0,0,0,4468684,10.14
17/03/2010,0,0,28.5(-0.70 %),0,0,0,0,4468684,10.14
18/03/2010,840,24292000,28.8(1.05 %),1000,28900000,160,4608000,4467844,10.15
19/03/2010,0,0,28.4(-1.39 %),0,0,0,0,4467844,10.15
22/03/2010,0,0,28.7(1.06 %),0,0,0,0,4467844,10.15
23/03/2010,0,0,28.5(-0.70 %),0,0,0,0,4467844,10.15
24/03/2010,0,0,29.9(4.91 %),0,0,0,0,4467844,10.15
25/03/2010,0,0,28.8(-3.68 %),0,0,0,0,4467844,10.15
26/03/2010,0,0,28.7(-0.35 %),0,0,0,0,4467844,10.15
29/03/2010,-2000,-59100000,29.6(3.14 %),0,0,2000,59100000,4469844,10.13
30/03/2010,0,0,29.2(-1.35 %),0,0,0,0,4469844,10.13
31/03/2010,50,1450000,28.9(-1.03 %),50,1450000,0,0,4469794,10.13
01/04/2010,0,0,29.4(1.73 %),0,0,0,0,4469794,10.13
02/04/2010,1600,47040000,29.2(-0.68 %),1600,47040000,0,0,4468194,10.15
05/04/2010,0,0,28.8(2.86 %),0,0,0,0,4468194,10.15
06/04/2010,0,0,29(0.69 %),0,0,0,0,4468194,10.15
07/04/2010,0,0,30.4(4.83 %),0,0,0,0,4468194,10.15
08/04/2010,1900,60450000,31.9(4.93 %),2000,63600000,100,3150000,4466294,10.16
09/04/2010,0,0,31(-2.82 %),0,0,0,0,4466294,10.16
12/04/2010,0,0,30.1(-2.90 %),0,0,0,0,4466294,10.16
13/04/2010,13000,382200000,29.3(-2.66 %),15000,441400000,2000,59200000,4453294,10.28
14/04/2010,49440,1460489000,29.6(1.02 %),49440,1460489000,0,0,4403854,10.71
15/04/2010,0,0,30.7(3.72 %),0,0,0,0,4403854,10.71
16/04/2010,32650,989295000,30.3(-1.30 %),32650,989295000,0,0,4371204,10.99
19/04/2010,0,0,31(2.31 %),0,0,0,0,4371204,10.99
20/04/2010,200,6360000,32.5(4.84 %),200,6360000,0,0,4371004,10.99
21/04/2010,300,9630000,31.9(-1.85 %),300,9630000,0,0,4370704,10.99
22/04/2010,100560,3248027000,31.8(-0.31 %),100660,3251227000,100,3200000,4270144,11.87
26/04/2010,0,0,31.5(-0.94 %),0,0,0,0,4270144,11.87
27/04/2010,0,0,32(1.59 %),0,0,0,0,4270144,11.87
28/04/2010,0,0,31.8(-0.62 %),0,0,0,0,4270144,11.87
29/04/2010,0,0,32.6(2.52 %),0,0,0,0,4270144,11.87
04/05/2010,0,0,34.2(4.91 %),0,0,0,0,4270144,11.87
05/05/2010,-41820,-1405131000,33.3(-2.63 %),0,0,41820,1405131000,4311964,11.5
06/05/2010,-50000,-1610700000,32.3(-3.00 %),0,0,50000,1610700000,4361964,11.07
07/05/2010,0,0,31.1(-3.72 %),0,0,0,0,4361964,11.07
10/05/2010,0,0,30.2(-2.89 %),0,0,0,0,4361964,11.07
11/05/2010,25000,772100000,30.4(0.66 %),25000,772100000,0,0,4336964,11.29
12/05/2010,2000,60100000,29.1(-4.28 %),2000,60100000,0,0,4334964,11.3
13/05/2010,7000,203700000,29.1(0.00 %),7000,203700000,0,0,4327964,11.37
14/05/2010,2000,58300000,29.4(1.03 %),2000,58300000,0,0,4325964,11.38
17/05/2010,2000,56400000,28.6(-2.72 %),2000,56400000,0,0,4323964,11.4
18/05/2010,6760,190908000,28.2(-1.40 %),6760,190908000,0,0,4317204,11.46
19/05/2010,7900,215370000,27.1(-3.90 %),7900,215370000,0,0,4309304,11.53
20/05/2010,4010,107871000,27.6(1.85 %),4010,107871000,0,0,4305294,11.56
21/05/2010,0,0,26.3(-4.71 %),0,0,0,0,4305294,11.56
24/05/2010,0,0,26.4(0.38 %),0,0,0,0,4305294,11.56
25/05/2010,10,269000,26.4(0.00 %),10,269000,0,0,4305284,11.56
26/05/2010,0,0,27(2.27 %),0,0,0,0,4305284,11.56
27/05/2010,30,809000,27(0.00 %),30,809000,0,0,4305254,11.56
28/05/2010,0,0,28.3(4.81 %),0,0,0,0,4305254,11.56
31/05/2010,0,0,27.5(-2.83 %),0,0,0,0,4305254,11.56
01/06/2010,90,2472000,27.2(-1.09 %),90,2472000,0,0,4305164,11.56
02/06/2010,0,0,27.5(1.10 %),0,0,0,0,4305164,11.56
03/06/2010,0,0,28.8(4.73 %),0,0,0,0,4305164,11.56
04/06/2010,0,0,28.3(-1.74 %),0,0,0,0,4305164,11.56
07/06/2010,0,0,27.5(-2.83 %),0,0,0,0,4305164,11.56
08/06/2010,200,5420000,27.6(0.36 %),200,5420000,0,0,4304964,11.57
09/06/2010,0,0,27.6(0.00 %),0,0,0,0,4304964,11.57
10/06/2010,0,0,27.7(0.36 %),0,0,0,0,4304964,11.57
11/06/2010,0,0,27.9(0.72 %),0,0,0,0,4304964,11.57
14/06/2010,0,0,27.9(0.00 %),0,0,0,0,4304964,11.57
15/06/2010,200,5540000,27.8(-0.36 %),200,5540000,0,0,4304764,11.57
16/06/2010,0,0,28(0.72 %),0,0,0,0,4304764,11.57
17/06/2010,0,0,27.9(-0.36 %),0,0,0,0,4304764,11.57
21/06/2010,0,0,28.3(1.07 %),0,0,0,0,4304764,11.57
22/06/2010,0,0,28.3(0.00 %),0,0,0,0,4304764,11.57
23/06/2010,0,0,28.1(-0.71 %),0,0,0,0,4304764,11.57
24/06/2010,0,0,28.1(0.00 %),0,0,0,0,4304764,11.57
25/06/2010,33500,988250000,29.5(4.98 %),33500,988250000,0,0,4271264,11.86
28/06/2010,100,2900000,29.1(-1.36 %),100,2900000,0,0,4271164,11.86
29/06/2010,10,290000,28.7(-1.37 %),10,290000,0,0,4271154,11.86
30/06/2010,20,566000,28.3(-1.39 %),20,566000,0,0,4271134,11.86
01/07/2010,-500,-14150000,28.3(0.00 %),0,0,500,14150000,4271634,11.86
02/07/2010,0,0,29(2.47 %),0,0,0,0,4271634,11.86
05/07/2010,0,0,30.3(4.48 %),0,0,0,0,4271634,11.86
06/07/2010,-33110,-960257000,29.4(-2.97 %),0,0,33110,960257000,4304744,11.57
07/07/2010,-450,-13140000,28.5(-3.06 %),0,0,450,13140000,4305194,11.56
08/07/2010,0,0,28.8(1.05 %),0,0,0,0,4305194,11.56
09/07/2010,0,0,28.8(0.00 %),0,0,0,0,4305194,11.56
12/07/2010,0,0,28.8(0.00 %),0,0,0,0,4305194,11.56
13/07/2010,0,0,29.9(3.82 %),0,0,0,0,4305194,11.56
14/07/2010,0,0,29.6(-1.00 %),0,0,0,0,4305194,11.56
15/07/2010,0,0,29(-2.03 %),0,0,0,0,4305194,11.56
16/07/2010,0,0,29(0.00 %),0,0,0,0,4305194,11.56
19/07/2010,0,0,29.1(0.34 %),0,0,0,0,4305194,11.56
20/07/2010,0,0,29.3(0.69 %),0,0,0,0,4305194,11.56
21/07/2010,-440,-12804000,28.9(-1.37 %),0,0,440,12804000,4305634,11.56
22/07/2010,0,0,28.5(-1.38 %),0,0,0,0,4305634,11.56
23/07/2010,0,0,28.4(-0.35 %),0,0,0,0,4305634,11.56
26/07/2010,5000,144950000,28.4(0.00 %),5000,144950000,0,0,4300634,11.6
27/07/2010,5000,142500000,28(-1.41 %),5000,142500000,0,0,4295634,11.65
28/07/2010,0,0,27.2(-2.86 %),0,0,0,0,4295634,11.65
29/07/2010,-31740,-857280000,26.9(-1.10 %),0,0,31740,857280000,4327374,11.37
30/07/2010,0,0,26.9(0.00 %),0,0,0,0,4327374,11.37
02/08/2010,5000,136970000,27(0.37 %),5000,136970000,0,0,4322374,11.41
03/08/2010,0,0,27(0.00 %),0,0,0,0,4322374,11.41
04/08/2010,0,0,26.7(-1.11 %),0,0,0,0,4322374,11.41
05/08/2010,0,0,26.8(0.37 %),0,0,0,0,4322374,11.41
06/08/2010,0,0,26.4(-1.49 %),0,0,0,0,4322374,11.41
09/08/2010,0,0,25.4(-3.79 %),0,0,0,0,4322374,11.41
10/08/2010,0,0,24.4(-3.94 %),0,0,0,0,4322374,11.41
11/08/2010,0,0,24.8(1.64 %),0,0,0,0,0,49.0
12/08/2010,0,0,23.6(-4.84 %),0,0,0,0,4322374,11.41
13/08/2010,0,0,24.3(2.97 %),0,0,0,0,4322374,11.41
16/08/2010,0,0,25.5(4.94 %),0,0,0,0,4322374,11.41
17/08/2010,0,0,25.5(0.00 %),0,0,0,0,0,0.0
18/08/2010,0,0,24.7(-3.14 %),0,0,0,0,4322374,11.41
19/08/2010,0,0,24.5(-0.81 %),0,0,0,0,4322374,11.41
20/08/2010,0,0,24(1.27 %),0,0,0,0,4322374,11.41
23/08/2010,0,0,23(-4.17 %),0,0,0,0,4322374,11.41
24/08/2010,-101520,-2226143000,21.9(-4.78 %),400,8760000,101920,2234903000,4423894,10.53
25/08/2010,1500,31440000,20.9(-4.57 %),1500,31440000,0,0,4422394,10.54
26/08/2010,0,0,21(0.48 %),0,0,0,0,4422394,10.54
27/08/2010,0,0,21(0.00 %),0,0,0,0,4422394,10.54
30/08/2010,0,0,22(4.76 %),0,0,0,0,4422394,10.54
31/08/2010,1000,23000000,23(4.55 %),1000,23000000,0,0,4421394,10.55
01/09/2010,0,0,23.1(0.43 %),0,0,0,0,4421394,10.55
06/09/2010,0,0,24.1(4.33 %),0,0,0,0,4417663,10.55
07/09/2010,0,0,23.8(-1.24 %),0,0,0,0,4421394,10.55
08/09/2010,0,0,23.5(-1.26 %),0,0,0,0,4421394,10.55
09/09/2010,-15000,-354581000,24(2.13 %),0,0,15000,354581000,4436394,10.42
10/09/2010,0,0,22.8(-5.00 %),0,0,0,0,4436394,10.42
13/09/2010,10000,228000000,22(-3.51 %),10000,228000000,0,0,4426394,10.51
14/09/2010,0,0,22.5(2.27 %),0,0,0,0,4426394,10.51
15/09/2010,0,0,22(-2.22 %),0,0,0,0,4426394,10.51
16/09/2010,0,0,22.1(0.45 %),0,0,0,0,4426394,10.51
17/09/2010,0,0,22.9(3.62 %),0,0,0,0,4426394,10.51
20/09/2010,0,0,23.3(1.75 %),0,0,0,0,4426394,10.51
21/09/2010,0,0,22.9(-1.72 %),0,0,0,0,4426394,10.51
22/09/2010,0,0,23(0.44 %),0,0,0,0,4426394,10.51
23/09/2010,0,0,22.9(-0.43 %),0,0,0,0,4426394,10.51
24/09/2010,0,0,22.9(0.00 %),0,0,0,0,4426394,10.51
27/09/2010,0,0,22.9(0.00 %),0,0,0,0,4426394,10.51
28/09/2010,0,0,22.8(-0.44 %),0,0,0,0,4426394,10.51
29/09/2010,0,0,22.5(-1.32 %),0,0,0,0,4426394,10.51
30/09/2010,0,0,22.5(0.00 %),0,0,0,0,4422663,10.51
01/10/2010,-900,-20160000,22.4(-0.44 %),0,0,900,20160000,4423563,10.53
04/10/2010,0,0,21.4(-4.46 %),0,0,0,0,4423563,10.53
05/10/2010,0,0,21.4(0.00 %),0,0,0,0,4423563,10.53
06/10/2010,0,0,21.9(2.34 %),0,0,0,0,4423563,10.53
07/10/2010,1000,21740000,21.6(-1.37 %),1000,21740000,0,0,4422563,10.54
08/10/2010,0,0,21.6(0.00 %),0,0,0,0,4422563,10.54
11/10/2010,0,0,22(1.85 %),0,0,0,0,4422563,10.54
12/10/2010,0,0,21.7(-1.36 %),0,0,0,0,4422563,10.54
13/10/2010,0,0,21.6(-0.46 %),0,0,0,0,4422563,10.54
14/10/2010,0,0,22(1.85 %),0,0,0,0,4422563,10.54
15/10/2010,0,0,22(0.00 %),0,0,0,0,4422563,10.54
18/10/2010,0,0,22.1(0.45 %),0,0,0,0,4422563,10.54
19/10/2010,0,0,21(-4.98 %),0,0,0,0,4422563,10.54
20/10/2010,100,2000000,20.1(-4.29 %),100,2000000,0,0,4422463,10.54
21/10/2010,0,0,20.7(2.99 %),0,0,0,0,4422463,10.54
22/10/2010,0,0,20.2(-2.42 %),0,0,0,0,4422463,10.54
25/10/2010,0,0,20.4(0.99 %),0,0,0,0,4422463,10.54
26/10/2010,0,0,20.7(1.47 %),0,0,0,0,4422463,10.54
27/10/2010,0,0,20.2(-2.42 %),0,0,0,0,4422463,10.54
28/10/2010,0,0,20.2(0.00 %),0,0,0,0,4422463,10.54
29/10/2010,2600,53820000,20.5(1.49 %),2600,53820000,0,0,4419863,10.57
01/11/2010,1100,22550000,20.4(-0.49 %),1100,22550000,0,0,4418763,10.58
02/11/2010,0,0,20.3(-0.49 %),0,0,0,0,4418763,10.58
03/11/2010,0,0,20.2(-0.49 %),0,0,0,0,4418763,10.58
04/11/2010,0,0,20.5(1.49 %),0,0,0,0,4418763,10.58
05/11/2010,0,0,20.6(0.49 %),0,0,0,0,4418763,10.58
08/11/2010,0,0,20.6(0.00 %),0,0,0,0,4418763,10.58
09/11/2010,0,0,20.1(-2.43 %),0,0,0,0,4418763,10.58
10/11/2010,0,0,20.1(0.00 %),0,0,0,0,4418763,10.58
11/11/2010,0,0,19.8(-1.49 %),0,0,0,0,4418763,10.58
12/11/2010,0,0,18.9(-4.55 %),0,0,0,0,4418763,10.58
15/11/2010,5000,91000000,18.2(-3.70 %),5000,91000000,0,0,4413763,10.62
16/11/2010,0,0,17.5(-3.85 %),0,0,0,0,4413763,10.62
17/11/2010,0,0,17.4(-0.57 %),0,0,0,0,4413763,10.62
18/11/2010,0,0,18(3.45 %),0,0,0,0,4413763,10.62
19/11/2010,2000,36200000,17.5(-2.78 %),2000,36200000,0,0,4411763,10.64
22/11/2010,0,0,17.1(-2.29 %),0,0,0,0,4411763,10.64
23/11/2010,0,0,17.1(0.00 %),0,0,0,0,4411763,10.64
24/11/2010,0,0,17.6(2.92 %),0,0,0,0,4411763,10.64
25/11/2010,0,0,18.4(4.55 %),0,0,0,0,4411763,10.64
26/11/2010,0,0,18.6(1.09 %),0,0,0,0,4411763,10.64
29/11/2010,0,0,18.7(0.54 %),0,0,0,0,4411763,10.64
30/11/2010,0,0,19.6(4.81 %),0,0,0,0,4411763,10.64
01/12/2010,0,0,19.2(-2.04 %),0,0,0,0,4411763,10.64
02/12/2010,-25000,-502500000,20.1(4.69 %),0,0,25000,502500000,4436763,10.42
03/12/2010,-65000,-1371500000,21.1(4.98 %),0,0,65000,1371500000,4501763,9.85
06/12/2010,0,0,22.1(4.74 %),0,0,0,0,4501763,9.85
07/12/2010,0,0,23.2(4.98 %),0,0,0,0,4501763,9.85
08/12/2010,0,0,22.1(-4.74 %),0,0,0,0,4501763,9.85
09/12/2010,0,0,22.9(3.62 %),0,0,0,0,4501763,9.85
10/12/2010,0,0,23.3(1.75 %),0,0,0,0,4501763,9.85
13/12/2010,0,0,24.3(4.29 %),0,0,0,0,4501763,9.85
14/12/2010,0,0,23.1(-4.94 %),0,0,0,0,4501763,9.85
15/12/2010,0,0,22(-4.76 %),0,0,0,0,4501763,9.85
16/12/2010,0,0,20.9(-5.00 %),0,0,0,0,4501763,9.85
17/12/2010,2000,43000000,21.5(2.87 %),2000,43000000,0,0,4499763,9.87
20/12/2010,0,0,21.3(-0.93 %),0,0,0,0,4499763,9.87
21/12/2010,7420,162484000,21.7(1.88 %),7420,162484000,0,0,4492343,9.94
22/12/2010,10000,216300000,21.7(0.00 %),10000,216300000,0,0,4482343,10.02
23/12/2010,0,0,20.8(-4.15 %),0,0,0,0,4482343,10.02
24/12/2010,0,0,21(0.96 %),0,0,0,0,4482343,10.02
27/12/2010,0,0,21.5(2.38 %),0,0,0,0,4482343,10.02
28/12/2010,-260,-5512000,22.2(3.26 %),0,0,260,5512000,4482603,10.02
29/12/2010,0,0,22.1(-0.45 %),0,0,0,0,4482603,10.02
30/12/2010,300,6450000,21.5(-2.71 %),300,6450000,0,0,4482303,10.02
31/12/2010,0,0,21.5(0.00 %),0,0,0,0,4482303,10.02
04/01/2011,0,0,21.9(1.86 %),0,0,0,0,4482303,10.02
05/01/2011,0,0,21.7(-0.91 %),0,0,0,0,4482303,10.02
06/01/2011,0,0,21.6(-0.46 %),0,0,0,0,4482303,10.02
07/01/2011,0,0,21.5(-0.46 %),0,0,0,0,4482303,10.02
10/01/2011,0,0,21(-2.33 %),0,0,0,0,4482303,10.02
11/01/2011,0,0,20.1(-4.29 %),0,0,0,0,4482303,10.02
12/01/2011,0,0,21.1(4.98 %),0,0,0,0,4482303,10.02
13/01/2011,0,0,22.1(4.74 %),0,0,0,0,4482303,10.02
14/01/2011,0,0,23.2(4.98 %),0,0,0,0,4482303,10.02
17/01/2011,0,0,24.3(4.74 %),0,0,0,0,4482303,10.02
18/01/2011,0,0,24.3(0.00 %),0,0,0,0,4482303,10.02
19/01/2011,0,0,24.3(0.00 %),0,0,0,0,4482303,10.02
20/01/2011,2000,48000000,23.9(-1.65 %),2000,48000000,0,0,4480303,10.04
21/01/2011,1000,23500000,23.4(-2.09 %),1000,23500000,0,0,4479303,10.05
24/01/2011,0,0,22.3(-4.70 %),0,0,0,0,4479303,10.05
25/01/2011,0,0,23.1(3.59 %),0,0,0,0,4479303,10.05
26/01/2011,0,0,22.9(-0.87 %),0,0,0,0,4479303,10.05
27/01/2011,0,0,22.9(0.00 %),0,0,0,0,4479303,10.05
28/01/2011,0,0,22.5(-1.75 %),0,0,0,0,4479303,10.05
08/02/2011,0,0,22.3(-0.89 %),0,0,0,0,4479303,10.05
09/02/2011,0,0,22(-1.35 %),0,0,0,0,4479303,10.05
10/02/2011,0,0,21.5(-2.27 %),0,0,0,0,4479303,10.05
11/02/2011,-9000,-192900000,21.4(-0.47 %),0,0,9000,192900000,4488303,9.97
14/02/2011,0,0,21.3(-0.47 %),0,0,0,0,4488303,9.97
15/02/2011,0,0,21.3(0.00 %),0,0,0,0,4488303,9.97
16/02/2011,-10000,-212000000,21.1(-0.94 %),0,0,10000,212000000,4498303,9.88
17/02/2011,0,0,21(-0.47 %),0,0,0,0,4498303,9.88
18/02/2011,0,0,20.7(-1.43 %),0,0,0,0,4498303,9.88
21/02/2011,0,0,19.7(-4.83 %),0,0,0,0,4498303,9.88
22/02/2011,0,0,18.8(-4.57 %),0,0,0,0,4498303,9.88
23/02/2011,0,0,19.3(2.66 %),0,0,0,0,4498303,9.88
24/02/2011,0,0,18.9(-2.07 %),0,0,0,0,4498303,9.88
25/02/2011,0,0,19.2(1.59 %),0,0,0,0,4498303,9.88
28/02/2011,0,0,20(4.17 %),0,0,0,0,4498303,9.88
01/03/2011,0,0,20(0.00 %),0,0,0,0,4498303,9.88
02/03/2011,0,0,19(-5.00 %),0,0,0,0,4498303,9.88
03/03/2011,0,0,18.1(-4.74 %),0,0,0,0,0,0.0
04/03/2011,0,0,17.9(-1.10 %),0,0,0,0,0,0.0
07/03/2011,0,0,17.7(-1.12 %),0,0,0,0,0,0.0
08/03/2011,0,0,18(1.69 %),0,0,0,0,0,0.0
09/03/2011,-300,-5190000,17.4(-3.33 %),0,0,300,5190000,0,0.0
10/03/2011,0,0,18.2(4.60 %),0,0,0,0,0,0.0
11/03/2011,0,0,19.1(4.95 %),0,0,0,0,0,0.0
14/03/2011,0,0,18.2(-4.71 %),0,0,0,0,0,0.0
15/03/2011,0,0,17.9(-1.65 %),0,0,0,0,0,0.0
16/03/2011,0,0,18.2(1.68 %),0,0,0,0,4502352,9.85
17/03/2011,0,0,18(-1.10 %),0,0,0,0,4502352,9.85
18/03/2011,0,0,18.3(1.67 %),0,0,0,0,4502352,9.85
21/03/2011,0,0,18.3(0.00 %),0,0,0,0,4502352,9.85
22/03/2011,0,0,18(-1.64 %),0,0,0,0,4502352,9.85
23/03/2011,0,0,18.3(1.67 %),0,0,0,0,4502352,9.85
24/03/2011,0,0,18.3(0.00 %),0,0,0,0,4502352,9.85
25/03/2011,0,0,19.2(4.92 %),0,0,0,0,4502352,9.85
28/03/2011,0,0,19.2(0.00 %),0,0,0,0,4502352,9.85
29/03/2011,0,0,18.9(-1.56 %),0,0,0,0,4502352,9.85
30/03/2011,0,0,18.8(-0.53 %),0,0,0,0,4502352,9.85
31/03/2011,0,0,18.4(-2.13 %),0,0,0,0,4502352,9.85
01/04/2011,0,0,18.3(-0.54 %),0,0,0,0,4502352,9.85
04/04/2011,0,0,18.3(0.00 %),0,0,0,0,4502352,9.85
05/04/2011,0,0,18.2(-0.55 %),0,0,0,0,4502352,9.85
06/04/2011,0,0,18.7(2.75 %),0,0,0,0,4502352,9.85
07/04/2011,0,0,18.6(-0.53 %),0,0,0,0,4502352,9.85
08/04/2011,0,0,17.5(0.57 %),0,0,0,0,4502352,9.85
13/04/2011,0,0,17.4(-0.57 %),0,0,0,0,4502352,9.85
14/04/2011,0,0,17.4(0.00 %),0,0,0,0,4502352,9.85
15/04/2011,0,0,17.1(-1.72 %),0,0,0,0,4502352,9.85
18/04/2011,0,0,16.6(-2.92 %),0,0,0,0,4502352,9.85
19/04/2011,0,0,16.6(0.00 %),0,0,0,0,4502352,9.85
20/04/2011,0,0,16.7(0.60 %),0,0,0,0,4502352,9.85
21/04/2011,0,0,16(-4.19 %),0,0,0,0,4502352,9.85
22/04/2011,0,0,15.9(-0.62 %),0,0,0,0,4502352,9.85
25/04/2011,0,0,16.5(3.77 %),0,0,0,0,4502352,9.85
26/04/2011,0,0,16.4(-0.61 %),0,0,0,0,4502352,9.85
27/04/2011,0,0,16.2(-1.22 %),0,0,0,0,4502352,9.85
28/04/2011,0,0,16.4(1.23 %),0,0,0,0,4502352,9.85
29/04/2011,0,0,17(3.66 %),0,0,0,0,4502352,9.85
04/05/2011,0,0,17.1(0.59 %),0,0,0,0,4502352,9.85
05/05/2011,0,0,16.5(-3.51 %),0,0,0,0,4502352,9.85
06/05/2011,0,0,16.5(0.00 %),0,0,0,0,4502352,9.85
09/05/2011,0,0,17.3(4.85 %),0,0,0,0,4502352,9.85
10/05/2011,0,0,17.4(0.58 %),0,0,0,0,4502352,9.85
11/05/2011,0,0,17.3(-0.57 %),0,0,0,0,4502352,9.85
12/05/2011,0,0,17.3(0.00 %),0,0,0,0,4502352,9.85
13/05/2011,0,0,17.2(-0.58 %),0,0,0,0,4502352,9.85
16/05/2011,0,0,16.9(-1.74 %),0,0,0,0,4502352,9.85
17/05/2011,0,0,16.9(0.00 %),0,0,0,0,4502352,9.85
18/05/2011,0,0,16.8(-0.59 %),0,0,0,0,4502352,9.85
19/05/2011,0,0,16.5(-1.79 %),0,0,0,0,4502352,9.85
20/05/2011,0,0,16.1(-2.42 %),0,0,0,0,4502352,9.85
23/05/2011,-5000,-78000000,15.7(-2.48 %),0,0,5000,78000000,4507352,9.81
24/05/2011,0,0,15.3(-2.55 %),0,0,0,0,4507352,9.81
25/05/2011,0,0,15(-1.96 %),0,0,0,0,4507352,9.81
26/05/2011,100,1470000,15.7(4.67 %),100,1470000,0,0,4507252,9.81
27/05/2011,0,0,16.4(4.46 %),0,0,0,0,4507252,9.81
30/05/2011,1000,16700000,16.1(-1.83 %),1000,16700000,0,0,4506252,9.82
31/05/2011,0,0,16.3(1.24 %),0,0,0,0,4506252,9.82
01/06/2011,0,0,16.9(3.68 %),0,0,0,0,4506252,9.82
02/06/2011,0,0,17.3(2.37 %),0,0,0,0,4506252,9.82
03/06/2011,0,0,16.7(-3.47 %),0,0,0,0,4506252,9.82
06/06/2011,0,0,16.7(0.00 %),0,0,0,0,4506252,9.82
07/06/2011,0,0,17.2(2.99 %),0,0,0,0,4506252,9.82
08/06/2011,0,0,16.7(-2.91 %),0,0,0,0,4506252,9.82
09/06/2011,0,0,16.8(0.60 %),0,0,0,0,4506252,9.82
10/06/2011,0,0,17.5(4.17 %),0,0,0,0,4506252,9.82
13/06/2011,0,0,17.4(-0.57 %),0,0,0,0,4506252,9.82
14/06/2011,0,0,17.2(-1.15 %),0,0,0,0,4506252,9.82
15/06/2011,0,0,16.4(-4.65 %),0,0,0,0,4506252,9.82
16/06/2011,0,0,16.9(3.05 %),0,0,0,0,4506252,9.82
17/06/2011,0,0,16.4(-2.96 %),0,0,0,0,4506252,9.82
20/06/2011,0,0,16.4(0.00 %),0,0,0,0,4506252,9.82
21/06/2011,0,0,16.5(0.61 %),0,0,0,0,4506252,9.82
22/06/2011,0,0,16.4(-0.61 %),0,0,0,0,4506252,9.82
23/06/2011,0,0,16.4(0.00 %),0,0,0,0,4506252,9.82
24/06/2011,0,0,16.5(0.61 %),0,0,0,0,4506252,9.82
27/06/2011,0,0,16.5(0.00 %),0,0,0,0,4506252,9.82
28/06/2011,0,0,16.1(-2.42 %),0,0,0,0,4506252,9.82
29/06/2011,0,0,16.2(0.62 %),0,0,0,0,4506252,9.82
30/06/2011,0,0,16.2(0.00 %),0,0,0,0,4506252,9.82
01/07/2011,0,0,16(-1.23 %),0,0,0,0,4506252,9.82
04/07/2011,0,0,15.8(-1.25 %),0,0,0,0,4506252,9.82
05/07/2011,0,0,16.3(3.16 %),0,0,0,0,4506252,9.82
06/07/2011,0,0,16.2(-0.61 %),0,0,0,0,4506252,9.82
07/07/2011,0,0,16(-1.23 %),0,0,0,0,4506252,9.82
08/07/2011,0,0,16(0.00 %),0,0,0,0,4506252,9.82
11/07/2011,0,0,15.8(-1.25 %),0,0,0,0,4506252,9.82
12/07/2011,0,0,15.5(-1.90 %),0,0,0,0,4506252,9.82
13/07/2011,0,0,15.7(1.29 %),0,0,0,0,4506252,9.82
14/07/2011,0,0,15.7(0.00 %),0,0,0,0,4506252,9.82
15/07/2011,0,0,15.8(0.64 %),0,0,0,0,4506252,9.82
18/07/2011,0,0,16(1.27 %),0,0,0,0,4506252,9.82
19/07/2011,0,0,15.8(-1.25 %),0,0,0,0,4506252,9.82
20/07/2011,0,0,15.9(0.63 %),0,0,0,0,4506252,9.82
21/07/2011,0,0,15.9(0.00 %),0,0,0,0,4506252,9.82
22/07/2011,0,0,16(0.63 %),0,0,0,0,4506252,9.82
25/07/2011,2000,31800000,15.9(-0.62 %),2000,31800000,0,0,4504252,9.83
26/07/2011,0,0,15.9(0.00 %),0,0,0,0,4504252,9.83
27/07/2011,0,0,15.9(0.00 %),0,0,0,0,4504252,9.83
28/07/2011,0,0,16.2(1.89 %),0,0,0,0,4504252,9.83
29/07/2011,0,0,16(-1.23 %),0,0,0,0,4504252,9.83
01/08/2011,0,0,15.9(-0.62 %),0,0,0,0,4504252,9.83
02/08/2011,0,0,15.7(-1.26 %),0,0,0,0,4504252,9.83
03/08/2011,0,0,15.9(1.27 %),0,0,0,0,4504252,9.83
04/08/2011,0,0,16.2(1.89 %),0,0,0,0,4504252,9.83
05/08/2011,0,0,16(-1.23 %),0,0,0,0,4504252,9.83
08/08/2011,0,0,16.1(0.62 %),0,0,0,0,4504252,9.83
09/08/2011,0,0,15.9(-1.24 %),0,0,0,0,4504252,9.83
10/08/2011,0,0,16(0.63 %),0,0,0,0,4504252,9.83
11/08/2011,0,0,16.1(0.62 %),0,0,0,0,4504252,9.83
12/08/2011,0,0,16.5(2.48 %),0,0,0,0,4504252,9.83
15/08/2011,0,0,16.4(-0.61 %),0,0,0,0,4504252,9.83
16/08/2011,0,0,16.6(1.22 %),0,0,0,0,4504252,9.83
17/08/2011,0,0,15.3(1.32 %),0,0,0,0,4504252,9.83
18/08/2011,0,0,15.4(0.65 %),0,0,0,0,4504252,9.83
19/08/2011,0,0,15.1(-1.95 %),0,0,0,0,4504252,9.83
22/08/2011,0,0,15.4(1.99 %),0,0,0,0,4504252,9.83
23/08/2011,1000,15200000,15.3(-0.65 %),1000,15200000,0,0,4503252,9.84
24/08/2011,5000,76000000,15.1(-1.31 %),5000,76000000,0,0,4498252,9.88
25/08/2011,0,0,15.1(0.00 %),0,0,0,0,4498252,9.88
26/08/2011,0,0,15.1(0.00 %),0,0,0,0,4498252,9.88
29/08/2011,0,0,15.5(2.65 %),0,0,0,0,4498252,9.88
30/08/2011,0,0,15.7(1.29 %),0,0,0,0,4498252,9.88
31/08/2011,3000,46800000,15.6(-0.64 %),3000,46800000,0,0,4495252,9.91
01/09/2011,0,0,15.8(1.28 %),0,0,0,0,4495252,9.91
05/09/2011,0,0,15.7(-0.63 %),0,0,0,0,4495252,9.91
06/09/2011,0,0,15.3(-2.55 %),0,0,0,0,4495252,9.91
07/09/2011,3510,54405000,15.5(1.31 %),3510,54405000,0,0,4491742,9.94
08/09/2011,0,0,15.7(1.29 %),0,0,0,0,4491742,9.94
09/09/2011,0,0,15.6(-0.64 %),0,0,0,0,4491742,9.94
12/09/2011,-10000,-156000000,15.5(-0.64 %),0,0,10000,156000000,4501742,9.85
13/09/2011,1070,17013000,16.2(4.52 %),1070,17013000,0,0,4500672,9.86
14/09/2011,-36570,-585120000,15.8(-2.47 %),24930,398880000,61500,984000000,4537242,9.55
15/09/2011,0,0,15.8(0.00 %),0,0,0,0,4537242,9.55
16/09/2011,0,0,15.3(-3.16 %),0,0,0,0,4537242,9.55
19/09/2011,0,0,15.6(1.96 %),0,0,0,0,4537242,9.55
20/09/2011,-49920,-779744000,15.6(0.00 %),0,0,49920,779744000,4587162,9.11
21/09/2011,-50000,-780007000,15.7(0.64 %),0,0,50000,780007000,4637162,8.68
22/09/2011,-40000,-625000000,15.8(0.64 %),0,0,40000,625000000,4677162,8.33
23/09/2011,0,0,15.6(-1.27 %),0,0,0,0,4677162,8.33
26/09/2011,-18000,-281000000,15.7(0.64 %),2000,31000000,20000,312000000,4695162,8.17
27/09/2011,-1140,-17624000,15.6(-0.64 %),2900,45530000,4040,63154000,4696302,8.16
28/09/2011,100,1580000,15.7(0.64 %),100,1580000,0,0,4696202,8.16
29/09/2011,0,0,15.4(-1.91 %),0,0,0,0,4696202,8.16
30/09/2011,-335380,-5333802000,15.8(2.60 %),7000,110040000,342380,5443842000,5031582,5.25
03/10/2011,-500,-7800000,15.6(-1.27 %),0,0,500,7800000,4689202,8.22
04/10/2011,0,0,15.4(-1.28 %),0,0,0,0,4689202,8.22
05/10/2011,0,0,15.6(1.30 %),0,0,0,0,4689202,8.22
06/10/2011,0,0,16.1(3.21 %),0,0,0,0,4689202,8.22
07/10/2011,0,0,16(-0.62 %),0,0,0,0,4689202,8.22
10/10/2011,0,0,16(0.00 %),0,0,0,0,4689202,8.22
11/10/2011,0,0,15.9(-0.62 %),0,0,0,0,4689202,8.22
12/10/2011,-80,-1264000,15.6(-1.89 %),0,0,80,1264000,4689282,8.22
13/10/2011,0,0,15.8(1.28 %),0,0,0,0,4689282,8.22
14/10/2011,0,0,15.8(0.00 %),0,0,0,0,4689282,8.22
17/10/2011,0,0,15.9(0.63 %),0,0,0,0,4689282,8.22
18/10/2011,0,0,15.9(0.00 %),0,0,0,0,4689282,8.22
19/10/2011,2000,32000000,16(0.63 %),2000,32000000,0,0,4687282,8.24
20/10/2011,0,0,16.3(1.88 %),0,0,0,0,4687282,8.24
21/10/2011,0,0,16.2(-0.61 %),0,0,0,0,4687282,8.24
24/10/2011,0,0,16.4(1.23 %),0,0,0,0,4687282,8.24
25/10/2011,5000,84700000,17.2(4.88 %),5000,84700000,0,0,4682282,8.28
26/10/2011,9000,151726000,16.8(-2.33 %),9000,151726000,0,0,4673282,8.36
27/10/2011,15000,249900000,16.6(-1.19 %),15000,249900000,0,0,4658282,8.49
28/10/2011,39000,677083000,17.4(4.82 %),39000,677083000,0,0,4619282,8.83
31/10/2011,0,0,17.1(-1.72 %),0,0,0,0,4619282,8.83
01/11/2011,10000,176220000,17.5(2.34 %),10000,176220000,0,0,4962162,5.85
02/11/2011,-10500,-191650000,17.9(2.29 %),0,0,10500,191650000,4972662,5.76
03/11/2011,0,0,18(0.56 %),0,0,0,0,4972662,5.76
04/11/2011,1000,18000000,18.1(0.56 %),1000,18000000,0,0,4971662,5.77
07/11/2011,6680,121308000,18.1(0.00 %),6680,121308000,0,0,4964982,5.83
08/11/2011,0,0,17.2(-4.97 %),0,0,0,0,4964982,5.83
09/11/2011,0,0,17(-1.16 %),0,0,0,0,4964982,5.83
10/11/2011,0,0,17.1(0.59 %),0,0,0,0,4964982,5.83
11/11/2011,-10570,-177804000,16.8(-1.75 %),0,0,10570,177804000,4975552,5.73
14/11/2011,-8430,-145979000,17.5(4.17 %),0,0,8430,145979000,4983982,5.66
15/11/2011,0,0,17.5(0.00 %),0,0,0,0,4983982,5.66
16/11/2011,0,0,17.8(1.71 %),0,0,0,0,4983982,5.66
17/11/2011,0,0,17.9(0.56 %),0,0,0,0,4983982,5.66
18/11/2011,0,0,17.8(-0.56 %),0,0,0,0,4983982,5.66
21/11/2011,0,0,18.4(3.37 %),0,0,0,0,4983982,5.66
22/11/2011,0,0,18.1(-1.63 %),0,0,0,0,4983982,5.66
23/11/2011,0,0,18.6(2.76 %),0,0,0,0,4983982,5.66
24/11/2011,0,0,18.4(-1.08 %),0,0,0,0,4983982,5.66
25/11/2011,-10000,-185000000,18.5(0.54 %),0,0,10000,185000000,4993982,5.57
28/11/2011,0,0,18(-2.70 %),0,0,0,0,4993982,5.57
29/11/2011,-5000,-90000000,18(0.00 %),0,0,5000,90000000,4998982,5.53
30/11/2011,0,0,17.7(-1.67 %),0,0,0,0,4998982,5.53
01/12/2011,0,0,17.8(0.56 %),0,0,0,0,4983082,5.67
02/12/2011,0,0,18.5(3.93 %),0,0,0,0,4983082,5.67
05/12/2011,0,0,18.7(1.08 %),0,0,0,0,4983082,5.67
06/12/2011,0,0,18.7(0.00 %),0,0,0,0,4983082,5.67
07/12/2011,0,0,18.9(1.07 %),0,0,0,0,4983082,5.67
08/12/2011,0,0,19.7(4.23 %),0,0,0,0,4983082,5.67
09/12/2011,-1000,-19800000,20.6(4.57 %),0,0,1000,19800000,4984082,5.66
12/12/2011,0,0,21.6(4.85 %),0,0,0,0,4984082,5.66
13/12/2011,4100,89840000,22.4(3.70 %),4100,89840000,0,0,4979982,5.7
14/12/2011,900,21150000,23.4(4.46 %),900,21150000,0,0,4979082,5.7
15/12/2011,0,0,22.3(-4.70 %),0,0,0,0,4979082,5.7
16/12/2011,0,0,21.2(-4.93 %),0,0,0,0,4979082,5.7
19/12/2011,0,0,20.3(-4.25 %),0,0,0,0,4979082,5.7
20/12/2011,-5000,-106500000,21.3(4.93 %),0,0,5000,106500000,4984082,5.66
21/12/2011,0,0,22.3(4.69 %),0,0,0,0,4984082,5.66
22/12/2011,-45000,-1051670000,22(-1.35 %),0,0,45000,1051670000,5029082,5.27
23/12/2011,0,0,21.5(-2.27 %),0,0,0,0,5029082,5.27
26/12/2011,0,0,21.8(1.40 %),0,0,0,0,5029082,5.27
27/12/2011,0,0,20.9(-4.13 %),0,0,0,0,5029082,5.27
28/12/2011,0,0,21.5(2.87 %),0,0,0,0,5029082,5.27
29/12/2011,0,0,20.9(-2.79 %),0,0,0,0,5029082,5.27
30/12/2011,0,0,21.2(1.44 %),0,0,0,0,5029082,5.27
03/01/2012,0,0,21.5(1.42 %),0,0,0,0,5034082,5.23
04/01/2012,0,0,21.5(0.00 %),0,0,0,0,5034082,5.23
05/01/2012,0,0,20.5(-4.65 %),0,0,0,0,5034082,5.23
06/01/2012,0,0,19.6(-4.39 %),0,0,0,0,5034082,5.23
09/01/2012,0,0,20(2.04 %),0,0,0,0,5034082,5.23
10/01/2012,0,0,20.3(1.50 %),0,0,0,0,5034082,5.23
11/01/2012,0,0,20.3(0.00 %),0,0,0,0,5034082,5.23
12/01/2012,0,0,20.3(0.00 %),0,0,0,0,5034082,5.23
13/01/2012,0,0,20.3(0.00 %),0,0,0,0,5034082,5.23
16/01/2012,0,0,20.5(0.99 %),0,0,0,0,5034082,5.23
17/01/2012,0,0,20.5(0.00 %),0,0,0,0,5034082,5.23
18/01/2012,0,0,20.6(0.49 %),0,0,0,0,5034082,5.23
19/01/2012,0,0,20.8(0.97 %),0,0,0,0,5034082,5.23
20/01/2012,0,0,20.8(0.00 %),0,0,0,0,5034082,5.23
30/01/2012,0,0,21(0.96 %),0,0,0,0,5034082,5.23
31/01/2012,-10000,-218000000,22(4.76 %),0,0,10000,218000000,5044082,5.14
01/02/2012,0,0,22(0.00 %),0,0,0,0,5034082,5.23
02/02/2012,0,0,23.1(5.00 %),0,0,0,0,5034082,5.23
03/02/2012,0,0,23(-0.43 %),0,0,0,0,5034082,5.23
06/02/2012,0,0,22.5(-2.17 %),0,0,0,0,5034082,5.23
07/02/2012,0,0,23.4(4.00 %),0,0,0,0,5034082,5.23
08/02/2012,0,0,23.4(0.00 %),0,0,0,0,5034082,5.23
09/02/2012,-20000,-468000000,23.4(0.00 %),0,0,20000,468000000,5054082,5.05
10/02/2012,-270,-6345000,23.5(0.43 %),0,0,270,6345000,5054352,5.05
13/02/2012,0,0,24.6(4.68 %),0,0,0,0,5054352,5.05
14/02/2012,5000,127500000,25.5(3.66 %),5000,127500000,0,0,5049352,5.09
15/02/2012,0,0,25.5(0.00 %),0,0,0,0,5049352,5.09
16/02/2012,0,0,25.8(1.18 %),0,0,0,0,5049352,5.09
17/02/2012,5250,135450000,25.8(0.00 %),5250,135450000,0,0,5044102,5.14
20/02/2012,-5000,-134500000,26(0.78 %),0,0,5000,134500000,5049102,5.09
21/02/2012,-5000,-136500000,26(0.00 %),0,0,5000,136500000,5054102,5.05
22/02/2012,0,0,26.5(1.92 %),0,0,0,0,5054102,5.05
23/02/2012,0,0,26.8(1.13 %),0,0,0,0,5054102,5.05
24/02/2012,-5000,-134000000,26.8(0.00 %),0,0,5000,134000000,5059102,5.01
27/02/2012,-10000,-270000000,26.3(-1.87 %),0,0,10000,270000000,5069102,4.92
28/02/2012,0,0,26.7(1.52 %),0,0,0,0,5069102,4.92
29/02/2012,0,0,27(1.12 %),0,0,0,0,5069102,4.92
01/03/2012,0,0,26.7(-1.11 %),0,0,0,0,5069104,4.92
02/03/2012,-69260,-1937150000,27.5(3.00 %),0,0,69260,1937150000,5138364,4.32
05/03/2012,0,0,27(-1.82 %),0,0,0,0,5138364,4.32
06/03/2012,0,0,25.9(-4.07 %),0,0,0,0,5138364,4.32
07/03/2012,-1000,-27100000,27.1(4.63 %),0,0,1000,27100000,5139364,4.31
08/03/2012,0,0,26.6(-1.85 %),0,0,0,0,5139364,4.31
09/03/2012,0,0,26.8(0.75 %),0,0,0,0,5139364,4.31
12/03/2012,0,0,27.2(1.49 %),0,0,0,0,5139364,4.31
13/03/2012,-20000,-570000000,28.5(4.78 %),0,0,20000,570000000,5159364,4.14
14/03/2012,-33840,-1011816000,29.9(4.91 %),0,0,33840,1011816000,5193204,3.84
15/03/2012,-10000,-313000000,31.3(4.68 %),0,0,10000,313000000,5203204,3.75
16/03/2012,0,0,32.8(4.79 %),0,0,0,0,5203204,3.75
19/03/2012,-10000,-344000000,33(0.61 %),0,0,10000,344000000,5213204,3.67
20/03/2012,-10000,-346000000,34.6(4.85 %),0,0,10000,346000000,5223204,3.58
21/03/2012,0,0,36.3(4.91 %),0,0,0,0,5223204,3.58
22/03/2012,-740,-28194000,38.1(4.96 %),0,0,740,28194000,5223944,3.57
23/03/2012,0,0,36.2(-4.99 %),0,0,0,0,5223944,3.57
26/03/2012,0,0,35(-3.31 %),0,0,0,0,5223944,3.57
27/03/2012,0,0,33.3(-4.86 %),0,0,0,0,5223944,3.57
28/03/2012,2000,63500000,31.7(-4.80 %),2000,63500000,0,0,5221944,3.59
29/03/2012,16000,483200000,31.6(-0.32 %),16000,483200000,0,0,5205944,3.73
30/03/2012,1000,30100000,30.4(-3.80 %),1000,30100000,0,0,5204944,3.74
03/04/2012,2710,79874000,30(3.81 %),2710,79874000,0,0,5212234,3.68
04/04/2012,0,0,31.4(4.67 %),0,0,0,0,5212234,3.68
05/04/2012,0,0,30.2(-3.82 %),0,0,0,0,5212234,3.68
06/04/2012,0,0,29.9(-0.99 %),0,0,0,0,5212234,3.68
09/04/2012,0,0,30.5(2.01 %),0,0,0,0,5212234,3.68
10/04/2012,0,0,31.3(2.62 %),0,0,0,0,5212234,3.68
11/04/2012,0,0,31.3(0.00 %),0,0,0,0,5212234,3.68
12/04/2012,0,0,31.2(-0.32 %),0,0,0,0,5212234,3.68
13/04/2012,0,0,31.1(-0.32 %),0,0,0,0,5212234,3.68
16/04/2012,0,0,30.4(-2.25 %),0,0,0,0,5212234,3.68
17/04/2012,0,0,29.9(-1.64 %),0,0,0,0,5212234,3.68
18/04/2012,0,0,31.3(4.68 %),0,0,0,0,5212234,3.68
19/04/2012,0,0,31.3(0.00 %),0,0,0,0,5212234,3.68
20/04/2012,7390,234263000,31.7(1.28 %),7390,234263000,0,0,5204844,3.74
23/04/2012,0,0,32.9(3.79 %),0,0,0,0,5204844,3.74
24/04/2012,60000,1994044000,33.2(0.91 %),60000,1994044000,0,0,5144844,4.26
25/04/2012,4400,151780000,32.3(-2.71 %),4400,151780000,0,0,5140444,4.3
26/04/2012,0,0,33.3(3.10 %),0,0,0,0,5140444,4.3
27/04/2012,15000,508990000,33.3(0.00 %),20000,678990000,5000,170000000,5125444,4.43
02/05/2012,0,0,32(-3.90 %),0,0,0,0,5120444,4.47
03/05/2012,0,0,33.6(5.00 %),0,0,0,0,5120444,4.47
04/05/2012,10000,349822000,35.2(4.76 %),10000,349822000,0,0,5110444,4.56
07/05/2012,0,0,36(2.27 %),0,0,0,0,5110444,4.56
08/05/2012,5000,181810000,34.4(-4.44 %),5000,181810000,0,0,5105444,4.6
09/05/2012,190,6821000,36(4.65 %),190,6821000,0,0,5105254,4.61
10/05/2012,0,0,35.5(-1.39 %),0,0,0,0,5105254,4.61
11/05/2012,0,0,35.4(-0.28 %),0,0,0,0,5105254,4.61
14/05/2012,0,0,34.9(-1.41 %),0,0,0,0,5105254,4.61
15/05/2012,0,0,33.2(-4.87 %),0,0,0,0,5105254,4.61
16/05/2012,0,0,32(-3.61 %),0,0,0,0,5105254,4.61
17/05/2012,0,0,30.4(-5.00 %),0,0,0,0,5105254,4.61
18/05/2012,0,0,28.9(-4.93 %),0,0,0,0,5105254,4.61
21/05/2012,0,0,30.3(4.84 %),0,0,0,0,5105254,4.61
22/05/2012,0,0,30(-0.99 %),0,0,0,0,5105254,4.61
23/05/2012,0,0,31(3.33 %),0,0,0,0,5105254,4.61
24/05/2012,0,0,29.6(-4.52 %),0,0,0,0,5105254,4.61
25/05/2012,0,0,31(4.73 %),0,0,0,0,5105254,4.61
28/05/2012,0,0,31(0.00 %),0,0,0,0,5105254,4.61
29/05/2012,0,0,31(0.00 %),0,0,0,0,5105254,4.61
30/05/2012,0,0,32(3.23 %),0,0,0,0,5105254,4.61
31/05/2012,2600,83505000,32.5(1.56 %),2600,83505000,0,0,5102654,4.63
01/06/2012,0,0,32.5(0.00 %),0,0,0,0,5107654,4.59
04/06/2012,0,0,30.9(-4.92 %),0,0,0,0,5107654,4.59
05/06/2012,-280,-8428000,31(0.32 %),0,0,280,8428000,5107934,4.58
06/06/2012,0,0,31.5(1.61 %),0,0,0,0,5107934,4.58
07/06/2012,0,0,31.5(0.00 %),0,0,0,0,5107934,4.58
08/06/2012,0,0,30(-4.76 %),0,0,0,0,5107934,4.58
11/06/2012,0,0,31.1(3.67 %),0,0,0,0,5107934,4.58
12/06/2012,0,0,31.1(0.00 %),0,0,0,0,5107934,4.58
13/06/2012,0,0,31.1(0.00 %),0,0,0,0,5107934,4.58
14/06/2012,0,0,32.6(4.82 %),0,0,0,0,5107934,4.58
15/06/2012,0,0,32.6(0.00 %),0,0,0,0,5107934,4.58
18/06/2012,0,0,32.6(0.00 %),0,0,0,0,5107934,4.58
19/06/2012,0,0,32.4(-0.61 %),0,0,0,0,5107934,4.58
20/06/2012,0,0,32(-1.23 %),0,0,0,0,5107934,4.58
21/06/2012,0,0,31.5(-1.56 %),0,0,0,0,5107934,4.58
22/06/2012,0,0,32(1.59 %),0,0,0,0,5107934,4.58
25/06/2012,0,0,32.3(0.94 %),0,0,0,0,5107934,4.58
26/06/2012,0,0,32.3(0.00 %),0,0,0,0,5107934,4.58
27/06/2012,0,0,33.4(3.41 %),0,0,0,0,5107934,4.58
28/06/2012,0,0,32.5(-2.69 %),0,0,0,0,5107934,4.58
29/06/2012,0,0,32.1(-1.23 %),0,0,0,0,5107934,4.58
02/07/2012,0,0,32.1(0.00 %),0,0,0,0,5107934,4.58
03/07/2012,0,0,31(-3.43 %),0,0,0,0,5107934,4.58
04/07/2012,-1000,-30000000,30(-3.23 %),0,0,1000,30000000,5108934,4.57
05/07/2012,-10,-305000,30.5(1.67 %),0,0,10,305000,5108944,4.57
06/07/2012,-140,-4466000,31.9(4.59 %),0,0,140,4466000,5109084,4.57
09/07/2012,0,0,32.7(2.51 %),0,0,0,0,5109084,4.57
10/07/2012,0,0,32.7(0.00 %),0,0,0,0,5109084,4.57
11/07/2012,0,0,32.7(0.00 %),0,0,0,0,5109084,4.57
12/07/2012,0,0,32.7(0.00 %),0,0,0,0,5109084,4.57
13/07/2012,0,0,32.5(-0.61 %),0,0,0,0,5109084,4.57
16/07/2012,0,0,32.5(0.00 %),0,0,0,0,5109084,4.57
17/07/2012,0,0,32.5(0.00 %),0,0,0,0,5109084,4.57
18/07/2012,0,0,32.5(0.00 %),0,0,0,0,5109084,4.57
19/07/2012,0,0,33.4(2.77 %),0,0,0,0,5109084,4.57
20/07/2012,0,0,33(-1.20 %),0,0,0,0,5109084,4.57
23/07/2012,0,0,31.4(-4.85 %),0,0,0,0,5109084,4.57
24/07/2012,0,0,31(-1.27 %),0,0,0,0,5109084,4.57
25/07/2012,0,0,31(0.00 %),0,0,0,0,5109084,4.57
26/07/2012,0,0,32.5(4.84 %),0,0,0,0,5109084,4.57
27/07/2012,0,0,31(-4.62 %),0,0,0,0,5109084,4.57
30/07/2012,0,0,29.5(-4.84 %),0,0,0,0,5109084,4.57
31/07/2012,0,0,30.9(4.75 %),0,0,0,0,5109084,4.57
01/08/2012,0,0,30.5(-1.29 %),0,0,0,0,5109084,4.57
02/08/2012,0,0,31(1.64 %),0,0,0,0,5109084,4.57
03/08/2012,0,0,31(0.00 %),0,0,0,0,5109084,4.57
06/08/2012,0,0,30(-3.23 %),0,0,0,0,5109084,4.57
07/08/2012,-20,-598000,29.9(-0.33 %),0,0,20,598000,5109104,4.57
08/08/2012,0,0,31(3.68 %),0,0,0,0,5109104,4.57
09/08/2012,0,0,31(0.00 %),0,0,0,0,5109104,4.57
10/08/2012,200,6180000,30.9(-0.32 %),200,6180000,0,0,5108904,4.57
13/08/2012,0,0,29.4(-4.85 %),0,0,0,0,5108904,4.57
14/08/2012,0,0,29.7(1.02 %),0,0,0,0,5108904,4.57
15/08/2012,0,0,30.8(3.70 %),0,0,0,0,5108904,4.57
16/08/2012,0,0,30.8(0.00 %),0,0,0,0,5108904,4.57
17/08/2012,0,0,31(0.65 %),0,0,0,0,5108904,4.57
20/08/2012,0,0,30(-3.23 %),0,0,0,0,5108904,4.57
21/08/2012,270,8100000,30(0.00 %),270,8100000,0,0,5108634,4.58
22/08/2012,0,0,28.8(-4.00 %),0,0,0,0,5108634,4.58
23/08/2012,0,0,27.4(-4.86 %),0,0,0,0,5108634,4.58
24/08/2012,0,0,27.1(4.63 %),0,0,0,0,5108634,4.58
27/08/2012,0,0,28.3(4.43 %),0,0,0,0,5108634,4.58
28/08/2012,0,0,28.4(0.35 %),0,0,0,0,5108634,4.58
29/08/2012,0,0,28.4(0.00 %),0,0,0,0,5108634,4.58
30/08/2012,0,0,28.9(1.76 %),0,0,0,0,5108634,4.58
31/08/2012,0,0,29(0.35 %),0,0,0,0,5108634,4.58
04/09/2012,0,0,27.6(-4.83 %),0,0,0,0,5108634,4.58
05/09/2012,0,0,28.5(3.26 %),0,0,0,0,5108634,4.58
06/09/2012,0,0,28.5(0.00 %),0,0,0,0,5108634,4.58
07/09/2012,0,0,27.2(-4.56 %),0,0,0,0,5108634,4.58
10/09/2012,0,0,27.5(1.10 %),0,0,0,0,5108634,4.58
11/09/2012,0,0,26.6(-3.27 %),0,0,0,0,5108634,4.58
12/09/2012,0,0,26.6(0.00 %),0,0,0,0,5108634,4.58
13/09/2012,0,0,25.7(-3.38 %),0,0,0,0,5108634,4.58
14/09/2012,0,0,24.6(-4.28 %),0,0,0,0,5108634,4.58
17/09/2012,2400,59040000,24.6(0.00 %),2400,59040000,0,0,5106234,4.6
18/09/2012,0,0,24.9(1.22 %),0,0,0,0,5106234,4.6
19/09/2012,0,0,26(4.42 %),0,0,0,0,5106234,4.6
20/09/2012,0,0,25.9(-0.38 %),0,0,0,0,5106234,4.6
21/09/2012,0,0,27(4.25 %),0,0,0,0,5106234,4.6
24/09/2012,0,0,25.7(-4.81 %),0,0,0,0,5106234,4.6
25/09/2012,-30,-750000,25(-2.72 %),0,0,30,750000,5106264,4.6
26/09/2012,0,0,24.7(-1.20 %),0,0,0,0,5106264,4.6
27/09/2012,0,0,25.3(2.43 %),0,0,0,0,5106264,4.6
28/09/2012,0,0,25.2(-0.40 %),0,0,0,0,5106264,4.6
01/10/2012,0,0,25(-0.79 %),0,0,0,0,5106264,4.6
02/10/2012,0,0,25(0.00 %),0,0,0,0,5106264,4.6
03/10/2012,0,0,24.8(-0.80 %),0,0,0,0,5106264,4.6
04/10/2012,0,0,23.6(-4.84 %),0,0,0,0,5106264,4.6
05/10/2012,0,0,24.6(4.24 %),0,0,0,0,5106264,4.6
08/10/2012,0,0,24(-2.44 %),0,0,0,0,5106264,4.6
09/10/2012,0,0,23.5(-2.08 %),0,0,0,0,5106264,4.6
10/10/2012,0,0,23.5(0.00 %),0,0,0,0,5106264,4.6
11/10/2012,0,0,24.6(4.68 %),0,0,0,0,5106264,4.6
12/10/2012,0,0,25(1.63 %),0,0,0,0,5106264,4.6
15/10/2012,0,0,26(4.00 %),0,0,0,0,5106264,4.6
16/10/2012,0,0,25.5(-1.92 %),0,0,0,0,5106264,4.6
17/10/2012,0,0,25.5(0.00 %),0,0,0,0,5106264,4.6
18/10/2012,0,0,25.7(0.78 %),0,0,0,0,5106264,4.6
19/10/2012,0,0,25.7(0.00 %),0,0,0,0,5106264,4.6
22/10/2012,0,0,26.5(3.11 %),0,0,0,0,5106264,4.6
23/10/2012,0,0,26.5(0.00 %),0,0,0,0,5106264,4.6
24/10/2012,0,0,25.2(-4.91 %),0,0,0,0,5106264,4.6
25/10/2012,0,0,25(-0.79 %),0,0,0,0,5106264,4.6
26/10/2012,0,0,23.8(-4.80 %),0,0,0,0,5106264,2.3
29/10/2012,0,0,23.1(-2.94 %),0,0,0,0,5106264,4.6
30/10/2012,0,0,23.5(1.73 %),0,0,0,0,5106264,4.6
31/10/2012,0,0,24(2.13 %),0,0,0,0,5106264,4.6
01/11/2012,0,0,24.5(2.08 %),0,0,0,0,5106264,4.6
02/11/2012,-10000,-233178000,23.3(-4.90 %),0,0,10000,233178000,5116264,4.51
05/11/2012,0,0,22.6(-3.00 %),0,0,0,0,5116264,4.51
06/11/2012,0,0,23.7(4.87 %),0,0,0,0,5116264,4.51
07/11/2012,4000,94000000,23.5(-0.84 %),4000,94000000,0,0,5112264,4.55
08/11/2012,0,0,24(2.13 %),0,0,0,0,5112264,4.55
09/11/2012,0,0,23.9(-0.42 %),0,0,0,0,5112264,4.55
12/11/2012,0,0,23.2(-2.93 %),0,0,0,0,5112264,4.55
13/11/2012,0,0,23.5(1.29 %),0,0,0,0,5112264,4.55
14/11/2012,0,0,24.3(3.40 %),0,0,0,0,5112264,4.55
15/11/2012,0,0,24.3(0.00 %),0,0,0,0,5112264,4.55
16/11/2012,0,0,24(-1.23 %),0,0,0,0,5112264,4.55
19/11/2012,0,0,24(0.00 %),0,0,0,0,5112264,4.55
20/11/2012,0,0,23.5(-2.08 %),0,0,0,0,5112264,4.55
21/11/2012,5000,122500000,24.5(4.26 %),5000,122500000,0,0,5107264,4.59
22/11/2012,0,0,24.4(-0.41 %),0,0,0,0,5107264,4.59
23/11/2012,0,0,24.4(0.00 %),0,0,0,0,5107264,4.59
26/11/2012,0,0,23.5(-3.69 %),0,0,0,0,5107264,4.59
27/11/2012,0,0,24(2.13 %),0,0,0,0,5107264,4.59
28/11/2012,0,0,24(0.00 %),0,0,0,0,5107264,4.59
29/11/2012,0,0,24(0.00 %),0,0,0,0,5107264,4.59
30/11/2012,0,0,24(0.00 %),0,0,0,0,5107264,4.59
03/12/2012,0,0,24(0.00 %),0,0,0,0,5107264,4.59
04/12/2012,0,0,25(4.17 %),0,0,0,0,5107264,4.59
05/12/2012,12000,301560000,25.2(0.80 %),12000,301560000,0,0,5095264,4.69
06/12/2012,7000,177500000,25.5(1.19 %),7500,190250000,500,12750000,5088264,4.75
07/12/2012,2000,50000000,25(-1.96 %),2000,50000000,0,0,5086264,4.77
10/12/2012,-1360,-34000000,25(0.00 %),0,0,1360,34000000,5087624,4.76
11/12/2012,0,0,25(0.00 %),0,0,0,0,5087624,4.76
12/12/2012,-4900,-120550000,24.5(-2.00 %),0,0,4900,120550000,5092524,4.72
13/12/2012,50,1240000,24.8(1.22 %),200,4960000,150,3720000,5092474,4.72
14/12/2012,-4990,-120140000,25.3(2.02 %),0,0,4990,120140000,5097514,4.67
17/12/2012,1200,30240000,25.2(-0.40 %),1200,30240000,0,0,5096314,4.68
18/12/2012,2070,50094000,24.2(-3.97 %),2070,50094000,0,0,5094244,4.7
19/12/2012,2330,56619000,24.3(0.41 %),2330,56619000,0,0,5091914,4.72
20/12/2012,2000,50400000,25.2(3.70 %),2000,50400000,0,0,5089914,4.74
21/12/2012,150,3930000,24.8(-1.59 %),150,3930000,0,0,5089764,4.74
24/12/2012,250,6375000,25.5(2.82 %),250,6375000,0,0,5089514,4.74
25/12/2012,0,0,25.5(0.00 %),0,0,0,0,5089514,4.74
26/12/2012,0,0,25(-1.96 %),0,0,0,0,5089514,4.74
27/12/2012,0,0,24.6(-1.60 %),0,0,0,0,5089514,4.74
28/12/2012,300,7590000,25.3(2.85 %),300,7590000,0,0,5089214,4.75
02/01/2013,13830,365595000,26.5(4.74 %),13830,365595000,0,0,5076339,4.86
03/01/2013,0,0,26.7(0.75 %),0,0,0,0,5076339,4.86
04/01/2013,1570,41634000,26.7(0.00 %),1570,41634000,0,0,5074769,4.87
07/01/2013,-11400,-300208000,26.5(-0.75 %),430,11567000,11830,311775000,5086169,4.77
08/01/2013,0,0,25.7(-3.02 %),0,0,0,0,5086169,4.77
09/01/2013,0,0,25.9(0.78 %),0,0,0,0,5086169,4.77
10/01/2013,0,0,26.1(0.77 %),0,0,0,0,5086169,4.77
11/01/2013,0,0,26.4(1.15 %),0,0,0,0,5086169,4.77
14/01/2013,0,0,25.8(-2.27 %),0,0,0,0,5086169,4.77
15/01/2013,0,0,25.8(0.00 %),0,0,0,0,5086169,4.77
16/01/2013,0,0,26.2(1.55 %),0,0,0,0,5086169,4.77
17/01/2013,0,0,26.1(-0.38 %),0,0,0,0,5086169,4.77
18/01/2013,100,2600000,26(-0.38 %),100,2600000,0,0,5086069,4.77
21/01/2013,100,2640000,26.4(1.54 %),100,2640000,0,0,5085969,4.77
22/01/2013,-28780,-770336000,26.3(-0.38 %),0,0,28780,770336000,5114749,4.52
23/01/2013,0,0,26.3(0.00 %),0,0,0,0,5114749,4.52
24/01/2013,-500,-13150000,26.5(0.76 %),0,0,500,13150000,5115249,4.52
25/01/2013,3000,79500000,26.5(0.00 %),3000,79500000,0,0,5112249,4.55
28/01/2013,9000,239500000,27.5(3.77 %),9000,239500000,0,0,5103249,4.62
29/01/2013,3000,84190000,28(1.82 %),3000,84190000,0,0,5100249,4.65
30/01/2013,0,0,27.9(-0.36 %),0,0,0,0,5100249,4.65
31/01/2013,0,0,27(-3.23 %),0,0,0,0,5100249,4.65
01/02/2013,0,0,26.9(-0.37 %),0,0,0,0,5099249,4.66
04/02/2013,20,550000,27.5(2.23 %),20,550000,0,0,5099229,4.66
05/02/2013,100,2750000,27.5(0.00 %),100,2750000,0,0,5099129,4.66
06/02/2013,0,0,27.6(0.36 %),0,0,0,0,5099129,4.66
07/02/2013,0,0,27.8(0.72 %),0,0,0,0,5099129,4.66
08/02/2013,0,0,28(0.72 %),0,0,0,0,5099129,4.66
18/02/2013,0,0,29.3(4.64 %),0,0,0,0,5099129,4.66
19/02/2013,-5000,-154500000,30.9(5.46 %),0,0,5000,154500000,5104129,4.62
20/02/2013,0,0,30.9(0.00 %),0,0,0,0,5104129,4.62
21/02/2013,0,0,28.8(-6.80 %),0,0,0,0,5104129,4.62
22/02/2013,0,0,28(-2.78 %),0,0,0,0,5104129,4.62
25/02/2013,0,0,29.4(5.00 %),0,0,0,0,5104129,4.62
26/02/2013,0,0,27.9(-5.10 %),0,0,0,0,5104129,4.62
27/02/2013,0,0,28.1(0.72 %),0,0,0,0,5104129,4.62
28/02/2013,0,0,28.9(2.85 %),0,0,0,0,5104129,4.62
01/03/2013,42980,1222763000,29.1(0.69 %),42980,1222763000,0,0,5061149,4.99
04/03/2013,0,0,28.7(-1.37 %),0,0,0,0,5061149,4.99
05/03/2013,-10000,-287000000,28.7(0.00 %),0,0,10000,287000000,5071149,4.9
06/03/2013,0,0,29.9(4.18 %),0,0,0,0,5071149,4.9
07/03/2013,660,19790000,30.4(1.67 %),660,19790000,0,0,5070489,4.91
08/03/2013,-200,-6440000,32.3(6.25 %),0,0,200,6440000,5070689,4.91
11/03/2013,81540,2656592000,34.4(6.50 %),82540,2690529000,1000,33937000,4989149,5.62
12/03/2013,51230,1761401000,36.5(6.10 %),51840,1783088000,610,21687000,4937919,6.06
13/03/2013,48850,1759288000,37.3(2.19 %),49850,1797288000,1000,38000000,4889069,6.49
14/03/2013,100440,3704663000,38(1.88 %),100620,3711503000,180,6840000,4788629,7.36
15/03/2013,49440,1986602000,40.6(6.84 %),49440,1986602000,0,0,4739189,7.79
18/03/2013,37620,1505986000,40.1(-1.23 %),42620,1705919000,5000,199933000,4701569,8.12
19/03/2013,10080,405008000,41.4(3.24 %),15080,610008000,5000,205000000,4691489,8.2
20/03/2013,29760,1229744000,41.4(0.00 %),29760,1229744000,0,0,4661729,8.46
21/03/2013,10170,425875000,41.9(1.21 %),15270,639215000,5100,213340000,4651559,8.55
22/03/2013,-1000,-40000000,39(-6.92 %),0,0,1000,40000000,4652559,8.54
25/03/2013,-530,-20248000,37(-5.13 %),0,0,530,20248000,4653089,8.54
26/03/2013,19830,766321000,39(5.41 %),20000,772900000,170,6579000,4633259,8.71
27/03/2013,-100,-3750000,37.5(-3.85 %),0,0,100,3750000,4633359,8.71
28/03/2013,-10,-375000,39(4.00 %),0,0,10,375000,4633369,8.71
29/03/2013,-600,-20826000,37.1(-4.87 %),1000,38000000,1600,58826000,4633969,8.7
01/04/2013,1110,41071000,38(2.43 %),1130,41806000,20,735000,4631129,8.73
02/04/2013,0,0,38.7(1.84 %),0,0,0,0,4631129,8.73
03/04/2013,0,0,36.6(-1.61 %),0,0,0,0,4631129,8.73
04/04/2013,-8000,-288280000,36.9(0.82 %),0,0,8000,288280000,4639129,8.66
05/04/2013,0,0,38(2.98 %),0,0,0,0,4639129,8.66
08/04/2013,0,0,39(2.63 %),0,0,0,0,4639129,8.66
09/04/2013,50,1855000,38.5(-1.28 %),50,1855000,0,0,4639079,8.66
10/04/2013,0,0,38.5(0.00 %),0,0,0,0,4639079,8.66
11/04/2013,0,0,38.3(-0.52 %),0,0,0,0,4639079,8.66
12/04/2013,0,0,38(-0.78 %),0,0,0,0,4639079,8.66
15/04/2013,-10,-360000,36(-5.26 %),0,0,10,360000,4639089,8.66
16/04/2013,10,360000,36.8(2.22 %),10,360000,0,0,4639079,8.66
17/04/2013,-2000,-74000000,37.3(1.36 %),0,0,2000,74000000,4641079,8.64
18/04/2013,0,0,36.1(-3.22 %),0,0,0,0,4641079,8.64
22/04/2013,1590,57399000,37(2.49 %),1590,57399000,0,0,4639489,8.66
23/04/2013,0,0,38.2(3.24 %),0,0,0,0,4639489,8.66
24/04/2013,0,0,38.1(-0.26 %),0,0,0,0,4639489,8.66
25/04/2013,0,0,37.8(-0.79 %),0,0,0,0,4639489,8.66
26/04/2013,-3170,-116189000,36.7(-2.91 %),0,0,3170,116189000,4642659,8.63
02/05/2013,-1500,-53830000,35.8(-2.45 %),250,9000000,1750,62830000,4640969,8.64
03/05/2013,-10,-342000,37(3.35 %),0,0,10,342000,4640979,8.64
06/05/2013,0,0,37.8(2.16 %),0,0,0,0,4640979,8.64
07/05/2013,-20,-713000,35.2(-6.88 %),0,0,20,713000,4640999,8.64
08/05/2013,50,1795000,36(2.27 %),50,1795000,0,0,4640949,8.64
09/05/2013,380,13840000,36.5(1.39 %),380,13840000,0,0,4640569,8.65
10/05/2013,0,0,36.5(0.00 %),0,0,0,0,4640569,8.65
13/05/2013,0,0,36.8(0.82 %),0,0,0,0,4640569,8.65
14/05/2013,0,0,35.5(-3.53 %),0,0,0,0,4640569,8.65
15/05/2013,0,0,36.5(2.82 %),0,0,0,0,4640569,8.65
16/05/2013,0,0,36.5(0.00 %),0,0,0,0,4640569,8.65
17/05/2013,0,0,35.3(-3.29 %),0,0,0,0,4640569,8.65
20/05/2013,2120,75856000,35.6(0.85 %),2120,75856000,0,0,4638449,8.67
21/05/2013,0,0,36.5(2.53 %),0,0,0,0,4638449,8.67
22/05/2013,0,0,36(-1.37 %),0,0,0,0,4638449,8.67
23/05/2013,880,32120000,36(0.00 %),880,32120000,0,0,4637569,8.67
24/05/2013,0,0,36.5(1.39 %),0,0,0,0,4637569,8.67
27/05/2013,0,0,37(1.37 %),0,0,0,0,4637569,8.67
28/05/2013,0,0,36.5(-1.35 %),0,0,0,0,4637569,8.67
29/05/2013,0,0,35.8(-1.92 %),0,0,0,0,4637569,8.67
30/05/2013,0,0,36(0.56 %),0,0,0,0,4637569,8.67
31/05/2013,-6300,-227031000,35.7(-0.83 %),0,0,6300,227031000,4643869,8.62
03/06/2013,-40040,-1404805000,35(-1.96 %),0,0,40040,1404805000,4642489,8.63
04/06/2013,0,0,34.5(-1.43 %),0,0,0,0,4642489,8.63
05/06/2013,-5300,-182862000,35.5(2.90 %),0,0,5300,182862000,4647789,8.58
06/06/2013,0,0,34.3(-3.38 %),0,0,0,0,4647789,8.58
07/06/2013,-14810,-504275000,34.2(-0.29 %),0,0,14810,504275000,4662599,8.46
10/06/2013,0,0,34.5(0.88 %),0,0,0,0,4662599,8.46
11/06/2013,0,0,35.6(3.19 %),0,0,0,0,4662599,8.46
12/06/2013,29000,1051474000,38(6.74 %),30000,1089474000,1000,38000000,4633599,8.71
13/06/2013,22800,909913000,40.6(6.84 %),26800,1070083000,4000,160170000,4610799,8.91
14/06/2013,0,0,40(-1.48 %),0,0,0,0,4610799,8.91
17/06/2013,-40,-1560000,37.6(-6.00 %),0,0,40,1560000,4610839,8.91
18/06/2013,-210,-7539000,36.6(-2.66 %),0,0,210,7539000,4611049,8.9
19/06/2013,0,0,37.6(2.73 %),0,0,0,0,4611049,8.9
20/06/2013,-2000,-72460000,37(-1.60 %),0,0,2000,72460000,4613049,8.89
21/06/2013,0,0,37(0.00 %),0,0,0,0,4613049,8.89
24/06/2013,0,0,37(0.00 %),0,0,0,0,4613049,8.89
25/06/2013,0,0,36.8(-0.54 %),0,0,0,0,4613049,8.89
26/06/2013,0,0,36.8(0.00 %),0,0,0,0,4613049,8.89
27/06/2013,1000,37100000,37.4(1.63 %),1000,37100000,0,0,4612049,8.9
28/06/2013,0,0,38.2(2.14 %),0,0,0,0,4612049,8.9
01/07/2013,0,0,38(-0.52 %),0,0,0,0,4658398,8.49
02/07/2013,0,0,38.2(0.53 %),0,0,0,0,4658398,8.49
03/07/2013,0,0,38.1(-0.26 %),0,0,0,0,4658398,8.49
04/07/2013,0,0,38(-0.26 %),0,0,0,0,4658398,8.49
05/07/2013,0,0,38(0.00 %),0,0,0,0,4658398,8.49
08/07/2013,0,0,37.9(-0.26 %),0,0,0,0,4658398,8.49
09/07/2013,-20,-754000,37.7(-0.53 %),0,0,20,754000,4658418,8.49
10/07/2013,0,0,37.5(-0.53 %),0,0,0,0,4658418,8.49
11/07/2013,0,0,37.6(0.27 %),0,0,0,0,4658418,8.49
12/07/2013,-300,-11100000,37(-1.60 %),0,0,300,11100000,4658718,8.49
15/07/2013,-680,-25170000,36.3(-1.89 %),0,0,680,25170000,4659398,8.48
16/07/2013,0,0,37.5(3.31 %),0,0,0,0,4659398,8.48
17/07/2013,0,0,37.5(0.00 %),0,0,0,0,4659398,8.48
18/07/2013,0,0,37.5(0.00 %),0,0,0,0,4659398,8.48
19/07/2013,0,0,40.1(6.93 %),0,0,0,0,4659398,8.48
22/07/2013,0,0,39.6(-1.25 %),0,0,0,0,4659398,8.48
23/07/2013,0,0,39.6(0.00 %),0,0,0,0,4659398,8.48
24/07/2013,0,0,39.8(0.51 %),0,0,0,0,4659398,8.48
25/07/2013,0,0,42.5(6.78 %),0,0,0,0,4659398,8.48
26/07/2013,0,0,43(1.18 %),0,0,0,0,4659398,8.48
29/07/2013,0,0,42.2(-1.86 %),0,0,0,0,4659398,8.48
30/07/2013,0,0,45.1(6.87 %),0,0,0,0,4659398,8.48
31/07/2013,-2000,-96000000,47.8(5.99 %),0,0,2000,96000000,4661398,8.47
01/08/2013,-3000,-139577000,46.5(-2.72 %),0,0,3000,139577000,4659398,8.48
02/08/2013,0,0,48.6(4.52 %),0,0,0,0,4659398,8.48
05/08/2013,0,0,48.7(0.21 %),0,0,0,0,4659398,8.48
06/08/2013,0,0,49.9(2.46 %),0,0,0,0,4659398,8.48
07/08/2013,0,0,49.6(-0.60 %),0,0,0,0,4659398,8.48
08/08/2013,0,0,50(0.81 %),0,0,0,0,4659398,8.48
09/08/2013,-60,-3180000,53.5(7.00 %),0,0,60,3180000,4659458,8.48
12/08/2013,0,0,57(6.54 %),0,0,0,0,4659458,8.48
13/08/2013,370,22015000,58(1.75 %),370,22015000,0,0,4659088,8.49
14/08/2013,0,0,60(3.45 %),0,0,0,0,4659088,8.49
15/08/2013,-1000,-61000000,63(5.00 %),0,0,1000,61000000,4660088,8.48
16/08/2013,-2000,-120000000,63(0.00 %),1000,63000000,3000,183000000,4662088,8.46
19/08/2013,-6000,-372000000,66(4.76 %),0,0,6000,372000000,4668088,8.41
20/08/2013,-5000,-330000000,66(0.00 %),0,0,5000,330000000,4673088,8.36
21/08/2013,-15000,-981500000,65.5(-0.76 %),0,0,15000,981500000,4688088,8.23
22/08/2013,-26700,-1739800000,65.5(0.00 %),0,0,26700,1739800000,4714788,8.0
23/08/2013,-9580,-622200000,65(-0.76 %),0,0,9580,622200000,4724368,7.92
26/08/2013,-500,-32000000,64(-1.54 %),0,0,500,32000000,4724868,7.91
27/08/2013,0,0,64(0.00 %),0,0,0,0,4724868,7.91
28/08/2013,0,0,60(-6.25 %),0,0,0,0,4724868,7.91
29/08/2013,0,0,56(-6.67 %),0,0,0,0,4724868,7.91
30/08/2013,2900,152250000,52.5(-6.25 %),2900,152250000,0,0,4721968,7.94
03/09/2013,0,0,55(4.76 %),0,0,0,0,4726968,7.9
04/09/2013,0,0,55(0.00 %),0,0,0,0,4726968,7.9
05/09/2013,0,0,56(1.82 %),0,0,0,0,4726968,7.9
06/09/2013,0,0,54(-3.57 %),0,0,0,0,4726968,7.9
09/09/2013,0,0,54(0.00 %),0,0,0,0,4726968,7.9
10/09/2013,0,0,51.5(-4.63 %),0,0,0,0,4726968,7.9
11/09/2013,0,0,53(2.91 %),0,0,0,0,4726968,7.9
12/09/2013,0,0,52(-1.89 %),0,0,0,0,4726968,7.9
13/09/2013,0,0,51.5(-0.96 %),0,0,0,0,4726968,7.9
16/09/2013,5000,239500000,47.9(-6.99 %),5000,239500000,0,0,4721968,7.94
17/09/2013,-1540,-78540000,51(6.47 %),0,0,1540,78540000,4723508,7.93
18/09/2013,0,0,51(0.00 %),0,0,0,0,4723508,7.93
19/09/2013,120,6060000,50(-1.96 %),120,6060000,0,0,4723388,7.93
20/09/2013,0,0,50(0.00 %),0,0,0,0,4723388,7.93
23/09/2013,0,0,52(4.00 %),0,0,0,0,4723388,7.93
24/09/2013,0,0,53(1.92 %),0,0,0,0,4723388,7.93
25/09/2013,0,0,50(-5.66 %),0,0,0,0,4723388,7.93
26/09/2013,-1000,-50000000,48.7(-2.60 %),0,0,1000,50000000,4724388,7.92
27/09/2013,0,0,48.2(-1.03 %),0,0,0,0,4724388,7.92
30/09/2013,0,0,47.6(-1.24 %),0,0,0,0,4724388,7.92
01/10/2013,0,0,49.9(4.83 %),0,0,0,0,4723388,7.93
02/10/2013,0,0,50.5(1.20 %),0,0,0,0,4723388,7.93
03/10/2013,0,0,50(-0.99 %),0,0,0,0,4723388,7.93
04/10/2013,0,0,49.2(-1.60 %),0,0,0,0,4723388,7.93
07/10/2013,0,0,50(1.63 %),0,0,0,0,4723388,7.93
08/10/2013,0,0,50(0.00 %),0,0,0,0,4723388,7.93
09/10/2013,0,0,49.5(-1.00 %),0,0,0,0,4723388,7.93
10/10/2013,0,0,52.5(6.06 %),0,0,0,0,4723388,7.93
11/10/2013,0,0,54(2.86 %),0,0,0,0,4723388,7.93
14/10/2013,0,0,54(0.00 %),0,0,0,0,4723388,7.93
15/10/2013,0,0,54.5(0.93 %),0,0,0,0,4723388,7.93
16/10/2013,-700,-38500000,55(0.92 %),0,0,700,38500000,4724088,7.92
17/10/2013,0,0,55(0.00 %),0,0,0,0,4724088,7.92
18/10/2013,0,0,55(0.00 %),0,0,0,0,4724088,7.92
21/10/2013,0,0,54.5(-0.91 %),0,0,0,0,4724088,7.92
22/10/2013,0,0,53.5(-1.83 %),0,0,0,0,4724088,7.92
23/10/2013,0,0,57(6.54 %),0,0,0,0,4724088,7.92
24/10/2013,0,0,56.5(-0.88 %),0,0,0,0,4724088,7.92
25/10/2013,0,0,56(-0.88 %),0,0,0,0,4724088,7.92
28/10/2013,0,0,55.5(-0.89 %),0,0,0,0,4724088,7.92
29/10/2013,0,0,55.5(0.00 %),0,0,0,0,4724088,7.92
30/10/2013,0,0,55(-0.90 %),0,0,0,0,4724088,7.92
31/10/2013,0,0,55.5(0.91 %),0,0,0,0,4724088,7.92
01/11/2013,0,0,55(-0.90 %),0,0,0,0,4725088,7.91
04/11/2013,0,0,56(1.82 %),0,0,0,0,4725088,7.91
05/11/2013,0,0,56(0.00 %),0,0,0,0,4725088,7.91
06/11/2013,0,0,55.5(-0.89 %),0,0,0,0,4725088,7.91
07/11/2013,0,0,56(0.90 %),0,0,0,0,4725088,7.91
08/11/2013,0,0,56(0.00 %),0,0,0,0,4725088,7.91
11/11/2013,0,0,57(1.79 %),0,0,0,0,4725088,7.91
12/11/2013,0,0,54.5(-4.39 %),0,0,0,0,4725088,7.91
13/11/2013,0,0,55.5(1.83 %),0,0,0,0,4725088,7.91
14/11/2013,0,0,54.5(-1.80 %),0,0,0,0,4725088,7.91
15/11/2013,0,0,54.5(0.00 %),0,0,0,0,4725088,7.91
18/11/2013,0,0,55(0.92 %),0,0,0,0,4725088,7.91
19/11/2013,0,0,55(0.00 %),0,0,0,0,4725088,7.91
20/11/2013,0,0,54.5(-0.91 %),0,0,0,0,4725088,7.91
21/11/2013,0,0,55.5(1.83 %),0,0,0,0,4725088,7.91
22/11/2013,0,0,55.5(0.00 %),0,0,0,0,4725088,7.91
25/11/2013,10,545000,55.5(0.00 %),10,545000,0,0,4725078,7.91
26/11/2013,0,0,55(-0.90 %),0,0,0,0,4725078,7.91
27/11/2013,0,0,55(0.00 %),0,0,0,0,4725078,7.91
28/11/2013,0,0,54(-1.82 %),0,0,0,0,4725078,7.91
29/11/2013,0,0,54(0.00 %),0,0,0,0,4725078,7.91
02/12/2013,0,0,54(0.00 %),0,0,0,0,4725078,7.91
03/12/2013,0,0,54(0.00 %),0,0,0,0,4725078,7.91
04/12/2013,0,0,53.5(-0.93 %),0,0,0,0,4725078,7.91
05/12/2013,0,0,53(-0.93 %),0,0,0,0,4725078,7.91
06/12/2013,0,0,52.5(-0.94 %),0,0,0,0,4725078,7.91
09/12/2013,0,0,50.5(-3.81 %),0,0,0,0,4725078,7.91
10/12/2013,0,0,52(2.97 %),0,0,0,0,4725078,7.91
11/12/2013,0,0,52(0.00 %),0,0,0,0,4725078,7.91
12/12/2013,40,2080000,52(0.00 %),40,2080000,0,0,4725038,7.91
13/12/2013,0,0,52.5(0.96 %),0,0,0,0,4725038,7.91
16/12/2013,0,0,53(0.95 %),0,0,0,0,4725038,7.91
17/12/2013,0,0,53.5(0.94 %),0,0,0,0,4725038,7.91
18/12/2013,0,0,53(-0.93 %),0,0,0,0,4725038,7.91
19/12/2013,0,0,53.5(0.94 %),0,0,0,0,4725038,7.91
20/12/2013,0,0,53.5(0.00 %),0,0,0,0,4725038,7.91
23/12/2013,0,0,54(0.93 %),0,0,0,0,4725038,7.91
24/12/2013,0,0,56(3.70 %),0,0,0,0,4725038,7.91
25/12/2013,0,0,55.5(-0.89 %),0,0,0,0,4725038,7.91
26/12/2013,0,0,56.5(1.80 %),0,0,0,0,4725038,7.91
27/12/2013,0,0,57(0.88 %),0,0,0,0,4725038,7.91
30/12/2013,0,0,57.5(0.88 %),0,0,0,0,4725038,7.91
31/12/2013,0,0,58(0.87 %),0,0,0,0,4725038,7.91
02/01/2014,0,0,59.5(2.59 %),0,0,0,0,4725038,7.91
03/01/2014,0,0,58.5(-1.68 %),0,0,0,0,4725038,7.91
06/01/2014,0,0,58(-0.85 %),0,0,0,0,4725038,7.91
07/01/2014,0,0,59(1.72 %),0,0,0,0,4725038,7.91
08/01/2014,0,0,59(0.00 %),0,0,0,0,4725038,7.91
09/01/2014,0,0,59(0.00 %),0,0,0,0,4725038,7.91
10/01/2014,0,0,60(1.69 %),0,0,0,0,4725038,7.91
13/01/2014,0,0,59(-1.67 %),0,0,0,0,4725038,7.91
14/01/2014,0,0,59(0.00 %),0,0,0,0,4725038,7.91
15/01/2014,0,0,58.5(-0.85 %),0,0,0,0,4725038,7.91
16/01/2014,0,0,59(0.85 %),0,0,0,0,4725038,7.91
17/01/2014,-530,-31270000,60.5(2.54 %),0,0,530,31270000,4725568,7.91
20/01/2014,0,0,59(-2.48 %),0,0,0,0,4725568,7.91
21/01/2014,-900,-53100000,60(1.69 %),0,0,900,53100000,4726468,7.9
22/01/2014,0,0,59.5(-0.83 %),0,0,0,0,4726468,7.9
23/01/2014,0,0,58(-2.52 %),0,0,0,0,4726468,7.9
24/01/2014,0,0,57.5(-0.86 %),0,0,0,0,4726468,7.9
27/01/2014,0,0,57.5(0.00 %),0,0,0,0,4726468,7.9
06/02/2014,0,0,60(4.35 %),0,0,0,0,4726468,7.9
07/02/2014,500,29500000,59.5(-0.83 %),500,29500000,0,0,4725968,7.9
10/02/2014,0,0,59(-0.84 %),0,0,0,0,4725968,7.9
11/02/2014,0,0,59(0.00 %),0,0,0,0,4725968,7.9
12/02/2014,1500,88960000,60(1.69 %),2000,118960000,500,30000000,4724468,7.92
13/02/2014,0,0,63(5.00 %),0,0,0,0,4724468,7.92
14/02/2014,-500,-31500000,66(4.76 %),0,0,500,31500000,4724968,7.91
17/02/2014,0,0,66(0.00 %),0,0,0,0,4724968,7.91
18/02/2014,0,0,67.5(2.27 %),0,0,0,0,4724968,7.91
19/02/2014,0,0,65(-3.70 %),0,0,0,0,4724968,7.91
20/02/2014,0,0,64(-1.54 %),0,0,0,0,4724968,7.91
21/02/2014,0,0,64(0.00 %),0,0,0,0,4724968,7.91
24/02/2014,0,0,62(-3.12 %),0,0,0,0,4724968,7.91
25/02/2014,0,0,62(0.00 %),0,0,0,0,4724968,7.91
26/02/2014,0,0,62(0.00 %),0,0,0,0,4724968,7.91
27/02/2014,0,0,59(-4.84 %),0,0,0,0,4724968,7.91
28/02/2014,2000,118000000,59.5(0.85 %),2000,118000000,0,0,4722968,7.93
03/03/2014,300,17700000,59(-0.84 %),300,17700000,0,0,4722668,7.93
04/03/2014,0,0,59(0.00 %),0,0,0,0,4722668,7.93
05/03/2014,0,0,59(0.00 %),0,0,0,0,4722668,7.93
06/03/2014,0,0,59.5(0.85 %),0,0,0,0,4722668,7.93
07/03/2014,0,0,58.5(-1.68 %),0,0,0,0,4722668,7.93
10/03/2014,0,0,58.5(0.00 %),0,0,0,0,4722668,7.93
11/03/2014,0,0,58.5(0.00 %),0,0,0,0,4722668,7.93
12/03/2014,-3000,-174000000,58.5(0.00 %),0,0,3000,174000000,4725668,7.91
13/03/2014,0,0,59.5(1.71 %),0,0,0,0,4725668,7.91
14/03/2014,0,0,58.5(-1.68 %),0,0,0,0,4725668,7.91
17/03/2014,0,0,58(-0.85 %),0,0,0,0,4725668,7.91
18/03/2014,0,0,57(-1.72 %),0,0,0,0,4725668,7.91
19/03/2014,0,0,57(0.00 %),0,0,0,0,4725668,7.91
20/03/2014,0,0,57(0.00 %),0,0,0,0,4725668,7.91
21/03/2014,0,0,58.5(2.63 %),0,0,0,0,4725668,7.91
24/03/2014,1200,68400000,58.5(0.00 %),1200,68400000,0,0,4724468,7.92
25/03/2014,0,0,58.5(0.00 %),0,0,0,0,4724468,7.92
26/03/2014,0,0,58.5(0.00 %),0,0,0,0,4724468,7.92
27/03/2014,0,0,58.5(0.00 %),0,0,0,0,4724468,7.92
28/03/2014,0,0,59(0.85 %),0,0,0,0,4724468,7.92
31/03/2014,20,1160000,57.5(-2.54 %),20,1160000,0,0,4724448,7.92
01/04/2014,0,0,57(-0.87 %),0,0,0,0,4724448,7.92
02/04/2014,0,0,56.5(-0.88 %),0,0,0,0,4724448,7.92
03/04/2014,0,0,57.5(1.77 %),0,0,0,0,4724448,7.92
04/04/2014,0,0,57.5(0.00 %),0,0,0,0,4724448,7.92
07/04/2014,0,0,57.5(0.00 %),0,0,0,0,4724448,7.92
08/04/2014,10,560000,56(0.00 %),10,560000,0,0,4724438,7.92
10/04/2014,0,0,55(-1.79 %),0,0,0,0,4724438,7.92
11/04/2014,0,0,55(0.00 %),0,0,0,0,4724438,7.92
14/04/2014,0,0,55(0.00 %),0,0,0,0,4724438,7.92
15/04/2014,0,0,55(0.00 %),0,0,0,0,4724438,7.92
16/04/2014,500,26500000,54(-1.82 %),500,26500000,0,0,4723938,7.92
17/04/2014,1010,54540000,54(0.00 %),1010,54540000,0,0,4722928,7.93
18/04/2014,1100,59950000,54(0.00 %),1100,59950000,0,0,4721828,7.94
21/04/2014,0,0,53.5(-0.93 %),0,0,0,0,4721828,7.94
22/04/2014,720,38050000,52.5(-1.87 %),720,38050000,0,0,4721108,7.95
23/04/2014,500,25500000,52(-0.95 %),500,25500000,0,0,4720608,7.95
24/04/2014,1070,54570000,51.5(-0.96 %),1070,54570000,0,0,4719538,7.96
25/04/2014,0,0,51.5(0.00 %),0,0,0,0,4719538,7.96
28/04/2014,4920,246000000,50(-2.91 %),4920,246000000,0,0,4714618,8.0
29/04/2014,3330,173810000,52(4.00 %),3330,173810000,0,0,4711288,8.03
05/05/2014,0,0,51(-1.92 %),0,0,0,0,4711288,8.03
06/05/2014,0,0,50.5(-0.98 %),0,0,0,0,4711288,8.03
07/05/2014,-1510,-76255000,50(-0.99 %),0,0,1510,76255000,4712798,8.02
08/05/2014,12700,595300000,46.8(-6.40 %),12700,595300000,0,0,4700098,8.13
09/05/2014,0,0,47(0.43 %),0,0,0,0,4700098,8.13
12/05/2014,1990,87561000,44(-6.38 %),2000,88000000,10,439000,4698108,8.15
13/05/2014,0,0,42.5(-3.41 %),0,0,0,0,4698108,8.15
14/05/2014,200,8780000,44(3.53 %),200,8780000,0,0,4697908,8.15
15/05/2014,0,0,42.5(-3.41 %),0,0,0,0,4697908,8.15
16/05/2014,0,0,44.9(5.65 %),0,0,0,0,4697908,8.15
19/05/2014,0,0,43(-4.23 %),0,0,0,0,4697908,8.15
20/05/2014,0,0,44.5(3.49 %),0,0,0,0,4697908,8.15
21/05/2014,200,8800000,44(-1.12 %),200,8800000,0,0,4697708,8.15
22/05/2014,0,0,45(2.27 %),0,0,0,0,4697708,8.15
23/05/2014,0,0,45(0.00 %),0,0,0,0,4697708,8.15
26/05/2014,0,0,44.9(-0.22 %),0,0,0,0,4697708,8.15
27/05/2014,0,0,44.9(0.00 %),0,0,0,0,4697708,8.15
28/05/2014,-400,-17800000,44.5(-0.89 %),0,0,400,17800000,4698108,8.15
29/05/2014,0,0,44.5(0.00 %),0,0,0,0,4698108,8.15
30/05/2014,0,0,42.9(-3.60 %),0,0,0,0,4698108,8.15
02/06/2014,0,0,42.6(-0.70 %),0,0,0,0,4697713,8.15
03/06/2014,0,0,44(3.29 %),0,0,0,0,4697713,8.15
04/06/2014,0,0,44(0.00 %),0,0,0,0,4697713,8.15
05/06/2014,0,0,44(0.00 %),0,0,0,0,4697713,8.15
06/06/2014,0,0,43(-2.27 %),0,0,0,0,4697713,8.15
09/06/2014,50,2160000,42.2(-1.86 %),50,2160000,0,0,4697663,8.15
10/06/2014,0,0,43.5(3.08 %),0,0,0,0,4697663,8.15
11/06/2014,0,0,42.9(-1.38 %),0,0,0,0,4697663,8.15
12/06/2014,0,0,42.8(-0.23 %),0,0,0,0,4697663,8.15
13/06/2014,0,0,43(0.47 %),0,0,0,0,4697663,8.15
16/06/2014,0,0,43(0.00 %),0,0,0,0,4697663,8.15
17/06/2014,0,0,43.5(1.16 %),0,0,0,0,4697663,8.15
18/06/2014,0,0,43(-1.15 %),0,0,0,0,4697663,8.15
19/06/2014,0,0,43(0.00 %),0,0,0,0,4697663,8.15
20/06/2014,0,0,42.9(-0.23 %),0,0,0,0,4697663,8.15
23/06/2014,0,0,43(0.23 %),0,0,0,0,4697663,8.15
24/06/2014,0,0,43(0.00 %),0,0,0,0,4697663,8.15
25/06/2014,0,0,43.8(1.86 %),0,0,0,0,4697663,8.15
26/06/2014,0,0,43.7(-0.23 %),0,0,0,0,4697663,8.15
27/06/2014,0,0,43.5(-0.46 %),0,0,0,0,4697663,8.15
30/06/2014,0,0,43.8(0.69 %),0,0,0,0,4697663,8.15
01/07/2014,0,0,43.8(0.00 %),0,0,0,0,4698063,8.15
02/07/2014,0,0,44.8(2.28 %),0,0,0,0,4698063,8.15
03/07/2014,0,0,44.5(-0.67 %),0,0,0,0,4698063,8.15
04/07/2014,3000,135000000,45(1.12 %),3000,135000000,0,0,4695063,8.17
07/07/2014,0,0,45.5(1.11 %),0,0,0,0,4695063,8.17
08/07/2014,0,0,45.5(0.00 %),0,0,0,0,4695063,8.17
09/07/2014,0,0,46(1.10 %),0,0,0,0,4695063,8.17
10/07/2014,0,0,45(-2.17 %),0,0,0,0,4695063,8.17
11/07/2014,0,0,46(2.22 %),0,0,0,0,4695063,0.0
14/07/2014,370,17020000,46(0.00 %),370,17020000,0,0,4694693,8.18
15/07/2014,0,0,47(2.17 %),0,0,0,0,4694693,8.18
16/07/2014,0,0,47(0.00 %),0,0,0,0,4694693,0.0
17/07/2014,0,0,47(0.00 %),0,0,0,0,4694693,8.18
18/07/2014,0,0,47(0.00 %),0,0,0,0,4694693,8.18
21/07/2014,0,0,45.8(-2.55 %),0,0,0,0,4694693,0.0
22/07/2014,0,0,44.9(-1.97 %),0,0,0,0,4694693,0.0
23/07/2014,620,27900000,46(2.45 %),620,27900000,0,0,4694073,0.0
24/07/2014,0,0,44(-4.35 %),0,0,0,0,4694073,0.0
25/07/2014,0,0,44.6(1.36 %),0,0,0,0,4694073,0.0
28/07/2014,-1020,-43367000,44.1(-1.12 %),480,21168000,1500,64535000,4693593,0.0
29/07/2014,0,0,44.1(0.00 %),0,0,0,0,4693593,0.0
30/07/2014,950,41040000,44(-0.23 %),950,41040000,0,0,4692643,0.0
31/07/2014,0,0,44.9(2.05 %),0,0,0,0,4692643,0.0
01/08/2014,0,0,44(-2.00 %),0,0,0,0,4694143,0.0
04/08/2014,0,0,43.6(-0.91 %),0,0,0,0,4694143,0.0
05/08/2014,0,0,43.5(-0.23 %),0,0,0,0,4694143,0.0
06/08/2014,0,0,43.7(0.46 %),0,0,0,0,4694143,8.18
07/08/2014,0,0,44.1(0.92 %),0,0,0,0,4694143,8.18
08/08/2014,0,0,45.5(3.17 %),0,0,0,0,4694143,0.0
11/08/2014,0,0,46.3(1.76 %),0,0,0,0,4694143,0.0
12/08/2014,0,0,45.5(-1.73 %),0,0,0,0,4694143,0.0
13/08/2014,0,0,45.8(0.66 %),0,0,0,0,4694143,0.0
14/08/2014,0,0,45.8(0.00 %),0,0,0,0,4694143,8.18
15/08/2014,0,0,45.8(0.00 %),0,0,0,0,4694143,8.18
18/08/2014,0,0,46.2(0.87 %),0,0,0,0,4694143,0.0
19/08/2014,0,0,46.2(0.00 %),0,0,0,0,4694143,0.0
20/08/2014,0,0,46.4(0.43 %),0,0,0,0,4694143,0.0
21/08/2014,0,0,46.9(1.08 %),0,0,0,0,4694143,0.0
22/08/2014,0,0,46.9(0.00 %),0,0,0,0,4694143,8.18
25/08/2014,0,0,48(2.35 %),0,0,0,0,4694143,8.18
26/08/2014,0,0,47.9(-0.21 %),0,0,0,0,4694143,8.18
27/08/2014,0,0,47(-1.88 %),0,0,0,0,4694143,8.18
28/08/2014,0,0,47.9(1.91 %),0,0,0,0,4694143,8.18
29/08/2014,0,0,47.8(-0.21 %),0,0,0,0,4694143,0.0
03/09/2014,500,23500000,46.3(-3.14 %),500,23500000,0,0,4694143,8.18
04/09/2014,100,4680000,44.7(-3.46 %),100,4680000,0,0,4693543,0.0
05/09/2014,2870,129030000,44.8(0.22 %),2870,129030000,0,0,4690673,0.0
08/09/2014,0,0,44.8(0.00 %),0,0,0,0,4690673,8.21
09/09/2014,0,0,44(-1.79 %),0,0,0,0,4690673,8.21
10/09/2014,0,0,44(0.00 %),0,0,0,0,4690673,0.0
11/09/2014,100,4400000,44(0.00 %),100,4400000,0,0,4690573,0.0
12/09/2014,0,0,44(0.00 %),0,0,0,0,4690573,0.0
15/09/2014,80,3640000,45.5(3.41 %),80,3640000,0,0,4690573,8.21
16/09/2014,0,0,44.5(-2.20 %),0,0,0,0,4690493,0.0
17/09/2014,0,0,46.5(4.49 %),0,0,0,0,4690493,0.0
18/09/2014,0,0,46(-1.08 %),0,0,0,0,4690493,0.0
19/09/2014,0,0,46.1(0.22 %),0,0,0,0,4690493,0.0
22/09/2014,0,0,46(-0.22 %),0,0,0,0,4690493,0.0
23/09/2014,0,0,46.8(1.74 %),0,0,0,0,4690493,0.0
24/09/2014,0,0,46.8(0.00 %),0,0,0,0,4690493,8.21
25/09/2014,40,1760000,46.5(-0.64 %),40,1760000,0,0,4690453,8.21
26/09/2014,-40,-1820000,45(-3.23 %),0,0,40,1820000,4690493,8.21
29/09/2014,0,0,45(0.00 %),0,0,0,0,4690453,0.0
30/09/2014,0,0,45(0.00 %),0,0,0,0,4690453,0.0
01/10/2014,0,0,45.2(0.44 %),0,0,0,0,4690453,0.0
02/10/2014,0,0,44.1(-2.43 %),0,0,0,0,4690493,0.0
03/10/2014,10,450000,45.5(3.17 %),10,450000,0,0,4690483,0.0
06/10/2014,0,0,45.5(0.00 %),0,0,0,0,4690483,0.0
07/10/2014,0,0,47(3.30 %),0,0,0,0,4690483,0.0
08/10/2014,0,0,46.5(-1.06 %),0,0,0,0,4690483,0.0
09/10/2014,0,0,45.6(-1.94 %),0,0,0,0,4690483,0.0
10/10/2014,0,0,44.5(-2.41 %),0,0,0,0,4690483,0.0
13/10/2014,0,0,44.5(0.00 %),0,0,0,0,4690483,8.21
14/10/2014,0,0,44.6(0.22 %),0,0,0,0,4690483,8.21
15/10/2014,0,0,45(0.90 %),0,0,0,0,4690483,8.21
16/10/2014,0,0,45.5(1.11 %),0,0,0,0,4690483,8.21
17/10/2014,0,0,45.5(0.00 %),0,0,0,0,4690483,8.21
20/10/2014,0,0,45.5(0.00 %),0,0,0,0,4690483,8.21
21/10/2014,0,0,45.5(0.00 %),0,0,0,0,4690483,8.21
22/10/2014,0,0,45(-1.10 %),0,0,0,0,4690483,8.21
23/10/2014,1000,44600000,44.5(-1.11 %),1000,44600000,0,0,4689483,8.22
24/10/2014,0,0,44.5(0.00 %),0,0,0,0,4689483,8.22
27/10/2014,0,0,44(-1.12 %),0,0,0,0,4689483,8.22
29/10/2014,0,0,45.5(1.11 %),0,0,0,0,4689483,8.22
30/10/2014,0,0,45(-1.10 %),0,0,0,0,4689483,8.22
31/10/2014,0,0,44.5(-1.11 %),0,0,0,0,4689483,8.22
03/11/2014,260,11518000,45(1.12 %),260,11518000,0,0,4689223,8.22
04/11/2014,0,0,45(0.00 %),0,0,0,0,4689223,8.22
05/11/2014,1000,43800000,45(0.00 %),1000,43800000,0,0,4688223,8.23
06/11/2014,0,0,45(0.00 %),0,0,0,0,4688223,8.23
07/11/2014,0,0,44(-2.22 %),0,0,0,0,4688223,8.23
10/11/2014,0,0,44.5(1.14 %),0,0,0,0,4688223,8.23
11/11/2014,0,0,45(1.12 %),0,0,0,0,4688223,8.23
12/11/2014,0,0,44.6(-0.89 %),0,0,0,0,4688223,8.23
13/11/2014,0,0,44(-1.35 %),0,0,0,0,4688223,8.23
14/11/2014,0,0,43.9(-0.23 %),0,0,0,0,4688223,8.23
17/11/2014,0,0,46.9(6.83 %),0,0,0,0,4688223,8.23
18/11/2014,0,0,50(6.61 %),0,0,0,0,4688223,8.23
19/11/2014,-660,-33280000,50.5(1.00 %),0,0,660,33280000,4688883,8.23
20/11/2014,0,0,50(-0.99 %),0,0,0,0,4688223,0.0
21/11/2014,0,0,48.2(-3.60 %),0,0,0,0,4688223,0.0
24/11/2014,0,0,50(3.73 %),0,0,0,0,4688223,0.0
25/11/2014,300,15000000,50.5(1.00 %),300,15000000,0,0,4688583,0.0
26/11/2014,0,0,50(-0.99 %),0,0,0,0,4688583,0.0
27/11/2014,0,0,49(-2.00 %),0,0,0,0,4688583,0.0
28/11/2014,-1440,-71740000,50(2.04 %),0,0,1440,71740000,4688583,0.0
01/12/2014,0,0,49.9(-0.20 %),0,0,0,0,4688583,0.0
02/12/2014,0,0,50.5(1.20 %),0,0,0,0,4688583,0.0
03/12/2014,0,0,51.5(1.98 %),0,0,0,0,4688583,0.0
04/12/2014,0,0,50.5(-1.94 %),0,0,0,0,4690023,0.0
05/12/2014,0,0,51(0.99 %),0,0,0,0,4690023,0.0
08/12/2014,7000,337400000,49.5(-2.94 %),7000,337400000,0,0,4683023,0.0
09/12/2014,0,0,49(-1.01 %),0,0,0,0,4683023,0.0
10/12/2014,0,0,48(-2.04 %),0,0,0,0,4683023,0.0
11/12/2014,0,0,46(-4.17 %),0,0,0,0,4683023,0.0
12/12/2014,0,0,47.5(3.26 %),0,0,0,0,4683023,8.28
15/12/2014,0,0,46.1(-2.95 %),0,0,0,0,4683023,0.0
16/12/2014,0,0,47.2(2.39 %),0,0,0,0,4683023,0.0
17/12/2014,0,0,45.5(-3.60 %),0,0,0,0,4683023,0.0
18/12/2014,0,0,47.4(4.18 %),0,0,0,0,4683023,0.0
19/12/2014,0,0,47.4(0.00 %),0,0,0,0,4683023,0.0
22/12/2014,0,0,49.8(5.06 %),0,0,0,0,4683023,8.28
23/12/2014,0,0,49.4(-0.80 %),0,0,0,0,4683023,0.0
24/12/2014,0,0,47.9(-3.04 %),0,0,0,0,4683023,0.0
25/12/2014,0,0,47.9(0.00 %),0,0,0,0,4683023,0.0
26/12/2014,0,0,47.7(-0.42 %),0,0,0,0,4683023,8.28
29/12/2014,0,0,45(-5.66 %),0,0,0,0,4683023,8.28
30/12/2014,0,0,44.5(-1.11 %),0,0,0,0,4683023,8.28
31/12/2014,0,0,45(1.12 %),0,0,0,0,4683023,8.28
05/01/2015,0,0,44(-2.22 %),0,0,0,0,4683023,8.28
06/01/2015,500,22500000,43.7(-0.68 %),500,22500000,0,0,4682523,8.28
07/01/2015,0,0,45(2.97 %),0,0,0,0,4682523,8.28
08/01/2015,0,0,44(-2.22 %),0,0,0,0,4682523,8.28
09/01/2015,0,0,46(4.55 %),0,0,0,0,4682523,8.28
12/01/2015,0,0,47.5(3.26 %),0,0,0,0,4682523,8.28
13/01/2015,0,0,46.5(-2.11 %),0,0,0,0,4682523,8.28
14/01/2015,0,0,45.7(-1.72 %),0,0,0,0,4682523,8.28
15/01/2015,0,0,46.5(1.75 %),0,0,0,0,4682523,8.28
16/01/2015,0,0,46.5(0.00 %),0,0,0,0,4682523,8.28
19/01/2015,0,0,46.5(0.00 %),0,0,0,0,4682523,8.28
20/01/2015,0,0,46.5(0.00 %),0,0,0,0,4682523,8.28
21/01/2015,0,0,45(-3.23 %),0,0,0,0,4682523,8.28
22/01/2015,0,0,46.5(3.33 %),0,0,0,0,4682523,8.28
23/01/2015,0,0,47.6(2.37 %),0,0,0,0,4682523,8.28
26/01/2015,0,0,48(0.84 %),0,0,0,0,4682523,8.28
27/01/2015,0,0,45(-6.25 %),0,0,0,0,4682523,8.28
28/01/2015,0,0,47.5(5.56 %),0,0,0,0,4682523,8.28
29/01/2015,0,0,45.5(-4.21 %),0,0,0,0,4682523,8.28
30/01/2015,0,0,45(-1.10 %),0,0,0,0,4682523,8.28
02/02/2015,0,0,45(0.00 %),0,0,0,0,4682523,8.28
03/02/2015,0,0,48(6.67 %),0,0,0,0,4682523,8.28
04/02/2015,0,0,44.7(-6.87 %),0,0,0,0,4682523,8.28
05/02/2015,0,0,46.5(4.03 %),0,0,0,0,4682523,8.28
06/02/2015,0,0,44(-5.38 %),0,0,0,0,4682523,8.28
09/02/2015,1700,75990000,45(2.27 %),1700,75990000,0,0,4680823,8.3
10/02/2015,0,0,44.9(-0.22 %),0,0,0,0,4680823,8.3
11/02/2015,0,0,45.5(1.34 %),0,0,0,0,4680823,8.3
12/02/2015,0,0,45.5(0.00 %),0,0,0,0,4680823,8.3
13/02/2015,0,0,44.5(-2.20 %),0,0,0,0,4680823,8.3
24/02/2015,-200,-9000000,46.9(5.39 %),0,0,200,9000000,4681023,8.3
25/02/2015,0,0,46.4(-1.07 %),0,0,0,0,4681023,8.3
26/02/2015,0,0,46.4(0.00 %),0,0,0,0,4681023,8.3
27/02/2015,0,0,46.4(0.00 %),0,0,0,0,4681023,8.3
02/03/2015,-340,-14960000,44(-5.17 %),0,0,340,14960000,4681023,8.3
03/03/2015,0,0,45(2.27 %),0,0,0,0,4681023,8.3
04/03/2015,0,0,46(2.22 %),0,0,0,0,4681023,8.3
05/03/2015,0,0,46(0.00 %),0,0,0,0,4681023,8.3
06/03/2015,0,0,44(-4.35 %),0,0,0,0,4681023,8.3
09/03/2015,1150,51980000,45(2.27 %),1150,51980000,0,0,4679873,8.31
10/03/2015,0,0,46(2.22 %),0,0,0,0,4679873,8.31
11/03/2015,0,0,46(0.00 %),0,0,0,0,4679873,8.31
12/03/2015,0,0,45(-2.17 %),0,0,0,0,4679873,8.31
13/03/2015,0,0,45.4(0.89 %),0,0,0,0,4679873,8.31
16/03/2015,0,0,45(-0.88 %),0,0,0,0,4679873,8.31
17/03/2015,0,0,45(0.00 %),0,0,0,0,4679873,8.31
18/03/2015,0,0,45.8(1.78 %),0,0,0,0,4679873,8.31
19/03/2015,0,0,45.9(0.22 %),0,0,0,0,4679873,8.31
20/03/2015,0,0,45(-1.96 %),0,0,0,0,4679873,8.31
23/03/2015,600,27120000,45(0.00 %),600,27120000,0,0,4679273,8.31
24/03/2015,0,0,45(0.00 %),0,0,0,0,4679273,8.31
25/03/2015,0,0,45.2(0.44 %),0,0,0,0,4679273,8.31
26/03/2015,0,0,45.2(0.00 %),0,0,0,0,4679273,8.31
27/03/2015,0,0,45.2(0.00 %),0,0,0,0,4679273,8.31
30/03/2015,0,0,45.2(0.00 %),0,0,0,0,4679273,8.31
31/03/2015,0,0,45.5(0.66 %),0,0,0,0,4679273,8.31
01/04/2015,0,0,46.5(2.20 %),0,0,0,0,4679613,8.31
02/04/2015,0,0,45.4(0.89 %),0,0,0,0,4679613,8.31
03/04/2015,0,0,45.4(0.00 %),0,0,0,0,4679613,8.31
06/04/2015,0,0,45.9(1.10 %),0,0,0,0,4679613,8.31
07/04/2015,0,0,45.8(-0.22 %),0,0,0,0,4679613,8.31
08/04/2015,0,0,44(-3.93 %),0,0,0,0,4679613,8.31
09/04/2015,0,0,43.1(-2.05 %),0,0,0,0,4679613,8.31
10/04/2015,0,0,43.6(1.16 %),0,0,0,0,4679613,8.31
13/04/2015,0,0,45.3(3.90 %),0,0,0,0,4679613,8.31
14/04/2015,0,0,44(-2.87 %),0,0,0,0,4679613,8.31
15/04/2015,0,0,44(0.00 %),0,0,0,0,4679613,8.31
16/04/2015,0,0,44(0.00 %),0,0,0,0,4679613,8.31
17/04/2015,0,0,44(0.00 %),0,0,0,0,4679613,8.31
20/04/2015,0,0,44(0.00 %),0,0,0,0,4679613,8.31
21/04/2015,0,0,44(0.00 %),0,0,0,0,4679613,8.31
22/04/2015,0,0,44(0.00 %),0,0,0,0,4679613,8.31
23/04/2015,790,34839000,44.7(1.59 %),790,34839000,0,0,4678823,8.31
24/04/2015,0,0,44.7(0.00 %),0,0,0,0,4678823,8.31
27/04/2015,400,17800000,47.6(6.49 %),400,17800000,0,0,4678423,8.32
04/05/2015,100,4440000,44.3(-6.93 %),100,4440000,0,0,4678323,8.32
05/05/2015,0,0,45(1.58 %),0,0,0,0,4678323,8.32
06/05/2015,0,0,45(0.00 %),0,0,0,0,4678323,8.32
07/05/2015,0,0,45(0.00 %),0,0,0,0,4678323,8.32
08/05/2015,0,0,44.9(-0.22 %),0,0,0,0,4678323,8.32
11/05/2015,0,0,42.5(-5.35 %),0,0,0,0,4678323,8.32
12/05/2015,100,4250000,42.5(0.00 %),100,4250000,0,0,4678223,8.32
13/05/2015,0,0,42.5(0.00 %),0,0,0,0,4678223,8.32
14/05/2015,300,12750000,43.5(2.35 %),300,12750000,0,0,4677923,8.32
15/05/2015,0,0,44(1.15 %),0,0,0,0,4677923,8.32
18/05/2015,0,0,43(-2.27 %),0,0,0,0,4677923,8.32
19/05/2015,0,0,44(2.33 %),0,0,0,0,4677923,8.32
20/05/2015,0,0,43(-2.27 %),0,0,0,0,4677923,8.32
21/05/2015,-500,-21550000,43.1(0.23 %),0,0,500,21550000,4678423,8.32
22/05/2015,0,0,44.5(3.25 %),0,0,0,0,4678423,8.32
25/05/2015,0,0,43(-3.37 %),0,0,0,0,4678423,8.32
26/05/2015,0,0,43(0.00 %),0,0,0,0,4678423,8.32
27/05/2015,500,21000000,44.5(3.49 %),500,21000000,0,0,4677923,8.32
28/05/2015,0,0,45(1.12 %),0,0,0,0,4677923,8.32
29/05/2015,0,0,45(0.00 %),0,0,0,0,4677923,8.32
01/06/2015,0,0,45(0.00 %),0,0,0,0,4677923,8.32
02/06/2015,0,0,44.5(-1.11 %),0,0,0,0,4677923,8.32
03/06/2015,100,4300000,44.5(0.00 %),100,4300000,0,0,4677823,8.32
04/06/2015,0,0,43.5(-2.25 %),0,0,0,0,4677823,8.32
05/06/2015,0,0,43.5(0.00 %),0,0,0,0,4677823,8.32
08/06/2015,0,0,43(-1.15 %),0,0,0,0,4677823,8.32
09/06/2015,800,34400000,43(0.00 %),800,34400000,0,0,4677023,8.33
10/06/2015,0,0,44.5(3.49 %),0,0,0,0,4677023,8.33
11/06/2015,0,0,44.1(-0.90 %),0,0,0,0,4677023,8.33
12/06/2015,-350,-15680000,46.5(5.44 %),0,0,350,15680000,4677373,8.33
15/06/2015,0,0,46.5(0.00 %),0,0,0,0,4677373,8.33
16/06/2015,0,0,44.9(-3.44 %),0,0,0,0,4677373,8.33
17/06/2015,0,0,44.9(0.00 %),0,0,0,0,4677373,8.33
18/06/2015,0,0,45(0.22 %),0,0,0,0,4677373,8.33
19/06/2015,0,0,45(0.00 %),0,0,0,0,4677373,8.33
22/06/2015,0,0,45(0.00 %),0,0,0,0,4677373,8.33
23/06/2015,0,0,45(0.00 %),0,0,0,0,4677373,8.33
24/06/2015,0,0,45(0.00 %),0,0,0,0,4677373,8.33
25/06/2015,0,0,46(2.22 %),0,0,0,0,4677373,8.33
26/06/2015,0,0,46(0.00 %),0,0,0,0,4677373,8.33
29/06/2015,2100,97020000,46.2(0.43 %),2100,97020000,0,0,4675273,8.35
30/06/2015,10,470000,47(1.73 %),10,470000,0,0,4675263,8.35
01/07/2015,0,0,47(0.00 %),0,0,0,0,4675263,8.35
02/07/2015,0,0,47(0.00 %),0,0,0,0,4675263,8.35
03/07/2015,0,0,46(-2.13 %),0,0,0,0,4675263,8.35
06/07/2015,0,0,45(-2.17 %),0,0,0,0,4675263,8.35
07/07/2015,0,0,45.2(0.44 %),0,0,0,0,4675263,8.35
08/07/2015,0,0,45.2(0.00 %),0,0,0,0,4675263,8.35
09/07/2015,10,474000,47.4(4.87 %),10,474000,0,0,4675253,8.35
10/07/2015,20,940000,45(-5.06 %),20,940000,0,0,4675233,8.35
13/07/2015,0,0,44.7(-0.67 %),0,0,0,0,4675233,8.35
14/07/2015,420,19320000,45.5(1.79 %),420,19320000,0,0,4674813,8.35
15/07/2015,0,0,45.5(0.00 %),0,0,0,0,4674813,8.35
16/07/2015,0,0,45.5(0.00 %),0,0,0,0,4674813,8.35
17/07/2015,0,0,45(-1.10 %),0,0,0,0,4674813,8.35
20/07/2015,0,0,44.5(-1.11 %),0,0,0,0,4674813,8.35
21/07/2015,0,0,45.6(2.47 %),0,0,0,0,4674813,8.35
22/07/2015,0,0,45.6(0.00 %),0,0,0,0,4674813,8.35
23/07/2015,20,920000,44.5(-2.41 %),20,920000,0,0,4674793,8.35
24/07/2015,3800,174160000,46(3.37 %),4000,183060000,200,8900000,4670993,8.38
27/07/2015,-1020,-45900000,45(-2.17 %),0,0,1020,45900000,4672013,8.37
28/07/2015,0,0,45(0.00 %),0,0,0,0,4672013,8.37
29/07/2015,0,0,45(0.00 %),0,0,0,0,4672013,8.37
30/07/2015,0,0,46(2.22 %),0,0,0,0,4672013,8.37
31/07/2015,0,0,46(0.00 %),0,0,0,0,4672013,8.37
03/08/2015,0,0,46(0.00 %),0,0,0,0,4672013,8.37
04/08/2015,0,0,46(0.00 %),0,0,0,0,4672013,8.37
05/08/2015,0,0,45(-2.17 %),0,0,0,0,4672013,8.37
06/08/2015,0,0,44.8(-0.44 %),0,0,0,0,4672013,8.37
07/08/2015,0,0,47(4.91 %),0,0,0,0,4672013,8.37
10/08/2015,0,0,46(-2.13 %),0,0,0,0,4672013,8.37
11/08/2015,0,0,46(0.00 %),0,0,0,0,4672013,8.37
12/08/2015,0,0,46(0.00 %),0,0,0,0,4672013,8.37
13/08/2015,0,0,45(-2.17 %),0,0,0,0,4672013,8.37
14/08/2015,0,0,45.1(0.22 %),0,0,0,0,4672013,8.37
17/08/2015,0,0,45(-0.22 %),0,0,0,0,4672013,8.37
18/08/2015,0,0,45(0.00 %),0,0,0,0,4672013,8.37
19/08/2015,-2600,-117000000,45.5(1.11 %),0,0,2600,117000000,4674613,8.35
20/08/2015,0,0,45.3(4.14 %),0,0,0,0,4674613,8.35
21/08/2015,0,0,45.3(0.00 %),0,0,0,0,4674613,8.35
24/08/2015,0,0,45.3(0.00 %),0,0,0,0,4674613,8.35
25/08/2015,0,0,43(-5.08 %),0,0,0,0,4674613,8.35
26/08/2015,0,0,43.1(0.23 %),0,0,0,0,4674613,8.35
27/08/2015,0,0,43.2(0.23 %),0,0,0,0,4674613,8.35
28/08/2015,0,0,45(4.17 %),0,0,0,0,4674613,8.35
31/08/2015,0,0,45(0.00 %),0,0,0,0,4674613,8.35
01/09/2015,0,0,45.7(1.56 %),0,0,0,0,4674613,8.35
03/09/2015,0,0,46.5(1.75 %),0,0,0,0,4674613,8.35
04/09/2015,0,0,45.7(-1.72 %),0,0,0,0,4674613,8.35
07/09/2015,0,0,46.5(1.75 %),0,0,0,0,4674613,8.35
08/09/2015,0,0,49(5.38 %),0,0,0,0,4674613,8.35
09/09/2015,0,0,47.5(-3.06 %),0,0,0,0,4674613,8.35
10/09/2015,0,0,47.5(0.00 %),0,0,0,0,4674613,8.35
11/09/2015,0,0,48.9(2.95 %),0,0,0,0,4674613,8.35
14/09/2015,0,0,47.5(-2.86 %),0,0,0,0,4674613,8.35
15/09/2015,0,0,47.5(0.00 %),0,0,0,0,4674613,8.35
16/09/2015,0,0,48.8(2.74 %),0,0,0,0,4674613,8.35
17/09/2015,-20,-1000000,47.7(-2.25 %),0,0,20,1000000,4674633,8.35
18/09/2015,0,0,47.5(-0.42 %),0,0,0,0,4674633,8.35
21/09/2015,0,0,47.6(0.21 %),0,0,0,0,4674633,8.35
22/09/2015,0,0,47.5(-0.21 %),0,0,0,0,4674633,8.35
23/09/2015,0,0,47.4(-0.21 %),0,0,0,0,4674633,8.35
24/09/2015,0,0,47.9(1.05 %),0,0,0,0,4674633,8.35
25/09/2015,0,0,47.9(0.00 %),0,0,0,0,4674633,8.35
28/09/2015,0,0,47.5(-0.84 %),0,0,0,0,4674633,8.35
29/09/2015,0,0,47.9(0.84 %),0,0,0,0,4674633,8.35
30/09/2015,0,0,48.3(0.84 %),0,0,0,0,4674633,8.35
01/10/2015,0,0,47.5(-1.66 %),0,0,0,0,4674633,8.35
02/10/2015,0,0,47.5(0.00 %),0,0,0,0,4674633,8.35
05/10/2015,-980,-48020000,49.8(4.84 %),0,0,980,48020000,4675613,8.34
06/10/2015,-1000,-51000000,51.5(3.41 %),0,0,1000,51000000,4676613,8.33
07/10/2015,5000,260000000,52(0.97 %),5000,260000000,0,0,4671613,8.38
08/10/2015,380,19760000,51.5(-0.96 %),380,19760000,0,0,4671233,8.38
09/10/2015,0,0,51(-0.97 %),0,0,0,0,4671233,8.38
12/10/2015,-140,-7140000,49(-3.92 %),0,0,140,7140000,4671373,8.38
13/10/2015,0,0,51(4.08 %),0,0,0,0,4671373,8.38
14/10/2015,140,7210000,51.5(0.98 %),200,10300000,60,3090000,4671233,8.38
15/10/2015,60,3060000,51(-0.97 %),60,3060000,0,0,4671173,8.38
16/10/2015,-200,-10400000,52(1.96 %),0,0,200,10400000,4671373,8.38
19/10/2015,2000,105990000,52.5(0.96 %),2000,105990000,0,0,4669373,8.4
20/10/2015,3080,162620000,53.5(1.90 %),3320,175460000,240,12840000,4666293,8.42
21/10/2015,0,0,54(0.93 %),0,0,0,0,4666293,8.42
22/10/2015,0,0,54(0.00 %),0,0,0,0,4666293,8.42
23/10/2015,10,540000,52.5(-2.78 %),10,540000,0,0,4666283,8.42
26/10/2015,-10,-540000,54(2.86 %),0,0,10,540000,4666293,8.42
27/10/2015,0,0,54(0.00 %),0,0,0,0,4666293,8.42
28/10/2015,-510,-26560000,52(-3.70 %),0,0,510,26560000,4666803,8.42
29/10/2015,0,0,52(0.00 %),0,0,0,0,4666803,8.42
30/10/2015,0,0,52.5(0.96 %),0,0,0,0,4666803,8.42
02/11/2015,0,0,53(0.95 %),0,0,0,0,4666295,8.42
03/11/2015,0,0,53.5(0.94 %),0,0,0,0,4666295,8.42
04/11/2015,-490,-26710000,54(0.93 %),0,0,490,26710000,4666785,8.42
05/11/2015,0,0,54(0.00 %),0,0,0,0,4666785,8.42
06/11/2015,0,0,54(0.00 %),0,0,0,0,4666785,8.42
09/11/2015,0,0,54(0.00 %),0,0,0,0,4666785,8.42
10/11/2015,0,0,54(0.00 %),0,0,0,0,4666785,8.42
11/11/2015,0,0,54(0.00 %),0,0,0,0,4666785,8.42
12/11/2015,0,0,52.5(-2.78 %),0,0,0,0,4666785,8.42
13/11/2015,0,0,54(2.86 %),0,0,0,0,4666785,8.42
16/11/2015,0,0,54(0.00 %),0,0,0,0,4666785,8.42
17/11/2015,0,0,52.5(-2.78 %),0,0,0,0,4666785,8.42
18/11/2015,0,0,52(-0.95 %),0,0,0,0,4666785,8.42
19/11/2015,0,0,53(1.92 %),0,0,0,0,4666785,8.42
20/11/2015,0,0,53(0.00 %),0,0,0,0,4666785,8.42
23/11/2015,0,0,53(0.00 %),0,0,0,0,4666785,8.42
24/11/2015,0,0,52.5(-0.94 %),0,0,0,0,4667295,8.41
25/11/2015,0,0,53(0.95 %),0,0,0,0,4667295,8.41
26/11/2015,0,0,53(0.00 %),0,0,0,0,4667295,8.41
27/11/2015,0,0,53(0.00 %),0,0,0,0,4667295,8.41
30/11/2015,0,0,53(0.00 %),0,0,0,0,4667295,8.41
01/12/2015,0,0,53(0.00 %),0,0,0,0,4667295,8.41
02/12/2015,0,0,52.5(-0.94 %),0,0,0,0,4667295,8.41
03/12/2015,0,0,52.5(0.00 %),0,0,0,0,4667295,8.41
04/12/2015,0,0,51.5(-1.90 %),0,0,0,0,4667295,8.41
07/12/2015,0,0,52.5(1.94 %),0,0,0,0,4667295,8.41
08/12/2015,0,0,51.5(-1.90 %),0,0,0,0,4667295,8.41
09/12/2015,0,0,53(2.91 %),0,0,0,0,4667295,8.41
10/12/2015,0,0,53(0.00 %),0,0,0,0,4667295,8.41
11/12/2015,0,0,53(0.00 %),0,0,0,0,4667295,8.41
14/12/2015,0,0,53(0.00 %),0,0,0,0,4667295,8.41
15/12/2015,0,0,53(0.00 %),0,0,0,0,4667295,8.41
16/12/2015,0,0,53(0.00 %),0,0,0,0,4667295,8.41
17/12/2015,-100,-5400000,55(3.77 %),0,0,100,5400000,4667295,8.41
18/12/2015,0,0,54(-1.82 %),0,0,0,0,4667295,8.41
21/12/2015,-1690,-87880000,53(-1.85 %),0,0,1690,87880000,4667295,8.41
22/12/2015,0,0,54(1.89 %),0,0,0,0,4667295,8.41
23/12/2015,0,0,54.5(0.93 %),0,0,0,0,4667395,8.41
24/12/2015,0,0,52.5(-3.67 %),0,0,0,0,4667395,8.41
25/12/2015,0,0,54.5(3.81 %),0,0,0,0,4669085,8.4
28/12/2015,0,0,53(-2.75 %),0,0,0,0,4669085,8.4
29/12/2015,0,0,53(0.00 %),0,0,0,0,4669085,8.4
30/12/2015,0,0,53(0.00 %),0,0,0,0,4669085,8.4
31/12/2015,0,0,54.5(2.83 %),0,0,0,0,4669085,8.4
04/01/2016,0,0,53(-2.75 %),0,0,0,0,4669085,8.4
05/01/2016,0,0,53.5(0.94 %),0,0,0,0,4669085,8.4
06/01/2016,0,0,53.5(0.00 %),0,0,0,0,4669085,8.4
07/01/2016,-16260,-861780000,53(-0.93 %),0,0,16260,861780000,4669085,8.4
08/01/2016,-19900,-1054700000,52.5(-0.94 %),100,5300000,20000,1060000000,4668985,8.4
11/01/2016,0,0,53(0.95 %),0,0,0,0,4668985,8.4
12/01/2016,0,0,53(0.00 %),0,0,0,0,4685245,8.26
13/01/2016,0,0,53(0.00 %),0,0,0,0,4705245,8.08
14/01/2016,-2500,-132500000,53(0.00 %),0,0,2500,132500000,4705245,8.08
15/01/2016,-19450,-1030850000,53(0.00 %),0,0,19450,1030850000,4705245,8.08
18/01/2016,-4000,-207250000,53(0.00 %),0,0,4000,207250000,4705245,8.08
19/01/2016,-1500,-81000000,54(1.89 %),0,0,1500,81000000,4707745,8.06
20/01/2016,0,0,54(0.00 %),0,0,0,0,4727195,7.89
21/01/2016,-1380,-74520000,54(0.00 %),0,0,1380,74520000,4731195,7.86
22/01/2016,-100,-5400000,52.5(-2.78 %),0,0,100,5400000,4732695,7.85
25/01/2016,-4630,-251930000,53.5(1.90 %),0,0,4630,251930000,4734075,7.83
26/01/2016,-2300,-123050000,53.5(0.00 %),0,0,2300,123050000,4734075,7.83
27/01/2016,-6590,-355860000,54.5(1.87 %),0,0,6590,355860000,4734175,7.83
28/01/2016,0,0,55(0.92 %),0,0,0,0,4738805,7.79
29/01/2016,-110,-6380000,58(5.45 %),0,0,110,6380000,4741105,7.77
01/02/2016,0,0,57(-1.72 %),0,0,0,0,4747695,7.72
02/02/2016,0,0,57(0.00 %),0,0,0,0,4747695,7.72
03/02/2016,0,0,56.5(-0.88 %),0,0,0,0,4747805,7.71
04/02/2016,0,0,59(4.42 %),0,0,0,0,4747805,7.71
05/02/2016,0,0,59(0.00 %),0,0,0,0,4747805,7.71
15/02/2016,-500,-30000000,60(1.69 %),0,0,500,30000000,4747805,7.71
16/02/2016,-250,-14950000,61(1.67 %),50,3050000,300,18000000,4747755,7.72
17/02/2016,-14310,-926600000,64(4.92 %),0,0,14310,926600000,4747755,7.72
18/02/2016,0,0,65.5(2.34 %),0,0,0,0,4748255,7.71
19/02/2016,-29200,-2027770000,69(5.34 %),0,0,29200,2027770000,4748555,7.71
22/02/2016,-3080,-212540000,69(0.00 %),20,1370000,3100,213910000,4762845,7.58
23/02/2016,-17330,-1179270000,68(-1.45 %),0,0,17330,1179270000,4762845,7.58
24/02/2016,-10,-710000,70(2.94 %),0,0,10,710000,4792045,7.33
25/02/2016,0,0,67.5(-3.57 %),0,0,0,0,4795145,7.3
26/02/2016,-1000,-68500000,68.5(1.48 %),0,0,1000,68500000,4812475,7.15
29/02/2016,-10180,-687290000,67(-2.19 %),0,0,10180,687290000,4812485,7.15
01/03/2016,0,0,67.5(0.75 %),0,0,0,0,4812485,7.15
02/03/2016,-7820,-563080000,71.5(5.93 %),10,680000,7830,563760000,4813475,7.14
03/03/2016,-9750,-680100000,69.5(-2.80 %),0,0,9750,680100000,4823655,7.06
04/03/2016,0,0,68.5(-1.44 %),0,0,0,0,4823655,7.06
07/03/2016,0,0,69(0.73 %),0,0,0,0,4831485,6.99
08/03/2016,-1000,-69500000,69.5(0.72 %),0,0,1000,69500000,4841235,6.9
09/03/2016,0,0,70(0.72 %),0,0,0,0,4841235,6.9
10/03/2016,-4740,-330530000,70(0.00 %),0,0,4740,330530000,4841235,6.9
11/03/2016,-11300,-809700000,70(0.00 %),0,0,11300,809700000,4842235,6.89
14/03/2016,-18070,-1296080000,72.5(3.57 %),0,0,18070,1296080000,4842235,6.89
15/03/2016,-4760,-342410000,72(-0.69 %),0,0,4760,342410000,4846975,6.85
16/03/2016,420,29820000,72(0.00 %),420,29820000,0,0,4857855,6.76
17/03/2016,-5000,-371310000,74(2.78 %),0,0,5000,371310000,4875925,6.6
18/03/2016,-500,-37500000,75(1.35 %),0,0,500,37500000,4880685,6.56
21/03/2016,-1000,-75000000,75(0.00 %),0,0,1000,75000000,4880685,6.56
22/03/2016,0,0,75(0.00 %),0,0,0,0,4885685,6.52
23/03/2016,0,0,76(1.33 %),0,0,0,0,4886185,6.51
24/03/2016,-1500,-115500000,76.5(0.66 %),0,0,1500,115500000,4887185,6.5
25/03/2016,0,0,76(-0.65 %),0,0,0,0,4887185,6.5
28/03/2016,0,0,77(1.32 %),0,0,0,0,4887185,6.5
29/03/2016,-10310,-792870000,76.5(-0.65 %),0,0,10310,792870000,4888685,6.49
30/03/2016,0,0,76.5(0.00 %),0,0,0,0,4888685,6.49
31/03/2016,0,0,74.5(-2.61 %),0,0,0,0,4888685,6.49
01/04/2016,-100,-7450000,75.5(1.34 %),0,0,100,7450000,4898995,6.4
04/04/2016,0,0,74.5(1.36 %),0,0,0,0,4898995,6.4
05/04/2016,0,0,73.5(-1.34 %),0,0,0,0,4898995,6.4
06/04/2016,-210,-15540000,75(2.04 %),0,0,210,15540000,4899095,6.4
07/04/2016,-9210,-709170000,77(2.67 %),0,0,9210,709170000,4899095,6.4
08/04/2016,-15000,-1201500000,80(3.90 %),500,40250000,15500,1241750000,4898595,6.4
11/04/2016,0,0,80.5(0.62 %),0,0,0,0,4898805,6.4
12/04/2016,40,3020000,80.5(0.00 %),40,3020000,0,0,4907975,6.32
13/04/2016,0,0,79.5(-1.24 %),0,0,0,0,4923475,6.19
14/04/2016,-500,-39500000,78.5(-1.26 %),0,0,500,39500000,4923475,6.19
15/04/2016,0,0,79(0.64 %),0,0,0,0,4923475,6.19
19/04/2016,3750,299630000,79(0.00 %),3750,299630000,0,0,4919725,6.22
20/04/2016,0,0,80(1.27 %),0,0,0,0,4920225,6.22
21/04/2016,0,0,79.5(-0.62 %),0,0,0,0,4920225,6.22
22/04/2016,3700,293900000,78.5(-1.26 %),3700,293900000,0,0,4916525,6.25
25/04/2016,0,0,78(-0.64 %),0,0,0,0,4916525,6.25
26/04/2016,0,0,75.5(-3.21 %),0,0,0,0,4916525,6.25
27/04/2016,2000,150000000,75.5(0.00 %),2000,150000000,0,0,4914525,6.26
28/04/2016,0,0,73(-3.31 %),0,0,0,0,4914525,6.26
29/04/2016,0,0,74(1.37 %),0,0,0,0,4914525,6.26
04/05/2016,480,35280000,75(1.35 %),480,35280000,0,0,4914045,6.27
05/05/2016,0,0,73.5(-2.00 %),0,0,0,0,4914045,6.27
06/05/2016,0,0,73.5(0.00 %),0,0,0,0,4914045,6.27
09/05/2016,9910,732990000,74.5(1.36 %),9910,732990000,0,0,4904135,6.36
10/05/2016,0,0,73.5(-1.34 %),0,0,0,0,4904135,6.36
11/05/2016,0,0,73.5(0.00 %),0,0,0,0,4904135,6.36
12/05/2016,400,28800000,72(-2.04 %),400,28800000,0,0,4903735,6.36
13/05/2016,0,0,71(-1.39 %),0,0,0,0,4903735,6.36
16/05/2016,0,0,68(-4.23 %),0,0,0,0,4903735,6.36
17/05/2016,100,6800000,70(2.94 %),100,6800000,0,0,4903635,6.36
18/05/2016,0,0,69(-1.43 %),0,0,0,0,4903635,6.36
19/05/2016,0,0,69(0.00 %),0,0,0,0,4903635,6.36
20/05/2016,0,0,71(2.90 %),0,0,0,0,4903635,6.36
23/05/2016,0,0,71(0.00 %),0,0,0,0,4903635,6.36
24/05/2016,11320,798060000,71(0.00 %),11320,798060000,0,0,4892315,6.46
25/05/2016,0,0,70.5(-0.70 %),0,0,0,0,4892315,6.46
26/05/2016,580,40600000,70(-0.71 %),580,40600000,0,0,4891735,6.46
27/05/2016,0,0,71(1.43 %),0,0,0,0,4891735,6.46
30/05/2016,0,0,70.5(-0.70 %),0,0,0,0,4891735,6.46
31/05/2016,3500,244360000,70.5(0.00 %),3500,244360000,0,0,4888235,6.49
01/06/2016,0,0,70.5(0.00 %),0,0,0,0,4888235,6.49
02/06/2016,0,0,72.5(2.84 %),0,0,0,0,4888235,6.49
03/06/2016,1600,115300000,71(-2.07 %),1600,115300000,0,0,4886635,6.51
06/06/2016,0,0,71(0.00 %),0,0,0,0,4886635,6.51
07/06/2016,-11870,-881380000,74(4.23 %),1000,71000000,12870,952380000,4885635,6.52
08/06/2016,-25460,-1885770000,74.5(0.68 %),1000,74000000,26460,1959770000,4884635,6.52
09/06/2016,-13270,-963120000,74(-0.67 %),9730,705580000,23000,1668700000,4874905,6.61
10/06/2016,-3910,-285430000,73(-1.35 %),0,0,3910,285430000,4887775,6.5
13/06/2016,-50,-4080000,74(1.37 %),1000,72000000,1050,76080000,4913235,6.28
14/06/2016,0,0,73(-1.35 %),0,0,0,0,4936235,6.08
15/06/2016,50,3650000,73(0.00 %),50,3650000,0,0,4940095,6.04
16/06/2016,7620,566070000,74.5(2.05 %),7620,566070000,0,0,4933525,6.1
17/06/2016,1000,78500000,78.5(5.37 %),1000,78500000,0,0,4932525,6.11
20/06/2016,0,0,78.5(0.00 %),0,0,0,0,4932525,6.11
21/06/2016,3000,237000000,79(0.64 %),3000,237000000,0,0,4929525,6.13
22/06/2016,-900,-70600000,79.5(0.63 %),100,7900000,1000,78500000,4929425,6.14
23/06/2016,1900,155000000,80.5(1.26 %),2000,163000000,100,8000000,4927425,6.15
24/06/2016,3260,242790000,80(-0.62 %),4260,323290000,1000,80500000,4923165,6.19
27/06/2016,3380,263890000,79.5(-0.62 %),3380,263890000,0,0,4920785,6.21
28/06/2016,0,0,79.5(0.00 %),0,0,0,0,4920885,6.21
29/06/2016,1000,80000000,85(6.92 %),1000,80000000,0,0,4920885,6.21
30/06/2016,-1670,-146790000,86.5(1.76 %),0,0,1670,146790000,4920885,6.21
01/07/2016,-290,-25600000,89(2.89 %),0,0,290,25600000,4920885,6.21
04/07/2016,3130,285050000,91.5(2.81 %),4690,426640000,1560,141590000,4916195,6.25
05/07/2016,110,10820000,87.5(-4.37 %),1810,165620000,1700,154800000,4916055,6.25
06/07/2016,3200,279000000,90.5(3.43 %),3200,279000000,0,0,4913145,6.28
07/07/2016,4000,358870000,90(-0.55 %),4000,358870000,0,0,4910705,6.3
08/07/2016,0,0,86.5(-3.89 %),0,0,0,0,4912405,6.28
11/07/2016,3800,328800000,82(-5.20 %),4000,346000000,200,17200000,4912405,6.28
12/07/2016,4170,340110000,83(1.22 %),4170,340110000,0,0,4904235,6.35
13/07/2016,0,0,84.5(1.81 %),0,0,0,0,4904235,6.35
14/07/2016,2000,165000000,81(-4.14 %),2000,165000000,0,0,4902435,6.37
15/07/2016,0,0,81(0.00 %),0,0,0,0,4902435,6.37
18/07/2016,0,0,82(1.23 %),0,0,0,0,4902435,6.37
19/07/2016,13470,1118010000,83(1.22 %),13470,1118010000,0,0,4888965,6.49
20/07/2016,0,0,83(0.00 %),0,0,0,0,4888965,6.49
21/07/2016,0,0,84(1.20 %),0,0,0,0,4888965,6.49
22/07/2016,-2000,-176000000,87(3.57 %),0,0,2000,176000000,4888965,6.49
25/07/2016,-6370,-560660000,88.5(1.72 %),0,0,6370,560660000,4888965,6.49
26/07/2016,-5000,-444750000,89.5(1.13 %),0,0,5000,444750000,4888965,6.49
27/07/2016,-60,7860000,95.5(6.70 %),3000,282500000,3060,274640000,4887965,6.5
28/07/2016,0,0,97(1.57 %),0,0,0,0,4894335,6.44
29/07/2016,0,0,100(3.09 %),0,0,0,0,4899335,6.4
01/08/2016,-1000,-97500000,97(-3.00 %),0,0,1000,97500000,4902395,6.37
02/08/2016,-2000,-190100000,95(-2.06 %),0,0,2000,190100000,4902395,6.37
03/08/2016,0,0,94.5(-0.53 %),0,0,0,0,4902395,6.37
04/08/2016,0,0,94.5(0.00 %),0,0,0,0,4903395,6.36
05/08/2016,0,0,95(0.53 %),0,0,0,0,4905395,6.34
08/08/2016,0,0,97(2.11 %),0,0,0,0,4905395,6.34
09/08/2016,14970,1476690000,102(5.15 %),14970,1476690000,0,0,4890425,6.47
10/08/2016,1400,139800000,102(0.00 %),1500,150000000,100,10200000,4888925,6.49
11/08/2016,1960,195020000,100(-1.96 %),1960,195020000,0,0,4886965,6.5
12/08/2016,11000,1100000000,100(0.00 %),11000,1100000000,0,0,4875965,6.6
15/08/2016,500,50000000,105(5.00 %),500,50000000,0,0,4875565,6.6
16/08/2016,0,0,106(0.95 %),0,0,0,0,4875565,6.6
17/08/2016,10180,1078280000,108(1.89 %),10180,1078280000,0,0,4865385,6.69
18/08/2016,-500,-52500000,105(-2.78 %),0,0,500,52500000,4865385,6.69
19/08/2016,3000,307500000,102(-2.86 %),3000,307500000,0,0,4862385,6.72
22/08/2016,0,0,100(-1.96 %),0,0,0,0,4862385,6.72
23/08/2016,0,0,101(1.00 %),0,0,0,0,4862885,6.71
24/08/2016,0,0,102(0.99 %),0,0,0,0,4862885,6.71
25/08/2016,0,0,101(1.00 %),0,0,0,0,4862885,6.71
26/08/2016,0,0,99.5(-1.49 %),0,0,0,0,4862885,6.71
29/08/2016,0,0,95(-4.52 %),0,0,0,0,4862885,6.71
30/08/2016,0,0,95(0.00 %),0,0,0,0,4862885,6.71
31/08/2016,0,0,95(0.00 %),0,0,0,0,4862885,6.71
01/09/2016,0,0,97(2.11 %),0,0,0,0,4862893,6.71
05/09/2016,0,0,100(3.09 %),0,0,0,0,4862893,6.71
06/09/2016,0,0,100(0.00 %),0,0,0,0,4862893,6.71
07/09/2016,0,0,99.5(-0.50 %),0,0,0,0,4862893,6.71
08/09/2016,11160,1109420000,97(-2.51 %),11160,1109420000,0,0,4851733,6.81
09/09/2016,600,58200000,97(0.00 %),600,58200000,0,0,4851133,6.82
12/09/2016,0,0,97.5(0.52 %),0,0,0,0,4851133,6.82
13/09/2016,0,0,97.9(0.41 %),0,0,0,0,4851133,6.82
14/09/2016,0,0,98(0.10 %),0,0,0,0,4851133,6.82
15/09/2016,0,0,98(0.00 %),0,0,0,0,4851133,6.82
16/09/2016,0,0,97.5(-0.51 %),0,0,0,0,4851133,6.82
19/09/2016,0,0,97(-0.51 %),0,0,0,0,4851133,6.82
20/09/2016,100,9700000,98(1.03 %),100,9700000,0,0,4851033,6.82
21/09/2016,1380,139210000,102(4.08 %),1380,139210000,0,0,4849653,6.83
22/09/2016,0,0,103.5(1.47 %),0,0,0,0,4849653,6.83
23/09/2016,0,0,102.5(-0.97 %),0,0,0,0,4849653,6.83
26/09/2016,1500,151370000,101.1(-1.37 %),1500,151370000,0,0,4848153,6.84
27/09/2016,0,0,106(4.85 %),0,0,0,0,4848153,6.84
28/09/2016,-500,-52920000,105.8(-0.19 %),0,0,500,52920000,4848153,6.84
29/09/2016,0,0,104.4(-1.32 %),0,0,0,0,4848153,6.84
30/09/2016,0,0,106.8(2.30 %),0,0,0,0,4848153,6.84
03/10/2016,-17460,-1914060000,109(2.06 %),0,0,17460,1914060000,4848653,6.84
04/10/2016,0,0,106.2(-2.57 %),0,0,0,0,4848653,6.84
05/10/2016,-31060,-3306220000,105(-1.13 %),0,0,31060,3306220000,4848653,6.84
06/10/2016,0,0,106.5(1.43 %),0,0,0,0,4866113,6.69
07/10/2016,0,0,106(-0.47 %),0,0,0,0,4866113,6.69
10/10/2016,0,0,105.4(-0.57 %),0,0,0,0,4897180,6.42
11/10/2016,0,0,103.9(-1.42 %),0,0,0,0,4897180,6.42
12/10/2016,0,0,103(-0.87 %),0,0,0,0,4897180,6.42
13/10/2016,0,0,106.4(3.30 %),0,0,0,0,4897180,6.42
14/10/2016,0,0,106.4(0.00 %),0,0,0,0,4897180,6.42
17/10/2016,0,0,105.5(-0.85 %),0,0,0,0,4897180,6.42
18/10/2016,0,0,106(0.47 %),0,0,0,0,4897180,6.42
19/10/2016,1000,106000000,106.4(0.38 %),1000,106000000,0,0,4896180,6.42
20/10/2016,0,0,108.4(1.88 %),0,0,0,0,4896180,6.42
21/10/2016,0,0,108(-0.37 %),0,0,0,0,4896180,6.42
24/10/2016,10,1070000,103.4(-4.26 %),10,1070000,0,0,4896170,6.42
25/10/2016,0,0,104.7(1.26 %),0,0,0,0,4896170,6.42
26/10/2016,0,0,103.8(-0.86 %),0,0,0,0,4896170,6.42
27/10/2016,0,0,105.5(1.64 %),0,0,0,0,4896170,6.42
28/10/2016,0,0,112.8(6.92 %),0,0,0,0,4896170,6.42
31/10/2016,0,0,114.6(1.60 %),0,0,0,0,4896170,6.42
01/11/2016,0,0,114.7(0.09 %),0,0,0,0,4896170,6.42
02/11/2016,0,0,112(-2.35 %),0,0,0,0,4896170,6.42
03/11/2016,0,0,111(-0.89 %),0,0,0,0,4896170,6.42
04/11/2016,0,0,110(-0.90 %),0,0,0,0,4896170,6.42
07/11/2016,0,0,110.5(0.45 %),0,0,0,0,4896170,6.42
08/11/2016,0,0,114(3.17 %),0,0,0,0,4896170,6.42
09/11/2016,0,0,113.5(-0.44 %),0,0,0,0,4896170,6.42
10/11/2016,0,0,113.1(-0.35 %),0,0,0,0,4896170,6.42
11/11/2016,0,0,111.8(-1.15 %),0,0,0,0,4896170,6.42
14/11/2016,10,1110000,108.5(-2.95 %),10,1110000,0,0,4896160,6.42
15/11/2016,0,0,108.5(0.00 %),0,0,0,0,4896160,6.42
16/11/2016,20,2190000,108.5(0.00 %),20,2190000,0,0,4896140,6.42
17/11/2016,0,0,107.9(-0.55 %),0,0,0,0,4896140,6.42
18/11/2016,0,0,106(-1.76 %),0,0,0,0,4896140,6.42
21/11/2016,0,0,106(0.00 %),0,0,0,0,4896140,6.42
22/11/2016,0,0,105(-0.94 %),0,0,0,0,4896140,6.42
23/11/2016,0,0,105.5(0.48 %),0,0,0,0,4896140,6.42
24/11/2016,0,0,105.7(0.19 %),0,0,0,0,4896140,6.42
25/11/2016,20,2110000,106(0.28 %),20,2110000,0,0,4896120,6.43
28/11/2016,0,0,104(-1.89 %),0,0,0,0,4896120,6.43
29/11/2016,0,0,103(-0.96 %),0,0,0,0,4896120,6.43
30/11/2016,0,0,103.9(0.87 %),0,0,0,0,4896120,6.43
01/12/2016,0,0,104(0.10 %),0,0,0,0,4896120,6.43
02/12/2016,0,0,104(0.00 %),0,0,0,0,4896120,6.43
05/12/2016,16010,1645960000,103.9(-0.10 %),16010,1645960000,0,0,4880110,6.56
06/12/2016,0,0,100(-3.75 %),0,0,0,0,4880110,6.56
07/12/2016,0,0,96.9(-3.10 %),0,0,0,0,4880110,6.56
08/12/2016,0,0,98.7(1.86 %),0,0,0,0,4880110,6.56
09/12/2016,200,19700000,98.5(-0.20 %),200,19700000,0,0,4879910,6.57
12/12/2016,-250,-23790000,97.5(-1.02 %),0,0,250,23790000,4879910,6.57
13/12/2016,0,0,94.5(-3.08 %),0,0,0,0,4879910,6.57
14/12/2016,0,0,96.9(2.54 %),0,0,0,0,4879910,6.57
15/12/2016,0,0,96(-0.93 %),0,0,0,0,4880160,6.56
16/12/2016,0,0,99.8(3.96 %),0,0,0,0,4880168,6.56
19/12/2016,0,0,99.6(-0.20 %),0,0,0,0,4880160,6.56
20/12/2016,0,0,98(-1.61 %),0,0,0,0,4880168,6.56
21/12/2016,0,0,98(0.00 %),0,0,0,0,4880168,6.56
22/12/2016,0,0,99(1.02 %),0,0,0,0,4880168,6.56
23/12/2016,0,0,95(-4.04 %),0,0,0,0,4880168,6.56
26/12/2016,0,0,97(2.11 %),0,0,0,0,4880168,6.56
27/12/2016,0,0,97(0.00 %),0,0,0,0,4880168,6.56
28/12/2016,-2000,-190000000,96(-1.03 %),0,0,2000,190000000,4880168,6.56
29/12/2016,0,0,96(0.00 %),0,0,0,0,4880168,6.56
30/12/2016,0,0,95.9(-0.10 %),0,0,0,0,4880168,6.56
03/01/2017,0,0,97(1.15 %),0,0,0,0,4882168,6.55
04/01/2017,0,0,95.5(-1.55 %),0,0,0,0,4882168,6.55
05/01/2017,7810,756720000,98.5(3.14 %),7810,756720000,0,0,4874358,6.61
06/01/2017,4860,477740000,98.8(0.30 %),4860,477740000,0,0,4869498,6.66
09/01/2017,0,0,95.5(-3.34 %),0,0,0,0,4869498,6.66
10/01/2017,1150,109480000,96.3(0.84 %),1150,109480000,0,0,4868348,6.67
11/01/2017,5300,512380000,97.5(1.25 %),5300,512380000,0,0,4863048,6.71
12/01/2017,-20,-1960000,97.4(-0.10 %),0,0,20,1960000,4863048,6.71
13/01/2017,0,0,97.4(0.00 %),0,0,0,0,4863048,6.71
16/01/2017,0,0,96.9(-0.51 %),0,0,0,0,4863048,6.71
17/01/2017,-16300,-1550690000,94.7(-2.27 %),0,0,16300,1550690000,4863068,6.71
18/01/2017,0,0,94.7(0.00 %),0,0,0,0,4863068,6.71
19/01/2017,0,0,94.9(0.21 %),0,0,0,0,4863068,6.71
20/01/2017,-9860,-932060000,94.5(-0.42 %),200,19000000,10060,951060000,4879168,6.57
23/01/2017,-31270,-2955800000,94.3(-0.21 %),0,0,31270,2955800000,4879168,6.57
24/01/2017,-9500,-887000000,93.2(-1.17 %),0,0,9500,887000000,4879168,6.57
25/01/2017,0,0,96(3.00 %),0,0,0,0,4889228,6.48
02/02/2017,-8330,-794530000,94.9(-1.15 %),0,0,8330,794530000,4920498,6.21
03/02/2017,-9250,-865990000,93(-2.00 %),0,0,9250,865990000,4929998,6.13
06/02/2017,-17670,-1586690000,91(-2.15 %),0,0,17670,1586690000,4929998,6.13
07/02/2017,-185340,-17418440000,94(3.30 %),0,0,185340,17418440000,4938328,6.06
08/02/2017,-226440,-21285360000,97.5(3.72 %),0,0,226440,21285360000,4947578,5.98
09/02/2017,0,0,98(0.51 %),0,0,0,0,4965248,5.82
10/02/2017,-500,-48550000,97.9(-0.10 %),0,0,500,48550000,5150588,4.21
13/02/2017,0,0,103.5(5.72 %),0,0,0,0,5377028,2.24
14/02/2017,0,0,102.4(-1.06 %),0,0,0,0,5377028,2.24
15/02/2017,0,0,101.5(-0.88 %),0,0,0,0,5377528,2.24
16/02/2017,-90,-9180000,100.5(-0.99 %),0,0,90,9180000,5377528,2.24
17/02/2017,0,0,99.9(-0.60 %),0,0,0,0,5377528,2.24
20/02/2017,1370,137350000,102(2.10 %),1470,147550000,100,10200000,5376058,2.25
21/02/2017,410,41000000,101.7(-0.29 %),410,41000000,0,0,5375738,2.25
22/02/2017,330,33000000,99.2(-2.46 %),330,33000000,0,0,5375408,2.26
23/02/2017,100,9950000,99.7(0.50 %),100,9950000,0,0,5375408,2.26
24/02/2017,1600,156900000,99.6(-0.10 %),1600,156900000,0,0,5373808,2.27
27/02/2017,130,12740000,96.5(-3.11 %),130,12740000,0,0,5373678,2.27
28/02/2017,0,0,96.9(0.41 %),0,0,0,0,5373678,2.27
01/03/2017,0,0,96.9(0.00 %),0,0,0,0,5373678,2.27
02/03/2017,30,2910000,98(1.14 %),30,2910000,0,0,5373648,2.27
03/03/2017,0,0,98(0.00 %),0,0,0,0,5373648,2.27
06/03/2017,0,0,97(-1.02 %),0,0,0,0,5373648,2.27
07/03/2017,0,0,102(5.15 %),0,0,0,0,5373648,2.27
08/03/2017,0,0,99(-2.94 %),0,0,0,0,5373648,2.27
09/03/2017,0,0,101.7(2.73 %),0,0,0,0,5373648,2.27
10/03/2017,0,0,100(-1.67 %),0,0,0,0,5373648,2.27
13/03/2017,0,0,102.6(2.60 %),0,0,0,0,5373648,2.27
14/03/2017,0,0,103.5(0.88 %),0,0,0,0,5373648,2.27
15/03/2017,0,0,103.5(0.00 %),0,0,0,0,5373648,2.27
16/03/2017,0,0,102(-1.45 %),0,0,0,0,5373648,2.27
17/03/2017,0,0,102(0.00 %),0,0,0,0,5373648,2.27
20/03/2017,-1650,-168300000,102(0.00 %),0,0,1650,168300000,5373648,2.27
21/03/2017,-20,-2080000,104(1.96 %),0,0,20,2080000,5373648,2.27
22/03/2017,-2000,-204000000,101.5(-2.40 %),0,0,2000,204000000,5373648,2.27
23/03/2017,0,0,102.3(0.79 %),0,0,0,0,5373648,2.27
24/03/2017,0,0,103.3(0.98 %),0,0,0,0,5373648,2.27
27/03/2017,0,0,101.8(-1.45 %),0,0,0,0,5373648,2.27
28/03/2017,0,0,101.2(-0.59 %),0,0,0,0,5373648,2.27
29/03/2017,200,20040000,101.2(0.00 %),200,20040000,0,0,5373648,2.27
30/03/2017,870,87540000,101.9(0.69 %),870,87540000,0,0,5373648,2.27
31/03/2017,0,0,103.5(1.57 %),0,0,0,0,5373648,2.27
03/04/2017,0,0,106.6(3.00 %),0,0,0,0,5376248,2.25
04/04/2017,-500,-52570000,105.9(1.24 %),970,102820000,1470,155390000,5375278,2.26
05/04/2017,-190,-19950000,104(-1.79 %),0,0,190,19950000,5375278,2.26
07/04/2017,0,0,103(-0.96 %),0,0,0,0,5375278,2.26
10/04/2017,-800,-82400000,103(0.00 %),0,0,800,82400000,5376748,2.25
11/04/2017,0,0,104.5(1.46 %),0,0,0,0,5376938,2.24
12/04/2017,0,0,103.1(-1.34 %),0,0,0,0,5376938,2.24
13/04/2017,0,0,103(-0.10 %),0,0,0,0,5377738,2.24
14/04/2017,100,10200000,103.9(0.87 %),100,10200000,0,0,5377638,2.24
17/04/2017,0,0,103.5(-0.38 %),0,0,0,0,5377638,2.24
18/04/2017,0,0,105(1.45 %),0,0,0,0,5377638,2.24
19/04/2017,0,0,107(1.90 %),0,0,0,0,5377638,2.24
20/04/2017,0,0,113(5.61 %),0,0,0,0,5377638,2.24
21/04/2017,270,30780000,113(0.00 %),270,30780000,0,0,5377368,2.24
24/04/2017,0,0,120(6.19 %),0,0,0,0,5377368,2.24
25/04/2017,24770,2993010000,120(0.00 %),24770,2993010000,0,0,5352598,2.46
26/04/2017,0,0,122.5(2.08 %),0,0,0,0,5352598,2.46
27/04/2017,7240,890520000,124.3(1.47 %),7240,890520000,0,0,5345358,2.52
28/04/2017,18500,2370370000,130(4.59 %),18500,2370370000,0,0,5326858,2.68
03/05/2017,220,27830000,128(-1.54 %),220,27830000,0,0,5326638,2.68
04/05/2017,0,0,123(-3.91 %),0,0,0,0,5326638,2.68
05/05/2017,0,0,130(5.69 %),0,0,0,0,5326638,2.68
08/05/2017,0,0,125.4(-3.54 %),0,0,0,0,5326638,2.68
09/05/2017,35120,4409960000,126.5(0.88 %),35120,4409960000,0,0,5291518,2.99
10/05/2017,0,0,129.9(2.69 %),0,0,0,0,5291518,2.99
11/05/2017,14100,1804800000,128(-1.46 %),14100,1804800000,0,0,5277418,3.11
12/05/2017,26440,3384000000,128.1(0.08 %),26440,3384000000,0,0,5250978,3.34
15/05/2017,-490,-62830000,127(-0.86 %),0,0,490,62830000,5250978,3.34
16/05/2017,0,0,125(-1.57 %),0,0,0,0,5250978,3.34
17/05/2017,0,0,128.7(2.96 %),0,0,0,0,5250978,3.34
18/05/2017,200,25660000,127.1(-1.24 %),200,25660000,0,0,5251268,3.34
19/05/2017,0,0,127.2(0.08 %),0,0,0,0,5251268,3.34
22/05/2017,0,0,126(-0.94 %),0,0,0,0,5251268,3.34
23/05/2017,0,0,129.5(2.78 %),0,0,0,0,5251268,3.34
24/05/2017,190,24990000,132.5(2.32 %),290,38280000,100,13290000,5250978,3.34
25/05/2017,1000,133100000,133(0.38 %),1000,133100000,0,0,5249978,3.35
26/05/2017,0,0,133(0.00 %),0,0,0,0,5249978,3.35
29/05/2017,2030,265760000,130.5(-1.88 %),2030,265760000,0,0,5248048,3.36
30/05/2017,880,114400000,128(-1.92 %),880,114400000,0,0,5247168,3.37
31/05/2017,3550,449460000,127.9(-0.08 %),3550,449460000,0,0,5243618,3.4
01/06/2017,0,0,126.1(-1.41 %),0,0,0,0,5243618,3.4
02/06/2017,0,0,128.4(1.82 %),0,0,0,0,5243618,3.4
05/06/2017,700,88900000,126(-1.87 %),700,88900000,0,0,5242918,3.41
06/06/2017,0,0,126(0.00 %),0,0,0,0,5242918,3.41
07/06/2017,0,0,125.7(-0.24 %),0,0,0,0,5242918,3.41
08/06/2017,0,0,125(-0.56 %),0,0,0,0,5242918,3.41
09/06/2017,0,0,126(0.80 %),0,0,0,0,5242918,3.41
12/06/2017,-130,-16380000,126(0.00 %),0,0,130,16380000,5242918,3.41
13/06/2017,40,5000000,124.3(-1.35 %),40,5000000,0,0,5242878,3.41
14/06/2017,-300,-37290000,124.5(0.16 %),0,0,300,37290000,5242878,3.41
15/06/2017,-100,-12600000,126.9(1.93 %),0,0,100,12600000,5243008,3.41
16/06/2017,22200,2819400000,127.8(0.71 %),22200,2819400000,0,0,5220808,3.6
19/06/2017,0,0,129.8(1.56 %),0,0,0,0,5221108,3.6
20/06/2017,30680,3960880000,134.5(3.62 %),30680,3960880000,0,0,5190528,3.86
21/06/2017,0,0,138.5(2.97 %),0,0,0,0,5190528,3.86
22/06/2017,0,0,138.8(0.22 %),0,0,0,0,5190528,3.86
23/06/2017,0,0,137(-1.30 %),0,0,0,0,5190528,3.86
26/06/2017,690,93720000,135.9(-0.80 %),690,93720000,0,0,5189838,3.87
27/06/2017,0,0,133.6(-1.69 %),0,0,0,0,5189838,3.87
28/06/2017,0,0,135.4(1.35 %),0,0,0,0,5189838,3.87
29/06/2017,-930,-127910000,137.5(1.55 %),70,9590000,1000,137500000,5189768,3.87
30/06/2017,0,0,137.7(0.15 %),0,0,0,0,5189768,3.87
03/07/2017,140,19180000,138(0.22 %),140,19180000,0,0,5189628,3.87
04/07/2017,0,0,134.6(-2.46 %),0,0,0,0,5190628,3.86
05/07/2017,1970,265560000,135.5(0.67 %),1970,265560000,0,0,5188658,3.88
06/07/2017,0,0,135.9(0.30 %),0,0,0,0,5188658,3.88
07/07/2017,0,0,135.7(-0.15 %),0,0,0,0,5188658,3.88
10/07/2017,0,0,135(-0.52 %),0,0,0,0,5169328,4.05
11/07/2017,14420,1946700000,135(0.00 %),19330,2609550000,4910,662850000,5169328,4.05
12/07/2017,0,0,136(0.74 %),0,0,0,0,5169328,4.05
13/07/2017,-40,-5560000,143.9(5.81 %),0,0,40,5560000,5169328,4.05
14/07/2017,35370,5128650000,145.5(1.11 %),35370,5128650000,0,0,5138868,4.31
17/07/2017,0,0,145(-0.34 %),0,0,0,0,5138868,4.31
18/07/2017,7400,1064100000,145.1(0.07 %),7400,1064100000,0,0,5131508,4.38
19/07/2017,10700,1594300000,149(2.69 %),10700,1594300000,0,0,5120808,4.47
20/07/2017,0,0,148(-0.67 %),0,0,0,0,5120808,4.47
21/07/2017,0,0,137.7(-6.96 %),0,0,0,0,5120808,4.47
24/07/2017,-2700,-346510000,128.1(-6.97 %),5000,641500000,7700,988010000,5115808,4.51
25/07/2017,530,66250000,122.5(-4.37 %),530,66250000,0,0,5115278,4.52
26/07/2017,0,0,123.4(0.73 %),0,0,0,0,5122978,4.45
27/07/2017,-1000,-123000000,122(-1.13 %),0,0,1000,123000000,5122978,4.45
28/07/2017,6150,750300000,122.7(0.57 %),6150,750300000,0,0,5116828,4.51
31/07/2017,8030,984280000,125(1.87 %),8030,984280000,0,0,5108798,4.58
01/08/2017,20,2470000,121.1(-3.12 %),20,2470000,0,0,5109778,4.57
02/08/2017,870,105270000,120(-0.91 %),870,105270000,0,0,5108908,4.57
03/08/2017,-280,-33320000,118(-1.67 %),0,0,280,33320000,5108908,4.57
04/08/2017,620,72110000,116.7(-1.10 %),620,72110000,0,0,5108288,4.58
07/08/2017,4980,564770000,120(2.83 %),5000,567130000,20,2360000,5103288,4.62
08/08/2017,0,0,120.9(0.75 %),0,0,0,0,5103568,4.62
09/08/2017,250,30000000,118.9(-1.65 %),250,30000000,0,0,5103318,4.62
10/08/2017,0,0,119.5(0.50 %),0,0,0,0,5103338,4.62
11/08/2017,0,0,119.7(0.17 %),0,0,0,0,5103338,4.62
14/08/2017,0,0,121.6(1.59 %),0,0,0,0,5103338,4.62
15/08/2017,0,0,122.9(1.07 %),0,0,0,0,5103338,4.62
16/08/2017,0,0,123(0.08 %),0,0,0,0,5103338,4.62
17/08/2017,0,0,122(-0.81 %),0,0,0,0,5103338,4.62
18/08/2017,0,0,121.5(-0.41 %),0,0,0,0,5103338,4.62
21/08/2017,0,0,121.5(0.00 %),0,0,0,0,5103338,4.62
22/08/2017,0,0,121.5(0.00 %),0,0,0,0,5103338,4.62
23/08/2017,0,0,120(-1.23 %),0,0,0,0,5103338,4.62
24/08/2017,0,0,119.6(1.79 %),0,0,0,0,5103338,4.62
25/08/2017,0,0,117.7(-1.59 %),0,0,0,0,5103338,4.62
28/08/2017,0,0,116.5(-1.02 %),0,0,0,0,5103338,4.62
29/08/2017,0,0,115(-1.29 %),0,0,0,0,5103338,4.62
30/08/2017,0,0,117(1.74 %),0,0,0,0,5103338,4.62
31/08/2017,0,0,115.1(-1.62 %),0,0,0,0,5103338,4.62
01/09/2017,100,11500000,117(1.65 %),100,11500000,0,0,5103238,4.62
05/09/2017,0,0,116.8(-0.17 %),0,0,0,0,5103238,4.62
06/09/2017,430,49750000,115.9(-0.77 %),430,49750000,0,0,5102808,4.63
07/09/2017,2010,232960000,119(2.67 %),2010,232960000,0,0,5100798,4.65
08/09/2017,2240,266980000,120.3(1.09 %),2240,266980000,0,0,5098558,4.66
11/09/2017,17760,2118770000,119.3(-0.83 %),17760,2118770000,0,0,5080798,4.82
12/09/2017,0,0,118(-1.09 %),0,0,0,0,5080798,4.82
13/09/2017,30,3290000,119.9(1.61 %),130,15090000,100,11800000,5080668,4.82
14/09/2017,0,0,117(-2.42 %),0,0,0,0,5080668,4.82
15/09/2017,0,0,119(1.71 %),0,0,0,0,5080668,4.82
18/09/2017,0,0,118.5(-0.42 %),0,0,0,0,5080768,4.82
19/09/2017,2330,275270000,125(5.49 %),3900,461990000,1570,186720000,5076868,4.85
20/09/2017,-930,-116150000,126.9(1.52 %),70,8850000,1000,125000000,5076798,4.85
21/09/2017,750,95650000,126(-0.71 %),750,95650000,0,0,5076048,4.86
22/09/2017,0,0,124(-1.59 %),0,0,0,0,5077618,4.85
25/09/2017,-20,-2480000,124.9(0.73 %),0,0,20,2480000,5078618,4.84
26/09/2017,0,0,122(-2.32 %),0,0,0,0,5078618,4.84
27/09/2017,0,0,122.5(0.41 %),0,0,0,0,5078618,4.84
28/09/2017,8820,1076040000,122(-0.41 %),8820,1076040000,0,0,5069818,4.91
29/09/2017,0,0,123.1(0.90 %),0,0,0,0,5069818,4.91
02/10/2017,0,0,123.9(0.65 %),0,0,0,0,5069818,4.91
03/10/2017,0,0,123(-0.73 %),0,0,0,0,5069818,4.91
04/10/2017,0,0,123.4(0.33 %),0,0,0,0,5069818,4.91
05/10/2017,0,0,123.5(0.08 %),0,0,0,0,5069818,4.91
06/10/2017,0,0,122(-1.21 %),0,0,0,0,5069818,4.91
09/10/2017,-250,-30800000,126(3.28 %),0,0,250,30800000,5069818,4.91
10/10/2017,0,0,125(-0.79 %),0,0,0,0,5069818,4.91
11/10/2017,0,0,124.5(-0.40 %),0,0,0,0,5069818,4.91
12/10/2017,460,55660000,121(-2.81 %),460,55660000,0,0,5069608,4.92
13/10/2017,0,0,123.7(2.23 %),0,0,0,0,5069608,4.92
16/10/2017,0,0,122.4(-1.05 %),0,0,0,0,5069608,4.92
17/10/2017,0,0,122.9(0.41 %),0,0,0,0,5069608,4.92
18/10/2017,-500,-63000000,125(1.71 %),0,0,500,63000000,5069608,4.92
19/10/2017,0,0,125.4(0.32 %),0,0,0,0,5069608,4.92
20/10/2017,0,0,127(1.28 %),0,0,0,0,5069608,4.92
23/10/2017,-500,-64000000,134(5.51 %),0,0,500,64000000,5070108,4.91
24/10/2017,0,0,134.1(0.07 %),0,0,0,0,5070108,4.91
25/10/2017,0,0,135.5(1.04 %),0,0,0,0,5070108,4.91
26/10/2017,1520,210750000,138(1.85 %),1520,210750000,0,0,5069088,4.92
27/10/2017,70,9630000,135.1(-2.10 %),70,9630000,0,0,5069018,4.92
30/10/2017,0,0,136(0.67 %),0,0,0,0,5069018,4.92
31/10/2017,150,20600000,135.1(-0.66 %),150,20600000,0,0,5068868,4.92
01/11/2017,300,40770000,136(0.67 %),300,40770000,0,0,5068568,4.93
02/11/2017,500,68250000,137(0.74 %),500,68250000,0,0,5068068,4.93
03/11/2017,0,0,136(-0.73 %),0,0,0,0,5068068,4.93
06/11/2017,2550,365750000,141(3.68 %),2550,365750000,0,0,5065518,4.95
07/11/2017,0,0,141(0.00 %),0,0,0,0,5065518,4.95
08/11/2017,-1500,-207290000,139(-1.42 %),0,0,1500,207290000,5065518,4.95
09/11/2017,-1800,-246990000,139.5(0.36 %),200,27420000,2000,274410000,5065318,4.95
10/11/2017,-400,-55280000,139.5(0.00 %),0,0,400,55280000,5065318,4.95
13/11/2017,0,0,141(1.08 %),0,0,0,0,5066818,4.94
14/11/2017,420,58740000,138(-2.13 %),420,58740000,0,0,5068398,4.93
15/11/2017,0,0,138.4(0.29 %),0,0,0,0,5068798,4.92
16/11/2017,-100,-13860000,139.3(0.65 %),0,0,100,13860000,5068798,4.92
17/11/2017,0,0,139.5(0.14 %),0,0,0,0,5068798,4.92
20/11/2017,0,0,139.5(0.00 %),0,0,0,0,5068798,4.92
21/11/2017,-90,-12470000,140(0.36 %),10,1390000,100,13860000,5068888,4.92
22/11/2017,0,0,143(2.14 %),0,0,0,0,5068888,4.92
23/11/2017,10,1430000,143(0.00 %),10,1430000,0,0,5068878,4.92
24/11/2017,0,0,140(-2.10 %),0,0,0,0,5068978,4.92
27/11/2017,100,13910000,141(0.71 %),100,13910000,0,0,5068878,4.92
28/11/2017,570,80370000,140.8(-0.14 %),570,80370000,0,0,5068308,4.93
29/11/2017,100,13910000,140(-0.57 %),100,13910000,0,0,5068208,4.93
30/11/2017,10,1400000,140.8(0.57 %),10,1400000,0,0,5068198,4.93
01/12/2017,60,8450000,140(-0.57 %),60,8450000,0,0,5068138,4.93
04/12/2017,-18960,-2608570000,135.8(-3.00 %),220,30520000,19180,2639090000,5067918,4.93
05/12/2017,0,0,136(0.15 %),0,0,0,0,5067918,4.93
06/12/2017,0,0,138(1.47 %),0,0,0,0,5067918,4.93
07/12/2017,-20,-2730000,138(0.00 %),0,0,20,2730000,5087098,4.76
08/12/2017,0,0,138.7(0.51 %),0,0,0,0,5087098,4.76
11/12/2017,-7960,-1098480000,138(-0.50 %),0,0,7960,1098480000,5087098,4.76
12/12/2017,0,0,137.5(-0.36 %),0,0,0,0,5087118,4.76
13/12/2017,0,0,139.9(1.75 %),0,0,0,0,5087118,4.76
14/12/2017,0,0,139.5(-0.29 %),0,0,0,0,5095078,4.69
15/12/2017,60,8230000,139.1(-0.29 %),60,8230000,0,0,5095018,4.7
18/12/2017,0,0,139.8(0.50 %),0,0,0,0,5095018,4.7
19/12/2017,0,0,139.8(0.00 %),0,0,0,0,5095018,4.7
20/12/2017,0,0,136(-2.72 %),0,0,0,0,5095018,4.7
21/12/2017,0,0,137.7(1.25 %),0,0,0,0,5095018,4.7
22/12/2017,0,0,137.5(-0.15 %),0,0,0,0,5095018,4.7
25/12/2017,0,0,132(-4.00 %),0,0,0,0,5095018,4.7
26/12/2017,0,0,132.5(0.38 %),0,0,0,0,5095018,4.7
27/12/2017,0,0,133(0.38 %),0,0,0,0,5095018,4.7
28/12/2017,150,19800000,133(0.00 %),150,19800000,0,0,5094868,4.7
29/12/2017,200,26580000,133(0.00 %),200,26580000,0,0,5094668,4.7
02/01/2018,0,0,134(0.75 %),0,0,0,0,5094668,4.7
03/01/2018,-6890,-904260000,133.9(-0.07 %),0,0,6890,904260000,5094668,4.7
04/01/2018,0,0,132.4(-1.12 %),0,0,0,0,5094668,4.7
05/01/2018,0,0,130.2(-1.66 %),0,0,0,0,5094668,4.7
08/01/2018,0,0,133(2.15 %),0,0,0,0,5101558,4.64
09/01/2018,0,0,133(0.00 %),0,0,0,0,5101558,4.64
10/01/2018,-3100,-410750000,133(0.00 %),0,0,3100,410750000,5101558,4.64
11/01/2018,1080,143910000,133(0.00 %),1080,143910000,0,0,5100478,4.65
12/01/2018,0,0,134.2(0.90 %),0,0,0,0,5100478,4.65
15/01/2018,0,0,139(3.58 %),0,0,0,0,5103578,4.62
16/01/2018,0,0,138.9(-0.07 %),0,0,0,0,5103578,4.62
17/01/2018,-40,-5400000,137(-1.37 %),130,17550000,170,22950000,5103448,4.62
18/01/2018,0,0,138(0.73 %),0,0,0,0,5103448,4.62
19/01/2018,0,0,140.1(1.52 %),0,0,0,0,5103448,4.62
22/01/2018,280,39210000,139(-0.79 %),280,39210000,0,0,5103338,4.62
25/01/2018,0,0,148.7(6.98 %),0,0,0,0,5103338,4.62
26/01/2018,870,130640000,149.4(0.47 %),870,130640000,0,0,5102468,4.63
29/01/2018,410,61500000,149.5(0.07 %),410,61500000,0,0,5102058,4.63
30/01/2018,0,0,149(-0.33 %),0,0,0,0,5102058,4.63
31/01/2018,10,1480000,147.5(-1.01 %),10,1480000,0,0,5102048,4.63
01/02/2018,0,0,146.5(-0.68 %),0,0,0,0,5102048,4.63
02/02/2018,0,0,145(-1.02 %),0,0,0,0,5102048,4.63
05/02/2018,4550,655350000,143(-1.38 %),4550,655350000,0,0,5097498,4.67
06/02/2018,100,13810000,138.5(-3.15 %),100,13810000,0,0,5097398,4.67
07/02/2018,0,0,140(1.08 %),0,0,0,0,5097398,4.67
08/02/2018,1360,189500000,137.5(-1.79 %),1360,189500000,0,0,5096038,4.69
09/02/2018,1500,202500000,137.4(-0.07 %),1500,202500000,0,0,5094538,4.7
12/02/2018,1600,220700000,138(0.44 %),1600,220700000,0,0,5092938,4.71
13/02/2018,-11200,-1517730000,138(0.00 %),420,56640000,11620,1574370000,5092518,4.72
21/02/2018,240,33360000,140(1.45 %),240,33360000,0,0,5092278,4.72
22/02/2018,1060,146280000,139(-0.71 %),1060,146280000,0,0,5091218,4.73
23/02/2018,110,15100000,137.8(-0.86 %),110,15100000,0,0,5102728,4.63
26/02/2018,0,0,137.4(-0.29 %),0,0,0,0,5102728,4.63
27/02/2018,-11020,-1484260000,136.5(-0.66 %),970,131010000,11990,1615270000,5101758,4.64
28/02/2018,570,76780000,135.9(-0.44 %),790,106700000,220,29920000,5100968,4.64
01/03/2018,-150,-20250000,136(0.07 %),0,0,150,20250000,5100968,4.64
02/03/2018,-530,-71920000,136(0.00 %),0,0,530,71920000,5112958,4.54
05/03/2018,530,72780000,136.2(0.15 %),570,78360000,40,5580000,5112608,4.54
06/03/2018,-5240,-697900000,135.9(-0.22 %),320,43100000,5560,741000000,5112438,4.54
07/03/2018,70,9250000,135.9(0.00 %),70,9250000,0,0,5112898,4.54
08/03/2018,230,31170000,136(0.07 %),280,37800000,50,6630000,5112658,4.54
09/03/2018,0,0,135(-0.74 %),0,0,0,0,5118218,4.49
12/03/2018,900,121540000,135(0.00 %),900,121540000,0,0,5117318,4.5
13/03/2018,200,27100000,135(0.00 %),200,27100000,0,0,5117168,4.5
14/03/2018,100,13410000,135.1(0.07 %),100,13410000,0,0,5117068,4.5
15/03/2018,0,0,135.1(0.00 %),0,0,0,0,5117068,4.5
16/03/2018,10,1350000,135(-0.07 %),10,1350000,0,0,5117058,4.5
19/03/2018,-500,-67590000,135(0.00 %),100,13410000,600,81000000,5116958,4.5
20/03/2018,130,17430000,135(0.00 %),130,17430000,0,0,5116828,4.51
21/03/2018,-1120,-149900000,133.6(-1.04 %),130,17370000,1250,167270000,5116698,4.51
22/03/2018,0,0,134.3(0.52 %),0,0,0,0,5117298,4.5
23/03/2018,30,4040000,134.4(0.07 %),40,5320000,10,1280000,5117258,4.5
26/03/2018,500,67500000,135(0.45 %),500,67500000,0,0,5118008,4.5
27/03/2018,0,0,135(0.00 %),0,0,0,0,5118008,4.5
28/03/2018,850,116450000,137.3(1.70 %),850,116450000,0,0,5117168,4.5
29/03/2018,0,0,140.5(2.33 %),0,0,0,0,5117168,4.5
30/03/2018,0,0,140.5(0.00 %),0,0,0,0,5117168,4.5
02/04/2018,4000,561880000,141(0.36 %),5000,702500000,1000,140620000,5112168,4.55
03/04/2018,1910,263690000,139.5(-1.06 %),1910,263690000,0,0,5110258,4.56
04/04/2018,910,124930000,138(-1.08 %),910,124930000,0,0,5109348,4.57
05/04/2018,700,97650000,139(0.72 %),700,97650000,0,0,5109648,4.57
06/04/2018,0,0,138(1.47 %),0,0,0,0,5109648,4.57
09/04/2018,0,0,133.6(-3.19 %),0,0,0,0,5109648,4.57
10/04/2018,0,0,131(-1.95 %),0,0,0,0,5109648,4.57
11/04/2018,0,0,132(0.76 %),0,0,0,0,5109648,4.57
12/04/2018,0,0,132.9(0.68 %),0,0,0,0,5109648,4.57
13/04/2018,0,0,133.6(0.53 %),0,0,0,0,5109648,4.57
16/04/2018,0,0,133.5(-0.07 %),0,0,0,0,5109648,4.57
17/04/2018,-30,-4080000,133.1(-0.30 %),10,1340000,40,5420000,5109638,4.57
18/04/2018,0,0,132.5(-0.45 %),0,0,0,0,5109638,4.57
19/04/2018,0,0,132.5(0.00 %),0,0,0,0,5109638,4.57
20/04/2018,-2000,-250000000,131(-1.13 %),500,62500000,2500,312500000,5109178,4.57
23/04/2018,10,1250000,129.9(-0.84 %),10,1250000,0,0,5109168,4.57
24/04/2018,0,0,128.9(-0.77 %),0,0,0,0,5109168,4.57
26/04/2018,0,0,127(-1.47 %),0,0,0,0,5111668,4.55
27/04/2018,-510,-64090000,127(0.00 %),0,0,510,64090000,5111668,4.55
02/05/2018,-400,-48780000,126(-0.79 %),0,0,400,48780000,5111668,4.55
03/05/2018,0,0,126(0.00 %),0,0,0,0,5111668,4.55
04/05/2018,-1660,-200990000,126(0.00 %),1000,124000000,2660,324990000,5111184,4.55
07/05/2018,120,14640000,122(-3.17 %),120,14640000,0,0,5111464,4.55
08/05/2018,-200,-24260000,120.2(-1.48 %),100,12100000,300,36360000,5111364,4.55
09/05/2018,-1680,-203860000,120(-0.17 %),0,0,1680,203860000,5114024,4.53
10/05/2018,0,0,120(0.00 %),0,0,0,0,5114024,4.53
11/05/2018,0,0,116.5(-2.92 %),0,0,0,0,5114324,4.53
14/05/2018,50,5850000,117(0.43 %),50,5850000,0,0,5115954,4.51
15/05/2018,-320,-37950000,117(0.00 %),0,0,320,37950000,5115954,4.51
16/05/2018,-710,-83050000,119(1.71 %),0,0,710,83050000,5115954,4.51
17/05/2018,-2110,-239370000,116(-2.52 %),0,0,2110,239370000,5115954,4.51
18/05/2018,-1000,-114770000,113.9(-1.81 %),0,0,1000,114770000,5116274,4.51
21/05/2018,-540,-61380000,113.9(0.00 %),0,0,540,61380000,5116984,4.5
22/05/2018,-2030,-231710000,113.8(-0.09 %),0,0,2030,231710000,5119094,4.49
23/05/2018,-690,-78470000,115(1.05 %),0,0,690,78470000,5120094,4.48
24/05/2018,-290,-32870000,115(0.00 %),0,0,290,32870000,5120634,4.47
25/05/2018,-4590,-514870000,115(0.00 %),0,0,4590,514870000,5122664,4.46
28/05/2018,-2740,-293810000,107.5(-6.52 %),0,0,2740,293810000,5123354,4.45
29/05/2018,870,92900000,107.5(0.00 %),1470,157890000,600,64990000,5122174,4.46
30/05/2018,-660,-70910000,107.5(0.00 %),0,0,660,70910000,5126764,4.42
31/05/2018,-850,-91550000,110.9(3.16 %),30,3240000,880,94790000,5129474,4.4
01/06/2018,140,15520000,110.9(0.00 %),250,27720000,110,12200000,5129824,4.39
04/06/2018,-1630,-177720000,107.6(-2.98 %),1800,198000000,3430,375720000,5128684,4.4
05/06/2018,300,30430000,106.5(-1.02 %),710,74550000,410,44120000,5128854,4.4
06/06/2018,750,79590000,103.7(-2.63 %),760,80670000,10,1080000,5128204,4.41
07/06/2018,0,0,105.9(2.12 %),0,0,0,0,5131634,4.38
08/06/2018,50,5100000,105(-0.85 %),100,10400000,50,5300000,5131944,4.37
11/06/2018,-260,-26810000,105(0.00 %),30,3090000,290,29900000,5131924,4.37
12/06/2018,0,0,105(0.00 %),0,0,0,0,5131924,4.37
13/06/2018,0,0,104.7(-0.29 %),0,0,0,0,5131974,4.37
14/06/2018,0,0,105(0.29 %),0,0,0,0,5132264,4.37
15/06/2018,0,0,104.6(-0.38 %),0,0,0,0,5132264,4.37
18/06/2018,0,0,104.7(0.10 %),0,0,0,0,5132264,4.37
19/06/2018,0,0,103.5(-1.15 %),0,0,0,0,5132264,4.37
20/06/2018,0,0,101.2(-2.22 %),0,0,0,0,5132264,4.37
21/06/2018,0,0,102.3(1.09 %),0,0,0,0,5132264,4.37
22/06/2018,-2160,-215220000,102(-0.29 %),340,34780000,2500,250000000,5131924,4.37
25/06/2018,360,36720000,101.5(-0.49 %),360,36720000,0,0,5131564,4.38
26/06/2018,0,0,101.5(0.00 %),0,0,0,0,5131564,4.38
27/06/2018,-460,-45900000,102.9(1.38 %),40,3990000,500,49890000,5134024,4.36
28/06/2018,0,0,102(-0.87 %),0,0,0,0,5134024,4.36
29/06/2018,-20,-2050000,102.3(0.29 %),0,0,20,2050000,5134024,4.36
02/07/2018,340,34000000,101.8(-0.49 %),340,34000000,0,0,5134184,4.35
03/07/2018,-50,-5000000,99.9(-1.87 %),0,0,50,5000000,5134184,4.35
04/07/2018,0,0,99.9(0.00 %),0,0,0,0,5134204,4.35
05/07/2018,-20,-2010000,98.7(-1.20 %),20,1920000,40,3930000,5134184,4.35
06/07/2018,100,9820000,94.2(-4.56 %),100,9820000,0,0,5134134,4.36
09/07/2018,-5800,-546470000,94(-0.21 %),80,7460000,5880,553930000,5134054,4.36
10/07/2018,-11360,-1038320000,91.3(-2.87 %),40,3670000,11400,1041990000,5134054,4.36
11/07/2018,0,0,90(-1.42 %),0,0,0,0,5134054,4.36
12/07/2018,0,0,91(1.11 %),0,0,0,0,5139934,4.3
13/07/2018,-70,-6270000,91.3(0.33 %),0,0,70,6270000,5151334,4.21
16/07/2018,20,1820000,91(-0.33 %),20,1820000,0,0,5151314,4.21
17/07/2018,0,0,90.5(-0.55 %),0,0,0,0,5151314,4.21
18/07/2018,-3460,-316048000,91.2(0.77 %),0,0,3460,316048000,5154774,4.18
19/07/2018,-2810,-253920000,90.5(-0.77 %),0,0,2810,253920000,5151384,4.21
20/07/2018,-1680,-151270000,89(-1.66 %),40,3610000,1720,154880000,5151344,4.21
23/07/2018,-9800,-855835000,88(-1.12 %),20,1760000,9820,857595000,5161144,4.12
24/07/2018,-19580,-1684470000,85.7(-2.61 %),20,1700000,19600,1686170000,5157574,4.15
25/07/2018,-2020,-172910000,85.2(-0.58 %),0,0,2020,172910000,5159294,4.14
26/07/2018,-52750,-4504970000,85.4(0.23 %),480,40870000,53230,4545840000,5168634,4.06
27/07/2018,-38440,-3282790000,85.4(0.00 %),20,1690000,38460,3284480000,5188214,3.89
30/07/2018,-1750,-150020000,88.7(3.86 %),0,0,1750,150020000,5190234,3.87
31/07/2018,0,0,87.5(-1.35 %),0,0,0,0,5190234,3.87
01/08/2018,20,1740000,91(4.00 %),20,1740000,0,0,5281904,3.07
02/08/2018,0,-30000,91.7(0.77 %),20,1760000,20,1790000,5283634,3.06
03/08/2018,60,5220000,88.6(-3.38 %),120,10680000,60,5460000,5283514,3.06
06/08/2018,0,0,90(1.58 %),0,0,0,0,5283514,3.06
07/08/2018,-20,-1810000,93(3.33 %),0,0,20,1810000,5283534,3.06
08/08/2018,0,0,90.1(-3.12 %),0,0,0,0,5283594,3.06
09/08/2018,1000,89000000,91(1.00 %),1000,89000000,0,0,5282594,3.06
10/08/2018,0,0,91(0.00 %),0,0,0,0,5282614,3.06
13/08/2018,-1820,-163680000,86.5(-4.95 %),20,1730000,1840,165410000,5282594,3.06
14/08/2018,-1460,-128580000,0(0.00 %),60,5310000,1520,133890000,5282534,3.06
15/08/2018,20,1760000,90.5(-0.55 %),20,1760000,0,0,5282514,3.07
16/08/2018,-2660,-239710000,88.9(-1.77 %),20,1760000,2680,241470000,5284334,3.05
17/08/2018,0,0,89.6(0.79 %),0,0,0,0,5284334,3.05
20/08/2018,0,0,89.5(-0.11 %),0,0,0,0,5285854,3.04
21/08/2018,-1940,-174790000,89.5(0.00 %),0,0,1940,174790000,5288534,3.01
22/08/2018,-550,-49560000,89.9(0.45 %),0,0,550,49560000,5288530,3.01
23/08/2018,0,0,88.5(-1.56 %),0,0,0,0,5288530,3.01
24/08/2018,-830,-73045000,91(2.82 %),0,0,830,73045000,5289360,3.01
27/08/2018,0,0,92.6(1.76 %),0,0,0,0,5291020,2.99
28/08/2018,30,2730000,91.5(-1.19 %),30,2730000,0,0,5290990,2.99
29/08/2018,-470,-42300000,90(-1.64 %),30,2700000,500,45000000,5291790,2.98
30/08/2018,20,1810000,91.5(1.67 %),20,1810000,0,0,5291770,2.98
31/08/2018,0,0,91(-0.55 %),0,0,0,0,5291770,2.98
04/09/2018,600,54720000,91.2(0.22 %),600,54720000,0,0,5373648,2.27
05/09/2018,-430,-38180000,88.8(0.11 %),0,0,430,38180000,5291670,2.99
06/09/2018,0,0,88(-0.90 %),0,0,0,0,5291670,2.99
07/09/2018,0,0,88.9(1.02 %),0,0,0,0,5291670,2.99
10/09/2018,0,0,88.8(-0.11 %),0,0,0,0,5292100,2.98
11/09/2018,0,0,88.7(-0.11 %),0,0,0,0,5292100,2.98
12/09/2018,0,0,88.9(0.23 %),0,0,0,0,5292100,2.98
13/09/2018,0,0,89(0.11 %),0,0,0,0,5292100,2.98
14/09/2018,-40,-3670000,92(3.37 %),0,0,40,3670000,5292100,2.98
17/09/2018,30,2700000,90(-2.17 %),30,2700000,0,0,5292070,2.98
18/09/2018,80,7160000,91.4(1.56 %),80,7160000,0,0,5291990,2.98
19/09/2018,-60,-5540000,97.7(6.89 %),0,0,60,5540000,5292030,2.98
20/09/2018,-30,-2910000,103.8(6.24 %),0,0,30,2910000,5292030,2.98
21/09/2018,0,0,103.6(-0.19 %),0,0,0,0,5292030,2.98
24/09/2018,30,2970000,98.9(-4.54 %),30,2970000,0,0,5292000,2.98
25/09/2018,0,0,103.3(4.45 %),0,0,0,0,5292000,2.98
26/09/2018,630,63420000,104.4(1.06 %),660,66480000,30,3060000,5291250,2.99
27/09/2018,-30,-3120000,104.5(0.10 %),0,0,30,3120000,5291250,2.99
28/09/2018,2110,215330000,102(-2.39 %),2110,215330000,0,0,5289140,3.01
01/10/2018,2400,245350000,102.8(0.78 %),2400,245350000,0,0,5286766,3.03
02/10/2018,10,927000,102(-0.78 %),60,6002000,50,5075000,5286756,3.03
03/10/2018,0,0,102(0.00 %),0,0,0,0,5286736,3.03
04/10/2018,-20,-2110000,101(-0.98 %),60,5970000,80,8080000,5286676,3.03
05/10/2018,-140,-13870000,100(-0.99 %),0,0,140,13870000,5286726,3.03
08/10/2018,0,-60000,100(0.00 %),30,2940000,30,3000000,5286696,3.03
09/10/2018,-30,-3030000,101(1.00 %),0,0,30,3030000,5286776,3.03
10/10/2018,0,0,100(-0.99 %),0,0,0,0,5286776,3.03
11/10/2018,0,0,96.1(-3.90 %),0,0,0,0,5286776,3.03
12/10/2018,-10,-1086000,96.1(0.00 %),30,2880000,40,3966000,5286786,3.03
15/10/2018,170,15810000,96.1(0.00 %),170,15810000,0,0,5286776,3.03
16/10/2018,580,56010000,97.9(1.87 %),1130,108950000,550,52940000,5285646,3.04
17/10/2018,500,47050000,96(-1.94 %),500,47050000,0,0,5285146,3.04
18/10/2018,-160,-14910000,95(-1.04 %),290,27840000,450,42750000,5284896,3.04
19/10/2018,-190,-18050000,95(0.00 %),0,0,190,18050000,5285086,3.04
22/10/2018,0,0,94.9(-0.11 %),0,0,0,0,5285446,3.04
23/10/2018,0,0,94(-0.95 %),0,0,0,0,5285446,3.04
24/10/2018,0,0,92(-2.13 %),0,0,0,0,5286086,3.03
25/10/2018,60,5460000,91(-1.09 %),60,5460000,0,0,5286026,3.03
26/10/2018,0,-50000,91(0.00 %),30,2730000,30,2780000,5285996,3.03
29/10/2018,0,0,90.5(-0.55 %),0,0,0,0,5285996,3.03
30/10/2018,0,0,90(-0.55 %),0,0,0,0,5285996,3.03
31/10/2018,110,9790000,90(0.00 %),110,9790000,0,0,5285886,3.04
01/11/2018,0,0,89(-1.11 %),0,0,0,0,5285916,3.04
02/11/2018,0,0,90(1.12 %),0,0,0,0,5285916,3.04
05/11/2018,1600,139200000,90(0.00 %),1600,139200000,0,0,5284316,3.05
06/11/2018,0,0,89.9(-0.11 %),0,0,0,0,5284316,3.05
07/11/2018,440,38400000,90(0.11 %),510,44770000,70,6370000,5283806,3.05
08/11/2018,0,0,89.9(-0.11 %),0,0,0,0,5283806,3.05
09/11/2018,0,0,87.4(-2.78 %),0,0,0,0,5283806,3.05
12/11/2018,70,6080000,86.8(-0.69 %),70,6080000,0,0,5283806,3.05
13/11/2018,-110,-9548000,86.7(-0.12 %),0,0,110,9548000,5283916,3.05
14/11/2018,1230,106882000,87(0.35 %),1530,132960000,300,26078000,5282686,3.06
15/11/2018,0,0,87.9(1.03 %),0,0,0,0,5282276,3.07
16/11/2018,0,0,89.9(2.28 %),0,0,0,0,5282386,3.07
19/11/2018,-70,-6260000,88.7(-1.33 %),30,2640000,100,8900000,5282656,3.06
20/11/2018,0,0,88.7(0.00 %),0,0,0,0,5282656,3.06
21/11/2018,0,0,88(-0.79 %),0,0,0,0,5282656,3.06
22/11/2018,0,0,87.8(-0.23 %),0,0,0,0,5282756,3.06
23/11/2018,0,0,88.7(1.03 %),0,0,0,0,5282756,3.06
26/11/2018,0,0,88.7(0.00 %),0,0,0,0,5282756,3.06
27/11/2018,0,0,87.9(-0.90 %),0,0,0,0,5282756,3.06
28/11/2018,100,8660000,87(-1.02 %),100,8660000,0,0,5282656,3.06
29/11/2018,-1770,-149580000,83.7(-3.79 %),230,19560000,2000,169140000,5282426,3.07
30/11/2018,420,34860000,83.6(-0.12 %),420,34860000,0,0,5282006,3.07
03/12/2018,-580,-48720000,85(1.67 %),0,0,580,48720000,5282006,3.07
04/12/2018,0,0,84.9(-0.12 %),0,0,0,0,5284006,3.05
05/12/2018,0,0,84.9(0.00 %),0,0,0,0,5284006,3.05
06/12/2018,0,0,84.7(-0.24 %),0,0,0,0,5284006,3.05
07/12/2018,0,0,84.7(0.00 %),0,0,0,0,5284586,3.05
10/12/2018,0,0,84.7(0.00 %),0,0,0,0,5284586,3.05
11/12/2018,0,0,83.5(-1.42 %),0,0,0,0,5284586,3.05
12/12/2018,0,0,86(2.99 %),0,0,0,0,5284586,3.05
13/12/2018,0,0,84.1(-2.21 %),0,0,0,0,5284586,3.05
14/12/2018,200,16990000,84.2(0.12 %),200,16990000,0,0,5284386,3.05
17/12/2018,0,0,84.9(0.83 %),0,0,0,0,5284386,3.05
18/12/2018,0,0,84.4(-0.59 %),0,0,0,0,5284386,3.05
19/12/2018,0,0,84.5(0.12 %),0,0,0,0,5284386,3.05
20/12/2018,0,0,84.4(-0.12 %),0,0,0,0,5284386,3.05
21/12/2018,0,-100000,85(0.71 %),50,4150000,50,4250000,5284336,3.05
24/12/2018,-60,-5090000,84(-1.18 %),0,0,60,5090000,5284336,3.05
25/12/2018,0,0,83.8(-0.24 %),0,0,0,0,5284336,3.05
26/12/2018,-50,-4105000,83(-0.95 %),0,0,50,4105000,5284386,3.05
27/12/2018,0,0,83(0.00 %),0,0,0,0,5284446,3.05
28/12/2018,-260,-21560000,85.5(3.01 %),30,2550000,290,24110000,5284416,3.05
02/01/2019,0,0,83(-2.92 %),0,0,0,0,5284466,3.05
03/01/2019,30,2337000,83.9(1.08 %),90,7362000,60,5025000,5284436,3.05
04/01/2019,-30,-2480000,81.4(-2.98 %),0,0,30,2480000,5284666,3.05
07/01/2019,0,0,81.5(0.12 %),0,0,0,0,5284666,3.05
08/01/2019,30,2430000,82.2(0.86 %),30,2430000,0,0,5284696,3.05
09/01/2019,-290,-23820000,82.1(-0.12 %),0,0,290,23820000,5284726,3.05
10/01/2019,0,0,82.6(0.61 %),0,0,0,0,5284726,3.05
11/01/2019,0,0,82.6(0.00 %),0,0,0,0,5284726,3.05
14/01/2019,0,0,82.8(0.24 %),0,0,0,0,5285016,3.04
15/01/2019,30,2430000,82(-0.97 %),30,2430000,0,0,5284986,3.04
16/01/2019,0,0,83.4(1.71 %),0,0,0,0,5284986,3.04
17/01/2019,0,-50000,82(-1.68 %),30,2460000,30,2510000,5284956,3.04
18/01/2019,0,0,82.9(1.10 %),0,0,0,0,5284956,3.04
21/01/2019,-30,-2510000,83.4(0.60 %),0,0,30,2510000,5284956,3.04
22/01/2019,30,2460000,83(-0.48 %),30,2460000,0,0,5284956,3.04
23/01/2019,0,0,83(0.00 %),0,0,0,0,5284956,3.04
24/01/2019,0,0,82(-1.20 %),0,0,0,0,5284986,3.04
25/01/2019,0,0,81.6(-0.49 %),0,0,0,0,5284986,3.04
28/01/2019,-10,-819000,81.9(0.37 %),0,0,10,819000,5284966,3.04
29/01/2019,-30,-2450000,81.9(0.00 %),0,0,30,2450000,5284986,3.04
30/01/2019,0,0,82(0.12 %),0,0,0,0,5284996,3.04
31/01/2019,0,0,81.9(-0.12 %),0,0,0,0,5284996,3.04
01/02/2019,-30,-2450000,81.8(-0.12 %),50,4090000,80,6540000,5284976,3.04
11/02/2019,-410,-33255000,81.5(-0.37 %),0,0,410,33255000,5285386,3.04
12/02/2019,-1810,-147941000,81.9(0.49 %),0,0,1810,147941000,5287196,3.02
13/02/2019,400,32729000,82.4(0.61 %),1500,123359000,1100,90630000,5286796,3.03
14/02/2019,-200,-16480000,82.1(-0.36 %),0,0,200,16480000,5283966,3.05
15/02/2019,-930,-77520000,86(4.75 %),500,41200000,1430,118720000,5285276,3.04
18/02/2019,370,31632000,85.5(-0.58 %),400,34200000,30,2568000,5287556,3.02
19/02/2019,80,6670000,85.5(0.00 %),80,6670000,0,0,5287476,3.02
20/02/2019,0,0,84(-1.75 %),0,0,0,0,5287526,3.02
21/02/2019,0,-75000,83.9(-0.12 %),150,12450000,150,12525000,5287476,3.02
22/02/2019,350,29050000,82.5(-1.67 %),350,29050000,0,0,5287056,3.03
25/02/2019,0,0,82.5(0.00 %),0,0,0,0,5287056,3.03
26/02/2019,30,2460000,82.9(0.48 %),30,2460000,0,0,5287096,3.03
27/02/2019,0,0,82.9(0.00 %),0,0,0,0,5287176,3.02
28/02/2019,0,0,82.8(-0.12 %),0,0,0,0,5287096,3.03
01/03/2019,0,0,82.8(0.00 %),0,0,0,0,5287176,3.02
04/03/2019,-280,-23240000,84.3(1.81 %),0,0,280,23240000,5287456,3.02
05/03/2019,100,8330000,84(-0.36 %),100,8330000,0,0,5287076,3.03
06/03/2019,0,0,85.5(1.79 %),0,0,0,0,5287356,3.02
07/03/2019,0,0,86(0.58 %),0,0,0,0,5287356,3.02
08/03/2019,0,0,88.8(3.26 %),0,0,0,0,5287356,3.02
11/03/2019,30,2660000,89.9(1.24 %),30,2660000,0,0,5287356,3.02
12/03/2019,0,0,90(0.11 %),0,0,0,0,5287326,3.02
13/03/2019,820,72320000,88(-2.22 %),820,72320000,0,0,5286536,3.03
14/03/2019,0,0,88(0.00 %),0,0,0,0,5286536,3.03
15/03/2019,-60,-5320000,88(0.00 %),0,0,60,5320000,5286536,3.03
18/03/2019,60,5190000,87.7(-0.34 %),60,5190000,0,0,5286476,3.03
19/03/2019,30,2550000,85(-3.08 %),30,2550000,0,0,5286446,3.03
20/03/2019,0,0,86.5(1.76 %),0,0,0,0,5286506,3.03
21/03/2019,-60,-5232000,90.2(4.28 %),0,0,60,5232000,5286506,3.03
22/03/2019,-1940,-175078000,88.5(-1.88 %),60,5322000,2000,180400000,5288446,3.01
25/03/2019,0,0,88.5(0.00 %),0,0,0,0,5288446,3.01
26/03/2019,50,4400000,88(-0.56 %),50,4400000,0,0,5288396,3.01
27/03/2019,0,0,91(3.41 %),0,0,0,0,5288456,3.01
28/03/2019,0,0,90(-1.10 %),0,0,0,0,5288456,3.01
29/03/2019,0,0,88(-2.22 %),0,0,0,0,5288396,3.01
01/04/2019,0,0,89.4(1.59 %),0,0,0,0,5288456,3.01
02/04/2019,100,8800000,89.3(-0.11 %),100,8800000,0,0,5288356,3.01
03/04/2019,270,24260000,89.9(0.67 %),280,25170000,10,910000,5288076,3.02
04/04/2019,0,0,89.5(-0.44 %),0,0,0,0,5288076,3.02
05/04/2019,0,0,89.5(0.00 %),0,0,0,0,5288086,3.02
08/04/2019,400,35600000,88.4(-1.23 %),400,35600000,0,0,5287686,3.02
09/04/2019,1610,139598000,86.8(-1.81 %),1610,139598000,0,0,5286076,3.03
10/04/2019,0,0,87(0.23 %),0,0,0,0,5286076,3.03
11/04/2019,480,41760000,87(0.00 %),480,41760000,0,0,5285596,3.04
12/04/2019,0,0,86.6(-0.46 %),0,0,0,0,5285596,3.04
16/04/2019,2300,193500000,85.4(-1.39 %),2300,193500000,0,0,5283296,3.06
17/04/2019,0,0,85.1(-0.35 %),0,0,0,0,5283296,3.06
18/04/2019,0,0,83.1(-2.35 %),0,0,0,0,5283296,3.06
19/04/2019,0,0,85(2.29 %),0,0,0,0,5283296,3.06
22/04/2019,0,0,84.7(-0.35 %),0,0,0,0,5283296,3.06
23/04/2019,0,0,84.9(0.24 %),0,0,0,0,5283296,3.06
24/04/2019,0,0,84.1(-0.94 %),0,0,0,0,5283296,3.06
25/04/2019,0,0,83.8(-0.36 %),0,0,0,0,5283296,3.06
26/04/2019,40,3320000,83(-0.95 %),40,3320000,0,0,5283256,3.06
02/05/2019,30,2480000,83(0.00 %),30,2480000,0,0,5283226,3.06
03/05/2019,0,0,84.2(1.45 %),0,0,0,0,5283256,3.06
06/05/2019,0,0,80.6(-4.28 %),0,0,0,0,5283226,3.06
07/05/2019,0,0,81.8(1.49 %),0,0,0,0,5283226,3.06
08/05/2019,0,0,80.5(-1.59 %),0,0,0,0,5283226,3.06
09/05/2019,0,0,80.6(0.12 %),0,0,0,0,5283256,3.06
10/05/2019,0,0,80.6(0.00 %),0,0,0,0,5283226,3.06
13/05/2019,0,0,80(-0.74 %),0,0,0,0,5283226,3.06
14/05/2019,100,8000000,80(0.00 %),100,8000000,0,0,5283156,3.06
15/05/2019,120,9620000,80(0.00 %),120,9620000,0,0,5283036,3.06
16/05/2019,0,0,80.4(0.50 %),0,0,0,0,5283036,3.06
17/05/2019,-100,-8000000,79.6(-1.00 %),0,0,100,8000000,5283006,3.06
20/05/2019,0,0,79.4(-0.25 %),0,0,0,0,5283006,3.06
21/05/2019,0,0,79.5(0.13 %),0,0,0,0,5283006,3.06
22/05/2019,-30,-2400000,80(0.63 %),0,0,30,2400000,5283106,3.06
23/05/2019,-270,-21870000,81(1.25 %),0,0,270,21870000,5283106,3.06
24/05/2019,0,0,81(0.00 %),0,0,0,0,5283106,3.06
27/05/2019,0,0,80.5(-0.62 %),0,0,0,0,5283106,3.06
28/05/2019,0,0,80.5(0.00 %),0,0,0,0,5283106,3.06
29/05/2019,0,0,80.5(0.00 %),0,0,0,0,5283106,3.06
30/05/2019,0,0,80.9(0.50 %),0,0,0,0,5283106,3.06
31/05/2019,0,0,81.3(0.49 %),0,0,0,0,5283106,3.06
03/06/2019,0,0,81.3(0.00 %),0,0,0,0,5283406,3.06
04/06/2019,0,0,81(-0.37 %),0,0,0,0,5283406,3.06
05/06/2019,50,3950000,79.5(-1.85 %),50,3950000,0,0,5283356,3.06
06/06/2019,0,0,79.5(0.00 %),0,0,0,0,5283356,3.06
07/06/2019,0,0,80(0.63 %),0,0,0,0,5283356,3.06
10/06/2019,0,0,80.9(1.12 %),0,0,0,0,5283356,3.06
11/06/2019,0,0,80.9(0.00 %),0,0,0,0,5283356,3.06
12/06/2019,0,0,80(-1.11 %),0,0,0,0,5283356,3.06
13/06/2019,0,0,80(0.00 %),0,0,0,0,5283356,3.06
14/06/2019,-1900,-149548000,80(0.00 %),0,0,1900,149548000,5285256,3.04
17/06/2019,-30,-2400000,79.8(-0.25 %),0,0,30,2400000,5285286,3.04
18/06/2019,0,0,80(0.25 %),0,0,0,0,5285286,3.04
19/06/2019,-920,-71540000,79.5(-0.62 %),0,0,920,71540000,5286206,3.03
20/06/2019,0,0,79(-0.63 %),0,0,0,0,5285286,3.04
21/06/2019,0,0,79(0.00 %),0,0,0,0,5286206,3.03
24/06/2019,0,0,78.5(-0.63 %),0,0,0,0,5286206,3.03
25/06/2019,0,0,78.3(-0.25 %),0,0,0,0,5286206,3.03
26/06/2019,0,0,79(0.89 %),0,0,0,0,5286206,3.03
27/06/2019,500,39490000,78.3(-0.89 %),500,39490000,0,0,5285706,3.04
28/06/2019,0,0,78.6(0.38 %),0,0,0,0,5285706,3.04
01/07/2019,60,4720000,78.3(-0.38 %),60,4720000,0,0,5285646,3.04
02/07/2019,10,780000,77(-1.66 %),10,780000,0,0,5285636,3.04
03/07/2019,0,0,77.2(0.26 %),0,0,0,0,5285696,3.04
04/07/2019,0,0,79.5(2.98 %),0,0,0,0,5285636,3.04
05/07/2019,0,0,79.5(0.00 %),0,0,0,0,5285636,3.04
08/07/2019,0,0,78(-1.89 %),0,0,0,0,5285696,3.04
09/07/2019,0,0,79(1.28 %),0,0,0,0,5285696,3.04
10/07/2019,2800,222384000,80(1.27 %),3300,262034000,500,39650000,5282896,3.06
11/07/2019,0,0,79.8(-0.25 %),0,0,0,0,5282896,3.06
12/07/2019,0,0,79.6(-0.25 %),0,0,0,0,5282896,3.06
15/07/2019,0,0,79.9(0.38 %),0,0,0,0,5282896,3.06
16/07/2019,-530,-42370000,81.5(2.00 %),0,0,530,42370000,5282836,3.06
17/07/2019,0,0,83(1.84 %),0,0,0,0,5283426,3.06
18/07/2019,-30,-2510000,83.9(1.08 %),0,0,30,2510000,5282836,3.06
19/07/2019,0,0,85.6(2.03 %),0,0,0,0,5283456,3.06
22/07/2019,0,0,87.4(2.10 %),0,0,0,0,5283456,3.06
23/07/2019,2310,197980000,87.3(-0.11 %),2320,198870000,10,890000,5281076,3.08
24/07/2019,0,0,87(-0.34 %),0,0,0,0,5281076,3.08
25/07/2019,0,0,86.5(-0.57 %),0,0,0,0,5281076,3.08
26/07/2019,0,0,85.8(-0.81 %),0,0,0,0,5281086,3.08
29/07/2019,-2550,-215475000,84.5(-1.52 %),0,0,2550,215475000,5283696,3.05
30/07/2019,0,0,84(-0.59 %),0,0,0,0,5281086,3.08
31/07/2019,0,0,83(-1.19 %),0,0,0,0,5283696,3.05
01/08/2019,0,0,83.6(0.72 %),0,0,0,0,5283636,3.06
02/08/2019,0,0,83(-0.72 %),0,0,0,0,5283636,3.06
05/08/2019,0,0,83.8(0.96 %),0,0,0,0,5283636,3.06
06/08/2019,0,0,83(-0.95 %),0,0,0,0,5283636,3.06
07/08/2019,0,0,83.8(0.96 %),0,0,0,0,5283636,3.06
08/08/2019,-100,-8645000,88.9(6.09 %),0,0,100,8645000,5283736,3.05
09/08/2019,0,0,83.7(-5.85 %),0,0,0,0,5283736,3.05
12/08/2019,0,0,85(1.55 %),0,0,0,0,5283636,3.06
13/08/2019,0,0,84.8(-0.24 %),0,0,0,0,5283736,3.05
14/08/2019,0,0,84.5(-0.35 %),0,0,0,0,5283736,3.05
15/08/2019,0,0,84.4(-0.12 %),0,0,0,0,5283736,3.05
16/08/2019,0,0,84.8(0.47 %),0,0,0,0,5283736,3.05
19/08/2019,0,0,84.9(0.12 %),0,0,0,0,5283736,3.05
20/08/2019,0,0,85.5(0.71 %),0,0,0,0,5283736,3.05
21/08/2019,-30,-2600000,86.8(1.52 %),0,0,30,2600000,5283736,3.05
22/08/2019,0,0,87(0.23 %),0,0,0,0,5283736,3.05
23/08/2019,970,85170000,87.8(0.92 %),970,85170000,0,0,5282766,3.06
26/08/2019,-8870,-784995000,87.7(-0.11 %),0,0,8870,784995000,5291666,2.99
27/08/2019,0,0,87.1(-0.68 %),0,0,0,0,5291666,2.99
28/08/2019,0,0,88(1.03 %),0,0,0,0,5282796,3.06
29/08/2019,0,0,81.9(-6.93 %),0,0,0,0,5291666,2.99
30/08/2019,-1200,-96430000,77.5(-5.37 %),1270,99367000,2470,195797000,5292866,2.98
03/09/2019,0,0,82.9(6.97 %),0,0,0,0,5290396,3.0
04/09/2019,0,0,85.9(3.62 %),0,0,0,0,5290396,3.0
05/09/2019,4130,350920000,81(-5.70 %),4130,350920000,0,0,5288736,3.01
06/09/2019,0,0,77.5(-4.32 %),0,0,0,0,5288736,3.01
09/09/2019,610,45790000,74.6(-3.74 %),610,45790000,0,0,5288126,3.02
10/09/2019,2840,207150000,72(-3.49 %),2850,207875000,10,725000,5282816,3.06
11/09/2019,0,0,72(0.00 %),0,0,0,0,5285276,3.04
12/09/2019,490,36194000,74.5(3.47 %),500,36939000,10,745000,5282326,3.07
13/09/2019,0,0,76.7(2.95 %),0,0,0,0,5282326,3.07
16/09/2019,-110,-8902000,79(3.00 %),690,53159000,800,62061000,5282446,3.07
17/09/2019,0,0,76.8(-2.78 %),0,0,0,0,5284106,3.05
18/09/2019,0,0,79(2.86 %),0,0,0,0,5282446,3.07
19/09/2019,0,0,76.5(-3.16 %),0,0,0,0,5282446,3.07
20/09/2019,990,76730000,77.1(0.78 %),990,76730000,0,0,5283926,3.05
23/09/2019,0,0,76.5(-0.78 %),0,0,0,0,5283926,3.05
24/09/2019,0,0,76(-0.65 %),0,0,0,0,5283926,3.05
25/09/2019,-170,-12920000,76(0.00 %),0,0,170,12920000,5283926,3.05
26/09/2019,1000,74801000,74(-2.63 %),1000,74801000,0,0,5280626,3.08
27/09/2019,0,0,76.9(3.92 %),0,0,0,0,5282926,3.06
30/09/2019,0,0,75(-2.47 %),0,0,0,0,5283096,3.06
01/10/2019,0,0,75.9(1.20 %),0,0,0,0,5283096,3.06
02/10/2019,0,0,75(-1.19 %),0,0,0,0,5283096,3.06
03/10/2019,0,0,75(0.00 %),0,0,0,0,5283096,3.06
04/10/2019,10,750000,74.6(-0.53 %),10,750000,0,0,5283086,3.06
07/10/2019,10,750000,75(0.54 %),10,750000,0,0,5283076,3.06
08/10/2019,-270,-20250000,74.3(-0.93 %),20,1500000,290,21750000,5283346,3.06
09/10/2019,240,17832000,74.2(-0.13 %),240,17832000,0,0,5283106,3.06
10/10/2019,0,0,74(-0.27 %),0,0,0,0,5283106,3.06
11/10/2019,0,0,73(-1.35 %),0,0,0,0,5283106,3.06
14/10/2019,0,0,74(1.37 %),0,0,0,0,5283106,3.06
15/10/2019,0,0,74.3(0.41 %),0,0,0,0,5283106,3.06
16/10/2019,0,0,74.5(0.27 %),0,0,0,0,5283106,3.06
17/10/2019,0,0,74(-0.67 %),0,0,0,0,5283106,3.06
18/10/2019,0,0,74(0.00 %),0,0,0,0,5283106,3.06
21/10/2019,-300,-22200000,76(2.70 %),0,0,300,22200000,5283106,3.06
22/10/2019,900,69300000,76(0.00 %),900,69300000,0,0,5282206,3.07
23/10/2019,0,0,76(0.00 %),0,0,0,0,5282206,3.07
24/10/2019,100,7600000,75(-1.32 %),100,7600000,0,0,5282406,3.07
25/10/2019,550,41250000,74.7(-0.40 %),550,41250000,0,0,5281856,3.07
28/10/2019,0,0,74.9(0.27 %),0,0,0,0,5281856,3.07
29/10/2019,0,0,74.4(-0.67 %),0,0,0,0,5281856,3.07
30/10/2019,0,0,74.9(0.67 %),0,0,0,0,5281856,3.07
31/10/2019,50,3730000,74(-1.20 %),50,3730000,0,0,5281806,3.07
01/11/2019,0,0,74(0.00 %),0,0,0,0,5281806,3.07
04/11/2019,0,0,74(0.00 %),0,0,0,0,5281806,3.07
05/11/2019,0,0,73.6(-0.54 %),0,0,0,0,5281806,3.07
06/11/2019,0,0,74(0.54 %),0,0,0,0,5281806,3.07
07/11/2019,0,0,74(0.00 %),0,0,0,0,5281806,3.07
08/11/2019,0,0,73.9(-0.14 %),0,0,0,0,5281806,3.07
11/11/2019,-200,-14780000,73.5(-0.54 %),0,0,200,14780000,5282006,3.07
12/11/2019,300,21900000,73.2(-0.41 %),2300,168300000,2000,146400000,5279506,3.09
13/11/2019,0,0,73.1(-0.14 %),2000,146400000,2000,146400000,5277506,3.11
14/11/2019,600,43800000,72.9(-0.27 %),600,43800000,0,0,5277106,3.11
15/11/2019,0,0,73(0.14 %),0,0,0,0,5279106,3.09
18/11/2019,0,0,73(0.00 %),0,0,0,0,5281106,3.08
19/11/2019,0,0,73(0.00 %),0,0,0,0,5281106,3.08
20/11/2019,0,0,72.5(-0.68 %),0,0,0,0,5281106,3.08
21/11/2019,-3840,-277050000,71.5(-1.38 %),0,0,3840,277050000,5281106,3.08
22/11/2019,-1000,-72000000,72(0.70 %),0,0,1000,72000000,5285946,3.04
25/11/2019,-230,-16561000,71.9(-0.14 %),10,719000,240,17280000,5286176,3.03
26/11/2019,-3910,-282570000,72.1(0.28 %),0,0,3910,282570000,5290086,3.0
27/11/2019,450,32460000,72.2(0.14 %),450,32460000,0,0,5285486,3.04
28/11/2019,0,0,69(-4.43 %),0,0,0,0,5285726,3.04
29/11/2019,-10,-720000,72.7(5.36 %),0,0,10,720000,5289636,3.0
02/12/2019,-1300,-94510000,72(-0.96 %),0,0,1300,94510000,5289636,3.0
03/12/2019,-1820,-131370000,71.5(-0.69 %),20,1430000,1840,132800000,5289616,3.0
04/12/2019,0,0,71.2(-0.42 %),0,0,0,0,5291456,2.99
05/12/2019,-3000,-218700000,73(2.53 %),0,0,3000,218700000,5290926,2.99
06/12/2019,-1000,-73000000,73(0.00 %),0,0,1000,73000000,5295456,2.95
09/12/2019,-900,-65700000,73(0.00 %),100,7300000,1000,73000000,5292666,2.98
10/12/2019,0,0,71.8(-1.64 %),0,0,0,0,5296356,2.94
11/12/2019,-1000,-72500000,72.3(0.70 %),0,0,1000,72500000,5296666,2.94
12/12/2019,0,0,70.8(-2.07 %),0,0,0,0,5297356,2.94
13/12/2019,-1360,-98600000,72.4(2.26 %),0,0,1360,98600000,5297666,2.93
16/12/2019,0,0,72(-0.55 %),0,0,0,0,5298716,2.92
17/12/2019,0,0,71(-1.39 %),0,0,0,0,5298716,2.92
18/12/2019,0,0,71(0.00 %),0,0,0,0,5298716,2.92
19/12/2019,0,0,71(0.00 %),0,0,0,0,5298716,2.92
20/12/2019,0,0,71(0.00 %),0,0,0,0,5300026,2.91
23/12/2019,980,70660000,71(0.00 %),980,70660000,0,0,5299046,2.92
24/12/2019,-740,-52470000,70.9(-0.14 %),0,0,740,52470000,5299046,2.92
25/12/2019,0,0,71(0.14 %),0,0,0,0,5298476,2.93
26/12/2019,0,0,71(0.00 %),0,0,0,0,5299046,2.92
27/12/2019,40,2820000,70(-1.41 %),40,2820000,0,0,5299746,2.92
30/12/2019,-740,-52466000,70(0.00 %),0,0,740,52466000,5299176,2.92
31/12/2019,0,0,70(0.00 %),0,0,0,0,5299176,2.92
02/01/2020,0,0,71(1.43 %),0,0,0,0,5299746,2.92
03/01/2020,0,0,71.5(0.70 %),0,0,0,0,5299946,2.91
06/01/2020,0,0,71(-0.70 %),0,0,0,0,5299746,2.92
07/01/2020,0,0,71(0.00 %),0,0,0,0,5299746,2.92
08/01/2020,0,0,71(0.00 %),0,0,0,0,5299746,2.92
09/01/2020,0,0,71(0.00 %),0,0,0,0,5299946,2.91
10/01/2020,0,0,72(1.41 %),0,0,0,0,5299746,2.92
13/01/2020,-100,-7350000,74(2.78 %),0,0,100,7350000,5299846,2.91
14/01/2020,0,0,72.2(-2.43 %),0,0,0,0,5299846,2.91
15/01/2020,0,0,74(2.49 %),0,0,0,0,5299946,2.91
16/01/2020,0,0,73.5(-0.68 %),0,0,0,0,5300046,2.91
17/01/2020,0,0,73.5(0.00 %),0,0,0,0,5300046,2.91
20/01/2020,0,0,74.1(0.82 %),0,0,0,0,5300046,2.91
21/01/2020,0,0,75.8(2.29 %),0,0,0,0,5300046,2.91
22/01/2020,-100,-7580000,75(-1.06 %),0,0,100,7580000,5300146,2.91
30/01/2020,0,0,73.1(-2.53 %),0,0,0,0,5300146,2.91
31/01/2020,0,0,73(-0.14 %),0,0,0,0,5300146,2.91
03/02/2020,1450,103089000,71(-2.74 %),3000,208582000,1550,105493000,5300146,2.91
04/02/2020,0,0,73.5(3.52 %),0,0,0,0,5297146,2.94
05/02/2020,0,0,74.4(1.22 %),0,0,0,0,5297146,2.94
06/02/2020,0,0,73.9(-0.67 %),0,0,0,0,5300146,2.91
07/02/2020,1650,120120000,73.6(-0.41 %),1650,120120000,0,0,5297046,2.94
10/02/2020,0,0,73(-0.82 %),0,0,0,0,5298496,2.93
11/02/2020,-1570,-113200000,73.5(0.68 %),30,2190000,1600,115390000,5297016,2.94
12/02/2020,370,26670000,73.5(0.00 %),370,26670000,0,0,5299696,2.92
13/02/2020,20,1468000,73.4(-0.14 %),20,1468000,0,0,5299676,2.92
14/02/2020,210,15225000,74.5(1.50 %),210,15225000,0,0,5299466,2.92
17/02/2020,-10,-721000,73(-2.01 %),0,0,10,721000,5299476,2.92
18/02/2020,0,0,74(1.37 %),0,0,0,0,5299476,2.92
19/02/2020,10,750000,74.5(0.68 %),10,750000,0,0,5298006,2.93
20/02/2020,-50,-3705000,74(-0.67 %),0,0,50,3705000,5299516,2.92
21/02/2020,-690,-51090000,73.9(-0.14 %),40,2930000,730,54020000,5297976,2.93
24/02/2020,10,740000,73.8(-0.14 %),10,740000,0,0,5297966,2.93
25/02/2020,0,0,73.8(0.00 %),0,0,0,0,5300196,2.91
26/02/2020,0,0,73.7(-0.14 %),0,0,0,0,5298746,2.92
27/02/2020,0,0,73.5(-0.27 %),0,0,0,0,5300196,2.91
28/02/2020,0,0,73(-0.68 %),0,0,0,0,5298746,2.92
02/03/2020,0,0,73(0.00 %),0,0,0,0,5298746,2.92
03/03/2020,230,16690000,73(0.00 %),230,16690000,0,0,5298516,2.93
04/03/2020,0,0,73(0.00 %),0,0,0,0,5298516,2.93
05/03/2020,550,39875000,72(-1.37 %),550,39875000,0,0,5297966,2.93
06/03/2020,300,21480000,72(0.00 %),300,21480000,0,0,5297666,2.93
09/03/2020,680,45560000,67(-6.94 %),680,45560000,0,0,5296986,2.94
10/03/2020,30,2090000,69.5(3.73 %),30,2090000,0,0,5296954,2.94
11/03/2020,0,0,65(-6.47 %),0,0,0,0,5296956,2.94
12/03/2020,150,9170000,61.4(-5.54 %),150,9170000,0,0,5296804,2.94
13/03/2020,2170,128030000,61.5(0.16 %),2170,128030000,0,0,5294634,2.96
16/03/2020,0,0,62.7(1.95 %),0,0,0,0,5294634,2.96
17/03/2020,-2910,-183269000,64(2.07 %),0,0,2910,183269000,5297546,2.93
18/03/2020,0,0,64.2(0.31 %),0,0,0,0,5297546,2.93
19/03/2020,0,0,64.2(0.00 %),0,0,0,0,5294634,2.96
20/03/2020,-3040,-195168000,64.2(0.00 %),0,0,3040,195168000,5300586,2.91
23/03/2020,0,-1200000,62(-3.43 %),1000,63000000,1000,64200000,5296544,2.94
24/03/2020,-30,-1794000,65(4.84 %),10,650000,40,2444000,5300616,2.91
25/03/2020,-940,-61100000,65(0.00 %),10,650000,950,61750000,5301556,2.9
26/03/2020,-460,-29900000,66.5(2.31 %),0,0,460,29900000,5302016,2.9
27/03/2020,0,0,64.3(-3.31 %),0,0,0,0,5300604,2.91
30/03/2020,0,0,64(-0.47 %),0,0,0,0,5301554,2.9
31/03/2020,0,0,64.9(1.41 %),0,0,0,0,5302016,2.9
01/04/2020,0,0,65.7(1.23 %),0,0,0,0,5302014,2.9
03/04/2020,0,0,67(1.98 %),0,0,0,0,5302014,2.9
06/04/2020,0,0,71.6(6.87 %),0,0,0,0,5302014,2.9
07/04/2020,-10,-770000,73.4(2.51 %),20,1380000,30,2150000,5301994,2.9
08/04/2020,1100,79250000,72(-1.91 %),1100,79250000,0,0,5300924,2.91
09/04/2020,0,0,72(0.00 %),0,0,0,0,5300894,2.91
10/04/2020,0,0,71.5(-0.69 %),0,0,0,0,5300924,2.91
13/04/2020,0,0,71.5(0.00 %),0,0,0,0,5300924,2.91
14/04/2020,-9190,-631230000,68(-4.90 %),0,0,9190,631230000,5300924,2.91
15/04/2020,0,0,68(0.00 %),0,0,0,0,5300924,2.91
16/04/2020,0,0,69.5(2.21 %),0,0,0,0,5310114,2.83
17/04/2020,0,0,71.5(2.88 %),0,0,0,0,5310114,2.83
20/04/2020,-11700,-798164000,68(-4.90 %),0,0,11700,798164000,5321814,2.72
21/04/2020,0,0,70.5(3.68 %),0,0,0,0,5310114,2.83
22/04/2020,-170040,-11607880000,72(2.13 %),15400,1047200000,185440,12655080000,5294714,2.96
23/04/2020,0,0,72(0.00 %),0,0,0,0,5306414,2.86
24/04/2020,0,0,72(0.00 %),0,0,0,0,5491854,1.24
27/04/2020,3270,233154000,70.5(-2.08 %),3270,233154000,0,0,5488584,1.27
28/04/2020,0,0,71.5(1.42 %),0,0,0,0,5488584,1.27
29/04/2020,0,0,72(0.70 %),0,0,0,0,5488584,1.27
04/05/2020,180,12920000,74(2.78 %),180,12920000,0,0,5488404,1.27
05/05/2020,0,0,78(5.41 %),0,0,0,0,5488584,1.27
06/05/2020,-480,-40820000,83.4(6.92 %),630,51200000,1110,92020000,5487774,1.28
07/05/2020,130,10240000,84.1(0.84 %),370,31120000,240,20880000,5487404,1.28
08/05/2020,9950,838095000,85.9(2.14 %),9950,838095000,0,0,5478984,1.36
11/05/2020,1050,69296310,82.5(-3.96 %),1050,69296310,0,0,5477934,1.37
12/05/2020,620,51150000,82(-0.61 %),620,51150000,0,0,5477134,1.37
13/05/2020,850,70635000,84.5(3.05 %),850,70635000,0,0,5476464,1.38
14/05/2020,3540,294170000,83(-1.78 %),3540,294170000,0,0,5472744,1.41
15/05/2020,-1000,-85000000,84.5(1.81 %),0,0,1000,85000000,5472744,1.41
18/05/2020,0,0,85.9(1.66 %),0,0,0,0,5473924,1.4
19/05/2020,400,33440000,85(-1.05 %),400,33440000,0,0,5472344,1.41
20/05/2020,0,0,84.5(-0.59 %),0,0,0,0,5473524,1.4
21/05/2020,2000,167800000,84.1(-0.47 %),2000,167800000,0,0,5471344,1.42
22/05/2020,0,0,84(-0.12 %),0,0,0,0,5471524,1.42
25/05/2020,3720,302737000,83.3(-0.83 %),4520,367937000,800,65200000,5467804,1.45
26/05/2020,4000,331000000,82.9(-0.48 %),4000,331000000,0,0,5462824,1.5
27/05/2020,0,0,77.2(-6.88 %),0,0,0,0,5463804,1.49
28/05/2020,-1500,-119720000,81.4(5.44 %),0,0,1500,119720000,5463624,1.49
29/05/2020,5600,442400000,80(-1.72 %),5600,442400000,0,0,5459704,1.52
01/06/2020,0,0,79.6(-0.50 %),0,0,0,0,5458024,1.54
02/06/2020,3600,286529000,79.5(-0.13 %),3600,286529000,0,0,5454424,1.57
03/06/2020,8120,642670000,79.4(-0.13 %),8120,642670000,0,0,5447804,1.63
04/06/2020,4820,380790000,79.4(0.00 %),4820,380790000,0,0,5442984,1.67
05/06/2020,1290,101950000,79(-0.50 %),1290,101950000,0,0,5441694,1.68
08/06/2020,-1600,-125780000,80(1.27 %),0,0,1600,125780000,5443084,1.67
09/06/2020,0,0,79(-1.25 %),0,0,0,0,5443084,1.67
10/06/2020,30,2340000,78.5(-0.63 %),30,2340000,0,0,5443054,1.67
11/06/2020,100,7800000,77.4(-1.40 %),100,7800000,0,0,5442954,1.67
12/06/2020,450,34790000,77.3(-0.13 %),500,38640000,50,3850000,5442084,1.68
15/06/2020,-1560,-116615000,74(-4.27 %),30,2265000,1590,118880000,5444064,1.66
16/06/2020,-3350,-247640000,74.9(1.22 %),560,41100000,3910,288740000,5441494,1.68
17/06/2020,1260,92740000,74.8(-0.13 %),1260,92740000,0,0,5440284,1.69
18/06/2020,0,0,74.5(-0.40 %),0,0,0,0,5441874,1.68
19/06/2020,1250,93750000,75.3(1.07 %),1250,93750000,0,0,5444904,1.65
22/06/2020,2000,150760000,75.4(0.13 %),2000,150760000,0,0,5442904,1.67
23/06/2020,0,0,75.5(0.13 %),0,0,0,0,5442534,1.67
24/06/2020,0,0,75.5(0.00 %),0,0,0,0,5442534,1.67
25/06/2020,0,0,75.3(-0.26 %),0,0,0,0,5442534,1.67
26/06/2020,0,0,75(-0.40 %),0,0,0,0,5442904,1.67
29/06/2020,30,2130000,74.8(-0.27 %),60,4370000,30,2240000,5442474,1.67
30/06/2020,0,0,74.8(0.00 %),0,0,0,0,5442874,1.67
01/07/2020,0,0,75(0.27 %),0,0,0,0,5442474,1.67
02/07/2020,1340,99170000,74.9(-0.13 %),1340,99170000,0,0,5441164,1.69
03/07/2020,15890,1159970000,75(0.13 %),15890,1159970000,0,0,5425274,1.82
06/07/2020,0,0,75(0.00 %),0,0,0,0,5425244,1.82
07/07/2020,0,0,75(0.00 %),0,0,0,0,5425274,1.82
08/07/2020,0,0,74.7(-0.40 %),0,0,0,0,5425244,1.82
09/07/2020,110,8217000,75(0.40 %),110,8217000,0,0,5425134,1.82
10/07/2020,1370,102580000,75.1(0.13 %),2770,207610000,1400,105030000,5422394,1.85
13/07/2020,1240,93000000,75.1(0.00 %),1240,93000000,0,0,5421154,1.86
14/07/2020,2960,225330000,78(3.86 %),3000,228410000,40,3080000,5418154,1.89
15/07/2020,0,0,80.2(2.82 %),0,0,0,0,5419554,1.87
16/07/2020,6870,549745000,80.5(0.37 %),7950,636685000,1080,86940000,5412694,1.93
17/07/2020,2130,171470000,80.8(0.37 %),2130,171470000,0,0,5409514,1.96
20/07/2020,0,0,83.9(3.84 %),0,0,0,0,5410564,1.95
21/07/2020,-10,-850000,85.6(2.03 %),0,0,10,850000,5410574,1.95
22/07/2020,5970,510600000,85.3(-0.35 %),5970,510600000,0,0,5404624,2.0
23/07/2020,7250,617050000,84.9(-0.47 %),7250,617050000,0,0,5397374,2.07
24/07/2020,3900,330430000,81.2(-4.36 %),3900,330430000,0,0,5393454,2.1
27/07/2020,39010,3128712000,79.5(-2.09 %),39010,3128712000,0,0,5354444,2.44
28/07/2020,10550,832290000,83(4.40 %),10550,832290000,0,0,5343924,2.53
29/07/2020,14340,1137480000,81.8(-1.45 %),14340,1137480000,0,0,5329584,2.66
30/07/2020,0,0,79.3(-3.06 %),0,0,0,0,5329584,2.66
31/07/2020,5520,436980000,80.9(2.02 %),5520,436980000,0,0,5324064,2.7
03/08/2020,500,40500000,84.8(4.82 %),500,40500000,0,0,5323564,2.71
04/08/2020,1000,86000000,85.3(0.59 %),1000,86000000,0,0,5323064,2.71
05/08/2020,0,0,85.5(0.23 %),0,0,0,0,5323064,2.71
06/08/2020,9310,808510000,89.5(4.68 %),9310,808510000,0,0,5313254,2.8
07/08/2020,0,0,88.1(-1.56 %),0,0,0,0,5313754,2.79
10/08/2020,2700,238247000,91.9(4.31 %),2730,240986000,30,2739000,5311054,2.82
11/08/2020,0,0,94.8(3.16 %),0,0,0,0,5311054,2.82
12/08/2020,10,930000,94.5(-0.32 %),10,930000,0,0,5311044,2.82
13/08/2020,640,59930000,93.5(-1.06 %),640,59930000,0,0,5309904,2.83
14/08/2020,2050,191640000,93.8(0.32 %),2050,191640000,0,0,5307854,2.84
17/08/2020,350,32330000,92.4(-1.49 %),350,32330000,0,0,5308004,2.84
18/08/2020,3900,359540000,95(2.81 %),3900,359540000,0,0,5303604,2.88
19/08/2020,0,0,99(4.21 %),0,0,0,0,5304104,2.88
20/08/2020,-10,-990000,99.8(0.81 %),0,0,10,990000,5304114,2.88
21/08/2020,20,2000000,102.6(2.81 %),20,2000000,0,0,5303584,2.88
24/08/2020,430,45009000,103(0.39 %),460,48162000,30,3153000,5303664,2.88
25/08/2020,0,0,102.9(-0.10 %),0,0,0,0,5303664,2.88
26/08/2020,10,1013000,101.2(-1.65 %),10,1013000,0,0,5303654,2.88
27/08/2020,1220,123680000,101.5(0.30 %),1220,123680000,0,0,5301934,2.9
28/08/2020,210,21310000,102.9(1.38 %),240,24360000,30,3050000,5301694,2.9
31/08/2020,1070,109140000,102(-0.87 %),1070,109140000,0,0,5301154,2.9
01/09/2020,3000,306100000,101.5(-0.49 %),3000,306100000,0,0,5297624,2.93
03/09/2020,4600,467210000,102(0.49 %),4810,488630000,210,21420000,5292844,2.98
04/09/2020,1000,101500000,101.7(-0.29 %),1000,101500000,0,0,5291844,2.98
07/09/2020,0,0,102.2(0.49 %),0,0,0,0,5291844,2.98
08/09/2020,0,0,100.9(-1.27 %),0,0,0,0,5295024,2.96
09/09/2020,790,79560000,101.1(0.20 %),790,79560000,0,0,5291264,2.99
10/09/2020,860,87020000,101.1(0.00 %),1040,105120000,180,18100000,5290224,3.0
11/09/2020,-130,-13160000,101.2(0.10 %),0,0,130,13160000,5290224,3.0
14/09/2020,3210,333240000,105(3.75 %),3210,333240000,0,0,5290294,3.0
15/09/2020,2280,237576000,104.8(-0.19 %),2480,258416000,200,20840000,5288014,3.02
16/09/2020,1040,109170000,104.9(0.10 %),1040,109170000,0,0,5283804,3.05
17/09/2020,110,11550000,104.9(0.00 %),110,11550000,0,0,5283694,3.05
18/09/2020,0,0,103.8(-1.05 %),0,0,0,0,5286864,3.03
21/09/2020,0,0,103.2(-0.58 %),0,0,0,0,5286864,3.03
22/09/2020,0,0,104.5(1.26 %),0,0,0,0,5286864,3.03
23/09/2020,-200,-20720000,103.2(-1.24 %),0,0,200,20720000,5287064,3.03
24/09/2020,0,0,104(0.78 %),0,0,0,0,5287064,3.03
25/09/2020,0,0,103.1(-0.87 %),0,0,0,0,5287064,3.03
28/09/2020,0,0,103.2(0.10 %),0,0,0,0,5287064,3.03
29/09/2020,0,0,102(-1.16 %),0,0,0,0,5287064,3.03
30/09/2020,0,0,103.8(1.76 %),0,0,0,0,5284094,3.05
01/10/2020,440,44880000,103.5(-0.29 %),440,44880000,0,0,5283654,3.06
02/10/2020,-970,-99890000,103.4(-0.10 %),30,3110000,1000,103000000,5283624,3.06
05/10/2020,20,2070000,103.6(0.19 %),20,2070000,0,0,5283604,3.06
06/10/2020,630,66070000,104.2(0.58 %),630,66070000,0,0,5284414,3.05
07/10/2020,80,8440000,111.4(6.91 %),80,8440000,0,0,5284334,3.05
08/10/2020,90,9785000,111.8(0.36 %),790,87295000,700,77510000,5284244,3.05
09/10/2020,0,0,110.6(-1.07 %),0,0,0,0,5284244,3.05
12/10/2020,100,11240000,107.5(-2.80 %),100,11240000,0,0,5283004,3.06
13/10/2020,0,0,111(3.26 %),0,0,0,0,5283704,3.05
14/10/2020,0,0,111.5(0.45 %),0,0,0,0,5284144,3.05
15/10/2020,20,2260000,112.9(1.26 %),20,2260000,0,0,5283684,3.05
16/10/2020,-10,-1130000,114.3(1.24 %),0,0,10,1130000,5284134,3.05
19/10/2020,0,0,115(0.61 %),0,0,0,0,5283684,3.05
20/10/2020,0,0,114(-0.87 %),0,0,0,0,5284134,3.05
21/10/2020,-10,-1219000,121.9(6.93 %),0,0,10,1219000,5284144,3.05
22/10/2020,-780,-99110000,126(3.36 %),10,1280000,790,100390000,5283684,3.05
23/10/2020,0,0,127.4(1.11 %),0,0,0,0,5284924,3.04
26/10/2020,-30,-3726000,126(-1.10 %),0,0,30,3726000,5284954,3.04
27/10/2020,0,0,125(-0.79 %),0,0,0,0,5284484,3.05
28/10/2020,0,0,123.8(-0.96 %),0,0,0,0,5284954,3.04
29/10/2020,400,49960000,124.9(0.89 %),400,49960000,0,0,5284554,3.05
30/10/2020,0,0,125.9(0.80 %),0,0,0,0,5284114,3.05
02/11/2020,0,0,125(-0.71 %),0,0,0,0,5284114,3.05
03/11/2020,0,0,124.5(-0.40 %),0,0,0,0,5284114,3.05
04/11/2020,600,74950000,127.9(2.73 %),600,74950000,0,0,5283514,3.06
05/11/2020,1680,213360000,127(-0.70 %),1680,213360000,0,0,5281834,3.07
06/11/2020,100,13100000,131.5(3.54 %),100,13100000,0,0,5281734,3.07
09/11/2020,-1980,-260373000,131.5(0.00 %),10,1312000,1990,261685000,5283714,3.05
10/11/2020,-1420,-186730000,131.4(-0.08 %),0,0,1420,186730000,5281724,3.07
11/11/2020,-2320,-305040000,128.5(-2.21 %),0,0,2320,305040000,5281724,3.07
12/11/2020,-10,-1300000,129(0.39 %),0,0,10,1300000,5283714,3.05
13/11/2020,10,1290000,129(0.00 %),10,1290000,0,0,5287454,3.02
16/11/2020,-1370,-176480000,127.6(-1.09 %),0,0,1370,176480000,5287444,3.02
17/11/2020,-1600,-205380000,127.6(0.00 %),290,36540000,1890,241920000,5287164,3.02
18/11/2020,-5520,-706980000,129(1.10 %),330,42570000,5850,749550000,5295944,2.95
19/11/2020,0,-10000,127.8(-0.93 %),10,1280000,10,1290000,5295944,2.95
20/11/2020,-1000,-127700000,126.4(-1.10 %),0,0,1000,127700000,5296944,2.94
23/11/2020,-1590,-201989000,127.1(0.55 %),0,0,1590,201989000,5298534,2.93
24/11/2020,-2240,-284704000,0(0.00 %),0,0,2240,284704000,5300774,2.91
25/11/2020,-10,-1280000,127.5(-1.16 %),0,0,10,1280000,5296944,2.94
26/11/2020,0,0,127.8(0.24 %),0,0,0,0,5296944,2.94
27/11/2020,-1340,-171090000,127.8(0.00 %),0,0,1340,171090000,5300774,2.91
30/11/2020,-3420,-436240000,127.7(-0.08 %),0,0,3420,436240000,5300784,2.91
01/12/2020,0,0,126.8(-0.70 %),0,0,0,0,5300784,2.91
02/12/2020,-1000,-126800000,126(-0.63 %),0,0,1000,126800000,5301784,2.9
03/12/2020,-9990,-1267720000,128(1.59 %),10,1280000,10000,1269000000,5311774,2.81
04/12/2020,0,0,127.9(-0.08 %),0,0,0,0,5305534,2.86
07/12/2020,-5400,-692010000,132.1(3.28 %),0,0,5400,692010000,5317174,2.76
08/12/2020,-2590,-345280000,133.5(1.06 %),10,1320000,2600,346600000,5319764,2.74
09/12/2020,-203,-271480000,133.9(0.30 %),0,0,203,271480000,5316524,2.77
10/12/2020,0,0,131.2(-2.02 %),0,0,0,0,5321924,2.72
11/12/2020,-5690,-761395000,134(2.13 %),310,41205000,6000,802600000,5327484,2.67
14/12/2020,3130,414945000,133(-0.75 %),3150,417605000,20,2660000,5324354,2.7
15/12/2020,10,1330000,133(0.00 %),10,1330000,0,0,5323084,2.71
16/12/2020,-430,-56760000,130.8(-1.65 %),0,0,430,56760000,5324774,2.7
17/12/2020,-220,-28653000,129(-1.38 %),160,20928000,380,49581000,5324994,2.7
18/12/2020,-9640,-1229853000,129.9(0.70 %),0,0,9640,1229853000,5334634,2.61
21/12/2020,-310,-40390000,129(-0.69 %),190,24560000,500,64950000,5334944,2.61
22/12/2020,0,0,129.5(0.39 %),0,0,0,0,5329564,2.66
23/12/2020,-265,-338510000,127.6(-1.47 %),0,0,265,338510000,5339204,2.57
24/12/2020,160,20650000,127.1(-0.39 %),160,20650000,0,0,5339544,2.57
25/12/2020,-11250,-1457017000,131.6(3.54 %),230,30655000,11480,1487672000,5348684,2.49
28/12/2020,-2010,-267400000,132(0.30 %),0,0,2010,267400000,5341964,2.55
29/12/2020,-12600,-1684050000,136.1(3.11 %),0,0,12600,1684050000,5363294,2.36
30/12/2020,-60,0,137.5(1.03 %),40,0,100,0,5363354,2.36
31/12/2020,-12,-16350000,137.9(0.29 %),0,0,12,16350000,5355414,2.43
04/01/2021,-1820,-2525220000,139.5(1.16 %),50,69110000,1870,2594330000,5367514,2.33
05/01/2021,-22500,-3160950000,146.5(5.02 %),0,0,22500,3160950000,5390014,2.13
06/01/2021,-10,-15170000,144.2(-1.57 %),300,440300000,310,455470000,5364734,2.35
07/01/2021,-1420,-2099080000,154(6.80 %),0,0,1420,2099080000,5383434,2.19
08/01/2021,0,0,150.1(-2.53 %),0,0,0,0,5405934,1.99
11/01/2021,0,0,156(3.93 %),0,0,0,0,5409034,1.96
12/01/2021,0,0,153.1(-1.86 %),0,0,0,0,5423234,1.84
13/01/2021,0,0,152(-0.72 %),0,0,0,0,5404314,2.01
14/01/2021,0,0,149.3(-1.78 %),0,0,0,0,5404314,2.01
15/01/2021,0,0,149.3(0.00 %),0,0,0,0,5423234,1.84
18/01/2021,-100,-15950000,153.3(2.68 %),0,0,100,15950000,5404414,2.01
19/01/2021,0,0,146(-4.76 %),0,0,0,0,5423234,1.84
20/01/2021,0,0,150.5(3.08 %),0,0,0,0,5404414,2.01
21/01/2021,0,0,157.5(4.65 %),0,0,0,0,5404414,1.91
22/01/2021,0,0,159(0.95 %),0,0,0,0,5404414,2.01
25/01/2021,0,0,170.1(6.98 %),0,0,0,0,5423314,1.84
26/01/2021,0,0,178.9(5.17 %),0,0,0,0,5404414,2.01
27/01/2021,100,17410000,172(-3.86 %),100,17410000,0,0,5404314,2.01
28/01/2021,0,0,160(-6.98 %),0,0,0,0,5423214,1.84
29/01/2021,400,63200000,158(-1.25 %),400,63200000,0,0,5403914,2.01
01/02/2021,70,109980000,149(-5.70 %),70,109980000,0,0,5422084,1.85
02/02/2021,-800,-116480000,157(5.37 %),0,0,800,116480000,5423584,1.84
03/02/2021,0,0,162(3.18 %),0,0,0,0,5423584,1.84
04/02/2021,2500,394000000,160(-1.23 %),2500,394000000,0,0,5421084,1.86
05/02/2021,0,0,157.3(-1.69 %),0,0,0,0,5421084,1.86
08/02/2021,400,61750000,153(-2.73 %),400,61750000,0,0,5420684,1.86
09/02/2021,110,172100000,156(1.96 %),110,172100000,0,0,5418884,1.88
17/02/2021,700,113260000,166.9(6.99 %),1200,196210000,500,82950000,5418884,1.88
18/02/2021,9900,1714610000,175(4.85 %),11000,1909400000,1100,194790000,5408984,1.97
19/02/2021,6900,1211990000,174.5(-0.29 %),6900,1211990000,0,0,5402084,2.03
22/02/2021,-200,-34360000,174.5(0.00 %),400,70230000,600,104590000,5402284,2.02
23/02/2021,40,69580000,178(2.01 %),60,104560000,20,34980000,5400384,2.04
24/02/2021,100,173970000,175(-1.69 %),180,312690000,80,138720000,5398584,2.06
25/02/2021,-50,-92830000,187.2(6.97 %),20,36670000,70,129500000,5398984,2.05
26/02/2021,130,259670000,200.3(7.00 %),160,318770000,30,59100000,5397584,2.06
01/03/2021,30,65190000,214.3(6.99 %),70,149080000,40,83890000,5397684,2.06
02/03/2021,570,1258860000,215.2(0.42 %),720,1583870000,150,325010000,5391184,2.12
03/03/2021,300,63540000,211.6(-1.67 %),600,127580000,300,64040000,5392384,2.11
04/03/2021,900,195480000,216(2.08 %),1000,216980000,100,21500000,5391484,2.12
05/03/2021,160,342000000,213.5(-1.16 %),210,449190000,50,107190000,5389684,2.13
08/03/2021,750,1680990000,228.4(6.98 %),750,1680990000,0,0,5382484,2.2
09/03/2021,3500,819350000,234.4(2.63 %),5200,1218930000,1700,399580000,5378884,2.23
10/03/2021,1700,398480000,234.5(0.04 %),3200,749460000,1500,350980000,5377184,2.24
11/03/2021,100,23410000,232.2(-0.98 %),1500,350170000,1400,326760000,5377084,2.24
12/03/2021,0,50000,228.5(-1.59 %),1100,254050000,1100,254000000,5377084,2.24
15/03/2021,-90,-201270000,224.5(-1.75 %),110,247180000,200,448450000,5374234,2.27
16/03/2021,600,133350000,225(0.22 %),600,133350000,0,0,5377384,2.24
17/03/2021,130,294970000,234(4.84 %),130,294970000,0,0,5374834,2.26
18/03/2021,400,91630000,234.4(0.17 %),600,138340000,200,46710000,5375684,2.25
19/03/2021,400,93240000,234(-0.17 %),900,209710000,500,116470000,5375284,2.26
22/03/2021,10,24380000,231(-1.28 %),60,139240000,50,114860000,5374734,2.26
23/03/2021,-300,-68850000,227.8(-1.39 %),200,45420000,500,114270000,5375484,2.26
24/03/2021,-500,-112880000,225.9(-0.83 %),200,45460000,700,158340000,5375984,2.25
25/03/2021,-20,-46590000,222.1(-1.68 %),40,88780000,60,135370000,5375134,2.26
26/03/2021,10,21690000,221.5(-0.27 %),40,88410000,30,66720000,5375234,2.26
29/03/2021,450,1011330000,225(1.58 %),470,1056100000,20,44770000,5371234,2.29
30/03/2021,60,134960000,227.7(1.20 %),60,134960000,0,0,5371234,2.29
31/03/2021,-500,-113170000,222(-2.50 %),200,45260000,700,158430000,5371484,2.29
01/04/2021,-4200,-942430000,222(0.00 %),400,89650000,4600,1032080000,5371534,2.29
02/04/2021,-500,-1104660000,221(-0.45 %),60,133350000,560,1238010000,5370534,2.3
05/04/2021,-5900,-1306160000,219.7(-0.59 %),200,44620000,6100,1350780000,5382434,2.2
06/04/2021,-280,-615350000,218.1(-0.73 %),0,0,280,615350000,5375634,2.26
07/04/2021,-140,-304480000,217.5(-0.28 %),110,239690000,250,544170000,5380134,2.22
08/04/2021,1100,239910000,217.4(-0.05 %),1800,392720000,700,152810000,5385534,2.17
09/04/2021,0,2690000,222.5(2.35 %),60,133880000,60,131190000,5386634,2.16
12/04/2021,-500,-113990000,230(3.37 %),200,45520000,700,159510000,5386034,2.16
13/04/2021,-100,-22280000,224.9(-2.22 %),100,22760000,200,45040000,5386134,2.16
14/04/2021,-70,-158200000,230(2.27 %),40,90730000,110,248930000,5671484,2.03
15/04/2021,-200,-44940000,227.4(-1.13 %),300,68730000,500,113670000,5387034,2.31
16/04/2021,-600,-134450000,223.9(-1.54 %),100,22640000,700,157090000,5387634,4.6
19/04/2021,-700,-158830000,239.5(6.97 %),300,70140000,1000,228970000,5388334,4.59
20/04/2021,-400,-91890000,238(-0.63 %),500,123050000,900,214940000,5388734,4.59
22/04/2021,-10,-25480000,238(0.00 %),40,96070000,50,121550000,5673084,2.02
23/04/2021,-200,-47070000,235(-1.26 %),200,46650000,400,93720000,5389034,4.59
26/04/2021,1200,275230000,226(-3.83 %),1500,343700000,300,68470000,5387834,4.6
27/04/2021,200,45200000,224(-0.88 %),700,156660000,500,111460000,5387634,4.6
28/04/2021,1300,291840000,225(0.45 %),1600,359050000,300,67210000,5386334,4.61
29/04/2021,120,272760000,228.8(1.69 %),120,272760000,0,0,5670984,2.04
04/05/2021,90,205190000,229(0.09 %),90,205190000,0,0,5670584,2.04
05/05/2021,500,113700000,225.4(-1.57 %),500,113700000,0,0,5670984,2.14
06/05/2021,-900,-203260000,225(-0.18 %),200,44980000,1100,248240000,5671884,2.13
07/05/2021,0,10000,224.2(-0.36 %),600,133200000,600,133190000,5671884,2.13
10/05/2021,3700,813790000,220(-1.87 %),4000,880040000,300,66250000,5668184,2.16
11/05/2021,-900,-197660000,224(1.82 %),1000,220120000,1900,417780000,5669084,2.15
12/05/2021,90,200710000,225.9(0.85 %),90,200710000,0,0,5665384,2.08
13/05/2021,200,44180000,223.9(-0.89 %),500,111420000,300,67240000,5667984,2.16
14/05/2021,100,23860000,232(3.62 %),300,70240000,200,46380000,5667884,2.06
17/05/2021,30,72550000,241.9(4.27 %),40,96640000,10,24090000,5666384,2.07
18/05/2021,300,75300000,240(-0.79 %),700,171260000,400,95960000,5667284,2.07
19/05/2021,0,-410000,239(-0.42 %),200,47170000,200,47580000,5667284,2.07
20/05/2021,-30,-71100000,232.9(-2.55 %),0,0,30,71100000,5666084,2.08
21/05/2021,120,278270000,232(-0.39 %),140,324650000,20,46380000,5665084,2.08
24/05/2021,1300,295460000,227(-2.16 %),2200,502270000,900,206810000,5665084,2.08
25/05/2021,500,113220000,226(-0.44 %),500,113220000,0,0,5664584,2.09
26/05/2021,1000,225300000,226(0.00 %),1000,225300000,0,0,5663584,2.1
27/05/2021,-500,-111550000,222.9(-1.37 %),100,22400000,600,133950000,5664084,2.09
28/05/2021,100,218780000,226.9(1.79 %),150,329800000,50,111020000,5661384,2.11
31/05/2021,40,90630000,227(0.04 %),40,90630000,0,0,5660984,2.12
01/06/2021,3000,672440000,223.7(-1.45 %),3000,672440000,0,0,5661584,2.11
02/06/2021,100,22500000,225(0.58 %),100,22500000,0,0,5661484,2.11
03/06/2021,160,361340000,227(0.89 %),160,361340000,0,0,5657384,2.15
04/06/2021,160,363370000,229(0.88 %),160,363370000,0,0,5655784,2.16
07/06/2021,6600,1435030000,213(-6.99 %),6700,1456820000,100,21790000,5651684,2.2
08/06/2021,270,540580000,198.5(-6.81 %),360,721500000,90,180920000,5645484,2.25
09/06/2021,1900,385520000,202.5(2.02 %),4200,838000000,2300,452480000,5647084,2.23
10/06/2021,440,891570000,198.8(-1.83 %),620,1253950000,180,362380000,5635184,2.33
11/06/2021,1770,3548340000,203(2.11 %),1770,3548340000,0,0,5618384,2.47
14/06/2021,770,1540960000,200(-1.48 %),810,1621230000,40,80270000,5612584,2.52
15/06/2021,2200,438260000,199(-0.50 %),2300,458100000,100,19840000,5615084,2.5
16/06/2021,700,136730000,194.3(-2.36 %),1900,372130000,1200,235400000,5614384,2.5
17/06/2021,160,307480000,194.3(0.00 %),230,443590000,70,136110000,5608284,2.55
18/06/2021,2300,443050000,193(-0.67 %),2300,443050000,0,0,5610484,2.54
21/06/2021,100,19160000,194.8(0.93 %),300,58140000,200,38980000,5610384,2.54
22/06/2021,13300,2614590000,202(3.70 %),13700,2693390000,400,78800000,5597084,2.65
23/06/2021,9700,1937510000,199(-1.49 %),11100,2217860000,1400,280350000,5587384,2.73
24/06/2021,70,143060000,197.9(-0.55 %),230,457950000,160,314890000,5580784,2.78
25/06/2021,-200,-391120000,195.9(-1.01 %),10,19700000,210,410820000,5581084,2.78
28/06/2021,-40,-81170000,204.3(4.29 %),60,125170000,100,206340000,5581884,2.77
29/06/2021,3500,717120000,205.4(0.54 %),3600,737610000,100,20490000,5585584,2.74
30/06/2021,360,727270000,202.6(-1.36 %),390,787620000,30,60350000,5578084,2.8
01/07/2021,-100,-20120000,198(-2.27 %),500,98500000,600,118620000,5579084,2.8
02/07/2021,180,358950000,202(2.02 %),270,537310000,90,178360000,5575984,2.82
05/07/2021,110,219720000,199(-1.49 %),120,239800000,10,20080000,5575084,2.83
06/07/2021,9900,1969070000,193.6(-2.71 %),10200,2028320000,300,59250000,5566284,2.9
07/07/2021,1100,2095620000,191(-1.34 %),1130,2153650000,30,58030000,5555084,3.0
08/07/2021,1100,2084970000,190.5(-0.26 %),1210,2293570000,110,208600000,5543084,3.09
09/07/2021,-5600,-1046930000,184(-3.41 %),700,130070000,6300,1177000000,5549884,3.04
12/07/2021,4300,762510000,172(-6.52 %),5500,975280000,1200,212770000,5545584,3.07
13/07/2021,1100,189090000,172(0.00 %),1200,206140000,100,17050000,5544484,3.08
14/07/2021,-40,-67850000,170(-1.16 %),90,152090000,130,219940000,5542734,3.1
15/07/2021,2100,354140000,171(0.59 %),2500,422140000,400,68000000,5542784,3.1
16/07/2021,-400,-68390000,169(-1.17 %),100,17210000,500,85600000,5543184,3.09
19/07/2021,40,65710000,164.8(-2.49 %),80,132750000,40,67040000,5541844,3.1
20/07/2021,1000,164760000,167.1(1.40 %),1100,181240000,100,16480000,5541784,3.11
21/07/2021,650,1111700000,172.5(3.23 %),680,1164180000,30,52480000,5534844,3.16
22/07/2021,20,34360000,172.4(-0.06 %),20,34360000,0,0,5535044,3.16
23/07/2021,4300,739350000,168.5(-2.26 %),4500,773140000,200,33790000,5530784,3.2
26/07/2021,100,16540000,168(-0.30 %),500,83820000,400,67280000,5530684,3.2
27/07/2021,570,974560000,171.3(1.96 %),570,974560000,0,0,5524744,3.25
28/07/2021,1260,2181020000,173.3(1.17 %),1260,2181020000,0,0,5512344,3.35
29/07/2021,5800,1003690000,172.9(-0.23 %),5900,1020940000,100,17250000,5506584,3.4
30/07/2021,-600,-103640000,173(0.06 %),400,68490000,1000,172130000,5507184,3.39
02/08/2021,3200,544280000,170.5(-1.45 %),3800,646660000,600,102380000,5506444,3.4
03/08/2021,11100,1879170000,168.5(-1.17 %),11300,1913060000,200,33890000,5495344,3.49
04/08/2021,9300,1569830000,168.4(-0.06 %),9300,1569830000,0,0,5486044,3.57
05/08/2021,8100,1372160000,169.6(0.71 %),8100,1372160000,0,0,5477944,3.63
06/08/2021,7200,1220920000,169.5(-0.06 %),7200,1220920000,0,0,5470744,3.69
09/08/2021,1700,287180000,169(-0.29 %),1700,287180000,0,0,5469044,3.71
10/08/2021,10900,1870430000,176(4.14 %),10900,1870430000,0,0,5458144,3.8
11/08/2021,-1400,-276180000,181.6(3.18 %),8400,1532600000,9800,1808780000,5459544,3.79
12/08/2021,6100,1105290000,178.6(-1.65 %),6500,1177050000,400,71760000,5453444,3.84
13/08/2021,8100,670700000,177.7(-0.50 %),8400,670700000,300,0,5445344,3.9
16/08/2021,4600,808450000,175(-1.52 %),4700,826140000,100,17690000,5440744,3.94
17/08/2021,1000,175800000,175(0.00 %),1000,175800000,0,0,5443344,3.92
18/08/2021,2300,403370000,176.8(1.03 %),2300,403370000,0,0,5438444,3.96
19/08/2021,600,106230000,178.5(0.96 %),600,106230000,0,0,5437844,3.97
20/08/2021,-100,-15430000,176.6(-1.06 %),1000,177690000,1100,193120000,5437944,3.97
23/08/2021,800,139030000,171.7(-2.77 %),1200,208850000,400,69820000,5437144,3.97
24/08/2021,-1400,-239070000,172(0.17 %),100,17000000,1500,256070000,5438544,3.96
25/08/2021,-1400,-237570000,169.1(-1.69 %),200,34020000,1600,271590000,5439944,3.95
26/08/2021,1300,222080000,171(1.12 %),1400,239080000,100,17000000,5438644,3.96
27/08/2021,1000,170910000,171.2(0.12 %),1000,170910000,0,0,5437644,3.97
30/08/2021,1700,296040000,174.9(2.16 %),1700,296040000,0,0,5435944,3.98
31/08/2021,3800,662890000,174(-0.51 %),3800,662890000,0,0,5432144,4.01
01/09/2021,1600,277440000,173(-0.57 %),1600,277440000,0,0,5427444,4.05
06/09/2021,1800,313840000,179.8(3.93 %),1800,313840000,0,0,5425644,4.07
07/09/2021,1000,178100000,177.5(-1.28 %),1000,178100000,0,0,5424644,4.08
08/09/2021,-500,-88380000,177(-0.28 %),100,17760000,600,106140000,5425144,4.07
09/09/2021,100,18040000,181(2.26 %),100,18040000,0,0,5425044,4.07
10/09/2021,500,89630000,187.5(3.59 %),800,146020000,300,56390000,5424544,4.08
13/09/2021,200,38560000,195.4(4.21 %),300,58060000,100,19500000,5424344,4.08
14/09/2021,100,18370000,195(-0.20 %),300,57270000,200,38900000,5424244,4.08
15/09/2021,300,58130000,194.5(-0.26 %),500,96730000,200,38600000,5423944,4.08
16/09/2021,-100,-19850000,196(0.77 %),100,19370000,200,39220000,5424044,4.08
17/09/2021,-2800,-559140000,200(2.04 %),600,118580000,3400,677720000,5426844,4.06
20/09/2021,-1900,-389990000,205.8(2.90 %),200,41520000,2100,431510000,5428744,4.04
21/09/2021,-15700,-3152460000,203.9(-0.92 %),100,19730000,15800,3172190000,5444444,3.91
22/09/2021,-1000,-202180000,203(-0.44 %),0,0,1000,202180000,5445444,3.9
23/09/2021,-700,-141150000,200(-1.48 %),0,0,700,141150000,5446144,3.9
24/09/2021,3400,676150000,198(-1.00 %),3900,775100000,500,98950000,5442744,3.93
27/09/2021,-1300,-257090000,197.1(-0.45 %),0,0,1300,257090000,5444044,3.91
28/09/2021,-400,-77840000,196.5(-0.30 %),400,78040000,800,155880000,5444444,3.91
29/09/2021,-1400,-276580000,201(2.29 %),400,79200000,1800,355780000,5445844,3.9
30/09/2021,2200,442230000,202.9(0.95 %),2200,442230000,0,0,5443644,3.92
01/10/2021,700,129770000,211(3.99 %),8500,1741350000,7800,1611580000,5441844,3.93
04/10/2021,-700,-147230000,212(0.47 %),0,0,700,147230000,5442544,3.93
05/10/2021,-800,-167780000,211(-0.47 %),0,0,800,167780000,5443344,3.92
06/10/2021,-900,-188010000,210.9(-0.05 %),200,41140000,1100,229150000,5444244,0.0
07/10/2021,-500,-104960000,209.1(-0.85 %),200,42200000,700,147160000,5444744,0.0
08/10/2021,-300,-63540000,209.5(0.19 %),0,0,300,63540000,5445044,0.0
11/10/2021,-1400,-250986000,211.8(1.10 %),300,41831000,1700,292817000,5446444,0.0
12/10/2021,-800,-168690000,209.6(-1.04 %),1000,210000000,1800,378690000,5447244,0.0
13/10/2021,-700,-146370000,207(-1.24 %),100,20990000,800,167360000,5447944,0.0
14/10/2021,-1100,-227750000,206.9(-0.05 %),600,123440000,1700,351190000,5449044,0.0
15/10/2021,-1000,-205720000,210(1.50 %),300,61930000,1300,267650000,5450044,0.0
18/10/2021,-900,-185300000,206.9(-1.48 %),100,20500000,1000,205800000,5450944,0.0
19/10/2021,-2000,-406060000,202.9(-1.93 %),0,0,2000,406060000,5452944,0.0
20/10/2021,-2000,-400500000,198(-2.41 %),100,19930000,2100,420430000,5454944,0.0
21/10/2021,0,-360000,197.5(-0.25 %),300,58410000,300,58770000,5452944,0.0
22/10/2021,100,19610000,196.6(-0.46 %),100,19610000,0,0,5452844,0.0
25/10/2021,1700,331600000,195.9(-0.36 %),1800,351100000,100,19500000,5451144,0.0
26/10/2021,-500,-97720000,195.8(-0.05 %),100,19510000,600,117230000,5451644,0.0
27/10/2021,-1800,-355750000,199.8(2.04 %),600,118060000,2400,473810000,5453444,0.0
28/10/2021,-1100,-220190000,199.9(0.05 %),0,0,1100,220190000,5454544,3.83
29/10/2021,9200,1822580000,196(-1.95 %),10300,2040560000,1100,217980000,5445344,3.9
01/11/2021,9600,1870510000,191(-2.55 %),16700,3233890000,7100,1363380000,5446244,3.9
02/11/2021,1600,314110000,187.9(-1.62 %),12600,2376830000,11000,2062720000,5444644,3.91
03/11/2021,0,0,187.8(-0.05 %),0,0,0,0,5444644,4.91
04/11/2021,0,0,187(-0.43 %),0,0,0,0,5444644,4.91
05/11/2021,0,0,192.5(2.94 %),0,0,0,0,5444644,4.91
08/11/2021,1400,265420000,189.9(-1.35 %),2100,398380000,700,132960000,5443244,4.92
09/11/2021,8700,1635720000,189.9(0.00 %),9400,1768500000,700,132780000,5434544,4.99
10/11/2021,3000,563934000,189.5(-0.21 %),3300,620327400,300,56393400,5431544,0.0
11/11/2021,2400,451000000,189(-0.26 %),3300,620600000,900,169600000,5432144,5.01
12/11/2021,-600,-112310000,188.4(-0.32 %),200,37300000,800,149610000,5432744,5.01
15/11/2021,200,37410000,186.5(-1.01 %),700,130660000,500,93250000,5432544,5.01
16/11/2021,-500,-94400000,188(0.80 %),400,74600000,900,169000000,5433044,5.01
17/11/2021,-2200,-413390000,187.7(-0.16 %),500,92630000,2700,506020000,5435244,4.99
18/11/2021,400,74490000,186.5(-0.64 %),1100,204950000,700,130460000,5434844,4.99
19/11/2021,-1500,-278440000,186.1(-0.21 %),300,55240000,1800,333680000,5436344,4.98
22/11/2021,-1600,-292550000,182.8(-1.77 %),200,36700000,1800,329250000,5437944,4.97
23/11/2021,1000,177520000,180(-1.53 %),1500,268380000,500,90860000,5436944,4.97
24/11/2021,-400,-71960000,184.3(2.39 %),200,36280000,600,108240000,5437344,4.97
25/11/2021,4700,873600000,186(0.92 %),4700,873600000,0,0,5432644,5.01
26/11/2021,6800,1263980000,186(0.00 %),7000,1301160000,200,37180000,5425844,0.0
29/11/2021,100,0,182.5(-1.88 %),500,0,400,0,5425744,0.0
30/11/2021,200,36170000,182.9(0.22 %),700,127470000,500,91300000,5425644,5.07
01/12/2021,-100,-18340000,183.3(0.22 %),0,0,100,18340000,5535294,4.16
02/12/2021,-200,-36580000,182.8(-0.27 %),0,0,200,36580000,5535494,4.16
03/12/2021,100,18130000,181.8(-0.55 %),300,54590000,200,36460000,5535394,4.16
06/12/2021,0,-1320000,175.1(-3.69 %),500,87730000,500,89050000,5535394,4.16
07/12/2021,-100,-17790000,178.2(1.77 %),0,0,100,17790000,5535494,4.16
08/12/2021,400,71610000,180(1.01 %),500,89500000,100,17890000,5535094,4.16
09/12/2021,-100,-18380000,178.9(-0.61 %),100,17600000,200,35980000,5535194,0.0
10/12/2021,-200,-35680000,178.5(-0.22 %),0,0,200,35680000,5535394,4.16
13/12/2021,600,108600000,177(-0.84 %),600,108600000,0,0,5534794,4.16
14/12/2021,-100,-17890000,176.6(-0.23 %),0,0,100,17890000,5534894,4.16
15/12/2021,0,0,177(0.23 %),0,0,0,0,5534894,4.16
16/12/2021,-300,-53070000,176.9(-0.06 %),0,0,300,53070000,5535194,4.16
17/12/2021,-200,-35960000,179.7(1.58 %),0,0,200,35960000,5535394,4.16
20/12/2021,-400,-72540000,181(0.72 %),0,0,400,72540000,5535794,4.15
21/12/2021,300,54200000,181.4(0.22 %),900,163390000,600,109190000,5535494,0.0
22/12/2021,900,162670000,179(-1.32 %),900,162670000,0,0,5534594,4.16
23/12/2021,-400,0,172.5(-3.63 %),0,0,400,0,5534994,0.0
24/12/2021,0,0,176.9(2.55 %),0,0,0,0,5534594,4.16
27/12/2021,2200,405900000,182(2.88 %),4500,812770000,2300,406870000,5531494,4.19
28/12/2021,-2600,-373630000,142(2.68 %),800,115320000,3400,488950000,5534094,2.18
29/12/2021,-2100,-292840000,138(-2.82 %),100,13800000,2200,306640000,5532894,4.18
30/12/2021,-1300,-174330000,135.4(-1.88 %),0,0,1300,174330000,5536294,4.15
31/12/2021,-1600,-213750000,135(-0.30 %),100,13400000,1700,227150000,5538394,4.13
04/01/2022,4900,657750000,134.8(-0.15 %),5000,671160000,100,13410000,5534694,4.16
05/01/2022,400,53970000,135.4(0.45 %),900,121320000,500,67350000,5535494,4.16
06/01/2022,2700,358930000,133.1(-1.70 %),3700,493930000,1000,135000000,5531894,4.19
07/01/2022,5000,668080000,133.5(0.30 %),5300,708170000,300,40090000,5527094,4.23
10/01/2022,13600,1447966900,133.5(0.00 %),14500,1567523800,900,119556900,5513594,4.34
11/01/2022,4900,647500000,132(-1.12 %),5300,700180000,400,52680000,5508594,4.38
12/01/2022,6100,782340000,128.5(-2.65 %),6900,886320000,800,103980000,5502674,4.43
13/01/2022,1000,128330000,129.2(0.54 %),2500,322470000,1500,194140000,5500574,4.45
14/01/2022,-1500,-193320000,129(-0.15 %),100,12840000,1600,206160000,5501274,4.44
17/01/2022,4400,557870000,126.9(-1.63 %),5000,634510000,600,76640000,5497774,4.47
18/01/2022,3400,418990000,125.3(-1.26 %),3700,456990000,300,38000000,5495674,4.49
19/01/2022,8900,1102130000,124(-1.04 %),10300,1276040000,1400,173910000,5485974,4.57
20/01/2022,2100,261730000,124.9(0.24 %),2200,274220000,100,12490000,5484074,4.58
21/01/2022,-37100,-4791570000,130.8(4.56 %),500,65090000,37600,4856660000,5484974,4.58
24/01/2022,-2600,-344910000,128(-2.14 %),3200,416230000,5800,761140000,5481874,4.6
25/01/2022,2100,268350000,128(0.00 %),3700,473300000,1600,204950000,5515774,4.32
26/01/2022,2200,269436300,129.1(0.86 %),3000,372078700,800,102642400,5518574,4.3
27/01/2022,0,-200000,128.9(-0.15 %),200,25580000,200,25780000,5519974,4.29
28/01/2022,-5800,-743560000,128.3(-0.47 %),0,0,5800,743560000,5520774,4.28
07/02/2022,1400,182570000,130(1.33 %),1700,221870000,300,39300000,5519274,4.29
08/02/2022,-5400,-708300000,131.3(1.00 %),1100,143590000,6500,851890000,5523974,4.25
09/02/2022,-2900,-395100000,135.5(3.20 %),3200,431540000,6100,826640000,5521074,4.28
10/02/2022,-1100,-149490000,134.9(-0.44 %),1200,162600000,2300,312090000,5526374,4.23
11/02/2022,-5600,-765020000,137(1.56 %),1600,216970000,7200,981990000,5530874,4.2
14/02/2022,-400,-54230000,135.5(-1.09 %),400,54170000,800,108400000,5532774,4.18
15/02/2022,-4600,-637750000,138.8(2.44 %),1200,164310000,5800,802060000,5538774,4.13
16/02/2022,600,82980000,138(-0.58 %),800,110720000,200,27740000,5538774,4.13
17/02/2022,-200,-27780000,137.7(-0.22 %),100,13770000,300,41550000,5544474,4.08
18/02/2022,1400,192440000,138(0.22 %),1400,192440000,0,0,5543274,4.09
21/02/2022,200,27670000,138.8(0.58 %),200,27670000,0,0,5543374,4.09
22/02/2022,-2700,-374260000,138(-0.58 %),600,82890000,3300,457150000,5542774,4.1
23/02/2022,-800,-113000000,141(2.17 %),1500,211300000,2300,324300000,5541274,4.11
24/02/2022,-2800,-397700000,140(-0.71 %),1200,168130000,4000,565830000,5543374,4.09
25/02/2022,-200,-28260000,140.7(0.50 %),0,0,200,28260000,5545674,4.07
28/02/2022,-200,-28090000,137.7(-2.13 %),400,55600000,600,83690000,5549274,4.04
01/03/2022,4200,582600000,139(0.94 %),4200,582600000,0,0,5545274,4.08
02/03/2022,-1500,-205540000,136.3(-1.94 %),700,95950000,2200,301490000,5545174,4.08
03/03/2022,-1500,-201490000,134.5(-1.32 %),2600,351810000,4100,553300000,5542574,4.1
04/03/2022,-6400,-856570000,131.6(-2.16 %),700,94410000,7100,950980000,5544074,4.09
07/03/2022,-3800,-503170000,134(1.82 %),1600,213270000,5400,716440000,5546574,4.07
08/03/2022,-2600,-346050000,134(0.00 %),1500,200180000,4100,546230000,5552174,4.02
09/03/2022,-400,-53340000,132.6(-1.04 %),1100,145760000,1500,199100000,5556474,3.98
10/03/2022,-5000,-662170000,132.3(-0.23 %),400,53050000,5400,715220000,5560174,3.95
11/03/2022,-1700,-224850000,132.1(-0.15 %),500,66010000,2200,290860000,5561174,3.94
14/03/2022,200,26530000,130.1(-1.51 %),800,105030000,600,78500000,5565774,3.91
15/03/2022,-300,-39080000,130.6(0.38 %),500,65080000,800,104160000,5567474,3.89
16/03/2022,0,0,131.8(0.92 %),0,0,0,0,5568074,3.89
17/03/2022,0,0,131(-0.61 %),0,0,0,0,5568874,3.88
18/03/2022,-200,-26270000,131(0.00 %),0,0,200,26270000,5568874,3.88
21/03/2022,-10600,-1389260000,131(0.00 %),0,0,10600,1389260000,5568874,3.88
22/03/2022,0,60000,131.5(0.38 %),100,13160000,100,13100000,5568974,3.88
23/03/2022,800,105600000,132.1(0.46 %),900,118800000,100,13200000,5578674,3.8
24/03/2022,600,79440000,132(-0.08 %),700,92690000,100,13250000,5578074,3.8
25/03/2022,-200,-26330000,137(3.79 %),0,0,200,26330000,5578174,3.8
28/03/2022,5400,727990000,135.4(-1.17 %),6300,850360000,900,122370000,5571974,3.86
29/03/2022,-700,-96550000,138(1.92 %),900,123150000,1600,219700000,5571274,3.86
30/03/2022,700,97000000,137.5(-0.36 %),1200,166500000,500,69500000,5570974,3.86
31/03/2022,0,0,137.1(-0.29 %),0,0,0,0,5572574,3.85
01/04/2022,800,109490000,137.5(0.29 %),800,109490000,0,0,5572274,3.85
04/04/2022,-800,-117000000,145(5.45 %),1300,184470000,2100,301470000,5570974,3.86
05/04/2022,-2600,-371140000,145(0.00 %),1600,229460000,4200,600600000,5569374,3.88
06/04/2022,800,115750000,145(0.00 %),800,115750000,0,0,5570674,3.87
07/04/2022,-200,-28520000,143.8(-0.83 %),300,43080000,500,71600000,5570874,2.03
08/04/2022,500,70830000,140.2(-2.50 %),600,85200000,100,14370000,5573974,3.84
12/04/2022,-3300,-462250000,140.5(0.21 %),500,70000000,3800,532250000,5577274,2.01
13/04/2022,-3200,-443690000,140.5(0.00 %),0,0,3200,443690000,5573974,3.84
14/04/2022,-200,-28130000,141.4(0.64 %),0,0,200,28130000,5577874,3.81
15/04/2022,-10400,-1359512600,150(6.08 %),800,115703200,11200,1475215800,5580274,3.79
18/04/2022,-2200,-336280000,154.6(3.07 %),0,0,2200,336280000,5580474,3.78
19/04/2022,1000,152890000,153(-1.03 %),2600,398860000,1600,245970000,5589074,3.71
20/04/2022,-100,-16070000,150.9(-1.37 %),600,90920000,700,106990000,5577974,2.0
21/04/2022,-3800,-567100000,145.1(-3.84 %),1700,252350000,5500,819450000,5590574,3.7
22/04/2022,900,129570000,145.8(0.48 %),2500,362730000,1600,233160000,5588774,3.72
25/04/2022,-1200,-171610000,140(-3.98 %),600,82870000,1800,254480000,5593674,3.68
26/04/2022,400,48080000,139(-0.71 %),3200,435600000,2800,387520000,5592074,3.69
27/04/2022,-100,-13940000,138(-0.72 %),100,13740000,200,27680000,5593774,3.67
28/04/2022,-100,-13900000,139.6(1.16 %),0,0,100,13900000,5596574,3.65
29/04/2022,-100,-14050000,139.5(-0.07 %),200,27710000,300,41760000,5596574,3.65
04/05/2022,-900,-125830000,140(0.36 %),0,0,900,125830000,5596674,3.65
05/05/2022,600,83710000,139(-0.71 %),1400,196000000,800,112290000,5596074,1.92
06/05/2022,-700,-96670000,138.1(-0.65 %),100,13810000,800,110480000,5596374,3.65
09/05/2022,400,52400000,131(-5.14 %),1900,248900000,1500,196500000,5595274,3.66
10/05/2022,1300,170040000,130.8(-0.15 %),1400,183120000,100,13080000,5594674,3.67
11/05/2022,-200,-26270000,134.9(3.13 %),0,0,200,26270000,5594874,1.93
12/05/2022,0,1080000,132.9(-1.48 %),1500,197660000,1500,196580000,5594874,1.93
13/05/2022,-1100,-141100000,128.6(-3.24 %),500,64260000,1600,205360000,5594474,3.67
16/05/2022,-1700,-215900000,127(-1.24 %),0,0,1700,215900000,5595974,3.66
17/05/2022,-2100,-268170000,127.7(0.55 %),800,102160000,2900,370330000,5596774,3.65
18/05/2022,-1900,-248140000,130.6(2.27 %),0,0,1900,248140000,10602935,3.79
19/05/2022,1800,232200000,129(-1.23 %),1800,232200000,0,0,10604035,3.79
20/05/2022,1900,245100000,129(0.00 %),2300,296700000,400,51600000,10603635,3.79
23/05/2022,0,245100000,128.9(-0.08 %),0,296700000,0,51600000,10603635,3.79
24/05/2022,0,0,128.8(-0.08 %),200,25760000,200,25760000,10603835,3.79
25/05/2022,-2200,-287540000,130.7(1.48 %),100,13070000,2300,300610000,10603735,3.79
26/05/2022,500,65000000,130(-0.54 %),1100,143000000,600,78000000,10602835,3.8
27/05/2022,100,13090000,130.9(0.69 %),300,39270000,200,26180000,10604835,3.79
30/05/2022,200,26720000,133.6(2.06 %),200,26720000,0,0,10605235,3.78
31/05/2022,100,13010000,130.1(-0.76 %),500,65050000,400,52040000,10604935,3.79
01/06/2022,-700,-90020000,128.6(-1.15 %),0,0,700,90020000,10604935,3.79
02/06/2022,400,51320000,128.3(-0.23 %),1100,141130000,700,89810000,10604235,3.79
03/06/2022,-1700,-215900000,127(-1.01 %),100,12700000,1800,228600000,10604835,3.79
06/06/2022,-47000,-5912210000,125(-1.57 %),100,12710000,47100,5924920000,10605435,3.78
07/06/2022,-17300,-2145200000,124(-0.80 %),0,0,17300,2145200000,10607235,3.78
08/06/2022,-500,-62000000,124(0.00 %),0,0,500,62000000,10654335,3.57
09/06/2022,-3700,-458430000,123.9(-0.08 %),0,0,3700,458430000,10671635,3.5
10/06/2022,-900,-110610000,122.9(-0.81 %),0,0,900,110610000,10672135,3.49
13/06/2022,-1700,-197030000,115.9(-5.70 %),1700,197030000,3400,394060000,10674135,3.48
14/06/2022,-6800,-760240000,111.8(-3.54 %),100,11180000,6900,771420000,10674935,3.48
15/06/2022,-1500,-165000000,110(-1.61 %),800,88000000,2300,253000000,10677489,3.47
16/06/2022,800,87200000,109(-0.91 %),1700,185300000,900,98100000,10682689,3.45
17/06/2022,-500,-51000000,102(-6.42 %),200,20400000,700,71400000,10684789,3.44
20/06/2022,300,30660000,96.9(-5.00 %),1600,161750000,1300,131090000,10684089,3.44
21/06/2022,1900,190000000,100(3.20 %),2100,210000000,200,20000000,10682689,3.45
22/06/2022,-200,-20280000,101.4(1.40 %),0,0,200,20280000,10683989,3.44
23/06/2022,-3700,-382950000,103.5(2.07 %),700,72450000,4400,455400000,10683489,3.44
24/06/2022,400,42000000,105(1.45 %),400,42000000,0,0,10683289,3.44
27/06/2022,700,70880000,97.7(-6.95 %),2600,258990000,1900,188110000,10685089,3.44
28/06/2022,2600,256100000,98.5(0.82 %),3400,334900000,800,78800000,10681689,3.45
29/06/2022,100,9960000,99.7(1.22 %),100,9960000,0,0,10683489,3.44
30/06/2022,-12700,-1243330000,97.9(-1.81 %),0,0,12700,1243330000,10684289,3.44
01/07/2022,-600,-57000000,95(-2.96 %),600,57000000,1200,114000000,10683689,3.44
04/07/2022,-16100,-1493930000,91.4(-3.79 %),1000,93180000,17100,1587110000,10683689,3.44
05/07/2022,200,17080000,85.4(-6.56 %),200,17080000,0,0,10696389,3.39
06/07/2022,3300,288420000,87.4(2.34 %),3500,305900000,200,17480000,10709989,3.33
07/07/2022,3100,277450000,89.5(2.40 %),3100,277450000,0,0,10706889,3.34
08/07/2022,-200,35600000,91.4(2.12 %),0,44500000,200,8900000,10707089,0.0
11/07/2022,400,35600000,89(-2.63 %),500,44500000,100,8900000,10705889,3.35
12/07/2022,800,72800000,91(2.25 %),1000,91000000,200,18200000,10704889,3.35
13/07/2022,1000,90100000,90.1(-0.99 %),1000,90100000,0,0,10703989,3.35
14/07/2022,400,36240000,90.6(0.55 %),400,36240000,0,0,10703789,3.36
15/07/2022,1100,100100000,91(0.44 %),1200,109200000,100,9100000,10702589,3.36
18/07/2022,-800,-76000000,95(4.40 %),1300,123500000,2100,199500000,10701289,3.37
19/07/2022,-2200,-211200000,96(1.05 %),1100,105600000,3300,316800000,10700289,3.37
20/07/2022,500,47000000,94(-2.08 %),700,65800000,200,18800000,10701689,3.36
21/07/2022,-1500,-139800000,93.2(-0.85 %),0,0,1500,139800000,10704989,3.35
22/07/2022,-3700,84240000,93.6(0.43 %),700,93600000,4400,9360000,10704189,3.35
25/07/2022,9800,912380000,93.1(-0.53 %),9900,921690000,100,9310000,10695789,3.39
26/07/2022,-400,-36800000,92(-1.18 %),200,18400000,600,55200000,10695689,3.39
27/07/2022,-700,-64400000,92(0.00 %),100,9200000,800,73600000,10695689,3.39
28/07/2022,400,37520000,93.8(1.96 %),400,37520000,0,0,10695889,3.39
29/07/2022,300,27900000,93(-0.85 %),300,27900000,0,0,10696389,3.39
01/08/2022,0,27900000,93.3(0.32 %),0,27900000,0,0,10696389,3.39
02/08/2022,300,28230000,94.1(0.86 %),400,37640000,100,9410000,10695989,3.39
03/08/2022,-18000,-1699200000,94.4(0.32 %),2400,226560000,20400,1925760000,10693589,3.4
04/08/2022,1300,124150000,95.5(1.17 %),1400,133700000,100,9550000,10692289,3.41
05/08/2022,300,29160000,97.2(1.78 %),1300,126360000,1000,97200000,10711389,3.32
08/08/2022,100,9700000,97(-0.21 %),300,29100000,200,19400000,10711189,3.32
09/08/2022,-1600,-158400000,99(2.06 %),1600,158400000,3200,316800000,10710589,3.33
10/08/2022,600,58800000,98(-1.01 %),600,58800000,0,0,10710189,3.33
11/08/2022,-800,-77440000,96.8(-1.22 %),100,9680000,900,87120000,10713289,3.31
12/08/2022,600,58080000,96.8(0.00 %),700,67760000,100,9680000,10712589,3.32
15/08/2022,1700,167280000,98.4(1.65 %),1800,177120000,100,9840000,10711689,3.32
16/08/2022,11600,1151880000,99.3(0.91 %),12700,1261110000,1100,109230000,10699089,3.38
17/08/2022,-200,-19700000,98.5(-0.81 %),200,19700000,400,39400000,10698939,3.38
18/08/2022,-300,-29640000,98.8(0.30 %),0,0,300,29640000,10700039,3.37
19/08/2022,800,80720000,100.9(2.13 %),800,80720000,0,0,10699639,3.37
22/08/2022,-1900,-190000000,100(-0.89 %),200,20000000,2100,210000000,10699739,3.37
23/08/2022,400,40360000,100.9(0.90 %),500,50450000,100,10090000,10699239,3.37
24/08/2022,1900,191710000,100.9(0.00 %),2500,252250000,600,60540000,10698839,3.38
25/08/2022,1700,170850000,100.5(-0.40 %),1700,170850000,0,0,10697239,3.38
26/08/2022,2000,197400000,98.7(0.71 %),4100,404670000,2100,207270000,10693739,3.4
29/08/2022,-3100,-300080000,96.8(-1.93 %),100,9680000,3200,309760000,10693639,3.4
30/08/2022,-1800,-175320000,97.4(0.62 %),0,0,1800,175320000,10695739,3.39
31/08/2022,-1400,-136360000,97.4(0.00 %),0,0,1400,136360000,10698939,3.38
05/09/2022,-500,-48550000,97.1(-0.31 %),200,19420000,700,67970000,10700539,3.37
06/09/2022,600,57600000,96(-1.13 %),600,57600000,0,0,10701339,3.37
07/09/2022,-6100,-577670000,94.7(-1.35 %),0,0,6100,577670000,10702130,3.36
08/09/2022,-2500,-233750000,93.5(-1.27 %),0,0,2500,233750000,10702130,3.36
09/09/2022,-500,-46600000,93.2(-0.32 %),700,65240000,1200,111840000,10707530,3.34
12/09/2022,169,-46600000,93.8(0.64 %),264,65240000,95,111840000,10709766,3.33
13/09/2022,0,-46600000,93.7(-0.11 %),0,65240000,0,111840000,10710966,3.32
14/09/2022,600,-46600000,93(-0.75 %),600,65240000,0,111840000,10710461,3.33
15/09/2022,0,55800000,92.5(-0.54 %),0,55800000,0,0,0,3.33
16/09/2022,62,5642000,91(-1.62 %),500,45500000,438,39858000,10709961,3.33
19/09/2022,-1400,-126000000,90(-1.10 %),200,18000000,1600,144000000,10711361,3.32
20/09/2022,0,-126000000,90.4(0.44 %),0,18000000,0,144000000,10710199,3.33
21/09/2022,0,-126000000,89.6(-0.88 %),0,18000000,0,144000000,10711799,3.32
22/09/2022,0,-126000000,88.9(-0.78 %),0,18000000,0,144000000,10711799,3.32
23/09/2022,-30,-2655000,88.5(-0.45 %),0,0,30,2655000,10711799,3.32
26/09/2022,-16100,-1391040000,86.4(-2.37 %),0,0,16100,1391040000,10711799,3.32
27/09/2022,-42284,-3551856000,84(-2.78 %),0,0,42284,3551856000,10711829,3.32
28/09/2022,300,25170000,83.9(-0.12 %),300,25170000,0,0,10727629,3.25
29/09/2022,1500,125850000,83.9(0.00 %),1500,125850000,0,0,10768413,3.07
30/09/2022,-4500,-378000000,84(0.12 %),0,0,4500,378000000,10768413,3.07
03/10/2022,5400,442800000,82(-2.38 %),5400,442800000,0,0,10763013,3.1
04/10/2022,12450,1033350000,83(1.22 %),12700,1054100000,250,20750000,10754813,3.13
05/10/2022,0,0,84(1.20 %),300,25200000,300,25200000,10754513,3.13
06/10/2022,-4300,-356900000,83(-1.19 %),900,74700000,5200,431600000,10753863,3.14
07/10/2022,700,54040000,77.2(-6.99 %),700,54040000,0,0,10753463,3.14
10/10/2022,-300,-23700000,79(2.33 %),0,0,300,23700000,10758663,3.12
11/10/2022,-1400,-109760000,78.4(-0.76 %),0,0,1400,109760000,10758663,3.12
12/10/2022,100,8010000,80.1(2.17 %),300,24030000,200,16020000,10758663,3.12
13/10/2022,500,39750000,79.5(-0.75 %),500,39750000,0,0,10759563,3.11
14/10/2022,0,0,80.1(0.75 %),400,32040000,400,32040000,10759363,3.11
17/10/2022,600,48180000,80.3(0.25 %),700,56210000,100,8030000,10758663,3.12
18/10/2022,800,65360000,81.7(1.74 %),800,65360000,0,0,10758263,3.12
19/10/2022,900,73560000,82.3(0.73 %),900,73560000,0,0,10757363,3.12
20/10/2022,-100,-8160000,81.6(-0.85 %),0,0,100,8160000,10757563,3.12
21/10/2022,7100,545110000,75.9(-6.99 %),8200,632140000,1100,87030000,10750363,3.15
24/10/2022,1000,74790000,75.9(0.00 %),1100,82350000,100,7560000,10748263,3.16
25/10/2022,-35300,-2640030000,76.2(0.40 %),1200,89670000,36500,2729700000,10783563,3.01
26/10/2022,3800,290490000,76.1(-0.13 %),4800,366690000,1000,76200000,10779763,3.02
27/10/2022,200,17930000,80.7(6.04 %),1400,108940000,1200,91010000,10778563,3.03
28/10/2022,-200,-16000000,80(-0.87 %),800,64000000,1000,80000000,10778763,3.03
31/10/2022,600,46200000,77(-3.75 %),600,46200000,0,0,10779363,3.03
01/11/2022,6900,552000000,80(3.90 %),9100,728000000,2200,176000000,10771263,3.06
02/11/2022,11200,901600000,80.5(0.62 %),13700,1102850000,2500,201250000,10757563,3.12
03/11/2022,-16400,-1295600000,79(-1.86 %),0,0,16400,1295600000,10759763,3.11
04/11/2022,-6400,-512000000,80(1.27 %),0,0,6400,512000000,10762263,3.1
07/11/2022,-3700,-284900000,77(-3.75 %),200,15400000,3900,300300000,10778463,3.03
08/11/2022,-3000,-240000000,80(3.90 %),900,72000000,3900,312000000,10783963,3.01
09/11/2022,-2000,-155200000,77.6(-3.00 %),1000,77600000,3000,232800000,10786863,2.99
10/11/2022,-10675,-789950000,74(-4.64 %),1800,133200000,12475,923150000,10788963,2.98
11/11/2022,1600,119200000,74.5(0.68 %),2300,171350000,700,52150000,10789663,2.98
14/11/2022,1363,97181900,71.3(-4.30 %),1963,139961900,600,42780000,10800175,2.94
15/11/2022,4000,265600000,66.4(-6.87 %),4000,265600000,0,0,10796875,2.95
16/11/2022,-75715,-5330336000,70.4(6.02 %),6624,466329600,82339,5796665600,10790851,2.98
17/11/2022,-1000,-71500000,71.5(1.56 %),400,28600000,1400,100100000,10790451,2.98
18/11/2022,600,41640000,69.4(-2.94 %),1000,69400000,400,27760000,10871790,2.62
21/11/2022,1500,108750000,72.5(4.47 %),1500,108750000,0,0,10871690,2.62
22/11/2022,1500,111000000,74(2.07 %),2300,170200000,800,59200000,10869790,2.63
23/11/2022,-200,-14600000,73(-1.35 %),500,36500000,700,51100000,10869290,2.63
24/11/2022,800,57840000,72.3(-0.96 %),900,65070000,100,7230000,10869190,2.63
25/11/2022,-1400,-105420000,75.3(4.15 %),0,0,1400,105420000,10869890,2.63
28/11/2022,900,72450000,80.5(6.91 %),900,72450000,0,0,10868990,2.64
29/11/2022,3100,256680000,82.8(2.86 %),3600,298080000,500,41400000,10865890,2.65
30/11/2022,7800,650520000,83.4(0.72 %),8000,667200000,200,16680000,10858090,2.68
01/12/2022,11200,924000000,82.5(-1.08 %),11600,957000000,400,33000000,10847290,2.73
02/12/2022,0,0,82.1(-0.48 %),1300,106730000,1300,106730000,10847290,0.0
05/12/2022,1353,111487200,82.4(0.37 %),1355,111652000,2,164800,10845937,2.74
06/12/2022,628,51684400,82.3(-0.12 %),1000,82300000,372,30615600,10845309,0.0
07/12/2022,-700,-57470000,82.1(-0.24 %),300,24630000,1000,82100000,10846009,2.74
08/12/2022,-1100,-89650000,81.5(-0.73 %),0,0,1100,89650000,10846109,2.73
09/12/2022,-100,-8250000,82.5(1.23 %),0,0,100,8250000,10847109,2.73
12/12/2022,100,8250000,82.5(0.00 %),400,33000000,300,24750000,10847109,2.73
13/12/2022,-200,-16520000,82.6(0.12 %),200,16520000,400,33040000,10847309,2.73
14/12/2022,3300,272910000,82.7(0.12 %),3300,272910000,0,0,10844009,0.0
15/12/2022,-14500,-1200600000,82.8(0.12 %),500,41400000,15000,1242000000,10858509,0.0
16/12/2022,400,33080000,82.7(-0.12 %),400,33080000,0,0,10858109,2.68
19/12/2022,0,0,82.1(-0.73 %),600,49260000,600,49260000,10858109,0.0
20/12/2022,-500,-40250000,80.5(-1.95 %),100,8050000,600,48300000,10858609,2.68
21/12/2022,-400,-32040000,80.1(-0.50 %),100,8010000,500,40050000,10859009,2.68
22/12/2022,-500,-40150000,80.3(0.25 %),200,16060000,700,56210000,10859509,2.68
23/12/2022,0,-40150000,79.9(-0.50 %),0,16060000,0,56210000,10859509,2.68
26/12/2022,-500,-39000000,78(-2.38 %),200,15600000,700,54600000,10860009,2.67
27/12/2022,0,0,78(0.00 %),100,7800000,100,7800000,10860009,0.0
28/12/2022,-100,-7800000,78(0.00 %),0,0,100,7800000,10860109,2.67
29/12/2022,0,-7800000,78.7(0.90 %),0,0,0,7800000,10861109,2.67
30/12/2022,100,7710000,77.1(-2.03 %),300,23130000,200,15420000,10860909,2.67
03/01/2023,-100,-7950000,79.5(3.11 %),0,0,100,7950000,10860909,2.67
04/01/2023,600,47700000,79.5(0.00 %),700,55650000,100,7950000,10860409,2.67
05/01/2023,-300,-23880000,79.6(0.13 %),0,0,300,23880000,10860509,2.67
06/01/2023,-100,-7960000,79.6(0.00 %),0,0,100,7960000,10860609,2.67
09/01/2023,-5400,-430920000,79.8(0.25 %),0,0,5400,430920000,10860909,2.67
10/01/2023,800,63760000,79.7(-0.13 %),1000,79700000,200,15940000,10860009,2.67
11/01/2023,-1400,-111020000,79.3(-0.50 %),700,55510000,2100,166530000,10864709,2.65
12/01/2023,0,-111020000,79.6(0.38 %),0,55510000,0,166530000,10864909,2.65
13/01/2023,-1300,-103740000,79.8(0.25 %),0,0,1300,103740000,10867009,2.64
16/01/2023,-200,-15960000,79.8(0.00 %),0,0,200,15960000,10867009,2.64
17/01/2023,0,-15960000,80(0.25 %),0,0,0,15960000,10868309,2.64
18/01/2023,-2100,-168420000,80.2(0.25 %),0,0,2100,168420000,10868509,2.64
19/01/2023,-800,-68640000,85.8(6.98 %),0,0,800,68640000,10868509,2.64
27/01/2023,0,-68640000,91.8(6.99 %),0,0,0,68640000,10870609,2.63
30/01/2023,3100,300700000,97(5.66 %),3500,339500000,400,38800000,10867909,2.64
31/01/2023,-1400,-135800000,97(0.00 %),100,9700000,1500,145500000,10867809,2.64
01/02/2023,300,28560000,95.2(-1.86 %),2500,238000000,2200,209440000,10865709,2.65
02/02/2023,1000,95200000,95.2(0.00 %),1900,180880000,900,85680000,10865309,2.65
03/02/2023,1600,151360000,94.6(-0.63 %),2200,208120000,600,56760000,10865309,2.65
06/02/2023,5900,565220000,95.8(1.27 %),6200,593960000,300,28740000,10860009,2.67
07/02/2023,3600,344520000,95.7(-0.10 %),3800,363660000,200,19140000,10856809,2.69
08/02/2023,1700,160650000,94.5(-1.25 %),2100,198450000,400,37800000,10855009,2.7
09/02/2023,-1000,-93700000,93.7(-0.85 %),500,46850000,1500,140550000,10854709,2.7
10/02/2023,600,55200000,92(-1.81 %),1100,101200000,500,46000000,10854009,2.7
13/02/2023,400,35600000,89(-3.26 %),400,35600000,0,0,10855109,2.7
14/02/2023,-700,-62020000,88.6(-0.45 %),0,0,700,62020000,10855609,2.69
15/02/2023,800,72000000,90(1.58 %),1100,99000000,300,27000000,10854509,2.7
16/02/2023,-300,-27000000,90(0.00 %),0,0,300,27000000,10855209,2.7
17/02/2023,-100,-9000000,90(0.00 %),100,9000000,200,18000000,10855409,2.69
20/02/2023,-700,-65380000,93.4(3.78 %),0,0,700,65380000,10855709,2.69
21/02/2023,-1300,-120250000,92.5(-0.96 %),0,0,1300,120250000,10855909,2.69
22/02/2023,300,27300000,91(-1.62 %),400,36400000,100,9100000,10856209,2.69
23/02/2023,-400,-36000000,90(-1.10 %),0,0,400,36000000,10857509,2.69
24/02/2023,0,-36000000,89.5(-0.56 %),0,0,0,36000000,10857509,2.69
27/02/2023,-317,-27959400,88.2(-1.45 %),0,0,317,27959400,10858009,2.68
28/02/2023,1400,124600000,89(0.91 %),1700,151300000,300,26700000,10856309,2.69
01/03/2023,-231,-20559000,89(0.00 %),200,17800000,431,38359000,10856426,2.69
02/03/2023,-300,-26640000,88.8(-0.22 %),0,0,300,26640000,10856726,2.69
03/03/2023,-605,-52877000,87.4(-1.58 %),0,0,605,52877000,10857157,2.69
06/03/2023,-300,-26070000,86.9(-0.57 %),500,43450000,800,69520000,10856957,2.69
07/03/2023,-1468,-128450000,87.5(0.69 %),136,11900000,1604,140350000,10857426,2.69
08/03/2023,-700,-60900000,87(-0.57 %),0,0,700,60900000,10858226,2.68
09/03/2023,-2400,-209040000,87.1(0.11 %),0,0,2400,209040000,10859830,2.68
10/03/2023,-14300,-1239810000,86.7(-0.46 %),200,17340000,14500,1257150000,10860330,2.67
13/03/2023,-13525,-1156387500,85.5(-1.38 %),634,54207000,14159,1210594500,10873855,0.0
14/03/2023,-7400,-621600000,84(-1.75 %),600,50400000,8000,672000000,10875996,2.6
15/03/2023,-3503,-299856800,85.6(1.90 %),1300,111280000,4803,411136800,10888855,2.55
16/03/2023,-2600,-219960000,84.6(-1.17 %),600,50760000,3200,270720000,10896255,2.52
17/03/2023,200,16780000,83.9(-0.83 %),200,16780000,0,0,10900858,2.5
20/03/2023,600,49860000,83.1(-0.95 %),600,49860000,0,0,10903458,2.49
21/03/2023,-6300,-36000000,83.4(0.36 %),200,0,6500,36000000,10903258,2.49
22/03/2023,800,66400000,82.9(-0.60 %),800,66400000,0,0,10902458,2.49
23/03/2023,2000,164900000,83(0.12 %),2000,164900000,0,0,10900458,2.5
24/03/2023,-4200,-346260000,82.6(-0.48 %),800,66000000,5000,412260000,10904658,2.48
27/03/2023,0,0,84.3(2.06 %),0,0,0,0,10904658,2.48
28/03/2023,400,34400000,86(2.02 %),700,60200000,300,25800000,10904258,0.0
29/03/2023,800,67840000,84.8(-1.40 %),800,67840000,0,0,10909658,2.46
30/03/2023,1002,86472600,86.3(1.77 %),1002,86472600,0,0,10908956,2.46
31/03/2023,2172,187878000,86.5(0.23 %),2172,187878000,0,0,10906784,2.47
03/04/2023,8700,772560000,88.8(2.66 %),8700,772560000,0,0,10898084,2.51
04/04/2023,100,8970000,89.7(1.01 %),100,8970000,0,0,10897984,2.51
05/04/2023,1300,116610000,89.7(0.00 %),1300,116610000,0,0,10896684,2.51
06/04/2023,500,45400000,90.8(1.23 %),1700,154360000,1200,108960000,10894984,2.52
07/04/2023,458,41082600,89.7(-1.21 %),500,44850000,42,3767400,10894484,2.52
10/04/2023,0,41082600,89(-0.78 %),0,44850000,0,3767400,10895684,2.52
11/04/2023,600,53700000,89.5(0.56 %),600,53700000,0,0,10895126,2.52
12/04/2023,700,63350000,90.5(1.12 %),700,63350000,0,0,10894426,2.52
13/04/2023,-3100,-280860000,90.6(0.11 %),400,36240000,3500,317100000,10894026,2.53
14/04/2023,0,-280860000,89.8(-0.88 %),0,36240000,0,317100000,10894026,2.53
17/04/2023,-1195,-104562500,87.5(0.23 %),1213,106137500,2408,210700000,10896308,2.52
18/04/2023,-4700,-415950000,88.5(1.14 %),0,0,4700,415950000,10896308,2.52
19/04/2023,100,8750000,87.5(-1.13 %),100,8750000,0,0,10898616,2.51
20/04/2023,-1200,-107460000,89.3(2.06 %),0,0,1200,107460000,10899816,2.5
21/04/2023,-1824,-174192000,95.5(6.94 %),695,66372500,2519,240564500,10902621,2.49
24/04/2023,5400,530280000,98.2(2.83 %),7300,716860000,1900,186580000,10896521,2.52
25/04/2023,11500,1084450000,94.3(-3.97 %),11700,1103310000,200,18860000,10887340,2.56
26/04/2023,2100,206220000,98.2(4.14 %),2400,235680000,300,29460000,10886840,2.56
27/04/2023,27200,2729300000,99.5(1.32 %),29100,2918780000,1900,189480000,10859640,2.68
28/04/2023,10300,1017230000,97.7(-1.81 %),10300,1017230000,0,0,10849340,2.72
04/05/2023,9100,894530000,102(4.40 %),9100,894530000,0,0,10847840,2.73
05/05/2023,600,62850000,108.9(6.76 %),2600,276600000,2000,213750000,10838040,2.77
08/05/2023,1400,153630000,107.6(-1.19 %),1700,186160000,300,32530000,10836340,2.78
09/05/2023,-100,-10490000,106(-1.49 %),0,0,100,10490000,10838340,2.77
10/05/2023,1000,105000000,107(0.94 %),1000,105000000,0,0,10837340,2.77
11/05/2023,900,96300000,105.4(-1.50 %),1000,107000000,100,10700000,10836740,2.78
12/05/2023,0,0,105.8(0.38 %),0,0,0,0,10836740,2.78
15/05/2023,1900,198870000,103.9(-1.80 %),1900,198870000,0,0,10834840,2.78
16/05/2023,1500,155150000,103.1(-0.77 %),1500,155150000,0,0,10833340,2.79
17/05/2023,100,10280000,102.6(-0.48 %),100,10280000,0,0,10833240,2.79
18/05/2023,1200,122530000,103.1(0.49 %),1200,122530000,0,0,10832040,2.8
19/05/2023,2000,206600000,102.9(-0.19 %),2000,206600000,0,0,10830040,2.8
22/05/2023,-700,-72030000,103.4(0.49 %),0,0,700,72030000,10830740,2.8
23/05/2023,-10300,-1055950000,101.7(-1.64 %),6000,621000000,16300,1676950000,10841040,2.76
24/05/2023,0,0,101.5(-0.20 %),0,0,0,0,10841040,2.76
25/05/2023,-400,-41130000,101.7(0.20 %),200,20160000,600,61290000,10841440,2.76
26/05/2023,0,0,101.8(0.10 %),0,0,0,0,10841440,2.76
29/05/2023,1000,102170000,104.1(2.26 %),1400,143350000,400,41180000,10840440,2.76
30/05/2023,3700,381930000,103.7(-0.38 %),3700,381930000,0,0,10836740,2.78
31/05/2023,2700,284180000,106.2(2.41 %),2700,284180000,0,0,10834040,2.79
01/06/2023,-9700,-1017830000,105.4(-0.75 %),1100,115910000,10800,1133740000,10834192,2.79
02/06/2023,7500,790700000,105(-0.38 %),7500,790700000,0,0,10826692,2.82
05/06/2023,-300,-31550000,104(-0.95 %),700,73450000,1000,105000000,10826992,2.82
06/06/2023,-2100,-212250000,104.5(0.48 %),4400,455330000,6500,667580000,10829092,2.81
07/06/2023,1300,134730000,104.1(-0.38 %),2000,207140000,700,72410000,10827792,2.81
08/06/2023,-2500,-265920000,105.9(1.73 %),1000,106600000,3500,372520000,10830292,2.8
09/06/2023,1000,109180000,112(5.76 %),1300,142630000,300,33450000,10829292,2.81
12/06/2023,200,21690000,112(0.00 %),3100,345990000,2900,324300000,10829092,2.81
13/06/2023,900,98010000,111(-0.89 %),1800,198050000,900,100040000,10828192,2.81
14/06/2023,1300,141860000,109(-1.80 %),1400,152760000,100,10900000,10826892,2.82
15/06/2023,200,21640000,109(0.00 %),300,32540000,100,10900000,10826692,2.82
16/06/2023,-1300,-141750000,110(0.92 %),1700,187020000,3000,328770000,10834592,2.79
19/06/2023,-600,-65510000,108.8(-1.09 %),0,0,600,65510000,10834692,2.78
20/06/2023,-500,-54470000,109.8(0.92 %),200,21660000,700,76130000,10835192,2.78
21/06/2023,-800,-87210000,110.9(1.00 %),1700,185690000,2500,272900000,10836392,2.78
22/06/2023,-7900,-862680000,109.2(-1.53 %),0,0,7900,862680000,10844292,2.74
23/06/2023,0,40000,109.3(0.09 %),200,21860000,200,21820000,10844292,2.74
26/06/2023,1500,165540000,112(2.47 %),2100,231640000,600,66100000,10845230,2.74
27/06/2023,1700,193110000,113.9(1.70 %),2100,238640000,400,45530000,10843530,2.75
28/06/2023,-100,-11290000,113(-0.79 %),0,0,100,11290000,10843630,2.75
29/06/2023,-800,-89550000,110.8(-1.95 %),100,11080000,900,100630000,10844430,2.74
30/06/2023,-400,-45030000,112.2(1.26 %),500,55680000,900,100710000,10844830,2.74
03/07/2023,800,89860000,113.3(0.98 %),900,101090000,100,11230000,10843860,2.74
04/07/2023,100,10920000,113.7(0.35 %),700,79290000,600,68370000,10843760,2.75
05/07/2023,1000,113360000,113.1(-0.53 %),1100,124760000,100,11400000,10842760,2.75
06/07/2023,1400,158510000,113.1(0.00 %),1400,158510000,0,0,10842264,2.75
07/07/2023,100,11310000,114.6(1.33 %),300,34120000,200,22810000,10842064,2.75
10/07/2023,200,23140000,115.7(0.96 %),400,46210000,200,23070000,10841864,2.75
11/07/2023,1000,115450000,114.5(-1.04 %),1000,115450000,0,0,10840864,2.76
12/07/2023,11100,1265470000,114(-0.44 %),11100,1265470000,0,0,10829764,2.81
13/07/2023,-2700,-305800000,114(0.00 %),500,56810000,3200,362610000,10832464,2.79
14/07/2023,0,-80000,114.1(0.09 %),300,34120000,300,34200000,11129190,2.74
17/07/2023,-3700,-424010000,115.8(1.49 %),2800,323050000,6500,747060000,11132890,2.79
18/07/2023,-76200,-8520500000,109(-5.87 %),2000,223660000,78200,8744160000,11209090,2.46
19/07/2023,-45200,-4788210000,105.8(-2.94 %),4700,504110000,49900,5292320000,11129730,2.73
20/07/2023,8000,866490000,106(0.19 %),8600,931330000,600,64840000,11121730,2.84
21/07/2023,3000,318420000,106(0.00 %),6600,700750000,3600,382330000,11118730,2.85
24/07/2023,2400,253000000,105.2(-0.75 %),6000,631240000,3600,378240000,11237230,2.28
25/07/2023,600,62930000,105.2(0.00 %),600,62930000,0,0,11240230,2.27
26/07/2023,600,62870000,105(-0.19 %),600,62870000,0,0,11239630,2.33
27/07/2023,-3200,-332190000,103.6(-1.33 %),0,0,3200,332190000,11242830,2.31
28/07/2023,-1300,-133810000,103.5(-0.10 %),1000,102600000,2300,236410000,11244130,2.31
31/07/2023,600,62920000,105.9(2.32 %),2200,230780000,1600,167860000,11243530,2.31
01/08/2023,1300,137600000,105.1(-0.76 %),1300,137600000,0,0,11243230,2.31
02/08/2023,0,30000,105.5(0.38 %),1000,105640000,1000,105610000,11243230,2.31
03/08/2023,-13100,-1373150000,103.2(-2.18 %),100,10500000,13200,1383650000,11256330,2.25
04/08/2023,-5000,-519680000,103.8(0.58 %),0,0,5000,519680000,11245730,2.24
07/08/2023,1000,105150000,105.8(1.93 %),1200,126310000,200,21160000,11244730,2.31
08/08/2023,-300,-32830000,106.9(1.04 %),1700,181570000,2000,214400000,11245030,2.3
09/08/2023,-2700,-288400000,106(-0.84 %),0,0,2700,288400000,11247730,2.29
10/08/2023,-1500,-157390000,106.5(0.47 %),500,53250000,2000,210640000,11249230,2.29
11/08/2023,800,84140000,106(-0.47 %),1000,105250000,200,21110000,11248430,2.29
14/08/2023,300,31530000,105(-0.94 %),300,31530000,0,0,11266130,2.16
15/08/2023,500,52930000,105.9(0.86 %),500,52930000,0,0,11265830,2.16
16/08/2023,200,20700000,103.8(0.39 %),200,20700000,0,0,11265630,2.16
17/08/2023,-4600,-474830000,104.7(0.87 %),0,0,4600,474830000,11270230,2.19
18/08/2023,-600,-62080000,100.4(-4.11 %),1600,163720000,2200,225800000,11264030,2.16
21/08/2023,100,10080000,99.9(-0.50 %),200,20080000,100,10000000,11268430,2.15
22/08/2023,1800,180320000,100.9(1.00 %),1800,180320000,0,0,11268830,2.14
23/08/2023,100,10090000,100.2(-0.69 %),100,10090000,0,0,11268830,2.14
24/08/2023,300,30050000,100.6(0.40 %),300,30050000,0,0,11268530,2.2
25/08/2023,200,20280000,101.4(0.80 %),200,20280000,0,0,11268330,2.15
28/08/2023,200,20140000,100.2(-1.18 %),400,40320000,200,20180000,11268130,2.2
29/08/2023,0,100000,100.4(0.20 %),100,10140000,100,10040000,11267830,2.15
30/08/2023,700,70290000,100.5(0.10 %),700,70290000,0,0,11267130,2.21
31/08/2023,700,70480000,100.7(0.20 %),700,70480000,0,0,11266785,2.15
05/09/2023,2500,253670000,102.2(1.49 %),2600,263890000,100,10220000,11264185,2.16
06/09/2023,1800,184130000,102.8(0.59 %),1900,194360000,100,10230000,11262385,2.23
07/09/2023,900,93510000,103.7(0.88 %),900,93510000,0,0,11261485,2.18
08/09/2023,100,10540000,104.4(0.68 %),200,21020000,100,10480000,11261385,2.18
11/09/2023,-600,-61940000,102.8(-1.53 %),0,0,600,61940000,11261385,2.18
12/09/2023,-2000,-205090000,101.6(-1.17 %),200,20370000,2200,225460000,11261285,2.18
13/09/2023,300,31040000,103.1(1.48 %),600,61940000,300,30900000,11261285,2.18
14/09/2023,900,92590000,102.4(-0.68 %),1200,123490000,300,30900000,11262285,2.17
15/09/2023,700,71570000,103(0.59 %),700,71570000,0,0,11261885,2.17
18/09/2023,0,0,102.6(-0.39 %),0,0,0,0,11261885,2.23
19/09/2023,-1900,-193970000,103(0.39 %),2200,224840000,4100,418810000,11263885,2.22
20/09/2023,-8700,-898340000,103.5(0.49 %),1100,113530000,9800,1011870000,11272585,2.18
21/09/2023,-1200,-123620000,103.8(0.29 %),800,82480000,2000,206100000,11273785,2.18
22/09/2023,-1700,-175470000,103.4(-0.39 %),800,81790000,2500,257260000,11271367,2.13
25/09/2023,-4600,-473510000,101.3(-2.03 %),100,10220000,4700,483730000,11273267,2.13
26/09/2023,-800,-80970000,102(0.69 %),0,0,800,80970000,11275767,2.11
27/09/2023,-400,-40350000,101(-0.98 %),200,20130000,600,60480000,11276167,2.17
28/09/2023,-200,-20330000,101.5(0.50 %),100,10060000,300,30390000,11276367,2.17
29/09/2023,200,20320000,100.6(-0.89 %),200,20320000,0,0,11281367,2.09
02/10/2023,-300,-30920000,103(2.39 %),1100,112800000,1400,143720000,11280567,2.09
03/10/2023,-1300,-134070000,103(0.00 %),200,20430000,1500,154500000,11280367,2.1
04/10/2023,-12200,-1246690000,105(1.94 %),600,61350000,12800,1308040000,11292567,2.1
05/10/2023,-10000,-1078550000,105(0.00 %),1700,181790000,11700,1260340000,11281005,2.09
06/10/2023,-16500,-1733890000,106.8(1.71 %),800,84040000,17300,1817930000,11297505,2.08
09/10/2023,-1500,-168900000,111.9(4.78 %),2500,275090000,4000,443990000,11299005,2.07
10/10/2023,-5400,-604530000,111.9(0.00 %),1200,134310000,6600,738840000,11318305,1.93
11/10/2023,1900,212330000,112.5(0.54 %),1900,212330000,0,0,11320405,1.93
12/10/2023,100,12350000,111.6(-0.80 %),2100,235680000,2000,223330000,11324905,1.91
13/10/2023,700,77170000,110.4(-1.08 %),1000,110200000,300,33030000,11323905,1.91
16/10/2023,-1800,-201000000,111.7(1.18 %),1500,167510000,3300,368510000,11324405,1.91
17/10/2023,-1300,-144350000,110.6(-0.98 %),400,44400000,1700,188750000,11324305,1.91
18/10/2023,-10200,-1122190000,108(-2.35 %),900,99160000,11100,1221350000,11326705,1.9
19/10/2023,-1600,-171580000,107(-0.93 %),300,32370000,1900,203950000,11328105,1.89
20/10/2023,2300,253430000,112(4.67 %),2400,264320000,100,10890000,11336805,1.86
23/10/2023,700,76930000,111.9(-0.09 %),1900,210280000,1200,133350000,11336805,1.86
24/10/2023,-200,-22320000,109.1(-2.50 %),500,54860000,700,77180000,11337005,1.9
25/10/2023,-800,-87300000,109(-0.09 %),400,43750000,1200,131050000,11336405,1.86
26/10/2023,-2200,-231880000,104.2(-4.40 %),0,0,2200,231880000,11337905,1.85
27/10/2023,-600,-63180000,106(1.73 %),900,94590000,1500,157770000,11338205,1.85
30/10/2023,0,0,104.1(-1.79 %),0,0,0,0,11340405,1.84
31/10/2023,-5700,-583880000,102.5(-1.54 %),0,0,5700,583880000,11341905,1.83
01/11/2023,4100,421970000,103.4(0.88 %),5300,543320000,1200,121350000,11336605,1.86
02/11/2023,400,41390000,104.8(1.35 %),1000,103580000,600,62190000,11336205,1.91
03/11/2023,-1300,-135280000,103.7(-1.05 %),0,0,1300,135280000,11337505,1.9
06/11/2023,-200,-20700000,104(0.29 %),0,0,200,20700000,11337705,1.9
07/11/2023,1700,175520000,103.9(-0.10 %),1900,196270000,200,20750000,11336005,1.91
08/11/2023,1000,103520000,105(1.06 %),1000,103520000,0,0,11341769,1.83
09/11/2023,600,62900000,105(0.00 %),600,62900000,0,0,11341369,1.84
10/11/2023,1900,199540000,104.6(-0.38 %),1900,199540000,0,0,11339469,1.84
13/11/2023,-1400,-145780000,104.8(0.19 %),0,0,1400,145780000,11339469,1.84
14/11/2023,0,100000,104.5(-0.29 %),300,31300000,300,31200000,11340869,1.89
15/11/2023,500,52570000,105.3(0.77 %),700,73550000,200,20980000,11340369,1.89
16/11/2023,0,0,105(-0.28 %),0,0,0,0,11340369,1.89
17/11/2023,-700,-72980000,104.7(-0.29 %),100,10410000,800,83390000,11339769,1.84
20/11/2023,-1900,-199670000,104(-0.67 %),400,41200000,2300,240870000,11339369,1.84
21/11/2023,0,0,104.6(0.58 %),0,0,0,0,11340169,1.84
22/11/2023,0,-30000,104.6(0.00 %),100,10460000,100,10490000,11342369,1.83
23/11/2023,900,94160000,104.6(0.00 %),900,94160000,0,0,11341469,1.88
24/11/2023,200,20720000,104(-0.57 %),300,31190000,100,10470000,11341269,1.88
27/11/2023,1800,190520000,106.7(2.60 %),2200,232480000,400,41960000,11339469,1.89
28/11/2023,1500,161440000,108.2(1.41 %),1500,161440000,0,0,11337969,1.9
29/11/2023,-6500,-700460000,108.1(-0.09 %),1500,161660000,8000,862120000,11344469,1.87
30/11/2023,1000,106470000,106(-1.94 %),1000,106470000,0,0,11343469,1.87
01/12/2023,4200,454980000,108(1.89 %),4300,465800000,100,10820000,11335569,1.91
04/12/2023,1300,140310000,107(-0.93 %),1300,140310000,0,0,11334269,1.91
05/12/2023,600,63710000,107(0.00 %),1600,170680000,1000,106970000,11333669,1.92
06/12/2023,-200,-21380000,106.9(-0.09 %),0,0,200,21380000,11333869,1.92
07/12/2023,-300,-31250000,105.9(-0.94 %),700,74520000,1000,105770000,11334169,1.92
08/12/2023,-1600,-169950000,105.6(-0.28 %),2600,275250000,4200,445200000,11335769,1.91
11/12/2023,-2000,-212000000,105.9(0.28 %),0,0,2000,212000000,11337769,1.9
12/12/2023,500,52900000,105.7(-0.19 %),500,52900000,0,0,11337269,1.9
13/12/2023,0,0,105(-0.66 %),0,0,0,0,11337269,1.9
14/12/2023,500,53210000,106.2(1.14 %),1600,169840000,1100,116630000,11336769,1.9
15/12/2023,0,0,105.5(-0.66 %),0,0,0,0,11336769,1.9
18/12/2023,-500,-52710000,105.3(-0.19 %),1500,158050000,2000,210760000,11337269,1.9
19/12/2023,-10800,-1134190000,105.1(-0.19 %),0,0,10800,1134190000,11348069,1.85
20/12/2023,-2100,-221640000,105.6(0.48 %),200,20970000,2300,242610000,11350169,1.85
21/12/2023,-8800,-924160000,105.5(-0.09 %),0,0,8800,924160000,11358969,1.81
22/12/2023,-900,-95670000,106.6(1.04 %),1100,117540000,2000,213210000,11359869,1.8
25/12/2023,700,75600000,108.5(1.78 %),700,75600000,0,0,11359169,1.81
26/12/2023,0,0,108.5(0.00 %),0,0,0,0,11359169,1.81
27/12/2023,-6200,-667400000,108(-0.46 %),2000,215200000,8200,882600000,11365369,1.78
28/12/2023,200,21160000,107.9(-0.09 %),700,74910000,500,53750000,11365169,1.78
29/12/2023,-100,-10740000,108.1(0.19 %),0,0,100,10740000,11365269,1.78
02/01/2024,-2700,-293940000,109(0.83 %),700,76710000,3400,370650000,11368297,1.72
03/01/2024,-6700,-737000000,112(2.75 %),1100,121140000,7800,858140000,11375197,1.74
04/01/2024,-1700,-190250000,112(0.00 %),200,22460000,1900,212710000,11376897,1.73
05/01/2024,200,22200000,110.7(-1.16 %),200,22200000,0,0,11376697,1.73
08/01/2024,1500,166680000,110.5(-0.18 %),1600,177750000,100,11070000,11375197,1.74
09/01/2024,1000,111350000,112(1.36 %),1000,111350000,0,0,11377397,1.68
10/01/2024,900,103810000,119.8(6.96 %),1100,127390000,200,23580000,11376397,1.69
11/01/2024,900,107300000,120(0.17 %),1600,192400000,700,85100000,11374797,1.69
12/01/2024,1200,141680000,118(-1.67 %),1400,165440000,200,23760000,11370497,1.76
15/01/2024,-100,-13110000,121(2.54 %),1000,119590000,1100,132700000,11373297,1.7
16/01/2024,300,36030000,119.6(-1.16 %),900,108030000,600,72000000,11372597,1.7
17/01/2024,2100,251730000,119(-0.50 %),2100,251730000,0,0,11371595,1.71
18/01/2024,4200,510790000,123.1(3.45 %),4200,510790000,0,0,11363997,1.79
19/01/2024,17700,2188340000,123.6(0.41 %),17900,2213140000,200,24800000,11346297,1.86
22/01/2024,13500,1595020000,116.5(-5.74 %),15700,1851760000,2200,256740000,11332797,1.92
23/01/2024,-2100,-239790000,115.7(-0.69 %),3100,358230000,5200,598020000,11334897,1.91
24/01/2024,100,11210000,113.5(-1.90 %),400,45600000,300,34390000,11334797,1.91
25/01/2024,4300,489390000,115(1.32 %),4300,489390000,0,0,11330497,1.93
26/01/2024,1000,114760000,115(0.00 %),1000,114760000,0,0,11329497,1.94
29/01/2024,4800,550900000,115(0.00 %),4800,550900000,0,0,11328634,1.89
30/01/2024,12400,1435570000,115.3(0.26 %),14900,1723630000,2500,288060000,11313734,1.95
31/01/2024,8700,1010950000,116.1(0.69 %),8700,1010950000,0,0,11305020,1.99
01/02/2024,2400,281480000,118(1.64 %),3600,422980000,1200,141500000,11305020,2.04
02/02/2024,9700,1152740000,117.6(-0.34 %),11500,1367100000,1800,214360000,11303920,2.0
05/02/2024,2200,259610000,117.5(-0.09 %),2500,295000000,300,35390000,11289520,2.11
06/02/2024,6100,714690000,118(0.43 %),6500,761890000,400,47200000,11286420,2.07
07/02/2024,4100,484140000,118.7(0.59 %),4100,484140000,0,0,11282620,2.09
15/02/2024,10900,1307280000,120(1.10 %),11400,1367430000,500,60150000,11271620,2.13
16/02/2024,-200,-24530000,120.5(0.42 %),900,107890000,1100,132420000,11270720,2.14
19/02/2024,-500,-59660000,120.3(-0.17 %),1600,191650000,2100,251310000,11269620,2.14
20/02/2024,900,107980000,119.3(-0.83 %),900,107980000,0,0,11269820,2.14
21/02/2024,-200,-23920000,120.2(0.75 %),100,11900000,300,35820000,11271820,2.13
22/02/2024,-2500,-305790000,122.3(1.75 %),1100,134200000,3600,439990000,11271820,2.13
23/02/2024,400,48140000,123.5(0.98 %),1200,147900000,800,99760000,11270520,2.19
26/02/2024,8400,1059530000,126.2(2.19 %),8400,1059530000,0,0,11265020,2.16
27/02/2024,5227,676323000,128.6(1.90 %),5400,698640000,173,22317000,11256893,2.25
28/02/2024,3700,474440000,126.5(-1.63 %),4100,525880000,400,51440000,11253193,2.27
29/02/2024,500,62120000,126.1(-0.32 %),900,113150000,400,51030000,11255593,2.2
01/03/2024,1500,187980000,126.5(0.32 %),1600,200630000,100,12650000,11253993,2.26
04/03/2024,-1400,-178380000,127.6(0.87 %),600,76080000,2000,254460000,11255393,2.26
05/03/2024,-4500,-570710000,127.1(-0.39 %),200,25400000,4700,596110000,11254093,2.21
06/03/2024,-300,-37910000,125.6(-1.18 %),900,113410000,1200,151320000,11260193,2.24
07/03/2024,0,0,125.5(0.00 %),0,0,0,0,11260193,2.24
08/03/2024,0,50000,125.5(0.00 %),100,12600000,100,12550000,11260193,2.24
11/03/2024,-2300,-291920000,125.7(0.16 %),0,0,2300,291920000,11262493,2.23
12/03/2024,100,12640000,126.4(0.56 %),100,12640000,0,0,11264493,2.16
13/03/2024,2500,320000000,128(1.27 %),2500,320000000,0,0,11264293,2.16
14/03/2024,800,102590000,128(0.00 %),800,102590000,0,0,11263493,2.22
15/03/2024,500,62660000,125.9(-1.64 %),700,87750000,200,25090000,11262993,2.23
18/03/2024,-900,-112010000,124.1(-1.43 %),200,24890000,1100,136900000,11262571,2.17
19/03/2024,400,46950000,120(-3.30 %),600,72000000,200,25050000,11262171,2.17
20/03/2024,-200,-24750000,123.1(2.58 %),0,0,200,24750000,11263693,2.22
21/03/2024,-100,-12440000,125(1.54 %),100,12350000,200,24790000,11263793,2.22
22/03/2024,100,12210000,125(0.00 %),200,24500000,100,12290000,11263693,2.22
25/03/2024,-8500,-1064100000,125.5(0.40 %),0,0,8500,1064100000,11263571,2.17
26/03/2024,-6100,-768390000,126.9(1.12 %),0,0,6100,768390000,11278193,2.16
27/03/2024,0,0,127.3(0.32 %),0,0,0,0,11272171,2.13
28/03/2024,-200,-25500000,127(-0.24 %),0,0,200,25500000,11278341,2.1
29/03/2024,-500,-63500000,126(-0.79 %),0,0,500,63500000,11278341,2.1
01/04/2024,-800,-100800000,126(0.00 %),0,0,800,100800000,11278541,2.1
02/04/2024,-2700,-339350000,126.5(0.40 %),0,0,2700,339350000,11281041,2.15
03/04/2024,400,50050000,125.6(-0.71 %),1600,201830000,1200,151780000,11278241,2.1
04/04/2024,-6900,-893320000,134.3(6.93 %),700,91180000,7600,984500000,11287541,2.12
05/04/2024,-1200,-162190000,131.5(-2.08 %),300,39450000,1500,201640000,11281141,2.09
08/04/2024,-2700,-354270000,129.9(-1.22 %),100,13020000,2800,367290000,11291441,2.1
09/04/2024,-3900,-507050000,130(0.08 %),100,13000000,4000,520050000,11295341,2.08
10/04/2024,-2400,-312450000,130.3(0.23 %),0,0,2400,312450000,11297741,2.07
11/04/2024,-5500,-715440000,130.1(-0.15 %),0,0,5500,715440000,11296950,2.02
12/04/2024,-4000,-520400000,130.6(0.38 %),0,0,4000,520400000,11299406,2.01
15/04/2024,-12200,-1634900000,130.7(0.08 %),2200,285820000,14400,1920720000,11319441,1.98
16/04/2024,13100,1794870000,136(4.06 %),24600,3342250000,11500,1547380000,11306341,2.04
17/04/2024,700,94060000,136.2(0.15 %),700,94060000,0,0,11318741,1.98
19/04/2024,-1000,-133760000,131(-3.82 %),500,66020000,1500,199780000,11319741,1.98
22/04/2024,5400,722520000,133.8(2.14 %),5400,722520000,0,0,11301484,2.01
23/04/2024,200,26800000,132.7(-0.82 %),400,53770000,200,26970000,11302584,2.0
24/04/2024,500,66440000,133(2.14 %),1500,198550000,1000,132110000,11313641,2.0
25/04/2024,-23900,-3125890000,133(0.00 %),1100,143810000,25000,3269700000,11337541,1.9
26/04/2024,-10200,-1376900000,131.2(-1.35 %),0,0,10200,1376900000,11301184,2.01
02/05/2024,8600,1129740000,131.9(0.53 %),8600,1129740000,0,0,11317599,1.94
03/05/2024,5600,737090000,131.8(-0.08 %),5600,737090000,0,0,11322199,1.92
06/05/2024,0,-40000,132.5(0.53 %),100,13200000,100,13240000,11322099,1.92
07/05/2024,1500,199390000,133(0.38 %),2200,292600000,700,93210000,11319899,1.93
08/05/2024,0,280000,132.9(-0.08 %),500,66350000,500,66070000,11319564,1.93
09/05/2024,5400,714260000,132.4(-0.38 %),5600,740620000,200,26360000,11314664,1.95
10/05/2024,8300,1092590000,131.7(-0.53 %),9600,1263930000,1300,171340000,11305564,1.99
13/05/2024,5200,678520000,130.2(-1.14 %),5800,757350000,600,78830000,11299964,2.01
14/05/2024,4900,642460000,131(0.61 %),6100,800030000,1200,157570000,11270284,2.19
15/05/2024,-1800,-236910000,131.5(0.38 %),4100,539430000,5900,776340000,11272084,2.19
16/05/2024,-500,-66170000,131.9(0.30 %),800,105400000,1300,171570000,11272584,2.18
17/05/2024,2400,316380000,132.4(0.38 %),3000,396000000,600,79620000,11294964,2.03
20/05/2024,1200,154800000,131.9(-0.38 %),5300,696760000,4100,541960000,11290964,2.05
21/05/2024,-200,-26050000,131.7(-0.15 %),200,26250000,400,52300000,11291364,2.05
22/05/2024,6600,864210000,130.5(-0.91 %),7700,1007850000,1100,143640000,11287764,2.06
23/05/2024,3300,432520000,129.7(-0.61 %),4000,523600000,700,91080000,11284164,2.08
24/05/2024,-900,-117270000,130.6(0.69 %),0,0,900,117270000,11259684,2.24
27/05/2024,700,89170000,129.1(-1.15 %),2000,258000000,1300,168830000,11283942,2.08
28/05/2024,3300,425020000,129.1(0.00 %),4000,515330000,700,90310000,11280842,2.09
29/05/2024,-400,-52020000,129.5(0.31 %),0,0,400,52020000,11282142,2.09
30/05/2024,200,25880000,129.4(-0.08 %),200,25880000,0,0,11282642,2.09
31/05/2024,-100,-12860000,128.8(-0.46 %),100,12860000,200,25720000,11282942,2.08
03/06/2024,-300,-38650000,129(0.16 %),100,12900000,400,51550000,11282942,2.14
04/06/2024,500,64500000,129.1(0.08 %),500,64500000,0,0,11282442,2.14
05/06/2024,-10300,-1351620000,131.5(1.86 %),700,91580000,11000,1443200000,11292742,2.1
06/06/2024,400,52390000,130.8(-0.53 %),400,52390000,0,0,11281842,2.09
07/06/2024,0,-30000,130.6(-0.15 %),100,13060000,100,13090000,11292742,2.04
10/06/2024,-400,-52360000,131(0.31 %),0,0,400,52360000,11293142,2.09
11/06/2024,-200,-26170000,130.7(-0.23 %),0,0,200,26170000,11281842,2.09
12/06/2024,-100,-13040000,130.6(-0.08 %),0,0,100,13040000,11293242,2.04
13/06/2024,0,0,131.4(0.61 %),0,0,0,0,11293442,2.04
14/06/2024,300,39360000,130.8(-0.46 %),400,52440000,100,13080000,11293142,2.04
17/06/2024,-800,-104180000,130(-0.61 %),0,0,800,104180000,11293742,2.04
18/06/2024,-400,-52010000,130.2(0.15 %),0,0,400,52010000,11293842,2.04
19/06/2024,4400,581760000,130.2(0.00 %),5000,660000000,600,78240000,11289642,2.06
20/06/2024,-7700,-1014840000,139.3(6.99 %),7100,975530000,14800,1990370000,11282942,2.08
21/06/2024,-13000,-1925600000,149(6.96 %),200,28400000,13200,1954000000,11283342,2.08
24/06/2024,-2000,-326250000,148.1(-0.60 %),6600,1036260000,8600,1362510000,11291542,2.05
25/06/2024,-500,-89380000,146.9(-0.81 %),3100,453120000,3600,542500000,11301642,2.0
26/06/2024,900,131510000,147.5(0.41 %),1500,221180000,600,89670000,11308742,1.97
27/06/2024,700,103650000,150(1.69 %),2300,343650000,1600,240000000,11310042,1.97
28/06/2024,707,104684100,148.9(-0.73 %),900,133510000,193,28825900,11309742,1.97
04/07/2024,1400,205340000,145.6(-0.88 %),1400,205340000,0,0,11307835,0.0
05/07/2024,900,131430000,147(0.96 %),900,131430000,0,0,11306935,0.0
08/07/2024,1400,204690000,147.1(0.07 %),1400,204690000,0,0,11305535,0.0
09/07/2024,300,44740000,149.1(1.36 %),300,44740000,0,0,11305235,0.0
10/07/2024,300,44830000,148.4(-0.47 %),600,89460000,300,44630000,11304935,0.0
11/07/2024,0,0,146.7(-1.15 %),0,0,0,0,11304935,0.0
12/07/2024,300,44480000,148.8(1.43 %),300,44480000,0,0,11304635,0.0
15/07/2024,-2800,-422400000,150(0.81 %),0,0,2800,422400000,11307435,0.0
16/07/2024,-600,-90380000,150.2(0.13 %),300,44680000,900,135060000,11308035,0.0
17/07/2024,500,74880000,149(-0.80 %),500,74880000,0,0,11307535,0.0
18/07/2024,100,15030000,147(-1.34 %),200,29800000,100,14770000,11307435,0.0
19/07/2024,-500,-74250000,146.3(-0.48 %),0,0,500,74250000,11307935,0.0
22/07/2024,2000,297390000,151.7(3.69 %),2800,417190000,800,119800000,11305935,0.0
23/07/2024,100,15150000,150.8(-0.59 %),200,30290000,100,15140000,11305835,0.0
24/07/2024,-600,-89460000,151.5(0.46 %),100,15140000,700,104600000,11306435,0.0
25/07/2024,300,45070000,151.5(0.00 %),300,45070000,0,0,11306135,0.0
26/07/2024,400,59750000,151.5(0.00 %),400,59750000,0,0,11305735,0.0
29/07/2024,600,89490000,150.5(-0.66 %),600,89490000,0,0,11305135,0.0
30/07/2024,600,89490000,148.7(-1.20 %),600,89490000,0,0,11304535,0.0
31/07/2024,-300,-44710000,146.6(-1.41 %),100,14660000,400,59370000,11304835,0.0
01/08/2024,3000,440030000,146.4(-0.14 %),3500,513350000,500,73320000,11286178,0.0
02/08/2024,-3000,-437310000,146.9(0.34 %),0,0,3000,437310000,11289178,0.0
05/08/2024,7800,1121430000,145.7(-0.82 %),9000,1295100000,1200,173670000,11281378,0.0
06/08/2024,19700,2851250000,145.9(0.14 %),20000,2894990000,300,43740000,11261678,0.0
07/08/2024,9900,1426620000,146.6(0.48 %),10100,1455740000,200,29120000,11251778,0.0
08/08/2024,1500,218400000,144.8(-1.23 %),1500,218400000,0,0,11250278,0.0
09/08/2024,-100,-14620000,146(0.83 %),100,14640000,200,29260000,11250378,0.0
12/08/2024,1400,205990000,148.1(1.44 %),2000,294810000,600,88820000,11248978,0.0
13/08/2024,-800,-118330000,147.6(-0.34 %),200,29800000,1000,148130000,11249778,0.0
14/08/2024,300,44260000,146.8(-0.54 %),800,118000000,500,73740000,11249478,0.0
15/08/2024,-400,-58970000,148.8(1.36 %),0,0,400,58970000,11249878,0.0
16/08/2024,-100,-14600000,146(-0.21 %),0,0,100,14600000,11249978,0.0
19/08/2024,700,102630000,146.8(0.55 %),900,131830000,200,29200000,11249278,0.0
20/08/2024,400,58570000,146.1(-0.48 %),500,73190000,100,14620000,11248878,0.0
21/08/2024,20000,2913460000,146.7(0.41 %),20100,2928150000,100,14690000,11228878,0.0
22/08/2024,2600,377350000,144.6(-1.43 %),3400,493930000,800,116580000,11226278,0.0
23/08/2024,-100,-14430000,144.3(-0.21 %),0,0,100,14430000,11226378,0.0
26/08/2024,1300,183800000,141.5(-1.94 %),1700,241300000,400,57500000,11225078,0.0
27/08/2024,700,98670000,142.9(0.99 %),1000,141090000,300,42420000,11224378,0.0
28/08/2024,-700,-99300000,142.8(-0.07 %),0,0,700,99300000,11225078,0.0
29/08/2024,0,0,142.3(-0.35 %),0,0,0,0,11225078,0.0
30/08/2024,-1200,-169800000,142(-0.21 %),0,0,1200,169800000,11226278,0.0
04/09/2024,600,84470000,143.3(0.92 %),1100,155670000,500,71200000,11222478,0.0
05/09/2024,400,56150000,142(-0.91 %),1300,183710000,900,127560000,11222078,0.0
06/09/2024,-400,-56350000,142(0.00 %),400,56560000,800,112910000,11222478,0.0
09/09/2024,-200,-28220000,140.9(-0.77 %),100,14050000,300,42270000,11222678,0.0
10/09/2024,-1300,-182850000,140.2(-0.50 %),0,0,1300,182850000,11223978,0.0
11/09/2024,-1100,-154010000,139.3(-0.64 %),300,41900000,1400,195910000,11225078,0.0
12/09/2024,400,55720000,138.6(-0.50 %),600,83500000,200,27780000,11224678,0.0
13/09/2024,-600,-82960000,138.2(-0.29 %),0,0,600,82960000,11225278,0.0
16/09/2024,-900,-124060000,137.6(-0.43 %),0,0,900,124060000,11226178,0.0
17/09/2024,200,27500000,137.5(-0.07 %),200,27500000,0,0,11225978,0.0
18/09/2024,-100,-13840000,138(0.36 %),0,0,100,13840000,11226078,0.0
19/09/2024,-3800,-520600000,136.7(-0.94 %),0,0,3800,520600000,11229878,0.0
20/09/2024,-600,-82130000,136.1(-0.44 %),700,95860000,1300,177990000,11230478,0.0
23/09/2024,-300,-40780000,135.1(-0.73 %),0,0,300,40780000,11230778,0.0
24/09/2024,-300,-40500000,134.6(-0.37 %),0,0,300,40500000,11231078,0.0
25/09/2024,-2100,-282330000,134.8(0.15 %),1100,148130000,3200,430460000,11233178,0.0
26/09/2024,-300,-40900000,135(0.15 %),100,13480000,400,54380000,11233478,0.0
27/09/2024,-100,-13500000,134.6(-0.30 %),0,0,100,13500000,11233578,0.0
30/09/2024,-7400,-985120000,133.3(-0.97 %),200,26620000,7600,1011740000,11240978,0.0
01/10/2024,300,40010000,133(-0.23 %),700,93250000,400,53240000,11233923,0.0
02/10/2024,-4000,-528840000,132(-0.75 %),200,26420000,4200,555260000,11237923,0.0
03/10/2024,0,0,132(0.00 %),0,0,0,0,11237923,0.0
04/10/2024,-200,-26410000,132(0.00 %),0,0,200,26410000,11238123,0.0
07/10/2024,-200,-26550000,133(0.76 %),0,0,200,26550000,11238323,0.0
08/10/2024,-400,-53240000,132.8(-0.15 %),0,0,400,53240000,11238723,0.0
09/10/2024,-500,-66350000,133.5(0.53 %),0,0,500,66350000,11239223,0.0
10/10/2024,-1200,-163740000,136.2(2.02 %),0,0,1200,163740000,11240423,0.0
11/10/2024,0,0,136.1(-0.07 %),0,0,0,0,11240423,0.0
14/10/2024,-500,-68560000,136(-0.07 %),0,0,500,68560000,11240923,0.0
15/10/2024,-200,-27080000,134.3(-1.25 %),0,0,200,27080000,11241123,0.0
16/10/2024,-400,-53960000,134.4(0.07 %),0,0,400,53960000,11241523,0.0
17/10/2024,200,26650000,133.6(-0.60 %),600,80320000,400,53670000,11241323,0.0
18/10/2024,0,0,132.7(-0.67 %),0,0,0,0,11241323,0.0
21/10/2024,-1200,-158900000,132(-0.53 %),100,13210000,1300,172110000,11242523,0.0
22/10/2024,-200,-26300000,130.9(-0.83 %),100,13160000,300,39460000,11242723,0.0
23/10/2024,-1500,-195450000,131.6(0.53 %),1300,169000000,2800,364450000,11244223,0.0
24/10/2024,-100,-13370000,131(-0.46 %),200,26500000,300,39870000,11244323,0.0
25/10/2024,-100,-13100000,131(0.00 %),0,0,100,13100000,11244423,0.0
28/10/2024,-500,-66040000,130(-0.76 %),700,92250000,1200,158290000,11244923,0.0
29/10/2024,-800,-104460000,130(0.00 %),0,0,800,104460000,11245723,0.0
30/10/2024,-400,-51690000,129.1(-0.69 %),0,0,400,51690000,11246123,0.0
31/10/2024,-300,-38450000,129.7(0.46 %),400,51850000,700,90300000,11246423,0.0
01/11/2024,-800,-103180000,129(-0.54 %),0,0,800,103180000,11252723,0.0
04/11/2024,-2600,-332960000,127.1(-1.47 %),500,63650000,3100,396610000,11255323,0.0
05/11/2024,-400,-50790000,127(-0.08 %),0,0,400,50790000,11255723,0.0
06/11/2024,-500,-63750000,127(0.00 %),0,0,500,63750000,11256223,0.0
07/11/2024,-500,-63340000,126.9(-0.08 %),0,0,500,63340000,11256723,0.0
08/11/2024,-400,-50730000,126.6(-0.24 %),0,0,400,50730000,11257123,0.0
11/11/2024,-300,-38020000,126.6(0.00 %),0,0,300,38020000,11257423,0.0
12/11/2024,-4200,-530020000,126.1(-0.39 %),300,37800000,4500,567820000,11264730,2.16
13/11/2024,-1200,-151560000,126.7(0.48 %),0,0,1200,151560000,11262823,0.0
14/11/2024,-1800,-227130000,125.8(-0.71 %),0,0,1800,227130000,11264623,0.0
15/11/2024,-600,-75250000,125.7(-0.08 %),0,0,600,75250000,11265223,0.0
18/11/2024,-900,-112420000,125(-0.56 %),0,0,900,112420000,11266123,0.0
19/11/2024,-1100,-136320000,123(-1.60 %),0,0,1100,136320000,11267223,0.0
20/11/2024,-200,-24170000,120.5(-2.03 %),500,61050000,700,85220000,11267423,0.0
21/11/2024,-800,-97540000,122.6(1.74 %),0,0,800,97540000,11268223,0.0
22/11/2024,-900,-110440000,122.6(0.00 %),0,0,900,110440000,11269123,0.0
25/11/2024,-700,-85670000,123(0.33 %),100,12250000,800,97920000,11270030,2.14
26/11/2024,-700,-85740000,122.6(-0.33 %),0,0,700,85740000,11270930,2.14
27/11/2024,-700,-85150000,120.8(-1.47 %),0,0,700,85150000,11271730,2.13
28/11/2024,-1200,-143550000,120.8(0.00 %),0,0,1200,143550000,11272430,2.13
29/11/2024,-500,-59500000,118.3(-2.07 %),200,23740000,700,83240000,11272930,2.13
02/12/2024,700,82840000,117.8(-0.42 %),1800,212870000,1100,130030000,11272330,2.13
03/12/2024,2700,324050000,121.5(3.14 %),3500,418800000,800,94750000,11269530,2.14
04/12/2024,400,48510000,121.1(-0.33 %),2000,242700000,1600,194190000,11268630,2.14
05/12/2024,2400,296590000,124.8(3.06 %),3500,430370000,1100,133780000,11265930,2.16
09/12/2024,500,63610000,125.4(0.64 %),1100,138740000,600,75130000,11267530,2.15
10/12/2024,1200,149840000,124.5(-0.72 %),1200,149840000,0,0,11266830,2.15
16/12/2024,1400,169260000,120.9(-0.25 %),2300,278150000,900,108890000,11261878,2.17
17/12/2024,1100,132890000,120.7(-0.17 %),1700,205310000,600,72420000,11260278,2.18
18/12/2024,0,0,120.5(-0.17 %),0,0,0,0,11261203,2.18
19/12/2024,300,36010000,119.8(-0.58 %),1200,143830000,900,107820000,11260603,2.18
20/12/2024,0,0,120.1(0.25 %),0,0,0,0,11260603,2.18
24/12/2024,0,0,117.5(-1.84 %),0,0,0,0,11260503,2.18
25/12/2024,800,94490000,118(0.43 %),800,94490000,0,0,11259703,2.18
26/12/2024,0,0,120.2(1.86 %),0,0,0,0,11259703,2.18
27/12/2024,-200,-24100000,120(-0.17 %),600,72000000,800,96100000,11259103,2.19
30/12/2024,-100,-12000000,120.4(0.33 %),200,23980000,300,35980000,11258903,2.19
31/12/2024,0,0,121.8(1.16 %),0,0,0,0,11259749,2.18
02/01/2025,-3400,-406230000,118.9(-2.38 %),0,0,3400,406230000,11260049,2.18
03/01/2025,-900,-106750000,118.3(-0.50 %),100,11820000,1000,118570000,11259949,2.18
06/01/2025,-3700,-435330000,116.6(-1.44 %),300,35430000,4000,470760000,11263049,2.17
07/01/2025,-1100,-128240000,116.7(0.09 %),900,104900000,2000,233140000,11263049,2.17
08/01/2025,-1700,-199080000,118.2(1.29 %),200,23400000,1900,222480000,11266949,2.15
09/01/2025,-3300,-385200000,116.1(-1.78 %),600,70980000,3900,456180000,11268349,2.15
10/01/2025,-3300,-381640000,116(-0.09 %),0,0,3300,381640000,11270249,2.14
13/01/2025,-500,-58450000,117.7(1.47 %),0,0,500,58450000,11274149,2.12
14/01/2025,0,0,117.1(-0.51 %),0,0,0,0,11277451,2.11
15/01/2025,0,0,117.2(0.09 %),0,0,0,0,11277951,2.11
16/01/2025,2800,332380000,117.2(0.00 %),3000,355800000,200,23420000,11275151,0.0
17/01/2025,0,0,117(-0.17 %),0,0,0,0,11274951,2.12
20/01/2025,0,0,117.5(0.43 %),0,0,0,0,11275201,2.12
21/01/2025,0,0,116.6(-0.77 %),0,0,0,0,11275201,2.12
22/01/2025,0,0,117.9(1.11 %),0,0,0,0,11275201,2.12
23/01/2025,0,0,117.9(0.00 %),0,0,0,0,11275201,2.12
24/01/2025,1000,117000000,118.9(0.85 %),1000,117000000,0,0,11274201,2.12
03/02/2025,1600,190640000,0(0.00 %),1600,190640000,0,0,11272601,2.13
04/02/2025,-400,-49300000,121.5(1.33 %),1000,121400000,1400,170700000,11271601,2.13
05/02/2025,0,0,121.9(0.33 %),0,0,0,0,11271628,2.13
06/02/2025,0,0,120(-1.56 %),0,0,0,0,11273028,2.13
07/02/2025,0,0,119.5(-0.42 %),0,0,0,0,11273028,2.13
10/02/2025,0,0,117.9(-1.34 %),0,0,0,0,11273028,2.13
11/02/2025,400,47010000,117.1(-0.68 %),400,47010000,0,0,11272628,2.13
12/02/2025,300,35380000,118(0.77 %),500,59000000,200,23620000,11272128,2.13
13/02/2025,-1300,-155870000,119.9(1.61 %),0,0,1300,155870000,11272128,2.13
14/02/2025,-1000,-120500000,119.8(-0.08 %),0,0,1000,120500000,11272328,2.13
17/02/2025,-2600,-306810000,119.7(-0.08 %),500,59000000,3100,365810000,11273128,2.13
18/02/2025,-800,-94650000,119.5(-0.17 %),300,35700000,1100,130350000,11273828,2.12
19/02/2025,-1100,-131000000,119.5(0.00 %),0,0,1100,131000000,11276928,2.11
20/02/2025,-3000,-360200000,120.2(0.59 %),0,0,3000,360200000,11278028,2.11
21/02/2025,-3000,-365400000,121.8(1.33 %),0,0,3000,365400000,11279128,2.1
24/02/2025,-1500,-182450000,121.6(-0.16 %),300,36450000,1800,218900000,11281828,2.09
25/02/2025,-1300,-157950000,120.5(-0.90 %),700,85050000,2000,243000000,11284128,2.08
26/02/2025,200,24030000,120.5(0.00 %),200,24030000,0,0,11285728,2.07
27/02/2025,-3200,-387000000,121(0.41 %),800,96600000,4000,483600000,11286928,2.07
28/02/2025,-500,-60500000,121(0.00 %),0,0,500,60500000,11286928,2.07
03/03/2025,-1200,-145020000,120.8(-0.17 %),0,0,1200,145020000,11290928,2.05
04/03/2025,-500,-60250000,120.2(-0.50 %),0,0,500,60250000,11291428,2.05
05/03/2025,0,0,120(-0.17 %),0,0,0,0,11292642,2.04
06/03/2025,100,12090000,119.8(-0.17 %),100,12090000,0,0,11293042,2.04
07/03/2025,0,0,120.4(0.50 %),0,0,0,0,11293042,2.04
10/03/2025,-2200,-264260000,120.1(-0.25 %),0,0,2200,264260000,11293042,2.04
11/03/2025,0,0,119.5(-0.50 %),0,0,0,0,11293042,2.04
12/03/2025,0,0,119.5(0.00 %),0,0,0,0,11295244,2.03
13/03/2025,0,0,119(-0.42 %),0,0,0,0,11295244,2.03
14/03/2025,-100,-11880000,119(0.00 %),0,0,100,11880000,11295244,2.03
17/03/2025,-600,-71530000,117.7(-1.09 %),100,11770000,700,83300000,11295144,2.03
18/03/2025,400,47440000,118.6(0.76 %),400,47440000,0,0,11294849,2.03
19/03/2025,-1500,-177360000,118.2(-0.34 %),400,47520000,1900,224880000,11295149,2.03
20/03/2025,0,0,119.3(0.93 %),0,0,0,0,11295149,2.03
21/03/2025,0,0,119.6(0.25 %),0,0,0,0,11297104,2.02
24/03/2025,-200,-23910000,119.6(0.00 %),0,0,200,23910000,11297104,2.02
25/03/2025,-4200,-499940000,119.3(-0.25 %),0,0,4200,499940000,11297104,2.02
26/03/2025,-3700,-440160000,119.3(0.00 %),100,11920000,3800,452080000,11297204,2.02
27/03/2025,200,23800000,119.4(0.08 %),200,23800000,0,0,11301204,2.01
28/03/2025,-15800,-1961280000,126(5.53 %),0,0,15800,1961280000,11305004,1.99
31/03/2025,-5500,-704400000,128.4(1.90 %),0,0,5500,704400000,11305004,1.99
01/04/2025,2700,339240000,125.5(-2.26 %),3200,402620000,500,63380000,11317604,1.94
02/04/2025,3200,403140000,126.8(1.04 %),3400,428500000,200,25360000,11319704,1.93
03/04/2025,1900,225110000,118(-6.94 %),4100,484710000,2200,259600000,11316074,1.94
04/04/2025,-500,-55060000,114.5(-2.97 %),500,56590000,1000,111650000,11315774,1.94
08/04/2025,800,85630000,106.8(-6.72 %),800,85630000,0,0,11317174,1.94
09/04/2025,-1000,-100940000,102.9(-3.65 %),200,20000000,1200,120940000,11317974,1.94
10/04/2025,0,0,110.1(7.00 %),0,0,0,0,11317974,1.94
11/04/2025,-400,-45080000,113.5(3.09 %),0,0,400,45080000,11319197,1.93
14/04/2025,-100,-11730000,116.9(3.00 %),100,11750000,200,23480000,11319097,1.93
15/04/2025,-200,-23400000,116.4(-0.43 %),0,0,200,23400000,11319497,1.93
16/04/2025,0,0,117.3(0.77 %),0,0,0,0,11319697,1.93
17/04/2025,0,0,116.7(-0.51 %),0,0,0,0,11319897,1.93
18/04/2025,-6800,-783020000,115.3(-1.20 %),100,11500000,6900,794520000,11319797,1.93
21/04/2025,-2700,-308150000,114(-1.13 %),200,23000000,2900,331150000,11319597,1.93
22/04/2025,-200,-22600000,113(-0.88 %),0,0,200,22600000,11326497,1.9
23/04/2025,100,11310000,114(0.88 %),100,11310000,0,0,11329297,1.89
24/04/2025,1000,116400000,115.5(1.32 %),1000,116400000,0,0,11328497,1.89
25/04/2025,100,11150000,114.5(-0.87 %),100,11150000,0,0,11328397,1.89
28/04/2025,300,35160000,114.6(0.09 %),300,35160000,0,0,11328097,1.89
29/04/2025,0,0,112(-0.09 %),0,0,0,0,11328097,1.89
05/05/2025,257,26779400,104.2(-6.96 %),257,26779400,0,0,11327840,1.89
06/05/2025,-7200,-713250000,98.9(-5.09 %),2100,209690000,9300,922940000,11327840,1.89
07/05/2025,-1600,-160000000,99.9(1.01 %),0,0,1600,160000000,11327840,1.89
08/05/2025,-8000,-788300000,98.2(-1.70 %),200,19750000,8200,808050000,11335040,1.86
09/05/2025,-200,-19850000,98.1(-0.10 %),0,0,200,19850000,11336640,1.86
12/05/2025,0,0,100.1(2.04 %),0,0,0,0,11344740,1.82
13/05/2025,-1500,-150380000,100.1(0.00 %),0,0,1500,150380000,11344940,1.82
14/05/2025,0,0,100(-0.10 %),0,0,0,0,11344940,1.82
15/05/2025,100,-110090000,100(0.00 %),100,9950000,0,120040000,11346440,1.81
16/05/2025,400,40040000,100(0.00 %),400,40040000,0,0,11346040,1.82
19/05/2025,100,9940000,99.6(-0.40 %),100,9940000,0,0,11347040,1.81
20/05/2025,0,-10000000,99.9(0.30 %),0,0,0,10000000,11347040,1.81
21/05/2025,400,40000000,99.6(-0.30 %),400,40000000,0,0,11346640,1.81
22/05/2025,0,-59640000,98.8(-0.80 %),0,0,0,59640000,11346740,1.81
23/05/2025,-300,-29470000,98.3(-0.51 %),0,0,300,29470000,11346740,1.81
26/05/2025,0,-29510000,98.3(0.00 %),0,0,0,29510000,11347340,1.81
27/05/2025,800,78930000,98.6(0.31 %),800,78930000,0,0,11346840,1.81
28/05/2025,0,-39920000,98.9(0.30 %),0,0,0,39920000,11347140,1.81
29/05/2025,0,-148350000,98.9(0.00 %),0,0,0,148350000,11347140,1.81
30/05/2025,0,0,98.2(-0.71 %),0,0,0,0,11347540,1.81
02/06/2025,0,-410670000,97.8(-0.41 %),0,0,0,410670000,11349040,1.8
03/06/2025,0,0,98(0.20 %),0,0,0,0,11349040,1.8
04/06/2025,0,0,98.9(0.92 %),0,0,0,0,11353240,1.79
05/06/2025,900,-405990000,98.6(-0.30 %),900,89010000,0,495000000,11353240,1.79
06/06/2025,500,-9620000,98.2(-0.41 %),500,49200000,0,58820000,11353240,1.79
09/06/2025,0,0,98(-0.20 %),0,0,0,0,11357340,1.77
10/06/2025,1000,98100000,97.7(-0.31 %),1000,98100000,0,0,11356440,1.77
11/06/2025,3100,304090000,97.9(0.20 %),3100,304090000,0,0,11353340,1.79
12/06/2025,0,0,97.9(0.00 %),0,0,0,0,11353340,1.79
13/06/2025,0,0,97(-0.92 %),0,0,0,0,11353340,1.79
16/06/2025,-27800,-2684440000,96.5(-0.52 %),0,0,27800,2684440000,11353340,1.79
17/06/2025,-3500,-337750000,96.3(-0.21 %),0,0,3500,337750000,11353340,1.79
18/06/2025,-1900,-185710000,97.7(1.45 %),0,0,1900,185710000,11381232,1.67
19/06/2025,0,0,96.8(-0.92 %),0,0,0,0,11384739,1.65
20/06/2025,0,0,96.5(-0.31 %),0,0,0,0,11386639,1.64
23/06/2025,0,0,96(-0.52 %),0,0,0,0,11386639,1.64
24/06/2025,300,28620000,95.5(-0.52 %),300,28620000,0,0,11386339,1.65
25/06/2025,0,0,95.5(0.00 %),0,0,0,0,11386329,1.65
26/06/2025,800,76400000,95.5(0.00 %),1000,95480000,200,19080000,11385529,1.65
27/06/2025,0,0,96.5(1.05 %),0,0,0,0,11385529,1.65
30/06/2025,1000,95500000,95.6(-0.93 %),1000,95500000,0,0,11384529,1.65
01/07/2025,0,0,95.6(0.00 %),0,0,0,0,11384529,1.65
02/07/2025,1000,95600000,96.5(0.94 %),1000,95600000,0,0,11383529,1.66
03/07/2025,0,0,96.6(0.10 %),0,0,0,0,11383529,1.66
04/07/2025,1500,144450000,96.8(0.21 %),1500,144450000,0,0,11382029,1.66
07/07/2025,400,38720000,97.1(0.31 %),400,38720000,0,0,11381629,1.67
08/07/2025,0,0,97.7(0.62 %),0,0,0,0,11381629,1.67
09/07/2025,0,0,97.7(0.00 %),0,0,0,0,11381629,1.67
10/07/2025,3200,313600000,98(0.31 %),3200,313600000,0,0,11381629,1.67
11/07/2025,-200,-19580000,98.2(0.20 %),0,0,200,19580000,11378429,1.68
14/07/2025,1200,117740000,98(-0.20 %),1700,166840000,500,49100000,11377229,1.68
15/07/2025,0,0,97.2(-0.82 %),0,0,0,0,11377429,1.68
16/07/2025,1500,145350000,96.6(-0.62 %),1500,145350000,0,0,11375929,1.69
17/07/2025,-1000,-97000000,96.6(0.00 %),0,0,1000,97000000,11375929,1.69
18/07/2025,400,38370000,97.7(1.14 %),700,67920000,300,29550000,11375534,1.69
21/07/2025,300,29370000,97.8(0.10 %),300,29370000,0,0,11376234,1.69
22/07/2025,-4900,-481560000,98.4(0.61 %),1200,117240000,6100,598800000,11376234,1.69
23/07/2025,-3300,-325160000,98.4(0.00 %),1700,166940000,5000,492100000,11376234,1.69
24/07/2025,-5300,-520250000,97.7(-0.71 %),0,0,5300,520250000,11381134,1.67
25/07/2025,1000,97500000,97.7(0.00 %),1000,97500000,0,0,11383434,1.66
28/07/2025,0,0,98.2(0.51 %),0,0,0,0,11388734,1.63
29/07/2025,-3500,-343770000,96.5(-1.73 %),100,9750000,3600,353520000,11388734,1.63
30/07/2025,-1400,-134930000,96.6(0.10 %),600,58070000,2000,193000000,11388734,1.63
31/07/2025,900,85180000,94(-2.69 %),2600,246740000,1700,161560000,11391334,1.62
01/08/2025,-800,-75200000,93.4(-0.64 %),200,18800000,1000,94000000,11392734,1.62
04/08/2025,2000,185320000,93.2(-0.21 %),2000,185320000,0,0,11390734,1.63
05/08/2025,-2700,-250310000,93(-0.21 %),800,74140000,3500,324450000,11391534,1.62
06/08/2025,-6600,-618520000,93.7(0.75 %),1400,131360000,8000,749880000,11391534,1.62
07/08/2025,-1900,-178600000,94.1(0.43 %),0,0,1900,178600000,11394234,1.61
08/08/2025,0,0,94(-0.11 %),0,0,0,0,11400853,1.58
11/08/2025,300,28440000,94.1(0.11 %),1100,103400000,800,74960000,11402453,1.58
12/08/2025,0,0,94.2(0.11 %),0,0,0,0,11402453,1.58
13/08/2025,0,0,94.2(0.00 %),0,0,0,0,11402453,1.58
14/08/2025,100,9420000,94.2(0.00 %),100,9420000,0,0,11402353,1.58
15/08/2025,0,0,94.3(0.11 %),0,0,0,0,11402353,1.58
18/08/2025,1000,94000000,95(0.74 %),1000,94000000,0,0,11401353,1.58
19/08/2025,0,0,97.2(2.32 %),0,0,0,0,11401353,1.58
20/08/2025,-700,-67050000,96.2(-1.03 %),300,28800000,1000,95850000,11401353,1.58
21/08/2025,0,0,96.2(0.00 %),0,0,0,0,11401353,1.58
22/08/2025,300,28780000,96.1(-0.10 %),300,28780000,0,0,11401353,1.58
25/08/2025,1000,97500000,96.3(0.21 %),1100,107110000,100,9610000,11401753,1.58
