Ngay,KLGDRong,GTDGRong,ThayDoi,KLMua,GtMua,KLBan,GtBan,RoomConLai,DangSoHuu
07/12/2006,1060,69960,0(0.00 %),1060,69960,0,0,0,0.0
14/12/2006,10000,825000,0(0.00 %),10000,825000,0,0,0,0.0
18/12/2006,43210,3757335,0(0.00 %),53110,4618635,9900,861300,0,0.0
19/12/2006,-79530,-6948310,0(0.00 %),5600,492700,85130,7441010,0,0.0
20/12/2006,144860,12802540,0(0.00 %),270000,23940000,125140,11137460,0,0.0
21/12/2006,145100,12812900,0(0.00 %),155000,13694000,9900,881100,0,0.0
22/12/2006,5000,422500,0(0.00 %),5000,422500,0,0,0,0.0
25/12/2006,-29700,-2539350,0(0.00 %),0,0,29700,2539350,0,0.0
26/12/2006,770,68530,0(0.00 %),1000,89000,230,20470,0,0.0
27/12/2006,-9630,-900405,0(0.00 %),0,0,9630,900405,0,0.0
28/12/2006,200,18600,0(0.00 %),200,18600,0,0,0,0.0
01/03/2007,1000,92000000,91.5(-4.69 %),1000,92000000,0,0,0,0.0
02/03/2007,-5100,-484500000,96(4.92 %),0,0,5100,484500000,0,0.0
05/03/2007,1000,99000000,99(3.12 %),1000,99000000,0,0,0,0.0
06/03/2007,-22040,-2270120000,100(1.01 %),0,0,22040,2270120000,0,0.0
07/03/2007,840,88200000,105(5.00 %),2670,280350000,1830,192150000,0,0.0
08/03/2007,-15030,-1653300000,110(4.76 %),1100,121000000,16130,1774300000,0,0.0
09/03/2007,-29900,-3438500000,115(4.55 %),100,11500000,30000,3450000000,0,0.0
12/03/2007,0,0,110(-4.35 %),0,0,0,0,0,0.0
13/03/2007,0,0,103(-6.36 %),0,0,0,0,0,0.0
14/03/2007,0,0,98(-4.85 %),0,0,0,0,0,0.0
15/03/2007,0,0,93.5(-4.59 %),0,0,0,0,0,0.0
16/03/2007,0,0,97.5(4.28 %),0,0,0,0,0,0.0
19/03/2007,0,0,97(-0.51 %),0,0,0,0,0,0.0
20/03/2007,100,9250000,94(-3.09 %),100,9250000,0,0,0,0.0
21/03/2007,0,0,92(-2.13 %),0,0,0,0,0,0.0
22/03/2007,0,0,91(-1.09 %),0,0,0,0,0,0.0
23/03/2007,0,0,91(0.00 %),0,0,0,0,0,0.0
26/03/2007,0,0,87.5(-3.85 %),0,0,0,0,0,0.0
27/03/2007,100,8350000,83.5(-4.57 %),100,8350000,0,0,0,0.0
28/03/2007,-2000,-159000000,79.5(-4.79 %),0,0,2000,159000000,0,0.0
29/03/2007,0,0,83(4.40 %),0,0,0,0,0,0.0
30/03/2007,-64120,-5578440000,87(4.82 %),0,0,64120,5578440000,0,0.0
02/04/2007,0,0,83(-4.60 %),0,0,0,0,0,0.0
03/04/2007,0,0,80(-3.61 %),0,0,0,0,0,0.0
04/04/2007,0,0,84(5.00 %),0,0,0,0,0,0.0
05/04/2007,0,0,84(0.00 %),0,0,0,0,0,0.0
06/04/2007,0,0,81(-3.57 %),0,0,0,0,0,0.0
09/04/2007,0,0,82(1.23 %),0,0,0,0,0,0.0
10/04/2007,0,0,82(0.00 %),0,0,0,0,0,0.0
11/04/2007,0,0,80(-2.44 %),0,0,0,0,0,0.0
12/04/2007,0,0,78(-2.50 %),0,0,0,0,0,0.0
13/04/2007,0,0,74.5(-4.49 %),0,0,0,0,0,0.0
16/04/2007,0,0,71(-4.70 %),0,0,0,0,0,0.0
17/04/2007,0,0,71(0.00 %),0,0,0,0,0,0.0
18/04/2007,0,0,74.5(4.93 %),0,0,0,0,0,0.0
19/04/2007,0,0,76(2.01 %),0,0,0,0,0,0.0
20/04/2007,0,0,75(-1.32 %),0,0,0,0,0,0.0
23/04/2007,0,0,73(-2.67 %),0,0,0,0,0,0.0
24/04/2007,0,0,72(-1.37 %),0,0,0,0,0,0.0
25/04/2007,0,0,74(2.78 %),0,0,0,0,0,0.0
02/05/2007,0,0,74(0.00 %),0,0,0,0,0,0.0
03/05/2007,500,37000000,74(0.00 %),500,37000000,0,0,0,0.0
04/05/2007,100,7400000,74(0.00 %),100,7400000,0,0,0,0.0
07/05/2007,0,0,75(1.35 %),0,0,0,0,0,0.0
08/05/2007,0,0,76(1.33 %),0,0,0,0,0,0.0
09/05/2007,-3650,-264625000,72.5(-4.61 %),0,0,3650,264625000,0,0.0
10/05/2007,0,0,73.5(1.38 %),0,0,0,0,0,0.0
11/05/2007,-5000,-372500000,74.5(1.36 %),0,0,5000,372500000,0,0.0
14/05/2007,-5000,-375000000,75(0.67 %),0,0,5000,375000000,0,0.0
15/05/2007,100,7500000,75(0.00 %),100,7500000,0,0,0,0.0
16/05/2007,0,0,74(-1.33 %),0,0,0,0,0,0.0
17/05/2007,-5000,-372500000,75(1.35 %),0,0,5000,372500000,0,0.0
18/05/2007,-10000,-750000000,75(0.00 %),0,0,10000,750000000,0,0.0
21/05/2007,0,0,76(1.33 %),0,0,0,0,0,0.0
22/05/2007,0,0,79.5(4.61 %),0,0,0,0,0,0.0
23/05/2007,0,0,83(4.40 %),0,0,0,0,0,0.0
24/05/2007,0,0,87(4.82 %),0,0,0,0,0,0.0
25/05/2007,-23000,-2001000000,87(0.00 %),5000,435000000,28000,2436000000,0,0.0
28/05/2007,300,25950000,84.5(-2.87 %),300,25950000,0,0,0,0.0
29/05/2007,-1230,-100860000,81.5(-3.55 %),0,0,1230,100860000,0,0.0
30/05/2007,100,8200000,82(0.61 %),100,8200000,0,0,0,0.0
31/05/2007,2000,164000000,82(0.00 %),2000,164000000,0,0,0,0.0
01/06/2007,1100,89100000,81(-1.22 %),1100,89100000,0,0,0,0.0
04/06/2007,0,0,80(-1.23 %),600,48000000,600,48000000,0,0.0
05/06/2007,0,0,78(-2.50 %),0,0,0,0,0,0.0
06/06/2007,1000,78000000,78(0.00 %),1000,78000000,0,0,0,0.0
07/06/2007,0,0,71(4.80 %),0,0,0,0,0,0.0
08/06/2007,-26250,-1848960000,70(-1.41 %),0,0,26250,1848960000,0,0.0
11/06/2007,0,0,69(-1.43 %),0,0,0,0,0,0.0
12/06/2007,1480,100640000,69.5(0.72 %),1480,100640000,0,0,0,0.0
13/06/2007,0,0,68.5(-1.44 %),0,0,0,0,0,0.0
14/06/2007,0,0,69(0.73 %),0,0,0,0,0,0.0
15/06/2007,3100,211125000,68.5(-0.72 %),3100,211125000,0,0,0,0.0
18/06/2007,0,0,69(0.73 %),0,0,0,0,0,0.0
19/06/2007,720,49630000,68.5(-0.72 %),720,49630000,0,0,0,0.0
20/06/2007,0,0,68(-0.73 %),0,0,0,0,0,0.0
21/06/2007,0,0,67.5(-0.74 %),0,0,0,0,0,0.0
22/06/2007,4100,270600000,66(-2.22 %),4100,270600000,0,0,0,0.0
25/06/2007,0,0,66(0.00 %),0,0,0,0,0,0.0
26/06/2007,100,6550000,65.5(-0.76 %),100,6550000,0,0,0,0.0
27/06/2007,0,0,65(-0.76 %),0,0,0,0,0,0.0
28/06/2007,-9800,-617400000,63(-3.08 %),200,12600000,10000,630000000,0,0.0
29/06/2007,0,0,62(-1.59 %),0,0,0,0,0,0.0
02/07/2007,0,0,59(-4.84 %),0,0,0,0,0,0.0
03/07/2007,0,0,59(0.00 %),0,0,0,0,0,0.0
04/07/2007,0,0,61.5(4.24 %),0,0,0,0,0,0.0
05/07/2007,700,43000000,61.5(0.00 %),800,49200000,100,6200000,0,0.0
06/07/2007,1000,62000000,62(0.81 %),1000,62000000,0,0,0,0.0
09/07/2007,100,6200000,62(0.00 %),100,6200000,0,0,0,0.0
10/07/2007,0,0,62(0.00 %),0,0,0,0,0,0.0
11/07/2007,0,0,64(3.23 %),0,0,0,0,0,0.0
12/07/2007,-200,-12900000,64(0.00 %),0,0,200,12900000,0,0.0
13/07/2007,0,0,64(0.00 %),0,0,0,0,0,0.0
16/07/2007,0,0,62(-3.12 %),0,0,0,0,0,0.0
17/07/2007,0,0,62(0.00 %),0,0,0,0,0,0.0
18/07/2007,0,0,61.5(-0.81 %),0,0,0,0,0,0.0
19/07/2007,-1100,-68200000,60(-2.44 %),0,0,1100,68200000,0,0.0
20/07/2007,0,0,60.5(0.83 %),0,0,0,0,0,0.0
23/07/2007,0,0,62(2.48 %),0,0,0,0,0,0.0
24/07/2007,-150,-9150000,62.5(0.81 %),0,0,150,9150000,0,0.0
25/07/2007,0,0,60.5(-3.20 %),0,0,0,0,0,0.0
26/07/2007,0,0,59(-2.48 %),0,0,0,0,0,0.0
27/07/2007,1600,94350000,58.5(-0.85 %),1600,94350000,0,0,0,0.0
30/07/2007,0,0,58(-0.85 %),0,0,0,0,0,0.0
31/07/2007,0,0,55.5(-4.31 %),0,0,0,0,0,0.0
01/08/2007,0,0,55.5(0.00 %),0,0,0,0,0,0.0
02/08/2007,100,5550000,55.5(0.00 %),100,5550000,0,0,0,0.0
03/08/2007,0,0,55.5(0.00 %),0,0,0,0,0,0.0
06/08/2007,20,1110000,53(-4.50 %),20,1110000,0,0,0,0.0
07/08/2007,0,0,52.5(-0.94 %),0,0,0,0,0,0.0
08/08/2007,300,15750000,53(0.95 %),300,15750000,0,0,0,0.0
09/08/2007,0,0,54(1.89 %),0,0,0,0,0,0.0
10/08/2007,0,0,54(0.00 %),0,0,0,0,0,0.0
13/08/2007,0,0,52.5(-2.78 %),0,0,0,0,0,0.0
14/08/2007,0,0,53.5(1.90 %),0,0,0,0,0,0.0
15/08/2007,0,0,53(-0.93 %),0,0,0,0,0,0.0
16/08/2007,0,0,51.5(-2.83 %),0,0,0,0,0,0.0
17/08/2007,0,0,51(-0.97 %),0,0,0,0,0,0.0
20/08/2007,0,0,51(0.00 %),0,0,0,0,0,0.0
21/08/2007,0,0,49.5(-2.94 %),0,0,0,0,0,0.0
22/08/2007,140,6888000,49.5(0.00 %),140,6888000,0,0,0,0.0
23/08/2007,0,0,48(-3.03 %),0,0,0,0,0,0.0
24/08/2007,0,0,50(4.17 %),0,0,0,0,0,0.0
27/08/2007,0,0,50(0.00 %),0,0,0,0,0,0.0
28/08/2007,0,0,50(0.00 %),0,0,0,0,0,0.0
29/08/2007,0,0,50(0.00 %),0,0,0,0,0,0.0
30/08/2007,0,0,50(0.00 %),0,0,0,0,0,0.0
31/08/2007,0,0,50.5(1.00 %),0,0,0,0,0,0.0
04/09/2007,-110,-5665000,51.5(1.98 %),0,0,110,5665000,0,0.0
05/09/2007,22650,1223100000,54(4.85 %),22650,1223100000,0,0,0,0.0
06/09/2007,170,9605000,56.5(4.63 %),170,9605000,0,0,0,0.0
07/09/2007,-200,-11800000,58(2.65 %),0,0,200,11800000,0,0.0
10/09/2007,0,0,56(-3.45 %),0,0,0,0,0,0.0
11/09/2007,1500,83500000,55.5(-0.89 %),1500,83500000,0,0,0,0.0
12/09/2007,300,16500000,55(-0.90 %),300,16500000,0,0,0,0.0
13/09/2007,0,0,53.5(-2.73 %),0,0,0,0,0,0.0
14/09/2007,270,14580000,54(0.93 %),270,14580000,0,0,0,0.0
17/09/2007,100,5400000,54(0.00 %),100,5400000,0,0,0,0.0
18/09/2007,0,0,55(1.85 %),0,0,0,0,0,0.0
19/09/2007,0,0,55.5(0.91 %),0,0,0,0,0,0.0
20/09/2007,2500,140000000,56(0.90 %),2500,140000000,0,0,0,0.0
21/09/2007,-500,-28000000,56(0.00 %),0,0,500,28000000,0,0.0
24/09/2007,-1150,-64400000,57(1.79 %),0,0,1150,64400000,0,0.0
25/09/2007,0,0,58(1.75 %),0,0,0,0,0,0.0
26/09/2007,0,0,59(1.72 %),0,0,0,0,0,0.0
27/09/2007,0,0,58(-1.69 %),0,0,0,0,0,0.0
28/09/2007,0,0,58(0.00 %),0,0,0,0,0,0.0
01/10/2007,0,0,58(0.00 %),0,0,0,0,0,0.0
02/10/2007,18490,1090230000,59(1.72 %),18490,1090230000,0,0,0,0.0
03/10/2007,2000,118500000,59(0.00 %),2000,118500000,0,0,0,0.0
04/10/2007,0,0,59(0.00 %),0,0,0,0,0,0.0
05/10/2007,0,0,59(0.00 %),0,0,0,0,0,0.0
08/10/2007,-300,-17700000,58.5(-0.85 %),0,0,300,17700000,0,0.0
09/10/2007,110,6380000,58(-0.85 %),110,6380000,0,0,0,0.0
10/10/2007,3800,229000000,60(3.45 %),4000,241000000,200,12000000,0,0.0
11/10/2007,-2000,-124000000,63(5.00 %),0,0,2000,124000000,0,0.0
12/10/2007,1500,99000000,66(4.76 %),1700,112200000,200,13200000,0,0.0
15/10/2007,0,0,63.5(-3.79 %),0,0,0,0,0,0.0
16/10/2007,2000,127000000,62(-2.36 %),2000,127000000,0,0,0,0.0
17/10/2007,-2000,-126500000,63.5(2.42 %),0,0,2000,126500000,0,0.0
18/10/2007,-19130,-1163865000,60.5(-4.72 %),0,0,19130,1163865000,0,0.0
19/10/2007,-5420,-322440000,60(-0.83 %),100,6000000,5520,328440000,0,0.0
22/10/2007,-1010,-62620000,61(1.67 %),0,0,1010,62620000,0,0.0
23/10/2007,-8600,-516000000,60(-1.64 %),400,24000000,9000,540000000,0,0.0
24/10/2007,0,0,61(1.67 %),0,0,0,0,0,0.0
25/10/2007,-1000,-64000000,64(4.92 %),0,0,1000,64000000,0,0.0
26/10/2007,0,0,62.5(-2.34 %),0,0,0,0,0,0.0
29/10/2007,1000,63000000,62(-0.80 %),1000,63000000,0,0,0,0.0
30/10/2007,0,0,61.5(-0.81 %),0,0,0,0,0,0.0
31/10/2007,500,30750000,61(-0.81 %),500,30750000,0,0,0,0.0
01/11/2007,0,0,62(1.64 %),0,0,0,0,0,0.0
02/11/2007,0,0,64(3.23 %),0,0,0,0,0,0.0
05/11/2007,0,0,61.5(-3.91 %),0,0,0,0,0,0.0
06/11/2007,0,0,59(-4.07 %),0,0,0,0,0,0.0
07/11/2007,100,5900000,61.5(4.24 %),100,5900000,0,0,0,0.0
08/11/2007,0,0,59(-4.07 %),0,0,0,0,0,0.0
09/11/2007,0,0,57(-3.39 %),0,0,0,0,0,0.0
12/11/2007,0,0,55.5(-2.63 %),0,0,0,0,0,0.0
13/11/2007,0,0,53(-4.50 %),0,0,0,0,0,0.0
14/11/2007,0,0,55.5(4.72 %),0,0,0,0,0,0.0
15/11/2007,0,0,53.5(-3.60 %),0,0,0,0,0,0.0
16/11/2007,0,0,54(0.93 %),0,0,0,0,0,0.0
19/11/2007,0,0,54(0.00 %),0,0,0,0,0,0.0
20/11/2007,0,0,53(-1.85 %),0,0,0,0,0,0.0
21/11/2007,1790,94870000,53(0.00 %),1790,94870000,0,0,0,0.0
22/11/2007,0,0,53(0.00 %),0,0,0,0,0,0.0
23/11/2007,5600,302105000,52.5(-0.94 %),5600,302105000,0,0,0,0.0
26/11/2007,0,0,54(2.86 %),0,0,0,0,0,0.0
27/11/2007,0,0,54(0.00 %),0,0,0,0,0,0.0
28/11/2007,2670,144180000,54.5(0.93 %),2670,144180000,0,0,0,0.0
29/11/2007,3180,171620000,54.5(0.00 %),3180,171620000,0,0,0,0.0
30/11/2007,-570,-31350000,53(-2.75 %),0,0,570,31350000,0,0.0
03/12/2007,0,0,54(1.89 %),0,0,0,0,0,0.0
04/12/2007,0,0,55(1.85 %),0,0,0,0,0,0.0
05/12/2007,1200,66000000,54.5(-0.91 %),1200,66000000,0,0,0,0.0
06/12/2007,0,0,54(-0.92 %),0,0,0,0,0,0.0
07/12/2007,0,0,54(0.00 %),0,0,0,0,0,0.0
10/12/2007,-4380,-233450000,54(0.00 %),0,0,4380,233450000,0,0.0
11/12/2007,-3600,-190900000,53(-1.85 %),0,0,3600,190900000,0,0.0
12/12/2007,0,0,53(0.00 %),0,0,0,0,0,0.0
13/12/2007,300,15900000,51.5(-2.83 %),1500,79500000,1200,63600000,0,0.0
14/12/2007,0,0,51(-0.97 %),0,0,0,0,0,0.0
17/12/2007,-750,-37500000,50(-1.96 %),1040,52000000,1790,89500000,0,0.0
18/12/2007,1160,57868000,49.8(-0.40 %),1160,57868000,0,0,0,0.0
19/12/2007,0,0,52(4.42 %),0,0,0,0,0,0.0
20/12/2007,0,0,51(-1.92 %),0,0,0,0,0,0.0
21/12/2007,500,25000000,51(0.00 %),500,25000000,0,0,0,0.0
24/12/2007,-1010,-51280000,51(0.00 %),460,23690000,1470,74970000,0,0.0
25/12/2007,0,0,49.6(-2.75 %),0,0,0,0,0,0.0
26/12/2007,0,0,50(0.81 %),0,0,0,0,0,0.0
27/12/2007,0,0,50(0.00 %),0,0,0,0,0,0.0
28/12/2007,0,0,50.5(1.00 %),0,0,0,0,0,0.0
02/01/2008,0,0,50(-0.99 %),0,0,0,0,0,0.0
03/01/2008,90,4650000,49.5(-1.00 %),300,15150000,210,10500000,0,0.0
04/01/2008,0,0,49.5(0.00 %),0,0,0,0,0,0.0
07/01/2008,-1550,-74450000,47.5(-4.04 %),0,0,1550,74450000,0,0.0
08/01/2008,-1430,-68280000,48(1.05 %),0,0,1430,68280000,0,0.0
09/01/2008,-880,-42490000,48(0.00 %),0,0,880,42490000,0,0.0
10/01/2008,0,0,45.6(-5.00 %),0,0,0,0,0,0.0
11/01/2008,0,0,47(3.07 %),0,0,0,0,0,0.0
14/01/2008,-14140,-657510000,45.5(-3.19 %),0,0,14140,657510000,0,0.0
15/01/2008,300,12990000,43.3(-4.84 %),300,12990000,0,0,0,0.0
16/01/2008,1200,51960000,45.4(4.85 %),1200,51960000,0,0,0,0.0
17/01/2008,0,0,43.2(-4.85 %),0,0,0,0,0,0.0
18/01/2008,0,0,44.4(2.78 %),0,0,0,0,0,0.0
21/01/2008,100,4440000,43(-3.15 %),100,4440000,0,0,0,0.0
22/01/2008,-1500,-62370000,41.2(-4.19 %),0,0,1500,62370000,0,0.0
23/01/2008,0,0,39.5(-4.13 %),0,0,0,0,0,0.0
24/01/2008,0,0,40(1.27 %),0,0,0,0,0,0.0
25/01/2008,0,0,41.7(4.25 %),0,0,0,0,0,0.0
28/01/2008,0,0,41.7(0.00 %),0,0,0,0,0,0.0
29/01/2008,-1200,-51575000,43(3.12 %),0,0,1200,51575000,0,0.0
30/01/2008,0,0,45.1(4.88 %),0,0,0,0,0,0.0
31/01/2008,0,0,46(2.00 %),0,0,0,0,0,0.0
01/02/2008,0,0,48(4.35 %),0,0,0,0,0,0.0
12/02/2008,0,0,48(0.00 %),0,0,0,0,0,0.0
13/02/2008,0,0,46(-4.17 %),0,0,0,0,0,0.0
14/02/2008,0,0,45.7(-0.65 %),0,0,0,0,0,0.0
15/02/2008,0,0,45.5(-0.44 %),0,0,0,0,0,0.0
18/02/2008,0,0,43.4(-4.62 %),0,0,0,0,0,0.0
19/02/2008,0,0,43(-0.92 %),0,0,0,0,0,0.0
20/02/2008,1000,43075000,41(-4.65 %),1000,43075000,0,0,0,0.0
21/02/2008,0,0,39(-4.88 %),0,0,0,0,0,0.0
22/02/2008,0,0,37.1(-4.87 %),0,0,0,0,0,0.0
25/02/2008,14620,562298000,38.9(4.85 %),14620,562298000,0,0,0,0.0
26/02/2008,0,0,37(-4.88 %),0,0,0,0,0,0.0
27/02/2008,1000,37400000,38(2.70 %),1000,37400000,0,0,0,0.0
28/02/2008,5050,192290000,37(-2.63 %),5050,192290000,0,0,0,0.0
29/02/2008,2090,76930000,36.8(-0.54 %),2090,76930000,0,0,0,0.0
03/03/2008,0,0,35(-4.89 %),0,0,0,0,0,0.0
04/03/2008,4000,133200000,33.3(-4.86 %),4000,133200000,0,0,0,0.0
05/03/2008,2000,63400000,31.7(-4.80 %),2000,63400000,0,0,0,0.0
06/03/2008,1000,31700000,33.2(4.73 %),1000,31700000,0,0,0,0.0
07/03/2008,2370,82180000,34.8(4.82 %),2370,82180000,0,0,0,0.0
10/03/2008,0,0,33.1(-4.89 %),0,0,0,0,0,0.0
11/03/2008,0,0,31.5(-4.83 %),0,0,0,0,0,0.0
12/03/2008,0,0,31(-1.59 %),0,0,0,0,0,0.0
13/03/2008,300,9060000,30.1(-2.90 %),300,9060000,0,0,0,0.0
14/03/2008,0,0,29(-3.65 %),0,0,0,0,0,0.0
17/03/2008,-3370,-93686000,27.6(-4.83 %),0,0,3370,93686000,0,0.0
18/03/2008,2000,52600000,26.3(-4.71 %),2000,52600000,0,0,0,0.0
19/03/2008,0,0,26(-1.14 %),0,0,0,0,0,0.0
20/03/2008,2000,53344000,26(0.00 %),2000,53344000,0,0,0,0.0
21/03/2008,0,0,25(-3.85 %),0,0,0,0,0,0.0
24/03/2008,0,0,23.8(-4.80 %),0,0,0,0,0,0.0
25/03/2008,1050,23835000,22.7(-4.62 %),1050,23835000,0,0,0,0.0
26/03/2008,3000,69000000,23(1.32 %),3000,69000000,0,0,0,0.0
27/03/2008,0,0,23.2(0.87 %),0,0,0,0,0,0.0
28/03/2008,0,0,23.4(0.86 %),0,0,0,0,0,0.0
31/03/2008,0,0,23.6(0.85 %),0,0,0,0,0,0.0
01/04/2008,0,0,23.8(0.85 %),0,0,0,0,0,0.0
02/04/2008,0,0,24(0.84 %),0,0,0,0,0,0.0
03/04/2008,0,0,24.2(0.83 %),0,0,0,0,0,0.0
04/04/2008,0,0,24.4(0.83 %),0,0,0,0,0,0.0
07/04/2008,0,0,24.8(1.64 %),0,0,0,0,0,0.0
08/04/2008,2010,50652000,25.2(1.61 %),2010,50652000,0,0,0,0.0
09/04/2008,1500,38550000,25.7(1.98 %),1500,38550000,0,0,0,0.0
10/04/2008,850,21595000,25.7(0.00 %),850,21595000,0,0,0,0.0
11/04/2008,0,0,25.2(-1.95 %),0,0,0,0,0,0.0
16/04/2008,0,0,25.7(1.98 %),0,0,0,0,0,0.0
17/04/2008,0,0,26.2(1.95 %),0,0,0,0,0,0.0
18/04/2008,0,0,26.7(1.91 %),0,0,0,0,0,0.0
21/04/2008,600,16220000,27(1.12 %),600,16220000,0,0,0,0.0
22/04/2008,700,17290000,24.7(-1.98 %),700,17290000,0,0,0,0.0
23/04/2008,0,0,24.3(-1.62 %),0,0,0,0,0,0.0
24/04/2008,200,4780000,23.9(-1.65 %),200,4780000,0,0,0,0.0
25/04/2008,2100,49350000,23.5(-1.67 %),2100,49350000,0,0,0,0.0
28/04/2008,2000,46200000,23.1(-1.70 %),2000,46200000,0,0,0,0.0
29/04/2008,3500,80050000,22.7(-1.73 %),3500,80050000,0,0,0,0.0
05/05/2008,0,0,22.3(-1.76 %),0,0,0,0,0,0.0
06/05/2008,1400,30660000,21.9(-1.79 %),1400,30660000,0,0,0,0.0
07/05/2008,200,4300000,21.5(-1.83 %),200,4300000,0,0,0,0.0
08/05/2008,2000,42200000,21.1(-1.86 %),2000,42200000,0,0,0,0.0
09/05/2008,630,13293000,20.7(-1.90 %),630,13293000,0,0,0,0.0
12/05/2008,2000,40600000,20.3(-1.93 %),2000,40600000,0,0,0,0.0
13/05/2008,0,0,19.9(-1.97 %),0,0,0,0,0,0.0
14/05/2008,0,0,19.6(-1.51 %),0,0,0,0,0,0.0
15/05/2008,100,1930000,19.3(-1.53 %),100,1930000,0,0,0,0.0
16/05/2008,0,0,19.3(0.00 %),0,0,0,0,0,0.0
19/05/2008,7000,133000000,19(-1.55 %),7000,133000000,0,0,0,0.0
20/05/2008,3300,61710000,18.7(-1.58 %),3300,61710000,0,0,0,0.0
21/05/2008,3100,57040000,18.4(-1.60 %),3100,57040000,0,0,0,0.0
22/05/2008,0,0,18.1(-1.63 %),0,0,0,0,0,0.0
23/05/2008,0,0,17.8(-1.66 %),0,0,0,0,0,0.0
26/05/2008,1000,17500000,17.5(-1.69 %),1000,17500000,0,0,0,0.0
27/05/2008,0,0,17.5(0.00 %),0,0,0,0,0,0.0
28/05/2008,0,0,17.5(0.00 %),0,0,0,0,0,0.0
29/05/2008,0,0,17.5(0.00 %),0,0,0,0,0,0.0
30/05/2008,5000,86000000,17.2(-1.71 %),5000,86000000,0,0,0,0.0
02/06/2008,0,0,16.9(-1.74 %),0,0,0,0,0,0.0
03/06/2008,0,0,16.6(-1.78 %),0,0,0,0,0,0.0
04/06/2008,1000,16300000,16.3(-1.81 %),1000,16300000,0,0,0,0.0
05/06/2008,100,1600000,16(-1.84 %),100,1600000,0,0,0,0.0
06/06/2008,0,0,15.7(-1.88 %),0,0,0,0,0,0.0
09/06/2008,8000,123200000,15.4(-1.91 %),9000,138600000,1000,15400000,0,0.0
10/06/2008,0,0,15.1(-1.95 %),0,0,0,0,0,0.0
11/06/2008,4620,68376000,15.4(1.99 %),4620,68376000,0,0,0,0.0
12/06/2008,3800,57760000,15.7(1.95 %),3800,57760000,0,0,0,0.0
13/06/2008,300,4800000,16(1.91 %),300,4800000,0,0,0,0.0
16/06/2008,250,4075000,16.3(1.88 %),250,4075000,0,0,0,0.0
17/06/2008,0,0,16.6(1.84 %),0,0,0,0,0,0.0
18/06/2008,2000,33800000,16.3(-1.81 %),2000,33800000,0,0,0,0.0
19/06/2008,0,0,15.9(-2.45 %),0,0,0,0,0,0.0
20/06/2008,0,0,15.5(-2.52 %),0,0,0,0,0,0.0
23/06/2008,200,3020000,15.1(-2.58 %),5200,78520000,5000,75500000,0,0.0
24/06/2008,100,1470000,15.5(2.65 %),100,1470000,0,0,0,0.0
25/06/2008,300,4646000,15.9(2.58 %),300,4646000,0,0,0,0.0
26/06/2008,3400,52700000,15.5(-2.52 %),3400,52700000,0,0,0,0.0
27/06/2008,0,0,15.9(2.58 %),0,0,0,0,0,0.0
30/06/2008,2370,36972000,15.6(-1.89 %),2370,36972000,0,0,0,0.0
01/07/2008,310,4955000,16(2.56 %),310,4955000,0,0,0,0.0
02/07/2008,-29700,-480576000,16.4(2.50 %),300,4800000,30000,485376000,0,0.0
03/07/2008,-96420,-1586880000,16.8(2.44 %),3580,60080000,100000,1646960000,0,0.0
04/07/2008,-136200,-2356260000,17.3(2.98 %),63800,1103740000,200000,3460000000,0,0.0
07/07/2008,12800,227723000,16.8(-2.89 %),12800,227723000,0,0,0,0.0
08/07/2008,200,3260000,17.2(2.38 %),200,3260000,0,0,0,0.0
09/07/2008,0,0,17.5(1.74 %),0,0,0,0,0,0.0
10/07/2008,-12800,-217600000,17(-2.86 %),0,0,12800,217600000,0,0.0
11/07/2008,-100000,-1668624000,17(0.00 %),0,0,100000,1668624000,0,0.0
14/07/2008,-59700,-1014900000,17(0.00 %),200,3400000,59900,1018300000,0,0.0
15/07/2008,-113870,-1912966000,16.9(-0.59 %),300,5080000,114170,1918046000,0,0.0
16/07/2008,-39000,-639600000,16.4(-2.96 %),4900,80360000,43900,719960000,0,0.0
17/07/2008,-56130,-898460000,16(-2.44 %),0,0,56130,898460000,0,0.0
18/07/2008,27600,430560000,15.6(-2.50 %),27600,430560000,0,0,0,0.0
21/07/2008,-4730,-71896000,15.2(-2.56 %),0,0,4730,71896000,0,0.0
22/07/2008,0,0,14.8(-2.63 %),0,0,0,0,0,0.0
23/07/2008,0,0,14.4(-2.70 %),0,0,0,0,0,0.0
24/07/2008,0,0,14(-2.78 %),0,0,0,0,0,0.0
25/07/2008,0,0,13.6(-2.86 %),0,0,0,0,0,0.0
28/07/2008,0,0,13.2(-2.94 %),0,0,0,0,0,0.0
29/07/2008,-73170,-957530000,13.5(2.27 %),0,0,73170,957530000,0,0.0
30/07/2008,-64530,-879003000,13.9(2.96 %),10300,134930000,74830,1013933000,0,0.0
31/07/2008,-40050,-540675000,13.5(-2.88 %),0,0,40050,540675000,0,0.0
01/08/2008,-9060,-118890000,13.1(-2.96 %),0,0,9060,118890000,0,0.0
04/08/2008,-20830,-266624000,12.8(-2.29 %),0,0,20830,266624000,0,0.0
05/08/2008,0,0,12.5(-2.34 %),0,0,0,0,0,0.0
06/08/2008,-37450,-456890000,12.2(-2.40 %),2100,25620000,39550,482510000,0,0.0
07/08/2008,-32330,-388203000,11.9(-2.46 %),0,0,32330,388203000,0,0.0
08/08/2008,5000,61000000,12.2(2.52 %),7000,85400000,2000,24400000,0,0.0
11/08/2008,0,0,12.5(2.46 %),0,0,0,0,0,0.0
12/08/2008,0,0,12.6(0.80 %),0,0,0,0,0,0.0
13/08/2008,2000,24600000,12.5(-0.79 %),2000,24600000,0,0,0,0.0
14/08/2008,2000,25200000,12.8(2.40 %),2000,25200000,0,0,0,0.0
15/08/2008,0,0,13.1(2.34 %),0,0,0,0,0,0.0
18/08/2008,-1000,-13700000,13.7(4.58 %),2000,27400000,3000,41100000,0,0.0
19/08/2008,0,0,13.2(-3.65 %),0,0,0,0,0,0.0
20/08/2008,3060,38556000,13.1(-0.76 %),3060,38556000,0,0,0,0.0
21/08/2008,-7000,-91700000,13.1(0.00 %),2000,26200000,9000,117900000,0,0.0
22/08/2008,0,0,13.1(0.00 %),0,0,0,0,0,0.0
25/08/2008,-4220,-56792000,13.7(4.58 %),6000,82200000,10220,138992000,0,0.0
26/08/2008,4500,64350000,14.3(4.38 %),4500,64350000,0,0,0,0.0
27/08/2008,-47350,-710250000,15(4.90 %),2650,39750000,50000,750000000,0,0.0
28/08/2008,10020,143286000,14.3(-4.67 %),10020,143286000,0,0,0,0.0
29/08/2008,-170,-2263000,14.3(0.00 %),4730,65757000,4900,68020000,0,0.0
03/09/2008,0,0,15(4.90 %),0,0,0,0,0,0.0
04/09/2008,-82250,-1291338000,15.7(4.67 %),17750,278662000,100000,1570000000,0,0.0
05/09/2008,-50100,-821640000,16.4(4.46 %),0,0,50100,821640000,0,0.0
08/09/2008,-200000,-3440000000,17.2(4.88 %),0,0,200000,3440000000,0,0.0
09/09/2008,-4000,-72000000,18(4.65 %),0,0,4000,72000000,0,0.0
10/09/2008,-102800,-1942920000,17.1(-5.00 %),1000,18900000,103800,1961820000,0,0.0
11/09/2008,0,0,16.3(-4.68 %),0,0,0,0,0,0.0
12/09/2008,0,0,15.5(-4.91 %),0,0,0,0,0,0.0
15/09/2008,3000,44400000,16(3.23 %),3000,44400000,0,0,0,0.0
16/09/2008,2000,30400000,15.2(-5.00 %),2000,30400000,0,0,0,0.0
17/09/2008,0,0,14.5(-4.61 %),0,0,0,0,0,0.0
18/09/2008,600,8280000,13.8(-4.83 %),600,8280000,0,0,0,0.0
19/09/2008,0,0,14.4(4.35 %),0,0,0,0,0,0.0
22/09/2008,5070,76557000,15.1(4.86 %),5070,76557000,0,0,0,0.0
23/09/2008,48700,704130000,14.4(-4.64 %),51700,747330000,3000,43200000,0,0.0
24/09/2008,22300,314730000,14(-2.78 %),22300,314730000,0,0,0,0.0
25/09/2008,0,0,14.3(2.14 %),0,0,0,0,0,0.0
26/09/2008,0,0,14.9(4.20 %),0,0,0,0,0,0.0
29/09/2008,0,0,15(0.67 %),0,0,0,0,0,0.0
30/09/2008,0,0,14.3(-4.67 %),0,0,0,0,0,0.0
01/10/2008,0,0,13.8(-3.50 %),0,0,0,0,0,0.0
02/10/2008,0,0,14.4(4.35 %),0,0,0,0,0,0.0
03/10/2008,0,0,14.7(2.08 %),0,0,0,0,0,0.0
06/10/2008,0,0,14.5(-1.36 %),0,0,0,0,0,0.0
07/10/2008,0,0,13.8(-4.83 %),0,0,0,0,0,0.0
08/10/2008,0,0,13.2(-4.35 %),0,0,0,0,0,0.0
09/10/2008,-5100,-64770000,13(-1.52 %),0,0,5100,64770000,0,0.0
10/10/2008,-500,-6200000,12.4(-4.62 %),0,0,500,6200000,0,0.0
13/10/2008,0,0,12.6(1.61 %),0,0,0,0,0,0.0
14/10/2008,0,0,13.2(4.76 %),0,0,0,0,0,0.0
15/10/2008,500,6750000,13.8(4.55 %),500,6750000,0,0,0,0.0
16/10/2008,500,6600000,13.2(-4.35 %),500,6600000,0,0,0,0.0
17/10/2008,0,0,13.2(0.00 %),0,0,0,0,0,0.0
20/10/2008,-2000,-26400000,13.2(0.00 %),0,0,2000,26400000,0,0.0
21/10/2008,0,0,13.5(2.27 %),0,0,0,0,0,0.0
22/10/2008,1000,13500000,13.6(0.74 %),1000,13500000,0,0,0,0.0
23/10/2008,0,0,13(-4.41 %),0,0,0,0,0,0.0
24/10/2008,0,0,12.4(-4.62 %),0,0,0,0,0,0.0
27/10/2008,0,0,11.8(-4.84 %),0,0,0,0,0,0.0
28/10/2008,0,0,11.3(-4.24 %),0,0,0,0,0,0.0
29/10/2008,0,0,11.4(0.88 %),0,0,0,0,0,0.0
30/10/2008,0,0,11.4(0.00 %),0,0,0,0,0,0.0
31/10/2008,460,5106000,11.1(-2.63 %),460,5106000,0,0,0,0.0
03/11/2008,0,0,10.8(-2.70 %),0,0,0,0,0,0.0
04/11/2008,0,0,11.3(4.63 %),0,0,0,0,0,0.0
05/11/2008,-300,-3540000,11.8(4.42 %),0,0,300,3540000,0,0.0
06/11/2008,0,0,11.7(-0.85 %),0,0,0,0,0,0.0
07/11/2008,0,0,11.4(-2.56 %),0,0,0,0,0,0.0
10/11/2008,0,0,11.8(3.51 %),0,0,0,0,0,0.0
11/11/2008,-4000,-46000000,11.8(0.00 %),0,0,4000,46000000,0,0.0
12/11/2008,0,0,11.7(-0.85 %),0,0,0,0,0,0.0
13/11/2008,0,0,12(2.56 %),0,0,0,0,0,0.0
14/11/2008,0,0,12(0.00 %),0,0,0,0,0,0.0
17/11/2008,0,0,12(0.00 %),0,0,0,0,0,0.0
18/11/2008,0,0,12.2(1.67 %),0,0,0,0,0,0.0
19/11/2008,-800,-9360000,11.7(-4.10 %),0,0,800,9360000,0,0.0
20/11/2008,0,0,11.3(-3.42 %),0,0,0,0,0,0.0
21/11/2008,0,0,11.3(0.00 %),0,0,0,0,0,0.0
24/11/2008,0,0,11(-2.65 %),0,0,0,0,0,0.0
25/11/2008,0,0,11.5(4.55 %),0,0,0,0,0,0.0
26/11/2008,0,0,11.7(1.74 %),0,0,0,0,0,0.0
27/11/2008,-570,-6441000,11.4(-2.56 %),0,0,570,6441000,0,0.0
28/11/2008,0,0,11.9(4.39 %),0,0,0,0,0,0.0
01/12/2008,0,0,11.8(-0.42 %),0,0,0,0,0,0.0
02/12/2008,0,0,11.7(-0.85 %),0,0,0,0,0,0.0
03/12/2008,0,0,11.4(-2.56 %),0,0,0,0,0,0.0
04/12/2008,0,0,11.2(-1.75 %),0,0,0,0,0,0.0
05/12/2008,0,0,11.4(1.79 %),0,0,0,0,0,0.0
08/12/2008,0,0,11(-3.51 %),0,0,0,0,0,0.0
09/12/2008,0,0,11(0.00 %),0,0,0,0,0,0.0
10/12/2008,0,0,11(0.00 %),0,0,0,0,0,0.0
11/12/2008,0,0,11.2(1.82 %),0,0,0,0,0,0.0
12/12/2008,0,0,11.7(4.46 %),0,0,0,0,0,0.0
15/12/2008,0,0,12.2(4.27 %),0,0,0,0,0,0.0
16/12/2008,0,0,11.6(-4.92 %),0,0,0,0,0,0.0
17/12/2008,0,0,11.6(0.00 %),0,0,0,0,0,0.0
18/12/2008,0,0,11.5(-0.86 %),0,0,0,0,0,0.0
19/12/2008,0,0,11.7(1.74 %),0,0,0,0,0,0.0
22/12/2008,-960,-11040000,11.8(0.85 %),0,0,960,11040000,0,0.0
23/12/2008,0,0,11.6(-1.69 %),0,0,0,0,0,0.0
24/12/2008,0,0,11.5(-0.86 %),0,0,0,0,0,0.0
25/12/2008,0,0,11.5(0.00 %),0,0,0,0,0,0.0
26/12/2008,0,0,11.9(3.48 %),0,0,0,0,0,0.0
29/12/2008,0,0,12(0.84 %),0,0,0,0,0,0.0
30/12/2008,-2550,-29835000,11.7(-2.50 %),0,0,2550,29835000,0,0.0
31/12/2008,0,0,12(2.56 %),0,0,0,0,0,0.0
02/01/2009,0,0,12(0.00 %),0,0,0,0,2879940,12.55
05/01/2009,0,0,11.7(-2.50 %),0,0,0,0,2879940,12.55
06/01/2009,0,0,11.8(0.85 %),0,0,0,0,2879940,12.55
07/01/2009,0,0,11.9(0.85 %),0,0,0,0,2879940,12.55
08/01/2009,-20,-236000,11.8(-0.84 %),0,0,20,236000,2879960,12.54
09/01/2009,0,0,11.5(-2.54 %),0,0,0,0,2879960,12.54
12/01/2009,0,0,11.6(0.87 %),0,0,0,0,2879960,12.54
13/01/2009,0,0,11.5(-0.86 %),0,0,0,0,2879960,12.54
14/01/2009,0,0,11.3(-1.74 %),0,0,0,0,2879960,12.54
15/01/2009,0,0,11.2(-0.88 %),0,0,0,0,2879960,12.54
16/01/2009,0,0,11.5(2.68 %),0,0,0,0,2879960,12.54
19/01/2009,0,0,11.7(1.74 %),0,0,0,0,2879960,12.54
20/01/2009,0,0,11.6(-0.85 %),0,0,0,0,2879960,12.54
21/01/2009,0,0,11.5(-0.86 %),0,0,0,0,2879960,12.54
22/01/2009,0,0,11.9(3.48 %),0,0,0,0,2879960,12.54
23/01/2009,0,0,11.8(-0.84 %),0,0,0,0,2879960,12.54
02/02/2009,0,0,11.9(0.85 %),0,0,0,0,2879960,12.54
03/02/2009,0,0,11.4(-4.20 %),0,0,0,0,2879960,12.54
04/02/2009,0,0,11.6(1.75 %),0,0,0,0,2879960,12.54
05/02/2009,0,0,11.5(-0.86 %),0,0,0,0,2879960,12.54
06/02/2009,0,0,11.7(1.74 %),0,0,0,0,2879960,12.54
09/02/2009,0,0,10.5(-10.26 %),0,0,0,0,2879960,12.54
10/02/2009,0,0,10(-4.76 %),0,0,0,0,2879960,12.54
11/02/2009,0,0,9.8(-2.00 %),0,0,0,0,2879960,12.54
12/02/2009,0,0,10.2(4.08 %),0,0,0,0,2879960,12.54
13/02/2009,0,0,10.3(0.98 %),0,0,0,0,2879960,12.54
16/02/2009,0,0,9.9(-3.88 %),0,0,0,0,2879960,12.54
17/02/2009,0,0,9.8(-1.01 %),0,0,0,0,2879960,12.54
18/02/2009,0,0,9.4(-4.08 %),0,0,0,0,2879960,12.54
19/02/2009,0,0,9.3(-1.06 %),0,0,0,0,2879960,12.54
20/02/2009,0,0,9.2(-1.08 %),0,0,0,0,2879960,12.54
23/02/2009,0,0,8.9(-3.26 %),0,0,0,0,2879960,12.54
24/02/2009,0,0,8.5(-4.49 %),0,0,0,0,2879960,12.54
25/02/2009,0,0,8.9(4.71 %),0,0,0,0,2879960,12.54
26/02/2009,-1000,-8500000,8.6(-3.37 %),0,0,1000,8500000,2880960,12.53
27/02/2009,0,0,9(4.65 %),0,0,0,0,2880960,12.53
02/03/2009,0,0,9(0.00 %),0,0,0,0,2880960,12.53
03/03/2009,0,0,9.1(1.11 %),0,0,0,0,2880960,12.53
04/03/2009,0,0,9.1(0.00 %),0,0,0,0,2880960,12.53
05/03/2009,0,0,9.2(1.10 %),0,0,0,0,2880960,12.53
06/03/2009,0,0,9.2(0.00 %),0,0,0,0,2880960,12.53
09/03/2009,0,0,9(-2.17 %),0,0,0,0,2880960,12.53
10/03/2009,0,0,9.1(1.11 %),0,0,0,0,2880960,12.53
11/03/2009,0,0,9.4(3.30 %),0,0,0,0,2880960,12.53
12/03/2009,200,1880000,9.1(-3.19 %),200,1880000,0,0,2880760,12.53
13/03/2009,400,3680000,9.2(1.10 %),400,3680000,0,0,2880360,12.54
16/03/2009,0,0,9.1(-1.09 %),0,0,0,0,2880360,12.54
17/03/2009,0,0,9.2(1.10 %),0,0,0,0,2880360,12.54
18/03/2009,-2950,-27430000,9.3(1.09 %),50,470000,3000,27900000,2883310,12.5
19/03/2009,-5000,-48500000,9.6(3.23 %),0,0,5000,48500000,2888310,12.44
20/03/2009,4000,39400000,9.7(1.04 %),6000,59200000,2000,19800000,2884310,12.49
23/03/2009,0,0,9.6(-1.03 %),0,0,0,0,2884310,12.49
24/03/2009,0,0,10(4.17 %),0,0,0,0,2884310,12.49
25/03/2009,1000,9700000,9.8(-2.00 %),1000,9700000,0,0,2883310,12.5
26/03/2009,0,0,9.7(-1.02 %),0,0,0,0,2883310,12.5
27/03/2009,0,0,9.8(1.03 %),0,0,0,0,2883310,12.5
30/03/2009,3000,29600000,10(2.04 %),3000,29600000,0,0,2880310,12.54
31/03/2009,0,0,9.7(-3.00 %),0,0,0,0,2880310,12.54
01/04/2009,0,0,10(3.09 %),0,0,0,0,2880310,12.54
02/04/2009,-50,-510000,10.3(3.00 %),0,0,50,510000,2880360,12.54
03/04/2009,0,0,10.8(4.85 %),0,0,0,0,2880360,12.54
07/04/2009,-630,-6993000,11.3(4.63 %),0,0,630,6993000,2880990,12.53
08/04/2009,0,0,10.8(-4.42 %),0,0,0,0,2880990,12.53
09/04/2009,0,0,10.8(0.00 %),0,0,0,0,2880990,12.53
10/04/2009,0,0,11.3(4.63 %),0,0,0,0,2880990,12.53
13/04/2009,-48360,-570648000,11.8(4.42 %),0,0,48360,570648000,2929350,11.92
14/04/2009,0,0,11.7(-0.85 %),0,0,0,0,2929350,11.92
15/04/2009,0,0,11.3(-3.42 %),0,0,0,0,2929350,11.92
16/04/2009,0,0,11.3(0.00 %),0,0,0,0,2929350,11.92
17/04/2009,3000,33000000,10.8(-4.42 %),3000,33000000,0,0,2926350,11.96
20/04/2009,-1500,-15450000,10.3(-4.63 %),0,0,1500,15450000,2927850,11.94
21/04/2009,0,0,10.3(0.00 %),0,0,0,0,2927850,11.94
22/04/2009,0,0,10.8(4.85 %),0,0,0,0,2927850,11.94
23/04/2009,-800,-8640000,11(1.85 %),0,0,800,8640000,2928650,11.93
24/04/2009,0,0,10.7(-2.73 %),0,0,0,0,2928650,11.93
27/04/2009,0,0,10.4(-2.80 %),0,0,0,0,2928650,11.93
28/04/2009,0,0,10.5(0.96 %),0,0,0,0,2928650,11.93
29/04/2009,0,0,10.6(0.95 %),0,0,0,0,2928650,11.93
04/05/2009,0,0,11.1(4.72 %),0,0,0,0,2928650,11.93
05/05/2009,2150,24940000,11.6(4.50 %),2150,24940000,0,0,2926500,11.96
06/05/2009,5950,66045000,11.7(0.86 %),5950,66045000,0,0,2920550,12.03
07/05/2009,5000,58500000,11.7(0.00 %),5000,58500000,0,0,2915550,12.09
08/05/2009,4500,51400000,11.6(-0.85 %),5000,57000000,500,5600000,2911050,12.15
11/05/2009,0,0,11.3(-2.59 %),0,0,0,0,2911050,12.61
12/05/2009,0,0,11.6(2.65 %),0,0,0,0,2911050,12.61
13/05/2009,0,0,11.9(2.59 %),0,0,0,0,2911050,12.61
14/05/2009,0,0,11.8(-0.84 %),0,0,0,0,2911050,12.61
15/05/2009,0,0,11.9(0.85 %),0,0,0,0,2911050,12.61
18/05/2009,-2020,-23432000,12(0.84 %),80,928000,2100,24360000,2913070,12.59
19/05/2009,0,0,12.3(2.50 %),0,0,0,0,2913070,12.59
20/05/2009,0,0,12.6(2.44 %),0,0,0,0,2913070,12.59
21/05/2009,0,0,13.2(4.76 %),0,0,0,0,2913070,12.59
22/05/2009,-36620,-494370000,13.5(2.27 %),0,0,36620,494370000,2949690,12.13
25/05/2009,0,0,13.8(2.22 %),0,0,0,0,2949690,12.13
26/05/2009,0,0,13.3(-3.62 %),0,0,0,0,2949690,12.13
27/05/2009,0,0,13.5(1.50 %),0,0,0,0,2949690,12.13
28/05/2009,0,0,13.8(2.22 %),195015,2632703000,195015,2632703000,2949690,12.13
29/05/2009,0,0,13.9(0.72 %),0,0,0,0,2949690,12.13
01/06/2009,0,0,13.8(-0.72 %),0,0,0,0,2949690,12.13
02/06/2009,0,0,14.2(2.90 %),0,0,0,0,2949690,12.13
03/06/2009,500,7200000,14.4(1.41 %),500,7200000,0,0,2949190,12.14
04/06/2009,0,0,15.1(4.86 %),0,0,0,0,2949190,12.14
05/06/2009,0,0,15.8(4.64 %),0,0,0,0,2949190,12.14
08/06/2009,0,0,16.5(4.43 %),0,0,0,0,2949190,12.14
09/06/2009,-1580,-25912000,17.3(4.85 %),0,0,1580,25912000,2950770,12.12
10/06/2009,1000,16950000,16.5(-4.62 %),2000,33600000,1000,16650000,2949770,12.13
11/06/2009,0,0,16.5(0.00 %),0,0,0,0,2949770,12.13
12/06/2009,1000,17000000,16.1(-2.42 %),1000,17000000,0,0,2948770,12.14
15/06/2009,0,0,15.3(-4.97 %),0,0,0,0,2948770,12.14
16/06/2009,0,0,14.6(-4.58 %),0,0,0,0,2948770,12.14
17/06/2009,0,0,14.6(0.00 %),0,0,0,0,2948770,12.14
18/06/2009,0,0,14.8(1.37 %),0,0,0,0,2948770,12.14
19/06/2009,0,0,14.1(-4.73 %),0,0,0,0,2948770,12.14
22/06/2009,0,0,13.4(-4.96 %),0,0,0,0,2948770,12.14
23/06/2009,0,0,12.8(-4.48 %),0,0,0,0,2948770,12.14
24/06/2009,0,0,13.3(3.91 %),0,0,0,0,2948770,12.14
25/06/2009,1500,19500000,12.7(-4.51 %),1500,19500000,0,0,2947270,12.16
26/06/2009,0,0,12.5(-1.57 %),0,0,0,0,2947270,12.16
29/06/2009,0,0,13(4.00 %),0,0,0,0,2947270,12.16
30/06/2009,500,6250000,12.4(-4.62 %),500,6250000,0,0,2946770,12.17
01/07/2009,0,0,12.4(0.00 %),0,0,0,0,2946770,12.17
02/07/2009,0,0,12.1(-2.42 %),0,0,0,0,2946770,12.17
03/07/2009,0,0,12(-0.83 %),0,0,0,0,2946770,12.17
06/07/2009,0,0,12.6(5.00 %),0,0,0,0,2946770,12.17
07/07/2009,0,0,12.3(-2.38 %),0,0,0,0,2946770,12.17
08/07/2009,0,0,12.5(1.63 %),0,0,0,0,2946770,12.17
09/07/2009,0,0,12.3(-1.60 %),0,0,0,0,2946770,12.17
10/07/2009,0,0,12.9(4.88 %),0,0,0,0,2946770,12.17
13/07/2009,0,0,12.9(0.00 %),0,0,0,0,2946770,12.17
14/07/2009,0,0,12.5(-3.10 %),0,0,0,0,2946770,12.17
15/07/2009,0,0,12.8(2.40 %),0,0,0,0,2946770,12.17
16/07/2009,0,0,12.9(0.78 %),0,0,0,0,2946770,12.17
17/07/2009,0,0,12.3(-4.65 %),0,0,0,0,2946770,12.17
20/07/2009,0,0,12.5(1.63 %),0,0,0,0,2946770,12.17
21/07/2009,0,0,12.5(0.00 %),0,0,0,0,2946770,12.17
22/07/2009,0,0,12.4(-0.80 %),0,0,0,0,2946770,12.17
23/07/2009,0,0,12.9(4.03 %),0,0,0,0,2946770,12.17
24/07/2009,0,0,13.5(4.65 %),0,0,0,0,2946770,12.17
27/07/2009,0,0,13.2(-2.22 %),0,0,0,0,2946770,12.17
28/07/2009,3000,37800000,13.2(0.00 %),3000,37800000,0,0,2943770,12.2
29/07/2009,100,1280000,13.2(0.00 %),100,1280000,0,0,2943670,12.2
30/07/2009,600,7560000,12.9(-2.27 %),600,7560000,0,0,2943070,12.21
31/07/2009,0,0,13(0.78 %),0,0,0,0,2943070,12.21
03/08/2009,0,0,12.5(-3.85 %),0,0,0,0,2943070,12.21
04/08/2009,-1500,-18500000,12.5(0.00 %),0,0,1500,18500000,2944570,12.19
05/08/2009,0,0,12.9(3.20 %),0,0,0,0,2944570,12.19
06/08/2009,0,0,12.9(0.00 %),0,0,0,0,2944570,12.19
07/08/2009,0,0,12.6(-2.33 %),0,0,0,0,2944570,12.19
10/08/2009,-1500,-19800000,13.2(4.76 %),0,0,1500,19800000,2946070,12.17
11/08/2009,0,0,13.8(4.55 %),0,0,0,0,2946070,12.17
12/08/2009,2000,28000000,13.8(0.00 %),2000,28000000,0,0,2944070,12.2
13/08/2009,0,0,13.3(-3.62 %),0,0,0,0,2944070,12.2
14/08/2009,0,0,13(-2.26 %),0,0,0,0,2944070,12.2
17/08/2009,0,0,13(0.00 %),0,0,0,0,2944070,12.2
18/08/2009,0,0,13.1(0.77 %),0,0,0,0,2944070,12.2
19/08/2009,0,0,13.2(0.76 %),0,0,0,0,2944070,12.2
20/08/2009,0,0,13.3(0.76 %),0,0,0,0,2944070,12.2
21/08/2009,0,0,13.5(1.50 %),0,0,0,0,2944070,12.2
24/08/2009,0,0,13.7(1.48 %),0,0,0,0,2944070,12.2
25/08/2009,-11000,-148500000,13.2(-3.65 %),0,0,11000,148500000,3012660,11.34
26/08/2009,-46590,-614844000,13.3(0.76 %),0,0,46590,614844000,3001660,11.48
27/08/2009,0,0,13.9(4.51 %),0,0,0,0,3001660,11.48
28/08/2009,0,0,14.5(4.32 %),0,0,0,0,3001660,11.48
31/08/2009,-160,-2432000,15.2(4.83 %),0,0,160,2432000,3001820,11.48
01/09/2009,0,0,15.6(2.63 %),0,0,0,0,3001820,11.48
03/09/2009,0,0,15.1(-3.21 %),0,0,0,0,3001820,11.48
04/09/2009,2000,30756000,14.5(-3.97 %),2000,30756000,0,0,2999820,11.5
07/09/2009,40000,594023000,15(3.45 %),40000,594023000,0,0,2959820,12.0
08/09/2009,1000,14600000,15.3(2.00 %),1000,14600000,0,0,2958820,12.01
09/09/2009,1000,15000000,15.5(1.31 %),1000,15000000,0,0,2957820,12.03
10/09/2009,300,4560000,15.2(-1.94 %),300,4560000,0,0,2957520,12.03
11/09/2009,190,2850000,15.1(-0.66 %),190,2850000,0,0,2957330,12.03
14/09/2009,-790,-12029000,15.1(0.00 %),210,3171000,1000,15200000,2958120,12.02
15/09/2009,20000,307500000,15.3(1.32 %),20000,307500000,0,0,2938120,12.27
16/09/2009,29000,449452000,15.7(2.61 %),30000,465152000,1000,15700000,2909120,12.64
17/09/2009,-790,-12956000,16.4(4.46 %),0,0,790,12956000,2909910,12.63
18/09/2009,-8210,-141212000,17.2(4.88 %),0,0,8210,141212000,2918120,12.52
21/09/2009,2000,35000000,18(4.65 %),2000,35000000,0,0,2916120,12.55
22/09/2009,-52000,-981200000,18.9(5.00 %),0,0,52000,981200000,2968120,11.9
23/09/2009,59100,1167820000,19.8(4.76 %),61800,1221280000,2700,53460000,2909020,12.64
24/09/2009,2000,40600000,20.3(2.53 %),2000,40600000,0,0,2907020,12.66
25/09/2009,0,0,19.3(-4.93 %),0,0,0,0,2907020,12.66
28/09/2009,0,0,19.1(-1.04 %),0,0,0,0,2907020,12.66
29/09/2009,800,16000000,20(4.71 %),800,16000000,0,0,2906220,12.67
30/09/2009,-50000,-1050000000,21(5.00 %),0,0,50000,1050000000,2956220,12.05
01/10/2009,-4000,-82400000,20.6(-1.90 %),0,0,4000,82400000,2960220,12.0
02/10/2009,-800,-16000000,20(-2.91 %),0,0,800,16000000,2961020,11.99
05/10/2009,-2000,-40000000,21(5.00 %),0,0,2000,40000000,2963020,11.96
06/10/2009,-25000,-550000000,22(4.76 %),0,0,25000,550000000,2988020,11.65
07/10/2009,-41750,-964425000,23.1(5.00 %),10250,236775000,52000,1201200000,3029770,11.13
08/10/2009,-48150,-1165230000,24.2(4.76 %),1850,44770000,50000,1210000000,3077920,10.53
09/10/2009,-50000,-1270000000,25.4(4.96 %),0,0,50000,1270000000,3127920,9.9
12/10/2009,-20387,-542294000,26.6(4.72 %),0,0,20387,542294000,3148307,9.65
13/10/2009,-20000,-558000000,27.9(4.89 %),5000,139500000,25000,697500000,3168307,9.4
14/10/2009,-13300,-392500000,29.2(4.66 %),20700,600300000,34000,992800000,3181607,9.23
15/10/2009,0,0,30.5(4.45 %),0,0,0,0,3181607,9.23
16/10/2009,-12800,-412223000,30.9(1.31 %),3700,114677000,16500,526900000,3216107,8.8
19/10/2009,-2100,-61740000,29.4(-4.85 %),0,0,2100,61740000,3196507,9.04
20/10/2009,0,0,28.5(-3.06 %),0,0,0,0,3196507,9.04
21/10/2009,0,-2400000,29.7(4.21 %),2000,54600000,2000,57000000,3196507,9.04
22/10/2009,-6800,-195540000,29.3(-1.35 %),1000,28800000,7800,224340000,3203307,8.96
23/10/2009,0,0,27.9(-4.78 %),0,0,0,0,3203307,8.96
26/10/2009,0,0,26.6(-4.66 %),0,0,0,0,3203307,8.96
27/10/2009,0,0,25.3(-4.89 %),0,0,0,0,3203307,8.96
28/10/2009,-2030,-48923000,24.1(-4.74 %),0,0,2030,48923000,3205337,8.93
29/10/2009,0,0,24.5(1.66 %),0,0,0,0,3205337,8.93
30/10/2009,0,0,25(2.04 %),0,0,0,0,3205337,8.93
02/11/2009,0,0,23.8(-4.80 %),0,0,0,0,3205337,8.93
03/11/2009,0,0,22.7(-4.62 %),0,0,0,0,3205337,8.93
04/11/2009,0,0,21.6(-4.85 %),0,0,0,0,3205337,8.93
05/11/2009,0,0,21.8(0.93 %),0,0,0,0,3205337,8.93
06/11/2009,3000,68400000,22.5(3.21 %),3000,68400000,0,0,3202337,8.97
09/11/2009,0,0,21.4(-4.89 %),0,0,0,0,3202337,8.97
10/11/2009,0,0,20.4(-4.67 %),0,0,0,0,3202337,8.97
11/11/2009,0,0,21(2.94 %),0,0,0,0,3202337,8.97
12/11/2009,-2500,-52000000,21.5(2.38 %),0,0,2500,52000000,3204837,8.94
13/11/2009,-500,-10500000,22.2(3.26 %),0,0,500,10500000,3205337,8.93
16/11/2009,0,0,21.9(-1.35 %),0,0,0,0,3205337,8.93
17/11/2009,0,0,20.9(-4.57 %),0,0,0,0,3205337,8.93
18/11/2009,0,0,19.9(-4.78 %),0,0,0,0,3205337,8.93
19/11/2009,0,0,20.8(4.52 %),0,0,0,0,3205337,8.93
20/11/2009,1000,21800000,21.8(4.81 %),1000,21800000,0,0,3204337,8.95
23/11/2009,0,0,20.8(-4.59 %),0,0,0,0,3204337,8.95
24/11/2009,0,0,20(-3.85 %),0,0,0,0,3204337,8.95
25/11/2009,0,0,19(-5.00 %),0,0,0,0,3204337,8.95
26/11/2009,0,0,18.1(-4.74 %),0,0,0,0,3204337,8.95
27/11/2009,-1000,-18100000,17.5(-3.31 %),0,0,1000,18100000,3205337,8.93
30/11/2009,-500,-8450000,17(-2.86 %),0,0,500,8450000,3205837,8.93
01/12/2009,-1000,-17000000,17.8(4.71 %),0,0,1000,17000000,3206837,8.91
02/12/2009,4000,68800000,17(-4.49 %),4000,68800000,0,0,3202837,8.96
03/12/2009,0,0,17.8(4.71 %),0,0,0,0,3202837,8.96
04/12/2009,0,0,17.8(0.00 %),0,0,0,0,3202837,8.96
07/12/2009,0,0,17.8(0.00 %),0,0,0,0,3202837,8.96
08/12/2009,0,0,17(-4.49 %),0,0,0,0,3202837,8.96
09/12/2009,0,0,16.2(-4.71 %),0,0,0,0,3202837,8.96
10/12/2009,0,0,15.6(-3.70 %),0,0,0,0,3202837,8.96
11/12/2009,0,0,14.9(-4.49 %),0,0,0,0,3202837,8.96
14/12/2009,0,0,15.4(3.36 %),0,0,0,0,3202837,8.96
15/12/2009,0,0,15.5(0.65 %),0,0,0,0,3202837,8.96
16/12/2009,0,0,14.8(-4.52 %),0,0,0,0,3202837,8.96
17/12/2009,0,0,14.1(-4.73 %),0,0,0,0,3202837,8.96
18/12/2009,0,0,14.8(4.96 %),0,0,0,0,3202837,8.96
21/12/2009,0,0,15.5(4.73 %),0,0,0,0,3202837,8.96
22/12/2009,0,0,14.8(-4.52 %),0,0,0,0,3202837,8.96
23/12/2009,1000,15000000,15(1.35 %),1000,15000000,0,0,3201837,8.98
24/12/2009,0,0,15.7(4.67 %),0,0,0,0,3201837,8.98
25/12/2009,-100,-1600000,16.4(4.46 %),0,0,100,1600000,3201937,8.98
28/12/2009,0,0,16.4(0.00 %),0,0,0,0,3201937,8.98
29/12/2009,1000,15700000,15.7(-4.27 %),1000,15700000,0,0,3200937,8.99
30/12/2009,0,0,16.2(3.18 %),0,0,0,0,3200937,8.99
31/12/2009,3000,48400000,16(-1.23 %),3000,48400000,0,0,3197937,9.03
04/01/2010,0,0,16.8(5.00 %),0,0,0,0,3197937,9.03
05/01/2010,0,0,17.5(4.17 %),0,0,0,0,3197937,9.03
06/01/2010,-2000,-35000000,18.3(4.57 %),0,0,2000,35000000,3199937,9.0
07/01/2010,0,0,19.2(4.92 %),0,0,0,0,3199937,9.0
08/01/2010,-204510,-4110651000,20(4.17 %),0,0,204510,4110651000,3404447,6.44
11/01/2010,2000,38000000,19(-5.00 %),2000,38000000,0,0,3402447,6.47
12/01/2010,0,0,18.1(-4.74 %),0,0,0,0,3402447,6.47
13/01/2010,0,0,17.2(-4.97 %),0,0,0,0,3402447,6.47
14/01/2010,0,0,17.2(0.00 %),0,0,0,0,3402447,6.47
15/01/2010,0,0,16.5(-4.07 %),0,0,0,0,3402447,6.47
18/01/2010,0,0,15.7(-4.85 %),0,0,0,0,3402447,6.47
19/01/2010,0,0,15.7(0.00 %),0,0,0,0,3402447,6.47
20/01/2010,1800,27000000,15(-4.46 %),1800,27000000,0,0,3400647,6.49
21/01/2010,0,0,14.3(-4.67 %),0,0,0,0,3400647,6.49
22/01/2010,0,0,14.8(3.50 %),0,0,0,0,3400647,6.49
25/01/2010,0,0,15.3(3.38 %),0,0,0,0,3400647,6.49
26/01/2010,0,0,16(4.58 %),0,0,0,0,3400647,6.49
27/01/2010,0,0,15.2(-5.00 %),0,0,0,0,3400647,6.49
28/01/2010,0,0,15(-1.32 %),0,0,0,0,3400647,6.49
29/01/2010,0,0,15.2(1.33 %),0,0,0,0,3400647,6.49
01/02/2010,0,0,15(-1.32 %),0,0,0,0,3400647,6.49
02/02/2010,0,0,15.1(0.67 %),0,0,0,0,3400647,6.49
03/02/2010,0,0,15.7(3.97 %),0,0,0,0,3400647,6.49
04/02/2010,0,0,16(1.91 %),0,0,0,0,3400647,6.49
05/02/2010,0,0,15.5(-3.12 %),0,0,0,0,3400647,6.49
08/02/2010,0,0,15(-3.23 %),0,0,0,0,3400647,6.49
09/02/2010,0,0,14.8(-1.33 %),0,0,0,0,3400647,6.49
10/02/2010,0,0,15.3(3.38 %),0,0,0,0,3400647,6.49
11/02/2010,0,0,15.5(1.31 %),0,0,0,0,3400647,6.49
12/02/2010,0,0,16.1(3.87 %),0,0,0,0,3400647,6.49
22/02/2010,0,0,16(-0.62 %),0,0,0,0,3400647,6.49
23/02/2010,0,0,16(0.00 %),0,0,0,0,3400647,6.49
24/02/2010,0,0,15.7(-1.88 %),0,0,0,0,3400647,6.49
25/02/2010,0,0,15.8(0.64 %),0,0,0,0,3400647,6.49
26/02/2010,0,0,15.9(0.63 %),0,0,0,0,3472555,6.49
01/03/2010,0,0,16.3(2.52 %),0,0,0,0,3472555,5.59
02/03/2010,0,0,16(-1.84 %),0,0,0,0,3472555,5.59
03/03/2010,3000,48800000,16.8(5.00 %),3000,48800000,0,0,3469555,5.63
04/03/2010,50,850000,16.5(-1.79 %),50,850000,0,0,3469505,5.63
05/03/2010,0,0,17.2(4.24 %),0,0,0,0,3469505,5.63
08/03/2010,0,0,17.3(0.58 %),0,0,0,0,3469505,5.63
09/03/2010,0,0,18.1(4.62 %),0,0,0,0,3469505,5.63
10/03/2010,0,0,18(-0.55 %),0,0,0,0,3469505,5.63
11/03/2010,0,0,17.5(-2.78 %),0,0,0,0,3469505,5.63
12/03/2010,0,0,17.3(-1.14 %),0,0,0,0,3469505,5.63
15/03/2010,-50,-875000,17.5(1.16 %),0,0,50,875000,3469555,5.63
16/03/2010,0,0,17(-2.86 %),0,0,0,0,3469555,5.63
17/03/2010,0,0,16.8(-1.18 %),0,0,0,0,3469555,5.63
18/03/2010,0,0,17.1(1.79 %),0,0,0,0,3469555,5.63
19/03/2010,-3800,-66880000,17.9(4.68 %),0,0,3800,66880000,3473355,5.58
22/03/2010,0,0,17.5(-2.23 %),0,0,0,0,3473355,5.58
23/03/2010,0,0,17.2(-1.71 %),0,0,0,0,3473355,5.58
24/03/2010,0,0,17(-1.16 %),0,0,0,0,3473355,5.58
25/03/2010,0,0,16.6(-2.35 %),0,0,0,0,3473355,5.58
26/03/2010,0,0,16.8(1.20 %),0,0,0,0,3473355,5.58
29/03/2010,0,0,16.9(0.60 %),0,0,0,0,3473355,5.58
30/03/2010,0,0,16.9(0.00 %),0,0,0,0,3473355,5.58
31/03/2010,0,0,16.7(-1.18 %),0,0,0,0,3473355,5.58
01/04/2010,0,0,17(1.80 %),0,0,0,0,3473355,5.58
02/04/2010,0,0,16.7(-1.76 %),0,0,0,0,3473355,5.58
05/04/2010,0,0,16.9(1.20 %),0,0,0,0,3473355,5.58
06/04/2010,0,0,17(0.59 %),0,0,0,0,3473355,5.58
07/04/2010,0,0,17.2(1.18 %),0,0,0,0,3473355,5.58
08/04/2010,0,0,17.2(0.00 %),0,0,0,0,3473355,5.58
09/04/2010,0,0,17.3(0.58 %),0,0,0,0,3473355,5.58
12/04/2010,0,0,16.9(-2.31 %),0,0,0,0,3473355,5.58
13/04/2010,0,0,16.9(0.00 %),0,0,0,0,3473355,5.58
14/04/2010,0,0,16.8(-0.59 %),0,0,0,0,3473355,5.58
15/04/2010,0,0,16.8(0.00 %),0,0,0,0,3473355,5.58
16/04/2010,0,0,17.2(2.38 %),0,0,0,0,3473355,5.58
19/04/2010,-2000,-34400000,17.5(1.74 %),0,0,2000,34400000,3475355,5.56
20/04/2010,0,0,18.2(4.00 %),0,0,0,0,3475355,5.56
21/04/2010,0,0,18.9(3.85 %),0,0,0,0,3475355,5.56
22/04/2010,0,0,18.1(-4.23 %),0,0,0,0,3475355,5.56
26/04/2010,0,0,18.5(2.21 %),0,0,0,0,3475355,5.56
27/04/2010,0,0,17.6(-4.86 %),0,0,0,0,3475355,5.56
28/04/2010,0,0,18.4(4.55 %),0,0,0,0,3475355,5.56
29/04/2010,0,0,18.6(1.09 %),0,0,0,0,3475355,5.56
04/05/2010,0,0,19.2(3.23 %),0,0,0,0,3475355,5.56
05/05/2010,60000,1205606000,20.1(4.69 %),60000,1205606000,0,0,3415355,6.31
06/05/2010,7100,149810000,21.1(4.98 %),7100,149810000,0,0,3408255,6.4
07/05/2010,32000,645000000,19.9(0.00 %),32000,645000000,0,0,3376255,6.8
10/05/2010,0,0,19(-4.52 %),0,0,0,0,3376255,6.8
11/05/2010,-58500,-1059600000,18.2(-4.21 %),1500,27900000,60000,1087500000,3434755,6.07
12/05/2010,0,0,17.3(-4.95 %),0,0,0,0,3434755,6.07
13/05/2010,900,15300000,16.7(-3.47 %),900,15300000,0,0,3433855,6.08
14/05/2010,0,0,17.5(4.79 %),0,0,0,0,3433855,6.08
17/05/2010,-32000,-540800000,16.7(-4.57 %),0,0,32000,540800000,3465855,5.68
18/05/2010,2000,32900000,16.8(0.60 %),2000,32900000,0,0,3463855,5.7
19/05/2010,0,0,16.3(-2.98 %),0,0,0,0,3463855,5.7
20/05/2010,0,0,16.5(1.23 %),0,0,0,0,3463855,5.7
21/05/2010,0,0,15.7(-4.85 %),500,7850000,500,7850000,3463855,5.7
24/05/2010,-500,-7850000,15.7(0.00 %),0,0,500,7850000,3464355,5.7
25/05/2010,0,0,15.1(-3.82 %),0,0,0,0,3464355,5.7
26/05/2010,0,0,15.5(2.65 %),0,0,0,0,3464355,5.7
27/05/2010,0,0,15.5(0.00 %),0,0,0,0,3464355,5.7
28/05/2010,0,0,16.1(3.87 %),0,0,0,0,3464355,5.7
31/05/2010,0,0,16(-0.62 %),0,0,0,0,3464355,5.7
01/06/2010,0,0,16(0.00 %),0,0,0,0,3464355,5.7
02/06/2010,0,0,16(0.00 %),0,0,0,0,3464355,5.7
03/06/2010,0,0,16(0.00 %),0,0,0,0,3464355,5.7
04/06/2010,0,0,15.8(-1.25 %),0,0,0,0,3464355,5.7
07/06/2010,0,0,15.2(-3.80 %),0,0,0,0,3464355,5.7
08/06/2010,0,0,15.2(0.00 %),0,0,0,0,3464355,5.7
09/06/2010,0,0,15.5(1.97 %),0,0,0,0,3464355,5.7
10/06/2010,0,0,15.6(0.65 %),0,0,0,0,3464355,5.7
11/06/2010,0,0,15.8(1.28 %),0,0,0,0,3464355,5.7
14/06/2010,1500,24000000,16.1(1.90 %),1500,24000000,0,0,3462855,5.71
15/06/2010,-200,-3220000,16.4(1.86 %),0,0,200,3220000,3463055,5.71
16/06/2010,0,0,16(-2.44 %),0,0,0,0,3463055,5.71
17/06/2010,31000,515800000,16.8(5.00 %),31000,515800000,0,0,3432055,6.1
18/06/2010,0,0,16.7(-0.60 %),0,0,0,0,3424055,6.2
21/06/2010,8000,134100000,16.8(0.60 %),8000,134100000,0,0,3424055,6.2
22/06/2010,0,0,16.6(-1.19 %),0,0,0,0,3424055,6.2
23/06/2010,0,0,16.3(-1.81 %),0,0,0,0,3424055,6.2
24/06/2010,0,0,16.5(1.23 %),0,0,0,0,3424055,6.2
25/06/2010,0,0,16.3(-1.21 %),0,0,0,0,3424055,6.2
28/06/2010,0,0,16.3(0.00 %),0,0,0,0,3424055,6.2
29/06/2010,-1000,-16200000,16.3(0.00 %),0,0,1000,16200000,3425055,6.19
30/06/2010,3000,48000000,16.2(-0.61 %),3000,48000000,0,0,3422055,6.22
01/07/2010,0,0,16.1(-0.62 %),0,0,0,0,3422055,6.22
02/07/2010,0,0,16.7(3.73 %),0,0,0,0,3422055,6.22
05/07/2010,2170,36022000,16.6(-0.60 %),2170,36022000,0,0,3419885,6.25
06/07/2010,0,0,16.6(0.00 %),0,0,0,0,3419885,6.25
07/07/2010,0,0,16.6(0.00 %),0,0,0,0,3419885,6.25
08/07/2010,0,0,16.9(1.81 %),0,0,0,0,3419885,6.25
09/07/2010,0,0,16.8(-0.59 %),0,0,0,0,3419885,6.25
12/07/2010,3830,63861000,16.8(0.00 %),3830,63861000,0,0,3416055,6.3
13/07/2010,0,0,16.9(0.60 %),0,0,0,0,3416055,6.3
14/07/2010,2000,34000000,16.9(0.00 %),2000,34000000,0,0,3414055,6.32
15/07/2010,2000,33800000,16.8(-0.59 %),2000,33800000,0,0,3412055,6.35
16/07/2010,0,0,16.9(0.60 %),0,0,0,0,3412055,6.35
19/07/2010,0,0,16.9(0.00 %),0,0,0,0,3412055,6.35
20/07/2010,-2500,-42000000,16.7(-1.18 %),0,0,2500,42000000,3414555,6.32
21/07/2010,0,0,16.7(0.00 %),0,0,0,0,3414555,6.32
22/07/2010,0,0,16.7(0.00 %),0,0,0,0,3414555,6.32
23/07/2010,0,0,16.7(0.00 %),0,0,0,0,3414555,6.32
26/07/2010,14380,240787000,16.5(-1.20 %),14380,240787000,0,0,3400175,6.5
27/07/2010,0,0,16.2(-1.82 %),0,0,0,0,3400175,6.5
28/07/2010,2300,36570000,15.4(-4.94 %),2300,36570000,0,0,3397875,6.53
29/07/2010,0,0,15.4(0.00 %),0,0,0,0,3397875,6.53
30/07/2010,0,0,15.6(1.30 %),0,0,0,0,3397875,6.53
02/08/2010,-200,-3060000,15.4(-1.28 %),0,0,200,3060000,3398075,6.52
03/08/2010,0,0,15.1(-1.95 %),0,0,0,0,3398075,6.52
04/08/2010,0,0,14.8(-1.99 %),0,0,0,0,3398075,6.52
05/08/2010,-2500,-36500000,14.7(-0.68 %),0,0,2500,36500000,3400575,6.49
06/08/2010,-2000,-29900000,14.8(0.68 %),0,0,2000,29900000,3402575,6.47
09/08/2010,-16000,-235000000,14.5(-2.03 %),0,0,16000,235000000,3418575,6.27
10/08/2010,0,0,13.8(-4.83 %),0,0,0,0,3418575,6.27
11/08/2010,-15000,-209000000,14.3(3.62 %),0,0,15000,209000000,3446575,5.92
12/08/2010,0,0,13.6(-4.90 %),0,0,0,0,3433575,6.08
13/08/2010,2000,26400000,13.5(-0.74 %),2000,26400000,0,0,3431575,6.11
16/08/2010,0,0,14.1(4.44 %),0,0,0,0,3431575,6.11
17/08/2010,0,0,14(-0.71 %),0,0,0,0,3431575,6.11
18/08/2010,0,0,13.7(-2.14 %),0,0,0,0,3431575,6.11
19/08/2010,0,0,13.9(1.46 %),0,0,0,0,3431575,6.11
20/08/2010,0,0,13.9(0.00 %),0,0,0,0,3431575,6.11
23/08/2010,0,0,13.6(-2.16 %),0,0,0,0,3431575,6.11
24/08/2010,0,0,13(-4.41 %),0,0,0,0,3431575,0.0
25/08/2010,0,0,12.4(-4.62 %),0,0,0,0,3431575,6.11
26/08/2010,0,0,12.6(1.61 %),0,0,0,0,3431575,6.11
27/08/2010,0,0,12.2(-3.17 %),0,0,0,0,3431575,6.11
30/08/2010,-6500,-80800000,12.8(4.92 %),0,0,6500,80800000,3438075,6.02
31/08/2010,0,0,13.4(4.69 %),0,0,0,0,3438075,6.02
01/09/2010,0,0,13.8(2.99 %),0,0,0,0,3438075,6.02
06/09/2010,0,0,14.4(4.35 %),0,0,0,0,3359417,6.02
07/09/2010,100,1410000,14.7(2.08 %),100,1410000,0,0,3437975,6.03
08/09/2010,0,0,14.5(-1.36 %),0,0,0,0,3437975,6.03
09/09/2010,0,0,14.5(0.00 %),0,0,0,0,3437975,6.03
10/09/2010,0,0,14(-3.45 %),0,0,0,0,3437975,6.03
13/09/2010,0,0,13.4(-4.29 %),0,0,0,0,3437975,6.03
14/09/2010,0,0,13.6(1.49 %),0,0,0,0,3437975,6.03
15/09/2010,0,0,13.3(-2.21 %),0,0,0,0,3437975,6.03
16/09/2010,0,0,13.3(0.00 %),0,0,0,0,3437975,6.03
17/09/2010,0,0,13.8(3.76 %),0,0,0,0,3437975,6.03
20/09/2010,0,0,14(1.45 %),0,0,0,0,3437975,6.03
21/09/2010,0,0,14.2(1.43 %),0,0,0,0,3437975,6.03
22/09/2010,0,0,14.1(-0.70 %),0,0,0,0,3437975,6.03
23/09/2010,0,0,13.7(-2.84 %),0,0,0,0,3437975,6.03
24/09/2010,0,0,13.8(0.73 %),0,0,0,0,3437975,6.03
27/09/2010,0,0,13.3(-3.62 %),0,0,0,0,3437975,6.03
28/09/2010,0,0,13.4(0.75 %),0,0,0,0,3437975,6.03
29/09/2010,0,0,13.4(0.00 %),0,0,0,0,3437975,6.03
30/09/2010,0,0,13.3(-0.75 %),0,0,0,0,3359317,6.03
01/10/2010,0,0,13.5(1.50 %),0,0,0,0,3359317,7.01
04/10/2010,0,0,13(-3.70 %),0,0,0,0,3359317,7.01
05/10/2010,0,0,13.3(2.31 %),0,0,0,0,3359317,7.01
06/10/2010,0,0,13.8(3.76 %),0,0,0,0,3359317,7.01
07/10/2010,2000,26400000,13.2(-4.35 %),2000,26400000,0,0,3357317,7.03
08/10/2010,0,0,13.6(3.03 %),0,0,0,0,3357317,7.03
11/10/2010,0,0,13.5(-0.74 %),0,0,0,0,3357317,7.03
12/10/2010,0,0,13.5(0.00 %),0,0,0,0,3357317,7.03
13/10/2010,0,0,13.7(1.48 %),0,0,0,0,3357317,7.03
14/10/2010,160,2192000,13.7(0.00 %),160,2192000,0,0,3357157,7.04
15/10/2010,0,0,13.5(-1.46 %),0,0,0,0,3357157,7.04
18/10/2010,-3700,-51430000,14.1(4.44 %),0,0,3700,51430000,3360857,6.99
19/10/2010,0,0,13.9(-1.42 %),0,0,0,0,3360857,6.99
20/10/2010,0,0,13.8(-0.72 %),0,0,0,0,3360857,6.99
21/10/2010,0,0,13.8(0.00 %),0,0,0,0,3360857,6.99
22/10/2010,0,0,13.5(-2.17 %),0,0,0,0,3360857,6.99
25/10/2010,0,0,13.6(0.74 %),0,0,0,0,3360857,6.99
26/10/2010,0,0,13.7(0.74 %),0,0,0,0,3360857,6.99
27/10/2010,0,0,13.2(-3.65 %),0,0,0,0,3360857,6.99
28/10/2010,240,3144000,13.6(3.03 %),240,3144000,0,0,3360617,6.99
29/10/2010,0,0,13.7(0.74 %),0,0,0,0,3360617,6.99
01/11/2010,0,0,13.3(-2.92 %),0,0,0,0,3360617,6.99
02/11/2010,0,0,13.2(-0.75 %),0,0,0,0,3360617,6.99
03/11/2010,0,0,13(-1.52 %),0,0,0,0,3360617,6.99
04/11/2010,0,0,13.4(3.08 %),0,0,0,0,3360617,6.99
05/11/2010,0,0,13.7(2.24 %),0,0,0,0,3360617,6.99
08/11/2010,0,0,13.7(0.00 %),0,0,0,0,3360617,6.99
09/11/2010,100,1340000,13.1(-4.38 %),100,1340000,0,0,3360517,6.99
10/11/2010,0,0,13(-0.76 %),0,0,0,0,3360517,6.99
11/11/2010,0,0,13(0.00 %),0,0,0,0,3360517,6.99
12/11/2010,0,0,12.4(-4.62 %),0,0,0,0,3360517,6.99
15/11/2010,0,0,12.5(0.81 %),0,0,0,0,3360517,6.99
16/11/2010,0,0,12.8(2.40 %),0,0,0,0,3360517,6.99
17/11/2010,0,0,13(1.56 %),0,0,0,0,3360517,6.99
18/11/2010,0,0,12.8(-1.54 %),0,0,0,0,3360517,6.99
19/11/2010,0,0,12.8(0.00 %),0,0,0,0,3360517,6.99
22/11/2010,0,0,12.4(-3.12 %),0,0,0,0,3360517,6.99
23/11/2010,0,0,12.8(3.23 %),0,0,0,0,3360517,6.99
24/11/2010,0,0,12.7(-0.78 %),0,0,0,0,3360517,6.99
25/11/2010,0,0,13.1(3.15 %),0,0,0,0,3360517,6.99
26/11/2010,0,0,13.2(0.76 %),0,0,0,0,3360517,6.99
29/11/2010,0,0,13.2(0.00 %),0,0,0,0,3360517,6.99
30/11/2010,0,0,13.3(0.76 %),0,0,0,0,3360517,6.99
01/12/2010,0,0,13.2(-0.75 %),0,0,0,0,3360517,6.99
02/12/2010,0,0,13.8(4.55 %),0,0,0,0,3360517,6.99
03/12/2010,0,0,14.4(4.35 %),0,0,0,0,3360517,6.99
06/12/2010,0,0,14.5(0.69 %),0,0,0,0,3360517,6.99
07/12/2010,0,0,13.9(-4.14 %),0,0,0,0,3360517,6.99
08/12/2010,-2000,-27000000,13.4(-3.60 %),0,0,2000,27000000,3362517,6.97
09/12/2010,0,0,13.9(3.73 %),0,0,0,0,3362517,6.97
10/12/2010,0,0,14.3(2.88 %),0,0,0,0,3362517,6.97
13/12/2010,0,0,13.9(-2.80 %),0,0,0,0,3362517,6.97
14/12/2010,0,0,13.4(-3.60 %),0,0,0,0,3362517,6.97
15/12/2010,0,0,13.6(1.49 %),0,0,0,0,3362517,6.97
16/12/2010,0,0,13.3(-2.21 %),0,0,0,0,3362517,6.97
17/12/2010,0,0,13.7(3.01 %),0,0,0,0,3362517,6.97
20/12/2010,-2200,-31460000,14.3(4.38 %),0,0,2200,31460000,3364717,6.94
21/12/2010,28600,429200000,15(4.90 %),30600,459000000,2000,29800000,3336117,7.3
22/12/2010,0,0,15(0.00 %),0,0,0,0,3336117,7.3
23/12/2010,680,9928000,14.6(-2.67 %),680,9928000,0,0,3335437,7.31
24/12/2010,3000,42900000,14.3(-2.05 %),3000,42900000,0,0,3332437,7.34
27/12/2010,0,0,13.1(2.34 %),0,0,0,0,3332437,7.34
28/12/2010,0,0,13.2(0.76 %),0,0,0,0,3332437,7.34
29/12/2010,0,0,12.9(-2.27 %),0,0,0,0,3332437,7.34
30/12/2010,0,0,12.5(-3.10 %),0,0,0,0,3332437,7.34
31/12/2010,0,0,12.9(3.20 %),0,0,0,0,3332437,7.34
04/01/2011,0,0,13(0.78 %),0,0,0,0,3332437,7.34
05/01/2011,0,0,12.7(-2.31 %),0,0,0,0,3332437,7.34
06/01/2011,0,0,12.7(0.00 %),0,0,0,0,3332437,7.34
07/01/2011,0,0,12.7(0.00 %),0,0,0,0,3332437,7.34
10/01/2011,0,0,12.6(-0.79 %),0,0,0,0,3332437,7.34
11/01/2011,0,0,12.1(-3.97 %),0,0,0,0,3332437,7.34
12/01/2011,-7700,-94074000,12.5(3.31 %),0,0,7700,94074000,3340137,7.25
13/01/2011,0,0,12.5(0.00 %),0,0,0,0,3340137,7.25
14/01/2011,0,0,12.6(0.80 %),0,0,0,0,3340137,7.25
17/01/2011,0,0,12.6(0.00 %),0,0,0,0,3340137,7.25
18/01/2011,0,0,12.5(-0.79 %),0,0,0,0,3340137,7.25
19/01/2011,0,0,12.3(-1.60 %),0,0,0,0,3340137,7.25
20/01/2011,0,0,12.3(0.00 %),0,0,0,0,3340137,7.25
21/01/2011,-4000,-49200000,12.4(0.81 %),0,0,4000,49200000,3344137,7.2
24/01/2011,0,0,12.2(-1.61 %),0,0,0,0,3344137,7.2
25/01/2011,-8000,-96260000,12(-1.64 %),0,0,8000,96260000,3352137,7.1
26/01/2011,0,0,12(0.00 %),0,0,0,0,3352137,7.1
27/01/2011,0,0,12.2(1.67 %),0,0,0,0,3352137,7.1
28/01/2011,-920,-11224000,12.6(3.28 %),2080,25376000,3000,36600000,3353057,7.09
08/02/2011,0,0,12.9(2.38 %),0,0,0,0,3353057,7.09
09/02/2011,0,0,12.8(-0.78 %),0,0,0,0,3353057,7.09
10/02/2011,0,0,12.9(0.78 %),0,0,0,0,3353057,7.09
11/02/2011,0,0,12.9(0.00 %),0,0,0,0,3353057,7.09
14/02/2011,-680,-9112000,13.5(4.65 %),0,0,680,9112000,3353737,7.08
15/02/2011,0,0,13.4(-0.74 %),0,0,0,0,3353737,7.08
16/02/2011,-5000,-66052000,13.3(-0.75 %),0,0,5000,66052000,3358737,7.02
17/02/2011,10610,140026000,13.3(0.00 %),10610,140026000,0,0,3348127,7.15
18/02/2011,0,0,13.1(-1.50 %),0,0,0,0,3348127,7.15
21/02/2011,50500,649707000,13.1(0.00 %),50500,649707000,0,0,3297627,7.78
22/02/2011,0,0,13(-0.76 %),0,0,0,0,3297627,7.78
23/02/2011,0,0,13.1(0.77 %),0,0,0,0,3297627,7.78
24/02/2011,-270,-3510000,12.9(-1.53 %),0,0,270,3510000,3297897,7.78
25/02/2011,0,0,13(0.78 %),0,0,0,0,3297897,7.78
28/02/2011,0,0,12.9(-0.77 %),0,0,0,0,3297897,7.78
01/03/2011,0,0,12.8(-0.78 %),0,0,0,0,3297897,7.78
02/03/2011,100,1220000,12.3(-3.91 %),100,1220000,0,0,3297797,7.78
03/03/2011,0,0,12.1(-1.63 %),0,0,0,0,0,0.0
04/03/2011,0,0,12.3(1.65 %),0,0,0,0,0,0.0
07/03/2011,0,0,12.4(0.81 %),0,0,0,0,0,0.0
08/03/2011,0,0,12.3(-0.81 %),0,0,0,0,0,0.0
09/03/2011,0,0,12(-2.44 %),0,0,0,0,0,0.0
10/03/2011,-500,-6300000,12.6(5.00 %),0,0,500,6300000,0,0.0
11/03/2011,0,0,12.8(1.59 %),0,0,0,0,0,0.0
14/03/2011,90,1170000,12.4(-3.12 %),90,1170000,0,0,0,0.0
15/03/2011,0,0,12.6(1.61 %),0,0,0,0,0,0.0
16/03/2011,0,0,12.4(-1.59 %),0,0,0,0,3376865,6.79
17/03/2011,0,0,12.3(-0.81 %),0,0,0,0,3376865,6.79
18/03/2011,0,0,12.3(0.00 %),0,0,0,0,3376865,6.79
21/03/2011,0,0,12.5(1.63 %),0,0,0,0,3376865,6.79
22/03/2011,0,0,12.3(-1.60 %),0,0,0,0,3376865,6.79
23/03/2011,0,0,12.3(0.00 %),0,0,0,0,3376865,6.79
24/03/2011,0,0,12.3(0.00 %),0,0,0,0,3376865,6.79
25/03/2011,0,0,12.3(0.00 %),0,0,0,0,3376865,6.79
28/03/2011,0,0,12.4(0.81 %),0,0,0,0,3376865,6.79
29/03/2011,0,0,12.2(-1.61 %),0,0,0,0,3376865,6.79
30/03/2011,0,0,12.2(0.00 %),0,0,0,0,3376865,6.79
31/03/2011,0,0,12.3(0.82 %),0,0,0,0,3376865,6.79
01/04/2011,0,0,12.2(-0.81 %),0,0,0,0,3376865,6.79
04/04/2011,0,0,12.6(3.28 %),0,0,0,0,3376865,6.79
05/04/2011,0,0,12.6(0.00 %),0,0,0,0,3376865,6.79
06/04/2011,0,0,13(3.17 %),0,0,0,0,3376865,6.79
07/04/2011,0,0,12.9(-0.77 %),0,0,0,0,3376865,6.79
08/04/2011,0,0,12.7(-1.55 %),0,0,0,0,3376865,6.79
13/04/2011,0,0,12.4(-2.36 %),0,0,0,0,3376865,6.79
14/04/2011,0,0,12.4(0.00 %),0,0,0,0,3376865,6.79
15/04/2011,0,0,12.7(2.42 %),0,0,0,0,3376865,6.79
18/04/2011,0,0,12.1(-4.72 %),0,0,0,0,3376865,6.79
19/04/2011,0,0,12.1(0.00 %),0,0,0,0,3376865,6.79
20/04/2011,0,0,12.2(0.83 %),0,0,0,0,3376865,6.79
21/04/2011,0,0,11.9(-2.46 %),0,0,0,0,3376865,6.79
22/04/2011,0,0,11.7(-1.68 %),0,0,0,0,3376865,6.79
25/04/2011,-2000,-23120000,12(2.56 %),0,0,2000,23120000,3378865,6.76
26/04/2011,0,0,11.9(-0.83 %),0,0,0,0,3378865,6.76
27/04/2011,0,0,12(0.84 %),0,0,0,0,3378865,6.76
28/04/2011,0,0,12.1(0.83 %),0,0,0,0,3378865,6.76
29/04/2011,0,0,12.2(0.83 %),0,0,0,0,3378865,6.76
04/05/2011,0,0,12.2(0.00 %),0,0,0,0,3378865,6.76
05/05/2011,0,0,12.2(0.00 %),0,0,0,0,3378865,6.76
06/05/2011,-130,-1599000,12.3(0.82 %),0,0,130,1599000,3378995,6.76
09/05/2011,0,0,12.4(0.81 %),0,0,0,0,3378995,6.76
10/05/2011,0,0,12.5(0.81 %),0,0,0,0,3378995,6.76
11/05/2011,0,0,12.6(0.80 %),0,0,0,0,3378995,6.76
12/05/2011,0,0,12.6(0.00 %),0,0,0,0,3378995,6.76
13/05/2011,0,0,12.5(-0.79 %),0,0,0,0,3378995,6.76
16/05/2011,0,0,12.4(-0.80 %),0,0,0,0,3378995,6.76
17/05/2011,0,0,12(-3.23 %),0,0,0,0,3378995,6.76
18/05/2011,0,0,12.3(2.50 %),0,0,0,0,3378995,6.76
19/05/2011,0,0,12.5(1.63 %),0,0,0,0,3378995,6.76
20/05/2011,0,0,12(-4.00 %),0,0,0,0,3378995,6.76
23/05/2011,0,0,10.9(-2.68 %),0,0,0,0,3378995,6.76
24/05/2011,0,0,10.5(-3.67 %),0,0,0,0,3378995,6.76
25/05/2011,200,2000000,10(-4.76 %),200,2000000,0,0,3378795,6.77
26/05/2011,0,0,10.5(5.00 %),0,0,0,0,3378795,6.77
27/05/2011,0,0,11(4.76 %),0,0,0,0,3378795,6.77
30/05/2011,0,0,10.5(-4.55 %),0,0,0,0,3378795,6.77
31/05/2011,0,0,10.5(0.00 %),0,0,0,0,3378795,6.77
01/06/2011,0,0,10.6(0.95 %),0,0,0,0,3378795,6.77
02/06/2011,0,0,10.9(2.83 %),0,0,0,0,3378795,6.77
03/06/2011,0,0,11(0.92 %),0,0,0,0,3378795,6.77
06/06/2011,0,0,11(0.00 %),0,0,0,0,3378795,6.77
07/06/2011,0,0,11.3(2.73 %),0,0,0,0,3378795,6.77
08/06/2011,-200,-2280000,10.9(-3.54 %),0,0,200,2280000,3378995,6.76
09/06/2011,0,0,11(0.92 %),0,0,0,0,3378995,6.76
10/06/2011,0,0,11.4(3.64 %),0,0,0,0,3378995,6.76
13/06/2011,0,0,11.7(2.63 %),0,0,0,0,3378995,6.76
14/06/2011,0,0,11.8(0.85 %),0,0,0,0,3378995,6.76
15/06/2011,0,0,11.3(-4.24 %),0,0,0,0,3378995,6.76
16/06/2011,0,0,11.6(2.65 %),0,0,0,0,3378995,6.76
17/06/2011,0,0,11.1(-4.31 %),0,0,0,0,3378995,6.76
20/06/2011,0,0,11.3(1.80 %),0,0,0,0,3378995,6.76
21/06/2011,0,0,11(-2.65 %),0,0,0,0,3378995,6.76
22/06/2011,0,0,10.8(-1.82 %),0,0,0,0,3378995,6.76
23/06/2011,0,0,11(1.85 %),0,0,0,0,3378995,6.76
24/06/2011,0,0,11.2(1.82 %),0,0,0,0,3378995,6.76
27/06/2011,0,0,11(-1.79 %),0,0,0,0,3378995,6.76
28/06/2011,0,0,10.6(-3.64 %),0,0,0,0,3378995,6.76
29/06/2011,0,0,10.4(-1.89 %),0,0,0,0,3378995,6.76
30/06/2011,0,0,10.7(2.88 %),0,0,0,0,3378995,6.76
01/07/2011,0,0,10.7(0.00 %),0,0,0,0,3378995,6.76
04/07/2011,0,0,10.7(0.00 %),0,0,0,0,3378995,6.76
05/07/2011,0,0,11.1(3.74 %),0,0,0,0,3378995,6.76
06/07/2011,0,0,11.1(0.00 %),0,0,0,0,3378995,6.76
07/07/2011,0,0,11.2(0.90 %),0,0,0,0,3378995,6.76
08/07/2011,0,0,11.2(0.00 %),0,0,0,0,3378995,6.76
11/07/2011,0,0,11(-1.79 %),0,0,0,0,3378995,6.76
12/07/2011,0,0,10.9(-0.91 %),0,0,0,0,3378995,6.76
13/07/2011,0,0,11(0.92 %),0,0,0,0,3378995,6.76
14/07/2011,0,0,11(0.00 %),0,0,0,0,3378995,6.76
15/07/2011,0,0,10.7(-2.73 %),0,0,0,0,3378995,6.76
18/07/2011,0,0,10.7(0.00 %),0,0,0,0,3378995,6.76
19/07/2011,0,0,11.2(4.67 %),0,0,0,0,3378995,6.76
20/07/2011,0,0,10.7(-4.46 %),0,0,0,0,3378995,6.76
21/07/2011,0,0,10.7(0.00 %),0,0,0,0,3378995,6.76
22/07/2011,0,0,10.5(-1.87 %),0,0,0,0,3378995,6.76
25/07/2011,0,0,10.6(0.95 %),0,0,0,0,3378995,6.76
26/07/2011,0,0,10.1(-4.72 %),0,0,0,0,3378995,6.76
27/07/2011,0,0,9.8(-2.97 %),0,0,0,0,3378995,6.76
28/07/2011,0,0,9.7(-1.02 %),0,0,0,0,3378995,6.76
29/07/2011,0,0,9.8(1.03 %),0,0,0,0,3378995,6.76
01/08/2011,0,0,9.5(-3.06 %),0,0,0,0,3378995,6.76
02/08/2011,0,0,9.3(-2.11 %),0,0,0,0,3378995,6.76
03/08/2011,0,0,9.5(2.15 %),0,0,0,0,3378995,6.76
04/08/2011,0,0,9.5(0.00 %),0,0,0,0,3378995,6.76
05/08/2011,0,0,9.3(-2.11 %),0,0,0,0,3378995,6.76
08/08/2011,0,0,9.3(0.00 %),0,0,0,0,3378995,6.76
09/08/2011,0,0,8.9(-4.30 %),0,0,0,0,3378995,6.76
10/08/2011,0,0,9(1.12 %),0,0,0,0,3378995,6.76
11/08/2011,0,0,9.1(1.11 %),0,0,0,0,3378995,6.76
12/08/2011,0,0,9.4(3.30 %),0,0,0,0,3378995,6.76
15/08/2011,0,0,9.6(2.13 %),0,0,0,0,3378995,6.76
16/08/2011,0,0,9.5(-1.04 %),0,0,0,0,3378995,6.76
17/08/2011,0,0,9.9(4.21 %),0,0,0,0,3378995,6.76
18/08/2011,0,0,10.3(4.04 %),0,0,0,0,3378995,6.76
19/08/2011,-1500,-15600000,10.3(0.00 %),0,0,1500,15600000,3380495,6.74
22/08/2011,0,0,10.7(3.88 %),0,0,0,0,3380495,6.74
23/08/2011,0,0,10.6(-0.93 %),0,0,0,0,3380495,6.74
24/08/2011,0,0,10.2(-3.77 %),0,0,0,0,3380495,6.74
25/08/2011,0,0,10.7(4.90 %),0,0,0,0,3380495,6.74
26/08/2011,0,0,11(2.80 %),0,0,0,0,3380495,6.74
29/08/2011,0,0,11.3(2.73 %),0,0,0,0,3380495,6.74
30/08/2011,0,0,11.5(1.77 %),0,0,0,0,3380495,6.74
31/08/2011,5000,57500000,11.6(0.87 %),5000,57500000,0,0,3375495,6.81
01/09/2011,10000,116960000,11.5(-0.86 %),10000,116960000,0,0,3375495,6.81
05/09/2011,0,0,11.5(0.00 %),0,0,0,0,3375495,6.81
06/09/2011,0,0,11.1(-3.48 %),0,0,0,0,3375495,6.81
07/09/2011,0,0,11.4(2.70 %),0,0,0,0,3375495,6.81
08/09/2011,0,0,11.4(0.00 %),0,0,0,0,3375495,6.81
09/09/2011,0,0,11.8(3.51 %),0,0,0,0,3375495,6.81
12/09/2011,0,0,11.5(-2.54 %),0,0,0,0,3375495,6.81
13/09/2011,-4900,-56350000,11.7(1.74 %),0,0,4900,56350000,3380395,6.75
14/09/2011,0,0,11.5(-1.71 %),0,0,0,0,3380395,6.75
15/09/2011,0,0,11.5(0.00 %),0,0,0,0,3380395,6.75
16/09/2011,0,0,11.6(0.87 %),0,0,0,0,3380395,6.75
19/09/2011,0,0,11.8(1.72 %),0,0,0,0,3380395,6.75
20/09/2011,100,1150000,11.5(-2.54 %),100,1150000,0,0,3380295,6.75
21/09/2011,0,0,11.7(1.74 %),0,0,0,0,3380295,6.75
22/09/2011,0,0,11.8(0.85 %),0,0,0,0,3380295,6.75
23/09/2011,0,0,11.4(-3.39 %),0,0,0,0,3380295,6.75
26/09/2011,-110,-1254000,11.6(1.75 %),0,0,110,1254000,3380405,6.74
27/09/2011,0,0,11.7(0.86 %),0,0,0,0,3380405,6.74
28/09/2011,0,0,11.3(-3.42 %),0,0,0,0,3380405,6.74
29/09/2011,0,0,11.2(-0.88 %),0,0,0,0,3380405,6.74
30/09/2011,0,0,11.2(0.00 %),0,0,0,0,3380405,6.74
03/10/2011,0,0,11.5(2.68 %),0,0,0,0,3370405,6.87
04/10/2011,0,0,11.3(-1.74 %),0,0,0,0,3370405,6.87
05/10/2011,0,0,11.8(4.42 %),0,0,0,0,3370405,6.87
06/10/2011,0,0,11.7(-0.85 %),0,0,0,0,3370405,6.87
07/10/2011,0,0,11.6(-0.85 %),0,0,0,0,3370405,6.87
10/10/2011,0,0,11.7(0.86 %),0,0,0,0,3370405,6.87
11/10/2011,0,0,11.4(-2.56 %),0,0,0,0,3370405,6.87
12/10/2011,0,0,11.5(0.88 %),0,0,0,0,3370405,6.87
13/10/2011,-2000,-22200000,11.6(0.87 %),0,0,2000,22200000,3372405,6.84
14/10/2011,0,0,11.5(-0.86 %),0,0,0,0,3372405,6.84
17/10/2011,0,0,11.1(-3.48 %),0,0,0,0,3372405,6.84
18/10/2011,0,0,11.4(2.70 %),0,0,0,0,3372405,6.84
19/10/2011,0,0,11.4(0.00 %),0,0,0,0,3372405,6.84
20/10/2011,0,0,11.5(0.88 %),0,0,0,0,3372405,6.84
21/10/2011,0,0,11.1(-3.48 %),0,0,0,0,3372405,6.84
24/10/2011,0,0,10.9(-1.80 %),0,0,0,0,3372405,6.84
25/10/2011,200,2260000,11.3(3.67 %),200,2260000,0,0,3372205,6.85
26/10/2011,100,1130000,11.4(0.88 %),100,1130000,0,0,3372105,6.85
27/10/2011,0,0,11.3(-0.88 %),0,0,0,0,3372105,6.85
28/10/2011,0,0,11.5(1.77 %),0,0,0,0,3372105,6.85
31/10/2011,0,0,11.3(-1.74 %),0,0,0,0,3372105,6.85
01/11/2011,0,0,11.5(1.77 %),0,0,0,0,3372105,6.85
02/11/2011,0,0,11(-4.35 %),0,0,0,0,3372105,6.85
03/11/2011,0,0,11(0.00 %),0,0,0,0,3372105,6.85
04/11/2011,0,0,10.5(-4.55 %),0,0,0,0,3372105,6.85
07/11/2011,410,4346000,10.6(0.95 %),410,4346000,0,0,3371695,6.85
08/11/2011,0,0,10.5(-0.94 %),0,0,0,0,3371695,6.85
09/11/2011,0,0,10.6(0.95 %),0,0,0,0,3371695,6.85
10/11/2011,0,0,10.5(-0.94 %),0,0,0,0,3371695,6.85
11/11/2011,-900,-9180000,10.2(-2.86 %),0,0,900,9180000,3372595,6.84
14/11/2011,-3610,-35825000,10.6(3.92 %),0,0,3610,35825000,3376205,6.8
15/11/2011,-1500,-15150000,10.1(-4.72 %),0,0,1500,15150000,3377705,6.78
16/11/2011,0,0,10.6(4.95 %),0,0,0,0,3377705,6.78
17/11/2011,-5000,-53800000,10.6(0.00 %),0,0,5000,53800000,3382705,6.72
18/11/2011,0,0,10.8(1.89 %),0,0,0,0,3382705,6.72
21/11/2011,0,0,10.5(-2.78 %),0,0,0,0,3382705,6.72
22/11/2011,0,0,10.7(1.90 %),0,0,0,0,3382705,6.72
23/11/2011,0,0,10.8(0.93 %),0,0,0,0,3382705,6.72
24/11/2011,0,0,11(1.85 %),0,0,0,0,3382705,6.72
25/11/2011,0,0,10.9(-0.91 %),0,0,0,0,3382705,6.72
28/11/2011,0,0,11.3(3.67 %),0,0,0,0,3382705,6.72
29/11/2011,0,0,11(-2.65 %),0,0,0,0,3382705,6.72
30/11/2011,0,0,10.7(-2.73 %),0,0,0,0,3382705,6.72
01/12/2011,0,0,10.8(0.93 %),0,0,0,0,3382705,6.72
02/12/2011,1000,10900000,11.2(3.70 %),1000,10900000,0,0,3381705,6.73
05/12/2011,0,0,11.4(1.79 %),0,0,0,0,3381705,6.73
06/12/2011,0,0,11.6(1.75 %),0,0,0,0,3381705,6.73
07/12/2011,0,0,11.2(-3.45 %),0,0,0,0,3381705,6.73
08/12/2011,0,0,11.3(0.89 %),0,0,0,0,3381705,6.73
09/12/2011,0,0,11.2(-0.88 %),0,0,0,0,3381705,6.73
12/12/2011,0,0,11.7(4.46 %),0,0,0,0,3381705,6.73
13/12/2011,0,0,12(2.56 %),0,0,0,0,3381705,6.73
14/12/2011,2000,24600000,11.9(-0.83 %),2000,24600000,0,0,3379705,6.75
15/12/2011,0,0,11.9(0.00 %),0,0,0,0,3379705,6.75
16/12/2011,0,0,11.8(-0.84 %),0,0,0,0,3379705,6.75
19/12/2011,0,0,11.7(-0.85 %),0,0,0,0,3379705,6.75
20/12/2011,0,0,11.5(-1.71 %),0,0,0,0,3379705,6.75
21/12/2011,0,0,9.5(-5.00 %),0,0,0,0,3379705,6.75
22/12/2011,0,0,9.8(3.16 %),0,0,0,0,3379705,6.75
23/12/2011,0,0,10.2(4.08 %),0,0,0,0,3379705,6.75
26/12/2011,0,0,10(-1.96 %),0,0,0,0,3379705,6.75
27/12/2011,200,1940000,10(0.00 %),200,1940000,0,0,3379505,6.76
28/12/2011,-590,-5900000,10(0.00 %),0,0,590,5900000,3380095,6.75
29/12/2011,0,0,9.8(-2.00 %),0,0,0,0,3380095,6.75
30/12/2011,0,0,9.9(1.02 %),0,0,0,0,3380095,6.75
03/01/2012,0,0,10(1.01 %),0,0,0,0,3379505,6.76
04/01/2012,0,0,10(0.00 %),0,0,0,0,3379505,6.76
05/01/2012,0,0,9.7(-3.00 %),0,0,0,0,3379505,6.76
06/01/2012,0,0,9.9(2.06 %),0,0,0,0,3379505,6.76
09/01/2012,0,0,10(1.01 %),0,0,0,0,3379505,6.76
10/01/2012,0,0,10.2(2.00 %),0,0,0,0,3379505,6.76
11/01/2012,0,0,10.3(0.98 %),0,0,0,0,3379505,6.76
12/01/2012,0,0,10.3(0.00 %),0,0,0,0,3379505,6.76
13/01/2012,0,0,10.3(0.00 %),0,0,0,0,3379505,6.76
16/01/2012,0,0,10.3(0.00 %),0,0,0,0,3379505,6.76
17/01/2012,0,0,10.2(-0.97 %),0,0,0,0,3379505,6.76
18/01/2012,0,0,10.2(0.00 %),0,0,0,0,3379505,6.76
19/01/2012,0,0,10.2(0.00 %),0,0,0,0,3379505,6.76
20/01/2012,0,0,10.3(0.98 %),0,0,0,0,3379505,6.76
30/01/2012,0,0,10.3(0.00 %),0,0,0,0,3379505,6.76
31/01/2012,0,0,10.2(-0.97 %),0,0,0,0,3379505,6.76
01/02/2012,0,0,10(-1.96 %),0,0,0,0,3380095,6.75
02/02/2012,0,0,10.2(2.00 %),0,0,0,0,3380095,6.75
03/02/2012,10,103000,10.3(0.98 %),10,103000,0,0,3380085,6.75
06/02/2012,0,0,10.1(-1.94 %),0,0,0,0,3380085,6.75
07/02/2012,-520,-5252000,10.1(0.00 %),0,0,520,5252000,3380605,6.74
08/02/2012,-9390,-94140000,10.1(0.00 %),1300,13260000,10690,107400000,3389995,6.63
09/02/2012,-10400,-104040000,10.1(0.00 %),0,0,10400,104040000,3400395,6.5
10/02/2012,-50000,-500000000,9.9(-1.98 %),0,0,50000,500000000,3450395,5.87
13/02/2012,-5000,-50000000,9.9(0.00 %),0,0,5000,50000000,3455395,5.81
14/02/2012,-17810,-178070000,10.1(2.02 %),300,3030000,18110,181100000,3473205,5.58
15/02/2012,0,0,10(-0.99 %),0,0,0,0,3473205,5.58
16/02/2012,100,990000,10(0.00 %),100,990000,0,0,3473105,5.59
17/02/2012,0,0,10.2(2.00 %),0,0,0,0,3473105,5.59
20/02/2012,0,0,10.2(0.00 %),0,0,0,0,3473105,5.59
21/02/2012,0,0,10.2(0.00 %),0,0,0,0,3473105,5.59
22/02/2012,0,0,10.2(0.00 %),0,0,0,0,3473105,5.59
23/02/2012,2250,23345000,10.5(2.94 %),2250,23345000,0,0,3470855,5.61
24/02/2012,1500,16350000,10.9(3.81 %),1500,16350000,0,0,3469355,5.63
27/02/2012,0,0,11.2(2.75 %),0,0,0,0,3469355,5.63
28/02/2012,0,0,10.9(-2.68 %),0,0,0,0,3469355,5.63
29/02/2012,0,0,10.9(0.00 %),0,0,0,0,3469355,5.63
01/03/2012,0,0,10.8(-0.92 %),0,0,0,0,3469355,5.63
02/03/2012,40000,428000000,10.8(0.00 %),40000,428000000,0,0,3429355,6.13
05/03/2012,40000,432000000,11.3(4.63 %),40000,432000000,0,0,3389355,6.63
06/03/2012,-990,-11682000,11.4(0.88 %),0,0,990,11682000,3390345,6.62
07/03/2012,0,0,11.3(-0.88 %),0,0,0,0,3390345,6.62
08/03/2012,0,0,11(-2.65 %),0,0,0,0,3390345,6.62
09/03/2012,0,0,10.8(-1.82 %),0,0,0,0,3390345,6.62
12/03/2012,40180,454034000,10.7(-0.93 %),40180,454034000,0,0,3350165,7.12
13/03/2012,5000,53500000,10.9(1.87 %),5000,53500000,0,0,3345165,7.19
14/03/2012,-2000,-22200000,10.9(0.00 %),0,0,2000,22200000,3347165,7.16
15/03/2012,0,0,11.2(2.75 %),0,0,0,0,3347165,7.16
16/03/2012,0,0,11.1(-0.89 %),0,0,0,0,3347165,7.16
19/03/2012,16280,180688000,11.1(0.00 %),19180,212898000,2900,32210000,3330885,7.36
20/03/2012,28850,323888000,11.3(1.80 %),30820,346135000,1970,22247000,3302035,7.72
21/03/2012,-2000,-22600000,11.4(0.88 %),0,0,2000,22600000,3304035,7.7
22/03/2012,0,0,11.2(-1.75 %),0,0,0,0,3304035,7.7
23/03/2012,0,0,11.3(0.89 %),0,0,0,0,3304035,7.7
26/03/2012,0,0,11.6(2.65 %),0,0,0,0,3304035,7.7
27/03/2012,0,0,11.4(-1.72 %),0,0,0,0,3304035,7.7
28/03/2012,0,0,11.3(-0.88 %),0,0,0,0,3304035,7.7
29/03/2012,0,0,11.2(-0.88 %),0,0,0,0,3304035,7.7
30/03/2012,0,0,11.5(2.68 %),0,0,0,0,3304035,7.7
03/04/2012,0,0,11.1(-3.48 %),0,0,0,0,3304035,7.7
04/04/2012,0,0,11(-0.90 %),0,0,0,0,3304035,7.7
05/04/2012,0,0,10.9(-0.91 %),0,0,0,0,3304035,7.7
06/04/2012,20000,228000000,10.8(-0.92 %),20000,228000000,0,0,3284035,7.95
09/04/2012,0,0,10.9(0.93 %),0,0,0,0,3284035,7.95
10/04/2012,0,0,11.2(2.75 %),0,0,0,0,3284035,7.95
11/04/2012,0,0,11.4(1.79 %),0,0,0,0,3284035,7.95
12/04/2012,0,0,11.3(-0.88 %),0,0,0,0,3284035,7.95
13/04/2012,0,0,11.4(0.88 %),0,0,0,0,3284035,7.95
16/04/2012,0,0,11.7(2.63 %),0,0,0,0,3284035,7.95
17/04/2012,-18170,-218040000,12.1(3.42 %),0,0,18170,218040000,3302205,7.72
18/04/2012,-400,-4880000,12(-0.83 %),0,0,400,4880000,3302605,7.72
19/04/2012,0,0,11.8(-1.67 %),0,0,0,0,3302605,7.72
20/04/2012,0,0,11.8(0.00 %),0,0,0,0,3302605,7.72
23/04/2012,0,0,12(1.69 %),0,0,0,0,3302605,7.72
24/04/2012,0,0,12(0.00 %),0,0,0,0,3302605,7.72
25/04/2012,-3120,-37476000,12.3(2.50 %),0,0,3120,37476000,3305725,7.68
26/04/2012,0,0,12.3(0.00 %),0,0,0,0,3305725,7.68
27/04/2012,0,0,12.3(0.00 %),0,0,0,0,3305725,7.68
02/05/2012,0,0,11.7(-4.88 %),0,0,0,0,3302605,7.72
03/05/2012,-19480,-222072000,11.3(-3.42 %),0,0,19480,222072000,3322085,7.47
04/05/2012,-2880,-33984000,11.8(4.42 %),0,0,2880,33984000,3324965,7.44
07/05/2012,-14380,-176874000,12.3(4.24 %),0,0,14380,176874000,3339345,7.26
08/05/2012,0,0,12.9(4.88 %),0,0,0,0,3339345,7.26
09/05/2012,52470,708345000,13.5(4.65 %),52470,708345000,0,0,3286875,7.91
10/05/2012,0,0,14.1(4.44 %),0,0,0,0,3286875,7.91
11/05/2012,-3000,-42900000,14.1(0.00 %),0,0,3000,42900000,3289875,7.88
14/05/2012,0,0,14.2(0.71 %),0,0,0,0,3289875,7.88
15/05/2012,-20000,-285000000,14.3(0.70 %),0,0,20000,285000000,3309875,7.63
16/05/2012,-3140,-43018000,13.6(2.26 %),0,0,3140,43018000,3313015,7.59
17/05/2012,-36860,-493924000,13.2(-2.94 %),0,0,36860,493924000,3349875,7.13
18/05/2012,0,0,13.5(2.27 %),0,0,0,0,3349875,7.13
21/05/2012,0,0,14.1(4.44 %),0,0,0,0,3349875,7.13
22/05/2012,0,0,14(-0.71 %),0,0,0,0,3349875,7.13
23/05/2012,0,0,13.4(-4.29 %),0,0,0,0,3349875,7.13
24/05/2012,0,0,13.3(-0.75 %),0,0,0,0,3349875,7.13
25/05/2012,0,0,13.7(3.01 %),0,0,0,0,3349875,7.13
28/05/2012,0,0,13.5(-1.46 %),0,0,0,0,3349875,7.13
29/05/2012,0,0,13.4(-0.74 %),0,0,0,0,3349875,7.13
30/05/2012,0,0,13.6(1.49 %),0,0,0,0,3349875,7.13
31/05/2012,0,0,13.4(-1.47 %),0,0,0,0,3349875,7.13
01/06/2012,0,0,13.5(0.75 %),0,0,0,0,3353000,7.09
04/06/2012,0,0,13.2(-2.22 %),0,0,0,0,3353000,7.09
05/06/2012,0,0,13.4(1.52 %),0,0,0,0,3353000,7.09
06/06/2012,0,0,13.5(0.75 %),0,0,0,0,3353000,7.09
07/06/2012,0,0,13.6(0.74 %),0,0,0,0,3353000,7.09
08/06/2012,0,0,13.4(-1.47 %),0,0,0,0,3353000,7.09
11/06/2012,0,0,13.7(2.24 %),0,0,0,0,3353000,7.09
12/06/2012,0,0,14(2.19 %),0,0,0,0,3353000,7.09
13/06/2012,0,0,14.7(5.00 %),0,0,0,0,3353000,7.09
14/06/2012,0,0,14.8(0.68 %),0,0,0,0,3353000,7.09
15/06/2012,0,0,14.8(0.00 %),0,0,0,0,3353000,7.09
18/06/2012,0,0,14.2(-4.05 %),0,0,0,0,3353000,7.09
19/06/2012,0,0,14(-1.41 %),0,0,0,0,3353000,7.09
20/06/2012,0,0,14.3(2.14 %),0,0,0,0,3353000,7.09
21/06/2012,0,0,14.3(0.00 %),0,0,0,0,3353000,7.09
22/06/2012,0,0,14.4(0.70 %),0,0,0,0,3353000,7.09
25/06/2012,0,0,14.5(0.69 %),0,0,0,0,3353000,7.09
26/06/2012,0,0,14.5(0.00 %),0,0,0,0,3353000,7.09
27/06/2012,0,0,14.7(1.38 %),0,0,0,0,3353000,7.09
28/06/2012,0,0,15.2(3.40 %),0,0,0,0,3353000,7.09
29/06/2012,-1500,-22650000,15.2(0.00 %),0,0,1500,22650000,3354500,7.07
02/07/2012,0,0,14.6(-3.95 %),0,0,0,0,3353000,7.09
03/07/2012,0,0,14.1(-3.42 %),0,0,0,0,3353000,7.09
04/07/2012,0,0,14(-0.71 %),0,0,0,0,3353000,7.09
05/07/2012,0,0,14.1(0.71 %),0,0,0,0,3353000,7.09
06/07/2012,0,0,13.9(-1.42 %),0,0,0,0,3353000,7.09
09/07/2012,0,0,14.4(3.60 %),0,0,0,0,3353000,7.09
10/07/2012,0,0,14.3(-0.69 %),0,0,0,0,3353000,7.09
11/07/2012,0,0,13.9(-2.80 %),0,0,0,0,3353000,7.09
12/07/2012,0,0,13.9(0.00 %),0,0,0,0,3353000,7.09
13/07/2012,0,0,13.7(-1.44 %),0,0,0,0,3353000,7.09
16/07/2012,0,0,13.8(0.73 %),0,0,0,0,3353000,7.09
17/07/2012,0,0,13.8(0.00 %),0,0,0,0,3353000,7.09
18/07/2012,0,0,13.7(-0.72 %),0,0,0,0,3353000,7.09
19/07/2012,0,0,13.8(0.73 %),0,0,0,0,3353000,7.09
20/07/2012,0,0,13.7(-0.72 %),0,0,0,0,3353000,7.09
23/07/2012,0,0,13.6(-0.73 %),0,0,0,0,3353000,7.09
24/07/2012,0,0,13.7(0.74 %),0,0,0,0,3353000,7.09
25/07/2012,0,0,13.6(-0.73 %),0,0,0,0,3353000,7.09
26/07/2012,0,0,13.9(2.21 %),0,0,0,0,3353000,7.09
27/07/2012,0,0,13.7(-1.44 %),0,0,0,0,3353000,7.09
30/07/2012,0,0,13.1(-4.38 %),0,0,0,0,3353000,7.09
31/07/2012,0,0,13.2(0.76 %),0,0,0,0,3353000,7.09
01/08/2012,0,0,13.4(1.52 %),0,0,0,0,3354500,7.07
02/08/2012,0,0,13.8(2.99 %),0,0,0,0,3354500,7.07
03/08/2012,0,0,13.5(-2.17 %),0,0,0,0,3354500,7.07
06/08/2012,0,0,13.3(-1.48 %),0,0,0,0,3354500,7.07
07/08/2012,0,0,13.2(-0.75 %),0,0,0,0,3354500,7.07
08/08/2012,0,0,13.2(0.00 %),0,0,0,0,3354500,7.07
09/08/2012,0,0,12.7(-3.79 %),0,0,0,0,3354500,7.07
10/08/2012,0,0,12.3(-3.15 %),0,0,0,0,3354500,7.07
13/08/2012,10,127000,12.7(3.25 %),10,127000,0,0,3354490,7.07
14/08/2012,0,0,12.7(0.00 %),0,0,0,0,3354490,7.07
15/08/2012,0,0,12.6(-0.79 %),0,0,0,0,3354490,7.07
16/08/2012,0,0,12(-4.76 %),0,0,0,0,3354490,7.07
17/08/2012,0,0,12.5(4.17 %),0,0,0,0,3354490,7.07
20/08/2012,0,0,12.5(0.00 %),0,0,0,0,3354490,7.07
21/08/2012,0,0,11.9(-4.80 %),0,0,0,0,3354490,7.07
22/08/2012,0,0,11.4(-4.20 %),0,0,0,0,3354490,7.07
23/08/2012,0,0,10.9(-4.39 %),0,0,0,0,3354490,7.07
24/08/2012,0,0,11.4(4.59 %),0,0,0,0,3354490,7.07
27/08/2012,0,0,10.9(-4.39 %),0,0,0,0,3354490,7.07
28/08/2012,-10,-104000,11.1(1.83 %),0,0,10,104000,3354500,7.07
29/08/2012,0,0,10.7(-3.60 %),0,0,0,0,3354500,7.07
30/08/2012,0,0,10.5(-1.87 %),0,0,0,0,3354500,7.07
31/08/2012,0,0,10(-4.76 %),0,0,0,0,3354500,7.07
04/09/2012,0,0,10.5(5.00 %),0,0,0,0,3354500,7.07
05/09/2012,0,0,10.8(2.86 %),0,0,0,0,3354500,7.07
06/09/2012,0,0,10.3(-4.63 %),0,0,0,0,3354500,7.07
07/09/2012,0,0,10.1(-1.94 %),0,0,0,0,3354500,7.07
10/09/2012,0,0,10.5(3.96 %),0,0,0,0,3354500,7.07
11/09/2012,0,0,10(-4.76 %),0,0,0,0,3354500,7.07
12/09/2012,0,0,10.1(1.00 %),0,0,0,0,3354500,7.07
13/09/2012,0,0,10.2(0.99 %),0,0,0,0,3354500,7.07
14/09/2012,0,0,10.6(3.92 %),0,0,0,0,3354500,7.07
17/09/2012,0,0,10.1(-4.72 %),0,0,0,0,3354500,7.07
18/09/2012,0,0,10(-0.99 %),0,0,0,0,3354500,7.07
19/09/2012,0,0,10(0.00 %),0,0,0,0,3354500,7.07
20/09/2012,0,0,9.7(-3.00 %),0,0,0,0,3354500,7.07
21/09/2012,-10,-97000,9.7(0.00 %),0,0,10,97000,3354510,7.07
24/09/2012,0,0,9.4(-3.09 %),0,0,0,0,3354510,7.07
25/09/2012,0,0,9.6(2.13 %),0,0,0,0,3354510,7.07
26/09/2012,-900,-8820000,9.8(2.08 %),0,0,900,8820000,3355410,7.06
27/09/2012,0,0,10.1(3.06 %),0,0,0,0,3355410,7.06
28/09/2012,0,0,9.8(-2.97 %),0,0,0,0,3355410,7.06
01/10/2012,0,0,9.8(0.00 %),0,0,0,0,3354510,7.07
02/10/2012,0,0,9.9(1.02 %),0,0,0,0,3354510,7.07
03/10/2012,0,0,9.6(-3.03 %),0,0,0,0,3354510,7.07
04/10/2012,0,0,10(4.17 %),0,0,0,0,3354510,7.07
05/10/2012,0,0,10.4(4.00 %),0,0,0,0,3354510,7.07
08/10/2012,0,0,10.3(-0.96 %),0,0,0,0,3354510,7.07
09/10/2012,0,0,10.3(0.00 %),0,0,0,0,3354510,7.07
10/10/2012,0,0,10.3(0.00 %),0,0,0,0,3354510,7.07
11/10/2012,0,0,10.2(-0.97 %),0,0,0,0,3354510,7.07
12/10/2012,0,0,10.2(0.00 %),0,0,0,0,3354510,7.07
15/10/2012,0,0,9.9(-2.94 %),0,0,0,0,3354510,7.07
16/10/2012,0,0,10(1.01 %),0,0,0,0,3354510,7.07
17/10/2012,0,0,10.3(3.00 %),0,0,0,0,3354510,7.07
18/10/2012,0,0,10.3(0.00 %),0,0,0,0,3354510,7.07
19/10/2012,0,0,9.8(-4.85 %),0,0,0,0,3354510,7.07
22/10/2012,0,0,9.4(-4.08 %),0,0,0,0,3354510,7.07
23/10/2012,0,0,9.8(4.26 %),0,0,0,0,3354510,7.07
24/10/2012,0,0,9.8(0.00 %),0,0,0,0,3354510,7.07
25/10/2012,0,0,9.8(0.00 %),0,0,0,0,3354510,7.07
26/10/2012,0,0,10.2(4.08 %),0,0,0,0,3354510,0.86
29/10/2012,-70050,-700500000,10(-1.96 %),0,0,70050,700500000,3424560,6.19
30/10/2012,0,0,10.2(2.00 %),0,0,0,0,3424560,6.19
31/10/2012,-10000,-100000000,9.9(-2.94 %),0,0,10000,100000000,3434560,6.07
01/11/2012,0,0,9.9(0.00 %),0,0,0,0,3355410,7.06
02/11/2012,0,0,10.2(3.03 %),0,0,0,0,3355410,7.06
05/11/2012,0,0,10.2(0.00 %),0,0,0,0,3355410,7.06
06/11/2012,0,0,9.8(-3.92 %),0,0,0,0,3355410,7.06
07/11/2012,0,0,10(2.04 %),0,0,0,0,3355410,7.06
08/11/2012,0,0,10.2(2.00 %),0,0,0,0,3355410,7.06
09/11/2012,0,0,10.2(0.00 %),0,0,0,0,3355410,7.06
12/11/2012,0,0,9.8(-3.92 %),0,0,0,0,3355410,7.06
13/11/2012,0,0,10.1(3.06 %),0,0,0,0,3355410,7.06
14/11/2012,0,0,9.7(-3.96 %),0,0,0,0,3355410,7.06
15/11/2012,0,0,9.8(1.03 %),0,0,0,0,3355410,7.06
16/11/2012,0,0,10(2.04 %),0,0,0,0,3355410,7.06
19/11/2012,0,0,9.6(-4.00 %),0,0,0,0,3355410,7.06
20/11/2012,0,0,10(4.17 %),0,0,0,0,3355410,7.06
21/11/2012,0,0,10(0.00 %),0,0,0,0,3355410,7.06
22/11/2012,0,0,10(0.00 %),0,0,0,0,3355410,7.06
23/11/2012,0,0,10.3(3.00 %),0,0,0,0,3355410,7.06
26/11/2012,0,0,10.3(0.00 %),0,0,0,0,3355410,7.06
27/11/2012,0,0,10.3(0.00 %),0,0,0,0,3355410,7.06
28/11/2012,0,0,10.3(0.00 %),0,0,0,0,3355410,7.06
29/11/2012,0,0,10(-2.91 %),0,0,0,0,3355410,7.06
30/11/2012,0,0,10(0.00 %),0,0,0,0,3355410,7.06
03/12/2012,0,0,10(0.00 %),0,0,0,0,3435460,6.06
04/12/2012,0,0,10(0.00 %),0,0,0,0,3435460,6.06
05/12/2012,0,0,9.9(-1.00 %),0,0,0,0,3435460,6.06
06/12/2012,0,0,9.7(-2.02 %),0,0,0,0,3435460,6.06
07/12/2012,0,0,10(3.09 %),0,0,0,0,3435460,6.06
10/12/2012,0,0,10(0.00 %),0,0,0,0,3435460,6.06
11/12/2012,0,0,10(0.00 %),0,0,0,0,3435460,6.06
12/12/2012,0,0,9.9(-1.00 %),0,0,0,0,3435460,6.06
13/12/2012,0,0,10.2(3.03 %),0,0,0,0,3435460,6.06
14/12/2012,0,0,10.5(2.94 %),0,0,0,0,3435460,6.06
17/12/2012,0,0,10.5(0.00 %),0,0,0,0,3435460,6.06
18/12/2012,0,0,10.5(0.00 %),0,0,0,0,3435460,6.06
19/12/2012,0,0,10.5(0.00 %),0,0,0,0,3435460,6.06
20/12/2012,0,0,10.4(-0.95 %),0,0,0,0,3435460,6.06
21/12/2012,0,0,10.4(0.00 %),0,0,0,0,3435460,6.06
24/12/2012,0,0,10.4(0.00 %),0,0,0,0,3435460,6.06
25/12/2012,0,0,10(-3.85 %),0,0,0,0,3435460,6.06
26/12/2012,0,0,10.5(5.00 %),0,0,0,0,3435460,6.06
27/12/2012,0,0,10.6(0.95 %),0,0,0,0,3435460,6.06
28/12/2012,0,0,10.2(-3.77 %),0,0,0,0,3435460,6.06
02/01/2013,500,5100000,10.2(0.00 %),500,5100000,0,0,3434960,6.06
03/01/2013,0,0,10.3(0.98 %),0,0,0,0,3434960,6.06
04/01/2013,0,0,10.3(0.00 %),0,0,0,0,3434960,6.06
07/01/2013,0,0,10.2(-0.97 %),0,0,0,0,3434960,6.06
08/01/2013,0,0,10.5(2.94 %),0,0,0,0,3434960,6.06
09/01/2013,0,0,10.5(0.00 %),0,0,0,0,3434960,6.06
10/01/2013,0,0,10.5(0.00 %),0,0,0,0,3434960,6.06
11/01/2013,40,420000,10.7(1.90 %),40,420000,0,0,3434920,6.06
14/01/2013,0,0,10.2(-4.67 %),0,0,0,0,3434920,6.06
15/01/2013,0,0,10.6(3.92 %),0,0,0,0,3434920,6.06
16/01/2013,0,0,10.9(2.83 %),0,0,0,0,3434920,6.06
17/01/2013,0,0,10.5(-3.67 %),0,0,0,0,3434920,6.06
18/01/2013,0,0,10.5(0.00 %),0,0,0,0,3434920,6.06
21/01/2013,0,0,10.7(1.90 %),0,0,0,0,3434920,6.06
22/01/2013,0,0,10.7(0.00 %),0,0,0,0,3434920,6.06
23/01/2013,0,0,10.1(-5.61 %),0,0,0,0,3434920,6.06
24/01/2013,0,0,10.5(3.96 %),0,0,0,0,3434920,6.06
25/01/2013,0,0,10.8(2.86 %),0,0,0,0,3434920,6.06
28/01/2013,10,108000,10.7(-0.93 %),10,108000,0,0,3434910,6.06
29/01/2013,0,0,10.7(0.00 %),0,0,0,0,3434910,6.06
30/01/2013,0,0,10.8(0.93 %),0,0,0,0,3434910,6.06
31/01/2013,0,0,10.7(-0.93 %),0,0,0,0,3434910,6.06
01/02/2013,0,0,10.3(3.00 %),0,0,0,0,3434910,6.06
04/02/2013,0,0,10(-2.91 %),0,0,0,0,3434910,6.06
05/02/2013,0,0,10.3(3.00 %),0,0,0,0,3434910,6.06
06/02/2013,0,0,10.3(0.00 %),0,0,0,0,3434910,6.06
07/02/2013,0,0,10.3(0.00 %),0,0,0,0,3434910,6.06
08/02/2013,0,0,10.3(0.00 %),0,0,0,0,3434910,6.06
18/02/2013,0,0,10.3(0.00 %),0,0,0,0,3434910,6.06
19/02/2013,0,0,10.3(0.00 %),0,0,0,0,3434910,6.06
20/02/2013,0,0,10.3(0.00 %),0,0,0,0,3434910,6.06
21/02/2013,0,0,10.5(1.94 %),0,0,0,0,3434910,6.06
22/02/2013,0,0,10.2(-2.86 %),0,0,0,0,3434910,6.06
25/02/2013,200,2040000,10.5(2.94 %),200,2040000,0,0,3434710,6.07
26/02/2013,0,0,10(-4.76 %),0,0,0,0,3434710,6.07
27/02/2013,0,0,10.2(2.00 %),0,0,0,0,3434710,6.07
28/02/2013,0,0,10.4(1.96 %),0,0,0,0,3434710,6.07
01/03/2013,0,0,10.4(0.00 %),0,0,0,0,3434710,6.07
04/03/2013,0,0,10.5(0.96 %),0,0,0,0,3434710,6.07
05/03/2013,0,0,10.5(0.00 %),0,0,0,0,3434710,6.07
06/03/2013,0,0,10.5(0.00 %),0,0,0,0,3434710,6.07
07/03/2013,0,0,10.4(-0.95 %),0,0,0,0,3434710,6.07
08/03/2013,0,0,10.1(-2.88 %),0,0,0,0,3434710,6.07
11/03/2013,-18550,-185525000,10.5(3.96 %),0,0,18550,185525000,3453260,5.83
12/03/2013,0,0,9.9(-5.71 %),0,0,0,0,3453260,5.83
13/03/2013,0,0,10.3(4.04 %),0,0,0,0,3453260,5.83
14/03/2013,0,0,10.5(1.94 %),0,0,0,0,3453260,5.83
15/03/2013,0,0,10.2(-2.86 %),0,0,0,0,3453260,5.83
18/03/2013,0,0,10.1(-0.98 %),0,0,0,0,3453260,5.83
19/03/2013,0,0,10.3(1.98 %),0,0,0,0,3453260,5.83
20/03/2013,0,0,10.2(-0.97 %),0,0,0,0,3453260,5.83
21/03/2013,0,0,10.3(0.98 %),0,0,0,0,3453260,5.83
22/03/2013,0,0,10(-2.91 %),0,0,0,0,3453260,5.83
25/03/2013,0,0,10.3(3.00 %),0,0,0,0,3453260,5.83
26/03/2013,0,0,10.2(-0.97 %),0,0,0,0,3453260,5.83
27/03/2013,0,0,10.1(-0.98 %),0,0,0,0,3453260,5.83
28/03/2013,0,0,10.2(0.99 %),0,0,0,0,3453260,5.83
29/03/2013,0,0,10(-1.96 %),0,0,0,0,3453260,5.83
01/04/2013,0,0,10.1(1.00 %),0,0,0,0,3453260,5.83
02/04/2013,50,495000,10(-0.99 %),50,495000,0,0,3453210,5.83
03/04/2013,0,0,10(0.00 %),0,0,0,0,3453210,5.83
04/04/2013,0,0,9.9(-1.00 %),0,0,0,0,3453210,5.83
05/04/2013,0,0,9.8(-1.01 %),0,0,0,0,3453210,5.83
08/04/2013,7000,69300000,10(2.04 %),7000,69300000,0,0,3446210,5.92
09/04/2013,-240,-3000000,10(0.00 %),2000,19400000,2240,22400000,3446450,36.54
10/04/2013,0,0,9.7(-3.00 %),0,0,0,0,3446450,36.54
11/04/2013,0,0,9.9(2.06 %),0,0,0,0,3446450,36.54
12/04/2013,0,0,9.9(0.00 %),0,0,0,0,3446450,36.54
15/04/2013,0,0,9.8(-1.01 %),0,0,0,0,3446450,36.54
16/04/2013,0,0,9.6(-2.04 %),0,0,0,0,3446450,36.54
17/04/2013,0,0,10.1(5.21 %),0,0,0,0,3446450,36.54
18/04/2013,0,0,10.3(1.98 %),0,0,0,0,3446450,36.54
22/04/2013,0,0,9.7(-5.83 %),0,0,0,0,3446450,36.54
23/04/2013,0,0,9.7(0.00 %),0,0,0,0,3446450,36.54
24/04/2013,0,0,9.7(0.00 %),0,0,0,0,3446450,36.54
25/04/2013,-760,-7372000,10(3.09 %),0,0,760,7372000,3447210,36.53
26/04/2013,0,0,9.5(-5.00 %),0,0,0,0,3447210,36.53
02/05/2013,0,0,10.1(6.32 %),0,0,0,0,5896450,5.92
03/05/2013,0,0,10.1(0.00 %),0,0,0,0,5896450,5.92
06/05/2013,0,0,10.1(0.00 %),0,0,0,0,5896450,5.92
07/05/2013,0,0,10.2(0.99 %),0,0,0,0,5896450,5.92
08/05/2013,0,0,10.2(0.00 %),0,0,0,0,5896450,5.92
09/05/2013,0,0,10.2(0.00 %),0,0,0,0,5896450,5.92
10/05/2013,-30000,-306000000,10.2(0.00 %),0,0,30000,306000000,5926450,5.54
13/05/2013,0,0,10.2(0.00 %),0,0,0,0,5926450,5.54
14/05/2013,0,0,10.2(0.00 %),0,0,0,0,5926450,5.54
15/05/2013,-12590,-124556000,10.2(0.00 %),0,0,12590,124556000,5939040,5.39
16/05/2013,0,0,10(-1.96 %),0,0,0,0,5939040,5.39
17/05/2013,0,0,9.7(-3.00 %),0,0,0,0,5939040,5.39
20/05/2013,0,0,10.1(4.12 %),0,0,0,0,5939040,5.39
21/05/2013,0,0,10.1(0.00 %),0,0,0,0,5939040,5.39
22/05/2013,0,0,10.1(0.00 %),0,0,0,0,5939040,5.39
23/05/2013,0,0,10.1(0.00 %),0,0,0,0,5939040,5.39
24/05/2013,100,1010000,10(-0.99 %),100,1010000,0,0,5938940,5.39
27/05/2013,0,0,10.3(3.00 %),0,0,0,0,5938940,5.39
28/05/2013,0,0,10.5(1.94 %),0,0,0,0,5938940,5.39
29/05/2013,-10000,-105000000,10.4(-0.95 %),0,0,10000,105000000,5948940,5.26
30/05/2013,0,0,10.2(-1.92 %),0,0,0,0,5948940,5.26
31/05/2013,200,2080000,10.6(3.92 %),200,2080000,0,0,5948740,5.27
03/06/2013,0,0,10.7(0.94 %),0,0,0,0,5939500,5.38
04/06/2013,0,0,10.6(-0.93 %),0,0,0,0,5939500,5.38
05/06/2013,-2000,-21000000,10.7(0.94 %),0,0,2000,21000000,5941500,5.36
06/06/2013,-34300,-371330000,10.7(0.00 %),0,0,34300,371330000,5975800,4.93
07/06/2013,-28000,-304292000,11.1(3.74 %),0,0,28000,304292000,6003800,4.58
10/06/2013,0,0,11.1(0.00 %),0,0,0,0,6003800,4.58
11/06/2013,0,0,11(-0.90 %),0,0,0,0,6003800,4.58
12/06/2013,0,0,11(0.00 %),0,0,0,0,6003800,4.58
13/06/2013,0,0,10.9(-0.91 %),0,0,0,0,6003800,4.58
14/06/2013,0,0,11.2(2.75 %),0,0,0,0,6003800,4.58
17/06/2013,0,0,10.7(-4.46 %),0,0,0,0,6003800,4.58
18/06/2013,0,0,11(2.80 %),0,0,0,0,6003800,4.58
19/06/2013,0,0,11.2(1.82 %),0,0,0,0,6003800,4.58
20/06/2013,0,0,11.4(1.79 %),0,0,0,0,6003800,4.58
21/06/2013,0,0,11.3(-0.88 %),0,0,0,0,6003800,4.58
24/06/2013,0,0,11.4(0.88 %),0,0,0,0,6003800,4.58
25/06/2013,0,0,11(-3.51 %),0,0,0,0,6003800,4.58
26/06/2013,500,5700000,11.1(0.91 %),500,5700000,0,0,6003300,4.58
27/06/2013,0,0,11.2(0.90 %),0,0,0,0,6003300,4.58
28/06/2013,0,0,11.2(0.00 %),0,0,0,0,6003300,4.58
01/07/2013,-25290,-288835000,11.5(2.68 %),10000,115000000,35290,403835000,6003300,4.58
02/07/2013,0,-50000,12.3(6.96 %),500,5900000,500,5950000,6003300,4.58
03/07/2013,500,6500000,13(5.69 %),500,6500000,0,0,6002800,4.59
04/07/2013,0,0,13.4(3.08 %),0,0,0,0,6002800,4.59
05/07/2013,0,0,12.5(-6.72 %),0,0,0,0,6002800,4.59
08/07/2013,0,0,12.3(-1.60 %),0,0,0,0,6002800,4.59
09/07/2013,0,0,12.2(-0.81 %),0,0,0,0,6002800,4.59
10/07/2013,0,0,12.6(3.28 %),0,0,0,0,6002800,4.59
11/07/2013,0,0,12.2(-3.17 %),0,0,0,0,6002800,4.59
12/07/2013,0,0,12.5(2.46 %),0,0,0,0,6002800,4.59
15/07/2013,0,0,12(-4.00 %),0,0,0,0,6002800,4.59
16/07/2013,0,0,12.1(0.83 %),0,0,0,0,6002800,4.59
17/07/2013,0,0,11.9(-1.65 %),0,0,0,0,6002800,4.59
18/07/2013,0,0,11.6(-2.52 %),0,0,0,0,6002800,4.59
19/07/2013,0,0,11.7(0.86 %),0,0,0,0,6002800,4.59
22/07/2013,0,0,11.7(0.00 %),0,0,0,0,6002800,4.59
23/07/2013,-1000,-11000000,10.9(-6.84 %),0,0,1000,11000000,6003800,4.58
24/07/2013,0,0,11.5(5.50 %),0,0,0,0,6003800,4.58
25/07/2013,0,0,11.7(1.74 %),0,0,0,0,6003800,4.58
26/07/2013,0,0,10.9(-6.84 %),0,0,0,0,6003800,4.58
29/07/2013,1500,16500000,11.5(5.50 %),1500,16500000,0,0,6002300,4.6
30/07/2013,0,0,10.9(-5.22 %),0,0,0,0,6002300,4.6
31/07/2013,0,0,10.6(-2.75 %),0,0,0,0,6002300,4.6
01/08/2013,0,0,11(3.77 %),0,0,0,0,6037590,4.16
02/08/2013,0,0,11(0.00 %),0,0,0,0,6037590,4.16
05/08/2013,0,0,11(0.00 %),0,0,0,0,6037590,4.16
06/08/2013,-1600,-17120000,10.7(-2.73 %),0,0,1600,17120000,6039190,4.14
07/08/2013,0,0,10.9(1.87 %),0,0,0,0,6039190,4.14
08/08/2013,0,0,11.2(2.75 %),0,0,0,0,6039190,4.14
09/08/2013,0,0,11(-1.79 %),0,0,0,0,6039190,4.14
12/08/2013,0,0,11(0.00 %),0,0,0,0,6039190,4.14
13/08/2013,10,114000,11.4(3.64 %),10,114000,0,0,6039180,4.14
14/08/2013,0,0,11(-3.51 %),0,0,0,0,6039180,4.14
15/08/2013,0,0,11.5(4.55 %),0,0,0,0,6039180,4.14
16/08/2013,0,0,11.5(0.00 %),0,0,0,0,6039180,4.14
19/08/2013,0,0,11.5(0.00 %),0,0,0,0,6039180,4.14
20/08/2013,0,0,11.5(0.00 %),0,0,0,0,6039180,4.14
21/08/2013,0,0,11.4(-0.87 %),0,0,0,0,6039180,4.14
22/08/2013,0,0,11.5(0.88 %),0,0,0,0,6039180,4.14
23/08/2013,0,0,10.9(-5.22 %),0,0,0,0,6039180,4.14
26/08/2013,0,0,11.5(5.50 %),0,0,0,0,6039180,4.14
27/08/2013,0,0,11.4(-0.87 %),0,0,0,0,6039180,4.14
28/08/2013,0,0,11.3(-0.88 %),0,0,0,0,6039180,4.14
29/08/2013,0,0,11.5(1.77 %),0,0,0,0,6039180,4.14
30/08/2013,0,0,11.5(0.00 %),0,0,0,0,6039180,4.14
03/09/2013,0,0,11.5(0.00 %),0,0,0,0,6039180,4.14
04/09/2013,0,0,11.5(0.00 %),0,0,0,0,6039180,4.14
05/09/2013,0,0,12(4.35 %),0,0,0,0,6039180,4.14
06/09/2013,0,0,12.2(1.67 %),0,0,0,0,6039180,4.14
09/09/2013,-10,-120000,12(-1.64 %),0,0,10,120000,6039190,4.14
10/09/2013,0,0,12(0.00 %),0,0,0,0,6039190,4.14
11/09/2013,0,0,12(0.00 %),0,0,0,0,6039190,4.14
12/09/2013,0,0,12(0.00 %),0,0,0,0,6039190,4.14
13/09/2013,0,0,12(0.00 %),0,0,0,0,6039190,4.14
16/09/2013,0,0,12(0.00 %),0,0,0,0,6039190,4.14
17/09/2013,0,0,12(0.00 %),0,0,0,0,6039190,4.14
18/09/2013,0,0,12(0.00 %),0,0,0,0,6039190,4.14
19/09/2013,0,0,11.6(-3.33 %),0,0,0,0,6039190,4.14
20/09/2013,0,0,11.8(1.72 %),0,0,0,0,6039190,4.14
23/09/2013,0,0,11.8(0.00 %),0,0,0,0,6039190,4.14
24/09/2013,0,0,12.5(5.93 %),0,0,0,0,6039190,4.14
25/09/2013,0,0,12.4(-0.80 %),0,0,0,0,6039190,4.14
26/09/2013,0,0,11.7(-5.65 %),100,1220000,100,1220000,6039190,4.14
27/09/2013,0,0,11.6(-0.85 %),0,0,0,0,6039190,2.54
30/09/2013,0,0,11.6(0.00 %),0,0,0,0,6039190,2.54
01/10/2013,0,0,12(3.45 %),0,0,0,0,6039090,2.55
02/10/2013,0,0,12(0.00 %),0,0,0,0,6039090,2.55
03/10/2013,0,0,12(0.00 %),0,0,0,0,6039090,2.55
04/10/2013,0,0,12.3(2.50 %),0,0,0,0,6039090,2.55
07/10/2013,5300,67310000,12.5(1.63 %),5300,67310000,0,0,6033790,2.59
08/10/2013,0,0,12.2(-2.40 %),0,0,0,0,6033790,2.59
09/10/2013,0,0,12.4(1.64 %),0,0,0,0,6033790,2.59
10/10/2013,0,0,12.4(0.00 %),0,0,0,0,6033790,2.59
11/10/2013,600,7440000,12.4(0.00 %),600,7440000,0,0,6033190,2.59
14/10/2013,0,0,12.4(0.00 %),0,0,0,0,6033190,2.59
15/10/2013,0,0,11.6(-6.45 %),0,0,0,0,6033190,2.59
16/10/2013,0,0,12(3.45 %),0,0,0,0,6033190,2.59
17/10/2013,-900,-10080000,12.6(5.00 %),0,0,900,10080000,6034090,2.58
18/10/2013,0,0,11.8(-6.35 %),0,0,0,0,6034090,2.58
21/10/2013,0,0,11.8(0.00 %),0,0,0,0,6034090,2.58
22/10/2013,0,0,12(1.69 %),0,0,0,0,6034090,2.58
23/10/2013,0,0,12.3(2.50 %),0,0,0,0,6034090,2.58
24/10/2013,0,0,11.5(-6.50 %),0,0,0,0,6034090,2.58
25/10/2013,0,0,11.5(0.00 %),0,0,0,0,6034090,2.58
28/10/2013,0,0,12(4.35 %),0,0,0,0,6034090,2.58
29/10/2013,-2000,-22600000,11.3(-5.83 %),0,0,2000,22600000,6036090,2.57
30/10/2013,0,0,11.5(1.77 %),0,0,0,0,6036090,2.57
31/10/2013,0,0,11.5(0.00 %),0,0,0,0,6036090,2.57
01/11/2013,0,0,12(4.35 %),0,0,0,0,6034190,2.58
04/11/2013,0,0,12(0.00 %),0,0,0,0,6034190,2.58
05/11/2013,-5300,-60950000,12.5(4.17 %),0,0,5300,60950000,6039490,2.54
06/11/2013,0,0,12(-4.00 %),0,0,0,0,6039490,2.54
07/11/2013,0,0,11.9(-0.83 %),0,0,0,0,6039490,2.54
08/11/2013,0,0,11.9(0.00 %),0,0,0,0,6039490,2.54
11/11/2013,0,0,12(0.84 %),0,0,0,0,6039490,2.54
12/11/2013,0,0,11.9(-0.83 %),0,0,0,0,6039490,2.54
13/11/2013,0,0,11.9(0.00 %),0,0,0,0,6039490,2.54
14/11/2013,0,0,11.9(0.00 %),0,0,0,0,6039490,2.54
15/11/2013,0,0,12.1(1.68 %),0,0,0,0,6039490,2.54
18/11/2013,0,0,12.8(5.79 %),0,0,0,0,6039490,2.54
19/11/2013,0,0,12.7(-0.78 %),0,0,0,0,6039490,2.54
20/11/2013,0,0,12.8(0.79 %),0,0,0,0,6039490,2.54
21/11/2013,0,0,13(1.56 %),0,0,0,0,6039490,2.54
22/11/2013,0,0,13.1(0.77 %),0,0,0,0,6039490,2.54
25/11/2013,0,0,13.5(3.05 %),0,0,0,0,6039490,2.54
26/11/2013,-1500,-19650000,13.5(0.00 %),0,0,1500,19650000,6040990,2.53
27/11/2013,0,0,14(3.70 %),0,0,0,0,6040990,2.53
28/11/2013,0,0,14(0.00 %),0,0,0,0,6040990,2.53
29/11/2013,0,0,14(0.00 %),0,0,0,0,6040990,2.53
02/12/2013,0,0,14(0.00 %),0,0,0,0,6042990,2.52
03/12/2013,0,0,14(0.00 %),0,0,0,0,6042990,2.52
04/12/2013,0,0,14.4(2.86 %),0,0,0,0,6042990,2.52
05/12/2013,0,0,14(-2.78 %),0,0,0,0,6042990,2.52
06/12/2013,0,0,14(0.00 %),0,0,0,0,6042990,2.52
09/12/2013,0,0,14(0.00 %),0,0,0,0,6042990,2.52
10/12/2013,0,0,14.2(1.43 %),0,0,0,0,6042990,2.52
11/12/2013,0,0,13.8(-2.82 %),0,0,0,0,6042990,2.52
12/12/2013,0,0,13.8(0.00 %),0,0,0,0,6042990,2.52
13/12/2013,0,0,14(1.45 %),0,0,0,0,6042990,2.52
16/12/2013,0,0,14(0.00 %),0,0,0,0,6042990,2.52
17/12/2013,0,0,14(0.00 %),0,0,0,0,6042990,2.52
18/12/2013,0,0,13.8(-1.43 %),0,0,0,0,6042990,2.52
19/12/2013,0,0,13.8(0.00 %),0,0,0,0,6042990,2.52
20/12/2013,-90,-1224000,13.8(0.00 %),0,0,90,1224000,6043080,2.51
23/12/2013,0,0,13.7(-0.72 %),0,0,0,0,6043080,2.51
24/12/2013,0,0,13.6(-0.73 %),0,0,0,0,6043080,2.51
25/12/2013,0,0,13.6(0.00 %),0,0,0,0,6043080,2.51
26/12/2013,0,0,13.7(0.74 %),0,0,0,0,6043080,2.51
27/12/2013,0,0,13.8(0.73 %),0,0,0,0,6043080,2.51
30/12/2013,0,0,13.8(0.00 %),0,0,0,0,6043080,2.51
31/12/2013,0,0,13.9(0.72 %),0,0,0,0,6043080,2.51
02/01/2014,0,0,13.9(0.00 %),0,0,0,0,6043080,2.51
03/01/2014,0,0,13.9(0.00 %),0,0,0,0,6043080,2.51
06/01/2014,0,0,14.2(2.16 %),0,0,0,0,6043080,2.51
07/01/2014,0,0,14.2(0.00 %),0,0,0,0,6043080,2.51
08/01/2014,-100,-1460000,14.6(2.82 %),0,0,100,1460000,6043180,2.51
09/01/2014,0,0,14.7(0.68 %),0,0,0,0,6043180,2.51
10/01/2014,0,0,15(2.04 %),0,0,0,0,6043180,2.51
13/01/2014,0,0,14.9(-0.67 %),0,0,0,0,6043180,2.51
14/01/2014,0,0,14.9(0.00 %),0,0,0,0,6043180,2.51
15/01/2014,0,0,14.8(-0.67 %),0,0,0,0,6043180,2.51
16/01/2014,0,0,14.8(0.00 %),0,0,0,0,6043180,2.51
17/01/2014,0,0,14.8(0.00 %),0,0,0,0,6043180,2.51
20/01/2014,0,0,14.7(-0.68 %),0,0,0,0,6043180,2.51
21/01/2014,0,0,14.7(0.00 %),0,0,0,0,6043180,2.51
22/01/2014,0,0,14.8(0.68 %),0,0,0,0,6043180,2.51
23/01/2014,0,0,15.8(6.76 %),0,0,0,0,6043180,2.51
24/01/2014,16400,267120000,16.3(3.16 %),16400,267120000,0,0,6026780,2.64
27/01/2014,17650,282869000,17(4.29 %),17650,282869000,0,0,6009130,2.78
06/02/2014,4830,82230000,17.2(1.18 %),4930,83950000,100,1720000,6004500,2.81
07/02/2014,750,12602000,17(-1.16 %),750,12602000,0,0,6003750,2.82
10/02/2014,28780,498288000,17.6(3.53 %),31250,541513000,2470,43225000,5974970,3.04
11/02/2014,4120,71289000,17.1(-2.84 %),4120,71289000,0,0,5970850,3.07
12/02/2014,0,0,17.4(1.75 %),0,0,0,0,5970850,3.07
13/02/2014,1200,20770000,17.2(-1.15 %),1200,20770000,0,0,5969650,3.08
14/02/2014,10200,172470000,16.7(-2.91 %),10200,172470000,0,0,5959450,3.16
17/02/2014,0,0,16.9(1.20 %),0,0,0,0,5959450,3.16
18/02/2014,-10,-170000,16.9(0.00 %),0,0,10,170000,5959460,3.16
19/02/2014,230,3971000,17.3(2.37 %),230,3971000,0,0,5959230,3.16
20/02/2014,0,0,17.3(0.00 %),0,0,0,0,5959230,3.16
21/02/2014,0,0,17.4(0.58 %),0,0,0,0,5959230,3.16
24/02/2014,-7800,-135525000,17.5(0.57 %),2200,37475000,10000,173000000,5967030,3.1
25/02/2014,6510,117425000,18.6(6.29 %),7000,126000000,490,8575000,5960520,3.15
26/02/2014,0,0,19(2.15 %),0,0,0,0,5960520,3.15
27/02/2014,2450,47070000,19.8(4.21 %),2450,47070000,0,0,5958070,3.17
28/02/2014,4770,91348000,19.4(-2.02 %),4770,91348000,0,0,5953300,3.21
03/03/2014,0,0,18.6(-4.12 %),0,0,0,0,5953100,3.21
04/03/2014,100,1882000,18.9(1.61 %),100,1882000,0,0,5953000,3.21
05/03/2014,200,3780000,18.9(0.00 %),200,3780000,0,0,5952800,3.21
06/03/2014,-1260,-23436000,18.9(0.00 %),0,0,1260,23436000,5954060,3.2
07/03/2014,0,0,19.2(1.59 %),0,0,0,0,5954060,3.2
10/03/2014,10400,201930000,19.6(2.08 %),10400,201930000,0,0,5943660,3.28
11/03/2014,3000,58220000,19.5(-0.51 %),3000,58220000,0,0,5940660,3.3
12/03/2014,-540,-10476000,19.4(-0.51 %),0,0,540,10476000,5941200,3.3
13/03/2014,0,0,19.4(0.00 %),0,0,0,0,5941200,3.3
14/03/2014,-60,-1158000,19.4(0.00 %),0,0,60,1158000,5941260,3.3
17/03/2014,3200,62720000,19.6(1.03 %),3200,62720000,0,0,5938060,3.32
18/03/2014,3400,65975000,19.5(-0.51 %),3400,65975000,0,0,5934660,3.35
19/03/2014,40,736000,18.3(1.67 %),40,736000,0,0,5934620,3.35
20/03/2014,0,0,17.5(-4.37 %),0,0,0,0,5934620,3.35
21/03/2014,820,14414000,17.9(2.29 %),820,14414000,0,0,5933800,3.36
24/03/2014,80000,1432336000,18(0.56 %),80000,1432336000,0,0,5853800,3.97
25/03/2014,84000,1508684000,18(0.00 %),84000,1508684000,0,0,5769800,4.62
26/03/2014,0,0,17.5(-2.78 %),0,0,0,0,5769800,4.62
27/03/2014,0,0,17.3(-1.14 %),0,0,0,0,5769800,4.62
28/03/2014,0,0,17.2(-0.58 %),0,0,0,0,5769800,4.62
31/03/2014,0,0,17.2(0.00 %),0,0,0,0,5769800,4.62
01/04/2014,1060,17780000,16.4(-4.65 %),1060,17780000,0,0,5768740,4.63
02/04/2014,750,12750000,17(3.66 %),750,12750000,0,0,5767990,4.63
03/04/2014,0,0,17.1(0.59 %),0,0,0,0,5767990,4.63
04/04/2014,0,0,17.2(0.58 %),0,0,0,0,5767990,4.63
07/04/2014,900,15570000,17.3(0.58 %),900,15570000,0,0,5767090,4.64
08/04/2014,10000,173093000,17.4(0.58 %),10000,173093000,0,0,5757090,4.71
10/04/2014,0,0,17.2(-1.15 %),0,0,0,0,5757090,4.71
11/04/2014,300,5130000,17.1(-0.58 %),300,5130000,0,0,5756790,4.72
14/04/2014,3020,51044000,16.9(-1.17 %),3070,51894000,50,850000,5753770,4.74
15/04/2014,0,0,16.7(-1.18 %),0,0,0,0,5753770,4.74
16/04/2014,1350,21895000,16.5(-1.20 %),1350,21895000,0,0,5752420,4.75
17/04/2014,0,0,16.8(1.82 %),0,0,0,0,5752420,4.75
18/04/2014,2250,36889000,17(1.19 %),2250,36889000,0,0,5750170,4.77
21/04/2014,-1410,-22365000,15.9(-6.47 %),220,3634000,1630,25999000,5751580,4.76
22/04/2014,-10,-163000,15.9(0.00 %),0,0,10,163000,5751590,4.76
23/04/2014,-3370,-51134000,15.8(-0.63 %),50,790000,3420,51924000,5754960,4.73
24/04/2014,0,0,16.1(1.90 %),0,0,0,0,5754960,4.73
25/04/2014,0,0,16(-0.62 %),0,0,0,0,5754960,4.73
28/04/2014,0,0,16(0.00 %),0,0,0,0,5754960,4.73
29/04/2014,200,3200000,16(0.00 %),200,3200000,0,0,5754760,4.73
05/05/2014,150,2333000,15.7(-1.88 %),150,2333000,0,0,5754610,4.73
06/05/2014,50,789000,15.7(0.00 %),50,789000,0,0,5754560,4.73
07/05/2014,0,0,15.7(0.00 %),0,0,0,0,5754560,4.73
08/05/2014,3020,44643000,15.5(-1.27 %),3020,44643000,0,0,5751540,4.76
09/05/2014,20,310000,15.3(-1.29 %),20,310000,0,0,5751520,4.76
12/05/2014,100,1460000,14.6(-4.58 %),100,1460000,0,0,5751420,4.76
13/05/2014,0,0,14.5(-0.68 %),0,0,0,0,5751420,4.76
14/05/2014,1100,16940000,15.4(6.21 %),1100,16940000,0,0,5750320,4.77
15/05/2014,240,3494000,14.4(-6.49 %),240,3494000,0,0,5750080,4.77
16/05/2014,0,0,13.7(-4.86 %),0,0,0,0,5750080,4.77
19/05/2014,0,0,14.4(5.11 %),0,0,0,0,5750080,4.77
20/05/2014,0,0,14(-2.78 %),0,0,0,0,5750080,4.77
21/05/2014,0,0,14.5(3.57 %),0,0,0,0,5750080,4.77
22/05/2014,10,146000,14.9(2.76 %),10,146000,0,0,5750070,4.77
23/05/2014,-5000,-72500000,14(-6.04 %),0,0,5000,72500000,5755070,4.73
26/05/2014,50,725000,14.5(3.57 %),50,725000,0,0,5755020,4.73
27/05/2014,450,6533000,14(-3.45 %),450,6533000,0,0,5754570,4.73
28/05/2014,40,596000,14.9(6.43 %),50,745000,10,149000,5754530,4.73
29/05/2014,0,0,15.5(4.03 %),0,0,0,0,5754530,4.73
30/05/2014,5650,88275000,15.7(1.29 %),5650,88275000,0,0,5748880,4.78
02/06/2014,1120,16672000,15.6(-0.64 %),1120,16672000,0,0,5747750,4.79
03/06/2014,2000,30284000,14.6(-6.41 %),2000,30284000,0,0,5745750,4.8
04/06/2014,100,1533000,15.3(4.79 %),100,1533000,0,0,5745650,4.8
05/06/2014,160,2444000,15.2(-0.65 %),160,2444000,0,0,5745490,4.8
06/06/2014,580,8990000,15.5(1.97 %),580,8990000,0,0,5744910,4.81
09/06/2014,0,0,15.3(-1.29 %),0,0,0,0,5744910,4.81
10/06/2014,520,7856000,14.9(-2.61 %),520,7856000,0,0,5744390,4.81
11/06/2014,0,0,15.4(3.36 %),0,0,0,0,5744390,4.81
12/06/2014,50,775000,15.5(0.65 %),50,775000,0,0,5744340,4.81
13/06/2014,0,0,15.6(0.65 %),0,0,0,0,5744340,4.81
16/06/2014,1000,15700000,15.7(0.64 %),1000,15700000,0,0,5743340,4.82
17/06/2014,1200,18940000,15.7(0.00 %),1200,18940000,0,0,5742140,4.83
18/06/2014,0,0,15.5(-1.27 %),0,0,0,0,5742140,4.83
19/06/2014,1100,17448000,16.5(6.45 %),1100,17448000,0,0,5741040,4.84
20/06/2014,0,0,16.4(-0.61 %),0,0,0,0,5741040,4.84
23/06/2014,30,492000,16.4(0.00 %),30,492000,0,0,5741010,4.84
24/06/2014,-6600,-104280000,15.8(-3.66 %),0,0,6600,104280000,5747610,4.79
25/06/2014,-250,-3955000,16.3(3.16 %),150,2445000,400,6400000,5747860,4.79
26/06/2014,100,1630000,16.3(0.00 %),100,1630000,0,0,5747760,4.79
27/06/2014,100,1590000,15.9(-2.45 %),100,1590000,0,0,5747660,4.79
30/06/2014,450,7340000,16.3(2.52 %),450,7340000,0,0,5747210,4.79
01/07/2014,0,0,16.1(-1.23 %),0,0,0,0,5747220,4.79
02/07/2014,0,0,16.6(3.11 %),0,0,0,0,5747220,4.79
03/07/2014,500,8390000,16.9(1.81 %),500,8390000,0,0,5746720,4.79
04/07/2014,0,0,17(0.59 %),0,0,0,0,5746720,4.79
07/07/2014,0,0,16.9(-0.59 %),0,0,0,0,5746720,4.79
08/07/2014,0,0,16.8(-0.59 %),0,0,0,0,5746720,4.79
09/07/2014,90,1503000,16.7(-0.60 %),90,1503000,0,0,5746630,4.8
10/07/2014,0,0,16.6(-0.60 %),0,0,0,0,5746630,4.8
11/07/2014,0,0,16.8(1.20 %),0,0,0,0,5746630,0.0
14/07/2014,0,0,16.7(-0.60 %),0,0,0,0,5746630,4.8
15/07/2014,2250,37712000,16.9(1.20 %),2250,37712000,0,0,5744380,4.81
16/07/2014,0,0,16.5(-2.37 %),0,0,0,0,5744380,0.0
17/07/2014,1000,16500000,16.8(1.82 %),1000,16500000,0,0,5743380,4.82
18/07/2014,0,0,16.8(0.00 %),0,0,0,0,5743380,4.82
21/07/2014,0,0,16.7(-0.60 %),0,0,0,0,5743380,4.82
22/07/2014,0,0,16.4(-1.80 %),0,0,0,0,5743380,0.0
23/07/2014,0,0,16.4(0.00 %),0,0,0,0,5743380,0.0
24/07/2014,0,0,16.8(2.44 %),200,3360000,200,3360000,5743180,0.0
25/07/2014,-1740,-31146000,17.9(6.55 %),0,0,1740,31146000,5743180,0.0
28/07/2014,7000,128600000,18.2(1.68 %),7000,128600000,0,0,5736180,0.0
29/07/2014,6200,111530000,17.9(-1.65 %),6200,111530000,0,0,5729980,0.0
30/07/2014,3200,56640000,17.7(-1.12 %),3200,56640000,0,0,5726980,0.0
31/07/2014,5500,100502000,18.2(2.82 %),5500,100502000,0,0,5723220,0.0
01/08/2014,0,0,18.8(3.30 %),0,0,0,0,5723220,0.0
04/08/2014,200,4020000,20.1(6.91 %),200,4020000,0,0,5723020,0.0
05/08/2014,0,0,21.5(6.97 %),0,0,0,0,5723020,0.0
06/08/2014,1500,31650000,21.1(-1.86 %),1500,31650000,0,0,5723020,4.98
07/08/2014,-200,-4260000,22.4(6.16 %),0,0,200,4260000,5723220,4.98
08/08/2014,0,0,22(-1.79 %),0,0,0,0,5721520,0.0
11/08/2014,0,0,21.7(-1.36 %),0,0,0,0,5721520,0.0
12/08/2014,1000,22300000,22.5(3.69 %),1000,22300000,0,0,5720520,0.0
13/08/2014,400,8922000,22.5(0.00 %),400,8922000,0,0,5720320,0.0
14/08/2014,12800,285040000,22.2(-1.33 %),12800,285040000,0,0,5720320,5.0
15/08/2014,-4520,-106220000,23.1(4.05 %),0,0,4520,106220000,5707520,5.1
18/08/2014,1050,25185000,23.3(0.87 %),1050,25185000,0,0,5706470,0.0
19/08/2014,11000,258108000,24.4(4.72 %),12000,282008000,1000,23900000,5694480,0.0
20/08/2014,0,0,24.3(-0.41 %),0,0,0,0,5694470,0.0
21/08/2014,100,2470000,24.7(1.65 %),100,2470000,0,0,5698890,0.0
22/08/2014,15000,369000000,24.5(-0.81 %),15000,369000000,0,0,5698890,5.16
25/08/2014,0,0,24.6(0.41 %),0,0,0,0,5684890,5.27
26/08/2014,0,0,24.7(0.41 %),0,0,0,0,5684890,5.27
27/08/2014,-5000,-123363000,24.7(0.00 %),0,0,5000,123363000,5684890,5.27
28/08/2014,0,0,24.3(-1.62 %),0,0,0,0,5684890,5.27
29/08/2014,0,0,26(7.00 %),0,0,0,0,5684890,0.0
03/09/2014,0,0,27.8(6.92 %),0,0,0,0,5684890,5.27
04/09/2014,0,0,28.9(3.96 %),0,0,0,0,5689890,0.0
05/09/2014,10,295000,29(0.35 %),10,295000,0,0,5689880,0.0
08/09/2014,-8520,-251726000,28.7(-1.03 %),700,20370000,9220,272096000,5689880,5.23
09/09/2014,0,0,27(-5.92 %),0,0,0,0,5689180,5.24
10/09/2014,0,0,28.3(4.81 %),0,0,0,0,5689180,0.0
11/09/2014,0,0,28.8(1.77 %),0,0,0,0,5689180,0.0
12/09/2014,-3480,-104400000,30.8(6.94 %),0,0,3480,104400000,5698400,0.0
15/09/2014,-104580,-3430832000,32.9(6.82 %),10000,329000000,114580,3759832000,5698400,5.17
16/09/2014,-81230,-2819087000,35.2(6.99 %),8130,278450000,89360,3097537000,5680270,0.0
17/09/2014,0,0,35.5(0.85 %),0,0,0,0,5680270,0.0
18/09/2014,-10000,-334504000,33.1(-6.76 %),0,0,10000,334504000,5683750,0.0
19/09/2014,0,0,31.9(-3.63 %),0,0,0,0,5798330,0.0
22/09/2014,-5000,-167195000,32.6(2.19 %),0,0,5000,167195000,5887690,0.0
23/09/2014,17690,564378000,31.2(-4.29 %),17690,564378000,0,0,5870000,0.0
24/09/2014,30990,973960000,31.6(1.28 %),30990,973960000,0,0,5839010,4.08
25/09/2014,-1250,-39500000,32.4(2.53 %),0,0,1250,39500000,5840260,4.07
26/09/2014,0,0,31.8(-1.85 %),0,0,0,0,5840260,4.07
29/09/2014,-8740,-272957000,31.6(-0.63 %),0,0,8740,272957000,5854010,0.0
30/09/2014,-1140,-36820000,32.4(2.53 %),0,0,1140,36820000,5854010,0.0
01/10/2014,-2000,-65000000,32.6(0.62 %),0,0,2000,65000000,5855260,0.0
02/10/2014,-6890,-226680000,32.7(0.31 %),0,0,6890,226680000,5855260,0.0
03/10/2014,48860,1586554000,32.1(-1.83 %),48860,1586554000,0,0,5815140,0.0
06/10/2014,0,0,32.4(0.93 %),0,0,0,0,5816280,0.0
07/10/2014,0,0,32.8(1.23 %),0,0,0,0,5818280,0.0
08/10/2014,5000,164000000,32.6(-0.61 %),5000,164000000,0,0,5820170,0.0
09/10/2014,4300,141040000,32.2(-1.23 %),4300,141040000,0,0,5815870,0.0
10/10/2014,7000,224700000,31.1(-3.42 %),7000,224700000,0,0,5808870,0.0
13/10/2014,40,1057000,26(-16.40 %),100,2600000,60,1543000,5808830,4.32
14/10/2014,-10000,-260052000,25.9(-0.38 %),0,0,10000,260052000,5818830,4.24
15/10/2014,0,0,25(-3.47 %),0,0,0,0,5818830,4.24
16/10/2014,-5040,-117432000,23.3(-6.80 %),0,0,5040,117432000,5823870,4.2
17/10/2014,0,0,22.3(-4.29 %),0,0,0,0,5823870,4.2
20/10/2014,4000,94400000,23.8(6.73 %),4000,94400000,0,0,5819870,4.23
21/10/2014,0,0,23.9(0.42 %),0,0,0,0,5819870,4.23
22/10/2014,500,12150000,24.4(2.09 %),500,12150000,0,0,5819370,4.24
23/10/2014,0,0,23.6(-3.28 %),0,0,0,0,5819370,4.24
24/10/2014,0,0,23.3(-1.27 %),0,0,0,0,5819370,4.24
27/10/2014,0,0,21.9(-6.01 %),0,0,0,0,5819370,4.24
29/10/2014,0,0,23.7(3.49 %),0,0,0,0,5819370,4.24
30/10/2014,0,0,23.2(-2.11 %),0,0,0,0,5819370,4.24
31/10/2014,0,0,23.9(3.02 %),0,0,0,0,5819370,4.24
03/11/2014,0,0,25(4.60 %),0,0,0,0,5806370,4.34
04/11/2014,0,0,25.5(2.00 %),0,0,0,0,5806370,4.34
05/11/2014,0,0,25.8(1.18 %),0,0,0,0,5806370,4.34
06/11/2014,0,0,26(0.78 %),0,0,0,0,5806370,4.34
07/11/2014,0,0,25.9(-0.38 %),0,0,0,0,5806370,4.34
10/11/2014,0,0,25.9(0.00 %),0,0,0,0,5806370,4.34
11/11/2014,0,0,25.3(-2.32 %),0,0,0,0,5806370,4.34
12/11/2014,0,0,25.2(-0.40 %),0,0,0,0,5806370,4.34
13/11/2014,0,0,25.1(-0.40 %),0,0,0,0,5806370,4.34
14/11/2014,0,0,25.1(0.00 %),0,0,0,0,5806370,4.34
17/11/2014,0,0,25.4(1.20 %),0,0,0,0,5806370,4.34
18/11/2014,0,0,25(-1.57 %),0,0,0,0,5806370,4.34
19/11/2014,0,0,24.5(-2.00 %),0,0,0,0,5806370,4.34
20/11/2014,0,0,24.4(-0.41 %),0,0,0,0,5806370,0.0
21/11/2014,0,0,23.8(-2.46 %),0,0,0,0,5806370,0.0
24/11/2014,0,0,23.6(-0.84 %),0,0,0,0,5806370,0.0
25/11/2014,0,0,24(1.69 %),0,0,0,0,5806370,0.0
26/11/2014,6000,139800000,23.3(-2.92 %),6000,139800000,0,0,5800370,0.0
27/11/2014,6590,153150000,23.3(0.00 %),6590,153150000,0,0,5793780,0.0
28/11/2014,5300,122190000,23.3(0.00 %),5300,122190000,0,0,5788480,0.0
01/12/2014,0,0,24.3(4.29 %),0,0,0,0,5788480,0.0
02/12/2014,2000,49190000,24.9(2.47 %),2000,49190000,0,0,5786480,0.0
03/12/2014,0,0,25.4(2.01 %),0,0,0,0,5786480,0.0
04/12/2014,0,0,24.7(-2.76 %),0,0,0,0,5786480,0.0
05/12/2014,0,0,24.4(-1.21 %),0,0,0,0,5786480,0.0
08/12/2014,13000,310850000,23.8(-2.46 %),13000,310850000,0,0,5773480,0.0
09/12/2014,1830,41290000,22.6(-5.04 %),2000,45200000,170,3910000,5771480,0.0
10/12/2014,1000,22900000,23.8(5.31 %),1000,22900000,0,0,5770480,0.0
11/12/2014,0,0,23.8(0.00 %),0,0,0,0,5770480,0.0
12/12/2014,200,4860000,24.3(2.10 %),200,4860000,0,0,5770280,4.61
15/12/2014,0,0,23.8(-2.06 %),0,0,0,0,5770450,0.0
16/12/2014,0,0,23.6(-0.84 %),0,0,0,0,5770450,0.0
17/12/2014,2460,54370000,22.5(-4.66 %),2460,54370000,0,0,5767990,0.0
18/12/2014,150,3460000,23.1(2.67 %),150,3460000,0,0,5767840,0.0
19/12/2014,0,0,22.7(-1.73 %),0,0,0,0,5767840,0.0
22/12/2014,0,0,23(1.32 %),0,0,0,0,5767840,4.63
23/12/2014,0,0,22.9(-0.43 %),0,0,0,0,5767840,0.0
24/12/2014,0,0,22.7(-0.87 %),0,0,0,0,5767840,0.0
25/12/2014,0,0,22.7(0.00 %),0,0,0,0,5767840,0.0
26/12/2014,1000,22800000,22.5(-0.88 %),1000,22800000,0,0,5766840,4.64
29/12/2014,2600,58140000,22.1(-1.78 %),2600,58140000,0,0,5764240,4.66
30/12/2014,450,9835000,22.1(0.00 %),450,9835000,0,0,5763790,4.66
31/12/2014,0,0,22.8(3.17 %),0,0,0,0,5763790,4.66
05/01/2015,0,0,23(0.88 %),0,0,0,0,5763790,4.66
06/01/2015,200,4560000,23.2(0.87 %),200,4560000,0,0,5763590,4.66
07/01/2015,200,4670000,23.2(0.00 %),200,4670000,0,0,5763390,4.67
08/01/2015,1000,23500000,23.2(0.00 %),1000,23500000,0,0,5762390,4.67
09/01/2015,0,0,23(-0.86 %),0,0,0,0,5762390,4.67
12/01/2015,0,0,23(0.00 %),0,0,0,0,5762390,4.67
13/01/2015,-5000,-110365000,23(0.00 %),0,0,5000,110365000,5767390,4.64
14/01/2015,0,0,23.4(1.74 %),0,0,0,0,5767390,4.64
15/01/2015,0,0,23.4(0.00 %),0,0,0,0,5767390,4.64
16/01/2015,0,0,23.5(0.43 %),0,0,0,0,5767390,4.64
19/01/2015,0,0,23.4(-0.43 %),0,0,0,0,5767390,4.64
20/01/2015,0,0,23.5(0.43 %),0,0,0,0,5767390,4.64
21/01/2015,12000,293000000,24.4(3.83 %),12000,293000000,0,0,5755390,4.73
22/01/2015,0,0,25(2.46 %),0,0,0,0,5755390,4.73
23/01/2015,24970,622250000,24.6(-1.60 %),24970,622250000,0,0,5730420,4.92
26/01/2015,0,0,24.3(-1.22 %),0,0,0,0,5730420,4.92
27/01/2015,-10000,-246150000,24.8(2.06 %),0,0,10000,246150000,5740420,4.84
28/01/2015,10000,249000000,24.9(0.40 %),10000,249000000,0,0,5730420,4.92
29/01/2015,-2000,-51600000,25.7(3.21 %),0,0,2000,51600000,5732420,4.9
30/01/2015,0,400000,24.7(-3.89 %),2000,50400000,2000,50000000,5732420,31.29
02/02/2015,0,0,24.6(-0.40 %),0,0,0,0,8887515,7.02
03/02/2015,0,0,22.9(-6.91 %),0,0,0,0,8887515,7.02
04/02/2015,-600,-14100000,23.5(2.62 %),0,0,600,14100000,8888115,7.01
05/02/2015,1100,26347000,23.6(0.43 %),1700,40537000,600,14190000,8887015,7.02
06/02/2015,37330,901799000,24.3(2.97 %),37330,901799000,0,0,8849685,7.31
09/02/2015,-60,-1482000,23.9(-1.65 %),0,0,60,1482000,8849745,7.31
10/02/2015,-8110,-196328000,24.2(1.26 %),0,0,8110,196328000,8857855,7.25
11/02/2015,0,0,24.1(-0.41 %),0,0,0,0,8857855,7.25
12/02/2015,900,21150000,23.2(2.65 %),900,21150000,0,0,8856955,7.25
13/02/2015,1000,23600000,23.5(1.29 %),1000,23600000,0,0,8855955,4.72
24/02/2015,0,0,23.3(-0.85 %),0,0,0,0,8855955,4.72
25/02/2015,0,0,23.8(2.15 %),0,0,0,0,8855955,4.72
26/02/2015,2230,52851000,23.7(-0.42 %),2230,52851000,0,0,8853725,4.73
27/02/2015,840,19200000,23.3(-1.69 %),1540,35750000,700,16550000,8852885,4.74
02/03/2015,9840,229772000,23.3(0.00 %),9840,229772000,0,0,8846345,4.77
03/03/2015,-91170,-2122075000,23.3(0.00 %),5000,116000000,96170,2238075000,8937515,4.31
04/03/2015,2000,47111000,24.2(3.86 %),2000,47111000,0,0,8935515,4.32
05/03/2015,0,0,25.8(6.61 %),0,0,0,0,8935515,4.32
06/03/2015,2200,59770000,26.8(3.88 %),6500,175440000,4300,115670000,8933315,4.33
09/03/2015,0,0,26.2(-2.24 %),0,0,0,0,8933315,4.33
10/03/2015,0,0,26.1(-0.38 %),0,0,0,0,8933315,4.33
11/03/2015,0,0,25.5(-2.30 %),0,0,0,0,8933315,4.33
12/03/2015,0,0,25.5(0.00 %),0,0,0,0,8933315,4.33
13/03/2015,-2150,-54825000,26.2(2.75 %),0,0,2150,54825000,8935465,4.32
16/03/2015,0,0,26.9(2.67 %),0,0,0,0,8935465,4.32
17/03/2015,0,0,26.9(0.00 %),0,0,0,0,8935465,4.32
18/03/2015,0,0,26.5(-1.49 %),0,0,0,0,8935465,4.32
19/03/2015,-9000,-237700000,25.9(-2.26 %),0,0,9000,237700000,8944465,4.28
20/03/2015,-41000,-1062400000,26(0.39 %),0,0,41000,1062400000,8985465,4.07
23/03/2015,0,0,25.7(-1.15 %),0,0,0,0,8985465,4.07
24/03/2015,0,0,25.7(0.00 %),0,0,0,0,8985465,4.07
25/03/2015,0,0,26.3(2.33 %),0,0,0,0,8985465,4.07
26/03/2015,-2500,-68250000,26.9(2.28 %),0,0,2500,68250000,8987965,4.06
27/03/2015,30000,825000000,26.7(-0.74 %),30000,825000000,0,0,8957965,4.21
30/03/2015,-30,-801000,25.9(-3.00 %),0,0,30,801000,8957995,4.21
31/03/2015,0,0,25.9(0.00 %),0,0,0,0,8957995,4.21
01/04/2015,3000,76500000,25(-3.47 %),3000,76500000,0,0,8955665,4.22
02/04/2015,0,0,25.4(1.60 %),0,0,0,0,8955665,4.22
03/04/2015,0,0,25.7(1.18 %),0,0,0,0,8955665,4.22
06/04/2015,0,0,25.3(-1.56 %),0,0,0,0,8955665,4.22
07/04/2015,0,0,25.7(1.58 %),0,0,0,0,8955665,4.22
08/04/2015,-8620,-221534000,25.8(0.39 %),0,0,8620,221534000,8964285,4.18
09/04/2015,6000,157200000,26.1(1.16 %),6000,157200000,0,0,8958285,4.21
10/04/2015,47960,1268112000,26.2(0.38 %),47960,1268112000,0,0,8910325,4.45
13/04/2015,0,0,26.1(-0.38 %),0,0,0,0,8910325,4.45
14/04/2015,-2000,-52000000,25.6(-1.92 %),0,0,2000,52000000,8912325,4.44
15/04/2015,0,0,25.6(0.00 %),0,0,0,0,8912325,4.44
16/04/2015,-4970,-126740000,25.6(0.00 %),0,0,4970,126740000,8917295,4.41
17/04/2015,-3320,-84328000,25.4(-0.78 %),1680,42672000,5000,127000000,8920615,4.4
20/04/2015,0,0,25.4(0.00 %),0,0,0,0,8920615,4.4
21/04/2015,100,2530000,25.3(-0.39 %),100,2530000,0,0,8920515,4.4
22/04/2015,0,0,25.5(0.79 %),0,0,0,0,8920515,4.4
23/04/2015,0,0,25.2(-1.18 %),0,0,0,0,8920515,4.4
24/04/2015,0,0,25.1(-0.40 %),0,0,0,0,8920515,4.4
27/04/2015,-1000,-25038000,25(-0.40 %),0,0,1000,25038000,8921515,4.39
04/05/2015,13050,313985000,23.8(-4.80 %),13050,313985000,0,0,8907495,4.46
05/05/2015,0,0,23.9(0.42 %),0,0,0,0,8907495,4.46
06/05/2015,0,0,23.6(-1.26 %),0,0,0,0,8907495,4.3
07/05/2015,14000,336838000,24.5(3.81 %),14000,336838000,0,0,8893495,4.36
08/05/2015,0,0,24.4(-0.41 %),0,0,0,0,8893495,4.36
11/05/2015,1300,31245000,24(-1.64 %),1300,31245000,0,0,8892195,4.37
12/05/2015,0,0,23.7(-1.25 %),0,0,0,0,8892195,4.37
13/05/2015,0,0,23.8(0.42 %),0,0,0,0,8892195,4.37
14/05/2015,0,0,23.6(-0.84 %),0,0,0,0,8892195,4.37
15/05/2015,2000,47000000,23.5(-0.42 %),2000,47000000,0,0,8890195,4.38
18/05/2015,0,0,22.7(-3.40 %),0,0,0,0,8890195,4.38
19/05/2015,500,11658000,23.5(3.52 %),500,11658000,0,0,8889695,4.38
20/05/2015,200,4764000,24.3(3.40 %),200,4764000,0,0,8889495,4.38
21/05/2015,700,17080000,24.4(0.41 %),700,17080000,0,0,8888795,4.39
22/05/2015,240,6046000,25.2(3.28 %),240,6046000,0,0,8888555,4.39
25/05/2015,-780,-20124000,25.5(1.19 %),0,0,780,20124000,8889335,4.38
26/05/2015,0,0,25.7(0.78 %),0,0,0,0,8889335,4.38
27/05/2015,0,0,25.5(-0.78 %),0,0,0,0,8889335,4.38
28/05/2015,0,0,24.5(-3.92 %),0,0,0,0,8889335,4.38
29/05/2015,12000,298468000,24.9(1.63 %),12000,298468000,0,0,8877335,4.44
01/06/2015,0,0,25.4(2.01 %),0,0,0,0,8878335,4.44
02/06/2015,2000,49400000,24.7(-2.76 %),2000,49400000,0,0,8876335,4.45
03/06/2015,-1140,-28272000,24.6(-0.40 %),0,0,1140,28272000,8877475,4.44
04/06/2015,6000,147600000,24.6(0.00 %),6000,147600000,0,0,8871475,4.47
05/06/2015,7110,174906000,24.6(0.00 %),7110,174906000,0,0,8864365,4.5
08/06/2015,9650,237130000,24.7(0.41 %),9650,237130000,0,0,8854715,4.55
09/06/2015,0,0,24.8(0.40 %),0,0,0,0,8854715,4.55
10/06/2015,3000,73800000,24.8(0.00 %),3000,73800000,0,0,8851715,4.56
11/06/2015,14550,358329000,24.6(-0.81 %),14550,358329000,0,0,8837165,4.63
12/06/2015,8000,194200000,24.2(-1.63 %),8000,194200000,0,0,8829165,4.67
15/06/2015,0,0,24.2(0.00 %),0,0,0,0,8829165,4.67
16/06/2015,-40,-968000,23.7(-2.07 %),0,0,40,968000,8829205,4.67
17/06/2015,0,0,23.7(0.00 %),0,0,0,0,8829205,4.67
18/06/2015,-1000,-24000000,24(1.27 %),0,0,1000,24000000,8830205,4.67
19/06/2015,0,0,24.1(0.42 %),0,0,0,0,8830205,4.67
22/06/2015,-1000,-24100000,23.9(-0.83 %),0,0,1000,24100000,8831205,4.66
23/06/2015,0,0,23.9(0.00 %),0,0,0,0,8831205,4.66
24/06/2015,0,0,23.5(-1.67 %),0,0,0,0,8831205,4.66
25/06/2015,7600,178560000,23.2(-1.28 %),8600,202100000,1000,23540000,8823605,4.7
26/06/2015,0,0,22.9(-1.29 %),0,0,0,0,8823605,4.7
29/06/2015,-2000,-45603000,23.3(1.75 %),0,0,2000,45603000,8825605,4.69
30/06/2015,4300,99640000,23.1(-0.86 %),4400,101950000,100,2310000,8821305,4.71
01/07/2015,3000,68000000,22.5(-2.60 %),3000,68000000,0,0,8816205,4.73
02/07/2015,300,6870000,22.9(1.78 %),300,6870000,0,0,8815905,4.92
03/07/2015,8950,202098000,22.6(-1.31 %),10950,247898000,2000,45800000,8806955,4.97
06/07/2015,7000,158700000,22.6(0.00 %),7000,158700000,0,0,8799955,5.0
07/07/2015,-7900,-184170000,23.2(2.65 %),0,0,7900,184170000,8807855,4.96
08/07/2015,0,0,22.8(-1.72 %),0,0,0,0,8807855,4.96
09/07/2015,-90,-2120000,23.4(2.63 %),110,2520000,200,4640000,8807945,4.96
10/07/2015,2000,47000000,23.5(0.43 %),2000,47000000,0,0,8805945,4.97
13/07/2015,0,0,23.3(-0.85 %),0,0,0,0,8805945,4.97
14/07/2015,610,13908000,23.2(-0.43 %),610,13908000,0,0,8805335,4.97
15/07/2015,5550,127140000,23.1(-0.43 %),5550,127140000,0,0,8799785,5.0
16/07/2015,-13000,-293800000,22.6(-2.16 %),2000,45200000,15000,339000000,8812785,4.94
17/07/2015,20,456000,22.9(1.33 %),20,456000,0,0,8812765,4.94
20/07/2015,0,0,22.5(-1.75 %),0,0,0,0,8812765,4.94
21/07/2015,0,0,22.5(0.00 %),0,0,0,0,8812765,4.94
22/07/2015,0,0,22.5(0.00 %),0,0,0,0,8812765,4.94
23/07/2015,1000,22400000,22.2(-1.33 %),1000,22400000,0,0,8811765,4.94
24/07/2015,0,0,22.3(0.45 %),0,0,0,0,8811765,4.94
27/07/2015,7000,164500000,23.8(6.73 %),7000,164500000,0,0,8804765,4.98
28/07/2015,227300,5696107000,25.2(5.88 %),228000,5713817000,700,17710000,8577465,6.11
29/07/2015,0,0,25.2(0.00 %),0,0,0,0,8577465,6.11
30/07/2015,-6000,-148800000,24.9(-1.19 %),0,0,6000,148800000,8583465,6.08
31/07/2015,1000,24500000,24.5(-1.61 %),1000,24500000,0,0,8582465,6.09
03/08/2015,15140,347640000,22.8(-6.94 %),16000,367420000,860,19780000,8562570,6.19
04/08/2015,-2090,-48480000,23.3(2.19 %),50,1170000,2140,49650000,8564660,6.18
05/08/2015,100,2390000,24.9(6.87 %),100,2390000,0,0,8564560,6.18
06/08/2015,-1000,-24800000,26.1(4.82 %),0,0,1000,24800000,8565560,6.17
07/08/2015,-750,-20400000,27.4(4.98 %),0,0,750,20400000,8566310,6.17
10/08/2015,0,0,27.1(-1.09 %),0,0,0,0,8566310,6.17
11/08/2015,0,0,26.3(-2.95 %),0,0,0,0,8566310,6.17
12/08/2015,8000,212200000,26.5(0.76 %),8000,212200000,0,0,8558310,6.21
13/08/2015,0,0,26(-1.89 %),0,0,0,0,8558310,6.21
14/08/2015,-500,-13000000,26.2(0.77 %),0,0,500,13000000,8558810,6.21
17/08/2015,-6000,-156050000,25.6(-2.29 %),2000,51800000,8000,207850000,8564810,6.18
18/08/2015,520,13380000,26(1.56 %),520,13380000,0,0,8564290,6.18
19/08/2015,0,0,24.4(-0.41 %),0,0,0,0,8564290,6.18
20/08/2015,0,0,24.8(1.64 %),0,0,0,0,8564290,6.18
21/08/2015,0,0,23.8(-4.03 %),0,0,0,0,8564290,6.18
24/08/2015,0,0,22.2(-6.72 %),0,0,0,0,8564290,6.18
25/08/2015,3800,82160000,23(3.60 %),3800,82160000,0,0,8560490,6.2
26/08/2015,0,0,24(4.35 %),0,0,0,0,8560490,6.2
27/08/2015,1500,36150000,23.4(-2.50 %),1500,36150000,0,0,8558990,6.21
28/08/2015,1000,23500000,23.8(1.71 %),1000,23500000,0,0,8557990,6.21
31/08/2015,0,0,23.5(-1.26 %),0,0,0,0,8557990,6.21
01/09/2015,-37300,-868890000,23.2(-1.28 %),30,710000,37330,869600000,8564820,6.18
03/09/2015,30,700000,23.2(0.00 %),1000,23200000,970,22500000,8564790,6.18
04/09/2015,0,0,22.9(-1.29 %),0,0,0,0,8564790,6.18
07/09/2015,20,460000,23.4(2.18 %),20,460000,0,0,8564770,6.18
08/09/2015,0,0,23.4(0.00 %),0,0,0,0,8564770,6.18
09/09/2015,1000,23200000,23.1(-1.28 %),1000,23200000,0,0,8563770,6.18
10/09/2015,5000,116000000,23.5(1.73 %),5000,116000000,0,0,8558770,6.21
11/09/2015,1000,23600000,24(2.13 %),1000,23600000,0,0,8557770,6.21
14/09/2015,-2500,-59750000,23.4(-2.50 %),0,0,2500,59750000,8560270,6.2
15/09/2015,-4110,-96280000,23.8(1.71 %),0,0,4110,96280000,8564380,6.18
16/09/2015,-1390,-32370000,23.5(-1.26 %),610,14640000,2000,47010000,8565770,6.17
17/09/2015,0,0,23.6(0.43 %),0,0,0,0,8565770,6.17
18/09/2015,-8110,-188180000,23.6(0.00 %),0,0,8110,188180000,8573880,6.13
21/09/2015,-4990,-118760000,23.8(0.85 %),5000,120000000,9990,238760000,8578870,6.11
22/09/2015,-30000,-710000000,23.9(0.42 %),0,0,30000,710000000,8608870,5.96
23/09/2015,0,0,23.8(-0.42 %),0,0,0,0,8608870,5.96
24/09/2015,-3500,-85300000,24.5(2.94 %),0,0,3500,85300000,8612370,5.94
25/09/2015,0,0,24.2(-1.22 %),0,0,0,0,8612370,5.94
28/09/2015,3500,87100000,24.6(1.65 %),5000,124000000,1500,36900000,8608870,5.96
29/09/2015,2000,50000000,25.2(2.44 %),2000,50000000,0,0,8606870,5.97
30/09/2015,0,0,25.3(0.40 %),0,0,0,0,8606870,5.97
01/10/2015,-600,-14700000,24.9(-1.58 %),2400,60000000,3000,74700000,8640300,5.8
02/10/2015,0,0,24.9(0.00 %),0,0,0,0,8640300,5.8
05/10/2015,10180,259670000,25.6(2.81 %),12180,311270000,2000,51600000,8630120,5.85
06/10/2015,3500,94370000,27.1(5.86 %),3500,94370000,0,0,8626620,5.87
07/10/2015,-2000,-52790000,26.5(-2.21 %),2000,53800000,4000,106590000,8628620,5.86
08/10/2015,740,19540000,26.8(1.13 %),740,19540000,0,0,8627880,5.86
09/10/2015,-2000,-52800000,26.3(-1.87 %),0,0,2000,52800000,8629880,5.85
12/10/2015,0,0,26.1(-0.76 %),0,0,0,0,8629880,5.85
13/10/2015,0,0,26.1(0.00 %),0,0,0,0,8629880,5.85
14/10/2015,0,0,26.4(1.15 %),0,0,0,0,8629880,5.85
15/10/2015,2100,57110000,27.8(5.30 %),8500,228100000,6400,170990000,8627780,5.86
16/10/2015,800,22850000,28.2(1.44 %),800,22850000,0,0,8626980,5.87
19/10/2015,-7910,-228030000,28.9(2.48 %),2390,69070000,10300,297100000,8634890,5.83
20/10/2015,-15750,-452120000,28.5(-1.38 %),750,21530000,16500,473650000,8650640,5.75
21/10/2015,69940,2040900000,29.8(4.56 %),74260,2167980000,4320,127080000,8580700,6.1
22/10/2015,48680,1502970000,31.5(5.70 %),49180,1518620000,500,15650000,8532020,6.34
23/10/2015,60600,1899650000,31(-1.59 %),69400,2175270000,8800,275620000,8471420,6.64
26/10/2015,580,17530000,30(-3.23 %),580,17530000,0,0,8470840,6.65
27/10/2015,22550,678400000,30.1(0.33 %),27550,827900000,5000,149500000,8448290,6.76
28/10/2015,0,0,27(1.50 %),0,0,0,0,8448290,6.76
29/10/2015,69640,1905210000,27.5(1.85 %),69640,1905210000,0,0,8378650,7.11
30/10/2015,0,0,26.9(-2.18 %),0,0,0,0,8378650,7.11
02/11/2015,3000,76200000,25.1(-6.69 %),3000,76200000,0,0,8380150,7.1
03/11/2015,93960,2428360000,25.8(2.79 %),93960,2428360000,0,0,8286190,7.57
04/11/2015,32710,852270000,25.7(-0.39 %),32710,852270000,0,0,8253480,7.73
05/11/2015,200,5220000,25.9(0.78 %),200,5220000,0,0,8253280,7.73
06/11/2015,26630,676560000,25.8(-0.39 %),26630,676560000,0,0,8226650,7.87
09/11/2015,1490,38390000,25.6(-0.78 %),1490,38390000,0,0,8225160,7.87
10/11/2015,2220,54510000,25.2(-1.56 %),2220,54510000,0,0,8222940,7.89
11/11/2015,2000,50400000,24.5(-2.78 %),2000,50400000,0,0,8220940,7.9
12/11/2015,0,0,25(2.04 %),0,0,0,0,8220940,7.9
13/11/2015,0,0,24.7(-1.20 %),0,0,0,0,8220940,7.9
16/11/2015,500,11250000,24.1(-2.43 %),2500,60250000,2000,49000000,8220440,7.9
17/11/2015,500,12100000,24.3(0.83 %),500,12100000,0,0,8219940,7.9
18/11/2015,11740,287130000,24.3(0.00 %),11740,287130000,0,0,8208200,7.96
19/11/2015,57000,1418670000,25.2(3.70 %),57000,1418670000,0,0,8151200,8.24
20/11/2015,510,12800000,25.3(0.40 %),510,12800000,0,0,8150690,8.25
23/11/2015,3200,80960000,24.9(-1.58 %),3200,80960000,0,0,8147490,8.26
24/11/2015,-15420,-382560000,24.7(-0.80 %),580,14440000,16000,397000000,8146910,8.27
25/11/2015,-600,-14420000,25.1(1.62 %),1400,34580000,2000,49000000,8145510,8.27
26/11/2015,0,0,24.8(-1.20 %),0,0,0,0,8145510,8.27
27/11/2015,1000,24600000,24.4(-1.61 %),1000,24600000,0,0,8144510,8.28
30/11/2015,3100,75640000,24(-1.64 %),3100,75640000,0,0,8157410,8.21
01/12/2015,2000,48200000,24.1(0.42 %),2000,48200000,0,0,8157410,8.21
02/12/2015,0,0,24.7(2.49 %),0,0,0,0,8157410,8.21
03/12/2015,5450,133710000,24.5(-0.81 %),5450,133710000,0,0,8151960,8.24
04/12/2015,1990,48760000,24.7(0.82 %),1990,48760000,0,0,8149970,8.25
07/12/2015,0,0,24.4(-1.21 %),0,0,0,0,8149970,8.25
08/12/2015,0,0,24.3(-0.41 %),0,0,0,0,8149970,8.25
09/12/2015,0,0,24.5(0.82 %),0,0,0,0,8149970,8.25
10/12/2015,0,0,23.9(-2.45 %),0,0,0,0,8149970,8.25
11/12/2015,0,0,24.1(0.84 %),0,0,0,0,8149970,8.25
14/12/2015,-900,-21870000,24.1(0.00 %),0,0,900,21870000,8149970,8.25
15/12/2015,2500,60650000,24.4(1.24 %),2500,60650000,0,0,8147470,8.26
16/12/2015,500,12200000,24.3(-0.41 %),500,12200000,0,0,8146970,8.27
17/12/2015,0,0,25(2.88 %),0,0,0,0,8146970,8.27
18/12/2015,1000,26100000,26.3(5.20 %),1000,26100000,0,0,8146870,8.27
21/12/2015,500,13250000,26.4(0.38 %),500,13250000,0,0,8146370,8.27
22/12/2015,1200,31200000,26.2(-0.76 %),1200,31200000,0,0,8145170,8.27
23/12/2015,-500,-12750000,25.4(-3.05 %),500,13100000,1000,25850000,8144670,8.28
24/12/2015,1520,38610000,25.3(-0.39 %),1520,38610000,0,0,8143150,8.28
25/12/2015,0,0,25.2(-0.40 %),0,0,0,0,8143150,8.28
28/12/2015,500,12800000,25.5(1.19 %),500,12800000,0,0,8142650,8.29
29/12/2015,-800,-20880000,26(1.96 %),0,0,800,20880000,8143650,8.28
30/12/2015,0,0,26(0.00 %),0,0,0,0,8143650,8.28
31/12/2015,0,0,25.8(-0.77 %),0,0,0,0,8143650,8.28
04/01/2016,-15840,-403640000,25(-3.10 %),0,0,15840,403640000,8143650,8.28
05/01/2016,-8400,-205960000,24.2(-3.20 %),0,0,8400,205960000,8144450,8.28
06/01/2016,-4460,-111060000,25(3.31 %),0,0,4460,111060000,8144450,8.28
07/01/2016,-21190,-517770000,24.3(-2.80 %),7310,180640000,28500,698410000,8152980,8.24
08/01/2016,-20500,-492280000,23.7(-2.47 %),1500,36300000,22000,528580000,8159880,8.2
11/01/2016,23000,551090000,24(1.27 %),24000,574990000,1000,23900000,8140340,8.3
12/01/2016,-3400,-81430000,24.1(0.42 %),10200,246840000,13600,328270000,8158640,8.21
13/01/2016,-57800,-1388000000,23.6(-2.07 %),2200,52000000,60000,1440000000,8178440,8.11
14/01/2016,2000,37600000,19(-0.37 %),2000,37600000,0,0,8177440,8.11
15/01/2016,3000,57000000,18.2(-4.21 %),3000,57000000,0,0,8188040,8.06
18/01/2016,5400,96000000,17.5(-3.85 %),5400,96000000,0,0,8242640,7.79
19/01/2016,1500,26050000,18.3(4.57 %),1500,26050000,0,0,8241140,7.79
20/01/2016,0,0,18.3(0.00 %),0,0,0,0,8241140,7.79
21/01/2016,2000,36000000,17.5(-4.37 %),2000,36000000,0,0,8239140,7.8
22/01/2016,0,0,17.1(-2.29 %),0,0,0,0,8239140,7.8
25/01/2016,-10,-180000,18.2(6.43 %),0,0,10,180000,8239090,7.8
26/01/2016,-1950,-34720000,18(-1.10 %),50,880000,2000,35600000,8239090,7.8
27/01/2016,3500,63000000,18(0.00 %),4000,72000000,500,9000000,8235090,7.82
28/01/2016,1220,21960000,18.2(1.11 %),1220,21960000,0,0,8233880,7.83
29/01/2016,2370,43850000,19(4.40 %),2370,43850000,0,0,8233510,7.83
01/02/2016,-100,-1900000,18.8(-1.05 %),0,0,100,1900000,8234010,7.83
02/02/2016,0,0,18.6(-1.06 %),0,0,0,0,8234010,7.83
03/02/2016,0,0,18.2(-2.15 %),0,0,0,0,8234010,7.83
04/02/2016,-280,-5200000,18.5(1.65 %),0,0,280,5200000,8234110,7.83
05/02/2016,0,0,18.4(-0.54 %),0,0,0,0,8234110,7.83
15/02/2016,600,11040000,18.4(0.00 %),600,11040000,0,0,8233510,7.83
16/02/2016,-50,-920000,18.2(-1.09 %),0,0,50,920000,8233790,7.83
17/02/2016,0,0,18.1(-0.55 %),0,0,0,0,8233790,7.83
18/02/2016,-6200,-112720000,18(-0.55 %),0,0,6200,112720000,8233790,7.83
19/02/2016,-450,-8330000,18.3(1.67 %),0,0,450,8330000,8233840,7.83
22/02/2016,0,0,18.5(1.09 %),0,0,0,0,8233840,7.83
23/02/2016,0,0,18.5(0.00 %),0,0,0,0,8240040,7.8
24/02/2016,-260,-4910000,18.3(-1.08 %),500,9150000,760,14060000,8239990,7.8
25/02/2016,0,0,18.3(0.00 %),0,0,0,0,8239990,7.8
26/02/2016,0,0,17.9(-2.19 %),0,0,0,0,8239990,7.8
29/02/2016,2100,37800000,17.9(0.00 %),2100,37800000,0,0,8238650,7.81
01/03/2016,0,0,17.9(0.00 %),0,0,0,0,8238650,7.81
02/03/2016,0,0,17.7(-1.12 %),0,0,0,0,8238650,7.81
03/03/2016,15550,278350000,18.2(2.82 %),15550,278350000,0,0,8223100,7.88
04/03/2016,0,0,18(-1.10 %),0,0,0,0,8223100,7.88
07/03/2016,50000,949940000,19.2(6.67 %),50000,949940000,0,0,8173100,8.13
08/03/2016,0,0,20.4(6.25 %),0,0,0,0,8173100,8.13
09/03/2016,9000,184020000,20.2(-0.98 %),9000,184020000,0,0,8164100,8.18
10/03/2016,-216590,-4354850000,20.1(-0.50 %),33410,671540000,250000,5026390000,8130690,8.35
11/03/2016,-9900,-206910000,20.7(2.99 %),0,0,9900,206910000,8130690,8.35
14/03/2016,-15000,-317500000,21.7(4.83 %),0,0,15000,317500000,8130690,8.35
15/03/2016,-10020,-208420000,20.8(-4.15 %),0,0,10020,208420000,8380690,7.1
16/03/2016,-4000,-83900000,20.6(-0.96 %),1000,20600000,5000,104500000,8389590,7.05
17/03/2016,7000,144200000,20.5(-0.49 %),7000,144200000,0,0,8397590,7.01
18/03/2016,0,0,20.2(-1.46 %),0,0,0,0,8407610,6.96
21/03/2016,0,0,20.6(1.98 %),0,0,0,0,8412610,6.94
22/03/2016,0,0,21(1.94 %),0,0,0,0,8412610,6.94
23/03/2016,20000,420000000,20.8(-0.95 %),20000,420000000,0,0,8392610,7.04
24/03/2016,19700,409760000,20.8(0.00 %),19700,409760000,0,0,8372910,7.14
25/03/2016,0,0,20.8(0.00 %),0,0,0,0,8372910,7.14
28/03/2016,10000,208000000,20.8(0.00 %),10000,208000000,0,0,8362910,7.19
29/03/2016,0,0,20.6(-0.96 %),0,0,0,0,8362910,7.19
30/03/2016,2500,51250000,20.5(-0.49 %),2500,51250000,0,0,8360410,7.2
31/03/2016,0,0,20.2(-1.46 %),0,0,0,0,8360410,7.2
01/04/2016,200,4100000,20.9(3.47 %),200,4100000,0,0,8360210,7.2
04/04/2016,-20000,-419000000,20.9(0.00 %),0,0,20000,419000000,8360210,7.2
05/04/2016,-20000,-418500000,21(0.48 %),0,0,20000,418500000,8360210,7.2
06/04/2016,-27210,-569110000,20.8(-0.95 %),1000,20800000,28210,589910000,8359210,7.2
07/04/2016,-22100,-463890000,22.2(6.73 %),1500,32710000,23600,496600000,8377710,7.11
08/04/2016,-17380,-394320000,22.8(2.70 %),2200,50600000,19580,444920000,8395510,7.02
11/04/2016,-6900,-156140000,22.3(-2.19 %),0,0,6900,156140000,8423720,6.88
12/04/2016,257840,5371340000,22.1(-0.90 %),294340,6173340000,36500,802000000,8152980,8.24
13/04/2016,-50500,-1095810000,21.5(-2.71 %),0,0,50500,1095810000,8172560,8.14
14/04/2016,30,650000,21.8(1.40 %),30,650000,0,0,8179430,8.1
15/04/2016,-3190,-70380000,22(0.92 %),1400,31060000,4590,101440000,8214530,7.93
19/04/2016,470,10110000,20.9(-5.00 %),470,10110000,0,0,8264560,7.68
20/04/2016,-55000,-1128420000,20.5(-1.91 %),0,0,55000,1128420000,8264560,7.68
21/04/2016,500,10250000,21.1(2.93 %),500,10250000,0,0,8268650,7.66
22/04/2016,-26000,-556800000,21.4(1.42 %),0,0,26000,556800000,8268650,7.66
25/04/2016,-1000,-21700000,20.7(-3.27 %),0,0,1000,21700000,8323650,7.38
26/04/2016,-66730,-1394130000,20.8(0.48 %),2500,52000000,69230,1446130000,8321150,7.39
27/04/2016,-112130,-2354230000,21.1(1.44 %),0,0,112130,2354230000,8347150,7.26
28/04/2016,-6260,-130830000,20.9(-0.95 %),0,0,6260,130830000,8348150,7.26
29/04/2016,0,0,20.9(0.00 %),0,0,0,0,8417380,6.91
04/05/2016,81900,1750960000,21.6(3.35 %),83370,1782270000,1470,31310000,8446140,6.77
05/05/2016,29630,639870000,21.5(-0.46 %),29630,639870000,0,0,8422770,6.89
06/05/2016,-60,-930000,21.4(-0.47 %),19330,415980000,19390,416910000,12544737,7.18
09/05/2016,0,0,21(-1.87 %),0,0,0,0,12546207,7.18
10/05/2016,0,0,20.8(-0.95 %),0,0,0,0,12546207,7.18
11/05/2016,-1000,-20700000,20.7(-0.48 %),0,0,1000,20700000,12565597,7.11
12/05/2016,0,0,20.7(0.00 %),0,0,0,0,12565597,7.11
13/05/2016,0,0,20.3(-1.93 %),0,0,0,0,12565597,7.11
16/05/2016,-16990,-335700000,20(-1.48 %),10010,200200000,27000,535900000,12556587,7.14
17/05/2016,5100,102470000,19.7(-1.50 %),8000,160000000,2900,57530000,12548587,7.17
18/05/2016,-12120,-244500000,19.9(1.02 %),3040,60190000,15160,304690000,12545547,7.18
19/05/2016,-32000,-644500000,20.3(2.01 %),0,0,32000,644500000,12572547,7.09
20/05/2016,-28000,-565200000,20.1(-0.99 %),0,0,28000,565200000,12575447,7.08
23/05/2016,137450,2708710000,21.3(5.97 %),216250,4349630000,78800,1640920000,12374357,7.75
24/05/2016,-27740,-578240000,20.9(-1.88 %),20000,420000000,47740,998240000,12386357,7.71
25/05/2016,22900,489390000,21.3(1.91 %),22900,489390000,0,0,12391457,7.7
26/05/2016,-2000,-42000000,21(-1.41 %),0,0,2000,42000000,12470257,7.43
27/05/2016,10000,210000000,20.9(-0.48 %),10000,210000000,0,0,12507997,7.31
30/05/2016,10000,210000000,20.8(-0.48 %),10000,210000000,0,0,12497997,7.34
31/05/2016,20120,420496000,20.7(-0.48 %),20120,420496000,0,0,12477877,7.41
01/06/2016,3200,68070000,21.3(2.90 %),3200,68070000,0,0,12476677,7.41
02/06/2016,26000,552628000,21.2(-0.47 %),31000,658128000,5000,105500000,12450677,7.5
03/06/2016,200,4180000,21(-0.94 %),200,4180000,0,0,12445477,7.52
06/06/2016,5000,105500000,20.8(-0.95 %),10000,210000000,5000,104500000,12435477,7.55
07/06/2016,11800,246440000,20.7(-0.48 %),11800,246440000,0,0,12428677,7.57
08/06/2016,3100,63640000,20.8(0.48 %),5100,105040000,2000,41400000,12423577,7.59
09/06/2016,498200,10462200000,22(5.77 %),500000,10500000000,1800,37800000,11928577,9.24
10/06/2016,171270,3631300000,22.4(1.82 %),202000,4325800000,30730,694500000,11726577,9.91
13/06/2016,0,0,22.2(-0.89 %),0,0,0,0,11728577,9.9
14/06/2016,-100,-2370000,23.7(6.76 %),0,0,100,2370000,11730377,9.9
15/06/2016,-2000,-48200000,24.2(2.11 %),0,0,2000,48200000,11761107,9.8
16/06/2016,-1210,-29150000,24(-0.83 %),1290,31350000,2500,60500000,11759817,9.8
17/06/2016,-1200,-28800000,24.3(1.25 %),0,0,1200,28800000,11759917,9.8
20/06/2016,-1000,-24400000,24.1(-0.82 %),0,0,1000,24400000,11761917,9.79
21/06/2016,-800,-19600000,24.3(0.83 %),0,0,800,19600000,11764417,9.79
22/06/2016,-30000,-763540000,25.7(5.76 %),0,0,30000,763540000,11765617,9.78
23/06/2016,-2640,-68750000,25.5(-0.78 %),360,9250000,3000,78000000,11766257,9.78
24/06/2016,27100,660040000,24.1(-5.49 %),27900,679480000,800,19440000,11739157,9.87
27/06/2016,10000,233500000,23.4(-2.90 %),10000,233500000,0,0,11759157,9.8
28/06/2016,-2620,-59300000,22.8(-2.56 %),3510,81080000,6130,140380000,11758647,9.8
29/06/2016,0,0,23.6(3.51 %),0,0,0,0,11759447,9.8
30/06/2016,23000,543670000,23.7(0.42 %),23000,543670000,0,0,11736447,9.88
01/07/2016,51100,1254750000,24.6(3.80 %),51100,1254750000,0,0,11691477,10.03
04/07/2016,-1000,-25000000,24.7(0.41 %),0,0,1000,25000000,11691477,10.03
05/07/2016,0,0,24.4(-1.21 %),0,0,0,0,11691477,10.03
06/07/2016,-10,-240000,24.3(-0.41 %),0,0,10,240000,11691477,10.03
07/07/2016,0,0,24.5(0.82 %),0,0,0,0,11692477,10.03
08/07/2016,0,0,23.9(-2.45 %),0,0,0,0,11692477,10.03
11/07/2016,-200,-4560000,23(-3.77 %),0,0,200,4560000,11692477,10.03
12/07/2016,4010,92230000,23.4(1.74 %),4010,92230000,0,0,11688477,10.04
13/07/2016,-3740,-86680000,23(-1.71 %),300,7060000,4040,93740000,11688177,10.04
14/07/2016,4000,92940000,23.3(1.30 %),4000,92940000,0,0,11684377,10.05
15/07/2016,500,11350000,23(-1.29 %),500,11350000,0,0,11683877,10.05
18/07/2016,470,10760000,23(0.00 %),470,10760000,0,0,11687447,10.04
19/07/2016,0,0,22.8(-0.87 %),0,0,0,0,11687447,10.04
20/07/2016,1000,22630000,22.3(-2.19 %),1000,22630000,0,0,11686447,10.05
21/07/2016,24510,543930000,21.5(-3.59 %),24510,543930000,0,0,11661942,10.13
22/07/2016,10,220000,22.9(6.51 %),10,220000,0,0,11661932,10.13
25/07/2016,2020,46140000,22.5(-1.75 %),2020,46140000,0,0,11659912,10.13
26/07/2016,-19150,-423060000,22.2(-1.33 %),850,18960000,20000,442020000,11659062,10.14
27/07/2016,11350,251070000,22.3(0.45 %),11350,251070000,0,0,11647712,10.17
28/07/2016,-23960,-534290000,22.1(-0.90 %),40,910000,24000,535200000,11647672,10.17
29/07/2016,2000,44400000,22(-0.45 %),2000,44400000,0,0,11665672,10.11
01/08/2016,20,440000,21.7(-1.36 %),20,440000,0,0,11665652,10.11
02/08/2016,-302840,-6184700000,20.3(-6.45 %),34660,701880000,337500,6886580000,11654992,10.15
03/08/2016,140,2880000,20.5(0.99 %),140,2880000,0,0,11654852,10.15
04/08/2016,-16070,-327830000,20.2(-1.46 %),0,0,16070,327830000,11654852,10.15
05/08/2016,-5600,-112510000,20(-0.99 %),400,8080000,6000,120590000,11991952,9.03
08/08/2016,2000,40000000,20.2(1.00 %),2000,40000000,0,0,11989952,9.03
09/08/2016,0,0,21(3.96 %),0,0,0,0,12006022,8.98
10/08/2016,-930,-19900000,21.4(1.90 %),0,0,930,19900000,12012022,8.96
11/08/2016,0,0,21.3(-0.47 %),0,0,0,0,12012022,8.96
12/08/2016,0,0,21.2(-0.47 %),0,0,0,0,12012022,8.96
15/08/2016,0,0,21(-0.94 %),0,0,0,0,12012952,8.96
16/08/2016,0,0,21.4(1.90 %),0,0,0,0,12012952,8.96
17/08/2016,0,0,21.4(0.00 %),0,0,0,0,12012952,8.96
18/08/2016,0,0,21.4(0.00 %),0,0,0,0,12012952,8.96
19/08/2016,0,0,21(-1.87 %),0,0,0,0,12012952,8.96
22/08/2016,-250,-5250000,21.1(0.48 %),0,0,250,5250000,12012952,8.96
23/08/2016,0,0,21.1(0.00 %),0,0,0,0,12012952,8.96
24/08/2016,0,0,21.2(0.47 %),0,0,0,0,12012952,8.96
25/08/2016,0,0,21.2(0.00 %),0,0,0,0,12013202,8.96
26/08/2016,2000,42400000,21.4(0.94 %),2000,42400000,0,0,12011202,8.96
29/08/2016,-7200,-155610000,21.5(0.47 %),1080,23240000,8280,178850000,12010122,8.97
30/08/2016,-50,-930000,21.4(-0.47 %),1450,31320000,1500,32250000,12008672,8.97
31/08/2016,0,0,22.8(6.54 %),0,0,0,0,12008672,8.97
01/09/2016,-1000,-22800000,22.7(-0.44 %),0,0,1000,22800000,12016952,8.94
05/09/2016,3000,69000000,23.4(3.08 %),3000,69000000,0,0,12015452,8.95
06/09/2016,2700,62710000,23(-1.71 %),2700,62710000,0,0,12012752,8.96
07/09/2016,650,14590000,22.9(-0.43 %),1800,41040000,1150,26450000,12011952,8.96
08/09/2016,0,0,22.8(-0.44 %),0,0,0,0,12011952,8.96
09/09/2016,2000,45500000,22.5(-1.32 %),2000,45500000,0,0,12009952,8.97
12/09/2016,-48700,-1063460000,22.1(-1.78 %),1300,29250000,50000,1092710000,12009802,8.97
13/09/2016,0,0,21.7(-1.81 %),0,0,0,0,12009802,8.97
14/09/2016,2570,54710000,21.2(-2.30 %),2570,54710000,0,0,12007232,8.98
15/09/2016,7000,149780000,21.25(0.24 %),7000,149780000,0,0,12050232,8.83
16/09/2016,0,0,21.3(0.24 %),0,0,0,0,12050232,8.83
19/09/2016,0,0,21(-1.41 %),0,0,0,0,12050232,8.83
20/09/2016,-2000,-43000000,21.1(0.48 %),2000,42400000,4000,85400000,12048232,8.84
21/09/2016,0,0,21.4(1.42 %),0,0,0,0,12048232,8.84
22/09/2016,0,0,21.65(1.17 %),0,0,0,0,12048232,8.84
23/09/2016,0,0,21.65(0.00 %),0,0,0,0,12052232,8.83
26/09/2016,0,0,21.4(-1.15 %),0,0,0,0,12052232,8.83
27/09/2016,0,0,21.4(0.00 %),0,0,0,0,12052232,8.83
28/09/2016,-200,-4340000,21.6(0.93 %),0,0,200,4340000,12052232,8.83
29/09/2016,0,0,22(1.85 %),0,0,0,0,12052232,8.83
30/09/2016,251840,5600510000,22.8(3.64 %),251840,5600510000,0,0,11800392,9.67
03/10/2016,0,0,22.9(0.44 %),0,0,0,0,11800592,9.66
04/10/2016,0,0,22.5(-1.75 %),0,0,0,0,11800592,9.66
05/10/2016,0,0,22.75(1.11 %),0,0,0,0,11800592,9.66
06/10/2016,1000,22800000,22.7(-0.22 %),1000,22800000,0,0,11799592,9.67
07/10/2016,0,0,22.55(-0.66 %),0,0,0,0,11799592,9.67
10/10/2016,18330,414810000,22.55(0.00 %),18330,414810000,0,0,11781262,9.73
11/10/2016,12100,274570000,22.85(1.33 %),12100,274570000,0,0,11769162,9.77
12/10/2016,26170,605300000,23.45(2.63 %),26170,605300000,0,0,11742992,9.86
13/10/2016,0,0,23.8(1.49 %),0,0,0,0,11742992,9.86
14/10/2016,7000,167550000,23.3(-2.10 %),7000,167550000,0,0,11735992,9.88
17/10/2016,0,0,23.9(2.58 %),0,0,0,0,11735992,9.88
18/10/2016,0,0,23.8(-0.42 %),0,0,0,0,11735992,9.88
19/10/2016,12800,305640000,23.5(-1.26 %),12800,305640000,0,0,11723192,9.92
20/10/2016,8700,204920000,23.7(0.85 %),8700,204920000,0,0,11714492,9.95
21/10/2016,5000,115490000,23.4(-1.27 %),5000,115490000,0,0,11709492,9.97
24/10/2016,30,690000,22.5(-3.85 %),30,690000,0,0,11709462,9.97
25/10/2016,-3000,-66900000,22.8(1.33 %),0,0,3000,66900000,11709462,9.97
26/10/2016,0,0,22.8(0.00 %),0,0,0,0,11709462,9.97
27/10/2016,0,0,23(0.88 %),0,0,0,0,11709462,9.97
28/10/2016,0,0,23.1(0.43 %),0,0,0,0,11712462,9.96
31/10/2016,0,0,22.2(-3.90 %),0,0,0,0,11712462,9.96
01/11/2016,0,0,22.4(0.90 %),0,0,0,0,11712462,9.96
02/11/2016,2500,56130000,22.55(0.67 %),2500,56130000,0,0,11709962,9.97
03/11/2016,0,0,22.45(-0.44 %),0,0,0,0,11709962,9.97
04/11/2016,0,0,22.5(0.22 %),0,0,0,0,11709962,9.97
07/11/2016,100,2280000,22.75(1.11 %),100,2280000,0,0,11709862,9.97
08/11/2016,0,0,23.1(1.54 %),0,0,0,0,11709862,9.97
09/11/2016,-3000,-68700000,23.1(0.00 %),0,0,3000,68700000,11709862,9.97
10/11/2016,100,2290000,22.85(-1.08 %),100,2290000,0,0,11709762,9.97
11/11/2016,2600,60320000,23.2(1.53 %),2600,60320000,0,0,11707162,9.98
14/11/2016,-77940,-1762130000,23(-0.86 %),1000,22600000,78940,1784730000,11709162,9.97
15/11/2016,0,0,22.6(-1.74 %),0,0,0,0,11709162,9.97
16/11/2016,0,0,22.8(0.88 %),0,0,0,0,11709162,9.97
17/11/2016,-2200,-49940000,22.6(-0.88 %),0,0,2200,49940000,11788102,9.71
18/11/2016,3770,85200000,22.6(0.00 %),3770,85200000,0,0,11784332,9.72
21/11/2016,-1800,-37260000,20.3(-2.40 %),0,0,1800,37260000,11784332,9.72
22/11/2016,0,0,20.1(-0.99 %),0,0,0,0,11786532,9.71
23/11/2016,1000,20000000,20(-0.50 %),1000,20000000,0,0,11785532,9.71
24/11/2016,0,0,19.65(-1.75 %),0,0,0,0,11787332,9.71
25/11/2016,400,7880000,19.65(0.00 %),400,7880000,0,0,11786932,9.71
28/11/2016,-100,-1970000,19.6(-0.25 %),0,0,100,1970000,11786932,9.71
29/11/2016,35010,669690000,19(-3.06 %),35010,669690000,0,0,11751922,9.83
30/11/2016,4910,94510000,19.3(1.58 %),5110,98380000,200,3870000,11746812,9.84
01/12/2016,-220,-4290000,19.6(1.55 %),0,0,220,4290000,11746912,9.84
02/12/2016,38000,746550000,19.5(-0.51 %),38000,746550000,0,0,11708912,9.97
05/12/2016,-21850,-415940000,19.4(-0.51 %),2240,42700000,24090,458640000,11706872,9.98
06/12/2016,207580,4051550000,19.5(0.52 %),207580,4051550000,0,0,11499512,10.67
07/12/2016,5040,98280000,19.6(0.51 %),5040,98280000,0,0,11494472,10.69
08/12/2016,-18850,-373340000,19.3(-1.53 %),0,0,18850,373340000,11518562,10.6
09/12/2016,-14060,-274170000,19.1(-1.04 %),10,200000,14070,274370000,11518552,10.6
12/12/2016,23310,442670000,19(-0.52 %),25500,484500000,2190,41830000,11493052,10.69
13/12/2016,1850,35340000,19(0.00 %),2050,39120000,200,3780000,11509852,10.63
14/12/2016,-850,-16070000,18.8(-1.05 %),0,0,850,16070000,11523922,10.59
15/12/2016,0,0,18.8(0.00 %),0,0,0,0,11526112,10.58
16/12/2016,1000,18700000,18.8(0.00 %),1000,18700000,0,0,11519652,10.6
19/12/2016,10,190000,19.3(2.66 %),10,190000,0,0,11526152,10.58
20/12/2016,6950,136480000,19.3(0.00 %),6950,136480000,0,0,11519202,10.6
21/12/2016,0,0,19.4(0.52 %),0,0,0,0,11519202,10.6
22/12/2016,0,0,19.4(0.00 %),0,0,0,0,11519202,10.6
23/12/2016,0,0,19.3(-0.52 %),0,0,0,0,11519202,10.6
26/12/2016,-100,-1960000,19.6(1.55 %),0,0,100,1960000,11519192,10.6
27/12/2016,0,0,19.1(-2.55 %),0,0,0,0,11519192,10.6
28/12/2016,20,390000,19.1(0.00 %),20,390000,0,0,11519182,10.6
29/12/2016,0,0,19.1(0.00 %),0,0,0,0,11519282,10.6
30/12/2016,0,0,19.2(0.52 %),0,0,0,0,11519282,10.6
03/01/2017,0,0,19.2(0.00 %),0,0,0,0,11519282,10.6
04/01/2017,0,0,19.6(2.08 %),0,0,0,0,11519282,10.6
05/01/2017,0,0,19.65(0.26 %),0,0,0,0,11519282,10.6
06/01/2017,0,0,19.8(0.76 %),0,0,0,0,11519282,10.6
09/01/2017,0,0,20.3(2.53 %),0,0,0,0,11519282,10.6
10/01/2017,-10,-210000,20.6(1.48 %),0,0,10,210000,11519282,10.6
11/01/2017,-350,-7310000,21.6(4.85 %),100,2100000,450,9410000,11519182,10.6
12/01/2017,16260,349740000,20.9(-3.24 %),17000,365500000,740,15760000,11502182,10.66
13/01/2017,0,0,21.1(0.96 %),0,0,0,0,11502192,10.66
16/01/2017,3000,63900000,20.8(-1.42 %),3000,63900000,0,0,11499642,10.67
17/01/2017,3000,62400000,20.8(0.00 %),3000,62400000,0,0,11497382,10.68
18/01/2017,0,0,20.8(0.00 %),0,0,0,0,11497382,10.68
19/01/2017,0,0,20.55(-1.20 %),0,0,0,0,11497382,10.68
20/01/2017,0,0,20.7(0.73 %),0,0,0,0,11497382,10.68
23/01/2017,0,0,20.9(0.97 %),0,0,0,0,11497382,10.68
24/01/2017,0,0,20.8(-0.48 %),0,0,0,0,11497382,10.68
25/01/2017,29800,624120000,20.9(0.48 %),29800,624120000,0,0,11467582,10.77
02/02/2017,2160,45400000,20.7(-0.96 %),4710,98440000,2550,53040000,11462872,10.79
03/02/2017,10000,206500000,20.5(-0.97 %),10000,206500000,0,0,11452872,10.82
06/02/2017,11280,231240000,20.7(0.98 %),11280,231240000,0,0,11441592,10.86
07/02/2017,10550,231710000,22(6.28 %),11000,241300000,450,9590000,11433142,10.89
08/02/2017,-100,-2260000,21.6(-1.82 %),1000,21800000,1100,24060000,11432142,10.89
09/02/2017,0,0,22.4(3.70 %),0,0,0,0,11432142,10.89
10/02/2017,10,240000,23.7(5.80 %),10,240000,0,0,11432582,10.89
13/02/2017,-490,-11610000,23.8(0.42 %),10,240000,500,11850000,11433672,10.89
14/02/2017,1000,23700000,23.7(-0.42 %),1000,23700000,0,0,11432672,10.89
15/02/2017,400,9400000,23.5(-0.84 %),400,9400000,0,0,11432272,10.89
16/02/2017,3900,92970000,23.5(0.00 %),4000,95350000,100,2380000,11428772,10.9
17/02/2017,0,0,23.55(0.21 %),0,0,0,0,11428772,10.9
20/02/2017,1160,27250000,23.5(-0.21 %),1160,27250000,0,0,11427612,10.91
21/02/2017,18500,435830000,23.5(0.00 %),18500,435830000,0,0,11409212,10.97
22/02/2017,23400,549440000,23.45(-0.21 %),23400,549440000,0,0,11385812,11.05
23/02/2017,3500,82250000,23.4(-0.21 %),3500,82250000,0,0,11382312,11.06
24/02/2017,13330,310180000,23(-1.71 %),13330,310180000,0,0,11368982,11.1
27/02/2017,-99990,-1941280000,19.4(-3.00 %),20010,387210000,120000,2328490000,11325872,11.25
28/02/2017,6000,118500000,20(3.09 %),6000,118500000,0,0,11342972,11.19
01/03/2017,17100,338750000,19.9(-0.50 %),17100,338750000,0,0,11325872,11.25
02/03/2017,21110,420200000,19.9(0.00 %),31010,615230000,9900,195030000,11414862,10.95
03/03/2017,5000,98000000,19.6(-1.51 %),5000,98000000,0,0,11409862,10.97
06/03/2017,5110,101180000,19.75(0.77 %),5110,101180000,0,0,11404752,10.98
07/03/2017,240,4750000,19.8(0.25 %),240,4750000,0,0,11414412,10.95
08/03/2017,1130,22490000,19.85(0.25 %),1130,22490000,0,0,11413282,10.96
09/03/2017,-10,-200000,19.85(0.00 %),0,0,10,200000,11413282,10.96
10/03/2017,14000,277900000,19.8(-0.25 %),14000,277900000,0,0,11399282,11.0
13/03/2017,40,790000,19.6(-1.01 %),40,790000,0,0,11399242,11.0
14/03/2017,3540,69390000,19.7(0.51 %),3540,69390000,0,0,11395712,11.01
15/03/2017,30,590000,19.5(-1.02 %),30,590000,0,0,11395682,11.01
16/03/2017,500,9750000,19.5(0.00 %),500,9750000,0,0,11395182,11.02
17/03/2017,15540,303780000,19.5(0.00 %),15540,303780000,0,0,11395182,11.02
20/03/2017,5010,97200000,19.3(-1.03 %),5010,97200000,0,0,11395182,11.02
21/03/2017,-210,-4050000,19.3(0.00 %),0,0,210,4050000,11395182,11.02
22/03/2017,10,190000,19.4(0.52 %),10,190000,0,0,11395182,11.02
23/03/2017,-7850,-150450000,19.25(-0.77 %),11320,217910000,19170,368360000,11395182,11.02
24/03/2017,-2580,-50190000,19.4(0.78 %),2900,56120000,5480,106310000,11395182,11.02
27/03/2017,-170,-3400000,19.2(-1.03 %),2730,52690000,2900,56090000,11395182,11.02
28/03/2017,-19900,-381020000,19.1(-0.52 %),2000,38400000,21900,419420000,11395182,11.02
29/03/2017,0,0,19.2(0.52 %),0,0,0,0,11395182,11.02
30/03/2017,10010,192190000,19.2(0.00 %),10010,192190000,0,0,11395182,11.02
31/03/2017,11570,221720000,19.15(-0.26 %),11570,221720000,0,0,11395182,11.02
03/04/2017,-23320,-443040000,19.2(0.26 %),2680,50960000,26000,494000000,11381072,11.06
04/04/2017,5170,98750000,19.2(0.00 %),5170,98750000,0,0,11375902,11.08
05/04/2017,0,0,19.1(-0.52 %),0,0,0,0,11375902,11.08
07/04/2017,0,0,19(-0.52 %),0,0,0,0,11401902,10.99
10/04/2017,0,0,18.9(-0.53 %),0,0,0,0,11401902,10.99
11/04/2017,10,190000,19(0.53 %),10,190000,0,0,11401892,10.99
12/04/2017,300,5670000,18.95(-0.26 %),310,5860000,10,190000,11401582,10.99
13/04/2017,-6870,-130130000,18.9(-0.26 %),0,0,6870,130130000,11401582,10.99
14/04/2017,1110,20980000,18.9(0.00 %),1210,22880000,100,1900000,11400372,11.0
17/04/2017,-10,-190000,18.75(-0.79 %),3610,68590000,3620,68780000,11396772,11.01
18/04/2017,30,560000,18.6(-0.80 %),40,750000,10,190000,11403602,10.99
19/04/2017,140,2610000,18.8(1.08 %),150,2800000,10,190000,11403552,10.99
20/04/2017,0,0,18.75(-0.27 %),0,0,0,0,11407172,10.98
21/04/2017,-15730,-291420000,18.7(-0.27 %),1270,23880000,17000,315300000,11405912,10.98
24/04/2017,500,11900000,18.75(0.27 %),5020,93880000,4520,81980000,11400902,11.0
25/04/2017,1500,28200000,18.6(-0.80 %),1500,28200000,0,0,11399402,11.0
26/04/2017,0,0,18.6(0.00 %),0,0,0,0,11416402,10.95
27/04/2017,30,560000,18.6(0.00 %),30,560000,0,0,11420892,10.93
28/04/2017,-8510,-159140000,18.7(0.54 %),0,0,8510,159140000,11420892,10.93
03/05/2017,-1440,-26640000,18.7(0.00 %),10,190000,1450,26830000,11420882,10.93
04/05/2017,0,0,18.8(0.53 %),0,0,0,0,11420882,10.93
05/05/2017,4840,92460000,19.3(2.66 %),4840,92460000,0,0,11424552,10.92
08/05/2017,140,2740000,19.65(1.81 %),140,2740000,0,0,11425862,10.91
09/05/2017,1140,22300000,19.4(-1.27 %),1140,22300000,0,0,11424722,10.92
10/05/2017,0,0,19.7(1.55 %),0,0,0,0,11424722,10.92
11/05/2017,0,0,19.6(-0.51 %),0,0,0,0,11424722,10.92
12/05/2017,2510,49200000,19.6(0.00 %),2510,49200000,0,0,11422212,10.93
15/05/2017,10,190000,19.2(-2.04 %),10,190000,0,0,11422202,10.93
16/05/2017,950,18320000,19.4(1.04 %),1000,19290000,50,970000,11421202,10.93
17/05/2017,1000,19450000,19.45(0.26 %),1000,19450000,0,0,11420202,10.93
18/05/2017,3710,72300000,19.6(0.77 %),3710,72300000,0,0,11416492,10.95
19/05/2017,1990,39010000,19.6(0.00 %),2000,39200000,10,190000,11414542,10.95
22/05/2017,0,0,19.6(0.00 %),0,0,0,0,11414542,10.95
23/05/2017,10,200000,19.1(-2.55 %),10,200000,0,0,11414532,10.95
24/05/2017,0,0,19.1(0.00 %),0,0,0,0,11414542,10.95
25/05/2017,-1150,-21820000,19.1(0.00 %),0,0,1150,21820000,11414542,10.95
26/05/2017,-900,-16680000,19.1(0.00 %),800,15280000,1700,31960000,11413742,10.95
29/05/2017,0,0,19.15(0.26 %),0,0,0,0,11413742,10.95
30/05/2017,2670,52490000,19(-0.78 %),2790,54810000,120,2320000,11412102,10.96
31/05/2017,8990,170940000,19(0.00 %),8990,170940000,0,0,11404812,10.98
01/06/2017,990,18890000,19.1(0.53 %),990,18890000,0,0,11403822,10.99
02/06/2017,7220,137430000,19(-0.52 %),7220,137430000,0,0,11396722,11.01
05/06/2017,300,5700000,19.1(0.53 %),300,5700000,0,0,11396422,11.01
06/06/2017,500,9500000,19(-0.52 %),500,9500000,0,0,11395922,11.01
07/06/2017,2920,55290000,18.7(-1.58 %),2920,55290000,0,0,11393002,11.02
08/06/2017,-4460,-75760000,17.35(3.95 %),40,670000,4500,76430000,11392962,11.02
09/06/2017,7830,136600000,17.5(0.86 %),7830,136600000,0,0,11385132,11.05
12/06/2017,0,0,17.35(-0.86 %),0,0,0,0,11385132,11.05
13/06/2017,2200,38160000,17.3(-0.29 %),2200,38160000,0,0,11387432,11.04
14/06/2017,0,0,17.3(0.00 %),0,0,0,0,11387432,11.04
15/06/2017,-1500,-25500000,17.05(-1.45 %),0,0,1500,25500000,11387432,11.04
16/06/2017,0,0,17.1(0.29 %),0,0,0,0,11387432,11.04
19/06/2017,0,0,17.1(0.00 %),0,0,0,0,11387432,11.04
20/06/2017,600,10200000,17.05(-0.29 %),600,10200000,0,0,11388332,11.04
21/06/2017,0,0,16.9(-0.88 %),0,0,0,0,11388332,11.04
22/06/2017,0,0,16.9(0.00 %),0,0,0,0,11388332,11.04
23/06/2017,1000,16900000,16.8(-0.59 %),1000,16900000,0,0,11387332,11.04
26/06/2017,-2000,-33600000,16.7(-0.60 %),0,0,2000,33600000,11387332,11.04
27/06/2017,0,0,16.7(0.00 %),0,0,0,0,11387332,11.04
28/06/2017,0,0,16.7(0.00 %),0,0,0,0,11387332,11.04
29/06/2017,0,0,16.7(0.00 %),0,0,0,0,11389332,11.04
30/06/2017,0,0,16.75(0.30 %),0,0,0,0,11389332,11.04
03/07/2017,-170,-2870000,16.6(-0.90 %),130,2170000,300,5040000,11389202,11.04
04/07/2017,0,0,16.55(-0.30 %),0,0,0,0,11389202,11.04
05/07/2017,3630,60250000,16.85(1.81 %),3630,60250000,0,0,11385572,11.05
06/07/2017,300,5070000,16.8(-0.30 %),300,5070000,0,0,11385572,11.05
07/07/2017,650,10880000,16.7(-0.60 %),650,10880000,0,0,11384922,11.05
10/07/2017,580,9680000,16.6(-0.60 %),580,9680000,0,0,11382642,11.06
11/07/2017,1700,27970000,16.6(0.00 %),1700,27970000,0,0,11382642,11.06
12/07/2017,6620,109890000,16.7(0.60 %),6620,109890000,0,0,11376022,11.08
13/07/2017,4000,66500000,16.7(0.00 %),4000,66500000,0,0,11372022,11.09
14/07/2017,0,0,16.7(0.00 %),0,0,0,0,11372022,11.09
17/07/2017,1910,31800000,16.6(-0.60 %),2010,33470000,100,1670000,11370012,11.1
18/07/2017,2100,34720000,16.6(0.00 %),2100,34720000,0,0,11367912,11.11
19/07/2017,0,0,16.55(-0.30 %),0,0,0,0,11367912,11.11
20/07/2017,-3590,-58760000,16.55(0.00 %),1410,23270000,5000,82030000,11366602,11.11
21/07/2017,970,15890000,16.85(1.81 %),1000,16400000,30,510000,11365602,11.11
24/07/2017,-30,-540000,16.95(0.59 %),0,0,30,540000,11365602,11.11
25/07/2017,4370,74250000,17.2(1.47 %),4370,74250000,0,0,11366232,11.11
26/07/2017,1000,16950000,17.1(-0.58 %),1000,16950000,0,0,11364292,11.12
27/07/2017,1000,16950000,16.9(-1.17 %),1000,16950000,0,0,11364292,11.12
28/07/2017,-30,-510000,17.1(1.18 %),0,0,30,510000,11364292,11.12
31/07/2017,100,1700000,17(-0.58 %),100,1700000,0,0,11364192,11.12
01/08/2017,-20,-350000,17.55(3.24 %),0,0,20,350000,11364197,11.12
02/08/2017,4970,88940000,18.5(5.41 %),5000,89500000,30,560000,11359227,11.14
03/08/2017,16120,297330000,18.3(-1.08 %),16120,297330000,0,0,11343107,11.19
04/08/2017,320,5790000,18.1(-1.09 %),320,5790000,0,0,11342807,11.19
07/08/2017,5190,93920000,18.3(1.10 %),5190,93920000,0,0,11337647,11.21
08/08/2017,200,3660000,18.15(-0.82 %),200,3660000,0,0,11337447,11.21
09/08/2017,12250,225340000,18.5(1.93 %),13100,240990000,850,15650000,11324347,11.25
10/08/2017,0,0,18.4(-0.54 %),0,0,0,0,11324347,11.25
11/08/2017,10,190000,18.4(0.00 %),10,190000,0,0,11324337,11.25
14/08/2017,0,0,18.4(0.00 %),0,0,0,0,11325187,11.25
15/08/2017,12300,225590000,18.35(-0.27 %),12300,225590000,0,0,11312887,11.29
16/08/2017,50,920000,18.5(0.82 %),50,920000,0,0,11312837,11.29
17/08/2017,4540,83390000,18.6(0.54 %),4540,83390000,0,0,11308297,11.31
18/08/2017,1150,21330000,18.65(0.27 %),1150,21330000,0,0,11307147,11.31
21/08/2017,-1940,-35980000,18.8(0.80 %),60,1120000,2000,37100000,11307087,11.31
22/08/2017,20,370000,18.4(-2.13 %),20,370000,0,0,11307067,11.31
23/08/2017,-366950,-6628170000,18.5(0.54 %),50,920000,367000,6629090000,11307017,11.31
24/08/2017,-89140,-1603950000,18.3(-1.08 %),4130,75450000,93270,1679400000,11304887,11.32
25/08/2017,-450,-8190000,18.3(0.00 %),30,550000,480,8740000,11304857,11.32
28/08/2017,20,360000,18(-1.64 %),20,360000,0,0,11671837,10.09
29/08/2017,4510,81630000,18.1(0.56 %),4510,81630000,0,0,11760597,9.8
30/08/2017,100,1810000,18.2(0.55 %),100,1810000,0,0,11760977,9.8
31/08/2017,400,7300000,18.25(0.27 %),400,7300000,0,0,11760577,9.8
01/09/2017,-200,-3650000,18.3(0.27 %),0,0,200,3650000,11760577,9.8
05/09/2017,1900,34770000,18.4(0.55 %),1900,34770000,0,0,11758677,9.8
06/09/2017,-218020,-4018850000,18.7(1.63 %),0,0,218020,4018850000,11758677,9.8
07/09/2017,-2400,-44890000,19.15(2.41 %),600,11510000,3000,56400000,11758277,9.81
08/09/2017,4770,91460000,19.15(0.00 %),4770,91460000,0,0,11753507,9.82
11/09/2017,-140,-2680000,19(-0.78 %),10,190000,150,2870000,11971517,9.09
12/09/2017,-730,-13980000,19.15(0.79 %),20,380000,750,14360000,11974497,9.09
13/09/2017,0,0,19.2(0.26 %),0,0,0,0,11974497,9.09
14/09/2017,110,2110000,18.8(-2.08 %),110,2110000,0,0,11974537,9.08
15/09/2017,-2370,-45740000,19.2(2.13 %),0,0,2370,45740000,11975287,9.08
18/09/2017,3640,70180000,19.5(1.56 %),4540,87460000,900,17280000,11970747,9.1
19/09/2017,6360,123620000,19.5(0.00 %),6360,123620000,0,0,11964387,9.12
20/09/2017,1000,19100000,19.45(-0.26 %),1000,19100000,0,0,11965757,9.11
21/09/2017,3000,58350000,19.3(-0.77 %),3000,58350000,0,0,11963657,9.12
22/09/2017,0,0,19.6(1.55 %),0,0,0,0,11963657,9.12
25/09/2017,-2830,-54690000,19.4(-1.02 %),570,11170000,3400,65860000,11963087,9.12
26/09/2017,10,200000,19.4(0.00 %),10,200000,0,0,11963077,9.12
27/09/2017,0,0,19.4(0.00 %),0,0,0,0,11963077,9.12
28/09/2017,-10,-190000,19.3(-0.52 %),0,0,10,190000,11966477,9.11
29/09/2017,0,0,19(-1.55 %),0,0,0,0,15416901,9.47
02/10/2017,10,190000,19.2(1.05 %),10,190000,0,0,15416891,9.47
03/10/2017,70,1340000,19.2(0.00 %),70,1340000,0,0,15416831,9.47
04/10/2017,-1990,-38210000,19.2(0.00 %),0,0,1990,38210000,15416831,9.47
05/10/2017,3000,58200000,19.3(0.52 %),3000,58200000,0,0,15413831,9.48
06/10/2017,-3250,-66140000,20.3(5.18 %),250,5090000,3500,71230000,15413581,9.48
09/10/2017,1760,35410000,20.45(0.74 %),1760,35410000,0,0,15413811,9.48
10/10/2017,8000,161830000,20.1(-1.71 %),8000,161830000,0,0,15405811,9.5
11/10/2017,12020,240800000,20(-0.50 %),12020,240800000,0,0,15397291,9.52
12/10/2017,0,0,20.7(3.50 %),0,0,0,0,15397291,9.52
13/10/2017,800,16560000,20.6(-0.48 %),800,16560000,0,0,15396491,9.52
16/10/2017,20040,412760000,20.4(-0.97 %),20040,412760000,0,0,15376451,9.57
17/10/2017,2760,55630000,20(-1.96 %),2760,55630000,0,0,15373691,9.58
18/10/2017,10000,203250000,20.2(1.00 %),20000,404250000,10000,201000000,15353696,9.63
19/10/2017,0,0,20.2(0.00 %),0,0,0,0,15353696,9.63
20/10/2017,3980,79640000,20(-0.99 %),5000,100000000,1020,20360000,15348696,9.64
23/10/2017,3670,71960000,19.7(-1.50 %),10440,207230000,6770,135270000,15348256,9.65
24/10/2017,2700,53230000,19.95(1.27 %),2700,53230000,0,0,15345556,9.65
25/10/2017,-109960,-2179770000,20(0.25 %),40,800000,110000,2180570000,15346536,9.65
26/10/2017,10,200000,20(0.00 %),10,200000,0,0,15353296,9.63
27/10/2017,0,0,19.9(-0.50 %),0,0,0,0,15353296,9.63
30/10/2017,1010,20500000,20.2(1.51 %),1010,20500000,0,0,15462286,9.35
31/10/2017,-2000,-40000000,20(-0.99 %),10,200000,2010,40200000,15462276,9.35
01/11/2017,-21580,-462450000,21.4(7.00 %),3000,61030000,24580,523480000,15459276,9.36
02/11/2017,-220100,-5028740000,22.45(4.91 %),770,16600000,220870,5045340000,15458506,9.36
03/11/2017,1580,35510000,22.5(0.22 %),1580,35510000,0,0,15458936,9.36
06/11/2017,0,0,22.25(-1.11 %),0,0,0,0,15483516,9.3
07/11/2017,-186000,-3993070000,21.2(-4.72 %),4000,87600000,190000,4080670000,15700386,8.74
08/11/2017,-57990,-1246470000,21.4(0.94 %),2010,42600000,60000,1289070000,15698376,8.75
09/11/2017,4230,92460000,22(2.80 %),4230,92460000,0,0,15694146,8.76
10/11/2017,2300,50370000,22(0.00 %),2300,50370000,0,0,15881846,8.28
13/11/2017,-990,-21280000,21.75(-1.14 %),10,220000,1000,21500000,15941836,8.12
14/11/2017,8870,193100000,22(1.15 %),8870,193100000,0,0,15932966,8.15
15/11/2017,3800,83790000,21.95(-0.23 %),5300,116490000,1500,32700000,15927666,8.16
16/11/2017,-242890,-5344470000,21.85(-0.46 %),8550,187450000,251440,5531920000,15920116,8.18
17/11/2017,-389750,-8817250000,22.55(3.20 %),108770,2426650000,498520,11243900000,15811351,8.46
20/11/2017,-20210,-464050000,23(2.00 %),390,8850000,20600,472900000,15812461,8.46
21/11/2017,4010,92290000,22.5(-2.17 %),4680,107570000,670,15280000,16059221,7.82
22/11/2017,46080,1028980000,22.8(1.33 %),46080,1028980000,0,0,16511661,6.66
23/11/2017,10550,239410000,22.3(-2.19 %),11320,256890000,770,17480000,16520941,6.64
24/11/2017,-300,-6690000,22.1(-0.90 %),0,0,300,6690000,16521611,6.64
27/11/2017,-1900,-42350000,22.45(1.58 %),2100,46850000,4000,89200000,16519511,6.64
28/11/2017,13500,303750000,22.45(0.00 %),13500,303750000,0,0,16506781,6.67
29/11/2017,-19350,-433420000,22.35(-0.45 %),6630,149130000,25980,582550000,16500451,6.69
30/11/2017,-5290,-115530000,23.1(3.36 %),14730,341820000,20020,457350000,16489721,6.72
01/12/2017,1000,23100000,23.35(1.08 %),1000,23100000,0,0,16488721,6.72
04/12/2017,7550,186100000,24.55(5.14 %),7650,188580000,100,2480000,16507051,6.67
05/12/2017,-1950,-46220000,23.6(-3.87 %),2610,63110000,4560,109330000,16524461,6.63
06/12/2017,35240,816190000,23.3(-1.27 %),35240,816190000,0,0,16489221,6.72
07/12/2017,73030,1729830000,24(3.00 %),73030,1729830000,0,0,16416291,6.91
08/12/2017,50960,1222720000,24(0.00 %),50960,1222720000,0,0,16369891,7.03
11/12/2017,2970,69790000,23.1(-3.75 %),2970,69790000,0,0,16366921,7.03
12/12/2017,250,5620000,22.8(-1.30 %),250,5620000,0,0,16366671,7.03
13/12/2017,-4650,-104520000,22.9(0.44 %),350,7980000,5000,112500000,16366321,7.04
14/12/2017,34000,774500000,23.1(0.87 %),34000,774500000,0,0,16332321,7.12
15/12/2017,10140,233760000,22.7(-1.73 %),10140,233760000,0,0,16322181,7.15
18/12/2017,4790,109010000,22.7(0.00 %),4790,109010000,0,0,16322391,7.15
19/12/2017,1000,22730000,22.7(0.00 %),1000,22730000,0,0,16321391,7.15
20/12/2017,0,0,22.65(-0.22 %),0,0,0,0,16321391,7.15
21/12/2017,0,0,22.75(0.44 %),0,0,0,0,16321391,7.15
22/12/2017,4560,104000000,22.9(0.66 %),4560,104000000,0,0,16316831,7.16
25/12/2017,5560,127050000,22.8(-0.44 %),5560,127050000,0,0,16311271,7.18
26/12/2017,8370,192340000,22.65(-0.66 %),10870,249340000,2500,57000000,16300401,7.2
27/12/2017,-2850,-63900000,22.65(0.00 %),1350,30600000,4200,94500000,16299051,7.21
28/12/2017,6750,151880000,22.65(0.00 %),6750,151880000,0,0,16292301,7.22
29/12/2017,7500,171380000,22.8(0.66 %),7500,171380000,0,0,16287301,7.24
02/01/2018,27550,640270000,23.45(2.85 %),27550,640270000,0,0,16263951,7.3
03/01/2018,0,0,23.4(-0.21 %),0,0,0,0,16263951,7.3
04/01/2018,-10590,-248100000,23.5(0.43 %),10000,235770000,20590,483870000,16253951,7.32
05/01/2018,7010,165670000,23.8(1.28 %),7110,168040000,100,2370000,16246841,7.34
08/01/2018,21700,525380000,24.55(3.15 %),25300,611600000,3600,86220000,16221541,7.41
09/01/2018,-19990,-497750000,24.95(1.63 %),10,250000,20000,498000000,16242121,7.35
10/01/2018,-122810,-3027910000,24.65(-1.20 %),14790,369740000,137600,3397650000,16227431,7.39
11/01/2018,-282150,-7383180000,26.35(6.90 %),9800,256460000,291950,7639640000,16221231,7.41
12/01/2018,25130,670990000,25.65(-2.66 %),31130,829390000,6000,158400000,16210101,7.44
15/01/2018,5940,154000000,26(1.36 %),6500,168500000,560,14500000,16341201,7.1
16/01/2018,4500,114530000,26.3(1.15 %),14400,375400000,9900,260870000,16618751,6.39
17/01/2018,18090,484070000,26.1(-0.76 %),30730,814040000,12640,329970000,16594021,6.45
18/01/2018,7540,196460000,25.9(-0.77 %),7540,196460000,0,0,16587041,6.47
19/01/2018,7420,193480000,26(0.39 %),7420,193480000,0,0,16589521,6.46
22/01/2018,13390,347620000,25.9(-0.38 %),14390,373920000,1000,26300000,16587771,6.47
25/01/2018,-91600,-2346750000,25.4(-1.93 %),3400,86780000,95000,2433530000,16585371,6.47
26/01/2018,-20270,-513190000,25.75(1.38 %),5690,145450000,25960,658640000,16579681,6.49
29/01/2018,4200,108430000,25.65(-0.39 %),4200,108430000,0,0,16575481,6.5
30/01/2018,6000,153600000,25.9(0.97 %),6000,153600000,0,0,16664481,6.27
31/01/2018,5150,133000000,26.2(1.16 %),5150,133000000,0,0,16685291,6.22
01/02/2018,-45250,-1204460000,26.6(1.53 %),1550,41430000,46800,1245890000,16683741,6.22
02/02/2018,600,16080000,27.45(3.20 %),600,16080000,0,0,16683141,6.22
05/02/2018,-44230,-1158130000,25.6(-6.74 %),11510,312950000,55740,1471080000,16671631,6.25
06/02/2018,3610,86900000,23.85(-6.84 %),4110,98830000,500,11930000,16714321,6.14
07/02/2018,-3100,-79530000,25.15(5.45 %),8000,200000000,11100,279530000,16706321,6.16
08/02/2018,-5550,-138460000,25.1(-0.20 %),2900,72790000,8450,211250000,16759161,6.03
09/02/2018,-4150,-103830000,25.6(1.99 %),510,12040000,4660,115870000,16759151,6.03
12/02/2018,8480,221290000,26(1.56 %),10500,273000000,2020,51710000,16759751,6.03
13/02/2018,4000,105100000,26(0.00 %),4000,105100000,0,0,16764201,6.01
21/02/2018,4300,113660000,26.1(0.38 %),9300,243660000,5000,130000000,16759561,6.03
22/02/2018,14000,368020000,26.85(2.87 %),14000,368020000,0,0,16747581,6.06
23/02/2018,600,16470000,27.3(1.68 %),600,16470000,0,0,16746981,6.06
26/02/2018,-6550,-176280000,27.15(-0.55 %),6450,175950000,13000,352230000,16745531,6.06
27/02/2018,3600,97800000,27.4(0.92 %),3600,97800000,0,0,16741931,6.07
28/02/2018,-9340,-255880000,27.9(1.82 %),1060,29230000,10400,285110000,16740871,6.07
01/03/2018,5540,161370000,29.4(5.38 %),5540,161370000,0,0,16748331,6.06
02/03/2018,59670,1845980000,31.45(6.97 %),60670,1876980000,1000,31000000,16687661,6.21
05/03/2018,-88190,-2744870000,30.7(-2.38 %),8970,280730000,97160,3025600000,16689091,6.21
06/03/2018,5380,165720000,31(0.98 %),5400,166320000,20,600000,16683691,6.22
07/03/2018,-13580,-421240000,29.8(-3.87 %),4660,143890000,18240,565130000,16680031,6.23
08/03/2018,-1160,-36120000,30.1(1.01 %),2010,59300000,3170,95420000,16775181,5.99
09/03/2018,2100,64630000,30.3(0.66 %),2100,64630000,0,0,16773101,5.99
12/03/2018,2000,60590000,29.9(-1.32 %),2000,60590000,0,0,16789341,5.95
13/03/2018,-37190,-1163950000,31.95(6.86 %),0,0,37190,1163950000,16792511,5.94
14/03/2018,-3920,-130590000,31.5(-1.41 %),5080,160170000,9000,290760000,16787431,5.96
15/03/2018,-12800,-412180000,32.5(3.17 %),1210,38120000,14010,450300000,16786221,5.96
16/03/2018,5360,171580000,32.3(-0.62 %),5360,171580000,0,0,16818051,5.88
19/03/2018,7400,234970000,31.5(-2.48 %),7800,247710000,400,12740000,16819251,5.87
20/03/2018,2090,67280000,30.55(-3.02 %),10500,326380000,8410,259100000,16822761,5.86
21/03/2018,7580,232410000,30.8(0.82 %),7780,238630000,200,6220000,16814981,5.88
22/03/2018,1900,58010000,29(-5.84 %),2150,65640000,250,7630000,16813231,5.89
23/03/2018,1230,34360000,30.5(5.17 %),10280,289930000,9050,255570000,16811361,5.89
26/03/2018,1020,30290000,30.2(-0.98 %),1520,45540000,500,15250000,16810041,5.9
27/03/2018,14360,432350000,30.3(0.33 %),16560,499200000,2200,66850000,16793731,5.94
28/03/2018,1800,53100000,29.9(-1.32 %),1800,53100000,0,0,16800981,5.92
29/03/2018,3250,99030000,30.3(1.34 %),4250,129530000,1000,30500000,16797231,5.93
30/03/2018,2320,70680000,30.7(1.32 %),3940,120470000,1620,49790000,16795491,5.93
02/04/2018,-2330,-71720000,31.2(1.63 %),2500,77880000,4830,149600000,16792991,5.94
03/04/2018,40600,1257670000,31(-0.64 %),45520,1409890000,4920,152220000,16748471,6.06
04/04/2018,-24110,-756710000,31.5(1.61 %),100,3100000,24210,759810000,16749991,6.05
05/04/2018,-85550,-2656770000,30.8(-2.22 %),3450,106480000,89000,2763250000,16751371,6.05
06/04/2018,2030,62710000,31.4(1.95 %),2200,68010000,170,5300000,16754091,6.04
09/04/2018,19130,606760000,31(-1.27 %),19130,606760000,0,0,16759171,6.03
10/04/2018,7760,240000000,30.5(-1.61 %),7760,240000000,0,0,16840411,5.82
11/04/2018,4960,148860000,29.9(-1.97 %),5500,165000000,540,16140000,16835081,5.83
12/04/2018,2200,65540000,30.6(2.34 %),2300,68540000,100,3000000,16832781,5.84
13/04/2018,300,9030000,30.15(-1.47 %),300,9030000,0,0,16832481,5.84
16/04/2018,-400,-11880000,29.6(-1.82 %),100,3020000,500,14900000,16832921,5.84
17/04/2018,3970,118410000,29.8(0.68 %),3970,118410000,0,0,16829051,5.85
18/04/2018,-60610,-1787370000,29.7(-0.34 %),550,16300000,61160,1803670000,16828501,5.85
19/04/2018,3770,112220000,28.9(-2.69 %),5270,156170000,1500,43950000,16823731,5.86
20/04/2018,-6500,-187450000,29.45(1.90 %),4500,130250000,11000,317700000,16819231,5.87
23/04/2018,0,0,27.8(-5.60 %),0,0,0,0,16880391,5.72
24/04/2018,-4990,-136010000,27.15(-2.34 %),20,550000,5010,136560000,16881871,5.71
26/04/2018,8360,244260000,23.95(-6.63 %),18520,496610000,10160,252350000,16874351,5.73
27/04/2018,6200,146460000,23.7(-1.04 %),8500,200730000,2300,54270000,16865851,5.75
02/05/2018,19910,459190000,22.4(-5.49 %),23700,546910000,3790,87720000,16847161,5.8
03/05/2018,-530,-11580000,22.7(1.34 %),560,11840000,1090,23420000,16856761,5.78
04/05/2018,-5430,-115570000,22.7(0.00 %),10070,230320000,15500,345890000,16848997,5.8
07/05/2018,-9450,-215970000,23.45(3.30 %),1070,24380000,10520,240350000,16851717,5.79
08/05/2018,810,18990000,24.5(4.48 %),810,18990000,0,0,16851997,5.79
09/05/2018,4730,114180000,23.9(-2.45 %),4730,114180000,0,0,16862767,5.76
10/05/2018,29100,704810000,23.3(-2.51 %),29100,704810000,0,0,16844187,5.81
11/05/2018,2890,66200000,23(-1.29 %),2890,66200000,0,0,16841297,5.82
14/05/2018,4540,104720000,23.2(0.87 %),4540,104720000,0,0,16836757,5.83
15/05/2018,1140,26270000,23(-0.86 %),1140,26270000,0,0,16835617,5.83
16/05/2018,4410,99890000,22.65(-1.52 %),4410,99890000,0,0,16831207,5.84
17/05/2018,60,1550000,22.85(0.88 %),560,12880000,500,11330000,16830647,5.84
18/05/2018,-30,-700000,22.85(0.00 %),40,920000,70,1620000,16830607,5.84
21/05/2018,9900,226520000,22.5(-1.53 %),9900,226520000,0,0,16820707,5.87
22/05/2018,6690,150560000,21.3(-5.33 %),472673,10635150000,465983,10484590000,16814457,5.89
23/05/2018,-7470,-158340000,21.5(0.94 %),1090,22560000,8560,180900000,16813437,5.89
24/05/2018,-23590,-496530000,20.5(-4.65 %),1230,25690000,24820,522220000,16812207,5.89
25/05/2018,-11020,-228110000,20.45(-0.24 %),10,210000,11030,228320000,16812257,5.89
28/05/2018,5810,120950000,19.1(-6.60 %),11650,236850000,5840,115900000,16809167,5.9
29/05/2018,-37980,-740150000,20.4(6.81 %),1240,23710000,39220,763860000,16832747,5.84
30/05/2018,6120,124800000,20.3(-0.49 %),6120,124800000,0,0,16837657,5.83
31/05/2018,3970,78690000,20.7(1.97 %),3970,78690000,0,0,16839527,5.82
01/06/2018,14690,298530000,20.6(-0.48 %),15710,319250000,1020,20720000,16863037,5.76
04/06/2018,3190,65570000,21.95(6.55 %),3310,68070000,120,2500000,16859727,5.77
05/06/2018,3340,73330000,22.8(3.87 %),3340,73330000,0,0,16856387,5.78
06/06/2018,9820,223010000,22.75(-0.22 %),9820,223010000,0,0,16847587,5.8
07/06/2018,-6820,-158760000,23.1(1.54 %),16490,379710000,23310,538470000,16831217,5.84
08/06/2018,-19700,-450150000,22.6(-2.16 %),0,0,19700,450150000,16831217,5.84
11/06/2018,10780,244170000,23(1.77 %),10780,244170000,0,0,16820437,5.87
12/06/2018,3460,79640000,22.6(-1.74 %),3700,85100000,240,5460000,16840047,5.82
13/06/2018,580,12990000,22.7(0.44 %),580,12990000,0,0,16859167,5.77
14/06/2018,0,0,22.5(-0.88 %),0,0,0,0,16859167,5.77
15/06/2018,7020,158650000,22.7(0.89 %),7020,158650000,0,0,16852387,5.79
18/06/2018,2270,49140000,21.95(-3.30 %),8120,181940000,5850,132800000,16844267,5.81
19/06/2018,5470,117820000,21(-4.33 %),6470,138830000,1000,21010000,16837797,5.83
20/06/2018,-4990,-104790000,21.45(2.14 %),10,210000,5000,105000000,16837787,5.83
21/06/2018,720,15480000,21(-2.10 %),720,15480000,0,0,16842917,5.81
22/06/2018,-9880,-205560000,21.1(0.48 %),0,0,9880,205560000,16843917,5.81
25/06/2018,0,0,21.4(1.42 %),0,0,0,0,16848917,5.8
26/06/2018,0,0,21.2(-0.93 %),0,0,0,0,16848917,5.8
27/06/2018,6360,133660000,21(-0.94 %),6360,133660000,0,0,16852437,5.79
28/06/2018,20,430000,20.4(-2.86 %),20,430000,0,0,16852417,5.79
29/06/2018,3830,78033000,20.2(-0.98 %),3830,78033000,0,0,16848587,0.0
02/07/2018,-390,-7780000,20.1(-0.50 %),110,2220000,500,10000000,16848477,5.8
03/07/2018,-8000,-158640000,19.6(-2.49 %),1010,20200000,9010,178840000,16847467,5.8
04/07/2018,3110,62000000,19.95(1.79 %),3110,62000000,0,0,16844357,5.81
05/07/2018,-5770,-110960000,19.25(-3.51 %),2630,52580000,8400,163540000,16842227,5.81
06/07/2018,7780,150570000,19.85(3.12 %),8280,160200000,500,9630000,16842957,5.81
09/07/2018,21590,436490000,20.1(1.26 %),21590,436490000,0,0,16821367,5.87
10/07/2018,9920,198410000,20.1(0.00 %),9920,198410000,0,0,16819847,5.87
11/07/2018,8410,169120000,19.7(-1.99 %),8410,169120000,0,0,16811937,5.89
12/07/2018,15070,298204500,19.65(-0.25 %),15070,298204500,0,0,16796867,0.0
13/07/2018,1840,36620000,19.75(0.51 %),1840,36620000,0,0,16795027,5.94
16/07/2018,2590,51150000,20(1.27 %),2590,51150000,0,0,16792437,5.94
17/07/2018,6790,135960000,20(0.00 %),7640,153050000,850,17090000,16784797,5.96
18/07/2018,3190,63803000,20.8(4.00 %),3190,63803000,0,0,16781607,0.0
19/07/2018,-5190,-108470000,21.2(1.92 %),10,210000,5200,108680000,16781597,5.97
20/07/2018,-4990,-107190000,21.7(2.36 %),7010,147210000,12000,254400000,16775437,5.99
23/07/2018,190,4028000,21.2(-2.30 %),190,4028000,0,0,16775247,0.0
24/07/2018,200,4200000,20.8(-1.89 %),200,4200000,0,0,16780250,5.97
25/07/2018,8120,168180000,20.6(-0.96 %),8120,168180000,0,0,16784130,5.96
26/07/2018,1010,21110000,20.45(-0.73 %),1010,21110000,0,0,16783120,5.97
27/07/2018,5200,106790000,20.5(0.24 %),5200,106790000,0,0,16777920,5.98
30/07/2018,630,12915000,21(2.44 %),630,12915000,0,0,16777290,0.0
31/07/2018,23520,495319000,21(0.00 %),23530,495530000,10,211000,16753770,0.0
01/08/2018,3710,77069000,20.9(-0.48 %),3710,77069000,0,0,11395182,8.47
02/08/2018,5830,119480000,20.5(-1.91 %),5830,119480000,0,0,17332220,5.89
03/08/2018,1270,25869000,20.8(1.46 %),4200,86520000,2930,60651000,17330950,0.0
06/08/2018,7990,173385000,22.25(6.97 %),10000,218000000,2010,44615000,17322960,0.0
07/08/2018,13100,295610000,21.8(-2.02 %),18100,409110000,5000,113500000,17309860,0.0
08/08/2018,16950,371484000,22.15(1.61 %),16950,371484000,0,0,17292910,0.0
09/08/2018,2270,50470000,22(-0.68 %),2270,50470000,0,0,17285650,6.0
10/08/2018,8300,181040000,21.7(-1.36 %),8350,182130000,50,1090000,17282300,6.01
13/08/2018,-3690,-79980000,21.6(-0.46 %),7430,161230000,11120,241210000,17274870,6.03
14/08/2018,0,0,22(1.85 %),0,0,0,0,17274870,6.03
15/08/2018,600,13130000,21.9(-0.45 %),600,13130000,0,0,17274320,6.03
16/08/2018,-1090,-23870000,22.25(1.60 %),7410,162280000,8500,186150000,17278030,6.02
17/08/2018,920,19985000,22.7(2.02 %),2000,44825000,1080,24840000,17277110,0.0
20/08/2018,17020,399337500,23.65(4.19 %),17020,399337500,0,0,17260090,0.0
21/08/2018,4490,106610500,23.65(0.00 %),4500,106848000,10,237500,17255600,0.0
22/08/2018,-70,-1650000,23.3(-1.48 %),10,230000,80,1880000,17252920,6.08
23/08/2018,2450,57580000,23.6(1.29 %),2450,57580000,0,0,17250470,6.09
24/08/2018,-1840,-42614000,23.3(-1.27 %),4500,106050000,6340,148664000,17252310,0.0
27/08/2018,-3540,-82982000,23.5(0.86 %),560,13058000,4100,96040000,17255850,0.0
28/08/2018,3350,79085000,23.55(0.21 %),3350,79085000,0,0,17252500,0.0
29/08/2018,3960,93080000,23.5(-0.21 %),3960,93080000,0,0,17244530,6.1
30/08/2018,-190,-4500000,24.2(2.98 %),20,480000,210,4980000,17248610,6.09
31/08/2018,13020,315310000,24.7(2.07 %),13020,315310000,0,0,17235590,0.0
04/09/2018,7720,189086000,24.6(-0.40 %),7730,189329000,10,243000,11395182,8.22
05/09/2018,34000,839308000,24.7(0.41 %),34000,839308000,0,0,11361182,8.31
06/09/2018,-100,-2500000,25.05(1.42 %),0,0,100,2500000,11361282,8.31
07/09/2018,51680,1299040000,25.05(0.00 %),52800,1327090000,1120,28050000,11309602,8.43
10/09/2018,0,0,25.05(0.00 %),0,0,0,0,17141280,6.36
11/09/2018,20000,504910000,25.8(2.99 %),20000,504910000,0,0,17121380,6.41
12/09/2018,0,0,26(0.78 %),0,0,0,0,17122500,6.41
13/09/2018,-90,-2390000,26.35(1.35 %),10,260000,100,2650000,17122490,6.41
14/09/2018,1900,50330000,26.1(-0.95 %),2030,53780000,130,3450000,17120460,6.41
17/09/2018,-12910,-345160000,26.9(3.07 %),0,0,12910,345160000,17120460,6.41
18/09/2018,-2400,-64630000,26.95(0.19 %),100,2690000,2500,67320000,17120460,6.41
19/09/2018,-4030,-108410000,26.3(-2.41 %),0,0,4030,108410000,17120590,6.41
20/09/2018,3340,87840000,26.4(0.38 %),3340,87840000,0,0,17130160,6.39
21/09/2018,550,14520000,26.4(0.00 %),550,14520000,0,0,17132110,6.38
24/09/2018,6300,166895000,26.85(1.70 %),6300,166895000,0,0,17125810,6.4
25/09/2018,20,538360,26.8(-0.19 %),20,538360,0,0,17125790,6.4
26/09/2018,0,0,26.55(-0.93 %),0,0,0,0,17125790,6.4
27/09/2018,1000,26500000,26.6(0.19 %),1000,26500000,0,0,17124790,6.4
28/09/2018,-13310,-354156000,27.3(2.63 %),400,10640000,13710,364796000,17138100,6.37
01/10/2018,-18360,-504055440,27.1(-0.73 %),850,23335900,19210,527391340,17125189,6.4
02/10/2018,-59320,-1658546000,28.3(4.43 %),80,2264000,59400,1660810000,17184509,6.25
03/10/2018,10440,294294500,28.2(-0.35 %),12240,346404500,1800,52110000,17174069,6.28
04/10/2018,400,11280000,28.3(0.35 %),400,11280000,0,0,17173669,6.28
05/10/2018,-14210,-401074000,27.6(-2.47 %),10,280000,14220,401354000,17187879,6.24
08/10/2018,0,0,27.75(0.54 %),0,0,0,0,17207469,6.2
09/10/2018,0,0,27.8(0.18 %),0,0,0,0,17207469,6.2
10/10/2018,-63500,-1780016500,27.85(0.18 %),80,2224000,63580,1782240500,17270969,6.04
11/10/2018,-1290,-29645000,26.9(-3.41 %),6200,167305000,7490,196950000,17272259,6.03
12/10/2018,-20170,-524692000,27.2(1.12 %),50,1300000,20220,525992000,17292429,5.98
15/10/2018,2960,80300000,26.8(-1.47 %),4910,132950000,1950,52650000,17274029,6.03
16/10/2018,1000,26900000,27(0.75 %),1000,26900000,0,0,17273029,6.03
17/10/2018,50,1375000,27.85(3.15 %),50,1375000,0,0,17272979,6.03
18/10/2018,34100,949690000,27.6(-0.90 %),34100,949690000,0,0,17268544,6.04
19/10/2018,4600,125000000,27.75(0.54 %),4600,125000000,0,0,17263944,6.05
22/10/2018,18720,528769500,27.85(0.36 %),18720,528769500,0,0,17245224,6.1
23/10/2018,10820,301257000,27.5(-1.26 %),11300,314625000,480,13368000,17234404,6.13
24/10/2018,320,8649000,26.55(-3.45 %),320,8649000,0,0,17234084,6.13
25/10/2018,4190,106903000,26.5(-0.19 %),4190,106903000,0,0,17229894,6.14
26/10/2018,-21290,-569430000,27.45(3.58 %),0,0,21290,569430000,17229894,6.14
29/10/2018,610,16010000,26.85(-2.19 %),2610,70210000,2000,54200000,17227284,6.15
30/10/2018,-3720,-99986000,27.05(0.74 %),30,814000,3750,100800000,17231004,6.14
31/10/2018,-11000,-302200000,27.6(2.03 %),0,0,11000,302200000,17242004,6.11
01/11/2018,30,830000,27.7(0.36 %),30,830000,0,0,17250514,6.09
02/11/2018,30,838000,28(1.08 %),30,838000,0,0,17250484,6.09
05/11/2018,-550,-15430000,28(0.00 %),7250,202970000,7800,218400000,17257984,6.07
06/11/2018,2710,75878000,28(0.00 %),2720,76160000,10,282000,17255274,6.08
07/11/2018,270,7363500,28.15(0.54 %),2260,63282500,1990,55919000,17255004,6.08
08/11/2018,-182280,-5396197500,30(6.57 %),1400,39620000,183680,5435817500,17437284,5.62
09/11/2018,-270,-7940000,29.8(-0.67 %),310,9460000,580,17400000,17259104,6.07
12/11/2018,-700,-20930000,30.8(3.36 %),0,0,700,20930000,17261094,6.06
13/11/2018,-1460,-45508000,31.45(2.11 %),540,16092000,2000,61600000,17262554,6.06
14/11/2018,-3320,-102217500,30.1(-4.29 %),1680,52782500,5000,155000000,17265874,6.05
15/11/2018,32480,980386000,30(-0.33 %),32480,980386000,0,0,17233394,6.13
16/11/2018,-100,-3000000,30(0.00 %),0,0,100,3000000,17233494,6.13
19/11/2018,0,0,30.5(1.67 %),0,0,0,0,17418354,5.67
20/11/2018,1400,42020000,30(-1.64 %),1400,42020000,0,0,17416954,5.67
21/11/2018,4300,129950000,31.25(4.17 %),4300,129950000,0,0,17412754,5.68
22/11/2018,-1950,-60940000,31.2(-0.16 %),0,0,1950,60940000,17412754,5.68
23/11/2018,0,0,30.7(-1.60 %),0,0,0,0,17412754,5.68
26/11/2018,2210,67504000,30(-2.28 %),2210,67504000,0,0,17410544,5.69
27/11/2018,2430,72900000,29.4(-2.00 %),7610,228300000,5180,155400000,17408114,5.7
28/11/2018,-3650,-105595000,29(-1.36 %),750,22050000,4400,127645000,17411764,5.69
29/11/2018,-200,-5880000,29.25(0.86 %),0,0,200,5880000,17411964,5.69
30/11/2018,-1250,-36250000,29(-0.85 %),0,0,1250,36250000,17413214,5.68
03/12/2018,6100,177260000,29.35(1.21 %),6200,180200000,100,2940000,17407514,5.7
04/12/2018,800,23990000,30.05(2.39 %),800,23990000,0,0,17406714,5.7
05/12/2018,3500,103325000,29.55(-1.66 %),3500,103325000,0,0,17403214,5.71
06/12/2018,2500,73800000,29.7(0.51 %),2500,73800000,0,0,17400714,5.71
07/12/2018,1000,29500000,29.7(0.00 %),1500,44350000,500,14850000,17399714,5.72
10/12/2018,52550,1559890000,30.25(1.85 %),56550,1679890000,4000,120000000,17344214,5.86
11/12/2018,1660,50110000,30(-0.83 %),1660,50110000,0,0,17342554,5.86
12/12/2018,760,22642000,30.2(0.67 %),780,23244000,20,602000,17341794,5.86
13/12/2018,2100,65234000,30(-0.66 %),10600,320234000,8500,255000000,17339694,5.87
14/12/2018,15830,474132000,29.9(-0.33 %),15830,474132000,0,0,17323864,5.91
17/12/2018,3300,97045000,29.3(-2.01 %),3300,97045000,0,0,17320564,5.91
18/12/2018,31230,902788000,29.1(-0.68 %),31530,911398000,300,8610000,17289334,5.99
19/12/2018,4610,133577000,28.85(-0.86 %),4680,135614000,70,2037000,17284724,6.0
20/12/2018,1000,28850000,29.1(0.87 %),1000,28850000,0,0,17287854,6.0
21/12/2018,20100,589720000,29.5(1.37 %),20100,589720000,0,0,17268054,6.04
24/12/2018,100,2920000,29.15(-1.19 %),100,2920000,0,0,17268024,6.04
25/12/2018,8890,257340000,29.15(0.00 %),9900,286400000,1010,29060000,17258124,6.07
26/12/2018,0,0,29(-0.51 %),0,0,0,0,17258124,6.07
27/12/2018,0,0,29(0.00 %),0,0,0,0,17258124,6.07
28/12/2018,0,0,29.05(0.17 %),0,0,0,0,17259134,6.07
02/01/2019,0,0,29(-0.17 %),0,0,0,0,17259134,6.07
03/01/2019,8580,249220000,29(0.00 %),8580,249220000,0,0,17250554,6.09
04/01/2019,250,7210000,29.1(0.34 %),250,7210000,0,0,17250304,6.09
07/01/2019,10,291000,29.25(0.52 %),10,291000,0,0,17250294,6.09
08/01/2019,0,0,29(-0.85 %),0,0,0,0,17250294,6.09
09/01/2019,280,8092000,28.9(-0.34 %),280,8092000,0,0,17250014,6.09
10/01/2019,1090,31600000,28.9(0.00 %),3100,89590000,2010,57990000,17246914,6.1
11/01/2019,46000,1399635000,30.7(6.23 %),46000,1399635000,0,0,17200914,6.21
14/01/2019,-8140,-246520000,30.05(-2.12 %),1000,30900000,9140,277420000,17199914,6.21
15/01/2019,0,0,31.25(3.99 %),0,0,0,0,17199914,6.21
16/01/2019,13560,427421000,32.4(3.68 %),14360,453021000,800,25600000,17186354,6.25
17/01/2019,-2000,-64670000,31.6(-2.47 %),1230,39760000,3230,104430000,17195474,6.23
18/01/2019,1000,31560000,32.3(2.22 %),1300,41150000,300,9590000,17194174,6.23
21/01/2019,-300,-9760000,32.9(1.86 %),0,0,300,9760000,17194974,6.23
22/01/2019,2900,95130000,31.8(-3.34 %),2900,95130000,0,0,17195304,6.23
23/01/2019,600,19080000,31.7(-0.31 %),600,19080000,0,0,17191474,6.24
24/01/2019,0,0,31(-2.21 %),0,0,0,0,17195304,6.23
25/01/2019,350,10750000,31.2(0.65 %),350,10750000,0,0,17191124,6.24
28/01/2019,500,15619500,30.7(-1.60 %),500,15619500,0,0,17190624,6.24
29/01/2019,7500,228501000,30.4(-0.98 %),9500,289901000,2000,61400000,17183124,6.26
30/01/2019,8100,249460000,30.7(0.99 %),8110,249770000,10,310000,17176844,6.27
31/01/2019,20270,627890000,31(0.98 %),20270,627890000,0,0,17156574,6.32
01/02/2019,9740,301840000,30.75(-0.81 %),9740,301840000,0,0,17148834,6.34
11/02/2019,7890,245480000,31.8(3.41 %),7890,245480000,0,0,17140954,6.36
12/02/2019,9280,295040000,31.4(-1.26 %),9360,297600000,80,2560000,17131594,6.38
13/02/2019,58340,1835700000,31.6(0.64 %),58340,1835700000,0,0,17073254,6.53
14/02/2019,8140,258464000,31.6(0.00 %),8140,258464000,0,0,17074924,6.53
15/02/2019,10500,329600000,30.65(-3.01 %),10500,329600000,0,0,17054694,6.58
18/02/2019,12480,385886500,31.1(1.47 %),13000,401863000,520,15976500,17051944,6.58
19/02/2019,600,18570000,30.35(-2.41 %),600,18570000,0,0,17041094,6.61
20/02/2019,1600,48489500,30.4(0.16 %),5600,169960000,4000,121470500,17049744,6.59
21/02/2019,28950,882240000,30.65(0.82 %),28950,882240000,0,0,17007064,6.69
22/02/2019,-850,-25180000,29.5(-3.75 %),150,4520000,1000,29700000,17021644,6.66
25/02/2019,900,26230000,29.2(-1.02 %),900,26230000,0,0,17020744,6.66
26/02/2019,-900,-26560000,29.9(2.40 %),2050,59760000,2950,86320000,17007964,6.69
27/02/2019,1100,33040000,29.6(-1.00 %),1600,47840000,500,14800000,17007364,6.69
28/02/2019,1400,41440000,29.15(-1.52 %),1400,41440000,0,0,17019144,6.66
01/03/2019,0,0,29.4(0.86 %),0,0,0,0,17008914,6.69
04/03/2019,-9620,-281970000,29.3(-0.34 %),50,1470000,9670,283440000,17009364,6.69
05/03/2019,-105550,-3064910000,28.75(-1.88 %),1300,37730000,106850,3102640000,17008064,6.69
06/03/2019,0,0,28.8(0.17 %),0,0,0,0,17124084,6.4
07/03/2019,910,26160000,28.85(0.17 %),1410,40640000,500,14480000,17016324,6.67
08/03/2019,780,22791000,29.05(0.69 %),780,22791000,0,0,17122394,6.41
11/03/2019,-600,-17460000,29.3(0.86 %),1000,29100000,1600,46560000,17122994,6.41
12/03/2019,-2500,-73250000,29.15(-0.51 %),2000,58600000,4500,131850000,17125494,6.4
13/03/2019,1450,42120000,29.1(-0.17 %),1450,42120000,0,0,17118444,6.42
14/03/2019,-250,-7290000,28.95(-0.52 %),150,4350000,400,11640000,17119894,6.41
15/03/2019,-4270,-122924500,28.9(-0.17 %),730,21080000,5000,144004500,17128564,6.39
18/03/2019,-100,-2700000,28.6(-1.04 %),1500,43260000,1600,45960000,17122164,6.41
19/03/2019,-17300,-499970000,28.75(0.52 %),0,0,17300,499970000,17145964,6.35
20/03/2019,8640,247570000,28.6(-0.52 %),10320,295500000,1680,47930000,17117244,6.42
21/03/2019,880,24890000,28.2(-1.40 %),4480,127850000,3600,102960000,17114364,6.43
22/03/2019,120,3100000,27.6(-2.13 %),2720,74960000,2600,71860000,17128944,6.39
25/03/2019,4640,125250000,27(-2.17 %),6500,176520000,1860,51270000,17124124,6.4
26/03/2019,1850,49050000,27(0.00 %),5460,147975000,3610,98925000,17129834,6.39
27/03/2019,1450,39778500,27.45(1.67 %),1450,39778500,0,0,17128384,6.39
28/03/2019,-1050,-28710000,27.95(1.82 %),1000,27870000,2050,56580000,17129434,6.39
29/03/2019,-2630,-73340000,27.75(-0.72 %),1000,27600000,3630,100940000,17126884,6.4
01/04/2019,10360,288020000,27.9(0.54 %),10360,288020000,0,0,17116524,6.42
02/04/2019,710,19750000,27.8(-0.36 %),710,19750000,0,0,17117864,6.42
03/04/2019,1980,54800000,27.8(0.00 %),1980,54800000,0,0,17119514,6.41
04/04/2019,143340,4106670000,29(4.32 %),143340,4106670000,0,0,16976174,6.77
05/04/2019,1060,30740000,28.9(-0.34 %),1350,39150000,290,8410000,16979794,6.76
08/04/2019,4700,135790000,28.5(-1.38 %),4700,135790000,0,0,16970124,6.79
09/04/2019,2970,84550000,27.8(-2.46 %),2970,84550000,0,0,16967154,6.79
10/04/2019,110,3050000,29.7(6.83 %),110,3050000,0,0,16967334,6.79
11/04/2019,800,24480000,30.4(2.36 %),1000,30660000,200,6180000,16966334,6.8
12/04/2019,5480,166084000,30.2(-0.66 %),5480,166084000,0,0,16965734,6.8
16/04/2019,21120,627570000,30.4(0.66 %),21120,627570000,0,0,16939734,6.86
17/04/2019,2360,71744000,29.2(-3.95 %),2360,71744000,0,0,16942254,6.86
18/04/2019,3370,98750000,28.5(-2.40 %),5020,146090000,1650,47340000,16932554,6.88
19/04/2019,17260,499840000,28.5(0.00 %),27260,784840000,10000,285000000,16905294,6.95
22/04/2019,2040,57072000,27.9(-2.11 %),2200,61600000,160,4528000,16919584,6.91
23/04/2019,-4800,-134370000,28.2(1.08 %),200,5630000,5000,140000000,16904544,6.95
24/04/2019,12870,365480000,28(-0.71 %),17870,506480000,5000,141000000,16896674,6.97
25/04/2019,6070,169970000,28(0.00 %),6070,169970000,0,0,16890764,6.98
26/04/2019,20,563000,28.15(0.54 %),20,563000,0,0,16905424,6.95
02/05/2019,22760,644768500,28.4(0.89 %),22760,644768500,0,0,16900744,6.96
03/05/2019,0,0,28.1(-1.06 %),0,0,0,0,16900744,6.96
06/05/2019,2580,72180000,27.5(-2.14 %),2580,72180000,0,0,16875404,7.02
07/05/2019,420,11690000,27.55(0.18 %),420,11690000,0,0,16874984,7.02
08/05/2019,11120,307067500,27.4(-0.54 %),11120,307067500,0,0,16886624,6.99
09/05/2019,33150,912191000,27.5(0.36 %),33150,912191000,0,0,16853474,7.08
10/05/2019,100,2760000,27.75(0.91 %),100,2760000,0,0,16830614,7.13
13/05/2019,270,7610000,28.4(2.34 %),270,7610000,0,0,16830344,7.13
14/05/2019,15380,439460000,28.4(0.00 %),15380,439460000,0,0,16814964,7.17
15/05/2019,-2310,-66441000,28.4(0.00 %),0,0,2310,66441000,16840034,7.11
16/05/2019,0,0,28.1(-1.06 %),0,0,0,0,16814964,7.17
17/05/2019,0,0,28.2(0.36 %),0,0,0,0,16814964,7.17
20/05/2019,900,25380000,28(-0.71 %),900,25380000,0,0,16816374,7.17
21/05/2019,2550,71400000,28.35(1.25 %),2550,71400000,0,0,16813824,7.17
22/05/2019,3410,97410000,28.35(0.00 %),3730,106590000,320,9180000,16810094,7.18
23/05/2019,7080,200670000,28.55(0.71 %),7080,200670000,0,0,16803014,7.2
24/05/2019,1400,39900000,28.95(1.40 %),1400,39900000,0,0,16801614,7.2
27/05/2019,2870,81886500,28.4(-1.90 %),2870,81886500,0,0,16798744,7.21
28/05/2019,-7170,-202400000,28.5(0.35 %),1100,31020000,8270,233420000,16797964,7.21
29/05/2019,690,19457000,28.2(-1.05 %),690,19457000,0,0,16805224,7.2
30/05/2019,670,18693000,28.35(0.53 %),670,18693000,0,0,16804554,7.2
31/05/2019,8500,241184500,28.3(-0.18 %),8500,241184500,0,0,16796054,7.22
03/06/2019,-8560,-237950000,27.8(-1.77 %),1130,31660000,9690,269610000,16795244,7.22
04/06/2019,-2970,-82400000,28(0.72 %),0,0,2970,82400000,16795244,7.22
05/06/2019,630,17732500,28.15(0.54 %),630,17732500,0,0,16797584,7.21
06/06/2019,0,0,27.9(-0.89 %),0,0,0,0,16797584,7.21
07/06/2019,0,0,28.3(1.43 %),0,0,0,0,16797584,7.21
10/06/2019,45550,1303130000,28.5(0.71 %),47850,1368220000,2300,65090000,16759429,7.31
11/06/2019,3920,111750000,28.5(0.00 %),3920,111750000,0,0,16755509,7.32
12/06/2019,-2860,-81280000,28.4(-0.35 %),1650,46940000,4510,128220000,16753859,7.32
13/06/2019,1620,45690000,28.3(-0.35 %),1620,45690000,0,0,16754539,7.32
14/06/2019,6070,171180000,28.2(-0.35 %),6070,171180000,0,0,16748469,7.34
17/06/2019,3760,106160000,28.2(0.00 %),3760,106160000,0,0,16749219,7.34
18/06/2019,2350,66270000,28.1(-0.35 %),2350,66270000,0,0,16737174,7.37
19/06/2019,4540,128002000,28.35(0.89 %),4540,128002000,0,0,16732634,7.38
20/06/2019,17510,498240000,28.6(0.88 %),17510,498240000,0,0,16724819,7.4
21/06/2019,10620,303410000,28.55(-0.17 %),10620,303410000,0,0,16714199,7.42
24/06/2019,13480,384984000,28.6(0.18 %),13810,394405500,330,9421500,16691024,7.48
25/06/2019,16000,457910000,28.7(0.35 %),16000,457910000,0,0,16684389,7.5
26/06/2019,-110,-3196000,29.55(2.96 %),0,0,110,3196000,16675134,7.52
27/06/2019,990,29330000,29.2(-1.18 %),1680,49820000,690,20490000,16683039,7.5
28/06/2019,-1200,-35070000,29.2(0.00 %),0,0,1200,35070000,16675344,7.52
01/07/2019,-10480,-306491000,29.2(0.00 %),1230,35840000,11710,342331000,16683149,7.5
02/07/2019,-19520,-571184000,29.3(0.34 %),5490,160308000,25010,731492000,16702669,7.45
03/07/2019,100,2940000,29.4(0.34 %),100,2940000,0,0,16678219,7.51
04/07/2019,2050,60270000,29.2(-0.68 %),2050,60270000,0,0,16700519,7.46
05/07/2019,-1010,-29500000,29.3(0.34 %),110,3220000,1120,32720000,16712779,7.43
08/07/2019,2010,58746000,29.3(0.00 %),2010,58746000,0,0,16699519,7.46
09/07/2019,1800,52740000,29.3(0.00 %),2000,58600000,200,5860000,16697719,7.46
10/07/2019,8300,243170000,29.3(0.00 %),8300,243170000,0,0,16701589,7.45
11/07/2019,32420,948045000,29.2(-0.34 %),38020,1111565000,5600,163520000,16656999,7.56
12/07/2019,2700,79593000,29.65(1.54 %),2700,79593000,0,0,16654299,7.57
15/07/2019,-9500,-289600000,30.55(3.04 %),0,0,9500,289600000,16663799,7.55
16/07/2019,-200,-6105000,30.45(-0.33 %),0,0,200,6105000,16663999,7.55
17/07/2019,1640,49896000,30(-1.48 %),1640,49896000,0,0,16662359,7.55
18/07/2019,-2990,-88803000,29.7(-1.00 %),0,0,2990,88803000,16665349,7.54
19/07/2019,17080,508536000,29.8(0.34 %),17080,508536000,0,0,16648269,7.59
22/07/2019,14030,419898000,29.9(0.34 %),16000,478978000,1970,59080000,16634239,7.62
23/07/2019,1020,30450000,29.7(-0.67 %),1020,30450000,0,0,16643619,7.6
24/07/2019,330,9801000,29.6(-0.34 %),330,9801000,0,0,16632889,7.62
25/07/2019,2000,59000000,30(1.35 %),2000,59000000,0,0,16643259,7.6
26/07/2019,10360,312482000,30(0.00 %),10360,312482000,0,0,16620529,7.66
29/07/2019,9830,293700000,29.95(-0.17 %),9830,293700000,0,0,16623069,7.65
30/07/2019,22100,660910000,29.95(0.00 %),22100,660910000,0,0,16600969,7.7
31/07/2019,510,15052500,30(0.17 %),1480,44104000,970,29051500,16588089,7.74
01/08/2019,-8830,-266330000,30.2(0.67 %),0,0,8830,266330000,16599489,7.71
02/08/2019,-25140,-750930000,29.95(-0.83 %),2680,80500000,27820,831430000,16596809,7.71
05/08/2019,-1720,-51540000,30.2(0.83 %),3920,117940000,5640,169480000,16593859,7.72
06/08/2019,9960,295797500,29.6(-1.99 %),16200,483027500,6240,187230000,16616389,7.67
07/08/2019,9290,278250000,30(1.35 %),9300,278550000,10,300000,16605009,7.69
08/08/2019,6200,185230000,29.9(-0.33 %),6200,185230000,0,0,16604449,7.7
09/08/2019,9920,296907000,29.8(-0.33 %),9930,297206000,10,299000,16590979,7.73
12/08/2019,-1590,-48436000,30.95(3.86 %),0,0,1590,48436000,16592569,7.72
13/08/2019,5900,182040000,30.95(0.00 %),6200,191270000,300,9230000,16594569,7.72
14/08/2019,5300,167080000,31.35(1.29 %),5300,167080000,0,0,16581369,7.75
15/08/2019,2800,86575000,30.6(-2.39 %),2800,86575000,0,0,16578569,7.76
16/08/2019,-12400,-375840000,30.2(-1.31 %),1310,39579000,13710,415419000,16590969,7.73
19/08/2019,3550,106610000,30.1(-0.33 %),3550,106610000,0,0,16583509,7.75
20/08/2019,-3960,-119988000,30.7(1.99 %),0,0,3960,119988000,16591379,7.73
21/08/2019,-34500,-1048940000,30.1(-1.95 %),0,0,34500,1048940000,16597219,7.71
22/08/2019,430,15220000,32.1(6.64 %),1600,51260000,1170,36040000,16625449,7.64
23/08/2019,2760,87715000,31.6(-1.56 %),3760,120465000,1000,32750000,16622689,7.65
26/08/2019,1810,54850000,29.85(-5.54 %),2710,81300000,900,26450000,16627609,7.64
27/08/2019,5190,154182500,28.9(-3.18 %),5190,154182500,0,0,16615689,7.67
28/08/2019,2270,65440000,28.9(0.00 %),3270,94040000,1000,28600000,16621319,7.65
29/08/2019,5970,170800000,28(-3.11 %),6070,173690000,100,2890000,16616149,7.67
30/08/2019,50780,1446940000,28.6(2.14 %),50780,1446940000,0,0,16565369,7.79
03/09/2019,8690,248534000,28.2(-1.40 %),9270,265122000,580,16588000,16566369,7.79
04/09/2019,-30720,-846770000,27.8(-1.42 %),44300,1239240000,75020,2086010000,16512899,7.92
05/09/2019,60,1190000,27.3(-1.80 %),1210,33130000,1150,31940000,16511689,7.93
06/09/2019,1390,37689000,27.1(-0.73 %),1390,37689000,0,0,16595639,7.72
09/09/2019,710,19240000,27.05(-0.18 %),710,19240000,0,0,16585189,7.74
10/09/2019,-16170,-437440000,27.2(0.55 %),4840,131150000,21010,568590000,16581499,7.75
11/09/2019,3430,93162000,27.1(-0.37 %),3740,101580000,310,8418000,16607669,7.69
12/09/2019,-660,-17130000,27(-0.37 %),4560,123830000,5220,140960000,16573199,7.77
13/09/2019,1930,51730000,26.6(-1.48 %),1930,51730000,0,0,16606399,7.69
16/09/2019,-3050,-80778000,27(1.50 %),2180,58405000,5230,139183000,16609449,7.68
17/09/2019,1000,26950000,27.1(0.37 %),1000,26950000,0,0,16594629,7.72
18/09/2019,20,542000,27.3(0.74 %),20,542000,0,0,16608429,7.69
19/09/2019,-190,-3260000,27(-1.10 %),11100,302449000,11290,305709000,16608619,7.69
20/09/2019,2840,76540000,26.8(-0.74 %),3290,88670000,450,12130000,16585449,7.74
23/09/2019,-43900,-1176110000,26.9(0.37 %),1000,26850000,44900,1202960000,16978409,7.59
24/09/2019,-56250,-1506300000,26.8(-0.37 %),2250,60330000,58500,1566630000,16987449,7.57
25/09/2019,-20740,-553873000,26.8(0.00 %),5310,141683000,26050,695556000,16726669,8.37
26/09/2019,-320,-8580000,26.75(-0.19 %),250,6700000,570,15280000,17027239,7.47
27/09/2019,-73990,-1976280000,26.7(-0.19 %),3100,82930000,77090,2059210000,17082639,7.34
30/09/2019,0,0,27.1(1.50 %),0,0,0,0,17108689,7.28
01/10/2019,-4950,-134400000,27.3(0.74 %),5580,151370000,10530,285770000,17103679,7.29
02/10/2019,-26940,-727890000,27(-1.10 %),6240,170200000,33180,898090000,17174529,7.11
03/10/2019,710,19251500,27(0.00 %),710,19251500,0,0,17135489,7.21
04/10/2019,130,3510000,26.9(-0.37 %),130,3510000,0,0,17184219,7.09
07/10/2019,1980,53792000,27(0.37 %),1980,53792000,0,0,17133379,7.22
08/10/2019,16250,441880000,27.1(0.37 %),16250,441880000,0,0,17199169,7.05
09/10/2019,2000,54335000,27.1(0.00 %),2000,54335000,0,0,17115129,7.26
10/10/2019,1090,29793000,27.35(0.92 %),1090,29793000,0,0,17114039,7.26
11/10/2019,560,15325000,27.45(0.37 %),560,15325000,0,0,17113479,7.26
14/10/2019,30410,847538000,27.95(1.82 %),30410,847538000,0,0,17083069,7.34
15/10/2019,1950,54500000,27.75(-0.72 %),2000,55900000,50,1400000,17163109,7.14
16/10/2019,2920,80860000,27.8(0.18 %),4800,133220000,1880,52360000,17158309,7.15
17/10/2019,200,5545000,27.8(0.00 %),200,5545000,0,0,17077999,7.35
18/10/2019,-14500,-401508000,27.6(-0.72 %),4200,116155000,18700,517663000,17092499,7.32
21/10/2019,1000,27844000,27.85(0.91 %),1000,27844000,0,0,17091499,7.32
22/10/2019,3530,98830000,28(0.54 %),4860,136450000,1330,37620000,17149979,7.17
23/10/2019,450,12577000,28(0.00 %),460,12858500,10,281500,17087519,7.33
24/10/2019,3490,97331500,28.1(0.36 %),3520,98171500,30,840000,17084029,7.34
25/10/2019,14310,399201000,27.5(-2.14 %),14310,399201000,0,0,17069719,7.37
28/10/2019,6310,173552000,27.55(0.18 %),6310,173552000,0,0,17063409,7.39
29/10/2019,5930,163141500,27.4(-0.54 %),5930,163141500,0,0,17057479,7.4
30/10/2019,1920,52560000,27.25(-0.55 %),4870,133340000,2950,80780000,17134649,7.21
31/10/2019,10730,294720000,27.4(0.55 %),10920,299940000,190,5220000,17123729,7.24
01/11/2019,4650,127500000,27.15(-0.91 %),4700,128870000,50,1370000,17119029,7.25
04/11/2019,3780,102660000,26.95(-0.74 %),4900,133040000,1120,30380000,17117079,7.26
05/11/2019,-3600,-96630000,26.9(-0.19 %),0,0,3600,96630000,17117270,7.25
06/11/2019,28780,774452000,26.95(0.19 %),29240,786656000,460,12204000,17094769,7.31
07/11/2019,4120,110660000,27(0.19 %),4120,110660000,0,0,17085080,7.33
08/11/2019,1060,28720000,27(0.00 %),1060,28720000,0,0,17089589,7.32
11/11/2019,2260,61238000,27.1(0.37 %),2300,62330000,40,1092000,17087329,7.33
12/11/2019,13940,380757000,27.05(-0.18 %),13940,380757000,0,0,17073389,7.36
13/11/2019,1050,28340000,27.1(0.18 %),1250,33780000,200,5440000,17070590,7.37
14/11/2019,7500,204420000,27.2(0.37 %),7510,204690000,10,270000,17063120,7.39
15/11/2019,780,21200000,27.25(0.18 %),780,21200000,0,0,17062340,7.39
18/11/2019,-3040,-82478500,27.15(-0.37 %),5490,149311500,8530,231790000,17067099,7.38
19/11/2019,3120,85040000,27.25(0.37 %),3700,100830000,580,15790000,17053360,7.41
20/11/2019,900,24252000,27.25(0.00 %),2400,65052000,1500,40800000,17063079,7.39
21/11/2019,9870,269640000,27.25(0.00 %),10270,280520000,400,10880000,17049220,7.42
22/11/2019,7000,190441000,27(-0.92 %),7000,190441000,0,0,17046209,17.04
25/11/2019,-50,-1350000,27(0.00 %),50,1350000,100,2700000,17046259,17.04
26/11/2019,7060,190430000,27.05(0.19 %),8940,241190000,1880,50760000,20653962,6.89
27/11/2019,6660,180200000,27.25(0.74 %),6660,180200000,0,0,20647302,6.9
28/11/2019,2020,54744000,27.2(-0.18 %),2020,54744000,0,0,17030519,14.28
29/11/2019,11360,309800000,27.2(0.00 %),11360,309800000,0,0,20635902,6.92
02/12/2019,12280,333670000,27.15(-0.18 %),13280,360870000,1000,27200000,20622622,6.95
03/12/2019,-3180,-84072000,26.9(-0.92 %),9320,252678500,12500,336750500,20639082,6.92
04/12/2019,-14700,-391852000,26.6(-1.12 %),300,7995000,15000,399847000,20653782,6.89
05/12/2019,41110,1131603000,26.7(0.38 %),43430,1193787000,2320,62184000,20612672,6.97
06/12/2019,9760,260520000,26.7(0.00 %),9760,260520000,0,0,20573312,7.05
09/12/2019,24330,653170000,26.9(0.75 %),31780,851410000,7450,198240000,20556532,7.09
10/12/2019,4930,132190000,26.65(-0.93 %),7410,198400000,2480,66210000,20551442,7.1
11/12/2019,36480,973500000,26.75(0.38 %),36480,973500000,0,0,20514962,7.17
12/12/2019,-1970,-52529500,26.7(-0.19 %),1760,47077500,3730,99607000,20539142,7.12
13/12/2019,3660,98060000,26.75(0.19 %),6470,172970000,2810,74910000,20516662,7.17
16/12/2019,5400,143990000,26.75(0.00 %),8150,217550000,2750,73560000,20508512,7.18
17/12/2019,9240,249469000,27(0.93 %),10000,270000000,760,20531000,20520842,7.16
18/12/2019,320,10240000,27.45(1.67 %),6090,167120000,5770,156880000,20498962,7.2
19/12/2019,9860,273152500,27.55(0.36 %),12260,339152500,2400,66000000,20510662,7.18
20/12/2019,9800,271460000,27.7(0.54 %),13300,368410000,3500,96950000,20500862,7.2
23/12/2019,26320,727629500,27.7(0.00 %),26320,727629500,0,0,20474542,7.25
24/12/2019,10530,291700000,27.65(-0.18 %),10920,302620000,390,10920000,20447842,7.31
25/12/2019,14480,399732500,27.7(0.18 %),16020,442159500,1540,42427000,20449532,7.3
26/12/2019,600,16540000,27.45(-0.90 %),600,16540000,0,0,20448932,7.3
27/12/2019,22950,632989000,27.7(0.91 %),23560,649794500,610,16805500,20425982,7.35
30/12/2019,10530,291704000,26.65(-3.79 %),10920,302624000,390,10920000,20415452,7.37
31/12/2019,1130,29914500,26.5(-0.56 %),1130,29914500,0,0,20414322,7.38
02/01/2020,5380,142615500,26.6(0.38 %),5840,154728000,460,12112500,20403702,7.4
03/01/2020,-3840,-99645500,26.1(-1.88 %),13730,361725500,17570,461371000,20407542,7.39
06/01/2020,-980,-25670000,26.3(0.77 %),10,270000,990,25940000,20384122,7.44
07/01/2020,-22580,-577810500,26(-1.14 %),29400,763881000,51980,1341691500,20431102,7.34
08/01/2020,11610,300820000,25.6(-1.54 %),16640,430210000,5030,129390000,20356112,7.49
09/01/2020,1590,41030000,25.8(0.78 %),4100,105790000,2510,64760000,20353002,7.5
10/01/2020,18330,475340000,25.95(0.58 %),18330,475340000,0,0,20386652,7.43
13/01/2020,11840,307239000,25.9(-0.19 %),11840,307239000,0,0,20387732,7.43
14/01/2020,-2240,-55919500,25.7(-0.77 %),11760,303126000,14000,359045500,20389972,7.43
15/01/2020,-5670,-144891500,25.65(-0.19 %),3330,85452000,9000,230343500,20395642,7.41
16/01/2020,-24710,-633000000,25.65(0.00 %),4290,109830000,29000,742830000,20362972,7.48
17/01/2020,-3090,-79580000,25.65(0.00 %),11470,294040000,14560,373620000,20365502,7.48
20/01/2020,4240,108370000,25.6(-0.19 %),5750,147100000,1510,38730000,20368752,7.47
21/01/2020,1370,35080000,26(1.56 %),1370,35080000,0,0,20396382,7.41
22/01/2020,14420,376320000,26.1(0.38 %),14420,376320000,0,0,20396522,7.41
30/01/2020,5390,139860000,25.9(-0.77 %),5390,139860000,0,0,20392642,7.42
31/01/2020,6430,162050500,25.5(-1.54 %),6430,162050500,0,0,20370142,7.47
03/02/2020,1750,42058000,24.8(-2.75 %),2360,57308000,610,15250000,20386212,7.43
04/02/2020,-5400,-133921500,24.8(0.00 %),30,742500,5430,134664000,20391612,7.42
05/02/2020,6520,162800000,25(0.81 %),6520,162800000,0,0,20377302,7.45
06/02/2020,9500,237250000,24.95(-0.20 %),9500,237250000,0,0,20368412,7.47
07/02/2020,5950,148380000,24.9(-0.20 %),5950,148380000,0,0,20369642,7.47
10/02/2020,2430,60021000,24.75(-0.60 %),2430,60021000,0,0,20367212,7.47
11/02/2020,9200,227370000,24.7(-0.20 %),9200,227370000,0,0,20356262,7.49
12/02/2020,-16050,-396445000,24.75(0.20 %),50,1225000,16100,397670000,20374062,7.46
13/02/2020,1800,45620000,25.3(2.22 %),1800,45620000,0,0,20372262,7.46
14/02/2020,3190,81260000,25.2(-0.40 %),6890,175380000,3700,94120000,20347522,7.51
17/02/2020,20,520000,25(-0.79 %),60,1510000,40,990000,20363562,7.48
18/02/2020,2550,63690000,24.7(-1.20 %),3900,97440000,1350,33750000,20366502,7.47
19/02/2020,-5350,-132150000,24.8(0.40 %),900,22230000,6250,154380000,20362462,7.48
20/02/2020,-1990,-49000000,25.1(1.21 %),2010,50200000,4000,99200000,20360492,7.49
21/02/2020,-5580,-140960000,24.8(-1.20 %),4420,110040000,10000,251000000,20357422,7.49
24/02/2020,-5730,-137220000,24.1(-2.82 %),4270,105040000,10000,242260000,20359402,7.49
25/02/2020,-630,-15266000,24.2(0.41 %),110,2642000,740,17908000,20385782,7.43
26/02/2020,2330,56150000,23.8(-1.65 %),2490,60010000,160,3860000,20370802,7.46
27/02/2020,-350,-8280000,23.7(-0.42 %),350,8280000,700,16560000,20380452,7.44
28/02/2020,-200,-4460000,23.1(-2.53 %),1020,23770000,1220,28230000,20380172,7.45
02/03/2020,-5610,-130260000,23(-0.43 %),50,1160000,5660,131420000,20380282,7.44
03/03/2020,38370,886119000,23.05(0.22 %),39370,909519000,1000,23400000,20341912,7.52
04/03/2020,7540,173570000,23.1(0.22 %),8840,203410000,1300,29840000,20333992,7.54
05/03/2020,0,0,23.2(0.43 %),0,0,0,0,20339652,7.53
06/03/2020,105760,2452686000,23.3(0.43 %),108760,2522286000,3000,69600000,20228612,7.75
09/03/2020,-9440,-204230000,21.7(-6.87 %),6460,147000000,15900,351230000,20226732,7.76
10/03/2020,-8930,-188990000,22(1.38 %),670,14180000,9600,203170000,20226062,7.76
11/03/2020,-4000,-85200000,21.3(-3.18 %),2000,42600000,6000,127800000,20250982,7.71
12/03/2020,90,1800000,19.85(-6.81 %),210,4180000,120,2380000,20242752,7.73
13/03/2020,-3200,-60690000,19(-4.28 %),170,3240000,3370,63930000,20252182,7.71
16/03/2020,-6220,-116180000,19.8(4.21 %),9000,174960000,15220,291140000,20249182,7.71
17/03/2020,2760,53010000,19.9(0.51 %),6260,122310000,3500,69300000,20243042,7.72
18/03/2020,-20,-482000,20.35(2.26 %),200,3940000,220,4422000,20257572,7.7
19/03/2020,-20,-482000,19.4(-4.67 %),200,3940000,220,4422000,20257592,7.7
20/03/2020,7250,140340000,19.4(0.00 %),8210,158770000,960,18430000,20248512,7.71
23/03/2020,-10420,-175486500,18.05(-6.96 %),16840,317960500,27260,493447000,20260762,7.69
24/03/2020,-1510,-26705000,17.5(-3.05 %),5850,103695000,7360,130400000,20262272,7.69
25/03/2020,11250,206980000,18.4(5.14 %),11390,209580000,140,2600000,20223572,7.76
26/03/2020,11150,202853000,17.9(-2.72 %),14970,273463000,3820,70610000,20239872,7.73
27/03/2020,11120,202382000,17.35(-3.07 %),11120,202382000,0,0,20228752,7.75
30/03/2020,10020,161801000,16.2(-6.63 %),10110,163286000,90,1485000,20218732,7.77
31/03/2020,-5920,-92698500,15.95(-1.54 %),14080,228092000,20000,320790500,20224652,7.76
01/04/2020,10,165000,16.4(2.82 %),10,165000,0,0,20211872,7.79
03/04/2020,-2780,-48610500,17.5(6.71 %),2220,36963000,5000,85573500,20214652,7.78
06/04/2020,-2000,-37400000,18.7(6.86 %),1000,18700000,3000,56100000,20216652,7.78
07/04/2020,9650,193000000,20(6.95 %),9810,196200000,160,3200000,20207002,7.8
08/04/2020,16010,318410000,20.6(3.00 %),16010,318410000,0,0,20207912,7.8
09/04/2020,13830,284833000,20.5(-0.49 %),19830,408383000,6000,123550000,20177162,7.86
10/04/2020,3940,78950000,19.95(-2.68 %),3950,79150000,10,200000,20187292,7.84
13/04/2020,-4910,-98200000,19.95(0.00 %),90,1800000,5000,100000000,20187202,7.84
14/04/2020,11200,226160000,20.3(1.75 %),11200,226160000,0,0,20182015,7.85
15/04/2020,0,0,21.3(4.93 %),0,0,0,0,20166932,7.88
16/04/2020,-3730,-76520000,21.2(-0.47 %),9300,197360000,13030,273880000,20177725,7.86
17/04/2020,-4100,-90730000,21.9(3.30 %),3850,82580000,7950,173310000,20173875,7.87
20/04/2020,-8950,-205402000,22.7(3.65 %),30,681000,8980,206083000,20183712,7.85
21/04/2020,5000,109150000,21.15(-6.83 %),6900,150950000,1900,41800000,20178712,7.86
22/04/2020,10400,220280000,21.7(2.60 %),10400,220280000,0,0,20177525,7.86
23/04/2020,9800,215520000,22(1.38 %),9800,215520000,0,0,20176705,7.86
24/04/2020,1920,42060500,22(0.00 %),1920,42060500,0,0,20156592,7.9
27/04/2020,2010,44226500,22.4(1.82 %),2010,44226500,0,0,20154582,7.91
28/04/2020,60,1344000,22.7(1.34 %),60,1344000,0,0,20154522,7.91
29/04/2020,32900,764019000,22.85(0.66 %),32900,764019000,0,0,20121622,7.97
04/05/2020,33770,797790500,23.5(2.84 %),33770,797790500,0,0,20141715,7.93
05/05/2020,150,3530000,23.5(0.00 %),150,3530000,0,0,20107795,8.0
06/05/2020,32650,774807000,23.95(1.91 %),32650,774807000,0,0,20108915,8.0
07/05/2020,54010,1306800000,24.25(1.25 %),54010,1306800000,0,0,20021135,8.18
08/05/2020,28830,718230000,24.6(1.44 %),28910,720220000,80,1990000,19992225,8.24
11/05/2020,51240,1099865580,25.1(2.03 %),51240,1099865580,0,0,19974835,8.27
12/05/2020,35950,939263000,26.2(4.38 %),35950,939263000,0,0,19938885,8.34
13/05/2020,49100,1309685000,26.75(2.10 %),49100,1309685000,0,0,19889785,8.45
14/05/2020,3950,98800000,26.25(-1.87 %),3950,98800000,0,0,19852065,8.52
15/05/2020,450,11570000,25.9(-1.33 %),450,11570000,0,0,19851615,8.52
18/05/2020,980,25140000,25.55(-1.35 %),980,25140000,0,0,19884405,8.46
19/05/2020,0,0,26.4(3.33 %),0,0,0,0,19884405,8.46
20/05/2020,3500,92537500,26.7(1.14 %),3500,92537500,0,0,19880905,8.46
21/05/2020,2650,70350000,26.5(-0.75 %),2650,70350000,0,0,19844485,8.54
22/05/2020,5460,144670000,26.4(-0.38 %),5600,148350000,140,3680000,19838885,8.55
25/05/2020,2630,69736000,26.8(1.52 %),4780,126496000,2150,56760000,19870165,8.49
26/05/2020,-8830,-238540000,27.1(1.12 %),3170,85600000,12000,324140000,19830935,8.57
27/05/2020,-7420,-202907000,27.25(0.55 %),4200,114680000,11620,317587000,19886415,8.45
28/05/2020,-17490,-476450000,27(-0.92 %),650,17600000,18140,494050000,19828375,8.57
29/05/2020,-25870,-688680000,26.7(-1.11 %),510,13590000,26380,702270000,19839865,8.55
01/06/2020,-1120,-30240500,26.5(-0.75 %),5690,151287500,6810,181528000,19851485,8.52
02/06/2020,27330,728035000,26.7(0.75 %),33160,883113000,5830,155078000,19824155,8.58
03/06/2020,20120,537776000,26.7(0.00 %),21050,562629500,930,24853500,19804035,8.62
04/06/2020,19500,520280000,26.8(0.37 %),23900,637750000,4400,117470000,19819015,8.59
05/06/2020,0,0,28.65(6.90 %),0,0,0,0,19784535,8.66
08/06/2020,-4950,-148906500,29.95(4.54 %),6440,193015500,11390,341922000,19789485,8.65
09/06/2020,0,0,29.5(-1.50 %),0,0,0,0,19789485,8.65
10/06/2020,-8890,-254240000,28.95(-1.86 %),6110,174920000,15000,429160000,19704935,8.82
11/06/2020,2360,68260000,26.95(-6.91 %),3760,106950000,1400,38690000,19712565,8.81
12/06/2020,-10900,-281310000,26.75(-0.74 %),14580,381270000,25480,662580000,19705435,8.82
15/06/2020,3600,94830000,26.2(-2.06 %),7460,197800000,3860,102970000,19712975,8.81
16/06/2020,-2850,-74015000,27.5(4.96 %),2850,76180000,5700,150195000,19806165,8.62
17/06/2020,43190,1081774850,28.8(4.73 %),43190,1081774850,0,0,19762975,8.7
18/06/2020,-15050,-425497500,28.8(0.00 %),17450,499370500,32500,924868000,19778025,8.67
19/06/2020,43760,1304543000,30.3(5.21 %),53490,1595753000,9730,291210000,19734265,8.76
22/06/2020,-22150,-683160000,30.8(1.65 %),3910,122820000,26060,805980000,19628525,8.98
23/06/2020,-3710,-112248000,30.55(-0.81 %),2800,86240000,6510,198488000,19760125,8.71
24/06/2020,15650,478480000,30(-1.80 %),16790,512480000,1140,34000000,19651165,8.93
25/06/2020,-40210,-1172232500,29.5(-1.67 %),0,0,40210,1172232500,19784685,8.66
26/06/2020,-17760,-518037500,28.85(-2.20 %),1560,45948000,19320,563985500,19802445,8.62
29/06/2020,-17760,-518037500,27.3(-5.37 %),1560,45948000,19320,563985500,19820205,8.59
30/06/2020,-17760,-518037500,25.8(-5.49 %),1560,45948000,19320,563985500,19837965,8.55
01/07/2020,-9550,-252380000,26.2(1.55 %),5900,154290000,15450,406670000,19730625,8.77
02/07/2020,-17590,-460958500,26.35(0.57 %),2850,74300000,20440,535258500,19754115,8.72
03/07/2020,-32330,-849050000,26.3(-0.19 %),1300,34260000,33630,883310000,19761785,8.71
06/07/2020,-17810,-471570000,26.7(1.52 %),6310,167170000,24120,638740000,19770925,8.69
07/07/2020,20910,571557500,27.2(1.87 %),30390,830619000,9480,259061500,19783345,8.66
08/07/2020,-11140,-302356000,27.05(-0.55 %),0,0,11140,302356000,19794485,8.64
09/07/2020,4510,123789500,27.45(1.48 %),4510,123789500,0,0,19789975,8.65
10/07/2020,59230,1618590000,27.45(0.00 %),61080,1668950000,1850,50360000,19762615,8.7
13/07/2020,660,18080000,27.4(-0.18 %),2260,61630000,1600,43550000,19771495,8.69
14/07/2020,-290,-7757000,27.2(-0.73 %),2500,68512500,2790,76269500,19730375,8.77
15/07/2020,-1280,-34910000,27.6(1.47 %),0,0,1280,34910000,19770845,8.69
16/07/2020,2200,61690000,27.5(-0.36 %),7620,209560000,5420,147870000,19764825,8.7
17/07/2020,32660,914101000,28.35(3.09 %),43160,1204951000,10500,290850000,19696795,8.84
20/07/2020,14360,404570000,27.3(-3.70 %),17560,495510000,3200,90940000,19708175,8.82
21/07/2020,4660,127303000,27.5(0.73 %),4660,127303000,0,0,19677775,8.88
22/07/2020,-1120,-30511500,27.4(-0.36 %),160,4384000,1280,34895500,19678895,8.88
23/07/2020,89810,2433657500,27.1(-1.09 %),107810,2922454500,18000,488797000,19589085,9.06
24/07/2020,78600,2038043500,25.9(-4.43 %),81550,2114872500,2950,76829000,19510485,9.22
27/07/2020,72320,1750560500,24.1(-6.95 %),75520,1830260500,3200,79700000,19438165,9.37
28/07/2020,5260,132002000,25.45(5.60 %),5260,132002000,0,0,19432905,9.38
29/07/2020,33480,842400000,24(-5.70 %),34350,864210000,870,21810000,19440215,9.36
30/07/2020,33480,842403000,24.8(3.33 %),34350,864214500,870,21811500,19365945,9.51
31/07/2020,-10270,-249390000,24.5(-1.21 %),14730,361910000,25000,611300000,19423435,9.4
03/08/2020,-30560,-758228500,25.2(2.86 %),18740,462346000,49300,1220574500,19424305,9.39
04/08/2020,-47240,-1229957000,26.2(3.97 %),2270,59376000,49510,1289333000,19471545,9.3
05/08/2020,-43230,-1136860000,26.4(0.76 %),4470,117150000,47700,1254010000,19435855,9.37
06/08/2020,-20720,-546200000,26.6(0.76 %),6340,167500000,27060,713700000,19478815,9.28
07/08/2020,-3810,-102696000,27(1.50 %),2360,64192000,6170,166888000,19539305,9.16
10/08/2020,-50950,-1377860000,27.35(1.30 %),7120,193330000,58070,1571190000,19566545,9.1
11/08/2020,13530,363099500,27.3(-0.18 %),31850,857804500,18320,494705000,19576725,9.08
12/08/2020,3580,96792000,27(-1.10 %),4060,109792000,480,13000000,19573145,9.09
13/08/2020,3390,92477500,27.35(1.30 %),6190,168362500,2800,75885000,19569755,9.1
14/08/2020,1550,42266000,27(-1.28 %),5340,144799500,3790,102533500,19568205,9.1
17/08/2020,12660,341030000,27.7(2.59 %),15050,405830000,2390,64800000,19614155,9.01
18/08/2020,620,17742000,28.6(3.25 %),1930,55066000,1310,37324000,19554925,9.13
19/08/2020,51860,1482037500,28.55(-0.17 %),52010,1486297500,150,4260000,19503065,9.23
20/08/2020,-52920,-1487210000,28(-1.93 %),3990,113300000,56910,1600510000,19565205,9.11
21/08/2020,-33690,-946200500,28.2(0.71 %),650,18200000,34340,964400500,19589675,9.06
24/08/2020,-6960,-197670000,28.9(2.48 %),9320,265420000,16280,463090000,19556695,9.12
25/08/2020,-27410,-782210000,28.35(-1.90 %),2590,74370000,30000,856580000,19611015,9.01
26/08/2020,2540,71510000,28.3(-0.18 %),2540,71510000,0,0,19642815,8.95
27/08/2020,-10080,-291273500,29.6(4.59 %),6960,201355500,17040,492629000,19631585,8.97
28/08/2020,49910,1480430000,29.2(-1.35 %),50460,1496830000,550,16400000,19631675,8.97
31/08/2020,44230,1294103000,29(-0.68 %),50640,1481489000,6410,187386000,19537445,9.16
01/09/2020,-13510,-424151500,30.95(6.72 %),38640,1187379000,52150,1611530500,19598075,9.04
03/09/2020,-11120,-345590000,31.65(2.26 %),8330,263660000,19450,609250000,19551655,9.13
04/09/2020,15880,499500000,32.4(2.37 %),16880,531150000,1000,31650000,19541185,9.16
07/09/2020,28280,920826500,31.8(-1.85 %),36640,1193751500,8360,272925000,19565035,9.11
08/09/2020,430,14105000,32.6(2.52 %),57030,1854862500,56600,1840757500,19564605,9.11
09/09/2020,-17900,-585720000,32.9(0.92 %),11150,365840000,29050,951560000,19508965,9.22
10/09/2020,2350,76750000,32(-2.74 %),6050,196450000,3700,119700000,19511275,9.22
11/09/2020,40700,1346736000,33.1(3.44 %),44930,1483096000,4230,136360000,19539455,9.16
14/09/2020,21490,734747500,34.15(3.17 %),39690,1352395500,18200,617648000,19517965,9.2
15/09/2020,11690,400898000,34(-0.44 %),12690,435298000,1000,34400000,19506275,9.23
16/09/2020,7310,247233000,33.45(-1.62 %),16340,549008000,9030,301775000,19498965,9.24
17/09/2020,-8190,-269530000,32.85(-1.79 %),1250,41700000,9440,311230000,19508155,9.22
18/09/2020,17480,577521000,32.9(0.15 %),23330,770505500,5850,192984500,19489675,9.26
21/09/2020,-1740,-57433000,32.8(-0.30 %),130,4277000,1870,61710000,19491415,9.26
22/09/2020,20140,704581500,35(6.71 %),41340,1418845500,21200,714264000,19471275,9.3
23/09/2020,-26530,-924822000,34.7(-0.86 %),6200,218950000,32730,1143772000,19497805,9.24
24/09/2020,-43440,-1495580000,34.3(-1.15 %),4150,143960000,47590,1639540000,19460195,9.32
25/09/2020,-5240,-179516500,34.2(-0.29 %),3350,115117500,8590,294634000,19546485,9.15
28/09/2020,-8050,-273507000,35.2(2.92 %),8010,278042000,16060,551549000,19554535,9.13
29/09/2020,-102290,-3543901500,34.2(-2.84 %),440,15251500,102730,3559153000,19656825,8.92
30/09/2020,1290,45810000,34.15(-0.15 %),4620,157370000,3330,111560000,19553885,9.13
01/10/2020,8780,302980000,34.15(0.00 %),14110,485100000,5330,182120000,19555835,9.13
02/10/2020,-4440,-142000000,33.6(-1.61 %),9940,342140000,14380,484140000,19648625,8.94
05/10/2020,1030,31093000,34(1.19 %),35550,1208135500,34520,1177042500,19573355,9.09
06/10/2020,-46280,-1586109000,34.2(0.59 %),7990,275299000,54270,1861408000,19619635,9.0
07/10/2020,-174210,-6005849000,34.2(0.00 %),5670,196203000,179880,6202052000,19793845,8.64
08/10/2020,-26510,-900502000,33.6(-1.75 %),1140,38978000,27650,939480000,19820355,8.59
09/10/2020,-8880,-299159500,33.55(-0.15 %),10,337000,8890,299496500,19829235,8.57
12/10/2020,1470,54190500,32.75(-2.38 %),17730,591547500,16260,537357000,19827765,8.57
13/10/2020,4280,144980000,33.3(1.68 %),15410,511250000,11130,366270000,19884491,8.46
14/10/2020,10130,329440000,32.35(-2.85 %),10130,329440000,0,0,19883251,8.46
15/10/2020,17950,577230000,31.5(-2.63 %),28900,927340000,10950,350110000,19870611,8.48
16/10/2020,9510,296726000,31(-1.59 %),10310,321646000,800,24920000,19785895,8.66
19/10/2020,15520,478446000,30.5(-1.61 %),15520,478446000,0,0,19770375,8.69
20/10/2020,54800,1705330000,31.5(3.28 %),59280,1841520000,4480,136190000,19807581,8.61
21/10/2020,16850,529281000,31.3(-0.63 %),28070,881189000,11220,351908000,19698725,8.83
22/10/2020,33270,1032647000,31(-0.96 %),37700,1169122500,4430,136475500,19665455,8.9
23/10/2020,38310,1195650000,31.3(0.97 %),38310,1195650000,0,0,19708781,8.81
26/10/2020,26500,842680000,31.9(1.92 %),28000,890530000,1500,47850000,19692001,8.85
27/10/2020,6330,198220000,31.25(-2.04 %),13220,413900000,6890,215680000,19683211,8.87
28/10/2020,-30110,-915892000,30.05(-3.84 %),51740,1570315000,81850,2486207000,19624425,8.99
29/10/2020,-19170,-562280000,29.95(-0.33 %),12030,357280000,31200,919560000,19620941,8.99
30/10/2020,4140,125920000,30.2(0.83 %),8960,269330000,4820,143410000,19618871,9.0
02/11/2020,2110,63720000,30.3(0.33 %),5070,152900000,2960,89180000,19695651,8.84
03/11/2020,7630,231883500,30.45(0.50 %),7630,231883500,0,0,19693091,8.85
04/11/2020,-29860,-943723500,31.4(3.12 %),10140,315941000,40000,1259664500,19722951,8.79
05/11/2020,13040,412635000,31.6(0.64 %),13040,412635000,0,0,19709911,8.81
06/11/2020,4040,128117000,31.95(1.11 %),4240,134497000,200,6380000,19705871,8.82
09/11/2020,44000,1447310000,33.4(4.54 %),44000,1447310000,0,0,19695581,8.84
10/11/2020,-15230,-508670000,32.7(-2.10 %),3090,103410000,18320,612080000,19692491,8.85
11/11/2020,-5160,-168801000,33.3(1.83 %),410,13430000,5570,182231000,19682261,8.87
12/11/2020,-720,-24030000,33.2(-0.30 %),370,12270000,1090,36300000,19691911,8.85
13/11/2020,13230,442428500,33.45(0.75 %),13940,466082500,710,23654000,19669751,8.89
16/11/2020,-7560,-250720000,32.8(-1.94 %),2010,66650000,9570,317370000,19699851,8.83
17/11/2020,-1170,-36564000,33.2(1.22 %),20790,686518000,21960,723082000,19678481,8.88
18/11/2020,-3250,-108687500,33.2(0.00 %),2550,85032500,5800,193720000,19681731,8.87
19/11/2020,-1740,-57333000,33.2(0.00 %),0,0,1740,57333000,19683471,8.87
20/11/2020,14390,492320000,34.5(3.92 %),16890,578270000,2500,85950000,19692951,8.85
23/11/2020,2890,97330000,34.15(-1.01 %),6780,231340000,3890,134010000,19691971,8.85
24/11/2020,-10380,-350423000,0(0.00 %),3060,103769000,13440,454192000,19676571,8.88
25/11/2020,-1460,-50030000,33.95(0.30 %),2390,80970000,3850,131000000,19690761,8.85
26/11/2020,1430,54033000,36.3(6.92 %),21890,788743000,20460,734710000,19689331,8.85
27/11/2020,-11400,-413310000,36.2(-0.28 %),2800,102360000,14200,515670000,19683401,8.87
30/11/2020,-6440,-231317500,36.15(-0.14 %),120,4313000,6560,235630500,19689841,8.85
01/12/2020,15340,547281500,37.9(4.84 %),23170,830727500,7830,283446000,19707591,8.82
02/12/2020,-2110,-78060000,37.3(-1.58 %),6200,232080000,8310,310140000,19692421,8.85
03/12/2020,2595,972490000,37.55(0.67 %),2595,972490000,0,0,19673031,8.89
04/12/2020,-10160,-377720000,36.15(-3.73 %),1400,51970000,11560,429690000,19679461,8.87
07/12/2020,60570,2192400000,35.6(-1.52 %),63050,2282580000,2480,90180000,19624721,8.99
08/12/2020,44140,1605710000,36.6(2.81 %),44140,1605710000,0,0,19580581,9.08
09/12/2020,-89,-32270000,36.25(-0.96 %),144,52950000,233,85220000,19590701,9.05
10/12/2020,-35830,-1274090000,35(-3.45 %),1700,61320000,37530,1335410000,19591481,9.05
11/12/2020,8430,294710000,35.7(2.00 %),9530,333710000,1100,39000000,19581951,9.07
14/12/2020,-3770,-135048000,35.7(0.00 %),500,18000000,4270,153048000,19621261,8.99
15/12/2020,10200,373940000,36.55(2.38 %),16230,592870000,6030,218930000,19605081,9.03
16/12/2020,-4420,-163530000,36.55(0.00 %),7980,295580000,12400,459110000,19598201,9.04
17/12/2020,-24860,-897664000,35.9(-1.78 %),170,6172500,25030,903836500,19640341,8.95
18/12/2020,-29260,-1038930000,35.35(-1.53 %),0,0,29260,1038930000,19608331,9.02
21/12/2020,-9820,-343430000,35.4(0.14 %),6300,223600000,16120,567030000,19614431,9.01
22/12/2020,12040,237019500,35.2(-0.56 %),15290,280912000,3250,43892500,19667381,8.9
23/12/2020,-150,-54390000,35.75(1.56 %),300,105880000,450,160270000,19650431,8.93
24/12/2020,-2086,-721510000,34.85(-2.52 %),27,9480000,2113,730990000,19666281,8.9
25/12/2020,-24450,-848566000,35.4(1.58 %),2440,86305500,26890,934871500,19714191,8.8
28/12/2020,-8330,-291740500,35.3(-0.28 %),8500,300900000,16830,592640500,19722521,8.79
29/12/2020,-9890,-348270000,35.15(-0.42 %),1010,35650000,10900,383920000,19683211,8.87
30/12/2020,1516,536010000,35.25(0.28 %),1697,599860000,181,63850000,19693131,8.85
31/12/2020,71150,2584124000,35.9(1.84 %),75270,2731569000,4120,147445000,19621981,8.99
04/01/2021,3500,127955000,36.6(1.95 %),13500,492955000,10000,365000000,19632091,8.97
05/01/2021,70,26080000,36.6(0.00 %),710,260420000,640,234340000,19626801,8.98
06/01/2021,9500,362130000,37.4(2.19 %),16000,602520000,6500,240390000,19621891,8.99
07/01/2021,17900,684700000,38.45(2.81 %),19800,755900000,1900,71200000,19603991,9.03
08/01/2021,-13840,-5322010000,38(-1.17 %),460,177160000,14300,5499170000,19606921,9.02
11/01/2021,-30700,-1148250000,37.1(-2.37 %),2000,74815000,32700,1223065000,19773091,8.68
12/01/2021,-1800,-65460000,37.2(0.27 %),2800,103940000,4600,169400000,19774891,8.68
13/01/2021,-73400,-2727155000,37.2(0.00 %),17500,654695000,90900,3381850000,19848291,8.53
14/01/2021,12900,482835000,38.2(2.69 %),12900,482835000,0,0,19835391,8.56
15/01/2021,-1560,-588520000,37.5(-1.83 %),500,188080000,2060,776600000,19755421,8.72
18/01/2021,-31800,-1116425000,34.9(-6.93 %),18200,634940000,50000,1751365000,19882791,8.46
19/01/2021,640,225660000,32.55(-6.73 %),1180,401250000,540,175590000,19816321,8.59
20/01/2021,-890,-288610000,32.75(0.61 %),1020,328930000,1910,617540000,19826721,8.57
21/01/2021,-17000,-563275000,33.3(1.68 %),3400,113055000,20400,676330000,19902291,7.02
22/01/2021,-8000,-263580000,33(-0.90 %),6500,215975000,14500,479555000,19910291,8.4
25/01/2021,-3450,-1124820000,33(0.00 %),2060,678440000,5510,1803260000,19870641,8.48
26/01/2021,-17500,-561100000,31.9(-3.33 %),3700,119375000,21200,680475000,19962291,8.3
27/01/2021,-1530,-486290000,30.9(-3.13 %),250,79870000,1780,566160000,19899371,8.43
28/01/2021,5800,167155000,28.75(-6.96 %),13300,383115000,7500,215960000,19971791,8.28
29/01/2021,4300,124760000,29.2(1.57 %),10400,300480000,6100,175720000,19967491,8.29
01/02/2021,-5700,-160425000,28.35(-2.91 %),16700,486960000,22400,647385000,19969721,8.28
02/02/2021,1740,496340000,28.85(1.76 %),2100,597950000,360,101610000,19939521,8.34
03/02/2021,-77300,-2260560000,29.7(2.95 %),15500,448055000,92800,2708615000,20029621,8.16
04/02/2021,-9300,-277875000,30.3(2.02 %),2100,63020000,11400,340895000,20038921,8.14
05/02/2021,-1770,-542070000,30.6(0.99 %),60,18340000,1830,560410000,19953421,8.32
08/02/2021,-60,-19080000,29.5(-3.59 %),720,218770000,780,237850000,20039021,8.14
09/02/2021,-200,-59350000,29.95(1.53 %),310,92040000,510,151390000,20047321,8.12
17/02/2021,-13400,-408390000,31.2(4.17 %),6900,212165000,20300,620555000,20072621,8.07
18/02/2021,1120,357260000,32.2(3.21 %),1280,408830000,160,51570000,20053721,8.11
19/02/2021,-130,-42870000,32.6(1.24 %),360,115200000,490,158070000,20055221,8.11
22/02/2021,-5900,-193180000,32.95(1.07 %),1100,36400000,7000,229580000,20068621,8.08
23/02/2021,8000,263305000,33(0.15 %),8000,263305000,0,0,20060621,8.1
24/02/2021,-250,-81010000,32.7(-0.91 %),310,101990000,560,183000000,20069821,8.08
25/02/2021,-4600,-149560000,32.6(-0.31 %),2000,65500000,6600,215060000,20067721,8.08
26/02/2021,-1490,-478760000,32.25(-1.07 %),510,165240000,2000,644000000,20069721,8.08
01/03/2021,-2550,-843690000,33.8(4.81 %),680,227490000,3230,1071180000,20068521,8.08
02/03/2021,-32200,-1076745000,33.8(0.00 %),3100,104510000,35300,1181255000,20107521,8.0
03/03/2021,-109900,-3735110000,34.2(1.18 %),7200,244525000,117100,3979635000,20217421,7.78
04/03/2021,-8100,-276245000,33.2(-2.92 %),1200,40435000,9300,316680000,20225521,7.76
05/03/2021,-16700,-549595000,33.3(0.30 %),1500,49650000,18200,599245000,20242221,7.73
08/03/2021,-32300,-1082170000,33.6(0.90 %),0,0,32300,1082170000,20274521,7.66
09/03/2021,32400,1079470000,33.2(-1.19 %),39600,1319420000,7200,239950000,20242121,7.73
10/03/2021,24500,814835000,33.5(0.90 %),26000,864860000,1500,50025000,20217621,7.78
11/03/2021,7400,249095000,33.9(1.19 %),11100,373060000,3700,123965000,20210221,7.79
12/03/2021,870,302660000,34.8(2.65 %),1010,351150000,140,48490000,20247111,7.72
15/03/2021,4110,1495760000,37.1(6.61 %),4810,1749830000,700,254070000,20200511,7.81
16/03/2021,830,310440000,37.5(1.08 %),1230,459840000,400,149400000,20191911,7.83
17/03/2021,18100,680320000,37.35(-0.40 %),18100,680320000,0,0,20134021,7.95
18/03/2021,23600,869995000,37(-0.94 %),29000,1072025000,5400,202030000,20110421,8.0
19/03/2021,300,109630000,36.4(-1.62 %),310,113260000,10,3630000,20154111,7.91
22/03/2021,10,2860000,36.05(-0.96 %),180,64770000,170,61910000,20152311,7.91
23/03/2021,480,173640000,36.2(0.42 %),510,184560000,30,10920000,20152611,7.91
24/03/2021,-7700,-273395000,34.4(-4.97 %),2000,70385000,9700,343780000,20110221,8.0
25/03/2021,-5200,-177625000,34.55(0.44 %),6100,212235000,11300,389860000,20115421,7.98
26/03/2021,-320,-110530000,35.1(1.59 %),370,128830000,690,239360000,20142911,7.93
29/03/2021,-1000,-35635000,35.6(1.42 %),1100,38975000,2100,74610000,20119621,7.98
30/03/2021,6500,230670000,35.5(-0.28 %),7200,255560000,700,24890000,20113121,7.99
31/03/2021,90,33260000,35.35(-0.42 %),540,191560000,450,158300000,20157171,7.9
01/04/2021,4730,1687550000,36.65(3.68 %),4970,1772180000,240,84630000,20109571,8.0
02/04/2021,270,94520000,36.5(-0.41 %),1040,376080000,770,281560000,20099871,8.02
05/04/2021,90,23510000,35.2(-3.56 %),520,179490000,430,155980000,20099171,8.02
06/04/2021,5050,1788510000,35.2(0.00 %),6020,2130980000,970,342470000,20041371,8.14
07/04/2021,210,72890000,35.25(0.14 %),310,107950000,100,35060000,24483971,7.4
08/04/2021,40,15230000,35.5(0.71 %),370,130500000,330,115270000,24484571,7.39
09/04/2021,2700,92060000,35.35(-0.42 %),7600,265415000,4900,173355000,20099971,17.81
12/04/2021,12000,419415000,35(-0.99 %),17800,622980000,5800,203565000,20087971,17.84
13/04/2021,-800,-27065000,34.5(-1.43 %),5600,195975000,6400,223040000,20088771,14.86
14/04/2021,460,155940000,34.5(0.00 %),1330,454970000,870,299030000,24459171,7.44
15/04/2021,-1900,-65860000,34.15(-1.01 %),15000,511000000,16900,576860000,20086071,0.0
16/04/2021,4800,164425000,33.5(-1.90 %),15900,541055000,11100,376630000,20081271,14.88
19/04/2021,410,135060000,33.15(-1.04 %),890,294300000,480,159240000,24440271,7.47
20/04/2021,-370,-123610000,33.4(0.75 %),120,40140000,490,163750000,24455971,7.44
22/04/2021,2470,815770000,32(-4.19 %),2970,981210000,500,165440000,24437371,7.48
23/04/2021,3200,100590000,32(0.00 %),6200,195800000,3000,95210000,20052971,14.93
26/04/2021,-13600,-422245000,30.9(-3.44 %),2200,69525000,15800,491770000,20066571,14.9
27/04/2021,5000,152700000,30.3(-1.94 %),5000,152700000,0,0,20061571,14.91
28/04/2021,1100,339720000,31(2.31 %),1160,358240000,60,18520000,24430131,7.49
29/04/2021,-1140,-358580000,31.6(1.94 %),410,126860000,1550,485440000,24441831,7.47
04/05/2021,-24500,-750445000,31.15(-1.42 %),11400,352350000,35900,1102795000,24441831,7.47
05/05/2021,3700,115595000,31.45(0.96 %),7100,222005000,3400,106410000,24438131,7.47
06/05/2021,13700,430795000,31.45(0.00 %),14000,440205000,300,9410000,24424431,7.5
07/05/2021,5500,173015000,31.1(-1.11 %),10100,315750000,4600,142735000,24418931,7.51
10/05/2021,-20800,-638475000,31.1(0.00 %),1300,40055000,22100,678530000,24439731,7.47
11/05/2021,-43700,-1373270000,31.2(0.32 %),10300,324740000,54000,1698010000,24483431,7.4
12/05/2021,790,250680000,32(2.56 %),940,298680000,150,48000000,24438531,7.47
13/05/2021,-31300,-1009210000,32(0.00 %),9400,305425000,40700,1314635000,24506831,7.36
14/05/2021,-1610,-518710000,32.05(0.16 %),70,22400000,1680,541110000,24504531,7.36
17/05/2021,-15200,-487060000,32.4(1.09 %),3800,121745000,19000,608805000,24538131,7.3
18/05/2021,-500,-16920000,32.4(0.00 %),8900,288550000,9400,305470000,24538631,7.3
19/05/2021,-1230,-400250000,32.4(0.00 %),260,84170000,1490,484420000,24548231,7.29
20/05/2021,1740,563490000,32.1(-0.93 %),2510,811810000,770,248320000,24542131,7.3
21/05/2021,1050,342590000,33.6(4.67 %),1620,530510000,570,187920000,24535211,7.31
24/05/2021,500,15495000,33.8(0.60 %),5500,185000000,5000,169505000,24522531,7.33
25/05/2021,15800,522910000,33.5(-0.89 %),21000,696750000,5200,173840000,24506731,7.36
26/05/2021,-120,-39760000,33.45(-0.15 %),0,0,120,39760000,24537011,7.31
27/05/2021,80,26630000,33.45(0.00 %),90,29970000,10,3340000,24541111,7.3
28/05/2021,470,157040000,33.45(0.00 %),810,270920000,340,113880000,24538211,7.3
31/05/2021,-1250,-409010000,32.8(-1.94 %),840,275540000,2090,684550000,24531011,7.32
01/06/2021,1500,493060000,32.4(-1.22 %),2110,692080000,610,199020000,24510011,7.35
02/06/2021,27700,884320000,32(-1.23 %),31100,992610000,3400,108290000,24503411,7.36
03/06/2021,-10700,-344830000,33.1(3.44 %),5500,179575000,16200,524405000,24514111,7.34
04/06/2021,8400,284320000,34.6(4.53 %),22900,779155000,14500,494835000,24505711,7.36
07/06/2021,1220,428910000,35.3(2.02 %),1270,446690000,50,17780000,24471611,7.42
08/06/2021,-470,-163850000,34.2(-3.12 %),60,20730000,530,184580000,24487211,7.39
09/06/2021,11700,397950000,34.25(0.15 %),12700,432050000,1000,34100000,24486511,7.39
10/06/2021,8800,306010000,36.6(6.86 %),19000,671160000,10200,365150000,24477711,7.41
11/06/2021,-930,-342150000,36.7(0.27 %),40,14710000,970,356860000,24475411,7.41
14/06/2021,-2100,-76735000,36.6(-0.27 %),0,0,2100,76735000,24489111,7.39
15/06/2021,5600,201775000,36.8(0.55 %),8900,323230000,3300,121455000,24483511,7.4
16/06/2021,9500,352245000,37.7(2.45 %),14200,525980000,4700,173735000,24474011,7.41
17/06/2021,14000,536085000,39(3.45 %),20800,795785000,6800,259700000,24460011,7.44
18/06/2021,940,366290000,39(0.00 %),1080,420780000,140,54490000,24446911,7.46
21/06/2021,340,130390000,38.2(-2.05 %),370,141920000,30,11530000,24447911,7.46
22/06/2021,7000,263010000,37.3(-2.36 %),7100,266730000,100,3720000,24440211,7.47
23/06/2021,11400,422125000,37.9(1.61 %),11400,422125000,0,0,24428811,7.49
24/06/2021,-9700,-360055000,37(-2.37 %),4300,161895000,14000,521950000,24438511,7.47
25/06/2021,-600,-22125000,36.8(-0.54 %),0,0,600,22125000,24439111,7.47
28/06/2021,1890,695430000,36.9(0.27 %),2510,923630000,620,228200000,24408611,7.52
29/06/2021,2400,90830000,37.1(0.54 %),4000,150470000,1600,59640000,24417811,7.51
30/06/2021,-600,-22695000,36.7(-1.08 %),3000,111645000,3600,134340000,24418411,7.51
01/07/2021,450,165980000,36.8(0.27 %),1120,410550000,670,244570000,24411211,7.52
02/07/2021,500,185200000,37.3(1.36 %),1500,557200000,1000,372000000,24397811,7.54
05/07/2021,-61900,-1992144000,36.65(-1.74 %),15900,587664000,77800,2579808000,24479311,7.4
06/07/2021,-9800,-356515000,36.2(-1.23 %),14200,524100000,24000,880615000,24489111,7.39
07/07/2021,19400,679365000,36.05(-0.41 %),23900,835660000,4500,156295000,24469711,7.42
08/07/2021,-15200,-134417400,34.8(-3.47 %),10500,371416500,25700,505833900,24484911,7.39
09/07/2021,1500,51070000,34(-2.30 %),2900,99720000,1400,48650000,24483411,7.4
12/07/2021,8400,2672860000,31.7(-6.76 %),8730,2779140000,330,106280000,24369711,7.59
13/07/2021,17000,549600000,32.75(3.31 %),22900,737890000,5900,188290000,24382411,7.57
14/07/2021,-440,-138880000,32.85(0.31 %),1020,338330000,1460,477210000,24363711,7.6
15/07/2021,6400,210275000,33.2(1.07 %),9000,296205000,2600,85930000,24380411,7.57
16/07/2021,-7300,-244440000,33.35(0.45 %),0,0,7300,244440000,24387711,7.56
19/07/2021,-1500,-52435000,32.8(-1.65 %),7000,227840000,8500,280275000,24389211,7.56
20/07/2021,200,8285000,33.8(3.05 %),6400,214420000,6200,206135000,24389011,7.56
21/07/2021,-3730,-1272030000,34.3(1.48 %),0,0,3730,1272030000,24375015,7.58
22/07/2021,-31000,-1094590000,35.3(2.92 %),9300,323990000,40300,1418580000,24457311,7.44
23/07/2021,-21600,-767545000,35.3(0.00 %),200,7180000,21800,774725000,24478911,7.4
26/07/2021,-100,-35440000,36.45(3.26 %),90,31990000,190,67430000,24416615,7.51
27/07/2021,-5900,-218215000,36.75(0.82 %),1100,40495000,7000,258710000,24485811,7.39
28/07/2021,-1900,-70890000,36.75(0.00 %),3900,143510000,5800,214400000,24487711,7.39
29/07/2021,-39500,-1441890000,36.75(0.00 %),900,33055000,40400,1474945000,24527211,7.32
30/07/2021,9500,343645000,36.3(-1.22 %),10600,383720000,1100,40075000,24517711,7.34
02/08/2021,18800,693680000,36.8(1.38 %),56300,2075760000,37500,1382080000,24476915,7.41
03/08/2021,65700,2411850000,37(0.54 %),65700,2411850000,0,0,24411215,7.52
04/08/2021,-16400,-628100000,38.7(4.59 %),27000,1038515000,43400,1666615000,24427615,7.49
05/08/2021,5400,209530000,38.9(0.26 %),5400,209530000,0,0,24422215,7.5
06/08/2021,91500,3556180000,39.2(0.77 %),116000,4522590000,24500,966410000,24330715,7.66
09/08/2021,-40400,-1548395000,39.4(0.51 %),13900,541530000,54300,2089925000,24371115,7.59
10/08/2021,12300,479190000,39.3(-0.25 %),56700,2213025000,44400,1733835000,24358815,7.61
11/08/2021,-11000,-433405000,38.6(-1.78 %),2700,107180000,13700,540585000,24369815,7.59
12/08/2021,-9600,-370045000,38.8(0.52 %),5100,196075000,14700,566120000,24379415,7.57
13/08/2021,16300,600628400,41.5(6.96 %),76100,3027491800,59800,2426863400,24363115,7.6
16/08/2021,-18000,-775385000,43.3(4.34 %),400,17095000,18400,792480000,24381115,7.57
17/08/2021,-28200,-1196500000,42.9(-0.92 %),500,21190000,28700,1217690000,24419515,7.51
18/08/2021,-22000,-958715000,43.75(1.98 %),4400,191330000,26400,1150045000,24403115,7.53
19/08/2021,-17100,-749885000,43.8(0.11 %),1200,52575000,18300,802460000,24420215,7.5
20/08/2021,21300,880805000,41.4(-5.48 %),28700,1196220000,7400,315415000,24398915,7.54
23/08/2021,40600,1645475000,40(-3.38 %),58800,2387860000,18200,742385000,24358315,7.61
24/08/2021,99000,3993410000,41.2(3.00 %),99600,4017550000,600,24140000,24259315,7.78
25/08/2021,23600,981970000,41.8(1.46 %),24600,1023240000,1000,41270000,24235715,7.82
26/08/2021,-10100,-427775000,41.85(0.12 %),100,4225000,10200,432000000,24245815,7.8
27/08/2021,1500,56240000,42.65(1.91 %),36500,1542665000,35000,1486425000,24244315,7.8
30/08/2021,12200,564295000,45.6(6.92 %),20100,911900000,7900,347605000,24232115,7.82
31/08/2021,109600,5069825000,45.5(-0.22 %),151100,6957625000,41500,1887800000,24122515,8.01
01/09/2021,-12200,-548120000,46(1.10 %),15400,698585000,27600,1246705000,24108599,8.03
06/09/2021,-58700,-2655240000,45.35(-1.41 %),50100,2289090000,108800,4944330000,24167299,7.93
07/09/2021,37900,1700250000,44.5(-1.87 %),55300,2478500000,17400,778250000,24129399,8.0
08/09/2021,-8400,-373550000,44.5(0.00 %),2500,111435000,10900,484985000,24137799,7.98
09/09/2021,70800,3174005000,45(1.12 %),70800,3174005000,0,0,24066999,8.1
10/09/2021,-14800,-685335000,46.8(4.00 %),8500,391335000,23300,1076670000,24081799,8.08
13/09/2021,-26800,-1239405000,46.9(0.21 %),6500,303850000,33300,1543255000,24108599,8.03
14/09/2021,85600,4017775000,47.15(0.53 %),91600,4302300000,6000,284525000,24022999,8.18
15/09/2021,10800,512650000,47.4(0.53 %),11000,522140000,200,9490000,24012199,8.2
16/09/2021,-4700,-223145000,47.7(0.63 %),1400,65940000,6100,289085000,24016899,8.19
17/09/2021,-7100,-339080000,48.1(0.84 %),0,0,7100,339080000,24023999,8.18
20/09/2021,-28000,-1328430000,47.65(-0.94 %),600,28610000,28600,1357040000,24051999,8.13
21/09/2021,-29400,-1384035000,47.5(-0.31 %),500,23250000,29900,1407285000,24081399,8.08
22/09/2021,-5400,-255530000,48(1.05 %),500,23900000,5900,279430000,24086799,8.07
23/09/2021,-16200,-773085000,48(0.00 %),1000,48205000,17200,821290000,24102999,8.04
24/09/2021,-9500,-451600000,47.4(-1.25 %),1000,48000000,10500,499600000,24112499,8.03
27/09/2021,-36800,-1733960000,47(-0.84 %),100,4635000,36900,1738595000,24149299,7.96
28/09/2021,58000,2800555000,49.5(5.32 %),69600,3344090000,11600,543535000,24091299,8.06
29/09/2021,-36800,-1832760000,49.6(0.20 %),2400,118080000,39200,1950840000,24128099,8.0
30/09/2021,-6100,-302065000,49.5(-0.20 %),0,0,6100,302065000,24134199,7.99
01/10/2021,56600,2817350000,50(1.01 %),301610,14107350500,245010,11290000500,24107119,8.04
04/10/2021,-8000,-399935000,49.9(-0.20 %),1000,49800000,9000,449735000,24115119,8.02
05/10/2021,5700,283930000,50(0.20 %),13600,677375000,7900,393445000,24109419,8.03
06/10/2021,76500,3808570000,49.8(-0.40 %),87700,4366565000,11200,557995000,24032919,0.0
07/10/2021,56100,2860515000,51.9(4.22 %),79200,4035595000,23100,1175080000,23976819,0.0
08/10/2021,57200,2932680000,50.9(-1.93 %),69800,3577680000,12600,645000000,23919619,0.0
11/10/2021,4247344,214302135088,50.2(-1.38 %),4348644,219397787088,101300,5095652000,19672275,0.0
12/10/2021,5406200,270310560000,50.5(0.60 %),5477700,273897100000,71500,3586540000,14266075,0.0
13/10/2021,31900,1602520000,50(-0.99 %),39100,1966260000,7200,363740000,14234175,0.0
14/10/2021,10000,497535000,49.65(-0.70 %),24100,1200090000,14100,702555000,14224175,0.0
15/10/2021,47400,2372740000,50.4(1.51 %),83700,4194590000,36300,1821850000,14176775,0.0
18/10/2021,46800,2361540000,50.7(0.60 %),58900,2978930000,12100,617390000,14129975,0.0
19/10/2021,-7500,-379020000,50.1(-1.18 %),0,0,7500,379020000,14137475,0.0
20/10/2021,-19700,-981245000,49.5(-1.20 %),300,14985000,20000,996230000,14157175,0.0
21/10/2021,44300,2185725000,49.4(-0.20 %),50000,2467585000,5700,281860000,14093175,0.0
22/10/2021,46400,2305405000,49.75(0.71 %),58500,2912780000,12100,607375000,14046775,0.0
25/10/2021,-49600,-2386565000,47.4(-4.72 %),6400,313760000,56000,2700325000,14096375,0.0
26/10/2021,59000,2870620000,49.4(4.22 %),67900,3298205000,8900,427585000,14037375,0.0
27/10/2021,81700,4074360000,50(1.21 %),82000,4089240000,300,14880000,13955675,0.0
28/10/2021,-2100,-103370000,49.4(-1.20 %),5400,269190000,7500,372560000,13957775,25.28
29/10/2021,-7300,-359130000,49.55(0.30 %),2000,98600000,9300,457730000,13965075,25.27
01/11/2021,-9700,-475620000,49(-1.11 %),10000,489325000,19700,964945000,14015375,25.18
02/11/2021,79800,3964530000,49.8(1.63 %),82400,4092475000,2600,127945000,13935575,25.32
03/11/2021,-4200,-203770000,49.3(-1.00 %),5300,261735000,9500,465505000,13939775,0.0
04/11/2021,-100,-102335100,49.5(0.41 %),3300,63350300,3400,165685400,13935675,0.0
05/11/2021,0,0,52.9(6.87 %),0,0,0,0,13935575,25.32
08/11/2021,-19500,-1053700000,53.9(1.89 %),400,21740000,19900,1075440000,13955075,26.29
09/11/2021,19400,1042590000,53.7(-0.37 %),21900,1174890000,2500,132300000,13935675,26.32
10/11/2021,43500,2374534500,54(0.56 %),47000,2565589000,3500,191054500,13892175,0.0
11/11/2021,-400,-20020000,52.6(-2.59 %),7000,371200000,7400,391220000,13936075,26.32
12/11/2021,56300,2989740000,53.1(0.95 %),58300,3097140000,2000,107400000,13879775,26.41
15/11/2021,5100,269770000,52.5(-1.13 %),9200,486430000,4100,216660000,13874675,26.42
16/11/2021,-1300,-66540000,53.2(1.33 %),4800,251640000,6100,318180000,13875975,26.42
17/11/2021,-74900,-3954610000,53.3(0.19 %),5900,311400000,80800,4266010000,13950875,26.29
18/11/2021,4800,259220000,53.3(0.00 %),12000,641000000,7200,381780000,13946075,26.3
19/11/2021,-18100,-961250000,52.6(-1.31 %),1900,96870000,20000,1058120000,13964175,26.27
22/11/2021,-25500,-1269785000,49.7(-5.51 %),10200,527690000,35700,1797475000,13989675,26.23
23/11/2021,-700,-33210000,52.2(5.03 %),1900,96310000,2600,129520000,13990375,26.23
24/11/2021,13900,741770000,53.4(2.30 %),19800,1053600000,5900,311830000,13976475,26.25
25/11/2021,19400,1034810000,53.4(0.00 %),20600,1098980000,1200,64170000,13957075,26.28
26/11/2021,-19900,-1040140000,53.4(0.00 %),13200,696560000,33100,1736700000,13976975,0.0
29/11/2021,0,0,57.1(6.93 %),0,0,0,0,13976975,26.25
30/11/2021,-21900,-1227410000,56.7(-0.70 %),3500,196910000,25400,1424320000,13998875,26.21
01/12/2021,-12600,-704950000,56.9(0.35 %),2000,113690000,14600,818640000,14348015,25.62
02/12/2021,-19100,-1072500000,56.3(-1.05 %),1000,56300000,20100,1128800000,14367115,25.59
03/12/2021,-25600,-1408580000,54(-4.09 %),1400,75430000,27000,1484010000,14392715,25.54
06/12/2021,-100,-35700000,50.5(-6.48 %),15700,812250000,15800,847950000,14392815,25.54
07/12/2021,1300,69090000,53(4.95 %),2900,150600000,1600,81510000,14391515,25.55
08/12/2021,-17000,-900090000,53.3(0.57 %),0,0,17000,900090000,14408515,25.52
09/12/2021,-1000,-52910000,53.8(0.94 %),100,5300000,1100,58210000,14409515,0.0
10/12/2021,-7100,-379520000,54(0.37 %),0,0,7100,379520000,14416615,25.5
13/12/2021,18900,1010730000,54(0.00 %),22100,1182380000,3200,171650000,14397715,25.53
14/12/2021,-1800,-95650000,53.8(-0.37 %),2100,113310000,3900,208960000,14399515,0.0
15/12/2021,-10300,-544760000,53.4(-0.74 %),2200,118380000,12500,663140000,14409815,0.0
16/12/2021,-7800,-410300000,53(-0.75 %),400,21120000,8200,431420000,14417615,0.0
17/12/2021,-2000,-105950000,53(0.00 %),2600,135300000,4600,241250000,14419615,0.0
20/12/2021,-2700,-139280000,52(-1.89 %),2700,143500000,5400,282780000,14422315,0.0
21/12/2021,-1200,-61070000,50.9(-2.12 %),1000,52150000,2200,113220000,14423515,0.0
22/12/2021,-7400,-379510000,50.2(-1.38 %),600,30390000,8000,409900000,14430915,0.0
23/12/2021,0,0,48.9(-2.59 %),0,0,0,0,14430915,0.0
24/12/2021,8700,429197100,50.6(3.48 %),10000,493330000,1300,64132900,14422215,0.0
27/12/2021,-2100,-106080000,51.3(1.38 %),3600,182170000,5700,288250000,14525315,25.32
28/12/2021,-8200,-418830000,51.6(0.58 %),200,10220000,8400,429050000,14533515,0.0
29/12/2021,-4500,-226060000,51.4(-0.39 %),0,0,4500,226060000,14532615,25.31
30/12/2021,-400,-20150000,50.2(-2.33 %),1500,75980000,1900,96130000,14539515,25.29
31/12/2021,-4200,-211750000,52(3.59 %),500,25000000,4700,236750000,14543515,25.29
04/01/2022,-31400,-1624520000,52(0.00 %),2200,112720000,33600,1737240000,14543215,25.29
05/01/2022,21500,1148940000,54(3.85 %),32000,1697180000,10500,548240000,14515915,25.33
06/01/2022,-7900,-419570000,53(-1.85 %),300,16160000,8200,435730000,14549215,25.28
07/01/2022,22000,1154380000,53(0.00 %),29200,1533030000,7200,378650000,14530515,25.31
10/01/2022,-1200,-72902200,52.4(-1.13 %),7800,395754800,9000,468657000,14530915,25.31
11/01/2022,-6700,-348160000,52(-0.76 %),1900,97850000,8600,446010000,14536215,25.3
12/01/2022,-8300,-420630000,51.7(-0.58 %),3300,169470000,11600,590100000,14541921,25.29
13/01/2022,0,-2100000,51.7(0.00 %),4900,247290000,4900,249390000,14545621,25.28
14/01/2022,-4200,-212610000,51.5(-0.39 %),3500,178500000,7700,391110000,14553721,25.27
17/01/2022,-600,-38035000,49(-4.85 %),3600,173100000,4200,211135000,14555021,25.27
18/01/2022,-2900,-141110000,49.05(0.10 %),200,9700000,3100,150810000,14562521,25.25
19/01/2022,-9600,-466125000,48.6(-1.02 %),0,0,9600,466125000,14566721,25.25
20/01/2022,-2300,-113730000,48.6(0.83 %),1500,72225000,3800,185955000,14568321,25.24
21/01/2022,-4700,-231160000,49.2(-0.40 %),0,0,4700,231160000,14577921,25.23
24/01/2022,-4600,-220840000,47.8(-2.85 %),1800,86600000,6400,307440000,14579921,25.23
25/01/2022,-3200,-154340000,49.25(3.03 %),1100,51760000,4300,206100000,14583571,25.22
26/01/2022,-1600,0,50.5(2.43 %),0,0,1600,0,11320526,32.69
27/01/2022,-3100,-154800000,50.3(-0.40 %),500,25060000,3600,179860000,11324326,32.68
28/01/2022,-3000,-148490000,50.3(0.00 %),0,0,3000,148490000,11325926,32.68
07/02/2022,-4700,-236550000,50.9(1.19 %),0,0,4700,236550000,11329526,32.67
08/02/2022,-8200,-427230000,53(4.13 %),900,45810000,9100,473040000,11331626,32.67
09/02/2022,-1600,-84310000,52.6(-0.75 %),1900,100040000,3500,184350000,11334426,32.67
10/02/2022,-17100,-891450000,52.4(-0.38 %),200,10460000,17300,901910000,11343326,32.65
11/02/2022,-100,-5200000,52.5(0.19 %),0,0,100,5200000,11346826,32.65
14/02/2022,48700,2647690000,54.3(3.43 %),50700,2752130000,2000,104440000,11313426,32.7
15/02/2022,-5900,-324080000,54.6(0.55 %),0,0,5900,324080000,11313526,32.7
16/02/2022,-49500,-2718140000,55(0.73 %),1000,54600000,50500,2772740000,11314526,32.7
17/02/2022,-300,-9610000,57.2(4.00 %),7400,417450000,7700,427060000,11313026,32.7
18/02/2022,8300,480730000,58.7(2.62 %),13300,766730000,5000,286000000,11350226,32.64
21/02/2022,1700,101650000,58.8(0.17 %),8800,518600000,7100,416950000,11349126,32.64
22/02/2022,7000,402840000,59.2(0.68 %),7800,448760000,800,45920000,11346326,32.65
23/02/2022,-5800,-345780000,60(1.35 %),3800,227300000,9600,573080000,11349626,32.64
24/02/2022,-3800,-221620000,59(-1.67 %),3300,194890000,7100,416510000,11347126,32.65
25/02/2022,13800,814700000,60(1.69 %),14700,867850000,900,53150000,11342026,32.65
28/02/2022,8000,487180000,61(1.67 %),9700,590500000,1700,103320000,11339426,32.66
01/03/2022,-1700,-102640000,61.5(0.82 %),2600,158550000,4300,261190000,11337726,32.66
02/03/2022,-20200,-1245480000,61.9(0.65 %),1900,117390000,22100,1362870000,11337526,32.66
03/03/2022,-18700,-1142920000,61.9(0.00 %),5700,350520000,24400,1493440000,11336126,32.66
04/03/2022,-82300,-4951750000,60.6(-2.10 %),2900,177070000,85200,5128820000,11355326,32.63
07/03/2022,-5100,-302940000,59.7(-1.49 %),500,29750000,5600,332690000,11379226,32.6
08/03/2022,-25100,-1487500000,58(-2.85 %),1300,76460000,26400,1563960000,11463126,32.47
09/03/2022,7600,432070000,59(1.72 %),7600,432070000,0,0,11461126,32.47
10/03/2022,13100,807430000,62(5.08 %),13200,813530000,100,6100000,11474326,32.45
11/03/2022,-1500,-86680000,62.5(0.81 %),7300,457950000,8800,544630000,11467026,32.46
14/03/2022,400,25510000,62(-0.80 %),4100,250490000,3700,224980000,11463107,32.47
15/03/2022,11000,665460000,62.5(0.81 %),16500,1000260000,5500,334800000,11455407,32.48
16/03/2022,-6200,-385000000,62.5(0.00 %),2400,148540000,8600,533540000,11456707,32.48
17/03/2022,-1200,-73860000,61.8(-1.12 %),700,42810000,1900,116670000,11461507,32.47
18/03/2022,-600,-36810000,61.4(-0.65 %),1700,103340000,2300,140150000,11468407,32.46
21/03/2022,-2300,-140950000,61.3(-0.16 %),1400,86050000,3700,227000000,11468907,32.46
22/03/2022,-4200,-255280000,61.1(-0.33 %),2500,153540000,6700,408820000,11468707,32.46
23/03/2022,-6700,-407310000,61.7(0.98 %),8400,519770000,15100,927080000,11464007,32.47
24/03/2022,6000,372240000,62(0.49 %),6100,378410000,100,6170000,11464607,32.47
25/03/2022,27100,1706280000,63.4(2.26 %),29100,1832080000,2000,125800000,11450607,32.49
28/03/2022,30000,2014310000,67.8(6.94 %),34400,2294880000,4400,280570000,11416307,32.54
29/03/2022,-12200,-821470000,67.8(0.00 %),3500,241200000,15700,1062670000,11414807,32.54
30/03/2022,16400,1129150000,68.5(1.03 %),19100,1315760000,2700,186610000,11400107,32.57
31/03/2022,700,46750000,66.6(-2.77 %),1100,73900000,400,27150000,11414707,32.54
01/04/2022,19900,1340980000,67.8(1.80 %),22400,1510920000,2500,169940000,11395007,32.57
04/04/2022,-1000,-66460000,68(0.29 %),1700,115790000,2700,182250000,11393707,32.58
05/04/2022,-2600,-170730000,70.6(3.82 %),6800,463680000,9400,634410000,11389407,32.58
06/04/2022,-5600,-386140000,70.6(0.00 %),3700,257730000,9300,643870000,11388407,32.58
07/04/2022,169500,11782820000,69.5(-1.56 %),181800,12636630000,12300,853810000,11218907,0.0
08/04/2022,-32300,-2173010000,68.9(-0.86 %),3200,217480000,35500,2390490000,11222107,32.84
12/04/2022,-117900,-7850080000,68.5(-0.58 %),2600,176950000,120500,8027030000,11340007,0.0
13/04/2022,-700,-48930000,69.5(1.46 %),1400,96320000,2100,145250000,11231807,32.82
14/04/2022,11200,801890000,72.5(4.32 %),13200,945490000,2000,143600000,11373207,32.61
15/04/2022,-6300,-457850000,73.4(1.24 %),3500,254880000,9800,712730000,11371807,32.61
18/04/2022,-14100,-1038570000,74(0.82 %),2400,176190000,16500,1214760000,11371407,32.61
19/04/2022,-10200,-733070000,73.7(-0.41 %),2700,198400000,12900,931470000,11378507,32.6
20/04/2022,11000,795820000,71.1(-3.53 %),14300,1035450000,3300,239630000,11368507,0.0
21/04/2022,37100,2598660000,71.1(0.00 %),41100,2882560000,4000,283900000,11352507,32.64
22/04/2022,0,-20640000,66.2(-6.89 %),9500,632090000,9500,652730000,11346307,32.65
25/04/2022,12200,756690000,61.6(-6.95 %),16300,1016670000,4100,259980000,11334007,32.67
26/04/2022,54200,3162280000,59.9(-2.76 %),57000,3325160000,2800,162880000,11286507,32.74
27/04/2022,-11500,-722780000,63.9(6.68 %),7400,443210000,18900,1165990000,11283207,32.74
28/04/2022,-10000,-642690000,64(0.16 %),4700,298630000,14700,941320000,11281307,32.75
29/04/2022,-21000,-1372790000,66.8(4.38 %),4600,298470000,25600,1671260000,11295607,32.73
04/05/2022,-3800,-254860000,67.9(1.65 %),2200,147560000,6000,402420000,11308107,32.71
05/05/2022,3300,232600000,68(0.15 %),6600,452930000,3300,220330000,11304807,0.0
06/05/2022,-4900,-332710000,67.9(-0.15 %),400,27160000,5300,359870000,11332707,32.67
09/05/2022,-2400,-147120000,61.3(-6.98 %),3300,202290000,5700,349410000,11332707,32.67
10/05/2022,-1200,-76800000,64(4.40 %),3700,236800000,4900,313600000,11334307,32.67
11/05/2022,-2600,-165030000,63.8(-0.31 %),1500,96120000,4100,261150000,11336907,0.0
12/05/2022,-6500,-401190000,59.4(-6.90 %),1900,113930000,8400,515120000,11343407,0.0
13/05/2022,3000,152690000,55.3(-6.90 %),12200,693190000,9200,540500000,11333407,32.67
16/05/2022,6000,309000000,51.5(-6.87 %),6800,350200000,800,41200000,11335007,32.67
17/05/2022,7600,416480000,54.8(6.41 %),12800,701440000,5200,284960000,11331407,32.67
18/05/2022,-4100,-227140000,55.4(1.09 %),3300,182820000,7400,409960000,11328907,32.67
19/05/2022,1300,72670000,55.9(0.90 %),3400,190060000,2100,117390000,11330707,32.67
20/05/2022,-3200,-177600000,55.5(-0.72 %),1000,55500000,4200,233100000,11337107,32.66
23/05/2022,-16600,-921300000,55.5(0.00 %),1600,88800000,18200,1010100000,11337607,32.66
24/05/2022,-1700,-94180000,55.4(-0.18 %),3300,182820000,5000,277000000,11338507,32.66
25/05/2022,-300,-17760000,59.2(6.86 %),400,23680000,700,41440000,11356227,32.63
26/05/2022,-7900,-473210000,59.9(1.18 %),2200,131780000,10100,604990000,11359027,32.63
27/05/2022,-3100,-191890000,61.9(3.34 %),0,0,3100,191890000,11359727,32.63
30/05/2022,500,31250000,62.5(0.97 %),3900,243750000,3400,212500000,11365927,32.62
31/05/2022,-5200,-325000000,62.5(0.00 %),700,43750000,5900,368750000,11368327,32.61
01/06/2022,-5000,-332500000,66.5(6.40 %),2600,172900000,7600,505400000,11369127,32.61
02/06/2022,-2200,-149600000,68(2.26 %),4800,326400000,7000,476000000,11370227,32.61
03/06/2022,-3000,-206400000,68.8(1.18 %),9500,653600000,12500,860000000,11368379,32.61
06/06/2022,3900,269840000,68(-1.16 %),10700,735340000,6800,465500000,11364679,32.62
07/06/2022,-1300,-90350000,69.5(2.21 %),12000,834000000,13300,924350000,11365179,32.62
08/06/2022,-4700,-323830000,68.9(-0.86 %),3100,213590000,7800,537420000,11368879,32.61
09/06/2022,-9500,-650750000,68.5(-0.58 %),200,13700000,9700,664450000,11381979,32.59
10/06/2022,-8100,-518400000,64(-6.57 %),1300,83200000,9400,601600000,11388479,32.58
13/06/2022,10100,601960000,59.6(-6.88 %),10100,601960000,0,0,11388079,32.58
14/06/2022,-1900,-114000000,60(0.67 %),4300,258000000,6200,372000000,11393179,32.58
15/06/2022,-400,-24000000,60(0.00 %),5700,342000000,6100,366000000,11387479,32.58
16/06/2022,-2900,-176900000,61(1.67 %),2000,122000000,4900,298900000,11391679,32.58
17/06/2022,200,12320000,61.6(0.98 %),4500,277200000,4300,264880000,11393279,32.58
20/06/2022,-15500,-972780000,63.2(2.60 %),2300,144730000,17800,1117510000,11395879,32.57
21/06/2022,-13400,-842860000,62.9(-0.47 %),900,56610000,14300,899470000,11399279,32.57
22/06/2022,-6100,-370270000,60.7(-3.50 %),700,42490000,6800,412760000,11416379,32.54
23/06/2022,-5500,-345950000,62.9(3.62 %),1000,62900000,6500,408850000,11429679,32.52
24/06/2022,-8000,-496800000,62.1(-1.27 %),0,0,8000,496800000,11436479,32.51
27/06/2022,-400,-24780000,62.7(0.97 %),1400,87360000,1800,112140000,11441579,32.5
28/06/2022,-1800,-110700000,61.5(-1.91 %),500,30750000,2300,141450000,11449079,32.49
29/06/2022,-17400,-1045930000,60.9(-0.98 %),500,30000000,17900,1075930000,11450379,32.49
30/06/2022,-2600,-152880000,58.8(-3.45 %),300,17640000,2900,170520000,11452379,32.49
01/07/2022,-900,-52920000,58.8(0.00 %),4300,252840000,5200,305760000,11465979,32.46
04/07/2022,-12400,-719120000,58(-1.36 %),4400,259540000,16800,978660000,11466079,32.46
05/07/2022,-17600,-959200000,54.5(-6.03 %),700,38150000,18300,997350000,11468979,32.46
06/07/2022,-6400,-334720000,52.3(-4.04 %),9300,486390000,15700,821110000,11476479,32.45
07/07/2022,-64200,-3242100000,50.5(-3.44 %),8100,409050000,72300,3651150000,11486679,32.43
08/07/2022,-2600,-230400000,51.2(1.39 %),1500,35840000,4100,266240000,11489279,32.43
11/07/2022,-4500,-230400000,51.2(0.00 %),700,35840000,5200,266240000,11563779,32.32
12/07/2022,1100,59290000,53.9(5.27 %),1400,75460000,300,16170000,11704179,32.1
13/07/2022,-5300,-285670000,53.9(0.00 %),1600,86240000,6900,371910000,11707779,32.1
14/07/2022,2800,147280000,52.6(-2.41 %),7000,368200000,4200,220920000,11701079,32.11
15/07/2022,-2900,-153410000,52.9(0.57 %),100,5290000,3000,158700000,11707879,32.1
18/07/2022,-17800,-943400000,53(0.19 %),700,37100000,18500,980500000,11711379,32.09
19/07/2022,5200,275080000,52.9(-0.19 %),11800,624220000,6600,349140000,11702579,32.1
20/07/2022,-10700,-576730000,53.9(1.89 %),4800,258720000,15500,835450000,11716279,32.08
21/07/2022,-2800,-151760000,54.2(0.56 %),0,0,2800,151760000,11722879,32.07
22/07/2022,-5500,-313200000,54(-0.37 %),1000,0,6500,313200000,11738379,32.05
25/07/2022,-10300,-546930000,53.1(-1.67 %),500,26550000,10800,573480000,11740679,32.04
26/07/2022,-6300,-315000000,50(-5.84 %),1100,55000000,7400,370000000,11745379,32.04
27/07/2022,7300,371570000,50.9(1.80 %),8600,437740000,1300,66170000,11747579,32.03
28/07/2022,-28100,-1433100000,51(0.20 %),3900,198900000,32000,1632000000,11751079,32.03
29/07/2022,-94200,-4681740000,49.7(-2.55 %),6900,342930000,101100,5024670000,11745479,32.04
01/08/2022,-91200,-4514400000,49.5(-0.40 %),11700,579150000,102900,5093550000,11765779,32.01
02/08/2022,600,30180000,50.3(1.62 %),3700,186110000,3100,155930000,11863179,31.86
03/08/2022,-7300,-373760000,51.2(1.79 %),12700,650240000,20000,1024000000,11953379,31.72
04/08/2022,-4100,-209510000,51.1(-0.20 %),500,25550000,4600,235060000,11955979,31.72
05/08/2022,-2700,-136890000,50.7(-0.78 %),0,0,2700,136890000,11975979,31.68
08/08/2022,7200,380160000,52.8(4.14 %),8600,454080000,1400,73920000,11971979,31.69
09/08/2022,-1400,-73500000,52.5(-0.57 %),2700,141750000,4100,215250000,11971979,31.69
10/08/2022,-33400,-1736800000,52(-0.95 %),300,15600000,33700,1752400000,11973079,31.69
11/08/2022,-6900,-358800000,52(0.00 %),0,0,6900,358800000,11977179,31.68
12/08/2022,-1600,-83840000,52.4(0.77 %),0,0,1600,83840000,12010879,31.63
15/08/2022,-900,-46890000,52.1(-0.57 %),3900,203190000,4800,250080000,12013879,31.63
16/08/2022,-2400,-125040000,52.1(0.00 %),2300,119830000,4700,244870000,12013179,31.63
17/08/2022,-9500,-493050000,51.9(-0.38 %),2500,129750000,12000,622800000,12015479,31.62
18/08/2022,-400,-20400000,51(-1.73 %),2500,127500000,2900,147900000,12017679,31.62
19/08/2022,-4400,-222640000,50.6(-0.78 %),800,40480000,5200,263120000,12028879,31.6
22/08/2022,-110600,-5419400000,49(-3.16 %),3300,161700000,113900,5581100000,12028479,31.6
23/08/2022,700,35630000,50.9(3.88 %),900,45810000,200,10180000,12032779,31.6
24/08/2022,8600,443760000,51.6(1.38 %),8600,443760000,0,0,12138079,31.44
25/08/2022,2900,154280000,53.2(3.10 %),2900,154280000,0,0,12135379,31.44
26/08/2022,-96800,-4994880000,51.6(-3.01 %),3700,190920000,100500,5185800000,12131679,31.45
29/08/2022,-105700,-5306140000,50.2(-2.71 %),0,0,105700,5306140000,12131679,31.45
30/08/2022,-9600,-482880000,50.3(0.20 %),2200,110660000,11800,593540000,12229979,31.3
31/08/2022,-1400,-72940000,52.1(3.58 %),6600,343860000,8000,416800000,12329079,31.14
05/09/2022,-800,-41280000,51.6(-0.96 %),100,5160000,900,46440000,12340779,31.13
06/09/2022,-800,-40720000,50.9(-1.36 %),1000,50900000,1800,91620000,12347779,31.12
07/09/2022,24800,1240000000,50(-1.77 %),29900,1495000000,5100,255000000,12318779,31.16
08/09/2022,-2400,-119040000,49.6(-0.80 %),4300,213280000,6700,332320000,12316279,31.16
09/09/2022,600,30300000,50.5(1.81 %),1200,60600000,600,30300000,12320179,31.16
12/09/2022,416,30300000,50.3(-0.40 %),500,60600000,84,30300000,12326379,31.15
13/09/2022,492,25550000,51(1.39 %),500,25550000,8,0,12326479,31.15
14/09/2022,1754,25550000,50.5(-0.98 %),2300,25550000,546,0,12324263,31.15
15/09/2022,36,88577000,50.5(0.00 %),100,116150000,64,27573000,0,31.15
16/09/2022,-11972,-604586000,50.5(0.00 %),0,0,11972,604586000,12324717,31.15
19/09/2022,-500,-24800000,49.6(-1.78 %),1000,49600000,1500,74400000,12325217,0.0
20/09/2022,-17577,-884123100,50.3(1.41 %),2500,125750000,20077,1009873100,12333253,31.14
21/09/2022,1373,69061900,50.3(0.00 %),1373,69061900,0,0,12333380,31.14
22/09/2022,0,69061900,50(-0.60 %),0,69061900,0,0,12353457,31.11
23/09/2022,0,69061900,49.9(-0.20 %),0,69061900,0,0,12353457,31.11
26/09/2022,-300,-14670000,48.9(-2.00 %),900,44010000,1200,58680000,12352557,31.11
27/09/2022,300,14310000,47.7(-2.45 %),300,14310000,0,0,12352257,31.11
28/09/2022,-6900,-323955000,46.95(-1.57 %),700,32865000,7600,356820000,12352757,31.11
29/09/2022,200,9160000,45.8(-2.55 %),300,13740000,100,4580000,12352457,31.11
30/09/2022,-12900,-593400000,46(0.44 %),2200,101200000,15100,694600000,12357857,31.1
03/10/2022,0,0,42.8(-6.96 %),100,4280000,100,4280000,12357857,31.1
04/10/2022,-1200,-50100000,41.75(-2.45 %),2500,104375000,3700,154475000,12370457,31.08
05/10/2022,-15300,-656370000,42.9(2.63 %),4700,201630000,20000,858000000,12365857,31.09
06/10/2022,1100,46750000,42.5(-0.93 %),1100,46750000,0,0,12368457,31.08
07/10/2022,3800,150290000,39.55(-6.94 %),3900,154245000,100,3955000,12384557,31.06
10/10/2022,300,12000000,40(1.01 %),2600,104000000,2300,92000000,12381957,31.06
11/10/2022,-2200,-83600000,38(-5.00 %),2100,79800000,4300,163400000,12379957,31.07
12/10/2022,-100,-3950000,39.5(3.95 %),400,15800000,500,19750000,12381857,31.06
13/10/2022,-21100,-813405000,38.55(-2.41 %),1400,53970000,22500,867375000,12384757,31.06
14/10/2022,1700,65790000,38.7(0.26 %),1700,65790000,0,0,12383557,31.06
17/10/2022,300,11790000,39.3(1.55 %),2900,113970000,2600,102180000,12403157,31.03
18/10/2022,-19100,-748720000,39.2(-0.25 %),900,35280000,20000,784000000,12402257,31.03
19/10/2022,8800,354265000,40.35(2.93 %),8800,354265000,0,0,12393457,0.0
20/10/2022,25200,1010980000,39.95(-1.11 %),25200,1010980000,0,0,12370857,0.0
21/10/2022,2600,107005000,38(-5.00 %),6300,249790000,3700,142785000,12388257,0.0
24/10/2022,34000,1246375000,36(-5.26 %),34000,1246375000,0,0,12350557,0.0
25/10/2022,4000,138980000,35(-2.78 %),9700,343780000,5700,204800000,12346557,0.0
26/10/2022,16700,582160000,34.5(-1.43 %),16700,582160000,0,0,12329857,0.0
27/10/2022,5800,202460000,36.3(5.22 %),10500,364625000,4700,162165000,12323012,31.15
28/10/2022,2740,97681000,35.65(-1.79 %),2840,101246000,100,3565000,12320172,31.16
31/10/2022,-29800,-1060880000,35.6(-0.28 %),6700,238520000,36500,1299400000,12318172,31.16
01/11/2022,8300,301705000,36.35(2.11 %),8500,308975000,200,7270000,12309772,31.17
02/11/2022,600,21600000,36(-1.10 %),600,21600000,0,0,12345672,31.12
03/11/2022,3800,134900000,35.5(-1.39 %),4200,149100000,400,14200000,12341672,31.13
04/11/2022,16900,591500000,35(-1.41 %),18000,630000000,1100,38500000,12323672,31.15
07/11/2022,29800,1016180000,34.1(-2.57 %),32900,1121890000,3100,105710000,12291172,31.2
08/11/2022,9700,332710000,34.3(0.59 %),9700,332710000,0,0,12282572,31.22
09/11/2022,6600,231000000,35(2.04 %),6600,231000000,0,0,12279072,31.22
10/11/2022,22500,772875000,34.35(-1.86 %),24300,834705000,1800,61830000,12254772,31.26
11/11/2022,4596,159481200,34.7(0.87 %),5300,183910000,704,24428800,12249472,31.27
14/11/2022,20952,691416000,33(-4.90 %),39100,1290300000,18148,598884000,12212172,31.32
15/11/2022,62600,1921820000,30.7(-6.97 %),64600,1983220000,2000,61400000,12148276,31.42
16/11/2022,-7100,-213000000,30(-2.28 %),25200,756000000,32300,969000000,12141224,31.43
17/11/2022,7000,214200000,30.6(2.00 %),7000,214200000,0,0,12136224,31.44
18/11/2022,24500,750925000,30.65(0.16 %),24500,750925000,0,0,12144024,31.43
21/11/2022,16600,527050000,31.75(3.42 %),17600,558800000,1000,31750000,12126424,31.45
22/11/2022,22200,704850000,31.75(-0.16 %),33000,1047750000,10800,342900000,12093424,31.51
23/11/2022,34900,1108075000,31.75(-0.16 %),34900,1108075000,0,0,12059524,31.56
24/11/2022,11900,378420000,31.8(0.16 %),12200,387960000,300,9540000,12058124,31.56
25/11/2022,37600,1195680000,31.8(0.00 %),37600,1195680000,0,0,12020524,31.62
28/11/2022,18100,609970000,33.7(5.97 %),18200,613340000,100,3370000,12002424,31.64
29/11/2022,12000,411000000,34.25(1.63 %),12600,431550000,600,20550000,11990424,31.66
30/11/2022,15800,541940000,34.3(0.00 %),18000,617400000,2200,75460000,11974624,31.69
01/12/2022,7300,250390000,34.3(0.00 %),8500,291550000,1200,41160000,11963624,31.7
02/12/2022,-100,-3460000,34.6(0.87 %),7500,259500000,7600,262960000,11963724,31.7
05/12/2022,-2900,-100920000,34.8(0.58 %),2600,90480000,5500,191400000,11966624,0.0
06/12/2022,-74600,-2730360000,36.6(5.17 %),12000,439200000,86600,3169560000,12041224,31.59
07/12/2022,8100,292005000,36.05(-1.50 %),13900,501095000,5800,209090000,12033124,0.0
08/12/2022,-24000,-849600000,35.4(-1.94 %),6200,219480000,30200,1069080000,12025124,31.61
09/12/2022,-47500,-1629250000,34.3(-3.11 %),100,3430000,47600,1632680000,12030824,31.6
12/12/2022,-43000,-1502850000,34.95(1.90 %),4900,171255000,47900,1674105000,12147624,31.42
13/12/2022,-16300,-563980000,34.6(-1.14 %),3800,131480000,20100,695460000,12163924,31.4
14/12/2022,-3300,-115335000,34.95(1.01 %),28300,989085000,31600,1104420000,12167224,31.39
15/12/2022,-30790,-1063794500,34.55(-1.29 %),3200,110560000,33990,1174354500,12198014,0.0
16/12/2022,1300,45500000,35(1.16 %),3200,112000000,1900,66500000,12196714,31.35
19/12/2022,30400,1076160000,35.4(1.14 %),30400,1076160000,0,0,12166314,0.0
20/12/2022,44400,1500720000,33.8(-4.52 %),48800,1649440000,4400,148720000,12121914,31.46
21/12/2022,4000,135000000,33.75(-0.15 %),6900,232875000,2900,97875000,12117914,31.47
22/12/2022,-1700,-56950000,33.5(-0.89 %),1700,56950000,3400,113900000,12119614,31.47
23/12/2022,-300,-10065000,33.55(0.15 %),2100,70455000,2400,80520000,12119914,0.0
26/12/2022,1000,31350000,31.35(-6.70 %),5200,163020000,4200,131670000,12118914,31.47
27/12/2022,-1400,-45010000,32.15(2.39 %),2000,64300000,3400,109310000,12120314,31.46
28/12/2022,-4464,-145526400,32.6(1.24 %),736,23993600,5200,169520000,12124778,0.0
29/12/2022,1300,41600000,32(-1.84 %),2200,70400000,900,28800000,12121378,31.46
30/12/2022,-3200,-103040000,32.2(0.62 %),600,19320000,3800,122360000,12125978,31.46
03/01/2023,-12300,-423735000,34.45(6.99 %),2700,93015000,15000,516750000,12123278,0.0
04/01/2023,1000,35100000,35.1(1.74 %),4900,171990000,3900,136890000,12123078,31.46
05/01/2023,0,0,35.1(0.00 %),6700,235170000,6700,235170000,12131378,31.45
06/01/2023,-18536,-659881600,35.6(1.42 %),2464,87718400,21000,747600000,12132814,31.45
09/01/2023,-6737,-239837200,35.6(0.00 %),2663,94802800,9400,334640000,12136851,31.44
10/01/2023,-1285,-44782250,34.85(-2.11 %),3700,128945000,4985,173727250,12154151,31.41
11/01/2023,700,25060000,35.8(2.58 %),5000,179000000,4300,153940000,12158551,31.41
12/01/2023,1300,48035000,36.95(3.21 %),2600,96070000,1300,48035000,12160936,31.4
13/01/2023,-21500,-782600000,36.4(-1.62 %),0,0,21500,782600000,12165236,31.4
16/01/2023,1200,42960000,35.8(-1.65 %),1700,60860000,500,17900000,12164836,31.4
17/01/2023,-30057,-1085057700,36.1(0.84 %),1600,57760000,31657,1142817700,12184736,31.37
18/01/2023,2700,99495000,36.85(2.08 %),2700,99495000,0,0,12182536,31.37
19/01/2023,11700,429390000,36.7(-0.54 %),11900,436730000,200,7340000,12202293,31.34
27/01/2023,300,11310000,37.7(2.72 %),500,18850000,200,7540000,12201793,31.34
30/01/2023,10200,387600000,38(0.80 %),14100,535800000,3900,148200000,12187893,31.36
31/01/2023,1462,55482900,37.95(-0.13 %),1500,56925000,38,1442100,12186593,31.36
01/02/2023,11300,427140000,37.8(-0.53 %),11500,434700000,200,7560000,12178993,31.37
02/02/2023,1200,44160000,36.8(-2.65 %),1800,66240000,600,22080000,12177231,31.38
03/02/2023,-1300,-47775000,36.75(-0.14 %),100,3675000,1400,51450000,12177331,31.38
06/02/2023,-500,-18550000,37.1(0.82 %),100,3710000,600,22260000,12177831,31.38
07/02/2023,-3000,-109500000,36.5(-1.62 %),400,14600000,3400,124100000,12178831,31.37
08/02/2023,-1300,-47255000,36.35(-0.41 %),300,10905000,1600,58160000,12179131,31.37
09/02/2023,-18200,-682500000,37.5(3.02 %),2300,86250000,20500,768750000,12180231,31.37
10/02/2023,-100,-3670000,36.7(-2.13 %),2500,91750000,2600,95420000,12179331,31.37
13/02/2023,-1400,-50960000,36.4(-0.82 %),1100,40040000,2500,91000000,12198731,31.34
14/02/2023,-900,-32580000,36.2(-0.55 %),500,18100000,1400,50680000,12200831,31.34
15/02/2023,300,10800000,36(-0.55 %),1000,36000000,700,25200000,12202331,31.34
16/02/2023,2200,80300000,36.5(1.39 %),2400,87600000,200,7300000,12201331,31.34
17/02/2023,1900,69540000,36.6(0.27 %),2100,76860000,200,7320000,12199931,31.34
20/02/2023,1600,59760000,37.35(2.05 %),1600,59760000,0,0,12198531,31.34
21/02/2023,3000,112050000,37.35(-0.13 %),3300,123255000,300,11205000,12195431,31.35
22/02/2023,-2300,-84410000,36.7(-1.87 %),100,3670000,2400,88080000,12195331,31.35
23/02/2023,1800,65610000,36.45(-0.68 %),2200,80190000,400,14580000,12193431,31.35
24/02/2023,-1100,-38995000,35.45(-2.88 %),100,3545000,1200,42540000,12194531,31.35
27/02/2023,9190,327164000,35.6(0.28 %),10000,356000000,810,28836000,12186131,31.36
28/02/2023,-500,-18000000,36(1.12 %),0,0,500,18000000,12187331,31.36
01/03/2023,-200,-7300000,36.5(1.39 %),0,0,200,7300000,12188141,31.36
02/03/2023,-400,-14580000,36.45(-0.14 %),0,0,400,14580000,12188641,31.36
03/03/2023,-100,-3580000,35.8(-1.92 %),0,0,100,3580000,12188841,31.36
06/03/2023,1400,50890000,36.35(1.54 %),2100,76335000,700,25445000,12187141,31.36
07/03/2023,-600,-21780000,36.3(-0.27 %),0,0,600,21780000,12187241,31.36
08/03/2023,-200,-7250000,36.25(-0.14 %),0,0,200,7250000,12187941,31.36
09/03/2023,5300,191860000,36.2(-0.28 %),7400,267880000,2100,76020000,12181141,31.37
10/03/2023,1200,43440000,36.2(0.00 %),1400,50680000,200,7240000,12179941,31.37
13/03/2023,-400,-14320000,35.8(-1.10 %),0,0,400,14320000,12180341,0.0
14/03/2023,18400,644000000,35(-2.23 %),19100,668500000,700,24500000,12163141,31.4
15/03/2023,-1500,-53250000,35.5(1.43 %),200,7100000,1700,60350000,12163341,31.4
16/03/2023,-500,-17650000,35.3(-0.56 %),300,10590000,800,28240000,12163741,31.4
17/03/2023,-1400,-50960000,36.4(3.12 %),2000,72800000,3400,123760000,12163441,31.4
20/03/2023,100,3665000,36.65(0.69 %),600,21990000,500,18325000,12163641,31.4
21/03/2023,900,-38995000,36.5(-0.54 %),1200,3545000,300,42540000,12165841,31.39
22/03/2023,-4700,-172630000,37.05(1.51 %),200,7180000,4900,179810000,12170541,0.0
23/03/2023,-5400,-200975000,37.5(1.08 %),0,0,5400,200975000,12175941,0.0
24/03/2023,-15700,-606745000,38.75(3.33 %),16400,631440000,32100,1238185000,12191641,0.0
27/03/2023,-3700,-143560000,38.8(0.00 %),0,0,3700,143560000,12195341,31.35
28/03/2023,-900,-34920000,38.8(0.00 %),200,7760000,1100,42680000,12196241,0.0
29/03/2023,-500,-19250000,38.5(-0.77 %),0,0,500,19250000,12195973,31.35
30/03/2023,0,-19250000,38.4(-0.26 %),0,0,0,19250000,12197073,31.35
31/03/2023,300,11610000,38.7(0.78 %),300,11610000,0,0,12197273,31.35
03/04/2023,-240,-9372000,39.05(0.90 %),3800,148390000,4040,157762000,12193473,31.35
04/04/2023,-15000,-588750000,39.25(0.38 %),0,0,15000,588750000,12193473,31.35
05/04/2023,-4800,-187680000,39.1(-0.51 %),1000,39100000,5800,226780000,12196513,31.35
06/04/2023,-11600,-454720000,39.2(0.26 %),0,0,11600,454720000,12211513,31.32
07/04/2023,2200,85800000,39(-0.51 %),2200,85800000,0,0,12215113,31.32
10/04/2023,1000,39850000,39.85(2.18 %),1000,39850000,0,0,12225713,31.3
11/04/2023,0,39850000,39.95(0.13 %),0,39850000,0,0,12225713,31.3
12/04/2023,100,4020000,40.2(0.50 %),100,4020000,0,0,12225613,31.3
13/04/2023,-100,-4295000,42.95(6.84 %),3800,163210000,3900,167505000,12221813,31.31
14/04/2023,-2000,-84000000,42(-2.33 %),0,0,2000,84000000,12221813,31.31
17/04/2023,-19200,-796800000,41.5(-1.19 %),800,33200000,20000,830000000,12224913,31.3
18/04/2023,-10700,-460100000,43(3.61 %),9300,399900000,20000,860000000,12217613,31.32
19/04/2023,-14400,-617760000,42.9(-0.23 %),300,12870000,14700,630630000,12237313,31.29
20/04/2023,-1700,-72780000,43.35(1.05 %),18300,783920000,20000,856700000,12239013,31.28
21/04/2023,1400,60200000,43(-0.92 %),1600,68800000,200,8600000,12252113,31.26
24/04/2023,1020,43605000,42.75(-0.58 %),1100,47025000,80,3420000,12271013,31.23
25/04/2023,28300,1202750000,42.5(-0.70 %),35800,1521500000,7500,318750000,12235413,31.29
26/04/2023,1400,59080000,42.2(-0.71 %),3900,164580000,2500,105500000,12231593,31.29
27/04/2023,0,240000,41.9(-0.71 %),1700,71740000,1700,71500000,12231593,0.0
28/04/2023,-18800,-789775000,42(0.24 %),1200,50410000,20000,840185000,12250393,0.0
04/05/2023,1600,67425000,42.35(0.83 %),2100,88465000,500,21040000,12238693,0.0
05/05/2023,0,0,42.5(0.35 %),0,0,0,0,12258293,31.25
08/05/2023,400,16200000,40.6(0.25 %),400,16200000,0,0,12258393,31.25
09/05/2023,-1400,-56960000,40.65(0.12 %),200,8000000,1600,64960000,12258193,31.25
10/05/2023,-10000,-407250000,40.7(0.00 %),10000,407000000,20000,814250000,12268193,0.0
11/05/2023,1100,45265000,41.2(1.23 %),2200,90640000,1100,45375000,12247593,31.27
12/05/2023,3300,137305000,41.1(-0.24 %),5100,211625000,1800,74320000,12262493,31.25
15/05/2023,200,8200000,40.6(-1.22 %),200,8200000,0,0,12262293,31.25
16/05/2023,10700,434015000,40.65(0.12 %),10800,438075000,100,4060000,12251593,31.26
17/05/2023,2600,105970000,41(0.86 %),4300,174905000,1700,68935000,12248993,31.27
18/05/2023,10600,434600000,41.4(0.98 %),10600,434600000,0,0,12238393,31.28
19/05/2023,1300,53680000,41.45(0.12 %),2000,82900000,700,29220000,12237093,31.29
22/05/2023,-3100,-128610000,41.75(0.72 %),10000,411495000,13100,540105000,12240193,31.28
23/05/2023,1400,58440000,41.75(0.00 %),2900,121065000,1500,62625000,12238793,31.28
24/05/2023,12700,531605000,41.45(-0.72 %),16300,681290000,3600,149685000,12226093,31.3
25/05/2023,5600,230850000,41(-1.09 %),13400,551265000,7800,320415000,12220493,31.31
26/05/2023,200,8200000,41(0.00 %),200,8200000,0,0,12220293,31.31
29/05/2023,-10600,-437210000,41.9(2.20 %),9800,399840000,20400,837050000,12230893,31.3
30/05/2023,2500,103685000,41.6(-0.72 %),2500,103685000,0,0,12228393,31.3
31/05/2023,-500,-20590000,41.6(0.00 %),1700,70130000,2200,90720000,12228893,31.3
01/06/2023,1500,62290000,41.6(0.00 %),1600,66480000,100,4190000,12229619,31.3
02/06/2023,7600,316740000,41.8(0.48 %),7600,316740000,0,0,12222019,31.31
05/06/2023,-17200,-713310000,41.5(-0.72 %),4600,191690000,21800,905000000,12239219,31.28
06/06/2023,3100,128750000,41.5(0.00 %),4100,170350000,1000,41600000,12236119,31.29
07/06/2023,14600,603900000,41.6(0.24 %),14900,616290000,300,12390000,12221519,31.31
08/06/2023,-300,-12495000,41.5(-0.24 %),200,8480000,500,20975000,12221819,31.31
09/06/2023,600,24720000,41.6(0.24 %),600,24720000,0,0,12221219,31.31
12/06/2023,5200,217900000,42.25(1.56 %),5500,230650000,300,12750000,12216019,31.32
13/06/2023,-5000,-211925000,42.25(0.00 %),0,0,5000,211925000,12221019,31.31
14/06/2023,-18200,-767605000,42(-0.59 %),1800,75685000,20000,843290000,12239219,31.28
15/06/2023,2200,92150000,41.4(-1.43 %),2200,92150000,0,0,12237019,31.29
16/06/2023,-9800,-405980000,41.5(0.24 %),10200,422725000,20000,828705000,12227481,31.3
19/06/2023,10200,421775000,41.3(-0.48 %),10200,421775000,0,0,12217281,31.32
20/06/2023,-10000,-412330000,41.1(-0.48 %),10000,413810000,20000,826140000,12227281,31.3
21/06/2023,-18200,-745800000,40.9(-0.49 %),5000,204815000,23200,950615000,12222281,31.31
22/06/2023,-700,-25445000,40.95(0.12 %),20500,850185000,21200,875630000,12222981,31.31
23/06/2023,3100,128610000,41.5(1.22 %),3100,128610000,0,0,12219881,31.31
26/06/2023,-5900,-244020000,41.4(-0.24 %),4000,165260000,9900,409280000,12259081,31.25
27/06/2023,-2700,-111920000,41.5(0.24 %),200,8280000,2900,120200000,12261781,31.25
28/06/2023,-26100,-1098480000,42.2(1.69 %),100,4195000,26200,1102675000,12287881,31.21
29/06/2023,1100,46140000,42(-0.47 %),1100,46140000,0,0,12286781,31.21
30/06/2023,-23100,-976075000,42.5(1.19 %),1000,42060000,24100,1018135000,12309881,31.17
03/07/2023,-31500,-1373210000,44.2(4.00 %),0,0,31500,1373210000,12295681,31.2
04/07/2023,-18600,-833065000,44.8(1.36 %),7600,340890000,26200,1173955000,12314281,31.17
05/07/2023,3200,142930000,44.75(-0.11 %),3200,142930000,0,0,12311081,31.17
06/07/2023,900,40110000,44.75(-0.11 %),1200,53535000,300,13425000,12365501,31.09
07/07/2023,-1600,-71520000,45.75(2.12 %),0,0,1600,71520000,12365501,31.09
10/07/2023,-14900,-690770000,46(0.44 %),1300,59800000,16200,750570000,12380401,31.07
11/07/2023,4800,222000000,46(0.00 %),6800,313060000,2000,91060000,12375601,31.07
12/07/2023,6300,289495000,46.4(0.87 %),8100,372420000,1800,82925000,12369301,31.08
13/07/2023,-30300,-1419340000,46.7(0.65 %),200,9300000,30500,1428640000,12399601,31.04
14/07/2023,-27300,-1278775000,47.4(1.50 %),1200,56250000,28500,1335025000,12369801,31.08
17/07/2023,-4500,-211230000,47.25(-0.32 %),1000,47270000,5500,258500000,12374301,31.08
18/07/2023,-18300,-864215000,47.2(-0.21 %),1900,89350000,20200,953565000,12392601,31.05
19/07/2023,-1600,-75120000,48(1.69 %),500,23775000,2100,98895000,12430891,30.99
20/07/2023,-19200,-921245000,48(0.00 %),800,38880000,20000,960125000,12450091,30.96
21/07/2023,-22500,-1070340000,48(0.00 %),500,23990000,23000,1094330000,12472591,30.93
24/07/2023,-20800,-999010000,48(0.00 %),200,9620000,21000,1008630000,12471691,30.93
25/07/2023,-18600,-893480000,48(0.00 %),2600,124810000,21200,1018290000,12492091,30.9
26/07/2023,-40800,-1955625000,48(0.00 %),4200,201800000,45000,2157425000,12532891,30.83
27/07/2023,600,28855000,48.1(0.21 %),900,43245000,300,14390000,12532291,30.83
28/07/2023,1000,48010000,48.2(0.21 %),1300,62450000,300,14440000,12531291,30.84
31/07/2023,-33500,-1621550000,48.2(0.00 %),4600,221835000,38100,1843385000,12564791,30.78
01/08/2023,-19800,-952670000,48.2(0.00 %),3800,183355000,23600,1136025000,12568591,30.78
02/08/2023,-23600,-1135995000,48.1(-0.21 %),1400,67295000,25000,1203290000,12592191,30.74
03/08/2023,1500,71425000,47.5(-1.25 %),1500,71425000,0,0,12590691,30.74
04/08/2023,-9800,-460990000,46.5(-2.11 %),1200,56510000,11000,517500000,12647691,30.66
07/08/2023,-5000,-236155000,47.85(2.90 %),600,28460000,5600,264615000,12652691,30.65
08/08/2023,700,33455000,47.7(-0.31 %),1300,62110000,600,28655000,12651991,30.65
09/08/2023,-18700,-935610000,50(4.82 %),8100,391125000,26800,1326735000,12670691,30.62
10/08/2023,-1200,-60205000,49.5(-1.00 %),400,19965000,1600,80170000,12671891,30.62
11/08/2023,-700,-34855000,49.1(-0.81 %),600,29060000,1300,63915000,12672591,30.62
14/08/2023,-600,-29740000,49(-0.20 %),800,38835000,1400,68575000,12681491,30.61
15/08/2023,1400,68335000,49.05(0.10 %),1400,68335000,0,0,12681391,30.61
16/08/2023,-1600,-78550000,49(-0.20 %),200,9740000,1800,88290000,12682601,30.6
17/08/2023,-10200,-494680000,48.5(-1.02 %),200,9760000,10400,504440000,12692801,30.59
18/08/2023,-25700,-1221655000,46.4(-4.33 %),800,37580000,26500,1259235000,12683401,30.6
21/08/2023,-27000,-1224790000,46.4(0.00 %),3300,149280000,30300,1374070000,12690501,30.59
22/08/2023,200,12415000,46.2(-0.43 %),7800,355930000,7600,343515000,12709201,30.56
23/08/2023,-2700,-123990000,45.4(-1.73 %),100,4560000,2800,128550000,12739401,30.52
24/08/2023,-400,-16160000,46.5(2.42 %),3000,138500000,3400,154660000,12739801,30.52
25/08/2023,-2300,-112890000,47.5(2.15 %),5000,237690000,7300,350580000,12741801,30.51
28/08/2023,-2000,-94865000,48.1(1.26 %),1800,86630000,3800,181495000,12743801,30.51
29/08/2023,2100,98815000,46.8(-2.70 %),2800,132160000,700,33345000,12747989,30.5
30/08/2023,-2000,-95075000,47.4(1.28 %),0,0,2000,95075000,12749989,30.5
31/08/2023,-5000,-237900000,47.4(0.00 %),0,0,5000,237900000,12752489,30.5
05/09/2023,12800,625545000,49.5(4.43 %),14600,713205000,1800,87660000,12739889,30.52
06/09/2023,-2600,-133830000,49.85(0.71 %),8400,416130000,11000,549960000,12742489,30.51
07/09/2023,-17500,-874600000,49.75(-0.20 %),800,40125000,18300,914725000,12737489,30.52
08/09/2023,-6800,-340120000,49.65(-0.20 %),1100,54880000,7900,395000000,12747389,30.51
11/09/2023,-35500,-1792630000,51.7(4.13 %),6900,351070000,42400,2143700000,12758789,30.49
12/09/2023,-5300,-273380000,51.6(-0.19 %),500,25870000,5800,299250000,12766189,30.48
13/09/2023,-3500,-182160000,51.3(-0.58 %),200,10400000,3700,192560000,12808389,30.41
14/09/2023,-2400,-120210000,49.9(-2.73 %),0,0,2400,120210000,12814189,30.4
15/09/2023,5500,276220000,49.9(0.00 %),7000,351600000,1500,75380000,12810889,30.41
18/09/2023,0,0,50(0.20 %),0,0,0,0,12810889,30.41
19/09/2023,-2200,-110120000,50.2(0.40 %),500,25000000,2700,135120000,12814289,30.4
20/09/2023,-2700,-137220000,52(3.59 %),1200,62470000,3900,199690000,12816989,30.4
21/09/2023,2800,143570000,52.1(0.19 %),3700,190370000,900,46800000,12814189,30.4
22/09/2023,6900,351265000,51.5(-1.15 %),6900,351265000,0,0,12810989,30.41
25/09/2023,28400,1408025000,48.1(-6.60 %),31800,1579395000,3400,171370000,12780089,30.46
26/09/2023,2200,105820000,48.3(0.42 %),3100,150280000,900,44460000,12776989,30.46
27/09/2023,2000,97030000,49.2(1.86 %),2300,111500000,300,14470000,12774989,30.46
28/09/2023,-100,-5015000,49.7(1.02 %),300,14900000,400,19915000,12775089,30.46
29/09/2023,2000,98580000,46.3(-6.84 %),3200,158520000,1200,59940000,12775789,30.46
02/10/2023,1700,84055000,49.5(6.91 %),2600,128120000,900,44065000,12773589,30.47
03/10/2023,1200,59765000,49.6(0.20 %),3300,163425000,2100,103660000,12771489,30.47
04/10/2023,-1300,-62255000,49.7(0.20 %),3700,183245000,5000,245500000,12772789,30.47
05/10/2023,-3500,-173485000,50(0.60 %),800,39860000,4300,213345000,12769989,30.47
06/10/2023,1300,65175000,50.2(0.40 %),2100,105155000,800,39980000,12768689,30.47
09/10/2023,800,40430000,51(1.59 %),800,40430000,0,0,12767889,30.47
10/10/2023,0,-580000,51.2(0.39 %),800,41020000,800,41600000,12776389,30.46
11/10/2023,-2300,-115920000,50.9(-0.59 %),1000,50940000,3300,166860000,12775389,30.46
12/10/2023,-3500,-177640000,50.3(-1.18 %),500,25400000,4000,203040000,12775689,30.46
13/10/2023,1000,50145000,50.8(0.99 %),1600,80220000,600,30075000,12777389,30.46
16/10/2023,-11000,-555040000,50(-1.57 %),700,35420000,11700,590460000,12780689,30.45
17/10/2023,-700,-35180000,48.9(-2.20 %),500,24800000,1200,59980000,12780789,30.45
18/10/2023,28100,1359725000,47.5(-2.86 %),30600,1481000000,2500,121275000,12761889,30.48
19/10/2023,-2100,-100250000,47.5(0.00 %),100,4750000,2200,105000000,12762989,30.48
20/10/2023,-2700,-127035000,48(1.05 %),200,9470000,2900,136505000,12765289,30.48
23/10/2023,-2100,-100215000,46.6(-2.92 %),200,9450000,2300,109665000,12767289,30.47
24/10/2023,-200,-9940000,46.85(0.54 %),1200,55625000,1400,65565000,12767489,30.47
25/10/2023,100,4800000,46.95(0.21 %),900,42325000,800,37525000,12768989,30.47
26/10/2023,-300,-14360000,44.7(-4.79 %),2500,112250000,2800,126610000,12769289,30.47
27/10/2023,36900,1681335000,44.6(-0.22 %),37700,1717520000,800,36185000,12732389,30.53
30/10/2023,3600,154945000,43.5(-2.47 %),8700,378780000,5100,223835000,12726489,30.54
31/10/2023,-4300,-184950000,42(-3.45 %),0,0,4300,184950000,12727289,30.54
01/11/2023,11000,454310000,41.45(-1.31 %),13600,563650000,2600,109340000,12718789,30.55
02/11/2023,-7300,-310160000,43.05(3.86 %),3700,155240000,11000,465400000,12726089,30.54
03/11/2023,1000,43080000,43.7(1.51 %),2200,95120000,1200,52040000,12725089,30.54
06/11/2023,8700,380715000,43.8(0.23 %),9500,415750000,800,35035000,12716389,30.55
07/11/2023,9300,405855000,43.75(-0.11 %),10300,449590000,1000,43735000,12707089,30.57
08/11/2023,-800,-34800000,45(2.86 %),100,4455000,900,39255000,12712889,30.56
09/11/2023,-1100,-49825000,45.15(0.33 %),700,31830000,1800,81655000,12713189,30.56
10/11/2023,-1600,-71750000,44.8(-0.78 %),0,0,1600,71750000,12714089,30.56
13/11/2023,1400,62615000,44.45(-0.78 %),1500,67050000,100,4435000,12714389,30.56
14/11/2023,-800,-35870000,44.8(0.79 %),0,0,800,35870000,12713489,30.56
15/11/2023,-100,-4535000,44.7(-0.22 %),0,0,100,4535000,12713589,30.56
16/11/2023,0,0,44.9(0.45 %),0,0,0,0,12713589,30.56
17/11/2023,-1100,-49210000,44.8(-0.22 %),300,13415000,1400,62625000,12711689,30.56
20/11/2023,600,26740000,45.2(0.89 %),600,26740000,0,0,12711189,30.56
21/11/2023,-500,-22800000,46.1(1.99 %),0,0,500,22800000,12712589,30.56
22/11/2023,-800,-36950000,46.1(0.00 %),0,0,800,36950000,12712589,30.56
23/11/2023,-300,-13830000,46.1(0.00 %),100,4615000,400,18445000,12712889,30.56
24/11/2023,1400,64440000,46.25(0.33 %),1800,82785000,400,18345000,12711489,30.56
27/11/2023,400,18520000,46.25(0.00 %),400,18520000,0,0,12711089,30.56
28/11/2023,200,9230000,46.1(-0.32 %),200,9230000,0,0,12710889,30.56
29/11/2023,-400,-18510000,46.1(0.00 %),300,13690000,700,32200000,12711289,30.56
30/11/2023,600,27645000,45.25(-1.84 %),800,36885000,200,9240000,12710689,30.56
01/12/2023,-400,-18030000,45.35(0.22 %),0,0,400,18030000,12711089,30.56
04/12/2023,-12600,-572500000,45.5(0.33 %),3300,150350000,15900,722850000,12723689,30.54
05/12/2023,600,27210000,46(1.10 %),600,27210000,0,0,12723089,30.54
06/12/2023,300,14050000,47(2.17 %),1200,55715000,900,41665000,12722789,30.54
07/12/2023,9500,448720000,47(0.00 %),12000,566400000,2500,117680000,12713289,30.56
08/12/2023,-400,-18745000,46.4(-1.28 %),1000,46500000,1400,65245000,12713689,30.56
11/12/2023,-900,-41755000,46.4(0.00 %),200,9200000,1100,50955000,12714589,30.56
12/12/2023,-6500,-299475000,46.1(-0.65 %),400,18560000,6900,318035000,12721089,30.55
13/12/2023,-25100,-1153860000,45.5(-1.30 %),0,0,25100,1153860000,12746189,30.51
14/12/2023,-4100,-186040000,44.9(-1.32 %),0,0,4100,186040000,12750289,30.5
15/12/2023,-1400,-63235000,44.9(0.00 %),1200,53515000,2600,116750000,12751689,30.5
18/12/2023,1500,67290000,44.7(-0.45 %),2800,125595000,1300,58305000,12750189,30.5
19/12/2023,-1000,-44660000,45.1(0.89 %),300,13575000,1300,58235000,12751189,30.5
20/12/2023,-17400,-776545000,45.1(0.00 %),0,0,17400,776545000,12768589,30.47
21/12/2023,-6100,-275105000,45.1(0.00 %),0,0,6100,275105000,12774689,30.46
22/12/2023,1200,53280000,44.85(-0.55 %),1200,53280000,0,0,12773489,30.47
25/12/2023,-5000,-223810000,44.8(-0.11 %),0,0,5000,223810000,12778489,30.46
26/12/2023,-1000,-44800000,44.9(0.22 %),0,0,1000,44800000,12779489,30.46
27/12/2023,600,27100000,44.85(-0.11 %),1400,62940000,800,35840000,12778889,30.46
28/12/2023,-800,-35920000,44.95(0.22 %),500,22450000,1300,58370000,12779689,30.46
29/12/2023,2400,107935000,45(0.11 %),2400,107935000,0,0,12777289,30.46
02/01/2024,-6000,-267900000,45.5(1.11 %),4000,178600000,10000,446500000,12774659,30.46
03/01/2024,-2300,-104075000,45.4(-0.22 %),0,0,2300,104075000,12779659,30.46
04/01/2024,1700,77520000,45.55(0.33 %),1700,77520000,0,0,12777959,30.46
05/01/2024,-300,-13675000,45.6(0.11 %),300,13635000,600,27310000,12778259,30.46
08/01/2024,500,22875000,45.6(0.00 %),500,22875000,0,0,12777759,30.46
09/01/2024,400,18400000,46.2(1.32 %),600,27590000,200,9190000,12784465,30.45
10/01/2024,1100,50630000,45.6(-1.30 %),2900,133970000,1800,83340000,12781565,30.45
11/01/2024,3000,137095000,45.6(0.00 %),3100,141665000,100,4570000,12778665,30.46
12/01/2024,-4800,-218115000,44.85(-1.64 %),400,18160000,5200,236275000,12774059,30.46
15/01/2024,1400,62590000,44.25(-1.34 %),1700,76015000,300,13425000,12778465,30.46
16/01/2024,-8800,-389640000,43.7(-1.24 %),2000,87250000,10800,476890000,12781665,30.45
17/01/2024,-2900,-126730000,43.7(0.00 %),0,0,2900,126730000,12781965,30.45
18/01/2024,-10500,-457935000,43.1(-1.37 %),4700,203580000,15200,661515000,12794859,30.43
19/01/2024,-25600,-1122395000,43.75(1.51 %),3400,148890000,29000,1271285000,12820459,30.39
22/01/2024,-3800,-164500000,43.3(-1.03 %),2100,90725000,5900,255225000,12824259,30.39
23/01/2024,-12400,-533425000,42.8(-1.15 %),0,0,12400,533425000,12836659,30.37
24/01/2024,8100,346590000,42.8(0.00 %),18900,809525000,10800,462935000,12828559,30.38
25/01/2024,19000,813295000,42.8(0.00 %),20000,856070000,1000,42775000,12809559,30.41
26/01/2024,4900,210875000,43.2(0.93 %),5000,215210000,100,4335000,12804659,30.42
29/01/2024,5300,232070000,43.5(0.69 %),10100,439295000,4800,207225000,12805796,30.42
30/01/2024,10500,463780000,44.8(2.99 %),10500,463780000,0,0,12795396,30.43
31/01/2024,14300,635895000,44.6(-0.45 %),14500,644860000,200,8965000,12785696,30.45
01/02/2024,36200,1627070000,45.05(1.01 %),37000,1663000000,800,35930000,12785696,30.45
02/02/2024,16700,757980000,45.1(0.11 %),17200,780835000,500,22855000,12748696,30.5
05/02/2024,15200,696885000,45.9(1.77 %),18500,847810000,3300,150925000,12716796,30.55
06/02/2024,9600,439855000,45.8(-0.22 %),9900,453655000,300,13800000,12704596,30.57
07/02/2024,26700,1217935000,45.8(0.00 %),27700,1263735000,1000,45800000,12680196,30.61
15/02/2024,52000,2389280000,46(0.44 %),55700,2559480000,3700,170200000,12624796,30.69
16/02/2024,9400,433300000,46.2(0.43 %),10900,502300000,1500,69000000,12614896,30.71
19/02/2024,12900,603875000,46.5(0.65 %),18700,872885000,5800,269010000,12599896,30.73
20/02/2024,9300,433165000,46.75(0.54 %),13500,629085000,4200,195920000,12587896,30.75
21/02/2024,14700,684735000,46.5(-0.53 %),15200,707915000,500,23180000,12578496,30.76
22/02/2024,35500,1652565000,45.7(-1.72 %),37200,1731615000,1700,79050000,12578496,30.76
23/02/2024,69100,3211805000,46.2(1.09 %),73000,3393140000,3900,181335000,12477596,30.92
26/02/2024,38900,1949270000,48.5(4.98 %),79100,3815220000,40200,1865950000,12395596,31.04
27/02/2024,41000,1979025000,48(-1.03 %),42700,2060855000,1700,81830000,12397696,31.04
28/02/2024,2700,127700000,47.3(-1.46 %),3300,156720000,600,29020000,12394996,31.04
29/02/2024,-4400,-212780000,47.8(1.06 %),1200,57380000,5600,270160000,12394196,31.05
01/03/2024,4100,197165000,47.8(0.00 %),4700,225980000,600,28815000,12389496,31.05
04/03/2024,-9500,-455060000,47.3(-1.05 %),36200,1722190000,45700,2177250000,12398996,31.04
05/03/2024,54300,2605415000,48(1.48 %),66300,3180255000,12000,574840000,12323796,31.15
06/03/2024,32200,1545775000,47.8(-0.42 %),32200,1545775000,0,0,12312496,31.17
07/03/2024,28600,1373990000,48.1(0.10 %),222500,10661885000,193900,9287895000,12283896,31.21
08/03/2024,58200,2797125000,48.2(0.21 %),58200,2797125000,0,0,12225696,31.3
11/03/2024,1600,75260000,48.45(0.52 %),3800,183835000,2200,108575000,12224096,31.31
12/03/2024,28300,1378660000,48.9(0.93 %),28400,1383530000,100,4870000,12185096,31.37
13/03/2024,30900,1529435000,49.6(1.43 %),31200,1544255000,300,14820000,12156096,31.41
14/03/2024,7800,391705000,50.3(1.41 %),7800,391705000,0,0,12148296,31.42
15/03/2024,2900,144850000,49.8(-0.99 %),3500,175210000,600,30360000,12145396,31.43
18/03/2024,-600,-28590000,48.25(-3.11 %),3100,151915000,3700,180505000,12142083,31.43
19/03/2024,1600,77925000,48.8(1.14 %),2600,126325000,1000,48400000,12140083,31.43
20/03/2024,6300,307685000,49.1(0.61 %),6400,312565000,100,4880000,12138096,31.44
21/03/2024,1500,74250000,50(1.83 %),1600,79250000,100,5000000,12136596,31.44
22/03/2024,4000,199740000,49.5(-1.00 %),4700,234635000,700,34895000,12132596,31.45
25/03/2024,1800,86815000,49(-1.01 %),5900,288425000,4100,201610000,12126383,31.45
26/03/2024,4900,239445000,49.9(1.84 %),6600,323275000,1700,83830000,12136196,31.44
27/03/2024,1200,59995000,49.95(0.10 %),1200,59995000,0,0,12123381,31.46
28/03/2024,6200,309430000,50.2(0.50 %),6200,309430000,0,0,12118881,31.47
29/03/2024,900,44990000,48.55(-3.29 %),2200,109495000,1300,64505000,12116681,31.47
01/04/2024,3200,157165000,49.25(1.44 %),3200,157165000,0,0,12113481,31.47
02/04/2024,4500,221980000,49.95(1.42 %),6400,315420000,1900,93440000,12112181,31.48
03/04/2024,9200,460020000,50.7(1.50 %),9500,475020000,300,15000000,12098881,31.5
04/04/2024,10100,502365000,49.9(-1.58 %),10100,502365000,0,0,12092881,31.51
05/04/2024,97400,4820045000,50(0.20 %),97400,4820045000,0,0,11993581,31.66
08/04/2024,23500,1172285000,50.1(0.20 %),23700,1182220000,200,9935000,11971981,31.69
09/04/2024,18800,940010000,50.2(0.20 %),20200,1010120000,1400,70110000,11953181,31.72
10/04/2024,15000,750260000,50(-0.40 %),15100,755290000,100,5030000,11938181,31.74
11/04/2024,6500,323625000,49.9(-0.20 %),9400,468260000,2900,144635000,11926781,31.76
12/04/2024,-3000,-149705000,49.5(-0.80 %),2500,124720000,5500,274425000,11924381,31.76
15/04/2024,-12200,-595895000,47(-5.05 %),3000,145055000,15200,740950000,11946881,31.73
16/04/2024,38700,1818565000,47.45(0.96 %),44300,2082175000,5600,263610000,11908181,31.79
17/04/2024,-5100,-244430000,49(3.27 %),0,0,5100,244430000,11951981,31.72
19/04/2024,-1800,-87315000,48.2(-1.63 %),1000,47100000,2800,134415000,11953781,31.72
22/04/2024,-1900,-91245000,48.35(0.31 %),500,24055000,2400,115300000,11909881,31.79
23/04/2024,-700,-33650000,48.05(-0.62 %),0,0,700,33650000,11912681,31.78
24/04/2024,-500,-24495000,48.9(1.77 %),600,28935000,1100,53430000,11956881,31.71
25/04/2024,200,9690000,49(0.20 %),500,24375000,300,14685000,11956681,31.71
26/04/2024,1800,87045000,48.55(-0.92 %),2300,111660000,500,24615000,11913481,31.78
02/05/2024,-6200,-301095000,48.7(0.31 %),700,33985000,6900,335080000,11913081,31.78
03/05/2024,-600,-29545000,49.4(1.44 %),100,4900000,700,34445000,11913481,31.78
06/05/2024,-2600,-132835000,51.9(5.06 %),300,15185000,2900,148020000,11920081,31.77
07/05/2024,-22000,-1135430000,51.7(-0.39 %),100,5190000,22100,1140620000,11920681,31.77
08/05/2024,-400,-20780000,51.8(0.19 %),400,20700000,800,41480000,11923181,31.77
09/05/2024,3200,178730000,53.6(3.47 %),7000,381740000,3800,203010000,11938281,31.74
10/05/2024,700,36620000,52.8(-1.49 %),900,47320000,200,10700000,11938181,31.74
13/05/2024,-35700,-1909570000,53(0.38 %),0,0,35700,1909570000,11941981,31.74
14/05/2024,-10900,-545340000,50(-1.96 %),2300,116210000,13200,661550000,11981781,31.68
15/05/2024,-3400,-171260000,50(0.00 %),200,10020000,3600,181280000,11985181,31.67
16/05/2024,-1500,-77490000,50.7(1.40 %),1000,50260000,2500,127750000,11986681,31.67
17/05/2024,1000,51000000,51.1(0.79 %),1000,51000000,0,0,11990185,31.66
20/05/2024,-7600,-386910000,50.5(-1.17 %),600,30350000,8200,417260000,11992045,31.66
21/05/2024,2600,129675000,49.7(-1.58 %),3600,179750000,1000,50075000,11988445,31.67
22/05/2024,400,20250000,50.6(1.81 %),1200,60250000,800,40000000,11995445,31.66
23/05/2024,1300,65200000,50.7(0.20 %),1400,70200000,100,5000000,11995045,31.66
24/05/2024,-2000,-101450000,51(0.59 %),1300,66560000,3300,168010000,11989481,31.66
27/05/2024,-2100,-108100000,52.6(3.14 %),200,10260000,2300,118360000,11994445,31.66
28/05/2024,-6800,-356770000,52(-1.14 %),0,0,6800,356770000,11997745,31.65
29/05/2024,-5600,-291650000,52.3(0.58 %),700,36300000,6300,327950000,11999345,31.65
30/05/2024,-1800,-92080000,51.3(-1.91 %),0,0,1800,92080000,12006145,31.64
31/05/2024,-2900,-149110000,50.5(-1.56 %),0,0,2900,149110000,12012445,31.63
03/06/2024,9100,467570000,51(0.99 %),13000,670320000,3900,202750000,12012445,31.63
04/06/2024,8600,439390000,51.4(0.78 %),8700,444490000,100,5100000,12003845,31.64
05/06/2024,1000,51350000,51.2(-0.39 %),2800,143990000,1800,92640000,12002845,31.64
06/06/2024,8300,425330000,51.2(0.00 %),10300,527400000,2000,102070000,11986345,31.67
07/06/2024,-3100,-157840000,51(-0.39 %),5000,255000000,8100,412840000,11983145,31.67
10/06/2024,-6900,-349590000,51.5(0.98 %),6000,308850000,12900,658440000,11990045,31.66
11/06/2024,-2027,-104390500,51.6(0.19 %),0,0,2027,104390500,11986345,31.67
12/06/2024,-3900,-201530000,51.3(-0.58 %),0,0,3900,201530000,12000145,31.65
13/06/2024,0,0,52(1.36 %),0,0,0,0,12002172,31.64
14/06/2024,-2600,-135450000,51.9(-0.19 %),3600,186850000,6200,322300000,12002472,31.64
17/06/2024,-2600,-134170000,51.4(-0.96 %),0,0,2600,134170000,12015588,31.62
18/06/2024,-4500,-231780000,51.4(0.00 %),0,0,4500,231780000,12021788,31.61
19/06/2024,200,10960000,51.7(0.58 %),2100,109600000,1900,98640000,12022288,31.61
20/06/2024,-4769,-244792800,50.9(-1.55 %),1031,53077200,5800,297870000,12025757,31.61
21/06/2024,-8000,-402990000,50.2(-1.38 %),0,0,8000,402990000,12027657,31.61
24/06/2024,-8500,-419110000,49.25(-1.89 %),1200,59670000,9700,478780000,12032257,31.6
25/06/2024,-1000,-48980000,49.3(0.10 %),400,19710000,1400,68690000,12039857,31.59
26/06/2024,-1900,-94240000,49.5(0.41 %),0,0,1900,94240000,12049557,31.57
27/06/2024,-15780,-776828000,49.8(0.61 %),0,0,15780,776828000,12050957,31.57
28/06/2024,-2900,-142825000,49.05(-1.51 %),0,0,2900,142825000,12052857,31.57
04/07/2024,-1300,-64530000,49.8(0.00 %),0,0,1300,64530000,12081937,0.0
05/07/2024,-3500,-173600000,50(0.40 %),2000,99200000,5500,272800000,12085437,0.0
08/07/2024,10800,539160000,51.2(2.40 %),12200,610000000,1400,70840000,12074637,0.0
09/07/2024,88000,4568910000,52(1.56 %),89300,4636240000,1300,67330000,11986637,0.0
10/07/2024,2200,114050000,51.8(-0.38 %),3200,165910000,1000,51860000,11984437,0.0
11/07/2024,-1700,-87660000,51.2(-1.16 %),0,0,1700,87660000,11986137,0.0
12/07/2024,-1200,-61290000,51.2(0.00 %),300,15300000,1500,76590000,11987337,0.0
15/07/2024,-800,-40470000,50.6(-1.17 %),0,0,800,40470000,11988137,0.0
16/07/2024,-100,-5030000,50.4(-0.40 %),600,30420000,700,35450000,11988237,0.0
17/07/2024,-5300,-266630000,49.15(-2.48 %),100,5030000,5400,271660000,11993537,0.0
18/07/2024,0,85000,49.9(1.53 %),200,9925000,200,9840000,11993537,0.0
19/07/2024,-1600,-78975000,49.25(-1.30 %),0,0,1600,78975000,11995137,0.0
22/07/2024,-6600,-325965000,49.5(0.51 %),1000,48685000,7600,374650000,12001737,0.0
23/07/2024,-38200,-1890105000,49.15(-0.71 %),200,9870000,38400,1899975000,12039937,0.0
24/07/2024,3800,175135000,49.15(0.00 %),5000,232835000,1200,57700000,12036137,0.0
25/07/2024,-400,-19365000,48.6(-1.12 %),100,4940000,500,24305000,12036537,0.0
26/07/2024,-2200,-107855000,48.9(0.62 %),0,0,2200,107855000,12038737,0.0
29/07/2024,0,5000,48.9(0.00 %),100,4890000,100,4885000,12038737,0.0
30/07/2024,0,5000,48.85(-0.10 %),100,4890000,100,4885000,12038737,0.0
31/07/2024,-2800,-136750000,48.9(0.10 %),300,14700000,3100,151450000,12041537,0.0
01/08/2024,-2600,-126550000,48.45(-0.92 %),0,0,2600,126550000,12041937,0.0
02/08/2024,-3200,-155040000,48.95(1.03 %),4400,213110000,7600,368150000,12045137,0.0
05/08/2024,-9100,-435955000,47.05(-3.88 %),0,0,9100,435955000,12054237,0.0
06/08/2024,-3100,-144625000,47.1(0.11 %),300,14070000,3400,158695000,12057337,0.0
07/08/2024,-2400,-113090000,46.75(-0.74 %),0,0,2400,113090000,12059737,0.0
08/08/2024,-1200,-56875000,47(0.53 %),0,0,1200,56875000,12060937,0.0
09/08/2024,-3100,-148290000,47.55(1.17 %),200,9455000,3300,157745000,12064037,0.0
12/08/2024,-400,-19015000,47.55(0.00 %),200,9515000,600,28530000,12064437,0.0
13/08/2024,-1400,-66565000,47.65(0.21 %),200,9520000,1600,76085000,12065837,0.0
14/08/2024,-1300,-62055000,47.75(0.21 %),400,19120000,1700,81175000,12067137,0.0
15/08/2024,-7600,-357800000,47.05(-1.47 %),0,0,7600,357800000,12074737,0.0
16/08/2024,800,38105000,47.7(1.38 %),800,38105000,0,0,12073937,0.0
19/08/2024,-200,-9680000,48.25(1.15 %),0,0,200,9680000,12074137,0.0
20/08/2024,0,0,48.1(-0.31 %),0,0,0,0,12074137,0.0
21/08/2024,-400,-19040000,48.05(-0.10 %),1600,77040000,2000,96080000,12074537,0.0
22/08/2024,-600,-28800000,48.1(0.10 %),400,19200000,1000,48000000,12075137,0.0
23/08/2024,-1600,-77080000,48.05(-0.10 %),0,0,1600,77080000,12076737,0.0
26/08/2024,-1200,-57620000,48.05(0.00 %),1000,48090000,2200,105710000,12077937,0.0
27/08/2024,-22800,-1107035000,48.5(0.94 %),1100,53360000,23900,1160395000,12100737,0.0
28/08/2024,-1600,-77950000,48.5(0.00 %),300,14550000,1900,92500000,12102337,0.0
29/08/2024,0,0,48.1(-0.82 %),0,0,0,0,12102337,0.0
30/08/2024,-1900,-91355000,48.15(0.10 %),0,0,1900,91355000,12104237,0.0
04/09/2024,-3700,-177835000,48.1(-0.10 %),0,0,3700,177835000,12110639,0.0
05/09/2024,-4900,-235210000,47.9(-0.42 %),0,0,4900,235210000,12115539,0.0
06/09/2024,-41900,-1979810000,47(-1.88 %),200,9415000,42100,1989225000,12157439,0.0
09/09/2024,-19700,-925920000,46.7(-0.64 %),0,0,19700,925920000,12177139,0.0
10/09/2024,-5100,-239610000,46.75(0.11 %),0,0,5100,239610000,12182239,0.0
11/09/2024,-2700,-125920000,46.3(-0.96 %),0,0,2700,125920000,12184939,0.0
12/09/2024,-52900,-2459940000,46.5(0.43 %),4200,194520000,57100,2654460000,12237839,0.0
13/09/2024,-17200,-799840000,46.45(-0.11 %),0,0,17200,799840000,12255039,0.0
16/09/2024,1700,78840000,46.5(0.11 %),4000,186000000,2300,107160000,12253339,0.0
17/09/2024,-4600,-213085000,46.7(0.43 %),0,0,4600,213085000,12257939,0.0
18/09/2024,-40600,-1888965000,46.5(-0.43 %),100,4660000,40700,1893625000,12298539,0.0
19/09/2024,-16800,-781280000,46.8(0.65 %),100,4680000,16900,785960000,12315339,0.0
20/09/2024,-400,-18840000,47(0.43 %),0,0,400,18840000,12315739,0.0
23/09/2024,-4200,-197685000,47(0.00 %),0,0,4200,197685000,12319939,0.0
24/09/2024,-1200,-56425000,47.05(0.11 %),0,0,1200,56425000,12321139,0.0
25/09/2024,0,0,47.1(0.11 %),0,0,0,0,12321139,0.0
26/09/2024,0,0,47(-0.21 %),0,0,0,0,12321139,0.0
27/09/2024,8200,385165000,47(0.00 %),8200,385165000,0,0,12312939,0.0
30/09/2024,-2000,-93765000,47.05(0.11 %),0,0,2000,93765000,12314939,0.0
01/10/2024,0,0,46.9(-0.32 %),0,0,0,0,12318589,0.0
02/10/2024,-17000,-794750000,46.75(-0.32 %),0,0,17000,794750000,12335589,0.0
03/10/2024,-42200,-1967245000,46.5(-0.53 %),0,0,42200,1967245000,12377789,0.0
04/10/2024,-3400,-158125000,46.35(-0.32 %),0,0,3400,158125000,12381189,0.0
07/10/2024,200,9300000,46.5(0.32 %),200,9300000,0,0,12380989,0.0
08/10/2024,-500,-23250000,47.25(1.61 %),0,0,500,23250000,12381489,0.0
09/10/2024,0,0,47.25(0.00 %),0,0,0,0,12381489,0.0
10/10/2024,-900,-42705000,47.45(0.42 %),0,0,900,42705000,12382389,0.0
11/10/2024,700,33725000,47.65(0.42 %),700,33725000,0,0,12381689,0.0
14/10/2024,-500,-24220000,48.1(0.94 %),300,14340000,800,38560000,12382189,0.0
15/10/2024,0,0,48(-0.21 %),0,0,0,0,12382189,0.0
16/10/2024,0,0,48.2(0.42 %),0,0,0,0,12382189,0.0
17/10/2024,-900,-43245000,48(-0.41 %),0,0,900,43245000,12383089,0.0
18/10/2024,0,0,48.15(0.31 %),0,0,0,0,12383089,0.0
21/10/2024,800,38130000,47.45(-1.45 %),800,38130000,0,0,12382289,0.0
22/10/2024,-1400,-66430000,46.4(-2.21 %),0,0,1400,66430000,12383689,0.0
23/10/2024,-500,-23175000,46(-0.86 %),0,0,500,23175000,12384189,0.0
24/10/2024,-3200,-145600000,45.75(-0.54 %),0,0,3200,145600000,12387389,0.0
25/10/2024,-500,-22900000,45.9(0.33 %),300,13780000,800,36680000,12387889,0.0
28/10/2024,-1200,-55005000,45.7(-0.44 %),200,9115000,1400,64120000,12389089,0.0
29/10/2024,100,4565000,45.75(0.11 %),100,4565000,0,0,12388989,0.0
30/10/2024,0,0,46.1(0.77 %),0,0,0,0,12388989,0.0
31/10/2024,-5300,-242740000,45.8(-0.65 %),0,0,5300,242740000,12394289,0.0
01/11/2024,300,13470000,45.75(-0.11 %),300,13470000,0,0,12391049,0.0
04/11/2024,1800,80970000,45.5(-0.55 %),1800,80970000,0,0,12389249,0.0
05/11/2024,-4700,-210560000,45.3(-0.44 %),0,0,4700,210560000,12393949,0.0
06/11/2024,-4400,-199230000,45.75(0.99 %),200,9120000,4600,208350000,12398349,0.0
07/11/2024,-300,-13725000,45.65(-0.22 %),1000,45750000,1300,59475000,12398649,0.0
08/11/2024,100,5650000,46.1(0.99 %),2600,120030000,2500,114380000,12398549,0.0
11/11/2024,-1700,-78690000,46.35(0.54 %),500,22900000,2200,101590000,12400249,0.0
12/11/2024,-200,-9240000,45.85(-1.08 %),0,0,200,9240000,12475835,30.92
13/11/2024,-6000,-272700000,45.5(-0.76 %),0,0,6000,272700000,12406449,0.0
14/11/2024,-2600,-119655000,46.6(2.42 %),0,0,2600,119655000,12409049,0.0
15/11/2024,-100,-4635000,46.2(-0.86 %),0,0,100,4635000,12409149,0.0
18/11/2024,0,0,45.95(-0.54 %),0,0,0,0,12409149,0.0
19/11/2024,-800,-36600000,45.75(-0.44 %),0,0,800,36600000,12409949,0.0
20/11/2024,-300,-13680000,45.6(-0.33 %),1800,82080000,2100,95760000,12410249,0.0
21/11/2024,0,0,45.85(0.55 %),0,0,0,0,12410249,0.0
22/11/2024,-8400,-385155000,46(0.33 %),0,0,8400,385155000,12418649,0.0
25/11/2024,-3300,-151795000,46.1(0.22 %),5000,229250000,8300,381045000,12410224,31.02
26/11/2024,-9700,-448735000,46.75(1.41 %),3100,143875000,12800,592610000,12415524,31.01
27/11/2024,-21700,-1010535000,46.8(0.11 %),300,13920000,22000,1024455000,12423524,31.0
28/11/2024,100,4630000,46.8(0.00 %),200,9330000,100,4700000,12436124,30.98
29/11/2024,-2200,-105530000,48.2(2.99 %),200,9640000,2400,115170000,12457927,30.95
02/12/2024,-2300,-108975000,48.6(0.83 %),2800,136905000,5100,245880000,12455260,30.95
03/12/2024,-300,-14580000,48.8(0.41 %),200,9720000,500,24300000,12457460,30.95
04/12/2024,-8700,-422425000,48.85(0.10 %),200,9705000,8900,432130000,12462360,30.94
05/12/2024,0,0,48.7(-0.31 %),0,0,0,0,12462860,30.94
09/12/2024,100,4890000,48.3(-1.43 %),100,4890000,0,0,12471635,30.93
10/12/2024,1300,62400000,48.3(0.00 %),1300,62400000,0,0,12476035,30.92
16/12/2024,-2800,-132310000,46.7(-1.16 %),100,4715000,2900,137025000,12477609,30.92
17/12/2024,-7000,-325890000,46.55(-0.32 %),0,0,7000,325890000,12479709,30.91
18/12/2024,300,13860000,47(0.97 %),800,37360000,500,23500000,12481809,30.91
19/12/2024,500,23320000,46.5(-1.06 %),500,23320000,0,0,12488369,30.9
20/12/2024,-6900,-320850000,46.9(0.86 %),500,23250000,7400,344100000,12488369,30.9
24/12/2024,0,0,47.45(1.50 %),0,0,0,0,12492218,30.9
25/12/2024,-200,-9450000,47.4(-0.11 %),0,0,200,9450000,12494618,30.89
26/12/2024,-200,-9480000,47.7(0.63 %),300,14220000,500,23700000,12503318,30.88
27/12/2024,-400,-19055000,46.85(-1.78 %),500,23850000,900,42905000,12503018,30.88
30/12/2024,-2000,-93885000,46.85(0.00 %),100,4685000,2100,98570000,12503418,30.88
31/12/2024,0,0,47(0.32 %),0,0,0,0,12504318,30.88
02/01/2025,0,0,46.65(-0.74 %),0,0,0,0,12506418,30.87
03/01/2025,1000,46675000,46.6(-0.11 %),2600,121370000,1600,74695000,12503818,30.88
06/01/2025,-500,-23320000,46.2(-0.86 %),0,0,500,23320000,12503818,30.88
07/01/2025,-12700,-585525000,45.9(-0.65 %),0,0,12700,585525000,12503818,30.88
08/01/2025,200,9060000,46.45(1.20 %),200,9060000,0,0,12505718,30.87
09/01/2025,-200,-9280000,45.95(-1.08 %),0,0,200,9280000,12518418,30.86
10/01/2025,200,9020000,45.05(-1.96 %),300,13605000,100,4585000,12518118,30.86
13/01/2025,0,0,45.8(1.66 %),0,0,0,0,12518318,30.86
14/01/2025,-1000,-45345000,45.5(-0.66 %),100,4585000,1100,49930000,12518318,30.86
15/01/2025,-2600,-119905000,46(1.10 %),0,0,2600,119905000,12518318,30.86
16/01/2025,6500,301600000,46(0.00 %),6500,301600000,0,0,12511818,0.0
17/01/2025,0,0,46.35(0.76 %),0,0,0,0,12515518,30.86
20/01/2025,-400,-18520000,45.9(-0.97 %),0,0,400,18520000,12515518,30.86
21/01/2025,0,0,45.9(0.00 %),0,0,0,0,12515518,30.86
22/01/2025,5200,245385000,46.35(0.98 %),5200,245385000,0,0,12510714,30.87
23/01/2025,900,41930000,46.6(0.54 %),2200,101795000,1300,59865000,12508514,30.87
24/01/2025,1800,84060000,46.5(-0.21 %),1800,84060000,0,0,12506714,30.87
03/02/2025,5200,240230000,0(0.00 %),9700,447820000,4500,207590000,12498314,30.89
04/02/2025,3300,153525000,47.1(1.95 %),4000,185935000,700,32410000,12494314,30.89
05/02/2025,5100,236855000,46.6(-1.06 %),5700,265355000,600,28500000,12493114,30.89
06/02/2025,13000,610220000,47.2(1.29 %),13300,624290000,300,14070000,12480514,30.91
07/02/2025,19700,942170000,48(1.69 %),19800,946915000,100,4745000,12461314,30.94
10/02/2025,-400,-18980000,47.65(-0.73 %),300,14400000,700,33380000,12461314,30.94
11/02/2025,0,0,47(-1.36 %),0,0,0,0,12461414,30.94
12/02/2025,-900,-42770000,46.8(-0.43 %),0,0,900,42770000,12462114,30.94
13/02/2025,100,4675000,46.8(0.00 %),100,4675000,0,0,12462014,30.94
14/02/2025,-700,-32540000,46.8(0.00 %),300,14010000,1000,46550000,12462614,30.94
17/02/2025,0,0,46.5(-0.64 %),0,0,0,0,12462614,30.94
18/02/2025,-4200,-195405000,46.6(0.22 %),0,0,4200,195405000,12463614,30.94
19/02/2025,-1800,-84035000,46.9(0.64 %),0,0,1800,84035000,12463614,30.94
20/02/2025,1400,66140000,46.95(0.11 %),1600,75520000,200,9380000,12466214,30.94
21/02/2025,0,0,46.95(0.00 %),0,0,0,0,12468014,30.93
24/02/2025,-800,-37760000,47(0.11 %),0,0,800,37760000,12468214,30.93
25/02/2025,0,0,46.9(-0.21 %),0,0,0,0,12468214,30.93
26/02/2025,0,0,46.45(-0.96 %),0,0,0,0,12469014,30.93
27/02/2025,30100,1404735000,46.75(0.65 %),30400,1418745000,300,14010000,12438614,30.98
28/02/2025,24100,1130795000,47.6(1.82 %),24600,1154595000,500,23800000,12414014,31.02
03/03/2025,-200,-9630000,47.8(0.42 %),100,4770000,300,14400000,12414214,31.01
04/03/2025,15400,740755000,48.65(1.78 %),31200,1505045000,15800,764290000,12383514,31.06
05/03/2025,-800,-39410000,49.25(1.23 %),0,0,800,39410000,12383814,31.06
06/03/2025,-3100,-154795000,49.45(0.41 %),1400,69155000,4500,223950000,12398214,31.04
07/03/2025,-2000,-99400000,49.45(0.00 %),0,0,2000,99400000,12399014,31.04
10/03/2025,1900,95890000,49.45(0.00 %),3100,154730000,1200,58840000,12400414,31.04
11/03/2025,5200,254980000,49.05(-0.81 %),5200,254980000,0,0,12400414,31.04
12/03/2025,600,29420000,49.05(0.00 %),600,29420000,0,0,12397814,31.04
13/03/2025,37600,1826400000,48.05(-2.04 %),39800,1933330000,2200,106930000,12358014,31.1
14/03/2025,11600,556870000,48.2(0.31 %),11800,566480000,200,9610000,12346214,31.12
17/03/2025,-2300,-111080000,48(-0.41 %),2100,101130000,4400,212210000,12346314,31.12
18/03/2025,1400,66980000,47.8(-0.42 %),1700,81435000,300,14455000,12344814,31.12
19/03/2025,-2800,-133765000,47.75(-0.10 %),400,19090000,3200,152855000,12348814,31.11
20/03/2025,-1000,-47620000,47.9(0.31 %),0,0,1000,47620000,12349114,31.11
21/03/2025,-1600,-76560000,47.9(0.00 %),0,0,1600,76560000,12352324,31.11
24/03/2025,-19500,-927875000,47.1(-1.67 %),4400,207940000,23900,1135815000,12348924,31.11
25/03/2025,5600,265880000,47.1(0.00 %),6100,289580000,500,23700000,12344424,31.12
26/03/2025,0,-50000,47.05(-0.11 %),200,9450000,200,9500000,12368124,31.09
27/03/2025,0,0,47.35(0.64 %),800,37760000,800,37760000,12367824,31.09
28/03/2025,-1300,-60850000,47.35(0.00 %),500,23675000,1800,84525000,12367524,31.09
31/03/2025,-2200,-103195000,46.5(-1.80 %),0,0,2200,103195000,12368324,31.08
01/04/2025,-3200,-149765000,47.3(1.72 %),1700,80070000,4900,229835000,12368424,31.08
02/04/2025,700,33490000,47.1(-0.42 %),700,33490000,0,0,12369924,31.08
03/04/2025,0,0,43.85(-6.90 %),0,0,0,0,12374824,31.08
04/04/2025,5200,212160000,40.8(-6.96 %),5200,212160000,0,0,12369624,31.08
08/04/2025,15000,569255000,37.95(-6.99 %),15700,595820000,700,26565000,12353924,31.11
09/04/2025,200,7060000,35.3(-6.98 %),200,7060000,0,0,12353724,31.11
10/04/2025,19800,747450000,37.75(6.94 %),21200,800300000,1400,52850000,12333224,31.14
11/04/2025,10800,393150000,37.2(-1.46 %),14700,533035000,3900,139885000,12318524,31.16
14/04/2025,83600,3104520000,37.6(1.08 %),94600,3522280000,11000,417760000,12225324,31.3
15/04/2025,4400,163695000,36(-4.26 %),5000,186255000,600,22560000,12224224,31.31
16/04/2025,10600,366860000,33.6(-6.67 %),10700,370450000,100,3590000,12224524,31.3
17/04/2025,36900,1223995000,34(1.19 %),41100,1361555000,4200,137560000,12184024,31.37
18/04/2025,77100,2760830000,35.5(4.41 %),79800,2856330000,2700,95500000,12104324,31.49
21/04/2025,14300,503145000,35.1(-1.13 %),20600,722390000,6300,219245000,12087924,31.51
22/04/2025,9400,292190000,33.3(-5.13 %),30300,1017395000,20900,725205000,12060324,31.56
23/04/2025,-10500,-352285000,33.75(1.35 %),24900,837740000,35400,1190025000,12041724,31.58
24/04/2025,-8600,-300685000,35.5(5.19 %),44200,1552835000,52800,1853520000,12018424,31.62
25/04/2025,-25800,-919730000,35.6(0.28 %),20700,741300000,46500,1661030000,12033124,31.6
28/04/2025,-25100,-892710000,35.5(-0.28 %),12400,441675000,37500,1334385000,12073524,31.54
29/04/2025,-39900,-1420510000,35.9(1.13 %),5800,205865000,45700,1626375000,12114224,31.47
05/05/2025,8300,129715000,36(0.28 %),8300,299110000,0,169395000,12148124,31.42
06/05/2025,21400,779095000,36.7(1.94 %),25100,912645000,3700,133550000,12172424,31.38
07/05/2025,1400,52160000,37.3(1.63 %),1400,52160000,0,0,12171024,31.39
08/05/2025,-45200,-1682130000,37.2(-0.27 %),14700,548230000,59900,2230360000,12171024,31.39
09/05/2025,-1200,-43450000,37.15(-0.13 %),22900,861040000,24100,904490000,12171024,31.39
12/05/2025,-1500,-55125000,37.5(0.94 %),2600,97390000,4100,152515000,12216224,31.32
13/05/2025,-10600,-406115000,38(1.33 %),3900,149060000,14500,555175000,12217424,31.32
14/05/2025,-217800,-7659400000,35.15(-2.36 %),6400,229125000,224200,7888525000,12218924,31.31
15/05/2025,11400,-2086515000,34.6(-1.56 %),11400,399990000,0,2486505000,12229524,31.3
16/05/2025,1200,-541090000,34.3(-0.87 %),1200,41580000,0,582670000,12447324,30.96
19/05/2025,6100,-184175000,33.4(-2.62 %),6100,204550000,0,388725000,12507224,30.87
20/05/2025,57400,1680065000,35.65(6.74 %),57400,2003265000,0,323200000,12474724,30.92
21/05/2025,0,-580160000,35.25(-1.12 %),0,0,0,580160000,12480124,30.91
22/05/2025,1400,-458035000,34.9(-0.99 %),1400,49630000,0,507665000,12480124,30.91
23/05/2025,-4100,-144765000,35.15(0.72 %),0,0,4100,144765000,12496324,30.89
26/05/2025,38600,342040000,37.6(6.97 %),38600,1374520000,0,1032480000,12499524,30.88
27/05/2025,-21700,-849180000,38.9(3.46 %),3700,144420000,25400,993600000,12503624,30.88
28/05/2025,2220,-97761000,38(-2.31 %),2220,84794000,0,182555000,12503624,30.88
29/05/2025,1400,-559125000,38.5(1.32 %),1400,53650000,0,612775000,12525324,30.84
30/05/2025,17100,473075000,37.8(-1.82 %),17100,647165000,0,174090000,12515304,30.86
02/06/2025,100,-410290000,37.8(0.00 %),100,3725000,0,414015000,12529904,30.84
03/06/2025,0,-102010000,37.65(-0.40 %),0,0,0,102010000,12529904,30.84
04/06/2025,13200,201620000,37.7(0.13 %),13200,500215000,0,298595000,12535504,30.83
05/06/2025,11800,321265000,37.75(0.13 %),11800,445265000,0,124000000,12529704,30.84
06/06/2025,2100,-116715000,37.7(-0.13 %),2100,79460000,0,196175000,12529704,30.84
09/06/2025,7000,-1087500000,35.5(-5.84 %),7000,255430000,0,1342930000,12529704,30.84
10/06/2025,3900,-176250000,35.3(-0.56 %),3900,137670000,0,313920000,12532804,30.83
11/06/2025,-3000,-107120000,35.65(0.99 %),1200,42710000,4200,149830000,12563204,30.79
12/06/2025,800,28525000,35.6(-0.14 %),1000,35650000,200,7125000,12567404,30.78
13/06/2025,-2200,-78010000,35.55(-0.14 %),3100,109890000,5300,187900000,12570404,30.78
16/06/2025,5700,202950000,36(1.27 %),9600,344100000,3900,141150000,12564704,30.78
17/06/2025,-1000,-36115000,36.05(0.14 %),0,0,1000,36115000,12566904,30.78
18/06/2025,500,18010000,36(-0.14 %),700,25240000,200,7230000,12566404,30.78
19/06/2025,0,0,36(0.00 %),0,0,0,0,12567404,30.78
20/06/2025,-800,-26655000,36.8(2.22 %),9000,333035000,9800,359690000,12567404,30.78
23/06/2025,-9000,-333100000,37.5(1.90 %),0,0,9000,333100000,12567404,30.78
24/06/2025,-1100,-41100000,37.2(-0.80 %),0,0,1100,41100000,12568204,30.78
25/06/2025,-2700,-100095000,36.75(-1.21 %),0,0,2700,100095000,12577204,30.77
26/06/2025,-50300,-1828800000,36.35(-1.09 %),0,0,50300,1828800000,12578304,30.76
27/06/2025,-3300,-118595000,37(1.79 %),1700,63905000,5000,182500000,12581004,30.76
30/06/2025,-3900,-148290000,37.85(2.30 %),1400,52135000,5300,200425000,12631304,30.68
01/07/2025,600,22160000,37.15(-1.85 %),1000,37140000,400,14980000,12634004,30.68
02/07/2025,11400,441985000,38.4(3.36 %),14600,562435000,3200,120450000,12626504,30.69
03/07/2025,89500,3436315000,38.5(0.26 %),95500,3669585000,6000,233270000,12537004,30.83
04/07/2025,35700,1371400000,38.25(-0.65 %),36700,1409850000,1000,38450000,12501304,30.88
07/07/2025,68600,2619010000,37.7(-1.44 %),73600,2810125000,5000,191115000,12432704,30.99
08/07/2025,-3900,-147010000,38(0.80 %),20600,787605000,24500,934615000,12432704,30.99
09/07/2025,-2300,-88485000,38.45(1.18 %),400,15365000,2700,103850000,12432704,30.99
10/07/2025,3400,131060000,38.45(0.00 %),3400,131060000,0,0,12432704,30.99
11/07/2025,0,0,38.45(0.00 %),0,0,0,0,12435504,30.98
14/07/2025,-1300,-49500000,38.3(-0.39 %),700,26730000,2000,76230000,12435504,30.98
15/07/2025,-1200,-45680000,38.1(-0.52 %),0,0,1200,45680000,12435504,30.98
16/07/2025,-8200,-311420000,38.1(0.00 %),4400,168070000,12600,479490000,12436804,30.98
17/07/2025,12800,487975000,38.25(0.39 %),12900,491800000,100,3825000,12436804,30.98
18/07/2025,-34600,-1318485000,38.2(-0.13 %),2200,84315000,36800,1402800000,12433404,30.99
21/07/2025,6100,232525000,38.15(-0.13 %),6500,247825000,400,15300000,12427304,30.99
22/07/2025,-8500,-325865000,38.35(0.52 %),1500,57450000,10000,383315000,12461904,30.94
23/07/2025,1000,38245000,38.5(0.39 %),4000,153600000,3000,115355000,12460904,30.94
24/07/2025,-1300,-50160000,38.4(-0.26 %),500,19315000,1800,69475000,12469404,30.93
25/07/2025,2600,100580000,38.3(-0.26 %),2600,100580000,0,0,12466804,30.93
28/07/2025,12900,496495000,38.6(0.78 %),12900,496495000,0,0,12455204,30.95
29/07/2025,-11000,-422430000,37.15(-3.76 %),4800,184580000,15800,607010000,12455204,30.95
30/07/2025,-200,-7615000,37.45(0.81 %),1700,63915000,1900,71530000,12455204,30.95
31/07/2025,-6100,-231315000,37.9(1.20 %),2300,87145000,8400,318460000,12466204,30.94
01/08/2025,-8600,-325700000,37.75(-0.40 %),100,3765000,8700,329465000,12466404,30.93
04/08/2025,48500,1833905000,37.9(0.40 %),49600,1875430000,1100,41525000,12424004,31.0
05/08/2025,62000,2343585000,37.7(-0.53 %),63700,2407675000,1700,64090000,12370604,31.08
06/08/2025,44100,1698125000,38.5(2.12 %),44200,1702040000,100,3915000,12326504,31.15
07/08/2025,19300,767875000,39.4(2.34 %),37600,1489935000,18300,722060000,12307204,31.18
08/08/2025,-19900,-779860000,38.7(-1.78 %),5100,199175000,25000,979035000,12307204,31.18
11/08/2025,3000,114605000,38.5(-0.52 %),14300,551105000,11300,436500000,12304198,31.18
12/08/2025,23200,900265000,38.9(1.04 %),34900,1354260000,11700,453995000,12300898,31.19
13/08/2025,-20300,-787940000,38.6(-0.77 %),11600,446990000,31900,1234930000,12300898,31.19
14/08/2025,11100,428260000,38.9(0.78 %),22700,885615000,11600,457355000,12289798,31.21
15/08/2025,-36800,-1424180000,38.3(-1.54 %),900,34995000,37700,1459175000,12310098,31.17
18/08/2025,-14700,-563945000,38.05(-0.65 %),500,19150000,15200,583095000,12310098,31.17
19/08/2025,-17800,-676485000,38.2(0.39 %),2600,98940000,20400,775425000,12346898,31.12
20/08/2025,7700,290235000,37.75(-1.18 %),16300,614010000,8600,323775000,12353898,31.11
21/08/2025,-12300,-460615000,37.6(-0.40 %),600,22645000,12900,483260000,12371698,31.08
22/08/2025,-13500,-501380000,37(-1.60 %),600,22305000,14100,523685000,12371698,31.08
25/08/2025,-13900,-515130000,36.5(-1.35 %),3900,142710000,17800,657840000,12371698,31.08
