Ngay,KLGDRong,GTDGRong,ThayDoi,KLMua,GtMua,KLBan,GtBan,RoomConLai,DangSoHuu
27/07/2006,10,258,0(0.00 %),10,258,0,0,0,0.0
10/08/2006,10,285,0(0.00 %),10,285,0,0,0,0.0
14/08/2006,1430,45045,0(0.00 %),1430,45045,0,0,0,0.0
22/08/2006,10,291,0(0.00 %),10,291,0,0,0,0.0
25/08/2006,10,300,0(0.00 %),10,300,0,0,0,0.0
05/09/2006,9000,307800,0(0.00 %),9000,307800,0,0,0,0.0
06/09/2006,5000,176350,0(0.00 %),5000,176350,0,0,0,0.0
11/09/2006,10,346,0(0.00 %),10,346,0,0,0,0.0
12/09/2006,10,339,0(0.00 %),10,339,0,0,0,0.0
19/09/2006,33700,1232110,0(0.00 %),33700,1232110,0,0,0,0.0
26/09/2006,26820,970884,0(0.00 %),26820,970884,0,0,0,0.0
27/09/2006,2000,74000,0(0.00 %),2000,74000,0,0,0,0.0
28/09/2006,9900,369270,0(0.00 %),9900,369270,0,0,0,0.0
02/10/2006,-790,-29388,0(0.00 %),710,26412,1500,55800,0,0.0
03/10/2006,3050,112850,0(0.00 %),3050,112850,0,0,0,0.0
06/10/2006,100,3700,0(0.00 %),100,3700,0,0,0,0.0
10/10/2006,20,710,0(0.00 %),1020,36210,1000,35500,0,0.0
12/10/2006,1500,52800,0(0.00 %),1500,52800,0,0,0,0.0
13/10/2006,-12740,-444626,0(0.00 %),0,0,12740,444626,0,0.0
16/10/2006,-2000,-67300,0(0.00 %),1000,34400,3000,101700,0,0.0
17/10/2006,-4000,-133400,0(0.00 %),0,0,4000,133400,0,0.0
18/10/2006,200,6700,0(0.00 %),200,6700,0,0,0,0.0
19/10/2006,-3000,-105300,0(0.00 %),0,0,3000,105300,0,0.0
20/10/2006,1000,35200,0(0.00 %),2000,70400,1000,35200,0,0.0
23/10/2006,10,350,0(0.00 %),10,350,0,0,0,0.0
25/10/2006,-550,-18320,0(0.00 %),1000,35000,1550,53320,0,0.0
26/10/2006,-1000,-34900,0(0.00 %),0,0,1000,34900,0,0.0
30/10/2006,300,10020,0(0.00 %),300,10020,0,0,0,0.0
31/10/2006,240,7680,0(0.00 %),2640,87120,2400,79440,0,0.0
01/11/2006,-11100,-376920,0(0.00 %),300,10080,11400,387000,0,0.0
02/11/2006,-7970,-266995,0(0.00 %),0,0,7970,266995,0,0.0
03/11/2006,-350,-11710,0(0.00 %),100,3320,450,15030,0,0.0
06/11/2006,-2090,-71060,0(0.00 %),0,0,2090,71060,0,0.0
07/11/2006,-10400,-348500,0(0.00 %),200,6740,10600,355240,0,0.0
08/11/2006,200,6700,0(0.00 %),200,6700,0,0,0,0.0
09/11/2006,-15900,-531060,0(0.00 %),0,0,15900,531060,0,0.0
10/11/2006,-2310,-76470,0(0.00 %),0,0,2310,76470,0,0.0
13/11/2006,300,9600,0(0.00 %),300,9600,0,0,0,0.0
14/11/2006,-800,-25600,0(0.00 %),200,6400,1000,32000,0,0.0
16/11/2006,-500,-16250,32.5(0.93 %),0,0,500,16250,0,0.0
17/11/2006,30,975,32.5(0.00 %),30,975,0,0,0,0.0
20/11/2006,100,3170,31.7(-2.46 %),100,3170,0,0,0,0.0
21/11/2006,-7690,-236203,30.7(-3.15 %),310,9517,8000,245720,0,0.0
29/11/2006,-800,-25200,31.5(0.00 %),0,0,800,25200,0,0.0
01/12/2006,-500,-15700,31.3(-0.32 %),0,0,500,15700,0,0.0
04/12/2006,-500,-15400,31(-0.96 %),0,0,500,15400,0,0.0
06/12/2006,200,5980,29.9(-1.97 %),200,5980,0,0,0,0.0
11/12/2006,100,2930,29.3(-1.35 %),100,2930,0,0,0,0.0
13/12/2006,-1000,-29500,28.5(-1.72 %),0,0,1000,29500,0,0.0
18/12/2006,-200,-6200,31(2.99 %),0,0,200,6200,0,0.0
22/12/2006,0,0,29.1(-1.69 %),1000,29100,1000,29100,0,0.0
28/12/2006,300,8700,29(-3.33 %),300,8700,0,0,0,0.0
01/03/2007,2250,100490000,44.1(-4.96 %),2250,100490000,0,0,0,0.0
02/03/2007,500,21500000,43(-2.49 %),500,21500000,0,0,0,0.0
05/03/2007,0,0,45.1(4.88 %),0,0,0,0,0,0.0
06/03/2007,300,14190000,47.3(4.88 %),300,14190000,0,0,0,0.0
07/03/2007,0,0,49.6(4.86 %),0,0,0,0,0,0.0
08/03/2007,0,0,52(4.84 %),0,0,0,0,0,0.0
09/03/2007,0,0,54.5(4.81 %),0,0,0,0,0,0.0
12/03/2007,0,0,57(4.59 %),0,0,0,0,0,0.0
13/03/2007,0,0,59.5(4.39 %),0,0,0,0,0,0.0
14/03/2007,1450,89900000,62(4.20 %),1450,89900000,0,0,0,0.0
15/03/2007,500,29500000,59(-4.84 %),500,29500000,0,0,0,0.0
16/03/2007,-2700,-154050000,57(-3.39 %),300,16950000,3000,171000000,0,0.0
19/03/2007,800,47600000,59.5(4.39 %),800,47600000,0,0,0,0.0
20/03/2007,300,17100000,57(-4.20 %),300,17100000,0,0,0,0.0
21/03/2007,0,0,54.5(-4.39 %),0,0,0,0,0,0.0
22/03/2007,4870,253240000,52(-4.59 %),5000,260000000,130,6760000,0,0.0
23/03/2007,-1930,-95465000,49.5(-4.81 %),700,34720000,2630,130185000,0,0.0
26/03/2007,0,0,47.1(-4.85 %),0,0,0,0,0,0.0
27/03/2007,600,26880000,44.8(-4.88 %),600,26880000,0,0,0,0.0
28/03/2007,0,0,42.6(-4.91 %),0,0,0,0,0,0.0
29/03/2007,0,0,44.7(4.93 %),0,0,0,0,0,0.0
30/03/2007,900,42210000,46(2.91 %),900,42210000,0,0,0,0.0
02/04/2007,2800,124200000,43.7(-5.00 %),2800,124200000,0,0,0,0.0
03/04/2007,0,0,41.9(-4.12 %),0,0,0,0,0,0.0
04/04/2007,0,0,42(0.24 %),0,0,0,0,0,0.0
05/04/2007,0,0,43(2.38 %),0,0,0,0,0,0.0
06/04/2007,0,0,42(-2.33 %),0,0,0,0,0,0.0
09/04/2007,0,0,42.3(0.71 %),0,0,0,0,0,0.0
10/04/2007,5000,210000000,41.5(-0.72 %),5000,210000000,0,0,0,0.0
11/04/2007,80,3184000,39.8(-4.10 %),80,3184000,0,0,0,0.0
12/04/2007,90,3411000,37.9(-4.77 %),90,3411000,0,0,0,0.0
13/04/2007,0,0,36.1(-4.75 %),0,0,0,0,0,0.0
16/04/2007,0,0,34.3(-4.99 %),0,0,0,0,0,0.0
17/04/2007,-300,-10200000,34(-0.87 %),0,0,300,10200000,0,0.0
18/04/2007,-170,-5971000,35.7(5.00 %),0,0,170,5971000,0,0.0
19/04/2007,-200,-7400000,37(3.64 %),0,0,200,7400000,0,0.0
20/04/2007,0,0,35.2(-4.86 %),0,0,0,0,0,0.0
23/04/2007,0,0,33.5(-4.83 %),0,0,0,0,0,0.0
24/04/2007,-1000,-33200000,33.2(-0.90 %),0,0,1000,33200000,0,0.0
25/04/2007,-1500,-51250000,34.5(3.92 %),0,0,1500,51250000,0,0.0
02/05/2007,0,0,36.2(4.93 %),0,0,0,0,0,0.0
03/05/2007,0,0,35(-3.31 %),0,0,0,0,0,0.0
04/05/2007,0,0,34.9(-0.29 %),0,0,0,0,0,0.0
07/05/2007,0,0,35.5(1.72 %),0,0,0,0,0,0.0
08/05/2007,0,0,35(-1.41 %),0,0,0,0,0,0.0
09/05/2007,500,18000000,36(2.86 %),500,18000000,0,0,0,0.0
10/05/2007,60,2100000,35(-2.78 %),60,2100000,0,0,0,0.0
11/05/2007,0,0,35(0.00 %),0,0,0,0,0,0.0
14/05/2007,0,0,36.7(4.86 %),0,0,0,0,0,0.0
15/05/2007,-100,-3850000,38.5(4.90 %),0,0,100,3850000,0,0.0
16/05/2007,600,22500000,37.5(-2.60 %),600,22500000,0,0,0,0.0
17/05/2007,100,3650000,36.5(-2.67 %),100,3650000,0,0,0,0.0
18/05/2007,0,0,37(1.37 %),0,0,0,0,0,0.0
21/05/2007,300,11400000,38(2.70 %),300,11400000,0,0,0,0.0
22/05/2007,100,3950000,39.9(5.00 %),100,3950000,0,0,0,0.0
23/05/2007,400,16720000,41.8(4.76 %),400,16720000,0,0,0,0.0
24/05/2007,0,0,40(-4.31 %),0,0,0,0,0,0.0
25/05/2007,0,0,41(2.50 %),0,0,0,0,0,0.0
28/05/2007,200,8000000,40(-2.44 %),200,8000000,0,0,0,0.0
29/05/2007,0,0,39(-2.50 %),0,0,0,0,0,0.0
30/05/2007,0,0,38.5(-1.28 %),0,0,0,0,0,0.0
31/05/2007,-100,-3950000,38.5(0.00 %),0,0,100,3950000,0,0.0
01/06/2007,0,0,38.5(0.00 %),0,0,0,0,0,0.0
04/06/2007,0,0,40.4(4.94 %),0,0,0,0,0,0.0
05/06/2007,6000,252000000,41(1.49 %),6000,252000000,0,0,0,0.0
06/06/2007,0,0,40.5(-1.22 %),0,0,0,0,0,0.0
07/06/2007,0,0,40.9(0.99 %),0,0,0,0,0,0.0
08/06/2007,5000,207500000,40.5(-0.98 %),5000,207500000,0,0,0,0.0
11/06/2007,-2170,-85715000,39.5(-2.47 %),0,0,2170,85715000,0,0.0
12/06/2007,240,9360000,40(1.27 %),240,9360000,0,0,0,0.0
13/06/2007,190,7890000,41(2.50 %),200,8300000,10,410000,0,0.0
14/06/2007,-5000,-205000000,41(0.00 %),0,0,5000,205000000,0,0.0
15/06/2007,1400,58050000,41.5(1.22 %),1500,62250000,100,4200000,0,0.0
18/06/2007,0,0,39.5(-4.82 %),0,0,0,0,0,0.0
19/06/2007,0,0,39.5(0.00 %),0,0,0,0,0,0.0
20/06/2007,-700,-27650000,39.5(0.00 %),0,0,700,27650000,0,0.0
21/06/2007,0,0,39.8(0.76 %),0,0,0,0,0,0.0
22/06/2007,0,0,39.5(-0.75 %),0,0,0,0,0,0.0
25/06/2007,0,0,39(-1.27 %),0,0,0,0,0,0.0
26/06/2007,0,0,40.9(4.87 %),0,0,0,0,0,0.0
27/06/2007,-1330,-57057000,42.9(4.89 %),0,0,1330,57057000,0,0.0
28/06/2007,730,30660000,42(-2.10 %),1800,75600000,1070,44940000,0,0.0
29/06/2007,30,1230000,41(-2.38 %),30,1230000,0,0,0,0.0
02/07/2007,-1000,-39700000,39.7(-3.17 %),0,0,1000,39700000,0,0.0
03/07/2007,0,0,38(-4.28 %),0,0,0,0,0,0.0
04/07/2007,0,0,39.5(3.95 %),0,0,0,0,0,0.0
05/07/2007,-1000,-38100000,38.1(-3.54 %),0,0,1000,38100000,0,0.0
06/07/2007,0,0,38.2(0.26 %),0,0,0,0,0,0.0
09/07/2007,30,1140000,38(-0.52 %),30,1140000,0,0,0,0.0
10/07/2007,-1800,-69000000,38.3(0.79 %),0,0,1800,69000000,0,0.0
11/07/2007,1000,38500000,38.5(0.52 %),1000,38500000,0,0,0,0.0
12/07/2007,-500,-19250000,38.5(0.00 %),0,0,500,19250000,0,0.0
13/07/2007,1800,70020000,38.9(1.04 %),2000,77800000,200,7780000,0,0.0
16/07/2007,-540,-20414000,38(-2.31 %),0,0,540,20414000,0,0.0
17/07/2007,0,0,38(0.00 %),0,0,0,0,0,0.0
18/07/2007,-110,-4180000,38(0.00 %),0,0,110,4180000,0,0.0
19/07/2007,0,0,38.5(1.32 %),0,0,0,0,0,0.0
20/07/2007,0,0,39(1.30 %),0,0,0,0,0,0.0
23/07/2007,0,0,39(0.00 %),0,0,0,0,0,0.0
24/07/2007,100,3900000,38.9(-0.26 %),100,3900000,0,0,0,0.0
25/07/2007,0,0,38(-2.31 %),0,0,0,0,0,0.0
26/07/2007,0,0,37.6(-1.05 %),0,0,0,0,0,0.0
27/07/2007,0,0,38(1.06 %),0,0,0,0,0,0.0
30/07/2007,0,0,38(0.00 %),0,0,0,0,0,0.0
31/07/2007,0,0,38.8(2.11 %),0,0,0,0,0,0.0
01/08/2007,0,0,38.7(-0.26 %),0,0,0,0,0,0.0
02/08/2007,8170,317813000,38.2(-1.29 %),8170,317813000,0,0,0,0.0
03/08/2007,20,754000,37.9(-0.79 %),20,754000,0,0,0,0.0
06/08/2007,20,756000,37.3(-1.58 %),20,756000,0,0,0,0.0
07/08/2007,0,0,38.3(2.68 %),0,0,0,0,0,0.0
08/08/2007,-400,-15320000,38(-0.78 %),0,0,400,15320000,0,0.0
09/08/2007,-4170,-156792000,37.9(-0.26 %),0,0,4170,156792000,0,0.0
10/08/2007,100,3780000,37.5(-1.06 %),100,3780000,0,0,0,0.0
13/08/2007,-400,-14800000,36.5(-2.67 %),0,0,400,14800000,0,0.0
14/08/2007,0,0,38.2(4.66 %),0,0,0,0,0,0.0
15/08/2007,0,0,38(-0.52 %),0,0,0,0,0,0.0
16/08/2007,0,0,37.5(-1.32 %),0,0,0,0,0,0.0
17/08/2007,0,0,37.1(-1.07 %),0,0,0,0,0,0.0
20/08/2007,0,0,37(-0.27 %),0,0,0,0,0,0.0
21/08/2007,0,0,36.6(-1.08 %),0,0,0,0,0,0.0
22/08/2007,190,6954000,36.6(0.00 %),190,6954000,0,0,0,0.0
23/08/2007,0,0,37(1.09 %),0,0,0,0,0,0.0
24/08/2007,4000,148000000,37.5(1.35 %),4000,148000000,0,0,0,0.0
27/08/2007,0,0,37.5(0.00 %),0,0,0,0,0,0.0
28/08/2007,0,0,37.4(-0.27 %),0,0,0,0,0,0.0
29/08/2007,2500,93160000,37.1(-0.80 %),2500,93160000,0,0,0,0.0
30/08/2007,0,0,37.4(0.81 %),0,0,0,0,0,0.0
31/08/2007,4900,183880000,37.7(0.80 %),4900,183880000,0,0,0,0.0
04/09/2007,7800,301420000,38.7(2.65 %),7800,301420000,0,0,0,0.0
05/09/2007,4500,174350000,38.7(0.00 %),4500,174350000,0,0,0,0.0
06/09/2007,200,7680000,38.7(0.00 %),200,7680000,0,0,0,0.0
07/09/2007,13380,525275000,40(3.36 %),13380,525275000,0,0,0,0.0
10/09/2007,14270,599340000,42(5.00 %),17270,725340000,3000,126000000,0,0.0
11/09/2007,-8400,-370440000,44.1(5.00 %),0,0,8400,370440000,0,0.0
12/09/2007,47600,2119117000,44.5(0.91 %),52100,2321927000,4500,202810000,0,0.0
13/09/2007,47870,2146397000,45(1.12 %),47870,2146397000,0,0,0,0.0
14/09/2007,48000,2155110000,44.9(-0.22 %),50000,2244910000,2000,89800000,0,0.0
17/09/2007,46420,2049848000,44(-2.00 %),50000,2207368000,3580,157520000,0,0.0
18/09/2007,47480,2040670000,42.5(-3.41 %),50000,2149280000,2520,108610000,0,0.0
19/09/2007,5500,238400000,43.5(2.35 %),8000,348000000,2500,109600000,0,0.0
20/09/2007,29570,1312271000,44.5(2.30 %),29570,1312271000,0,0,0,0.0
21/09/2007,59650,2755616000,46.7(4.94 %),59750,2760286000,100,4670000,0,0.0
24/09/2007,3550,173950000,49(4.93 %),6350,311150000,2800,137200000,0,0.0
25/09/2007,55540,2834620000,51(4.08 %),63540,3237870000,8000,403250000,0,0.0
26/09/2007,52730,2765500000,52.5(2.94 %),56230,2948750000,3500,183250000,0,0.0
27/09/2007,17230,949650000,55(4.76 %),19230,1057650000,2000,108000000,0,0.0
28/09/2007,25370,1433400000,57(3.64 %),27370,1546400000,2000,113000000,0,0.0
01/10/2007,88240,5157435000,58.5(2.63 %),93240,5449935000,5000,292500000,0,0.0
02/10/2007,58400,3559650000,61(4.27 %),59400,3618150000,1000,58500000,0,0.0
03/10/2007,26040,1647490000,64(4.92 %),26040,1647490000,0,0,0,0.0
04/10/2007,9430,631810000,67(4.69 %),9430,631810000,0,0,0,0.0
05/10/2007,30200,2114000000,70(4.48 %),30200,2114000000,0,0,0,0.0
08/10/2007,20010,1470735000,73.5(5.00 %),20010,1470735000,0,0,0,0.0
09/10/2007,0,0,77(4.76 %),0,0,0,0,0,0.0
10/10/2007,57410,4615985000,80.5(4.55 %),57410,4615985000,0,0,0,0.0
11/10/2007,68880,5820360000,84.5(4.97 %),73880,6242860000,5000,422500000,0,0.0
12/10/2007,74640,6605640000,88.5(4.73 %),79170,7006545000,4530,400905000,0,0.0
15/10/2007,83400,7714500000,92.5(4.52 %),83400,7714500000,0,0,0,0.0
16/10/2007,3900,362100000,88(-4.86 %),3900,362100000,0,0,0,0.0
17/10/2007,300,25200000,84(-4.55 %),300,25200000,0,0,0,0.0
18/10/2007,30,2400000,80(-4.76 %),30,2400000,0,0,0,0.0
19/10/2007,-6500,-494000000,76(-5.00 %),14000,1064000000,20500,1558000000,0,0.0
22/10/2007,4500,325000000,79.5(4.61 %),14500,1116500000,10000,791500000,0,0.0
23/10/2007,-3500,-269000000,78(-1.89 %),1000,82000000,4500,351000000,0,0.0
24/10/2007,-2170,-149760000,78(0.00 %),6900,538200000,9070,687960000,0,0.0
25/10/2007,2700,209200000,76(-2.56 %),3700,287200000,1000,78000000,0,0.0
26/10/2007,-2000,-148500000,74.5(-1.97 %),0,0,2000,148500000,0,0.0
29/10/2007,-2450,-175175000,71.5(-4.03 %),0,0,2450,175175000,0,0.0
30/10/2007,-18470,-1263195000,68(-4.90 %),3000,207000000,21470,1470195000,0,0.0
31/10/2007,-2900,-197300000,68(0.00 %),2800,185250000,5700,382550000,0,0.0
01/11/2007,-550,-39050000,71(4.41 %),0,0,550,39050000,0,0.0
02/11/2007,-7250,-536875000,73(2.82 %),1250,93125000,8500,630000000,0,0.0
05/11/2007,-1600,-111050000,69.5(-4.79 %),500,35250000,2100,146300000,0,0.0
06/11/2007,1620,109040000,67.5(-2.88 %),7120,478790000,5500,369750000,0,0.0
07/11/2007,-100,-6750000,70.5(4.44 %),0,0,100,6750000,0,0.0
08/11/2007,-800,-59200000,74(4.96 %),0,0,800,59200000,0,0.0
09/11/2007,-9100,-688100000,75.5(2.03 %),0,0,9100,688100000,0,0.0
12/11/2007,-4200,-309950000,72(-4.64 %),0,0,4200,309950000,0,0.0
13/11/2007,-3000,-207500000,68.5(-4.86 %),0,0,3000,207500000,0,0.0
14/11/2007,-500,-35750000,71(3.65 %),0,0,500,35750000,0,0.0
15/11/2007,900,60500000,67.5(-4.93 %),1000,67500000,100,7000000,0,0.0
16/11/2007,0,0,68(0.74 %),0,0,0,0,0,0.0
19/11/2007,3100,212350000,68(0.00 %),3100,212350000,0,0,0,0.0
20/11/2007,0,0,67(-1.47 %),0,0,0,0,0,0.0
21/11/2007,-500,-34000000,68(1.49 %),0,0,500,34000000,0,0.0
22/11/2007,0,0,68(0.00 %),0,0,0,0,0,0.0
23/11/2007,1200,82200000,68(0.00 %),1200,82200000,0,0,0,0.0
26/11/2007,2700,186300000,69.5(2.21 %),2700,186300000,0,0,0,0.0
27/11/2007,500,34000000,68(-2.16 %),500,34000000,0,0,0,0.0
28/11/2007,530,36230000,68.5(0.74 %),530,36230000,0,0,0,0.0
29/11/2007,-10,-715000,71.5(4.38 %),0,0,10,715000,0,0.0
30/11/2007,-6700,-500800000,74.5(4.20 %),0,0,6700,500800000,0,0.0
03/12/2007,-1040,-80200000,75(0.67 %),60,4500000,1100,84700000,0,0.0
04/12/2007,270,20100000,72.5(-3.33 %),300,22350000,30,2250000,0,0.0
05/12/2007,0,0,73(0.69 %),0,0,0,0,0,0.0
06/12/2007,3000,216000000,71.5(-2.05 %),3000,216000000,0,0,0,0.0
07/12/2007,6000,430375000,72(0.70 %),6000,430375000,0,0,0,0.0
10/12/2007,0,0,70.5(-2.08 %),0,0,0,0,0,0.0
11/12/2007,0,0,70(-0.71 %),0,0,0,0,0,0.0
12/12/2007,3000,210000000,70(0.00 %),3000,210000000,0,0,0,0.0
13/12/2007,-500,-34750000,68(-2.86 %),0,0,500,34750000,0,0.0
14/12/2007,-550,-36850000,68(0.00 %),0,0,550,36850000,0,0.0
17/12/2007,-220,-14740000,67(-1.47 %),0,0,220,14740000,0,0.0
18/12/2007,0,0,68(1.49 %),0,0,0,0,0,0.0
19/12/2007,0,0,70(2.94 %),0,0,0,0,0,0.0
20/12/2007,500,35750000,69(-1.43 %),500,35750000,0,0,0,0.0
21/12/2007,600,41450000,69(0.00 %),600,41450000,0,0,0,0.0
24/12/2007,1520,103880000,67(-2.90 %),1520,103880000,0,0,0,0.0
25/12/2007,0,0,67(0.00 %),0,0,0,0,0,0.0
26/12/2007,500,33250000,67.5(0.75 %),500,33250000,0,0,0,0.0
27/12/2007,0,0,66.5(-1.48 %),0,0,0,0,0,0.0
28/12/2007,0,0,67(0.75 %),0,0,0,0,0,0.0
02/01/2008,0,0,66.5(-0.75 %),0,0,0,0,0,0.0
03/01/2008,-500,-33000000,64.5(-3.01 %),0,0,500,33000000,0,0.0
04/01/2008,0,0,63(-2.33 %),0,0,0,0,0,0.0
07/01/2008,-500,-31000000,60(-4.76 %),0,0,500,31000000,0,0.0
08/01/2008,0,0,57.5(-4.17 %),0,0,0,0,0,0.0
09/01/2008,50,2850000,55(-4.35 %),50,2850000,0,0,0,0.0
10/01/2008,0,0,52.5(-4.55 %),0,0,0,0,0,0.0
11/01/2008,0,0,53.5(1.90 %),0,0,0,0,0,0.0
14/01/2008,-400,-21400000,51(-4.67 %),0,0,400,21400000,0,0.0
15/01/2008,-400,-21400000,48.5(-4.90 %),0,0,400,21400000,0,0.0
16/01/2008,0,0,50.5(4.12 %),0,0,0,0,0,0.0
17/01/2008,0,0,49.2(-2.57 %),0,0,0,0,0,0.0
18/01/2008,0,0,51.5(4.67 %),0,0,0,0,0,0.0
21/01/2008,780,40560000,52(0.97 %),780,40560000,0,0,0,0.0
22/01/2008,1500,78000000,51(-1.92 %),1500,78000000,0,0,0,0.0
23/01/2008,0,0,49(-3.92 %),0,0,0,0,0,0.0
24/01/2008,720,36000000,49(0.00 %),720,36000000,0,0,0,0.0
25/01/2008,0,0,51(4.08 %),0,0,0,0,0,0.0
28/01/2008,0,0,51(0.00 %),0,0,0,0,0,0.0
29/01/2008,4300,225100000,53.5(4.90 %),4300,225100000,0,0,0,0.0
30/01/2008,0,0,56(4.67 %),0,0,0,0,0,0.0
31/01/2008,1200,68400000,58.5(4.46 %),1200,68400000,0,0,0,0.0
01/02/2008,0,0,61(4.27 %),0,0,0,0,0,0.0
12/02/2008,-2300,-135650000,59(-3.28 %),0,0,2300,135650000,0,0.0
13/02/2008,-2000,-116000000,56.5(-4.24 %),0,0,2000,116000000,0,0.0
14/02/2008,-700,-40300000,57(0.88 %),500,29000000,1200,69300000,0,0.0
15/02/2008,0,0,57(0.00 %),0,0,0,0,0,0.0
18/02/2008,0,0,54.5(-4.39 %),0,0,0,0,0,0.0
19/02/2008,3640,189280000,52(-4.59 %),3640,189280000,0,0,0,0.0
20/02/2008,300,15450000,52(0.00 %),300,15450000,0,0,0,0.0
21/02/2008,0,0,50.5(-2.88 %),0,0,0,0,0,0.0
22/02/2008,532910,26643600000,51(0.99 %),532910,26643600000,0,0,0,0.0
25/02/2008,275090,13744000000,53.5(4.90 %),278090,13904500000,3000,160500000,0,0.0
26/02/2008,0,0,51(-4.67 %),0,0,0,0,0,0.0
27/02/2008,3000,152000000,51(0.00 %),3000,152000000,0,0,0,0.0
28/02/2008,-1300,-67600000,52(1.96 %),0,0,1300,67600000,0,0.0
29/02/2008,0,0,51(-1.92 %),0,0,0,0,0,0.0
03/03/2008,0,0,48.5(-4.90 %),0,0,0,0,0,0.0
04/03/2008,18310,844091000,46.1(-4.95 %),18310,844091000,0,0,0,0.0
05/03/2008,2300,101350000,44.5(-3.47 %),2300,101350000,0,0,0,0.0
06/03/2008,100,4670000,46.7(4.94 %),100,4670000,0,0,0,0.0
07/03/2008,0,0,49(4.93 %),0,0,0,0,0,0.0
10/03/2008,-3800,-193800000,47(-4.08 %),0,0,3800,193800000,0,0.0
11/03/2008,5000,230000000,47(0.00 %),5000,230000000,0,0,0,0.0
12/03/2008,0,0,46.5(-1.06 %),0,0,0,0,0,0.0
13/03/2008,4000,183900000,47(1.08 %),5000,230000000,1000,46100000,0,0.0
14/03/2008,1000,47000000,47(0.00 %),1000,47000000,0,0,0,0.0
17/03/2008,3210,145363000,45.3(-3.62 %),4210,190713000,1000,45350000,0,0.0
18/03/2008,30190,1302499000,43.2(-4.64 %),30190,1302499000,0,0,0,0.0
19/03/2008,13800,600960000,42.2(-2.31 %),13800,600960000,0,0,0,0.0
20/03/2008,350,14770000,42.2(0.00 %),350,14770000,0,0,0,0.0
21/03/2008,17160,697729000,41(-2.84 %),17160,697729000,0,0,0,0.0
24/03/2008,30000,1170000000,39(-4.88 %),30000,1170000000,0,0,0,0.0
25/03/2008,24600,912660000,37.1(-4.87 %),25000,927500000,400,14840000,0,0.0
26/03/2008,0,0,38(2.43 %),0,0,0,0,0,0.0
27/03/2008,0,0,38.3(0.79 %),0,0,0,0,0,0.0
28/03/2008,0,0,38.6(0.78 %),0,0,0,0,0,0.0
31/03/2008,0,0,38.9(0.78 %),0,0,0,0,0,0.0
01/04/2008,0,0,39.2(0.77 %),0,0,0,0,0,0.0
02/04/2008,0,0,39.5(0.77 %),0,0,0,0,0,0.0
03/04/2008,0,0,39.8(0.76 %),0,0,0,0,0,0.0
04/04/2008,0,0,40.1(0.75 %),0,0,0,0,0,0.0
07/04/2008,0,0,40.9(2.00 %),0,0,0,0,0,0.0
08/04/2008,10,417000,40.7(-0.49 %),10,417000,0,0,0,0.0
09/04/2008,0,0,39.9(-1.97 %),0,0,0,0,0,0.0
10/04/2008,0,0,39.2(-1.75 %),0,0,0,0,0,0.0
11/04/2008,0,0,38.5(-1.79 %),0,0,0,0,0,0.0
16/04/2008,0,0,37.8(-1.82 %),0,0,0,0,0,0.0
17/04/2008,0,0,37.8(0.00 %),0,0,0,0,0,0.0
18/04/2008,0,0,37.1(-1.85 %),0,0,0,0,0,0.0
21/04/2008,0,0,36.4(-1.89 %),0,0,0,0,0,0.0
22/04/2008,0,0,35.7(-1.92 %),0,0,0,0,0,0.0
23/04/2008,0,0,35.7(0.00 %),0,0,0,0,0,0.0
24/04/2008,0,0,35(-1.96 %),0,0,0,0,0,0.0
25/04/2008,0,0,35.7(2.00 %),0,0,0,0,0,0.0
28/04/2008,0,0,35(-1.96 %),0,0,0,0,0,0.0
29/04/2008,1080,37800000,35(0.00 %),1080,37800000,0,0,0,0.0
05/05/2008,0,0,34.3(-2.00 %),0,0,0,0,0,0.0
06/05/2008,0,0,33.7(-1.75 %),0,0,0,0,0,0.0
07/05/2008,0,0,33.1(-1.78 %),0,0,0,0,0,0.0
08/05/2008,0,0,32.5(-1.81 %),0,0,0,0,0,0.0
09/05/2008,0,0,31.9(-1.85 %),0,0,0,0,0,0.0
12/05/2008,0,0,30.3(-1.94 %),0,0,0,0,0,0.0
13/05/2008,0,0,29.7(-1.98 %),0,0,0,0,0,0.0
14/05/2008,0,0,29.2(-1.68 %),0,0,0,0,0,0.0
15/05/2008,0,0,28.7(-1.71 %),0,0,0,0,0,0.0
16/05/2008,0,0,28.2(-1.74 %),0,0,0,0,0,0.0
19/05/2008,0,0,27.7(-1.77 %),0,0,0,0,0,0.0
20/05/2008,1650,45705000,27.2(-1.81 %),1650,45705000,0,0,0,0.0
21/05/2008,0,0,27.2(0.00 %),0,0,0,0,0,0.0
22/05/2008,0,0,26.7(-1.84 %),0,0,0,0,0,0.0
23/05/2008,60,1572000,26.2(-1.87 %),60,1572000,0,0,0,0.0
26/05/2008,0,0,25.7(-1.91 %),0,0,0,0,0,0.0
27/05/2008,0,0,25.7(0.00 %),0,0,0,0,0,0.0
28/05/2008,0,0,25.7(0.00 %),0,0,0,0,0,0.0
29/05/2008,0,0,25.7(0.00 %),0,0,0,0,0,0.0
30/05/2008,0,0,25.2(-1.95 %),0,0,0,0,0,0.0
02/06/2008,0,0,24.7(-1.98 %),0,0,0,0,0,0.0
03/06/2008,8000,194400000,24.3(-1.62 %),8000,194400000,0,0,0,0.0
04/06/2008,8000,191200000,23.9(-1.65 %),8000,191200000,0,0,0,0.0
05/06/2008,12000,282000000,23.5(-1.67 %),12000,282000000,0,0,0,0.0
06/06/2008,12000,277200000,23.1(-1.70 %),12000,277200000,0,0,0,0.0
09/06/2008,0,0,22.7(-1.73 %),0,0,0,0,0,0.0
10/06/2008,0,0,22.7(0.00 %),0,0,0,0,0,0.0
11/06/2008,-1000,-22300000,22.4(-1.32 %),0,0,1000,22300000,0,0.0
12/06/2008,0,0,22(-1.79 %),0,0,0,0,0,0.0
13/06/2008,0,0,21.6(-1.82 %),0,0,0,0,0,0.0
16/06/2008,2480,53576000,22(1.85 %),2500,54000000,20,424000,0,0.0
17/06/2008,4000,89600000,22.4(1.82 %),4000,89600000,0,0,0,0.0
18/06/2008,36000,820800000,22(-1.79 %),36000,820800000,0,0,0,0.0
19/06/2008,0,0,21.4(-2.73 %),0,0,0,0,0,0.0
20/06/2008,0,0,20.8(-2.80 %),0,0,0,0,0,0.0
23/06/2008,1000,20200000,20.2(-2.88 %),1000,20200000,0,0,0,0.0
24/06/2008,0,0,19.6(-2.97 %),0,0,0,0,0,0.0
25/06/2008,100,1959000,19.6(0.00 %),100,1959000,0,0,0,0.0
26/06/2008,2900,58290000,19.6(0.00 %),2900,58290000,0,0,0,0.0
27/06/2008,90,1764000,19.6(0.00 %),100,1960000,10,196000,0,0.0
30/06/2008,-200,-3820000,19.1(-2.55 %),0,0,200,3820000,0,0.0
01/07/2008,1410,26196000,19.6(2.62 %),1710,31806000,300,5610000,0,0.0
02/07/2008,8300,158530000,19.1(-2.55 %),8300,158530000,0,0,0,0.0
03/07/2008,10080,197568000,19.6(2.62 %),10080,197568000,0,0,0,0.0
04/07/2008,0,0,20.1(2.55 %),0,0,0,0,0,0.0
07/07/2008,16500,341550000,20.7(2.99 %),19000,393300000,2500,51750000,0,0.0
08/07/2008,-900,-18615000,21.3(2.90 %),100,2070000,1000,20685000,0,0.0
09/07/2008,100,2190000,21.9(2.82 %),100,2190000,0,0,0,0.0
10/07/2008,0,0,22.5(2.74 %),0,0,0,0,0,0.0
11/07/2008,-10000,-231000000,23.1(2.67 %),0,0,10000,231000000,0,0.0
14/07/2008,0,0,23.7(2.60 %),0,0,0,0,0,0.0
15/07/2008,0,0,24.4(2.95 %),0,0,0,0,0,0.0
16/07/2008,-3100,-77570000,25.1(2.87 %),100,2370000,3200,79940000,0,0.0
17/07/2008,0,0,25.8(2.79 %),0,0,0,0,0,0.0
18/07/2008,0,0,25.1(-2.71 %),0,0,0,0,0,0.0
21/07/2008,0,0,24.4(-2.79 %),0,0,0,0,0,0.0
22/07/2008,500,11850000,23.7(-2.87 %),500,11850000,0,0,0,0.0
23/07/2008,0,0,23(-2.95 %),0,0,0,0,0,0.0
24/07/2008,0,0,22.4(-2.61 %),0,0,0,0,0,0.0
25/07/2008,0,0,21.8(-2.68 %),0,0,0,0,0,0.0
28/07/2008,-9000,-191541000,22.4(2.75 %),0,0,9000,191541000,0,0.0
29/07/2008,200,4600000,23(2.68 %),200,4600000,0,0,0,0.0
30/07/2008,200,4720000,22.4(-2.61 %),200,4720000,0,0,0,0.0
31/07/2008,4000,87200000,21.8(-2.68 %),4000,87200000,0,0,0,0.0
01/08/2008,0,0,15.2(2.70 %),0,0,0,0,0,0.0
04/08/2008,0,0,15.6(2.63 %),0,0,0,0,0,0.0
05/08/2008,0,0,15.8(1.28 %),0,0,0,0,0,0.0
06/08/2008,0,0,15.4(-2.53 %),0,0,0,0,0,0.0
07/08/2008,0,0,15(-2.60 %),0,0,0,0,0,0.0
08/08/2008,0,0,15(0.00 %),0,0,0,0,0,0.0
11/08/2008,0,0,14.9(-0.67 %),0,0,0,0,0,0.0
12/08/2008,0,0,15.3(2.68 %),0,0,0,0,0,0.0
13/08/2008,0,0,14.9(-2.61 %),0,0,0,0,0,0.0
14/08/2008,0,0,15.3(2.68 %),0,0,0,0,0,0.0
15/08/2008,0,0,15.7(2.61 %),0,0,0,0,0,0.0
18/08/2008,0,0,16.2(3.18 %),0,0,0,0,0,0.0
19/08/2008,-2000,-32400000,15.4(-4.94 %),0,0,2000,32400000,0,0.0
20/08/2008,0,0,14.7(-4.55 %),0,0,0,0,0,0.0
21/08/2008,-4900,-68600000,15.3(4.08 %),100,1400000,5000,70000000,0,0.0
22/08/2008,4850,76530000,15.7(2.61 %),7100,111880000,2250,35350000,0,0.0
25/08/2008,10,163000,16.4(4.46 %),10,163000,0,0,0,0.0
26/08/2008,0,0,17.2(4.88 %),0,0,0,0,0,0.0
27/08/2008,-4000,-72000000,18(4.65 %),0,0,4000,72000000,0,0.0
28/08/2008,-1200,-21630000,17.1(-5.00 %),800,14270000,2000,35900000,0,0.0
29/08/2008,-1000,-16300000,16.3(-4.68 %),0,0,1000,16300000,0,0.0
03/09/2008,-500,-8550000,17.1(4.91 %),0,0,500,8550000,0,0.0
04/09/2008,-2410,-43139000,17.9(4.68 %),100,1790000,2510,44929000,0,0.0
05/09/2008,-500,-9350000,18.7(4.47 %),0,0,500,9350000,0,0.0
08/09/2008,-500,-9800000,19.6(4.81 %),0,0,500,9800000,0,0.0
09/09/2008,-700,-14350000,20.5(4.59 %),100,2050000,800,16400000,0,0.0
10/09/2008,-15030,-317115000,20.4(-0.49 %),1000,21500000,16030,338615000,0,0.0
11/09/2008,0,0,19.4(-4.90 %),0,0,0,0,0,0.0
12/09/2008,0,0,18.5(-4.64 %),0,0,0,0,0,0.0
15/09/2008,-7700,-137730000,17.6(-4.86 %),0,0,7700,137730000,0,0.0
16/09/2008,80000,1344000000,16.8(-4.55 %),80000,1344000000,0,0,0,0.0
17/09/2008,1000,16000000,16(-4.76 %),1000,16000000,0,0,0,0.0
18/09/2008,400,6080000,15.2(-5.00 %),400,6080000,0,0,0,0.0
19/09/2008,0,0,15.9(4.61 %),0,0,0,0,0,0.0
22/09/2008,-100000,-1660000000,16.6(4.40 %),0,0,100000,1660000000,0,0.0
23/09/2008,-21300,-336750000,15.8(-4.82 %),2000,31600000,23300,368350000,0,0.0
24/09/2008,-6220,-93922000,15.1(-4.43 %),0,0,6220,93922000,0,0.0
25/09/2008,-68480,-990524000,15(-0.66 %),2000,28800000,70480,1019324000,0,0.0
26/09/2008,-51160,-741500000,14.3(-4.67 %),0,0,51160,741500000,0,0.0
29/09/2008,-48840,-665888000,13.6(-4.90 %),0,0,48840,665888000,0,0.0
30/09/2008,-2760,-35880000,13(-4.41 %),0,0,2760,35880000,0,0.0
01/10/2008,-2000,-27200000,13.4(3.08 %),0,0,2000,27200000,0,0.0
02/10/2008,-5000,-66300000,13.8(2.99 %),2000,25800000,7000,92100000,0,0.0
03/10/2008,-5000,-66910000,13.3(-3.62 %),0,0,5000,66910000,0,0.0
06/10/2008,-12100,-154396000,12.7(-4.51 %),0,0,12100,154396000,0,0.0
07/10/2008,0,0,12.1(-4.72 %),0,0,0,0,0,0.0
08/10/2008,-45000,-517588000,11.5(-4.96 %),0,0,45000,517588000,0,0.0
09/10/2008,-37120,-412420000,11(-4.35 %),0,0,37120,412420000,0,0.0
10/10/2008,-25100,-263550000,10.5(-4.55 %),0,0,25100,263550000,0,0.0
13/10/2008,-29610,-301767000,10(-4.76 %),0,0,29610,301767000,0,0.0
14/10/2008,-45000,-472500000,10.5(5.00 %),0,0,45000,472500000,0,0.0
15/10/2008,-47040,-516798000,11(4.76 %),2000,21642000,49040,538440000,0,0.0
16/10/2008,-22120,-232265000,10.5(-4.55 %),2000,21000000,24120,253265000,0,0.0
17/10/2008,-12580,-134749000,10.5(0.00 %),0,0,12580,134749000,0,0.0
20/10/2008,-16510,-174795000,10.5(0.00 %),0,0,16510,174795000,0,0.0
21/10/2008,-2000,-21100000,10.6(0.95 %),0,0,2000,21100000,0,0.0
22/10/2008,-18010,-184005000,10.2(-3.77 %),0,0,18010,184005000,0,0.0
23/10/2008,-41860,-410334000,9.7(-4.90 %),0,0,41860,410334000,0,0.0
24/10/2008,-50000,-470000000,9.5(-2.06 %),0,0,50000,470000000,0,0.0
27/10/2008,150,1365000,9.1(-4.21 %),150,1365000,0,0,0,0.0
28/10/2008,-50000,-443500000,9(-1.10 %),0,0,50000,443500000,0,0.0
29/10/2008,-50000,-468322000,9.3(3.33 %),0,0,50000,468322000,0,0.0
30/10/2008,-96000,-860453000,9.2(-1.08 %),4000,35600000,100000,896053000,0,0.0
31/10/2008,-71540,-669883000,9.6(4.35 %),1000,9200000,72540,679083000,0,0.0
03/11/2008,2000,19733000,9.8(2.08 %),2000,19733000,0,0,0,0.0
04/11/2008,-6000,-61200000,10.2(4.08 %),0,0,6000,61200000,0,0.0
05/11/2008,0,0,10.7(4.90 %),0,0,0,0,0,0.0
06/11/2008,-44850,-458270000,10.2(-4.67 %),0,0,44850,458270000,0,0.0
07/11/2008,-42030,-407791000,9.7(-4.90 %),0,0,42030,407791000,0,0.0
10/11/2008,-77130,-736050000,9.4(-3.09 %),0,0,77130,736050000,0,0.0
11/11/2008,-1990,-18402000,9.4(0.00 %),0,0,1990,18402000,0,0.0
12/11/2008,-14500,-134500000,9.4(0.00 %),0,0,14500,134500000,0,0.0
13/11/2008,0,0,9.5(1.06 %),0,0,0,0,0,0.0
14/11/2008,-400,-3800000,9.4(-1.05 %),0,0,400,3800000,0,0.0
17/11/2008,0,0,9.1(-3.19 %),0,0,0,0,0,0.0
18/11/2008,0,0,8.9(-2.20 %),0,0,0,0,0,0.0
19/11/2008,0,0,9.1(2.25 %),0,0,0,0,0,0.0
20/11/2008,0,0,8.8(-3.30 %),0,0,0,0,0,0.0
21/11/2008,0,0,8.6(-2.27 %),0,0,0,0,0,0.0
24/11/2008,1000,8900000,8.9(3.49 %),1000,8900000,0,0,0,0.0
25/11/2008,0,0,8.5(-4.49 %),0,0,0,0,0,0.0
26/11/2008,0,0,8.1(-4.71 %),0,0,0,0,0,0.0
27/11/2008,-460,-3588000,7.7(-4.94 %),0,0,460,3588000,0,0.0
28/11/2008,0,0,8(3.90 %),0,0,0,0,0,0.0
01/12/2008,0,0,7.9(-1.25 %),0,0,0,0,0,0.0
02/12/2008,0,0,7.8(-1.27 %),0,0,0,0,0,0.0
03/12/2008,0,0,7.7(-1.28 %),0,0,0,0,0,0.0
04/12/2008,200,1560000,7.8(1.30 %),200,1560000,0,0,0,0.0
05/12/2008,0,0,7.5(-3.85 %),0,0,0,0,0,0.0
08/12/2008,0,0,7.3(-2.67 %),0,0,0,0,0,0.0
09/12/2008,700,4900000,7.4(1.37 %),700,4900000,0,0,0,0.0
10/12/2008,300,2130000,7.1(-4.05 %),300,2130000,0,0,0,0.0
11/12/2008,1500,10288000,7.1(0.00 %),1500,10288000,0,0,0,0.0
12/12/2008,1000,7300000,7.3(2.82 %),1000,7300000,0,0,0,0.0
15/12/2008,0,0,7.5(2.74 %),0,0,0,0,0,0.0
16/12/2008,-500,-3600000,7.2(-4.00 %),0,0,500,3600000,0,0.0
17/12/2008,0,0,7(-2.78 %),0,0,0,0,0,0.0
18/12/2008,-1000,-7000000,7.1(1.43 %),0,0,1000,7000000,0,0.0
19/12/2008,5000,36100000,7.3(2.82 %),5000,36100000,0,0,0,0.0
22/12/2008,700,4970000,7.2(-1.37 %),700,4970000,0,0,0,0.0
23/12/2008,800,5600000,7(-2.78 %),800,5600000,0,0,0,0.0
24/12/2008,-6000,-41756000,7(0.00 %),9000,63600000,15000,105356000,0,0.0
25/12/2008,0,0,7.3(4.29 %),0,0,0,0,0,0.0
26/12/2008,-54200,-411120000,7.6(4.11 %),0,0,54200,411120000,0,0.0
29/12/2008,-60300,-460406000,7.5(-1.32 %),0,0,60300,460406000,0,0.0
30/12/2008,-60000,-446000000,7.3(-2.67 %),0,0,60000,446000000,0,0.0
31/12/2008,-56000,-399435000,7.2(-1.37 %),4000,28000000,60000,427435000,0,0.0
02/01/2009,-95680,-717600000,7.5(4.17 %),5000,37500000,100680,755100000,5469120,21.65
05/01/2009,-97000,-756600000,7.8(4.00 %),3000,23400000,100000,780000000,5566120,21.17
06/01/2009,-98000,-794000000,8.1(3.85 %),2000,16000000,100000,810000000,5664120,20.68
07/01/2009,-81650,-664543000,7.9(-2.47 %),18350,149070000,100000,813613000,5745770,20.27
08/01/2009,-100000,-797276000,8(1.27 %),0,0,100000,797276000,5845770,19.77
09/01/2009,-22520,-176808000,7.8(-2.50 %),0,0,22520,176808000,5868290,19.66
12/01/2009,9330,70053000,7.5(-3.85 %),398030,2985625000,388700,2915572000,5858960,19.71
13/01/2009,2500,19650000,7.8(4.00 %),4000,31200000,1500,11550000,5856460,19.72
14/01/2009,-5000,-39500000,7.8(0.00 %),0,0,5000,39500000,5861460,19.69
15/01/2009,-1000,-7800000,7.8(0.00 %),0,0,1000,7800000,5862460,19.69
16/01/2009,-910,-7098000,7.7(-1.28 %),0,0,910,7098000,5863370,19.68
19/01/2009,0,0,7.7(0.00 %),0,0,0,0,5863370,19.68
20/01/2009,0,0,7.5(-2.60 %),0,0,0,0,5863370,19.68
21/01/2009,1000,7500000,7.5(0.00 %),1000,7500000,0,0,5862370,19.69
22/01/2009,-8370,-62775000,7.5(0.00 %),0,0,8370,62775000,5870740,19.65
23/01/2009,-68220,-509228000,7.5(0.00 %),2410,18034000,70630,527262000,5938960,19.31
02/02/2009,0,0,7.4(-1.33 %),0,0,0,0,5938960,19.31
03/02/2009,-1250,-9122000,7.1(-4.05 %),250,1828000,1500,10950000,5940210,19.3
04/02/2009,0,0,7.1(0.00 %),0,0,0,0,5940210,19.3
05/02/2009,0,0,7(-1.41 %),0,0,0,0,5940210,19.3
06/02/2009,-1000,-6900000,6.9(-1.43 %),0,0,1000,6900000,5941210,19.29
09/02/2009,-1000,-7000000,7.1(2.90 %),0,0,1000,7000000,5942210,19.29
10/02/2009,0,0,7.2(1.41 %),0,0,0,0,5942210,19.29
11/02/2009,-2000,-14000000,6.9(-4.17 %),0,0,2000,14000000,5944210,19.28
12/02/2009,-2350,-16180000,6.9(0.00 %),0,0,2350,16180000,5946560,19.27
13/02/2009,-20000,-135900000,6.8(-1.45 %),0,0,20000,135900000,5966560,19.17
16/02/2009,0,0,6.9(1.47 %),0,0,0,0,5966560,19.17
17/02/2009,0,0,6.8(-1.45 %),0,0,0,0,5966560,19.17
18/02/2009,300,1980000,6.5(-4.41 %),300,1980000,0,0,5966260,19.17
19/02/2009,0,0,6.4(-1.54 %),0,0,0,0,5966260,19.17
20/02/2009,0,0,6.4(0.00 %),0,0,0,0,5966260,19.17
23/02/2009,0,0,6.1(-4.69 %),0,0,0,0,5966260,19.17
24/02/2009,-3330,-19647000,5.9(-3.28 %),0,0,3330,19647000,5969590,19.15
25/02/2009,10000,61000000,6.1(3.39 %),10000,61000000,0,0,5959590,19.2
26/02/2009,0,0,6.1(0.00 %),0,0,0,0,5959590,19.2
27/02/2009,0,0,6.2(1.64 %),0,0,0,0,5959590,19.2
02/03/2009,0,0,6.2(0.00 %),0,0,0,0,5959590,19.2
03/03/2009,0,0,6(-3.23 %),0,0,0,0,5959590,19.2
04/03/2009,0,0,6.2(3.33 %),0,0,0,0,5959590,19.2
05/03/2009,0,0,6.2(0.00 %),0,0,0,0,5959590,19.2
06/03/2009,-16000,-99300000,6.3(1.61 %),0,0,16000,99300000,5975590,19.12
09/03/2009,-10000,-66000000,6.6(4.76 %),0,0,10000,66000000,5985590,19.07
10/03/2009,0,0,6.9(4.55 %),0,0,0,0,5985590,19.07
11/03/2009,0,0,7.2(4.35 %),0,0,0,0,5985590,19.07
12/03/2009,0,0,6.9(-4.17 %),0,0,0,0,5985590,19.07
13/03/2009,0,0,6.6(-4.35 %),0,0,0,0,5985590,19.07
16/03/2009,0,0,6.7(1.52 %),0,0,0,0,5985590,19.07
17/03/2009,0,0,7(4.48 %),0,0,0,0,5985590,19.07
18/03/2009,0,0,7.1(1.43 %),0,0,0,0,5985590,19.07
19/03/2009,3800,26930000,7.1(0.00 %),3800,26930000,0,0,5981790,19.09
20/03/2009,760,5414000,7.1(0.00 %),760,5414000,0,0,5981030,19.09
23/03/2009,0,0,6.9(-2.82 %),0,0,0,0,5981030,19.09
24/03/2009,60,420000,7(1.45 %),60,420000,0,0,5980970,19.1
25/03/2009,0,0,7.1(1.43 %),0,0,0,0,5980970,19.1
26/03/2009,-2000,-14100000,7(-1.41 %),0,0,2000,14100000,5982970,19.09
27/03/2009,2000,14200000,6.9(-1.43 %),2000,14200000,0,0,5980970,19.1
30/03/2009,0,0,6.6(-4.35 %),0,0,0,0,5980970,19.1
31/03/2009,400,2680000,6.8(3.03 %),400,2680000,0,0,5980570,19.1
01/04/2009,3400,24140000,7.1(4.41 %),3400,24140000,0,0,5977170,19.11
02/04/2009,6030,44619000,7.4(4.23 %),6030,44619000,0,0,5971140,19.14
03/04/2009,-3050,-23485000,7.7(4.05 %),0,0,3050,23485000,5974190,19.13
07/04/2009,-400,-3040000,7.9(2.60 %),0,0,400,3040000,5974590,19.13
08/04/2009,-10390,-79404000,7.6(-3.80 %),10,76000,10400,79480000,5984980,19.08
09/04/2009,-5030,-37568000,7.7(1.32 %),0,0,5030,37568000,5990010,19.05
10/04/2009,0,0,8(3.90 %),0,0,0,0,5990010,19.05
13/04/2009,-6000,-50400000,8.4(5.00 %),0,0,6000,50400000,5996010,19.02
14/04/2009,-1140,-10032000,8.8(4.76 %),100,880000,1240,10912000,5997150,19.01
15/04/2009,-14000,-125100000,9.2(4.55 %),0,0,14000,125100000,6011150,18.94
16/04/2009,-10,-96000,9.6(4.35 %),0,0,10,96000,6011160,18.94
17/04/2009,2200,21300000,10(4.17 %),2200,21300000,0,0,6008960,18.96
20/04/2009,2920,27740000,9.5(-5.00 %),2920,27740000,0,0,6006040,18.97
21/04/2009,2920,27740000,9.1(-4.21 %),2920,27740000,0,0,6003120,18.98
22/04/2009,3230,28943000,8.9(-2.20 %),4500,40500000,1270,11557000,5999890,19.0
23/04/2009,2000,17200000,8.5(-4.49 %),2000,17200000,0,0,5997890,19.01
24/04/2009,0,0,8.1(-4.71 %),0,0,0,0,5997890,19.01
27/04/2009,0,0,8.1(0.00 %),0,0,0,0,5997890,19.01
28/04/2009,0,0,8.1(0.00 %),0,0,0,0,5997890,19.01
29/04/2009,0,0,8.5(4.94 %),0,0,0,0,5997890,19.01
04/05/2009,0,0,8.9(4.71 %),0,0,0,0,5997890,19.01
05/05/2009,0,0,9.3(4.49 %),0,0,0,0,5997890,19.01
06/05/2009,-3500,-32050000,8.9(-4.30 %),0,0,3500,32050000,6001390,18.99
07/05/2009,260,2320000,9.1(2.25 %),260,2320000,0,0,6001130,18.99
08/05/2009,0,0,8.7(-4.40 %),0,0,0,0,6001130,18.99
11/05/2009,-1500,-13200000,8.5(-2.30 %),0,0,1500,13200000,6002630,18.99
12/05/2009,0,0,8.9(4.71 %),0,0,0,0,6002630,18.99
13/05/2009,-1700,-15810000,9.3(4.49 %),0,0,1700,15810000,6004330,18.98
14/05/2009,-7750,-74375000,9.7(4.30 %),0,0,7750,74375000,6012080,18.94
15/05/2009,0,0,10.1(4.12 %),0,0,0,0,6012080,18.94
18/05/2009,0,0,10.1(0.00 %),0,0,0,0,6012080,18.94
19/05/2009,-6000,-62400000,10.6(4.95 %),0,0,6000,62400000,6018080,18.91
20/05/2009,0,0,11.1(4.72 %),0,0,0,0,6018080,18.91
21/05/2009,0,0,11.6(4.50 %),0,0,0,0,6018080,18.91
22/05/2009,2000,22600000,11.3(-2.59 %),2000,22600000,0,0,6016080,18.92
25/05/2009,-3850,-45030000,11.8(4.42 %),150,1770000,4000,46800000,6019930,18.9
26/05/2009,3340,41057000,12.3(4.24 %),3340,41057000,0,0,6016590,18.92
27/05/2009,1070,13803000,12.9(4.88 %),1070,13803000,0,0,6015520,18.92
28/05/2009,920,12188000,13.5(4.65 %),1020,13538000,100,1350000,6014600,18.93
29/05/2009,2000,26489000,13(-3.70 %),2000,26489000,0,0,6012600,18.94
01/06/2009,60,780000,12.7(-2.31 %),60,780000,0,0,6012540,18.94
02/06/2009,-2400,-31320000,13.1(3.15 %),600,7980000,3000,39300000,6014940,18.93
03/06/2009,0,0,13(-0.76 %),0,0,0,0,6014940,18.93
04/06/2009,1000,13600000,13.6(4.62 %),1000,13600000,0,0,6013940,18.93
05/06/2009,-2000,-28400000,14.2(4.41 %),0,0,2000,28400000,6015940,18.92
08/06/2009,-1000,-14900000,14.9(4.93 %),0,0,1000,14900000,6016940,18.92
09/06/2009,-45740,-678455000,14.3(-4.03 %),0,0,45740,678455000,6062680,18.69
10/06/2009,-43000,-584800000,13.6(-4.90 %),0,0,43000,584800000,6105680,18.47
11/06/2009,-200000,-2815000000,14.2(4.41 %),0,0,200000,2815000000,6305680,17.47
12/06/2009,-23710,-353279000,14.9(4.93 %),0,0,23710,353279000,6329390,17.35
15/06/2009,-61700,-876127000,14.2(-4.70 %),1130,16059000,62830,892186000,6391090,17.04
16/06/2009,0,0,13.5(-4.93 %),0,0,0,0,6391090,17.04
17/06/2009,-16000,-213400000,13.6(0.74 %),4000,51600000,20000,265000000,6407090,16.96
18/06/2009,-5060,-68288000,13(-4.41 %),140,1932000,5200,70220000,6412150,16.94
19/06/2009,5030,63387000,12.9(-0.77 %),5030,63387000,0,0,6407120,16.96
22/06/2009,20,250000,12.3(-4.65 %),20,250000,0,0,6407100,16.96
23/06/2009,0,0,11.7(-4.88 %),0,0,0,0,6407100,16.96
24/06/2009,0,0,12.2(4.27 %),0,0,0,0,6407100,16.96
25/06/2009,0,0,11.6(-4.92 %),0,0,0,0,6407100,16.96
26/06/2009,1040,12064000,11.7(0.86 %),1040,12064000,0,0,6406060,16.97
29/06/2009,2000,23400000,11.7(0.00 %),2000,23400000,0,0,6404060,16.98
30/06/2009,0,0,11.2(-4.27 %),0,0,0,0,6404060,16.98
01/07/2009,0,0,10.8(-3.57 %),0,0,0,0,6404060,16.98
02/07/2009,0,0,11.3(4.63 %),0,0,0,0,6404060,16.98
03/07/2009,0,0,11.5(1.77 %),0,0,0,0,6404060,16.98
06/07/2009,0,0,12(4.35 %),0,0,0,0,6404060,16.98
07/07/2009,0,0,11.4(-1.72 %),0,0,0,0,6404060,16.98
08/07/2009,0,0,11.3(-0.88 %),0,0,0,0,6404060,16.98
09/07/2009,0,0,11.3(0.00 %),0,0,0,0,6404060,16.98
10/07/2009,0,0,11(-2.65 %),0,0,0,0,6404060,16.98
13/07/2009,7030,73855000,10.5(-4.55 %),7030,73855000,0,0,6397030,17.01
14/07/2009,16200,162120000,10.3(-1.90 %),16200,162120000,0,0,6380830,17.1
15/07/2009,0,0,10.8(4.85 %),0,0,0,0,6380830,17.1
16/07/2009,0,0,11.1(2.78 %),0,0,0,0,6380830,17.1
17/07/2009,560,5937000,10.8(-2.70 %),560,5937000,0,0,6380270,17.1
20/07/2009,20000,206000000,10.3(-4.63 %),20000,206000000,0,0,6360270,17.2
21/07/2009,0,0,10.3(0.00 %),0,0,0,0,6360270,17.2
22/07/2009,0,0,10.3(0.00 %),0,0,0,0,6360270,17.2
23/07/2009,0,0,10.6(2.91 %),0,0,0,0,6360270,17.2
24/07/2009,0,0,11.1(4.72 %),0,0,0,0,6360270,17.2
27/07/2009,0,0,11.1(0.00 %),0,0,0,0,6360270,17.2
28/07/2009,10310,109349000,10.6(-4.50 %),10310,109349000,0,0,6349960,17.25
29/07/2009,0,0,10.7(0.94 %),0,0,0,0,6349960,17.25
30/07/2009,10000,106000000,10.7(0.00 %),10000,106000000,0,0,6339960,17.3
31/07/2009,20,220000,10.7(0.00 %),20,220000,0,0,6339940,17.3
03/08/2009,-2150,-23220000,10.6(-0.93 %),0,0,2150,23220000,6342090,17.29
04/08/2009,0,0,10.8(1.89 %),0,0,0,0,6342090,17.29
05/08/2009,0,0,10.8(0.00 %),0,0,0,0,6342090,17.29
06/08/2009,0,0,10.8(0.00 %),0,0,0,0,6342090,17.29
07/08/2009,1600,17280000,11(1.85 %),1600,17280000,0,0,6340490,17.3
10/08/2009,0,0,11.5(4.55 %),0,0,0,0,6340490,17.3
11/08/2009,0,0,12(4.35 %),0,0,0,0,6340490,17.3
12/08/2009,50,620000,12.4(3.33 %),50,620000,0,0,6340440,17.3
13/08/2009,-9990,-120593000,11.8(-4.84 %),10,122000,10000,120715000,6350430,17.25
14/08/2009,-5000,-57520000,11.6(-1.69 %),0,0,5000,57520000,6355430,17.22
17/08/2009,-1340,-15276000,11.4(-1.72 %),0,0,1340,15276000,6356770,17.22
18/08/2009,40,440000,11.5(0.88 %),40,440000,0,0,6356730,17.22
19/08/2009,-2180,-25288000,11.7(1.74 %),0,0,2180,25288000,6358910,17.21
20/08/2009,0,0,11.9(1.71 %),0,0,0,0,6358910,17.21
21/08/2009,-11600,-141360000,11.9(0.00 %),0,0,11600,141360000,6370510,17.15
24/08/2009,0,0,12.1(1.68 %),0,0,0,0,6370510,17.15
25/08/2009,-3930,-46862000,11.9(-1.65 %),0,0,3930,46862000,6374440,17.13
26/08/2009,-25000,-302000000,12.1(1.68 %),0,0,25000,302000000,6399440,17.0
27/08/2009,0,0,12.2(0.83 %),0,0,0,0,6399440,17.0
28/08/2009,-10000,-123500000,12.3(0.82 %),0,0,10000,123500000,6409440,16.95
31/08/2009,-4000,-49900000,12.7(3.25 %),1000,12600000,5000,62500000,6413440,16.93
01/09/2009,0,0,12.5(-1.57 %),0,0,0,0,6413440,16.93
03/09/2009,0,0,12.3(-1.60 %),0,0,0,0,6413440,16.93
04/09/2009,-1560,-19188000,12.2(-0.81 %),1440,17712000,3000,36900000,6415000,16.92
07/09/2009,-1000,-11821000,11.8(-3.28 %),0,0,1000,11821000,6416000,16.92
08/09/2009,0,0,12.2(3.39 %),0,0,0,0,6416000,16.92
09/09/2009,0,0,12.1(-0.82 %),0,0,0,0,6416000,16.92
10/09/2009,0,0,12.4(2.48 %),0,0,0,0,6416000,16.92
11/09/2009,2000,25200000,12.5(0.81 %),2000,25200000,0,0,6414000,16.93
14/09/2009,0,0,12(-4.00 %),0,0,0,0,6414000,16.93
15/09/2009,0,0,12.6(5.00 %),0,0,0,0,6414000,16.93
16/09/2009,5000,65500000,13.2(4.76 %),5000,65500000,0,0,6409000,16.96
17/09/2009,7960,109848000,13.8(4.55 %),10000,138000000,2040,28152000,6401040,16.99
18/09/2009,10,135000,13.5(-2.17 %),10,135000,0,0,6401020,16.99
21/09/2009,0,0,13.1(-2.96 %),0,0,0,0,6401030,16.99
22/09/2009,-54630,-715417000,13.2(0.76 %),2340,30888000,56970,746305000,6455660,16.72
23/09/2009,-16410,-217643000,13.1(-0.76 %),2000,26200000,18410,243843000,6472070,16.64
24/09/2009,-10900,-141700000,12.7(-3.05 %),0,0,10900,141700000,6482970,16.59
25/09/2009,0,0,12.6(-0.79 %),0,0,0,0,6482970,16.59
28/09/2009,-3090,-49749000,12.6(0.00 %),0,0,3090,49749000,6486060,16.57
29/09/2009,0,0,12.7(0.79 %),0,0,0,0,6488880,16.56
30/09/2009,-64000,-801600000,12.5(-1.57 %),0,0,64000,801600000,6552880,16.24
01/10/2009,-5000,-62500000,12.3(-1.60 %),0,0,5000,62500000,6557880,16.21
02/10/2009,0,0,11.9(-3.25 %),0,0,0,0,6557880,16.21
05/10/2009,-2850,-34485000,11.9(0.00 %),0,0,2850,34485000,6560730,16.2
06/10/2009,-1590,-18921000,11.9(0.00 %),0,0,1590,18921000,6562320,16.19
07/10/2009,0,0,12(0.84 %),0,0,0,0,6562320,16.19
08/10/2009,0,0,12(0.00 %),0,0,0,0,6562320,16.19
09/10/2009,-12000,-151200000,12.6(5.00 %),9000,113400000,21000,264600000,6574320,16.13
12/10/2009,-37970,-499104000,13.2(4.76 %),30,396000,38000,499500000,6612290,15.94
13/10/2009,-60,-822000,13.8(4.55 %),0,0,60,822000,6612350,15.94
14/10/2009,1000,14300000,14.4(4.35 %),1000,14300000,0,0,6611350,15.94
15/10/2009,0,0,15.1(4.86 %),0,0,0,0,6611350,15.94
16/10/2009,-83720,-1238172000,14.5(-3.97 %),0,0,83720,1238172000,6695070,15.52
19/10/2009,-70120,-991540000,14.5(0.00 %),0,0,70120,991540000,6765190,15.17
20/10/2009,-145500,-2201500000,15.2(4.83 %),0,0,145500,2201500000,6910690,14.45
21/10/2009,-134000,-2128500000,15.9(4.61 %),0,0,134000,2128500000,7044690,13.78
22/10/2009,-136000,-2245200000,16.6(4.40 %),1000,16400000,137000,2261600000,7180690,13.1
23/10/2009,-42460,-692620000,15.8(-4.82 %),0,0,42460,692620000,7223150,12.88
26/10/2009,-7430,-112193000,15.1(-4.43 %),0,0,7430,112193000,7230580,12.85
27/10/2009,0,0,14.4(-4.64 %),0,0,0,0,7230580,12.85
28/10/2009,0,0,14(-2.78 %),0,0,0,0,7230580,12.85
29/10/2009,0,0,13.3(-5.00 %),0,0,0,0,7230580,12.85
30/10/2009,0,0,13.9(4.51 %),0,0,0,0,7230580,12.85
02/11/2009,-94480,-1256584000,13.3(-4.32 %),520,6916000,95000,1263500000,7325060,12.37
03/11/2009,-12260,-157076000,12.7(-4.51 %),70,896000,12330,157972000,7337320,12.31
04/11/2009,-52520,-672787000,12.8(0.79 %),0,0,52520,672787000,7389840,12.05
05/11/2009,-40000,-536000000,13.4(4.69 %),0,0,40000,536000000,7429840,11.85
06/11/2009,-5000,-68500000,13.5(0.75 %),0,0,5000,68500000,7434840,11.83
09/11/2009,0,0,12.9(-4.44 %),0,0,0,0,7434840,11.83
10/11/2009,8790,109875000,12.6(-2.33 %),8790,109875000,0,0,7426050,11.87
11/11/2009,0,0,13(3.17 %),0,0,0,0,7426050,11.87
12/11/2009,0,0,13.1(0.77 %),0,0,0,0,7426050,11.87
13/11/2009,0,0,13.7(4.58 %),0,0,0,0,7426050,11.87
16/11/2009,0,0,14.2(3.65 %),0,0,0,0,7426050,11.87
17/11/2009,0,0,14.2(0.00 %),0,0,0,0,7426050,11.87
18/11/2009,0,0,14.2(0.00 %),0,0,0,0,7426050,11.87
19/11/2009,0,0,14.9(4.93 %),0,0,0,0,7426050,11.87
20/11/2009,0,0,15(0.67 %),0,0,0,0,7426050,11.87
23/11/2009,0,0,14.3(-4.67 %),0,0,0,0,7426050,11.87
24/11/2009,0,0,13.8(-3.50 %),0,0,0,0,7426050,11.87
25/11/2009,0,0,13.2(-4.35 %),0,0,0,0,7426050,11.87
26/11/2009,0,0,12.6(-4.55 %),0,0,0,0,7426050,11.87
27/11/2009,10000,120000000,12.6(0.00 %),10000,120000000,0,0,7416050,11.92
30/11/2009,-8200,-107420000,12.8(1.59 %),0,0,8200,107420000,7424250,11.88
01/12/2009,0,0,13(1.56 %),0,0,0,0,7424250,11.88
02/12/2009,29700,371250000,12.5(-3.85 %),29700,371250000,0,0,7394550,12.03
03/12/2009,35520,443948000,12.6(0.80 %),35520,443948000,0,0,7359030,12.2
04/12/2009,16720,213490000,12.7(0.79 %),16720,213490000,0,0,7342310,12.29
07/12/2009,0,0,13.3(4.72 %),0,0,0,0,7342310,12.29
08/12/2009,0,0,13(-2.26 %),0,0,0,0,7342310,12.29
09/12/2009,35230,442685000,12.5(-3.85 %),35230,442685000,0,0,7307080,12.46
10/12/2009,18190,224437000,12.3(-1.60 %),18190,224437000,0,0,7288890,12.56
11/12/2009,37910,446547000,11.7(-4.88 %),37910,446547000,0,0,7250980,12.75
14/12/2009,0,0,12(2.56 %),0,0,0,0,7250980,12.75
15/12/2009,0,0,11.9(-0.83 %),0,0,0,0,7250980,12.75
16/12/2009,30000,343300000,11.4(-4.20 %),30000,343300000,0,0,7220980,12.9
17/12/2009,10960,119464000,11.4(0.00 %),10960,119464000,0,0,7210020,12.95
18/12/2009,7000,83300000,11.9(4.39 %),7000,83300000,0,0,7203020,12.98
21/12/2009,500,6005000,12.3(3.36 %),500,6005000,0,0,7202520,12.99
22/12/2009,28000,338600000,12.1(-1.63 %),28000,338600000,0,0,7174520,13.13
23/12/2009,21000,250400000,11.8(-2.48 %),21000,250400000,0,0,7153520,13.23
24/12/2009,6400,75520000,12(1.69 %),6400,75520000,0,0,7147120,13.26
25/12/2009,10010,120125000,12.5(4.17 %),10010,120125000,0,0,7137110,13.31
28/12/2009,10000,120000000,12(-4.00 %),10000,120000000,0,0,7127110,13.36
29/12/2009,26600,315640000,12(0.00 %),26600,315640000,0,0,7100510,13.5
30/12/2009,2080,24960000,12.2(1.67 %),2080,24960000,0,0,7098430,13.51
31/12/2009,10000,120000000,12(-1.64 %),10000,120000000,0,0,7088430,13.56
04/01/2010,0,0,12.6(5.00 %),0,0,0,0,7088430,13.56
05/01/2010,-17290,-228228000,13.2(4.76 %),200,2640000,17490,230868000,7105720,13.47
06/01/2010,0,0,12.8(-3.03 %),0,0,0,0,7105720,13.47
07/01/2010,0,0,12.5(-2.34 %),0,0,0,0,7105720,13.47
08/01/2010,-370,-4773000,12.5(0.00 %),30,387000,400,5160000,7106090,13.47
11/01/2010,-10,-124000,12.3(-1.60 %),0,0,10,124000,7106100,13.47
12/01/2010,5000,60000000,12(-2.44 %),5000,60000000,0,0,7101100,13.49
13/01/2010,32500,376600000,12(0.00 %),32500,376600000,0,0,7068600,13.66
14/01/2010,-3000,-36900000,12(0.00 %),0,0,3000,36900000,7071600,13.64
15/01/2010,8470,99943000,11.8(-1.67 %),8500,100300000,30,357000,7063130,13.68
18/01/2010,24340,284225000,11.6(-1.69 %),24340,284225000,0,0,7038790,13.81
19/01/2010,-48630,-556666000,11.3(-2.59 %),3970,44861000,52600,601527000,7087420,13.56
20/01/2010,-23600,-263732000,11.1(-1.77 %),25100,282953000,48700,546685000,7111020,13.44
21/01/2010,2610,30273000,10.7(-3.60 %),27010,294211000,24400,263938000,7108410,13.46
22/01/2010,4900,51635000,10.7(0.00 %),29300,310240000,24400,258605000,7103510,13.48
25/01/2010,-9880,-105292000,10.7(0.00 %),15740,167918000,25620,273210000,7113390,13.43
26/01/2010,-27240,-298318000,11.2(4.67 %),0,0,27240,298318000,7140630,13.3
27/01/2010,-30500,-330360000,10.7(-4.46 %),0,0,30500,330360000,7171130,13.14
28/01/2010,600,7218000,10.6(-0.93 %),20900,221260000,20300,214042000,7170530,13.15
29/01/2010,-23300,-248830000,10.6(0.00 %),1100,11550000,24400,260380000,7193830,13.03
01/02/2010,-20080,-210920000,10.5(-0.94 %),220,2288000,20300,213208000,7213910,12.93
02/02/2010,-16600,-176630000,10.5(0.00 %),9900,104450000,26500,281080000,7230510,12.85
03/02/2010,-20590,-216549000,10.6(0.95 %),9910,104546000,30500,321095000,7251100,12.74
04/02/2010,-50840,-539955000,10.9(2.83 %),0,0,50840,539955000,7301940,12.49
05/02/2010,0,0,10.6(-2.75 %),0,0,0,0,7301940,12.49
08/02/2010,-1000,-10650000,10.7(0.94 %),0,0,1000,10650000,7302940,12.49
09/02/2010,16030,171521000,10.7(0.00 %),16030,171521000,0,0,7286910,12.57
10/02/2010,0,0,10.8(0.93 %),0,0,0,0,7286910,12.57
11/02/2010,10000,107240000,10.7(-0.93 %),10000,107240000,0,0,7276910,12.62
12/02/2010,2420,26136000,11(2.80 %),2420,26136000,0,0,7274490,12.63
22/02/2010,2000,23000000,11.5(4.55 %),2000,23000000,0,0,7272490,12.64
23/02/2010,0,0,11.1(-3.48 %),0,0,0,0,7272490,12.64
24/02/2010,-640,-7040000,11.1(0.00 %),0,0,640,7040000,7273130,12.63
25/02/2010,0,0,11(-0.90 %),0,0,0,0,7273130,12.63
26/02/2010,0,0,11.2(1.82 %),0,0,0,0,7276480,12.63
01/03/2010,0,0,11.3(0.89 %),0,0,0,0,7276480,12.62
02/03/2010,0,0,11.1(-1.77 %),0,0,0,0,7276480,12.62
03/03/2010,4210,46130000,11.2(0.90 %),5110,56210000,900,10080000,7272270,12.64
04/03/2010,500,5650000,11.2(0.00 %),500,5650000,0,0,7271770,12.64
05/03/2010,-1520,-17124000,11.2(0.00 %),480,5376000,2000,22500000,7273290,12.63
08/03/2010,0,0,11.4(1.79 %),0,0,0,0,7273290,12.63
09/03/2010,-21000,-249400000,11.9(4.39 %),0,0,21000,249400000,7294290,12.53
10/03/2010,-11100,-133250000,12(0.84 %),0,0,11100,133250000,7305390,12.47
11/03/2010,-7260,-88346000,12.1(0.83 %),0,0,7260,88346000,7312650,12.44
12/03/2010,-5000,-61200000,12.2(0.83 %),0,0,5000,61200000,7317650,12.41
15/03/2010,-9950,-123985000,12.3(0.82 %),0,0,9950,123985000,7327600,12.36
16/03/2010,0,0,11.7(-4.88 %),0,0,0,0,7327600,12.36
17/03/2010,0,0,11.4(-2.56 %),0,0,0,0,7327600,12.36
18/03/2010,-570,-6669000,11.5(0.88 %),0,0,570,6669000,7328170,12.36
19/03/2010,0,0,11.4(-0.87 %),0,0,0,0,7328170,12.36
22/03/2010,0,0,11.4(0.00 %),0,0,0,0,7328170,12.36
23/03/2010,0,0,11.4(0.00 %),0,0,0,0,7328170,12.36
24/03/2010,-34000,-404000000,11.9(4.39 %),0,0,34000,404000000,7362170,12.19
25/03/2010,-13750,-166000000,11.4(-4.20 %),0,0,13750,166000000,7375920,12.12
26/03/2010,0,0,11.8(3.51 %),0,0,0,0,7375920,12.12
29/03/2010,0,0,11.6(-1.69 %),0,0,0,0,7375920,12.12
30/03/2010,0,0,11.4(-1.72 %),0,0,0,0,7375920,12.12
31/03/2010,0,0,11.6(1.75 %),0,0,0,0,7375920,12.12
01/04/2010,0,0,11.7(0.86 %),0,0,0,0,7375920,12.12
02/04/2010,3410,39215000,11.4(-2.56 %),3410,39215000,0,0,7372510,12.14
05/04/2010,20000,228000000,11.4(0.00 %),20000,228000000,0,0,7352510,12.24
06/04/2010,4000,43600000,11.8(3.51 %),10000,115000000,6000,71400000,7348510,12.26
07/04/2010,430,4988000,11.6(-1.69 %),430,4988000,0,0,7348080,12.26
08/04/2010,-900,-10440000,11.7(0.86 %),0,0,900,10440000,7348980,12.26
09/04/2010,0,0,11.8(0.85 %),0,0,0,0,7348980,12.26
12/04/2010,-2000,-23400000,11.6(-1.69 %),0,0,2000,23400000,7350980,12.25
13/04/2010,0,0,11.4(-1.72 %),0,0,0,0,7350980,12.25
14/04/2010,0,0,11.5(0.88 %),0,0,0,0,7350980,12.25
15/04/2010,0,0,11.5(0.00 %),0,0,0,0,7350980,12.25
16/04/2010,-1000,-11500000,11.6(0.87 %),0,0,1000,11500000,7351980,12.24
19/04/2010,0,0,11.6(0.00 %),0,0,0,0,7351980,12.24
20/04/2010,0,0,11.5(-0.86 %),0,0,0,0,7351980,12.24
21/04/2010,-22000,-264000000,12(4.35 %),15000,180000000,37000,444000000,7373980,12.13
22/04/2010,-10,-3626000,11.9(-0.83 %),34990,437374000,35000,441000000,7373990,12.13
26/04/2010,-25780,-312980000,12.1(1.68 %),0,0,25780,312980000,7399770,12.0
27/04/2010,-1990,-23479000,12.1(0.00 %),4010,48521000,6000,72000000,7401760,11.99
28/04/2010,-3560,-42264000,11.8(-2.48 %),0,0,3560,42264000,7405320,11.97
29/04/2010,-1000,-12000000,12.3(4.24 %),0,0,1000,12000000,7406320,11.97
04/05/2010,0,0,12.9(4.88 %),0,0,0,0,7406320,11.97
05/05/2010,0,0,13.5(4.65 %),0,0,0,0,7406320,11.97
06/05/2010,-50000,-705000000,14.1(4.44 %),0,0,50000,705000000,7456320,11.72
07/05/2010,-138300,-2044340000,14.8(4.96 %),2200,32560000,140500,2076900000,7594620,11.03
10/05/2010,-13000,-186400000,14.2(-4.05 %),2000,31000000,15000,217400000,7607620,10.96
11/05/2010,-15730,-218666000,13.5(-4.93 %),0,0,15730,218666000,7623350,10.88
12/05/2010,-64600,-834340000,12.9(-4.44 %),0,0,64600,834340000,7687950,10.56
13/05/2010,4100,50430000,12.3(-4.65 %),4100,50430000,0,0,7683850,10.58
14/05/2010,-7120,-90664000,12.7(3.25 %),4280,53516000,11400,144180000,7690970,10.55
17/05/2010,-6020,-76750000,12.2(-3.94 %),0,0,6020,76750000,7696990,10.52
18/05/2010,-2000,-23600000,12.1(-0.82 %),0,0,2000,23600000,7698990,10.51
19/05/2010,-2450,-28763000,11.5(-4.96 %),0,0,2450,28763000,7701440,10.49
20/05/2010,15000,165000000,11.6(0.87 %),15000,165000000,0,0,7686440,10.57
21/05/2010,37470,415917000,11.1(-4.31 %),40000,444000000,2530,28083000,7648970,10.76
24/05/2010,20000,212000000,11.1(0.00 %),20000,212000000,0,0,7628970,10.86
25/05/2010,26670,289746000,11(-0.90 %),27250,296300000,580,6554000,7602300,10.99
26/05/2010,0,0,11.5(4.55 %),0,0,0,0,7602300,10.99
27/05/2010,70,798000,11.3(-1.74 %),70,798000,0,0,7602230,10.99
28/05/2010,2000,23600000,11.8(4.42 %),2000,23600000,0,0,7600230,11.0
31/05/2010,0,0,11.4(-3.39 %),0,0,0,0,7600230,11.0
01/06/2010,17000,197400000,11.6(1.75 %),17000,197400000,0,0,7583230,11.08
02/06/2010,19000,228400000,12.1(4.31 %),19000,228400000,0,0,7564230,11.18
03/06/2010,0,0,12.7(4.96 %),0,0,0,0,7564230,11.18
04/06/2010,-8000,-108050000,13.1(3.15 %),14000,179800000,22000,287850000,7572230,11.14
07/06/2010,-8000,-100200000,12.5(-4.58 %),1000,12500000,9000,112700000,7580230,11.1
08/06/2010,5000,59200000,12.8(2.40 %),8000,96000000,3000,36800000,7575230,11.12
09/06/2010,-11000,-139700000,12.2(-4.69 %),0,0,11000,139700000,7586230,11.07
10/06/2010,-5000,-62900000,12.5(2.46 %),0,0,5000,62900000,7591230,11.04
11/06/2010,1200,15480000,12.5(0.00 %),3200,41280000,2000,25800000,7590030,11.05
14/06/2010,-1000,-12700000,12.4(-0.80 %),0,0,1000,12700000,7591030,11.04
15/06/2010,-10000,-127600000,13(4.84 %),0,0,10000,127600000,7601030,10.99
16/06/2010,-61910,-831906000,13.6(4.62 %),90,1188000,62000,833094000,7662940,10.69
17/06/2010,-45070,-617073000,13.5(-0.74 %),0,0,45070,617073000,7708010,10.46
18/06/2010,0,0,13.4(-0.74 %),0,0,0,0,7708010,10.46
21/06/2010,30,402000,13.3(-0.75 %),30,402000,0,0,7707980,10.46
22/06/2010,20000,262400000,13.1(-1.50 %),20000,262400000,0,0,7687980,10.56
23/06/2010,-19290,-264344000,13.7(4.58 %),10710,146656000,30000,411000000,7707270,10.46
24/06/2010,-30090,-427251000,14.3(4.38 %),0,0,30090,427251000,7737360,10.31
25/06/2010,17300,240220000,13.8(-3.50 %),18000,250300000,700,10080000,7720060,10.4
28/06/2010,2010,27537000,13.7(-0.72 %),2010,27537000,0,0,7718050,10.41
29/06/2010,0,0,13.7(0.00 %),0,0,0,0,7718050,10.41
30/06/2010,7440,97464000,13.1(-4.38 %),7440,97464000,0,0,7710610,10.45
01/07/2010,30,399000,13.5(3.05 %),30,399000,0,0,7710580,10.45
02/07/2010,-1000,-13600000,13.6(0.74 %),0,0,1000,13600000,7711580,10.44
05/07/2010,0,0,13.5(-0.74 %),0,0,0,0,7711580,10.44
06/07/2010,0,0,13.4(-0.74 %),0,0,0,0,7711580,10.44
07/07/2010,-1710,-23256000,13.1(-2.24 %),0,0,1710,23256000,7713290,10.43
08/07/2010,-7000,-95700000,13.7(4.58 %),0,0,7000,95700000,7720290,10.4
09/07/2010,-2510,-34236000,13.7(0.00 %),0,0,2510,34236000,7722800,10.39
12/07/2010,0,0,13.7(0.00 %),0,0,0,0,7722800,10.39
13/07/2010,-57180,-814502000,14.3(4.38 %),5000,69000000,62180,883502000,7779980,10.1
14/07/2010,-31000,-465000000,15(4.90 %),0,0,31000,465000000,7810980,9.95
15/07/2010,-26000,-408200000,15.7(4.67 %),0,0,26000,408200000,7836980,9.82
16/07/2010,0,0,16.4(4.46 %),0,0,0,0,7836980,9.82
19/07/2010,-8000,-137400000,17.2(4.88 %),0,0,8000,137400000,7844980,9.78
20/07/2010,2690,46735000,16.8(-2.33 %),2690,46735000,0,0,7842290,9.79
21/07/2010,2400,42240000,17.6(4.76 %),3000,52800000,600,10560000,7839890,9.8
22/07/2010,-95000,-1745900000,18.3(3.98 %),5000,91500000,100000,1837400000,7934890,9.33
23/07/2010,0,0,17.4(-4.92 %),0,0,0,0,7934890,9.33
26/07/2010,-100000,-1671000000,16.6(-4.60 %),0,0,100000,1671000000,8034890,8.83
27/07/2010,-15500,-250150000,15.9(-4.22 %),0,0,15500,250150000,8050390,8.75
28/07/2010,0,0,15.2(-4.40 %),0,0,0,0,8050390,8.75
29/07/2010,-185270,-2936071000,15.9(4.61 %),2230,35279000,187500,2971350000,8235660,7.82
30/07/2010,0,0,15.9(0.00 %),0,0,0,0,8235660,7.82
02/08/2010,0,0,16.5(3.77 %),0,0,0,0,8235660,7.82
03/08/2010,0,0,16.2(-1.82 %),0,0,0,0,8235660,7.82
04/08/2010,-6400,-108800000,17(4.94 %),0,0,6400,108800000,8242060,7.79
05/08/2010,0,0,17.8(4.71 %),0,0,0,0,8242060,7.79
06/08/2010,-2870,-51676000,18.6(4.49 %),0,0,2870,51676000,8244930,7.78
09/08/2010,5000,88500000,17.7(-4.84 %),5000,88500000,0,0,8239930,7.8
10/08/2010,0,0,16.9(-4.52 %),0,0,0,0,8239930,7.8
11/08/2010,-340,-5780000,17(0.59 %),0,0,340,5780000,340,49.0
12/08/2010,500,8100000,16.2(-4.71 %),500,8100000,0,0,8239430,7.8
13/08/2010,520,8083000,16.3(0.62 %),520,8083000,0,0,8238910,7.81
16/08/2010,0,0,17.1(4.91 %),0,0,0,0,8238910,7.81
17/08/2010,70,1176000,16.4(-4.09 %),70,1176000,0,0,0,49.0
18/08/2010,500,7800000,15.6(-4.88 %),500,7800000,0,0,8238340,7.81
19/08/2010,0,0,15.6(0.00 %),0,0,0,0,0,0.0
20/08/2010,0,0,15.6(0.00 %),0,0,0,0,0,49.0
23/08/2010,0,0,15.1(-3.21 %),0,0,0,0,0,49.0
24/08/2010,74000,1081591000,14.4(-4.64 %),74000,1081591000,0,0,0,0.0
25/08/2010,85000,1170500000,13.7(-4.86 %),85000,1170500000,0,0,0,0.0
26/08/2010,39590,522037000,13.5(-1.46 %),39590,522037000,0,0,0,49.62
27/08/2010,32600,429800000,13.8(2.22 %),32600,429800000,0,0,0,49.79
30/08/2010,0,0,14.4(4.35 %),0,0,0,0,7803320,9.98
31/08/2010,-50000,-755000000,15.1(4.86 %),0,0,50000,755000000,7853320,9.73
01/09/2010,-50000,-789500000,15.8(4.64 %),0,0,50000,789500000,7903320,9.48
06/09/2010,-50000,-825000000,16.5(4.43 %),0,0,50000,825000000,7953320,9.23
07/09/2010,-50000,-846600000,16.8(1.82 %),0,0,50000,846600000,8003320,8.98
08/09/2010,-11000,-180400000,16.2(-3.57 %),0,0,11000,180400000,8014320,8.93
09/09/2010,0,0,16.3(0.62 %),0,0,0,0,8014320,8.93
10/09/2010,0,0,15.5(-4.91 %),0,0,0,0,8014320,8.93
13/09/2010,12000,178300000,14.8(-4.52 %),12000,178300000,0,0,8002320,8.99
14/09/2010,0,0,15.3(3.38 %),0,0,0,0,8002320,8.99
15/09/2010,20000,296000000,15.1(-1.31 %),20000,296000000,0,0,7982320,9.09
16/09/2010,50000,750000000,15.3(1.32 %),50000,750000000,0,0,7932320,9.34
17/09/2010,-30300,-478740000,15.8(3.27 %),0,0,30300,478740000,7962620,9.19
20/09/2010,0,0,16.4(3.80 %),0,0,0,0,7962620,9.19
21/09/2010,-30000,-489000000,15.7(-4.27 %),0,0,30000,489000000,7992620,9.04
22/09/2010,0,0,15.2(-3.18 %),0,0,0,0,7992620,9.04
23/09/2010,30000,449985000,15.1(-0.66 %),30000,449985000,0,0,7962620,9.19
24/09/2010,16470,243756000,14.9(-1.32 %),16470,243756000,0,0,7946150,9.27
27/09/2010,0,0,15.2(2.01 %),0,0,0,0,7946150,9.27
28/09/2010,-30000,-471850000,15.9(4.61 %),0,0,30000,471850000,7976150,9.12
29/09/2010,-50400,-831170000,16.5(3.77 %),0,0,50400,831170000,8026550,8.87
30/09/2010,-800,-13600000,16.8(1.82 %),0,0,800,13600000,8027350,8.86
01/10/2010,-50000,-853700000,16.8(0.00 %),0,0,50000,853700000,8077350,8.61
04/10/2010,10,160000,16(-4.76 %),10,160000,0,0,8077340,8.61
05/10/2010,-5000,-80000000,16(0.00 %),0,0,5000,80000000,8082340,8.59
06/10/2010,-21520,-344472000,15.8(-1.25 %),0,0,21520,344472000,8103860,8.48
07/10/2010,0,0,15.6(-1.27 %),0,0,0,0,8103860,8.48
08/10/2010,0,0,15(-3.85 %),0,0,0,0,8103860,8.48
11/10/2010,2890,43350000,15.7(4.67 %),2890,43350000,0,0,8100970,8.5
12/10/2010,-1460,-22780000,15.6(-0.64 %),0,0,1460,22780000,8102430,8.49
13/10/2010,-1070,-16693000,15.6(0.00 %),0,0,1070,16693000,8103500,8.48
14/10/2010,0,0,15.4(-1.28 %),0,0,0,0,8103500,8.48
15/10/2010,0,0,15.5(0.65 %),0,0,0,0,8103500,8.48
18/10/2010,0,0,15.6(0.65 %),0,0,0,0,8103500,8.48
19/10/2010,0,0,15.5(-0.64 %),0,0,0,0,8103500,8.48
20/10/2010,20000,297000000,14.8(-4.52 %),20000,297000000,0,0,8083500,8.58
21/10/2010,20000,290800000,14.8(0.00 %),20000,290800000,0,0,8063500,8.68
22/10/2010,19000,275500000,14.8(0.00 %),19000,275500000,0,0,8044500,8.78
25/10/2010,12000,174000000,15.5(4.73 %),12000,174000000,0,0,8032500,8.84
26/10/2010,0,0,15.5(0.00 %),0,0,0,0,8032500,8.84
27/10/2010,20000,300000000,15.4(-0.65 %),20000,300000000,0,0,8012500,8.94
28/10/2010,13000,194700000,15.3(-0.65 %),13000,194700000,0,0,7999500,9.0
29/10/2010,18500,276250000,15.2(-0.65 %),18500,276250000,0,0,7981000,9.1
01/11/2010,20000,294000000,14.7(-3.29 %),20000,294000000,0,0,7961000,9.2
02/11/2010,0,0,14.7(0.00 %),0,0,0,0,7961000,9.2
03/11/2010,19600,284000000,14.2(-3.40 %),20000,290000000,400,6000000,7941400,9.29
04/11/2010,15000,217406000,14.5(2.11 %),15000,217406000,0,0,7926400,9.37
05/11/2010,0,0,14.5(0.00 %),0,0,0,0,7926400,9.37
08/11/2010,5000,72500000,14.7(1.38 %),5000,72500000,0,0,7921400,9.39
09/11/2010,20000,281500000,14.4(-2.04 %),20000,281500000,0,0,7901400,9.49
10/11/2010,0,0,14.3(-0.69 %),0,0,0,0,7901400,9.49
11/11/2010,15000,207800000,13.6(-4.90 %),15000,207800000,0,0,7886400,9.57
12/11/2010,9250,120550000,13.6(0.00 %),9250,120550000,0,0,7877150,9.61
15/11/2010,20000,265215000,13.3(-2.21 %),20000,265215000,0,0,7857150,9.71
16/11/2010,-20000,-278000000,13.9(4.51 %),0,0,20000,278000000,7877150,9.61
17/11/2010,-8990,-130355000,14.1(1.44 %),0,0,8990,130355000,7886140,9.57
18/11/2010,-20000,-292820000,14.8(4.96 %),0,0,20000,292820000,7906140,9.47
19/11/2010,0,0,14.2(-4.05 %),0,0,0,0,7906140,9.47
22/11/2010,4000,54800000,14(-1.41 %),4000,54800000,0,0,7902140,9.49
23/11/2010,0,0,14.3(2.14 %),0,0,0,0,7902140,9.49
24/11/2010,0,0,14.1(-1.40 %),0,0,0,0,7902140,9.49
25/11/2010,0,0,14.4(2.13 %),0,0,0,0,7902140,9.49
26/11/2010,-510,-7191000,14.4(0.00 %),0,0,510,7191000,7902650,9.49
29/11/2010,0,0,14.4(0.00 %),0,0,0,0,7902650,9.49
30/11/2010,-21300,-321630000,15.1(4.86 %),0,0,21300,321630000,7923950,9.38
01/12/2010,-21000,-331800000,15.8(4.64 %),0,0,21000,331800000,7944950,9.28
02/12/2010,-30000,-495000000,16.5(4.43 %),0,0,30000,495000000,7974950,9.13
03/12/2010,-40000,-692000000,17.3(4.85 %),0,0,40000,692000000,8014950,8.93
06/12/2010,0,0,16.8(-2.89 %),0,0,0,0,8014950,8.93
07/12/2010,0,0,16(-4.76 %),0,0,0,0,8014950,8.93
08/12/2010,0,0,15.2(-5.00 %),0,0,0,0,8014950,8.93
09/12/2010,0,0,15.8(3.95 %),0,0,0,0,8014950,8.93
10/12/2010,-20000,-329500000,16.5(4.43 %),0,0,20000,329500000,8034950,8.83
13/12/2010,-30000,-513600000,17.3(4.85 %),0,0,30000,513600000,8064950,8.68
14/12/2010,-200000,-3616000000,18.1(4.62 %),0,0,200000,3616000000,8264950,7.68
15/12/2010,-200000,-3800000000,19(4.97 %),0,0,200000,3800000000,8464950,6.68
16/12/2010,-110000,-2180000000,19.8(4.21 %),0,0,110000,2180000000,8574950,6.13
17/12/2010,-200000,-4130945000,20.7(4.55 %),0,0,200000,4130945000,8774950,5.13
20/12/2010,0,0,19.7(-4.83 %),0,0,0,0,8774950,5.13
21/12/2010,31010,603493000,19.7(0.00 %),31010,603493000,0,0,8743940,5.28
22/12/2010,0,0,20.2(2.54 %),0,0,0,0,8743940,5.28
23/12/2010,0,0,19.2(-4.95 %),0,0,0,0,8743940,5.28
24/12/2010,0,0,19.8(3.12 %),0,0,0,0,8743940,5.28
27/12/2010,0,0,19.8(0.00 %),0,0,0,0,8743940,5.28
28/12/2010,0,0,20.7(4.55 %),0,0,0,0,8743940,5.28
29/12/2010,0,0,21.2(2.42 %),0,0,0,0,8743940,5.28
30/12/2010,0,0,21(-0.94 %),0,0,0,0,8743940,5.28
31/12/2010,0,0,21(0.00 %),0,0,0,0,8743940,5.28
04/01/2011,0,0,20.3(-3.33 %),0,0,0,0,8743940,5.28
05/01/2011,0,0,19.9(-1.97 %),0,0,0,0,8743940,5.28
06/01/2011,0,0,20.1(1.01 %),0,0,0,0,8743940,5.28
07/01/2011,0,0,20.1(0.00 %),0,0,0,0,8743940,5.28
10/01/2011,0,0,19.7(-1.99 %),0,0,0,0,8743940,5.28
11/01/2011,0,0,18.8(-4.57 %),0,0,0,0,8743940,5.28
12/01/2011,0,0,19.3(2.66 %),0,0,0,0,8743940,5.28
13/01/2011,0,0,20.2(4.66 %),0,0,0,0,8743940,5.28
14/01/2011,0,0,21.2(4.95 %),0,0,0,0,8743940,5.28
17/01/2011,0,0,22.1(4.25 %),0,0,0,0,8743940,5.28
18/01/2011,0,0,21(-4.98 %),0,0,0,0,8743940,5.28
19/01/2011,0,0,21.3(1.43 %),0,0,0,0,8743940,5.28
20/01/2011,0,0,20.6(-3.29 %),0,0,0,0,8743940,5.28
21/01/2011,0,0,20.5(-0.49 %),0,0,0,0,8743940,5.28
24/01/2011,0,0,19.5(-4.88 %),0,0,0,0,8743940,5.28
25/01/2011,0,0,19.5(0.00 %),0,0,0,0,8743940,5.28
26/01/2011,0,0,19.8(1.54 %),0,0,0,0,8743940,5.28
27/01/2011,0,0,19.7(-0.51 %),0,0,0,0,8743940,5.28
28/01/2011,0,0,19.4(-1.52 %),0,0,0,0,8743940,5.28
08/02/2011,0,0,18.7(-3.61 %),0,0,0,0,8743940,5.28
09/02/2011,0,0,19.4(3.74 %),0,0,0,0,8743940,5.28
10/02/2011,0,0,19.1(-1.55 %),0,0,0,0,8743940,5.28
11/02/2011,0,0,18.9(-1.05 %),0,0,0,0,8743940,5.28
14/02/2011,0,0,18.2(-3.70 %),0,0,0,0,8743940,5.28
15/02/2011,0,0,18.5(1.65 %),0,0,0,0,8743940,5.28
16/02/2011,0,0,18.5(0.00 %),0,0,0,0,8743940,5.28
17/02/2011,0,0,18(-2.70 %),0,0,0,0,8743940,5.28
18/02/2011,0,0,17.1(-5.00 %),0,0,0,0,8743940,5.28
21/02/2011,0,0,17(-0.58 %),0,0,0,0,8743940,5.28
22/02/2011,4500,73850000,17(0.00 %),4500,73850000,0,0,8739440,5.3
23/02/2011,0,0,17(0.00 %),0,0,0,0,8739440,5.3
24/02/2011,0,0,16.9(-0.59 %),0,0,0,0,8739440,5.3
25/02/2011,0,0,17.2(1.78 %),0,0,0,0,8739440,5.3
28/02/2011,30000,495000000,16.9(-1.74 %),30000,495000000,0,0,8709440,5.45
01/03/2011,25000,405000000,16.8(-0.59 %),25000,405000000,0,0,8684440,5.58
02/03/2011,0,0,16.4(-2.38 %),0,0,0,0,8684440,5.58
03/03/2011,30000,468000000,15.6(-4.88 %),30000,468000000,0,0,0,0.0
04/03/2011,30000,456000000,14.9(-4.49 %),30000,456000000,0,0,0,0.0
07/03/2011,28180,422700000,15(0.67 %),28180,422700000,0,0,0,0.0
08/03/2011,0,0,15.4(2.67 %),0,0,0,0,0,0.0
09/03/2011,0,0,15.2(-1.30 %),0,0,0,0,0,0.0
10/03/2011,0,0,15.4(1.32 %),0,0,0,0,0,0.0
11/03/2011,0,0,15.8(2.60 %),0,0,0,0,0,0.0
14/03/2011,25000,380000000,15.1(-4.43 %),25000,380000000,0,0,0,0.0
15/03/2011,0,0,15(-0.66 %),0,0,0,0,0,0.0
16/03/2011,0,0,15(0.00 %),0,0,0,0,8780586,5.1
17/03/2011,9490,137605000,14.5(-3.33 %),9490,137605000,0,0,8771096,5.14
18/03/2011,0,0,15.2(4.83 %),0,0,0,0,8771096,5.14
21/03/2011,0,0,15.9(4.61 %),0,0,0,0,8771096,5.14
22/03/2011,8700,141810000,16.5(3.77 %),8700,141810000,0,0,8762396,5.19
23/03/2011,0,0,16.1(-2.42 %),0,0,0,0,8762396,5.19
24/03/2011,0,0,16.4(1.86 %),0,0,0,0,8762396,5.19
25/03/2011,0,0,16.2(-1.22 %),0,0,0,0,8762396,5.19
28/03/2011,0,0,15.9(-1.85 %),0,0,0,0,8762396,5.19
29/03/2011,-8700,-135300000,15.7(-1.26 %),0,0,8700,135300000,8771096,5.14
30/03/2011,0,0,15.5(-1.27 %),0,0,0,0,8771096,5.14
31/03/2011,0,0,15.6(0.65 %),0,0,0,0,8771096,5.14
01/04/2011,0,0,15.6(0.00 %),0,0,0,0,8762396,5.19
04/04/2011,0,0,15.7(0.64 %),0,0,0,0,8762396,5.19
05/04/2011,0,0,16.2(3.18 %),0,0,0,0,8762396,5.19
06/04/2011,0,0,16.5(1.85 %),0,0,0,0,8762396,5.19
07/04/2011,0,0,15.9(-3.64 %),0,0,0,0,8762396,5.19
08/04/2011,0,0,16.1(1.26 %),0,0,0,0,8762396,5.19
13/04/2011,2000,32400000,16.1(0.00 %),2000,32400000,0,0,8760396,5.2
14/04/2011,0,0,16(-0.62 %),0,0,0,0,8760396,5.2
15/04/2011,0,0,15.8(-1.25 %),0,0,0,0,8760396,5.2
18/04/2011,0,0,15.4(-2.53 %),0,0,0,0,8760396,5.2
19/04/2011,0,0,15.2(-1.30 %),0,0,0,0,8760396,5.2
20/04/2011,1800,27720000,14.7(-3.29 %),1800,27720000,0,0,8758596,5.21
21/04/2011,0,0,14(-4.76 %),0,0,0,0,8758596,5.21
22/04/2011,0,0,13.3(-5.00 %),0,0,0,0,8758596,5.21
25/04/2011,0,0,13.8(3.76 %),0,0,0,0,8758596,5.21
26/04/2011,0,0,13.2(-4.35 %),0,0,0,0,8758596,5.21
27/04/2011,2000,25600000,12.6(-4.55 %),2000,25600000,0,0,8756596,5.22
28/04/2011,0,0,12(-4.76 %),0,0,0,0,8756596,5.22
29/04/2011,0,0,12.4(3.33 %),0,0,0,0,8756596,5.22
04/05/2011,0,0,12.5(0.81 %),0,0,0,0,8765296,5.17
05/05/2011,0,0,12.4(-0.80 %),0,0,0,0,8765296,5.17
06/05/2011,0,0,12.3(-0.81 %),0,0,0,0,8765296,5.17
09/05/2011,2000,25600000,12.3(0.00 %),2000,25600000,0,0,8763296,5.18
10/05/2011,0,0,12.3(0.00 %),0,0,0,0,8763296,5.18
11/05/2011,0,0,12.2(-0.81 %),0,0,0,0,8763296,5.18
12/05/2011,0,0,12.3(0.82 %),0,0,0,0,8763296,5.18
13/05/2011,0,0,11.8(-4.07 %),0,0,0,0,8763296,5.18
16/05/2011,0,0,11.3(-4.24 %),0,0,0,0,8763296,5.18
17/05/2011,1080,11988000,11.1(-1.77 %),1080,11988000,0,0,8762216,5.19
18/05/2011,60000,645000000,10.6(-4.50 %),60000,645000000,0,0,8702216,5.49
19/05/2011,0,0,10.1(-4.72 %),0,0,0,0,8702216,5.49
20/05/2011,0,0,10(-0.99 %),0,0,0,0,8702216,5.49
23/05/2011,0,0,10(0.00 %),0,0,0,0,8702216,5.49
24/05/2011,-6000,-57000000,9.5(-5.00 %),0,0,6000,57000000,8708216,5.46
25/05/2011,40000,364000000,9.1(-4.21 %),40000,364000000,0,0,8668216,5.66
26/05/2011,50000,435000000,9.5(4.40 %),50000,435000000,0,0,8618216,5.91
27/05/2011,-48400,-479160000,9.9(4.21 %),0,0,48400,479160000,8666616,5.67
30/05/2011,0,0,10(1.01 %),0,0,0,0,8666616,5.67
31/05/2011,0,0,10(0.00 %),0,0,0,0,8666616,5.67
01/06/2011,0,0,10.4(4.00 %),0,0,0,0,8618216,5.91
02/06/2011,0,0,10.6(1.92 %),0,0,0,0,8618216,5.91
03/06/2011,30000,303000000,10.1(-4.72 %),30000,303000000,0,0,8588216,6.06
06/06/2011,22000,212400000,10(-0.99 %),22000,212400000,0,0,8566216,6.17
07/06/2011,0,0,10.2(2.00 %),0,0,0,0,8566216,6.17
08/06/2011,50000,485000000,9.9(-2.94 %),50000,485000000,0,0,8516216,6.42
09/06/2011,2800,26880000,10(1.01 %),2800,26880000,0,0,8513416,6.43
10/06/2011,0,0,10.2(2.00 %),0,0,0,0,8513416,6.43
13/06/2011,21370,209426000,10.4(1.96 %),21370,209426000,0,0,8492046,6.54
14/06/2011,0,0,10.7(2.88 %),0,0,0,0,8492046,6.54
15/06/2011,40000,412000000,10.4(-2.80 %),40000,412000000,0,0,8452046,6.74
16/06/2011,0,0,10.4(0.00 %),0,0,0,0,8452046,6.74
17/06/2011,64000,646750000,9.9(-4.81 %),64000,646750000,0,0,8388046,7.06
20/06/2011,71490,704671000,9.9(0.00 %),71490,704671000,0,0,8316556,7.42
21/06/2011,9000,88200000,10.1(2.02 %),9000,88200000,0,0,8307556,7.46
22/06/2011,50000,500400000,10.1(0.00 %),50000,500400000,0,0,8257556,7.71
23/06/2011,58570,580886000,9.8(-2.97 %),58570,580886000,0,0,8198986,8.01
24/06/2011,5000,49000000,10(2.04 %),5000,49000000,0,0,8193986,8.03
27/06/2011,70000,694405000,9.8(-2.00 %),70000,694405000,0,0,8123986,8.38
28/06/2011,94000,912430000,9.8(0.00 %),94000,912430000,0,0,8029986,8.85
29/06/2011,36270,350909000,9.7(-1.02 %),36270,350909000,0,0,7993716,9.03
30/06/2011,30000,291000000,9.7(0.00 %),30000,291000000,0,0,7963716,9.18
01/07/2011,59030,570188000,9.7(0.00 %),59030,570188000,0,0,8012116,8.94
04/07/2011,50000,484980000,9.7(0.00 %),50000,484980000,0,0,7962116,9.19
05/07/2011,-2030,-20094000,10(3.09 %),2000,19400000,4030,39494000,7964146,9.18
06/07/2011,20000,194000000,9.7(-3.00 %),20000,194000000,0,0,7944146,9.28
07/07/2011,85000,823500000,9.7(0.00 %),85000,823500000,0,0,7859146,9.7
08/07/2011,80000,775501000,9.7(0.00 %),80000,775501000,0,0,7779146,10.1
11/07/2011,68500,663650000,9.6(-1.03 %),68500,663650000,0,0,7710646,10.45
12/07/2011,20000,191997000,9.7(1.04 %),20000,191997000,0,0,7690646,10.55
13/07/2011,51280,495462000,9.7(0.00 %),51280,495462000,0,0,7639366,10.8
14/07/2011,19960,193612000,9.7(0.00 %),19960,193612000,0,0,7619406,10.9
15/07/2011,40000,388000000,9.7(0.00 %),50000,485000000,10000,97000000,7579406,11.1
18/07/2011,14080,136576000,9.8(1.03 %),14080,136576000,0,0,7565326,11.17
19/07/2011,25400,246380000,9.7(-1.02 %),25400,246380000,0,0,7539926,11.3
20/07/2011,29380,286139000,9.7(0.00 %),29380,286139000,0,0,7510546,11.45
21/07/2011,10000,98000000,9.9(2.06 %),10000,98000000,0,0,7500546,11.5
22/07/2011,29290,287042000,9.9(0.00 %),29290,287042000,0,0,7471256,11.64
25/07/2011,46830,458934000,9.8(-1.01 %),46830,458934000,0,0,7424426,11.88
26/07/2011,21990,214310000,9.8(0.00 %),21990,214310000,0,0,7402436,11.99
27/07/2011,26740,262052000,9.9(1.02 %),26740,262052000,0,0,7375696,12.12
28/07/2011,0,0,9.5(-4.04 %),0,0,0,0,7375696,12.12
29/07/2011,0,0,9.4(-1.05 %),0,0,0,0,7375696,12.12
01/08/2011,10380,99289000,9.6(2.13 %),10380,99289000,0,0,7306286,12.47
02/08/2011,0,0,9.2(-4.17 %),0,0,0,0,7306286,12.47
03/08/2011,0,0,9(-2.17 %),0,0,0,0,7306286,12.47
04/08/2011,0,0,9.2(2.22 %),0,0,0,0,7306286,12.47
05/08/2011,21010,187589000,8.8(-4.35 %),21010,187589000,0,0,7285276,12.57
08/08/2011,4680,39312000,8.6(-2.27 %),24680,207312000,20000,168000000,7280596,12.6
09/08/2011,38220,313404000,8.4(-2.33 %),38220,313404000,0,0,7242376,12.79
10/08/2011,4140,33948000,8.4(0.00 %),4140,33948000,0,0,7238236,12.81
11/08/2011,14510,121884000,8.5(1.19 %),14510,121884000,0,0,7223726,12.88
12/08/2011,29140,246190000,8.7(2.35 %),29140,246190000,0,0,7194586,13.03
15/08/2011,34000,291641000,8.7(0.00 %),34000,291641000,0,0,7160586,13.2
16/08/2011,11950,103163000,8.7(0.00 %),11950,103163000,0,0,7148636,13.26
17/08/2011,17800,153800000,8.7(0.00 %),17800,153800000,0,0,7130836,13.35
18/08/2011,28200,251550000,8.9(2.30 %),28200,251550000,0,0,7102636,13.49
19/08/2011,25400,226060000,8.9(0.00 %),25400,226060000,0,0,7077236,13.61
22/08/2011,17000,153000000,9(1.12 %),17000,153000000,0,0,7060236,13.7
23/08/2011,30000,265700000,9(0.00 %),30000,265700000,0,0,7030236,13.85
24/08/2011,21830,192854000,8.8(-2.22 %),21830,192854000,0,0,7008406,13.96
25/08/2011,15000,132000000,8.9(1.14 %),15000,132000000,0,0,6993406,14.03
26/08/2011,20000,177000000,9(1.12 %),20000,177000000,0,0,6973406,14.13
29/08/2011,22120,197380000,9(0.00 %),22120,197380000,0,0,6951286,14.24
30/08/2011,25260,227309000,9.1(1.11 %),25260,227309000,0,0,6926026,14.37
31/08/2011,10000,90000000,9(-1.10 %),10000,90000000,0,0,6916026,14.42
01/09/2011,0,0,9.3(3.33 %),0,0,0,0,6916026,14.42
05/09/2011,0,0,9.3(0.00 %),0,0,0,0,6916026,14.42
06/09/2011,0,0,9(-3.23 %),0,0,0,0,6916026,14.42
07/09/2011,0,0,9(0.00 %),0,0,0,0,6916026,14.42
08/09/2011,4300,38700000,9.4(4.44 %),4300,38700000,0,0,6911726,14.44
09/09/2011,0,0,9.8(4.26 %),0,0,0,0,6911726,14.44
12/09/2011,1500,15300000,10.2(4.08 %),1500,15300000,0,0,6910226,14.45
13/09/2011,0,0,10.7(4.90 %),0,0,0,0,6910226,14.45
14/09/2011,0,0,10.2(-4.67 %),0,0,0,0,6910226,14.45
15/09/2011,0,0,10(-1.96 %),0,0,0,0,6910226,14.45
16/09/2011,-1010,-9703000,9.5(-5.00 %),0,0,1010,9703000,6911236,14.44
19/09/2011,-490,-4508000,9.4(-1.05 %),0,0,490,4508000,6911726,14.44
20/09/2011,0,0,9.1(-3.19 %),0,0,0,0,6911726,14.44
21/09/2011,20000,182500000,9.2(1.10 %),20000,182500000,0,0,6891726,14.54
22/09/2011,16880,154108000,9.3(1.09 %),16880,154108000,0,0,6874846,14.63
23/09/2011,0,0,9.4(1.08 %),0,0,0,0,6874846,14.63
26/09/2011,30000,272600000,9(-4.26 %),30000,272600000,0,0,6844846,14.78
27/09/2011,-480,-4224000,8.9(-1.11 %),0,0,480,4224000,6845326,14.77
28/09/2011,30000,270928000,9.2(3.37 %),30000,270928000,0,0,6815326,14.92
29/09/2011,50000,460580000,9.3(1.09 %),50000,460580000,0,0,6765326,15.17
30/09/2011,28890,268577000,9.3(0.00 %),28890,268577000,0,0,6736436,15.32
03/10/2011,0,0,9(-3.23 %),0,0,0,0,6736436,15.32
04/10/2011,0,0,8.6(-4.44 %),0,0,0,0,6736436,15.32
05/10/2011,0,0,8.2(-4.65 %),0,0,0,0,6736436,15.32
06/10/2011,0,0,8.3(1.22 %),0,0,0,0,6736436,15.32
07/10/2011,0,0,8.5(2.41 %),0,0,0,0,6736436,15.32
10/10/2011,0,0,8.6(1.18 %),0,0,0,0,6736436,15.32
11/10/2011,0,0,8.5(-1.16 %),0,0,0,0,6736436,15.32
12/10/2011,0,0,8.3(-2.35 %),0,0,0,0,6736436,15.32
13/10/2011,-3000,-24000000,8.4(1.20 %),0,0,3000,24000000,6739436,15.3
14/10/2011,0,0,8(-4.76 %),0,0,0,0,6739436,15.3
17/10/2011,0,0,7.8(-2.50 %),0,0,0,0,6739436,15.3
18/10/2011,0,0,7.5(-3.85 %),0,0,0,0,6739436,15.3
19/10/2011,0,0,7.2(-4.00 %),0,0,0,0,6739436,15.3
20/10/2011,0,0,7(-2.78 %),0,0,0,0,6739436,49.6
21/10/2011,0,0,6.9(-1.43 %),0,0,0,0,6739436,49.6
24/10/2011,0,0,7(1.45 %),0,0,0,0,6739436,49.6
25/10/2011,0,0,7.1(1.43 %),0,0,0,0,6739436,49.6
26/10/2011,0,0,7(-1.41 %),0,0,0,0,6739436,49.6
27/10/2011,0,0,7(0.00 %),0,0,0,0,6739436,49.6
28/10/2011,0,0,7.3(4.29 %),0,0,0,0,6739436,49.6
31/10/2011,0,0,7.4(1.37 %),0,0,0,0,6739436,49.6
01/11/2011,0,0,7.1(-4.05 %),0,0,0,0,11599436,25.3
02/11/2011,0,0,6.8(-4.23 %),0,0,0,0,11599436,25.3
03/11/2011,6350,44450000,7.1(4.41 %),6350,44450000,0,0,11593086,25.33
04/11/2011,10000,69038000,6.8(-4.23 %),10000,69038000,0,0,11583086,25.38
07/11/2011,11200,77356000,7(2.94 %),11200,77356000,0,0,11571886,25.44
08/11/2011,15000,104575000,7(0.00 %),15000,104575000,0,0,11556886,25.52
09/11/2011,17010,119070000,7(0.00 %),17010,119070000,0,0,11539876,25.6
10/11/2011,0,0,6.8(-2.86 %),0,0,0,0,11539876,25.6
11/11/2011,-4500,-30310000,6.8(0.00 %),15000,104190000,19500,134500000,11544376,25.58
14/11/2011,6500,43250000,6.8(0.00 %),15000,98500000,8500,55250000,11537876,25.61
15/11/2011,0,0,7(2.94 %),0,0,0,0,11537876,25.61
16/11/2011,10790,75530000,7(0.00 %),15000,105000000,4210,29470000,11527086,25.66
17/11/2011,-30,-210000,7(0.00 %),0,0,30,210000,11527116,25.66
18/11/2011,20000,138500000,6.9(-1.43 %),20000,138500000,0,0,11507116,25.76
21/11/2011,20000,138000000,6.9(0.00 %),20000,138000000,0,0,11487116,25.86
22/11/2011,20000,138000000,6.9(0.00 %),20000,138000000,0,0,11467116,25.96
23/11/2011,20000,137536000,6.8(-1.45 %),20000,137536000,0,0,11447116,26.06
24/11/2011,0,0,6.9(1.47 %),0,0,0,0,11447116,26.06
25/11/2011,0,0,6.8(-1.45 %),0,0,0,0,11447116,26.06
28/11/2011,14000,95200000,6.8(0.00 %),14000,95200000,0,0,11433116,26.13
29/11/2011,20000,136000000,6.8(0.00 %),20000,136000000,0,0,11413116,26.23
30/11/2011,0,0,7(2.94 %),0,0,0,0,11413116,26.23
01/12/2011,0,0,6.8(-2.86 %),0,0,0,0,11413116,26.23
02/12/2011,8210,55828000,6.9(1.47 %),8210,55828000,0,0,11404906,26.28
05/12/2011,0,0,7.2(4.35 %),0,0,0,0,11404906,26.28
06/12/2011,18200,127100000,7(-2.78 %),18200,127100000,0,0,11386706,26.37
07/12/2011,0,0,6.7(-4.29 %),0,0,0,0,11386706,26.37
08/12/2011,0,0,7(4.48 %),0,0,0,0,11386706,26.37
09/12/2011,0,0,6.8(-2.86 %),0,0,0,0,11386706,26.37
12/12/2011,2790,18693000,6.7(-1.47 %),2790,18693000,0,0,11383916,26.38
13/12/2011,0,0,6.8(1.49 %),0,0,0,0,11383916,26.38
14/12/2011,14100,95880000,6.8(0.00 %),14100,95880000,0,0,11369816,26.45
15/12/2011,0,0,6.9(1.47 %),0,0,0,0,11369816,26.45
16/12/2011,0,0,7.2(4.35 %),0,0,0,0,11369816,26.45
19/12/2011,0,0,7.2(0.00 %),0,0,0,0,11369816,26.45
20/12/2011,0,0,7.1(-1.39 %),0,0,0,0,11369816,26.45
21/12/2011,0,0,7(-1.41 %),0,0,0,0,11369816,26.45
22/12/2011,0,0,6.9(-1.43 %),0,0,0,0,11369816,26.45
23/12/2011,0,0,6.8(-1.45 %),0,0,0,0,11369816,26.45
26/12/2011,0,0,6.8(0.00 %),0,0,0,0,11369816,26.45
27/12/2011,0,0,6.6(-2.94 %),0,0,0,0,11369816,26.45
28/12/2011,0,0,6.7(1.52 %),0,0,0,0,11369816,26.45
29/12/2011,0,0,6.6(-1.49 %),0,0,0,0,11369816,26.45
30/12/2011,5000,33000000,6.9(4.55 %),5000,33000000,0,0,11364816,26.48
03/01/2012,0,0,6.8(-1.45 %),0,0,0,0,11364816,26.48
04/01/2012,0,0,7(2.94 %),0,0,0,0,11364816,26.48
05/01/2012,0,0,6.8(-2.86 %),0,0,0,0,11364816,26.48
06/01/2012,0,0,6.9(1.47 %),0,0,0,0,11364816,26.48
09/01/2012,0,0,7(1.45 %),0,0,0,0,11364816,26.48
10/01/2012,0,0,7.1(1.43 %),0,0,0,0,11364816,26.48
11/01/2012,0,0,7.1(0.00 %),0,0,0,0,11364816,26.48
12/01/2012,0,0,6.8(-4.23 %),0,0,0,0,11364816,26.48
13/01/2012,0,0,6.8(0.00 %),0,0,0,0,11364816,26.48
16/01/2012,0,0,6.8(0.00 %),0,0,0,0,11364816,26.48
17/01/2012,0,0,6.8(0.00 %),0,0,0,0,11364816,26.48
18/01/2012,0,0,6.9(1.47 %),0,0,0,0,11364816,26.48
19/01/2012,0,0,6.9(0.00 %),0,0,0,0,11364816,26.48
20/01/2012,0,0,6.9(0.00 %),0,0,0,0,11364816,26.48
30/01/2012,0,0,7(1.45 %),0,0,0,0,11364816,26.48
31/01/2012,4990,34930000,7(0.00 %),4990,34930000,0,0,11359826,26.5
01/02/2012,6440,45080000,7.1(1.43 %),6440,45080000,0,0,11359826,26.5
02/02/2012,0,0,7.4(4.23 %),0,0,0,0,11359826,26.5
03/02/2012,0,0,7.4(0.00 %),0,0,0,0,11359826,26.5
06/02/2012,0,0,7.5(1.35 %),0,0,0,0,11359826,26.5
07/02/2012,0,0,7.8(4.00 %),0,0,0,0,11359826,26.5
08/02/2012,0,0,8.1(3.85 %),0,0,0,0,11359826,26.5
09/02/2012,0,0,7.7(-4.94 %),0,0,0,0,11359826,26.5
10/02/2012,0,0,7.4(-3.90 %),0,0,0,0,11359826,26.5
13/02/2012,0,0,7.1(-4.05 %),0,0,0,0,11359826,26.5
14/02/2012,0,0,6.8(-4.23 %),0,0,0,0,11359826,26.5
15/02/2012,0,0,6.6(-2.94 %),0,0,0,0,11359826,26.5
16/02/2012,0,0,6.9(4.55 %),0,0,0,0,11359826,26.5
17/02/2012,0,0,7.1(2.90 %),0,0,0,0,11359826,26.5
20/02/2012,0,0,6.9(-2.82 %),0,0,0,0,11359826,26.5
21/02/2012,0,0,7.1(2.90 %),0,0,0,0,11359826,26.5
22/02/2012,0,0,7.2(1.41 %),0,0,0,0,11359826,26.5
23/02/2012,0,0,7.1(-1.39 %),0,0,0,0,11359826,26.5
24/02/2012,0,0,6.9(-2.82 %),0,0,0,0,11359826,26.5
27/02/2012,0,0,7.2(4.35 %),0,0,0,0,11359826,26.5
28/02/2012,0,0,7.5(4.17 %),0,0,0,0,11359826,26.5
29/02/2012,0,0,7.5(0.00 %),0,0,0,0,11359826,26.5
01/03/2012,0,0,7.5(0.00 %),0,0,0,0,11353386,26.53
02/03/2012,0,0,7.3(-2.67 %),0,0,0,0,11353386,26.53
05/03/2012,0,0,7.6(4.11 %),0,0,0,0,11353386,26.53
06/03/2012,0,0,7.3(-3.95 %),0,0,0,0,11353386,26.53
07/03/2012,0,0,7.5(2.74 %),0,0,0,0,11353386,26.53
08/03/2012,0,0,7.6(1.33 %),0,0,0,0,11353386,26.53
09/03/2012,0,0,7.6(0.00 %),0,0,0,0,11353386,26.53
12/03/2012,14470,108219000,7.7(1.32 %),14470,108219000,0,0,11338916,26.61
13/03/2012,2380,17612000,7.4(-3.90 %),2380,17612000,0,0,11336536,26.62
14/03/2012,6540,48086000,7.4(0.00 %),6540,48086000,0,0,11329996,26.65
15/03/2012,6010,43874000,7.4(0.00 %),6010,43874000,0,0,11323986,26.68
16/03/2012,3630,26509000,7.5(1.35 %),3630,26509000,0,0,11320356,26.7
19/03/2012,1550,11470000,7.4(-1.33 %),1550,11470000,0,0,11318806,26.71
20/03/2012,2500,18504000,7.5(1.35 %),2500,18504000,0,0,11316306,26.72
21/03/2012,-400,-2880000,7.5(0.00 %),0,0,400,2880000,11316706,26.72
22/03/2012,0,0,7.5(0.00 %),0,0,0,0,11316706,26.72
23/03/2012,0,0,7.5(0.00 %),0,0,0,0,11316706,26.72
26/03/2012,2000,15000000,7.6(1.33 %),2000,15000000,0,0,11314706,26.73
27/03/2012,0,0,7.9(3.95 %),0,0,0,0,11314706,26.73
28/03/2012,0,0,8(1.27 %),0,0,0,0,11314706,26.73
29/03/2012,0,0,8(0.00 %),0,0,0,0,11314706,26.73
30/03/2012,0,0,8(0.00 %),0,0,0,0,11314706,26.73
03/04/2012,0,0,8(0.00 %),0,0,0,0,11314706,26.73
04/04/2012,0,0,8(0.00 %),0,0,0,0,11314706,26.73
05/04/2012,0,0,8.3(3.75 %),0,0,0,0,11314706,26.73
06/04/2012,0,0,8.3(0.00 %),0,0,0,0,11314706,26.73
09/04/2012,0,0,8(-3.61 %),0,0,0,0,11314706,26.73
10/04/2012,0,0,8.3(3.75 %),0,0,0,0,11314706,26.73
11/04/2012,0,0,8.1(-2.41 %),0,0,0,0,11314706,26.73
12/04/2012,13630,109230000,8.1(0.00 %),13630,109230000,0,0,11301076,26.79
13/04/2012,6840,56088000,8.2(1.23 %),6840,56088000,0,0,11294236,26.83
16/04/2012,0,0,8.6(4.88 %),0,0,0,0,11294236,26.83
17/04/2012,0,0,8.9(3.49 %),0,0,0,0,11294236,26.83
18/04/2012,0,0,8.5(-4.49 %),0,0,0,0,11294236,26.83
19/04/2012,0,0,8.5(0.00 %),0,0,0,0,11294236,15.78
20/04/2012,36030,291843000,8.1(-4.71 %),36030,291843000,0,0,11258206,15.89
23/04/2012,155140,1235378000,7.7(-4.94 %),155140,1235378000,0,0,11103066,16.34
24/04/2012,0,0,7.5(-2.60 %),0,0,0,0,11103066,16.34
25/04/2012,0,0,7.5(0.00 %),0,0,0,0,11103066,16.34
26/04/2012,0,0,7.8(4.00 %),0,0,0,0,11103066,16.34
27/04/2012,0,0,8.1(3.85 %),0,0,0,0,11103066,16.34
02/05/2012,0,0,8.1(0.00 %),0,0,0,0,11103066,16.34
03/05/2012,0,0,7.9(-2.47 %),0,0,0,0,11103066,16.34
04/05/2012,85080,697358000,8.2(3.80 %),85080,697358000,0,0,11017986,16.59
07/05/2012,3800,31164000,8.6(4.88 %),3800,31164000,0,0,11014186,16.61
08/05/2012,0,0,8.4(-2.33 %),0,0,0,0,11014186,16.61
09/05/2012,0,0,8.1(-3.57 %),0,0,0,0,11014186,16.61
10/05/2012,0,0,7.9(-2.47 %),0,0,0,0,11014186,16.61
11/05/2012,0,0,7.8(-1.27 %),0,0,0,0,11014186,16.61
14/05/2012,-10,-76000,7.5(-3.85 %),0,0,10,76000,11014196,16.61
15/05/2012,0,0,7.2(-4.00 %),0,0,0,0,11014196,16.61
16/05/2012,0,0,7.5(4.17 %),0,0,0,0,11014196,16.61
17/05/2012,0,0,7.5(0.00 %),0,0,0,0,11014196,16.61
18/05/2012,0,0,7.3(-2.67 %),0,0,0,0,11014196,16.61
21/05/2012,0,0,7.6(4.11 %),0,0,0,0,11014196,16.61
22/05/2012,0,0,7.6(0.00 %),0,0,0,0,11014196,16.61
23/05/2012,200,1460000,7.6(0.00 %),200,1460000,0,0,11013996,16.61
24/05/2012,10920,81346000,7.5(-1.32 %),10920,81346000,0,0,11003076,16.64
25/05/2012,0,0,7.8(4.00 %),0,0,0,0,11003076,16.64
28/05/2012,0,0,8(2.56 %),0,0,0,0,11003076,16.64
29/05/2012,0,0,0(0.00 %),0,0,0,0,11003076,16.64
30/05/2012,0,0,8.1(1.25 %),0,0,0,0,11003076,16.64
31/05/2012,16760,129752000,7.8(-3.70 %),16760,129752000,0,0,10986316,16.69
01/06/2012,810,6318000,8(2.56 %),810,6318000,0,0,10985506,16.69
04/06/2012,0,0,8(0.00 %),0,0,0,0,10985506,16.69
05/06/2012,12250,96655000,8.1(1.25 %),12250,96655000,0,0,10973256,16.73
06/06/2012,0,0,8.2(1.23 %),0,0,0,0,10973256,16.73
07/06/2012,0,0,8.3(1.22 %),0,0,0,0,10973256,16.73
08/06/2012,0,0,8(-3.61 %),0,0,0,0,10973256,16.73
11/06/2012,0,0,8.4(5.00 %),0,0,0,0,10973256,16.73
12/06/2012,0,0,8(-4.76 %),0,0,0,0,10973256,16.73
13/06/2012,0,0,8.4(5.00 %),0,0,0,0,10973256,16.73
14/06/2012,0,0,8(-4.76 %),0,0,0,0,10973256,16.73
15/06/2012,0,0,8.3(3.75 %),0,0,0,0,10973256,16.73
18/06/2012,0,0,7.9(-4.82 %),0,0,0,0,10973256,16.73
19/06/2012,0,0,8.2(3.80 %),0,0,0,0,10973256,16.73
20/06/2012,0,0,8(-2.44 %),0,0,0,0,10973256,16.73
21/06/2012,0,0,8(0.00 %),0,0,0,0,10973256,16.73
22/06/2012,0,0,8.1(1.25 %),0,0,0,0,10973256,16.73
25/06/2012,0,0,8.1(0.00 %),0,0,0,0,10973256,16.73
26/06/2012,14840,118720000,8(-1.23 %),14840,118720000,0,0,10958416,16.77
27/06/2012,14000,112000000,8(0.00 %),14000,112000000,0,0,10944416,16.81
28/06/2012,20000,160000000,8.1(1.25 %),20000,160000000,0,0,10924416,16.87
29/06/2012,600,4800000,8(-1.23 %),600,4800000,0,0,10923816,16.87
02/07/2012,20000,160000000,8(0.00 %),20000,160000000,0,0,10903816,16.93
03/07/2012,590,4700000,8(0.00 %),590,4700000,0,0,10903226,16.93
04/07/2012,18740,149919000,8(0.00 %),18740,149919000,0,0,10884486,16.99
05/07/2012,5000,40000000,8.3(3.75 %),5000,40000000,0,0,10879486,17.0
06/07/2012,0,0,8(-3.61 %),0,0,0,0,10879486,17.0
09/07/2012,20000,160000000,8(0.00 %),20000,160000000,0,0,10859486,17.06
10/07/2012,0,0,8.1(1.25 %),0,0,0,0,10859486,17.06
11/07/2012,-200,-1620000,8.2(1.23 %),0,0,200,1620000,10859686,17.06
12/07/2012,0,0,8.3(1.22 %),0,0,0,0,10859686,17.06
13/07/2012,0,0,8.4(1.20 %),0,0,0,0,10859686,17.06
16/07/2012,4580,38472000,8.4(0.00 %),4580,38472000,0,0,10855106,17.07
17/07/2012,-2320,-19720000,8.4(0.00 %),0,0,2320,19720000,10857426,17.07
18/07/2012,0,0,8.6(2.38 %),0,0,0,0,10857426,17.07
19/07/2012,2800,24080000,8.6(0.00 %),2800,24080000,0,0,10854626,17.07
20/07/2012,0,0,8.8(2.33 %),0,0,0,0,10854626,17.07
23/07/2012,70,616000,9.1(3.41 %),70,616000,0,0,10854556,17.07
24/07/2012,0,0,8.7(-4.40 %),0,0,0,0,10854556,17.07
25/07/2012,0,0,8.3(-4.60 %),0,0,0,0,10854556,17.07
26/07/2012,0,0,8.7(4.82 %),0,0,0,0,10854556,17.07
27/07/2012,0,0,8.3(-4.60 %),0,0,0,0,10854556,17.07
30/07/2012,0,0,8.2(-1.20 %),0,0,0,0,10854556,17.07
31/07/2012,0,0,8.5(3.66 %),0,0,0,0,10854556,17.07
01/08/2012,7000,58100000,8.9(4.71 %),7000,58100000,0,0,10847556,17.1
02/08/2012,0,0,9(1.12 %),0,0,0,0,10847556,17.1
03/08/2012,0,0,8.8(-2.22 %),0,0,0,0,10847556,17.1
06/08/2012,0,0,8.9(1.14 %),0,0,0,0,10847556,17.1
07/08/2012,0,0,8.9(0.00 %),0,0,0,0,10847556,17.1
08/08/2012,0,0,9(1.12 %),0,0,0,0,10847556,17.1
09/08/2012,0,0,9(0.00 %),0,0,0,0,10847556,17.1
10/08/2012,0,0,9(0.00 %),0,0,0,0,10847556,17.1
13/08/2012,0,0,0(0.00 %),0,0,0,0,10847556,17.1
14/08/2012,0,0,9(0.00 %),0,0,0,0,10847556,17.1
15/08/2012,0,0,9(0.00 %),0,0,0,0,10847556,17.1
16/08/2012,0,0,9(0.00 %),0,0,0,0,10847556,17.1
17/08/2012,0,0,0(0.00 %),0,0,0,0,10847556,17.1
20/08/2012,0,0,9(0.00 %),0,0,0,0,10847556,17.1
21/08/2012,0,0,8.6(-4.44 %),0,0,0,0,10847556,17.1
22/08/2012,0,0,0(0.00 %),0,0,0,0,10847556,17.1
23/08/2012,0,0,0(0.00 %),0,0,0,0,10847556,17.1
24/08/2012,0,0,0(0.00 %),0,0,0,0,10847556,17.1
27/08/2012,0,0,8.6(0.00 %),0,0,0,0,10847556,17.1
28/08/2012,0,0,8.5(-1.16 %),0,0,0,0,10847556,17.1
29/08/2012,0,0,8.6(1.18 %),0,0,0,0,10847556,17.1
30/08/2012,0,0,8.9(3.49 %),0,0,0,0,10847556,17.1
31/08/2012,0,0,8.6(-3.37 %),0,0,0,0,10847556,17.1
04/09/2012,0,0,8.6(0.00 %),0,0,0,0,10847556,17.1
05/09/2012,0,0,8.6(0.00 %),0,0,0,0,10847556,17.1
06/09/2012,0,0,8.6(0.00 %),0,0,0,0,10847556,17.1
07/09/2012,0,0,8.6(0.00 %),0,0,0,0,10847556,17.1
10/09/2012,0,0,8.6(0.00 %),0,0,0,0,10847556,17.1
11/09/2012,0,0,8.6(0.00 %),0,0,0,0,10847556,17.1
12/09/2012,0,0,8.2(-4.65 %),0,0,0,0,10847556,17.1
13/09/2012,0,0,8.2(0.00 %),0,0,0,0,10847556,17.1
14/09/2012,0,0,8.6(4.88 %),0,0,0,0,10847556,17.1
17/09/2012,0,0,8.6(0.00 %),0,0,0,0,10847556,17.1
18/09/2012,0,0,8.6(0.00 %),0,0,0,0,10847556,17.1
19/09/2012,0,0,8.6(0.00 %),0,0,0,0,10847556,17.1
20/09/2012,0,0,8.6(0.00 %),0,0,0,0,10847556,17.1
21/09/2012,0,0,9(4.65 %),0,0,0,0,10847556,17.1
24/09/2012,0,0,8.6(-4.44 %),0,0,0,0,10847556,17.1
25/09/2012,0,0,8.6(0.00 %),0,0,0,0,10847556,17.1
26/09/2012,0,0,8.6(0.00 %),0,0,0,0,10847556,17.1
27/09/2012,0,0,8.6(0.00 %),0,0,0,0,10847556,17.1
28/09/2012,0,0,8.6(0.00 %),0,0,0,0,10847556,17.1
01/10/2012,0,0,8.3(-3.49 %),0,0,0,0,10847556,17.1
02/10/2012,0,0,8.5(2.41 %),0,0,0,0,10847556,17.1
03/10/2012,0,0,8.5(0.00 %),0,0,0,0,10847556,17.1
04/10/2012,0,0,8.9(4.71 %),0,0,0,0,10847556,17.1
05/10/2012,0,0,8.6(-3.37 %),0,0,0,0,10847556,17.1
08/10/2012,0,0,8.6(0.00 %),0,0,0,0,10847556,17.1
09/10/2012,0,0,8.5(-1.16 %),0,0,0,0,10847556,17.1
10/10/2012,0,0,8.1(-4.71 %),0,0,0,0,10847556,17.1
11/10/2012,0,0,8.5(4.94 %),0,0,0,0,10847556,17.1
12/10/2012,0,0,8.9(4.71 %),0,0,0,0,10847556,17.1
15/10/2012,0,0,9.1(2.25 %),0,0,0,0,10847556,17.1
16/10/2012,0,0,9.1(0.00 %),0,0,0,0,10847556,17.1
17/10/2012,0,0,9(-1.10 %),0,0,0,0,10847556,17.1
18/10/2012,0,0,8.9(-1.11 %),0,0,0,0,10847556,17.1
19/10/2012,0,0,8.8(-1.12 %),0,0,0,0,10847556,17.1
22/10/2012,0,0,8.5(-3.41 %),0,0,0,0,10847556,17.1
23/10/2012,0,0,8.5(0.00 %),0,0,0,0,10847556,17.1
24/10/2012,0,0,8.5(0.00 %),0,0,0,0,10847556,17.1
25/10/2012,0,0,8.5(0.00 %),0,0,0,0,10847556,17.1
26/10/2012,0,0,8.5(0.00 %),0,0,0,0,10847556,17.2
29/10/2012,0,0,8.5(0.00 %),0,0,0,0,10847556,17.1
30/10/2012,0,0,8.1(-4.71 %),0,0,0,0,10847556,17.1
31/10/2012,0,0,8.1(0.00 %),0,0,0,0,10847556,17.1
01/11/2012,0,0,8(-1.23 %),0,0,0,0,10847556,17.1
02/11/2012,0,0,0(0.00 %),0,0,0,0,10847556,17.1
05/11/2012,0,0,8.4(5.00 %),0,0,0,0,10847556,17.1
06/11/2012,0,0,8.3(-1.19 %),0,0,0,0,10847556,17.1
07/11/2012,0,0,8.3(0.00 %),0,0,0,0,10847556,17.1
08/11/2012,0,0,8.3(0.00 %),0,0,0,0,10847556,17.1
09/11/2012,0,0,8.3(0.00 %),0,0,0,0,10847556,17.1
12/11/2012,0,0,0(0.00 %),0,0,0,0,10847556,17.1
13/11/2012,0,0,8.3(0.00 %),0,0,0,0,10847556,17.1
14/11/2012,0,0,8.7(4.82 %),0,0,0,0,10847556,17.1
15/11/2012,0,0,8.7(0.00 %),0,0,0,0,10847556,17.1
16/11/2012,0,0,8.4(-3.45 %),0,0,0,0,10847556,17.1
19/11/2012,0,0,8.5(1.19 %),0,0,0,0,10847556,17.1
20/11/2012,0,0,8.4(-1.18 %),0,0,0,0,10847556,17.1
21/11/2012,0,0,0(0.00 %),0,0,0,0,10847556,17.1
22/11/2012,0,0,8.6(2.38 %),0,0,0,0,10847556,17.1
23/11/2012,0,0,8.6(0.00 %),0,0,0,0,10847556,17.1
26/11/2012,0,0,8.6(0.00 %),0,0,0,0,10847556,17.1
27/11/2012,0,0,8.6(0.00 %),0,0,0,0,10847556,17.1
28/11/2012,0,0,8.5(-1.16 %),0,0,0,0,10847556,17.1
29/11/2012,0,0,8.5(0.00 %),0,0,0,0,10847556,17.1
30/11/2012,0,0,8.5(0.00 %),0,0,0,0,10847556,17.1
03/12/2012,0,0,8.5(0.00 %),0,0,0,0,10847556,17.1
04/12/2012,0,0,8.5(0.00 %),0,0,0,0,10847556,17.1
05/12/2012,0,0,8.5(0.00 %),0,0,0,0,10847556,17.1
06/12/2012,0,0,8.5(0.00 %),0,0,0,0,10847556,17.1
07/12/2012,0,0,8.5(0.00 %),0,0,0,0,10847556,17.1
10/12/2012,0,0,8.6(1.18 %),0,0,0,0,10847556,17.1
11/12/2012,0,0,8.6(0.00 %),0,0,0,0,10847556,17.1
12/12/2012,0,0,8.6(0.00 %),0,0,0,0,10847556,17.1
13/12/2012,0,0,8.6(0.00 %),0,0,0,0,10847556,17.1
14/12/2012,0,0,8.6(0.00 %),0,0,0,0,10847556,17.1
17/12/2012,0,0,8.6(0.00 %),0,0,0,0,10847556,17.1
18/12/2012,0,0,8.5(-1.16 %),0,0,0,0,10847556,17.1
19/12/2012,0,0,8.8(3.53 %),0,0,0,0,10847556,17.1
20/12/2012,0,0,8.8(0.00 %),0,0,0,0,10847556,17.1
21/12/2012,0,0,8.8(0.00 %),0,0,0,0,10847556,17.1
24/12/2012,0,0,8.8(0.00 %),0,0,0,0,10847556,17.1
25/12/2012,0,0,8.5(-3.41 %),0,0,0,0,10847556,17.1
26/12/2012,0,0,8.3(-2.35 %),0,0,0,0,10847556,17.1
27/12/2012,0,0,7.7(0.00 %),0,0,0,0,10847556,17.1
28/12/2012,0,0,8(-3.61 %),0,0,0,0,10847556,17.1
02/01/2013,0,0,8.1(1.25 %),0,0,0,0,10847561,17.1
03/01/2013,0,0,7.7(-4.94 %),0,0,0,0,10847561,17.1
04/01/2013,0,0,7.7(0.00 %),0,0,0,0,10847561,17.1
07/01/2013,0,0,8(3.90 %),0,0,0,0,10847561,17.1
08/01/2013,0,0,7.7(-3.75 %),0,0,0,0,10847561,17.1
09/01/2013,0,0,7.5(-2.60 %),0,0,0,0,10847561,17.1
10/01/2013,-350,-2520000,7.2(-4.00 %),0,0,350,2520000,10847911,17.09
11/01/2013,0,0,7.2(0.00 %),0,0,0,0,10847911,17.09
14/01/2013,0,0,7.2(0.00 %),0,0,0,0,10847911,17.09
15/01/2013,-1090,-7303000,6.7(-6.94 %),0,0,1090,7303000,10849001,17.09
16/01/2013,0,0,6.7(0.00 %),0,0,0,0,10849001,17.09
17/01/2013,0,0,6.3(-5.97 %),0,0,0,0,10849001,17.09
18/01/2013,0,0,6.3(0.00 %),0,0,0,0,10849001,17.09
21/01/2013,0,0,6.3(0.00 %),0,0,0,0,10849001,17.09
22/01/2013,-360,-2124000,5.9(-6.35 %),0,0,360,2124000,10849361,17.09
23/01/2013,0,0,5.8(-1.69 %),0,0,0,0,10849361,17.09
24/01/2013,-1080,-5832000,5.8(0.00 %),0,0,1080,5832000,10850441,17.09
25/01/2013,0,0,5.8(0.00 %),0,0,0,0,10850441,17.09
28/01/2013,0,0,5.4(-6.90 %),0,0,0,0,10850441,17.09
29/01/2013,0,0,5.4(0.00 %),0,0,0,0,10850441,17.09
30/01/2013,0,0,5.6(3.70 %),0,0,0,0,10850441,17.09
26/07/2013,0,0,4.8(0.00 %),0,0,0,0,0,0.0
29/07/2013,0,0,4.8(0.00 %),0,0,0,0,10851241,17.08
30/07/2013,0,0,0(0.00 %),0,0,0,0,10851241,17.08
31/07/2013,0,0,4.8(0.00 %),0,0,0,0,10851241,17.08
01/08/2013,0,0,4.8(0.00 %),0,0,0,0,10851241,17.08
02/08/2013,0,0,4.8(0.00 %),0,0,0,0,10851241,17.08
05/08/2013,0,0,0(0.00 %),0,0,0,0,10851241,17.08
06/08/2013,0,0,0(0.00 %),0,0,0,0,10851241,17.08
07/08/2013,0,0,4.4(-8.33 %),0,0,0,0,10851241,17.08
08/08/2013,0,0,4(-9.09 %),0,0,0,0,10851241,17.08
09/08/2013,0,0,0(0.00 %),0,0,0,0,10851241,17.08
12/08/2013,-400,-1440,3.6(-10.00 %),0,0,400,1440,10851641,17.08
13/08/2013,0,0,0(0.00 %),0,0,0,0,10851241,17.08
14/08/2013,0,0,0(0.00 %),0,0,0,0,10851241,17.08
15/08/2013,0,0,3.9(8.33 %),0,0,0,0,10851241,17.08
16/08/2013,0,0,0(0.00 %),0,0,0,0,10851241,17.08
19/08/2013,0,0,3.6(-7.69 %),0,0,0,0,10851241,17.08
20/08/2013,0,0,3.3(-8.33 %),0,0,0,0,10851241,17.08
21/08/2013,0,0,3.6(9.09 %),0,0,0,0,10851241,17.08
22/08/2013,0,0,0(0.00 %),0,0,0,0,10851241,17.08
23/08/2013,0,0,3.3(-8.33 %),0,0,0,0,10851241,17.08
26/08/2013,0,0,0(0.00 %),0,0,0,0,10851241,17.08
27/08/2013,0,0,0(0.00 %),0,0,0,0,10851241,17.08
28/08/2013,0,0,0(0.00 %),0,0,0,0,10851241,17.08
29/08/2013,0,0,0(0.00 %),0,0,0,0,10851241,17.08
30/08/2013,0,0,0(0.00 %),0,0,0,0,10851241,17.08
03/09/2013,0,0,0(0.00 %),0,0,0,0,10851241,17.08
04/09/2013,0,0,3.3(0.00 %),0,0,0,0,10851241,17.08
05/09/2013,0,0,0(0.00 %),0,0,0,0,10851241,17.08
06/09/2013,0,0,0(0.00 %),0,0,0,0,10851241,17.08
09/09/2013,0,0,0(0.00 %),0,0,0,0,10851241,17.08
10/09/2013,0,0,0(0.00 %),0,0,0,0,10851241,17.08
11/09/2013,0,0,3.3(0.00 %),0,0,0,0,10851241,17.08
12/09/2013,0,0,3.3(0.00 %),0,0,0,0,10851241,17.08
13/09/2013,0,0,0(0.00 %),0,0,0,0,10851241,17.08
16/09/2013,0,0,3.2(-3.03 %),0,0,0,0,10851241,17.08
17/09/2013,0,0,0(0.00 %),0,0,0,0,10851241,17.08
18/09/2013,0,0,0(0.00 %),0,0,0,0,10851241,17.08
19/09/2013,0,0,0(0.00 %),0,0,0,0,10851241,17.08
20/09/2013,0,0,0(0.00 %),0,0,0,0,10851241,17.08
23/09/2013,800,2800,3.5(9.37 %),800,2800,0,0,10850441,17.09
24/09/2013,0,0,0(0.00 %),0,0,0,0,10851241,17.08
25/09/2013,0,0,0(0.00 %),0,0,0,0,10851241,17.08
26/09/2013,0,0,0(0.00 %),0,0,0,0,10851241,17.08
27/09/2013,0,0,0(0.00 %),0,0,0,0,10851241,17.08
30/09/2013,0,0,0(0.00 %),0,0,0,0,10851241,17.08
01/10/2013,0,0,0(0.00 %),0,0,0,0,10851241,17.08
02/10/2013,0,0,0(0.00 %),0,0,0,0,10851241,17.08
03/10/2013,0,0,3.3(-5.71 %),0,0,0,0,10851241,17.08
04/10/2013,0,0,0(0.00 %),0,0,0,0,10851241,17.08
07/10/2013,0,0,3.6(9.09 %),0,0,0,0,10851241,17.08
08/10/2013,0,0,0(0.00 %),0,0,0,0,10851241,17.08
09/10/2013,0,0,0(0.00 %),0,0,0,0,10851241,17.08
10/10/2013,0,0,0(0.00 %),0,0,0,0,10851241,17.08
11/10/2013,0,0,0(0.00 %),0,0,0,0,10851241,17.08
14/10/2013,0,0,0(0.00 %),0,0,0,0,10851241,17.08
15/10/2013,0,0,0(0.00 %),0,0,0,0,10851241,17.08
16/10/2013,0,0,0(0.00 %),0,0,0,0,10851241,17.08
17/10/2013,0,0,0(0.00 %),0,0,0,0,10851241,17.08
18/10/2013,0,0,0(0.00 %),0,0,0,0,10851241,17.08
21/10/2013,0,0,0(0.00 %),0,0,0,0,10851241,17.08
22/10/2013,0,0,0(0.00 %),0,0,0,0,10851241,17.08
23/10/2013,0,0,0(0.00 %),0,0,0,0,10851241,17.08
24/10/2013,0,0,0(0.00 %),0,0,0,0,10851241,17.08
25/10/2013,0,0,0(0.00 %),0,0,0,0,10851241,17.08
28/10/2013,0,0,0(0.00 %),0,0,0,0,10851241,17.08
29/10/2013,0,0,0(0.00 %),0,0,0,0,10851241,17.08
30/10/2013,0,0,0(0.00 %),0,0,0,0,10851241,17.08
31/10/2013,0,0,3.3(-8.33 %),0,0,0,0,10851241,17.08
01/11/2013,0,0,3.6(9.09 %),0,0,0,0,10851241,17.08
04/11/2013,0,0,0(0.00 %),0,0,0,0,10851241,17.08
05/11/2013,0,0,3.9(8.33 %),0,0,0,0,10851241,17.08
06/11/2013,0,0,0(0.00 %),0,0,0,0,10851241,17.08
07/11/2013,0,0,0(0.00 %),0,0,0,0,10851241,17.08
08/11/2013,0,0,0(0.00 %),0,0,0,0,10851241,17.08
11/11/2013,0,0,3.9(0.00 %),0,0,0,0,10851241,17.08
12/11/2013,-100,-360,3.6(-7.69 %),0,0,100,360,10851341,17.08
13/11/2013,-1000,-3500000,3.5(-2.78 %),0,0,1000,3500000,10852341,17.08
14/11/2013,-2000,-6900000,3.5(0.00 %),0,0,2000,6900000,10854341,17.08
15/11/2013,-2200,-7560000,3.5(0.00 %),0,0,2200,7560000,10856541,17.07
18/11/2013,0,0,3.5(0.00 %),0,0,0,0,10856541,17.07
19/11/2013,0,0,3.5(0.00 %),0,0,0,0,10856541,17.07
20/11/2013,0,0,3.5(0.00 %),0,0,0,0,10856541,17.07
21/11/2013,0,0,3.2(-8.57 %),0,0,0,0,10856541,17.07
22/11/2013,0,0,3.2(0.00 %),0,0,0,0,10856541,17.07
25/11/2013,0,0,3.2(0.00 %),0,0,0,0,10856541,17.07
26/11/2013,-75,-218000,0(0.00 %),0,0,75,218000,10856616,17.07
27/11/2013,0,0,3.5(-27.08 %),0,0,0,0,10856616,17.07
28/11/2013,0,0,3.8(8.57 %),0,0,0,0,10856616,17.07
29/11/2013,0,0,4.1(7.89 %),0,0,0,0,10856616,17.07
02/12/2013,0,0,4.5(9.76 %),0,0,0,0,10851241,17.08
03/12/2013,0,0,4.9(8.89 %),0,0,0,0,10851241,17.08
04/12/2013,0,0,5.1(8.51 %),0,0,0,0,10851241,17.08
05/12/2013,0,0,5.6(9.80 %),0,0,0,0,10851241,17.08
06/12/2013,0,0,6.1(8.93 %),0,0,0,0,10851241,17.08
09/12/2013,0,0,6.4(4.92 %),0,0,0,0,10851241,17.08
10/12/2013,0,0,5.8(-9.37 %),0,0,0,0,10851241,17.08
11/12/2013,0,0,6.3(8.62 %),0,0,0,0,10851241,17.08
12/12/2013,0,0,6.2(8.77 %),0,0,0,0,10851241,17.08
13/12/2013,0,0,5.6(-9.68 %),0,0,0,0,10851241,17.08
16/12/2013,0,0,6.1(8.93 %),0,0,0,0,10851241,17.08
17/12/2013,0,0,5.5(-9.84 %),0,0,0,0,10851241,17.08
18/12/2013,0,0,5(-9.09 %),0,0,0,0,10851241,17.08
19/12/2013,0,0,5.6(9.80 %),0,0,0,0,10851241,17.08
20/12/2013,0,0,5.1(-8.93 %),0,0,0,0,10851241,17.08
23/12/2013,-63800,-331760000,5.2(0.00 %),0,0,63800,331760000,10915041,16.9
24/12/2013,0,0,5.7(9.62 %),0,0,0,0,10915041,16.9
25/12/2013,0,0,6.2(8.77 %),0,0,0,0,10915041,16.9
26/12/2013,0,0,6.8(9.68 %),0,0,0,0,10915041,16.9
27/12/2013,0,0,0(0.00 %),0,0,0,0,10915041,16.9
30/12/2013,0,0,8(8.11 %),0,0,0,0,10915041,16.9
31/12/2013,0,0,7.3(-8.75 %),0,0,0,0,10915041,16.9
02/01/2014,0,0,7.6(-9.52 %),0,0,0,0,10851241,17.08
03/01/2014,0,0,6.9(-9.21 %),0,0,0,0,10851241,17.08
06/01/2014,0,0,6.3(-8.70 %),0,0,0,0,10851241,17.08
07/01/2014,0,0,5.7(-9.52 %),0,0,0,0,10851241,17.08
08/01/2014,0,0,5.7(0.00 %),0,0,0,0,10851241,17.08
09/01/2014,0,0,5.6(-1.75 %),0,0,0,0,10851241,17.08
10/01/2014,0,0,5.6(0.00 %),0,0,0,0,10851241,17.08
13/01/2014,0,0,5.6(0.00 %),0,0,0,0,10851241,17.08
14/01/2014,0,0,5.6(0.00 %),0,0,0,0,10851241,17.08
15/01/2014,0,0,5.6(0.00 %),0,0,0,0,10851241,17.08
16/01/2014,0,0,5.6(0.00 %),0,0,0,0,10851241,17.08
17/01/2014,0,0,5.6(0.00 %),0,0,0,0,10851241,17.08
20/01/2014,0,0,5.6(0.00 %),0,0,0,0,10851241,17.08
21/01/2014,0,0,5.1(-8.93 %),0,0,0,0,10851241,17.08
22/01/2014,0,0,5.1(0.00 %),0,0,0,0,10851241,17.08
23/01/2014,0,0,5.1(0.00 %),0,0,0,0,10851241,17.08
24/01/2014,0,0,5.1(0.00 %),0,0,0,0,10851241,17.08
27/01/2014,0,0,4.6(-9.80 %),0,0,0,0,10851241,17.08
06/02/2014,0,0,4.6(0.00 %),0,0,0,0,10851241,17.08
07/02/2014,0,0,4.6(0.00 %),0,0,0,0,10851241,17.08
10/02/2014,0,0,4.6(0.00 %),0,0,0,0,10851241,17.08
11/02/2014,0,0,5(8.70 %),0,0,0,0,10851241,17.08
12/02/2014,0,0,5.5(10.00 %),0,0,0,0,10851241,17.08
13/02/2014,0,0,6(9.09 %),0,0,0,0,10851241,17.08
14/02/2014,0,0,6.6(10.00 %),0,0,0,0,10851241,17.08
17/02/2014,0,0,6.9(4.55 %),0,0,0,0,10851241,17.08
18/02/2014,0,0,7.8(9.86 %),0,0,0,0,10851241,17.08
19/02/2014,0,0,8.5(8.97 %),0,0,0,0,10851241,17.08
20/02/2014,0,0,8.9(9.88 %),0,0,0,0,10851241,17.08
21/02/2014,0,0,9.5(6.74 %),0,0,0,0,10851241,17.08
24/02/2014,0,0,10.4(9.47 %),0,0,0,0,10851241,17.08
25/02/2014,0,0,10.9(5.83 %),0,0,0,0,10851241,17.08
26/02/2014,0,0,12(8.11 %),0,0,0,0,10851241,17.08
27/02/2014,0,0,12.9(7.50 %),0,0,0,0,10851241,17.08
28/02/2014,0,0,12.9(0.00 %),0,0,0,0,10851241,17.08
03/03/2014,0,0,11.7(-9.30 %),0,0,0,0,10851241,17.08
04/03/2014,0,0,11.7(0.00 %),0,0,0,0,10851241,17.08
05/03/2014,0,0,10.9(-6.84 %),0,0,0,0,10851241,17.08
06/03/2014,0,0,9.9(-9.17 %),0,0,0,0,10851241,17.08
07/03/2014,0,0,9.1(-8.08 %),0,0,0,0,10851241,17.08
10/03/2014,0,0,8.2(-9.89 %),0,0,0,0,10851241,17.08
11/03/2014,0,0,8.2(0.00 %),0,0,0,0,10851241,17.08
12/03/2014,0,0,8(-2.44 %),0,0,0,0,10851241,17.08
13/03/2014,0,0,7.1(-7.79 %),0,0,0,0,10851241,17.08
14/03/2014,0,0,8(9.59 %),0,0,0,0,10851241,17.08
17/03/2014,0,0,8(0.00 %),0,0,0,0,10851241,17.08
18/03/2014,0,0,8(-9.09 %),0,0,0,0,10851241,17.08
19/03/2014,0,0,8(0.00 %),0,0,0,0,10851241,17.08
20/03/2014,0,0,8.8(10.00 %),0,0,0,0,10851241,17.08
21/03/2014,0,0,9.6(9.09 %),0,0,0,0,10851241,17.08
24/03/2014,0,0,9.6(0.00 %),0,0,0,0,10851241,17.08
25/03/2014,0,0,10.4(8.33 %),0,0,0,0,0,0.0
26/03/2014,0,0,10.4(0.00 %),0,0,0,0,10851241,17.08
27/03/2014,0,0,10.4(0.00 %),0,0,0,0,0,0.0
28/03/2014,0,0,10.4(0.00 %),0,0,0,0,10851241,17.08
31/03/2014,0,0,10.4(0.00 %),0,0,0,0,0,0.0
01/04/2014,0,0,10.4(0.00 %),0,0,0,0,10851241,17.08
02/04/2014,0,0,10.4(0.00 %),0,0,0,0,0,0.0
03/04/2014,0,0,10.7(2.88 %),0,0,0,0,10851241,17.08
04/04/2014,0,0,9.7(-9.35 %),0,0,0,0,0,0.0
07/04/2014,0,0,10(3.09 %),0,0,0,0,10851241,17.08
08/04/2014,0,0,9.5(0.00 %),0,0,0,0,0,0.0
10/04/2014,0,0,9.5(0.00 %),0,0,0,0,10851241,17.08
11/04/2014,0,0,9.5(0.00 %),0,0,0,0,0,0.0
14/04/2014,0,0,10.1(6.32 %),0,0,0,0,10851241,17.08
15/04/2014,0,0,10.1(0.00 %),0,0,0,0,0,0.0
16/04/2014,0,0,10.1(0.00 %),0,0,0,0,10851241,17.08
17/04/2014,0,0,10.1(0.00 %),0,0,0,0,0,0.0
18/04/2014,0,0,10.1(0.00 %),0,0,0,0,10851241,17.08
21/04/2014,0,0,10.1(0.00 %),0,0,0,0,0,0.0
22/04/2014,0,0,11.1(9.90 %),0,0,0,0,10851241,17.08
23/04/2014,0,0,10.6(0.00 %),0,0,0,0,0,0.0
24/04/2014,0,0,10.6(0.00 %),0,0,0,0,10851241,17.08
25/04/2014,0,0,11(3.77 %),0,0,0,0,0,0.0
28/04/2014,0,0,11(0.00 %),0,0,0,0,10851241,17.08
29/04/2014,0,0,11(0.00 %),0,0,0,0,0,0.0
06/05/2014,0,0,11(0.00 %),0,0,0,0,10851241,17.08
07/05/2014,0,0,11(0.00 %),0,0,0,0,0,0.0
08/05/2014,0,0,11(0.00 %),0,0,0,0,10851241,17.08
09/05/2014,0,0,11(0.00 %),0,0,0,0,0,0.0
12/05/2014,0,0,11(0.00 %),0,0,0,0,10851241,17.08
13/05/2014,0,0,11(0.00 %),0,0,0,0,0,0.0
14/05/2014,0,0,11(0.00 %),0,0,0,0,10851241,17.08
15/05/2014,0,0,11(0.00 %),0,0,0,0,0,0.0
16/05/2014,0,0,11(0.00 %),0,0,0,0,10851241,17.08
19/05/2014,0,0,11(0.00 %),0,0,0,0,0,0.0
20/05/2014,0,0,11(0.00 %),0,0,0,0,10851241,17.08
21/05/2014,0,0,11(0.00 %),0,0,0,0,0,0.0
22/05/2014,0,0,9.9(-10.00 %),0,0,0,0,10851241,17.08
23/05/2014,0,0,10.4(5.05 %),0,0,0,0,0,0.0
26/05/2014,0,0,10(8.70 %),0,0,0,0,10921516,16.88
27/05/2014,0,0,9(-10.00 %),0,0,0,0,10921516,16.88
28/05/2014,0,0,9.5(5.56 %),0,0,0,0,10921516,16.88
29/05/2014,0,0,9.5(0.00 %),0,0,0,0,10921516,16.88
30/05/2014,0,0,9.5(0.00 %),0,0,0,0,10921516,16.88
02/06/2014,0,0,10.4(9.47 %),0,0,0,0,10921516,16.88
03/06/2014,0,0,10.4(0.00 %),0,0,0,0,10921516,16.88
04/06/2014,0,0,10.3(-0.96 %),0,0,0,0,10921516,16.88
05/06/2014,0,0,10.3(0.00 %),0,0,0,0,10921516,16.88
06/06/2014,0,0,10.5(1.94 %),0,0,0,0,10921516,16.88
09/06/2014,0,0,10.5(0.00 %),0,0,0,0,10921516,16.88
10/06/2014,0,0,10.5(0.00 %),0,0,0,0,10921516,16.88
11/06/2014,-500,-5000000,10(-4.76 %),0,0,500,5000000,10922016,16.88
12/06/2014,0,0,9.3(-9.71 %),0,0,0,0,10921516,16.88
13/06/2014,0,0,10(7.53 %),0,0,0,0,10921516,16.88
16/06/2014,0,0,10(0.00 %),0,0,0,0,10921516,16.88
17/06/2014,0,0,10.5(5.00 %),0,0,0,0,10922016,16.88
18/06/2014,-200,-1900000,9.6(-8.57 %),0,0,200,1900000,10922216,16.88
19/06/2014,-3300,-29700000,10.3(7.29 %),0,0,3300,29700000,10925516,16.87
20/06/2014,0,0,10.1(9.78 %),0,0,0,0,10922016,16.88
23/06/2014,0,0,11(8.91 %),0,0,0,0,10922016,16.88
24/06/2014,0,0,11.3(9.71 %),0,0,0,0,10922216,16.88
25/06/2014,0,0,11.9(5.31 %),0,0,0,0,10925516,16.87
26/06/2014,0,0,11.7(-1.68 %),0,0,0,0,10925516,16.87
27/06/2014,0,0,11.7(2.63 %),0,0,0,0,10925516,16.87
01/07/2014,0,0,11.4(0.00 %),0,0,0,0,10925516,16.87
02/07/2014,0,0,11.4(0.00 %),0,0,0,0,10925516,16.87
04/07/2014,0,0,11.4(0.00 %),0,0,0,0,10925516,16.87
07/07/2014,0,0,11.4(0.00 %),0,0,0,0,10925516,16.87
08/07/2014,0,0,11.4(0.00 %),0,0,0,0,10925516,16.87
09/07/2014,0,0,11.4(0.00 %),0,0,0,0,10925516,16.87
11/07/2014,0,0,11.4(0.00 %),0,0,0,0,10925516,16.87
14/07/2014,0,0,12.5(9.65 %),0,0,0,0,10925516,16.87
15/07/2014,0,0,11.2(-9.68 %),0,0,0,0,10925516,16.87
16/07/2014,0,0,12.3(-9.56 %),0,0,0,0,10925516,16.87
17/07/2014,0,0,11.2(-8.94 %),0,0,0,0,10925516,16.87
18/07/2014,0,0,10.1(-9.82 %),0,0,0,0,10925516,16.87
21/07/2014,0,0,9.3(-7.92 %),0,0,0,0,10925516,16.87
22/07/2014,0,0,9.3(0.00 %),0,0,0,0,10925516,16.87
23/07/2014,0,0,9.3(0.00 %),0,0,0,0,10925516,16.87
24/07/2014,0,0,9.3(0.00 %),0,0,0,0,10925516,16.87
25/07/2014,0,0,9.3(0.00 %),0,0,0,0,10925516,16.87
28/07/2014,0,0,9.3(0.00 %),0,0,0,0,10925516,16.87
29/07/2014,0,0,9.3(0.00 %),0,0,0,0,10925516,16.87
30/07/2014,0,0,8.4(-9.68 %),0,0,0,0,10925516,16.87
31/07/2014,0,0,8.4(0.00 %),0,0,0,0,10925516,16.87
01/08/2014,0,0,8.5(8.97 %),0,0,0,0,10925516,16.87
04/08/2014,0,0,9.3(9.41 %),0,0,0,0,10925516,16.87
06/08/2014,0,0,11(8.91 %),0,0,0,0,10925516,16.87
07/08/2014,0,0,11.8(8.26 %),0,0,0,0,10925516,16.87
08/08/2014,0,0,12.8(9.40 %),0,0,0,0,10925516,16.87
11/08/2014,0,0,13.8(8.66 %),0,0,0,0,10925516,16.87
12/08/2014,0,0,13.8(1.47 %),0,0,0,0,10925516,16.87
13/08/2014,0,0,12.3(-9.56 %),0,0,0,0,10925516,16.87
15/08/2014,0,0,10(-9.91 %),0,0,0,0,10925516,16.87
18/08/2014,0,0,9.1(-9.00 %),0,0,0,0,10925516,16.87
19/08/2014,0,0,8.4(-7.69 %),0,0,0,0,10925516,16.87
20/08/2014,-3800,-31540000,8.3(-1.19 %),0,0,3800,31540000,10929316,16.85
21/08/2014,0,0,8.3(0.00 %),0,0,0,0,10925516,16.87
26/08/2014,0,0,7.3(0.00 %),0,0,0,0,10929316,16.85
29/08/2014,0,0,7.3(0.00 %),0,0,0,0,10929316,16.85
04/09/2014,0,0,8(9.59 %),0,0,0,0,10929316,16.85
05/09/2014,0,0,8.8(10.00 %),0,0,0,0,10929316,16.85
10/09/2014,0,0,8.8(8.64 %),0,0,0,0,10929316,16.85
11/09/2014,0,0,8.1(0.00 %),0,0,0,0,10929316,16.85
12/09/2014,0,0,8.1(0.00 %),0,0,0,0,10929316,16.85
15/09/2014,0,0,8.1(0.00 %),0,0,0,0,10929316,16.85
16/09/2014,0,0,8.1(0.00 %),0,0,0,0,10929316,16.85
17/09/2014,0,0,8.1(0.00 %),0,0,0,0,10929316,16.85
18/09/2014,0,0,8.1(0.00 %),0,0,0,0,10929316,16.85
19/09/2014,0,0,8.1(0.00 %),0,0,0,0,10929316,16.85
23/09/2014,0,0,8.9(0.00 %),0,0,0,0,10929316,16.85
24/09/2014,-1000,-8100000,8.1(-8.99 %),0,0,1000,8100000,10929316,16.85
25/09/2014,0,0,8.1(0.00 %),0,0,0,0,10929316,16.85
26/09/2014,0,0,8.1(0.00 %),0,0,0,0,10929316,16.85
29/09/2014,0,0,8.1(0.00 %),0,0,0,0,10929316,16.85
30/09/2014,0,0,8.1(0.00 %),0,0,0,0,10929316,16.85
01/10/2014,0,0,8.1(0.00 %),0,0,0,0,10930316,16.85
02/10/2014,0,0,8.9(9.88 %),0,0,0,0,10930316,16.85
03/10/2014,0,0,8.9(0.00 %),0,0,0,0,10930316,16.85
06/10/2014,0,0,8.9(0.00 %),0,0,0,0,10930316,16.85
07/10/2014,0,0,8.9(0.00 %),0,0,0,0,10930316,16.85
08/10/2014,-600,-5400000,9(1.12 %),0,0,600,5400000,10930316,16.85
09/10/2014,0,0,9(0.00 %),0,0,0,0,10930316,16.85
10/10/2014,0,0,9(0.00 %),0,0,0,0,10930316,16.85
27/10/2014,0,0,13.4(-9.46 %),0,0,0,0,10930316,16.85
28/10/2014,0,0,12(6.19 %),0,0,0,0,10930316,16.85
29/10/2014,0,0,12.7(9.48 %),0,0,0,0,10930316,16.85
30/10/2014,0,0,12.7(9.48 %),0,0,0,0,10930316,16.85
31/10/2014,0,0,11.5(-8.00 %),0,0,0,0,10930316,16.85
03/11/2014,0,0,10.6(-7.02 %),0,0,0,0,10934516,16.84
04/11/2014,0,0,10.6(0.00 %),0,0,0,0,10934516,16.84
05/11/2014,0,0,11.5(8.49 %),0,0,0,0,10934516,16.84
06/11/2014,0,0,10.1(0.00 %),0,0,0,0,10934516,16.84
07/11/2014,0,0,11.1(9.90 %),0,0,0,0,10934516,16.84
10/11/2014,0,0,12.2(9.91 %),0,0,0,0,10934516,16.84
11/11/2014,0,0,13(6.56 %),0,0,0,0,10934516,16.84
12/11/2014,0,0,13.8(6.15 %),0,0,0,0,10934516,16.84
13/11/2014,0,0,13.5(0.00 %),0,0,0,0,10934516,16.84
14/11/2014,0,0,13.5(0.00 %),0,0,0,0,10934516,16.84
17/11/2014,0,0,12.9(-4.44 %),0,0,0,0,10934516,16.84
18/11/2014,0,0,12.7(-1.55 %),0,0,0,0,10934516,16.84
19/11/2014,0,0,11.5(-9.45 %),0,0,0,0,10934516,16.84
20/11/2014,0,0,11.5(0.00 %),0,0,0,0,10934516,16.84
21/11/2014,0,0,12(4.35 %),0,0,0,0,10934516,16.84
24/11/2014,0,0,12.8(6.67 %),0,0,0,0,1414516,44.84
25/11/2014,0,0,12.8(0.00 %),0,0,0,0,1414516,44.84
26/11/2014,0,0,12.8(0.00 %),0,0,0,0,1414516,44.84
27/11/2014,0,0,12.8(0.00 %),0,0,0,0,1414516,44.84
28/11/2014,0,0,12.8(0.00 %),0,0,0,0,1414516,44.84
01/12/2014,0,0,12.8(0.00 %),0,0,0,0,1414516,44.84
02/12/2014,0,0,12.8(0.00 %),0,0,0,0,1414516,44.84
03/12/2014,0,0,13.5(5.47 %),0,0,0,0,1414516,44.84
04/12/2014,0,0,13.5(0.00 %),0,0,0,0,1414516,44.84
05/12/2014,0,0,12.5(-7.41 %),0,0,0,0,1414516,44.84
08/12/2014,0,0,13.8(1.47 %),0,0,0,0,1414516,44.84
09/12/2014,0,0,12.5(0.00 %),0,0,0,0,1414516,44.84
10/12/2014,0,0,0(0.00 %),0,0,0,0,1414516,44.84
11/12/2014,0,0,12(-4.00 %),0,0,0,0,1414516,44.84
12/12/2014,0,0,12(0.00 %),0,0,0,0,1414516,44.84
15/12/2014,0,0,12(0.00 %),0,0,0,0,1414516,44.84
16/12/2014,0,0,11.5(-4.17 %),0,0,0,0,1414516,44.84
17/12/2014,0,0,11.5(0.00 %),0,0,0,0,1414516,44.84
18/12/2014,0,0,11.4(-0.87 %),0,0,0,0,1414516,44.84
19/12/2014,0,0,11.2(-1.75 %),0,0,0,0,1414516,44.84
22/12/2014,0,0,11.2(-0.88 %),0,0,0,0,1414516,44.84
23/12/2014,0,0,11.2(0.00 %),0,0,0,0,1414516,44.84
24/12/2014,0,0,12.3(9.82 %),0,0,0,0,1414516,44.84
25/12/2014,0,0,12.2(0.00 %),0,0,0,0,1414516,44.84
26/12/2014,0,0,12.2(0.00 %),0,0,0,0,1414516,44.84
29/12/2014,0,0,12.2(0.00 %),0,0,0,0,1414516,44.84
30/12/2014,0,0,12.2(0.00 %),0,0,0,0,1414516,44.84
31/12/2014,0,0,12.2(0.00 %),0,0,0,0,1414516,44.84
05/01/2015,0,0,11.2(-8.20 %),0,0,0,0,1414516,44.84
06/01/2015,0,0,11.2(0.00 %),0,0,0,0,1414516,44.84
07/01/2015,0,0,11.2(0.00 %),0,0,0,0,1414516,44.84
08/01/2015,0,0,11.2(0.00 %),0,0,0,0,1414516,44.84
09/01/2015,0,0,11.2(0.00 %),0,0,0,0,1414516,44.84
12/01/2015,0,0,11.2(0.00 %),0,0,0,0,1414516,44.84
13/01/2015,0,0,10.5(-6.25 %),0,0,0,0,1414516,44.84
15/01/2015,0,0,11.4(0.00 %),0,0,0,0,1414516,44.84
16/01/2015,0,0,11.4(0.00 %),0,0,0,0,1414516,44.84
19/01/2015,0,0,11.4(0.00 %),0,0,0,0,1414516,44.84
20/01/2015,0,0,11.4(0.00 %),0,0,0,0,1414516,44.84
21/01/2015,0,0,11.4(0.00 %),0,0,0,0,1414516,44.84
22/01/2015,0,0,11.4(0.00 %),0,0,0,0,1414516,44.84
23/01/2015,0,0,11.4(0.00 %),0,0,0,0,1414516,44.84
26/01/2015,0,0,11.5(0.88 %),0,0,0,0,1414516,44.84
27/01/2015,0,0,10.4(-9.57 %),0,0,0,0,1414516,44.84
28/01/2015,0,0,9.4(-9.62 %),0,0,0,0,1414516,44.84
29/01/2015,0,0,9.5(0.00 %),0,0,0,0,1414516,44.84
30/01/2015,0,0,8.4(-5.62 %),0,0,0,0,1414516,44.84
02/02/2015,0,0,8.4(0.00 %),0,0,0,0,1414516,44.84
03/02/2015,0,0,8.4(0.00 %),0,0,0,0,1414516,44.84
04/02/2015,0,0,8.9(5.95 %),0,0,0,0,1414516,44.84
05/02/2015,0,0,9.7(8.99 %),0,0,0,0,1414516,44.84
06/02/2015,0,0,9.7(0.00 %),0,0,0,0,1414516,44.84
09/02/2015,0,0,9.7(0.00 %),0,0,0,0,1414516,44.84
10/02/2015,0,0,9.7(0.00 %),0,0,0,0,1414516,44.84
11/02/2015,0,0,9.7(0.00 %),0,0,0,0,1414516,44.84
12/02/2015,0,0,9.7(0.00 %),0,0,0,0,1414516,44.84
13/02/2015,0,0,9.7(0.00 %),0,0,0,0,1414516,44.84
24/02/2015,0,0,9.7(0.00 %),0,0,0,0,1414516,44.84
25/02/2015,0,0,8.8(-9.28 %),0,0,0,0,1414516,44.84
26/02/2015,0,0,8.8(0.00 %),0,0,0,0,1414516,44.84
27/02/2015,0,0,9.6(9.09 %),0,0,0,0,1414516,44.84
02/03/2015,0,0,9.6(0.00 %),0,0,0,0,1414516,44.84
03/03/2015,0,0,9.6(0.00 %),0,0,0,0,1414516,44.84
04/03/2015,0,0,9.6(0.00 %),0,0,0,0,1414516,44.84
05/03/2015,0,0,9.6(0.00 %),0,0,0,0,1414516,44.84
06/03/2015,0,0,9.6(0.00 %),0,0,0,0,1414516,44.84
09/03/2015,0,0,9.6(0.00 %),0,0,0,0,1414516,44.84
10/03/2015,0,0,9.6(0.00 %),0,0,0,0,1414516,44.84
11/03/2015,0,0,9.6(0.00 %),0,0,0,0,1414516,44.84
12/03/2015,0,0,9.6(0.00 %),0,0,0,0,1414516,44.84
13/03/2015,-700,-6090000,8.7(-9.38 %),0,0,700,6090000,1432897,44.79
16/03/2015,-1000,-8750000,8.8(1.15 %),0,0,1000,8750000,1433197,44.78
17/03/2015,-1000,-8150000,8.2(-5.75 %),0,0,1000,8150000,1433197,44.78
18/03/2015,-1000,-7600000,7.6(-7.32 %),0,0,1000,7600000,1433197,44.78
19/03/2015,-2000,-15400000,7.7(1.32 %),0,0,2000,15400000,1434197,44.78
20/03/2015,-2000,-16600000,8.4(9.09 %),0,0,2000,16600000,1434197,44.78
23/03/2015,0,0,9(8.43 %),0,0,0,0,1417216,44.83
24/03/2015,-1000,-8200000,8.2(-8.89 %),0,0,1000,8200000,1433197,44.78
25/03/2015,-1000,-8370000,8.2(0.00 %),0,0,1000,8370000,1433197,44.78
26/03/2015,-1000,-8000000,8(-3.61 %),0,0,1000,8000000,1433197,44.78
27/03/2015,0,0,8(-1.23 %),0,0,0,0,1421216,44.82
30/03/2015,0,0,8.8(10.00 %),0,0,0,0,1423216,44.81
31/03/2015,0,0,9.3(5.68 %),0,0,0,0,1424216,44.81
02/04/2015,0,0,9.7(-1.02 %),0,0,0,0,1425216,44.81
03/04/2015,0,0,9.7(0.00 %),0,0,0,0,1425216,44.81
06/04/2015,0,0,8.9(-8.25 %),0,0,0,0,1425216,44.81
07/04/2015,0,0,9(0.00 %),0,0,0,0,1425216,44.81
08/04/2015,0,0,9(0.00 %),0,0,0,0,1425216,44.81
09/04/2015,0,0,9(0.00 %),0,0,0,0,1425216,44.81
10/04/2015,0,0,9(0.00 %),0,0,0,0,1425216,44.81
13/04/2015,0,0,9(0.00 %),0,0,0,0,1425216,44.81
14/04/2015,0,0,8.5(-5.56 %),0,0,0,0,1425216,44.81
15/04/2015,0,0,8.9(0.00 %),0,0,0,0,1425216,44.81
16/04/2015,0,0,8.9(0.00 %),0,0,0,0,1425216,44.81
17/04/2015,0,0,8.9(0.00 %),0,0,0,0,1425216,44.81
20/04/2015,0,0,8.9(0.00 %),0,0,0,0,1425216,44.81
21/04/2015,0,0,8.9(0.00 %),0,0,0,0,1425216,44.81
22/04/2015,0,0,9.7(8.99 %),0,0,0,0,1425216,44.81
23/04/2015,0,0,9.7(0.00 %),0,0,0,0,1425216,44.81
24/04/2015,0,0,9.7(0.00 %),0,0,0,0,1425216,44.81
27/04/2015,0,0,9.7(0.00 %),0,0,0,0,1425216,44.81
04/05/2015,0,0,9.7(0.00 %),0,0,0,0,1425216,44.81
05/05/2015,0,0,9.7(0.00 %),0,0,0,0,1425216,44.81
06/05/2015,0,0,8.8(-9.28 %),0,0,0,0,1425216,44.81
07/05/2015,0,0,8.9(0.00 %),0,0,0,0,1425216,44.81
08/05/2015,0,0,8.9(0.00 %),0,0,0,0,1425216,44.81
11/05/2015,0,0,8.9(0.00 %),0,0,0,0,1425216,44.81
12/05/2015,0,0,8.9(0.00 %),0,0,0,0,1425216,44.81
13/05/2015,0,0,8.2(-7.87 %),0,0,0,0,1425216,44.81
14/05/2015,0,0,8.2(0.00 %),0,0,0,0,1425216,44.81
15/05/2015,0,0,8.2(0.00 %),0,0,0,0,1425216,44.81
18/05/2015,0,0,8.2(0.00 %),0,0,0,0,1425216,44.81
19/05/2015,0,0,8(-2.44 %),0,0,0,0,1425216,44.81
20/05/2015,0,0,8(0.00 %),0,0,0,0,1425216,44.81
21/05/2015,0,0,8(0.00 %),0,0,0,0,1425216,44.81
22/05/2015,0,0,8(0.00 %),0,0,0,0,1425216,44.81
25/05/2015,0,0,7.3(-8.75 %),0,0,0,0,1425216,44.81
26/05/2015,0,0,7.3(0.00 %),0,0,0,0,1425216,44.81
27/05/2015,0,0,7.3(0.00 %),0,0,0,0,1425216,44.81
28/05/2015,-200,-1600000,8(9.59 %),0,0,200,1600000,1432397,44.79
29/05/2015,0,0,8(0.00 %),0,0,0,0,1425216,44.81
01/06/2015,0,0,8(0.00 %),0,0,0,0,1425216,44.81
02/06/2015,0,0,8(0.00 %),0,0,0,0,1425216,44.81
03/06/2015,-1300,-11310000,7.4(-7.50 %),0,0,1300,11310000,1433497,44.78
04/06/2015,0,0,8(-6.98 %),0,0,0,0,1425416,44.81
05/06/2015,0,0,8.8(10.00 %),0,0,0,0,1425416,44.81
08/06/2015,0,0,8.8(0.00 %),0,0,0,0,1425416,44.81
09/06/2015,0,0,8.8(0.00 %),0,0,0,0,1426716,44.8
10/06/2015,0,0,8.8(0.00 %),0,0,0,0,1426716,44.8
11/06/2015,0,0,8.8(0.00 %),0,0,0,0,1426716,44.8
12/06/2015,0,0,9.6(9.09 %),0,0,0,0,1426716,44.8
15/06/2015,0,0,9.6(0.00 %),0,0,0,0,1426716,44.8
16/06/2015,0,0,9.6(0.00 %),0,0,0,0,1426716,44.8
17/06/2015,0,0,9.6(0.00 %),0,0,0,0,1426716,44.8
18/06/2015,0,0,9.6(0.00 %),0,0,0,0,1426716,44.8
19/06/2015,0,0,9.6(0.00 %),0,0,0,0,1426716,44.8
22/06/2015,0,0,9.6(0.00 %),0,0,0,0,1426716,44.8
23/06/2015,0,0,9.6(0.00 %),0,0,0,0,1426716,44.8
24/06/2015,0,0,9.6(0.00 %),0,0,0,0,1426716,44.8
25/06/2015,-15,-131000,9.6(0.00 %),0,0,15,131000,1432212,44.79
26/06/2015,0,0,9.6(0.00 %),0,0,0,0,1426716,44.8
29/06/2015,0,0,9.6(0.00 %),0,0,0,0,1426716,44.8
30/06/2015,0,0,9.6(0.00 %),0,0,0,0,1426716,44.8
01/07/2015,0,0,9.6(0.00 %),0,0,0,0,1426731,44.8
02/07/2015,0,0,8.4(-12.50 %),0,0,0,0,1426731,44.8
03/07/2015,0,0,8.4(0.00 %),0,0,0,0,1426731,44.8
06/07/2015,-3650,-27000000,7.4(-11.90 %),0,0,3650,27000000,1435847,44.78
07/07/2015,0,0,7.5(1.35 %),0,0,0,0,1426731,44.8
08/07/2015,0,0,7(-6.67 %),0,0,0,0,1426731,44.8
09/07/2015,0,0,8(14.29 %),0,0,0,0,1426731,44.8
10/07/2015,0,0,7.1(-11.25 %),0,0,0,0,1430381,44.79
13/07/2015,-50,-400000,7.1(0.00 %),0,0,50,400000,1432247,44.79
14/07/2015,0,0,7.1(0.00 %),0,0,0,0,1430381,44.79
15/07/2015,-1,-6000,7.1(0.00 %),0,0,1,6000,1432198,44.79
16/07/2015,-10,-61000,7.1(0.00 %),0,0,10,61000,1432207,44.79
17/07/2015,0,0,8(12.68 %),0,0,0,0,1430431,44.79
20/07/2015,0,0,8(0.00 %),0,0,0,0,1430431,44.79
21/07/2015,0,0,8(0.00 %),0,0,0,0,1430432,44.79
22/07/2015,0,0,9.2(15.00 %),0,0,0,0,1430442,44.79
23/07/2015,0,0,9.2(0.00 %),0,0,0,0,1430442,44.79
24/07/2015,0,0,8.9(-3.26 %),0,0,0,0,1430442,44.79
27/07/2015,0,0,7.6(-14.61 %),0,0,0,0,1430442,44.79
28/07/2015,0,0,9.3(13.41 %),0,0,0,0,1430442,44.79
29/07/2015,-1000,-8100000,8.1(-12.90 %),0,0,1000,8100000,1433197,44.78
30/07/2015,0,0,9.3(12.05 %),0,0,0,0,1430442,44.79
31/07/2015,0,0,9.3(0.00 %),0,0,0,0,1430442,44.79
03/08/2015,0,0,8(-13.98 %),0,0,0,0,1430442,44.79
04/08/2015,0,0,9(12.50 %),0,0,0,0,1431442,44.79
05/08/2015,0,0,9(0.00 %),0,0,0,0,1431442,44.79
06/08/2015,0,0,9(0.00 %),0,0,0,0,1431442,44.79
07/08/2015,0,0,9(0.00 %),0,0,0,0,1431442,44.79
10/08/2015,0,0,9(0.00 %),0,0,0,0,1431442,44.79
11/08/2015,0,0,9(0.00 %),0,0,0,0,1431442,44.79
12/08/2015,0,0,9(0.00 %),0,0,0,0,1431442,44.79
13/08/2015,0,0,9(0.00 %),0,0,0,0,1431442,44.79
14/08/2015,0,0,9(0.00 %),0,0,0,0,1431442,44.79
17/08/2015,0,0,8.8(-2.22 %),0,0,0,0,1431442,44.79
18/08/2015,0,0,8.5(8.97 %),0,0,0,0,1431442,44.79
19/08/2015,0,0,8.5(0.00 %),0,0,0,0,1431442,44.79
20/08/2015,0,0,9(5.88 %),0,0,0,0,1431442,44.79
21/08/2015,0,0,8.8(-2.22 %),0,0,0,0,1431442,44.79
24/08/2015,-100,-760000,8.6(-2.27 %),0,0,100,760000,1432297,44.79
25/08/2015,0,0,8.6(1.18 %),0,0,0,0,1431442,44.79
26/08/2015,0,0,8.6(1.18 %),0,0,0,0,1431442,44.79
27/08/2015,0,0,8.6(1.18 %),0,0,0,0,1431442,44.79
28/08/2015,0,0,8.6(1.18 %),0,0,0,0,1431542,44.79
31/08/2015,0,0,8.5(-1.16 %),0,0,0,0,1431542,44.79
01/09/2015,0,0,8.5(-1.16 %),0,0,0,0,1431542,44.79
03/09/2015,0,0,8.5(-1.16 %),0,0,0,0,1431542,44.79
04/09/2015,0,0,8.4(-1.18 %),0,0,0,0,1431542,44.79
07/09/2015,0,0,8.4(0.00 %),0,0,0,0,1431542,44.79
08/09/2015,0,0,8.4(0.00 %),0,0,0,0,1431542,44.79
09/09/2015,0,0,8.4(0.00 %),0,0,0,0,1431542,44.79
10/09/2015,0,0,8.4(0.00 %),0,0,0,0,1431542,44.79
11/09/2015,0,0,8.4(0.00 %),0,0,0,0,1431542,44.79
14/09/2015,0,0,8.4(0.00 %),0,0,0,0,1431542,44.79
15/09/2015,0,0,7.5(-10.71 %),0,0,0,0,1431542,44.79
16/09/2015,0,0,7.5(0.00 %),0,0,0,0,1431542,44.79
17/09/2015,0,0,7.5(0.00 %),0,0,0,0,1431542,44.79
18/09/2015,0,0,7.5(0.00 %),0,0,0,0,1431542,44.79
21/09/2015,0,0,6.6(-12.00 %),0,0,0,0,1431542,44.79
22/09/2015,0,0,6.6(0.00 %),0,0,0,0,1431542,44.79
23/09/2015,0,0,6.6(0.00 %),0,0,0,0,1431542,44.79
24/09/2015,0,0,5.8(-12.12 %),0,0,0,0,1431542,44.79
25/09/2015,0,0,6.6(13.79 %),0,0,0,0,1431542,44.79
28/09/2015,0,0,6.6(0.00 %),0,0,0,0,1431542,44.79
29/09/2015,0,0,6.1(-7.58 %),0,0,0,0,1431542,44.79
30/09/2015,0,0,6.1(0.00 %),0,0,0,0,1431542,44.79
01/10/2015,0,0,6.1(0.00 %),0,0,0,0,1431542,44.79
02/10/2015,0,0,6.1(0.00 %),0,0,0,0,1431542,44.79
05/10/2015,0,0,6.1(0.00 %),0,0,0,0,1431542,44.79
06/10/2015,-655,-4086000,7(14.75 %),0,0,655,4086000,1432852,44.79
07/10/2015,0,0,7.4(13.85 %),0,0,0,0,1431542,44.79
08/10/2015,0,0,8.5(14.86 %),0,0,0,0,1431542,44.79
09/10/2015,0,0,7(-14.63 %),0,0,0,0,1431542,44.79
12/10/2015,0,0,7(0.00 %),0,0,0,0,1432197,44.79
13/10/2015,0,0,8(14.29 %),0,0,0,0,1432197,44.79
14/10/2015,0,0,8.5(6.25 %),0,0,0,0,1432197,44.79
15/10/2015,0,0,8.5(0.00 %),0,0,0,0,1432197,44.79
16/10/2015,0,0,8.5(0.00 %),0,0,0,0,1432197,44.79
19/10/2015,0,0,9.7(14.12 %),0,0,0,0,1432197,44.79
20/10/2015,0,0,10.5(8.25 %),0,0,0,0,1432197,44.79
21/10/2015,0,0,10.5(0.00 %),0,0,0,0,1432197,44.79
22/10/2015,0,0,9.2(-12.38 %),0,0,0,0,1432197,44.79
23/10/2015,-20,-162000,9.5(0.00 %),0,0,20,162000,1432217,44.79
26/10/2015,0,0,10.9(14.74 %),0,0,0,0,1432197,44.79
27/10/2015,0,0,10.9(4.81 %),0,0,0,0,1432197,44.79
28/10/2015,0,0,10.9(4.81 %),0,0,0,0,1432197,44.79
29/10/2015,-10,-89000,10.9(4.81 %),0,0,10,89000,1432207,44.79
30/10/2015,0,0,10.5(0.96 %),0,0,0,0,1432217,44.79
02/11/2015,0,0,10.5(0.96 %),0,0,0,0,1432217,44.79
03/11/2015,0,0,10.4(0.00 %),0,0,0,0,1432217,44.79
04/11/2015,0,0,10.4(0.00 %),0,0,0,0,1432227,44.79
05/11/2015,0,0,10.5(0.96 %),0,0,0,0,1432227,44.79
06/11/2015,0,0,10.8(2.86 %),0,0,0,0,1432227,44.79
09/11/2015,0,0,10.6(0.00 %),0,0,0,0,1432227,44.79
10/11/2015,0,0,10.6(0.00 %),0,0,0,0,1432227,44.79
11/11/2015,0,0,10.6(0.00 %),0,0,0,0,1432227,44.79
12/11/2015,0,0,10.6(0.00 %),0,0,0,0,1432227,44.79
13/11/2015,0,0,10.6(0.00 %),0,0,0,0,1432227,44.79
16/11/2015,0,0,10.6(0.00 %),0,0,0,0,1432227,44.79
17/11/2015,0,0,10.6(0.00 %),0,0,0,0,1432227,44.79
18/11/2015,0,0,10.6(0.00 %),0,0,0,0,1432227,44.79
19/11/2015,0,0,10.6(0.00 %),0,0,0,0,1432227,44.79
20/11/2015,0,0,10.6(0.00 %),0,0,0,0,1432227,44.79
23/11/2015,0,0,10.6(0.00 %),0,0,0,0,1432227,44.79
24/11/2015,0,0,10.6(0.00 %),0,0,0,0,1432227,44.79
25/11/2015,0,0,10.6(0.00 %),0,0,0,0,1432227,44.79
26/11/2015,0,0,10.6(0.00 %),0,0,0,0,1432227,44.79
27/11/2015,0,0,10.6(0.00 %),0,0,0,0,1432227,44.79
30/11/2015,0,0,10.6(0.00 %),0,0,0,0,1432227,44.79
01/12/2015,0,0,10.6(0.00 %),0,0,0,0,1432227,44.79
02/12/2015,0,0,10.6(0.00 %),0,0,0,0,1432227,44.79
03/12/2015,0,0,10.6(0.00 %),0,0,0,0,1432227,44.79
04/12/2015,0,0,10.6(0.00 %),0,0,0,0,1432227,44.79
07/12/2015,0,0,10.6(0.00 %),0,0,0,0,1432227,44.79
08/12/2015,0,0,10.6(0.00 %),0,0,0,0,1432227,44.79
09/12/2015,0,0,10.6(0.00 %),0,0,0,0,1432227,44.79
10/12/2015,0,0,10.6(0.00 %),0,0,0,0,1432227,44.79
11/12/2015,0,0,10.6(0.00 %),0,0,0,0,1432227,44.79
14/12/2015,0,0,10.6(0.00 %),0,0,0,0,1432227,44.79
15/12/2015,0,0,10.6(0.00 %),0,0,0,0,1432227,44.79
16/12/2015,0,0,10.6(0.00 %),0,0,0,0,1432227,44.79
17/12/2015,0,0,10.6(0.00 %),0,0,0,0,1432227,44.79
18/12/2015,0,0,10.6(0.00 %),0,0,0,0,1432227,44.79
21/12/2015,0,0,10.6(0.00 %),0,0,0,0,1432227,44.79
22/12/2015,0,0,10.6(0.00 %),0,0,0,0,1432227,44.79
23/12/2015,0,0,10.6(0.00 %),0,0,0,0,1432227,44.79
24/12/2015,0,0,10.6(0.00 %),0,0,0,0,1432227,44.79
25/12/2015,0,0,10.6(0.00 %),0,0,0,0,1432227,44.79
28/12/2015,0,0,10.6(0.00 %),0,0,0,0,1432227,44.79
29/12/2015,0,0,10.6(0.00 %),0,0,0,0,1432227,44.79
30/12/2015,100,1210000,12.1(14.15 %),100,1210000,0,0,1432127,44.79
31/12/2015,0,0,12.1(0.00 %),0,0,0,0,1432127,44.79
04/01/2016,0,0,12.1(0.00 %),0,0,0,0,1432127,44.79
05/01/2016,0,0,11(-9.09 %),0,0,0,0,1432127,44.79
06/01/2016,100,1100000,10.5(-4.55 %),100,1100000,0,0,1432027,44.79
07/01/2016,100,1100000,11(2.80 %),100,1100000,0,0,1431927,44.79
08/01/2016,100,1150000,11.5(4.55 %),100,1150000,0,0,1431827,44.79
11/01/2016,100,1300000,13(4.00 %),100,1300000,0,0,1431727,44.79
12/01/2016,0,0,11.9(-15.00 %),0,0,0,0,1431727,44.79
13/01/2016,0,0,11.9(0.00 %),0,0,0,0,1431727,44.79
14/01/2016,0,0,11.9(0.00 %),0,0,0,0,1431727,44.79
15/01/2016,0,0,11.9(0.00 %),0,0,0,0,1431727,44.79
18/01/2016,0,0,11.9(0.00 %),0,0,0,0,1431727,44.79
19/01/2016,0,0,11.9(0.00 %),0,0,0,0,1431727,44.79
20/01/2016,0,0,10.2(-14.29 %),0,0,0,0,1431727,44.79
21/01/2016,0,0,10.2(0.00 %),0,0,0,0,1431727,44.79
22/01/2016,0,0,10.2(0.00 %),0,0,0,0,1431727,44.79
25/01/2016,0,0,10.2(0.00 %),0,0,0,0,1431727,44.79
26/01/2016,0,0,10.2(0.00 %),0,0,0,0,1431727,44.79
27/01/2016,0,0,10.2(0.00 %),0,0,0,0,1431727,44.79
28/01/2016,0,0,10.2(0.00 %),0,0,0,0,1431727,44.79
29/01/2016,0,0,10.2(0.00 %),0,0,0,0,1431727,44.79
01/02/2016,0,0,10.5(2.94 %),0,0,0,0,1431727,44.79
02/02/2016,0,0,10.5(-0.94 %),0,0,0,0,1431727,44.79
03/02/2016,0,0,10.5(-0.94 %),0,0,0,0,1431727,44.79
04/02/2016,0,0,10.5(-0.94 %),0,0,0,0,1431727,44.79
05/02/2016,0,0,10.5(-0.94 %),0,0,0,0,1431727,44.79
15/02/2016,0,0,10.5(-0.94 %),0,0,0,0,1431727,44.79
16/02/2016,100,1210000,12.1(14.15 %),100,1210000,0,0,1431627,44.79
17/02/2016,0,0,12.1(0.00 %),0,0,0,0,1431627,44.79
18/02/2016,0,0,12.1(0.00 %),0,0,0,0,1431627,44.79
19/02/2016,0,0,12.1(0.00 %),0,0,0,0,1431627,44.79
22/02/2016,0,0,10.3(-14.88 %),0,0,0,0,1431627,44.79
23/02/2016,0,0,10.3(0.00 %),0,0,0,0,1431627,44.79
24/02/2016,0,0,10.3(0.00 %),0,0,0,0,1431627,44.79
25/02/2016,0,0,10.3(0.00 %),0,0,0,0,1431627,44.79
26/02/2016,0,0,10.3(0.00 %),0,0,0,0,1431627,44.79
29/02/2016,0,0,10.3(0.00 %),0,0,0,0,1431627,44.79
01/03/2016,0,0,10.3(0.00 %),0,0,0,0,1431627,44.79
02/03/2016,0,0,10.3(0.00 %),0,0,0,0,1431627,44.79
03/03/2016,0,0,10.3(0.00 %),0,0,0,0,1431627,44.79
04/03/2016,0,0,10.3(0.00 %),0,0,0,0,1431627,44.79
07/03/2016,0,0,10.3(0.00 %),0,0,0,0,1431627,44.79
08/03/2016,0,0,10.3(0.00 %),0,0,0,0,1431627,44.79
09/03/2016,0,0,10.3(0.00 %),0,0,0,0,1431627,44.79
10/03/2016,0,0,10.3(0.00 %),0,0,0,0,1431627,44.79
11/03/2016,0,0,10.3(0.00 %),0,0,0,0,1431627,44.79
14/03/2016,0,0,10.3(0.00 %),0,0,0,0,1431627,44.79
15/03/2016,0,0,11(6.80 %),0,0,0,0,1431627,44.79
16/03/2016,0,0,11(0.00 %),0,0,0,0,1431627,44.79
17/03/2016,-2150,-20220000,9.4(-14.55 %),0,0,2150,20220000,1431627,44.79
18/03/2016,0,0,9.4(0.00 %),0,0,0,0,1431627,44.79
21/03/2016,0,0,9.4(0.00 %),0,0,0,0,1431627,44.79
22/03/2016,0,0,10.5(11.70 %),0,0,0,0,1433777,44.78
23/03/2016,0,0,10.5(0.00 %),0,0,0,0,1433777,44.78
24/03/2016,0,0,10.5(0.00 %),0,0,0,0,1433777,44.78
25/03/2016,0,0,10.5(0.00 %),0,0,0,0,1433777,44.78
28/03/2016,0,0,10.5(0.00 %),0,0,0,0,1433777,44.78
29/03/2016,0,0,10(-4.76 %),0,0,0,0,1433777,44.78
30/03/2016,0,0,10.1(1.00 %),0,0,0,0,1433777,44.78
31/03/2016,0,0,10.2(0.99 %),0,0,0,0,1433777,44.78
01/04/2016,0,0,11.5(12.75 %),0,0,0,0,1433777,44.78
04/04/2016,0,0,11.5(0.00 %),0,0,0,0,1433777,44.78
05/04/2016,0,0,11.5(0.00 %),0,0,0,0,1433777,44.78
06/04/2016,0,0,11.5(0.00 %),0,0,0,0,1433777,44.78
07/04/2016,0,0,11(-4.35 %),0,0,0,0,1433777,44.78
08/04/2016,0,0,11(0.00 %),0,0,0,0,1433777,44.78
11/04/2016,0,0,9.5(-13.64 %),0,0,0,0,1433777,44.78
12/04/2016,0,0,9.5(0.00 %),0,0,0,0,1433777,44.78
13/04/2016,0,0,9.5(0.00 %),0,0,0,0,1433777,44.78
14/04/2016,0,0,10(5.26 %),0,0,0,0,1433777,44.78
15/04/2016,-82,-697000,10(0.00 %),0,0,82,697000,1433777,44.78
19/04/2016,0,0,10(0.00 %),0,0,0,0,1433777,44.78
20/04/2016,-1100,-9900000,9(-10.00 %),0,0,1100,9900000,1433777,44.78
21/04/2016,0,0,9(0.00 %),0,0,0,0,1433859,44.78
22/04/2016,0,0,9(0.00 %),0,0,0,0,1433859,44.78
25/04/2016,0,0,9(0.00 %),0,0,0,0,1434959,44.78
26/04/2016,0,0,9(0.00 %),0,0,0,0,1434959,44.78
27/04/2016,0,0,9(0.00 %),0,0,0,0,1434959,44.78
28/04/2016,0,0,9.3(3.33 %),0,0,0,0,1434959,44.78
29/04/2016,0,0,10.4(11.83 %),0,0,0,0,1434959,44.78
04/05/2016,0,0,11.6(11.54 %),0,0,0,0,1434959,44.78
05/05/2016,0,0,11.6(0.00 %),0,0,0,0,1434959,44.78
06/05/2016,0,0,11.6(0.00 %),0,0,0,0,1434959,44.78
09/05/2016,0,0,11.6(0.00 %),0,0,0,0,1434959,44.78
10/05/2016,0,0,11.6(0.00 %),0,0,0,0,1434959,44.78
11/05/2016,0,0,11.6(0.00 %),0,0,0,0,1434959,44.78
12/05/2016,0,0,11.6(0.00 %),0,0,0,0,1434959,44.78
13/05/2016,0,0,11.6(0.00 %),0,0,0,0,1434959,44.78
16/05/2016,0,0,13(12.07 %),0,0,0,0,1434959,44.78
17/05/2016,0,0,13(0.00 %),0,0,0,0,1434959,44.78
18/05/2016,0,0,13(0.00 %),0,0,0,0,1434959,44.78
19/05/2016,-75,-832500,13(0.00 %),0,0,75,832500,1434959,44.78
20/05/2016,0,0,13(0.00 %),0,0,0,0,1434959,44.78
23/05/2016,0,0,13(0.00 %),0,0,0,0,1434959,44.78
24/05/2016,0,0,13(0.00 %),0,0,0,0,1435034,44.78
25/05/2016,0,0,13(0.00 %),0,0,0,0,1435034,44.78
26/05/2016,0,0,13(0.00 %),0,0,0,0,1435034,44.78
27/05/2016,0,0,13(0.00 %),0,0,0,0,1435034,44.78
30/05/2016,0,0,12(-7.69 %),0,0,0,0,1435034,44.78
31/05/2016,0,0,11(-8.33 %),0,0,0,0,1435034,44.78
01/06/2016,0,0,11(0.92 %),0,0,0,0,1435034,44.78
02/06/2016,0,0,11(0.00 %),0,0,0,0,1435034,44.78
03/06/2016,0,0,11(0.00 %),0,0,0,0,1435034,44.78
06/06/2016,0,0,11(0.00 %),0,0,0,0,1435034,44.78
07/06/2016,0,0,11(0.00 %),0,0,0,0,1435034,44.78
08/06/2016,0,0,11(0.00 %),0,0,0,0,1435034,44.78
09/06/2016,0,0,11(0.00 %),0,0,0,0,1435034,44.78
10/06/2016,0,0,10.9(-0.91 %),0,0,0,0,1435034,44.78
13/06/2016,0,0,10.5(-3.67 %),0,0,0,0,1435034,44.78
14/06/2016,0,0,10.5(0.00 %),0,0,0,0,1435034,44.78
15/06/2016,0,0,11(4.76 %),0,0,0,0,1435034,44.78
16/06/2016,0,0,11(0.92 %),0,0,0,0,1435034,44.78
17/06/2016,0,0,11(0.92 %),0,0,0,0,1435034,44.78
20/06/2016,0,0,11(0.92 %),0,0,0,0,1435034,44.78
21/06/2016,0,0,11(0.00 %),0,0,0,0,1435034,44.78
22/06/2016,0,0,11(0.00 %),0,0,0,0,1435034,44.78
23/06/2016,0,0,11(0.00 %),0,0,0,0,1435034,44.78
24/06/2016,0,0,11(0.00 %),0,0,0,0,1435034,44.78
27/06/2016,0,0,11(0.00 %),0,0,0,0,1435034,44.78
28/06/2016,0,0,10.8(-1.82 %),0,0,0,0,1435034,44.78
29/06/2016,0,0,10.8(-3.57 %),0,0,0,0,1435034,44.78
30/06/2016,0,0,10.6(-3.64 %),0,0,0,0,1435034,44.78
01/07/2016,0,0,11(0.00 %),0,0,0,0,1435034,44.78
04/07/2016,0,0,11(0.00 %),0,0,0,0,1435034,44.78
05/07/2016,0,0,11(0.00 %),0,0,0,0,1435034,44.78
06/07/2016,0,0,11(0.00 %),0,0,0,0,1435034,44.78
07/07/2016,0,0,11(0.00 %),0,0,0,0,1435034,44.78
08/07/2016,0,0,11(0.00 %),0,0,0,0,1435034,44.78
11/07/2016,0,0,11(0.00 %),0,0,0,0,1435034,44.78
12/07/2016,0,0,11(0.00 %),0,0,0,0,1435034,44.78
13/07/2016,0,0,11(0.00 %),0,0,0,0,1435034,44.78
14/07/2016,0,0,11.5(4.55 %),0,0,0,0,1435034,44.78
15/07/2016,0,0,11.5(1.77 %),0,0,0,0,1435034,44.78
18/07/2016,0,0,11(-4.35 %),0,0,0,0,1435034,44.78
19/07/2016,0,0,11.4(2.70 %),0,0,0,0,1435034,44.78
20/07/2016,0,0,11.5(2.68 %),0,0,0,0,1435034,44.78
21/07/2016,0,0,12(4.35 %),0,0,0,0,1435034,44.78
22/07/2016,0,0,12(0.00 %),0,0,0,0,1435034,44.78
25/07/2016,0,0,12(0.00 %),0,0,0,0,1435034,44.78
26/07/2016,0,0,12(1.69 %),0,0,0,0,1435034,44.78
27/07/2016,0,0,12(1.69 %),0,0,0,0,1435034,44.78
28/07/2016,0,0,12(1.69 %),0,0,0,0,1435034,44.78
29/07/2016,0,0,12(0.00 %),0,0,0,0,1435034,44.78
01/08/2016,0,0,12(0.00 %),0,0,0,0,1435034,44.78
02/08/2016,0,0,12(0.00 %),0,0,0,0,1435034,44.78
03/08/2016,0,0,12(0.00 %),0,0,0,0,1435034,44.78
04/08/2016,0,0,12(0.00 %),0,0,0,0,1435034,44.78
05/08/2016,0,0,12(0.00 %),0,0,0,0,1435034,44.78
08/08/2016,0,0,12(0.00 %),0,0,0,0,1435034,44.78
09/08/2016,0,0,12(0.00 %),0,0,0,0,1435034,44.78
10/08/2016,0,0,12(0.00 %),0,0,0,0,1435034,44.78
11/08/2016,0,0,12(0.00 %),0,0,0,0,1435034,44.78
12/08/2016,0,0,12(0.00 %),0,0,0,0,1435034,44.78
15/08/2016,0,0,12(0.00 %),0,0,0,0,1435034,44.78
16/08/2016,0,0,12(0.00 %),0,0,0,0,1435034,44.78
17/08/2016,0,0,12(0.00 %),0,0,0,0,1435034,44.78
18/08/2016,0,0,12(0.00 %),0,0,0,0,1435034,44.78
19/08/2016,0,0,12(0.00 %),0,0,0,0,1435034,44.78
22/08/2016,0,0,12(0.00 %),0,0,0,0,1435034,44.78
23/08/2016,0,0,12(0.00 %),0,0,0,0,1435034,44.78
24/08/2016,0,0,12(0.00 %),0,0,0,0,1435034,44.78
25/08/2016,0,0,12(0.00 %),0,0,0,0,1435034,44.78
26/08/2016,0,0,12(0.00 %),0,0,0,0,1435034,44.78
29/08/2016,0,0,12(0.00 %),0,0,0,0,1435034,44.78
30/08/2016,0,0,12(0.00 %),0,0,0,0,1435034,44.78
31/08/2016,0,0,13.8(15.00 %),0,0,0,0,1435034,44.78
01/09/2016,0,0,14.2(10.08 %),0,0,0,0,1435034,44.78
05/09/2016,0,0,14.2(0.00 %),0,0,0,0,1435034,44.78
06/09/2016,0,0,14.2(0.00 %),0,0,0,0,1435034,44.78
07/09/2016,0,0,14.2(0.00 %),0,0,0,0,1435034,44.78
08/09/2016,0,0,14.2(0.00 %),0,0,0,0,1435034,44.78
09/09/2016,-3000,-42300000,14.1(0.00 %),0,0,3000,42300000,1435034,44.78
12/09/2016,0,0,14.1(0.00 %),0,0,0,0,1435034,44.78
13/09/2016,0,0,14.1(0.00 %),0,0,0,0,1435034,44.78
14/09/2016,0,0,14.1(0.00 %),0,0,0,0,1438034,44.77
15/09/2016,0,0,14.1(0.00 %),0,0,0,0,1438034,44.77
16/09/2016,0,0,14.1(0.00 %),0,0,0,0,1438034,44.77
19/09/2016,0,0,14.1(0.00 %),0,0,0,0,1438034,44.77
20/09/2016,0,0,14.1(0.00 %),0,0,0,0,1438034,44.77
21/09/2016,0,0,14.1(0.00 %),0,0,0,0,1438034,44.77
22/09/2016,0,0,14(-0.71 %),0,0,0,0,1438034,44.77
23/09/2016,0,0,12.1(-13.57 %),0,0,0,0,1438034,44.77
26/09/2016,-1900,-25780000,13.9(14.88 %),0,0,1900,25780000,1438034,44.77
27/09/2016,0,0,14(3.70 %),0,0,0,0,1438034,44.77
28/09/2016,0,0,14.1(2.17 %),0,0,0,0,1438034,44.77
29/09/2016,0,0,14(0.00 %),0,0,0,0,1439934,44.76
30/09/2016,0,0,14(0.00 %),0,0,0,0,1439934,44.76
03/10/2016,0,0,14(0.00 %),0,0,0,0,1439934,44.76
04/10/2016,0,0,14(0.00 %),0,0,0,0,1439934,44.76
05/10/2016,0,0,14.1(0.71 %),0,0,0,0,1439934,44.76
06/10/2016,-6000,-84200000,14(0.00 %),0,0,6000,84200000,1439934,44.76
07/10/2016,0,0,14(0.00 %),0,0,0,0,1439934,44.76
10/10/2016,0,0,13.7(-2.14 %),0,0,0,0,1439934,44.76
11/10/2016,0,0,13.7(0.00 %),0,0,0,0,1445934,44.75
12/10/2016,0,0,14.2(3.65 %),0,0,0,0,1445934,44.75
13/10/2016,0,0,14.2(0.00 %),0,0,0,0,1445934,44.75
14/10/2016,0,0,14.2(0.00 %),0,0,0,0,1445934,44.75
17/10/2016,0,0,14.2(0.00 %),0,0,0,0,1445934,44.75
18/10/2016,0,0,14.2(0.00 %),0,0,0,0,1445934,44.75
19/10/2016,0,0,14.2(0.00 %),0,0,0,0,1445934,44.75
20/10/2016,0,0,14.2(0.00 %),0,0,0,0,1445934,44.75
21/10/2016,0,0,12.3(-13.38 %),0,0,0,0,1445934,44.75
24/10/2016,0,0,12.3(0.00 %),0,0,0,0,1445934,44.75
25/10/2016,0,0,12.3(0.00 %),0,0,0,0,1445934,44.75
26/10/2016,0,0,12.3(0.00 %),0,0,0,0,1445934,44.75
27/10/2016,0,0,12.3(0.00 %),0,0,0,0,1445934,44.75
28/10/2016,0,0,12.3(0.00 %),0,0,0,0,1445934,44.75
31/10/2016,0,0,12.3(0.00 %),0,0,0,0,1445934,44.75
01/11/2016,0,0,12.3(0.00 %),0,0,0,0,1445934,44.75
02/11/2016,0,0,12.3(0.00 %),0,0,0,0,1445934,44.75
03/11/2016,0,0,12(-2.44 %),0,0,0,0,1445934,44.75
04/11/2016,0,0,12(0.00 %),0,0,0,0,1445934,44.75
07/11/2016,0,0,12(0.00 %),0,0,0,0,1445934,44.75
08/11/2016,0,0,12(0.00 %),0,0,0,0,1445934,44.75
09/11/2016,0,0,12(0.00 %),0,0,0,0,1445934,44.75
10/11/2016,0,0,12(0.00 %),0,0,0,0,1445934,44.75
11/11/2016,0,0,12(0.00 %),0,0,0,0,1445934,44.75
14/11/2016,0,0,13.7(14.17 %),0,0,0,0,1445934,44.75
15/11/2016,0,0,13.7(0.00 %),0,0,0,0,1445934,44.75
16/11/2016,0,0,13.7(0.00 %),0,0,0,0,1445934,44.75
17/11/2016,0,0,11.7(-14.60 %),0,0,0,0,1445934,44.75
18/11/2016,0,0,11.7(0.00 %),0,0,0,0,1445934,44.75
21/11/2016,0,0,11.5(-1.71 %),0,0,0,0,1445934,44.75
22/11/2016,0,0,12.5(8.70 %),0,0,0,0,1445934,44.75
23/11/2016,0,0,14.1(10.16 %),0,0,0,0,1445934,44.75
24/11/2016,0,0,12(-14.29 %),0,0,0,0,1445934,44.75
25/11/2016,0,0,12(0.00 %),0,0,0,0,1445934,44.75
28/11/2016,0,0,12(0.00 %),0,0,0,0,1445934,44.75
29/11/2016,0,0,12.1(0.83 %),0,0,0,0,1445934,44.75
30/11/2016,0,0,13.4(12.61 %),0,0,0,0,1445934,44.75
01/12/2016,0,0,14.6(13.18 %),0,0,0,0,1445934,44.75
02/12/2016,0,0,14(0.00 %),0,0,0,0,1445934,44.75
05/12/2016,0,0,12(-14.29 %),0,0,0,0,1445934,44.75
06/12/2016,0,0,12(0.00 %),0,0,0,0,1445934,44.75
07/12/2016,0,0,12(0.00 %),0,0,0,0,1445934,44.75
08/12/2016,0,0,12(0.00 %),0,0,0,0,1445934,44.75
09/12/2016,0,0,12(0.00 %),0,0,0,0,1445934,44.75
12/12/2016,0,0,10.3(-14.17 %),0,0,0,0,1445934,44.75
13/12/2016,0,0,10.3(0.00 %),0,0,0,0,1445934,44.75
14/12/2016,0,0,10.3(0.00 %),0,0,0,0,1445934,44.75
15/12/2016,0,0,10.3(0.00 %),0,0,0,0,1445934,44.75
16/12/2016,0,0,10.3(0.00 %),0,0,0,0,1445934,44.75
19/12/2016,0,0,10.3(0.00 %),0,0,0,0,1445934,44.75
20/12/2016,0,0,10.3(0.00 %),0,0,0,0,1445934,44.75
21/12/2016,0,0,10.3(0.00 %),0,0,0,0,1445934,44.75
22/12/2016,0,0,10(-2.91 %),0,0,0,0,1445934,44.75
23/12/2016,0,0,10(0.00 %),0,0,0,0,1445934,44.75
26/12/2016,0,0,10(0.00 %),0,0,0,0,1445934,44.75
27/12/2016,0,0,10(0.00 %),0,0,0,0,1445934,44.75
28/12/2016,0,0,10(0.00 %),0,0,0,0,1445934,44.75
29/12/2016,0,0,11.4(14.00 %),0,0,0,0,1445934,44.75
30/12/2016,0,0,12.7(11.40 %),0,0,0,0,1445934,44.75
03/01/2017,0,0,12.5(0.00 %),0,0,0,0,1445934,44.75
04/01/2017,0,0,12.5(0.00 %),0,0,0,0,1445934,44.75
05/01/2017,0,0,12.5(0.00 %),0,0,0,0,1445934,44.75
06/01/2017,0,0,12.5(0.00 %),0,0,0,0,1445934,44.75
09/01/2017,0,0,12.5(0.00 %),0,0,0,0,1445934,44.75
10/01/2017,0,0,12.5(0.00 %),0,0,0,0,1445934,44.75
11/01/2017,0,0,12.5(0.00 %),0,0,0,0,1445934,44.75
12/01/2017,0,0,10.8(-13.60 %),0,0,0,0,1445934,44.75
13/01/2017,0,0,10.8(0.00 %),0,0,0,0,1445934,44.75
16/01/2017,0,0,10.8(0.00 %),0,0,0,0,1445934,44.75
17/01/2017,0,0,9.4(-12.96 %),0,0,0,0,1445934,44.75
18/01/2017,0,0,9.4(0.00 %),0,0,0,0,1445934,44.75
19/01/2017,-100,-810000,8.1(-13.83 %),0,0,100,810000,1445934,44.75
20/01/2017,-400,-3240000,8.1(0.00 %),0,0,400,3240000,1445934,44.75
23/01/2017,0,0,8.1(0.00 %),0,0,0,0,1445934,44.75
24/01/2017,0,0,8.1(0.00 %),0,0,0,0,1446034,44.75
25/01/2017,-50,-345000,8.1(0.00 %),0,0,50,345000,1446434,44.75
02/02/2017,0,0,8.1(0.00 %),0,0,0,0,1446434,44.75
03/02/2017,0,0,8.1(0.00 %),0,0,0,0,1446434,44.75
06/02/2017,0,0,8.1(0.00 %),0,0,0,0,1446484,44.75
07/02/2017,0,0,8.1(0.00 %),0,0,0,0,1446484,44.75
08/02/2017,0,0,8.1(0.00 %),0,0,0,0,1446484,44.75
09/02/2017,0,0,8.1(0.00 %),0,0,0,0,1446484,44.75
10/02/2017,0,0,8.1(0.00 %),0,0,0,0,1446484,44.75
13/02/2017,0,0,8.1(0.00 %),0,0,0,0,1446484,44.75
14/02/2017,0,0,8.1(0.00 %),0,0,0,0,1446484,44.75
15/02/2017,-86,-593400,8.1(0.00 %),0,0,86,593400,1446484,44.75
16/02/2017,-15,-103500,7(-13.58 %),0,0,15,103500,1446484,44.75
17/02/2017,0,0,7(0.00 %),0,0,0,0,1446484,44.75
20/02/2017,0,0,7(0.00 %),0,0,0,0,1446570,44.75
21/02/2017,0,0,7(0.00 %),0,0,0,0,1446585,44.75
22/02/2017,0,0,7(0.00 %),0,0,0,0,1446585,44.75
23/02/2017,0,0,7(0.00 %),0,0,0,0,1446585,44.75
24/02/2017,-25,-162500,7(0.00 %),0,0,25,162500,1446585,44.75
27/02/2017,0,0,7(0.00 %),0,0,0,0,1446585,44.75
28/02/2017,0,0,7(0.00 %),0,0,0,0,1446585,44.75
01/03/2017,0,0,7(0.00 %),0,0,0,0,1446610,44.75
02/03/2017,57,370500,7(0.00 %),57,370500,0,0,1446553,44.75
03/03/2017,0,0,6.9(0.00 %),0,0,0,0,1446553,44.75
06/03/2017,0,0,6.9(0.00 %),0,0,0,0,1446553,44.75
07/03/2017,0,0,6.9(0.00 %),0,0,0,0,1446553,44.75
08/03/2017,0,0,7(1.45 %),0,0,0,0,1446553,44.75
09/03/2017,0,0,6.9(0.00 %),0,0,0,0,1446553,44.75
10/03/2017,-215,-1328500,6(-13.04 %),0,0,215,1328500,1446553,44.75
13/03/2017,0,0,6.4(0.00 %),0,0,0,0,1446553,44.75
14/03/2017,0,0,7.3(14.06 %),0,0,0,0,1446553,44.75
15/03/2017,0,0,7.3(0.00 %),0,0,0,0,1446768,44.74
16/03/2017,0,0,7.5(2.74 %),0,0,0,0,1446768,44.74
17/03/2017,0,0,7.5(0.00 %),0,0,0,0,1446768,44.74
20/03/2017,0,0,7.5(0.00 %),0,0,0,0,1446768,44.74
21/03/2017,0,0,8.5(13.33 %),0,0,0,0,1446768,44.74
22/03/2017,100,950000,9.5(11.76 %),100,950000,0,0,1446668,44.75
23/03/2017,0,0,9.5(0.00 %),0,0,0,0,1446668,44.75
24/03/2017,0,0,9.5(0.00 %),0,0,0,0,1446668,44.75
27/03/2017,0,0,9.5(0.00 %),0,0,0,0,1446668,44.75
28/03/2017,0,0,9.5(0.00 %),0,0,0,0,1446668,44.75
29/03/2017,0,0,9.5(0.00 %),0,0,0,0,1446668,44.75
30/03/2017,200,2180000,10.9(14.74 %),200,2180000,0,0,1446468,44.75
31/03/2017,200,2180000,10.9(0.00 %),200,2180000,0,0,1446268,44.75
03/04/2017,0,0,10.9(0.00 %),0,0,0,0,1446268,44.75
04/04/2017,0,0,10.9(0.00 %),0,0,0,0,1446268,44.75
05/04/2017,0,0,10.9(0.00 %),0,0,0,0,1446268,44.75
07/04/2017,0,0,10.9(0.00 %),0,0,0,0,1446268,44.75
10/04/2017,0,0,10.9(0.00 %),0,0,0,0,1446268,44.75
11/04/2017,0,0,10.9(0.00 %),0,0,0,0,1446268,44.75
12/04/2017,0,0,10.9(0.00 %),0,0,0,0,1446268,44.75
13/04/2017,0,0,10.9(0.00 %),0,0,0,0,1446268,44.75
14/04/2017,100,1230000,12.3(12.84 %),100,1230000,0,0,1446168,44.75
17/04/2017,0,0,12.3(0.00 %),0,0,0,0,1446168,44.75
18/04/2017,0,0,12.3(0.00 %),0,0,0,0,1446168,44.75
19/04/2017,0,0,12.3(0.00 %),0,0,0,0,1446168,44.75
20/04/2017,0,0,12.3(0.00 %),0,0,0,0,1446168,44.75
21/04/2017,0,0,12.3(0.00 %),0,0,0,0,1446168,44.75
24/04/2017,0,0,12.3(0.00 %),0,0,0,0,1446168,44.75
25/04/2017,0,0,12.3(0.00 %),0,0,0,0,1446168,44.75
26/04/2017,0,0,12.3(0.00 %),0,0,0,0,1446168,44.75
27/04/2017,0,0,12.3(0.00 %),0,0,0,0,1446168,44.75
28/04/2017,0,0,12.3(0.00 %),0,0,0,0,1446168,44.75
03/05/2017,0,0,12.3(0.00 %),0,0,0,0,1446168,44.75
04/05/2017,0,0,12.3(0.00 %),0,0,0,0,1446168,44.75
05/05/2017,0,0,12.3(0.00 %),0,0,0,0,1446168,44.75
08/05/2017,0,0,12.3(0.00 %),0,0,0,0,1446168,44.75
09/05/2017,0,0,12.3(0.00 %),0,0,0,0,1446168,44.75
10/05/2017,0,0,12.3(0.00 %),0,0,0,0,1446168,44.75
11/05/2017,0,0,12.3(0.00 %),0,0,0,0,1446168,44.75
12/05/2017,0,0,12.3(0.00 %),0,0,0,0,1446168,44.75
15/05/2017,0,0,12.3(0.00 %),0,0,0,0,1446168,44.75
16/05/2017,0,0,12.3(0.00 %),0,0,0,0,1446168,44.75
17/05/2017,0,0,12.3(0.00 %),0,0,0,0,1446168,44.75
18/05/2017,0,0,12.3(0.00 %),0,0,0,0,1446168,44.75
19/05/2017,0,0,12.3(0.00 %),0,0,0,0,1446168,44.75
22/05/2017,0,0,12.3(0.00 %),0,0,0,0,1446168,44.75
23/05/2017,0,0,12.3(0.00 %),0,0,0,0,1446168,44.75
24/05/2017,0,0,12.3(0.00 %),0,0,0,0,1446168,44.75
25/05/2017,0,0,12.3(0.00 %),0,0,0,0,1446168,44.75
26/05/2017,0,0,12.3(0.00 %),0,0,0,0,1446168,44.75
29/05/2017,0,0,7.5(-39.02 %),0,0,0,0,1446168,44.75
30/05/2017,0,0,7.5(0.00 %),0,0,0,0,1446168,44.75
31/05/2017,0,0,6.5(-13.33 %),0,0,0,0,1446168,44.75
01/06/2017,0,0,6.5(0.00 %),0,0,0,0,1446168,44.75
02/06/2017,0,0,6.5(0.00 %),0,0,0,0,1446168,44.75
05/06/2017,0,0,7.4(13.85 %),0,0,0,0,1446168,44.75
06/06/2017,0,0,7.4(0.00 %),0,0,0,0,1446168,44.75
07/06/2017,0,0,7.4(0.00 %),0,0,0,0,1446168,44.75
08/06/2017,-43,-270900,7.4(0.00 %),0,0,43,270900,1446168,44.75
09/06/2017,0,0,7.4(0.00 %),0,0,0,0,1446168,44.75
12/06/2017,0,0,7.4(0.00 %),0,0,0,0,1446168,44.75
13/06/2017,0,0,7.4(0.00 %),0,0,0,0,1446211,44.75
14/06/2017,0,0,7.4(0.00 %),0,0,0,0,1446211,44.75
16/06/2017,0,0,7.4(0.00 %),0,0,0,0,1446211,44.75
19/06/2017,0,0,7.4(0.00 %),0,0,0,0,1446211,44.75
20/06/2017,0,0,7.4(0.00 %),0,0,0,0,1446211,44.75
21/06/2017,0,0,7.4(0.00 %),0,0,0,0,1446211,44.75
22/06/2017,0,0,7.4(0.00 %),0,0,0,0,1446211,44.75
23/06/2017,0,0,7.4(0.00 %),0,0,0,0,1446211,44.75
26/06/2017,0,0,6.3(-14.86 %),0,0,0,0,1446211,44.75
27/06/2017,0,0,6.3(0.00 %),0,0,0,0,1446211,44.75
28/06/2017,0,0,6.3(0.00 %),0,0,0,0,1446211,44.75
29/06/2017,0,0,6.3(0.00 %),0,0,0,0,1446211,44.75
30/06/2017,0,0,6.3(0.00 %),0,0,0,0,1446211,44.75
03/07/2017,0,0,6.3(0.00 %),0,0,0,0,1446211,44.75
04/07/2017,0,0,6.3(0.00 %),0,0,0,0,1446211,44.75
05/07/2017,0,0,6.3(0.00 %),0,0,0,0,1446211,44.75
06/07/2017,0,0,6.3(0.00 %),0,0,0,0,1446211,44.75
07/07/2017,0,0,6.3(0.00 %),0,0,0,0,1446211,44.75
10/07/2017,0,0,6.3(0.00 %),0,0,0,0,1446211,44.75
11/07/2017,0,0,6.3(0.00 %),0,0,0,0,1446211,44.75
12/07/2017,0,0,6.3(0.00 %),0,0,0,0,1446211,44.75
13/07/2017,0,0,6.3(0.00 %),0,0,0,0,1446211,44.75
14/07/2017,0,0,6.3(0.00 %),0,0,0,0,1446211,44.75
17/07/2017,0,0,6.3(0.00 %),0,0,0,0,1446211,44.75
18/07/2017,0,0,5.5(-12.70 %),0,0,0,0,1446211,44.75
19/07/2017,0,0,6.3(14.55 %),0,0,0,0,1446211,44.75
20/07/2017,0,0,6.3(0.00 %),0,0,0,0,1446211,44.75
21/07/2017,0,0,6.4(1.59 %),0,0,0,0,1446211,44.75
24/07/2017,0,0,7.2(12.50 %),0,0,0,0,1446211,44.75
25/07/2017,0,0,7.2(0.00 %),0,0,0,0,1446211,44.75
26/07/2017,0,0,7.2(0.00 %),0,0,0,0,1446211,44.75
27/07/2017,0,0,8.2(13.89 %),0,0,0,0,1446211,44.75
28/07/2017,0,0,7.1(-13.41 %),0,0,0,0,1446211,44.75
31/07/2017,-5,-30500,7.1(0.00 %),0,0,5,30500,1446211,44.75
01/08/2017,0,0,7.1(0.00 %),0,0,0,0,1446211,44.75
02/08/2017,0,0,6.5(-8.45 %),0,0,0,0,1446211,44.75
03/08/2017,0,0,6.5(0.00 %),0,0,0,0,1446216,44.75
04/08/2017,0,0,6.5(0.00 %),0,0,0,0,1446216,44.75
07/08/2017,0,0,6.5(0.00 %),0,0,0,0,1446216,44.75
08/08/2017,0,0,6.5(0.00 %),0,0,0,0,1446216,44.75
09/08/2017,0,0,6.5(0.00 %),0,0,0,0,1446216,44.75
10/08/2017,0,0,6.5(0.00 %),0,0,0,0,1446216,44.75
11/08/2017,0,0,6.5(0.00 %),0,0,0,0,1446216,44.75
14/08/2017,0,0,7.4(13.85 %),0,0,0,0,1446216,44.75
15/08/2017,0,0,8.5(14.86 %),0,0,0,0,1446216,44.75
16/08/2017,0,0,8.5(0.00 %),0,0,0,0,1446216,44.75
17/08/2017,0,0,8.5(0.00 %),0,0,0,0,1446216,44.75
18/08/2017,0,0,8.5(0.00 %),0,0,0,0,1446216,44.75
21/08/2017,0,0,8.5(0.00 %),0,0,0,0,1446216,44.75
22/08/2017,0,0,8.5(0.00 %),0,0,0,0,1446216,44.75
23/08/2017,0,0,8.5(0.00 %),0,0,0,0,1446216,44.75
24/08/2017,0,0,8.5(0.00 %),0,0,0,0,1446216,44.75
25/08/2017,0,0,8.5(0.00 %),0,0,0,0,1446216,44.75
28/08/2017,0,0,8.5(0.00 %),0,0,0,0,1446216,44.75
29/08/2017,0,0,8.5(0.00 %),0,0,0,0,1446216,44.75
30/08/2017,0,0,8.5(0.00 %),0,0,0,0,1446216,44.75
31/08/2017,0,0,8.5(0.00 %),0,0,0,0,1446216,44.75
01/09/2017,0,0,8.5(0.00 %),0,0,0,0,1446216,44.75
05/09/2017,0,0,8.5(0.00 %),0,0,0,0,1446216,44.75
06/09/2017,0,0,8.5(0.00 %),0,0,0,0,1446216,44.75
07/09/2017,0,0,8.5(0.00 %),0,0,0,0,1446216,44.75
08/09/2017,0,0,8.5(0.00 %),0,0,0,0,1446216,44.75
12/09/2017,0,0,8.7(2.35 %),0,0,0,0,1446216,44.75
13/09/2017,0,0,8.7(0.00 %),0,0,0,0,1446216,44.75
15/09/2017,-10,-74000,8.7(0.00 %),0,0,10,74000,1446216,44.75
18/09/2017,0,0,8.7(0.00 %),0,0,0,0,1446216,44.75
19/09/2017,0,0,8.7(0.00 %),0,0,0,0,1446216,44.75
20/09/2017,0,0,8.7(0.00 %),0,0,0,0,1446226,44.75
21/09/2017,0,0,8.7(0.00 %),0,0,0,0,1446226,44.75
22/09/2017,0,0,8.7(0.00 %),0,0,0,0,1446226,44.75
25/09/2017,0,0,8.7(0.00 %),0,0,0,0,1446226,44.75
26/09/2017,0,0,8.7(0.00 %),0,0,0,0,1446226,44.75
27/09/2017,0,0,8.7(0.00 %),0,0,0,0,1446226,44.75
28/09/2017,0,0,8.7(0.00 %),0,0,0,0,1446226,44.75
29/09/2017,0,0,8.7(0.00 %),0,0,0,0,1446226,44.75
02/10/2017,0,0,8.7(0.00 %),0,0,0,0,1446226,44.75
03/10/2017,0,0,8.7(0.00 %),0,0,0,0,1446226,44.75
04/10/2017,0,0,8.7(0.00 %),0,0,0,0,1446226,44.75
05/10/2017,0,0,8.7(0.00 %),0,0,0,0,1446226,44.75
06/10/2017,0,0,8.7(0.00 %),0,0,0,0,1446226,44.75
11/10/2017,0,0,8.7(0.00 %),0,0,0,0,1446226,44.75
12/10/2017,0,0,8.7(0.00 %),0,0,0,0,1446226,44.75
16/10/2017,0,0,8.7(0.00 %),0,0,0,0,1446226,44.75
18/10/2017,0,0,8.7(0.00 %),0,0,0,0,1446226,44.75
20/10/2017,0,0,8.7(0.00 %),0,0,0,0,1446226,44.75
23/10/2017,0,0,8.7(0.00 %),0,0,0,0,1446226,44.75
24/10/2017,0,0,8.7(0.00 %),0,0,0,0,1446226,44.75
25/10/2017,0,0,8.7(0.00 %),0,0,0,0,1446226,44.75
26/10/2017,0,0,8.7(0.00 %),0,0,0,0,1446226,44.75
27/10/2017,0,0,8.7(0.00 %),0,0,0,0,1446226,44.75
30/10/2017,0,0,8.7(0.00 %),0,0,0,0,1446226,44.75
31/10/2017,0,0,8.7(0.00 %),0,0,0,0,1446226,44.75
01/11/2017,0,0,8.7(0.00 %),0,0,0,0,1446226,44.75
02/11/2017,0,0,8.7(0.00 %),0,0,0,0,1446226,44.75
03/11/2017,0,0,8.7(0.00 %),0,0,0,0,1446226,44.75
06/11/2017,0,0,8.7(0.00 %),0,0,0,0,1446226,44.75
07/11/2017,0,0,8.7(0.00 %),0,0,0,0,1446226,44.75
08/11/2017,0,0,7(-19.54 %),0,0,0,0,1446226,44.75
09/11/2017,0,0,7(0.00 %),0,0,0,0,1446226,44.75
10/11/2017,1000,7300000,7.3(4.29 %),1000,7300000,0,0,1445226,44.75
13/11/2017,0,0,7.3(0.00 %),0,0,0,0,1445226,44.75
14/11/2017,0,0,8.3(13.70 %),0,0,0,0,1445226,44.75
15/11/2017,0,0,8.3(0.00 %),0,0,0,0,1445226,44.75
16/11/2017,0,0,8.3(0.00 %),0,0,0,0,1445226,44.75
17/11/2017,0,0,7.2(-13.25 %),0,0,0,0,1445226,44.75
20/11/2017,0,0,9(0.00 %),0,0,0,0,1445226,44.75
21/11/2017,0,0,9(0.00 %),0,0,0,0,1445226,44.75
22/11/2017,0,0,9(0.00 %),0,0,0,0,1445226,44.75
23/11/2017,0,0,7.8(-13.33 %),0,0,0,0,1445226,44.75
24/11/2017,-64,-544000,8.5(-14.14 %),0,0,64,544000,1445226,44.75
27/11/2017,0,0,9.6(0.00 %),0,0,0,0,1445226,44.75
28/11/2017,0,0,8.3(-13.54 %),0,0,0,0,1445226,44.75
29/11/2017,0,0,8.5(-14.14 %),0,0,0,0,1445290,44.75
30/11/2017,0,0,9.2(-14.81 %),0,0,0,0,1445290,44.75
01/12/2017,0,0,8.1(-11.96 %),0,0,0,0,1445290,44.75
04/12/2017,0,0,9.3(0.00 %),0,0,0,0,1445290,44.75
05/12/2017,0,0,9.3(0.00 %),0,0,0,0,1445290,44.75
06/12/2017,0,0,8(-13.98 %),0,0,0,0,1445290,44.75
07/12/2017,0,0,8.3(0.00 %),0,0,0,0,1445290,44.75
08/12/2017,0,0,8.3(0.00 %),0,0,0,0,1445290,44.75
11/12/2017,0,0,8.3(0.00 %),0,0,0,0,1445290,44.75
12/12/2017,0,0,8.3(0.00 %),0,0,0,0,1445290,44.75
13/12/2017,0,0,8.3(0.00 %),0,0,0,0,1445290,44.75
14/12/2017,0,0,7.2(-13.25 %),0,0,0,0,1445290,44.75
15/12/2017,0,0,7.2(0.00 %),0,0,0,0,1445290,44.75
18/12/2017,0,0,7.2(0.00 %),0,0,0,0,1445290,44.75
19/12/2017,0,0,7.2(0.00 %),0,0,0,0,1445290,44.75
20/12/2017,0,0,7.2(0.00 %),0,0,0,0,1445290,44.75
21/12/2017,0,0,7.2(0.00 %),0,0,0,0,1445290,44.75
22/12/2017,0,0,7.2(0.00 %),0,0,0,0,1445290,44.75
25/12/2017,0,0,7.2(0.00 %),0,0,0,0,1445290,44.75
26/12/2017,0,0,7.2(0.00 %),0,0,0,0,1445290,44.75
27/12/2017,0,0,7.2(0.00 %),0,0,0,0,1445290,44.75
28/12/2017,0,0,7.2(0.00 %),0,0,0,0,1445290,44.75
29/12/2017,0,0,7.2(0.00 %),0,0,0,0,1445290,44.75
02/01/2018,0,0,7.2(0.00 %),0,0,0,0,1445290,44.75
03/01/2018,0,0,7.2(0.00 %),0,0,0,0,1445290,44.75
04/01/2018,0,0,7.2(0.00 %),0,0,0,0,1445290,44.75
05/01/2018,0,0,7.2(0.00 %),0,0,0,0,1445290,44.75
08/01/2018,0,0,7.2(0.00 %),0,0,0,0,1445290,44.75
09/01/2018,0,0,6.5(-9.72 %),0,0,0,0,1445290,44.75
10/01/2018,0,0,7.4(13.85 %),0,0,0,0,1445290,44.75
11/01/2018,0,0,5.9(0.00 %),0,0,0,0,1445290,44.75
12/01/2018,0,0,5.9(0.00 %),0,0,0,0,1445290,44.75
15/01/2018,0,0,6.7(13.56 %),0,0,0,0,1445290,44.75
16/01/2018,0,0,7.7(14.93 %),0,0,0,0,1445290,44.75
17/01/2018,13,100100,8.8(14.29 %),13,100100,0,0,1445277,44.75
18/01/2018,0,0,8.8(0.00 %),0,0,0,0,1445277,44.75
19/01/2018,0,0,8.8(0.00 %),0,0,0,0,1445277,44.75
22/01/2018,0,0,8.8(0.00 %),0,0,0,0,1445277,44.75
23/01/2018,0,0,8.8(0.00 %),0,0,0,0,1445277,44.75
24/01/2018,0,0,8.8(0.00 %),0,0,0,0,1445277,44.75
25/01/2018,-25,-187500,8.8(0.00 %),0,0,25,187500,1445277,44.75
26/01/2018,0,0,8.8(0.00 %),0,0,0,0,1445277,44.75
29/01/2018,0,0,8.8(0.00 %),0,0,0,0,1445277,44.75
30/01/2018,-13,-114400,10.1(14.77 %),0,0,13,114400,1445302,44.75
31/01/2018,0,0,8.6(-14.85 %),0,0,0,0,1445302,44.75
01/02/2018,0,0,11.5(0.00 %),0,0,0,0,1445302,44.75
02/02/2018,0,0,11.5(0.00 %),0,0,0,0,1445315,44.75
05/02/2018,0,0,11.5(0.00 %),0,0,0,0,1445315,44.75
06/02/2018,0,0,11.5(0.00 %),0,0,0,0,1445315,44.75
07/02/2018,0,0,9.8(-14.78 %),0,0,0,0,1445315,44.75
08/02/2018,0,0,11.2(14.29 %),0,0,0,0,1445315,44.75
09/02/2018,0,0,9.6(-14.29 %),0,0,0,0,1445315,44.75
12/02/2018,0,0,9.6(-14.29 %),0,0,0,0,1445315,44.75
13/02/2018,0,0,8.2(-14.58 %),0,0,0,0,1445315,44.75
21/02/2018,0,0,10.9(0.00 %),0,0,0,0,1445315,44.75
22/02/2018,0,0,10.9(0.00 %),0,0,0,0,1445315,44.75
23/02/2018,0,0,9.3(-14.68 %),0,0,0,0,1445315,44.75
26/02/2018,0,0,10(-4.76 %),0,0,0,0,1445315,44.75
27/02/2018,0,0,11.7(14.71 %),0,0,0,0,1445315,44.75
28/02/2018,0,0,10(-14.53 %),0,0,0,0,1445315,44.75
01/03/2018,0,0,8.7(-13.86 %),0,0,0,0,1445315,44.75
02/03/2018,-215,-1920000,9(-3.23 %),0,0,215,1920000,1445315,44.75
05/03/2018,0,0,9(0.00 %),0,0,0,0,1445315,44.75
06/03/2018,-86,-662200,9(0.00 %),0,0,86,662200,1445315,44.75
07/03/2018,0,0,7.7(-14.44 %),0,0,0,0,1445530,44.75
08/03/2018,0,0,8.6(-14.00 %),0,0,0,0,1445530,44.75
09/03/2018,0,0,9.7(-14.91 %),0,0,0,0,1445616,44.75
12/03/2018,0,0,8.4(-13.40 %),0,0,0,0,1445616,44.75
13/03/2018,0,0,9.3(-14.68 %),0,0,0,0,1445616,44.75
14/03/2018,0,0,12(5.26 %),0,0,0,0,1445616,44.75
15/03/2018,0,0,10.2(-15.00 %),0,0,0,0,1445616,44.75
16/03/2018,0,0,10.1(-0.98 %),0,0,0,0,1445616,44.75
19/03/2018,0,0,8.9(-11.88 %),0,0,0,0,1445616,44.75
20/03/2018,0,0,9.8(-14.78 %),0,0,0,0,1445616,44.75
21/03/2018,0,0,9.8(0.00 %),0,0,0,0,1445616,44.75
22/03/2018,0,0,9.8(0.00 %),0,0,0,0,1445616,44.75
23/03/2018,0,0,9.8(0.00 %),0,0,0,0,1445616,44.75
26/03/2018,0,0,9.8(0.00 %),0,0,0,0,1445616,44.75
27/03/2018,0,0,9.8(0.00 %),0,0,0,0,1445616,44.75
28/03/2018,0,0,9.8(0.00 %),0,0,0,0,1445616,44.75
29/03/2018,0,0,10.5(7.14 %),0,0,0,0,1445616,44.75
30/03/2018,0,0,9.1(-13.33 %),0,0,0,0,1445616,44.75
02/04/2018,0,0,9.1(0.00 %),0,0,0,0,1445616,44.75
03/04/2018,0,0,9.2(1.10 %),0,0,0,0,1445616,44.75
04/04/2018,0,0,10.3(0.00 %),0,0,0,0,1445616,44.75
05/04/2018,0,0,10.3(0.00 %),0,0,0,0,1445616,44.75
06/04/2018,0,0,10.3(0.00 %),0,0,0,0,1445616,44.75
09/04/2018,0,0,10.3(0.00 %),0,0,0,0,1445616,44.75
10/04/2018,0,0,8.8(-14.56 %),0,0,0,0,1445616,44.75
11/04/2018,0,0,9.8(0.00 %),0,0,0,0,1445616,44.75
12/04/2018,0,0,9.8(0.00 %),0,0,0,0,1445616,44.75
13/04/2018,0,0,9.8(0.00 %),0,0,0,0,1445616,44.75
16/04/2018,0,0,9.8(0.00 %),0,0,0,0,1445616,44.75
17/04/2018,0,0,9.8(0.00 %),0,0,0,0,1445616,44.75
18/04/2018,0,0,8.5(-13.27 %),0,0,0,0,1445616,44.75
19/04/2018,0,0,8.5(0.00 %),0,0,0,0,1445616,44.75
20/04/2018,0,0,8.5(0.00 %),0,0,0,0,1445616,44.75
24/04/2018,0,0,9.7(0.00 %),0,0,0,0,1445616,44.75
26/04/2018,0,0,9.7(0.00 %),0,0,0,0,1445616,44.75
27/04/2018,0,0,9.7(0.00 %),0,0,0,0,1445616,44.75
02/05/2018,0,0,9.7(0.00 %),0,0,0,0,1445616,44.75
03/05/2018,0,0,9.7(0.00 %),0,0,0,0,1445616,44.75
04/05/2018,0,0,9.7(0.00 %),0,0,0,0,1445616,44.75
07/05/2018,0,0,9.7(0.00 %),0,0,0,0,1445616,44.75
09/05/2018,0,0,9.7(0.00 %),0,0,0,0,1445616,44.75
10/05/2018,0,0,9.7(0.00 %),0,0,0,0,1445616,44.75
11/05/2018,0,0,9.7(0.00 %),0,0,0,0,1445616,44.75
14/05/2018,0,0,9.7(0.00 %),0,0,0,0,1445616,44.75
15/05/2018,0,0,9.7(0.00 %),0,0,0,0,1445616,44.75
16/05/2018,0,0,9.7(0.00 %),0,0,0,0,1445616,44.75
17/05/2018,0,0,9.7(0.00 %),0,0,0,0,1445616,44.75
18/05/2018,0,0,9.7(0.00 %),0,0,0,0,1445616,44.75
21/05/2018,0,0,11.1(14.43 %),0,0,0,0,1445616,44.75
22/05/2018,0,0,9.5(-14.41 %),0,0,0,0,1445616,44.75
23/05/2018,-200,-2280000,11.4(0.00 %),0,0,200,2280000,1445616,44.75
24/05/2018,-200,-2280000,11.4(0.00 %),0,0,200,2280000,1445616,44.75
25/05/2018,0,0,9.7(-14.91 %),0,0,0,0,1445616,44.75
28/05/2018,0,0,9.7(0.00 %),0,0,0,0,1445816,44.75
29/05/2018,0,0,10(3.09 %),0,0,0,0,1446016,44.75
30/05/2018,0,0,10(0.00 %),0,0,0,0,1446016,44.75
31/05/2018,0,0,10(0.00 %),0,0,0,0,1446016,44.75
01/06/2018,0,0,10(0.00 %),0,0,0,0,1446016,44.75
04/06/2018,0,0,10(0.00 %),0,0,0,0,1446016,44.75
05/06/2018,0,0,10(0.00 %),0,0,0,0,1446016,44.75
06/06/2018,0,0,10(0.00 %),0,0,0,0,1446016,44.75
07/06/2018,0,0,10(0.00 %),0,0,0,0,1446016,44.75
08/06/2018,0,0,10(0.00 %),0,0,0,0,1446016,44.75
11/06/2018,0,0,8.5(-15.00 %),0,0,0,0,1446016,44.75
12/06/2018,0,0,10.4(0.00 %),0,0,0,0,1446016,44.75
13/06/2018,0,0,8.9(-14.42 %),0,0,0,0,1446016,44.75
14/06/2018,100,1220000,12.2(12.96 %),100,1220000,0,0,1445916,44.75
15/06/2018,0,0,9.2(-14.02 %),0,0,0,0,1445916,44.75
18/06/2018,0,0,9.2(0.00 %),0,0,0,0,1445916,44.75
19/06/2018,0,0,9.2(0.00 %),0,0,0,0,1445916,44.75
20/06/2018,0,0,9.2(0.00 %),0,0,0,0,1445916,44.75
21/06/2018,0,0,9.2(0.00 %),0,0,0,0,1445916,44.75
22/06/2018,0,0,9.2(0.00 %),0,0,0,0,1445916,44.75
25/06/2018,0,0,10.5(14.13 %),0,0,0,0,1445916,44.75
26/06/2018,0,0,9(-14.29 %),0,0,0,0,1445916,44.75
27/06/2018,0,0,9(0.00 %),0,0,0,0,1445916,44.75
28/06/2018,0,0,9(0.00 %),0,0,0,0,1445916,44.75
29/06/2018,0,0,9(0.00 %),0,0,0,0,1445916,44.75
02/07/2018,0,0,9(0.00 %),0,0,0,0,1445916,44.75
03/07/2018,0,0,9(0.00 %),0,0,0,0,1445916,44.75
04/07/2018,0,0,9(0.00 %),0,0,0,0,1445916,44.75
05/07/2018,0,0,9(0.00 %),0,0,0,0,1445916,44.75
06/07/2018,0,0,9(0.00 %),0,0,0,0,1445916,44.75
09/07/2018,0,0,9(0.00 %),0,0,0,0,1445916,44.75
10/07/2018,0,0,9(0.00 %),0,0,0,0,1445916,44.75
11/07/2018,0,0,9(0.00 %),0,0,0,0,1445916,44.75
12/07/2018,0,0,9(0.00 %),0,0,0,0,1445916,44.75
13/07/2018,0,0,9(0.00 %),0,0,0,0,1445916,44.75
16/07/2018,0,0,9(0.00 %),0,0,0,0,1445916,44.75
17/07/2018,-200,-1800000,9(0.00 %),0,0,200,1800000,1445916,44.75
18/07/2018,0,0,9(0.00 %),0,0,0,0,1445916,44.75
19/07/2018,0,0,9(0.00 %),0,0,0,0,1445916,44.75
20/07/2018,0,0,9(0.00 %),0,0,0,0,1446116,44.75
23/07/2018,0,0,9(0.00 %),0,0,0,0,1446116,44.75
24/07/2018,0,0,9(0.00 %),0,0,0,0,1446116,44.75
25/07/2018,0,0,9(0.00 %),0,0,0,0,1446116,44.75
26/07/2018,0,0,10.3(14.44 %),0,0,0,0,1446116,44.75
27/07/2018,0,0,10.3(0.00 %),0,0,0,0,1446116,44.75
30/07/2018,0,0,10.3(0.00 %),0,0,0,0,1446116,44.75
31/07/2018,0,0,10.3(0.00 %),0,0,0,0,1446116,44.75
01/08/2018,0,0,10.3(0.00 %),0,0,0,0,1446116,44.75
02/08/2018,0,0,10.3(0.00 %),0,0,0,0,1446116,44.75
03/08/2018,0,0,10.3(0.00 %),0,0,0,0,1446116,44.75
06/08/2018,0,0,10.3(0.00 %),0,0,0,0,1446116,44.75
07/08/2018,0,0,10.3(0.00 %),0,0,0,0,1446116,44.75
08/08/2018,0,0,11(6.80 %),0,0,0,0,1446116,44.75
09/08/2018,0,0,11(0.00 %),0,0,0,0,1446116,44.75
10/08/2018,0,0,11(0.00 %),0,0,0,0,1446116,44.75
13/08/2018,0,0,11(0.00 %),0,0,0,0,1446116,44.75
14/08/2018,0,0,0(0.00 %),0,0,0,0,1446116,44.75
15/08/2018,0,0,13(4.00 %),0,0,0,0,1446116,44.75
16/08/2018,0,0,13(0.00 %),0,0,0,0,1446116,44.75
17/08/2018,0,0,13(0.00 %),0,0,0,0,1446116,44.75
20/08/2018,0,0,14.7(13.08 %),0,0,0,0,1446116,44.75
21/08/2018,0,0,15(2.04 %),0,0,0,0,1446116,44.75
22/08/2018,0,0,15(0.00 %),0,0,0,0,1446116,44.75
23/08/2018,0,0,16(6.67 %),0,0,0,0,1446116,44.75
24/08/2018,0,0,16(0.00 %),0,0,0,0,1446116,44.75
27/08/2018,0,0,16(0.00 %),0,0,0,0,1446116,44.75
28/08/2018,0,0,16(0.00 %),0,0,0,0,1446116,44.75
29/08/2018,0,0,16(0.00 %),0,0,0,0,1446116,44.75
30/08/2018,0,0,16(0.00 %),0,0,0,0,1446116,44.75
31/08/2018,0,0,16(0.00 %),0,0,0,0,1446116,44.75
04/09/2018,0,0,16(0.00 %),0,0,0,0,1446768,44.74
05/09/2018,0,0,13.6(-15.00 %),0,0,0,0,1446116,44.75
07/09/2018,0,0,13.6(0.00 %),0,0,0,0,1446116,44.75
10/09/2018,0,0,13.6(0.00 %),0,0,0,0,1446116,44.75
12/09/2018,0,0,14.5(0.00 %),0,0,0,0,1446116,44.75
13/09/2018,0,0,14.5(0.00 %),0,0,0,0,0,0.0
14/09/2018,0,0,14.5(0.00 %),0,0,0,0,1446116,44.75
17/09/2018,0,0,14.5(0.00 %),0,0,0,0,1446116,44.75
18/09/2018,0,0,14.5(0.00 %),0,0,0,0,1446116,44.75
19/09/2018,0,0,12.4(-14.48 %),0,0,0,0,1446116,44.75
20/09/2018,0,0,12.4(0.00 %),0,0,0,0,1446116,44.75
21/09/2018,0,0,14(12.90 %),0,0,0,0,1446116,44.75
24/09/2018,0,0,14(0.00 %),0,0,0,0,1446116,44.75
25/09/2018,0,0,14(0.00 %),0,0,0,0,1446116,44.75
26/09/2018,0,0,14(0.00 %),0,0,0,0,1446116,44.75
27/09/2018,0,0,14(0.00 %),0,0,0,0,1446116,44.75
28/09/2018,0,0,14(0.00 %),0,0,0,0,1446116,44.75
01/10/2018,0,0,14(0.00 %),0,0,0,0,1446116,44.75
02/10/2018,0,0,14(0.00 %),0,0,0,0,1446116,44.75
03/10/2018,0,0,11.9(-15.00 %),0,0,0,0,1446116,44.75
04/10/2018,0,0,13.7(0.00 %),0,0,0,0,1446116,44.75
05/10/2018,0,0,11.7(-14.60 %),0,0,0,0,1446116,44.75
08/10/2018,0,0,11.7(0.00 %),0,0,0,0,1446116,44.75
09/10/2018,0,0,11.7(0.00 %),0,0,0,0,1446116,44.75
10/10/2018,0,0,11.7(0.00 %),0,0,0,0,1446116,44.75
11/10/2018,0,0,11.7(0.00 %),0,0,0,0,1446116,44.75
12/10/2018,0,0,11.7(0.00 %),0,0,0,0,1446116,44.75
15/10/2018,0,0,11.7(0.00 %),0,0,0,0,1446116,44.75
16/10/2018,0,0,11.7(0.00 %),0,0,0,0,1446116,44.75
17/10/2018,0,0,11.7(0.00 %),0,0,0,0,1446116,44.75
18/10/2018,0,0,11.7(0.00 %),0,0,0,0,1446116,44.75
19/10/2018,0,0,11.7(0.00 %),0,0,0,0,1446116,44.75
22/10/2018,0,0,11.7(0.00 %),0,0,0,0,1446116,44.75
23/10/2018,0,0,11.7(0.00 %),0,0,0,0,1446116,44.75
24/10/2018,0,0,11.7(0.00 %),0,0,0,0,1446116,44.75
25/10/2018,0,0,11.7(0.00 %),0,0,0,0,1446116,44.75
26/10/2018,0,0,11.7(0.00 %),0,0,0,0,1446116,44.75
29/10/2018,0,0,11.7(0.00 %),0,0,0,0,1446116,44.75
30/10/2018,0,0,11.7(0.00 %),0,0,0,0,1446116,44.75
31/10/2018,0,0,11.7(0.00 %),0,0,0,0,1446116,44.75
01/11/2018,0,0,11.7(0.00 %),0,0,0,0,1446116,44.75
02/11/2018,0,0,11.7(0.00 %),0,0,0,0,1446116,44.75
05/11/2018,0,0,13.3(13.68 %),0,0,0,0,1446116,44.75
06/11/2018,0,0,13.3(0.00 %),0,0,0,0,1446116,44.75
07/11/2018,0,0,13.3(0.00 %),0,0,0,0,1446116,44.75
08/11/2018,0,0,14.9(12.03 %),0,0,0,0,1446116,44.75
09/11/2018,0,0,14.9(0.00 %),0,0,0,0,1446116,44.75
12/11/2018,0,0,14.9(0.00 %),0,0,0,0,1446116,44.75
13/11/2018,0,0,17.1(14.77 %),0,0,0,0,1446116,44.75
14/11/2018,0,0,17.1(0.00 %),0,0,0,0,1446116,44.75
15/11/2018,0,0,17.1(0.00 %),0,0,0,0,1446116,44.75
16/11/2018,0,0,17.1(0.00 %),0,0,0,0,1446116,44.75
19/11/2018,0,0,17.1(0.00 %),0,0,0,0,1446116,44.75
20/11/2018,0,0,17.1(0.00 %),0,0,0,0,1446116,44.75
21/11/2018,0,0,17.1(0.00 %),0,0,0,0,1446116,44.75
22/11/2018,0,0,17.1(0.00 %),0,0,0,0,1446116,44.75
23/11/2018,0,0,17.1(0.00 %),0,0,0,0,1446116,44.75
26/11/2018,0,0,18.9(10.53 %),0,0,0,0,1446116,44.75
27/11/2018,0,0,18.9(0.00 %),0,0,0,0,1446116,44.75
28/11/2018,0,0,18.9(0.00 %),0,0,0,0,1446116,44.75
29/11/2018,0,0,18.9(0.00 %),0,0,0,0,1446116,44.75
30/11/2018,0,0,20.9(10.58 %),0,0,0,0,1446116,44.75
03/12/2018,0,0,20.9(0.00 %),0,0,0,0,1446116,44.75
04/12/2018,0,0,20.9(0.00 %),0,0,0,0,1446116,44.75
05/12/2018,0,0,20.9(0.00 %),0,0,0,0,1446116,44.75
06/12/2018,0,0,20.9(0.00 %),0,0,0,0,1446116,44.75
07/12/2018,0,0,20.9(0.00 %),0,0,0,0,1446116,44.75
10/12/2018,0,0,20.9(0.00 %),0,0,0,0,1446116,44.75
11/12/2018,0,0,20.9(0.00 %),0,0,0,0,1446116,44.75
12/12/2018,0,0,20.9(0.00 %),0,0,0,0,1446116,44.75
13/12/2018,0,0,20.9(0.00 %),0,0,0,0,1446116,44.75
14/12/2018,0,0,20.9(0.00 %),0,0,0,0,1446116,44.75
17/12/2018,0,0,20.9(0.00 %),0,0,0,0,1446116,44.75
18/12/2018,0,0,20.9(0.00 %),0,0,0,0,1446116,44.75
19/12/2018,0,0,20.9(0.00 %),0,0,0,0,1446116,44.75
20/12/2018,0,0,20.9(0.00 %),0,0,0,0,1446116,44.75
21/12/2018,0,0,20.9(0.00 %),0,0,0,0,1446116,44.75
24/12/2018,0,0,20.9(0.00 %),0,0,0,0,1446116,44.75
25/12/2018,0,0,20.9(0.00 %),0,0,0,0,1446116,44.75
26/12/2018,0,0,20.9(0.00 %),0,0,0,0,1446116,44.75
27/12/2018,0,0,20.9(0.00 %),0,0,0,0,1446116,44.75
28/12/2018,0,0,20.9(0.00 %),0,0,0,0,1446116,44.75
02/01/2019,0,0,20.9(0.00 %),0,0,0,0,1446116,44.75
03/01/2019,0,0,20.9(0.00 %),0,0,0,0,1446116,44.75
04/01/2019,0,0,20.9(0.00 %),0,0,0,0,1446116,44.75
07/01/2019,0,0,20.9(0.00 %),0,0,0,0,1446116,44.75
08/01/2019,0,0,20.9(0.00 %),0,0,0,0,1446116,44.75
10/01/2019,0,0,20.9(0.00 %),0,0,0,0,1446116,44.75
11/01/2019,0,0,20.9(0.00 %),0,0,0,0,1446116,44.75
14/01/2019,0,0,29.2(39.71 %),0,0,0,0,1446116,0.0
15/01/2019,0,0,29.2(0.00 %),0,0,0,0,1446116,0.0
16/01/2019,0,0,29.2(0.00 %),0,0,0,0,1446116,0.0
17/01/2019,0,0,29.2(0.00 %),0,0,0,0,1446116,0.0
18/01/2019,0,0,33.4(14.38 %),0,0,0,0,1446116,0.0
21/01/2019,0,0,35(4.79 %),0,0,0,0,1446116,0.0
22/01/2019,0,0,35(0.00 %),0,0,0,0,1446116,0.0
24/01/2019,0,0,29.8(0.00 %),0,0,0,0,1446116,0.0
25/01/2019,0,0,29.8(0.00 %),0,0,0,0,1446116,0.0
28/01/2019,0,0,29.8(0.00 %),0,0,0,0,1446116,0.0
29/01/2019,0,0,29.8(0.00 %),0,0,0,0,1446116,0.0
30/01/2019,0,0,29.8(0.00 %),0,0,0,0,1446116,0.0
31/01/2019,0,0,29.8(0.00 %),0,0,0,0,1446116,0.0
01/02/2019,0,0,29.8(0.00 %),0,0,0,0,1446116,0.0
11/02/2019,0,0,29.8(0.00 %),0,0,0,0,1446116,0.0
12/02/2019,0,0,29.8(0.00 %),0,0,0,0,1446116,0.0
13/02/2019,0,0,29.8(0.00 %),0,0,0,0,1446116,0.0
14/02/2019,0,0,29.8(0.00 %),0,0,0,0,1446116,0.0
15/02/2019,0,0,29.8(0.00 %),0,0,0,0,1446116,0.0
18/02/2019,0,0,29.8(0.00 %),0,0,0,0,1446116,0.0
19/02/2019,0,0,29.8(0.00 %),0,0,0,0,1446116,0.0
20/02/2019,0,0,29.8(0.00 %),0,0,0,0,1446116,0.0
21/02/2019,0,0,29.8(0.00 %),0,0,0,0,1446116,0.0
22/02/2019,0,0,29.8(0.00 %),0,0,0,0,1446116,0.0
25/02/2019,0,0,29.8(0.00 %),0,0,0,0,1446116,0.0
26/02/2019,0,0,29.8(0.00 %),0,0,0,0,1446116,0.0
27/02/2019,0,0,29.8(0.00 %),0,0,0,0,1446116,0.0
28/02/2019,0,0,29.8(0.00 %),0,0,0,0,1446116,44.75
01/03/2019,0,0,29.8(0.00 %),0,0,0,0,1446116,0.0
04/03/2019,0,0,29.8(0.00 %),0,0,0,0,1446116,0.0
05/03/2019,0,0,29.8(0.00 %),0,0,0,0,1446116,0.0
06/03/2019,0,0,29.8(0.00 %),0,0,0,0,1446116,0.0
07/03/2019,0,0,29.8(0.00 %),0,0,0,0,1446116,0.0
08/03/2019,0,0,29.8(0.00 %),0,0,0,0,1446116,0.0
11/03/2019,0,0,29.8(0.00 %),0,0,0,0,1446116,0.0
12/03/2019,0,0,29.8(0.00 %),0,0,0,0,1446116,0.0
13/03/2019,0,0,29.8(0.00 %),0,0,0,0,1446116,0.0
14/03/2019,0,0,29.8(0.00 %),0,0,0,0,1446116,0.0
15/03/2019,0,0,17.9(-39.93 %),0,0,0,0,1446116,0.0
18/03/2019,0,0,17.9(0.00 %),0,0,0,0,1446116,0.0
19/03/2019,0,0,17.9(0.00 %),0,0,0,0,1446116,0.0
20/03/2019,0,0,17.9(0.00 %),0,0,0,0,1446116,0.0
21/03/2019,0,0,17.9(0.00 %),0,0,0,0,1446116,0.0
22/03/2019,0,0,17.9(0.00 %),0,0,0,0,1446116,0.0
25/03/2019,0,0,20.5(14.53 %),0,0,0,0,1446116,0.0
26/03/2019,0,0,20.5(0.00 %),0,0,0,0,1446116,0.0
27/03/2019,0,0,20.5(0.00 %),0,0,0,0,1446116,0.0
28/03/2019,0,0,20.5(0.00 %),0,0,0,0,1446116,0.0
29/03/2019,0,0,20.5(0.00 %),0,0,0,0,1446116,0.0
01/04/2019,0,0,20.5(0.00 %),0,0,0,0,1446116,0.0
02/04/2019,0,0,20.5(0.00 %),0,0,0,0,1446116,0.0
03/04/2019,0,0,20.5(0.00 %),0,0,0,0,1446116,0.0
04/04/2019,0,0,20.5(0.00 %),0,0,0,0,1446116,0.0
05/04/2019,0,0,20.5(0.00 %),0,0,0,0,1446116,0.0
08/04/2019,0,0,20.5(0.00 %),0,0,0,0,1446116,0.0
09/04/2019,0,0,20.5(0.00 %),0,0,0,0,1446116,0.0
10/04/2019,0,0,20.5(0.00 %),0,0,0,0,1446116,0.0
11/04/2019,0,0,20.5(0.00 %),0,0,0,0,1446116,0.0
12/04/2019,0,0,20.5(0.00 %),0,0,0,0,1446116,0.0
16/04/2019,0,0,20.5(0.00 %),0,0,0,0,1446116,0.0
17/04/2019,0,0,20.5(0.00 %),0,0,0,0,1446116,0.0
18/04/2019,0,0,20.5(0.00 %),0,0,0,0,1446116,0.0
19/04/2019,0,0,20.5(0.00 %),0,0,0,0,1446116,0.0
22/04/2019,0,0,20.5(0.00 %),0,0,0,0,1446116,0.0
23/04/2019,0,0,20.5(0.00 %),0,0,0,0,1446116,0.0
24/04/2019,0,0,20.5(0.00 %),0,0,0,0,1446116,0.0
25/04/2019,0,0,20.5(0.00 %),0,0,0,0,1446116,0.0
26/04/2019,0,0,20.5(0.00 %),0,0,0,0,1446116,0.0
02/05/2019,0,0,20.5(0.00 %),0,0,0,0,1446116,0.0
03/05/2019,0,0,21(0.00 %),0,0,0,0,1446116,0.0
06/05/2019,0,0,24(14.29 %),0,0,0,0,1446116,0.0
07/05/2019,0,0,24(0.00 %),0,0,0,0,1446116,0.0
08/05/2019,0,0,24(0.00 %),0,0,0,0,1446116,0.0
09/05/2019,0,0,24(0.00 %),0,0,0,0,1446116,0.0
10/05/2019,0,0,27.6(15.00 %),0,0,0,0,1446116,0.0
13/05/2019,0,0,27.6(0.00 %),0,0,0,0,1446116,0.0
14/05/2019,0,0,27.6(0.00 %),0,0,0,0,1446116,0.0
15/05/2019,0,0,31.7(14.86 %),0,0,0,0,1446116,0.0
16/05/2019,0,0,25.7(-14.90 %),0,0,0,0,1446116,0.0
17/05/2019,0,0,25.6(-0.39 %),0,0,0,0,1446116,0.0
20/05/2019,0,0,25(12.11 %),0,0,0,0,1446116,0.0
21/05/2019,0,0,25(0.00 %),0,0,0,0,1446116,0.0
22/05/2019,0,0,24.5(-2.00 %),0,0,0,0,1446116,0.0
23/05/2019,0,0,28.5(13.10 %),0,0,0,0,1446116,0.0
24/05/2019,0,0,28.5(0.00 %),0,0,0,0,1446116,0.0
27/05/2019,0,0,28.5(0.00 %),0,0,0,0,1446116,0.0
28/05/2019,0,0,24.4(-14.39 %),0,0,0,0,1446116,0.0
29/05/2019,0,0,29.5(0.00 %),0,0,0,0,1446116,0.0
30/05/2019,0,0,29.5(0.00 %),0,0,0,0,1446116,0.0
31/05/2019,0,0,29.5(0.00 %),0,0,0,0,1446116,0.0
03/06/2019,0,0,29.5(0.00 %),0,0,0,0,1446116,0.0
04/06/2019,0,0,29.5(0.00 %),0,0,0,0,1446116,0.0
05/06/2019,0,0,29.5(0.00 %),0,0,0,0,1446116,0.0
06/06/2019,0,0,29.5(0.00 %),0,0,0,0,1446116,0.0
07/06/2019,0,0,29.5(0.00 %),0,0,0,0,1446116,0.0
10/06/2019,0,0,29.5(0.00 %),0,0,0,0,1446116,0.0
11/06/2019,0,0,29.5(0.00 %),0,0,0,0,1446116,0.0
12/06/2019,0,0,29.5(0.00 %),0,0,0,0,1446116,0.0
13/06/2019,0,0,29.5(0.00 %),0,0,0,0,1446116,0.0
14/06/2019,0,0,29.5(0.00 %),0,0,0,0,1446116,0.0
17/06/2019,0,0,29.5(0.00 %),0,0,0,0,1446116,0.0
18/06/2019,0,0,29.5(0.00 %),0,0,0,0,1446116,0.0
19/06/2019,0,0,29.5(0.00 %),0,0,0,0,1446116,0.0
20/06/2019,0,0,29.5(0.00 %),0,0,0,0,1446116,0.0
21/06/2019,0,0,29.5(0.00 %),0,0,0,0,1446116,0.0
24/06/2019,0,0,29.5(0.00 %),0,0,0,0,1446116,0.0
25/06/2019,0,0,29.5(0.00 %),0,0,0,0,1446116,0.0
26/06/2019,0,0,29.5(0.00 %),0,0,0,0,1446116,0.0
27/06/2019,0,0,29.5(0.00 %),0,0,0,0,1446116,0.0
28/06/2019,0,0,29.5(0.00 %),0,0,0,0,1446116,0.0
01/07/2019,0,0,29.5(0.00 %),0,0,0,0,1446116,0.0
02/07/2019,0,0,29.5(0.00 %),0,0,0,0,1446116,0.0
03/07/2019,0,0,29.5(0.00 %),0,0,0,0,1446116,0.0
04/07/2019,0,0,29.5(0.00 %),0,0,0,0,1446116,0.0
05/07/2019,0,0,17.7(-40.00 %),0,0,0,0,1446116,44.75
08/07/2019,-700,-10570000,15.1(-14.69 %),0,0,700,10570000,1446816,0.0
09/07/2019,0,0,15.1(0.00 %),0,0,0,0,1446816,0.0
10/07/2019,0,0,15.1(0.00 %),0,0,0,0,1446816,0.0
11/07/2019,0,0,15.1(0.00 %),0,0,0,0,1446816,0.0
12/07/2019,0,0,17.2(13.91 %),0,0,0,0,1446816,0.0
15/07/2019,0,0,17.2(0.00 %),0,0,0,0,1446816,0.0
16/07/2019,0,0,17.2(0.00 %),0,0,0,0,1446816,0.0
17/07/2019,0,0,17.2(0.00 %),0,0,0,0,1446816,0.0
18/07/2019,0,0,17.2(0.00 %),0,0,0,0,1446816,0.0
19/07/2019,0,0,17.2(0.00 %),0,0,0,0,1446816,0.0
22/07/2019,0,0,14.7(-14.53 %),0,0,0,0,1446816,0.0
23/07/2019,0,0,14.7(0.00 %),0,0,0,0,1446816,0.0
24/07/2019,0,0,14.7(0.00 %),0,0,0,0,1446816,0.0
25/07/2019,0,0,14.7(0.00 %),0,0,0,0,1446816,0.0
26/07/2019,0,0,14.7(0.00 %),0,0,0,0,1446816,0.0
29/07/2019,0,0,14.7(0.00 %),0,0,0,0,1446816,0.0
30/07/2019,0,0,14.7(0.00 %),0,0,0,0,1446816,0.0
31/07/2019,0,0,14.7(0.00 %),0,0,0,0,1446816,0.0
01/08/2019,0,0,14.7(0.00 %),0,0,0,0,1447016,0.0
02/08/2019,0,0,14.7(0.00 %),0,0,0,0,1447016,0.0
05/08/2019,0,0,14.7(0.00 %),0,0,0,0,1447016,0.0
06/08/2019,0,0,14.7(0.00 %),0,0,0,0,1447016,0.0
07/08/2019,0,0,14.7(0.00 %),0,0,0,0,1447016,0.0
08/08/2019,0,0,14.7(0.00 %),0,0,0,0,1447016,0.0
09/08/2019,0,0,11.6(-9.37 %),0,0,0,0,1447016,0.0
12/08/2019,0,0,13.4(13.56 %),0,0,0,0,1447016,0.0
13/08/2019,0,0,12.5(0.00 %),0,0,0,0,1447016,0.0
14/08/2019,0,0,10.7(-14.40 %),0,0,0,0,1447016,0.0
15/08/2019,0,0,9.4(-12.15 %),0,0,0,0,1447016,0.0
16/08/2019,0,0,10.3(-13.45 %),0,0,0,0,1447016,0.0
19/08/2019,0,0,10.4(0.00 %),0,0,0,0,1447016,0.0
20/08/2019,0,0,10.4(0.00 %),0,0,0,0,1447016,0.0
21/08/2019,0,0,11.9(14.42 %),0,0,0,0,1447016,0.0
22/08/2019,0,0,10.3(-13.45 %),0,0,0,0,1447016,0.0
23/08/2019,0,0,11(6.80 %),0,0,0,0,1447016,0.0
26/08/2019,0,0,12.7(14.41 %),0,0,0,0,1447016,0.0
27/08/2019,0,0,12.7(0.00 %),0,0,0,0,1447016,0.0
28/08/2019,0,0,10.8(-14.96 %),0,0,0,0,1447016,0.0
29/08/2019,0,0,13.8(0.00 %),0,0,0,0,1447016,0.0
30/08/2019,0,0,14.9(7.97 %),0,0,0,0,1447016,0.0
03/09/2019,0,0,13.9(0.00 %),0,0,0,0,1447016,0.0
04/09/2019,0,0,13.9(0.00 %),0,0,0,0,1447016,0.0
05/09/2019,0,0,11.9(-14.39 %),0,0,0,0,1447016,0.0
06/09/2019,0,0,11.9(0.00 %),0,0,0,0,1447016,0.0
09/09/2019,0,0,10.3(-13.45 %),0,0,0,0,1447016,0.0
10/09/2019,0,0,10.5(0.96 %),0,0,0,0,1447016,0.0
11/09/2019,0,0,10.5(0.00 %),0,0,0,0,1447016,0.0
12/09/2019,0,0,9.2(-12.38 %),0,0,0,0,1447016,0.0
13/09/2019,0,0,9.2(0.00 %),0,0,0,0,1447016,0.0
16/09/2019,0,0,10.5(14.13 %),0,0,0,0,1447016,0.0
17/09/2019,0,0,10.5(0.00 %),0,0,0,0,1447016,0.0
18/09/2019,0,0,10.5(0.00 %),0,0,0,0,1447016,0.0
19/09/2019,0,0,10.5(0.00 %),0,0,0,0,1447016,0.0
20/09/2019,0,0,10.5(0.00 %),0,0,0,0,1447016,0.0
23/09/2019,0,0,10.5(0.00 %),0,0,0,0,1447016,0.0
24/09/2019,0,0,10.5(0.00 %),0,0,0,0,1447016,0.0
25/09/2019,0,0,10.5(0.00 %),0,0,0,0,1447016,0.0
26/09/2019,0,0,10.5(0.00 %),0,0,0,0,1447016,0.0
27/09/2019,0,0,9.3(-11.43 %),0,0,0,0,1447016,0.0
30/09/2019,0,0,10.1(-13.68 %),0,0,0,0,1447016,0.0
01/10/2019,0,0,10.3(0.98 %),0,0,0,0,1447016,0.0
02/10/2019,0,0,9.3(-9.71 %),0,0,0,0,1447016,0.0
03/10/2019,0,0,10(-13.04 %),0,0,0,0,1447016,0.0
04/10/2019,0,0,10.2(-8.93 %),0,0,0,0,1447016,0.0
07/10/2019,0,0,11.1(-11.90 %),0,0,0,0,1447016,0.0
08/10/2019,0,0,11.1(0.00 %),0,0,0,0,1447016,0.0
09/10/2019,0,0,11.1(0.00 %),0,0,0,0,1447016,0.0
10/10/2019,200,2380000,11.9(7.21 %),200,2380000,0,0,1446816,0.0
11/10/2019,0,0,11.9(0.00 %),0,0,0,0,1446816,0.0
14/10/2019,0,0,11.9(0.00 %),0,0,0,0,1446816,0.0
15/10/2019,0,0,0(0.00 %),0,0,0,0,1446816,0.0
16/10/2019,0,0,12(0.00 %),0,0,0,0,1446816,0.0
17/10/2019,0,0,12(0.00 %),0,0,0,0,1446816,0.0
18/10/2019,0,0,12(0.00 %),0,0,0,0,1446816,0.0
21/10/2019,0,0,12(0.00 %),0,0,0,0,1446816,0.0
22/10/2019,0,0,12(0.00 %),0,0,0,0,1446816,0.0
23/10/2019,0,0,12(0.00 %),0,0,0,0,1446816,0.0
24/10/2019,0,0,12(0.00 %),0,0,0,0,1446816,0.0
25/10/2019,0,0,12(0.00 %),0,0,0,0,1446816,0.0
28/10/2019,0,0,12(0.00 %),0,0,0,0,1446816,0.0
29/10/2019,0,0,12(0.00 %),0,0,0,0,1446816,0.0
30/10/2019,0,0,10.3(-14.17 %),0,0,0,0,1446816,0.0
31/10/2019,0,0,11(5.77 %),0,0,0,0,1446816,0.0
01/11/2019,0,0,10.3(0.00 %),0,0,0,0,1446816,0.0
04/11/2019,0,0,11.8(14.56 %),0,0,0,0,1446816,0.0
05/11/2019,0,0,11.5(0.00 %),0,0,0,0,1446816,0.0
06/11/2019,0,0,10.5(-8.70 %),0,0,0,0,1446816,0.0
07/11/2019,0,0,10.5(0.00 %),0,0,0,0,1446816,0.0
08/11/2019,0,0,10.4(-0.95 %),0,0,0,0,1446816,0.0
11/11/2019,100,1050000,10.6(1.92 %),100,1050000,0,0,1446716,0.0
12/11/2019,0,0,10.6(0.00 %),0,0,0,0,1446716,0.0
13/11/2019,0,0,10.6(0.00 %),0,0,0,0,1446716,0.0
14/11/2019,0,0,10.6(0.00 %),0,0,0,0,1446716,0.0
15/11/2019,0,0,10.6(0.00 %),0,0,0,0,1446716,0.0
18/11/2019,0,0,10.6(0.00 %),0,0,0,0,1446716,0.0
19/11/2019,0,0,10.6(0.00 %),0,0,0,0,1446716,0.0
20/11/2019,0,0,10.6(0.00 %),0,0,0,0,1446716,0.0
21/11/2019,0,0,10.6(0.00 %),0,0,0,0,1446716,0.0
22/11/2019,0,0,10.6(0.00 %),0,0,0,0,1446716,0.0
25/11/2019,0,0,10.6(0.00 %),0,0,0,0,1446716,0.0
26/11/2019,0,0,10.6(0.00 %),0,0,0,0,1446716,0.0
27/11/2019,0,0,10.6(0.00 %),0,0,0,0,1446716,0.0
28/11/2019,0,0,10.6(0.00 %),0,0,0,0,1446716,0.0
29/11/2019,0,0,9.7(-8.49 %),0,0,0,0,1446716,0.0
02/12/2019,0,0,9.7(0.00 %),0,0,0,0,1446716,0.0
03/12/2019,0,0,9.7(0.00 %),0,0,0,0,1446716,0.0
04/12/2019,0,0,9.7(0.00 %),0,0,0,0,1446716,0.0
05/12/2019,0,0,9.7(0.00 %),0,0,0,0,1446716,0.0
06/12/2019,0,0,10.5(8.25 %),0,0,0,0,1446716,0.0
09/12/2019,0,0,11.9(13.33 %),0,0,0,0,1446716,0.0
10/12/2019,0,0,11.9(0.00 %),0,0,0,0,1446716,0.0
11/12/2019,0,0,13.5(13.45 %),0,0,0,0,1446716,0.0
12/12/2019,0,0,13.5(0.00 %),0,0,0,0,1446716,0.0
13/12/2019,0,0,11.5(-14.81 %),0,0,0,0,1446716,0.0
16/12/2019,0,0,11.5(0.00 %),0,0,0,0,1446716,0.0
17/12/2019,0,0,11.5(0.00 %),0,0,0,0,1446716,0.0
18/12/2019,0,0,11.9(3.48 %),0,0,0,0,1446716,0.0
19/12/2019,0,0,11.7(0.00 %),0,0,0,0,1446716,0.0
20/12/2019,0,0,11.7(0.00 %),0,0,0,0,1446716,0.0
23/12/2019,0,0,11.7(0.00 %),0,0,0,0,1446716,0.0
24/12/2019,0,0,11.7(0.00 %),0,0,0,0,1446716,0.0
25/12/2019,0,0,11.7(0.00 %),0,0,0,0,1446716,0.0
26/12/2019,0,0,11.7(0.00 %),0,0,0,0,1446716,0.0
27/12/2019,0,0,11.7(0.00 %),0,0,0,0,1446716,0.0
30/12/2019,0,0,11.7(0.00 %),0,0,0,0,1446716,0.0
31/12/2019,0,0,11.7(0.00 %),0,0,0,0,1446716,0.0
02/01/2020,0,0,11.7(0.00 %),0,0,0,0,1446716,0.0
03/01/2020,0,0,11.7(0.00 %),0,0,0,0,1446716,0.0
06/01/2020,0,0,11.7(0.00 %),0,0,0,0,1446716,0.0
07/01/2020,0,0,11.7(0.00 %),0,0,0,0,1446716,0.0
08/01/2020,0,0,11.7(0.00 %),0,0,0,0,1446716,0.0
09/01/2020,0,0,11.7(0.00 %),0,0,0,0,1446716,0.0
10/01/2020,0,0,11.7(0.00 %),0,0,0,0,1446716,0.0
13/01/2020,0,0,13.4(14.53 %),0,0,0,0,1446716,0.0
14/01/2020,0,0,11.4(-14.93 %),0,0,0,0,1446716,0.0
15/01/2020,-300,-3930000,10.1(-11.40 %),0,0,300,3930000,1447016,0.0
16/01/2020,-200,-2400000,12(-8.40 %),0,0,200,2400000,1446716,44.74
17/01/2020,0,0,11(-8.33 %),0,0,0,0,1446716,44.74
20/01/2020,0,0,10.9(0.00 %),0,0,0,0,1447016,44.74
21/01/2020,0,0,10.9(0.00 %),0,0,0,0,1447216,44.74
22/01/2020,0,0,10.9(0.00 %),0,0,0,0,1447216,0.0
30/01/2020,0,0,10.9(0.00 %),0,0,0,0,1447216,0.0
31/01/2020,0,0,10.9(0.00 %),0,0,0,0,1447216,0.0
03/02/2020,0,0,10.9(0.00 %),0,0,0,0,1447216,0.0
04/02/2020,-15,-139500,10.9(0.00 %),0,0,15,139500,1447231,0.0
05/02/2020,0,0,10.9(0.00 %),0,0,0,0,1447231,0.0
06/02/2020,0,0,11.2(2.75 %),0,0,0,0,1447231,0.0
07/02/2020,0,0,11.2(0.00 %),0,0,0,0,1447231,0.0
10/02/2020,0,0,11.2(0.00 %),0,0,0,0,1447231,0.0
11/02/2020,0,0,11.2(0.00 %),0,0,0,0,1447231,0.0
12/02/2020,0,0,11.2(0.00 %),0,0,0,0,1447231,0.0
13/02/2020,0,0,11.2(0.00 %),0,0,0,0,1447231,0.0
14/02/2020,0,0,11.2(0.00 %),0,0,0,0,1447231,0.0
17/02/2020,0,0,11.2(0.00 %),0,0,0,0,1447231,0.0
18/02/2020,0,0,11.2(0.00 %),0,0,0,0,1447231,0.0
19/02/2020,0,0,11.2(0.00 %),0,0,0,0,1447231,0.0
20/02/2020,0,0,11.2(0.00 %),0,0,0,0,1447231,0.0
21/02/2020,0,0,11.2(0.00 %),0,0,0,0,1447231,0.0
24/02/2020,0,0,11.2(0.00 %),0,0,0,0,1447231,0.0
25/02/2020,0,0,11.2(0.00 %),0,0,0,0,1447231,0.0
26/02/2020,0,0,9.9(-11.61 %),0,0,0,0,1447231,0.0
27/02/2020,0,0,9.9(0.00 %),0,0,0,0,1447231,0.0
28/02/2020,0,0,9.9(0.00 %),0,0,0,0,1447231,0.0
02/03/2020,0,0,9.9(0.00 %),0,0,0,0,1447231,0.0
03/03/2020,0,0,9.9(0.00 %),0,0,0,0,1447231,0.0
04/03/2020,0,0,9.9(0.00 %),0,0,0,0,1447231,0.0
05/03/2020,0,0,9.9(0.00 %),0,0,0,0,1447231,0.0
06/03/2020,0,0,11.3(14.14 %),0,0,0,0,1447231,0.0
09/03/2020,0,0,11.9(14.42 %),0,0,0,0,1447231,0.0
10/03/2020,0,0,11.9(0.00 %),0,0,0,0,1447231,0.0
11/03/2020,0,0,0(0.00 %),0,0,0,0,1447231,44.74
12/03/2020,0,0,11.8(0.00 %),0,0,0,0,1447231,44.74
13/03/2020,0,0,13.4(13.56 %),0,0,0,0,1447231,0.0
16/03/2020,0,0,13.4(0.00 %),0,0,0,0,1447231,0.01
17/03/2020,0,0,13.4(0.00 %),0,0,0,0,1447231,0.01
18/03/2020,100,1140000,11.4(-14.93 %),100,1140000,0,0,1447131,0.01
19/03/2020,0,0,11.4(0.00 %),0,0,0,0,1447131,0.01
20/03/2020,0,0,11.4(0.00 %),0,0,0,0,1447131,0.01
23/03/2020,0,0,11.4(0.00 %),0,0,0,0,1447131,0.01
24/03/2020,0,0,11.4(0.00 %),0,0,0,0,1447131,0.01
25/03/2020,900,9090000,10.1(-11.40 %),900,9090000,0,0,1446231,0.01
26/03/2020,0,0,10.1(0.00 %),0,0,0,0,1446231,0.01
27/03/2020,0,0,10.1(0.00 %),0,0,0,0,1446231,0.01
30/03/2020,0,0,11(8.91 %),0,0,0,0,1446231,0.01
31/03/2020,0,0,11(0.00 %),0,0,0,0,1446231,44.75
01/04/2020,0,0,11(0.00 %),0,0,0,0,1448931,0.0
03/04/2020,0,0,11(0.00 %),0,0,0,0,1448931,0.0
06/04/2020,0,0,9.6(-12.73 %),0,0,0,0,1448931,0.0
07/04/2020,0,0,10.6(-14.52 %),0,0,0,0,1448931,0.0
08/04/2020,0,0,10.6(0.00 %),0,0,0,0,1448931,0.0
09/04/2020,0,0,10.6(0.00 %),0,0,0,0,1448931,0.0
10/04/2020,0,0,10.6(0.00 %),0,0,0,0,1448931,44.74
13/04/2020,0,0,10.6(0.00 %),0,0,0,0,1448931,0.0
14/04/2020,0,0,10.6(0.00 %),0,0,0,0,1448931,0.0
15/04/2020,0,0,10.6(0.00 %),0,0,0,0,1448931,0.0
16/04/2020,0,0,9.9(-6.60 %),0,0,0,0,1448931,0.0
17/04/2020,0,0,10(1.01 %),0,0,0,0,1448931,0.0
20/04/2020,0,0,10.7(0.00 %),0,0,0,0,1448931,0.0
21/04/2020,0,0,10.7(0.00 %),0,0,0,0,1448931,0.0
22/04/2020,0,0,10.7(0.00 %),0,0,0,0,1448931,0.0
23/04/2020,0,0,10.7(0.00 %),0,0,0,0,1448931,0.0
24/04/2020,0,0,10.7(0.00 %),0,0,0,0,1448931,0.0
27/04/2020,0,0,10.7(0.00 %),0,0,0,0,1448931,0.0
28/04/2020,0,0,10.7(0.00 %),0,0,0,0,1448931,0.0
29/04/2020,0,0,10.7(0.00 %),0,0,0,0,1448931,0.0
04/05/2020,0,0,10.7(0.00 %),0,0,0,0,1448931,0.0
05/05/2020,-1000,-12200000,10(-6.54 %),0,0,1000,12200000,1449931,0.0
06/05/2020,0,0,12(0.00 %),0,0,0,0,1448931,44.74
07/05/2020,0,0,12(0.00 %),0,0,0,0,1448931,0.0
08/05/2020,0,0,12(0.00 %),0,0,0,0,1448931,0.0
11/05/2020,0,0,12(0.00 %),0,0,0,0,1448931,0.0
12/05/2020,0,0,12(0.00 %),0,0,0,0,1448931,0.0
13/05/2020,0,0,12(0.00 %),0,0,0,0,1448931,0.0
14/05/2020,0,0,12(0.00 %),0,0,0,0,1448931,0.0
15/05/2020,0,0,12(0.00 %),0,0,0,0,1448931,0.0
18/05/2020,0,0,12(0.00 %),0,0,0,0,1448931,0.0
19/05/2020,0,0,12(0.00 %),0,0,0,0,1448931,0.0
20/05/2020,0,0,12(0.00 %),0,0,0,0,1448931,0.0
21/05/2020,0,0,12(0.00 %),0,0,0,0,1448931,0.0
22/05/2020,0,0,12(0.00 %),0,0,0,0,1448931,0.0
25/05/2020,0,0,12(0.00 %),0,0,0,0,1448931,0.0
26/05/2020,0,0,12(0.00 %),0,0,0,0,1448931,0.0
27/05/2020,0,0,12(0.00 %),0,0,0,0,1448931,0.0
28/05/2020,0,0,12(0.00 %),0,0,0,0,1448931,0.0
29/05/2020,0,0,12(0.00 %),0,0,0,0,1448931,44.74
01/06/2020,0,0,12(0.00 %),0,0,0,0,1449931,0.0
02/06/2020,0,0,12(0.00 %),0,0,0,0,1449931,0.0
03/06/2020,0,0,12(0.00 %),0,0,0,0,1449931,0.0
04/06/2020,0,0,12(0.00 %),0,0,0,0,1449931,0.0
05/06/2020,0,0,12(0.00 %),0,0,0,0,1449931,0.0
08/06/2020,0,0,12(0.00 %),0,0,0,0,1449931,0.0
09/06/2020,0,0,12(0.00 %),0,0,0,0,1449931,0.0
10/06/2020,0,0,12(0.00 %),0,0,0,0,1449931,0.0
11/06/2020,0,0,12(0.00 %),0,0,0,0,1449931,0.0
12/06/2020,0,0,12(0.00 %),0,0,0,0,1449931,0.0
15/06/2020,0,0,12(0.00 %),0,0,0,0,1449931,0.0
16/06/2020,0,0,12(0.00 %),0,0,0,0,1449931,0.0
17/06/2020,0,0,12(0.00 %),0,0,0,0,1449931,0.0
18/06/2020,0,0,12(0.00 %),0,0,0,0,1449931,0.0
19/06/2020,0,0,12(0.00 %),0,0,0,0,1449931,0.0
22/06/2020,0,0,12(0.00 %),0,0,0,0,1449931,0.0
23/06/2020,0,0,12(0.00 %),0,0,0,0,1449931,0.0
24/06/2020,0,0,12(0.00 %),0,0,0,0,1449931,0.0
25/06/2020,0,0,10.3(-14.17 %),0,0,0,0,1449931,44.74
26/06/2020,0,0,12(10.09 %),0,0,0,0,1449931,0.0
29/06/2020,0,0,12(0.00 %),0,0,0,0,1449931,0.0
30/06/2020,0,0,11.5(-4.17 %),0,0,0,0,1449931,0.0
01/07/2020,500,5100000,10.1(-12.17 %),500,5100000,0,0,1449431,0.0
02/07/2020,0,0,10.2(0.00 %),0,0,0,0,1449431,0.0
03/07/2020,0,0,10.2(0.00 %),0,0,0,0,1449431,0.0
06/07/2020,0,0,10.3(0.98 %),0,0,0,0,1449431,0.0
07/07/2020,0,0,10.9(0.00 %),0,0,0,0,1449431,0.0
08/07/2020,0,0,10.9(0.00 %),0,0,0,0,1449431,0.0
09/07/2020,0,0,10.9(0.00 %),0,0,0,0,1449431,0.0
10/07/2020,0,0,10.9(0.00 %),0,0,0,0,1449431,0.0
13/07/2020,0,0,10.9(0.00 %),0,0,0,0,1449431,0.0
14/07/2020,-500,-6250000,10.4(-4.59 %),0,0,500,6250000,1449931,0.0
15/07/2020,0,0,12.2(0.00 %),0,0,0,0,1449931,0.0
16/07/2020,0,0,12.2(0.00 %),0,0,0,0,1449931,0.0
17/07/2020,0,0,10.7(-12.30 %),0,0,0,0,1449931,0.0
20/07/2020,0,0,12.2(0.00 %),0,0,0,0,1449931,0.0
21/07/2020,0,0,12.2(0.00 %),0,0,0,0,1449931,0.0
22/07/2020,0,0,12.2(0.00 %),0,0,0,0,1449931,0.0
23/07/2020,0,0,12.2(0.00 %),0,0,0,0,1449931,0.0
24/07/2020,0,0,12.2(0.00 %),0,0,0,0,1449931,0.0
27/07/2020,0,0,10.5(-13.93 %),0,0,0,0,1449931,0.0
28/07/2020,0,0,10.5(0.00 %),0,0,0,0,1449931,0.0
29/07/2020,0,0,10.5(0.00 %),0,0,0,0,1449931,0.0
30/07/2020,0,0,10.5(0.00 %),0,0,0,0,1449931,0.0
31/07/2020,0,0,12(14.29 %),0,0,0,0,1449931,0.0
03/08/2020,0,0,12(0.00 %),0,0,0,0,1449931,0.0
04/08/2020,0,0,12(0.00 %),0,0,0,0,1449931,0.0
05/08/2020,0,0,12(0.00 %),0,0,0,0,1449931,0.0
06/08/2020,0,0,12(0.00 %),0,0,0,0,1449931,0.0
07/08/2020,0,0,12(0.00 %),0,0,0,0,1449931,0.0
10/08/2020,0,0,12(0.00 %),0,0,0,0,1449931,0.0
11/08/2020,0,0,12(0.00 %),0,0,0,0,1449931,0.0
12/08/2020,0,0,12(0.00 %),0,0,0,0,1449931,0.0
13/08/2020,0,0,12(0.00 %),0,0,0,0,1449931,0.0
14/08/2020,0,0,12(0.00 %),0,0,0,0,1449931,0.0
17/08/2020,0,0,12(0.00 %),0,0,0,0,1449931,0.0
18/08/2020,0,0,12(0.00 %),0,0,0,0,1449931,0.0
19/08/2020,0,0,12(0.00 %),0,0,0,0,1449931,0.0
20/08/2020,0,0,12(0.00 %),0,0,0,0,1449931,0.0
21/08/2020,0,0,12(0.00 %),0,0,0,0,1449931,0.0
24/08/2020,0,0,12(0.00 %),0,0,0,0,1449931,0.0
25/08/2020,0,0,12(0.00 %),0,0,0,0,1449931,0.0
26/08/2020,0,0,12(0.00 %),0,0,0,0,1449931,0.0
27/08/2020,0,0,13(8.33 %),0,0,0,0,1449931,0.0
28/08/2020,0,0,13(0.00 %),0,0,0,0,1449931,0.0
31/08/2020,0,0,13(0.00 %),0,0,0,0,1449931,0.0
01/09/2020,0,0,13(0.00 %),0,0,0,0,1449931,0.0
03/09/2020,0,0,13(0.00 %),0,0,0,0,1449931,0.0
04/09/2020,0,0,13(0.00 %),0,0,0,0,1449931,0.0
07/09/2020,0,0,13(0.00 %),0,0,0,0,1449931,0.0
08/09/2020,0,0,11.1(-14.62 %),0,0,0,0,1449931,0.0
10/09/2020,0,0,11.1(0.00 %),0,0,0,0,1449931,0.0
11/09/2020,0,0,11.1(0.00 %),0,0,0,0,1449931,0.0
14/09/2020,0,0,11.1(0.00 %),0,0,0,0,1449931,0.0
15/09/2020,0,0,11.1(0.00 %),0,0,0,0,1449931,0.0
16/09/2020,0,0,11.1(0.00 %),0,0,0,0,1449931,0.0
17/09/2020,0,0,11(-0.90 %),0,0,0,0,1449931,0.0
18/09/2020,0,0,12.3(0.00 %),0,0,0,0,1449931,0.0
21/09/2020,0,0,12.3(0.00 %),0,0,0,0,1449931,0.0
22/09/2020,0,0,12.3(0.00 %),0,0,0,0,1449931,0.0
23/09/2020,0,0,10.6(-13.82 %),0,0,0,0,1449931,0.0
24/09/2020,0,0,10.6(0.00 %),0,0,0,0,1449931,0.0
25/09/2020,0,0,10.6(0.00 %),0,0,0,0,1449931,0.0
28/09/2020,0,0,11(3.77 %),0,0,0,0,1449931,0.0
29/09/2020,0,0,12.6(14.55 %),0,0,0,0,1449931,0.0
30/09/2020,0,0,12.6(0.00 %),0,0,0,0,1449931,0.0
02/10/2020,0,0,13.8(0.00 %),0,0,0,0,1449931,0.0
05/10/2020,0,0,13.8(0.00 %),0,0,0,0,1449931,0.0
06/10/2020,0,0,11.9(-13.77 %),0,0,0,0,1449931,0.0
07/10/2020,0,0,13.1(-14.38 %),0,0,0,0,1449931,0.0
08/10/2020,0,0,11.7(-10.69 %),0,0,0,0,1449931,0.0
09/10/2020,0,0,12.2(-14.69 %),0,0,0,0,1449931,0.0
12/10/2020,0,0,12.2(0.00 %),0,0,0,0,1449931,0.0
13/10/2020,0,0,12.2(0.00 %),0,0,0,0,1449931,0.0
14/10/2020,0,0,11.8(-3.28 %),0,0,0,0,1449931,0.0
15/10/2020,0,0,13.3(0.00 %),0,0,0,0,1449931,0.0
16/10/2020,0,0,0(0.00 %),0,0,0,0,1449931,0.0
19/10/2020,0,0,12.7(0.00 %),0,0,0,0,1449931,0.0
20/10/2020,0,0,12.7(0.00 %),0,0,0,0,1449931,0.0
21/10/2020,0,0,12.7(0.00 %),0,0,0,0,1449931,0.0
22/10/2020,0,0,12.7(0.00 %),0,0,0,0,1449931,0.0
23/10/2020,0,0,11.3(-11.02 %),0,0,0,0,1449931,0.0
26/10/2020,0,0,11.3(0.00 %),0,0,0,0,1449931,0.0
27/10/2020,0,0,10.6(-6.19 %),0,0,0,0,1449931,0.0
28/10/2020,0,0,11.3(0.00 %),0,0,0,0,1449931,0.0
29/10/2020,0,0,11.3(0.00 %),0,0,0,0,1449931,0.0
30/10/2020,0,0,11.3(0.00 %),0,0,0,0,1449931,0.0
02/11/2020,0,0,11.3(0.00 %),0,0,0,0,1449931,0.0
03/11/2020,0,0,11.3(0.00 %),0,0,0,0,1449931,0.0
04/11/2020,0,0,11.3(0.00 %),0,0,0,0,1449931,0.0
05/11/2020,0,0,11.3(0.00 %),0,0,0,0,1449931,0.0
06/11/2020,0,0,11.3(0.00 %),0,0,0,0,1449931,0.0
09/11/2020,0,0,10.4(-7.96 %),0,0,0,0,1449931,0.0
10/11/2020,0,0,12.3(0.00 %),0,0,0,0,1449931,0.0
11/11/2020,0,0,12.3(0.00 %),0,0,0,0,1449931,0.0
12/11/2020,0,0,10.7(-13.01 %),0,0,0,0,1449931,0.0
13/11/2020,-200,-2660000,13.3(-1.48 %),0,0,200,2660000,1450131,0.0
16/11/2020,0,0,13.3(0.00 %),0,0,0,0,1450131,0.0
17/11/2020,0,0,13.3(0.00 %),0,0,0,0,1450131,0.0
18/11/2020,-1300,-17290000,11.8(-11.28 %),0,0,1300,17290000,1451431,0.0
19/11/2020,0,0,13.2(0.00 %),0,0,0,0,1451431,0.0
20/11/2020,0,0,13.2(0.00 %),0,0,0,0,1451431,0.0
24/11/2020,0,0,13.2(0.00 %),0,0,0,0,1451431,44.73
25/11/2020,0,0,13.2(0.00 %),0,0,0,0,1451431,0.0
26/11/2020,0,0,13.2(0.00 %),0,0,0,0,1451431,0.0
30/11/2020,0,0,11.8(-10.61 %),0,0,0,0,1451431,0.0
01/12/2020,0,0,13.5(14.41 %),0,0,0,0,1451431,0.0
02/12/2020,0,0,13.5(0.00 %),0,0,0,0,1451431,0.0
03/12/2020,0,0,13.5(0.00 %),0,0,0,0,1451431,0.0
04/12/2020,0,0,12.1(-8.33 %),0,0,0,0,1451431,0.0
07/12/2020,0,0,12.1(0.00 %),0,0,0,0,1451431,0.0
08/12/2020,0,0,12.2(-10.29 %),0,0,0,0,1451431,0.0
09/12/2020,0,0,10.7(-12.30 %),0,0,0,0,1451431,0.0
10/12/2020,0,0,10.7(0.00 %),0,0,0,0,1451431,0.0
11/12/2020,0,0,10.7(0.00 %),0,0,0,0,1451431,0.0
14/12/2020,0,0,10.7(0.00 %),0,0,0,0,1451431,0.0
15/12/2020,0,0,12.3(14.95 %),0,0,0,0,1451431,0.0
17/12/2020,0,0,10.8(-8.47 %),0,0,0,0,1451431,0.0
18/12/2020,0,0,12.4(14.81 %),0,0,0,0,1451431,0.0
21/12/2020,0,0,11(-11.29 %),0,0,0,0,1451431,0.0
22/12/2020,0,0,12.6(14.55 %),0,0,0,0,1451431,0.0
23/12/2020,0,0,12.1(-3.97 %),0,0,0,0,1451431,0.0
24/12/2020,0,0,12.1(0.00 %),0,0,0,0,1451431,0.0
25/12/2020,0,0,12.4(2.48 %),0,0,0,0,1451431,0.0
28/12/2020,0,0,12.5(-3.10 %),0,0,0,0,1451431,0.0
29/12/2020,0,0,12.5(0.00 %),0,0,0,0,1451431,0.0
31/12/2020,0,0,12.4(-12.68 %),0,0,0,0,1451431,0.0
04/01/2021,0,0,12.4(0.00 %),0,0,0,0,1451431,0.0
05/01/2021,0,0,10.8(-12.90 %),0,0,0,0,1451431,0.0
06/01/2021,0,0,12.4(14.81 %),0,0,0,0,1451431,0.0
07/01/2021,0,0,12.4(0.00 %),0,0,0,0,1451431,0.0
08/01/2021,0,0,12.5(0.81 %),0,0,0,0,1451431,0.0
11/01/2021,0,0,12.4(0.00 %),0,0,0,0,1451431,0.0
12/01/2021,0,0,12.4(0.00 %),0,0,0,0,1451431,0.0
13/01/2021,0,0,12.5(0.81 %),0,0,0,0,1451431,0.0
14/01/2021,0,0,12.6(-10.64 %),0,0,0,0,1451431,0.0
15/01/2021,0,0,12.7(-7.30 %),0,0,0,0,1451431,0.0
18/01/2021,0,0,12.7(0.00 %),0,0,0,0,1451431,0.0
19/01/2021,0,0,12.7(0.00 %),0,0,0,0,1451431,0.0
20/01/2021,0,0,12.7(0.00 %),0,0,0,0,1451431,0.0
21/01/2021,0,0,12.8(0.79 %),0,0,0,0,1451431,0.0
22/01/2021,0,0,12.8(-11.11 %),0,0,0,0,1451431,0.0
25/01/2021,0,0,14(-11.39 %),0,0,0,0,1451431,0.0
26/01/2021,0,0,13.3(-5.00 %),0,0,0,0,1451431,0.0
27/01/2021,0,0,13.6(-13.38 %),0,0,0,0,1451431,0.0
28/01/2021,0,0,13.9(-10.32 %),0,0,0,0,1451431,0.0
29/01/2021,0,0,14.1(1.44 %),0,0,0,0,1451431,0.0
01/02/2021,0,0,13.9(-11.46 %),0,0,0,0,1451431,0.0
02/02/2021,0,0,12.6(-9.35 %),0,0,0,0,1451431,0.0
03/02/2021,0,0,14.1(-9.62 %),0,0,0,0,1451431,0.0
04/02/2021,0,0,12.3(-12.77 %),0,0,0,0,1451431,0.0
05/02/2021,0,0,11.1(-9.76 %),0,0,0,0,1451431,0.0
09/02/2021,0,0,12.7(14.41 %),0,0,0,0,1451431,44.73
17/02/2021,0,0,12.8(0.79 %),0,0,0,0,1451431,0.0
18/02/2021,0,0,14.1(0.00 %),0,0,0,0,1451431,0.0
19/02/2021,0,0,14.4(-10.56 %),0,0,0,0,1451431,0.0
22/02/2021,0,0,14.1(-2.08 %),0,0,0,0,1451431,0.0
23/02/2021,0,0,13.8(-14.29 %),0,0,0,0,1451431,0.0
24/02/2021,0,0,13.8(0.00 %),0,0,0,0,1451431,0.0
25/02/2021,0,0,12.6(-8.70 %),0,0,0,0,1451431,0.0
26/02/2021,0,0,12.6(0.00 %),0,0,0,0,1451431,0.0
01/03/2021,0,0,12.6(0.00 %),0,0,0,0,1451431,0.0
02/03/2021,0,0,12.6(0.00 %),0,0,0,0,1451431,0.0
03/03/2021,0,0,12.6(0.00 %),0,0,0,0,1451431,0.0
04/03/2021,0,0,12.6(0.00 %),0,0,0,0,1451431,0.0
05/03/2021,0,0,12.6(0.00 %),0,0,0,0,1451431,0.0
08/03/2021,0,0,12.6(0.00 %),0,0,0,0,1451431,0.0
09/03/2021,0,0,12.6(0.00 %),0,0,0,0,1451431,0.0
10/03/2021,0,0,12.6(0.00 %),0,0,0,0,1451431,0.0
11/03/2021,0,0,12.6(0.00 %),0,0,0,0,1451431,0.0
12/03/2021,0,0,12.6(0.00 %),0,0,0,0,1451431,0.0
15/03/2021,0,0,12.6(0.00 %),0,0,0,0,1451431,0.0
16/03/2021,0,0,12.6(0.00 %),0,0,0,0,1451431,0.0
17/03/2021,0,0,11.9(0.00 %),0,0,0,0,1451431,0.0
18/03/2021,0,0,11.9(0.00 %),0,0,0,0,1451431,0.0
19/03/2021,0,0,11.9(0.00 %),0,0,0,0,1451431,0.0
22/03/2021,0,0,13(9.24 %),0,0,0,0,1451431,0.0
23/03/2021,0,0,13.1(0.77 %),0,0,0,0,1451431,0.0
24/03/2021,0,0,14.5(-0.68 %),0,0,0,0,1451431,0.0
25/03/2021,0,0,14.7(-10.91 %),0,0,0,0,1451431,0.0
26/03/2021,0,0,14.7(0.00 %),0,0,0,0,1451431,0.0
29/03/2021,0,0,16(8.84 %),0,0,0,0,1451431,0.0
30/03/2021,0,0,16(2.56 %),0,0,0,0,1451431,0.0
31/03/2021,0,0,14.6(-8.18 %),0,0,0,0,1451431,0.0
01/04/2021,0,0,15(0.00 %),0,0,0,0,1451431,0.0
02/04/2021,0,0,14.6(-2.67 %),0,0,0,0,1451431,0.0
05/04/2021,0,0,15.1(-8.48 %),0,0,0,0,1451431,0.0
06/04/2021,0,0,13.9(-14.20 %),0,0,0,0,1451431,0.0
07/04/2021,0,0,12.2(-12.23 %),0,0,0,0,1451431,0.0
08/04/2021,0,0,12.6(3.28 %),0,0,0,0,1451431,0.0
09/04/2021,0,0,0(0.00 %),0,0,0,0,1451431,0.0
12/04/2021,0,0,12.4(0.00 %),0,0,0,0,1451431,0.0
13/04/2021,0,0,12.5(0.81 %),0,0,0,0,1451431,0.0
14/04/2021,0,0,13.3(0.00 %),0,0,0,0,1451431,0.0
16/04/2021,0,0,15.2(14.29 %),0,0,0,0,1451431,0.0
19/04/2021,0,0,15.1(4.14 %),0,0,0,0,1451431,0.0
20/04/2021,0,0,14.7(-10.91 %),0,0,0,0,1451431,0.0
22/04/2021,0,0,16.4(0.00 %),0,0,0,0,1451431,0.0
23/04/2021,0,0,14.7(-10.37 %),0,0,0,0,1451431,0.0
26/04/2021,0,0,13.1(-10.88 %),0,0,0,0,1451431,0.0
27/04/2021,0,0,14.3(-14.37 %),0,0,0,0,1451431,0.0
28/04/2021,0,0,13(-9.09 %),0,0,0,0,1451431,0.0
29/04/2021,0,0,13(0.00 %),0,0,0,0,1451431,0.0
04/05/2021,0,0,13(0.00 %),0,0,0,0,1451431,0.0
05/05/2021,0,0,13(0.00 %),0,0,0,0,1451431,0.0
06/05/2021,0,0,13(0.00 %),0,0,0,0,1451431,0.0
07/05/2021,0,0,13(0.00 %),0,0,0,0,1451431,0.0
10/05/2021,0,0,13(0.00 %),0,0,0,0,1451431,0.0
11/05/2021,0,0,13(0.00 %),0,0,0,0,1451431,0.0
12/05/2021,0,0,13(0.00 %),0,0,0,0,1451431,0.0
13/05/2021,0,0,13(0.00 %),0,0,0,0,1451431,0.0
14/05/2021,0,0,13(0.00 %),0,0,0,0,1451431,0.0
17/05/2021,0,0,13(0.00 %),0,0,0,0,1451431,0.0
18/05/2021,0,0,13(0.00 %),0,0,0,0,1451431,0.0
19/05/2021,0,0,11.9(-8.46 %),0,0,0,0,1451431,0.0
20/05/2021,0,0,13.4(0.00 %),0,0,0,0,1451431,0.0
21/05/2021,0,0,14.6(8.96 %),0,0,0,0,1451431,0.0
24/05/2021,0,0,14.6(0.00 %),0,0,0,0,1451431,0.0
25/05/2021,0,0,13.2(-9.59 %),0,0,0,0,1451431,0.0
26/05/2021,0,0,14.3(-13.86 %),0,0,0,0,1451431,0.0
27/05/2021,0,0,14.3(0.00 %),0,0,0,0,1451431,0.0
28/05/2021,0,0,14.3(0.00 %),0,0,0,0,1451431,0.0
31/05/2021,0,0,11.5(-10.16 %),0,0,0,0,1451431,0.0
01/06/2021,0,0,11.5(0.00 %),0,0,0,0,1451431,0.0
02/06/2021,0,0,11.5(0.00 %),0,0,0,0,1451431,0.0
03/06/2021,0,0,11.5(0.00 %),0,0,0,0,1451431,0.0
04/06/2021,0,0,13.2(14.78 %),0,0,0,0,1451431,0.0
07/06/2021,0,0,14.1(6.82 %),0,0,0,0,1451431,0.0
08/06/2021,0,0,14.6(0.00 %),0,0,0,0,1451431,0.0
09/06/2021,0,0,14.6(0.00 %),0,0,0,0,1451431,0.0
10/06/2021,0,0,14.6(-12.05 %),0,0,0,0,1451431,0.0
11/06/2021,0,0,13.6(-13.92 %),0,0,0,0,1451431,0.0
14/06/2021,0,0,13.6(0.00 %),0,0,0,0,1451431,0.0
15/06/2021,0,0,14.5(6.62 %),0,0,0,0,1451431,0.0
16/06/2021,0,0,14.5(0.00 %),0,0,0,0,1451431,0.0
17/06/2021,0,0,14.5(0.00 %),0,0,0,0,1451431,0.0
18/06/2021,0,0,14.5(0.00 %),0,0,0,0,1451431,0.0
22/06/2021,0,0,14.5(0.00 %),0,0,0,0,1451431,0.0
23/06/2021,0,0,16.6(14.48 %),0,0,0,0,1451431,0.0
24/06/2021,0,0,16.6(0.00 %),0,0,0,0,1451431,0.0
25/06/2021,0,0,18.5(11.45 %),0,0,0,0,1451431,0.0
28/06/2021,0,0,18(-1.10 %),0,0,0,0,1451431,0.0
29/06/2021,0,0,16.6(-7.78 %),0,0,0,0,1451431,0.0
30/06/2021,0,0,18.5(8.19 %),0,0,0,0,1451431,0.0
01/07/2021,0,0,18.5(2.21 %),0,0,0,0,1451431,0.0
02/07/2021,0,0,18(4.65 %),0,0,0,0,1451431,0.0
05/07/2021,0,0,18.1(14.56 %),0,0,0,0,1451431,0.0
06/07/2021,0,0,18.5(11.45 %),0,0,0,0,1451431,0.0
07/07/2021,0,0,20(13.64 %),0,0,0,0,1451431,0.0
08/07/2021,0,0,19(6.15 %),0,0,0,0,1451431,44.73
09/07/2021,0,0,15.9(-14.52 %),0,0,0,0,1451431,0.0
12/07/2021,0,0,16.2(-12.43 %),0,0,0,0,1451431,0.0
13/07/2021,0,0,14.1(-12.96 %),0,0,0,0,1451431,0.0
14/07/2021,0,0,16.2(14.89 %),0,0,0,0,1451431,0.0
15/07/2021,0,0,16.5(1.85 %),0,0,0,0,1451431,0.0
16/07/2021,0,0,16.5(0.00 %),0,0,0,0,1451431,0.0
19/07/2021,0,0,14.1(-11.88 %),0,0,0,0,1451431,0.0
20/07/2021,0,0,14.1(0.00 %),0,0,0,0,1451431,0.0
21/07/2021,0,0,14.1(0.00 %),0,0,0,0,1451431,0.0
22/07/2021,0,0,14.1(0.00 %),0,0,0,0,1451431,0.0
23/07/2021,0,0,13.1(-7.09 %),0,0,0,0,1451431,0.0
26/07/2021,0,0,13.3(-13.07 %),0,0,0,0,1451431,0.0
27/07/2021,0,0,13.3(0.00 %),0,0,0,0,1451431,0.0
28/07/2021,0,0,14.5(9.02 %),0,0,0,0,1451431,0.0
29/07/2021,0,0,14.6(-2.01 %),0,0,0,0,1451431,0.0
30/07/2021,0,0,14.6(0.00 %),0,0,0,0,1451431,0.0
02/08/2021,0,0,14.6(0.00 %),0,0,0,0,1451431,0.0
03/08/2021,0,0,15.5(6.16 %),0,0,0,0,1451431,0.0
04/08/2021,0,0,15.5(0.00 %),0,0,0,0,1451431,0.0
05/08/2021,0,0,14.7(-5.16 %),0,0,0,0,1451431,0.0
06/08/2021,0,0,14.7(0.00 %),0,0,0,0,1451431,0.0
09/08/2021,0,0,14.7(0.00 %),0,0,0,0,1451431,0.0
10/08/2021,0,0,15.4(0.00 %),0,0,0,0,1451431,0.0
11/08/2021,0,0,16.2(5.19 %),0,0,0,0,1451431,0.0
12/08/2021,0,0,16.1(0.62 %),0,0,0,0,1451431,0.0
13/08/2021,0,0,16.1(0.00 %),0,0,0,0,1451431,44.73
16/08/2021,0,0,16.1(0.00 %),0,0,0,0,1451431,0.0
17/08/2021,0,0,14.7(-8.70 %),0,0,0,0,1451431,0.0
18/08/2021,0,0,14.7(-2.00 %),0,0,0,0,1451431,0.0
19/08/2021,0,0,14.7(-10.37 %),0,0,0,0,1451431,0.0
20/08/2021,0,0,14.1(-4.73 %),0,0,0,0,1451431,0.0
23/08/2021,0,0,14.7(0.00 %),0,0,0,0,1451431,0.0
24/08/2021,0,0,14.7(0.00 %),0,0,0,0,1451431,0.0
25/08/2021,0,0,14.5(-1.36 %),0,0,0,0,1451431,0.0
26/08/2021,0,0,15.4(6.21 %),0,0,0,0,1451431,0.0
27/08/2021,0,0,14.6(-5.19 %),0,0,0,0,1451431,0.0
30/08/2021,0,0,14.7(-4.55 %),0,0,0,0,1451431,0.0
31/08/2021,0,0,15.4(0.00 %),0,0,0,0,1451431,0.0
01/09/2021,0,0,14.6(-5.19 %),0,0,0,0,1451431,0.0
06/09/2021,0,0,15.5(6.16 %),0,0,0,0,1451431,0.0
07/09/2021,0,0,14.6(-5.81 %),0,0,0,0,1451431,0.0
08/09/2021,0,0,14.6(-5.19 %),0,0,0,0,1451431,0.0
09/09/2021,700,11060000,14.6(-5.19 %),700,11060000,0,0,1450731,0.0
10/09/2021,0,0,14.7(-6.37 %),0,0,0,0,1450731,0.0
13/09/2021,0,0,14.7(0.00 %),0,0,0,0,1450731,0.0
14/09/2021,0,0,14.7(0.00 %),0,0,0,0,1450731,0.0
15/09/2021,0,0,15.5(5.44 %),0,0,0,0,1450731,44.73
16/09/2021,0,0,16(3.23 %),0,0,0,0,1450731,0.0
17/09/2021,0,0,15.5(-3.12 %),0,0,0,0,1450731,0.0
20/09/2021,0,0,15.4(0.00 %),0,0,0,0,1450731,0.0
21/09/2021,0,0,14.5(-5.84 %),0,0,0,0,1450731,0.0
22/09/2021,0,0,14.3(-1.38 %),0,0,0,0,1450731,0.0
23/09/2021,0,0,14.6(0.00 %),0,0,0,0,1450731,0.0
24/09/2021,0,0,16.5(-0.60 %),0,0,0,0,1450731,0.0
27/09/2021,0,0,14.6(-11.52 %),0,0,0,0,1450731,0.0
28/09/2021,0,0,14.9(2.05 %),0,0,0,0,1450731,0.0
29/09/2021,0,0,14.6(-2.01 %),0,0,0,0,1450731,0.0
30/09/2021,0,0,15.1(3.42 %),0,0,0,0,1450731,0.0
01/10/2021,0,0,14.6(-5.19 %),0,0,0,0,1450731,0.0
04/10/2021,0,0,14.6(0.00 %),0,0,0,0,1450731,0.0
05/10/2021,0,0,14.6(0.00 %),0,0,0,0,1450731,0.0
06/10/2021,0,0,15.5(6.16 %),0,0,0,0,1450731,44.73
07/10/2021,0,0,18(14.65 %),0,0,0,0,1450731,44.73
08/10/2021,0,0,19(7.95 %),0,0,0,0,1450731,44.73
11/10/2021,0,0,17.1(-9.52 %),0,0,0,0,1450731,0.0
12/10/2021,0,0,18.9(10.53 %),0,0,0,0,1450731,0.0
13/10/2021,0,0,15(-11.76 %),0,0,0,0,1450731,0.0
14/10/2021,0,0,15.4(-3.14 %),0,0,0,0,1450731,0.0
15/10/2021,0,0,16(4.58 %),0,0,0,0,1450731,0.0
18/10/2021,0,0,17.5(9.38 %),0,0,0,0,1450731,0.0
19/10/2021,0,0,18(2.86 %),0,0,0,0,1450731,0.0
20/10/2021,0,0,18(0.00 %),0,0,0,0,1450731,0.0
21/10/2021,0,0,17.5(0.57 %),0,0,0,0,1450731,0.0
22/10/2021,0,0,18.5(6.32 %),0,0,0,0,1450731,0.0
25/10/2021,0,0,15.9(-12.64 %),0,0,0,0,1450731,0.0
26/10/2021,0,0,18.2(14.47 %),0,0,0,0,1450731,0.0
27/10/2021,0,0,20.5(14.53 %),0,0,0,0,1450731,0.0
28/10/2021,0,0,19(-5.00 %),0,0,0,0,1450731,0.0
29/10/2021,0,0,19(-1.55 %),0,0,0,0,1450731,0.0
01/11/2021,0,0,19(-0.52 %),0,0,0,0,1450731,0.0
02/11/2021,0,0,19(-1.04 %),0,0,0,0,1450731,0.0
03/11/2021,0,0,19.5(2.63 %),0,0,0,0,1450731,0.0
04/11/2021,0,0,21(10.53 %),0,0,0,0,1450731,0.0
05/11/2021,0,0,21(-0.94 %),0,0,0,0,1450731,0.0
08/11/2021,0,0,21.7(-2.25 %),0,0,0,0,1450731,0.0
09/11/2021,0,0,21.5(-2.71 %),0,0,0,0,1450731,0.0
10/11/2021,0,0,19.6(-8.84 %),0,0,0,0,1450731,0.0
11/11/2021,0,0,19(-9.52 %),0,0,0,0,1450731,0.0
12/11/2021,0,0,19.7(3.68 %),0,0,0,0,1450731,0.0
15/11/2021,0,0,24.7(14.88 %),0,0,0,0,1450731,0.0
16/11/2021,0,0,25(9.17 %),0,0,0,0,1450731,0.0
17/11/2021,0,0,26(4.84 %),0,0,0,0,1450731,0.0
18/11/2021,0,0,26.5(10.88 %),0,0,0,0,1450731,0.0
19/11/2021,0,0,27.5(3.77 %),0,0,0,0,1450731,0.0
22/11/2021,0,0,27(1.50 %),0,0,0,0,1450731,0.0
23/11/2021,0,0,24(-11.44 %),0,0,0,0,1450731,0.0
24/11/2021,0,0,23.1(-3.75 %),0,0,0,0,1450731,0.0
25/11/2021,0,0,22(-8.33 %),0,0,0,0,1450731,0.0
26/11/2021,0,0,19.6(-11.31 %),0,0,0,0,1450731,0.0
29/11/2021,0,0,18(-8.63 %),0,0,0,0,1450731,0.0
30/11/2021,0,0,18.6(3.33 %),0,0,0,0,1450731,0.0
01/12/2021,0,0,21.1(13.44 %),0,0,0,0,1450731,0.0
02/12/2021,0,0,24(13.74 %),0,0,0,0,1450731,0.0
03/12/2021,0,0,20.9(-11.06 %),0,0,0,0,1450731,0.0
06/12/2021,0,0,22.6(-13.74 %),0,0,0,0,1450731,0.0
07/12/2021,0,0,22.5(-0.88 %),0,0,0,0,1450731,0.0
08/12/2021,-4,-77200,22.6(0.00 %),0,0,4,77200,1450735,0.0
09/12/2021,0,0,21.9(-3.52 %),0,0,0,0,1450735,0.0
10/12/2021,0,0,21.9(2.82 %),0,0,0,0,1450735,0.0
13/12/2021,0,0,21.2(-3.20 %),0,0,0,0,1450735,0.0
14/12/2021,0,0,20(-9.09 %),0,0,0,0,1450735,0.0
15/12/2021,0,0,16.9(-12.89 %),0,0,0,0,1450735,0.0
16/12/2021,0,0,19.5(14.71 %),0,0,0,0,1450735,0.0
17/12/2021,0,0,18.4(0.55 %),0,0,0,0,1450735,0.0
20/12/2021,0,0,19(4.40 %),0,0,0,0,1450735,0.0
21/12/2021,0,0,21.7(14.21 %),0,0,0,0,1450735,0.0
22/12/2021,0,0,20.5(14.53 %),0,0,0,0,1450735,0.0
23/12/2021,0,0,18.5(-2.63 %),0,0,0,0,1450735,44.73
24/12/2021,0,0,20.5(8.47 %),0,0,0,0,1450735,44.73
27/12/2021,0,0,19.3(1.05 %),0,0,0,0,1450735,44.73
28/12/2021,0,0,0(0.00 %),0,0,0,0,1450735,0.0
29/12/2021,0,0,18.7(2.19 %),0,0,0,0,1450735,44.73
30/12/2021,0,0,19.9(6.42 %),0,0,0,0,1450735,44.73
31/12/2021,0,0,19(-2.06 %),0,0,0,0,1450735,44.73
04/01/2022,0,0,19.6(3.16 %),0,0,0,0,1450735,44.73
05/01/2022,0,0,18(-9.09 %),0,0,0,0,1450735,44.73
06/01/2022,0,0,20.3(11.54 %),0,0,0,0,1450735,44.73
07/01/2022,0,0,18(-6.74 %),0,0,0,0,1450735,44.73
10/01/2022,0,0,20.3(12.78 %),0,0,0,0,1450735,44.73
11/01/2022,0,0,22(11.68 %),0,0,0,0,1450735,44.73
12/01/2022,9,184500,18.6(-0.53 %),9,184500,0,0,1450726,44.73
13/01/2022,0,0,20(7.53 %),0,0,0,0,1450726,44.73
14/01/2022,0,0,19(-5.00 %),0,0,0,0,1450726,44.73
17/01/2022,0,0,21.3(13.30 %),0,0,0,0,1450726,44.73
18/01/2022,0,0,18(-13.04 %),0,0,0,0,1450726,44.73
19/01/2022,0,0,18(0.00 %),0,0,0,0,1450726,44.73
20/01/2022,0,0,20.7(15.00 %),0,0,0,0,1450726,44.73
21/01/2022,0,0,18.7(-9.66 %),0,0,0,0,1450726,44.73
24/01/2022,0,0,18.9(-12.50 %),0,0,0,0,1450726,44.73
25/01/2022,0,0,19.8(-13.16 %),0,0,0,0,1450726,44.73
26/01/2022,0,0,21.4(-13.71 %),0,0,0,0,1450726,44.73
27/01/2022,0,0,22(-14.40 %),0,0,0,0,1450726,44.73
28/01/2022,-100,-2430000,19(-13.64 %),0,0,100,2430000,1450726,44.73
07/02/2022,0,0,19(-12.04 %),0,0,0,0,1450726,44.73
08/02/2022,0,0,21(10.53 %),0,0,0,0,1450826,44.73
09/02/2022,0,0,19.7(-4.37 %),0,0,0,0,1450826,44.73
10/02/2022,0,0,20.1(-2.43 %),0,0,0,0,1450826,44.73
11/02/2022,0,0,20.1(-6.07 %),0,0,0,0,1450826,44.73
14/02/2022,0,0,20.3(-14.35 %),0,0,0,0,1450826,44.73
15/02/2022,0,0,20.4(0.49 %),0,0,0,0,1450826,44.73
16/02/2022,0,0,20.4(-9.33 %),0,0,0,0,1450826,44.73
17/02/2022,0,0,21.5(-7.33 %),0,0,0,0,1450826,44.73
18/02/2022,0,0,22.4(-4.27 %),0,0,0,0,1450826,44.73
21/02/2022,0,0,22.6(-6.61 %),0,0,0,0,1450826,44.73
22/02/2022,0,0,21.5(-8.51 %),0,0,0,0,1450826,44.73
23/02/2022,0,0,20.8(-3.70 %),0,0,0,0,1450826,44.73
24/02/2022,0,0,22.8(14.57 %),0,0,0,0,1450826,44.73
25/02/2022,0,0,22.6(14.72 %),0,0,0,0,1450826,44.73
28/02/2022,0,0,23.9(14.90 %),0,0,0,0,1450826,44.73
01/03/2022,0,0,24(14.83 %),0,0,0,0,1450826,44.73
02/03/2022,0,0,24.5(2.51 %),0,0,0,0,1450826,44.73
03/03/2022,0,0,24(-11.76 %),0,0,0,0,1450826,44.73
04/03/2022,0,0,21.7(-9.58 %),0,0,0,0,1450826,44.73
07/03/2022,0,0,23.3(-13.38 %),0,0,0,0,1450826,44.73
08/03/2022,0,0,23.2(-11.79 %),0,0,0,0,1450826,44.73
09/03/2022,0,0,23.3(0.43 %),0,0,0,0,1450826,44.73
10/03/2022,0,0,24.2(-8.33 %),0,0,0,0,1450826,44.73
11/03/2022,0,0,23.6(-10.61 %),0,0,0,0,1450826,44.73
14/03/2022,0,0,22.4(-5.08 %),0,0,0,0,1450826,44.73
15/03/2022,0,0,23.5(-11.99 %),0,0,0,0,1450826,44.73
16/03/2022,0,0,25.9(-14.80 %),0,0,0,0,1450826,44.73
17/03/2022,0,0,23.6(-8.88 %),0,0,0,0,1450826,44.73
18/03/2022,0,0,23.7(-7.06 %),0,0,0,0,1450826,44.73
21/03/2022,0,0,23.7(0.00 %),0,0,0,0,1450826,44.73
22/03/2022,0,0,21.6(-8.86 %),0,0,0,0,1450826,44.73
23/03/2022,0,0,24.3(0.00 %),0,0,0,0,1450826,44.73
24/03/2022,0,0,23.8(-2.06 %),0,0,0,0,1450826,44.73
25/03/2022,0,0,23.7(-12.87 %),0,0,0,0,1450826,44.73
28/03/2022,0,0,25.5(-14.72 %),0,0,0,0,1450826,44.73
29/03/2022,0,0,23.6(-7.45 %),0,0,0,0,1450826,44.73
30/03/2022,0,0,23.6(0.00 %),0,0,0,0,1450826,44.73
31/03/2022,0,0,23.6(0.00 %),0,0,0,0,1450826,44.73
01/04/2022,0,0,23.6(0.00 %),0,0,0,0,1450826,44.73
04/04/2022,0,0,22.7(-3.81 %),0,0,0,0,1450826,44.73
05/04/2022,0,0,22.5(-0.88 %),0,0,0,0,1450826,44.73
06/04/2022,0,0,22.5(0.00 %),0,0,0,0,1450826,44.73
07/04/2022,0,0,26(8.33 %),0,0,0,0,1450826,44.73
08/04/2022,0,0,22.8(-12.64 %),0,0,0,0,1450826,44.73
12/04/2022,0,0,24.6(-13.68 %),0,0,0,0,1450826,0.0
13/04/2022,0,0,23(-10.85 %),0,0,0,0,1450826,44.73
14/04/2022,0,0,28.1(-2.77 %),0,0,0,0,1450826,44.73
15/04/2022,0,0,0(0.00 %),0,0,0,0,1450826,44.73
18/04/2022,0,0,0(0.00 %),0,0,0,0,1450826,44.73
19/04/2022,0,0,24.2(-13.57 %),0,0,0,0,1450826,44.73
20/04/2022,0,0,27(-1.46 %),0,0,0,0,1450826,44.73
21/04/2022,0,0,23.4(-13.33 %),0,0,0,0,1450826,44.73
22/04/2022,0,0,24.5(-13.43 %),0,0,0,0,1450826,44.73
25/04/2022,0,0,27.4(-13.56 %),0,0,0,0,1450826,44.73
26/04/2022,0,0,28.7(-14.58 %),0,0,0,0,1450826,44.73
27/04/2022,0,0,31.3(-14.71 %),0,0,0,0,1450826,44.73
28/04/2022,0,0,27.7(-12.06 %),0,0,0,0,1450826,44.73
29/04/2022,0,0,25.3(-12.46 %),0,0,0,0,1450826,44.73
04/05/2022,0,0,29(14.62 %),0,0,0,0,1450826,44.73
05/05/2022,0,0,31.3(14.65 %),0,0,0,0,1450826,44.73
06/05/2022,0,0,31.4(0.32 %),0,0,0,0,1450826,44.73
09/05/2022,0,0,35.1(0.00 %),0,0,0,0,1450826,44.73
10/05/2022,0,0,35.1(0.00 %),0,0,0,0,1450826,44.73
11/05/2022,0,0,34(-3.13 %),0,0,0,0,1450826,44.73
12/05/2022,0,0,39.4(0.00 %),0,0,0,0,1450826,44.73
13/05/2022,0,0,33.5(-14.97 %),0,0,0,0,1450826,44.73
16/05/2022,0,0,33.5(0.00 %),0,0,0,0,1450826,44.73
17/05/2022,0,0,38.5(14.93 %),0,0,0,0,1450826,44.73
18/05/2022,0,0,33.1(-14.03 %),0,0,0,0,1450826,44.73
19/05/2022,0,0,44(0.00 %),0,0,0,0,1450826,44.73
20/05/2022,0,0,44(0.00 %),0,0,0,0,1450826,44.73
23/05/2022,0,0,44(0.00 %),0,0,0,0,1450826,44.73
24/05/2022,0,0,44(0.00 %),0,0,0,0,1450826,44.73
25/05/2022,0,0,44(0.00 %),0,0,0,0,1450826,44.73
26/05/2022,0,0,37.4(-15.00 %),0,0,0,0,1450826,44.73
27/05/2022,0,0,31.8(-14.97 %),0,0,0,0,1450826,44.73
30/05/2022,0,0,35(10.06 %),0,0,0,0,1450826,44.73
31/05/2022,0,0,33.5(0.60 %),0,0,0,0,1450826,44.73
01/06/2022,0,0,43.4(14.81 %),0,0,0,0,1450826,44.73
02/06/2022,0,0,37(-14.75 %),0,0,0,0,1450826,44.73
03/06/2022,0,0,43.5(0.00 %),0,0,0,0,1450826,44.73
06/06/2022,0,0,43.5(0.00 %),0,0,0,0,1450826,44.73
07/06/2022,0,0,42(-3.45 %),0,0,0,0,1450826,44.73
08/06/2022,0,0,42(0.00 %),0,0,0,0,1450826,44.73
09/06/2022,0,0,42(0.00 %),0,0,0,0,1450826,44.73
10/06/2022,0,0,42(0.00 %),0,0,0,0,1450826,44.73
13/06/2022,0,0,42(0.00 %),0,0,0,0,1450826,44.73
14/06/2022,0,0,38.5(-8.33 %),0,0,0,0,1450826,44.73
15/06/2022,0,0,38.5(1.05 %),0,0,0,0,1450826,44.73
16/06/2022,0,0,38.5(0.00 %),0,0,0,0,1450826,44.73
17/06/2022,0,0,38.5(0.00 %),0,0,0,0,1450826,44.73
20/06/2022,0,0,38.5(0.00 %),0,0,0,0,1450826,44.73
21/06/2022,0,0,38.5(0.00 %),0,0,0,0,1450826,44.73
22/06/2022,0,0,38.5(0.00 %),0,0,0,0,1450826,44.73
23/06/2022,0,0,38.5(0.00 %),0,0,0,0,1450826,44.73
24/06/2022,0,0,38.5(0.00 %),0,0,0,0,1450826,44.73
27/06/2022,0,0,38.5(0.00 %),0,0,0,0,1450826,44.73
28/06/2022,0,0,38.5(0.00 %),0,0,0,0,1450826,44.73
29/06/2022,0,0,32.8(-14.81 %),0,0,0,0,1450826,44.73
30/06/2022,0,0,32.1(-2.13 %),0,0,0,0,1450826,44.73
01/07/2022,0,0,37.2(0.00 %),0,0,0,0,1450826,44.73
04/07/2022,0,0,37.3(0.27 %),0,0,0,0,1450826,44.73
05/07/2022,0,0,36.2(-14.82 %),0,0,0,0,1450826,44.73
06/07/2022,0,0,36.2(0.00 %),0,0,0,0,1450826,44.73
07/07/2022,0,0,36.2(0.00 %),0,0,0,0,1450826,44.73
08/07/2022,0,0,36.2(0.00 %),0,0,0,0,1450826,44.73
11/07/2022,0,0,36.2(0.00 %),0,0,0,0,1450826,44.73
12/07/2022,0,0,36.2(0.00 %),0,0,0,0,1450826,44.73
13/07/2022,0,0,36.2(0.00 %),0,0,0,0,1450826,44.73
14/07/2022,0,0,36.2(0.00 %),0,0,0,0,1450826,44.73
15/07/2022,0,0,36.2(0.00 %),0,0,0,0,1450826,44.73
18/07/2022,0,0,36.2(0.00 %),0,0,0,0,1450826,44.73
19/07/2022,0,0,36.2(0.00 %),0,0,0,0,1450826,44.73
20/07/2022,0,0,36.2(0.00 %),0,0,0,0,1450826,44.73
21/07/2022,0,0,36.2(0.00 %),0,0,0,0,1450826,44.73
22/07/2022,0,0,36.2(0.00 %),0,0,0,0,1450826,44.73
25/07/2022,0,0,36.5(0.83 %),0,0,0,0,1450826,44.73
26/07/2022,0,0,36.5(0.27 %),0,0,0,0,1450826,44.73
27/07/2022,0,0,35.1(-3.84 %),0,0,0,0,1450826,44.73
28/07/2022,0,0,38.2(0.00 %),0,0,0,0,1450826,44.73
29/07/2022,0,0,38.2(0.00 %),0,0,0,0,1450826,44.73
01/08/2022,0,0,38.2(0.00 %),0,0,0,0,1450826,44.73
02/08/2022,0,0,38.2(0.00 %),0,0,0,0,1450826,44.73
03/08/2022,0,0,36.6(-4.19 %),0,0,0,0,1450826,44.73
04/08/2022,0,0,38.5(-9.62 %),0,0,0,0,1450826,44.73
05/08/2022,0,0,38.5(0.00 %),0,0,0,0,1450826,44.73
08/08/2022,0,0,33.1(-14.03 %),0,0,0,0,1450826,44.73
09/08/2022,300,11760000,39.2(0.00 %),300,11760000,0,0,1450526,44.73
10/08/2022,800,31360000,39.2(0.00 %),800,31360000,0,0,1449726,44.74
11/08/2022,0,0,38.1(-2.81 %),0,0,0,0,1449726,44.74
12/08/2022,0,0,37.5(-14.97 %),0,0,0,0,1449726,44.74
15/08/2022,0,0,37.5(0.00 %),0,0,0,0,1449726,44.74
16/08/2022,-300,-11250000,37.5(0.00 %),0,0,300,11250000,1449726,44.74
17/08/2022,0,0,31.9(-14.93 %),0,0,0,0,1449726,44.74
18/08/2022,0,0,27.2(-14.73 %),0,0,0,0,1450026,44.74
19/08/2022,0,0,27.2(0.00 %),0,0,0,0,1450026,44.74
22/08/2022,0,0,23.4(-13.97 %),0,0,0,0,1450026,44.74
23/08/2022,0,0,23.4(0.00 %),0,0,0,0,1450026,44.74
24/08/2022,0,0,23.4(0.00 %),0,0,0,0,1450026,44.74
25/08/2022,0,0,23.4(0.00 %),0,0,0,0,1450026,44.74
26/08/2022,0,0,23.4(0.00 %),0,0,0,0,1450026,44.74
29/08/2022,0,0,23.4(0.00 %),0,0,0,0,1450026,44.74
30/08/2022,0,0,23.4(0.00 %),0,0,0,0,1450026,44.74
31/08/2022,0,0,23.4(0.00 %),0,0,0,0,1450026,44.74
05/09/2022,0,0,23.4(0.00 %),0,0,0,0,1450026,44.74
06/09/2022,0,0,23.4(0.00 %),0,0,0,0,1450026,44.74
07/09/2022,0,0,20(-14.53 %),0,0,0,0,1450026,44.74
08/09/2022,0,0,20(0.00 %),0,0,0,0,1450026,44.74
09/09/2022,0,0,23(15.00 %),0,0,0,0,1450026,44.74
12/09/2022,-6,-138000,26.3(14.35 %),0,0,6,138000,1450026,44.74
13/09/2022,0,0,29.9(13.69 %),0,0,0,0,1450026,44.74
14/09/2022,0,0,33.9(13.38 %),0,0,0,0,1450032,44.74
15/09/2022,0,0,38.8(14.45 %),0,0,0,0,0,44.74
16/09/2022,0,0,37.5(0.00 %),0,0,0,0,1450032,44.74
19/09/2022,0,0,40(6.67 %),0,0,0,0,1450032,0.0
20/09/2022,0,0,39.2(-2.00 %),0,0,0,0,1450032,44.74
21/09/2022,0,0,39.2(-13.47 %),0,0,0,0,1450032,44.74
22/09/2022,0,0,39.2(0.00 %),0,0,0,0,1450032,44.74
23/09/2022,0,0,39.2(0.00 %),0,0,0,0,1450032,0.0
26/09/2022,0,0,39.2(0.00 %),0,0,0,0,1450032,44.74
27/09/2022,0,0,39.2(0.00 %),0,0,0,0,1450032,44.74
28/09/2022,0,0,33.4(-14.80 %),0,0,0,0,1450032,44.74
29/09/2022,0,0,33.4(0.00 %),0,0,0,0,1450032,44.74
30/09/2022,0,0,33.4(0.00 %),0,0,0,0,1450032,44.74
03/10/2022,0,0,33.4(0.00 %),0,0,0,0,1450032,44.74
04/10/2022,0,0,33.4(0.00 %),0,0,0,0,1450032,44.74
05/10/2022,0,0,33.4(0.00 %),0,0,0,0,1450032,44.74
06/10/2022,0,0,33.4(0.00 %),0,0,0,0,1450032,44.74
07/10/2022,0,0,33.4(0.00 %),0,0,0,0,1450032,44.74
10/10/2022,0,0,33.4(0.00 %),0,0,0,0,1450032,44.74
11/10/2022,0,0,33.4(0.00 %),0,0,0,0,1450032,44.74
12/10/2022,0,0,33.4(0.00 %),0,0,0,0,1450032,44.74
13/10/2022,0,0,38.4(14.97 %),0,0,0,0,1450032,44.74
14/10/2022,0,0,38.4(0.00 %),0,0,0,0,1450032,44.74
17/10/2022,0,0,38.4(0.00 %),0,0,0,0,1450032,44.74
18/10/2022,0,0,32.8(-14.58 %),0,0,0,0,1450032,44.74
19/10/2022,0,0,42.5(0.00 %),0,0,0,0,1450032,44.74
20/10/2022,0,0,46.5(9.41 %),0,0,0,0,1450032,44.74
21/10/2022,0,0,46.5(0.00 %),0,0,0,0,1450032,44.74
24/10/2022,0,0,39.6(-14.84 %),0,0,0,0,1450032,44.74
25/10/2022,0,0,44.9(-14.96 %),0,0,0,0,1450032,44.74
26/10/2022,0,0,53.5(0.00 %),0,0,0,0,1450032,44.74
27/10/2022,0,0,45.5(-14.95 %),0,0,0,0,1450032,44.74
28/10/2022,0,0,53.1(0.00 %),0,0,0,0,1450032,44.74
31/10/2022,0,0,45.2(-14.88 %),0,0,0,0,1450032,44.74
01/11/2022,0,0,46.4(-14.86 %),0,0,0,0,1450032,44.74
02/11/2022,0,0,56.9(0.00 %),0,0,0,0,1450032,44.74
03/11/2022,0,0,48.4(-14.94 %),0,0,0,0,1450032,44.74
04/11/2022,0,0,48.4(0.00 %),0,0,0,0,1450032,44.74
07/11/2022,0,0,48.4(0.00 %),0,0,0,0,1450032,44.74
08/11/2022,0,0,48.4(0.00 %),0,0,0,0,1450032,44.74
09/11/2022,0,0,41.2(-14.88 %),0,0,0,0,1450032,44.74
10/11/2022,0,0,40.9(-14.97 %),0,0,0,0,1450032,44.74
11/11/2022,0,0,40.9(0.00 %),0,0,0,0,1450032,44.74
14/11/2022,0,0,40.9(0.00 %),0,0,0,0,1450032,44.74
15/11/2022,0,0,40.9(0.00 %),0,0,0,0,1450032,44.74
16/11/2022,0,0,34.8(-14.91 %),0,0,0,0,1450032,44.74
17/11/2022,0,0,34.6(-14.78 %),0,0,0,0,1450032,44.74
18/11/2022,0,0,34.6(0.00 %),0,0,0,0,1450032,44.74
21/11/2022,0,0,39.7(14.74 %),0,0,0,0,1450032,44.74
22/11/2022,0,0,45.6(14.86 %),0,0,0,0,1450032,44.74
23/11/2022,0,0,40.6(-10.96 %),100,4060000,100,4060000,1449932,44.74
24/11/2022,0,0,34.6(-14.78 %),0,0,0,0,1449932,44.74
25/11/2022,-1200,-52000000,43.7(1.16 %),0,0,1200,52000000,1450032,44.74
28/11/2022,0,0,43.8(0.00 %),0,0,0,0,1450032,0.0
29/11/2022,-700,-26600000,37.3(-14.84 %),0,0,700,26600000,1450032,0.0
30/11/2022,0,0,38.1(-6.16 %),0,0,0,0,1451232,0.0
01/12/2022,-100,-4500000,45(-2.17 %),0,0,100,4500000,1451232,0.0
02/12/2022,0,0,52.4(14.91 %),0,0,0,0,1451932,0.0
05/12/2022,0,0,45.1(-13.93 %),0,0,0,0,1451932,0.0
06/12/2022,0,0,49.2(-14.88 %),0,0,0,0,1452032,0.0
07/12/2022,0,0,50.3(-14.89 %),0,0,0,0,1452032,0.0
08/12/2022,0,0,52.1(-14.87 %),0,0,0,0,1452032,44.73
09/12/2022,0,0,56.4(-14.93 %),0,0,0,0,1452032,44.73
12/12/2022,0,0,56.4(0.00 %),0,0,0,0,1452032,0.0
13/12/2022,0,0,50.1(-11.17 %),0,0,0,0,1452032,0.0
14/12/2022,0,0,59.8(0.00 %),0,0,0,0,1452032,0.0
15/12/2022,0,0,59.8(0.00 %),0,0,0,0,1452032,0.0
16/12/2022,0,0,59.8(0.00 %),0,0,0,0,1452032,0.0
19/12/2022,0,0,59.8(0.00 %),0,0,0,0,1452032,0.0
20/12/2022,0,0,50.9(-14.88 %),0,0,0,0,1452032,0.0
21/12/2022,0,0,56.8(0.00 %),0,0,0,0,1452032,0.0
22/12/2022,0,0,48.6(-14.44 %),0,0,0,0,1452032,0.0
23/12/2022,0,0,48.6(0.00 %),0,0,0,0,1452032,0.0
26/12/2022,0,0,48.6(0.00 %),0,0,0,0,1452032,0.0
27/12/2022,0,0,41.4(-14.81 %),0,0,0,0,1452032,0.0
28/12/2022,0,0,41.4(0.00 %),0,0,0,0,1452032,44.73
29/12/2022,0,0,35.2(-14.98 %),0,0,0,0,1452032,44.73
30/12/2022,0,0,41(0.00 %),0,0,0,0,1452032,44.73
03/01/2023,0,0,47.1(14.88 %),0,0,0,0,1452032,0.0
04/01/2023,0,0,47.1(0.00 %),0,0,0,0,1452032,44.73
05/01/2023,0,0,47.1(0.00 %),0,0,0,0,1452032,44.73
06/01/2023,0,0,47.1(0.00 %),0,0,0,0,1452032,44.73
09/01/2023,0,0,47.1(0.00 %),0,0,0,0,1452032,44.73
10/01/2023,0,0,47.1(0.00 %),0,0,0,0,1452032,44.73
11/01/2023,0,0,47.1(0.00 %),0,0,0,0,1452032,44.73
12/01/2023,0,0,47.1(0.00 %),0,0,0,0,1452032,44.73
13/01/2023,0,0,54.1(14.86 %),0,0,0,0,1452032,44.73
16/01/2023,0,0,52.3(0.00 %),0,0,0,0,1452032,44.73
17/01/2023,0,0,52.3(0.00 %),0,0,0,0,1452032,44.73
18/01/2023,0,0,52.3(0.00 %),0,0,0,0,1452032,44.73
19/01/2023,0,0,44.5(-14.91 %),0,0,0,0,1452032,44.73
27/01/2023,0,0,52(0.00 %),0,0,0,0,1452032,44.73
30/01/2023,0,0,52(0.00 %),0,0,0,0,1452032,44.73
31/01/2023,0,0,59.8(15.00 %),0,0,0,0,1452032,44.73
01/02/2023,0,0,56.4(0.00 %),0,0,0,0,1452032,44.73
02/02/2023,0,0,52.1(-7.62 %),0,0,0,0,1452032,44.73
03/02/2023,0,0,61.1(-4.98 %),0,0,0,0,1452032,44.73
06/02/2023,0,0,61.1(0.00 %),0,0,0,0,1452032,44.73
07/02/2023,0,0,52(-14.89 %),0,0,0,0,1452032,44.73
08/02/2023,0,0,59(-14.99 %),0,0,0,0,1452032,44.73
09/02/2023,0,0,59(0.00 %),0,0,0,0,1452032,44.73
10/02/2023,0,0,59(0.00 %),0,0,0,0,1452032,44.73
13/02/2023,0,0,51.1(-13.39 %),0,0,0,0,1452032,44.73
14/02/2023,0,0,67.4(0.00 %),0,0,0,0,1452032,44.73
15/02/2023,0,0,62.1(-7.86 %),0,0,0,0,1452032,44.73
16/02/2023,0,0,65.2(-14.88 %),0,0,0,0,1452032,44.73
17/02/2023,0,0,65.2(0.00 %),0,0,0,0,1452032,44.73
20/02/2023,0,0,55.5(-14.88 %),0,0,0,0,1452032,44.73
21/02/2023,0,0,55.5(0.00 %),0,0,0,0,1452032,44.73
22/02/2023,0,0,47.5(-14.41 %),0,0,0,0,1452032,44.73
23/02/2023,0,0,47.5(0.00 %),0,0,0,0,1452032,44.73
24/02/2023,0,0,47.5(0.00 %),0,0,0,0,1452032,0.0
27/02/2023,0,0,40.4(-14.95 %),0,0,0,0,1452032,44.73
28/02/2023,0,0,40.4(0.00 %),0,0,0,0,1452032,44.73
01/03/2023,0,0,40.4(0.00 %),0,0,0,0,1452032,44.73
02/03/2023,0,0,40.4(0.00 %),0,0,0,0,1452032,44.73
03/03/2023,0,0,40.4(0.00 %),0,0,0,0,1452032,44.73
06/03/2023,0,0,40.4(0.00 %),0,0,0,0,1452032,44.73
07/03/2023,0,0,40(-0.99 %),0,0,0,0,1452032,44.73
08/03/2023,0,0,40(0.00 %),0,0,0,0,1452032,44.73
09/03/2023,0,0,40(0.00 %),0,0,0,0,1452032,44.73
10/03/2023,0,0,46(15.00 %),0,0,0,0,1452032,44.73
13/03/2023,0,0,46(0.00 %),0,0,0,0,1452032,0.0
14/03/2023,0,0,52.9(15.00 %),0,0,0,0,1452032,44.73
15/03/2023,0,0,52.9(0.00 %),0,0,0,0,1452032,44.73
16/03/2023,0,0,52.9(0.00 %),0,0,0,0,1452032,44.73
17/03/2023,0,0,45(-14.93 %),0,0,0,0,1452032,44.73
20/03/2023,0,0,58.8(0.51 %),0,0,0,0,1452032,44.73
21/03/2023,0,0,58.8(0.00 %),0,0,0,0,1452032,44.73
22/03/2023,0,0,67.5(14.80 %),0,0,0,0,1452032,44.73
23/03/2023,0,0,67.1(-0.59 %),0,0,0,0,1452032,44.73
24/03/2023,0,0,67.1(-12.74 %),0,0,0,0,1452032,44.73
27/03/2023,0,0,76.9(0.00 %),0,0,0,0,1452032,44.73
28/03/2023,0,0,65.4(-14.95 %),0,0,0,0,1452032,0.0
29/03/2023,0,0,65.4(0.00 %),0,0,0,0,1452032,44.73
30/03/2023,0,0,55.6(-14.98 %),0,0,0,0,1452032,44.73
31/03/2023,0,0,55.6(0.00 %),0,0,0,0,1452032,44.73
03/04/2023,0,0,55.6(0.00 %),0,0,0,0,1452032,44.73
04/04/2023,0,0,55.6(0.00 %),0,0,0,0,1452032,44.73
05/04/2023,0,0,55.6(0.00 %),0,0,0,0,1452032,44.73
06/04/2023,0,0,55.6(0.00 %),0,0,0,0,1452032,44.73
07/04/2023,0,0,55.6(0.00 %),0,0,0,0,1452032,44.73
10/04/2023,0,0,55.6(0.00 %),0,0,0,0,1452032,44.73
11/04/2023,0,0,55.6(0.00 %),0,0,0,0,1452032,44.73
12/04/2023,0,0,55.6(0.00 %),0,0,0,0,1452032,0.0
13/04/2023,0,0,55.6(0.00 %),0,0,0,0,1452032,44.73
14/04/2023,0,0,55.6(0.00 %),0,0,0,0,1452032,44.73
17/04/2023,0,0,55.6(0.00 %),0,0,0,0,1452032,44.73
18/04/2023,0,0,55.6(0.00 %),0,0,0,0,1452032,44.73
19/04/2023,0,0,55.6(0.00 %),0,0,0,0,1452032,44.73
20/04/2023,0,0,63.9(14.93 %),0,0,0,0,1452032,0.0
21/04/2023,0,0,63.9(0.00 %),0,0,0,0,1452032,44.73
24/04/2023,0,0,63.9(0.00 %),0,0,0,0,1452032,44.73
25/04/2023,0,0,63.9(0.00 %),0,0,0,0,1452032,44.73
26/04/2023,0,0,64.1(0.31 %),0,0,0,0,1452032,44.73
27/04/2023,0,0,72.5(0.00 %),0,0,0,0,1452032,0.0
28/04/2023,0,0,72.5(0.00 %),0,0,0,0,1452032,0.0
04/05/2023,0,0,72.5(0.00 %),0,0,0,0,1452032,0.0
05/05/2023,0,0,72.5(0.00 %),0,0,0,0,1452032,44.73
08/05/2023,0,0,61.7(-14.90 %),0,0,0,0,1452032,44.73
09/05/2023,0,0,77.9(0.00 %),0,0,0,0,1452032,44.73
10/05/2023,0,0,75(-14.97 %),0,0,0,0,1452032,0.0
11/05/2023,0,0,75(0.00 %),0,0,0,0,1452032,0.0
12/05/2023,0,0,75(0.00 %),0,0,0,0,1452032,44.73
15/05/2023,0,0,75(0.00 %),0,0,0,0,1452032,0.0
16/05/2023,0,0,75(0.00 %),0,0,0,0,1452032,0.0
17/05/2023,0,0,75(0.00 %),0,0,0,0,1452032,0.0
18/05/2023,0,0,75(0.00 %),0,0,0,0,1452032,0.0
19/05/2023,0,0,75(0.00 %),0,0,0,0,1452032,0.0
22/05/2023,0,0,75(0.00 %),0,0,0,0,1452032,0.0
23/05/2023,-100,-7500000,63.8(-14.93 %),0,0,100,7500000,1452132,0.0
24/05/2023,0,0,69.4(0.00 %),0,0,0,0,1452132,0.0
25/05/2023,0,0,59(-14.99 %),0,0,0,0,1452132,0.0
26/05/2023,0,0,59(0.00 %),0,0,0,0,1452132,0.0
29/05/2023,0,0,59(0.00 %),0,0,0,0,1452132,0.0
30/05/2023,0,0,50.2(-14.92 %),0,0,0,0,1452132,0.0
31/05/2023,0,0,50(-0.40 %),0,0,0,0,1452132,0.0
01/06/2023,-800,-40000000,50(0.00 %),0,0,800,40000000,1452132,0.0
02/06/2023,0,0,50(0.00 %),0,0,0,0,1452132,0.0
05/06/2023,-900,-45000000,50(0.00 %),0,0,900,45000000,1453032,0.0
06/06/2023,0,0,50(0.00 %),0,0,0,0,1453032,0.0
07/06/2023,0,0,50(0.00 %),0,0,0,0,1453032,0.0
08/06/2023,0,0,57.5(15.00 %),0,0,0,0,1453032,0.0
09/06/2023,0,0,57.5(0.00 %),0,0,0,0,1453032,0.0
12/06/2023,0,0,66.1(14.96 %),0,0,0,0,1453032,0.0
13/06/2023,0,0,66.1(0.00 %),0,0,0,0,1453032,0.0
14/06/2023,0,0,66.1(0.00 %),0,0,0,0,1453032,0.0
15/06/2023,0,0,76(14.98 %),0,0,0,0,1453032,0.0
16/06/2023,0,0,75.1(-1.18 %),0,0,0,0,1453832,44.72
19/06/2023,0,0,86.8(0.00 %),0,0,0,0,1453832,44.72
20/06/2023,0,0,73.8(-14.98 %),0,0,0,0,1453832,44.72
21/06/2023,0,0,62.8(-14.91 %),0,0,0,0,1453832,44.72
22/06/2023,0,0,53.4(-14.97 %),0,0,0,0,1453832,0.0
23/06/2023,0,0,45.5(-14.79 %),0,0,0,0,1453832,44.72
26/06/2023,-7000,-322000000,46(1.10 %),0,0,7000,322000000,1453832,44.72
27/06/2023,0,0,46(0.00 %),0,0,0,0,1453832,44.72
28/06/2023,0,0,46(0.00 %),0,0,0,0,1460832,44.7
29/06/2023,0,0,46(0.00 %),0,0,0,0,1460832,0.0
30/06/2023,0,0,52.9(15.00 %),0,0,0,0,1460832,44.7
03/07/2023,0,0,52.9(0.00 %),0,0,0,0,1460832,44.7
04/07/2023,0,0,52.9(0.00 %),0,0,0,0,1460832,44.7
05/07/2023,0,0,60.8(14.93 %),0,0,0,0,1460832,44.7
06/07/2023,100,6990000,69.9(14.97 %),100,6990000,0,0,1460732,44.7
07/07/2023,0,0,70(0.14 %),0,0,0,0,1460732,44.7
10/07/2023,0,0,64.8(-14.96 %),0,0,0,0,1460732,44.7
11/07/2023,0,0,65(-13.45 %),0,0,0,0,1460732,44.7
12/07/2023,0,0,65(0.00 %),0,0,0,0,1460732,44.7
13/07/2023,0,0,60.2(-7.38 %),0,0,0,0,1460732,44.7
14/07/2023,0,0,68(-3.55 %),0,0,0,0,1460732,44.7
17/07/2023,0,0,68.1(0.15 %),0,0,0,0,1460732,44.7
18/07/2023,0,0,66.1(-14.04 %),0,0,0,0,1460732,44.7
19/07/2023,0,0,75(-14.87 %),0,0,0,0,1460732,44.7
20/07/2023,0,0,75.1(-13.48 %),0,0,0,0,1460732,0.0
21/07/2023,0,0,64.2(-14.51 %),0,0,0,0,1460732,44.7
24/07/2023,0,0,64.2(0.00 %),0,0,0,0,1460732,44.7
25/07/2023,0,0,64.2(0.00 %),0,0,0,0,1460732,44.7
26/07/2023,0,0,64.2(0.00 %),0,0,0,0,1460732,0.0
27/07/2023,0,0,64.2(0.00 %),0,0,0,0,1460732,0.0
28/07/2023,0,0,64.2(0.00 %),0,0,0,0,1460732,0.0
31/07/2023,0,0,64.2(0.00 %),0,0,0,0,1460732,44.7
01/08/2023,0,0,0(0.00 %),0,0,0,0,1460732,44.7
02/08/2023,0,0,0(0.00 %),0,0,0,0,1460732,44.7
03/08/2023,0,0,54.6(-14.95 %),0,0,0,0,1460732,44.7
04/08/2023,0,0,67(0.00 %),0,0,0,0,1460732,44.7
07/08/2023,0,0,57.6(-14.03 %),0,0,0,0,1460732,0.0
08/08/2023,0,0,49(-14.93 %),0,0,0,0,1460732,0.0
09/08/2023,0,0,49(0.00 %),0,0,0,0,1460732,0.0
10/08/2023,0,0,49(0.00 %),0,0,0,0,1460732,0.0
11/08/2023,0,0,49(0.00 %),0,0,0,0,1460732,0.0
14/08/2023,0,0,49(0.00 %),0,0,0,0,1460732,44.7
15/08/2023,0,0,49(0.00 %),0,0,0,0,1460732,44.7
16/08/2023,0,0,49(0.00 %),0,0,0,0,1460732,44.7
17/08/2023,0,0,49(0.00 %),0,0,0,0,1460732,44.7
18/08/2023,0,0,56.3(14.90 %),0,0,0,0,1460732,44.7
21/08/2023,0,0,56.3(0.00 %),0,0,0,0,1460732,44.7
22/08/2023,0,0,56.3(0.00 %),0,0,0,0,1460732,44.7
23/08/2023,0,0,64.7(14.92 %),0,0,0,0,1460732,44.7
24/08/2023,0,0,64.5(-0.31 %),0,0,0,0,1460732,44.7
25/08/2023,0,0,68(5.43 %),0,0,0,0,1460732,44.7
28/08/2023,0,0,66.5(0.00 %),0,0,0,0,1460732,44.7
29/08/2023,0,0,63(-5.26 %),0,0,0,0,1460732,44.7
30/08/2023,0,0,69(7.81 %),0,0,0,0,1460732,44.7
31/08/2023,0,0,78(13.04 %),0,0,0,0,1460732,44.7
05/09/2023,0,0,66.6(-14.62 %),0,0,0,0,1460732,44.7
06/09/2023,0,0,89.2(0.00 %),0,0,0,0,1460732,0.0
07/09/2023,100,8900000,89(-0.22 %),100,8900000,0,0,1460632,44.7
08/09/2023,0,0,89(0.00 %),0,0,0,0,1460632,44.7
11/09/2023,0,0,75.7(-14.94 %),0,0,0,0,1460632,44.7
12/09/2023,0,0,65(-14.13 %),0,0,0,0,1460632,44.7
13/09/2023,-5,-305000,65(-0.76 %),0,0,5,305000,1460632,44.7
14/09/2023,0,0,65.5(0.00 %),0,0,0,0,1460632,44.7
15/09/2023,0,0,65(-0.76 %),0,0,0,0,1460637,44.7
18/09/2023,0,0,65.5(0.00 %),0,0,0,0,1460637,0.0
19/09/2023,0,0,70(6.87 %),0,0,0,0,1460637,0.0
20/09/2023,0,0,60.1(-14.14 %),0,0,0,0,1460637,0.0
21/09/2023,0,0,67.5(-14.77 %),0,0,0,0,1460637,44.7
22/09/2023,0,0,75.8(-14.83 %),0,0,0,0,1460637,44.7
25/09/2023,0,0,89.2(0.00 %),0,0,0,0,1460637,44.7
26/09/2023,0,0,89.2(0.00 %),0,0,0,0,1460637,44.7
27/09/2023,0,0,75.9(-14.91 %),0,0,0,0,1460637,0.0
28/09/2023,0,0,75.9(0.00 %),0,0,0,0,1460637,0.0
29/09/2023,0,0,75.9(0.00 %),0,0,0,0,1460637,44.7
02/10/2023,0,0,75.9(0.00 %),0,0,0,0,1460637,44.7
03/10/2023,0,0,75.9(0.00 %),0,0,0,0,1460637,44.7
04/10/2023,0,0,75.9(0.00 %),0,0,0,0,1460637,44.7
05/10/2023,0,0,75.9(0.00 %),0,0,0,0,1460637,44.7
06/10/2023,0,0,75.9(0.00 %),0,0,0,0,1460637,44.7
09/10/2023,0,0,75.9(0.00 %),0,0,0,0,1460637,44.7
10/10/2023,0,0,75.9(0.00 %),0,0,0,0,1460637,44.7
11/10/2023,0,0,75.9(0.00 %),0,0,0,0,1460637,44.7
12/10/2023,0,0,75.9(0.00 %),0,0,0,0,1460637,44.7
13/10/2023,0,0,75(-1.19 %),0,0,0,0,1460637,44.7
16/10/2023,-2700,-202500000,74(-1.33 %),0,0,2700,202500000,1460637,44.7
17/10/2023,0,0,74.9(0.00 %),0,0,0,0,1460637,44.7
18/10/2023,0,0,74(-1.20 %),0,0,0,0,1463337,44.7
19/10/2023,0,0,74.9(0.00 %),0,0,0,0,1463337,44.7
20/10/2023,0,0,78.5(4.81 %),0,0,0,0,1463337,44.7
23/10/2023,0,0,78.5(0.00 %),0,0,0,0,1463337,44.7
24/10/2023,0,0,67.1(-14.52 %),0,0,0,0,1463337,0.0
25/10/2023,0,0,89.5(0.00 %),0,0,0,0,1463337,44.7
26/10/2023,0,0,76.2(-14.86 %),0,0,0,0,1463337,44.7
27/10/2023,0,0,68.3(-14.84 %),0,0,0,0,1463337,44.7
30/10/2023,0,0,58.1(-14.93 %),0,0,0,0,1463337,44.7
31/10/2023,0,0,50.1(-13.77 %),0,0,0,0,1463337,44.7
01/11/2023,0,0,50.1(0.00 %),0,0,0,0,1463337,44.7
02/11/2023,0,0,50.1(0.00 %),0,0,0,0,1463337,44.7
03/11/2023,0,0,57.6(14.97 %),0,0,0,0,1463337,44.7
06/11/2023,0,0,66.2(14.93 %),0,0,0,0,1463337,44.7
07/11/2023,0,0,76.1(14.95 %),0,0,0,0,1463337,0.0
08/11/2023,0,0,78.4(14.96 %),0,0,0,0,1463337,44.7
09/11/2023,0,0,78.4(0.00 %),0,0,0,0,1463337,44.7
10/11/2023,0,0,79(0.77 %),0,0,0,0,1463337,44.7
13/11/2023,0,0,78.6(0.00 %),0,0,0,0,1463337,44.7
14/11/2023,0,0,78.6(0.00 %),0,0,0,0,1463337,4.47
15/11/2023,0,0,66.9(-14.89 %),0,0,0,0,1463337,44.7
16/11/2023,0,0,56.9(-14.95 %),0,0,0,0,1463337,0.0
17/11/2023,0,0,56.9(0.00 %),0,0,0,0,1463337,44.7
20/11/2023,0,0,56.9(0.00 %),0,0,0,0,1463337,44.7
21/11/2023,0,0,65.4(14.94 %),0,0,0,0,1463337,44.7
22/11/2023,0,0,75.2(14.98 %),0,0,0,0,1463337,44.7
23/11/2023,0,0,78.3(4.12 %),0,0,0,0,1463337,0.0
24/11/2023,0,0,78.3(0.00 %),0,0,0,0,1463337,0.0
27/11/2023,0,0,78.3(0.00 %),0,0,0,0,1463337,0.0
28/11/2023,0,0,66.7(-14.81 %),0,0,0,0,1463337,0.0
29/11/2023,0,0,75.6(-14.96 %),0,0,0,0,1463337,0.0
30/11/2023,-100,-7890000,78.9(4.37 %),0,0,100,7890000,1463437,0.0
01/12/2023,0,0,78.9(0.00 %),0,0,0,0,1463337,0.0
04/12/2023,0,0,78.9(0.00 %),0,0,0,0,1463337,0.0
05/12/2023,0,0,67.2(-14.83 %),0,0,0,0,1463337,0.0
06/12/2023,0,0,67.2(0.00 %),0,0,0,0,1463337,0.0
07/12/2023,0,0,67.2(0.00 %),0,0,0,0,1463337,0.0
08/12/2023,0,0,67.2(0.00 %),0,0,0,0,1463337,0.0
11/12/2023,0,0,67.2(0.00 %),0,0,0,0,1463337,0.0
12/12/2023,0,0,67.2(0.00 %),0,0,0,0,1463337,0.0
13/12/2023,0,0,67.2(0.00 %),0,0,0,0,1463337,0.0
14/12/2023,0,0,67.2(0.00 %),0,0,0,0,1463337,0.0
15/12/2023,0,0,67.2(0.00 %),0,0,0,0,1463337,0.0
18/12/2023,0,0,67.2(0.00 %),0,0,0,0,1463337,0.0
19/12/2023,0,0,67.2(0.00 %),0,0,0,0,1463337,0.0
20/12/2023,0,0,67.2(0.00 %),0,0,0,0,1463437,0.0
21/12/2023,0,0,67.2(0.00 %),0,0,0,0,1463437,0.0
22/12/2023,0,0,67.2(0.00 %),0,0,0,0,1463437,0.0
25/12/2023,0,0,67.2(0.00 %),0,0,0,0,1463437,0.0
26/12/2023,0,0,67.2(0.00 %),0,0,0,0,1463437,44.7
27/12/2023,0,0,77.2(14.88 %),0,0,0,0,1463437,0.0
28/12/2023,0,0,65.9(-14.64 %),0,0,0,0,1463437,0.0
29/12/2023,0,0,74.6(-14.35 %),0,0,0,0,1463437,44.7
02/01/2024,0,0,80.8(-14.95 %),0,0,0,0,1463437,44.7
03/01/2024,0,0,80.8(0.00 %),0,0,0,0,1463437,0.0
04/01/2024,0,0,80.8(0.00 %),0,0,0,0,1463437,0.0
05/01/2024,0,0,80.8(0.00 %),0,0,0,0,1463437,0.0
08/01/2024,0,0,80.8(0.00 %),0,0,0,0,1463437,0.0
09/01/2024,0,0,80.8(0.00 %),0,0,0,0,1463437,44.7
10/01/2024,0,0,68.8(-14.85 %),0,0,0,0,1463437,44.7
11/01/2024,0,0,58.6(-14.83 %),0,0,0,0,1463437,44.7
12/01/2024,0,0,58.6(0.00 %),0,0,0,0,1463437,0.0
15/01/2024,0,0,58.6(0.00 %),0,0,0,0,1463437,44.7
16/01/2024,0,0,58.9(0.51 %),0,0,0,0,1463437,44.7
17/01/2024,0,0,59(0.00 %),0,0,0,0,1463437,44.7
18/01/2024,0,0,67.8(14.92 %),0,0,0,0,1463437,0.0
19/01/2024,0,0,59.3(-12.54 %),0,0,0,0,1463437,0.0
22/01/2024,0,0,70.1(-6.66 %),0,0,0,0,1463437,0.0
23/01/2024,0,0,85(0.00 %),0,0,0,0,1463437,0.0
24/01/2024,0,0,72.3(-14.94 %),0,0,0,0,1463437,0.0
25/01/2024,0,0,83.1(14.94 %),0,0,0,0,1463437,0.0
26/01/2024,0,0,71.1(-14.44 %),0,0,0,0,1463437,0.0
29/01/2024,0,0,85(-6.70 %),0,0,0,0,1463437,44.7
30/01/2024,0,0,72.6(-14.59 %),0,0,0,0,1463437,44.7
31/01/2024,0,0,97.2(0.00 %),0,0,0,0,1463437,44.7
01/02/2024,0,0,97.2(0.00 %),0,0,0,0,1463437,0.0
02/02/2024,0,0,97.2(0.00 %),0,0,0,0,1463437,44.7
05/02/2024,0,0,82.7(-14.92 %),0,0,0,0,1463437,0.0
06/02/2024,0,0,70.4(-14.87 %),0,0,0,0,1463437,44.7
07/02/2024,0,0,70.4(0.00 %),0,0,0,0,1463437,44.7
15/02/2024,0,0,70.4(0.00 %),0,0,0,0,1463437,44.7
16/02/2024,0,0,60.2(-14.49 %),0,0,0,0,1463437,44.7
19/02/2024,0,0,52.5(-12.79 %),0,0,0,0,1463437,44.7
20/02/2024,0,0,52.5(0.00 %),0,0,0,0,1463437,44.7
21/02/2024,0,0,52.5(0.00 %),0,0,0,0,1463437,44.7
22/02/2024,0,0,52.5(0.00 %),0,0,0,0,1463437,44.7
23/02/2024,0,0,52.5(0.00 %),0,0,0,0,1463437,0.0
26/02/2024,-1800,-92700000,51.5(-1.90 %),0,0,1800,92700000,1463437,44.7
27/02/2024,0,0,51.5(0.00 %),0,0,0,0,1463437,0.0
28/02/2024,0,0,59.2(14.95 %),0,0,0,0,1463437,0.0
29/02/2024,0,0,68(14.86 %),0,0,0,0,1465237,44.69
01/03/2024,0,0,74.9(14.88 %),0,0,0,0,1465237,0.0
04/03/2024,0,0,64.1(-14.42 %),0,0,0,0,1465237,0.0
05/03/2024,0,0,87(3.57 %),0,0,0,0,1465237,44.69
06/03/2024,0,0,87(0.00 %),0,0,0,0,1465237,0.0
07/03/2024,0,0,87(0.00 %),0,0,0,0,1465237,0.0
08/03/2024,0,0,87(0.00 %),0,0,0,0,1465237,0.0
11/03/2024,0,0,87(0.00 %),0,0,0,0,1465237,0.0
12/03/2024,0,0,87(0.00 %),0,0,0,0,1465237,44.69
13/03/2024,0,0,87(0.00 %),0,0,0,0,1465237,44.69
14/03/2024,0,0,74(-14.94 %),0,0,0,0,1465237,0.0
15/03/2024,0,0,63.1(-14.73 %),0,0,0,0,1465237,0.0
18/03/2024,0,0,63.1(0.00 %),0,0,0,0,1465237,44.69
19/03/2024,0,0,63.1(0.00 %),0,0,0,0,1465237,44.69
20/03/2024,0,0,54.3(-13.95 %),0,0,0,0,1465237,0.0
21/03/2024,0,0,54.3(0.00 %),0,0,0,0,1465237,0.0
22/03/2024,0,0,54.3(0.00 %),0,0,0,0,1465237,0.0
25/03/2024,0,0,54.3(0.00 %),0,0,0,0,1465237,44.69
26/03/2024,0,0,54.3(0.00 %),0,0,0,0,1465237,0.0
27/03/2024,0,0,54.3(0.00 %),0,0,0,0,1465237,44.69
28/03/2024,0,0,54.3(0.00 %),0,0,0,0,1465237,44.69
29/03/2024,0,0,54.3(0.00 %),0,0,0,0,1465237,44.69
01/04/2024,0,0,62.4(14.92 %),0,0,0,0,1465237,44.69
02/04/2024,0,0,62.4(0.00 %),0,0,0,0,1465237,0.0
03/04/2024,0,0,71.7(14.90 %),0,0,0,0,1465237,44.69
04/04/2024,0,0,63.6(-11.30 %),0,0,0,0,1465237,0.0
05/04/2024,0,0,81.1(0.00 %),0,0,0,0,1465237,44.69
08/04/2024,0,0,81.1(-12.51 %),0,0,0,0,1465237,0.0
09/04/2024,0,0,80.2(-13.48 %),0,0,0,0,1465237,0.0
10/04/2024,0,0,104.9(0.00 %),0,0,0,0,1465237,0.0
11/04/2024,0,0,89.3(-14.87 %),0,0,0,0,1465237,44.69
12/04/2024,0,0,89.3(0.00 %),0,0,0,0,1465237,44.69
15/04/2024,0,0,76.8(-14.00 %),0,0,0,0,1465237,0.0
16/04/2024,0,0,65.8(-14.32 %),0,0,0,0,1465237,0.0
17/04/2024,0,0,60.4(-8.21 %),0,0,0,0,1465237,0.0
19/04/2024,0,0,60.4(0.00 %),0,0,0,0,1465237,0.0
22/04/2024,0,0,60.4(0.00 %),0,0,0,0,1465237,44.69
23/04/2024,0,0,60.4(0.00 %),0,0,0,0,1465237,44.69
24/04/2024,0,0,60.4(0.00 %),0,0,0,0,1465237,0.0
25/04/2024,0,0,60.4(0.00 %),0,0,0,0,1465237,0.0
26/04/2024,-20,-1211200,60.4(0.00 %),0,0,20,1211200,1465237,44.69
02/05/2024,0,0,60.4(0.00 %),0,0,0,0,1465237,44.69
03/05/2024,0,0,60.4(0.00 %),0,0,0,0,1465257,44.69
06/05/2024,0,0,60.4(0.00 %),0,0,0,0,1465257,44.69
07/05/2024,0,0,60.4(0.00 %),0,0,0,0,1465257,44.69
08/05/2024,0,0,60.4(0.00 %),0,0,0,0,1465257,44.69
09/05/2024,0,0,60.4(0.00 %),0,0,0,0,1465257,44.69
10/05/2024,0,0,60.4(0.00 %),0,0,0,0,1465257,44.69
13/05/2024,0,0,60.4(0.00 %),0,0,0,0,1465257,44.69
14/05/2024,0,0,60.4(0.00 %),0,0,0,0,1465257,0.0
15/05/2024,0,0,60.4(0.00 %),0,0,0,0,1465257,0.0
16/05/2024,-95,-5747000,60.4(0.00 %),0,0,95,5747000,1465257,0.0
17/05/2024,0,0,60.4(0.00 %),0,0,0,0,1465257,44.69
20/05/2024,0,0,60.4(0.00 %),0,0,0,0,1465352,44.69
21/05/2024,0,0,69.4(14.90 %),0,0,0,0,1465352,44.69
22/05/2024,0,0,69.4(0.00 %),0,0,0,0,1465352,44.69
23/05/2024,0,0,79.8(14.99 %),0,0,0,0,1465352,44.69
24/05/2024,0,0,79.8(0.00 %),0,0,0,0,1465352,0.0
27/05/2024,0,0,79.8(0.00 %),0,0,0,0,1465352,44.69
28/05/2024,0,0,79.8(0.00 %),0,0,0,0,1465352,44.69
29/05/2024,0,0,79.8(0.00 %),0,0,0,0,1465352,44.69
30/05/2024,0,0,79.8(0.00 %),0,0,0,0,1465352,44.69
31/05/2024,0,0,79.8(0.00 %),0,0,0,0,1465352,44.69
03/06/2024,0,0,79(0.00 %),0,0,0,0,1465352,0.0
04/06/2024,0,0,79(0.00 %),0,0,0,0,1465352,0.0
05/06/2024,0,0,79(0.00 %),0,0,0,0,1465352,0.0
06/06/2024,0,0,79.8(1.01 %),0,0,0,0,1465352,44.69
07/06/2024,0,0,79(0.00 %),0,0,0,0,1465352,44.69
10/06/2024,0,0,79(0.00 %),0,0,0,0,1465352,0.0
11/06/2024,0,0,79(0.00 %),0,0,0,0,1465352,0.0
12/06/2024,0,0,79(0.00 %),0,0,0,0,1465352,44.69
13/06/2024,0,0,79(0.00 %),0,0,0,0,1465352,0.0
14/06/2024,0,0,79(0.00 %),0,0,0,0,1465352,44.69
17/06/2024,0,0,79.8(1.01 %),0,0,0,0,1465352,44.69
18/06/2024,0,0,79(0.00 %),0,0,0,0,1465352,44.69
19/06/2024,0,0,79(0.00 %),0,0,0,0,1465352,44.69
20/06/2024,0,0,79(0.00 %),0,0,0,0,1465352,44.69
21/06/2024,0,0,79(0.00 %),0,0,0,0,1465352,44.69
24/06/2024,0,0,79.8(1.01 %),0,0,0,0,1465352,44.69
25/06/2024,0,0,79(0.00 %),0,0,0,0,1465352,44.69
26/06/2024,0,0,79(0.00 %),0,0,0,0,1465352,44.69
27/06/2024,0,0,79(0.00 %),0,0,0,0,1465352,44.69
28/06/2024,0,0,79(0.00 %),0,0,0,0,1465352,44.69
03/07/2024,0,0,79(0.00 %),0,0,0,0,1465352,0.0
04/07/2024,0,0,79(0.00 %),0,0,0,0,1465352,0.0
05/07/2024,0,0,79(0.00 %),0,0,0,0,1465352,0.0
08/07/2024,0,0,79(0.00 %),0,0,0,0,1465352,0.0
09/07/2024,0,0,79(0.00 %),0,0,0,0,1465352,0.0
10/07/2024,0,0,79(0.00 %),0,0,0,0,1465352,0.0
11/07/2024,0,0,79(0.00 %),0,0,0,0,1465352,0.0
12/07/2024,0,0,79(0.00 %),0,0,0,0,1465352,0.0
15/07/2024,0,0,79(0.00 %),0,0,0,0,1465352,0.0
16/07/2024,0,0,79(0.00 %),0,0,0,0,1465352,0.0
17/07/2024,0,0,79(0.00 %),0,0,0,0,1465352,0.0
18/07/2024,0,0,79(0.00 %),0,0,0,0,1465352,0.0
19/07/2024,0,0,79(0.00 %),0,0,0,0,1465352,0.0
22/07/2024,0,0,79(0.00 %),0,0,0,0,1465352,0.0
23/07/2024,0,0,79(0.00 %),0,0,0,0,1465352,0.0
24/07/2024,0,0,79(0.00 %),0,0,0,0,1465352,0.0
25/07/2024,0,0,79(0.00 %),0,0,0,0,1465352,0.0
26/07/2024,0,0,79(0.00 %),0,0,0,0,1465352,0.0
29/07/2024,0,0,79(0.00 %),0,0,0,0,1465352,0.0
30/07/2024,0,0,79(0.00 %),0,0,0,0,1465352,0.0
31/07/2024,0,0,79(0.00 %),0,0,0,0,1465352,0.0
01/08/2024,0,0,79(0.00 %),0,0,0,0,1465352,0.0
02/08/2024,0,0,79(0.00 %),0,0,0,0,1465352,0.0
05/08/2024,0,0,79(0.00 %),0,0,0,0,1465352,0.0
06/08/2024,0,0,79(0.00 %),0,0,0,0,1465352,0.0
07/08/2024,0,0,79(0.00 %),0,0,0,0,1465352,0.0
08/08/2024,0,0,79(0.00 %),0,0,0,0,1465352,0.0
09/08/2024,0,0,79(0.00 %),0,0,0,0,1465352,0.0
12/08/2024,0,0,79(0.00 %),0,0,0,0,1465352,0.0
13/08/2024,0,0,47.6(-39.75 %),0,0,0,0,1465352,0.0
14/08/2024,0,0,72.8(0.00 %),0,0,0,0,1465352,0.0
15/08/2024,0,0,72.8(0.00 %),0,0,0,0,1465352,0.0
16/08/2024,0,0,72.8(0.00 %),0,0,0,0,1465352,0.0
19/08/2024,0,0,72.8(0.00 %),0,0,0,0,1465352,0.0
20/08/2024,0,0,72.8(0.00 %),0,0,0,0,1465352,0.0
21/08/2024,-100,-6210000,83.7(14.97 %),0,0,100,6210000,1465452,0.0
22/08/2024,0,0,77.6(14.96 %),0,0,0,0,1465452,0.0
23/08/2024,0,0,66.6(-14.18 %),0,0,0,0,1465452,0.0
26/08/2024,0,0,96(13.34 %),0,0,0,0,1465452,0.0
27/08/2024,0,0,81.7(-14.90 %),0,0,0,0,1465452,0.0
28/08/2024,0,0,81.7(-22.04 %),0,0,0,0,1465452,0.0
29/08/2024,0,0,89.2(-14.89 %),0,0,0,0,1465452,0.0
30/08/2024,0,0,115(1.41 %),0,0,0,0,1465452,0.0
04/09/2024,0,0,105(-3.49 %),0,0,0,0,1465452,0.0
05/09/2024,0,0,103(0.10 %),0,0,0,0,1465452,0.0
06/09/2024,0,0,109.3(0.00 %),0,0,0,0,1465452,0.0
09/09/2024,0,0,95(-13.08 %),0,0,0,0,1465452,0.0
10/09/2024,0,0,95.1(0.11 %),0,0,0,0,1465452,0.0
11/09/2024,0,0,91.6(-14.07 %),0,0,0,0,1465452,0.0
12/09/2024,0,0,91.6(-22.77 %),0,0,0,0,1465452,0.0
13/09/2024,0,0,100.9(-14.92 %),0,0,0,0,1465452,0.0
16/09/2024,0,0,100.9(0.00 %),0,0,0,0,1465452,0.0
17/09/2024,0,0,86.8(-13.97 %),0,0,0,0,1465452,0.0
18/09/2024,0,0,86.8(-19.03 %),0,0,0,0,1465452,0.0
19/09/2024,0,0,86.8(-19.03 %),0,0,0,0,1465452,0.0
20/09/2024,0,0,110(2.61 %),0,0,0,0,1465452,0.0
23/09/2024,0,0,110(-9.17 %),0,0,0,0,1465452,0.0
24/09/2024,0,0,121.1(0.00 %),0,0,0,0,1465452,0.0
25/09/2024,0,0,121.1(0.00 %),0,0,0,0,1465452,0.0
26/09/2024,0,0,110(5.36 %),0,0,0,0,1465452,0.0
27/09/2024,0,0,110(2.90 %),0,0,0,0,1465452,0.0
30/09/2024,0,0,110(0.00 %),0,0,0,0,1465452,0.0
01/10/2024,0,0,110(0.00 %),0,0,0,0,1465452,0.0
02/10/2024,0,0,101(-14.77 %),0,0,0,0,1465452,0.0
03/10/2024,0,0,101.1(0.10 %),0,0,0,0,1465452,0.0
04/10/2024,0,0,104.8(0.00 %),0,0,0,0,1465452,0.0
07/10/2024,0,0,105.3(0.00 %),0,0,0,0,1465452,0.0
08/10/2024,0,0,105.3(0.00 %),0,0,0,0,1465452,0.0
09/10/2024,0,0,105.3(0.00 %),0,0,0,0,1465452,0.0
10/10/2024,0,0,105.3(0.00 %),0,0,0,0,1465452,0.0
11/10/2024,0,0,105.3(0.00 %),0,0,0,0,1465452,0.0
14/10/2024,0,0,105.3(0.00 %),0,0,0,0,1465452,0.0
15/10/2024,0,0,105.3(0.00 %),0,0,0,0,1465452,0.0
16/10/2024,0,0,105.3(0.00 %),0,0,0,0,1465452,0.0
17/10/2024,0,0,105.3(0.00 %),0,0,0,0,1465452,0.0
18/10/2024,0,0,105.3(0.00 %),0,0,0,0,1465452,0.0
21/10/2024,0,0,105.3(0.00 %),0,0,0,0,1465452,0.0
22/10/2024,0,0,105.3(0.00 %),0,0,0,0,1465452,0.0
23/10/2024,0,0,105.3(0.00 %),0,0,0,0,1465452,0.0
24/10/2024,0,0,105.3(0.00 %),0,0,0,0,1465452,0.0
25/10/2024,0,0,105.3(0.00 %),0,0,0,0,1465452,0.0
28/10/2024,0,0,105.3(0.00 %),0,0,0,0,1465452,0.0
29/10/2024,0,0,105.3(0.00 %),0,0,0,0,1465452,0.0
30/10/2024,0,0,105.3(0.00 %),0,0,0,0,1465452,0.0
31/10/2024,0,0,89.6(-14.91 %),0,0,0,0,1465452,0.0
01/11/2024,0,0,104.6(0.00 %),0,0,0,0,1465452,0.0
04/11/2024,0,0,104.6(0.00 %),0,0,0,0,1465452,0.0
05/11/2024,0,0,104.6(0.00 %),0,0,0,0,1465452,0.0
06/11/2024,0,0,104.6(0.00 %),0,0,0,0,1465452,0.0
07/11/2024,0,0,104.6(0.00 %),0,0,0,0,1465452,0.0
08/11/2024,0,0,104.6(0.00 %),0,0,0,0,1465452,0.0
11/11/2024,0,0,104.6(0.00 %),0,0,0,0,1465452,0.0
12/11/2024,0,0,104.6(0.00 %),0,0,0,0,1465452,44.69
13/11/2024,0,0,104.6(0.00 %),0,0,0,0,1465452,0.0
14/11/2024,0,0,104.6(0.00 %),0,0,0,0,1465452,0.0
15/11/2024,0,0,104.6(0.00 %),0,0,0,0,1465452,0.0
18/11/2024,0,0,89.6(-14.34 %),0,0,0,0,1465452,0.0
19/11/2024,0,0,104.6(0.00 %),0,0,0,0,1465452,0.0
20/11/2024,0,0,104.6(0.00 %),0,0,0,0,1465452,0.0
21/11/2024,0,0,104.6(0.00 %),0,0,0,0,1465452,0.0
22/11/2024,0,0,89.6(-14.34 %),0,0,0,0,1465452,0.0
25/11/2024,0,0,89.6(-14.34 %),0,0,0,0,1465452,44.69
26/11/2024,0,0,104.6(0.00 %),0,0,0,0,1465452,44.69
27/11/2024,0,0,104.6(0.00 %),0,0,0,0,1465452,44.69
28/11/2024,0,0,104.6(0.00 %),0,0,0,0,1465452,44.69
29/11/2024,0,0,104.6(0.00 %),0,0,0,0,1465452,44.69
02/12/2024,0,0,0(0.00 %),0,0,0,0,1465452,44.69
03/12/2024,0,0,0(0.00 %),0,0,0,0,1465452,44.69
04/12/2024,0,0,0(0.00 %),0,0,0,0,1465452,44.69
05/12/2024,0,0,0(0.00 %),0,0,0,0,1465452,44.69
09/12/2024,0,0,104.6(0.00 %),0,0,0,0,1465452,44.69
10/12/2024,0,0,104.6(0.00 %),0,0,0,0,1465452,44.69
16/12/2024,0,0,104.6(0.00 %),0,0,0,0,1465452,44.69
17/12/2024,0,0,104.6(0.00 %),0,0,0,0,1465452,44.69
18/12/2024,0,0,104.6(0.00 %),0,0,0,0,1465452,44.69
19/12/2024,0,0,104.6(0.00 %),0,0,0,0,1465452,44.69
20/12/2024,0,0,104.6(0.00 %),0,0,0,0,1465452,44.69
24/12/2024,0,0,103(-1.53 %),0,0,0,0,1465452,44.69
25/12/2024,0,0,103(0.00 %),0,0,0,0,1465452,44.69
26/12/2024,0,0,103(0.00 %),0,0,0,0,1465452,44.69
27/12/2024,0,0,103(0.00 %),0,0,0,0,1465452,44.69
30/12/2024,0,0,103(0.00 %),0,0,0,0,1465452,44.69
31/12/2024,0,0,103(0.00 %),0,0,0,0,1465452,44.69
02/01/2025,0,0,98.1(0.00 %),0,0,0,0,1465452,44.69
03/01/2025,0,0,91(-0.33 %),0,0,0,0,1465452,44.69
06/01/2025,0,0,89.1(0.00 %),0,0,0,0,1465452,44.69
07/01/2025,0,0,89.1(0.00 %),0,0,0,0,1465452,0.0
08/01/2025,0,0,89.1(0.00 %),0,0,0,0,1465452,44.69
09/01/2025,0,0,89.2(0.11 %),0,0,0,0,1465452,44.69
10/01/2025,0,0,89.2(0.00 %),0,0,0,0,1465452,44.69
13/01/2025,0,0,89.2(0.00 %),0,0,0,0,1465452,44.69
14/01/2025,0,0,89.2(0.00 %),0,0,0,0,1465452,44.69
15/01/2025,0,0,89.2(0.00 %),0,0,0,0,1465452,44.69
16/01/2025,0,0,89.2(0.00 %),0,0,0,0,1465452,0.0
17/01/2025,0,0,89.2(0.00 %),0,0,0,0,1465452,44.69
20/01/2025,0,0,89.2(0.00 %),0,0,0,0,1465452,44.69
21/01/2025,0,0,89.2(0.00 %),0,0,0,0,1465452,44.69
22/01/2025,0,0,89.2(0.00 %),0,0,0,0,1465452,44.69
23/01/2025,0,0,89.2(0.00 %),0,0,0,0,1465452,44.69
24/01/2025,0,0,89.5(0.34 %),0,0,0,0,1465452,44.69
03/02/2025,0,0,0(0.00 %),0,0,0,0,1465452,44.69
04/02/2025,0,0,102.9(14.97 %),0,0,0,0,1465452,44.69
05/02/2025,0,0,102.9(0.00 %),0,0,0,0,1465452,44.69
06/02/2025,0,0,102.9(0.00 %),0,0,0,0,1465452,44.69
07/02/2025,0,0,102.9(0.00 %),0,0,0,0,1465452,44.69
10/02/2025,0,0,102.9(0.00 %),0,0,0,0,1465452,44.69
11/02/2025,0,0,102.9(0.00 %),0,0,0,0,1465452,44.69
12/02/2025,0,0,102.9(0.00 %),0,0,0,0,1465452,44.69
13/02/2025,0,0,102.9(0.00 %),0,0,0,0,1465452,44.69
14/02/2025,0,0,100(-2.82 %),0,0,0,0,1465452,44.69
17/02/2025,0,0,100(0.00 %),0,0,0,0,1465452,44.69
18/02/2025,0,0,85.5(-14.50 %),0,0,0,0,1465452,44.69
19/02/2025,0,0,103.6(0.00 %),0,0,0,0,1465452,44.69
20/02/2025,0,0,90.4(0.00 %),0,0,0,0,1465452,44.69
21/02/2025,0,0,90.4(0.00 %),0,0,0,0,1465452,44.69
24/02/2025,0,0,90.4(0.00 %),0,0,0,0,1465452,44.69
25/02/2025,0,0,90.4(0.00 %),0,0,0,0,1465452,44.69
26/02/2025,0,0,90.4(0.00 %),0,0,0,0,1465452,44.69
27/02/2025,0,0,103.6(14.60 %),0,0,0,0,1465452,44.69
28/02/2025,0,0,90.4(0.00 %),0,0,0,0,1465452,44.69
03/03/2025,0,0,90(0.00 %),0,0,0,0,1465452,44.69
04/03/2025,0,0,90.4(0.44 %),0,0,0,0,1465452,44.69
05/03/2025,0,0,90(0.00 %),0,0,0,0,1465452,44.69
06/03/2025,0,0,90(0.00 %),0,0,0,0,1465452,44.69
07/03/2025,0,0,90(0.00 %),0,0,0,0,1465452,44.69
10/03/2025,0,0,90(0.00 %),0,0,0,0,1465452,44.69
11/03/2025,0,0,90(0.00 %),0,0,0,0,1465452,44.69
12/03/2025,0,0,90(0.00 %),0,0,0,0,1465452,44.69
13/03/2025,0,0,90.4(0.44 %),0,0,0,0,1465452,44.69
14/03/2025,0,0,90(0.00 %),0,0,0,0,1465452,44.69
17/03/2025,0,0,0(0.00 %),0,0,0,0,1465452,44.69
18/03/2025,0,0,90(0.00 %),0,0,0,0,1465452,44.69
19/03/2025,0,0,90(0.00 %),0,0,0,0,1465452,44.69
20/03/2025,0,0,90(0.00 %),0,0,0,0,1465452,44.69
21/03/2025,0,0,90(0.00 %),0,0,0,0,1465452,44.69
24/03/2025,0,0,77(-14.44 %),0,0,0,0,1465452,44.69
25/03/2025,0,0,77(0.00 %),0,0,0,0,1465452,44.69
26/03/2025,0,0,88.5(14.94 %),0,0,0,0,1465452,44.69
27/03/2025,0,0,88.5(0.00 %),0,0,0,0,1465452,44.69
28/03/2025,0,0,88.5(0.00 %),0,0,0,0,1465452,44.69
31/03/2025,0,0,88.5(0.00 %),0,0,0,0,1465452,44.69
01/04/2025,0,0,88.5(0.00 %),0,0,0,0,1465452,44.69
02/04/2025,0,0,88.5(0.00 %),0,0,0,0,1465452,44.69
03/04/2025,0,0,88.5(0.00 %),0,0,0,0,1465452,44.69
04/04/2025,0,0,88.5(0.00 %),0,0,0,0,1465452,44.69
08/04/2025,0,0,88.5(0.00 %),0,0,0,0,1465452,44.69
09/04/2025,0,0,88.5(0.00 %),0,0,0,0,1465452,44.69
10/04/2025,0,0,88.5(0.00 %),0,0,0,0,1465452,44.69
11/04/2025,0,0,88.5(0.00 %),0,0,0,0,1465452,44.69
14/04/2025,0,0,88.5(0.00 %),0,0,0,0,1465452,44.69
15/04/2025,0,0,88.5(0.00 %),0,0,0,0,1465452,44.69
16/04/2025,0,0,101.5(14.69 %),0,0,0,0,1465452,44.69
17/04/2025,0,0,101.5(0.00 %),0,0,0,0,1465452,44.69
18/04/2025,0,0,101.5(0.00 %),0,0,0,0,1465452,44.69
21/04/2025,0,0,101.5(0.00 %),0,0,0,0,1465452,44.69
22/04/2025,0,0,101.5(0.00 %),0,0,0,0,1465452,44.69
23/04/2025,0,0,101.5(0.00 %),0,0,0,0,1465452,44.69
24/04/2025,0,0,101.5(0.00 %),0,0,0,0,1465452,44.69
25/04/2025,0,0,101.5(0.00 %),0,0,0,0,1465452,44.69
28/04/2025,0,0,101.5(0.00 %),0,0,0,0,1465452,44.69
29/04/2025,0,0,101.5(0.00 %),0,0,0,0,1465452,44.69
05/05/2025,0,0,101.5(0.00 %),0,0,0,0,1465452,44.69
06/05/2025,0,0,101.5(0.00 %),0,0,0,0,1465452,44.69
07/05/2025,0,0,101.5(0.00 %),0,0,0,0,1465452,44.69
08/05/2025,0,0,101.5(0.00 %),0,0,0,0,1465452,44.69
09/05/2025,0,0,101.5(0.00 %),0,0,0,0,1465452,44.69
12/05/2025,0,0,101.5(0.00 %),0,0,0,0,1465452,44.69
13/05/2025,0,0,101.5(0.00 %),0,0,0,0,1465452,44.69
14/05/2025,0,0,101.5(0.00 %),0,0,0,0,1465452,44.69
15/05/2025,0,0,101.5(0.00 %),0,0,0,0,1465452,44.69
16/05/2025,0,0,95(-6.40 %),0,0,0,0,1465452,44.69
19/05/2025,0,0,95(0.00 %),0,0,0,0,1465452,44.69
20/05/2025,0,0,95(0.00 %),0,0,0,0,1465452,44.69
21/05/2025,0,0,95(0.00 %),0,0,0,0,1465452,44.69
22/05/2025,0,0,95(0.00 %),0,0,0,0,1465452,44.69
23/05/2025,0,0,108(13.68 %),0,0,0,0,1465452,44.69
26/05/2025,0,0,108(0.00 %),0,0,0,0,1465452,44.69
27/05/2025,0,0,108(0.00 %),0,0,0,0,1465452,44.69
28/05/2025,0,0,108(0.00 %),0,0,0,0,1465452,44.69
29/05/2025,0,0,108(0.00 %),0,0,0,0,1465452,44.69
30/05/2025,0,0,108(0.00 %),0,0,0,0,1465452,44.69
02/06/2025,0,0,108(0.00 %),0,0,0,0,1465452,44.69
03/06/2025,0,0,108(0.00 %),0,0,0,0,1465452,44.69
04/06/2025,0,0,108(0.00 %),0,0,0,0,1465452,44.69
05/06/2025,0,0,108(0.00 %),0,0,0,0,1465452,44.69
06/06/2025,0,0,108(0.00 %),0,0,0,0,1465452,44.69
09/06/2025,0,0,108(0.00 %),0,0,0,0,1465452,44.69
10/06/2025,0,0,108(0.00 %),0,0,0,0,1465452,44.69
11/06/2025,0,0,108(0.00 %),0,0,0,0,1465452,44.69
12/06/2025,0,0,108(0.00 %),0,0,0,0,1465452,44.69
13/06/2025,0,0,108(0.00 %),0,0,0,0,1465452,44.69
16/06/2025,0,0,108(0.00 %),0,0,0,0,1465452,44.69
17/06/2025,0,0,108(0.00 %),0,0,0,0,1465452,44.69
18/06/2025,0,0,108(0.00 %),0,0,0,0,1465452,44.69
19/06/2025,0,0,108(0.00 %),0,0,0,0,1465452,44.69
20/06/2025,0,0,108(0.00 %),0,0,0,0,1465452,44.69
23/06/2025,0,0,108(0.00 %),0,0,0,0,1465452,44.69
24/06/2025,0,0,108(0.00 %),0,0,0,0,1465452,44.69
25/06/2025,0,0,108(0.00 %),0,0,0,0,1465452,44.69
26/06/2025,0,0,108(0.00 %),0,0,0,0,1465452,44.69
27/06/2025,0,0,107.2(0.00 %),0,0,0,0,1465452,44.69
30/06/2025,0,0,107.2(0.00 %),0,0,0,0,1465452,44.69
01/07/2025,0,0,107.2(0.00 %),0,0,0,0,1465452,44.69
02/07/2025,0,0,107.2(0.00 %),0,0,0,0,1465452,44.69
03/07/2025,0,0,107.2(0.00 %),0,0,0,0,1465452,44.69
04/07/2025,0,0,107.2(0.00 %),0,0,0,0,1465452,44.69
07/07/2025,0,0,107.2(0.00 %),0,0,0,0,1465452,44.69
08/07/2025,0,0,107.2(0.00 %),0,0,0,0,1465452,44.69
09/07/2025,0,0,107.2(0.00 %),0,0,0,0,1465452,44.69
10/07/2025,0,0,107.2(0.00 %),0,0,0,0,1465452,44.69
11/07/2025,0,0,107.2(0.00 %),0,0,0,0,1465452,44.69
14/07/2025,0,0,107.2(0.00 %),0,0,0,0,1465452,44.69
15/07/2025,0,0,107.2(0.00 %),0,0,0,0,1465452,44.69
16/07/2025,0,0,107.2(0.00 %),0,0,0,0,1465452,44.69
17/07/2025,0,0,107.2(0.00 %),0,0,0,0,1465452,44.69
18/07/2025,0,0,91.2(-14.93 %),0,0,0,0,1465452,44.69
21/07/2025,0,0,91.2(0.00 %),0,0,0,0,1465452,44.69
22/07/2025,0,0,103.9(13.93 %),0,0,0,0,1465452,44.69
23/07/2025,0,0,103.9(0.00 %),0,0,0,0,1465452,44.69
24/07/2025,0,0,103.9(0.00 %),0,0,0,0,1465452,44.69
25/07/2025,0,0,90(-13.38 %),0,0,0,0,1465452,44.69
28/07/2025,0,0,103(14.44 %),0,0,0,0,1465452,44.69
29/07/2025,0,0,103(0.00 %),0,0,0,0,1465452,44.69
30/07/2025,0,0,103(0.00 %),0,0,0,0,1465452,44.69
31/07/2025,0,0,103(0.00 %),0,0,0,0,1465452,44.69
01/08/2025,0,0,103(0.00 %),0,0,0,0,1465452,44.69
04/08/2025,0,0,103(0.00 %),0,0,0,0,1465452,44.69
05/08/2025,0,0,103(0.00 %),0,0,0,0,1465452,44.69
06/08/2025,0,0,93(-9.71 %),0,0,0,0,1465452,44.69
07/08/2025,0,0,93(0.00 %),0,0,0,0,1465452,44.69
08/08/2025,0,0,93(0.00 %),0,0,0,0,1465452,44.69
11/08/2025,0,0,106.9(14.95 %),0,0,0,0,1465452,44.69
12/08/2025,0,0,106.9(0.00 %),0,0,0,0,1465452,44.69
13/08/2025,0,0,106.9(0.00 %),0,0,0,0,1465452,44.69
14/08/2025,0,0,105(-1.78 %),0,0,0,0,1465452,44.69
15/08/2025,0,0,105(0.00 %),0,0,0,0,1465452,44.69
18/08/2025,0,0,105(0.00 %),0,0,0,0,1465452,44.69
19/08/2025,0,0,105(0.00 %),0,0,0,0,1465452,44.69
20/08/2025,0,0,105(0.00 %),0,0,0,0,1465452,44.69
21/08/2025,0,0,105(0.00 %),0,0,0,0,1465452,44.69
22/08/2025,0,0,105(0.00 %),0,0,0,0,1465452,44.69
25/08/2025,0,0,105(0.00 %),0,0,0,0,1465452,44.69
