Ngay,KLGDRong,GTDGRong,ThayDoi,KLMua,GtMua,KLBan,GtBan,RoomConLai,DangSoHuu
29/12/2006,110,10450,0(0.00 %),110,10450,0,0,0,0.0
01/03/2007,2500,605000000,0(0.00 %),2500,605000000,0,0,0,0.0
02/03/2007,19370,4464500000,0(0.00 %),19370,4464500000,0,0,0,0.0
05/03/2007,91560,22064200000,0(0.00 %),91860,22133200000,300,69000000,0,0.0
06/03/2007,51240,11785200000,0(0.00 %),51240,11785200000,0,0,0,0.0
07/03/2007,2290,480900000,0(0.00 %),2390,501900000,100,21000000,0,0.0
08/03/2007,1360,299200000,0(0.00 %),1460,321200000,100,22000000,0,0.0
09/03/2007,19770,4561840000,0(0.00 %),47600,10990570000,27830,6428730000,0,0.0
12/03/2007,86010,20470380000,227(0.00 %),90810,21612780000,4800,1142400000,0,0.0
13/03/2007,54910,12616560000,230(1.32 %),54910,12616560000,0,0,0,0.0
14/03/2007,1070,243960000,219(-4.78 %),1070,243960000,0,0,0,0.0
15/03/2007,49900,10479000000,210(-4.11 %),50000,10500000000,100,21000000,0,0.0
16/03/2007,-400,-88000000,220(4.76 %),300,66000000,700,154000000,0,0.0
19/03/2007,0,0,220(0.00 %),0,0,0,0,0,0.0
20/03/2007,50500,11110000000,220(0.00 %),50500,11110000000,0,0,0,0.0
21/03/2007,0,0,218(-0.91 %),0,0,0,0,0,0.0
22/03/2007,600,124800000,208(-4.59 %),600,124800000,0,0,0,0.0
23/03/2007,200,40000000,200(-3.85 %),200,40000000,0,0,0,0.0
26/03/2007,4600,920000000,200(0.00 %),30000,6000000000,25400,5080000000,0,0.0
27/03/2007,44180,8597300000,195(-2.50 %),50100,9769800000,5920,1172500000,0,0.0
28/03/2007,-6740,-1280600000,190(-2.56 %),50,9500000,6790,1290100000,0,0.0
29/03/2007,-5080,-1007920000,199(4.74 %),0,0,5080,1007920000,0,0.0
30/03/2007,48800,10150400000,208(4.52 %),54800,11398400000,6000,1248000000,0,0.0
02/04/2007,15300,3182400000,206(-0.96 %),20000,4160000000,4700,977600000,0,0.0
03/04/2007,27040,5363470000,199(-3.40 %),27040,5363470000,0,0,0,0.0
04/04/2007,-7160,-1431950000,200(0.50 %),0,0,7160,1431950000,0,0.0
05/04/2007,22010,4402500000,200(0.00 %),27000,5400000000,4990,997500000,0,0.0
06/04/2007,0,0,192(-4.00 %),0,0,0,0,0,0.0
09/04/2007,31020,6235020000,201(4.69 %),31020,6235020000,0,0,0,0.0
10/04/2007,0,0,199(-1.00 %),0,0,0,0,0,0.0
11/04/2007,-4920,-959400000,195(-2.01 %),80,15600000,5000,975000000,0,0.0
12/04/2007,0,0,190(-2.56 %),0,0,0,0,0,0.0
13/04/2007,-1500,-285000000,188(-1.05 %),0,0,1500,285000000,0,0.0
16/04/2007,34950,6640500000,185(-1.60 %),40000,7600000000,5050,959500000,0,0.0
17/04/2007,-9910,-1793670000,183(-1.08 %),140,25480000,10050,1819150000,0,0.0
18/04/2007,-20000,-3825980000,192(4.92 %),0,0,20000,3825980000,0,0.0
19/04/2007,-28910,-5792000000,195(1.56 %),0,0,28910,5792000000,0,0.0
20/04/2007,200,39000000,195(0.00 %),200,39000000,0,0,0,0.0
23/04/2007,200,38800000,190(-2.56 %),200,38800000,0,0,0,0.0
24/04/2007,7500,1357500000,181(-4.74 %),7500,1357500000,0,0,0,0.0
25/04/2007,2000,370000000,188(3.87 %),2000,370000000,0,0,0,0.0
02/05/2007,66680,12669200000,190(1.06 %),66680,12669200000,0,0,0,0.0
03/05/2007,39980,5475360000,137(1.48 %),39980,5475360000,0,0,0,0.0
04/05/2007,1500,198000000,132(-3.65 %),1500,198000000,0,0,0,0.0
07/05/2007,-12390,-1628090000,132(0.00 %),100,13100000,12490,1641190000,0,0.0
08/05/2007,-12050,-1642900000,138(4.55 %),0,0,12050,1642900000,0,0.0
09/05/2007,0,-10000000,135(-2.17 %),15000,2085000000,15000,2095000000,0,0.0
10/05/2007,540,71280000,132(-2.22 %),540,71280000,0,0,0,0.0
11/05/2007,1500,202500000,135(2.27 %),2000,270000000,500,67500000,0,0.0
14/05/2007,0,0,138(2.22 %),0,0,0,0,0,0.0
15/05/2007,0,0,135(-2.17 %),0,0,0,0,0,0.0
16/05/2007,0,0,133(-1.48 %),0,0,0,0,0,0.0
17/05/2007,0,0,133(0.00 %),0,0,0,0,0,0.0
18/05/2007,100,13300000,133(0.00 %),500,66500000,400,53200000,0,0.0
21/05/2007,-1960,-260680000,133(0.00 %),40,5320000,2000,266000000,0,0.0
22/05/2007,4400,594000000,135(1.50 %),5000,675000000,600,81000000,0,0.0
23/05/2007,9250,1295000000,138(2.22 %),10250,1435000000,1000,140000000,0,0.0
24/05/2007,1980,273240000,138(0.00 %),1980,273240000,0,0,0,0.0
25/05/2007,300,40700000,137(-0.72 %),300,40700000,0,0,0,0.0
28/05/2007,10020,1369160000,135(-1.46 %),10160,1388340000,140,19180000,0,0.0
29/05/2007,50,6700000,133(-1.48 %),50,6700000,0,0,0,0.0
30/05/2007,19000,2567000000,135(1.50 %),20000,2700000000,1000,133000000,0,0.0
31/05/2007,12800,1723320000,134(-0.74 %),14300,1925820000,1500,202500000,0,0.0
01/06/2007,15000,2005320000,133(-0.75 %),15000,2005320000,0,0,0,0.0
04/06/2007,14000,1862000000,133(0.00 %),14000,1862000000,0,0,0,0.0
05/06/2007,15000,1980000000,132(-0.75 %),15000,1980000000,0,0,0,0.0
06/06/2007,2280,296520000,130(-1.52 %),5280,677520000,3000,381000000,0,0.0
07/06/2007,60000,8115900000,135(3.85 %),60000,8115900000,0,0,0,0.0
08/06/2007,22100,2982100000,133(-1.48 %),22100,2982100000,0,0,0,0.0
11/06/2007,20000,2657330000,133(0.00 %),20000,2657330000,0,0,0,0.0
12/06/2007,0,0,131(-1.50 %),0,0,0,0,0,0.0
13/06/2007,2690,352390000,131(0.00 %),5000,655000000,2310,302610000,0,0.0
14/06/2007,10000,1320000000,131(0.00 %),10000,1320000000,0,0,0,0.0
15/06/2007,-40,-5240000,130(-0.76 %),0,0,40,5240000,0,0.0
18/06/2007,1400,183400000,131(0.77 %),1500,196500000,100,13100000,0,0.0
19/06/2007,61640,8170490000,132(0.76 %),61940,8210390000,300,39900000,0,0.0
20/06/2007,48700,6574500000,134(1.52 %),50200,6777000000,1500,202500000,0,0.0
21/06/2007,5100,673200000,132(-1.49 %),5100,673200000,0,0,0,0.0
22/06/2007,0,0,130(-1.52 %),0,0,0,0,0,0.0
25/06/2007,2360,308660000,131(0.77 %),2860,374660000,500,66000000,0,0.0
26/06/2007,3160,423440000,134(2.29 %),3160,423440000,0,0,0,0.0
27/06/2007,200,26700000,132(-1.49 %),200,26700000,0,0,0,0.0
28/06/2007,2140,280750000,131(-0.76 %),2140,280750000,0,0,0,0.0
29/06/2007,1650,214500000,130(-0.76 %),2880,374400000,1230,159900000,0,0.0
02/07/2007,2500,325000000,126(-3.08 %),2500,325000000,0,0,0,0.0
03/07/2007,-100,-12200000,123(-2.38 %),0,0,100,12200000,0,0.0
04/07/2007,29580,3757500000,129(4.88 %),29580,3757500000,0,0,0,0.0
05/07/2007,900,116180000,125(-3.10 %),2900,366180000,2000,250000000,0,0.0
06/07/2007,12650,1568600000,125(0.00 %),12650,1568600000,0,0,0,0.0
09/07/2007,25640,3205000000,125(0.00 %),25640,3205000000,0,0,0,0.0
10/07/2007,0,0,128(2.40 %),0,0,0,0,0,0.0
11/07/2007,500,63000000,126(-1.56 %),500,63000000,0,0,0,0.0
12/07/2007,600,75000000,125(-0.79 %),600,75000000,0,0,0,0.0
13/07/2007,-720,-89160000,125(0.00 %),300,37500000,1020,126660000,0,0.0
16/07/2007,600,73200000,120(-4.00 %),600,73200000,0,0,0,0.0
17/07/2007,11400,1410780000,124(3.33 %),11400,1410780000,0,0,0,0.0
18/07/2007,18100,2244400000,124(0.00 %),18100,2244400000,0,0,0,0.0
19/07/2007,20230,2487790000,123(-0.81 %),20230,2487790000,0,0,0,0.0
20/07/2007,20590,2526480000,122(-0.81 %),20590,2526480000,0,0,0,0.0
23/07/2007,5520,678960000,124(1.64 %),5520,678960000,0,0,0,0.0
24/07/2007,9470,1164810000,123(-0.81 %),9470,1164810000,0,0,0,0.0
25/07/2007,24160,2971680000,123(0.00 %),24160,2971680000,0,0,0,0.0
26/07/2007,15360,1883920000,122(-0.81 %),15360,1883920000,0,0,0,0.0
27/07/2007,11090,1335800000,120(-1.64 %),11090,1335800000,0,0,0,0.0
30/07/2007,4060,483140000,119(-0.83 %),4060,483140000,0,0,0,0.0
31/07/2007,31510,3696260000,118(-0.84 %),32290,3785960000,780,89700000,0,0.0
01/08/2007,6970,822460000,119(0.85 %),6970,822460000,0,0,0,0.0
02/08/2007,65320,8054070000,124(4.20 %),68320,8417070000,3000,363000000,0,0.0
03/08/2007,100590,12757090000,127(2.42 %),101310,12848530000,720,91440000,0,0.0
06/08/2007,47340,6011980000,127(0.00 %),47340,6011980000,0,0,0,0.0
07/08/2007,0,0,127(0.00 %),0,0,0,0,0,0.0
08/08/2007,23050,2917070000,127(0.00 %),23050,2917070000,0,0,0,0.0
09/08/2007,86410,11330210000,133(4.72 %),86510,11343210000,100,13000000,0,0.0
10/08/2007,87530,11789520000,135(1.50 %),87530,11789520000,0,0,0,0.0
13/08/2007,300,39600000,131(-2.96 %),300,39600000,0,0,0,0.0
14/08/2007,-2100,-277200000,131(0.00 %),0,0,2100,277200000,0,0.0
15/08/2007,0,0,129(-1.53 %),0,0,0,0,0,0.0
16/08/2007,0,0,128(-0.78 %),0,0,0,0,0,0.0
17/08/2007,0,0,126(-1.56 %),0,0,0,0,0,0.0
20/08/2007,110,14080000,127(0.79 %),200,25600000,90,11520000,0,0.0
21/08/2007,14000,1808850000,129(1.57 %),23000,2966850000,9000,1158000000,0,0.0
22/08/2007,-1460,-186880000,126(-2.33 %),0,0,1460,186880000,0,0.0
23/08/2007,100,12700000,127(0.79 %),100,12700000,0,0,0,0.0
24/08/2007,85470,11256180000,133(4.72 %),88240,11610740000,2770,354560000,0,0.0
27/08/2007,500,65000000,130(-2.26 %),500,65000000,0,0,0,0.0
28/08/2007,94730,12616130000,134(3.08 %),94930,12642930000,200,26800000,0,0.0
29/08/2007,0,0,132(-1.49 %),0,0,0,0,0,0.0
30/08/2007,0,0,132(0.00 %),0,0,0,0,0,0.0
31/08/2007,-42260,-5516750000,130(-1.52 %),0,0,42260,5516750000,0,0.0
04/09/2007,2000,264000000,132(1.54 %),2000,264000000,0,0,0,0.0
05/09/2007,11000,1460040000,131(-0.76 %),11000,1460040000,0,0,0,0.0
06/09/2007,450,58500000,132(0.76 %),450,58500000,0,0,0,0.0
07/09/2007,0,0,132(0.00 %),0,0,0,0,0,0.0
10/09/2007,1600,209600000,131(-0.76 %),1600,209600000,0,0,0,0.0
11/09/2007,0,0,129(-1.53 %),0,0,0,0,0,0.0
12/09/2007,200,26000000,129(0.00 %),200,26000000,0,0,0,0.0
13/09/2007,200,25600000,128(-0.78 %),200,25600000,0,0,0,0.0
14/09/2007,0,0,129(0.78 %),0,0,0,0,0,0.0
17/09/2007,0,0,128(-0.78 %),0,0,0,0,0,0.0
18/09/2007,0,0,128(0.00 %),0,0,0,0,0,0.0
19/09/2007,0,0,128(0.00 %),0,0,0,0,0,0.0
20/09/2007,0,0,128(0.00 %),0,0,0,0,0,0.0
21/09/2007,0,0,128(0.00 %),0,0,0,0,0,0.0
24/09/2007,0,0,128(0.00 %),0,0,0,0,0,0.0
25/09/2007,0,0,133(3.91 %),0,0,0,0,0,0.0
26/09/2007,3320,458160000,135(1.50 %),3320,458160000,0,0,0,0.0
27/09/2007,500,66500000,133(-1.48 %),500,66500000,0,0,0,0.0
28/09/2007,0,0,134(0.75 %),0,0,0,0,0,0.0
01/10/2007,0,0,140(4.48 %),0,0,0,0,0,0.0
02/10/2007,-200,-28800000,143(2.14 %),0,0,200,28800000,0,0.0
03/10/2007,450,64350000,142(-0.70 %),450,64350000,0,0,0,0.0
04/10/2007,0,0,138(-2.82 %),0,0,0,0,0,0.0
05/10/2007,-910,-121940000,137(-0.72 %),90,12060000,1000,134000000,0,0.0
08/10/2007,-3900,-534100000,137(0.00 %),100,13900000,4000,548000000,0,0.0
09/10/2007,-5900,-808300000,136(-0.73 %),100,13700000,6000,822000000,0,0.0
10/10/2007,-2170,-294950000,135(-0.74 %),20,2700000,2190,297650000,0,0.0
11/10/2007,-19000,-2572060000,135(0.00 %),11000,1495000000,30000,4067060000,0,0.0
12/10/2007,-30630,-4121530000,134(-0.74 %),3000,405000000,33630,4526530000,0,0.0
15/10/2007,-40380,-5398230000,133(-0.75 %),200,26800000,40580,5425030000,0,0.0
16/10/2007,-108800,-14570070000,135(1.50 %),2200,292800000,111000,14862870000,0,0.0
17/10/2007,-40200,-5648000000,141(4.44 %),0,0,40200,5648000000,0,0.0
18/10/2007,-10450,-1523900000,140(-0.71 %),0,0,10450,1523900000,0,0.0
19/10/2007,-41000,-5561850000,138(-1.43 %),0,0,41000,5561850000,0,0.0
22/10/2007,-9310,-1276440000,136(-1.45 %),0,0,9310,1276440000,0,0.0
23/10/2007,200,27000000,135(-0.74 %),200,27000000,0,0,0,0.0
24/10/2007,0,0,136(0.74 %),0,0,0,0,0,0.0
25/10/2007,100,13600000,136(0.00 %),100,13600000,0,0,0,0.0
26/10/2007,1000,136000000,135(-0.74 %),1000,136000000,0,0,0,0.0
29/10/2007,0,0,133(-1.48 %),0,0,0,0,0,0.0
30/10/2007,62840,8570210000,138(3.76 %),62840,8570210000,0,0,0,0.0
31/10/2007,93830,12946740000,138(0.00 %),93830,12946740000,0,0,0,0.0
01/11/2007,50000,6873110000,137(-0.72 %),50000,6873110000,0,0,0,0.0
02/11/2007,0,0,135(-1.46 %),0,0,0,0,0,0.0
05/11/2007,0,0,133(-1.48 %),0,0,0,0,0,0.0
06/11/2007,4470,603450000,132(-0.75 %),4470,603450000,0,0,0,0.0
07/11/2007,1500,198000000,132(0.00 %),1500,198000000,0,0,0,0.0
08/11/2007,-1500,-196500000,131(-0.76 %),0,0,1500,196500000,0,0.0
09/11/2007,200,26000000,129(-1.53 %),200,26000000,0,0,0,0.0
12/11/2007,4540,582120000,128(-0.78 %),12000,1537000000,7460,954880000,0,0.0
13/11/2007,10880,1340880000,123(-3.91 %),10880,1340880000,0,0,0,0.0
14/11/2007,0,0,129(4.88 %),0,0,0,0,0,0.0
15/11/2007,10000,1289800000,128(-0.78 %),10000,1289800000,0,0,0,0.0
16/11/2007,19980,2553480000,128(0.00 %),19980,2553480000,0,0,0,0.0
19/11/2007,0,0,126(-1.56 %),0,0,0,0,0,0.0
20/11/2007,15060,1882500000,125(-0.79 %),15760,1970000000,700,87500000,0,0.0
21/11/2007,15380,1922500000,125(0.00 %),15380,1922500000,0,0,0,0.0
22/11/2007,12730,1591250000,125(0.00 %),15730,1966250000,3000,375000000,0,0.0
23/11/2007,1990,254720000,126(0.80 %),1990,254720000,0,0,0,0.0
26/11/2007,0,0,127(0.79 %),0,0,0,0,0,0.0
27/11/2007,-500,-63200000,126(-0.79 %),0,0,500,63200000,0,0.0
28/11/2007,9850,1241100000,126(0.00 %),9850,1241100000,0,0,0,0.0
29/11/2007,0,0,126(0.00 %),0,0,0,0,0,0.0
30/11/2007,0,0,126(0.00 %),0,0,0,0,0,0.0
03/12/2007,0,0,126(0.00 %),0,0,0,0,0,0.0
04/12/2007,2810,357680000,128(1.59 %),2810,357680000,0,0,0,0.0
05/12/2007,0,0,127(-0.78 %),0,0,0,0,0,0.0
06/12/2007,0,0,127(0.00 %),0,0,0,0,0,0.0
07/12/2007,0,0,126(-0.79 %),0,0,0,0,0,0.0
10/12/2007,0,0,125(-0.79 %),0,0,0,0,0,0.0
11/12/2007,2000,248970000,123(-1.60 %),2000,248970000,0,0,0,0.0
12/12/2007,0,0,125(1.63 %),0,0,0,0,0,0.0
13/12/2007,0,0,125(0.00 %),0,0,0,0,0,0.0
14/12/2007,-500,-61500000,122(-2.40 %),0,0,500,61500000,0,0.0
17/12/2007,1910,233020000,122(0.00 %),1910,233020000,0,0,0,0.0
18/12/2007,1890,230580000,122(0.00 %),1890,230580000,0,0,0,0.0
19/12/2007,0,0,125(2.46 %),0,0,0,0,0,0.0
20/12/2007,50,6250000,124(-0.80 %),50,6250000,0,0,0,0.0
21/12/2007,0,0,123(-0.81 %),0,0,0,0,0,0.0
24/12/2007,0,0,123(0.00 %),200,24600000,200,24600000,0,0.0
25/12/2007,0,0,123(0.00 %),0,0,0,0,0,0.0
26/12/2007,0,0,122(-0.81 %),0,0,0,0,0,0.0
27/12/2007,-50,-6100000,124(1.64 %),0,0,50,6100000,0,0.0
28/12/2007,0,0,123(-0.81 %),0,0,0,0,0,0.0
02/01/2008,-1000,-123000000,123(0.00 %),0,0,1000,123000000,0,0.0
03/01/2008,0,0,123(0.00 %),0,0,0,0,0,0.0
04/01/2008,0,0,123(0.00 %),0,0,0,0,0,0.0
07/01/2008,-1420,-173820000,123(0.00 %),0,0,1420,173820000,0,0.0
08/01/2008,14510,1809950000,125(1.63 %),14810,1847250000,300,37300000,0,0.0
09/01/2008,19000,2354420000,124(-0.80 %),20000,2479420000,1000,125000000,0,0.0
10/01/2008,15090,1840710000,119(-4.03 %),15090,1840710000,0,0,0,0.0
11/01/2008,0,0,122(2.52 %),0,0,0,0,0,0.0
14/01/2008,54610,6662120000,122(0.00 %),54910,6699020000,300,36900000,0,0.0
15/01/2008,5000,605000000,121(-0.82 %),5000,605000000,0,0,0,0.0
16/01/2008,19380,2460810000,127(4.96 %),19680,2497410000,300,36600000,0,0.0
17/01/2008,30420,3802500000,125(-1.57 %),30420,3802500000,0,0,0,0.0
18/01/2008,0,0,125(0.00 %),0,0,0,0,0,0.0
21/01/2008,0,0,122(-2.40 %),0,0,0,0,0,0.0
22/01/2008,-620,-75020000,121(-0.82 %),100,12100000,720,87120000,0,0.0
23/01/2008,-460,-54740000,115(-4.96 %),0,0,460,54740000,0,0.0
24/01/2008,100,11500000,115(0.00 %),100,11500000,0,0,0,0.0
25/01/2008,0,0,113(-1.74 %),0,0,0,0,0,0.0
28/01/2008,0,0,110(-2.65 %),0,0,0,0,0,0.0
29/01/2008,0,0,112(1.82 %),0,0,0,0,0,0.0
30/01/2008,0,0,117(4.46 %),0,0,0,0,0,0.0
31/01/2008,100,11700000,117(0.00 %),100,11700000,0,0,0,0.0
01/02/2008,0,0,120(2.56 %),0,0,0,0,0,0.0
12/02/2008,0,0,116(-3.33 %),0,0,0,0,0,0.0
13/02/2008,0,0,116(0.00 %),0,0,0,0,0,0.0
14/02/2008,0,0,116(0.00 %),0,0,0,0,0,0.0
15/02/2008,-2660,-303240000,114(-1.72 %),0,0,2660,303240000,0,0.0
18/02/2008,0,0,109(-4.39 %),0,0,0,0,0,0.0
19/02/2008,960,104160000,110(0.92 %),960,104160000,0,0,0,0.0
20/02/2008,0,0,105(-4.55 %),0,0,0,0,0,0.0
21/02/2008,0,0,100(-4.76 %),0,0,0,0,0,0.0
22/02/2008,0,0,95(-5.00 %),0,0,0,0,0,0.0
25/02/2008,90,9765000,99(4.21 %),2570,255285000,2480,245520000,0,0.0
26/02/2008,0,0,94.5(-4.55 %),0,0,0,0,0,0.0
27/02/2008,0,0,90(-4.76 %),0,0,0,0,0,0.0
28/02/2008,-2320,-198360000,85.5(-5.00 %),200,17100000,2520,215460000,0,0.0
29/02/2008,200,16300000,81.5(-4.68 %),200,16300000,0,0,0,0.0
03/03/2008,0,0,77.5(-4.91 %),0,0,0,0,0,0.0
04/03/2008,0,0,74(-4.52 %),0,0,0,0,0,0.0
05/03/2008,0,0,70.5(-4.73 %),0,0,0,0,0,0.0
06/03/2008,-5000,-370000000,74(4.96 %),0,0,5000,370000000,0,0.0
07/03/2008,-49700,-3851750000,77.5(4.73 %),300,23250000,50000,3875000000,0,0.0
10/03/2008,11900,963900000,74(-4.52 %),11900,963900000,0,0,0,0.0
11/03/2008,400,29500000,70.5(-4.73 %),400,29500000,0,0,0,0.0
12/03/2008,100,7400000,74(4.96 %),100,7400000,0,0,0,0.0
13/03/2008,2000,152000000,75(1.35 %),2000,152000000,0,0,0,0.0
14/03/2008,180,13500000,73.5(-2.00 %),180,13500000,0,0,0,0.0
17/03/2008,-5770,-403900000,70(-4.76 %),0,0,5770,403900000,0,0.0
18/03/2008,0,0,66.5(-5.00 %),0,0,0,0,0,0.0
19/03/2008,-3100,-196850000,63.5(-4.51 %),0,0,3100,196850000,0,0.0
20/03/2008,0,0,63.5(0.00 %),0,0,0,0,0,0.0
21/03/2008,0,0,60.5(-4.72 %),0,0,0,0,0,0.0
24/03/2008,0,0,57.5(-4.96 %),0,0,0,0,0,0.0
25/03/2008,500,27500000,55(-4.35 %),500,27500000,0,0,0,0.0
26/03/2008,-100,-5300000,54.5(-0.91 %),0,0,100,5300000,0,0.0
27/03/2008,2420,133100000,55(0.92 %),2820,155100000,400,22000000,0,0.0
28/03/2008,0,0,55.5(0.91 %),0,0,0,0,0,0.0
31/03/2008,0,0,56(0.90 %),0,0,0,0,0,0.0
01/04/2008,0,0,56.5(0.89 %),0,0,0,0,0,0.0
02/04/2008,0,0,57(0.88 %),0,0,0,0,0,0.0
03/04/2008,0,0,57.5(0.88 %),0,0,0,0,0,0.0
04/04/2008,0,0,58(0.87 %),0,0,0,0,0,0.0
07/04/2008,0,0,59(1.72 %),0,0,0,0,0,0.0
08/04/2008,6310,378400000,60(1.69 %),6310,378400000,0,0,0,0.0
09/04/2008,1000,60500000,61(1.67 %),1000,60500000,0,0,0,0.0
10/04/2008,500,30000000,60(-1.64 %),500,30000000,0,0,0,0.0
11/04/2008,0,0,59(-1.67 %),0,0,0,0,0,0.0
16/04/2008,0,0,58(-1.69 %),0,0,0,0,0,0.0
17/04/2008,-690,-39330000,59(1.72 %),310,17670000,1000,57000000,0,0.0
18/04/2008,2100,125950000,59(0.00 %),2100,125950000,0,0,0,0.0
21/04/2008,0,0,55(-1.79 %),0,0,0,0,0,0.0
22/04/2008,1800,97200000,54(-1.82 %),1800,97200000,0,0,0,0.0
23/04/2008,0,0,53(-1.85 %),0,0,0,0,0,0.0
24/04/2008,0,0,52(-1.89 %),0,0,0,0,0,0.0
25/04/2008,-380,-19380000,51(-1.92 %),20,1020000,400,20400000,0,0.0
28/04/2008,4910,251820000,52(1.96 %),4910,251820000,0,0,0,0.0
29/04/2008,23400,1238200000,53(1.92 %),23400,1238200000,0,0,0,0.0
05/05/2008,160,8480000,52(-1.89 %),160,8480000,0,0,0,0.0
06/05/2008,30100,1585250000,53(1.92 %),30100,1585250000,0,0,0,0.0
07/05/2008,30000,1575170000,53(0.00 %),30000,1575170000,0,0,0,0.0
08/05/2008,0,0,52(-1.89 %),0,0,0,0,0,0.0
09/05/2008,0,0,51(-1.92 %),0,0,0,0,0,0.0
12/05/2008,0,0,50(-1.96 %),0,0,0,0,0,0.0
13/05/2008,0,0,49(-2.00 %),0,0,0,0,0,0.0
14/05/2008,0,0,48.1(-1.84 %),0,0,0,0,0,0.0
15/05/2008,-50,-2360000,47.2(-1.87 %),0,0,50,2360000,0,0.0
16/05/2008,100,4630000,46.3(-1.91 %),100,4630000,0,0,0,0.0
19/05/2008,0,0,45.4(-1.94 %),0,0,0,0,0,0.0
20/05/2008,-2000,-89000000,44.5(-1.98 %),0,0,2000,89000000,0,0.0
21/05/2008,-910,-39767000,43.7(-1.80 %),0,0,910,39767000,0,0.0
22/05/2008,300,13110000,42.9(-1.83 %),300,13110000,0,0,0,0.0
23/05/2008,0,0,42.1(-1.86 %),0,0,0,0,0,0.0
26/05/2008,200,8260000,41.3(-1.90 %),200,8260000,0,0,0,0.0
27/05/2008,0,0,41.3(0.00 %),0,0,0,0,0,0.0
28/05/2008,0,0,41.3(0.00 %),0,0,0,0,0,0.0
29/05/2008,0,0,41.3(0.00 %),0,0,0,0,0,0.0
30/05/2008,20000,810000000,40.5(-1.94 %),20000,810000000,0,0,0,0.0
02/06/2008,18000,714600000,39.7(-1.98 %),20000,794000000,2000,79400000,0,0.0
03/06/2008,0,0,39(-1.76 %),0,0,0,0,0,0.0
04/06/2008,3000,114900000,38.3(-1.79 %),3000,114900000,0,0,0,0.0
05/06/2008,0,0,37.6(-1.83 %),0,0,0,0,0,0.0
06/06/2008,5000,184500000,36.9(-1.86 %),5000,184500000,0,0,0,0.0
09/06/2008,0,0,36.2(-1.90 %),0,0,0,0,0,0.0
10/06/2008,0,0,35.5(-1.93 %),0,0,0,0,0,0.0
11/06/2008,12360,429888000,36.2(1.97 %),15000,522000000,2640,92112000,0,0.0
12/06/2008,-12190,-432745000,35.5(-1.93 %),7100,252050000,19290,684795000,0,0.0
13/06/2008,-29490,-1033125000,35(-1.41 %),4100,142680000,33590,1175805000,0,0.0
16/06/2008,-53710,-1883518000,35(0.00 %),47890,1676850000,101600,3560368000,0,0.0
17/06/2008,-69230,-2455313000,35.7(2.00 %),30770,1082550000,100000,3537863000,0,0.0
18/06/2008,0,0,35(-1.96 %),0,0,0,0,0,0.0
19/06/2008,0,0,34(-2.86 %),0,0,0,0,0,0.0
20/06/2008,0,0,33(-2.94 %),0,0,0,0,0,0.0
23/06/2008,9000,288900000,32.1(-2.73 %),9000,288900000,0,0,0,0.0
24/06/2008,23970,747864000,31.2(-2.80 %),23970,747864000,0,0,0,0.0
25/06/2008,1130,36273000,32.1(2.88 %),7130,228873000,6000,192600000,0,0.0
26/06/2008,-41170,-1345596000,31.2(-2.80 %),52100,1697700000,93270,3043296000,0,0.0
27/06/2008,300,9090000,32(2.56 %),300,9090000,0,0,0,0.0
30/06/2008,28400,934180000,32.9(2.81 %),28400,934180000,0,0,0,0.0
01/07/2008,1000,33800000,33.8(2.74 %),1000,33800000,0,0,0,0.0
02/07/2008,-37890,-1318572000,34.8(2.96 %),50,1740000,37940,1320312000,0,0.0
03/07/2008,2700,96660000,35.8(2.87 %),2700,96660000,0,0,0,0.0
04/07/2008,200,7360000,36.8(2.79 %),200,7360000,0,0,0,0.0
07/07/2008,25450,963355000,35.7(-2.99 %),25450,963355000,0,0,0,0.0
08/07/2008,500,15150000,31.1(2.81 %),500,15150000,0,0,0,0.0
09/07/2008,1790,57280000,32(2.89 %),1790,57280000,0,0,0,0.0
10/07/2008,1100,36190000,32.9(2.81 %),1100,36190000,0,0,0,0.0
11/07/2008,-3000,-101400000,33.8(2.74 %),0,0,3000,101400000,0,0.0
14/07/2008,0,0,34.8(2.96 %),0,0,0,0,0,0.0
15/07/2008,0,0,35.8(2.87 %),0,0,0,0,0,0.0
16/07/2008,-5600,-206080000,36.8(2.79 %),4400,161920000,10000,368000000,0,0.0
17/07/2008,-500,-18950000,37.9(2.99 %),0,0,500,18950000,0,0.0
18/07/2008,6170,240245000,39(2.90 %),12170,474245000,6000,234000000,0,0.0
21/07/2008,300,11370000,37.9(-2.82 %),300,11370000,0,0,0,0.0
22/07/2008,0,0,36.8(-2.90 %),0,0,0,0,0,0.0
23/07/2008,0,0,35.7(-2.99 %),0,0,0,0,0,0.0
24/07/2008,-23000,-798100000,34.7(-2.80 %),0,0,23000,798100000,0,0.0
25/07/2008,5890,198493000,33.7(-2.88 %),5890,198493000,0,0,0,0.0
28/07/2008,0,0,34.7(2.97 %),0,0,0,0,0,0.0
29/07/2008,0,0,35.7(2.88 %),0,0,0,0,0,0.0
30/07/2008,3610,132487000,35.8(0.28 %),3610,132487000,0,0,0,0.0
31/07/2008,0,0,35(-2.23 %),0,0,0,0,0,0.0
01/08/2008,0,0,34(-2.86 %),0,0,0,0,0,0.0
04/08/2008,1500,49500000,33(-2.94 %),1500,49500000,0,0,0,0.0
05/08/2008,0,0,33.9(2.73 %),0,0,0,0,0,0.0
06/08/2008,0,0,34.9(2.95 %),0,0,0,0,0,0.0
07/08/2008,1300,44200000,34(-2.58 %),2300,78200000,1000,34000000,0,0.0
08/08/2008,0,0,35(2.94 %),0,0,0,0,0,0.0
11/08/2008,-550,-19800000,36(2.86 %),0,0,550,19800000,0,0.0
12/08/2008,1700,62900000,36.5(1.39 %),1700,62900000,0,0,0,0.0
13/08/2008,21510,801605000,37.3(2.19 %),21510,801605000,0,0,0,0.0
14/08/2008,49700,1908530000,38.4(2.95 %),50200,1927680000,500,19150000,0,0.0
15/08/2008,3190,126005000,39.5(2.86 %),8310,328245000,5120,202240000,0,0.0
18/08/2008,26190,1084266000,41.4(4.81 %),30250,1252350000,4060,168084000,0,0.0
19/08/2008,1530,64790000,41.5(0.24 %),1530,64790000,0,0,0,0.0
20/08/2008,35510,1423295000,39.5(-4.82 %),40690,1629755000,5180,206460000,0,0.0
21/08/2008,32780,1357092000,41.4(4.81 %),33320,1379448000,540,22356000,0,0.0
22/08/2008,-8410,-348184000,42.8(3.38 %),0,0,8410,348184000,0,0.0
25/08/2008,-1010,-45349000,44.9(4.91 %),920,41308000,1930,86657000,0,0.0
26/08/2008,-1030,-48513000,47.1(4.90 %),1000,47100000,2030,95613000,0,0.0
27/08/2008,400,19760000,49.4(4.88 %),400,19760000,0,0,0,0.0
28/08/2008,0,0,47(-4.86 %),0,0,0,0,0,0.0
29/08/2008,510,22797000,44.7(-4.89 %),510,22797000,0,0,0,0.0
03/09/2008,-11590,-543571000,46.9(4.92 %),850,39865000,12440,583436000,0,0.0
04/09/2008,9240,412804000,45(-4.05 %),9240,412804000,0,0,0,0.0
05/09/2008,6540,280572000,42.8(-4.89 %),6690,287052000,150,6480000,0,0.0
08/09/2008,14430,587301000,41(-4.21 %),14630,595441000,200,8140000,0,0.0
09/09/2008,1050,45150000,41(0.00 %),1050,45150000,0,0,0,0.0
10/09/2008,-4140,-162688000,39.6(-3.41 %),0,0,4140,162688000,0,0.0
11/09/2008,13000,489160000,37.7(-4.80 %),19300,727640000,6300,238480000,0,0.0
12/09/2008,2960,107064000,36.1(-4.24 %),5860,211174000,2900,104110000,0,0.0
15/09/2008,-2800,-101080000,37(2.49 %),200,7220000,3000,108300000,0,0.0
16/09/2008,23000,809600000,35.2(-4.86 %),23000,809600000,0,0,0,0.0
17/09/2008,100,3400000,33.5(-4.83 %),100,3400000,0,0,0,0.0
18/09/2008,23260,741994000,32(-4.48 %),24460,780274000,1200,38280000,0,0.0
19/09/2008,-46540,-1565910000,33.6(5.00 %),3610,119130000,50150,1685040000,0,0.0
22/09/2008,0,0,35.2(4.76 %),0,0,0,0,0,0.0
23/09/2008,29560,1090764000,36.9(4.83 %),29560,1090764000,0,0,0,0.0
24/09/2008,-3240,-113314000,35.3(-4.34 %),12440,438622000,15680,551936000,0,0.0
25/09/2008,0,0,37(4.82 %),0,0,0,0,0,0.0
26/09/2008,0,0,37.9(2.43 %),0,0,0,0,0,0.0
29/09/2008,9000,337500000,36.5(-3.69 %),9000,337500000,0,0,0,0.0
30/09/2008,0,0,34.7(-4.93 %),0,0,0,0,0,0.0
01/10/2008,0,0,35(0.86 %),0,0,0,0,0,0.0
02/10/2008,-2520,-88570000,35.5(1.43 %),1300,47450000,3820,136020000,0,0.0
03/10/2008,-1500,-53350000,35.7(0.56 %),0,0,1500,53350000,0,0.0
06/10/2008,6800,232100000,34(-4.76 %),10000,342500000,3200,110400000,0,0.0
07/10/2008,960,31008000,32.3(-5.00 %),6000,193800000,5040,162792000,0,0.0
08/10/2008,-1960,-60172000,32(-0.93 %),0,0,1960,60172000,0,0.0
09/10/2008,-300,-9150000,31.8(-0.62 %),0,0,300,9150000,0,0.0
10/10/2008,0,0,30.3(-4.72 %),0,0,0,0,0,0.0
13/10/2008,1100,32950000,29.5(-2.64 %),1100,32950000,0,0,0,0.0
14/10/2008,0,0,30.9(4.75 %),0,0,0,0,0,0.0
15/10/2008,2500,77300000,31.4(1.62 %),2500,77300000,0,0,0,0.0
16/10/2008,800,23920000,29.9(-4.78 %),800,23920000,0,0,0,0.0
17/10/2008,0,0,28.5(-4.68 %),0,0,0,0,0,0.0
20/10/2008,0,0,27.1(-4.91 %),0,0,0,0,0,0.0
21/10/2008,390,10569000,25.8(-4.80 %),890,24119000,500,13550000,0,0.0
22/10/2008,-1100,-28050000,25(-3.10 %),0,0,1100,28050000,0,0.0
23/10/2008,0,0,23.8(-4.80 %),0,0,0,0,0,0.0
24/10/2008,0,0,22.7(-4.62 %),0,0,0,0,0,0.0
27/10/2008,0,0,21.6(-4.85 %),0,0,0,0,0,0.0
28/10/2008,-7110,-146466000,20.6(-4.63 %),0,0,7110,146466000,0,0.0
29/10/2008,-400,-9100000,21.5(4.37 %),1000,21000000,1400,30100000,0,0.0
30/10/2008,300,6150000,22(2.33 %),300,6150000,0,0,0,0.0
31/10/2008,3600,80280000,22.5(2.27 %),3600,80280000,0,0,0,0.0
03/11/2008,1000,23400000,23.4(4.00 %),1000,23400000,0,0,0,0.0
04/11/2008,0,0,24.5(4.70 %),0,0,0,0,0,0.0
05/11/2008,-5000,-128500000,25.7(4.90 %),0,0,5000,128500000,0,0.0
06/11/2008,-10000,-253709000,24.5(-4.67 %),0,0,10000,253709000,0,0.0
07/11/2008,-5740,-133742000,23.3(-4.90 %),0,0,5740,133742000,0,0.0
10/11/2008,-15000,-355560000,22.7(-2.58 %),0,0,15000,355560000,0,0.0
11/11/2008,-15000,-326276000,23.8(4.85 %),0,0,15000,326276000,0,0.0
12/11/2008,-20000,-454000000,22.8(-4.20 %),0,0,20000,454000000,0,0.0
13/11/2008,-14400,-320640000,22(-3.51 %),0,0,14400,320640000,0,0.0
14/11/2008,-30000,-653160000,21.5(-2.27 %),0,0,30000,653160000,0,0.0
17/11/2008,-15000,-313208000,20.8(-3.26 %),0,0,15000,313208000,0,0.0
18/11/2008,-15000,-302000000,20.2(-2.88 %),0,0,15000,302000000,0,0.0
19/11/2008,-15000,-302300000,20.4(0.99 %),0,0,15000,302300000,0,0.0
20/11/2008,-14000,-279000000,20(-1.96 %),1000,20000000,15000,299000000,0,0.0
21/11/2008,-15000,-294969000,19.8(-1.00 %),0,0,15000,294969000,0,0.0
24/11/2008,-15000,-288020000,19(-4.04 %),0,0,15000,288020000,0,0.0
25/11/2008,-15090,-286710000,19(0.00 %),0,0,15090,286710000,0,0.0
26/11/2008,-14060,-261556000,18.1(-4.74 %),0,0,14060,261556000,0,0.0
27/11/2008,-9510,-164571000,17.2(-4.97 %),2300,39560000,11810,204131000,0,0.0
28/11/2008,-15000,-263050000,18(4.65 %),0,0,15000,263050000,0,0.0
01/12/2008,-10600,-190800000,18(0.00 %),0,0,10600,190800000,0,0.0
02/12/2008,-14000,-241926000,17.3(-3.89 %),1000,17100000,15000,259026000,0,0.0
03/12/2008,-2800,-47040000,17.3(0.00 %),2200,36960000,5000,84000000,0,0.0
04/12/2008,-610,-10797000,17.3(0.00 %),0,0,610,10797000,0,0.0
05/12/2008,-550,-9350000,16.6(-4.05 %),0,0,550,9350000,0,0.0
08/12/2008,-6900,-114410000,15.8(-4.82 %),100,1690000,7000,116100000,0,0.0
09/12/2008,-5350,-82530000,15.8(0.00 %),0,0,5350,82530000,0,0.0
10/12/2008,-5000,-78500000,15.7(-0.63 %),0,0,5000,78500000,0,0.0
11/12/2008,-15000,-237651000,16.2(3.18 %),0,0,15000,237651000,0,0.0
12/12/2008,-12830,-214610000,17(4.94 %),0,0,12830,214610000,0,0.0
15/12/2008,-12820,-214086000,16.5(-2.94 %),0,0,12820,214086000,0,0.0
16/12/2008,0,0,16(-3.03 %),0,0,0,0,0,0.0
17/12/2008,0,0,16.5(3.12 %),0,0,0,0,0,0.0
18/12/2008,0,0,17(3.03 %),0,0,0,0,0,0.0
19/12/2008,0,0,17(0.00 %),0,0,0,0,0,0.0
22/12/2008,0,0,16.9(-0.59 %),0,0,0,0,0,0.0
23/12/2008,0,0,16.6(-1.78 %),0,0,0,0,0,0.0
24/12/2008,0,0,16.8(1.20 %),0,0,0,0,0,0.0
25/12/2008,0,0,16.7(-0.60 %),0,0,0,0,0,0.0
26/12/2008,0,0,17.4(4.19 %),0,0,0,0,0,0.0
29/12/2008,0,0,17.3(-0.57 %),0,0,0,0,0,0.0
30/12/2008,1000,17000000,17.2(-0.58 %),1000,17000000,0,0,0,0.0
31/12/2008,0,0,16.8(-2.33 %),0,0,0,0,0,0.0
02/01/2009,-650,-11180000,16.9(0.60 %),0,0,650,11180000,3825666,24.13
05/01/2009,10,170000,17(0.59 %),10,170000,0,0,3825656,24.13
06/01/2009,-350,-6020000,17.8(4.71 %),0,0,350,6020000,3826006,24.13
07/01/2009,0,0,17.9(0.56 %),0,0,0,0,3826006,24.13
08/01/2009,0,0,18.2(1.68 %),0,0,0,0,3826006,24.13
09/01/2009,0,0,17.8(-2.20 %),0,0,0,0,3826006,24.13
12/01/2009,0,0,17.8(0.00 %),0,0,0,0,3826006,24.13
13/01/2009,0,0,17.2(-3.37 %),0,0,0,0,3826006,24.13
14/01/2009,0,0,16.8(-2.33 %),0,0,0,0,3826006,24.13
15/01/2009,500,8650000,17(1.19 %),500,8650000,0,0,3825506,24.13
16/01/2009,0,0,17.2(1.18 %),0,0,0,0,3825506,24.13
19/01/2009,0,0,17.2(0.00 %),0,0,0,0,3825506,24.13
20/01/2009,0,0,17.4(1.16 %),0,0,0,0,3825506,24.13
21/01/2009,0,0,17.2(-1.15 %),0,0,0,0,3825506,24.13
22/01/2009,0,0,17.2(0.00 %),0,0,0,0,3825506,24.13
23/01/2009,-140,-2380000,17.3(0.58 %),0,0,140,2380000,3825646,24.13
02/02/2009,-1130,-19210000,17(-1.73 %),0,0,1130,19210000,3826776,24.13
03/02/2009,-620,-10416000,17(0.00 %),0,0,620,10416000,3827396,24.12
04/02/2009,0,0,16.9(-0.59 %),0,0,0,0,3827396,24.12
05/02/2009,0,0,16.1(-4.73 %),0,0,0,0,3827396,24.12
06/02/2009,0,0,16.4(1.86 %),0,0,0,0,3827396,24.12
09/02/2009,0,0,16.5(0.61 %),0,0,0,0,3827396,24.12
10/02/2009,0,0,16.8(1.82 %),0,0,0,0,3827396,24.12
11/02/2009,0,0,16.6(-1.19 %),0,0,0,0,3827396,24.12
12/02/2009,900,14940000,16.7(0.60 %),900,14940000,0,0,3826496,24.13
13/02/2009,1000,16800000,16.8(0.60 %),1000,16800000,0,0,3825496,24.13
16/02/2009,0,0,17.3(2.98 %),0,0,0,0,3825496,24.13
17/02/2009,0,0,17(-1.73 %),0,0,0,0,3825496,24.13
18/02/2009,0,0,16.8(-1.18 %),0,0,0,0,3825496,24.13
19/02/2009,-650,-11180000,17(1.19 %),0,0,650,11180000,3826146,24.13
20/02/2009,0,0,17(0.00 %),0,0,0,0,3826146,24.13
23/02/2009,0,0,17.2(1.18 %),0,0,0,0,3826146,24.13
24/02/2009,0,0,17(-1.16 %),0,0,0,0,3826146,24.13
25/02/2009,2000,34200000,17.1(0.59 %),2000,34200000,0,0,3824146,24.14
26/02/2009,-10,-172000,17.2(0.58 %),0,0,10,172000,3824156,24.14
27/02/2009,1000,17200000,17.5(1.74 %),1000,17200000,0,0,3823156,24.15
02/03/2009,0,0,17.7(1.14 %),0,0,0,0,3823156,24.15
03/03/2009,-6280,-111204000,17.3(-2.26 %),0,0,6280,111204000,3829436,24.11
04/03/2009,-3000,-52542000,17.5(1.16 %),0,0,3000,52542000,3832436,24.09
05/03/2009,-6000,-107450000,17.9(2.29 %),0,0,6000,107450000,3838436,24.05
06/03/2009,-10000,-179102000,17.9(0.00 %),0,0,10000,179102000,3848436,23.99
09/03/2009,-14000,-253590000,18.2(1.68 %),3000,54300000,17000,307890000,3862436,23.89
10/03/2009,-8000,-145650000,18.1(-0.55 %),0,0,8000,145650000,3870436,23.84
11/03/2009,-39040,-707020000,18.1(0.00 %),0,0,39040,707020000,3909476,23.59
12/03/2009,-20570,-366867000,17.7(-2.21 %),0,0,20570,366867000,3930046,23.45
13/03/2009,-26650,-471505000,17.7(0.00 %),0,0,26650,471505000,3956696,23.28
16/03/2009,-41130,-730257000,17.7(0.00 %),0,0,41130,730257000,3997826,23.01
17/03/2009,-50000,-895750000,18(1.69 %),0,0,50000,895750000,4047826,22.69
18/03/2009,-447350,-8454915000,18.9(5.00 %),5000,94500000,452350,8549415000,4495176,19.78
19/03/2009,-53580,-1036975000,18.9(0.00 %),8000,156200000,61580,1193175000,4548756,19.43
20/03/2009,-139370,-2689022000,19.3(2.12 %),0,0,139370,2689022000,4688126,18.53
23/03/2009,-200000,-3720837000,18.4(-4.66 %),0,0,200000,3720837000,4888126,17.23
24/03/2009,-301800,-5671435000,18.7(1.63 %),0,0,301800,5671435000,5189926,15.27
25/03/2009,-230180,-4384417000,19.6(4.81 %),4820,93141000,235000,4477558000,5420106,13.77
26/03/2009,-299000,-6121000000,20.5(4.59 %),2000,41000000,301000,6162000000,5719106,11.83
27/03/2009,0,0,21.5(4.88 %),0,0,0,0,5719106,11.83
30/03/2009,-3400,-76500000,22.5(4.65 %),600,13500000,4000,90000000,5722506,11.8
31/03/2009,-9610,-225155000,23.6(4.89 %),0,0,9610,225155000,5732116,11.74
01/04/2009,2400,57040000,23.8(0.85 %),2400,57040000,0,0,5729716,11.76
02/04/2009,0,0,23.1(-2.94 %),0,0,0,0,5729716,11.76
03/04/2009,2000,48700000,24.2(4.76 %),4000,96700000,2000,48000000,5727716,11.77
07/04/2009,0,0,25.4(4.96 %),0,0,0,0,5727716,11.77
08/04/2009,-8900,-237600000,25.8(1.57 %),1100,28400000,10000,266000000,5736616,11.71
09/04/2009,0,0,25.8(0.00 %),0,0,0,0,5736616,11.71
10/04/2009,-1000,-25000000,25(-3.10 %),0,0,1000,25000000,5737616,11.71
13/04/2009,21900,573780000,26.2(4.80 %),21900,573780000,0,0,5715716,11.85
14/04/2009,0,0,25.5(-2.67 %),0,0,0,0,5715716,11.85
15/04/2009,70000,1785000000,24.3(-4.71 %),70000,1785000000,0,0,5645716,12.3
16/04/2009,300,7470000,24.6(1.23 %),300,7470000,0,0,5645416,12.3
17/04/2009,0,0,25.3(2.85 %),0,0,0,0,5645416,12.3
20/04/2009,0,0,24.1(-4.74 %),0,0,0,0,5645416,12.3
21/04/2009,-19900,-481580000,24.2(0.41 %),0,0,19900,481580000,5665316,12.18
22/04/2009,0,0,25.4(4.96 %),0,0,0,0,5665316,12.18
23/04/2009,1000,26100000,25.5(0.39 %),1000,26100000,0,0,5664316,12.18
24/04/2009,0,0,25.1(-1.57 %),0,0,0,0,5664316,12.18
27/04/2009,0,0,25.4(1.20 %),0,0,0,0,5664316,12.18
28/04/2009,-1000,-26600000,26.6(4.72 %),0,0,1000,26600000,5665316,12.18
29/04/2009,0,0,27.9(4.89 %),0,0,0,0,5665316,12.18
04/05/2009,0,0,29.2(4.66 %),0,0,0,0,5665316,12.18
05/05/2009,0,0,30.6(4.79 %),0,0,0,0,5665316,12.18
06/05/2009,-5950,-190995000,32.1(4.90 %),50,1605000,6000,192600000,5671266,12.14
07/05/2009,0,0,33.7(4.98 %),0,0,0,0,5671266,12.14
08/05/2009,0,0,35.3(4.75 %),0,0,0,0,5671266,12.14
11/05/2009,-110,-4070000,37(4.82 %),0,0,110,4070000,5671376,12.14
12/05/2009,0,0,38.8(4.86 %),0,0,0,0,5671376,12.14
13/05/2009,54710,2226697000,40.7(4.90 %),54710,2226697000,0,0,5616666,12.49
14/05/2009,200,7900000,42(3.19 %),500,20500000,300,12600000,5616466,12.49
15/05/2009,0,0,44.1(5.00 %),0,0,0,0,5616466,12.49
18/05/2009,37660,1637380000,43(-2.49 %),37660,1637380000,0,0,5578806,12.74
19/05/2009,28000,1262800000,45.1(4.88 %),30000,1353000000,2000,90200000,5550806,12.92
20/05/2009,0,0,47.3(4.88 %),0,0,0,0,5550806,12.92
21/05/2009,0,0,49.6(4.86 %),0,0,0,0,5550806,12.92
22/05/2009,-110,-5720000,52(4.84 %),0,0,110,5720000,5550916,12.92
25/05/2009,0,0,54.5(4.81 %),0,0,0,0,5550916,12.92
26/05/2009,-29000,-1653000000,57(4.59 %),0,0,29000,1653000000,5579916,12.73
27/05/2009,0,0,59.5(4.39 %),0,0,0,0,5579916,12.73
28/05/2009,20410,1244780000,59.5(0.00 %),40000,2455000000,19590,1210220000,5559506,12.86
29/05/2009,30330,1785020000,58(-2.52 %),41820,2453270000,11490,668250000,5529176,13.06
01/06/2009,0,0,60.5(4.31 %),0,0,0,0,5529176,13.06
02/06/2009,0,0,63.5(4.96 %),0,0,0,0,5529176,13.06
03/06/2009,0,0,66.5(4.72 %),0,0,0,0,5529176,13.06
04/06/2009,-200,-13900000,69.5(4.51 %),0,0,200,13900000,5529376,13.06
05/06/2009,0,0,72.5(4.32 %),0,0,0,0,5529376,13.06
08/06/2009,-500,-38000000,76(4.83 %),0,0,500,38000000,5529876,13.06
09/06/2009,-31000,-2464500000,79.5(4.61 %),0,0,31000,2464500000,5560876,12.85
10/06/2009,-41150,-3413425000,83(4.40 %),0,0,41150,3413425000,5602026,12.59
11/06/2009,-480,-41760000,87(4.82 %),43540,3787980000,44020,3829740000,5602506,12.58
12/06/2009,-40000,-3640000000,91(4.60 %),0,0,40000,3640000000,5642506,12.32
15/06/2009,-71740,-6833640000,95.5(4.95 %),15900,1515950000,87640,8349590000,5714246,11.86
16/06/2009,-102230,-9723260000,93.5(-2.09 %),0,0,102230,9723260000,5816476,11.19
17/06/2009,-53690,-5177665000,96.5(3.21 %),0,0,53690,5177665000,5870166,10.84
18/06/2009,-29050,-2934030000,101(4.66 %),3520,355520000,32570,3289550000,5899216,10.66
19/06/2009,29900,3090400000,100(-0.99 %),30000,3101000000,100,10600000,5869316,10.85
22/06/2009,-200,-19000000,95(-5.00 %),0,0,200,19000000,5869516,10.85
23/06/2009,0,0,90.5(-4.74 %),0,0,0,0,5869516,10.85
24/06/2009,-190890,-16544675000,86(-4.97 %),0,0,190890,16544675000,6060406,9.61
25/06/2009,-2600,-234000000,90(4.65 %),0,0,2600,234000000,6063006,9.59
26/06/2009,300,27000000,90(0.00 %),300,27000000,0,0,6062706,9.59
29/06/2009,-9060,-789190000,85.5(-5.00 %),0,0,9060,789190000,6071766,9.53
30/06/2009,12000,978000000,81.5(-4.68 %),12000,978000000,0,0,6059766,9.61
01/07/2009,100,7750000,77.5(-4.91 %),100,7750000,0,0,6059666,9.61
02/07/2009,-35000,-2605000000,75(-3.23 %),0,0,35000,2605000000,6094666,9.38
03/07/2009,-1500,-107250000,73(-2.67 %),0,0,1500,107250000,6096166,9.37
06/07/2009,1800,136500000,76.5(4.79 %),1800,136500000,0,0,6092566,9.4
07/07/2009,0,0,80(4.58 %),0,0,0,0,6094366,9.39
08/07/2009,0,0,84(5.00 %),0,0,0,0,6094366,9.39
09/07/2009,0,0,84(0.00 %),0,0,0,0,6094366,9.39
10/07/2009,-14890,-1195300000,84(0.00 %),0,0,14890,1195300000,6109256,9.29
13/07/2009,1000,80000000,80(-4.76 %),2000,163000000,1000,83000000,6108256,9.3
14/07/2009,-5680,-458745000,81.5(1.88 %),2300,183200000,7980,641945000,6113936,9.26
15/07/2009,0,0,81.5(0.00 %),0,0,0,0,6113936,9.26
16/07/2009,-1400,-119700000,85.5(4.91 %),400,34200000,1800,153900000,6115336,9.25
17/07/2009,0,0,88(2.92 %),0,0,0,0,6115336,9.25
20/07/2009,-2020,-170930000,84(-4.55 %),280,23520000,2300,194450000,6117356,9.24
21/07/2009,870,70035000,80.5(-4.17 %),870,70035000,0,0,6116486,9.24
22/07/2009,310,25110000,81(0.62 %),310,25110000,0,0,6116176,9.24
23/07/2009,3000,245400000,85(4.94 %),3000,245400000,0,0,6113176,9.26
24/07/2009,400,35600000,89(4.71 %),400,35600000,0,0,6112776,9.27
27/07/2009,-20700,-1883950000,91(2.25 %),300,26550000,21000,1910500000,6133476,9.13
28/07/2009,1600,145800000,86.5(-4.95 %),2000,182000000,400,36200000,6131876,9.14
29/07/2009,-2630,-229080000,84.5(-2.31 %),100,8700000,2730,237780000,6134506,9.13
30/07/2009,-670,-55945000,82.5(-2.37 %),0,0,670,55945000,6135176,9.12
31/07/2009,-300,-25350000,85.5(3.64 %),0,0,300,25350000,6135476,9.12
03/08/2009,1600,137000000,85(-0.58 %),1600,137000000,0,0,6133876,9.13
04/08/2009,0,0,86(1.18 %),0,0,0,0,6133876,9.13
05/08/2009,2000,175000000,87.5(1.74 %),2000,175000000,0,0,6131876,9.14
06/08/2009,12400,1098750000,87(-0.57 %),12400,1098750000,0,0,6119476,9.22
07/08/2009,-1170,-106350000,91(4.60 %),700,62950000,1870,169300000,6120646,9.22
10/08/2009,-30500,-2912750000,95.5(4.95 %),0,0,30500,2912750000,6151146,9.02
11/08/2009,-33000,-3297400000,100(4.71 %),0,0,33000,3297400000,6184146,8.8
12/08/2009,-27870,-2911480000,105(5.00 %),130,13520000,28000,2925000000,6212016,8.62
13/08/2009,-29470,-3202820000,102(-2.86 %),0,0,29470,3202820000,6241486,8.43
14/08/2009,-18300,-1866600000,104(1.96 %),1700,173400000,20000,2040000000,6259786,8.31
17/08/2009,-910,-93420000,99(-4.81 %),290,28980000,1200,122400000,6260696,8.31
18/08/2009,-23000,-2298650000,100(1.01 %),0,0,23000,2298650000,6283696,8.16
19/08/2009,-20000,-2000000000,101(1.00 %),0,0,20000,2000000000,6303696,8.03
20/08/2009,-16200,-1649400000,105(3.96 %),3800,390600000,20000,2040000000,6319896,7.92
21/08/2009,0,0,105(0.00 %),0,0,0,0,6319896,7.92
24/08/2009,-20000,-2100000000,104(-0.95 %),0,0,20000,2100000000,6339896,7.79
25/08/2009,-2750,-286000000,102(-1.92 %),0,0,2750,286000000,6345996,7.75
26/08/2009,-600,-61200000,102(0.00 %),0,0,600,61200000,6343246,7.77
27/08/2009,-1280,-130860000,101(-0.98 %),1200,121200000,2480,252060000,6344526,7.76
28/08/2009,-6230,-645920000,104(2.97 %),0,0,6230,645920000,6350756,7.72
31/08/2009,-600,-61800000,104(0.00 %),0,0,600,61800000,6351356,7.72
01/09/2009,-950,-97850000,103(-0.96 %),50,5150000,1000,103000000,6352306,7.71
03/09/2009,0,0,102(-0.97 %),500,51500000,500,51500000,6352306,7.71
04/09/2009,-18950,-2030350000,107(4.90 %),1050,109650000,20000,2140000000,6371256,7.59
07/09/2009,-13550,-1534150000,112(4.67 %),7450,814650000,21000,2348800000,6384806,7.5
08/09/2009,-19000,-2224500000,117(4.46 %),3000,349000000,22000,2573500000,6403806,7.38
09/09/2009,2040,239650000,114(-2.56 %),2550,297820000,510,58170000,6401766,7.39
10/09/2009,-30100,-3521300000,117(2.63 %),0,0,30100,3521300000,6431866,7.19
11/09/2009,-20400,-2387200000,117(0.00 %),0,0,20400,2387200000,6452266,7.06
14/09/2009,-30010,-3659590000,122(4.27 %),1000,122000000,31010,3781590000,6482276,6.87
15/09/2009,-37500,-4800000000,128(4.92 %),0,0,37500,4800000000,6519776,6.62
16/09/2009,-29510,-3956700000,128(0.00 %),490,63300000,30000,4020000000,6549286,6.43
17/09/2009,-12130,-1564870000,128(0.00 %),0,0,12130,1564870000,6561416,6.35
18/09/2009,-19000,-2549500000,134(4.69 %),1000,130500000,20000,2680000000,6580416,6.23
21/09/2009,-19500,-2730000000,140(4.48 %),500,70000000,20000,2800000000,6599916,6.1
22/09/2009,-20000,-2940000000,147(5.00 %),0,0,20000,2940000000,6619916,5.97
23/09/2009,-4880,-746640000,143(-2.72 %),0,0,4880,746640000,6624796,5.94
24/09/2009,-34100,-5099300000,150(4.90 %),0,0,34100,5099300000,6658896,5.72
25/09/2009,0,0,157(4.67 %),0,0,0,0,6658896,34.57
28/09/2009,0,0,164(4.46 %),0,0,0,0,6683896,34.52
29/09/2009,20000,3440000000,172(4.88 %),20000,3440000000,0,0,6670696,5.64
30/09/2009,38350,6641960000,172(0.00 %),40930,7099720000,2580,457760000,6632346,5.89
01/10/2009,7910,1326410000,169(-1.74 %),18410,3121410000,10500,1795000000,6624436,5.94
02/10/2009,-1500,-241500000,161(-4.73 %),500,80500000,2000,322000000,6625936,5.93
05/10/2009,1180,184700000,160(-0.62 %),2400,380000000,1220,195300000,6624756,5.94
06/10/2009,770,123520000,157(-1.88 %),1000,161000000,230,37480000,6623986,5.94
07/10/2009,105320,17238690000,164(4.46 %),110320,18038690000,5000,800000000,6518666,6.63
08/10/2009,230000,38726560000,172(4.88 %),230000,38726560000,0,0,6288666,8.12
09/10/2009,10000,1715000000,168(-2.33 %),10000,1715000000,0,0,6278666,8.19
12/10/2009,-320,-53400000,168(0.00 %),20,3380000,340,56780000,6278986,8.19
13/10/2009,-1000,-168000000,165(-1.79 %),0,0,1000,168000000,6279986,8.18
14/10/2009,-2410,-395240000,168(1.82 %),0,0,2410,395240000,6282396,8.16
15/10/2009,229150,40136830000,176(4.76 %),262700,46041630000,33550,5904800000,6053246,9.65
16/10/2009,-480,-83600000,169(-3.98 %),520,90400000,1000,174000000,6124706,9.19
19/10/2009,-5110,-866100000,169(0.00 %),200,33600000,5310,899700000,6058836,9.62
20/10/2009,1300,224800000,173(2.37 %),1300,224800000,0,0,6057536,9.63
21/10/2009,430,72240000,172(-0.58 %),430,72240000,0,0,6057106,9.63
22/10/2009,-61860,-10494020000,170(-1.16 %),520,89380000,62380,10583400000,6118966,9.23
23/10/2009,-1950,-328660000,165(-2.94 %),1050,176340000,3000,505000000,6120916,9.21
26/10/2009,-3310,-551170000,159(-3.64 %),0,0,3310,551170000,6124226,9.19
27/10/2009,-2050,-324150000,155(-2.52 %),160,25030000,2210,349180000,6126276,9.18
28/10/2009,0,0,153(-1.29 %),0,0,0,0,6126276,9.18
29/10/2009,1530,228030000,160(4.58 %),1960,291240000,430,63210000,6124746,9.19
30/10/2009,5550,904390000,161(0.62 %),5550,904390000,0,0,6119196,9.23
02/11/2009,2350,359550000,153(-4.97 %),2350,359550000,0,0,6116846,9.24
03/11/2009,100,14600000,146(-4.58 %),140,20440000,40,5840000,6116746,9.24
04/11/2009,-2700,-395400000,140(-4.11 %),300,42600000,3000,438000000,6119446,9.22
05/11/2009,0,0,147(5.00 %),0,0,0,0,6119446,9.22
06/11/2009,-4200,-637600000,150(2.04 %),800,122400000,5000,760000000,6123646,9.2
09/11/2009,-370,-54020000,150(0.00 %),0,0,370,54020000,6124016,9.19
10/11/2009,22800,3398800000,148(-1.33 %),22800,3398800000,0,0,6101216,9.34
11/11/2009,34280,5097720000,150(1.35 %),34280,5097720000,0,0,6066936,9.56
12/11/2009,5010,751510000,151(0.67 %),5010,751510000,0,0,6061926,9.6
13/11/2009,-1370,-204600000,149(-1.32 %),200,29400000,1570,234000000,6063296,9.59
16/11/2009,100,14900000,148(-0.67 %),500,74500000,400,59600000,6063196,9.59
17/11/2009,-480,-71520000,148(0.00 %),0,0,480,71520000,6063676,9.59
18/11/2009,-73420,-11388200000,155(4.73 %),1580,236800000,75000,11625000000,6137096,9.11
19/11/2009,0,0,156(0.65 %),0,0,0,0,6137096,9.11
20/11/2009,120,18040000,151(-3.21 %),120,18040000,0,0,6136976,9.11
23/11/2009,2120,306280000,144(-4.64 %),2120,306280000,0,0,6134856,9.12
24/11/2009,34000,4760000000,140(-2.78 %),34000,4760000000,0,0,6100856,9.34
25/11/2009,56330,7526890000,133(-5.00 %),56330,7526890000,0,0,6044526,9.71
26/11/2009,-1260,-160020000,127(-4.51 %),740,93980000,2000,254000000,6045786,9.7
27/11/2009,20340,2544020000,123(-3.15 %),21340,2665020000,1000,121000000,6025446,9.83
30/11/2009,62100,7707300000,125(1.63 %),62100,7707300000,0,0,5963346,10.24
01/12/2009,27490,3469090000,126(0.80 %),27490,3469090000,0,0,5935856,10.42
02/12/2009,38010,4563000000,120(-4.76 %),41330,4974680000,3320,411680000,5897846,10.66
03/12/2009,100510,11633140000,120(0.84 %),100510,11633140000,0,0,5797336,11.32
04/12/2009,22340,2650760000,118(-1.67 %),22340,2650760000,0,0,5774996,11.46
07/12/2009,11820,1390580000,118(0.00 %),11820,1390580000,0,0,5763176,11.54
08/12/2009,41810,4795340000,114(-3.39 %),41810,4795340000,0,0,5721366,11.81
09/12/2009,32310,3531100000,109(-4.39 %),32310,3531100000,0,0,5689056,12.02
10/12/2009,50820,5285830000,104(-4.59 %),50820,5285830000,0,0,5638236,12.35
11/12/2009,49180,4883570000,99(-4.81 %),51080,5072620000,1900,189050000,5589056,12.67
14/12/2009,10150,964900000,98(-1.01 %),10200,969900000,50,5000000,5578906,12.74
15/12/2009,23980,2254045000,93.5(-4.59 %),24030,2258820000,50,4775000,5554926,12.89
16/12/2009,64000,5700000000,89(-4.81 %),64000,5700000000,0,0,5490926,13.31
17/12/2009,9800,833000000,85(-4.49 %),10200,867000000,400,34000000,5481126,13.37
18/12/2009,-31700,-2980300000,89(4.71 %),93500,8162500000,125200,11142800000,5512826,13.17
21/12/2009,190,17670000,93(4.49 %),190,17670000,0,0,5512636,13.17
22/12/2009,40770,3967525000,96(3.23 %),40770,3967525000,0,0,5471866,13.43
23/12/2009,33050,3171725000,96.5(0.52 %),33050,3171725000,0,0,5438816,13.65
24/12/2009,27330,2640580000,98.5(2.07 %),27330,2640580000,0,0,5411486,13.83
25/12/2009,-10180,-1048540000,103(4.57 %),0,0,10180,1048540000,5421666,13.76
28/12/2009,680,69720000,108(4.85 %),850,88080000,170,18360000,5420986,13.76
29/12/2009,27140,3055360000,113(4.63 %),28440,3199960000,1300,144600000,5393846,13.94
30/12/2009,300,34800000,118(4.42 %),300,34800000,0,0,5393546,13.94
31/12/2009,-4000,-485150000,122(3.39 %),1150,138300000,5150,623450000,5397546,13.92
04/01/2010,-2040,-261120000,128(4.92 %),0,0,2040,261120000,5399586,13.9
05/01/2010,-5130,-687420000,134(4.69 %),0,0,5130,687420000,5404716,13.87
06/01/2010,200,28000000,140(4.48 %),300,42000000,100,14000000,5404516,13.87
07/01/2010,-3010,-424010000,134(-4.29 %),1860,266120000,4870,690130000,5407526,13.85
08/01/2010,-8080,-1132460000,133(-0.75 %),180,23940000,8260,1156400000,5415606,13.8
11/01/2010,590,72200000,129(-3.01 %),1640,212700000,1050,140500000,5415016,13.8
12/01/2010,5810,739490000,123(-4.65 %),6010,765290000,200,25800000,5409206,13.84
13/01/2010,4170,505940000,129(4.88 %),4250,516260000,80,10320000,5405036,13.87
14/01/2010,20000,2678950000,132(2.33 %),20000,2678950000,0,0,5385036,14.0
15/01/2010,-5470,-709440000,127(-3.79 %),5620,730340000,11090,1439780000,5390506,13.96
18/01/2010,3780,458040000,121(-4.72 %),3780,458040000,0,0,5386726,13.99
19/01/2010,3910,469700000,119(-1.65 %),3910,469700000,0,0,5382816,14.01
20/01/2010,-14300,-1629700000,114(-4.20 %),10700,1220300000,25000,2850000000,5397116,13.92
21/01/2010,-6790,-739010000,109(-4.39 %),3210,357310000,10000,1096320000,5403906,13.87
22/01/2010,11510,1295270000,114(4.59 %),12550,1413750000,1040,118480000,5392396,13.95
25/01/2010,1000,115000000,116(1.75 %),1000,115000000,0,0,5391396,13.96
26/01/2010,-134550,-16276450000,121(4.31 %),5450,658550000,140000,16935000000,5525946,13.08
27/01/2010,-19520,-2412410000,122(0.83 %),4480,567330000,24000,2979740000,5545466,12.95
28/01/2010,-10680,-1259680000,117(-4.10 %),420,49220000,11100,1308900000,5556146,12.89
29/01/2010,-12010,-1362510000,116(-0.85 %),31160,3674380000,43170,5036890000,5568156,12.81
01/02/2010,0,0,118(1.72 %),0,0,0,0,5568156,12.81
02/02/2010,-19300,-2252700000,115(-2.54 %),700,83300000,20000,2336000000,5587456,12.68
03/02/2010,-22520,-2587460000,116(0.87 %),12480,1453540000,35000,4041000000,5609976,12.54
04/02/2010,-2000,-238000000,120(3.45 %),0,0,2000,238000000,5611976,12.52
05/02/2010,-30000,-3780000000,126(5.00 %),0,0,30000,3780000000,5641976,12.33
08/02/2010,-4200,-520800000,122(-3.17 %),70,8680000,4270,529480000,5646176,12.3
09/02/2010,20,2420000,118(-3.28 %),20,2420000,0,0,5646156,12.3
10/02/2010,1500,161000000,119(0.85 %),7500,885000000,6000,724000000,5644656,12.31
11/02/2010,1050,125050000,121(1.68 %),1050,125050000,0,0,5643606,12.32
12/02/2010,290,35710000,123(1.65 %),290,35710000,0,0,5643316,12.32
22/02/2010,-6900,-844000000,123(0.00 %),3100,386000000,10000,1230000000,5650216,12.27
23/02/2010,-15010,-1811200000,118(-4.07 %),5000,590000000,20010,2401200000,5665226,12.18
24/02/2010,-11540,-1363430000,121(2.54 %),310,36580000,11850,1400010000,5676766,12.1
25/02/2010,-36920,-4410180000,118(-2.48 %),5000,600000000,41920,5010180000,5713686,11.86
26/02/2010,1730,206140000,119(0.85 %),10560,1253080000,8830,1046940000,5652826,11.87
01/03/2010,4470,536400000,119(0.00 %),5000,600000000,530,63600000,5648356,12.29
02/03/2010,-830,-98770000,119(0.00 %),0,0,830,98770000,5649186,12.28
03/03/2010,0,0,121(1.68 %),0,0,0,0,5649186,12.28
04/03/2010,0,0,121(0.00 %),0,0,0,0,5649186,12.28
05/03/2010,600,72600000,121(0.00 %),600,72600000,0,0,5648586,12.28
08/03/2010,4390,544360000,127(4.96 %),4390,544360000,0,0,5644196,12.31
09/03/2010,-8000,-1064000000,133(4.72 %),0,0,8000,1064000000,5652196,12.26
10/03/2010,2300,306900000,130(-2.26 %),2300,306900000,0,0,5649896,12.28
11/03/2010,0,0,129(-0.77 %),0,0,0,0,5649896,12.28
12/03/2010,8090,1035680000,129(0.00 %),8290,1061680000,200,26000000,5641806,12.33
15/03/2010,680,87500000,132(2.33 %),860,111020000,180,23520000,5641126,12.33
16/03/2010,350,46200000,128(-3.03 %),350,46200000,0,0,5640776,12.33
17/03/2010,17100,2213790000,126(-1.56 %),18500,2394790000,1400,181000000,5623676,12.45
18/03/2010,0,0,129(2.38 %),0,0,0,0,5623676,12.45
19/03/2010,2190,279870000,127(-1.55 %),2190,279870000,0,0,5621486,12.46
22/03/2010,-1010,-126960000,124(-2.36 %),150,18700000,1160,145660000,5622496,12.45
23/03/2010,0,0,123(-0.81 %),0,0,0,0,5622496,12.45
24/03/2010,3760,464500000,125(1.63 %),3760,464500000,0,0,5618736,12.48
25/03/2010,0,0,121(-3.20 %),0,0,0,0,5618736,12.48
26/03/2010,0,0,121(0.00 %),0,0,0,0,5618736,12.48
29/03/2010,500,60700000,121(0.00 %),500,60700000,0,0,5618236,12.48
30/03/2010,190,22780000,120(-0.83 %),200,24000000,10,1220000,5618046,12.48
31/03/2010,1910,230190000,118(-1.67 %),1910,230190000,0,0,5616136,12.5
01/04/2010,-710,-83110000,120(1.69 %),6620,785160000,7330,868270000,5616846,12.49
02/04/2010,8730,1065330000,123(2.50 %),8730,1065330000,0,0,5608116,12.55
05/04/2010,1760,218240000,124(0.81 %),6190,767560000,4430,549320000,5606356,12.56
06/04/2010,6350,782120000,121(-2.42 %),6350,782120000,0,0,5600006,12.6
07/04/2010,0,0,119(-1.65 %),0,0,0,0,5600006,12.6
08/04/2010,4710,561200000,120(0.84 %),5210,621200000,500,60000000,5595296,12.63
09/04/2010,1680,200800000,119(-0.83 %),1680,200800000,0,0,5593616,12.64
12/04/2010,9350,1107650000,118(-0.84 %),9350,1107650000,0,0,5584266,12.7
13/04/2010,-160,-18880000,116(-1.69 %),0,0,160,18880000,5584426,12.7
14/04/2010,200,23200000,116(0.00 %),600,69600000,400,46400000,5584226,12.7
15/04/2010,16050,1866350000,116(0.00 %),16300,1895600000,250,29250000,5568176,12.81
16/04/2010,-4300,-501100000,116(0.00 %),0,0,4300,501100000,5572476,12.78
19/04/2010,6630,762580000,115(-0.86 %),6630,762580000,0,0,5565846,12.82
20/04/2010,0,0,113(-1.74 %),500,57500000,500,57500000,5565846,12.82
21/04/2010,800,90400000,113(0.00 %),800,90400000,0,0,5565046,12.83
22/04/2010,9360,1101760000,118(4.42 %),9560,1124960000,200,23200000,5555686,12.89
26/04/2010,10540,1278400000,121(2.54 %),10540,1278400000,0,0,5545146,12.96
27/04/2010,44080,5278230000,118(-2.48 %),44710,5353200000,630,74970000,5501066,13.24
28/04/2010,8630,1015750000,117(-0.85 %),8630,1015750000,0,0,5492436,13.3
29/04/2010,0,0,117(0.00 %),0,0,0,0,5492436,13.3
04/05/2010,980,115820000,117(0.00 %),980,115820000,0,0,5491456,13.31
05/05/2010,-150,-17550000,119(1.71 %),4200,491400000,4350,508950000,5491606,13.3
06/05/2010,-1990,-234910000,117(-1.68 %),0,0,1990,234910000,5493596,13.29
07/05/2010,1000,116000000,114(-2.56 %),1000,116000000,0,0,5492596,13.3
10/05/2010,730,82420000,114(0.00 %),820,92680000,90,10260000,5491866,13.3
11/05/2010,500,59500000,119(4.39 %),500,59500000,0,0,5491366,13.31
12/05/2010,2990,364180000,119(0.00 %),2990,364180000,0,0,5488376,13.33
13/05/2010,-2000,-240000000,117(-1.68 %),0,0,2000,240000000,5490376,13.31
14/05/2010,-25600,-2937000000,115(-1.71 %),2400,283000000,28000,3220000000,5515976,13.15
17/05/2010,5400,619400000,114(-0.87 %),12400,1424400000,7000,805000000,5510576,13.18
18/05/2010,510,71510000,115(0.88 %),5200,593000000,4690,521490000,5510066,13.18
19/05/2010,-14280,-821890000,57(-0.87 %),30,1710000,14310,823600000,5524346,13.09
20/05/2010,-1200,-66350000,57(0.00 %),500,27500000,1700,93850000,5525546,13.08
21/05/2010,-8100,-441450000,54.5(-4.39 %),1900,103550000,10000,545000000,5533646,13.03
24/05/2010,-5000,-270000000,54(-0.92 %),0,0,5000,270000000,5538646,13.0
25/05/2010,18380,980170000,52.5(-2.78 %),18480,985420000,100,5250000,5520266,13.12
26/05/2010,19250,1031050000,55(4.76 %),19250,1031050000,0,0,5501016,13.24
27/05/2010,1020,56100000,56(1.82 %),1020,56100000,0,0,5499996,13.25
28/05/2010,1000,57500000,57.5(2.68 %),1000,57500000,0,0,5498996,13.26
31/05/2010,100,5700000,56(-2.61 %),100,5700000,0,0,5498896,13.26
01/06/2010,0,0,56.5(0.89 %),0,0,0,0,5498896,13.26
02/06/2010,5400,306100000,56(-0.88 %),11680,659920000,6280,353820000,5493496,13.29
03/06/2010,-150,-8550000,55.5(-0.89 %),0,0,150,8550000,5493646,13.29
04/06/2010,-8340,-460350000,55(-0.90 %),0,0,8340,460350000,5501986,13.24
07/06/2010,-10160,-541540000,53(-3.64 %),0,0,10160,541540000,5512146,13.17
08/06/2010,-6130,-324760000,53(0.00 %),0,0,6130,324760000,5518276,13.13
09/06/2010,-6440,-343565000,53(0.00 %),0,0,6440,343565000,5524716,13.09
10/06/2010,-310,-16430000,53(0.00 %),0,0,310,16430000,5525026,13.09
11/06/2010,890,47170000,53.5(0.94 %),36892,1865271000,36002,1818101000,5524136,13.09
14/06/2010,150,8100000,53.5(0.00 %),150,8100000,0,0,5523986,13.09
15/06/2010,0,0,52.5(-1.87 %),0,0,0,0,5523986,13.09
16/06/2010,100,5300000,53.5(1.90 %),100,5300000,0,0,5523886,13.09
17/06/2010,5410,292140000,54(0.93 %),5410,292140000,0,0,5518476,13.13
18/06/2010,4070,219780000,54(0.00 %),4070,219780000,0,0,5514456,13.16
21/06/2010,-1460,-78190000,53.5(-0.93 %),0,0,1460,78190000,5515866,13.15
22/06/2010,-2660,-135240000,53(-0.93 %),8820,467460000,11480,602700000,5518526,13.13
23/06/2010,-300,-15900000,53(0.00 %),0,0,300,15900000,5518826,13.13
24/06/2010,-3780,-198450000,52.5(-0.94 %),0,0,3780,198450000,5522606,13.1
25/06/2010,-7440,-383160000,51.5(-1.90 %),0,0,7440,383160000,5530046,13.05
28/06/2010,2000,104500000,52(0.97 %),2000,104500000,0,0,5528046,13.07
29/06/2010,0,0,52(0.00 %),0,0,0,0,5528046,13.07
30/06/2010,1540,77770000,52(0.00 %),2140,108070000,600,30300000,5526506,13.08
01/07/2010,0,0,50.5(-2.88 %),0,0,0,0,5526506,13.08
02/07/2010,-1320,-66410000,51(0.99 %),1100,57050000,2420,123460000,5527826,13.07
05/07/2010,9370,492555000,53.5(4.90 %),9520,500580000,150,8025000,5518456,13.13
06/07/2010,3600,198300000,55.5(3.74 %),5600,310300000,2000,112000000,5514856,13.15
07/07/2010,-910,-48495000,53.5(-3.60 %),600,33300000,1510,81795000,5515766,13.15
08/07/2010,-2100,-111350000,52(-2.80 %),2000,105100000,4100,216450000,11166293,-11.79
09/07/2010,-6790,-350330000,52(0.00 %),0,0,6790,350330000,11173083,12.69
12/07/2010,-15620,-806550000,51.5(-0.96 %),380,19950000,16000,826500000,11188703,12.64
13/07/2010,14300,750600000,53(2.91 %),14300,750600000,0,0,11174403,12.68
14/07/2010,0,0,52(-1.89 %),0,0,0,0,11174403,12.68
15/07/2010,-130,-6760000,52(0.00 %),0,0,130,6760000,11174533,12.68
16/07/2010,6690,347770000,52(0.00 %),6690,347770000,0,0,11167843,12.7
19/07/2010,670,34840000,51.5(-0.96 %),6670,343840000,6000,309000000,11167173,12.71
20/07/2010,5720,294940000,51(-0.97 %),6720,346440000,1000,51500000,11161453,12.73
21/07/2010,-2000,-103000000,51(0.00 %),0,0,2000,103000000,11163453,12.72
22/07/2010,-4550,-231300000,50.5(-0.98 %),0,0,4550,231300000,11168003,12.7
23/07/2010,0,0,50(-0.99 %),0,0,0,0,11168003,12.7
26/07/2010,33100,1606713000,48.4(-3.20 %),33100,1606713000,0,0,11134903,12.81
27/07/2010,14350,699356000,48.1(-0.62 %),23000,1115811000,8650,416455000,11120553,12.86
28/07/2010,2300,131340000,46.2(-3.95 %),32300,1524840000,30000,1393500000,11118253,12.87
29/07/2010,-28000,-1279728000,46.5(0.65 %),0,0,28000,1279728000,11146253,12.77
30/07/2010,1280,59082000,46.1(-0.86 %),3100,143530000,1820,84448000,11144973,12.78
02/08/2010,880,40414000,45.5(-1.30 %),880,40414000,0,0,11144093,12.78
03/08/2010,1530,70508000,46(1.10 %),2030,93368000,500,22860000,11142563,12.79
04/08/2010,300,13200000,45.9(-0.22 %),300,13200000,0,0,11142263,12.79
05/08/2010,7380,335840000,45.2(-1.53 %),7880,358790000,500,22950000,11134883,12.81
06/08/2010,13100,587454000,44.5(-1.55 %),13100,587454000,0,0,11121783,12.85
09/08/2010,-1130,-48239000,42.4(-4.72 %),1100,46860000,2230,95099000,11122913,12.85
10/08/2010,52000,2103784000,40.4(-4.72 %),52000,2103784000,0,0,11070913,13.02
11/08/2010,27480,1129280000,40.5(0.25 %),27480,1129280000,0,0,10956883,13.39
12/08/2010,-1070,-43509000,38.8(-4.20 %),5100,199750000,6170,243259000,11044503,13.11
13/08/2010,20,690000,38.9(0.26 %),1020,39790000,1000,39100000,11044483,13.11
16/08/2010,25200,1015780000,40.8(4.88 %),25200,1015780000,0,0,11019283,13.19
17/08/2010,6920,283028000,40.9(0.25 %),6920,283028000,0,0,10970983,13.34
18/08/2010,17000,691218000,40(-2.20 %),21000,854818000,4000,163600000,10995363,13.27
19/08/2010,730,29100000,40.3(0.75 %),1730,69050000,1000,39950000,10994633,13.27
20/08/2010,16730,668500000,40(-0.74 %),16730,668500000,0,0,10977903,13.32
23/08/2010,-6460,-251741000,38.5(-3.75 %),1200,48000000,7660,299741000,10984363,13.3
24/08/2010,20140,755280000,37.1(-3.64 %),20140,755280000,0,0,0,0.0
25/08/2010,51490,1818970000,35.3(-4.85 %),51890,1833450000,400,14480000,0,49.17
26/08/2010,3770,134966000,35.8(1.42 %),3770,134966000,0,0,0,49.18
27/08/2010,3000,106500000,35.6(-0.56 %),3000,106500000,0,0,0,49.19
30/08/2010,0,0,37.3(4.78 %),0,0,0,0,0,49.19
31/08/2010,8110,313735000,39.1(4.83 %),8130,314515000,20,780000,0,49.22
01/09/2010,9810,397820000,40.8(4.35 %),10810,438520000,1000,40700000,0,49.25
06/09/2010,5680,243104000,42.8(4.90 %),8180,350104000,2500,107000000,10882363,49.27
07/09/2010,10200,442849000,42.8(0.00 %),13700,593549000,3500,150700000,0,49.3
08/09/2010,43090,1807685000,42.1(-1.64 %),44590,1870685000,1500,63000000,0,49.44
09/09/2010,20480,874656000,42.8(1.66 %),21580,921906000,1100,47250000,0,49.51
10/09/2010,29550,1262028000,42(-1.87 %),65552,2727309000,36002,1465281000,0,49.6
13/09/2010,24940,1016492000,40.4(-3.81 %),24940,1016492000,0,0,0,49.68
14/09/2010,2040,82679000,40.9(1.24 %),2040,82679000,0,0,0,49.69
15/09/2010,8540,356272000,41.8(2.20 %),8540,356272000,0,0,0,49.72
16/09/2010,2460,100710000,41(-1.91 %),2460,100710000,0,0,0,49.73
17/09/2010,-17100,-696999000,41.9(2.20 %),4300,179770000,21400,876769000,0,49.67
20/09/2010,6030,259290000,43(2.63 %),6030,259290000,0,0,0,49.69
21/09/2010,-31350,-1319835000,42.1(-2.09 %),0,0,31350,1319835000,0,49.59
22/09/2010,3330,140278000,42.2(0.24 %),3330,140278000,0,0,0,49.6
23/09/2010,3910,163540000,42(-0.47 %),7710,323820000,3800,160280000,0,49.61
24/09/2010,-500,-20950000,41.5(-1.19 %),0,0,500,20950000,0,49.61
27/09/2010,-500,-20700000,41.2(-0.72 %),0,0,500,20700000,0,49.61
28/09/2010,14660,611342000,41.2(0.00 %),15160,632592000,500,21250000,0,49.66
29/09/2010,3470,142911000,40.7(-1.21 %),3470,142911000,0,0,0,49.67
30/09/2010,17230,700027000,40.7(0.00 %),17230,700027000,0,0,10741883,49.72
01/10/2010,37220,1519253000,40.8(0.25 %),37320,1523333000,100,4080000,10704663,14.21
04/10/2010,73490,2950749000,40(-1.96 %),73490,2950749000,0,0,10631173,14.45
05/10/2010,36620,1447656000,39.9(-0.25 %),36620,1447656000,0,0,10594553,14.57
06/10/2010,69640,2857682000,41.4(3.76 %),69640,2857682000,0,0,10524913,14.79
07/10/2010,66090,2750870000,41.2(-0.48 %),66090,2750870000,0,0,10458823,15.01
08/10/2010,33080,1346707000,40.8(-0.97 %),33080,1346707000,0,0,10425743,15.12
11/10/2010,12990,528973000,40.7(-0.25 %),12990,528973000,0,0,10412753,15.16
12/10/2010,64070,2593502000,40.3(-0.98 %),69470,2813451000,5400,219949000,10348683,15.37
13/10/2010,33500,1351861000,40.4(0.25 %),33500,1351861000,0,0,10315183,15.48
14/10/2010,41240,1667726000,40.4(0.00 %),41240,1667726000,0,0,10273943,15.61
15/10/2010,28890,1162799000,40.3(-0.25 %),28890,1162799000,0,0,10245053,15.7
18/10/2010,6640,266562000,40.5(0.50 %),6640,266562000,0,0,10238413,15.73
19/10/2010,37170,1472224000,39.5(-2.47 %),37170,1472224000,0,0,10201243,15.85
20/10/2010,47570,1823832000,37.6(-4.81 %),51570,1979132000,4000,155300000,10153673,16.0
21/10/2010,54830,2075012000,37.8(0.53 %),54830,2075012000,0,0,10098843,16.18
22/10/2010,38620,1464168000,37.9(0.26 %),38620,1464168000,0,0,10060223,16.3
25/10/2010,17830,674641000,37.9(0.00 %),27830,1052207000,10000,377566000,10042393,16.36
26/10/2010,53060,2040792000,38.5(1.58 %),53060,2040792000,0,0,9989333,16.53
27/10/2010,55620,2135556000,38.3(-0.52 %),56450,2167760000,830,32204000,9933713,16.72
28/10/2010,63660,2437326000,38.3(0.00 %),63660,2437326000,0,0,9870053,16.92
29/10/2010,19610,751013000,38.3(0.00 %),19610,751013000,0,0,9850443,16.99
01/11/2010,18110,689002000,38.2(-0.26 %),27110,1032002000,9000,343000000,9832333,17.04
02/11/2010,21000,794600000,37.8(-1.05 %),21000,794600000,0,0,9811333,17.11
03/11/2010,36410,1363901000,37.5(-0.79 %),36410,1363901000,0,0,9774923,17.23
04/11/2010,17780,667683000,37.7(0.53 %),17780,667683000,0,0,9757143,17.29
05/11/2010,57530,2211123000,38.7(2.65 %),59950,2303809000,2420,92686000,9699613,17.48
08/11/2010,22470,855397000,38(-1.81 %),29250,1114049000,6780,258652000,9677143,17.55
09/11/2010,35610,1337205000,37.5(-1.32 %),36810,1382645000,1200,45440000,9641533,17.67
10/11/2010,19100,717342000,37.6(0.27 %),19120,718100000,20,758000,9622433,17.73
11/11/2010,29700,1100784000,37(-1.60 %),39710,1471520000,10010,370736000,9592733,17.82
12/11/2010,28700,1022338000,35.3(-4.59 %),28700,1022338000,0,0,9564033,17.92
15/11/2010,29990,1032176000,34(-3.68 %),39990,1379535000,10000,347359000,9534043,18.01
16/11/2010,48220,1629690000,34(0.00 %),58220,1969690000,10000,340000000,9485823,18.17
17/11/2010,58630,1958707000,32.3(-5.00 %),70330,2353349000,11700,394642000,9427193,18.36
18/11/2010,35590,1170037000,32.6(0.93 %),35590,1170037000,0,0,9391603,18.48
19/11/2010,13260,427887000,32.3(-0.92 %),23260,739637000,10000,311750000,9378343,18.52
22/11/2010,47600,1487035000,31.4(-2.79 %),54600,1705635000,7000,218600000,9330743,18.68
23/11/2010,38580,1250374000,32.9(4.78 %),38580,1250374000,0,0,9292163,18.8
24/11/2010,30010,966576000,32.2(-2.13 %),36010,1156746000,6000,190170000,9262153,18.9
25/11/2010,34610,1137783000,33(2.48 %),35370,1162635000,760,24852000,9227543,19.01
26/11/2010,57080,1888242000,33.5(1.52 %),67080,2218962000,10000,330720000,9170463,19.2
29/11/2010,33520,1150015000,35(4.48 %),34520,1185015000,1000,35000000,9136943,19.3
30/11/2010,44180,1616192000,36.7(4.86 %),50740,1852644000,6560,236452000,9092763,19.45
01/12/2010,37830,1395522000,37(0.82 %),48830,1800277000,11000,404755000,9054933,19.57
02/12/2010,69290,2645257000,38.8(4.86 %),71310,2720197000,2020,74940000,8985643,19.8
03/12/2010,12540,506085000,40.7(4.90 %),52540,2121085000,40000,1615000000,8973103,19.84
06/12/2010,26400,1143032000,42.7(4.91 %),36400,1543491000,10000,400459000,8946703,19.92
07/12/2010,-5430,-226845000,41.4(-3.04 %),6570,272655000,12000,499500000,8952133,19.91
08/12/2010,67550,2683870000,39.4(-4.83 %),71200,2829770000,3650,145900000,8884583,20.13
09/12/2010,-950,-38230000,41(4.06 %),0,0,950,38230000,8885533,20.12
10/12/2010,-38530,-1616520000,43(4.88 %),11470,483480000,50000,2100000000,8924063,20.0
13/12/2010,6830,306054000,44(2.33 %),6830,306054000,0,0,8917233,20.02
14/12/2010,11380,476837000,41.8(-5.00 %),16690,699322000,5310,222485000,8905853,20.06
15/12/2010,43680,1827321000,41(-1.91 %),43680,1827321000,0,0,8862173,20.2
16/12/2010,-21500,-849389000,39(-4.88 %),500,19750000,22000,869139000,8883673,20.13
17/12/2010,9970,393497000,40.1(2.82 %),9970,393497000,0,0,8873703,20.16
20/12/2010,4620,183260000,39.2(-2.24 %),4620,183260000,0,0,8869083,20.18
21/12/2010,32660,1299218000,39.9(1.79 %),32660,1299218000,0,0,8836423,20.28
22/12/2010,20920,838530000,40(0.25 %),31380,1252200000,10460,413670000,8815503,20.35
23/12/2010,52210,2082854000,39.8(-0.50 %),52210,2082854000,0,0,8763293,20.52
24/12/2010,13690,546059000,40(0.50 %),13690,546059000,0,0,8749603,20.56
27/12/2010,67970,2698409000,39.7(-0.75 %),67970,2698409000,0,0,8681633,20.78
28/12/2010,54760,2190399000,40.2(1.26 %),54760,2190399000,0,0,8626873,20.96
29/12/2010,21580,863200000,40(-0.50 %),21580,863200000,0,0,8605293,21.03
30/12/2010,103770,4150433000,40(0.00 %),103770,4150433000,0,0,8501523,21.37
31/12/2010,10160,405816000,40(0.00 %),10160,405816000,0,0,8491363,21.4
04/01/2011,6230,251338000,40.4(1.00 %),6230,251338000,0,0,8485133,21.42
05/01/2011,11510,462992000,40(-0.99 %),11510,462992000,0,0,8473623,21.46
06/01/2011,1590,63350000,39.5(-1.25 %),1590,63350000,0,0,8472033,21.47
07/01/2011,0,0,39.3(-0.51 %),0,0,0,0,8472033,21.47
10/01/2011,11470,449160000,39.5(0.51 %),11470,449160000,0,0,8460563,21.5
11/01/2011,8110,314030000,38.5(-2.53 %),8110,314030000,0,0,8452453,21.53
12/01/2011,690,26565000,38.5(0.00 %),690,26565000,0,0,8451763,21.53
13/01/2011,4180,162630000,38.7(0.52 %),4180,162630000,0,0,8447583,21.55
14/01/2011,25900,1013498000,39(0.78 %),25900,1013498000,0,0,8421683,21.63
17/01/2011,1390,55600000,39.6(1.54 %),1390,55600000,0,0,8420293,21.63
18/01/2011,12240,488197000,39.6(0.00 %),12240,488197000,0,0,8408053,21.67
19/01/2011,24310,977253000,40(1.01 %),24310,977253000,0,0,8383743,21.75
20/01/2011,6060,240582000,39.7(-0.75 %),6060,240582000,0,0,8377683,21.77
21/01/2011,16720,664943000,39.7(0.00 %),16720,664943000,0,0,8360963,21.83
24/01/2011,4020,155872000,38.6(-2.77 %),4020,155872000,0,0,8356943,21.84
25/01/2011,6140,242958000,39.4(2.07 %),6140,242958000,0,0,8350803,21.86
26/01/2011,3090,122041000,39.4(0.00 %),3090,122041000,0,0,8347713,39.86
27/01/2011,23080,912852000,39.9(1.27 %),23080,912852000,0,0,8324633,21.94
28/01/2011,17240,689500000,39.9(0.00 %),17240,689500000,0,0,8307393,22.0
08/02/2011,11810,473709000,40(0.25 %),11910,477709000,100,4000000,8295583,22.04
09/02/2011,1450,57670000,39.1(-2.25 %),1450,57670000,0,0,8294133,22.04
10/02/2011,0,0,38.3(-2.05 %),0,0,0,0,8294133,22.04
11/02/2011,0,0,38.5(0.52 %),0,0,0,0,8294133,22.04
14/02/2011,2000,77750000,38.7(0.52 %),2000,77750000,0,0,8292133,22.05
15/02/2011,3600,138080000,38.5(-0.52 %),3600,138080000,0,0,8288533,22.06
16/02/2011,3400,129895000,38.2(-0.78 %),3400,129895000,0,0,8285133,22.07
17/02/2011,16080,614958000,38.7(1.31 %),16180,618828000,100,3870000,8269053,22.13
18/02/2011,5830,219855000,37.5(-3.10 %),8830,334810000,3000,114955000,8263223,22.14
21/02/2011,82200,2939950000,35.7(-4.80 %),82200,2939950000,0,0,8181023,22.41
22/02/2011,-10000,-341042000,34(-4.76 %),0,0,10000,341042000,8191023,22.38
23/02/2011,-12460,-421320000,33.6(-1.18 %),6340,213010000,18800,634330000,8203483,22.34
24/02/2011,-130860,-4187763000,32(-4.76 %),2000,64000000,132860,4251763000,8334343,21.91
25/02/2011,900,29570000,33.6(5.00 %),900,29570000,0,0,8333443,21.92
28/02/2011,3000,102000000,34(1.19 %),3000,102000000,0,0,8330443,21.93
01/03/2011,-39520,-1307564000,33.1(-2.65 %),150,4980000,39670,1312544000,8369963,21.8
02/03/2011,-30620,-964095000,31.5(-4.83 %),3200,103800000,33820,1067895000,8400583,21.7
03/03/2011,9940,297649000,30.5(-3.17 %),83640,2561259000,73700,2263610000,0,0.0
04/03/2011,11500,353850000,30.9(1.31 %),50000,1538996000,38500,1185146000,0,0.0
07/03/2011,11620,358556000,30.9(0.00 %),67880,2094908000,56260,1736352000,0,0.0
08/03/2011,8090,253986000,31.3(1.29 %),110200,3447571000,102110,3193585000,0,0.0
09/03/2011,17680,538080000,31(-0.96 %),17680,538080000,0,0,0,0.0
10/03/2011,13070,417947000,32.5(4.84 %),62610,2003227000,49540,1585280000,0,0.0
11/03/2011,-2400,-81840000,33(1.54 %),0,0,2400,81840000,0,0.0
14/03/2011,100,3150000,31.4(-4.85 %),100,3150000,0,0,0,0.0
15/03/2011,-11380,-350597000,31(-1.27 %),0,0,11380,350597000,0,0.0
16/03/2011,-4550,-139047000,30.6(-1.29 %),0,0,4550,139047000,8334344,21.91
17/03/2011,-1000,-30600000,30.8(0.65 %),0,0,1000,30600000,8335344,21.91
18/03/2011,-70100,-2198994000,31.6(2.60 %),0,0,70100,2198994000,8405444,21.68
21/03/2011,-16410,-543571000,33.1(4.75 %),2000,65800000,18410,609371000,8421854,21.63
22/03/2011,-850,-27930000,32.8(-0.91 %),500,16350000,1350,44280000,8422704,21.63
23/03/2011,11140,361756000,32.6(-0.61 %),11760,382030000,620,20274000,8411564,21.66
24/03/2011,0,0,32.2(-1.23 %),0,0,0,0,8411564,21.66
25/03/2011,2500,80050000,32.1(-0.31 %),2500,80050000,0,0,8409064,21.67
28/03/2011,500,16000000,32(-0.31 %),500,16000000,0,0,8408564,21.67
29/03/2011,500,15800000,31.8(-0.62 %),500,15800000,0,0,8408064,21.67
30/03/2011,26350,831925000,31.7(-0.31 %),26350,831925000,0,0,8381714,21.76
31/03/2011,20690,657942000,31.8(0.32 %),20690,657942000,0,0,8361024,21.83
01/04/2011,-2370,-75871000,32.2(1.26 %),7030,225729000,9400,301600000,8375584,21.78
04/04/2011,14830,471594000,31.8(-1.24 %),14830,471594000,0,0,8360754,21.83
05/04/2011,8320,265010000,31.9(0.31 %),8360,266278000,40,1268000,8352434,21.85
06/04/2011,0,0,32.2(0.94 %),0,0,0,0,8352434,21.85
07/04/2011,6150,196010000,31.8(-1.24 %),6150,196010000,0,0,8346284,21.87
08/04/2011,19130,608548000,32(0.63 %),19130,608548000,0,0,8327154,21.94
13/04/2011,14000,444400000,31.6(-1.25 %),14000,444400000,0,0,8313154,21.98
14/04/2011,4880,153640000,31.5(-0.32 %),7480,235020000,2600,81380000,8308274,22.0
15/04/2011,37620,1183642000,31.5(0.00 %),39120,1230742000,1500,47100000,8270654,22.12
18/04/2011,3710,114060000,30.1(-4.44 %),6710,206360000,3000,92300000,8266944,22.13
19/04/2011,6550,198941000,30.1(0.00 %),6550,198941000,0,0,8260394,22.15
20/04/2011,10550,317995000,30.1(0.00 %),10850,327265000,300,9270000,8249844,22.19
21/04/2011,-1660,-49602000,29.3(-2.66 %),0,0,1660,49602000,8251504,22.18
22/04/2011,5300,155160000,28(-4.44 %),5300,155160000,0,0,8246204,22.2
25/04/2011,-1900,-54992000,28.5(1.79 %),100,2800000,2000,57792000,8248104,22.19
26/04/2011,2060,57992000,27.2(-4.56 %),3660,103592000,1600,45600000,8246044,22.2
27/04/2011,7140,194294000,27.5(1.10 %),7140,194294000,0,0,8238904,22.22
28/04/2011,0,0,27.6(0.36 %),0,0,0,0,8238904,22.22
29/04/2011,2110,61088000,28.9(4.71 %),3510,100468000,1400,39380000,8236794,22.23
04/05/2011,0,0,28.9(0.00 %),0,0,0,0,8241534,22.22
05/05/2011,4500,129150000,27.9(-3.46 %),4500,129150000,0,0,8237034,22.23
06/05/2011,-6820,-192830000,28.5(2.15 %),12680,353636000,19500,546466000,8243854,22.21
09/05/2011,2800,84200000,29.9(4.91 %),17800,526600000,15000,442400000,8241054,22.22
10/05/2011,-56360,-1719627000,30.3(1.34 %),10000,302979000,66360,2022606000,8297414,22.03
11/05/2011,-3330,-102108000,30.6(0.99 %),600,18350000,3930,120458000,8300744,22.02
12/05/2011,29200,882998000,30.2(-1.31 %),30410,919782000,1210,36784000,8271544,22.12
13/05/2011,23000,677522000,29.4(-2.65 %),24500,722673000,1500,45151000,8248544,22.19
16/05/2011,50000,981000000,19.2(1.59 %),50000,981000000,0,0,8198544,22.35
17/05/2011,22060,414303000,18.8(-2.08 %),22810,428778000,750,14475000,8176484,22.43
18/05/2011,16500,311800000,19.1(1.60 %),17000,321400000,500,9600000,8159984,22.48
19/05/2011,2000,38003000,19.1(0.00 %),2000,38003000,0,0,8157984,22.49
20/05/2011,-12360,-227239000,18.3(-4.19 %),2300,43700000,14660,270939000,8170344,22.45
23/05/2011,-8800,-154366000,17.4(-4.92 %),0,0,8800,154366000,8179144,22.42
24/05/2011,-11780,-198525000,16.6(-4.60 %),400,6760000,12180,205285000,8190924,22.38
25/05/2011,11550,182490000,15.8(-4.82 %),11550,182490000,0,0,8179374,22.42
26/05/2011,-35520,-580230000,16.5(4.43 %),50,755000,35570,580985000,8214894,22.3
27/05/2011,8750,151375000,17.3(4.85 %),8750,151375000,0,0,8206144,22.33
30/05/2011,20000,362000000,18.1(4.62 %),20000,362000000,0,0,8186144,22.4
31/05/2011,48960,926922000,19(4.97 %),50810,962072000,1850,35150000,8137184,22.55
01/06/2011,2500,46535000,19.9(4.74 %),64140,1273166000,61640,1226631000,8136742,22.56
02/06/2011,0,0,20.8(4.52 %),0,0,0,0,8136742,22.56
03/06/2011,-18100,-394580000,21.8(4.81 %),1900,41420000,20000,436000000,8154842,22.5
06/06/2011,0,0,21.7(-0.46 %),0,0,0,0,8154842,22.5
07/06/2011,0,0,22.7(4.61 %),0,0,0,0,8154842,22.5
08/06/2011,7520,174220000,23.1(1.76 %),7520,174220000,0,0,8147322,22.52
09/06/2011,0,0,22.4(-3.03 %),0,0,0,0,8147322,22.52
10/06/2011,2760,61866000,22.4(0.00 %),2760,61866000,0,0,8144562,22.53
13/06/2011,0,0,22.7(1.34 %),0,0,0,0,8144562,22.53
14/06/2011,-150,-3345000,22.3(-1.76 %),0,0,150,3345000,8144712,22.53
15/06/2011,300,6480000,21.2(-4.93 %),900,19800000,600,13320000,8144412,22.53
16/06/2011,11980,258410000,22(3.77 %),11980,258410000,0,0,8132432,22.57
17/06/2011,36090,773080000,21(-4.55 %),36090,773080000,0,0,8096342,22.69
20/06/2011,-5800,-116900000,20(-4.76 %),0,0,5800,116900000,8102142,22.67
21/06/2011,22650,462650000,21(5.00 %),22650,462650000,0,0,8079492,22.74
22/06/2011,20920,451645000,21.6(2.86 %),60920,1316645000,40000,865000000,8058572,22.81
23/06/2011,0,0,21(-2.78 %),0,0,0,0,8058572,22.81
24/06/2011,-21620,-446919000,20.6(-1.90 %),140,2926000,21760,449845000,8080192,22.74
27/06/2011,-22000,-449635000,20.3(-1.46 %),0,0,22000,449635000,8102192,22.67
28/06/2011,-3140,-65389000,21(3.45 %),0,0,3140,65389000,8105332,22.66
29/06/2011,-8780,-183812000,20.8(-0.95 %),0,0,8780,183812000,8114112,22.63
30/06/2011,5000,107500000,21.8(4.81 %),5000,107500000,0,0,8109112,22.65
01/07/2011,0,0,21.2(-2.75 %),0,0,0,0,8096542,22.69
04/07/2011,100,2120000,21.1(-0.47 %),100,2120000,0,0,8096442,47.19
05/07/2011,0,0,21.3(0.95 %),0,0,0,0,8096442,47.19
06/07/2011,-10,-209000,20.8(-2.35 %),0,0,10,209000,8096452,47.19
07/07/2011,-100,-2100000,20.6(-0.96 %),0,0,100,2100000,8096552,47.19
08/07/2011,47250,966375000,20.4(-0.97 %),47250,966375000,0,0,8049302,47.34
11/07/2011,13600,277440000,20.5(0.49 %),15000,306000000,1400,28560000,8035702,47.38
12/07/2011,25850,529447000,20.7(0.98 %),27130,555559000,1280,26112000,8009852,47.47
13/07/2011,13670,284356000,20.8(0.48 %),13670,284356000,0,0,7996182,47.51
14/07/2011,20000,417500000,20.9(0.48 %),20000,417500000,0,0,7976182,47.58
15/07/2011,10000,208392000,20.9(0.00 %),10000,208392000,0,0,7966182,47.61
18/07/2011,40000,830514000,20.9(0.00 %),40000,830514000,0,0,7926182,47.74
19/07/2011,24670,510161000,20.7(-0.96 %),24920,515336000,250,5175000,7901512,23.32
20/07/2011,-26100,-538464000,20.9(0.97 %),7950,165965000,34050,704429000,7927612,47.74
21/07/2011,-26040,-536192000,20.5(-1.91 %),0,0,26040,536192000,7953652,47.65
22/07/2011,-4550,-93275000,20.4(-0.49 %),0,0,4550,93275000,7958202,47.64
25/07/2011,0,0,20.1(-1.47 %),0,0,0,0,7958202,47.64
26/07/2011,0,0,20.1(0.00 %),0,0,0,0,7958202,47.64
27/07/2011,0,0,20.1(0.00 %),0,0,0,0,7958202,47.64
28/07/2011,-5710,-116695000,20.1(0.00 %),0,0,5710,116695000,7963912,47.62
29/07/2011,14000,285600000,20.4(1.49 %),14000,285600000,0,0,7949912,47.66
01/08/2011,-1150,-22917000,20.3(-0.49 %),2000,40890000,3150,63807000,12079103,34.24
02/08/2011,-50,-1015000,19.5(-3.94 %),0,0,50,1015000,12079153,34.24
03/08/2011,400,7800000,18.8(-3.59 %),400,7800000,0,0,12078753,34.24
04/08/2011,-7270,-143219000,19.7(4.79 %),0,0,7270,143219000,12086023,34.22
05/08/2011,500,10015000,20(1.52 %),500,10015000,0,0,12085523,34.22
08/08/2011,-17750,-348350000,19.3(-3.50 %),0,0,17750,348350000,12103273,34.16
09/08/2011,2900,54380000,18.4(-4.66 %),20000,372500000,17100,318120000,12100373,34.17
10/08/2011,-35600,-663335000,18.5(0.54 %),500,9250000,36100,672585000,12135973,34.06
11/08/2011,0,0,18.5(0.00 %),0,0,0,0,12135973,34.06
12/08/2011,-14000,-264504000,19(2.70 %),0,0,14000,264504000,12149973,34.01
15/08/2011,0,0,19.1(0.53 %),0,0,0,0,12149973,34.01
16/08/2011,500,9550000,19.4(1.57 %),500,9550000,0,0,12149473,34.01
17/08/2011,2000,39200000,20(3.09 %),2000,39200000,0,0,12147473,22.68
18/08/2011,-3920,-74441000,20.5(2.50 %),16370,334648000,20290,409089000,12151393,22.67
19/08/2011,1000,19900000,19.9(-2.93 %),1000,19900000,0,0,12150393,22.67
22/08/2011,1980,40590000,20.8(4.52 %),1980,40590000,0,0,12148413,22.68
23/08/2011,0,0,20.8(0.00 %),0,0,0,0,12148413,22.68
24/08/2011,-20940,-418800000,20(-3.85 %),0,0,20940,418800000,12169353,22.63
25/08/2011,2000,41000000,20.6(3.00 %),2000,41000000,0,0,12167353,22.64
26/08/2011,-1980,-40688000,20.3(-1.46 %),0,0,1980,40688000,12169333,22.63
29/08/2011,23400,488880000,21.3(4.93 %),23400,488880000,0,0,12145933,22.68
30/08/2011,-14930,-330750000,22(3.29 %),30000,662300000,44930,993050000,12160863,22.65
31/08/2011,-23650,-542706000,22.8(3.64 %),6350,142294000,30000,685000000,12184513,22.6
01/09/2011,-52410,-1228657000,23.5(3.07 %),1680,39480000,54090,1268137000,12118443,22.74
05/09/2011,-31160,-703570000,22.4(-4.68 %),5000,116500000,36160,820070000,12149603,22.68
06/09/2011,-42840,-925279000,21.5(-4.02 %),0,0,42840,925279000,12192443,22.58
07/09/2011,-124700,-2770315000,22.3(3.72 %),0,0,124700,2770315000,12317143,22.31
08/09/2011,-112260,-2611161000,22.9(2.69 %),4410,102271000,116670,2713432000,12429403,22.07
09/09/2011,-74350,-1726063000,23.2(1.31 %),4320,100910000,78670,1826973000,12503753,21.91
12/09/2011,-49030,-1122053000,22.8(-1.72 %),0,0,49030,1122053000,12552783,21.8
13/09/2011,-58230,-1359167000,23.6(3.51 %),0,0,58230,1359167000,12611013,21.68
14/09/2011,-87800,-2005995000,22.5(-4.66 %),0,0,87800,2005995000,12698813,21.49
15/09/2011,-176600,-3844718000,21.9(-2.67 %),0,0,176600,3844718000,12875413,21.1
16/09/2011,-184690,-4013434000,21.5(-1.83 %),3000,65700000,187690,4079134000,13060103,20.7
19/09/2011,-17280,-383165000,22.3(3.72 %),0,0,17280,383165000,13077383,20.67
20/09/2011,-6490,-142880000,21.8(-2.24 %),0,0,6490,142880000,13083873,20.65
21/09/2011,-15000,-327199000,21.7(-0.46 %),0,0,15000,327199000,13098873,20.62
22/09/2011,-2460,-53582000,22.1(1.84 %),0,0,2460,53582000,13101333,20.61
23/09/2011,-28740,-622314000,21.6(-2.26 %),0,0,28740,622314000,13130073,20.55
26/09/2011,-330,-7095000,21.4(-0.93 %),0,0,330,7095000,13130403,20.55
27/09/2011,-35940,-766355000,21.2(-0.93 %),0,0,35940,766355000,13166343,20.47
28/09/2011,-69760,-1472019000,21(-0.94 %),2000,42400000,71760,1514419000,13236103,20.32
29/09/2011,-41460,-852417000,20.5(-2.38 %),1000,20500000,42460,872917000,13277563,20.23
30/09/2011,-10780,-219990000,20.3(-0.98 %),0,0,10780,219990000,13288343,20.21
03/10/2011,2000,39400000,19.6(-3.45 %),2000,39400000,0,0,13290683,20.2
04/10/2011,0,0,19.5(-0.51 %),0,0,0,0,13290683,20.2
05/10/2011,0,0,19.7(1.03 %),0,0,0,0,13290683,20.2
06/10/2011,10000,200000000,20.1(2.03 %),10000,200000000,0,0,13280683,20.23
07/10/2011,-340,-4132000,19.8(-1.49 %),3490,71702000,3830,75834000,13281023,20.22
10/10/2011,0,0,19.7(-0.51 %),0,0,0,0,13281023,20.22
11/10/2011,0,0,19.7(0.00 %),0,0,0,0,13281023,20.22
12/10/2011,25500,496766000,19.3(-2.03 %),25500,496766000,0,0,13255523,20.28
13/10/2011,-72520,-1402790000,19.4(0.52 %),50000,969500000,122520,2372290000,13328043,20.12
14/10/2011,0,0,19.6(1.03 %),0,0,0,0,13328043,20.12
17/10/2011,3300,64350000,19.5(-0.51 %),3300,64350000,0,0,13324743,20.13
18/10/2011,14990,284810000,19(-2.56 %),14990,284810000,0,0,13309753,20.16
19/10/2011,-9830,-184784000,18.8(-1.05 %),100,1900000,9930,186684000,13319583,20.14
20/10/2011,1400,26460000,18.9(0.53 %),1400,26460000,0,0,13318183,20.14
21/10/2011,46320,897200000,19.3(2.12 %),46510,900867000,190,3667000,13271863,20.24
24/10/2011,-29080,-551966000,19(-1.55 %),33540,638622000,62620,1190588000,13300943,20.18
25/10/2011,10920,206583000,18.8(-1.05 %),10920,206583000,0,0,13290023,20.2
26/10/2011,15960,302336000,19(1.06 %),15960,302336000,0,0,13274063,20.24
27/10/2011,-7160,-135324000,18.8(-1.05 %),1000,18900000,8160,154224000,13281223,20.22
28/10/2011,27000,526236000,19.6(4.26 %),27000,526236000,0,0,13254223,20.28
31/10/2011,-21420,-422500000,19.3(-1.53 %),0,0,21420,422500000,13275643,20.24
01/11/2011,-1000,-19000000,19(-1.55 %),0,0,1000,19000000,13369063,20.03
02/11/2011,0,0,18.8(-1.05 %),0,0,0,0,13369063,20.03
03/11/2011,-1360,-25568000,18.8(0.00 %),0,0,1360,25568000,13370423,20.03
04/11/2011,-81490,-1511596000,18.4(-2.13 %),0,0,81490,1511596000,13451913,19.85
07/11/2011,-34890,-629329000,17.8(-3.26 %),5700,101660000,40590,730989000,13486803,19.78
08/11/2011,-50000,-888851000,17.8(0.00 %),0,0,50000,888851000,13536803,19.67
09/11/2011,10000,178000000,17.8(0.00 %),10000,178000000,0,0,13526803,19.69
10/11/2011,0,0,17.4(-2.25 %),0,0,0,0,13526803,19.69
11/11/2011,-22530,-390840000,17.2(-1.15 %),14840,255398000,37370,646238000,13549333,19.64
14/11/2011,8720,146133000,16.8(-2.33 %),26720,448964000,18000,302831000,13540613,19.66
15/11/2011,-3000,-49817000,16.8(0.00 %),0,0,3000,49817000,13543613,19.66
16/11/2011,-23350,-392359000,17(1.19 %),0,0,23350,392359000,13566963,19.6
17/11/2011,-4190,-70592000,16.8(-1.18 %),0,0,4190,70592000,13571153,19.6
18/11/2011,-12510,-207015000,16.5(-1.79 %),1000,16500000,13510,223515000,13583663,19.57
21/11/2011,2760,45540000,16.5(0.00 %),2760,45540000,0,0,13580903,19.57
22/11/2011,-5000,-83000000,16.6(0.61 %),0,0,5000,83000000,13585903,19.56
23/11/2011,-93890,-1541571000,16.3(-1.81 %),100,1680000,93990,1543251000,13679793,19.36
24/11/2011,0,0,16.5(1.23 %),0,0,0,0,13679793,19.36
25/11/2011,-3740,-61884000,16.5(0.00 %),0,0,3740,61884000,13683533,19.35
28/11/2011,-21360,-364606000,17.1(3.64 %),0,0,21360,364606000,13704893,19.31
29/11/2011,-42980,-739554000,17.2(0.58 %),0,0,42980,739554000,13747873,19.21
30/11/2011,-55100,-945940000,17.2(0.00 %),0,0,55100,945940000,13802973,19.09
01/12/2011,-94010,-1638343000,17.5(1.74 %),0,0,94010,1638343000,13714113,19.29
02/12/2011,-224720,-4035565000,18.1(3.43 %),2000,35800000,226720,4071365000,13938833,18.8
05/12/2011,-126620,-2391142000,19(4.97 %),0,0,126620,2391142000,14065453,18.52
06/12/2011,-23070,-441254000,18.9(-0.53 %),2130,40896000,25200,482150000,14088523,18.47
07/12/2011,-870,-16045000,18.7(-1.06 %),500,9300000,1370,25345000,14089393,18.47
08/12/2011,-18150,-328212000,18(-3.74 %),0,0,18150,328212000,14107543,18.43
09/12/2011,-400,-7120000,17.7(-1.67 %),100,1780000,500,8900000,14107943,18.43
12/12/2011,4000,70600000,17.5(-1.13 %),4000,70600000,0,0,14103943,18.44
13/12/2011,0,0,17.7(1.14 %),0,0,0,0,14103943,18.44
14/12/2011,-8650,-148888000,17.5(-1.13 %),0,0,8650,148888000,14112593,18.42
15/12/2011,-950,-16150000,17.2(-1.71 %),0,0,950,16150000,14113543,18.42
16/12/2011,32720,576032000,17.6(2.33 %),35720,628832000,3000,52800000,14080823,18.49
19/12/2011,-8910,-156223000,17.4(-1.14 %),0,0,8910,156223000,14089733,18.47
20/12/2011,0,0,17.2(-1.15 %),0,0,0,0,14089733,18.47
21/12/2011,0,0,17.4(1.16 %),0,0,0,0,14089733,18.47
22/12/2011,-112550,-1889808000,16.6(-4.60 %),500,8350000,113050,1898158000,14202283,18.23
23/12/2011,-9780,-159619000,16.4(-1.20 %),0,0,9780,159619000,14212063,18.21
26/12/2011,0,0,16.3(-0.61 %),0,0,0,0,14212063,18.21
27/12/2011,0,0,16(-1.84 %),0,0,0,0,14212063,18.21
28/12/2011,-490,-8279000,16.8(5.00 %),1610,27001000,2100,35280000,14212553,18.21
29/12/2011,0,0,16.6(-1.19 %),0,0,0,0,14212553,18.21
30/12/2011,-5930,-100424000,17.1(3.01 %),0,0,5930,100424000,14218483,18.19
03/01/2012,0,0,17.3(1.17 %),0,0,0,0,14423903,17.75
04/01/2012,0,0,17.2(-0.58 %),0,0,0,0,14423903,17.75
05/01/2012,2000,34400000,16.9(-1.74 %),200000,3440000000,198000,3405600000,14421903,17.75
06/01/2012,0,0,16.7(-1.18 %),0,0,0,0,14421903,17.75
09/01/2012,0,0,16.6(-0.60 %),0,0,0,0,14421903,17.75
10/01/2012,-1530,-25804000,17.2(3.61 %),0,0,1530,25804000,14423433,17.75
11/01/2012,13700,237010000,17.2(0.00 %),13700,237010000,0,0,14409733,17.78
12/01/2012,0,0,17(-1.16 %),0,0,0,0,14409733,17.78
13/01/2012,-3770,-64467000,17.1(0.59 %),0,0,3770,64467000,14413503,17.77
16/01/2012,17310,310299000,17.9(4.68 %),48810,873699000,31500,563400000,14396193,17.81
17/01/2012,-25000,-460364000,18.2(1.68 %),0,0,25000,460364000,14421193,17.75
18/01/2012,0,0,18.4(1.10 %),0,0,0,0,14421193,17.75
19/01/2012,11540,221480000,19(3.26 %),19540,371260000,8000,149780000,14409653,17.78
20/01/2012,-7810,-146209000,18.6(-2.11 %),0,0,7810,146209000,14417463,17.76
30/01/2012,6210,115627000,18.7(0.54 %),6210,115627000,0,0,14411253,17.78
31/01/2012,-6000,-113100000,18.3(-2.14 %),0,0,6000,113100000,14417253,17.76
01/02/2012,-70930,-1324547000,19(3.83 %),17570,329434000,88500,1653981000,14393903,17.81
02/02/2012,-93680,-1853319000,19.9(4.74 %),6700,131930000,100380,1985249000,14487583,17.61
03/02/2012,130690,2589598000,19.9(0.00 %),361950,7386822000,231260,4797224000,14356893,17.89
06/02/2012,2980,58363000,19.6(-1.51 %),2980,58363000,0,0,14353913,17.9
07/02/2012,36380,717790000,20.4(4.08 %),36380,717790000,0,0,14317533,17.98
08/02/2012,41140,863467000,21.4(4.90 %),43140,904667000,2000,41200000,14276393,18.07
09/02/2012,60000,1258050000,21.4(0.00 %),65000,1365000000,5000,106950000,14216393,18.2
10/02/2012,125520,2620707000,20.6(-3.74 %),128570,2683542000,3050,62835000,14090873,18.47
13/02/2012,116250,2350904000,20.2(-1.94 %),124250,2512504000,8000,161600000,13974623,18.72
14/02/2012,23560,491072000,21.2(4.95 %),25560,532672000,2000,41600000,13951063,18.77
15/02/2012,55000,1170240000,21.8(2.83 %),55000,1170240000,0,0,13896063,18.89
16/02/2012,46530,1009331000,21.6(-0.92 %),48230,1046051000,1700,36720000,13849533,18.99
17/02/2012,-550,-11830000,21.4(-0.93 %),2450,52920000,3000,64750000,13850083,18.99
20/02/2012,48550,1058845000,21.9(2.34 %),48550,1058845000,0,0,13801533,19.1
21/02/2012,51330,1115994000,20.9(-4.57 %),51330,1115994000,0,0,13750203,19.21
22/02/2012,108000,2337735000,21.8(4.31 %),118000,2546735000,10000,209000000,13642203,19.44
23/02/2012,45740,996132000,21.8(0.00 %),45740,996132000,0,0,13596463,19.54
24/02/2012,91620,2028084000,22.5(3.21 %),92170,2040074000,550,11990000,13504843,19.74
27/02/2012,79410,1820052000,23.3(3.56 %),79410,1820052000,0,0,13425433,19.91
28/02/2012,28810,640046000,22.2(-4.72 %),28810,640046000,0,0,13396623,19.97
29/02/2012,89850,2018928000,23(3.60 %),89850,2018928000,0,0,13306773,20.17
01/03/2012,94760,2175672000,23.3(1.30 %),94760,2175672000,0,0,13361693,20.05
02/03/2012,53000,1256732000,24(3.00 %),53000,1256732000,0,0,13308693,20.16
05/03/2012,-100,-2500000,25.2(5.00 %),0,0,100,2500000,13308793,20.16
06/03/2012,98310,2449641000,24.4(-3.17 %),103310,2580641000,5000,131000000,13210483,20.38
07/03/2012,100090,2468225000,25(2.46 %),100090,2468225000,0,0,13110393,20.59
08/03/2012,83030,1993285000,23.8(-4.80 %),83030,1993285000,0,0,13027363,20.77
09/03/2012,144070,3378749000,23.8(0.00 %),144070,3378749000,0,0,12883293,21.09
12/03/2012,76790,1763858000,23(-3.36 %),76790,1763858000,0,0,12806503,21.25
13/03/2012,-35790,-862539000,24.1(4.78 %),0,0,35790,862539000,12842293,21.18
14/03/2012,274420,6935658000,25.3(4.98 %),276920,6998308000,2500,62650000,12567873,21.77
15/03/2012,96880,2523098000,26.1(3.16 %),112950,2941103000,16070,418005000,12470993,21.98
16/03/2012,-28490,-694180000,25.2(-3.45 %),67460,1723760000,95950,2417940000,12499483,21.92
19/03/2012,20110,505120000,25.3(0.40 %),29280,736204000,9170,231084000,12479373,21.96
20/03/2012,29120,738171000,25.8(1.98 %),29120,738171000,0,0,12450253,22.02
21/03/2012,11000,285700000,26.3(1.94 %),11000,285700000,0,0,12439253,22.05
22/03/2012,33100,889128000,27.6(4.94 %),33100,889128000,0,0,12406153,22.12
23/03/2012,15660,452059000,28.9(4.71 %),18000,519685000,2340,67626000,12390493,22.15
26/03/2012,6720,198912000,29.6(2.42 %),6720,198912000,0,0,12383773,22.17
27/03/2012,0,0,28.2(-4.73 %),0,0,0,0,12383773,22.17
28/03/2012,3400,88751000,27.7(-1.77 %),10000,273001000,6600,184250000,12380373,22.18
29/03/2012,500,13850000,27.9(0.72 %),500,13850000,0,0,12379873,22.18
30/03/2012,15230,419717000,27.5(-1.43 %),15230,419717000,0,0,12364643,22.21
03/04/2012,-19450,-523150000,27.7(0.73 %),5000,137000000,24450,660150000,12310683,22.33
04/04/2012,0,0,28.2(1.81 %),0,0,0,0,12310683,22.33
05/04/2012,0,0,29.2(3.55 %),0,0,0,0,12310683,22.33
06/04/2012,-700,-20580000,29.1(-0.34 %),0,0,700,20580000,12311383,22.33
09/04/2012,-5000,-146525000,29.9(2.75 %),0,0,5000,146525000,12316383,22.31
10/04/2012,-50,-1495000,30.8(3.01 %),0,0,50,1495000,12316433,22.31
11/04/2012,-4040,-128068000,32.3(4.87 %),0,0,4040,128068000,12320473,22.31
12/04/2012,2010,68139000,33.9(4.95 %),2010,68139000,0,0,12318463,22.31
13/04/2012,3720,131688000,35.5(4.72 %),3720,131688000,0,0,12314743,22.32
16/04/2012,-5000,-186000000,37.2(4.79 %),0,0,5000,186000000,12319743,22.31
17/04/2012,-9180,-358020000,39(4.84 %),0,0,9180,358020000,12328923,22.29
18/04/2012,-8510,-347659000,40.7(4.36 %),1090,44581000,9600,392240000,12337433,22.27
19/04/2012,-24930,-1018891000,38.7(-4.91 %),4070,157509000,29000,1176400000,12362363,22.21
20/04/2012,1000,37900000,36.8(-4.91 %),11000,410900000,10000,373000000,12361363,22.22
23/04/2012,-15000,-575500000,38.6(4.89 %),0,0,15000,575500000,12376363,22.18
24/04/2012,-13300,-529544000,40.5(4.92 %),3200,129600000,16500,659144000,12389663,22.16
25/04/2012,-5000,-212050000,42.5(4.94 %),0,0,5000,212050000,12394663,22.14
26/04/2012,-19000,-847300000,44.6(4.94 %),10300,457500000,29300,1304800000,12413663,22.1
27/04/2012,-5000,-232500000,46.2(3.59 %),0,0,5000,232500000,12418663,22.09
02/05/2012,64590,2890324000,43.9(-4.98 %),67740,3033406000,3150,143082000,12370413,22.2
03/05/2012,6620,252100000,45(2.51 %),18720,792720000,12100,540620000,12363793,22.21
04/05/2012,5040,237888000,47.2(4.89 %),6040,285088000,1000,47200000,12358753,22.22
07/05/2012,9380,464310000,49.5(4.87 %),10380,513810000,1000,49500000,12349373,22.24
08/05/2012,-268410,-13731569000,49.5(0.00 %),17350,880935000,285760,14612504000,12617783,21.66
09/05/2012,22050,1073090000,48.9(-1.21 %),35350,1736090000,13300,663000000,12595733,21.71
10/05/2012,-35490,-1750297000,46.6(-4.70 %),16640,789472000,52130,2539769000,12631223,21.63
11/05/2012,-6670,-329183000,47.6(2.15 %),16350,778550000,23020,1107733000,12637893,21.62
14/05/2012,-707970,-23575401000,33.3(4.72 %),0,0,707970,23575401000,13345863,20.08
15/05/2012,-136580,-4424594000,31.7(-4.80 %),18100,607886000,154680,5032480000,13482443,19.79
16/05/2012,-29170,-860255000,30.2(-4.73 %),32830,1019950000,62000,1880205000,13511613,19.72
17/05/2012,-74320,-2167412000,28.7(-4.97 %),10,287000,74330,2167699000,13585933,19.56
18/05/2012,-6660,-181818000,27.3(-4.88 %),0,0,6660,181818000,13592593,19.55
21/05/2012,-333600,-9093231000,28.6(4.76 %),22000,580967000,355600,9674198000,13926193,18.83
22/05/2012,-73580,-2048344000,27.2(-4.90 %),1000,28600000,74580,2076944000,13999773,18.67
23/05/2012,0,0,25.9(-4.78 %),0,0,0,0,13999773,18.67
24/05/2012,2500,62070000,24.7(-4.63 %),10000,248000000,7500,185930000,13997273,18.67
25/05/2012,17300,453237000,25.9(4.86 %),51000,1320900000,33700,867663000,13979973,18.71
28/05/2012,-507000,-13722400000,27.1(4.63 %),100000,2710000000,607000,16432400000,14486973,17.61
29/05/2012,-313090,-8483869000,27(-0.37 %),115000,3106106000,428090,11589975000,14800063,16.93
30/05/2012,41940,1164491000,27.3(1.11 %),71900,1985377000,29960,820886000,14758123,17.02
31/05/2012,49000,1322922000,26(-4.76 %),50000,1348922000,1000,26000000,14709123,17.13
01/06/2012,126990,3338739000,26.2(0.77 %),227990,5985139000,101000,2646400000,14131793,18.38
04/06/2012,-126990,-3145598000,24.9(-4.96 %),173010,4352522000,300000,7498120000,14258783,18.11
05/06/2012,-107250,-2644128000,25.2(1.20 %),89990,2213833000,197240,4857961000,14239043,18.15
06/06/2012,0,0,26.4(4.76 %),0,0,0,0,14239043,18.15
07/06/2012,-14340,-397218000,27.7(4.92 %),0,0,14340,397218000,14253383,18.12
08/06/2012,0,0,28(1.08 %),0,0,0,0,14253383,18.12
11/06/2012,0,0,29(3.57 %),0,0,0,0,14253383,18.12
12/06/2012,30000,838500000,27.6(-4.83 %),30000,838500000,0,0,14223383,42.68
13/06/2012,10000,272500000,27.6(0.00 %),10000,272500000,0,0,14213383,42.7
14/06/2012,30000,810000000,26.7(-3.26 %),30000,810000000,0,0,14183383,42.77
15/06/2012,117060,3254048000,28(4.87 %),117060,3254048000,0,0,14066323,43.02
18/06/2012,145000,4202359000,29(3.57 %),145000,4202359000,0,0,13921323,43.34
19/06/2012,70000,1937000000,27.6(-4.83 %),70000,1937000000,0,0,13851323,43.49
20/06/2012,2980,81940000,27.9(1.09 %),3000,82500000,20,560000,13848343,43.49
21/06/2012,-4430,-122770000,27.5(-1.43 %),0,0,4430,122770000,13852773,43.48
22/06/2012,-3640,-98944000,26.9(-2.18 %),2000,53800000,5640,152744000,13856413,28.98
25/06/2012,50010,1300267000,25.8(-4.09 %),50010,1300267000,0,0,13806403,29.06
26/06/2012,51980,1299486000,25.1(-2.71 %),52000,1300000000,20,514000,13754423,29.13
27/06/2012,-18090,-443205000,24.5(-2.39 %),0,0,18090,443205000,13772513,29.11
28/06/2012,-10990,-274440000,25.5(4.08 %),19310,470940000,30300,745380000,13783503,29.09
29/06/2012,3000,78000000,26.1(2.35 %),3000,78000000,0,0,13780503,29.09
02/07/2012,1000,26100000,25(-4.21 %),1000,26100000,0,0,20641145,19.18
03/07/2012,-2700,-67500000,23.9(-4.40 %),0,0,2700,67500000,20643845,19.18
04/07/2012,10000,240500000,23.9(0.00 %),10000,240500000,0,0,20633845,19.19
05/07/2012,-44150,-1058385000,25(4.60 %),0,0,44150,1058385000,20677995,19.13
06/07/2012,810,20250000,25.3(1.20 %),810,20250000,0,0,20677185,19.13
09/07/2012,300,7530000,24.1(-4.74 %),300,7530000,0,0,20676885,19.13
10/07/2012,2560,60981000,24.2(0.41 %),50000,1204526000,47440,1143545000,20674325,19.14
11/07/2012,0,0,24.1(-0.41 %),0,0,0,0,20674325,19.14
12/07/2012,-5000,-120500000,24.4(1.24 %),0,0,5000,120500000,20679325,19.13
13/07/2012,0,0,25.6(4.92 %),0,0,0,0,20679325,19.13
16/07/2012,0,0,26.2(2.34 %),0,0,0,0,20679325,19.13
17/07/2012,-9220,-254428000,27.4(4.58 %),2000,53000000,11220,307428000,20688545,19.12
18/07/2012,1000,27200000,27.5(0.36 %),1000,27200000,0,0,20687545,19.12
19/07/2012,5000,143500000,28.8(4.73 %),5000,143500000,0,0,20682545,19.12
20/07/2012,-44370,-1265210000,28(-2.78 %),800,23100000,45170,1288310000,20726915,19.06
23/07/2012,860,24004000,27.5(-1.79 %),860,24004000,0,0,20726055,19.06
24/07/2012,-8480,-229666000,26.3(-4.36 %),1000,26300000,9480,255966000,20734535,19.05
25/07/2012,-20000,-529900000,26.5(0.76 %),0,0,20000,529900000,20754535,19.02
26/07/2012,-53890,-1446653000,27.2(2.64 %),400,10840000,54290,1457493000,20808425,18.94
27/07/2012,3040,80758000,26.5(-2.57 %),3040,80758000,0,0,20805385,18.95
30/07/2012,-81980,-2164219000,26.3(-0.75 %),0,0,81980,2164219000,20887365,18.83
31/07/2012,-6850,-180155000,26.3(0.00 %),0,0,6850,180155000,20894215,18.82
01/08/2012,0,0,26.1(-0.76 %),0,0,0,0,20853780,18.88
02/08/2012,0,0,26.2(0.38 %),0,0,0,0,20853780,18.88
03/08/2012,-20310,-537184000,26.2(0.00 %),0,0,20310,537184000,20874090,18.85
06/08/2012,-81370,-2224675000,27.5(4.96 %),0,0,81370,2224675000,20955460,18.73
07/08/2012,0,0,27.1(-1.45 %),0,0,0,0,20955460,18.73
08/08/2012,0,0,27.2(0.37 %),0,0,0,0,20955460,18.73
09/08/2012,-8000,-221600000,27.4(0.74 %),2000,55400000,10000,277000000,20963460,18.72
10/08/2012,-900,-24750000,27(-1.46 %),0,0,900,24750000,20964360,18.72
13/08/2012,10000,265000000,26.7(-1.11 %),10000,265000000,0,0,20954360,18.73
14/08/2012,-3310,-88979000,26.9(0.75 %),300,8040000,3610,97019000,20957670,18.73
15/08/2012,0,0,26.9(0.00 %),0,0,0,0,20957670,18.73
16/08/2012,10000,270000000,26.8(-0.37 %),10000,270000000,0,0,20947670,18.74
17/08/2012,0,0,27.2(1.49 %),0,0,0,0,20947670,18.74
20/08/2012,1400,38470000,27.4(0.74 %),1400,38470000,0,0,20946270,18.74
21/08/2012,228000,5955300000,26.1(-4.74 %),228000,5955300000,0,0,20718270,19.07
22/08/2012,36300,926697000,25.6(-1.92 %),36300,926697000,0,0,20681970,19.13
23/08/2012,558960,13639710000,24.4(-4.69 %),569000,13884686000,10040,244976000,20123010,19.93
24/08/2012,301280,7374524000,25.6(4.92 %),316970,7750851000,15690,376327000,19821730,20.37
27/08/2012,360170,8911444000,24.5(-4.30 %),377000,9323779000,16830,412335000,19461560,20.89
28/08/2012,133900,3332209000,25.4(3.67 %),133900,3332209000,0,0,19327660,21.08
29/08/2012,52520,1372615000,26.5(4.33 %),67520,1762615000,15000,390000000,19275140,21.16
30/08/2012,540,14148000,26(-1.89 %),540,14148000,0,0,19274600,21.16
31/08/2012,0,0,26(0.00 %),0,0,0,0,19274600,21.16
04/09/2012,0,0,26.3(1.15 %),0,0,0,0,19362435,21.03
05/09/2012,-5690,-147020000,25.8(-1.90 %),0,0,5690,147020000,19368125,21.02
06/09/2012,20000,506000000,25.3(-1.94 %),20000,506000000,0,0,19348125,21.05
07/09/2012,-1560,-39468000,25.2(-0.40 %),0,0,1560,39468000,19349685,21.05
10/09/2012,-26940,-639048000,24.2(-3.97 %),60000,1478000000,86940,2117048000,19376625,21.01
11/09/2012,6640,162016000,25(3.31 %),6640,162016000,0,0,19369985,21.02
12/09/2012,9970,248247000,24.9(-0.40 %),10000,249000000,30,753000,19360015,21.03
13/09/2012,30000,744000000,25.1(0.80 %),30000,744000000,0,0,19330015,21.08
14/09/2012,177890,4566097000,25.6(1.99 %),197890,5086097000,20000,520000000,19152125,21.34
17/09/2012,-780,-19890000,25.4(-0.78 %),120,3060000,900,22950000,19152905,21.33
18/09/2012,78190,1965388000,24.7(-2.76 %),78190,1965388000,0,0,19074715,21.45
19/09/2012,98300,2450880000,25.3(2.43 %),98300,2450880000,0,0,18976415,21.59
20/09/2012,106100,2638228000,25(-1.19 %),106100,2638228000,0,0,18870315,21.74
21/09/2012,97050,2452550000,25.3(1.20 %),97050,2452550000,0,0,18773265,21.88
24/09/2012,-9100,-226102000,24.7(-2.37 %),20300,502530000,29400,728632000,18782365,21.87
25/09/2012,35740,883778000,24.8(0.40 %),35740,883778000,0,0,18746625,21.92
26/09/2012,-30000,-745080000,24.9(0.40 %),20000,496000000,50000,1241080000,18776625,21.88
27/09/2012,-28000,-698235000,24.9(0.00 %),23350,578745000,51350,1276980000,18804625,21.84
28/09/2012,200,4920000,24.7(-0.80 %),200,4920000,0,0,18804425,21.84
01/10/2012,30000,738000000,24.6(-0.40 %),30000,738000000,0,0,18688075,22.01
02/10/2012,-20000,-494000000,24.9(1.22 %),30000,738000000,50000,1232000000,18708075,21.98
03/10/2012,0,0,25.3(1.61 %),0,0,0,0,18708075,21.98
04/10/2012,-2070,-52164000,25(-1.19 %),0,0,2070,52164000,18710145,21.97
05/10/2012,39590,1001492000,25.3(1.20 %),39590,1001492000,0,0,18670555,22.03
08/10/2012,42010,1075423000,26(2.77 %),42010,1075423000,0,0,18628545,22.09
09/10/2012,-2000,-52000000,25.9(-0.38 %),0,0,2000,52000000,18630545,22.09
10/10/2012,0,0,25.9(0.00 %),0,0,0,0,18630545,22.09
11/10/2012,-20000,-533200000,26.2(1.16 %),0,0,20000,533200000,18650545,22.06
12/10/2012,0,0,26(-0.76 %),0,0,0,0,18650545,22.06
15/10/2012,0,0,25.7(-1.15 %),0,0,0,0,18650545,22.06
16/10/2012,-77220,-2013764000,26.2(1.95 %),0,0,77220,2013764000,18727765,21.95
17/10/2012,-95000,-2541300000,26.7(1.91 %),0,0,95000,2541300000,18822765,21.81
18/10/2012,-255000,-6760500000,26.5(-0.75 %),0,0,255000,6760500000,19077765,21.44
19/10/2012,0,0,25.9(-2.26 %),0,0,0,0,19077765,21.44
22/10/2012,20000,510000000,25.5(-1.54 %),20000,510000000,0,0,19057765,21.47
23/10/2012,180200,4648644000,25.8(1.18 %),180200,4648644000,0,0,18877565,21.73
24/10/2012,58730,1511794000,25.8(0.00 %),58730,1511794000,0,0,18818835,21.82
25/10/2012,0,0,25.6(-0.78 %),0,0,0,0,18818835,21.82
26/10/2012,6660,170196000,25.5(-0.39 %),6660,170196000,0,0,18812175,12.72
29/10/2012,0,0,25.4(-0.39 %),0,0,0,0,18812175,21.83
30/10/2012,-2340,-58968000,25.1(-1.18 %),0,0,2340,58968000,18814515,21.82
31/10/2012,0,0,24.9(-0.80 %),0,0,0,0,18814515,21.82
01/11/2012,20000,498000000,25(0.40 %),20000,498000000,0,0,18893538,21.71
02/11/2012,180990,4390944000,24.2(-3.20 %),180990,4390944000,0,0,18712548,21.97
05/11/2012,179800,4452338000,24.8(2.48 %),199800,4952338000,20000,500000000,18532748,22.23
06/11/2012,138160,3444637000,24.9(0.40 %),183180,4561133000,45020,1116496000,18394588,22.43
07/11/2012,55000,1379230000,25.2(1.20 %),55000,1379230000,0,0,18339588,22.51
08/11/2012,53100,1323066000,24.9(-1.19 %),53100,1323066000,0,0,18286488,22.59
09/11/2012,0,0,24.8(-0.40 %),0,0,0,0,18286488,22.59
12/11/2012,0,0,25.3(2.02 %),0,0,0,0,18286488,22.59
13/11/2012,0,0,24.9(-1.58 %),0,0,0,0,18286488,22.59
14/11/2012,0,0,25(0.40 %),0,0,0,0,18286488,22.59
15/11/2012,-10000,-248156000,24.7(-1.20 %),0,0,10000,248156000,18296488,22.57
16/11/2012,3950,98750000,24.9(0.81 %),3950,98750000,0,0,18292538,22.58
19/11/2012,23300,575510000,24.5(-1.61 %),23300,575510000,0,0,18269238,22.61
20/11/2012,16260,401670000,24.8(1.22 %),16260,401670000,0,0,18252978,22.63
21/11/2012,130500,3228854000,24.6(-0.81 %),130500,3228854000,0,0,18122478,22.82
22/11/2012,61530,1522541000,24.7(0.41 %),61530,1522541000,0,0,18060948,22.91
23/11/2012,28230,697339000,24.7(0.00 %),30580,755384000,2350,58045000,18032718,22.95
26/11/2012,38820,958993000,24.5(-0.81 %),39630,978838000,810,19845000,17993898,23.01
27/11/2012,18000,440200000,24.4(-0.41 %),20000,489000000,2000,48800000,17975898,23.03
28/11/2012,0,0,24.1(-1.23 %),0,0,0,0,17975898,23.03
29/11/2012,-1500,-36300000,24.2(0.41 %),0,0,1500,36300000,17977398,23.03
30/11/2012,-68490,-1653307000,24(-0.83 %),0,0,68490,1653307000,18045888,22.93
03/12/2012,-40230,-962020000,24(0.00 %),22510,540240000,62740,1502260000,17955728,23.06
04/12/2012,-1990,-47760000,24.5(2.08 %),0,0,1990,47760000,17957718,23.06
05/12/2012,40000,995810000,24.9(1.63 %),40000,995810000,0,0,17917718,23.12
06/12/2012,0,0,24.4(-2.01 %),0,0,0,0,17917718,23.12
07/12/2012,0,0,24.4(0.00 %),0,0,0,0,17917718,23.12
10/12/2012,-850,-20825000,24.7(1.23 %),0,0,850,20825000,17918568,23.12
11/12/2012,41930,1034376000,24.7(0.00 %),41930,1034376000,0,0,17876638,23.18
12/12/2012,53000,1314984000,25(1.21 %),53000,1314984000,0,0,17823638,23.25
13/12/2012,0,0,24.6(-1.60 %),0,0,0,0,17823638,23.25
14/12/2012,0,0,24.6(0.00 %),0,0,0,0,17823638,23.25
17/12/2012,0,0,24.7(0.41 %),0,0,0,0,17823638,23.25
18/12/2012,3560,88138000,24.3(-1.62 %),3560,88138000,0,0,17820078,23.26
19/12/2012,0,0,24.6(1.23 %),0,0,0,0,17820078,23.26
20/12/2012,-25260,-618870000,24.5(-0.41 %),11290,276605000,36550,895475000,17845338,23.22
21/12/2012,-9130,-220598000,24.6(0.41 %),77870,1915102000,87000,2135700000,17854468,23.21
24/12/2012,-375800,-9486606000,25.6(4.07 %),67100,1702840000,442900,11189446000,18230268,22.67
25/12/2012,0,0,25.7(0.39 %),0,0,0,0,18230268,22.67
26/12/2012,0,0,25.6(-0.39 %),0,0,0,0,18230268,22.67
27/12/2012,0,0,25.3(-1.17 %),0,0,0,0,18230268,22.67
28/12/2012,-2100,-53550000,25.7(1.58 %),0,0,2100,53550000,18232368,22.66
02/01/2013,48830,1279954000,26.3(2.33 %),48830,1279954000,0,0,18314168,22.55
03/01/2013,110340,2874458000,26.2(-0.38 %),110340,2874458000,0,0,18203828,22.7
04/01/2013,63520,1685616000,26.6(1.53 %),63520,1685616000,0,0,18140308,22.8
07/01/2013,137140,3781372000,27.8(4.51 %),162490,4483987000,25350,702615000,18003168,22.99
08/01/2013,194020,5489686000,28.6(2.88 %),194570,5505196000,550,15510000,17809148,23.27
09/01/2013,144780,4029805000,27.7(-3.15 %),144780,4029805000,0,0,17664368,23.48
10/01/2013,65760,1896156000,29(4.69 %),71060,2043756000,5300,147600000,17598608,23.58
11/01/2013,-71240,-2081373000,29.4(1.38 %),11760,345744000,83000,2427117000,17669848,23.48
14/01/2013,12260,359268000,29.3(-0.34 %),12260,359268000,0,0,17657588,23.49
15/01/2013,18810,560538000,29.8(1.71 %),18810,560538000,0,0,17638778,23.52
16/01/2013,-57310,-1825358000,31.8(6.71 %),2000,60700000,59310,1886058000,17696088,23.44
17/01/2013,-177750,-5895557000,32.3(1.57 %),2000,66250000,179750,5961807000,17873838,23.18
18/01/2013,-100080,-3156504000,31.2(-3.41 %),520,16224000,100600,3172728000,17973918,23.04
21/01/2013,-98990,-3008023000,30.5(-2.24 %),1010,31007000,100000,3039030000,18072908,22.89
22/01/2013,-197700,-5930861000,29.2(-4.26 %),2300,70240000,200000,6001101000,18270608,22.61
23/01/2013,70,2194000,29.9(2.40 %),500,14750000,430,12556000,18270538,22.61
24/01/2013,0,0,31.4(5.02 %),0,0,0,0,18270538,22.61
25/01/2013,109990,3525145000,32(1.91 %),118790,3803225000,8800,278080000,18160548,22.77
28/01/2013,13530,443460000,32(0.00 %),13530,443460000,0,0,18147018,22.79
29/01/2013,161130,5200908000,32.2(0.62 %),161130,5200908000,0,0,17985888,23.02
30/01/2013,114310,3776086000,33.5(4.04 %),124310,4110086000,10000,334000000,17871578,23.18
31/01/2013,16310,534047000,32.7(-2.39 %),18310,600847000,2000,66800000,17855268,23.21
01/02/2013,37270,1223040000,32.7(0.00 %),72470,2354960000,35200,1131920000,17772898,23.33
04/02/2013,-52920,-1810180000,34.1(4.28 %),100,3300000,53020,1813480000,17825818,23.25
05/02/2013,-178520,-6408048000,36.4(6.74 %),43545,1576649000,222065,7984697000,18004338,22.99
06/02/2013,-160380,-6240582000,38.9(6.87 %),42620,1656118000,203000,7896700000,18164718,22.76
07/02/2013,39800,1610526000,40.5(4.11 %),40000,1618666000,200,8140000,18124918,22.82
08/02/2013,-46180,-1854764000,40.2(-0.74 %),0,0,46180,1854764000,18171098,22.75
18/02/2013,-148200,-6287148000,42.7(6.22 %),11800,489852000,160000,6777000000,18319298,22.54
19/02/2013,21730,968905000,43.9(2.81 %),53640,2353568000,31910,1384663000,18297568,22.57
20/02/2013,26840,1140885000,42.5(-3.19 %),28840,1226985000,2000,86100000,18270728,22.61
21/02/2013,-72110,-3056450000,39.6(-6.82 %),7100,303100000,79210,3359550000,18342838,22.5
22/02/2013,-154650,-5934282000,38.6(-2.53 %),12000,444400000,166650,6378682000,18497488,22.28
25/02/2013,-11000,-446670000,40(3.63 %),800,31950000,11800,478620000,18508488,22.26
26/02/2013,168400,6439246000,37.2(-7.00 %),211000,8109364000,42600,1670118000,18340088,22.51
27/02/2013,-49350,-1823790000,37.9(1.88 %),2800,105940000,52150,1929730000,18389438,22.44
28/02/2013,-106570,-4102288000,38(0.26 %),2500,95000000,109070,4197288000,18496008,22.28
01/03/2013,-25630,-967972000,37.8(-0.53 %),2500,94500000,28130,1062472000,18336888,22.51
04/03/2013,-137400,-4911853000,35.3(-6.61 %),18500,658850000,155900,5570703000,18474288,22.31
05/03/2013,5830,207505000,33.5(-5.10 %),17500,599050000,11670,391545000,18468458,22.32
06/03/2013,2900,100400000,35(4.48 %),3000,103800000,100,3400000,18465558,22.33
07/03/2013,12610,459628000,35.2(0.57 %),14310,519468000,1700,59840000,18452948,22.35
08/03/2013,50,1780000,35.9(1.99 %),50,1780000,0,0,18452898,22.35
11/03/2013,0,0,38.4(6.96 %),0,0,0,0,18452898,22.35
12/03/2013,1200,47320000,38.5(0.26 %),3300,128580000,2100,81260000,18451698,22.35
13/03/2013,27300,1049796000,37.9(-1.56 %),27300,1049796000,0,0,18424398,22.39
14/03/2013,-1840,-69184000,38.8(2.37 %),0,0,1840,69184000,18426238,22.38
15/03/2013,117770,4645034000,39.3(1.29 %),185990,7311227000,68220,2666193000,18308468,22.55
18/03/2013,-43330,-1721568000,39.6(0.76 %),5900,237440000,49230,1959008000,18351798,22.49
19/03/2013,6620,264237000,39.3(-0.76 %),6620,264237000,0,0,18345178,22.5
20/03/2013,-53430,-2118999000,40(1.78 %),0,0,53430,2118999000,18398608,22.42
21/03/2013,2500,101160000,39.6(-1.00 %),7600,304690000,5100,203530000,18396108,22.43
22/03/2013,100,5930000,38.3(-3.28 %),5100,200930000,5000,195000000,18396008,22.43
25/03/2013,-46260,-1768449000,39(1.83 %),47080,1815306000,93340,3583755000,18442268,22.36
26/03/2013,-1500,-59065000,38.9(-0.26 %),1000,39185000,2500,98250000,18443768,22.36
27/03/2013,7000,275520000,39.2(0.77 %),7000,275520000,0,0,18436768,22.37
28/03/2013,6500,256840000,39.4(0.51 %),6500,256840000,0,0,18430268,22.38
29/03/2013,21840,859050000,39.4(0.00 %),21840,859050000,0,0,18408428,22.41
01/04/2013,-73450,-3111552000,42.1(6.85 %),56670,2346500000,130120,5458052000,18583715,22.16
02/04/2013,29790,1272428000,41.9(-0.48 %),48110,2058879000,18320,786451000,18553925,22.2
03/04/2013,-18480,-767407000,41.9(0.00 %),33290,1395676000,51770,2163083000,18572405,22.17
04/04/2013,22310,926258000,40.7(-2.86 %),22500,934200000,190,7942000,18550095,22.2
05/04/2013,72600,2994849000,42(3.19 %),72600,2994849000,0,0,18477495,22.31
08/04/2013,-53140,-2247784000,41.9(-0.24 %),33670,1422656000,86810,3670440000,18530635,22.23
09/04/2013,-5190,-213904000,41.6(-0.72 %),7000,293200000,12190,507104000,18535825,22.23
10/04/2013,-33740,-1284887000,38.8(-6.73 %),33300,1367669000,67040,2652556000,18569565,22.18
11/04/2013,23480,950167000,40.8(5.15 %),26610,1073802000,3130,123635000,18546085,22.21
12/04/2013,35160,1410364000,39.3(-3.68 %),35160,1410364000,0,0,18510925,22.26
15/04/2013,-5000,-194000000,38.3(-2.54 %),0,0,5000,194000000,18515925,22.25
16/04/2013,68280,2610780000,38.9(1.57 %),99540,3805923000,31260,1195143000,18447645,22.35
17/04/2013,2790,109021000,39.1(0.51 %),2790,109021000,0,0,18444855,22.36
18/04/2013,-67840,-2603872000,38.3(-2.05 %),1600,61580000,69440,2665452000,18512695,22.26
22/04/2013,4260,163658000,38.3(0.00 %),10020,384266000,5760,220608000,18508435,22.26
23/04/2013,126750,4981027000,39.4(2.87 %),152620,5998146000,25870,1017119000,18381685,22.45
24/04/2013,180300,7325639000,40.8(3.55 %),208380,8474883000,28080,1149244000,18201385,22.71
25/04/2013,-1380,-71060000,40.4(-0.98 %),30620,1243440000,32000,1314500000,18202765,22.71
26/04/2013,38470,1541656000,40(-0.99 %),38470,1541656000,0,0,18164295,22.76
02/05/2013,8200,331903000,39.8(-0.50 %),22200,889644000,14000,557741000,18212135,22.69
03/05/2013,18100,723750000,40(0.50 %),18100,723750000,0,0,18194035,22.72
06/05/2013,15910,646811000,40.7(1.75 %),15960,648831000,50,2020000,18178125,22.74
07/05/2013,23370,948477000,40.3(-0.98 %),23370,948477000,0,0,18154755,22.78
08/05/2013,25280,1015445000,40(-0.74 %),25280,1015445000,0,0,18129475,22.81
09/05/2013,58270,2372048000,40.8(2.00 %),99840,4070575000,41570,1698527000,18071205,22.9
10/05/2013,65700,2675890000,40.7(-0.25 %),75700,3085890000,10000,410000000,18005505,22.99
13/05/2013,74760,2509746000,33.6(4.02 %),106920,3588522000,32160,1078776000,17930745,23.1
14/05/2013,-11380,-373998000,32.9(-2.08 %),21750,719973000,33130,1093971000,17942125,23.08
15/05/2013,307810,10272079000,33.6(2.13 %),377810,12615079000,70000,2343000000,17634315,23.53
16/05/2013,230250,7966065000,34.7(3.27 %),298250,10319665000,68000,2353600000,17404065,23.86
17/05/2013,220110,7731156000,35.3(1.73 %),277150,9722913000,57040,1991757000,17183955,24.18
20/05/2013,-32990,-1213679000,36.8(4.25 %),17510,635071000,50500,1848750000,17216945,24.13
21/05/2013,-33200,-1225901000,36.3(-1.36 %),60,2207000,33260,1228108000,17250145,24.08
22/05/2013,10,563000,36.4(0.28 %),2010,73763000,2000,73200000,17250135,24.08
23/05/2013,-46690,-1719168000,36.6(0.55 %),8810,322382000,55500,2041550000,17296825,24.02
24/05/2013,-83430,-3209594000,38.9(6.28 %),8030,305318000,91460,3514912000,17380255,23.89
27/05/2013,-12300,-478984000,39(0.26 %),17200,680500000,29500,1159484000,17392555,23.88
28/05/2013,26710,1056235000,39.8(2.05 %),79660,3120875000,52950,2064640000,17365845,23.92
29/05/2013,-123360,-4809750000,38(-4.52 %),2560,101502000,125920,4911252000,17489205,23.74
30/05/2013,3200,114080000,40(5.26 %),9200,352280000,6000,238200000,17486005,23.74
31/05/2013,-84650,-3358073000,38.8(-3.00 %),51460,2029733000,136110,5387806000,17570655,23.62
03/06/2013,-138300,-5339610000,38.5(-0.77 %),300,11610000,138600,5351220000,17376411,23.9
04/06/2013,-40740,-1551926000,38(-1.30 %),7180,273594000,47920,1825520000,17417151,23.84
05/06/2013,-30900,-1176137000,38.3(0.79 %),0,0,30900,1176137000,17448051,23.8
06/06/2013,-3440,-133937000,38.6(0.78 %),4860,186613000,8300,320550000,17451491,23.79
07/06/2013,93560,3621924000,38.6(0.00 %),100560,3891472000,7000,269548000,17357931,23.93
10/06/2013,10630,429015000,38.7(0.26 %),57250,2234119000,46620,1805104000,17347301,23.94
11/06/2013,4630,178986000,38.9(0.52 %),26730,1039716000,22100,860730000,17342671,23.95
12/06/2013,-147280,-5794712000,39.2(0.77 %),2570,101008000,149850,5895720000,17489951,33.54
13/06/2013,-43770,-1733256000,39.9(1.79 %),6180,244795000,49950,1978051000,17533721,33.47
14/06/2013,-92360,-3762297000,40.7(2.01 %),3970,161462000,96330,3923759000,17626081,33.34
17/06/2013,-123320,-4758720000,38.3(-5.90 %),13150,520100000,136470,5278820000,17749401,33.16
18/06/2013,-83620,-3185701000,37.9(-1.04 %),23000,874013000,106620,4059714000,17833021,33.04
19/06/2013,-48620,-1867231000,38.4(1.32 %),66380,2543869000,115000,4411100000,17881641,32.97
20/06/2013,33960,1314576000,38(-1.04 %),105960,4054344000,72000,2739768000,17847681,33.02
21/06/2013,-1718630,-63925224000,37(-2.63 %),139510,5189995000,1858140,69115219000,19566311,30.54
24/06/2013,-47180,-1771496000,37.5(1.35 %),3000,112500000,50180,1883996000,19613491,25.39
25/06/2013,-54780,-1990417000,36.9(-1.60 %),150,5455000,54930,1995872000,19668271,25.32
26/06/2013,-67540,-2492961000,36.7(-0.54 %),1630,60245000,69170,2553206000,19735811,25.24
27/06/2013,-11950,-444150000,37.5(2.18 %),7000,261600000,18950,705750000,19747761,25.23
28/06/2013,176350,6695660000,38(1.33 %),197450,7496420000,21100,800760000,19571411,25.44
01/07/2013,-4850,-181538000,37.6(-1.05 %),0,0,4850,181538000,23484349,20.73
02/07/2013,50680,1922799000,38.2(1.60 %),73780,2795769000,23100,872970000,23433669,20.79
03/07/2013,104050,3958282000,38.2(0.00 %),121940,4640920000,17890,682638000,23329619,20.92
04/07/2013,-17370,-679266000,38.9(1.83 %),53320,2076274000,70690,2755540000,23346989,20.9
05/07/2013,45040,1758356000,38.7(-0.51 %),55000,2145300000,9960,386944000,23301949,20.95
08/07/2013,54400,2094040000,38.4(-0.78 %),54400,2094040000,0,0,23247549,21.02
09/07/2013,8830,333106000,38.4(0.00 %),38800,1483280000,29970,1150174000,23238719,21.03
10/07/2013,93280,3596080000,38.5(0.26 %),102000,3932600000,8720,336520000,23145439,21.14
11/07/2013,134340,5189984000,38.9(1.04 %),139130,5374857000,4790,184873000,23011099,21.3
12/07/2013,247080,9865403000,41(5.40 %),288080,11496903000,41000,1631500000,22764019,21.6
15/07/2013,-1220,-50476000,40.9(-0.24 %),0,0,1220,50476000,22765239,21.6
16/07/2013,-84650,-3450324000,40.7(-0.49 %),10060,410345000,94710,3860669000,22849889,21.49
17/07/2013,-12670,-516267000,40.8(0.25 %),26380,1071878000,39050,1588145000,22862559,21.48
18/07/2013,279630,11677022000,41.9(2.70 %),349320,14613775000,69690,2936753000,22582929,21.82
19/07/2013,95780,3999868000,42(0.24 %),117180,4900488000,21400,900620000,22487149,21.93
22/07/2013,163810,6788980000,41(-2.38 %),168960,7002720000,5150,213740000,22323339,22.13
23/07/2013,-249320,-10137736000,40.3(-1.71 %),117700,4788580000,367020,14926316000,22572659,21.83
24/07/2013,-296370,-11693732000,39.2(-2.73 %),50000,1963500000,346370,13657232000,22869029,21.47
25/07/2013,-278800,-10876372000,38.5(-1.79 %),1200,46800000,280000,10923172000,23147829,21.14
26/07/2013,-5000,-193100000,39(1.30 %),30000,1152000000,35000,1345100000,23152829,21.13
29/07/2013,17450,678047000,38.4(-1.54 %),50000,1930300000,32550,1252253000,23135379,21.15
30/07/2013,25250,979397000,39(1.56 %),30850,1197617000,5600,218220000,23110129,21.18
31/07/2013,14100,546080000,38.7(-0.77 %),14100,546080000,0,0,23096029,21.2
01/08/2013,-16570,-644259000,38.9(0.52 %),0,0,16570,644259000,23171961,21.11
02/08/2013,60330,2339624000,38.9(0.00 %),60330,2339624000,0,0,23111631,21.18
05/08/2013,46440,1800038000,38.7(-0.51 %),46440,1800038000,0,0,23065191,21.24
06/08/2013,59970,2346350000,39.6(2.33 %),78350,3059676000,18380,713326000,23005221,21.31
07/08/2013,-18000,-717200000,40(1.01 %),0,0,18000,717200000,23023221,21.29
08/08/2013,0,0,39.3(-1.75 %),0,0,0,0,23023221,21.29
09/08/2013,-18470,-728006000,39.2(-0.25 %),940,36942000,19410,764948000,23041691,21.26
12/08/2013,3970,155627000,39.1(-0.26 %),3970,155627000,0,0,23037721,21.27
13/08/2013,143000,5586270000,38.7(-1.02 %),153000,5977300000,10000,391030000,22894721,21.44
14/08/2013,15090,586941000,39.3(1.55 %),15090,586941000,0,0,22879631,21.46
15/08/2013,-1380,-54698000,39.6(0.76 %),800,31600000,2180,86298000,22881011,21.46
16/08/2013,64550,2554075000,39.6(0.00 %),90000,3561850000,25450,1007775000,22816461,21.53
19/08/2013,12400,498100000,40(1.01 %),76530,3061900000,64130,2563800000,22804061,21.55
20/08/2013,-108310,-4346591000,40.1(0.25 %),70010,2781706000,178320,7128297000,22912371,21.42
21/08/2013,-26800,-1081290000,40.5(1.00 %),10200,410310000,37000,1491600000,22939171,21.39
22/08/2013,29470,1166403000,39.8(-1.73 %),50680,2021189000,21210,854786000,22909701,21.42
23/08/2013,-2000,-77703000,39.5(-0.75 %),94000,3708500000,96000,3786203000,22911701,21.42
26/08/2013,23350,905599000,39.4(-0.25 %),77760,3032660000,54410,2127061000,22888351,21.45
27/08/2013,16720,653824000,39(-1.02 %),22000,860058000,5280,206234000,22871631,21.47
28/08/2013,83970,3246233000,37.9(-2.82 %),140000,5387000000,56030,2140767000,22787661,21.57
29/08/2013,-41030,-1547761000,37.1(-2.11 %),3930,149400000,44960,1697161000,22828691,21.52
30/08/2013,7690,286107000,37.9(2.16 %),7690,286107000,0,0,22821001,21.53
03/09/2013,82910,3137235000,37.5(-1.06 %),85730,3244113000,2820,106878000,22699031,21.68
04/09/2013,20790,773748000,37.2(-0.80 %),115790,4314988000,95000,3541240000,22678241,21.7
05/09/2013,123850,4664013000,38.3(2.96 %),126350,4759263000,2500,95250000,22554391,21.85
06/09/2013,119960,4603346000,38.5(0.52 %),122460,4699546000,2500,96200000,22434431,21.99
09/09/2013,1500,57000000,37.8(-1.82 %),1500,57000000,0,0,22432931,22.0
10/09/2013,43690,1661280000,38.3(1.32 %),142390,5430760000,98700,3769480000,22389241,22.05
11/09/2013,144320,5523862000,38.3(0.00 %),144320,5523862000,0,0,22244921,22.22
12/09/2013,3220,122927000,38.1(-0.52 %),3230,123309000,10,382000,22241701,22.23
13/09/2013,30000,1149044000,38.3(0.52 %),30000,1149044000,0,0,22211701,22.26
16/09/2013,302480,12370994000,40.9(6.79 %),415310,16985741000,112830,4614747000,21909221,22.63
17/09/2013,641040,26825240000,41.8(2.20 %),679040,28417540000,38000,1592300000,21268181,23.4
18/09/2013,83260,3385395000,40.1(-4.07 %),135660,5530534000,52400,2145139000,21184921,23.5
19/09/2013,333000,13611880000,40.4(0.75 %),361800,14789800000,28800,1177920000,20851921,23.9
20/09/2013,3099440,125669916000,40.5(0.25 %),3264980,132383682000,165540,6713766000,17752481,27.63
23/09/2013,-45840,-1842677000,40.5(0.00 %),9910,397898000,55750,2240575000,17798321,27.58
24/09/2013,-21660,-881827000,40.6(0.25 %),14010,568808000,35670,1450635000,17819981,27.55
25/09/2013,88030,3582318000,40.6(0.00 %),88030,3582318000,0,0,17731951,27.66
26/09/2013,88580,3623807000,40.7(0.25 %),88590,3624215000,10,408000,17643371,27.76
27/09/2013,27560,1124099000,40.7(0.00 %),28060,1144449000,500,20350000,17615811,27.79
30/09/2013,41810,1708381000,40.9(0.49 %),82390,3375199000,40580,1666818000,17574001,27.85
01/10/2013,-37710,-1549844000,40.9(0.00 %),0,0,37710,1549844000,17626691,27.78
02/10/2013,44100,1807000000,40.9(0.00 %),59100,2424000000,15000,617000000,17582591,27.83
03/10/2013,-29940,-1215024000,40.4(-1.22 %),3250,131825000,33190,1346849000,17612531,27.8
04/10/2013,-160,-6502000,40.4(0.00 %),2300,92820000,2460,99322000,17612691,27.8
07/10/2013,202630,8317637000,41.3(2.23 %),214670,8810977000,12040,493340000,17410061,28.04
08/10/2013,258000,10707701000,41.6(0.73 %),292460,12139883000,34460,1432182000,17152061,28.35
09/10/2013,198580,8211072000,41.2(-0.96 %),203580,8417572000,5000,206500000,16953481,28.59
10/10/2013,175000,7169093000,41(-0.49 %),201000,8239793000,26000,1070700000,16778481,28.8
11/10/2013,89280,3661360000,41(0.00 %),124280,5098860000,35000,1437500000,16689201,28.91
14/10/2013,98290,4014360000,40.7(-0.73 %),111800,4565719000,13510,551359000,16590911,29.03
15/10/2013,108920,4462505000,40.9(0.49 %),110000,4506569000,1080,44064000,16481991,29.16
16/10/2013,3000,122215000,40.9(0.00 %),12920,529197000,9920,406982000,16478991,29.16
17/10/2013,910,36611000,40.9(0.00 %),6450,263805000,5540,227194000,16478081,29.16
18/10/2013,6610,270659000,40.9(0.00 %),31280,1282102000,24670,1011443000,16471471,29.17
21/10/2013,-7220,-294107000,40.8(-0.24 %),24780,1013402000,32000,1307509000,16478691,29.16
22/10/2013,9090,369710000,40.6(-0.49 %),27790,1129730000,18700,760020000,16469601,29.17
23/10/2013,-148700,-6028925000,40.6(0.00 %),48680,1981198000,197380,8010123000,16618301,29.0
24/10/2013,-10690,-436931000,40.3(-0.74 %),24260,982956000,34950,1419887000,16628991,28.98
25/10/2013,-57770,-2296702000,39.7(-1.49 %),12730,508506000,70500,2805208000,16686761,28.91
28/10/2013,-210000,-8201844000,38.9(-2.02 %),50000,1964000000,260000,10165844000,16896761,28.66
29/10/2013,-43490,-1699209000,39.2(0.77 %),66510,2591539000,110000,4290748000,16940251,28.61
30/10/2013,62350,2453579000,39.5(0.77 %),62350,2453579000,0,0,16877901,28.68
31/10/2013,-22560,-886908000,39.4(-0.25 %),25000,982500000,47560,1869408000,16900461,28.66
01/11/2013,-2410,-94689000,39.4(0.00 %),240,9456000,2650,104145000,16821461,28.75
04/11/2013,94720,3726496000,39.3(-0.25 %),100000,3934000000,5280,207504000,16726741,28.87
05/11/2013,50620,1992210000,39.5(0.51 %),50620,1992210000,0,0,16676121,28.93
06/11/2013,12130,482824000,39.8(0.76 %),12130,482824000,0,0,16663991,28.94
07/11/2013,50910,2011399000,39.5(-0.75 %),50910,2011399000,0,0,16613081,29.0
08/11/2013,62100,2449220000,39.4(-0.25 %),62100,2449220000,0,0,16550981,29.08
11/11/2013,800,31600000,39.4(0.00 %),800,31600000,0,0,16550181,29.08
12/11/2013,27710,1095091000,39.5(0.25 %),45170,1784115000,17460,689024000,16522471,29.11
13/11/2013,6960,273649000,39.3(-0.51 %),50260,1979256000,43300,1705607000,16515511,29.12
14/11/2013,14630,574959000,39.4(0.25 %),14630,574959000,0,0,16500881,29.14
15/11/2013,7000,276900000,39.6(0.51 %),7000,276900000,0,0,16493881,29.15
18/11/2013,72964,3077705000,40.7(2.78 %),112510,4537282000,39546,1459577000,16420917,29.23
19/11/2013,12330,499201000,40.4(-0.74 %),12630,511441000,300,12240000,16408587,29.25
20/11/2013,63390,2579014000,40.9(1.24 %),80170,3259644000,16780,680630000,16345197,29.32
21/11/2013,-19180,-781916000,39.8(-2.69 %),52160,2121924000,71340,2903840000,16364377,29.3
22/11/2013,45850,1841138000,40.3(1.26 %),45850,1841138000,0,0,16318527,29.36
25/11/2013,25170,1013914000,40.1(-0.50 %),25170,1013914000,0,0,16293357,29.39
26/11/2013,-1200,-48000000,40.2(0.25 %),0,0,1200,48000000,16294557,29.39
27/11/2013,12130,484613000,39.8(-1.00 %),15130,604813000,3000,120200000,16282427,29.4
28/11/2013,-7000,-279330000,39.8(0.00 %),3000,119670000,10000,399000000,16289427,29.39
29/11/2013,30730,1225300000,39.8(0.00 %),30730,1225300000,0,0,16258697,29.43
02/12/2013,0,0,40(0.50 %),0,0,0,0,16405913,29.25
03/12/2013,-15670,-622701000,39.8(-0.50 %),34430,1376623000,50100,1999324000,16421583,29.23
04/12/2013,-49330,-1960885000,39.6(-0.50 %),10510,417747000,59840,2378632000,16470913,29.17
05/12/2013,-100000,-3948000000,39.7(0.25 %),0,0,100000,3948000000,16570913,29.05
06/12/2013,-52000,-2078100000,40.1(1.01 %),0,0,52000,2078100000,16622913,28.99
09/12/2013,-133620,-5418938000,40.4(0.75 %),24360,991296000,157980,6410234000,16756533,28.83
10/12/2013,-107710,-4318994000,40.1(-0.74 %),8500,341450000,116210,4660444000,16864243,28.7
11/12/2013,-30280,-1200187000,39.6(-1.25 %),100,4010000,30380,1204197000,16894523,28.66
12/12/2013,-10430,-413206000,39.9(0.76 %),12190,483808000,22620,897014000,16904953,28.65
13/12/2013,4000,159200000,39.8(-0.25 %),4000,159200000,0,0,16900953,28.66
16/12/2013,-16450,-645338000,39.1(-1.76 %),40000,1560000000,56450,2205338000,16917403,28.64
17/12/2013,-10280,-403581000,39.1(0.00 %),22900,895440000,33180,1299021000,16927683,28.62
18/12/2013,-31450,-1228578000,39(-0.26 %),5730,224578000,37180,1453156000,16959133,28.59
19/12/2013,-83150,-3248126000,39.2(0.51 %),20000,780000000,103150,4028126000,17042283,28.49
20/12/2013,-711430,-27555029000,38.7(-1.28 %),487640,18921640000,1199070,46476669000,17753713,27.63
23/12/2013,-95570,-3743467000,39.2(1.29 %),4200,164440000,99770,3907907000,17849283,27.51
24/12/2013,-37200,-1458268000,38.8(-1.02 %),30520,1187326000,67720,2645594000,17886483,27.47
25/12/2013,30000,1167000000,39(0.52 %),30000,1167000000,0,0,17856483,27.51
26/12/2013,29730,1158470000,38.9(-0.26 %),30000,1169000000,270,10530000,17826753,27.54
27/12/2013,63430,2488299000,39.1(0.51 %),63730,2500089000,300,11790000,17763323,27.62
30/12/2013,-34200,-1334858000,38.9(-0.51 %),43520,1694724000,77720,3029582000,17797523,27.58
31/12/2013,11210,434139000,39(0.26 %),31210,1214139000,20000,780000000,17786313,27.59
02/01/2014,-5330,-207470000,38.9(-0.26 %),1670,65130000,7000,272600000,17699623,27.69
03/01/2014,-21110,-826759000,39.2(0.77 %),18890,739241000,40000,1566000000,17720733,27.67
06/01/2014,-84000,-3318700000,39.5(0.77 %),6000,237200000,90000,3555900000,17804733,27.57
07/01/2014,-80450,-3193470000,39.6(0.25 %),3000,119100000,83450,3312570000,17885183,27.47
08/01/2014,-69740,-2752800000,39.5(-0.25 %),12720,501168000,82460,3253968000,17954923,27.39
09/01/2014,-119030,-4709490000,39.8(0.76 %),67570,2683728000,186600,7393218000,18073953,27.24
10/01/2014,22930,921625000,39.5(-0.75 %),45980,1833800000,23050,912175000,18051023,27.27
13/01/2014,20000,790000000,39.6(0.25 %),20000,790000000,0,0,18031023,27.3
14/01/2014,5960,238272000,40.1(1.26 %),11160,445412000,5200,207140000,18025063,27.3
15/01/2014,19200,768718000,39.7(-1.00 %),30650,1227953000,11450,459235000,18005863,27.33
16/01/2014,14520,584680000,40.5(2.02 %),19070,767135000,4550,182455000,17991343,27.34
17/01/2014,140740,5741573000,40.5(0.00 %),174340,7104253000,33600,1362680000,17850603,27.51
20/01/2014,136350,5645683000,42.3(4.44 %),151450,6269533000,15100,623850000,17714253,27.68
21/01/2014,179560,7540264000,42(-0.71 %),181460,7619734000,1900,79470000,17534693,27.89
22/01/2014,86940,3624616000,41.2(-1.90 %),87940,3666166000,1000,41550000,17447753,28.0
23/01/2014,60060,2487644000,41.4(0.49 %),62160,2575174000,2100,87530000,17387693,28.07
24/01/2014,98920,4152948000,42.4(2.42 %),127770,5364646000,28850,1211698000,17288773,28.19
27/01/2014,-42930,-1824431000,42.7(0.71 %),22950,973431000,65880,2797862000,17331703,28.14
06/02/2014,39090,1703187000,43.8(2.58 %),69020,2997071000,29930,1293884000,17270873,28.21
07/02/2014,66120,2847659000,43.2(-1.37 %),76790,3308588000,10670,460929000,17204753,28.29
10/02/2014,15370,662746000,43.3(0.23 %),18870,814046000,3500,151300000,17189383,28.31
11/02/2014,316610,13991436000,43.5(0.46 %),319120,14100879000,2510,109443000,16872773,28.69
12/02/2014,209070,9357823000,45.7(5.06 %),216310,9686775000,7240,328952000,16663703,28.94
13/02/2014,305390,14193974000,46.4(1.53 %),308690,14347584000,3300,153610000,16358313,29.31
14/02/2014,231250,10691898000,46.4(0.00 %),233070,10776346000,1820,84448000,16127063,29.59
17/02/2014,167070,7754671000,46.8(0.86 %),172070,7985571000,5000,230900000,15959993,29.79
18/02/2014,187100,8793096000,47.4(1.28 %),193100,9075096000,6000,282000000,15772893,30.01
19/02/2014,19520,927884000,47.4(0.00 %),24820,1180304000,5300,252420000,15753373,30.04
20/02/2014,203030,9298222000,45.8(-3.38 %),245150,11202000000,42120,1903778000,15550343,30.28
21/02/2014,-57920,-2580662000,44.9(-1.97 %),69270,3132247000,127190,5712909000,15608263,30.21
24/02/2014,50390,2275565000,46.1(2.67 %),175390,7976835000,125000,5701270000,15557873,30.27
25/02/2014,-68930,-3217369000,46.5(0.87 %),73620,3424362000,142550,6641731000,15626803,30.19
26/02/2014,-81370,-3738933000,46.2(-0.65 %),87230,3985045000,168600,7723978000,15708173,30.09
27/02/2014,-150250,-6787766000,44.8(-3.03 %),18800,862730000,169050,7650496000,15858423,29.91
28/02/2014,-106810,-4786690000,45.5(1.56 %),18400,824060000,125210,5610750000,15965233,29.78
03/03/2014,-83640,-3738000000,44.5(-2.20 %),27400,1228750000,111040,4966750000,15602739,30.22
04/03/2014,-174450,-7706161000,44.8(0.67 %),18300,807038000,192750,8513199000,15777189,30.01
05/03/2014,-176110,-7842883000,44.5(-0.67 %),18300,815680000,194410,8658563000,15953299,29.8
06/03/2014,-90780,-4047809000,44.7(0.45 %),18400,817050000,109180,4864859000,16044079,29.69
07/03/2014,-51740,-2303716000,44.4(-0.67 %),18300,815394000,70040,3119110000,16095819,29.62
10/03/2014,-97580,-4295487000,43.9(-1.13 %),18300,806130000,115880,5101617000,16193399,29.51
11/03/2014,-84640,-3749293000,44.2(0.68 %),20300,897794000,104940,4647087000,16278039,29.41
12/03/2014,-108460,-4835750000,44.3(0.23 %),43600,1940991000,152060,6776741000,16386499,29.27
13/03/2014,-115800,-5135741000,44.5(0.45 %),19300,855166000,135100,5990907000,16502299,29.14
14/03/2014,-161690,-7166454000,44.6(0.22 %),19300,858790000,180990,8025244000,16663989,28.94
17/03/2014,-90970,-4010871000,44.2(-0.90 %),26350,1165003000,117320,5175874000,16754959,28.83
18/03/2014,-142520,-6272512000,44(-0.45 %),51280,2261288000,193800,8533800000,16897479,28.66
19/03/2014,-271570,-12030838000,44.2(0.45 %),14160,627872000,285730,12658710000,17169049,28.33
20/03/2014,-63950,-2814994000,43.8(-0.90 %),2000,88400000,65950,2903394000,17232999,28.26
21/03/2014,-913170,-40027486000,43.8(0.00 %),561550,24596149000,1474720,64623635000,18146169,27.16
24/03/2014,74940,3341214000,45.4(3.65 %),85830,3827021000,10890,485807000,18071229,27.25
25/03/2014,179470,8126632000,45.3(-0.22 %),201610,9128064000,22140,1001432000,17891759,27.46
26/03/2014,226780,10161644000,44.8(-1.10 %),257100,11520731000,30320,1359087000,17664979,27.74
27/03/2014,125990,5630379000,45(0.45 %),168070,7499477000,42080,1869098000,17538989,27.89
28/03/2014,117060,5296702000,45.2(0.44 %),130060,5884942000,13000,588240000,17421929,28.03
31/03/2014,90820,4102488000,45.2(0.00 %),105380,4759148000,14560,656660000,17331109,28.14
01/04/2014,-54400,-2453177000,44.7(-1.11 %),306000,13753000000,360400,16206177000,17528369,27.9
02/04/2014,44200,1967841000,44.5(-0.45 %),234600,10402310000,190400,8434469000,17484169,27.95
03/04/2014,77620,3486748000,45.1(1.35 %),204020,9154448000,126400,5667700000,17406549,28.05
04/04/2014,93720,4239212000,45.4(0.67 %),230740,10445316000,137020,6206104000,17312829,28.16
07/04/2014,-60100,-2759048000,46.5(2.42 %),129280,6005522000,189380,8764570000,17372929,28.09
08/04/2014,68170,3190180000,46.6(0.22 %),183140,8565532000,114970,5375352000,17304759,28.17
10/04/2014,72180,3377841000,46.4(-0.43 %),218480,10210551000,146300,6832710000,17232579,28.26
11/04/2014,11510,530281000,46.2(-0.43 %),15510,714281000,4000,184000000,17221069,28.27
14/04/2014,13000,593685000,45(-2.60 %),15000,685685000,2000,92000000,17208069,28.29
15/04/2014,28340,1265174000,43.9(-2.44 %),30240,1349884000,1900,84710000,17179729,28.32
16/04/2014,9050,392625000,43.5(-0.91 %),13000,564150000,3950,171525000,17170679,28.33
17/04/2014,30010,1293670000,42.8(-1.61 %),30010,1293670000,0,0,17140669,28.37
18/04/2014,211990,8663185000,41(-4.21 %),219890,8986295000,7900,323110000,16928679,28.62
21/04/2014,10910,446115000,41.3(0.73 %),12910,528115000,2000,82000000,16917769,28.64
22/04/2014,89690,3751168000,42.9(3.87 %),89690,3751168000,0,0,16828079,28.74
23/04/2014,141870,6136220000,43(0.23 %),144870,6267620000,3000,131400000,16686209,28.91
24/04/2014,53370,2315132000,43.9(2.09 %),63370,2751132000,10000,436000000,16632839,28.98
25/04/2014,25250,1106003000,44(0.23 %),28450,1246803000,3200,140800000,16607589,29.01
28/04/2014,61960,2724034000,43.9(-0.23 %),83490,3671295000,21530,947261000,16545629,29.08
29/04/2014,28140,1234916000,44.1(0.46 %),29880,1311124000,1740,76208000,16517489,29.12
05/05/2014,69450,3011693000,43.3(-1.81 %),95490,4143517000,26040,1131824000,16825581,28.75
06/05/2014,132900,5685820000,42.9(-0.92 %),148120,6337105000,15220,651285000,16692681,28.91
07/05/2014,46000,1977916000,43.3(0.93 %),58000,2496316000,12000,518400000,16646681,28.96
08/05/2014,476060,19404190000,40.4(-6.70 %),500340,20385162000,24280,980972000,16170621,29.53
09/05/2014,8020,335445000,42.5(5.20 %),23400,981308000,15380,645863000,16162601,29.54
12/05/2014,129360,5195008000,40.5(-4.71 %),175400,7043408000,46040,1848400000,16033241,29.7
13/05/2014,57740,2319891000,40.3(-0.49 %),99020,3989170000,41280,1669279000,15975501,29.77
14/05/2014,90270,3711006000,42(4.22 %),94770,3893406000,4500,182400000,15885231,29.88
15/05/2014,66610,2772960000,41.4(-1.43 %),68610,2857923000,2000,84963000,15818621,29.96
16/05/2014,51600,2159735000,42(1.45 %),56600,2366735000,5000,207000000,15767021,30.02
19/05/2014,67370,2858590000,42.8(1.90 %),72370,3072590000,5000,214000000,15699651,30.1
20/05/2014,54080,2304638000,43(0.47 %),55080,2347238000,1000,42600000,15645571,30.17
21/05/2014,41800,1807795000,43.3(0.70 %),43300,1872035000,1500,64240000,15603771,30.22
22/05/2014,44060,1906018000,43.1(-0.46 %),44560,1927668000,500,21650000,15559711,30.27
23/05/2014,21700,933244000,43.3(0.46 %),22700,976544000,1000,43300000,15538011,30.3
26/05/2014,40910,1792615000,44.2(2.08 %),47080,2063148000,6170,270533000,15497101,30.35
27/05/2014,113600,5087610000,45.1(2.04 %),113600,5087610000,0,0,15383501,30.48
28/05/2014,128290,5853501000,45.9(1.77 %),128940,5883206000,650,29705000,15255211,30.64
29/05/2014,120940,5497007000,45.5(-0.87 %),121590,5526752000,650,29745000,15134271,30.78
30/05/2014,123060,5612618000,45.7(0.44 %),123060,5612618000,0,0,15011211,30.93
02/06/2014,52600,2339184000,44.1(0.92 %),53400,2374464000,800,35280000,15009021,30.93
03/06/2014,69150,3057203000,44.2(0.23 %),69150,3057203000,0,0,14939871,31.02
04/06/2014,0,0,43.5(-1.58 %),0,0,0,0,14939871,31.02
05/06/2014,69090,2982353000,43(-1.15 %),75630,3264603000,6540,282250000,14870781,31.1
06/06/2014,14180,606651000,43(0.00 %),21000,899900000,6820,293249000,14856601,31.12
09/06/2014,700,30280000,43.2(0.47 %),1000,43120000,300,12840000,14855901,31.12
10/06/2014,13080,564142000,43.1(-0.23 %),13080,564142000,0,0,14842821,31.13
11/06/2014,14080,605415000,43.1(0.00 %),14080,605415000,0,0,14828741,31.15
12/06/2014,6340,272418000,42.8(-0.70 %),6540,280958000,200,8540000,14822401,31.16
13/06/2014,7240,310830000,42.6(-0.47 %),7240,310830000,0,0,14815161,31.17
16/06/2014,6440,276730000,43.1(1.17 %),6940,298180000,500,21450000,14808721,31.17
17/06/2014,0,0,44(2.09 %),0,0,0,0,14808721,31.17
18/06/2014,6500,285463000,43.8(-0.45 %),6500,285463000,0,0,14802221,31.18
19/06/2014,70660,3087408000,44(0.46 %),70760,3091748000,100,4340000,14731561,31.27
20/06/2014,-149130,-6414681000,43.1(-2.05 %),190300,8269228000,339430,14683909000,14880691,31.09
23/06/2014,36560,1594783000,43.8(1.62 %),36560,1594783000,0,0,14844131,31.13
24/06/2014,151310,6737207000,45.2(3.20 %),157660,7018412000,6350,281205000,14692821,31.31
25/06/2014,187350,8651132000,46.7(3.32 %),187350,8651132000,0,0,14505471,31.54
26/06/2014,189950,9110715000,48.3(3.43 %),192450,9230135000,2500,119420000,14315521,31.77
27/06/2014,301460,14585182000,48.6(0.62 %),303460,14682182000,2000,97000000,14014061,32.13
30/06/2014,185550,9264583000,50.5(3.91 %),210100,10500090000,24550,1235507000,13828511,32.35
01/07/2014,386670,19827800000,52(2.97 %),408170,20935050000,21500,1107250000,13417951,32.85
02/07/2014,166570,8766745000,53(1.92 %),194210,10230940000,27640,1464195000,13251381,33.05
03/07/2014,178410,9281820000,51.5(-2.83 %),237910,12358820000,59500,3077000000,13072971,33.26
04/07/2014,132500,6909940000,52.5(1.94 %),225000,11733940000,92500,4824000000,12940471,33.42
07/07/2014,26890,1398785000,51.5(-1.90 %),51690,2681225000,24800,1282440000,12913581,33.46
08/07/2014,26700,1354410000,51(-0.97 %),70340,3568020000,43640,2213610000,12886881,33.49
09/07/2014,49820,2569720000,52(1.96 %),52300,2698140000,2480,128420000,12837061,33.55
10/07/2014,69220,3478610000,49.6(-4.62 %),77000,3870500000,7780,391890000,12816691,33.57
11/07/2014,22690,1148280000,51(2.82 %),25000,1265000000,2310,116720000,12739491,0.0
14/07/2014,66720,3543885000,54.5(6.86 %),111000,5931410000,44280,2387525000,12672771,33.75
15/07/2014,-68410,-3811655000,55(0.92 %),0,0,68410,3811655000,12741181,33.66
16/07/2014,44920,2434315000,54(-1.82 %),158150,8561580000,113230,6127265000,12524241,0.0
17/07/2014,153500,8256020000,55(1.85 %),157500,8472020000,4000,216000000,12370741,34.11
18/07/2014,197150,11028760000,56.5(2.73 %),260650,14589510000,63500,3560750000,12413337,34.06
21/07/2014,-31640,-1663205000,54(-4.42 %),38190,2078775000,69830,3741980000,12221097,34.29
22/07/2014,48600,2575020000,53(-1.85 %),90000,4778000000,41400,2202980000,12209327,0.0
23/07/2014,-67410,-3493780000,51.5(-2.83 %),590,31470000,68000,3525250000,12210137,34.3
24/07/2014,2660,156990000,53.5(3.88 %),34500,1801870000,31840,1644880000,12238547,0.0
25/07/2014,11650,627625000,52(-2.80 %),42150,2234125000,30500,1606500000,12266227,0.0
28/07/2014,-67090,-3361666000,51.5(-0.96 %),100000,5018134000,167090,8379800000,12207627,0.0
29/07/2014,7720,415840000,52(0.97 %),64170,3300240000,56450,2884400000,12211457,0.0
30/07/2014,15740,791620000,50.5(-2.88 %),59140,2994640000,43400,2203020000,12214157,0.0
31/07/2014,-950,-45350000,51(0.99 %),5750,293650000,6700,339000000,12208907,0.0
01/08/2014,3110,156360000,51.5(0.98 %),4610,232860000,1500,76500000,12371387,0.0
04/08/2014,7500,383750000,51.5(0.00 %),7500,383750000,0,0,12420337,0.0
05/08/2014,27700,1427010000,52(0.97 %),28700,1478510000,1000,51500000,12435037,0.0
06/08/2014,6540,336810000,51.5(-0.96 %),6540,336810000,0,0,12441737,34.02
07/08/2014,-18740,-945650000,50.5(-1.94 %),2000,100000000,20740,1045650000,12460477,34.0
08/08/2014,-33710,-1688195000,50(-0.99 %),900,45000000,34610,1733195000,12433797,0.0
11/08/2014,35450,1755861000,49.5(-1.00 %),77300,3833042000,41850,2077181000,12357497,0.0
12/08/2014,-10960,-545150000,50.5(2.02 %),1300,64350000,12260,609500000,12356577,0.0
13/08/2014,24000,1217000000,50.5(0.00 %),25000,1267500000,1000,50500000,12351937,0.0
14/08/2014,120840,6271220000,53(4.95 %),128240,6650670000,7400,379450000,12386547,34.09
15/08/2014,169730,9038135000,53.5(0.94 %),169830,9043485000,100,5350000,12300157,34.19
18/08/2014,89770,4852830000,54.5(1.87 %),101770,5502080000,12000,649250000,12040817,0.0
19/08/2014,87360,4675860000,53.5(-1.83 %),87700,4694050000,340,18190000,11954117,0.0
20/08/2014,74830,4003255000,53.5(0.00 %),84830,4537630000,10000,534375000,11876687,0.0
21/08/2014,121360,6568440000,54.5(1.87 %),122860,6649440000,1500,81000000,11492177,0.0
22/08/2014,203140,11090560000,54.5(0.00 %),280940,15336660000,77800,4246100000,11504177,35.15
25/08/2014,174100,9629505000,55.5(1.83 %),266180,14709070000,92080,5079565000,11223577,35.49
26/08/2014,75200,4178015000,56(0.90 %),111430,6191150000,36230,2013135000,10967397,35.8
27/08/2014,48570,2690685000,55.5(-0.89 %),105000,5792500000,56430,3101815000,10857467,35.93
28/08/2014,3510,158405000,58(4.50 %),52280,2901540000,48770,2743135000,10830267,35.96
29/08/2014,-2000,-115000000,57.5(-0.86 %),0,0,2000,115000000,10870067,0.0
03/09/2014,134920,7750055000,57.5(0.00 %),142740,8196205000,7820,446150000,10906297,35.87
04/09/2014,71750,4110165000,57(-0.87 %),72580,4157060000,830,46895000,10747407,0.0
05/09/2014,72900,4148320000,56.5(-0.88 %),74600,4246070000,1700,97750000,10721577,0.0
08/09/2014,70010,3964230000,56.5(0.00 %),70020,3964795000,10,565000,10723577,36.09
09/09/2014,161880,9067370000,56(-0.88 %),161880,9067370000,0,0,10661377,36.17
10/09/2014,58510,3288960000,57.5(2.68 %),61300,3447890000,2790,158930000,10439027,0.0
11/09/2014,67400,3865195000,57.5(0.00 %),67410,3865770000,10,575000,10373317,0.0
12/09/2014,114250,6546825000,57.5(0.00 %),115250,6604325000,1000,57500000,10258077,0.0
15/09/2014,48150,2730040000,56.5(-1.74 %),182550,10364150000,134400,7634110000,10258077,36.65
16/09/2014,-123110,-7280375000,60(6.19 %),88340,5005785000,211450,12286160000,9989977,0.0
17/09/2014,16950,1073175000,61.5(2.50 %),23000,1446000000,6050,372825000,9966987,0.0
18/09/2014,8800,497265000,58(-5.69 %),30190,1755305000,21390,1258040000,9937797,0.0
19/09/2014,-271060,-15383305000,57(-1.72 %),976260,55768385000,1247320,71151690000,9095937,0.0
22/09/2014,109040,6461915000,59.5(4.39 %),123370,7310050000,14330,848135000,9184017,0.0
23/09/2014,59450,3556855000,59.5(0.00 %),60450,3616355000,1000,59500000,9129617,0.0
24/09/2014,35930,2153900000,60(0.84 %),200550,12030680000,164620,9876780000,9093687,38.05
25/09/2014,135020,8273195000,63(5.00 %),175800,10810295000,40780,2537100000,8958667,38.22
26/09/2014,-21230,-1321690000,61(-3.17 %),3070,190310000,24300,1512000000,8979897,38.19
29/09/2014,19650,1214875000,61.5(0.82 %),95430,5856040000,75780,4641165000,10023807,0.0
30/09/2014,57110,3493860000,61(-0.81 %),77110,4717360000,20000,1223500000,10026317,0.0
01/10/2014,99420,6065120000,61.5(0.82 %),100420,6126620000,1000,61500000,9966677,0.0
02/10/2014,24400,1500500000,61.5(0.00 %),24600,1512900000,200,12400000,9966377,0.0
03/10/2014,86190,5397225000,63(2.44 %),97030,6074235000,10840,677010000,9945127,0.0
06/10/2014,24340,1535980000,64(1.59 %),25390,1602655000,1050,66675000,9939737,0.0
07/10/2014,78960,5073200000,65(1.56 %),80990,5204620000,2030,131420000,9859747,0.0
08/10/2014,40410,2648605000,66(1.54 %),91150,5952075000,50740,3303470000,9768797,0.0
09/10/2014,1000,63800000,64(-3.03 %),2100,134400000,1100,70600000,9777539,0.0
10/10/2014,26130,1627715000,61.5(-3.91 %),151600,9466000000,125470,7838285000,9726989,0.0
13/10/2014,-123280,-7449675000,61.5(0.00 %),176200,10508700000,299480,17958375000,9850269,37.14
14/10/2014,66300,4042835000,61(-0.81 %),78000,4756885000,11700,714050000,9783969,37.22
15/10/2014,-18890,-1142985000,60(-1.64 %),1720,103200000,20610,1246185000,9802859,37.2
16/10/2014,97660,5830390000,58(-3.33 %),338330,19871300000,240670,14040910000,9705199,37.32
17/10/2014,18200,1050945000,58(0.00 %),83770,4825390000,65570,3774445000,9686999,37.34
20/10/2014,22210,1316800000,59(1.72 %),103790,6181135000,81580,4864335000,9664789,37.37
21/10/2014,-19050,-1118800000,59(0.00 %),0,0,19050,1118800000,9683839,37.34
22/10/2014,-12600,-732310000,59(0.00 %),11020,644710000,23620,1377020000,9696439,37.33
23/10/2014,40670,2397760000,59(0.00 %),44890,2646360000,4220,248600000,9655769,37.38
24/10/2014,26050,1536800000,59(0.00 %),26050,1536800000,0,0,9629719,37.41
27/10/2014,37130,2135930000,57(-3.39 %),44750,2577385000,7620,441455000,9592589,37.45
29/10/2014,3790,223725000,59(2.61 %),7600,447100000,3810,223375000,9588799,37.46
30/10/2014,82490,5005410000,60.5(2.54 %),85990,5217410000,3500,212000000,9506309,37.56
31/10/2014,104170,6463965000,63(4.13 %),104170,6463965000,0,0,9402139,37.68
03/11/2014,40660,2570890000,63(0.00 %),40660,2570890000,0,0,9426019,37.65
04/11/2014,1500,93100000,62(-1.59 %),1500,93100000,0,0,9424519,37.66
05/11/2014,16060,995720000,62(0.00 %),16060,995720000,0,0,9408459,37.67
06/11/2014,6640,411730000,62.5(0.81 %),6640,411730000,0,0,9401819,37.68
07/11/2014,32300,2016550000,62.5(0.00 %),38300,2391050000,6000,374500000,9369519,37.72
10/11/2014,-49700,-2989150000,60(-4.00 %),300,18600000,50000,3007750000,9419219,37.66
11/11/2014,45870,2737685000,60(0.00 %),84710,5068085000,38840,2330400000,9373349,37.72
12/11/2014,-14180,-841365000,59.5(-0.83 %),60820,3667245000,75000,4508610000,9387529,37.7
13/11/2014,10360,620670000,60(0.84 %),53560,3212670000,43200,2592000000,9377169,37.71
14/11/2014,6320,382100000,59.5(-0.83 %),21320,1274600000,15000,892500000,9370849,37.72
17/11/2014,-3340,-195430000,60.5(1.68 %),20300,1211150000,23640,1406580000,9374189,37.72
18/11/2014,14640,877320000,59.5(-1.65 %),22260,1333140000,7620,455820000,9359549,37.73
19/11/2014,10600,621900000,59(-0.84 %),10600,621900000,0,0,9348949,37.75
20/11/2014,43390,2600080000,60.5(2.54 %),48890,2928580000,5500,328500000,9276115,0.0
21/11/2014,12620,757700000,60(-0.83 %),12620,757700000,0,0,9287135,0.0
24/11/2014,13400,803080000,60(0.00 %),13400,803080000,0,0,9281355,0.0
25/11/2014,13920,834200000,60(0.00 %),28230,1692800000,14310,858600000,9253125,0.0
26/11/2014,14630,878740000,58(-3.33 %),30430,1807000000,15800,928260000,9228195,0.0
27/11/2014,-41010,-2362810000,58(0.00 %),0,0,41010,2362810000,9228195,0.0
28/11/2014,-72550,-4134380000,56.5(-2.59 %),93530,5299450000,166080,9433830000,9134665,0.0
01/12/2014,-111820,-6356170000,56(-0.88 %),118640,6720160000,230460,13076330000,9030335,0.0
02/12/2014,33580,1875120000,55.5(-0.89 %),33730,1883520000,150,8400000,9012407,0.0
03/12/2014,1930,109720000,55.5(0.00 %),41930,2332720000,40000,2223000000,9011487,0.0
04/12/2014,5000,286000000,55.5(0.00 %),168160,9351380000,163160,9065380000,9009413,0.0
05/12/2014,-6380,-353690000,55.5(0.00 %),147910,8159410000,154290,8513100000,9191963,0.0
08/12/2014,-30670,-1666270000,53.5(-3.60 %),47250,2559330000,77920,4225600000,9144863,0.0
09/12/2014,96590,4928550000,50.5(-5.61 %),96590,4928550000,0,0,9088273,0.0
10/12/2014,-34350,-1845080000,52.5(3.96 %),73990,3832570000,108340,5677650000,9177443,0.0
11/12/2014,-10380,-550410000,53(0.95 %),1050,55630000,11430,606040000,9230683,0.0
12/12/2014,13020,706885000,55(3.77 %),13020,706885000,0,0,9217663,37.9
15/12/2014,22810,1259500000,55.5(0.91 %),95000,5258070000,72190,3998570000,9245583,0.0
16/12/2014,2430,133740000,54(-2.70 %),116620,6405790000,114190,6272050000,9337303,0.0
17/12/2014,52890,2741870000,54(0.00 %),635120,33588860000,582230,30846990000,9213613,0.0
18/12/2014,-24760,-1316040000,52.5(-2.78 %),51160,2697400000,75920,4013440000,9162453,0.0
19/12/2014,-482960,-24277800000,49.9(-4.95 %),1312180,66002380000,1795140,90280180000,7977463,0.0
22/12/2014,-3770,-198810000,53(6.21 %),13220,698160000,16990,896970000,7981233,39.39
23/12/2014,-220,-11880000,53.5(0.94 %),0,0,220,11880000,8060663,0.0
24/12/2014,107710,5890740000,55.5(3.74 %),107970,5904910000,260,14170000,8028613,0.0
25/12/2014,62980,3563320000,57(2.70 %),63980,3619820000,1000,56500000,9659773,0.0
26/12/2014,-1990,-115235000,56(-1.75 %),4600,255300000,6590,370535000,9661763,37.37
29/12/2014,750,40125000,55(-1.79 %),750,40125000,0,0,9661013,37.37
30/12/2014,10000,554075000,55.5(0.91 %),10000,554075000,0,0,9651013,37.38
31/12/2014,7210,408920000,56(0.90 %),7210,408920000,0,0,9643803,37.39
05/01/2015,8610,481425000,56(0.00 %),8610,481425000,0,0,9653663,37.38
06/01/2015,5970,330080000,56(0.00 %),8610,474020000,2640,143940000,9647693,37.39
07/01/2015,8610,481940000,56(0.00 %),8610,481940000,0,0,9639083,37.4
08/01/2015,9140,511575000,56(0.00 %),9140,511575000,0,0,9629943,37.41
09/01/2015,8610,478250000,56(0.00 %),8610,478250000,0,0,9621333,37.42
12/01/2015,14650,811840000,55.5(-0.89 %),15280,846805000,630,34965000,9606683,37.44
13/01/2015,5200,288230000,55.5(0.00 %),5740,317930000,540,29700000,9601483,37.44
14/01/2015,0,0,55(-0.90 %),0,0,0,0,9601483,37.44
15/01/2015,80,4360000,55.5(0.91 %),300,16350000,220,11990000,9601403,37.44
16/01/2015,0,0,55.5(0.00 %),0,0,0,0,9601403,37.44
19/01/2015,0,0,56(0.90 %),0,0,0,0,9601403,37.44
20/01/2015,-11130,-614650000,55.5(-0.89 %),0,0,11130,614650000,9612533,37.43
21/01/2015,0,-50000,55(-0.90 %),3000,165450000,3000,165500000,9612533,37.43
22/01/2015,-800,-43500000,55.5(0.91 %),200,11000000,1000,54500000,9613333,37.43
23/01/2015,-4500,-245250000,54.5(-1.80 %),0,0,4500,245250000,9617833,37.42
26/01/2015,300,16350000,55(0.92 %),300,16350000,0,0,9617533,37.42
27/01/2015,17840,989235000,55(0.00 %),26750,1470375000,8910,481140000,9599693,37.44
28/01/2015,0,0,55(0.00 %),0,0,0,0,9599693,37.44
29/01/2015,103250,6021585000,58.5(6.36 %),115450,6703435000,12200,681850000,9496443,37.57
30/01/2015,32000,1926825000,60.5(3.42 %),33800,2034825000,1800,108000000,9464443,37.61
02/02/2015,-5740,-342530000,60.5(0.00 %),0,0,5740,342530000,9450449,37.62
03/02/2015,96130,5767550000,60(-0.83 %),100000,6000000000,3870,232450000,9354319,37.74
04/02/2015,62260,3732580000,60(0.00 %),62260,3732580000,0,0,9292059,37.81
05/02/2015,45650,2738180000,60.5(0.83 %),115050,6909525000,69400,4171345000,9246409,37.87
06/02/2015,2100,125650000,60.5(0.00 %),3100,185700000,1000,60050000,9244309,37.87
09/02/2015,10540,629430000,60.5(0.00 %),10540,629430000,0,0,9233769,37.88
10/02/2015,2650,156850000,60(-0.83 %),8650,515350000,6000,358500000,9231119,37.89
11/02/2015,3610,215795000,60(0.00 %),8610,513295000,5000,297500000,9227509,37.89
12/02/2015,8040,481770000,62(3.33 %),78610,4758462000,70570,4276692000,9219469,37.9
13/02/2015,8610,527315000,62(0.00 %),8610,527315000,0,0,9210859,37.91
24/02/2015,7110,436705000,62(0.00 %),8610,529705000,1500,93000000,9203749,37.92
25/02/2015,23950,1475520000,62(0.00 %),24950,1536520000,1000,61000000,9179799,37.95
26/02/2015,8580,525145000,61.5(-0.81 %),8580,525145000,0,0,9171219,37.96
27/02/2015,8610,523960000,61(-0.81 %),8610,523960000,0,0,9162609,37.97
02/03/2015,29200,1741455000,60(-1.64 %),29200,1741455000,0,0,9152155,37.98
03/03/2015,3690,221455000,61(1.67 %),8690,523955000,5000,302500000,9148465,37.99
04/03/2015,10000,606350000,61(0.00 %),10000,606350000,0,0,9138465,38.0
05/03/2015,13010,793610000,60(-1.64 %),13580,828380000,570,34770000,9125455,38.02
06/03/2015,27020,1621200000,60(0.00 %),42000,2520000000,14980,898800000,9098435,38.05
09/03/2015,2570,154090000,59.5(-0.83 %),2570,154090000,0,0,9095865,38.05
10/03/2015,1460,87220000,60(0.84 %),1710,102095000,250,14875000,9094405,38.05
11/03/2015,7120,423640000,60(0.00 %),23350,1389325000,16230,965685000,9087285,38.06
12/03/2015,6220,370140000,60(0.00 %),7100,422500000,880,52360000,9081065,38.07
13/03/2015,11880,717395000,61(1.67 %),25510,1539420000,13630,822025000,9069185,38.08
16/03/2015,15000,914815000,61(0.00 %),15000,914815000,0,0,9054185,38.1
17/03/2015,-2700,-163350000,61(0.00 %),0,0,2700,163350000,9056885,38.1
18/03/2015,7790,473175000,60.5(-0.82 %),8090,491475000,300,18300000,9049095,38.11
19/03/2015,-14290,-862790000,60.5(0.00 %),5700,342100000,19990,1204890000,9063385,38.09
20/03/2015,-11260,-681280000,60.5(0.00 %),100,6000000,11360,687280000,9074645,38.08
23/03/2015,48170,2920805000,60.5(0.00 %),90590,5488097000,42420,2567292000,9026475,38.13
24/03/2015,4160,249800000,61(0.83 %),6160,369810000,2000,120010000,9022315,38.14
25/03/2015,4160,249800000,61(0.00 %),6160,369810000,2000,120010000,9018155,38.14
26/03/2015,-13720,-834570000,61.5(0.82 %),6300,383650000,20020,1218220000,9031875,38.13
27/03/2015,-78900,-4913630000,61(-0.81 %),0,0,78900,4913630000,9110775,38.03
30/03/2015,-14300,-868115000,62(1.64 %),0,0,14300,868115000,9125075,38.02
31/03/2015,-19550,-1179905000,60.5(-2.42 %),11960,721880000,31510,1901785000,9144625,37.99
01/04/2015,41500,2490880000,60(-0.83 %),41500,2490880000,0,0,8913435,38.27
02/04/2015,9150,549585000,61(1.67 %),9150,549585000,0,0,8904285,38.28
03/04/2015,280,17080000,61(0.00 %),280,17080000,0,0,8904005,38.28
06/04/2015,20140,1228135000,61(0.00 %),31580,1926380000,11440,698245000,8883865,38.31
07/04/2015,97770,5896835000,61(0.00 %),117530,7090830000,19760,1193995000,8786095,38.42
08/04/2015,-5180,-308820000,59.5(-2.46 %),28550,1713000000,33730,2021820000,8791275,38.42
09/04/2015,1420,84490000,59.5(0.00 %),12650,752675000,11230,668185000,8789855,38.42
10/04/2015,12300,738000000,60(0.84 %),12300,738000000,0,0,8777555,38.43
13/04/2015,7300,437500000,60(0.00 %),7300,437500000,0,0,8770255,38.44
14/04/2015,97530,5942215000,60.5(0.83 %),98360,5991700000,830,49485000,8672725,38.56
15/04/2015,5510,334605000,61(0.83 %),5720,347310000,210,12705000,8667215,38.57
16/04/2015,11580,701455000,61(0.00 %),11580,701455000,0,0,8655635,38.58
17/04/2015,-16790,-1008670000,60(-1.64 %),23330,1400265000,40120,2408935000,8672425,38.56
20/04/2015,13580,815300000,60.5(0.83 %),13580,815300000,0,0,8658845,38.58
21/04/2015,13050,787190000,61(0.83 %),13050,787190000,0,0,8645795,38.59
22/04/2015,9520,577060000,60.5(-0.82 %),9520,577060000,0,0,8636275,38.6
23/04/2015,2300,140650000,60.5(0.00 %),10050,609525000,7750,468875000,8633975,38.61
24/04/2015,8550,517000000,60.5(0.00 %),8550,517000000,0,0,8625425,38.62
27/04/2015,-6070,-365645000,60.5(0.00 %),8560,517130000,14630,882775000,8631495,38.61
04/05/2015,-950,-62925000,59.5(-1.65 %),15550,931325000,16500,994250000,8718275,38.51
05/05/2015,-1460,-87675000,60(0.84 %),8750,520330000,10210,608005000,8719735,38.5
06/05/2015,450,27910000,60(0.00 %),8550,512810000,8100,484900000,8719285,38.5
07/05/2015,1930,116655000,60.5(0.83 %),8550,513225000,6620,396570000,8717355,38.51
08/05/2015,6740,404895000,60(-0.83 %),9440,567095000,2700,162200000,8710615,38.51
11/05/2015,6300,378050000,60(0.00 %),10120,607050000,3820,229000000,8704315,38.52
12/05/2015,-10850,-640295000,60(0.00 %),10,600000,10860,640895000,8715165,38.51
13/05/2015,-1000,-60000000,60(0.00 %),0,0,1000,60000000,8716165,38.51
14/05/2015,-4610,-275250000,60(0.00 %),0,0,4610,275250000,8720775,38.5
15/05/2015,-4850,-289550000,59.5(-0.83 %),0,0,4850,289550000,8725625,38.5
18/05/2015,1710,105205000,60(0.84 %),10000,596955000,8290,491750000,8723915,38.5
19/05/2015,1250,73900000,60(0.00 %),2850,169400000,1600,95500000,8722665,38.5
20/05/2015,36350,2187080000,61(1.67 %),182750,11038060000,146400,8850980000,8686315,38.54
21/05/2015,-13730,-853325000,62.5(2.46 %),6470,404375000,20200,1257700000,8700045,38.53
22/05/2015,35870,2263485000,63.5(1.60 %),45870,2898485000,10000,635000000,8664175,38.57
25/05/2015,-29950,-1887915000,63(-0.79 %),1180,74840000,31130,1962755000,8694125,38.53
26/05/2015,25450,1607775000,63.5(0.79 %),50550,3191525000,25100,1583750000,8668675,38.57
27/05/2015,-7970,-488110000,61.5(-3.15 %),9620,600780000,17590,1088890000,8676645,38.56
28/05/2015,-22210,-1378095000,62.5(1.63 %),8590,534515000,30800,1912610000,8698855,38.53
29/05/2015,-19090,-1183080000,61.5(-1.60 %),21580,1342750000,40670,2525830000,8717945,38.51
01/06/2015,-30230,-1887740000,62.5(1.63 %),100090,6250905000,130320,8138645000,8567675,38.69
02/06/2015,-36580,-2296545000,62.5(0.00 %),11340,711525000,47920,3008070000,8604255,38.64
03/06/2015,-13660,-737810000,54(0.00 %),3150,169875000,16810,907685000,8617915,38.63
04/06/2015,220,11000000,54(0.00 %),672560,36317360000,672340,36306360000,8617695,38.63
05/06/2015,-4220,-220980000,53(-1.85 %),2510,131275000,6730,352255000,8621915,38.62
08/06/2015,-1630,-84860000,52.5(-0.94 %),0,0,1630,84860000,8623545,38.62
09/06/2015,-110460,-5638955000,52(-0.95 %),3000,155700000,113460,5794655000,8734005,38.49
10/06/2015,-11030,-542740000,51(-1.92 %),119880,6343675000,130910,6886415000,8745035,38.47
11/06/2015,-84150,-4243705000,50.5(-0.98 %),0,0,84150,4243705000,8829185,38.37
12/06/2015,-28970,-1457150000,50.5(0.00 %),130,6500000,29100,1463650000,8858155,38.34
15/06/2015,-3440,-173640000,50.5(0.00 %),149030,7525815000,152470,7699455000,8861595,38.33
16/06/2015,-11300,-563532000,50.5(0.00 %),94520,4771463000,105820,5334995000,8872895,38.32
17/06/2015,-33100,-1654783000,49.8(-1.39 %),500,24900000,33600,1679683000,8905995,38.28
18/06/2015,-4620,-231408000,49.6(-0.40 %),11000,549406000,15620,780814000,8910615,38.27
19/06/2015,-21140,-1050742000,49.7(0.20 %),3160,157552000,24300,1208294000,8931755,38.25
22/06/2015,2410,119942000,49.7(0.00 %),29480,1465398000,27070,1345456000,8929345,38.25
23/06/2015,8860,442609000,50.5(1.61 %),134110,6765284000,125250,6322675000,8920485,38.26
24/06/2015,-16500,-820870000,49.7(-1.58 %),3190,158968000,19690,979838000,8936985,38.24
25/06/2015,100,4970000,50.5(1.61 %),100,4970000,0,0,8936885,38.24
26/06/2015,570,28585000,49.5(-1.98 %),570,28585000,0,0,8936315,38.24
29/06/2015,-2110,-104583000,50.5(2.02 %),6340,313542000,8450,418125000,8938425,38.24
30/06/2015,78100,4058889000,53(4.95 %),184830,9602599000,106730,5543710000,8860325,38.33
01/07/2015,14390,759170000,52.5(-0.94 %),14390,759170000,0,0,9058905,38.1
02/07/2015,9390,492475000,53(0.95 %),9390,492475000,0,0,9049515,38.11
03/07/2015,-3730,-191460000,53(0.00 %),1270,66040000,5000,257500000,9053245,38.1
06/07/2015,7750,406630000,52.5(-0.94 %),10990,575650000,3240,169020000,9045495,38.11
07/07/2015,9690,510460000,53(0.95 %),9690,510460000,0,0,9035805,38.12
08/07/2015,9520,498485000,52(-1.89 %),9520,498485000,0,0,9026285,38.13
09/07/2015,7990,411715000,52(0.00 %),9490,488965000,1500,77250000,9018295,43.04
10/07/2015,-33520,-1733530000,52(0.00 %),6480,335470000,40000,2069000000,9051815,35.84
13/07/2015,-2270,-118005000,52.5(0.96 %),63370,3358580000,65640,3476585000,9054085,35.83
14/07/2015,5620,294250000,52.5(0.00 %),7620,399250000,2000,105000000,9048465,35.84
15/07/2015,-33870,-1729870000,51(-2.86 %),0,0,33870,1729870000,9082335,35.81
16/07/2015,-45450,-2274101000,50(-1.96 %),13330,671447000,58780,2945548000,9127785,35.76
17/07/2015,-27370,-1366355000,50(0.00 %),9490,473750000,36860,1840105000,9155155,35.73
20/07/2015,-40970,-2035541000,49.7(-0.60 %),7160,356048000,48130,2391589000,9196125,35.69
21/07/2015,-50200,-2490224000,49.5(-0.40 %),3130,155391000,53330,2645615000,9246325,35.64
22/07/2015,-24040,-1192686000,50(1.01 %),101390,5064204000,125430,6256890000,9270365,38.86
23/07/2015,-82110,-4012230000,49.7(-0.60 %),22210,1092430000,104320,5104660000,9352475,38.77
24/07/2015,-59420,-2846544000,49.3(-0.80 %),43300,2089140000,102720,4935684000,9411895,38.7
27/07/2015,24050,1212654000,52(5.48 %),52580,2663146000,28530,1450492000,9387845,38.73
28/07/2015,-52270,-2618504000,51(-1.92 %),300,15300000,52570,2633804000,9440115,38.67
29/07/2015,270,16812000,49.8(-2.35 %),24320,1212571000,24050,1195759000,9439845,38.67
30/07/2015,26350,1304190000,49.1(-1.41 %),56150,2783740000,29800,1479550000,9413495,38.7
31/07/2015,-8750,-433230000,49.9(1.63 %),21250,1039780000,30000,1473010000,9422245,38.69
03/08/2015,-5030,-245590000,49.7(-0.40 %),0,0,5030,245590000,10235402,37.8
04/08/2015,10990,539360000,49.5(-0.40 %),11000,539860000,10,500000,10224412,37.81
05/08/2015,60410,3046030000,50(1.01 %),110700,5595820000,50290,2549790000,10164002,37.88
06/08/2015,10000,500000000,50(0.00 %),10000,500000000,0,0,10154002,37.89
07/08/2015,0,0,50(0.00 %),0,0,0,0,10154002,37.89
10/08/2015,0,0,49.9(-0.20 %),0,0,0,0,10154002,37.89
11/08/2015,-3650,-178160000,49.8(-0.20 %),201609,10016860000,205259,10195020000,10157652,37.88
12/08/2015,7940,392370000,49.4(-0.80 %),8110,400770000,170,8400000,10149712,37.89
13/08/2015,9860,480190000,49.2(-0.40 %),22480,1097420000,12620,617230000,10139852,37.9
14/08/2015,6620,324470000,49.2(0.00 %),16070,786500000,9450,462030000,10133232,37.91
17/08/2015,15610,759210000,49.2(0.00 %),43110,2112210000,27500,1353000000,10117622,37.93
18/08/2015,3390,166070000,49.3(0.20 %),7710,377890000,4320,211820000,10114232,37.93
19/08/2015,800,39270000,49.2(-0.20 %),800,39270000,0,0,10113432,37.93
20/08/2015,15560,760660000,48.9(-0.61 %),64140,3139800000,48580,2379140000,10097872,37.95
21/08/2015,-5340,-256630000,48.5(-0.82 %),10900,519830000,16240,776460000,10103212,37.94
24/08/2015,5480,262550000,45.2(-6.80 %),51010,2326880000,45530,2064330000,10097732,37.95
25/08/2015,-48460,-2004230000,47.5(5.09 %),82020,3570600000,130480,5574830000,10146192,37.9
26/08/2015,-25940,-1208660000,46.8(-1.47 %),157400,7338260000,183340,8546920000,10172132,37.87
27/08/2015,-31820,-1459300000,46.9(0.21 %),780,36920000,32600,1496220000,10203952,37.83
28/08/2015,-19170,-879140000,46.7(-0.43 %),3990,184420000,23160,1063560000,10223122,37.81
31/08/2015,22360,1018330000,46(-1.50 %),70000,3196750000,47640,2178420000,10200762,37.84
01/09/2015,7500,345650000,47.8(3.91 %),7500,345650000,0,0,10178759,37.86
03/09/2015,44210,2107160000,47.9(0.21 %),60010,2862250000,15800,755090000,10134549,37.91
04/09/2015,31000,1494200000,48.8(1.88 %),31000,1494200000,0,0,10103549,37.94
07/09/2015,114500,5649310000,48.8(0.00 %),114500,5649310000,0,0,9989049,38.07
08/09/2015,-3160,-151460000,48.5(-0.61 %),0,0,3160,151460000,9992209,38.07
09/09/2015,10600,506170000,47.9(-1.24 %),11250,537370000,650,31200000,9981609,38.08
10/09/2015,-10,-480000,47.2(-1.46 %),0,0,10,480000,9981619,38.08
11/09/2015,2510,121190000,47.9(1.48 %),11000,522090000,8490,400900000,9979109,38.08
14/09/2015,-24840,-1121460000,45(-6.05 %),98800,4456690000,123640,5578150000,10003949,38.05
15/09/2015,-18960,-841110000,44.9(-0.22 %),50000,2210000000,68960,3051110000,10022909,38.03
16/09/2015,-9660,-429150000,44.4(-1.11 %),130070,5770830000,139730,6199980000,10032569,38.02
17/09/2015,0,0,44.9(1.13 %),50000,2233890000,50000,2233890000,10032569,38.02
18/09/2015,-832510,-37034820000,44.5(-0.89 %),603650,26878330000,1436160,63913150000,10865079,37.11
21/09/2015,6350,292740000,46.2(3.82 %),6350,292740000,0,0,10858729,37.12
22/09/2015,54050,2575640000,48.1(4.11 %),104100,4953020000,50050,2377380000,10804679,37.18
23/09/2015,177820,8409120000,47.8(-0.62 %),178000,8417490000,180,8370000,10626859,37.37
24/09/2015,20000,948690000,47(-1.67 %),20000,948690000,0,0,10606859,37.39
25/09/2015,49360,2301240000,46.6(-0.85 %),127940,5963930000,78580,3662690000,10557499,37.45
28/09/2015,-39160,-1792950000,45.5(-2.36 %),200,9280000,39360,1802230000,10596659,37.4
29/09/2015,500,22500000,45.2(-0.66 %),500,22500000,0,0,10596159,37.4
30/09/2015,42500,1943540000,46.3(2.43 %),42500,1943540000,0,0,10553659,37.45
01/10/2015,0,0,46(-0.65 %),0,0,0,0,10617699,37.38
02/10/2015,93110,4291790000,46.3(0.65 %),93110,4291790000,0,0,10524589,37.48
05/10/2015,9700,444230000,46.3(0.00 %),10000,458000000,300,13770000,10514889,37.49
06/10/2015,50000,2383090000,47.6(2.81 %),50000,2383090000,0,0,10464889,37.55
07/10/2015,33500,1591760000,46.7(-1.89 %),33500,1591760000,0,0,10431389,37.58
08/10/2015,41820,2004050000,47.7(2.14 %),51940,2469790000,10120,465740000,10389569,37.63
09/10/2015,151480,7371540000,49.3(3.35 %),180630,8808370000,29150,1436830000,10238089,37.8
12/10/2015,43630,2158870000,49.5(0.41 %),49100,2429760000,5470,270890000,10194459,37.84
13/10/2015,12070,596660000,49.8(0.61 %),33750,1673610000,21680,1076950000,10182389,37.86
14/10/2015,5350,265310000,48.1(-3.41 %),7350,365110000,2000,99800000,10177039,37.86
15/10/2015,28150,1355430000,48.2(0.21 %),30150,1452430000,2000,97000000,10148889,37.89
16/10/2015,-40000,-1919930000,48.3(0.21 %),30000,1443670000,70000,3363600000,10188889,37.85
19/10/2015,9740,469220000,48.3(0.00 %),42990,2074550000,33250,1605330000,10179149,37.86
20/10/2015,11180,537850000,47.9(-0.83 %),18450,886880000,7270,349030000,10167969,37.87
21/10/2015,-11030,-518950000,46.8(-2.30 %),62300,2954980000,73330,3473930000,10178999,37.86
22/10/2015,-48400,-2275210000,47.4(1.28 %),0,0,48400,2275210000,10227399,37.81
23/10/2015,-47450,-2212160000,46.7(-1.48 %),170000,7930400000,217450,10142560000,10274849,37.76
26/10/2015,-3080,-143220000,46.1(-1.28 %),0,0,3080,143220000,10277929,37.75
27/10/2015,-50000,-2268220000,45.2(-1.95 %),0,0,50000,2268220000,10327929,37.7
28/10/2015,-112090,-5058560000,45.1(-0.22 %),350,15750000,112440,5074310000,10440019,37.58
29/10/2015,19500,884420000,46(2.00 %),20000,906970000,500,22550000,10420519,37.6
30/10/2015,-2830,-130620000,46.2(0.43 %),1170,53840000,4000,184460000,10423349,37.59
02/11/2015,11010,501510000,45.8(-0.87 %),11010,501510000,0,0,10334771,37.69
03/11/2015,16170,736640000,46(0.44 %),16170,736640000,0,0,10318601,37.71
04/11/2015,0,0,45.8(-0.43 %),0,0,0,0,10318601,37.71
05/11/2015,-63680,-2883540000,45.3(-1.09 %),199900,9037520000,263580,11921060000,10382281,37.64
06/11/2015,-55070,-2479710000,44.8(-1.10 %),66350,2975350000,121420,5455060000,10437351,37.58
09/11/2015,-27040,-1205210000,45(0.45 %),157490,6961060000,184530,8166270000,10464391,37.55
10/11/2015,-44300,-1959110000,44.6(-0.89 %),0,0,44300,1959110000,10508691,37.5
11/11/2015,-7530,-331750000,44.7(0.22 %),87000,3863840000,94530,4195590000,10516221,37.49
12/11/2015,-5900,-261750000,44.9(0.45 %),100,4420000,6000,266170000,10522121,37.49
13/11/2015,3000,134100000,44.8(-0.22 %),3000,134100000,0,0,10519121,37.49
16/11/2015,2000,90590000,45.6(1.79 %),5000,229370000,3000,138780000,10517121,37.49
17/11/2015,0,0,45.6(0.00 %),0,0,0,0,10517121,37.49
18/11/2015,-3000,-135690000,45.5(-0.22 %),0,0,3000,135690000,10520121,37.49
19/11/2015,-18270,-823880000,45.5(0.00 %),179700,8126560000,197970,8950440000,10538391,37.47
20/11/2015,0,0,45.6(0.22 %),0,0,0,0,10538391,37.47
23/11/2015,0,0,45.5(-0.22 %),0,0,0,0,10538391,37.47
24/11/2015,0,0,45.4(-0.22 %),0,0,0,0,10632361,37.36
25/11/2015,0,0,45.5(0.22 %),0,0,0,0,10655331,37.34
26/11/2015,-19780,-894950000,45.1(-0.88 %),0,0,19780,894950000,10655331,37.34
27/11/2015,-10000,-447487000,44.9(-0.44 %),0,0,10000,447487000,10665331,37.33
30/11/2015,-12470,-554240000,44.9(0.00 %),2530,112490000,15000,666730000,10652801,37.34
01/12/2015,-15000,-669380000,44.8(-0.22 %),4000,178480000,19000,847860000,10648801,37.35
02/12/2015,-24120,-1074760000,44.2(-1.34 %),6480,288690000,30600,1363450000,10662101,37.33
03/12/2015,-7700,-341790000,44.5(0.68 %),1500,66650000,9200,408440000,10670601,37.32
04/12/2015,700,31300000,44.8(0.67 %),700,31300000,0,0,10684901,37.31
07/12/2015,710,31920000,45(0.45 %),900,40510000,190,8590000,10703001,37.29
08/12/2015,4340,195600000,45(0.00 %),4340,195600000,0,0,10729261,37.26
09/12/2015,1200,54130000,45(0.00 %),1200,54130000,0,0,10737261,37.25
10/12/2015,1300,58540000,44.9(-0.22 %),1300,58540000,0,0,10735961,37.25
11/12/2015,1950,88250000,45(0.22 %),1950,88250000,0,0,10734201,37.25
14/12/2015,16290,736850000,45.2(0.44 %),36290,1640150000,20000,903300000,10697911,37.29
15/12/2015,-280,-11420000,44.8(-0.88 %),31460,1421280000,31740,1432700000,10666451,37.33
16/12/2015,11000,493960000,44.8(0.00 %),11000,493960000,0,0,10655459,37.34
17/12/2015,-8820,-395170000,44.8(0.00 %),11180,503180000,20000,898350000,10644279,37.35
18/12/2015,-18380,-820450000,44.5(-0.67 %),207110,9216400000,225490,10036850000,10657169,37.34
21/12/2015,-40000,-1765140000,44.7(0.45 %),0,0,40000,1765140000,10688909,37.3
22/12/2015,0,0,45(0.67 %),0,0,0,0,10688909,37.3
23/12/2015,-32110,-1413090000,44(-2.22 %),0,0,32110,1413090000,10708909,37.28
24/12/2015,-50000,-2170650000,43(-2.27 %),0,0,50000,2170650000,10734399,37.25
25/12/2015,0,0,43.6(1.40 %),0,0,0,0,10774399,37.21
28/12/2015,0,0,43.5(-0.23 %),44860,1906550000,44860,1906550000,10774399,37.21
29/12/2015,0,0,43.3(-0.46 %),0,0,0,0,10806509,37.17
30/12/2015,5000,220280000,44.1(1.85 %),5000,220280000,0,0,10851513,37.12
31/12/2015,0,0,43.6(-1.13 %),0,0,0,0,10851513,37.12
04/01/2016,110,4770000,43.5(-0.23 %),860,37570000,750,32800000,10850653,37.13
05/01/2016,-9750,-420800000,43.5(0.00 %),250,10780000,10000,431580000,10850403,37.13
06/01/2016,-18900,-814760000,43(-1.15 %),190200,8178600000,209100,8993360000,10849303,37.13
07/01/2016,0,0,42.4(-1.40 %),0,0,0,0,10850053,37.13
08/01/2016,0,0,42.4(0.00 %),80000,3320000000,80000,3320000000,10860053,37.12
11/01/2016,0,0,43.4(2.36 %),0,0,0,0,10880053,37.09
12/01/2016,0,0,43.4(0.00 %),0,0,0,0,10880053,37.09
13/01/2016,-2000,-86110000,43.3(-0.23 %),0,0,2000,86110000,10880053,37.09
14/01/2016,-14850,-624830000,42.7(-1.39 %),179844,7463530000,194694,8088360000,10880053,37.09
15/01/2016,0,0,42.5(-0.47 %),0,0,0,0,10880053,37.09
18/01/2016,39150,1550000000,40(-5.88 %),40000,1584000000,850,34000000,10842053,37.14
19/01/2016,-45850,-1853950000,41(2.50 %),10280,417240000,56130,2271190000,10846623,37.13
20/01/2016,100,4130000,40.9(-0.24 %),100,4130000,0,0,10846528,37.13
21/01/2016,0,0,40.8(-0.24 %),0,0,0,0,10847378,37.13
22/01/2016,-740,-29970000,40.7(-0.25 %),0,0,740,29970000,10903508,37.07
25/01/2016,-17460,-707220000,40.6(-0.25 %),30000,1215000000,47460,1922220000,10903498,37.07
26/01/2016,6300,253190000,40(-1.48 %),6300,253190000,0,0,10897208,37.07
27/01/2016,-29560,-1185250000,40(0.00 %),3050,122030000,32610,1307280000,10894898,37.08
28/01/2016,-17250,-674860000,39.6(-1.00 %),75220,2933710000,92470,3608570000,10912138,37.06
29/01/2016,-86640,-3470600000,40(1.01 %),50000,2000000000,136640,5470600000,10912138,37.06
01/02/2016,-87620,-3597250000,41(2.50 %),380,15200000,88000,3612450000,10944368,37.02
02/02/2016,-127810,-5221000000,40.8(-0.49 %),50080,2038800000,177890,7259800000,10960758,37.01
03/02/2016,-40250,-1630950000,40.5(-0.74 %),0,0,40250,1630950000,11047398,36.91
04/02/2016,-67080,-2718940000,40.4(-0.25 %),1670,67800000,68750,2786740000,11133728,36.82
05/02/2016,-100,-4050000,40.4(0.00 %),100,4010000,200,8060000,11262518,36.68
15/02/2016,-214840,-8603950000,40(-0.99 %),1430,57210000,216270,8661160000,11301338,36.63
16/02/2016,-1616820,-66617850000,41.5(3.75 %),2320,94420000,1619140,66712270000,11367768,36.56
17/02/2016,-318320,-13197110000,41.2(-0.72 %),400,16600000,318720,13213710000,11367568,36.56
18/02/2016,-301760,-12555530000,41.5(0.73 %),0,0,301760,12555530000,11583838,36.32
19/02/2016,-864560,-36348880000,42.1(1.45 %),100000,4199500000,964560,40548380000,13152978,34.61
22/02/2016,-704340,-30565550000,43.9(4.28 %),380,16610000,704720,30582160000,13471318,34.26
23/02/2016,-142630,-6206060000,43.5(-0.91 %),1200,52450000,143830,6258510000,13771878,33.93
24/02/2016,-365200,-15743890000,43(-1.15 %),0,0,365200,15743890000,14686438,32.93
25/02/2016,-95180,-4067850000,42(-2.33 %),0,0,95180,4067850000,15391158,32.16
26/02/2016,-378290,-16041950000,42.4(0.95 %),3500,148750000,381790,16190700000,15531488,32.0
29/02/2016,-1042800,-44919300000,43.4(2.36 %),0,0,1042800,44919300000,15896688,31.6
01/03/2016,-490370,-21464180000,43.2(-0.46 %),0,0,490370,21464180000,15991868,31.5
02/03/2016,-73840,-3208570000,43.4(0.46 %),216500,9406250000,290340,12614820000,16357158,31.1
03/03/2016,-478950,-21144240000,44.3(2.07 %),7500,332500000,486450,21476740000,17392458,29.97
04/03/2016,-383170,-17119190000,44.5(0.45 %),190670,8500650000,573840,25619840000,17792158,29.53
07/03/2016,-263770,-11885250000,45.1(1.35 %),432500,19421800000,696270,31307050000,17834998,29.48
08/03/2016,-196880,-8740340000,44.1(-2.22 %),59940,2690730000,256820,11431070000,18261508,29.02
09/03/2016,-143860,-6363010000,44(-0.23 %),700,30940000,144560,6393950000,18734648,28.5
10/03/2016,-96920,-4312760000,45.5(3.41 %),10000,446600000,106920,4759360000,19035918,28.17
11/03/2016,-300,-13530000,45(-1.10 %),0,0,300,13530000,19292738,27.89
14/03/2016,61410,2791420000,45.5(1.11 %),108040,4914920000,46630,2123500000,19329258,27.85
15/03/2016,51970,2355940000,44.8(-1.54 %),51970,2355940000,0,0,19384208,27.79
16/03/2016,-940,-42110000,44.6(-0.45 %),0,0,940,42110000,19384508,27.79
17/03/2016,286210,12880590000,44.7(0.22 %),286210,12880590000,0,0,19144928,28.05
18/03/2016,-74280,-3292010000,44.2(-1.12 %),150,6710000,74430,3298720000,19144778,28.05
21/03/2016,-2680,-118990000,44(-0.45 %),0,0,2680,118990000,19145718,28.05
22/03/2016,-26400,-1146540000,43.4(-1.36 %),43600,1898760000,70000,3045300000,19102127,28.1
23/03/2016,0,0,43.4(0.00 %),0,0,0,0,19176557,28.01
24/03/2016,-68100,-2957600000,43.6(0.46 %),1900,82080000,70000,3039680000,19177337,28.01
25/03/2016,38300,1662870000,43.6(0.00 %),40000,1736100000,1700,73230000,19207337,27.98
28/03/2016,-4710,-204040000,44.3(1.61 %),24000,1051900000,28710,1255940000,19183337,28.01
29/03/2016,-50,-2210000,44.3(0.00 %),0,0,50,2210000,19253337,27.93
30/03/2016,102240,4607340000,45.2(2.03 %),133200,5989580000,30960,1382240000,19121837,28.07
31/03/2016,-48600,-2191940000,44.5(-1.55 %),1400,63560000,50000,2255500000,19149147,28.04
01/04/2016,1000,44600000,44.3(-0.45 %),1000,44600000,0,0,19148197,28.05
04/04/2016,85310,3788520000,44.4(0.23 %),85310,3788520000,0,0,19093847,28.11
05/04/2016,35370,1565050000,44.2(-0.45 %),35370,1565050000,0,0,19108477,28.09
06/04/2016,22400,996270000,44.7(1.13 %),22400,996270000,0,0,19086077,28.11
07/04/2016,182940,8213320000,45.1(0.89 %),182940,8213320000,0,0,18903137,28.31
08/04/2016,-5310,-241100000,46.1(2.22 %),0,0,5310,241100000,18903137,28.31
11/04/2016,263330,12374840000,47.3(2.60 %),263330,12374840000,0,0,18639807,28.6
12/04/2016,128850,6054300000,47(-0.63 %),128850,6054300000,0,0,18510957,28.74
13/04/2016,122800,5762920000,46.8(-0.43 %),122800,5762920000,0,0,18393467,28.87
14/04/2016,10090,472970000,46.8(0.00 %),10090,472970000,0,0,18383377,28.88
15/04/2016,38500,1801200000,46.5(-0.64 %),38500,1801200000,0,0,18344877,28.92
19/04/2016,-27020,-1232120000,45.3(-2.58 %),68500,3165160000,95520,4397280000,18276377,29.0
20/04/2016,5500,266750000,44.7(-1.32 %),52600,2374580000,47100,2107830000,18223777,29.06
21/04/2016,-39800,-1786950000,44.9(0.45 %),6600,296340000,46400,2083290000,18217177,29.06
22/04/2016,6700,300930000,45.3(0.89 %),8700,390530000,2000,89600000,18303997,28.97
25/04/2016,64000,2921250000,45.8(1.10 %),64000,2921250000,0,0,18287097,28.99
26/04/2016,-52580,-2415740000,45.8(0.00 %),0,0,52580,2415740000,18333497,28.94
27/04/2016,123000,5677090000,46.3(1.09 %),123000,5677090000,0,0,18212498,29.07
28/04/2016,-5830,-267730000,45.9(-0.86 %),0,0,5830,267730000,18212498,29.07
29/04/2016,209220,9679650000,46.5(1.31 %),259220,12004650000,50000,2325000000,18005858,29.3
04/05/2016,254780,11956460000,47.5(2.15 %),254780,11956460000,0,0,17751078,29.57
05/05/2016,120720,5786780000,47.9(0.84 %),125520,6016220000,4800,229440000,17631388,29.71
06/05/2016,32700,1576550000,48.2(0.63 %),32700,1576550000,0,0,17648688,29.69
09/05/2016,76110,3648950000,47.7(-1.04 %),84580,4055170000,8470,406220000,17564108,29.78
10/05/2016,4200,199250000,48(0.63 %),4200,199250000,0,0,17564708,29.78
11/05/2016,-30790,-1503520000,48.3(0.62 %),10000,485000000,40790,1988520000,17554708,29.79
12/05/2016,1700,81700000,47.9(-0.83 %),5000,241000000,3300,159300000,17558178,29.79
13/05/2016,21920,1054050000,47.7(-0.42 %),33000,1577030000,11080,522980000,17525178,29.82
16/05/2016,9800,466900000,47.7(0.00 %),9800,466900000,0,0,17556168,29.79
17/05/2016,0,0,47.8(0.21 %),0,0,0,0,17559468,29.78
18/05/2016,1160,57120000,48.5(1.46 %),4440,213910000,3280,156790000,17566108,29.78
19/05/2016,25000,1222500000,49.3(1.65 %),25000,1222500000,0,0,17541108,29.8
20/05/2016,18500,907840000,49.4(0.20 %),18500,907840000,0,0,17522608,29.82
23/05/2016,79310,3887400000,49(-0.81 %),79310,3887400000,0,0,17446578,29.91
24/05/2016,8250,407450000,49.5(1.02 %),69000,3398930000,60750,2991480000,17377578,29.98
25/05/2016,29690,1488860000,50(1.01 %),54690,2736360000,25000,1247500000,17322888,30.04
26/05/2016,-45740,-2233620000,49.3(-1.40 %),20240,1002880000,65980,3236500000,17302648,30.07
27/05/2016,5070,250750000,49.7(0.81 %),5620,278250000,550,27500000,17357778,30.0
30/05/2016,27000,1348560000,50.5(1.61 %),29300,1463560000,2300,115000000,17330778,30.03
31/05/2016,-90740,-4762580000,52.5(3.96 %),45430,2369680000,136170,7132260000,17421518,29.94
01/06/2016,-490,-25690000,52.5(0.00 %),12110,635760000,12600,661450000,17362468,30.0
02/06/2016,3260,169430000,52(-0.95 %),4440,231380000,1180,61950000,17359208,30.0
03/06/2016,-8110,-421670000,52(0.00 %),23530,1223610000,31640,1645280000,17472968,29.88
06/06/2016,-210,-13920000,51(-1.92 %),35790,1827080000,36000,1841000000,17449778,29.9
07/06/2016,71410,3672040000,52(1.96 %),71410,3672040000,0,0,17379548,29.98
08/06/2016,224690,11751130000,52(0.00 %),224910,11762570000,220,11440000,17186278,30.19
09/06/2016,30830,1218620000,39.3(4.27 %),30830,1218620000,0,0,17191448,30.19
10/06/2016,83500,3249970000,38.8(-1.27 %),83500,3249970000,0,0,17107948,30.28
13/06/2016,-48340,-1818540000,37.2(-4.12 %),16820,649800000,65160,2468340000,17091348,30.3
14/06/2016,-62460,-2314050000,37.3(0.27 %),710,26240000,63170,2340290000,17090638,30.3
15/06/2016,-77000,-2920060000,37.7(1.07 %),0,0,77000,2920060000,17090638,30.3
16/06/2016,-30,-1160000,38.3(1.59 %),0,0,30,1160000,17155798,30.23
17/06/2016,14350,546930000,37.9(-1.04 %),17350,661230000,3000,114300000,17201618,30.18
20/06/2016,17000,646230000,37.9(0.00 %),26700,1011480000,9700,365250000,17251918,30.12
21/06/2016,12200,463280000,37.9(0.00 %),12200,463280000,0,0,17239748,30.13
22/06/2016,0,0,38.5(1.58 %),0,0,0,0,17242748,30.13
23/06/2016,43980,1739310000,40(3.90 %),45830,1812650000,1850,73340000,17206618,30.17
24/06/2016,-171560,-6463380000,38.9(-2.75 %),131720,5116330000,303280,11579710000,17074898,30.31
27/06/2016,141480,5444830000,39.1(0.51 %),141810,5457570000,330,12740000,16933088,30.47
28/06/2016,3900,151200000,38.8(-0.77 %),3900,151200000,0,0,16931038,30.47
29/06/2016,41440,1632960000,39.4(1.55 %),91630,3605240000,50190,1972280000,17142688,30.24
30/06/2016,15500,613070000,39.4(0.00 %),50500,1995140000,35000,1382070000,17092518,30.3
01/07/2016,77320,3085300000,40(1.52 %),77710,3100900000,390,15600000,17014810,30.38
04/07/2016,840,33770000,40.2(0.50 %),920,36980000,80,3210000,17064080,30.33
05/07/2016,94250,3735720000,39.6(-1.49 %),95300,3778040000,1050,42320000,17003780,30.39
06/07/2016,43130,1713620000,40.2(1.52 %),44660,1774820000,1530,61200000,16959510,30.44
07/07/2016,44930,1809270000,40.3(0.25 %),45230,1821330000,300,12060000,16914360,30.49
08/07/2016,115270,4685340000,41(1.74 %),115270,4685340000,0,0,16800140,30.62
11/07/2016,186630,7584180000,40.6(-0.98 %),186630,7584180000,0,0,16800140,30.62
12/07/2016,125000,5078450000,41(0.99 %),125000,5078450000,0,0,16490340,30.95
13/07/2016,109530,4650310000,42.7(4.15 %),120530,5116310000,11000,466000000,16369810,31.09
14/07/2016,29800,1276720000,41.9(-1.87 %),30000,1285300000,200,8580000,16339810,31.12
15/07/2016,-10000,-413000000,41.4(-1.19 %),0,0,10000,413000000,16339810,31.12
18/07/2016,-37030,-1513870000,40.7(-1.69 %),600,24580000,37630,1538450000,16350210,31.11
19/07/2016,-3720,-151780000,40.7(0.00 %),400,16320000,4120,168100000,21516165,40.15
20/07/2016,-9470,-385160000,40.6(-0.25 %),2870,117370000,12340,502530000,21523297,30.88
21/07/2016,19460,791060000,40.6(0.00 %),28090,1139710000,8630,348650000,21532837,30.87
22/07/2016,60830,2429460000,40.1(-1.23 %),128170,5123580000,67340,2694120000,21408787,30.98
25/07/2016,77490,3127260000,40.2(0.25 %),77490,3127260000,0,0,21343637,31.03
26/07/2016,3550,141360000,40(-0.50 %),3550,141360000,0,0,21348717,31.03
27/07/2016,23180,926720000,40.3(0.75 %),24180,967220000,1000,40500000,21391877,30.99
28/07/2016,36430,1438410000,39.5(-1.99 %),42630,1685150000,6200,246740000,21349247,31.03
29/07/2016,3820,152120000,39.5(0.00 %),10000,395500000,6180,243380000,21339247,31.04
01/08/2016,29100,1137140000,39(-1.27 %),30100,1175940000,1000,38800000,21310147,31.06
02/08/2016,46150,1773170000,38.4(-1.54 %),46150,1773170000,0,0,21270197,31.09
03/08/2016,75000,2841500000,37.9(-1.30 %),75000,2841500000,0,0,21201377,31.15
04/08/2016,93780,3519710000,37.3(-1.58 %),101000,3792700000,7220,272990000,21101377,31.24
05/08/2016,84270,3115390000,36.6(-1.88 %),84270,3115390000,0,0,21017111,31.31
08/08/2016,54220,2003730000,37.2(1.64 %),54220,2003730000,0,0,20962891,31.35
09/08/2016,53990,2052100000,38.3(2.96 %),54440,2069250000,450,17150000,20915671,31.39
10/08/2016,127230,4961050000,39.5(3.13 %),129000,5029200000,1770,68150000,20786671,31.5
11/08/2016,120,4690000,39.4(-0.25 %),120,4690000,0,0,20786551,31.5
12/08/2016,27830,1082390000,38.6(-2.03 %),40700,1585200000,12870,502810000,20746309,31.54
15/08/2016,1450,55820000,38.6(0.00 %),5050,194430000,3600,138610000,20743029,31.54
16/08/2016,37980,1490490000,39.5(2.33 %),40000,1569650000,2020,79160000,20703029,31.57
17/08/2016,21500,847740000,39.4(-0.25 %),21500,847740000,0,0,20694399,31.58
18/08/2016,70300,2737640000,39.2(-0.51 %),70300,2737640000,0,0,20627699,31.64
19/08/2016,-480,-18510000,38.3(-2.30 %),370,14210000,850,32720000,20629349,31.63
22/08/2016,6000,231000000,38.2(-0.26 %),6000,231000000,0,0,20623349,31.64
23/08/2016,-6360,-242210000,38.3(0.26 %),780,29720000,7140,271930000,20622574,31.64
24/08/2016,10200,390660000,38.3(0.00 %),10200,390660000,0,0,20613224,31.65
25/08/2016,8770,335890000,38.5(0.52 %),8770,335890000,0,0,20604456,31.66
26/08/2016,2370,92230000,38.8(0.78 %),3490,135010000,1120,42780000,20608106,31.65
29/08/2016,188620,7343220000,38.8(0.00 %),195930,7628290000,7310,285070000,20412176,31.82
30/08/2016,73720,2839260000,38.6(-0.52 %),85780,3305560000,12060,466300000,20326396,31.89
31/08/2016,96030,3712980000,38.6(0.00 %),104000,4021450000,7970,308470000,20223516,31.98
01/09/2016,100770,3953220000,39.3(1.81 %),100780,3953610000,10,390000,20130046,32.05
05/09/2016,20180,785620000,39.2(-0.25 %),41800,1631400000,21620,845780000,20100306,32.08
06/09/2016,180060,7079160000,39.6(1.02 %),210110,8249210000,30050,1170050000,19898166,32.25
07/09/2016,71160,2812980000,40.7(2.78 %),165870,6611820000,94710,3798840000,19732307,32.39
08/09/2016,10970,489310000,41.1(0.98 %),262370,10780150000,251400,10290840000,19491557,32.59
09/09/2016,24950,1018500000,41(-0.24 %),25000,1020550000,50,2050000,19496607,32.59
12/09/2016,-5830,-243080000,39.7(-3.17 %),22620,901010000,28450,1144090000,19568697,32.53
13/09/2016,-1520,-61010000,39.9(0.50 %),700,27790000,2220,88800000,19819397,32.32
14/09/2016,1500,59850000,40.2(0.75 %),1500,59850000,0,0,19817947,32.32
15/09/2016,20000,795200000,39.6(-1.49 %),20000,795200000,0,0,19826402,32.31
16/09/2016,0,0,39.7(0.25 %),0,0,0,0,19828629,32.31
19/09/2016,0,0,39.7(0.00 %),0,0,0,0,19828629,32.31
20/09/2016,40870,1626200000,40(0.76 %),40870,1626200000,0,0,19787759,32.34
21/09/2016,-5410,-216120000,39.5(-1.25 %),60600,2403060000,66010,2619180000,19727159,32.39
22/09/2016,20650,818980000,39.6(0.25 %),21490,852080000,840,33100000,19705669,32.41
23/09/2016,19470,782180000,40.45(2.15 %),20000,803200000,530,21020000,19685674,32.43
26/09/2016,36170,1460070000,40.45(0.00 %),36170,1460070000,0,0,19715514,32.4
27/09/2016,147940,6067910000,41.45(2.47 %),150030,6153100000,2090,85190000,19566324,32.53
28/09/2016,37730,1561830000,41.45(0.00 %),41510,1716970000,3780,155140000,19525344,32.56
29/09/2016,68490,2842410000,41.3(-0.36 %),69590,2887980000,1100,45570000,19455754,32.62
30/09/2016,192900,8023640000,42(1.69 %),193000,8027820000,100,4180000,19264844,32.78
03/10/2016,-1810,-76050000,41.8(-0.48 %),190,7950000,2000,84000000,19268434,32.78
04/10/2016,54420,2268080000,42.2(0.96 %),91000,3797350000,36580,1529270000,19178534,32.86
05/10/2016,29790,1249950000,41.8(-0.95 %),40000,1678250000,10210,428300000,19138634,32.89
06/10/2016,45000,1888080000,41.8(0.00 %),45000,1888080000,0,0,19095634,32.93
07/10/2016,-85750,-3496140000,40.5(-3.11 %),115000,4706890000,200750,8203030000,19017214,32.99
10/10/2016,-2570,-82640000,39.7(-1.98 %),45350,1841710000,47920,1924350000,18982074,33.02
11/10/2016,-11090,-438730000,39.5(-0.50 %),177200,6986810000,188290,7425540000,18804874,33.17
12/10/2016,31220,1248700000,40(1.27 %),31220,1248700000,0,0,18974404,33.03
13/10/2016,-46150,-1826560000,40(0.00 %),37510,1488160000,83660,3314720000,18984814,33.02
14/10/2016,-2640,-105570000,40(0.00 %),184860,7398990000,187500,7504560000,19122244,32.9
17/10/2016,-3010,-117700000,39(-2.50 %),73830,2920700000,76840,3038400000,19083784,32.94
18/10/2016,-73240,-2836340000,38.8(-0.51 %),17120,666020000,90360,3502360000,19150324,32.88
19/10/2016,-60710,-2361800000,38.8(0.00 %),0,0,60710,2361800000,19203772,32.83
20/10/2016,-42970,-1632430000,37.55(-3.22 %),2170,82530000,45140,1714960000,19243072,32.8
21/10/2016,-21010,-793730000,37.75(0.53 %),1100,41560000,22110,835290000,19332332,32.73
24/10/2016,1720,65880000,36.8(-2.52 %),11720,437190000,10000,371310000,19381322,32.68
25/10/2016,-9000,-332090000,36.8(0.00 %),10100,369670000,19100,701760000,19416362,32.66
26/10/2016,-34950,-1280320000,36.55(-0.68 %),16500,603710000,51450,1884030000,19421972,32.65
27/10/2016,-96830,-3534160000,36.6(0.14 %),800,29140000,97630,3563300000,19431172,32.64
28/10/2016,-158290,-5790300000,36.65(0.14 %),10280,375240000,168570,6165540000,19439992,32.64
31/10/2016,-226580,-8197570000,35.3(-3.68 %),64500,2334130000,291080,10531700000,19426942,32.65
01/11/2016,38140,1363990000,36(1.98 %),50140,1793620000,12000,429630000,19474432,32.61
02/11/2016,23450,844340000,36.05(0.14 %),51450,1851590000,28000,1007250000,19591552,32.51
03/11/2016,61330,2208000000,36.3(0.69 %),70530,2538930000,9200,330930000,19812102,32.32
04/11/2016,50250,1838810000,36.6(0.83 %),50250,1838810000,0,0,19773852,32.35
07/11/2016,-13090,-477120000,36.4(-0.55 %),0,0,13090,477120000,19801852,32.33
08/11/2016,64750,2365350000,36.5(0.27 %),66520,2430040000,1770,64690000,19744532,32.38
09/11/2016,-62900,-2266190000,36.1(-1.10 %),337100,12175530000,400000,14441720000,19607432,32.49
10/11/2016,-50550,-1839010000,36.5(1.11 %),2500,91530000,53050,1930540000,19618022,32.49
11/11/2016,-106130,-3841330000,36.2(-0.82 %),1820,65890000,107950,3907220000,19617972,32.49
14/11/2016,-265070,-9465940000,35.6(-1.66 %),17460,624600000,282530,10090540000,19800512,32.33
15/11/2016,-94310,-3354840000,35.45(-0.42 %),3000,106900000,97310,3461740000,19850562,32.29
16/11/2016,-143900,-5122340000,35.5(0.14 %),650,23210000,144550,5145550000,19957862,32.2
17/11/2016,-30300,-1080630000,35.8(0.85 %),50,1780000,30350,1082410000,20240342,31.96
18/11/2016,-23480,-836120000,35.5(-0.84 %),720,25640000,24200,861760000,20336944,31.88
21/11/2016,-154620,-5413550000,34.7(-2.25 %),160,5760000,154780,5419310000,20481334,31.76
22/11/2016,-153920,-5279550000,33.9(-2.31 %),15530,529070000,169450,5808620000,20496154,31.75
23/11/2016,-74800,-2509050000,33.4(-1.47 %),15070,504400000,89870,3013450000,20505284,31.74
24/11/2016,-126320,-3974920000,31.45(-1.41 %),4660,148140000,130980,4123060000,20655404,31.61
25/11/2016,-28520,-897670000,31.9(1.43 %),180,5650000,28700,903320000,20824674,31.47
28/11/2016,-2880,-91440000,31.9(0.00 %),210,6670000,3090,98110000,20914334,31.39
29/11/2016,-29960,-932170000,31.1(-2.51 %),12040,375900000,42000,1308070000,21033274,31.29
30/11/2016,-29270,-913570000,31.3(0.64 %),3700,114600000,32970,1028170000,21058274,31.27
01/12/2016,-23710,-749920000,31.5(0.64 %),2270,72060000,25980,821980000,21059094,31.27
02/12/2016,-11030,-348590000,31.6(0.32 %),31100,981610000,42130,1330200000,21069994,31.26
05/12/2016,26460,838670000,31.85(0.79 %),42560,1345890000,16100,507220000,21060404,31.27
06/12/2016,86260,2772280000,32.3(1.41 %),137740,4427420000,51480,1655140000,20948644,31.37
07/12/2016,-690,-22850000,31.85(-1.39 %),920,29380000,1610,52230000,20989854,31.33
08/12/2016,9180,294380000,32(0.47 %),34180,1093380000,25000,799000000,20971774,31.35
09/12/2016,10850,345050000,32(0.00 %),20850,664050000,10000,319000000,21002404,31.32
12/12/2016,90910,2889390000,31.8(-0.62 %),91960,2922990000,1050,33600000,20912054,31.4
13/12/2016,85370,2721180000,32.2(1.26 %),172370,5513580000,87000,2792400000,20850684,31.45
14/12/2016,125190,4015810000,32.1(-0.31 %),125190,4015810000,0,0,20735494,31.54
15/12/2016,600,19080000,32.15(0.16 %),600,19080000,0,0,20735944,31.54
16/12/2016,-9980,-319360000,32(-0.47 %),20,640000,10000,320000000,20711324,31.57
19/12/2016,-13000,-416310000,32.05(0.16 %),20000,640120000,33000,1056430000,20716924,31.56
20/12/2016,-16960,-541210000,31.9(-0.47 %),60600,1935050000,77560,2476260000,20656324,31.61
21/12/2016,26050,832120000,31.9(0.00 %),54650,1745060000,28600,912940000,20611674,31.65
22/12/2016,64400,2055020000,31.95(0.16 %),75000,2392660000,10600,337640000,20569674,31.68
23/12/2016,1380,44070000,31.8(-0.47 %),1380,44070000,0,0,20645854,31.62
26/12/2016,-590,-18760000,31.4(-1.26 %),10,320000,600,19080000,20673434,31.6
27/12/2016,1890,58520000,31.35(-0.16 %),11610,363730000,9720,305210000,20673434,31.6
28/12/2016,-13600,-416430000,30.65(-2.23 %),0,0,13600,416430000,20673434,31.6
29/12/2016,51000,1595760000,31(1.14 %),51000,1595760000,0,0,20623034,31.64
30/12/2016,1000,31200000,32(3.23 %),1000,31200000,0,0,20631754,31.63
03/01/2017,-48940,-1526670000,30.9(-3.44 %),1060,33470000,50000,1560140000,20644294,31.62
04/01/2017,-6260,-198000000,31.8(2.91 %),4620,142770000,10880,340770000,20639679,31.63
05/01/2017,-75420,-2389250000,31.5(-0.94 %),39100,1242700000,114520,3631950000,20600579,31.66
06/01/2017,-84800,-2659230000,31.15(-1.11 %),200,6240000,85000,2665470000,20650379,31.62
09/01/2017,6330,200920000,31.85(2.25 %),7230,229590000,900,28670000,20654029,31.61
10/01/2017,-9850,-312160000,31.8(-0.16 %),150,4740000,10000,316900000,20768399,31.52
11/01/2017,-46720,-1487750000,31.7(-0.31 %),1000,31800000,47720,1519550000,20852399,31.45
12/01/2017,32650,1030840000,31.8(0.32 %),296560,9396710000,263910,8365870000,20756747,31.53
13/01/2017,-23500,-746110000,31.7(-0.31 %),4200,133180000,27700,879290000,20762550,31.52
16/01/2017,9810,310670000,31.7(0.00 %),482300,15286440000,472490,14975770000,20727970,31.55
17/01/2017,-39600,-1240950000,31.2(-1.58 %),400,12580000,40000,1253530000,20791480,31.5
18/01/2017,-60000,-1854890000,30.7(-1.60 %),0,0,60000,1854890000,20819180,31.47
19/01/2017,-70870,-2154020000,30.3(-1.30 %),0,0,70870,2154020000,20891670,31.41
20/01/2017,-51350,-1552550000,30(-0.99 %),920,27820000,52270,1580370000,20930750,31.38
23/01/2017,-5790,-172630000,30.7(2.33 %),39710,1195270000,45500,1367900000,20951040,31.36
24/01/2017,-29300,-884620000,30.4(-0.98 %),0,0,29300,884620000,21021910,31.3
25/01/2017,-44290,-1348310000,30.45(0.16 %),710,21590000,45000,1369900000,21073470,31.26
02/02/2017,-54500,-1670510000,30.8(1.15 %),1000,30600000,55500,1701110000,21117970,31.22
03/02/2017,-100250,-3093120000,30.8(0.00 %),250,7700000,100500,3100820000,21147020,31.2
06/02/2017,-175000,-5398910000,31.1(0.97 %),0,0,175000,5398910000,21192020,31.16
07/02/2017,-91450,-2829260000,30.8(-0.96 %),600,18620000,92050,2847880000,21246920,31.11
08/02/2017,-70140,-2159540000,30.8(0.00 %),250,7690000,70390,2167230000,21347170,31.03
09/02/2017,-20710,-633470000,30.55(-0.81 %),1800,55290000,22510,688760000,21520370,30.88
10/02/2017,-125960,-3819650000,30.6(0.16 %),10,300000,125970,3819950000,21612410,30.81
13/02/2017,-84800,-2618650000,30.9(0.98 %),401490,12427890000,486290,15046540000,21617100,30.8
14/02/2017,-160290,-4974700000,30.85(-0.16 %),55600,1731240000,215890,6705940000,21633010,30.79
15/02/2017,-93090,-2859960000,31.55(2.27 %),1197880,36570080000,1290970,39430040000,21706730,30.73
16/02/2017,-243350,-7609520000,31(-1.74 %),151000,4701000000,394350,12310520000,21706230,30.73
17/02/2017,-237550,-7291100000,31(0.00 %),63780,1951670000,301330,9242770000,21809340,30.64
20/02/2017,-159870,-4967990000,31.4(1.29 %),1036060,32119500000,1195930,37087490000,21743620,30.7
21/02/2017,-302100,-9852480000,32.6(3.82 %),6000,193800000,308100,10046280000,22131977,30.37
22/02/2017,-210758,-6953720000,32.9(0.92 %),15000,491750000,225758,7445470000,22418307,30.13
23/02/2017,11450,372970000,32.75(-0.46 %),37700,1231680000,26250,858710000,22751537,29.85
24/02/2017,7100,228970000,32.05(-2.14 %),10100,325970000,3000,97000000,23049537,29.6
27/02/2017,156510,4980200000,31.8(-0.78 %),158710,5050240000,2200,70040000,22913995,29.71
28/02/2017,-9930,-300830000,31.25(-1.73 %),65090,2058340000,75020,2359170000,23077745,29.57
01/03/2017,160840,5116840000,31.9(2.08 %),166750,5301010000,5910,184170000,22913995,29.71
02/03/2017,90920,2913520000,31.7(-0.63 %),121000,3868300000,30080,954780000,22795195,29.81
03/03/2017,93000,2996470000,32.4(2.21 %),93000,2996470000,0,0,22777215,29.83
06/03/2017,388790,12909030000,33.35(2.93 %),388790,12909030000,0,0,22394335,30.15
07/03/2017,127640,4219750000,33.1(-0.75 %),264640,8748930000,137000,4529180000,22159775,30.35
08/03/2017,26870,911160000,33.7(1.81 %),89880,3034140000,63010,2122980000,22069899,30.42
09/03/2017,-42970,-1436870000,33.2(-1.48 %),1420,47150000,44390,1484020000,22068479,30.42
10/03/2017,-1230,-38630000,32.75(-1.36 %),3850,127740000,5080,166370000,22201629,30.31
13/03/2017,2200,71360000,32.45(-0.92 %),2200,71360000,0,0,22262439,30.26
14/03/2017,-260,-8440000,32.95(1.54 %),0,0,260,8440000,22306829,30.22
15/03/2017,153210,5044280000,33(0.15 %),155920,5133570000,2710,89290000,22155989,30.35
16/03/2017,99810,3305850000,33.1(0.30 %),115770,3834030000,15960,528180000,22040219,30.45
17/03/2017,147800,4935280000,33.55(1.36 %),147800,4935280000,0,0,22040219,30.45
20/03/2017,260,9180000,33.5(-0.15 %),4140,139200000,3880,130020000,22040219,30.45
21/03/2017,153870,5145580000,33.5(0.00 %),205870,6889880000,52000,1744300000,22040219,30.45
22/03/2017,-6440,-210240000,32.75(-2.24 %),5840,195350000,12280,405590000,22040219,30.45
23/03/2017,11260,369510000,33(0.76 %),203273,6706470000,192013,6336960000,22040219,30.45
24/03/2017,92510,2934330000,32(-3.03 %),163160,5238310000,70650,2303980000,22040219,30.45
27/03/2017,-44540,-1424940000,31.9(-0.31 %),56560,1810420000,101100,3235360000,22040219,30.45
28/03/2017,-56620,-1818110000,32(0.31 %),4220,135190000,60840,1953300000,22040219,30.45
29/03/2017,-68410,-2179480000,31.9(-0.31 %),181590,5785810000,250000,7965290000,22040219,30.45
30/03/2017,-108070,-3422610000,31.45(-1.41 %),110590,3505210000,218660,6927820000,22040219,30.45
31/03/2017,-63900,-1996990000,31.25(-0.64 %),89720,2801820000,153620,4798810000,22040219,30.45
03/04/2017,-8860,-283400000,31(-0.80 %),172000,5327430000,180860,5610830000,21507156,30.9
04/04/2017,-17760,-550950000,30.55(-1.45 %),800,24410000,18560,575360000,21725016,30.71
05/04/2017,12800,390480000,31(1.47 %),12800,390480000,0,0,21865836,30.59
07/04/2017,38580,1191740000,31(0.00 %),132520,4104470000,93940,2912730000,21864176,30.59
10/04/2017,111530,3440790000,30.85(-0.48 %),134400,4147820000,22870,707030000,21748336,30.69
11/04/2017,-35970,-1115250000,31(0.49 %),1680,51930000,37650,1167180000,21746656,30.69
12/04/2017,-37300,-1156080000,30.55(-1.45 %),0,0,37300,1156080000,21840596,30.61
13/04/2017,254900,7846160000,30.9(1.15 %),479900,14785970000,225000,6939810000,21583566,30.83
14/04/2017,-6800,-206780000,30.6(-0.97 %),0,0,6800,206780000,21621216,30.8
17/04/2017,-23010,-702000000,30.3(-0.98 %),0,0,23010,702000000,21658516,30.77
18/04/2017,-33610,-1010160000,29.9(-1.32 %),0,0,33610,1010160000,21683516,30.75
19/04/2017,-100210,-3007580000,30(0.33 %),6320,189540000,106530,3197120000,21683996,30.75
20/04/2017,50020,1488160000,29.85(-0.50 %),91020,2710650000,41000,1222490000,21615986,30.8
21/04/2017,6400,190350000,29.7(-0.50 %),6400,190350000,0,0,21643196,30.78
24/04/2017,257830,7522120000,28.95(-2.53 %),257830,7522120000,0,0,21491896,30.91
25/04/2017,32000,939730000,29.4(1.55 %),32000,939730000,0,0,21500896,30.9
26/04/2017,-19110,-559740000,29.2(-0.68 %),41120,1206940000,60230,1766680000,21459776,30.94
27/04/2017,-139000,-3955950000,28.35(-2.91 %),8000,227500000,147000,4183450000,21451776,30.94
28/04/2017,-94980,-2715840000,28.2(-0.53 %),275000,7751600000,369980,10467440000,21176776,31.17
03/05/2017,-2700,-76930000,27.85(-1.24 %),500,13950000,3200,90880000,21236506,31.12
04/05/2017,-146320,-4060730000,27.85(0.00 %),70430,1957770000,216750,6018500000,21313076,31.06
05/05/2017,-179750,-4992490000,28.15(1.08 %),300,8310000,180050,5000800000,21682756,30.75
08/05/2017,-357510,-10016660000,28(-0.53 %),0,0,357510,10016660000,21685956,30.74
09/05/2017,-654960,-19001510000,29.3(4.64 %),6600,191630000,661560,19193140000,21896106,30.57
10/05/2017,-238710,-7123730000,29.7(1.37 %),3320,99210000,242030,7222940000,22072836,30.42
11/05/2017,-128180,-3767360000,29.4(-1.01 %),1290,38050000,129470,3805410000,22429056,30.12
12/05/2017,-310090,-9041380000,29(-1.36 %),80,2340000,310170,9043720000,23090536,29.56
15/05/2017,-315630,-9238850000,31(6.90 %),7000,203000000,322630,9441850000,23325566,29.36
16/05/2017,-129660,-3884450000,29.7(-4.19 %),0,0,129660,3884450000,23455036,29.26
17/05/2017,5880,175030000,29.85(0.51 %),6900,205330000,1020,30300000,23758306,29.0
18/05/2017,127970,3809550000,29.9(0.17 %),127970,3809550000,0,0,23952966,28.84
19/05/2017,-55460,-1688460000,30.45(1.84 %),4540,137900000,60000,1826360000,24078086,28.73
22/05/2017,175210,5409420000,31.05(1.97 %),178210,5501520000,3000,92100000,23900896,28.88
23/05/2017,-60000,-1848070000,30.75(-0.97 %),0,0,60000,1848070000,23900903,28.88
24/05/2017,-97010,-2924730000,29.9(-2.76 %),700,21220000,97710,2945950000,23960203,28.83
25/05/2017,-3750,-113280000,30.1(0.67 %),1250,37380000,5000,150660000,23961953,28.83
26/05/2017,120390,3686120000,30.65(1.83 %),120390,3686120000,0,0,23901563,28.88
29/05/2017,69730,2133880000,30.4(-0.82 %),69730,2133880000,0,0,23929543,28.86
30/05/2017,75100,2250940000,29.9(-1.64 %),76400,2290590000,1300,39650000,23858150,28.92
31/05/2017,-730,-21480000,29.2(-2.34 %),560,16580000,1290,38060000,23857590,28.92
01/06/2017,-39000,-1143950000,29.4(0.68 %),21000,615400000,60000,1759350000,23836590,28.93
02/06/2017,-80360,-2301240000,28.7(-2.38 %),302500,8691740000,382860,10992980000,23786350,28.98
05/06/2017,137470,4057330000,29.55(2.96 %),138440,4085480000,970,28150000,23649200,29.09
06/06/2017,1100,32550000,29.7(0.51 %),1100,32550000,0,0,23708100,29.04
07/06/2017,-33080,-971510000,29.3(-1.35 %),4500,133080000,37580,1104590000,23835500,28.94
08/06/2017,35020,1032320000,29.7(1.37 %),86020,2532720000,51000,1500400000,23750450,29.01
09/06/2017,28390,846490000,30.8(3.70 %),48890,1478740000,20500,632250000,23701560,29.05
12/06/2017,551310,17797400000,32.55(5.68 %),677810,21879490000,126500,4082090000,23061330,29.59
13/06/2017,348000,11594390000,33.7(3.53 %),349500,11644010000,1500,49620000,22762830,29.84
14/06/2017,52370,1727620000,32.95(-2.23 %),147800,4887170000,95430,3159550000,22635530,29.95
15/06/2017,61850,2035320000,33(0.15 %),141500,4662300000,79650,2626980000,22620530,29.96
16/06/2017,87750,2939370000,33.7(2.12 %),158740,5333130000,70990,2393760000,22463290,30.09
19/06/2017,-7100,-240120000,33.7(0.00 %),55300,1856840000,62400,2096960000,22503420,30.06
20/06/2017,21910,713990000,32.4(0.00 %),28610,932340000,6700,218350000,22554460,30.01
21/06/2017,76550,2419300000,31.6(-2.47 %),86550,2735300000,10000,316000000,22538903,30.03
22/06/2017,-40760,-1306690000,31.75(0.47 %),132460,4211570000,173220,5518260000,22468843,30.09
23/06/2017,232780,7609700000,33.5(5.51 %),268150,8742940000,35370,1133240000,22207393,30.31
26/06/2017,26990,883970000,32.9(-1.79 %),99110,3288800000,72120,2404830000,22118283,30.38
27/06/2017,-122000,-3935030000,32(-2.74 %),28110,903060000,150110,4838090000,22269693,30.25
28/06/2017,-21030,-663620000,31.6(-1.25 %),29070,922750000,50100,1586370000,22269693,30.25
29/06/2017,-28390,-910060000,32.15(1.74 %),43650,1397820000,72040,2307880000,22298163,30.23
30/06/2017,10030,321460000,32.05(-0.31 %),10030,321460000,0,0,22438243,30.11
03/07/2017,-31070,-993430000,31.7(-1.09 %),2430,78300000,33500,1071730000,22485913,30.07
04/07/2017,24710,784940000,31.9(0.63 %),78650,2505480000,53940,1720540000,22479303,30.08
05/07/2017,4060,115490000,32.5(1.88 %),74080,2378860000,70020,2263370000,22405230,30.14
06/07/2017,-102360,-3283910000,31.8(-2.15 %),570740,18269700000,673100,21553610000,22417990,30.13
07/07/2017,18110,574620000,31.4(-1.26 %),29110,922740000,11000,348120000,22442820,30.11
10/07/2017,21700,665120000,30.2(-3.82 %),29700,908520000,8000,243400000,22578220,29.99
11/07/2017,34160,1039540000,30.4(0.66 %),39020,1187230000,4860,147690000,22567220,30.0
12/07/2017,-23120,-702950000,30.4(0.00 %),26660,811400000,49780,1514350000,22551560,30.02
13/07/2017,-5590,-167450000,30(-1.32 %),23060,696360000,28650,863810000,22536501,30.03
14/07/2017,-9100,-274360000,30.35(1.17 %),4900,147540000,14000,421900000,22536461,30.03
17/07/2017,-167220,-4976600000,29.25(-3.62 %),30500,919380000,197720,5895980000,22555741,30.01
18/07/2017,-98470,-2837650000,29(-0.85 %),1540,44390000,100010,2882040000,22582851,29.99
19/07/2017,-50060,-1458150000,29(0.00 %),90100,2614220000,140160,4072370000,22576791,29.99
20/07/2017,18040,515060000,28.6(-1.38 %),40450,1159140000,22410,644080000,22734061,29.86
21/07/2017,-181520,-4927420000,26.8(-6.29 %),41680,1130680000,223200,6058100000,22792391,29.81
24/07/2017,41990,1117280000,26.6(-0.75 %),41990,1117280000,0,0,22820521,29.79
25/07/2017,32220,878910000,27.4(3.01 %),41870,1140080000,9650,261170000,22801061,29.81
26/07/2017,-77150,-2083530000,27(-1.46 %),7050,191290000,84200,2274820000,22931701,29.7
27/07/2017,44510,1209100000,27.1(0.37 %),85510,2320500000,41000,1111400000,22931701,29.7
28/07/2017,23880,646750000,27.1(0.00 %),36130,978830000,12250,332080000,22905221,29.72
31/07/2017,77690,2096550000,26.85(-0.92 %),87690,2366350000,10000,269800000,22901731,29.72
01/08/2017,-65830,-1743940000,26.45(-1.49 %),69170,1843560000,135000,3587500000,22873561,29.74
02/08/2017,28040,705560000,25.55(-3.40 %),97240,2504920000,69200,1799360000,22788571,29.82
03/08/2017,-37100,-962660000,25.8(0.98 %),227160,5888620000,264260,6851280000,22771411,29.83
04/08/2017,-107390,-2763010000,25.75(-0.19 %),91940,2366680000,199330,5129690000,22814471,29.79
07/08/2017,-163270,-4267180000,26.75(3.88 %),59750,1558960000,223020,5826140000,22823921,29.79
08/08/2017,12960,344420000,26.6(-0.56 %),13160,349730000,200,5310000,22875021,29.74
09/08/2017,5610,146570000,26.1(-1.88 %),7210,189130000,1600,42560000,23067141,29.58
10/08/2017,3010,78210000,25.9(-0.77 %),3010,78210000,0,0,23287151,29.4
11/08/2017,-24020,-618840000,25.75(-0.58 %),950,24600000,24970,643440000,23286401,29.4
14/08/2017,-4000,-104650000,25.95(0.78 %),6100,157940000,10100,262590000,23281901,29.4
15/08/2017,-29780,-770250000,25.95(0.00 %),220,5700000,30000,775950000,23281681,29.4
16/08/2017,-49500,-1301280000,26.4(1.73 %),2500,65720000,52000,1367000000,23304151,29.38
17/08/2017,1700,44280000,26.05(-1.33 %),2700,70780000,1000,26500000,23311551,29.38
18/08/2017,-36940,-964070000,26.1(0.19 %),3100,81040000,40040,1045110000,23338451,29.35
21/08/2017,-10750,-280880000,26(-0.38 %),9250,239950000,20000,520830000,23381201,29.32
22/08/2017,4880,126760000,25.7(-1.15 %),4880,126760000,0,0,23377321,29.32
23/08/2017,450,11540000,25.7(0.00 %),450,11540000,0,0,23416911,29.29
24/08/2017,2100,53860000,25.55(-0.58 %),2100,53860000,0,0,23434811,29.27
25/08/2017,300,7670000,25.35(-0.78 %),300,7670000,0,0,23434511,29.27
28/08/2017,46160,1151670000,24.9(-1.78 %),50000,1248050000,3840,96380000,23384511,29.31
29/08/2017,-2500,-62000000,24.8(-0.40 %),230,5700000,2730,67700000,23384281,29.32
30/08/2017,2790,69120000,24.9(0.40 %),2790,69120000,0,0,23381491,29.32
31/08/2017,-11750,-290040000,24.65(-1.00 %),300,7400000,12050,297440000,23385031,29.31
01/09/2017,3940,96970000,24.45(-0.81 %),3940,96970000,0,0,23383821,29.32
05/09/2017,160,3860000,23.8(-2.66 %),160,3860000,0,0,23383661,29.32
06/09/2017,-170900,-3971210000,23.15(-2.73 %),3690,86980000,174590,4058190000,23392021,29.31
07/09/2017,-158640,-3717090000,23.35(0.86 %),1200,28260000,159840,3745350000,23390821,29.31
08/09/2017,2400,56400000,23.6(1.07 %),3950,92830000,1550,36430000,23386871,29.31
11/09/2017,14160,334720000,23.5(-0.42 %),14160,334720000,0,0,23547301,29.18
12/09/2017,-101100,-2369920000,23.7(0.85 %),15680,369270000,116780,2739190000,23691461,29.06
13/09/2017,-67500,-1600130000,24(1.27 %),2500,59870000,70000,1660000000,23690511,29.06
14/09/2017,-14140,-345470000,24.8(3.33 %),5860,144530000,20000,490000000,23684660,29.06
15/09/2017,-660270,-15899730000,23.85(-3.83 %),199650,4874070000,859920,20773800000,23751790,29.01
18/09/2017,-140540,-3359640000,23.85(0.00 %),1000,23850000,141540,3383490000,23820790,28.95
19/09/2017,-672140,-15628000000,23.3(-2.31 %),200,4770000,672340,15632770000,23840590,28.93
20/09/2017,-271710,-6330170000,23.3(0.00 %),1000,23300000,272710,6353470000,24549510,28.33
21/09/2017,-595570,-13830810000,23.1(-0.86 %),5000,115900000,600570,13946710000,24686050,28.22
22/09/2017,-432200,-9932320000,22.8(-1.30 %),7400,170300000,439600,10102620000,25350990,27.66
25/09/2017,-179750,-4116740000,22.9(0.44 %),3800,87200000,183550,4203940000,25619900,27.43
26/09/2017,-118840,-2700640000,22.9(0.00 %),0,0,118840,2700640000,26220470,26.93
27/09/2017,-229720,-5278070000,22.85(-0.22 %),11800,271040000,241520,5549110000,26648270,26.57
28/09/2017,-35740,-815970000,22.65(-0.88 %),900,20440000,36640,836410000,26830920,26.41
29/09/2017,9260,206680000,23(1.55 %),53170,1215040000,43910,1008360000,26896590,26.36
02/10/2017,-106440,-2456250000,22.65(-1.52 %),200,4570000,106640,2460820000,27137910,26.16
03/10/2017,-23010,-520460000,22.55(-0.44 %),850,19340000,23860,539800000,27173700,26.13
04/10/2017,-33570,-755530000,22.3(-1.11 %),2430,55180000,36000,810710000,27215180,26.09
05/10/2017,-7790,-170770000,22(-1.35 %),2210,48780000,10000,219550000,27319610,26.0
06/10/2017,-19960,-429280000,21.6(-1.82 %),40,870000,20000,430150000,27343430,25.98
09/10/2017,-29750,-658690000,22.4(3.70 %),750,16710000,30500,675400000,27378688,25.95
10/10/2017,-152220,-3365490000,22(-1.79 %),250,5520000,152470,3371010000,27388438,25.94
11/10/2017,-138900,-3044620000,21.9(-0.45 %),52960,1161510000,191860,4206130000,27355478,25.97
12/10/2017,-198500,-4249150000,21.35(-2.51 %),55800,1190270000,254300,5439420000,27380178,25.95
13/10/2017,-169650,-3594850000,21.1(-1.17 %),17350,368360000,187000,3963210000,27515298,25.84
16/10/2017,-206290,-4287990000,20.65(-2.13 %),640,13290000,206930,4301280000,27706518,25.68
17/10/2017,-109800,-2254940000,20.45(-0.97 %),500,10280000,110300,2265220000,27910318,25.51
18/10/2017,-91400,-1898390000,20.7(1.22 %),14900,307950000,106300,2206340000,28082425,25.36
19/10/2017,-297500,-6266710000,21.2(2.42 %),2300,48090000,299800,6314800000,28287055,25.19
20/10/2017,-39930,-841700000,20.9(-1.42 %),13320,278730000,53250,1120430000,28384035,25.11
23/10/2017,-15940,-325330000,20.45(-2.15 %),9760,199630000,25700,524960000,28480577,25.02
24/10/2017,-83680,-1681970000,20.1(-1.71 %),12420,250880000,96100,1932850000,28767957,24.78
25/10/2017,-68280,-1367460000,19.95(-0.75 %),10290,206310000,78570,1573770000,28810917,24.75
26/10/2017,-78210,-1560390000,19.9(-0.25 %),8690,174900000,86900,1735290000,28827927,24.73
27/10/2017,-143620,-2872970000,20(0.50 %),0,0,143620,2872970000,28924027,24.65
30/10/2017,-74290,-1478990000,19.8(-1.00 %),55010,1098170000,129300,2577160000,28977587,24.61
31/10/2017,-26510,-524870000,19.8(0.00 %),14990,297730000,41500,822600000,29049497,24.55
01/11/2017,148160,2959620000,20.3(2.53 %),181560,3622510000,33400,662890000,29011557,24.58
02/11/2017,-11390,-225930000,20.35(0.25 %),67610,1383090000,79000,1609020000,29043247,24.55
03/11/2017,-68970,-1381020000,20.05(-1.47 %),1550,31100000,70520,1412120000,29083197,24.52
06/11/2017,-145040,-2961000000,20.4(1.75 %),356460,7146780000,501500,10107780000,29104137,24.5
07/11/2017,-113250,-2303240000,20.3(-0.49 %),7250,147650000,120500,2450890000,29175887,24.44
08/11/2017,-240000,-4918570000,20.6(1.48 %),10000,204500000,250000,5123070000,29236407,24.39
09/11/2017,-84710,-1737740000,20.6(0.00 %),271050,5582680000,355760,7320420000,29122857,24.48
10/11/2017,3270,70930000,22(6.80 %),3270,70930000,0,0,29240087,24.39
13/11/2017,250790,5769130000,23.5(6.82 %),258140,5937250000,7350,168120000,29231947,24.39
14/11/2017,-3350,-77170000,22.8(-2.98 %),1030,24070000,4380,101240000,29586677,24.09
15/11/2017,140600,3285270000,23.7(3.95 %),152800,3569950000,12200,284680000,29433877,24.22
16/11/2017,342100,8301330000,24.2(2.11 %),342700,8315880000,600,14550000,29098527,24.5
17/11/2017,64470,1524650000,23.45(-3.10 %),127950,3028890000,63480,1504240000,28974959,24.61
20/11/2017,2500,57670000,22.7(-3.20 %),2500,57670000,0,0,28984666,24.6
21/11/2017,179190,4072630000,22.7(0.00 %),214090,4872670000,34900,800040000,28771176,24.78
22/11/2017,-8800,-200660000,23.3(2.64 %),800,18220000,9600,218880000,28833856,24.73
23/11/2017,39300,915330000,23.2(-0.43 %),40050,933180000,750,17850000,28793806,24.76
24/11/2017,-30940,-704420000,22.9(0.88 %),13060,299360000,44000,1003780000,28815646,24.74
27/11/2017,128000,2988680000,23.4(2.18 %),128000,2988680000,0,0,28697246,24.84
28/11/2017,-43410,-1019420000,23.35(-0.21 %),7090,166560000,50500,1185980000,28690906,24.85
29/11/2017,-124110,-2855820000,22.9(-1.93 %),11520,265450000,135630,3121270000,28723394,24.82
30/11/2017,-48690,-1105860000,22.5(-1.75 %),12480,285140000,61170,1391000000,28710914,24.83
01/12/2017,-55120,-1248630000,22.65(0.67 %),16000,361750000,71120,1610380000,28745414,24.8
04/12/2017,147110,3416560000,23.35(3.09 %),261820,6070240000,114710,2653680000,28619224,24.91
05/12/2017,305750,7433310000,24.95(6.85 %),318690,7744710000,12940,311400000,28361706,25.13
06/12/2017,247070,6401750000,25.65(2.81 %),258790,6705730000,11720,303980000,28174036,25.28
07/12/2017,3200,80960000,25.2(-1.75 %),4400,111380000,1200,30420000,28284349,25.19
08/12/2017,-294300,-7239920000,24.7(-1.98 %),5700,141870000,300000,7381790000,28291589,25.18
11/12/2017,-2930,-70440000,24.2(-2.02 %),3660,89820000,6590,160260000,28299649,25.18
12/12/2017,47540,1124830000,24.3(0.41 %),48710,1151960000,1170,27130000,28252139,25.22
13/12/2017,-5100,-120650000,23.7(-2.47 %),1200,28660000,6300,149310000,28550939,24.97
14/12/2017,-4900,-116890000,24.5(3.38 %),0,0,4900,116890000,28557529,24.96
15/12/2017,-3930,-96580000,24.25(-1.02 %),70,1720000,4000,98300000,28558629,24.96
18/12/2017,-7540,-183510000,24.2(-0.21 %),1480,36210000,9020,219720000,28563449,24.96
19/12/2017,-2550,-62080000,24.25(0.21 %),1680,40640000,4230,102720000,28566669,24.95
20/12/2017,-9050,-229460000,24.9(2.68 %),3930,97880000,12980,327340000,28566739,24.95
21/12/2017,-2900,-73710000,24.9(0.00 %),100,2490000,3000,76200000,28575659,24.94
22/12/2017,14500,357430000,24.65(-1.00 %),14500,357430000,0,0,28565389,24.95
25/12/2017,21600,528180000,24.1(-2.23 %),21600,528180000,0,0,28556769,24.96
26/12/2017,-3100,-72850000,23.8(-1.24 %),0,0,3100,72850000,28559769,24.96
27/12/2017,-3950,-94010000,24.2(1.68 %),0,0,3950,94010000,28559769,24.96
28/12/2017,150,3610000,23.95(-1.03 %),150,3610000,0,0,28559619,24.96
29/12/2017,69300,1679440000,24.2(1.04 %),70000,1696240000,700,16800000,28492719,25.01
02/01/2018,114000,2862580000,25.1(3.72 %),114000,2862580000,0,0,28382669,25.11
03/01/2018,262690,6684520000,25.5(1.59 %),300200,7638490000,37510,953970000,28082469,25.36
04/01/2018,9390,244490000,25.6(0.39 %),45050,1176310000,35660,931820000,28038119,25.4
05/01/2018,30800,826560000,26.7(4.30 %),44600,1199160000,13800,372600000,27993519,25.43
08/01/2018,-1450,-40050000,27.6(3.37 %),50,1380000,1500,41430000,28030979,25.4
09/01/2018,243200,6720010000,27.95(1.27 %),260000,7181890000,16800,461880000,27806639,25.59
10/01/2018,116310,3210480000,27.4(-1.97 %),180400,4966400000,64090,1755920000,27640039,25.73
11/01/2018,81880,2248180000,27.5(0.36 %),85000,2331240000,3120,83060000,27556539,25.8
12/01/2018,67140,1812510000,26.7(-2.91 %),67160,1813060000,20,550000,27506179,25.85
15/01/2018,339290,9441450000,28.55(6.93 %),346700,9645430000,7410,203980000,27223569,26.08
16/01/2018,65230,1892090000,29(1.58 %),85630,2483690000,20400,591600000,27141059,26.15
17/01/2018,-47470,-1362690000,28.2(-2.76 %),2530,72990000,50000,1435680000,27138549,26.15
18/01/2018,147570,4072370000,27.95(-0.89 %),211830,5842340000,64260,1769970000,26934129,26.33
19/01/2018,88500,2492230000,28(0.18 %),98700,2778170000,10200,285940000,26855829,26.39
22/01/2018,11820,330880000,27.6(-1.43 %),14110,393800000,2290,62920000,26891719,26.36
25/01/2018,310890,8352960000,26.5(-3.99 %),311390,8366210000,500,13250000,26657079,26.56
26/01/2018,287610,7818160000,27.55(3.96 %),389910,10583900000,102300,2765740000,26267171,26.89
29/01/2018,36130,1014810000,27.6(0.18 %),134290,3734000000,98160,2719190000,26132881,27.0
30/01/2018,-21780,-581590000,27.4(-0.72 %),98400,2693880000,120180,3275470000,26034981,27.08
31/01/2018,19930,544700000,26.7(-2.55 %),113930,3067900000,94000,2523200000,26023351,27.09
01/02/2018,331880,8846210000,26.45(-0.94 %),401000,10682780000,69120,1836570000,25720511,27.35
02/02/2018,247470,6529130000,26.65(0.76 %),249400,6580080000,1930,50950000,25591291,27.46
05/02/2018,301500,7782110000,25.6(-3.94 %),301500,7782110000,0,0,25383791,27.63
06/02/2018,263600,6460850000,26(1.56 %),288220,7064280000,24620,603430000,25164691,27.82
07/02/2018,98280,2549460000,26.15(0.58 %),102000,2645390000,3720,95930000,25064621,27.9
08/02/2018,104300,2722350000,26.15(0.00 %),104400,2724920000,100,2570000,24960221,27.99
09/02/2018,13100,331860000,25.9(-0.96 %),13100,331860000,0,0,24971741,27.98
12/02/2018,59900,1588630000,26.8(3.47 %),60000,1591310000,100,2680000,24915461,28.03
13/02/2018,880,23100000,26.8(0.00 %),6000,160000000,5120,136900000,24909561,28.03
21/02/2018,-28000,-749830000,26.8(0.00 %),6000,163200000,34000,913030000,24903561,28.04
22/02/2018,-32000,-844620000,26.15(-2.43 %),0,0,32000,844620000,24903661,28.04
23/02/2018,-68000,-1777850000,26.3(0.57 %),16000,417980000,84000,2195830000,24892788,28.05
26/02/2018,-1100,8750000,26(-1.14 %),47100,1265790000,48200,1257040000,24879688,28.06
27/02/2018,107870,2786920000,25.85(-0.58 %),157350,4062370000,49480,1275450000,24754338,28.16
28/02/2018,-14940,-387820000,25.6(-0.97 %),5060,129180000,20000,517000000,24833278,28.1
01/03/2018,6860,170450000,24.6(-3.91 %),8500,211550000,1640,41100000,24872978,28.06
02/03/2018,-140200,-3386400000,24.7(0.41 %),0,0,140200,3386400000,24922458,28.02
05/03/2018,-50590,-1236600000,24.7(0.00 %),50810,1256820000,101400,2493420000,24891648,28.05
06/03/2018,-200,-4940000,24.7(0.00 %),300,7410000,500,12350000,24892988,28.05
07/03/2018,157240,4189230000,26.4(6.88 %),512000,13366610000,354760,9177380000,24721188,28.19
08/03/2018,92810,2493750000,26.8(1.52 %),150400,4035620000,57590,1541870000,24672188,28.23
09/03/2018,140780,3804790000,27.9(4.10 %),175700,4768260000,34920,963470000,24496988,28.38
12/03/2018,38300,1071020000,27.1(-2.87 %),51300,1436270000,13000,365250000,24600448,28.29
13/03/2018,179890,4964010000,27.9(2.95 %),181490,5007890000,1600,43880000,24476548,28.4
14/03/2018,373450,10396130000,28.05(0.54 %),373510,10397810000,60,1680000,24137958,28.68
15/03/2018,202390,5653020000,28.1(0.18 %),253140,7072320000,50750,1419300000,23897818,28.88
16/03/2018,-30150,-865070000,28.75(2.31 %),70000,1998160000,100150,2863230000,23829418,28.94
19/03/2018,13640,378950000,27.8(-3.30 %),15060,419730000,1420,40780000,23814418,28.95
20/03/2018,100000,2815490000,28.1(1.08 %),100000,2815490000,0,0,23765168,28.99
21/03/2018,122810,3489960000,28.45(1.25 %),122810,3489960000,0,0,23742508,29.01
22/03/2018,69300,1957990000,28.3(-0.53 %),100000,2822410000,30700,864420000,23643928,29.1
23/03/2018,253080,7229510000,29.25(3.36 %),388080,11158260000,135000,3928750000,23255848,29.42
26/03/2018,-222230,-6459650000,29(-0.85 %),0,0,222230,6459650000,23255848,29.42
27/03/2018,-140300,-4040730000,28.3(-2.41 %),57200,1631500000,197500,5672230000,23229348,29.45
28/03/2018,-3740,-106350000,28.6(1.06 %),117370,3361170000,121110,3467520000,23246978,29.43
29/03/2018,-74300,-2245060000,29.7(3.85 %),100000,2958650000,174300,5203710000,23369208,29.33
30/03/2018,46590,1445510000,30(1.01 %),251360,7489820000,204770,6044310000,23315348,29.37
02/04/2018,21340,644980000,30.9(3.00 %),57680,1752060000,36340,1107080000,23378778,29.32
03/04/2018,-245350,-7442190000,30.2(-2.27 %),105040,3177590000,350390,10619780000,23518038,29.2
04/04/2018,339290,10481340000,30.9(2.32 %),348670,10770620000,9380,289280000,23374138,29.32
05/04/2018,-8560,-261730000,30.4(-1.62 %),5340,162220000,13900,423950000,23405138,29.3
06/04/2018,9000,269800000,30(-1.32 %),9000,269800000,0,0,23676528,29.07
09/04/2018,96330,2889690000,30.3(1.00 %),105600,3169650000,9270,279960000,23580308,29.15
10/04/2018,38350,1114030000,29(-4.29 %),39000,1133310000,650,19280000,23555208,29.17
11/04/2018,-86070,-2409050000,27.5(-5.17 %),23100,648360000,109170,3057410000,23532108,29.19
12/04/2018,2140,57780000,27.5(0.00 %),2140,57780000,0,0,23539238,29.18
13/04/2018,-149230,-3970850000,25.8(-6.18 %),770,20330000,150000,3991180000,23539118,29.18
16/04/2018,-259870,-6683040000,25.2(-2.33 %),150,3840000,260020,6686880000,23648138,29.09
17/04/2018,-1000,-26000000,26.35(4.56 %),324020,7846470000,325020,7872470000,23648138,29.09
18/04/2018,-55250,-1463920000,26.1(-0.95 %),100,2650000,55350,1466570000,23798038,28.97
19/04/2018,-91410,-2310110000,25(-4.21 %),50,1280000,91460,2311390000,24058008,28.75
20/04/2018,-459740,-11361410000,25.5(2.00 %),10450,261250000,470190,11622660000,24048563,28.76
23/04/2018,-164540,-4111040000,24.3(-4.71 %),6210,157830000,170750,4268870000,24097703,28.71
24/04/2018,-190000,-4611370000,24.3(0.00 %),20000,487500000,210000,5098870000,24169163,28.65
26/04/2018,-83140,-1965890000,22.95(-5.56 %),200,4800000,83340,1970690000,24639153,28.26
27/04/2018,-45860,-999140000,24.4(6.32 %),83140,1990050000,129000,2989190000,24726763,28.18
02/05/2018,-190000,-4376360000,22.75(-6.76 %),200,4590000,190200,4380950000,24936563,28.01
03/05/2018,-170000,-3845110000,23.1(1.54 %),0,0,170000,3845110000,25019903,27.94
04/05/2018,-276020,-6355500000,22.6(-2.16 %),0,0,276020,6355500000,25148903,27.83
07/05/2018,-169900,-3869870000,23.6(4.42 %),100,2320000,170000,3872190000,25339003,27.67
08/05/2018,-42700,-1000480000,23.35(-1.06 %),1300,30290000,44000,1030770000,25507703,27.53
09/05/2018,-26000,-597010000,23.3(-0.21 %),5000,116990000,31000,714000000,25778723,27.3
10/05/2018,-140000,-3149760000,22.5(-3.43 %),0,0,140000,3149760000,25948723,27.16
11/05/2018,-206700,-4591030000,22.5(0.00 %),11900,267790000,218600,4858820000,25980823,27.13
14/05/2018,-49950,-1113070000,22.5(0.00 %),50,1110000,50000,1114180000,26011773,27.1
15/05/2018,-294710,-6612200000,22.3(-0.89 %),5500,122400000,300210,6734600000,26146273,26.99
16/05/2018,-120880,-2661530000,21.95(-1.57 %),5000,109750000,125880,2771280000,26359873,26.81
17/05/2018,-267090,-5717220000,21(-4.33 %),6000,130800000,273090,5848020000,26403873,26.77
18/05/2018,-134790,-2739670000,20(-4.76 %),0,0,134790,2739670000,26704083,26.52
21/05/2018,-1033040,-20735180000,20(0.00 %),3000,60000000,1036040,20795180000,26826963,26.42
22/05/2018,-219000,-4385390000,19.95(-0.25 %),264000,5280000000,483000,9665390000,27039059,26.24
23/05/2018,-180000,-3614210000,21.3(6.77 %),4500,90110000,184500,3704320000,27169349,26.13
24/05/2018,-188000,-3882060000,20.2(-5.16 %),0,0,188000,3882060000,28205389,25.26
25/05/2018,-373970,-7556950000,19.9(-1.49 %),1030,20200000,375000,7577150000,28484359,25.02
28/05/2018,8360,184380000,19.7(-1.01 %),75100,1449850000,66740,1265470000,28593759,24.93
29/05/2018,-8640,-163450000,20.75(5.33 %),60520,1234200000,69160,1397650000,28721239,24.82
30/05/2018,-65600,-1330960000,20.3(-2.17 %),0,0,65600,1330960000,29096239,24.51
31/05/2018,-29580,-583670000,21(3.45 %),204000,4252500000,233580,4836170000,28958979,24.62
01/06/2018,-302560,-6210620000,20.6(-1.90 %),151440,3115520000,454000,9326140000,28876699,24.69
04/06/2018,-469760,-9829840000,21.15(2.67 %),81410,1683070000,551170,11512910000,28860889,24.7
05/06/2018,-268300,-5697460000,21.4(1.18 %),1700,36060000,270000,5733520000,29092769,24.51
06/06/2018,-134600,-2929290000,22.4(4.67 %),400,8660000,135000,2937950000,29546369,24.13
07/06/2018,-69140,-1578900000,23.5(4.91 %),0,0,69140,1578900000,30097539,23.66
08/06/2018,52720,1212560000,23.2(-1.28 %),55010,1265230000,2290,52670000,30312529,23.48
11/06/2018,249010,5743390000,23(-0.86 %),280590,6470350000,31580,726960000,30166939,23.61
12/06/2018,79560,1765310000,22.45(-2.39 %),84110,1868140000,4550,102830000,30151969,23.62
13/06/2018,64960,1504990000,23.9(6.46 %),80000,1859170000,15040,354180000,30074262,23.68
14/06/2018,80000,1932060000,23.8(-0.42 %),80000,1932060000,0,0,30025842,23.72
15/06/2018,0,0,23.8(0.00 %),0,0,0,0,30030392,23.72
18/06/2018,-65780,-1552720000,23(-3.36 %),115000,2643690000,180780,4196410000,29930432,23.8
19/06/2018,-1000,-22640000,23.7(3.04 %),0,0,1000,22640000,29930432,23.8
20/06/2018,68000,1609300000,23.8(0.42 %),68000,1609300000,0,0,29862432,23.86
21/06/2018,0,0,23.1(-2.94 %),0,0,0,0,30043212,23.71
22/06/2018,-238850,-5576920000,23.3(0.87 %),160540,3750750000,399390,9327670000,29883672,23.84
25/06/2018,0,0,23.35(3.78 %),0,0,0,0,29883672,23.84
26/06/2018,63510,1536860000,24.35(4.28 %),65120,1574210000,1610,37350000,29818552,23.9
27/06/2018,-181430,-4395240000,24(-1.44 %),103000,2506100000,284430,6901340000,30114942,23.65
28/06/2018,30,720000,23.9(-0.42 %),30,720000,0,0,30114912,23.65
29/06/2018,0,0,23.6(-1.26 %),0,0,0,0,30116522,23.65
02/07/2018,5000,116500000,23.3(-1.27 %),5000,116500000,0,0,30395952,23.41
03/07/2018,-69090,-1572970000,22.3(-4.29 %),270000,6209530000,339090,7782500000,30295952,23.5
04/07/2018,-108590,-2438720000,22.3(0.00 %),110000,2458700000,218590,4897420000,30185952,23.59
05/07/2018,40000,872520000,22.2(-0.45 %),40000,872520000,0,0,30145952,23.62
06/07/2018,2980,68810000,22.3(0.45 %),10000,223250000,7020,154440000,30305042,23.49
09/07/2018,-162290,-3539820000,21.7(-2.69 %),65510,1416680000,227800,4956500000,30458122,23.36
10/07/2018,55440,1208550000,22(1.38 %),56020,1221140000,580,12590000,30402102,23.41
11/07/2018,80,1760000,21.75(-1.14 %),80,1760000,0,0,30409042,23.4
12/07/2018,93620,2071569000,22.2(2.07 %),93620,2071569000,0,0,30315422,23.48
13/07/2018,12690,286680000,22.45(1.13 %),16540,372150000,3850,85470000,30527262,23.3
16/07/2018,27460,632550000,23.4(4.23 %),27460,632550000,0,0,30499802,23.33
17/07/2018,100000,2351920000,23.7(1.28 %),100000,2351920000,0,0,30399802,23.41
18/07/2018,63000,1534000500,24.5(3.38 %),63000,1534000500,0,0,30336802,23.46
19/07/2018,-11000,-270600000,24.7(0.82 %),0,0,11000,270600000,30340652,23.46
20/07/2018,55850,1354830000,24.3(-1.62 %),55850,1354830000,0,0,30284802,23.51
23/07/2018,0,0,23.7(-2.47 %),0,0,0,0,30284802,23.51
24/07/2018,3000,69000000,22.9(-3.38 %),3000,69000000,0,0,30292802,23.5
25/07/2018,110,2520000,22.8(-0.44 %),110,2520000,0,0,30292696,23.5
26/07/2018,0,0,23.4(2.63 %),0,0,0,0,30292696,23.5
27/07/2018,100000,2421800000,24(2.56 %),100000,2421800000,0,0,30192696,23.58
30/07/2018,3020,73884000,24.6(2.50 %),3020,73884000,0,0,30189676,23.59
31/07/2018,-5000,-123000000,24.55(-0.20 %),0,0,5000,123000000,30194676,23.58
01/08/2018,3000,71700000,23.9(-2.65 %),3000,71700000,0,0,22040219,30.45
02/08/2018,60,1430000,23.8(-0.42 %),60,1430000,0,0,30186619,23.59
03/08/2018,2100,50800000,23.9(0.42 %),2100,50800000,0,0,30184519,23.59
06/08/2018,0,0,23.9(0.00 %),0,0,0,0,30184519,23.59
07/08/2018,-33160,-776845000,23.45(-1.88 %),29140,694226500,62300,1471071500,30217679,23.56
08/08/2018,0,0,23.45(0.00 %),0,0,0,0,30217679,23.56
09/08/2018,10000,234599000,23.45(0.00 %),10000,234599000,0,0,30207679,23.57
10/08/2018,-600,-13920000,23(-1.92 %),0,0,600,13920000,30212679,23.57
13/08/2018,21830,499050000,23(0.00 %),30430,696850000,8600,197800000,30182249,23.59
14/08/2018,60000,1422950000,23.85(3.70 %),60000,1422950000,0,0,30122249,23.64
15/08/2018,85550,2037460000,23.85(0.00 %),110000,2618670000,24450,581210000,30012849,23.74
16/08/2018,48650,1164190000,24.45(2.52 %),66640,1595070000,17990,430880000,29954809,23.78
17/08/2018,-820,-19907000,24.2(-1.02 %),380,9253000,1200,29160000,29955629,23.78
20/08/2018,-29900,-721178500,24.2(0.00 %),100,2435000,30000,723613500,29985529,23.76
21/08/2018,0,-15104000,25.85(6.82 %),10000,242000000,10000,257104000,29985529,23.76
22/08/2018,47470,1238450000,25.7(-0.58 %),50000,1304890000,2530,66440000,29937969,23.8
23/08/2018,225160,6099920000,27.4(6.61 %),230160,6236420000,5000,136500000,29737809,23.97
24/08/2018,82260,2218121000,26.85(-2.01 %),87360,2355851000,5100,137730000,29655549,24.04
27/08/2018,-4900,-130560000,27.5(2.42 %),200,5370000,5100,135930000,29660449,24.03
28/08/2018,-3000,-81150000,26.7(-2.91 %),0,0,3000,81150000,29663449,24.03
29/08/2018,-4970,-134690000,26.3(-1.50 %),0,0,4970,134690000,29672901,24.02
30/08/2018,-4390,-116990000,26.7(1.52 %),0,0,4390,116990000,29678001,24.02
31/08/2018,-10700,-283820500,25.7(-3.75 %),2300,59350000,13000,343170500,29688701,24.01
04/09/2018,14860,386196000,25.9(0.78 %),15200,395036000,340,8840000,22040219,30.45
05/09/2018,2000,52000000,26.1(0.77 %),2000,52000000,0,0,22038219,30.45
06/09/2018,200,5200000,25.9(-0.77 %),200,5200000,0,0,22038019,30.45
07/09/2018,2750,72580000,26.9(3.86 %),2850,75240000,100,2660000,22035269,30.45
10/09/2018,-9700,-258400000,26.85(-0.19 %),300,8100000,10000,266500000,29680851,24.01
11/09/2018,-1000,-27200000,27.1(0.93 %),0,0,1000,27200000,29680851,24.01
12/09/2018,7900,214110000,26.75(-1.29 %),7900,214110000,0,0,29673051,24.02
13/09/2018,-200,-5360000,26.65(-0.37 %),0,0,200,5360000,29683051,24.01
14/09/2018,-530,-14410000,27.2(2.06 %),1760,46730000,2290,61140000,29682291,24.01
17/09/2018,200,5530000,27.8(2.21 %),200,5530000,0,0,29682091,24.01
18/09/2018,14200,391110000,27.9(0.36 %),15200,418610000,1000,27500000,29667091,24.03
19/09/2018,57680,1608480000,27.5(-1.43 %),213200,5924370000,155520,4315890000,29456181,24.2
20/09/2018,67800,1858320000,27.6(0.36 %),75200,2062390000,7400,204070000,29380981,24.27
21/09/2018,9320,260360000,27.4(-0.72 %),60430,1667500000,51110,1407140000,29321551,24.32
24/09/2018,42540,1163761000,27.2(-0.73 %),47420,1297805000,4880,134044000,29279011,24.35
25/09/2018,2690,73213730,27.2(0.00 %),2690,73213730,0,0,29276321,24.36
26/09/2018,19390,530141990,27.75(2.02 %),22390,612164990,3000,82023000,29256931,24.37
27/09/2018,0,0,27.75(0.00 %),0,0,0,0,29256931,24.37
28/09/2018,20890,575172000,27.5(-0.90 %),21100,580989000,210,5817000,29236041,24.39
01/10/2018,26640,721730880,26.8(-2.55 %),28640,775914880,2000,54184000,29294877,24.34
02/10/2018,-9190,-236623500,26.8(0.00 %),28200,745574500,37390,982198000,29304067,24.33
03/10/2018,0,0,27.2(1.49 %),0,0,0,0,29304067,24.33
04/10/2018,-94920,-2547324500,26.8(-1.47 %),10,269500,94930,2547594000,29398987,24.25
05/10/2018,-64750,-1704947000,26.35(-1.68 %),7460,196198000,72210,1901145000,29463737,24.2
08/10/2018,-400,-10300000,26.05(-1.14 %),1100,28930000,1500,39230000,29297707,24.34
09/10/2018,0,0,25.8(-0.96 %),0,0,0,0,29392637,24.26
10/10/2018,-2000,-51150000,25.6(-0.78 %),0,0,2000,51150000,29394637,24.26
11/10/2018,200100,4975404000,24.6(-3.91 %),200100,4975404000,0,0,29194537,24.42
12/10/2018,-157500,-3848095000,24.75(0.61 %),202900,5005487500,360400,8853582500,29352037,24.29
15/10/2018,50000,1249139000,24.8(0.20 %),50000,1249139000,0,0,29302037,24.33
16/10/2018,200,4990000,25(0.81 %),200,4990000,0,0,29301837,24.33
17/10/2018,-1100,-27675500,25.05(0.20 %),560,14042000,1660,41717500,29302937,24.33
18/10/2018,600,14830000,24.55(-2.00 %),600,14830000,0,0,29374387,24.27
19/10/2018,0,0,24.5(-0.20 %),0,0,0,0,29374387,24.27
22/10/2018,40,891000,22.8(-6.94 %),140,3206000,100,2315000,29374347,24.27
23/10/2018,11410,246760000,21.8(-4.39 %),11410,246760000,0,0,29362937,24.28
24/10/2018,0,0,21.6(-0.92 %),0,0,0,0,29362937,24.28
25/10/2018,6800,143300000,21.8(0.93 %),6800,143300000,0,0,29356137,24.29
26/10/2018,-180,-3740000,20.8(-4.59 %),0,0,180,3740000,29357797,24.29
29/10/2018,-970,-20080000,20.8(0.00 %),0,0,970,20080000,29357797,24.29
30/10/2018,17000,356921000,20.8(0.00 %),17000,356921000,0,0,29340797,24.3
31/10/2018,15040,316243000,21.1(1.44 %),15040,316243000,0,0,29325757,24.31
01/11/2018,0,0,21(-0.47 %),0,0,0,0,29326907,24.31
02/11/2018,-1800,-37980000,21.55(2.62 %),0,0,1800,37980000,29328707,24.31
05/11/2018,0,0,21.4(-0.70 %),0,0,0,0,29326907,24.31
06/11/2018,74030,1655273500,22.85(6.78 %),85260,1907517500,11230,252244000,29252877,24.37
07/11/2018,-18700,-433380000,22.95(0.44 %),5000,114750000,23700,548130000,29271577,24.36
08/11/2018,-115700,-2588841500,21.9(-4.58 %),0,0,115700,2588841500,29387277,24.26
09/11/2018,-12700,-273740000,21.9(0.00 %),17300,381810000,30000,655550000,29232377,24.39
12/11/2018,-29420,-625690000,21.4(-2.28 %),17800,388140000,47220,1013830000,29261797,24.37
13/11/2018,30000,652726500,21.75(1.64 %),30000,652726500,0,0,29231797,24.39
14/11/2018,-44060,-936727500,21.1(-2.99 %),5940,127445000,50000,1064172500,29275857,24.36
15/11/2018,-26000,-547705500,21(-0.47 %),0,0,26000,547705500,29301857,24.33
16/11/2018,-28500,-603570000,21.2(0.95 %),0,0,28500,603570000,29330357,24.31
19/11/2018,-26000,-556020000,21.6(1.89 %),0,0,26000,556020000,29445263,24.21
20/11/2018,-22430,-498220000,22.15(2.55 %),11800,254560000,34230,752780000,29459463,24.2
21/11/2018,-25000,-563250000,22.55(1.81 %),0,0,25000,563250000,29487963,24.18
22/11/2018,35000,783790000,22.45(-0.44 %),35000,783790000,0,0,29478963,24.18
23/11/2018,-1100,-24638500,22(-2.00 %),30,673500,1130,25312000,29480063,24.18
26/11/2018,1050,22995000,22.15(0.68 %),1050,22995000,0,0,29479013,24.18
27/11/2018,550,12182500,21.8(-1.58 %),550,12182500,0,0,29478463,24.18
28/11/2018,1270,27345000,21.8(0.00 %),1270,27345000,0,0,29477193,24.19
29/11/2018,5000,108000000,21.7(-0.46 %),5000,108000000,0,0,29472193,24.19
30/11/2018,10000,216000000,21.6(-0.46 %),10000,216000000,0,0,29462193,24.2
03/12/2018,-178380,-3879582500,21.75(0.69 %),65750,1436196500,244130,5315779000,29455673,24.2
04/12/2018,-6070,-135990000,22.4(2.99 %),0,0,6070,135990000,29461743,24.2
05/12/2018,92790,2116289000,23(2.68 %),93000,2120951000,210,4662000,29368953,24.28
06/12/2018,-159250,-3554737500,22.5(-2.17 %),43750,980440000,203000,4535177500,29528203,24.14
07/12/2018,28930,669167500,23.2(3.11 %),36950,848423500,8020,179256000,29499273,24.17
10/12/2018,24000,556601500,23.2(0.00 %),24000,556601500,0,0,29475273,24.19
11/12/2018,48300,1102900000,22.8(-1.72 %),48300,1102900000,0,0,29663083,24.03
12/12/2018,900,20005000,23(0.88 %),35900,819730000,35000,799725000,29662183,24.03
13/12/2018,77690,1779183500,22.95(1.10 %),110210,2524646500,32520,745463000,29584493,24.1
14/12/2018,43740,998763500,22.8(-0.65 %),48220,1101141000,4480,102377500,29540753,24.13
17/12/2018,40000,902100000,22.45(-1.54 %),40000,902100000,0,0,29500753,24.17
18/12/2018,-70010,-1510245000,21.45(-4.45 %),0,0,70010,1510245000,29570763,24.11
19/12/2018,-890,-19135000,21.35(-0.47 %),0,0,890,19135000,29571653,24.11
20/12/2018,-3600,-76090000,21.75(1.87 %),3000,65250000,6600,141340000,29505773,24.16
21/12/2018,-5010,-107710000,21.5(-1.15 %),0,0,5010,107710000,29575783,24.1
24/12/2018,0,0,21.05(-2.09 %),0,0,0,0,29576673,24.1
25/12/2018,-23450,-473590000,20.5(-2.61 %),2550,52530000,26000,526120000,29580723,24.1
26/12/2018,2000,41000000,20.5(0.00 %),2000,41000000,0,0,29578723,24.1
27/12/2018,0,0,21.1(2.93 %),0,0,0,0,29578723,24.1
28/12/2018,-3000,-64200000,21.5(1.90 %),0,0,3000,64200000,29609733,24.07
02/01/2019,0,0,21.6(0.47 %),0,0,0,0,29609733,24.07
03/01/2019,0,0,21.4(-0.93 %),0,0,0,0,29609733,24.07
04/01/2019,-8270,-173948000,21.05(-1.64 %),2930,61823000,11200,235771000,29618003,24.07
07/01/2019,-3440,-72756000,21.15(0.48 %),0,0,3440,72756000,29621443,24.06
08/01/2019,-1000,-21398500,21.6(2.13 %),0,0,1000,21398500,29622443,24.06
09/01/2019,-600,-12760000,21.6(0.00 %),400,8640000,1000,21400000,29623043,24.06
10/01/2019,-4420,-97770000,22.3(3.24 %),0,0,4420,97770000,29624043,24.06
11/01/2019,-1020,-22431000,22.2(-0.45 %),80,1792000,1100,24223000,29625063,24.06
14/01/2019,0,0,22.55(1.58 %),0,0,0,0,29625963,24.06
15/01/2019,108000,2466238000,22.85(1.33 %),108000,2466238000,0,0,29517963,24.15
16/01/2019,63650,1450850000,22.6(-1.09 %),63650,1450850000,0,0,29454313,24.21
17/01/2019,25600,577410000,22.3(-1.33 %),25610,577640000,10,230000,29434223,24.22
18/01/2019,97520,2192670000,22.6(1.35 %),97520,2192670000,0,0,29336709,24.3
21/01/2019,-2000,-44700000,22.4(-0.88 %),0,0,2000,44700000,29336709,24.3
22/01/2019,0,0,22(-1.79 %),0,0,0,0,29336709,24.3
23/01/2019,0,0,21.7(-1.36 %),0,0,0,0,29336709,24.3
24/01/2019,-94060,-2025365500,21.4(-1.38 %),5940,127351000,100000,2152716500,29430769,24.23
25/01/2019,-3000,-64500000,21.5(0.47 %),0,0,3000,64500000,29332783,24.31
28/01/2019,50000,1092730000,21.8(1.40 %),50000,1092730000,0,0,29282783,24.35
29/01/2019,0,0,21.8(0.00 %),0,0,0,0,29383769,24.26
30/01/2019,0,0,21.55(-1.15 %),0,0,0,0,29385783,24.26
31/01/2019,50000,1082502500,21.75(0.93 %),50000,1082502500,0,0,29333769,24.31
01/02/2019,0,0,21.65(-0.46 %),0,0,0,0,29335783,24.31
11/02/2019,5330,115394500,21.65(0.00 %),5330,115394500,0,0,29330453,24.31
12/02/2019,73490,1628827500,22.2(2.54 %),73490,1628827500,0,0,29256963,24.37
13/02/2019,-195730,-4317620000,22.05(-0.68 %),104760,2309800000,300490,6627420000,29252203,24.38
14/02/2019,-400000,-8767140000,21.7(-1.59 %),0,0,400000,8767140000,29252203,24.38
15/02/2019,-248910,-5406564000,21.6(-0.46 %),51150,1112632000,300060,6519196000,30101603,23.66
18/02/2019,-296970,-6366230500,21.6(0.00 %),26200,564872000,323170,6931102500,30398573,23.41
19/02/2019,-200100,-4261680500,21.25(-1.62 %),100,2130000,200200,4263810500,30598673,23.24
20/02/2019,-211260,-4461490000,21.2(-0.24 %),36600,773240000,247860,5234730000,30038703,23.71
21/02/2019,-4510,-95295000,21.6(1.89 %),0,0,4510,95295000,30814443,23.06
22/02/2019,-2960,-63940000,22.05(2.08 %),40,860000,3000,64800000,30562033,23.27
25/02/2019,-14940,-328390000,22.3(1.13 %),0,0,14940,328390000,30832343,23.05
26/02/2019,-1300,-28990000,22.2(-0.45 %),0,0,1300,28990000,30833643,23.04
27/02/2019,10,220000,22.5(1.35 %),10,220000,0,0,30817393,23.06
28/02/2019,12510,282590000,22.2(-1.33 %),13030,294290000,520,11700000,30819303,23.06
01/03/2019,-1380,-30896000,22.3(0.45 %),0,0,1380,30896000,30820603,23.06
04/03/2019,6820,153800000,22.8(2.24 %),7500,169330000,680,15530000,30813103,23.06
05/03/2019,-16020,-375010000,23.15(1.54 %),0,0,16020,375010000,30813623,23.06
06/03/2019,-142120,-3283860000,23.2(0.22 %),1870,43290000,143990,3327150000,30813133,23.06
07/03/2019,-61700,-1415800000,22.7(-2.16 %),0,0,61700,1415800000,31008873,22.9
08/03/2019,-133430,-2983402000,22.35(-1.54 %),1010,22624000,134440,3006026000,31142303,22.78
11/03/2019,-15720,-352935500,22.5(0.67 %),0,0,15720,352935500,31158023,22.77
12/03/2019,271320,6387060000,24.05(6.89 %),280630,6605310000,9310,218250000,30753883,23.11
13/03/2019,100010,2438500000,23.95(-0.42 %),100010,2438500000,0,0,30788313,23.08
14/03/2019,-7250,-173980000,23.95(0.00 %),100,2400000,7350,176380000,30803933,23.07
15/03/2019,20000,488250000,24.4(1.88 %),20000,488250000,0,0,30773943,23.09
18/03/2019,1340,33440000,24.75(1.43 %),3210,78970000,1870,45530000,30790033,23.08
19/03/2019,2000,49140000,23.7(-4.24 %),2000,49140000,0,0,30795383,23.08
20/03/2019,14530,344731000,24.2(2.11 %),15000,355846500,470,11115500,30756073,23.11
21/03/2019,4270,98440000,23.2(-4.13 %),5000,116000000,730,17560000,30777253,23.09
22/03/2019,-6460,-149030000,23(-0.86 %),0,0,6460,149030000,30777253,23.09
25/03/2019,-580,-12990000,22.1(-3.91 %),0,0,580,12990000,30777723,23.09
26/03/2019,-11600,-256500000,22.1(0.00 %),0,0,11600,256500000,30778453,23.09
27/03/2019,8900,198940000,22.2(0.45 %),8900,198940000,0,0,30761543,23.1
28/03/2019,-200,-4430000,22.2(0.00 %),0,0,200,4430000,30761743,23.1
29/03/2019,4620,103970000,22.35(0.68 %),5000,112500000,380,8530000,30783193,23.09
01/04/2019,0,0,22.25(-0.45 %),0,0,0,0,30783193,23.09
02/04/2019,-15200,-340480000,22.25(0.00 %),0,0,15200,340480000,30798393,23.07
03/04/2019,-11730,-260852500,22.05(-0.90 %),0,0,11730,260852500,30810123,23.06
04/04/2019,-18920,-417190000,22.05(0.00 %),0,0,18920,417190000,30799253,23.07
05/04/2019,-68500,-1485741000,21.45(-2.72 %),1000,21700000,69500,1507441000,30897543,22.99
08/04/2019,-12790,-274610000,21.75(1.40 %),0,0,12790,274610000,30825183,23.05
09/04/2019,-35560,-764400000,21.4(-1.61 %),15000,326250000,50560,1090650000,30829103,23.05
10/04/2019,-85000,-1802923500,21.2(-0.93 %),15000,321000000,100000,2123923500,31030893,22.88
11/04/2019,34900,746390000,21.4(0.94 %),34900,746390000,0,0,30861493,23.02
12/04/2019,-87640,-1860880000,21(-1.87 %),15400,329160000,103040,2190040000,30896653,22.99
16/04/2019,64520,1366666500,21.35(1.67 %),65000,1376842500,480,10176000,31019113,22.89
17/04/2019,-39480,-838040000,21(-1.64 %),15000,320250000,54480,1158290000,30916653,22.97
18/04/2019,-77470,-1606410500,20.4(-2.86 %),0,0,77470,1606410500,31136063,22.79
19/04/2019,30000,619254000,20.7(1.47 %),30000,619254000,0,0,31106063,22.81
22/04/2019,-5160,-107551500,20.8(0.48 %),15000,312549500,20160,420101000,31111223,22.81
23/04/2019,0,0,21.15(1.68 %),0,0,0,0,31107130,22.81
24/04/2019,6300,132930000,21.15(0.00 %),6300,132930000,0,0,31104923,22.82
25/04/2019,1520,32920000,21.25(0.47 %),2920,62630000,1400,29710000,31118070,22.8
26/04/2019,300,6390000,21.3(0.24 %),300,6390000,0,0,31117770,22.8
02/05/2019,-59930,-1267765500,21.3(0.00 %),20000,424685000,79930,1692450500,31117770,22.8
03/05/2019,-6880,-145860000,21.2(-0.47 %),0,0,6880,145860000,31099170,22.82
06/05/2019,1000,20800000,20.9(-1.42 %),1000,20800000,0,0,31123650,22.8
07/05/2019,21350,451700000,21.2(1.44 %),21350,451700000,0,0,31156750,22.77
08/05/2019,-15610,-327480500,20.95(-1.18 %),1100,22900000,16710,350380500,31117910,22.8
09/05/2019,-36750,-768019000,21.6(3.10 %),20940,443360500,57690,1211379500,31154660,22.77
10/05/2019,92400,2028433500,22(1.85 %),100000,2195243000,7600,166809500,31062260,22.85
13/05/2019,70030,1562650000,22.3(1.36 %),73000,1628600000,2970,65950000,30985300,22.92
14/05/2019,20600,458230000,22.4(0.45 %),20600,458230000,0,0,31022390,22.89
15/05/2019,-5000,-113500000,22.4(0.00 %),0,0,5000,113500000,31029990,22.88
16/05/2019,-6700,-154300000,23.05(2.90 %),0,0,6700,154300000,31032960,22.88
17/05/2019,-6800,-156590000,22.8(-1.08 %),0,0,6800,156590000,31032960,22.88
20/05/2019,0,0,22.8(0.00 %),0,0,0,0,31037960,22.87
21/05/2019,-2830,-63870000,22.5(-1.32 %),0,0,2830,63870000,31044660,22.87
22/05/2019,49690,1129260000,22.65(0.67 %),50290,1142850000,600,13590000,31001170,22.9
23/05/2019,95000,2211510000,23.8(5.08 %),100000,2328310000,5000,116800000,30901170,22.99
24/05/2019,7330,172838000,23.2(-2.52 %),7330,172838000,0,0,30893840,22.99
27/05/2019,1110,25860000,22.4(-3.45 %),2000,46400000,890,20540000,30895270,22.99
28/05/2019,-254350,-5512869500,21.85(-2.46 %),8120,179738000,262470,5692607500,31147080,22.78
29/05/2019,-38180,-821206500,21.5(-1.60 %),1820,39130000,40000,860336500,31185260,22.75
30/05/2019,0,0,20.9(-2.79 %),0,0,0,0,31185260,22.75
31/05/2019,-3050,-64040000,20.2(-3.35 %),1000,20200000,4050,84240000,31188310,22.75
03/06/2019,-48150,-942350000,19.4(-3.96 %),3000,58580000,51150,1000930000,31189691,22.74
04/06/2019,-8180,-157980000,18.9(-2.58 %),1500,28430000,9680,186410000,31188191,22.75
05/06/2019,2700,51860000,19.2(1.59 %),2700,51860000,0,0,31195171,22.74
06/06/2019,150,2880000,19.6(2.08 %),150,2880000,0,0,31240541,22.7
07/06/2019,-43500,-849560000,19.45(-0.77 %),6500,127040000,50000,976600000,31243721,22.7
10/06/2019,0,0,19.7(1.29 %),0,0,0,0,31238521,22.7
11/06/2019,25070,491610000,19.65(-0.25 %),25070,491610000,0,0,31218652,22.72
12/06/2019,-30100,-583080000,19.25(-2.04 %),0,0,30100,583080000,31268652,22.68
13/06/2019,-420,-8085000,19.25(0.00 %),0,0,420,8085000,31243971,22.7
14/06/2019,0,0,19.25(0.00 %),0,0,0,0,31268652,22.68
17/06/2019,-30000,-568285000,18.85(-2.08 %),0,0,30000,568285000,31273971,22.67
18/06/2019,-7760,-145888000,18.25(-3.18 %),0,0,7760,145888000,31281731,22.67
19/06/2019,-1570,-28730500,18.2(-0.27 %),10100,184830500,11670,213561000,31283301,22.67
20/06/2019,1900,34303000,18.55(1.92 %),51900,943203000,50000,908900000,31281401,22.67
21/06/2019,13310,246715500,18.5(-0.27 %),14180,262839000,870,16123500,31268091,22.68
24/06/2019,-39660,-721470000,18.1(-2.16 %),10340,187120000,50000,908590000,31262089,22.68
25/06/2019,0,0,18.3(1.10 %),0,0,0,0,31312089,22.64
26/06/2019,3100,57980000,18.65(1.91 %),3200,59840000,100,1860000,31304651,22.65
27/06/2019,1020,18760000,18.3(-1.88 %),1020,18760000,0,0,31358739,22.6
28/06/2019,1510,27560000,18.4(0.55 %),1510,27560000,0,0,31357229,22.6
01/07/2019,-30310,-563380000,18.55(0.82 %),11000,202950000,41310,766330000,31346329,22.61
02/07/2019,13900,256150000,18.6(0.27 %),15000,276500000,1100,20350000,31331329,22.63
03/07/2019,950,17720000,18.5(-0.54 %),950,17720000,0,0,31330379,22.63
04/07/2019,59590,1130740000,18.95(2.43 %),60300,1144190000,710,13450000,31311389,22.64
05/07/2019,-300,-5660000,18.9(-0.26 %),0,0,300,5660000,31312489,22.64
08/07/2019,0,0,18.6(-1.59 %),0,0,0,0,31312489,22.64
09/07/2019,96170,1833210000,19.1(2.69 %),100330,1912640000,4160,79430000,31212869,22.72
10/07/2019,58990,1129151500,19.1(0.00 %),58990,1129151500,0,0,31128029,22.8
11/07/2019,126190,2429430000,19.4(1.57 %),128500,2473490000,2310,44060000,31025679,22.88
12/07/2019,96000,1867132000,19.25(-0.77 %),102000,1984232000,6000,117100000,30905839,22.98
15/07/2019,-25000,-478681500,19.1(-0.78 %),0,0,25000,478681500,30930839,22.96
16/07/2019,-400,-7640000,18.95(-0.79 %),0,0,400,7640000,30930149,22.96
17/07/2019,81000,1584360000,19.6(3.43 %),101000,1972360000,20000,388000000,30835149,23.04
18/07/2019,-200,-3930000,19.6(0.00 %),0,0,200,3930000,30850439,23.03
19/07/2019,-4210,-84240000,19.85(1.28 %),0,0,4210,84240000,30860549,23.02
22/07/2019,-5410,-107652000,20(0.76 %),50,1002500,5460,108654500,30860059,23.02
23/07/2019,-100,-1985000,19.85(-0.75 %),0,0,100,1985000,30860159,23.02
24/07/2019,-3140,-61620000,19.75(-0.50 %),0,0,3140,61620000,30884909,23.0
25/07/2019,-760,-14970000,19.35(-2.03 %),0,0,760,14970000,30890372,23.0
26/07/2019,140,2730000,19.35(0.00 %),1150,22430000,1010,19700000,30889322,23.0
29/07/2019,0,0,19(-1.81 %),0,0,0,0,30892462,22.99
30/07/2019,25010,488410000,19.7(3.68 %),25010,488410000,0,0,30868212,23.02
31/07/2019,0,0,19.85(0.76 %),0,0,0,0,30869222,23.01
01/08/2019,0,0,19.3(-2.77 %),0,0,0,0,30869222,23.01
02/08/2019,0,0,19.5(1.04 %),0,0,0,0,30869222,23.01
05/08/2019,-1040,-20330000,19.55(0.26 %),0,0,1040,20330000,30869222,23.01
06/08/2019,-12700,-245115000,19.2(-1.79 %),0,0,12700,245115000,30882962,23.0
07/08/2019,45650,888210000,19.4(1.04 %),80000,1554600000,34350,666390000,30789222,23.08
08/08/2019,-10000,-194000000,19.5(0.52 %),0,0,10000,194000000,30847312,23.03
09/08/2019,-20000,-394290000,20.45(4.87 %),0,0,20000,394290000,30802962,23.07
12/08/2019,77000,1580550000,20.6(0.73 %),100000,2052200000,23000,471650000,30737312,23.13
13/08/2019,100000,2038000000,20.6(0.00 %),100000,2038000000,0,0,30647312,23.2
14/08/2019,-1290,-31913000,20.95(1.70 %),108800,2296238000,110090,2328151000,30691602,23.16
15/08/2019,285970,6240650000,21.6(3.10 %),409970,8934150000,124000,2693500000,30171542,23.6
16/08/2019,-31700,-656340000,21.6(0.00 %),116300,2555610000,148000,3211950000,30055242,23.7
19/08/2019,-100000,-2169077500,21.5(-0.46 %),0,0,100000,2169077500,30537332,23.29
20/08/2019,11990,265790000,22(2.33 %),100000,2222670000,88010,1956880000,30189332,23.59
21/08/2019,77000,1722550000,22.3(1.36 %),77000,1722550000,0,0,30260332,23.53
22/08/2019,281500,6396760000,23(3.14 %),288500,6557410000,7000,160650000,30166842,23.61
23/08/2019,-263000,-5946160000,22.4(-2.61 %),65000,1471040000,328000,7417200000,30094842,23.67
26/08/2019,-61800,-1367940000,22.2(-0.89 %),0,0,61800,1367940000,30094842,23.67
27/08/2019,-45220,-1001810000,21.7(-2.25 %),102300,2257810000,147520,3259620000,29999542,23.75
28/08/2019,20500,450836000,22.15(2.07 %),30500,666486000,10000,215650000,30516362,23.31
29/08/2019,-10000,-221061000,22(-0.68 %),0,0,10000,221061000,30526362,23.3
30/08/2019,24000,536790500,22.4(1.82 %),24000,536790500,0,0,30502362,23.32
03/09/2019,19500,437462000,22.05(-1.56 %),24500,548292000,5000,110830000,30492362,23.33
04/09/2019,11650,256760000,21.4(-2.95 %),28500,623340000,16850,366580000,30449362,23.37
05/09/2019,21280,465121500,21.6(0.93 %),100000,2172750000,78720,1707628500,30459432,23.36
06/09/2019,880,19200000,21.75(0.69 %),880,19200000,0,0,30353488,23.45
09/09/2019,0,0,21.6(-0.69 %),0,0,0,0,30458552,23.36
10/09/2019,0,0,21.3(-1.39 %),0,0,0,0,30449058,23.37
11/09/2019,34500,722455500,21.95(3.05 %),134500,2922883500,100000,2200428000,30424052,23.39
12/09/2019,-37000,-825603500,22.8(3.87 %),73000,1638996500,110000,2464600000,30461052,23.36
13/09/2019,0,-255310000,22.9(0.44 %),0,0,0,255310000,30461052,23.36
16/09/2019,108230,2502904500,23.8(3.93 %),108230,2502904500,0,0,30453922,23.36
17/09/2019,33700,801184000,23.7(-0.42 %),47170,1123790500,13470,322606500,30420222,23.39
18/09/2019,69310,1641130000,23.7(0.00 %),80090,1896440000,10780,255310000,30317168,23.48
19/09/2019,-33950,-798568500,23.7(0.00 %),75410,1799269500,109360,2597838000,30384862,23.42
20/09/2019,88210,2106270000,24.1(1.69 %),118530,2825670000,30320,719400000,30136698,23.63
23/09/2019,62210,1499740000,23.8(-1.24 %),129490,3100610000,67280,1600870000,30017988,23.73
24/09/2019,21470,513370000,24.05(1.05 %),21470,513370000,0,0,30105878,23.66
25/09/2019,90860,2175540000,24.1(0.21 %),90870,2175780000,10,240000,30045328,23.71
26/09/2019,98010,2353550000,23.95(-0.62 %),98010,2353550000,0,0,30014598,23.73
27/09/2019,19000,455850000,23.7(-1.04 %),34000,815600000,15000,359750000,29980598,23.76
30/09/2019,36000,846710000,23.4(-1.27 %),41000,964460000,5000,117750000,29939608,23.8
01/10/2019,-250000,-5739338000,22.7(-2.99 %),330000,7561143000,580000,13300481000,29924608,23.81
02/10/2019,-9000,-201600000,23.1(1.76 %),11000,252400000,20000,454000000,29933608,23.8
03/10/2019,-53930,-1261170000,23.15(0.22 %),1070,24770000,55000,1285940000,29917538,23.82
04/10/2019,200490,4761000000,23.75(2.59 %),202090,4798840000,1600,37840000,29995448,23.75
07/10/2019,-56040,-1340153000,23.3(-1.89 %),10,237000,56050,1340390000,29843088,23.88
08/10/2019,-810,-19080000,23.45(0.64 %),30,702000,840,19782000,29843898,23.88
09/10/2019,500,11560000,23.5(0.21 %),1120,26100000,620,14540000,30070888,23.69
10/10/2019,34660,811628500,23.6(0.43 %),38410,899941000,3750,88312500,29808738,23.91
11/10/2019,-51800,-1245298500,24(1.69 %),0,0,51800,1245298500,29860538,23.86
14/10/2019,0,0,23.95(-0.21 %),0,0,0,0,29860538,23.86
15/10/2019,-601990,-14535060000,24.45(2.09 %),40,960000,602030,14536020000,30093698,23.67
16/10/2019,-95500,-2329258500,24.3(-0.61 %),139500,3414775000,235000,5744033500,30558028,23.28
17/10/2019,-85000,-2078114500,24.5(0.82 %),133000,3258919500,218000,5337034000,30643028,23.2
18/10/2019,64370,1571674000,24.3(-0.82 %),64370,1571674000,0,0,30578658,23.26
21/10/2019,26900,642221000,23.5(-3.29 %),35100,837171000,8200,194950000,30551758,23.28
22/10/2019,32960,780327000,23.75(1.06 %),37890,897470000,4930,117143000,30518798,23.31
23/10/2019,20500,485250000,23.65(-0.42 %),20500,485250000,0,0,30770168,23.1
24/10/2019,10000,239000000,23.9(1.06 %),10000,239000000,0,0,30488298,23.33
25/10/2019,13640,324320000,23.6(-1.26 %),13640,324320000,0,0,30759658,23.11
28/10/2019,-2670,-64650000,23.8(0.85 %),3330,79050000,6000,143700000,30756328,23.11
29/10/2019,-26650,-631590000,23.65(-0.63 %),3350,79500000,30000,711090000,30752978,23.11
30/10/2019,7460,178040000,23.8(0.63 %),14850,354090000,7390,176050000,30738128,23.12
31/10/2019,-78890,-1860477500,22.9(-3.78 %),3730,88585500,82620,1949063000,30575408,23.26
01/11/2019,13160,302776000,23.25(1.53 %),15970,367344500,2810,64568500,30770398,23.1
04/11/2019,-253230,-5777150000,22.7(-2.37 %),7510,173250000,260740,5950400000,30754308,23.11
05/11/2019,-20000,-453830000,22.75(0.22 %),0,0,20000,453830000,30836941,23.04
06/11/2019,-990,-22540000,22.85(0.44 %),19280,440190000,20270,462730000,30820471,23.06
07/11/2019,20420,464890000,22.9(0.22 %),58820,1344720000,38400,879830000,31022391,22.89
08/11/2019,-72920,-1672495000,22.85(-0.22 %),22800,525837000,95720,2198332000,31097118,22.82
11/11/2019,-103990,-2363770000,22.65(-0.88 %),0,0,103990,2363770000,31039861,22.87
12/11/2019,231110,5273840000,23.05(1.77 %),265670,6062110000,34560,788270000,30812591,23.06
13/11/2019,17330,398480000,22.75(-1.30 %),20030,460300000,2700,61820000,30888281,23.0
14/11/2019,-12060,-274455500,22.6(-0.66 %),20,457000,12080,274912500,30964728,22.93
15/11/2019,-1300,-29315000,22.6(0.00 %),0,0,1300,29315000,30966028,22.93
18/11/2019,8510,195761500,22.55(-0.22 %),15000,342111000,6490,146349500,30957518,22.94
19/11/2019,9370,213240000,23.1(2.44 %),13970,317890000,4600,104650000,31012630,22.89
20/11/2019,121760,2816724000,23.3(0.87 %),121760,2816724000,0,0,30826388,23.05
21/11/2019,82340,1903960000,23.1(-0.86 %),82340,1903960000,0,0,30816320,23.06
22/11/2019,-9590,-220570000,22.7(-1.73 %),31910,733930000,41500,954500000,30789010,23.08
25/11/2019,157260,3583829000,23(1.32 %),157260,3583829000,0,0,30596378,23.24
26/11/2019,-2600,-60320000,23.1(0.43 %),0,0,2600,60320000,30598978,23.24
27/11/2019,8610,198182500,22.95(-0.65 %),9580,220444000,970,22261500,30590368,23.25
28/11/2019,-26850,-608240000,22.7(-1.09 %),970,21970000,27820,630210000,30662700,23.19
29/11/2019,11990,274523000,22.8(0.44 %),15000,343000000,3010,68477000,30605228,23.24
02/12/2019,940,23070000,22.3(-2.19 %),10000,226500000,9060,203430000,30641270,23.21
03/12/2019,118670,2673853500,22.8(2.24 %),130100,2929367500,11430,255514000,30532600,23.3
04/12/2019,25000,570337000,22.9(0.44 %),25080,572157000,80,1820000,30507600,23.32
05/12/2019,50750,1156060000,22.8(-0.44 %),50750,1156060000,0,0,30475230,23.35
06/12/2019,-1870,-43095000,22.8(0.00 %),10130,230514000,12000,273609000,30458720,23.36
09/12/2019,173140,3972990000,23.3(2.19 %),194780,4472730000,21640,499740000,30281830,23.51
10/12/2019,-45730,-1086511500,23.55(1.07 %),6670,157058500,52400,1243570000,30331310,23.47
11/12/2019,-88150,-2047010000,23.4(-0.64 %),12780,298140000,100930,2345150000,30274380,23.51
12/12/2019,-52980,-1253770000,23.45(0.21 %),1650,38360000,54630,1292130000,30294370,23.5
13/12/2019,-49140,-1151717000,22.95(-2.13 %),0,0,49140,1151717000,30521580,23.31
16/12/2019,-27200,-625728000,23(0.22 %),0,0,27200,625728000,30548780,23.28
17/12/2019,20030,450920000,22.6(-1.74 %),20040,451150000,10,230000,30482290,23.34
18/12/2019,12730,290750000,22.85(1.11 %),14730,336050000,2000,45300000,30516700,23.31
19/12/2019,-9770,-221170500,22.45(-1.75 %),1900,43415000,11670,264585500,30525790,23.3
20/12/2019,5300,119780000,22.6(0.67 %),5300,119780000,0,0,30520490,23.31
23/12/2019,-6670,-150610000,22.6(0.00 %),0,0,6670,150610000,30538710,23.29
24/12/2019,1530,35660000,23.1(2.21 %),6600,152090000,5070,116430000,30543780,23.29
25/12/2019,-10990,-254420000,23.1(0.00 %),1360,31510000,12350,285930000,30542420,23.29
26/12/2019,26110,601720000,23.1(0.00 %),34000,783580000,7890,181860000,30515090,23.31
27/12/2019,18540,426670000,23.2(0.43 %),19540,449820000,1000,23150000,30500620,23.32
30/12/2019,21910,513250000,23.45(1.08 %),29140,684380000,7230,171130000,30483830,23.34
31/12/2019,-2070,-47965000,23.3(-0.64 %),20,463500,2090,48428500,30492510,23.33
02/01/2020,-22340,-534840500,24.1(3.43 %),5000,117481500,27340,652322000,30492700,23.33
03/01/2020,-5680,-137216000,23.6(-2.07 %),4100,99043500,9780,236259500,30498380,23.33
06/01/2020,82750,1982970500,24.25(2.75 %),123750,2969070500,41000,986100000,30415630,23.4
07/01/2020,-22850,-574147000,24.95(2.89 %),87150,2173821500,110000,2747968500,30438480,23.38
08/01/2020,-30520,-733600000,24.3(-2.61 %),41260,1010450000,71780,1744050000,30277880,23.51
09/01/2020,47340,1190546000,25.2(3.70 %),198220,4981069000,150880,3790523000,30421660,23.39
10/01/2020,72780,1806410000,25(-0.79 %),134060,3357660000,61280,1551250000,30096600,23.66
13/01/2020,860,19710000,24.7(-1.20 %),46990,1174440000,46130,1154730000,30121390,23.64
14/01/2020,-60060,-1520000000,24.9(0.81 %),17580,442240000,77640,1962240000,30254690,23.53
15/01/2020,2480,61820000,24.8(-0.40 %),53710,1339680000,51230,1277860000,30262260,23.53
16/01/2020,84430,2161320000,26.25(5.85 %),91980,2354600000,7550,193280000,30216410,23.56
17/01/2020,40550,1047560000,25.95(-1.14 %),110550,2876520000,70000,1828960000,30183500,23.59
20/01/2020,-96660,-2462150000,25.45(-1.93 %),9840,255980000,106500,2718130000,30224890,23.56
21/01/2020,45920,1177050000,26(2.16 %),46050,1180370000,130,3320000,30186390,23.59
22/01/2020,4510,114040000,26.05(0.19 %),32510,849870000,28000,735830000,30223880,23.56
30/01/2020,-24060,-598650000,24.7(-5.18 %),5110,130470000,29170,729120000,30325270,23.47
31/01/2020,-9700,-231490000,23(-6.88 %),11750,286080000,21450,517570000,30313650,23.48
03/02/2020,77680,1732109500,22.9(-0.43 %),77680,1732109500,0,0,30341650,23.46
04/02/2020,-99170,-2252720000,22.5(-1.75 %),9010,207220000,108180,2459940000,30284130,23.51
05/02/2020,13960,321750500,22.75(1.11 %),25260,581449000,11300,259698500,30426860,23.39
06/02/2020,16100,378140000,23.8(4.62 %),16100,378140000,0,0,30264220,23.52
07/02/2020,57140,1349878500,23.6(-0.84 %),93780,2213320000,36640,863441500,30353620,23.45
10/02/2020,19960,463019000,23.1(-2.12 %),19960,463019000,0,0,30333660,23.47
11/02/2020,1810,41963000,23.35(1.08 %),5470,128290500,3660,86327500,30331850,23.47
12/02/2020,-3310,-79147500,23.9(2.36 %),1000,23900000,4310,103047500,30335160,23.46
13/02/2020,7280,177360000,23.75(-0.63 %),28700,692360000,21420,515000000,30271430,23.52
14/02/2020,-37380,-888075500,23.8(0.21 %),3790,89783500,41170,977859000,30365260,23.44
17/02/2020,-99920,-2332986000,23.05(-3.15 %),1900,44650000,101820,2377636000,30465180,23.35
18/02/2020,-57260,-1323810000,23.3(1.08 %),43660,1016460000,100920,2340270000,30251470,23.53
19/02/2020,39520,925180000,23.75(1.93 %),114520,2711141500,75000,1785961500,30482920,23.34
20/02/2020,-166400,-3911450000,23.7(-0.21 %),5640,132090000,172040,4043540000,30274300,23.51
21/02/2020,-23970,-563970000,23.3(-1.69 %),630,14780000,24600,578750000,30374590,23.43
24/02/2020,65770,1486156000,22.4(-3.86 %),75010,1693976500,9240,207820500,30607520,23.23
25/02/2020,-11270,-253538000,22.8(1.79 %),3870,86456000,15140,339994000,30618790,23.23
26/02/2020,-17380,-387150000,22.65(-0.66 %),50000,1129390000,67380,1516540000,30517350,23.31
27/02/2020,-29460,-666586000,23.3(2.87 %),50500,1144031000,79960,1810617000,30665630,23.19
28/02/2020,-69550,-1559423500,22.45(-3.65 %),21250,480252500,90800,2039676000,30735180,23.13
02/03/2020,-121140,-2689510000,22.15(-1.34 %),1000,22500000,122140,2712010000,30536360,23.29
03/03/2020,-19840,-442439000,22.25(0.45 %),0,0,19840,442439000,30556200,23.28
04/03/2020,-29000,-638770000,22(-1.12 %),3000,66150000,32000,704920000,30704120,23.15
05/03/2020,5820,129068500,22.15(0.68 %),7620,168938500,1800,39870000,30579380,23.26
06/03/2020,-36200,-794160000,22.4(1.13 %),0,0,36200,794160000,30615580,23.23
09/03/2020,-23160,-483720000,20.85(-6.92 %),10,210000,23170,483930000,30870470,23.01
10/03/2020,1130,30768500,21(0.72 %),9180,193547000,8050,162778500,30637610,23.21
11/03/2020,-89670,-1813310000,19.7(-6.19 %),7180,142390000,96850,1955700000,30892103,22.99
12/03/2020,4820,88688000,18.4(-6.60 %),30170,555128000,25350,466440000,30722460,23.14
13/03/2020,-231090,-4108260000,17.85(-2.99 %),21210,376630000,252300,4484890000,30871943,23.01
16/03/2020,-24740,-454420000,18.15(1.68 %),0,0,24740,454420000,30968793,22.93
17/03/2020,-62570,-1130165500,18.6(2.48 %),0,0,62570,1130165500,31040860,22.87
18/03/2020,-95480,-1756280500,18.3(-1.61 %),20,361000,95500,1756641500,31136340,22.79
19/03/2020,-95480,-1756280500,17.75(-3.01 %),20,361000,95500,1756641500,31231820,22.71
20/03/2020,-133090,-2381171000,18(1.41 %),5170,92776000,138260,2473947000,31364910,22.6
23/03/2020,-70990,-1198300000,16.75(-6.94 %),5920,101770000,76910,1300070000,31417643,22.55
24/03/2020,-62960,-1042050000,16.75(0.00 %),990,16490000,63950,1058540000,31485463,22.5
25/03/2020,-23420,-401380000,17.3(3.28 %),3770,65340000,27190,466720000,31619953,22.38
26/03/2020,-63310,-1068313500,16.6(-4.05 %),11310,192913000,74620,1261226500,31585590,22.41
27/03/2020,-9580,-160190000,16.6(0.00 %),210,3540000,9790,163730000,31749293,22.27
30/03/2020,-63070,-976688500,15.45(-6.93 %),50,775000,63120,977463500,31658240,22.35
31/03/2020,-33810,-516309000,14.55(-5.83 %),10380,157774000,44190,674083000,31692050,22.32
01/04/2020,-63210,-938160000,14.9(2.41 %),19630,290810000,82840,1228970000,31830833,22.2
03/04/2020,-330250,-4969330000,15.5(4.03 %),16630,252950000,346880,5222280000,31877323,22.17
06/04/2020,-27810,-451334000,16.55(6.77 %),19090,309501500,46900,760835500,32208523,21.89
07/04/2020,-89050,-1480490000,16.7(0.91 %),6540,108800000,95590,1589290000,31978723,22.08
08/04/2020,-102240,-1655260000,16.25(-2.69 %),17760,290910000,120000,1946170000,32307843,21.8
09/04/2020,-16690,-280851000,17.35(6.77 %),14310,242549000,31000,523400000,32416503,21.71
10/04/2020,-139100,-2377260000,17.3(-0.29 %),290,5030000,139390,2382290000,32435733,21.7
13/04/2020,-52540,-899984500,17.1(-1.16 %),1240,21342000,53780,921326500,32608143,21.55
14/04/2020,-102290,-1735726500,17.1(0.00 %),300,5115000,102590,1740841500,32710433,21.46
15/04/2020,-310,-5456000,17.95(4.97 %),0,0,310,5456000,32710743,21.46
16/04/2020,-19710,-358118000,18.5(3.06 %),19290,351926000,39000,710044000,32730453,21.45
17/04/2020,-59410,-1095000000,18.55(0.27 %),1010,18790000,60420,1113790000,32860653,21.34
20/04/2020,-21530,-413740000,18.95(2.16 %),17470,329700000,39000,743440000,32843499,21.35
21/04/2020,-43500,-790280000,17.65(-6.86 %),13650,249410000,57150,1039690000,32868849,21.33
22/04/2020,-45870,-827028000,18.6(5.38 %),8580,159329500,54450,986357500,32900763,21.3
23/04/2020,-78430,-1484090000,19.1(2.69 %),0,0,78430,1484090000,32959689,21.25
24/04/2020,-37200,-699340000,18.85(-1.31 %),0,0,37200,699340000,33016839,21.21
27/04/2020,-34050,-634327500,18.55(-1.59 %),0,0,34050,634327500,33050443,21.18
28/04/2020,-49610,-907108000,18.45(-0.54 %),10350,190485500,59960,1097593500,33100053,21.14
29/04/2020,242460,4635269000,19.25(4.34 %),263460,5032411500,21000,397142500,32857593,21.34
04/05/2020,202450,4053570500,19.8(2.86 %),321760,6339858500,119310,2286288000,32947159,21.26
05/05/2020,-25250,-495107000,19.7(-0.51 %),0,0,25250,495107000,32972409,21.24
06/05/2020,63660,1279621000,20(1.52 %),206200,4123370000,142540,2843749000,32908749,21.3
07/05/2020,-150630,-2995820500,19.95(-0.25 %),0,0,150630,2995820500,33059379,21.17
08/05/2020,-224930,-4408144000,19.4(-2.76 %),1000,19600000,225930,4427744000,33284309,20.98
11/05/2020,-61950,-1148192530,19.8(2.06 %),1490,0,63440,1148192530,33346259,20.93
12/05/2020,-21070,-421466000,20.1(1.52 %),22930,454630000,44000,876096000,33367329,20.91
13/05/2020,-42320,-838940000,19.7(-1.99 %),33700,674060000,76020,1513000000,33104699,21.13
14/05/2020,-169360,-3299350000,19.4(-1.52 %),1450,28230000,170810,3327580000,33166689,21.08
15/05/2020,-21590,-417240000,18.95(-2.32 %),500,9480000,22090,426720000,33210189,21.04
18/05/2020,-20370,-381150000,18.9(-0.26 %),0,0,20370,381150000,33286209,20.98
19/05/2020,-11500,-217846500,19(0.53 %),3680,70388000,15180,288234500,33632469,20.69
20/05/2020,-51080,-968355500,18.95(-0.26 %),0,0,51080,968355500,33683549,20.65
21/05/2020,-12570,-239290000,19.2(1.32 %),4430,84830000,17000,324120000,33491369,20.81
22/05/2020,-92260,-1756580000,18.9(-1.56 %),1750,33500000,94010,1790080000,33504799,20.8
25/05/2020,-70920,-1336674500,19.4(2.65 %),7080,136715500,78000,1473390000,33859299,20.5
26/05/2020,-6460,-130221000,20.7(6.70 %),21540,433659500,28000,563880500,33865759,20.49
27/05/2020,-38910,-790980000,20.1(-2.90 %),5920,122840000,44830,913820000,33632349,20.69
28/05/2020,-41750,-833110000,19.9(-1.00 %),2100,41800000,43850,874910000,33708249,20.62
29/05/2020,-38550,-758437000,19.75(-0.75 %),0,0,38550,758437000,33984969,20.39
01/06/2020,21710,439110000,20.15(2.03 %),49210,987060000,27500,547950000,33731869,20.6
02/06/2020,-25990,-521485000,19.7(-2.23 %),78930,1573337500,104920,2094822500,33807069,20.54
03/06/2020,-37120,-734210000,19.8(0.51 %),0,0,37120,734210000,33735339,20.6
04/06/2020,-21550,-424040000,19.6(-1.01 %),7430,146800000,28980,570840000,33755409,20.58
05/06/2020,-51620,-1012730000,19.75(0.77 %),56880,1118910000,108500,2131640000,33803449,20.54
08/06/2020,-88420,-1763640000,19.95(1.01 %),18650,371560000,107070,2135200000,33821919,20.53
09/06/2020,16880,337040000,20.2(1.25 %),18880,377740000,2000,40700000,33832019,20.52
10/06/2020,9320,188510000,20.9(3.47 %),11320,230110000,2000,41600000,33929199,20.44
11/06/2020,-38110,-788199500,20(-4.31 %),10330,213010000,48440,1001209500,33982949,20.39
12/06/2020,190160,3677716500,19.5(-2.50 %),200000,3868663000,9840,190946500,33792789,20.55
15/06/2020,151580,2955500000,18.4(-5.64 %),204920,3980660000,53340,1025160000,33625019,20.69
16/06/2020,199450,3751385500,18.95(2.99 %),200000,3761615500,550,10230000,33441759,20.85
17/06/2020,108350,2051520000,19.05(0.53 %),148350,2810430000,40000,758910000,33334949,20.94
18/06/2020,72780,1399632500,19.45(2.10 %),72780,1399632500,0,0,33260629,21.0
19/06/2020,0,0,19.35(-0.51 %),0,0,0,0,33316059,20.95
22/06/2020,7450,146150000,19.95(3.10 %),12050,235160000,4600,89010000,33344009,20.93
23/06/2020,-76660,-1525110000,19.8(-0.75 %),0,0,76660,1525110000,33344009,20.93
24/06/2020,-6210,-121149000,19.5(-1.52 %),1710,33687000,7920,154836000,33336049,20.94
25/06/2020,-84640,-1657870000,19.4(-0.51 %),196620,3816930000,281260,5474800000,33150279,21.09
26/06/2020,-11630,-226440000,19.3(-0.52 %),200,3910000,11830,230350000,33226739,21.03
29/06/2020,-11630,-226440000,18.55(-3.89 %),200,3910000,11830,230350000,33443949,20.85
30/06/2020,-11630,-226440000,17.8(-4.04 %),200,3910000,11830,230350000,33455579,20.84
01/07/2020,-103770,-1882980000,18.3(2.81 %),8730,157700000,112500,2040680000,33519019,20.78
02/07/2020,-51440,-946580000,18.35(0.27 %),0,0,51440,946580000,33520949,20.78
03/07/2020,-47840,-884610000,18.55(1.09 %),32160,599800000,80000,1484410000,33608869,20.71
06/07/2020,-120600,-2230105000,18.55(0.00 %),5750,106522000,126350,2336627000,33747629,20.59
07/07/2020,126970,2358160000,18.6(0.27 %),133480,2479110000,6510,120950000,33633579,20.69
08/07/2020,11880,223283500,18.85(1.34 %),11880,223283500,0,0,33608779,20.71
09/07/2020,-60960,-1148461000,18.75(-0.53 %),0,0,60960,1148461000,33669739,20.66
10/07/2020,208270,3932590000,18.95(1.07 %),213110,4023340000,4840,90750000,33621449,20.7
13/07/2020,-101980,-1924510000,18.8(-0.79 %),10,190000,101990,1924700000,33621439,20.7
14/07/2020,71110,1335919500,19(1.06 %),72640,1364683500,1530,28764000,33492339,20.81
15/07/2020,-118270,-2240452500,19(0.00 %),1200,22800000,119470,2263252500,33610609,20.71
16/07/2020,-135770,-2428120000,17.7(-6.84 %),300,5490000,136070,2433610000,33715089,20.62
17/07/2020,22270,399236500,17.95(1.41 %),24750,443628500,2480,44392000,33724109,20.61
20/07/2020,95980,1720420000,17.85(-0.56 %),100200,1796000000,4220,75580000,33711139,20.62
21/07/2020,-111170,-1952450000,17.45(-2.24 %),34570,609680000,145740,2562130000,33812639,20.54
22/07/2020,2570,45260000,17.3(-0.86 %),54600,949190000,52030,903930000,33760519,20.58
23/07/2020,-208050,-3534806500,16.95(-2.02 %),48400,821380000,256450,4356186500,33944779,20.43
24/07/2020,-29870,-487143000,16.1(-5.01 %),20130,330456000,50000,817599000,33974649,20.4
27/07/2020,-392600,-5964245500,15(-6.83 %),18920,287010000,411520,6251255500,34367249,20.07
28/07/2020,-84590,-1307440000,15.6(4.00 %),15410,239540500,100000,1546980500,34451839,20.0
29/07/2020,62020,922224500,15(-3.85 %),62020,922224500,0,0,34389819,20.05
30/07/2020,34990,538490000,15.25(1.67 %),139690,2134060000,104700,1595570000,34375909,20.06
31/07/2020,-42630,-643475000,15.1(-0.98 %),0,0,42630,643475000,34475129,19.98
03/08/2020,6640,95260000,15.6(3.31 %),137040,2094670000,130400,1999410000,34338869,20.09
04/08/2020,-152690,-2420960000,15.8(1.28 %),39840,632080000,192530,3053040000,34403729,20.04
05/08/2020,-133110,-2118150000,16.15(2.22 %),45750,734450000,178860,2852600000,34400609,20.04
06/08/2020,15000,242800000,15.95(-1.24 %),15000,242800000,0,0,34516009,19.94
07/08/2020,-90140,-1417417500,15.75(-1.25 %),0,0,90140,1417417500,34836849,19.67
10/08/2020,86830,1407760000,16.3(3.49 %),86830,1407760000,0,0,34800569,19.7
11/08/2020,96550,1572940000,16.35(0.31 %),146550,2390290000,50000,817350000,34654019,19.83
12/08/2020,69000,1129490000,16.75(2.45 %),79000,1294240000,10000,164750000,34665159,19.82
13/08/2020,-46260,-770858500,16.7(-0.30 %),10000,168944000,56260,939802500,34630729,19.85
14/08/2020,-280790,-4572150000,16.15(-3.29 %),35000,568670000,315790,5140820000,34670159,19.81
17/08/2020,71160,1151860000,16.35(1.24 %),71160,1151860000,0,0,34608999,19.87
18/08/2020,150650,2510100000,16.75(2.45 %),250650,4174600000,100000,1664500000,34414609,20.03
19/08/2020,3780,62940000,16.7(-0.30 %),3780,62940000,0,0,34726619,19.77
20/08/2020,-120420,-1996663500,16.5(-1.20 %),6930,115614000,127350,2112277500,34806349,19.7
21/08/2020,-92520,-1528500500,16.55(0.30 %),7480,123783500,100000,1652284000,34898869,19.62
24/08/2020,-105970,-1772490000,16.75(1.21 %),13130,220830000,119100,1993320000,34799079,19.71
25/08/2020,-85450,-1472859000,17.3(3.28 %),24550,421991000,110000,1894850000,35090289,19.46
26/08/2020,49840,868033500,17.15(-0.87 %),111640,1937635500,61800,1069602000,35040449,19.5
27/08/2020,-115750,-1982530000,17.2(0.29 %),9350,160880000,125100,2143410000,34999989,19.54
28/08/2020,-315000,-5424059000,17.2(0.00 %),0,0,315000,5424059000,35471199,19.14
31/08/2020,-113630,-1935990000,17(-1.16 %),381950,6524080000,495580,8460070000,35171729,19.39
01/09/2020,13920,238840000,17.55(3.24 %),63920,1113840000,50000,875000000,35232909,19.34
03/09/2020,-66900,-1182033000,17.6(0.28 %),6730,119367000,73630,1301400000,35363729,19.23
04/09/2020,160,2783000,17.45(-0.85 %),160,2783000,0,0,35363569,19.23
07/09/2020,20610,363509000,17.35(-0.57 %),94030,1649405500,73420,1285896500,35342959,19.25
08/09/2020,123340,2170470000,17.6(1.44 %),123340,2170470000,0,0,35560969,19.06
09/09/2020,14930,269191500,18.3(3.98 %),59030,1066679500,44100,797488000,35204689,19.36
10/09/2020,-32380,-606040000,18.55(1.37 %),0,0,32380,606040000,35575359,19.05
11/09/2020,3260,60620000,18.55(0.00 %),3260,60620000,0,0,35233809,19.34
14/09/2020,17630,327929000,18.5(-0.27 %),27430,509229000,9800,181300000,35216179,19.35
15/09/2020,9620,178942500,19(2.70 %),32130,607759500,22510,428817000,35206559,19.36
16/09/2020,5770,109705500,19.25(1.32 %),5770,109705500,0,0,35200789,19.37
17/09/2020,-92240,-1812450000,19.55(1.56 %),0,0,92240,1812450000,35593049,19.04
18/09/2020,-54080,-1055478000,19.6(0.26 %),200,3920000,54280,1059398000,35347109,19.24
21/09/2020,-28310,-552490000,19.4(-1.02 %),3040,59280000,31350,611770000,35612319,19.02
22/09/2020,46720,903081500,19.1(-1.55 %),46920,906941500,200,3860000,35328699,19.26
23/09/2020,18200,350627500,19.2(0.52 %),25400,489227500,7200,138600000,35310499,19.28
24/09/2020,-30570,-592071500,19.3(0.52 %),19730,378816000,50300,970887500,35341069,19.25
25/09/2020,4650,89680000,19.15(-0.78 %),4650,89680000,0,0,35693689,18.95
28/09/2020,22710,436600000,19.35(1.04 %),28580,549890000,5870,113290000,35672309,18.97
29/09/2020,-558840,-11193338000,19.6(1.29 %),21920,438372000,580760,11631710000,35872549,18.8
30/09/2020,-712780,-14864050000,20.95(6.89 %),3440,67820000,716220,14931870000,35697249,18.95
01/10/2020,-116570,-2459960000,21.05(0.48 %),13790,293350000,130360,2753310000,35689329,18.96
02/10/2020,-103290,-2115280000,20.6(-2.14 %),120,2530000,103410,2117810000,36269969,18.47
05/10/2020,-144420,-2995200000,20.85(1.21 %),41270,852910000,185690,3848110000,36944919,17.9
06/10/2020,5430,115165500,20.6(-1.20 %),10330,217008500,4900,101843000,35945399,18.74
07/10/2020,-4110,-83491000,20.25(-1.70 %),3160,64974000,7270,148465000,35949509,18.74
08/10/2020,72510,1455650000,20(-1.23 %),72510,1455650000,0,0,37278379,17.62
09/10/2020,50950,1019496000,20(0.00 %),50950,1019496000,0,0,35826049,18.84
12/10/2020,260020,5169500000,19.7(-1.50 %),273000,5427330000,12980,257830000,36966599,17.88
13/10/2020,102720,2026900000,19.7(0.00 %),103830,2048880000,1110,21980000,36862769,17.97
14/10/2020,143040,2798554500,19.35(-1.78 %),143040,2798554500,0,0,35320269,19.27
15/10/2020,31090,604233000,19.45(0.52 %),104450,2026970000,73360,1422737000,35289179,19.29
16/10/2020,142390,2801174500,19.7(1.29 %),142390,2801174500,0,0,35146789,19.41
19/10/2020,61140,1228439000,20.2(2.54 %),87390,1759786500,26250,531347500,35085649,19.46
20/10/2020,-54280,-1096041500,20.3(0.50 %),108790,2217682000,163070,3313723500,35139929,19.42
21/10/2020,63340,1276510000,19.95(-1.72 %),89380,1797280000,26040,520770000,36274779,18.46
22/10/2020,-34900,-674000000,19.95(0.00 %),82000,1621340000,116900,2295340000,36219029,18.51
23/10/2020,-30650,-608698000,19.75(-1.00 %),5410,107084000,36060,715782000,35142139,19.42
26/10/2020,-49400,-990712000,19.9(0.76 %),87480,1751326500,136880,2742038500,35191539,19.38
27/10/2020,-33500,-662320000,19.4(-2.51 %),86000,1679200000,119500,2341520000,36346149,18.4
28/10/2020,-58120,-1105610000,18.8(-3.09 %),89100,1699490000,147220,2805100000,36293109,18.45
29/10/2020,34220,651654000,18.8(0.00 %),132530,2456575000,98310,1804921000,35248939,19.33
30/10/2020,-12810,-233967500,18.75(-0.27 %),77140,1441876000,89950,1675843500,35261749,19.32
02/11/2020,-25230,-470786500,18.7(-0.27 %),19260,357204500,44490,827991000,36487039,18.29
03/11/2020,-24780,-470510000,19(1.60 %),30440,578290000,55220,1048800000,36535649,18.24
04/11/2020,98240,1917300000,19.7(3.68 %),133620,2604720000,35380,687420000,36491979,18.28
05/11/2020,173070,3389203000,19.6(-0.51 %),193070,3780378000,20000,391175000,36240509,18.49
06/11/2020,107180,2069250000,19.35(-1.28 %),107380,2073130000,200,3880000,36291239,18.45
09/11/2020,264250,5208300000,20.2(4.39 %),272290,5370710000,8040,162410000,36054329,18.65
10/11/2020,97440,1961620500,20.2(0.00 %),152850,3097525500,55410,1135905000,35771639,18.89
11/11/2020,77760,1575940000,20.4(0.99 %),84200,1707960000,6440,132020000,35837479,18.83
12/11/2020,30820,625860000,20.35(-0.25 %),32340,656870000,1520,31010000,35813179,18.85
13/11/2020,-317030,-6534970000,20.55(0.98 %),96330,1996600000,413360,8531570000,35772259,18.89
16/11/2020,44010,890540000,20.15(-1.95 %),146500,2969800000,102490,2079260000,35632199,19.0
17/11/2020,-1650,-13687000,20.45(1.49 %),138940,2831569000,140590,2845256000,35937729,18.75
18/11/2020,30590,617600000,20.55(0.49 %),86990,1779120000,56400,1161520000,35821149,18.85
19/11/2020,-473910,-9899510000,20.9(1.70 %),186270,3899700000,660180,13799210000,35737369,18.92
20/11/2020,89320,1865677500,20.85(-0.24 %),102400,2138533000,13080,272855500,36291729,18.45
23/11/2020,-39900,-818222500,20.4(-2.16 %),33000,672000000,72900,1490222500,36331629,18.42
24/11/2020,496280,10064220000,20.25(-0.74 %),506860,10275970000,10580,211750000,35952283,18.74
25/11/2020,-170880,-3515864000,20.6(1.73 %),97000,1986480000,267880,5502344000,36006229,18.69
26/11/2020,-216500,-4540910000,21.1(2.43 %),134500,2835180000,351000,7376090000,35806763,18.86
27/11/2020,-52540,-1108950000,21.15(0.24 %),0,0,52540,1108950000,35817343,18.85
30/11/2020,-85360,-1782387500,20.8(-1.65 %),23500,490750000,108860,2273137500,35902703,18.78
01/12/2020,39550,816558500,20.65(-0.72 %),39550,816558500,0,0,36412723,18.35
02/12/2020,-149410,-3126920500,20.95(1.45 %),31440,656310000,180850,3783230500,36562133,18.22
03/12/2020,-316410,-6784462000,21.5(2.63 %),37090,793414000,353500,7577876000,36878543,17.96
04/12/2020,36700,789140500,21.2(-1.40 %),55870,1199148500,19170,410008000,36841843,17.99
07/12/2020,-226030,-4739780000,21(-0.94 %),28300,602460000,254330,5342240000,36562723,18.22
08/12/2020,-88852,-18612250000,20.95(-0.24 %),11148,2353550000,100000,20965800000,36804743,18.02
09/12/2020,-882880,-18779890000,21.15(0.95 %),277120,5908520000,1160000,24688410000,36706793,18.1
10/12/2020,-677200,-14318216500,21.1(-0.24 %),0,0,677200,14318216500,39516473,15.73
11/12/2020,98100,2118240000,21.75(3.08 %),203890,4405340000,105790,2287100000,37757233,17.22
14/12/2020,8144,1811820000,22.4(2.99 %),8149,1812930000,5,1110000,38675743,16.44
15/12/2020,66990,1494200000,22.2(-0.89 %),138600,3077360000,71610,1583160000,39214351,15.99
16/12/2020,-69710,-1519970500,22.1(-0.45 %),147850,3261302500,217560,4781273000,39339653,15.88
17/12/2020,71780,1593210000,22.15(0.23 %),71780,1593210000,0,0,39100561,16.09
18/12/2020,82000,1820440000,22.25(0.45 %),82000,1820440000,0,0,39090171,16.09
21/12/2020,-104200,-2362040000,22.85(2.70 %),3130,71480000,107330,2433520000,39304601,15.91
22/12/2020,-561,-127950000,22.95(0.44 %),152,34610000,713,162560000,39303081,15.91
23/12/2020,52660,1200942000,22.55(-1.74 %),54740,1248054000,2080,47112000,39243023,15.97
24/12/2020,-26780,-593300000,21.95(-2.66 %),37490,819990000,64270,1413290000,39318171,15.9
25/12/2020,3424,762490000,22.3(1.59 %),3424,762490000,0,0,39291061,15.92
28/12/2020,45880,1027374500,22.3(0.00 %),64320,1435356000,18440,407981500,39189683,16.01
29/12/2020,-28770,-651339000,22.7(1.79 %),8530,191283500,37300,842622500,39218453,15.99
30/12/2020,1317,300430000,22.9(0.88 %),5336,1221610000,4019,921180000,39231207,15.98
31/12/2020,-6670,-152931000,22.95(0.22 %),7280,166625500,13950,319556500,39237877,15.97
04/01/2021,6300,144865000,23(0.22 %),33000,762400000,26700,617535000,39246667,15.96
05/01/2021,-2700,-60055000,22.95(-0.22 %),36000,825090000,38700,885145000,39249367,15.96
06/01/2021,-33500,-779325000,22.8(-0.65 %),0,0,33500,779325000,39282867,15.93
07/01/2021,-2600,-591100000,22.7(-0.44 %),620,141050000,3220,732150000,39285307,15.93
08/01/2021,-252800,-5821755000,23.2(2.20 %),71100,1646265000,323900,7468020000,39561667,15.7
11/01/2021,30600,754805000,24.8(6.90 %),80900,1960775000,50300,1205970000,39531067,15.72
12/01/2021,-19790,-5011130000,25.5(2.82 %),1040,263110000,20830,5274240000,39227307,15.98
13/01/2021,-4740,-1206340000,25.1(-1.57 %),50,12480000,4790,1218820000,39550708,15.71
14/01/2021,-2880,-713430000,25.1(0.00 %),3720,926030000,6600,1639460000,39563808,15.7
15/01/2021,-73900,-1850330000,24.8(-1.20 %),5600,141560000,79500,1991890000,39879067,15.43
18/01/2021,-41390,-10424590000,25.25(1.81 %),4010,1016590000,45400,11441180000,39774308,15.52
19/01/2021,-730,-177280000,23.65(-6.34 %),55160,13927050000,55890,14104330000,39839308,15.46
20/01/2021,-670,-168830000,23.6(-0.21 %),1400,317300000,2070,486130000,39904808,15.41
21/01/2021,139600,3378325000,24.45(3.60 %),178600,4320070000,39000,941745000,40167367,15.19
22/01/2021,-1129900,-29567485000,26.15(6.95 %),28700,729905000,1158600,30297390000,41297267,14.24
25/01/2021,-852500,-23804140000,27.95(6.88 %),36100,1004450000,888600,24808590000,42149767,13.52
26/01/2021,-551800,-15778280000,28.7(2.68 %),26000,741975000,577800,16520255000,42701567,13.05
27/01/2021,18700,539030000,27.6(-3.83 %),49500,1383115000,30800,844085000,42682867,13.07
28/01/2021,2870,762920000,25.7(-6.88 %),4720,1239880000,1850,476960000,42207912,13.47
29/01/2021,-4400,-96965000,26(1.17 %),67800,1757650000,72200,1854615000,42658567,13.09
01/02/2021,-21800,-463470000,24.2(-6.92 %),64800,1653575000,86600,2117045000,42748712,13.01
02/02/2021,-17460,-4195000000,25.2(4.13 %),1130,274930000,18590,4469930000,42691112,13.06
03/02/2021,-124100,-3194185000,26(3.17 %),11700,306855000,135800,3501040000,43047412,12.76
04/02/2021,-428700,-11303635000,27(3.85 %),18500,483980000,447200,11787615000,43476112,12.4
05/02/2021,-22920,-6307690000,27.5(1.85 %),1160,319000000,24080,6626690000,42994052,12.81
08/02/2021,-11730,-3159000000,26.8(-2.55 %),2130,569520000,13860,3728520000,43108552,12.71
09/02/2021,1380,364950000,26.55(-0.93 %),1470,388330000,90,23380000,43541052,12.35
17/02/2021,-122400,-3323860000,27.35(3.01 %),61600,1680140000,184000,5004000000,43931212,12.02
18/02/2021,-252100,-7027500000,28.65(4.75 %),19600,557970000,271700,7585470000,44183312,11.81
19/02/2021,-7680,-2202390000,28.65(0.00 %),3100,901430000,10780,3103820000,43809152,12.12
22/02/2021,-16000,-439750000,28.45(-0.70 %),23200,663740000,39200,1103490000,44276112,11.73
23/02/2021,21500,609225000,28.35(-0.35 %),36800,1042270000,15300,433045000,44254612,11.75
24/02/2021,-6760,-1928360000,28.2(-0.53 %),400,112000000,7160,2040360000,44308652,11.7
25/02/2021,-96400,-2691230000,27.9(-1.06 %),1300,36050000,97700,2727280000,44418612,11.61
26/02/2021,800,24300000,27.7(-0.72 %),14900,411670000,14100,387370000,44417812,11.61
01/03/2021,134700,3785165000,28.6(3.25 %),138300,3886365000,3600,101200000,44418552,11.61
02/03/2021,-3360,-956020000,28.4(-0.70 %),80,23160000,3440,979180000,44377152,11.64
03/03/2021,-1250,-351230000,28.1(-1.06 %),100,28230000,1350,379460000,44390252,11.63
04/03/2021,-74500,-2061550000,27.1(-3.56 %),500,13975000,75000,2075525000,44539152,11.51
05/03/2021,-72300,-1912520000,26.9(-0.74 %),3600,95805000,75900,2008325000,44611452,11.45
08/03/2021,1400,381890000,27.15(0.93 %),2340,636130000,940,254240000,44414252,11.61
09/03/2021,-440900,-11696945000,27(-0.55 %),100,2700000,441000,11699645000,45038352,11.09
10/03/2021,-72500,-1940550000,26.8(-0.74 %),5500,147075000,78000,2087625000,45110852,11.03
11/03/2021,50100,1378710000,28.2(5.22 %),55500,1528335000,5400,149625000,45060752,11.07
12/03/2021,-4330,-1207640000,27.8(-1.42 %),200,55400000,4530,1263040000,44952512,11.16
15/03/2021,-12500,-345615000,27.85(0.18 %),15800,440390000,28300,786005000,45116552,11.02
16/03/2021,7800,218210000,27.6(-0.90 %),15900,439980000,8100,221770000,45108752,11.03
17/03/2021,5810,1598150000,27.45(-0.54 %),5910,1625650000,100,27500000,44990492,11.13
18/03/2021,-824400,-23193510000,28.55(4.01 %),88600,2503705000,913000,25697215000,45875052,10.38
19/03/2021,9000,256395000,30(5.08 %),83500,2432885000,74500,2176490000,45866052,10.39
22/03/2021,-1800,-52570000,29.7(-1.00 %),32500,975640000,34300,1028210000,45867852,10.39
23/03/2021,-25500,-739310000,29.45(-0.84 %),13100,381220000,38600,1120530000,45893352,10.37
24/03/2021,-55800,-1581290000,28(-4.92 %),0,0,55800,1581290000,45949152,10.32
25/03/2021,-2660,-742490000,28.2(0.71 %),1000,283000000,3660,1025490000,45821988,10.43
26/03/2021,-35800,-993480000,28.3(0.35 %),18400,522055000,54200,1515535000,46011552,10.27
29/03/2021,3950,1161410000,29.25(3.36 %),4960,1453030000,1010,291620000,45848338,10.4
30/03/2021,-36000,-1037545000,28.9(-1.20 %),600,17250000,36600,1054795000,46008052,10.27
31/03/2021,-10500,-301450000,28.8(-0.35 %),300,8580000,10800,310030000,46018552,10.26
01/04/2021,-211700,-6275985000,29.65(2.95 %),39600,1173450000,251300,7449435000,45948378,10.32
02/04/2021,-3240,-955180000,29.55(-0.34 %),1590,470110000,4830,1425290000,45929478,10.34
05/04/2021,-196300,-5701640000,29.05(-1.69 %),8800,255975000,205100,5957615000,46177078,10.13
06/04/2021,-8270,-2386410000,29.05(0.00 %),16570,4801410000,24840,7187820000,46017078,10.26
07/04/2021,5320,1575060000,29.5(1.55 %),7050,2080250000,1730,505190000,45994878,10.28
08/04/2021,3790,1104850000,29.15(-1.19 %),8970,2610920000,5180,1506070000,46110278,10.18
09/04/2021,-79900,-2308690000,29(-0.51 %),2000,57800000,81900,2366490000,46248578,10.07
12/04/2021,-7760,-2228410000,29(0.00 %),0,0,7760,2228410000,46373978,9.96
13/04/2021,-33200,-950465000,28.3(-2.41 %),10500,306780000,43700,1257245000,46359378,9.97
14/04/2021,-128400,-3605940000,28.2(-0.35 %),18200,515250000,146600,4121190000,46487778,9.87
15/04/2021,-74700,-2084900000,27.7(-1.77 %),1900,53545000,76600,2138445000,46562478,0.0
16/04/2021,-2160,-590390000,27.5(-0.72 %),0,0,2160,590390000,46598317,9.77
19/04/2021,-8720,-2404880000,27.8(1.09 %),0,0,8720,2404880000,46744917,9.65
20/04/2021,-48200,-1337260000,27.65(-0.54 %),0,0,48200,1337260000,46719478,9.67
22/04/2021,-13270,-3580890000,26.4(-4.52 %),0,0,13270,3580890000,46843117,9.57
23/04/2021,1730,449680000,27(2.27 %),3310,860520000,1580,410840000,46897217,9.52
26/04/2021,-11990,-3193450000,26.3(-2.59 %),90,23760000,12080,3217210000,46944517,9.48
27/04/2021,-20600,-546675000,26.2(-0.38 %),1900,50150000,22500,596825000,46975378,9.46
28/04/2021,-6880,-1826400000,26.45(0.95 %),1000,265000000,7880,2091400000,47081117,9.37
29/04/2021,-66900,-1766565000,26.35(-0.38 %),0,0,66900,1766565000,47111078,9.34
04/05/2021,-74900,-1944455000,26(-1.33 %),12000,311400000,86900,2255855000,47224417,9.25
05/05/2021,-5690,-1505760000,26.5(1.92 %),4910,1289530000,10600,2795290000,47242117,9.23
06/05/2021,-182200,-4894230000,27(1.89 %),14300,381530000,196500,5275760000,47463517,9.05
07/05/2021,-70500,-1872975000,26.45(-2.04 %),31300,827070000,101800,2700045000,47534017,8.99
10/05/2021,-1530,-407520000,26.65(0.76 %),1520,400260000,3050,807780000,47441117,9.06
11/05/2021,-537075,-14379030000,27.1(1.69 %),41100,1124855000,578175,15503885000,48086392,8.52
12/05/2021,-120,-32860000,27.6(1.85 %),290,80170000,410,113030000,47695488,8.85
13/05/2021,-7570,-2084480000,27.2(-1.45 %),1220,339390000,8790,2423870000,47713788,8.83
14/05/2021,-3040,-824760000,27.3(0.37 %),130,35300000,3170,860060000,48290663,8.35
17/05/2021,-49800,-1335580000,26.8(-1.83 %),0,0,49800,1335580000,48243492,8.39
18/05/2021,-63200,-1669430000,26.2(-2.24 %),6000,157400000,69200,1826830000,48306692,8.34
19/05/2021,-22600,-599440000,26.75(2.10 %),3700,99155000,26300,698595000,48329292,8.32
20/05/2021,730,196770000,27.4(2.43 %),1340,362260000,610,165490000,48441063,8.22
21/05/2021,-900,-19210000,27.4(0.00 %),23100,639695000,24000,658905000,48322892,8.32
24/05/2021,-663700,-18644490000,28.3(3.28 %),31000,879795000,694700,19524285000,48986592,7.76
25/05/2021,-7810,-2206740000,28.15(-0.53 %),1250,353250000,9060,2559990000,48476063,8.19
26/05/2021,29800,828720000,27.65(-1.78 %),32500,903375000,2700,74655000,49034892,7.72
27/05/2021,2310,623460000,27.5(-0.54 %),4440,1212360000,2130,588900000,49117863,7.65
28/05/2021,-2330,-639760000,27.65(0.55 %),120,33000000,2450,672760000,49207263,7.58
31/05/2021,-48700,-1339170000,27.6(-0.18 %),1400,38580000,50100,1377750000,49083792,7.68
01/06/2021,5400,147090000,27.2(-1.45 %),36000,983520000,30600,836430000,49229863,7.56
02/06/2021,5400,177555000,27.55(1.29 %),142500,3895560000,137100,3718005000,49224463,7.56
03/06/2021,5560,1564550000,28.65(3.99 %),8040,2271960000,2480,707410000,49045563,7.71
04/06/2021,132700,3825120000,28.9(0.87 %),140200,4042995000,7500,217875000,49036163,7.72
07/06/2021,410,113140000,27.3(-5.54 %),410,113140000,0,0,49068963,7.69
08/06/2021,-40300,-1100275000,26(-4.76 %),18700,507420000,59000,1607695000,49072363,7.69
09/06/2021,16330,4279150000,26.45(1.73 %),29530,7758250000,13200,3479100000,48787263,7.93
10/06/2021,-8450,-2209020000,26.7(0.95 %),1400,369600000,9850,2578620000,48773276,7.94
11/06/2021,-1200,-30740000,27.05(1.31 %),6600,180120000,7800,210860000,48994763,7.76
14/06/2021,6300,176925000,27.3(0.92 %),35900,980270000,29600,803345000,48988463,7.76
15/06/2021,-500200,-14417515000,29.2(6.96 %),92100,2631075000,592300,17048590000,49488663,7.34
16/06/2021,-12280,-3666400000,29.2(0.00 %),1990,595530000,14270,4261930000,48916076,7.82
17/06/2021,-25610,-7804780000,30.8(5.48 %),10020,3039790000,35630,10844570000,48845476,7.88
18/06/2021,3090,941210000,30.3(-1.62 %),6430,1968690000,3340,1027480000,49373465,7.44
21/06/2021,-36300,-1105245000,30.45(0.50 %),31600,952955000,67900,2058200000,49872963,7.02
22/06/2021,-137200,-4117070000,29.4(-3.45 %),35500,1076265000,172700,5193335000,50010163,6.9
23/06/2021,7730,2259370000,30.4(3.40 %),8910,2605280000,1180,345910000,49749743,7.12
24/06/2021,-13460,-4090090000,29.95(-1.48 %),140,42560000,13600,4132650000,49816243,7.06
25/06/2021,-76300,-2288305000,29.8(-0.50 %),5000,149000000,81300,2437305000,50143763,6.79
28/06/2021,-121000,-3669720000,30.4(2.01 %),125600,3784000000,246600,7453720000,50264763,6.69
29/06/2021,34000,1045905000,30.45(0.16 %),34000,1045905000,0,0,50230763,6.72
30/06/2021,390,117820000,30.25(-0.66 %),390,117820000,0,0,50049583,6.87
01/07/2021,-1440,-517560000,31.65(4.63 %),14010,4328210000,15450,4845770000,50156083,6.78
02/07/2021,-1410,-442580000,31.2(-1.42 %),2100,657420000,3510,1100000000,50135083,6.8
05/07/2021,-95100,-2611594800,31.65(1.44 %),18700,589816700,113800,3201411500,50405383,6.57
06/07/2021,-67400,-2092405000,29.45(-6.95 %),17400,538325000,84800,2630730000,50472783,6.51
07/07/2021,12170,3538560000,29(-1.53 %),17240,5003760000,5070,1465200000,50116183,6.81
08/07/2021,-8340,-2408810000,27.9(-3.79 %),6030,1690570000,14370,4099380000,50169683,6.77
09/07/2021,7800,2178710000,27.5(-1.43 %),9300,2593780000,1500,415070000,50161483,6.77
12/07/2021,12270,3309660000,26.8(-2.55 %),14540,3918550000,2270,608890000,50066783,6.85
13/07/2021,0,3325000,27.4(2.24 %),11600,315960000,11600,312635000,50233783,6.71
14/07/2021,-10140,-2736110000,26.9(-1.82 %),850,227900000,10990,2964010000,50205383,6.74
15/07/2021,68600,1879860000,27.5(2.23 %),69100,1893370000,500,13510000,50266583,6.69
16/07/2021,53400,1525745000,28.05(2.00 %),140900,3960935000,87500,2435190000,50213183,6.73
19/07/2021,20490,5899020000,28.5(1.60 %),31360,8993800000,10870,3094780000,49825983,7.06
20/07/2021,-11070,-3157310000,28.7(0.70 %),570,162910000,11640,3320220000,49820813,7.06
21/07/2021,-7440,-2119470000,28.3(-1.39 %),1410,400490000,8850,2519960000,49894213,7.0
22/07/2021,69800,2026670000,29.1(2.83 %),203000,5895150000,133200,3868480000,50123583,6.81
23/07/2021,-75200,-2205060000,28.6(-1.72 %),40600,1189580000,115800,3394640000,50198783,6.74
26/07/2021,81300,2373740000,29.6(3.50 %),88400,2576860000,7100,203120000,50117483,6.81
27/07/2021,6790,2059110000,29.8(0.68 %),13060,3936570000,6270,1877460000,49878413,7.01
28/07/2021,-29600,-875240000,29.4(-1.34 %),4000,118700000,33600,993940000,50079183,6.84
29/07/2021,3840,1136640000,29.55(0.51 %),3840,1136640000,0,0,49958913,6.94
30/07/2021,990,293950000,29.95(1.35 %),2360,706100000,1370,412150000,49998013,6.91
02/08/2021,172900,5367835000,30.9(3.17 %),196400,6079425000,23500,711590000,50031653,6.88
03/08/2021,120700,3726720000,31(0.32 %),159000,4905225000,38300,1178505000,49910953,6.98
04/08/2021,16400,503295000,30.9(-0.32 %),56500,1736930000,40100,1233635000,49894553,7.0
05/08/2021,201100,6536260000,33.1(6.95 %),236900,7695300000,35800,1159040000,49693453,7.17
06/08/2021,103200,3463150000,33.1(0.00 %),124900,4191365000,21700,728215000,49590253,7.25
09/08/2021,289700,9785580000,34.1(3.02 %),290700,9818580000,1000,33000000,49300553,7.5
10/08/2021,641700,21756620000,34.6(1.47 %),732300,24837625000,90600,3081005000,48658853,8.04
11/08/2021,-30600,-1039730000,33.4(-3.47 %),8400,291675000,39000,1331405000,48689453,8.01
12/08/2021,106200,3581510000,33.65(0.75 %),106500,3591515000,300,10005000,48583253,8.1
13/08/2021,133800,3773044800,34.2(1.63 %),133800,3773044800,0,0,48449453,8.22
16/08/2021,-74400,-2614490000,34.7(1.46 %),34800,1224995000,109200,3839485000,48523853,8.15
17/08/2021,-20500,-706720000,34.3(-1.15 %),600,20715000,21100,727435000,48490453,8.18
18/08/2021,78000,2690400000,34.7(1.17 %),78000,2690400000,0,0,48445853,8.22
19/08/2021,-28400,-983395000,35.35(1.87 %),44600,1558890000,73000,2542285000,48474253,8.19
20/08/2021,7000,189275000,33.5(-5.23 %),61600,2086005000,54600,1896730000,48467253,8.2
23/08/2021,40800,1273215000,31.2(-6.87 %),149600,4829865000,108800,3556650000,48426453,8.23
24/08/2021,365300,11324415000,31.5(0.96 %),365600,11333565000,300,9150000,48061153,8.54
25/08/2021,146200,4609995000,32.3(2.54 %),150200,4736195000,4000,126200000,47914953,8.67
26/08/2021,-92400,-2968305000,32(-0.93 %),260300,8486045000,352700,11454350000,48007353,8.59
27/08/2021,31200,1007585000,34(6.25 %),31600,1020955000,400,13370000,47976153,8.61
30/08/2021,-4100,-136845000,34.6(1.76 %),85023,2896677000,89123,3033522000,47980253,8.61
31/08/2021,-56700,-1955290000,34.7(0.29 %),3700,129315000,60400,2084605000,48036953,8.56
01/09/2021,99200,3550850000,36.3(4.61 %),102600,3672300000,3400,121450000,47715953,8.83
06/09/2021,124600,4572615000,36.25(-0.14 %),147900,5420815000,23300,848200000,47591353,8.94
07/09/2021,105400,3762170000,35.1(-3.17 %),174800,6229970000,69400,2467800000,47485953,9.03
08/09/2021,-134200,-4650025000,34.4(-1.99 %),44300,1538730000,178500,6188755000,47620153,8.91
09/09/2021,90500,3147500000,35.6(3.49 %),117600,4090445000,27100,942945000,47529653,8.99
10/09/2021,-42900,-1513045000,35.2(-1.12 %),0,0,42900,1513045000,47572553,8.95
13/09/2021,163100,5706575000,34.8(-1.14 %),184300,6449895000,21200,743320000,47409453,9.09
14/09/2021,-37400,-1292655000,34.3(-1.44 %),600,20720000,38000,1313375000,47446853,9.06
15/09/2021,93400,3226575000,34.8(1.46 %),95400,3296225000,2000,69650000,47353453,9.14
16/09/2021,49500,1739715000,35(0.57 %),90500,3175805000,41000,1436090000,47303953,9.18
17/09/2021,-227800,-7979625000,35(0.00 %),2500,87480000,230300,8067105000,47531753,8.99
20/09/2021,-476800,-16338955000,33(-5.71 %),7200,249840000,484000,16588795000,48008553,8.59
21/09/2021,46500,1525145000,32.7(-0.91 %),47000,1541320000,500,16175000,47962053,8.63
22/09/2021,-470800,-15668965000,33.75(3.21 %),9900,324720000,480700,15993685000,48432853,8.23
23/09/2021,-217100,-7302235000,33.2(-1.63 %),71600,2420475000,288700,9722710000,48649953,8.05
24/09/2021,-168400,-5521125000,32.5(-2.11 %),9000,295000000,177400,5816125000,48818353,7.9
27/09/2021,-125800,-4021245000,31.1(-4.31 %),18000,580640000,143800,4601885000,48944153,7.8
28/09/2021,121400,3806940000,31.45(1.13 %),121500,3810085000,100,3145000,48822753,7.9
29/09/2021,-68200,-2157145000,32.2(2.38 %),500,15880000,68700,2173025000,48890953,7.84
30/09/2021,47500,1551520000,32.2(0.00 %),127700,4146510000,80200,2594990000,48843453,7.88
01/10/2021,49600,1595240000,31.8(-1.24 %),454520,13829774000,404920,12234534000,48722953,7.98
04/10/2021,3900,138150000,32.65(2.67 %),22400,724080000,18500,585930000,48719053,7.99
05/10/2021,-283000,-9251110000,32.75(0.31 %),0,0,283000,9251110000,49002053,7.75
06/10/2021,-7000,-230700000,33.7(2.90 %),0,0,7000,230700000,49009053,0.0
07/10/2021,33100,1135245000,34.05(1.04 %),83800,2871100000,50700,1735855000,48975953,0.0
08/10/2021,-64300,-2165475000,33.3(-2.20 %),800,27100000,65100,2192575000,49040253,0.0
11/10/2021,39000,1239140000,33.3(0.00 %),39300,1249160000,300,10020000,49001253,0.0
12/10/2021,77600,2571010000,33.1(-0.60 %),78000,2584290000,400,13280000,48923653,0.0
13/10/2021,5100,169320000,33.4(0.91 %),5100,169320000,0,0,48918553,0.0
14/10/2021,46900,1623950000,34.4(2.99 %),122000,4167405000,75100,2543455000,48871653,0.0
15/10/2021,-86600,-2940645000,34.2(-0.58 %),0,0,86600,2940645000,48958253,0.0
18/10/2021,-170900,-5576520000,32.2(-5.85 %),3600,116995000,174500,5693515000,49129153,0.0
19/10/2021,-10300,-324855000,31.8(-1.24 %),12700,408400000,23000,733255000,49139453,0.0
20/10/2021,-40700,-1304715000,32.3(1.57 %),2300,73220000,43000,1377935000,49180153,0.0
21/10/2021,-308800,-9831890000,31.75(-1.70 %),0,0,308800,9831890000,49448253,0.0
22/10/2021,-16200,-515700000,31.9(0.47 %),2100,66775000,18300,582475000,49464453,0.0
25/10/2021,-15400,-499050000,32.8(2.82 %),6000,192000000,21400,691050000,49479853,0.0
26/10/2021,-123200,-4007365000,32.65(-0.46 %),8100,264685000,131300,4272050000,49603053,0.0
27/10/2021,-25300,-827420000,32.75(0.31 %),23200,759900000,48500,1587320000,49628353,0.0
28/10/2021,59300,1933525000,33.4(1.98 %),147700,4864065000,88400,2930540000,49569053,7.27
29/10/2021,36900,1194490000,33(-1.20 %),179500,5922380000,142600,4727890000,49532153,7.3
01/11/2021,283300,9273310000,34.05(3.18 %),406800,13370470000,123500,4097160000,49495866,7.33
02/11/2021,-70900,-2427715000,34.15(0.29 %),7700,266300000,78600,2694015000,49566766,7.27
03/11/2021,-122900,-4147505000,33.15(-2.93 %),4900,163825000,127800,4311330000,49689666,0.0
04/11/2021,-13600,-445794400,32.75(-1.21 %),6100,199951900,19700,645746300,49580366,0.0
05/11/2021,61200,2021930000,34(3.82 %),102400,3416585000,41200,1394655000,49505566,0.0
08/11/2021,-135400,-4806605000,35.85(5.44 %),11300,389850000,146700,5196455000,49702166,7.16
09/11/2021,-69000,-2441780000,35.4(-1.26 %),7400,261215000,76400,2702995000,49771166,7.1
10/11/2021,0,0,36.4(2.82 %),0,0,0,0,49771166,7.1
11/11/2021,-85100,-3130025000,36.75(0.96 %),41600,1541305000,126700,4671330000,49856266,7.03
12/11/2021,180200,6662725000,37.4(1.77 %),200900,7431540000,20700,768815000,49676066,7.18
15/11/2021,-190600,-7112390000,36.8(-1.60 %),1800,67680000,192400,7180070000,49866666,7.02
16/11/2021,41400,1516020000,36.2(-1.63 %),46600,1703415000,5200,187395000,49825266,7.06
17/11/2021,38800,1399300000,37.5(3.59 %),44800,1616305000,6000,217005000,49786466,7.09
18/11/2021,-76000,-2897305000,37.9(1.07 %),26600,1013210000,102600,3910515000,49862466,7.03
19/11/2021,-123000,-4498975000,35.25(-6.99 %),9200,335100000,132200,4834075000,49985466,6.92
22/11/2021,88500,3004750000,33.25(-5.67 %),127800,4327230000,39300,1322480000,49896966,7.0
23/11/2021,11700,410195000,34.4(3.46 %),86000,2929475000,74300,2519280000,49885266,7.01
24/11/2021,-148000,-5062560000,34.1(-0.87 %),1700,58480000,149700,5121040000,50033266,6.88
25/11/2021,-78900,-2683565000,34.9(2.35 %),2500,85000000,81400,2768565000,50112166,6.82
26/11/2021,-222200,-7627815000,34.05(-2.44 %),4600,157785000,226800,7785600000,50334366,0.0
29/11/2021,242500,7899740800,34.6(1.62 %),264100,8633968000,21600,734227200,50091866,0.0
30/11/2021,-42800,-1517855000,35.35(2.17 %),0,0,42800,1517855000,50377166,6.59
01/12/2021,-94100,-3333175000,35.45(0.28 %),1000,35350000,95100,3368525000,50099726,6.83
02/12/2021,-128300,-4612785000,35.8(0.99 %),0,0,128300,4612785000,50228026,6.72
03/12/2021,-33900,-1195615000,34.2(-4.47 %),15100,532005000,49000,1727620000,50261926,6.69
06/12/2021,56700,1914290000,33.2(-2.92 %),56800,1917645000,100,3355000,50205226,6.74
07/12/2021,-37400,-1202905000,33.95(2.26 %),244100,8150470000,281500,9353375000,50242626,6.71
08/12/2021,-5000,-169710000,34.05(0.29 %),100,3410000,5100,173120000,50247626,6.7
09/12/2021,-1000,-34200000,34.5(1.32 %),0,0,1000,34200000,50248626,0.0
10/12/2021,17200,592530000,34.05(-1.30 %),21800,750400000,4600,157870000,50231426,6.72
13/12/2021,-117900,-4021130000,34.2(0.44 %),19900,683110000,137800,4704240000,50349326,6.62
14/12/2021,-2800,-96430000,34.4(0.58 %),12400,428920000,15200,525350000,50352126,6.61
15/12/2021,-25600,-883390000,34.4(0.00 %),0,0,25600,883390000,50377726,6.59
16/12/2021,186000,6384100000,34.15(-0.73 %),300000,10287855000,114000,3903755000,50191726,6.75
17/12/2021,-13400,-449935000,33.4(-0.74 %),0,0,13400,449935000,50205126,6.74
20/12/2021,172900,5708500000,33.05(-1.05 %),197800,6531460000,24900,822960000,50032226,6.88
21/12/2021,37100,1212720000,33.15(0.30 %),141100,4642790000,104000,3430070000,49995126,0.0
22/12/2021,10300,345765000,33.3(0.30 %),12300,412130000,2000,66365000,49984826,0.0
23/12/2021,-60500,-2010173000,32.6(-2.10 %),3300,109645800,63800,2119818800,50045326,0.0
24/12/2021,0,0,32.45(-0.46 %),0,0,0,0,49984826,0.0
27/12/2021,85600,2739145000,32.3(-0.62 %),112100,3588450000,26500,849305000,50131535,6.8
28/12/2021,260100,8329000000,32.6(0.93 %),261600,8377090000,1500,48090000,49871435,0.0
29/12/2021,8000,263680000,32.6(0.00 %),8100,266970000,100,3290000,49888335,7.0
30/12/2021,2400,78125000,32.65(0.15 %),2500,81375000,100,3250000,49887335,7.0
31/12/2021,197600,6442625000,32.65(-0.15 %),197600,6442625000,0,0,49689835,7.17
04/01/2022,-236300,-7803660000,33.55(2.60 %),32700,1084375000,269000,8888035000,49657245,7.2
05/01/2022,4800,160800000,33.45(-0.45 %),4800,160800000,0,0,49652445,7.2
06/01/2022,7200,238425000,32.9(-1.79 %),10200,337125000,3000,98700000,49911245,6.98
07/01/2022,290900,9522080000,33.2(0.91 %),312100,10213585000,21200,691505000,49599145,7.25
10/01/2022,-116100,-3800696800,32.15(-3.16 %),1000,32878000,117100,3833574800,49601145,7.25
11/01/2022,307100,9875225000,31.9(-0.93 %),311700,10022885000,4600,147660000,49310645,7.49
12/01/2022,79100,2453985000,31(-2.82 %),82800,2571785000,3700,117800000,49344945,7.46
13/01/2022,30000,937950000,30.85(-0.48 %),50000,1563660000,20000,625710000,49299545,7.5
14/01/2022,24500,752555000,30.5(-1.29 %),24500,752555000,0,0,49278745,7.52
17/01/2022,4600,137030000,28.6(-6.23 %),4600,137030000,0,0,49294145,7.5
18/01/2022,35100,1000315000,28.05(-1.92 %),35100,1000315000,0,0,49259045,7.53
19/01/2022,-7100,-201525000,28.3(0.71 %),2700,76945000,9800,278470000,49256345,7.54
20/01/2022,-4000,-115230000,29.1(1.75 %),500,14595000,4500,129825000,49255783,7.54
21/01/2022,-78400,-2242325000,28.7(-1.71 %),1800,52190000,80200,2294515000,49263783,7.53
24/01/2022,-3900,-109205000,27(-5.92 %),1800,49760000,5700,158965000,49266453,7.53
25/01/2022,25000,682275000,27.6(2.22 %),26000,709475000,1000,27200000,49320653,7.48
26/01/2022,4200,0,28(1.45 %),5200,0,1000,0,49321153,7.48
27/01/2022,-23700,-663265000,28.05(0.18 %),14400,404100000,38100,1067365000,49307753,7.49
28/01/2022,18000,505910000,28.1(0.00 %),22500,633190000,4500,127280000,49286253,7.51
07/02/2022,79000,2286855000,29.3(4.27 %),79000,2286855000,0,0,49245353,7.55
08/02/2022,107400,3215105000,30.1(2.73 %),107400,3215105000,0,0,49142453,7.63
09/02/2022,1100,33355000,30.4(1.00 %),1800,54530000,700,21175000,49140653,7.63
10/02/2022,100,3035000,30.5(0.33 %),100,3035000,0,0,49140553,7.63
11/02/2022,201400,6142150000,30.7(0.66 %),201500,6145210000,100,3060000,48939753,7.8
14/02/2022,-5500,-166500000,30(-2.28 %),4000,120700000,9500,287200000,48935753,7.81
15/02/2022,-8000,-239130000,29.9(-0.33 %),200,6000000,8200,245130000,48935653,7.81
16/02/2022,-9400,-282950000,30.8(3.01 %),200,6090000,9600,289040000,48944953,7.8
17/02/2022,-2800,-88940000,31.4(1.95 %),200,6310000,3000,95250000,48952953,7.79
18/02/2022,3200,99950000,31.45(0.16 %),3400,106210000,200,6260000,48959153,7.79
21/02/2022,-17000,-532070000,31.2(-0.95 %),300,9435000,17300,541505000,48961853,7.78
22/02/2022,-11800,-361775000,31.2(0.00 %),400,12260000,12200,374035000,48961653,7.78
23/02/2022,5000,156600000,31.2(0.00 %),5000,156600000,0,0,48973953,7.77
24/02/2022,-9800,-302610000,31(-0.64 %),300,9375000,10100,311985000,48985853,7.76
25/02/2022,12700,403840000,31.85(2.74 %),13200,419790000,500,15950000,48972653,7.77
28/02/2022,-9800,-315595000,32.35(1.41 %),100,3215000,9900,318810000,48982653,7.77
01/03/2022,1100,35575000,32.35(-0.15 %),1100,35575000,0,0,48982053,7.77
02/03/2022,-7300,-232815000,31.85(-1.70 %),0,0,7300,232815000,48991953,7.76
03/03/2022,-116600,-3604350000,32.2(0.94 %),7400,235980000,124000,3840330000,48984553,7.76
04/03/2022,-13100,-424805000,32.8(1.86 %),0,0,13100,424805000,48991853,7.76
07/03/2022,-3800,-125440000,32.9(0.30 %),0,0,3800,125440000,49115853,7.65
08/03/2022,-37500,-1266475000,33.6(2.13 %),100,3385000,37600,1269860000,49128853,7.64
09/03/2022,59900,2040555000,34.2(1.79 %),59900,2040555000,0,0,49072753,7.69
10/03/2022,200,6800000,33.6(-1.75 %),200,6800000,0,0,49110153,7.66
11/03/2022,83400,2756675000,33.45(-0.45 %),83600,2763315000,200,6640000,49026553,7.73
14/03/2022,127400,4155915000,32.6(-2.69 %),127400,4155915000,0,0,48899153,7.84
15/03/2022,3800,122215000,32.1(-1.53 %),4000,128655000,200,6440000,48895353,7.84
16/03/2022,6200,201640000,32.65(1.71 %),6200,201640000,0,0,48889153,7.84
17/03/2022,45200,1510510000,33.95(3.82 %),45800,1530250000,600,19740000,48843553,7.88
18/03/2022,10100,339940000,33.5(-1.47 %),44000,1476850000,33900,1136910000,48799553,7.92
21/03/2022,60800,2015855000,33.2(-0.90 %),60800,2015855000,0,0,48739353,7.97
22/03/2022,9200,306125000,32.8(-1.20 %),11000,365165000,1800,59040000,48762253,7.95
23/03/2022,200,6570000,32.7(-0.30 %),200,6570000,0,0,48762053,7.95
24/03/2022,-50200,-1635780000,33.2(1.53 %),28800,946645000,79000,2582425000,48735054,7.97
25/03/2022,23400,782055000,33.4(0.60 %),23400,782055000,0,0,48711654,7.99
28/03/2022,-9500,-306285000,32.6(-2.40 %),1900,62810000,11400,369095000,48788754,7.93
29/03/2022,24700,819140000,34(4.29 %),24700,819140000,0,0,48764054,7.95
30/03/2022,-23300,-814750000,34.4(1.18 %),14800,507410000,38100,1322160000,48760654,7.95
31/03/2022,-12900,-464635000,35.5(3.20 %),2400,83800000,15300,548435000,48758254,7.96
01/04/2022,286500,10217990000,35.6(0.28 %),300000,10698215000,13500,480225000,48496354,8.18
04/04/2022,281100,10095270000,35.85(0.70 %),305900,10973740000,24800,878470000,48205754,8.42
05/04/2022,-3100,-109540000,35.15(-2.09 %),200,7100000,3300,116640000,48219054,8.41
06/04/2022,316300,11275345000,35.7(1.42 %),316400,11278915000,100,3570000,47927454,8.65
07/04/2022,494600,17973895000,36(0.84 %),500000,18170495000,5400,196600000,47432854,9.07
08/04/2022,1600,57665000,34.45(-4.31 %),1800,64800000,200,7135000,47429054,9.07
12/04/2022,-200,-7140000,33.95(-1.45 %),800,27280000,1000,34420000,47429254,9.07
13/04/2022,14700,489890000,33.9(-0.29 %),22700,757890000,8000,268000000,47433654,9.07
14/04/2022,39400,1357430000,34.65(2.21 %),40000,1378270000,600,20840000,47372154,9.12
15/04/2022,-5900,-206130000,35.3(1.73 %),0,0,5900,206130000,47380154,9.12
18/04/2022,-279400,-10337295000,37.5(6.23 %),31200,1150580000,310600,11487875000,47349554,9.14
19/04/2022,-385000,-14713390000,36.5(-2.67 %),18000,683710000,403000,15397100000,47337454,9.15
20/04/2022,48100,1748670000,33.95(-6.99 %),48600,1766770000,500,18100000,47609354,8.92
21/04/2022,366000,12068600000,32.5(-4.41 %),375400,12393065000,9400,324465000,47627054,8.91
22/04/2022,18100,528945000,30.6(-5.85 %),40400,1241910000,22300,712965000,47587244,8.94
25/04/2022,98800,2878745000,28.6(-6.54 %),99800,2908895000,1000,30150000,47496844,9.02
26/04/2022,97400,2796650000,30.6(6.99 %),133100,3862545000,35700,1065895000,47386044,9.11
27/04/2022,-139200,-4330560000,31.65(3.43 %),5300,162480000,144500,4493040000,47381744,9.11
28/04/2022,-89100,-2827705000,32(0.95 %),0,0,89100,2827705000,47417444,9.08
29/04/2022,-5200,-167820000,32.4(1.25 %),1500,48000000,6700,215820000,47560444,8.96
04/05/2022,-36700,-1168655000,32.3(-0.31 %),5300,172075000,42000,1340730000,47644244,8.89
05/05/2022,-15900,-510755000,32.35(0.15 %),17400,560950000,33300,1071705000,47660144,0.0
06/05/2022,-900,-27810000,30.9(-4.63 %),5600,173040000,6500,200850000,47669944,8.87
09/05/2022,-9100,-261625000,28.75(-6.96 %),16600,477250000,25700,738875000,47686644,8.86
10/05/2022,67900,2037000000,30(4.17 %),67900,2037000000,0,0,47625244,8.91
11/05/2022,-24600,-732540000,30.25(0.83 %),2300,67705000,26900,800245000,47649844,0.0
12/05/2022,-48200,-1426330000,28.15(-6.94 %),3900,110940000,52100,1537270000,47698044,0.0
13/05/2022,4100,108225000,26.2(-6.93 %),17200,467025000,13100,358800000,47654444,8.88
16/05/2022,5500,145750000,26.5(1.15 %),32200,853300000,26700,707550000,47674344,8.87
17/05/2022,5100,144585000,28.35(6.98 %),24100,683235000,19000,538650000,47663354,8.88
18/05/2022,-37300,-1068645000,28.65(0.88 %),2600,74490000,39900,1143135000,47687454,8.86
19/05/2022,-15600,-439920000,28.2(-1.74 %),3000,84600000,18600,524520000,47703454,8.84
20/05/2022,-1900,-54530000,28.7(1.77 %),1600,45920000,3500,100450000,47741754,8.81
23/05/2022,-6800,-196520000,28.9(0.70 %),3000,86700000,9800,283220000,47757354,8.8
24/05/2022,-14800,-427720000,28.9(0.00 %),0,0,14800,427720000,47760854,8.79
25/05/2022,7300,214620000,29.4(1.73 %),7400,217560000,100,2940000,47763254,8.79
26/05/2022,6100,187270000,30.7(4.42 %),20000,614000000,13900,426730000,47758054,8.8
27/05/2022,-22400,-675360000,30.15(-1.79 %),3000,90450000,25400,765810000,47755154,8.8
30/05/2022,-3900,-118755000,30.45(0.83 %),0,0,3900,118755000,47769054,8.79
31/05/2022,-8300,-252320000,30.4(-0.33 %),0,0,8300,252320000,47794454,8.77
01/06/2022,-34600,-1010320000,29.2(0.00 %),0,0,34600,1010320000,47798354,8.76
02/06/2022,2900,84100000,29(-0.68 %),18500,536500000,15600,452400000,47788154,8.77
03/06/2022,-12700,-367030000,28.9(-0.34 %),0,0,12700,367030000,47822754,8.74
06/06/2022,297600,9012755000,29.6(2.42 %),323800,9813020000,26200,800265000,47514554,9.0
07/06/2022,100,3055000,30.55(3.21 %),100,3055000,0,0,47527154,8.99
08/06/2022,3200,101440000,31.7(3.59 %),3600,114120000,400,12680000,47549754,8.97
09/06/2022,-800,-25200000,31.5(-0.63 %),0,0,800,25200000,47549754,8.97
10/06/2022,0,-25200000,30.55(-3.02 %),0,0,0,25200000,47550154,8.97
13/06/2022,4900,139405000,28.45(-7.03 %),4900,139405000,0,0,47546054,8.98
14/06/2022,200500,5814500000,29(1.75 %),201200,5834800000,700,20300000,47344854,9.14
15/06/2022,203000,5755050000,28.35(-2.24 %),203000,5755050000,0,0,47141784,9.32
16/06/2022,-1100,-31570000,28.7(1.06 %),1900,54530000,3000,86100000,47140584,9.32
17/06/2022,188600,5403390000,28.65(-0.17 %),205200,5878980000,16600,475590000,46935384,9.49
20/06/2022,0,-5370000,27.5(-4.18 %),7500,210000000,7500,215370000,46930884,9.49
21/06/2022,3900,103350000,26.5(-3.64 %),4000,106000000,100,2650000,46943484,9.48
22/06/2022,-4200,-111930000,26.65(0.57 %),0,0,4200,111930000,46950979,9.48
23/06/2022,-100,-2700000,27(1.12 %),0,0,100,2700000,46951079,9.48
24/06/2022,8100,219915000,27.15(0.56 %),8100,219915000,0,0,46947179,9.48
27/06/2022,8300,228225000,27.7(1.84 %),8300,228225000,0,0,46938979,9.49
28/06/2022,208700,5864470000,28.1(1.44 %),208800,5867280000,100,2810000,46730179,9.66
29/06/2022,-100,-2770000,27.45(-2.31 %),0,0,100,2770000,46730179,9.66
30/06/2022,-3300,-89760000,27.2(-1.09 %),0,0,3300,89760000,46730279,9.66
01/07/2022,198200,5450500000,27.5(1.10 %),201000,5527500000,2800,77000000,46529379,9.83
04/07/2022,2000,55000000,27.5(0.00 %),2000,55000000,0,0,46529379,0.0
05/07/2022,300,8040000,26.8(-2.55 %),400,10720000,100,2680000,46533079,9.83
06/07/2022,3900,102570000,26.3(-1.87 %),4600,120980000,700,18410000,46528479,9.83
07/07/2022,900,23760000,26.4(0.38 %),1100,29040000,200,5280000,46527479,9.83
08/07/2022,-24600,-124200000,27(2.27 %),2300,2700000,26900,126900000,46552079,9.81
11/07/2022,-4600,-124200000,27(0.00 %),100,2700000,4700,126900000,46528079,9.83
12/07/2022,-100,-2765000,27.65(2.41 %),0,0,100,2765000,46528079,9.83
13/07/2022,1600,44080000,27.55(-0.54 %),1600,44080000,0,0,46531179,9.83
14/07/2022,9000,248400000,27.6(0.00 %),9000,248400000,0,0,46522279,9.84
15/07/2022,1200,33360000,27.8(0.72 %),1200,33360000,0,0,46521079,9.84
18/07/2022,25300,710930000,28.1(1.08 %),25300,710930000,0,0,46495779,9.86
19/07/2022,-6400,-178880000,27.95(-0.53 %),0,0,6400,178880000,46495779,9.86
20/07/2022,-27400,-767200000,28(0.00 %),1300,36400000,28700,803600000,46494479,9.86
21/07/2022,4600,128800000,28(0.00 %),4600,128800000,0,0,46496279,9.86
22/07/2022,-100,-5417880000,27.6(-1.43 %),0,13800000,100,5431680000,46524479,9.84
25/07/2022,-38200,-1037130000,27.15(-1.63 %),100,2715000,38300,1039845000,46524379,9.84
26/07/2022,-60500,-1642575000,27.15(-0.18 %),600,16290000,61100,1658865000,46720579,9.67
27/07/2022,800,21720000,27.15(-0.18 %),800,21720000,0,0,46758079,9.64
28/07/2022,-483100,-13285250000,27.5(1.10 %),9900,272250000,493000,13557500000,46809279,9.6
29/07/2022,-22800,-631560000,27.7(0.73 %),7200,199440000,30000,831000000,46802079,9.6
01/08/2022,-3300,-94710000,28.7(3.61 %),27700,794990000,31000,889700000,47267379,9.21
02/08/2022,-29000,-829400000,28.6(-0.35 %),1100,31460000,30100,860860000,47296279,9.19
03/08/2022,-21000,-606900000,28.9(1.05 %),9900,286110000,30900,893010000,47317379,9.17
04/08/2022,-141600,-4056840000,28.65(-0.87 %),2300,65895000,143900,4122735000,47345179,9.14
05/08/2022,-76900,-2203185000,28.65(-0.17 %),0,0,76900,2203185000,47376079,9.12
08/08/2022,20500,604750000,29.5(2.79 %),20500,604750000,0,0,47499479,9.01
09/08/2022,6400,187840000,29.35(-0.51 %),11400,334590000,5000,146750000,47564979,8.96
10/08/2022,6300,183330000,29.1(-1.02 %),6300,183330000,0,0,47558679,8.96
11/08/2022,13300,391020000,29.4(1.03 %),13300,391020000,0,0,47550379,8.97
12/08/2022,-134500,-3954300000,29.4(0.00 %),6100,179340000,140600,4133640000,47544279,8.98
15/08/2022,9400,280120000,29.8(1.36 %),11600,345680000,2200,65560000,47532679,8.99
16/08/2022,-16700,-507680000,30.4(2.01 %),33300,1012320000,50000,1520000000,47639979,8.9
17/08/2022,-70600,-2118000000,30(-1.32 %),29400,882000000,100000,3000000000,47612779,8.92
18/08/2022,67500,2025000000,30(0.00 %),67500,2025000000,0,0,47595279,8.93
19/08/2022,56600,1686680000,29.8(-0.67 %),56600,1686680000,0,0,47638679,8.9
22/08/2022,0,1686680000,29.65(-0.50 %),0,1686680000,0,0,47638679,8.9
23/08/2022,-42400,-1295320000,30.55(2.86 %),12600,384930000,55000,1680250000,47626079,8.91
24/08/2022,500,15275000,30.55(-0.16 %),500,15275000,0,0,47625579,8.91
25/08/2022,-104500,-3192475000,30.55(-0.16 %),15500,473525000,120000,3666000000,47665140,8.88
26/08/2022,3200,96160000,30.05(-1.80 %),3200,96160000,0,0,47661940,8.88
29/08/2022,70300,2087910000,29.7(-1.33 %),70300,2087910000,0,0,47714340,8.83
30/08/2022,15400,468160000,30.4(2.36 %),15400,468160000,0,0,47698940,8.85
31/08/2022,21300,642195000,30.15(-0.82 %),21600,651240000,300,9045000,47677340,8.87
05/09/2022,-6300,-189945000,30.15(-0.17 %),200,6030000,6500,195975000,47677140,8.87
06/09/2022,2000,60600000,30.3(0.33 %),2000,60600000,0,0,47675440,8.87
07/09/2022,-489500,-14831850000,30.3(0.00 %),15500,469650000,505000,15301500000,47666440,8.87
08/09/2022,-498300,-15447300000,31(2.31 %),4600,142600000,502900,15589900000,47661840,8.88
09/09/2022,-28700,-899745000,31.35(1.13 %),700,21945000,29400,921690000,48166140,8.45
12/09/2022,-5677,-899745000,31.4(0.00 %),5000,21945000,10677,921690000,48664040,8.03
13/09/2022,500,-899745000,30.95(-1.43 %),500,21945000,0,921690000,48692940,8.01
14/09/2022,46200,-899745000,30.7(-0.97 %),46200,21945000,0,921690000,48657417,8.04
15/09/2022,6496,1418340000,30.6(-0.33 %),6500,1418340000,4,0,0,8.05
16/09/2022,-17540,-526200000,30(-1.96 %),0,0,17540,526200000,48650917,8.05
19/09/2022,81900,2399670000,29.3(-2.33 %),102100,2991530000,20200,591860000,48569017,8.11
20/09/2022,23292,710406000,30.5(4.10 %),25300,771650000,2008,61244000,48541061,8.14
21/09/2022,9541,289569350,30.35(-0.49 %),9700,294395000,159,4825650,48551561,8.13
22/09/2022,44800,1426880000,31.85(4.77 %),44800,1426880000,0,0,48508769,8.17
23/09/2022,-14788,-459906800,31.1(-2.51 %),0,0,14788,459906800,48508928,8.17
26/09/2022,-7000,-218400000,31.2(0.32 %),5500,171600000,12500,390000000,48503428,8.17
27/09/2022,-155300,-4697825000,30.25(-3.04 %),4200,127050000,159500,4824875000,48514016,8.16
28/09/2022,31900,899580000,28.2(-6.93 %),50200,1415640000,18300,516060000,48476316,8.19
29/09/2022,1700,46920000,27.6(-2.13 %),17500,483000000,15800,436080000,48618316,8.07
30/09/2022,-162800,-4590960000,28.2(2.17 %),24600,693720000,187400,5284680000,48612016,8.08
03/10/2022,-59900,-1575370000,26.3(-6.74 %),400,10520000,60300,1585890000,48627416,8.07
04/10/2022,19800,522720000,26.4(0.38 %),27300,720720000,7500,198000000,48787516,7.93
05/10/2022,-21505,-583860750,27.15(2.84 %),200,5430000,21705,589290750,48847616,7.88
06/10/2022,-53000,-1391250000,26.25(-3.49 %),14400,378000000,67400,1769250000,48840716,7.89
07/10/2022,17200,420540000,24.45(-7.03 %),25300,618585000,8100,198045000,48837121,7.89
10/10/2022,8000,200000000,25(2.04 %),12000,300000000,4000,100000000,48892521,7.84
11/10/2022,-33400,-794920000,23.8(-4.80 %),0,0,33400,794920000,48900621,7.84
12/10/2022,9900,244530000,24.7(3.78 %),26700,659490000,16800,414960000,48877921,7.85
13/10/2022,-19500,-488475000,25.05(1.42 %),0,0,19500,488475000,48911321,7.83
14/10/2022,-11500,-294400000,25.6(1.99 %),0,0,11500,294400000,48928121,7.81
17/10/2022,167100,4428150000,26.5(3.52 %),167100,4428150000,0,0,48780521,7.94
18/10/2022,-15700,-416050000,26.5(0.00 %),5000,132500000,20700,548550000,48787021,7.93
19/10/2022,-2600,-67940000,26.05(-1.70 %),0,0,2600,67940000,48789621,0.0
20/10/2022,-21200,-551140000,25.95(-0.57 %),10000,258950000,31200,810090000,48808221,0.0
21/10/2022,1000,24350000,24.15(-7.12 %),1200,29460000,200,5110000,48796721,0.0
24/10/2022,39700,932615000,22.9(-5.37 %),39800,934915000,100,2300000,48759421,0.0
25/10/2022,15200,341615000,23(0.44 %),15200,341615000,0,0,48744221,0.0
26/10/2022,-1700,-39605000,23.3(1.30 %),0,0,1700,39605000,48777021,0.0
27/10/2022,-486300,-11408575000,23.8(2.15 %),5000,117000000,491300,11525575000,48770621,7.94
28/10/2022,-18100,-432590000,23.9(0.42 %),0,0,18100,432590000,48772321,7.94
31/10/2022,6300,145845000,23.15(-3.14 %),6300,145845000,0,0,49257321,7.54
01/11/2022,100,2270000,22.7(-2.16 %),100,2270000,0,0,49275321,7.52
02/11/2022,10000,231000000,23.1(1.76 %),10000,231000000,0,0,49265321,7.53
03/11/2022,500,11450000,22.9(-0.87 %),500,11450000,0,0,49264821,7.53
04/11/2022,0,11450000,21.6(-5.68 %),0,11450000,0,0,49264821,7.53
07/11/2022,12800,257280000,20.1(-6.94 %),12800,257280000,0,0,49252021,7.54
08/11/2022,54500,1092725000,20.05(-0.25 %),54500,1092725000,0,0,49197521,7.59
09/11/2022,6200,125550000,20.25(0.75 %),6200,125550000,0,0,49191321,7.59
10/11/2022,2100,39585000,18.85(-7.14 %),4600,86710000,2500,47125000,49186721,7.59
11/11/2022,51200,947200000,18.5(-2.12 %),51200,947200000,0,0,49135521,7.64
14/11/2022,64770,1188529500,18.35(-0.81 %),66770,1225229500,2000,36700000,49071251,7.69
15/11/2022,33810,578151000,17.1(-7.07 %),33810,578151000,0,0,49037441,7.72
16/11/2022,63700,1162525000,18.25(6.73 %),64800,1182600000,1100,20075000,48974641,7.77
17/11/2022,-42200,-784920000,18.6(1.64 %),100,1860000,42300,786780000,48974541,7.77
18/11/2022,-21800,-407660000,18.7(0.54 %),11400,213180000,33200,620840000,48964241,7.78
21/11/2022,-400,-7600000,19(1.60 %),3900,74100000,4300,81700000,49002641,7.75
22/11/2022,26200,496490000,18.95(-0.26 %),27500,521125000,1300,24635000,49008341,7.74
23/11/2022,22600,431660000,19.1(0.53 %),27600,527160000,5000,95500000,48985041,7.76
24/11/2022,-6000,-114600000,19.1(0.00 %),200,3820000,6200,118420000,48986141,7.76
25/11/2022,-4700,-91180000,19.4(1.57 %),1200,23280000,5900,114460000,48989941,7.76
28/11/2022,1000,20400000,20.4(5.15 %),5800,118320000,4800,97920000,48988941,0.0
29/11/2022,-4100,-83640000,20.4(0.00 %),3800,77520000,7900,161160000,48993041,7.76
30/11/2022,-1500,-30675000,20.45(0.25 %),8700,177915000,10200,208590000,48994541,7.76
01/12/2022,-2400,-50280000,20.95(2.20 %),8600,180170000,11000,230450000,48979941,7.77
02/12/2022,-3500,-73850000,21.1(0.48 %),5400,113940000,8900,187790000,48983441,7.77
05/12/2022,188638,4055717000,21.5(1.90 %),200500,4310750000,11862,255033000,48794803,7.92
06/12/2022,18347,386204350,21.05(-2.09 %),21300,448365000,2953,62160650,48776456,7.94
07/12/2022,26300,553615000,21.05(-0.24 %),26500,557825000,200,4210000,48750156,7.96
08/12/2022,998,21257400,21.3(0.95 %),6201,132081300,5203,110823900,48772855,7.94
09/12/2022,12600,270270000,21.45(0.70 %),12600,270270000,0,0,48760455,7.95
12/12/2022,-9100,-191100000,21(-2.33 %),0,0,9100,191100000,48745658,7.97
13/12/2022,9600,205440000,21.4(1.90 %),9600,205440000,0,0,48736058,7.97
14/12/2022,-11400,-242820000,21.3(-0.47 %),0,0,11400,242820000,48747458,0.0
15/12/2022,18100,392770000,21.7(1.88 %),18100,392770000,0,0,48729358,0.0
16/12/2022,-3600,-77400000,21.5(-0.92 %),0,0,3600,77400000,48732958,7.98
19/12/2022,5100,108630000,21.3(-0.93 %),10600,225780000,5500,117150000,48727858,0.0
20/12/2022,34300,715155000,20.85(-2.11 %),45800,954930000,11500,239775000,48693558,8.01
21/12/2022,23700,488220000,20.6(-1.44 %),40000,824000000,16300,335780000,48669858,8.03
22/12/2022,16200,336960000,20.8(0.97 %),30400,632320000,14200,295360000,48653658,8.04
23/12/2022,-5500,-114400000,20.8(0.00 %),0,0,5500,114400000,48659158,0.0
26/12/2022,19400,391880000,20.2(-2.88 %),31300,632260000,11900,240380000,48639758,8.05
27/12/2022,3400,70040000,20.6(1.98 %),3500,72100000,100,2060000,48636358,8.06
28/12/2022,4400,90860000,20.65(0.24 %),5300,109445000,900,18585000,48631958,0.0
29/12/2022,-1400,-28840000,20.6(-0.48 %),0,0,1400,28840000,48660158,8.04
30/12/2022,4000,82400000,20.6(0.00 %),5000,103000000,1000,20600000,48656058,8.04
03/01/2023,-17200,-369800000,21.5(4.37 %),7200,154800000,24400,524600000,48648858,0.0
04/01/2023,-51800,-1103340000,21.3(-0.93 %),0,0,51800,1103340000,48651258,8.05
05/01/2023,-33400,-714760000,21.4(0.47 %),900,19260000,34300,734020000,48674758,8.03
06/01/2023,-31500,-683550000,21.7(1.40 %),5000,108500000,36500,792050000,48721558,7.99
09/01/2023,14000,302400000,21.6(-0.46 %),22000,475200000,8000,172800000,48733858,7.98
10/01/2023,2479,53422450,21.55(-0.23 %),10000,215500000,7521,162077550,48760358,7.95
11/01/2023,147400,3191210000,21.65(2.61 %),147700,3197705000,300,6495000,48620658,8.07
12/01/2023,-16800,-359520000,21.4(-1.38 %),0,0,16800,359520000,48628179,8.06
13/01/2023,-19400,-416130000,21.45(0.23 %),0,0,19400,416130000,48628479,8.06
16/01/2023,300,6450000,21.5(0.00 %),10000,215000000,9700,208550000,48635279,8.06
17/01/2023,3893,83894150,21.55(0.23 %),4000,86200000,107,2305850,48650679,8.05
18/01/2023,5000,111000000,22.2(2.78 %),5000,111000000,0,0,48655379,8.04
19/01/2023,-6700,-150080000,22.4(0.90 %),0,0,6700,150080000,48655486,8.04
27/01/2023,66500,1532825000,23.05(2.90 %),71400,1645770000,4900,112945000,48584086,8.1
30/01/2023,-8100,-183870000,22.7(-1.73 %),500,11350000,8600,195220000,48590286,8.1
31/01/2023,96500,2238800000,23.2(2.20 %),100000,2320000000,3500,81200000,48495186,8.18
01/02/2023,-5600,-122920000,21.95(-5.39 %),13100,287545000,18700,410465000,48490686,8.18
02/02/2023,-7400,-162060000,21.9(-0.45 %),0,0,7400,162060000,48494229,8.18
03/02/2023,245098,5563724600,22.7(3.65 %),250000,5675000000,4902,111275400,48262929,8.37
06/02/2023,2000,45400000,22.7(0.00 %),3100,70370000,1100,24970000,48267229,8.37
07/02/2023,-2900,-64090000,22.1(-2.64 %),1100,24310000,4000,88400000,48271031,8.37
08/02/2023,96800,2163480000,22.35(1.13 %),100500,2246175000,3700,82695000,48171631,8.45
09/02/2023,-1800,-40680000,22.6(0.89 %),0,0,1800,40680000,48175631,8.45
10/02/2023,-10100,-221190000,21.9(-3.10 %),1400,30660000,11500,251850000,48177931,8.44
13/02/2023,-7800,-170040000,21.8(-0.46 %),100,2180000,7900,172220000,48179631,8.44
14/02/2023,67300,1507520000,22.4(2.75 %),70200,1572480000,2900,64960000,48120931,8.49
15/02/2023,4500,100575000,22.35(-0.22 %),5900,131865000,1400,31290000,48122931,8.49
16/02/2023,13800,324300000,23.5(4.91 %),13800,324300000,0,0,48112031,8.5
17/02/2023,-2200,-50600000,23(-2.13 %),0,0,2200,50600000,48113431,8.5
20/02/2023,1500,35100000,23.4(1.74 %),1500,35100000,0,0,48111931,8.5
21/02/2023,-6100,-143960000,23.6(0.85 %),4900,115640000,11000,259600000,48109231,8.5
22/02/2023,-14600,-335800000,23(-2.54 %),2100,48300000,16700,384100000,48107131,8.5
23/02/2023,-16700,-382430000,22.9(-0.43 %),0,0,16700,382430000,48118131,8.49
24/02/2023,-1600,-35920000,22.45(-1.97 %),0,0,1600,35920000,48119731,8.49
27/02/2023,13100,286890000,21.9(-2.67 %),13400,293460000,300,6570000,48138131,8.48
28/02/2023,-100,-2225000,22.25(1.60 %),0,0,100,2225000,48139731,8.48
01/03/2023,6800,155720000,22.9(2.69 %),8000,183200000,1200,27480000,48132031,8.48
02/03/2023,2100,47670000,22.7(-0.87 %),2900,65830000,800,18160000,48129231,8.48
03/03/2023,-8700,-193140000,22.2(-2.20 %),100,2220000,8800,195360000,48130331,8.48
06/03/2023,12600,279720000,22.2(0.00 %),16500,366300000,3900,86580000,48114631,8.5
07/03/2023,8500,189125000,22.25(0.23 %),8900,198025000,400,8900000,48114531,8.5
08/03/2023,-9323,-209767500,22.5(0.90 %),1200,27000000,10523,236767500,48117231,8.49
09/03/2023,-28900,-656030000,22.7(0.89 %),2000,45400000,30900,701430000,48115631,8.5
10/03/2023,-25500,-571200000,22.4(-1.32 %),1100,24640000,26600,595840000,48125054,8.49
13/03/2023,-3800,-84740000,22.3(-0.45 %),2700,60210000,6500,144950000,48128854,0.0
14/03/2023,3400,74120000,21.8(-2.24 %),7500,163500000,4100,89380000,48172354,8.45
15/03/2023,1500,33750000,22.5(3.21 %),1900,42750000,400,9000000,48176954,8.44
16/03/2023,800,17920000,22.4(-0.44 %),1200,26880000,400,8960000,48179854,8.44
17/03/2023,-5500,-122650000,22.3(-0.45 %),0,0,5500,122650000,48180254,8.44
20/03/2023,-6900,-150075000,21.75(-2.47 %),400,8700000,7300,158775000,48180254,8.44
21/03/2023,-2900,-35920000,21.95(0.69 %),0,0,2900,35920000,48185754,8.44
22/03/2023,-2900,-63445000,21.85(-0.68 %),0,0,2900,63445000,48188654,0.0
23/03/2023,-100,-2185000,21.9(0.00 %),0,0,100,2185000,48188754,0.0
24/03/2023,9600,210205000,21.95(0.23 %),10000,218975000,400,8770000,48179154,0.0
27/03/2023,1500,33225000,22.15(0.68 %),1500,33225000,0,0,48177654,0.0
28/03/2023,-100,-2210000,22.1(-0.45 %),500,11050000,600,13260000,48177754,8.44
29/03/2023,-500,-11000000,22(-0.45 %),800,17600000,1300,28600000,48186554,8.44
30/03/2023,-1200,-26280000,21.9(-0.45 %),100,2190000,1300,28470000,48187054,8.44
31/03/2023,-200,-4380000,21.9(0.00 %),0,0,200,4380000,48188354,8.43
03/04/2023,-24700,-549575000,22.25(1.60 %),1300,28925000,26000,578500000,48188354,8.43
04/04/2023,4900,110495000,22.55(1.12 %),5100,115005000,200,4510000,48183454,8.44
05/04/2023,-100,-2245000,22.45(-0.66 %),300,6735000,400,8980000,48209154,8.42
06/04/2023,100,2230000,22.3(-0.89 %),100,2230000,0,0,48209254,8.42
07/04/2023,100,2210000,22.1(-0.90 %),100,2210000,0,0,48209554,8.42
10/04/2023,9497,207034600,21.8(-1.36 %),10300,224540000,803,17505400,48199254,8.43
11/04/2023,4600,101200000,22(0.92 %),10000,220000000,5400,118800000,48189254,8.43
12/04/2023,0,101200000,21.65(-1.59 %),0,220000000,0,118800000,48190057,8.43
13/04/2023,-49700,-1076005000,21.65(-0.23 %),900,19485000,50600,1095490000,48194557,8.43
14/04/2023,-98300,-2044640000,20.8(-4.15 %),0,0,98300,2044640000,48194557,8.43
17/04/2023,700,14490000,20.7(-0.48 %),4800,99360000,4100,84870000,48240346,8.39
18/04/2023,0,14490000,21.1(1.93 %),0,99360000,0,84870000,48338646,8.31
19/04/2023,1100,22770000,20.7(-1.90 %),1100,22770000,0,0,48341646,8.31
20/04/2023,-47600,-982985000,20.7(0.00 %),2400,49750000,50000,1032735000,48389246,8.27
21/04/2023,-58700,-1191610000,20.3(-1.93 %),0,0,58700,1191610000,48339246,8.31
24/04/2023,1950,39390000,20.2(-0.49 %),2000,40400000,50,1010000,48387246,8.27
25/04/2023,-200,-4050000,20.25(0.25 %),0,0,200,4050000,48445946,8.22
26/04/2023,-200,-4040000,20.2(-0.49 %),0,0,200,4040000,48445996,8.22
27/04/2023,-54100,-1099165000,20.25(0.25 %),28600,584785000,82700,1683950000,48500096,0.0
28/04/2023,70900,1453970000,20.9(3.21 %),71100,1458100000,200,4130000,48429196,0.0
04/05/2023,200800,4202045000,21.05(0.72 %),200800,4202045000,0,0,48346696,0.0
05/05/2023,-1900,-39680000,20.95(-0.48 %),200,4210000,2100,43890000,48228596,8.4
08/05/2023,3700,77680000,20.8(-0.72 %),3800,79770000,100,2090000,48224798,8.4
09/05/2023,88000,1847990000,21.05(1.20 %),88000,1847990000,0,0,48138898,8.48
10/05/2023,54100,1136765000,21.35(1.18 %),54900,1153725000,800,16960000,48084798,0.0
11/05/2023,100700,2148615000,21.35(-0.23 %),102000,2176415000,1300,27800000,47982098,8.61
12/05/2023,115500,2474775000,21.5(0.47 %),116100,2487645000,600,12870000,47866798,8.71
15/05/2023,-11700,-247895000,21(-2.33 %),1500,31790000,13200,279685000,47878498,8.7
16/05/2023,100,2100000,21.1(0.48 %),100,2100000,0,0,47878398,8.7
17/05/2023,300,6315000,21.05(-0.24 %),300,6315000,0,0,47878098,8.7
18/05/2023,0,0,21(-0.24 %),0,0,0,0,47878098,8.7
19/05/2023,-1000,-20950000,21(0.00 %),0,0,1000,20950000,47879098,8.7
22/05/2023,87200,1856435000,21.3(1.43 %),90100,1917480000,2900,61045000,47791898,8.77
23/05/2023,47000,999765000,21.3(0.00 %),50200,1068225000,3200,68460000,47744898,8.81
24/05/2023,3200,68115000,21.1(-0.94 %),3200,68115000,0,0,47741698,8.81
25/05/2023,500,10565000,21.25(0.71 %),500,10565000,0,0,47741198,8.81
26/05/2023,19300,410090000,21.35(0.47 %),20000,425000000,700,14910000,47721898,8.83
29/05/2023,1700,36065000,21.45(0.47 %),3300,70455000,1600,34390000,47720198,8.83
30/05/2023,61700,1332120000,21.95(2.33 %),70100,1512300000,8400,180180000,47658498,8.88
31/05/2023,0,0,21.8(-0.68 %),800,17600000,800,17600000,47658498,8.88
01/06/2023,-29100,-634495000,21.9(0.46 %),0,0,29100,634495000,47651319,8.89
02/06/2023,124200,2738295000,22.25(1.60 %),124500,2745015000,300,6720000,47527119,8.99
05/06/2023,0,0,22.35(0.45 %),0,0,0,0,47527119,8.99
06/06/2023,2900,64155000,22.25(-0.45 %),3300,73095000,400,8940000,47524219,8.99
07/06/2023,-600,-11890000,22.2(-0.22 %),7000,155450000,7600,167340000,47524819,8.99
08/06/2023,0,0,20.75(-6.53 %),0,0,0,0,47524819,8.99
09/06/2023,0,0,20.55(-0.96 %),0,0,0,0,47524819,8.99
12/06/2023,-69600,-1418625000,20.4(-0.73 %),1800,36805000,71400,1455430000,47594419,8.93
13/06/2023,0,0,20.35(-0.25 %),0,0,0,0,47594419,8.93
14/06/2023,-100100,-2037060000,20.3(-0.25 %),700,14300000,100800,2051360000,47694519,8.85
15/06/2023,200,4040000,20.05(-1.23 %),200,4040000,0,0,47694319,8.85
16/06/2023,100,1985000,20(-0.50 %),300,6045000,200,4060000,47732319,8.82
19/06/2023,0,0,20.15(0.75 %),0,0,0,0,47732319,8.82
20/06/2023,-32600,-659095000,20.3(0.50 %),0,0,32600,659095000,47764919,8.79
21/06/2023,0,0,20.65(1.72 %),0,0,0,0,47732519,8.82
22/06/2023,-31100,-646895000,20.75(0.48 %),600,12420000,31700,659315000,47763619,8.79
23/06/2023,-3600,-74145000,20.6(-0.96 %),900,18630000,4500,92775000,47767219,8.79
26/06/2023,-1400,-29480000,21.25(3.16 %),0,0,1400,29480000,47795319,8.77
27/06/2023,-46900,-998070000,21.3(0.00 %),4100,88345000,51000,1086415000,47842219,8.73
28/06/2023,108800,2321540000,21.25(-0.23 %),108800,2321540000,0,0,47733419,8.82
29/06/2023,107300,2275685000,21(-1.41 %),107300,2275685000,0,0,47626119,8.91
30/06/2023,152600,3246435000,21.95(4.52 %),155000,3298790000,2400,52355000,47473519,9.04
03/07/2023,23700,520810000,22(0.00 %),23700,520810000,0,0,47477019,9.03
04/07/2023,38400,841510000,22(0.00 %),38400,841510000,0,0,47438619,9.07
05/07/2023,32700,729920000,22.2(0.91 %),32800,732140000,100,2220000,47405919,9.09
06/07/2023,56500,1250790000,22(-0.90 %),56600,1253010000,100,2220000,47328001,9.16
07/07/2023,31900,705725000,22.35(1.59 %),31900,705725000,0,0,47296201,9.19
10/07/2023,170300,3908440000,23.3(4.02 %),187000,4297390000,16700,388950000,47125901,9.33
11/07/2023,89200,2082020000,23.1(-0.86 %),106000,2473615000,16800,391595000,47036701,9.4
12/07/2023,74800,1744115000,23.4(1.30 %),104000,2429530000,29200,685415000,46961901,9.47
13/07/2023,84600,1971995000,23.4(0.00 %),88000,2051940000,3400,79945000,46877301,9.54
14/07/2023,700,15675000,23.2(-0.85 %),2400,55200000,1700,39525000,46871602,9.54
17/07/2023,25200,582175000,23(-0.86 %),50400,1161615000,25200,579440000,46846402,9.56
18/07/2023,139000,3147545000,22.55(-1.96 %),148800,3370445000,9800,222900000,46707402,9.68
19/07/2023,95000,2163095000,23(1.77 %),96200,2190155000,1200,27060000,46606507,9.77
20/07/2023,13000,295975000,22.8(-0.87 %),13000,295975000,0,0,46593507,9.78
21/07/2023,74100,1692540000,22.9(0.44 %),74100,1692540000,0,0,46519407,9.84
24/07/2023,119300,2792180000,23.8(3.93 %),122400,2864185000,3100,72005000,46408012,9.93
25/07/2023,46400,1096875000,23.55(-1.05 %),48000,1134835000,1600,37960000,46360092,9.97
26/07/2023,-1300,-29650000,23.1(-1.91 %),21000,491205000,22300,520855000,46361392,9.97
27/07/2023,123200,2870595000,23.45(1.52 %),144500,3364580000,21300,493985000,46238192,10.08
28/07/2023,120100,2822840000,23.5(0.00 %),156000,3660090000,35900,837250000,46118092,10.18
31/07/2023,103600,2392930000,23.1(-1.70 %),139000,3209870000,35400,816940000,46014492,10.26
01/08/2023,75500,1757020000,23.3(0.87 %),90500,2105320000,15000,348300000,45947901,10.32
02/08/2023,303400,7070375000,23.4(0.43 %),320300,7464800000,16900,394425000,45644501,10.58
03/08/2023,350800,8417790000,24(2.56 %),357800,8584590000,7000,166800000,45293701,10.87
04/08/2023,362800,8708700000,24.1(0.42 %),371200,8909635000,8400,200935000,44911301,11.19
07/08/2023,-7800,-191225000,23.5(-2.49 %),16400,388750000,24200,579975000,44919101,11.19
08/08/2023,286500,6859310000,24.2(2.98 %),353000,8456060000,66500,1596750000,44632601,11.43
09/08/2023,79200,1882165000,23.9(-1.24 %),82000,1948815000,2800,66650000,44553401,11.49
10/08/2023,-183400,-4289015000,23.15(-3.14 %),23900,555975000,207300,4844990000,44736801,11.34
11/08/2023,212600,4934235000,23.4(1.08 %),220000,5105775000,7400,171540000,44524201,11.52
14/08/2023,6300,146780000,23.35(-0.21 %),8300,193580000,2000,46800000,44523901,11.52
15/08/2023,214400,5020740000,23.55(0.64 %),214400,5020740000,0,0,44316901,11.69
16/08/2023,31300,735240000,23.3(-1.27 %),31300,735240000,0,0,44287601,11.72
17/08/2023,-1400,-32270000,23.2(-0.43 %),6600,152940000,8000,185210000,44289001,11.72
18/08/2023,144600,3252140000,21.95(-5.39 %),168700,3802720000,24100,550580000,44112301,11.87
21/08/2023,188900,4185355000,22.35(1.59 %),188900,4185355000,0,0,43931401,12.02
22/08/2023,37000,821335000,22.25(-0.67 %),37000,821335000,0,0,43918501,12.03
23/08/2023,43300,967335000,22.25(0.00 %),48000,1071925000,4700,104590000,43870501,12.07
24/08/2023,57400,1289835000,22.65(1.80 %),58400,1312440000,1000,22605000,43813101,12.12
25/08/2023,0,0,22.6(-0.22 %),0,0,0,0,43816843,12.11
28/08/2023,-7300,-165320000,22.7(0.44 %),2200,49730000,9500,215050000,43824143,12.11
29/08/2023,9800,222965000,22.7(0.00 %),58500,1329965000,48700,1107000000,43757232,12.17
30/08/2023,-55800,-1259785000,22.75(0.22 %),300,6810000,56100,1266595000,43813032,12.12
31/08/2023,11300,265895000,23.05(1.32 %),90200,2076665000,78900,1810770000,43725022,12.19
05/09/2023,-62500,-1439120000,23.15(0.43 %),0,0,62500,1439120000,43781122,12.14
06/09/2023,-77100,-1766715000,23.15(0.00 %),80600,1856785000,157700,3623500000,43858222,12.08
07/09/2023,-85000,-1968025000,23.1(-0.22 %),2400,55575000,87400,2023600000,43839522,12.1
08/09/2023,1000,23100000,23.4(1.30 %),1000,23100000,0,0,43996230,11.96
11/09/2023,52300,1244910000,23.25(-0.64 %),63900,1520595000,11600,275685000,44019730,11.94
12/09/2023,12400,289810000,23.55(1.29 %),12500,292160000,100,2350000,44007230,11.95
13/09/2023,5700,133815000,23.3(-1.06 %),9000,210655000,3300,76840000,44009830,11.95
14/09/2023,11000,251090000,23(-1.29 %),20100,459795000,9100,208705000,43989830,11.97
15/09/2023,-600,-13840000,22.8(-0.87 %),400,9120000,1000,22960000,43992730,11.97
18/09/2023,0,0,22.8(0.00 %),0,0,0,0,43992730,11.97
19/09/2023,38400,887265000,22.9(0.44 %),40000,924000000,1600,36735000,43952957,12.0
20/09/2023,130000,3056485000,23.65(3.28 %),135000,3173735000,5000,117250000,43822957,12.11
21/09/2023,3000,70950000,23.5(-0.63 %),3000,70950000,0,0,43819957,12.11
22/09/2023,62300,1445490000,23.5(0.00 %),65000,1507860000,2700,62370000,43759157,12.16
25/09/2023,83500,1997120000,22.6(-3.83 %),89800,2152205000,6300,155085000,43669357,12.24
26/09/2023,16700,386800000,23(1.77 %),17400,402900000,700,16100000,43654657,12.25
27/09/2023,-5500,-127150000,23(0.00 %),100,2310000,5600,129460000,43660157,12.25
28/09/2023,11900,273805000,23.1(0.43 %),20600,472080000,8700,198275000,43648257,12.26
29/09/2023,-9700,-223505000,22.95(-0.65 %),1100,25330000,10800,248835000,43645457,12.26
02/10/2023,-2300,-52595000,22.85(-0.44 %),0,0,2300,52595000,43654157,12.25
03/10/2023,152400,3421340000,22.85(0.00 %),162200,3641510000,9800,220170000,43502757,12.38
04/10/2023,400,8995000,22.7(-0.66 %),800,18000000,400,9005000,43502357,12.38
05/10/2023,5000,114130000,22.7(0.00 %),5600,127810000,600,13680000,43508457,12.37
06/10/2023,4500,101900000,22.95(1.10 %),4500,101900000,0,0,43503957,12.38
09/10/2023,1800,40960000,23(0.22 %),2300,52385000,500,11425000,43502157,12.38
10/10/2023,50400,1183730000,23.6(2.61 %),50400,1183730000,0,0,43452257,12.42
11/10/2023,9700,217930000,24.65(4.45 %),50300,1223415000,40600,1005485000,43402457,12.46
12/10/2023,-41200,-1020270000,24.55(-0.41 %),1800,43950000,43000,1064220000,43400657,12.47
13/10/2023,-36200,-880450000,24.45(-0.41 %),2700,64820000,38900,945270000,43438557,12.43
16/10/2023,4400,106355000,24(-1.84 %),4400,106355000,0,0,43477157,12.4
17/10/2023,8300,196125000,23.1(-3.75 %),8600,203355000,300,7230000,43507457,12.38
18/10/2023,41200,936450000,22.5(-2.60 %),44400,1008590000,3200,72140000,43463057,12.41
19/10/2023,-1900,-43010000,22.2(-1.33 %),300,6690000,2200,49700000,43463143,12.41
20/10/2023,154900,3531415000,23.3(4.95 %),176000,4007650000,21100,476235000,43290343,12.56
23/10/2023,-12900,-295220000,22.75(-2.36 %),0,0,12900,295220000,43292543,12.56
24/10/2023,-3200,-72640000,22.95(0.88 %),0,0,3200,72640000,43295743,12.55
25/10/2023,-4600,-105520000,22.8(-0.65 %),0,0,4600,105520000,43313643,12.54
26/10/2023,-1600,-35600000,21.7(-4.82 %),200,4330000,1800,39930000,43329543,12.53
27/10/2023,-500,-10985000,22.2(2.30 %),0,0,500,10985000,43334143,12.52
30/10/2023,24700,548625000,22(-0.90 %),24700,548625000,0,0,43311243,12.54
31/10/2023,9300,195980000,21(-4.55 %),9500,200430000,200,4450000,43302243,12.55
01/11/2023,2800,58450000,21.8(3.81 %),2800,58450000,0,0,43299443,12.55
02/11/2023,2600,57560000,22.4(2.75 %),2600,57560000,0,0,43296843,12.55
03/11/2023,63500,1420300000,22.4(0.00 %),65000,1453870000,1500,33570000,43233343,12.61
06/11/2023,-6000,-133560000,22.25(-0.67 %),4000,89600000,10000,223160000,43239343,12.6
07/11/2023,600,13390000,21.8(-2.02 %),8000,176935000,7400,163545000,43238743,12.6
08/11/2023,5700,125650000,22.5(3.21 %),5700,125650000,0,0,43225843,12.61
09/11/2023,-3300,-74220000,22.5(0.00 %),200,4510000,3500,78730000,43233043,12.61
10/11/2023,73800,1664345000,22.55(0.22 %),74000,1668850000,200,4505000,43159043,12.67
13/11/2023,-800,-17840000,22.5(-0.22 %),0,0,800,17840000,43162543,12.67
14/11/2023,3100,70005000,22.8(1.33 %),3300,74525000,200,4520000,43156743,12.67
15/11/2023,6300,144705000,22.8(0.00 %),6300,144705000,0,0,43150443,12.68
16/11/2023,0,0,23(0.88 %),0,0,0,0,43150443,12.68
17/11/2023,-2200,-50380000,23.1(0.43 %),3600,82660000,5800,133040000,43147851,12.68
20/11/2023,2800,64240000,23.1(0.00 %),6100,140515000,3300,76275000,43141751,12.68
21/11/2023,9600,221490000,23.1(0.00 %),9600,221490000,0,0,43137951,12.69
22/11/2023,6300,145230000,23.05(-0.22 %),6400,147530000,100,2300000,43134851,12.69
23/11/2023,20000,463305000,23.05(0.00 %),20000,463305000,0,0,43114851,12.71
24/11/2023,4700,107735000,22.95(-0.43 %),6100,139840000,1400,32105000,43110151,12.71
27/11/2023,-1800,-40890000,22.9(-0.22 %),6200,142245000,8000,183135000,43111951,12.71
28/11/2023,36500,837945000,23(0.44 %),37200,853970000,700,16025000,43075451,12.74
29/11/2023,37000,853945000,23.15(0.65 %),37500,865445000,500,11500000,43038451,12.77
30/11/2023,-8900,-200095000,22.8(-1.51 %),13000,299620000,21900,499715000,43047351,12.76
01/12/2023,9900,225750000,23.1(1.32 %),10000,228030000,100,2280000,43025061,12.78
04/12/2023,-15900,-374570000,23.4(1.30 %),19100,449640000,35000,824210000,43040961,12.77
05/12/2023,148800,3523940000,23.7(1.28 %),152100,3601950000,3300,78010000,42892161,12.89
06/12/2023,10200,241590000,23.65(-0.21 %),10200,241590000,0,0,42881961,12.9
07/12/2023,126500,2985390000,23.7(0.21 %),126500,2985390000,0,0,42755461,13.01
08/12/2023,4600,108995000,23.65(-0.21 %),9600,227245000,5000,118250000,42750861,13.01
11/12/2023,-4300,-101380000,23.55(-0.42 %),6300,148005000,10600,249385000,42755161,13.01
12/12/2023,1700,39665000,23.3(-1.06 %),1800,42020000,100,2355000,42753461,13.01
13/12/2023,10100,234805000,23.1(-0.86 %),13100,304725000,3000,69920000,42743361,13.02
14/12/2023,6500,150435000,23.1(0.00 %),6500,150435000,0,0,42736861,13.02
15/12/2023,4200,99530000,23.8(3.03 %),14000,329870000,9800,230340000,42732661,13.03
18/12/2023,123000,2982660000,24.45(2.73 %),158500,3863855000,35500,881195000,42609661,13.13
19/12/2023,129000,3115290000,23.85(-2.45 %),138000,3333885000,9000,218595000,42480661,13.24
20/12/2023,53900,1293605000,24.2(1.47 %),53900,1293605000,0,0,42426761,13.29
21/12/2023,62400,1559570000,25.85(6.82 %),63200,1579950000,800,20380000,42364361,13.34
22/12/2023,43900,1162735000,26.9(4.06 %),93200,2471855000,49300,1309120000,42320461,13.37
25/12/2023,268700,7280590000,27.25(1.30 %),268800,7283320000,100,2730000,42051761,13.6
26/12/2023,82000,2208195000,26.85(-1.47 %),82000,2208195000,0,0,41969761,13.67
27/12/2023,4300,116335000,27(0.56 %),18200,490635000,13900,374300000,41965461,13.67
28/12/2023,12000,321310000,26.6(0.38 %),12000,321310000,0,0,41953461,13.68
29/12/2023,-9400,-257030000,26.5(-0.38 %),2700,72005000,12100,329035000,41962861,13.68
02/01/2024,29800,799670000,27.65(4.34 %),33200,890355000,3400,90685000,41930070,13.7
03/01/2024,8200,224360000,27.4(-0.90 %),9700,265785000,1500,41425000,41955071,13.68
04/01/2024,7900,216495000,27.05(-1.28 %),21800,597275000,13900,380780000,41947171,13.69
05/01/2024,-136000,-3674175000,27.2(0.55 %),14000,375725000,150000,4049900000,42083171,13.57
08/01/2024,28100,757825000,26.85(-1.29 %),28200,760525000,100,2700000,42055071,13.6
09/01/2024,42300,1144585000,27.1(0.93 %),44300,1198985000,2000,54400000,41992972,13.65
10/01/2024,-269600,-7504110000,27.35(0.92 %),30700,849005000,300300,8353115000,41962372,13.68
11/01/2024,11500,313175000,27.15(-0.73 %),11500,313175000,0,0,41952870,13.68
12/01/2024,45700,1193525000,26.75(-1.47 %),51300,1343325000,5600,149800000,42191971,13.48
15/01/2024,233300,6304140000,27.15(1.50 %),233300,6304140000,0,0,41968572,13.67
16/01/2024,4400,118880000,27.2(0.18 %),4400,118880000,0,0,41969772,13.67
17/01/2024,53800,1456740000,27.3(0.37 %),53800,1456740000,0,0,41915972,13.71
18/01/2024,33900,927000000,27.95(2.38 %),37600,1031130000,3700,104130000,41866571,13.76
19/01/2024,-235000,-6531840000,28(0.18 %),86000,2392370000,321000,8924210000,42101571,13.56
22/01/2024,-12200,-335320000,27.8(-0.71 %),32000,884235000,44200,1219555000,42113771,13.55
23/01/2024,22900,626590000,27.3(-1.80 %),25000,684310000,2100,57720000,42090871,13.57
24/01/2024,-176300,-4828575000,27.8(1.83 %),36700,1005375000,213000,5833950000,42267171,13.42
25/01/2024,-163100,-4450095000,27.75(-0.18 %),40700,1110645000,203800,5560740000,42430271,13.28
26/01/2024,-310900,-8985715000,29.65(6.85 %),121300,3478775000,432200,12464490000,42741171,13.02
29/01/2024,-518600,-15428940000,29.8(0.51 %),16700,497620000,535300,15926560000,42307772,13.39
30/01/2024,42300,1237305000,31.85(6.88 %),393100,12124150000,350800,10886845000,42346870,13.35
31/01/2024,-123400,-3931330000,32(0.47 %),190700,6048440000,314100,9979770000,42691570,13.06
01/02/2024,-201100,-6411545000,31.6(-1.25 %),36500,1161670000,237600,7573215000,42691570,13.06
02/02/2024,-241400,-7695570000,31.5(-0.32 %),38100,1213705000,279500,8909275000,43005870,12.8
05/02/2024,-10600,-338120000,30.8(-2.22 %),39800,1244750000,50400,1582870000,42907070,12.88
06/02/2024,59339,1832481800,30.7(-0.32 %),76800,2378565000,17461,546083200,43682370,12.23
07/02/2024,-86700,-2720810000,31.5(2.61 %),39600,1237335000,126300,3958145000,43693170,12.22
15/02/2024,-212700,-6795020000,32(1.59 %),101800,3254260000,314500,10049280000,43608830,12.29
16/02/2024,-123200,-3952070000,32(0.00 %),200,6450000,123400,3958520000,43734932,12.18
19/02/2024,19600,622365000,31.65(-1.09 %),56100,1780450000,36500,1158085000,43993332,11.97
20/02/2024,-79800,-2518880000,31.6(-0.16 %),23000,732310000,102800,3251190000,44093732,11.88
21/02/2024,71900,2401850000,32.95(4.27 %),344100,11228965000,272200,8827115000,43786132,12.14
22/02/2024,-249000,-8131865000,32.45(-1.52 %),55200,1803250000,304200,9935115000,43786132,12.14
23/02/2024,-246300,-7889210000,32(-1.39 %),35900,1154820000,282200,9044030000,43753931,12.17
26/02/2024,-152000,-4843805000,32.3(0.94 %),38700,1230560000,190700,6074365000,44335532,11.68
27/02/2024,-141300,-4653245000,32.95(2.01 %),29500,972900000,170800,5626145000,44047231,11.92
28/02/2024,81500,2628445000,32.4(-1.67 %),118300,3825405000,36800,1196960000,43965731,11.99
29/02/2024,114900,3700915000,32.8(1.23 %),135000,4353285000,20100,652370000,44696430,11.37
01/03/2024,-15000,-495370000,32.7(-0.30 %),9400,308235000,24400,803605000,44687031,11.38
04/03/2024,-72900,-2379080000,32.55(-0.46 %),300,9795000,73200,2388875000,44759931,11.32
05/03/2024,-21600,-697995000,32.5(-0.15 %),0,0,21600,697995000,44768030,11.31
06/03/2024,9700,312890000,32(-1.54 %),16700,541010000,7000,228120000,44771831,11.31
07/03/2024,17300,552865000,32.45(1.25 %),17600,562600000,300,9735000,44754531,11.33
08/03/2024,945300,31554980000,34.3(5.70 %),949100,31682100000,3800,127120000,43809231,12.12
11/03/2024,109800,3765020000,33.9(-1.17 %),321900,11018065000,212100,7253045000,43699431,12.21
12/03/2024,-197600,-6751885000,33.45(-1.33 %),25200,862170000,222800,7614055000,43541230,12.35
13/03/2024,-772400,-25673290000,34(1.64 %),154300,5171400000,926700,30844690000,43599031,12.3
14/03/2024,64400,2200045000,33.8(-0.59 %),272100,9248575000,207700,7048530000,43534631,12.35
15/03/2024,348900,11959635000,34.25(1.33 %),534500,18282240000,185600,6322605000,43185731,12.65
18/03/2024,19000,616130000,32.9(-3.94 %),33300,1102150000,14300,486020000,44116332,11.86
19/03/2024,-20400,-680485000,32.5(-1.22 %),51700,1684695000,72100,2365180000,44250324,11.75
20/03/2024,-173800,-5567390000,32.65(0.46 %),30400,975185000,204200,6542575000,43360931,12.5
21/03/2024,-47200,-1551225000,33(1.07 %),18600,605210000,65800,2156435000,43408131,12.46
22/03/2024,5900,188095000,32.35(-1.97 %),17100,556050000,11200,367955000,43402231,12.46
25/03/2024,107800,3422640000,31.9(-1.39 %),151900,4840190000,44100,1417550000,44388724,11.63
26/03/2024,57300,1876710000,32.8(2.82 %),122700,3982520000,65400,2105810000,43069231,12.74
27/03/2024,144600,4718540000,32.6(-0.61 %),202300,6598970000,57700,1880430000,44119024,11.86
28/03/2024,-5800,-181770000,32.5(-0.31 %),17300,562915000,23100,744685000,44167124,11.82
29/03/2024,715500,24022220000,33.5(3.08 %),773800,25976755000,58300,1954535000,43451024,12.42
01/04/2024,-81900,-2736300000,33.5(0.00 %),30900,1032885000,112800,3769185000,43443224,12.43
02/04/2024,-140300,-4878995000,35.8(6.87 %),23500,812630000,163800,5691625000,43591323,12.3
03/04/2024,-340300,-12043150000,34.65(-3.21 %),43100,1516955000,383400,13560105000,43547724,12.34
04/04/2024,-61800,-2163245000,34.1(-1.59 %),158500,5436355000,220300,7599600000,43993423,11.97
05/04/2024,-112900,-3929655000,31.75(-6.89 %),407900,13167900000,520800,17097555000,43528520,12.36
08/04/2024,364200,11140670000,30.3(-4.57 %),506000,15509065000,141800,4368395000,43742123,12.18
09/04/2024,-259700,-7895945000,30.95(2.15 %),147600,4470935000,407300,12366880000,44001823,11.96
10/04/2024,3000,68610000,30.1(-2.75 %),40200,1215780000,37200,1147170000,43998823,11.96
11/04/2024,93100,2760335000,30.45(1.16 %),200400,5982130000,107300,3221795000,43924520,12.02
12/04/2024,49900,1520385000,30.8(1.15 %),97000,2956050000,47100,1435665000,43864720,12.07
15/04/2024,151300,4317965000,28.8(-6.49 %),343600,10147490000,192300,5829525000,43704523,12.21
16/04/2024,405000,11684505000,29.65(2.95 %),567100,16423975000,162100,4739470000,43299523,12.55
17/04/2024,91100,2694370000,29.35(-1.01 %),139700,4135360000,48600,1440990000,43613423,12.29
19/04/2024,125500,3652550000,29(-1.19 %),230600,6651040000,105100,2998490000,43487923,12.39
22/04/2024,-46100,-1352085000,29.25(0.86 %),41200,1203220000,87300,2555305000,43099920,12.72
23/04/2024,-72300,-2086450000,29.05(-0.68 %),22500,652010000,94800,2738460000,43182520,12.65
24/04/2024,101900,3042645000,30.05(3.44 %),139600,4160770000,37700,1118125000,43504423,12.38
25/04/2024,-96200,-2857470000,29.7(-1.16 %),1100,32475000,97300,2889945000,43600623,12.3
26/04/2024,32200,949500000,29.45(-0.84 %),57300,1689025000,25100,739525000,43204320,12.63
02/05/2024,-28400,-842895000,30.05(2.04 %),14700,436180000,43100,1279075000,43286920,12.56
03/05/2024,112600,3407225000,30.2(0.50 %),149700,4532490000,37100,1125265000,43162320,12.67
06/05/2024,129000,4059725000,31.45(4.14 %),193300,6062390000,64300,2002665000,43012120,12.79
07/05/2024,5800,203430000,32(1.75 %),79300,2520190000,73500,2316760000,42969920,12.83
08/05/2024,34400,1115205000,32.2(0.62 %),106800,3422735000,72400,2307530000,42927424,12.86
09/05/2024,-17100,-570855000,31.9(-0.93 %),93300,2973470000,110400,3544325000,42907624,12.88
10/05/2024,54800,1736890000,31.9(0.00 %),88200,2790590000,33400,1053700000,42891824,12.89
13/05/2024,-56900,-1821515000,32(0.31 %),13400,428615000,70300,2250130000,42988824,12.81
14/05/2024,-44100,-1436350000,32.9(2.81 %),52600,1708975000,96700,3145325000,42985822,12.81
15/05/2024,-700,-3550000,33.7(2.43 %),86000,2859965000,86700,2863515000,42986522,12.81
16/05/2024,-74400,-2514590000,33.5(-0.59 %),13400,447730000,87800,2962320000,43060922,12.75
17/05/2024,-51300,-1712420000,33.4(-0.30 %),17800,596755000,69100,2309175000,43106120,12.71
20/05/2024,-50300,-1696735000,33.5(0.30 %),46900,1571875000,97200,3268610000,43147024,12.68
21/05/2024,25300,849500000,34.1(1.79 %),84800,2839115000,59500,1989615000,43131320,12.69
22/05/2024,-49900,-1774480000,33.65(-1.32 %),105000,3530540000,154900,5305020000,43123520,12.7
23/05/2024,90500,3036480000,33.6(-0.15 %),140500,4711475000,50000,1674995000,43042520,12.77
24/05/2024,6400,162010000,33.4(-0.60 %),98300,3309535000,91900,3147525000,43015822,12.79
27/05/2024,5700,192045000,34(1.80 %),41100,1393355000,35400,1201310000,43108024,12.71
28/05/2024,-139400,-4719175000,33.9(-0.29 %),12700,430665000,152100,5149840000,43187224,12.64
29/05/2024,-62000,-2099560000,33.5(-1.18 %),62100,2104945000,124100,4204505000,43160520,12.67
30/05/2024,-146900,-4840385000,33.95(1.34 %),145200,4781490000,292100,9621875000,43167424,12.66
31/05/2024,56900,1906225000,33.45(-1.47 %),62600,2098705000,5700,192480000,43228980,12.61
03/06/2024,193300,6637015000,34.8(4.04 %),295200,10110685000,101900,3473670000,43228981,12.61
04/06/2024,426800,15045495000,35.4(1.72 %),475800,16772080000,49000,1726585000,42802181,12.97
05/06/2024,-32700,-1147180000,35.3(-0.28 %),28900,1018785000,61600,2165965000,42834881,12.94
06/06/2024,-111566,-3879355650,35.1(-0.57 %),13900,484110000,125466,4363465650,42863881,12.92
07/06/2024,-115300,-4034870000,35.1(0.00 %),4900,171545000,120200,4206415000,42920581,12.87
10/06/2024,-245600,-8581925000,35.35(2.76 %),49900,1747855000,295500,10329780000,43166181,12.66
11/06/2024,-2100,-73010000,35.1(-0.71 %),23800,836140000,25900,909150000,42863881,12.92
12/06/2024,-17100,-594825000,35.1(0.00 %),16900,587845000,34000,1182670000,43371147,12.49
13/06/2024,0,0,34.85(-0.71 %),0,0,0,0,43377547,12.48
14/06/2024,103200,3516690000,34.2(-1.87 %),161500,5528310000,58300,2011620000,43250047,12.59
17/06/2024,-48600,-1630015000,33.3(-2.63 %),22500,753360000,71100,2383375000,43284147,12.56
18/06/2024,76840,2582330000,33.8(1.50 %),86500,2907385000,9660,325055000,43255947,12.59
19/06/2024,-8100,-272570000,33.8(0.00 %),1500,50475000,9600,323045000,43325547,12.53
20/06/2024,-40300,-1361125000,34(0.59 %),20100,683710000,60400,2044835000,43315107,12.54
21/06/2024,-39600,-1351270000,34.35(1.03 %),34700,1187960000,74300,2539230000,43290007,12.56
24/06/2024,30200,1048755000,34.95(1.75 %),72100,2508860000,41900,1460105000,43278307,12.57
25/06/2024,-17000,-605920000,35(0.14 %),63800,2222285000,80800,2828205000,43288807,12.56
26/06/2024,360400,13275200000,37.45(7.00 %),644600,23901545000,284200,10626345000,42686107,13.07
27/06/2024,-67350,-2556920000,36.6(-2.27 %),145200,5443020000,212550,7999940000,42621707,13.12
28/06/2024,214900,7543715000,34.05(-6.97 %),501000,17754150000,286100,10210435000,42404907,13.3
04/07/2024,-295000,-10459740000,36(2.86 %),6500,231460000,301500,10691200000,42983557,0.0
05/07/2024,-76400,-2736895000,36(0.00 %),75100,2685565000,151500,5422460000,43059957,0.0
08/07/2024,-158400,-5725755000,36.25(0.69 %),40900,1475845000,199300,7201600000,43218357,0.0
09/07/2024,-17600,-637865000,36.5(0.69 %),44300,1627630000,61900,2265495000,43235957,0.0
10/07/2024,-70400,-2577595000,36(-1.37 %),11500,413290000,81900,2990885000,43306357,0.0
11/07/2024,-131400,-4641455000,36(0.00 %),42800,1531645000,174200,6173100000,43437757,0.0
12/07/2024,99800,3573070000,35.8(-0.56 %),139600,4993460000,39800,1420390000,43337957,0.0
15/07/2024,9500,343440000,36.5(1.96 %),77100,2810370000,67600,2466930000,43328457,0.0
16/07/2024,-32700,-1193265000,36.2(-0.82 %),8100,289355000,40800,1482620000,43361157,0.0
17/07/2024,-158400,-5663640000,33.85(-6.49 %),76100,2642760000,234500,8306400000,43519557,0.0
18/07/2024,58700,2031020000,35.5(4.87 %),120900,4180645000,62200,2149625000,43460857,0.0
19/07/2024,28800,1012605000,35.4(-0.28 %),37500,1321240000,8700,308635000,43432057,0.0
22/07/2024,28900,978985000,34.35(-2.97 %),60100,2061920000,31200,1082935000,43403157,0.0
23/07/2024,-100200,-3389330000,34(-1.02 %),40000,1355410000,140200,4744740000,43503357,0.0
24/07/2024,43700,1466710000,34.35(1.03 %),52800,1770150000,9100,303440000,43459657,0.0
25/07/2024,-18200,-609460000,34.45(0.29 %),21100,724130000,39300,1333590000,43477857,0.0
26/07/2024,17600,606385000,34.5(0.15 %),25300,871835000,7700,265450000,43460257,0.0
29/07/2024,-34300,-1181470000,34.75(0.72 %),17700,613630000,52000,1795100000,43494557,0.0
30/07/2024,-34300,-1181470000,35(0.72 %),17700,613630000,52000,1795100000,43528857,0.0
31/07/2024,16700,581485000,34.9(-0.29 %),19200,667805000,2500,86320000,43512157,0.0
01/08/2024,27900,905300000,33.8(-3.15 %),64600,2150580000,36700,1245280000,44312965,0.0
02/08/2024,-54800,-1792645000,33.9(0.30 %),31500,1066725000,86300,2859370000,44367765,0.0
05/08/2024,-16200,-551625000,31.85(-6.05 %),20000,637000000,36200,1188625000,44383965,0.0
06/08/2024,-11000,-339200000,32.3(1.41 %),23900,770660000,34900,1109860000,44394965,0.0
07/08/2024,-700,-22670000,32.1(-0.62 %),9700,311945000,10400,334615000,44395665,0.0
08/08/2024,-51000,-1626805000,32(-0.31 %),30300,965045000,81300,2591850000,44446665,0.0
09/08/2024,11800,378805000,32.95(2.97 %),17200,554700000,5400,175895000,44434865,0.0
12/08/2024,10900,362750000,33.5(1.67 %),21400,713775000,10500,351025000,44423965,0.0
13/08/2024,-49500,-1640995000,33.6(0.30 %),21000,705100000,70500,2346095000,44473465,0.0
14/08/2024,22600,757650000,33.55(-0.15 %),27000,905150000,4400,147500000,44450865,0.0
15/08/2024,68600,2250535000,33.55(0.00 %),96900,3184485000,28300,933950000,44382265,0.0
16/08/2024,85000,2895375000,34.1(1.64 %),123100,4181915000,38100,1286540000,44297265,0.0
19/08/2024,-37400,-1272715000,33.9(-0.59 %),0,0,37400,1272715000,44334665,0.0
20/08/2024,-60700,-2048085000,34.05(0.44 %),31300,1063490000,92000,3111575000,44395365,0.0
21/08/2024,29600,1018975000,34.45(1.17 %),32700,1125950000,3100,106975000,44365765,0.0
22/08/2024,-30800,-1055930000,34.1(-1.02 %),15900,542850000,46700,1598780000,44396565,0.0
23/08/2024,-50400,-1706820000,33.65(-1.32 %),13100,443340000,63500,2150160000,44446965,0.0
26/08/2024,-23800,-800685000,33.5(-0.45 %),10000,335000000,33800,1135685000,44470765,0.0
27/08/2024,-10000,-337315000,33.6(0.30 %),0,0,10000,337315000,44480765,0.0
28/08/2024,18000,606305000,34.15(1.64 %),27600,933555000,9600,327250000,44462765,0.0
29/08/2024,9600,327960000,34.15(0.00 %),10000,341500000,400,13540000,44453165,0.0
30/08/2024,7300,251780000,34(-0.44 %),30100,1023370000,22800,771590000,44445865,0.0
04/09/2024,-300,-10075000,33.5(-1.47 %),11600,388430000,11900,398505000,44417065,0.0
05/09/2024,-6400,-221840000,33(-1.49 %),40500,1336700000,46900,1558540000,44423465,0.0
06/09/2024,-3700,-112140000,33.4(1.21 %),45000,1488750000,48700,1600890000,44427165,0.0
09/09/2024,40400,1330925000,33.1(-0.90 %),43500,1433745000,3100,102820000,44386765,0.0
10/09/2024,-5300,-175525000,32.7(-1.21 %),20000,654000000,25300,829525000,44392065,0.0
11/09/2024,-34000,-1097290000,32.2(-1.53 %),0,0,34000,1097290000,44426065,0.0
12/09/2024,-38600,-1247195000,32.45(0.78 %),5400,174550000,44000,1421745000,44464665,0.0
13/09/2024,-44000,-1424900000,32.5(0.15 %),10000,325000000,54000,1749900000,44508665,0.0
16/09/2024,39600,1270745000,32(-1.54 %),69600,2234200000,30000,963455000,44469065,0.0
17/09/2024,-16700,-539005000,32.3(0.94 %),3300,105995000,20000,645000000,44485765,0.0
18/09/2024,1400,46305000,32.3(0.00 %),17400,563200000,16000,516895000,44484365,0.0
19/09/2024,-60500,-1940100000,32.1(-0.62 %),2000,64000000,62500,2004100000,44544865,0.0
20/09/2024,-74500,-2407765000,32.1(0.00 %),500,16150000,75000,2423915000,44619365,0.0
23/09/2024,-32400,-1036610000,31.8(-0.93 %),1200,38290000,33600,1074900000,44651765,0.0
24/09/2024,-51500,-1629620000,31.45(-1.10 %),0,0,51500,1629620000,44703265,0.0
25/09/2024,-35000,-1109795000,31.85(1.27 %),25600,814370000,60600,1924165000,44738265,0.0
26/09/2024,-94700,-3036520000,31.85(0.00 %),13300,430575000,108000,3467095000,44832965,0.0
27/09/2024,-37600,-1196595000,31.7(-0.47 %),0,0,37600,1196595000,44870565,0.0
30/09/2024,-73100,-2307775000,31.6(-0.32 %),0,0,73100,2307775000,44943665,0.0
01/10/2024,-196900,-6252820000,31.55(-0.16 %),9400,296570000,206300,6549390000,44856485,0.0
02/10/2024,-25500,-799950000,31.25(-0.95 %),12800,402150000,38300,1202100000,44881985,0.0
03/10/2024,-176100,-5238915000,29.55(-5.44 %),132900,3945500000,309000,9184415000,45058085,0.0
04/10/2024,-388100,-11358990000,29.15(-1.35 %),52200,1522975000,440300,12881965000,45446185,0.0
07/10/2024,-182200,-5298530000,29.05(-0.34 %),6600,192440000,188800,5490970000,45628385,0.0
08/10/2024,-193900,-5641930000,29(-0.17 %),1000,29100000,194900,5671030000,45822285,0.0
09/10/2024,14600,429640000,29.4(1.38 %),18100,532255000,3500,102615000,45807685,0.0
10/10/2024,-125500,-3656445000,29.05(-1.19 %),100,2915000,125600,3659360000,45933185,0.0
11/10/2024,-50400,-1464330000,29.15(0.34 %),700,20410000,51100,1484740000,45983585,0.0
14/10/2024,2400,66625000,29(-0.51 %),11700,339715000,9300,273090000,45981185,0.0
15/10/2024,60800,1757120000,28.9(-0.34 %),60800,1757120000,0,0,45920385,0.0
16/10/2024,-8400,-269065000,29.65(2.60 %),24100,718420000,32500,987485000,45928785,0.0
17/10/2024,50200,1480870000,29.5(-0.51 %),50200,1480870000,0,0,45878585,0.0
18/10/2024,45500,1337750000,29.2(-1.02 %),45500,1337750000,0,0,45833085,0.0
21/10/2024,-5300,-153925000,28.7(-1.71 %),3900,113440000,9200,267365000,45838385,0.0
22/10/2024,-30900,-906165000,28.9(0.70 %),23900,693015000,54800,1599180000,45869285,0.0
23/10/2024,-11600,-338665000,29.2(1.04 %),1200,35050000,12800,373715000,45880885,0.0
24/10/2024,-208400,-6007230000,28.6(-2.05 %),200,5750000,208600,6012980000,46089285,0.0
25/10/2024,7900,212705000,28.1(-1.75 %),35600,1003920000,27700,791215000,46081385,0.0
28/10/2024,-6800,-193980000,28.1(0.00 %),13100,366800000,19900,560780000,46088185,0.0
29/10/2024,74000,2099840000,28.45(1.25 %),74000,2099840000,0,0,46014185,0.0
30/10/2024,-175000,-4967745000,28.2(-0.88 %),2800,79670000,177800,5047415000,46189185,0.0
31/10/2024,3100,87930000,28.3(0.35 %),3100,87930000,0,0,46186085,0.0
01/11/2024,-12000,-338675000,28.1(-0.71 %),1200,33925000,13200,372600000,46315885,0.0
04/11/2024,-17700,-495890000,28.1(0.00 %),800,22400000,18500,518290000,46333585,0.0
05/11/2024,-106000,-2965315000,27.9(-0.71 %),1600,44855000,107600,3010170000,46439585,0.0
06/11/2024,73500,2053765000,28.4(1.79 %),106400,2986225000,32900,932460000,46366085,0.0
07/11/2024,-83200,-2362990000,28.35(-0.18 %),21300,608565000,104500,2971555000,46449285,0.0
08/11/2024,-120100,-3386080000,28.15(-0.71 %),2200,62040000,122300,3448120000,46569385,0.0
11/11/2024,-281300,-7923780000,28.25(0.36 %),0,0,281300,7923780000,46850685,0.0
12/11/2024,-82700,-2324560000,28.1(-0.53 %),39300,1115475000,122000,3440035000,47170532,9.29
13/11/2024,-110300,-3078495000,28(-0.36 %),100,2800000,110400,3081295000,47043685,0.0
14/11/2024,2600,72490000,27.2(-2.86 %),2900,80830000,300,8340000,47041085,0.0
15/11/2024,-80100,-2154595000,27(-0.74 %),4200,112140000,84300,2266735000,47121185,0.0
18/11/2024,46400,1246730000,26.9(-0.37 %),48400,1300595000,2000,53865000,47074785,0.0
19/11/2024,-1600,-42835000,26.8(-0.37 %),1300,34875000,2900,77710000,47076385,0.0
20/11/2024,-70400,-1880865000,26.8(0.00 %),46600,1251290000,117000,3132155000,47146785,0.0
21/11/2024,113200,3091650000,27.45(2.43 %),113500,3099735000,300,8085000,47033585,0.0
22/11/2024,147600,4119060000,28.15(2.55 %),156200,4357315000,8600,238255000,46885985,0.0
25/11/2024,-15700,-441405000,28.1(-0.18 %),0,0,15700,441405000,47067185,9.38
26/11/2024,-21100,-593925000,28.15(0.18 %),1500,42000000,22600,635925000,47074285,9.37
27/11/2024,-111300,-3199785000,28.45(1.07 %),16700,475820000,128000,3675605000,47073285,9.37
28/11/2024,-68300,-1955335000,28.6(0.53 %),0,0,68300,1955335000,47095885,9.35
29/11/2024,-25700,-731025000,28.55(-0.17 %),0,0,25700,731025000,47223885,9.25
02/12/2024,1500,40385000,28.25(-1.05 %),31800,900330000,30300,859945000,47260385,9.22
03/12/2024,23300,658150000,28.4(0.53 %),37500,1059020000,14200,400870000,47248585,9.23
04/12/2024,14700,413035000,28.05(-1.23 %),39700,1119120000,25000,706085000,47239185,9.23
05/12/2024,13400,385495000,28.5(1.60 %),167000,4738055000,153600,4352560000,47086432,9.36
09/12/2024,1900,52070000,29(0.35 %),49000,1416100000,47100,1364030000,47102632,9.35
10/12/2024,-59700,-1721885000,28.75(-0.86 %),10500,302865000,70200,2024750000,47125332,9.33
16/12/2024,-12400,-359150000,29.1(0.34 %),16000,464000000,28400,823150000,47344732,9.15
17/12/2024,-43200,-1286405000,29.6(1.72 %),17900,526865000,61100,1813270000,47350532,9.14
18/12/2024,-23600,-697820000,29.5(-0.34 %),0,0,23600,697820000,47378932,9.12
19/12/2024,-8500,-246470000,29(0.00 %),0,0,8500,246470000,47440032,9.06
20/12/2024,85100,2490605000,29.45(1.55 %),85800,2510835000,700,20230000,47377832,9.12
24/12/2024,0,0,30.15(-0.50 %),0,0,0,0,47376132,9.12
25/12/2024,-30900,-927615000,29.7(-1.49 %),0,0,30900,927615000,47416032,9.09
26/12/2024,-28900,-856990000,29.5(-0.67 %),0,0,28900,856990000,47528432,8.99
27/12/2024,-15400,-451510000,29.2(-1.02 %),0,0,15400,451510000,47559332,8.96
30/12/2024,21800,626060000,28.6(-2.05 %),21800,626060000,0,0,47566432,8.96
31/12/2024,17000,486365000,28.5(-0.35 %),17000,486365000,0,0,47564832,8.96
02/01/2025,-38700,-1104045000,28.6(0.35 %),19500,557270000,58200,1661315000,47545332,8.98
03/01/2025,-26700,-765500000,28.35(-0.87 %),1100,31515000,27800,797015000,47544232,8.98
06/01/2025,24400,673670000,27.9(-1.59 %),56200,1571915000,31800,898245000,47546232,8.98
07/01/2025,-57700,-1597380000,27.55(-1.25 %),8400,231030000,66100,1828410000,47546232,8.98
08/01/2025,-53400,-1462110000,27.85(1.09 %),800,22030000,54200,1484140000,47596633,8.93
09/01/2025,-3400,-95690000,27.6(-0.90 %),3000,82800000,6400,178490000,47659733,8.88
10/01/2025,-27000,-744170000,27.4(-0.72 %),100,2705000,27100,746875000,47713833,8.83
13/01/2025,-8000,-215995000,27.3(-0.36 %),100,2705000,8100,218700000,47720133,8.83
14/01/2025,-600,-16630000,27.5(0.73 %),0,0,600,16630000,47747233,8.81
15/01/2025,-46500,-1285985000,27.8(1.09 %),1800,49500000,48300,1335485000,47753533,8.8
16/01/2025,0,0,27.8(0.00 %),0,0,0,0,47753533,0.0
17/01/2025,-5700,-158815000,27.95(0.54 %),300,8385000,6000,167200000,47802133,8.76
20/01/2025,4100,115095000,27.8(-0.54 %),5800,162400000,1700,47305000,47796333,8.76
21/01/2025,-2000,-55920000,27.8(0.00 %),0,0,2000,55920000,47802393,8.76
22/01/2025,-700,-19330000,27.2(-2.16 %),0,0,700,19330000,47804180,8.76
23/01/2025,-1400,-38270000,27.45(0.92 %),0,0,1400,38270000,47806180,8.76
24/01/2025,1200,32875000,27.75(1.09 %),1700,46750000,500,13875000,47805180,8.76
03/02/2025,-6500,-180505000,0(0.00 %),800,22020000,7300,202525000,47805780,8.76
04/02/2025,31000,865585000,27.95(0.90 %),31400,876725000,400,11140000,47774880,8.78
05/02/2025,0,-5000,28.05(0.36 %),1500,42120000,1500,42125000,47780680,8.78
06/02/2025,92100,2635365000,28.95(3.21 %),93600,2678085000,1500,42720000,47687480,8.86
07/02/2025,-30300,-879175000,28.75(-0.69 %),0,0,30300,879175000,47688980,8.86
10/02/2025,-400,-11750000,28.15(-2.09 %),500,14125000,900,25875000,47689980,8.85
11/02/2025,-66700,-1869010000,28.15(0.00 %),0,0,66700,1869010000,47720280,8.83
12/02/2025,-25300,-709540000,28(-0.53 %),0,0,25300,709540000,47721180,8.83
13/02/2025,60300,1704365000,28.3(1.07 %),62500,1766425000,2200,62060000,47725380,8.82
14/02/2025,40400,1150900000,28.4(0.35 %),41000,1168065000,600,17165000,47709740,8.84
17/02/2025,11100,320425000,28.45(0.18 %),13200,381015000,2100,60590000,47698740,8.85
18/02/2025,-61600,-1757845000,28.75(1.05 %),1000,28450000,62600,1786295000,47698340,8.85
19/02/2025,-33500,-962845000,28.7(-0.17 %),0,0,33500,962845000,47700440,8.85
20/02/2025,70900,2063730000,29.05(1.22 %),179400,5239570000,108500,3175840000,47583640,8.94
21/02/2025,-29200,-842045000,28.75(-1.03 %),0,0,29200,842045000,47617140,8.92
24/02/2025,1200,34020000,28.6(-0.52 %),1200,34020000,0,0,47724440,8.83
25/02/2025,-89900,-2572905000,28.65(0.17 %),0,0,89900,2572905000,47753640,8.8
26/02/2025,-62600,-1784460000,28.45(-0.70 %),29700,852440000,92300,2636900000,47723940,8.83
27/02/2025,-5100,-144290000,28.3(-0.53 %),0,0,5100,144290000,47813840,8.75
28/02/2025,-4400,-125055000,28.2(-0.35 %),1700,48195000,6100,173250000,47904440,8.67
03/03/2025,-157000,-4391695000,27.7(-1.77 %),0,0,157000,4391695000,47909540,8.67
04/03/2025,2600,71800000,27.85(0.54 %),3800,105260000,1200,33460000,47911840,8.67
05/03/2025,-2100,-58380000,27.55(-1.08 %),0,0,2100,58380000,48068840,8.54
06/03/2025,-3000,-82340000,27.45(-0.36 %),0,0,3000,82340000,48070050,8.53
07/03/2025,-900,-24570000,27.3(-0.55 %),0,0,900,24570000,48072150,8.53
10/03/2025,-700,-18940000,27(-1.10 %),0,0,700,18940000,48075150,8.53
11/03/2025,-400,-10900000,27.25(0.93 %),100,2700000,500,13600000,48075150,8.53
12/03/2025,-300,-8130000,27.15(-0.37 %),0,0,300,8130000,48076650,8.53
13/03/2025,-200,-5440000,26.85(-1.10 %),0,0,200,5440000,48077150,8.53
14/03/2025,-100,-2700000,26.75(-0.37 %),100,2680000,200,5380000,48077350,8.53
17/03/2025,-2200,-58960000,26.9(0.56 %),100,2680000,2300,61640000,48077450,8.53
18/03/2025,-100,-2690000,26.85(-0.19 %),0,0,100,2690000,48077650,8.53
19/03/2025,-26500,-708445000,26.65(-0.74 %),2500,66995000,29000,775440000,48077450,8.53
20/03/2025,-900,-23995000,26.5(-0.56 %),200,5315000,1100,29310000,48077370,8.53
21/03/2025,-1900,-50350000,26.45(-0.19 %),200,5300000,2100,55650000,48106170,8.5
24/03/2025,-11200,-295475000,26.3(-0.57 %),100,2640000,11300,298115000,48107170,8.5
25/03/2025,24000,636505000,27(2.66 %),25000,663355000,1000,26850000,48084270,8.52
26/03/2025,0,0,26.85(-0.56 %),0,0,0,0,48095670,8.51
27/03/2025,0,0,26.5(-1.30 %),0,0,0,0,48096670,8.51
28/03/2025,-42000,-1131085000,26.95(1.70 %),9500,256000000,51500,1387085000,48087170,8.52
31/03/2025,-57400,-1544200000,26.75(-0.74 %),0,0,57400,1544200000,48087170,8.52
01/04/2025,-400,-10695000,26.65(-0.37 %),0,0,400,10695000,48138670,8.48
02/04/2025,-9500,-253650000,26.65(0.00 %),0,0,9500,253650000,-10012306,8.43
03/04/2025,-11500,-285245000,24.8(-6.94 %),0,0,11500,285245000,-10011906,8.43
04/04/2025,0,0,23.1(-6.85 %),0,0,0,0,-10002406,8.42
08/04/2025,0,0,21.5(-6.93 %),0,0,0,0,-9990906,8.41
09/04/2025,-500,-10000000,20(-6.98 %),0,0,500,10000000,-9990906,8.41
10/04/2025,0,0,21.4(7.00 %),0,0,0,0,-9990906,8.41
11/04/2025,-108500,-2271625000,21.35(-0.23 %),0,0,108500,2271625000,-9990406,8.41
14/04/2025,-291500,-6254080000,21.3(-0.23 %),0,0,291500,6254080000,-9990406,8.41
15/04/2025,-247600,-5156515000,20.6(-3.29 %),0,0,247600,5156515000,-9881886,8.32
16/04/2025,-307100,-6169315000,19.5(-5.34 %),0,0,307100,6169315000,0,8.07
17/04/2025,-338000,-6346430000,19.05(-2.31 %),0,0,338000,6346430000,0,7.86
18/04/2025,-264100,-5148225000,19.6(2.89 %),0,0,264100,5148225000,0,7.61
21/04/2025,-301900,-5816455000,19(-3.06 %),0,0,301900,5816455000,0,7.32
22/04/2025,0,0,18.05(-5.00 %),0,0,0,0,-8433495,7.1
23/04/2025,-321600,-5785785000,18.2(0.83 %),0,0,321600,5785785000,-8131595,6.85
24/04/2025,-297300,-5536860000,18.85(3.57 %),0,0,297300,5536860000,-8131595,6.85
25/04/2025,-210800,-3990610000,18.85(0.00 %),0,0,210800,3990610000,-7809995,6.57
28/04/2025,-168700,-3185345000,18.8(-0.27 %),0,0,168700,3185345000,-7512695,6.32
29/04/2025,-41800,-790645000,18.8(0.00 %),0,0,41800,790645000,-7301895,6.15
05/05/2025,0,-1482395000,19.35(2.93 %),0,0,0,1482395000,-7133195,6.0
06/05/2025,0,0,19.85(2.58 %),0,0,0,0,-7091395,5.97
07/05/2025,0,0,20.3(2.27 %),0,0,0,0,-7013895,5.9
08/05/2025,-2000,-40900000,21(3.45 %),0,0,2000,40900000,-7013895,5.9
09/05/2025,0,0,21.15(0.71 %),0,0,0,0,-7013895,5.9
12/05/2025,0,0,21.15(0.00 %),0,0,0,0,-7011895,5.9
13/05/2025,-900,-18900000,21.1(-0.24 %),0,0,900,18900000,-7011895,5.9
14/05/2025,0,0,20.9(-0.95 %),0,0,0,0,-7011895,5.9
15/05/2025,0,0,20.9(0.00 %),0,0,0,0,-7010970,5.9
16/05/2025,0,0,20.65(-1.20 %),0,0,0,0,-7010970,5.9
19/05/2025,0,0,20.2(-2.18 %),0,0,0,0,-7010970,5.9
20/05/2025,0,-874800000,20.35(0.74 %),0,0,0,874800000,-7010970,5.9
21/05/2025,0,0,20.25(-0.49 %),0,0,0,0,-7010964,5.9
22/05/2025,0,0,19.9(-1.73 %),0,0,0,0,-6967764,5.87
23/05/2025,0,0,20.05(0.75 %),0,0,0,0,-6967764,5.87
26/05/2025,0,-1269965000,20.75(3.49 %),0,0,0,1269965000,0,5.87
27/05/2025,-208800,-4352540000,20.7(-0.24 %),0,0,208800,4352540000,0,5.87
28/05/2025,0,0,20.95(1.21 %),0,0,0,0,0,5.81
29/05/2025,0,0,21.25(1.43 %),0,0,0,0,-6696964,5.64
30/05/2025,0,-1265435000,20.9(-1.65 %),0,0,0,1265435000,-6696964,5.64
02/06/2025,0,-656074900,20.7(-0.96 %),0,0,0,656074900,-6696964,5.64
03/06/2025,0,-88085000,20.95(1.21 %),0,0,0,88085000,-6636764,5.59
04/06/2025,0,-4170000,20.95(0.00 %),0,0,0,4170000,-6605297,5.56
05/06/2025,0,0,22.15(5.73 %),0,0,0,0,-6601092,5.56
06/06/2025,0,0,21.5(-2.93 %),0,0,0,0,-6600892,5.56
09/06/2025,0,-1442895000,20.8(-3.26 %),0,0,0,1442895000,-6600892,5.56
10/06/2025,0,0,21.1(1.44 %),0,0,0,0,-6600892,5.56
11/06/2025,-112300,-2381490000,21(-0.47 %),0,0,112300,2381490000,-6532692,5.5
12/06/2025,0,0,21(0.00 %),0,0,0,0,-6532692,5.5
13/06/2025,-900,-18360000,20.15(-1.23 %),0,0,900,18360000,-6420303,5.4
16/06/2025,-3000,-60450000,20.45(1.49 %),0,0,3000,60450000,-6420303,5.4
17/06/2025,0,0,20.4(-0.24 %),0,0,0,0,-6419353,5.4
18/06/2025,-400,-8120000,20.35(-0.25 %),0,0,400,8120000,-6416353,5.4
19/06/2025,0,0,20.7(1.72 %),0,0,0,0,-6416353,5.4
20/06/2025,0,0,20.65(-0.24 %),0,0,0,0,-6415953,5.4
23/06/2025,0,0,21.05(1.94 %),0,0,0,0,-6415953,5.4
24/06/2025,0,0,21.2(0.71 %),0,0,0,0,-6415953,5.4
25/06/2025,0,0,21.1(-0.47 %),0,0,0,0,-6415953,5.4
26/06/2025,-1400,-30240000,21.6(2.37 %),0,0,1400,30240000,-6415953,5.4
27/06/2025,-154200,-3313265000,21.3(-1.39 %),0,0,154200,3313265000,-6415953,5.4
30/06/2025,0,0,22.05(3.52 %),0,0,0,0,-6414553,5.4
01/07/2025,0,0,21.7(-1.59 %),0,0,0,0,-6260353,5.27
02/07/2025,-182000,-3977930000,21.85(0.69 %),0,0,182000,3977930000,-6260353,5.27
03/07/2025,-358100,-7859675000,21.7(-0.69 %),0,0,358100,7859675000,-6260323,5.27
04/07/2025,-182000,-3938445000,21.6(-0.46 %),0,0,182000,3938445000,-6078323,5.12
07/07/2025,-155800,-3369420000,21.6(0.00 %),0,0,155800,3369420000,-5720223,4.82
08/07/2025,0,0,21.8(0.93 %),0,0,0,0,-5538223,4.66
09/07/2025,-388700,-8428035000,21.75(-0.23 %),0,0,388700,8428035000,-5382423,4.53
10/07/2025,-323000,-7038500000,21.85(0.46 %),0,0,323000,7038500000,-5382423,4.53
11/07/2025,-10200,-223380000,21.75(-0.46 %),0,0,10200,223380000,-4993675,4.2
14/07/2025,0,0,22.5(3.45 %),0,0,0,0,-4670675,3.93
15/07/2025,0,0,22.25(-1.11 %),0,0,0,0,-4660445,3.92
16/07/2025,-1300,-29445000,22.65(1.80 %),0,0,1300,29445000,-4660445,3.92
17/07/2025,0,0,22.7(0.22 %),0,0,0,0,-4660445,3.92
18/07/2025,-20000,-453555000,22.65(-0.22 %),0,0,20000,453555000,-4659145,3.92
21/07/2025,-108500,-2456600000,22.65(0.00 %),0,0,108500,2456600000,-4659145,3.92
22/07/2025,0,0,22.65(0.00 %),0,0,0,0,-4639134,3.91
23/07/2025,-190100,-3385195000,17.8(2.30 %),0,0,190100,3385195000,-4530634,3.81
24/07/2025,0,0,17.75(-0.28 %),0,0,0,0,-4530634,3.81
25/07/2025,0,0,17.75(0.00 %),0,0,0,0,-4340534,3.65
28/07/2025,-10000,-176500000,17.8(0.28 %),0,0,10000,176500000,-4340534,3.65
29/07/2025,-115000,-2026605000,17(-4.49 %),0,0,115000,2026605000,-4340534,3.65
30/07/2025,0,0,16.9(-0.59 %),0,0,0,0,-4330534,3.65
31/07/2025,0,0,16.85(-0.30 %),0,0,0,0,-4215534,3.55
01/08/2025,0,0,16.95(0.59 %),0,0,0,0,-4215534,3.55
04/08/2025,-1500,-25875000,17.25(1.77 %),0,0,1500,25875000,-4215534,3.55
05/08/2025,-61600,-1063250000,17.15(-0.58 %),0,0,61600,1063250000,-4215534,3.55
06/08/2025,0,0,17.15(0.00 %),0,0,0,0,-4214034,3.55
07/08/2025,0,0,17.1(-0.29 %),0,0,0,0,-4152364,3.5
08/08/2025,-7200,-123120000,17.15(0.29 %),0,0,7200,123120000,-4152364,3.5
11/08/2025,0,0,17.7(3.21 %),0,0,0,0,-4152364,3.5
12/08/2025,0,0,17.6(-0.56 %),0,0,0,0,-4145164,3.49
13/08/2025,0,0,17.5(-0.57 %),0,0,0,0,-4145164,3.49
14/08/2025,0,0,18.2(4.00 %),0,0,0,0,-4145164,3.49
15/08/2025,0,0,17.65(-3.02 %),0,0,0,0,-4145164,3.49
18/08/2025,0,0,17.6(-0.28 %),0,0,0,0,-4145164,3.49
19/08/2025,0,0,17.45(-0.85 %),0,0,0,0,-4145164,3.49
20/08/2025,0,0,17.4(-0.29 %),0,0,0,0,0,3.49
21/08/2025,0,0,17.35(-0.29 %),0,0,0,0,0,3.56
22/08/2025,0,0,16.95(-2.31 %),0,0,0,0,0,3.56
25/08/2025,0,0,16.95(0.00 %),0,0,0,0,-5504289,4.63
