Ngay,KLGDRong,GTDGRong,ThayDoi,KLMua,GtMua,KLBan,GtBan,RoomConLai,DangSoHuu
04/05/2010,0,0,0(0.00 %),0,0,0,0,122071000,0.17
05/05/2010,0,0,0(0.00 %),0,0,0,0,122071000,0.17
06/05/2010,0,0,0(0.00 %),0,0,0,0,122071000,0.17
07/05/2010,0,0,0(0.00 %),0,0,0,0,122071000,0.17
10/05/2010,500,17500000,0(0.00 %),500,17500000,0,0,122070500,0.17
11/05/2010,2000,71800000,0(0.00 %),2000,71800000,0,0,122068500,0.17
12/05/2010,67390,2250260000,0(0.00 %),67390,2250260000,0,0,122001110,0.2
13/05/2010,93570,3012161000,0(0.00 %),93570,3012161000,0,0,121907540,0.24
14/05/2010,2000,64800000,32.2(0.31 %),2000,64800000,0,0,121905540,0.24
17/05/2010,0,0,32.2(0.00 %),0,0,0,0,121905540,0.24
18/05/2010,0,0,32.6(1.24 %),0,0,0,0,121905540,0.24
19/05/2010,40,1280000,32(-1.84 %),40,1280000,0,0,121905500,0.24
20/05/2010,0,0,33(3.12 %),0,0,0,0,121905500,0.24
21/05/2010,5000,157000000,31.4(-4.85 %),5000,157000000,0,0,121900500,0.24
24/05/2010,0,0,30.4(-3.18 %),0,0,0,0,121900500,0.24
25/05/2010,0,0,30(-1.32 %),0,0,0,0,121900500,0.24
26/05/2010,0,0,31.5(5.00 %),0,0,0,0,121900500,0.24
27/05/2010,800,25520000,32(1.59 %),800,25520000,0,0,121899700,0.24
28/05/2010,7450,249120000,33.5(4.69 %),7450,249120000,0,0,121892250,0.24
31/05/2010,40,1320000,32.3(-3.58 %),40,1320000,0,0,121892210,0.24
01/06/2010,40,1296000,32.2(-0.31 %),40,1296000,0,0,121892170,0.24
02/06/2010,-800,-25600000,32.3(0.31 %),0,0,800,25600000,121892970,0.24
03/06/2010,40,1352000,33.9(4.95 %),40,1352000,0,0,121892930,0.24
04/06/2010,-50000,-1770000000,35.5(4.72 %),0,0,50000,1770000000,121942930,0.22
07/06/2010,5000,175000000,35(-1.41 %),5000,175000000,0,0,121937930,0.22
08/06/2010,0,0,34.5(-1.43 %),0,0,0,0,121937930,0.22
09/06/2010,-104000,-3597300000,34.8(0.87 %),0,0,104000,3597300000,122041930,0.18
10/06/2010,-12000,-417300000,34.8(0.00 %),1000,34800000,13000,452100000,122053930,0.18
11/06/2010,-22000,-788300000,36.3(4.31 %),0,0,22000,788300000,122075930,0.17
14/06/2010,-3000,-111300000,38.1(4.96 %),2000,76200000,5000,187500000,122078930,0.17
15/06/2010,-8380,-335410000,40(4.99 %),5620,221390000,14000,556800000,122087310,0.17
16/06/2010,-27100,-1132100000,41.7(4.25 %),2900,118900000,30000,1251000000,122114410,0.15
17/06/2010,-45500,-1811450000,39.7(-4.80 %),500,19850000,46000,1831300000,122159910,0.14
18/06/2010,-7000,-278200000,39.5(-0.50 %),0,0,7000,278200000,122166910,0.13
21/06/2010,93020,3728426000,39.8(0.76 %),93020,3728426000,0,0,122073890,0.17
22/06/2010,-1000,-39200000,38.8(-2.51 %),0,0,1000,39200000,122074890,0.17
23/06/2010,-10000,-393500000,40(3.09 %),0,0,10000,393500000,122084890,0.17
24/06/2010,2000,80000000,38.5(-3.75 %),2000,80000000,0,0,122082890,0.17
25/06/2010,-15000,-569000000,37.5(-2.60 %),0,0,15000,569000000,122097890,0.16
28/06/2010,390290,14955858000,38.6(2.93 %),390290,14955858000,0,0,121707600,0.32
29/06/2010,130000,5023300000,38.7(0.26 %),130000,5023300000,0,0,121577600,0.37
30/06/2010,0,0,38(-1.81 %),0,0,0,0,121577600,0.37
01/07/2010,-17620,-666560000,38(0.00 %),0,0,17620,666560000,121595220,0.36
02/07/2010,-38000,-1437700000,39.2(3.16 %),0,0,38000,1437700000,121633220,0.35
05/07/2010,-30830,-1233720000,40(2.04 %),520,20280000,31350,1254000000,121664050,0.33
06/07/2010,-1080,-42984000,39.8(-0.50 %),0,0,1080,42984000,121665130,0.33
07/07/2010,-1000,-39600000,39.6(-0.50 %),0,0,1000,39600000,121666130,0.33
08/07/2010,0,0,38.7(-2.27 %),0,0,0,0,121666130,0.33
09/07/2010,-2000,-77200000,38.2(-1.29 %),0,0,2000,77200000,121668130,0.33
12/07/2010,8260,313518000,38.4(0.52 %),15570,591680000,7310,278162000,121659870,0.34
13/07/2010,60,2140000,39.3(2.34 %),5060,197140000,5000,195000000,121659810,0.34
14/07/2010,188000,7426800000,40(1.78 %),200000,7904000000,12000,477200000,121471810,0.41
15/07/2010,-8000,-320000000,40.1(0.25 %),0,0,8000,320000000,121479810,0.41
16/07/2010,19410,805428000,42.1(4.99 %),19410,805428000,0,0,121460400,0.42
19/07/2010,-2610,-106562000,44.2(4.99 %),6840,302328000,9450,408890000,121463010,0.41
20/07/2010,26000,1160300000,45.8(3.62 %),50000,2236500000,24000,1076200000,121437010,0.43
21/07/2010,4000,183200000,43.6(-4.80 %),4000,183200000,0,0,121433010,0.43
22/07/2010,20000,855000000,43.6(0.00 %),20000,855000000,0,0,121413010,0.43
23/07/2010,26500,1170100000,45.1(3.44 %),30000,1326300000,3500,156200000,121386510,0.45
26/07/2010,8170,371850000,45.8(1.55 %),8170,371850000,0,0,121378340,0.45
27/07/2010,-6910,-311214000,45.4(-0.87 %),0,0,6910,311214000,121385250,0.45
28/07/2010,3100,136180000,44(-3.08 %),3100,136180000,0,0,121382150,0.45
29/07/2010,0,0,43.3(-1.59 %),0,0,0,0,121382150,0.45
30/07/2010,45000,1921500000,41.3(-4.62 %),45000,1921500000,0,0,121337150,0.47
02/08/2010,-5950,-246330000,41.4(0.24 %),0,0,5950,246330000,121343100,0.46
03/08/2010,0,0,41.6(0.48 %),0,0,0,0,121343100,0.46
04/08/2010,0,0,40.9(-1.68 %),0,0,0,0,121343100,0.46
05/08/2010,0,0,40(-2.20 %),0,0,0,0,121343100,0.46
06/08/2010,-10000,-390000000,39.1(-2.25 %),0,0,10000,390000000,121353100,0.46
09/08/2010,0,0,37.4(-4.35 %),0,0,0,0,121353100,0.46
10/08/2010,-2540,-90678000,36.4(-2.67 %),0,0,2540,90678000,121355640,0.46
11/08/2010,0,0,37(1.65 %),0,0,0,0,0,49.0
12/08/2010,27400,977320000,35.3(-4.59 %),27400,977320000,0,0,121328240,0.47
13/08/2010,44390,1579982000,36.2(2.55 %),44390,1579982000,0,0,121283850,0.49
16/08/2010,4030,150701000,37.7(4.14 %),4400,164650000,370,13949000,121279820,0.49
17/08/2010,5530,203108000,36.6(-2.92 %),5900,216650000,370,13542000,0,49.0
18/08/2010,0,0,36.5(-0.27 %),0,0,0,0,121274290,0.49
19/08/2010,-100000,-3553220000,35.3(-3.29 %),0,0,100000,3553220000,121374290,0.0
20/08/2010,0,0,36(1.98 %),0,0,0,0,0,0.0
23/08/2010,-7990,-273258000,34.2(-5.00 %),0,0,7990,273258000,121382280,0.45
24/08/2010,14000,455000000,32.5(-4.97 %),14000,455000000,0,0,121368280,0.45
25/08/2010,9340,290474000,32.5(0.00 %),9340,290474000,0,0,121358940,0.46
26/08/2010,0,0,31.3(-3.69 %),0,0,0,0,121358940,0.46
27/08/2010,193980,6037432000,31(-0.96 %),193980,6037432000,0,0,121164960,0.53
30/08/2010,96100,3123250000,32.5(4.84 %),100000,3250000000,3900,126750000,121068860,0.57
31/08/2010,519080,17584566000,34.1(4.92 %),519080,17584566000,0,0,120549780,0.78
01/09/2010,118800,4143612000,35(2.64 %),118800,4143612000,0,0,120430980,0.83
06/09/2010,416760,14854280000,35.5(1.43 %),416760,14854280000,0,0,120014220,0.99
07/09/2010,46700,1587800000,34(-4.23 %),50000,1700000000,3300,112200000,119967520,1.01
08/09/2010,202080,6850310000,33.2(-2.35 %),202080,6850310000,0,0,119765440,1.09
09/09/2010,0,0,33.4(0.60 %),0,0,0,0,119765440,1.09
10/09/2010,60000,1970852000,32(-4.19 %),60000,1970852000,0,0,119705440,1.12
13/09/2010,-2470,-77292000,31.2(-2.50 %),1140,35340000,3610,112632000,119707910,1.12
14/09/2010,992130,32402775000,32.7(4.81 %),992130,32402775000,0,0,118715780,1.51
15/09/2010,1323040,44582516000,34(3.98 %),1323040,44582516000,0,0,117392740,2.04
16/09/2010,2054630,70137551000,35(2.94 %),2054630,70137551000,0,0,115338110,2.86
17/09/2010,1988740,70248299000,36.7(4.86 %),1988740,70248299000,0,0,113349370,3.66
20/09/2010,1549800,55872735000,35.9(-2.18 %),1552640,55974691000,2840,101956000,111799570,4.28
21/09/2010,1269560,46393863000,37.6(4.74 %),2131880,78817095000,862320,32423232000,110530010,4.79
22/09/2010,77580,2778249000,35.8(-4.79 %),77580,2778249000,0,0,110452430,4.82
23/09/2010,65620,2243904000,34.2(-4.47 %),65620,2243904000,0,0,110386810,4.85
24/09/2010,-6780,-229976000,33.4(-2.34 %),1000,33000000,7780,262976000,110393590,4.84
27/09/2010,19660,645706000,32.4(-2.99 %),23870,782110000,4210,136404000,110373930,4.85
28/09/2010,139240,4519712000,32.2(-0.62 %),139240,4519712000,0,0,110234690,4.91
29/09/2010,11640,378745000,32.2(0.00 %),14890,485570000,3250,106825000,110223050,4.91
30/09/2010,179930,5726795000,31.6(-1.86 %),182180,5799020000,2250,72225000,110043120,4.98
01/10/2010,183910,5904417000,31.6(0.00 %),186160,5975742000,2250,71325000,109859210,5.06
04/10/2010,231880,7099277000,30.1(-4.75 %),237940,7283483000,6060,184206000,109627330,5.15
05/10/2010,177700,5378796000,30.8(2.33 %),200590,6069185000,22890,690389000,109449630,5.22
06/10/2010,308580,9776575000,32(3.90 %),308580,9776575000,0,0,109141050,5.34
07/10/2010,185440,5858111000,31(-3.12 %),185440,5858111000,0,0,108955610,5.42
08/10/2010,52010,1591729000,30.2(-2.58 %),56460,1729234000,4450,137505000,108903600,5.44
11/10/2010,17250,519340000,30.1(-0.33 %),42200,1273120000,24950,753780000,108886350,5.45
12/10/2010,43200,1286480000,29.5(-1.99 %),43200,1286480000,0,0,108843150,5.46
13/10/2010,145290,4359060000,30.1(2.03 %),146290,4389160000,1000,30100000,108697860,5.52
14/10/2010,68990,2083893000,30(-0.33 %),68990,2083893000,0,0,108628870,5.55
15/10/2010,158650,4736944000,29.8(-0.67 %),158650,4736944000,0,0,108470220,5.61
18/10/2010,42320,1250556000,29.3(-1.68 %),43200,1276340000,880,25784000,108427900,5.63
19/10/2010,101920,2895518000,28.2(-3.75 %),101920,2895518000,0,0,108325980,5.67
20/10/2010,48200,1299580000,26.8(-4.96 %),48200,1299580000,0,0,108277780,5.69
21/10/2010,102980,2669538000,25.7(-4.10 %),102980,2669538000,0,0,108174800,5.73
22/10/2010,119210,3034172000,25.3(-1.56 %),119210,3034172000,0,0,108055590,5.78
25/10/2010,56240,1403072000,25.3(0.00 %),56310,1404789000,70,1717000,107999350,5.8
26/10/2010,92430,2440394000,26.5(4.74 %),94420,2493129000,1990,52735000,107906920,5.84
27/10/2010,465540,12294019000,26.3(-0.75 %),465540,12294019000,0,0,107441380,6.02
28/10/2010,193210,4960480000,25.4(-3.42 %),193210,4960480000,0,0,107248170,6.1
29/10/2010,59070,1501408000,25.3(-0.39 %),60070,1527408000,1000,26000000,107189100,6.12
01/11/2010,100680,2513122000,25(-1.19 %),101970,2545372000,1290,32250000,107088420,6.16
02/11/2010,35910,873536000,24(-4.00 %),43210,1049466000,7300,175930000,107052510,6.18
03/11/2010,117250,2828899000,24.2(0.83 %),117250,2828899000,0,0,106935260,6.23
04/11/2010,68590,1654198000,24.2(0.00 %),69590,1678998000,1000,24800000,106866670,6.25
05/11/2010,100950,2470741000,24.5(1.24 %),100950,2470741000,0,0,106765720,6.29
08/11/2010,92100,2308843000,25(2.04 %),122200,3046745000,30100,737902000,106673620,6.33
09/11/2010,81060,1962780000,24(-4.00 %),83690,2025900000,2630,63120000,106592560,6.36
10/11/2010,629930,15310600000,24.4(1.67 %),629930,15310600000,0,0,105962630,6.61
11/11/2010,42210,1016740000,24(-1.64 %),42210,1016740000,0,0,105920420,6.63
12/11/2010,149930,3450690000,23(-4.17 %),149930,3450690000,0,0,105770490,6.69
15/11/2010,50420,1133065000,21.9(-4.78 %),57990,1298848000,7570,165783000,105720070,6.71
16/11/2010,83360,1755225000,21(-4.11 %),83360,1755225000,0,0,105636710,6.75
17/11/2010,-66960,-1428936000,21.5(2.38 %),42280,904210000,109240,2333146000,105703670,6.72
18/11/2010,71270,1565376000,21.7(0.93 %),71270,1565376000,0,0,105632400,6.75
19/11/2010,71080,1531592000,21.2(-2.30 %),71080,1531592000,0,0,105561320,6.78
22/11/2010,19370,430286000,21.2(0.00 %),100250,2092942000,80880,1662656000,105541950,6.78
23/11/2010,258250,5529136000,21.6(1.89 %),258250,5529136000,0,0,105283700,6.89
24/11/2010,152660,3294078000,21.6(0.00 %),152660,3294078000,0,0,105131040,6.95
25/11/2010,26100,572680000,22.1(2.31 %),28100,615880000,2000,43200000,105104940,6.96
26/11/2010,42290,928309000,22(-0.45 %),42290,928309000,0,0,105062650,6.97
29/11/2010,223580,5077598000,23(4.55 %),225210,5115088000,1630,37490000,104839070,7.06
30/11/2010,121830,2928720000,23.8(3.48 %),127830,3073020000,6000,144300000,104717240,7.11
01/12/2010,93750,2223065000,23.8(0.00 %),93750,2223065000,0,0,104623490,7.15
02/12/2010,120310,2921978000,24.6(3.36 %),120310,2921978000,0,0,104503180,7.2
03/12/2010,33670,861885000,25.8(4.88 %),48160,1233280000,14490,371395000,104469510,7.21
06/12/2010,59260,1572038000,26(0.78 %),59260,1572038000,0,0,104410250,7.24
07/12/2010,95720,2451710000,24.9(-4.23 %),95720,2451710000,0,0,104314530,7.27
08/12/2010,27070,655615000,23.7(-4.82 %),27070,655615000,0,0,104287460,7.29
09/12/2010,37350,872185000,24.6(3.80 %),42350,990685000,5000,118500000,104250110,7.3
10/12/2010,181440,4505900000,25.5(3.66 %),181440,4505900000,0,0,104068670,7.37
13/12/2010,70980,1895166000,26.7(4.71 %),76330,2038011000,5350,142845000,103997690,7.4
14/12/2010,221170,5739572000,25.8(-3.37 %),223170,5790572000,2000,51000000,103776520,7.49
15/12/2010,163900,4236906000,25.8(0.00 %),163900,4236906000,0,0,103612620,7.55
16/12/2010,112280,2821528000,24.7(-4.26 %),112280,2821528000,0,0,103500340,7.6
17/12/2010,236900,6099212000,25.9(4.86 %),260400,6685509000,23500,586297000,103263440,7.69
20/12/2010,137930,3569150000,25.5(-1.54 %),138810,3591590000,880,22440000,103125510,7.75
21/12/2010,296450,7612334000,25.9(1.57 %),296450,7612334000,0,0,102829060,7.87
22/12/2010,86350,2200835000,24.4(-2.01 %),150200,3767180000,63850,1566345000,102742710,7.9
23/12/2010,195450,4739880000,24(-1.64 %),195450,4739880000,0,0,102547260,7.98
24/12/2010,47770,1146385000,24(0.00 %),74050,1772105000,26280,625720000,102499490,8.0
27/12/2010,82620,1964996000,24(0.00 %),82620,1964996000,0,0,102416870,8.03
28/12/2010,59370,1448091000,24.3(1.25 %),60240,1469232000,870,21141000,102357500,8.06
29/12/2010,56170,1360676000,24(-1.23 %),56170,1360676000,0,0,102301330,8.08
30/12/2010,122040,2942172000,24.2(0.83 %),122040,2942172000,0,0,102179290,8.13
31/12/2010,43330,1057319000,24.5(1.24 %),43330,1057319000,0,0,102135960,8.15
04/01/2011,93920,2300139000,24.4(-0.41 %),93920,2300139000,0,0,102042040,8.18
05/01/2011,80480,1943340000,24(-1.64 %),110480,2663340000,30000,720000000,101961560,8.22
06/01/2011,56260,1337858000,23.7(-1.25 %),56260,1337858000,0,0,101905300,8.24
07/01/2011,56530,1342841000,23.7(0.00 %),56530,1342841000,0,0,101848770,8.26
10/01/2011,140370,3284473000,23.3(-1.69 %),141540,3311734000,1170,27261000,101708400,8.32
11/01/2011,108270,2478782000,22.8(-2.15 %),108270,2478782000,0,0,101600130,8.36
12/01/2011,48930,1144785000,23.5(3.07 %),48930,1144785000,0,0,101551200,8.38
13/01/2011,93100,2191955000,23.3(-0.85 %),93100,2191955000,0,0,101458100,8.42
14/01/2011,249010,5842971000,23.5(0.86 %),249010,5842971000,0,0,101209090,8.52
17/01/2011,35190,828303000,23.4(-0.43 %),35190,828303000,0,0,101173900,8.53
18/01/2011,146810,3421673000,23.1(-1.28 %),156810,3652673000,10000,231000000,101027090,8.59
19/01/2011,224120,5215224000,23.3(0.87 %),241020,5608994000,16900,393770000,100802970,8.68
20/01/2011,92740,2163766000,23.3(0.00 %),92740,2163766000,0,0,100710230,8.72
21/01/2011,153430,3650851000,24(3.00 %),153430,3650851000,0,0,100556800,8.78
24/01/2011,70350,1675720000,23.8(-0.83 %),70350,1675720000,0,0,100486450,8.81
25/01/2011,93420,2208088000,23.7(-0.42 %),93420,2208088000,0,0,100393030,8.84
26/01/2011,50490,1207800000,24(1.27 %),68580,1638924000,18090,431124000,100342540,15.55
27/01/2011,231000,5539568000,24(0.00 %),231000,5539568000,0,0,100111540,8.96
28/01/2011,195240,4702178000,24(0.00 %),208080,5011622000,12840,309444000,99916300,9.03
08/02/2011,179370,4428405000,25(4.17 %),179370,4428405000,0,0,99736930,9.11
09/02/2011,71180,1788720000,24.6(-1.60 %),71180,1788720000,0,0,99665750,9.13
10/02/2011,12580,309096000,24.7(0.41 %),43480,1073092000,30900,763996000,99653170,9.14
11/02/2011,45160,1106006000,24.5(-0.81 %),45160,1106006000,0,0,99608010,9.16
14/02/2011,6550,163115000,23.8(-2.86 %),46630,1131635000,40080,968520000,99601460,9.16
15/02/2011,56480,1340018000,23.8(0.00 %),56480,1340018000,0,0,99544980,9.18
16/02/2011,46010,1078927000,23.1(-2.94 %),46010,1078927000,0,0,99498970,9.2
17/02/2011,102220,2335346000,22.7(-1.73 %),102220,2335346000,0,0,99396750,9.24
18/02/2011,-32250,-736401000,22.6(-0.44 %),68750,1564599000,101000,2301000000,99429000,9.23
21/02/2011,0,0,21.5(-4.87 %),0,0,0,0,99421550,9.23
22/02/2011,28720,594676000,20.8(-3.26 %),43490,901792000,14770,307116000,99400280,9.24
23/02/2011,64180,1360740000,21.2(1.92 %),68180,1446140000,4000,85400000,99336100,9.27
24/02/2011,-85450,-1726419000,20.5(-3.30 %),43500,882250000,128950,2608669000,99421550,9.23
25/02/2011,46580,961090000,20.7(0.98 %),46580,961090000,0,0,99374970,9.25
28/02/2011,-29930,-596195000,20.3(-1.93 %),45080,928168000,75010,1524363000,99404900,9.24
01/03/2011,42070,847419000,20.1(-0.99 %),43590,878275000,1520,30856000,99362830,9.25
02/03/2011,42310,819988000,19.1(-4.98 %),43780,849388000,1470,29400000,99320520,9.27
03/03/2011,43580,812146000,18.3(-4.19 %),43580,812146000,0,0,0,0.0
04/03/2011,43580,794914000,18.1(-1.09 %),43580,794914000,0,0,0,0.0
07/03/2011,44590,808268000,18.2(0.55 %),44590,808268000,0,0,0,0.0
08/03/2011,102060,1839530000,18(-1.10 %),103590,1867070000,1530,27540000,0,0.0
09/03/2011,-197920,-3463777000,17.5(-2.78 %),56550,990528000,254470,4454305000,0,0.0
10/03/2011,51900,947936000,18.3(4.57 %),51900,947936000,0,0,0,0.0
11/03/2011,41160,790272000,19.2(4.92 %),41160,790272000,0,0,0,0.0
14/03/2011,109190,2061867000,18.4(-4.17 %),109190,2061867000,0,0,0,0.0
15/03/2011,24380,439486000,18(-2.17 %),119860,2167835000,95480,1728349000,0,0.0
16/03/2011,-37030,-660626000,17.8(-1.11 %),129840,2323227000,166870,2983853000,99054940,9.38
17/03/2011,5620,100336000,17.9(0.56 %),144000,2571025000,138380,2470689000,99049320,9.38
18/03/2011,-130810,-2392267000,18.7(4.47 %),208210,3833795000,339020,6226062000,99180130,9.33
21/03/2011,-70200,-1375320000,19.6(4.81 %),0,0,70200,1375320000,99250330,9.3
22/03/2011,14780,290444000,19.1(-2.55 %),25730,499589000,10950,209145000,99235550,9.31
23/03/2011,132800,2568063000,19.5(2.09 %),132800,2568063000,0,0,99102750,9.36
24/03/2011,187400,3654100000,19.5(0.00 %),187400,3654100000,0,0,98915350,9.43
25/03/2011,93990,1818705000,19.4(-0.51 %),93990,1818705000,0,0,98821360,9.47
28/03/2011,76090,1470803000,19.2(-1.03 %),77890,1506263000,1800,35460000,98745270,9.5
29/03/2011,132890,2541005000,19.2(0.00 %),132890,2541005000,0,0,98612380,9.56
30/03/2011,153070,2927891000,19.2(0.00 %),153070,2927891000,0,0,98459310,9.62
31/03/2011,45390,868149000,19.1(-0.52 %),45390,868149000,0,0,98413920,9.63
01/04/2011,82490,1573478000,19.1(0.00 %),82490,1573478000,0,0,98454010,9.62
04/04/2011,55390,1047527000,18.7(-2.09 %),55390,1047527000,0,0,98398620,9.64
05/04/2011,158100,2991757000,19(1.60 %),160390,3034938000,2290,43181000,98240520,9.7
06/04/2011,167340,3222889000,19.4(2.11 %),167340,3222889000,0,0,98073180,9.77
07/04/2011,59230,1128295000,19.1(-1.55 %),59230,1128295000,0,0,98013950,9.79
08/04/2011,101560,1933535000,19.1(0.00 %),101560,1933535000,0,0,97912390,9.84
13/04/2011,78740,1502798000,18.9(-1.05 %),80170,1530254000,1430,27456000,97833650,9.87
14/04/2011,45390,853946000,18.9(0.00 %),45390,853946000,0,0,97788260,9.88
15/04/2011,40140,753646000,18.5(-2.12 %),40140,753646000,0,0,97748120,9.9
18/04/2011,57320,1042774000,18(-2.70 %),59580,1084230000,2260,41456000,97690800,9.92
19/04/2011,69260,1246163000,18(0.00 %),74260,1336363000,5000,90200000,97621540,9.95
20/04/2011,117490,2116442000,18.1(0.56 %),117490,2116442000,0,0,97504050,10.0
21/04/2011,43110,773058000,18(-0.55 %),45390,814098000,2280,41040000,97460940,10.02
22/04/2011,1600,28800000,18(0.00 %),1600,28800000,0,0,97459340,10.02
25/04/2011,45630,834033000,18.4(2.22 %),45630,834033000,0,0,97413710,10.03
26/04/2011,74590,1353789000,18.1(-1.63 %),74590,1353789000,0,0,97339120,10.06
27/04/2011,154340,2800191000,18.3(1.10 %),160120,2905387000,5780,105196000,97184780,10.13
28/04/2011,45370,825897000,18.3(0.00 %),45370,825897000,0,0,97139410,10.14
29/04/2011,74060,1351294000,18.3(0.00 %),74060,1351294000,0,0,97065350,10.17
04/05/2011,70570,1281382000,18.2(-0.55 %),72030,1307662000,1460,26280000,96977080,10.21
05/05/2011,73800,1328294000,17.9(-1.65 %),73810,1328474000,10,180000,96903280,10.24
06/05/2011,70400,1263538000,18.1(1.12 %),70400,1263538000,0,0,96832880,10.27
09/05/2011,71440,1287970000,18(-0.55 %),77840,1403170000,6400,115200000,96761440,10.3
10/05/2011,45490,816401000,18(0.00 %),45490,816401000,0,0,96715950,10.31
11/05/2011,45480,815573000,18(0.00 %),45480,815573000,0,0,96670470,10.33
12/05/2011,43590,781809000,17.9(-0.56 %),45480,815640000,1890,33831000,96626880,10.35
13/05/2011,45480,813964000,17.8(-0.56 %),45480,813964000,0,0,96581400,10.37
16/05/2011,40060,708768000,17.8(0.00 %),45480,805244000,5420,96476000,96541340,10.38
17/05/2011,45480,795004000,17.4(-2.25 %),45480,795004000,0,0,96495860,10.4
18/05/2011,39480,690838000,17.4(0.00 %),45480,795948000,6000,105110000,96456380,10.42
19/05/2011,45130,785797000,17.3(-0.57 %),45480,791852000,350,6055000,96411250,10.44
20/05/2011,-63510,-1087526000,17.1(-1.16 %),0,0,63510,1087526000,96474760,10.41
23/05/2011,-92140,-1552723000,16.4(-4.09 %),1350,23085000,93490,1575808000,96566900,10.37
24/05/2011,-20380,-320772000,15.6(-4.88 %),0,0,20380,320772000,96587280,10.37
25/05/2011,-30100,-448490000,14.9(-4.49 %),0,0,30100,448490000,96617380,10.35
26/05/2011,221570,3145794000,14.2(-4.70 %),340000,4828000000,118430,1682206000,96395810,10.44
27/05/2011,45500,669435000,14.9(4.93 %),45500,669435000,0,0,96350310,10.46
30/05/2011,64310,981573000,14.3(-4.03 %),65290,996763000,980,15190000,96286000,10.49
31/05/2011,45500,651950000,14.7(2.80 %),45500,651950000,0,0,96240500,10.5
01/06/2011,219580,3187140000,14.7(0.00 %),219580,3187140000,0,0,95955150,10.62
02/06/2011,8000,123200000,15.4(4.76 %),8000,123200000,0,0,95947150,10.62
03/06/2011,43050,665915000,15.3(-0.65 %),45550,703915000,2500,38000000,95904100,10.64
06/06/2011,-46030,-674687000,14.6(-4.58 %),0,0,46030,674687000,95950130,10.62
07/06/2011,45540,694046000,15.3(4.79 %),45540,694046000,0,0,95904590,10.64
08/06/2011,70540,1095818000,15.3(0.00 %),70540,1095818000,0,0,95834050,10.67
09/06/2011,0,0,15.6(1.96 %),0,0,0,0,95834050,10.67
10/06/2011,-45530,-735480000,16.3(4.49 %),0,0,45530,735480000,95879580,10.65
13/06/2011,-181360,-2892035000,16.2(-0.61 %),0,0,181360,2892035000,96060940,10.58
14/06/2011,-163340,-2633636000,15.7(-3.09 %),0,0,163340,2633636000,96224280,10.51
15/06/2011,-97370,-1461790000,15(-4.46 %),56120,851377000,153490,2313167000,96321650,10.47
16/06/2011,-140400,-2109956000,15(0.00 %),71030,1067342000,211430,3177298000,96462050,10.42
17/06/2011,-332520,-4772867000,14.3(-4.67 %),150020,2155792000,482540,6928659000,96794570,10.28
20/06/2011,-31440,-429728000,13.7(-4.20 %),0,0,31440,429728000,96826010,10.27
21/06/2011,97020,1384302000,14.3(4.38 %),209860,2959736000,112840,1575434000,96728990,10.31
22/06/2011,7630,106568000,14(-2.10 %),46900,672350000,39270,565782000,96721360,10.31
23/06/2011,51540,705008000,13.8(-1.43 %),130000,1788500000,78460,1083492000,96669820,10.33
24/06/2011,-163390,-2201565000,13.6(-1.45 %),120000,1703000000,283390,3904565000,96833210,10.27
27/06/2011,0,0,14(2.94 %),0,0,0,0,96833210,10.27
28/06/2011,-21510,-292516000,13.6(-2.86 %),100,1380000,21610,293896000,96854720,10.26
29/06/2011,-30500,-408107000,13.3(-2.21 %),12490,168364000,42990,576471000,96885220,10.25
30/06/2011,100,1350000,12.9(-3.01 %),100,1350000,0,0,96885120,10.25
01/07/2011,0,0,12.5(-3.10 %),0,0,0,0,96821500,10.27
04/07/2011,-2730,-34125000,12.5(0.00 %),0,0,2730,34125000,96824230,10.27
05/07/2011,0,0,13.1(4.80 %),0,0,0,0,96824230,10.27
06/07/2011,0,0,12.9(-1.53 %),0,0,0,0,96824230,10.27
07/07/2011,40010,516129000,12.9(0.00 %),40010,516129000,0,0,96784220,10.29
08/07/2011,1350,20095000,12.8(-0.78 %),40500,518400000,39150,498305000,96782870,10.29
11/07/2011,46370,588798000,12.7(-0.78 %),46370,588798000,0,0,96736500,10.31
12/07/2011,-41700,-512956000,12.3(-3.15 %),9000,110700000,50700,623656000,96778200,10.29
13/07/2011,-21900,-271783000,12.4(0.81 %),1290,15773000,23190,287556000,96800100,10.28
14/07/2011,5560,67714000,12.6(1.61 %),7180,87478000,1620,19764000,96794540,10.28
15/07/2011,-413660,-5075520000,12.2(-3.17 %),287210,3524906000,700870,8600426000,97208200,10.12
18/07/2011,7540,91026000,12.2(0.00 %),10000,120300000,2460,29274000,97200660,10.12
19/07/2011,-2250,-27450000,12.1(-0.82 %),0,0,2250,27450000,97202910,10.12
20/07/2011,73590,921167000,12.6(4.13 %),73590,921167000,0,0,97129320,10.15
21/07/2011,0,0,12.2(-3.17 %),0,0,0,0,97129320,10.15
22/07/2011,990,11978000,12.2(0.00 %),1000,12100000,10,122000,97128330,10.15
25/07/2011,-3390,-40002000,11.9(-2.46 %),1000,11800000,4390,51802000,97131720,10.15
26/07/2011,0,0,12(0.84 %),0,0,0,0,97131720,10.15
27/07/2011,3000,35700000,12(0.00 %),3000,35700000,0,0,97128720,10.15
28/07/2011,0,0,12(0.00 %),0,0,0,0,97128720,10.15
29/07/2011,40100,483710000,12(0.00 %),79350,952000000,39250,468290000,97088620,10.16
01/08/2011,-71490,-844793000,11.7(-2.50 %),7010,82520000,78500,927313000,97106960,10.16
02/08/2011,55030,637848000,11.6(-0.85 %),55030,637848000,0,0,97051930,10.18
03/08/2011,39500,451850000,11.5(-0.86 %),39500,451850000,0,0,97012430,10.2
04/08/2011,-39400,-464920000,11.8(2.61 %),0,0,39400,464920000,97051830,10.18
05/08/2011,9100,106470000,11.7(-0.85 %),9100,106470000,0,0,97042730,10.18
08/08/2011,-44010,-497815000,11.2(-4.27 %),45000,507500000,89010,1005315000,97086740,10.17
09/08/2011,182280,1960172000,10.8(-3.57 %),183260,1970658000,980,10486000,96904460,10.24
10/08/2011,-40010,-432694000,10.8(0.00 %),95000,1026000000,135010,1458694000,96944470,10.22
11/08/2011,-32190,-338102000,10.5(-2.78 %),7070,74128000,39260,412230000,96976660,10.21
12/08/2011,-10,-105000,10.4(-0.95 %),0,0,10,105000,96976670,10.21
15/08/2011,4020,41612000,10.4(0.00 %),5000,52000000,980,10388000,96972650,10.21
16/08/2011,0,0,10.4(0.00 %),0,0,0,0,96972650,10.21
17/08/2011,-39250,-413353000,10.7(2.88 %),0,0,39250,413353000,97011900,10.2
18/08/2011,74730,835276000,11.2(4.67 %),81230,907776000,6500,72500000,96937170,10.23
19/08/2011,-65230,-706484000,10.8(-3.57 %),13270,143316000,78500,849800000,97002400,10.2
22/08/2011,-99920,-1118128000,11.3(4.63 %),0,0,99920,1118128000,97102320,10.16
23/08/2011,20,226000,11.1(-1.77 %),20,226000,0,0,97102300,10.16
24/08/2011,-151740,-1678911000,10.9(-1.80 %),1000,11100000,152740,1690011000,97254040,10.1
25/08/2011,-12420,-140346000,11.3(3.67 %),0,0,12420,140346000,97266460,10.09
26/08/2011,-41870,-477947000,11.5(1.77 %),0,0,41870,477947000,97308330,10.08
29/08/2011,-116140,-1386487000,12(4.35 %),10,120000,116150,1386607000,97424470,10.03
30/08/2011,-25500,-321300000,12.6(5.00 %),0,0,25500,321300000,97449970,10.02
31/08/2011,-40810,-534528000,13.2(4.76 %),23690,311772000,64500,846300000,97490780,10.0
01/09/2011,-30020,-414272000,13.8(4.55 %),0,0,30020,414272000,97402380,10.04
05/09/2011,-28900,-397320000,14.1(2.17 %),5500,75400000,34400,472720000,97431280,10.03
06/09/2011,22460,291006000,14(-0.71 %),47460,644006000,25000,353000000,97408820,10.04
07/09/2011,19740,286687000,14.7(5.00 %),45230,656343000,25490,369656000,97389080,10.04
08/09/2011,95200,1440788000,15.4(4.76 %),103200,1562588000,8000,121800000,97293880,10.08
09/09/2011,53710,860113000,16.1(4.55 %),62670,1002319000,8960,142206000,97240170,10.1
12/09/2011,67230,1022150000,15.3(-4.97 %),256000,3922800000,188770,2900650000,97172940,10.13
13/09/2011,-468560,-7171607000,16(4.58 %),57440,889517000,526000,8061124000,97641500,9.94
14/09/2011,-352750,-5453587000,15.2(-5.00 %),173520,2656391000,526270,8109978000,97994250,9.8
15/09/2011,-636140,-9278358000,14.5(-4.61 %),66360,968192000,702500,10246550000,98630390,9.55
16/09/2011,-692670,-9578359000,13.8(-4.83 %),93020,1283676000,785690,10862035000,99323060,9.27
19/09/2011,-174290,-2372928000,14(1.45 %),39360,535188000,213650,2908116000,99497350,9.2
20/09/2011,-153550,-2069684000,13.3(-5.00 %),39580,534946000,193130,2604630000,99650900,9.14
21/09/2011,29580,389372000,13.1(-1.50 %),39580,524372000,10000,135000000,99621320,9.15
22/09/2011,-592490,-8045773000,13.7(4.58 %),41680,563621000,634170,8609394000,100213810,8.91
23/09/2011,16910,239440000,14.1(2.92 %),26910,379640000,10000,140200000,100196900,8.92
26/09/2011,-39730,-553019000,13.6(-3.55 %),19190,268837000,58920,821856000,100236630,8.91
27/09/2011,39620,542832000,13.6(0.00 %),39620,542832000,0,0,100197010,8.92
28/09/2011,-71360,-966975000,13.3(-2.21 %),8500,115300000,79860,1082275000,100268370,8.89
29/09/2011,20620,266560000,12.8(-3.76 %),39620,509760000,19000,243200000,100247750,8.9
30/09/2011,0,0,12.4(-3.12 %),0,0,0,0,100247750,8.9
03/10/2011,29490,359148000,11.9(-4.03 %),39620,481864000,10130,122716000,100385060,8.85
04/10/2011,-79220,-927905000,11.5(-3.36 %),0,0,79220,927905000,100464280,8.81
05/10/2011,-118830,-1400711000,11.7(1.74 %),0,0,118830,1400711000,100583110,8.77
06/10/2011,-158440,-1911136000,12.2(4.27 %),0,0,158440,1911136000,100741550,8.7
07/10/2011,-96160,-1213734000,12.5(2.46 %),0,0,96160,1213734000,100837710,8.66
10/10/2011,100,1230000,12.2(-2.40 %),100,1230000,0,0,100837610,8.66
11/10/2011,-37710,-457266000,11.9(-2.46 %),1900,23128000,39610,480394000,100875320,8.65
12/10/2011,2140,25038000,11.4(-4.20 %),2140,25038000,0,0,100873180,8.65
13/10/2011,100,1140000,11.5(0.88 %),100,1140000,0,0,100873080,8.65
14/10/2011,0,0,11.6(0.87 %),0,0,0,0,100873080,8.65
17/10/2011,-245370,-2849921000,11.6(0.00 %),14630,169708000,260000,3019629000,101118450,8.55
18/10/2011,5400,62100000,11.3(-2.59 %),5400,62100000,0,0,101113050,8.55
19/10/2011,-43920,-500688000,11.4(0.88 %),0,0,43920,500688000,101156970,8.54
20/10/2011,0,0,11.5(0.88 %),0,0,0,0,101156970,8.54
21/10/2011,95140,1126132000,11.9(3.48 %),95140,1126132000,0,0,101061830,8.58
24/10/2011,59230,719639000,11.8(-0.84 %),59230,719639000,0,0,101002600,8.6
25/10/2011,42980,498666000,11.5(-2.54 %),76730,890740000,33750,392074000,100959620,8.62
26/10/2011,96900,1121097000,11.5(0.00 %),96900,1121097000,0,0,100862720,8.65
27/10/2011,39600,459420000,11.6(0.87 %),39600,459420000,0,0,100823120,8.67
28/10/2011,11130,133801000,12.1(4.31 %),11130,133801000,0,0,100811990,8.68
31/10/2011,379010,4813427000,12.7(4.96 %),648850,8240395000,269840,3426968000,100432980,8.83
01/11/2011,5000,63500000,12.7(0.00 %),5000,63500000,0,0,100232510,8.91
02/11/2011,47110,581964000,12.1(-4.72 %),47110,581964000,0,0,100185400,8.93
03/11/2011,103000,1245400000,11.8(-2.48 %),103000,1245400000,0,0,100082400,8.97
04/11/2011,0,0,11.5(-2.54 %),0,0,0,0,100082400,8.97
07/11/2011,10740,118720000,11.2(-2.61 %),15660,175792000,4920,57072000,100071660,8.97
08/11/2011,0,0,11.4(1.79 %),0,0,0,0,100071660,8.97
09/11/2011,520,6136000,11.7(2.63 %),530,6254000,10,118000,100071140,8.97
10/11/2011,0,0,11.5(-1.71 %),0,0,0,0,100071140,8.97
11/11/2011,-148690,-1686067000,11.2(-2.61 %),0,0,148690,1686067000,100219830,8.91
14/11/2011,-336710,-3605608000,10.7(-4.46 %),39590,425408000,376300,4031016000,100556540,8.78
15/11/2011,38110,404729000,10.5(-1.87 %),39590,420713000,1480,15984000,100518430,8.79
16/11/2011,-60410,-642305000,10.6(0.95 %),39590,420495000,100000,1062800000,100578840,8.77
17/11/2011,-101520,-933484000,9.1(3.41 %),0,0,101520,933484000,100680360,8.73
18/11/2011,0,0,8.7(-4.40 %),0,0,0,0,100680360,8.73
21/11/2011,-58650,-488160000,8.3(-4.60 %),0,0,58650,488160000,100739010,8.7
22/11/2011,52020,411762000,8.1(-2.41 %),52020,411762000,0,0,100686990,8.73
23/11/2011,22750,187725000,8.3(2.47 %),22750,187725000,0,0,100664240,8.73
24/11/2011,0,0,8.2(-1.20 %),0,0,0,0,100664240,8.73
25/11/2011,-19860,-161366000,8.2(0.00 %),0,0,19860,161366000,100684100,8.73
28/11/2011,-89290,-767894000,8.6(4.88 %),0,0,89290,767894000,100773390,8.69
29/11/2011,-430,-3741000,8.5(-1.16 %),0,0,430,3741000,100773820,8.69
30/11/2011,-94400,-786460000,8.2(-3.53 %),0,0,94400,786460000,100868220,8.65
01/12/2011,0,0,8.6(4.88 %),0,0,0,0,100948940,8.62
02/12/2011,0,0,9(4.65 %),0,0,0,0,100948940,8.62
05/12/2011,-27100,-252530000,9.4(4.44 %),0,0,27100,252530000,100976040,8.61
06/12/2011,11320,104144000,9.2(-2.13 %),11320,104144000,0,0,100964720,8.61
07/12/2011,-88230,-823179000,9.3(1.09 %),8800,79200000,97030,902379000,101052950,8.58
08/12/2011,-81610,-734490000,9(-3.23 %),0,0,81610,734490000,101134560,8.55
09/12/2011,7000,62200000,8.6(-4.44 %),7000,62200000,0,0,101127560,8.55
12/12/2011,40820,350662000,8.4(-2.33 %),58100,498070000,17280,147408000,101086740,8.57
13/12/2011,17640,148107000,8.4(0.00 %),37510,315815000,19870,167708000,101069100,8.57
14/12/2011,-73020,-608312000,8.4(0.00 %),11000,90300000,84020,698612000,101142120,8.54
15/12/2011,68850,583875000,8.5(1.19 %),123140,1018195000,54290,434320000,101073270,8.57
16/12/2011,24990,222407000,8.9(4.71 %),170310,1515755000,145320,1293348000,101048280,8.58
19/12/2011,-77350,-692789000,9(1.12 %),2370,20856000,79720,713645000,101125630,8.55
20/12/2011,-1180,-10384000,8.7(-3.33 %),0,0,1180,10384000,101126810,8.55
21/12/2011,49170,419762000,8.5(-2.30 %),49170,419762000,0,0,101077640,8.57
22/12/2011,-472600,-3846263000,8.1(-4.71 %),79000,641900000,551600,4488163000,101550240,8.38
23/12/2011,-203540,-1572112000,8(-1.23 %),100,780000,203640,1572892000,101753780,8.3
26/12/2011,0,0,7.6(-5.00 %),0,0,0,0,101753780,8.3
27/12/2011,47560,347806000,7.3(-3.95 %),47560,347806000,0,0,101706220,18.12
28/12/2011,54470,398008000,7.6(4.11 %),54470,398008000,0,0,101651750,18.14
29/12/2011,-104320,-832332000,7.9(3.95 %),45680,342668000,150000,1175000000,101756070,18.1
30/12/2011,-110280,-889558000,8(1.27 %),45680,361772000,155960,1251330000,101866350,15.04
03/01/2012,-94310,-737480000,7.6(-5.00 %),0,0,94310,737480000,121913246,8.36
04/01/2012,0,0,7.4(-2.63 %),266340,1970916000,266340,1970916000,121913246,8.36
05/01/2012,0,0,7.2(-2.70 %),0,0,0,0,121913246,8.36
06/01/2012,0,0,7.1(-1.39 %),0,0,0,0,121913246,8.36
09/01/2012,-580,-4176000,7.1(0.00 %),0,0,580,4176000,121913826,8.36
10/01/2012,-7130,-52549000,7.4(4.23 %),1000,7200000,8130,59749000,121920956,8.36
11/01/2012,1000,7400000,7.2(-2.70 %),1000,7400000,0,0,121919956,8.36
12/01/2012,45750,325325000,7.1(-1.39 %),45750,325325000,0,0,121874206,8.38
13/01/2012,45760,328896000,7.2(1.41 %),45760,328896000,0,0,121828446,8.39
16/01/2012,25650,189811000,7.5(4.17 %),39000,287566000,13350,97755000,121802796,8.4
17/01/2012,93700,688680000,7.3(-2.67 %),97250,714950000,3550,26270000,121709096,8.43
18/01/2012,69750,514175000,7.4(1.37 %),69750,514175000,0,0,121639346,8.45
19/01/2012,160040,1227641000,7.7(4.05 %),160040,1227641000,0,0,121479306,8.51
20/01/2012,68640,529966000,7.5(-2.60 %),69640,537766000,1000,7800000,121410666,8.53
30/01/2012,66940,511926000,7.8(4.00 %),66940,511926000,0,0,121343726,8.55
31/01/2012,43830,352274000,7.8(0.00 %),47550,382034000,3720,29760000,121299896,8.57
01/02/2012,103190,818431000,8.1(3.85 %),113400,901132000,10210,82701000,121585880,8.47
02/02/2012,-10580,-90014000,8.5(4.94 %),97420,827986000,108000,918000000,121596460,8.47
03/02/2012,64500,570871000,8.6(1.18 %),114500,1015371000,50000,444500000,121531960,8.49
06/02/2012,27650,229626000,9(4.65 %),49130,422946000,21480,193320000,121504310,8.5
07/02/2012,106080,965725000,9.2(2.22 %),106080,965725000,0,0,121398230,8.53
08/02/2012,94250,887170000,9.6(4.35 %),100700,948145000,6450,60975000,121303980,8.57
09/02/2012,35690,339355000,9.4(-2.08 %),45690,434355000,10000,95000000,121268290,8.58
10/02/2012,1063520,9598218000,9(-4.26 %),1063520,9598218000,0,0,120204770,8.93
13/02/2012,227190,2003303000,8.9(-1.11 %),227190,2003303000,0,0,119977580,9.01
14/02/2012,320260,2918646000,9.3(4.49 %),320260,2918646000,0,0,119657320,9.11
15/02/2012,512980,4741135000,9.4(1.08 %),512980,4741135000,0,0,119144340,9.29
16/02/2012,533790,5015490000,9.8(4.26 %),663790,6273490000,130000,1258000000,118610550,9.46
17/02/2012,-18310,-183359000,10.2(4.08 %),52190,524841000,70500,708200000,118628860,9.46
20/02/2012,550,5680000,10.6(3.92 %),550,5680000,0,0,118628310,9.46
21/02/2012,38460,399368000,10.2(-3.77 %),45720,476776000,7260,77408000,118589850,9.47
22/02/2012,300420,3171505000,10.7(4.90 %),349710,3690592000,49290,519087000,118289430,9.57
23/02/2012,452240,4902166000,10.8(0.93 %),493240,5350366000,41000,448200000,117837190,9.72
24/02/2012,671690,7206660000,10.5(-2.78 %),695690,7458660000,24000,252000000,117165500,9.94
27/02/2012,157010,1687149000,11(4.76 %),158190,1699539000,1180,12390000,117008490,10.0
28/02/2012,238100,2525406000,10.5(-4.55 %),248900,2639106000,10800,113700000,116770390,10.08
29/02/2012,-350330,-3784913000,11(4.76 %),86830,942547000,437160,4727460000,117120720,9.96
01/03/2012,292960,3298792000,11.5(4.55 %),292960,3298792000,0,0,116389720,10.2
02/03/2012,25530,303427000,12(4.35 %),50530,603427000,25000,300000000,116364190,10.21
05/03/2012,110320,1390032000,12.6(5.00 %),110320,1390032000,0,0,116253870,10.25
06/03/2012,641310,7915459000,12.4(-1.59 %),685830,8466207000,44520,550748000,115612560,10.46
07/03/2012,776940,9435464000,12.6(1.61 %),848980,10330302000,72040,894838000,114835620,10.72
08/03/2012,508880,6112758000,12(-4.76 %),556720,6697722000,47840,584964000,114326740,10.89
09/03/2012,342930,4029395000,11.9(-0.83 %),342930,4029395000,0,0,113983810,11.01
12/03/2012,247450,2845078000,11.4(-4.20 %),310450,3566878000,63000,721800000,113736360,11.09
13/03/2012,270570,3110864000,11.7(2.63 %),384980,4434839000,114410,1323975000,113465790,11.18
14/03/2012,186200,2136239000,11.6(-0.85 %),341970,3939435000,155770,1803196000,113279590,11.24
15/03/2012,892240,10323215000,12.1(4.31 %),1020000,11807679000,127760,1484464000,112387350,11.54
16/03/2012,-995200,-11669959000,11.5(-4.96 %),13240,152554000,1008440,11822513000,113382550,11.21
19/03/2012,-56630,-655245000,11.4(-0.87 %),0,0,56630,655245000,113439180,11.19
20/03/2012,77300,904264000,11.9(4.39 %),77300,904264000,0,0,113361880,11.21
21/03/2012,42080,513068000,11.8(-0.84 %),42080,513068000,0,0,113319800,11.23
22/03/2012,42080,506044000,12.3(4.24 %),42080,506044000,0,0,113277720,11.24
23/03/2012,42070,535596000,12.9(4.88 %),42070,535596000,0,0,113235650,11.25
26/03/2012,127570,1615810000,12.6(-2.33 %),128750,1630678000,1180,14868000,113108080,11.3
27/03/2012,305630,3782804000,12(-4.76 %),312070,3862660000,6440,79856000,112802450,11.4
28/03/2012,38410,456092000,12.4(3.33 %),48260,578232000,9850,122140000,112764040,11.41
29/03/2012,50100,622024000,12.4(0.00 %),50100,622024000,0,0,112713940,11.43
30/03/2012,297080,3661464000,12.2(-1.61 %),312810,3853643000,15730,192179000,112416860,11.53
03/04/2012,-16420,-205164000,12.6(3.28 %),42060,527092000,58480,732256000,112800360,11.4
04/04/2012,192060,2398250000,12.2(-3.17 %),192060,2398250000,0,0,112608300,11.46
05/04/2012,227030,2879343000,12.8(4.92 %),242070,3069847000,15040,190504000,112381270,11.54
06/04/2012,-1560,-20854000,13.4(4.69 %),0,0,1560,20854000,112382830,11.54
09/04/2012,42080,578374000,14(4.48 %),42080,578374000,0,0,112340750,11.55
10/04/2012,34070,490994000,14.5(3.57 %),42070,606994000,8000,116000000,112306680,11.56
11/04/2012,-8930,-146564000,15.2(4.83 %),42070,621136000,51000,767700000,112315610,11.56
12/04/2012,-143600,-2220224000,15.8(3.95 %),27470,434026000,171070,2654250000,112459210,11.51
13/04/2012,262070,4114999000,15.7(-0.63 %),262070,4114999000,0,0,112197140,11.6
16/04/2012,27060,435442000,16.2(3.18 %),47060,756042000,20000,320600000,112170080,11.61
17/04/2012,20630,345851000,15.4(-4.94 %),42070,676027000,21440,330176000,112149450,11.62
18/04/2012,5820,105347000,15.5(0.65 %),46160,713868000,40340,608521000,112143630,11.62
19/04/2012,-526410,-7959071000,15.1(-2.58 %),122680,1847060000,649090,9806131000,112670040,11.44
20/04/2012,0,0,15.6(3.31 %),42060,645705000,42060,645705000,112670040,11.44
23/04/2012,51110,801238000,15.8(1.28 %),51700,810442000,590,9204000,112618930,11.46
24/04/2012,-77490,-1249399000,16.3(3.16 %),42510,666601000,120000,1916000000,112696420,11.43
25/04/2012,-69940,-1171704000,16.7(2.45 %),42060,697496000,112000,1869200000,112766360,11.41
26/04/2012,162060,2676502000,16.7(0.00 %),192060,3176502000,30000,500000000,112604300,11.47
27/04/2012,32060,530996000,17.2(2.99 %),42060,701996000,10000,171000000,112572240,11.48
02/05/2012,102430,1705527000,16.5(-4.07 %),105450,1756716000,3020,51189000,112396850,11.53
03/05/2012,13360,170060000,15.7(-4.85 %),256100,4033900000,242740,3863840000,112383490,11.54
04/05/2012,77820,1239856000,16.1(2.55 %),82820,1321356000,5000,81500000,112305670,11.56
07/05/2012,83170,1371798000,16.6(3.11 %),96170,1579598000,13000,207800000,112222500,11.59
08/05/2012,-23530,-411598000,17.4(4.82 %),42060,708196000,65590,1119794000,112246030,11.58
09/05/2012,-62650,-1096578000,17.6(1.15 %),42850,750022000,105500,1846600000,112308680,11.56
10/05/2012,-250490,-4336221000,16.8(-4.55 %),42050,733465000,292540,5069686000,112559170,11.48
11/05/2012,53540,893272000,16(-4.76 %),53540,893272000,0,0,112505630,11.5
14/05/2012,106720,1647101000,15.2(-5.00 %),109050,1682983000,2330,35882000,112398910,11.53
15/05/2012,217980,3154876000,14.5(-4.61 %),306640,4460772000,88660,1305896000,112180930,11.61
16/05/2012,-13990,-211159000,13.8(-4.83 %),47070,655908000,61060,867067000,112194920,11.6
17/05/2012,-395040,-5321694000,13.2(-4.35 %),3000,40200000,398040,5361894000,112589960,11.47
18/05/2012,-72190,-922735000,12.6(-4.55 %),0,0,72190,922735000,112662150,11.45
21/05/2012,-99620,-1311709000,13.2(4.76 %),0,0,99620,1311709000,112761770,11.41
22/05/2012,0,-2000000,13.4(1.52 %),5000,66000000,5000,68000000,112761770,11.41
23/05/2012,15960,203574000,12.8(-4.48 %),23200,296970000,7240,93396000,112745810,11.42
24/05/2012,6000,73800000,12.2(-4.69 %),6000,73800000,0,0,112739810,11.42
25/05/2012,-87610,-1115446000,12.8(4.92 %),31630,404864000,119240,1520310000,112827420,11.39
28/05/2012,15000,199500000,12.9(0.78 %),15000,199500000,0,0,112812420,11.4
29/05/2012,0,0,12.7(-1.55 %),0,0,0,0,112812420,11.4
30/05/2012,0,0,12.7(0.00 %),0,0,0,0,112812420,11.4
31/05/2012,0,0,12.2(-3.94 %),0,0,0,0,112812420,11.4
01/06/2012,-2500,-31000000,12.1(-0.82 %),2500,30500000,5000,61500000,112964150,11.35
04/06/2012,-37650,-432724000,11.5(-4.96 %),10500,123250000,48150,555974000,113001800,11.33
05/06/2012,-100880,-1205084000,12(4.35 %),5000,58000000,105880,1263084000,113065030,11.31
06/06/2012,-253650,-3178730000,12.6(5.00 %),10000,126000000,263650,3304730000,113318680,11.23
07/06/2012,-150730,-1989636000,13.2(4.76 %),0,0,150730,1989636000,113469410,11.18
08/06/2012,-3000,-41500000,13(-1.52 %),8000,106400000,11000,147900000,113472410,11.18
11/06/2012,-284180,-3816408000,13.6(4.62 %),0,0,284180,3816408000,113756590,11.08
12/06/2012,-62180,-837430000,13.2(-2.94 %),5500,74250000,67680,911680000,113818770,11.06
13/06/2012,-90410,-1195812000,13.6(3.03 %),5800,76560000,96210,1272372000,113909180,11.03
14/06/2012,-206880,-2801163000,13.7(0.74 %),0,0,206880,2801163000,114116060,10.96
15/06/2012,350250,4984629000,14.2(3.65 %),800300,11308466000,450050,6323837000,113765810,11.08
18/06/2012,0,0,14.6(2.82 %),0,0,0,0,113765810,11.08
19/06/2012,-19280,-281429000,13.9(-4.79 %),325434,4526033000,344714,4807462000,113785090,11.07
20/06/2012,4300,59770000,14.1(1.44 %),4300,59770000,0,0,113780790,11.07
21/06/2012,13970,194183000,13.4(-4.96 %),13970,194183000,0,0,113766820,11.08
22/06/2012,70100,918280000,12.8(-4.48 %),70100,918280000,0,0,113696720,11.1
25/06/2012,240,3024000,12.3(-3.91 %),240,3024000,0,0,113696480,11.1
26/06/2012,-29810,-356497000,11.9(-3.25 %),0,0,29810,356497000,113726290,11.09
27/06/2012,-50610,-607320000,12(0.84 %),0,0,50610,607320000,113776900,11.07
28/06/2012,-9690,-117676000,12.4(3.33 %),0,0,9690,117676000,113786590,11.07
29/06/2012,-2000,-25000000,12.4(0.00 %),0,0,2000,25000000,113788590,11.07
02/07/2012,-1180,-14750000,12.3(-0.81 %),0,0,1180,14750000,113768940,11.08
03/07/2012,100,1230000,12.3(0.00 %),100,1230000,0,0,113768840,11.08
04/07/2012,30,369000,12.4(0.81 %),30,369000,0,0,113768810,11.08
05/07/2012,-1000,-12300000,13(4.84 %),0,0,1000,12300000,113769810,11.08
06/07/2012,0,0,12.8(-1.54 %),0,0,0,0,113769810,11.08
09/07/2012,-169010,-2083449000,12.2(-4.69 %),10,123000,169020,2083572000,113938820,11.02
10/07/2012,-104570,-1244843000,11.9(-2.46 %),0,0,104570,1244843000,114043390,10.99
11/07/2012,0,0,12.1(1.68 %),0,0,0,0,114043390,10.99
12/07/2012,0,0,12.1(4.31 %),0,0,0,0,114043390,10.99
13/07/2012,1500,19050000,12.7(4.96 %),1500,19050000,0,0,114041890,10.99
16/07/2012,0,0,12.4(-2.36 %),0,0,0,0,114041890,10.99
17/07/2012,62680,799300000,13(4.84 %),104000,1335500000,41320,536200000,113979210,11.01
18/07/2012,0,0,12.7(-2.31 %),0,0,0,0,113979210,11.01
19/07/2012,-34300,-443216000,13.3(4.72 %),5320,68096000,39620,511312000,114013510,11.0
20/07/2012,-71370,-949221000,13.3(0.00 %),0,0,71370,949221000,114084880,10.97
23/07/2012,0,0,13(-2.26 %),0,0,0,0,114084880,10.97
24/07/2012,0,0,12.5(-3.85 %),0,0,0,0,114084880,10.97
25/07/2012,0,0,12.1(-3.20 %),0,0,0,0,114084880,10.97
26/07/2012,-1180,-14632000,12.6(4.13 %),0,0,1180,14632000,114086060,10.97
27/07/2012,112420,1417292000,12.3(-2.38 %),112420,1417292000,0,0,113973640,11.01
30/07/2012,12620,154626000,12.7(3.25 %),12620,154626000,0,0,113961020,11.01
31/07/2012,7480,94248000,12.6(-0.79 %),7480,94248000,0,0,113953540,11.02
01/08/2012,-26340,-329988000,12.8(1.59 %),13280,166700000,39620,496688000,114003740,11.0
02/08/2012,0,0,12.8(0.00 %),0,0,0,0,114003740,11.0
03/08/2012,14640,188553000,13.1(2.34 %),14640,188553000,0,0,113989100,11.0
06/08/2012,-19490,-267624000,13.6(3.82 %),14880,197916000,34370,465540000,114008590,11.0
07/08/2012,12060,161716000,13.3(-2.21 %),15060,202516000,3000,40800000,113996530,11.0
08/08/2012,13820,184670000,13.5(1.50 %),16320,218420000,2500,33750000,113982710,11.01
09/08/2012,-30790,-414285000,13.4(-0.74 %),11820,161570000,42610,575855000,114013500,11.0
10/08/2012,8390,113087000,13.4(0.00 %),48000,638400000,39610,525313000,114005110,11.0
13/08/2012,-4140,-54648000,13(-2.99 %),0,0,4140,54648000,114009250,11.0
14/08/2012,-11010,-147534000,13.4(3.08 %),0,0,11010,147534000,114020260,10.99
15/08/2012,-39610,-523513000,13.2(-1.49 %),0,0,39610,523513000,114059870,10.98
16/08/2012,-30930,-406136000,13.2(0.00 %),8670,114444000,39600,520580000,114090800,10.97
17/08/2012,300000,4040000000,13.5(2.27 %),300000,4040000000,0,0,113790800,11.07
20/08/2012,10860,148110000,13.6(0.74 %),15000,204000000,4140,55890000,113779940,11.07
21/08/2012,195860,2554524000,13(-4.41 %),200000,2610000000,4140,55476000,113584080,11.14
22/08/2012,-57000,-709486000,12.4(-4.62 %),19700,245480000,76700,954966000,113641080,11.12
23/08/2012,-23210,-273878000,11.8(-4.84 %),0,0,23210,273878000,113664290,11.11
24/08/2012,-7310,-80503000,11.4(-3.39 %),10000,116000000,17310,196503000,113671600,11.11
27/08/2012,-89000,-972973000,10.9(-4.39 %),2000,22800000,91000,995773000,113760600,11.08
28/08/2012,-126650,-1317160000,10.4(-4.59 %),0,0,126650,1317160000,113887250,11.04
29/08/2012,0,0,10.9(4.81 %),0,0,0,0,113887250,11.04
30/08/2012,-13270,-143316000,11(0.92 %),0,0,13270,143316000,113900520,11.03
31/08/2012,-310740,-3319024000,10.6(-3.64 %),0,0,310740,3319024000,114211260,10.93
04/09/2012,-3580,-38722000,11(3.77 %),0,0,3580,38722000,113926870,11.02
05/09/2012,22760,247208000,10.6(-3.64 %),41130,442267000,18370,195059000,113904110,11.03
06/09/2012,148480,1561140000,10.4(-1.89 %),148480,1561140000,0,0,113755630,11.08
07/09/2012,123630,1298715000,10.5(0.96 %),123630,1298715000,0,0,113632000,11.12
10/09/2012,123930,1256742000,10(-4.76 %),187730,1900502000,63800,643760000,113508070,11.16
11/09/2012,44920,431324000,9.5(-5.00 %),44920,431324000,0,0,113463150,11.18
12/09/2012,59630,574285000,9.4(-1.05 %),59630,574285000,0,0,113403520,11.2
13/09/2012,39640,377244000,9.8(4.26 %),39640,377244000,0,0,113363880,11.21
14/09/2012,-780,-7956000,10.2(4.08 %),0,0,780,7956000,113364660,11.21
17/09/2012,373590,3859307000,10.4(1.96 %),373590,3859307000,0,0,112991070,11.34
18/09/2012,155310,1571052000,9.9(-4.81 %),155310,1571052000,0,0,112835760,11.39
19/09/2012,250500,2446405000,9.9(0.00 %),250500,2446405000,0,0,112585260,11.47
20/09/2012,296530,2880770000,9.8(-1.01 %),296530,2880770000,0,0,112288730,11.57
21/09/2012,387240,3917433000,10.2(4.08 %),703540,7128008000,316300,3210575000,111901490,11.7
24/09/2012,-83860,-815859000,9.8(-3.92 %),0,0,83860,815859000,111985350,11.67
25/09/2012,-44370,-430089000,9.6(-2.04 %),0,0,44370,430089000,112029720,11.66
26/09/2012,-44390,-424044000,9.6(0.00 %),0,0,44390,424044000,112074110,11.64
27/09/2012,-176860,-1658292000,9.2(-4.17 %),700,6640000,177560,1664932000,112250970,11.58
28/09/2012,-88780,-793638000,8.8(-4.35 %),0,0,88780,793638000,112339750,11.55
01/10/2012,0,0,8.4(-4.55 %),0,0,0,0,112356310,11.55
02/10/2012,0,0,8(-4.76 %),0,0,0,0,112356310,11.55
03/10/2012,8310,67311000,7.9(-1.25 %),8310,67311000,0,0,112348000,11.55
04/10/2012,-199000,-1557200000,7.8(-1.27 %),1000,7800000,200000,1565000000,112547000,11.48
05/10/2012,-50150,-401180000,8.1(3.85 %),100050,800400000,150200,1201580000,112597150,11.47
08/10/2012,-43930,-386001000,8.5(4.94 %),87250,728675000,131180,1114676000,112641080,11.45
09/10/2012,19360,164106000,8.6(1.18 %),63750,546760000,44390,382654000,112621720,11.46
10/10/2012,0,0,8.6(0.00 %),0,0,0,0,112621720,11.46
11/10/2012,0,0,8.5(-1.16 %),0,0,0,0,112621720,11.46
12/10/2012,0,0,8.5(0.00 %),0,0,0,0,112621720,11.46
15/10/2012,-1770,-15222000,8.3(-2.35 %),0,0,1770,15222000,112623490,11.46
16/10/2012,54010,463050000,8.7(4.82 %),54010,463050000,0,0,112569480,11.48
17/10/2012,186180,1654902000,8.8(1.15 %),186180,1654902000,0,0,112383300,11.54
18/10/2012,44380,392606000,8.8(0.00 %),44380,392606000,0,0,112338920,11.55
19/10/2012,44380,383582000,8.4(-4.55 %),44380,383582000,0,0,112294540,11.57
22/10/2012,43970,361001000,8.2(-2.38 %),44380,364445000,410,3444000,112250570,11.58
23/10/2012,44380,367854000,8.2(0.00 %),44380,367854000,0,0,112206190,11.6
24/10/2012,54380,449416000,8.3(1.22 %),54380,449416000,0,0,112151810,11.62
25/10/2012,0,0,8.2(-1.20 %),0,0,0,0,112151810,11.62
26/10/2012,41700,344440000,8.2(0.00 %),41700,344440000,0,0,112110110,11.63
29/10/2012,-6500,-53300000,8.4(2.44 %),0,0,6500,53300000,112116610,11.63
30/10/2012,0,0,8.2(-2.38 %),0,0,0,0,112116610,11.63
31/10/2012,200,1660000,8.3(1.22 %),200,1660000,0,0,112116410,11.63
01/11/2012,0,0,8.3(0.00 %),0,0,0,0,112420640,11.53
02/11/2012,-3490,-27571000,7.9(-4.82 %),0,0,3490,27571000,112424130,11.53
05/11/2012,0,0,7.8(-1.27 %),0,0,0,0,112424130,11.53
06/11/2012,0,0,7.7(-1.28 %),0,0,0,0,112424130,11.53
07/11/2012,-125000,-985500000,7.9(2.60 %),0,0,125000,985500000,112549130,11.48
08/11/2012,-20480,-162396000,7.7(-2.53 %),79520,612304000,100000,774700000,112569610,11.48
09/11/2012,-45000,-351950000,8(3.90 %),0,0,45000,351950000,112614610,11.46
12/11/2012,-7980,-66234000,8.4(5.00 %),0,0,7980,66234000,112622590,11.46
13/11/2012,-5910,-49053000,8.3(-1.19 %),0,0,5910,49053000,112628500,11.46
14/11/2012,10000,83000000,8.3(0.00 %),10000,83000000,0,0,112618500,11.46
15/11/2012,151070,1217703000,8(-3.61 %),151070,1217703000,0,0,112467430,11.51
16/11/2012,16960,137676000,8.1(1.25 %),23950,194295000,6990,56619000,112450470,11.52
19/11/2012,-5320,-43092000,8(-1.23 %),0,0,5320,43092000,112455790,11.51
20/11/2012,500,4050000,8.1(1.25 %),500,4050000,0,0,112455290,11.51
21/11/2012,0,0,8(-1.23 %),0,0,0,0,112455290,11.51
22/11/2012,0,0,8.1(1.25 %),0,0,0,0,112455290,11.51
23/11/2012,-5320,-42560000,8(-1.23 %),3000,24000000,8320,66560000,112460610,11.51
26/11/2012,-2360,-18594000,7.9(-1.25 %),500,4000000,2860,22594000,112462970,11.51
27/11/2012,-7090,-55302000,7.8(-1.27 %),0,0,7090,55302000,112470060,11.51
28/11/2012,0,0,7.8(0.00 %),713176,5348820000,713176,5348820000,112470060,11.51
29/11/2012,0,0,8(2.56 %),0,0,0,0,112470060,11.51
30/11/2012,0,0,7.9(-1.25 %),0,0,0,0,112470060,11.51
03/12/2012,86230,697141000,8.1(2.53 %),86230,697141000,0,0,112390330,11.54
04/12/2012,13820,116088000,8.4(3.70 %),13820,116088000,0,0,112376510,11.54
05/12/2012,0,0,8.6(2.38 %),0,0,0,0,112376510,11.54
06/12/2012,50000,425000000,8.4(-2.33 %),50000,425000000,0,0,112326510,11.56
07/12/2012,-113080,-965180000,8.6(2.38 %),0,0,113080,965180000,112439590,11.52
10/12/2012,-1670,-14362000,8.9(3.49 %),0,0,1670,14362000,112441260,11.52
11/12/2012,192500,1718315000,9(1.12 %),192500,1718315000,0,0,112248760,11.58
12/12/2012,44100,400500000,9.3(3.33 %),44100,400500000,0,0,112204660,11.6
13/12/2012,11610,110022000,9(-3.23 %),44100,402530000,32490,292508000,112193050,11.6
14/12/2012,-1710,-15981000,8.9(-1.11 %),48290,439019000,50000,455000000,112206370,11.6
17/12/2012,298170,2750147000,9.3(4.49 %),298170,2750147000,0,0,111908200,11.7
18/12/2012,960470,9142732000,9.6(3.23 %),960670,9144632000,200,1900000,110947730,12.02
19/12/2012,844110,8250823000,9.9(3.12 %),844110,8250823000,0,0,110103620,12.3
20/12/2012,873330,8685973000,9.9(0.00 %),1020250,10143173000,146920,1457200000,109230290,12.59
21/12/2012,1584450,15545883000,9.6(-3.03 %),1717540,16823547000,133090,1277664000,107645840,13.12
24/12/2012,141540,1391121000,9.8(2.08 %),219920,2153629000,78380,762508000,107504300,13.17
25/12/2012,16000,156800000,9.6(-2.04 %),16000,156800000,0,0,107488300,13.17
26/12/2012,142070,1379465000,9.9(3.12 %),142070,1379465000,0,0,107346230,13.22
27/12/2012,56810,565500000,9.8(-1.01 %),56810,565500000,0,0,107289420,13.24
28/12/2012,56810,560258000,10(2.04 %),56810,560258000,0,0,107232610,13.26
02/01/2013,64800,677300000,10.5(5.00 %),64800,677300000,0,0,107156200,13.28
03/01/2013,190180,1938694000,10.1(-3.81 %),190180,1938694000,0,0,106966020,13.34
04/01/2013,174340,1814054000,10.6(4.95 %),174340,1814054000,0,0,106791680,13.4
07/01/2013,446260,4937728000,11.1(4.72 %),448130,4957924000,1870,20196000,106345420,13.55
08/01/2013,768490,8892622000,11.6(4.50 %),785490,9089822000,17000,197200000,105576930,13.81
09/01/2013,629300,7206109000,11.1(-4.31 %),649300,7440609000,20000,234500000,104947630,14.02
10/01/2013,296720,3345392000,11.6(4.50 %),296720,3345392000,0,0,104650910,14.12
11/01/2013,166300,1950905000,11.5(-0.86 %),426300,4962199000,260000,3011294000,104484610,14.17
14/01/2013,247720,2856542000,11.7(1.74 %),253920,2926602000,6200,70060000,104236890,14.25
15/01/2013,99280,1175795000,11.8(0.85 %),180190,2121242000,80910,945447000,104137610,14.29
16/01/2013,151600,1882025000,11.8(0.00 %),151600,1882025000,0,0,103986010,14.34
17/01/2013,113920,1348156000,11.3(-4.24 %),113920,1348156000,0,0,103872090,14.38
18/01/2013,113920,1287436000,11.2(-0.88 %),113920,1287436000,0,0,103758170,14.41
21/01/2013,-8690,-98666000,11.3(0.89 %),2000,23200000,10690,121866000,103766860,14.41
22/01/2013,323900,3665063000,10.9(-3.54 %),323900,3665063000,0,0,103442960,14.52
23/01/2013,113860,1261732000,10.9(0.00 %),113860,1261732000,0,0,103329100,14.56
24/01/2013,113880,1277059000,11.3(3.67 %),113880,1277059000,0,0,103215220,14.59
25/01/2013,255120,2993915000,11.8(4.42 %),255120,2993915000,0,0,102960100,14.68
28/01/2013,136530,1675026000,11.8(0.00 %),136530,1675026000,0,0,102823570,14.73
29/01/2013,333850,4169108000,12.6(6.78 %),333850,4169108000,0,0,102489720,14.84
30/01/2013,591220,7773781000,13.4(6.35 %),591220,7773781000,0,0,101898500,15.03
31/01/2013,355070,4729418000,13.2(-1.49 %),377340,5024922000,22270,295504000,101543430,15.15
01/02/2013,239210,3225053000,14(6.06 %),239210,3225053000,0,0,101281950,15.24
04/02/2013,113840,1591342000,13.8(-1.43 %),113840,1591342000,0,0,101168110,15.28
05/02/2013,282340,3936629000,14.2(2.90 %),282340,3936629000,0,0,100885770,15.37
06/02/2013,185470,2717836000,15.1(6.34 %),485470,7177836000,300000,4460000000,100700300,15.43
07/02/2013,-529140,-8052584000,15.3(1.32 %),113860,1730216000,643000,9782800000,101229440,15.26
08/02/2013,-15760,-240657000,14.9(-2.61 %),134240,2044343000,150000,2285000000,101245200,15.25
18/02/2013,-18120,-263040000,15.1(1.34 %),26700,400620000,44820,663660000,101263320,15.25
19/02/2013,244170,3634253000,14.9(-1.32 %),253020,3766998000,8850,132745000,101019150,15.33
20/02/2013,202120,3021092000,15.1(1.34 %),202120,3021092000,0,0,100817030,15.39
21/02/2013,68080,1010372000,14.1(-6.62 %),113820,1674064000,45740,663692000,100748950,15.42
22/02/2013,62830,867961000,13.3(-5.67 %),113820,1558485000,50990,690524000,100686120,15.44
25/02/2013,113840,1544896000,13.7(3.01 %),113840,1544896000,0,0,100572280,15.48
26/02/2013,113840,1515840000,12.8(-6.57 %),113840,1515840000,0,0,100458440,15.51
27/02/2013,2140,33819000,12.3(-3.91 %),113840,1414950000,111700,1381131000,100456300,15.51
28/02/2013,14110,187880000,12.8(4.07 %),153420,1966910000,139310,1779030000,100442190,15.52
01/03/2013,58180,740748000,13.5(5.47 %),208180,2756748000,150000,2016000000,100005270,15.66
04/03/2013,-174940,-2380990000,13.5(0.00 %),127680,1693380000,302620,4074370000,100180210,15.61
05/03/2013,39320,520172000,12.7(-5.93 %),114180,1493858000,74860,973686000,100140890,15.62
06/03/2013,-4800,-62487000,13.5(6.30 %),114200,1507885000,119000,1570372000,100145690,15.62
07/03/2013,94950,1285542000,13.4(-0.74 %),159210,2150726000,64260,865184000,100050740,15.65
08/03/2013,36180,481632000,13.8(2.99 %),114180,1529512000,78000,1047880000,100014560,15.66
11/03/2013,-24420,-353220000,14.6(5.80 %),114180,1603350000,138600,1956570000,100038980,15.65
12/03/2013,135650,1929962000,14.2(-2.74 %),135650,1929962000,0,0,99903330,15.7
13/03/2013,130550,1845226000,13.8(-2.82 %),200350,2814968000,69800,969742000,99772780,15.74
14/03/2013,55860,771335000,14.2(2.90 %),116360,1611632000,60500,840297000,99716920,15.76
15/03/2013,737980,10641174000,14.5(2.11 %),796080,11466437000,58100,825263000,98978940,16.01
18/03/2013,-68620,-958000000,13.8(-4.83 %),44730,633285000,113350,1591285000,99047560,15.98
19/03/2013,15660,207782000,13.9(0.72 %),113960,1566752000,98300,1358970000,99031900,15.99
20/03/2013,22140,324682000,14.2(2.16 %),113940,1619842000,91800,1295160000,99009760,16.0
21/03/2013,68460,972517000,14.2(0.00 %),113960,1617828000,45500,645311000,98941300,16.02
22/03/2013,-67350,-903541000,13.7(-3.52 %),113960,1580732000,181310,2484273000,99008650,16.0
25/03/2013,146380,2017431000,13.9(1.46 %),188480,2590642000,42100,573211000,98862270,16.05
26/03/2013,49080,683824000,13.4(-3.60 %),114240,1581578000,65160,897754000,98813190,16.06
27/03/2013,-289640,-3666408000,12.8(-4.48 %),114020,1515968000,403660,5182376000,99102830,15.97
28/03/2013,114020,1457360000,12.6(-1.56 %),114020,1457360000,0,0,98988810,16.0
29/03/2013,0,0,12.3(-2.38 %),0,0,0,0,98988810,16.0
01/04/2013,114020,1421444000,12.9(4.88 %),114020,1421444000,0,0,98872140,16.04
02/04/2013,104960,1383748000,12.9(0.00 %),116320,1531928000,11360,148180000,98767180,16.08
03/04/2013,46990,617996000,12.8(-0.78 %),117790,1524236000,70800,906240000,98720190,16.09
04/04/2013,113980,1460546000,12.8(0.00 %),113980,1460546000,0,0,98606210,16.13
05/04/2013,113700,1462730000,12.9(0.78 %),113700,1462730000,0,0,98492510,16.17
08/04/2013,275450,3682127000,13.5(4.65 %),280680,3750790000,5230,68663000,98217060,16.26
09/04/2013,110640,1499504000,13.6(0.74 %),153760,2085936000,43120,586432000,98106420,16.3
10/04/2013,-255570,-3299003000,12.7(-6.62 %),0,0,255570,3299003000,98361990,16.21
11/04/2013,-247690,-3137640000,12.5(-1.57 %),51740,646750000,299430,3784390000,98609680,16.13
12/04/2013,-113680,-1404584000,12.2(-2.40 %),0,0,113680,1404584000,98723360,16.09
15/04/2013,0,0,11.5(-5.74 %),0,0,0,0,98723360,16.09
16/04/2013,-163910,-1813979000,11.1(-3.48 %),200,2240000,164110,1816219000,98887270,16.04
17/04/2013,0,0,11.2(0.90 %),0,0,0,0,98887270,16.04
18/04/2013,-265870,-2858978000,10.7(-4.46 %),0,0,265870,2858978000,99153140,15.95
22/04/2013,-374440,-3807970000,10.1(-5.61 %),3000,31500000,377440,3839470000,99527580,15.82
23/04/2013,-46680,-480476000,10.3(1.98 %),50000,516988000,96680,997464000,99574260,15.81
24/04/2013,-180440,-1849613000,10.2(-0.97 %),52000,536436000,232440,2386049000,99754700,15.75
25/04/2013,-174540,-1849032000,10.7(4.90 %),40000,422000000,214540,2271032000,99929240,15.69
26/04/2013,-40000,-436000000,10.4(-2.80 %),20000,212000000,60000,648000000,99969240,15.68
02/05/2013,-89940,-948370000,10.5(0.96 %),20060,210630000,110000,1159000000,99845860,15.72
03/05/2013,-320000,-3362024000,10.6(0.95 %),0,0,320000,3362024000,100165860,15.61
06/05/2013,0,0,11.3(6.60 %),0,0,0,0,100165860,15.61
07/05/2013,-244740,-2824276000,11.6(2.65 %),28000,331600000,272740,3155876000,100410600,15.53
08/05/2013,-442960,-5087848000,11.3(-2.59 %),57040,645152000,500000,5733000000,100853560,15.38
09/05/2013,38000,456000000,12(6.19 %),38000,456000000,0,0,100815560,15.39
10/05/2013,0,0,12(0.00 %),0,0,0,0,100815560,15.39
13/05/2013,33380,401560000,12(0.00 %),33380,401560000,0,0,100782180,15.41
14/05/2013,-107480,-1249438000,11.6(-3.33 %),312520,3641068000,420000,4890506000,100889660,15.37
15/05/2013,0,0,11.8(1.72 %),0,0,0,0,100889660,15.37
16/05/2013,103060,1232739000,12(1.69 %),103060,1232739000,0,0,100786600,15.4
17/05/2013,-55760,-673320000,12.1(0.83 %),0,0,55760,673320000,100842360,15.39
20/05/2013,50000,595000000,12.4(2.48 %),50000,595000000,0,0,100792360,15.4
21/05/2013,122070,1552289000,13(4.84 %),122070,1552289000,0,0,100670290,15.44
22/05/2013,0,0,12.9(-0.77 %),0,0,0,0,100670290,15.44
23/05/2013,-295800,-3751760000,12(-6.98 %),0,0,295800,3751760000,100966090,15.34
24/05/2013,-366080,-4498074000,12.2(1.67 %),0,0,366080,4498074000,101332170,15.22
27/05/2013,3500,44700000,12.8(4.92 %),3500,44700000,0,0,101328670,15.22
28/05/2013,-486650,-6130621000,12.7(-0.78 %),0,0,486650,6130621000,101815320,15.06
29/05/2013,-540300,-6877412000,12.8(0.79 %),9700,123940000,550000,7001352000,102355620,14.88
30/05/2013,-39000,-512900000,13.4(4.69 %),1000,13100000,40000,526000000,102394620,14.87
31/05/2013,-127630,-1679588000,13(-2.99 %),1000,13500000,128630,1693088000,102522250,14.83
03/06/2013,1000,12900000,13(0.00 %),1000,12900000,0,0,102419600,14.86
04/06/2013,-129490,-1605372000,12.3(-5.38 %),0,0,129490,1605372000,102549090,14.82
05/06/2013,-470000,-5792000000,12.4(0.81 %),0,0,470000,5792000000,103019090,14.66
06/06/2013,-300,-3780000,12.6(1.61 %),0,0,300,3780000,103019390,14.66
07/06/2013,0,0,12.8(1.59 %),0,0,0,0,103019390,14.66
10/06/2013,-200020,-2477306000,12.3(-3.91 %),0,0,200020,2477306000,103219410,14.59
11/06/2013,-456510,-5704356000,12.3(0.00 %),124490,1553044000,581000,7257400000,103675920,14.44
12/06/2013,-249790,-3072417000,12.3(0.00 %),18030,221769000,267820,3294186000,103925710,14.36
13/06/2013,-250000,-3042000000,12.2(-0.81 %),0,0,250000,3042000000,104175710,14.27
14/06/2013,-516200,-6264502000,12.2(0.00 %),0,0,516200,6264502000,104691910,14.1
17/06/2013,-303550,-3549496000,11.5(-5.74 %),0,0,303550,3549496000,104995460,14.0
18/06/2013,-427920,-4920580000,11.6(0.87 %),0,0,427920,4920580000,105423380,13.86
19/06/2013,-342950,-3965175000,11.5(-0.86 %),50000,575000000,392950,4540175000,105766330,13.74
20/06/2013,-585370,-6633868000,11.4(-0.87 %),18250,204400000,603620,6838268000,106351700,13.55
21/06/2013,-5010220,-55444404000,11(-3.51 %),148460,1643398000,5158680,57087802000,111361920,11.88
24/06/2013,-491980,-5456920000,11.1(0.91 %),0,0,491980,5456920000,111853900,11.72
25/06/2013,-267300,-2831686000,10.4(-6.31 %),20000,214000000,287300,3045686000,112121200,11.63
26/06/2013,-789600,-8105102000,10.3(-0.96 %),0,0,789600,8105102000,112910800,11.36
27/06/2013,-214920,-2254168000,10.6(2.91 %),0,0,214920,2254168000,113125720,11.29
28/06/2013,0,0,10.5(-0.94 %),0,0,0,0,113125720,11.29
01/07/2013,-53690,-558545000,10.7(1.90 %),0,0,53690,558545000,112839830,11.39
02/07/2013,-17000,-185500000,11.1(3.74 %),0,0,17000,185500000,112856830,11.38
03/07/2013,-650270,-7148875000,10.9(-1.80 %),0,0,650270,7148875000,113507100,11.16
04/07/2013,-50270,-547843000,10.9(0.00 %),0,0,50270,547843000,113557370,11.15
05/07/2013,-150000,-1635662000,10.8(-0.92 %),0,0,150000,1635662000,113707370,11.1
08/07/2013,0,0,10.5(-2.78 %),0,0,0,0,113707370,11.1
09/07/2013,-2990,-31395000,10.5(0.00 %),10,105000,3000,31500000,113710360,11.1
10/07/2013,-268350,-2812510000,10.4(-0.95 %),0,0,268350,2812510000,113978710,11.01
11/07/2013,-304250,-3137842000,10.4(0.00 %),0,0,304250,3137842000,114282960,10.91
12/07/2013,0,0,10.9(4.81 %),0,0,0,0,114282960,10.91
15/07/2013,-53670,-580003000,10.8(-0.92 %),0,0,53670,580003000,114336630,10.89
16/07/2013,0,0,10.8(0.00 %),0,0,0,0,114336630,10.89
17/07/2013,-161000,-1739910000,10.9(0.93 %),100,1080000,161100,1740990000,114497630,10.83
18/07/2013,-200,-2140000,10.6(-2.75 %),0,0,200,2140000,114497830,10.83
19/07/2013,-100,-1080000,10.7(0.94 %),0,0,100,1080000,114497930,10.83
22/07/2013,0,0,10.6(-0.93 %),0,0,0,0,114497930,10.83
23/07/2013,0,0,10.5(-0.94 %),0,0,0,0,114497930,10.83
24/07/2013,-523630,-5393895000,10.2(-2.86 %),0,0,523630,5393895000,115021560,10.66
25/07/2013,-100000,-995000000,9.8(-3.92 %),0,0,100000,995000000,115121560,10.63
26/07/2013,-153690,-1472162000,9.7(-1.02 %),0,0,153690,1472162000,115275250,10.57
29/07/2013,0,0,9.2(-5.15 %),0,0,0,0,115275250,10.57
30/07/2013,0,0,9.3(1.09 %),0,0,0,0,115275250,10.57
31/07/2013,-107380,-989634000,9.2(-1.08 %),0,0,107380,989634000,115382630,10.54
01/08/2013,0,0,9.3(1.09 %),0,0,0,0,116333460,10.22
02/08/2013,55690,528117000,9.6(3.23 %),55690,528117000,0,0,116277770,10.24
05/08/2013,0,0,9.4(-2.08 %),0,0,0,0,116277770,10.24
06/08/2013,8060,78030000,9.5(1.06 %),53680,506660000,45620,428630000,116269710,10.24
07/08/2013,100000,960000000,9.6(1.05 %),100000,960000000,0,0,116169710,10.28
08/08/2013,0,0,9.4(-2.08 %),0,0,0,0,116169710,10.28
09/08/2013,-30420,-285649000,9.3(-1.06 %),0,0,30420,285649000,116200130,10.27
12/08/2013,75000,660000000,8.9(-4.30 %),75000,660000000,0,0,116125130,10.29
13/08/2013,10000,85000000,8.5(-4.49 %),10000,85000000,0,0,116115130,10.29
14/08/2013,-1990,-17711000,9(5.88 %),0,0,1990,17711000,116117120,10.29
15/08/2013,0,0,9.6(6.67 %),0,0,0,0,116117120,10.29
16/08/2013,0,0,9.6(0.00 %),0,0,0,0,116117120,10.29
19/08/2013,-144030,-1398091000,9.7(1.04 %),0,0,144030,1398091000,116261150,10.25
20/08/2013,-47600,-457200000,9.6(-1.03 %),0,0,47600,457200000,116308750,10.23
21/08/2013,-10,-93000,9.5(-1.04 %),0,0,10,93000,116308760,10.23
22/08/2013,-553660,-5110270000,9.2(-3.16 %),0,0,553660,5110270000,116862420,10.05
23/08/2013,-936360,-8509581000,9(-2.17 %),2200,20240000,938560,8529821000,117798780,9.73
26/08/2013,-83680,-752720000,9.1(1.11 %),0,0,83680,752720000,117882460,9.71
27/08/2013,-53680,-487488000,9(-1.10 %),0,0,53680,487488000,117936140,9.69
28/08/2013,-130610,-1130929000,8.5(-5.56 %),0,0,130610,1130929000,118066750,9.64
29/08/2013,-388060,-3375932000,8.6(1.18 %),0,0,388060,3375932000,118454810,9.52
30/08/2013,0,0,8.8(2.33 %),0,0,0,0,118454810,9.52
03/09/2013,-53680,-466804000,8.6(-2.27 %),0,0,53680,466804000,118043520,9.65
04/09/2013,121980,1036830000,8.5(-1.16 %),134000,1139000000,12020,102170000,117921540,9.69
05/09/2013,100,850000,8.7(2.35 %),100,850000,0,0,117921440,9.69
06/09/2013,58780,519564000,8.8(1.15 %),58780,519564000,0,0,117862660,9.71
09/09/2013,-101820,-865470000,8.4(-4.55 %),180,1530000,102000,867000000,117964480,9.68
10/09/2013,-31000,-264700000,8.6(2.38 %),0,0,31000,264700000,117995480,9.67
11/09/2013,50260,437262000,8.7(1.16 %),50260,437262000,0,0,117945220,9.68
12/09/2013,0,0,8.9(2.30 %),0,0,0,0,117945220,9.68
13/09/2013,53790,482931000,8.9(0.00 %),53790,482931000,0,0,117891430,9.7
16/09/2013,0,0,8.8(-1.12 %),0,0,0,0,117891430,9.7
17/09/2013,0,0,8.7(-1.14 %),0,0,0,0,117891430,9.7
18/09/2013,0,0,8.6(-1.15 %),0,0,0,0,117891430,9.7
19/09/2013,0,0,8.7(1.16 %),0,0,0,0,117891430,9.7
20/09/2013,-527650,-4537590000,8.6(-1.15 %),2000,17400000,529650,4554990000,118419080,9.53
23/09/2013,0,0,9.2(6.98 %),0,0,0,0,118419080,9.53
24/09/2013,0,0,9.3(1.09 %),0,0,0,0,118419080,9.53
25/09/2013,152160,1455672000,9.7(4.30 %),152160,1455672000,0,0,118266920,9.58
26/09/2013,201370,1951452000,9.7(0.00 %),201370,1951452000,0,0,118065550,9.64
27/09/2013,66700,645184000,9.6(-1.03 %),103640,999808000,36940,354624000,117998850,9.67
30/09/2013,112360,1127343000,10.2(6.25 %),112360,1127343000,0,0,117886490,9.7
01/10/2013,15000,150000000,10(-1.96 %),15000,150000000,0,0,118406900,9.53
02/10/2013,31490,326347000,10.3(3.00 %),31490,326347000,0,0,118375410,9.54
03/10/2013,-62360,-634714000,10.3(0.00 %),0,0,62360,634714000,118437770,9.52
04/10/2013,15000,150000000,10(2.04 %),15000,150000000,0,0,118422770,9.53
07/10/2013,0,0,10(0.00 %),0,0,0,0,118422770,9.53
08/10/2013,10000,97000000,9.7(-3.00 %),10000,97000000,0,0,118412770,9.53
09/10/2013,28100,278370000,9.8(1.03 %),29000,287100000,900,8730000,118384670,9.54
10/10/2013,-30000,-287020000,9.4(-4.08 %),0,0,30000,287020000,118414670,9.53
11/10/2013,129150,1226515000,9.4(0.00 %),129150,1226515000,0,0,118285520,9.57
14/10/2013,71400,667065000,9.3(-1.06 %),71400,667065000,0,0,118214120,9.6
15/10/2013,299000,2850700000,9.6(3.23 %),300000,2860000000,1000,9300000,117915120,9.69
16/10/2013,83550,828915000,9.9(3.12 %),83550,828915000,0,0,117831570,9.72
17/10/2013,2000,20400000,10.1(2.02 %),2000,20400000,0,0,117829570,9.72
18/10/2013,512380,5330000000,10.8(6.93 %),512380,5330000000,0,0,117317190,9.89
21/10/2013,218880,2381680000,10.7(-0.93 %),228880,2491680000,10000,110000000,117098310,9.97
22/10/2013,-346120,-3659838000,10.6(-0.93 %),103880,1096661000,450000,4756499000,117444430,9.85
23/10/2013,120490,1310892000,10.8(1.89 %),164490,1793392000,44000,482500000,117323940,9.89
24/10/2013,104360,1110988000,10.7(-0.93 %),104360,1110988000,0,0,117219580,9.93
25/10/2013,852430,9038115000,10.7(0.00 %),852430,9038115000,0,0,116367150,10.21
28/10/2013,500200,5232040000,10.2(-4.67 %),500200,5232040000,0,0,115866950,10.38
29/10/2013,0,0,10.4(1.96 %),0,0,0,0,115866950,10.38
30/10/2013,0,0,10.3(-0.96 %),0,0,0,0,115866950,10.38
31/10/2013,-46350,-477405000,10.3(0.00 %),0,0,46350,477405000,115913300,10.36
01/11/2013,200,2100000,10.6(2.91 %),200,2100000,0,0,115903690,10.37
04/11/2013,744750,8039350000,11.1(4.72 %),750000,8095000000,5250,55650000,115158940,10.61
05/11/2013,-7100,-78920000,11.1(0.00 %),0,0,7100,78920000,115166040,10.61
06/11/2013,198300,2221652000,11.3(1.80 %),198300,2221652000,0,0,114967740,10.68
07/11/2013,811600,9064842000,11(-2.65 %),811600,9064842000,0,0,114156140,10.95
08/11/2013,0,0,11(0.00 %),0,0,0,0,114156140,10.95
11/11/2013,-4000,-44800000,11.3(2.73 %),0,0,4000,44800000,114160140,10.95
12/11/2013,-59920,-665946000,10.9(-3.54 %),500,5600000,60420,671546000,114220060,10.93
13/11/2013,-115830,-1255464000,10.7(-1.83 %),50000,545000000,165830,1800464000,114335890,10.89
14/11/2013,-17000,-180600000,10.8(0.93 %),0,0,17000,180600000,114352890,10.88
15/11/2013,0,0,11(1.85 %),0,0,0,0,114352890,10.88
18/11/2013,-15000,-166500000,11.1(0.91 %),0,0,15000,166500000,114367890,10.88
19/11/2013,36930,416309000,11.3(1.80 %),51930,585809000,15000,169500000,114330960,10.89
20/11/2013,168840,1903147000,11.3(0.00 %),168840,1903147000,0,0,114162120,10.95
21/11/2013,103860,1188604000,10.9(-3.54 %),103860,1188604000,0,0,114058260,10.98
22/11/2013,51930,570730000,11(0.92 %),51930,570730000,0,0,114006330,11.0
25/11/2013,0,0,10.9(-0.91 %),0,0,0,0,114006330,11.0
26/11/2013,0,0,10.9(0.00 %),0,0,0,0,114006330,11.0
27/11/2013,51930,573223000,11(0.92 %),51930,573223000,0,0,113954400,11.02
28/11/2013,0,0,11.2(1.82 %),0,0,0,0,113954400,11.02
29/11/2013,131650,1479280000,11.1(-0.89 %),131650,1479280000,0,0,113822750,11.06
02/12/2013,0,0,11.1(0.00 %),0,0,0,0,113869104,11.04
03/12/2013,43240,489848000,11.5(3.60 %),43240,489848000,0,0,113825864,11.06
04/12/2013,717450,8406175000,12(4.35 %),717450,8406175000,0,0,113108414,11.3
05/12/2013,250000,2964000000,11.9(-0.83 %),270000,3200000000,20000,236000000,112858414,11.38
06/12/2013,50000,590000000,11.8(-0.84 %),50000,590000000,0,0,112808414,11.4
09/12/2013,107240,1256056000,11.5(-2.54 %),107240,1256056000,0,0,112701174,11.43
10/12/2013,200,2280000,11.4(-0.87 %),200,2280000,0,0,112700974,11.43
11/12/2013,0,0,11(-3.51 %),0,0,0,0,112700974,11.43
12/12/2013,52150,569435000,11(0.00 %),52150,569435000,0,0,112648824,11.45
13/12/2013,0,0,11.3(2.73 %),0,0,0,0,112648824,11.45
16/12/2013,-101270,-1134224000,11.2(-0.88 %),0,0,101270,1134224000,112750094,11.42
17/12/2013,0,0,11.3(0.89 %),0,0,0,0,112750094,11.42
18/12/2013,0,0,11.2(-0.88 %),0,0,0,0,112750094,11.42
19/12/2013,-37980,-431974000,11.5(2.68 %),0,0,37980,431974000,112788074,11.4
20/12/2013,-75180,-864570000,11.5(0.00 %),215450,2477675000,290630,3342245000,112863254,11.38
23/12/2013,-151370,-1755892000,11.7(1.74 %),0,0,151370,1755892000,113014624,11.33
24/12/2013,-54450,-627425000,11.5(-1.71 %),200,2280000,54650,629705000,113069074,11.31
25/12/2013,0,0,11.3(-1.74 %),0,0,0,0,113069074,11.31
26/12/2013,5000,56000000,11.1(-1.77 %),5000,56000000,0,0,113064074,11.31
27/12/2013,23960,267652000,11(-0.90 %),23960,267652000,0,0,113040114,11.32
30/12/2013,19900,218900000,10.5(-4.55 %),19900,218900000,0,0,113020214,11.33
31/12/2013,-100,-1060000,10.8(2.86 %),0,0,100,1060000,113020314,11.33
02/01/2014,50,545000,10.7(-0.93 %),50,545000,0,0,113020164,11.33
03/01/2014,57850,614495000,10.6(-0.93 %),57850,614495000,0,0,112962314,11.35
06/01/2014,1000,10500000,10.7(0.94 %),1000,10500000,0,0,112961314,11.35
07/01/2014,0,0,10.6(-0.93 %),0,0,0,0,112961314,11.35
08/01/2014,-46790,-498240000,10.8(1.89 %),0,0,46790,498240000,113008104,11.33
09/01/2014,115090,1265399000,11(1.85 %),115090,1265399000,0,0,112893014,11.37
10/01/2014,0,0,10.8(-1.82 %),0,0,0,0,112893014,11.37
13/01/2014,0,0,10.6(-1.85 %),0,0,0,0,112893014,11.37
14/01/2014,52940,568858000,10.8(1.89 %),52940,568858000,0,0,112840074,11.39
15/01/2014,75380,811904000,10.8(0.00 %),75380,811904000,0,0,112764694,11.41
16/01/2014,105850,1137566000,11(1.85 %),105860,1137674000,10,108000,112658844,11.45
17/01/2014,406720,4439674000,10.7(-2.73 %),416720,4547674000,10000,108000000,112252124,11.58
20/01/2014,417120,4475854000,10.5(-1.87 %),417120,4475854000,0,0,111835004,11.72
21/01/2014,566030,6095675000,10.9(3.81 %),569560,6133326000,3530,37651000,111268974,11.91
22/01/2014,564210,6249139000,11(0.92 %),564210,6249139000,0,0,110704764,12.1
23/01/2014,246730,2764990000,11.5(4.55 %),264730,2968190000,18000,203200000,110458034,12.18
24/01/2014,254080,2887731000,11.3(-1.74 %),330240,3747797000,76160,860066000,110203954,12.27
27/01/2014,67290,754162000,11.1(-1.77 %),105920,1184314000,38630,430152000,110136664,12.29
06/02/2014,168100,1895410000,11.2(0.90 %),170820,1926102000,2720,30692000,109833154,12.39
07/02/2014,77280,875108000,11.2(0.00 %),105820,1197166000,28540,322058000,109755874,12.41
10/02/2014,105820,1199184000,11.5(2.68 %),105820,1199184000,0,0,109650054,12.45
11/02/2014,214040,2499706000,11.5(0.00 %),214240,2502026000,200,2320000,109436014,12.52
12/02/2014,203590,2346746000,11.7(1.74 %),203800,2349200000,210,2454000,109232424,12.59
13/02/2014,265820,3096854000,11.7(0.00 %),265820,3096854000,0,0,108966604,12.68
14/02/2014,405400,4833600000,11.9(1.71 %),405800,4838360000,400,4760000,108561204,12.81
17/02/2014,569900,6945186000,12.4(4.20 %),570300,6950026000,400,4840000,107991304,13.0
18/02/2014,925700,11641584000,12.8(3.23 %),929400,11687834000,3700,46250000,107065604,13.31
19/02/2014,116000,1490520000,12.8(0.00 %),116000,1490520000,0,0,106949604,13.35
20/02/2014,89340,1100650000,12(-6.25 %),105900,1299450000,16560,198800000,106860264,13.38
21/02/2014,92680,1082734000,11.8(-1.67 %),105780,1235726000,13100,152992000,106767584,13.41
24/02/2014,110800,1333830000,12.2(3.39 %),110800,1333830000,0,0,106656784,13.45
25/02/2014,109800,1342660000,12.3(0.82 %),109800,1342660000,0,0,106546984,13.48
26/02/2014,108780,1333872000,12.3(0.00 %),108780,1333872000,0,0,106438204,13.52
27/02/2014,106080,1378648000,12.6(2.44 %),106080,1378648000,0,0,106332124,13.56
28/02/2014,105880,1344256000,12.9(2.38 %),105880,1344256000,0,0,106226244,13.59
03/03/2014,12370,156703000,12.2(-5.43 %),105880,1328782000,93510,1172079000,106255874,13.58
04/03/2014,-127960,-1520881000,12.1(-0.82 %),118780,1419860000,246740,2940741000,106383834,13.54
05/03/2014,-140360,-1699071000,12(-0.83 %),107780,1305619000,248140,3004690000,106524194,13.49
06/03/2014,44540,548480000,12.3(2.50 %),106280,1308560000,61740,760080000,106479654,13.51
07/03/2014,-187550,-2306685000,12.4(0.81 %),105780,1308190000,293330,3614875000,106667204,13.44
10/03/2014,-1624220,-20295406000,12.5(0.81 %),105780,1319594000,1730000,21615000000,108291424,12.9
11/03/2014,-1413240,-18171720000,12.8(2.40 %),105760,1364380000,1519000,19536100000,109704664,12.43
12/03/2014,44120,567628000,12.5(-2.34 %),112780,1426456000,68660,858828000,109660544,12.45
13/03/2014,112560,1405300000,12.6(0.80 %),112760,1407800000,200,2500000,109547984,12.48
14/03/2014,105560,1325602000,12.5(-0.79 %),105760,1328102000,200,2500000,109442424,12.52
17/03/2014,-45860,-575364000,12.6(0.80 %),0,0,45860,575364000,109488284,12.5
18/03/2014,-1552400,-20405720000,13.1(3.97 %),0,0,1552400,20405720000,111040684,11.99
19/03/2014,-763000,-10203688000,13.7(4.58 %),0,0,763000,10203688000,111803684,11.73
20/03/2014,-443380,-6126206000,13.8(0.73 %),0,0,443380,6126206000,112247064,11.58
21/03/2014,-4040060,-54946545000,13.6(-1.45 %),597030,8119910000,4637090,63066455000,116287124,10.24
24/03/2014,-9270,-133488000,14.5(6.62 %),0,0,9270,133488000,116296394,10.23
25/03/2014,-8220,-116734000,14(-3.45 %),42000,612300000,50220,729034000,116304614,10.23
26/03/2014,-121070,-1676684000,13.3(-5.00 %),20800,288610000,141870,1965294000,116425684,10.19
27/03/2014,-320810,-4286317000,13.8(3.76 %),10010,133133000,330820,4419450000,116746494,10.08
28/03/2014,-83170,-1132084000,13.5(-2.17 %),810,11178000,83980,1143262000,116829664,10.06
31/03/2014,-114510,-1527685000,13.1(-2.96 %),1000,13000000,115510,1540685000,116944174,10.02
01/04/2014,-50700,-657348000,12.7(-3.05 %),19000,250800000,69700,908148000,116488374,10.17
02/04/2014,-101040,-1272271000,12.6(-0.79 %),0,0,101040,1272271000,116589414,10.14
03/04/2014,-26250,-332918000,12.9(2.38 %),47020,604056000,73270,936974000,116615664,10.13
04/04/2014,37600,473531000,12.6(-2.33 %),86020,1094358000,48420,620827000,116578064,10.14
07/04/2014,-480,-5422000,12.8(1.59 %),84020,1069252000,84500,1074674000,116578544,10.14
08/04/2014,40130,517221000,12.9(0.78 %),124020,1595856000,83890,1078635000,116538414,10.15
10/04/2014,138530,1814663000,13.1(1.55 %),140110,1835519000,1580,20856000,116399884,10.2
11/04/2014,84020,1087960000,12.9(-1.53 %),84020,1087960000,0,0,116315864,10.23
14/04/2014,83940,1078426000,12.7(-1.55 %),84000,1079200000,60,774000,116231924,10.26
15/04/2014,130190,1628515000,12(-5.51 %),130190,1628515000,0,0,116101734,10.3
16/04/2014,114000,1328600000,11.3(-5.83 %),114000,1328600000,0,0,115987734,10.34
17/04/2014,79020,926030000,11.7(3.54 %),84020,983530000,5000,57500000,115908714,10.36
18/04/2014,0,0,10.9(-6.84 %),0,0,0,0,115908714,10.36
21/04/2014,42100,452280000,10.7(-1.83 %),42100,452280000,0,0,115866614,10.38
22/04/2014,123720,1357548000,11.4(6.54 %),134140,1469126000,10420,111578000,115742894,10.42
23/04/2014,104160,1168008000,11(-3.51 %),104160,1168008000,0,0,115638734,10.45
24/04/2014,0,0,11(0.00 %),0,0,0,0,115638734,10.45
25/04/2014,367710,4119067000,11.3(2.73 %),367710,4119067000,0,0,115271024,10.58
28/04/2014,256950,2864422000,10.9(-3.54 %),424000,4726082000,167050,1861660000,115014074,10.66
29/04/2014,-21150,-230535000,10.9(0.00 %),50,545000,21200,231080000,115035224,10.65
05/05/2014,-168240,-1773721000,10.3(-5.50 %),0,0,168240,1773721000,115466984,10.51
06/05/2014,-50960,-502236000,10(-2.91 %),0,0,50960,502236000,115517944,10.49
07/05/2014,110000,1101500000,10(0.00 %),110000,1101500000,0,0,115407944,10.53
08/05/2014,-42180,-392274000,9.3(-7.00 %),10000,93000000,52180,485274000,115450124,10.52
09/05/2014,2990,17844000,9.6(3.23 %),57600,541100000,54610,523256000,115447134,10.52
12/05/2014,-168320,-1525712000,9(-6.25 %),0,0,168320,1525712000,115615454,10.46
13/05/2014,423430,3839846000,9(0.00 %),423430,3839846000,0,0,115192024,10.6
14/05/2014,765930,7215964000,9.6(6.67 %),765930,7215964000,0,0,114426094,10.86
15/05/2014,884720,8513279000,9.5(-1.04 %),884720,8513279000,0,0,113541374,11.15
16/05/2014,1101080,10860327000,10.1(6.32 %),1107080,10920327000,6000,60000000,112440294,11.52
19/05/2014,446980,4642081000,10.4(2.97 %),446980,4642081000,0,0,111993314,11.67
20/05/2014,361220,3807488000,10.7(2.88 %),361220,3807488000,0,0,111632094,11.79
21/05/2014,42200,455460000,11(2.80 %),42200,455460000,0,0,111589894,11.8
22/05/2014,372960,4002046000,10.4(-5.45 %),722960,7769516000,350000,3767470000,111216934,11.93
23/05/2014,-487590,-4980738000,10.4(0.00 %),102410,1062464000,590000,6043202000,111704524,11.77
26/05/2014,155020,1605154000,10.5(0.96 %),155020,1605154000,0,0,111549504,11.82
27/05/2014,126520,1353936000,10.8(2.86 %),126600,1354800000,80,864000,111422984,11.86
28/05/2014,152260,1652380000,10.8(0.00 %),152260,1652380000,0,0,111270724,11.91
29/05/2014,126600,1352220000,10.4(-3.70 %),126600,1352220000,0,0,111144124,11.95
30/05/2014,169430,1780327000,10.5(0.96 %),169430,1780327000,0,0,110974694,12.01
02/06/2014,149750,1583475000,10.5(0.00 %),149750,1583475000,0,0,111181434,11.94
03/06/2014,101770,1083520000,10.7(1.90 %),101770,1083520000,0,0,111079664,11.97
04/06/2014,0,0,10.3(-3.74 %),0,0,0,0,111079664,11.97
05/06/2014,-42290,-437516000,10.4(0.97 %),0,0,42290,437516000,111121954,11.96
06/06/2014,-42300,-442720000,10.6(1.92 %),0,0,42300,442720000,111164254,11.95
09/06/2014,0,0,10.8(1.89 %),0,0,0,0,111164254,11.95
10/06/2014,84540,897078000,10.4(-3.70 %),84540,897078000,0,0,111079714,11.97
11/06/2014,86540,936616000,10.9(4.81 %),87540,947516000,1000,10900000,110993174,12.0
12/06/2014,42280,470612000,11.2(2.75 %),42280,470612000,0,0,110950894,12.02
13/06/2014,42280,470208000,10.9(-2.68 %),42280,470208000,0,0,110908614,12.03
16/06/2014,18600,200220000,10.9(0.00 %),18600,200220000,0,0,110890014,12.04
17/06/2014,91220,996398000,11(0.92 %),91220,996398000,0,0,110798794,12.07
18/06/2014,1000,10800000,10.8(-1.82 %),1000,10800000,0,0,110797794,12.07
19/06/2014,0,0,10.5(-2.78 %),0,0,0,0,110797794,12.07
20/06/2014,-328100,-3375845000,10.3(-1.90 %),90000,951500000,418100,4327345000,111125894,11.96
23/06/2014,92550,959420000,10.3(0.00 %),92550,959420000,0,0,111033344,11.99
24/06/2014,125430,1304329000,10.5(1.94 %),125430,1304329000,0,0,110907914,12.03
25/06/2014,83620,911958000,11(4.76 %),83620,911958000,0,0,110824294,12.06
26/06/2014,678600,7516274000,11(0.00 %),683600,7571774000,5000,55500000,110145694,12.28
27/06/2014,441800,4835920000,10.8(-1.82 %),441800,4835920000,0,0,109703894,12.43
30/06/2014,1000,10800000,10.8(0.00 %),1000,10800000,0,0,109702894,12.43
01/07/2014,41810,453129000,10.8(0.00 %),41810,453129000,0,0,109656084,12.45
02/07/2014,-41800,-458720000,11(1.85 %),0,0,41800,458720000,109697884,12.43
03/07/2014,-1600,-18180000,11.2(1.82 %),1000,11200000,2600,29380000,109699484,12.43
04/07/2014,20000,226000000,11.2(0.00 %),20000,226000000,0,0,109679484,12.44
07/07/2014,97000,1101100000,11.3(0.89 %),100000,1135000000,3000,33900000,109582484,12.47
08/07/2014,0,0,11.5(1.77 %),0,0,0,0,109582484,12.47
09/07/2014,0,0,11.6(0.87 %),0,0,0,0,109582484,12.47
10/07/2014,-18000,-205785000,11.3(-2.59 %),0,0,18000,205785000,109584484,12.47
11/07/2014,0,0,11.3(0.00 %),0,0,0,0,109587484,0.0
14/07/2014,3500,39550000,11.3(0.00 %),3500,39550000,0,0,109583984,12.47
15/07/2014,0,0,11.4(0.88 %),0,0,0,0,109583984,12.47
16/07/2014,-2100,-24360000,11.4(0.00 %),0,0,2100,24360000,109601984,0.0
17/07/2014,0,0,11.4(0.00 %),0,0,0,0,109601984,12.47
18/07/2014,162360,1896764000,11.8(3.51 %),162360,1896764000,0,0,109601984,12.47
21/07/2014,41950,491899000,11.6(-1.69 %),41950,491899000,0,0,109397674,0.0
22/07/2014,-1000,-11500000,11.6(0.00 %),0,0,1000,11500000,109399774,0.0
23/07/2014,100,1160000,11.5(-0.86 %),100,1160000,0,0,109399674,0.0
24/07/2014,83840,962244000,11.4(-0.87 %),83840,962244000,0,0,109315834,0.0
25/07/2014,41940,478910000,11.2(-1.75 %),41940,478910000,0,0,109273894,0.0
28/07/2014,20,214000,10.6(-5.36 %),20,214000,0,0,109274874,0.0
29/07/2014,58000,620600000,10.7(0.94 %),58000,620600000,0,0,109216874,0.0
30/07/2014,0,0,10.6(-0.93 %),0,0,0,0,109216874,0.0
31/07/2014,10380,111066000,10.7(0.94 %),10380,111066000,0,0,109206494,0.0
01/08/2014,0,0,10.7(0.00 %),0,0,0,0,109206494,0.0
04/08/2014,0,0,10.7(0.00 %),0,0,0,0,109206494,0.0
05/08/2014,0,0,10.9(1.87 %),0,0,0,0,109206494,0.0
06/08/2014,24220,271264000,11(0.92 %),24220,271264000,0,0,109206494,12.6
07/08/2014,-64970,-708873000,11.1(0.91 %),0,0,64970,708873000,109271464,12.58
08/08/2014,23000,257100000,11.2(0.90 %),23000,257100000,0,0,109159274,0.0
11/08/2014,171490,1926197000,11.5(2.68 %),215000,2411559000,43510,485362000,108944274,0.0
12/08/2014,-98210,-1118494000,11.6(0.87 %),0,0,98210,1118494000,108944274,0.0
13/08/2014,-30020,-359738000,12(3.45 %),0,0,30020,359738000,109009244,0.0
14/08/2014,-22150,-260000000,11.7(-2.50 %),20000,240000000,42150,500000000,109009244,12.66
15/08/2014,10000,118000000,11.7(0.00 %),10000,118000000,0,0,109032754,12.66
18/08/2014,0,0,11.8(0.85 %),0,0,0,0,109120964,0.0
19/08/2014,0,0,12(1.69 %),0,0,0,0,109150984,0.0
20/08/2014,0,0,11.9(-0.83 %),0,0,0,0,109193134,0.0
21/08/2014,0,0,11.7(-1.68 %),0,0,0,0,109193134,0.0
22/08/2014,520000,6228103000,11.8(0.85 %),620000,7408103000,100000,1180000000,109193134,12.6
25/08/2014,52130,624260000,11.9(0.85 %),52130,624260000,0,0,108573134,12.81
26/08/2014,-84340,-999380000,11.8(-0.84 %),0,0,84340,999380000,108521004,12.83
27/08/2014,187880,2222596000,11.9(0.85 %),200000,2364600000,12120,142004000,108521004,12.83
28/08/2014,0,0,11.8(-0.84 %),0,0,0,0,108421004,12.86
29/08/2014,0,0,11.8(0.00 %),0,0,0,0,108421004,0.0
03/09/2014,774800,9534942000,12.5(5.93 %),777000,9562442000,2200,27500000,108505344,12.83
04/09/2014,25310,317544000,12.3(-1.60 %),55310,692544000,30000,375000000,107685154,0.0
05/09/2014,-93490,-1134227000,12.7(3.25 %),126510,1573773000,220000,2708000000,107558644,0.0
08/09/2014,117510,1499779000,12.6(-0.79 %),127510,1627779000,10000,128000000,107558644,13.15
09/09/2014,95340,1172084000,11.8(-6.35 %),95340,1172084000,0,0,107433334,13.19
10/09/2014,130980,1547264000,11.9(0.85 %),130980,1547264000,0,0,107237014,0.0
11/09/2014,-19600,-233240000,11.9(0.00 %),0,0,19600,233240000,107457014,0.0
12/09/2014,2000,24000000,12.1(1.68 %),2000,24000000,0,0,107465014,0.0
15/09/2014,-42170,-502840000,11.8(-2.48 %),0,0,42170,502840000,107465014,13.18
16/09/2014,-663840,-7698452000,11.6(-1.69 %),0,0,663840,7698452000,107465014,0.0
17/09/2014,-1383660,-16124547000,11.5(-0.86 %),0,0,1383660,16124547000,107484614,0.0
18/09/2014,0,0,11.2(-2.61 %),0,0,0,0,107484614,0.0
19/09/2014,-3492830,-39129596000,11.2(0.00 %),508550,5697860000,4001380,44827456000,107018234,0.0
22/09/2014,2440,24720000,11.1(-0.89 %),35460,401148000,33020,376428000,107646614,0.0
23/09/2014,100110,1119671000,11.2(0.90 %),100110,1119671000,0,0,108930164,0.0
24/09/2014,-730810,-8233352000,11.3(0.89 %),141090,1594417000,871900,9827769000,109660974,12.45
25/09/2014,-385540,-4365156000,11.4(0.88 %),57460,652044000,443000,5017200000,110046514,12.32
26/09/2014,1102200,12964020000,11.5(0.88 %),1102200,12964020000,0,0,108944314,12.69
29/09/2014,0,0,11.9(3.48 %),0,0,0,0,111663814,0.0
30/09/2014,3000,36600000,12.2(2.52 %),3000,36600000,0,0,112532714,0.0
01/10/2014,0,0,12.4(1.64 %),0,0,0,0,112975714,0.0
02/10/2014,9000,117000000,13.1(5.65 %),9000,117000000,0,0,112966714,0.0
03/10/2014,-75060,-986561000,13.1(0.00 %),0,0,75060,986561000,112966714,0.0
06/10/2014,500,6800000,13.5(3.05 %),500,6800000,0,0,112966214,0.0
07/10/2014,-10080,-138096000,13.4(-0.74 %),0,0,10080,138096000,112966214,0.0
08/10/2014,-218000,-2834000000,13(-2.99 %),10000,130000000,228000,2964000000,112956214,0.0
09/10/2014,-1000,-13100000,12.9(-0.77 %),0,0,1000,13100000,113031274,0.0
10/10/2014,0,0,12.7(-1.55 %),0,0,0,0,113031274,0.0
13/10/2014,-9000,-113400000,13(2.36 %),0,0,9000,113400000,113040274,11.32
14/10/2014,27310,363583000,12.8(-1.54 %),28510,379183000,1200,15600000,113012964,11.33
15/10/2014,-113030,-1430084000,12.6(-1.56 %),10000,128000000,123030,1558084000,113125994,11.29
16/10/2014,-216060,-2663565000,11.9(-5.56 %),0,0,216060,2663565000,113342054,11.22
17/10/2014,-257650,-3054500000,12.1(1.68 %),0,0,257650,3054500000,113599704,11.13
20/10/2014,-71970,-874843000,12(-0.83 %),90,1089000,72060,875932000,113671674,11.11
21/10/2014,-190150,-2288615000,12.2(1.67 %),0,0,190150,2288615000,113861824,11.05
22/10/2014,-70060,-854638000,12(-1.64 %),2000,24000000,72060,878638000,113931884,11.02
23/10/2014,-36020,-411332000,11.2(-6.67 %),0,0,36020,411332000,113967904,11.01
24/10/2014,401000,4360800000,10.9(-2.68 %),401000,4360800000,0,0,113566904,11.14
27/10/2014,-69590,-712718000,10.2(-6.42 %),0,0,69590,712718000,113636494,11.12
29/10/2014,-183830,-1844949000,10.1(6.32 %),52190,513093000,236020,2358042000,113820324,11.06
30/10/2014,-976190,-9557977000,9.6(-4.95 %),109200,1102760000,1085390,10660737000,114796514,10.73
31/10/2014,-1273250,-12369351000,9.8(2.08 %),76760,745746000,1350010,13115097000,116069764,10.31
03/11/2014,116490,1136722000,9.7(-1.02 %),116490,1136722000,0,0,115414244,10.53
04/11/2014,-1400,-13440000,9.5(-2.06 %),0,0,1400,13440000,115415644,10.53
05/11/2014,4000,38400000,9.2(-3.16 %),4000,38400000,0,0,115411644,10.53
06/11/2014,-194700,-1791240000,9.3(1.09 %),5300,48760000,200000,1840000000,115606344,10.46
07/11/2014,21490,198457000,9.2(-1.08 %),21490,198457000,0,0,115584854,10.47
10/11/2014,500,4550000,9.1(-1.09 %),500,4550000,0,0,115584354,10.47
11/11/2014,4700,42920000,9(-1.10 %),4700,42920000,0,0,115579654,10.47
12/11/2014,10500,93650000,9(0.00 %),15500,138150000,5000,44500000,115569154,10.48
13/11/2014,24100,230010000,9.3(3.33 %),33500,315550000,9400,85540000,115545054,10.48
14/11/2014,18300,169090000,9.1(-2.15 %),18300,169090000,0,0,115526754,10.49
17/11/2014,0,0,9.3(2.20 %),0,0,0,0,115526754,10.49
18/11/2014,-72020,-674410000,9.3(0.00 %),0,0,72020,674410000,115598774,10.47
19/11/2014,0,0,9.2(-1.08 %),0,0,0,0,115598774,10.47
20/11/2014,58230,535390000,9.2(0.00 %),58230,535390000,0,0,118139944,0.0
21/11/2014,72020,660580000,9.1(-1.09 %),72020,660580000,0,0,118067924,0.0
24/11/2014,-357960,-3186240000,8.8(-3.30 %),42040,373760000,400000,3560000000,118097904,0.0
25/11/2014,108320,936510000,8.6(-2.27 %),108320,936510000,0,0,117989584,0.0
26/11/2014,111000,950300000,8.4(-2.33 %),111000,950300000,0,0,117878584,0.0
27/11/2014,-55600,-450220000,8.1(-3.57 %),4400,35780000,60000,486000000,117874184,0.0
28/11/2014,-891240,-7487620000,8.4(3.70 %),17000,141600000,908240,7629220000,118257184,0.0
01/12/2014,38270,317640000,8.3(-1.19 %),38270,317640000,0,0,118218914,0.0
02/12/2014,7000,57500000,8.2(-1.20 %),7000,57500000,0,0,118211914,0.0
03/12/2014,57000,461700000,8.1(-1.22 %),57000,461700000,0,0,118214914,0.0
04/12/2014,200,1620000,8.2(1.23 %),200,1620000,0,0,119122954,0.0
05/12/2014,36030,295450000,8.2(0.00 %),36030,295450000,0,0,119086924,0.0
08/12/2014,-57240,-469370000,8.1(-1.22 %),0,0,57240,469370000,119086924,0.0
09/12/2014,37000,296000000,7.7(-4.94 %),37000,296000000,0,0,119049924,0.0
10/12/2014,-26020,-204410000,8(3.90 %),10000,77000000,36020,281410000,119039924,0.0
11/12/2014,-101260,-822220000,8.2(2.50 %),7000,57300000,108260,879520000,119032924,0.0
12/12/2014,2400,19440000,8.2(0.00 %),2400,19440000,0,0,119030524,9.32
15/12/2014,-487550,-3983080000,8(-2.44 %),0,0,487550,3983080000,119087764,0.0
16/12/2014,-149170,-1195760000,7.9(-1.25 %),2000,16000000,151170,1211760000,119121784,0.0
17/12/2014,-77070,-610110000,7.8(-1.27 %),0,0,77070,610110000,119230044,0.0
18/12/2014,-442740,-3515520000,8(2.56 %),0,0,442740,3515520000,119230044,0.0
19/12/2014,-2060630,-15726920000,7.6(-5.00 %),374750,2886720000,2435380,18613640000,119342844,0.0
22/12/2014,0,0,7.7(1.32 %),0,0,0,0,119342844,9.22
23/12/2014,67430,488080000,7.2(-6.49 %),67430,488080000,0,0,119503654,0.0
24/12/2014,38000,277400000,7.3(1.39 %),38000,277400000,0,0,119908394,0.0
25/12/2014,80000,560400000,7(-4.11 %),80000,560400000,0,0,122263774,0.0
26/12/2014,10780,73642000,6.6(-5.71 %),10780,73642000,0,0,122252994,8.25
29/12/2014,123170,800467000,6.3(-4.55 %),123170,800467000,0,0,122129824,8.29
30/12/2014,-7690,-49247000,6.7(6.35 %),310,1953000,8000,51200000,122137514,8.29
31/12/2014,200700,1424970000,7.1(5.97 %),200950,1426745000,250,1775000,121936814,8.35
05/01/2015,94700,696525000,7.3(2.82 %),115150,847710000,20450,151185000,121813414,8.4
06/01/2015,97650,703480000,7.4(1.37 %),135650,984680000,38000,281200000,121715764,8.43
07/01/2015,1150,8395000,7.1(-4.05 %),96150,701895000,95000,693500000,121714614,8.43
08/01/2015,94800,635160000,6.7(-5.63 %),99800,668660000,5000,33500000,121619814,8.46
09/01/2015,118580,747054000,6.3(-5.97 %),123580,778554000,5000,31500000,121501234,8.5
12/01/2015,400310,2399775000,6(-4.76 %),401810,2408625000,1500,8850000,121100924,8.63
13/01/2015,-51450,-303751000,6.4(6.67 %),89100,567659000,140550,871410000,121152374,8.62
14/01/2015,-69820,-421004000,6.2(-3.12 %),122680,791782000,192500,1212786000,121222194,8.59
15/01/2015,-199140,-1253214000,6.4(3.23 %),10680,67152000,209820,1320366000,121421334,8.53
16/01/2015,24130,152019000,6.3(-1.56 %),24130,152019000,0,0,121397204,8.53
19/01/2015,-5090,-32067000,6.2(-1.59 %),410,2583000,5500,34650000,121402294,8.53
20/01/2015,-12000,-74400000,6.2(0.00 %),0,0,12000,74400000,121414294,8.53
21/01/2015,-5500,-34400000,6.1(-1.61 %),3500,21400000,9000,55800000,121419794,8.53
22/01/2015,-8180,-48498000,6.1(0.00 %),10820,67002000,19000,115500000,121427974,8.52
23/01/2015,-9940,-60634000,6.1(0.00 %),60,366000,10000,61000000,121437914,8.52
26/01/2015,-2980,-17476000,6.3(3.28 %),5000,32000000,7980,49476000,121440894,8.52
27/01/2015,33460,209204000,6.2(-1.59 %),45280,283470000,11820,74266000,121407434,8.53
28/01/2015,171530,1050333000,6.1(-1.61 %),171590,1050699000,60,366000,121235904,8.59
29/01/2015,119500,752850000,6.3(3.28 %),119500,752850000,0,0,121116404,8.63
30/01/2015,0,0,6.1(-3.17 %),0,0,0,0,121116404,8.63
02/02/2015,-64020,-382522000,5.7(-6.56 %),100,610000,64120,383132000,121144944,8.62
03/02/2015,-13860,-75802000,5.5(-3.51 %),18200,103740000,32060,179542000,121158804,8.61
04/02/2015,-159280,-833554000,5.2(-5.45 %),22560,117582000,181840,951136000,121318084,8.56
05/02/2015,8180,41648000,5(-3.85 %),27180,136648000,19000,95000000,121309904,8.56
06/02/2015,22020,114104000,5.2(4.00 %),22020,114104000,0,0,121287884,8.57
09/02/2015,92630,474974000,5.1(-1.92 %),109630,561674000,17000,86700000,121195254,8.6
10/02/2015,134940,674700000,5(-1.96 %),144940,724700000,10000,50000000,121060314,8.65
11/02/2015,78130,401295000,5.1(2.00 %),98110,500195000,19980,98900000,120982184,8.67
12/02/2015,92450,468147000,5.1(0.00 %),101450,514047000,9000,45900000,120889734,8.7
13/02/2015,136840,684200000,5(-1.96 %),136840,684200000,0,0,120752894,8.75
24/02/2015,9400,49820000,5.3(6.00 %),10000,53000000,600,3180000,120743494,8.75
25/02/2015,-400,-2240000,5.6(5.66 %),0,0,400,2240000,120743894,8.75
26/02/2015,380950,2242053000,5.9(5.36 %),393430,2314165000,12480,72112000,120362944,8.88
27/02/2015,85870,495593000,5.7(-3.39 %),100870,583093000,15000,87500000,120277074,8.91
02/03/2015,112140,606760000,5.4(-5.26 %),114540,619720000,2400,12960000,120198834,8.93
03/03/2015,192360,1014974000,5.4(0.00 %),192360,1014974000,0,0,120006474,9.0
04/03/2015,113530,598498000,5.2(-3.70 %),128630,678528000,15100,80030000,119892944,9.04
05/03/2015,26370,139373000,5.5(5.77 %),95760,508528000,69390,369155000,119866574,9.04
06/03/2015,-341580,-1810876000,5.3(-3.64 %),5070,26871000,346650,1837747000,120208154,8.93
09/03/2015,14220,74366000,5.3(0.00 %),14220,74366000,0,0,120193934,8.94
10/03/2015,-32000,-169600000,5.3(0.00 %),16000,84800000,48000,254400000,120225934,8.92
11/03/2015,-9750,-50590000,5.2(-1.89 %),25150,130890000,34900,181480000,120235684,8.92
12/03/2015,-5740,-30544000,5.2(0.00 %),2160,11326000,7900,41870000,120241424,8.92
13/03/2015,85870,437937000,5.1(-1.92 %),85870,437937000,0,0,120155554,8.95
16/03/2015,76570,398162000,5.2(1.96 %),76570,398162000,0,0,120078984,8.97
17/03/2015,-424690,-2158134000,5.1(-1.92 %),292960,1509005000,717650,3667139000,120503674,8.83
18/03/2015,-412460,-2090450000,5(-1.96 %),6190,31569000,418650,2122019000,120916134,8.69
19/03/2015,-66370,-330597000,5(0.00 %),56020,283902000,122390,614499000,120982504,8.67
20/03/2015,-1769100,-8845500000,5(0.00 %),2682220,13411100000,4451320,22256600000,122751604,8.08
23/03/2015,-525740,-2647556000,5(0.00 %),90,453000,525830,2648009000,123277344,7.91
24/03/2015,69030,339050000,4.9(-2.00 %),69030,339050000,0,0,123208314,7.93
25/03/2015,69030,339050000,4.9(0.00 %),69030,339050000,0,0,123139284,7.95
26/03/2015,-262730,-1287377000,4.9(0.00 %),400,1960000,263130,1289337000,123402014,7.87
27/03/2015,-511990,-2483655000,4.8(-2.04 %),14270,69019000,526260,2552674000,123914004,7.7
30/03/2015,-187500,-885000000,4.6(-4.17 %),450,2160000,187950,887160000,124101504,7.63
31/03/2015,91400,421640000,4.6(0.00 %),91400,421640000,0,0,124010104,7.66
01/04/2015,-104960,-471816000,4.4(-4.35 %),25040,115184000,130000,587000000,123447184,7.85
02/04/2015,300000,1410000000,4.7(6.82 %),300000,1410000000,0,0,123147184,7.95
03/04/2015,-54260,-265974000,4.9(4.26 %),0,0,54260,265974000,123201444,7.93
06/04/2015,-153410,-725661000,4.7(-4.08 %),6990,32853000,160400,758514000,123354854,7.88
07/04/2015,-213630,-993252000,4.7(0.00 %),11910,54786000,225540,1048038000,123568484,7.81
08/04/2015,-338240,-1563735000,4.6(-2.13 %),70,322000,338310,1564057000,123906724,7.7
09/04/2015,-37650,-175658000,4.7(2.17 %),6930,32568000,44580,208226000,123944374,7.69
10/04/2015,-1910,-8977000,4.7(0.00 %),5000,23500000,6910,32477000,123946284,7.68
13/04/2015,23500,108100000,4.6(-2.13 %),23500,108100000,0,0,123922784,7.69
14/04/2015,57320,259499000,4.5(-2.17 %),62590,283214000,5270,23715000,123865464,7.71
15/04/2015,94980,430810000,4.4(-2.22 %),94980,430810000,0,0,123770484,7.74
16/04/2015,87270,392715000,4.5(2.27 %),112770,507465000,25500,114750000,123683214,7.77
17/04/2015,259130,1174385000,4.5(0.00 %),259130,1174385000,0,0,123424084,7.86
20/04/2015,132110,587555000,4.4(-2.22 %),132110,587555000,0,0,123291974,7.9
21/04/2015,132500,569500000,4.3(-2.27 %),132500,569500000,0,0,123159474,7.95
22/04/2015,112210,481843000,4.2(-2.33 %),112210,481843000,0,0,123047264,7.98
23/04/2015,112670,478981000,4.2(0.00 %),112670,478981000,0,0,122934594,8.02
24/04/2015,106170,445914000,4.2(0.00 %),119170,500514000,13000,54600000,122828424,8.06
27/04/2015,113170,452680000,4(-4.76 %),113170,452680000,0,0,122715254,8.09
04/05/2015,132260,502588000,3.8(-5.00 %),132260,502588000,0,0,123414204,7.86
05/05/2015,113060,407016000,3.6(-5.26 %),113060,407016000,0,0,123301144,7.9
06/05/2015,112350,381990000,3.4(-5.56 %),112350,381990000,0,0,123188794,7.94
07/05/2015,112360,359552000,3.2(-5.88 %),112360,359552000,0,0,123076434,7.97
08/05/2015,112350,337050000,3(-6.25 %),112350,337050000,0,0,122964084,8.01
11/05/2015,-252590,-712201000,2.8(-6.67 %),147340,415602000,399930,1127803000,123216674,7.93
12/05/2015,-56200,-162310000,2.9(3.57 %),30700,88060000,86900,250370000,123272874,7.91
13/05/2015,166000,514600000,3.1(6.90 %),181000,561100000,15000,46500000,123106874,7.96
14/05/2015,117980,353940000,2.9(-6.45 %),157980,473940000,40000,120000000,122988894,8.0
15/05/2015,-230,-667000,2.7(-6.90 %),0,0,230,667000,122989124,8.0
18/05/2015,10,28000,2.6(-3.70 %),10,28000,0,0,122989114,8.0
19/05/2015,-2560,-11100000,2.5(-3.85 %),47440,118900000,50000,130000000,122991674,8.0
20/05/2015,470970,1151668000,2.5(0.00 %),530970,1298668000,60000,147000000,122520704,8.16
21/05/2015,113300,290740000,2.6(4.00 %),113300,290740000,0,0,122407404,8.2
22/05/2015,-49580,-123950000,2.5(-3.85 %),123320,308525000,172900,432475000,122456984,8.18
25/05/2015,-145710,-349704000,2.4(-4.00 %),4290,10296000,150000,360000000,122602694,8.13
26/05/2015,91950,229631000,2.5(4.17 %),101950,254631000,10000,25000000,122510744,8.16
27/05/2015,20000,52000000,2.6(4.00 %),20000,52000000,0,0,122490744,8.17
28/05/2015,114000,307800000,2.7(3.85 %),114000,307800000,0,0,122376744,8.21
29/05/2015,383930,1077004000,2.8(3.70 %),416620,1166536000,32690,89532000,121992814,8.34
01/06/2015,148280,415184000,2.8(0.00 %),148280,415184000,0,0,121824844,8.39
02/06/2015,115780,317612000,2.7(-3.57 %),115790,317639000,10,27000,121709064,8.43
03/06/2015,38430,103761000,2.7(0.00 %),38430,103761000,0,0,121670634,8.44
04/06/2015,827020,2232954000,2.8(3.70 %),827020,2232954000,0,0,120843614,8.72
05/06/2015,-42000,-113400000,2.7(-3.57 %),0,0,42000,113400000,120885614,8.7
08/06/2015,-914600,-2377965000,2.6(-3.70 %),0,0,914600,2377965000,121800214,8.4
09/06/2015,-18000,-46800000,2.6(0.00 %),0,0,18000,46800000,121818214,8.39
10/06/2015,-91660,-238316000,2.6(0.00 %),1340,3484000,93000,241800000,121909874,8.36
11/06/2015,0,0,2.7(3.85 %),0,0,0,0,121909874,8.36
12/06/2015,10,27000,2.6(-3.70 %),10,27000,0,0,121909864,8.36
15/06/2015,-8089040,-20244824000,2.5(-3.85 %),15010,38926000,8104050,20283750000,129998904,5.67
16/06/2015,-11990,-31175000,2.6(4.00 %),10,25000,12000,31200000,130010894,5.66
17/06/2015,-22980,-62046000,2.7(3.85 %),20,54000,23000,62100000,130033874,5.66
18/06/2015,-2472320,-6922496000,2.8(3.70 %),0,0,2472320,6922496000,132506194,4.83
19/06/2015,-9869250,-28620825000,2.9(3.57 %),20000,58000000,9889250,28678825000,142375444,1.54
22/06/2015,58110,175341000,3(3.45 %),73110,220341000,15000,45000000,142317334,1.56
23/06/2015,-45000,-125500000,2.8(-6.67 %),5000,14500000,50000,140000000,142362334,1.55
24/06/2015,39990,107974000,2.7(-3.57 %),39990,107974000,0,0,142322344,1.56
25/06/2015,73010,204427000,2.8(3.70 %),73010,204427000,0,0,142249334,1.58
26/06/2015,0,0,2.8(0.00 %),0,0,0,0,142249334,1.58
29/06/2015,0,0,2.7(-3.57 %),0,0,0,0,142249334,1.58
30/06/2015,1200640,3114664000,2.7(0.00 %),1270640,3303664000,70000,189000000,141048694,1.98
01/07/2015,0,0,2.7(0.00 %),0,0,0,0,141011384,2.0
02/07/2015,729620,1979974000,2.8(3.70 %),732620,1988074000,3000,8100000,140281764,2.24
03/07/2015,112610,300549000,2.8(0.00 %),147590,398493000,34980,97944000,140169154,2.28
06/07/2015,-172800,-466540000,2.7(-3.57 %),50200,135560000,223000,602100000,140341954,2.22
07/07/2015,-32260,-87102000,2.7(0.00 %),0,0,32260,87102000,140374214,2.21
08/07/2015,-29000,-73300000,2.6(-3.70 %),21000,56700000,50000,130000000,140403214,2.2
09/07/2015,50000,125000000,2.5(-3.85 %),50000,125000000,0,0,140353214,2.22
10/07/2015,-122200,-293480000,2.5(0.00 %),0,0,122200,293480000,140475414,2.17
13/07/2015,7300,17520000,2.4(-4.00 %),7300,17520000,0,0,140468114,2.18
14/07/2015,-22100,-50830000,2.3(-4.17 %),0,0,22100,50830000,140490214,2.17
15/07/2015,-165870,-397230000,2.4(4.35 %),0,0,165870,397230000,140656084,2.11
16/07/2015,-3900,-9750000,2.5(4.17 %),0,0,3900,9750000,140659984,2.11
17/07/2015,-200,-520000,2.6(4.00 %),0,0,200,520000,140660184,2.11
20/07/2015,-50000,-130000000,2.7(3.85 %),0,0,50000,130000000,140710184,2.1
21/07/2015,1401230,3673206000,2.6(-3.70 %),1401230,3673206000,0,0,139308954,2.56
22/07/2015,600000,1580000000,2.7(3.85 %),600000,1580000000,0,0,138708954,2.76
23/07/2015,0,0,2.6(-3.70 %),0,0,0,0,138708954,2.76
24/07/2015,0,0,2.5(-3.85 %),0,0,0,0,138708954,2.76
27/07/2015,0,0,2.6(4.00 %),0,0,0,0,138708954,2.76
28/07/2015,0,0,2.5(-3.85 %),0,0,0,0,138708954,2.76
29/07/2015,0,0,2.4(-4.00 %),0,0,0,0,138708954,2.76
30/07/2015,-525780,-1314450000,2.5(4.17 %),0,0,525780,1314450000,139234734,2.59
31/07/2015,-376200,-938600000,2.5(0.00 %),38000,96900000,414200,1035500000,139610934,2.46
03/08/2015,0,0,2.5(0.00 %),0,0,0,0,138740954,2.75
04/08/2015,0,0,2.4(-4.00 %),0,0,0,0,138740954,2.75
05/08/2015,0,0,2.5(4.17 %),0,0,0,0,138740954,2.75
06/08/2015,0,0,2.5(0.00 %),0,0,0,0,138740954,2.75
07/08/2015,0,0,2.5(0.00 %),0,0,0,0,138740954,2.75
10/08/2015,1000,2500000,2.5(0.00 %),1000,2500000,0,0,138739954,2.75
11/08/2015,0,0,2.5(0.00 %),0,0,0,0,138739954,2.75
12/08/2015,0,0,2.5(0.00 %),0,0,0,0,138739954,2.75
13/08/2015,0,0,2.5(0.00 %),0,0,0,0,138739954,2.75
14/08/2015,0,0,2.6(4.00 %),0,0,0,0,138739954,2.75
17/08/2015,0,0,2.5(-3.85 %),0,0,0,0,138739954,2.75
18/08/2015,0,0,2.5(0.00 %),0,0,0,0,138739954,2.75
19/08/2015,120,300000,2.4(-4.00 %),120,300000,0,0,138739834,2.75
20/08/2015,0,0,2.3(-4.17 %),0,0,0,0,138739834,2.75
21/08/2015,30,70000,2.3(0.00 %),30,70000,0,0,138739804,2.75
24/08/2015,150,330000,2.2(-4.35 %),150,330000,0,0,138739654,2.75
25/08/2015,-590,-1360000,2.3(4.55 %),0,0,590,1360000,138740244,2.75
26/08/2015,60,140000,2.4(4.35 %),60,140000,0,0,138740184,2.75
27/08/2015,80,200000,2.5(4.17 %),80,200000,0,0,138740104,2.75
28/08/2015,80,210000,2.6(4.00 %),80,210000,0,0,138740024,2.75
31/08/2015,70,190000,2.7(3.85 %),70,190000,0,0,138739954,2.75
01/09/2015,300,840000,2.8(3.70 %),300,840000,0,0,139679634,2.44
03/09/2015,0,0,2.7(-3.57 %),0,0,0,0,139679634,2.44
04/09/2015,400,1040000,2.6(-3.70 %),400,1040000,0,0,139679234,2.44
07/09/2015,0,0,2.5(-3.85 %),0,0,0,0,139679234,2.44
08/09/2015,-890,-2140000,2.5(0.00 %),0,0,890,2140000,139680124,2.44
09/09/2015,10000,25000000,2.5(0.00 %),10000,25000000,0,0,139670124,2.44
10/09/2015,0,0,2.4(-4.00 %),0,0,0,0,139670124,2.44
11/09/2015,2000,5000000,2.5(4.17 %),2000,5000000,0,0,139668124,2.44
14/09/2015,0,0,2.4(-4.00 %),0,0,0,0,139668124,2.44
15/09/2015,0,0,2.4(0.00 %),0,0,0,0,139668124,2.44
16/09/2015,0,0,2.4(0.00 %),0,0,0,0,139668124,2.44
17/09/2015,0,0,2.4(0.00 %),0,0,0,0,139668124,2.44
18/09/2015,0,0,2.4(0.00 %),0,0,0,0,139668124,2.44
21/09/2015,0,0,2.4(0.00 %),0,0,0,0,139668124,2.44
22/09/2015,0,0,2.4(0.00 %),0,0,0,0,139668124,2.44
23/09/2015,0,0,2.4(0.00 %),0,0,0,0,139668124,2.44
24/09/2015,0,0,2.4(0.00 %),0,0,0,0,139668124,2.44
25/09/2015,-35260,-88150000,2.5(4.17 %),0,0,35260,88150000,139703384,2.43
28/09/2015,0,0,2.5(0.00 %),0,0,0,0,139703384,2.43
29/09/2015,0,0,2.4(-4.00 %),0,0,0,0,139703384,2.43
30/09/2015,0,0,2.4(0.00 %),0,0,0,0,139703384,2.43
01/10/2015,0,0,2.5(4.17 %),0,0,0,0,139703384,2.43
02/10/2015,0,0,2.4(-4.00 %),0,0,0,0,139703384,2.43
05/10/2015,0,0,2.4(0.00 %),0,0,0,0,139703384,2.43
06/10/2015,0,0,2.4(0.00 %),0,0,0,0,139703384,2.43
07/10/2015,0,0,2.4(0.00 %),0,0,0,0,139703384,2.43
08/10/2015,0,0,2.4(0.00 %),0,0,0,0,139703384,2.43
09/10/2015,0,0,2.5(4.17 %),0,0,0,0,139703384,2.43
12/10/2015,0,0,2.5(0.00 %),0,0,0,0,139703384,2.43
13/10/2015,0,0,2.5(0.00 %),0,0,0,0,139703384,2.43
14/10/2015,0,0,2.4(-4.00 %),0,0,0,0,139703384,2.43
15/10/2015,0,0,2.4(0.00 %),0,0,0,0,139703384,2.43
16/10/2015,-142630,-342310000,2.4(0.00 %),0,0,142630,342310000,139846014,2.38
19/10/2015,-158000,-388700000,2.5(4.17 %),0,0,158000,388700000,140004014,2.33
20/10/2015,-287000,-688800000,2.4(-4.00 %),0,0,287000,688800000,140291014,2.24
21/10/2015,0,0,2.4(0.00 %),0,0,0,0,140291014,2.24
22/10/2015,0,0,2.4(0.00 %),0,0,0,0,140291014,2.24
23/10/2015,0,0,2.4(0.00 %),0,0,0,0,140291014,2.24
26/10/2015,0,0,2.5(4.17 %),0,0,0,0,140291014,2.24
27/10/2015,0,0,2.6(4.00 %),0,0,0,0,140291014,2.24
28/10/2015,0,0,2.7(3.85 %),0,0,0,0,140291014,2.24
29/10/2015,0,0,2.8(3.70 %),0,0,0,0,140291014,2.24
30/10/2015,0,0,2.9(3.57 %),0,0,0,0,140291014,2.24
02/11/2015,-41000,-118900000,2.7(-6.90 %),0,0,41000,118900000,140291014,2.24
03/11/2015,-111690,-309560000,2.8(3.70 %),0,0,111690,309560000,140402704,2.2
04/11/2015,500,1400000,2.8(0.00 %),500,1400000,0,0,140402204,2.2
05/11/2015,6200,17360000,2.7(-3.57 %),6200,17360000,0,0,140396004,2.2
06/11/2015,0,0,2.6(-3.70 %),0,0,0,0,140396004,2.2
09/11/2015,0,0,2.7(3.85 %),0,0,0,0,140396004,2.2
10/11/2015,0,0,2.8(3.70 %),0,0,0,0,140396004,2.2
11/11/2015,0,0,2.9(3.57 %),0,0,0,0,140396004,2.2
12/11/2015,140000,434000000,3.1(6.90 %),140000,434000000,0,0,140256004,2.25
13/11/2015,51680,170540000,3.2(3.23 %),51680,170540000,0,0,140204324,2.27
16/11/2015,-3000,-9000000,3.1(-3.12 %),0,0,3000,9000000,140207324,2.26
17/11/2015,-99180,-317460000,3.1(0.00 %),820,2540000,100000,320000000,140306504,2.23
18/11/2015,-49500,-158400000,3.3(6.45 %),500,1600000,50000,160000000,140356004,2.21
19/11/2015,0,0,3.5(6.06 %),0,0,0,0,140356004,2.21
20/11/2015,1375690,5090050000,3.7(5.71 %),1375690,5090050000,0,0,138980314,2.67
23/11/2015,5317900,20627640000,3.9(5.41 %),5317900,20627640000,0,0,133662414,4.45
24/11/2015,2154810,8734850000,4.1(5.13 %),2164810,8775850000,10000,41000000,131538604,5.15
25/11/2015,1766140,7592400000,4.3(4.88 %),1766140,7592400000,0,0,129772464,5.74
26/11/2015,-150200,-694660000,4.1(-4.65 %),57800,252140000,208000,946800000,129714664,5.76
27/11/2015,164320,690112000,4.2(2.44 %),164320,690112000,0,0,129550344,5.82
30/11/2015,33800,136580000,4(-4.76 %),33800,136580000,0,0,129526544,5.82
01/12/2015,11210,42360000,3.8(-5.00 %),12500,47500000,1290,5140000,129514044,5.83
02/12/2015,44600,173440000,3.9(2.63 %),44600,173440000,0,0,129677444,5.77
03/12/2015,19000,72200000,3.7(-5.13 %),29000,110200000,10000,38000000,129648444,5.78
04/12/2015,-6800,-25160000,3.9(5.41 %),20000,74000000,26800,99160000,129628444,5.79
07/12/2015,-1000,-3900000,3.9(0.00 %),0,0,1000,3900000,129629734,5.79
08/12/2015,-1400,-5320000,3.9(0.00 %),0,0,1400,5320000,129629734,5.79
09/12/2015,0,0,3.8(-2.56 %),0,0,0,0,129639734,5.79
10/12/2015,0,0,3.6(-5.26 %),0,0,0,0,129666534,5.78
11/12/2015,0,0,3.6(0.00 %),0,0,0,0,129667534,5.78
14/12/2015,0,0,3.8(5.56 %),0,0,0,0,129668934,5.78
15/12/2015,70000,274000000,3.8(0.00 %),80000,312000000,10000,38000000,129588934,5.8
16/12/2015,0,0,3.7(-2.63 %),0,0,0,0,129588934,5.8
17/12/2015,1500,5700000,3.6(-2.70 %),1500,5700000,0,0,129587434,5.8
18/12/2015,0,0,3.7(2.78 %),0,0,0,0,129587434,5.8
21/12/2015,500,1950000,3.9(5.41 %),500,1950000,0,0,129596934,5.8
22/12/2015,-8340,-33360000,4.1(5.13 %),0,0,8340,33360000,129596934,5.8
23/12/2015,52600,217720000,4(-2.44 %),52600,217720000,0,0,129544334,5.82
24/12/2015,0,0,4.2(5.00 %),0,0,0,0,129544334,5.82
25/12/2015,92000,395900000,4.4(4.76 %),92000,395900000,0,0,129452334,5.85
28/12/2015,48160,211220000,4.2(-4.55 %),48160,211220000,0,0,129412514,5.86
29/12/2015,30000,132000000,4.4(4.76 %),30000,132000000,0,0,129382514,5.87
30/12/2015,65900,299550000,4.6(4.55 %),66000,300000000,100,450000,129316514,5.89
31/12/2015,5000,22500000,4.4(-4.35 %),5000,22500000,0,0,129311514,5.9
04/01/2016,5000,21500000,4.3(-2.27 %),5000,21500000,0,0,129306514,5.9
05/01/2016,10000,43000000,4.4(2.33 %),10000,43000000,0,0,129296514,5.9
06/01/2016,-5000,-22500000,4.5(2.27 %),0,0,5000,22500000,129296614,5.9
07/01/2016,0,0,4.2(-6.67 %),0,0,0,0,129296614,5.9
08/01/2016,15000,60000000,4(-4.76 %),15000,60000000,0,0,129281614,5.91
11/01/2016,-136000,-534200000,4(0.00 %),0,0,136000,534200000,129286614,5.9
12/01/2016,5000,21000000,4.2(5.00 %),5000,21000000,0,0,129281614,5.91
13/01/2016,35000,146500000,4.1(-2.38 %),35000,146500000,0,0,129246614,5.92
14/01/2016,-88000,-343200000,3.9(-4.88 %),0,0,88000,343200000,129382614,5.87
15/01/2016,0,0,4(2.56 %),0,0,0,0,129382614,5.87
18/01/2016,63900,248320000,3.8(-5.00 %),74000,286700000,10100,38380000,129308614,5.9
19/01/2016,-24000,-90800000,3.8(0.00 %),0,0,24000,90800000,129396614,5.87
20/01/2016,-78000,-286800000,3.6(-5.26 %),10000,36000000,88000,322800000,129386614,5.87
21/01/2016,-10000,-37500000,3.7(2.78 %),0,0,10000,37500000,129396714,5.87
22/01/2016,-15000,-52500000,3.5(-5.41 %),0,0,15000,52500000,129420714,5.86
25/01/2016,0,0,3.6(2.86 %),0,0,0,0,129500714,5.83
26/01/2016,68000,230000000,3.4(-5.56 %),98000,335000000,30000,105000000,129420714,5.86
27/01/2016,-60000,-210000000,3.4(0.00 %),0,0,60000,210000000,129435714,5.85
28/01/2016,0,0,3.3(-2.94 %),0,0,0,0,129435714,5.85
29/01/2016,-113000,-388200000,3.4(3.03 %),0,0,113000,388200000,129465714,5.84
01/02/2016,-10000,-34500000,3.5(2.94 %),0,0,10000,34500000,129525714,5.82
02/02/2016,0,0,3.3(-5.71 %),0,0,0,0,129525714,5.82
03/02/2016,0,0,3.2(-3.03 %),0,0,0,0,129638714,5.79
04/02/2016,0,0,3.3(3.12 %),0,0,0,0,129648714,5.78
05/02/2016,0,0,3.4(3.03 %),0,0,0,0,129648714,5.78
15/02/2016,650000,2145000000,3.3(-2.94 %),650000,2145000000,0,0,128998714,6.0
16/02/2016,1000000,3490000000,3.5(6.06 %),1000000,3490000000,0,0,127998714,6.33
17/02/2016,10000,36000000,3.6(2.86 %),10000,36000000,0,0,127988714,6.34
18/02/2016,0,0,3.5(-2.78 %),0,0,0,0,127988714,6.34
19/02/2016,0,0,3.5(0.00 %),0,0,0,0,127988714,6.34
22/02/2016,0,0,3.5(0.00 %),0,0,0,0,127988714,6.34
23/02/2016,0,0,3.4(-2.86 %),0,0,0,0,127988714,6.34
24/02/2016,0,0,3.5(2.94 %),0,0,0,0,127988714,6.34
25/02/2016,1865250,6542370000,3.6(2.86 %),1865250,6542370000,0,0,126123464,6.96
26/02/2016,284890,1011110000,3.6(0.00 %),284890,1011110000,0,0,125838574,7.05
29/02/2016,7500,26250000,3.4(-5.56 %),7500,26250000,0,0,125831074,7.06
01/03/2016,4000,13600000,3.4(0.00 %),4000,13600000,0,0,125827074,7.06
02/03/2016,759620,2658670000,3.5(2.94 %),759620,2658670000,0,0,125067454,7.31
03/03/2016,240380,841330000,3.4(-2.86 %),240380,841330000,0,0,124827074,7.39
04/03/2016,0,0,3.5(2.94 %),0,0,0,0,124827074,7.39
07/03/2016,0,0,3.5(0.00 %),0,0,0,0,124827074,7.39
08/03/2016,0,0,3.5(0.00 %),0,0,0,0,124827074,7.39
09/03/2016,0,0,3.5(0.00 %),0,0,0,0,124827074,7.39
10/03/2016,0,0,3.5(0.00 %),0,0,0,0,124827074,7.39
11/03/2016,0,0,3.5(0.00 %),0,0,0,0,124827074,7.39
14/03/2016,-5500,-18700000,3.5(0.00 %),0,0,5500,18700000,124827074,7.39
15/03/2016,0,0,3.4(-2.86 %),0,0,0,0,124827074,7.39
16/03/2016,8000,26400000,3.3(-2.94 %),8000,26400000,0,0,124819074,7.39
17/03/2016,0,0,3.4(3.03 %),0,0,0,0,124824574,7.39
18/03/2016,0,0,3.4(0.00 %),0,0,0,0,124824574,7.39
21/03/2016,-4000,-12600000,3.3(-2.94 %),6000,20400000,10000,33000000,124818574,7.39
22/03/2016,20000,66000000,3.3(0.00 %),20000,66000000,0,0,124798574,7.4
23/03/2016,2000,6800000,3.3(0.00 %),2000,6800000,0,0,124796574,7.4
24/03/2016,0,0,3.3(0.00 %),0,0,0,0,124806574,7.4
25/03/2016,187000,617100000,3.3(0.00 %),187000,617100000,0,0,124619574,7.46
28/03/2016,0,0,3.3(0.00 %),0,0,0,0,124619574,7.46
29/03/2016,10000,32000000,3.2(-3.03 %),10000,32000000,0,0,124609574,7.46
30/03/2016,-99980,-329940000,3.4(6.25 %),50020,165060000,150000,495000000,124559554,7.48
31/03/2016,0,0,3.3(-2.94 %),0,0,0,0,124559554,7.48
01/04/2016,-29720,-96180000,3.2(-3.03 %),0,0,29720,96180000,124559554,7.48
04/04/2016,-18870,-58490000,3(-6.25 %),130,410000,19000,58900000,124709424,7.43
05/04/2016,0,0,3.1(3.33 %),0,0,0,0,124709424,7.43
06/04/2016,0,0,3.1(0.00 %),0,0,0,0,124739144,7.42
07/04/2016,2000,6200000,3.1(0.00 %),2000,6200000,0,0,124756144,7.41
08/04/2016,1124840,3559490000,3.2(3.23 %),1300000,4120000000,175160,560510000,123456144,7.85
11/04/2016,0,0,3.1(-3.12 %),0,0,0,0,123456144,7.85
12/04/2016,0,0,3.1(0.00 %),0,0,0,0,123456144,7.85
13/04/2016,-35000,-104500000,3(-3.23 %),15000,45500000,50000,150000000,123616304,7.79
14/04/2016,0,0,3.1(3.33 %),0,0,0,0,123616304,7.79
15/04/2016,0,0,3(-3.23 %),0,0,0,0,123616304,7.79
19/04/2016,-15000,-43500000,2.8(-6.67 %),0,0,15000,43500000,123666304,7.78
20/04/2016,0,0,2.9(3.57 %),0,0,0,0,123666304,7.78
21/04/2016,3000,9300000,3.1(6.90 %),3000,9300000,0,0,123663304,7.78
22/04/2016,2850,9130000,3.1(0.00 %),3000,9600000,150,470000,123675304,7.77
25/04/2016,0,0,3(-3.23 %),0,0,0,0,123675304,7.77
26/04/2016,30,90000,3(0.00 %),30,90000,0,0,123675274,7.77
27/04/2016,0,0,3(0.00 %),0,0,0,0,123675424,7.77
28/04/2016,0,0,3(0.00 %),0,0,0,0,123675424,7.77
29/04/2016,0,0,3(0.00 %),0,0,0,0,123675424,7.77
04/05/2016,-342300,-1029000000,3(0.00 %),10,30000,342310,1029030000,123675414,7.77
05/05/2016,0,0,3(0.00 %),0,0,0,0,123675414,7.77
06/05/2016,1770,5140000,3(0.00 %),1770,5140000,0,0,123673644,7.78
09/05/2016,220,660000,2.9(-3.33 %),220,660000,0,0,124015734,7.66
10/05/2016,0,0,3(3.45 %),0,0,0,0,124015734,7.66
11/05/2016,10000,29000000,3(0.00 %),10000,29000000,0,0,124005734,7.66
12/05/2016,5200,15100000,2.9(-3.33 %),5200,15100000,0,0,124000534,7.67
13/05/2016,0,0,2.9(0.00 %),0,0,0,0,124000534,7.67
16/05/2016,-50,-150000,2.9(0.00 %),0,0,50,150000,124000534,7.67
17/05/2016,200,580000,2.9(0.00 %),200,580000,0,0,124000334,7.67
18/05/2016,1900,5510000,2.9(0.00 %),1900,5510000,0,0,123998434,7.67
19/05/2016,-1200,-3360000,2.8(-3.45 %),0,0,1200,3360000,123998484,7.67
20/05/2016,-200860,-582490000,2.9(3.57 %),0,0,200860,582490000,123998484,7.67
23/05/2016,230,670000,2.9(0.00 %),230,670000,0,0,123998254,7.67
24/05/2016,230,690000,2.9(0.00 %),230,690000,0,0,123999224,7.67
25/05/2016,19120,55450000,2.8(-3.45 %),19120,55450000,0,0,124180964,7.61
26/05/2016,0,0,2.9(3.57 %),0,0,0,0,124180964,7.61
27/05/2016,0,0,3(3.45 %),0,0,0,0,124180964,7.61
30/05/2016,20,60000,2.9(-3.33 %),20,60000,0,0,124180944,7.61
31/05/2016,0,0,2.9(0.00 %),0,0,0,0,124180944,7.61
01/06/2016,30000,87000000,3(3.45 %),30000,87000000,0,0,124150944,7.62
02/06/2016,50,145000,2.9(-3.33 %),50,145000,0,0,124150894,7.62
03/06/2016,10,30000,2.9(0.00 %),10,30000,0,0,124150884,7.62
06/06/2016,0,0,3.1(6.90 %),0,0,0,0,124150884,7.62
07/06/2016,100,320000,3.2(3.23 %),100,320000,0,0,124150784,7.62
08/06/2016,0,0,3(-6.25 %),0,0,0,0,124150784,7.62
09/06/2016,0,0,3(0.00 %),0,0,0,0,124150784,7.62
10/06/2016,24990,74970000,3(0.00 %),24990,74970000,0,0,124125794,7.62
13/06/2016,150000,450000000,2.9(-3.33 %),150000,450000000,0,0,123975794,7.67
14/06/2016,0,0,3(3.45 %),0,0,0,0,123975794,7.67
15/06/2016,0,0,2.9(-3.33 %),0,0,0,0,123975794,7.67
16/06/2016,-568260,-1647950000,2.9(0.00 %),5000,14500000,573260,1662450000,123970794,7.68
17/06/2016,1200,3480000,2.8(-3.45 %),1200,3480000,0,0,123969594,7.68
20/06/2016,-450,-1310000,2.9(3.57 %),0,0,450,1310000,123969594,7.68
21/06/2016,10000,29000000,2.9(0.00 %),10000,29000000,0,0,124532854,7.49
22/06/2016,-1500,-4350000,2.9(0.00 %),0,0,1500,4350000,124532854,7.49
23/06/2016,-5090,-14250000,2.9(0.00 %),0,0,5090,14250000,124533304,7.49
24/06/2016,3800,9420000,2.8(-3.45 %),15500,43350000,11700,33930000,124517804,7.49
27/06/2016,-2000,-5400000,2.7(-3.57 %),0,0,2000,5400000,124519304,7.49
28/06/2016,10000,27000000,2.7(0.00 %),10000,27000000,0,0,124514394,7.5
29/06/2016,0,0,2.8(3.70 %),0,0,0,0,124526094,7.49
30/06/2016,0,0,2.7(-3.57 %),0,0,0,0,124528094,7.49
01/07/2016,0,0,2.7(0.00 %),0,0,0,0,124528094,7.49
04/07/2016,-20,-50000,2.7(0.00 %),0,0,20,50000,124528094,7.49
05/07/2016,19200,51910000,2.8(3.70 %),19900,53730000,700,1820000,124508194,7.5
06/07/2016,-26000,-70200000,2.7(-3.57 %),0,0,26000,70200000,124508194,7.5
07/07/2016,30570,82540000,2.7(0.00 %),30570,82540000,0,0,124477644,7.51
08/07/2016,0,0,2.7(0.00 %),0,0,0,0,124478344,7.51
11/07/2016,10000,26000000,2.6(-3.70 %),10000,26000000,0,0,124478344,7.51
12/07/2016,0,0,2.5(-3.85 %),0,0,0,0,124494348,7.5
13/07/2016,0,0,2.6(4.00 %),0,0,0,0,124494348,7.5
14/07/2016,0,0,2.6(0.00 %),0,0,0,0,124494348,7.5
15/07/2016,0,0,2.5(-3.85 %),0,0,0,0,124494348,7.5
18/07/2016,-1010600,-2526500000,2.5(0.00 %),0,0,1010600,2526500000,124494348,7.5
19/07/2016,0,0,2.5(0.00 %),0,0,0,0,124494348,7.5
20/07/2016,-30000,-75000000,2.5(0.00 %),0,0,30000,75000000,124494348,7.5
21/07/2016,-3020,-7250000,2.4(-4.00 %),0,0,3020,7250000,125504948,7.17
22/07/2016,5000,12000000,2.4(0.00 %),5000,12000000,0,0,125499948,7.17
25/07/2016,2200,5280000,2.4(0.00 %),2200,5280000,0,0,125527748,7.16
26/07/2016,0,0,2.4(0.00 %),0,0,0,0,125530768,7.16
27/07/2016,0,0,2.3(-4.17 %),0,0,0,0,125530768,7.16
28/07/2016,5000,11500000,2.3(0.00 %),5000,11500000,0,0,125525768,7.16
29/07/2016,0,0,2.3(0.00 %),0,0,0,0,125525768,7.16
01/08/2016,0,0,2.2(-4.35 %),0,0,0,0,125525768,7.16
02/08/2016,10000,21000000,2.1(-4.55 %),10000,21000000,0,0,125515768,7.16
03/08/2016,0,0,2(-4.76 %),0,0,0,0,125515768,7.16
04/08/2016,195000,372500000,1.9(-5.00 %),210000,401000000,15000,28500000,125305768,7.23
05/08/2016,0,0,1.8(-5.26 %),0,0,0,0,125305768,7.23
08/08/2016,0,0,1.8(0.00 %),0,0,0,0,125305768,7.23
09/08/2016,0,0,1.8(0.00 %),0,0,0,0,125320768,7.23
10/08/2016,-22000,-41800000,1.9(5.56 %),0,0,22000,41800000,125320768,7.23
11/08/2016,0,0,2(5.26 %),0,0,0,0,125320768,7.23
12/08/2016,200,420000,1.9(-5.00 %),200,420000,0,0,125320568,7.23
15/08/2016,63300,120270000,1.9(0.00 %),63300,120270000,0,0,125279268,7.24
16/08/2016,-50470,-90850000,1.8(-5.26 %),0,0,50470,90850000,125279268,7.24
17/08/2016,-861070,-1549930000,1.7(-5.56 %),0,0,861070,1549930000,125279268,7.24
18/08/2016,0,0,1.7(0.00 %),0,0,0,0,125279268,7.24
19/08/2016,18500,31450000,1.7(0.00 %),20000,34000000,1500,2550000,125309738,7.23
22/08/2016,0,0,1.7(0.00 %),0,0,0,0,126170808,6.94
23/08/2016,4000,6500000,1.7(0.00 %),4000,6500000,0,0,126166808,6.94
24/08/2016,-200890,-321420000,1.6(-5.88 %),0,0,200890,321420000,126168308,6.94
25/08/2016,0,0,1.7(6.25 %),0,0,0,0,126168308,6.94
26/08/2016,-20000,-34000000,1.6(-5.88 %),0,0,20000,34000000,126168308,6.94
29/08/2016,5000,8500000,1.6(0.00 %),5000,8500000,0,0,126364198,6.88
30/08/2016,0,0,1.6(0.00 %),0,0,0,0,126364198,6.88
31/08/2016,0,0,1.7(6.25 %),0,0,0,0,126384198,6.87
01/09/2016,0,0,1.6(-5.88 %),0,0,0,0,126384198,6.87
05/09/2016,0,0,1.6(0.00 %),0,0,0,0,126384198,6.87
06/09/2016,0,0,1.6(0.00 %),0,0,0,0,126384198,6.87
07/09/2016,0,0,1.6(0.00 %),0,0,0,0,126384198,6.87
08/09/2016,0,0,1.5(-6.25 %),0,0,0,0,126384198,6.87
09/09/2016,0,0,1.5(0.00 %),0,0,0,0,126384198,6.87
12/09/2016,-5010,-7510000,1.4(-6.67 %),0,0,5010,7510000,126384198,6.87
13/09/2016,0,0,1.37(-2.14 %),0,0,0,0,126384198,6.87
14/09/2016,-19000,-27740000,1.46(6.57 %),0,0,19000,27740000,126384198,6.87
15/09/2016,0,0,1.56(6.85 %),0,0,0,0,126389208,6.87
16/09/2016,23000,38180000,1.66(6.41 %),43000,71380000,20000,33200000,126346208,6.88
19/09/2016,-126880,-205410000,1.55(-6.63 %),100,160000,126980,205570000,126365108,6.88
20/09/2016,0,0,1.52(-1.94 %),0,0,0,0,126365108,6.88
21/09/2016,-167400,-247010000,1.43(-5.92 %),0,0,167400,247010000,126385108,6.87
22/09/2016,-41490,-61610000,1.47(2.80 %),0,0,41490,61610000,126512088,6.83
23/09/2016,0,0,1.43(-2.72 %),0,0,0,0,126512088,6.83
26/09/2016,0,0,1.42(-0.70 %),0,0,0,0,126679488,6.77
27/09/2016,-895390,-1264480000,1.41(-0.70 %),0,0,895390,1264480000,126720978,6.76
28/09/2016,-506720,-704720000,1.38(-2.13 %),20000,28200000,526720,732920000,126700978,6.77
29/09/2016,-529640,-729510000,1.36(-1.45 %),0,0,529640,729510000,126700978,6.77
30/09/2016,200000,288600000,1.44(5.88 %),210000,302500000,10000,13900000,127386368,6.54
03/10/2016,0,0,1.38(-4.17 %),0,0,0,0,127913088,6.36
04/10/2016,-955460,-1275690000,1.32(-4.35 %),0,0,955460,1275690000,128442728,6.19
05/10/2016,-1443890,-1793500000,1.23(-6.82 %),0,0,1443890,1793500000,128452728,6.18
06/10/2016,-4979590,-5818180000,1.22(-0.81 %),30410,36190000,5010000,5854370000,128422318,6.19
07/10/2016,-7936280,-10317160000,1.3(6.56 %),200,260000,7936480,10317420000,129377578,5.87
10/10/2016,-820930,-1107250000,1.36(4.62 %),10000,13500000,830930,1120750000,130811468,5.4
11/10/2016,0,0,1.32(-2.94 %),0,0,0,0,135821468,3.73
12/10/2016,5000,6500000,1.32(0.00 %),5000,6500000,0,0,143752948,1.08
13/10/2016,10710,13710000,1.26(-4.55 %),10710,13710000,0,0,144573168,0.81
14/10/2016,-4090,-5280000,1.3(3.17 %),0,0,4090,5280000,144573168,0.81
17/10/2016,0,0,1.31(0.77 %),0,0,0,0,144573168,0.81
18/10/2016,0,0,1.3(-0.76 %),0,0,0,0,144573168,0.81
19/10/2016,-16130,-21020000,1.28(-1.54 %),5000,6450000,21130,27470000,144572258,0.81
20/10/2016,0,0,1.27(-0.78 %),0,0,0,0,144572258,0.81
21/10/2016,0,0,1.26(-0.79 %),0,0,0,0,144572262,0.81
24/10/2016,0,0,1.24(-1.59 %),0,0,0,0,144593392,0.8
25/10/2016,-34990,-45490000,1.32(6.45 %),0,0,34990,45490000,144593392,0.8
26/10/2016,429990,605100000,1.39(5.30 %),429990,605100000,0,0,144163402,0.95
27/10/2016,0,0,1.34(-3.60 %),0,0,0,0,144163402,0.95
28/10/2016,0,0,1.39(3.73 %),0,0,0,0,144198392,0.93
31/10/2016,18700,25250000,1.34(-3.60 %),18700,25250000,0,0,144179692,0.94
01/11/2016,0,0,1.33(-0.75 %),0,0,0,0,144179692,0.94
02/11/2016,0,0,1.28(-3.76 %),0,0,0,0,144179692,0.94
03/11/2016,0,0,1.3(1.56 %),0,0,0,0,144179692,0.94
04/11/2016,0,0,1.29(-0.77 %),0,0,0,0,144179692,0.94
07/11/2016,5000,6450000,1.29(0.00 %),5000,6450000,0,0,144174692,0.94
08/11/2016,1870,2410000,1.28(-0.78 %),1870,2410000,0,0,144172822,0.94
09/11/2016,22780,28700000,1.25(-2.34 %),30000,37800000,7220,9100000,144142822,0.95
10/11/2016,-7000,-8960000,1.27(1.60 %),0,0,7000,8960000,144142822,0.95
11/11/2016,0,0,1.26(-0.79 %),0,0,0,0,144142822,0.95
14/11/2016,0,0,1.28(1.59 %),0,0,0,0,144150042,0.95
15/11/2016,-30000,-38700000,1.31(2.34 %),0,0,30000,38700000,144157042,0.95
16/11/2016,0,0,1.29(-1.53 %),0,0,0,0,144157042,0.95
17/11/2016,19990,25990000,1.28(-0.78 %),19990,25990000,0,0,144137052,0.95
18/11/2016,10000,12700000,1.26(-1.56 %),10000,12700000,0,0,144157052,0.95
21/11/2016,10000,12700000,1.29(2.38 %),10000,12700000,0,0,144147052,0.95
22/11/2016,0,0,1.27(-1.55 %),0,0,0,0,144147052,0.95
23/11/2016,-10000,-12900000,1.28(0.79 %),0,0,10000,12900000,144147052,0.95
24/11/2016,-410000,-516820000,1.27(-0.78 %),0,0,410000,516820000,144147052,0.95
25/11/2016,0,0,1.27(0.00 %),0,0,0,0,144147052,0.95
28/11/2016,6690,8500000,1.25(-1.57 %),6690,8500000,0,0,144150362,0.95
29/11/2016,0,0,1.24(-0.80 %),0,0,0,0,144560362,0.81
30/11/2016,0,0,1.25(0.81 %),0,0,0,0,144560362,0.81
01/12/2016,0,0,1.24(-0.80 %),0,0,0,0,144560362,0.81
02/12/2016,0,0,1.23(-0.81 %),0,0,0,0,144560362,0.81
05/12/2016,0,0,1.22(-0.81 %),0,0,0,0,144560362,0.81
06/12/2016,0,0,1.23(0.82 %),0,0,0,0,144560362,0.81
07/12/2016,-200,-250000,1.21(-1.63 %),0,0,200,250000,144560362,0.81
08/12/2016,0,0,1.23(1.65 %),0,0,0,0,144560362,0.81
09/12/2016,0,0,1.22(-0.81 %),0,0,0,0,144560362,0.81
12/12/2016,0,0,1.19(-2.46 %),0,0,0,0,144560562,0.81
13/12/2016,300,350000,1.17(-1.68 %),300,350000,0,0,144560262,0.81
14/12/2016,0,0,1.2(2.56 %),0,0,0,0,144560262,0.81
15/12/2016,0,0,1.18(-1.67 %),0,0,0,0,144560262,0.81
16/12/2016,0,0,1.18(0.00 %),0,0,0,0,144560262,0.81
19/12/2016,0,0,1.18(0.00 %),0,0,0,0,144560262,0.81
20/12/2016,0,0,1.17(-0.85 %),0,0,0,0,144560262,0.81
21/12/2016,0,0,1.17(0.00 %),0,0,0,0,144560262,0.81
22/12/2016,0,0,1.15(-1.71 %),0,0,0,0,144560262,0.81
23/12/2016,0,0,1.14(-0.87 %),0,0,0,0,144560262,0.81
26/12/2016,0,0,1.16(1.75 %),0,0,0,0,144560262,0.81
27/12/2016,-12000,-13920000,1.24(6.90 %),0,0,12000,13920000,144560262,0.81
28/12/2016,0,0,1.32(6.45 %),0,0,0,0,144560262,0.81
29/12/2016,408430,551310000,1.33(0.76 %),416300,562350000,7870,11040000,144143962,0.95
30/12/2016,3100,4060000,1.27(-4.51 %),3100,4060000,0,0,144152862,0.95
03/01/2017,0,0,1.3(2.36 %),0,0,0,0,144152862,0.95
04/01/2017,2030,2580000,1.25(-3.85 %),2030,2580000,0,0,144158702,0.95
05/01/2017,0,0,1.24(-0.80 %),0,0,0,0,144158702,0.95
06/01/2017,0,0,1.24(0.00 %),0,0,0,0,144158702,0.95
09/01/2017,0,0,1.23(-0.81 %),0,0,0,0,144158702,0.95
10/01/2017,0,0,1.27(3.25 %),0,0,0,0,144158702,0.95
11/01/2017,0,0,1.28(0.79 %),0,0,0,0,144158702,0.95
12/01/2017,0,0,1.28(0.00 %),0,0,0,0,144158702,0.95
13/01/2017,-2030,-2600000,1.29(0.78 %),0,0,2030,2600000,144158702,0.95
16/01/2017,20000,25600000,1.31(1.55 %),20000,25600000,0,0,144138702,0.95
17/01/2017,-7500,-9750000,1.32(0.76 %),0,0,7500,9750000,144138702,0.95
18/01/2017,-10000,-13400000,1.34(1.52 %),0,0,10000,13400000,144140732,0.95
19/01/2017,2000,2720000,1.37(2.24 %),2000,2720000,0,0,144138732,0.95
20/01/2017,-10,-10000,1.37(0.00 %),0,0,10,10000,144146232,0.95
23/01/2017,1000,1390000,1.39(1.46 %),1000,1390000,0,0,144155232,0.95
24/01/2017,-2000,-2840000,1.44(3.60 %),0,0,2000,2840000,144155232,0.95
25/01/2017,250010,359010000,1.34(-6.94 %),250010,359010000,0,0,143905232,1.03
02/02/2017,30000,39000000,1.3(-2.99 %),30000,39000000,0,0,143875232,1.04
03/02/2017,1020,1290000,1.32(1.54 %),2020,2650000,1000,1360000,143875212,1.04
06/02/2017,0,0,1.41(6.82 %),0,0,0,0,143875212,1.04
07/02/2017,0,0,1.4(-0.71 %),0,0,0,0,143875212,1.04
08/02/2017,7980,11350000,1.46(4.29 %),20000,28200000,12020,16850000,143856212,1.05
09/02/2017,0,0,1.44(-1.37 %),0,0,0,0,143856214,1.05
10/02/2017,0,0,1.43(-0.69 %),0,0,0,0,143856214,1.05
13/02/2017,25000,34200000,1.37(-4.20 %),25000,34200000,0,0,143843234,1.05
14/02/2017,-9220,-13320000,1.46(6.57 %),11000,15880000,20220,29200000,143832234,1.06
15/02/2017,-30000,-45800000,1.51(3.42 %),0,0,30000,45800000,143832234,1.06
16/02/2017,-9970,-15160000,1.47(-2.65 %),10,10000,9980,15170000,143832224,1.06
17/02/2017,-500,-720000,1.44(-2.04 %),0,0,500,720000,143852444,1.05
20/02/2017,-940,-1310000,1.41(-2.08 %),60,90000,1000,1400000,143882384,1.04
21/02/2017,33810,48350000,1.43(1.42 %),35500,50730000,1690,2380000,143856864,1.05
22/02/2017,0,0,1.42(-0.70 %),0,0,0,0,143857364,1.05
23/02/2017,0,0,1.41(-0.70 %),0,0,0,0,143858364,1.05
24/02/2017,-24000,-35290000,1.46(3.55 %),1000,1460000,25000,36750000,143859054,1.05
27/02/2017,12000,17090000,1.4(-4.11 %),12000,17090000,0,0,143862054,1.05
28/02/2017,5000,7100000,1.42(1.43 %),5000,7100000,0,0,143842054,1.05
01/03/2017,5000,7100000,1.4(-1.41 %),5000,7100000,0,0,143862054,1.05
02/03/2017,-192410,-269680000,1.39(-0.71 %),7590,10630000,200000,280310000,143854464,1.05
03/03/2017,-27940,-37720000,1.35(-2.88 %),60,80000,28000,37800000,143854404,1.05
06/03/2017,0,0,1.34(-0.74 %),0,0,0,0,143854404,1.05
07/03/2017,0,0,1.36(1.49 %),0,0,0,0,144054404,0.98
08/03/2017,0,0,1.35(-0.74 %),0,0,0,0,144082404,0.97
09/03/2017,-5000,-7000000,1.44(6.67 %),0,0,5000,7000000,144082404,0.97
10/03/2017,0,0,1.4(-2.78 %),0,0,0,0,144082404,0.97
13/03/2017,0,0,1.39(-0.71 %),0,0,0,0,144082404,0.97
14/03/2017,0,0,1.37(-1.44 %),0,0,0,0,144087404,0.97
15/03/2017,0,0,1.35(-1.46 %),0,0,0,0,144087404,0.97
16/03/2017,0,0,1.39(2.96 %),0,0,0,0,144087404,0.97
17/03/2017,0,0,1.36(-2.16 %),0,0,0,0,144087404,0.97
20/03/2017,-56070,-75920000,1.36(0.00 %),0,0,56070,75920000,144087404,0.97
21/03/2017,2370,3220000,1.36(0.00 %),2370,3220000,0,0,144087404,0.97
22/03/2017,0,0,1.36(0.00 %),0,0,0,0,144087404,0.97
23/03/2017,0,0,1.36(0.00 %),0,0,0,0,144087404,0.97
24/03/2017,0,0,1.37(0.74 %),0,0,0,0,144087404,0.97
27/03/2017,0,0,1.34(-2.19 %),0,0,0,0,144087404,0.97
28/03/2017,0,0,1.35(0.75 %),0,0,0,0,144087404,0.97
29/03/2017,0,0,1.32(-2.22 %),0,0,0,0,144087404,0.97
30/03/2017,0,0,1.34(1.52 %),0,0,0,0,144087404,0.97
31/03/2017,0,0,1.33(-0.75 %),0,0,0,0,144087404,0.97
03/04/2017,-16000,-21280000,1.3(-2.26 %),0,0,16000,21280000,144141104,0.95
04/04/2017,0,0,1.27(-2.31 %),0,0,0,0,144141104,0.95
05/04/2017,0,0,1.27(0.00 %),0,0,0,0,144141104,0.95
07/04/2017,0,0,1.27(0.00 %),200,250000,200,250000,144156904,0.95
10/04/2017,0,0,1.26(-0.79 %),0,0,0,0,144156904,0.95
11/04/2017,0,0,1.26(0.00 %),0,0,0,0,144156904,0.95
12/04/2017,100,120000,1.2(-4.76 %),100,120000,0,0,144157004,0.95
13/04/2017,100,120000,1.21(0.83 %),100,120000,0,0,144156904,0.95
14/04/2017,-10,-10000,1.21(0.00 %),0,0,10,10000,144156904,0.95
17/04/2017,0,0,1.13(-6.61 %),0,0,0,0,144156904,0.95
18/04/2017,-10000,-10900000,1.12(-0.88 %),0,0,10000,10900000,144156904,0.95
19/04/2017,0,0,1.19(6.25 %),0,0,0,0,144156914,0.95
20/04/2017,0,0,1.2(0.84 %),0,0,0,0,144156914,0.95
21/04/2017,0,0,1.21(0.83 %),0,0,0,0,144166914,0.94
24/04/2017,0,0,1.17(-3.31 %),0,0,0,0,144166914,0.94
25/04/2017,0,0,1.15(-1.71 %),0,0,0,0,144166914,0.94
26/04/2017,0,0,1.17(1.74 %),0,0,0,0,144166914,0.94
27/04/2017,0,0,1.25(6.84 %),0,0,0,0,144166914,0.94
28/04/2017,-2370,-3130000,1.33(6.40 %),0,0,2370,3130000,144166914,0.94
03/05/2017,0,0,1.28(-3.76 %),0,0,0,0,144166914,0.94
04/05/2017,0,0,1.25(-2.34 %),0,0,0,0,144166914,0.94
05/05/2017,0,0,1.25(0.00 %),0,0,0,0,144169284,0.94
08/05/2017,0,0,1.22(-2.40 %),0,0,0,0,144169284,0.94
09/05/2017,0,0,1.25(2.46 %),0,0,0,0,144169284,0.94
10/05/2017,0,0,1.24(-0.80 %),0,0,0,0,144169284,0.94
11/05/2017,0,0,1.22(-1.61 %),0,0,0,0,144169284,0.94
12/05/2017,0,0,1.23(0.82 %),0,0,0,0,144169284,0.94
15/05/2017,-11660,-14460000,1.26(2.44 %),0,0,11660,14460000,144169284,0.94
16/05/2017,11250,14180000,1.27(0.79 %),11250,14180000,0,0,144158034,0.95
17/05/2017,640,810000,1.26(-0.79 %),640,810000,0,0,144157394,0.95
18/05/2017,30000,37800000,1.25(-0.79 %),30000,37800000,0,0,144139054,0.95
19/05/2017,0,0,1.27(1.60 %),0,0,0,0,144139054,0.95
22/05/2017,0,0,1.26(-0.79 %),0,0,0,0,144139054,0.95
23/05/2017,0,0,1.27(0.79 %),0,0,0,0,144139054,0.95
24/05/2017,0,0,1.28(0.79 %),0,0,0,0,144139054,0.95
25/05/2017,500,640000,1.3(1.56 %),500,640000,0,0,144138554,0.95
26/05/2017,30000,39410000,1.39(6.92 %),30000,39410000,0,0,144108554,0.96
29/05/2017,5500,7870000,1.46(5.04 %),5500,7870000,0,0,144103054,0.97
30/05/2017,1300,1770000,1.36(-6.85 %),1300,1770000,0,0,144101754,0.97
31/05/2017,3300,4440000,1.35(-0.74 %),3300,4440000,0,0,144098454,0.97
01/06/2017,1500,1980000,1.32(-2.22 %),1500,1980000,0,0,144096954,0.97
02/06/2017,0,0,1.33(0.76 %),0,0,0,0,144096954,0.97
05/06/2017,0,0,1.4(5.26 %),0,0,0,0,144096954,0.97
06/06/2017,0,0,1.4(0.00 %),0,0,0,0,144096954,0.97
07/06/2017,0,0,1.39(-0.71 %),0,0,0,0,144096954,0.97
08/06/2017,0,0,1.38(-0.72 %),0,0,0,0,144096954,0.97
09/06/2017,11680,16120000,1.39(0.72 %),11680,16120000,0,0,144085274,0.97
12/06/2017,0,0,1.47(5.76 %),0,0,0,0,144085274,0.97
13/06/2017,200,300000,1.45(-1.36 %),400,580000,200,280000,144084874,0.97
14/06/2017,0,0,1.45(0.00 %),0,0,0,0,144084874,0.97
15/06/2017,10020,14130000,1.4(-3.45 %),10020,14130000,0,0,144074854,0.98
16/06/2017,5000,7000000,1.46(4.29 %),5000,7000000,0,0,144070054,0.98
19/06/2017,0,0,1.47(0.68 %),0,0,0,0,144070054,0.98
20/06/2017,0,0,1.4(-4.76 %),0,0,0,0,144070054,0.98
21/06/2017,8170,11680000,1.43(2.14 %),8170,11680000,0,0,144061884,0.98
22/06/2017,-1800,-2570000,1.43(0.00 %),0,0,1800,2570000,144061884,0.98
23/06/2017,0,0,1.53(6.99 %),0,0,0,0,144061884,0.98
26/06/2017,0,0,1.63(6.54 %),0,0,0,0,144061884,0.98
27/06/2017,0,0,1.74(6.75 %),0,0,0,0,143914584,1.03
28/06/2017,141070,262390000,1.86(6.90 %),149100,277330000,8030,14940000,143914584,1.03
29/06/2017,-32590,-66150000,1.99(6.99 %),40600,78410000,73190,144560000,143873984,1.04
30/06/2017,97200,198290000,2.12(6.53 %),97200,198290000,0,0,143776784,1.07
03/07/2017,350800,792810000,2.26(6.60 %),354100,800270000,3300,7460000,143430714,1.19
04/07/2017,170000,409700000,2.41(6.64 %),170000,409700000,0,0,143333904,1.22
05/07/2017,24010,61190000,2.57(6.64 %),26000,66300000,1990,5110000,143307904,1.23
06/07/2017,42000,115080000,2.74(6.61 %),43000,117820000,1000,2740000,143268204,1.24
07/07/2017,10200,29890000,2.93(6.93 %),11200,32820000,1000,2930000,143257004,1.25
10/07/2017,6600,20660000,3.13(6.83 %),57600,180290000,51000,159630000,143174894,1.28
11/07/2017,-156600,-473050000,2.92(-6.71 %),28500,91910000,185100,564960000,143173894,1.28
12/07/2017,200,540000,2.72(-6.85 %),200,540000,0,0,143174694,1.28
13/07/2017,100,250000,2.53(-6.99 %),100,250000,0,0,143225594,1.26
14/07/2017,98700,266500000,2.7(6.72 %),100000,270000000,1300,3500000,143310694,1.23
17/07/2017,0,0,2.88(6.67 %),0,0,0,0,143310694,1.23
18/07/2017,-1236700,-3321500000,2.68(-6.94 %),21200,60130000,1257900,3381630000,143289494,1.24
19/07/2017,12500,31360000,2.5(-6.72 %),12500,31360000,0,0,143278294,1.24
20/07/2017,-5300,-12790000,2.67(6.80 %),0,0,5300,12790000,143278294,1.24
21/07/2017,400,1080000,2.7(1.12 %),400,1080000,0,0,144535794,0.82
24/07/2017,0,0,2.52(-6.67 %),0,0,0,0,144535794,0.82
25/07/2017,-9900,-23950000,2.38(-5.56 %),100,250000,10000,24200000,144540994,0.82
26/07/2017,-19800,-48740000,2.5(5.04 %),200,460000,20000,49200000,144540694,0.82
27/07/2017,-19900,-48350000,2.4(-4.00 %),100,250000,20000,48600000,144540694,0.82
28/07/2017,1300,3030000,2.28(-5.00 %),1300,3030000,0,0,144549394,0.82
31/07/2017,1100,2340000,2.2(-3.51 %),1100,2340000,0,0,144568294,0.81
01/08/2017,200,400000,2.26(2.73 %),600,1300000,400,900000,144587694,0.8
02/08/2017,100,220000,2.2(-2.65 %),100,220000,0,0,144587594,0.8
03/08/2017,0,0,2.35(6.82 %),0,0,0,0,144587594,0.8
04/08/2017,1157510,2855570000,2.42(2.98 %),1157510,2855570000,0,0,143430484,1.19
07/08/2017,97600,243100000,2.4(-0.83 %),97600,243100000,0,0,143332884,1.22
08/08/2017,19200,49050000,2.56(6.67 %),19700,50330000,500,1280000,143313184,1.23
09/08/2017,-16510,-45070000,2.73(6.64 %),0,0,16510,45070000,143313184,1.23
10/08/2017,6200,17170000,2.6(-4.76 %),6200,17170000,0,0,143306984,1.23
11/08/2017,0,0,2.62(0.77 %),0,0,0,0,143307484,1.23
14/08/2017,-18500,-51670000,2.8(6.87 %),500,1340000,19000,53010000,143323494,1.23
15/08/2017,-44500,-130040000,2.88(2.86 %),0,0,44500,130040000,143323494,1.23
16/08/2017,0,0,2.68(-6.94 %),0,0,0,0,143323494,1.23
17/08/2017,-1352000,-3469370000,2.64(-1.49 %),10,30000,1352010,3469400000,143342484,1.22
18/08/2017,-1490,-3950000,2.65(0.38 %),0,0,1490,3950000,143386984,1.2
21/08/2017,0,0,2.68(1.13 %),0,0,0,0,143386984,1.2
22/08/2017,0,0,2.55(-4.85 %),0,0,0,0,144738994,0.75
23/08/2017,6400,16450000,2.61(2.35 %),6400,16450000,0,0,144734084,0.76
24/08/2017,4000,10480000,2.59(-0.77 %),4000,10480000,0,0,144730084,0.76
25/08/2017,0,0,2.58(-0.39 %),0,0,0,0,144730084,0.76
28/08/2017,0,0,2.76(6.98 %),0,0,0,0,144730084,0.76
29/08/2017,-70000,-196300000,2.89(4.71 %),0,0,70000,196300000,144730084,0.76
30/08/2017,0,0,2.75(-4.84 %),0,0,0,0,144730084,0.76
31/08/2017,20000,56000000,2.78(1.09 %),30000,84000000,10000,28000000,144700084,0.77
01/09/2017,0,0,2.65(-4.68 %),0,0,0,0,144770084,0.74
05/09/2017,0,0,2.59(-2.26 %),0,0,0,0,144770084,0.74
06/09/2017,0,0,2.59(0.00 %),0,0,0,0,144780084,0.74
07/09/2017,0,0,2.66(2.70 %),0,0,0,0,144780084,0.74
08/09/2017,0,0,2.62(-1.50 %),0,0,0,0,144780084,0.74
11/09/2017,0,0,2.55(-2.67 %),0,0,0,0,144780084,0.74
12/09/2017,10000,25500000,2.56(0.39 %),10000,25500000,0,0,144770084,0.74
13/09/2017,100,260000,2.62(2.34 %),100,260000,0,0,144769984,0.74
14/09/2017,0,0,2.55(-2.67 %),0,0,0,0,144769984,0.74
15/09/2017,0,0,2.57(0.78 %),0,0,0,0,144769984,0.74
18/09/2017,0,0,2.62(1.95 %),0,0,0,0,144769984,0.74
19/09/2017,0,0,2.58(-1.53 %),0,0,0,0,144769984,0.74
20/09/2017,0,0,2.64(2.33 %),0,0,0,0,144769984,0.74
21/09/2017,0,0,2.64(0.00 %),0,0,0,0,144769984,0.74
22/09/2017,0,0,2.59(-1.89 %),0,0,0,0,144769984,0.74
25/09/2017,0,0,2.57(-0.77 %),0,0,0,0,144769984,0.74
26/09/2017,0,0,2.55(-0.78 %),0,0,0,0,144769984,0.74
27/09/2017,200940,514670000,2.56(0.39 %),200940,514670000,0,0,144569044,0.81
28/09/2017,28000,72120000,2.59(1.17 %),40000,103800000,12000,31680000,144529044,0.82
29/09/2017,0,0,2.57(-0.77 %),0,0,0,0,144529044,0.82
02/10/2017,0,0,2.5(-2.72 %),0,0,0,0,144529044,0.82
03/10/2017,-29700,-70000000,2.33(-6.80 %),10300,24000000,40000,94000000,144530744,0.82
04/10/2017,65520,142180000,2.2(-5.58 %),65520,142180000,0,0,144465224,0.84
05/10/2017,4920,10870000,2.11(-4.09 %),4920,10870000,0,0,144460304,0.85
06/10/2017,31110,63790000,2.05(-2.84 %),31110,63790000,0,0,144469194,0.84
09/10/2017,2500,5250000,2.1(2.44 %),2500,5250000,0,0,144466694,0.84
10/10/2017,-1700,-3770000,2.24(6.67 %),0,0,1700,3770000,144466694,0.84
11/10/2017,-1050,-2510000,2.3(2.68 %),0,0,1050,2510000,144466694,0.84
12/10/2017,0,0,2.27(-1.30 %),0,0,0,0,144466694,0.84
13/10/2017,40,90000,2.26(-0.44 %),40,90000,0,0,144468354,0.84
16/10/2017,-17200,-38880000,2.27(0.44 %),0,0,17200,38880000,144469404,0.84
17/10/2017,-180,-410000,2.28(0.44 %),0,0,180,410000,144469404,0.84
18/10/2017,-300,-680000,2.27(-0.44 %),0,0,300,680000,144469404,0.84
19/10/2017,-25000,-56500000,2.31(1.76 %),0,0,25000,56500000,144486604,0.84
20/10/2017,0,0,2.25(-2.60 %),0,0,0,0,144486784,0.84
23/10/2017,970,2160000,2.1(-6.67 %),970,2160000,0,0,144486114,0.84
24/10/2017,0,0,2.08(-0.95 %),0,0,0,0,144511114,0.83
25/10/2017,25000,51050000,2.04(-1.92 %),25000,51050000,0,0,144486114,0.84
26/10/2017,36500,75920000,2.12(3.92 %),36500,75920000,0,0,144449614,0.85
27/10/2017,0,0,2.12(0.00 %),0,0,0,0,144449614,0.85
30/10/2017,10000,20000000,2(-5.66 %),10000,20000000,0,0,144439614,0.85
31/10/2017,10000,19800000,2(0.00 %),10000,19800000,0,0,144429614,0.86
01/11/2017,-200450,-388780000,1.86(-7.00 %),90,170000,200540,388950000,144429524,0.86
02/11/2017,100,180000,1.78(-4.30 %),100,180000,0,0,144429424,0.86
03/11/2017,-27500,-46980000,1.7(-4.49 %),9000,15070000,36500,62050000,144420424,0.86
06/11/2017,-3650,-6210000,1.74(2.35 %),300,510000,3950,6720000,144620664,0.79
07/11/2017,-1000,-1740000,1.72(-1.15 %),0,0,1000,1740000,144620664,0.79
08/11/2017,0,0,1.72(0.00 %),0,0,0,0,144657164,0.78
09/11/2017,0,0,1.74(1.16 %),0,0,0,0,144661114,0.78
10/11/2017,-100,-170000,1.73(-0.57 %),0,0,100,170000,144662114,0.78
13/11/2017,0,0,1.7(-1.73 %),0,0,0,0,144662114,0.78
14/11/2017,0,0,1.7(0.00 %),0,0,0,0,144662114,0.78
15/11/2017,930,1640000,1.81(6.47 %),930,1640000,0,0,144661284,0.78
16/11/2017,0,0,1.93(6.63 %),0,0,0,0,144661284,0.78
17/11/2017,0,0,2.06(6.74 %),0,0,0,0,144661284,0.78
20/11/2017,0,0,2.2(6.80 %),0,0,0,0,144661284,0.78
21/11/2017,20000,45200000,2.1(-4.55 %),20000,45200000,0,0,144641284,0.79
22/11/2017,470,990000,2.09(-0.48 %),470,990000,0,0,144640814,0.79
23/11/2017,1000,2090000,2.09(0.00 %),1000,2090000,0,0,144639814,0.79
24/11/2017,0,0,2.23(6.70 %),0,0,0,0,144639814,0.79
27/11/2017,-35400,-83190000,2.38(6.73 %),100,240000,35500,83430000,144639714,0.79
28/11/2017,5960,13550000,2.25(-5.46 %),5960,13550000,0,0,144633754,0.79
29/11/2017,0,0,2.2(-2.22 %),0,0,0,0,144633754,0.79
30/11/2017,0,0,2.14(-2.73 %),0,0,0,0,144669254,0.78
01/12/2017,-680,-1440000,2.14(0.00 %),120,260000,800,1700000,144669134,0.78
04/12/2017,-33720,-72840000,2.28(6.54 %),80,180000,33800,73020000,144669054,0.78
05/12/2017,-27010,-62150000,2.16(-5.26 %),2790,6390000,29800,68540000,144666264,0.78
06/12/2017,-390,-860000,2.2(1.85 %),410,900000,800,1760000,144666654,0.78
07/12/2017,2290,5040000,2.25(2.27 %),2290,5040000,0,0,144698164,0.77
08/12/2017,550,1220000,2.29(1.78 %),1130,2540000,580,1320000,144726834,0.76
11/12/2017,-910,-2140000,2.25(-1.75 %),0,0,910,2140000,144727634,0.76
12/12/2017,380,820000,2.18(-3.11 %),380,820000,0,0,144727254,0.76
13/12/2017,20,40000,2.2(0.92 %),20,40000,0,0,144727814,0.76
14/12/2017,0,0,2.18(-0.91 %),0,0,0,0,144728724,0.76
15/12/2017,0,0,2.17(-0.46 %),0,0,0,0,144728724,0.76
18/12/2017,0,0,2.18(0.46 %),0,0,0,0,144728724,0.76
19/12/2017,50,110000,2.14(-1.83 %),50,110000,0,0,144728674,0.76
20/12/2017,7000,14700000,2.09(-2.34 %),7000,14700000,0,0,144721674,0.76
21/12/2017,180,380000,2.09(0.00 %),180,380000,0,0,144721494,0.76
22/12/2017,0,0,2.08(-0.48 %),0,0,0,0,144721494,0.76
25/12/2017,100,210000,2.06(-0.96 %),100,210000,0,0,144721394,0.76
26/12/2017,0,0,2.03(-1.46 %),0,0,0,0,144721394,0.76
27/12/2017,0,0,2.02(-0.49 %),0,0,0,0,144721394,0.76
28/12/2017,0,0,2.01(-0.50 %),0,0,0,0,144721394,0.76
29/12/2017,-20000,-40000000,2.02(0.50 %),0,0,20000,40000000,144721394,0.76
02/01/2018,2000,4000000,2.02(0.00 %),2000,4000000,0,0,144719394,0.76
03/01/2018,0,0,2.02(0.00 %),0,0,0,0,144719394,0.76
04/01/2018,3000,6330000,2.12(4.95 %),3000,6330000,0,0,144736394,0.75
05/01/2018,3000,6300000,2.09(-1.42 %),3000,6300000,0,0,144733394,0.76
08/01/2018,100,210000,2.13(1.91 %),100,210000,0,0,144733294,0.76
09/01/2018,0,0,2.15(0.94 %),0,0,0,0,144733294,0.76
10/01/2018,1000,2160000,2.18(1.40 %),1000,2160000,0,0,144732294,0.76
11/01/2018,-230,-530000,2.33(6.88 %),0,0,230,530000,144732294,0.76
12/01/2018,60630,151040000,2.4(3.00 %),63300,157610000,2670,6570000,144668994,0.78
15/01/2018,3000,6960000,2.32(-3.33 %),3000,6960000,0,0,144665994,0.78
16/01/2018,-1000,-2230000,2.25(-3.02 %),0,0,1000,2230000,144666224,0.78
17/01/2018,-6000,-13580000,2.12(-5.78 %),0,0,6000,13580000,144668894,0.78
18/01/2018,-66230,-141960000,2.2(3.77 %),0,0,66230,141960000,144668894,0.78
19/01/2018,1000,2160000,2.17(-1.36 %),1000,2160000,0,0,144668894,0.78
22/01/2018,240,520000,2.1(-3.23 %),240,520000,0,0,144674654,0.78
25/01/2018,200,380000,2.14(1.90 %),1000,2100000,800,1720000,144739884,0.75
26/01/2018,0,0,2.11(-1.40 %),0,0,0,0,144739884,0.75
29/01/2018,200,420000,2.11(0.00 %),200,420000,0,0,144739684,0.75
30/01/2018,0,0,2.1(-0.47 %),0,0,0,0,144740484,0.75
31/01/2018,0,0,1.97(-6.19 %),0,0,0,0,144740484,0.75
01/02/2018,-3000,-6000000,1.98(0.51 %),0,0,3000,6000000,144740484,0.75
02/02/2018,0,0,2.11(6.57 %),0,0,0,0,144740484,0.75
05/02/2018,500,1060000,2.05(-2.84 %),900,1900000,400,840000,144739584,0.75
06/02/2018,49450,98850000,1.95(-4.88 %),50050,100010000,600,1160000,144692534,0.77
07/02/2018,0,0,2(2.56 %),0,0,0,0,144692534,0.77
08/02/2018,0,0,1.87(-6.50 %),0,0,0,0,144692934,0.77
09/02/2018,-930,-1670000,1.9(1.60 %),0,0,930,1670000,144693534,0.77
12/02/2018,40000,79200000,1.98(4.21 %),40000,79200000,0,0,144653534,0.78
13/02/2018,0,0,2.11(6.57 %),0,0,0,0,144653534,0.78
21/02/2018,0,0,2.06(-2.37 %),0,0,0,0,144654464,0.78
22/02/2018,0,0,2.02(-1.94 %),0,0,0,0,144654464,0.78
23/02/2018,0,0,2(-0.99 %),0,0,0,0,144654464,0.78
26/02/2018,0,0,2.01(0.50 %),0,0,0,0,144654464,0.78
27/02/2018,0,0,1.99(-1.00 %),0,0,0,0,144654464,0.78
28/02/2018,-90000,-180320000,2.05(3.02 %),0,0,90000,180320000,144654464,0.78
01/03/2018,0,0,2.03(-0.98 %),0,0,0,0,144654464,0.78
02/03/2018,0,0,2.02(-0.49 %),0,0,0,0,144654464,0.78
05/03/2018,0,0,2.01(-0.50 %),0,0,0,0,144744464,0.75
06/03/2018,0,0,2.02(0.50 %),0,0,0,0,144744464,0.75
07/03/2018,0,0,2.09(3.47 %),0,0,0,0,144744464,0.75
08/03/2018,0,0,2.09(0.00 %),0,0,0,0,144744464,0.75
09/03/2018,0,0,2.06(-1.44 %),0,0,0,0,144744464,0.75
12/03/2018,0,0,2.05(-0.49 %),0,0,0,0,144744464,0.75
13/03/2018,5710,11530000,2.02(-1.46 %),5710,11530000,0,0,144738754,0.75
14/03/2018,46000,93020000,2.03(0.50 %),46000,93020000,0,0,144692754,0.77
15/03/2018,38270,77310000,2.02(-0.49 %),38270,77310000,0,0,144654484,0.78
16/03/2018,19660,39710000,2.03(0.50 %),19660,39710000,0,0,144634824,0.79
19/03/2018,10000,20300000,2.02(-0.49 %),10000,20300000,0,0,144624824,0.79
20/03/2018,0,0,2.08(2.97 %),0,0,0,0,144624824,0.79
21/03/2018,30430,64500000,2.22(6.73 %),30430,64500000,0,0,144594394,0.8
22/03/2018,15000,32750000,2.15(-3.15 %),15000,32750000,0,0,144579394,0.81
23/03/2018,50000,104700000,2.09(-2.79 %),50000,104700000,0,0,144529394,0.82
26/03/2018,0,0,2.06(-1.44 %),0,0,0,0,144529394,0.82
27/03/2018,0,0,2.07(0.49 %),0,0,0,0,144529394,0.82
28/03/2018,9500,20790000,2.2(6.28 %),9500,20790000,0,0,144519894,0.83
29/03/2018,0,0,2.17(-1.36 %),0,0,0,0,144519894,0.83
30/03/2018,-149000,-324820000,2.19(0.92 %),0,0,149000,324820000,144519894,0.83
02/04/2018,0,0,2.14(-2.28 %),0,0,0,0,144519894,0.83
03/04/2018,-5000,-11350000,2.28(6.54 %),0,0,5000,11350000,144519894,0.83
04/04/2018,0,0,2.24(-1.75 %),0,0,0,0,144668894,0.78
05/04/2018,59280,137780000,2.39(6.70 %),59280,137780000,0,0,144609614,0.8
06/04/2018,27230,66080000,2.52(5.44 %),27230,66080000,0,0,144587384,0.8
09/04/2018,19030,44890000,2.35(-6.75 %),19030,44890000,0,0,144568354,0.81
10/04/2018,4100,9510000,2.29(-2.55 %),4100,9510000,0,0,144564254,0.81
11/04/2018,-9500,-21970000,2.31(0.87 %),0,0,9500,21970000,144564254,0.81
12/04/2018,0,0,2.35(1.73 %),0,0,0,0,144564254,0.81
13/04/2018,122290,292460000,2.44(3.83 %),122290,292460000,0,0,144441964,0.85
16/04/2018,0,0,2.44(0.00 %),0,0,0,0,144451464,0.85
17/04/2018,0,0,2.47(1.23 %),0,0,0,0,144451464,0.85
18/04/2018,0,0,2.3(-6.88 %),0,0,0,0,144451464,0.85
19/04/2018,141650,319510000,2.27(-1.30 %),141650,319510000,0,0,144309814,0.9
20/04/2018,2200,4950000,2.22(-2.20 %),2200,4950000,0,0,144307614,0.9
23/04/2018,0,0,2.07(-6.76 %),0,0,0,0,144307614,0.9
24/04/2018,0,0,2.1(1.45 %),0,0,0,0,144307614,0.9
26/04/2018,0,0,2.14(1.90 %),0,0,0,0,144307614,0.9
27/04/2018,0,0,2.09(-2.34 %),0,0,0,0,144307614,0.9
02/05/2018,0,0,2.08(-0.48 %),0,0,0,0,144307614,0.9
03/05/2018,1960,3920000,2.08(0.00 %),1960,3920000,0,0,144305654,0.9
04/05/2018,208790,440380000,2.17(4.33 %),208790,440380000,0,0,144096864,0.97
07/05/2018,0,0,2.18(0.46 %),0,0,0,0,144096864,0.97
08/05/2018,300,650000,2.14(-1.83 %),300,650000,0,0,144096564,0.97
09/05/2018,0,0,2.08(-2.80 %),0,0,0,0,144096564,0.97
10/05/2018,5000,10400000,2.08(0.00 %),5000,10400000,0,0,144091564,0.97
11/05/2018,0,0,2.07(-0.48 %),0,0,0,0,144091564,0.97
14/05/2018,0,0,2.09(0.97 %),0,0,0,0,144091564,0.97
15/05/2018,-13300,-27930000,2.21(5.74 %),0,0,13300,27930000,144091564,0.97
16/05/2018,0,0,2.34(5.88 %),0,0,0,0,144091564,0.97
17/05/2018,150000,349940000,2.29(-2.14 %),150000,349940000,0,0,143941564,1.02
18/05/2018,45000,102600000,2.3(0.44 %),45000,102600000,0,0,143909864,1.03
21/05/2018,145000,340100000,2.31(0.43 %),145000,340100000,0,0,143764864,1.08
22/05/2018,-150000,-346500000,2.3(-0.43 %),0,0,150000,346500000,143764864,1.08
23/05/2018,28660,65140000,2.32(0.87 %),28660,65140000,0,0,143736204,1.09
24/05/2018,34000,79210000,2.29(-1.29 %),34000,79210000,0,0,143702204,1.1
25/05/2018,121700,278890000,2.25(-1.75 %),121700,278890000,0,0,143730504,1.09
28/05/2018,-50000,-105000000,2.1(-6.67 %),0,0,50000,105000000,143730504,1.09
29/05/2018,0,0,2.16(2.86 %),0,0,0,0,143730504,1.09
30/05/2018,0,0,2.13(-1.39 %),0,0,0,0,143730504,1.09
31/05/2018,0,0,2.2(3.29 %),0,0,0,0,143780504,1.07
01/06/2018,0,0,2.19(-0.45 %),0,0,0,0,143780504,1.07
04/06/2018,-100880,-217390000,2.17(-0.91 %),120,260000,101000,217650000,143780384,1.07
05/06/2018,15000,33000000,2.19(0.92 %),15000,33000000,0,0,143765384,1.08
06/06/2018,0,0,2.16(-1.37 %),0,0,0,0,143765384,1.08
07/06/2018,-138490,-298310000,2.18(0.93 %),0,0,138490,298310000,143866384,1.04
08/06/2018,-64500,-138520000,2.14(-1.83 %),0,0,64500,138520000,143866384,1.04
11/06/2018,-110500,-239200000,2.2(2.80 %),0,0,110500,239200000,143866384,1.04
12/06/2018,0,0,2.15(-2.27 %),0,0,0,0,144004874,1.0
13/06/2018,0,0,2.15(0.00 %),0,0,0,0,144069374,0.98
14/06/2018,-300,-640000,2.15(0.00 %),0,0,300,640000,144179874,0.94
15/06/2018,1000,2150000,2.15(0.00 %),1000,2150000,0,0,144178874,0.94
18/06/2018,0,0,2.09(-2.79 %),0,0,0,0,144178874,0.94
19/06/2018,0,0,1.99(-4.78 %),0,0,0,0,144179174,0.94
20/06/2018,0,0,2.04(2.51 %),0,0,0,0,144179174,0.94
21/06/2018,0,0,2.04(0.00 %),0,0,0,0,144179174,0.94
22/06/2018,0,0,2.08(1.96 %),0,0,0,0,144179174,0.94
25/06/2018,0,0,2.08(0.00 %),0,0,0,0,144179174,0.94
26/06/2018,0,0,2.06(-0.96 %),0,0,0,0,144179174,0.94
27/06/2018,0,0,2.06(0.00 %),0,0,0,0,144179174,0.94
28/06/2018,0,0,2.01(-2.43 %),0,0,0,0,144179174,0.94
29/06/2018,0,0,2.01(0.00 %),0,0,0,0,144179174,0.94
02/07/2018,0,0,1.98(-1.49 %),0,0,0,0,144179174,0.94
03/07/2018,0,0,1.95(-1.52 %),0,0,0,0,144179174,0.94
04/07/2018,10000,19600000,1.95(0.00 %),10000,19600000,0,0,144169174,0.94
05/07/2018,0,0,1.82(-6.67 %),0,0,0,0,144169174,0.94
06/07/2018,0,0,1.82(0.00 %),0,0,0,0,144169174,0.94
09/07/2018,0,0,1.81(-0.55 %),0,0,0,0,144169174,0.94
10/07/2018,50000,88460000,1.79(-1.10 %),50000,88460000,0,0,144119174,0.96
11/07/2018,2000,3580000,1.73(-3.35 %),2000,3580000,0,0,144117174,0.96
12/07/2018,25520,43894400,1.72(-0.58 %),25520,43894400,0,0,144091654,0.97
13/07/2018,20,40000,1.77(2.91 %),20,40000,0,0,144091634,0.97
16/07/2018,0,0,1.81(2.26 %),0,0,0,0,144091634,0.97
17/07/2018,0,0,1.8(-0.55 %),0,0,0,0,144091634,0.97
18/07/2018,0,0,1.82(1.11 %),0,0,0,0,144091634,0.97
19/07/2018,57050,106680000,1.89(3.85 %),57050,106680000,0,0,144034584,0.99
20/07/2018,0,0,1.86(-1.59 %),0,0,0,0,144034584,0.99
23/07/2018,0,0,1.85(-0.54 %),0,0,0,0,144034584,0.99
24/07/2018,2320,4270000,1.81(-2.16 %),2320,4270000,0,0,144032264,0.99
25/07/2018,-10000,-18210000,1.93(6.63 %),0,0,10000,18210000,144032264,0.99
26/07/2018,0,0,1.86(-3.63 %),0,0,0,0,144032264,0.99
27/07/2018,0,0,1.87(0.54 %),0,0,0,0,144032264,0.99
30/07/2018,0,0,1.89(1.07 %),0,0,0,0,144042270,0.99
31/07/2018,0,0,1.88(-0.53 %),0,0,0,0,144042270,0.99
01/08/2018,10,20000,1.9(1.06 %),10,20000,0,0,144042260,0.99
02/08/2018,-15140,-28770000,1.91(0.53 %),0,0,15140,28770000,144042260,0.99
03/08/2018,0,0,1.89(-1.05 %),0,0,0,0,144042260,0.99
06/08/2018,0,0,1.9(0.53 %),0,0,0,0,144042260,0.99
07/08/2018,200000,380000000,2.03(6.84 %),200000,380000000,0,0,143842260,1.05
08/08/2018,0,0,1.99(-1.97 %),0,0,0,0,143857400,1.05
09/08/2018,0,0,2(0.50 %),0,0,0,0,143857400,1.05
10/08/2018,-30,-60000,2.02(1.00 %),0,0,30,60000,143857400,1.05
13/08/2018,0,0,2.14(5.94 %),0,0,0,0,143857400,1.05
14/08/2018,0,0,2.25(5.14 %),0,0,0,0,143857400,1.05
15/08/2018,-100,-220000,2.11(-6.22 %),0,0,100,220000,143857430,1.05
16/08/2018,0,0,2.25(6.64 %),0,0,0,0,143857430,1.05
17/08/2018,-275500,-661700000,2.4(6.67 %),25000,59500000,300500,721200000,144132930,0.96
20/08/2018,-121040,-301020800,2.38(-0.83 %),0,0,121040,301020800,144253970,0.92
21/08/2018,-13490,-33300000,2.43(2.10 %),0,0,13490,33300000,143832530,1.06
22/08/2018,-234480,-566290000,2.41(-0.82 %),0,0,234480,566290000,144133030,0.96
23/08/2018,0,0,2.41(0.00 %),0,0,0,0,144254070,0.92
24/08/2018,0,0,2.37(-1.66 %),0,0,0,0,144254070,0.92
27/08/2018,0,0,2.36(-0.42 %),0,0,0,0,144502040,0.83
28/08/2018,-1000,-2470000,2.49(5.51 %),0,0,1000,2470000,144502040,0.83
29/08/2018,11680,31330000,2.63(5.62 %),65680,174240000,54000,142910000,144436360,0.85
30/08/2018,-12970,-34730000,2.66(1.14 %),17530,46100000,30500,80830000,144418830,0.86
31/08/2018,-5000,-13970000,2.84(6.77 %),0,0,5000,13970000,144419830,0.86
04/09/2018,-52120,-156218600,3.03(6.69 %),101380,307171400,153500,463390000,144087404,0.97
05/09/2018,-13680,-41040000,2.99(-1.32 %),2000,6000000,15680,47040000,144400950,0.87
06/09/2018,-77850,-243533000,3.19(6.69 %),8350,26553000,86200,270086000,144478800,0.84
07/09/2018,0,0,3.18(-0.31 %),0,0,0,0,144478800,0.84
10/09/2018,-5960,-18300000,2.96(-6.92 %),0,0,5960,18300000,144566780,0.81
11/09/2018,-85620,-236480000,2.76(-6.76 %),0,0,85620,236480000,144652980,0.78
12/09/2018,-13380,-34810000,2.8(1.45 %),56000,157220000,69380,192030000,144596980,0.8
13/09/2018,-28000,-79710000,2.8(0.00 %),2000,5600000,30000,85310000,144600940,0.8
14/09/2018,0,0,2.84(1.43 %),0,0,0,0,144686560,0.77
17/09/2018,0,0,3.03(6.69 %),0,0,0,0,144755940,0.75
18/09/2018,0,0,3.1(2.31 %),0,0,0,0,144785940,0.74
19/09/2018,-45800,-142190000,3.1(0.00 %),4200,12810000,50000,155000000,144781740,0.74
20/09/2018,15000,44830000,3(-3.23 %),15000,44830000,0,0,144766740,0.74
21/09/2018,800,2320000,2.89(-3.67 %),800,2320000,0,0,144765940,0.74
24/09/2018,47090,134729400,2.89(0.00 %),47090,134729400,0,0,144718850,0.76
25/09/2018,0,0,2.97(2.77 %),0,0,0,0,144718850,0.76
26/09/2018,0,0,3.1(4.38 %),0,0,0,0,144718850,0.76
27/09/2018,-30600,-93320000,3.04(-1.94 %),0,0,30600,93320000,144764350,0.75
28/09/2018,29130,87750000,3.03(-0.33 %),29130,87750000,0,0,144735220,0.75
01/10/2018,-8520,-25320000,3.05(0.66 %),45000,138450000,53520,163770000,144756220,0.75
02/10/2018,8220,25381800,3.09(1.31 %),10020,30961800,1800,5580000,144748000,0.75
03/10/2018,2000,6230000,3.13(1.29 %),3000,9390000,1000,3160000,144773800,0.74
04/10/2018,-14130,-44770000,3.2(2.24 %),2000,6360000,16130,51130000,144825320,0.72
05/10/2018,-155640,-468420000,2.98(-6.87 %),0,0,155640,468420000,144827120,0.72
08/10/2018,-3000,-8550000,2.96(-0.67 %),0,0,3000,8550000,144828120,0.72
09/10/2018,-2000,-5780000,2.89(-2.36 %),0,0,2000,5780000,144844250,0.72
10/10/2018,0,0,2.85(-1.38 %),0,0,0,0,144844250,0.72
11/10/2018,-280,-758000,2.66(-6.67 %),0,0,280,758000,144844530,0.72
12/10/2018,0,0,2.71(1.88 %),0,0,0,0,144844530,0.72
15/10/2018,30000,81900000,2.73(0.74 %),30000,81900000,0,0,144974890,0.68
16/10/2018,0,0,2.83(3.66 %),0,0,0,0,144975170,0.67
17/10/2018,-20000,-58000000,2.83(0.00 %),0,0,20000,58000000,144995170,0.67
18/10/2018,-30370,-84570000,2.8(-1.06 %),0,0,30370,84570000,144975170,0.67
19/10/2018,0,0,2.78(-0.71 %),0,0,0,0,144975170,0.67
22/10/2018,-50000,-140000000,2.79(0.36 %),0,0,50000,140000000,144995170,0.67
23/10/2018,-25000,-69000000,2.79(0.00 %),0,0,25000,69000000,145020170,0.66
24/10/2018,-53000,-145220000,2.73(-2.15 %),0,0,53000,145220000,145073170,0.64
25/10/2018,0,0,2.64(-3.30 %),0,0,0,0,145075540,0.64
26/10/2018,0,0,2.61(-1.14 %),0,0,0,0,145100540,0.63
29/10/2018,0,0,2.63(0.77 %),0,0,0,0,145153540,0.62
30/10/2018,0,0,2.66(1.14 %),0,0,0,0,145153540,0.62
31/10/2018,40730,109563700,2.68(0.75 %),40730,109563700,0,0,145112810,0.63
01/11/2018,10000,26660000,2.64(-1.49 %),10000,26660000,0,0,145102810,0.63
02/11/2018,0,0,2.82(6.82 %),0,0,0,0,145102810,0.63
05/11/2018,0,0,3.01(6.74 %),0,0,0,0,145102810,0.63
06/11/2018,0,0,3.04(1.00 %),0,0,0,0,145102810,0.63
07/11/2018,300,940000,3.12(2.63 %),300,940000,0,0,145102510,0.63
08/11/2018,-40730,-127130000,3.08(-1.28 %),0,0,40730,127130000,145102510,0.63
09/11/2018,27000,82080000,3.03(-1.62 %),27000,82080000,0,0,145075510,0.64
12/11/2018,0,0,3.12(2.97 %),0,0,0,0,145075510,0.64
13/11/2018,-11000,-33780000,3.08(-1.28 %),0,0,11000,33780000,145086510,0.64
14/11/2018,0,0,3.07(-0.32 %),0,0,0,0,145086510,0.64
15/11/2018,24900,81700000,3.28(6.84 %),25100,82330000,200,630000,145091140,0.64
16/11/2018,10020,34570000,3.42(4.27 %),10020,34570000,0,0,145092120,0.64
19/11/2018,0,0,3.37(-1.46 %),0,0,0,0,145092120,0.64
20/11/2018,-25100,-86340000,3.45(2.37 %),0,0,25100,86340000,145092320,0.64
21/11/2018,37360,128300000,3.52(2.03 %),37360,128300000,0,0,145054960,0.65
22/11/2018,20300,71440000,3.45(-1.99 %),20300,71440000,0,0,145034660,0.66
23/11/2018,0,0,3.6(4.35 %),0,0,0,0,145034660,0.66
26/11/2018,0,0,3.7(2.78 %),0,0,0,0,145034660,0.66
27/11/2018,10000,35900000,3.59(-2.97 %),10000,35900000,0,0,145024660,0.66
28/11/2018,-20000,-72800000,3.68(2.51 %),0,0,20000,72800000,145019760,0.66
29/11/2018,-11300,-40680000,3.64(-1.09 %),0,0,11300,40680000,145029760,0.66
30/11/2018,-30000,-107400000,3.64(0.00 %),0,0,30000,107400000,145029760,0.66
03/12/2018,-27000,-96660000,3.49(-4.12 %),0,0,27000,96660000,145049760,0.65
04/12/2018,-27360,-95760000,3.5(0.29 %),0,0,27360,95760000,145061060,0.65
05/12/2018,0,0,3.52(0.57 %),0,0,0,0,145061060,0.65
06/12/2018,150020,536026300,3.6(2.27 %),150020,536026300,0,0,144911040,0.7
07/12/2018,0,0,3.58(-0.56 %),0,0,0,0,144911040,0.7
10/12/2018,0,0,3.55(-0.84 %),0,0,0,0,144995400,0.67
11/12/2018,-150000,-523500000,3.49(-1.69 %),0,0,150000,523500000,144995400,0.67
12/12/2018,0,0,3.52(0.86 %),0,0,0,0,144995400,0.67
13/12/2018,0,0,3.51(-0.28 %),0,0,0,0,144995400,0.67
14/12/2018,0,0,3.52(0.28 %),0,0,0,0,145145400,0.62
17/12/2018,-3820,-13560000,3.45(-1.99 %),0,0,3820,13560000,145145400,0.62
18/12/2018,-3540,-12250000,3.45(0.00 %),0,0,3540,12250000,145145400,0.62
19/12/2018,0,0,3.46(0.29 %),0,0,0,0,145145400,0.62
20/12/2018,0,0,3.57(3.18 %),0,0,0,0,145149220,0.62
21/12/2018,26850,95320000,3.7(3.64 %),26850,95320000,0,0,145125910,0.62
24/12/2018,-5000,-18650000,3.66(-1.08 %),0,0,5000,18650000,145125910,0.62
25/12/2018,0,0,3.55(-3.01 %),0,0,0,0,145125910,0.62
26/12/2018,0,0,3.49(-1.69 %),0,0,0,0,145125910,0.62
27/12/2018,14000,49280000,3.55(1.72 %),14000,49280000,0,0,145116910,0.63
28/12/2018,8300,29380000,3.54(-0.28 %),8300,29380000,0,0,145108610,0.63
02/01/2019,-16180,-58086200,3.61(1.98 %),0,0,16180,58086200,145108610,0.63
03/01/2019,60000,220800000,3.64(0.83 %),60000,220800000,0,0,145048610,0.65
04/01/2019,0,0,3.6(-1.10 %),0,0,0,0,145048610,0.65
07/01/2019,0,0,3.63(0.83 %),0,0,0,0,145048610,0.65
08/01/2019,0,0,3.55(-2.20 %),0,0,0,0,145064790,0.65
09/01/2019,-19000,-68820000,3.5(-1.41 %),41000,144430000,60000,213250000,145023790,0.66
10/01/2019,0,0,3.49(-0.29 %),0,0,0,0,145023790,0.66
11/01/2019,20,70200,3.49(0.00 %),20,70200,0,0,145023770,0.66
14/01/2019,0,0,3.49(0.00 %),0,0,0,0,145083770,0.64
15/01/2019,0,0,3.56(2.01 %),0,0,0,0,145083770,0.64
16/01/2019,30070,110645600,3.68(3.37 %),30070,110645600,0,0,145053700,0.65
17/01/2019,2000,7480000,3.74(1.63 %),2000,7480000,0,0,145051700,0.65
18/01/2019,0,0,3.7(-1.07 %),0,0,0,0,145051700,0.65
21/01/2019,0,0,3.7(0.00 %),0,0,0,0,145051700,0.65
22/01/2019,0,0,3.82(3.24 %),0,0,0,0,145051700,0.65
23/01/2019,-31800,-123380000,3.86(1.05 %),1500,5820000,33300,129200000,145050200,0.65
24/01/2019,10000,38600000,3.87(0.26 %),10000,38600000,0,0,145040200,0.65
25/01/2019,-100,-390000,3.86(-0.26 %),0,0,100,390000,145040200,0.65
28/01/2019,-10000,-39300000,3.94(2.07 %),20000,78900000,30000,118200000,145083600,0.64
29/01/2019,0,0,3.85(-2.28 %),0,0,0,0,145083600,0.64
30/01/2019,-26850,-103372500,3.9(1.30 %),0,0,26850,103372500,145110450,0.63
31/01/2019,0,0,3.8(-2.56 %),0,0,0,0,145083600,0.64
01/02/2019,550,2150000,3.88(2.11 %),550,2150000,0,0,145083050,0.64
11/02/2019,0,0,3.88(0.00 %),0,0,0,0,145109900,0.63
12/02/2019,22310,86785900,3.89(0.26 %),22310,86785900,0,0,145060740,0.65
13/02/2019,0,0,3.85(-1.03 %),0,0,0,0,145087590,0.64
14/02/2019,-4000,-16000000,3.97(3.12 %),0,0,4000,16000000,145087590,0.64
15/02/2019,0,0,3.95(-0.50 %),0,0,0,0,145064740,0.65
18/02/2019,0,0,4.02(1.77 %),0,0,0,0,145064740,0.65
19/02/2019,0,0,3.94(-1.99 %),0,0,0,0,145091590,0.64
20/02/2019,-45320,-181330000,3.97(0.76 %),9680,37870000,55000,219200000,145081910,0.64
21/02/2019,0,0,3.99(0.50 %),0,0,0,0,145110060,0.63
22/02/2019,0,0,3.99(0.00 %),0,0,0,0,145081910,0.64
25/02/2019,-3470,-13878600,4.01(0.50 %),70,281400,3540,14160000,145113530,0.63
26/02/2019,0,0,3.98(-0.75 %),0,0,0,0,145136840,0.62
27/02/2019,0,0,4(0.50 %),0,0,0,0,145136840,0.62
28/02/2019,40,160000,4.01(0.25 %),40,160000,0,0,145140340,0.62
01/03/2019,-8000,-33600000,4.2(4.74 %),0,0,8000,33600000,145140340,0.62
04/03/2019,0,0,4.48(6.67 %),0,0,0,0,145140340,0.62
05/03/2019,-13000,-58890000,4.6(2.68 %),2000,9160000,15000,68050000,145138340,0.62
06/03/2019,0,0,4.59(-0.22 %),0,0,0,0,145153340,0.62
07/03/2019,0,0,4.67(1.74 %),0,0,0,0,145146340,0.62
08/03/2019,-330,-1540000,4.67(0.00 %),0,0,330,1540000,145161340,0.61
11/03/2019,0,0,4.67(0.00 %),0,0,0,0,145161340,0.61
12/03/2019,0,0,4.86(4.07 %),0,0,0,0,145161340,0.61
13/03/2019,0,0,4.95(1.85 %),0,0,0,0,145161670,0.61
14/03/2019,-10000,-51950000,5.29(6.87 %),0,0,10000,51950000,145161670,0.61
15/03/2019,0,0,5.3(0.19 %),0,0,0,0,145161670,0.61
18/03/2019,0,0,5.37(1.32 %),0,0,0,0,145161670,0.61
19/03/2019,-400,-2152000,5.58(3.91 %),0,0,400,2152000,145162070,0.61
20/03/2019,1000,5190000,5.19(-6.99 %),1000,5190000,0,0,145161070,0.61
21/03/2019,0,0,5.19(0.00 %),0,0,0,0,145170670,0.61
22/03/2019,35540,185160000,5.24(0.96 %),40000,208270000,4460,23110000,145131070,0.62
25/03/2019,-5000,-26300000,5.27(0.57 %),0,0,5000,26300000,145131070,0.62
26/03/2019,-5000,-26700000,5.63(6.83 %),0,0,5000,26700000,145135530,0.62
27/03/2019,152060,897974200,6(6.57 %),152060,897974200,0,0,144983470,0.67
28/03/2019,0,0,5.95(-0.83 %),0,0,0,0,144983470,0.67
29/03/2019,0,0,5.83(-2.02 %),0,0,0,0,144993470,0.67
01/04/2019,0,0,5.43(-6.86 %),0,0,0,0,144993470,0.67
02/04/2019,-10000,-54650000,5.48(0.92 %),5000,27000000,15000,81650000,145003470,0.67
03/04/2019,-191960,-1046300000,5.25(-4.20 %),0,0,191960,1046300000,144988470,0.67
04/04/2019,-5000,-27000000,5.32(1.33 %),0,0,5000,27000000,145200430,0.6
05/04/2019,0,0,4.95(-6.95 %),0,0,0,0,145003470,0.67
08/04/2019,0,0,4.78(-3.43 %),0,0,0,0,145195430,0.6
09/04/2019,0,0,4.71(-1.46 %),0,0,0,0,145200430,0.6
10/04/2019,1370,6089000,4.72(0.21 %),21370,100439000,20000,94350000,145199060,0.6
11/04/2019,2000,9400000,4.67(-1.06 %),2000,9400000,0,0,145197060,0.6
12/04/2019,0,0,4.67(0.00 %),0,0,0,0,145197060,0.6
16/04/2019,11000,50600000,4.35(-6.85 %),11000,50600000,0,0,145186060,0.6
17/04/2019,-100,-418000,4.05(-6.90 %),0,0,100,418000,145186160,0.6
18/04/2019,-197470,-760470000,3.88(-4.20 %),0,0,197470,760470000,145186060,0.6
19/04/2019,0,0,4.15(6.96 %),0,0,0,0,145186060,0.6
22/04/2019,2500,10350000,4.1(-1.20 %),2500,10350000,0,0,145381130,0.54
23/04/2019,0,0,4.06(-0.98 %),0,0,0,0,145381130,0.54
24/04/2019,0,0,4.02(-0.99 %),0,0,0,0,145381130,0.54
25/04/2019,0,0,3.76(-6.47 %),0,0,0,0,145381130,0.54
26/04/2019,0,0,3.82(1.60 %),0,0,0,0,145381130,0.54
02/05/2019,9000,33300000,3.7(-3.14 %),9000,33300000,0,0,145381130,0.54
03/05/2019,0,0,3.95(6.76 %),0,0,0,0,145381130,0.54
06/05/2019,15000,57000000,3.89(-1.52 %),15000,57000000,0,0,145366130,0.54
07/05/2019,-5420,-21625800,3.99(2.57 %),0,0,5420,21625800,145371550,0.54
08/05/2019,-2190,-8610000,3.95(-1.00 %),0,0,2190,8610000,145357130,0.55
09/05/2019,0,0,3.91(-1.01 %),0,0,0,0,145373740,0.54
10/05/2019,0,0,4.14(5.88 %),0,0,0,0,145362550,0.55
13/05/2019,-10,-44100,4.42(6.76 %),0,0,10,44100,145373750,0.54
14/05/2019,0,0,4.42(0.00 %),0,0,0,0,145373750,0.54
15/05/2019,0,0,4.43(0.23 %),0,0,0,0,145364740,0.55
16/05/2019,0,0,4.45(0.45 %),0,0,0,0,145373750,0.54
17/05/2019,0,0,4.7(5.62 %),0,0,0,0,145364750,0.55
20/05/2019,-280,-1320000,4.48(-4.68 %),590,2860000,870,4180000,145364160,0.55
21/05/2019,0,0,4.5(0.45 %),0,0,0,0,145364160,0.55
22/05/2019,0,0,4.31(-4.22 %),0,0,0,0,145364160,0.55
23/05/2019,0,0,4.3(-0.23 %),0,0,0,0,145365030,0.54
24/05/2019,0,0,4.55(5.81 %),0,0,0,0,145365030,0.54
27/05/2019,0,0,4.46(-1.98 %),0,0,0,0,145365030,0.54
28/05/2019,0,0,4.4(-1.35 %),0,0,0,0,145365030,0.54
29/05/2019,0,0,4.29(-2.50 %),0,0,0,0,145365030,0.54
30/05/2019,0,0,4.31(0.47 %),0,0,0,0,145365030,0.54
31/05/2019,0,0,4.24(-1.62 %),0,0,0,0,145365030,0.54
03/06/2019,100000,411000000,4.05(-4.48 %),100000,411000000,0,0,145265030,0.58
04/06/2019,0,0,4.12(1.73 %),0,0,0,0,145265030,0.58
05/06/2019,0,0,4.15(0.73 %),0,0,0,0,145265030,0.58
06/06/2019,0,0,4.1(-1.20 %),0,0,0,0,145265030,0.58
07/06/2019,1550,6386000,4.09(-0.24 %),1550,6386000,0,0,145263480,0.58
10/06/2019,2300,9520000,4.12(0.73 %),2300,9520000,0,0,145261180,0.58
11/06/2019,0,0,4.02(-2.43 %),0,0,0,0,145261180,0.58
12/06/2019,30000,120900000,4.03(0.25 %),30000,120900000,0,0,145231180,0.59
13/06/2019,0,0,4.04(0.25 %),0,0,0,0,145231180,0.59
14/06/2019,1800,7280000,4.07(0.74 %),1800,7280000,0,0,145229380,0.59
17/06/2019,0,0,4.19(2.95 %),0,0,0,0,145229380,0.59
18/06/2019,0,0,4.14(-1.19 %),0,0,0,0,145229380,0.59
19/06/2019,0,0,4.11(-0.72 %),0,0,0,0,145229380,0.59
20/06/2019,0,0,4.13(0.49 %),0,0,0,0,145229380,0.59
21/06/2019,0,0,4.1(-0.73 %),0,0,0,0,145229380,0.59
24/06/2019,-280,-1150800,4.04(-1.46 %),0,0,280,1150800,145229660,0.59
25/06/2019,540,2154600,4(-0.99 %),540,2154600,0,0,145229120,0.59
26/06/2019,0,0,3.9(-2.50 %),0,0,0,0,145228844,0.59
27/06/2019,0,0,3.88(-0.51 %),0,0,0,0,145229124,0.59
28/06/2019,0,0,3.9(0.52 %),0,0,0,0,145229120,0.59
01/07/2019,0,0,3.92(0.51 %),0,0,0,0,145229124,0.59
02/07/2019,0,0,3.97(1.28 %),0,0,0,0,145229124,0.59
03/07/2019,0,0,4(0.76 %),0,0,0,0,145229124,0.59
04/07/2019,0,0,4.1(2.50 %),0,0,0,0,145229124,0.59
05/07/2019,0,0,4.03(-1.71 %),0,0,0,0,145229124,0.59
08/07/2019,0,0,4.02(-0.25 %),0,0,0,0,145229124,0.59
09/07/2019,-14000,-56000000,4(-0.50 %),0,0,14000,56000000,145243124,0.59
10/07/2019,0,0,3.99(-0.25 %),0,0,0,0,145229124,0.59
11/07/2019,0,0,3.99(0.00 %),0,0,0,0,145243124,0.59
12/07/2019,50,200000,3.98(-0.25 %),50,200000,0,0,145243074,0.59
15/07/2019,0,0,3.98(0.00 %),0,0,0,0,145243074,0.59
16/07/2019,0,0,3.98(0.00 %),0,0,0,0,145243074,0.59
17/07/2019,0,0,4(0.50 %),0,0,0,0,145243074,0.59
18/07/2019,0,0,4.08(2.00 %),0,0,0,0,145243074,0.59
19/07/2019,0,0,4.05(-0.74 %),0,0,0,0,145243074,0.59
22/07/2019,0,0,4.02(-0.74 %),0,0,0,0,145243074,0.59
23/07/2019,-15000,-60000000,4.02(0.00 %),0,0,15000,60000000,145258074,0.58
24/07/2019,0,0,4(-0.50 %),0,0,0,0,145243074,0.59
25/07/2019,0,0,4(0.00 %),0,0,0,0,145243074,0.59
26/07/2019,0,0,4(0.00 %),0,0,0,0,145258074,0.58
29/07/2019,0,0,3.99(-0.25 %),0,0,0,0,145258074,0.58
30/07/2019,0,0,4.01(0.50 %),0,0,0,0,145258074,0.58
31/07/2019,-15000,-59800000,3.95(-1.50 %),0,0,15000,59800000,145273074,0.58
01/08/2019,0,0,3.88(-1.77 %),0,0,0,0,145258074,0.58
02/08/2019,-16000,-61760000,3.86(-0.52 %),0,0,16000,61760000,145258074,0.58
05/08/2019,1440,5572800,3.87(0.26 %),1440,5572800,0,0,145272634,0.58
06/08/2019,0,0,3.91(1.03 %),0,0,0,0,145271634,0.58
07/08/2019,0,0,3.96(1.28 %),0,0,0,0,145272634,0.58
08/08/2019,0,0,4(1.01 %),0,0,0,0,145287634,0.57
09/08/2019,0,0,3.97(-0.75 %),0,0,0,0,145272634,0.58
12/08/2019,0,0,3.97(0.00 %),0,0,0,0,145287634,0.57
13/08/2019,0,0,3.89(-2.02 %),0,0,0,0,145287634,0.57
14/08/2019,20,77600,3.87(-0.51 %),20,77600,0,0,145272614,0.58
15/08/2019,0,0,3.9(0.78 %),0,0,0,0,145287614,0.57
16/08/2019,-1550,-6340000,4.09(4.87 %),0,0,1550,6340000,145287614,0.57
19/08/2019,14520,58951200,4.1(0.24 %),14520,58951200,0,0,145259644,0.58
20/08/2019,9400,38822000,4.13(0.73 %),9400,38822000,0,0,145250244,0.58
21/08/2019,0,0,4.05(-1.94 %),0,0,0,0,145265244,0.58
22/08/2019,0,0,4(-1.23 %),0,0,0,0,145250244,0.58
23/08/2019,0,0,4.01(0.25 %),0,0,0,0,145265244,0.58
26/08/2019,-900,-3600000,4.01(0.00 %),0,0,900,3600000,145251144,0.58
27/08/2019,0,0,3.98(-0.75 %),0,0,0,0,145265244,0.58
28/08/2019,0,0,3.91(-1.76 %),0,0,0,0,145251144,0.58
29/08/2019,0,0,3.9(-0.26 %),0,0,0,0,145266144,0.58
30/08/2019,0,0,3.91(0.26 %),0,0,0,0,145251144,0.58
03/09/2019,-12000,-46800000,3.9(-0.26 %),0,0,12000,46800000,145266144,0.58
04/09/2019,0,0,3.85(-1.28 %),0,0,0,0,145266144,0.58
05/09/2019,0,0,3.88(0.78 %),0,0,0,0,145266144,0.58
06/09/2019,0,0,3.84(-1.03 %),0,0,0,0,145278144,0.57
09/09/2019,0,0,3.84(0.00 %),0,0,0,0,145278144,0.57
10/09/2019,0,0,3.84(0.00 %),0,0,0,0,145266144,0.58
11/09/2019,0,0,3.84(0.00 %),0,0,0,0,145278144,0.57
12/09/2019,0,0,3.85(0.26 %),0,0,0,0,145278144,0.57
13/09/2019,0,0,3.84(-0.26 %),0,0,0,0,145278144,0.57
16/09/2019,4300,16590000,3.83(-0.26 %),4300,16590000,0,0,145273844,0.58
17/09/2019,0,0,3.84(0.26 %),0,0,0,0,145261844,0.58
18/09/2019,0,0,3.84(0.00 %),0,0,0,0,145273844,0.58
19/09/2019,3000,11550000,4.04(5.21 %),3000,11550000,0,0,145258844,0.58
20/09/2019,0,0,4.04(0.00 %),0,0,0,0,145270844,0.58
23/09/2019,0,0,4(-0.99 %),0,0,0,0,145270844,0.58
24/09/2019,-100,-400000,3.96(-1.00 %),0,0,100,400000,145270844,0.58
25/09/2019,10010,39140000,3.93(-0.76 %),10010,39140000,0,0,145260834,0.58
26/09/2019,0,0,3.9(-0.76 %),0,0,0,0,145260834,0.58
27/09/2019,0,0,3.9(0.00 %),0,0,0,0,145248934,0.58
30/09/2019,0,0,3.84(-1.54 %),0,0,0,0,145260934,0.58
01/10/2019,0,0,3.84(0.00 %),0,0,0,0,145260934,0.58
02/10/2019,0,0,3.86(0.52 %),0,0,0,0,145260934,0.58
03/10/2019,0,0,3.84(-0.52 %),0,0,0,0,145260934,0.58
04/10/2019,0,0,3.81(-0.78 %),0,0,0,0,145260934,0.58
07/10/2019,0,0,3.78(-0.79 %),0,0,0,0,145260934,0.58
08/10/2019,0,0,3.9(3.17 %),0,0,0,0,145260934,0.58
09/10/2019,0,0,3.9(0.00 %),0,0,0,0,145260934,0.58
10/10/2019,0,0,3.88(-0.51 %),0,0,0,0,145260934,0.58
11/10/2019,0,0,3.87(-0.26 %),0,0,0,0,145260934,0.58
14/10/2019,0,0,3.86(-0.26 %),0,0,0,0,145260934,0.58
15/10/2019,10,40000,3.84(-0.52 %),10,40000,0,0,145260924,0.58
16/10/2019,-590,-2270000,3.81(-0.78 %),0,0,590,2270000,145260924,0.58
17/10/2019,0,0,3.81(0.00 %),0,0,0,0,145260924,0.58
18/10/2019,0,0,3.79(-0.52 %),0,0,0,0,145261514,0.58
21/10/2019,0,0,3.79(0.00 %),0,0,0,0,145261514,0.58
22/10/2019,-4760,-18443300,3.9(2.90 %),850,3323500,5610,21766800,145266274,0.58
23/10/2019,-1460,-5684000,3.85(-1.28 %),0,0,1460,5684000,145267734,0.58
24/10/2019,0,0,3.85(0.00 %),0,0,0,0,145267734,0.58
25/10/2019,-11090,-42700000,4.01(4.16 %),0,0,11090,42700000,145266274,0.58
28/10/2019,16890,68925700,4.1(2.24 %),20040,81853700,3150,12928000,145261934,0.58
29/10/2019,-125680,-502520000,4(-2.44 %),24320,99170000,150000,601690000,145223374,0.59
30/10/2019,-1000,-4110000,4.09(2.25 %),0,0,1000,4110000,145234464,0.59
31/10/2019,-14330,-57586000,3.96(-3.18 %),0,0,14330,57586000,145402944,0.53
01/11/2019,-3010,-11759300,4(1.01 %),0,0,3010,11759300,145387614,0.54
04/11/2019,-20140,-79069900,3.94(-1.50 %),0,0,20140,79069900,145407754,0.53
05/11/2019,-10110,-39736300,3.92(-0.51 %),0,0,10110,39736300,145417864,0.53
06/11/2019,29580,116020000,3.9(-0.51 %),29580,116020000,0,0,145376374,0.54
07/11/2019,14270,56181100,3.92(0.51 %),14270,56181100,0,0,145374014,0.54
08/11/2019,0,0,3.87(-1.28 %),0,0,0,0,145392354,0.54
11/11/2019,-310,-1196600,3.88(0.26 %),0,0,310,1196600,145374324,0.54
12/11/2019,0,0,3.9(0.52 %),0,0,0,0,145374324,0.54
13/11/2019,-1670,-6480000,3.88(-0.51 %),6940,27030000,8610,33510000,145385414,0.54
14/11/2019,-22240,-86260000,3.86(-0.52 %),0,0,22240,86260000,145385724,0.54
15/11/2019,1760,6970000,3.93(1.81 %),1760,6970000,0,0,145383964,0.54
18/11/2019,1340,5240000,3.88(-1.27 %),1340,5240000,0,0,145391234,0.54
19/11/2019,-90,-349200,3.88(0.00 %),0,0,90,349200,145395224,0.53
20/11/2019,-160,-630000,3.88(0.00 %),0,0,160,630000,145413474,0.53
21/11/2019,-810,-3120000,3.81(-1.80 %),0,0,810,3120000,145413474,0.53
22/11/2019,1000,3810000,3.77(-1.05 %),1000,3810000,0,0,145412564,0.53
25/11/2019,0,0,3.83(1.59 %),0,0,0,0,145412724,0.53
26/11/2019,0,0,3.79(-1.04 %),0,0,0,0,145395194,0.53
27/11/2019,0,0,3.79(0.00 %),0,0,0,0,145413534,0.53
28/11/2019,27850,105554100,3.77(-0.53 %),29200,110670600,1350,5116500,145367344,0.54
29/11/2019,-930,-3500000,3.77(0.00 %),0,0,930,3500000,145384334,0.54
02/12/2019,-2100,-7680000,3.68(-2.39 %),1000,3730000,3100,11410000,145383334,0.54
03/12/2019,1300,4620000,3.55(-3.53 %),1300,4620000,0,0,145383384,0.54
04/12/2019,950,3248600,3.51(-1.13 %),2860,10010000,1910,6761400,145382084,0.54
05/12/2019,5240,18560000,3.55(1.14 %),5240,18560000,0,0,145379314,0.54
06/12/2019,-26870,-96159800,3.64(2.54 %),1160,4187600,28030,100347400,145403714,0.53
09/12/2019,12370,45859700,3.75(3.02 %),15500,57346800,3130,11487100,145391344,0.54
10/12/2019,13840,51400000,3.75(0.00 %),19000,70680000,5160,19280000,145345564,0.55
11/12/2019,1500,5540000,3.7(-1.33 %),1500,5540000,0,0,145372094,0.54
12/12/2019,-10870,-40315000,3.7(0.00 %),0,0,10870,40315000,145386874,0.54
13/12/2019,-3690,-13604500,3.7(0.00 %),0,0,3690,13604500,145390564,0.54
16/12/2019,-4210,-15545800,3.69(-0.27 %),0,0,4210,15545800,145394774,0.54
17/12/2019,1450,5379500,3.72(0.81 %),1450,5379500,0,0,145393324,0.54
18/12/2019,2750,10202500,3.68(-1.08 %),2750,10202500,0,0,145390574,0.54
19/12/2019,0,0,3.68(0.00 %),0,0,0,0,145394954,0.54
20/12/2019,-1000,-3670000,3.67(-0.27 %),0,0,1000,3670000,145394954,0.54
23/12/2019,-4200,-15210000,3.66(-0.27 %),0,0,4200,15210000,145394954,0.54
24/12/2019,0,0,3.63(-0.82 %),0,0,0,0,145394954,0.54
25/12/2019,0,0,3.6(-0.83 %),0,0,0,0,145395954,0.53
26/12/2019,0,0,3.54(-1.67 %),0,0,0,0,145400154,0.53
27/12/2019,0,0,3.55(0.28 %),0,0,0,0,145400154,0.53
30/12/2019,-29200,-103280000,3.51(-1.13 %),0,0,29200,103280000,145400154,0.53
31/12/2019,0,0,3.49(-0.57 %),0,0,0,0,145400154,0.53
02/01/2020,1950,6790000,3.51(0.57 %),1950,6790000,0,0,145398204,0.53
03/01/2020,310,1090000,3.5(-0.28 %),310,1090000,0,0,145427094,0.52
06/01/2020,580,2040000,3.53(0.86 %),580,2040000,0,0,145426514,0.52
07/01/2020,-12400,-43832000,3.52(-0.28 %),0,0,12400,43832000,145411664,0.53
08/01/2020,0,0,3.54(0.57 %),0,0,0,0,145411664,0.53
09/01/2020,0,0,3.55(0.28 %),0,0,0,0,145426514,0.52
10/01/2020,27100,97260000,3.65(2.82 %),27100,97260000,0,0,145411814,0.53
13/01/2020,0,0,3.53(-3.29 %),0,0,0,0,145411814,0.53
14/01/2020,-1850,-6600000,3.57(1.13 %),0,0,1850,6600000,145411814,0.53
15/01/2020,-2170,-7681800,3.56(-0.28 %),410,1451400,2580,9133200,145388584,0.54
16/01/2020,-1930,-6760000,3.49(-1.97 %),0,0,1930,6760000,145411404,0.53
17/01/2020,-15200,-52980000,3.49(0.00 %),0,0,15200,52980000,145413254,0.53
20/01/2020,990,3470000,3.5(0.29 %),990,3470000,0,0,145414844,0.53
21/01/2020,-170,-600000,3.55(1.43 %),0,0,170,600000,145416774,0.53
22/01/2020,10280,36640000,3.63(2.25 %),10280,36640000,0,0,145421694,0.53
30/01/2020,-1080,-4045900,3.6(-0.83 %),5010,18036000,6090,22081900,145407574,0.53
31/01/2020,-1600,-5680300,3.35(-6.94 %),0,0,1600,5680300,145409174,0.53
03/02/2020,-11880,-39888400,3.46(3.28 %),2320,7888000,14200,47776400,145416854,0.53
04/02/2020,-5010,-17345200,3.43(-0.87 %),0,0,5010,17345200,145421864,0.53
05/02/2020,0,0,3.42(-0.29 %),0,0,0,0,145422224,0.53
06/02/2020,11530,39260000,3.43(0.29 %),11530,39260000,0,0,145424894,0.53
07/02/2020,12970,44510000,3.43(0.00 %),12970,44510000,0,0,145416934,0.53
10/02/2020,11000,37275200,3.39(-1.17 %),11000,37275200,0,0,145386364,0.54
11/02/2020,-530,-1840000,3.38(-0.29 %),1620,5430000,2150,7270000,145404314,0.53
12/02/2020,9230,31210000,3.38(0.00 %),9230,31210000,0,0,145395084,0.53
13/02/2020,0,0,3.4(0.59 %),0,0,0,0,145395084,0.53
14/02/2020,6110,21381200,3.54(4.12 %),6110,21381200,0,0,145371554,0.54
17/02/2020,3750,13397900,3.55(0.28 %),3750,13397900,0,0,145367804,0.54
18/02/2020,-7400,-26570000,3.56(0.28 %),0,0,7400,26570000,145387374,0.54
19/02/2020,1350,4799600,3.54(-0.56 %),1350,4799600,0,0,145373854,0.54
20/02/2020,20180,71990000,3.53(-0.28 %),20710,73870000,530,1880000,145365314,0.54
21/02/2020,0,0,3.47(-1.70 %),0,0,0,0,145372714,0.54
24/02/2020,-1270,-4174300,3.27(-5.76 %),0,0,1270,4174300,145354944,0.55
25/02/2020,-17160,-55550000,3.33(1.83 %),0,0,17160,55550000,145373244,0.54
26/02/2020,-6520,-21337400,3.21(-3.60 %),5000,16050000,11520,37387400,145378624,0.54
27/02/2020,-13890,-45073900,3.27(1.87 %),0,0,13890,45073900,145392514,0.54
28/02/2020,-82620,-264580300,3.3(0.92 %),0,0,82620,264580300,145475134,0.51
02/03/2020,-19050,-64340000,3.41(3.33 %),0,0,19050,64340000,145398194,0.53
03/03/2020,-1500,-5240000,3.41(0.00 %),0,0,1500,5240000,145412084,0.53
04/03/2020,0,0,3.39(-0.59 %),0,0,0,0,145399694,0.53
05/03/2020,0,0,3.39(0.00 %),0,0,0,0,145399694,0.53
06/03/2020,0,0,3.39(0.00 %),0,0,0,0,145399694,0.53
09/03/2020,0,0,3.16(-6.78 %),0,0,0,0,145399694,0.53
10/03/2020,-150,-472500,3.2(1.27 %),0,0,150,472500,145399844,0.53
11/03/2020,0,0,3.11(-2.81 %),0,0,0,0,145515252,0.49
12/03/2020,-550,-1622500,2.95(-5.14 %),0,0,550,1622500,145400394,0.53
13/03/2020,-300,-861000,2.99(1.36 %),0,0,300,861000,145400694,0.53
16/03/2020,0,0,2.97(-0.67 %),0,0,0,0,145515402,0.49
17/03/2020,0,0,3.03(2.02 %),0,0,0,0,145400694,0.53
18/03/2020,860,2580000,3(-0.99 %),860,2580000,0,0,145399834,0.53
19/03/2020,860,2580000,2.97(-1.00 %),860,2580000,0,0,145398974,0.53
20/03/2020,0,0,2.95(-0.67 %),0,0,0,0,145515392,0.49
23/03/2020,0,0,2.75(-6.78 %),0,0,0,0,145515392,0.49
24/03/2020,0,0,2.72(-1.09 %),0,0,0,0,145515652,0.49
25/03/2020,0,0,2.79(2.57 %),0,0,0,0,145515652,0.49
26/03/2020,0,0,2.69(-3.58 %),0,0,0,0,145515652,0.49
27/03/2020,0,0,2.58(-4.09 %),0,0,0,0,145515652,0.49
30/03/2020,0,0,2.4(-6.98 %),0,0,0,0,145515652,0.49
31/03/2020,0,0,2.24(-6.67 %),0,0,0,0,145515652,0.49
01/04/2020,0,0,2.3(2.68 %),0,0,0,0,145515652,0.49
03/04/2020,0,0,2.35(2.17 %),0,0,0,0,145515652,0.49
06/04/2020,0,0,2.44(3.83 %),0,0,0,0,145515652,0.49
07/04/2020,0,0,2.49(2.05 %),0,0,0,0,145515652,0.49
08/04/2020,0,0,2.5(0.40 %),0,0,0,0,145515652,0.49
09/04/2020,0,0,2.67(6.80 %),0,0,0,0,145515652,0.49
10/04/2020,0,0,2.77(3.75 %),0,0,0,0,145515652,0.49
13/04/2020,0,0,2.75(-0.72 %),0,0,0,0,145515652,0.49
14/04/2020,-5000,-13400000,2.68(-2.55 %),0,0,5000,13400000,145515652,0.49
15/04/2020,0,0,2.68(0.00 %),0,0,0,0,145520652,0.49
16/04/2020,0,0,2.71(1.12 %),0,0,0,0,145520652,0.49
17/04/2020,0,0,2.82(4.06 %),0,0,0,0,145520652,0.49
20/04/2020,0,0,2.99(6.03 %),0,0,0,0,145520652,0.49
21/04/2020,0,0,2.83(-5.35 %),0,0,0,0,145520652,0.49
22/04/2020,0,0,2.91(2.83 %),0,0,0,0,145520652,0.49
23/04/2020,0,0,2.95(1.37 %),0,0,0,0,145520652,0.49
24/04/2020,0,0,2.98(1.02 %),0,0,0,0,145520652,0.49
27/04/2020,0,0,2.87(-3.69 %),0,0,0,0,145520652,0.49
28/04/2020,0,0,2.88(0.35 %),0,0,0,0,145520652,0.49
29/04/2020,0,0,3.08(6.94 %),0,0,0,0,145520652,0.49
04/05/2020,0,0,3.29(6.82 %),0,0,0,0,145520652,0.49
05/05/2020,0,0,3.3(0.30 %),0,0,0,0,145520652,0.49
06/05/2020,0,0,3.3(0.00 %),0,0,0,0,145520652,0.49
07/05/2020,0,0,3.28(-0.61 %),0,0,0,0,145520652,0.49
08/05/2020,-30000,-99600000,3.2(-2.44 %),0,0,30000,99600000,145520652,0.49
11/05/2020,0,0,3.22(0.62 %),0,0,0,0,145520652,0.49
12/05/2020,0,0,3.37(4.66 %),0,0,0,0,145550652,0.48
13/05/2020,0,0,3.32(-1.48 %),0,0,0,0,145550652,0.48
14/05/2020,0,0,3.5(5.42 %),0,0,0,0,145550652,0.48
15/05/2020,0,0,3.35(-4.29 %),0,0,0,0,145550652,0.48
18/05/2020,0,0,3.35(0.00 %),0,0,0,0,145550652,0.48
19/05/2020,0,0,3.26(-2.69 %),0,0,0,0,145550652,0.48
20/05/2020,0,0,3.19(-2.15 %),0,0,0,0,145550652,0.48
21/05/2020,-702200,-2256641500,3.19(0.00 %),0,0,702200,2256641500,146252852,0.25
22/05/2020,-10400,-33180000,3.19(0.00 %),0,0,10400,33180000,145550652,0.48
25/05/2020,35840,116178100,3.23(1.25 %),35840,116178100,0,0,146227412,0.26
26/05/2020,24430,79380000,3.23(0.00 %),24430,79380000,0,0,146192582,0.27
27/05/2020,3560,11610000,3.25(0.62 %),3560,11610000,0,0,146199422,0.27
28/05/2020,38890,132990300,3.47(6.77 %),41170,140535300,2280,7545000,146160532,0.28
29/05/2020,27990,103440000,3.71(6.92 %),27990,103440000,0,0,146130262,0.29
01/06/2020,-54390,-209444200,3.87(4.31 %),7160,27351200,61550,236795400,146130262,0.29
02/06/2020,-28490,-105820000,3.6(-6.98 %),0,0,28490,105820000,146125382,0.29
03/06/2020,11130,37171600,3.59(-0.28 %),25720,89367800,14590,52196200,146147622,0.28
04/06/2020,-21190,-78940000,3.65(1.67 %),20,70000,21210,79010000,146161192,0.28
05/06/2020,41450,157290000,3.75(2.74 %),48060,181480000,6610,24190000,146141622,0.29
08/06/2020,88020,341384500,3.82(1.87 %),88020,341384500,0,0,146080792,0.31
09/06/2020,-16390,-61880000,3.65(-4.45 %),0,0,16390,61880000,146089402,0.3
10/06/2020,55100,214390000,3.9(6.85 %),55100,214390000,0,0,146040912,0.32
11/06/2020,-129650,-509010000,3.63(-6.92 %),4390,17250000,134040,526260000,146036522,0.32
12/06/2020,-1980,-6500000,3.6(-0.83 %),10630,38320000,12610,44820000,146042282,0.32
15/06/2020,-49580,-173680000,3.45(-4.17 %),9720,35270000,59300,208950000,146032562,0.32
16/06/2020,75430,265520000,3.52(2.03 %),77130,271390000,1700,5870000,146089472,0.3
17/06/2020,51950,185170000,3.55(0.85 %),58420,207860000,6470,22690000,146043662,0.32
18/06/2020,47550,168343900,3.51(-1.13 %),47550,168343900,0,0,146031972,0.32
19/06/2020,243040,892210000,3.74(6.55 %),243040,892210000,0,0,145814072,0.4
22/06/2020,-89480,-325210000,3.6(-3.74 %),6790,24730000,96270,349940000,145813752,0.4
23/06/2020,-75840,-274545900,3.6(0.00 %),3500,12670000,79340,287215900,145954252,0.35
24/06/2020,-68880,-244022800,3.51(-2.50 %),14670,53247200,83550,297270000,146023132,0.33
25/06/2020,-121550,-423867900,3.52(0.28 %),0,0,121550,423867900,146144682,0.29
26/06/2020,-9720,-33967800,3.49(-0.85 %),0,0,9720,33967800,146154402,0.28
29/06/2020,-9050,-33967800,3.33(-4.58 %),670,0,9720,33967800,146163452,0.28
30/06/2020,-2210,-33967800,3.3(-0.90 %),7510,0,9720,33967800,146165662,0.28
01/07/2020,29510,99420000,3.37(2.12 %),29510,99420000,0,0,146148322,0.28
02/07/2020,3760,12670000,3.36(-0.30 %),3760,12670000,0,0,146167892,0.28
03/07/2020,-20,-140000,3.39(0.89 %),4230,14270000,4250,14410000,146163662,0.28
06/07/2020,0,0,3.41(0.59 %),0,0,0,0,146163662,0.28
07/07/2020,-24830,-84540000,3.38(-0.88 %),1000,3400000,25830,87940000,146162662,0.28
08/07/2020,-5150,-17315700,3.39(0.30 %),2210,7491900,7360,24807600,146204072,0.27
09/07/2020,10850,37459800,3.54(4.42 %),10850,37459800,0,0,146193222,0.27
10/07/2020,38040,136810000,3.59(1.41 %),60440,217390000,22400,80580000,146119242,0.29
13/07/2020,-12040,-43250000,3.56(-0.84 %),6290,22620000,18330,65870000,146120312,0.29
14/07/2020,-9020,-31970000,3.59(0.84 %),0,0,9020,31970000,146120312,0.29
15/07/2020,-7990,-29060000,3.63(1.11 %),0,0,7990,29060000,146142712,0.29
16/07/2020,29150,105867500,3.7(1.93 %),33950,123238500,4800,17371000,146155082,0.28
17/07/2020,46900,177830000,3.68(-0.54 %),46900,177830000,0,0,146089212,0.3
20/07/2020,-1740,-6447800,3.69(0.27 %),0,0,1740,6447800,146109922,0.3
21/07/2020,-60,-370000,3.69(0.00 %),2500,9230000,2560,9600000,146099502,0.3
22/07/2020,-2480,-9110000,3.65(-1.08 %),0,0,2480,9110000,146099502,0.3
23/07/2020,-2310,-8223600,3.55(-2.74 %),0,0,2310,8223600,146114772,0.3
24/07/2020,6430,21733400,3.34(-5.92 %),6430,21733400,0,0,146108342,0.3
27/07/2020,56830,181430200,3.11(-6.89 %),56830,181430200,0,0,146051512,0.32
28/07/2020,34770,111610000,3.32(6.75 %),34770,111610000,0,0,146010562,0.33
29/07/2020,20750,65510000,3.24(-2.41 %),20750,65510000,0,0,145989812,0.34
30/07/2020,14990,48077120,3.4(4.94 %),20750,65512000,5760,17434880,145981002,0.34
31/07/2020,57620,196570000,3.35(-1.47 %),66410,226280000,8790,29710000,145923402,0.36
03/08/2020,539250,1879700000,3.58(6.87 %),539250,1879700000,0,0,145384152,0.54
04/08/2020,23920,88327700,3.68(2.79 %),87300,320159500,63380,231831800,145899482,0.37
05/08/2020,647980,2404430000,3.71(0.82 %),650560,2413980000,2580,9550000,144660842,0.78
06/08/2020,412430,1554604000,3.79(2.16 %),412430,1554604000,0,0,144839072,0.72
07/08/2020,8840,34302600,3.74(-1.32 %),23700,90147100,14860,55844500,144830232,0.72
10/08/2020,345810,1311360000,3.76(0.53 %),349780,1326370000,3970,15010000,143940892,1.02
11/08/2020,140590,536170000,3.86(2.66 %),140590,536170000,0,0,143800302,1.07
12/08/2020,39700,156640000,3.94(2.07 %),53540,210480000,13840,53840000,143761622,1.08
13/08/2020,63870,257835600,4.21(6.85 %),63870,257835600,0,0,144240262,0.92
14/08/2020,-194500,-807888400,4.01(-4.75 %),35170,154755700,229670,962644100,144434762,0.86
17/08/2020,179990,749400000,4.29(6.98 %),179990,749400000,0,0,143500402,1.17
18/08/2020,78410,349810000,4.42(3.03 %),93600,416810000,15190,67000000,143406802,1.2
19/08/2020,-6090,-23330000,4.43(0.23 %),55840,257440000,61930,280770000,143580632,1.14
20/08/2020,-282470,-1263610000,4.47(0.90 %),17130,77770000,299600,1341380000,143563502,1.15
21/08/2020,-26440,-115631300,4.47(0.00 %),54950,248921500,81390,364552800,144491362,0.84
24/08/2020,136430,611450000,4.47(0.00 %),169430,759620000,33000,148170000,143416242,1.19
25/08/2020,180790,823540000,4.68(4.70 %),183800,837370000,3010,13830000,143532042,1.16
26/08/2020,261800,1279594500,5(6.84 %),265740,1299256300,3940,19661800,143912342,1.03
27/08/2020,86030,450650000,5.12(2.40 %),99610,523180000,13580,72530000,143281082,1.24
28/08/2020,-80840,-412803800,5.02(-1.95 %),14350,74633000,95190,487436800,143907152,1.03
31/08/2020,12480,65020000,5.12(1.99 %),25960,132690000,13480,67670000,143247722,1.25
01/09/2020,-178930,-985340000,5.47(6.84 %),70790,379860000,249720,1365200000,143190512,1.27
03/09/2020,-1950320,-11374524600,5.85(6.95 %),38690,221000600,1989010,11595525200,145211622,0.6
04/09/2020,75450,459280000,6.25(6.84 %),75450,459280000,0,0,143185042,1.27
07/09/2020,-375300,-2360040000,6.25(0.00 %),27320,179380000,402620,2539420000,143407442,1.2
08/09/2020,167860,1065390000,6.25(0.00 %),167870,1065450000,10,60000,145228582,0.59
09/09/2020,51710,317948800,6.1(-2.40 %),60530,372103600,8820,54154800,145291902,0.57
10/09/2020,-109290,-676359100,6.15(0.82 %),0,0,109290,676359100,145401192,0.53
11/09/2020,131110,853790000,6.58(6.99 %),131160,854120000,50,330000,145439522,0.52
14/09/2020,-75200,-505490000,6.58(0.00 %),27250,189510000,102450,695000000,145421092,0.53
15/09/2020,-5970,-39370000,6.64(0.91 %),110,730000,6080,40100000,145530272,0.49
16/09/2020,16130,108370000,6.64(0.00 %),33990,226840000,17860,118470000,145496332,0.5
17/09/2020,-94970,-608200000,6.18(-6.93 %),1500,9830000,96470,618030000,145597282,0.47
18/09/2020,203730,1197190000,5.9(-4.53 %),226130,1330870000,22400,133680000,145377232,0.54
21/09/2020,-10380,-62006400,5.99(1.53 %),2880,17501200,13260,79507600,145236742,0.59
22/09/2020,41890,252860000,5.8(-3.17 %),44760,270160000,2870,17300000,145443922,0.52
23/09/2020,169700,977770000,5.68(-2.07 %),169700,977770000,0,0,145296622,0.57
24/09/2020,122890,721782900,6.07(6.87 %),158150,935423500,35260,213640600,144902262,0.7
25/09/2020,3090,20080000,6.49(6.92 %),32150,208390000,29060,188310000,145122452,0.63
28/09/2020,-192650,-1245340000,6.34(-2.31 %),14340,95010000,206990,1340350000,145108112,0.63
29/09/2020,83180,518040000,6(-5.36 %),106180,660870000,23000,142830000,145037192,0.65
30/09/2020,206640,1275649500,6.27(4.50 %),233720,1439754700,27080,164105200,144802002,0.73
01/10/2020,32740,202930000,6.18(-1.44 %),32790,203240000,50,310000,145006732,0.66
02/10/2020,93430,598930000,6.61(6.96 %),98930,635290000,5500,36360000,144930802,0.69
05/10/2020,-200,-1414000,7.07(6.96 %),0,0,200,1414000,144946292,0.68
06/10/2020,145910,1103080000,7.56(6.93 %),145910,1103080000,0,0,144812022,0.73
07/10/2020,138520,1120660000,8.08(6.88 %),280100,2243580000,141580,1122920000,144537422,0.82
08/10/2020,-126150,-1017110000,8.1(0.25 %),5980,48980000,132130,1066090000,144531642,0.82
09/10/2020,86200,715190000,8.35(3.09 %),105270,873230000,19070,158040000,144426372,0.86
12/10/2020,457250,3855310400,8(-4.19 %),590080,4968823700,132830,1113513300,144244562,0.92
13/10/2020,159860,1285260000,8.18(2.25 %),160380,1289420000,520,4160000,143949622,1.02
14/10/2020,28410,231103500,8.16(-0.24 %),57940,470405400,29530,239301900,144056292,0.98
15/10/2020,260860,2176710000,8.31(1.84 %),262770,2192340000,1910,15630000,143780812,1.07
16/10/2020,-69770,-571653900,8.1(-2.53 %),0,0,69770,571653900,143865202,1.04
19/10/2020,24890,197400800,7.6(-6.17 %),48340,381507800,23450,184107000,143840312,1.05
20/10/2020,55550,420219100,7.5(-1.32 %),93050,698291300,37500,278072200,143784762,1.07
21/10/2020,7160,55090000,8.02(6.93 %),7160,55090000,0,0,143733992,1.09
22/10/2020,14710,126050000,8.42(4.99 %),19390,164950000,4680,38900000,143738052,1.09
23/10/2020,-27360,-220951900,8.23(-2.26 %),16070,135169700,43430,356121600,143790252,1.07
26/10/2020,-15150,-119689100,7.7(-6.44 %),6350,51621600,21500,171310700,143805402,1.06
27/10/2020,13910,106640000,7.65(-0.65 %),13910,106640000,0,0,143743902,1.09
28/10/2020,-146150,-1045780000,7.12(-6.93 %),35750,265880000,181900,1311660000,143751582,1.08
29/10/2020,65680,471090000,7.12(0.00 %),72100,516630000,6420,45540000,143700982,1.1
30/10/2020,-52940,-379290000,7.13(0.14 %),0,0,52940,379290000,143700982,1.1
02/11/2020,106000,785779600,7.62(6.87 %),107780,798682900,1780,12903300,143882882,1.04
03/11/2020,-38600,-296670000,7.64(0.26 %),28310,217970000,66910,514640000,143753212,1.08
04/11/2020,29340,225358400,7.66(0.26 %),30380,233283200,1040,7924800,143892142,1.04
05/11/2020,53550,420120000,7.88(2.87 %),53550,420120000,0,0,143724002,1.09
06/11/2020,-490,-3800000,8.06(2.28 %),1710,13840000,2200,17640000,143789202,1.07
09/11/2020,-69550,-558160000,7.96(-1.24 %),5330,43240000,74880,601400000,143784912,1.07
10/11/2020,-46820,-367280000,7.8(-2.01 %),0,0,46820,367280000,143784912,1.07
11/11/2020,4720,37230000,7.8(0.00 %),10320,80470000,5600,43240000,143776792,1.07
12/11/2020,-50780,-392334800,7.7(-1.28 %),150,1171500,50930,393506300,144001512,1.0
13/11/2020,-12650,-95660000,7.55(-1.95 %),0,0,12650,95660000,143898342,1.03
16/11/2020,-27050,-201206600,7.39(-2.12 %),0,0,27050,201206600,144041212,0.99
17/11/2020,-8810,-66130000,7.5(1.49 %),2000,14920000,10810,81050000,143952872,1.02
18/11/2020,-18290,-135406900,7.39(-1.47 %),3000,22230000,21290,157636900,144068312,0.98
19/11/2020,-8590,-63394300,7.39(0.00 %),0,0,8590,63394300,144076902,0.97
20/11/2020,-25700,-189720000,7.39(0.00 %),0,0,25700,189720000,144000382,1.0
23/11/2020,-5620,-42850200,7.62(3.11 %),0,0,5620,42850200,144108222,0.96
24/11/2020,-66530,-498610000,7.4(-2.89 %),1000,7420000,67530,506030000,144029262,0.99
25/11/2020,-22940,-169830000,7.39(-0.14 %),0,0,22940,169830000,144054962,0.98
26/11/2020,-23190,-177750000,7.7(4.19 %),300,2320000,23490,180070000,144060282,0.98
27/11/2020,-31790,-243260000,7.5(-2.60 %),0,0,31790,243260000,144127812,0.96
30/11/2020,-59850,-445150000,7.38(-1.60 %),0,0,59850,445150000,144150752,0.95
01/12/2020,2050,14780000,7.48(1.36 %),10000,73800000,7950,59020000,144164242,0.95
02/12/2020,-295060,-2168899800,7.3(-2.41 %),15500,114472800,310560,2283372600,144469302,0.84
03/12/2020,-101130,-731660000,7.27(-0.41 %),10,70000,101140,731730000,144240372,0.92
04/12/2020,-204610,-1477710000,7.45(2.48 %),1000,7200000,205610,1484910000,144247322,0.92
07/12/2020,-19497,-1435330000,7.4(-0.67 %),30,2200000,19527,1437530000,144557582,0.81
08/12/2020,-178690,-1305282200,7.3(-1.35 %),10010,73173100,188700,1378455300,145148702,0.62
09/12/2020,-210240,-1534121280,7.25(-0.68 %),6000,43782000,216240,1577903280,145358942,0.55
10/12/2020,-16896,-1212270000,7.15(-1.38 %),750,53830000,17646,1266100000,145036092,0.65
11/12/2020,-23390,-164868900,7.12(-0.42 %),2870,20445700,26260,185314600,145551292,0.48
14/12/2020,-18410,-131600000,7.4(3.93 %),0,0,18410,131600000,145438162,0.52
15/12/2020,380,2498900,7.29(-1.49 %),7820,56482200,7440,53983300,145569322,0.48
16/12/2020,-8290,-59689200,7.25(-0.55 %),3820,27944900,12110,87634100,145577612,0.47
17/12/2020,-347,-24620000,7.17(-1.10 %),500,35600000,847,60220000,145642652,0.45
18/12/2020,-1530,-11200000,7.09(-1.12 %),3030,21500000,4560,32700000,145647062,0.45
21/12/2020,-12310,-86785200,7.05(-0.56 %),1000,7030000,13310,93815200,145594922,0.47
22/12/2020,-8600,-62120000,7.27(3.12 %),11730,83640000,20330,145760000,145654912,0.45
23/12/2020,32900,243710000,7.77(6.88 %),43500,321670000,10600,77960000,145615972,0.46
24/12/2020,-29870,-218999500,7.5(-3.47 %),0,0,29870,218999500,145600492,0.47
25/12/2020,-3255,-243700000,7.58(1.07 %),0,0,3255,243700000,145649612,0.45
28/12/2020,1144,91560000,8.11(6.99 %),1144,91560000,0,0,145648772,0.45
29/12/2020,-29700,-237793300,8(-1.36 %),6950,57261200,36650,295054500,145651302,0.45
30/12/2020,39382,3194770000,8.11(1.38 %),39382,3194770000,0,0,145310422,0.56
31/12/2020,295680,2395242100,8(-1.36 %),304730,2468707100,9050,73465000,145014742,0.66
04/01/2021,700,55780000,8(0.00 %),1200,95730000,500,39950000,145030342,0.66
05/01/2021,58400,4777480000,8.4(5.00 %),58400,4777480000,0,0,144446342,0.85
06/01/2021,162700,1434165000,8.98(6.90 %),165800,1460081000,3100,25916000,144283642,0.91
07/01/2021,337800,3153063000,9.35(4.12 %),348800,3255151000,11000,102088000,143945842,1.02
08/01/2021,920,88420000,9.05(-3.21 %),1630,152510000,710,64090000,143929492,1.02
11/01/2021,4920,438490000,8.95(-1.10 %),5850,520120000,930,81630000,143874002,1.04
12/01/2021,3180,277990000,8.78(-1.90 %),4480,391920000,1300,113930000,143840202,1.05
13/01/2021,82100,742659000,9(2.51 %),82100,742659000,0,0,143773542,1.08
14/01/2021,52900,472459000,8.82(-2.00 %),53100,474211000,200,1752000,143720642,1.09
15/01/2021,50400,449250000,8.9(0.91 %),50400,449250000,0,0,143670242,1.11
18/01/2021,32500,295760000,9.17(3.03 %),33400,303833000,900,8073000,143637742,1.12
19/01/2021,-1610,-144260000,8.53(-6.98 %),0,0,1610,144260000,143650802,1.12
20/01/2021,-5100,-48165000,8.18(-4.10 %),11700,93237000,16800,141402000,143658942,1.11
21/01/2021,-38900,-316593000,8.4(2.69 %),4400,35705000,43300,352298000,143697842,1.1
22/01/2021,-21800,-180549000,8.02(-4.52 %),1800,14932000,23600,195481000,143719642,1.09
25/01/2021,-16200,-1272940000,7.8(-2.74 %),2850,225400000,19050,1498340000,143638142,1.12
26/01/2021,-48200,-352435000,7.3(-6.41 %),6300,46662000,54500,399097000,143929842,1.02
27/01/2021,990,65370000,6.85(-6.16 %),2200,150280000,1210,84910000,143676742,1.11
28/01/2021,31000,198873000,6.38(-6.86 %),31000,198873000,0,0,143888942,1.04
29/01/2021,3970,243500000,6.37(-0.16 %),5600,347970000,1630,104470000,143834742,1.06
01/02/2021,-19560,-1176850000,5.93(-6.91 %),1230,75230000,20790,1252080000,143834542,1.06
02/02/2021,-165300,-920603000,5.56(-6.24 %),39000,218149000,204300,1138752000,144012142,1.0
03/02/2021,-20240,-1146720000,5.76(3.60 %),1330,75420000,21570,1222140000,143798542,1.07
04/02/2021,-10020,-604800000,6.15(6.77 %),150,9090000,10170,613890000,144004942,1.0
05/02/2021,-630600,-3880110000,6.11(-0.65 %),100,612000,630700,3880722000,144945342,0.68
08/02/2021,-4000,-236630000,5.72(-6.38 %),0,0,4000,236630000,144424842,0.86
09/02/2021,2480,144890000,5.96(4.20 %),3270,189840000,790,44950000,144493842,0.84
17/02/2021,1920,117950000,6.37(6.88 %),2000,122910000,80,4960000,145104542,0.63
18/02/2021,-42790,-2758290000,6.44(1.10 %),30,1940000,42820,2760230000,145144242,0.62
19/02/2021,-10800,-68934000,6.41(-0.47 %),0,0,10800,68934000,145380042,0.54
22/02/2021,-13000,-85100000,6.6(2.96 %),3000,19470000,16000,104570000,145393042,0.54
23/02/2021,-5870,-401490000,6.9(4.55 %),0,0,5870,401490000,145578142,0.47
24/02/2021,-5430,-370590000,6.72(-2.61 %),0,0,5430,370590000,145588942,0.47
25/02/2021,-3370,-226640000,6.61(-1.64 %),410,27230000,3780,253870000,145600842,0.47
26/02/2021,-11500,-75240000,6.66(0.76 %),0,0,11500,75240000,145551242,0.48
01/03/2021,-9800,-65523000,6.66(0.00 %),0,0,9800,65523000,145713842,0.43
02/03/2021,50300,339168000,6.75(1.35 %),65900,443553000,15600,104385000,145663542,0.45
03/03/2021,-1970,-136100000,7.11(5.33 %),0,0,1970,136100000,145697242,0.43
04/03/2021,-2040,-145320000,6.9(-2.95 %),0,0,2040,145320000,145707042,0.43
05/03/2021,84100,587896000,7.1(2.90 %),103800,725017000,19700,137121000,145619542,0.46
08/03/2021,22460,1632750000,7.38(3.94 %),23760,1726340000,1300,93590000,145400942,0.53
09/03/2021,139000,1058322000,7.89(6.91 %),153400,1166052000,14400,107730000,145255942,0.58
10/03/2021,-27400,-217920000,7.89(0.00 %),14700,115004000,42100,332924000,145283342,0.57
11/03/2021,22800,178753000,7.82(-0.89 %),31400,245785000,8600,67032000,145260542,0.58
12/03/2021,2480,189630000,7.61(-2.69 %),3370,258410000,890,68780000,145235292,0.59
15/03/2021,-43600,-334147000,7.72(1.45 %),29800,228659000,73400,562806000,145279342,0.57
16/03/2021,-1560,-118100000,7.63(-1.17 %),610,47180000,2170,165280000,145250092,0.58
17/03/2021,-10900,-83312000,7.64(0.39 %),0,0,10900,83312000,145305842,0.56
18/03/2021,-23300,-177015000,7.6(-0.52 %),200,1526000,23500,178541000,145329142,0.56
19/03/2021,-1600,-119950000,7.45(-1.97 %),150,11340000,1750,131290000,145352342,0.55
22/03/2021,-510,-37770000,7.46(0.13 %),630,47260000,1140,85030000,145356942,0.55
23/03/2021,-510,-37710000,7.32(-1.88 %),0,0,510,37710000,145380442,0.54
24/03/2021,-1590,-114120000,7.17(-2.05 %),200,14450000,1790,128570000,145395942,0.53
25/03/2021,-3800,-25166000,7.13(-0.56 %),7600,54695000,11400,79861000,145375042,0.54
26/03/2021,-1940,-136880000,6.99(-1.96 %),90,6340000,2030,143220000,145403942,0.53
29/03/2021,-1640,-118660000,7.23(3.43 %),0,0,1640,118660000,145421842,0.53
30/03/2021,-700,-5032000,7.23(0.00 %),500,3610000,1200,8642000,145411542,0.53
31/03/2021,3500,25074000,7.16(-0.97 %),7000,50259000,3500,25185000,145408042,0.53
01/04/2021,-120800,-865206000,7.23(0.98 %),9600,68944000,130400,934150000,145462442,0.51
02/04/2021,-10540,-765850000,7.23(0.00 %),1060,77760000,11600,843610000,145443442,0.52
05/04/2021,-187200,-1364280000,7.35(1.66 %),5000,36650000,192200,1400930000,145755042,0.41
06/04/2021,-120200,-875625000,7.29(-0.82 %),1400,10234000,121600,885859000,145875242,0.37
07/04/2021,430,34050000,7.8(7.00 %),2800,212240000,2370,178190000,145658942,0.45
08/04/2021,-1420,-107170000,7.86(0.77 %),1010,82760000,2430,189930000,145841042,0.39
09/04/2021,-10500,-80841000,7.69(-2.16 %),2000,15420000,12500,96261000,145895642,0.37
12/04/2021,-1370,-104070000,7.96(3.51 %),0,0,1370,104070000,145984342,0.34
13/04/2021,-4700,-32580000,7.68(-3.52 %),18000,143821000,22700,176401000,145914042,0.36
14/04/2021,-38800,-290529000,7.68(0.00 %),8300,63305000,47100,353834000,145952842,0.35
15/04/2021,1700,13367000,7.53(-1.95 %),15800,119858000,14100,106491000,145951142,0.35
16/04/2021,-39400,-284811000,7.12(-5.44 %),5900,43814000,45300,328625000,145990542,0.34
19/04/2021,-39500,-274985000,7.13(0.14 %),6400,45163000,45900,320148000,146030042,0.32
20/04/2021,-1300,-8852000,7.06(-0.98 %),12300,88361000,13600,97213000,146031342,0.32
22/04/2021,-6820,-477300000,6.76(-4.25 %),0,0,6820,477300000,146097342,0.3
23/04/2021,1300,8339000,6.7(-0.89 %),7300,47555000,6000,39216000,146098242,0.3
26/04/2021,-23800,-155546000,6.41(-4.33 %),0,0,23800,155546000,146122042,0.29
27/04/2021,-1380,-86680000,6.39(-0.31 %),20,1270000,1400,87950000,146217542,0.26
28/04/2021,1370,89450000,6.59(3.13 %),1370,89450000,0,0,146209842,0.26
29/04/2021,-1990,-129100000,6.46(-1.97 %),0,0,1990,129100000,146233642,0.26
04/05/2021,-21500,-133762000,6.25(-3.25 %),1200,7460000,22700,141222000,146247642,0.25
05/05/2021,1040,67300000,6.47(3.52 %),1180,76110000,140,8810000,146234642,0.26
06/05/2021,-7200,-45878000,6.36(-1.70 %),0,0,7200,45878000,146244442,0.25
07/05/2021,-1580,-97850000,6.09(-4.25 %),0,0,1580,97850000,146277242,0.24
10/05/2021,990,58260000,5.91(-2.96 %),1020,60060000,30,1800000,146268442,0.24
11/05/2021,14500,88534000,6.1(3.21 %),15000,91529000,500,2995000,146235842,0.25
12/05/2021,1850,112340000,6.1(0.00 %),1850,112340000,0,0,146257942,0.25
13/05/2021,240,14450000,5.99(-1.80 %),240,14450000,0,0,146255842,0.25
14/05/2021,-1500,-89750000,5.98(-0.17 %),100,6020000,1600,95770000,146255342,0.25
17/05/2021,-530,-31750000,6.02(0.67 %),0,0,530,31750000,146255342,0.25
18/05/2021,-22100,-131656000,5.92(-1.66 %),0,0,22100,131656000,146257342,0.25
19/05/2021,-24000,-141272000,5.75(-2.87 %),0,0,24000,141272000,146281342,0.24
20/05/2021,2900,16964000,5.83(1.39 %),4200,24524000,1300,7560000,146278442,0.24
21/05/2021,-4000,-22185000,6.03(3.43 %),13000,75225000,17000,97410000,146282442,0.24
24/05/2021,-130,-7750000,6.08(0.83 %),240,14710000,370,22460000,146303142,0.23
25/05/2021,0,0,6(-1.32 %),0,0,0,0,146304442,0.23
26/05/2021,-120,-7110000,5.93(-1.17 %),20,1190000,140,8300000,146321242,0.23
27/05/2021,0,0,5.81(-2.02 %),0,0,0,0,146284942,0.24
28/05/2021,-19100,-110287000,5.85(0.69 %),1100,6318000,20200,116605000,146304042,0.23
31/05/2021,220,12590000,5.9(0.85 %),450,25830000,230,13240000,146320742,0.23
01/06/2021,440,25660000,5.8(-1.69 %),590,34360000,150,8700000,146314842,0.23
02/06/2021,0,0,5.95(2.59 %),0,0,0,0,146320742,0.23
03/06/2021,30700,189283000,6.36(6.89 %),30700,189283000,0,0,146290042,0.24
04/06/2021,570,38740000,6.8(6.92 %),570,38740000,0,0,146302442,0.23
07/06/2021,-26000,-170164000,6.4(-5.88 %),500,3325000,26500,173489000,146310342,0.23
08/06/2021,-1710,-107730000,6.15(-3.91 %),60,3790000,1770,111520000,146301342,0.23
09/06/2021,-12200,-73668000,6.03(-1.95 %),4000,24030000,16200,97698000,146339642,0.22
10/06/2021,21500,129468000,6.04(0.17 %),24900,149928000,3400,20460000,146318142,0.23
11/06/2021,35900,221515000,6.2(2.65 %),35900,221515000,0,0,146282242,0.24
14/06/2021,-500,-2986000,6.15(-0.81 %),900,5670000,1400,8656000,146282742,0.24
15/06/2021,-12900,-78706000,6.06(-1.46 %),0,0,12900,78706000,146295642,0.23
16/06/2021,1110,68440000,6.2(2.31 %),1410,86590000,300,18150000,146285342,0.24
17/06/2021,1450,90330000,6.29(1.45 %),1450,90330000,0,0,146272242,0.24
18/06/2021,-370,-23240000,6.23(-0.95 %),0,0,370,23240000,146285142,0.24
21/06/2021,800,49680000,6.21(-0.32 %),840,52160000,40,2480000,146279742,0.24
22/06/2021,22700,141625000,6.24(0.48 %),22700,141625000,0,0,146243042,0.25
23/06/2021,-17800,-109887000,6.14(-1.60 %),0,0,17800,109887000,146260842,0.25
24/06/2021,-1490,-91050000,6.1(-0.65 %),0,0,1490,91050000,146261142,0.25
25/06/2021,1180,72540000,6.23(2.13 %),1540,94400000,360,21860000,146245732,0.25
28/06/2021,-180,-10820000,6.16(-1.12 %),320,20000000,500,30820000,146260332,0.25
29/06/2021,-3600,-22030000,6.06(-1.62 %),0,0,3600,22030000,146269342,0.24
30/06/2021,650,39770000,6.15(1.49 %),650,39770000,0,0,146272332,0.24
01/07/2021,1970,120500000,6.14(-0.16 %),1970,120500000,0,0,146257632,0.25
02/07/2021,750,45910000,6.13(-0.16 %),750,45910000,0,0,146253732,0.25
05/07/2021,-19000,-114760000,6.01(-1.96 %),1500,9060000,20500,123820000,146288832,0.24
06/07/2021,-24700,-146732000,5.8(-3.49 %),0,0,24700,146732000,146313532,0.23
07/07/2021,-11600,-66899000,5.75(-0.86 %),0,0,11600,66899000,146325132,0.22
08/07/2021,-23900,-134490500,5.66(-1.57 %),100,572300,24000,135062800,146349032,0.22
09/07/2021,-1590,-89470000,5.55(-1.94 %),150,8370000,1740,97840000,146295832,0.23
12/07/2021,-780,-42570000,5.18(-6.67 %),240,12450000,1020,55020000,146305032,0.23
13/07/2021,80,4200000,5.3(2.32 %),120,6280000,40,2080000,146327832,0.22
14/07/2021,-390,-20520000,5.33(0.57 %),150,7880000,540,28400000,146343732,0.22
15/07/2021,70,3730000,5.49(3.00 %),160,8610000,90,4880000,146352332,0.22
16/07/2021,-14300,-77130000,5.42(-1.28 %),0,0,14300,77130000,146389432,0.2
19/07/2021,-14700,-76503000,5.16(-4.80 %),0,0,14700,76503000,146404132,0.2
20/07/2021,-800,-40920000,5.2(0.78 %),70,3620000,870,44540000,146358332,0.21
21/07/2021,-910,-47370000,5.2(0.00 %),0,0,910,47370000,146372632,0.21
22/07/2021,8700,45346000,5.23(0.58 %),10500,54706000,1800,9360000,146412532,0.2
23/07/2021,-120,-6200000,5.18(-0.96 %),10,530000,130,6730000,146385432,0.2
26/07/2021,-3300,-16846000,5.15(-0.58 %),1500,7588000,4800,24434000,146417032,0.19
27/07/2021,-2000,-10074000,5.14(-0.19 %),4600,23745000,6600,33819000,146419032,0.19
28/07/2021,-420,-21500000,5.12(-0.39 %),40,2060000,460,23560000,146391132,0.2
29/07/2021,-4700,-24078000,5.12(0.00 %),0,0,4700,24078000,146427932,0.19
30/07/2021,-4600,-23677000,5.16(0.78 %),300,1536000,4900,25213000,146432532,0.19
02/08/2021,6700,34604000,5(-3.10 %),6700,34604000,0,0,146406832,0.2
03/08/2021,7200,37276000,5.13(2.60 %),8500,43865000,1300,6589000,146399632,0.2
04/08/2021,8700,44616000,5.13(0.00 %),8700,44616000,0,0,146390932,0.2
05/08/2021,16400,86369000,5.48(6.82 %),16400,86369000,0,0,146374532,0.21
06/08/2021,-5200,-29511000,5.7(4.01 %),3200,17832000,8400,47343000,146379732,0.21
09/08/2021,-11000,-62287000,5.59(-1.93 %),200,1160000,11200,63447000,146390732,0.2
10/08/2021,12200,66867000,5.5(-1.61 %),12200,66867000,0,0,146378532,0.21
11/08/2021,18600,101974000,5.6(1.82 %),18600,101974000,0,0,146359932,0.21
12/08/2021,5400,29860000,5.52(-1.43 %),5600,30966000,200,1106000,146354532,0.22
13/08/2021,-10600,0,5.5(-0.36 %),0,0,10600,0,146365132,0.21
16/08/2021,19500,107606000,5.52(0.36 %),19900,109778000,400,2172000,146345632,0.22
17/08/2021,7600,42992000,5.9(6.88 %),8300,46877000,700,3885000,146349932,0.22
18/08/2021,-19500,-118189000,6.04(2.37 %),1900,11419000,21400,129608000,146365132,0.21
19/08/2021,-1400,-8024000,5.96(-1.32 %),5100,30494000,6500,38518000,146366532,0.21
20/08/2021,22500,132494000,5.75(-3.52 %),32800,192779000,10300,60285000,146344032,0.22
23/08/2021,-21300,-117584000,5.4(-6.09 %),4400,24550000,25700,142134000,146365332,0.21
24/08/2021,2300,12974000,5.5(1.85 %),6500,35919000,4200,22945000,146363032,0.21
25/08/2021,-15300,-82462000,5.45(-0.91 %),500,2725000,15800,85187000,146378332,0.21
26/08/2021,-4500,-24975000,5.5(0.92 %),0,0,4500,24975000,146382832,0.21
27/08/2021,25500,143783000,5.77(4.91 %),29800,167724000,4300,23941000,146357332,0.21
30/08/2021,36800,212536000,5.8(0.52 %),41200,237856000,4400,25320000,146320532,0.23
31/08/2021,18200,104382000,5.79(-0.17 %),24700,142563000,6500,38181000,146302332,0.23
01/09/2021,42200,256968000,6.19(6.91 %),43300,263550000,1100,6582000,146243432,0.25
06/09/2021,12600,79578000,6.62(6.95 %),12600,79578000,0,0,146230832,0.26
07/09/2021,-57000,-371870000,6.51(-1.66 %),5000,34000000,62000,405870000,146287832,0.24
08/09/2021,-31700,-200229000,6.25(-3.99 %),100,646000,31800,200875000,146319532,0.23
09/09/2021,8200,51346000,6.2(-0.80 %),9500,59419000,1300,8073000,146311332,0.23
10/09/2021,13100,81475000,6.63(6.94 %),19900,123567000,6800,42092000,146298232,0.23
13/09/2021,-46100,-301592000,6.5(-1.96 %),6600,44220000,52700,345812000,146344332,0.22
14/09/2021,500,-2511000,6.66(2.46 %),30000,195000000,29500,197511000,146343832,0.22
15/09/2021,-7900,-51536000,6.65(-0.15 %),1400,9196000,9300,60732000,146351732,0.22
16/09/2021,-13400,-89010000,6.52(-1.95 %),0,0,13400,89010000,146365132,0.21
17/09/2021,1400,9454000,6.52(0.00 %),3400,22533000,2000,13079000,146363732,0.21
20/09/2021,41700,274655000,6.8(4.29 %),44100,290846000,2400,16191000,146322032,0.23
21/09/2021,-6400,-41846000,7.27(6.91 %),20000,144750000,26400,186596000,146328432,0.22
22/09/2021,-1400,-10892000,7.45(2.48 %),2000,15200000,3400,26092000,146329832,0.22
23/09/2021,-38500,-282821000,7.1(-4.70 %),2000,14000000,40500,296821000,146368332,0.21
24/09/2021,15500,107375000,6.7(-5.63 %),15500,107375000,0,0,146352832,0.22
27/09/2021,0,4450000,6.24(-6.87 %),15000,98200000,15000,93750000,146352832,0.22
28/09/2021,28400,173513000,6.19(-0.80 %),28400,173513000,0,0,146324432,0.23
29/09/2021,200,1240000,6.3(1.78 %),200,1240000,0,0,146324232,0.23
30/09/2021,1000,6310000,6.28(-0.32 %),1000,6310000,0,0,146323232,0.23
01/10/2021,-29800,-184479000,6.15(-2.07 %),54196,317046600,83996,501525600,146335232,0.22
04/10/2021,15200,93984000,6.18(0.49 %),15500,95865000,300,1881000,146320032,0.23
05/10/2021,13300,83647000,6.3(1.94 %),13300,83647000,0,0,146306732,0.23
06/10/2021,7300,45981000,6.34(0.63 %),8500,53541000,1200,7560000,146299432,0.0
07/10/2021,26100,166236000,6.5(2.52 %),27600,176016000,1500,9780000,146273332,0.0
08/10/2021,-13500,-86988000,6.4(-1.54 %),800,5205000,14300,92193000,146286832,0.0
11/10/2021,-3600,-6875000,6.37(-0.47 %),0,0,3600,6875000,146290432,0.0
12/10/2021,-20300,-128565000,6.28(-1.41 %),4700,29620000,25000,158185000,146310732,0.0
13/10/2021,-38100,-240338000,6.39(1.75 %),0,0,38100,240338000,146348832,0.0
14/10/2021,300,1930000,6.5(1.72 %),300,1930000,0,0,146348532,0.0
15/10/2021,2000,13332000,6.48(-0.31 %),6400,41918000,4400,28586000,146346532,0.0
18/10/2021,-2500,-16289000,6.43(-0.77 %),300,1929000,2800,18218000,146349032,0.0
19/10/2021,-9200,-58988000,6.4(-0.47 %),1600,10240000,10800,69228000,146358232,0.0
20/10/2021,-5600,-36689000,6.58(2.81 %),6800,44932000,12400,81621000,146363832,0.0
21/10/2021,-9200,-61528000,7.04(6.99 %),1500,9975000,10700,71503000,146367432,0.0
22/10/2021,-5200,-37342000,6.9(-1.99 %),0,0,5200,37342000,146372632,0.0
25/10/2021,-3700,-25455000,6.89(-0.14 %),800,5528000,4500,30983000,146376332,0.0
26/10/2021,11400,77869000,7.05(2.32 %),11900,81289000,500,3420000,146364932,0.0
27/10/2021,1100,5783000,7.36(4.40 %),9900,69350000,8800,63567000,146363832,0.0
28/10/2021,-1500,-11175000,7.41(0.68 %),0,0,1500,11175000,146365332,0.21
29/10/2021,-5100,-38260000,7.6(2.56 %),1000,7460000,6100,45720000,146370432,0.21
01/11/2021,3400,25264000,7.71(1.45 %),20300,155323000,16900,130059000,146398232,0.2
02/11/2021,12100,93268000,7.82(1.43 %),12100,93268000,0,0,146386132,0.2
03/11/2021,-900,-7007000,7.5(-4.09 %),100,793000,1000,7800000,146387032,0.0
04/11/2021,0,0,7.4(-1.33 %),0,0,0,0,146386132,0.2
05/11/2021,18200,137274000,7.48(1.08 %),18700,141024000,500,3750000,146367932,0.0
08/11/2021,35000,262646000,7.61(1.74 %),35400,265650000,400,3004000,146351132,0.22
09/11/2021,17900,138647000,7.7(1.18 %),36700,282866000,18800,144219000,146333232,0.22
10/11/2021,0,0,7.76(0.78 %),0,0,0,0,146333232,0.22
11/11/2021,81100,651150000,8.3(6.96 %),81700,655944000,600,4794000,146252132,0.25
12/11/2021,88500,781893000,8.88(6.99 %),92800,820077000,4300,38184000,146163632,0.28
15/11/2021,3500,32954000,9.36(5.41 %),60800,570838000,57300,537884000,146160132,0.28
16/11/2021,1900,20989000,8.74(-6.62 %),66400,588959000,64500,567970000,146158232,0.28
17/11/2021,84400,719249000,8.83(1.03 %),92500,788678000,8100,69429000,146073832,0.31
18/11/2021,22800,209887000,9.4(6.46 %),22800,209887000,0,0,146051032,0.32
19/11/2021,-7000,-93310000,9.26(-1.49 %),84700,790533000,91700,883843000,146058032,0.31
22/11/2021,-64100,-559939000,8.62(-6.91 %),17300,149126000,81400,709065000,146122132,0.29
23/11/2021,-22500,-184875000,8.55(-0.81 %),35300,284537000,57800,469412000,146144632,0.29
24/11/2021,-104700,-888176000,8.27(-3.27 %),1700,14558000,106400,902734000,146249332,0.25
25/11/2021,37100,310700000,8.5(2.78 %),37900,317332000,800,6632000,146212232,0.26
26/11/2021,-29500,-244022000,8.3(-2.35 %),7600,64251000,37100,308273000,146241732,0.0
29/11/2021,91800,653718000,8.88(6.99 %),97000,697299200,5200,43581200,146149932,0.0
30/11/2021,-132500,-1202031000,8.98(1.13 %),6100,55344000,138600,1257375000,146374232,0.21
01/12/2021,-21800,-201896000,9.3(3.56 %),5800,51794000,27600,253690000,146105526,0.3
02/12/2021,15100,146392000,9.72(4.52 %),60900,588855000,45800,442463000,146090426,0.3
03/12/2021,-64100,-613189000,9.04(-7.00 %),0,0,64100,613189000,146154526,0.28
06/12/2021,900,7635000,8.41(-6.97 %),6700,58902000,5800,51267000,146153626,0.28
07/12/2021,33800,283750000,8.78(4.40 %),43500,367083000,9700,83333000,146119826,0.29
08/12/2021,-40000,-347121000,8.75(-0.34 %),4000,35958000,44000,383079000,146159826,0.28
09/12/2021,69000,615786000,8.98(2.63 %),69000,615786000,0,0,146090826,0.0
10/12/2021,-101200,-900228000,8.9(-0.89 %),0,0,101200,900228000,146192026,0.27
13/12/2021,62700,574713000,9.19(3.26 %),62700,574713000,0,0,146129326,0.29
14/12/2021,-10900,-99246000,9.25(0.65 %),22900,212065000,33800,311311000,146140226,0.29
15/12/2021,-12600,-116529000,9.07(-1.95 %),16400,149594000,29000,266123000,146152826,0.28
16/12/2021,57700,527572000,9.3(2.54 %),57700,527572000,0,0,146095126,0.3
17/12/2021,88400,877705000,9.95(6.99 %),88400,877705000,0,0,146006726,0.33
20/12/2021,25000,264210000,10.6(6.53 %),25000,264210000,0,0,145981726,0.34
21/12/2021,-2500,-27160000,11.1(4.72 %),6900,77970000,9400,105130000,145984226,0.0
22/12/2021,-51000,-594585000,11.3(1.80 %),29500,322045000,80500,916630000,146035226,0.32
23/12/2021,54400,597203200,11(-2.65 %),89900,986922200,35500,389719000,145980826,0.0
24/12/2021,0,0,10.85(-1.36 %),0,0,0,0,146035226,0.32
27/12/2021,-20300,-214095000,11.35(4.13 %),23200,254110000,43500,468205000,146060726,0.31
28/12/2021,-50500,-603570000,11.9(4.39 %),6500,76450000,57000,680020000,146111226,0.3
29/12/2021,-131600,-1580115000,11.95(0.42 %),4300,52675000,135900,1632790000,146099526,0.3
30/12/2021,-47000,-536585000,11.3(-5.83 %),2000,23000000,49000,559585000,146154526,0.28
31/12/2021,88800,988335000,11.4(0.88 %),88900,989440000,100,1105000,146201526,0.27
04/01/2022,-77000,-875280000,11.25(-1.32 %),300,3450000,77300,878730000,146250226,0.25
05/01/2022,16500,181915000,11.35(0.44 %),24700,274455000,8200,92540000,146225630,0.26
06/01/2022,-11200,-128555000,12.1(6.14 %),27700,335060000,38900,463615000,146275230,0.24
07/01/2022,-22800,-280865000,12.15(0.41 %),15400,185435000,38200,466300000,146268030,0.24
10/01/2022,-56600,0,12.55(2.87 %),5400,0,62000,0,146301530,0.23
11/01/2022,-37200,-449385000,11.85(-5.95 %),17900,215810000,55100,665195000,146321830,0.23
12/01/2022,20800,238295000,11.05(-7.14 %),38100,432615000,17300,194320000,146345730,0.22
13/01/2022,56100,585830000,10.3(-7.21 %),56100,585830000,0,0,146344730,0.22
14/01/2022,101900,1030188000,9.85(-4.37 %),116300,1176894000,14400,146706000,146245730,0.25
17/01/2022,-1100,-26945000,9.17(-6.90 %),36000,338276000,37100,365221000,146209730,0.26
18/01/2022,159200,1395065000,8.53(-6.98 %),165200,1448225000,6000,53160000,146058930,0.31
19/01/2022,177600,1444305000,7.98(-6.12 %),183600,1492005000,6000,47700000,145912430,0.36
20/01/2022,-2300,-19597000,8.49(7.47 %),7500,61297000,9800,80894000,145910930,0.36
21/01/2022,-187200,-1681713000,8.92(4.94 %),500,4540000,187700,1686253000,145916430,0.36
24/01/2022,-82000,-693248000,8.3(-6.74 %),0,0,82000,693248000,145926160,0.36
25/01/2022,87300,701495000,8.1(-2.41 %),91900,738510000,4600,37015000,146021960,0.33
26/01/2022,-73900,-578723100,7.81(-3.58 %),6100,49098900,80000,627822000,146097860,0.3
27/01/2022,35300,271899000,7.47(-4.23 %),39300,302625000,4000,30726000,146063160,0.31
28/01/2022,45500,351426000,7.99(6.53 %),45500,351426000,0,0,146097660,0.3
07/02/2022,42200,360121000,8.54(6.75 %),47900,408799000,5700,48678000,146053760,0.32
08/02/2022,-42700,-366659000,8.46(-0.47 %),13300,114715000,56000,481374000,146040460,0.32
09/02/2022,7300,61105000,8.5(0.00 %),11100,93822000,3800,32717000,146035060,0.32
10/02/2022,103200,888613000,8.66(1.88 %),114500,985942000,11300,97329000,145976560,0.34
11/02/2022,-16800,-144211000,8.6(-1.15 %),1100,9460000,17900,153671000,145979260,0.34
14/02/2022,2400,20606000,8.42(-2.09 %),7700,65525000,5300,44919000,145982860,0.34
15/02/2022,-24100,-200267000,8.37(-0.36 %),3700,30894000,27800,231161000,145997060,0.33
16/02/2022,28700,247162000,8.7(3.57 %),28700,247162000,0,0,145973660,0.34
17/02/2022,15700,139929000,8.82(1.38 %),16200,144334000,500,4405000,145985250,0.34
18/02/2022,-28700,-263703000,9.29(5.57 %),2000,18560000,30700,282263000,145983250,0.34
21/02/2022,-86900,-816803000,9.33(0.32 %),4100,38871000,91000,855674000,145979650,0.34
22/02/2022,-16600,-151710000,9.11(-2.04 %),21100,191363000,37700,343073000,145989250,0.34
23/02/2022,24300,223040000,9.11(0.11 %),27600,253107000,3300,30067000,146052650,0.32
24/02/2022,-27000,-239259000,8.68(-4.62 %),11900,102546000,38900,341805000,146078450,0.31
25/02/2022,23000,202118000,8.79(1.03 %),31700,279983000,8700,77865000,146050050,0.32
28/02/2022,38500,350786000,9.4(6.82 %),39100,356126000,600,5340000,146049850,0.32
01/03/2022,0,0,10.05(6.91 %),0,0,0,0,146058550,0.31
02/03/2022,-12500,-133825000,10.75(6.44 %),0,0,12500,133825000,146059150,0.31
03/03/2022,-57100,-644150000,11.5(6.48 %),200,2280000,57300,646430000,146058950,0.31
04/03/2022,-65000,-786475000,12.1(5.22 %),100,1220000,65100,787695000,146071350,0.31
07/03/2022,19400,232795000,12.9(6.61 %),45300,538515000,25900,305720000,146083350,0.31
08/03/2022,71200,964690000,13.8(6.98 %),76600,1038450000,5400,73760000,146071850,0.31
09/03/2022,49300,666180000,13.2(-4.35 %),66100,889230000,16800,223050000,146031650,0.32
10/03/2022,126200,1701150000,13.55(2.65 %),132300,1782680000,6100,81530000,145904750,0.37
11/03/2022,63100,834845000,13.5(-0.74 %),78400,1040730000,15300,205885000,145843150,0.39
14/03/2022,-11500,-150765000,12.6(-6.67 %),29700,379325000,41200,530090000,145819550,0.39
15/03/2022,74100,926900000,13.05(3.57 %),77100,963465000,3000,36565000,145757750,0.41
16/03/2022,162800,2193240000,13.95(6.49 %),168400,2269210000,5600,75970000,145630550,0.46
17/03/2022,24500,364960000,14.9(6.43 %),28300,421580000,3800,56620000,145605250,0.46
18/03/2022,57900,919970000,15.9(6.71 %),58500,929455000,600,9485000,145552350,0.48
21/03/2022,3000,38760000,16.45(3.46 %),43800,709230000,40800,670470000,145512350,0.5
22/03/2022,500,15110000,16.25(-1.52 %),22000,366150000,21500,351040000,145490950,0.5
23/03/2022,68200,1078375000,15.4(-5.52 %),73000,1155575000,4800,77200000,145458750,0.51
24/03/2022,99200,1592990000,16.45(6.82 %),106700,1712615000,7500,119625000,145373550,0.54
25/03/2022,15400,278460000,17.6(6.67 %),56100,980450000,40700,701990000,145322250,0.56
28/03/2022,-127700,-2274480000,18.4(4.55 %),1400,25060000,129100,2299540000,145328350,0.56
29/03/2022,11400,218635000,19.4(5.43 %),28200,529405000,16800,310770000,145340850,0.55
30/03/2022,-150000,-2730190000,18.05(-6.96 %),10200,195070000,160200,2925260000,145459750,0.51
31/03/2022,-4100,-40145000,19.3(6.63 %),59200,1055470000,63300,1095615000,145417350,0.53
01/04/2022,-66100,-1304010000,19.7(2.07 %),13400,259175000,79500,1563185000,145564150,0.48
04/04/2022,-209700,-3966755000,19.2(-2.54 %),0,0,209700,3966755000,145627450,0.46
05/04/2022,18700,414935000,20.5(6.77 %),52400,1036420000,33700,621485000,145654550,0.45
06/04/2022,-172700,-3381140000,19.1(-6.83 %),26600,521825000,199300,3902965000,145837650,0.39
07/04/2022,-87400,-1595825000,18.9(-1.05 %),700,12950000,88100,1608775000,145925050,0.36
08/04/2022,-202000,-3637390000,17.6(-6.88 %),700,12670000,202700,3650060000,146069250,0.31
12/04/2022,-43900,-726250000,16.4(-6.82 %),0,0,43900,726250000,146113150,0.3
13/04/2022,-6600,-100980000,15.3(-6.71 %),100,1530000,6700,102510000,146157350,0.28
14/04/2022,2800,45485000,15.45(0.98 %),41900,640775000,39100,595290000,146361950,0.21
15/04/2022,58500,48908700,16.15(4.19 %),69600,224033400,11100,175124700,146299050,0.23
18/04/2022,-74100,-1183105000,15.9(-1.85 %),0,0,74100,1183105000,146338150,0.22
19/04/2022,-30700,-477845000,14.8(-6.92 %),1800,27660000,32500,505505000,146347450,0.22
20/04/2022,259800,3643020000,13.8(-6.76 %),259800,3643020000,0,0,146102150,0.3
21/04/2022,83100,1070905000,12.85(-6.88 %),86900,1119735000,3800,48830000,146107350,0.3
22/04/2022,251400,3357990000,13.45(4.67 %),258200,3449635000,6800,91645000,145849150,0.38
25/04/2022,-72500,-966385000,12.9(-4.44 %),47900,665005000,120400,1631390000,145805050,0.4
26/04/2022,119800,1515895000,13.8(6.98 %),122200,1546115000,2400,30220000,145689650,0.44
27/04/2022,-113700,-1603405000,14.7(6.52 %),0,0,113700,1603405000,145810050,0.4
28/04/2022,-204200,-3056395000,15(2.04 %),0,0,204200,3056395000,145812450,0.4
29/04/2022,-31800,-479095000,16.05(7.00 %),5000,76150000,36800,555245000,145921150,0.36
04/05/2022,-138000,-2219745000,16.25(0.93 %),0,0,138000,2219745000,146125350,0.29
05/05/2022,-39100,-613035000,15.3(-6.13 %),800,12200000,39900,625235000,146164450,0.28
06/05/2022,22500,320625000,14.25(-6.86 %),48400,689700000,25900,369075000,146250950,0.25
09/05/2022,28300,376390000,13.3(-6.99 %),37800,502740000,9500,126350000,146253050,0.25
10/05/2022,26600,377720000,14.2(6.77 %),56300,799460000,29700,421740000,146222650,0.26
11/05/2022,-117100,-1672470000,14.5(2.11 %),0,0,117100,1672470000,146339750,0.22
12/05/2022,-56400,-819670000,14(-3.45 %),400,5800000,56800,825470000,146396150,0.2
13/05/2022,-9100,-123175000,13.5(-3.57 %),24000,329560000,33100,452735000,146354550,0.22
16/05/2022,-15400,-209440000,13.6(0.74 %),3700,50320000,19100,259760000,146407650,0.2
17/05/2022,4200,59010000,14.05(3.31 %),29400,413070000,25200,354060000,146411350,0.2
18/05/2022,-74500,-975950000,13.1(-7.09 %),2200,28820000,76700,1004770000,146428250,0.19
19/05/2022,-11900,-145180000,12.2(-6.87 %),3100,37820000,15000,183000000,146450350,0.18
20/05/2022,-28000,-361200000,12.9(5.74 %),1400,18060000,29400,379260000,146525650,0.16
23/05/2022,0,-361200000,12.3(-4.65 %),0,18060000,0,379260000,146540650,0.15
24/05/2022,5100,58395000,11.45(-6.91 %),6200,70990000,1100,12595000,146563850,0.15
25/05/2022,78500,926300000,11.8(2.61 %),78500,926300000,0,0,146485350,0.17
26/05/2022,15600,188760000,12.1(2.54 %),15600,188760000,0,0,146470850,0.18
27/05/2022,27600,351900000,12.75(5.37 %),34700,442425000,7100,90525000,146436150,0.19
30/05/2022,-10600,-140980000,13.3(3.91 %),0,0,10600,140980000,146436150,0.19
31/05/2022,-18700,-247775000,13.25(-0.38 %),1400,18550000,20100,266325000,146441850,0.19
01/06/2022,-18100,-232585000,12.85(-3.38 %),15100,194035000,33200,426620000,146437350,0.19
02/06/2022,-59300,-711600000,12(-6.98 %),0,0,59300,711600000,146457450,0.18
03/06/2022,42300,539325000,12.75(6.25 %),43600,555900000,1300,16575000,146447050,0.18
06/06/2022,14100,180635000,12.6(-1.56 %),20500,261910000,6400,81275000,146485850,0.17
07/06/2022,-18500,-223850000,12.1(-3.97 %),1100,13310000,19600,237160000,146486050,0.17
08/06/2022,-26400,-320760000,12.15(0.41 %),6400,77760000,32800,398520000,146486050,0.17
09/06/2022,-5700,-70110000,12.3(0.82 %),3000,36900000,8700,107010000,146502650,0.17
10/06/2022,-8500,-104975000,12.35(0.41 %),700,8645000,9200,113620000,146534750,0.16
13/06/2022,-18700,-215050000,11.5(-7.26 %),0,0,18700,215050000,146543450,0.15
14/06/2022,-6200,-71920000,11.6(0.87 %),0,0,6200,71920000,146552650,0.15
15/06/2022,-700,-8120000,11.6(0.00 %),0,0,700,8120000,146571350,0.14
16/06/2022,0,-8120000,11.65(0.43 %),0,0,0,8120000,146577550,0.14
17/06/2022,0,-8120000,11.3(-3.42 %),0,0,0,8120000,146578250,0.14
20/06/2022,2400,25905000,10.55(-6.64 %),2400,25905000,0,0,146575850,0.14
21/06/2022,0,25320000,9.82(-7.36 %),0,25320000,0,0,146575850,0.14
22/06/2022,10900,99626000,9.14(-6.73 %),10900,99626000,0,0,146564950,0.15
23/06/2022,2100,20517000,9.77(7.36 %),2100,20517000,0,0,146562850,0.15
24/06/2022,0,20517000,10.45(6.63 %),0,20517000,0,0,146562850,0.15
27/06/2022,1500,16725000,11.15(6.19 %),1500,16725000,0,0,146561352,0.15
28/06/2022,900,10710000,11.9(6.25 %),1700,20230000,800,9520000,146559652,0.15
29/06/2022,-9000,-106590000,11.9(0.00 %),0,0,9000,106590000,146559652,0.15
30/06/2022,-4700,-56635000,12.05(1.26 %),0,0,4700,56635000,146560452,0.15
01/07/2022,-1300,-16705000,12.85(6.20 %),2800,35980000,4100,52685000,146566652,0.14
04/07/2022,0,-16705000,13.7(6.20 %),0,35980000,0,52685000,146566652,0.0
05/07/2022,4800,61920000,12.9(-5.84 %),4800,61920000,0,0,146570652,0.14
06/07/2022,1000,12600000,12.6(-2.33 %),2700,34020000,1700,21420000,146567952,0.14
07/07/2022,-900,-12105000,13.45(6.75 %),0,0,900,12105000,146567952,0.14
08/07/2022,-117100,-40020000,14(3.70 %),0,0,117100,40020000,146685052,0.0
11/07/2022,-2900,-40020000,13.8(-1.43 %),0,0,2900,40020000,146570352,0.14
12/07/2022,700,9730000,13.9(0.72 %),1700,23630000,1000,13900000,146573652,0.14
13/07/2022,-200,-2680000,13.4(-3.60 %),0,0,200,2680000,146576552,0.14
14/07/2022,9100,116935000,12.85(-4.10 %),9100,116935000,0,0,146568452,0.14
15/07/2022,9000,117000000,13(0.78 %),10000,130000000,1000,13000000,146558652,0.15
18/07/2022,10800,140400000,13(0.00 %),10800,140400000,0,0,146547852,0.15
19/07/2022,4800,62400000,13(0.00 %),5300,68900000,500,6500000,146543552,0.15
20/07/2022,700,9100000,13(0.00 %),2900,37700000,2200,28600000,146540652,0.15
21/07/2022,0,9100000,12.6(-3.08 %),0,37700000,0,28600000,146541152,0.15
22/07/2022,2100,196830000,12.15(-3.57 %),2100,204120000,0,7290000,146526552,0.16
25/07/2022,5100,65025000,12.75(4.51 %),6800,86700000,1700,21675000,146519752,0.16
26/07/2022,100,1265000,12.65(-1.17 %),500,6325000,400,5060000,146519852,0.16
27/07/2022,900,11610000,12.9(1.57 %),900,11610000,0,0,146520652,0.16
28/07/2022,3900,50115000,12.85(-0.39 %),3900,50115000,0,0,146517152,0.16
29/07/2022,-1100,-13805000,12.55(-2.71 %),0,0,1100,13805000,146517152,0.16
01/08/2022,2000,25100000,12.55(-0.40 %),2000,25100000,0,0,146515152,0.16
02/08/2022,8000,100800000,12.6(0.00 %),8000,100800000,0,0,146508252,0.16
03/08/2022,800,10080000,12.6(0.00 %),800,10080000,0,0,146507452,0.16
04/08/2022,2300,28750000,12.5(-0.79 %),2300,28750000,0,0,146505152,0.16
05/08/2022,1800,22050000,12.25(-2.00 %),1800,22050000,0,0,146503352,0.17
08/08/2022,0,22050000,12(-2.44 %),0,22050000,0,0,146503352,0.17
09/08/2022,3000,38400000,12.8(6.67 %),3000,38400000,0,0,146500352,0.17
10/08/2022,0,38400000,13.6(6.25 %),0,38400000,0,0,146500352,0.17
11/08/2022,5600,75600000,13.5(-0.74 %),6000,81000000,400,5400000,146494352,0.17
12/08/2022,0,0,13.45(-0.37 %),300,4035000,300,4035000,146494052,0.17
15/08/2022,1400,18620000,13.3(-1.48 %),1400,18620000,0,0,146493052,0.17
16/08/2022,9500,124450000,13.1(-1.50 %),9500,124450000,0,0,146483852,0.17
17/08/2022,6200,80910000,13.05(-0.38 %),6200,80910000,0,0,146477652,0.17
18/08/2022,10400,135200000,13(-0.76 %),11200,145600000,800,10400000,146466452,0.18
19/08/2022,0,135200000,13.05(0.38 %),0,145600000,0,10400000,146466452,0.18
22/08/2022,4500,59175000,13.15(0.38 %),4500,59175000,0,0,146462752,0.18
23/08/2022,18500,246050000,13.3(0.76 %),18500,246050000,0,0,146444252,0.19
24/08/2022,12900,176730000,13.7(3.01 %),13900,190430000,1000,13700000,146430352,0.19
25/08/2022,1300,17680000,13.6(-0.73 %),1300,17680000,0,0,146429052,0.19
26/08/2022,2600,34840000,13.4(-1.47 %),2600,34840000,0,0,146427452,0.19
29/08/2022,11800,153400000,13(-2.99 %),11800,153400000,0,0,146415652,0.19
30/08/2022,4000,54600000,13.65(5.00 %),4000,54600000,0,0,146411652,0.2
31/08/2022,20500,299300000,14.6(6.57 %),21000,306600000,500,7300000,146390652,0.2
05/09/2022,1000,15500000,15.5(6.16 %),1000,15500000,0,0,146389652,0.2
06/09/2022,2600,40040000,15.4(-0.65 %),2600,40040000,0,0,146387552,0.2
07/09/2022,900,13050000,14.5(-5.84 %),900,13050000,0,0,146386652,0.2
08/09/2022,13700,211665000,15.45(6.55 %),13700,211665000,0,0,146372952,0.21
09/09/2022,8900,137060000,15.4(-0.65 %),8900,137060000,0,0,146364052,0.21
12/09/2022,7300,137060000,15.7(1.95 %),7300,137060000,0,0,146356752,0.21
13/09/2022,17500,137060000,15.85(0.96 %),17500,137060000,0,0,146339252,0.22
14/09/2022,0,137060000,15.2(-4.40 %),0,137060000,0,0,146339252,0.22
15/09/2022,4600,137060000,15.5(1.97 %),4600,137060000,0,0,0,0.22
16/09/2022,-1900,-28880000,15.2(-1.94 %),8100,123120000,10000,152000000,146326552,0.22
19/09/2022,10200,153510000,15.05(-0.99 %),10200,153510000,0,0,146316352,0.23
20/09/2022,19300,292395000,15.15(0.33 %),19300,292395000,0,0,146307052,0.23
21/09/2022,12300,190035000,15.45(1.64 %),12300,190035000,0,0,146294752,0.24
22/09/2022,30000,477000000,15.9(2.58 %),30000,477000000,0,0,146264752,0.25
23/09/2022,100,1530000,15.3(-3.77 %),20200,309060000,20100,307530000,146244552,0.25
26/09/2022,-17500,-249375000,14.25(-6.86 %),0,0,17500,249375000,146244552,0.25
27/09/2022,-13900,-198075000,14.25(-0.35 %),0,0,13900,198075000,146264652,0.25
28/09/2022,-20900,-296780000,14.2(-0.70 %),500,7100000,21400,303880000,146281652,0.24
29/09/2022,-25800,-361200000,14(-1.41 %),0,0,25800,361200000,146295552,0.23
30/09/2022,-6400,-92800000,14.5(3.57 %),5100,73950000,11500,166750000,146311852,0.23
03/10/2022,-20900,-286330000,13.7(-5.52 %),0,0,20900,286330000,146337652,0.22
04/10/2022,-20800,-271440000,13.05(-4.74 %),0,0,20800,271440000,146349152,0.22
05/10/2022,-27000,-360450000,13.35(1.91 %),0,0,27000,360450000,146370052,0.21
06/10/2022,-1700,-22185000,13.05(-2.61 %),12400,161820000,14100,184005000,146378452,0.21
07/10/2022,0,-22185000,12.15(-7.25 %),0,161820000,0,184005000,146405452,0.2
10/10/2022,600,7350000,12.25(0.41 %),9500,116375000,8900,109025000,146410052,0.2
11/10/2022,0,7350000,11.4(-7.32 %),0,116375000,0,109025000,146410052,0.2
12/10/2022,-38100,-405765000,10.65(-6.58 %),0,0,38100,405765000,146418952,0.19
13/10/2022,-35900,-378745000,10.55(-1.40 %),0,0,35900,378745000,146418952,0.19
14/10/2022,0,-378745000,11.25(6.13 %),0,0,0,378745000,146457052,0.18
17/10/2022,-15800,-182490000,11.55(2.21 %),0,0,15800,182490000,146492952,0.17
18/10/2022,-41800,-459800000,11(-5.17 %),0,0,41800,459800000,146492952,0.17
19/10/2022,-14800,-166215000,11.1(0.91 %),0,0,14800,166215000,146507752,0.16
20/10/2022,-4800,-52155000,10.75(-3.15 %),100,1080000,4900,53235000,146513552,0.16
21/10/2022,0,0,10(-7.41 %),0,0,0,0,146550452,0.15
24/10/2022,0,0,9.3(-7.00 %),0,0,0,0,146565252,0.14
25/10/2022,25000,229680000,9.2(-1.08 %),25100,230630000,100,950000,146540252,0.15
26/10/2022,10200,89290000,8.56(-6.96 %),10200,89290000,0,0,146534952,0.16
27/10/2022,13700,113307000,9.15(6.40 %),13700,113307000,0,0,146521252,0.16
28/10/2022,6700,61640000,9.2(0.00 %),10700,98440000,4000,36800000,146510552,0.16
31/10/2022,16600,150064000,9.04(-1.74 %),19100,172664000,2500,22600000,146491452,0.17
01/11/2022,-6700,-64655000,9.65(7.22 %),1400,13510000,8100,78165000,146494052,0.17
02/11/2022,-10100,-101505000,10.05(3.61 %),1400,14070000,11500,115575000,146495152,0.17
03/11/2022,-11200,-115360000,10.3(1.98 %),0,0,11200,115360000,146503252,0.17
04/11/2022,-18006,-175558500,9.75(-5.34 %),0,0,18006,175558500,146514752,0.16
07/11/2022,-800,-7256000,9.07(-7.45 %),6600,59862000,7400,67118000,146519352,0.16
08/11/2022,500,4545000,9.09(-0.11 %),9100,82719000,8600,78174000,146528258,0.16
09/11/2022,-9800,-90062000,9.19(0.99 %),500,4595000,10300,94657000,146535158,0.15
10/11/2022,0,-90062000,8.55(-7.07 %),0,4595000,0,94657000,146543758,0.15
11/11/2022,-5300,-42188000,7.96(-7.44 %),0,0,5300,42188000,146554058,0.15
14/11/2022,0,-42188000,7.41(-7.38 %),0,0,0,42188000,146554058,0.15
15/11/2022,0,-42188000,6.9(-6.76 %),0,0,0,42188000,146559358,0.15
16/11/2022,15800,101436000,6.42(-6.96 %),15800,101436000,0,0,146543558,0.15
17/11/2022,7200,48600000,6.75(5.47 %),7400,49950000,200,1350000,146536158,0.15
18/11/2022,15800,111074000,7.03(3.38 %),15800,111074000,0,0,146520358,0.16
21/11/2022,-6000,-43200000,7.2(2.86 %),500,3600000,6500,46800000,146520058,0.16
22/11/2022,-900,-6300000,7(-2.78 %),3400,23800000,4300,30100000,146516658,0.16
23/11/2022,-400,-2604000,6.51(-7.00 %),200,1302000,600,3906000,146522958,0.16
24/11/2022,-7530,-45631800,6.06(-6.91 %),0,0,7530,45631800,146527258,0.16
25/11/2022,5800,37120000,6.4(4.92 %),11800,75520000,6000,38400000,146516058,0.16
28/11/2022,0,37120000,6.84(6.87 %),0,75520000,0,38400000,146516058,0.16
29/11/2022,1100,7942000,7.22(6.18 %),5600,40432000,4500,32490000,146514958,0.16
30/11/2022,-4900,-37730000,7.7(6.94 %),900,6930000,5800,44660000,146519858,0.16
01/12/2022,-10800,-85320000,7.9(2.60 %),0,0,10800,85320000,146523088,0.16
02/12/2022,-1800,-14220000,7.9(0.00 %),2900,22910000,4700,37130000,146524888,0.16
05/12/2022,-2402,-18135100,7.55(-4.43 %),10400,78520000,12802,96655100,146527290,0.0
06/12/2022,-2000,-14060000,7.03(-7.50 %),0,0,2000,14060000,146529290,0.16
07/12/2022,300,1962000,6.54(-6.57 %),300,1962000,0,0,146528990,0.0
08/12/2022,5400,32886000,6.09(-6.31 %),12400,75516000,7000,42630000,146537690,0.15
09/12/2022,1000,6100000,6.1(0.00 %),2000,12200000,1000,6100000,146535690,0.15
12/12/2022,0,6100000,6.52(6.89 %),0,12200000,0,6100000,146522590,0.16
13/12/2022,-11300,-78761000,6.97(7.23 %),0,0,11300,78761000,146533890,0.16
14/12/2022,0,-78761000,7.45(6.43 %),0,0,0,78761000,146533890,0.16
15/12/2022,-1000,-7970000,7.97(6.27 %),0,0,1000,7970000,146534890,0.16
16/12/2022,1100,9372000,8.52(6.50 %),6700,57084000,5600,47712000,146533790,0.0
19/12/2022,800,7288000,9.11(7.18 %),2100,19131000,1300,11843000,146532990,0.16
20/12/2022,1900,16150000,8.5(-6.59 %),3900,33150000,2000,17000000,146531090,0.16
21/12/2022,-2700,-21357000,7.91(-6.94 %),4000,31640000,6700,52997000,146533790,0.16
22/12/2022,15500,127100000,8.2(3.80 %),18200,149240000,2700,22140000,146518290,0.16
23/12/2022,2600,20072000,7.72(-5.85 %),5500,42460000,2900,22388000,146515690,0.16
26/12/2022,-2500,-17950000,7.18(-6.75 %),1500,10770000,4000,28720000,146518190,0.16
27/12/2022,50000,375000000,7.5(4.17 %),56700,425250000,6700,50250000,146468190,0.18
28/12/2022,-13300,-97755000,7.35(-2.00 %),700,5145000,14000,102900000,146481490,0.0
29/12/2022,3600,28296000,7.86(6.22 %),4900,38514000,1300,10218000,146483690,0.17
30/12/2022,-54700,-459480000,8.4(6.33 %),0,0,54700,459480000,146497690,0.17
03/01/2023,-4100,-34481000,8.41(0.12 %),0,0,4100,34481000,146497690,0.17
04/01/2023,-4700,-39621000,8.43(0.36 %),200,1686000,4900,41307000,146553490,0.15
05/01/2023,800,6720000,8.4(0.00 %),800,6720000,0,0,146555190,0.15
06/01/2023,2000,16920000,8.46(0.71 %),2000,16920000,0,0,146558090,0.15
09/01/2023,-200,-1692000,8.46(-0.47 %),0,0,200,1692000,146558090,0.15
10/01/2023,-300,-2460000,8.2(-3.53 %),2100,17220000,2400,19680000,146555990,0.15
11/01/2023,5184,40435200,7.8(-4.88 %),5200,40560000,16,124800,146550990,0.15
12/01/2023,1100,8250000,7.5(-3.85 %),1100,8250000,0,0,146552290,0.15
13/01/2023,900,7200000,8(6.67 %),3000,24000000,2100,16800000,146549306,0.15
16/01/2023,200,1556000,7.78(-2.75 %),1200,9336000,1000,7780000,146548106,0.15
17/01/2023,4000,31720000,7.93(1.67 %),5100,40443000,1100,8723000,146545106,0.15
18/01/2023,2800,22064000,7.88(-0.25 %),5800,45704000,3000,23640000,146540306,0.15
19/01/2023,9600,73824000,7.69(-2.66 %),13700,105353000,4100,31529000,146527706,0.16
27/01/2023,-1100,-8503000,7.73(0.39 %),200,1546000,1300,10049000,146530506,0.16
30/01/2023,-2200,-17820000,8.1(5.19 %),0,0,2200,17820000,146534606,0.16
31/01/2023,-19300,-155751000,8.07(-0.37 %),0,0,19300,155751000,146535906,0.15
01/02/2023,700,5355000,7.65(-5.56 %),2000,15300000,1300,9945000,146536106,0.15
02/02/2023,0,5355000,7.49(-2.73 %),0,15300000,0,9945000,146555406,0.15
03/02/2023,0,5355000,7.56(0.80 %),0,15300000,0,9945000,146556706,0.15
06/02/2023,0,5355000,7.55(-0.66 %),0,15300000,0,9945000,146556706,0.15
07/02/2023,0,5355000,7.14(-6.05 %),0,15300000,0,9945000,146556706,0.15
08/02/2023,0,5355000,7.2(1.41 %),0,15300000,0,9945000,146556706,0.15
09/02/2023,-2000,-14400000,7.2(0.00 %),0,0,2000,14400000,146556706,0.15
10/02/2023,0,-14400000,7.21(0.14 %),0,0,0,14400000,146556706,0.15
13/02/2023,0,-14400000,7.18(-0.28 %),0,0,0,14400000,146558706,0.15
14/02/2023,0,-14400000,7.2(0.00 %),0,0,0,14400000,146558706,0.15
15/02/2023,16400,121852000,7.43(3.19 %),16400,121852000,0,0,146542306,0.15
16/02/2023,6200,49290000,7.95(7.43 %),6200,49290000,0,0,146536106,0.15
17/02/2023,3200,27168000,8.49(6.12 %),3200,27168000,0,0,146532906,0.16
20/02/2023,-15300,-129897000,8.49(-0.12 %),1100,9339000,16400,139236000,146531806,0.16
21/02/2023,700,6230000,8.9(4.71 %),6900,61410000,6200,55180000,146524906,0.16
22/02/2023,4100,35465000,8.65(-2.81 %),6800,58820000,2700,23355000,146534506,0.16
23/02/2023,-1100,-9493000,8.63(-0.80 %),0,0,1100,9493000,146540706,0.15
24/02/2023,-6900,-58650000,8.5(-1.16 %),0,0,6900,58650000,146547606,0.15
27/02/2023,5000,40000000,8(-5.88 %),8900,71200000,3900,31200000,146535606,0.15
28/02/2023,2500,20275000,8.11(1.38 %),5400,43794000,2900,23519000,146537106,0.15
01/03/2023,28000,229880000,8.21(1.36 %),28000,229880000,0,0,146513006,0.16
02/03/2023,-4900,-43022000,8.78(7.07 %),1000,8780000,5900,51802000,146514906,0.16
03/03/2023,-4900,-42973000,8.77(-0.34 %),3500,30695000,8400,73668000,146511406,0.16
06/03/2023,-25300,-215050000,8.5(-3.41 %),2700,22950000,28000,238000000,146514606,0.16
07/03/2023,3800,32870000,8.65(1.76 %),4800,41520000,1000,8650000,146518206,0.16
08/03/2023,300,2610000,8.7(0.00 %),4300,37410000,4000,34800000,146541906,0.15
09/03/2023,3300,28842000,8.74(0.46 %),6000,52440000,2700,23598000,146536906,0.15
10/03/2023,-4800,-41952000,8.74(0.46 %),0,0,4800,41952000,146540906,0.15
13/03/2023,-4300,-36980000,8.6(-1.15 %),0,0,4300,36980000,146545206,0.15
14/03/2023,-800,-6480000,8.1(-5.81 %),5200,42120000,6000,48600000,146543206,0.15
15/03/2023,10500,89775000,8.55(5.56 %),10500,89775000,0,0,146537006,0.15
16/03/2023,0,89775000,8.35(-2.91 %),0,89775000,0,0,146543006,0.15
17/03/2023,0,89775000,8.3(-1.19 %),0,89775000,0,0,146543006,0.15
20/03/2023,-10500,-85260000,8.12(-2.17 %),0,0,10500,85260000,146543006,0.15
21/03/2023,200,-58650000,8.2(1.23 %),200,0,0,58650000,146542806,0.15
22/03/2023,-1700,-13987000,8.2(0.00 %),0,0,1700,13987000,146544506,0.15
23/03/2023,-2500,-20354000,8.16(-0.49 %),0,0,2500,20354000,146547006,0.15
24/03/2023,1600,13117000,8.3(1.22 %),2800,22993000,1200,9876000,146545406,0.15
27/03/2023,12400,103912000,8.38(0.96 %),12400,103912000,0,0,146533006,0.0
28/03/2023,12100,100914000,8.34(-0.71 %),12100,100914000,0,0,146520906,0.0
29/03/2023,-1000,-8230000,8.23(-0.84 %),0,0,1000,8230000,146531406,0.16
30/03/2023,0,-8230000,8.2(0.00 %),0,0,0,8230000,146531406,0.16
31/03/2023,-14600,-118552000,8.12(-0.98 %),0,0,14600,118552000,146532406,0.16
03/04/2023,2200,18040000,8.2(1.23 %),2400,19680000,200,1640000,146530006,0.16
04/04/2023,-600,-4884000,8.14(-0.73 %),5100,41514000,5700,46398000,146539506,0.15
05/04/2023,13800,118680000,8.6(6.17 %),13800,118680000,0,0,146525906,0.16
06/04/2023,-5300,-44573000,8.41(-2.21 %),100,841000,5400,45414000,146531506,0.16
07/04/2023,5100,43860000,8.6(2.38 %),8500,73100000,3400,29240000,146523006,0.16
10/04/2023,-13800,-117300000,8.5(-1.16 %),0,0,13800,117300000,146528406,0.16
11/04/2023,0,-117300000,8.6(1.18 %),0,0,0,117300000,146531806,0.16
12/04/2023,-3900,-33111000,8.49(-1.28 %),0,0,3900,33111000,146545606,0.15
13/04/2023,-4600,-37996000,8.26(-2.82 %),0,0,4600,37996000,146545606,0.15
14/04/2023,0,-37996000,8(-3.61 %),0,0,0,37996000,146549506,0.15
17/04/2023,500,4000000,8(0.00 %),500,4000000,0,0,146553606,0.15
18/04/2023,3800,30552000,8.04(0.50 %),3800,30552000,0,0,146549806,0.15
19/04/2023,0,30552000,7.99(-0.12 %),0,30552000,0,0,146549806,0.15
20/04/2023,1400,11004000,8(0.00 %),1900,14991000,500,3987000,146548406,0.15
21/04/2023,-3800,-30210000,7.95(-0.62 %),0,0,3800,30210000,146547896,0.15
24/04/2023,0,-30210000,7.95(-0.62 %),0,0,0,30210000,146548396,0.15
25/04/2023,-200,-1600000,8(0.00 %),0,0,200,1600000,146552196,0.15
26/04/2023,-200,-1600000,8(0.00 %),1500,12000000,1700,13600000,146550696,0.15
27/04/2023,1300,10475000,8(0.00 %),1300,10475000,0,0,146549396,0.15
28/04/2023,1400,11202000,7.95(-0.62 %),1400,11202000,0,0,146547996,0.15
04/05/2023,1800,14250000,7.94(-0.13 %),1800,14250000,0,0,146549896,0.15
05/05/2023,-700,-5548000,8(0.76 %),1400,11158000,2100,16706000,146546696,0.15
08/05/2023,8500,69666000,8.17(2.12 %),11500,94072000,3000,24406000,146535196,0.15
09/05/2023,-800,-6528000,8.18(-0.24 %),0,0,800,6528000,146537296,0.15
10/05/2023,20900,175616000,8.43(2.80 %),20900,175616000,0,0,146516396,0.16
11/05/2023,5600,46984000,8.3(-1.19 %),5600,46984000,0,0,146514596,0.16
12/05/2023,28100,236329000,8.7(4.82 %),28100,236329000,0,0,146486496,0.17
15/05/2023,48100,445559000,9.27(6.55 %),48100,445559000,0,0,146438396,0.19
16/05/2023,11400,103855000,9.09(-1.94 %),11400,103855000,0,0,146426996,0.19
17/05/2023,11700,106406000,9.02(-0.77 %),11800,107333000,100,927000,146415296,0.19
18/05/2023,70300,632561000,8.82(-2.22 %),70300,632561000,0,0,146344996,0.22
19/05/2023,-66900,-572318000,8.41(-4.65 %),3200,27520000,70100,599838000,146411896,0.2
22/05/2023,-27400,-234583000,8.6(2.26 %),11800,99356000,39200,333939000,146439296,0.19
23/05/2023,15800,136038000,8.54(-0.70 %),15800,136038000,0,0,146423496,0.19
24/05/2023,45600,395682000,8.55(0.12 %),45600,395682000,0,0,146377896,0.21
25/05/2023,33700,289785000,8.61(0.70 %),33700,289785000,0,0,146344196,0.22
26/05/2023,94400,832911000,8.9(3.37 %),94400,832911000,0,0,146249796,0.25
29/05/2023,-17100,-153785000,8.95(0.56 %),13500,121525000,30600,275310000,146266896,0.24
30/05/2023,3800,32195000,8.8(-1.68 %),30000,264000000,26200,231805000,146263096,0.25
31/05/2023,31200,282866000,9.16(4.09 %),34000,308514000,2800,25648000,146231896,0.26
01/06/2023,42700,410489000,9.7(5.90 %),53700,516974000,11000,106485000,146202906,0.27
02/06/2023,-80500,-762442000,9.3(-4.12 %),1600,14959000,82100,777401000,146283406,0.24
05/06/2023,-55600,-509139000,8.99(-3.33 %),4400,40508000,60000,549647000,146339006,0.22
06/06/2023,44500,404808000,9.06(0.78 %),47700,433544000,3200,28736000,146294506,0.24
07/06/2023,13300,122661000,9.14(0.88 %),27600,253210000,14300,130549000,146281206,0.24
08/06/2023,41700,382876000,9.1(-0.44 %),45100,414482000,3400,31606000,146239506,0.25
09/06/2023,2900,25968000,9.08(-0.22 %),5600,50435000,2700,24467000,146236606,0.25
12/06/2023,-73100,-665154000,9.16(0.88 %),23200,212409000,96300,877563000,146309706,0.23
13/06/2023,13600,131204000,9.41(2.73 %),47800,449076000,34200,317872000,146296106,0.23
14/06/2023,-55100,-512456000,9.08(-3.51 %),5300,49292000,60400,561748000,146351206,0.22
15/06/2023,-5800,-52796000,8.89(-2.09 %),1700,15304000,7500,68100000,146357006,0.21
16/06/2023,-45300,-406574000,8.86(-0.45 %),2100,18702000,47400,425276000,146333676,0.22
19/06/2023,-10500,-94265000,8.39(-5.73 %),2100,18004000,12600,112269000,146339076,0.22
20/06/2023,-2800,-23910000,8.49(1.07 %),1400,11679000,4200,35589000,146341876,0.22
21/06/2023,-700,-6166000,8.52(0.24 %),2200,18773000,2900,24939000,146395460,0.2
22/06/2023,3500,29864000,8.7(2.11 %),10200,87975000,6700,58111000,146391960,0.2
23/06/2023,6500,56304000,8.54(-1.84 %),6500,56304000,0,0,146385460,0.2
26/06/2023,3000,25177000,8.37(-1.53 %),3000,25177000,0,0,146389560,0.2
27/06/2023,-1400,-11910000,8.4(0.00 %),400,3354000,1800,15264000,146390960,0.2
28/06/2023,-600,-5453000,8.47(0.83 %),4500,38036000,5100,43489000,146391560,0.2
29/06/2023,-600,-5047000,8.33(-2.00 %),500,4199000,1100,9246000,146392160,0.2
30/06/2023,1200,9954000,8.36(0.72 %),2500,20960000,1300,11006000,146390960,0.2
03/07/2023,400,3342000,8.42(0.24 %),600,5031000,200,1689000,146388560,0.2
04/07/2023,-7100,-60170000,8.56(1.90 %),2100,17589000,9200,77759000,146395660,0.2
05/07/2023,-100,-1211000,8.46(-1.63 %),3100,26341000,3200,27552000,146395760,0.2
06/07/2023,43800,369551000,8.32(-2.12 %),43800,369551000,0,0,146350770,0.22
07/07/2023,-4400,-36472000,8.28(-0.24 %),3600,29579000,8000,66051000,146350370,0.22
10/07/2023,15300,127969000,8.43(1.57 %),19100,159648000,3800,31679000,146335070,0.22
11/07/2023,0,-447000,8.42(0.24 %),5600,47053000,5600,47500000,146335070,0.22
12/07/2023,4000,33499000,8.3(-1.19 %),4000,33499000,0,0,146331070,0.22
13/07/2023,0,0,8.3(0.00 %),0,0,0,0,146331070,0.22
14/07/2023,22400,189820000,8.62(3.86 %),27700,235210000,5300,45390000,146311370,0.23
17/07/2023,23500,204466000,8.66(0.70 %),30500,265536000,7000,61070000,146287870,0.24
18/07/2023,10200,86574000,8.5(-2.30 %),11600,98634000,1400,12060000,146277670,0.24
19/07/2023,-10000,-84877000,8.46(-0.47 %),1500,12751000,11500,97628000,146280030,0.24
20/07/2023,-24500,-205798000,8.38(-1.41 %),2400,20173000,26900,225971000,146304530,0.23
21/07/2023,12600,108358000,8.57(2.02 %),18700,160544000,6100,52186000,146291930,0.24
24/07/2023,37800,330072000,8.95(4.07 %),42300,369182000,4500,39110000,146256430,0.25
25/07/2023,-300,-2658000,8.79(-2.33 %),0,0,300,2658000,146262530,0.25
26/07/2023,-17900,-160723000,8.89(1.14 %),0,0,17900,160723000,146280430,0.24
27/07/2023,-21600,-193614000,8.95(0.56 %),0,0,21600,193614000,146302030,0.23
28/07/2023,8900,79416000,8.92(-0.89 %),8900,79416000,0,0,146293130,0.24
31/07/2023,70800,651697000,9.21(3.48 %),70800,651697000,0,0,146222330,0.26
01/08/2023,7000,64384000,8.9(-3.26 %),7000,64384000,0,0,146227130,0.26
02/08/2023,55100,494920000,9.19(3.26 %),57000,512381000,1900,17461000,146172030,0.28
03/08/2023,-42600,-393058000,9.15(-0.54 %),6500,58955000,49100,452013000,146214630,0.26
04/08/2023,71200,653772000,9.19(0.44 %),71200,653772000,0,0,146087330,0.3
07/08/2023,25800,238711000,9.17(-0.22 %),25800,238711000,0,0,146061530,0.31
08/08/2023,116800,1095174000,9.55(4.14 %),117800,1104724000,1000,9550000,145944730,0.35
09/08/2023,-45800,-453677000,9.8(2.62 %),3400,33042000,49200,486719000,145990530,0.34
10/08/2023,-39500,-380759000,9.4(-4.08 %),1900,18192000,41400,398951000,146030030,0.32
11/08/2023,-11500,-107483000,9.2(-2.13 %),800,7440000,12300,114923000,146041530,0.32
14/08/2023,101400,942995000,9.45(2.72 %),101400,942995000,0,0,145977016,0.34
15/08/2023,49200,464901000,9.44(-0.63 %),58800,555261000,9600,90360000,145930516,0.36
16/08/2023,20800,194137000,9.33(-0.74 %),20800,194137000,0,0,145909716,0.36
17/08/2023,-34300,-314052000,9.04(-2.80 %),10500,96846000,44800,410898000,145944016,0.35
18/08/2023,-93900,-812556000,8.41(-6.56 %),100,852000,94000,813408000,145908716,0.36
21/08/2023,-12400,-101941000,7.98(-5.00 %),24000,193120000,36400,295061000,145929466,0.36
22/08/2023,-90600,-735674000,7.7(-3.75 %),56600,433031000,147200,1168705000,145966866,0.34
23/08/2023,-120600,-939157000,7.7(0.00 %),10400,81710000,131000,1020867000,145992868,0.34
24/08/2023,-11200,-87022000,7.87(2.21 %),9000,70508000,20200,157530000,146004068,0.33
25/08/2023,-48600,-382381000,7.87(0.00 %),200,1574000,48800,383955000,146261828,0.25
28/08/2023,-1400,-11041000,7.9(0.38 %),1000,7840000,2400,18881000,146263228,0.25
29/08/2023,-35600,-284444000,7.93(0.38 %),0,0,35600,284444000,146329828,0.22
30/08/2023,-300,-2379000,7.89(-0.50 %),0,0,300,2379000,146330128,0.22
31/08/2023,-1300,-10380000,8(1.39 %),0,0,1300,10380000,146367828,0.21
05/09/2023,-17300,-139195000,8.01(0.12 %),7000,56420000,24300,195615000,146361128,0.21
06/09/2023,1000,8018000,8.06(0.62 %),1000,8018000,0,0,146360128,0.21
07/09/2023,10000,81306000,8.15(1.12 %),10000,81306000,0,0,146375758,0.21
08/09/2023,0,0,8.1(-0.61 %),0,0,0,0,146375758,0.21
11/09/2023,2100,16897000,7.85(-3.09 %),2500,20129000,400,3232000,146373258,0.21
12/09/2023,1800,14154000,7.85(0.00 %),2600,20410000,800,6256000,146370658,0.21
13/09/2023,0,0,7.75(-1.27 %),0,0,0,0,146371058,0.21
14/09/2023,100,740000,7.31(-5.68 %),100,740000,0,0,146371708,0.21
15/09/2023,-12600,-92141000,7.29(-0.27 %),0,0,12600,92141000,146371658,0.21
18/09/2023,0,0,7.1(-2.61 %),0,0,0,0,146371658,0.21
19/09/2023,0,0,6.77(-4.65 %),0,0,0,0,146367858,0.21
20/09/2023,-6800,-48407000,7.06(4.28 %),3400,23707000,10200,72114000,146374658,0.21
21/09/2023,2800,19792000,7.05(-0.14 %),3000,21210000,200,1418000,146371858,0.21
22/09/2023,100,923000,6.83(-3.12 %),5000,33845000,4900,32922000,146379208,0.21
25/09/2023,-1700,-11614000,6.36(-6.88 %),100,636000,1800,12250000,146379308,0.21
26/09/2023,68000,425252000,6.18(-2.83 %),69700,435807000,1700,10555000,146314508,0.23
27/09/2023,50600,306480000,6.12(-0.97 %),53100,322103000,2500,15623000,146263908,0.25
28/09/2023,-10800,-64815000,5.98(-2.29 %),4600,27585000,15400,92400000,146274708,0.24
29/09/2023,18700,113489000,6.11(2.17 %),18700,113489000,0,0,146244108,0.25
02/10/2023,20400,128086000,6.27(2.62 %),20800,130590000,400,2504000,146238708,0.25
03/10/2023,-40700,-243710000,5.84(-6.86 %),11500,70599000,52200,314309000,146227208,0.26
04/10/2023,27800,157179000,5.76(-1.37 %),28500,161162000,700,3983000,146199408,0.27
05/10/2023,-64600,-370750000,5.6(-2.78 %),2400,13905000,67000,384655000,146248908,0.25
06/10/2023,-16900,-94537000,5.59(-0.18 %),200,1122000,17100,95659000,146265808,0.24
09/10/2023,-8500,-47664000,5.6(0.18 %),500,2805000,9000,50469000,146274308,0.24
10/10/2023,-2300,-13277000,5.99(6.96 %),0,0,2300,13277000,146333008,0.22
11/10/2023,-2500,-15985000,6.4(6.84 %),0,0,2500,15985000,146342008,0.22
12/10/2023,0,0,6.84(6.87 %),0,0,0,0,146344308,0.22
13/10/2023,-28300,-199729000,7.2(5.26 %),5100,35905000,33400,235634000,146341708,0.22
16/10/2023,400,2825000,7.15(-0.69 %),900,6435000,500,3610000,146340808,0.22
17/10/2023,6000,40200000,6.7(-6.29 %),6000,40200000,0,0,146368208,0.21
18/10/2023,25900,167044000,6.24(-6.87 %),26000,167714000,100,670000,146342708,0.22
19/10/2023,24200,147833000,5.9(-5.45 %),30400,185405000,6200,37572000,146312308,0.23
20/10/2023,10700,65657000,6.31(6.95 %),14300,87257000,3600,21600000,146298108,0.23
23/10/2023,0,0,6.75(6.97 %),0,0,0,0,146304308,0.23
24/10/2023,-44300,-312664000,7.14(5.78 %),0,0,44300,312664000,146348608,0.22
25/10/2023,-9900,-69946000,7(-1.96 %),3300,23058000,13200,93004000,146307908,0.23
26/10/2023,19000,126426000,6.51(-7.00 %),19300,128475000,300,2049000,146329608,0.22
27/10/2023,29400,196956000,6.81(4.61 %),29400,196956000,0,0,146313408,0.23
30/10/2023,21100,148889000,7.04(3.38 %),25300,178517000,4200,29628000,146288408,0.24
31/10/2023,100200,726941000,7.15(1.56 %),105700,766615000,5500,39674000,146182708,0.27
01/11/2023,9900,71238000,7.15(0.00 %),14900,107188000,5000,35950000,146172008,0.28
02/11/2023,40400,294653000,7.35(2.80 %),48900,356391000,8500,61738000,146131608,0.29
03/11/2023,-28700,-208517000,7.22(-1.77 %),10300,74428000,39000,282945000,146160308,0.28
06/11/2023,16400,118904000,7.16(-0.83 %),34300,248178000,17900,129274000,146143908,0.29
07/11/2023,15200,110302000,7.2(0.56 %),15700,113940000,500,3638000,146128708,0.29
08/11/2023,93200,674790000,7.38(2.50 %),93300,675512000,100,722000,146045398,0.32
09/11/2023,5800,39885000,7.31(-0.95 %),35100,256325000,29300,216440000,146010798,0.33
10/11/2023,9700,70193000,7.2(-1.50 %),10500,75953000,800,5760000,146000398,0.33
13/11/2023,-54800,-394735000,7.2(0.00 %),300,2162000,55100,396897000,146029398,0.32
14/11/2023,-36000,-257078000,7.05(-2.08 %),500,3586000,36500,260664000,146091198,0.3
15/11/2023,8100,58899000,7.05(0.00 %),16000,115294000,7900,56395000,146083098,0.31
16/11/2023,0,0,7.17(1.70 %),0,0,0,0,146083098,0.31
17/11/2023,-4000,-28933000,7.19(0.28 %),6700,49132000,10700,78065000,146105198,0.3
20/11/2023,-25000,-177891000,7.09(-1.39 %),1100,7804000,26100,185695000,146107998,0.3
21/11/2023,4900,35044000,7.11(0.28 %),6500,46461000,1600,11417000,146112198,0.3
22/11/2023,3600,25728000,7.17(0.84 %),3600,25728000,0,0,146134698,0.29
23/11/2023,-600,-4033000,7.05(-1.67 %),8400,60295000,9000,64328000,146135298,0.29
24/11/2023,-50700,-347195000,6.79(-3.69 %),7900,54184000,58600,401379000,146185998,0.27
27/11/2023,-14100,-96385000,6.8(0.15 %),700,4802000,14800,101187000,146200098,0.27
28/11/2023,-14600,-99327000,6.8(0.00 %),1100,7430000,15700,106757000,146214698,0.26
29/11/2023,-18000,-126382000,6.97(2.50 %),0,0,18000,126382000,146232698,0.26
30/11/2023,-25600,-177813000,6.95(-0.29 %),100,693000,25700,178506000,146258298,0.25
01/12/2023,-9000,-61904000,6.9(-0.72 %),800,5506000,9800,67410000,146216198,0.26
04/12/2023,14700,102825000,7(1.45 %),18300,127905000,3600,25080000,146201498,0.27
05/12/2023,2200,15368000,7(0.00 %),2300,16068000,100,700000,146199298,0.27
06/12/2023,12600,89866000,7.24(3.43 %),12600,89866000,0,0,146186698,0.27
07/12/2023,-6300,-46207000,7.38(1.93 %),300,2205000,6600,48412000,146192998,0.27
08/12/2023,600,4253000,7.28(-1.36 %),1400,10094000,800,5841000,146192398,0.27
11/12/2023,-16100,-116662000,7.17(-1.51 %),0,0,16100,116662000,146208498,0.26
12/12/2023,4300,31039000,7.25(1.12 %),4400,31765000,100,726000,146204198,0.27
13/12/2023,0,73000,7.14(-1.52 %),2800,20454000,2800,20381000,146204198,0.27
14/12/2023,-11500,-82299000,7.06(-1.12 %),0,0,11500,82299000,146215698,0.26
15/12/2023,15200,107595000,7.05(-0.14 %),18800,133049000,3600,25454000,146200498,0.27
18/12/2023,-1600,-11698000,7.11(0.85 %),200,1442000,1800,13140000,146202098,0.27
19/12/2023,-7700,-54514000,7.11(0.00 %),2500,17790000,10200,72304000,146209798,0.26
20/12/2023,-8400,-59611000,7.1(-0.14 %),0,0,8400,59611000,146218198,0.26
21/12/2023,2300,16163000,7.11(0.14 %),3300,23273000,1000,7110000,146215898,0.26
22/12/2023,-6500,-46048000,7.08(-0.42 %),5800,41111000,12300,87159000,146222398,0.26
25/12/2023,22200,157505000,7.09(0.14 %),22300,158217000,100,712000,146200198,0.27
26/12/2023,3400,24035000,7.1(0.14 %),3900,27599000,500,3564000,146196798,0.27
27/12/2023,4800,34031000,7.06(-0.56 %),5200,36865000,400,2834000,146191998,0.27
28/12/2023,2000,14120000,7.08(0.28 %),2000,14120000,0,0,146189998,0.27
29/12/2023,200,1414000,7.05(-0.42 %),200,1414000,0,0,146189798,0.27
02/01/2024,5300,37378000,7.17(1.70 %),5900,41680000,600,4302000,146236832,0.25
03/01/2024,-1600,-11620000,7.67(6.97 %),1000,7170000,2600,18790000,146244330,0.25
04/01/2024,-2500,-21137000,7.95(3.65 %),6200,49672000,8700,70809000,146246830,0.25
05/01/2024,-9600,-76532000,7.82(-1.64 %),6000,48000000,15600,124532000,146256430,0.25
08/01/2024,-16100,-127355000,7.85(0.38 %),500,3973000,16600,131328000,146272530,0.24
09/01/2024,-2800,-22547000,8.09(3.06 %),200,1568000,3000,24115000,146250432,0.25
10/01/2024,800,6364000,8(-1.11 %),800,6364000,0,0,146266240,0.24
11/01/2024,22400,180079000,8.25(3.12 %),22400,180079000,0,0,146246832,0.25
12/01/2024,4700,38016000,8.15(-1.21 %),6200,50211000,1500,12195000,146241530,0.25
15/01/2024,-29700,-243272000,8.08(-0.86 %),0,0,29700,243272000,146240640,0.25
16/01/2024,2500,20257000,8.09(0.12 %),3500,28347000,1000,8090000,146238640,0.25
17/01/2024,4700,37945000,7.96(-1.61 %),4700,37945000,0,0,146263632,0.25
18/01/2024,-3100,-24446000,7.9(-0.75 %),0,0,3100,24446000,146267130,0.24
19/01/2024,-300,-2663000,7.81(-1.14 %),2200,17287000,2500,19950000,146267430,0.24
22/01/2024,-6900,-53806000,7.8(-0.13 %),2700,21083000,9600,74889000,146274330,0.24
23/01/2024,-2400,-18396000,7.79(-0.13 %),5100,39950000,7500,58346000,146276730,0.24
24/01/2024,8300,66866000,7.86(0.90 %),11800,94504000,3500,27638000,146268430,0.24
25/01/2024,-27200,-213048000,7.76(-1.27 %),1000,7820000,28200,220868000,146295630,0.23
26/01/2024,400,2854000,7.67(-1.16 %),6700,51637000,6300,48783000,146295230,0.23
29/01/2024,-300,-2734000,7.53(-1.83 %),4400,33704000,4700,36438000,146285136,0.24
30/01/2024,15900,118610000,7.5(-0.40 %),22600,168871000,6700,50261000,146268832,0.24
31/01/2024,-7800,-57832000,7.42(-1.07 %),5300,39948000,13100,97780000,146268240,0.24
01/02/2024,-31200,-230989000,7.33(-1.21 %),300,2201000,31500,233190000,146268238,0.24
02/02/2024,-4500,-33782000,7.2(-1.77 %),4000,28874000,8500,62656000,146274640,0.24
05/02/2024,33300,240975000,7.28(1.11 %),41100,297564000,7800,56589000,146239138,0.25
06/02/2024,-200,-1574000,7.28(0.00 %),700,5053000,900,6627000,146281936,0.24
07/02/2024,-1600,-11728000,7.34(0.82 %),2200,15996000,3800,27724000,146287536,0.24
15/02/2024,1700,12652000,7.31(-0.41 %),3900,28728000,2200,16076000,146284544,0.24
16/02/2024,-2700,-19701000,7.37(0.82 %),2500,18428000,5200,38129000,146285840,0.24
19/02/2024,9100,66637000,7.41(0.54 %),9300,68115000,200,1478000,146278736,0.24
20/02/2024,46300,348098000,7.6(2.56 %),47000,353425000,700,5327000,146236944,0.25
21/02/2024,-8000,-60188000,7.52(-1.05 %),0,0,8000,60188000,146237136,0.25
22/02/2024,-3200,-23779000,7.51(-0.13 %),2800,21024000,6000,44803000,146237136,0.25
23/02/2024,-58800,-433906000,7.21(-3.99 %),500,3690000,59300,437596000,146256538,0.25
26/02/2024,-7700,-56020000,7.26(0.69 %),500,3625000,8200,59645000,146248032,0.25
27/02/2024,-16600,-120611000,7.26(0.00 %),0,0,16600,120611000,146280838,0.24
28/02/2024,-100,-731000,7.29(0.41 %),0,0,100,731000,146280938,0.24
29/02/2024,-14000,-101127000,7.21(-1.10 %),0,0,14000,101127000,146332144,0.22
01/03/2024,-3000,-21690000,7.26(0.69 %),0,0,3000,21690000,146332138,0.22
04/03/2024,28100,204607000,7.25(-0.14 %),28300,206061000,200,1454000,146304038,0.23
05/03/2024,-700,-5121000,7.42(2.34 %),0,0,700,5121000,146320944,0.23
06/03/2024,-4500,-32870000,7.25(-2.29 %),1500,10980000,6000,43850000,146309238,0.23
07/03/2024,-9200,-67218000,7.25(0.00 %),300,2175000,9500,69393000,146318438,0.23
08/03/2024,-12600,-90415000,7.13(-1.66 %),1000,7250000,13600,97665000,146331038,0.22
11/03/2024,-6400,-45580000,7(-1.82 %),0,0,6400,45580000,146337438,0.22
12/03/2024,-2700,-19667000,6.81(-2.71 %),6600,45144000,9300,64811000,146341632,0.22
13/03/2024,48100,323470000,6.95(2.06 %),49700,334519000,1600,11049000,146298338,0.23
14/03/2024,1500,10385000,6.89(-0.86 %),1500,10385000,0,0,146296838,0.23
15/03/2024,-2400,-16554000,6.81(-1.16 %),200,1360000,2600,17914000,146299238,0.23
18/03/2024,-60700,-411255000,6.51(-4.41 %),800,5456000,61500,416711000,146306736,0.23
19/03/2024,4700,30592000,6.6(1.38 %),5700,37252000,1000,6660000,146303632,0.23
20/03/2024,69600,468561000,6.8(3.03 %),70200,472597000,600,4036000,146285638,0.24
21/03/2024,0,0,6.78(-0.29 %),0,0,0,0,146285638,0.24
22/03/2024,3000,18763000,6.67(-1.62 %),8600,56889000,5600,38126000,146282638,0.24
25/03/2024,14300,95018000,6.66(-0.15 %),15000,99750000,700,4732000,146272944,0.24
26/03/2024,40000,266000000,6.66(0.00 %),40000,266000000,0,0,146300938,0.23
27/03/2024,-8600,-57705000,6.72(0.90 %),0,0,8600,57705000,146239232,0.25
28/03/2024,-2400,-16056000,6.68(-0.60 %),0,0,2400,16056000,146239232,0.25
29/03/2024,-200,-1325000,6.6(-1.20 %),0,0,200,1325000,146247840,0.25
01/04/2024,-40600,-267757000,6.55(-0.76 %),0,0,40600,267757000,146250240,0.25
02/04/2024,-13200,-85283000,6.5(-0.76 %),500,3245000,13700,88528000,146261038,0.25
03/04/2024,33300,213549000,6.44(-0.92 %),33700,216159000,400,2610000,146256832,0.25
04/04/2024,-3200,-20647000,6.43(-0.16 %),0,0,3200,20647000,146230938,0.26
05/04/2024,0,0,6.38(-0.78 %),0,0,0,0,146270944,0.24
08/04/2024,0,0,6.4(0.31 %),0,0,0,0,146230938,0.26
09/04/2024,68000,440183000,6.56(2.50 %),76000,491703000,8000,51520000,146162938,0.28
10/04/2024,-7000,-45920000,6.45(-1.68 %),0,0,7000,45920000,146169938,0.28
11/04/2024,8900,56195000,6.4(-0.78 %),9200,58115000,300,1920000,146196944,0.27
12/04/2024,-22700,-145906000,6.41(0.16 %),0,0,22700,145906000,146203936,0.27
15/04/2024,-38900,-247306000,5.97(-6.86 %),100,635000,39000,247941000,146222638,0.26
16/04/2024,-36400,-214381000,5.61(-6.03 %),0,0,36400,214381000,146259038,0.25
17/04/2024,0,0,6(6.95 %),0,0,0,0,146222638,0.26
19/04/2024,-300,-1340000,5.77(-3.83 %),1500,9171000,1800,10511000,146222938,0.26
22/04/2024,11000,64820000,5.96(3.29 %),11000,64820000,0,0,146289744,0.24
23/04/2024,10000,58000000,5.79(-2.85 %),10000,58000000,0,0,146281536,0.24
24/04/2024,53300,315640000,5.95(2.76 %),54800,324403000,1500,8763000,146148638,0.28
25/04/2024,4100,23790000,5.9(-0.84 %),4200,24380000,100,590000,146144538,0.29
26/04/2024,-6700,-39360000,5.88(-0.34 %),0,0,6700,39360000,146224032,0.26
02/05/2024,-14400,-84083000,5.81(-1.19 %),0,0,14400,84083000,146224144,0.26
03/05/2024,200,1165000,5.79(-0.34 %),700,4074000,500,2909000,146230144,0.26
06/05/2024,18500,108783000,6.04(4.32 %),22500,132675000,4000,23892000,146222032,0.26
07/05/2024,5100,30509000,5.99(-0.83 %),5100,30509000,0,0,146217440,0.26
08/05/2024,-500,-2987000,5.9(-1.50 %),500,2970000,1000,5957000,146220944,0.26
09/05/2024,-12700,-75437000,5.93(0.51 %),0,0,12700,75437000,146220944,0.26
10/05/2024,-23700,-139524000,5.87(-1.01 %),0,0,23700,139524000,146221936,0.26
13/05/2024,-3800,-22574000,6(2.21 %),800,4758000,4600,27332000,146233840,0.26
14/05/2024,200,1200000,6.03(0.50 %),200,1200000,0,0,146240738,0.25
15/05/2024,-5300,-31903000,6(-0.50 %),0,0,5300,31903000,146246038,0.25
16/05/2024,-2900,-17439000,5.96(-0.67 %),0,0,2900,17439000,146248938,0.25
17/05/2024,4200,25303000,6.05(1.51 %),5300,31913000,1100,6610000,146261936,0.25
20/05/2024,10000,61193000,6.25(3.31 %),20100,124297000,10100,63104000,146244736,0.25
21/05/2024,4600,28293000,6.16(-1.44 %),5900,36457000,1300,8164000,146239936,0.25
22/05/2024,3400,20944000,6.19(0.49 %),3400,20944000,0,0,146246640,0.25
23/05/2024,-3000,-18455000,6.22(0.48 %),0,0,3000,18455000,146247936,0.25
24/05/2024,-6300,-42515000,6.48(4.18 %),6500,40852000,12800,83367000,146233138,0.26
27/05/2024,-18600,-122512000,6.52(0.62 %),5300,35581000,23900,158093000,146239136,0.25
28/05/2024,-2900,-19380000,6.53(0.15 %),300,1969000,3200,21349000,146251632,0.25
29/05/2024,-6200,-40526000,6.3(-3.52 %),200,1306000,6400,41832000,146275344,0.24
30/05/2024,13200,83609000,6.45(2.38 %),15300,96944000,2100,13335000,146263232,0.25
31/05/2024,5100,32900000,6.5(0.78 %),8300,53828000,3200,20928000,146261344,0.25
03/06/2024,400,2576000,6.47(-0.46 %),400,2576000,0,0,146261338,0.25
04/06/2024,-12700,-81678000,6.38(-1.39 %),0,0,12700,81678000,146274038,0.24
05/06/2024,-8500,-54264000,6.38(0.00 %),200,1276000,8700,55540000,146282538,0.24
06/06/2024,-2600,-16557000,6.35(-0.47 %),0,0,2600,16557000,146278738,0.24
07/06/2024,-600,-3800000,6.3(-0.79 %),400,2520000,1000,6320000,146287038,0.24
10/06/2024,40400,261271000,6.74(6.98 %),40400,261271000,0,0,146246638,0.25
11/06/2024,4000,27020000,6.9(2.37 %),6000,40980000,2000,13960000,146278738,0.24
12/06/2024,-400,-2738000,6.7(-2.90 %),0,0,400,2738000,146244238,0.25
13/06/2024,0,0,6.59(-1.64 %),0,0,0,0,146245238,0.25
14/06/2024,-13900,-91129000,6.4(-2.88 %),200,1318000,14100,92447000,146245438,0.25
17/06/2024,-11500,-73316000,6.35(-0.78 %),0,0,11500,73316000,146252638,0.25
18/06/2024,-500,-3177000,6.31(-0.63 %),0,0,500,3177000,146266738,0.24
19/06/2024,22500,141976000,6.29(-0.32 %),22600,142607000,100,631000,146255638,0.25
20/06/2024,-9800,-62055000,6.25(-0.64 %),0,0,9800,62055000,146256138,0.25
21/06/2024,-200,-1246000,6.2(-0.80 %),0,0,200,1246000,146256238,0.25
24/06/2024,-5800,-36456000,6.04(-2.58 %),1000,6080000,6800,42536000,146265038,0.24
25/06/2024,30500,184215000,6.1(0.99 %),30500,184215000,0,0,146234738,0.26
26/06/2024,0,0,6.04(-0.98 %),0,0,0,0,146241538,0.25
27/06/2024,-4300,-26401000,6.17(2.15 %),0,0,4300,26401000,146241538,0.25
28/06/2024,-3500,-21113000,6.01(-2.59 %),5000,30800000,8500,51913000,146236538,0.25
04/07/2024,9300,55800000,6(-0.50 %),9300,55800000,0,0,146265238,0.0
05/07/2024,-300,-1794000,5.98(-0.33 %),0,0,300,1794000,146265538,0.0
08/07/2024,500,3005000,5.98(0.00 %),500,3005000,0,0,146265038,0.0
09/07/2024,-11600,-69311000,6.01(0.50 %),0,0,11600,69311000,146276638,0.0
10/07/2024,0,0,5.94(-1.16 %),0,0,0,0,146276638,0.0
11/07/2024,-1100,-6600000,5.95(0.17 %),0,0,1100,6600000,146277738,0.0
12/07/2024,0,0,5.93(-0.34 %),0,0,0,0,146277738,0.0
15/07/2024,1000,5930000,5.93(0.00 %),1000,5930000,0,0,146276738,0.0
16/07/2024,0,0,5.91(-0.34 %),0,0,0,0,146276738,0.0
17/07/2024,0,0,5.89(-0.34 %),0,0,0,0,146276738,0.0
18/07/2024,200,1142000,5.82(-1.19 %),200,1142000,0,0,146276538,0.0
19/07/2024,1200,6984000,5.73(-1.55 %),1200,6984000,0,0,146275338,0.0
22/07/2024,0,0,5.65(-1.40 %),0,0,0,0,146275338,0.0
23/07/2024,-200,-1118000,5.31(-6.02 %),0,0,200,1118000,146275538,0.0
24/07/2024,1600,8377000,5.32(0.19 %),2800,14869000,1200,6492000,146273938,0.0
25/07/2024,2300,12416000,5.36(0.75 %),2300,12416000,0,0,146271638,0.0
26/07/2024,19800,106125000,5.37(0.19 %),19800,106125000,0,0,146251838,0.0
29/07/2024,2400,12563000,5.3(-1.30 %),4600,24454000,2200,11891000,146249438,0.0
30/07/2024,2400,12563000,5.3(0.00 %),4600,24454000,2200,11891000,146247038,0.0
31/07/2024,6800,35300000,5.3(0.00 %),8100,42141000,1300,6841000,146240238,0.0
01/08/2024,-4800,-24974000,5.17(-2.45 %),0,0,4800,24974000,146250944,0.0
02/08/2024,5000,25800000,5.17(0.00 %),15700,80905000,10700,55105000,146245944,0.0
05/08/2024,-11000,-55278000,5.02(-2.90 %),1000,5038000,12000,60316000,146256944,0.0
06/08/2024,-10300,-51267000,5.02(0.00 %),2200,10966000,12500,62233000,146267244,0.0
07/08/2024,-4800,-24217000,4.98(-0.80 %),900,4433000,5700,28650000,146272044,0.0
08/08/2024,-5100,-25343000,4.98(0.00 %),700,3472000,5800,28815000,146277144,0.0
09/08/2024,2400,12102000,4.89(-1.81 %),6900,34186000,4500,22084000,146274744,0.0
12/08/2024,-700,-3440000,4.89(0.00 %),300,1449000,1000,4889000,146275444,0.0
13/08/2024,-100,-490000,4.87(-0.41 %),0,0,100,490000,146275544,0.0
14/08/2024,-200,-979000,4.84(-0.62 %),300,1451000,500,2430000,146275744,0.0
15/08/2024,-2700,-13074000,4.84(0.00 %),0,0,2700,13074000,146278444,0.0
16/08/2024,19400,92817000,5.09(5.17 %),25600,124567000,6200,31750000,146259044,0.0
19/08/2024,-3200,-16376000,4.9(-3.73 %),1100,5499000,4300,21875000,146262244,0.0
20/08/2024,5800,28845000,4.96(1.22 %),8300,41354000,2500,12509000,146256444,0.0
21/08/2024,900,4355000,4.93(-0.60 %),4500,22264000,3600,17909000,146255544,0.0
22/08/2024,5500,26901000,4.91(-0.41 %),5800,28386000,300,1485000,146250044,0.0
23/08/2024,600,2432000,4.88(-0.61 %),8300,40509000,7700,38077000,146249444,0.0
26/08/2024,2300,11089000,4.87(-0.20 %),3100,14997000,800,3908000,146247144,0.0
27/08/2024,-14800,-71804000,4.88(0.21 %),800,3849000,15600,75653000,146261944,0.0
28/08/2024,100,464000,4.85(-0.61 %),700,3377000,600,2913000,146261844,0.0
29/08/2024,-100,-496000,4.77(-1.65 %),300,1438000,400,1934000,146261944,0.0
30/08/2024,-6400,-30923000,4.78(0.21 %),0,0,6400,30923000,146268344,0.0
04/09/2024,200,708000,4.73(-1.05 %),3400,15904000,3200,15196000,146270344,0.0
05/09/2024,-3200,-15165000,4.66(-1.48 %),400,1866000,3600,17031000,146273544,0.0
06/09/2024,-500,-2349000,4.65(-0.21 %),500,2301000,1000,4650000,146274044,0.0
09/09/2024,-11700,-54756000,4.6(-1.08 %),0,0,11700,54756000,146285744,0.0
10/09/2024,300,1376000,4.58(-0.43 %),300,1376000,0,0,146285444,0.0
11/09/2024,2300,10653000,4.65(1.53 %),2300,10653000,0,0,146283144,0.0
12/09/2024,-200,-988000,4.63(-0.43 %),1000,4632000,1200,5620000,146283344,0.0
13/09/2024,4500,20628000,4.58(-1.08 %),4500,20628000,0,0,146278844,0.0
16/09/2024,200,645000,4.51(-1.53 %),2600,11811000,2400,11166000,146278644,0.0
17/09/2024,-600,-2779000,4.4(-2.44 %),1100,4857000,1700,7636000,146279244,0.0
18/09/2024,-800,-3550000,4.43(0.68 %),200,882000,1000,4432000,146280044,0.0
19/09/2024,-1500,-6690000,4.42(-0.23 %),0,0,1500,6690000,146281544,0.0
20/09/2024,-1800,-8127000,4.41(-0.23 %),700,3106000,2500,11233000,146283344,0.0
23/09/2024,700,2881000,4.39(-0.45 %),2200,9465000,1500,6584000,146282644,0.0
24/09/2024,0,0,4.32(-1.59 %),0,0,0,0,146282644,0.0
25/09/2024,0,0,4.33(0.23 %),0,0,0,0,146282644,0.0
26/09/2024,0,0,4.31(-0.46 %),0,0,0,0,146282644,0.0
27/09/2024,2200,9397000,4.28(-0.70 %),2200,9397000,0,0,146280444,0.0
30/09/2024,-1200,-5126000,4.2(-1.87 %),700,2952000,1900,8078000,146281644,0.0
01/10/2024,5100,22382000,4.34(3.33 %),8200,35659000,3100,13277000,146286344,0.0
02/10/2024,10400,44092000,4.22(-2.76 %),10400,44092000,0,0,146275944,0.0
03/10/2024,2000,8391000,4.18(-0.95 %),2000,8391000,0,0,146273944,0.0
04/10/2024,-7400,-30654000,4.08(-2.39 %),0,0,7400,30654000,146281344,0.0
07/10/2024,-9700,-39243000,4(-1.96 %),1900,7579000,11600,46822000,146291044,0.0
08/10/2024,900,3534000,3.94(-1.50 %),1800,7071000,900,3537000,146290144,0.0
09/10/2024,0,0,3.92(-0.51 %),0,0,0,0,146290144,0.0
10/10/2024,7500,29375000,3.91(-0.26 %),7500,29375000,0,0,146282644,0.0
11/10/2024,900,3492000,3.87(-1.02 %),900,3492000,0,0,146281744,0.0
14/10/2024,0,0,3.77(-2.58 %),0,0,0,0,146281744,0.0
15/10/2024,-6700,-25265000,3.76(-0.27 %),0,0,6700,25265000,146288444,0.0
16/10/2024,-6800,-25572000,3.79(0.80 %),0,0,6800,25572000,146295244,0.0
17/10/2024,300,1060000,3.75(-1.06 %),1100,4100000,800,3040000,146294944,0.0
18/10/2024,-3500,-13183000,3.74(-0.27 %),700,2635000,4200,15818000,146298444,0.0
21/10/2024,-700,-2643000,3.73(-0.27 %),700,2625000,1400,5268000,146299144,0.0
22/10/2024,1000,3638000,3.63(-2.68 %),1000,3638000,0,0,146298144,0.0
23/10/2024,1400,4959000,3.56(-1.93 %),1500,5321000,100,362000,146296744,0.0
24/10/2024,7600,27936000,3.8(6.74 %),9500,34975000,1900,7039000,146289144,0.0
25/10/2024,0,0,4.06(6.84 %),0,0,0,0,146289144,0.0
28/10/2024,-1100,-4774000,4.34(6.90 %),0,0,1100,4774000,146290244,0.0
29/10/2024,18400,80012000,4.45(2.53 %),27900,123577000,9500,43565000,146271844,0.0
30/10/2024,700,2946000,4.3(-3.37 %),1600,6816000,900,3870000,146271144,0.0
31/10/2024,6600,29842000,4.44(3.26 %),8200,36703000,1600,6861000,146264544,0.0
01/11/2024,5400,23747000,4.44(0.00 %),5400,23747000,0,0,146258844,0.0
04/11/2024,-300,-1305000,4.32(-2.70 %),0,0,300,1305000,146259144,0.0
05/11/2024,500,2152000,4.35(0.69 %),900,3888000,400,1736000,146258644,0.0
06/11/2024,-18000,-76381000,4.2(-3.45 %),0,0,18000,76381000,146276644,0.0
07/11/2024,-15600,-66792000,4.15(-1.19 %),3200,13440000,18800,80232000,146292244,0.0
08/11/2024,10300,41581000,4.09(-1.45 %),11200,45289000,900,3708000,146281944,0.0
11/11/2024,-7000,-28137000,4(-2.20 %),300,1209000,7300,29346000,146288944,0.0
12/11/2024,3800,14809000,3.96(-1.00 %),3900,15210000,100,401000,146277984,0.24
13/11/2024,9200,35880000,3.91(-1.26 %),9200,35880000,0,0,146275944,0.0
14/11/2024,-1700,-6791000,3.91(0.00 %),100,391000,1800,7182000,146277644,0.0
15/11/2024,3300,12575000,3.86(-1.28 %),3300,12575000,0,0,146274344,0.0
18/11/2024,2500,9550000,3.88(0.52 %),2500,9550000,0,0,146271844,0.0
19/11/2024,-700,-2723000,3.82(-1.55 %),0,0,700,2723000,146272544,0.0
20/11/2024,500,1913000,3.95(3.40 %),900,3470000,400,1557000,146272044,0.0
21/11/2024,0,0,3.9(-1.27 %),0,0,0,0,146272044,0.0
22/11/2024,-2900,-11409000,3.88(-0.51 %),0,0,2900,11409000,146274944,0.0
25/11/2024,5400,21009000,3.93(1.29 %),5500,21397000,100,388000,146263684,0.25
26/11/2024,-1700,-6885000,4.05(3.05 %),0,0,1700,6885000,146266584,0.24
27/11/2024,-300,-1215000,4.04(-0.25 %),200,810000,500,2025000,146266484,0.24
28/11/2024,-100,-400000,3.96(-1.98 %),0,0,100,400000,146268184,0.24
29/11/2024,0,0,3.93(-0.76 %),0,0,0,0,146268684,0.24
02/12/2024,-7900,-31122000,3.94(0.25 %),0,0,7900,31122000,146268784,0.24
03/12/2024,-100,-390000,3.93(-0.25 %),0,0,100,390000,146268784,0.24
04/12/2024,-900,-3548000,3.83(-2.54 %),500,1940000,1400,5488000,146276184,0.24
05/12/2024,0,0,3.9(1.83 %),0,0,0,0,146276284,0.24
09/12/2024,0,0,3.93(0.77 %),0,0,0,0,146277684,0.24
10/12/2024,-200,-822000,4.11(4.58 %),0,0,200,822000,146277984,0.24
16/12/2024,-100,-406000,4.1(1.23 %),0,0,100,406000,146296684,0.23
17/12/2024,6500,26966000,4.06(-0.98 %),8600,35506000,2100,8540000,146289084,0.24
18/12/2024,0,0,4.08(0.49 %),0,0,0,0,146289184,0.24
19/12/2024,-13700,-54093000,4.02(-1.47 %),13100,51440000,26800,105533000,146278184,0.24
20/12/2024,32300,131899000,4.3(6.97 %),32400,132301000,100,402000,146245784,0.25
24/12/2024,0,0,4.25(-5.56 %),0,0,0,0,146272684,0.24
25/12/2024,-3600,-15480000,4.27(0.47 %),0,0,3600,15480000,146273684,0.24
26/12/2024,6200,26443000,4.27(0.00 %),7700,32878000,1500,6435000,146271484,0.24
27/12/2024,3200,13671000,4.54(6.32 %),6200,26901000,3000,13230000,146268884,0.24
30/12/2024,100,437000,4.39(-3.30 %),100,437000,0,0,146270284,0.24
31/12/2024,2200,9488000,4.25(-3.19 %),2500,10799000,300,1311000,146270784,0.24
02/01/2025,500,2077000,4.16(-2.12 %),4100,17117000,3600,15040000,146266684,0.24
03/01/2025,-4800,-19815000,4.02(-3.37 %),4500,18541000,9300,38356000,146262484,0.25
06/01/2025,1600,6457000,4.02(0.00 %),1600,6457000,0,0,146264484,0.25
07/01/2025,2100,8417000,3.94(-1.99 %),2100,8417000,0,0,146264484,0.25
08/01/2025,8300,33218000,4.01(1.78 %),8800,35222000,500,2004000,146262884,0.25
09/01/2025,-1000,-3990000,3.99(-0.50 %),0,0,1000,3990000,146262884,0.25
10/01/2025,100,253000,3.9(-2.26 %),1900,7525000,1800,7272000,146261484,0.25
13/01/2025,-2100,-8170000,3.91(0.26 %),0,0,2100,8170000,146262484,0.25
14/01/2025,-2400,-9174000,3.86(-1.28 %),6600,25416000,9000,34590000,146257684,0.25
15/01/2025,-6200,-24800000,3.91(1.30 %),0,0,6200,24800000,146259784,0.25
16/01/2025,800,3132000,3.94(0.77 %),800,3132000,0,0,146258984,0.0
17/01/2025,-1400,-5529000,3.92(-0.51 %),100,392000,1500,5921000,146274084,0.24
20/01/2025,1400,5482000,3.93(0.26 %),1500,5879000,100,397000,146272584,0.24
21/01/2025,18100,70910000,3.93(0.00 %),18100,70910000,0,0,146255984,0.25
22/01/2025,-100,-397000,3.86(-1.78 %),0,0,100,397000,146256084,0.25
23/01/2025,-500,-1970000,3.89(0.78 %),0,0,500,1970000,146256084,0.25
24/01/2025,-700,-2744000,3.86(-0.77 %),0,0,700,2744000,146256184,0.25
03/02/2025,-500,-1970000,0(0.00 %),300,1142000,800,3112000,146256384,0.25
04/02/2025,-6100,-24870000,4.1(6.77 %),0,0,6100,24870000,146257084,0.25
05/02/2025,-800,-3504000,4.38(6.83 %),0,0,800,3504000,146257884,0.25
06/02/2025,180000,828890000,4.5(2.74 %),200800,925126000,20800,96236000,146063184,0.31
07/02/2025,45800,206081000,4.48(-0.44 %),47700,214677000,1900,8596000,146016284,0.33
10/02/2025,-10100,-46916000,4.68(4.46 %),1400,6272000,11500,53188000,146035684,0.32
11/02/2025,21600,102690000,4.62(-1.28 %),23000,109371000,1400,6681000,146014584,0.33
12/02/2025,-400,-1865000,4.52(-2.16 %),0,0,400,1865000,146026084,0.32
13/02/2025,-100,-450000,4.51(-0.22 %),0,0,100,450000,146027484,0.32
14/02/2025,6300,28950000,4.5(-0.22 %),7000,32154000,700,3204000,146020884,0.33
17/02/2025,48800,227293000,4.55(1.11 %),54000,251508000,5200,24215000,145966984,0.34
18/02/2025,-8000,-36840000,4.57(0.44 %),0,0,8000,36840000,145967684,0.34
19/02/2025,7400,34289000,4.79(4.81 %),9300,43239000,1900,8950000,145963584,0.35
20/02/2025,0,0,4.75(-0.84 %),0,0,0,0,145971584,0.34
21/02/2025,1500,7125000,4.73(-0.42 %),1500,7125000,0,0,145971984,0.34
24/02/2025,-2500,-12015000,4.68(-1.06 %),0,0,2500,12015000,145971984,0.34
25/02/2025,7900,38338000,5(6.84 %),14700,71496000,6800,33158000,145957284,0.35
26/02/2025,0,0,5.35(7.00 %),0,0,0,0,145959784,0.35
27/02/2025,159700,899756000,5.55(3.74 %),160700,905476000,1000,5720000,145805884,0.4
28/02/2025,0,-2117000,5.5(-0.90 %),14700,80115000,14700,82232000,145791184,0.4
03/03/2025,5400,29700000,5.38(-2.18 %),5400,29700000,0,0,145786784,0.4
04/03/2025,12000,63644000,5.34(-0.74 %),12000,63644000,0,0,145789484,0.4
05/03/2025,3200,17155000,5.22(-2.25 %),3900,20865000,700,3710000,145785584,0.4
06/03/2025,-8300,-44578000,5.38(3.07 %),3400,18018000,11700,62596000,145782184,0.41
07/03/2025,-19700,-107350000,5.32(-1.12 %),0,0,19700,107350000,145782884,0.41
10/03/2025,0,0,5.31(-0.19 %),0,0,0,0,145794584,0.4
11/03/2025,36800,194115000,5.25(-1.13 %),36800,194115000,0,0,145794584,0.4
12/03/2025,0,0,5.33(1.52 %),0,0,0,0,145777484,0.41
13/03/2025,-600,-3270000,5.27(-1.13 %),0,0,600,3270000,145777484,0.41
14/03/2025,600,3156000,5.2(-1.33 %),600,3156000,0,0,145776884,0.41
17/03/2025,300,1560000,5.2(0.00 %),300,1560000,0,0,145777184,0.41
18/03/2025,12500,64993000,5.15(-0.96 %),12500,64993000,0,0,145764684,0.41
19/03/2025,1000,5100000,5.06(-1.75 %),1000,5100000,0,0,145763684,0.41
20/03/2025,-500,-2565000,5.08(0.40 %),500,2525000,1000,5090000,145763184,0.41
21/03/2025,-400,-2049000,5.08(0.00 %),900,4578000,1300,6627000,145762284,0.41
24/03/2025,1300,6579000,5.06(-0.39 %),1300,6579000,0,0,145761984,0.41
25/03/2025,-600,-3113000,5.19(2.57 %),0,0,600,3113000,145763284,0.41
26/03/2025,-103700,-533535000,5.16(-0.58 %),3500,17938000,107200,551473000,145759784,0.41
27/03/2025,-385800,-1929341000,4.95(-4.07 %),500,2475000,386300,1931816000,145759884,0.41
28/03/2025,-10000,-49803000,4.99(0.81 %),0,0,10000,49803000,145867084,0.38
31/03/2025,-700,-3794000,4.84(-3.01 %),4500,21926000,5200,25720000,146248884,0.25
01/04/2025,-5800,-28701000,4.85(0.21 %),2100,10186000,7900,38887000,146256784,0.25
02/04/2025,9300,45465000,5.03(3.71 %),15300,75695000,6000,30230000,146246684,0.25
03/04/2025,-10800,-50532000,4.68(-6.96 %),1500,7085000,12300,57617000,146253084,0.25
04/04/2025,0,0,4.48(-4.27 %),0,0,0,0,146259084,0.25
08/04/2025,-2200,-9475000,4.17(-6.92 %),500,2085000,2700,11560000,146270884,0.24
09/04/2025,-3400,-16315000,3.88(-6.95 %),13000,50655000,16400,66970000,146257884,0.25
10/04/2025,-500,-2075000,4.15(6.96 %),0,0,500,2075000,146260584,0.25
11/04/2025,-1100,-4802000,4.26(2.65 %),400,1688000,1500,6490000,146276584,0.24
14/04/2025,-3000,-13868000,4.17(-2.11 %),10000,42416000,13000,56284000,146267084,0.24
15/04/2025,1000,4175000,4.16(-0.24 %),1000,4175000,0,0,146267584,0.24
16/04/2025,4400,17994000,3.95(-5.05 %),6400,26194000,2000,8200000,146274184,0.24
17/04/2025,900,3554000,3.93(-0.51 %),900,3554000,0,0,146273284,0.24
18/04/2025,23600,94799000,3.99(1.53 %),26600,106899000,3000,12100000,146248684,0.25
21/04/2025,-7800,-31167000,3.96(-0.75 %),500,2015000,8300,33182000,146248184,0.25
22/04/2025,4600,17725000,3.78(-4.55 %),4600,17725000,0,0,146246584,0.25
23/04/2025,100,-404000,3.88(2.65 %),6800,26033000,6700,26437000,146248084,0.25
24/04/2025,-7300,-29267000,3.99(2.84 %),0,0,7300,29267000,146248084,0.25
25/04/2025,600,2380000,3.99(0.00 %),1700,6766000,1100,4386000,146253084,0.25
28/04/2025,11800,46810000,3.98(-0.25 %),14100,55987000,2300,9177000,146246284,0.25
29/04/2025,3600,14111000,3.96(-0.50 %),5700,22463000,2100,8352000,146241684,0.25
05/05/2025,1700,3111000,3.95(-0.25 %),1700,6712000,0,3601000,146243184,0.25
06/05/2025,-1500,-6095000,3.96(0.25 %),3300,13027000,4800,19122000,146245284,0.25
07/05/2025,-27000,-111391000,4.08(3.03 %),0,0,27000,111391000,146245284,0.25
08/05/2025,12000,49120000,4.09(0.25 %),14800,60522000,2800,11402000,146234784,0.26
09/05/2025,-500,-2070000,4.12(0.73 %),0,0,500,2070000,146261784,0.25
12/05/2025,-2000,-8240000,4.11(-0.24 %),0,0,2000,8240000,146261784,0.25
13/05/2025,-400,-1759000,4.02(-2.19 %),3500,14270000,3900,16029000,146262284,0.25
14/05/2025,1800,7081000,4.07(1.24 %),3800,15241000,2000,8160000,146262484,0.25
15/05/2025,0,-6265000,4.24(4.18 %),0,0,0,6265000,146262884,0.25
16/05/2025,0,-126713000,4.13(-2.59 %),0,0,0,126713000,146262884,0.25
19/05/2025,400,-2532000,4.15(0.48 %),400,1658000,0,4190000,146264384,0.25
20/05/2025,19800,80974000,4.14(-0.24 %),19800,80974000,0,0,146274484,0.24
21/05/2025,1900,-1259000,4.15(0.24 %),1900,7904000,0,9163000,146275084,0.24
22/05/2025,0,-16967000,4.14(-0.24 %),0,0,0,16967000,146275084,0.24
23/05/2025,1200,4886000,4.09(-1.21 %),2000,8198000,800,3312000,146274184,0.24
26/05/2025,5500,-2174000,4.11(0.49 %),5500,22216000,0,24390000,146278284,0.24
27/05/2025,16200,67410000,4.16(1.22 %),16900,70338000,700,2928000,146262084,0.25
28/05/2025,0,-47923000,4.17(0.24 %),0,0,0,47923000,146262584,0.25
29/05/2025,10100,8807000,4.21(0.96 %),10100,42910000,0,34103000,146260584,0.25
30/05/2025,0,-54807000,4.12(-2.14 %),0,0,0,54807000,146271984,0.24
02/06/2025,6600,6171000,4.23(2.67 %),6600,27984000,0,21813000,146270484,0.24
03/06/2025,0,-42650000,4.2(-0.71 %),0,0,0,42650000,146283684,0.24
04/06/2025,200,840000,4.17(-0.71 %),200,840000,0,0,146283484,0.24
05/06/2025,24400,72882000,4.18(0.24 %),24400,101592000,0,28710000,146275784,0.24
06/06/2025,0,0,4.13(-1.20 %),0,0,0,0,146275784,0.24
09/06/2025,0,0,4.03(-2.42 %),0,0,0,0,146275784,0.24
10/06/2025,0,-62469000,4.02(-0.25 %),0,0,0,62469000,146275784,0.24
11/06/2025,-9000,-36197000,4.05(0.75 %),0,0,9000,36197000,146275784,0.24
12/06/2025,8800,35640000,4.05(0.00 %),8800,35640000,0,0,146282384,0.24
13/06/2025,0,0,4.01(-0.99 %),0,0,0,0,146291384,0.24
16/06/2025,13800,55308000,4.05(1.00 %),13800,55308000,0,0,146277584,0.24
17/06/2025,-2000,-8165000,4.1(1.23 %),0,0,2000,8165000,146277584,0.24
18/06/2025,-2000,-8297000,4.08(-0.49 %),0,0,2000,8297000,146277584,0.24
19/06/2025,-7000,-28508000,4.06(-0.49 %),0,0,7000,28508000,146279584,0.24
20/06/2025,1700,6852000,4.01(-1.23 %),1700,6852000,0,0,146279884,0.24
23/06/2025,-1100,-4413000,3.99(-0.50 %),0,0,1100,4413000,146286884,0.24
24/06/2025,1600,6390000,4(0.25 %),2100,8403000,500,2013000,146285284,0.24
25/06/2025,0,0,4(0.00 %),0,0,0,0,146286384,0.24
26/06/2025,-100,-398000,4(0.00 %),0,0,100,398000,146286384,0.24
27/06/2025,-2000,-7985000,3.95(-1.25 %),0,0,2000,7985000,146286384,0.24
30/06/2025,-12000,-48108000,3.94(-0.25 %),0,0,12000,48108000,146286484,0.24
01/07/2025,-200,-798000,3.9(-1.02 %),0,0,200,798000,146288484,0.24
02/07/2025,0,0,3.9(0.00 %),0,0,0,0,146300484,0.23
03/07/2025,12100,47774000,3.92(0.51 %),12100,47774000,0,0,146288584,0.24
04/07/2025,22300,87416000,3.93(0.26 %),22300,87416000,0,0,146266284,0.24
07/07/2025,10700,42562000,4.09(4.07 %),10700,42562000,0,0,146255584,0.25
08/07/2025,0,204000,4.22(3.18 %),12100,49973000,12100,49769000,146255584,0.25
09/07/2025,-22100,-93061000,4.19(-0.71 %),200,841000,22300,93902000,146255584,0.25
10/07/2025,22300,94137000,4.48(6.92 %),22300,94137000,0,0,146255584,0.25
11/07/2025,-14200,-66058000,4.49(0.22 %),2000,9160000,16200,75218000,146255384,0.25
14/07/2025,7200,31670000,4.5(0.22 %),7300,32120000,100,450000,146248184,0.25
15/07/2025,-5300,-25225000,4.69(4.22 %),17000,77573000,22300,102798000,146262384,0.25
16/07/2025,7000,32830000,4.71(0.43 %),7000,32830000,0,0,146255384,0.25
17/07/2025,-6400,-30481000,4.57(-2.97 %),900,4147000,7300,34628000,146255384,0.25
18/07/2025,1200,4333000,4.59(0.44 %),18200,83714000,17000,79381000,146259484,0.25
21/07/2025,2200,10224000,4.6(0.22 %),2200,10224000,0,0,146263684,0.25
22/07/2025,3500,16100000,4.6(0.00 %),3500,16100000,0,0,146260184,0.25
23/07/2025,19900,91173000,4.5(-2.17 %),19900,91173000,0,0,146240284,0.25
24/07/2025,14200,64317000,4.46(-0.89 %),28100,126867000,13900,62550000,146226084,0.26
25/07/2025,1500,5951000,4.51(1.12 %),9600,43130000,8100,37179000,146224584,0.26
28/07/2025,62000,284741000,4.65(3.10 %),79200,365293000,17200,80552000,146162584,0.28
29/07/2025,25800,118058000,4.33(-6.88 %),40600,187454000,14800,69396000,146136784,0.29
30/07/2025,-1500,-7295000,4.45(2.77 %),8000,35200000,9500,42495000,146136784,0.29
31/07/2025,-34800,-152762000,4.5(1.12 %),36200,160336000,71000,313098000,146136784,0.29
01/08/2025,-28000,-125961000,4.49(-0.22 %),0,0,28000,125961000,146138284,0.29
04/08/2025,-11800,-54917000,4.46(-0.67 %),4600,20483000,16400,75400000,146173084,0.28
05/08/2025,-30300,-136881000,4.51(1.12 %),3300,14659000,33600,151540000,146201084,0.27
06/08/2025,1800,7974000,4.45(-1.33 %),1800,7974000,0,0,146211084,0.26
07/08/2025,27900,124610000,4.48(0.67 %),27900,124610000,0,0,146213484,0.26
08/08/2025,89200,405221000,4.79(6.92 %),96300,438017000,7100,32796000,146124284,0.29
11/08/2025,74800,367802000,4.92(2.71 %),74900,368305000,100,503000,146049484,0.32
12/08/2025,-14500,-71980000,4.76(-3.25 %),9800,46473000,24300,118453000,146049484,0.32
13/08/2025,43600,199083000,4.8(0.84 %),145800,687687000,102200,488604000,146005884,0.33
14/08/2025,-37000,-179655000,4.77(-0.62 %),12400,58100000,49400,237755000,146020384,0.33
15/08/2025,-600,-3810000,4.6(-3.56 %),8500,39513000,9100,43323000,146020384,0.33
18/08/2025,-45700,-210118000,4.6(0.00 %),33600,155061000,79300,365179000,146057384,0.31
19/08/2025,119900,560267000,4.92(6.96 %),139100,653322000,19200,93055000,145938084,0.35
20/08/2025,87100,441213000,5.26(6.91 %),171200,881684000,84100,440471000,145896684,0.37
21/08/2025,94600,491090000,5.1(-3.04 %),162500,846719000,67900,355629000,145802084,0.4
22/08/2025,90900,443689000,4.83(-5.29 %),148800,735315000,57900,291626000,145802084,0.4
25/08/2025,-29300,-153030000,4.65(-3.73 %),150300,709484000,179600,862514000,145711184,0.43
