Ngay,KLGDRong,GTDGRong,ThayDoi,KLMua,GtMua,KLBan,GtBan,RoomConLai,DangSoHuu
02/01/2007,0,0,36(-2.96 %),0,0,0,0,0,0.0
03/01/2007,0,0,34(-0.87 %),0,0,0,0,0,0.0
04/01/2007,0,0,34.9(-0.29 %),0,0,0,0,0,0.0
05/01/2007,1000,33420000,35.1(-0.57 %),1000,33420000,0,0,0,0.0
08/01/2007,0,0,35.2(-2.76 %),0,0,0,0,0,0.0
09/01/2007,0,0,35.1(4.15 %),0,0,0,0,0,0.0
10/01/2007,-8500,-272700000,33.9(-3.14 %),0,0,8500,272700000,0,0.0
11/01/2007,0,0,31.9(-4.20 %),0,0,0,0,0,0.0
12/01/2007,-40000,-1192620000,29.1(-4.59 %),0,0,40000,1192620000,0,0.0
15/01/2007,-39600,-1180240000,29.8(0.00 %),1100,32670000,40700,1212910000,0,0.0
16/01/2007,2100,61960000,29.6(-4.21 %),2100,61960000,0,0,0,0.0
18/01/2007,0,0,27.3(-2.50 %),0,0,0,0,0,0.0
19/01/2007,0,0,30.4(1.33 %),0,0,0,0,0,0.0
22/01/2007,-74400,-2328720000,31.3(0.00 %),0,0,74400,2328720000,0,0.0
23/01/2007,-170000,-5763000000,33.9(0.00 %),0,0,170000,5763000000,0,0.0
25/01/2007,-15300,-566170000,38.6(-5.39 %),4700,183830000,20000,750000000,0,0.0
26/01/2007,0,0,35.6(-5.07 %),0,0,0,0,0,0.0
29/01/2007,-2100,-67830000,32.3(0.00 %),400,12920000,2500,80750000,0,0.0
30/01/2007,-109800,-3505610000,34.5(2.99 %),200,6400000,110000,3512010000,0,0.0
31/01/2007,-3500,-121120000,34.5(-2.82 %),0,0,3500,121120000,0,0.0
01/02/2007,-42800,-1460580000,33.6(-7.95 %),0,0,42800,1460580000,0,0.0
02/02/2007,400,13600000,34(-5.56 %),400,13600000,0,0,0,0.0
05/02/2007,-2600,-87150000,32.9(-0.30 %),100,3300000,2700,90450000,0,0.0
06/02/2007,-16700,-533950000,31.9(-3.92 %),600,19650000,17300,553600000,0,0.0
07/02/2007,-53100,-1648270000,31(-6.06 %),100,3100000,53200,1651370000,0,0.0
08/02/2007,-50000,-1600000000,31.9(-0.62 %),0,0,50000,1600000000,0,0.0
09/02/2007,-98200,-3167580000,32(-4.48 %),0,0,98200,3167580000,0,0.0
12/02/2007,-22100,-718750000,32.3(-2.12 %),0,0,22100,718750000,0,0.0
13/02/2007,-19900,-659190000,33(0.00 %),400,13200000,20300,672390000,0,0.0
14/02/2007,-66700,-2204180000,33(-0.60 %),0,0,66700,2204180000,0,0.0
15/02/2007,-50000,-1638120000,34(2.72 %),0,0,50000,1638120000,0,0.0
26/02/2007,-69700,-2421830000,36.5(4.29 %),400,14200000,70100,2436030000,0,0.0
27/02/2007,-242300,-9385040000,38.7(-0.77 %),0,0,242300,9385040000,0,0.0
28/02/2007,-106300,-4305150000,40.4(-3.81 %),0,0,106300,4305150000,0,0.0
01/03/2007,0,0,40.3(10.41 %),0,0,0,0,0,0.0
02/03/2007,0,0,40(0.00 %),0,0,0,0,0,0.0
05/03/2007,0,0,41.8(4.50 %),0,0,0,0,0,0.0
06/03/2007,0,0,43(0.00 %),0,0,0,0,0,0.0
07/03/2007,0,0,45.2(0.44 %),0,0,0,0,0,0.0
08/03/2007,0,0,49.6(0.00 %),0,0,0,0,0,0.0
09/03/2007,0,0,54.5(0.00 %),0,0,0,0,0,0.0
12/03/2007,0,0,59.9(0.00 %),0,0,0,0,0,0.0
13/03/2007,0,0,54(-17.93 %),0,0,0,0,0,0.0
14/03/2007,0,0,51.7(0.00 %),0,0,0,0,0,0.0
15/03/2007,0,0,46.6(0.00 %),0,0,0,0,0,0.0
16/03/2007,0,0,51(21.43 %),0,0,0,0,0,0.0
19/03/2007,0,0,50.5(-2.32 %),0,0,0,0,0,0.0
20/03/2007,0,0,50(-7.41 %),0,0,0,0,0,0.0
21/03/2007,0,0,48(-5.88 %),0,0,0,0,0,0.0
22/03/2007,0,0,47(-2.08 %),0,0,0,0,0,0.0
23/03/2007,0,0,46(4.55 %),0,0,0,0,0,0.0
26/03/2007,0,0,41.8(-7.11 %),0,0,0,0,0,0.0
27/03/2007,0,0,38(0.00 %),0,0,0,0,0,0.0
28/03/2007,0,0,42.3(17.50 %),0,0,0,0,0,0.0
29/03/2007,0,0,42.3(0.00 %),0,0,0,0,0,0.0
30/03/2007,0,0,44(-5.38 %),0,0,0,0,0,0.0
02/04/2007,0,0,42(-2.55 %),0,0,0,0,0,0.0
03/04/2007,0,0,42(0.00 %),0,0,0,0,0,0.0
04/04/2007,0,0,43.7(2.82 %),0,0,0,0,0,0.0
05/04/2007,0,0,43(-5.49 %),0,0,0,0,0,0.0
06/04/2007,0,0,42.5(-3.41 %),0,0,0,0,0,0.0
09/04/2007,0,0,42.2(0.48 %),0,0,0,0,0,0.0
10/04/2007,0,0,42.3(0.71 %),0,0,0,0,0,0.0
11/04/2007,0,0,41.9(-0.24 %),0,0,0,0,0,0.0
12/04/2007,0,0,39.2(-5.54 %),0,0,0,0,0,0.0
13/04/2007,0,0,38.8(-2.51 %),0,0,0,0,0,0.0
16/04/2007,0,0,37(-2.63 %),0,0,0,0,0,0.0
17/04/2007,0,0,36(8.11 %),0,0,0,0,0,0.0
18/04/2007,0,0,38.8(4.86 %),0,0,0,0,0,0.0
19/04/2007,0,0,37(-12.53 %),0,0,0,0,0,0.0
20/04/2007,0,0,37.5(-2.60 %),0,0,0,0,0,0.0
23/04/2007,0,0,34.5(-2.82 %),0,0,0,0,0,0.0
24/04/2007,0,0,36(4.96 %),0,0,0,0,0,0.0
25/04/2007,0,0,36.7(-3.42 %),0,0,0,0,0,0.0
02/05/2007,0,0,35.3(-7.11 %),0,0,0,0,0,0.0
03/05/2007,0,0,35.8(-0.56 %),0,0,0,0,0,0.0
04/05/2007,0,0,35.3(0.86 %),0,0,0,0,0,0.0
07/05/2007,0,0,36.5(4.29 %),0,0,0,0,0,0.0
08/05/2007,0,0,37.2(0.54 %),0,0,0,0,0,0.0
09/05/2007,0,0,36.5(-2.93 %),0,0,0,0,0,0.0
10/05/2007,0,0,35.6(-1.11 %),0,0,0,0,0,0.0
11/05/2007,0,0,36.7(3.97 %),0,0,0,0,0,0.0
14/05/2007,0,0,36.2(-1.09 %),0,0,0,0,0,0.0
15/05/2007,0,0,35.7(-2.19 %),0,0,0,0,0,0.0
16/05/2007,0,0,35.7(0.00 %),0,0,0,0,0,0.0
17/05/2007,0,0,35.7(1.71 %),0,0,0,0,0,0.0
18/05/2007,0,0,35.5(-0.28 %),0,0,0,0,0,0.0
21/05/2007,0,0,35.4(-1.67 %),0,0,0,0,0,0.0
22/05/2007,0,0,37.4(-3.61 %),0,0,0,0,0,0.0
23/05/2007,0,0,38(-2.56 %),0,0,0,0,0,0.0
24/05/2007,0,0,37.1(-3.64 %),0,0,0,0,0,0.0
25/05/2007,0,0,37.2(3.33 %),0,0,0,0,0,0.0
28/05/2007,0,0,37(-2.63 %),0,0,0,0,0,0.0
29/05/2007,0,0,36.6(-1.08 %),0,0,0,0,0,0.0
30/05/2007,0,0,36(-10.89 %),0,0,0,0,0,0.0
31/05/2007,0,0,36.5(1.39 %),0,0,0,0,0,0.0
01/06/2007,0,0,35.5(1.43 %),0,0,0,0,0,0.0
04/06/2007,0,0,35.3(-1.12 %),0,0,0,0,0,0.0
05/06/2007,0,0,34(0.00 %),0,0,0,0,0,0.0
06/06/2007,0,0,35.1(1.45 %),0,0,0,0,0,0.0
07/06/2007,0,0,34.6(-1.14 %),0,0,0,0,0,0.0
08/06/2007,0,0,34.9(0.58 %),0,0,0,0,0,0.0
11/06/2007,0,0,34.1(-1.16 %),0,0,0,0,0,0.0
12/06/2007,0,0,34(3.03 %),0,0,0,0,0,0.0
13/06/2007,0,0,33.5(1.52 %),0,0,0,0,0,0.0
14/06/2007,0,0,33.2(9.93 %),0,0,0,0,0,0.0
15/06/2007,0,0,33.3(0.00 %),0,0,0,0,0,0.0
18/06/2007,0,0,32.8(-1.20 %),0,0,0,0,0,0.0
19/06/2007,0,0,32(-1.23 %),0,0,0,0,0,0.0
20/06/2007,0,0,31.7(-0.31 %),0,0,0,0,0,0.0
21/06/2007,0,0,31.3(-0.63 %),0,0,0,0,0,0.0
22/06/2007,0,0,30.8(0.98 %),0,0,0,0,0,0.0
25/06/2007,0,0,30.4(1.33 %),0,0,0,0,0,0.0
26/06/2007,0,0,31.5(3.96 %),0,0,0,0,0,0.0
27/06/2007,0,0,31(-1.59 %),0,0,0,0,0,0.0
28/06/2007,0,0,31.4(1.29 %),0,0,0,0,0,0.0
29/06/2007,0,0,31.5(0.00 %),0,0,0,0,0,0.0
02/07/2007,0,0,30(-3.23 %),0,0,0,0,0,0.0
03/07/2007,0,0,29.5(-1.67 %),0,0,0,0,0,0.0
04/07/2007,0,0,30.6(3.73 %),0,0,0,0,0,0.0
05/07/2007,0,0,29.2(-1.68 %),0,0,0,0,0,0.0
06/07/2007,0,0,29(1.05 %),0,0,0,0,0,0.0
09/07/2007,0,0,29.3(1.03 %),0,0,0,0,0,0.0
10/07/2007,0,0,29.6(0.34 %),0,0,0,0,0,0.0
11/07/2007,0,0,30.3(-2.26 %),0,0,0,0,0,0.0
12/07/2007,0,0,29.8(-2.30 %),0,0,0,0,0,0.0
13/07/2007,-100,-2970000,29.7(-0.34 %),0,0,100,2970000,0,0.0
16/07/2007,0,0,29.4(-0.34 %),0,0,0,0,0,0.0
17/07/2007,1000,29300000,29.3(1.03 %),1000,29300000,0,0,0,0.0
18/07/2007,0,0,29.1(0.34 %),0,0,0,0,0,0.0
19/07/2007,0,0,30(-1.64 %),0,0,0,0,0,0.0
20/07/2007,0,0,31.4(3.63 %),0,0,0,0,0,0.0
23/07/2007,-500,-15900000,30.9(-2.22 %),0,0,500,15900000,0,0.0
24/07/2007,-200,-6050000,30(5.26 %),0,0,200,6050000,0,0.0
25/07/2007,0,0,29.5(-1.67 %),0,0,0,0,0,0.0
26/07/2007,0,0,29.2(0.34 %),0,0,0,0,0,0.0
27/07/2007,500,14500000,29.5(1.72 %),500,14500000,0,0,0,0.0
30/07/2007,0,0,29.3(1.03 %),0,0,0,0,0,0.0
31/07/2007,0,0,28.5(-2.06 %),0,0,0,0,0,0.0
01/08/2007,-500,-15000000,29.4(5.76 %),0,0,500,15000000,0,0.0
02/08/2007,1000,28900000,28.9(-0.34 %),1000,28900000,0,0,0,0.0
03/08/2007,0,0,28.2(-3.75 %),0,0,0,0,0,0.0
06/08/2007,0,0,28.2(-2.08 %),0,0,0,0,0,0.0
07/08/2007,0,0,28.6(0.35 %),0,0,0,0,0,0.0
08/08/2007,0,0,28.2(-0.70 %),0,0,0,0,0,0.0
09/08/2007,0,0,29(2.47 %),0,0,0,0,0,0.0
10/08/2007,1100,31600000,28.6(-0.69 %),1100,31600000,0,0,0,0.0
13/08/2007,0,0,28(0.00 %),0,0,0,0,0,0.0
14/08/2007,0,0,28.1(0.00 %),0,0,0,0,0,0.0
15/08/2007,0,0,28.7(1.77 %),0,0,0,0,0,0.0
16/08/2007,0,0,28.6(-4.67 %),100,2880000,100,2880000,0,0.0
17/08/2007,0,0,28.3(-1.74 %),0,0,0,0,0,0.0
20/08/2007,0,0,28.5(1.42 %),0,0,0,0,0,0.0
21/08/2007,0,0,28(-0.71 %),0,0,0,0,0,0.0
22/08/2007,0,0,27.3(-1.09 %),0,0,0,0,0,0.0
23/08/2007,2400,64320000,26.2(-4.38 %),2400,64320000,0,0,0,0.0
24/08/2007,0,0,27(1.89 %),0,0,0,0,0,0.0
27/08/2007,0,0,27.1(0.37 %),0,0,0,0,0,0.0
28/08/2007,0,0,26.7(-2.55 %),0,0,0,0,0,0.0
29/08/2007,0,0,26.6(-0.37 %),0,0,0,0,0,0.0
30/08/2007,0,0,26.8(0.75 %),0,0,0,0,0,0.0
31/08/2007,0,0,26.7(1.14 %),0,0,0,0,0,0.0
04/09/2007,-1400,-38920000,27.6(2.22 %),0,0,1400,38920000,0,0.0
05/09/2007,0,0,27.4(-2.14 %),0,0,0,0,0,0.0
06/09/2007,0,0,27.5(0.00 %),0,0,0,0,0,0.0
07/09/2007,0,0,27.6(1.47 %),0,0,0,0,0,0.0
10/09/2007,500,14000000,28(1.82 %),500,14000000,0,0,0,0.0
11/09/2007,-1000,-28000000,28(-2.78 %),0,0,1000,28000000,0,0.0
12/09/2007,0,0,27.8(1.09 %),0,0,0,0,0,0.0
13/09/2007,0,0,27.7(0.36 %),0,0,0,0,0,0.0
14/09/2007,0,0,27.5(-0.36 %),0,0,0,0,0,0.0
17/09/2007,0,0,27.1(-1.09 %),0,0,0,0,0,0.0
18/09/2007,300,8040000,27.1(-1.45 %),300,8040000,0,0,0,0.0
19/09/2007,0,0,27.7(1.84 %),0,0,0,0,0,0.0
20/09/2007,0,0,28.1(-1.06 %),0,0,0,0,0,0.0
21/09/2007,0,0,28.3(-0.70 %),0,0,0,0,0,0.0
24/09/2007,0,0,31(0.00 %),0,0,0,0,0,0.0
25/09/2007,-300,-10230000,34.1(0.00 %),0,0,300,10230000,0,0.0
26/09/2007,-500,-18750000,37.5(0.00 %),0,0,500,18750000,0,0.0
27/09/2007,-300,-13100000,39.5(-4.13 %),200,7500000,500,20600000,0,0.0
28/09/2007,200,7900000,39.5(-3.66 %),200,7900000,0,0,0,0.0
01/10/2007,0,0,43.5(0.00 %),0,0,0,0,0,0.0
02/10/2007,0,150000,46.5(-2.31 %),500,23150000,500,23000000,0,0.0
03/10/2007,-500,-22250000,44.3(-5.74 %),0,0,500,22250000,0,0.0
04/10/2007,1700,73100000,43(2.38 %),1700,73100000,0,0,0,0.0
05/10/2007,300,12600000,41.7(-3.02 %),300,12600000,0,0,0,0.0
08/10/2007,1100,46200000,42.5(1.19 %),1100,46200000,0,0,0,0.0
09/10/2007,0,0,42.5(2.41 %),0,0,0,0,0,0.0
10/10/2007,1100,46200000,42(-1.18 %),1100,46200000,0,0,0,0.0
11/10/2007,-400,-17300000,46(9.52 %),100,4200000,500,21500000,0,0.0
12/10/2007,-300,-13950000,46.7(0.43 %),0,0,300,13950000,0,0.0
15/10/2007,-1100,-52980000,51.3(8.00 %),0,0,1100,52980000,0,0.0
16/10/2007,-800,-44560000,55.7(0.00 %),0,0,800,44560000,0,0.0
17/10/2007,0,0,51.2(-16.34 %),0,0,0,0,0,0.0
18/10/2007,1100,56380000,49.2(-3.72 %),1100,56380000,0,0,0,0.0
19/10/2007,700,33330000,53.9(10.00 %),700,33330000,0,0,0,0.0
22/10/2007,800,40800000,52(-3.70 %),1000,51600000,200,10800000,0,0.0
23/10/2007,5100,260150000,51(-1.92 %),5100,260150000,0,0,0,0.0
24/10/2007,0,0,51.3(-1.35 %),0,0,0,0,0,0.0
25/10/2007,100,5100000,50(-3.85 %),100,5100000,0,0,0,0.0
26/10/2007,0,0,49(-3.54 %),0,0,0,0,0,0.0
29/10/2007,200,9540000,47.7(-2.25 %),200,9540000,0,0,0,0.0
30/10/2007,-900,-43110000,48(3.23 %),100,4800000,1000,47910000,0,0.0
31/10/2007,0,0,48.3(-1.43 %),0,0,0,0,0,0.0
01/11/2007,-1100,-53920000,49(-2.00 %),0,0,1100,53920000,0,0.0
02/11/2007,0,0,47.9(-2.24 %),0,0,0,0,0,0.0
05/11/2007,0,0,46(-4.17 %),0,0,0,0,0,0.0
06/11/2007,-1300,-61540000,47.9(4.13 %),700,32460000,2000,94000000,0,0.0
07/11/2007,-2000,-100000000,48.5(-1.22 %),0,0,2000,100000000,0,0.0
08/11/2007,0,0,46.8(-6.40 %),0,0,0,0,0,0.0
09/11/2007,0,0,43(-4.44 %),0,0,0,0,0,0.0
12/11/2007,2200,96930000,41(-8.07 %),2200,96930000,0,0,0,0.0
13/11/2007,0,0,38.4(-8.57 %),0,0,0,0,0,0.0
14/11/2007,300,11670000,42.7(9.49 %),300,11670000,0,0,0,0.0
15/11/2007,-300,-13740000,42.5(-7.61 %),0,0,300,13740000,0,0.0
16/11/2007,0,0,42.3(0.71 %),0,0,0,0,0,0.0
19/11/2007,0,0,41.9(2.20 %),0,0,0,0,0,0.0
20/11/2007,0,0,41.2(-1.67 %),0,0,0,0,0,0.0
21/11/2007,1000,41200000,42(1.94 %),1000,41200000,0,0,0,0.0
22/11/2007,0,0,43(3.12 %),0,0,0,0,0,0.0
23/11/2007,0,0,43.3(0.70 %),0,0,0,0,0,0.0
26/11/2007,-200,-8800000,45(3.21 %),0,0,200,8800000,0,0.0
27/11/2007,0,0,44.5(-1.11 %),0,0,0,0,0,0.0
28/11/2007,0,0,45(-2.17 %),0,0,0,0,0,0.0
29/11/2007,-100,-4500000,44(-2.22 %),0,0,100,4500000,0,0.0
30/11/2007,0,0,44.2(0.45 %),0,0,0,0,0,0.0
03/12/2007,0,0,44.1(-2.00 %),0,0,0,0,0,0.0
18/12/2007,0,0,42(0.00 %),0,0,0,0,0,0.0
19/12/2007,0,0,41.5(-1.19 %),0,0,0,0,0,0.0
20/12/2007,0,0,39.5(-4.82 %),0,0,0,0,0,0.0
21/12/2007,0,0,39.5(0.00 %),0,0,0,0,0,0.0
24/12/2007,200,7600000,38(-3.80 %),200,7600000,0,0,0,0.0
25/12/2007,0,0,36.1(-5.00 %),0,0,0,0,0,0.0
26/12/2007,0,0,36(-0.28 %),0,0,0,0,0,0.0
27/12/2007,0,0,35.8(-0.56 %),0,0,0,0,0,0.0
28/12/2007,0,0,37.2(3.91 %),0,0,0,0,0,0.0
02/01/2008,0,0,36.5(-1.88 %),0,0,0,0,0,0.0
03/01/2008,0,0,36(-1.37 %),0,0,0,0,0,0.0
04/01/2008,0,0,36(0.00 %),0,0,0,0,0,0.0
07/01/2008,0,0,34.2(-5.00 %),0,0,0,0,0,0.0
08/01/2008,0,0,33(-3.51 %),0,0,0,0,0,0.0
09/01/2008,100,3200000,31.4(-4.85 %),100,3200000,0,0,0,0.0
10/01/2008,0,0,29.9(-4.78 %),0,0,0,0,0,0.0
11/01/2008,0,0,30.3(1.34 %),0,0,0,0,0,0.0
14/01/2008,6200,178560000,28.8(-4.95 %),6200,178560000,0,0,0,0.0
15/01/2008,5000,137000000,27.4(-4.86 %),5000,137000000,0,0,0,0.0
16/01/2008,0,0,28.7(4.74 %),0,0,0,0,0,0.0
17/01/2008,0,0,28.6(-0.35 %),0,0,0,0,0,0.0
18/01/2008,-3290,-97055000,29.5(3.15 %),0,0,3290,97055000,0,0.0
21/01/2008,0,0,29.5(0.00 %),0,0,0,0,0,0.0
22/01/2008,0,0,28.6(-3.05 %),0,0,0,0,0,0.0
23/01/2008,100,2760000,27.3(-4.55 %),100,2760000,0,0,0,0.0
24/01/2008,0,0,27(-1.10 %),0,0,0,0,0,0.0
25/01/2008,7290,193269000,27(0.00 %),7290,193269000,0,0,0,0.0
28/01/2008,250,6600000,26.5(-1.85 %),250,6600000,0,0,0,0.0
29/01/2008,0,0,26.9(1.51 %),0,0,0,0,0,0.0
30/01/2008,0,0,28.2(4.83 %),0,0,0,0,0,0.0
31/01/2008,0,0,28(-0.71 %),0,0,0,0,0,0.0
01/02/2008,0,0,29.2(4.29 %),0,0,0,0,0,0.0
12/02/2008,0,0,28.5(-2.40 %),0,0,0,0,0,0.0
13/02/2008,0,0,27.5(-3.51 %),0,0,0,0,0,0.0
14/02/2008,0,0,28(1.82 %),0,0,0,0,0,0.0
15/02/2008,0,0,27.5(-1.79 %),0,0,0,0,0,0.0
18/02/2008,5000,131000000,26.5(-3.64 %),5000,131000000,0,0,0,0.0
19/02/2008,0,0,26.1(-1.51 %),0,0,0,0,0,0.0
20/02/2008,0,0,24.8(-4.98 %),0,0,0,0,0,0.0
21/02/2008,0,0,23.6(-4.84 %),0,0,0,0,0,0.0
22/02/2008,0,0,22.5(-4.66 %),0,0,0,0,0,0.0
25/02/2008,0,0,23.6(4.89 %),0,0,0,0,0,0.0
26/02/2008,0,0,22.5(-4.66 %),0,0,0,0,0,0.0
27/02/2008,1000,22500000,22.5(0.00 %),1000,22500000,0,0,0,0.0
28/02/2008,0,0,21.4(-4.89 %),0,0,0,0,0,0.0
29/02/2008,0,0,20.4(-4.67 %),0,0,0,0,0,0.0
03/03/2008,-100,-1940000,19.4(-4.90 %),0,0,100,1940000,0,0.0
04/03/2008,0,0,18.5(-4.64 %),0,0,0,0,0,0.0
05/03/2008,0,0,17.6(-4.86 %),0,0,0,0,0,0.0
06/03/2008,0,0,18.4(4.55 %),0,0,0,0,0,0.0
07/03/2008,0,0,19.3(4.89 %),0,0,0,0,0,0.0
10/03/2008,0,0,19.3(0.00 %),0,0,0,0,0,0.0
11/03/2008,100,1840000,18.4(-4.66 %),100,1840000,0,0,0,0.0
12/03/2008,0,0,18.4(0.00 %),0,0,0,0,0,0.0
13/03/2008,0,0,18.4(0.00 %),0,0,0,0,0,0.0
14/03/2008,0,0,18.4(0.00 %),0,0,0,0,0,0.0
17/03/2008,0,0,17.9(-2.72 %),0,0,0,0,0,0.0
18/03/2008,0,0,17.1(-4.47 %),0,0,0,0,0,0.0
19/03/2008,0,0,16.3(-4.68 %),0,0,0,0,0,0.0
20/03/2008,0,0,15.5(-4.91 %),0,0,0,0,0,0.0
21/03/2008,0,0,14.8(-4.52 %),0,0,0,0,0,0.0
24/03/2008,0,0,14.1(-4.73 %),0,0,0,0,0,0.0
25/03/2008,100,1340000,13.4(-4.96 %),100,1340000,0,0,0,0.0
26/03/2008,0,0,13.6(1.49 %),0,0,0,0,0,0.0
27/03/2008,0,0,13.7(0.74 %),0,0,0,0,0,0.0
28/03/2008,0,0,13.8(0.73 %),0,0,0,0,0,0.0
31/03/2008,0,0,13.9(0.72 %),0,0,0,0,0,0.0
01/04/2008,0,0,14(0.72 %),0,0,0,0,0,0.0
02/04/2008,0,0,14.1(0.71 %),0,0,0,0,0,0.0
03/04/2008,0,0,14.2(0.71 %),0,0,0,0,0,0.0
04/04/2008,0,0,14.3(0.70 %),0,0,0,0,0,0.0
07/04/2008,0,0,14.5(1.40 %),0,0,0,0,0,0.0
08/04/2008,0,0,14.5(0.00 %),0,0,0,0,0,0.0
09/04/2008,1100,15950000,14.3(-1.38 %),1100,15950000,0,0,0,0.0
10/04/2008,0,0,14.1(-1.40 %),0,0,0,0,0,0.0
11/04/2008,0,0,13.9(-1.42 %),0,0,0,0,0,0.0
16/04/2008,0,0,13.7(-1.44 %),0,0,0,0,0,0.0
17/04/2008,0,0,13.9(1.46 %),0,0,0,0,0,0.0
18/04/2008,10,137000,13.7(-1.44 %),10,137000,0,0,0,0.0
21/04/2008,0,0,13.7(0.00 %),0,0,0,0,0,0.0
22/04/2008,0,0,13.9(1.46 %),0,0,0,0,0,0.0
23/04/2008,0,0,13.7(-1.44 %),0,0,0,0,0,0.0
24/04/2008,0,0,13.5(-1.46 %),0,0,0,0,0,0.0
25/04/2008,0,0,13.5(0.00 %),0,0,0,0,0,0.0
28/04/2008,0,0,13.7(1.48 %),0,0,0,0,0,0.0
29/04/2008,0,0,13.9(1.46 %),0,0,0,0,0,0.0
05/05/2008,600,8460000,14.1(1.44 %),600,8460000,0,0,0,0.0
06/05/2008,-10,-143000,14.3(1.42 %),0,0,10,143000,0,0.0
07/05/2008,100,1430000,14.1(-1.40 %),100,1430000,0,0,0,0.0
08/05/2008,0,0,13.9(-1.42 %),0,0,0,0,0,0.0
09/05/2008,1000,13700000,13.7(-1.44 %),1000,13700000,0,0,0,0.0
12/05/2008,1000,13500000,13.5(-1.46 %),1000,13500000,0,0,0,0.0
13/05/2008,0,0,13.3(-1.48 %),0,0,0,0,0,0.0
14/05/2008,0,0,13.1(-1.50 %),0,0,0,0,0,0.0
15/05/2008,0,0,12.9(-1.53 %),0,0,0,0,0,0.0
16/05/2008,9100,115570000,12.7(-1.55 %),9100,115570000,0,0,0,0.0
19/05/2008,0,0,12.7(0.00 %),0,0,0,0,0,0.0
20/05/2008,0,0,12.5(-1.57 %),0,0,0,0,0,0.0
21/05/2008,0,0,12.3(-1.60 %),0,0,0,0,0,0.0
22/05/2008,0,0,12.1(-1.63 %),0,0,0,0,0,0.0
23/05/2008,0,0,12.3(1.65 %),0,0,0,0,0,0.0
26/05/2008,0,0,12.5(1.63 %),0,0,0,0,0,0.0
27/05/2008,0,0,12.5(0.00 %),0,0,0,0,0,0.0
28/05/2008,0,0,12.5(0.00 %),0,0,0,0,0,0.0
29/05/2008,0,0,12.5(0.00 %),0,0,0,0,0,0.0
30/05/2008,0,0,12.3(-1.60 %),0,0,0,0,0,0.0
02/06/2008,0,0,10.7(-1.83 %),0,0,0,0,0,0.0
03/06/2008,21760,228480000,10.5(-1.87 %),21760,228480000,0,0,0,0.0
04/06/2008,10600,109180000,10.3(-1.90 %),10600,109180000,0,0,0,0.0
05/06/2008,0,0,10.1(-1.94 %),0,0,0,0,0,0.0
06/06/2008,-130,-1287000,9.9(-1.98 %),110,1089000,240,2376000,0,0.0
09/06/2008,5140,50372000,10(1.01 %),7000,68600000,1860,18228000,0,0.0
10/06/2008,-2000,-20400000,10.2(2.00 %),0,0,2000,20400000,0,0.0
11/06/2008,-2000,-20800000,10.4(1.96 %),0,0,2000,20800000,0,0.0
12/06/2008,0,0,10.6(1.92 %),0,0,0,0,0,0.0
13/06/2008,0,0,10.8(1.89 %),0,0,0,0,0,0.0
16/06/2008,0,0,11(1.85 %),0,0,0,0,0,0.0
17/06/2008,0,0,11.2(1.82 %),0,0,0,0,0,0.0
18/06/2008,0,0,11(-1.79 %),0,0,0,0,0,0.0
19/06/2008,300,3210000,10.7(-2.73 %),300,3210000,0,0,0,0.0
20/06/2008,0,0,10.4(-2.80 %),0,0,0,0,0,0.0
23/06/2008,-9010,-92102000,10.5(0.96 %),0,0,9010,92102000,0,0.0
24/06/2008,0,0,10.8(2.86 %),0,0,0,0,0,0.0
25/06/2008,0,0,11.1(2.78 %),0,0,0,0,0,0.0
26/06/2008,1000,11400000,10.8(-2.70 %),1000,11400000,0,0,0,0.0
27/06/2008,0,0,11(1.85 %),0,0,0,0,0,0.0
30/06/2008,5600,61466000,10.8(-1.82 %),5600,61466000,0,0,0,0.0
01/07/2008,0,0,11.1(2.78 %),0,0,0,0,0,0.0
02/07/2008,1150,12880000,11.4(2.70 %),1150,12880000,0,0,0,0.0
03/07/2008,620,7254000,11.7(2.63 %),620,7254000,0,0,0,0.0
04/07/2008,19900,238800000,12(2.56 %),19900,238800000,0,0,0,0.0
07/07/2008,3900,47970000,11.7(-2.50 %),3900,47970000,0,0,0,0.0
08/07/2008,200,2280000,11.4(-2.56 %),200,2280000,0,0,0,0.0
09/07/2008,0,0,11.5(0.88 %),0,0,0,0,0,0.0
10/07/2008,0,0,11.3(-1.74 %),0,0,0,0,0,0.0
11/07/2008,5000,58000000,11.6(2.65 %),5000,58000000,0,0,0,0.0
14/07/2008,7700,90860000,11.9(2.59 %),7700,90860000,0,0,0,0.0
15/07/2008,0,0,12.2(2.52 %),0,0,0,0,0,0.0
16/07/2008,0,0,12(-1.64 %),0,0,0,0,0,0.0
17/07/2008,10000,121960000,11.8(-1.67 %),10000,121960000,0,0,0,0.0
18/07/2008,100,1150000,11.5(-2.54 %),100,1150000,0,0,0,0.0
21/07/2008,0,0,11.2(-2.61 %),0,0,0,0,0,0.0
22/07/2008,-100,-1090000,10.9(-2.68 %),0,0,100,1090000,0,0.0
23/07/2008,-3900,-41340000,10.6(-2.75 %),0,0,3900,41340000,0,0.0
24/07/2008,0,0,10.3(-2.83 %),0,0,0,0,0,0.0
25/07/2008,3500,35000000,10(-2.91 %),10000,100000000,6500,65000000,0,0.0
28/07/2008,-19930,-189409000,10.3(3.00 %),8070,82191000,28000,271600000,0,0.0
29/07/2008,-100,-1060000,10.5(1.94 %),0,0,100,1060000,0,0.0
30/07/2008,5000,51000000,10.2(-2.86 %),5000,51000000,0,0,0,0.0
31/07/2008,0,0,9.9(-2.94 %),0,0,0,0,0,0.0
01/08/2008,0,0,9.8(-1.01 %),0,0,0,0,0,0.0
04/08/2008,0,0,9.6(-2.04 %),0,0,0,0,0,0.0
05/08/2008,0,0,9.4(-2.08 %),0,0,0,0,0,0.0
06/08/2008,0,0,9.6(2.13 %),0,0,0,0,0,0.0
07/08/2008,0,0,9.5(-1.04 %),0,0,0,0,0,0.0
08/08/2008,0,0,9.5(0.00 %),0,0,0,0,0,0.0
11/08/2008,-1500,-14550000,9.7(2.11 %),0,0,1500,14550000,0,0.0
12/08/2008,0,0,9.8(1.03 %),0,0,0,0,0,0.0
13/08/2008,11200,107520000,9.7(-1.02 %),11200,107520000,0,0,0,0.0
14/08/2008,-3600,-35640000,9.9(2.06 %),0,0,3600,35640000,0,0.0
15/08/2008,-100,-1010000,10.1(2.02 %),0,0,100,1010000,0,0.0
18/08/2008,-100,-1060000,10.6(4.95 %),0,0,100,1060000,0,0.0
19/08/2008,-100,-1110000,10.6(0.00 %),100,1110000,200,2220000,0,0.0
20/08/2008,0,0,10.1(-4.72 %),0,0,0,0,0,0.0
21/08/2008,-3000,-31200000,10.4(2.97 %),0,0,3000,31200000,0,0.0
22/08/2008,0,0,10.1(-2.88 %),0,0,0,0,0,0.0
25/08/2008,-35250,-373650000,10.6(4.95 %),0,0,35250,373650000,0,0.0
26/08/2008,-11000,-122100000,11.1(4.72 %),0,0,11000,122100000,0,0.0
27/08/2008,-11760,-136416000,11.6(4.50 %),0,0,11760,136416000,0,0.0
28/08/2008,8300,96740000,11.1(-4.31 %),9300,108440000,1000,11700000,0,0.0
29/08/2008,0,0,11.5(3.60 %),0,0,0,0,0,0.0
03/09/2008,830,9960000,12(4.35 %),1830,21960000,1000,12000000,0,0.0
04/09/2008,200,2520000,12.6(5.00 %),200,2520000,0,0,0,0.0
05/09/2008,0,0,13.2(4.76 %),0,0,0,0,0,0.0
08/09/2008,0,0,13.8(4.55 %),0,0,0,0,0,0.0
09/09/2008,0,0,14.4(4.35 %),0,0,0,0,0,0.0
10/09/2008,-1830,-27633000,14.8(2.78 %),0,0,1830,27633000,0,0.0
11/09/2008,0,0,14.1(-4.73 %),0,0,0,0,0,0.0
12/09/2008,200,2680000,13.4(-4.96 %),200,2680000,0,0,0,0.0
15/09/2008,-5000,-65000000,12.8(-4.48 %),0,0,5000,65000000,0,0.0
16/09/2008,0,0,12.2(-4.69 %),0,0,0,0,0,0.0
17/09/2008,200,2320000,11.6(-4.92 %),200,2320000,0,0,0,0.0
18/09/2008,7080,78588000,11.1(-4.31 %),7080,78588000,0,0,0,0.0
19/09/2008,-950,-11020000,11.6(4.50 %),0,0,950,11020000,0,0.0
22/09/2008,0,0,12.1(4.31 %),0,0,0,0,0,0.0
23/09/2008,13000,161200000,11.6(-4.13 %),14000,173600000,1000,12400000,0,0.0
24/09/2008,900,10420000,11.3(-2.59 %),1000,11600000,100,1180000,0,0.0
25/09/2008,0,0,11.8(4.42 %),0,0,0,0,0,0.0
26/09/2008,0,0,12(1.69 %),0,0,0,0,0,0.0
29/09/2008,0,0,11.9(-0.83 %),0,0,0,0,0,0.0
30/09/2008,0,0,11.4(-4.20 %),0,0,0,0,0,0.0
01/10/2008,0,0,11(-3.51 %),0,0,0,0,0,0.0
02/10/2008,0,0,11.5(4.55 %),0,0,0,0,0,0.0
03/10/2008,0,0,11.5(0.00 %),0,0,0,0,0,0.0
06/10/2008,-100,-1130000,11(-4.35 %),0,0,100,1130000,0,0.0
07/10/2008,-3470,-36435000,10.5(-4.55 %),400,4200000,3870,40635000,0,0.0
08/10/2008,0,0,10.1(-3.81 %),0,0,0,0,0,0.0
09/10/2008,0,0,10.2(0.99 %),0,0,0,0,0,0.0
10/10/2008,-10230,-99231000,9.7(-4.90 %),0,0,10230,99231000,0,0.0
13/10/2008,0,0,9.8(1.03 %),0,0,0,0,0,0.0
14/10/2008,0,0,10.2(4.08 %),0,0,0,0,0,0.0
15/10/2008,0,0,10.5(2.94 %),0,0,0,0,0,0.0
16/10/2008,4000,40000000,10(-4.76 %),4000,40000000,0,0,0,0.0
17/10/2008,0,0,10.1(1.00 %),0,0,0,0,0,0.0
20/10/2008,0,0,9.7(-3.96 %),0,0,0,0,0,0.0
21/10/2008,0,0,10(3.09 %),0,0,0,0,0,0.0
22/10/2008,0,0,9.7(-3.00 %),0,0,0,0,0,0.0
23/10/2008,0,0,9.3(-4.12 %),0,0,0,0,0,0.0
24/10/2008,0,0,9(-3.23 %),0,0,0,0,0,0.0
27/10/2008,0,0,8.6(-4.44 %),0,0,0,0,0,0.0
28/10/2008,0,0,8.4(-2.33 %),0,0,0,0,0,0.0
29/10/2008,0,0,8.8(4.76 %),0,0,0,0,0,0.0
30/10/2008,4800,43680000,9.2(4.55 %),4800,43680000,0,0,0,0.0
31/10/2008,0,0,9.6(4.35 %),0,0,0,0,0,0.0
03/11/2008,4100,38293000,9.2(-4.17 %),4100,38293000,0,0,0,0.0
04/11/2008,0,0,9.6(4.35 %),0,0,0,0,0,0.0
05/11/2008,0,0,9.8(2.08 %),0,0,0,0,0,0.0
06/11/2008,0,0,9.4(-4.08 %),0,0,0,0,0,0.0
07/11/2008,0,0,9(-4.26 %),0,0,0,0,0,0.0
10/11/2008,0,0,8.8(-2.22 %),0,0,0,0,0,0.0
11/11/2008,0,0,8.5(-3.41 %),0,0,0,0,0,0.0
12/11/2008,0,0,8.4(-1.18 %),0,0,0,0,0,0.0
13/11/2008,0,0,8.6(2.38 %),0,0,0,0,0,0.0
14/11/2008,1000,9000000,8.8(2.33 %),1000,9000000,0,0,0,0.0
17/11/2008,0,0,8.8(0.00 %),0,0,0,0,0,0.0
18/11/2008,0,0,8.4(-4.55 %),0,0,0,0,0,0.0
19/11/2008,970,8148000,8.4(0.00 %),970,8148000,0,0,0,0.0
20/11/2008,0,0,8.1(-3.57 %),0,0,0,0,0,0.0
21/11/2008,0,0,8(-1.23 %),0,0,0,0,0,0.0
24/11/2008,0,0,8(0.00 %),0,0,0,0,0,0.0
25/11/2008,0,0,8(0.00 %),0,0,0,0,0,0.0
26/11/2008,30,234000,7.9(-1.25 %),30,234000,0,0,0,0.0
27/11/2008,0,0,7.6(-3.80 %),0,0,0,0,0,0.0
28/11/2008,0,0,7.9(3.95 %),0,0,0,0,0,0.0
01/12/2008,5700,45030000,7.9(0.00 %),5700,45030000,0,0,0,0.0
02/12/2008,5000,38500000,7.7(-2.53 %),5000,38500000,0,0,0,0.0
03/12/2008,0,0,7.8(1.30 %),0,0,0,0,0,0.0
04/12/2008,0,0,7.9(1.28 %),0,0,0,0,0,0.0
05/12/2008,0,0,7.6(-3.80 %),0,0,0,0,0,0.0
08/12/2008,0,0,7.3(-3.95 %),0,0,0,0,0,0.0
09/12/2008,500,3750000,7(-4.11 %),500,3750000,0,0,0,0.0
10/12/2008,0,0,6.7(-4.29 %),0,0,0,0,0,0.0
11/12/2008,0,0,6.7(0.00 %),0,0,0,0,0,0.0
12/12/2008,0,0,7(4.48 %),0,0,0,0,0,0.0
15/12/2008,-1000,-6900000,7(0.00 %),0,0,1000,6900000,0,0.0
16/12/2008,0,0,6.7(-4.29 %),0,0,0,0,0,0.0
17/12/2008,0,0,6.7(0.00 %),0,0,0,0,0,0.0
18/12/2008,0,0,6.5(-2.99 %),0,0,0,0,0,0.0
19/12/2008,0,0,6.4(-1.54 %),0,0,0,0,0,0.0
22/12/2008,1000,6500000,6.1(-4.69 %),1000,6500000,0,0,0,0.0
23/12/2008,0,0,6.4(4.92 %),0,0,0,0,0,0.0
24/12/2008,0,0,6.7(4.69 %),0,0,0,0,0,0.0
25/12/2008,0,0,6.5(-2.99 %),0,0,0,0,0,0.0
26/12/2008,-1400,-9020000,6.8(4.62 %),0,0,1400,9020000,0,0.0
29/12/2008,-440,-3124000,7(2.94 %),0,0,440,3124000,0,0.0
30/12/2008,-560,-4088000,7.3(4.29 %),0,0,560,4088000,0,0.0
31/12/2008,0,0,7.6(4.11 %),0,0,0,0,0,0.0
02/01/2009,0,0,7.9(3.95 %),0,0,0,0,6004850,2.11
05/01/2009,1050,8610000,8.1(2.53 %),1050,8610000,0,0,6003800,2.12
06/01/2009,0,0,8.5(4.94 %),0,0,0,0,6003800,2.12
07/01/2009,0,0,8.9(4.71 %),0,0,0,0,6003800,2.12
08/01/2009,8680,74648000,8.5(-4.49 %),8680,74648000,0,0,5995120,2.19
09/01/2009,0,0,8.1(-4.71 %),0,0,0,0,5995120,2.19
12/01/2009,0,0,7.9(-2.47 %),0,0,0,0,5995120,2.19
13/01/2009,0,0,7.7(-2.53 %),0,0,0,0,5995120,2.19
14/01/2009,0,0,7.8(1.30 %),0,0,0,0,5995120,2.19
15/01/2009,0,0,7.6(-2.56 %),0,0,0,0,5995120,2.19
16/01/2009,0,0,7.5(-1.32 %),0,0,0,0,5995120,2.19
19/01/2009,0,0,7.2(-4.00 %),0,0,0,0,5995120,2.19
20/01/2009,0,0,7.5(4.17 %),0,0,0,0,5995120,2.19
21/01/2009,0,0,7.7(2.67 %),0,0,0,0,5995120,2.19
22/01/2009,-1050,-8011000,7.7(0.00 %),0,0,1050,8011000,5996170,2.18
23/01/2009,0,0,7.7(0.00 %),0,0,0,0,5996170,2.18
02/02/2009,0,0,7.4(-3.90 %),0,0,0,0,5996170,2.18
03/02/2009,0,0,7.1(-4.05 %),0,0,0,0,5996170,2.18
04/02/2009,0,0,7.3(2.82 %),0,0,0,0,5996170,2.18
05/02/2009,0,0,7(-4.11 %),0,0,0,0,5996170,2.18
06/02/2009,0,0,7.1(1.43 %),0,0,0,0,5996170,2.18
09/02/2009,0,0,7.4(4.23 %),0,0,0,0,5996170,2.18
10/02/2009,0,0,7.2(-2.70 %),0,0,0,0,5996170,2.18
11/02/2009,0,0,7.1(-1.39 %),0,0,0,0,5996170,2.18
12/02/2009,0,0,7(-1.41 %),0,0,0,0,5996170,2.18
13/02/2009,0,0,7(0.00 %),0,0,0,0,5996170,2.18
16/02/2009,0,0,6.9(-1.43 %),0,0,0,0,5996170,2.18
17/02/2009,0,0,6.7(-2.90 %),0,0,0,0,5996170,2.18
18/02/2009,0,0,6.5(-2.99 %),0,0,0,0,5996170,2.18
19/02/2009,0,0,6.5(0.00 %),0,0,0,0,5996170,2.18
20/02/2009,0,0,6.5(0.00 %),0,0,0,0,5996170,2.18
23/02/2009,-9800,-63480000,6.5(0.00 %),200,1300000,10000,64780000,6005970,2.1
24/02/2009,0,0,6.2(-4.62 %),0,0,0,0,6005970,2.1
25/02/2009,0,0,6.5(4.84 %),0,0,0,0,6005970,2.1
26/02/2009,0,0,6.4(-1.54 %),0,0,0,0,6005970,2.1
27/02/2009,0,0,6.3(-1.56 %),0,0,0,0,6005970,2.1
02/03/2009,0,0,6.3(0.00 %),0,0,0,0,6005970,2.1
03/03/2009,0,0,6.1(-3.17 %),0,0,0,0,6005970,2.1
04/03/2009,0,0,6.2(1.64 %),0,0,0,0,6005970,2.1
05/03/2009,0,0,6.3(1.61 %),0,0,0,0,6005970,2.1
06/03/2009,0,0,6.6(4.76 %),0,0,0,0,6005970,2.1
09/03/2009,0,0,6.7(1.52 %),0,0,0,0,6005970,2.1
10/03/2009,-2000,-14000000,7(4.48 %),0,0,2000,14000000,6007970,2.09
11/03/2009,0,0,7.3(4.29 %),0,0,0,0,6007970,2.09
12/03/2009,0,0,7(-4.11 %),0,0,0,0,6007970,2.09
13/03/2009,0,0,6.8(-2.86 %),0,0,0,0,6007970,2.09
16/03/2009,0,0,6.7(-1.47 %),0,0,0,0,6007970,2.09
17/03/2009,0,0,7(4.48 %),0,0,0,0,6007970,2.09
18/03/2009,0,0,7.3(4.29 %),0,0,0,0,6007970,2.09
19/03/2009,0,0,7(-4.11 %),0,0,0,0,6007970,2.09
20/03/2009,0,0,7.1(1.43 %),0,0,0,0,6007970,2.09
23/03/2009,0,0,7(-1.41 %),0,0,0,0,6007970,2.09
24/03/2009,0,0,7.3(4.29 %),0,0,0,0,6007970,2.09
25/03/2009,1000,7300000,7.2(-1.37 %),1000,7300000,0,0,6006970,2.1
26/03/2009,0,0,7.2(0.00 %),0,0,0,0,6006970,2.1
27/03/2009,0,0,7.2(0.00 %),0,0,0,0,6006970,2.1
30/03/2009,1450,10295000,7.2(0.00 %),1450,10295000,0,0,6005520,2.11
31/03/2009,0,0,7.1(-1.39 %),0,0,0,0,6005520,2.11
01/04/2009,0,0,7.3(2.82 %),0,0,0,0,6005520,2.11
02/04/2009,-5050,-37865000,7.6(4.11 %),50,365000,5100,38230000,6010570,2.07
03/04/2009,0,0,7.9(3.95 %),0,0,0,0,6010570,2.07
07/04/2009,0,0,8.2(3.80 %),0,0,0,0,6010570,2.07
08/04/2009,5750,47725000,8.1(-1.22 %),5750,47725000,0,0,6004820,2.11
09/04/2009,-50,-390000,8(-1.23 %),0,0,50,390000,6004870,2.11
10/04/2009,0,0,8.4(5.00 %),0,0,0,0,6004870,2.11
13/04/2009,0,0,8.8(4.76 %),0,0,0,0,6004870,2.11
14/04/2009,1250,11375000,9.2(4.55 %),1250,11375000,0,0,6003620,2.12
15/04/2009,0,0,8.9(-3.26 %),0,0,0,0,6003620,2.12
16/04/2009,0,0,9.2(3.37 %),0,0,0,0,6003620,2.12
17/04/2009,0,0,8.8(-4.35 %),0,0,0,0,6003620,2.12
20/04/2009,0,0,8.4(-4.55 %),0,0,0,0,6003620,2.12
21/04/2009,0,0,8.8(4.76 %),0,0,0,0,6003620,2.12
22/04/2009,0,0,9.2(4.55 %),0,0,0,0,6003620,2.12
23/04/2009,0,0,9(-2.17 %),0,0,0,0,6003620,2.12
24/04/2009,0,0,8.9(-1.11 %),0,0,0,0,6003620,2.12
27/04/2009,0,0,8.5(-4.49 %),0,0,0,0,6003620,2.12
28/04/2009,0,0,8.9(4.71 %),0,0,0,0,6003620,2.12
29/04/2009,0,0,9.2(3.37 %),0,0,0,0,6003620,2.12
04/05/2009,0,0,9.6(4.35 %),0,0,0,0,6003620,2.12
05/05/2009,0,0,9.7(1.04 %),0,0,0,0,6003620,2.12
06/05/2009,0,0,9.3(-4.12 %),0,0,0,0,6003620,2.12
07/05/2009,0,0,9.3(0.00 %),0,0,0,0,6003620,2.12
08/05/2009,0,0,9.1(-2.15 %),0,0,0,0,6003620,2.12
11/05/2009,0,0,9(-1.10 %),0,0,0,0,6003620,2.12
12/05/2009,0,0,9.4(4.44 %),0,0,0,0,6003620,2.12
13/05/2009,0,0,9.6(2.13 %),0,0,0,0,6003620,2.12
14/05/2009,0,0,9.4(-2.08 %),0,0,0,0,6003620,2.12
15/05/2009,0,0,9.8(4.26 %),0,0,0,0,6003620,2.12
18/05/2009,0,0,10(2.04 %),0,0,0,0,6003620,2.12
19/05/2009,-1250,-13125000,10.5(5.00 %),0,0,1250,13125000,6004870,2.11
20/05/2009,0,0,11(4.76 %),0,0,0,0,6004870,2.11
21/05/2009,0,0,11.5(4.55 %),0,0,0,0,6004870,2.11
22/05/2009,0,0,11(-4.35 %),0,0,0,0,6004870,2.11
25/05/2009,0,0,11.5(4.55 %),0,0,0,0,6004870,2.11
26/05/2009,0,0,11.6(0.87 %),0,0,0,0,6004870,2.11
27/05/2009,0,0,11.4(-1.72 %),0,0,0,0,6004870,2.11
28/05/2009,0,0,11.4(0.00 %),0,0,0,0,6004870,2.11
29/05/2009,0,0,11.3(-0.88 %),0,0,0,0,6004870,2.11
01/06/2009,0,0,11.8(4.42 %),0,0,0,0,6004870,2.11
02/06/2009,0,0,12.3(4.24 %),0,0,0,0,6004870,2.11
03/06/2009,0,0,12.9(4.88 %),0,0,0,0,6004870,2.11
04/06/2009,0,0,13.5(4.65 %),0,0,0,0,6004870,2.11
05/06/2009,-100,-1410000,14.1(4.44 %),0,0,100,1410000,6004970,2.11
08/06/2009,0,0,14.8(4.96 %),0,0,0,0,6004970,2.11
09/06/2009,0,0,14.4(-2.70 %),0,0,0,0,6004970,2.11
10/06/2009,0,0,13.7(-4.86 %),0,0,0,0,6004970,2.11
11/06/2009,0,0,14.3(4.38 %),0,0,0,0,6004970,2.11
12/06/2009,0,0,14.4(0.70 %),0,0,0,0,6004970,2.11
15/06/2009,0,0,13.7(-4.86 %),0,0,0,0,6004970,2.11
16/06/2009,0,0,13.1(-4.38 %),0,0,0,0,6004970,2.11
17/06/2009,0,0,12.5(-4.58 %),0,0,0,0,6004970,2.11
18/06/2009,0,0,12.9(3.20 %),0,0,0,0,6004970,2.11
19/06/2009,0,0,12.8(-0.78 %),0,0,0,0,6004970,2.11
22/06/2009,0,0,13.4(4.69 %),0,0,0,0,6004970,2.11
23/06/2009,0,0,14(4.48 %),0,0,0,0,6004970,2.11
24/06/2009,0,0,14.2(1.43 %),0,0,0,0,6004970,2.11
25/06/2009,0,0,13.5(-4.93 %),0,0,0,0,6004970,2.11
26/06/2009,0,0,13.5(0.00 %),0,0,0,0,6004970,2.11
29/06/2009,0,0,11.9(-4.80 %),0,0,0,0,6004970,2.11
30/06/2009,0,0,11.4(-4.20 %),0,0,0,0,6004970,2.11
01/07/2009,0,0,10.9(-4.39 %),0,0,0,0,6004970,2.11
02/07/2009,5000,52500000,10.6(-2.75 %),5000,52500000,0,0,5999970,2.15
03/07/2009,0,0,11(3.77 %),0,0,0,0,5999970,2.15
06/07/2009,0,0,11.5(4.55 %),0,0,0,0,5999970,2.15
07/07/2009,0,0,11.4(-0.87 %),0,0,0,0,5999970,2.15
08/07/2009,0,0,11(-3.51 %),0,0,0,0,5999970,2.15
09/07/2009,0,0,11.3(2.73 %),0,0,0,0,5999970,2.15
10/07/2009,0,0,10.8(-4.42 %),0,0,0,0,5999970,2.15
13/07/2009,0,0,10.3(-4.63 %),0,0,0,0,5999970,2.15
14/07/2009,0,0,10(-2.91 %),0,0,0,0,5999970,2.15
15/07/2009,0,0,10.5(5.00 %),0,0,0,0,5999970,2.15
16/07/2009,0,0,11(4.76 %),0,0,0,0,5999970,2.15
17/07/2009,0,0,10.8(-1.82 %),0,0,0,0,5999970,2.15
20/07/2009,0,0,10.5(-2.78 %),0,0,0,0,5999970,2.15
21/07/2009,0,0,10.8(2.86 %),0,0,0,0,5999970,2.15
22/07/2009,0,0,10.5(-2.78 %),0,0,0,0,5999970,2.15
23/07/2009,0,0,10.6(0.95 %),0,0,0,0,5999970,2.15
24/07/2009,0,0,11.1(4.72 %),0,0,0,0,5999970,2.15
27/07/2009,0,0,11.6(4.50 %),0,0,0,0,5999970,2.15
28/07/2009,17000,203700000,12.1(4.31 %),20000,240000000,3000,36300000,5982970,2.28
29/07/2009,6800,85680000,12.1(0.00 %),7000,88200000,200,2520000,5976170,2.34
30/07/2009,0,0,11.6(-4.13 %),0,0,0,0,5976170,2.34
31/07/2009,0,0,12.1(4.31 %),0,0,0,0,5976170,2.34
03/08/2009,0,0,11.8(-2.48 %),0,0,0,0,5976170,2.34
04/08/2009,0,0,12(1.69 %),0,0,0,0,5976170,2.34
05/08/2009,0,0,12(0.00 %),0,0,0,0,5976170,2.34
06/08/2009,0,0,11.9(-0.83 %),0,0,0,0,5976170,2.34
07/08/2009,0,0,11.9(0.00 %),0,0,0,0,5976170,2.34
10/08/2009,0,0,12.3(3.36 %),0,0,0,0,5976170,2.34
11/08/2009,0,0,12.3(0.00 %),0,0,0,0,5976170,2.34
12/08/2009,0,0,12(-2.44 %),0,0,0,0,5976170,2.34
13/08/2009,0,0,12(0.00 %),0,0,0,0,5976170,2.34
14/08/2009,0,0,12(0.00 %),0,0,0,0,5976170,2.34
17/08/2009,0,0,11.9(-0.83 %),0,0,0,0,5976170,2.34
18/08/2009,0,0,12(0.84 %),0,0,0,0,5976170,2.34
19/08/2009,0,0,12.1(0.83 %),0,0,0,0,5976170,2.34
20/08/2009,0,0,12.3(1.65 %),0,0,0,0,5976170,2.34
21/08/2009,-8000,-102600000,12.9(4.88 %),0,0,8000,102600000,5984170,2.27
24/08/2009,-1700,-22950000,13.5(4.65 %),300,4050000,2000,27000000,5985870,2.26
25/08/2009,-5000,-69100000,13.7(1.48 %),0,0,5000,69100000,5993020,2.21
26/08/2009,-2150,-29162000,13.2(-3.65 %),0,0,2150,29162000,5988020,2.24
27/08/2009,-2000,-27600000,13.8(4.55 %),0,0,2000,27600000,5990020,2.23
28/08/2009,-3000,-43200000,14.4(4.35 %),0,0,3000,43200000,5993020,2.21
31/08/2009,-3000,-45300000,15.1(4.86 %),0,0,3000,45300000,5996020,2.18
01/09/2009,-1350,-19700000,15.5(2.65 %),150,2250000,1500,21950000,5997370,2.17
03/09/2009,-2350,-34780000,14.8(-4.52 %),0,0,2350,34780000,5999720,2.15
04/09/2009,0,0,14.1(-4.73 %),0,0,0,0,5999720,2.15
07/09/2009,0,0,14(-0.71 %),0,0,0,0,5999720,2.15
08/09/2009,0,0,14.7(5.00 %),0,0,0,0,5999720,2.15
09/09/2009,0,0,14.5(-1.36 %),0,0,0,0,5999720,2.15
10/09/2009,0,0,14.3(-1.38 %),0,0,0,0,5999720,2.15
11/09/2009,0,0,14.2(-0.70 %),0,0,0,0,5999720,2.15
14/09/2009,0,0,14.1(-0.70 %),0,0,0,0,5999720,2.15
15/09/2009,-200,-2860000,14.2(0.71 %),0,0,200,2860000,5999920,2.15
16/09/2009,-300,-4350000,14.5(2.11 %),0,0,300,4350000,6000220,2.15
17/09/2009,-150,-2175000,14.5(0.00 %),0,0,150,2175000,6000370,2.15
18/09/2009,0,0,14.6(0.69 %),0,0,0,0,6000370,2.15
21/09/2009,0,0,15.3(4.79 %),0,0,0,0,6000370,2.15
22/09/2009,0,0,16(4.58 %),0,0,0,0,6000370,2.15
23/09/2009,-3000,-50400000,16.8(5.00 %),0,0,3000,50400000,6003370,2.12
24/09/2009,0,0,16(-4.76 %),0,0,0,0,6003370,2.12
25/09/2009,-25000,-3925000000,15.4(-3.75 %),0,0,25000,3925000000,6028370,1.93
28/09/2009,-6800,-1115200000,15.6(1.30 %),4000,656000000,10800,1771200000,6010170,2.07
29/09/2009,0,0,16.3(4.49 %),0,0,0,0,6003370,2.12
30/09/2009,0,0,15.5(-4.91 %),0,0,0,0,6003370,2.12
01/10/2009,0,0,15.5(0.00 %),0,0,0,0,6003370,2.12
02/10/2009,0,0,15(-3.23 %),0,0,0,0,6003370,2.12
05/10/2009,0,0,15(0.00 %),0,0,0,0,6003370,2.12
06/10/2009,0,0,15.1(0.67 %),0,0,0,0,6003370,2.12
07/10/2009,0,0,15.5(2.65 %),0,0,0,0,6003370,2.12
08/10/2009,0,0,15.3(-1.29 %),0,0,0,0,6003370,2.12
09/10/2009,0,0,15.5(1.31 %),0,0,0,0,6003370,2.12
12/10/2009,0,0,16.2(4.52 %),0,0,0,0,6003370,2.12
13/10/2009,-5000,-83000000,17(4.94 %),0,0,5000,83000000,6008370,2.09
14/10/2009,0,0,17.8(4.71 %),0,0,0,0,6008370,2.09
15/10/2009,0,0,18.6(4.49 %),0,0,0,0,6008370,2.09
16/10/2009,100,1950000,19.5(4.84 %),100,1950000,0,0,5995350,2.19
19/10/2009,0,0,20.4(4.62 %),0,0,0,0,6008270,2.09
20/10/2009,0,0,21.4(4.90 %),0,0,0,0,6008270,2.09
21/10/2009,-5000,-104500000,20.7(-3.27 %),0,0,5000,104500000,6013270,2.05
22/10/2009,0,0,19.7(-4.83 %),0,0,0,0,6013270,2.05
23/10/2009,12920,243032000,18.8(-4.57 %),15000,283000000,2080,39968000,6000350,2.15
26/10/2009,4900,87600000,17.9(-4.79 %),5000,89500000,100,1900000,5995450,2.19
27/10/2009,5000,85500000,17.5(-2.23 %),5000,85500000,0,0,5990450,2.23
28/10/2009,0,0,18.3(4.57 %),0,0,0,0,5990450,2.23
29/10/2009,4800,92160000,19.1(4.37 %),4800,92160000,0,0,5985650,2.26
30/10/2009,-13500,-269750000,20(4.71 %),1500,29250000,15000,299000000,5999150,2.16
02/11/2009,0,0,19(-5.00 %),0,0,0,0,5999150,2.16
03/11/2009,-4800,-86880000,18.1(-4.74 %),0,0,4800,86880000,6003950,2.12
04/11/2009,5000,86500000,18(-0.55 %),5000,86500000,0,0,5998950,2.16
05/11/2009,-100,-1850000,18.4(2.22 %),0,0,100,1850000,5999050,2.16
06/11/2009,0,0,17.5(-4.89 %),0,0,0,0,5999050,2.16
09/11/2009,5000,84000000,16.7(-4.57 %),5000,84000000,0,0,5994050,2.2
10/11/2009,5000,80000000,15.9(-4.79 %),5000,80000000,0,0,5989050,2.24
11/11/2009,0,0,16.3(2.52 %),0,0,0,0,5989050,2.24
12/11/2009,0,0,17.1(4.91 %),0,0,0,0,5989050,2.24
13/11/2009,0,0,17(-0.58 %),0,0,0,0,5989050,2.24
16/11/2009,0,0,16.6(-2.35 %),0,0,0,0,5989050,2.24
17/11/2009,0,0,16.7(0.60 %),0,0,0,0,5989050,2.24
18/11/2009,0,0,16.6(-0.60 %),0,0,0,0,5989050,2.24
19/11/2009,0,0,17(2.41 %),0,0,0,0,5989050,2.24
20/11/2009,0,0,16.6(-2.35 %),0,0,0,0,5989050,2.24
23/11/2009,0,0,16.4(-1.20 %),0,0,0,0,5989050,2.24
24/11/2009,0,0,16(-2.44 %),0,0,0,0,5989050,2.24
25/11/2009,0,0,15.2(-5.00 %),0,0,0,0,5989050,2.24
26/11/2009,0,0,14.5(-4.61 %),0,0,0,0,5989050,2.24
27/11/2009,0,0,14.5(0.00 %),0,0,0,0,5989050,2.24
30/11/2009,5000,75000000,15(3.45 %),5000,75000000,0,0,5984050,2.28
01/12/2009,0,0,15.5(3.33 %),0,0,0,0,5984050,2.28
02/12/2009,0,0,14.8(-4.52 %),0,0,0,0,5984050,2.28
03/12/2009,0,0,14.3(-3.38 %),0,0,0,0,5984050,2.28
04/12/2009,0,0,14.7(2.80 %),0,0,0,0,5984050,2.28
07/12/2009,0,0,14.4(-2.04 %),0,0,0,0,5984050,2.28
08/12/2009,3000,42000000,14(-2.78 %),3000,42000000,0,0,5981050,2.3
09/12/2009,5250,70875000,13.3(-5.00 %),5250,70875000,0,0,5975800,2.34
10/12/2009,0,0,12.7(-4.51 %),0,0,0,0,5975800,2.34
11/12/2009,0,0,12.1(-4.72 %),0,0,0,0,5975800,2.34
14/12/2009,-1000,-12100000,12.7(4.96 %),0,0,1000,12100000,5976800,2.33
15/12/2009,0,0,13(2.36 %),0,0,0,0,5976800,2.33
16/12/2009,0,0,13.2(1.54 %),0,0,0,0,5976800,2.33
17/12/2009,0,0,13.8(4.55 %),0,0,0,0,5976800,2.33
18/12/2009,0,0,14.1(2.17 %),0,0,0,0,5976800,2.33
21/12/2009,0,0,14.6(3.55 %),0,0,0,0,5976800,2.33
22/12/2009,0,0,13.9(-4.79 %),0,0,0,0,5976800,2.33
23/12/2009,0,0,13.5(-2.88 %),0,0,0,0,5976800,2.33
24/12/2009,0,0,13.9(2.96 %),0,0,0,0,5976800,2.33
25/12/2009,0,0,14.4(3.60 %),0,0,0,0,5976800,2.33
28/12/2009,0,0,14.4(0.00 %),0,0,0,0,5976800,2.33
29/12/2009,0,0,14.3(-0.69 %),0,0,0,0,5976800,2.33
30/12/2009,0,0,14.1(-1.40 %),0,0,0,0,5976800,2.33
31/12/2009,0,0,14.5(2.84 %),0,0,0,0,5976800,2.33
04/01/2010,1000,15000000,15.2(4.83 %),1000,15000000,0,0,5975800,2.34
05/01/2010,-1450,-23055000,15.8(3.95 %),0,0,1450,23055000,5977250,2.33
06/01/2010,0,0,15.6(-1.27 %),0,0,0,0,5977250,2.33
07/01/2010,3000,48000000,16.3(4.49 %),3000,48000000,0,0,5974250,2.35
08/01/2010,-3000,-51300000,16.3(0.00 %),2000,34200000,5000,85500000,5977250,2.33
11/01/2010,0,0,17(4.29 %),0,0,0,0,5977250,2.33
12/01/2010,-3500,-56700000,16.2(-4.71 %),0,0,3500,56700000,5980750,2.3
13/01/2010,2000,30500000,15.4(-4.94 %),5000,77000000,3000,46500000,5978750,2.32
14/01/2010,-2000,-30554000,15.9(3.25 %),0,0,2000,30554000,5980750,2.3
15/01/2010,0,0,15.7(-1.26 %),0,0,0,0,5980750,2.3
18/01/2010,0,0,15(-4.46 %),0,0,0,0,5980750,2.3
19/01/2010,0,0,15.2(1.33 %),0,0,0,0,5980750,2.3
20/01/2010,2000,29000000,14.5(-4.61 %),2000,29000000,0,0,5978750,2.32
21/01/2010,0,0,13.9(-4.14 %),0,0,0,0,5978750,2.32
22/01/2010,3000,41700000,13.9(0.00 %),3000,41700000,0,0,5975750,2.34
25/01/2010,0,0,14.4(3.60 %),0,0,0,0,5975750,2.34
26/01/2010,0,0,15(4.17 %),0,0,0,0,5975750,2.34
27/01/2010,0,0,14.3(-4.67 %),0,0,0,0,5975750,2.34
28/01/2010,5000,69000000,13.6(-4.90 %),5000,69000000,0,0,5970750,2.38
29/01/2010,2770,36160000,13.2(-2.94 %),2770,36160000,0,0,5967980,2.4
01/02/2010,0,0,13.7(3.79 %),0,0,0,0,5967980,2.4
02/02/2010,0,0,13.7(0.00 %),0,0,0,0,5967980,2.4
03/02/2010,0,0,13.7(0.00 %),0,0,0,0,5967980,2.4
04/02/2010,0,0,14(2.19 %),0,0,0,0,5967980,2.4
05/02/2010,0,0,13.7(-2.14 %),0,0,0,0,5967980,2.4
08/02/2010,500,6600000,13.1(-4.38 %),500,6600000,0,0,5967480,2.4
09/02/2010,0,0,13.1(0.00 %),0,0,0,0,5967480,2.4
10/02/2010,0,0,13.4(2.29 %),0,0,0,0,5967480,2.4
11/02/2010,0,0,13.7(2.24 %),0,0,0,0,5967480,2.4
12/02/2010,0,0,13.7(0.00 %),0,0,0,0,5967480,2.4
22/02/2010,0,0,13.3(-2.92 %),0,0,0,0,5967480,2.4
23/02/2010,0,0,13.3(0.00 %),0,0,0,0,5967480,2.4
24/02/2010,0,0,13.3(0.00 %),0,0,0,0,5967480,2.4
25/02/2010,0,0,13.2(-0.75 %),0,0,0,0,5967480,2.4
26/02/2010,0,0,13(-1.52 %),0,0,0,0,5972480,2.4
01/03/2010,0,0,13.5(3.85 %),0,0,0,0,5972480,2.37
02/03/2010,0,0,13.6(0.74 %),0,0,0,0,5972480,2.37
03/03/2010,0,0,13.4(-1.47 %),0,0,0,0,5972480,2.37
04/03/2010,0,0,13.6(1.49 %),0,0,0,0,5972480,2.37
05/03/2010,0,0,14.2(4.41 %),0,0,0,0,5972480,2.37
08/03/2010,0,0,14.9(4.93 %),0,0,0,0,5972480,2.37
09/03/2010,0,0,14.8(-0.67 %),0,0,0,0,5972480,2.37
10/03/2010,0,0,14.9(0.68 %),0,0,0,0,5972480,2.37
11/03/2010,0,0,14.2(-4.70 %),0,0,0,0,5972480,2.37
12/03/2010,0,0,14.6(2.82 %),0,0,0,0,5972480,2.37
15/03/2010,0,0,14.9(2.05 %),0,0,0,0,5972480,2.37
16/03/2010,0,0,14.3(-4.03 %),0,0,0,0,5972480,2.37
17/03/2010,0,0,14.3(0.00 %),0,0,0,0,5972480,2.37
18/03/2010,0,0,14.6(2.10 %),0,0,0,0,5972480,2.37
19/03/2010,0,0,14.4(-1.37 %),0,0,0,0,5972480,2.37
22/03/2010,0,0,14.4(0.00 %),0,0,0,0,5972480,2.37
23/03/2010,0,0,14(-2.78 %),0,0,0,0,5972480,2.37
24/03/2010,-3000,-42000000,14.1(0.71 %),0,0,3000,42000000,5975480,2.34
25/03/2010,0,0,13.9(-1.42 %),0,0,0,0,5975480,2.34
26/03/2010,0,0,13.8(-0.72 %),0,0,0,0,5975480,2.34
29/03/2010,-2000,-28200000,14.2(2.90 %),0,0,2000,28200000,5977480,2.33
30/03/2010,-8770,-122780000,14(-1.41 %),0,0,8770,122780000,5986250,2.26
31/03/2010,0,0,14.1(0.71 %),0,0,0,0,5986250,2.26
01/04/2010,0,0,14.2(0.71 %),0,0,0,0,5986250,2.26
02/04/2010,0,0,14.1(-0.70 %),0,0,0,0,5986250,2.26
05/04/2010,-3000,-42600000,14.5(2.84 %),0,0,3000,42600000,5989250,2.23
06/04/2010,0,0,14.8(2.07 %),0,0,0,0,5989250,2.23
07/04/2010,0,0,14.6(-1.35 %),0,0,0,0,5989250,2.23
08/04/2010,0,0,14.6(0.00 %),0,0,0,0,5989250,2.23
09/04/2010,-5000,-73000000,14.8(1.37 %),0,0,5000,73000000,5994250,2.2
12/04/2010,0,0,14.9(0.68 %),0,0,0,0,5994250,2.2
13/04/2010,0,0,14.8(-0.67 %),0,0,0,0,5994250,2.2
14/04/2010,0,0,14.8(0.00 %),0,0,0,0,5994250,2.2
15/04/2010,-5990,-89751000,15(1.35 %),0,0,5990,89751000,6000240,2.15
16/04/2010,-5000,-76000000,15.4(2.67 %),0,0,5000,76000000,6005240,2.11
19/04/2010,0,0,15.5(0.65 %),0,0,0,0,6005240,2.11
20/04/2010,0,0,16.2(4.52 %),0,0,0,0,6005240,2.11
21/04/2010,0,0,16.4(1.23 %),0,0,0,0,6005240,2.11
22/04/2010,0,0,16(-2.44 %),0,0,0,0,6005240,2.11
26/04/2010,0,0,15.4(-3.75 %),0,0,0,0,6005240,2.11
27/04/2010,0,0,15.4(0.00 %),0,0,0,0,6005240,2.11
28/04/2010,0,0,15.5(0.65 %),0,0,0,0,6005240,2.11
29/04/2010,0,0,15.6(0.65 %),0,0,0,0,6005240,2.11
04/05/2010,-1000,-16300000,16.3(4.49 %),0,0,1000,16300000,6006240,2.1
05/05/2010,-5010,-85671000,17.1(4.91 %),0,0,5010,85671000,6011250,2.06
06/05/2010,-3000,-53700000,17.9(4.68 %),0,0,3000,53700000,6014250,2.04
07/05/2010,-3000,-56100000,18.7(4.47 %),0,0,3000,56100000,6017250,2.02
10/05/2010,-5000,-98000000,19.6(4.81 %),0,0,5000,98000000,6022250,1.98
12/05/2010,0,0,19.5(-4.88 %),0,0,0,0,6022250,1.98
13/05/2010,0,0,18.6(-4.62 %),0,0,0,0,6022250,1.98
14/05/2010,0,0,17.7(-4.84 %),0,0,0,0,6022250,1.98
17/05/2010,-2420,-41624000,17.7(0.00 %),0,0,2420,41624000,6024670,1.96
18/05/2010,0,0,17(-3.95 %),0,0,0,0,6024670,1.96
19/05/2010,0,0,17(0.00 %),0,0,0,0,6024670,1.96
20/05/2010,-2580,-42570000,17.8(4.71 %),0,0,2580,42570000,6027250,1.94
21/05/2010,-5600,-98840000,17(-4.49 %),100,1700000,5700,100540000,6032850,1.89
24/05/2010,5000,85000000,17(0.00 %),5000,85000000,0,0,6027850,1.93
25/05/2010,0,0,17(0.00 %),0,0,0,0,6027850,1.93
26/05/2010,-2000,-32200000,16.2(4.52 %),0,0,2000,32200000,6029850,1.92
27/05/2010,0,0,16.2(0.00 %),0,0,0,0,6029850,1.92
28/05/2010,2400,38880000,16.9(4.32 %),2400,38880000,0,0,6027450,1.94
31/05/2010,0,0,16.2(-4.14 %),0,0,0,0,6027450,1.94
01/06/2010,0,0,16.3(0.62 %),0,0,0,0,6027450,1.94
02/06/2010,0,0,16.3(0.00 %),0,0,0,0,6027450,1.94
03/06/2010,0,0,16.4(0.61 %),0,0,0,0,6027450,1.94
04/06/2010,0,0,17.2(4.88 %),0,0,0,0,6027450,1.94
07/06/2010,-5000,-90000000,18(4.65 %),0,0,5000,90000000,6032450,1.9
08/06/2010,0,0,18.9(5.00 %),0,0,0,0,6032450,1.9
09/06/2010,-5000,-99000000,19.3(2.12 %),0,0,5000,99000000,6037450,1.86
10/06/2010,5000,92000000,18.4(-4.66 %),5000,92000000,0,0,6032450,1.9
11/06/2010,5000,94620000,19.2(4.35 %),5000,94620000,0,0,6027450,1.94
14/06/2010,0,0,19.5(1.56 %),0,0,0,0,6027450,1.94
15/06/2010,0,0,19.3(-1.03 %),0,0,0,0,6027450,1.94
16/06/2010,-2400,-48000000,19.9(3.11 %),0,0,2400,48000000,6029850,1.92
17/06/2010,0,0,19.1(-4.02 %),0,0,0,0,6029850,1.92
18/06/2010,0,0,18.8(-1.57 %),0,0,0,0,6029850,1.92
21/06/2010,3000,59100000,19.7(4.79 %),3000,59100000,0,0,6026850,1.94
22/06/2010,0,0,18.9(-4.06 %),0,0,0,0,6026850,1.94
23/06/2010,0,0,18.5(-2.12 %),0,0,0,0,6026850,1.94
24/06/2010,0,0,18.7(1.08 %),0,0,0,0,6026850,1.94
25/06/2010,0,0,17.8(-4.81 %),0,0,0,0,6026850,1.94
28/06/2010,0,0,17.8(0.00 %),0,0,0,0,6026850,1.94
29/06/2010,-7000,-129800000,18.4(3.37 %),0,0,7000,129800000,6033850,1.89
30/06/2010,-1000,-18200000,18.4(0.00 %),0,0,1000,18200000,6034850,1.88
01/07/2010,0,0,17.8(-3.26 %),0,0,0,0,6034850,1.88
02/07/2010,0,0,17.8(0.00 %),0,0,0,0,6034850,1.88
05/07/2010,0,0,17.5(-1.69 %),0,0,0,0,6034850,1.88
06/07/2010,0,0,17(-2.86 %),0,0,0,0,6034850,1.88
07/07/2010,0,0,16.9(-0.59 %),0,0,0,0,6034850,1.88
08/07/2010,0,0,16.9(0.00 %),0,0,0,0,6034850,1.88
09/07/2010,0,0,16.9(0.00 %),0,0,0,0,6034850,1.88
12/07/2010,0,0,16.9(0.00 %),0,0,0,0,6034850,1.88
13/07/2010,0,0,17.4(2.96 %),0,0,0,0,6034850,1.88
14/07/2010,0,0,16.8(-3.45 %),0,0,0,0,6034850,1.88
15/07/2010,10000,167000000,16.5(-1.79 %),10000,167000000,0,0,6024850,1.96
16/07/2010,0,0,16.4(-0.61 %),0,0,0,0,6024850,1.96
19/07/2010,0,0,16.6(1.22 %),0,0,0,0,6024850,1.96
20/07/2010,0,0,17.4(4.82 %),0,0,0,0,6024850,1.96
21/07/2010,0,0,17(-2.30 %),0,0,0,0,6024850,1.96
22/07/2010,0,0,16.5(-2.94 %),0,0,0,0,6024850,1.96
23/07/2010,0,0,16.5(0.00 %),0,0,0,0,6024850,1.96
26/07/2010,0,0,16(-3.03 %),0,0,0,0,6024850,1.96
27/07/2010,0,0,16.8(5.00 %),0,0,0,0,6024850,1.96
28/07/2010,0,0,16.5(-1.79 %),0,0,0,0,6024850,1.96
29/07/2010,200,3340000,16.2(-1.82 %),200,3340000,0,0,6024650,1.96
30/07/2010,0,0,16.8(3.70 %),0,0,0,0,6024650,1.96
02/08/2010,300,4860000,16.1(-4.17 %),300,4860000,0,0,6024350,1.96
03/08/2010,0,0,15.8(-1.86 %),0,0,0,0,6024350,1.96
04/08/2010,3420,52668000,15.5(-1.90 %),3420,52668000,0,0,6020930,1.99
05/08/2010,0,0,15.5(0.00 %),0,0,0,0,6020930,1.99
06/08/2010,1580,24016000,15(-3.23 %),1580,24016000,0,0,6019350,2.0
09/08/2010,0,0,14.3(-4.67 %),0,0,0,0,6019350,2.0
10/08/2010,0,0,13.6(-4.90 %),0,0,0,0,6019350,2.0
11/08/2010,0,0,13.5(-0.74 %),0,0,0,0,6012350,2.05
12/08/2010,6000,77900000,12.9(-4.44 %),6000,77900000,0,0,6013350,2.05
13/08/2010,1000,12300000,12.5(-3.10 %),1000,12300000,0,0,6012350,2.05
16/08/2010,0,0,13.1(4.80 %),0,0,0,0,6012350,2.05
17/08/2010,0,0,13.4(2.29 %),0,0,0,0,6012350,2.05
18/08/2010,0,0,13(-2.99 %),0,0,0,0,6012350,2.05
19/08/2010,0,0,13(0.00 %),0,0,0,0,6012350,263080.0
20/08/2010,0,0,12.7(-2.31 %),0,0,0,0,6012350,2.05
23/08/2010,0,0,12.5(-1.57 %),0,0,0,0,0,0.0
24/08/2010,1480,17812000,11.9(-4.80 %),1480,17812000,0,0,0,6276910.0
25/08/2010,0,0,11.4(-4.20 %),0,0,0,0,0,49.01
26/08/2010,0,0,11.1(-2.63 %),0,0,0,0,0,49.01
27/08/2010,-5000,-53500000,10.8(-2.70 %),0,0,5000,53500000,3520,48.97
30/08/2010,0,0,11.3(4.63 %),0,0,0,0,3520,48.97
31/08/2010,7390,85485000,11.8(4.42 %),7390,85485000,0,0,0,49.03
01/09/2010,1400,17220000,12.3(4.24 %),1400,17220000,0,0,0,49.04
06/09/2010,0,0,12.9(4.88 %),0,0,0,0,6017080,49.04
07/09/2010,0,0,13.3(3.10 %),0,0,0,0,0,49.04
08/09/2010,0,0,12.7(-4.51 %),0,0,0,0,0,49.04
09/09/2010,0,0,12.8(0.79 %),0,0,0,0,0,49.04
10/09/2010,1520,18544000,12.2(-4.69 %),1520,18544000,0,0,0,49.05
13/09/2010,0,0,12.5(2.46 %),0,0,0,0,0,49.05
14/09/2010,0,0,12(-4.00 %),0,0,0,0,0,49.05
15/09/2010,20,242000,12.1(0.83 %),20,242000,0,0,0,49.05
16/09/2010,1000,11800000,12.1(0.00 %),1000,11800000,0,0,0,49.06
17/09/2010,0,0,12.2(0.83 %),0,0,0,0,0,49.06
20/09/2010,0,0,12.2(0.00 %),0,0,0,0,0,49.06
21/09/2010,1200,14160000,11.8(-3.28 %),1200,14160000,0,0,0,49.07
22/09/2010,0,0,11.9(0.85 %),0,0,0,0,0,49.07
23/09/2010,40,460000,11.8(-0.84 %),40,460000,0,0,0,49.07
24/09/2010,180,2070000,11.6(-1.69 %),180,2070000,0,0,0,49.07
27/09/2010,1000,11500000,11.4(-1.72 %),1000,11500000,0,0,0,49.08
28/09/2010,560,6440000,11.5(0.88 %),560,6440000,0,0,0,49.08
29/09/2010,0,0,11.4(-0.87 %),0,0,0,0,0,49.08
30/09/2010,0,0,11.2(-1.75 %),0,0,0,0,6011560,49.08
01/10/2010,0,0,11.3(0.89 %),0,0,0,0,6011560,2.06
04/10/2010,1210,13310000,10.9(-3.54 %),1210,13310000,0,0,6010350,2.07
05/10/2010,1000,10900000,11(0.92 %),1000,10900000,0,0,6009350,2.08
06/10/2010,1010,11111000,11.1(0.91 %),1010,11111000,0,0,6008340,2.09
07/10/2010,1000,11100000,11.1(0.00 %),1000,11100000,0,0,6007340,2.09
08/10/2010,90,999000,11(-0.90 %),90,999000,0,0,6007250,2.09
11/10/2010,0,0,11(0.00 %),0,0,0,0,0,0.0
12/10/2010,1000,10800000,11(0.00 %),1000,10800000,0,0,0,0.0
13/10/2010,0,0,10.9(-0.91 %),0,0,0,0,0,49.0
14/10/2010,0,0,10.9(0.00 %),0,0,0,0,0,49.0
15/10/2010,0,0,10.9(0.00 %),0,0,0,0,0,49.0
18/10/2010,-2100,-23100000,11.1(1.83 %),0,0,2100,23100000,2100,48.98
19/10/2010,0,0,10.7(-3.60 %),0,0,0,0,2100,48.98
20/10/2010,7000,71400000,10.2(-4.67 %),7000,71400000,0,0,0,49.04
21/10/2010,0,0,10(-1.96 %),0,0,0,0,0,49.04
22/10/2010,100,1000000,9.8(-2.00 %),100,1000000,0,0,0,49.04
25/10/2010,1200,11520000,9.8(0.00 %),1200,11520000,0,0,0,49.05
26/10/2010,0,0,10.1(3.06 %),0,0,0,0,0,49.05
27/10/2010,0,0,9.8(-2.97 %),0,0,0,0,0,49.05
28/10/2010,3700,34950000,9.4(-4.08 %),3700,34950000,0,0,0,49.08
29/10/2010,0,0,9.5(1.06 %),0,0,0,0,0,49.08
01/11/2010,0,0,9.3(-2.11 %),0,0,0,0,0,49.08
02/11/2010,0,0,9.1(-2.15 %),0,0,0,0,0,49.08
03/11/2010,0,0,8.9(-2.20 %),0,0,0,0,0,49.08
04/11/2010,0,0,9.1(2.25 %),0,0,0,0,0,49.08
05/11/2010,-1000,-9400000,9.4(3.30 %),0,0,1000,9400000,0,49.07
08/11/2010,-1230,-11685000,9.3(-1.06 %),0,0,1230,11685000,0,49.06
09/11/2010,630,5630000,8.9(-4.30 %),630,5630000,0,0,0,49.06
10/11/2010,5000,44500000,8.9(0.00 %),5000,44500000,0,0,0,49.1
11/11/2010,710,6222000,8.7(-2.25 %),710,6222000,0,0,0,49.11
12/11/2010,2260,18758000,8.3(-4.60 %),2260,18758000,0,0,0,49.13
15/11/2010,0,0,8.1(-2.41 %),0,0,0,0,0,49.13
16/11/2010,-2000,-15600000,7.8(-3.70 %),0,0,2000,15600000,0,49.11
17/11/2010,-2000,-16000000,7.9(1.28 %),0,0,2000,16000000,0,49.1
18/11/2010,0,0,8.1(2.53 %),0,0,0,0,0,49.1
19/11/2010,0,0,8.1(0.00 %),0,0,0,0,0,49.1
22/11/2010,3500,27300000,7.8(-3.70 %),3500,27300000,0,0,0,49.12
23/11/2010,0,0,8.1(3.85 %),0,0,0,0,0,49.12
24/11/2010,-3000,-25500000,8.5(4.94 %),0,0,3000,25500000,0,49.1
25/11/2010,-2370,-20682000,8.8(3.53 %),0,0,2370,20682000,0,49.08
26/11/2010,0,0,8.9(1.14 %),0,0,0,0,0,49.08
29/11/2010,2000,17300000,9.1(2.25 %),2000,17300000,0,0,0,49.1
30/11/2010,1150,10810000,9.5(4.40 %),1150,10810000,0,0,0,49.11
01/12/2010,0,0,9.3(-2.11 %),0,0,0,0,0,49.11
02/12/2010,1000,9300000,9.7(4.30 %),1000,9300000,0,0,0,49.11
03/12/2010,0,0,10.1(4.12 %),0,0,0,0,0,49.11
06/12/2010,0,0,10.4(2.97 %),0,0,0,0,0,49.11
07/12/2010,0,0,9.9(-4.81 %),0,0,0,0,0,49.11
08/12/2010,0,0,9.5(-4.04 %),0,0,0,0,0,49.11
09/12/2010,3720,33852000,9.4(-1.05 %),3720,33852000,0,0,0,49.14
10/12/2010,130,1248000,9.6(2.13 %),130,1248000,0,0,0,49.14
13/12/2010,15000,150000000,10(4.17 %),15000,150000000,0,0,0,49.26
14/12/2010,-3000,-30000000,9.8(-2.00 %),0,0,3000,30000000,0,49.24
15/12/2010,20960,203262000,9.7(-1.02 %),20960,203262000,0,0,0,49.4
16/12/2010,4500,43350000,9.3(-4.12 %),4500,43350000,0,0,0,49.44
17/12/2010,0,0,9.7(4.30 %),0,0,0,0,0,49.44
20/12/2010,100,980000,9.7(0.00 %),100,980000,0,0,0,49.44
21/12/2010,3390,32205000,9.5(-2.06 %),3390,32205000,0,0,0,49.46
22/12/2010,13000,124300000,9.5(0.00 %),13000,124300000,0,0,0,49.56
23/12/2010,0,0,9.1(-4.21 %),0,0,0,0,0,49.56
24/12/2010,0,0,9(-1.10 %),0,0,0,0,0,49.56
27/12/2010,0,0,9.3(3.33 %),0,0,0,0,0,49.56
28/12/2010,0,0,9.4(1.08 %),0,0,0,0,0,49.56
29/12/2010,0,0,9.3(-1.06 %),0,0,0,0,0,49.56
30/12/2010,-1200,-11180000,9.3(0.00 %),0,0,1200,11180000,0,49.56
31/12/2010,0,0,9.4(1.08 %),0,0,0,0,0,49.56
04/01/2011,0,0,9.3(-1.06 %),0,0,0,0,0,49.56
05/01/2011,0,0,9(-3.23 %),0,0,0,0,0,49.56
06/01/2011,0,0,9.2(2.22 %),0,0,0,0,0,49.56
07/01/2011,-2000,-18400000,9.2(0.00 %),0,0,2000,18400000,0,49.54
10/01/2011,0,0,8.9(-3.26 %),0,0,0,0,0,49.54
11/01/2011,0,0,8.7(-2.25 %),0,0,0,0,0,49.54
12/01/2011,1160,10036000,9(3.45 %),1160,10036000,0,0,0,49.55
13/01/2011,10,88000,8.7(-3.33 %),10,88000,0,0,0,49.55
14/01/2011,0,0,8.7(0.00 %),0,0,0,0,5971830,2.37
17/01/2011,0,0,9(3.45 %),0,0,0,0,5971830,2.37
18/01/2011,0,0,8.8(-2.22 %),0,0,0,0,0,49.55
19/01/2011,0,0,8.8(0.00 %),0,0,0,0,0,49.55
20/01/2011,1000,8700000,8.7(-1.14 %),1000,8700000,0,0,0,49.56
21/01/2011,0,0,8.7(0.00 %),0,0,0,0,0,49.56
24/01/2011,0,0,8.7(0.00 %),0,0,0,0,0,49.56
25/01/2011,0,0,8.6(-1.15 %),0,0,0,0,0,49.56
26/01/2011,0,0,8.4(-2.33 %),0,0,0,0,0,49.56
27/01/2011,0,0,8.8(4.76 %),0,0,0,0,0,49.56
28/01/2011,0,0,8.8(0.00 %),0,0,0,0,0,49.56
08/02/2011,0,0,8.8(0.00 %),0,0,0,0,0,49.56
09/02/2011,0,0,8.9(1.14 %),0,0,0,0,5971830,2.37
10/02/2011,0,0,8.9(0.00 %),0,0,0,0,0,49.56
11/02/2011,-10,-89000,8.9(0.00 %),0,0,10,89000,5971830,2.37
14/02/2011,0,0,8.9(0.00 %),0,0,0,0,0,49.56
15/02/2011,0,0,8.8(-1.12 %),0,0,0,0,0,49.56
16/02/2011,0,0,8.6(-2.27 %),0,0,0,0,0,49.56
17/02/2011,-1000,-8900000,8.9(3.49 %),0,0,1000,8900000,0,49.55
18/02/2011,0,0,9(1.12 %),0,0,0,0,0,49.55
21/02/2011,0,0,8.6(-4.44 %),0,0,0,0,0,49.55
22/02/2011,0,0,8.4(-2.33 %),0,0,0,0,0,49.55
23/02/2011,0,0,8.8(4.76 %),0,0,0,0,0,49.55
24/02/2011,0,0,8.6(-2.27 %),0,0,0,0,0,49.55
25/02/2011,0,0,8.9(3.49 %),0,0,0,0,0,49.55
28/02/2011,0,0,8.7(-2.25 %),0,0,0,0,0,49.55
01/03/2011,0,0,8.8(1.15 %),0,0,0,0,0,49.55
02/03/2011,0,0,8.7(-1.14 %),0,0,0,0,0,49.55
03/03/2011,0,0,8.3(-4.60 %),0,0,0,0,0,0.0
04/03/2011,0,0,8(-3.61 %),0,0,0,0,0,0.0
07/03/2011,0,0,8(0.00 %),0,0,0,0,0,0.0
08/03/2011,-4330,-35406000,8.2(2.50 %),0,0,4330,35406000,0,0.0
09/03/2011,-110,-891000,8.1(-1.22 %),0,0,110,891000,0,0.0
10/03/2011,-3330,-27639000,8.5(4.94 %),0,0,3330,27639000,0,0.0
11/03/2011,-5670,-50096000,8.9(4.71 %),0,0,5670,50096000,0,0.0
14/03/2011,0,0,8.5(-4.49 %),0,0,0,0,0,0.0
15/03/2011,-3000,-25200000,8.3(-2.35 %),0,0,3000,25200000,0,0.0
16/03/2011,-750,-6347000,8.4(1.20 %),0,0,750,6347000,5943710,2.59
17/03/2011,-5200,-43720000,8.4(0.00 %),0,0,5200,43720000,5948910,2.55
18/03/2011,-8520,-71568000,8.4(0.00 %),0,0,8520,71568000,5957430,2.48
21/03/2011,0,0,8.6(2.38 %),0,0,0,0,5957430,2.48
22/03/2011,0,0,8.4(-2.33 %),0,0,0,0,5957430,2.48
23/03/2011,0,0,8.4(0.00 %),0,0,0,0,5957430,2.48
24/03/2011,-1000,-8400000,8.6(2.38 %),0,0,1000,8400000,5958430,2.48
25/03/2011,0,0,8.6(0.00 %),0,0,0,0,5958430,2.48
28/03/2011,0,0,8.6(0.00 %),0,0,0,0,5958430,2.48
29/03/2011,-480,-4032000,8.5(-1.16 %),0,0,480,4032000,5958910,2.47
30/03/2011,0,0,8.5(0.00 %),0,0,0,0,5958910,2.47
31/03/2011,0,0,8.5(0.00 %),0,0,0,0,5958910,2.47
01/04/2011,-100,-850000,8.5(0.00 %),0,0,100,850000,5967850,2.4
04/04/2011,-400,-3360000,8.4(-1.18 %),0,0,400,3360000,5968250,2.4
05/04/2011,0,0,8.3(-1.19 %),0,0,0,0,5968250,2.4
06/04/2011,-500,-4250000,8.5(2.41 %),0,0,500,4250000,5968750,2.39
07/04/2011,0,0,8.5(0.00 %),0,0,0,0,5968750,2.39
08/04/2011,0,0,8.4(-1.18 %),0,0,0,0,5968750,2.39
13/04/2011,0,0,8.3(-1.19 %),0,0,0,0,5968750,2.39
14/04/2011,0,0,8.3(0.00 %),0,0,0,0,5968750,2.39
15/04/2011,-1000,-8300000,8.3(0.00 %),0,0,1000,8300000,5969750,2.39
18/04/2011,0,0,8.2(-1.20 %),0,0,0,0,5969750,2.39
19/04/2011,0,0,8.2(0.00 %),0,0,0,0,5969750,2.39
20/04/2011,0,0,8.1(-1.22 %),0,0,0,0,5969750,2.39
21/04/2011,0,0,7.9(-2.47 %),0,0,0,0,5969750,2.39
22/04/2011,0,0,7.8(-1.27 %),0,0,0,0,5969750,2.39
25/04/2011,-3000,-24300000,8.1(3.85 %),0,0,3000,24300000,5972750,2.36
26/04/2011,-800,-6600000,8.3(2.47 %),200,1600000,1000,8200000,5973550,2.36
27/04/2011,0,0,8(-3.61 %),0,0,0,0,5973550,2.36
28/04/2011,0,0,8.4(5.00 %),0,0,0,0,5973550,2.36
29/04/2011,0,0,8.4(0.00 %),0,0,0,0,5973550,2.36
04/05/2011,0,0,8.2(-2.38 %),0,0,0,0,5974130,2.35
05/05/2011,0,0,8.3(1.22 %),0,0,0,0,5974130,2.35
06/05/2011,0,0,8.3(0.00 %),0,0,0,0,5974130,2.35
09/05/2011,0,0,8.4(1.20 %),0,0,0,0,5974130,2.35
10/05/2011,-300,-2520000,8.4(0.00 %),0,0,300,2520000,5974430,2.35
11/05/2011,0,0,8.4(0.00 %),0,0,0,0,5974430,2.35
12/05/2011,0,0,8.1(-3.57 %),0,0,0,0,5974430,2.35
13/05/2011,0,0,8.3(2.47 %),0,0,0,0,5974430,2.35
16/05/2011,0,0,8.2(-1.20 %),0,0,0,0,5974430,2.35
17/05/2011,310,2542000,8(-2.44 %),310,2542000,0,0,5974120,2.35
18/05/2011,0,0,8.1(1.25 %),0,0,0,0,5974120,2.35
19/05/2011,0,0,7.8(-3.70 %),0,0,0,0,5974120,2.35
20/05/2011,-500,-3950000,7.9(1.28 %),0,0,500,3950000,5974620,2.35
23/05/2011,490,3724000,7.9(0.00 %),490,3724000,0,0,5974130,2.35
24/05/2011,0,0,7.6(-3.80 %),0,0,0,0,5974130,2.35
25/05/2011,1000,7300000,7.3(-3.95 %),1000,7300000,0,0,5973130,2.36
26/05/2011,0,0,7.4(1.37 %),0,0,0,0,5973130,2.36
27/05/2011,0,0,7.5(1.35 %),0,0,0,0,5973130,2.36
30/05/2011,0,0,7.2(-4.00 %),0,0,0,0,5973130,2.36
31/05/2011,0,0,7.1(-1.39 %),0,0,0,0,5973130,2.36
01/06/2011,0,0,7(-1.41 %),0,0,0,0,5973130,2.36
02/06/2011,0,0,7.3(4.29 %),0,0,0,0,5973130,2.36
03/06/2011,0,0,7(-4.11 %),0,0,0,0,5973130,2.36
06/06/2011,0,0,6.7(-4.29 %),0,0,0,0,5973130,2.36
07/06/2011,0,0,7(4.48 %),0,0,0,0,5973130,2.36
08/06/2011,0,0,7.2(2.86 %),0,0,0,0,5973130,2.36
09/06/2011,0,0,7(-2.78 %),0,0,0,0,5973130,2.36
10/06/2011,0,0,7.3(4.29 %),0,0,0,0,5973130,2.36
13/06/2011,0,0,7.6(4.11 %),0,0,0,0,5973130,2.36
14/06/2011,0,0,7.9(3.95 %),0,0,0,0,5973130,2.36
15/06/2011,0,0,7.8(-1.27 %),0,0,0,0,5973130,2.36
16/06/2011,1300,10140000,7.8(0.00 %),1300,10140000,0,0,5971830,2.37
17/06/2011,0,0,7.5(-3.85 %),0,0,0,0,5971830,2.37
20/06/2011,-1000,-7200000,7.2(-4.00 %),0,0,1000,7200000,5972830,2.36
21/06/2011,-210,-1554000,7.5(4.17 %),0,0,210,1554000,5973040,2.36
22/06/2011,0,0,7.8(4.00 %),0,0,0,0,5973040,2.36
23/06/2011,-2890,-22820000,8.1(3.85 %),110,880000,3000,23700000,5975930,2.34
24/06/2011,1300,10630000,8.2(1.23 %),1300,10630000,0,0,5974630,2.35
27/06/2011,4060,32730000,7.9(-3.66 %),4060,32730000,0,0,5970570,2.38
28/06/2011,0,0,8(1.27 %),0,0,0,0,5970570,2.38
29/06/2011,2500,16750000,6.7(0.00 %),2500,16750000,0,0,5968070,2.4
30/06/2011,0,0,6.6(-1.49 %),0,0,0,0,5968070,2.4
01/07/2011,800,5040000,6.3(-4.55 %),800,5040000,0,0,5968070,2.4
04/07/2011,0,0,6.4(1.59 %),0,0,0,0,5968070,2.4
05/07/2011,500,3200000,6.4(0.00 %),500,3200000,0,0,5967570,2.4
06/07/2011,0,0,6.3(-1.56 %),0,0,0,0,5967570,2.4
07/07/2011,0,0,6.2(-1.59 %),0,0,0,0,5967570,2.4
08/07/2011,0,0,6.2(0.00 %),0,0,0,0,5967570,2.4
11/07/2011,-1040,-6552000,6.4(3.23 %),0,0,1040,6552000,5968610,2.4
12/07/2011,0,0,6.4(0.00 %),0,0,0,0,5968610,2.4
13/07/2011,0,0,6.3(-1.56 %),0,0,0,0,5968610,2.4
14/07/2011,0,0,6.3(0.00 %),0,0,0,0,5968610,2.4
15/07/2011,0,0,6.2(-1.59 %),0,0,0,0,5968610,2.4
18/07/2011,0,0,6.1(-1.61 %),0,0,0,0,5968610,2.4
19/07/2011,300,1800000,6.3(3.28 %),500,3000000,200,1200000,5968310,2.4
20/07/2011,0,0,6.3(0.00 %),0,0,0,0,5968310,2.4
21/07/2011,1640,9840000,6.2(-1.59 %),1640,9840000,0,0,5966670,2.41
22/07/2011,0,0,6.2(0.00 %),0,0,0,0,5966670,2.41
25/07/2011,1180,6962000,5.9(-4.84 %),1180,6962000,0,0,5965490,2.42
26/07/2011,0,0,5.7(-3.39 %),0,0,0,0,5965490,2.42
27/07/2011,320,1824000,5.8(1.75 %),320,1824000,0,0,5965170,2.42
28/07/2011,2000,11200000,5.6(-3.45 %),2000,11200000,0,0,5963170,2.44
29/07/2011,500,2750000,5.6(0.00 %),500,2750000,0,0,5962670,2.44
01/08/2011,0,0,5.5(-1.79 %),0,0,0,0,5961870,2.45
02/08/2011,500,2700000,5.5(0.00 %),500,2700000,0,0,5961370,2.45
03/08/2011,1000,5400000,5.5(0.00 %),1000,5400000,0,0,5960370,2.46
04/08/2011,500,2800000,5.6(1.82 %),500,2800000,0,0,5959870,2.46
05/08/2011,0,0,5.5(-1.79 %),0,0,0,0,5959870,2.46
08/08/2011,0,0,5.7(3.64 %),0,0,0,0,5959870,2.46
09/08/2011,0,0,5.5(-3.51 %),0,0,0,0,5959870,2.46
10/08/2011,0,0,5.5(0.00 %),0,0,0,0,5959870,2.46
11/08/2011,500,2650000,5.3(-3.64 %),500,2650000,0,0,5959370,2.47
12/08/2011,0,0,5.3(0.00 %),0,0,0,0,5959370,2.47
15/08/2011,4000,21200000,5.4(1.89 %),4000,21200000,0,0,5955370,2.5
16/08/2011,1590,8467000,5.5(1.85 %),1590,8467000,0,0,5953780,2.51
17/08/2011,0,0,5.6(1.82 %),0,0,0,0,5953780,2.51
18/08/2011,500,2800000,5.6(0.00 %),500,2800000,0,0,5953280,2.52
19/08/2011,500,2700000,5.6(0.00 %),500,2700000,0,0,5952780,2.52
22/08/2011,500,2750000,5.7(1.79 %),500,2750000,0,0,5952280,2.52
23/08/2011,0,0,5.5(-3.51 %),0,0,0,0,5952280,2.52
24/08/2011,0,0,5.5(0.00 %),0,0,0,0,5952280,2.52
25/08/2011,0,0,5.5(0.00 %),0,0,0,0,5952280,2.52
26/08/2011,910,5096000,5.5(0.00 %),910,5096000,0,0,5951370,2.53
29/08/2011,0,0,5.5(0.00 %),0,0,0,0,5951370,2.53
30/08/2011,1000,5700000,5.7(3.64 %),1000,5700000,0,0,5950370,2.54
31/08/2011,-2500,-14500000,5.7(0.00 %),0,0,2500,14500000,5952870,2.52
01/09/2011,0,0,5.8(1.75 %),0,0,0,0,5950370,2.54
05/09/2011,0,0,5.8(0.00 %),0,0,0,0,5950370,2.54
06/09/2011,0,0,5.6(-3.45 %),0,0,0,0,5950370,2.54
07/09/2011,0,0,5.8(3.57 %),0,0,0,0,5950370,2.54
08/09/2011,0,0,5.9(1.72 %),0,0,0,0,5950370,2.54
09/09/2011,-3500,-20300000,5.9(0.00 %),0,0,3500,20300000,5953870,2.51
12/09/2011,0,0,6.1(3.39 %),0,0,0,0,5953870,2.51
13/09/2011,0,0,6.4(4.92 %),0,0,0,0,5953870,2.51
14/09/2011,0,0,6.4(0.00 %),0,0,0,0,5953870,2.51
15/09/2011,0,0,6.3(-1.56 %),0,0,0,0,5953870,2.51
16/09/2011,0,0,6(-4.76 %),0,0,0,0,5953870,2.51
19/09/2011,100,580000,6.1(1.67 %),100,580000,0,0,5953770,2.51
20/09/2011,0,0,5.8(-4.92 %),0,0,0,0,5953770,2.51
21/09/2011,100,570000,5.7(-1.72 %),100,570000,0,0,5953670,2.51
22/09/2011,0,0,5.9(3.51 %),0,0,0,0,5953670,2.51
23/09/2011,0,0,5.9(0.00 %),0,0,0,0,5953670,2.51
26/09/2011,-400,-2360000,6.1(3.39 %),0,0,400,2360000,5954070,2.51
27/09/2011,0,0,5.9(-3.28 %),0,0,0,0,5954070,2.51
28/09/2011,0,0,6.1(3.39 %),0,0,0,0,5954070,2.51
29/09/2011,0,0,6(-1.64 %),0,0,0,0,5954070,2.51
30/09/2011,0,0,5.8(-3.33 %),0,0,0,0,5954070,2.51
03/10/2011,0,0,5.6(-3.45 %),0,0,0,0,5956570,2.49
04/10/2011,0,0,5.6(0.00 %),0,0,0,0,5956570,2.49
05/10/2011,0,0,5.6(0.00 %),0,0,0,0,5956570,2.49
06/10/2011,0,0,5.6(0.00 %),0,0,0,0,5956570,2.49
07/10/2011,0,0,5.5(-1.79 %),0,0,0,0,5956570,2.49
10/10/2011,0,0,5.5(0.00 %),0,0,0,0,5956570,2.49
11/10/2011,0,0,5.7(3.64 %),0,0,0,0,5956570,2.49
12/10/2011,0,0,5.7(0.00 %),0,0,0,0,5956570,2.49
13/10/2011,0,0,5.6(-1.75 %),0,0,0,0,5956570,2.49
14/10/2011,0,0,5.6(0.00 %),0,0,0,0,5956570,2.49
17/10/2011,500,2750000,5.7(1.79 %),500,2750000,0,0,5956070,2.49
18/10/2011,0,0,5.6(-1.75 %),0,0,0,0,5956070,2.49
19/10/2011,0,0,5.7(1.79 %),0,0,0,0,5956070,2.49
20/10/2011,0,0,5.5(-3.51 %),0,0,0,0,5956070,2.49
21/10/2011,0,0,5.7(3.64 %),0,0,0,0,5956070,2.49
24/10/2011,0,0,5.7(0.00 %),0,0,0,0,5956070,2.49
25/10/2011,0,0,5.6(-1.75 %),0,0,0,0,5956070,2.49
26/10/2011,0,0,5.6(0.00 %),0,0,0,0,5956070,2.49
27/10/2011,0,0,5.6(0.00 %),0,0,0,0,5956070,2.49
28/10/2011,0,0,5.7(1.79 %),0,0,0,0,5956070,2.49
31/10/2011,0,0,5.6(-1.75 %),0,0,0,0,5956070,2.49
01/11/2011,0,0,5.4(-3.57 %),0,0,0,0,5956070,2.49
02/11/2011,0,0,5.2(-3.70 %),0,0,0,0,5956070,2.49
03/11/2011,0,0,5.3(1.92 %),0,0,0,0,5956070,2.49
04/11/2011,0,0,5.3(0.00 %),0,0,0,0,5956070,2.49
07/11/2011,940,4794000,5.1(-3.77 %),940,4794000,0,0,5955130,2.5
08/11/2011,0,0,5.1(0.00 %),0,0,0,0,5955130,2.5
09/11/2011,0,0,4.9(-3.92 %),0,0,0,0,5955130,2.5
10/11/2011,0,0,5(2.04 %),0,0,0,0,5955130,2.5
11/11/2011,500,2400000,4.8(-4.00 %),500,2400000,0,0,5954630,2.5
14/11/2011,-1000,-4600000,4.6(-4.17 %),0,0,1000,4600000,5955630,2.5
15/11/2011,-3600,-15890000,4.4(-4.35 %),400,1760000,4000,17650000,5959230,2.47
16/11/2011,0,0,4.3(-2.27 %),0,0,0,0,5959230,2.47
17/11/2011,-4000,-17160000,4.5(4.65 %),0,0,4000,17160000,5963230,2.44
18/11/2011,-2340,-10064000,4.5(0.00 %),630,2709000,2970,12773000,5965570,2.42
21/11/2011,0,0,4.4(-2.22 %),0,0,0,0,5965570,2.42
22/11/2011,0,0,4.4(0.00 %),0,0,0,0,5965570,2.42
23/11/2011,0,0,4.4(0.00 %),0,0,0,0,5965570,2.42
24/11/2011,-5060,-21252000,4.2(-4.55 %),0,0,5060,21252000,5970630,2.38
25/11/2011,6170,24680000,4(-4.76 %),6170,24680000,0,0,5964460,2.43
28/11/2011,0,0,4.2(5.00 %),0,0,0,0,5964460,2.43
29/11/2011,0,0,4.4(4.76 %),0,0,0,0,5964460,2.43
30/11/2011,0,0,4.2(-4.55 %),0,0,0,0,5964460,2.43
01/12/2011,0,0,4.2(0.00 %),0,0,0,0,5964460,2.43
02/12/2011,0,0,4.2(0.00 %),0,0,0,0,5964460,2.43
05/12/2011,0,0,4.4(4.76 %),0,0,0,0,5964460,2.43
06/12/2011,0,0,4.3(-2.27 %),0,0,0,0,5964460,2.43
07/12/2011,0,0,4.3(0.00 %),0,0,0,0,5964460,2.43
08/12/2011,0,0,4.1(-4.65 %),0,0,0,0,5964460,2.43
09/12/2011,0,0,4.1(0.00 %),0,0,0,0,5964460,2.43
12/12/2011,0,0,4.1(0.00 %),0,0,0,0,5964460,2.43
13/12/2011,0,0,4(-2.44 %),0,0,0,0,5964460,2.43
14/12/2011,0,0,3.8(-5.00 %),0,0,0,0,5964460,2.43
15/12/2011,0,0,3.9(2.63 %),0,0,0,0,5964460,2.43
16/12/2011,0,0,4(2.56 %),0,0,0,0,5964460,2.43
19/12/2011,0,0,4(0.00 %),0,0,0,0,5964460,2.43
20/12/2011,0,0,3.9(-2.50 %),0,0,0,0,5964460,2.43
21/12/2011,0,0,3.8(-2.56 %),0,0,0,0,5964460,2.43
22/12/2011,0,0,3.9(2.63 %),0,0,0,0,5964460,2.43
23/12/2011,0,0,4(2.56 %),0,0,0,0,5964460,2.43
26/12/2011,-1000,-4100000,4.1(2.50 %),0,0,1000,4100000,5965460,2.42
27/12/2011,500,1950000,4.3(4.88 %),500,1950000,0,0,5964960,2.42
28/12/2011,-1500,-6750000,4.5(4.65 %),0,0,1500,6750000,5966460,2.41
29/12/2011,400,1800000,4.6(2.22 %),400,1800000,0,0,5966060,2.42
30/12/2011,0,0,4.8(4.35 %),0,0,0,0,5966060,2.42
03/01/2012,0,0,4.6(-4.17 %),0,0,0,0,5964560,2.43
04/01/2012,1500,6750000,4.4(-4.35 %),1500,6750000,0,0,5963060,2.44
05/01/2012,0,0,4.2(-4.55 %),0,0,0,0,5963060,2.44
06/01/2012,2600,10660000,4.1(-2.38 %),2600,10660000,0,0,5960460,2.46
09/01/2012,0,0,4.3(4.88 %),0,0,0,0,5960460,2.46
10/01/2012,0,0,4.5(4.65 %),0,0,0,0,5960460,2.46
11/01/2012,500,2300000,4.3(-4.44 %),500,2300000,0,0,5959960,2.46
12/01/2012,0,0,4.2(-2.33 %),0,0,0,0,5959960,2.46
13/01/2012,0,0,4.1(-2.38 %),0,0,0,0,5959960,2.46
16/01/2012,290,1189000,4(-2.44 %),290,1189000,0,0,5959670,2.47
17/01/2012,0,0,4.1(2.50 %),0,0,0,0,5959670,2.47
18/01/2012,0,0,4.1(0.00 %),0,0,0,0,5959670,2.47
19/01/2012,500,2150000,4.3(4.88 %),500,2150000,0,0,5959170,2.47
20/01/2012,0,0,4.5(4.65 %),0,0,0,0,5959170,2.47
30/01/2012,0,0,4.6(2.22 %),0,0,0,0,5959170,2.47
31/01/2012,0,0,4.7(2.17 %),0,0,0,0,5959170,2.47
01/02/2012,0,0,4.6(-2.13 %),0,0,0,0,5960670,2.46
02/02/2012,0,0,4.6(0.00 %),0,0,0,0,5960670,2.46
03/02/2012,0,0,4.6(0.00 %),0,0,0,0,5960670,2.46
06/02/2012,0,0,4.4(-4.35 %),0,0,0,0,5960670,2.46
07/02/2012,0,0,4.2(-4.55 %),0,0,0,0,5960670,2.46
08/02/2012,800,3520000,4.4(4.76 %),800,3520000,0,0,5959870,2.46
09/02/2012,1000,4500000,4.3(-2.27 %),1000,4500000,0,0,5958870,2.47
10/02/2012,0,0,4.5(4.65 %),0,0,0,0,5958870,2.47
13/02/2012,0,0,4.3(-4.44 %),0,0,0,0,5958870,2.47
14/02/2012,0,0,4.4(2.33 %),0,0,0,0,5958870,2.47
15/02/2012,0,0,4.4(0.00 %),0,0,0,0,5958870,2.47
16/02/2012,2000,9000000,4.6(4.55 %),2000,9000000,0,0,5956870,2.49
17/02/2012,310,1426000,4.6(0.00 %),310,1426000,0,0,5956560,2.49
20/02/2012,0,0,4.6(0.00 %),0,0,0,0,5956560,2.49
21/02/2012,0,0,4.6(0.00 %),0,0,0,0,5956560,2.49
22/02/2012,0,0,4.7(2.17 %),0,0,0,0,5956560,2.49
23/02/2012,0,0,4.9(4.26 %),0,0,0,0,5956560,2.49
24/02/2012,-5000,-24000000,4.9(0.00 %),0,0,5000,24000000,5961560,2.45
27/02/2012,0,0,5(2.04 %),0,0,0,0,5961560,2.45
28/02/2012,0,0,4.8(-4.00 %),0,0,0,0,5961560,2.45
29/02/2012,0,0,4.8(0.00 %),0,0,0,0,5961560,2.45
01/03/2012,0,0,5(4.17 %),0,0,0,0,5961560,2.45
02/03/2012,0,0,5.2(4.00 %),0,0,0,0,5961560,2.45
05/03/2012,0,0,5.4(3.85 %),0,0,0,0,5961560,2.45
06/03/2012,0,0,5.6(3.70 %),0,0,0,0,5961560,2.45
07/03/2012,0,0,5.6(0.00 %),0,0,0,0,5961560,2.45
08/03/2012,0,0,5.4(-3.57 %),0,0,0,0,5961560,2.45
09/03/2012,0,0,5.2(-3.70 %),0,0,0,0,5961560,2.45
12/03/2012,0,0,5(-3.85 %),0,0,0,0,5961560,2.45
13/03/2012,3000,14500000,5.1(2.00 %),3000,14500000,0,0,5958560,2.47
14/03/2012,2000,9800000,4.9(-3.92 %),2000,9800000,0,0,5956560,2.49
15/03/2012,1190,5605000,5.1(4.08 %),1190,5605000,0,0,5955370,2.5
16/03/2012,-1400,-6876000,5(-1.96 %),0,0,1400,6876000,5956770,2.49
19/03/2012,0,0,4.8(-4.00 %),0,0,0,0,5956770,2.49
20/03/2012,0,0,5(4.17 %),0,0,0,0,5956770,2.49
21/03/2012,1000,5000000,5.1(2.00 %),1000,5000000,0,0,5955770,2.5
22/03/2012,200,1000000,5(-1.96 %),200,1000000,0,0,5955570,2.5
23/03/2012,860,4472000,5.1(2.00 %),3860,19172000,3000,14700000,5954710,2.5
26/03/2012,2000,10000000,5.1(0.00 %),2000,10000000,0,0,5952710,2.52
27/03/2012,4500,22600000,5(-1.96 %),4500,22600000,0,0,5948210,2.56
28/03/2012,0,0,5.1(2.00 %),0,0,0,0,5948210,2.56
29/03/2012,10,50000,5(-1.96 %),10,50000,0,0,5948200,2.56
30/03/2012,2990,14750000,4.9(-2.00 %),2990,14750000,0,0,5945210,2.58
03/04/2012,650,3185000,5.1(4.08 %),650,3185000,0,0,5945210,2.58
04/04/2012,2100,10290000,4.9(-3.92 %),2100,10290000,0,0,5943110,2.59
05/04/2012,0,0,4.9(0.00 %),0,0,0,0,5943110,2.59
06/04/2012,0,0,5(2.04 %),0,0,0,0,5943110,2.59
09/04/2012,-1000,-5100000,5.1(2.00 %),0,0,1000,5100000,5944110,2.59
10/04/2012,1090,5450000,5.2(1.96 %),1090,5450000,0,0,5943020,2.6
11/04/2012,0,0,5.3(1.92 %),0,0,0,0,5943020,2.6
12/04/2012,0,0,5.4(1.89 %),0,0,0,0,5943020,2.6
13/04/2012,0,0,5.2(-3.70 %),0,0,0,0,5943020,2.6
16/04/2012,-14120,-75148000,5.4(3.85 %),1000,5400000,15120,80548000,5957140,2.49
17/04/2012,1920,10560000,5.6(3.70 %),1920,10560000,0,0,5955220,2.5
18/04/2012,1000,5700000,5.6(0.00 %),1000,5700000,0,0,5954220,2.51
19/04/2012,0,0,5.4(-3.57 %),0,0,0,0,5954220,2.51
20/04/2012,0,0,5.6(3.70 %),0,0,0,0,5954220,2.51
23/04/2012,0,0,5.5(-1.79 %),0,0,0,0,5954220,2.51
24/04/2012,0,0,5.5(0.00 %),0,0,0,0,5954220,2.51
25/04/2012,2020,11212000,5.6(1.82 %),2020,11212000,0,0,5952200,2.52
26/04/2012,0,0,5.8(3.57 %),0,0,0,0,5952200,2.52
27/04/2012,3530,20840000,6(3.45 %),3530,20840000,0,0,5948670,2.55
02/05/2012,10,59000,6.1(1.67 %),10,59000,0,0,5948020,2.56
03/05/2012,-2990,-18337000,6.4(4.92 %),1010,6063000,4000,24400000,5951010,2.53
04/05/2012,0,0,6.4(0.00 %),0,0,0,0,5951010,2.53
07/05/2012,920,6164000,6.7(4.69 %),920,6164000,0,0,5950090,2.54
08/05/2012,-10,-69000,6.8(1.49 %),0,0,10,69000,5950100,2.54
09/05/2012,1070,6954000,7(2.94 %),1080,7020000,10,66000,5949030,2.55
10/05/2012,10,71000,7.1(1.43 %),10,71000,0,0,5949020,2.55
11/05/2012,3550,24390000,6.8(-4.23 %),3550,24390000,0,0,5945470,2.58
14/05/2012,0,0,6.5(-4.41 %),0,0,0,0,5945470,2.58
15/05/2012,0,0,6.2(-4.62 %),0,0,0,0,5945470,2.58
16/05/2012,0,0,6(-3.23 %),0,0,0,0,5945470,2.58
17/05/2012,-2000,-11900000,6.1(1.67 %),0,0,2000,11900000,5947470,2.56
18/05/2012,-2000,-11600000,5.8(-4.92 %),0,0,2000,11600000,5949470,2.55
21/05/2012,1000,5890000,6(3.45 %),1000,5890000,0,0,5948470,2.55
22/05/2012,1000,6000000,6.1(1.67 %),1000,6000000,0,0,5947470,2.56
23/05/2012,0,0,5.8(-4.92 %),0,0,0,0,5947470,2.56
24/05/2012,500,2800000,5.8(0.00 %),500,2800000,0,0,5946970,2.56
25/05/2012,0,0,6(3.45 %),0,0,0,0,5946970,2.56
28/05/2012,0,0,5.8(-3.33 %),0,0,0,0,5946970,2.56
29/05/2012,1000,5600000,5.6(-3.45 %),1000,5600000,0,0,5945970,2.57
30/05/2012,0,0,5.6(0.00 %),0,0,0,0,5945970,2.57
31/05/2012,2000,10800000,5.4(-3.57 %),2000,10800000,0,0,5943970,2.59
01/06/2012,0,0,5.4(0.00 %),0,0,0,0,5943960,2.59
04/06/2012,710,3692000,5.2(-3.70 %),710,3692000,0,0,5943250,2.59
05/06/2012,0,0,5.4(3.85 %),0,0,0,0,5943960,2.59
06/06/2012,0,0,5.3(-1.85 %),0,0,0,0,5943960,2.59
07/06/2012,0,0,5.5(3.77 %),0,0,0,0,5943960,2.59
08/06/2012,0,0,5.6(1.82 %),0,0,0,0,5943960,2.59
11/06/2012,2710,15176000,5.6(0.00 %),2710,15176000,0,0,5941250,2.61
12/06/2012,0,0,5.6(0.00 %),0,0,0,0,5941250,2.61
13/06/2012,0,0,5.4(-3.57 %),0,0,0,0,5941250,2.61
14/06/2012,0,0,5.5(1.85 %),0,0,0,0,5941250,2.61
15/06/2012,0,0,5.4(-1.82 %),0,0,0,0,5941250,2.61
18/06/2012,-100,-550000,5.5(1.85 %),0,0,100,550000,5941350,2.61
19/06/2012,0,0,5.6(1.82 %),0,0,0,0,5941350,2.61
20/06/2012,0,0,5.4(-3.57 %),0,0,0,0,5941350,2.61
21/06/2012,0,0,5.5(1.85 %),0,0,0,0,5941350,2.61
22/06/2012,0,0,5.3(-3.64 %),0,0,0,0,5941350,2.61
25/06/2012,1300,7150000,5.4(1.89 %),1300,7150000,0,0,5940050,2.62
26/06/2012,0,0,5.3(-1.85 %),0,0,0,0,5940050,2.62
27/06/2012,0,0,5.1(-3.77 %),0,0,0,0,5940050,2.62
28/06/2012,0,0,5.1(0.00 %),0,0,0,0,5940050,2.62
29/06/2012,-900,-4410000,5.2(1.96 %),0,0,900,4410000,5940950,2.61
02/07/2012,0,0,5.2(0.00 %),0,0,0,0,5939340,2.62
03/07/2012,0,0,5(-3.85 %),0,0,0,0,5939340,2.62
04/07/2012,0,0,5(0.00 %),0,0,0,0,5939340,2.62
05/07/2012,0,0,4.9(-2.00 %),0,0,0,0,5939340,2.62
06/07/2012,0,0,4.9(0.00 %),0,0,0,0,5939340,2.62
09/07/2012,0,0,4.8(-2.04 %),0,0,0,0,5939340,2.62
10/07/2012,0,0,4.8(0.00 %),0,0,0,0,5939340,2.62
11/07/2012,0,0,4.8(0.00 %),0,0,0,0,5939340,2.62
12/07/2012,0,0,4.7(-2.08 %),0,0,0,0,5939340,2.62
13/07/2012,0,0,4.8(2.13 %),0,0,0,0,5939340,2.62
16/07/2012,0,0,4.6(-4.17 %),0,0,0,0,5939340,2.62
17/07/2012,0,0,4.6(0.00 %),0,0,0,0,5939340,2.62
18/07/2012,0,0,4.6(0.00 %),0,0,0,0,5939340,2.62
19/07/2012,0,0,4.8(4.35 %),0,0,0,0,5939340,2.62
20/07/2012,0,0,4.9(2.08 %),0,0,0,0,5939340,2.62
23/07/2012,0,0,4.8(-2.04 %),0,0,0,0,5939340,2.62
24/07/2012,0,0,4.6(-4.17 %),0,0,0,0,5939340,2.62
25/07/2012,1000,4600000,4.6(0.00 %),1000,4600000,0,0,5938340,2.63
26/07/2012,0,0,4.7(2.17 %),0,0,0,0,5938340,2.63
27/07/2012,0,0,4.5(-4.26 %),0,0,0,0,5938340,2.63
30/07/2012,0,0,4.6(2.22 %),0,0,0,0,5938340,2.63
31/07/2012,0,0,4.4(-4.35 %),0,0,0,0,5938340,2.63
01/08/2012,0,0,4.5(2.27 %),0,0,0,0,5939240,2.63
02/08/2012,0,0,4.6(2.22 %),0,0,0,0,5939240,2.63
03/08/2012,0,0,4.6(0.00 %),0,0,0,0,5939240,2.63
06/08/2012,0,0,4.6(0.00 %),0,0,0,0,5939240,2.63
07/08/2012,0,0,4.6(0.00 %),0,0,0,0,5939240,2.63
08/08/2012,130,585000,4.5(-2.17 %),130,585000,0,0,5939110,2.63
09/08/2012,0,0,4.6(2.22 %),0,0,0,0,5939110,2.63
10/08/2012,0,0,4.5(-2.17 %),0,0,0,0,5939110,2.63
13/08/2012,0,0,4.5(0.00 %),0,0,0,0,5939110,2.63
14/08/2012,0,0,4.6(2.22 %),0,0,0,0,5939110,2.63
15/08/2012,0,0,4.6(0.00 %),0,0,0,0,5939110,2.63
16/08/2012,0,0,4.4(-4.35 %),0,0,0,0,5939110,2.63
17/08/2012,0,0,4.4(0.00 %),0,0,0,0,5939110,2.63
20/08/2012,2000,8400000,4.3(-2.27 %),2000,8400000,0,0,5937110,2.64
21/08/2012,0,0,4.3(0.00 %),0,0,0,0,5937110,2.64
22/08/2012,0,0,4.1(-4.65 %),0,0,0,0,5937110,2.64
23/08/2012,0,0,3.9(-4.88 %),0,0,0,0,5937110,2.64
24/08/2012,7000,26800000,4(2.56 %),7000,26800000,0,0,5930110,2.7
27/08/2012,0,0,3.8(-5.00 %),0,0,0,0,5930110,2.7
28/08/2012,0,0,3.7(-2.63 %),0,0,0,0,5930110,2.7
29/08/2012,0,0,3.7(0.00 %),0,0,0,0,5930110,2.7
30/08/2012,0,0,3.7(0.00 %),0,0,0,0,5930110,2.7
31/08/2012,0,0,3.7(0.00 %),0,0,0,0,5930110,2.7
04/09/2012,0,0,3.8(2.70 %),0,0,0,0,5930110,2.7
05/09/2012,0,0,3.8(0.00 %),0,0,0,0,5930110,2.7
06/09/2012,0,0,3.8(0.00 %),0,0,0,0,5930110,2.7
07/09/2012,0,0,3.7(-2.63 %),0,0,0,0,5930110,2.7
10/09/2012,0,0,3.6(-2.70 %),0,0,0,0,5930110,2.7
11/09/2012,0,0,3.5(-2.78 %),0,0,0,0,5930110,2.7
12/09/2012,0,0,3.6(2.86 %),0,0,0,0,5930110,2.7
13/09/2012,0,0,3.6(0.00 %),0,0,0,0,5930110,2.7
14/09/2012,0,0,3.6(0.00 %),0,0,0,0,5930110,2.7
17/09/2012,0,0,3.5(-2.78 %),0,0,0,0,5930110,2.7
18/09/2012,0,0,3.4(-2.86 %),0,0,0,0,5930110,2.7
19/09/2012,0,0,3.5(2.94 %),0,0,0,0,5930110,2.7
20/09/2012,0,0,3.4(-2.86 %),0,0,0,0,5930110,2.7
21/09/2012,0,0,3.5(2.94 %),0,0,0,0,5930110,2.7
24/09/2012,0,0,3.4(-2.86 %),0,0,0,0,5930110,2.7
25/09/2012,0,0,3.5(2.94 %),0,0,0,0,5930110,2.7
26/09/2012,0,0,3.5(0.00 %),0,0,0,0,5930110,2.7
27/09/2012,0,0,3.5(0.00 %),0,0,0,0,5930110,2.7
28/09/2012,0,0,3.4(-2.86 %),0,0,0,0,5930110,2.7
01/10/2012,0,0,3.3(-2.94 %),0,0,0,0,5930110,2.7
02/10/2012,0,0,3.2(-3.03 %),0,0,0,0,5930110,2.7
03/10/2012,0,0,3.3(3.12 %),0,0,0,0,5930110,2.7
04/10/2012,0,0,3.2(-3.03 %),0,0,0,0,5930110,2.7
05/10/2012,0,0,3.1(-3.12 %),0,0,0,0,5930110,2.7
08/10/2012,0,0,3.2(3.23 %),0,0,0,0,5930110,2.7
09/10/2012,0,0,3.3(3.12 %),0,0,0,0,5930110,2.7
10/10/2012,0,0,3.4(3.03 %),0,0,0,0,5930110,2.7
11/10/2012,0,0,3.5(2.94 %),0,0,0,0,5930110,2.7
12/10/2012,0,0,3.4(-2.86 %),0,0,0,0,5930110,2.7
15/10/2012,0,0,3.3(-2.94 %),0,0,0,0,5930110,2.7
16/10/2012,0,0,3.3(0.00 %),0,0,0,0,5930110,2.7
17/10/2012,0,0,3.3(0.00 %),0,0,0,0,5930110,2.7
18/10/2012,0,0,3.4(3.03 %),0,0,0,0,5930110,2.7
19/10/2012,0,0,3.3(-2.94 %),0,0,0,0,5930110,2.7
22/10/2012,0,0,3.2(-3.03 %),0,0,0,0,5930110,2.7
23/10/2012,0,0,3.2(0.00 %),0,0,0,0,5930110,2.7
24/10/2012,0,0,3.1(-3.12 %),0,0,0,0,5930110,2.7
25/10/2012,0,0,3(-3.23 %),0,0,0,0,5930110,2.7
26/10/2012,0,0,3.1(3.33 %),0,0,0,0,5930110,2.7
29/10/2012,0,0,3.1(0.00 %),0,0,0,0,5930110,2.7
30/10/2012,0,0,3.1(0.00 %),0,0,0,0,5930110,2.7
31/10/2012,0,0,3(-3.23 %),0,0,0,0,5930110,2.7
01/11/2012,0,0,3(0.00 %),0,0,0,0,5930110,2.7
02/11/2012,0,0,2.9(-3.33 %),0,0,0,0,5930110,2.7
05/11/2012,0,0,3(3.45 %),0,0,0,0,5930110,2.7
06/11/2012,0,0,3(0.00 %),0,0,0,0,5930110,2.7
07/11/2012,0,0,3.1(3.33 %),0,0,0,0,5930110,2.7
08/11/2012,0,0,3(-3.23 %),0,0,0,0,5930110,2.7
09/11/2012,0,0,2.9(-3.33 %),0,0,0,0,5930110,2.7
12/11/2012,0,0,3(3.45 %),0,0,0,0,5930110,2.7
13/11/2012,0,0,3(0.00 %),0,0,0,0,5930110,2.7
14/11/2012,0,0,2.9(-3.33 %),0,0,0,0,5930110,2.7
15/11/2012,0,0,2.8(-3.45 %),0,0,0,0,5930110,2.7
16/11/2012,0,0,2.9(3.57 %),0,0,0,0,5930110,2.7
19/11/2012,0,0,3(3.45 %),0,0,0,0,5930110,2.7
20/11/2012,0,0,3(0.00 %),0,0,0,0,5930110,2.7
21/11/2012,0,0,3(0.00 %),0,0,0,0,5930110,2.7
22/11/2012,0,0,2.9(-3.33 %),0,0,0,0,5930110,2.7
23/11/2012,0,0,2.9(0.00 %),0,0,0,0,5930110,2.7
26/11/2012,0,0,3(3.45 %),0,0,0,0,5930110,2.7
27/11/2012,0,0,2.9(-3.33 %),0,0,0,0,5930110,2.7
28/11/2012,0,0,3(3.45 %),0,0,0,0,5930110,2.7
29/11/2012,0,0,2.9(-3.33 %),0,0,0,0,5930110,2.7
30/11/2012,0,0,2.8(-3.45 %),0,0,0,0,5930110,2.7
03/12/2012,0,0,2.9(3.57 %),0,0,0,0,5930110,2.7
04/12/2012,0,0,3(3.45 %),0,0,0,0,5930110,2.7
05/12/2012,0,0,3(0.00 %),0,0,0,0,5930110,2.7
06/12/2012,0,0,3(0.00 %),0,0,0,0,5930110,2.7
07/12/2012,0,0,3(0.00 %),0,0,0,0,5930110,2.7
10/12/2012,0,0,3.1(3.33 %),0,0,0,0,5930110,2.7
11/12/2012,0,0,3(-3.23 %),0,0,0,0,5930110,2.7
12/12/2012,0,0,3.1(3.33 %),0,0,0,0,5930110,2.7
13/12/2012,100,300000,3.1(0.00 %),100,300000,0,0,5930010,2.7
14/12/2012,0,0,3.1(0.00 %),0,0,0,0,5930110,2.7
17/12/2012,0,0,3.1(0.00 %),0,0,0,0,5930110,2.7
18/12/2012,0,0,3.1(0.00 %),0,0,0,0,5930110,2.7
19/12/2012,0,0,3.1(0.00 %),0,0,0,0,5930110,2.7
20/12/2012,0,0,3.1(0.00 %),0,0,0,0,5930110,2.7
21/12/2012,0,0,3.1(0.00 %),0,0,0,0,5930110,2.7
24/12/2012,0,0,3.1(0.00 %),0,0,0,0,5930110,2.7
25/12/2012,0,0,3(-3.23 %),0,0,0,0,5930110,2.7
26/12/2012,0,0,3.1(3.33 %),0,0,0,0,5930110,2.7
27/12/2012,0,0,3.2(3.23 %),0,0,0,0,5930110,2.7
28/12/2012,1900,6080000,3.3(3.12 %),1900,6080000,0,0,5928210,2.71
02/01/2013,0,0,3.4(3.03 %),0,0,0,0,5928110,2.71
03/01/2013,0,0,3.3(-2.94 %),0,0,0,0,5928110,2.71
04/01/2013,0,0,3.4(3.03 %),0,0,0,0,5928110,2.71
07/01/2013,0,0,3.5(2.94 %),0,0,0,0,5928110,2.71
08/01/2013,0,0,3.4(-2.86 %),0,0,0,0,5928110,2.71
09/01/2013,0,0,3.3(-2.94 %),0,0,0,0,5928110,2.71
10/01/2013,0,0,3.3(0.00 %),0,0,0,0,5928110,2.71
11/01/2013,0,0,3.4(3.03 %),0,0,0,0,5928110,2.71
14/01/2013,0,0,3.3(-2.94 %),0,0,0,0,5928110,2.71
15/01/2013,0,0,3.5(6.06 %),0,0,0,0,5928110,2.71
16/01/2013,32310,120047000,3.7(5.71 %),42310,156547000,10000,36500000,5895800,2.96
17/01/2013,17690,67222000,3.8(2.70 %),27690,105222000,10000,38000000,5878110,3.1
18/01/2013,2320,8816000,3.8(0.00 %),3000,11400000,680,2584000,5875790,3.12
21/01/2013,2000,7200000,3.6(-5.26 %),2000,7200000,0,0,5873790,3.14
22/01/2013,0,0,3.4(-5.56 %),0,0,0,0,5873790,3.14
23/01/2013,0,0,3.3(-2.94 %),0,0,0,0,5873790,3.14
24/01/2013,0,0,3.5(6.06 %),0,0,0,0,5873790,3.14
25/01/2013,0,0,3.4(-2.86 %),0,0,0,0,5873790,3.14
28/01/2013,0,0,3.4(0.00 %),0,0,0,0,5873790,3.14
29/01/2013,11120,37808000,3.4(0.00 %),11120,37808000,0,0,5862670,3.22
30/01/2013,0,0,3.6(5.88 %),0,0,0,0,5862670,3.22
31/01/2013,0,0,3.7(2.78 %),0,0,0,0,5862670,3.22
01/02/2013,0,0,3.7(0.00 %),0,0,0,0,5862670,3.22
04/02/2013,0,0,3.7(0.00 %),0,0,0,0,5862670,3.22
05/02/2013,0,0,3.6(-2.70 %),0,0,0,0,5862670,3.22
06/02/2013,0,0,3.6(0.00 %),0,0,0,0,5862670,3.22
07/02/2013,-330,-1188000,3.6(0.00 %),0,0,330,1188000,5863000,3.22
08/02/2013,-2500,-9250000,3.7(2.78 %),0,0,2500,9250000,5865500,3.2
18/02/2013,-20500,-77900000,3.9(5.41 %),0,0,20500,77900000,5886000,3.04
19/02/2013,-2550,-10200000,4.1(5.13 %),0,0,2550,10200000,5888550,3.02
20/02/2013,0,0,4(-2.44 %),0,0,0,0,5888550,3.02
21/02/2013,27000,108000000,3.8(-5.00 %),27000,108000000,0,0,5861550,3.23
22/02/2013,0,0,3.9(2.63 %),0,0,0,0,5861550,3.23
25/02/2013,0,0,4(2.56 %),0,0,0,0,5861550,3.23
26/02/2013,0,0,3.8(-5.00 %),0,0,0,0,5861550,3.23
27/02/2013,0,0,3.7(-2.63 %),0,0,0,0,5861550,3.23
28/02/2013,0,0,3.7(0.00 %),0,0,0,0,5861550,3.23
01/03/2013,-28470,-105339000,3.7(0.00 %),0,0,28470,105339000,5861550,3.23
04/03/2013,0,0,3.5(-5.41 %),0,0,0,0,5861550,3.23
05/03/2013,0,0,3.4(-2.86 %),0,0,0,0,5861550,3.23
06/03/2013,0,0,3.6(5.88 %),0,0,0,0,5861550,3.23
07/03/2013,0,0,3.7(2.78 %),0,0,0,0,5861550,3.23
08/03/2013,0,0,3.7(0.00 %),0,0,0,0,5861550,3.23
11/03/2013,0,0,3.8(2.70 %),0,0,0,0,5861550,3.23
12/03/2013,-20000,-72000000,3.6(-5.26 %),0,0,20000,72000000,5881550,3.08
13/03/2013,0,0,3.5(-2.78 %),0,0,0,0,5881550,3.08
14/03/2013,0,0,3.6(2.86 %),0,0,0,0,5881550,3.08
15/03/2013,0,0,3.6(0.00 %),0,0,0,0,5881550,3.08
18/03/2013,0,0,3.6(0.00 %),0,0,0,0,5881550,3.08
19/03/2013,0,0,3.5(-2.78 %),0,0,0,0,5881550,3.08
20/03/2013,0,0,3.6(2.86 %),0,0,0,0,5881550,3.08
21/03/2013,0,0,3.6(0.00 %),0,0,0,0,5881550,3.08
22/03/2013,0,0,3.6(0.00 %),0,0,0,0,5881550,3.08
25/03/2013,0,0,3.6(0.00 %),0,0,0,0,5881550,3.08
26/03/2013,0,0,3.6(0.00 %),0,0,0,0,5881550,3.08
27/03/2013,0,0,3.6(0.00 %),0,0,0,0,5881550,3.08
28/03/2013,0,0,3.5(-2.78 %),0,0,0,0,5881550,3.08
29/03/2013,0,0,3.5(0.00 %),0,0,0,0,5881550,3.08
01/04/2013,0,0,3.6(2.86 %),0,0,0,0,5910020,2.85
02/04/2013,0,0,3.7(2.78 %),0,0,0,0,5910020,2.85
03/04/2013,0,0,3.5(-5.41 %),0,0,0,0,5910020,2.85
04/04/2013,-1530,-5355000,3.6(2.86 %),0,0,1530,5355000,5911550,2.84
05/04/2013,0,0,3.6(0.00 %),0,0,0,0,5911550,2.84
08/04/2013,0,0,3.6(0.00 %),0,0,0,0,5911550,2.84
09/04/2013,0,0,3.7(2.78 %),0,0,0,0,5911550,2.84
10/04/2013,0,0,3.6(-2.70 %),0,0,0,0,5911550,2.84
11/04/2013,0,0,3.6(0.00 %),0,0,0,0,5911550,2.84
12/04/2013,0,0,3.5(-2.78 %),0,0,0,0,5911550,2.84
15/04/2013,0,0,3.5(0.00 %),0,0,0,0,5911550,2.84
16/04/2013,0,0,3.5(0.00 %),0,0,0,0,5911550,2.84
17/04/2013,0,0,3.5(0.00 %),0,0,0,0,5911550,2.84
18/04/2013,0,0,3.5(0.00 %),0,0,0,0,5911550,2.84
22/04/2013,0,0,3.5(0.00 %),0,0,0,0,5911550,2.84
23/04/2013,0,0,3.3(-5.71 %),0,0,0,0,5911550,2.84
24/04/2013,0,0,3.4(3.03 %),0,0,0,0,5911550,2.84
25/04/2013,0,0,3.4(0.00 %),0,0,0,0,5911550,2.84
26/04/2013,0,0,3.3(-2.94 %),0,0,0,0,5911550,2.84
02/05/2013,0,0,3.3(0.00 %),0,0,0,0,5911550,2.84
03/05/2013,0,0,3.3(0.00 %),0,0,0,0,5911550,2.84
06/05/2013,0,0,3.4(3.03 %),0,0,0,0,5911550,2.84
07/05/2013,0,0,3.4(0.00 %),0,0,0,0,5911550,2.84
08/05/2013,0,0,3.5(2.94 %),0,0,0,0,5911550,2.84
09/05/2013,0,0,3.5(0.00 %),0,0,0,0,5911550,2.84
10/05/2013,0,0,3.3(-5.71 %),0,0,0,0,5911550,2.84
13/05/2013,0,0,3.4(3.03 %),0,0,0,0,5911550,2.84
14/05/2013,0,0,3.4(0.00 %),0,0,0,0,5911550,2.84
15/05/2013,0,0,3.4(0.00 %),0,0,0,0,5911550,2.84
16/05/2013,0,0,3.4(0.00 %),0,0,0,0,5911550,2.84
17/05/2013,0,0,3.4(0.00 %),0,0,0,0,5911550,2.84
20/05/2013,0,0,3.3(-2.94 %),0,0,0,0,5911550,2.84
21/05/2013,0,0,3.4(3.03 %),0,0,0,0,5911550,2.84
22/05/2013,0,0,3.3(-2.94 %),0,0,0,0,5911550,2.84
23/05/2013,0,0,3.4(3.03 %),0,0,0,0,5911550,2.84
24/05/2013,0,0,3.5(2.94 %),0,0,0,0,5911550,2.84
27/05/2013,0,0,3.6(2.86 %),0,0,0,0,5911550,2.84
28/05/2013,0,0,3.5(-2.78 %),0,0,0,0,5911550,2.84
29/05/2013,0,0,3.5(0.00 %),0,0,0,0,5911550,2.84
30/05/2013,0,0,3.4(-2.86 %),0,0,0,0,5911550,2.84
31/05/2013,0,0,3.5(2.94 %),0,0,0,0,5911550,2.84
03/06/2013,0,0,3.5(0.00 %),0,0,0,0,5911550,2.84
04/06/2013,0,0,3.6(2.86 %),0,0,0,0,5911550,2.84
05/06/2013,0,0,3.6(0.00 %),0,0,0,0,5911550,2.84
06/06/2013,0,0,3.5(-2.78 %),0,0,0,0,5911550,2.84
07/06/2013,0,0,3.6(2.86 %),0,0,0,0,5911550,2.84
10/06/2013,0,0,3.6(0.00 %),0,0,0,0,5911550,2.84
11/06/2013,0,0,3.6(0.00 %),0,0,0,0,5911550,2.84
12/06/2013,0,0,3.5(-2.78 %),0,0,0,0,5911550,2.84
13/06/2013,0,0,3.5(0.00 %),0,0,0,0,5911550,2.84
14/06/2013,0,0,3.6(2.86 %),0,0,0,0,5911550,2.84
17/06/2013,0,0,3.6(0.00 %),0,0,0,0,5911550,2.84
18/06/2013,0,0,3.5(-2.78 %),0,0,0,0,5911550,2.84
19/06/2013,0,0,3.4(-2.86 %),0,0,0,0,5911550,2.84
20/06/2013,0,0,3.5(2.94 %),0,0,0,0,5911550,2.84
21/06/2013,0,0,3.4(-2.86 %),0,0,0,0,5911550,2.84
24/06/2013,0,0,3.5(2.94 %),0,0,0,0,5911550,2.84
25/06/2013,0,0,3.4(-2.86 %),0,0,0,0,5911550,2.84
26/06/2013,0,0,3.4(0.00 %),0,0,0,0,5911550,2.84
27/06/2013,0,0,3.4(0.00 %),0,0,0,0,5911550,2.84
28/06/2013,0,0,3.3(-2.94 %),0,0,0,0,5911550,2.84
01/07/2013,0,0,3.3(0.00 %),0,0,0,0,5911550,2.84
02/07/2013,0,0,3.4(3.03 %),0,0,0,0,5911550,2.84
03/07/2013,0,0,3.3(-2.94 %),0,0,0,0,5911550,2.84
04/07/2013,0,0,3.4(3.03 %),0,0,0,0,5911550,2.84
05/07/2013,0,0,3.4(0.00 %),0,0,0,0,5911550,2.84
08/07/2013,0,0,3.3(-2.94 %),0,0,0,0,5911550,2.84
09/07/2013,0,0,3.4(3.03 %),0,0,0,0,5911550,2.84
10/07/2013,0,0,3.4(0.00 %),0,0,0,0,5911550,2.84
11/07/2013,0,0,3.4(0.00 %),0,0,0,0,5911550,2.84
12/07/2013,0,0,3.4(0.00 %),0,0,0,0,5911550,2.84
15/07/2013,0,0,3.2(-5.88 %),0,0,0,0,5911550,2.84
16/07/2013,0,0,3.2(0.00 %),0,0,0,0,5911550,2.84
17/07/2013,0,0,3.2(0.00 %),0,0,0,0,5911550,2.84
18/07/2013,0,0,3.3(3.12 %),0,0,0,0,5911550,2.84
19/07/2013,0,0,3.3(0.00 %),0,0,0,0,5911550,2.84
22/07/2013,0,0,3.3(0.00 %),0,0,0,0,5911550,2.84
23/07/2013,0,0,3.3(0.00 %),0,0,0,0,5911550,2.84
24/07/2013,0,0,3.3(0.00 %),0,0,0,0,5911550,2.84
25/07/2013,0,0,3.2(-3.03 %),0,0,0,0,5911550,2.84
26/07/2013,0,0,3.1(-3.12 %),0,0,0,0,5911550,2.84
29/07/2013,0,0,2.9(-6.45 %),0,0,0,0,5911550,2.84
30/07/2013,0,0,2.8(-3.45 %),0,0,0,0,5911550,2.84
31/07/2013,0,0,2.9(3.57 %),0,0,0,0,5911550,2.84
01/08/2013,0,0,2.9(0.00 %),0,0,0,0,5911550,2.84
02/08/2013,0,0,3.1(6.90 %),0,0,0,0,5911550,2.84
05/08/2013,0,0,3.1(0.00 %),0,0,0,0,5911550,2.84
06/08/2013,0,0,3(-3.23 %),0,0,0,0,5911550,2.84
07/08/2013,0,0,3(0.00 %),0,0,0,0,5911550,2.84
08/08/2013,0,0,2.9(-3.33 %),0,0,0,0,5911550,2.84
09/08/2013,0,0,2.9(0.00 %),0,0,0,0,5911550,2.84
12/08/2013,0,0,2.8(-3.45 %),0,0,0,0,5911550,2.84
13/08/2013,0,0,2.8(0.00 %),0,0,0,0,5911550,2.84
14/08/2013,0,0,2.7(-3.57 %),0,0,0,0,5911550,2.84
15/08/2013,0,0,2.8(3.70 %),0,0,0,0,5911550,2.84
16/08/2013,0,0,2.7(-3.57 %),0,0,0,0,5911550,2.84
19/08/2013,0,0,2.8(3.70 %),0,0,0,0,5911550,2.84
20/08/2013,0,0,2.9(3.57 %),0,0,0,0,5911550,2.84
21/08/2013,-1000,-3000000,3.1(6.90 %),0,0,1000,3000000,5912550,2.83
22/08/2013,0,0,3(-3.23 %),0,0,0,0,5912550,2.83
23/08/2013,0,0,3(0.00 %),0,0,0,0,5912550,2.83
26/08/2013,10000,30419000,3.1(3.33 %),10000,30419000,0,0,5902550,2.91
27/08/2013,0,0,3.1(0.00 %),0,0,0,0,5902550,2.91
28/08/2013,0,0,2.9(-6.45 %),0,0,0,0,5902550,2.91
29/08/2013,0,0,3(3.45 %),0,0,0,0,5902550,2.91
30/08/2013,0,0,3(0.00 %),0,0,0,0,5902550,2.91
03/09/2013,0,0,3(0.00 %),0,0,0,0,5902550,2.91
04/09/2013,0,0,2.8(-6.67 %),0,0,0,0,5902550,2.91
05/09/2013,0,0,2.8(0.00 %),0,0,0,0,5902550,2.91
06/09/2013,0,0,2.9(3.57 %),0,0,0,0,5902550,2.91
09/09/2013,0,0,3(3.45 %),0,0,0,0,5902550,2.91
10/09/2013,0,0,2.9(-3.33 %),0,0,0,0,5902550,2.91
11/09/2013,0,0,2.7(-6.90 %),0,0,0,0,5902550,2.91
12/09/2013,0,0,2.8(3.70 %),0,0,0,0,5902550,2.91
13/09/2013,0,0,2.9(3.57 %),0,0,0,0,5902550,2.91
16/09/2013,-300,-840000,2.9(0.00 %),0,0,300,840000,5902850,2.91
17/09/2013,0,0,2.9(0.00 %),0,0,0,0,5902850,2.91
18/09/2013,0,0,2.8(-3.45 %),0,0,0,0,5902850,2.91
19/09/2013,0,0,2.9(3.57 %),0,0,0,0,5902850,2.91
20/09/2013,0,0,2.9(0.00 %),0,0,0,0,5902850,2.91
23/09/2013,0,0,3(3.45 %),0,0,0,0,5902850,2.91
24/09/2013,0,0,3(0.00 %),0,0,0,0,5902850,2.91
25/09/2013,0,0,2.9(-3.33 %),0,0,0,0,5902850,2.91
26/09/2013,0,0,2.9(0.00 %),0,0,0,0,5902850,2.91
27/09/2013,0,0,3.1(6.90 %),0,0,0,0,5902850,2.91
30/09/2013,0,0,3.2(3.23 %),0,0,0,0,5902850,2.91
01/10/2013,0,0,3.2(0.00 %),0,0,0,0,5902850,2.91
02/10/2013,0,0,3.3(3.12 %),0,0,0,0,5902850,2.91
03/10/2013,0,0,3.3(0.00 %),0,0,0,0,5902850,2.91
04/10/2013,0,0,3.4(3.03 %),0,0,0,0,5902850,2.91
07/10/2013,0,0,3.4(0.00 %),0,0,0,0,5902850,2.91
08/10/2013,0,0,3.3(-2.94 %),0,0,0,0,5902850,2.91
09/10/2013,0,0,3.2(-3.03 %),0,0,0,0,5902850,2.91
10/10/2013,0,0,3.2(0.00 %),0,0,0,0,5902850,2.91
11/10/2013,0,0,3.2(0.00 %),0,0,0,0,5902850,2.91
14/10/2013,0,0,3.3(3.12 %),0,0,0,0,5902850,2.91
15/10/2013,0,0,3.2(-3.03 %),0,0,0,0,5902850,2.91
16/10/2013,0,0,3.3(3.12 %),0,0,0,0,5902850,2.91
17/10/2013,0,0,3.2(-3.03 %),0,0,0,0,5902850,2.91
18/10/2013,0,0,3.2(0.00 %),0,0,0,0,5902850,2.91
21/10/2013,0,0,3.3(3.12 %),0,0,0,0,5902850,2.91
22/10/2013,0,0,3.3(0.00 %),0,0,0,0,5902850,2.91
23/10/2013,0,0,3.4(3.03 %),0,0,0,0,5902850,2.91
24/10/2013,0,0,3.6(5.88 %),0,0,0,0,5902850,2.91
25/10/2013,0,0,3.8(5.56 %),0,0,0,0,5902850,2.91
28/10/2013,0,0,4(5.26 %),0,0,0,0,5902850,2.91
29/10/2013,0,0,3.9(-2.50 %),0,0,0,0,5902850,2.91
30/10/2013,0,0,3.9(0.00 %),0,0,0,0,5902850,2.91
31/10/2013,0,0,3.8(-2.56 %),0,0,0,0,5902850,2.91
01/11/2013,0,0,3.8(0.00 %),0,0,0,0,5902850,2.91
04/11/2013,0,0,4(5.26 %),0,0,0,0,5902850,2.91
05/11/2013,0,0,4.2(5.00 %),0,0,0,0,5902850,2.91
06/11/2013,0,0,4.2(0.00 %),0,0,0,0,5902850,2.91
07/11/2013,-10,-41000,4(-4.76 %),0,0,10,41000,5902860,2.91
08/11/2013,0,0,4(0.00 %),0,0,0,0,5902860,2.91
11/11/2013,0,0,4(0.00 %),0,0,0,0,5902860,2.91
12/11/2013,-44990,-170962000,3.8(-5.00 %),0,0,44990,170962000,5947850,2.56
13/11/2013,0,0,4(5.26 %),0,0,0,0,5947850,2.56
14/11/2013,0,0,4(0.00 %),0,0,0,0,5947850,2.56
15/11/2013,0,0,4.2(5.00 %),0,0,0,0,5947850,2.56
18/11/2013,0,0,4.4(4.76 %),0,0,0,0,5947850,2.56
19/11/2013,-15000,-70500000,4.7(6.82 %),0,0,15000,70500000,5962850,2.44
20/11/2013,0,0,5(6.38 %),0,0,0,0,5962850,2.44
21/11/2013,0,0,5.3(6.00 %),0,0,0,0,5962850,2.44
22/11/2013,0,0,5.6(5.66 %),0,0,0,0,5962850,2.44
25/11/2013,0,0,5.9(5.36 %),0,0,0,0,5962850,2.44
26/11/2013,0,0,6.3(6.78 %),0,0,0,0,5962850,2.44
27/11/2013,0,0,6.7(6.35 %),0,0,0,0,5962850,2.44
28/11/2013,6000,42434000,7.1(5.97 %),6000,42434000,0,0,5956850,2.49
29/11/2013,0,0,6.7(-5.63 %),0,0,0,0,5956850,2.49
02/12/2013,0,0,6.3(-5.97 %),0,0,0,0,5956850,2.49
03/12/2013,-5670,-37420000,6(-4.76 %),6290,37540000,11960,74960000,5962520,2.44
04/12/2013,0,0,6(0.00 %),0,0,0,0,5962520,2.44
05/12/2013,0,0,6(0.00 %),0,0,0,0,5962520,2.44
06/12/2013,-1000,-5900000,5.8(-3.33 %),0,0,1000,5900000,5963520,2.44
09/12/2013,-6290,-35853000,5.4(-6.90 %),0,0,6290,35853000,5969810,2.39
10/12/2013,0,0,5.5(1.85 %),0,0,0,0,5969810,2.39
11/12/2013,0,0,5.3(-3.64 %),0,0,0,0,5969810,2.39
12/12/2013,6540,32754000,5.1(-3.77 %),6540,32754000,0,0,5963270,2.44
13/12/2013,0,0,5.1(0.00 %),0,0,0,0,5963270,2.44
16/12/2013,0,0,5.1(0.00 %),2000,10000000,2000,10000000,5963270,2.44
17/12/2013,4000,21600000,5.4(5.88 %),4000,21600000,0,0,5959270,2.47
18/12/2013,-6000,-33000000,5.7(5.56 %),0,0,6000,33000000,5965270,2.42
19/12/2013,-1300,-7340000,5.6(-1.75 %),0,0,1300,7340000,5966570,2.41
20/12/2013,0,0,5.4(-3.57 %),0,0,0,0,5966570,2.41
23/12/2013,460,2392000,5.2(-3.70 %),460,2392000,0,0,5966110,2.42
24/12/2013,1000,5200000,5.5(5.77 %),1000,5200000,0,0,5965110,2.42
25/12/2013,-5700,-31350000,5.5(0.00 %),0,0,5700,31350000,5970810,2.38
26/12/2013,0,0,5.3(-3.64 %),0,0,0,0,5970810,2.38
27/12/2013,0,0,5.3(0.00 %),0,0,0,0,5970810,2.38
30/12/2013,1000,5100000,5.1(-3.77 %),1000,5100000,0,0,5969810,2.39
31/12/2013,0,0,5.2(1.96 %),0,0,0,0,5969810,2.39
02/01/2014,1000,5100000,5.1(-1.92 %),1000,5100000,0,0,5968810,2.39
03/01/2014,1000,5000000,5.1(0.00 %),1000,5000000,0,0,5967810,2.4
06/01/2014,470,2444000,5.3(3.92 %),470,2444000,0,0,5967340,2.41
07/01/2014,0,0,5.2(-1.89 %),0,0,0,0,5967340,2.41
08/01/2014,0,0,5.2(0.00 %),0,0,0,0,5967340,2.41
09/01/2014,0,0,5.2(0.00 %),0,0,0,0,5967340,2.41
10/01/2014,0,0,5.1(-1.92 %),0,0,0,0,5967340,2.41
13/01/2014,0,0,5.1(0.00 %),0,0,0,0,5967340,2.41
14/01/2014,0,0,5(-1.96 %),0,0,0,0,5967340,2.41
15/01/2014,0,0,5(0.00 %),0,0,0,0,5967340,2.41
16/01/2014,0,0,4.9(-2.00 %),0,0,0,0,5967340,2.41
17/01/2014,0,0,4.8(-2.04 %),0,0,0,0,5967340,2.41
20/01/2014,0,0,4.6(-4.17 %),0,0,0,0,5967340,2.41
21/01/2014,0,0,4.7(2.17 %),0,0,0,0,5967340,2.41
22/01/2014,0,0,4.9(4.26 %),0,0,0,0,5967340,2.41
23/01/2014,0,0,4.7(-4.08 %),0,0,0,0,5967340,2.41
24/01/2014,1210,5687000,4.8(2.13 %),1210,5687000,0,0,5966130,2.42
27/01/2014,0,0,4.9(2.08 %),0,0,0,0,5966130,2.42
06/02/2014,0,0,5(2.04 %),0,0,0,0,5966130,2.42
07/02/2014,0,0,4.8(-4.00 %),0,0,0,0,5966130,2.42
10/02/2014,0,0,4.9(2.08 %),0,0,0,0,5966130,2.42
11/02/2014,0,0,4.9(0.00 %),0,0,0,0,5966130,2.42
12/02/2014,0,0,5.1(4.08 %),0,0,0,0,5966130,2.42
13/02/2014,0,0,5.1(0.00 %),0,0,0,0,5966130,2.42
14/02/2014,0,0,5.2(1.96 %),0,0,0,0,5966130,2.42
17/02/2014,0,0,5.5(5.77 %),0,0,0,0,5966130,2.42
18/02/2014,0,0,5.6(1.82 %),0,0,0,0,5966130,2.42
19/02/2014,0,0,5.4(-3.57 %),0,0,0,0,5966130,2.42
20/02/2014,0,0,5.1(-5.56 %),0,0,0,0,5966130,2.42
21/02/2014,0,0,5.2(1.96 %),0,0,0,0,5966130,2.42
24/02/2014,0,0,5.2(0.00 %),0,0,0,0,5966130,2.42
25/02/2014,0,0,5.4(3.85 %),0,0,0,0,5966130,2.42
26/02/2014,0,0,5.3(-1.85 %),0,0,0,0,5966130,2.42
27/02/2014,0,0,5.2(-1.89 %),0,0,0,0,5966130,2.42
28/02/2014,0,0,5.2(0.00 %),0,0,0,0,5966130,2.42
03/03/2014,0,0,5.4(3.85 %),0,0,0,0,5966130,2.42
04/03/2014,0,0,5.1(-5.56 %),0,0,0,0,5966130,2.42
05/03/2014,0,0,5.3(3.92 %),0,0,0,0,5966130,2.42
06/03/2014,0,0,5.3(0.00 %),0,0,0,0,5966130,2.42
07/03/2014,9900,53440000,5.6(5.66 %),10000,54000000,100,560000,5956230,2.49
10/03/2014,-1210,-7139000,5.9(5.36 %),0,0,1210,7139000,5957440,2.48
11/03/2014,0,0,6.2(5.08 %),0,0,0,0,5957440,2.48
12/03/2014,-10000,-59800000,5.8(-6.45 %),0,0,10000,59800000,5967440,2.4
13/03/2014,0,0,5.8(0.00 %),0,0,0,0,5967440,2.4
14/03/2014,13010,76059000,6.1(5.17 %),13010,76059000,0,0,5954430,2.51
17/03/2014,20,126000,6.4(4.92 %),20,126000,0,0,5954410,2.51
18/03/2014,0,0,6.2(-3.12 %),0,0,0,0,5954410,2.51
19/03/2014,-1010,-4262000,6.6(6.45 %),10000,64000000,11010,68262000,5955420,2.5
20/03/2014,3380,21768000,6.6(0.00 %),5400,35100000,2020,13332000,5952040,2.53
21/03/2014,0,0,6.7(1.52 %),0,0,0,0,5952040,2.53
24/03/2014,-5000,-34500000,7.1(5.97 %),5000,35500000,10000,70000000,5957040,2.49
25/03/2014,0,0,7.1(0.00 %),0,0,0,0,5957040,2.49
26/03/2014,0,0,6.7(-5.63 %),0,0,0,0,5957040,2.49
27/03/2014,-200,-1340000,6.7(0.00 %),0,0,200,1340000,5957240,2.48
28/03/2014,0,0,6.7(0.00 %),0,0,0,0,5957240,2.48
31/03/2014,0,0,6.5(-2.99 %),0,0,0,0,5957240,2.48
01/04/2014,200,1220000,6.1(-6.15 %),200,1220000,0,0,5956840,2.49
02/04/2014,0,0,5.7(-6.56 %),0,0,0,0,5956840,2.49
03/04/2014,0,0,6(5.26 %),0,0,0,0,5956840,2.49
04/04/2014,0,0,6(0.00 %),0,0,0,0,5956840,2.49
07/04/2014,0,0,5.8(-3.33 %),0,0,0,0,5956840,2.49
08/04/2014,0,0,6.1(5.17 %),0,0,0,0,5956840,2.49
10/04/2014,0,0,5.9(-3.28 %),0,0,0,0,5956840,2.49
11/04/2014,0,0,6.2(5.08 %),0,0,0,0,5956840,2.49
14/04/2014,0,0,6.1(-1.61 %),0,0,0,0,5956840,2.49
15/04/2014,0,0,6(-1.64 %),0,0,0,0,5956840,2.49
16/04/2014,0,0,6(0.00 %),0,0,0,0,5956840,2.49
17/04/2014,0,0,5.6(-6.67 %),0,0,0,0,5956840,2.49
18/04/2014,0,0,5.7(1.79 %),0,0,0,0,5956840,2.49
21/04/2014,0,0,5.7(0.00 %),0,0,0,0,5956840,2.49
22/04/2014,0,0,5.7(0.00 %),0,0,0,0,5956840,2.49
23/04/2014,0,0,5.8(1.75 %),0,0,0,0,5956840,2.49
24/04/2014,0,0,5.9(1.72 %),0,0,0,0,5956840,2.49
25/04/2014,0,0,5.9(0.00 %),0,0,0,0,5956840,2.49
28/04/2014,0,0,5.8(-1.69 %),0,0,0,0,5956840,2.49
29/04/2014,-7000,-38500000,5.7(-1.72 %),0,0,7000,38500000,5963840,2.43
05/05/2014,0,0,5.4(-5.26 %),0,0,0,0,5957040,2.49
06/05/2014,0,0,5.1(-5.56 %),0,0,0,0,5957040,2.49
07/05/2014,0,0,5.3(3.92 %),0,0,0,0,5957040,2.49
08/05/2014,0,0,5(-5.66 %),0,0,0,0,5957040,2.49
09/05/2014,0,0,4.8(-4.00 %),0,0,0,0,5957040,2.49
12/05/2014,0,0,4.5(-6.25 %),0,0,0,0,5957040,2.49
13/05/2014,0,0,4.2(-6.67 %),0,0,0,0,5957040,2.49
14/05/2014,0,0,4.4(4.76 %),0,0,0,0,5957040,2.49
15/05/2014,0,0,4.6(4.55 %),0,0,0,0,5957040,2.49
16/05/2014,0,0,4.7(2.17 %),0,0,0,0,5957040,2.49
19/05/2014,0,0,4.8(2.13 %),0,0,0,0,5957040,2.49
20/05/2014,0,0,4.9(2.08 %),0,0,0,0,5957040,2.49
21/05/2014,0,0,5(2.04 %),0,0,0,0,5957040,2.49
22/05/2014,500,2500000,4.7(-6.00 %),500,2500000,0,0,5956540,2.49
23/05/2014,0,0,4.8(2.13 %),0,0,0,0,5956540,2.49
26/05/2014,0,0,4.9(2.08 %),0,0,0,0,5956540,2.49
27/05/2014,0,0,4.9(0.00 %),0,0,0,0,5956540,2.49
28/05/2014,0,0,5(2.04 %),0,0,0,0,5956540,2.49
29/05/2014,0,0,4.9(-2.00 %),0,0,0,0,5956540,2.49
30/05/2014,0,0,4.8(-2.04 %),0,0,0,0,5956540,2.49
02/06/2014,0,0,4.8(0.00 %),0,0,0,0,5963540,2.44
03/06/2014,0,0,4.7(-2.08 %),0,0,0,0,5963540,2.44
04/06/2014,0,0,4.4(-6.38 %),0,0,0,0,5963540,2.44
05/06/2014,0,0,4.7(6.82 %),0,0,0,0,5963540,2.44
06/06/2014,0,0,4.8(2.13 %),0,0,0,0,5963540,2.44
09/06/2014,0,0,4.9(2.08 %),0,0,0,0,5963540,2.44
10/06/2014,0,0,4.9(0.00 %),0,0,0,0,5963540,2.44
11/06/2014,0,0,5(2.04 %),0,0,0,0,5963540,2.44
12/06/2014,0,0,4.9(-2.00 %),0,0,0,0,5963540,2.44
13/06/2014,0,0,4.9(0.00 %),0,0,0,0,5963540,2.44
16/06/2014,0,0,4.9(0.00 %),0,0,0,0,5963540,2.44
17/06/2014,0,0,4.8(-2.04 %),0,0,0,0,5963540,2.44
18/06/2014,0,0,4.9(2.08 %),0,0,0,0,5963540,2.44
19/06/2014,0,0,4.9(0.00 %),0,0,0,0,5963540,2.44
20/06/2014,0,0,4.8(-2.04 %),0,0,0,0,5963540,2.44
23/06/2014,0,0,4.8(0.00 %),0,0,0,0,5963540,2.44
24/06/2014,0,0,4.8(0.00 %),0,0,0,0,5963540,2.44
25/06/2014,0,0,4.7(-2.08 %),0,0,0,0,5963540,2.44
26/06/2014,0,0,4.8(2.13 %),0,0,0,0,5963540,2.44
27/06/2014,0,0,4.8(0.00 %),0,0,0,0,5963540,2.44
30/06/2014,0,0,4.8(0.00 %),0,0,0,0,5963540,2.44
01/07/2014,0,0,4.9(2.08 %),0,0,0,0,5963540,2.44
02/07/2014,-500,-2450000,4.9(0.00 %),0,0,500,2450000,5964040,2.43
03/07/2014,0,0,5(2.04 %),0,0,0,0,5964040,2.43
04/07/2014,0,0,4.9(-2.00 %),0,0,0,0,5964040,2.43
07/07/2014,0,0,5(2.04 %),0,0,0,0,5964040,2.43
08/07/2014,0,0,5(0.00 %),0,0,0,0,5964040,2.43
09/07/2014,0,0,5.3(6.00 %),0,0,0,0,5964040,2.43
10/07/2014,0,0,5.3(0.00 %),0,0,0,0,5964040,2.43
11/07/2014,0,0,5.3(0.00 %),0,0,0,0,5964040,0.0
14/07/2014,0,0,5.1(-3.77 %),0,0,0,0,5964040,2.43
15/07/2014,0,0,5.2(1.96 %),0,0,0,0,5964040,2.43
16/07/2014,0,0,5.2(0.00 %),0,0,0,0,5964040,0.0
17/07/2014,0,0,5.1(-1.92 %),0,0,0,0,5964040,2.43
18/07/2014,0,0,5.2(1.96 %),0,0,0,0,5964040,2.43
21/07/2014,0,0,5.1(-1.92 %),0,0,0,0,5964040,0.0
22/07/2014,0,0,5.1(0.00 %),0,0,0,0,5964040,0.0
23/07/2014,0,0,5.4(5.88 %),0,0,0,0,5964040,0.0
24/07/2014,90000,502700000,5.7(5.56 %),90000,502700000,0,0,5874040,0.0
25/07/2014,0,0,5.5(-3.51 %),0,0,0,0,5874040,0.0
28/07/2014,0,0,5.4(-1.82 %),0,0,0,0,5874040,0.0
29/07/2014,0,0,5.4(0.00 %),0,0,0,0,5874040,0.0
30/07/2014,0,0,5.2(-3.70 %),0,0,0,0,5874040,0.0
31/07/2014,0,0,5.4(3.85 %),0,0,0,0,5874040,0.0
01/08/2014,0,0,5.4(0.00 %),0,0,0,0,5874040,0.0
04/08/2014,-11420,-70168000,5.7(5.56 %),23580,127332000,35000,197500000,5850460,0.0
05/08/2014,-36000,-214400000,6(5.26 %),0,0,36000,214400000,5850460,0.0
06/08/2014,0,0,6(0.00 %),0,0,0,0,5850460,3.32
07/08/2014,-19000,-110200000,6(0.00 %),0,0,19000,110200000,5869460,3.17
08/08/2014,0,0,5.8(-3.33 %),0,0,0,0,5885460,0.0
11/08/2014,0,0,5.7(-1.72 %),0,0,0,0,5921460,0.0
12/08/2014,0,0,5.8(1.75 %),0,0,0,0,5921460,0.0
13/08/2014,0,0,5.9(1.72 %),0,0,0,0,5940460,0.0
14/08/2014,0,0,5.9(0.00 %),0,0,0,0,5940460,2.62
15/08/2014,0,0,5.8(-1.69 %),0,0,0,0,5940460,2.62
18/08/2014,0,0,5.9(1.72 %),0,0,0,0,5940460,0.0
19/08/2014,0,0,5.9(0.00 %),0,0,0,0,5940460,0.0
20/08/2014,0,0,5.8(-1.69 %),0,0,0,0,5940460,0.0
21/08/2014,0,0,5.7(-1.72 %),0,0,0,0,5940460,0.0
22/08/2014,0,0,5.8(1.75 %),0,0,0,0,5940460,2.62
25/08/2014,0,0,5.8(0.00 %),0,0,0,0,5940460,2.62
26/08/2014,0,0,5.8(0.00 %),0,0,0,0,5940460,2.62
27/08/2014,0,0,5.9(1.72 %),0,0,0,0,5940460,2.62
28/08/2014,0,0,5.9(0.00 %),0,0,0,0,5940460,2.62
29/08/2014,0,0,5.9(0.00 %),0,0,0,0,5940460,0.0
03/09/2014,0,0,6.1(3.39 %),0,0,0,0,5940460,2.62
04/09/2014,2000,12400000,6.4(4.92 %),2000,12400000,0,0,5938560,0.0
05/09/2014,0,0,6.7(4.69 %),0,0,0,0,5938460,0.0
08/09/2014,0,0,6.7(0.00 %),0,0,0,0,5938460,2.63
09/09/2014,0,0,6.3(-5.97 %),0,0,0,0,5938460,2.63
10/09/2014,-23580,-146596000,6.3(0.00 %),0,0,23580,146596000,5938460,0.0
11/09/2014,0,0,6.4(1.59 %),0,0,0,0,5938460,0.0
12/09/2014,0,0,6.7(4.69 %),0,0,0,0,5938460,0.0
15/09/2014,0,0,6.8(1.49 %),0,0,0,0,5938460,2.63
16/09/2014,0,0,6.7(-1.47 %),0,0,0,0,5962040,0.0
17/09/2014,0,0,6.9(2.99 %),0,0,0,0,5962040,0.0
18/09/2014,0,0,6.8(-1.45 %),0,0,0,0,5962040,0.0
19/09/2014,0,0,6.7(-1.47 %),0,0,0,0,5962040,0.0
22/09/2014,0,0,6.4(-4.48 %),0,0,0,0,5962040,0.0
23/09/2014,0,0,6.3(-1.56 %),0,0,0,0,5962040,0.0
24/09/2014,0,0,6.4(1.59 %),0,0,0,0,5962040,2.45
25/09/2014,0,0,6.6(3.12 %),0,0,0,0,5962040,2.45
26/09/2014,0,0,6.5(-1.52 %),0,0,0,0,5962040,2.45
29/09/2014,0,0,6.4(-1.54 %),0,0,0,0,5962040,0.0
30/09/2014,0,0,6.4(0.00 %),0,0,0,0,5962040,0.0
01/10/2014,0,0,6.4(0.00 %),0,0,0,0,5962040,0.0
02/10/2014,0,0,6.6(3.12 %),0,0,0,0,5962040,0.0
03/10/2014,0,0,6.7(1.52 %),0,0,0,0,5962040,0.0
06/10/2014,0,0,6.9(2.99 %),0,0,0,0,5962040,0.0
07/10/2014,0,0,6.8(-1.45 %),0,0,0,0,5962040,0.0
08/10/2014,0,0,7.2(5.88 %),0,0,0,0,5962040,0.0
09/10/2014,0,0,7.4(2.78 %),0,0,0,0,5962040,0.0
10/10/2014,0,0,7.1(-4.05 %),0,0,0,0,5962040,0.0
13/10/2014,0,0,6.9(-2.82 %),0,0,0,0,5962040,2.45
14/10/2014,0,0,6.9(0.00 %),0,0,0,0,5962040,2.45
15/10/2014,0,0,6.8(-1.45 %),0,0,0,0,5962040,2.45
16/10/2014,0,0,6.6(-2.94 %),0,0,0,0,5962040,2.45
17/10/2014,0,0,6.7(1.52 %),0,0,0,0,5962040,2.45
20/10/2014,0,0,6.7(0.00 %),0,0,0,0,5962040,2.45
21/10/2014,0,0,6.7(0.00 %),0,0,0,0,5962040,2.45
22/10/2014,0,0,6.6(-1.49 %),0,0,0,0,5962040,2.45
23/10/2014,0,0,6.4(-3.03 %),0,0,0,0,5962040,2.45
24/10/2014,0,0,6.3(-1.56 %),0,0,0,0,5962040,2.45
27/10/2014,5000,31500000,6.1(-3.17 %),5000,31500000,0,0,5957040,2.49
29/10/2014,0,0,6.5(3.17 %),0,0,0,0,5957040,2.49
30/10/2014,0,0,6.4(-1.54 %),0,0,0,0,5957040,2.49
31/10/2014,5000,32000000,6.3(-1.56 %),5000,32000000,0,0,5952040,2.53
03/11/2014,5000,32500000,6.5(3.17 %),5000,32500000,0,0,5947040,2.56
04/11/2014,0,0,6.5(0.00 %),0,0,0,0,5947040,2.56
05/11/2014,0,0,6.5(0.00 %),0,0,0,0,5947040,2.56
06/11/2014,0,0,6.5(0.00 %),0,0,0,0,5947040,2.56
07/11/2014,0,0,6.4(-1.54 %),0,0,0,0,5947040,2.56
10/11/2014,0,0,6.5(1.56 %),0,0,0,0,5947040,2.56
11/11/2014,0,0,6.5(0.00 %),0,0,0,0,5947040,2.56
12/11/2014,0,0,6.5(0.00 %),0,0,0,0,5947040,2.56
13/11/2014,0,0,6.6(1.54 %),0,0,0,0,5947040,2.56
14/11/2014,0,0,6.6(0.00 %),0,0,0,0,5947040,2.56
17/11/2014,0,0,6.7(1.52 %),0,0,0,0,5947040,2.56
18/11/2014,0,0,6.8(1.49 %),0,0,0,0,5947040,2.56
19/11/2014,0,0,6.6(-2.94 %),0,0,0,0,5947040,2.56
20/11/2014,0,0,6.7(1.52 %),0,0,0,0,5947040,0.0
21/11/2014,0,0,6.6(-1.49 %),0,0,0,0,5947040,0.0
24/11/2014,0,0,6.6(0.00 %),0,0,0,0,5947040,0.0
25/11/2014,0,0,6.4(-3.03 %),0,0,0,0,5947040,0.0
26/11/2014,0,0,6.4(0.00 %),0,0,0,0,5947040,0.0
27/11/2014,0,0,6.5(1.56 %),0,0,0,0,5947040,0.0
28/11/2014,0,0,6.6(1.54 %),0,0,0,0,5947040,0.0
01/12/2014,0,0,6.7(1.52 %),0,0,0,0,5947040,0.0
02/12/2014,0,0,6.6(-1.49 %),0,0,0,0,5947040,0.0
03/12/2014,10000,67000000,6.7(1.52 %),10000,67000000,0,0,5937040,0.0
04/12/2014,0,0,6.7(0.00 %),0,0,0,0,5937040,0.0
05/12/2014,0,0,6.7(0.00 %),0,0,0,0,5937040,0.0
08/12/2014,0,0,6.8(1.49 %),0,0,0,0,5937040,0.0
09/12/2014,0,0,6.6(-2.94 %),0,0,0,0,5937040,0.0
10/12/2014,0,0,6.7(1.52 %),0,0,0,0,5937040,0.0
11/12/2014,0,0,6.6(-1.49 %),0,0,0,0,5937040,0.0
12/12/2014,0,0,6.7(1.52 %),0,0,0,0,5937040,2.64
15/12/2014,0,0,6.7(0.00 %),0,0,0,0,5937040,0.0
16/12/2014,0,0,6.6(-1.49 %),0,0,0,0,5937040,0.0
17/12/2014,0,0,6.4(-3.03 %),0,0,0,0,5937040,0.0
18/12/2014,0,0,6.5(1.56 %),0,0,0,0,5937040,0.0
19/12/2014,0,0,6.1(-6.15 %),0,0,0,0,5937040,0.0
22/12/2014,0,0,6(-1.64 %),0,0,0,0,5937040,2.64
23/12/2014,0,0,5.7(-5.00 %),0,0,0,0,5937040,0.0
24/12/2014,5000,29000000,5.8(1.75 %),5000,29000000,0,0,5932040,0.0
25/12/2014,0,0,5.8(0.00 %),0,0,0,0,5932040,0.0
26/12/2014,0,0,5.8(0.00 %),0,0,0,0,5932040,2.68
29/12/2014,0,0,5.4(-6.90 %),0,0,0,0,5932040,2.68
30/12/2014,0,0,5.3(-1.85 %),0,0,0,0,5932040,2.68
31/12/2014,0,0,5.6(5.66 %),0,0,0,0,5932040,2.68
05/01/2015,0,0,5.8(3.57 %),0,0,0,0,5932040,2.68
06/01/2015,0,0,5.8(0.00 %),0,0,0,0,5932040,2.68
07/01/2015,-14170,-80769000,5.7(-1.72 %),0,0,14170,80769000,5946210,2.57
08/01/2015,-700,-3990000,5.7(0.00 %),0,0,700,3990000,5946910,2.57
09/01/2015,-890,-4984000,5.6(-1.75 %),0,0,890,4984000,5947800,2.56
12/01/2015,-320,-1824000,5.7(1.79 %),0,0,320,1824000,5948120,2.56
13/01/2015,0,0,5.6(-1.75 %),0,0,0,0,5948120,2.56
14/01/2015,-11790,-66024000,5.7(1.79 %),0,0,11790,66024000,5959910,2.46
15/01/2015,0,0,5.6(-1.75 %),0,0,0,0,5959910,2.46
16/01/2015,0,0,5.8(3.57 %),0,0,0,0,5959910,2.46
19/01/2015,0,0,5.5(-5.17 %),0,0,0,0,5959910,2.46
20/01/2015,0,0,5.6(1.82 %),0,0,0,0,5959910,2.46
21/01/2015,0,0,5.7(1.79 %),0,0,0,0,5959910,2.46
22/01/2015,0,0,5.6(-1.75 %),0,0,0,0,5959910,2.46
23/01/2015,-160,-896000,5.4(-3.57 %),0,0,160,896000,5960070,2.46
26/01/2015,0,0,5.4(0.00 %),0,0,0,0,5960070,2.46
27/01/2015,-27040,-143316000,5.3(-1.85 %),0,0,27040,143316000,5987110,2.25
28/01/2015,0,0,5.2(-1.89 %),0,0,0,0,5987110,2.25
29/01/2015,0,0,5.2(0.00 %),0,0,0,0,5987110,2.25
30/01/2015,0,0,5.2(0.00 %),0,0,0,0,5987110,2.25
02/02/2015,0,0,4.9(-5.77 %),0,0,0,0,5987110,2.25
03/02/2015,0,0,5(2.04 %),0,0,0,0,5987110,2.25
04/02/2015,0,0,5(0.00 %),0,0,0,0,5987110,2.25
05/02/2015,0,0,5(0.00 %),0,0,0,0,5987110,2.25
06/02/2015,0,0,5.1(2.00 %),0,0,0,0,5987110,2.25
09/02/2015,0,0,4.9(-3.92 %),0,0,0,0,5987110,2.25
10/02/2015,0,0,5.1(4.08 %),0,0,0,0,5987110,2.25
11/02/2015,0,0,5.2(1.96 %),0,0,0,0,5987110,2.25
12/02/2015,0,0,4.9(-5.77 %),0,0,0,0,5987110,2.25
13/02/2015,-22000,-110000000,5(2.04 %),0,0,22000,110000000,6009110,2.08
24/02/2015,0,0,5.1(2.00 %),0,0,0,0,6009110,2.08
25/02/2015,0,0,5.1(0.00 %),0,0,0,0,6009110,2.08
26/02/2015,0,0,5.1(0.00 %),0,0,0,0,6009110,2.08
27/02/2015,0,0,5.2(1.96 %),0,0,0,0,6009110,2.08
02/03/2015,0,0,5(-3.85 %),0,0,0,0,6009110,2.08
03/03/2015,0,0,5.1(2.00 %),0,0,0,0,6009110,2.08
04/03/2015,-1600,-8160000,5.2(1.96 %),0,0,1600,8160000,6010710,2.07
05/03/2015,0,0,5.2(0.00 %),0,0,0,0,6010710,2.07
06/03/2015,0,0,5.2(0.00 %),0,0,0,0,6010710,2.07
09/03/2015,0,0,5.2(0.00 %),0,0,0,0,6010710,2.07
10/03/2015,1000,5200000,5.2(0.00 %),1000,5200000,0,0,6009710,2.07
11/03/2015,1500,7800000,5.3(1.92 %),1500,7800000,0,0,6008210,2.09
12/03/2015,24250,128525000,5.3(0.00 %),24250,128525000,0,0,5983960,2.28
13/03/2015,13320,70596000,5.5(3.77 %),13320,70596000,0,0,5970640,2.38
16/03/2015,-10,-54000,5.5(0.00 %),0,0,10,54000,5970650,2.38
17/03/2015,0,0,5.4(-1.82 %),0,0,0,0,5970650,2.38
18/03/2015,11000,58300000,5.4(0.00 %),11000,58300000,0,0,5959650,2.47
19/03/2015,-3000,-16200000,5.4(0.00 %),0,0,3000,16200000,5962650,2.44
20/03/2015,0,0,5.3(-1.85 %),0,0,0,0,5962650,2.44
23/03/2015,0,0,5.3(0.00 %),0,0,0,0,5962650,2.44
24/03/2015,0,0,5.3(0.00 %),0,0,0,0,5962650,2.44
25/03/2015,0,0,5.2(-1.89 %),0,0,0,0,5962650,2.44
26/03/2015,0,0,5.2(0.00 %),0,0,0,0,5962650,2.44
27/03/2015,0,0,5.2(0.00 %),0,0,0,0,5962650,2.44
30/03/2015,0,0,5.1(-1.92 %),0,0,0,0,5962650,2.44
31/03/2015,0,0,5.2(1.96 %),0,0,0,0,5962650,2.44
01/04/2015,0,0,5(-3.85 %),0,0,0,0,5962650,2.44
02/04/2015,0,0,5.2(4.00 %),0,0,0,0,5962650,2.44
03/04/2015,0,0,5(-3.85 %),0,0,0,0,5962650,2.44
06/04/2015,0,0,5.1(2.00 %),0,0,0,0,5962650,2.44
07/04/2015,0,0,5.1(0.00 %),0,0,0,0,5962650,2.44
08/04/2015,4320,22032000,5.1(0.00 %),4320,22032000,0,0,5958330,2.48
09/04/2015,3010,15351000,5.1(0.00 %),3010,15351000,0,0,5955320,2.5
10/04/2015,0,0,5.2(1.96 %),0,0,0,0,5955320,2.5
13/04/2015,3630,18876000,5.2(0.00 %),3630,18876000,0,0,5951690,2.53
14/04/2015,10000,52000000,5.2(0.00 %),10000,52000000,0,0,5941690,2.61
15/04/2015,0,0,5.1(-1.92 %),0,0,0,0,5941690,2.61
16/04/2015,1970,10047000,5.1(0.00 %),1970,10047000,0,0,5939720,2.62
17/04/2015,0,0,5.2(1.96 %),0,0,0,0,5939720,2.62
20/04/2015,10000,52000000,5.2(0.00 %),10000,52000000,0,0,5929720,2.7
21/04/2015,10000,52000000,5.2(0.00 %),10000,52000000,0,0,5919720,2.78
22/04/2015,0,0,5.2(0.00 %),0,0,0,0,5919720,2.78
23/04/2015,0,0,5.2(0.00 %),0,0,0,0,5919720,2.78
24/04/2015,0,0,5.2(0.00 %),0,0,0,0,5919720,2.78
27/04/2015,0,0,5.1(-1.92 %),0,0,0,0,5919720,2.78
04/05/2015,0,0,5(-1.96 %),0,0,0,0,5919720,2.78
05/05/2015,0,0,5(0.00 %),0,0,0,0,5919720,2.78
06/05/2015,0,0,4.9(-2.00 %),0,0,0,0,5919720,2.78
07/05/2015,0,0,4.9(0.00 %),0,0,0,0,5919720,2.78
08/05/2015,0,0,4.8(-2.04 %),0,0,0,0,5919720,2.78
11/05/2015,0,0,4.8(0.00 %),0,0,0,0,5919720,2.78
12/05/2015,0,0,4.8(0.00 %),0,0,0,0,5919720,2.78
13/05/2015,0,0,4.8(0.00 %),0,0,0,0,5919720,2.78
14/05/2015,0,0,4.6(-4.17 %),0,0,0,0,5919720,2.78
15/05/2015,0,0,4.7(2.17 %),0,0,0,0,5919720,2.78
18/05/2015,0,0,4.7(0.00 %),0,0,0,0,5919720,2.78
19/05/2015,0,0,4.7(0.00 %),0,0,0,0,5919720,2.78
20/05/2015,0,0,4.8(2.13 %),0,0,0,0,5919720,2.78
21/05/2015,0,0,4.9(2.08 %),0,0,0,0,5919720,2.78
22/05/2015,0,0,5(2.04 %),0,0,0,0,5919720,2.78
25/05/2015,0,0,5(0.00 %),0,0,0,0,5919720,2.78
26/05/2015,0,0,4.9(-2.00 %),0,0,0,0,5919720,2.78
27/05/2015,0,0,4.9(0.00 %),0,0,0,0,5919720,2.78
28/05/2015,0,0,4.7(-4.08 %),0,0,0,0,5919720,2.78
29/05/2015,0,0,4.8(2.13 %),0,0,0,0,5919720,2.78
01/06/2015,-200,-940000,4.7(-2.08 %),0,0,200,940000,5919720,2.78
02/06/2015,0,0,4.7(0.00 %),0,0,0,0,5919720,2.78
03/06/2015,0,0,4.8(2.13 %),0,0,0,0,5919720,2.78
04/06/2015,0,0,4.9(2.08 %),0,0,0,0,5919720,2.78
05/06/2015,0,0,4.8(-2.04 %),0,0,0,0,5919720,2.78
08/06/2015,0,0,5(4.17 %),0,0,0,0,5919720,2.78
09/06/2015,0,0,4.8(-4.00 %),0,0,0,0,5919720,2.78
10/06/2015,0,0,4.8(0.00 %),0,0,0,0,5919720,2.78
11/06/2015,0,0,4.9(2.08 %),0,0,0,0,5919720,2.78
12/06/2015,0,0,4.9(0.00 %),0,0,0,0,5919720,2.78
15/06/2015,0,0,4.9(0.00 %),0,0,0,0,5919720,2.78
16/06/2015,0,0,4.9(0.00 %),0,0,0,0,5919720,2.78
17/06/2015,0,0,5(2.04 %),0,0,0,0,5919720,2.78
18/06/2015,0,0,5(0.00 %),0,0,0,0,5919720,2.78
19/06/2015,0,0,5(0.00 %),0,0,0,0,5919720,2.78
22/06/2015,0,0,5(0.00 %),0,0,0,0,5919720,2.78
23/06/2015,0,0,5.1(2.00 %),0,0,0,0,5919720,2.78
24/06/2015,0,0,5.1(0.00 %),0,0,0,0,5919720,2.78
25/06/2015,0,0,5(-1.96 %),0,0,0,0,5919720,2.78
26/06/2015,0,0,4.9(-2.00 %),0,0,0,0,5919720,2.78
29/06/2015,0,0,4.9(0.00 %),0,0,0,0,5919720,2.78
30/06/2015,0,0,4.9(0.00 %),0,0,0,0,5919720,2.78
01/07/2015,0,0,4.8(-2.04 %),0,0,0,0,5919920,2.78
02/07/2015,0,0,4.9(2.08 %),0,0,0,0,5919920,2.78
03/07/2015,0,0,4.7(-4.08 %),0,0,0,0,5919920,2.78
06/07/2015,0,0,4.8(2.13 %),0,0,0,0,5919920,2.78
07/07/2015,0,0,4.7(-2.08 %),0,0,0,0,5919920,2.78
08/07/2015,0,0,4.7(0.00 %),0,0,0,0,5919920,2.78
09/07/2015,0,0,4.6(-2.13 %),0,0,0,0,5919920,2.78
10/07/2015,0,0,4.7(2.17 %),0,0,0,0,5919920,2.78
13/07/2015,0,0,4.7(0.00 %),0,0,0,0,5919920,2.78
14/07/2015,0,0,4.6(-2.13 %),0,0,0,0,5919920,2.78
15/07/2015,0,0,4.5(-2.17 %),0,0,0,0,5919920,2.78
16/07/2015,0,0,4.6(2.22 %),0,0,0,0,5919920,2.78
17/07/2015,0,0,4.7(2.17 %),0,0,0,0,5919920,2.78
20/07/2015,0,0,4.6(-2.13 %),0,0,0,0,5919920,2.78
21/07/2015,0,0,4.4(-4.35 %),0,0,0,0,5919920,2.78
22/07/2015,0,0,4.5(2.27 %),0,0,0,0,5919920,2.78
23/07/2015,0,0,4.3(-4.44 %),0,0,0,0,5919920,2.78
24/07/2015,0,0,4.4(2.33 %),0,0,0,0,5919920,2.78
27/07/2015,0,0,4.2(-4.55 %),0,0,0,0,5919920,2.78
28/07/2015,0,0,4.1(-2.38 %),0,0,0,0,5919920,2.78
29/07/2015,0,0,4.2(2.44 %),0,0,0,0,5919920,2.78
30/07/2015,0,0,4.3(2.38 %),0,0,0,0,5919920,2.78
31/07/2015,0,0,4.3(0.00 %),0,0,0,0,5919920,2.78
03/08/2015,0,0,4.2(-2.33 %),0,0,0,0,5919920,2.78
04/08/2015,0,0,4.3(2.38 %),0,0,0,0,5919920,2.78
05/08/2015,0,0,4.3(0.00 %),0,0,0,0,5919920,2.78
06/08/2015,0,0,4.2(-2.33 %),0,0,0,0,5919920,2.78
07/08/2015,0,0,4.3(2.38 %),0,0,0,0,5919920,2.78
10/08/2015,0,0,4.3(0.00 %),0,0,0,0,5919920,2.78
11/08/2015,0,0,4.4(2.33 %),0,0,0,0,5919920,2.78
12/08/2015,0,0,4.1(-6.82 %),0,0,0,0,5919920,2.78
13/08/2015,0,0,4.2(2.44 %),0,0,0,0,5919920,2.78
14/08/2015,0,0,4(-4.76 %),0,0,0,0,5919920,2.78
17/08/2015,0,0,3.9(-2.50 %),0,0,0,0,5919920,2.78
18/08/2015,0,0,4.1(5.13 %),0,0,0,0,5919920,2.78
19/08/2015,0,0,4.1(0.00 %),0,0,0,0,5919920,2.78
20/08/2015,0,0,4(-2.44 %),0,0,0,0,5919920,2.78
21/08/2015,0,0,3.9(-2.50 %),0,0,0,0,5919920,2.78
24/08/2015,0,0,3.7(-5.13 %),0,0,0,0,5919920,2.78
25/08/2015,0,0,3.9(5.41 %),0,0,0,0,5919920,2.78
26/08/2015,0,0,3.9(0.00 %),0,0,0,0,5919920,2.78
27/08/2015,0,0,4(2.56 %),0,0,0,0,5919920,2.78
28/08/2015,0,0,4(0.00 %),0,0,0,0,5919920,2.78
31/08/2015,0,0,4(0.00 %),0,0,0,0,5919920,2.78
01/09/2015,0,0,4(0.00 %),0,0,0,0,5919920,2.78
03/09/2015,0,0,3.9(-2.50 %),0,0,0,0,5919920,2.78
04/09/2015,0,0,4(2.56 %),0,0,0,0,5919920,2.78
07/09/2015,0,0,4(0.00 %),0,0,0,0,5919920,2.78
08/09/2015,0,0,4(0.00 %),0,0,0,0,5919920,2.78
09/09/2015,0,0,3.9(-2.50 %),0,0,0,0,5919920,2.78
10/09/2015,0,0,3.9(0.00 %),0,0,0,0,5919920,2.78
11/09/2015,0,0,3.8(-2.56 %),0,0,0,0,5919920,2.78
14/09/2015,-1000,-3800000,3.9(2.63 %),0,0,1000,3800000,5920920,2.77
15/09/2015,0,0,4(2.56 %),0,0,0,0,5920920,2.77
16/09/2015,0,0,4.1(2.50 %),0,0,0,0,5920920,2.77
17/09/2015,0,0,4(-2.44 %),0,0,0,0,5920920,2.77
18/09/2015,0,0,4(0.00 %),0,0,0,0,5920920,2.77
21/09/2015,0,0,4(0.00 %),0,0,0,0,5920920,2.77
22/09/2015,0,0,3.8(-5.00 %),0,0,0,0,5920920,2.77
23/09/2015,0,0,4(5.26 %),0,0,0,0,5920920,2.77
24/09/2015,0,0,4(0.00 %),0,0,0,0,5920920,2.77
25/09/2015,0,0,3.9(-2.50 %),0,0,0,0,5920920,2.77
28/09/2015,0,0,3.9(0.00 %),0,0,0,0,5920920,2.77
29/09/2015,-2400,-9120000,3.9(0.00 %),0,0,2400,9120000,5923320,2.75
30/09/2015,0,0,3.9(0.00 %),0,0,0,0,5923320,2.75
01/10/2015,0,0,4(2.56 %),0,0,0,0,5920920,2.77
02/10/2015,0,0,4(0.00 %),0,0,0,0,5920920,2.77
05/10/2015,0,0,3.9(-2.50 %),0,0,0,0,5920920,2.77
06/10/2015,0,0,4.1(5.13 %),0,0,0,0,5920920,2.77
07/10/2015,0,0,4.1(0.00 %),0,0,0,0,5920920,2.77
08/10/2015,0,0,4.1(0.00 %),0,0,0,0,5920920,2.77
09/10/2015,100,410000,4.1(0.00 %),100,410000,0,0,5920820,2.77
12/10/2015,0,0,4(-2.44 %),0,0,0,0,5920820,2.77
13/10/2015,0,0,3.9(-2.50 %),0,0,0,0,5920820,2.77
14/10/2015,400,1560000,3.9(0.00 %),400,1560000,0,0,5920420,2.77
15/10/2015,-100,-380000,4(2.56 %),0,0,100,380000,5920520,2.77
16/10/2015,0,0,3.9(-2.50 %),0,0,0,0,5920520,2.77
19/10/2015,0,0,4(2.56 %),0,0,0,0,5920520,2.77
20/10/2015,0,0,4(0.00 %),0,0,0,0,5920520,2.77
21/10/2015,0,0,3.8(-5.00 %),0,0,0,0,5920520,2.77
22/10/2015,20,80000,3.9(2.63 %),20,80000,0,0,5920500,2.77
23/10/2015,0,0,3.9(0.00 %),0,0,0,0,5920500,2.77
26/10/2015,0,0,3.9(0.00 %),0,0,0,0,5920500,2.77
27/10/2015,-20,-80000,4(2.56 %),0,0,20,80000,5920520,2.77
28/10/2015,0,0,4(0.00 %),0,0,0,0,5920520,2.77
29/10/2015,-100,-390000,3.9(-2.50 %),0,0,100,390000,5920620,2.77
30/10/2015,0,0,4(2.56 %),0,0,0,0,5920620,2.77
02/11/2015,0,0,3.8(-5.00 %),0,0,0,0,5922920,2.75
03/11/2015,0,0,3.7(-2.63 %),0,0,0,0,5922920,2.75
04/11/2015,0,0,3.7(0.00 %),0,0,0,0,5922920,2.75
05/11/2015,0,0,3.8(2.70 %),0,0,0,0,5922920,2.75
06/11/2015,0,0,3.7(-2.63 %),0,0,0,0,5922920,2.75
09/11/2015,0,0,3.8(2.70 %),0,0,0,0,5922920,2.75
10/11/2015,0,0,3.8(0.00 %),0,0,0,0,5922920,2.75
11/11/2015,0,0,3.8(0.00 %),0,0,0,0,5922920,2.75
12/11/2015,0,0,3.7(-2.63 %),0,0,0,0,5922920,2.75
13/11/2015,0,0,3.7(0.00 %),0,0,0,0,5922920,2.75
16/11/2015,0,0,3.6(-2.70 %),0,0,0,0,5922920,2.75
17/11/2015,0,0,3.6(0.00 %),0,0,0,0,5922920,2.75
18/11/2015,0,0,3.7(2.78 %),0,0,0,0,5922920,2.75
19/11/2015,0,0,3.7(0.00 %),0,0,0,0,5922920,2.75
20/11/2015,0,0,3.7(0.00 %),0,0,0,0,5922920,2.75
23/11/2015,0,0,3.8(2.70 %),0,0,0,0,5922920,2.75
24/11/2015,0,0,3.7(-2.63 %),0,0,0,0,5923020,2.75
25/11/2015,1000,3800000,3.7(0.00 %),1000,3800000,0,0,5922020,2.76
26/11/2015,0,0,3.7(0.00 %),0,0,0,0,5922020,2.76
27/11/2015,240,936000,3.7(0.00 %),240,936000,0,0,5921780,2.76
30/11/2015,0,0,3.7(0.00 %),0,0,0,0,5921780,2.76
01/12/2015,0,0,3.8(2.70 %),0,0,0,0,5921780,2.76
02/12/2015,0,0,3.8(0.00 %),0,0,0,0,5921780,2.76
03/12/2015,0,0,3.8(0.00 %),0,0,0,0,5921780,2.76
04/12/2015,0,0,3.8(0.00 %),0,0,0,0,5921780,2.76
07/12/2015,0,0,3.7(-2.63 %),0,0,0,0,5921780,2.76
08/12/2015,1560,5930000,3.9(5.41 %),1560,5930000,0,0,5920220,2.77
09/12/2015,0,0,3.9(0.00 %),0,0,0,0,5920220,2.77
10/12/2015,0,0,3.7(-5.13 %),0,0,0,0,5920220,2.77
11/12/2015,500,1850000,3.7(0.00 %),500,1850000,0,0,5919720,2.78
14/12/2015,0,0,3.8(2.70 %),0,0,0,0,5919720,2.78
15/12/2015,1000,3900000,3.7(-2.63 %),1000,3900000,0,0,5918720,2.79
16/12/2015,500,1850000,3.7(0.00 %),500,1850000,0,0,5918220,2.79
17/12/2015,500,1900000,3.9(5.41 %),500,1900000,0,0,5917720,2.79
18/12/2015,500,1950000,3.7(-5.13 %),500,1950000,0,0,5917220,2.8
21/12/2015,500,1950000,3.7(0.00 %),500,1950000,0,0,5916720,2.8
22/12/2015,500,1900000,3.8(2.70 %),500,1900000,0,0,5916220,2.8
23/12/2015,100,380000,3.7(-2.63 %),100,380000,0,0,5916120,2.81
24/12/2015,400,1520000,3.8(2.70 %),400,1520000,0,0,5915720,2.81
25/12/2015,0,0,3.8(0.00 %),0,0,0,0,5915720,2.81
28/12/2015,0,0,3.7(-2.63 %),0,0,0,0,5915720,2.81
29/12/2015,1000,3700000,3.7(0.00 %),1000,3700000,0,0,5914720,2.82
30/12/2015,500,1900000,3.6(-2.70 %),500,1900000,0,0,5914220,2.82
31/12/2015,500,1850000,3.7(2.78 %),500,1850000,0,0,5913720,2.82
04/01/2016,0,0,3.8(2.70 %),0,0,0,0,5913720,2.82
05/01/2016,0,0,3.8(0.00 %),0,0,0,0,5913720,2.82
06/01/2016,0,0,3.8(0.00 %),0,0,0,0,5913720,2.82
07/01/2016,0,0,3.8(0.00 %),0,0,0,0,5913720,2.82
08/01/2016,0,0,3.7(-2.63 %),0,0,0,0,5913720,2.82
11/01/2016,0,0,3.7(0.00 %),0,0,0,0,5913720,2.82
12/01/2016,0,0,3.7(0.00 %),0,0,0,0,5913720,2.82
13/01/2016,0,0,3.7(0.00 %),0,0,0,0,5913720,2.82
14/01/2016,0,0,3.7(0.00 %),0,0,0,0,5913720,2.82
15/01/2016,0,0,3.8(2.70 %),0,0,0,0,5913720,2.82
18/01/2016,0,0,3.7(-2.63 %),0,0,0,0,5913720,2.82
19/01/2016,0,0,3.8(2.70 %),0,0,0,0,5913720,2.82
20/01/2016,0,0,3.8(0.00 %),0,0,0,0,5913720,2.82
21/01/2016,0,0,3.6(-5.26 %),0,0,0,0,5913720,2.82
22/01/2016,0,0,3.7(2.78 %),0,0,0,0,5913720,2.82
25/01/2016,0,0,3.5(-5.41 %),0,0,0,0,5913720,2.82
26/01/2016,0,0,3.3(-5.71 %),0,0,0,0,5913720,2.82
27/01/2016,0,0,3.3(0.00 %),0,0,0,0,5913720,2.82
28/01/2016,0,0,3.2(-3.03 %),0,0,0,0,5913720,2.82
29/01/2016,0,0,3.3(3.12 %),0,0,0,0,5913720,2.82
01/02/2016,0,0,3.1(-6.06 %),0,0,0,0,5913720,2.82
02/02/2016,0,0,2.9(-6.45 %),0,0,0,0,5913720,2.82
03/02/2016,0,0,3.1(6.90 %),0,0,0,0,5913720,2.82
04/02/2016,0,0,3.1(0.00 %),0,0,0,0,5913720,2.82
05/02/2016,0,0,3.1(0.00 %),0,0,0,0,5913720,2.82
15/02/2016,0,0,3.1(0.00 %),0,0,0,0,5913720,2.82
16/02/2016,0,0,3.2(3.23 %),0,0,0,0,5913720,2.82
17/02/2016,0,0,3.3(3.12 %),0,0,0,0,5913720,2.82
18/02/2016,0,0,3.3(0.00 %),0,0,0,0,5913720,2.82
19/02/2016,0,0,3.4(3.03 %),0,0,0,0,5913720,2.82
22/02/2016,0,0,3.4(0.00 %),0,0,0,0,5913720,2.82
23/02/2016,0,0,3.5(2.94 %),0,0,0,0,5913720,2.82
24/02/2016,0,0,3.3(-5.71 %),0,0,0,0,5913720,2.82
25/02/2016,0,0,3.3(0.00 %),0,0,0,0,5913720,2.82
26/02/2016,0,0,3.2(-3.03 %),0,0,0,0,5913720,2.82
29/02/2016,0,0,3.4(6.25 %),0,0,0,0,5913720,2.82
01/03/2016,0,0,3.5(2.94 %),0,0,0,0,5913720,2.82
02/03/2016,0,0,3.5(0.00 %),0,0,0,0,5913720,2.82
03/03/2016,0,0,3.5(0.00 %),0,0,0,0,5913720,2.82
04/03/2016,0,0,3.3(-5.71 %),0,0,0,0,5913720,2.82
07/03/2016,0,0,3.4(3.03 %),0,0,0,0,5913720,2.82
08/03/2016,0,0,3.4(0.00 %),0,0,0,0,5913720,2.82
09/03/2016,0,0,3.4(0.00 %),0,0,0,0,5913720,2.82
10/03/2016,0,0,3.5(2.94 %),0,0,0,0,5913720,2.82
11/03/2016,0,0,3.5(0.00 %),0,0,0,0,5913720,2.82
14/03/2016,0,0,3.4(-2.86 %),0,0,0,0,5913720,2.82
15/03/2016,0,0,3.4(0.00 %),0,0,0,0,5913720,2.82
16/03/2016,0,0,3.4(0.00 %),0,0,0,0,5913720,2.82
17/03/2016,0,0,3.5(2.94 %),0,0,0,0,5913720,2.82
18/03/2016,0,0,3.6(2.86 %),0,0,0,0,5913720,2.82
21/03/2016,0,0,3.5(-2.78 %),0,0,0,0,5913720,2.82
22/03/2016,0,0,3.5(0.00 %),0,0,0,0,5913720,2.82
23/03/2016,0,0,3.4(-2.86 %),0,0,0,0,5913720,2.82
24/03/2016,0,0,3.4(0.00 %),0,0,0,0,5913720,2.82
25/03/2016,0,0,3.4(0.00 %),0,0,0,0,5913720,2.82
28/03/2016,0,0,3.5(2.94 %),0,0,0,0,5913720,2.82
29/03/2016,0,0,3.5(0.00 %),0,0,0,0,5913720,2.82
30/03/2016,1040,3740000,3.4(-2.86 %),1040,3740000,0,0,5912680,2.83
31/03/2016,0,0,3.5(2.94 %),0,0,0,0,5912680,2.83
01/04/2016,0,0,3.5(0.00 %),0,0,0,0,5912680,2.83
04/04/2016,0,0,3.3(-5.71 %),0,0,0,0,5912680,2.83
05/04/2016,-100,-340000,3.5(6.06 %),0,0,100,340000,5912680,2.83
06/04/2016,0,0,3.5(0.00 %),0,0,0,0,5912680,2.83
07/04/2016,0,0,3.5(0.00 %),0,0,0,0,5912680,2.83
08/04/2016,0,0,3.5(0.00 %),0,0,0,0,5912780,2.83
11/04/2016,0,0,3.6(2.86 %),0,0,0,0,5912780,2.83
12/04/2016,0,0,3.5(-2.78 %),0,0,0,0,5912780,2.83
13/04/2016,0,0,3.5(0.00 %),0,0,0,0,5912780,2.83
14/04/2016,0,0,3.5(0.00 %),0,0,0,0,5912780,2.83
15/04/2016,0,0,3.5(0.00 %),0,0,0,0,5912780,2.83
19/04/2016,0,0,3.5(0.00 %),0,0,0,0,5912780,2.83
20/04/2016,0,0,3.5(0.00 %),0,0,0,0,5912780,2.83
21/04/2016,0,0,3.5(0.00 %),0,0,0,0,5912780,2.83
22/04/2016,0,0,3.5(0.00 %),0,0,0,0,5912780,2.83
25/04/2016,0,0,3.5(0.00 %),0,0,0,0,5912780,2.83
26/04/2016,0,0,3.5(0.00 %),0,0,0,0,5912780,2.83
27/04/2016,0,0,3.3(-5.71 %),0,0,0,0,5912780,2.83
28/04/2016,0,0,3.3(0.00 %),0,0,0,0,5912780,2.83
29/04/2016,0,0,3.4(3.03 %),0,0,0,0,5912780,2.83
04/05/2016,0,0,3.2(-5.88 %),0,0,0,0,5912780,2.83
05/05/2016,0,0,3.4(6.25 %),0,0,0,0,5912780,2.83
06/05/2016,0,0,3.5(2.94 %),0,0,0,0,5912780,2.83
09/05/2016,0,0,3.4(-2.86 %),0,0,0,0,5912780,2.83
10/05/2016,0,0,3.2(-5.88 %),0,0,0,0,5912780,2.83
11/05/2016,0,0,3.4(6.25 %),0,0,0,0,5912780,2.83
12/05/2016,0,0,3.2(-5.88 %),0,0,0,0,5912780,2.83
13/05/2016,0,0,3.4(6.25 %),0,0,0,0,5912780,2.83
16/05/2016,0,0,3.3(-2.94 %),0,0,0,0,5912780,2.83
17/05/2016,0,0,3.4(3.03 %),0,0,0,0,5912780,2.83
18/05/2016,0,0,3.4(0.00 %),0,0,0,0,5912780,2.83
19/05/2016,0,0,3.3(-2.94 %),0,0,0,0,5912780,2.83
20/05/2016,0,0,3.3(0.00 %),0,0,0,0,5912780,2.83
23/05/2016,0,0,3.3(0.00 %),0,0,0,0,5912780,2.83
24/05/2016,0,0,3.4(3.03 %),0,0,0,0,5912780,2.83
25/05/2016,0,0,3.4(0.00 %),0,0,0,0,5912780,2.83
26/05/2016,0,0,3.3(-2.94 %),0,0,0,0,5912780,2.83
27/05/2016,0,0,3.4(3.03 %),0,0,0,0,5912780,2.83
30/05/2016,0,0,3.3(-2.94 %),0,0,0,0,5912780,2.83
31/05/2016,0,0,3.3(0.00 %),0,0,0,0,5912780,2.83
01/06/2016,0,0,3.4(3.03 %),0,0,0,0,5912780,2.83
02/06/2016,0,0,3.5(2.94 %),0,0,0,0,5912780,2.83
03/06/2016,0,0,3.6(2.86 %),0,0,0,0,5912780,2.83
06/06/2016,-200,-680000,3.5(-2.78 %),0,0,200,680000,5912780,2.83
07/06/2016,0,0,3.5(0.00 %),0,0,0,0,5912780,2.83
08/06/2016,0,0,3.6(2.86 %),0,0,0,0,5912780,2.83
09/06/2016,0,0,3.6(0.00 %),0,0,0,0,5912980,2.83
10/06/2016,0,0,3.6(0.00 %),0,0,0,0,5912980,2.83
13/06/2016,0,0,3.4(-5.56 %),0,0,0,0,5912980,2.83
14/06/2016,0,0,3.5(2.94 %),0,0,0,0,5912980,2.83
15/06/2016,0,0,3.5(0.00 %),0,0,0,0,5912980,2.83
16/06/2016,0,0,3.6(2.86 %),0,0,0,0,5912980,2.83
17/06/2016,0,0,3.7(2.78 %),0,0,0,0,5912980,2.83
20/06/2016,0,0,3.7(0.00 %),0,0,0,0,5912980,2.83
21/06/2016,0,0,3.7(0.00 %),0,0,0,0,5912980,2.83
22/06/2016,0,0,3.7(0.00 %),0,0,0,0,5912980,2.83
23/06/2016,0,0,3.7(0.00 %),0,0,0,0,5912980,2.83
24/06/2016,0,0,3.5(-5.41 %),0,0,0,0,5912980,2.83
27/06/2016,0,0,3.4(-2.86 %),0,0,0,0,5912980,2.83
28/06/2016,0,0,3.4(0.00 %),0,0,0,0,5912980,2.83
29/06/2016,0,0,3.4(0.00 %),0,0,0,0,5912980,2.83
30/06/2016,0,0,3.4(0.00 %),0,0,0,0,5912980,2.83
01/07/2016,0,0,3.4(0.00 %),0,0,0,0,5912980,2.83
04/07/2016,0,0,3.4(0.00 %),0,0,0,0,5912980,2.83
05/07/2016,0,0,3.4(0.00 %),0,0,0,0,5912980,2.83
06/07/2016,400,1360000,3.4(0.00 %),400,1360000,0,0,5912580,2.83
07/07/2016,0,0,3.5(2.94 %),0,0,0,0,5912580,2.83
08/07/2016,0,0,3.4(-2.86 %),0,0,0,0,5912580,2.83
11/07/2016,0,0,3.5(2.94 %),0,0,0,0,5912580,2.83
12/07/2016,0,0,3.5(0.00 %),0,0,0,0,5912580,2.83
13/07/2016,0,0,3.6(2.86 %),0,0,0,0,5912580,2.83
14/07/2016,0,0,3.5(-2.78 %),0,0,0,0,5912580,2.83
15/07/2016,0,0,3.4(-2.86 %),0,0,0,0,5912580,2.83
18/07/2016,0,0,3.5(2.94 %),0,0,0,0,5912580,2.83
19/07/2016,0,0,3.6(2.86 %),0,0,0,0,5912580,2.83
20/07/2016,0,0,3.6(0.00 %),0,0,0,0,5912580,2.83
21/07/2016,0,0,3.5(-2.78 %),0,0,0,0,5912580,2.83
22/07/2016,0,0,3.5(0.00 %),0,0,0,0,5912580,2.83
25/07/2016,-1040,-3430000,3.5(0.00 %),0,0,1040,3430000,5912580,2.83
26/07/2016,0,0,3.5(0.00 %),0,0,0,0,5912580,2.83
27/07/2016,0,0,3.5(0.00 %),0,0,0,0,5912580,2.83
28/07/2016,0,0,3.3(-5.71 %),0,0,0,0,5913620,2.83
29/07/2016,0,0,3.3(0.00 %),0,0,0,0,5913620,2.83
01/08/2016,0,0,3.4(3.03 %),0,0,0,0,5913620,2.83
02/08/2016,0,0,3.4(0.00 %),0,0,0,0,5913620,2.83
03/08/2016,0,0,3.3(-2.94 %),0,0,0,0,5913620,2.83
04/08/2016,0,0,3.3(0.00 %),0,0,0,0,5913620,2.83
05/08/2016,0,0,3.2(-3.03 %),0,0,0,0,5913620,2.83
08/08/2016,0,0,3.3(3.12 %),0,0,0,0,5913620,2.83
09/08/2016,0,0,3.4(3.03 %),0,0,0,0,5913620,2.83
10/08/2016,0,0,3.4(0.00 %),0,0,0,0,5913620,2.83
11/08/2016,0,0,3.3(-2.94 %),0,0,0,0,5913620,2.83
12/08/2016,0,0,3.4(3.03 %),0,0,0,0,5913620,2.83
15/08/2016,0,0,3.2(-5.88 %),0,0,0,0,5913620,2.83
16/08/2016,0,0,3.1(-3.12 %),0,0,0,0,5913620,2.83
17/08/2016,0,0,3.2(3.23 %),0,0,0,0,5913620,2.83
18/08/2016,0,0,3.2(0.00 %),0,0,0,0,5913620,2.83
19/08/2016,0,0,3(-6.25 %),0,0,0,0,5913620,2.83
22/08/2016,0,0,2.9(-3.33 %),0,0,0,0,5913620,2.83
23/08/2016,0,0,3(3.45 %),0,0,0,0,5913620,2.83
24/08/2016,0,0,3(0.00 %),0,0,0,0,5913620,2.83
25/08/2016,0,0,3(0.00 %),0,0,0,0,5913620,2.83
26/08/2016,0,0,3(0.00 %),0,0,0,0,5913620,2.83
29/08/2016,0,0,2.9(-3.33 %),0,0,0,0,5913620,2.83
30/08/2016,0,0,3(3.45 %),0,0,0,0,5913620,2.83
31/08/2016,0,0,2.8(-6.67 %),0,0,0,0,5913620,2.83
01/09/2016,0,0,2.9(3.57 %),0,0,0,0,5913620,2.83
05/09/2016,0,0,3(3.45 %),0,0,0,0,5913620,2.83
06/09/2016,0,0,2.9(-3.33 %),0,0,0,0,5913620,2.83
07/09/2016,0,0,3(3.45 %),0,0,0,0,5913620,2.83
08/09/2016,0,0,3(0.00 %),0,0,0,0,5913620,2.83
09/09/2016,0,0,3(0.00 %),0,0,0,0,5913620,2.83
12/09/2016,5000,14000000,2.8(-6.67 %),5000,14000000,0,0,5908620,2.86
13/09/2016,0,0,2.99(6.79 %),0,0,0,0,5908620,2.86
14/09/2016,0,0,2.99(0.00 %),0,0,0,0,5908620,2.86
15/09/2016,0,0,2.98(-0.33 %),0,0,0,0,5908620,2.86
16/09/2016,0,0,2.96(-0.67 %),0,0,0,0,5908620,2.86
19/09/2016,0,0,2.95(-0.34 %),0,0,0,0,5908620,2.86
20/09/2016,0,0,2.95(0.00 %),0,0,0,0,5908620,2.86
21/09/2016,0,0,2.95(0.00 %),0,0,0,0,5908620,2.86
22/09/2016,0,0,2.95(0.00 %),0,0,0,0,5908620,2.86
23/09/2016,-500,-1380000,2.95(0.00 %),0,0,500,1380000,5908620,2.86
26/09/2016,0,0,2.95(0.00 %),0,0,0,0,5908620,2.86
27/09/2016,0,0,2.93(-0.68 %),0,0,0,0,5908620,2.86
28/09/2016,0,0,2.76(-5.80 %),0,0,0,0,5909120,2.86
29/09/2016,0,0,2.9(5.07 %),0,0,0,0,5909120,2.86
30/09/2016,0,0,2.86(-1.38 %),0,0,0,0,5909120,2.86
03/10/2016,0,0,2.8(-2.10 %),0,0,0,0,5909120,2.86
04/10/2016,0,0,2.9(3.57 %),0,0,0,0,5909120,2.86
05/10/2016,0,0,2.7(-6.90 %),0,0,0,0,5909120,2.86
06/10/2016,0,0,2.86(5.93 %),0,0,0,0,5909120,2.86
07/10/2016,0,0,2.84(-0.70 %),0,0,0,0,5909120,2.86
10/10/2016,0,0,2.84(0.00 %),0,0,0,0,5909120,2.86
11/10/2016,0,0,2.85(0.35 %),0,0,0,0,5909120,2.86
12/10/2016,0,0,2.8(-1.75 %),0,0,0,0,5909120,2.86
13/10/2016,0,0,2.89(3.21 %),0,0,0,0,5909120,2.86
14/10/2016,0,0,2.82(-2.42 %),0,0,0,0,5909120,2.86
17/10/2016,0,0,2.79(-1.06 %),0,0,0,0,5909120,2.86
18/10/2016,0,0,2.84(1.79 %),0,0,0,0,5909120,2.86
19/10/2016,0,0,2.82(-0.70 %),0,0,0,0,5909120,2.86
20/10/2016,0,0,2.8(-0.71 %),0,0,0,0,5909120,2.86
21/10/2016,0,0,2.81(0.36 %),0,0,0,0,5909120,2.86
24/10/2016,0,0,2.81(0.00 %),0,0,0,0,5909120,2.86
25/10/2016,0,0,2.62(-6.76 %),0,0,0,0,5909120,2.86
26/10/2016,5000,13500000,2.78(6.11 %),5000,13500000,0,0,5904120,2.9
27/10/2016,0,0,2.78(0.00 %),0,0,0,0,5904120,2.9
28/10/2016,0,0,2.75(-1.08 %),0,0,0,0,5904120,2.9
31/10/2016,0,0,2.84(3.27 %),0,0,0,0,5904120,2.9
01/11/2016,0,0,2.68(-5.63 %),0,0,0,0,5904120,2.9
02/11/2016,0,0,2.8(4.48 %),0,0,0,0,5904120,2.9
03/11/2016,0,0,2.78(-0.71 %),0,0,0,0,5904120,2.9
04/11/2016,0,0,2.78(0.00 %),0,0,0,0,5904120,2.9
07/11/2016,0,0,2.8(0.72 %),0,0,0,0,5904120,2.9
08/11/2016,0,0,2.64(-5.71 %),0,0,0,0,5904120,2.9
09/11/2016,0,0,2.75(4.17 %),0,0,0,0,5904120,2.9
10/11/2016,0,0,2.79(1.45 %),0,0,0,0,5904120,2.9
11/11/2016,0,0,2.88(3.23 %),0,0,0,0,5904120,2.9
14/11/2016,0,0,2.68(-6.94 %),0,0,0,0,5904120,2.9
15/11/2016,0,0,2.78(3.73 %),0,0,0,0,5904120,2.9
16/11/2016,0,0,2.74(-1.44 %),0,0,0,0,5904120,2.9
17/11/2016,0,0,2.78(1.46 %),0,0,0,0,5904120,2.9
18/11/2016,0,0,2.7(-2.88 %),0,0,0,0,5904120,2.9
21/11/2016,0,0,2.69(-0.37 %),0,0,0,0,5904120,2.9
22/11/2016,0,0,2.69(0.00 %),0,0,0,0,5904120,2.9
23/11/2016,0,0,2.8(4.09 %),0,0,0,0,5904120,2.9
24/11/2016,0,0,2.79(-0.36 %),0,0,0,0,5904120,2.9
25/11/2016,0,0,2.79(0.00 %),0,0,0,0,5904120,2.9
28/11/2016,0,0,2.79(0.00 %),0,0,0,0,5904120,2.9
29/11/2016,0,0,2.79(0.00 %),0,0,0,0,5904120,2.9
30/11/2016,0,0,2.65(-5.02 %),0,0,0,0,5904120,2.9
01/12/2016,0,0,2.74(3.40 %),0,0,0,0,5904120,2.9
02/12/2016,0,0,2.6(-5.11 %),0,0,0,0,5904120,2.9
05/12/2016,0,0,2.7(3.85 %),0,0,0,0,5904120,2.9
06/12/2016,0,0,2.65(-1.85 %),0,0,0,0,5904120,2.9
07/12/2016,0,0,2.67(0.75 %),0,0,0,0,5904120,2.9
08/12/2016,0,0,2.75(3.00 %),0,0,0,0,5904120,2.9
09/12/2016,-200,-520000,2.75(0.00 %),0,0,200,520000,5904120,2.9
12/12/2016,0,0,2.7(-1.82 %),0,0,0,0,5904120,2.9
13/12/2016,0,0,2.53(-6.30 %),0,0,0,0,5904120,2.9
14/12/2016,0,0,2.69(6.32 %),0,0,0,0,5904320,2.9
15/12/2016,0,0,2.68(-0.37 %),0,0,0,0,5904320,2.9
16/12/2016,0,0,2.6(-2.99 %),0,0,0,0,5904320,2.9
19/12/2016,0,0,2.51(-3.46 %),0,0,0,0,5904320,2.9
20/12/2016,0,0,2.68(6.77 %),0,0,0,0,5904320,2.9
21/12/2016,0,0,2.67(-0.37 %),0,0,0,0,5904320,2.9
22/12/2016,0,0,2.71(1.50 %),0,0,0,0,5904320,2.9
23/12/2016,0,0,2.71(0.00 %),0,0,0,0,5904320,2.9
26/12/2016,0,0,2.74(1.11 %),0,0,0,0,5904320,2.9
27/12/2016,0,0,2.7(-1.46 %),0,0,0,0,5904320,2.9
28/12/2016,0,0,2.74(1.48 %),0,0,0,0,5904320,2.9
29/12/2016,0,0,2.74(0.00 %),0,0,0,0,5904320,2.9
30/12/2016,0,0,2.74(0.00 %),0,0,0,0,5904320,2.9
03/01/2017,0,0,2.69(-1.82 %),0,0,0,0,5904320,2.9
04/01/2017,0,0,2.6(-3.35 %),0,0,0,0,5904320,2.9
05/01/2017,0,0,2.6(0.00 %),0,0,0,0,5904320,2.9
06/01/2017,0,0,2.55(-1.92 %),0,0,0,0,5904320,2.9
09/01/2017,0,0,2.4(-5.88 %),0,0,0,0,5904320,2.9
10/01/2017,0,0,2.56(6.67 %),0,0,0,0,5904320,2.9
11/01/2017,0,0,2.56(0.00 %),0,0,0,0,5904320,2.9
12/01/2017,0,0,2.56(0.00 %),0,0,0,0,5904320,2.9
13/01/2017,0,0,2.67(4.30 %),0,0,0,0,5904320,2.9
16/01/2017,0,0,2.67(0.00 %),0,0,0,0,5904320,2.9
17/01/2017,0,0,2.49(-6.74 %),0,0,0,0,5904320,2.9
18/01/2017,0,0,2.63(5.62 %),0,0,0,0,5904320,2.9
19/01/2017,0,0,2.66(1.14 %),0,0,0,0,5904320,2.9
20/01/2017,0,0,2.66(0.00 %),0,0,0,0,5904320,2.9
23/01/2017,0,0,2.66(0.00 %),0,0,0,0,5904320,2.9
24/01/2017,0,0,2.6(-2.26 %),0,0,0,0,5904320,2.9
25/01/2017,0,0,2.76(6.15 %),0,0,0,0,5904320,2.9
02/02/2017,0,0,2.57(-6.88 %),0,0,0,0,5904320,2.9
03/02/2017,0,0,2.72(5.84 %),0,0,0,0,5904320,2.9
06/02/2017,0,0,2.69(-1.10 %),0,0,0,0,5904320,2.9
07/02/2017,0,0,2.59(-3.72 %),0,0,0,0,5904320,2.9
08/02/2017,0,0,2.45(-5.41 %),0,0,0,0,5904320,2.9
09/02/2017,0,0,2.45(0.00 %),0,0,0,0,5904320,2.9
10/02/2017,0,0,2.61(6.53 %),0,0,0,0,5904320,2.9
13/02/2017,0,0,2.61(0.00 %),0,0,0,0,5904320,2.9
14/02/2017,0,0,2.6(-0.38 %),0,0,0,0,5904320,2.9
15/02/2017,0,0,2.6(0.00 %),0,0,0,0,5904320,2.9
16/02/2017,0,0,2.6(0.00 %),0,0,0,0,5904320,2.9
17/02/2017,0,0,2.59(-0.38 %),0,0,0,0,5904320,2.9
20/02/2017,0,0,2.6(0.39 %),0,0,0,0,5904320,2.9
21/02/2017,0,0,2.6(0.00 %),0,0,0,0,5904320,2.9
22/02/2017,0,0,2.6(0.00 %),0,0,0,0,5904320,2.9
23/02/2017,0,0,2.6(0.00 %),0,0,0,0,5904320,2.9
24/02/2017,0,0,2.59(-0.38 %),0,0,0,0,5904320,2.9
27/02/2017,0,0,2.59(0.00 %),0,0,0,0,5904320,2.9
28/02/2017,0,0,2.59(0.00 %),0,0,0,0,5904320,2.9
01/03/2017,0,0,2.58(-0.39 %),0,0,0,0,5904320,2.9
02/03/2017,-400,-1030000,2.58(0.00 %),0,0,400,1030000,5904320,2.9
03/03/2017,0,0,2.55(-1.16 %),0,0,0,0,5904320,2.9
06/03/2017,0,0,2.39(-6.27 %),0,0,0,0,5904320,2.9
07/03/2017,0,0,2.48(3.77 %),0,0,0,0,5904720,2.89
08/03/2017,0,0,2.49(0.40 %),0,0,0,0,5904720,2.89
09/03/2017,0,0,2.49(0.00 %),0,0,0,0,5904720,2.89
10/03/2017,0,0,2.49(0.00 %),0,0,0,0,5904720,2.89
13/03/2017,0,0,2.35(-5.62 %),0,0,0,0,5904720,2.89
14/03/2017,0,0,2.45(4.26 %),0,0,0,0,5904720,2.89
15/03/2017,0,0,2.45(0.00 %),0,0,0,0,5904720,2.89
16/03/2017,0,0,2.45(0.00 %),0,0,0,0,5904720,2.89
17/03/2017,0,0,2.45(0.00 %),0,0,0,0,5904720,2.89
20/03/2017,0,0,2.4(-2.04 %),0,0,0,0,5904720,2.89
21/03/2017,0,0,2.5(4.17 %),0,0,0,0,5904720,2.89
22/03/2017,0,0,2.66(6.40 %),0,0,0,0,5904720,2.89
23/03/2017,0,0,2.5(-6.02 %),0,0,0,0,5904720,2.89
24/03/2017,0,0,2.6(4.00 %),0,0,0,0,5904720,2.89
27/03/2017,0,0,2.6(0.00 %),0,0,0,0,5904720,2.89
28/03/2017,0,0,2.6(0.00 %),0,0,0,0,5904720,2.89
29/03/2017,0,0,2.6(0.00 %),0,0,0,0,5904720,2.89
30/03/2017,0,0,2.7(3.85 %),0,0,0,0,5904720,2.89
31/03/2017,0,0,2.7(0.00 %),0,0,0,0,5904720,2.89
03/04/2017,0,0,2.7(0.00 %),0,0,0,0,5904720,2.89
04/04/2017,0,0,2.52(-6.67 %),0,0,0,0,5904720,2.89
05/04/2017,0,0,2.4(-4.76 %),0,0,0,0,5904720,2.89
07/04/2017,0,0,2.55(6.25 %),0,0,0,0,5904720,2.89
10/04/2017,0,0,2.59(1.57 %),0,0,0,0,5904720,2.89
11/04/2017,0,0,2.42(-6.56 %),0,0,0,0,5904720,2.89
12/04/2017,0,0,2.5(3.31 %),0,0,0,0,5904720,2.89
13/04/2017,0,0,2.5(0.00 %),0,0,0,0,5904720,2.89
14/04/2017,0,0,2.49(-0.40 %),0,0,0,0,5904720,2.89
17/04/2017,0,0,2.6(4.42 %),0,0,0,0,5904720,2.89
18/04/2017,0,0,2.5(-3.85 %),0,0,0,0,5904720,2.89
19/04/2017,0,0,2.59(3.60 %),0,0,0,0,5904720,2.89
20/04/2017,0,0,2.59(0.00 %),0,0,0,0,5904720,2.89
21/04/2017,0,0,2.59(0.00 %),0,0,0,0,5904720,2.89
24/04/2017,0,0,2.59(0.00 %),0,0,0,0,5904720,2.89
25/04/2017,0,0,2.55(-1.54 %),0,0,0,0,5904720,2.89
26/04/2017,0,0,2.56(0.39 %),0,0,0,0,5904720,2.89
27/04/2017,0,0,2.39(-6.64 %),0,0,0,0,5904720,2.89
28/04/2017,0,0,2.47(3.35 %),0,0,0,0,5904720,2.89
03/05/2017,-50,-120000,2.49(0.81 %),0,0,50,120000,5904720,2.89
04/05/2017,-30,-70000,2.49(0.00 %),0,0,30,70000,5904720,2.89
05/05/2017,0,0,2.44(-2.01 %),0,0,0,0,5904720,2.89
08/05/2017,0,0,2.44(0.00 %),0,0,0,0,5904770,2.89
09/05/2017,0,0,2.39(-2.05 %),0,0,0,0,5904800,2.89
10/05/2017,-10,-20000,2.29(-4.18 %),0,0,10,20000,5904800,2.89
11/05/2017,0,0,2.35(2.62 %),0,0,0,0,5904800,2.89
12/05/2017,0,0,2.32(-1.28 %),0,0,0,0,5904800,2.89
15/05/2017,0,0,2.31(-0.43 %),0,0,0,0,5904810,2.89
16/05/2017,-110,-250000,2.3(-0.43 %),0,0,110,250000,5904810,2.89
17/05/2017,-1800,-3980000,2.29(-0.43 %),0,0,1800,3980000,5904810,2.89
18/05/2017,0,0,2.29(0.00 %),0,0,0,0,5904810,2.89
19/05/2017,0,0,2.34(2.18 %),0,0,0,0,5904920,2.89
22/05/2017,0,0,2.33(-0.43 %),0,0,0,0,5906720,2.88
23/05/2017,0,0,2.36(1.29 %),0,0,0,0,5906720,2.88
24/05/2017,0,0,2.4(1.69 %),0,0,0,0,5906720,2.88
25/05/2017,0,0,2.4(0.00 %),0,0,0,0,5906720,2.88
26/05/2017,0,0,2.38(-0.83 %),0,0,0,0,5906720,2.88
29/05/2017,-1000,-2230000,2.38(0.00 %),0,0,1000,2230000,5906720,2.88
30/05/2017,0,0,2.4(0.84 %),0,0,0,0,5906720,2.88
31/05/2017,0,0,2.35(-2.08 %),0,0,0,0,5906720,2.88
01/06/2017,0,0,2.35(0.00 %),0,0,0,0,5907720,2.87
02/06/2017,0,0,2.35(0.00 %),0,0,0,0,5907720,2.87
05/06/2017,1240,2910000,2.35(0.00 %),1240,2910000,0,0,5906480,2.88
06/06/2017,0,0,2.33(-0.85 %),0,0,0,0,5906480,2.88
07/06/2017,0,0,2.49(6.87 %),0,0,0,0,5906480,2.88
08/06/2017,-1240,-3300000,2.66(6.83 %),0,0,1240,3300000,5906480,2.88
09/06/2017,0,0,2.81(5.64 %),0,0,0,0,5906480,2.88
12/06/2017,0,0,2.75(-2.14 %),0,0,0,0,5906480,2.88
13/06/2017,0,0,2.75(0.00 %),0,0,0,0,5907720,2.87
14/06/2017,0,0,2.76(0.36 %),0,0,0,0,5907720,2.87
15/06/2017,0,0,2.76(0.00 %),0,0,0,0,5907720,2.87
16/06/2017,0,0,2.74(-0.72 %),0,0,0,0,5907720,2.87
19/06/2017,0,0,2.55(-6.93 %),0,0,0,0,5907720,2.87
20/06/2017,0,0,2.5(-1.96 %),0,0,0,0,5907720,2.87
21/06/2017,0,0,2.58(3.20 %),0,0,0,0,5907720,2.87
22/06/2017,-400,-1000000,2.49(-3.49 %),0,0,400,1000000,5907720,2.87
23/06/2017,0,0,2.56(2.81 %),0,0,0,0,5907720,2.87
26/06/2017,0,0,2.66(3.91 %),0,0,0,0,5907720,2.87
27/06/2017,0,0,2.48(-6.77 %),0,0,0,0,5908120,2.87
28/06/2017,0,0,2.53(2.02 %),0,0,0,0,5908120,2.87
29/06/2017,0,0,2.55(0.79 %),0,0,0,0,5908120,2.87
30/06/2017,0,0,2.54(-0.39 %),0,0,0,0,5908120,2.87
03/07/2017,0,0,2.54(0.00 %),0,0,0,0,5908120,2.87
04/07/2017,0,0,2.46(-3.15 %),0,0,0,0,5908120,2.87
05/07/2017,0,0,2.56(4.07 %),0,0,0,0,5908120,2.87
06/07/2017,0,0,2.59(1.17 %),0,0,0,0,5908120,2.87
07/07/2017,0,0,2.59(0.00 %),0,0,0,0,5908120,2.87
10/07/2017,-100,-260000,2.68(3.47 %),0,0,100,260000,5908120,2.87
11/07/2017,0,0,2.68(0.00 %),0,0,0,0,5908120,2.87
12/07/2017,0,0,2.6(-2.99 %),0,0,0,0,5908120,2.87
13/07/2017,0,0,2.7(3.85 %),0,0,0,0,5908220,2.87
14/07/2017,0,0,2.7(0.00 %),0,0,0,0,5908220,2.87
17/07/2017,0,0,2.7(0.00 %),0,0,0,0,5908220,2.87
18/07/2017,0,0,2.69(-0.37 %),0,0,0,0,5908220,2.87
19/07/2017,0,0,2.68(-0.37 %),0,0,0,0,5908220,2.87
20/07/2017,0,0,2.68(0.00 %),0,0,0,0,5908220,2.87
21/07/2017,0,0,2.67(-0.37 %),0,0,0,0,5908220,2.87
24/07/2017,0,0,2.66(-0.37 %),0,0,0,0,5908220,2.87
25/07/2017,0,0,2.7(1.50 %),0,0,0,0,5908220,2.87
26/07/2017,0,0,2.7(0.00 %),0,0,0,0,5908220,2.87
27/07/2017,0,0,2.67(-1.11 %),0,0,0,0,5908220,2.87
28/07/2017,0,0,2.67(0.00 %),0,0,0,0,5908220,2.87
31/07/2017,0,0,2.66(-0.37 %),0,0,0,0,5908220,2.87
01/08/2017,0,0,2.65(-0.38 %),0,0,0,0,5908220,2.87
02/08/2017,0,0,2.48(-6.42 %),0,0,0,0,5908220,2.87
03/08/2017,0,0,2.55(2.82 %),0,0,0,0,5908220,2.87
04/08/2017,0,0,2.55(0.00 %),0,0,0,0,5908220,2.87
07/08/2017,0,0,2.4(-5.88 %),0,0,0,0,5908220,2.87
08/08/2017,0,0,2.5(4.17 %),0,0,0,0,5908220,2.87
09/08/2017,0,0,2.5(0.00 %),0,0,0,0,5908220,2.87
10/08/2017,0,0,2.5(0.00 %),0,0,0,0,5908220,2.87
11/08/2017,0,0,2.45(-2.00 %),0,0,0,0,5908220,2.87
14/08/2017,-3600,-8830000,2.48(1.22 %),0,0,3600,8830000,5908220,2.87
15/08/2017,0,0,2.49(0.40 %),0,0,0,0,5908220,2.87
16/08/2017,0,0,2.45(-1.61 %),0,0,0,0,5908220,2.87
17/08/2017,0,0,2.49(1.63 %),0,0,0,0,5911820,2.84
18/08/2017,0,0,2.48(-0.40 %),0,0,0,0,5911820,2.84
21/08/2017,-100,-250000,2.48(0.00 %),0,0,100,250000,5911820,2.84
22/08/2017,0,0,2.48(0.00 %),0,0,0,0,5911820,2.84
23/08/2017,0,0,2.45(-1.21 %),0,0,0,0,5911820,2.84
24/08/2017,0,0,2.39(-2.45 %),0,0,0,0,5911920,2.84
25/08/2017,0,0,2.45(2.51 %),0,0,0,0,5911920,2.84
28/08/2017,-3000,-6960000,2.4(-2.04 %),0,0,3000,6960000,5911920,2.84
29/08/2017,0,0,2.39(-0.42 %),0,0,0,0,5911920,2.84
30/08/2017,0,0,2.35(-1.67 %),0,0,0,0,5911920,2.84
31/08/2017,0,0,2.35(0.00 %),0,0,0,0,5914920,2.81
01/09/2017,0,0,2.25(-4.26 %),0,0,0,0,5914920,2.81
05/09/2017,0,0,2.34(4.00 %),0,0,0,0,5914920,2.81
06/09/2017,0,0,2.33(-0.43 %),0,0,0,0,5914920,2.81
07/09/2017,0,0,2.3(-1.29 %),0,0,0,0,5914920,2.81
08/09/2017,0,0,2.27(-1.30 %),0,0,0,0,5914920,2.81
11/09/2017,0,0,2.25(-0.88 %),0,0,0,0,5914920,2.81
12/09/2017,0,0,2.36(4.89 %),0,0,0,0,5914920,2.81
13/09/2017,0,0,2.36(0.00 %),0,0,0,0,5914920,2.81
14/09/2017,0,0,2.36(0.00 %),0,0,0,0,5914920,2.81
15/09/2017,0,0,2.34(-0.85 %),0,0,0,0,5914920,2.81
18/09/2017,0,0,2.36(0.85 %),0,0,0,0,5914920,2.81
19/09/2017,0,0,2.3(-2.54 %),0,0,0,0,5914920,2.81
20/09/2017,0,0,2.38(3.48 %),0,0,0,0,5914920,2.81
21/09/2017,0,0,2.38(0.00 %),0,0,0,0,5914920,2.81
22/09/2017,0,0,2.25(-5.46 %),0,0,0,0,5914920,2.81
25/09/2017,0,0,2.25(0.00 %),0,0,0,0,5914920,2.81
26/09/2017,0,0,2.3(2.22 %),0,0,0,0,5914920,2.81
27/09/2017,0,0,2.3(0.00 %),0,0,0,0,5914920,2.81
28/09/2017,0,0,2.3(0.00 %),0,0,0,0,5914920,2.81
29/09/2017,0,0,2.15(-6.52 %),0,0,0,0,5914920,2.81
02/10/2017,0,0,2.2(2.33 %),0,0,0,0,5914920,2.81
03/10/2017,0,0,2.25(2.27 %),0,0,0,0,5914920,2.81
04/10/2017,0,0,2.25(0.00 %),0,0,0,0,5914920,2.81
05/10/2017,0,0,2.25(0.00 %),0,0,0,0,5914920,2.81
06/10/2017,0,0,2.2(-2.22 %),0,0,0,0,5914920,2.81
09/10/2017,0,0,2.2(0.00 %),0,0,0,0,5914920,2.81
10/10/2017,0,0,2.2(0.00 %),0,0,0,0,5914920,2.81
11/10/2017,0,0,2.3(4.55 %),0,0,0,0,5914920,2.81
12/10/2017,0,0,2.25(-2.17 %),0,0,0,0,5914920,2.81
13/10/2017,0,0,2.3(2.22 %),0,0,0,0,5914920,2.81
16/10/2017,0,0,2.34(1.74 %),0,0,0,0,5914920,2.81
17/10/2017,0,0,2.34(0.00 %),0,0,0,0,5914920,2.81
18/10/2017,0,0,2.34(0.00 %),0,0,0,0,5914920,2.81
19/10/2017,0,0,2.34(0.00 %),0,0,0,0,5914920,2.81
20/10/2017,0,0,2.18(-6.84 %),0,0,0,0,5914920,2.81
23/10/2017,0,0,2.32(6.42 %),0,0,0,0,5914920,2.81
24/10/2017,0,0,2.32(0.00 %),0,0,0,0,5914920,2.81
25/10/2017,0,0,2.2(-5.17 %),0,0,0,0,5914920,2.81
26/10/2017,5000,11150000,2.23(1.36 %),5000,11150000,0,0,5909920,2.85
27/10/2017,0,0,2.3(3.14 %),0,0,0,0,5909920,2.85
30/10/2017,0,0,2.3(0.00 %),0,0,0,0,5909920,2.85
31/10/2017,0,0,2.3(0.00 %),0,0,0,0,5909920,2.85
01/11/2017,0,0,2.3(0.00 %),0,0,0,0,5909920,2.85
02/11/2017,0,0,2.18(-5.22 %),0,0,0,0,5909920,2.85
03/11/2017,0,0,2.08(-4.59 %),0,0,0,0,5909920,2.85
06/11/2017,0,0,2.22(6.73 %),0,0,0,0,5909920,2.85
07/11/2017,0,0,2.17(-2.25 %),0,0,0,0,5909920,2.85
08/11/2017,0,0,2.24(3.23 %),0,0,0,0,5909920,2.85
09/11/2017,0,0,2.24(0.00 %),0,0,0,0,5909920,2.85
10/11/2017,0,0,2.24(0.00 %),0,0,0,0,5909920,2.85
13/11/2017,0,0,2.2(-1.79 %),0,0,0,0,5909920,2.85
14/11/2017,0,0,2.11(-4.09 %),0,0,0,0,5909920,2.85
15/11/2017,0,0,2.1(-0.47 %),0,0,0,0,5909920,2.85
16/11/2017,0,0,2.24(6.67 %),0,0,0,0,5909920,2.85
17/11/2017,0,0,2.2(-1.79 %),0,0,0,0,5909920,2.85
20/11/2017,0,0,2.2(0.00 %),0,0,0,0,5909920,2.85
21/11/2017,0,0,2.18(-0.91 %),0,0,0,0,5909920,2.85
22/11/2017,0,0,2.18(0.00 %),0,0,0,0,5909920,2.85
23/11/2017,0,0,2.04(-6.42 %),0,0,0,0,5909920,2.85
24/11/2017,0,0,2.18(6.86 %),0,0,0,0,5909920,2.85
27/11/2017,0,0,2.06(-5.50 %),0,0,0,0,5909920,2.85
28/11/2017,0,0,2.17(5.34 %),0,0,0,0,5909920,2.85
29/11/2017,0,0,2.17(0.00 %),0,0,0,0,5909920,2.85
30/11/2017,0,0,2.23(2.76 %),0,0,0,0,5909920,2.85
01/12/2017,0,0,2.23(0.00 %),0,0,0,0,5909920,2.85
04/12/2017,0,0,2.25(0.90 %),0,0,0,0,5909920,2.85
05/12/2017,0,0,2.2(-2.22 %),0,0,0,0,5909920,2.85
06/12/2017,0,0,2.2(0.00 %),0,0,0,0,5909920,2.85
07/12/2017,0,0,2.23(1.36 %),0,0,0,0,5909920,2.85
08/12/2017,0,0,2.15(-3.59 %),0,0,0,0,5909920,2.85
11/12/2017,0,0,2.15(0.00 %),0,0,0,0,5909920,2.85
12/12/2017,0,0,2.2(2.33 %),0,0,0,0,5909920,2.85
13/12/2017,0,0,2.2(0.00 %),0,0,0,0,5909920,2.85
14/12/2017,0,0,2.15(-2.27 %),0,0,0,0,5909920,2.85
15/12/2017,0,0,2.15(0.00 %),0,0,0,0,5909920,2.85
18/12/2017,0,0,2.09(-2.79 %),0,0,0,0,5909920,2.85
19/12/2017,0,0,2.1(0.48 %),0,0,0,0,5909920,2.85
20/12/2017,2300,4830000,2.07(-1.43 %),2300,4830000,0,0,5907620,2.87
21/12/2017,0,0,2.2(6.28 %),0,0,0,0,5907620,2.87
22/12/2017,0,0,2.15(-2.27 %),0,0,0,0,5907620,2.87
25/12/2017,0,0,2.1(-2.33 %),0,0,0,0,5907620,2.87
26/12/2017,0,0,2.03(-3.33 %),0,0,0,0,5907620,2.87
27/12/2017,0,0,2.09(2.96 %),0,0,0,0,5907620,2.87
28/12/2017,0,0,2.09(0.00 %),0,0,0,0,5907620,2.87
29/12/2017,0,0,2.09(0.00 %),0,0,0,0,5907620,2.87
02/01/2018,0,0,2.01(-3.83 %),0,0,0,0,5907620,2.87
03/01/2018,-200,-400000,2(-0.50 %),0,0,200,400000,5907620,2.87
04/01/2018,0,0,2.07(3.50 %),0,0,0,0,5907620,2.87
05/01/2018,0,0,2.07(0.00 %),0,0,0,0,5907620,2.87
08/01/2018,0,0,2.02(-2.42 %),0,0,0,0,5907820,2.87
09/01/2018,0,0,2.16(6.93 %),0,0,0,0,5907820,2.87
10/01/2018,0,0,2.31(6.94 %),0,0,0,0,5907820,2.87
11/01/2018,-2300,-5340000,2.46(6.49 %),0,0,2300,5340000,5907820,2.87
12/01/2018,0,0,2.46(0.00 %),0,0,0,0,5907820,2.87
15/01/2018,0,0,2.39(-2.85 %),0,0,0,0,5907820,2.87
16/01/2018,0,0,2.23(-6.69 %),0,0,0,0,5910120,2.85
17/01/2018,0,0,2.21(-0.90 %),0,0,0,0,5910120,2.85
18/01/2018,0,0,2.1(-4.98 %),0,0,0,0,5910120,2.85
19/01/2018,0,0,2.12(0.95 %),0,0,0,0,5910120,2.85
22/01/2018,0,0,2.2(3.77 %),0,0,0,0,5910120,2.85
25/01/2018,0,0,2.19(-0.45 %),0,0,0,0,5910120,2.85
26/01/2018,0,0,2.19(0.00 %),0,0,0,0,5910120,2.85
29/01/2018,0,0,2.1(-4.11 %),0,0,0,0,5910120,2.85
30/01/2018,0,0,2.1(0.00 %),0,0,0,0,5910120,2.85
31/01/2018,0,0,1.96(-6.67 %),0,0,0,0,5910120,2.85
01/02/2018,0,0,1.98(1.02 %),0,0,0,0,5910120,2.85
02/02/2018,0,0,1.85(-6.57 %),0,0,0,0,5910120,2.85
05/02/2018,-320,-550000,1.73(-6.49 %),0,0,320,550000,5910120,2.85
06/02/2018,-510,-820000,1.82(5.20 %),0,0,510,820000,5910120,2.85
07/02/2018,100,180000,1.94(6.59 %),100,180000,0,0,5910020,2.85
08/02/2018,0,0,2(3.09 %),0,0,0,0,5910340,2.85
09/02/2018,-130,-240000,1.93(-3.50 %),0,0,130,240000,5910850,2.85
12/02/2018,0,0,1.93(0.00 %),0,0,0,0,5910850,2.85
13/02/2018,-30,-50000,1.9(-1.55 %),0,0,30,50000,5910850,2.85
21/02/2018,-3500,-6300000,1.8(-5.26 %),0,0,3500,6300000,5910980,2.85
22/02/2018,0,0,1.92(6.67 %),0,0,0,0,5910980,2.85
23/02/2018,0,0,2.04(6.25 %),0,0,0,0,5911010,2.85
26/02/2018,8000,16390000,2.05(0.49 %),8000,16390000,0,0,5906510,2.88
27/02/2018,0,0,2(-2.44 %),0,0,0,0,5906510,2.88
28/02/2018,0,0,2(0.00 %),0,0,0,0,5906510,2.88
01/03/2018,0,0,1.9(-5.00 %),0,0,0,0,5906510,2.88
02/03/2018,0,0,1.9(0.00 %),0,0,0,0,5906510,2.88
05/03/2018,0,0,1.9(0.00 %),0,0,0,0,5906510,2.88
06/03/2018,0,0,2(5.26 %),0,0,0,0,5906510,2.88
07/03/2018,0,0,2.05(2.50 %),0,0,0,0,5906510,2.88
08/03/2018,0,0,2(-2.44 %),0,0,0,0,5906510,2.88
09/03/2018,0,0,2.05(2.50 %),0,0,0,0,5906510,2.88
12/03/2018,0,0,2(-2.44 %),0,0,0,0,5906510,2.88
13/03/2018,0,0,1.9(-5.00 %),0,0,0,0,5906510,2.88
14/03/2018,0,0,1.78(-6.32 %),0,0,0,0,5906510,2.88
15/03/2018,30,50000,1.9(6.74 %),30,50000,0,0,5906480,2.88
16/03/2018,0,0,2(5.26 %),0,0,0,0,5906480,2.88
19/03/2018,5300,10340000,1.95(-2.50 %),5300,10340000,0,0,5901180,2.92
20/03/2018,-4900,-8920000,1.82(-6.67 %),0,0,4900,8920000,5901180,2.92
21/03/2018,0,0,1.7(-6.59 %),0,0,0,0,5901180,2.92
22/03/2018,0,0,1.7(0.00 %),0,0,0,0,5901180,2.92
23/03/2018,0,0,1.8(5.88 %),0,0,0,0,5906080,2.88
26/03/2018,0,0,1.8(0.00 %),0,0,0,0,5906080,2.88
27/03/2018,0,0,1.69(-6.11 %),0,0,0,0,5906080,2.88
28/03/2018,0,0,1.58(-6.51 %),0,0,0,0,5906080,2.88
29/03/2018,0,0,1.69(6.96 %),0,0,0,0,5906080,2.88
30/03/2018,0,0,1.79(5.92 %),0,0,0,0,5906080,2.88
02/04/2018,0,0,1.81(1.12 %),0,0,0,0,5906080,2.88
03/04/2018,-30,-60000,1.89(4.42 %),0,0,30,60000,5906080,2.88
04/04/2018,0,0,1.87(-1.06 %),0,0,0,0,5906080,2.88
05/04/2018,0,0,1.84(-1.60 %),0,0,0,0,5906080,2.88
06/04/2018,0,0,1.84(0.00 %),0,0,0,0,5906110,2.88
09/04/2018,-300,-520000,1.74(-5.43 %),0,0,300,520000,5906110,2.88
10/04/2018,0,0,1.75(0.57 %),0,0,0,0,5906110,2.88
11/04/2018,0,0,1.75(0.00 %),0,0,0,0,5906110,2.88
12/04/2018,0,0,1.75(0.00 %),0,0,0,0,5906410,2.88
13/04/2018,0,0,1.72(-1.71 %),0,0,0,0,5906410,2.88
16/04/2018,0,0,1.6(-6.98 %),0,0,0,0,5906410,2.88
17/04/2018,0,0,1.6(0.00 %),0,0,0,0,5906410,2.88
18/04/2018,0,0,1.6(0.00 %),0,0,0,0,5906410,2.88
19/04/2018,100,160000,1.6(0.00 %),100,160000,0,0,5906310,2.88
20/04/2018,0,0,1.58(-1.25 %),0,0,0,0,5906310,2.88
23/04/2018,0,0,1.59(0.63 %),0,0,0,0,5906310,2.88
24/04/2018,0,0,1.58(-0.63 %),0,0,0,0,5906310,2.88
26/04/2018,0,0,1.48(-6.33 %),0,0,0,0,5906310,2.88
27/04/2018,0,0,1.56(5.41 %),0,0,0,0,5906310,2.88
02/05/2018,0,0,1.49(-4.49 %),0,0,0,0,5906310,2.88
03/05/2018,0,0,1.55(4.03 %),0,0,0,0,5906310,2.88
04/05/2018,0,0,1.54(-0.65 %),0,0,0,0,5906310,2.88
07/05/2018,0,0,1.56(1.30 %),0,0,0,0,5906310,2.88
08/05/2018,0,0,1.48(-5.13 %),0,0,0,0,5906310,2.88
09/05/2018,0,0,1.52(2.70 %),0,0,0,0,5906310,2.88
10/05/2018,0,0,1.55(1.97 %),0,0,0,0,5906310,2.88
11/05/2018,0,0,1.46(-5.81 %),0,0,0,0,5906310,2.88
14/05/2018,0,0,1.5(2.74 %),0,0,0,0,5906310,2.88
15/05/2018,200,300000,1.55(3.33 %),200,300000,0,0,5906110,2.88
16/05/2018,0,0,1.55(0.00 %),0,0,0,0,5906110,2.88
17/05/2018,0,0,1.55(0.00 %),0,0,0,0,5906110,2.88
18/05/2018,0,0,1.56(0.65 %),0,0,0,0,5906110,2.88
21/05/2018,0,0,1.64(5.13 %),0,0,0,0,5906110,2.88
22/05/2018,0,0,1.55(-5.49 %),0,0,0,0,5906110,2.88
23/05/2018,0,0,1.55(0.00 %),0,0,0,0,5906110,2.88
24/05/2018,0,0,1.55(0.00 %),0,0,0,0,5906110,2.88
25/05/2018,0,0,1.46(-5.81 %),0,0,0,0,5906110,2.88
28/05/2018,0,0,1.46(0.00 %),0,0,0,0,5906110,2.88
29/05/2018,0,0,1.55(6.16 %),0,0,0,0,5906110,2.88
30/05/2018,0,0,1.6(3.23 %),0,0,0,0,5906110,2.88
31/05/2018,0,0,1.69(5.62 %),0,0,0,0,5906110,2.88
01/06/2018,0,0,1.69(0.00 %),0,0,0,0,5906110,2.88
04/06/2018,0,0,1.8(6.51 %),0,0,0,0,5906110,2.88
05/06/2018,0,0,1.8(0.00 %),0,0,0,0,5906110,2.88
06/06/2018,0,0,1.8(0.00 %),0,0,0,0,5906110,2.88
07/06/2018,0,0,1.92(6.67 %),0,0,0,0,5906110,2.88
08/06/2018,0,0,2.04(6.25 %),0,0,0,0,5906110,2.88
11/06/2018,0,0,1.9(-6.86 %),0,0,0,0,5906110,2.88
12/06/2018,0,0,2.02(6.32 %),0,0,0,0,5906110,2.88
13/06/2018,0,0,1.88(-6.93 %),0,0,0,0,5906110,2.88
14/06/2018,0,0,1.9(1.06 %),0,0,0,0,5906110,2.88
15/06/2018,0,0,2.03(6.84 %),0,0,0,0,5906110,2.88
18/06/2018,0,0,2.03(0.00 %),0,0,0,0,5906110,2.88
19/06/2018,0,0,2.03(0.00 %),0,0,0,0,5906110,2.88
20/06/2018,0,0,2.08(2.46 %),0,0,0,0,5906110,2.88
21/06/2018,0,0,2.09(0.48 %),0,0,0,0,5906110,2.88
22/06/2018,0,0,2.09(0.00 %),0,0,0,0,5906110,2.88
25/06/2018,0,0,2.09(0.00 %),0,0,0,0,5906110,2.88
26/06/2018,0,0,2.23(6.70 %),0,0,0,0,5906110,2.88
27/06/2018,0,0,2.23(0.00 %),0,0,0,0,5906110,2.88
28/06/2018,0,0,2.38(6.73 %),0,0,0,0,5906110,2.88
29/06/2018,0,0,2.22(-6.72 %),0,0,0,0,5906110,2.88
02/07/2018,0,0,2.22(0.00 %),0,0,0,0,5906110,2.88
03/07/2018,0,0,2.22(0.00 %),0,0,0,0,5906110,2.88
04/07/2018,0,0,2.22(0.00 %),0,0,0,0,5906110,2.88
05/07/2018,0,0,2.22(0.00 %),0,0,0,0,5906110,2.88
06/07/2018,0,0,2.22(0.00 %),0,0,0,0,5906110,2.88
09/07/2018,0,0,2.22(0.00 %),0,0,0,0,5906110,2.88
10/07/2018,0,0,2.22(0.00 %),0,0,0,0,5906110,2.88
11/07/2018,0,0,2.22(0.00 %),0,0,0,0,5906110,2.88
12/07/2018,0,0,2.22(0.00 %),0,0,0,0,5906110,2.88
13/07/2018,0,0,2.22(0.00 %),0,0,0,0,5906110,2.88
16/07/2018,0,0,2.22(0.00 %),0,0,0,0,5906110,2.88
17/07/2018,0,0,2.22(0.00 %),0,0,0,0,5906110,2.88
18/07/2018,0,0,2.22(0.00 %),0,0,0,0,5906110,2.88
19/07/2018,0,0,2.22(0.00 %),0,0,0,0,5906110,2.88
20/07/2018,0,0,2.3(3.60 %),0,0,0,0,5906110,2.88
23/07/2018,0,0,2.3(0.00 %),0,0,0,0,5906110,2.88
24/07/2018,0,0,2.3(0.00 %),0,0,0,0,5906110,2.88
25/07/2018,0,0,2.14(-6.96 %),0,0,0,0,5906110,2.88
26/07/2018,0,0,2(-6.54 %),0,0,0,0,5906110,2.88
27/07/2018,0,0,2(0.00 %),0,0,0,0,5906110,2.88
30/07/2018,0,0,2(0.00 %),0,0,0,0,5906110,2.88
31/07/2018,0,0,2(0.00 %),0,0,0,0,5906110,2.88
01/08/2018,0,0,1.86(-7.00 %),0,0,0,0,5904720,2.89
02/08/2018,0,0,1.73(-6.99 %),0,0,0,0,5906110,2.88
03/08/2018,0,0,1.61(-6.94 %),0,0,0,0,5906110,2.88
06/08/2018,0,0,1.72(6.83 %),0,0,0,0,5906110,2.88
07/08/2018,0,0,1.84(6.98 %),0,0,0,0,5906110,2.88
08/08/2018,0,0,1.84(0.00 %),0,0,0,0,5906110,2.88
09/08/2018,0,0,1.84(0.00 %),0,0,0,0,5906110,2.88
10/08/2018,0,0,1.72(-6.52 %),0,0,0,0,5906110,2.88
13/08/2018,0,0,1.6(-6.98 %),0,0,0,0,5906110,2.88
14/08/2018,0,0,1.6(0.00 %),0,0,0,0,5906110,2.88
15/08/2018,0,0,1.7(6.25 %),0,0,0,0,5906110,2.88
16/08/2018,0,0,1.8(5.88 %),0,0,0,0,5906110,2.88
17/08/2018,0,0,1.68(-6.67 %),0,0,0,0,5906110,2.88
20/08/2018,0,0,1.7(1.19 %),0,0,0,0,5906110,2.88
21/08/2018,0,0,1.7(0.00 %),0,0,0,0,5906110,2.88
22/08/2018,0,0,1.8(5.88 %),0,0,0,0,5906110,2.88
23/08/2018,0,0,1.8(0.00 %),0,0,0,0,5906110,2.88
24/08/2018,0,0,1.7(-5.56 %),0,0,0,0,5906110,2.88
27/08/2018,0,0,1.59(-6.47 %),0,0,0,0,5906110,2.88
28/08/2018,0,0,1.6(0.63 %),0,0,0,0,5906110,2.88
29/08/2018,0,0,1.6(0.00 %),0,0,0,0,5906110,2.88
30/08/2018,0,0,1.6(0.00 %),0,0,0,0,5906110,2.88
31/08/2018,0,0,1.6(0.00 %),0,0,0,0,5906110,2.88
04/09/2018,0,0,1.6(0.00 %),0,0,0,0,5904720,2.89
05/09/2018,0,0,1.68(5.00 %),0,0,0,0,5904720,2.89
06/09/2018,0,0,1.7(1.19 %),0,0,0,0,5904720,2.89
07/09/2018,0,0,1.7(0.00 %),0,0,0,0,5904720,2.89
10/09/2018,0,0,1.7(0.00 %),0,0,0,0,5906110,2.88
11/09/2018,0,0,1.7(0.00 %),0,0,0,0,5906110,2.88
12/09/2018,0,0,1.7(0.00 %),0,0,0,0,5906110,2.88
13/09/2018,0,0,1.7(0.00 %),0,0,0,0,5906110,2.88
14/09/2018,0,0,1.81(6.47 %),0,0,0,0,5906110,2.88
17/09/2018,0,0,1.93(6.63 %),0,0,0,0,5906110,2.88
18/09/2018,0,0,1.93(0.00 %),0,0,0,0,5906110,2.88
19/09/2018,0,0,1.9(-1.55 %),0,0,0,0,5906110,2.88
20/09/2018,0,0,2(5.26 %),0,0,0,0,5906110,2.88
21/09/2018,0,0,0(0.00 %),0,0,0,0,5906110,2.88
24/09/2018,0,0,1.82(-6.67 %),0,0,0,0,5906110,2.88
25/09/2018,0,0,1.7(-6.59 %),0,0,0,0,5906110,2.88
26/09/2018,0,0,1.7(0.00 %),0,0,0,0,5906110,2.88
27/09/2018,100,159000,1.7(0.00 %),100,159000,0,0,5906010,2.88
28/09/2018,10,17500,1.8(5.88 %),10,17500,0,0,5906000,2.88
01/10/2018,100,170000,1.76(-2.22 %),100,170000,0,0,5905900,2.89
02/10/2018,0,0,1.76(0.00 %),0,0,0,0,5905900,2.89
03/10/2018,0,0,1.7(-3.41 %),0,0,0,0,5905900,2.89
04/10/2018,0,0,1.69(-0.59 %),0,0,0,0,5905900,2.89
05/10/2018,0,0,1.69(0.00 %),0,0,0,0,5905900,2.89
08/10/2018,0,0,1.79(5.92 %),0,0,0,0,5905900,2.89
09/10/2018,0,0,1.67(-6.70 %),0,0,0,0,5905900,2.89
10/10/2018,0,0,1.76(5.39 %),0,0,0,0,5905900,2.89
11/10/2018,0,0,1.76(0.00 %),0,0,0,0,5905900,2.89
12/10/2018,-200,-354000,1.64(-6.82 %),0,0,200,354000,5906100,2.88
15/10/2018,0,0,1.74(6.10 %),0,0,0,0,5905900,2.89
16/10/2018,0,0,1.79(2.87 %),0,0,0,0,5905900,2.89
17/10/2018,0,0,1.78(-0.56 %),0,0,0,0,5905900,2.89
18/10/2018,0,0,1.78(0.00 %),0,0,0,0,5906100,2.88
19/10/2018,0,0,1.8(1.12 %),0,0,0,0,5906100,2.88
22/10/2018,0,0,1.68(-6.67 %),0,0,0,0,5906100,2.88
23/10/2018,0,0,1.69(0.60 %),0,0,0,0,5906100,2.88
24/10/2018,0,0,1.69(0.00 %),0,0,0,0,5906100,2.88
25/10/2018,0,0,1.69(0.00 %),0,0,0,0,5906100,2.88
26/10/2018,0,0,1.69(0.00 %),0,0,0,0,5906100,2.88
29/10/2018,0,0,1.72(1.78 %),0,0,0,0,5906100,2.88
30/10/2018,0,0,1.72(0.00 %),0,0,0,0,5906100,2.88
31/10/2018,0,0,1.6(-6.98 %),0,0,0,0,5906100,2.88
01/11/2018,0,0,1.49(-6.87 %),0,0,0,0,5906100,2.88
02/11/2018,0,0,1.39(-6.71 %),0,0,0,0,5906100,2.88
05/11/2018,0,0,1.48(6.47 %),0,0,0,0,5906100,2.88
06/11/2018,0,0,1.48(0.00 %),0,0,0,0,5906100,2.88
07/11/2018,-2680,-3970000,1.48(0.00 %),0,0,2680,3970000,5906100,2.88
08/11/2018,-2620,-4139600,1.58(6.76 %),0,0,2620,4139600,5908720,2.86
09/11/2018,0,0,1.6(1.27 %),0,0,0,0,5906100,2.88
12/11/2018,0,0,1.7(6.25 %),0,0,0,0,5908780,2.86
13/11/2018,0,0,1.79(5.29 %),0,0,0,0,5908780,2.86
14/11/2018,0,0,1.8(0.56 %),0,0,0,0,5908780,2.86
15/11/2018,0,0,1.75(-2.78 %),0,0,0,0,5908780,2.86
16/11/2018,0,0,1.75(0.00 %),0,0,0,0,5908780,2.86
19/11/2018,0,0,1.75(0.00 %),0,0,0,0,5911400,2.84
20/11/2018,0,0,1.63(-6.86 %),0,0,0,0,5911400,2.84
21/11/2018,0,0,1.71(4.91 %),0,0,0,0,5911400,2.84
22/11/2018,0,0,1.62(-5.26 %),0,0,0,0,5911400,2.84
23/11/2018,0,0,1.7(4.94 %),0,0,0,0,5911400,2.84
26/11/2018,0,0,1.75(2.94 %),0,0,0,0,5911400,2.84
27/11/2018,0,0,1.75(0.00 %),0,0,0,0,5911400,2.84
28/11/2018,0,0,1.63(-6.86 %),0,0,0,0,5911400,2.84
29/11/2018,0,0,1.63(0.00 %),0,0,0,0,5911400,2.84
30/11/2018,0,0,1.52(-6.75 %),0,0,0,0,5911400,2.84
03/12/2018,0,0,1.43(-5.92 %),0,0,0,0,5911400,2.84
04/12/2018,0,0,1.43(0.00 %),0,0,0,0,5911400,2.84
05/12/2018,0,0,1.53(6.99 %),0,0,0,0,5911400,2.84
06/12/2018,10,15000,1.63(6.54 %),10,15000,0,0,5911390,2.84
07/12/2018,0,0,1.55(-4.91 %),0,0,0,0,5911390,2.84
10/12/2018,0,0,1.63(5.16 %),0,0,0,0,5911390,2.84
11/12/2018,0,0,1.7(4.29 %),0,0,0,0,5911390,2.84
12/12/2018,0,0,1.75(2.94 %),0,0,0,0,5911390,2.84
13/12/2018,0,0,1.64(-6.29 %),0,0,0,0,5911390,2.84
14/12/2018,0,0,1.74(6.10 %),0,0,0,0,5911390,2.84
17/12/2018,0,0,1.74(0.00 %),0,0,0,0,5911390,2.84
18/12/2018,0,0,1.8(3.45 %),0,0,0,0,5911390,2.84
19/12/2018,0,0,1.8(0.00 %),0,0,0,0,5911390,2.84
20/12/2018,0,0,1.86(3.33 %),0,0,0,0,5911390,2.84
21/12/2018,0,0,1.86(0.00 %),0,0,0,0,5911390,2.84
24/12/2018,0,0,1.85(-0.54 %),0,0,0,0,5911390,2.84
25/12/2018,0,0,1.85(0.00 %),0,0,0,0,5911390,2.84
26/12/2018,0,0,1.85(0.00 %),0,0,0,0,5911390,2.84
27/12/2018,0,0,1.85(0.00 %),0,0,0,0,5911390,2.84
28/12/2018,0,0,1.85(0.00 %),0,0,0,0,5911390,2.84
02/01/2019,0,0,1.85(0.00 %),0,0,0,0,5911390,2.84
03/01/2019,0,0,1.85(0.00 %),0,0,0,0,5911390,2.84
04/01/2019,0,0,1.85(0.00 %),0,0,0,0,5911390,2.84
07/01/2019,0,0,1.97(6.49 %),0,0,0,0,5911390,2.84
08/01/2019,0,0,1.97(0.00 %),0,0,0,0,5911390,2.84
09/01/2019,0,0,1.97(0.00 %),0,0,0,0,5911390,2.84
10/01/2019,0,0,2.1(6.60 %),0,0,0,0,5911390,2.84
11/01/2019,0,0,1.96(-6.67 %),0,0,0,0,5911390,2.84
14/01/2019,0,0,1.95(-0.51 %),0,0,0,0,5911390,2.84
15/01/2019,0,0,1.95(0.00 %),0,0,0,0,5911390,2.84
16/01/2019,0,0,2.08(6.67 %),0,0,0,0,5911390,2.84
17/01/2019,0,0,2.12(1.92 %),0,0,0,0,5911390,2.84
18/01/2019,0,0,2.12(0.00 %),0,0,0,0,5911390,2.84
21/01/2019,0,0,2.12(0.00 %),0,0,0,0,5911390,2.84
22/01/2019,0,0,2.12(0.00 %),0,0,0,0,5911390,2.84
23/01/2019,0,0,2.12(0.00 %),0,0,0,0,5911390,2.84
24/01/2019,0,0,2.12(0.00 %),0,0,0,0,5911390,2.84
25/01/2019,0,0,2.12(0.00 %),0,0,0,0,5911390,2.84
28/01/2019,0,0,2.12(0.00 %),0,0,0,0,5911390,2.84
29/01/2019,10,20000,1.98(-6.60 %),10,20000,0,0,5911380,2.84
30/01/2019,0,0,1.98(0.00 %),0,0,0,0,5911380,2.84
31/01/2019,10,20000,1.85(-6.57 %),10,20000,0,0,5911370,2.84
01/02/2019,0,0,1.86(0.54 %),0,0,0,0,5911370,2.84
11/02/2019,0,0,1.86(0.00 %),0,0,0,0,5911370,2.84
12/02/2019,10,20000,1.73(-6.99 %),10,20000,0,0,5911360,2.84
13/02/2019,0,0,1.73(0.00 %),0,0,0,0,5911360,2.84
14/02/2019,0,0,1.61(-6.94 %),0,0,0,0,5911360,2.84
15/02/2019,0,0,1.5(-6.83 %),0,0,0,0,5911360,2.84
18/02/2019,0,0,1.4(-6.67 %),0,0,0,0,5911360,2.84
19/02/2019,0,0,1.31(-6.43 %),0,0,0,0,5911360,2.84
20/02/2019,0,0,1.4(6.87 %),0,0,0,0,5911360,2.84
21/02/2019,0,0,1.44(2.86 %),0,0,0,0,5911360,2.84
22/02/2019,0,0,1.37(-4.86 %),0,0,0,0,5911360,2.84
25/02/2019,0,0,1.37(0.00 %),0,0,0,0,5911360,2.84
26/02/2019,0,0,1.28(-6.57 %),0,0,0,0,5911360,2.84
27/02/2019,10,12800,1.2(-6.25 %),10,12800,0,0,5911350,2.84
28/02/2019,0,0,1.2(0.00 %),0,0,0,0,5911350,2.84
01/03/2019,0,0,1.27(5.83 %),0,0,0,0,5911350,2.84
04/03/2019,0,0,1.27(0.00 %),0,0,0,0,5911350,2.84
05/03/2019,100,120000,1.19(-6.30 %),100,120000,0,0,5911250,2.84
06/03/2019,0,0,1.26(5.88 %),0,0,0,0,5911250,2.84
07/03/2019,0,0,1.26(0.00 %),0,0,0,0,5911250,2.84
08/03/2019,0,0,1.27(0.79 %),0,0,0,0,5911250,2.84
11/03/2019,0,0,1.27(0.00 %),0,0,0,0,5911250,2.84
12/03/2019,0,0,1.19(-6.30 %),0,0,0,0,5911250,2.84
13/03/2019,0,0,1.19(0.00 %),0,0,0,0,5911250,2.84
14/03/2019,0,0,1.27(6.72 %),0,0,0,0,5911250,2.84
15/03/2019,0,0,1.19(-6.30 %),0,0,0,0,5911250,2.84
18/03/2019,0,0,1.27(6.72 %),0,0,0,0,5911250,2.84
19/03/2019,0,0,1.35(6.30 %),0,0,0,0,5911250,2.84
20/03/2019,0,0,1.34(-0.74 %),0,0,0,0,5911250,2.84
21/03/2019,0,0,1.33(-0.75 %),0,0,0,0,5911250,2.84
22/03/2019,10,12400,1.32(-0.75 %),10,12400,0,0,5911240,2.84
25/03/2019,0,0,1.32(0.00 %),0,0,0,0,5911240,2.84
26/03/2019,0,0,1.28(-3.03 %),0,0,0,0,5911240,2.84
27/03/2019,0,0,1.2(-6.25 %),0,0,0,0,5911240,2.84
28/03/2019,0,0,1.2(0.00 %),0,0,0,0,5911240,2.84
29/03/2019,0,0,1.28(6.67 %),0,0,0,0,5911240,2.84
01/04/2019,0,0,1.2(-6.25 %),0,0,0,0,5911240,2.84
02/04/2019,0,0,1.2(0.00 %),0,0,0,0,5911240,2.84
03/04/2019,0,0,1.19(-0.83 %),0,0,0,0,5911240,2.84
04/04/2019,30,34500,1.12(-5.88 %),30,34500,0,0,5911210,2.84
05/04/2019,0,0,1.06(-5.36 %),0,0,0,0,5911210,2.84
08/04/2019,0,0,1.1(3.77 %),0,0,0,0,5911210,2.84
09/04/2019,0,0,1.11(0.91 %),0,0,0,0,5911210,2.84
10/04/2019,0,0,1.09(-1.80 %),0,0,0,0,5911210,2.84
11/04/2019,0,0,1.16(6.42 %),0,0,0,0,5911210,2.84
12/04/2019,0,0,1.08(-6.90 %),0,0,0,0,5911210,2.84
16/04/2019,0,0,1.05(-2.78 %),0,0,0,0,5911210,2.84
17/04/2019,0,0,1.11(5.71 %),0,0,0,0,5911210,2.84
18/04/2019,0,0,1.13(1.80 %),0,0,0,0,5911210,2.84
19/04/2019,-17760,-18830000,1.11(-1.77 %),0,0,17760,18830000,5911210,2.84
22/04/2019,0,0,1.04(-6.31 %),0,0,0,0,5928970,2.71
23/04/2019,0,0,1.1(5.77 %),0,0,0,0,5928970,2.71
24/04/2019,0,0,1.03(-6.36 %),0,0,0,0,5928970,2.71
25/04/2019,0,0,1.1(6.80 %),0,0,0,0,5928970,2.71
26/04/2019,0,0,1.1(0.00 %),0,0,0,0,5928970,2.71
02/05/2019,0,0,1.03(-6.36 %),0,0,0,0,5928970,2.71
03/05/2019,0,0,1.01(-1.94 %),0,0,0,0,5928970,2.71
06/05/2019,0,0,0.94(-6.93 %),0,0,0,0,5928970,2.71
07/05/2019,0,0,0.88(-6.38 %),0,0,0,0,5928970,2.71
08/05/2019,0,0,0.82(-6.82 %),0,0,0,0,5928970,2.71
09/05/2019,0,0,0.87(6.10 %),0,0,0,0,5928970,2.71
10/05/2019,-2800,-2436000,0.9(3.45 %),0,0,2800,2436000,5931770,2.68
20/05/2019,0,0,1.2(33.33 %),0,0,0,0,5931770,0.0
21/05/2019,0,0,1.1(-8.33 %),0,0,0,0,5931770,0.0
22/05/2019,0,0,1(-9.09 %),0,0,0,0,5931770,0.0
23/05/2019,0,0,1.1(10.00 %),0,0,0,0,5931770,0.0
24/05/2019,0,0,1.1(0.00 %),0,0,0,0,5931770,0.0
27/05/2019,0,0,1(-9.09 %),0,0,0,0,5931770,0.0
28/05/2019,0,0,1(-9.09 %),0,0,0,0,5931770,0.0
29/05/2019,0,0,1(0.00 %),0,0,0,0,5931770,0.0
30/05/2019,0,0,0.9(-10.00 %),0,0,0,0,5931770,0.0
31/05/2019,0,0,1(11.11 %),0,0,0,0,5931770,0.0
03/06/2019,0,0,1.1(10.00 %),0,0,0,0,5931770,0.0
04/06/2019,0,0,1.2(9.09 %),0,0,0,0,5931770,0.0
05/06/2019,2700,3510000,1.3(8.33 %),2700,3510000,0,0,5929070,0.02
06/06/2019,0,0,1.4(7.69 %),0,0,0,0,5929070,0.0
07/06/2019,0,0,1.4(0.00 %),0,0,0,0,5929070,0.0
10/06/2019,10000,14000000,1.4(-12.50 %),10000,14000000,0,0,5919070,0.08
11/06/2019,0,0,1.4(0.00 %),0,0,0,0,5919070,0.0
12/06/2019,2000,2400000,1.4(0.00 %),2000,2400000,0,0,5917070,0.02
13/06/2019,0,0,1.2(0.00 %),0,0,0,0,5917070,0.0
14/06/2019,1900,2280000,1.2(0.00 %),1900,2280000,0,0,5915170,0.01
17/06/2019,0,0,1.1(0.00 %),0,0,0,0,5915170,0.0
18/06/2019,100,120000,1.2(9.09 %),100,120000,0,0,5915070,0.0
19/06/2019,0,0,1(0.00 %),0,0,0,0,5915070,0.0
20/06/2019,-800,-880000,1.1(10.00 %),0,0,800,880000,5915870,0.0
21/06/2019,-100,-120000,1.2(9.09 %),0,0,100,120000,5915970,0.0
24/06/2019,0,0,1.2(0.00 %),0,0,0,0,5915970,0.0
25/06/2019,0,0,1.2(0.00 %),0,0,0,0,5915970,0.0
26/06/2019,0,0,1.2(0.00 %),0,0,0,0,5915970,0.0
27/06/2019,0,0,1.2(0.00 %),0,0,0,0,5915970,0.0
28/06/2019,0,0,1.2(0.00 %),0,0,0,0,5915970,0.0
01/07/2019,0,0,1.2(0.00 %),0,0,0,0,5915970,0.0
02/07/2019,0,0,1.2(0.00 %),0,0,0,0,5915970,0.0
03/07/2019,0,0,1.2(0.00 %),0,0,0,0,5915970,0.0
04/07/2019,0,0,1.2(0.00 %),0,0,0,0,5915970,0.0
05/07/2019,0,0,1.2(0.00 %),0,0,0,0,5915970,2.81
08/07/2019,0,0,1.2(0.00 %),0,0,0,0,5915970,0.0
09/07/2019,0,0,1.2(0.00 %),0,0,0,0,5915970,0.0
10/07/2019,0,0,1.2(0.00 %),0,0,0,0,5915970,0.0
11/07/2019,0,0,1.2(0.00 %),0,0,0,0,5915970,0.0
12/07/2019,-300,-360000,1.2(0.00 %),0,0,300,360000,5916270,0.0
15/07/2019,0,0,1.2(0.00 %),0,0,0,0,5916270,0.0
16/07/2019,0,0,1.2(0.00 %),0,0,0,0,5916270,0.0
17/07/2019,0,0,1.2(0.00 %),0,0,0,0,5916270,0.0
18/07/2019,0,0,1.2(0.00 %),0,0,0,0,5916270,0.0
19/07/2019,0,0,1.2(0.00 %),0,0,0,0,5916270,0.0
22/07/2019,-1500,-1800000,1.2(0.00 %),0,0,1500,1800000,5917770,0.0
23/07/2019,0,0,1.2(0.00 %),0,0,0,0,5917770,0.0
24/07/2019,-6700,-8040000,1.2(0.00 %),0,0,6700,8040000,5924470,0.0
25/07/2019,0,0,1.2(0.00 %),0,0,0,0,5924470,0.0
26/07/2019,0,0,1.2(0.00 %),0,0,0,0,5924470,0.0
29/07/2019,0,0,1.2(0.00 %),0,0,0,0,5924470,0.0
30/07/2019,0,0,1.2(0.00 %),0,0,0,0,5924470,0.0
31/07/2019,0,0,1.2(0.00 %),0,0,0,0,5924470,0.0
01/08/2019,0,0,1.2(0.00 %),0,0,0,0,5924470,0.0
02/08/2019,0,0,1.2(0.00 %),0,0,0,0,5924470,0.0
05/08/2019,0,0,1.2(0.00 %),0,0,0,0,5924470,0.0
06/08/2019,0,0,1.2(0.00 %),0,0,0,0,5924470,0.0
07/08/2019,0,0,1.2(0.00 %),0,0,0,0,5924470,0.0
08/08/2019,0,0,1.1(-8.33 %),0,0,0,0,5924470,0.0
09/08/2019,0,0,1(-9.09 %),0,0,0,0,5924470,0.0
12/08/2019,0,0,0.9(-10.00 %),0,0,0,0,5924470,0.0
13/08/2019,0,0,0.9(0.00 %),0,0,0,0,5924470,0.0
14/08/2019,-9100,-7280000,0.9(0.00 %),0,0,9100,7280000,5933570,0.0
15/08/2019,0,0,0.8(0.00 %),0,0,0,0,5933570,0.0
16/08/2019,0,0,0.9(12.50 %),0,0,0,0,5933570,0.0
19/08/2019,0,0,0.9(0.00 %),0,0,0,0,5933570,0.0
20/08/2019,0,0,0.8(-11.11 %),0,0,0,0,5933570,0.0
21/08/2019,0,0,0.9(0.00 %),0,0,0,0,5933570,0.0
22/08/2019,0,0,0.9(0.00 %),0,0,0,0,5933570,0.0
23/08/2019,0,0,0.9(0.00 %),0,0,0,0,5933570,0.0
26/08/2019,0,0,0.9(0.00 %),0,0,0,0,5933570,0.0
27/08/2019,0,0,0.9(0.00 %),0,0,0,0,5933570,0.0
28/08/2019,0,0,0.9(0.00 %),0,0,0,0,5933570,0.0
29/08/2019,0,0,0.9(0.00 %),0,0,0,0,5933570,0.0
30/08/2019,0,0,0.9(0.00 %),0,0,0,0,5933570,0.0
03/09/2019,0,0,0.9(0.00 %),0,0,0,0,5933570,0.0
04/09/2019,0,0,1(11.11 %),0,0,0,0,5933570,0.0
05/09/2019,0,0,1(0.00 %),0,0,0,0,5933570,0.0
06/09/2019,0,0,1(0.00 %),0,0,0,0,5933570,0.0
09/09/2019,0,0,1(0.00 %),0,0,0,0,5933570,0.0
10/09/2019,0,0,1(0.00 %),0,0,0,0,5933570,0.0
11/09/2019,0,0,1(0.00 %),0,0,0,0,5933570,0.0
12/09/2019,0,0,1(0.00 %),0,0,0,0,5933570,0.0
13/09/2019,0,0,1(0.00 %),0,0,0,0,5933570,0.0
16/09/2019,0,0,1(0.00 %),0,0,0,0,5933570,0.0
17/09/2019,0,0,1(0.00 %),0,0,0,0,5933570,0.0
18/09/2019,0,0,1(0.00 %),0,0,0,0,5933570,0.0
19/09/2019,0,0,1.1(10.00 %),0,0,0,0,5933570,0.0
20/09/2019,0,0,1.1(0.00 %),0,0,0,0,5933570,0.0
23/09/2019,0,0,1.1(0.00 %),0,0,0,0,5933570,0.0
24/09/2019,0,0,1.1(0.00 %),0,0,0,0,5933570,0.0
25/09/2019,0,0,1.1(0.00 %),0,0,0,0,5933570,0.0
26/09/2019,0,0,1.1(0.00 %),0,0,0,0,5933570,0.0
27/09/2019,0,0,1.1(0.00 %),0,0,0,0,5933570,0.0
30/09/2019,0,0,1.1(0.00 %),0,0,0,0,5933570,0.0
01/10/2019,0,0,1.1(0.00 %),0,0,0,0,5933570,0.0
02/10/2019,0,0,1.1(0.00 %),0,0,0,0,5933570,0.0
03/10/2019,0,0,1.1(0.00 %),0,0,0,0,5933570,0.0
04/10/2019,0,0,1.1(0.00 %),0,0,0,0,5933570,0.0
07/10/2019,0,0,1.1(0.00 %),0,0,0,0,5933570,0.0
08/10/2019,0,0,1.1(0.00 %),0,0,0,0,5933570,0.0
09/10/2019,0,0,1.1(0.00 %),0,0,0,0,5933570,0.0
10/10/2019,0,0,1.1(0.00 %),0,0,0,0,5933570,0.0
11/10/2019,0,0,1.1(0.00 %),0,0,0,0,5933570,0.0
14/10/2019,0,0,1.1(0.00 %),0,0,0,0,5933570,0.0
15/10/2019,0,0,1.1(0.00 %),0,0,0,0,5933570,0.0
16/10/2019,0,0,1.1(0.00 %),0,0,0,0,5933570,0.0
17/10/2019,0,0,1.1(0.00 %),0,0,0,0,5933570,0.0
18/10/2019,0,0,1.1(0.00 %),0,0,0,0,5933570,0.0
21/10/2019,0,0,1.1(0.00 %),0,0,0,0,5933570,0.0
22/10/2019,0,0,1.1(0.00 %),0,0,0,0,5933570,0.0
23/10/2019,0,0,1.1(0.00 %),0,0,0,0,5933570,0.0
24/10/2019,0,0,1(-9.09 %),0,0,0,0,5933570,0.0
25/10/2019,0,0,0.9(-10.00 %),0,0,0,0,5933570,0.0
28/10/2019,0,0,0.9(0.00 %),0,0,0,0,5933570,0.0
29/10/2019,0,0,1(11.11 %),0,0,0,0,5933570,0.0
30/10/2019,0,0,1(0.00 %),0,0,0,0,5933570,0.0
31/10/2019,0,0,1(0.00 %),0,0,0,0,5933570,0.0
01/11/2019,0,0,1.1(10.00 %),0,0,0,0,5933570,0.0
04/11/2019,0,0,1.1(0.00 %),0,0,0,0,5933570,0.0
05/11/2019,0,0,1.1(0.00 %),0,0,0,0,5933570,0.0
06/11/2019,0,0,1.1(0.00 %),0,0,0,0,5933570,0.0
07/11/2019,0,0,1.1(0.00 %),0,0,0,0,5933570,0.0
08/11/2019,0,0,1(-9.09 %),0,0,0,0,5933570,0.0
11/11/2019,0,0,1(0.00 %),0,0,0,0,5933570,0.0
12/11/2019,0,0,1.1(10.00 %),0,0,0,0,5933570,0.0
13/11/2019,0,0,1(0.00 %),0,0,0,0,5933570,0.0
14/11/2019,0,0,1.1(10.00 %),0,0,0,0,5933570,0.0
15/11/2019,0,0,1.1(0.00 %),0,0,0,0,5933570,0.0
18/11/2019,0,0,1.1(0.00 %),0,0,0,0,5933570,0.0
19/11/2019,0,0,1.1(0.00 %),0,0,0,0,5933570,0.0
20/11/2019,0,0,1(-9.09 %),0,0,0,0,5933570,0.0
21/11/2019,0,0,1(0.00 %),0,0,0,0,5933570,0.0
22/11/2019,0,0,1(0.00 %),0,0,0,0,5933570,0.0
25/11/2019,0,0,1(0.00 %),0,0,0,0,5933570,0.0
26/11/2019,0,0,1(0.00 %),0,0,0,0,5933570,0.0
27/11/2019,0,0,1(0.00 %),0,0,0,0,5933570,0.0
28/11/2019,0,0,1(0.00 %),0,0,0,0,5933570,0.0
29/11/2019,0,0,1(0.00 %),0,0,0,0,5933570,0.0
02/12/2019,0,0,1(0.00 %),0,0,0,0,5933570,0.0
03/12/2019,0,0,1(0.00 %),0,0,0,0,5933570,0.0
04/12/2019,0,0,1(0.00 %),0,0,0,0,5933570,0.0
05/12/2019,0,0,1(0.00 %),0,0,0,0,5933570,0.0
06/12/2019,0,0,1(0.00 %),0,0,0,0,5933570,0.0
09/12/2019,0,0,1(0.00 %),0,0,0,0,5933570,0.0
10/12/2019,0,0,1(0.00 %),0,0,0,0,5933570,0.0
11/12/2019,0,0,1(0.00 %),0,0,0,0,5933570,0.0
12/12/2019,0,0,1(0.00 %),0,0,0,0,5933570,0.0
13/12/2019,0,0,1(0.00 %),0,0,0,0,5933570,0.0
16/12/2019,0,0,1(0.00 %),0,0,0,0,5933570,0.0
17/12/2019,0,0,1(0.00 %),0,0,0,0,5933570,0.0
18/12/2019,0,0,1(0.00 %),0,0,0,0,5933570,0.0
19/12/2019,0,0,1(0.00 %),0,0,0,0,5933570,0.0
20/12/2019,0,0,1(0.00 %),0,0,0,0,5933570,0.0
23/12/2019,0,0,1(0.00 %),0,0,0,0,5933570,0.0
24/12/2019,0,0,1(0.00 %),0,0,0,0,5933570,0.0
25/12/2019,0,0,1(0.00 %),0,0,0,0,5933570,0.0
26/12/2019,0,0,1(0.00 %),0,0,0,0,5933570,0.0
27/12/2019,0,0,1(0.00 %),0,0,0,0,5933570,0.0
30/12/2019,0,0,1(0.00 %),0,0,0,0,5933570,0.0
31/12/2019,0,0,1(0.00 %),0,0,0,0,5933570,0.0
02/01/2020,0,0,1(0.00 %),0,0,0,0,5933570,0.0
03/01/2020,0,0,1(0.00 %),0,0,0,0,5933570,0.0
06/01/2020,0,0,1(0.00 %),0,0,0,0,5933570,0.0
07/01/2020,0,0,1(0.00 %),0,0,0,0,5933570,0.0
08/01/2020,0,0,1(0.00 %),0,0,0,0,5933570,0.0
09/01/2020,0,0,1(0.00 %),0,0,0,0,5933570,0.0
10/01/2020,0,0,1(0.00 %),0,0,0,0,5933570,0.0
13/01/2020,0,0,1(0.00 %),0,0,0,0,5933570,0.0
14/01/2020,0,0,1(0.00 %),0,0,0,0,5933570,0.0
15/01/2020,0,0,1(0.00 %),0,0,0,0,5933570,0.0
16/01/2020,0,0,1(0.00 %),0,0,0,0,5933570,2.67
17/01/2020,0,0,1(0.00 %),0,0,0,0,5933570,2.67
20/01/2020,0,0,1(0.00 %),0,0,0,0,5933570,2.67
21/01/2020,0,0,1(0.00 %),0,0,0,0,5933570,2.67
22/01/2020,0,0,1(0.00 %),0,0,0,0,5933570,0.0
30/01/2020,0,0,1(0.00 %),0,0,0,0,5933570,0.0
31/01/2020,0,0,1(0.00 %),0,0,0,0,5933570,0.0
03/02/2020,0,0,1(0.00 %),0,0,0,0,5933570,0.0
04/02/2020,0,0,1(0.00 %),0,0,0,0,5933570,0.0
05/02/2020,0,0,1(0.00 %),0,0,0,0,5933570,0.0
06/02/2020,0,0,1(0.00 %),0,0,0,0,5933570,0.0
07/02/2020,0,0,0.6(-40.00 %),0,0,0,0,5933570,0.0
10/02/2020,0,0,0.6(0.00 %),0,0,0,0,5933570,0.0
11/02/2020,0,0,0.6(0.00 %),0,0,0,0,5933570,0.0
12/02/2020,0,0,0.6(0.00 %),0,0,0,0,5933570,0.0
13/02/2020,0,0,0.7(16.67 %),0,0,0,0,5933570,0.0
14/02/2020,0,0,0.8(14.29 %),0,0,0,0,5933570,0.0
17/02/2020,0,0,0.9(12.50 %),0,0,0,0,5933570,0.0
18/02/2020,0,0,1(11.11 %),0,0,0,0,5933570,0.0
19/02/2020,0,0,1.1(10.00 %),0,0,0,0,5933570,0.0
20/02/2020,0,0,1.2(9.09 %),0,0,0,0,5933570,0.0
21/02/2020,0,0,1.2(0.00 %),0,0,0,0,5933570,0.0
24/02/2020,0,0,1.3(8.33 %),0,0,0,0,5933570,0.0
25/02/2020,0,0,1.3(0.00 %),0,0,0,0,5933570,0.0
26/02/2020,0,0,1.4(7.69 %),0,0,0,0,5933570,0.0
27/02/2020,14300,21780000,1.6(14.29 %),14500,22100000,200,320000,5919270,0.11
28/02/2020,0,0,1.7(13.33 %),0,0,0,0,5919270,0.0
02/03/2020,0,0,1.9(11.76 %),0,0,0,0,5919070,0.0
03/03/2020,0,0,1.9(0.00 %),0,0,0,0,5919070,0.0
04/03/2020,0,0,1.9(0.00 %),0,0,0,0,5919070,0.0
05/03/2020,0,0,1.9(0.00 %),0,0,0,0,5919070,0.0
06/03/2020,-100,-200000,2(5.26 %),2100,4200000,2200,4400000,5919170,0.0
09/03/2020,0,0,2(0.00 %),0,0,0,0,5919170,0.0
10/03/2020,-200,-340000,2.2(10.00 %),0,0,200,340000,5919370,0.0
11/03/2020,-600,-1270000,2.2(4.76 %),0,0,600,1270000,5919970,2.78
12/03/2020,2700,4880000,2(-4.76 %),3400,6140000,700,1260000,5915970,2.81
13/03/2020,-500,-870000,1.9(5.56 %),0,0,500,870000,5916470,0.0
16/03/2020,0,0,1.8(0.00 %),0,0,0,0,5916470,0.0
17/03/2020,0,0,1.8(0.00 %),0,0,0,0,5916470,0.01
18/03/2020,0,0,1.9(5.56 %),0,0,0,0,5916470,0.01
19/03/2020,-100,-170000,1.7(-10.53 %),0,0,100,170000,5916570,0.01
20/03/2020,0,0,1.9(11.76 %),0,0,0,0,5916570,0.01
23/03/2020,0,0,1.9(0.00 %),0,0,0,0,5916570,0.01
24/03/2020,0,0,1.9(0.00 %),0,0,0,0,5916570,0.01
25/03/2020,0,0,1.9(0.00 %),0,0,0,0,5916570,0.01
26/03/2020,0,0,1.7(-10.53 %),0,0,0,0,5916570,0.01
27/03/2020,0,0,1.7(0.00 %),0,0,0,0,5916570,0.01
30/03/2020,0,0,1.7(0.00 %),0,0,0,0,5916570,0.01
31/03/2020,0,0,1.5(-11.76 %),0,0,0,0,5916570,2.8
01/04/2020,-100,-130000,1.3(-13.33 %),0,0,100,130000,5918070,0.0
03/04/2020,0,0,1.3(0.00 %),0,0,0,0,5918070,0.0
06/04/2020,-100,-120000,1.4(7.69 %),0,0,100,120000,5918170,0.0
07/04/2020,0,0,1.2(-7.69 %),0,0,0,0,5918170,0.0
08/04/2020,0,0,1.1(-8.33 %),0,0,0,0,5918170,0.0
09/04/2020,0,0,1(-9.09 %),0,0,0,0,5918170,0.0
10/04/2020,0,0,0.9(-10.00 %),0,0,0,0,5918170,2.79
13/04/2020,0,0,0.8(-11.11 %),0,0,0,0,5918170,0.0
14/04/2020,0,0,0.8(0.00 %),0,0,0,0,5918170,0.0
15/04/2020,0,0,0.8(0.00 %),0,0,0,0,5918170,0.0
16/04/2020,0,0,0.8(0.00 %),0,0,0,0,5918170,0.0
17/04/2020,0,0,0.8(0.00 %),0,0,0,0,5918170,0.0
20/04/2020,0,0,0.8(0.00 %),0,0,0,0,5918170,0.0
21/04/2020,0,0,0.7(-12.50 %),0,0,0,0,5918170,0.0
22/04/2020,0,0,0.8(14.29 %),0,0,0,0,5918170,0.0
23/04/2020,0,0,0.9(12.50 %),0,0,0,0,5918170,0.0
24/04/2020,0,0,1(11.11 %),0,0,0,0,5918170,0.0
27/04/2020,0,0,1(0.00 %),0,0,0,0,5918170,0.0
28/04/2020,0,0,1(0.00 %),0,0,0,0,5918170,0.0
29/04/2020,0,0,0.9(-10.00 %),0,0,0,0,5918170,0.0
04/05/2020,0,0,1(0.00 %),0,0,0,0,5918270,0.0
05/05/2020,0,0,1(0.00 %),0,0,0,0,5918270,0.0
06/05/2020,0,0,1(0.00 %),0,0,0,0,5918270,2.79
07/05/2020,0,0,0.9(-10.00 %),0,0,0,0,5918270,0.0
08/05/2020,0,0,0.8(-11.11 %),0,0,0,0,5918270,0.0
11/05/2020,0,0,0.9(12.50 %),0,0,0,0,5918270,0.0
12/05/2020,0,0,0.8(0.00 %),0,0,0,0,5918270,0.0
13/05/2020,0,0,1(11.11 %),0,0,0,0,5918270,0.0
14/05/2020,0,0,1.1(10.00 %),0,0,0,0,5918270,0.0
15/05/2020,0,0,1(0.00 %),0,0,0,0,5918270,0.0
18/05/2020,0,0,0.9(-10.00 %),0,0,0,0,5918270,0.0
19/05/2020,0,0,0.9(0.00 %),0,0,0,0,5918270,0.0
20/05/2020,0,0,0.9(0.00 %),0,0,0,0,5918270,0.0
21/05/2020,0,0,0.8(-11.11 %),0,0,0,0,5918270,0.0
22/05/2020,0,0,0.8(0.00 %),0,0,0,0,5918270,0.0
25/05/2020,0,0,0.8(0.00 %),0,0,0,0,5918270,0.0
26/05/2020,0,0,0.9(12.50 %),0,0,0,0,5918270,0.0
27/05/2020,0,0,0.8(-11.11 %),0,0,0,0,5918270,0.0
28/05/2020,0,0,0.8(0.00 %),0,0,0,0,5918270,0.0
29/05/2020,0,0,0.8(0.00 %),0,0,0,0,5918270,2.79
01/06/2020,-9800,-6860000,0.8(0.00 %),0,0,9800,6860000,5918270,0.0
02/06/2020,0,0,0.8(14.29 %),0,0,0,0,5918270,0.0
03/06/2020,0,0,0.7(-12.50 %),0,0,0,0,5918270,0.0
04/06/2020,0,0,0.9(12.50 %),0,0,0,0,5918270,0.08
05/06/2020,0,0,0.8(0.00 %),0,0,0,0,5918270,0.08
08/06/2020,0,0,0.8(0.00 %),0,0,0,0,5918270,0.08
09/06/2020,0,0,0.8(14.29 %),0,0,0,0,5918270,0.08
10/06/2020,0,0,0.9(12.50 %),0,0,0,0,5918270,0.08
11/06/2020,0,0,0.9(12.50 %),0,0,0,0,5918270,0.08
12/06/2020,0,0,0.9(0.00 %),0,0,0,0,5918270,0.08
15/06/2020,0,0,0.8(-11.11 %),0,0,0,0,5918270,0.08
16/06/2020,0,0,0.9(12.50 %),0,0,0,0,5918270,0.08
17/06/2020,0,0,0.9(12.50 %),0,0,0,0,5918270,0.08
18/06/2020,0,0,1(11.11 %),0,0,0,0,5918270,0.08
19/06/2020,0,0,1.1(10.00 %),0,0,0,0,5918270,0.08
22/06/2020,0,0,1.1(0.00 %),0,0,0,0,5918270,0.08
23/06/2020,0,0,1.2(9.09 %),0,0,0,0,5918270,0.08
24/06/2020,0,0,1.1(-8.33 %),0,0,0,0,5918270,0.08
25/06/2020,0,0,1.2(9.09 %),0,0,0,0,5928070,2.71
26/06/2020,0,0,1.2(9.09 %),0,0,0,0,5928070,0.0
29/06/2020,0,0,1.1(-8.33 %),0,0,0,0,5928070,0.0
30/06/2020,0,0,1.1(0.00 %),0,0,0,0,5928070,0.0
01/07/2020,0,0,1.2(9.09 %),0,0,0,0,5928070,0.0
02/07/2020,0,0,1.2(0.00 %),0,0,0,0,5928070,0.0
03/07/2020,0,0,1.2(0.00 %),0,0,0,0,5928070,0.0
06/07/2020,0,0,1.1(-8.33 %),0,0,0,0,5928070,0.0
07/07/2020,0,0,1.1(0.00 %),0,0,0,0,5928070,0.0
08/07/2020,0,0,1.1(0.00 %),0,0,0,0,5928070,0.0
09/07/2020,0,0,1.1(0.00 %),0,0,0,0,5928070,0.0
10/07/2020,0,0,1(-9.09 %),0,0,0,0,5928070,0.0
13/07/2020,0,0,0.9(-10.00 %),0,0,0,0,5928070,0.0
14/07/2020,0,0,0.9(0.00 %),0,0,0,0,5928070,0.0
15/07/2020,0,0,0.9(0.00 %),0,0,0,0,5928070,0.0
16/07/2020,0,0,0.9(0.00 %),0,0,0,0,5928070,0.0
17/07/2020,0,0,0.9(0.00 %),0,0,0,0,5928070,0.0
20/07/2020,0,0,0.9(0.00 %),0,0,0,0,5928070,0.0
21/07/2020,0,0,0.9(0.00 %),0,0,0,0,5928070,0.0
22/07/2020,0,0,1(11.11 %),0,0,0,0,5928070,0.0
23/07/2020,0,0,1(0.00 %),0,0,0,0,5928070,0.0
24/07/2020,0,0,1(0.00 %),0,0,0,0,5928070,0.0
27/07/2020,0,0,1(0.00 %),0,0,0,0,5928070,0.0
28/07/2020,0,0,1(0.00 %),0,0,0,0,5928070,0.0
29/07/2020,0,0,1(0.00 %),0,0,0,0,5928070,0.0
30/07/2020,0,0,1(0.00 %),0,0,0,0,5928070,0.0
31/07/2020,0,0,1(0.00 %),0,0,0,0,5928070,0.0
03/08/2020,0,0,1(0.00 %),0,0,0,0,5928070,0.0
04/08/2020,0,0,1(0.00 %),0,0,0,0,5928070,0.0
05/08/2020,0,0,1(0.00 %),0,0,0,0,5928070,0.0
06/08/2020,0,0,1(0.00 %),0,0,0,0,5928070,0.0
07/08/2020,0,0,1(0.00 %),0,0,0,0,5928070,0.0
10/08/2020,0,0,0.9(-10.00 %),0,0,0,0,5928070,0.0
11/08/2020,0,0,0.9(0.00 %),0,0,0,0,5928070,0.0
12/08/2020,0,0,0.9(0.00 %),0,0,0,0,5928070,0.0
13/08/2020,0,0,0.9(0.00 %),0,0,0,0,5928070,0.0
14/08/2020,0,0,0.9(0.00 %),0,0,0,0,5928070,0.0
17/08/2020,0,0,0.9(0.00 %),0,0,0,0,5928070,0.0
18/08/2020,0,0,0.9(0.00 %),0,0,0,0,5928070,0.0
19/08/2020,0,0,0.9(0.00 %),0,0,0,0,5928070,0.0
20/08/2020,0,0,0.9(0.00 %),0,0,0,0,5928070,0.0
21/08/2020,0,0,0.9(0.00 %),0,0,0,0,5928070,0.0
24/08/2020,0,0,0.9(0.00 %),0,0,0,0,5928070,0.0
25/08/2020,0,0,0.9(0.00 %),0,0,0,0,5928070,0.0
26/08/2020,0,0,1(11.11 %),0,0,0,0,5928070,0.0
27/08/2020,0,0,1.1(10.00 %),0,0,0,0,5928070,0.0
28/08/2020,0,0,1.2(9.09 %),0,0,0,0,5928070,0.0
31/08/2020,0,0,1.3(8.33 %),0,0,0,0,5928070,0.0
01/09/2020,0,0,1.4(7.69 %),0,0,0,0,5928070,0.0
03/09/2020,0,0,1.6(14.29 %),0,0,0,0,5928070,0.0
04/09/2020,0,0,1.8(12.50 %),0,0,0,0,5928070,0.0
07/09/2020,0,0,2(11.11 %),0,0,0,0,5928070,0.0
08/09/2020,-7100,-14910000,2.3(15.00 %),0,0,7100,14910000,5935170,0.0
09/09/2020,0,0,2(-9.09 %),0,0,0,0,5928070,2.71
10/09/2020,0,0,2(-9.09 %),0,0,0,0,5928070,0.0
11/09/2020,0,0,2.1(10.53 %),0,0,0,0,5928070,0.06
14/09/2020,0,0,2.2(4.76 %),0,0,0,0,5928070,0.06
15/09/2020,0,0,1.9(-13.64 %),0,0,0,0,5928070,0.06
16/09/2020,0,0,1.9(-5.00 %),0,0,0,0,5928070,0.06
17/09/2020,0,0,1.8(0.00 %),0,0,0,0,5928070,0.06
18/09/2020,0,0,1.9(5.56 %),0,0,0,0,5928070,0.06
21/09/2020,0,0,1.8(0.00 %),0,0,0,0,5928070,0.06
22/09/2020,0,0,1.7(-5.56 %),0,0,0,0,5928070,0.06
23/09/2020,0,0,1.6(-5.88 %),0,0,0,0,5928070,0.06
24/09/2020,0,0,1.5(0.00 %),0,0,0,0,5928070,0.06
25/09/2020,0,0,1.5(0.00 %),0,0,0,0,5928070,0.06
28/09/2020,0,0,1.7(13.33 %),0,0,0,0,5928070,0.06
29/09/2020,0,0,1.6(6.67 %),0,0,0,0,5928070,0.06
30/09/2020,0,0,1.5(0.00 %),0,0,0,0,5928070,0.06
01/10/2020,0,0,1.6(6.67 %),0,0,0,0,5935170,2.66
02/10/2020,0,0,1.5(0.00 %),0,0,0,0,5935170,0.0
05/10/2020,0,0,1.6(6.67 %),0,0,0,0,5935170,0.0
06/10/2020,0,0,1.6(0.00 %),0,0,0,0,5935170,0.0
07/10/2020,0,0,1.7(0.00 %),0,0,0,0,5935170,0.0
08/10/2020,0,0,1.7(0.00 %),0,0,0,0,5935170,0.0
09/10/2020,0,0,1.5(-6.25 %),0,0,0,0,5935170,0.0
12/10/2020,0,0,1.5(-6.25 %),0,0,0,0,5935170,0.0
13/10/2020,-1000,-1400000,1.4(-6.67 %),0,0,1000,1400000,5936170,0.0
14/10/2020,-2000,-2800000,1.5(7.14 %),0,0,2000,2800000,5938170,0.0
15/10/2020,-1000,-1500000,1.5(0.00 %),0,0,1000,1500000,5939170,0.0
16/10/2020,0,0,1.3(-13.33 %),0,0,0,0,5939170,0.0
19/10/2020,-500,-650000,1.3(0.00 %),0,0,500,650000,5939670,0.0
20/10/2020,0,0,1.4(7.69 %),0,0,0,0,5939670,0.0
21/10/2020,0,0,1.5(7.14 %),0,0,0,0,5939670,0.0
22/10/2020,0,0,1.5(0.00 %),0,0,0,0,5939670,0.0
23/10/2020,0,0,1.4(-6.67 %),0,0,0,0,5939670,0.0
26/10/2020,0,0,1.5(7.14 %),0,0,0,0,5939670,0.0
27/10/2020,0,0,1.5(0.00 %),0,0,0,0,5939670,0.0
28/10/2020,0,0,1.6(6.67 %),0,0,0,0,5939670,0.0
29/10/2020,0,0,1.6(6.67 %),0,0,0,0,5939670,0.0
30/10/2020,0,0,1.7(6.25 %),0,0,0,0,5939670,0.0
02/11/2020,0,0,1.7(0.00 %),0,0,0,0,5939670,0.0
03/11/2020,0,0,1.7(0.00 %),0,0,0,0,5939670,0.0
04/11/2020,0,0,1.6(-5.88 %),0,0,0,0,5939670,0.0
05/11/2020,0,0,1.6(0.00 %),0,0,0,0,5939670,0.0
06/11/2020,0,0,1.7(6.25 %),0,0,0,0,5939670,0.0
09/11/2020,0,0,1.6(0.00 %),0,0,0,0,5939670,0.0
10/11/2020,0,0,1.7(6.25 %),0,0,0,0,5939670,0.0
11/11/2020,0,0,1.7(0.00 %),0,0,0,0,5939670,0.0
12/11/2020,0,0,1.6(6.67 %),0,0,0,0,5939670,0.0
13/11/2020,0,0,1.7(6.25 %),0,0,0,0,5939670,0.0
16/11/2020,0,0,1.6(0.00 %),0,0,0,0,5939670,0.0
17/11/2020,0,0,1.6(0.00 %),0,0,0,0,5939670,0.0
18/11/2020,0,0,1.7(6.25 %),0,0,0,0,5939670,0.0
19/11/2020,0,0,1.6(0.00 %),0,0,0,0,5939670,0.0
20/11/2020,0,0,1.5(0.00 %),0,0,0,0,5939670,0.0
25/11/2020,0,0,1.6(-5.88 %),0,0,0,0,5939670,0.0
26/11/2020,0,0,1.8(12.50 %),0,0,0,0,5939670,0.0
30/11/2020,0,0,2(11.11 %),0,0,0,0,5939670,0.0
01/12/2020,0,0,2(0.00 %),0,0,0,0,5939670,0.0
02/12/2020,0,0,2.2(10.00 %),0,0,0,0,5939670,0.0
03/12/2020,0,0,2(5.26 %),0,0,0,0,5939670,0.0
04/12/2020,0,0,1.8(0.00 %),0,0,0,0,5939670,0.0
07/12/2020,0,0,1.9(5.56 %),0,0,0,0,5939670,0.0
08/12/2020,0,0,1.8(-5.26 %),0,0,0,0,5939670,0.0
09/12/2020,0,0,1.8(5.88 %),0,0,0,0,5939670,0.0
10/12/2020,0,0,1.8(5.88 %),0,0,0,0,5939670,0.0
11/12/2020,0,0,1.7(0.00 %),0,0,0,0,5939670,0.0
14/12/2020,0,0,1.7(0.00 %),0,0,0,0,5939670,0.0
15/12/2020,0,0,1.7(6.25 %),0,0,0,0,5939670,0.0
16/12/2020,0,0,1.8(5.88 %),0,0,0,0,5939670,2.62
17/12/2020,0,0,1.8(0.00 %),0,0,0,0,5939670,0.0
18/12/2020,0,0,2(11.11 %),0,0,0,0,5939670,0.0
21/12/2020,0,0,1.9(-5.00 %),0,0,0,0,5939670,0.0
22/12/2020,0,0,1.9(0.00 %),0,0,0,0,5939670,0.0
23/12/2020,0,0,1.8(-5.26 %),0,0,0,0,5939670,0.0
24/12/2020,0,0,1.7(-10.53 %),0,0,0,0,5939670,0.0
25/12/2020,0,0,1.9(11.76 %),0,0,0,0,5939670,0.0
28/12/2020,0,0,1.7(13.33 %),0,0,0,0,5939670,0.0
29/12/2020,0,0,1.7(0.00 %),0,0,0,0,5939670,0.0
31/12/2020,0,0,1.8(5.88 %),0,0,0,0,5939670,0.0
04/01/2021,0,0,1.8(0.00 %),0,0,0,0,5939670,0.0
05/01/2021,0,0,1.7(-10.53 %),0,0,0,0,5939670,0.0
06/01/2021,0,0,1.6(-5.88 %),0,0,0,0,5939670,0.0
07/01/2021,0,0,1.7(13.33 %),0,0,0,0,5939670,0.0
08/01/2021,0,0,1.8(5.88 %),0,0,0,0,5939670,0.0
11/01/2021,0,0,1.8(0.00 %),0,0,0,0,5939670,0.0
12/01/2021,0,0,1.9(5.56 %),0,0,0,0,5939670,0.0
13/01/2021,-3500,-6650000,1.9(0.00 %),0,0,3500,6650000,5943170,0.0
14/01/2021,0,0,2(5.26 %),0,0,0,0,5943170,0.0
15/01/2021,0,0,1.9(-5.00 %),0,0,0,0,5943170,0.0
18/01/2021,0,0,2.1(10.53 %),0,0,0,0,5943170,0.0
19/01/2021,0,0,2.2(4.76 %),0,0,0,0,5943170,0.0
20/01/2021,0,0,2.2(0.00 %),0,0,0,0,5943170,0.0
21/01/2021,0,0,2.1(-12.50 %),0,0,0,0,5943170,0.0
22/01/2021,0,0,2.2(4.76 %),0,0,0,0,5943170,0.0
25/01/2021,0,0,2.4(14.29 %),0,0,0,0,5943170,0.0
26/01/2021,0,0,2.7(12.50 %),0,0,0,0,5943170,0.0
27/01/2021,0,0,2.3(-14.81 %),0,0,0,0,5943170,0.0
28/01/2021,0,0,2.1(-12.50 %),0,0,0,0,5943170,0.0
29/01/2021,0,0,2(-4.76 %),0,0,0,0,5943170,0.0
01/02/2021,0,0,2(11.11 %),0,0,0,0,5943170,0.0
02/02/2021,0,0,2(0.00 %),0,0,0,0,5943170,0.0
03/02/2021,0,0,2(0.00 %),0,0,0,0,5943170,0.0
04/02/2021,0,0,1.9(-5.00 %),0,0,0,0,5943170,0.0
05/02/2021,0,0,1.9(11.76 %),0,0,0,0,5943170,0.0
17/02/2021,0,0,2(11.11 %),0,0,0,0,5943170,0.0
18/02/2021,0,0,1.8(-5.26 %),0,0,0,0,5943170,0.0
19/02/2021,0,0,1.9(5.56 %),0,0,0,0,5943170,0.0
22/02/2021,0,0,1.9(0.00 %),0,0,0,0,5943170,0.0
23/02/2021,0,0,1.9(0.00 %),0,0,0,0,5943170,0.0
24/02/2021,0,0,1.9(0.00 %),0,0,0,0,5943170,0.0
25/02/2021,0,0,1.8(-5.26 %),0,0,0,0,5943170,0.0
26/02/2021,0,0,1.8(0.00 %),0,0,0,0,5943170,0.0
01/03/2021,0,0,1.9(0.00 %),0,0,0,0,5943170,0.0
02/03/2021,0,0,1.9(5.56 %),0,0,0,0,5943170,0.0
03/03/2021,0,0,2.1(10.53 %),0,0,0,0,5943170,0.0
04/03/2021,0,0,2.4(14.29 %),0,0,0,0,5943170,0.0
05/03/2021,0,0,2.7(12.50 %),0,0,0,0,5943170,0.0
08/03/2021,0,0,0(0.00 %),0,0,0,0,5943170,0.0
09/03/2021,0,0,2.5(-7.41 %),0,0,0,0,5943170,0.0
10/03/2021,0,0,2.5(4.17 %),0,0,0,0,5943170,0.0
11/03/2021,0,0,2.6(13.04 %),0,0,0,0,5943170,0.0
12/03/2021,0,0,2.7(3.85 %),0,0,0,0,5943170,0.0
15/03/2021,0,0,2.5(-7.41 %),0,0,0,0,5943170,0.0
16/03/2021,0,0,2.7(8.00 %),0,0,0,0,5943170,0.0
17/03/2021,0,0,2.8(12.00 %),0,0,0,0,5943170,0.0
18/03/2021,0,0,3.1(10.71 %),0,0,0,0,5943170,0.0
19/03/2021,0,0,3.1(-3.12 %),0,0,0,0,5943170,0.0
22/03/2021,0,0,3.1(-3.12 %),0,0,0,0,5943170,0.0
23/03/2021,0,0,3.4(13.33 %),0,0,0,0,5943170,0.0
24/03/2021,2500,9000000,3.6(12.50 %),2500,9000000,0,0,5940670,0.02
25/03/2021,0,0,4(14.29 %),0,0,0,0,5940670,0.0
26/03/2021,500,2050000,4.4(12.82 %),500,2050000,0,0,5940170,0.0
29/03/2021,0,0,4(-4.76 %),0,0,0,0,5940170,0.0
30/03/2021,200,800000,4(0.00 %),200,800000,0,0,5939970,0.0
31/03/2021,0,0,3.8(-2.56 %),0,0,0,0,5939970,0.0
01/04/2021,0,0,4.1(7.89 %),0,0,0,0,5939470,0.0
02/04/2021,0,0,3.9(-2.50 %),0,0,0,0,5939470,0.0
05/04/2021,-1500,-5850000,3.9(2.63 %),0,0,1500,5850000,5940970,0.0
06/04/2021,0,0,4.4(12.82 %),0,0,0,0,5940970,0.0
07/04/2021,0,0,4.9(13.95 %),0,0,0,0,5940970,0.0
08/04/2021,0,0,5.2(6.12 %),0,0,0,0,5940970,0.0
09/04/2021,0,0,5(0.00 %),0,0,0,0,5940970,0.0
12/04/2021,800,4320000,5.4(14.89 %),800,4320000,0,0,5940170,0.01
13/04/2021,0,0,5.3(1.92 %),0,0,0,0,5940170,0.0
14/04/2021,0,0,5.2(0.00 %),0,0,0,0,5940170,0.0
15/04/2021,0,0,4.8(-4.00 %),0,0,0,0,5940170,2.62
16/04/2021,-3000,-13440000,4.7(-4.08 %),0,0,3000,13440000,5943170,0.0
19/04/2021,0,0,5(4.17 %),0,0,0,0,5943170,0.0
20/04/2021,0,0,5(4.17 %),0,0,0,0,5943170,0.0
22/04/2021,0,0,4.8(-4.00 %),0,0,0,0,5943170,0.0
23/04/2021,0,0,4.7(0.00 %),0,0,0,0,5943170,0.0
26/04/2021,0,0,4.4(-2.22 %),0,0,0,0,5943170,0.0
27/04/2021,0,0,4.6(12.20 %),0,0,0,0,5943170,0.0
28/04/2021,0,0,4.6(4.55 %),0,0,0,0,5943170,0.0
29/04/2021,0,0,4.3(-6.52 %),0,0,0,0,5943170,0.0
04/05/2021,0,0,4(-4.76 %),0,0,0,0,5943170,0.0
05/05/2021,0,0,4.2(2.44 %),0,0,0,0,5943170,0.0
06/05/2021,0,0,4.2(2.44 %),0,0,0,0,5943170,0.0
07/05/2021,0,0,4(-4.76 %),0,0,0,0,5943170,0.0
10/05/2021,0,0,0(0.00 %),0,0,0,0,5943170,0.0
11/05/2021,0,0,4(2.56 %),0,0,0,0,5943170,0.0
12/05/2021,0,0,4(2.56 %),0,0,0,0,5943170,0.0
13/05/2021,0,0,3.9(-7.14 %),0,0,0,0,5943170,0.0
14/05/2021,0,0,3.6(-10.00 %),0,0,0,0,5943170,0.0
17/05/2021,0,0,3.8(8.57 %),0,0,0,0,5943170,0.0
18/05/2021,0,0,3.6(5.88 %),0,0,0,0,5943170,0.0
19/05/2021,0,0,3.5(0.00 %),0,0,0,0,5943170,0.0
20/05/2021,0,0,3.5(0.00 %),0,0,0,0,5943170,0.0
21/05/2021,0,0,3.6(5.88 %),0,0,0,0,5943170,0.0
24/05/2021,0,0,3.5(0.00 %),0,0,0,0,5943170,0.0
25/05/2021,0,0,3.3(-2.94 %),0,0,0,0,5943170,0.0
26/05/2021,-200,-660000,3.2(0.00 %),0,0,200,660000,5943370,0.0
27/05/2021,0,0,3(-6.25 %),0,0,0,0,5943370,0.0
28/05/2021,0,0,3.1(3.33 %),0,0,0,0,5943370,0.0
31/05/2021,0,0,3.2(3.23 %),0,0,0,0,5943370,0.0
01/06/2021,0,0,3(-3.23 %),0,0,0,0,5943370,0.0
02/06/2021,0,0,3.4(13.33 %),0,0,0,0,5943370,0.0
03/06/2021,0,0,3.7(12.12 %),0,0,0,0,5943370,0.0
04/06/2021,0,0,3.9(5.41 %),0,0,0,0,5943370,0.0
07/06/2021,0,0,3.8(-5.00 %),0,0,0,0,5943370,0.0
08/06/2021,0,0,3.5(-2.78 %),0,0,0,0,5943370,0.0
09/06/2021,-500,-1850000,3.6(2.86 %),0,0,500,1850000,5943870,0.0
10/06/2021,-1300,-4940000,4(14.29 %),0,0,1300,4940000,5945170,0.0
11/06/2021,0,0,4.2(10.53 %),0,0,0,0,5945170,0.0
14/06/2021,3000,11700000,3.8(-9.52 %),3000,11700000,0,0,5942170,0.01
15/06/2021,0,0,3.8(0.00 %),0,0,0,0,5942170,0.0
16/06/2021,0,0,3.8(0.00 %),0,0,0,0,5942170,0.0
17/06/2021,0,0,3.6(-2.70 %),0,0,0,0,5942170,0.0
18/06/2021,0,0,3.7(-2.63 %),0,0,0,0,5942170,0.0
22/06/2021,0,0,3.7(0.00 %),0,0,0,0,5942170,0.0
23/06/2021,0,0,3.6(-2.70 %),0,0,0,0,5942170,0.0
24/06/2021,0,0,3.6(0.00 %),0,0,0,0,5942170,0.0
25/06/2021,0,0,3.6(0.00 %),0,0,0,0,5942170,0.0
28/06/2021,0,0,3.5(0.00 %),0,0,0,0,5942170,0.0
29/06/2021,0,0,3.5(2.94 %),0,0,0,0,5942170,0.0
30/06/2021,0,0,3.4(0.00 %),0,0,0,0,5942170,0.0
01/07/2021,0,0,3.3(0.00 %),0,0,0,0,5942170,0.0
02/07/2021,0,0,3.4(0.00 %),0,0,0,0,5942170,0.0
05/07/2021,0,0,3.5(2.94 %),0,0,0,0,5942170,0.0
06/07/2021,0,0,3.3(3.12 %),0,0,0,0,5942170,0.0
07/07/2021,0,0,3.1(-8.82 %),0,0,0,0,5942170,0.0
08/07/2021,0,0,3.2(3.23 %),0,0,0,0,5942170,2.6
09/07/2021,0,0,3.2(0.00 %),0,0,0,0,5942170,0.0
12/07/2021,0,0,2.9(-9.37 %),0,0,0,0,5942170,0.0
13/07/2021,0,0,3.2(10.34 %),0,0,0,0,5942170,0.0
14/07/2021,0,0,3.2(6.67 %),0,0,0,0,5942170,0.0
15/07/2021,0,0,3.1(0.00 %),0,0,0,0,5942170,0.0
16/07/2021,0,0,2.9(-6.45 %),0,0,0,0,5942170,0.0
19/07/2021,0,0,2.9(0.00 %),0,0,0,0,5942170,0.0
20/07/2021,0,0,3.2(10.34 %),0,0,0,0,5942170,0.0
21/07/2021,0,0,3.2(10.34 %),0,0,0,0,5942170,0.0
22/07/2021,0,0,3.1(0.00 %),0,0,0,0,5942170,0.0
23/07/2021,0,0,3.1(0.00 %),0,0,0,0,5942170,0.0
26/07/2021,0,0,3.1(0.00 %),0,0,0,0,5942170,0.0
27/07/2021,0,0,3.1(0.00 %),0,0,0,0,5942170,0.0
28/07/2021,0,0,3.1(0.00 %),0,0,0,0,5942170,0.0
29/07/2021,0,0,3.1(0.00 %),0,0,0,0,5942170,0.0
30/07/2021,0,0,2.8(-9.68 %),0,0,0,0,5942170,0.0
02/08/2021,0,0,2.8(0.00 %),0,0,0,0,5942170,0.0
03/08/2021,0,0,2.8(0.00 %),0,0,0,0,5942170,0.0
04/08/2021,0,0,2.8(0.00 %),0,0,0,0,5942170,0.0
05/08/2021,0,0,2.8(0.00 %),0,0,0,0,5942170,0.0
06/08/2021,0,0,2.7(-3.57 %),0,0,0,0,5942170,0.0
09/08/2021,0,0,2.7(0.00 %),0,0,0,0,5942170,0.0
10/08/2021,0,0,2.7(0.00 %),0,0,0,0,5942170,0.0
11/08/2021,0,0,2.7(0.00 %),0,0,0,0,5942170,0.0
12/08/2021,0,0,2.7(0.00 %),0,0,0,0,5942170,0.0
13/08/2021,0,0,2.5(-7.41 %),0,0,0,0,5942170,2.6
16/08/2021,0,0,2.4(0.00 %),0,0,0,0,5942170,0.0
17/08/2021,0,0,2.4(0.00 %),0,0,0,0,5942170,0.0
18/08/2021,0,0,2.4(0.00 %),0,0,0,0,5942170,0.0
19/08/2021,0,0,2.4(0.00 %),0,0,0,0,5942170,0.0
20/08/2021,0,0,2.2(-8.33 %),0,0,0,0,5942170,0.0
23/08/2021,0,0,2.2(0.00 %),0,0,0,0,5942170,0.0
24/08/2021,0,0,2.2(0.00 %),0,0,0,0,5942170,0.0
25/08/2021,0,0,2.2(0.00 %),0,0,0,0,5942170,0.0
26/08/2021,0,0,2.2(0.00 %),0,0,0,0,5942170,0.0
27/08/2021,0,0,2(-9.09 %),0,0,0,0,5942170,0.0
30/08/2021,0,0,2(0.00 %),0,0,0,0,5942170,0.0
31/08/2021,0,0,2(0.00 %),0,0,0,0,5942170,0.0
01/09/2021,0,0,2(0.00 %),0,0,0,0,5942170,0.0
06/09/2021,0,0,2(0.00 %),0,0,0,0,5942170,0.0
07/09/2021,0,0,2(0.00 %),0,0,0,0,5942170,0.0
08/09/2021,0,0,2(0.00 %),0,0,0,0,5942170,0.0
09/09/2021,0,0,2(0.00 %),0,0,0,0,5942170,0.0
10/09/2021,0,0,2.3(15.00 %),0,0,0,0,5942170,0.0
13/09/2021,0,0,2.2(0.00 %),0,0,0,0,5942170,0.0
14/09/2021,0,0,2.2(0.00 %),0,0,0,0,5942170,0.0
15/09/2021,0,0,2.2(0.00 %),0,0,0,0,5942170,2.6
16/09/2021,0,0,2.2(0.00 %),0,0,0,0,5942170,0.0
17/09/2021,0,0,2.5(13.64 %),0,0,0,0,5942170,0.0
20/09/2021,0,0,2.5(0.00 %),0,0,0,0,5942170,0.0
21/09/2021,0,0,2.5(0.00 %),0,0,0,0,5942170,0.0
22/09/2021,0,0,2.5(0.00 %),0,0,0,0,5942170,0.0
23/09/2021,0,0,2.5(0.00 %),0,0,0,0,5942170,0.0
24/09/2021,0,0,2.8(12.00 %),0,0,0,0,5942170,0.0
27/09/2021,0,0,2.8(0.00 %),0,0,0,0,5942170,0.0
28/09/2021,0,0,2.8(0.00 %),0,0,0,0,5942170,0.0
29/09/2021,0,0,2.8(0.00 %),0,0,0,0,5942170,0.0
30/09/2021,0,0,2.8(0.00 %),0,0,0,0,5942170,0.0
01/10/2021,3000,8700000,2.8(0.00 %),3000,8700000,0,0,5939170,0.02
04/10/2021,0,0,2.8(0.00 %),0,0,0,0,5939170,0.0
05/10/2021,0,0,2.8(0.00 %),0,0,0,0,5939170,0.0
06/10/2021,0,0,2.8(0.00 %),0,0,0,0,5939170,2.63
07/10/2021,0,0,2.8(0.00 %),0,0,0,0,5939170,2.63
08/10/2021,0,0,2.8(0.00 %),0,0,0,0,5939170,0.0
11/10/2021,0,0,2.7(0.00 %),0,0,0,0,5939170,0.0
12/10/2021,0,0,2.7(0.00 %),0,0,0,0,5939170,0.0
13/10/2021,0,0,2.7(0.00 %),0,0,0,0,5939170,0.0
14/10/2021,0,0,2.7(0.00 %),0,0,0,0,5939170,0.0
15/10/2021,0,0,3.1(14.81 %),0,0,0,0,5939170,0.0
18/10/2021,0,0,3(0.00 %),0,0,0,0,5939170,0.0
19/10/2021,0,0,3(0.00 %),0,0,0,0,5939170,0.0
20/10/2021,0,0,3(0.00 %),0,0,0,0,5939170,0.0
21/10/2021,0,0,3(0.00 %),0,0,0,0,5939170,0.0
22/10/2021,0,0,3.3(10.00 %),0,0,0,0,5939170,0.0
25/10/2021,0,0,3.3(0.00 %),0,0,0,0,5939170,0.0
26/10/2021,0,0,3.3(0.00 %),0,0,0,0,5939170,0.0
27/10/2021,0,0,3.3(0.00 %),0,0,0,0,5939170,0.0
28/10/2021,0,0,3.3(0.00 %),0,0,0,0,5939170,0.0
29/10/2021,0,0,3.7(12.12 %),0,0,0,0,5939170,0.0
01/11/2021,0,0,3.6(0.00 %),0,0,0,0,5939170,0.0
02/11/2021,0,0,3.6(0.00 %),0,0,0,0,5939170,0.0
03/11/2021,0,0,3.6(0.00 %),0,0,0,0,5939170,0.0
04/11/2021,0,0,3.6(0.00 %),0,0,0,0,5939170,0.0
05/11/2021,0,0,3.6(0.00 %),0,0,0,0,5939170,0.0
08/11/2021,0,0,3.8(0.00 %),0,0,0,0,5939170,0.0
09/11/2021,0,0,3.8(0.00 %),0,0,0,0,5939170,0.0
10/11/2021,0,0,3.8(0.00 %),0,0,0,0,5939170,0.0
11/11/2021,0,0,3.8(0.00 %),0,0,0,0,5939170,0.0
12/11/2021,0,0,3.5(-7.89 %),0,0,0,0,5939170,0.0
15/11/2021,0,0,3.5(0.00 %),0,0,0,0,5939170,0.0
16/11/2021,0,0,3.5(0.00 %),0,0,0,0,5939170,0.0
17/11/2021,0,0,3.5(0.00 %),0,0,0,0,5939170,0.0
18/11/2021,0,0,3.5(0.00 %),0,0,0,0,5939170,0.0
19/11/2021,0,0,3.9(11.43 %),0,0,0,0,5939170,0.0
22/11/2021,0,0,3.9(0.00 %),0,0,0,0,5939170,0.0
23/11/2021,0,0,3.9(0.00 %),0,0,0,0,5939170,0.0
24/11/2021,0,0,3.9(0.00 %),0,0,0,0,5939170,0.0
25/11/2021,0,0,3.9(0.00 %),0,0,0,0,5939170,0.0
26/11/2021,0,0,3.5(-10.26 %),0,0,0,0,5939170,0.0
29/11/2021,0,0,3.7(0.00 %),0,0,0,0,5939170,0.0
30/11/2021,0,0,3.7(0.00 %),0,0,0,0,5939170,0.0
01/12/2021,0,0,3.7(0.00 %),0,0,0,0,5939170,0.0
02/12/2021,0,0,3.7(0.00 %),0,0,0,0,5939170,0.0
03/12/2021,0,0,3.4(-8.11 %),0,0,0,0,5939170,0.0
06/12/2021,0,0,3.5(0.00 %),0,0,0,0,5939170,0.0
07/12/2021,0,0,3.5(0.00 %),0,0,0,0,5939170,0.0
08/12/2021,0,0,3.5(0.00 %),0,0,0,0,5939170,0.0
09/12/2021,0,0,3.5(0.00 %),0,0,0,0,5939170,0.0
10/12/2021,0,0,3.6(2.86 %),0,0,0,0,5939170,0.0
13/12/2021,0,0,3.5(0.00 %),0,0,0,0,5939170,0.0
14/12/2021,0,0,3.5(0.00 %),0,0,0,0,5939170,0.0
15/12/2021,0,0,3.5(0.00 %),0,0,0,0,5939170,0.0
16/12/2021,0,0,3.5(0.00 %),0,0,0,0,5939170,0.0
17/12/2021,0,0,3.4(-2.86 %),0,0,0,0,5939170,0.0
20/12/2021,0,0,3.4(0.00 %),0,0,0,0,5939170,0.0
21/12/2021,0,0,3.4(0.00 %),0,0,0,0,5939170,0.0
22/12/2021,0,0,3.4(0.00 %),0,0,0,0,5939170,0.0
23/12/2021,0,0,3.4(0.00 %),0,0,0,0,5939170,2.63
24/12/2021,0,0,3.2(-5.88 %),0,0,0,0,5939170,2.63
27/12/2021,0,0,3.2(0.00 %),0,0,0,0,5939170,2.63
28/12/2021,0,0,3.2(0.00 %),0,0,0,0,5939170,0.0
29/12/2021,0,0,3.2(0.00 %),0,0,0,0,5939170,2.63
30/12/2021,0,0,3.2(0.00 %),0,0,0,0,5939170,2.63
31/12/2021,0,0,3.3(3.12 %),0,0,0,0,5939170,2.63
04/01/2022,0,0,3.3(0.00 %),0,0,0,0,5939170,2.63
05/01/2022,0,0,3.3(0.00 %),0,0,0,0,5939170,2.63
06/01/2022,0,0,3.3(0.00 %),0,0,0,0,5939170,2.63
07/01/2022,0,0,3.7(12.12 %),0,0,0,0,5939170,2.63
10/01/2022,0,0,3.7(0.00 %),0,0,0,0,5939170,2.63
11/01/2022,0,0,3.7(0.00 %),0,0,0,0,5939170,2.63
12/01/2022,0,0,3.7(0.00 %),0,0,0,0,5939170,2.63
13/01/2022,0,0,3.7(0.00 %),0,0,0,0,5939170,2.63
14/01/2022,0,0,3.4(-8.11 %),0,0,0,0,5939170,2.63
17/01/2022,0,0,0(0.00 %),0,0,0,0,5939170,2.63
18/01/2022,0,0,3.6(0.00 %),0,0,0,0,5939170,2.63
19/01/2022,0,0,3.6(0.00 %),0,0,0,0,5939170,2.63
20/01/2022,0,0,3.6(0.00 %),0,0,0,0,5939170,2.63
21/01/2022,0,0,3.5(-2.78 %),0,0,0,0,5939170,2.63
24/01/2022,0,0,3.5(0.00 %),0,0,0,0,5939170,2.63
25/01/2022,0,0,3.5(0.00 %),0,0,0,0,5939170,2.63
26/01/2022,0,0,3.5(0.00 %),0,0,0,0,5939170,2.63
27/01/2022,0,0,3.5(0.00 %),0,0,0,0,5939170,2.63
28/01/2022,0,0,3.1(-11.43 %),0,0,0,0,5939170,2.63
07/02/2022,0,0,3(0.00 %),0,0,0,0,5939170,2.63
08/02/2022,0,0,3(0.00 %),0,0,0,0,5939170,2.63
09/02/2022,0,0,3(0.00 %),0,0,0,0,5939170,2.63
10/02/2022,0,0,3(0.00 %),0,0,0,0,5939170,2.63
11/02/2022,0,0,3(0.00 %),0,0,0,0,5939170,2.63
14/02/2022,0,0,2.9(0.00 %),0,0,0,0,5939170,2.63
15/02/2022,0,0,2.9(0.00 %),0,0,0,0,5939170,2.63
16/02/2022,0,0,2.9(0.00 %),0,0,0,0,5939170,2.63
17/02/2022,0,0,2.9(0.00 %),0,0,0,0,5939170,2.63
18/02/2022,0,0,3.2(10.34 %),0,0,0,0,5939170,2.63
21/02/2022,0,0,3.1(0.00 %),0,0,0,0,5939170,2.63
22/02/2022,0,0,3.1(0.00 %),0,0,0,0,5939170,2.63
23/02/2022,0,0,3.1(0.00 %),0,0,0,0,5939170,2.63
24/02/2022,0,0,3.1(0.00 %),0,0,0,0,5939170,2.63
25/02/2022,0,0,3.2(3.23 %),0,0,0,0,5939170,2.63
28/02/2022,0,0,3.1(0.00 %),0,0,0,0,5939170,2.63
01/03/2022,0,0,3.1(0.00 %),0,0,0,0,5939170,2.63
02/03/2022,0,0,3.1(0.00 %),0,0,0,0,5939170,2.63
03/03/2022,0,0,3.1(0.00 %),0,0,0,0,5939170,2.63
04/03/2022,0,0,2.9(-6.45 %),0,0,0,0,5939170,2.63
07/03/2022,0,0,2.9(0.00 %),0,0,0,0,5939170,2.63
08/03/2022,0,0,2.9(0.00 %),0,0,0,0,5939170,2.63
09/03/2022,0,0,2.9(0.00 %),0,0,0,0,5939170,2.63
10/03/2022,0,0,2.9(0.00 %),0,0,0,0,5939170,2.63
11/03/2022,0,0,3.1(6.90 %),0,0,0,0,5939170,2.63
14/03/2022,0,0,3.1(0.00 %),0,0,0,0,5939170,2.63
15/03/2022,0,0,3.1(0.00 %),0,0,0,0,5939170,2.63
16/03/2022,0,0,3.1(0.00 %),0,0,0,0,5939170,2.63
17/03/2022,0,0,3.1(0.00 %),0,0,0,0,5939170,2.63
18/03/2022,0,0,3(-3.23 %),0,0,0,0,5939170,2.63
21/03/2022,0,0,2.9(0.00 %),0,0,0,0,5939170,2.63
22/03/2022,0,0,2.9(0.00 %),0,0,0,0,5939170,2.63
23/03/2022,0,0,2.9(0.00 %),0,0,0,0,5939170,2.63
24/03/2022,0,0,2.9(0.00 %),0,0,0,0,5939170,2.63
25/03/2022,1000,3200000,3.2(10.34 %),1000,3200000,0,0,5938170,2.63
28/03/2022,0,0,3.2(0.00 %),0,0,0,0,5938170,2.63
29/03/2022,0,0,3.2(0.00 %),0,0,0,0,5938170,2.63
30/03/2022,0,0,3.2(0.00 %),0,0,0,0,5938170,2.63
31/03/2022,0,0,3.2(0.00 %),0,0,0,0,5938170,2.63
01/04/2022,0,0,3(-6.25 %),0,0,0,0,5938170,2.63
04/04/2022,0,0,3(0.00 %),0,0,0,0,5938170,2.63
05/04/2022,0,0,3(0.00 %),0,0,0,0,5938170,2.63
06/04/2022,0,0,3(0.00 %),0,0,0,0,5938170,2.63
07/04/2022,0,0,3(0.00 %),0,0,0,0,5938170,2.63
08/04/2022,0,0,3(0.00 %),0,0,0,0,5938170,2.63
12/04/2022,0,0,3(0.00 %),0,0,0,0,5938170,0.0
13/04/2022,0,0,3(0.00 %),0,0,0,0,5938170,2.63
14/04/2022,0,0,3(0.00 %),0,0,0,0,5938170,2.63
15/04/2022,0,0,0(0.00 %),0,0,0,0,5938170,2.63
18/04/2022,0,0,0(0.00 %),0,0,0,0,5938170,2.63
19/04/2022,0,0,3(0.00 %),0,0,0,0,5938170,2.63
20/04/2022,0,0,3(0.00 %),0,0,0,0,5938170,2.63
21/04/2022,0,0,3(0.00 %),0,0,0,0,5938170,2.63
22/04/2022,-6000,-15600000,2.6(-13.33 %),0,0,6000,15600000,5938170,2.63
25/04/2022,0,0,2.6(0.00 %),0,0,0,0,5938170,2.63
26/04/2022,0,0,2.6(0.00 %),0,0,0,0,5944170,2.59
27/04/2022,0,0,2.6(0.00 %),0,0,0,0,5944170,2.59
28/04/2022,0,0,2.6(0.00 %),0,0,0,0,5944170,2.59
29/04/2022,0,0,2.9(11.54 %),0,0,0,0,5944170,2.59
04/05/2022,0,0,2.9(0.00 %),0,0,0,0,5944170,2.59
05/05/2022,0,0,2.9(0.00 %),0,0,0,0,5944170,2.59
06/05/2022,0,0,2.8(-3.45 %),0,0,0,0,5944170,2.59
09/05/2022,0,0,2.6(0.00 %),0,0,0,0,5944170,2.59
10/05/2022,0,0,2.6(0.00 %),0,0,0,0,5944170,2.59
11/05/2022,0,0,2.6(0.00 %),0,0,0,0,5944170,2.59
12/05/2022,0,0,2.6(0.00 %),0,0,0,0,5944170,2.59
13/05/2022,0,0,2.6(0.00 %),0,0,0,0,5944170,2.59
16/05/2022,0,0,2.3(0.00 %),0,0,0,0,5944170,2.59
17/05/2022,0,0,2.3(0.00 %),0,0,0,0,5944170,2.59
18/05/2022,0,0,2.3(0.00 %),0,0,0,0,5944170,2.59
19/05/2022,0,0,2.3(0.00 %),0,0,0,0,5944170,2.59
20/05/2022,0,0,2.6(13.04 %),0,0,0,0,5944170,2.59
23/05/2022,0,0,2.5(0.00 %),0,0,0,0,5944170,2.59
24/05/2022,0,0,2.5(0.00 %),0,0,0,0,5944170,2.59
25/05/2022,0,0,2.5(0.00 %),0,0,0,0,5944170,2.59
26/05/2022,0,0,2.5(0.00 %),0,0,0,0,5944170,2.59
27/05/2022,8000,22400000,2.7(8.00 %),8000,22400000,0,0,5936170,2.65
30/05/2022,0,0,2.7(0.00 %),0,0,0,0,5936170,2.65
31/05/2022,0,0,2.7(0.00 %),0,0,0,0,5936170,2.65
01/06/2022,0,0,2.7(0.00 %),0,0,0,0,5936170,2.65
02/06/2022,0,0,2.7(0.00 %),0,0,0,0,5936170,2.65
03/06/2022,0,0,2.7(0.00 %),0,0,0,0,5936170,2.65
06/06/2022,0,0,2.6(0.00 %),0,0,0,0,5936170,2.65
07/06/2022,0,0,2.6(0.00 %),0,0,0,0,5936170,2.65
08/06/2022,0,0,2.6(0.00 %),0,0,0,0,5936170,2.65
09/06/2022,0,0,2.6(0.00 %),0,0,0,0,5936170,2.65
10/06/2022,0,0,2.9(11.54 %),0,0,0,0,5936170,2.65
13/06/2022,0,0,2.8(0.00 %),0,0,0,0,5936170,2.65
14/06/2022,0,0,2.8(0.00 %),0,0,0,0,5936170,2.65
15/06/2022,0,0,2.8(0.00 %),0,0,0,0,5936170,2.65
16/06/2022,0,0,2.8(0.00 %),0,0,0,0,5936170,2.65
17/06/2022,0,0,2.6(-7.14 %),0,0,0,0,5936170,2.65
20/06/2022,0,0,2.6(0.00 %),0,0,0,0,5936170,2.65
21/06/2022,0,0,2.6(0.00 %),0,0,0,0,5936170,2.65
22/06/2022,0,0,2.6(0.00 %),0,0,0,0,5936170,2.65
23/06/2022,0,0,2.6(0.00 %),0,0,0,0,5936170,2.65
24/06/2022,0,0,2.6(0.00 %),0,0,0,0,5936170,2.65
27/06/2022,0,0,2.6(0.00 %),0,0,0,0,5936170,2.65
28/06/2022,0,0,2.6(0.00 %),0,0,0,0,5936170,2.65
29/06/2022,0,0,2.6(0.00 %),0,0,0,0,5936170,2.65
30/06/2022,0,0,2.6(0.00 %),0,0,0,0,5936170,2.65
01/07/2022,0,0,2.7(3.85 %),0,0,0,0,5936170,2.65
04/07/2022,0,0,3.2(14.29 %),0,0,0,0,5936170,2.65
05/07/2022,0,0,3.6(12.50 %),0,0,0,0,5936170,2.65
06/07/2022,0,0,3.7(2.78 %),0,0,0,0,5936170,2.65
07/07/2022,0,0,3.4(-12.82 %),0,0,0,0,5936170,2.65
08/07/2022,0,0,2.9(-14.71 %),0,0,0,0,5936170,2.65
11/07/2022,0,0,3(-3.23 %),0,0,0,0,5936170,2.65
12/07/2022,-100,-310000,3.1(6.90 %),0,0,100,310000,5936170,2.65
13/07/2022,0,0,3.4(13.33 %),0,0,0,0,5936170,2.65
14/07/2022,0,0,3.5(2.94 %),0,0,0,0,5936270,2.65
15/07/2022,0,0,3.5(0.00 %),0,0,0,0,5936270,2.65
18/07/2022,0,0,3.3(-5.71 %),0,0,0,0,5936270,2.65
19/07/2022,0,0,3.2(-3.03 %),0,0,0,0,5936270,2.65
20/07/2022,0,0,3.1(3.33 %),0,0,0,0,5936270,2.65
21/07/2022,0,0,3.1(0.00 %),0,0,0,0,5936270,2.65
22/07/2022,0,0,3(0.00 %),0,0,0,0,5936270,2.65
25/07/2022,0,0,3.1(3.33 %),0,0,0,0,5936270,2.65
26/07/2022,0,0,3(3.45 %),0,0,0,0,5936270,2.65
27/07/2022,0,0,3(-3.23 %),0,0,0,0,5936270,2.65
28/07/2022,0,0,3.1(0.00 %),0,0,0,0,5936270,2.65
29/07/2022,0,0,3.1(3.33 %),0,0,0,0,5936270,2.65
01/08/2022,0,0,3(0.00 %),0,0,0,0,5936270,2.65
02/08/2022,0,0,3(0.00 %),0,0,0,0,5936270,2.65
03/08/2022,0,0,3(0.00 %),0,0,0,0,5936270,2.65
04/08/2022,0,0,3.1(3.33 %),0,0,0,0,5936270,2.65
05/08/2022,0,0,3.1(0.00 %),0,0,0,0,5936270,2.65
08/08/2022,0,0,3.2(3.23 %),0,0,0,0,5936270,2.65
09/08/2022,0,0,3.4(9.68 %),0,0,0,0,5936270,2.65
10/08/2022,0,0,3.3(0.00 %),0,0,0,0,5936270,2.65
11/08/2022,0,0,3.3(0.00 %),0,0,0,0,5936270,2.65
12/08/2022,0,0,3.3(0.00 %),0,0,0,0,5936270,2.65
15/08/2022,0,0,3.2(0.00 %),0,0,0,0,5936270,2.65
16/08/2022,0,0,3.2(0.00 %),0,0,0,0,5936270,2.65
17/08/2022,0,0,3.3(6.45 %),0,0,0,0,5936270,2.65
18/08/2022,0,0,3.1(-3.12 %),0,0,0,0,5936270,2.65
19/08/2022,0,0,3.1(-3.12 %),0,0,0,0,5936270,2.65
22/08/2022,0,0,3(-3.23 %),0,0,0,0,5936270,2.65
23/08/2022,0,0,3.1(3.33 %),0,0,0,0,5936270,2.65
24/08/2022,0,0,3(0.00 %),0,0,0,0,5936270,2.65
25/08/2022,0,0,3.1(0.00 %),0,0,0,0,5936270,2.65
26/08/2022,0,0,3.1(0.00 %),0,0,0,0,5936270,2.65
29/08/2022,0,0,3(-3.23 %),0,0,0,0,5936270,2.65
30/08/2022,0,0,3.3(10.00 %),0,0,0,0,5936270,2.65
31/08/2022,0,0,3.3(3.12 %),0,0,0,0,5936270,2.65
05/09/2022,0,0,3.3(3.12 %),0,0,0,0,5936270,2.65
06/09/2022,0,0,3.3(-2.94 %),0,0,0,0,5936270,2.65
07/09/2022,0,0,3.1(-3.12 %),0,0,0,0,5936270,2.65
08/09/2022,0,0,3(-3.23 %),0,0,0,0,5936270,2.65
09/09/2022,0,0,2.9(-3.33 %),0,0,0,0,5936270,2.65
12/09/2022,0,0,3(3.45 %),0,0,0,0,5936270,2.65
13/09/2022,0,0,2.9(-3.33 %),0,0,0,0,5936270,2.65
14/09/2022,0,0,2.9(0.00 %),0,0,0,0,5936270,2.65
15/09/2022,0,0,2.9(0.00 %),0,0,0,0,0,2.65
16/09/2022,0,0,2.8(-3.45 %),0,0,0,0,5936270,2.65
19/09/2022,0,0,2.6(-7.14 %),0,0,0,0,5936270,0.0
20/09/2022,0,0,2.9(11.54 %),0,0,0,0,5936270,2.65
21/09/2022,0,0,3.2(14.29 %),0,0,0,0,5936270,2.65
22/09/2022,0,0,3.3(3.12 %),0,0,0,0,5936270,2.65
23/09/2022,0,0,3(-11.76 %),0,0,0,0,5936270,0.0
26/09/2022,-1000,-2750000,2.9(-3.33 %),0,0,1000,2750000,5936270,2.65
27/09/2022,0,0,2.7(0.00 %),0,0,0,0,5936270,2.65
28/09/2022,-1400,-3780000,2.9(7.41 %),0,0,1400,3780000,5937270,2.64
29/09/2022,0,0,2.6(-7.14 %),0,0,0,0,5937270,2.64
30/09/2022,0,0,2.7(0.00 %),0,0,0,0,5938670,2.63
03/10/2022,0,0,2.5(-7.41 %),0,0,0,0,5938670,2.63
04/10/2022,0,0,2.6(4.00 %),0,0,0,0,5938670,2.63
05/10/2022,0,0,2.5(-3.85 %),0,0,0,0,5938670,2.63
06/10/2022,0,0,2.6(0.00 %),0,0,0,0,5938670,2.63
07/10/2022,0,0,2.6(-3.70 %),0,0,0,0,5938670,2.63
10/10/2022,0,0,2.5(0.00 %),0,0,0,0,5938670,2.63
11/10/2022,0,0,2.2(-8.33 %),0,0,0,0,5938670,2.63
12/10/2022,0,0,2.4(9.09 %),0,0,0,0,5938670,2.63
13/10/2022,0,0,2.3(4.55 %),0,0,0,0,5938670,2.63
14/10/2022,0,0,2.3(4.55 %),0,0,0,0,5938670,2.63
17/10/2022,0,0,2.4(4.35 %),0,0,0,0,5938670,2.63
18/10/2022,0,0,2.2(-4.35 %),0,0,0,0,5938670,2.63
19/10/2022,0,0,2.3(4.55 %),0,0,0,0,5938670,2.63
20/10/2022,0,0,2.1(-8.70 %),0,0,0,0,5938670,2.63
21/10/2022,0,0,2.1(0.00 %),0,0,0,0,5938670,2.63
24/10/2022,0,0,1.9(-9.52 %),0,0,0,0,5938670,2.63
25/10/2022,0,0,2(0.00 %),0,0,0,0,5938670,2.63
26/10/2022,0,0,1.9(-5.00 %),0,0,0,0,5938670,2.63
27/10/2022,0,0,2(0.00 %),0,0,0,0,5938670,2.63
28/10/2022,0,0,1.9(0.00 %),0,0,0,0,5938670,2.63
31/10/2022,0,0,1.9(-9.52 %),0,0,0,0,5938670,2.63
01/11/2022,0,0,2(5.26 %),0,0,0,0,5938670,2.63
02/11/2022,0,0,2.1(10.53 %),0,0,0,0,5938670,2.63
03/11/2022,0,0,2(-4.76 %),0,0,0,0,5938670,2.63
04/11/2022,0,0,1.8(-10.00 %),0,0,0,0,5938670,2.63
07/11/2022,0,0,1.6(-11.11 %),0,0,0,0,5938670,2.63
08/11/2022,0,0,1.6(-11.11 %),0,0,0,0,5938670,2.63
09/11/2022,0,0,1.8(12.50 %),0,0,0,0,5938670,2.63
10/11/2022,0,0,1.6(-11.11 %),0,0,0,0,5938670,2.63
11/11/2022,0,0,1.4(-12.50 %),0,0,0,0,5938670,2.63
14/11/2022,0,0,1.4(0.00 %),0,0,0,0,5938670,2.63
15/11/2022,0,0,1.4(-6.67 %),0,0,0,0,5938670,2.63
16/11/2022,0,0,1.4(7.69 %),0,0,0,0,5938670,2.63
17/11/2022,0,0,1.6(14.29 %),0,0,0,0,5938670,2.63
18/11/2022,10000,16000000,1.5(0.00 %),10000,16000000,0,0,5928670,2.71
21/11/2022,0,0,1.6(0.00 %),0,0,0,0,5928670,2.71
22/11/2022,0,0,1.7(6.25 %),0,0,0,0,5928670,2.71
23/11/2022,0,0,1.7(0.00 %),0,0,0,0,5928670,2.71
24/11/2022,0,0,1.6(-11.11 %),0,0,0,0,5928670,2.71
25/11/2022,0,0,1.6(-5.88 %),0,0,0,0,5928670,2.71
28/11/2022,0,0,1.9(11.76 %),0,0,0,0,5928670,0.0
29/11/2022,0,0,1.9(5.56 %),0,0,0,0,5928670,0.0
30/11/2022,0,0,2(5.26 %),0,0,0,0,5928670,0.0
01/12/2022,0,0,1.9(5.56 %),0,0,0,0,5928670,0.0
02/12/2022,0,0,2(5.26 %),0,0,0,0,5928670,0.0
05/12/2022,0,0,2.2(10.00 %),0,0,0,0,5928670,0.0
06/12/2022,0,0,2.1(0.00 %),0,0,0,0,5928670,0.0
07/12/2022,0,0,1.8(-10.00 %),0,0,0,0,5928670,0.0
08/12/2022,0,0,2(5.26 %),0,0,0,0,5928670,2.71
09/12/2022,0,0,1.9(-5.00 %),0,0,0,0,5928670,2.71
12/12/2022,0,0,2(5.26 %),0,0,0,0,5928670,0.0
13/12/2022,0,0,1.9(-5.00 %),0,0,0,0,5928670,0.0
14/12/2022,0,0,1.9(0.00 %),0,0,0,0,5928670,0.0
15/12/2022,0,0,1.9(0.00 %),0,0,0,0,5928670,0.0
16/12/2022,0,0,1.8(-5.26 %),0,0,0,0,5928670,0.0
19/12/2022,0,0,1.8(0.00 %),0,0,0,0,5928670,0.0
20/12/2022,0,0,1.6(-11.11 %),0,0,0,0,5928670,0.0
21/12/2022,0,0,1.6(0.00 %),0,0,0,0,5928670,0.0
22/12/2022,0,0,1.6(-5.88 %),0,0,0,0,5928670,0.0
23/12/2022,0,0,1.5(-6.25 %),0,0,0,0,5928670,0.0
26/12/2022,0,0,1.6(0.00 %),0,0,0,0,5928670,0.0
27/12/2022,0,0,1.6(6.67 %),0,0,0,0,5928670,0.0
28/12/2022,0,0,1.7(6.25 %),0,0,0,0,5928670,2.71
29/12/2022,0,0,1.6(0.00 %),0,0,0,0,5928670,2.71
30/12/2022,0,0,1.5(-6.25 %),0,0,0,0,5928670,2.71
03/01/2023,0,0,1.7(13.33 %),0,0,0,0,5928670,0.0
04/01/2023,0,0,1.8(12.50 %),0,0,0,0,5928670,2.71
05/01/2023,0,0,1.8(5.88 %),0,0,0,0,5928670,2.71
06/01/2023,0,0,1.6(-11.11 %),0,0,0,0,5928670,2.71
09/01/2023,0,0,1.9(11.76 %),0,0,0,0,5928670,2.71
10/01/2023,0,0,2.1(10.53 %),0,0,0,0,5928670,2.71
11/01/2023,0,0,2(-4.76 %),0,0,0,0,5928670,2.71
12/01/2023,0,0,1.8(-10.00 %),0,0,0,0,5928670,2.71
13/01/2023,0,0,1.8(-5.26 %),0,0,0,0,5928670,2.71
16/01/2023,0,0,1.8(-5.26 %),0,0,0,0,5928670,2.71
17/01/2023,0,0,1.8(0.00 %),0,0,0,0,5928670,2.71
18/01/2023,0,0,1.9(5.56 %),0,0,0,0,5928670,2.71
19/01/2023,0,0,1.8(0.00 %),0,0,0,0,5928670,2.71
27/01/2023,0,0,1.8(-5.26 %),0,0,0,0,5928670,2.71
30/01/2023,0,0,1.9(5.56 %),0,0,0,0,5928670,2.71
31/01/2023,0,0,1.9(5.56 %),0,0,0,0,5928670,2.71
01/02/2023,0,0,1.8(-5.26 %),0,0,0,0,5928670,2.71
02/02/2023,0,0,1.9(5.56 %),0,0,0,0,5928670,2.71
03/02/2023,0,0,1.9(0.00 %),0,0,0,0,5928670,2.71
06/02/2023,0,0,1.9(0.00 %),0,0,0,0,5928670,2.71
07/02/2023,0,0,1.7(-10.53 %),0,0,0,0,5928670,2.71
08/02/2023,0,0,1.7(0.00 %),0,0,0,0,5928670,2.71
09/02/2023,0,0,1.7(0.00 %),0,0,0,0,5928670,2.71
10/02/2023,0,0,1.6(-11.11 %),0,0,0,0,5928670,2.71
13/02/2023,0,0,1.5(-11.76 %),0,0,0,0,5928670,2.71
14/02/2023,0,0,1.4(-6.67 %),0,0,0,0,5928670,2.71
15/02/2023,0,0,1.4(7.69 %),0,0,0,0,5928670,2.71
16/02/2023,0,0,1.6(14.29 %),0,0,0,0,5928670,2.71
17/02/2023,0,0,1.6(0.00 %),0,0,0,0,5928670,2.71
20/02/2023,0,0,2(11.11 %),0,0,0,0,5928670,2.71
21/02/2023,0,0,2(0.00 %),0,0,0,0,5928670,2.71
22/02/2023,0,0,1.8(-10.00 %),0,0,0,0,5928670,2.71
23/02/2023,0,0,1.8(0.00 %),0,0,0,0,5928670,2.71
24/02/2023,0,0,1.8(0.00 %),0,0,0,0,5928670,0.0
27/02/2023,0,0,1.8(0.00 %),0,0,0,0,5928670,2.71
28/02/2023,0,0,1.6(-5.88 %),0,0,0,0,5928670,2.71
01/03/2023,0,0,1.6(-5.88 %),0,0,0,0,5928670,2.71
02/03/2023,0,0,1.8(12.50 %),0,0,0,0,5928670,2.71
03/03/2023,0,0,1.8(5.88 %),0,0,0,0,5928670,2.71
06/03/2023,0,0,1.8(-5.26 %),0,0,0,0,5928670,2.71
07/03/2023,0,0,1.7(-5.56 %),0,0,0,0,5928670,2.71
08/03/2023,0,0,1.8(5.88 %),0,0,0,0,5928670,2.71
09/03/2023,0,0,1.8(5.88 %),0,0,0,0,5928670,2.71
10/03/2023,0,0,1.7(-5.56 %),0,0,0,0,5928670,2.71
13/03/2023,0,0,1.8(5.88 %),0,0,0,0,5928670,0.0
14/03/2023,0,0,1.7(0.00 %),0,0,0,0,5928670,2.71
15/03/2023,0,0,1.8(5.88 %),0,0,0,0,5928670,2.71
16/03/2023,0,0,1.6(-5.88 %),0,0,0,0,5928670,2.71
17/03/2023,0,0,1.6(0.00 %),0,0,0,0,5928670,2.71
20/03/2023,0,0,1.6(0.00 %),0,0,0,0,5928670,2.71
21/03/2023,0,0,1.7(6.25 %),0,0,0,0,5928670,2.71
22/03/2023,0,0,1.6(0.00 %),0,0,0,0,5928670,2.71
23/03/2023,0,0,1.5(-6.25 %),0,0,0,0,5928670,2.71
24/03/2023,0,0,1.7(13.33 %),0,0,0,0,5928670,2.71
27/03/2023,0,0,1.7(6.25 %),0,0,0,0,5928670,2.71
28/03/2023,0,0,1.7(0.00 %),0,0,0,0,5928670,0.0
29/03/2023,0,0,1.5(0.00 %),0,0,0,0,5928670,2.71
30/03/2023,0,0,1.7(13.33 %),0,0,0,0,5928670,2.71
31/03/2023,0,0,1.8(5.88 %),0,0,0,0,5928670,2.71
03/04/2023,0,0,1.8(0.00 %),0,0,0,0,5928670,2.71
04/04/2023,0,0,1.7(0.00 %),0,0,0,0,5928670,2.71
05/04/2023,0,0,1.8(12.50 %),0,0,0,0,5928670,2.71
06/04/2023,0,0,1.8(0.00 %),0,0,0,0,5928670,2.71
07/04/2023,0,0,1.8(0.00 %),0,0,0,0,5928670,2.71
10/04/2023,0,0,1.6(-5.88 %),0,0,0,0,5928670,2.71
11/04/2023,0,0,1.7(-5.56 %),0,0,0,0,5928670,2.71
12/04/2023,0,0,1.8(5.88 %),0,0,0,0,5928670,0.0
13/04/2023,0,0,1.6(-5.88 %),0,0,0,0,5928670,2.71
14/04/2023,0,0,1.7(0.00 %),0,0,0,0,5928670,2.71
17/04/2023,0,0,1.6(-5.88 %),0,0,0,0,5928670,2.71
18/04/2023,0,0,1.7(6.25 %),0,0,0,0,5928670,2.71
19/04/2023,0,0,1.7(0.00 %),0,0,0,0,5928670,2.71
20/04/2023,0,0,1.7(0.00 %),0,0,0,0,5928670,0.0
21/04/2023,0,0,1.7(0.00 %),0,0,0,0,5928670,2.71
24/04/2023,0,0,1.7(0.00 %),0,0,0,0,5928670,2.71
25/04/2023,0,0,1.7(0.00 %),0,0,0,0,5928670,2.71
26/04/2023,0,0,1.7(0.00 %),0,0,0,0,5928670,2.71
27/04/2023,0,0,1.7(0.00 %),0,0,0,0,5928670,0.0
28/04/2023,0,0,1.6(-5.88 %),0,0,0,0,5928670,0.0
04/05/2023,0,0,1.7(0.00 %),0,0,0,0,5928670,0.0
05/05/2023,0,0,1.6(0.00 %),0,0,0,0,5928670,2.71
08/05/2023,0,0,1.6(0.00 %),0,0,0,0,5928670,2.71
09/05/2023,0,0,1.6(0.00 %),0,0,0,0,5928670,2.71
10/05/2023,0,0,1.7(6.25 %),0,0,0,0,5928670,0.0
11/05/2023,0,0,1.8(5.88 %),0,0,0,0,5928670,0.0
12/05/2023,0,0,1.7(0.00 %),0,0,0,0,5928670,2.71
15/05/2023,0,0,1.8(5.88 %),0,0,0,0,5928670,0.0
16/05/2023,0,0,1.9(11.76 %),0,0,0,0,5928670,0.0
17/05/2023,0,0,2(5.26 %),0,0,0,0,5928670,0.0
18/05/2023,0,0,2(-4.76 %),0,0,0,0,5928670,0.0
19/05/2023,0,0,1.8(-5.26 %),0,0,0,0,5928670,0.0
22/05/2023,0,0,1.8(0.00 %),0,0,0,0,5928670,0.0
23/05/2023,0,0,1.9(5.56 %),0,0,0,0,5928670,0.0
24/05/2023,0,0,1.9(5.56 %),0,0,0,0,5928670,0.0
25/05/2023,0,0,1.8(-5.26 %),0,0,0,0,5928670,0.0
26/05/2023,0,0,1.8(0.00 %),0,0,0,0,5928670,0.0
29/05/2023,0,0,2(11.11 %),0,0,0,0,5928670,0.0
30/05/2023,0,0,2.2(10.00 %),0,0,0,0,5928670,0.0
31/05/2023,0,0,2.3(4.55 %),0,0,0,0,5928670,0.0
01/06/2023,0,0,2.3(0.00 %),0,0,0,0,5928670,0.0
02/06/2023,0,0,2.3(0.00 %),0,0,0,0,5928670,0.0
05/06/2023,0,0,2.1(-8.70 %),0,0,0,0,5928670,0.0
06/06/2023,0,0,2.4(14.29 %),0,0,0,0,5928670,0.0
07/06/2023,0,0,2.5(4.17 %),0,0,0,0,5928670,0.0
08/06/2023,0,0,2.7(8.00 %),0,0,0,0,5928670,0.0
09/06/2023,0,0,2.5(-3.85 %),0,0,0,0,5928670,0.0
12/06/2023,0,0,2.6(4.00 %),0,0,0,0,5928670,0.0
13/06/2023,0,0,2.7(12.50 %),0,0,0,0,5928670,0.0
14/06/2023,0,0,3.1(14.81 %),0,0,0,0,5928670,0.0
15/06/2023,0,0,2.9(-6.45 %),0,0,0,0,5928670,0.0
16/06/2023,0,0,2.6(-7.14 %),0,0,0,0,5928670,2.71
19/06/2023,0,0,2.6(0.00 %),0,0,0,0,5928670,2.71
20/06/2023,0,0,2.8(7.69 %),0,0,0,0,5928670,2.71
21/06/2023,0,0,2.7(3.85 %),0,0,0,0,5928670,2.71
22/06/2023,0,0,2.7(0.00 %),0,0,0,0,5928670,0.0
23/06/2023,0,0,2.7(0.00 %),0,0,0,0,5928670,2.71
26/06/2023,0,0,2.7(0.00 %),0,0,0,0,5928670,2.71
27/06/2023,0,0,2.7(3.85 %),0,0,0,0,5928670,2.71
28/06/2023,0,0,2.6(-3.70 %),0,0,0,0,5928670,2.71
29/06/2023,0,0,2.6(-3.70 %),0,0,0,0,5928670,2.71
30/06/2023,0,0,2.6(0.00 %),0,0,0,0,5928670,2.71
03/07/2023,0,0,2.9(11.54 %),0,0,0,0,5928670,2.71
04/07/2023,0,0,3.2(14.29 %),0,0,0,0,5928670,2.71
05/07/2023,0,0,3.5(12.90 %),0,0,0,0,5928670,2.71
06/07/2023,0,0,3.3(-5.71 %),0,0,0,0,5928670,2.71
07/07/2023,0,0,3.1(-11.43 %),0,0,0,0,5928670,2.71
10/07/2023,0,0,3.2(3.23 %),0,0,0,0,5928670,2.71
11/07/2023,0,0,3.1(0.00 %),0,0,0,0,5928670,2.71
12/07/2023,0,0,3.1(3.33 %),0,0,0,0,5928670,2.71
13/07/2023,0,0,2.9(-3.33 %),0,0,0,0,5928670,2.71
14/07/2023,0,0,2.9(0.00 %),0,0,0,0,5928670,2.71
17/07/2023,0,0,2.9(0.00 %),0,0,0,0,5928670,2.71
18/07/2023,0,0,2.8(-3.45 %),0,0,0,0,5928670,2.71
19/07/2023,0,0,2.9(3.57 %),0,0,0,0,5928670,2.71
20/07/2023,0,0,3(3.45 %),0,0,0,0,5928670,2.71
21/07/2023,0,0,3(3.45 %),0,0,0,0,5928670,2.71
24/07/2023,0,0,3(3.45 %),0,0,0,0,5928670,2.71
25/07/2023,0,0,2.9(0.00 %),0,0,0,0,5928670,2.71
26/07/2023,0,0,2.9(0.00 %),0,0,0,0,5928670,0.0
27/07/2023,0,0,2.9(0.00 %),0,0,0,0,5928670,0.0
28/07/2023,0,0,2.8(0.00 %),0,0,0,0,5928670,0.0
31/07/2023,0,0,2.8(0.00 %),0,0,0,0,5928670,2.71
01/08/2023,0,0,0(0.00 %),0,0,0,0,5928670,2.71
02/08/2023,0,0,0(0.00 %),0,0,0,0,5928670,2.71
03/08/2023,0,0,2.8(0.00 %),0,0,0,0,5928670,2.71
04/08/2023,0,0,2.9(3.57 %),0,0,0,0,5928670,2.71
07/08/2023,0,0,2.9(0.00 %),0,0,0,0,5928670,0.0
08/08/2023,0,0,3.2(10.34 %),0,0,0,0,5928670,0.0
09/08/2023,0,0,3.2(3.23 %),0,0,0,0,5928670,0.0
10/08/2023,0,0,3(-6.25 %),0,0,0,0,5928670,0.0
11/08/2023,0,0,3(-3.23 %),0,0,0,0,5928670,0.0
14/08/2023,0,0,3(0.00 %),0,0,0,0,5928670,2.71
15/08/2023,0,0,2.9(0.00 %),0,0,0,0,5928670,2.71
16/08/2023,0,0,2.9(0.00 %),0,0,0,0,5928670,2.71
17/08/2023,0,0,2.8(-3.45 %),0,0,0,0,5928670,2.71
18/08/2023,0,0,2.7(-6.90 %),0,0,0,0,5928670,2.71
21/08/2023,0,0,2.6(-3.70 %),0,0,0,0,5928670,2.71
22/08/2023,0,0,2.8(7.69 %),0,0,0,0,5928670,2.71
23/08/2023,0,0,2.8(3.70 %),0,0,0,0,5928670,2.71
24/08/2023,0,0,2.8(0.00 %),0,0,0,0,5928670,2.71
25/08/2023,0,0,3(7.14 %),0,0,0,0,5928670,2.71
28/08/2023,0,0,3.3(13.79 %),0,0,0,0,5928670,2.71
29/08/2023,14000,44800000,3.2(0.00 %),14000,44800000,0,0,5914670,2.82
30/08/2023,0,0,3(-9.09 %),0,0,0,0,5914670,2.82
31/08/2023,0,0,3(0.00 %),0,0,0,0,5914670,2.82
05/09/2023,0,0,3(0.00 %),0,0,0,0,5914670,2.82
06/09/2023,0,0,3.1(3.33 %),0,0,0,0,5914670,0.0
07/09/2023,0,0,3.1(3.33 %),0,0,0,0,5914670,2.82
08/09/2023,0,0,3.1(0.00 %),0,0,0,0,5914670,2.82
11/09/2023,0,0,2.9(-3.33 %),0,0,0,0,5914670,2.82
12/09/2023,0,0,3(3.45 %),0,0,0,0,5914670,2.82
13/09/2023,0,0,3(3.45 %),0,0,0,0,5914670,2.82
14/09/2023,0,0,2.9(-3.33 %),0,0,0,0,5914670,2.82
15/09/2023,0,0,2.8(-3.45 %),0,0,0,0,5914670,2.82
18/09/2023,0,0,3(3.45 %),0,0,0,0,5914670,0.0
19/09/2023,0,0,2.9(0.00 %),0,0,0,0,5914670,0.0
20/09/2023,0,0,3(3.45 %),0,0,0,0,5914670,0.0
21/09/2023,0,0,2.9(-3.33 %),0,0,0,0,5914670,2.82
22/09/2023,-2100,-5670000,2.8(-3.45 %),0,0,2100,5670000,5914670,2.82
25/09/2023,0,0,2.7(-3.57 %),0,0,0,0,5914670,2.82
26/09/2023,0,0,2.6(-3.70 %),0,0,0,0,5916770,2.8
27/09/2023,0,0,2.7(3.85 %),0,0,0,0,5916770,0.0
28/09/2023,0,0,2.6(0.00 %),0,0,0,0,5916770,0.0
29/09/2023,0,0,2.6(0.00 %),0,0,0,0,5916770,2.8
02/10/2023,0,0,2.6(0.00 %),0,0,0,0,5916770,2.8
03/10/2023,0,0,2.4(-7.69 %),0,0,0,0,5916770,2.8
04/10/2023,0,0,2.5(0.00 %),0,0,0,0,5916770,2.8
05/10/2023,0,0,2.4(0.00 %),0,0,0,0,5916770,2.8
06/10/2023,0,0,2.5(4.17 %),0,0,0,0,5916770,2.8
09/10/2023,-11600,-29000000,2.5(0.00 %),0,0,11600,29000000,5916770,2.8
10/10/2023,0,0,2.5(4.17 %),0,0,0,0,5916770,2.8
11/10/2023,0,0,2.5(0.00 %),0,0,0,0,5928370,2.71
12/10/2023,0,0,2.5(0.00 %),0,0,0,0,5928370,2.71
13/10/2023,0,0,2.5(0.00 %),0,0,0,0,5928370,2.71
16/10/2023,0,0,2.6(4.00 %),0,0,0,0,5928370,2.71
17/10/2023,0,0,2.6(4.00 %),0,0,0,0,5928370,2.71
18/10/2023,0,0,2.4(-7.69 %),0,0,0,0,5928370,2.71
19/10/2023,0,0,2.5(4.17 %),0,0,0,0,5928370,2.71
20/10/2023,0,0,2.7(12.50 %),0,0,0,0,5928370,2.71
23/10/2023,0,0,2.9(11.54 %),0,0,0,0,5928370,2.71
24/10/2023,0,0,2.7(-3.57 %),0,0,0,0,5928370,0.0
25/10/2023,0,0,2.5(-7.41 %),0,0,0,0,5928370,2.71
26/10/2023,0,0,2.3(-8.00 %),0,0,0,0,5928370,2.71
27/10/2023,0,0,2.3(0.00 %),0,0,0,0,5928370,2.71
30/10/2023,0,0,2.1(-8.70 %),0,0,0,0,5928370,2.71
31/10/2023,0,0,2(-9.09 %),0,0,0,0,5928370,2.71
01/11/2023,0,0,2.1(0.00 %),0,0,0,0,5928370,2.71
02/11/2023,0,0,2.4(14.29 %),0,0,0,0,5928370,2.71
03/11/2023,0,0,2.2(0.00 %),0,0,0,0,5928370,2.71
06/11/2023,0,0,2.3(4.55 %),0,0,0,0,5928370,2.71
07/11/2023,0,0,2.2(0.00 %),0,0,0,0,5928370,0.0
08/11/2023,0,0,2.3(4.55 %),0,0,0,0,5928370,2.71
09/11/2023,0,0,2.3(0.00 %),0,0,0,0,5928370,2.71
10/11/2023,0,0,2.3(-4.17 %),0,0,0,0,5928370,2.71
13/11/2023,0,0,2.3(0.00 %),0,0,0,0,5928370,2.71
14/11/2023,0,0,2.4(4.35 %),0,0,0,0,5928370,2.71
15/11/2023,0,0,2.3(0.00 %),0,0,0,0,5928370,2.71
16/11/2023,0,0,2.3(0.00 %),0,0,0,0,5928370,0.0
17/11/2023,0,0,2.3(0.00 %),0,0,0,0,5928370,2.71
20/11/2023,0,0,2.3(0.00 %),0,0,0,0,5928370,2.71
21/11/2023,0,0,2.2(-4.35 %),0,0,0,0,5928370,2.71
22/11/2023,0,0,2.4(9.09 %),0,0,0,0,5928370,2.71
23/11/2023,0,0,2.4(4.35 %),0,0,0,0,5928370,0.0
24/11/2023,0,0,2.3(0.00 %),0,0,0,0,5928370,0.0
27/11/2023,0,0,2.3(0.00 %),0,0,0,0,5928370,0.0
28/11/2023,0,0,2.3(0.00 %),0,0,0,0,5928370,0.0
29/11/2023,0,0,2.3(0.00 %),0,0,0,0,5928370,0.0
30/11/2023,0,0,2.4(4.35 %),0,0,0,0,5928370,0.0
01/12/2023,0,0,2.3(-4.17 %),0,0,0,0,5928370,0.0
04/12/2023,0,0,2.6(13.04 %),0,0,0,0,5928370,0.0
05/12/2023,0,0,2.4(-4.00 %),0,0,0,0,5928370,0.0
06/12/2023,0,0,2.4(-4.00 %),0,0,0,0,5928370,0.0
07/12/2023,0,0,2.3(-4.17 %),0,0,0,0,5928370,0.0
08/12/2023,0,0,2.4(4.35 %),0,0,0,0,5928370,0.0
11/12/2023,0,0,2.3(-4.17 %),0,0,0,0,5928370,0.0
12/12/2023,0,0,2.3(0.00 %),0,0,0,0,5928370,0.0
13/12/2023,0,0,2.3(0.00 %),0,0,0,0,5928370,0.0
14/12/2023,0,0,2.3(0.00 %),0,0,0,0,5928370,0.0
15/12/2023,0,0,2.3(0.00 %),0,0,0,0,5928370,0.0
18/12/2023,0,0,2.3(0.00 %),0,0,0,0,5928370,0.0
19/12/2023,0,0,2.3(0.00 %),0,0,0,0,5928370,0.0
20/12/2023,0,0,2.3(0.00 %),0,0,0,0,5928370,0.0
21/12/2023,0,0,2.6(13.04 %),0,0,0,0,5928370,0.0
22/12/2023,0,0,2.6(4.00 %),0,0,0,0,5928370,0.0
25/12/2023,0,0,2.8(12.00 %),0,0,0,0,5928370,0.0
26/12/2023,0,0,2.9(7.41 %),0,0,0,0,5928370,2.71
27/12/2023,0,0,2.8(-6.67 %),0,0,0,0,5928370,0.0
28/12/2023,0,0,2.7(3.85 %),0,0,0,0,5928370,0.0
29/12/2023,0,0,2.5(-3.85 %),0,0,0,0,5928370,2.71
02/01/2024,0,0,2.5(0.00 %),0,0,0,0,5928370,2.71
03/01/2024,0,0,2.4(-4.00 %),0,0,0,0,5928370,0.0
04/01/2024,0,0,2.4(0.00 %),0,0,0,0,5928370,0.0
05/01/2024,0,0,2.3(-4.17 %),0,0,0,0,5928370,0.0
08/01/2024,0,0,2.4(4.35 %),0,0,0,0,5928370,0.0
09/01/2024,0,0,2.3(0.00 %),0,0,0,0,5928370,2.71
10/01/2024,0,0,2.3(0.00 %),0,0,0,0,5928370,2.71
11/01/2024,0,0,2.3(0.00 %),0,0,0,0,5928370,2.71
12/01/2024,0,0,2.3(0.00 %),0,0,0,0,5928370,0.0
15/01/2024,0,0,2.3(0.00 %),0,0,0,0,5928370,2.71
16/01/2024,0,0,2.3(0.00 %),0,0,0,0,5928370,2.71
17/01/2024,0,0,2.3(4.55 %),0,0,0,0,5928370,2.71
18/01/2024,0,0,2.3(0.00 %),0,0,0,0,5928370,0.0
19/01/2024,0,0,2.2(-4.35 %),0,0,0,0,5928370,0.0
22/01/2024,0,0,2.3(4.55 %),0,0,0,0,5928370,0.0
23/01/2024,0,0,2.3(4.55 %),0,0,0,0,5928370,0.0
24/01/2024,0,0,2.4(9.09 %),0,0,0,0,5928370,0.0
25/01/2024,0,0,2.3(-4.17 %),0,0,0,0,5928370,0.0
26/01/2024,0,0,2.3(0.00 %),0,0,0,0,5928370,0.0
29/01/2024,0,0,2.4(4.35 %),0,0,0,0,5928370,2.71
30/01/2024,0,0,2.3(0.00 %),0,0,0,0,5928370,2.71
31/01/2024,0,0,2.3(0.00 %),0,0,0,0,5928370,2.71
01/02/2024,0,0,2.3(0.00 %),0,0,0,0,5928370,0.0
02/02/2024,0,0,2.2(-4.35 %),0,0,0,0,5928370,2.71
05/02/2024,0,0,2.3(4.55 %),0,0,0,0,5928370,0.0
06/02/2024,0,0,2.2(-4.35 %),0,0,0,0,5928370,2.71
07/02/2024,0,0,2.3(4.55 %),0,0,0,0,5928370,2.71
15/02/2024,0,0,2.3(0.00 %),0,0,0,0,5928370,2.71
16/02/2024,0,0,2.3(4.55 %),0,0,0,0,5928370,2.71
19/02/2024,0,0,2.3(0.00 %),0,0,0,0,5928370,2.71
20/02/2024,0,0,2.4(4.35 %),0,0,0,0,5928370,2.71
21/02/2024,0,0,2.3(0.00 %),0,0,0,0,5928370,2.71
22/02/2024,0,0,2.3(0.00 %),0,0,0,0,5928370,2.71
23/02/2024,0,0,2.4(0.00 %),0,0,0,0,5928370,0.0
26/02/2024,0,0,2.6(8.33 %),0,0,0,0,5928370,2.71
27/02/2024,0,0,2.5(0.00 %),0,0,0,0,5928370,0.0
28/02/2024,0,0,2.4(-4.00 %),0,0,0,0,5928370,0.0
29/02/2024,0,0,2.8(12.00 %),0,0,0,0,5928370,2.71
01/03/2024,0,0,3.1(14.81 %),0,0,0,0,5928370,0.0
04/03/2024,0,0,3.4(13.33 %),0,0,0,0,5928370,0.0
05/03/2024,0,0,3.9(14.71 %),0,0,0,0,5928370,2.71
06/03/2024,0,0,4.4(12.82 %),0,0,0,0,5928370,0.0
07/03/2024,0,0,5(13.64 %),0,0,0,0,5928370,0.0
08/03/2024,-2400,-13680000,5.7(14.00 %),0,0,2400,13680000,5928370,0.0
11/03/2024,4400,28600000,6.5(14.04 %),4400,28600000,0,0,5923970,0.0
12/03/2024,0,0,7.4(13.85 %),0,0,0,0,5926370,2.73
13/03/2024,0,0,8.5(14.86 %),0,0,0,0,5926370,2.73
14/03/2024,1400,13580000,7.3(-14.12 %),1400,13580000,0,0,5924970,0.0
15/03/2024,0,0,7.9(0.00 %),0,0,0,0,5924970,0.0
18/03/2024,0,0,5.8(-14.71 %),0,0,0,0,5924970,2.74
19/03/2024,0,0,5.6(-6.67 %),0,0,0,0,5924970,2.74
20/03/2024,0,0,5.7(0.00 %),0,0,0,0,5924970,0.0
21/03/2024,0,0,6.4(14.29 %),0,0,0,0,5924970,0.0
22/03/2024,0,0,7.2(14.29 %),0,0,0,0,5924970,0.0
25/03/2024,0,0,6.8(-4.23 %),0,0,0,0,5924970,2.74
26/03/2024,0,0,6.8(-5.56 %),0,0,0,0,5924970,0.0
27/03/2024,0,0,6.8(3.03 %),0,0,0,0,5924970,2.74
28/03/2024,0,0,6.7(4.69 %),0,0,0,0,5924970,2.74
29/03/2024,0,0,6.5(-2.99 %),0,0,0,0,5924970,2.74
01/04/2024,0,0,6.3(-1.56 %),0,0,0,0,5924970,2.74
02/04/2024,0,0,6.4(1.59 %),0,0,0,0,5924970,0.0
03/04/2024,0,0,6.3(0.00 %),0,0,0,0,5924970,2.74
04/04/2024,0,0,5.9(-4.84 %),0,0,0,0,5924970,0.0
05/04/2024,0,0,6.1(1.67 %),0,0,0,0,5924970,2.74
08/04/2024,0,0,6(-1.64 %),0,0,0,0,5924970,0.0
09/04/2024,0,0,6.2(1.64 %),0,0,0,0,5924970,0.0
10/04/2024,0,0,6.2(1.64 %),0,0,0,0,5924970,0.0
11/04/2024,0,0,6.2(0.00 %),0,0,0,0,5924970,2.74
12/04/2024,0,0,6.8(9.68 %),0,0,0,0,5924970,2.74
15/04/2024,0,0,6.7(6.35 %),0,0,0,0,5924970,0.0
16/04/2024,0,0,5.9(-13.24 %),0,0,0,0,5924970,0.0
17/04/2024,0,0,6(1.69 %),0,0,0,0,5924970,0.0
19/04/2024,0,0,5.8(-6.45 %),0,0,0,0,5924970,0.0
22/04/2024,0,0,6.1(3.39 %),0,0,0,0,5924970,2.74
23/04/2024,0,0,5.9(0.00 %),0,0,0,0,5924970,2.74
24/04/2024,0,0,6(0.00 %),0,0,0,0,5924970,0.0
25/04/2024,0,0,6.3(5.00 %),0,0,0,0,5924970,0.0
26/04/2024,0,0,7(14.75 %),0,0,0,0,5924970,2.74
02/05/2024,0,0,6.7(-1.47 %),0,0,0,0,5924970,2.74
03/05/2024,0,0,6(-11.76 %),0,0,0,0,5924970,2.74
06/05/2024,0,0,6.9(13.11 %),0,0,0,0,5924970,2.74
07/05/2024,0,0,6.6(4.76 %),0,0,0,0,5924970,2.74
08/05/2024,0,0,6.5(0.00 %),0,0,0,0,5924970,2.74
09/05/2024,0,0,6.5(0.00 %),0,0,0,0,5924970,2.74
10/05/2024,0,0,6.3(-1.56 %),0,0,0,0,5924970,2.74
13/05/2024,0,0,6.5(3.17 %),0,0,0,0,5924970,2.74
14/05/2024,0,0,6.3(-3.08 %),0,0,0,0,5924970,0.0
15/05/2024,0,0,6.2(-1.59 %),0,0,0,0,5924970,0.0
16/05/2024,0,0,6.2(-3.12 %),0,0,0,0,5924970,0.0
17/05/2024,0,0,6.4(1.59 %),0,0,0,0,5924970,2.74
20/05/2024,0,0,6.4(0.00 %),0,0,0,0,5924970,2.74
21/05/2024,0,0,6.3(-1.56 %),0,0,0,0,5924970,2.74
22/05/2024,0,0,6.1(-4.69 %),0,0,0,0,5924970,2.74
23/05/2024,0,0,6.2(0.00 %),0,0,0,0,5924970,2.74
24/05/2024,0,0,6(-3.23 %),0,0,0,0,5924970,0.0
27/05/2024,0,0,6.9(15.00 %),0,0,0,0,5924970,2.74
28/05/2024,0,0,6.7(1.52 %),0,0,0,0,5924970,2.74
29/05/2024,0,0,6.4(-7.25 %),0,0,0,0,5924970,2.74
30/05/2024,0,0,6.6(-1.49 %),0,0,0,0,5924970,2.74
31/05/2024,0,0,6.7(4.69 %),0,0,0,0,5924970,2.74
03/06/2024,0,0,6.5(0.00 %),0,0,0,0,5924970,0.0
04/06/2024,0,0,6.4(1.59 %),0,0,0,0,5924970,0.0
05/06/2024,0,0,6.4(1.59 %),0,0,0,0,5924970,0.0
06/06/2024,0,0,6.5(1.56 %),0,0,0,0,5924970,2.74
07/06/2024,0,0,6.4(1.59 %),0,0,0,0,5924970,2.74
10/06/2024,0,0,6.4(-1.54 %),0,0,0,0,5924970,0.0
11/06/2024,0,0,6.4(-1.54 %),0,0,0,0,5924970,0.0
12/06/2024,0,0,6.4(0.00 %),0,0,0,0,5924970,2.74
13/06/2024,0,0,6.6(3.12 %),0,0,0,0,5924970,2.74
14/06/2024,0,0,6.2(-6.06 %),0,0,0,0,5924970,2.74
17/06/2024,0,0,6.4(1.59 %),0,0,0,0,5924970,2.74
18/06/2024,0,0,6.4(0.00 %),0,0,0,0,5924970,2.74
19/06/2024,0,0,6(-3.23 %),0,0,0,0,5924970,2.74
20/06/2024,0,0,5.8(-4.92 %),0,0,0,0,5924970,2.74
21/06/2024,0,0,5.9(3.51 %),0,0,0,0,5924970,2.74
24/06/2024,0,0,6(9.09 %),0,0,0,0,5924970,2.74
25/06/2024,0,0,6(1.69 %),0,0,0,0,5924970,2.74
26/06/2024,0,0,6.1(3.39 %),0,0,0,0,5924970,2.74
27/06/2024,0,0,5.9(1.72 %),0,0,0,0,5924970,2.74
28/06/2024,0,0,5.9(1.72 %),0,0,0,0,5924970,2.74
03/07/2024,0,0,6(3.45 %),0,0,0,0,5924970,0.0
04/07/2024,0,0,5.7(-3.39 %),0,0,0,0,5924970,0.0
05/07/2024,0,0,5.9(3.51 %),0,0,0,0,5924970,0.0
08/07/2024,0,0,5.7(0.00 %),0,0,0,0,5924970,0.0
09/07/2024,0,0,5.7(1.79 %),0,0,0,0,5924970,0.0
10/07/2024,0,0,5.5(0.00 %),0,0,0,0,5924970,0.0
11/07/2024,0,0,5.8(5.45 %),0,0,0,0,5924970,0.0
12/07/2024,0,0,5.9(1.72 %),0,0,0,0,5924970,0.0
15/07/2024,0,0,5.8(0.00 %),0,0,0,0,5924970,0.0
16/07/2024,0,0,5.8(0.00 %),0,0,0,0,5924970,0.0
17/07/2024,0,0,5.8(5.45 %),0,0,0,0,5924970,0.0
18/07/2024,0,0,5.8(9.43 %),0,0,0,0,5924970,0.0
19/07/2024,0,0,5.6(-3.45 %),0,0,0,0,5924970,0.0
22/07/2024,0,0,5.5(0.00 %),0,0,0,0,5924970,0.0
23/07/2024,0,0,5.4(0.00 %),0,0,0,0,5924970,0.0
24/07/2024,0,0,5.4(0.00 %),0,0,0,0,5924970,0.0
25/07/2024,0,0,5.4(0.00 %),0,0,0,0,5924970,0.0
26/07/2024,0,0,5.4(0.00 %),0,0,0,0,5924970,0.0
29/07/2024,0,0,5.3(-1.85 %),0,0,0,0,5924970,0.0
30/07/2024,0,0,5.1(-1.92 %),0,0,0,0,5924970,0.0
31/07/2024,0,0,5(-1.96 %),0,0,0,0,5924970,0.0
01/08/2024,0,0,4.9(2.08 %),0,0,0,0,5924970,0.0
02/08/2024,0,0,4.9(8.89 %),0,0,0,0,5924970,0.0
05/08/2024,0,0,4.9(2.08 %),0,0,0,0,5924970,0.0
06/08/2024,0,0,4.9(0.00 %),0,0,0,0,5924970,0.0
07/08/2024,0,0,4.5(0.00 %),0,0,0,0,5924970,0.0
08/08/2024,0,0,4.5(0.00 %),0,0,0,0,5924970,0.0
09/08/2024,0,0,4.5(0.00 %),0,0,0,0,5924970,0.0
12/08/2024,0,0,4.3(-4.44 %),0,0,0,0,5924970,0.0
13/08/2024,0,0,4.3(0.00 %),0,0,0,0,5924970,0.0
14/08/2024,0,0,4.2(-2.33 %),0,0,0,0,5924970,0.0
15/08/2024,0,0,4.2(0.00 %),0,0,0,0,5924970,0.0
16/08/2024,0,0,4.2(0.00 %),0,0,0,0,5924970,0.0
19/08/2024,0,0,4.2(0.00 %),0,0,0,0,5924970,0.0
20/08/2024,0,0,4.2(0.00 %),0,0,0,0,5924970,0.0
21/08/2024,0,0,4.2(0.00 %),0,0,0,0,5924970,0.0
22/08/2024,0,0,4(-4.76 %),0,0,0,0,5924970,0.0
23/08/2024,0,0,4(5.26 %),0,0,0,0,5924970,0.0
26/08/2024,0,0,4(0.00 %),0,0,0,0,5924970,0.0
27/08/2024,0,0,4(0.00 %),0,0,0,0,5924970,0.0
28/08/2024,0,0,3.9(-2.50 %),0,0,0,0,5924970,0.0
29/08/2024,0,0,3.7(2.78 %),0,0,0,0,5924970,0.0
30/08/2024,0,0,4(14.29 %),0,0,0,0,5924970,0.0
04/09/2024,0,0,4(0.00 %),0,0,0,0,5924970,0.0
05/09/2024,0,0,3.9(-2.50 %),0,0,0,0,5924970,0.0
06/09/2024,0,0,3.7(0.00 %),0,0,0,0,5924970,0.0
09/09/2024,0,0,3.9(5.41 %),0,0,0,0,5924970,0.0
10/09/2024,0,0,3.7(2.78 %),0,0,0,0,5924970,0.0
11/09/2024,0,0,3.6(0.00 %),0,0,0,0,5924970,0.0
12/09/2024,0,0,3.8(5.56 %),0,0,0,0,5924970,0.0
13/09/2024,0,0,3.4(-8.11 %),0,0,0,0,5924970,0.0
16/09/2024,0,0,3.6(5.88 %),0,0,0,0,5924970,0.0
17/09/2024,0,0,3.4(-5.56 %),0,0,0,0,5924970,0.0
18/09/2024,0,0,3.5(2.94 %),0,0,0,0,5924970,0.0
19/09/2024,0,0,3.6(2.86 %),0,0,0,0,5924970,0.0
20/09/2024,0,0,3.5(0.00 %),0,0,0,0,5924970,0.0
23/09/2024,0,0,3.4(0.00 %),0,0,0,0,5924970,0.0
24/09/2024,-300,-1020000,3.3(-2.94 %),0,0,300,1020000,5925270,0.0
25/09/2024,-4700,-15510000,3.4(3.03 %),0,0,4700,15510000,5929970,0.0
26/09/2024,0,0,3.7(12.12 %),0,0,0,0,5929970,0.0
27/09/2024,0,0,4.1(13.89 %),0,0,0,0,5929970,0.0
30/09/2024,0,0,4.1(0.00 %),0,0,0,0,5929970,0.0
01/10/2024,0,0,4(-4.76 %),0,0,0,0,5929970,0.0
02/10/2024,0,0,3.8(-7.32 %),0,0,0,0,5929970,0.0
03/10/2024,0,0,3.9(2.63 %),0,0,0,0,5929970,0.0
04/10/2024,0,0,3.6(-7.69 %),0,0,0,0,5929970,0.0
07/10/2024,0,0,3.6(-5.26 %),0,0,0,0,5929970,0.0
08/10/2024,0,0,3.6(-5.26 %),0,0,0,0,5929970,0.0
09/10/2024,0,0,4.1(0.00 %),0,0,0,0,5929970,0.0
10/10/2024,0,0,4.5(9.76 %),0,0,0,0,5929970,0.0
11/10/2024,0,0,4.3(4.88 %),0,0,0,0,5929970,0.0
14/10/2024,0,0,4.3(0.00 %),0,0,0,0,5929970,0.0
15/10/2024,0,0,3.7(-13.95 %),0,0,0,0,5929970,0.0
16/10/2024,0,0,3.3(-10.81 %),0,0,0,0,5929970,0.0
17/10/2024,0,0,3.6(12.50 %),0,0,0,0,5929970,0.0
18/10/2024,0,0,3.5(0.00 %),0,0,0,0,5929970,0.0
21/10/2024,0,0,3.5(0.00 %),0,0,0,0,5929970,0.0
22/10/2024,0,0,3.4(-2.86 %),0,0,0,0,5929970,0.0
23/10/2024,0,0,3.2(-5.88 %),0,0,0,0,5929970,0.0
24/10/2024,0,0,3.2(0.00 %),0,0,0,0,5929970,0.0
25/10/2024,0,0,3.3(3.12 %),0,0,0,0,5929970,0.0
28/10/2024,0,0,3.4(0.00 %),0,0,0,0,5929970,0.0
29/10/2024,0,0,3.4(0.00 %),0,0,0,0,5929970,0.0
30/10/2024,0,0,3.5(0.00 %),0,0,0,0,5929970,0.0
31/10/2024,0,0,3.2(-8.57 %),0,0,0,0,5929970,0.0
01/11/2024,0,0,3.5(9.37 %),0,0,0,0,5929970,0.0
04/11/2024,0,0,3.5(0.00 %),0,0,0,0,5929970,0.0
05/11/2024,0,0,3.3(0.00 %),0,0,0,0,5929970,0.0
06/11/2024,0,0,3.3(0.00 %),0,0,0,0,5929970,0.0
07/11/2024,0,0,3.5(6.06 %),0,0,0,0,5929970,0.0
08/11/2024,0,0,3.6(2.86 %),0,0,0,0,5929970,0.0
11/11/2024,0,0,4.1(13.89 %),0,0,0,0,5929970,0.0
12/11/2024,0,0,3.7(2.78 %),0,0,0,0,5929970,2.7
13/11/2024,0,0,3.9(5.41 %),0,0,0,0,5929970,0.0
14/11/2024,0,0,4(11.11 %),0,0,0,0,5929970,0.0
15/11/2024,0,0,4(11.11 %),0,0,0,0,5929970,0.0
18/11/2024,0,0,4(5.26 %),0,0,0,0,5929970,0.0
19/11/2024,0,0,3.8(0.00 %),0,0,0,0,5929970,0.0
20/11/2024,0,0,3.8(0.00 %),0,0,0,0,5929970,0.0
21/11/2024,0,0,3.9(2.63 %),0,0,0,0,5929970,0.0
22/11/2024,0,0,3.6(-5.26 %),0,0,0,0,5929970,0.0
25/11/2024,0,0,3.9(8.33 %),0,0,0,0,5929970,2.7
26/11/2024,0,0,4(0.00 %),0,0,0,0,5929970,2.7
27/11/2024,0,0,4(0.00 %),0,0,0,0,5929970,2.7
28/11/2024,0,0,4(0.00 %),0,0,0,0,5929970,2.7
29/11/2024,0,0,4(0.00 %),0,0,0,0,5929970,2.7
02/12/2024,0,0,0(0.00 %),0,0,0,0,5929970,2.7
03/12/2024,0,0,0(0.00 %),0,0,0,0,5929970,2.7
04/12/2024,0,0,0(0.00 %),0,0,0,0,5929970,2.7
05/12/2024,0,0,0(0.00 %),0,0,0,0,5929970,2.7
09/12/2024,0,0,3.7(2.78 %),0,0,0,0,5929970,2.7
10/12/2024,0,0,3.5(0.00 %),0,0,0,0,5929970,2.7
16/12/2024,0,0,4.2(5.00 %),0,0,0,0,5929970,2.7
17/12/2024,0,0,3.4(-15.00 %),0,0,0,0,5929970,2.7
18/12/2024,0,0,3.7(8.82 %),0,0,0,0,5929970,2.7
19/12/2024,0,0,3.7(2.78 %),0,0,0,0,5929970,2.7
20/12/2024,0,0,3.7(0.00 %),0,0,0,0,5929970,2.7
24/12/2024,0,0,4(0.00 %),0,0,0,0,5929970,2.7
25/12/2024,0,0,4(0.00 %),0,0,0,0,5929970,2.7
26/12/2024,0,0,3.8(-5.00 %),0,0,0,0,5929970,2.7
27/12/2024,0,0,3.5(0.00 %),0,0,0,0,5929970,2.7
30/12/2024,0,0,3.5(0.00 %),0,0,0,0,5929970,2.7
31/12/2024,0,0,3.4(-2.86 %),0,0,0,0,5929970,2.7
02/01/2025,0,0,3.4(0.00 %),0,0,0,0,5929970,2.7
03/01/2025,0,0,3(-9.09 %),0,0,0,0,5929970,2.7
06/01/2025,0,0,3.3(3.12 %),0,0,0,0,5929970,2.7
07/01/2025,0,0,3.2(-3.03 %),0,0,0,0,5929970,0.0
08/01/2025,0,0,3.3(0.00 %),0,0,0,0,5929970,2.7
09/01/2025,0,0,3.3(0.00 %),0,0,0,0,5929970,2.7
10/01/2025,0,0,3.3(0.00 %),0,0,0,0,5929970,2.7
13/01/2025,0,0,3.3(0.00 %),0,0,0,0,5929970,2.7
14/01/2025,0,0,3.2(-3.03 %),0,0,0,0,5929970,2.7
15/01/2025,0,0,3.3(3.12 %),0,0,0,0,5929970,2.7
16/01/2025,0,0,3.3(3.12 %),0,0,0,0,5929970,0.0
17/01/2025,0,0,3.3(0.00 %),0,0,0,0,5929970,2.7
20/01/2025,0,0,3.3(0.00 %),0,0,0,0,5929970,2.7
21/01/2025,0,0,3.3(0.00 %),0,0,0,0,5929970,2.7
22/01/2025,0,0,2.9(-12.12 %),0,0,0,0,5929970,2.7
23/01/2025,0,0,3.1(0.00 %),0,0,0,0,5929970,2.7
24/01/2025,0,0,3.3(6.45 %),0,0,0,0,5929970,2.7
03/02/2025,0,0,0(0.00 %),0,0,0,0,5929970,2.7
04/02/2025,-300,-990000,3.3(0.00 %),0,0,300,990000,5929970,2.7
05/02/2025,0,0,3.1(-6.06 %),0,0,0,0,5929970,2.7
06/02/2025,0,0,3.2(-3.03 %),0,0,0,0,5930270,2.7
07/02/2025,-300,-990000,3.3(3.12 %),0,0,300,990000,5930270,2.7
10/02/2025,0,0,3(-6.25 %),0,0,0,0,5930270,2.7
11/02/2025,0,0,3.3(6.45 %),0,0,0,0,5930570,2.69
12/02/2025,0,0,3.5(9.37 %),0,0,0,0,5930570,2.69
13/02/2025,0,0,3.4(0.00 %),0,0,0,0,5930570,2.69
14/02/2025,0,0,3.5(2.94 %),0,0,0,0,5930570,2.69
17/02/2025,0,0,3.4(0.00 %),0,0,0,0,5930570,2.69
18/02/2025,0,0,3.5(2.94 %),0,0,0,0,5930570,2.69
19/02/2025,0,0,3.4(0.00 %),0,0,0,0,5930570,2.69
20/02/2025,-1000,-3700000,3.7(8.82 %),0,0,1000,3700000,5930570,2.69
21/02/2025,0,0,3.6(0.00 %),0,0,0,0,5930570,2.69
24/02/2025,0,0,3.5(-2.78 %),0,0,0,0,5931570,2.68
25/02/2025,0,0,3.4(-2.86 %),0,0,0,0,5931570,2.68
26/02/2025,0,0,3.6(2.86 %),0,0,0,0,5931570,2.68
27/02/2025,0,0,3.5(-2.78 %),0,0,0,0,5931570,2.68
28/02/2025,0,0,3.5(0.00 %),0,0,0,0,5931570,2.68
03/03/2025,0,0,3.4(-5.56 %),0,0,0,0,5931570,2.68
04/03/2025,0,0,3.4(0.00 %),0,0,0,0,5931570,2.68
05/03/2025,0,0,3.4(0.00 %),0,0,0,0,5931570,2.68
06/03/2025,0,0,3.5(2.94 %),0,0,0,0,5931570,2.68
07/03/2025,0,0,3.3(0.00 %),0,0,0,0,5931570,2.68
10/03/2025,0,0,3.5(2.94 %),0,0,0,0,5931570,2.68
11/03/2025,0,0,3.4(-5.56 %),0,0,0,0,5931570,2.68
12/03/2025,0,0,3.5(0.00 %),0,0,0,0,5931570,2.68
13/03/2025,0,0,3.6(2.86 %),0,0,0,0,5931570,2.68
14/03/2025,0,0,3.6(0.00 %),0,0,0,0,5931570,2.68
17/03/2025,0,0,0(0.00 %),0,0,0,0,5931570,2.68
18/03/2025,0,0,3.4(-5.56 %),0,0,0,0,5931570,2.68
19/03/2025,0,0,3.5(0.00 %),0,0,0,0,5931570,2.68
20/03/2025,0,0,3.5(0.00 %),0,0,0,0,5931570,2.68
21/03/2025,0,0,3.5(-2.78 %),0,0,0,0,5931570,2.68
24/03/2025,0,0,3.4(-2.86 %),0,0,0,0,5931570,2.68
25/03/2025,0,0,3.3(-2.94 %),0,0,0,0,5931570,2.68
26/03/2025,0,0,3.5(6.06 %),0,0,0,0,5931570,2.68
27/03/2025,0,0,3.3(-2.94 %),0,0,0,0,5931570,2.68
28/03/2025,0,0,3.3(-2.94 %),0,0,0,0,5931570,2.68
31/03/2025,0,0,3.3(0.00 %),0,0,0,0,5931570,2.68
01/04/2025,0,0,3.2(-3.03 %),0,0,0,0,5931570,2.68
02/04/2025,0,0,3.3(0.00 %),0,0,0,0,5931570,2.68
03/04/2025,0,0,2.9(-12.12 %),0,0,0,0,5931570,2.68
04/04/2025,0,0,3(0.00 %),0,0,0,0,5931570,2.68
08/04/2025,0,0,2.7(-3.57 %),0,0,0,0,5931570,2.68
09/04/2025,0,0,2.8(0.00 %),0,0,0,0,5931570,2.68
10/04/2025,0,0,3.2(14.29 %),0,0,0,0,5931570,2.68
11/04/2025,0,0,3.3(6.45 %),0,0,0,0,5931570,2.68
14/04/2025,0,0,3.2(-3.03 %),0,0,0,0,5931570,2.68
15/04/2025,0,0,3.1(0.00 %),0,0,0,0,5931570,2.68
16/04/2025,0,0,3.1(0.00 %),0,0,0,0,5931570,2.68
17/04/2025,0,0,3.1(0.00 %),0,0,0,0,5931570,2.68
18/04/2025,0,0,3(-3.23 %),0,0,0,0,5931570,2.68
21/04/2025,0,0,3(0.00 %),0,0,0,0,5931570,2.68
22/04/2025,0,0,2.9(-3.33 %),0,0,0,0,5931570,2.68
23/04/2025,0,0,2.9(0.00 %),0,0,0,0,5931570,2.68
24/04/2025,0,0,3(3.45 %),0,0,0,0,5931570,2.68
25/04/2025,0,0,2.9(-3.33 %),0,0,0,0,5931570,2.68
28/04/2025,0,0,2.8(-3.45 %),0,0,0,0,5931570,2.68
29/04/2025,0,0,2.8(0.00 %),0,0,0,0,5931570,2.68
05/05/2025,0,0,2.8(12.00 %),0,0,0,0,5931570,2.68
06/05/2025,0,0,2.8(0.00 %),0,0,0,0,5931570,2.68
07/05/2025,0,0,2.9(3.57 %),0,0,0,0,5931570,2.68
08/05/2025,0,0,2.9(0.00 %),0,0,0,0,5931570,2.68
09/05/2025,0,0,2.9(0.00 %),0,0,0,0,5931570,2.68
12/05/2025,0,0,2.9(0.00 %),0,0,0,0,5931570,2.68
13/05/2025,0,0,3(3.45 %),0,0,0,0,5931570,2.68
14/05/2025,0,0,3(0.00 %),0,0,0,0,5931570,2.68
15/05/2025,0,0,2.8(-3.45 %),0,0,0,0,5931570,2.68
16/05/2025,-1600,-4800000,2.9(0.00 %),0,0,1600,4800000,5931570,2.68
19/05/2025,0,0,2.9(0.00 %),0,0,0,0,5931570,2.68
20/05/2025,0,0,2.8(-3.45 %),0,0,0,0,5933170,2.67
21/05/2025,0,0,2.9(3.57 %),0,0,0,0,5933170,2.67
22/05/2025,0,0,2.8(-3.45 %),0,0,0,0,5933170,2.67
23/05/2025,0,0,2.6(-7.14 %),0,0,0,0,5933170,2.67
26/05/2025,0,0,2.7(0.00 %),0,0,0,0,5933170,2.67
27/05/2025,-3200,-8960000,2.9(11.54 %),0,0,3200,8960000,5933170,2.67
28/05/2025,0,0,2.9(7.41 %),0,0,0,0,5933170,2.67
29/05/2025,0,0,2.8(-3.45 %),0,0,0,0,5936370,2.65
30/05/2025,0,0,2.9(3.57 %),0,0,0,0,5936370,2.65
02/06/2025,0,0,3(7.14 %),0,0,0,0,5936370,2.65
03/06/2025,0,0,3(0.00 %),0,0,0,0,5936370,2.65
04/06/2025,0,0,3(0.00 %),0,0,0,0,5936370,2.65
05/06/2025,0,0,2.9(3.57 %),0,0,0,0,5936370,2.65
06/06/2025,0,0,2.8(-3.45 %),0,0,0,0,5936370,2.65
09/06/2025,0,0,2.9(3.57 %),0,0,0,0,5936370,2.65
10/06/2025,0,0,2.9(0.00 %),0,0,0,0,5936370,2.65
11/06/2025,0,0,2.9(0.00 %),0,0,0,0,5936370,2.65
12/06/2025,0,0,3(3.45 %),0,0,0,0,5936370,2.65
13/06/2025,0,0,3(0.00 %),0,0,0,0,5936370,2.65
16/06/2025,0,0,3.1(3.33 %),0,0,0,0,5936370,2.65
17/06/2025,0,0,2.9(-6.45 %),0,0,0,0,5936370,2.65
18/06/2025,0,0,2.9(0.00 %),0,0,0,0,5936370,2.65
19/06/2025,0,0,2.8(-3.45 %),0,0,0,0,5936370,2.65
20/06/2025,0,0,2.8(0.00 %),0,0,0,0,5936370,2.65
23/06/2025,0,0,2.8(0.00 %),0,0,0,0,5936370,2.65
24/06/2025,0,0,2.9(3.57 %),0,0,0,0,5936370,2.65
25/06/2025,0,0,2.9(0.00 %),0,0,0,0,5936370,2.65
26/06/2025,0,0,2.8(-3.45 %),0,0,0,0,5936370,2.65
27/06/2025,0,0,2.7(-3.57 %),0,0,0,0,5936370,2.65
30/06/2025,0,0,2.9(3.57 %),0,0,0,0,5936370,2.65
01/07/2025,0,0,2.9(0.00 %),0,0,0,0,5936370,2.65
02/07/2025,0,0,2.9(0.00 %),0,0,0,0,5936370,2.65
03/07/2025,0,0,2.9(0.00 %),0,0,0,0,5936370,2.65
04/07/2025,0,0,2.8(-3.45 %),0,0,0,0,5936370,2.65
07/07/2025,0,0,2.8(3.70 %),0,0,0,0,5936370,2.65
08/07/2025,0,0,2.6(-7.14 %),0,0,0,0,5936370,2.65
09/07/2025,0,0,2.8(3.70 %),0,0,0,0,5936370,2.65
10/07/2025,600,1680000,2.8(0.00 %),600,1680000,0,0,5936370,2.65
11/07/2025,0,0,2.8(0.00 %),0,0,0,0,5935770,2.65
14/07/2025,1000,2700000,2.7(-3.57 %),1000,2700000,0,0,5934770,2.66
15/07/2025,0,0,2.8(3.70 %),0,0,0,0,5934770,2.66
16/07/2025,0,0,2.8(3.70 %),0,0,0,0,5934770,2.66
17/07/2025,0,0,2.9(3.57 %),0,0,0,0,5934770,2.66
18/07/2025,0,0,2.8(-3.45 %),0,0,0,0,5934770,2.66
21/07/2025,0,0,2.9(0.00 %),0,0,0,0,5934770,2.66
22/07/2025,0,0,3(3.45 %),0,0,0,0,5934770,2.66
23/07/2025,0,0,3.1(3.33 %),0,0,0,0,5934770,2.66
24/07/2025,0,0,3(-3.23 %),0,0,0,0,5934770,2.66
25/07/2025,0,0,3.1(0.00 %),0,0,0,0,5934770,2.66
28/07/2025,0,0,3.1(3.33 %),0,0,0,0,5934770,2.66
29/07/2025,0,0,3(0.00 %),0,0,0,0,5934770,2.66
30/07/2025,0,0,2.9(-3.33 %),0,0,0,0,5934770,2.66
31/07/2025,0,0,2.9(0.00 %),0,0,0,0,5934770,2.66
01/08/2025,0,0,2.9(3.57 %),0,0,0,0,5934770,2.66
04/08/2025,0,0,3(3.45 %),0,0,0,0,5934770,2.66
05/08/2025,0,0,3.1(6.90 %),0,0,0,0,5934770,2.66
06/08/2025,0,0,3.4(13.33 %),0,0,0,0,5934770,2.66
07/08/2025,0,0,3.6(12.50 %),0,0,0,0,5934770,2.66
08/08/2025,0,0,4.1(13.89 %),0,0,0,0,5934770,2.66
11/08/2025,0,0,3.7(-9.76 %),0,0,0,0,5934770,2.66
12/08/2025,0,0,3.4(-5.56 %),0,0,0,0,5934770,2.66
13/08/2025,0,0,3.3(-2.94 %),0,0,0,0,5934770,2.66
14/08/2025,-1600,-5760000,3.6(12.50 %),0,0,1600,5760000,5934770,2.66
15/08/2025,0,0,3.5(-2.78 %),0,0,0,0,5934770,2.66
18/08/2025,0,0,3.5(0.00 %),0,0,0,0,5936370,2.65
19/08/2025,0,0,3.6(0.00 %),0,0,0,0,5936370,2.65
20/08/2025,0,0,3(-11.76 %),0,0,0,0,5936370,2.65
21/08/2025,0,0,3.1(0.00 %),0,0,0,0,5936370,2.65
22/08/2025,-500,-1550000,3.1(0.00 %),0,0,500,1550000,5936370,2.65
25/08/2025,0,0,3.5(12.90 %),0,0,0,0,5936370,2.65
