Ngay,KLGDRong,GTDGRong,ThayDoi,KLMua,GtMua,KLBan,GtBan,RoomConLai,DangSoHuu
19/04/2010,-513750,-18495000000,36(20.00 %),0,0,513750,18495000000,22038101,8.81
20/04/2010,-180000,-6804000000,37.8(5.00 %),0,0,180000,6804000000,22218101,8.48
21/04/2010,0,0,39.6(4.76 %),0,0,0,0,22218101,8.48
22/04/2010,0,0,39(-1.52 %),0,0,0,0,22218101,8.48
26/04/2010,4000,148400000,37.1(-4.87 %),4000,148400000,0,0,22335101,8.27
27/04/2010,-37790,-1346835000,35.7(-3.77 %),500,17750000,38290,1364585000,22251891,8.42
28/04/2010,-87210,-3057118000,35(-1.96 %),500,17500000,87710,3074618000,22339101,8.26
29/04/2010,1000,35000000,36.3(3.71 %),1000,35000000,0,0,22338101,8.27
04/05/2010,40,1516000,36.9(1.65 %),40,1516000,0,0,22338061,8.27
05/05/2010,500,17550000,36.9(0.00 %),500,17550000,0,0,22337561,8.27
06/05/2010,0,0,38.7(4.88 %),0,0,0,0,22337561,8.27
07/05/2010,5500,223300000,40.6(4.91 %),5500,223300000,0,0,22332061,8.28
10/05/2010,250,10250000,38.6(-4.93 %),250,10250000,0,0,22331811,8.28
12/05/2010,500,17700000,35.4(-4.84 %),500,17700000,0,0,22331311,8.28
13/05/2010,0,0,34.8(-1.69 %),0,0,0,0,22331311,8.28
14/05/2010,-1000,-33300000,33.3(0.00 %),0,0,1000,33300000,22332311,8.28
17/05/2010,-340,-11160000,32(-3.90 %),0,0,340,11160000,22332651,8.28
18/05/2010,-1160,-35460000,30.4(-5.00 %),0,0,1160,35460000,22333811,8.27
19/05/2010,0,0,28.9(-4.93 %),0,0,0,0,22333811,8.27
20/05/2010,400,12120000,30.3(4.84 %),400,12120000,0,0,22333411,8.27
21/05/2010,5100,146880000,28.8(-4.95 %),5100,146880000,0,0,22328311,8.28
24/05/2010,100,2800000,27.7(-3.82 %),100,2800000,0,0,22328211,8.28
25/05/2010,-5000,-134553000,27(-2.53 %),0,0,5000,134553000,22333211,8.27
26/05/2010,500,13950000,28.3(4.81 %),500,13950000,0,0,22332711,8.28
27/05/2010,0,0,29(2.47 %),0,0,0,0,22332711,8.28
28/05/2010,0,0,30.4(4.83 %),0,0,0,0,22332711,8.28
31/05/2010,0,0,29(-4.61 %),0,0,0,0,22332711,8.28
01/06/2010,-55000,-1587106000,29.2(0.69 %),0,0,55000,1587106000,22387711,8.18
02/06/2010,0,0,29.5(1.03 %),0,0,0,0,22387711,8.18
03/06/2010,-104440,-3037451000,29.4(-0.34 %),2500,72500000,106940,3109951000,22492151,7.99
04/06/2010,-3990,-117306000,28.9(-1.70 %),0,0,3990,117306000,22496141,7.98
07/06/2010,0,0,27.5(-4.84 %),0,0,0,0,22496141,7.98
08/06/2010,0,0,27.4(-0.36 %),0,0,0,0,22496141,7.98
09/06/2010,500,13700000,26.6(-2.92 %),500,13700000,0,0,22495641,7.98
10/06/2010,0,0,27.7(4.14 %),0,0,0,0,22495641,7.98
11/06/2010,0,0,27.6(-0.36 %),0,0,0,0,22495641,7.98
14/06/2010,0,0,28.3(2.54 %),0,0,0,0,22495641,7.98
15/06/2010,-1500,-42450000,28.4(0.35 %),0,0,1500,42450000,22497141,7.98
16/06/2010,0,0,29.8(4.93 %),0,0,0,0,22497141,7.98
17/06/2010,-500,-15600000,31.2(4.70 %),0,0,500,15600000,22497641,7.98
18/06/2010,290,9048000,30.3(-2.88 %),290,9048000,0,0,22497351,7.98
21/06/2010,0,0,31(2.31 %),0,0,0,0,22497351,7.98
22/06/2010,0,0,29.7(-4.19 %),0,0,0,0,22497351,7.98
23/06/2010,0,0,30.2(1.68 %),0,0,0,0,22497351,7.98
24/06/2010,0,0,30(-0.66 %),0,0,0,0,22497351,7.98
25/06/2010,0,0,29.4(-2.00 %),0,0,0,0,22497351,7.98
28/06/2010,60,1746000,29.5(0.34 %),60,1746000,0,0,22497291,7.98
29/06/2010,0,0,28.8(-2.37 %),0,0,0,0,22497291,7.98
30/06/2010,0,0,28(-2.78 %),0,0,0,0,22497291,7.98
01/07/2010,0,0,27.9(-0.36 %),0,0,0,0,22497291,7.98
02/07/2010,0,0,28.6(2.51 %),0,0,0,0,22497291,7.98
05/07/2010,0,0,29(1.40 %),0,0,0,0,22497291,7.98
06/07/2010,0,0,28(-3.45 %),0,0,0,0,22497291,7.98
07/07/2010,0,0,28(0.00 %),0,0,0,0,22497291,7.98
08/07/2010,0,0,27.9(-0.36 %),0,0,0,0,22497291,7.98
09/07/2010,0,0,28(0.36 %),0,0,0,0,22497291,7.98
12/07/2010,0,0,27.9(-0.36 %),0,0,0,0,22497291,7.98
13/07/2010,0,0,28.8(3.23 %),0,0,0,0,22497291,7.98
14/07/2010,0,0,28.4(-1.39 %),0,0,0,0,22497291,7.98
15/07/2010,0,0,28.1(-1.06 %),0,0,0,0,22497291,7.98
16/07/2010,0,0,27.9(-0.71 %),0,0,0,0,22497291,7.98
19/07/2010,0,0,27.8(-0.36 %),0,0,0,0,22497291,7.98
20/07/2010,0,0,27.8(0.00 %),0,0,0,0,22497291,7.98
21/07/2010,0,0,27.6(-0.72 %),0,0,0,0,22497291,7.98
22/07/2010,0,0,27.5(-0.36 %),0,0,0,0,22497291,7.98
23/07/2010,2500,68750000,27.1(-1.45 %),2500,68750000,0,0,22494791,7.98
26/07/2010,0,0,27.1(0.00 %),0,0,0,0,22494791,7.98
27/07/2010,0,0,27(-0.37 %),0,0,0,0,22494791,7.98
28/07/2010,0,0,26.2(-2.96 %),0,0,0,0,22494791,7.98
29/07/2010,0,0,26.7(1.91 %),0,0,0,0,22494791,7.98
30/07/2010,0,0,26.1(-2.25 %),0,0,0,0,22494791,7.98
02/08/2010,0,0,26.1(0.00 %),0,0,0,0,22494791,7.98
03/08/2010,100,2650000,25.2(-3.45 %),100,2650000,0,0,22494691,7.98
04/08/2010,0,0,24.6(-2.38 %),0,0,0,0,22494691,7.98
05/08/2010,0,0,24.2(-1.63 %),0,0,0,0,22494691,7.98
06/08/2010,0,0,23.7(-2.07 %),0,0,0,0,22494691,7.98
09/08/2010,0,0,22.6(-4.64 %),0,0,0,0,22494691,7.98
10/08/2010,0,0,21.5(-4.87 %),0,0,0,0,22494691,7.98
11/08/2010,0,0,21.1(-1.86 %),0,0,0,0,0,49.0
12/08/2010,0,0,20.1(-4.74 %),0,0,0,0,22494691,7.98
13/08/2010,0,0,19.2(-4.48 %),0,0,0,0,22494691,7.98
16/08/2010,0,0,20.1(4.69 %),0,0,0,0,22494691,7.98
17/08/2010,0,0,19.7(-1.99 %),0,0,0,0,0,49.0
18/08/2010,0,0,19(-3.55 %),0,0,0,0,22494691,7.98
19/08/2010,0,0,18.6(-2.11 %),0,0,0,0,22494691,4376373.0
20/08/2010,0,0,18.6(0.00 %),0,0,0,0,0,0.0
23/08/2010,0,0,18(-3.23 %),0,0,0,0,0,0.0
24/08/2010,0,0,17.1(-5.00 %),0,0,0,0,0,49.0
25/08/2010,0,0,16.3(-4.68 %),0,0,0,0,0,49.0
26/08/2010,-94070,-1514527000,16(-1.84 %),0,0,94070,1514527000,94070,48.83
27/08/2010,0,0,15.7(-1.88 %),0,0,0,0,94070,48.83
30/08/2010,0,0,16.4(4.46 %),0,0,0,0,94070,48.83
31/08/2010,0,0,17.2(4.88 %),0,0,0,0,94070,48.83
01/09/2010,0,0,18(4.65 %),0,0,0,0,94070,48.83
06/09/2010,0,0,18.9(5.00 %),0,0,0,0,22408761,48.83
07/09/2010,0,0,19.8(4.76 %),0,0,0,0,94070,48.83
08/09/2010,0,0,20.7(4.55 %),0,0,0,0,94070,48.83
09/09/2010,0,0,21(1.45 %),0,0,0,0,94070,48.83
10/09/2010,0,0,20(-4.76 %),0,0,0,0,94070,48.83
13/09/2010,0,0,19(-5.00 %),0,0,0,0,94070,48.83
14/09/2010,0,0,19(0.00 %),0,0,0,0,94070,48.83
15/09/2010,5000,94000000,18.5(-2.63 %),5000,94000000,0,0,89070,48.84
16/09/2010,0,0,18.2(-1.62 %),0,0,0,0,89070,48.84
17/09/2010,0,0,19.1(4.95 %),0,0,0,0,89070,48.84
20/09/2010,0,0,20(4.71 %),0,0,0,0,89070,48.84
21/09/2010,65000,1317956000,20.7(3.50 %),65000,1317956000,0,0,24070,48.96
22/09/2010,0,0,20.6(-0.48 %),0,0,0,0,24070,48.96
23/09/2010,0,0,20(-2.91 %),0,0,0,0,24070,48.96
24/09/2010,0,0,20.3(1.50 %),0,0,0,0,24070,48.96
27/09/2010,40000,800000000,20(-1.48 %),40000,800000000,0,0,0,49.03
28/09/2010,0,0,19.8(-1.00 %),0,0,0,0,0,49.03
29/09/2010,0,0,19.1(-3.54 %),0,0,0,0,0,49.03
30/09/2010,0,0,20(4.71 %),0,0,0,0,22298761,49.03
01/10/2010,-100000,-2100000000,20.7(3.50 %),0,0,100000,2100000000,22398761,8.16
04/10/2010,0,0,19.7(-4.83 %),0,0,0,0,22398761,8.16
05/10/2010,0,0,19.5(-1.02 %),0,0,0,0,22398761,8.16
06/10/2010,0,0,20.2(3.59 %),0,0,0,0,22398761,8.16
07/10/2010,3000,61750000,20(-0.99 %),3000,61750000,0,0,22395761,8.16
08/10/2010,0,0,19.6(-2.00 %),0,0,0,0,22395761,8.16
11/10/2010,0,0,19.3(-1.53 %),0,0,0,0,22395761,8.16
12/10/2010,0,0,19.3(0.00 %),0,0,0,0,22395761,8.16
13/10/2010,0,0,19.3(0.00 %),0,0,0,0,22395761,8.16
14/10/2010,-1000,-19220000,19.2(-0.52 %),0,0,1000,19220000,22396761,8.16
15/10/2010,-2000,-37834000,19.3(0.52 %),0,0,2000,37834000,22398761,8.16
18/10/2010,0,0,19.3(0.00 %),0,0,0,0,22398761,8.16
19/10/2010,0,0,18.6(-3.63 %),0,0,0,0,22398761,8.16
20/10/2010,0,0,18.5(-0.54 %),0,0,0,0,22398761,8.16
21/10/2010,0,0,18.3(-1.08 %),0,0,0,0,22398761,8.16
22/10/2010,0,0,17.4(-4.92 %),0,0,0,0,22398761,8.16
25/10/2010,0,0,17.3(-0.57 %),0,0,0,0,22398761,8.16
26/10/2010,0,0,18.1(4.62 %),0,0,0,0,22398761,8.16
27/10/2010,0,0,17.5(-3.31 %),0,0,0,0,22398761,8.16
28/10/2010,0,0,17(-2.86 %),0,0,0,0,22398761,8.16
29/10/2010,0,0,16.7(-1.76 %),618000,10506000000,618000,10506000000,22398761,8.16
01/11/2010,1000,16700000,15.9(-4.79 %),1000,16700000,0,0,22397761,8.16
02/11/2010,0,0,15.3(-3.77 %),0,0,0,0,22397761,8.16
03/11/2010,0,0,14.9(-2.61 %),0,0,0,0,22397761,8.16
04/11/2010,0,0,14.9(0.00 %),0,0,0,0,22397761,8.16
05/11/2010,0,0,15.6(4.70 %),0,0,0,0,22397761,8.16
08/11/2010,14000,221200000,15.3(-1.92 %),14000,221200000,0,0,22383761,8.18
09/11/2010,0,0,14.6(-4.58 %),629000,9623700000,629000,9623700000,22383761,8.18
10/11/2010,0,0,14.2(-2.74 %),0,0,0,0,22383761,8.18
11/11/2010,0,0,13.5(-4.93 %),0,0,0,0,22383761,8.18
12/11/2010,0,0,13(-3.70 %),0,0,0,0,22383761,8.18
15/11/2010,0,0,12.6(-3.08 %),0,0,0,0,22383761,8.18
16/11/2010,0,0,12.1(-3.97 %),0,0,0,0,22383761,8.18
17/11/2010,0,0,12.5(3.31 %),700000,8470000000,700000,8470000000,22383761,8.18
18/11/2010,0,0,13.1(4.80 %),0,0,0,0,22383761,8.18
19/11/2010,0,0,12.8(-2.29 %),0,0,0,0,22383761,8.18
22/11/2010,0,0,12.4(-3.12 %),0,0,0,0,22383761,8.18
23/11/2010,0,0,13(4.84 %),0,0,0,0,22383761,8.18
24/11/2010,0,0,13(0.00 %),0,0,0,0,22383761,8.18
25/11/2010,0,0,13.5(3.85 %),0,0,0,0,22383761,8.18
26/11/2010,0,0,13.9(2.96 %),622000,8397000000,622000,8397000000,22383761,8.18
29/11/2010,0,0,14.2(2.16 %),0,0,0,0,22383761,8.18
30/11/2010,0,0,14.9(4.93 %),0,0,0,0,22383761,8.18
01/12/2010,0,0,15.5(4.03 %),0,0,0,0,22383761,8.18
02/12/2010,0,0,16.2(4.52 %),0,0,0,0,22383761,8.18
03/12/2010,0,0,17(4.94 %),0,0,0,0,22383761,8.18
06/12/2010,0,0,17(0.00 %),496000,8432000000,496000,8432000000,22383761,8.18
07/12/2010,0,0,16.2(-4.71 %),0,0,0,0,22383761,8.18
08/12/2010,-200000,-3400000000,17(4.94 %),0,0,200000,3400000000,22583761,7.82
09/12/2010,0,0,17.8(4.71 %),0,0,0,0,22583761,7.82
10/12/2010,0,0,18.6(4.49 %),0,0,0,0,22583761,7.82
13/12/2010,0,0,19.5(4.84 %),0,0,0,0,22583761,7.82
14/12/2010,50290,1025516000,20.4(4.62 %),625390,12242216000,575100,11216700000,22533471,7.91
15/12/2010,0,0,20.5(0.49 %),0,0,0,0,22533471,7.91
16/12/2010,0,0,19.5(-4.88 %),0,0,0,0,22533471,7.91
17/12/2010,51070,1017780000,20.4(4.62 %),51070,1017780000,0,0,22482401,8.0
20/12/2010,43680,874430000,19.6(-3.92 %),48680,976580000,5000,102150000,22438721,8.08
21/12/2010,33840,643013000,19(-3.06 %),33840,643013000,0,0,22404881,8.14
22/12/2010,106500,2004700000,18.6(-2.11 %),106500,2004700000,0,0,22298381,8.34
23/12/2010,183060,3458020000,19.5(4.84 %),183060,3458020000,0,0,22115321,8.67
24/12/2010,122360,2492226000,20.3(4.10 %),122360,2492226000,0,0,21992961,8.9
27/12/2010,0,0,19.7(-2.96 %),0,0,0,0,21992961,8.9
28/12/2010,0,0,20(1.52 %),0,0,0,0,21992961,8.9
29/12/2010,0,0,19.5(-2.50 %),0,0,0,0,21992961,8.9
30/12/2010,0,0,19(-2.56 %),0,0,0,0,21992961,8.9
31/12/2010,0,0,18.8(-1.05 %),0,0,0,0,21992961,8.9
04/01/2011,0,0,19.7(4.79 %),0,0,0,0,21992961,8.9
05/01/2011,0,0,20.2(2.54 %),0,0,0,0,21992961,8.9
06/01/2011,0,0,19.5(-3.47 %),0,0,0,0,21992961,8.9
07/01/2011,500,9550000,18.6(-4.62 %),500,9550000,0,0,21992461,8.9
10/01/2011,-38950,-689415000,17.7(-4.84 %),0,0,38950,689415000,22031411,8.83
11/01/2011,202000,3413800000,16.9(-4.52 %),202000,3413800000,0,0,21829411,9.19
12/01/2011,-18970,-324207000,17.7(4.73 %),4000,68758000,22970,392965000,21848381,9.16
13/01/2011,0,0,12.1(4.31 %),0,0,0,0,21848381,9.16
14/01/2011,-200000,-2540000000,12.7(4.96 %),0,0,200000,2540000000,22048381,40.96
17/01/2011,-200000,-2660000000,13.3(4.72 %),0,0,200000,2660000000,22248381,40.89
18/01/2011,-216000,-3002400000,13.9(4.51 %),0,0,216000,3002400000,22464381,8.04
19/01/2011,-400000,-5800000000,14.5(4.32 %),0,0,400000,5800000000,22864381,7.31
20/01/2011,0,0,14.3(-1.38 %),0,0,0,0,22864381,7.31
21/01/2011,0,0,14.2(-0.70 %),0,0,0,0,22864381,7.31
24/01/2011,2800,39200000,13.8(-2.82 %),2800,39200000,0,0,22861581,7.31
25/01/2011,0,0,14.3(3.62 %),0,0,0,0,22861581,7.31
26/01/2011,0,0,14.5(1.40 %),0,0,0,0,22861581,7.31
27/01/2011,0,0,15.2(4.83 %),0,0,0,0,22861581,7.31
28/01/2011,-98300,-1552110000,15.7(3.29 %),1700,26890000,100000,1579000000,22959881,7.13
08/02/2011,0,0,15.6(-0.64 %),0,0,0,0,22959881,7.13
09/02/2011,0,0,15.9(1.92 %),0,0,0,0,22959881,40.63
10/02/2011,0,0,16.6(4.40 %),0,0,0,0,22959881,7.13
11/02/2011,4200,72280000,17.4(4.82 %),4200,72280000,0,0,22955681,40.63
14/02/2011,700,12250000,17.9(2.87 %),700,12250000,0,0,22954981,7.14
15/02/2011,0,0,17.1(-4.47 %),0,0,0,0,22954981,7.14
16/02/2011,5000,85000000,17(-0.58 %),5000,85000000,0,0,22949981,7.15
17/02/2011,0,0,16.9(-0.59 %),0,0,0,0,22949981,7.15
18/02/2011,10000,170000000,16.9(0.00 %),10000,170000000,0,0,22939981,7.17
21/02/2011,5900,94990000,16.1(-4.73 %),5900,94990000,0,0,22931881,7.18
22/02/2011,2200,34600000,15.6(-3.11 %),2200,34600000,0,0,22937781,7.17
23/02/2011,0,0,16.3(4.49 %),0,0,0,0,22937781,7.17
24/02/2011,0,0,16.6(1.84 %),0,0,0,0,22937781,7.17
25/02/2011,0,0,13.1(-3.68 %),0,0,0,0,22937781,7.17
28/02/2011,-61820,-774100000,12.5(-4.58 %),300,3900000,62120,778000000,22999601,7.06
01/03/2011,110000,1343000000,12.1(-3.20 %),110000,1343000000,0,0,22889601,7.26
02/03/2011,-60170,-691955000,11.5(-4.96 %),0,0,60170,691955000,22949771,7.15
03/03/2011,-1920,-21412000,11(-4.35 %),0,0,1920,21412000,0,0.0
04/03/2011,135890,1509837000,11.5(4.55 %),137970,1532717000,2080,22880000,0,0.0
07/03/2011,0,0,12(4.35 %),0,0,0,0,0,0.0
08/03/2011,100,1200000,11.4(-5.00 %),100,1200000,0,0,0,0.0
09/03/2011,100,1100000,11.2(-1.75 %),100,1100000,0,0,0,0.0
10/03/2011,-405680,-4658666000,11.6(3.57 %),0,0,405680,4658666000,0,0.0
11/03/2011,-20000,-239130000,12.1(4.31 %),0,0,20000,239130000,0,0.0
14/03/2011,0,0,11.5(-4.96 %),0,0,0,0,0,0.0
15/03/2011,0,0,11.2(-2.61 %),0,0,0,0,0,0.0
16/03/2011,0,0,11.3(0.89 %),0,0,0,0,23909131,5.4
17/03/2011,-10000,-114000000,11.2(-0.88 %),0,0,10000,114000000,23919131,5.38
18/03/2011,0,0,11.6(3.57 %),0,0,0,0,23919131,5.38
21/03/2011,100,1160000,11.4(-1.72 %),100,1160000,0,0,23919031,5.38
22/03/2011,0,0,11.2(-1.75 %),0,0,0,0,23919031,5.38
23/03/2011,-200000,-2230945000,11.2(0.00 %),0,0,200000,2230945000,24119031,5.02
24/03/2011,0,0,11.1(-0.89 %),0,0,0,0,24119031,5.02
25/03/2011,0,0,11(-0.90 %),0,0,0,0,24119031,5.02
28/03/2011,0,0,10.9(-0.91 %),0,0,0,0,24119031,5.02
29/03/2011,0,0,10.5(-3.67 %),0,0,0,0,24119031,5.02
30/03/2011,0,0,10.4(-0.95 %),0,0,0,0,24119031,5.02
31/03/2011,0,0,10.3(-0.96 %),0,0,0,0,24119031,5.02
01/04/2011,10000,103000000,10.4(0.97 %),10000,103000000,0,0,24139031,4.98
04/04/2011,0,0,10.2(-1.92 %),0,0,0,0,24139031,4.98
05/04/2011,0,0,10.1(-0.98 %),0,0,0,0,24139031,4.98
06/04/2011,0,0,10.4(2.97 %),0,0,0,0,24139031,4.98
07/04/2011,0,0,10.2(-1.92 %),0,0,0,0,24139031,4.98
08/04/2011,0,0,10.1(-0.98 %),0,0,0,0,24139031,4.98
13/04/2011,0,0,9.8(-2.97 %),0,0,0,0,24139031,4.98
14/04/2011,0,0,9.6(-2.04 %),0,0,0,0,24139031,4.98
15/04/2011,0,0,9.2(-4.17 %),0,0,0,0,24139031,4.98
18/04/2011,0,0,9.1(-1.09 %),0,0,0,0,24139031,4.98
19/04/2011,0,0,9(-1.10 %),0,0,0,0,24139031,4.98
20/04/2011,0,0,9.2(2.22 %),0,0,0,0,24139031,200.98
21/04/2011,0,0,9.5(3.26 %),0,0,0,0,24139031,200.98
22/04/2011,100,950000,9.2(-3.16 %),100,950000,0,0,24138931,200.98
25/04/2011,0,0,9.6(4.35 %),0,0,0,0,24138931,200.98
26/04/2011,0,0,9.6(0.00 %),0,0,0,0,24138931,200.98
27/04/2011,0,0,10(4.17 %),0,0,0,0,24138931,200.98
28/04/2011,0,0,9.9(-1.00 %),0,0,0,0,24138931,200.98
29/04/2011,0,0,9.5(-4.04 %),0,0,0,0,24138931,200.98
04/05/2011,100,940000,9.4(-1.05 %),100,940000,0,0,114403065,36.38
05/05/2011,100,930000,9.2(-2.13 %),100,930000,0,0,114402965,36.38
06/05/2011,-14500,-130750000,9(-2.17 %),1500,13450000,16000,144200000,114417465,36.36
09/05/2011,0,0,9.2(2.22 %),0,0,0,0,114417465,36.36
10/05/2011,500,4600000,9.1(-1.09 %),500,4600000,0,0,114416965,36.36
11/05/2011,30,270000,9(-1.10 %),30,270000,0,0,114416935,36.36
12/05/2011,0,0,8.9(-1.11 %),0,0,0,0,114416935,36.36
13/05/2011,0,0,8.9(0.00 %),0,0,0,0,114416935,36.36
16/05/2011,0,0,8.7(-2.25 %),0,0,0,0,114416935,36.36
17/05/2011,0,0,8.3(-4.60 %),0,0,0,0,114416935,36.36
18/05/2011,1000,7900000,8(-3.61 %),1000,7900000,0,0,114415935,7.27
19/05/2011,2000,16300000,7.9(-1.25 %),2000,16300000,0,0,114413935,7.27
20/05/2011,-1100,-8600000,7.8(-1.27 %),0,0,1100,8600000,114415035,7.27
23/05/2011,470,3572000,7.5(-3.85 %),470,3572000,0,0,114414565,7.27
24/05/2011,180,1296000,7.2(-4.00 %),180,1296000,0,0,114414385,7.27
25/05/2011,5800,40020000,6.9(-4.17 %),5800,40020000,0,0,114408585,7.27
26/05/2011,0,0,7.2(4.35 %),0,0,0,0,114408585,7.27
27/05/2011,51340,377008000,7.5(4.17 %),51340,377008000,0,0,114357245,7.29
30/05/2011,103700,774852000,7.2(-4.00 %),103700,774852000,0,0,114253545,7.33
31/05/2011,25080,176884000,7.1(-1.39 %),25080,176884000,0,0,114228465,7.34
01/06/2011,36000,255600000,7.4(4.23 %),36000,255600000,0,0,114228365,7.34
02/06/2011,0,0,7.7(4.05 %),0,0,0,0,114228365,7.34
03/06/2011,27620,218910000,7.7(0.00 %),29300,231510000,1680,12600000,114200745,7.35
06/06/2011,10000,76800000,7.8(1.30 %),12000,92400000,2000,15600000,114190745,7.35
07/06/2011,0,0,8.1(3.85 %),0,0,0,0,114190745,7.35
08/06/2011,-87760,-712132000,8.2(1.23 %),0,0,87760,712132000,114278505,7.32
09/06/2011,-69500,-574450000,8.4(2.44 %),0,0,69500,574450000,114348005,7.3
10/06/2011,500,4400000,8.8(4.76 %),500,4400000,0,0,114347505,7.3
13/06/2011,-175140,-1587552000,9.2(4.55 %),0,0,175140,1587552000,114522645,7.23
14/06/2011,-189870,-1759249000,9(-2.17 %),0,0,189870,1759249000,114712515,7.16
15/06/2011,9900,86130000,8.6(-4.44 %),9900,86130000,0,0,114702615,7.17
16/06/2011,-77900,-665950000,8.6(0.00 %),3000,25200000,80900,691150000,114780515,7.14
17/06/2011,22200,185070000,8.2(-4.65 %),22200,185070000,0,0,114758315,7.15
20/06/2011,5000,39000000,7.8(-4.88 %),5000,39000000,0,0,114753315,7.15
21/06/2011,500,3950000,8.1(3.85 %),500,3950000,0,0,114752815,7.15
22/06/2011,1400,11620000,8.2(1.23 %),1400,11620000,0,0,114751415,7.15
23/06/2011,-6970,-56854000,8(-2.44 %),0,0,6970,56854000,114758385,7.15
24/06/2011,18610,147680000,7.9(-1.25 %),18610,147680000,0,0,114739775,7.15
27/06/2011,-34430,-275473000,8(1.27 %),4500,36000000,38930,311473000,114774205,7.14
28/06/2011,-19770,-156910000,7.9(-1.25 %),1000,7900000,20770,164810000,114793975,7.13
29/06/2011,-20140,-159120000,7.9(0.00 %),2500,19750000,22640,178870000,114814115,7.13
30/06/2011,-6660,-52251000,7.9(0.00 %),5000,39000000,11660,91251000,114820775,7.12
01/07/2011,-8610,-67158000,7.8(-1.27 %),790,6162000,9400,73320000,114729705,7.16
04/07/2011,-7600,-58520000,7.6(-2.56 %),0,0,7600,58520000,114737305,7.15
05/07/2011,-56000,-442400000,7.9(3.95 %),0,0,56000,442400000,114793305,7.13
06/07/2011,-5500,-42600000,7.7(-2.53 %),4500,36000000,10000,78600000,114798805,7.13
07/07/2011,-10800,-83230000,7.6(-1.30 %),200,1520000,11000,84750000,114809605,7.13
08/07/2011,28870,219412000,7.7(1.32 %),28870,219412000,0,0,114780735,7.14
11/07/2011,6950,52925000,7.5(-2.60 %),6950,52925000,0,0,114773785,7.14
12/07/2011,200,1480000,7.4(-1.33 %),200,1480000,0,0,114773585,7.14
13/07/2011,10000,74000000,7.4(0.00 %),10000,74000000,0,0,114763585,7.15
14/07/2011,-99800,-724833000,7.3(-1.35 %),200,1440000,100000,726273000,114863385,7.11
15/07/2011,-54890,-392374000,7.1(-2.74 %),3110,23014000,58000,415388000,114918275,7.09
18/07/2011,-46000,-323286000,7(-1.41 %),0,0,46000,323286000,114964275,7.07
19/07/2011,-45600,-315490000,6.9(-1.43 %),400,2760000,46000,318250000,115009875,7.06
20/07/2011,14100,97860000,7.2(4.35 %),14100,97860000,0,0,114995775,7.06
21/07/2011,0,0,7(-2.78 %),0,0,0,0,114995775,7.06
22/07/2011,18500,128650000,7(0.00 %),18500,128650000,0,0,114977275,7.07
25/07/2011,9000,63900000,7(0.00 %),9000,63900000,0,0,114968275,7.07
26/07/2011,500,3350000,6.8(-2.86 %),500,3350000,0,0,114967775,7.07
27/07/2011,13000,87400000,6.7(-1.47 %),13000,87400000,0,0,114954775,7.08
28/07/2011,0,0,6.7(0.00 %),0,0,0,0,114954775,7.08
29/07/2011,2680,18224000,6.7(0.00 %),2680,18224000,0,0,114952095,7.08
01/08/2011,0,0,6.6(-1.49 %),0,0,0,0,115015775,7.05
02/08/2011,1300,8340000,6.3(-4.55 %),1300,8340000,0,0,115014475,7.05
03/08/2011,7340,44090000,6(-4.76 %),7340,44090000,0,0,115007135,7.06
04/08/2011,0,0,6.3(5.00 %),0,0,0,0,115007135,7.06
05/08/2011,10420,64604000,6.4(1.59 %),10420,64604000,0,0,114996715,7.06
08/08/2011,47600,308200000,6.3(-1.56 %),47600,308200000,0,0,114949115,7.08
09/08/2011,0,0,6(-4.76 %),0,0,0,0,114949115,7.08
10/08/2011,19110,118482000,6.1(1.67 %),19110,118482000,0,0,114930005,7.08
11/08/2011,0,0,6(-1.64 %),0,0,0,0,114930005,7.08
12/08/2011,0,0,6.1(1.67 %),0,0,0,0,114930005,7.08
15/08/2011,3000,18000000,6.1(0.00 %),3000,18000000,0,0,114927005,7.09
16/08/2011,0,0,6.1(0.00 %),0,0,0,0,114927005,7.09
17/08/2011,9800,60760000,6.4(4.92 %),9800,60760000,0,0,114917205,7.09
18/08/2011,0,0,6.7(4.69 %),0,0,0,0,114917205,7.09
19/08/2011,59500,386750000,6.5(-2.99 %),59500,386750000,0,0,114857705,7.11
22/08/2011,0,0,6.8(4.62 %),0,0,0,0,114857705,7.11
23/08/2011,0,0,6.7(-1.47 %),0,0,0,0,114857705,7.11
24/08/2011,0,0,6.6(-1.49 %),0,0,0,0,114857705,7.11
25/08/2011,0,0,6.7(1.52 %),0,0,0,0,114857705,7.11
26/08/2011,0,0,6.7(0.00 %),0,0,0,0,114857705,7.11
29/08/2011,0,0,7(4.48 %),0,0,0,0,114857705,7.11
30/08/2011,5500,40150000,7.3(4.29 %),10400,75920000,4900,35770000,114852205,7.11
31/08/2011,303000,2302800000,7.6(4.11 %),303000,2302800000,0,0,114549205,7.22
01/09/2011,0,0,7.9(3.95 %),0,0,0,0,114544305,7.23
05/09/2011,492320,4035004000,8.2(3.80 %),496320,4067404000,4000,32400000,114051985,7.4
06/09/2011,-6950,-55980000,7.8(-4.88 %),0,0,6950,55980000,114058935,7.4
07/09/2011,-303000,-2434000000,8.1(3.85 %),0,0,303000,2434000000,114361935,7.29
08/09/2011,-3000,-25500000,8.5(4.94 %),0,0,3000,25500000,114364935,7.29
09/09/2011,43420,366728000,8.8(3.53 %),43420,366728000,0,0,114321515,7.31
12/09/2011,293940,2695960000,9.2(4.55 %),293940,2695960000,0,0,114027575,7.41
13/09/2011,-145890,-1245456000,9.6(4.35 %),324110,3085544000,470000,4331000000,114173465,7.36
14/09/2011,104020,1040200000,10(4.17 %),104020,1040200000,0,0,114069445,7.4
15/09/2011,428970,4504185000,10.5(5.00 %),461720,4848060000,32750,343875000,113640475,7.55
16/09/2011,120410,1324510000,11(4.76 %),120410,1324510000,0,0,113520065,7.6
19/09/2011,502630,5454995000,11.2(1.82 %),544630,5909104000,42000,454109000,113017435,7.78
20/09/2011,471130,5108121000,10.8(-3.57 %),493130,5354521000,22000,246400000,112546305,7.95
21/09/2011,125000,1382500000,11.3(4.63 %),126000,1393600000,1000,11100000,112421305,8.0
22/09/2011,642660,7574456000,11.8(4.42 %),644660,7598056000,2000,23600000,111778645,8.23
23/09/2011,383670,4660088000,12.3(4.24 %),383670,4660088000,0,0,111394975,8.37
26/09/2011,-486690,-6278301000,12.9(4.88 %),13310,171699000,500000,6450000000,111881665,8.2
27/09/2011,-131480,-1774980000,13.5(4.65 %),697030,9409905000,828510,11184885000,112013145,8.15
28/09/2011,-106360,-1499676000,14.1(4.44 %),393640,5550324000,500000,7050000000,112119505,8.11
29/09/2011,2828530,41227872000,13.9(-1.42 %),3357940,48714325000,529410,7486453000,109290975,9.14
30/09/2011,-281640,-3730796000,13.3(-4.32 %),38360,527204000,320000,4258000000,109572615,9.04
03/10/2011,0,0,12.7(-4.51 %),0,0,0,0,108728105,9.35
04/10/2011,10,121000,12.1(-4.72 %),10,121000,0,0,108728095,9.35
05/10/2011,-330830,-3850553000,11.6(-4.13 %),130170,1512847000,461000,5363400000,109058925,9.23
06/10/2011,-565000,-6789000000,12.1(4.31 %),0,0,565000,6789000000,109623925,9.02
07/10/2011,-325210,-4147830000,12.7(4.96 %),674790,8518162000,1000000,12665992000,109949135,8.9
10/10/2011,-10000,-121000000,12.1(-4.72 %),0,0,10000,121000000,109959135,8.9
11/10/2011,-382320,-4475715000,11.6(-4.13 %),62700,739520000,445020,5215235000,110341455,8.76
12/10/2011,200000,2220000000,11.1(-4.31 %),200000,2220000000,0,0,110141455,8.83
13/10/2011,-28100,-309700000,10.6(-4.50 %),2000,21400000,30100,331100000,110169555,8.82
14/10/2011,0,0,10.7(0.94 %),0,0,0,0,110169555,8.82
17/10/2011,67350,710610000,10.2(-4.67 %),77350,812610000,10000,102000000,110102205,8.85
18/10/2011,0,0,9.7(-4.90 %),0,0,0,0,110102205,8.85
19/10/2011,-35130,-343572000,9.6(-1.03 %),23880,222924000,59010,566496000,110137335,8.83
20/10/2011,0,0,9.4(-2.08 %),0,0,0,0,110137335,8.83
21/10/2011,47820,463908000,9.8(4.26 %),47820,463908000,0,0,110089515,8.85
24/10/2011,40930,417286000,10.2(4.08 %),40930,417286000,0,0,110048585,8.86
25/10/2011,58040,582298000,10(-1.96 %),58040,582298000,0,0,109990545,8.89
26/10/2011,217610,2195388000,10.2(2.00 %),217610,2195388000,0,0,109772935,8.97
27/10/2011,0,0,10.7(4.90 %),0,0,0,0,109772935,8.97
28/10/2011,214790,2405648000,11.2(4.67 %),214790,2405648000,0,0,109558145,9.04
31/10/2011,-340700,-3989190000,11.4(1.79 %),159300,1860810000,500000,5850000000,109898845,8.92
01/11/2011,70290,767683000,10.9(-4.39 %),73600,805748000,3310,38065000,110338255,8.76
02/11/2011,147560,1576342000,10.7(-1.83 %),147560,1576342000,0,0,110190695,8.81
03/11/2011,0,0,10.7(0.00 %),0,0,0,0,110190695,8.81
04/11/2011,-2440,-23676000,10.4(-2.80 %),4500,48750000,6940,72426000,110193135,8.81
07/11/2011,-72460,-732971000,9.9(-4.81 %),79160,786567000,151620,1519538000,110265595,8.79
08/11/2011,0,0,10.1(2.02 %),0,0,0,0,110265595,8.79
09/11/2011,149250,1509543000,10.2(0.99 %),249260,2529645000,100010,1020102000,110116345,8.84
10/11/2011,95030,938794000,9.8(-3.92 %),95030,938794000,0,0,110021315,8.87
11/11/2011,-176590,-1638895000,9.4(-4.08 %),55300,542614000,231890,2181509000,110197905,8.81
14/11/2011,-21130,-167993000,9(-4.26 %),239010,2192052000,260140,2360045000,110219035,8.8
15/11/2011,405000,3796870000,9.4(4.44 %),410000,3842870000,5000,46000000,109814035,8.95
16/11/2011,100790,985373000,9.8(4.26 %),100790,985373000,0,0,109713245,8.99
17/11/2011,60010,600098000,9.6(-2.04 %),60010,600098000,0,0,109653235,9.01
18/11/2011,42870,408615000,9.6(0.00 %),100720,949760000,57850,541145000,109610365,9.02
21/11/2011,0,0,9.4(-2.08 %),0,0,0,0,109610365,9.02
22/11/2011,0,0,9.5(1.06 %),0,0,0,0,109610365,9.02
23/11/2011,0,0,9.8(3.16 %),0,0,0,0,109610365,9.02
24/11/2011,0,0,9.6(-2.04 %),0,0,0,0,109610365,9.02
25/11/2011,55730,533831000,9.5(-1.04 %),82610,790315000,26880,256484000,109554635,9.04
28/11/2011,-25200,-251227000,9.9(4.21 %),27470,269206000,52670,520433000,109579835,9.04
29/11/2011,0,0,9.8(-1.01 %),0,0,0,0,109579835,9.04
30/11/2011,36360,353702000,9.5(-3.06 %),36360,353702000,0,0,109543475,9.05
01/12/2011,130000,1257000000,9.7(2.11 %),130000,1257000000,0,0,109830515,8.94
02/12/2011,3000,29400000,9.7(0.00 %),3000,29400000,0,0,109827515,8.95
05/12/2011,-30350,-306000000,10.1(4.12 %),0,0,30350,306000000,109857865,8.93
06/12/2011,34440,357797000,10.3(1.98 %),42670,445035000,8230,87238000,109823425,8.95
07/12/2011,-249800,-2537520000,10.1(-1.94 %),200,2020000,250000,2539540000,110073225,8.86
08/12/2011,-244370,-2440484000,9.8(-2.97 %),0,0,244370,2440484000,110317595,8.77
09/12/2011,-144040,-1365092000,9.5(-3.06 %),30960,303408000,175000,1668500000,110461635,8.71
12/12/2011,5500,50158000,9.3(-2.11 %),210500,1953250000,205000,1903092000,110456135,8.72
13/12/2011,100000,910000000,9.1(-2.15 %),100000,910000000,0,0,110356135,8.75
14/12/2011,174310,1572459000,8.7(-4.40 %),241240,2158170000,66930,585711000,110181825,8.82
15/12/2011,164000,1361200000,8.5(-2.30 %),164000,1361200000,0,0,110017825,8.88
16/12/2011,245170,2174129000,8.9(4.71 %),245170,2174129000,0,0,109772655,8.97
19/12/2011,62570,564903000,8.6(-3.37 %),62570,564903000,0,0,109710085,8.99
20/12/2011,0,0,8.4(-2.33 %),0,0,0,0,109710085,8.99
21/12/2011,403000,3536400000,8.7(3.57 %),403000,3536400000,0,0,109307085,9.14
22/12/2011,-128010,-1052022000,8.3(-4.60 %),500000,4205000000,628010,5257022000,109435095,9.09
23/12/2011,-43410,-344280000,8.3(0.00 %),28000,229600000,71410,573880000,109478505,9.07
26/12/2011,152750,1242745000,7.9(-4.82 %),152750,1242745000,0,0,109325755,9.13
27/12/2011,413110,3169643000,7.6(-3.80 %),413110,3169643000,0,0,108912645,9.28
28/12/2011,124480,980944000,7.9(3.95 %),124480,980944000,0,0,108788165,9.32
29/12/2011,281260,2228584000,8(1.27 %),281260,2228584000,0,0,108506905,9.43
30/12/2011,215010,1808727000,8.4(5.00 %),250230,2101053000,35220,292326000,108291895,9.51
03/01/2012,0,0,8.5(1.19 %),0,0,0,0,108179345,9.55
04/01/2012,29850,253725000,8.2(-3.53 %),29850,253725000,0,0,108149495,9.56
05/01/2012,0,0,8.1(-1.22 %),10000,80000000,10000,80000000,108149495,9.56
06/01/2012,30240,240820000,7.8(-3.70 %),30240,240820000,0,0,108119255,9.57
09/01/2012,2600,20380000,8(2.56 %),2600,20380000,0,0,108116655,9.57
10/01/2012,127880,1068603000,8.4(5.00 %),137000,1144800000,9120,76197000,107988775,9.62
11/01/2012,74700,613040000,8(-4.76 %),74700,613040000,0,0,107914075,9.64
12/01/2012,34000,272700000,8(0.00 %),34000,272700000,0,0,107880075,9.66
13/01/2012,70000,568000000,8.2(2.50 %),70000,568000000,0,0,107810075,9.68
16/01/2012,145730,1230459000,8.4(2.44 %),154670,1305161000,8940,74702000,107664345,9.73
17/01/2012,0,0,8.2(-2.38 %),0,0,0,0,107664345,9.73
18/01/2012,8630,71266000,8.2(0.00 %),8630,71266000,0,0,107655715,9.74
19/01/2012,116110,998546000,8.6(4.88 %),116110,998546000,0,0,107539605,9.78
20/01/2012,-2650,-22197000,8.4(-2.33 %),1640,14268000,4290,36465000,107542255,9.78
30/01/2012,-41570,-356412000,8.6(2.38 %),24100,204450000,65670,560862000,107583825,9.76
31/01/2012,-51100,-459900000,9(4.65 %),10000,90000000,61100,549900000,107634925,9.75
01/02/2012,107420,1007087000,9.4(4.44 %),112420,1054087000,5000,47000000,107539085,9.78
02/02/2012,-4230,-41454000,9.8(4.26 %),0,0,4230,41454000,107543315,9.78
03/02/2012,83170,847574000,9.9(1.02 %),85150,867490000,1980,19916000,107460145,9.81
06/02/2012,18740,190134000,10.3(4.04 %),36640,371114000,17900,180980000,107441405,9.82
07/02/2012,77110,789502000,10.2(-0.97 %),81610,835402000,4500,45900000,107364295,9.84
08/02/2012,72580,767180000,10.7(4.90 %),77580,820680000,5000,53500000,107291715,9.87
09/02/2012,0,0,10.5(-1.87 %),0,0,0,0,107291715,9.87
10/02/2012,74160,746389000,10(-4.76 %),78160,786589000,4000,40200000,107217555,9.9
13/02/2012,-15140,-145134000,9.5(-5.00 %),8140,78144000,23280,223278000,107232695,9.89
14/02/2012,21890,217303000,9.8(3.16 %),51790,500363000,29900,283060000,107210805,9.9
15/02/2012,26140,258916000,9.5(-3.06 %),33000,323400000,6860,64484000,107184665,9.91
16/02/2012,31720,302940000,9.7(2.11 %),31720,302940000,0,0,107152945,9.92
17/02/2012,170000,1708098000,10.1(4.12 %),174000,1748498000,4000,40400000,106982945,9.98
20/02/2012,-285000,-3021000000,10.6(4.95 %),20000,212000000,305000,3233000000,107267945,9.88
21/02/2012,-292390,-3127124000,10.5(-0.94 %),100000,1104500000,392390,4231624000,107560335,9.77
22/02/2012,-197000,-2150600000,11(4.76 %),11000,114400000,208000,2265000000,107757335,9.7
23/02/2012,284600,3295910000,11.5(4.55 %),599620,6872634000,315020,3576724000,107472735,9.8
24/02/2012,103280,1225523000,11.4(-0.87 %),247500,2918988000,144220,1693465000,107369455,9.84
27/02/2012,-105680,-1236672000,11.6(1.75 %),83700,966074000,189380,2202746000,107475135,9.8
28/02/2012,49480,564072000,11.1(-4.31 %),71380,813732000,21900,249660000,107425655,9.82
29/02/2012,-281280,-3090861000,11.1(0.00 %),54430,598257000,335710,3689118000,107706935,9.72
01/03/2012,-111270,-1213593000,10.9(-1.80 %),90230,983507000,201500,2197100000,107152085,9.92
02/03/2012,-295700,-3296978000,11.4(4.59 %),4300,49020000,300000,3345998000,107447785,9.81
05/03/2012,-300000,-3570000000,11.9(4.39 %),100000,1190000000,400000,4760000000,107747785,9.7
06/03/2012,-291820,-3418227000,11.4(-4.20 %),156180,1882614000,448000,5300841000,108039605,9.6
07/03/2012,-1550,6040000,11.9(4.39 %),301450,3475040000,303000,3469000000,108041155,9.6
08/03/2012,-318000,-3663203000,11.4(-4.20 %),0,0,318000,3663203000,108359155,9.48
09/03/2012,-97000,-1052150000,11.2(-1.75 %),206000,2357800000,303000,3409950000,108456155,9.45
12/03/2012,-3000,-33000000,10.8(-3.57 %),0,0,3000,33000000,108459155,9.44
13/03/2012,-314010,-3422786000,11(1.85 %),2000,21600000,316010,3444386000,108773165,9.33
14/03/2012,80690,880777000,10.9(-0.91 %),152830,1666957000,72140,786180000,108692475,9.36
15/03/2012,-325000,-3625100000,11.4(4.59 %),0,0,325000,3625100000,109017475,9.24
16/03/2012,-709820,-7881930000,10.9(-4.39 %),40260,469442000,750080,8351372000,109727295,8.98
19/03/2012,-337180,-3715262000,11(0.92 %),19500,212550000,356680,3927812000,110064475,8.86
20/03/2012,111490,1250155000,11.5(4.55 %),121490,1364335000,10000,114180000,109952985,8.9
21/03/2012,-362300,-4277716000,11.8(2.61 %),19700,228290000,382000,4506006000,110315285,8.77
22/03/2012,-439200,-5143940000,11.6(-1.69 %),8500,99450000,447700,5243390000,110754485,8.61
23/03/2012,-491560,-5864835000,11.9(2.59 %),10440,122164000,502000,5986999000,111246045,8.43
26/03/2012,-258450,-3076334000,11.6(-2.52 %),50550,589770000,309000,3666104000,111504495,8.33
27/03/2012,-556430,-6713193000,11.7(0.86 %),6010,69716000,562440,6782909000,112060925,8.13
28/03/2012,-162110,-1915951000,11.9(1.71 %),137890,1604044000,300000,3519995000,112223035,8.07
29/03/2012,-3990,-50354000,11.4(-4.20 %),296010,3421918000,300000,3472272000,112227025,8.07
30/03/2012,-183750,-2020773000,11(-3.51 %),121250,1358530000,305000,3379303000,112410775,8.0
03/04/2012,2000,21800000,11.1(0.91 %),2000,21800000,0,0,112195535,8.08
04/04/2012,299250,3380702000,11(-0.90 %),599250,6758700000,300000,3377998000,111896285,8.19
05/04/2012,-306000,-3398400000,11.5(4.55 %),0,0,306000,3398400000,112202285,8.08
06/04/2012,-514370,-6084292000,11.8(2.61 %),75630,885705000,590000,6969997000,112716655,7.89
09/04/2012,-295960,-3590812000,12.3(4.24 %),129840,1571564000,425800,5162376000,113012615,7.78
10/04/2012,-299110,-3663477000,12.1(-1.63 %),250000,3119000000,549110,6782477000,113311725,7.67
11/04/2012,-305030,-3779288000,12.7(4.96 %),0,0,305030,3779288000,113616755,7.56
12/04/2012,212750,2807850000,13(2.36 %),290750,3840750000,78000,1032900000,113404005,7.64
13/04/2012,197860,2562880000,12.4(-4.62 %),197860,2562880000,0,0,113206145,7.71
16/04/2012,6350,82550000,13(4.84 %),6350,82550000,0,0,113199795,7.72
17/04/2012,76000,1015900000,12.9(-0.77 %),100000,1325500000,24000,309600000,113123795,7.74
18/04/2012,-24110,-344115000,13.3(3.10 %),31050,400545000,55160,744660000,113147905,7.73
19/04/2012,-66350,-859615000,12.7(-4.51 %),24850,315875000,91200,1175490000,113214255,7.71
20/04/2012,39440,501568000,12.7(0.00 %),39470,501949000,30,381000,113174815,7.72
23/04/2012,-191000,-2426589000,12.8(0.79 %),9000,115410000,200000,2541999000,113365815,7.65
24/04/2012,-4700,-59560000,13(1.56 %),0,0,4700,59560000,113370515,7.65
25/04/2012,31890,421098000,13.4(3.08 %),31890,421098000,0,0,113338625,7.66
26/04/2012,-8950,-116040000,13(-2.99 %),1050,13960000,10000,130000000,113347575,7.66
27/04/2012,90400,1199790000,13.6(4.62 %),98450,1309265000,8050,109475000,113257175,7.69
02/05/2012,190090,2647950000,13.9(2.21 %),200090,2784950000,10000,137000000,113942035,7.44
03/05/2012,123880,1588564000,12.8(0.00 %),123880,1588564000,0,0,113818155,7.49
04/05/2012,133740,1728192000,12.9(0.78 %),142240,1837692000,8500,109500000,113684415,7.54
07/05/2012,237290,3057891000,12.9(0.00 %),237290,3057891000,0,0,113447125,7.63
08/05/2012,66000,845900000,13.1(1.55 %),66000,845900000,0,0,113381125,7.65
09/05/2012,-14110,-181320000,12.9(-1.53 %),87900,1151210000,102010,1332530000,113395235,7.64
10/05/2012,-244500,-3160300000,13.1(1.55 %),72000,954200000,316500,4114500000,113639735,7.56
11/05/2012,274080,3614678000,12.9(-1.53 %),287200,3785926000,13120,171248000,113365655,7.66
14/05/2012,-97880,-1233917000,12.3(-4.65 %),17730,225679000,115610,1459596000,113463535,7.62
15/05/2012,-382940,-4507489000,11.7(-4.88 %),22150,267162000,405090,4774651000,113846475,7.48
16/05/2012,123330,1437851000,11.6(-0.85 %),200050,2326803000,76720,888952000,113723145,7.52
17/05/2012,75270,896901000,11.3(-2.59 %),100100,1177630000,24830,280729000,113647875,7.55
18/05/2012,67350,741545000,11.1(-1.77 %),91400,1007390000,24050,265845000,113580525,7.58
21/05/2012,-64210,-744836000,11.6(4.50 %),20,232000,64230,745068000,113644735,7.55
22/05/2012,100000,1157000000,11.5(-0.86 %),100000,1157000000,0,0,113544735,7.59
23/05/2012,115290,1285446000,11(-4.35 %),115790,1290946000,500,5500000,113429445,7.63
24/05/2012,-153110,-1618966000,10.5(-4.55 %),114100,1213460000,267210,2832426000,113582555,7.58
25/05/2012,-94950,-1044450000,11(4.76 %),40000,440000000,134950,1484450000,113677505,7.54
28/05/2012,34420,396388000,11.5(4.55 %),74420,848388000,40000,452000000,113643085,7.55
29/05/2012,201660,2314429000,11.6(0.87 %),201660,2314429000,0,0,113441425,7.63
30/05/2012,304730,3586604000,11.8(1.72 %),306730,3610204000,2000,23600000,113136695,7.74
31/05/2012,184240,2130304000,11.4(-3.39 %),187240,2164504000,3000,34200000,112952455,7.81
01/06/2012,448410,5280287000,11.6(1.75 %),452410,5327487000,4000,47200000,112528395,7.96
04/06/2012,-115640,-1297419000,11.2(-3.45 %),24390,280294000,140030,1577713000,112644035,7.92
05/06/2012,-73910,-853351000,11.6(3.57 %),7000,78900000,80910,932251000,112602305,7.93
06/06/2012,11850,133460000,11.8(1.72 %),31850,368860000,20000,235400000,112590455,7.94
07/06/2012,-63800,-770900000,12(1.69 %),13000,154700000,76800,925600000,112654255,7.91
08/06/2012,45800,552400000,11.8(-1.67 %),50800,611900000,5000,59500000,112608455,7.93
11/06/2012,46570,553533000,11.9(0.85 %),63570,753833000,17000,200300000,112561885,7.95
12/06/2012,8960,103924000,11.6(-2.52 %),9000,104400000,40,476000,112552925,7.95
13/06/2012,10000,116000000,11.6(0.00 %),10000,116000000,0,0,112542925,7.96
14/06/2012,0,0,11.4(-1.72 %),0,0,0,0,112542925,7.96
15/06/2012,738000,8728811000,11.9(4.39 %),758000,8966811000,20000,238000000,111804925,8.22
18/06/2012,129720,1586189000,12.2(2.52 %),153720,1881489000,24000,295300000,111675205,8.27
19/06/2012,-17000,-204130000,11.8(-3.28 %),13000,154400000,30000,358530000,111692205,8.27
20/06/2012,300,3570000,11.7(-0.85 %),300,3570000,0,0,111691905,8.27
21/06/2012,17760,207681000,11.8(0.85 %),17760,207681000,0,0,111674145,8.27
22/06/2012,16400,189180000,11.4(-3.39 %),17340,200178000,940,10998000,111657745,8.28
25/06/2012,17210,192450000,11(-3.51 %),17210,192450000,0,0,111640535,8.28
26/06/2012,100000,1081000000,10.8(-1.82 %),100000,1081000000,0,0,111540535,8.32
27/06/2012,-40520,-432065000,10.8(0.00 %),16140,179863000,56660,611928000,111581055,8.31
28/06/2012,-5000,-54000000,10.8(0.00 %),0,0,5000,54000000,111586055,8.3
29/06/2012,3270,35316000,10.8(0.00 %),3270,35316000,0,0,111582785,8.31
02/07/2012,29100,311860000,10.6(-1.85 %),34100,366860000,5000,55000000,111611665,8.29
03/07/2012,20300,205070000,10.2(-3.77 %),20300,205070000,0,0,111591365,8.3
04/07/2012,128280,1308256000,10.1(-0.98 %),128280,1308256000,0,0,111463085,8.35
05/07/2012,100,1000000,10.4(2.97 %),100,1000000,0,0,111462985,8.35
06/07/2012,26500,275600000,10.4(0.00 %),26500,275600000,0,0,111436485,8.36
09/07/2012,-47700,-479880000,10(-3.85 %),24400,248830000,72100,728710000,111484185,8.34
10/07/2012,-87770,-856607000,9.8(-2.00 %),101100,1005670000,188870,1862277000,111571955,8.31
11/07/2012,-53200,-532400000,10(2.04 %),12800,128000000,66000,660400000,111625155,8.29
12/07/2012,-49000,-498150000,10.2(2.00 %),0,0,49000,498150000,111674155,8.27
13/07/2012,-32600,-343020000,10.6(3.92 %),5400,55880000,38000,398900000,111706755,8.26
16/07/2012,18050,186830000,10.4(-1.89 %),18050,186830000,0,0,111688705,8.27
17/07/2012,-44470,-475829000,10.7(2.88 %),0,0,44470,475829000,111733175,8.25
18/07/2012,7060,75542000,10.6(-0.93 %),7060,75542000,0,0,111726115,8.25
19/07/2012,-40000,-444000000,11.1(4.72 %),0,0,40000,444000000,111766115,8.24
20/07/2012,-38510,-446716000,11.4(2.70 %),46500,539400000,85010,986116000,111804625,8.22
23/07/2012,7100,79890000,11.3(-0.88 %),12100,136890000,5000,57000000,111797525,8.23
24/07/2012,9000,99050000,11(-2.65 %),10000,110250000,1000,11200000,111788525,8.23
25/07/2012,3500,38500000,10.8(-1.82 %),3500,38500000,0,0,111785025,8.23
26/07/2012,0,0,11(1.85 %),0,0,0,0,111785025,8.23
27/07/2012,0,0,10.9(-0.91 %),0,0,0,0,111785025,8.23
30/07/2012,6200,67580000,10.9(0.00 %),6200,67580000,0,0,111778825,8.23
31/07/2012,-10000,-110000000,10.9(0.00 %),0,0,10000,110000000,111788825,8.23
01/08/2012,3800,41420000,10.6(-2.75 %),3800,41420000,0,0,111841685,8.21
02/08/2012,0,0,10.6(0.00 %),0,0,0,0,111841685,8.21
03/08/2012,70050,742795000,10.6(0.00 %),87050,922995000,17000,180200000,111771635,8.24
06/08/2012,-16680,-183008000,10.9(2.83 %),30000,327000000,46680,510008000,111788315,8.23
07/08/2012,78000,847200000,10.8(-0.92 %),90000,978000000,12000,130800000,111710315,8.26
08/08/2012,67240,726906000,10.8(0.00 %),67240,726906000,0,0,111643075,8.28
09/08/2012,0,0,10.9(0.93 %),0,0,0,0,111643075,8.28
10/08/2012,43930,479184000,10.9(0.00 %),43930,479184000,0,0,111599145,8.3
13/08/2012,71400,768120000,10.8(-0.92 %),71400,768120000,0,0,111527745,8.33
14/08/2012,26520,285241000,10.8(0.00 %),50600,546480000,24080,261239000,111501225,8.33
15/08/2012,69100,746280000,10.8(0.00 %),69100,746280000,0,0,111432125,8.36
16/08/2012,80000,864000000,10.8(0.00 %),80000,864000000,0,0,111352125,8.39
17/08/2012,22630,243741000,10.9(0.93 %),32630,351741000,10000,108000000,111329495,8.4
20/08/2012,-17500,-190750000,10.9(0.00 %),2500,27250000,20000,218000000,111346995,8.39
21/08/2012,185730,1961155000,10.4(-4.59 %),190900,2015440000,5170,54285000,111161265,8.46
22/08/2012,-36070,-362085000,9.9(-4.81 %),113930,1130715000,150000,1492800000,111197335,8.45
23/08/2012,43670,414422000,9.5(-4.04 %),55200,524410000,11530,109988000,111153665,8.46
24/08/2012,39850,329679000,9.5(0.00 %),239850,2205015000,200000,1875336000,111113815,8.48
27/08/2012,34680,323500000,9.1(-4.21 %),34680,323500000,0,0,111079135,8.49
28/08/2012,-79260,-701653000,8.8(-3.30 %),4100,36570000,83360,738223000,111158395,8.46
29/08/2012,130680,1194756000,9.2(4.55 %),130680,1194756000,0,0,111027715,8.51
30/08/2012,20000,192000000,9.4(2.17 %),20000,192000000,0,0,111007715,8.51
31/08/2012,4300,40420000,9.4(0.00 %),18370,172678000,14070,132258000,111003415,8.52
04/09/2012,0,0,9.7(3.19 %),0,0,0,0,110999345,8.52
05/09/2012,208440,2008160000,9.4(-3.09 %),390100,3737994000,181660,1729834000,110790905,8.59
06/09/2012,-2000,-18800000,9.2(-2.13 %),0,0,2000,18800000,110792905,8.59
07/09/2012,-350,-3608000,9.3(1.09 %),3000,27600000,3350,31208000,110793255,8.59
10/09/2012,-67700,-601600000,8.9(-4.30 %),42600,383900000,110300,985500000,110860955,8.57
11/09/2012,-121430,-1044340000,8.6(-3.37 %),1900,16460000,123330,1060800000,110982385,8.52
12/09/2012,44010,385663000,8.6(0.00 %),56550,496015000,12540,110352000,110938375,8.54
13/09/2012,-2000,-17200000,8.9(3.49 %),0,0,2000,17200000,110940375,8.54
14/09/2012,5200,47620000,9.2(3.37 %),5200,47620000,0,0,110935175,8.54
17/09/2012,14150,127350000,8.9(-3.26 %),14150,127350000,0,0,110921025,8.55
18/09/2012,-54100,-473420000,8.5(-4.49 %),0,0,54100,473420000,110975125,8.53
19/09/2012,48600,409740000,8.6(1.18 %),48600,409740000,0,0,110926525,8.54
20/09/2012,-45000,-373500000,8.3(-3.49 %),0,0,45000,373500000,110971525,8.53
21/09/2012,139490,1212095000,8.7(4.82 %),139490,1212095000,0,0,110832035,8.58
24/09/2012,980,8693000,8.4(-3.45 %),6000,51100000,5020,42407000,110831055,8.58
25/09/2012,0,0,8.4(0.00 %),0,0,0,0,110831055,8.58
26/09/2012,10700,92020000,8.6(2.38 %),10700,92020000,0,0,110820355,8.58
27/09/2012,20000,170000000,8.5(-1.16 %),20000,170000000,0,0,110800355,8.59
28/09/2012,14940,125496000,8.3(-2.35 %),14940,125496000,0,0,110785415,8.6
01/10/2012,28070,230911000,7.9(-4.82 %),28070,230911000,0,0,110771415,8.6
02/10/2012,-51900,-406610000,7.8(-1.27 %),100,790000,52000,407400000,110823315,8.58
03/10/2012,400,3160000,8(2.56 %),400,3160000,0,0,110822915,8.58
04/10/2012,0,0,7.9(-1.25 %),0,0,0,0,110822915,8.58
05/10/2012,143620,1152840000,8.1(2.53 %),143620,1152840000,0,0,110679295,8.63
08/10/2012,168950,1414860000,8.5(4.94 %),168950,1414860000,0,0,110510345,8.7
09/10/2012,287900,2536526000,8.8(3.53 %),288000,2537396000,100,870000,110222445,8.8
10/10/2012,-5000,-44500000,8.9(1.14 %),0,0,5000,44500000,110227445,8.8
11/10/2012,-24160,-218556000,8.8(-1.12 %),0,0,24160,218556000,110251605,8.79
12/10/2012,-12000,-103600000,8.7(-1.14 %),8000,70400000,20000,174000000,110263605,8.79
15/10/2012,-3000,-25800000,8.4(-3.45 %),0,0,3000,25800000,110266605,8.79
16/10/2012,-32300,-276120000,8.8(4.76 %),0,0,32300,276120000,110298905,8.77
17/10/2012,8490,76432000,8.7(-1.14 %),8600,77400000,110,968000,110290415,8.78
18/10/2012,22000,192400000,8.7(0.00 %),22000,192400000,0,0,110268415,8.78
19/10/2012,25410,218386000,8.5(-2.30 %),25410,218386000,0,0,110243005,8.79
22/10/2012,8740,72596000,8.4(-1.18 %),8740,72596000,0,0,110234265,8.8
23/10/2012,1600,13440000,8.4(0.00 %),1600,13440000,0,0,110232665,8.8
24/10/2012,10570,88788000,8.4(0.00 %),10570,88788000,0,0,110222095,8.8
25/10/2012,500,4200000,8.2(-2.38 %),500,4200000,0,0,110221595,8.8
26/10/2012,24790,207866000,8.4(2.44 %),24790,207866000,0,0,110196805,11.13
29/10/2012,10950,91680000,8.3(-1.19 %),10950,91680000,0,0,110185855,8.81
30/10/2012,10000,83000000,8.3(0.00 %),10000,83000000,0,0,110175855,8.82
31/10/2012,13210,108343000,8.2(-1.20 %),25210,206743000,12000,98400000,110162645,8.82
01/11/2012,7800,63740000,8.2(0.00 %),10000,82000000,2200,18260000,110140645,8.83
02/11/2012,109920,867250000,7.8(-4.88 %),111420,879100000,1500,11850000,110030725,8.87
05/11/2012,14190,111702000,7.7(-1.28 %),18190,142902000,4000,31200000,110016535,8.88
06/11/2012,0,0,7.6(-1.30 %),0,0,0,0,110016535,8.88
07/11/2012,42000,329865000,7.9(3.95 %),45000,353565000,3000,23700000,109974535,8.89
08/11/2012,67160,546660000,8.1(2.53 %),89040,721224000,21880,174564000,109907375,8.92
09/11/2012,9300,74880000,8.1(0.00 %),9300,74880000,0,0,109898075,8.92
12/11/2012,-43000,-354300000,8.4(3.70 %),0,0,43000,354300000,109941075,8.9
13/11/2012,-18000,-150400000,8.3(-1.19 %),0,0,18000,150400000,109959075,8.9
14/11/2012,8270,68733000,8.2(-1.20 %),8580,71338000,310,2605000,109950805,8.9
15/11/2012,-4930,-40587000,8.1(-1.22 %),17500,140000000,22430,180587000,109955735,8.9
16/11/2012,26160,211171000,8.2(1.23 %),35420,286177000,9260,75006000,109929575,8.91
19/11/2012,32240,258298000,8(-2.44 %),32240,258298000,0,0,109897335,8.92
20/11/2012,-21000,-168000000,8.1(1.25 %),0,0,21000,168000000,109918335,8.91
21/11/2012,220,1782000,8.1(0.00 %),220,1782000,0,0,109918115,8.91
22/11/2012,-2720,-21760000,8.1(0.00 %),0,0,2720,21760000,109920835,8.91
23/11/2012,-9320,-74560000,8(-1.23 %),0,0,9320,74560000,109930155,8.91
26/11/2012,20390,161441000,7.9(-1.25 %),23600,186800000,3210,25359000,109909765,8.92
27/11/2012,11070,88560000,8(1.27 %),19000,152000000,7930,63440000,109898695,8.92
28/11/2012,18690,149520000,8(0.00 %),18690,149520000,0,0,109880005,8.93
29/11/2012,0,0,8(0.00 %),0,0,0,0,109880005,8.93
30/11/2012,12190,96970000,7.9(-1.25 %),12190,96970000,0,0,109867815,8.93
03/12/2012,145540,1169394000,8.1(2.53 %),145540,1169394000,0,0,109736475,8.98
04/12/2012,-800,-6480000,8.1(0.00 %),0,0,800,6480000,109737275,8.98
05/12/2012,15170,125394000,8.2(1.23 %),15170,125394000,0,0,109722105,8.98
06/12/2012,-7000,-57400000,8.2(0.00 %),19000,155800000,26000,213200000,109729105,8.98
07/12/2012,14040,116524000,8.1(-1.22 %),14040,116524000,0,0,109715065,8.99
10/12/2012,-5000,-40500000,8.4(3.70 %),0,0,5000,40500000,109720065,8.98
11/12/2012,174380,1460182000,8.4(0.00 %),199280,1669042000,24900,208860000,109545685,9.05
12/12/2012,0,0,8.5(1.19 %),0,0,0,0,109545685,9.05
13/12/2012,-27600,-233790000,8.4(-1.18 %),0,0,27600,233790000,109573285,9.04
14/12/2012,18950,159180000,8.4(0.00 %),18950,159180000,0,0,109526735,9.06
17/12/2012,460,3864000,8.4(0.00 %),460,3864000,0,0,109526275,9.06
18/12/2012,0,0,8.3(-1.19 %),0,0,0,0,109526275,9.06
19/12/2012,25000,215000000,8.7(4.82 %),25000,215000000,0,0,109501275,9.06
20/12/2012,527970,4784838000,9.1(4.60 %),548070,4965738000,20100,180900000,108973305,9.26
21/12/2012,333280,3066354000,9.2(1.10 %),345280,3173154000,12000,106800000,108640025,9.38
24/12/2012,253330,2318701000,9.3(1.09 %),338720,3088211000,85390,769510000,108386695,9.47
25/12/2012,104410,953631000,9.1(-2.15 %),104410,953631000,0,0,108282285,9.51
26/12/2012,1810,16292000,9.3(2.20 %),1810,16292000,0,0,108280475,9.51
27/12/2012,2500,23150000,9.2(-1.08 %),2500,23150000,0,0,108277975,9.51
28/12/2012,5070,46851000,9.2(0.00 %),5070,46851000,0,0,108272905,9.51
02/01/2013,22400,212320000,9.6(4.35 %),22400,212320000,0,0,108278105,9.51
03/01/2013,127210,1196934000,9.4(-2.08 %),138010,1297294000,10800,100360000,108150895,9.56
04/01/2013,182980,1744310000,9.6(2.13 %),183170,1746115000,190,1805000,107967915,9.62
07/01/2013,443260,4287780000,9.7(1.04 %),479760,4641830000,36500,354050000,107524655,9.79
08/01/2013,93160,903652000,9.7(0.00 %),93160,903652000,0,0,107431495,9.82
09/01/2013,943950,9461393000,10.1(4.12 %),984550,9866253000,40600,404860000,106487545,10.16
10/01/2013,273880,2835789000,10.5(3.96 %),276380,2861039000,2500,25250000,106213665,10.26
11/01/2013,374360,4102531000,11(4.76 %),384970,4218800000,10610,116269000,105839305,10.4
14/01/2013,9580,106586000,10.8(-1.82 %),56580,611064000,47000,504478000,105829725,10.4
15/01/2013,56530,625330000,11(1.85 %),74530,819830000,18000,194500000,105773195,10.42
16/01/2013,6870,76314000,11(0.00 %),25070,277577000,18200,201263000,105766325,10.43
17/01/2013,11000,119874000,10.4(-5.45 %),23000,246374000,12000,126500000,105755325,10.43
18/01/2013,22340,228972000,10.1(-2.88 %),22430,229872000,90,900000,105732985,10.44
21/01/2013,7100,71060000,9.8(-2.97 %),7100,71060000,0,0,105725885,10.44
22/01/2013,114000,1120571000,9.6(-2.04 %),114000,1120571000,0,0,105611885,10.48
23/01/2013,54840,531804000,9.8(2.08 %),62840,609404000,8000,77600000,105557045,10.5
24/01/2013,-10840,-107282000,10.1(3.06 %),0,0,10840,107282000,105567885,10.5
25/01/2013,153660,1641102000,10.7(5.94 %),153660,1641102000,0,0,105414225,10.55
28/01/2013,45540,493530000,10.6(-0.93 %),47540,514730000,2000,21200000,105368685,10.57
29/01/2013,300390,3182109000,10.6(0.00 %),300390,3182109000,0,0,105068295,10.68
30/01/2013,732850,8099172000,11.3(6.60 %),734850,8121572000,2000,22400000,104335445,10.95
31/01/2013,-4280,-72430000,11(-2.65 %),45720,503370000,50000,575800000,104339725,10.95
01/02/2013,110690,1283990000,11.5(4.55 %),150690,1716490000,40000,432500000,104132035,11.02
04/02/2013,49000,558600000,11.1(-3.48 %),63000,719400000,14000,160800000,104083035,11.04
05/02/2013,1600,17160000,10.8(-2.70 %),2200,23760000,600,6600000,104081435,11.04
06/02/2013,236320,2673808000,11.3(4.63 %),238320,2696808000,2000,23000000,103845115,11.13
07/02/2013,-2700,-30510000,11.3(0.00 %),0,0,2700,30510000,103847815,11.13
08/02/2013,-7000,-79300000,11.4(0.88 %),0,0,7000,79300000,103854815,11.12
18/02/2013,460500,5447094000,12.1(6.14 %),460500,5447094000,0,0,103394315,11.29
19/02/2013,127700,1514002000,11.9(-1.65 %),155840,1854496000,28140,340494000,103266615,11.34
20/02/2013,138440,1639516000,11.9(0.00 %),138440,1639516000,0,0,103128175,11.39
21/02/2013,-43000,-495400000,11.1(-6.72 %),0,0,43000,495400000,103171175,11.37
22/02/2013,-14560,-166548000,10.8(-2.70 %),940,10152000,15500,176700000,103185735,11.37
25/02/2013,13370,144704000,11(1.85 %),13370,144704000,0,0,103172365,11.37
26/02/2013,-122350,-1262440000,10.3(-6.36 %),0,0,122350,1262440000,103294715,11.33
27/02/2013,-341820,-3393201000,10(-2.91 %),15000,149000000,356820,3542201000,103636535,11.2
28/02/2013,-181500,-1870303000,10.3(3.00 %),19000,197600000,200500,2067903000,103818035,11.14
01/03/2013,-154000,-1578868000,10.2(-0.97 %),0,0,154000,1578868000,103230365,11.35
04/03/2013,-409800,-3912280000,9.5(-6.86 %),20200,194920000,430000,4107200000,103640165,11.2
05/03/2013,-41000,-378134000,9.2(-3.16 %),69000,641600000,110000,1019734000,103681165,11.19
06/03/2013,-131900,-1239444000,9.4(2.17 %),53100,494320000,185000,1733764000,103813065,11.14
07/03/2013,-80970,-750212000,9.2(-2.13 %),98040,913956000,179010,1664168000,103894035,11.11
08/03/2013,-117800,-1105167000,9.3(1.09 %),62200,581260000,180000,1686427000,104011835,11.07
11/03/2013,-192050,-1834178000,9.8(5.38 %),7950,74625000,200000,1908803000,104203885,11.0
12/03/2013,-128350,-1227680000,9.6(-2.04 %),19500,185400000,147850,1413080000,104332235,10.95
13/03/2013,7240,67133000,9.4(-2.08 %),132240,1263002000,125000,1195869000,104324995,10.95
14/03/2013,-264750,-2541687000,9.6(2.13 %),0,0,264750,2541687000,104589745,10.86
15/03/2013,234820,2433283000,10.2(6.25 %),504020,5076523000,269200,2643240000,104354925,10.94
18/03/2013,115370,1218359000,10.5(2.94 %),115370,1218359000,0,0,104239555,10.98
19/03/2013,-580,-5916000,10.2(-2.86 %),0,0,580,5916000,104240135,10.98
20/03/2013,-18420,-184370000,10.1(-0.98 %),0,0,18420,184370000,104258555,10.98
21/03/2013,-10000,-102000000,10.1(0.00 %),0,0,10000,102000000,104268555,10.97
22/03/2013,5000,49200000,9.8(-2.97 %),6000,59400000,1000,10200000,104263555,10.97
25/03/2013,140970,1406353000,10.1(3.06 %),140970,1406353000,0,0,104122585,11.03
26/03/2013,20000,198000000,9.9(-1.98 %),20000,198000000,0,0,104102585,11.03
27/03/2013,74500,728350000,9.7(-2.02 %),74500,728350000,0,0,104028085,11.06
28/03/2013,-6900,-67240000,9.6(-1.03 %),3100,29760000,10000,97000000,104034985,11.06
29/03/2013,5880,55192000,9.6(0.00 %),5880,55192000,0,0,104029105,11.06
01/04/2013,-3860,-38056000,9.8(2.08 %),1140,10944000,5000,49000000,104858535,10.76
02/04/2013,-49920,-489216000,9.8(0.00 %),0,0,49920,489216000,104908455,10.74
03/04/2013,-42000,-407300000,9.7(-1.02 %),500,4950000,42500,412250000,104950455,10.72
04/04/2013,-15270,-145146000,9.5(-2.06 %),0,0,15270,145146000,104965725,10.72
05/04/2013,1500,14100000,9.8(3.16 %),1500,14100000,0,0,104964225,10.72
08/04/2013,113000,1107400000,9.8(0.00 %),113000,1107400000,0,0,104851225,10.76
09/04/2013,104570,1042287000,10.1(3.06 %),180000,1799000000,75430,756713000,104746655,10.8
10/04/2013,82900,854501000,10(-0.99 %),348440,3530309000,265540,2675808000,104663755,10.83
11/04/2013,-1222240,-11800169000,9.7(-3.00 %),57930,561921000,1280170,12362090000,105885995,10.38
12/04/2013,0,0,9.5(-2.06 %),0,0,0,0,105885995,10.38
15/04/2013,22800,210040000,9.2(-3.16 %),22800,210040000,0,0,105863195,10.39
16/04/2013,-271510,-2461329000,9.1(-1.09 %),0,0,271510,2461329000,106134705,10.29
17/04/2013,2200,19430000,9.2(1.10 %),12200,111430000,10000,92000000,106132505,10.29
18/04/2013,-325040,-2857930000,8.7(-5.43 %),0,0,325040,2857930000,106457545,10.17
22/04/2013,200,1720000,8.4(-3.45 %),200,1720000,0,0,106457345,10.17
23/04/2013,-145240,-1239517000,8.5(1.19 %),0,0,145240,1239517000,106602585,10.12
24/04/2013,-69230,-588455000,8.5(0.00 %),0,0,69230,588455000,106671815,10.1
25/04/2013,-87500,-754750000,8.7(2.35 %),0,0,87500,754750000,106759315,10.06
26/04/2013,5200,45240000,8.8(1.15 %),5200,45240000,0,0,106754115,10.07
02/05/2013,-37920,-326114000,8.6(-2.27 %),0,0,37920,326114000,106612385,10.12
03/05/2013,0,0,8.7(1.16 %),0,0,0,0,106612385,10.12
06/05/2013,0,0,9.2(5.75 %),0,0,0,0,106612385,10.12
07/05/2013,-43580,-400936000,8.9(-3.26 %),0,0,43580,400936000,106655965,10.1
08/05/2013,67880,610920000,9(1.12 %),67880,610920000,0,0,106588085,10.13
09/05/2013,-3140,-28888000,9.1(1.11 %),0,0,3140,28888000,106591225,10.13
10/05/2013,0,0,9(-1.10 %),0,0,0,0,106591225,10.13
13/05/2013,33950,308945000,9.1(1.11 %),33950,308945000,0,0,106557275,10.14
14/05/2013,-55500,-488000000,8.9(-2.20 %),0,0,55500,488000000,106612775,10.12
15/05/2013,0,0,8.9(0.00 %),0,0,0,0,106612775,10.12
16/05/2013,-163410,-1455802000,9(1.12 %),0,0,163410,1455802000,106776185,10.06
17/05/2013,-52130,-479483000,9.1(1.11 %),10300,93630000,62430,573113000,106828315,10.04
20/05/2013,95920,882372000,9.2(1.10 %),100920,928372000,5000,46000000,106732395,10.07
21/05/2013,55630,522859000,9.4(2.17 %),141030,1321579000,85400,798720000,106676765,10.09
22/05/2013,33970,317921000,9.2(-2.13 %),33970,317921000,0,0,106642795,10.11
23/05/2013,49900,469050000,9.3(1.09 %),50000,470000000,100,950000,106592895,10.13
24/05/2013,-289660,-2705444000,9.4(1.08 %),5700,53580000,295360,2759024000,106882555,10.02
27/05/2013,1000,9600000,9.6(2.13 %),1000,9600000,0,0,106881555,10.02
28/05/2013,100,960000,9.8(2.08 %),100,960000,0,0,106881455,10.02
29/05/2013,9010,88330000,9.7(-1.02 %),9010,88330000,0,0,106872445,10.02
30/05/2013,0,0,9.7(0.00 %),0,0,0,0,106872445,10.02
31/05/2013,-52840,-515132000,9.8(1.03 %),27000,267300000,79840,782432000,106925285,10.0
03/06/2013,1000,9800000,9.7(-1.02 %),1000,9800000,0,0,107039095,9.96
04/06/2013,-353420,-3351670000,9.4(-3.09 %),0,0,353420,3351670000,107392515,9.83
05/06/2013,-492330,-4586489000,9.3(-1.06 %),3000,27990000,495330,4614479000,107884845,9.65
06/06/2013,-232000,-2163600000,9.3(0.00 %),0,0,232000,2163600000,108116845,9.57
07/06/2013,-515870,-4644730000,9(3.45 %),1000,9000000,516870,4653730000,108632715,9.38
10/06/2013,-167010,-1475730000,8.8(-2.22 %),3710,33252000,170720,1508982000,108799725,9.32
11/06/2013,22360,201750000,8.7(-1.14 %),75220,663594000,52860,461844000,108777365,9.33
12/06/2013,-395500,-3425963000,8.6(-1.15 %),76500,672850000,472000,4098813000,109172865,9.18
13/06/2013,-1130,-9871000,8.7(1.16 %),200,1700000,1330,11571000,109173995,9.18
14/06/2013,-242060,-2105922000,8.8(1.15 %),0,0,242060,2105922000,109416055,9.1
17/06/2013,-87130,-740605000,8.5(-2.30 %),0,0,87130,740605000,109503185,9.06
18/06/2013,-43700,-365393000,8.5(0.00 %),0,0,43700,365393000,109546885,9.05
19/06/2013,0,0,8.5(0.00 %),0,0,0,0,109546885,9.05
20/06/2013,-35000,-297500000,8.4(-1.18 %),0,0,35000,297500000,109581885,9.03
21/06/2013,-264590,-2179198000,8.2(-2.38 %),2200,18480000,266790,2197678000,109846475,8.94
24/06/2013,-202350,-1662864000,8.2(0.00 %),14000,115000000,216350,1777864000,110048825,8.86
25/06/2013,25400,207650000,7.9(-3.66 %),25400,207650000,0,0,110023425,8.87
26/06/2013,-442140,-3493274000,7.8(-1.27 %),7000,55300000,449140,3548574000,110465565,8.71
27/06/2013,-73460,-581180000,8(2.56 %),50000,395000000,123460,976180000,110539025,8.69
28/06/2013,-214610,-1696659000,8(0.00 %),4800,38220000,219410,1734879000,110753635,8.61
01/07/2013,27200,215180000,7.9(-1.25 %),27200,215180000,0,0,110014265,8.88
02/07/2013,-42000,-336000000,8(1.27 %),0,0,42000,336000000,110056265,8.86
03/07/2013,11600,100800000,7.9(-1.25 %),106600,851300000,95000,750500000,110044665,8.87
04/07/2013,-92750,-742225000,8(1.27 %),2250,17775000,95000,760000000,110137415,8.83
05/07/2013,-92350,-758710000,8.2(2.50 %),7650,62790000,100000,821500000,110229765,8.8
08/07/2013,34640,283198000,8.1(-1.22 %),34640,283198000,0,0,110195125,8.81
09/07/2013,0,0,8.1(0.00 %),0,0,0,0,110195125,8.81
10/07/2013,-122860,-981816000,8.1(0.00 %),27140,218184000,150000,1200000000,110317985,8.77
11/07/2013,530,4240000,8.1(0.00 %),1500,12000000,970,7760000,110317455,8.77
12/07/2013,4600,38010000,8.2(1.23 %),7600,62310000,3000,24300000,110312855,8.77
15/07/2013,0,0,8.1(-1.22 %),0,0,0,0,110312855,8.77
16/07/2013,-50800,-411480000,8.1(0.00 %),0,0,50800,411480000,110363655,8.75
17/07/2013,15900,128790000,8.1(0.00 %),15900,128790000,0,0,110347755,8.76
18/07/2013,0,0,8.1(0.00 %),0,0,0,0,110347755,8.76
19/07/2013,0,0,8.1(0.00 %),0,0,0,0,110347755,8.76
22/07/2013,0,0,8(-1.23 %),0,0,0,0,110347755,8.76
23/07/2013,100,800000,8(0.00 %),100,800000,0,0,110347655,8.76
24/07/2013,-4690,-34836000,7.9(-1.25 %),22860,182809000,27550,217645000,110352345,8.75
25/07/2013,-11100,-87640000,7.8(-1.27 %),5000,39550000,16100,127190000,110363445,8.75
26/07/2013,0,0,7.8(0.00 %),0,0,0,0,110363445,8.75
29/07/2013,0,0,7.6(-2.56 %),0,0,0,0,110363445,8.75
30/07/2013,-4950,-38125000,7.6(0.00 %),100,760000,5050,38885000,110368395,8.75
31/07/2013,0,0,7.7(1.32 %),0,0,0,0,110368395,8.75
01/08/2013,-934200,-7119600000,7.6(-1.30 %),0,0,934200,7119600000,111155355,8.46
02/08/2013,0,0,7.6(0.00 %),0,0,0,0,111155355,8.46
05/08/2013,0,0,7.6(0.00 %),0,0,0,0,111155355,8.46
06/08/2013,-47800,-363280000,7.6(0.00 %),0,0,47800,363280000,111203155,8.44
07/08/2013,-120000,-912000000,7.6(0.00 %),0,0,120000,912000000,111323155,8.4
08/08/2013,-104000,-783801000,7.5(-1.32 %),0,0,104000,783801000,111427155,8.36
09/08/2013,-11060,-82950000,7.5(0.00 %),7300,54750000,18360,137700000,111438215,8.36
12/08/2013,-6000,-45000000,7.4(-1.33 %),6000,45000000,12000,90000000,111444215,8.36
13/08/2013,-11490,-85026000,7(-5.41 %),0,0,11490,85026000,111455705,8.35
14/08/2013,1500,10640000,7.1(1.43 %),1500,10640000,0,0,111454205,8.35
15/08/2013,0,0,7.4(4.23 %),0,0,0,0,111454205,8.35
16/08/2013,2510,18825000,7.4(0.00 %),2510,18825000,0,0,111451695,8.35
19/08/2013,-144000,-1065740000,7.4(0.00 %),0,0,144000,1065740000,111595695,8.3
20/08/2013,-489070,-3569874000,7.2(-2.70 %),20,146000,489090,3570020000,112084765,8.12
21/08/2013,-139900,-1021270000,7.3(1.39 %),0,0,139900,1021270000,112224665,8.07
22/08/2013,-74600,-544580000,7.3(0.00 %),0,0,74600,544580000,112299265,8.04
23/08/2013,35550,253960000,7.1(-2.74 %),35550,253960000,0,0,112263715,8.06
26/08/2013,-211260,-1478820000,7.1(0.00 %),0,0,211260,1478820000,112474975,7.98
27/08/2013,-10050,-71355000,7.1(0.00 %),0,0,10050,71355000,112485025,7.98
28/08/2013,-43950,-303255000,6.9(-2.82 %),0,0,43950,303255000,112528975,7.96
29/08/2013,-203130,-1394057000,6.8(-1.45 %),38000,260300000,241130,1654357000,112732105,7.89
30/08/2013,-7000,-47600000,7(2.94 %),3000,20400000,10000,68000000,112739105,7.88
03/09/2013,-294520,-2012996000,6.9(-1.43 %),0,0,294520,2012996000,113383275,7.65
04/09/2013,-22540,-148272000,6.7(-2.90 %),17460,119728000,40000,268000000,113405815,7.64
05/09/2013,-206790,-1383648000,6.7(0.00 %),250,1700000,207040,1385348000,113612605,7.56
06/09/2013,19000,127300000,6.7(0.00 %),19000,127300000,0,0,113593605,7.57
09/09/2013,32100,205330000,6.3(-5.97 %),70100,444730000,38000,239400000,113561505,7.58
10/09/2013,0,0,6.1(-3.17 %),0,0,0,0,113561505,7.58
11/09/2013,-183180,-1107499000,6(-1.64 %),820,5002000,184000,1112501000,113744685,7.52
12/09/2013,-319700,-1902219000,5.8(-3.33 %),100,590000,319800,1902809000,114064385,7.4
13/09/2013,-300000,-1782000000,6.1(5.17 %),0,0,300000,1782000000,114364385,7.29
16/09/2013,-60700,-370270000,6(-1.64 %),0,0,60700,370270000,114425085,7.27
17/09/2013,-135000,-796500000,5.9(-1.67 %),0,0,135000,796500000,114560085,7.22
18/09/2013,-133280,-769024000,5.8(-1.69 %),0,0,133280,769024000,114693365,7.17
19/09/2013,-691140,-4008612000,5.8(0.00 %),0,0,691140,4008612000,115384505,6.92
20/09/2013,-9710740,-54897583000,5.6(-3.45 %),45950,267550000,9756690,55165133000,125095245,3.38
23/09/2013,-57000,-334068000,5.9(5.36 %),0,0,57000,334068000,125152245,3.36
24/09/2013,29140,183582000,6.3(6.78 %),29140,183582000,0,0,125123105,3.37
25/09/2013,83560,535628000,6.6(4.76 %),103560,663628000,20000,128000000,125039545,3.4
26/09/2013,0,0,6.8(3.03 %),0,0,0,0,125039545,3.4
27/09/2013,35000,241500000,6.8(0.00 %),35100,242190000,100,690000,125004545,3.41
30/09/2013,0,0,7.2(5.88 %),0,0,0,0,125004545,3.41
01/10/2013,8910,71716000,7.4(2.78 %),29010,222476000,20100,150760000,125565035,3.21
02/10/2013,6000,46200000,7.6(2.70 %),6000,46200000,0,0,125559035,3.21
03/10/2013,3300,24880000,7.6(0.00 %),4000,30200000,700,5320000,125555735,3.21
04/10/2013,15000,115500000,7.8(2.63 %),15000,115500000,0,0,125540735,3.21
07/10/2013,32020,259362000,8.1(3.85 %),32020,259362000,0,0,125508715,3.23
08/10/2013,28000,219600000,7.9(-2.47 %),32000,251600000,4000,32000000,125480715,3.24
09/10/2013,6700,52260000,7.6(-3.80 %),6700,52260000,0,0,125474015,3.24
10/10/2013,-38860,-297502000,7.6(0.00 %),21000,159600000,59860,457102000,125512875,3.22
11/10/2013,0,0,7.5(-1.32 %),0,0,0,0,125512875,3.22
14/10/2013,-80000,-576000000,7.2(-4.00 %),0,0,80000,576000000,125592875,3.2
15/10/2013,10850,83690000,7.6(5.56 %),23900,178980000,13050,95290000,125582025,3.2
16/10/2013,10000,78000000,7.7(1.32 %),10000,78000000,0,0,125572025,3.2
17/10/2013,40100,308770000,7.7(0.00 %),40100,308770000,0,0,125531925,3.22
18/10/2013,770,5852000,7.9(2.60 %),770,5852000,0,0,125531155,3.22
21/10/2013,75100,600790000,7.9(0.00 %),75100,600790000,0,0,125456055,3.25
22/10/2013,68000,537000000,7.9(0.00 %),77000,607300000,9000,70300000,125388055,3.27
23/10/2013,3800,30020000,7.9(0.00 %),3800,30020000,0,0,125384255,3.27
24/10/2013,0,0,7.4(-6.33 %),0,0,0,0,125384255,3.27
25/10/2013,9400,70500000,7.4(0.00 %),9400,70500000,0,0,125374855,3.28
28/10/2013,223000,1693360000,7.5(1.35 %),223000,1693360000,0,0,125151855,3.36
29/10/2013,300000,2247000000,7.6(1.33 %),300000,2247000000,0,0,124851855,3.47
30/10/2013,15000,113500000,7.5(-1.32 %),20000,151500000,5000,38000000,124836855,3.47
31/10/2013,-3000,-22430000,7.5(0.00 %),0,0,3000,22430000,124839855,3.47
01/11/2013,-37400,-284240000,7.6(1.33 %),12600,95760000,50000,380000000,124839455,3.47
04/11/2013,-32420,-249392000,7.8(2.63 %),7580,57608000,40000,307000000,124871875,3.46
05/11/2013,0,0,7.8(0.00 %),0,0,0,0,124871875,3.46
06/11/2013,-600,-4740000,7.9(1.28 %),0,0,600,4740000,124872475,3.46
07/11/2013,359100,2895340000,8.3(5.06 %),360000,2902500000,900,7160000,124513375,3.59
08/11/2013,979900,8293234000,8.7(4.82 %),980000,8294074000,100,840000,123533475,3.95
11/11/2013,7300,63510000,8.8(1.15 %),7300,63510000,0,0,123526175,3.95
12/11/2013,-19500,-168530000,8.4(-4.55 %),0,0,19500,168530000,123545675,3.94
13/11/2013,279000,2334794000,8.5(1.19 %),350000,2932694000,71000,597900000,123266675,4.04
14/11/2013,-104930,-893398000,8.7(2.35 %),30000,258000000,134930,1151398000,123371605,4.01
15/11/2013,491000,4274092000,8.8(1.15 %),519000,4516692000,28000,242600000,122880605,4.18
18/11/2013,95400,843210000,8.7(-1.14 %),103500,914800000,8100,71590000,122785205,4.22
19/11/2013,-2800,-24640000,8.7(0.00 %),15000,132000000,17800,156640000,122788005,4.22
20/11/2013,3700,32560000,8.8(1.15 %),3700,32560000,0,0,122784305,4.22
21/11/2013,-10000,-91000000,8.5(-3.41 %),0,0,10000,91000000,122794305,4.22
22/11/2013,50000,425000000,8.5(0.00 %),50000,425000000,0,0,122744305,4.23
25/11/2013,13700,115450000,8.3(-2.35 %),13700,115450000,0,0,122730605,4.24
26/11/2013,10000,86000000,8.8(6.02 %),20000,174000000,10000,88000000,122720605,4.24
27/11/2013,0,0,9.1(3.41 %),0,0,0,0,122720605,4.24
28/11/2013,210090,1906810000,9.2(1.10 %),232630,2112670000,22540,205860000,122510515,4.32
29/11/2013,54940,492200000,8.9(-3.26 %),54940,492200000,0,0,122455575,4.34
02/12/2013,73200,644160000,8.9(0.00 %),73200,644160000,0,0,122417835,4.35
03/12/2013,-40460,-360606000,8.9(0.00 %),0,0,40460,360606000,122458295,4.34
04/12/2013,128800,1159880000,9.1(2.25 %),128800,1159880000,0,0,122329495,4.39
05/12/2013,-10,-93000,9.1(0.00 %),0,0,10,93000,122329505,4.39
06/12/2013,75300,685230000,9.1(0.00 %),75300,685230000,0,0,122254205,4.41
09/12/2013,-5000,-45000000,8.8(-3.30 %),5000,46000000,10000,91000000,122259205,4.41
10/12/2013,-17500,-154000000,8.7(-1.14 %),0,0,17500,154000000,122276705,4.41
11/12/2013,70000,606500000,8.5(-2.30 %),70000,606500000,0,0,122206705,4.43
12/12/2013,-5000,-42900000,8.7(2.35 %),0,0,5000,42900000,122211705,4.43
13/12/2013,3000,25340000,8.6(-1.15 %),7600,65360000,4600,40020000,122208705,4.43
16/12/2013,0,0,8.6(0.00 %),0,0,0,0,122208705,4.43
17/12/2013,0,0,8.8(2.33 %),0,0,0,0,122208705,4.43
18/12/2013,0,0,8.7(-1.14 %),0,0,0,0,122208705,4.43
19/12/2013,-46700,-412500000,9(3.45 %),0,0,46700,412500000,122255405,4.41
20/12/2013,-15000,-135300000,9(0.00 %),0,0,15000,135300000,122270405,4.41
23/12/2013,-90,-855000,9.6(6.67 %),0,0,90,855000,122270495,4.41
24/12/2013,-7600,-72200000,9.4(-2.08 %),0,0,7600,72200000,122278095,4.4
25/12/2013,6800,63920000,9.4(0.00 %),6800,63920000,0,0,122271295,4.41
26/12/2013,-100770,-941188000,9.2(-2.13 %),0,0,100770,941188000,122372065,4.37
27/12/2013,-13630,-126106000,9(-2.17 %),7100,64610000,20730,190716000,122385695,4.37
30/12/2013,10000,89500000,8.8(-2.22 %),10000,89500000,0,0,122375695,4.37
31/12/2013,0,0,9(2.27 %),0,0,0,0,122375695,4.37
02/01/2014,18700,168430000,8.9(-1.11 %),18700,168430000,0,0,122358805,4.38
03/01/2014,0,0,8.9(0.00 %),0,0,0,0,122358805,4.38
06/01/2014,50000,460000000,9.4(5.62 %),50000,460000000,0,0,122308805,4.39
07/01/2014,4500,41850000,9.2(-2.13 %),4500,41850000,0,0,122304305,4.4
08/01/2014,4210,38732000,9.3(1.09 %),4210,38732000,0,0,122300095,4.4
09/01/2014,-37380,-343896000,9.3(0.00 %),0,0,37380,343896000,122337475,4.38
10/01/2014,14090,131836000,9.2(-1.08 %),14100,131930000,10,94000,122323385,4.39
13/01/2014,5000,47000000,9.2(0.00 %),5000,47000000,0,0,122318385,4.39
14/01/2014,842360,7970246000,9.4(2.17 %),842360,7970246000,0,0,121476025,4.7
15/01/2014,298940,2862964000,9.5(1.06 %),301940,2891464000,3000,28500000,121177085,4.81
16/01/2014,102730,965579000,9.5(0.00 %),102730,965579000,0,0,121074355,4.84
17/01/2014,213600,2027340000,9.3(-2.11 %),222000,2106300000,8400,78960000,120860755,4.92
20/01/2014,332200,3065650000,9.2(-1.08 %),332200,3065650000,0,0,120528555,5.04
21/01/2014,4900,45720000,9.3(1.09 %),6400,59520000,1500,13800000,120523655,5.04
22/01/2014,103760,973344000,9.3(0.00 %),103760,973344000,0,0,120419895,5.08
23/01/2014,87450,841930000,9.8(5.38 %),102450,984430000,15000,142500000,120332445,5.11
24/01/2014,-101200,-1019260000,9.8(0.00 %),45000,443500000,146200,1462760000,120433645,5.08
27/01/2014,-130100,-1329230000,10.3(5.10 %),12900,132470000,143000,1461700000,120563745,5.03
06/02/2014,-34510,-356832000,10.9(5.83 %),0,0,34510,356832000,120280275,5.13
07/02/2014,-17000,-187000000,10.8(-0.92 %),9000,97300000,26000,284300000,120297275,5.13
10/02/2014,-500,-5780000,11.3(4.63 %),2000,21400000,2500,27180000,120297775,5.13
11/02/2014,-5400,-61420000,10.8(-4.42 %),0,0,5400,61420000,120303175,5.12
12/02/2014,23400,256940000,11.5(6.48 %),30000,330000000,6600,73060000,120279775,5.13
13/02/2014,-149100,-1763280000,11.9(3.48 %),0,0,149100,1763280000,120428875,5.08
14/02/2014,210660,2524790000,12(0.84 %),238160,2852890000,27500,328100000,120218215,5.16
17/02/2014,517000,6158140000,11.9(-0.83 %),532000,6338140000,15000,180000000,119701215,5.34
18/02/2014,170040,2200148000,12.7(6.72 %),671640,8244848000,501600,6044700000,119531175,5.41
19/02/2014,187510,2439843000,13.3(4.72 %),272710,3557463000,85200,1117620000,119343665,5.47
20/02/2014,1018320,13148058000,12.9(-3.01 %),1221400,15763584000,203080,2615526000,118325345,5.85
21/02/2014,905180,11561552000,13.1(1.55 %),906180,11574652000,1000,13100000,117420165,6.18
24/02/2014,1252110,17269769000,14(6.87 %),1328210,18334869000,76100,1065100000,116168055,6.63
25/02/2014,-137760,-1910832000,14.8(5.71 %),427000,6164700000,564760,8075532000,116305815,6.58
26/02/2014,52440,773894000,14.7(-0.68 %),73440,1078794000,21000,304900000,116253375,6.6
27/02/2014,-293750,-4296381000,14.1(-4.08 %),50,730000,293800,4297111000,116547125,6.49
28/02/2014,20300,282140000,14(-0.71 %),25000,347000000,4700,64860000,116526825,6.5
03/03/2014,21600,316080000,14(0.00 %),52800,752700000,31200,436620000,116493235,6.51
04/03/2014,-300180,-4189367000,14.3(2.14 %),33360,459196000,333540,4648563000,116793415,6.4
05/03/2014,-9430,-135321000,14.3(0.00 %),70,1029000,9500,136350000,116802845,6.4
06/03/2014,-47600,-663540000,14.1(-1.40 %),13400,188960000,61000,852500000,116850445,6.38
07/03/2014,-61360,-856176000,14.8(4.96 %),30000,432000000,91360,1288176000,116911805,6.36
10/03/2014,-2590,-37978000,14.2(-4.05 %),7410,105222000,10000,143200000,116914395,6.36
11/03/2014,-7630,-107714000,14.1(-0.70 %),10,142000,7640,107856000,116922025,6.36
12/03/2014,-780090,-10822749000,13.7(-2.84 %),10,141000,780100,10822890000,117702115,6.07
13/03/2014,-376890,-5240619000,14(2.19 %),610,8481000,377500,5249100000,118079005,5.94
14/03/2014,596470,8494757000,14.3(2.14 %),596470,8494757000,0,0,117482535,6.15
17/03/2014,20,286000,14.2(-0.70 %),20,286000,0,0,117482515,6.15
18/03/2014,37950,541889000,14.1(-0.70 %),38020,542883000,70,994000,117444565,6.17
19/03/2014,20000,287000000,14.3(1.42 %),30000,428000000,10000,141000000,117424565,6.17
20/03/2014,-12460,-183080000,14.7(2.80 %),10200,149880000,22660,332960000,117437025,6.17
21/03/2014,-45700,-674140000,14.6(-0.68 %),1000,14600000,46700,688740000,117482725,6.15
24/03/2014,29800,478500000,15.6(6.85 %),60800,942000000,31000,463500000,117452925,6.16
25/03/2014,-19190,-302494000,15.1(-3.21 %),110,1726000,19300,304220000,117472115,6.16
26/03/2014,-245790,-3610424000,14.7(-2.65 %),4210,63149000,250000,3673573000,117717905,6.07
27/03/2014,-24300,-351871000,14.7(0.00 %),10,146000,24310,352017000,117742205,6.06
28/03/2014,20010,295150000,14.5(-1.36 %),20010,295150000,0,0,117722195,6.07
31/03/2014,-255750,-3639800000,14.2(-2.07 %),0,0,255750,3639800000,117977945,5.97
01/04/2014,-164480,-2286272000,13.5(-4.93 %),0,0,164480,2286272000,118048585,5.95
02/04/2014,-80100,-1086244000,13.4(-0.74 %),20000,261400000,100100,1347644000,118128685,5.92
03/04/2014,-241210,-3314735000,13.8(2.99 %),0,0,241210,3314735000,118369895,5.83
04/04/2014,30000,412500000,13.6(-1.45 %),30000,412500000,0,0,118339895,5.84
07/04/2014,31000,423100000,13.8(1.47 %),46000,625600000,15000,202500000,118308895,5.85
08/04/2014,-101000,-1423000000,14.1(2.17 %),5000,69500000,106000,1492500000,118409895,5.82
10/04/2014,-71000,-994000000,14.3(1.42 %),0,0,71000,994000000,118480895,5.79
11/04/2014,0,0,14.1(-1.40 %),40000,564000000,40000,564000000,118480895,5.79
14/04/2014,-50,-705000,13.6(-3.55 %),0,0,50,705000,118480945,5.79
15/04/2014,145590,1950256000,13.2(-2.94 %),159590,2139256000,14000,189000000,118335355,5.84
16/04/2014,-34700,-438790000,12.3(-6.82 %),3000,37200000,37700,475990000,118370055,5.83
17/04/2014,-66000,-834000000,12.5(1.63 %),0,0,66000,834000000,118436055,5.81
18/04/2014,-57000,-685400000,11.7(-6.40 %),3000,35100000,60000,720500000,118493055,5.79
21/04/2014,34900,388410000,11(-5.98 %),36800,409790000,1900,21380000,118458155,5.8
22/04/2014,-11850,-133635000,11.7(6.36 %),15000,168000000,26850,301635000,118470005,5.79
23/04/2014,1150,13510000,11.8(0.85 %),2150,25710000,1000,12200000,118468855,5.79
24/04/2014,-71000,-837500000,11.9(0.85 %),4000,48000000,75000,885500000,118539855,5.77
25/04/2014,-15000,-179700000,12(0.84 %),0,0,15000,179700000,118554855,5.76
28/04/2014,13800,166380000,12(0.00 %),13800,166380000,0,0,118541055,5.77
29/04/2014,14000,172100000,12.4(3.33 %),15000,184500000,1000,12400000,118527055,5.77
05/05/2014,6600,80840000,11.6(-6.45 %),10000,123000000,3400,42160000,118945595,5.62
06/05/2014,-155150,-1714282000,11.7(0.86 %),1700,19550000,156850,1733832000,119100745,5.56
07/05/2014,-14100,-163472000,11.4(-2.56 %),900,10530000,15000,174002000,119114845,5.56
08/05/2014,219000,2343300000,10.7(-6.14 %),219000,2343300000,0,0,118895845,5.64
09/05/2014,295850,3222300000,11(2.80 %),387850,4180300000,92000,958000000,118599995,5.75
12/05/2014,6100,63370000,10.3(-6.36 %),6100,63370000,0,0,118593895,5.75
13/05/2014,727900,7294888000,9.8(-4.85 %),740000,7415898000,12100,121010000,117865995,6.01
14/05/2014,9220,90356000,10.4(6.12 %),9220,90356000,0,0,117856775,6.02
15/05/2014,382000,3942862000,10.1(-2.88 %),382000,3942862000,0,0,117474775,6.16
16/05/2014,737530,7873570000,10.8(6.93 %),762530,8129570000,25000,256000000,116737245,6.43
19/05/2014,-13500,-147200000,11(1.85 %),1500,16800000,15000,164000000,116750745,6.42
20/05/2014,-42700,-491540000,11.7(6.36 %),22300,245960000,65000,737500000,116793445,6.4
21/05/2014,505210,6222958000,12.5(6.84 %),1185210,14556958000,680000,8334000000,116288235,6.59
22/05/2014,62900,855344000,12.3(-1.60 %),892000,11105829000,829100,10250485000,116225335,6.61
23/05/2014,-104130,-1266021000,12.2(-0.81 %),10000,120000000,114130,1386021000,116329465,6.57
26/05/2014,-129000,-1580800000,12.4(1.64 %),1000,12200000,130000,1593000000,116458465,6.53
27/05/2014,-10000,-126000000,13.2(6.45 %),0,0,10000,126000000,116468465,6.52
28/05/2014,174000,2333000000,13.9(5.30 %),185000,2481500000,11000,148500000,116294465,6.59
29/05/2014,-59980,-812817000,13(-6.47 %),0,0,59980,812817000,116354445,6.57
30/05/2014,-372640,-4671976000,12.5(-3.85 %),17860,224664000,390500,4896640000,116727085,6.43
02/06/2014,16640,200886000,11.7(-6.40 %),16640,200886000,0,0,116268365,6.6
03/06/2014,-19170,-226206000,11.9(1.71 %),0,0,19170,226206000,116287535,6.59
04/06/2014,192700,2314700000,12(0.84 %),192700,2314700000,0,0,116094835,6.66
05/06/2014,0,0,12.1(0.83 %),0,0,0,0,116094835,6.66
06/06/2014,300,2880000,12.3(1.65 %),13300,160180000,13000,157300000,116094535,6.66
09/06/2014,54100,660300000,12.2(-0.81 %),54100,660300000,0,0,116040435,6.68
10/06/2014,-7000,-86000000,12.2(0.00 %),0,0,7000,86000000,116047435,6.68
11/06/2014,-14090,-173718000,12.5(2.46 %),10,122000,14100,173840000,116061525,6.67
12/06/2014,-15000,-189000000,12.6(0.80 %),0,0,15000,189000000,116076525,6.67
13/06/2014,-5100,-64570000,12.7(0.79 %),0,0,5100,64570000,116081625,6.66
16/06/2014,-75500,-931820000,12.5(-1.57 %),18300,228420000,93800,1160240000,116157125,6.64
17/06/2014,20000,251000000,12.5(0.00 %),20000,251000000,0,0,116137125,6.64
18/06/2014,199820,2548318000,12.7(1.60 %),199820,2548318000,0,0,115937305,6.72
19/06/2014,-217000,-2665914000,12.5(-1.57 %),0,0,217000,2665914000,116154305,6.64
20/06/2014,-24400,-303660000,12.5(0.00 %),4600,57040000,29000,360700000,116178705,6.63
23/06/2014,7390,92038000,12.2(-2.40 %),12400,153760000,5010,61722000,116171315,6.63
24/06/2014,15000,181500000,12.3(0.82 %),15000,181500000,0,0,116156315,6.64
25/06/2014,3900,47770000,12.4(0.81 %),5900,72570000,2000,24800000,116152415,6.64
26/06/2014,682000,8575000000,12.5(0.81 %),682000,8575000000,0,0,115470415,6.89
27/06/2014,503980,6329750000,12.6(0.80 %),503980,6329750000,0,0,114966435,7.07
30/06/2014,-1100,-12280000,12.5(-0.79 %),15700,197720000,16800,210000000,114967535,7.07
01/07/2014,-21000,-262600000,12.6(0.80 %),0,0,21000,262600000,115412215,6.91
02/07/2014,-9970,-128613000,12.9(2.38 %),30,387000,10000,129000000,115422185,6.91
03/07/2014,-10510,-136630000,13.1(1.55 %),10000,130000000,20510,266630000,115432695,6.9
04/07/2014,20000,262000000,13.1(0.00 %),20000,262000000,0,0,115412695,6.91
07/07/2014,220700,2933070000,13.2(0.76 %),220700,2933070000,0,0,115191995,6.99
08/07/2014,-187250,-2501840000,13.7(3.79 %),38000,512800000,225250,3014640000,115379245,6.92
09/07/2014,10500,143737000,13.6(-0.73 %),31500,431550000,21000,287813000,115368745,6.92
10/07/2014,159640,2111176000,13.2(-2.94 %),177140,2349176000,17500,238000000,115160295,7.0
11/07/2014,5650,71070000,12.6(-4.55 %),7650,96670000,2000,25600000,114975505,0.0
14/07/2014,138690,1772664000,12.8(1.59 %),169590,2162144000,30900,389480000,114836815,7.12
15/07/2014,-28600,-370610000,13(1.56 %),0,0,28600,370610000,114865415,7.11
16/07/2014,60890,793109000,12.9(-0.77 %),60890,793109000,0,0,115008775,0.0
17/07/2014,240900,3138540000,13.6(5.43 %),248910,3247476000,8010,108936000,114767875,7.14
18/07/2014,22000,297700000,13.6(0.00 %),22000,297700000,0,0,114792765,7.13
21/07/2014,181250,2442934000,13.4(-1.47 %),185430,2499782000,4180,56848000,114613935,0.0
22/07/2014,0,0,13.2(-1.49 %),0,0,0,0,114613935,0.0
23/07/2014,6500,85800000,13.2(0.00 %),6500,85800000,0,0,114615445,0.0
24/07/2014,205760,2753268000,13.5(2.27 %),205760,2753268000,0,0,114409685,0.0
25/07/2014,18000,237600000,13.2(-2.22 %),18000,237600000,0,0,114395865,0.0
28/07/2014,3560,45855000,12.8(-3.03 %),5500,70687000,1940,24832000,114390365,0.0
29/07/2014,368120,4730582000,13(1.56 %),369520,4748642000,1400,18060000,114020845,0.0
30/07/2014,20600,267800000,12.8(-1.54 %),20600,267800000,0,0,114000245,0.0
31/07/2014,168970,2210825000,13.1(2.34 %),168970,2210825000,0,0,113831275,0.0
01/08/2014,300,3680000,13.3(1.53 %),4300,56080000,4000,52400000,113828915,0.0
04/08/2014,113840,1564992000,13.7(3.01 %),150000,2061000000,36160,496008000,113680315,0.0
05/08/2014,-31940,-442772000,13.8(0.73 %),55000,756500000,86940,1199272000,113625315,0.0
06/08/2014,-170900,-2429800000,14.1(2.17 %),13800,192940000,184700,2622740000,113625315,7.56
07/08/2014,-21900,-326310000,14.6(3.55 %),77000,1087400000,98900,1413710000,113647215,7.55
08/08/2014,145120,2133672000,14.6(0.00 %),152120,2235872000,7000,102200000,113422555,0.0
11/08/2014,35000,508100000,14.8(1.37 %),35000,508100000,0,0,113474495,0.0
12/08/2014,-31630,-465841000,14.6(-1.35 %),0,0,31630,465841000,113659195,0.0
13/08/2014,-20,-294000,14.7(0.68 %),0,0,20,294000,113758095,0.0
14/08/2014,-9480,-139167000,14.5(-1.36 %),6000,88200000,15480,227367000,113765095,7.51
15/08/2014,33400,487040000,15(3.45 %),33400,487040000,0,0,113759095,7.51
18/08/2014,6900,105290000,15(0.00 %),19000,287500000,12100,182210000,113738325,0.0
19/08/2014,-9500,-142500000,14.8(-1.33 %),0,0,9500,142500000,113738345,0.0
20/08/2014,500,7350000,14.8(0.00 %),500,7350000,0,0,113753325,0.0
21/08/2014,-214830,-3198166000,14.8(0.00 %),0,0,214830,3198166000,113753325,0.0
22/08/2014,300,3630000,15.1(2.03 %),26300,395230000,26000,391600000,113765425,7.51
25/08/2014,317200,4699860000,14.6(-3.31 %),317200,4699860000,0,0,113748625,7.52
26/08/2014,-75310,-1104357000,14.5(-0.68 %),25000,361500000,100310,1465857000,113431425,7.63
27/08/2014,-1200,-15880000,15(3.45 %),80000,1194000000,81200,1209880000,113621255,7.56
28/08/2014,7400,108500000,14.8(-1.33 %),25000,371500000,17600,263000000,113567255,7.58
29/08/2014,217800,3265720000,15(1.35 %),222800,3340720000,5000,75000000,113319455,0.0
03/09/2014,130000,2002500000,15.5(3.33 %),130000,2002500000,0,0,113419765,7.64
04/09/2014,49120,755490000,15.4(-0.65 %),64320,990090000,15200,234600000,113306645,0.0
05/09/2014,18290,281666000,15.6(1.30 %),18290,281666000,0,0,113305955,0.0
08/09/2014,497300,7666990000,15.4(-1.28 %),500000,7708400000,2700,41410000,113310955,7.67
09/09/2014,118000,1782800000,14.6(-5.19 %),119000,1798100000,1000,15300000,112810955,7.86
10/09/2014,-100,1920000,14.9(2.05 %),59900,871920000,60000,870000000,112647255,0.0
11/09/2014,32800,481220000,14.8(-0.67 %),32800,481220000,0,0,112614455,0.0
12/09/2014,14200,207320000,14.8(0.00 %),14200,207320000,0,0,112602955,0.0
15/09/2014,925180,13766267000,14.7(-0.68 %),956780,14233947000,31600,467680000,112603955,7.93
16/09/2014,462820,6706376000,14.6(-0.68 %),462840,6706666000,20,290000,111244335,0.0
17/09/2014,0,0,14.4(-1.37 %),0,0,0,0,111244335,0.0
18/09/2014,0,0,14.1(-2.08 %),0,0,0,0,111244335,0.0
19/09/2014,4543590,64519678000,14.2(0.71 %),5548220,78784724000,1004630,14265046000,105727715,0.0
22/09/2014,-28890,-400779000,13.5(-4.93 %),52400,722390000,81290,1123169000,105675335,0.0
23/09/2014,444860,6197900000,13.8(2.22 %),570000,7915357000,125140,1717457000,105105335,0.0
24/09/2014,-19380,-270520000,14(1.45 %),1880,26320000,21260,296840000,105124715,10.66
25/09/2014,-9500,-131080000,13.9(-0.71 %),1000,13820000,10500,144900000,105134215,10.66
26/09/2014,16800,231790000,13.7(-1.44 %),16800,231790000,0,0,105117415,10.66
29/09/2014,-4000,-54800000,13.5(-1.46 %),0,0,4000,54800000,106296715,0.0
30/09/2014,-20830,-283110000,13.7(1.48 %),0,0,20830,283110000,106317975,0.0
01/10/2014,10580,147320000,13.9(1.46 %),10580,147320000,0,0,106317895,0.0
02/10/2014,3000,42000000,14(0.72 %),3000,42000000,0,0,106314895,0.0
03/10/2014,-23300,-325360000,14(0.00 %),20000,286000000,43300,611360000,106298895,0.0
06/10/2014,12490,175758000,14.3(2.14 %),12490,175758000,0,0,106307235,0.0
07/10/2014,143000,2062200000,14.6(2.10 %),143000,2062200000,0,0,106164235,0.0
08/10/2014,-5000,-74500000,14.3(-2.05 %),15000,214500000,20000,289000000,106149235,0.0
09/10/2014,0,0,13.9(-2.80 %),0,0,0,0,106192535,0.0
10/10/2014,34300,478010000,13.7(-1.44 %),44300,617010000,10000,139000000,106148235,0.0
13/10/2014,12450,170510000,13.8(0.73 %),13000,178100000,550,7590000,106135785,10.29
14/10/2014,-22800,-312440000,13.6(-1.45 %),0,0,22800,312440000,106158585,10.28
15/10/2014,-31950,-430925000,13.5(-0.74 %),0,0,31950,430925000,106190535,10.27
16/10/2014,-169100,-2226522000,12.8(-5.19 %),0,0,169100,2226522000,106359635,10.21
17/10/2014,-38600,-490940000,12.9(0.78 %),4000,51600000,42600,542540000,106398235,10.2
20/10/2014,128700,1700250000,13.2(2.33 %),150000,1976220000,21300,275970000,106269535,10.24
21/10/2014,89750,1186300000,13.2(0.00 %),200000,2637000000,110250,1450700000,106179785,10.28
22/10/2014,269570,3641385000,13.6(3.03 %),290870,3927445000,21300,286060000,105910215,10.37
23/10/2014,832660,11413145000,13.5(-0.74 %),876310,12010620000,43650,597475000,105077555,10.68
24/10/2014,7670,101244000,13.6(0.74 %),7670,101244000,0,0,105069885,10.68
27/10/2014,-21300,-275550000,12.8(-5.88 %),0,0,21300,275550000,105091185,10.67
29/10/2014,585650,7871832000,13.6(5.43 %),596300,8014542000,10650,142710000,104505535,10.89
30/10/2014,632000,8762507000,13.8(1.47 %),651000,9026607000,19000,264100000,103873535,11.12
31/10/2014,172000,2405291000,14.1(2.17 %),172000,2405291000,0,0,103701535,11.18
03/11/2014,0,0,13.9(-1.42 %),0,0,0,0,103723185,11.17
04/11/2014,0,0,13.6(-2.16 %),0,0,0,0,103723185,11.17
05/11/2014,99000,1338443000,13.5(-0.74 %),110000,1485043000,11000,146600000,103624185,11.21
06/11/2014,714000,9902976000,13.9(2.96 %),750000,10396176000,36000,493200000,102910185,11.47
07/11/2014,226330,3144874000,13.9(0.00 %),226330,3144874000,0,0,102683855,11.55
10/11/2014,212220,2971080000,14(0.72 %),212220,2971080000,0,0,102471635,11.63
11/11/2014,65080,911020000,13.9(-0.71 %),71080,995020000,6000,84000000,102406555,11.65
12/11/2014,11230,155097000,13.8(-0.72 %),11230,155097000,0,0,102395325,11.66
13/11/2014,295000,4055000000,13.6(-1.45 %),295000,4055000000,0,0,102100325,11.76
14/11/2014,40000,540400000,13.5(-0.74 %),40000,540400000,0,0,102060325,11.78
17/11/2014,46510,631935000,13.6(0.74 %),47500,645300000,990,13365000,102013815,11.8
18/11/2014,-36300,-486750000,13.3(-2.21 %),0,0,36300,486750000,102050115,11.78
19/11/2014,0,0,13.2(-0.75 %),0,0,0,0,102050115,11.78
20/11/2014,-4000,-53200000,13.4(1.52 %),0,0,4000,53200000,102042475,0.0
21/11/2014,-20500,-271200000,13.2(-1.49 %),53500,715400000,74000,986600000,101989965,0.0
24/11/2014,30000,391200000,13.1(-0.76 %),30000,391200000,0,0,101996265,0.0
25/11/2014,45630,618890000,13.4(2.29 %),85650,1139150000,40020,520260000,101910615,0.0
26/11/2014,51950,693180000,13.1(-2.24 %),51950,693180000,0,0,101862665,0.0
27/11/2014,-27600,-359560000,13.3(1.53 %),5000,65550000,32600,425110000,101931665,0.0
28/11/2014,155000,2108140000,13.6(2.26 %),155000,2108140000,0,0,101776665,0.0
01/12/2014,45000,611000000,13.6(0.00 %),45000,611000000,0,0,101771685,0.0
02/12/2014,11220,151460000,13.5(-0.74 %),23000,310500000,11780,159040000,101748685,0.0
03/12/2014,5000,66300000,13.6(0.74 %),15000,202300000,10000,136000000,101766285,0.0
04/12/2014,999300,13853950000,13.8(1.47 %),1027000,14230670000,27700,376720000,100739285,0.0
05/12/2014,1984250,28460250000,14.6(5.80 %),2009050,28811870000,24800,351620000,98730235,0.0
08/12/2014,24500,346850000,14.1(-3.42 %),76000,1085300000,51500,738450000,98666015,0.0
09/12/2014,-94430,-1258720000,13.3(-5.67 %),70000,956900000,164430,2215620000,98606015,0.0
10/12/2014,153350,2106330000,13.9(4.51 %),165000,2263700000,11650,157370000,98468715,0.0
11/12/2014,170890,2379390000,13.9(0.00 %),208810,2905100000,37920,525710000,98284705,0.0
12/12/2014,61060,844922000,14(0.72 %),61060,844922000,0,0,98223645,13.18
15/12/2014,236060,3346100000,14(0.00 %),236060,3346100000,0,0,98203515,0.0
16/12/2014,1252720,17537550000,14(0.00 %),1258120,17613690000,5400,76140000,96957045,0.0
17/12/2014,-24600,-325520000,13.5(-3.57 %),1900,25620000,26500,351140000,96993065,0.0
18/12/2014,-5250,-72750000,13.9(2.96 %),0,0,5250,72750000,96993065,0.0
19/12/2014,1874180,26345120000,14.1(1.44 %),2108420,29646300000,234240,3301180000,94884645,0.0
22/12/2014,0,0,13.8(-2.13 %),0,0,0,0,94884645,14.4
23/12/2014,0,0,13.5(-2.17 %),0,0,0,0,94916545,0.0
24/12/2014,0,0,13.4(-0.74 %),0,0,0,0,94921795,0.0
25/12/2014,-30000,-399000000,13.2(-1.49 %),0,0,30000,399000000,95156035,0.0
26/12/2014,2500,33000000,12.9(-2.27 %),2500,33000000,0,0,95153535,14.3
29/12/2014,5000,64500000,12.6(-2.33 %),5000,64500000,0,0,95148535,14.3
30/12/2014,10000,128100000,13.3(5.56 %),10000,128100000,0,0,95138535,14.3
31/12/2014,45300,616350000,13.5(1.50 %),45300,616350000,0,0,95093235,14.32
05/01/2015,219270,3035221000,14(3.70 %),219270,3035221000,0,0,94903965,14.39
06/01/2015,25270,349576000,13.8(-1.43 %),54270,751276000,29000,401700000,94878695,14.4
07/01/2015,54270,752200000,13.9(0.72 %),54270,752200000,0,0,94824425,14.42
08/01/2015,98380,1354342000,13.7(-1.44 %),98380,1354342000,0,0,94726045,14.45
09/01/2015,54160,746208000,13.7(0.00 %),58160,801808000,4000,55600000,94671885,14.47
12/01/2015,84270,1157039000,13.5(-1.46 %),84270,1157039000,0,0,94587615,14.5
13/01/2015,17480,240012000,13.6(0.74 %),86180,1167462000,68700,927450000,94570135,14.51
14/01/2015,0,0,13.7(0.74 %),0,0,0,0,94570135,14.51
15/01/2015,-2890,-39493000,13.6(-0.73 %),0,0,2890,39493000,94573025,14.51
16/01/2015,0,0,13.7(0.74 %),0,0,0,0,94573025,14.51
19/01/2015,15500,207705000,13.4(-2.19 %),15500,207705000,0,0,94557525,14.51
20/01/2015,-18430,-247171000,13.4(0.00 %),3000,40200000,21430,287371000,94575955,14.51
21/01/2015,-61020,-816568000,13.2(-1.49 %),0,0,61020,816568000,94636975,14.49
22/01/2015,-73000,-963600000,13.2(0.00 %),57000,752400000,130000,1716000000,94709975,14.46
23/01/2015,-34700,-466280000,13.4(1.52 %),53000,708900000,87700,1175180000,94744675,14.45
26/01/2015,-6000,-79400000,13.3(-0.75 %),2000,27000000,8000,106400000,94750675,14.44
27/01/2015,-18260,-244684000,13.2(-0.75 %),0,0,18260,244684000,94768935,14.44
28/01/2015,-5240,-69168000,13.2(0.00 %),18800,248160000,24040,317328000,94774175,14.44
29/01/2015,-4570,-60324000,13.2(0.00 %),0,0,4570,60324000,94778745,14.43
30/01/2015,0,0,13(-1.52 %),0,0,0,0,94778745,14.43
02/02/2015,-46500,-592190000,12.7(-2.31 %),1000,12800000,47500,604990000,94749135,14.44
03/02/2015,-22100,-280336000,12.6(-0.79 %),0,0,22100,280336000,94771235,14.44
04/02/2015,0,0,12.6(0.00 %),0,0,0,0,94771235,14.44
05/02/2015,-50000,-622000000,12.5(-0.79 %),10000,124000000,60000,746000000,94821235,14.42
06/02/2015,0,0,12.5(0.00 %),0,0,0,0,94821235,14.42
09/02/2015,-45640,-575676000,12.6(0.80 %),54360,686600000,100000,1262276000,94866875,14.4
10/02/2015,-45670,-573196000,12.5(-0.79 %),54330,688458000,100000,1261654000,94912545,14.38
11/02/2015,49300,632870000,12.8(2.40 %),54300,697370000,5000,64500000,94863245,14.4
12/02/2015,-214590,-2722955000,12.6(-1.56 %),54800,697255000,269390,3420210000,95077835,14.32
13/02/2015,-106550,-1355007000,12.9(2.38 %),54300,698520000,160850,2053527000,95184385,14.29
24/02/2015,46180,611741000,13.3(3.10 %),54180,717341000,8000,105600000,95138205,14.3
25/02/2015,-201900,-2626368000,13(-2.26 %),59150,775980000,261050,3402348000,95340105,14.23
26/02/2015,-262650,-3372476000,12.9(-0.77 %),54150,698850000,316800,4071326000,95602755,14.13
27/02/2015,-180960,-2306469000,12.7(-1.55 %),58080,743733000,239040,3050202000,95783715,14.07
02/03/2015,54150,688999000,12.8(0.79 %),54150,688999000,0,0,94988785,14.36
03/03/2015,-166170,-2139881000,13(1.56 %),54180,694786000,220350,2834667000,95154955,14.3
04/03/2015,-206820,-2691510000,13(0.00 %),80000,1040300000,286820,3731810000,95361775,14.22
05/03/2015,-15650,-206161000,13(0.00 %),80000,1037289000,95650,1243450000,95377425,14.22
06/03/2015,-267720,-3426816000,12.8(-1.54 %),0,0,267720,3426816000,95645145,14.12
09/03/2015,-87960,-1125959000,12.7(-0.78 %),2390,30521000,90350,1156480000,95733105,14.09
10/03/2015,-121280,-1529328000,12.6(-0.79 %),0,0,121280,1529328000,95854385,14.04
11/03/2015,-350000,-4405958000,12.5(-0.79 %),0,0,350000,4405958000,96204385,13.91
12/03/2015,-290000,-3601109000,12.5(0.00 %),0,0,290000,3601109000,96494385,13.81
13/03/2015,-261730,-3206379000,12.2(-2.40 %),0,0,261730,3206379000,96756115,13.71
16/03/2015,-107880,-1316017000,12.1(-0.82 %),23300,284497000,131180,1600514000,96863995,13.67
17/03/2015,-201930,-2444539000,12.5(3.31 %),36890,450183000,238820,2894722000,97065925,13.6
18/03/2015,-2100,-25820000,12.3(-1.60 %),100,1240000,2200,27060000,97068025,13.6
19/03/2015,-595280,-7168166000,12(-2.44 %),0,0,595280,7168166000,97663305,13.38
20/03/2015,104230,1271606000,12.2(1.67 %),153410,1871602000,49180,599996000,97559075,13.42
23/03/2015,-248550,-2972629000,11.9(-2.46 %),0,0,248550,2972629000,97807625,13.33
24/03/2015,-10300,-122010000,11.6(-2.52 %),0,0,10300,122010000,97817925,13.33
25/03/2015,-10300,-122010000,11.6(0.00 %),0,0,10300,122010000,97828225,13.32
26/03/2015,-126280,-1471353000,11.6(0.00 %),0,0,126280,1471353000,97954505,13.28
27/03/2015,-522560,-5993249000,11.3(-2.59 %),0,0,522560,5993249000,98477065,13.08
30/03/2015,-90200,-1010780000,11(-2.65 %),0,0,90200,1010780000,98567265,13.05
31/03/2015,15220,168686000,11.1(0.91 %),31040,347452000,15820,178766000,98552045,13.06
01/04/2015,-94000,-1006304000,10.7(-3.60 %),46000,500350000,140000,1506654000,98721115,13.0
02/04/2015,9620,102930000,11(2.80 %),19100,205930000,9480,103000000,98711495,13.0
03/04/2015,5000,55000000,11.1(0.91 %),5000,55000000,0,0,98706495,13.0
06/04/2015,-72160,-785606000,10.8(-2.70 %),0,0,72160,785606000,98778655,12.97
07/04/2015,-127360,-1378776000,11(1.85 %),800,8560000,128160,1387336000,98906015,12.93
08/04/2015,-142370,-1553709000,10.9(-0.91 %),19990,221889000,162360,1775598000,99048385,12.88
09/04/2015,-311430,-3454041000,11.6(6.42 %),16610,192599000,328040,3646640000,99359815,12.76
10/04/2015,230200,2814623000,12.3(6.03 %),249200,3048323000,19000,233700000,99129615,12.85
13/04/2015,1640,19372000,11.9(-3.25 %),1640,19372000,0,0,99127975,12.85
14/04/2015,97030,1143288000,11.6(-2.52 %),97040,1143405000,10,117000,99030945,12.88
15/04/2015,175210,2091818000,12(3.45 %),175210,2091818000,0,0,98855735,12.95
16/04/2015,149590,1793479000,12(0.00 %),151120,1812145000,1530,18666000,98706145,13.0
17/04/2015,64570,765983000,11.8(-1.67 %),64570,765983000,0,0,98641575,13.02
20/04/2015,-290110,-3332067000,11.5(-2.54 %),59890,696933000,350000,4029000000,98931685,12.92
21/04/2015,83820,964930000,11.4(-0.87 %),83820,964930000,0,0,98847865,12.95
22/04/2015,53820,619348000,11.5(0.88 %),53820,619348000,0,0,98794045,12.97
23/04/2015,52820,608130000,11.5(0.00 %),53820,619630000,1000,11500000,98741225,12.99
24/04/2015,53820,627894000,11.7(1.74 %),53820,627894000,0,0,98687405,13.01
27/04/2015,53820,627194000,11.5(-1.71 %),53820,627194000,0,0,98633585,13.03
04/05/2015,92880,1034308000,10.7(-6.96 %),92880,1034308000,0,0,99308285,12.78
05/05/2015,53850,578310000,10.8(0.93 %),53850,578310000,0,0,99254435,12.8
06/05/2015,-16090,-172281000,10.8(0.00 %),53910,581527000,70000,753808000,99270525,12.8
07/05/2015,18910,206904000,10.8(0.00 %),53910,587110000,35000,380206000,99251615,12.8
08/05/2015,73910,822995000,11.2(3.70 %),73910,822995000,0,0,99177705,12.83
11/05/2015,63650,710923000,11.1(-0.89 %),76650,854823000,13000,143900000,99114055,12.85
12/05/2015,-21250,-231106000,11.1(0.00 %),32790,357966000,54040,589072000,99135305,12.84
13/05/2015,10650,116428000,10.9(-1.80 %),10650,116428000,0,0,99124655,12.85
14/05/2015,15000,163500000,10.9(0.00 %),15000,163500000,0,0,99109655,12.85
15/05/2015,-24500,-265800000,10.8(-0.92 %),0,0,24500,265800000,99134155,12.85
18/05/2015,-58500,-605966000,10.3(-4.63 %),0,0,58500,605966000,99192655,12.82
19/05/2015,27970,293138000,10.4(0.97 %),32970,345138000,5000,52000000,99164685,12.83
20/05/2015,17960,195552000,10.9(4.81 %),17960,195552000,0,0,99146725,12.84
21/05/2015,3940,47934000,11.1(1.83 %),40940,454434000,37000,406500000,99142785,12.84
22/05/2015,48530,538061000,11.1(0.00 %),53880,597446000,5350,59385000,99094255,12.86
25/05/2015,10000,111000000,11.1(0.00 %),10000,111000000,0,0,99084255,12.86
26/05/2015,53700,612040000,11.3(1.80 %),55350,630685000,1650,18645000,99030555,12.88
27/05/2015,46150,522595000,11.3(0.00 %),54150,612995000,8000,90400000,98984405,12.9
28/05/2015,34150,386425000,11.4(0.88 %),94150,1070425000,60000,684000000,98950255,12.91
29/05/2015,66950,780705000,11.5(0.88 %),66950,780705000,0,0,98883305,12.94
01/06/2015,40040,466832000,11.5(0.00 %),55040,642332000,15000,175500000,98761265,12.98
02/06/2015,54240,621684000,11.3(-1.74 %),54240,621684000,0,0,98707025,13.0
03/06/2015,20180,227724000,11.3(0.00 %),20180,227724000,0,0,98686845,13.01
04/06/2015,5000,56500000,11.4(0.88 %),5000,56500000,0,0,98681845,13.01
05/06/2015,0,0,11.6(1.75 %),0,0,0,0,98681845,13.01
08/06/2015,87900,1028509000,11.6(0.00 %),88000,1029680000,100,1171000,98593945,13.04
09/06/2015,-5000,-58000000,11.4(-1.72 %),0,0,5000,58000000,98598945,13.04
10/06/2015,0,0,11.3(-0.88 %),0,0,0,0,98598945,13.04
11/06/2015,0,0,12(6.19 %),0,0,0,0,98598945,13.04
12/06/2015,6300,75730000,12(0.00 %),6300,75730000,0,0,98592645,13.04
15/06/2015,36830,442846000,12.1(0.83 %),37700,453370000,870,10524000,98555815,13.06
16/06/2015,178000,2118370000,11.7(-3.31 %),180050,2143175000,2050,24805000,98377815,13.12
17/06/2015,54330,629761000,11.6(-0.85 %),54330,629761000,0,0,98323485,13.14
18/06/2015,54330,633595000,11.8(1.72 %),54330,633595000,0,0,98269155,13.16
19/06/2015,746130,8949560000,12(1.69 %),874550,10490600000,128420,1541040000,97523025,13.43
22/06/2015,54300,641200000,11.8(-1.67 %),54300,641200000,0,0,97468725,13.45
23/06/2015,19290,227143000,11.7(-0.85 %),19290,227143000,0,0,97449435,13.46
24/06/2015,20080,235436000,11.8(0.85 %),20080,235436000,0,0,97429355,13.47
25/06/2015,-60,-708000,11.6(-1.69 %),0,0,60,708000,97429415,13.47
26/06/2015,1000,11600000,11.6(0.00 %),1000,11600000,0,0,97428415,13.47
29/06/2015,16000,183534000,11.6(0.00 %),47660,548290000,31660,364756000,97412415,13.47
30/06/2015,29420,342142000,11.7(0.86 %),526384,6157621000,496964,5815479000,97382995,13.48
01/07/2015,59130,689321000,11.4(-2.56 %),59130,689321000,0,0,97365205,13.49
02/07/2015,58430,682432000,11.7(2.63 %),59130,690482000,700,8050000,97306775,13.51
03/07/2015,-1930,-22559000,11.7(0.00 %),220,2596000,2150,25155000,97308705,13.51
06/07/2015,59130,698934000,11.9(1.71 %),59130,698934000,0,0,97249575,13.53
07/07/2015,11240,141632000,12(0.84 %),59130,706734000,47890,565102000,97238335,13.54
08/07/2015,-1509320,-17478325000,11.5(-4.17 %),59830,699480000,1569150,18177805000,98747655,12.99
09/07/2015,-744830,-8632581000,11.6(0.87 %),59130,686395000,803960,9318976000,99492485,12.71
10/07/2015,40420,485142000,12.1(4.31 %),40420,485142000,0,0,99452065,12.73
13/07/2015,135000,1628000000,12(-0.83 %),135000,1628000000,0,0,99317065,12.78
14/07/2015,35400,422700000,12(0.00 %),39400,470300000,4000,47600000,99281665,12.79
15/07/2015,-50000,-586500000,11.6(-3.33 %),0,0,50000,586500000,99331665,12.77
16/07/2015,-307100,-3560730000,11.6(0.00 %),59100,688560000,366200,4249290000,99638765,12.66
17/07/2015,-490040,-5689016000,11.6(0.00 %),60660,705556000,550700,6394572000,100128805,12.48
20/07/2015,-1046960,-11763763000,11.3(-2.59 %),39440,446960000,1086400,12210723000,101175765,12.1
21/07/2015,-1066680,-11660017000,11.2(-0.88 %),19720,217564000,1086400,11877581000,102242445,11.71
22/07/2015,-777660,-8509610000,11(-1.79 %),59160,648460000,836820,9158070000,103020105,11.43
23/07/2015,-791000,-8693749000,10.9(-0.91 %),0,0,791000,8693749000,103811105,11.14
24/07/2015,-625570,-6674348000,10.6(-2.75 %),8000,85400000,633570,6759748000,104436675,10.91
27/07/2015,-247800,-2658040000,10.9(2.83 %),181310,1954717000,429110,4612757000,104684475,10.82
28/07/2015,-953830,-10490755000,10.9(0.00 %),0,0,953830,10490755000,105638305,10.47
29/07/2015,500,5550000,11(0.92 %),500,5550000,0,0,105637805,10.47
30/07/2015,100340,1115550000,11.2(1.82 %),100340,1115550000,0,0,105537465,10.51
31/07/2015,-600,-6600000,10.9(-2.68 %),3400,37400000,4000,44000000,105538065,10.51
03/08/2015,-15000,-161810000,10.8(-0.92 %),0,0,15000,161810000,105575725,10.5
04/08/2015,0,0,10.8(0.00 %),0,0,0,0,105575725,10.5
05/08/2015,151850,1668880000,11(1.85 %),151850,1668880000,0,0,105423875,10.55
06/08/2015,0,0,11(0.00 %),0,0,0,0,105423875,10.55
07/08/2015,0,0,10.9(-0.91 %),0,0,0,0,105423875,10.55
10/08/2015,0,0,10.9(0.00 %),0,0,0,0,105423875,10.55
11/08/2015,0,0,10.9(0.00 %),0,0,0,0,105423875,10.55
12/08/2015,22780,249680000,10.9(0.00 %),23580,258480000,800,8800000,105401095,10.56
13/08/2015,-79520,-850380000,10.8(-0.92 %),0,0,79520,850380000,105480615,10.53
14/08/2015,-59640,-635830000,10.7(-0.93 %),0,0,59640,635830000,105540255,10.51
17/08/2015,0,0,10.6(-0.93 %),0,0,0,0,105540255,10.51
18/08/2015,-19880,-210370000,10.6(0.00 %),0,0,19880,210370000,105560135,10.5
19/08/2015,0,0,10.7(0.94 %),0,0,0,0,105560135,10.5
20/08/2015,-299520,-3133430000,10.5(-1.87 %),0,0,299520,3133430000,105859655,10.39
21/08/2015,-109350,-1110240000,10.2(-2.86 %),0,0,109350,1110240000,105969005,10.35
24/08/2015,-49150,-478500000,9.5(-6.86 %),62000,589000000,111150,1067500000,106018155,10.33
25/08/2015,-112380,-945670000,8.3(-4.60 %),29100,247370000,141480,1193040000,106130535,10.29
26/08/2015,-223570,-1877220000,8.6(3.61 %),5000,40500000,228570,1917720000,106354105,10.21
27/08/2015,-124780,-1084110000,8.6(0.00 %),0,0,124780,1084110000,106478885,10.17
28/08/2015,-13800,-119960000,8.7(1.16 %),8000,68800000,21800,188760000,106492685,10.16
31/08/2015,-77600,-663660000,8.5(-2.30 %),2000,17200000,79600,680860000,106570285,10.13
01/09/2015,0,0,8.8(3.53 %),0,0,0,0,106363105,10.21
03/09/2015,-88450,-774870000,8.7(-1.14 %),15000,132000000,103450,906870000,106451555,10.18
04/09/2015,0,0,8.6(-1.15 %),0,0,0,0,106451555,10.18
07/09/2015,-11600,-98600000,8.5(-1.16 %),8400,71400000,20000,170000000,106463155,10.17
08/09/2015,-19190,-163520000,8.5(0.00 %),700,5950000,19890,169470000,106482345,10.17
09/09/2015,11000,93300000,8.5(0.00 %),13000,110500000,2000,17200000,106471345,10.17
10/09/2015,0,0,8.7(2.35 %),0,0,0,0,106471345,10.17
11/09/2015,-19890,-171930000,8.6(-1.15 %),0,0,19890,171930000,106491235,10.16
14/09/2015,-190,-1540000,8.4(-2.33 %),600,5100000,790,6640000,106491425,10.16
15/09/2015,-119340,-996960000,8.3(-1.19 %),0,0,119340,996960000,106610765,10.12
16/09/2015,0,0,8.6(3.61 %),0,0,0,0,106610765,10.12
17/09/2015,0,0,8.5(-1.16 %),0,0,0,0,106610765,10.12
18/09/2015,200660,1745540000,8.7(2.35 %),200660,1745540000,0,0,106410105,10.19
21/09/2015,11670,102490000,8.7(0.00 %),42550,370190000,30880,267700000,106398435,10.2
22/09/2015,-196720,-1771790000,9(3.45 %),6530,57460000,203250,1829250000,106595155,10.12
23/09/2015,-179800,-1620050000,9.1(1.11 %),200,1800000,180000,1621850000,106774955,10.06
24/09/2015,-320000,-2902380000,9(-1.10 %),10000,89000000,330000,2991380000,107094955,9.94
25/09/2015,-100000,-892120000,8.9(-1.11 %),0,0,100000,892120000,107194955,9.91
28/09/2015,300,2700000,8.9(0.00 %),300,2700000,0,0,107194655,9.91
29/09/2015,13000,114140000,8.9(0.00 %),19000,167200000,6000,53060000,107181655,9.91
30/09/2015,-146700,-1284900000,8.8(-1.12 %),3300,29250000,150000,1314150000,107328355,9.86
01/10/2015,300,2640000,8.8(0.00 %),300,2640000,0,0,107398235,9.83
02/10/2015,-165460,-1426530000,8.6(-2.27 %),0,0,165460,1426530000,107563695,9.77
05/10/2015,364540,3099620000,8.7(1.16 %),467540,3985420000,103000,885800000,107199155,9.9
06/10/2015,115220,1041660000,9.3(6.90 %),417220,3775760000,302000,2734100000,107083935,9.95
07/10/2015,581390,5546230000,9.6(3.23 %),581390,5546230000,0,0,106502545,10.16
08/10/2015,710700,7050290000,10.1(5.21 %),710800,7051290000,100,1000000,105791845,10.42
09/10/2015,65660,650380000,9.9(-1.98 %),65660,650380000,0,0,105726185,10.44
12/10/2015,60660,598370000,9.8(-1.01 %),60660,598370000,0,0,105665525,10.46
13/10/2015,60860,595340000,9.8(0.00 %),60860,595340000,0,0,105604665,10.49
14/10/2015,60630,592740000,9.7(-1.02 %),60630,592740000,0,0,105544035,10.51
15/10/2015,20220,194960000,9.7(0.00 %),20220,194960000,0,0,105523815,10.51
16/10/2015,-12000,-116400000,9.7(0.00 %),0,0,12000,116400000,105535815,10.51
19/10/2015,840,8150000,9.7(0.00 %),840,8150000,0,0,105534975,10.51
20/10/2015,-247400,-2327500000,9.4(-3.09 %),0,0,247400,2327500000,105782375,10.42
21/10/2015,-225130,-2071910000,9(-4.26 %),0,0,225130,2071910000,106007505,10.34
22/10/2015,-556400,-4993380000,9.2(2.22 %),50240,453380000,606640,5446760000,106563905,10.14
23/10/2015,5000,46000000,9(-2.17 %),5000,46000000,0,0,106558905,10.14
26/10/2015,63720,577680000,9(0.00 %),63720,577680000,0,0,106495185,10.16
27/10/2015,0,0,8.8(-2.22 %),0,0,0,0,106495185,10.16
28/10/2015,-15120,-133840000,8.8(0.00 %),0,0,15120,133840000,106510305,10.16
29/10/2015,-25000,-218500000,8.8(0.00 %),0,0,25000,218500000,106535305,10.15
30/10/2015,-14000,-123000000,8.7(-1.14 %),0,0,14000,123000000,106549305,10.14
02/11/2015,-10640,-92000000,8.6(-1.15 %),0,0,10640,92000000,106651185,10.1
03/11/2015,133420,1177660000,9(4.65 %),152880,1348190000,19460,170530000,106517765,10.15
04/11/2015,38240,344460000,9(0.00 %),38240,344460000,0,0,106479525,10.17
05/11/2015,-6600,-58740000,9(0.00 %),0,0,6600,58740000,106486125,10.16
06/11/2015,-12170,-107210000,8.9(-1.11 %),0,0,12170,107210000,106498295,10.16
09/11/2015,13730,120720000,8.7(-2.25 %),20230,177920000,6500,57200000,106484565,10.16
10/11/2015,-14400,-123780000,8.7(0.00 %),600,5220000,15000,129000000,106498965,10.16
11/11/2015,-4300,-37620000,8.4(-3.45 %),5700,48380000,10000,86000000,106503265,10.16
12/11/2015,0,0,8.4(0.00 %),0,0,0,0,106503265,10.16
13/11/2015,0,0,8.4(0.00 %),0,0,0,0,106503265,10.16
16/11/2015,0,0,8.4(0.00 %),0,0,0,0,106503265,10.16
17/11/2015,-65820,-552490000,8.5(1.19 %),200,1680000,66020,554170000,106569085,10.13
18/11/2015,-33750,-280130000,8.3(-2.35 %),0,0,33750,280130000,106602835,10.12
19/11/2015,-43530,-357760000,8.2(-1.20 %),0,0,43530,357760000,106646365,10.11
20/11/2015,20000,174000000,8.7(6.10 %),20000,174000000,0,0,106626365,10.11
23/11/2015,100,880000,8.8(1.15 %),100,880000,0,0,106626265,10.11
24/11/2015,0,0,8.5(-3.41 %),0,0,0,0,106647495,10.11
25/11/2015,-62440,-525540000,8.3(-2.35 %),0,0,62440,525540000,106691025,10.09
26/11/2015,-5000,-42500000,8.4(1.20 %),0,0,5000,42500000,106691025,10.09
27/11/2015,-60570,-505453000,8.2(-2.38 %),0,0,60570,505453000,106751595,10.07
30/11/2015,3000,24870000,8.2(0.00 %),3000,24870000,0,0,106688025,10.09
01/12/2015,-60540,-495470000,8.1(-1.22 %),0,0,60540,495470000,106750465,10.07
02/12/2015,-30340,-250090000,8.2(1.23 %),10000,81000000,40340,331090000,106745465,10.07
03/12/2015,-60510,-491680000,8.1(-1.22 %),0,0,60510,491680000,106806035,10.05
04/12/2015,500,4000000,8.1(0.00 %),500,4000000,0,0,106805535,10.05
07/12/2015,-90900,-725490000,8.1(0.00 %),10000,80000000,100900,805490000,106856075,10.03
08/12/2015,0,0,8(-1.23 %),0,0,0,0,106896415,10.01
09/12/2015,-204190,-1597710000,7.7(-3.75 %),118530,934840000,322720,2532550000,106838395,10.04
10/12/2015,200,1540000,7.6(-1.30 %),200,1540000,0,0,106838195,10.04
11/12/2015,0,0,7.5(-1.32 %),0,0,0,0,106939095,10.0
14/12/2015,-40720,-286340000,7(-6.67 %),1000,7200000,41720,293540000,106938095,10.0
15/12/2015,-125630,-891990000,7.1(1.43 %),8200,58200000,133830,950190000,107252615,9.88
16/12/2015,-5599130,-40515450000,7.2(1.41 %),2700,19210000,5601830,40534660000,107249915,9.89
17/12/2015,12700,97790000,7.7(6.94 %),12700,97790000,0,0,107237215,9.89
18/12/2015,-2886940,-21649290000,7.5(-2.60 %),1663380,12478110000,4550320,34127400000,105615555,10.48
21/12/2015,5300,39280000,7.4(-1.33 %),5300,39280000,0,0,105744085,10.43
22/12/2015,116930,876950000,7.4(0.00 %),116930,876950000,0,0,111228985,8.43
23/12/2015,-48000,-348000000,7.3(-1.35 %),0,0,48000,348000000,111228985,8.43
24/12/2015,300,2190000,7.2(-1.37 %),300,2190000,0,0,115779005,6.77
25/12/2015,1100,8030000,7.1(-1.39 %),1100,8030000,0,0,115777905,6.78
28/12/2015,-47840,-338760000,6.9(-2.82 %),0,0,47840,338760000,115777905,6.78
29/12/2015,-24000,-166600000,7.1(2.90 %),13000,92300000,37000,258900000,115812905,6.76
30/12/2015,700,5110000,7.2(1.41 %),700,5110000,0,0,115812205,6.76
31/12/2015,500,3600000,7.2(0.00 %),500,3600000,0,0,115811705,6.76
04/01/2016,57180,411700000,7.1(-1.39 %),57180,411700000,0,0,115802365,6.77
05/01/2016,5600,39200000,6.9(-2.82 %),5600,39200000,0,0,115833765,6.75
06/01/2016,4600,31850000,7(1.45 %),4600,31850000,0,0,115829165,6.76
07/01/2016,12840,87780000,6.7(-4.29 %),12840,87780000,0,0,115816325,6.76
08/01/2016,92200,613320000,6.7(0.00 %),92200,613320000,0,0,115724125,6.79
11/01/2016,10000,66000000,6.7(0.00 %),10000,66000000,0,0,115714125,6.8
12/01/2016,-79450,-549600000,7(4.48 %),6550,45100000,86000,594700000,115707575,6.8
13/01/2016,-30000,-209500000,7(0.00 %),11000,77000000,41000,286500000,115696575,6.8
14/01/2016,-173000,-1180900000,6.9(-1.43 %),0,0,173000,1180900000,115696575,6.8
15/01/2016,-289860,-1965050000,6.7(-2.90 %),0,0,289860,1965050000,115782575,6.77
18/01/2016,-472800,-2997190000,6.4(-4.48 %),38500,245130000,511300,3242320000,115785075,6.77
19/01/2016,17110,109470000,6.5(1.56 %),78110,504470000,61000,395000000,115879965,6.74
20/01/2016,60980,390470000,6.3(-3.08 %),80980,520470000,20000,130000000,116088845,6.66
21/01/2016,-20000,-126000000,6(-4.76 %),0,0,20000,126000000,116600145,6.48
22/01/2016,775200,4805220000,6.4(6.67 %),779200,4830420000,4000,25200000,115881945,6.74
25/01/2016,0,0,6.7(4.69 %),0,0,0,0,115921945,6.72
26/01/2016,2470,16300000,6.5(-2.99 %),2470,16300000,0,0,115919475,6.72
27/01/2016,3920,25870000,6.6(1.54 %),3920,25870000,0,0,115919555,6.72
28/01/2016,0,0,6.5(-1.52 %),0,0,0,0,115919555,6.72
29/01/2016,-6000,-41000000,6.6(1.54 %),4000,26000000,10000,67000000,115915555,6.73
01/02/2016,5200,34320000,6.8(3.03 %),5200,34320000,0,0,115910355,6.73
02/02/2016,0,0,6.7(-1.47 %),0,0,0,0,115910355,6.73
03/02/2016,-25800,-170750000,6.6(-1.49 %),8200,53300000,34000,224050000,115912155,6.73
04/02/2016,7690,51050000,6.6(0.00 %),19990,131930000,12300,80880000,115892165,6.73
05/02/2016,-9800,-64680000,6.7(1.52 %),0,0,9800,64680000,115892165,6.73
15/02/2016,-32300,-212180000,6.6(-1.49 %),6000,40200000,38300,252380000,115920165,6.72
16/02/2016,-40000,-264000000,6.6(0.00 %),0,0,40000,264000000,115932465,6.72
17/02/2016,-15070,-101460000,6.6(0.00 %),8000,52800000,23070,154260000,115934265,6.72
18/02/2016,-50000,-331000000,6.7(1.52 %),0,0,50000,331000000,115972565,6.7
19/02/2016,18000,119600000,6.6(-1.49 %),18000,119600000,0,0,115994565,6.7
22/02/2016,-80000,-536000000,6.7(1.52 %),0,0,80000,536000000,116017635,6.69
23/02/2016,-15000,-100500000,6.7(0.00 %),5000,33500000,20000,134000000,116062635,6.67
24/02/2016,165000,1091500000,7(4.48 %),270000,1822000000,105000,730500000,115792635,6.77
25/02/2016,-25000,-174500000,6.8(-2.86 %),0,0,25000,174500000,115872635,6.74
26/02/2016,-30000,-204000000,6.8(0.00 %),0,0,30000,204000000,115892635,6.73
29/02/2016,-60000,-411000000,7(2.94 %),0,0,60000,411000000,115997635,6.7
01/03/2016,-59550,-416850000,7(0.00 %),39200,274400000,98750,691250000,115983435,6.7
02/03/2016,-80000,-560000000,6.9(-1.43 %),50000,350000000,130000,910000000,115963435,6.71
03/03/2016,-370000,-2558910000,6.9(0.00 %),0,0,370000,2558910000,116023435,6.69
04/03/2016,0,0,6.9(0.00 %),0,0,0,0,116122185,6.65
07/03/2016,0,0,6.8(-1.45 %),0,0,0,0,116252185,6.6
08/03/2016,0,0,7.2(5.88 %),0,0,0,0,116622185,6.47
09/03/2016,-104800,-812480000,7.7(6.94 %),55200,419520000,160000,1232000000,116566985,6.49
10/03/2016,14000,110600000,7.6(-1.30 %),14000,110600000,0,0,116552985,6.49
11/03/2016,0,0,7.3(-3.95 %),0,0,0,0,116552985,6.49
14/03/2016,10000,74000000,7.8(6.85 %),10000,74000000,0,0,116702985,6.44
15/03/2016,71300,555620000,7.8(0.00 %),150300,1164820000,79000,609200000,116552685,6.49
16/03/2016,191800,1529300000,8.3(6.41 %),191810,1529380000,10,80000,116360875,6.56
17/03/2016,-337850,-2898720000,8.4(1.20 %),258190,2218430000,596040,5117150000,116102685,6.66
18/03/2016,-431550,-3672630000,8.5(1.19 %),9000,76100000,440550,3748730000,116172685,6.63
21/03/2016,-50390,-426250000,8.2(-3.53 %),37000,315300000,87390,741550000,116135695,6.64
22/03/2016,-181600,-1518120000,8.4(2.44 %),18400,151880000,200000,1670000000,116713335,6.43
23/03/2016,-40800,-342800000,8.4(0.00 %),59200,502200000,100000,845000000,117094685,6.3
24/03/2016,-85000,-736000000,8.6(2.38 %),15000,129000000,100000,865000000,117167075,6.27
25/03/2016,-30980,-263230000,8.4(-2.33 %),7000,59000000,37980,322230000,117360075,6.2
28/03/2016,80840,701190000,8.7(3.57 %),111000,964800000,30160,263610000,117349075,6.2
29/03/2016,58190,502430000,8.5(-2.30 %),58190,502430000,0,0,117390885,6.19
30/03/2016,89200,749580000,8.4(-1.18 %),90200,757880000,1000,8300000,117338665,6.21
31/03/2016,-13250,-111180000,7.9(-5.95 %),6000,48600000,19250,159780000,117362825,6.2
01/04/2016,-103340,-818950000,7.9(0.00 %),0,0,103340,818950000,117362825,6.2
04/04/2016,-9000,-64700000,7.6(-3.80 %),25000,196500000,34000,261200000,117338825,6.21
05/04/2016,-25000,-193500000,7.8(2.63 %),0,0,25000,193500000,117358075,6.2
06/04/2016,202480,1599590000,8.1(3.85 %),202480,1599590000,0,0,117258935,6.24
07/04/2016,0,0,7.9(-2.47 %),0,0,0,0,117292935,6.22
08/04/2016,115300,911400000,8(1.27 %),115300,911400000,0,0,117202635,6.26
11/04/2016,25000,200700000,8(0.00 %),25000,200700000,0,0,117177635,6.26
12/04/2016,-4490,-35920000,7.9(-1.25 %),0,0,4490,35920000,117177635,6.26
13/04/2016,34600,273340000,7.9(0.00 %),34600,273340000,0,0,117143035,6.28
14/04/2016,-76700,-605930000,7.9(0.00 %),3300,26070000,80000,632000000,117139735,6.28
15/04/2016,47900,378410000,7.8(-1.27 %),97900,773410000,50000,395000000,117046325,6.31
19/04/2016,-7000,-53900000,7.7(-1.28 %),1000,7700000,8000,61600000,117045325,6.31
20/04/2016,25300,194810000,7.6(-1.30 %),25300,194810000,0,0,117100025,6.29
21/04/2016,69400,535080000,7.6(0.00 %),69400,535080000,0,0,117080625,6.3
22/04/2016,8600,66720000,7.7(1.32 %),10600,81920000,2000,15200000,117078025,6.3
25/04/2016,6000,46200000,7.6(-1.30 %),6000,46200000,0,0,117072025,6.3
26/04/2016,-65700,-521290000,8.1(6.58 %),34300,270710000,100000,792000000,117037725,6.32
27/04/2016,1000,8000000,7.9(-2.47 %),1000,8000000,0,0,117038725,6.32
28/04/2016,120000,960000000,8(1.27 %),120000,960000000,0,0,116918725,6.36
29/04/2016,-20000,-158500000,7.9(-1.25 %),0,0,20000,158500000,117018725,6.32
04/05/2016,20000,156000000,7.8(-1.27 %),20000,156000000,0,0,116998725,6.33
05/05/2016,0,0,7.8(0.00 %),0,0,0,0,116998725,6.33
06/05/2016,0,0,7.7(-1.28 %),0,0,0,0,117018725,6.32
09/05/2016,-10000,-76000000,7.6(-1.30 %),0,0,10000,76000000,117018725,6.32
10/05/2016,-10000,-76000000,7.6(0.00 %),0,0,10000,76000000,117018725,6.32
11/05/2016,-2900,-22040000,7.6(0.00 %),5600,42560000,8500,64600000,117013125,6.32
12/05/2016,0,0,7.6(0.00 %),0,0,0,0,117023125,6.32
13/05/2016,-10,-80000,7.6(0.00 %),0,0,10,80000,117033125,6.32
16/05/2016,0,0,7.6(0.00 %),0,0,0,0,117041625,6.31
17/05/2016,0,0,7.7(1.32 %),0,0,0,0,117041625,6.31
18/05/2016,48000,374400000,7.8(1.30 %),48000,374400000,0,0,116993635,6.33
19/05/2016,4000,31200000,7.8(0.00 %),4000,31200000,0,0,116989635,6.33
20/05/2016,0,0,7.7(-1.28 %),0,0,0,0,116989635,6.33
23/05/2016,-35000,-269500000,7.7(0.00 %),0,0,35000,269500000,116989635,6.33
24/05/2016,-5000,-31100000,7.7(0.00 %),85000,661900000,90000,693000000,116904635,6.36
25/05/2016,0,0,7.8(1.30 %),0,0,0,0,116904635,6.36
26/05/2016,-2000,-15400000,7.7(-1.28 %),0,0,2000,15400000,116939635,6.35
27/05/2016,0,0,7.8(1.30 %),0,0,0,0,117029635,6.32
30/05/2016,47000,376900000,8.2(5.13 %),50000,401500000,3000,24600000,116982635,6.34
31/05/2016,0,0,8.7(6.10 %),0,0,0,0,116982635,6.34
01/06/2016,-75100,-676120000,9(3.45 %),0,0,75100,676120000,116981635,6.34
02/06/2016,58000,520200000,9(0.00 %),76000,681400000,18000,161200000,116923635,6.36
03/06/2016,100240,902160000,8.9(-1.11 %),100240,902160000,0,0,116808395,6.4
06/06/2016,71030,631070000,8.9(0.00 %),82030,730070000,11000,99000000,116801465,6.4
07/06/2016,0,0,9(1.12 %),0,0,0,0,116819465,6.4
08/06/2016,20000,178000000,8.9(-1.11 %),20000,178000000,0,0,116799465,6.4
09/06/2016,60500,532650000,8.9(0.00 %),75500,664650000,15000,132000000,116734965,6.43
10/06/2016,20000,177900000,8.7(-2.25 %),21000,186700000,1000,8800000,116713965,6.43
13/06/2016,-144000,-1267200000,8.8(1.15 %),0,0,144000,1267200000,116713965,6.43
14/06/2016,-7500,-64490000,8.8(0.00 %),8500,74800000,16000,139290000,116720465,6.43
15/06/2016,207990,1831810000,9(2.27 %),207990,1831810000,0,0,116513475,6.51
16/06/2016,5950,52060000,8.8(-2.22 %),8950,78760000,3000,26700000,116648525,6.46
17/06/2016,252000,2222150000,8.8(0.00 %),252000,2222150000,0,0,116412525,6.54
20/06/2016,190000,1672000000,8.8(0.00 %),200000,1760000000,10000,88000000,116212525,6.62
21/06/2016,0,0,8.8(0.00 %),0,0,0,0,116215525,6.62
22/06/2016,3000,26700000,8.9(1.14 %),3000,26700000,0,0,116212525,6.62
23/06/2016,-99700,-887330000,8.9(0.00 %),0,0,99700,887330000,116222525,6.61
24/06/2016,176350,1560470000,8.7(-2.25 %),208150,1830910000,31800,270440000,116014375,6.69
27/06/2016,0,0,8.7(0.00 %),0,0,0,0,116014375,6.69
28/06/2016,0,0,8.7(0.00 %),0,0,0,0,116114075,6.65
29/06/2016,7000,61600000,8.9(2.30 %),7000,61600000,0,0,116138875,6.64
30/06/2016,0,0,8.8(-1.12 %),0,0,0,0,116138875,6.64
01/07/2016,0,0,8.9(1.14 %),0,0,0,0,116138875,6.64
04/07/2016,-19730,-173590000,8.8(-1.12 %),300,2670000,20030,176260000,116138575,6.64
05/07/2016,30000,267000000,8.9(1.14 %),30000,267000000,0,0,116108575,6.65
06/07/2016,-30760,-273760000,8.9(0.00 %),0,0,30760,273760000,116108575,6.65
07/07/2016,350,220000,9.1(2.25 %),20000,180000000,19650,179780000,116108605,6.65
08/07/2016,53050,482760000,9.1(0.00 %),53050,482760000,0,0,116055555,6.67
11/07/2016,139340,1279290000,9.2(1.10 %),156320,1435510000,16980,156220000,116055555,6.67
12/07/2016,10000,92000000,9.1(-1.09 %),10000,92000000,0,0,115939645,6.72
13/07/2016,191840,1745740000,9.1(0.00 %),216210,1967510000,24370,221770000,115723435,6.8
14/07/2016,179000,1632300000,9.1(0.00 %),184000,1677800000,5000,45500000,115556415,6.86
15/07/2016,0,0,9(-1.10 %),0,0,0,0,115556415,6.86
18/07/2016,0,0,9.1(1.11 %),0,0,0,0,115580785,6.85
19/07/2016,207460,1887140000,9.1(0.00 %),207460,1887140000,0,0,115378325,6.92
20/07/2016,1000,9100000,9(-1.10 %),1000,9100000,0,0,115377325,6.92
21/07/2016,4000,36000000,9(0.00 %),4000,36000000,0,0,115373325,6.92
22/07/2016,-70000,-623000000,9(0.00 %),0,0,70000,623000000,115373325,6.92
25/07/2016,-200,-1780000,8.8(-2.22 %),0,0,200,1780000,115373325,6.92
26/07/2016,186400,1638960000,8.8(0.00 %),200000,1760000000,13600,121040000,115173325,7.0
27/07/2016,0,0,8.8(0.00 %),0,0,0,0,115243325,6.97
28/07/2016,-58000,-510400000,8.8(0.00 %),0,0,58000,510400000,115243525,6.97
29/07/2016,515520,4505020000,8.8(0.00 %),515520,4505020000,0,0,114741605,7.15
01/08/2016,15000,130500000,8.8(0.00 %),15000,130500000,0,0,114726605,7.16
02/08/2016,-110500,-950300000,8.6(-2.27 %),10000,86000000,120500,1036300000,114774605,7.14
03/08/2016,10000,86000000,8.6(0.00 %),10000,86000000,0,0,114764605,7.14
04/08/2016,39000,336300000,8.6(0.00 %),39000,336300000,0,0,114725605,7.16
05/08/2016,0,0,8.5(-1.16 %),0,0,0,0,114846105,7.12
08/08/2016,0,0,8.5(0.00 %),0,0,0,0,114846105,7.12
09/08/2016,0,0,8.6(1.18 %),0,0,0,0,114846105,7.12
10/08/2016,-2700,-23020000,8.7(1.16 %),0,0,2700,23020000,114846105,7.12
11/08/2016,20000,176000000,8.8(1.15 %),20000,176000000,0,0,114826105,7.12
12/08/2016,-4080,-35500000,8.7(-1.14 %),0,0,4080,35500000,114826105,7.12
15/08/2016,-11320,-97350000,8.7(0.00 %),0,0,11320,97350000,114828805,7.12
16/08/2016,0,0,8.6(-1.15 %),0,0,0,0,114828805,7.12
17/08/2016,0,0,8.6(0.00 %),0,0,0,0,114832885,7.12
18/08/2016,-15000,-127500000,8.6(0.00 %),0,0,15000,127500000,114844205,7.12
19/08/2016,-5000,-42500000,8.4(-2.33 %),0,0,5000,42500000,114844205,7.12
22/08/2016,0,0,8.3(-1.19 %),0,0,0,0,114844205,7.12
23/08/2016,0,0,8.3(0.00 %),0,0,0,0,114859205,7.11
24/08/2016,0,0,8.2(-1.20 %),0,0,0,0,114864205,7.11
25/08/2016,-4500,-36900000,8.3(1.22 %),0,0,4500,36900000,114864205,7.11
26/08/2016,-1400,-10280000,8.3(0.00 %),20000,166000000,21400,176280000,114844205,7.12
29/08/2016,-400,-3280000,8.2(-1.20 %),0,0,400,3280000,114844205,7.12
30/08/2016,-4980,-40840000,8.3(1.22 %),0,0,4980,40840000,114848705,7.11
31/08/2016,0,0,8.2(-1.20 %),0,0,0,0,114870105,7.11
01/09/2016,10000,86000000,8.7(6.10 %),10000,86000000,0,0,114860505,7.11
05/09/2016,-161350,-1384810000,8.5(-2.30 %),0,0,161350,1384810000,114865485,7.11
06/09/2016,-81480,-692730000,8.5(0.00 %),0,0,81480,692730000,114865485,7.11
07/09/2016,-202830,-1748450000,8.5(0.00 %),20000,174000000,222830,1922450000,114845485,7.12
08/09/2016,-135070,-1149100000,8.6(1.18 %),0,0,135070,1149100000,115006835,7.06
09/09/2016,-8000,-68000000,8.5(-1.16 %),0,0,8000,68000000,115088315,7.03
12/09/2016,-61920,-516480000,8.31(-2.24 %),0,0,61920,516480000,115311145,6.95
13/09/2016,-225000,-1864440000,8.22(-1.08 %),0,0,225000,1864440000,115446215,6.9
14/09/2016,-43340,-354560000,8.15(-0.85 %),0,0,43340,354560000,115454215,6.89
15/09/2016,-63640,-504630000,7.72(-5.28 %),0,0,63640,504630000,115516135,6.87
16/09/2016,-82830,-631440000,7.7(-0.26 %),0,0,82830,631440000,115741135,6.79
19/09/2016,-78270,-602730000,7.69(-0.13 %),0,0,78270,602730000,115784475,6.77
20/09/2016,0,0,7.83(1.82 %),0,0,0,0,115848115,6.75
21/09/2016,0,0,7.9(0.89 %),0,0,0,0,115930945,6.72
22/09/2016,0,0,7.97(0.89 %),0,0,0,0,116009215,6.69
23/09/2016,-3000,-23400000,7.8(3.04 %),0,0,3000,23400000,116009215,6.69
26/09/2016,-10000,-76000000,7.7(-1.28 %),0,0,10000,76000000,116009215,6.69
27/09/2016,0,0,7.6(-1.30 %),0,0,0,0,116009215,6.69
28/09/2016,0,0,7.64(0.53 %),0,0,0,0,116012215,6.69
29/09/2016,10,80000,7.56(-1.05 %),10,80000,0,0,116022205,6.69
30/09/2016,0,0,7.71(1.98 %),0,0,0,0,116022205,6.69
03/10/2016,12120,99510000,8.1(5.06 %),20020,164160000,7900,64650000,116002185,6.69
04/10/2016,-2500,-20370000,8.15(0.62 %),0,0,2500,20370000,116002185,6.69
05/10/2016,0,0,8.18(0.37 %),0,0,0,0,116002185,6.69
06/10/2016,-30,-250000,8.2(0.24 %),0,0,30,250000,116010085,6.69
07/10/2016,0,0,8.21(0.12 %),0,0,0,0,116012585,6.69
10/10/2016,1300,10660000,8.17(-0.49 %),1300,10660000,0,0,116011285,6.69
11/10/2016,0,0,8.2(0.37 %),0,0,0,0,116011315,6.69
12/10/2016,40000,328000000,8.2(0.00 %),40000,328000000,0,0,115971315,6.7
13/10/2016,0,0,8.22(0.24 %),0,0,0,0,115971315,6.7
14/10/2016,50000,409500000,8.31(1.09 %),50000,409500000,0,0,115921315,6.72
17/10/2016,0,0,8.34(0.36 %),0,0,0,0,115921315,6.72
18/10/2016,0,0,8.45(1.32 %),0,0,0,0,115921315,6.72
19/10/2016,16000,140110000,8.77(3.79 %),16000,140110000,0,0,115905315,6.73
20/10/2016,0,0,8.63(-1.60 %),0,0,0,0,115905315,6.73
21/10/2016,0,0,8.56(-0.81 %),0,0,0,0,115905315,6.73
24/10/2016,90,770000,8.46(-1.17 %),90,770000,0,0,115905225,6.73
25/10/2016,0,0,8.36(-1.18 %),0,0,0,0,115905225,6.73
26/10/2016,0,0,8.55(2.27 %),0,0,0,0,115905225,6.73
27/10/2016,0,0,8.8(2.92 %),0,0,0,0,115905225,6.73
28/10/2016,5010,45090000,8.9(1.14 %),18010,160790000,13000,115700000,115887215,6.74
31/10/2016,-56040,-493360000,8.79(-1.24 %),0,0,56040,493360000,115887215,6.74
01/11/2016,0,0,8.73(-0.68 %),0,0,0,0,115887215,6.74
02/11/2016,0,0,8.73(0.00 %),0,0,0,0,115900215,6.73
03/11/2016,0,0,8.76(0.34 %),0,0,0,0,115956255,6.71
04/11/2016,0,0,8.89(1.48 %),0,0,0,0,115956255,6.71
07/11/2016,0,0,8.89(0.00 %),0,0,0,0,115956255,6.71
08/11/2016,0,0,8.76(-1.46 %),0,0,0,0,115956255,6.71
09/11/2016,-9190,-80110000,8.7(-0.68 %),0,0,9190,80110000,115956255,6.71
10/11/2016,0,0,8.8(1.15 %),0,0,0,0,115956255,6.71
11/11/2016,0,0,8.6(-2.27 %),0,0,0,0,115956255,6.71
14/11/2016,0,0,8.32(-3.26 %),0,0,0,0,115965445,6.71
15/11/2016,0,0,8.3(-0.24 %),0,0,0,0,115965445,6.71
16/11/2016,0,0,8.1(-2.41 %),0,0,0,0,115965445,6.71
17/11/2016,0,0,8.2(1.23 %),0,0,0,0,115965445,6.71
18/11/2016,45700,383570000,8.4(2.44 %),45700,383570000,0,0,115919745,6.72
21/11/2016,0,0,8.23(-2.02 %),0,0,0,0,115919745,6.72
22/11/2016,34000,280480000,8.2(-0.36 %),34000,280480000,0,0,115885745,6.74
23/11/2016,0,0,8.19(-0.12 %),0,0,0,0,115885745,6.74
24/11/2016,0,0,8.19(0.00 %),0,0,0,0,115885745,6.74
25/11/2016,-98000,-775190000,7.71(-5.86 %),0,0,98000,775190000,115885745,6.74
28/11/2016,0,0,8(3.76 %),0,0,0,0,115885745,6.74
29/11/2016,-40000,-310130000,7.72(-3.50 %),0,0,40000,310130000,115885745,6.74
30/11/2016,0,0,7.8(1.04 %),0,0,0,0,115983745,6.7
01/12/2016,0,0,7.52(-3.59 %),0,0,0,0,115983745,6.7
02/12/2016,-41000,-312180000,7.72(2.66 %),0,0,41000,312180000,116023745,6.69
05/12/2016,0,0,7.75(0.39 %),0,0,0,0,116023745,6.69
06/12/2016,-17100,-130050000,7.72(-0.39 %),0,0,17100,130050000,116023745,6.69
07/12/2016,-34000,-261460000,7.76(0.52 %),0,0,34000,261460000,116064745,6.67
08/12/2016,0,0,8.05(3.74 %),0,0,0,0,116064745,6.67
09/12/2016,0,0,8.01(-0.50 %),0,0,0,0,116081845,6.66
12/12/2016,0,0,7.99(-0.25 %),0,0,0,0,116115845,6.65
13/12/2016,100,800000,7.9(-1.13 %),100,800000,0,0,116115745,6.65
14/12/2016,0,0,7.82(-1.01 %),0,0,0,0,116115745,6.65
15/12/2016,0,0,7.9(1.02 %),0,0,0,0,116115745,6.65
16/12/2016,0,0,7.89(-0.13 %),0,0,0,0,116115745,6.65
19/12/2016,0,0,7.66(-2.92 %),0,0,0,0,116115745,6.65
20/12/2016,0,0,7.75(1.17 %),0,0,0,0,116115745,6.65
21/12/2016,-500,-3900000,7.79(0.52 %),0,0,500,3900000,116115745,6.65
22/12/2016,-66000,-518290000,7.85(0.77 %),3000,23400000,69000,541690000,116112745,6.65
23/12/2016,0,0,7.96(1.40 %),0,0,0,0,116112745,6.65
26/12/2016,0,0,7.62(-4.27 %),0,0,0,0,116182245,6.63
27/12/2016,0,0,7.85(3.02 %),0,0,0,0,116182245,6.63
28/12/2016,-4770,-37680000,7.9(0.64 %),0,0,4770,37680000,116182245,6.63
29/12/2016,-7500,-58580000,7.6(-3.80 %),0,0,7500,58580000,116182245,6.63
30/12/2016,0,0,7.8(2.63 %),0,0,0,0,116182245,6.63
03/01/2017,0,0,8.21(5.26 %),0,0,0,0,116187015,6.63
04/01/2017,-36000,-294950000,8.25(0.49 %),0,0,36000,294950000,116194515,6.62
05/01/2017,-24000,-198700000,8.45(2.42 %),0,0,24000,198700000,116194515,6.62
06/01/2017,-72830,-634710000,8.7(2.96 %),8000,69520000,80830,704230000,116186515,6.63
09/01/2017,-190,-1640000,8.68(-0.23 %),0,0,190,1640000,116222515,6.61
10/01/2017,-34500,-295560000,8.55(-1.50 %),0,0,34500,295560000,116246515,6.6
11/01/2017,-89880,-770210000,8.57(0.23 %),0,0,89880,770210000,116327345,6.57
12/01/2017,-20000,-172100000,8.68(1.28 %),0,0,20000,172100000,116327535,6.57
13/01/2017,-17000,-147150000,8.68(0.00 %),0,0,17000,147150000,116362035,6.56
16/01/2017,-20000,-173990000,0(0.00 %),10000,86860000,30000,260850000,116441915,6.53
17/01/2017,0,0,0(0.00 %),0,0,0,0,116441915,6.53
18/01/2017,0,0,0(0.00 %),0,0,0,0,116441915,6.53
19/01/2017,0,0,0(0.00 %),0,0,0,0,116441915,6.53
20/01/2017,0,0,0(0.00 %),0,0,0,0,116441915,6.53
23/01/2017,0,0,0(0.00 %),0,0,0,0,116441915,6.53
24/01/2017,0,0,0(0.00 %),0,0,0,0,116441915,6.53
25/01/2017,0,0,0(0.00 %),0,0,0,0,116441915,6.53
02/02/2017,0,0,0(0.00 %),0,0,0,0,116441915,6.53
03/02/2017,0,0,0(0.00 %),0,0,0,0,116441915,6.53
06/02/2017,0,0,0(0.00 %),0,0,0,0,116441915,6.53
07/02/2017,0,0,0(0.00 %),0,0,0,0,116441915,6.53
08/02/2017,0,0,0(0.00 %),0,0,0,0,116441915,6.53
09/02/2017,0,0,0(0.00 %),0,0,0,0,116441915,6.53
10/02/2017,0,0,0(0.00 %),0,0,0,0,116441915,6.53
13/02/2017,0,0,0(0.00 %),0,0,0,0,116441915,6.53
14/02/2017,0,0,0(0.00 %),0,0,0,0,116441915,6.53
15/02/2017,0,0,0(0.00 %),0,0,0,0,116441915,6.53
16/02/2017,0,0,0(0.00 %),0,0,0,0,116441915,6.53
17/02/2017,0,0,0(0.00 %),0,0,0,0,116441915,6.53
20/02/2017,0,0,0(0.00 %),0,0,0,0,116441915,6.53
21/02/2017,0,0,0(0.00 %),0,0,0,0,116441915,6.53
22/02/2017,0,0,0(0.00 %),0,0,0,0,116441915,6.53
23/02/2017,0,0,0(0.00 %),0,0,0,0,116441915,6.53
24/02/2017,0,0,0(0.00 %),0,0,0,0,116441915,6.53
27/02/2017,0,0,0(0.00 %),0,0,0,0,116441915,6.53
28/02/2017,0,0,0(0.00 %),0,0,0,0,116441915,6.53
01/03/2017,0,0,0(0.00 %),0,0,0,0,116441915,6.53
02/03/2017,0,0,0(0.00 %),0,0,0,0,116441915,6.53
03/03/2017,0,0,0(0.00 %),0,0,0,0,116441915,6.53
06/03/2017,0,0,0(0.00 %),0,0,0,0,116441915,6.53
07/03/2017,0,0,0(0.00 %),0,0,0,0,116441915,6.53
08/03/2017,0,0,0(0.00 %),0,0,0,0,116441915,6.53
09/03/2017,0,0,0(0.00 %),0,0,0,0,116441915,6.53
10/03/2017,0,0,0(0.00 %),0,0,0,0,116441915,6.53
13/03/2017,0,0,0(0.00 %),0,0,0,0,116441915,6.53
14/03/2017,0,0,0(0.00 %),0,0,0,0,116441915,6.53
15/03/2017,0,0,0(0.00 %),0,0,0,0,116441915,6.53
16/03/2017,0,0,0(0.00 %),0,0,0,0,116441915,6.53
17/03/2017,0,0,0(0.00 %),0,0,0,0,116441915,6.53
20/03/2017,0,0,0(0.00 %),0,0,0,0,116441915,6.53
21/03/2017,0,0,0(0.00 %),0,0,0,0,116441915,6.53
22/03/2017,0,0,0(0.00 %),0,0,0,0,116441915,6.53
23/03/2017,0,0,0(0.00 %),0,0,0,0,116441915,6.53
24/03/2017,0,0,0(0.00 %),0,0,0,0,116441915,6.53
27/03/2017,0,0,0(0.00 %),0,0,0,0,116441915,6.53
28/03/2017,0,0,0(0.00 %),0,0,0,0,116441915,6.53
29/03/2017,0,0,0(0.00 %),0,0,0,0,116441915,6.53
30/03/2017,0,0,0(0.00 %),0,0,0,0,116441915,6.53
31/03/2017,0,0,0(0.00 %),0,0,0,0,116441915,6.53
03/04/2017,0,0,0(0.00 %),0,0,0,0,116441915,6.53
04/04/2017,0,0,0(0.00 %),0,0,0,0,116441915,6.53
05/04/2017,0,0,0(0.00 %),0,0,0,0,116441915,6.53
07/04/2017,0,0,0(0.00 %),0,0,0,0,116441915,6.53
10/04/2017,0,0,0(0.00 %),0,0,0,0,116441915,6.53
11/04/2017,0,0,0(0.00 %),0,0,0,0,116441915,4.36
12/04/2017,0,0,0(0.00 %),0,0,0,0,116441915,4.36
13/04/2017,0,0,0(0.00 %),0,0,0,0,116441915,4.36
14/04/2017,0,0,0(0.00 %),0,0,0,0,116441915,4.36
17/04/2017,0,0,0(0.00 %),0,0,0,0,116441915,6.53
18/04/2017,0,0,0(0.00 %),0,0,0,0,116441915,6.53
19/04/2017,0,0,0(0.00 %),0,0,0,0,58254487,3.25
20/04/2017,-72080,-584250000,8.1(-3.57 %),25000,209820000,97080,794070000,58229487,3.26
21/04/2017,-74150,-595640000,8.16(0.74 %),0,0,74150,595640000,58229487,6.53
24/04/2017,-7870,-65840000,8.4(2.94 %),2500,20500000,10370,86340000,58226987,6.53
25/04/2017,-350360,-2985370000,8.5(1.19 %),0,0,350360,2985370000,58324067,6.46
26/04/2017,1250,11040000,8.6(1.18 %),3000,25830000,1750,14790000,58395217,6.41
27/04/2017,0,0,8.52(-0.93 %),0,0,0,0,58405587,6.4
28/04/2017,-700,-5870000,8.36(-1.88 %),0,0,700,5870000,58755947,6.14
03/05/2017,0,0,8.52(1.91 %),0,0,0,0,58757697,6.14
04/05/2017,0,0,8.68(1.88 %),0,0,0,0,58757697,6.14
05/05/2017,-5000,-44250000,9.11(4.95 %),0,0,5000,44250000,58758397,6.14
08/05/2017,-31100,-285200000,9.74(6.92 %),0,0,31100,285200000,58758397,6.14
09/05/2017,-61990,-623140000,10(2.67 %),0,0,61990,623140000,58758397,6.14
10/05/2017,-232860,-2318040000,9.86(-1.40 %),0,0,232860,2318040000,58763397,6.14
11/05/2017,-394580,-3820640000,9.69(-1.72 %),0,0,394580,3820640000,58794497,6.11
12/05/2017,-113930,-1141860000,10.2(5.26 %),0,0,113930,1141860000,58856487,6.07
15/05/2017,-4550,-47270000,10.55(3.43 %),0,0,4550,47270000,59089347,5.9
16/05/2017,462740,4870400000,10.45(-0.95 %),475740,5006760000,13000,136360000,59008187,5.96
17/05/2017,-283710,-2859550000,9.99(-4.40 %),0,0,283710,2859550000,59122117,5.88
18/05/2017,-278700,-2716350000,9.65(-3.40 %),5000,49000000,283700,2765350000,59121667,5.88
19/05/2017,-20000,-195050000,9.7(0.52 %),0,0,20000,195050000,59134667,5.87
22/05/2017,-8000,-78400000,9.8(1.03 %),0,0,8000,78400000,59418377,5.66
23/05/2017,0,0,9.55(-2.55 %),0,0,0,0,59702077,5.45
24/05/2017,0,0,9.22(-3.46 %),0,0,0,0,59722077,5.44
25/05/2017,0,0,9.8(6.29 %),0,0,0,0,59730077,5.43
26/05/2017,0,0,9.85(0.51 %),0,0,0,0,59730077,5.43
29/05/2017,0,0,9.7(-1.52 %),0,0,0,0,59730077,5.43
30/05/2017,-23530,-223540000,9.5(-2.06 %),0,0,23530,223540000,59730077,5.43
31/05/2017,0,0,9.25(-2.63 %),0,0,0,0,59730077,5.43
01/06/2017,0,0,9.43(1.95 %),0,0,0,0,59730077,5.43
02/06/2017,-1470,-13890000,9.67(2.55 %),0,0,1470,13890000,59753607,5.42
05/06/2017,0,0,9.44(-2.38 %),0,0,0,0,59753607,5.42
06/06/2017,0,0,9.4(-0.42 %),0,0,0,0,59753607,5.42
07/06/2017,0,0,9.42(0.21 %),0,0,0,0,59755077,5.41
08/06/2017,-6500,-61100000,9.5(0.85 %),0,0,6500,61100000,59755077,5.41
09/06/2017,12390,117040000,9.6(1.05 %),13190,124670000,800,7630000,59741887,5.42
12/06/2017,84970,814980000,9.58(-0.21 %),84970,814980000,0,0,59656917,5.49
13/06/2017,44000,422690000,9.68(1.04 %),44000,422690000,0,0,59619417,5.51
14/06/2017,-107440,-1055880000,9.8(1.24 %),0,0,107440,1055880000,59620217,5.51
15/06/2017,125130,1233550000,9.84(0.41 %),196000,1935170000,70870,701620000,59424217,5.66
16/06/2017,-49900,-485990000,9.73(-1.12 %),0,0,49900,485990000,59424217,5.66
19/06/2017,0,0,9.75(0.21 %),0,0,0,0,59531657,5.58
20/06/2017,-10,-100000,9.65(-1.03 %),0,0,10,100000,59602527,5.53
21/06/2017,0,0,9.5(-1.55 %),0,0,0,0,59652427,5.49
22/06/2017,-41300,-388220000,9.4(-1.05 %),0,0,41300,388220000,59652427,5.49
23/06/2017,-39120,-367280000,9.46(0.64 %),0,0,39120,367280000,59652437,5.49
26/06/2017,40,370000,9.3(-1.69 %),40,370000,0,0,59652397,5.49
27/06/2017,0,0,9.48(1.94 %),0,0,0,0,59732822,5.43
28/06/2017,-2760,-25940000,9.3(-1.90 %),0,0,2760,25940000,59732822,5.43
29/06/2017,0,0,9.4(1.08 %),0,0,0,0,59732822,5.43
30/06/2017,0,0,9.48(0.85 %),0,0,0,0,59732822,5.43
03/07/2017,-2500,-23700000,9.62(1.48 %),0,0,2500,23700000,59735582,5.43
04/07/2017,0,0,9.77(1.56 %),0,0,0,0,59735582,5.43
05/07/2017,-1030,-10090000,9.8(0.31 %),2300,22540000,3330,32630000,59733282,5.43
06/07/2017,250,2440000,9.64(-1.63 %),250,2440000,0,0,59735532,5.43
07/07/2017,90,880000,9.7(0.62 %),90,880000,0,0,59735442,5.43
10/07/2017,-1600,-15280000,9.65(-0.52 %),0,0,1600,15280000,59672472,5.47
11/07/2017,66300,639590000,9.65(0.00 %),66300,639590000,0,0,59672472,5.47
12/07/2017,62700,602150000,9.6(-0.52 %),70200,673910000,7500,71760000,59602272,5.53
13/07/2017,-6400,-61320000,9.59(-0.10 %),100,960000,6500,62280000,59603772,5.52
14/07/2017,-13600,-129020000,9.53(-0.63 %),0,0,13600,129020000,59603772,5.52
17/07/2017,-4900,-46310000,9.37(-1.68 %),100,940000,5000,47250000,59611172,5.52
18/07/2017,20,190000,9.44(0.75 %),20,190000,0,0,59617652,5.51
19/07/2017,-10540,-98920000,9.39(-0.53 %),40200,379020000,50740,477940000,59591052,5.53
20/07/2017,0,0,9.41(0.21 %),0,0,0,0,59596052,5.53
21/07/2017,8020,75390000,9.4(-0.11 %),8020,75390000,0,0,59588032,5.54
24/07/2017,22810,211340000,9.35(-0.53 %),22810,211340000,0,0,59615962,5.52
25/07/2017,-4710,-42690000,9.37(0.21 %),140,1300000,4850,43990000,59615822,5.52
26/07/2017,-26790,-260000000,9.99(6.62 %),210,2000000,27000,262000000,59615512,5.52
27/07/2017,-7730,-79690000,10.65(6.61 %),100,1030000,7830,80720000,59615512,5.52
28/07/2017,-25450,-266430000,10.3(-3.29 %),590,6250000,26040,272680000,59619772,5.51
31/07/2017,-1600,-17580000,11(6.80 %),1000,11000000,2600,28580000,59645772,5.49
01/08/2017,-1200,-14010000,11.3(2.73 %),100,1140000,1300,15150000,59653502,5.49
02/08/2017,-6470,-75020000,11.5(1.77 %),330,3830000,6800,78850000,59679212,5.47
03/08/2017,28940,333330000,12.3(6.96 %),30060,346410000,1120,13080000,59651752,5.49
04/08/2017,4070,52250000,13.15(6.91 %),7000,90300000,2930,38050000,59646052,5.49
07/08/2017,-92360,-1206930000,12.8(-2.66 %),7690,102420000,100050,1309350000,59645162,5.49
08/08/2017,-114960,-1504230000,13(1.56 %),40,520000,115000,1504750000,59646242,5.49
09/08/2017,-27080,-355920000,13.85(6.54 %),140,1780000,27220,357700000,59649032,5.49
10/08/2017,-2410,-33410000,13.3(-3.97 %),90,1220000,2500,34630000,59748992,5.42
11/08/2017,-52590,-686620000,12.9(-3.01 %),300,3950000,52890,690570000,59863692,5.33
14/08/2017,0,0,13.8(6.98 %),0,0,0,0,59890912,5.32
15/08/2017,-11820,-169050000,13.8(0.00 %),180,2550000,12000,171600000,59893232,5.31
16/08/2017,32810,442820000,13.8(0.00 %),32910,444170000,100,1350000,59913212,5.3
17/08/2017,790,10500000,13(-5.80 %),790,10500000,0,0,59912422,5.3
18/08/2017,0,0,12.2(0.00 %),0,0,0,0,59924422,5.29
21/08/2017,-32490,-391500000,11.35(-6.97 %),0,0,32490,391500000,59924522,5.29
22/08/2017,4910,53010000,10.8(-4.85 %),5200,56170000,290,3160000,59919322,5.29
23/08/2017,100,1090000,11.35(5.09 %),100,1090000,0,0,59919222,5.29
24/08/2017,-18000,-202080000,11.2(-1.32 %),0,0,18000,202080000,59951712,5.27
25/08/2017,0,0,11.25(0.45 %),0,0,0,0,59952002,5.27
28/08/2017,-3970,-43290000,11.1(-1.33 %),5550,62160000,9520,105450000,59946452,5.27
29/08/2017,-1050,-11730000,11.85(6.76 %),50,590000,1100,12320000,59964402,5.26
30/08/2017,-5000,-60000000,11.65(-1.69 %),0,0,5000,60000000,59964402,5.26
31/08/2017,33450,391360000,11.55(-0.86 %),39000,456300000,5550,64940000,59934922,5.28
01/09/2017,177000,2080250000,11.7(1.30 %),177000,2080250000,0,0,59759022,5.41
05/09/2017,108500,1316290000,12.1(3.42 %),120000,1455970000,11500,139680000,59644022,5.5
06/09/2017,0,0,12.1(0.00 %),0,0,0,0,59649572,5.49
07/09/2017,-43200,-518440000,11.85(-2.07 %),680,8060000,43880,526500000,59648892,5.49
08/09/2017,0,0,11.35(-4.22 %),0,0,0,0,59660392,5.48
11/09/2017,-57110,-638210000,11.15(-1.76 %),0,0,57110,638210000,59660392,5.48
12/09/2017,29000,323350000,11.5(3.14 %),29000,323350000,0,0,59675272,5.47
13/09/2017,-3000,-34050000,11.35(-1.30 %),0,0,3000,34050000,59675272,5.47
14/09/2017,-7000,-79100000,11.4(0.44 %),0,0,7000,79100000,59732382,5.43
15/09/2017,0,0,11.45(0.44 %),0,0,0,0,59732382,5.43
18/09/2017,-50,-600000,12(4.80 %),0,0,50,600000,59735382,5.43
19/09/2017,20,240000,11.75(-2.08 %),20,240000,0,0,59742362,5.42
20/09/2017,-35550,-417050000,11.65(-0.85 %),0,0,35550,417050000,59742362,5.42
21/09/2017,-18500,-214860000,11.5(-1.29 %),0,0,18500,214860000,59742412,5.42
22/09/2017,10000,116000000,11.55(0.43 %),10000,116000000,0,0,59732412,5.43
25/09/2017,0,0,11.4(-1.30 %),0,0,0,0,59767962,5.4
26/09/2017,-6500,-74430000,11.4(0.00 %),0,0,6500,74430000,59786462,5.39
27/09/2017,44860,520670000,11.65(2.19 %),44860,520670000,0,0,59741602,5.42
28/09/2017,20,240000,12.15(4.29 %),20,240000,0,0,59741582,5.42
29/09/2017,0,0,12(-1.23 %),0,0,0,0,59748082,5.42
02/10/2017,30,360000,11.75(-2.08 %),30,360000,0,0,59748052,5.42
03/10/2017,15060,177330000,11.8(0.43 %),55660,651790000,40600,474460000,59692392,5.46
04/10/2017,-6510,-76820000,11.95(1.27 %),40,490000,6550,77310000,59692352,5.46
05/10/2017,-80700,-997100000,12.15(1.67 %),1300,15600000,82000,1012700000,59691052,5.46
06/10/2017,86880,1051250000,12.1(-0.41 %),86880,1051250000,0,0,59644772,5.49
09/10/2017,109120,1320300000,12(-0.83 %),109120,1320300000,0,0,59542202,5.57
10/10/2017,-29000,-350900000,12.2(1.67 %),0,0,29000,350900000,59624202,5.51
11/10/2017,41000,500100000,12.2(0.00 %),41000,500100000,0,0,59583202,5.54
12/10/2017,0,0,11.9(-2.46 %),0,0,0,0,59583202,5.54
13/10/2017,-1070,-12730000,11.95(0.42 %),0,0,1070,12730000,59612202,5.52
16/10/2017,2000,23800000,11.9(-0.42 %),2000,23800000,0,0,59610202,5.52
17/10/2017,1500,17930000,11.9(0.00 %),1500,17930000,0,0,59608702,5.52
18/10/2017,3000,35500000,11.45(-3.78 %),3000,35500000,0,0,59606772,5.52
19/10/2017,500,5730000,11.3(-1.31 %),500,5730000,0,0,59606272,5.52
20/10/2017,-500,-5600000,11.2(-0.88 %),3000,34000000,3500,39600000,59603272,5.52
23/10/2017,0,0,10.75(-4.02 %),0,0,0,0,59603272,5.52
24/10/2017,294170,3312020000,11.5(6.98 %),294170,3312020000,0,0,59309102,5.74
25/10/2017,195330,2220880000,10.7(-6.96 %),195330,2220880000,0,0,59117272,5.88
26/10/2017,50,520000,10.15(-5.14 %),50,520000,0,0,59117222,5.88
27/10/2017,94000,959300000,10.3(1.48 %),94000,959300000,0,0,59023222,5.95
30/10/2017,100010,1026800000,9.84(-4.47 %),100010,1026800000,0,0,58923212,6.02
31/10/2017,73000,737000000,9.9(0.61 %),73000,737000000,0,0,58850212,6.07
01/11/2017,-44860,-438230000,9.6(-3.03 %),0,0,44860,438230000,58850212,6.07
02/11/2017,0,0,9.19(-4.27 %),0,0,0,0,58850212,6.07
03/11/2017,23840,219090000,9.5(3.37 %),23840,219090000,0,0,58826372,6.09
06/11/2017,4600,43930000,9.55(0.53 %),4600,43930000,0,0,58866632,6.06
07/11/2017,45000,425700000,9.4(-1.57 %),45000,425700000,0,0,58821632,6.09
08/11/2017,0,0,9.45(0.53 %),0,0,0,0,58821632,6.09
09/11/2017,0,0,9.46(0.11 %),0,0,0,0,58821632,6.09
10/11/2017,-2250,-21040000,9.68(2.33 %),0,0,2250,21040000,58821632,6.09
13/11/2017,0,0,9.4(-2.89 %),0,0,0,0,58821632,6.09
14/11/2017,-7500,-70500000,9.24(-1.70 %),0,0,7500,70500000,58821632,6.09
15/11/2017,15000,139500000,9.36(1.30 %),15000,139500000,0,0,58808882,6.1
16/11/2017,0,0,9.44(0.85 %),0,0,0,0,58808882,6.1
17/11/2017,0,0,9.44(0.00 %),0,0,0,0,58816382,6.1
20/11/2017,-630,-5950000,9.3(-1.48 %),50,470000,680,6420000,58816332,6.1
21/11/2017,-1490,-13830000,9.27(-0.32 %),10,90000,1500,13920000,58816322,6.1
22/11/2017,1100,10200000,9.32(0.54 %),1100,10200000,0,0,58815222,6.1
23/11/2017,0,0,9.39(0.75 %),0,0,0,0,58815902,6.1
24/11/2017,-48900,-480090000,9.9(5.43 %),3100,29170000,52000,509260000,58814302,6.1
27/11/2017,50,530000,10.45(5.56 %),50,530000,0,0,58814252,6.1
28/11/2017,55060,556110000,10(-4.31 %),55060,556110000,0,0,58759192,6.14
29/11/2017,0,0,9.84(-1.60 %),0,0,0,0,58811192,6.1
30/11/2017,-89980,-873340000,9.8(-0.41 %),20,200000,90000,873540000,58811172,6.1
01/12/2017,0,0,9.79(-0.10 %),0,0,0,0,58811172,6.1
04/12/2017,-4100,-40470000,9.82(0.31 %),0,0,4100,40470000,58811172,6.1
05/12/2017,0,0,9.85(0.31 %),0,0,0,0,58901172,6.04
06/12/2017,0,0,9.76(-0.91 %),0,0,0,0,58901172,6.04
07/12/2017,19560,191620000,9.83(0.72 %),21560,211420000,2000,19800000,58883712,6.05
08/12/2017,0,0,9.74(-0.92 %),0,0,0,0,58883712,6.05
11/12/2017,-79700,-762810000,9.3(-4.52 %),300,2870000,80000,765680000,58883412,6.05
12/12/2017,-44170,-410800000,9.21(-0.97 %),6300,58540000,50470,469340000,58879112,6.05
13/12/2017,-49480,-457500000,9.3(0.98 %),520,4790000,50000,462290000,58878592,6.05
14/12/2017,-140000,-1297010000,9.35(0.54 %),0,0,140000,1297010000,58958592,6.0
15/12/2017,-84450,-789220000,9.45(1.07 %),0,0,84450,789220000,59009062,5.96
18/12/2017,10,90000,9.5(0.53 %),10,90000,0,0,59059052,5.92
19/12/2017,-4480,-42560000,9.4(-1.05 %),20,190000,4500,42750000,59199032,5.82
20/12/2017,0,0,9.6(2.13 %),0,0,0,0,59283482,5.76
21/12/2017,-16000,-152960000,9.53(-0.73 %),0,0,16000,152960000,59283482,5.76
22/12/2017,0,0,9.75(2.31 %),0,0,0,0,59287982,5.75
25/12/2017,3850,37540000,9.65(-1.03 %),3850,37540000,0,0,59284132,5.76
26/12/2017,500,4820000,9.74(0.93 %),500,4820000,0,0,59299632,5.75
27/12/2017,10,100000,9.9(1.64 %),10,100000,0,0,59299622,5.75
28/12/2017,0,0,9.75(-1.52 %),0,0,0,0,59299622,5.75
29/12/2017,0,0,9.86(1.13 %),0,0,0,0,59299622,5.75
02/01/2018,0,0,9.95(0.91 %),0,0,0,0,59299622,5.75
03/01/2018,-151330,-1493040000,9.71(-2.41 %),0,0,151330,1493040000,59299622,5.75
04/01/2018,-57030,-553720000,9.8(0.93 %),0,0,57030,553720000,59299622,5.75
05/01/2018,7890,75820000,9.69(-1.12 %),10000,96500000,2110,20680000,59289622,5.75
08/01/2018,-1500,-14420000,9.61(-0.83 %),0,0,1500,14420000,59440952,5.64
09/01/2018,-28750,-282220000,9.85(2.50 %),0,0,28750,282220000,59497982,5.6
10/01/2018,-44440,-457970000,10.45(6.09 %),5000,52250000,49440,510220000,59495092,5.6
11/01/2018,-43310,-462760000,10.8(3.35 %),4090,43790000,47400,506550000,59492502,5.61
12/01/2018,0,0,10.3(-4.63 %),0,0,0,0,59521252,5.58
15/01/2018,-69500,-727720000,10.6(2.91 %),0,0,69500,727720000,59570692,5.55
16/01/2018,-32980,-342990000,10.3(-2.83 %),0,0,32980,342990000,59618092,5.51
17/01/2018,-101700,-1028220000,9.8(-4.85 %),1300,13460000,103000,1041680000,59616792,5.51
18/01/2018,0,0,10(2.04 %),0,0,0,0,59686292,5.46
19/01/2018,-870,-8620000,9.8(-2.00 %),0,0,870,8620000,59719272,5.44
22/01/2018,0,0,9.9(1.02 %),0,0,0,0,59822272,5.37
25/01/2018,19700,197010000,9.9(0.00 %),20000,199980000,300,2970000,59803142,5.38
26/01/2018,10010,98400000,9.85(-0.51 %),10010,98400000,0,0,59793132,5.39
29/01/2018,9950,98710000,9.93(0.81 %),10450,103710000,500,5000000,59782682,5.39
30/01/2018,30010,306700000,10.35(4.23 %),30010,306700000,0,0,59752972,5.42
31/01/2018,0,0,9.9(-4.35 %),0,0,0,0,59752972,5.42
01/02/2018,40030,400290000,9.6(-3.03 %),40030,400290000,0,0,59713442,5.44
02/02/2018,-213600,-2047590000,9.6(0.00 %),10000,95500000,223600,2143090000,59703442,5.45
05/02/2018,-200060,-1873600000,9.13(-4.90 %),5000,47000000,205060,1920600000,59698442,5.46
06/02/2018,-455410,-3889870000,8.74(-4.27 %),0,0,455410,3889870000,59698442,5.46
07/02/2018,-154070,-1376770000,8.8(0.69 %),0,0,154070,1376770000,59922042,5.29
08/02/2018,-68590,-592470000,8.6(-2.27 %),0,0,68590,592470000,60127102,5.14
09/02/2018,-163970,-1377990000,8.45(-1.74 %),0,0,163970,1377990000,60582512,4.81
12/02/2018,-59180,-514040000,8.8(4.14 %),0,0,59180,514040000,60736582,4.7
13/02/2018,-130300,-1140540000,8.81(0.11 %),0,0,130300,1140540000,60805172,4.65
21/02/2018,0,0,8.9(1.02 %),0,0,0,0,60969142,4.53
22/02/2018,0,0,9.02(1.35 %),0,0,0,0,61028322,4.49
23/02/2018,0,0,9.1(0.89 %),0,0,0,0,61158622,4.39
26/02/2018,0,0,9(-1.10 %),0,0,0,0,61158622,4.39
27/02/2018,0,0,9.05(0.56 %),0,0,0,0,61158622,4.39
28/02/2018,0,0,8.94(-1.22 %),0,0,0,0,61158622,4.39
01/03/2018,0,0,8.98(0.45 %),0,0,0,0,61158622,4.39
02/03/2018,0,0,9.19(2.34 %),0,0,0,0,61158622,4.39
05/03/2018,-3930,-36120000,8.95(-2.61 %),20,180000,3950,36300000,61158602,4.39
06/03/2018,0,0,9.18(2.57 %),0,0,0,0,61158602,4.39
07/03/2018,10000,92970000,9.25(0.76 %),10000,92970000,0,0,61148602,4.4
08/03/2018,0,0,9.22(-0.32 %),0,0,0,0,61152552,4.39
09/03/2018,0,0,9.14(-0.87 %),0,0,0,0,61152552,4.39
12/03/2018,2000,18360000,9.14(0.00 %),2000,18360000,0,0,61150552,4.4
13/03/2018,0,0,9.2(0.66 %),0,0,0,0,61150552,4.4
14/03/2018,0,0,9.17(-0.33 %),0,0,0,0,61150552,4.4
15/03/2018,10000,92700000,9.33(1.74 %),10000,92700000,0,0,61140552,4.4
16/03/2018,-10000,-93030000,9.31(-0.21 %),0,0,10000,93030000,61140552,4.4
19/03/2018,40000,373100000,9.29(-0.21 %),40000,373100000,0,0,61100552,4.43
20/03/2018,177580,1695230000,9.65(3.88 %),187580,1791730000,10000,96500000,60912972,4.57
21/03/2018,0,0,9.55(-1.04 %),0,0,0,0,60922972,4.56
22/03/2018,0,0,9.44(-1.15 %),81500,768550000,81500,768550000,60922972,4.56
23/03/2018,80000,754060000,9.35(-0.95 %),100000,937240000,20000,183180000,60832972,4.63
26/03/2018,79960,761600000,9.62(2.89 %),81210,773290000,1250,11690000,60751762,4.69
27/03/2018,-30820,-313010000,10(3.95 %),30180,299080000,61000,612090000,60721582,4.71
28/03/2018,41000,414100000,10.1(1.00 %),41000,414100000,0,0,60700582,4.72
29/03/2018,-10000,-91000000,10.4(2.97 %),78150,813760000,88150,904760000,60681832,4.74
30/03/2018,6500,67600000,10.5(0.96 %),6500,67600000,0,0,60736332,4.7
02/04/2018,0,0,10.5(0.00 %),0,0,0,0,60736332,4.7
03/04/2018,-51640,-513200000,10.4(-0.95 %),69270,721590000,120910,1234790000,60697062,4.73
04/04/2018,0,0,10.85(4.33 %),0,0,0,0,60697062,4.73
05/04/2018,0,0,10.9(0.46 %),0,0,0,0,60697064,4.73
06/04/2018,0,0,10.9(0.00 %),0,0,0,0,60817974,4.64
09/04/2018,9000,96690000,10.4(-4.59 %),9000,96690000,0,0,60808974,4.65
10/04/2018,-214220,-2183320000,10(-3.85 %),11370,116910000,225590,2300230000,60797604,4.65
11/04/2018,-52000,-495000000,9.57(-4.30 %),20000,199000000,72000,694000000,60777604,4.67
12/04/2018,-91810,-881510000,9.63(0.63 %),20,190000,91830,881700000,60777584,4.67
13/04/2018,-20,-190000,9.65(0.21 %),0,0,20,190000,61003174,4.5
16/04/2018,16000,159520000,9.85(2.07 %),26000,256040000,10000,96520000,61049174,4.47
17/04/2018,-37650,-374540000,9.86(0.10 %),136240,1257020000,173890,1631560000,61130504,4.41
18/04/2018,10000,99960000,9.86(0.00 %),10000,99960000,0,0,61120524,4.42
19/04/2018,20,190000,9.7(-1.62 %),20,190000,0,0,61130504,4.41
20/04/2018,0,0,9.87(1.75 %),0,0,0,0,61178654,4.38
23/04/2018,5000,49550000,9.6(-2.74 %),15000,148090000,10000,98540000,61163654,4.39
24/04/2018,0,0,9.6(0.00 %),0,0,0,0,61163654,4.39
26/04/2018,-11000,-104820000,9.31(-3.02 %),0,0,11000,104820000,61163654,4.39
27/04/2018,0,0,9.51(2.15 %),0,0,0,0,61173654,4.38
02/05/2018,0,0,9.86(3.68 %),0,0,0,0,61173654,4.38
03/05/2018,0,0,9.92(0.61 %),0,0,0,0,61184654,4.37
04/05/2018,-35270,-346650000,9.85(-0.71 %),4000,39400000,39270,386050000,61180654,4.37
07/05/2018,-30000,-291630000,9.81(-0.41 %),0,0,30000,291630000,61180654,4.37
08/05/2018,10,100000,9.85(0.41 %),10,100000,0,0,61180644,4.37
09/05/2018,37000,366300000,9.78(-0.71 %),37000,366300000,0,0,61182914,4.37
10/05/2018,-19000,-186200000,9.54(-2.45 %),1000,9800000,20000,196000000,61211914,4.35
11/05/2018,1000,9500000,9.63(0.94 %),1000,9500000,0,0,61210914,4.35
14/05/2018,0,0,9.9(2.80 %),0,0,0,0,61210922,4.35
15/05/2018,200,1950000,9.89(-0.10 %),200,1950000,0,0,61230722,4.34
16/05/2018,0,0,9.72(-1.72 %),0,0,0,0,61230722,4.34
17/05/2018,0,0,9.7(-0.21 %),0,0,0,0,61230722,4.34
18/05/2018,-4570,-44190000,9.75(0.52 %),0,0,4570,44190000,61230722,4.34
21/05/2018,0,0,10.2(4.62 %),0,0,0,0,61230722,4.34
22/05/2018,-4150,-41740000,9.98(-2.16 %),0,0,4150,41740000,61230722,4.34
23/05/2018,0,0,9.92(-0.60 %),0,0,0,0,61235292,4.33
24/05/2018,0,0,9.68(-2.42 %),0,0,0,0,61235292,4.33
25/05/2018,-155000,-1485810000,9.43(-2.58 %),0,0,155000,1485810000,61239442,4.33
28/05/2018,0,0,9(-4.56 %),0,0,0,0,61239442,4.33
29/05/2018,0,0,9.49(5.44 %),0,0,0,0,61239442,4.33
30/05/2018,0,0,9.32(-1.79 %),0,0,0,0,61394442,4.22
31/05/2018,0,0,9.46(1.50 %),0,0,0,0,61394442,4.22
01/06/2018,11300,106590000,9.42(-0.42 %),11300,106590000,0,0,61383142,4.23
04/06/2018,-199450,-1875280000,9.74(3.40 %),4000,37960000,203450,1913240000,61379142,4.23
05/06/2018,0,0,9.55(-1.95 %),0,0,0,0,61379142,4.23
06/06/2018,19400,190050000,9.8(2.62 %),19400,190050000,0,0,61359742,4.24
07/06/2018,-10300,-100220000,9.78(-0.20 %),0,0,10300,100220000,61563192,4.1
08/06/2018,0,0,9.7(-0.82 %),0,0,0,0,61563192,4.1
11/06/2018,0,0,9.64(-0.62 %),0,0,0,0,61563192,4.1
12/06/2018,1200,11460000,9.48(-1.66 %),1200,11460000,0,0,61572292,4.09
13/06/2018,10,90000,9.46(-0.21 %),10,90000,0,0,61572282,4.09
14/06/2018,0,0,9.46(0.00 %),0,0,0,0,61572282,4.09
15/06/2018,0,0,9.55(0.95 %),0,0,0,0,61572282,4.09
18/06/2018,0,0,9.5(-0.52 %),0,0,0,0,61572282,4.09
19/06/2018,1000,9200000,9.13(-3.89 %),1000,9200000,0,0,61571282,4.09
20/06/2018,-232860,-2127550000,9.2(0.77 %),0,0,232860,2127550000,61571282,4.09
21/06/2018,0,0,9.31(1.20 %),0,0,0,0,61571282,4.09
22/06/2018,-2500,-23290000,9.45(1.50 %),0,0,2500,23290000,61571282,4.09
25/06/2018,0,0,9.39(-0.63 %),0,0,0,0,61804142,3.92
26/06/2018,0,0,9.32(-0.75 %),0,0,0,0,61804142,3.92
27/06/2018,200,1870000,9.4(0.86 %),200,1870000,0,0,61806442,3.92
28/06/2018,0,0,9.39(-0.11 %),0,0,0,0,61806442,3.92
29/06/2018,0,0,9.18(-2.24 %),0,0,0,0,61806442,3.92
02/07/2018,-2800,-25700000,9.15(-0.33 %),0,0,2800,25700000,61806442,3.92
03/07/2018,-318660,-2861940000,8.88(-2.95 %),0,0,318660,2861940000,61806442,3.92
04/07/2018,0,0,9.03(1.69 %),0,0,0,0,61806442,3.92
05/07/2018,10,90000,9(-0.33 %),10,90000,0,0,61809232,3.92
06/07/2018,0,0,9.27(3.00 %),0,0,0,0,62127892,3.68
09/07/2018,-143090,-1306890000,9.1(-1.83 %),17510,161740000,160600,1468630000,62110382,3.7
10/07/2018,-177560,-1640710000,9.2(1.10 %),0,0,177560,1640710000,62110382,3.7
11/07/2018,0,0,9.11(-0.98 %),0,0,0,0,62110382,3.7
12/07/2018,100,910000,9.11(0.00 %),100,910000,0,0,62270882,3.58
13/07/2018,0,0,9.22(1.21 %),0,0,0,0,62448442,3.45
16/07/2018,0,0,9.23(0.11 %),0,0,0,0,62448442,3.45
17/07/2018,5000,46250000,9.35(1.30 %),5000,46250000,0,0,62443442,3.45
18/07/2018,0,0,9.62(2.89 %),0,0,0,0,62443442,52.45
19/07/2018,850,7380000,8.7(0.93 %),850,7380000,0,0,62442592,3.45
20/07/2018,-500,-4340000,8.68(-0.23 %),0,0,500,4340000,62442592,3.45
23/07/2018,50,432500,8.63(-0.58 %),50,432500,0,0,62442542,52.45
24/07/2018,-165510,-1411970000,8.59(-0.46 %),1000,8500000,166510,1420470000,62441542,3.45
25/07/2018,0,0,8.46(-1.51 %),0,0,0,0,62442047,3.45
26/07/2018,9010,76860000,8.55(1.06 %),9010,76860000,0,0,62433037,3.46
27/07/2018,-10000,-85940000,8.69(1.64 %),0,0,10000,85940000,62599547,3.34
30/07/2018,0,0,8.78(1.04 %),0,0,0,0,62599547,52.34
31/07/2018,16010,140025600,8.67(-1.25 %),16010,140025600,0,0,62583537,52.35
01/08/2018,0,0,8.58(-1.04 %),0,0,0,0,116441915,13.07
02/08/2018,0,0,8.4(-2.10 %),0,0,0,0,62593537,3.34
03/08/2018,-180260,-1491333200,8.3(-1.19 %),990,8217000,181250,1499550200,62773797,52.21
06/08/2018,13010,108892500,8.3(0.00 %),13010,108892500,0,0,62760787,52.22
07/08/2018,0,0,8.36(0.72 %),0,0,0,0,62760787,52.22
08/08/2018,10000,83480000,8.34(-0.24 %),10000,83480000,0,0,62750787,3.23
09/08/2018,0,0,8.3(-0.48 %),0,0,0,0,62750787,3.23
10/08/2018,-7090,-58850000,8.34(0.48 %),0,0,7090,58850000,62750787,3.23
13/08/2018,0,0,8.28(-0.72 %),0,0,0,0,62750787,3.23
14/08/2018,100,820000,8.16(-1.45 %),100,820000,0,0,62750687,3.23
15/08/2018,0,0,8.19(0.37 %),0,0,0,0,62757777,3.22
16/08/2018,2500,20480000,8.17(-0.24 %),2500,20480000,0,0,62755277,3.23
17/08/2018,3000,24510000,8.22(0.61 %),3000,24510000,0,0,62752277,52.23
20/08/2018,0,0,8.2(-0.24 %),0,0,0,0,62752277,52.23
21/08/2018,30000,246000000,8.19(-0.12 %),30000,246000000,0,0,62722277,3.25
22/08/2018,34030,282130000,8.36(2.08 %),34030,282130000,0,0,62688247,3.27
23/08/2018,0,0,8.29(-0.84 %),0,0,0,0,62688247,3.27
24/08/2018,5000,41600000,8.32(0.36 %),5000,41600000,0,0,62683247,52.28
27/08/2018,0,0,8.3(-0.24 %),0,0,0,0,62683247,3.28
28/08/2018,100,830000,8.3(0.00 %),100,830000,0,0,62683147,3.28
29/08/2018,30100,250740000,8.31(0.12 %),39000,324080000,8900,73340000,62644147,3.31
30/08/2018,-80260,-665910000,8.31(0.00 %),0,0,80260,665910000,62644147,3.31
31/08/2018,0,0,8.28(-0.36 %),0,0,0,0,62644147,3.31
04/09/2018,0,0,8.26(-0.24 %),0,0,0,0,116441915,13.07
05/09/2018,0,0,8.2(-0.73 %),0,0,0,0,116441915,13.07
06/09/2018,0,0,8.19(-0.12 %),0,0,0,0,116441915,13.07
07/09/2018,20,160000,8.11(-0.98 %),20,160000,0,0,116441895,13.07
10/09/2018,2030,16240000,8.23(1.48 %),2030,16240000,0,0,62731257,3.24
11/09/2018,0,0,8.24(0.12 %),0,0,0,0,62731257,3.24
12/09/2018,0,0,8.26(0.24 %),0,0,0,0,62731257,3.24
13/09/2018,0,0,8.26(0.00 %),0,0,0,0,62731257,3.24
14/09/2018,-2000,-16520000,8.26(0.00 %),0,0,2000,16520000,62731257,3.24
17/09/2018,1660,13590000,8.25(-0.12 %),1820,14910000,160,1320000,62729437,3.24
18/09/2018,0,0,8.2(-0.61 %),0,0,0,0,62729437,3.24
19/09/2018,720,5760000,8.32(1.46 %),5000,41500000,4280,35740000,62726437,3.25
20/09/2018,0,0,8.34(0.24 %),0,0,0,0,62726597,3.25
21/09/2018,-2000,-16600000,8.3(-0.48 %),0,0,2000,16600000,62726597,3.25
24/09/2018,-2000,-16680000,8.43(1.57 %),0,0,2000,16680000,62728597,3.25
25/09/2018,0,0,8.45(0.24 %),0,0,0,0,62728597,3.25
26/09/2018,0,0,8.49(0.47 %),0,0,0,0,62728597,3.25
27/09/2018,-3100,-26273600,8.49(0.00 %),0,0,3100,26273600,62731697,3.24
28/09/2018,0,0,8.49(0.00 %),0,0,0,0,62731697,3.24
01/10/2018,-3000,-25590000,8.46(-0.35 %),0,0,3000,25590000,62738775,3.24
02/10/2018,-69300,-586278000,8.47(0.12 %),20,169200,69320,586447200,62808075,3.19
03/10/2018,0,0,8.49(0.24 %),0,0,0,0,62741855,3.24
04/10/2018,-3000,-25380000,8.49(0.00 %),0,0,3000,25380000,62744855,3.23
05/10/2018,-3000,-25200000,8.45(-0.47 %),0,0,3000,25200000,62747855,3.23
08/10/2018,100,840000,8.44(-0.12 %),100,840000,0,0,62814075,3.18
09/10/2018,-6000,-50760000,8.42(-0.24 %),0,0,6000,50760000,62817075,3.18
10/10/2018,0,0,8.42(0.00 %),0,0,0,0,62817075,3.18
11/10/2018,-120,-973000,8.04(-4.51 %),0,0,120,973000,62817195,3.18
12/10/2018,0,0,8.1(0.75 %),0,0,0,0,62817195,3.18
15/10/2018,100,810000,8.07(-0.37 %),91850,743990000,91750,743180000,62825975,3.17
16/10/2018,0,0,8.63(6.94 %),0,0,0,0,62825975,3.17
17/10/2018,0,0,8.4(-2.67 %),0,0,0,0,62825975,3.17
18/10/2018,2570,21460000,8.3(-1.19 %),2570,21460000,0,0,62823525,3.18
19/10/2018,-45390,-370822200,8.27(-0.36 %),0,0,45390,370822200,62868915,3.14
22/10/2018,-4760,-39180000,8.25(-0.24 %),0,0,4760,39180000,62823525,3.18
23/10/2018,-15440,-125081100,8.1(-1.82 %),0,0,15440,125081100,62838965,3.16
24/10/2018,-31800,-256927000,8.09(-0.12 %),0,0,31800,256927000,62870765,3.14
25/10/2018,-25400,-202701100,7.91(-2.22 %),0,0,25400,202701100,62896165,3.12
26/10/2018,-130290,-1051570000,8.01(1.26 %),0,0,130290,1051570000,62889115,3.13
29/10/2018,0,0,8.08(0.87 %),0,0,0,0,62920915,3.1
30/10/2018,-38160,-308044700,8.07(-0.12 %),16040,129603200,54200,437647900,62959075,3.08
31/10/2018,-35930,-292490700,8.15(0.99 %),0,0,35930,292490700,62995005,3.05
01/11/2018,-59280,-473720000,7.95(-2.45 %),600,4790000,59880,478510000,63059965,3.0
02/11/2018,-57300,-457739600,8.05(1.26 %),0,0,57300,457739600,63117265,2.96
05/11/2018,-47510,-382930000,8.05(0.00 %),0,0,47510,382930000,63150095,2.94
06/11/2018,-15930,-127747500,8.01(-0.50 %),110,894500,16040,128642000,63166025,2.93
07/11/2018,0,0,8.09(1.00 %),0,0,0,0,63267165,2.85
08/11/2018,0,0,8.03(-0.74 %),0,0,0,0,63267165,2.85
09/11/2018,-48890,-388550000,7.89(-1.74 %),2000,15800000,50890,404350000,63328715,2.81
12/11/2018,0,0,7.88(-0.13 %),0,0,0,0,63328715,2.81
13/11/2018,3000,23430000,7.86(-0.25 %),3000,23430000,0,0,63325715,2.81
14/11/2018,0,0,7.8(-0.76 %),0,0,0,0,63325715,2.81
15/11/2018,-1000,0,7.71(-1.15 %),0,0,1000,0,63326715,2.81
16/11/2018,29800,233000000,7.8(1.17 %),29800,233000000,0,0,63346805,2.79
19/11/2018,-10000,-78200000,7.96(2.05 %),0,0,10000,78200000,63346805,2.79
20/11/2018,480,3380000,7.88(-1.01 %),5480,43180000,5000,39800000,63365785,2.78
21/11/2018,0,0,7.88(0.00 %),0,0,0,0,63365785,2.78
22/11/2018,100,790000,7.9(0.25 %),100,790000,0,0,63375685,2.77
23/11/2018,0,0,7.93(0.38 %),0,0,0,0,63375685,2.77
26/11/2018,0,0,7.85(-1.01 %),0,0,0,0,63375685,2.77
27/11/2018,3460,27091800,7.79(-0.76 %),3460,27091800,0,0,63372225,2.78
28/11/2018,0,0,7.81(0.26 %),0,0,0,0,63372165,2.78
29/11/2018,0,0,7.81(0.00 %),0,0,0,0,63372165,2.78
30/11/2018,0,0,7.83(0.26 %),0,0,0,0,63372165,2.78
03/12/2018,-50,-392500,7.91(1.02 %),0,0,50,392500,63372165,2.78
04/12/2018,0,0,7.91(0.00 %),0,0,0,0,63372165,2.78
05/12/2018,0,0,7.94(0.38 %),0,0,0,0,63372165,2.78
06/12/2018,0,0,7.93(-0.13 %),0,0,0,0,63372165,2.78
07/12/2018,-3740,-29908200,8.1(2.14 %),1260,9991800,5000,39900000,63375905,2.77
10/12/2018,-2500,-20130000,8(-1.23 %),0,0,2500,20130000,63370955,2.78
11/12/2018,0,0,7.98(-0.25 %),0,0,0,0,63370955,2.78
12/12/2018,0,0,8.05(0.88 %),0,0,0,0,63370955,2.78
13/12/2018,-1100,-8860000,8.05(0.00 %),0,0,1100,8860000,63372055,2.78
14/12/2018,0,0,7.97(-0.99 %),0,0,0,0,63372055,2.78
17/12/2018,0,0,7.97(0.00 %),0,0,0,0,63372055,2.78
18/12/2018,0,0,7.89(-1.00 %),0,0,0,0,63379550,2.77
19/12/2018,0,0,7.77(-1.52 %),0,0,0,0,63379550,2.77
20/12/2018,0,0,7.79(0.26 %),0,0,0,0,63379550,2.77
21/12/2018,-9000,-69300000,7.79(0.00 %),0,0,9000,69300000,63379550,2.77
24/12/2018,0,0,7.72(-0.90 %),0,0,0,0,63379550,2.77
25/12/2018,0,0,7.5(-2.85 %),0,0,0,0,63379550,2.77
26/12/2018,0,0,7.53(0.40 %),0,0,0,0,63379550,2.77
27/12/2018,-19650,-149297800,7.68(1.99 %),5000,38700000,24650,187997800,63399200,2.76
28/12/2018,0,0,7.55(-1.69 %),0,0,0,0,63383550,2.77
02/01/2019,0,0,7.68(1.72 %),0,0,0,0,63408200,2.75
03/01/2019,0,0,7.5(-2.34 %),0,0,0,0,63408200,2.75
04/01/2019,-20260,-150560000,7.36(-1.87 %),2000,14940000,22260,165500000,63406200,2.75
07/01/2019,-20820,-155568600,7.47(1.49 %),0,0,20820,155568600,63427020,2.74
08/01/2019,-16000,-120000000,7.57(1.34 %),5000,37500000,21000,157500000,63401200,2.75
09/01/2019,-18810,-141758900,7.52(-0.66 %),0,0,18810,141758900,63420010,2.74
10/01/2019,-13940,-105960000,7.66(1.86 %),10,80000,13950,106040000,63444270,2.72
11/01/2019,-9720,-73527100,7.56(-1.31 %),0,0,9720,73527100,63453990,2.72
14/01/2019,-34600,-261170000,7.59(0.40 %),0,0,34600,261170000,63484080,2.69
15/01/2019,-90240,-684930800,7.7(1.45 %),18000,136800000,108240,821730800,63574320,2.63
16/01/2019,-71280,-548389200,7.7(0.00 %),0,0,71280,548389200,63645600,2.58
17/01/2019,-71980,-554500000,7.75(0.65 %),0,0,71980,554500000,63524350,2.66
18/01/2019,-22740,-176240000,7.75(0.00 %),20000,155000000,42740,331240000,63612590,2.6
21/01/2019,-99940,-797910000,8.03(3.61 %),0,0,99940,797910000,63683870,2.55
22/01/2019,-26640,-212530000,7.92(-1.37 %),10000,79800000,36640,292330000,63745850,2.5
23/01/2019,-62250,-497130000,8(1.01 %),0,0,62250,497130000,63788590,2.47
24/01/2019,-22390,-178778100,8(0.00 %),13200,105600000,35590,284378100,63830490,2.44
25/01/2019,-73020,-584130000,8(0.00 %),0,0,73020,584130000,63911970,2.38
28/01/2019,-9250,-73867800,7.96(-0.50 %),10,79800,9260,73947600,63912760,2.38
29/01/2019,-58030,-459840000,7.9(-0.75 %),0,0,58030,459840000,64009800,2.31
30/01/2019,-29910,-233552200,7.8(-1.27 %),0,0,29910,233552200,64000700,2.32
31/01/2019,-27920,-218170000,7.9(1.28 %),0,0,27920,218170000,64092080,2.25
01/02/2019,-26660,-209128900,7.9(0.00 %),0,0,26660,209128900,0,0.0
11/02/2019,-70360,-552230000,7.99(1.14 %),0,0,70360,552230000,64180020,2.19
12/02/2019,0,0,8(0.13 %),0,0,0,0,64220470,2.16
13/02/2019,-1400,-11200000,8.04(0.50 %),0,0,1400,11200000,64221870,2.16
14/02/2019,3500,27740000,8.15(1.37 %),7500,60380000,4000,32640000,64297460,2.1
15/02/2019,0,0,8.18(0.37 %),0,0,0,0,64218370,2.16
18/02/2019,-3000,-24600000,8.25(0.86 %),0,0,3000,24600000,64221370,2.16
19/02/2019,-7000,-57640000,8.24(-0.12 %),0,0,7000,57640000,64228370,2.15
20/02/2019,8000,66000000,8.2(-0.49 %),8000,66000000,0,0,64294860,2.1
21/02/2019,0,0,8.58(4.63 %),0,0,0,0,64297860,2.1
22/02/2019,-4750,-40755000,8.95(4.31 %),0,0,4750,40755000,64225120,2.15
25/02/2019,47040,433550000,9.24(3.24 %),47040,433550000,0,0,64257820,2.13
26/02/2019,-1670,-15531000,9.2(-0.43 %),0,0,1670,15531000,64179750,2.19
27/02/2019,-89550,-847685000,9.47(2.93 %),200000,1840000000,289550,2687685000,64269300,2.12
28/02/2019,-21960,-228520000,9.62(1.58 %),200500,1933530000,222460,2162050000,64044730,2.29
01/03/2019,11000,109901500,9.98(3.74 %),27000,266804100,16000,156902600,64046400,2.28
04/03/2019,-6700,-66530000,10.35(3.71 %),6000,61850000,12700,128380000,64053100,2.28
05/03/2019,153000,1583785500,10.4(0.48 %),160500,1661710500,7500,77925000,63900100,2.39
06/03/2019,-21000,-218400000,10.2(-1.92 %),5000,50900000,26000,269300000,64193250,2.18
07/03/2019,0,0,9.9(-2.94 %),0,0,0,0,63901100,2.39
08/03/2019,156320,1585540000,10.2(3.03 %),162520,1648170000,6200,62630000,64045930,2.28
11/03/2019,-106820,-1075880000,10(-1.96 %),8600,85320000,115420,1161200000,64063330,2.27
12/03/2019,-205660,-2056670000,10(0.00 %),0,0,205660,2056670000,64057260,2.28
13/03/2019,0,0,9.85(-1.50 %),0,0,0,0,64057260,2.28
14/03/2019,0,0,9.86(0.10 %),0,0,0,0,64377340,2.04
15/03/2019,-183580,-1834350000,10.4(5.48 %),8000,81450000,191580,1915800000,64575000,1.9
18/03/2019,221980,2359220000,10.9(4.81 %),222680,2366640000,700,7420000,64352320,2.06
19/03/2019,-1300,-14480000,11.4(4.59 %),2000,22500000,3300,36980000,64350320,2.06
20/03/2019,-2800,-34145000,11.9(4.39 %),2100,24090000,4900,58235000,64022960,2.3
21/03/2019,28830,341010000,11.6(-2.52 %),48600,572320000,19770,231310000,64491900,1.96
22/03/2019,21000,250780000,11.8(1.72 %),40000,477250000,19000,226470000,63973130,2.34
25/03/2019,0,0,11.65(-1.27 %),0,0,0,0,64460100,1.98
26/03/2019,-52700,-606500000,11.6(-0.43 %),5000,57500000,57700,664000000,64025830,2.3
27/03/2019,0,0,11.5(-0.86 %),0,0,0,0,64493870,1.96
28/03/2019,-4000,-42680000,10.7(-6.96 %),4000,44300000,8000,86980000,64489870,1.96
29/03/2019,0,0,11.4(6.54 %),0,0,0,0,64547570,1.92
01/04/2019,0,0,11.2(-1.75 %),0,0,0,0,64547570,1.92
02/04/2019,15000,173565500,11.2(0.00 %),15000,173565500,0,0,64532570,1.93
03/04/2019,1300,14690000,11.4(1.79 %),1300,14690000,0,0,64531270,1.93
04/04/2019,31920,374072000,11.8(3.51 %),39820,465552000,7900,91480000,64499350,1.95
05/04/2019,-4640,-55820000,11.6(-1.69 %),10000,116000000,14640,171820000,64682610,1.82
08/04/2019,-26500,-300025000,11.3(-2.59 %),5000,57500000,31500,357525000,64530490,1.93
09/04/2019,-5360,-60590000,11.2(-0.88 %),0,0,5360,60590000,64685510,1.82
10/04/2019,-10790,-118821500,10.8(-3.57 %),0,0,10790,118821500,64546640,1.92
11/04/2019,-32800,-357520000,11.3(4.63 %),0,0,32800,357520000,64731650,1.78
12/04/2019,0,0,11.25(-0.44 %),0,0,0,0,64737010,1.78
16/04/2019,-15000,-163500000,10.8(-4.00 %),0,0,15000,163500000,64594440,1.88
17/04/2019,100,1100000,10.5(-2.78 %),1100,11850000,1000,10750000,64779500,1.75
18/04/2019,0,0,10.4(-0.95 %),0,0,0,0,64594340,1.88
19/04/2019,-109000,-1113427000,10.35(-0.48 %),0,0,109000,1113427000,64703340,1.8
22/04/2019,380,3933000,10.2(-1.45 %),380,3933000,0,0,64702960,1.81
23/04/2019,0,0,10.15(-0.49 %),0,0,0,0,64702960,1.81
24/04/2019,131400,1371710000,10.55(3.94 %),131400,1371710000,0,0,64772720,1.75
25/04/2019,100,1060000,10.5(-0.47 %),100,1060000,0,0,64772620,1.75
26/04/2019,0,0,10.5(0.00 %),0,0,0,0,64571460,1.9
02/05/2019,28230,297891000,10.55(0.48 %),28330,298941000,100,1050000,64772620,1.75
03/05/2019,0,0,10.55(0.00 %),0,0,0,0,64744290,1.77
06/05/2019,0,0,10.2(-3.32 %),0,0,0,0,64772620,1.75
07/05/2019,-500,-5000000,10(-1.96 %),0,0,500,5000000,64773120,1.75
08/05/2019,-500,-4900000,9.8(-2.00 %),0,0,500,4900000,64744390,1.77
09/05/2019,53080,528497500,9.99(1.94 %),53580,533397500,500,4900000,64720540,1.79
10/05/2019,-500,-4950000,9.99(0.00 %),0,0,500,4950000,64721040,1.79
13/05/2019,-6000,-60125000,10.15(1.60 %),0,0,6000,60125000,64727040,1.79
14/05/2019,0,0,10.1(-0.49 %),0,0,0,0,64727040,1.79
15/05/2019,3000,30600000,10.25(1.49 %),3000,30600000,0,0,64724040,1.79
16/05/2019,10000,106500000,10.6(3.41 %),10000,106500000,0,0,64714040,1.8
17/05/2019,-1000,-10550000,10.55(-0.47 %),0,0,1000,10550000,64685810,1.82
20/05/2019,0,0,10.55(0.00 %),0,0,0,0,64685810,1.82
21/05/2019,0,0,10.45(-0.95 %),0,0,0,0,64685810,1.82
22/05/2019,-10000,-103500000,10.35(-0.96 %),0,0,10000,103500000,64686810,1.82
23/05/2019,0,0,10.4(0.48 %),0,0,0,0,64686810,1.82
24/05/2019,0,0,10.35(-0.48 %),0,0,0,0,64686810,1.82
27/05/2019,0,0,10.35(0.00 %),0,0,0,0,64686810,1.82
28/05/2019,0,0,10.25(-0.97 %),0,0,0,0,64686810,1.82
29/05/2019,0,0,10.95(6.83 %),0,0,0,0,64696810,1.81
30/05/2019,200,2260000,10.85(-0.91 %),200,2260000,0,0,64696610,1.81
31/05/2019,100,1100000,10.75(-0.92 %),100,1100000,0,0,64696510,1.81
03/06/2019,-12720,-130190000,10.15(-5.58 %),20,210000,12740,130400000,64696490,1.81
04/06/2019,18270,187753500,10.2(0.49 %),18270,187753500,0,0,64678220,1.82
05/06/2019,-2500,-26000000,10.15(-0.49 %),0,0,2500,26000000,64678220,1.82
06/06/2019,0,0,10(-1.48 %),0,0,0,0,64680720,1.82
07/06/2019,0,0,10.3(3.00 %),0,0,0,0,64690960,1.81
10/06/2019,0,0,10.2(-0.97 %),0,0,0,0,64693460,1.81
11/06/2019,-100,-1030000,10.35(1.47 %),0,0,100,1030000,64693460,1.81
12/06/2019,0,0,10.75(3.86 %),0,0,0,0,64693460,1.81
13/06/2019,5000,53500000,10.7(-0.47 %),5000,53500000,0,0,64688460,1.82
14/06/2019,12000,128400000,10.8(0.93 %),12000,128400000,0,0,64676560,1.82
17/06/2019,3000,32700000,10.55(-2.31 %),3000,32700000,0,0,64673560,1.83
18/06/2019,40,430000,10.8(2.37 %),40,430000,0,0,64673420,1.83
19/06/2019,30,321000,10.7(-0.93 %),30,321000,0,0,64673390,1.83
20/06/2019,70,750000,10.75(0.47 %),70,750000,0,0,64673420,1.83
21/06/2019,14890,163709500,11.25(4.65 %),22390,245309500,7500,81600000,64658430,1.84
24/06/2019,-1300,-14460000,10.9(-3.11 %),300,3300000,1600,17760000,64650730,1.84
25/06/2019,710,7770000,10.95(0.46 %),710,7770000,0,0,64650020,1.84
26/06/2019,10030,108324000,10.65(-2.74 %),10030,108324000,0,0,64648990,1.84
27/06/2019,0,0,10.5(-1.41 %),0,0,0,0,64649090,1.84
28/06/2019,7000,73500000,10.4(-0.95 %),7000,73500000,0,0,64642090,1.85
01/07/2019,-15450,-162532000,10.6(1.92 %),0,0,15450,162532000,64642090,1.85
02/07/2019,-4470,-47382000,10.55(-0.47 %),0,0,4470,47382000,64646560,1.85
03/07/2019,-7800,-83735000,10.7(1.42 %),0,0,7800,83735000,64654360,1.84
04/07/2019,46000,502500000,10.9(1.87 %),50000,546000000,4000,43500000,64608360,1.87
05/07/2019,0,0,11(0.92 %),0,0,0,0,64612010,1.87
08/07/2019,88840,976290000,11.05(0.45 %),98840,1086490000,10000,110200000,64520970,1.94
09/07/2019,0,0,10.9(-1.36 %),0,0,0,0,64519520,1.94
10/07/2019,-600,-6410000,10.9(0.00 %),3600,39370000,4200,45780000,64521370,1.94
11/07/2019,11000,122250000,11.1(1.83 %),11000,122250000,0,0,64509120,1.95
12/07/2019,-18140,-204203500,11.15(0.45 %),7030,78989000,25170,283192500,64527260,1.93
15/07/2019,-100000,-1107823000,11.05(-0.90 %),0,0,100000,1107823000,64627260,1.86
16/07/2019,-22500,-247500000,10.95(-0.90 %),0,0,22500,247500000,64649760,1.84
17/07/2019,-177500,-1955150000,10.9(-0.46 %),0,0,177500,1955150000,64827260,1.71
18/07/2019,0,0,10.85(-0.46 %),0,0,0,0,64642710,1.85
19/07/2019,-100000,-1070210000,10.75(-0.92 %),0,0,100000,1070210000,64665210,1.83
22/07/2019,-510,-4404500,10.6(-1.40 %),9500,102092000,10010,106496500,64927770,1.64
23/07/2019,-80080,-787850000,10.7(0.94 %),19920,212150000,100000,1000000000,64813290,1.72
24/07/2019,8490,90410000,10.7(0.00 %),20080,213920000,11590,123510000,64893210,1.67
25/07/2019,0,0,10.65(-0.47 %),0,0,0,0,64999360,1.59
26/07/2019,25370,286912500,11.35(6.57 %),25370,286912500,0,0,64973990,1.61
29/07/2019,1000,11410000,11.45(0.88 %),1700,19470000,700,8060000,64987740,1.6
30/07/2019,-300,-3430000,11.3(-1.31 %),0,0,300,3430000,64987740,1.6
31/07/2019,-24090,-275168000,12.05(6.64 %),190,2194500,24280,277362500,64997380,1.59
01/08/2019,-94360,-1165853000,12.3(2.07 %),0,0,94360,1165853000,64988250,1.6
02/08/2019,900,11690000,13.1(6.50 %),1100,14310000,200,2620000,64987450,1.6
05/08/2019,-790,-10330000,13.3(1.53 %),0,0,790,10330000,65011730,1.58
06/08/2019,-9350,-129160000,13.95(4.89 %),0,0,9350,129160000,64997490,1.59
07/08/2019,-3500,-48717500,13.9(-0.36 %),0,0,3500,48717500,65000990,1.59
08/08/2019,-6200,-88300000,14.1(1.44 %),4000,56000000,10200,144300000,65007190,1.58
09/08/2019,7500,105750000,13.85(-1.77 %),7500,105750000,0,0,64999690,1.59
12/08/2019,7000,96000000,14.2(2.53 %),7000,96000000,0,0,64992690,1.59
13/08/2019,-500,-7235000,14.55(2.46 %),0,0,500,7235000,64993190,1.59
14/08/2019,-86100,-1265930500,14.6(0.34 %),0,0,86100,1265930500,65079290,1.53
15/08/2019,-41000,-588660500,14.45(-1.03 %),0,0,41000,588660500,65120290,1.5
16/08/2019,-5070,-73386000,14.45(0.00 %),0,0,5070,73386000,65125360,1.5
19/08/2019,300,5690000,15.45(6.92 %),1500,23100000,1200,17410000,65196730,1.44
20/08/2019,11830,185598000,15.7(1.62 %),11830,185598000,0,0,65113230,1.51
21/08/2019,1450,22280000,14.65(-6.69 %),1450,22280000,0,0,65229520,1.42
22/08/2019,0,0,14.7(0.34 %),0,0,0,0,65111780,1.51
23/08/2019,0,0,14.75(0.34 %),0,0,0,0,65111780,1.51
26/08/2019,-23000,-343830000,15.1(2.37 %),0,0,23000,343830000,65230720,1.42
27/08/2019,-67600,-957940000,14.9(-1.32 %),2400,36060000,70000,994000000,65202380,1.44
28/08/2019,64000,963800000,15.3(2.68 %),68000,1025000000,4000,61200000,65138380,1.49
29/08/2019,0,0,15.4(0.65 %),0,0,0,0,65183320,1.45
30/08/2019,41690,638970000,14.95(-2.92 %),41690,638970000,0,0,65211630,1.43
03/09/2019,8500,125125000,14.25(-4.68 %),8500,125125000,0,0,65215630,1.43
04/09/2019,52060,751935500,14.55(2.11 %),52510,758415500,450,6480000,65163570,1.47
05/09/2019,-150,-2330000,14.4(-1.03 %),500,7230000,650,9560000,65154120,1.48
06/09/2019,1000,14500000,14.55(1.04 %),1000,14500000,0,0,65162720,1.47
09/09/2019,500,7200000,15(3.09 %),500,7200000,0,0,65162220,1.47
10/09/2019,1000,14850000,14.7(-2.00 %),1000,14850000,0,0,65152720,1.48
11/09/2019,-67500,-1006210000,15.5(5.44 %),500,7300000,68000,1013510000,65152220,1.48
12/09/2019,2000,31200000,15.7(1.29 %),2000,31200000,0,0,65150220,1.48
13/09/2019,12500,194500000,15.3(-2.55 %),12500,194500000,0,0,65214220,1.43
16/09/2019,12780,197053000,15.45(0.98 %),12780,197053000,0,0,65201440,1.44
17/09/2019,3000,45200000,14.75(-4.53 %),3000,45200000,0,0,65189940,1.45
18/09/2019,7310,107820000,14.75(0.00 %),7310,107820000,0,0,65182630,1.46
19/09/2019,26730,397810000,15(1.69 %),26730,397810000,0,0,65155900,1.47
20/09/2019,2000,30000000,15(0.00 %),2000,30000000,0,0,65153900,1.48
23/09/2019,-170580,-2536999000,14.6(-2.67 %),4000,58900000,174580,2595899000,65332980,1.35
24/09/2019,-3540,-52040000,14.6(0.00 %),0,0,3540,52040000,65149900,1.48
25/09/2019,4590,67493000,14.6(0.00 %),5840,85618000,1250,18125000,65331930,1.35
26/09/2019,1030,14942500,14.6(0.00 %),1030,14942500,0,0,65330900,1.35
27/09/2019,-109960,-1596826500,14.6(0.00 %),14000,207200000,123960,1804026500,65440860,1.27
30/09/2019,-54100,-789940000,14.7(0.68 %),900,13050000,55000,802990000,65307500,1.36
01/10/2019,-26560,-389567000,15.7(6.80 %),0,0,26560,389567000,65307500,1.36
02/10/2019,-65060,-996670000,15.1(-3.82 %),4000,62600000,69060,1059270000,65427460,1.28
03/10/2019,0,0,16.15(6.95 %),0,0,0,0,65372560,1.32
04/10/2019,-5000,-82525000,16.15(0.00 %),2500,40850000,7500,123375000,65377560,1.31
07/10/2019,11000,182050000,16.45(1.86 %),11000,182050000,0,0,65564580,1.18
08/10/2019,130000,2189483000,16.65(1.22 %),130000,2189483000,0,0,65236560,1.42
09/10/2019,101500,1690200000,16.65(0.00 %),101500,1690200000,0,0,65135060,1.49
10/10/2019,138620,2308023000,15.8(-5.11 %),138620,2308023000,0,0,64996440,1.59
11/10/2019,1500,23400000,15.15(-4.11 %),3000,46500000,1500,23100000,64994940,1.59
14/10/2019,56990,877384500,15.3(0.99 %),58990,908234500,2000,30850000,64937950,1.63
15/10/2019,-2030,-31060000,15.35(0.33 %),0,0,2030,31060000,65139970,1.49
16/10/2019,1000,15300000,15.25(-0.65 %),1000,15300000,0,0,65140470,1.49
17/10/2019,-9490,-144872500,15(-1.64 %),1000,15100000,10490,159972500,64948470,1.63
18/10/2019,3550,53650000,15.1(0.67 %),7000,105400000,3450,51750000,65136500,1.49
21/10/2019,1000,15200000,15.15(0.33 %),1000,15200000,0,0,64943920,1.63
22/10/2019,6730,102272500,15.15(0.00 %),6730,102272500,0,0,64937190,1.63
23/10/2019,11950,184010500,15.35(1.32 %),11950,184010500,0,0,64925240,1.64
24/10/2019,11940,184714500,15.45(0.65 %),11940,184714500,0,0,64913300,1.65
25/10/2019,4510,70077000,15.4(-0.32 %),4510,70077000,0,0,64908790,1.65
28/10/2019,6200,95800000,15.1(-1.95 %),6200,95800000,0,0,65108110,1.51
29/10/2019,11870,179320000,15.1(0.00 %),15870,239520000,4000,60200000,65092240,1.52
30/10/2019,9460,143920000,15.2(0.66 %),9460,143920000,0,0,65082780,1.53
31/10/2019,10920,166400000,15.1(-0.66 %),11630,177170000,710,10770000,65071150,1.54
01/11/2019,-10400,-157630000,15.2(0.66 %),0,0,10400,157630000,65075150,1.53
04/11/2019,2090,31980000,15.3(0.66 %),2090,31980000,0,0,65073060,1.54
05/11/2019,490,6670000,15.8(3.27 %),8490,131870000,8000,125200000,65065280,1.54
06/11/2019,-3520,-54658000,15.6(-1.27 %),590,9292500,4110,63950500,65076090,1.53
07/11/2019,0,0,15.45(-0.96 %),0,0,0,0,65076090,1.53
08/11/2019,0,0,15.55(0.65 %),0,0,0,0,65076090,1.53
11/11/2019,-8750,-136230000,15.35(-1.29 %),3600,55620000,12350,191850000,65083600,1.53
12/11/2019,4500,69860000,15.5(0.98 %),4500,69860000,0,0,65079100,1.53
13/11/2019,-970,-14670000,15.5(0.00 %),1790,27890000,2760,42560000,65077310,1.53
14/11/2019,-5860,-91135000,15.6(0.65 %),0,0,5860,91135000,65087170,1.52
15/11/2019,9360,150514000,16.15(3.53 %),13360,215114000,4000,64600000,65077810,1.53
18/11/2019,-2170,-34140000,15.9(-1.55 %),2200,35210000,4370,69350000,65076860,1.53
19/11/2019,-5130,-81404000,15.9(0.00 %),0,0,5130,81404000,65085110,1.53
20/11/2019,-1190,-18910000,15.95(0.31 %),1310,21220000,2500,40130000,65085410,1.53
21/11/2019,3100,49490000,15.95(0.00 %),3100,49490000,0,0,65086680,1.53
22/11/2019,-18600,-291335000,15.5(-2.82 %),490,7864500,19090,299199500,65101800,1.51
25/11/2019,-260,-4050000,15.5(0.00 %),1240,19050000,1500,23100000,65102060,1.51
26/11/2019,7450,116460000,15.55(0.32 %),7450,116460000,0,0,65085130,1.53
27/11/2019,-37650,-582900000,15.3(-1.61 %),0,0,37650,582900000,65104220,1.51
28/11/2019,870,14410000,14.85(-2.94 %),7700,116340000,6830,101930000,65098020,1.52
29/11/2019,20080,303330000,15(1.01 %),29000,435880000,8920,132550000,65069020,1.54
02/12/2019,64000,961460000,14.75(-1.67 %),83000,1244980000,19000,283520000,65023670,1.57
03/12/2019,2890,45190000,14.75(0.00 %),75410,1120770000,72520,1075580000,64955090,1.62
04/12/2019,0,0,14.9(1.02 %),0,0,0,0,64964010,1.61
05/12/2019,17400,262090000,15.15(1.68 %),17400,262090000,0,0,65086380,1.53
06/12/2019,143680,2200347000,15.45(1.98 %),143680,2200347000,0,0,64942700,1.63
09/12/2019,196720,3062160000,15.55(0.65 %),196720,3062160000,0,0,64697730,1.81
10/12/2019,11430,164100000,14.35(-7.72 %),12440,178560000,1010,14460000,64685290,1.82
11/12/2019,-100,-1410000,14.15(-1.39 %),0,0,100,1410000,64734650,1.78
12/12/2019,-7660,-108228000,14.2(0.35 %),0,0,7660,108228000,64742310,1.78
13/12/2019,-1550,-22298000,14.35(1.06 %),100,1420000,1650,23718000,64743860,1.78
16/12/2019,8560,120980000,14.15(-1.39 %),10000,141500000,1440,20520000,64676295,1.82
17/12/2019,-3390,-49490000,14.65(3.53 %),0,0,3390,49490000,64683955,1.82
18/12/2019,1550,22780000,14.65(0.00 %),3000,44100000,1450,21320000,64682605,1.82
19/12/2019,1000,14500000,14.5(-1.02 %),1000,14500000,0,0,64736140,1.78
20/12/2019,-10,-143000,14.3(-1.38 %),0,0,10,143000,64736150,1.78
23/12/2019,4810,70970000,14.7(2.80 %),5000,73750000,190,2780000,64682885,1.82
24/12/2019,0,0,14.7(0.00 %),0,0,0,0,64682885,1.82
25/12/2019,-66660,-1046201000,15.7(6.80 %),4000,62600000,70660,1108801000,64798000,1.74
26/12/2019,12790,207580000,16.1(2.55 %),13290,215760000,500,8180000,64665795,1.83
27/12/2019,31490,516721000,16.35(1.55 %),32490,533376000,1000,16655000,64753720,1.77
30/12/2019,0,0,15.8(-3.36 %),0,0,0,0,64753720,1.77
31/12/2019,7950,126810000,16(1.27 %),13950,221660000,6000,94850000,64656795,1.84
02/01/2020,32660,537960000,16.5(3.12 %),34830,573110000,2170,35150000,64622965,1.86
03/01/2020,-75610,-1219504000,16.1(-2.42 %),7450,121065500,83060,1340569500,64733405,1.78
06/01/2020,-1860,-29767000,15.95(-0.93 %),12980,208446500,14840,238213500,64735265,1.78
07/01/2020,-101450,-1618600000,15.9(-0.31 %),23190,371360000,124640,1989960000,64594015,1.88
08/01/2020,7130,107532500,14.8(-6.92 %),13490,205133000,6360,97600500,64829585,1.71
09/01/2020,16500,247290000,14.85(0.34 %),26500,395290000,10000,148000000,64813085,1.72
10/01/2020,10810,162663500,15(1.01 %),15810,237763500,5000,75100000,64802275,1.73
13/01/2020,27260,404790000,15.1(0.67 %),29390,436527000,2130,31737000,64775015,1.75
14/01/2020,0,0,15.1(0.00 %),0,0,0,0,64775015,1.75
15/01/2020,22620,345477000,15.3(1.32 %),22620,345477000,0,0,64752395,1.77
16/01/2020,6160,94590000,15.3(0.00 %),13060,199820000,6900,105230000,64719175,1.79
17/01/2020,-1130,-16770000,14.95(-2.29 %),600,9180000,1730,25950000,64718575,1.79
20/01/2020,-248510,-3542370000,14.1(-5.69 %),0,0,248510,3542370000,64718575,1.79
21/01/2020,6770,96460000,14.15(0.35 %),7000,99750000,230,3290000,64718475,1.79
22/01/2020,13060,185904500,14.25(0.71 %),13060,185904500,0,0,64705415,1.8
30/01/2020,-8650,-121574000,14(-1.75 %),17260,243366000,25910,364940000,64714065,1.8
31/01/2020,-43050,-594245000,13.7(-2.14 %),0,0,43050,594245000,64757115,1.77
03/02/2020,-3600,-47431500,13.5(-1.46 %),0,0,3600,47431500,64938625,1.63
04/02/2020,-8590,-113859000,13.3(-1.48 %),0,0,8590,113859000,64947215,1.63
05/02/2020,-17500,-231190000,13.3(0.00 %),1350,17820000,18850,249010000,65006235,1.58
06/02/2020,18970,256630000,13.6(2.26 %),18970,256630000,0,0,64945745,1.63
07/02/2020,10,135500,13.5(-0.74 %),10,135500,0,0,64945735,1.63
10/02/2020,-19630,-263243000,13.4(-0.74 %),1270,16954500,20900,280197500,64965365,1.61
11/02/2020,-74120,-998060000,13.5(0.75 %),0,0,74120,998060000,65017025,1.58
12/02/2020,-200,-2740000,13.85(2.59 %),0,0,200,2740000,65039685,1.56
13/02/2020,680,9418000,13.85(0.00 %),680,9418000,0,0,65039005,1.56
14/02/2020,0,0,13.75(-0.72 %),0,0,0,0,65039005,1.56
17/02/2020,-620,-8470000,13.75(0.00 %),0,0,620,8470000,65111565,1.51
18/02/2020,-2230,-30873000,13.75(0.00 %),1000,13550000,3230,44423000,65041855,1.56
19/02/2020,-4430,-60600000,13.75(0.00 %),0,0,4430,60600000,65110565,1.51
20/02/2020,-1230,-17010000,14.3(4.00 %),0,0,1230,17010000,65111185,1.51
21/02/2020,-4850,-68930500,14(-2.10 %),10,143000,4860,69073500,65052365,1.55
24/02/2020,-8570,-116601500,13.3(-5.00 %),500,7000000,9070,123601500,65060935,1.54
25/02/2020,5000,64000000,13.3(0.00 %),5000,64000000,0,0,65055935,1.55
26/02/2020,-400,-5231000,13.05(-1.88 %),10,132500,410,5363500,65056335,1.55
27/02/2020,-5370,-71501500,13.3(1.92 %),0,0,5370,71501500,65061705,1.54
28/02/2020,-8880,-114978000,13(-2.26 %),0,0,8880,114978000,65070585,1.54
02/03/2020,-2360,-30750000,13.05(0.38 %),0,0,2360,30750000,65128895,1.49
03/03/2020,-1610,-21133500,13.25(1.53 %),0,0,1610,21133500,65130505,1.49
04/03/2020,-1200,-15838500,13.2(-0.38 %),0,0,1200,15838500,65131705,1.49
05/03/2020,-100,-1330000,13.25(0.38 %),0,0,100,1330000,65131805,1.49
06/03/2020,-10010,-131130000,13.2(-0.38 %),0,0,10010,131130000,65147115,1.48
09/03/2020,-8200,-101301500,12.3(-6.82 %),0,0,8200,101301500,65150015,1.48
10/03/2020,-15410,-182085500,12.25(-0.41 %),2060,24565500,17470,206651000,65165425,1.47
11/03/2020,-6110,-69654000,11.4(-6.94 %),460,5244000,6570,74898000,65171535,1.46
12/03/2020,-5000,-53250000,10.65(-6.58 %),0,0,5000,53250000,65164100,1.47
13/03/2020,-13420,-132840000,9.95(-6.57 %),7690,76390000,21110,209230000,65173880,1.46
16/03/2020,27880,277940000,9.9(-0.50 %),30000,299000000,2120,21060000,65150450,1.48
17/03/2020,-10800,-105860000,10(1.01 %),0,0,10800,105860000,65155450,1.48
18/03/2020,-7260,-71948300,10(0.00 %),5000,50500000,12260,122448300,65180135,1.46
19/03/2020,-7260,-71948300,9.77(-2.30 %),5000,50500000,12260,122448300,65187395,1.45
20/03/2020,3160,30830000,9.7(-0.72 %),3160,30830000,0,0,65181320,1.46
23/03/2020,-860,-8040000,9.03(-6.91 %),150,1380000,1010,9420000,65193430,1.45
24/03/2020,12520,107397900,9.03(0.00 %),14230,122775200,1710,15377300,65172575,1.46
25/03/2020,5660,52670000,9.35(3.54 %),6760,62810000,1100,10140000,65194990,1.45
26/03/2020,6420,60230000,9.1(-2.67 %),6420,60230000,0,0,65189580,1.45
27/03/2020,2440,22680000,8.8(-3.30 %),5150,46770000,2710,24090000,65186140,1.45
30/03/2020,2550,21180300,8.19(-6.93 %),2830,23473500,280,2293200,65155505,1.47
31/03/2020,15150,127567500,8.03(-1.95 %),26860,224087600,11710,96520100,65140355,1.49
01/04/2020,13880,113546300,8.2(2.12 %),13880,113546300,0,0,65160260,1.47
03/04/2020,15920,134730000,8.53(4.02 %),16420,138950000,500,4220000,65130240,1.49
06/04/2020,7080,63060000,9.12(6.92 %),7080,63060000,0,0,65134870,1.49
07/04/2020,-6470,-59006400,9.12(0.00 %),40,364800,6510,59371200,65143730,1.48
08/04/2020,28740,261750000,9.17(0.55 %),28740,261750000,0,0,65106590,1.51
09/04/2020,30820,286334100,9.3(1.42 %),30820,286334100,0,0,65084170,1.53
10/04/2020,9730,89552000,9.2(-1.08 %),11390,104805400,1660,15253400,65074440,1.53
13/04/2020,6400,59490000,9.29(0.98 %),7900,73530000,1500,14040000,65062990,1.54
14/04/2020,-23330,-214016300,9.18(-1.18 %),4850,44825000,28180,258841300,65091370,1.52
15/04/2020,5910,55170000,9.78(6.54 %),6010,56140000,100,970000,65053790,1.55
16/04/2020,2980,28900000,9.79(0.10 %),3610,35080000,630,6180000,65051680,1.55
17/04/2020,-200,-2090000,10.45(6.74 %),0,0,200,2090000,65082680,1.53
20/04/2020,-20720,-221440000,10.65(1.91 %),1000,10500000,21720,231940000,65078960,1.53
21/04/2020,1270,13370000,10(-6.10 %),4320,44510000,3050,31140000,65075270,1.53
22/04/2020,6360,63790000,10.2(2.00 %),12850,128340000,6490,64550000,65062620,1.54
23/04/2020,-4870,-50475000,10.25(0.49 %),0,0,4870,50475000,65100640,1.52
24/04/2020,140,1670000,10.35(0.98 %),1660,17100000,1520,15430000,65085530,1.53
27/04/2020,-5400,-57585500,11.05(6.76 %),1840,19320000,7240,76905500,65105900,1.51
28/04/2020,-14200,-159170000,11.45(3.62 %),0,0,14200,159170000,65095050,1.52
29/04/2020,-10460,-119490000,11.3(-1.31 %),800,9200000,11260,128690000,65095770,1.52
04/05/2020,-1570,-17350000,10.95(-3.10 %),0,0,1570,17350000,65103010,1.51
05/05/2020,2860,31853000,11.4(4.11 %),2860,31853000,0,0,65100150,1.52
06/05/2020,-1800,-20960000,11.75(3.07 %),200,2320000,2000,23280000,65101950,1.51
07/05/2020,-7270,-83980000,11.55(-1.70 %),110,1280000,7380,85260000,65126870,1.5
08/05/2020,2280,26358500,11.6(0.43 %),2280,26358500,0,0,65106940,1.51
11/05/2020,1740,20350000,11.75(1.29 %),1740,20350000,0,0,65124850,1.5
12/05/2020,12180,143379500,11.7(-0.43 %),12180,143379500,0,0,65093020,1.52
13/05/2020,-3340,-41047000,12.5(6.84 %),650,7615500,3990,48662500,65096360,1.52
14/05/2020,-2670,-33703000,12.5(0.00 %),1000,12700000,3670,46403000,65099030,1.52
15/05/2020,-17430,-213350000,12.3(-1.60 %),30,370000,17460,213720000,65118370,1.5
18/05/2020,-3610,-43313500,12.1(-1.63 %),30,361500,3640,43675000,65120070,1.5
19/05/2020,-15570,-188440000,12.2(0.83 %),30,360000,15600,188800000,65125970,1.5
20/05/2020,0,0,12(-1.64 %),0,0,0,0,65143430,1.48
21/05/2020,-80,-986500,12(0.00 %),40,483500,120,1470000,65135720,1.49
22/05/2020,-2830,-33850000,12(0.00 %),50,598500,2880,34448500,65138550,1.49
25/05/2020,3950,48920000,12.5(4.17 %),3950,48920000,0,0,65158630,1.47
26/05/2020,-3770,-46930000,12.6(0.80 %),640,8000000,4410,54930000,65138370,1.49
27/05/2020,-19880,-248550000,12.3(-2.38 %),40,500000,19920,249050000,65160950,1.47
28/05/2020,10,120000,12.3(0.00 %),10,120000,0,0,65160940,1.47
29/05/2020,-17870,-216228000,12(-2.44 %),10,120000,17880,216348000,65176110,1.46
01/06/2020,6430,78160000,12.1(0.83 %),6430,78160000,0,0,65178830,1.46
02/06/2020,-11900,-143890000,12(-0.83 %),1170,14210000,13070,158100000,65177660,1.46
03/06/2020,-3140,-37630000,12.05(0.42 %),0,0,3140,37630000,65195540,1.45
04/06/2020,6650,81360000,12.3(2.07 %),6650,81360000,0,0,65188890,1.45
05/06/2020,11710,149420000,13.1(6.50 %),11710,149420000,0,0,65190250,1.45
08/06/2020,-2240,-29060000,13(-0.76 %),4490,59440000,6730,88500000,65188900,1.45
09/06/2020,0,0,12.9(-0.77 %),0,0,0,0,65195890,1.45
10/06/2020,17170,218301000,13.2(2.33 %),17270,219631000,100,1330000,65178720,1.46
11/06/2020,-8310,-109930000,12.6(-4.55 %),470,6120000,8780,116050000,65177880,1.46
12/06/2020,490,7210000,12.5(-0.79 %),4190,52790000,3700,45580000,65179710,1.46
15/06/2020,-23980,-290860000,11.75(-6.00 %),0,0,23980,290860000,65179810,1.46
16/06/2020,4100,48640000,11.75(0.00 %),4100,48640000,0,0,65184490,1.45
17/06/2020,-720,0,12.1(2.98 %),0,0,720,0,65207140,1.44
18/06/2020,2290,27265000,12.1(0.00 %),2290,27265000,0,0,65204850,1.44
19/06/2020,23730,289383500,12.2(0.83 %),23730,289383500,0,0,65181120,1.46
22/06/2020,-210,-1960000,12.15(-0.41 %),2600,31860000,2810,33820000,65184270,1.45
23/06/2020,570,6940000,11.95(-1.65 %),2500,30000000,1930,23060000,65181770,1.46
24/06/2020,-16550,-195424500,11.7(-2.09 %),0,0,16550,195424500,65197310,1.44
25/06/2020,-6630,-76400000,11.7(0.00 %),2380,27610000,9010,104010000,65182200,1.46
26/06/2020,-17700,-204890000,11.5(-1.71 %),0,0,17700,204890000,65184130,1.45
29/06/2020,-17680,-204670860,10.9(-5.22 %),20,222140,17700,204893000,65239320,1.41
30/06/2020,-17700,-204893000,10.9(0.00 %),0,0,17700,204893000,65257020,1.4
01/07/2020,20,220000,11.1(1.83 %),20,220000,0,0,65227350,1.42
02/07/2020,-117440,-1228418000,11.1(0.00 %),12560,134703000,130000,1363121000,65344810,1.34
03/07/2020,9970,110210000,11.15(0.45 %),9970,110210000,0,0,65226630,1.42
06/07/2020,6030,67660000,11.3(1.35 %),6030,67660000,0,0,65220600,1.43
07/07/2020,40380,460530000,11.45(1.33 %),40380,460530000,0,0,65310220,1.36
08/07/2020,20,230000,11.45(0.00 %),20,230000,0,0,65310200,1.36
09/07/2020,2410,27660000,11.55(0.87 %),2410,27660000,0,0,65307790,1.36
10/07/2020,2770,31740000,11.4(-1.30 %),2770,31740000,0,0,65305020,1.37
13/07/2020,0,0,11.55(1.32 %),0,0,0,0,65305020,1.37
14/07/2020,0,0,11.75(1.73 %),0,0,0,0,65283230,1.38
15/07/2020,0,0,11.8(0.43 %),0,0,0,0,65305020,1.37
16/07/2020,-11490,-133978500,11.55(-2.12 %),0,0,11490,133978500,65294720,1.37
17/07/2020,0,0,11.5(-0.43 %),0,0,0,0,65305020,1.37
20/07/2020,-1080,-12460000,11.55(0.43 %),0,0,1080,12460000,65305020,1.37
21/07/2020,-3310,-37813000,11.45(-0.87 %),0,0,3310,37813000,65299110,1.37
22/07/2020,-14670,-167083000,11.45(0.00 %),0,0,14670,167083000,65313780,1.36
23/07/2020,-48750,-549109500,11.2(-2.18 %),0,0,48750,549109500,65362530,1.32
24/07/2020,-5640,-61941000,10.9(-2.68 %),200,2180000,5840,64121000,65368170,1.32
27/07/2020,6350,66355000,10.15(-6.88 %),6350,66355000,0,0,65361820,1.32
28/07/2020,6000,62220000,10.45(2.96 %),6480,67160000,480,4940000,65371290,1.32
29/07/2020,5030,50090000,9.9(-5.26 %),8720,87140000,3690,37050000,65368410,1.32
30/07/2020,5030,50092800,10.2(3.03 %),8720,87144000,3690,37051200,65345760,1.34
31/07/2020,16680,172569800,10.25(0.49 %),20940,215711000,4260,43141200,65329080,1.35
03/08/2020,71310,751500000,10.55(2.93 %),71310,751500000,0,0,65280330,1.38
04/08/2020,31020,335774500,10.85(2.84 %),31020,335774500,0,0,65320620,1.35
05/08/2020,92580,1027512500,11.15(2.76 %),94740,1051100500,2160,23588000,65228040,1.42
06/08/2020,30350,325884000,10.7(-4.04 %),31240,335397500,890,9513500,65197690,1.44
07/08/2020,-10680,-113711000,10.6(-0.93 %),90,963000,10770,114674000,65208370,1.44
10/08/2020,245950,2721028500,11.15(5.19 %),251000,2776568500,5050,55540000,64962420,1.62
11/08/2020,88860,1003376500,11.35(1.79 %),103430,1167395000,14570,164018500,64873560,1.68
12/08/2020,47200,533434000,11.3(-0.44 %),50420,569983000,3220,36549000,64826360,1.72
13/08/2020,60840,691701500,11.45(1.33 %),63340,719701500,2500,28000000,64765520,1.76
14/08/2020,-1280,-14280000,11.15(-2.62 %),0,0,1280,14280000,64695790,1.81
17/08/2020,0,0,11.2(0.45 %),0,0,0,0,64699010,1.81
18/08/2020,14000,156100000,11.05(-1.34 %),14000,156100000,0,0,64752800,1.77
19/08/2020,0,0,11.1(0.45 %),0,0,0,0,64688790,1.82
20/08/2020,-850,-9531500,11.4(2.70 %),1600,18398500,2450,27930000,64753650,1.77
21/08/2020,-10,-120000,11.4(0.00 %),90,1020000,100,1140000,64687100,1.82
24/08/2020,-64520,-741910000,11.55(1.32 %),720,8360000,65240,750270000,64686380,1.82
25/08/2020,-2450,-28240000,11.5(-0.43 %),0,0,2450,28240000,64688830,1.82
26/08/2020,720,8430000,11.7(1.74 %),2020,23510000,1300,15080000,64686910,1.82
27/08/2020,6520,77028000,11.85(1.28 %),6520,77028000,0,0,64813390,1.72
28/08/2020,16280,195740000,11.95(0.84 %),16280,195740000,0,0,64731800,1.78
31/08/2020,-1300,-14980000,11.65(-2.51 %),1000,11820000,2300,26800000,64732100,1.78
01/09/2020,-13480,-154989500,11.6(-0.43 %),6900,79591000,20380,234580500,64732100,1.78
03/09/2020,-185170,-2123900000,11.35(-2.16 %),4340,50430000,189510,2174330000,64720860,1.79
04/09/2020,-49120,-566981000,11.6(2.20 %),7780,89148500,56900,656129500,64966390,1.61
07/09/2020,-91030,-1043890000,11.35(-2.16 %),8760,101390000,99790,1145280000,64727000,1.79
08/09/2020,-24340,-278622000,11.35(0.00 %),7600,86936500,31940,365558500,65081760,1.53
09/09/2020,-47690,-542353500,11.55(1.76 %),26350,298927500,74040,841281000,65129450,1.49
10/09/2020,-62020,-717203500,11.6(0.43 %),0,0,62020,717203500,65191470,1.45
11/09/2020,-46860,-538460000,11.55(-0.43 %),140,1610000,47000,540070000,65238330,1.41
14/09/2020,-97760,-1125640000,11.5(-0.43 %),7240,83530000,105000,1209170000,65137850,1.49
15/09/2020,-8630,-98850000,11.5(0.00 %),11370,131060000,20000,229910000,65188500,1.45
16/09/2020,17340,210750000,12.3(6.96 %),20440,247580000,3100,36830000,65215060,1.43
17/09/2020,-21220,-262440000,12.4(0.81 %),0,0,21220,262440000,65320060,1.35
18/09/2020,1200,14880000,12.3(-0.81 %),1200,14880000,0,0,65347400,1.34
21/09/2020,-19840,-237320000,12.3(0.00 %),16700,206656000,36540,443976000,65367240,1.32
22/09/2020,5230,64890000,12.4(0.81 %),5230,64890000,0,0,65341250,1.34
23/09/2020,-2310,-28182000,12.3(-0.81 %),0,0,2310,28182000,65364320,1.32
24/09/2020,0,0,12(-2.44 %),0,0,0,0,65364320,1.32
25/09/2020,11440,138890000,12.1(0.83 %),11440,138890000,0,0,65366350,1.32
28/09/2020,28120,344160000,12.3(1.65 %),28120,344160000,0,0,65340540,1.34
29/09/2020,-6180,-76040000,12.2(-0.81 %),0,0,6180,76040000,65340540,1.34
30/09/2020,10600,128862500,12.2(0.00 %),13890,169000500,3290,40138000,65320340,1.35
01/10/2020,7840,97530000,12.6(3.28 %),17450,216690000,9610,119160000,65309200,1.36
02/10/2020,-21290,-273600000,13.3(5.56 %),0,0,21290,273600000,65315380,1.36
05/10/2020,-13080,-175010000,13.45(1.13 %),1840,24840000,14920,199850000,65316830,1.36
06/10/2020,-9800,-130248000,13.4(-0.37 %),10,133500,9810,130381500,65370820,1.32
07/10/2020,10550,141230000,13.15(-1.87 %),15670,210610000,5120,69380000,65332050,1.35
08/10/2020,-1900,-24672500,13.2(0.38 %),3150,41580000,5050,66252500,65362170,1.32
09/10/2020,-1450,-19332500,13.25(0.38 %),0,0,1450,19332500,65363620,1.32
12/10/2020,-5460,-71290000,12.7(-4.15 %),3130,40810000,8590,112100000,65355620,1.33
13/10/2020,5700,71600000,12.6(-0.79 %),6700,84150000,1000,12550000,65363380,1.32
14/10/2020,17580,221060000,12.25(-2.78 %),21530,271030000,3950,49970000,65333890,1.34
15/10/2020,28110,348590000,12.3(0.41 %),29110,360940000,1000,12350000,65313370,1.36
16/10/2020,2780,34170000,12.55(2.03 %),2780,34170000,0,0,65311590,1.36
19/10/2020,3830,48892000,12.8(1.99 %),3830,48892000,0,0,65311080,1.36
20/10/2020,-2000,-25301000,12.5(-2.34 %),550,6974000,2550,32275000,65313080,1.36
21/10/2020,-23230,-287532500,12.3(-1.60 %),0,0,23230,287532500,65336310,1.34
22/10/2020,-7420,-91104500,12.4(0.81 %),0,0,7420,91104500,65343730,1.34
23/10/2020,-9930,-123980000,12.5(0.81 %),80,1010000,10010,124990000,65314630,1.36
26/10/2020,-26160,-329430000,12.3(-1.60 %),0,0,26160,329430000,65337860,1.34
27/10/2020,-23520,-287920000,12.25(-0.41 %),0,0,23520,287920000,65345280,1.34
28/10/2020,-24740,-295560000,11.5(-6.12 %),0,0,24740,295560000,65355290,1.33
29/10/2020,2720,31690000,11.65(1.30 %),2720,31690000,0,0,65378730,1.31
30/10/2020,-7310,-86360000,11.9(2.15 %),0,0,7310,86360000,65402250,1.3
02/11/2020,-4520,-54654500,12.2(2.52 %),0,0,4520,54654500,65426990,1.28
03/11/2020,-8670,-106071000,12.15(-0.41 %),0,0,8670,106071000,65435660,1.27
04/11/2020,5500,67840000,12.2(0.41 %),7850,96440000,2350,28600000,65426450,1.28
05/11/2020,7210,91332500,12.6(3.28 %),7210,91332500,0,0,65422950,1.28
06/11/2020,0,0,12.55(-0.40 %),0,0,0,0,65422950,1.28
09/11/2020,1180,15231000,13.2(5.18 %),1180,15231000,0,0,65421770,1.28
10/11/2020,-3510,-46680000,12.95(-1.89 %),0,0,3510,46680000,65433600,1.27
11/11/2020,1570,20567000,13(0.39 %),1570,20567000,0,0,65423710,1.28
12/11/2020,0,0,13.1(0.77 %),0,0,0,0,65432030,1.27
13/11/2020,7080,94280000,13.4(2.29 %),7080,94280000,0,0,65428460,1.28
16/11/2020,-80,-1090000,13.25(-1.12 %),10,130000,90,1220000,65428450,1.28
17/11/2020,13210,179593000,13.8(4.15 %),13210,179593000,0,0,65403500,1.29
18/11/2020,-11440,-158640000,13.8(0.00 %),400,5580000,11840,164220000,65414840,1.29
19/11/2020,-1540,-20450000,13.25(-3.99 %),0,0,1540,20450000,65414930,1.29
20/11/2020,13640,179867500,13.2(-0.38 %),17570,231045500,3930,51178000,65402840,1.29
23/11/2020,26310,341740000,13(-1.52 %),26310,341740000,0,0,65382895,1.31
24/11/2020,31600,425410000,13.6(4.62 %),31600,425410000,0,0,65352835,1.33
25/11/2020,5860,80100000,0(0.00 %),6690,91310000,830,11210000,65350075,1.33
26/11/2020,-9510,-127855000,13.45(-0.37 %),0,0,9510,127855000,65359585,1.33
27/11/2020,19560,263550000,13.55(0.74 %),19560,263550000,0,0,65330515,1.35
30/11/2020,24970,342078000,13.75(1.48 %),24970,342078000,0,0,65305545,1.37
01/12/2020,4856,666790000,14(1.82 %),4856,666790000,0,0,65267325,1.39
02/12/2020,1705,238220000,14(0.00 %),4057,566540000,2352,328320000,65226755,1.42
03/12/2020,14470,208074500,14.45(3.21 %),14530,208914500,60,840000,65284365,1.38
04/12/2020,-3862,-556130000,14.4(-0.35 %),138,19870000,4000,576000000,65210845,1.43
07/12/2020,-1521,-223690000,14.6(1.39 %),2514,363830000,4035,587520000,65209225,1.44
08/12/2020,-21890,-316960000,14.6(0.00 %),1120,16350000,23010,333310000,65208165,1.44
09/12/2020,3290,47710000,14.45(-1.03 %),3290,47710000,0,0,65244875,1.41
10/12/2020,-29590,-421684500,14.1(-2.42 %),10,144500,29600,421829000,65386385,1.31
11/12/2020,43350,614002500,14.25(1.06 %),43350,614002500,0,0,65343035,1.34
14/12/2020,18690,273235500,15.2(6.67 %),18690,273235500,0,0,65324345,1.35
15/12/2020,-60000,-975000000,16.25(6.91 %),0,0,60000,975000000,65384345,1.31
16/12/2020,0,0,17.35(6.77 %),0,0,0,0,65275785,1.39
17/12/2020,-16290,-298878000,18.55(6.92 %),15540,282723000,31830,581601000,65400635,1.3
18/12/2020,-21860,-406494500,19.5(5.12 %),60,1128000,21920,407622500,65422495,1.28
21/12/2020,-24310,-503103000,20.85(6.92 %),2700,53520000,27010,556623000,65446805,1.26
22/12/2020,20870,249184920,22.3(6.95 %),21370,249184920,500,0,65425935,1.28
23/12/2020,-93920,-2216470000,23.85(6.95 %),1120,26160000,95040,2242630000,65348745,1.33
24/12/2020,-2970,-717590000,23.5(-1.47 %),1541,353180000,4511,1070770000,65360345,1.33
25/12/2020,50740,1207190000,23.6(0.43 %),80900,1918610000,30160,711420000,65279945,1.38
28/12/2020,-2329,-538930000,23.1(-2.12 %),29,6690000,2358,545620000,65374695,1.32
29/12/2020,24890,558484000,24.3(5.19 %),49480,1144413500,24590,585929500,65497215,1.23
30/12/2020,-22640,-534510000,24.1(-0.82 %),14160,351210000,36800,885720000,65386325,1.31
31/12/2020,31290,753509500,24.5(1.66 %),33950,817084500,2660,63575000,65355035,1.33
04/01/2021,-3090,-784080000,25.55(4.29 %),1070,265620000,4160,1049700000,65389845,1.3
05/01/2021,-54300,-1370560000,25.5(-0.20 %),300,7570000,54600,1378130000,65444145,1.26
06/01/2021,790,200700000,25.2(-1.18 %),3200,807040000,2410,606340000,65397005,1.3
07/01/2021,4800,120805000,25.2(0.00 %),15700,391565000,10900,270760000,65431445,1.27
08/01/2021,34000,904870000,26.95(6.94 %),37500,999195000,3500,94325000,65397445,1.3
11/01/2021,-4340,-1172450000,26.95(0.00 %),4670,1285950000,9010,2458400000,65417405,1.28
12/01/2021,-1890,-492200000,26.8(-0.56 %),200,53200000,2090,545400000,65426305,1.28
13/01/2021,1670,442970000,26.75(-0.19 %),2280,606450000,610,163480000,65407005,1.29
14/01/2021,41700,1100795000,26.4(-1.31 %),43400,1145605000,1700,44810000,65401345,1.3
15/01/2021,36800,990135000,27.5(4.17 %),36800,990135000,0,0,65364545,1.32
18/01/2021,19000,521635000,27.9(1.45 %),19200,527135000,200,5500000,65345545,1.34
19/01/2021,-2110,-572710000,25.95(-6.99 %),410,111420000,2520,684130000,104622275,0.81
20/01/2021,6640,1652690000,24.3(-6.36 %),7020,1747010000,380,94320000,104552075,0.84
21/01/2021,50400,1211170000,24.9(2.47 %),50400,1211170000,0,0,65249845,18.94
22/01/2021,1150,289140000,25.05(0.60 %),2710,677460000,1560,388320000,104499855,0.86
25/01/2021,101200,2654475000,26.8(6.99 %),101200,2654475000,0,0,65137145,30.08
26/01/2021,-1550,-414380000,26.6(-0.75 %),1240,324560000,2790,738940000,104390125,0.92
27/01/2021,-110,-36200000,24.75(-6.95 %),2810,718410000,2920,754610000,104377585,0.92
28/01/2021,20,4610000,23.05(-6.87 %),20,4610000,0,0,104377335,0.92
29/01/2021,7800,129320000,23.05(0.00 %),49800,1083250000,42000,953930000,65145745,18.99
01/02/2021,56600,1240800000,21.45(-6.94 %),71700,1573455000,15100,332655000,104384685,0.92
02/02/2021,7080,1526730000,22(2.56 %),7960,1712610000,880,185880000,104233385,0.99
03/02/2021,-2300,-504310000,23.5(6.82 %),870,193360000,3170,697670000,104266685,0.97
04/02/2021,-9690,-2339830000,24.5(4.26 %),270,64910000,9960,2404740000,104279085,0.97
05/02/2021,-13900,-336190000,24.55(0.20 %),6600,164710000,20500,500900000,104447685,0.89
08/02/2021,-3610,-851440000,0(0.00 %),760,185120000,4370,1036560000,104305385,0.95
09/02/2021,13240,3088610000,24.15(5.00 %),13240,3088610000,0,0,104272585,0.97
17/02/2021,7420,1859140000,25.45(5.38 %),7420,1859140000,0,0,104218885,0.99
18/02/2021,-6730,-1710020000,25.6(0.59 %),460,117290000,7190,1827310000,104257985,0.98
19/02/2021,840,246300000,27.2(6.25 %),3630,959190000,2790,712890000,104221685,0.99
22/02/2021,-38400,-1045730000,28.05(3.12 %),43600,1222555000,82000,2268285000,104374485,0.92
23/02/2021,129800,3721385000,29.8(6.24 %),138900,3980495000,9100,259110000,104244685,0.98
24/02/2021,-49600,-1426035000,29.5(-1.01 %),26300,781400000,75900,2207435000,104294285,0.96
25/02/2021,4400,146385000,29.35(-0.51 %),60400,1759035000,56000,1612650000,104289885,0.96
26/02/2021,254700,7649395000,31.4(6.98 %),300800,8988125000,46100,1338730000,104035185,1.08
01/03/2021,173400,5492880000,32.1(2.23 %),189700,6006845000,16300,513965000,103918485,1.13
02/03/2021,3300,138350000,31.35(-2.34 %),149300,4693055000,146000,4554705000,103915185,1.13
03/03/2021,168400,5218410000,31.55(0.64 %),176000,5456140000,7600,237730000,103746785,1.21
04/03/2021,103100,3262345000,30.4(-3.65 %),124900,3947770000,21800,685425000,103643685,1.26
05/03/2021,-21600,-663020000,29.25(-3.78 %),19300,566830000,40900,1229850000,103665285,1.25
08/03/2021,-9830,-2875310000,29.55(1.03 %),4370,1289060000,14200,4164370000,103487585,1.33
09/03/2021,20800,6184330000,29.8(0.85 %),20800,6184330000,0,0,103301385,1.42
10/03/2021,241800,7442855000,31(4.03 %),290800,8902125000,49000,1459270000,103313785,1.41
11/03/2021,7980,2478300000,31.25(0.81 %),12050,3732090000,4070,1253790000,103072965,1.52
12/03/2021,-49500,-1516785000,30.95(-0.96 %),47700,1479940000,97200,2996725000,103283485,1.43
15/03/2021,-13190,-4022580000,30.4(-1.78 %),0,0,13190,4022580000,103074265,1.52
16/03/2021,-55600,-1666375000,30(-1.32 %),500,15025000,56100,1681400000,103470985,1.34
17/03/2021,232100,7101530000,30.75(2.33 %),232100,7101530000,0,0,103238885,1.45
18/03/2021,9810,3078980000,32(4.07 %),10130,3178450000,320,99470000,103010077,1.55
19/03/2021,323100,10393900000,32.75(2.34 %),328100,10555900000,5000,162000000,102817685,1.64
22/03/2021,173800,5711615000,32.85(0.31 %),173800,5711615000,0,0,102643885,1.72
23/03/2021,-156300,-4824125000,31.05(-5.48 %),11600,378440000,167900,5202565000,102800185,1.65
24/03/2021,-289800,-8581310000,28.9(-6.92 %),100,2890000,289900,8584200000,103089985,1.51
25/03/2021,-69000,-1998280000,28.95(0.17 %),3000,86910000,72000,2085190000,103158985,1.48
26/03/2021,-138400,-3855165000,27.85(-3.80 %),3000,81310000,141400,3936475000,103297385,1.42
29/03/2021,-24900,-6774920000,27(-3.05 %),2880,785470000,27780,7560390000,102983777,1.56
30/03/2021,-4470,-1181100000,26.3(-2.59 %),1180,311430000,5650,1492530000,103043977,1.54
31/03/2021,-3760,-1022470000,27.45(4.37 %),220,59750000,3980,1082220000,103183177,1.47
01/04/2021,-218900,-5991445000,27.95(1.82 %),24500,672575000,243400,6664020000,103460977,1.34
02/04/2021,-19720,-5569450000,28.15(0.72 %),15180,4258620000,34900,9828070000,103341177,1.4
05/04/2021,-15090,-4188790000,27.55(-2.13 %),2920,814370000,18010,5003160000,103351777,1.39
06/04/2021,-5510,-1481600000,28(1.63 %),530,142590000,6040,1624190000,103589877,1.28
07/04/2021,-11260,-3196430000,29.1(3.93 %),2690,761440000,13950,3957870000,103911977,1.14
08/04/2021,-204600,-5919365000,29.1(0.00 %),0,0,204600,5919365000,104181377,1.01
09/04/2021,-76600,-2227145000,29.2(0.34 %),0,0,76600,2227145000,104257977,0.98
12/04/2021,-67000,-1952420000,28.7(-1.71 %),2000,57665000,69000,2010085000,104324977,0.95
13/04/2021,-100,-25080000,27.6(-3.83 %),870,241990000,970,267070000,104485877,0.87
14/04/2021,1030,280340000,27.65(0.18 %),1130,307340000,100,27000000,104551177,0.84
15/04/2021,1000,26975000,26.75(-3.25 %),1000,26975000,0,0,104314677,0.0
16/04/2021,-170,-44700000,26.2(-2.06 %),0,0,170,44700000,104628877,0.81
19/04/2021,-17800,-466795000,26.1(-0.38 %),700,18260000,18500,485055000,104334177,0.94
20/04/2021,2600,69225000,26.25(0.57 %),12200,326345000,9600,257120000,104331577,0.94
22/04/2021,10,2600000,25.5(-2.86 %),10,2600000,0,0,104618577,0.81
23/04/2021,4000,1021300000,26.4(3.53 %),4060,1036510000,60,15210000,104596477,0.82
26/04/2021,-750,-196520000,25.7(-2.65 %),0,0,750,196520000,104606077,0.82
27/04/2021,460,114980000,25.7(0.00 %),850,214260000,390,99280000,104597577,0.82
28/04/2021,-31800,-830245000,26.3(2.33 %),0,0,31800,830245000,104326177,0.94
29/04/2021,-1090,-284930000,26.35(0.19 %),0,0,1090,284930000,104605677,0.82
04/05/2021,0,0,25.65(-2.66 %),0,0,0,0,104609577,0.81
05/05/2021,3300,87620000,26.25(2.34 %),3300,87620000,0,0,104606277,0.82
06/05/2021,47800,1277115000,27.4(4.38 %),48000,1282515000,200,5400000,104558477,0.84
07/05/2021,19300,519945000,26.8(-2.19 %),19300,519945000,0,0,104539177,0.85
10/05/2021,-4000,-106000000,26.2(-2.24 %),0,0,4000,106000000,104543177,0.85
11/05/2021,6800,180445000,25.7(-1.91 %),8300,219530000,1500,39085000,104536377,0.85
12/05/2021,3520,922160000,26.4(2.72 %),3530,924770000,10,2610000,104538277,0.85
13/05/2021,-8200,-216090000,26.95(2.08 %),1000,26330000,9200,242420000,104509377,0.86
14/05/2021,8900,238320000,26.5(-1.67 %),8900,238320000,0,0,104500477,0.86
17/05/2021,-3530,-929720000,27.2(2.64 %),0,0,3530,929720000,104533977,0.85
18/05/2021,5100,139305000,27.4(0.74 %),5100,139305000,0,0,104530677,0.85
19/05/2021,-9800,-268680000,27(-1.46 %),200,5320000,10000,274000000,104540477,0.85
20/05/2021,-6600,-172260000,26.1(-3.33 %),0,0,6600,172260000,104547077,0.84
21/05/2021,-1680,-430400000,26.5(1.53 %),420,112000000,2100,542400000,104568977,0.83
24/05/2021,35700,1006220000,28.35(6.98 %),38300,1079855000,2600,73635000,104528177,0.85
25/05/2021,-900,-25710000,28.35(0.00 %),100,2890000,1000,28600000,104529077,0.85
26/05/2021,-50000,-1395175000,28.65(1.06 %),10500,299075000,60500,1694250000,104579077,0.83
27/05/2021,330,96290000,29.2(1.92 %),1050,304500000,720,208210000,104549777,0.84
28/05/2021,61700,1855885000,30.45(4.28 %),85700,2584735000,24000,728850000,104514077,0.86
31/05/2021,26200,783615000,30.7(0.82 %),27300,817160000,1100,33545000,104487877,0.87
01/06/2021,8920,2809150000,30.95(0.81 %),9620,3025800000,700,216650000,104409277,0.91
02/06/2021,22900,696325000,30.7(-0.81 %),59900,1816155000,37000,1119830000,104482577,0.87
03/06/2021,-22370,-7147070000,32.8(6.84 %),0,0,22370,7147070000,104374477,0.92
04/06/2021,366100,12310180000,34.3(4.57 %),372100,12510445000,6000,200265000,104340177,0.94
07/06/2021,16600,556025000,32.95(-3.94 %),16600,556025000,0,0,104323577,0.95
08/06/2021,-5450,-1761210000,31.15(-5.46 %),590,192230000,6040,1953440000,104247777,0.98
09/06/2021,300800,9362460000,31.45(0.96 %),307800,9581010000,7000,218550000,104077277,1.06
10/06/2021,-109100,-3387885000,31(-1.43 %),18000,568410000,127100,3956295000,104186377,1.01
11/06/2021,1350,448790000,32.2(3.87 %),2730,876590000,1380,427800000,103961077,1.11
14/06/2021,4900,158910000,32.3(0.31 %),4900,158910000,0,0,104167977,1.02
15/06/2021,-9280,-2950340000,33(2.17 %),10,3200000,9290,2953540000,104091977,1.05
16/06/2021,-32270,-10595190000,32.5(-1.52 %),710,232880000,32980,10828070000,104098677,1.05
17/06/2021,-107300,-3412545000,31.9(-1.85 %),0,0,107300,3412545000,104690777,0.78
18/06/2021,-16800,-570505000,33.95(6.43 %),900,30540000,17700,601045000,104707577,0.77
21/06/2021,21690,7562770000,34.65(2.06 %),30480,10596810000,8790,3034040000,104215672,1.0
22/06/2021,-49800,-1691455000,33.7(-2.74 %),600,20640000,50400,1712095000,104540477,0.85
23/06/2021,1970,682810000,34.35(1.93 %),3260,1114620000,1290,431810000,104307472,0.95
24/06/2021,-28400,-931900000,32.05(-6.70 %),19400,669540000,47800,1601440000,104549177,0.84
25/06/2021,4100,133365000,32.65(1.87 %),10600,342840000,6500,209475000,104545077,0.84
28/06/2021,92300,3054585000,34.9(6.89 %),100200,3327355000,7900,272770000,104452777,0.89
29/06/2021,9290,3280410000,34.95(0.14 %),11490,4042210000,2200,761800000,104261372,0.97
30/06/2021,-12560,-4182990000,33.2(-5.01 %),1450,482420000,14010,4665410000,104253372,0.98
01/07/2021,-13000,-425565000,32.75(-1.36 %),15100,494785000,28100,920350000,104261272,0.97
02/07/2021,-11380,-3652070000,32.65(-0.31 %),4450,1443440000,15830,5095510000,104223672,0.99
05/07/2021,-11900,-3723440000,31.1(-4.75 %),7450,2315180000,19350,6038620000,104289272,0.96
06/07/2021,12830,3921990000,28.5(-6.86 %),15390,4687830000,2560,765840000,104163472,1.02
07/07/2021,406000,11397180000,28.5(0.00 %),406400,11408420000,400,11240000,103959772,1.11
08/07/2021,-2530,-731170000,28.7(0.70 %),570,164340000,3100,895510000,104103172,1.05
09/07/2021,-122100,-3505450000,26.75(-6.79 %),15700,430770000,137800,3936220000,104107172,1.05
12/07/2021,232500,5873365000,24.9(-6.92 %),239200,6050695000,6700,177330000,103874672,1.15
13/07/2021,7400,1795050000,25(0.40 %),10540,2563430000,3140,768380000,103799872,1.19
14/07/2021,31300,654530000,22(-12.00 %),118100,2607575000,86800,1953045000,103769372,1.2
15/07/2021,13470,3110260000,23.5(6.82 %),13470,3110260000,0,0,103691572,1.24
16/07/2021,-54150,-13116450000,23.85(1.49 %),2700,656000000,56850,13772450000,103695972,1.24
19/07/2021,49600,1134645000,22.2(-6.92 %),198200,4475800000,148600,3341155000,104126572,1.04
20/07/2021,3760,835860000,22.8(2.70 %),7700,1704680000,3940,868820000,103507572,1.32
21/07/2021,-11750,-2696960000,22.4(-1.75 %),260,60180000,12010,2757140000,104073472,1.06
22/07/2021,620,153990000,23.95(6.92 %),2670,634640000,2050,480650000,104195372,1.01
23/07/2021,-45800,-1130460000,23.95(0.00 %),23900,584825000,69700,1715285000,104246072,0.98
26/07/2021,120,30420000,24.8(3.55 %),420,101260000,300,70840000,104326772,0.94
27/07/2021,63600,1573570000,24.7(-0.40 %),89300,2206735000,25700,633165000,104181272,1.01
28/07/2021,-21100,-518160000,24.6(-0.40 %),100,2450000,21200,520610000,104202372,1.0
29/07/2021,18400,449705000,24.5(-0.41 %),22000,537950000,3600,88245000,104183972,1.01
30/07/2021,2000,49900000,25.2(2.86 %),2000,49900000,0,0,104181972,1.01
02/08/2021,-60500,-1501450000,24.9(-1.19 %),69500,1749515000,130000,3250965000,104353472,0.93
03/08/2021,25200,625090000,25(0.40 %),27000,669690000,1800,44600000,104328272,0.94
04/08/2021,31800,817350000,25.75(3.00 %),31900,819945000,100,2595000,104296472,0.96
05/08/2021,26400,687320000,26.1(1.36 %),26600,692520000,200,5200000,104270072,0.97
06/08/2021,286400,7677880000,26.5(1.53 %),286400,7677880000,0,0,103983672,1.1
09/08/2021,11800,320210000,27.5(3.77 %),11800,320210000,0,0,103971872,1.11
10/08/2021,-36800,-1007315000,27.4(-0.36 %),700,19230000,37500,1026545000,104008672,1.09
11/08/2021,9400,257425000,26.55(-3.10 %),9400,257425000,0,0,103999272,1.1
12/08/2021,35000,965660000,27.4(3.20 %),35000,965660000,0,0,103964272,1.11
13/08/2021,-2200,0,27.75(1.28 %),0,0,2200,0,103966472,1.11
16/08/2021,-4700,-138130000,29(4.50 %),1400,40520000,6100,178650000,103971172,1.11
17/08/2021,-14000,-395875000,28.3(-2.41 %),20000,572010000,34000,967885000,103994472,1.1
18/08/2021,28100,803740000,28.5(0.71 %),28600,817960000,500,14220000,103943072,1.12
19/08/2021,263600,7714160000,29.65(4.04 %),263600,7714160000,0,0,103679472,1.24
20/08/2021,11000,300145000,27.9(-5.90 %),14300,397750000,3300,97605000,103668472,1.25
23/08/2021,-159000,-4313085000,25.95(-6.99 %),166700,4562105000,325700,8875190000,103827472,1.17
24/08/2021,419800,10568175000,25.15(-3.08 %),450900,11363525000,31100,795350000,103407672,1.37
25/08/2021,-3000,-55865000,26.3(4.57 %),18600,487470000,21600,543335000,103410672,1.37
26/08/2021,-33700,-889845000,25.95(-1.33 %),59100,1559525000,92800,2449370000,103444372,1.35
27/08/2021,109400,2923220000,27.2(4.82 %),121200,3225135000,11800,301915000,103334972,1.4
30/08/2021,-412900,-11376095000,27.35(0.55 %),5700,156620000,418600,11532715000,103747872,1.21
31/08/2021,270100,7550890000,28.3(3.47 %),272000,7604000000,1900,53110000,103477772,1.34
01/09/2021,-27300,-772965000,28.55(0.88 %),5500,156780000,32800,929745000,103129872,1.5
06/09/2021,379000,11126495000,29.05(1.75 %),386200,11338795000,7200,212300000,102750872,1.67
07/09/2021,3200,90250000,27.8(-4.30 %),16700,471995000,13500,381745000,102747672,1.67
08/09/2021,-1300,-32115000,27.7(-0.36 %),14400,400600000,15700,432715000,102748972,1.67
09/09/2021,524100,14896390000,28.85(4.15 %),555100,15778620000,31000,882230000,102224872,1.91
10/09/2021,-127000,-3617055000,28.35(-1.73 %),23100,668455000,150100,4285510000,102351872,1.85
13/09/2021,201200,5671405000,28.25(-0.35 %),223100,6283805000,21900,612400000,102150672,1.95
14/09/2021,-148500,-4136725000,27.55(-2.48 %),2000,56000000,150500,4192725000,102299172,1.88
15/09/2021,167900,4647265000,27.7(0.54 %),169900,4702465000,2000,55200000,102131272,1.96
16/09/2021,86700,2433480000,28.05(1.26 %),95000,2666630000,8300,233150000,102044572,2.0
17/09/2021,269200,7842035000,29.1(3.74 %),287400,8372280000,18200,530245000,101775372,2.12
20/09/2021,-91500,-2630970000,28.3(-2.75 %),25700,747920000,117200,3378890000,101866872,2.08
21/09/2021,-31800,-883150000,28.5(0.71 %),1100,30480000,32900,913630000,101898672,2.06
22/09/2021,-171800,-4887760000,28.8(1.05 %),7600,214160000,179400,5101920000,102070472,1.98
23/09/2021,78700,2329925000,29.65(2.95 %),91900,2725565000,13200,395640000,101991772,2.02
24/09/2021,-196900,-5784270000,28.9(-2.53 %),1900,55845000,198800,5840115000,102188672,1.93
27/09/2021,-30000,-848060000,27.5(-4.84 %),17500,498690000,47500,1346750000,102218672,1.92
28/09/2021,19800,534895000,27.85(1.27 %),26500,714120000,6700,179225000,102198872,1.92
29/09/2021,141500,3822825000,27.8(-0.18 %),156100,4223105000,14600,400280000,102057372,1.99
30/09/2021,190400,5342090000,27.85(0.18 %),190400,5342090000,0,0,101866972,2.08
01/10/2021,124700,3471290000,27.5(-1.26 %),643250,16935572500,518550,13464282500,102176462,1.94
04/10/2021,149400,4137025000,27.75(0.91 %),154200,4268215000,4800,131190000,102027062,2.0
05/10/2021,75000,2094355000,28.2(1.62 %),87200,2436510000,12200,342155000,101952062,2.04
06/10/2021,-39800,-1134290000,28.8(2.13 %),8100,230815000,47900,1365105000,101991862,0.0
07/10/2021,248000,7321925000,29.4(2.08 %),264200,7801430000,16200,479505000,101743862,0.0
08/10/2021,1700,44200000,28.6(-2.72 %),88000,2536935000,86300,2492735000,101742162,0.0
11/10/2021,180200,4606116000,28.7(0.35 %),193200,4978501000,13000,372385000,101561962,0.0
12/10/2021,-41600,-1185585000,29.7(3.48 %),5300,157305000,46900,1342890000,101603562,0.0
13/10/2021,167200,5094275000,30.45(2.53 %),167600,5106475000,400,12200000,101436362,0.0
14/10/2021,342400,10488930000,30.4(-0.16 %),346300,10608300000,3900,119370000,101093962,0.0
15/10/2021,40000,1176490000,30.8(1.32 %),215500,6615870000,175500,5439380000,101053962,0.0
18/10/2021,-80800,-2483790000,30.4(-1.30 %),58900,1825815000,139700,4309605000,101134762,0.0
19/10/2021,33000,1014565000,30.55(0.49 %),37000,1136765000,4000,122200000,101101762,0.0
20/10/2021,-25500,-787520000,31.3(2.45 %),4700,144945000,30200,932465000,101127262,0.0
21/10/2021,-165200,-5112760000,31.1(-0.64 %),50900,1580725000,216100,6693485000,101266962,0.0
22/10/2021,-39000,-1246590000,31.95(2.73 %),32500,1040000000,71500,2286590000,101305962,0.0
25/10/2021,40600,1329430000,33(3.29 %),72600,2360265000,32000,1030835000,101265362,0.0
26/10/2021,-24300,-762890000,32.8(-0.61 %),76100,2491095000,100400,3253985000,101289662,0.0
27/10/2021,-230500,-7768230000,33.65(2.59 %),45800,1521795000,276300,9290025000,101520162,0.0
28/10/2021,-71100,-2402285000,33.9(0.74 %),47400,1607150000,118500,4009435000,101591262,2.2
29/10/2021,-98200,-3310545000,33.4(-1.47 %),18400,619490000,116600,3930035000,101689462,2.16
01/11/2021,-12000,-400075000,32.9(-1.50 %),18700,618270000,30700,1018345000,101498962,2.25
02/11/2021,77200,2618040000,35.2(6.99 %),164200,5583485000,87000,2965445000,101421762,2.28
03/11/2021,0,0,32.8(-6.82 %),0,0,0,0,101421762,2.28
04/11/2021,0,0,34(3.66 %),0,0,0,0,101421762,2.28
05/11/2021,-50000,-1720370000,34.4(1.18 %),7900,269405000,57900,1989775000,101471762,0.0
08/11/2021,-88800,-3076250000,35.35(2.76 %),13400,465000000,102200,3541250000,101510562,2.24
09/11/2021,-76000,-2653765000,34.9(-1.27 %),5700,200125000,81700,2853890000,101586562,2.21
10/11/2021,0,0,35.6(2.01 %),0,0,0,0,101586562,0.0
11/11/2021,-22200,-796910000,36.5(2.53 %),37200,1358790000,59400,2155700000,101608762,2.2
12/11/2021,7300,263220000,36(-1.37 %),21300,767065000,14000,503845000,101601462,2.2
15/11/2021,-77600,-2776440000,35(-2.78 %),6400,233600000,84000,3010040000,101679062,2.16
16/11/2021,11400,406030000,33.25(-5.00 %),47100,1605370000,35700,1199340000,101667662,2.17
17/11/2021,135200,4567065000,33.75(1.50 %),137300,4638000000,2100,70935000,101532462,2.23
18/11/2021,4000,132125000,33.65(-0.30 %),10800,364360000,6800,232235000,101528462,2.23
19/11/2021,-42600,-1432160000,31.3(-6.98 %),11900,385750000,54500,1817910000,101571062,2.21
22/11/2021,95700,2869205000,29.15(-6.87 %),157200,4672000000,61500,1802795000,101475362,2.26
23/11/2021,99800,2915205000,30.6(4.97 %),110200,3228880000,10400,313675000,101375562,2.3
24/11/2021,64700,1949240000,30.3(-0.98 %),123400,3749205000,58700,1799965000,101310862,2.33
25/11/2021,-64300,-1924065000,30.5(0.66 %),37200,1150235000,101500,3074300000,101375162,2.3
26/11/2021,-148000,-4517005000,29.9(-1.97 %),5000,153350000,153000,4670355000,101523162,0.0
29/11/2021,300,-35582400,30.2(1.00 %),26300,735369600,26000,770952000,101522862,0.0
30/11/2021,-17500,-552750000,31.35(3.81 %),6900,216100000,24400,768850000,101540662,2.23
01/12/2021,-900,-28225000,31.65(0.96 %),4100,129620000,5000,157845000,101784362,2.12
02/12/2021,19300,604140000,31(-2.05 %),30900,968890000,11600,364750000,101765062,2.12
03/12/2021,-16600,-527850000,29.5(-4.84 %),36400,1114380000,53000,1642230000,101781662,2.12
06/12/2021,40600,1223090000,29.4(-0.34 %),47000,1411370000,6400,188280000,101741062,2.14
07/12/2021,61500,1839620000,30(2.04 %),76100,2272620000,14600,433000000,101679562,2.16
08/12/2021,-56700,-1750870000,30.4(1.33 %),0,0,56700,1750870000,101736262,2.14
09/12/2021,6400,197440000,30.75(1.15 %),6400,197440000,0,0,101729862,0.0
10/12/2021,-29800,-909600000,30.7(-0.16 %),0,0,29800,909600000,101759662,2.13
13/12/2021,103000,3299470000,32.7(6.51 %),123200,3942830000,20200,643360000,101656662,2.17
14/12/2021,-17500,-595400000,32.4(-0.92 %),58500,1907735000,76000,2503135000,101674162,0.0
15/12/2021,-300,-9325000,31.85(-1.70 %),3400,109970000,3700,119295000,101674462,0.0
16/12/2021,105500,3436630000,33(3.61 %),141900,4627030000,36400,1190400000,101568962,0.0
17/12/2021,-33600,-1127290000,32.65(-1.06 %),70000,2321230000,103600,3448520000,101602562,0.0
20/12/2021,79400,2484555000,31.35(-3.98 %),106300,3334335000,26900,849780000,101523162,0.0
21/12/2021,149200,4685905000,31.8(1.44 %),164200,5155890000,15000,469985000,101373962,0.0
22/12/2021,323100,10739155000,33.4(5.03 %),324100,10772305000,1000,33150000,101050862,0.0
23/12/2021,-22300,-710970000,32.85(-1.65 %),55800,1873345000,78100,2584315000,101073162,0.0
24/12/2021,0,0,32.4(-1.52 %),0,0,0,0,101050862,0.0
27/12/2021,-83400,-2663625000,32.05(-1.08 %),56700,1820975000,140100,4484600000,101052782,2.45
28/12/2021,-153500,-4887630000,31.75(-1.09 %),22100,702810000,175600,5590440000,101206282,0.0
29/12/2021,51700,1580775000,30.5(-4.09 %),71800,2204945000,20100,624170000,101110682,2.43
30/12/2021,206900,6322230000,31.15(2.13 %),218600,6679850000,11700,357620000,101067682,2.45
31/12/2021,484400,14982010000,31.3(0.32 %),500500,15481730000,16100,499720000,100587282,2.67
04/01/2022,583700,18637620000,32.1(2.56 %),641600,20471080000,57900,1833460000,99957382,2.96
05/01/2022,-20500,-670235000,32.85(2.34 %),0,0,20500,670235000,99973482,2.95
06/01/2022,144300,4705820000,33.25(1.06 %),205700,6756260000,61400,2050440000,99825682,3.02
07/01/2022,466900,15378965000,32.8(-1.50 %),504100,16608995000,37200,1230030000,99342082,3.24
10/01/2022,234400,7985412600,33.5(2.13 %),273900,9331651600,39500,1346239000,99129582,3.34
11/01/2022,378300,12396535000,33.75(0.75 %),449300,14845195000,71000,2448660000,98717482,3.53
12/01/2022,-125300,-3944505000,32(-5.33 %),21900,706735000,147200,4651240000,98735082,3.52
13/01/2022,514900,16554715000,31.3(-2.19 %),526700,16932485000,11800,377770000,98279382,3.73
14/01/2022,-50100,-1545315000,30.4(-2.88 %),19200,586885000,69300,2132200000,98407382,3.67
17/01/2022,622000,18889660000,28.3(-6.91 %),668400,20316580000,46400,1426920000,97750782,3.97
18/01/2022,1088200,30033285000,27.05(-4.42 %),1088300,30036045000,100,2760000,96731782,4.44
19/01/2022,497500,13968615000,28.2(4.06 %),508000,14260175000,10500,291560000,96270182,4.66
20/01/2022,-12300,-363100000,29.65(2.95 %),15700,464480000,28000,827580000,96254582,4.66
21/01/2022,-268500,-7775820000,28.9(-2.69 %),5700,166195000,274200,7942015000,96259382,4.66
24/01/2022,-33700,-959335000,26.9(-6.92 %),27700,776130000,61400,1735465000,96259682,4.66
25/01/2022,84100,2297500000,27.85(3.53 %),84900,2318860000,800,21360000,96448982,4.57
26/01/2022,499800,13076691500,27.7(-0.72 %),500000,13082252500,200,5561000,96010382,4.78
27/01/2022,-69300,-1909835000,27.05(-2.35 %),10000,273000000,79300,2182835000,96001182,4.78
28/01/2022,421600,11408980000,27.5(1.48 %),494000,13366690000,72400,1957710000,95507382,5.01
07/02/2022,351700,10016660000,28.5(3.64 %),398500,11346850000,46800,1330190000,95188182,5.15
08/02/2022,7100,199370000,28.8(1.05 %),26900,766820000,19800,567450000,95233682,5.13
09/02/2022,386300,11229270000,29.2(1.39 %),386300,11229270000,0,0,94894182,5.29
10/02/2022,-194000,-5586350000,28.65(-1.88 %),11900,345665000,205900,5932015000,94902082,5.29
11/02/2022,-4000,-115955000,28.95(0.87 %),5800,167845000,9800,283800000,94896282,5.29
14/02/2022,3700,106975000,29.1(0.34 %),3700,106975000,0,0,95098482,5.2
15/02/2022,-45400,-1318910000,29.15(0.17 %),0,0,45400,1318910000,95108282,5.19
16/02/2022,13700,406505000,29.8(2.05 %),21000,623075000,7300,216570000,95087282,5.2
17/02/2022,18600,551540000,29.5(-1.01 %),18600,551540000,0,0,95114082,5.19
18/02/2022,-4500,-133420000,29.45(-0.17 %),44800,1312205000,49300,1445625000,95076582,5.21
21/02/2022,20900,626390000,29.8(1.02 %),42300,1259455000,21400,633065000,95034282,5.23
22/02/2022,-52400,-1503215000,28.85(-3.19 %),1800,52640000,54200,1555855000,95081782,5.2
23/02/2022,185200,5416145000,29(0.35 %),185200,5416145000,0,0,94917982,5.28
24/02/2022,391200,11279350000,28.65(-1.21 %),553000,15898535000,161800,4619185000,94419182,5.51
25/02/2022,14200,410930000,28.8(0.35 %),15100,436905000,900,25975000,94404082,5.52
28/02/2022,-1500,-43265000,28.65(-0.52 %),4000,114440000,5500,157705000,94561882,5.44
01/03/2022,89200,2590280000,28.95(0.87 %),89200,2590280000,0,0,94473582,5.48
02/03/2022,-107500,-3106545000,28.75(-0.86 %),21000,609965000,128500,3716510000,94458082,5.49
03/03/2022,-140700,-4030210000,28.9(0.35 %),4000,114980000,144700,4145190000,94454082,5.49
04/03/2022,32800,991070000,30(3.81 %),67500,2032220000,34700,1041150000,94515082,5.46
07/03/2022,-61600,-1878405000,30(0.00 %),57700,1744785000,119300,3623190000,94602082,5.42
08/03/2022,-35800,-1051025000,29.1(-3.00 %),14400,428275000,50200,1479300000,94622382,5.41
09/03/2022,-22900,-647880000,29(-0.34 %),8900,254010000,31800,901890000,94732782,5.36
10/03/2022,-214900,-6197425000,29(0.00 %),36000,1047540000,250900,7244965000,94746982,5.36
11/03/2022,-40200,-1162145000,29(0.00 %),4100,118535000,44300,1280680000,94774682,5.34
14/03/2022,-158400,-4502905000,28(-3.45 %),15200,434955000,173600,4937860000,95010382,5.24
15/03/2022,-7700,-207745000,28.55(1.96 %),31700,896350000,39400,1104095000,95022982,5.23
16/03/2022,3400,97395000,28.5(-0.35 %),3400,97395000,0,0,95193182,5.15
17/03/2022,-65200,-1864600000,28.55(0.18 %),4100,117160000,69300,1981760000,95228482,5.14
18/03/2022,38300,1099985000,28.7(0.35 %),38500,1105705000,200,5720000,95189982,5.15
21/03/2022,-33400,-969760000,29.2(1.74 %),19700,570720000,53100,1540480000,95239582,5.13
22/03/2022,-11800,-345490000,29.15(-0.17 %),0,0,11800,345490000,95239782,5.13
23/03/2022,127400,3708755000,29(-0.68 %),132800,3866130000,5400,157375000,95160082,5.17
24/03/2022,55300,1596030000,30.1(3.79 %),101400,2980460000,46100,1384430000,95070482,5.21
25/03/2022,-21000,-634640000,29.7(-1.33 %),200,6090000,21200,640730000,95075682,5.21
28/03/2022,-128100,-3747175000,29.6(-0.34 %),3800,111900000,131900,3859075000,95117982,5.19
29/03/2022,-68500,-2033465000,29.65(0.17 %),4800,142435000,73300,2175900000,95134382,5.18
30/03/2022,-17500,-504860000,28.8(-3.03 %),24500,719290000,42000,1224150000,95241782,5.13
31/03/2022,-64800,-1863570000,28.6(-0.69 %),7300,210180000,72100,2073750000,95307782,5.1
01/04/2022,3500,100760000,28.85(0.87 %),3500,100760000,0,0,95346282,5.08
04/04/2022,-31600,-913320000,29.05(0.52 %),2500,72320000,34100,985640000,95415882,5.05
05/04/2022,-114100,-3309805000,28.95(-0.52 %),32800,955430000,146900,4265235000,95383102,5.06
06/04/2022,-31100,-895500000,28.7(-1.03 %),9000,258520000,40100,1154020000,95408202,5.05
07/04/2022,-55900,-1594480000,28.5(-0.70 %),11600,333910000,67500,1928390000,95464102,0.0
08/04/2022,17100,483320000,27.2(-4.56 %),17100,483320000,0,0,95566502,4.98
12/04/2022,-59000,-1604505000,26.45(-2.76 %),20100,548580000,79100,2153085000,95625502,0.0
13/04/2022,9500,254335000,27.4(3.40 %),10000,267435000,500,13100000,95613902,4.96
14/04/2022,17300,471840000,27.1(-1.09 %),21300,581080000,4000,109240000,95661702,4.94
15/04/2022,1500,39955000,26.75(-1.29 %),7400,199980000,5900,160025000,95654802,4.94
18/04/2022,-118200,-3104440000,24.9(-7.09 %),16500,412265000,134700,3516705000,95642302,4.94
19/04/2022,737900,18342580000,24(-3.61 %),740100,18397540000,2200,54960000,94908102,5.28
20/04/2022,47000,1076315000,22.35(-6.87 %),51300,1177355000,4300,101040000,95613202,0.0
21/04/2022,1176000,25356050000,21.75(-2.90 %),1291200,27865010000,115200,2508960000,93702502,5.84
22/04/2022,10800,232970000,21.9(0.69 %),11100,239450000,300,6480000,93695702,5.84
25/04/2022,-18300,-414215000,20.4(-6.85 %),14600,303495000,32900,717710000,93796302,5.8
26/04/2022,128700,2559255000,20.6(0.98 %),133200,2650555000,4500,91300000,93663402,5.86
27/04/2022,-13600,-274575000,21.05(2.18 %),21100,437525000,34700,712100000,93675202,5.85
28/04/2022,-113900,-2447000000,21.1(0.00 %),21000,449560000,134900,2896560000,93658702,5.86
29/04/2022,15200,328065000,21.6(2.37 %),15200,328065000,0,0,93678202,5.85
04/05/2022,-37100,-794185000,21.6(0.00 %),8000,170600000,45100,964785000,93805102,5.79
05/05/2022,-142200,-3023740000,21.5(-0.46 %),4700,102325000,146900,3126065000,93947302,0.0
06/05/2022,-7200,-147600000,20.5(-4.65 %),16700,342350000,23900,489950000,93828802,5.78
09/05/2022,-34900,-666590000,19.1(-6.83 %),9800,187180000,44700,853770000,93965902,5.72
10/05/2022,86600,1602100000,18.5(-3.14 %),86600,1602100000,0,0,93903202,5.75
11/05/2022,-7400,-135610000,18.65(0.81 %),11700,218925000,19100,354535000,93910602,0.0
12/05/2022,-27300,-498850000,17.35(-6.97 %),5100,91520000,32400,590370000,93937902,0.0
13/05/2022,52200,871645000,16.15(-6.92 %),52300,873315000,100,1670000,93897902,5.75
16/05/2022,41900,670400000,16(-1.23 %),76100,1217600000,34200,547200000,93854202,5.77
17/05/2022,109500,1872450000,17.1(6.88 %),109500,1872450000,0,0,93744802,5.82
18/05/2022,5300,92750000,17.5(2.34 %),20100,351750000,14800,259000000,93758902,5.81
19/05/2022,-5500,-95425000,17.35(-0.86 %),3200,55520000,8700,150945000,93755702,5.81
20/05/2022,7800,137280000,17.6(1.15 %),7900,139040000,100,1760000,93762602,5.81
23/05/2022,-43400,-757330000,17.45(-0.85 %),4500,78525000,47900,835855000,93766802,5.81
24/05/2022,-33300,-579420000,17.4(-0.57 %),4500,78300000,37800,657720000,93762402,5.81
25/05/2022,29700,539055000,18.15(4.31 %),53300,967395000,23600,428340000,93757002,5.81
26/05/2022,-39300,-723120000,18.4(1.10 %),5000,92000000,44300,815120000,93789802,5.8
27/05/2022,-14100,-265080000,18.8(2.17 %),2500,47000000,16600,312080000,93810902,5.79
30/05/2022,-7600,-146300000,19.25(2.39 %),9000,173250000,16600,319550000,93846202,5.77
31/05/2022,-4800,-95520000,19.9(3.11 %),3100,61690000,7900,157210000,93859702,5.77
01/06/2022,-28300,-587225000,20.75(4.27 %),2100,43575000,30400,630800000,93874202,5.76
02/06/2022,-65900,-1426735000,21.65(4.09 %),8200,177530000,74100,1604265000,93873902,5.76
03/06/2022,-71200,-1484520000,20.85(-3.92 %),12200,254370000,83400,1738890000,93892102,5.75
06/06/2022,1400,27580000,20.6(-1.44 %),6700,139005000,5300,111425000,93959502,5.72
07/06/2022,58100,1167810000,20.1(-2.43 %),58100,1167810000,0,0,93984802,5.71
08/06/2022,84000,1806000000,21.5(6.97 %),87100,1872650000,3100,66650000,93903002,5.75
09/06/2022,-7200,-156600000,21.75(1.16 %),1400,30450000,8600,187050000,93901602,5.75
10/06/2022,-31400,-684520000,21.8(0.00 %),16500,359700000,47900,1044220000,93888202,5.75
13/06/2022,-54000,-1096200000,20.3(-6.88 %),8600,174580000,62600,1270780000,93888202,5.75
14/06/2022,128500,2557150000,19.9(-1.97 %),148800,2961120000,20300,403970000,93787302,5.8
15/06/2022,9800,196980000,20.1(1.01 %),22200,446220000,12400,249240000,93827702,5.78
16/06/2022,-38900,-774110000,19.9(-1.00 %),0,0,38900,774110000,93848002,5.77
17/06/2022,503100,9458280000,18.8(-5.53 %),569000,10697200000,65900,1238920000,93291402,6.03
20/06/2022,36400,659445000,17.5(-6.91 %),45600,821535000,9200,162090000,93284702,6.03
21/06/2022,568400,9975420000,17.55(0.29 %),576700,10121085000,8300,145665000,92773902,6.27
22/06/2022,-64400,-1159200000,18(2.27 %),7700,138600000,72100,1297800000,92775402,6.27
23/06/2022,-1300,-24050000,18.5(2.78 %),4800,88800000,6100,112850000,92778902,6.26
24/06/2022,-10900,-200015000,18.35(-0.81 %),9100,166985000,20000,367000000,92841902,6.23
27/06/2022,6000,104590000,19.2(4.35 %),37300,697770000,31300,593180000,92810702,6.25
28/06/2022,-15700,-304580000,19.4(1.04 %),300,5820000,16000,310400000,92830402,6.24
29/06/2022,-21400,-409415000,19.3(-0.52 %),300,5740000,21700,415155000,92861402,6.23
30/06/2022,-39100,-711620000,18.2(-5.70 %),300,5460000,39400,717080000,92877102,6.22
01/07/2022,-13700,-249340000,18.2(0.00 %),7000,127400000,20700,376740000,92891802,6.21
04/07/2022,-23400,-430035000,18.2(0.00 %),5000,92000000,28400,522035000,92895802,0.0
05/07/2022,-38200,-681870000,17.85(-1.92 %),0,0,38200,681870000,92946902,6.19
06/07/2022,-13900,-243250000,17.5(-2.23 %),900,15750000,14800,259000000,92974402,6.17
07/07/2022,-24700,-431015000,17.45(-0.29 %),0,0,24700,431015000,93012602,6.16
08/07/2022,-7400,-9000000,18.3(4.57 %),11700,79200000,19100,88200000,93020002,6.15
11/07/2022,-500,-9000000,18(-1.64 %),4400,79200000,4900,88200000,93031702,6.15
12/07/2022,-20700,-397440000,19.2(6.67 %),18300,351360000,39000,748800000,93013702,6.16
13/07/2022,6500,122525000,18.85(-1.82 %),6500,122525000,0,0,93012102,6.16
14/07/2022,23800,465290000,19.55(3.44 %),23900,467245000,100,1955000,93027202,6.15
15/07/2022,-300,-5805000,19.35(-1.28 %),11100,214785000,11400,220590000,93016102,6.15
18/07/2022,30700,600185000,19.55(0.77 %),31400,613870000,700,13685000,92984802,6.17
19/07/2022,-5500,-105325000,19.15(-2.30 %),3800,72770000,9300,178095000,92992402,6.17
20/07/2022,27700,548460000,19.8(3.12 %),28300,560340000,600,11880000,92964802,6.18
21/07/2022,-8600,-169850000,19.75(-0.25 %),4700,92825000,13300,262675000,92969402,6.18
22/07/2022,-1300,393960000,19.6(-1.01 %),4800,393960000,6100,0,92949902,6.19
25/07/2022,-19800,-388080000,19.6(0.00 %),4500,88200000,24300,476280000,92958702,6.18
26/07/2022,-445600,-8421840000,18.9(-3.57 %),9000,170100000,454600,8591940000,92949702,6.19
27/07/2022,4800,91440000,19.05(0.79 %),4800,91440000,0,0,92969202,6.18
28/07/2022,-475600,-9416880000,19.8(3.66 %),25400,502920000,501000,9919800000,93398402,5.98
29/07/2022,20700,408825000,19.75(-0.25 %),20700,408825000,0,0,93377702,5.99
01/08/2022,31400,649980000,20.7(4.55 %),51900,1074330000,20500,424350000,93826802,5.78
02/08/2022,-10800,-222480000,20.6(-0.48 %),3600,74160000,14400,296640000,93823202,5.78
03/08/2022,10300,213725000,20.75(0.73 %),29300,607975000,19000,394250000,93814402,5.79
04/08/2022,-51400,-1051130000,20.45(-1.68 %),1700,34765000,53100,1085895000,93827102,5.78
05/08/2022,31300,646345000,20.65(0.73 %),31300,646345000,0,0,93814802,5.79
08/08/2022,5500,113850000,20.7(0.00 %),11700,242190000,6200,128340000,93856202,5.77
09/08/2022,5200,107640000,20.7(0.00 %),6800,140760000,1600,33120000,93849402,5.77
10/08/2022,-800,-17680000,22.1(6.76 %),0,0,800,17680000,93855602,5.77
11/08/2022,-134800,-2958860000,21.95(-0.68 %),2600,57070000,137400,3015930000,93854602,5.77
12/08/2022,-56700,-1301265000,22.95(4.32 %),47600,1092420000,104300,2393685000,93807802,5.79
15/08/2022,-49300,-1168410000,23.7(3.04 %),100,2370000,49400,1170780000,93945102,5.73
16/08/2022,-6700,-160130000,23.9(0.84 %),8600,205540000,15300,365670000,94040802,5.68
17/08/2022,-40200,-932640000,23.2(-2.93 %),4000,92800000,44200,1025440000,94086202,5.66
18/08/2022,93800,2176160000,23.2(0.00 %),93800,2176160000,0,0,94007702,5.7
19/08/2022,18200,425880000,23.4(0.86 %),18300,428220000,100,2340000,94033602,5.69
22/08/2022,-8400,-201600000,24(2.56 %),0,0,8400,201600000,94033602,5.69
23/08/2022,23600,573480000,24.3(1.25 %),25100,609930000,1500,36450000,94008602,5.7
24/08/2022,-104000,-2506400000,24.1(-0.82 %),0,0,104000,2506400000,94017002,5.69
25/08/2022,3000,71100000,23.7(-1.66 %),4100,97170000,1100,26070000,94014402,5.69
26/08/2022,18100,420825000,23.25(-1.90 %),21100,490575000,3000,69750000,94097302,5.66
29/08/2022,74800,1712920000,22.9(-1.72 %),76000,1740400000,1200,27480000,94022402,5.69
30/08/2022,-8000,-181200000,22.65(-1.09 %),17700,400905000,25700,582105000,94007702,5.7
31/08/2022,-2800,-63840000,22.8(0.44 %),0,0,2800,63840000,94008902,5.7
05/09/2022,-60800,-1364960000,22.45(-1.54 %),100,2245000,60900,1367205000,94034502,5.69
06/09/2022,-9100,-204750000,22.5(0.00 %),0,0,9100,204750000,94037302,5.68
07/09/2022,-13300,-279300000,21(-6.67 %),1800,37800000,15100,317100000,94096402,5.66
08/09/2022,91100,1849330000,20.3(-3.33 %),94200,1912260000,3100,62930000,94011302,5.7
09/09/2022,3800,79610000,20.95(3.20 %),4000,83800000,200,4190000,94022402,5.69
12/09/2022,10100,79610000,21.15(0.71 %),12400,83800000,2300,4190000,94013102,5.7
13/09/2022,-15650,79610000,20.9(-1.42 %),2500,83800000,18150,4190000,94010802,5.7
14/09/2022,75200,79610000,20.85(-0.24 %),77600,83800000,2400,4190000,93935502,5.73
15/09/2022,-2500,1567920000,21.35(2.15 %),0,1617960000,2500,50040000,0,5.72
16/09/2022,-43300,-891980000,20.6(-3.74 %),500,10300000,43800,902280000,93955552,5.72
19/09/2022,-54100,-1092820000,20.2(-1.94 %),0,0,54100,1092820000,94009652,5.7
20/09/2022,-8600,-177160000,20.6(1.98 %),1400,28840000,10000,206000000,94000452,5.7
21/09/2022,-3000,-62400000,20.8(0.97 %),0,0,3000,62400000,94054552,5.68
22/09/2022,2400,51000000,21.25(2.16 %),2400,51000000,0,0,94062152,5.67
23/09/2022,-4600,-94760000,20.6(-3.29 %),12400,255440000,17000,350200000,94052752,5.68
26/09/2022,86025,1651680000,19.2(-6.80 %),130600,2507520000,44575,855840000,93922152,5.74
27/09/2022,34200,636120000,18.6(-3.12 %),64700,1203420000,30500,567300000,93874452,5.76
28/09/2022,14000,246400000,17.6(-5.38 %),20400,359040000,6400,112640000,93898627,5.75
29/09/2022,11800,193520000,16.4(-6.82 %),21900,359160000,10100,165640000,93907227,5.74
30/09/2022,77700,1297590000,16.7(1.83 %),127700,2132590000,50000,835000000,93785927,5.8
03/10/2022,-122400,-1903320000,15.55(-6.89 %),19100,297005000,141500,2200325000,93776927,5.8
04/10/2022,146300,2135980000,14.6(-6.41 %),167200,2441120000,20900,305140000,93659727,5.86
05/10/2022,147100,2287405000,15.55(6.51 %),148800,2313840000,1700,26435000,93652427,5.86
06/10/2022,-86870,-1259615000,14.5(-7.05 %),14500,210250000,101370,1469865000,93658827,5.86
07/10/2022,103800,1401300000,13.5(-6.90 %),105100,1418850000,1300,17550000,93555427,5.91
10/10/2022,185600,2598400000,14(3.70 %),205700,2879800000,20100,281400000,93451097,5.95
11/10/2022,-14200,-185310000,13.05(-6.79 %),5000,65250000,19200,250560000,93447397,5.96
12/10/2022,155300,2034430000,13.1(0.00 %),155700,2039670000,400,5240000,93311797,6.02
13/10/2022,90300,1200990000,13.3(1.53 %),90300,1200990000,0,0,93240697,6.05
14/10/2022,65700,932940000,14.2(6.77 %),65700,932940000,0,0,93175397,6.08
17/10/2022,-4700,-69090000,14.7(3.52 %),17500,257250000,22200,326340000,93157897,6.09
18/10/2022,-19400,-285180000,14.7(0.00 %),72800,1070160000,92200,1355340000,93085097,6.12
19/10/2022,-34900,-505810000,14.4(-2.04 %),3300,48510000,38200,554320000,93119997,6.11
20/10/2022,8300,119890000,14(-2.78 %),25000,354615000,16700,234725000,93095697,6.12
21/10/2022,-31100,-409375000,13.05(-6.79 %),8300,110720000,39400,520095000,93202297,6.07
24/10/2022,139000,1744670000,12.15(-7.25 %),169000,2109170000,30000,364500000,93062097,6.13
25/10/2022,183300,2198780000,12.4(1.64 %),183300,2198780000,0,0,92878797,6.22
26/10/2022,-83900,-1037790000,12.15(-2.02 %),2000,24500000,85900,1062290000,92949397,6.19
27/10/2022,155100,1980525000,13(6.56 %),158600,2025435000,3500,44910000,92774297,6.27
28/10/2022,-45320,-595958000,13.15(1.15 %),0,0,45320,595958000,92860197,6.23
31/10/2022,-135000,-1775250000,13.15(-0.38 %),100,1315000,135100,1776565000,92863597,6.22
01/11/2022,66100,879130000,13.3(0.76 %),77700,1033410000,11600,154280000,92831217,6.24
02/11/2022,100,1325000,13.25(-0.38 %),42500,563125000,42400,561800000,92923817,6.2
03/11/2022,6100,80520000,13.2(-0.75 %),8000,105600000,1900,25080000,92927417,6.2
04/11/2022,-144020,-1771446000,12.3(-6.82 %),8900,109470000,152920,1880916000,92960917,6.18
07/11/2022,-96700,-1107215000,11.45(-6.91 %),11000,125950000,107700,1233165000,92951817,6.18
08/11/2022,157400,1762880000,11.2(-2.61 %),158900,1779680000,1500,16800000,92945837,6.19
09/11/2022,17000,193800000,11.4(1.79 %),18100,206340000,1100,12540000,93035437,6.15
10/11/2022,-53300,-567645000,10.65(-6.58 %),1000,10650000,54300,578295000,93035937,6.15
11/11/2022,151970,1506022700,9.91(-7.38 %),157000,1555870000,5030,49847300,92880037,6.22
14/11/2022,273000,2517060000,9.22(-6.87 %),276300,2547486000,3300,30426000,92658037,6.32
15/11/2022,260900,2517685000,9.65(4.89 %),297400,2869910000,36500,352225000,92365667,6.45
16/11/2022,45200,465560000,10.3(6.19 %),77800,801340000,32600,335780000,92291167,6.49
17/11/2022,-118000,-1239000000,10.5(1.94 %),19100,200550000,137100,1439550000,92308567,6.48
18/11/2022,-124500,-1357050000,10.9(3.81 %),28900,315010000,153400,1672060000,92312267,6.48
21/11/2022,-147600,-1616220000,10.95(0.46 %),0,0,147600,1616220000,92449367,6.42
22/11/2022,-11600,-124700000,10.75(-2.27 %),20800,223600000,32400,348300000,92581967,6.35
23/11/2022,-10100,-104535000,10.35(-4.17 %),3800,39330000,13900,143865000,92725767,6.29
24/11/2022,-11500,-119600000,10.4(0.48 %),70500,733200000,82000,852800000,92687667,6.31
25/11/2022,-800,-8880000,11.1(6.73 %),9700,107670000,10500,116550000,92691867,6.3
28/11/2022,0,-8880000,11.85(6.76 %),0,107670000,0,116550000,92691867,6.3
29/11/2022,337400,4268110000,12.65(6.30 %),406800,5146020000,69400,877910000,92354467,6.46
30/11/2022,282700,3788180000,13.4(5.51 %),334800,4486320000,52100,698140000,92071767,6.59
01/12/2022,-213600,-2755440000,12.9(-3.73 %),3700,47730000,217300,2803170000,92039067,6.6
02/12/2022,151000,2053600000,13.6(5.43 %),170400,2317440000,19400,263840000,91888067,6.67
05/12/2022,-185115,-2526819750,13.65(0.37 %),14500,197925000,199615,2724744750,92073182,0.0
06/12/2022,-179700,-2282190000,12.7(-7.30 %),500,6350000,180200,2288540000,92252882,0.0
07/12/2022,-136300,-1635600000,12(-5.51 %),165000,1980000000,301300,3615600000,92389182,6.44
08/12/2022,-152700,-1954560000,12.8(6.67 %),7000,89600000,159700,2044160000,92419682,6.43
09/12/2022,-38500,-508200000,13.2(3.12 %),28300,373560000,66800,881760000,92692682,6.3
12/12/2022,-81600,-1028160000,12.6(-4.55 %),18600,234360000,100200,1262520000,92661982,6.32
13/12/2022,-23500,-305500000,13(3.17 %),28300,367900000,51800,673400000,92685482,6.31
14/12/2022,-79600,-1050720000,13.2(1.54 %),3700,48840000,83300,1099560000,92765082,0.0
15/12/2022,55800,742140000,13.3(0.76 %),63600,845880000,7800,103740000,92709282,0.0
16/12/2022,-4400,-62480000,14.2(6.77 %),22000,312400000,26400,374880000,92713682,6.29
19/12/2022,-8700,-119190000,13.7(-3.52 %),198300,2716710000,207000,2835900000,92722382,6.29
20/12/2022,87700,1118175000,12.75(-6.93 %),96400,1229100000,8700,110925000,92634682,6.33
21/12/2022,-183500,-2321275000,12.65(-1.17 %),24200,306130000,207700,2627405000,92818182,6.25
22/12/2022,-181200,-2346540000,12.95(1.97 %),0,0,181200,2346540000,92999382,6.16
23/12/2022,-51900,-666915000,12.85(-1.15 %),28000,359800000,79900,1026715000,93051282,0.0
26/12/2022,-73300,-879600000,12(-6.98 %),57500,690000000,130800,1569600000,93124582,6.1
27/12/2022,32800,408360000,12.45(3.75 %),43800,545310000,11000,136950000,93091782,6.12
28/12/2022,-122500,-1512875000,12.35(-1.20 %),15400,190190000,137900,1703065000,93214282,6.06
29/12/2022,-53800,-650980000,12.1(-2.42 %),700,8470000,54500,659450000,93414482,5.97
30/12/2022,-49200,-595320000,12.1(0.00 %),10000,121000000,59200,716320000,93542382,5.91
03/01/2023,25500,328950000,12.9(6.61 %),106700,1376430000,81200,1047480000,93435682,5.96
04/01/2023,-57000,-741000000,13(0.78 %),1300,16900000,58300,757900000,93548082,5.91
05/01/2023,4600,60720000,13.2(1.54 %),51000,673200000,46400,612480000,93578282,5.9
06/01/2023,-67100,-862235000,12.85(-2.65 %),0,0,67100,862235000,93636582,5.87
09/01/2023,-50900,-648975000,12.75(-1.16 %),0,0,50900,648975000,93682982,5.85
10/01/2023,21300,279030000,13.1(2.34 %),22800,298680000,1500,19650000,93727282,5.83
11/01/2023,1000,13100000,13.1(0.00 %),1000,13100000,0,0,93777182,5.8
12/01/2023,118700,1566840000,13.2(0.76 %),140000,1848000000,21300,281160000,93638682,5.87
13/01/2023,-6300,-85050000,13.5(2.27 %),30000,405000000,36300,490050000,93608682,5.88
16/01/2023,50000,695000000,13.9(2.96 %),50000,695000000,0,0,93579982,5.89
17/01/2023,-6000,-85800000,14.3(2.88 %),7000,100100000,13000,185900000,93609282,5.88
18/01/2023,35900,509780000,14.2(-0.70 %),35900,509780000,0,0,93573382,5.9
19/01/2023,103000,1478050000,14.35(1.06 %),103000,1478050000,0,0,93483382,5.94
27/01/2023,183400,2640960000,14.4(0.00 %),184800,2661120000,1400,20160000,93298582,6.02
30/01/2023,36500,532900000,14.6(1.39 %),38700,565020000,2200,32120000,93259882,6.04
31/01/2023,34250,506900000,14.8(1.37 %),62500,925000000,28250,418100000,93198782,6.07
01/02/2023,65500,903900000,13.8(-6.76 %),80600,1112280000,15100,208380000,93120382,6.11
02/02/2023,144100,1938145000,13.45(-2.54 %),144300,1940835000,200,2690000,93004332,6.16
03/02/2023,-48652,-569228400,11.7(0.86 %),200,2340000,48852,571568400,93019232,6.15
06/02/2023,-5700,-67830000,11.9(1.71 %),0,0,5700,67830000,93019432,6.15
07/02/2023,19900,231835000,11.65(-2.10 %),31000,361150000,11100,129315000,93037284,6.14
08/02/2023,-29600,-350760000,11.85(1.28 %),2700,31995000,32300,382755000,93040284,6.14
09/02/2023,-49900,-593810000,11.9(0.00 %),0,0,49900,593810000,93051384,6.14
10/02/2023,-98600,-1104320000,11.2(-5.88 %),11000,123200000,109600,1227520000,93072684,6.13
13/02/2023,36700,396360000,10.8(-3.57 %),36700,396360000,0,0,93085884,6.12
14/02/2023,181200,2020380000,11.15(3.24 %),183600,2047140000,2400,26760000,93011884,6.16
15/02/2023,8000,92800000,11.6(3.57 %),13000,150800000,5000,58000000,92998884,6.16
16/02/2023,22400,263200000,11.75(1.29 %),22700,266725000,300,3525000,92978584,6.17
17/02/2023,-2900,-33930000,11.7(-0.85 %),0,0,2900,33930000,92983584,6.17
20/02/2023,-11000,-137500000,12.5(6.84 %),0,0,11000,137500000,92983884,6.17
21/02/2023,76200,1017270000,13.35(6.80 %),99400,1326990000,23200,309720000,92887384,6.21
22/02/2023,1600,21200000,13.25(-1.12 %),47600,630700000,46000,609500000,92850784,6.23
23/02/2023,-7000,-96950000,13.85(4.14 %),225800,3127330000,232800,3224280000,92648184,6.32
24/02/2023,-162998,-2257522300,13.85(-0.36 %),180602,2501337700,343600,4758860000,92811182,5.39
27/02/2023,106200,1369980000,12.9(-7.19 %),123900,1598310000,17700,228330000,92622482,6.34
28/02/2023,-39800,-481580000,12.1(-6.20 %),20300,245630000,60100,727210000,92945782,6.19
01/03/2023,209900,2697215000,12.85(6.20 %),213300,2740905000,3400,43690000,107633144,6.26
02/03/2023,-74300,-917605000,12.35(-4.26 %),4000,49400000,78300,967005000,107689244,6.24
03/03/2023,-56000,-677600000,12.1(-2.42 %),0,0,56000,677600000,107692644,6.24
06/03/2023,157500,2000250000,12.7(4.96 %),189900,2411730000,32400,411480000,107581044,6.28
07/03/2023,-62700,-783750000,12.5(-1.57 %),0,0,62700,783750000,107637044,6.26
08/03/2023,2200,28380000,12.9(3.20 %),9300,119970000,7100,91590000,107660144,6.25
09/03/2023,-106600,-1375140000,12.9(0.00 %),9500,122550000,116100,1497690000,107713344,6.23
10/03/2023,-123700,-1558620000,12.6(-2.33 %),0,0,123700,1558620000,107720444,6.23
13/03/2023,-324500,-4072475000,12.55(-0.40 %),0,0,324500,4072475000,108044944,0.0
14/03/2023,-40700,-494505000,12.15(-3.57 %),0,0,40700,494505000,107960244,6.13
15/03/2023,-37876,-490494200,12.95(6.15 %),11600,150220000,49476,640714200,108273144,6.01
16/03/2023,37200,466860000,12.55(-3.46 %),40000,502000000,2800,35140000,108273844,6.01
17/03/2023,-56956,-720493400,12.65(0.40 %),0,0,56956,720493400,108323320,5.99
20/03/2023,-16200,-197640000,12.2(-3.94 %),10000,122000000,26200,319640000,108316120,5.99
21/03/2023,500,-2257522300,12.4(1.64 %),500,2501337700,0,4758860000,108372576,5.97
22/03/2023,9900,123750000,12.45(0.40 %),9900,123750000,0,0,108362676,0.0
23/03/2023,0,0,12.55(0.40 %),0,0,0,0,108362676,0.0
24/03/2023,24400,312020000,12.75(1.19 %),27600,352820000,3200,40800000,108338276,0.0
27/03/2023,90300,1187445000,13.15(2.73 %),94200,1238730000,3900,51285000,108247976,0.0
28/03/2023,7800,101400000,13(-1.52 %),8300,107900000,500,6500000,108240176,0.0
29/03/2023,4302,56141100,13.05(0.38 %),13002,169676100,8700,113535000,108252959,6.01
30/03/2023,-98800,-1264640000,12.8(-2.29 %),0,0,98800,1264640000,108253459,6.01
31/03/2023,21200,275600000,13(1.56 %),22100,287300000,900,11700000,108240059,6.02
03/04/2023,-119200,-1656880000,13.9(6.92 %),90800,1262120000,210000,2919000000,108248059,6.02
04/04/2023,-22800,-319200000,14(0.72 %),5200,72800000,28000,392000000,108243759,6.02
05/04/2023,-9512,-135070400,14.2(1.43 %),8700,123540000,18212,258610400,108445059,5.94
06/04/2023,-78800,-1087440000,13.8(-2.82 %),20600,284280000,99400,1371720000,108452459,5.93
07/04/2023,81900,1146600000,14(1.45 %),100500,1407000000,18600,260400000,108370171,5.97
10/04/2023,1000,13800000,13.8(-1.43 %),2400,33120000,1400,19320000,108467171,5.93
11/04/2023,5700,79800000,14(1.45 %),11800,165200000,6100,85400000,108473971,5.93
12/04/2023,-10700,-154080000,14.4(2.86 %),14500,208800000,25200,362880000,108460871,5.93
13/04/2023,-166100,-2433365000,14.65(1.74 %),6500,95225000,172600,2528590000,108460471,5.93
14/04/2023,10020,136773000,13.65(-7.14 %),24200,330330000,14180,193557000,108461471,5.93
17/04/2023,38540,508728000,13.2(-3.65 %),77800,1026960000,39260,518232000,108556271,5.89
18/04/2023,40800,556920000,13.65(3.41 %),83700,1142505000,42900,585585000,108486751,5.92
19/04/2023,1300,17290000,13.3(-2.92 %),1300,17290000,0,0,108524711,5.91
20/04/2023,-6400,-85675000,13.35(0.38 %),100,1325000,6500,87000000,108531111,5.9
21/04/2023,-77700,-1010100000,13(-2.99 %),4000,52000000,81700,1062100000,108563511,5.89
24/04/2023,69120,929664000,13.45(3.46 %),74600,1003370000,5480,73706000,108495475,5.92
25/04/2023,1500,19800000,13.2(-2.22 %),4600,60720000,3100,40920000,108572575,5.89
26/04/2023,57500,782000000,13.6(3.03 %),57500,782000000,0,0,108520555,5.91
27/04/2023,-13700,-188515000,13.65(0.37 %),1400,19210000,15100,207725000,108534255,5.9
28/04/2023,-42600,-596365000,13.9(1.83 %),31000,426475000,73600,1022840000,108576855,5.89
04/05/2023,-14600,-202205000,13.75(-1.08 %),25400,353130000,40000,555335000,108491239,5.92
05/05/2023,8300,113880000,13.7(-0.36 %),10800,148095000,2500,34215000,108543739,5.9
08/05/2023,69000,966285000,13.9(1.46 %),69400,971865000,400,5580000,108514339,5.91
09/05/2023,-700,-9705000,13.8(-0.72 %),1600,22695000,2300,32400000,108515239,5.91
10/05/2023,74200,1049980000,14.2(2.90 %),74400,1052820000,200,2840000,108441039,5.94
11/05/2023,-40000,-575335000,14.2(0.00 %),21600,309930000,61600,885265000,108421939,5.95
12/05/2023,-7300,-103690000,14.3(0.70 %),1300,18430000,8600,122120000,108420839,5.95
15/05/2023,-72200,-1022160000,13.75(-3.85 %),12300,173140000,84500,1195300000,108493039,5.92
16/05/2023,34200,474360000,13.8(0.36 %),34200,474360000,0,0,108458839,5.93
17/05/2023,14800,204300000,13.7(-0.72 %),14800,204300000,0,0,108444039,5.94
18/05/2023,43700,602575000,13.8(0.73 %),43700,602575000,0,0,108400339,5.96
19/05/2023,-20100,-277330000,13.95(1.09 %),2300,31790000,22400,309120000,108420439,5.95
22/05/2023,23200,327645000,14.2(1.79 %),24900,351530000,1700,23885000,108397239,5.96
23/05/2023,4200,60380000,14.1(-0.70 %),32900,466260000,28700,405880000,108393039,5.96
24/05/2023,2100,29780000,14.15(0.35 %),17300,245795000,15200,216015000,108390939,5.96
25/05/2023,-46600,-667500000,14.3(1.06 %),14800,210515000,61400,878015000,108437539,5.94
26/05/2023,-1300,-18865000,14.3(0.00 %),3200,45710000,4500,64575000,108438839,5.94
29/05/2023,-31700,-463370000,14.6(2.10 %),53800,789280000,85500,1252650000,108470539,5.93
30/05/2023,50000,729310000,14.65(0.34 %),66100,966785000,16100,237475000,108420539,5.95
31/05/2023,56300,824805000,14.7(0.34 %),59300,869050000,3000,44245000,108364239,5.97
01/06/2023,43900,641260000,14.6(-0.68 %),44300,647100000,400,5840000,108415399,5.95
02/06/2023,7600,111330000,14.7(0.68 %),23900,352480000,16300,241150000,108407799,5.95
05/06/2023,9900,144310000,14.5(-1.36 %),15100,220500000,5200,76190000,108397899,5.96
06/06/2023,4500,64975000,14.6(0.69 %),4700,67915000,200,2940000,108393399,5.96
07/06/2023,70200,1056450000,15.2(4.11 %),70200,1056450000,0,0,108323199,5.99
08/06/2023,7100,109615000,14.65(-3.62 %),16500,251975000,9400,142360000,108316099,5.99
09/06/2023,-13300,-194850000,14.6(-0.34 %),2300,33270000,15600,228120000,108329399,5.98
12/06/2023,-53200,-771595000,14.6(0.00 %),0,0,53200,771595000,108382599,5.96
13/06/2023,-18900,-280960000,14.8(1.37 %),400,5840000,19300,286800000,108401499,5.95
14/06/2023,-28500,-418110000,14.45(-2.36 %),2000,29450000,30500,447560000,108429999,5.94
15/06/2023,-35800,-532200000,14.7(1.73 %),4500,66590000,40300,598790000,108465799,5.93
16/06/2023,-14000,-209175000,14.7(0.00 %),1000,15000000,15000,224175000,108399699,5.96
19/06/2023,30000,443825000,14.75(0.34 %),30000,443825000,0,0,108409979,5.95
20/06/2023,51500,769570000,15.1(2.03 %),59600,890970000,8100,121400000,108358479,5.97
21/06/2023,118200,1791770000,15.3(1.32 %),118200,1791770000,0,0,108247179,6.02
22/06/2023,118300,1845890000,15.6(1.96 %),118300,1845890000,0,0,108128879,6.06
23/06/2023,261300,4075175000,15.65(0.32 %),261600,4079840000,300,4665000,107867579,6.17
26/06/2023,-17800,-261440000,15.8(0.64 %),105100,1636270000,122900,1897710000,107770279,6.21
27/06/2023,8300,130860000,15.8(0.00 %),48300,762860000,40000,632000000,107761979,6.21
28/06/2023,158600,2500820000,15.75(-0.32 %),158600,2500820000,0,0,107603379,6.27
29/06/2023,77900,1129895000,14.3(0.00 %),124200,1799105000,46300,669210000,107525479,6.3
30/06/2023,144100,2023780000,13.95(-2.45 %),144100,2023780000,0,0,107381379,6.36
03/07/2023,83000,1159045000,14(0.00 %),89000,1243345000,6000,84300000,107458139,6.33
04/07/2023,64500,905350000,14.15(1.07 %),82300,1156435000,17800,251085000,107393639,6.36
05/07/2023,-15800,-224605000,14.1(-0.70 %),3200,45500000,19000,270105000,107409439,6.35
06/07/2023,-13100,-182420000,13.95(-1.06 %),14100,197945000,27200,380365000,107339625,6.38
07/07/2023,5000,69545000,14.1(0.71 %),6400,88955000,1400,19410000,107352225,6.37
10/07/2023,-10100,-144975000,14.3(1.42 %),4700,67215000,14800,212190000,107362325,6.37
11/07/2023,-3500,-50410000,14.25(-0.35 %),10400,149050000,13900,199460000,107365825,6.37
12/07/2023,-179500,-2538215000,14.25(-0.35 %),29800,423910000,209300,2962125000,107545325,6.29
13/07/2023,33100,488445000,14.7(2.80 %),39700,585575000,6600,97130000,107512225,6.31
14/07/2023,-34700,-501535000,14.6(-0.68 %),15400,225170000,50100,726705000,107518775,6.31
17/07/2023,10900,161865000,14.7(0.68 %),10900,161865000,0,0,107507875,6.31
18/07/2023,7800,114755000,14.8(0.68 %),14700,217045000,6900,102290000,107500075,6.31
19/07/2023,54400,808310000,14.6(-1.35 %),86600,1284805000,32200,476495000,107463225,6.33
20/07/2023,82400,1205345000,14.7(0.68 %),84400,1234735000,2000,29390000,107380825,6.36
21/07/2023,47400,701520000,14.85(1.02 %),47400,701520000,0,0,107333425,6.38
24/07/2023,46500,698080000,15.05(1.01 %),48700,731065000,2200,32985000,107323825,6.38
25/07/2023,89200,1334220000,14.95(-0.99 %),89800,1343250000,600,9030000,107234025,6.42
26/07/2023,30100,448190000,14.9(-0.33 %),31000,461600000,900,13410000,107203925,6.43
27/07/2023,6900,104255000,15(0.67 %),32700,490330000,25800,386075000,107197025,6.43
28/07/2023,-33100,-512390000,16.05(7.00 %),0,0,33100,512390000,107230125,6.42
31/07/2023,47600,779890000,16.25(0.93 %),48100,788080000,500,8190000,107182525,6.44
01/08/2023,-3100,-48335000,15.7(-3.68 %),2800,44955000,5900,93290000,107151775,6.45
02/08/2023,-350700,-5980075000,16.75(6.69 %),172600,2766460000,523300,8746535000,107502475,6.31
03/08/2023,-532600,-9010710000,16.95(0.89 %),19400,328210000,552000,9338920000,108035075,6.1
04/08/2023,-435200,-7394085000,17.05(0.59 %),120000,2046205000,555200,9440290000,107399835,6.35
07/08/2023,-584500,-9978155000,17(-0.29 %),74000,1285885000,658500,11264040000,107984335,6.12
08/08/2023,-28700,-482380000,16.8(-1.18 %),700,11775000,29400,494155000,108013035,6.11
09/08/2023,14700,250415000,16.65(-0.89 %),67300,1125250000,52600,874835000,107998335,6.12
10/08/2023,-84800,-1406805000,16.35(-1.80 %),4800,79545000,89600,1486350000,108083135,6.08
11/08/2023,51400,841710000,16.45(0.61 %),52500,859730000,1100,18020000,108031735,6.1
14/08/2023,5200,87860000,16.85(2.12 %),27900,472135000,22700,384275000,109109859,5.67
15/08/2023,-9700,-164015000,16.7(-1.18 %),10000,167500000,19700,331515000,109100959,5.68
16/08/2023,-79200,-1314160000,16.5(-1.20 %),22000,366400000,101200,1680560000,109101659,5.68
17/08/2023,-108400,-1800495000,16.45(-0.30 %),3200,53305000,111600,1853800000,109210059,5.63
18/08/2023,-106800,-1707750000,15.3(-7.27 %),0,0,106800,1707750000,109219387,5.63
21/08/2023,143000,2131780000,14.9(-2.61 %),246000,3657170000,103000,1525390000,109084987,5.68
22/08/2023,82100,1216005000,15.1(1.34 %),85300,1264415000,3200,48410000,109106487,5.67
23/08/2023,-17500,-266505000,15.05(-0.33 %),2000,30500000,19500,297005000,109207487,5.63
24/08/2023,-31400,-475435000,15.7(4.32 %),8000,122800000,39400,598235000,109238887,5.62
25/08/2023,-50000,-772450000,15.5(-1.27 %),35000,547720000,85000,1320170000,109187204,5.64
28/08/2023,-15100,-236680000,16.1(3.87 %),14600,227010000,29700,463690000,109202304,5.64
29/08/2023,-45000,-722855000,16.15(0.31 %),15500,252925000,60500,975780000,109281504,5.61
30/08/2023,-15800,-255820000,16.1(-0.31 %),0,0,15800,255820000,109297304,5.6
31/08/2023,158000,2587240000,16.45(2.17 %),167200,2738170000,9200,150930000,109204504,5.64
05/09/2023,-219500,-3621960000,16.4(-0.30 %),2600,42655000,222100,3664615000,109217664,5.63
06/09/2023,56500,932090000,16.6(1.22 %),77800,1279280000,21300,347190000,109161164,5.65
07/09/2023,-56200,-944180000,16.85(1.51 %),9400,158500000,65600,1102680000,109361904,5.57
08/09/2023,-69600,-1172555000,16.7(-0.89 %),0,0,69600,1172555000,109383204,5.57
11/09/2023,-139400,-2297050000,16.05(-3.89 %),2100,34125000,141500,2331175000,109446674,5.54
12/09/2023,32800,531750000,16.4(2.18 %),36300,587750000,3500,56000000,109479992,5.53
13/09/2023,-69000,-1134175000,16.35(-0.30 %),2000,33000000,71000,1167175000,109619492,5.47
14/09/2023,1500,23845000,16(-2.14 %),6000,96350000,4500,72505000,109616992,5.47
15/09/2023,-7800,-124935000,16(0.00 %),15000,239500000,22800,364435000,109672992,5.45
18/09/2023,0,0,15.85(-0.94 %),0,0,0,0,109672992,5.45
19/09/2023,-3600,-59800000,15.8(-0.32 %),9600,150240000,13200,210040000,109659692,5.46
20/09/2023,38700,627245000,16.2(2.53 %),41800,677160000,3100,49915000,109620992,5.47
21/09/2023,-4100,-67725000,16.3(0.62 %),5000,81250000,9100,148975000,109625092,5.47
22/09/2023,23800,373965000,15.6(-4.29 %),45000,710750000,21200,336785000,109593702,5.48
25/09/2023,-67500,-1039615000,14.55(-6.73 %),7000,105350000,74500,1144965000,109595772,5.48
26/09/2023,610300,8831305000,14.4(-1.03 %),610300,8831305000,0,0,109006642,5.71
27/09/2023,-9400,-128580000,14.7(2.08 %),22900,330355000,32300,458935000,109016042,5.71
28/09/2023,20000,294265000,14.65(-0.34 %),20000,294265000,0,0,108996042,5.72
29/09/2023,-79700,-1170640000,14.55(-0.68 %),13600,199905000,93300,1370545000,109056812,5.69
02/10/2023,-11900,-170465000,14.5(-0.34 %),100,1435000,12000,171900000,109056712,5.69
03/10/2023,526100,7303055000,13.55(-6.55 %),526100,7303055000,0,0,108623872,5.87
04/10/2023,82000,1127705000,13.85(2.21 %),112800,1537765000,30800,410060000,108541872,5.9
05/10/2023,496700,6948750000,14(1.08 %),499700,6990100000,3000,41350000,108023282,6.11
06/10/2023,9100,128355000,14.05(0.36 %),24300,339335000,15200,210980000,108014182,6.11
09/10/2023,-46700,-658570000,14.1(0.36 %),5000,70580000,51700,729150000,108060882,6.09
10/10/2023,-22500,-320945000,14.35(1.77 %),6100,88095000,28600,409040000,108036882,6.1
11/10/2023,-11400,-163565000,14.4(0.35 %),16000,230065000,27400,393630000,108072582,6.09
12/10/2023,-104700,-1521150000,14.35(-0.35 %),0,0,104700,1521150000,108101182,6.07
13/10/2023,161500,2284390000,14.35(0.00 %),234400,3305925000,72900,1021535000,107894182,6.16
16/10/2023,-3800,-52855000,14.05(-2.09 %),6100,87230000,9900,140085000,107992762,6.12
17/10/2023,-73400,-1037920000,13.8(-1.78 %),26600,367080000,100000,1405000000,108039062,6.1
18/10/2023,-21400,-295585000,13.35(-3.26 %),7000,95250000,28400,390835000,108041962,6.1
19/10/2023,-10400,-140435000,12.95(-3.00 %),15000,194790000,25400,335225000,108126932,6.06
20/10/2023,-44300,-570715000,13.5(4.25 %),23600,304575000,67900,875290000,108131709,6.06
23/10/2023,-255900,-3441570000,13.5(0.00 %),5600,75880000,261500,3517450000,108151509,6.05
24/10/2023,14200,190620000,13.65(1.11 %),23600,318460000,9400,127840000,108137309,6.06
25/10/2023,-48800,-670200000,13.6(-0.37 %),0,0,48800,670200000,108195809,6.04
26/10/2023,-8400,-106790000,12.65(-6.99 %),7300,94875000,15700,201665000,108459409,5.93
27/10/2023,-5500,-69760000,12.8(1.19 %),11600,145320000,17100,215080000,108496609,5.92
30/10/2023,-1400,-17490000,12.3(-3.91 %),1000,12510000,2400,30000000,108511309,5.91
31/10/2023,92100,1107000000,11.5(-6.50 %),93400,1122225000,1300,15225000,108435009,5.94
01/11/2023,160500,1835380000,12(4.35 %),160500,1835380000,0,0,108276909,6.0
02/11/2023,42200,518550000,12.8(6.67 %),42200,518550000,0,0,108234709,6.02
03/11/2023,-19700,-253460000,12.65(-1.17 %),27500,348930000,47200,602390000,108254409,6.01
06/11/2023,-14000,-177885000,12.7(0.40 %),7900,100530000,21900,278415000,108268409,6.01
07/11/2023,-1600,-19315000,12.55(-1.18 %),25500,324080000,27100,343395000,108270009,6.01
08/11/2023,-8700,-105520000,13.4(6.77 %),47100,608290000,55800,713810000,108197109,6.04
09/11/2023,-11200,-153005000,13.6(1.49 %),38200,523890000,49400,676895000,108186009,6.04
10/11/2023,38700,522720000,13.75(1.10 %),41300,558100000,2600,35380000,108200509,6.03
13/11/2023,-123600,-1695470000,13.5(-1.82 %),0,0,123600,1695470000,108249909,6.02
14/11/2023,-19900,-274065000,13.55(0.37 %),16100,217360000,36000,491425000,108344009,5.98
15/11/2023,-39500,-545855000,13.65(0.74 %),2200,30370000,41700,576225000,108383509,5.96
16/11/2023,0,0,13.9(1.83 %),0,0,0,0,108383509,5.96
17/11/2023,-27100,-376920000,13.7(-1.44 %),16200,225640000,43300,602560000,108370509,5.97
20/11/2023,33700,459110000,13.7(0.00 %),33700,459110000,0,0,108350509,5.98
21/11/2023,-14300,-198055000,13.75(0.36 %),0,0,14300,198055000,108393809,5.96
22/11/2023,-30800,-427115000,13.95(1.45 %),7000,97650000,37800,524765000,108386809,5.96
23/11/2023,-32800,-459850000,13.6(-2.51 %),5100,72110000,37900,531960000,108419609,5.95
24/11/2023,-13800,-186665000,13.6(0.00 %),0,0,13800,186665000,108433409,5.94
27/11/2023,1100,14740000,13.3(-2.21 %),1100,14740000,0,0,108432309,5.94
28/11/2023,25800,340055000,13.3(0.00 %),25800,340055000,0,0,108406509,5.95
29/11/2023,0,0,13.45(1.13 %),0,0,0,0,108406509,5.95
30/11/2023,-31300,-416125000,13.35(-0.74 %),12300,166050000,43600,582175000,108437809,5.94
01/12/2023,-70500,-943885000,13.55(1.50 %),10000,134000000,80500,1077885000,108446309,5.94
04/12/2023,16900,233910000,13.9(2.58 %),26600,369665000,9700,135755000,108429409,5.94
05/12/2023,-3000,-47680000,14.85(6.83 %),14000,197350000,17000,245030000,108432409,5.94
06/12/2023,400,5980000,14.9(0.34 %),500,7475000,100,1495000,108432009,5.94
07/12/2023,-25000,-368940000,14.5(-2.68 %),1600,23315000,26600,392255000,108457009,5.93
08/12/2023,-2200,-34580000,14.4(-0.69 %),10000,145500000,12200,180080000,108459209,5.93
11/12/2023,0,0,14.6(1.39 %),0,0,0,0,108459209,5.93
12/12/2023,100,1450000,14.6(0.00 %),100,1450000,0,0,108459109,5.93
13/12/2023,-38800,-562650000,14.2(-2.74 %),400,5840000,39200,568490000,108497909,5.92
14/12/2023,3600,51025000,14.2(0.00 %),13600,194525000,10000,143500000,108494309,5.92
15/12/2023,69600,984125000,14.05(-1.06 %),69600,984125000,0,0,108424709,5.95
18/12/2023,14000,195735000,13.6(-3.20 %),16900,235755000,2900,40020000,108410709,5.95
19/12/2023,10000,136500000,13.7(0.74 %),10000,136500000,0,0,108400709,5.96
20/12/2023,-4800,-65760000,13.85(1.09 %),100,1370000,4900,67130000,108405509,5.95
21/12/2023,-26700,-368330000,13.8(-0.36 %),0,0,26700,368330000,108432209,5.94
22/12/2023,-16800,-233305000,13.9(0.72 %),0,0,16800,233305000,108449009,5.94
25/12/2023,19000,265700000,14.05(1.08 %),19500,272700000,500,7000000,108430009,5.94
26/12/2023,-18300,-257115000,14.15(0.71 %),0,0,18300,257115000,108448309,5.94
27/12/2023,-7700,-108915000,14(-1.06 %),2200,31180000,9900,140095000,108456009,5.93
28/12/2023,-19800,-276380000,13.95(-0.36 %),0,0,19800,276380000,108475809,5.93
29/12/2023,24400,344120000,13.95(0.00 %),28000,394700000,3600,50580000,108451409,5.94
02/01/2024,-10000,-139520000,13.9(-0.36 %),0,0,10000,139520000,108562184,5.89
03/01/2024,44100,624645000,14.25(2.52 %),44100,624645000,0,0,108498287,5.92
04/01/2024,32200,460000000,14.3(0.35 %),32200,460000000,0,0,108466087,5.93
05/01/2024,-2000,-28700000,14.35(0.35 %),0,0,2000,28700000,108468087,5.93
08/01/2024,-33800,-486725000,14.4(0.35 %),100,1445000,33900,488170000,108501887,5.92
09/01/2024,-30200,-432740000,14.3(-0.69 %),100,1440000,30300,434180000,108501208,5.92
10/01/2024,-17000,-239045000,14(-2.10 %),1400,19945000,18400,258990000,108533704,5.9
11/01/2024,508500,7224860000,14.3(2.14 %),513500,7296135000,5000,71275000,108050504,6.09
12/01/2024,513000,7269315000,14.05(-1.75 %),513000,7269315000,0,0,107527587,6.3
15/01/2024,500,7025000,13.9(-1.07 %),500,7025000,0,0,107560408,6.29
16/01/2024,502000,7102470000,14.3(2.88 %),502000,7102470000,0,0,107058408,6.49
17/01/2024,27600,395530000,14.3(0.00 %),29100,417080000,1500,21550000,107029304,6.5
18/01/2024,186600,2699305000,14.55(1.75 %),191700,2773405000,5100,74100000,106810887,6.59
19/01/2024,-21300,-309050000,14.55(0.00 %),200,2910000,21500,311960000,106832187,6.58
22/01/2024,1000,13950000,14.5(-0.34 %),4000,57600000,3000,43650000,106831187,6.58
23/01/2024,-5900,-85700000,14.75(1.72 %),18100,267800000,24000,353500000,106837087,6.58
24/01/2024,-900,-13650000,14.5(-1.69 %),4000,58550000,4900,72200000,106837987,6.58
25/01/2024,3700,53825000,14.5(0.00 %),10200,148600000,6500,94775000,106834287,6.58
26/01/2024,3000,43800000,14.6(0.69 %),3000,43800000,0,0,106831287,6.58
29/01/2024,5700,82935000,14.5(-0.68 %),5700,82935000,0,0,106858944,6.57
30/01/2024,803200,12001865000,15.2(4.83 %),806300,12048375000,3100,46510000,106052648,6.89
31/01/2024,115300,1741765000,14.95(-1.64 %),167500,2532755000,52200,790990000,105885144,6.95
01/02/2024,10800,175725000,15.5(3.68 %),77500,1181465000,66700,1005740000,105885147,6.95
02/02/2024,-584500,-9015325000,15.25(-1.61 %),9400,144360000,593900,9159685000,105810848,6.98
05/02/2024,-342800,-5264125000,15.4(0.98 %),20900,320840000,363700,5584965000,106734947,6.62
06/02/2024,-129400,-1995550000,15.4(0.00 %),2100,32655000,131500,2028205000,106491248,6.71
07/02/2024,-3700,-57170000,15.4(0.00 %),100,1540000,3800,58710000,106854848,6.57
15/02/2024,133900,2075055000,15.3(-0.65 %),134900,2090705000,1000,15650000,106851456,6.57
16/02/2024,44100,679360000,15.25(-0.33 %),69100,1061860000,25000,382500000,106786152,6.6
19/02/2024,-111900,-1672720000,15.1(-0.98 %),11100,166130000,123000,1838850000,106776048,6.6
20/02/2024,-23500,-349040000,14.9(-1.32 %),28400,427555000,51900,776595000,106772656,6.6
21/02/2024,588116,9005215000,15.4(3.36 %),608300,9310155000,20184,304940000,106287352,6.79
22/02/2024,49005,775114750,15.2(-1.30 %),201400,3112475000,152395,2337360250,106287352,6.79
23/02/2024,-200600,-3000630000,14.65(-3.62 %),6700,101155000,207300,3101785000,106388926,6.75
26/02/2024,-457000,-6175040000,13.5(3.05 %),126800,1723685000,583800,7898725000,106176928,6.84
27/02/2024,410400,5751985000,14.4(6.67 %),673700,9392365000,263300,3640380000,106435526,6.74
28/02/2024,224500,3257040000,14.7(2.08 %),235200,3414130000,10700,157090000,106211026,6.82
29/02/2024,155200,2251605000,14.75(0.34 %),225200,3272265000,70000,1020660000,106097232,6.87
01/03/2024,-859600,-12878090000,15.2(3.05 %),110300,1647475000,969900,14525565000,105986931,6.91
04/03/2024,-862200,-13033245000,14.9(-1.97 %),5000,75525000,867200,13108770000,106849131,6.57
05/03/2024,-616000,-9301520000,15.3(2.68 %),111100,1694125000,727100,10995645000,106921432,6.54
06/03/2024,-364200,-5496445000,14.9(-2.61 %),27100,410770000,391300,5907215000,107829331,6.18
07/03/2024,-401300,-6021125000,15(0.00 %),14000,208415000,415300,6229540000,108230631,6.02
08/03/2024,-347550,-5335535350,15.4(2.67 %),307900,4715295000,655450,10050830350,108578181,5.88
11/03/2024,-16900,-260260000,14.95(-2.92 %),0,0,16900,260260000,108595081,5.88
12/03/2024,4100,59050000,14.9(-0.33 %),15900,235515000,11800,176465000,109823984,5.39
13/03/2024,-397500,-5994075000,15.5(4.03 %),165000,2509190000,562500,8503265000,109675881,5.45
14/03/2024,802200,13292515000,16.55(6.77 %),1521200,24881500000,719000,11588985000,108873681,5.77
15/03/2024,-361400,-5871640000,16.35(-1.21 %),202300,3297145000,563700,9168785000,109235081,5.62
18/03/2024,-107800,-2001515000,15.7(-3.98 %),488000,7517790000,595800,9519305000,108757680,5.81
19/03/2024,-397300,-6188830000,15.4(-1.91 %),91500,1409475000,488800,7598305000,109229880,5.63
20/03/2024,-122100,-1906495000,15.6(1.30 %),405000,6267375000,527100,8173870000,109862281,5.37
21/03/2024,-1095300,-17395955000,15.8(1.28 %),100,1585000,1095400,17397540000,110957581,4.94
22/03/2024,-274100,-4320260000,15.7(-0.63 %),6300,98605000,280400,4418865000,111231681,4.83
25/03/2024,-280300,-4399575000,15.55(-0.96 %),4600,71540000,284900,4471115000,111521136,4.72
26/03/2024,-27800,-435220000,15.85(1.93 %),7100,111935000,34900,547155000,111143581,4.87
27/03/2024,2800,44370000,15.8(-0.32 %),2800,44370000,0,0,112076584,4.5
28/03/2024,-18000,-388635000,16.05(1.58 %),497200,8000955000,515200,8389590000,111614280,4.68
29/03/2024,-2900,-45145000,15.8(-1.56 %),4100,65805000,7000,110950000,111610184,4.68
01/04/2024,-220000,-3519900000,16.05(1.58 %),22700,363200000,242700,3883100000,112102680,4.49
02/04/2024,-163900,-2597560000,15.95(-0.62 %),23500,372195000,187400,2969755000,111774081,4.62
03/04/2024,-88400,-1449625000,15.85(-0.63 %),18600,298740000,107000,1748365000,112310280,4.4
04/04/2024,-600,-9450000,15.5(-2.21 %),6400,100450000,7000,109900000,111863081,4.58
05/04/2024,-301000,-4589600000,14.9(-3.87 %),89500,1367075000,390500,5956675000,112508784,4.32
08/04/2024,513300,7559200000,14.6(-2.01 %),535300,7887715000,22000,328515000,111650781,4.66
09/04/2024,249900,3681410000,14.8(1.37 %),250100,3684370000,200,2960000,111400881,4.76
10/04/2024,19600,289840000,14.8(0.00 %),26700,395155000,7100,105315000,111381281,4.77
11/04/2024,-559900,-8085650000,14.6(-1.35 %),12100,173930000,572000,8259580000,112104280,4.48
12/04/2024,-62200,-910645000,14.7(0.68 %),5400,78580000,67600,989225000,112105984,4.48
15/04/2024,454700,6176395000,13.7(-6.80 %),611600,8444120000,156900,2267725000,111548681,4.71
16/04/2024,1040100,14158070000,14(2.19 %),1111200,15124605000,71100,966535000,110508581,5.12
17/04/2024,-82400,-1140600000,13.55(-3.21 %),30600,426785000,113000,1567385000,111631081,4.67
19/04/2024,540800,7295340000,13.55(0.00 %),585100,7892225000,44300,596885000,111090281,4.89
22/04/2024,-232300,-3178535000,13.55(0.00 %),10000,136000000,242300,3314535000,110738112,5.03
23/04/2024,331400,4553090000,13.7(1.11 %),374100,5134190000,42700,581100000,110408300,5.16
24/04/2024,96400,1369785000,14.15(3.28 %),170400,2402500000,74000,1032715000,110894781,4.96
25/04/2024,-75500,-1044780000,13.9(-1.77 %),19300,270100000,94800,1314880000,110970281,29.43
26/04/2024,-31900,-440050000,13.8(-0.72 %),12000,166100000,43900,606150000,164862700,5.36
02/05/2024,-226200,-3094825000,13.7(-0.72 %),7500,103500000,233700,3198325000,164950000,5.33
03/05/2024,-171700,-2349695000,13.55(-1.09 %),31200,424085000,202900,2773780000,164962700,5.33
06/05/2024,265300,3659510000,13.95(2.95 %),268300,3700310000,3000,40800000,164928100,5.34
07/05/2024,-300,-4200000,13.95(0.00 %),0,0,300,4200000,165130992,5.29
08/05/2024,-86200,-1247890000,14.25(2.15 %),63300,887925000,149500,2135815000,165070700,5.3
09/05/2024,-237200,-3380355000,14(-1.75 %),1300,18330000,238500,3398685000,165069700,5.3
10/05/2024,-26300,-370090000,14.05(0.36 %),15900,222995000,42200,593085000,165203300,5.27
13/05/2024,-81900,-1140415000,13.8(-1.78 %),6200,86040000,88100,1226455000,165435600,5.2
14/05/2024,-41300,-577565000,13.85(0.36 %),0,0,41300,577565000,165242298,7.88
15/05/2024,29400,408055000,13.95(0.72 %),44800,620480000,15400,212425000,165212898,7.9
16/05/2024,60600,837790000,14.2(1.79 %),193100,2740335000,132500,1902545000,165152298,7.92
17/05/2024,-77100,-1105740000,14.5(2.11 %),72100,1041845000,149200,2147585000,165312592,5.24
20/05/2024,-229200,-3445605000,15.1(4.14 %),143500,2133675000,372700,5579280000,165301600,5.24
21/05/2024,-155000,-2336850000,15.1(0.00 %),78800,1182030000,233800,3518880000,165372000,5.22
22/05/2024,24900,371905000,15(-0.66 %),94100,1436910000,69200,1065005000,165650600,5.15
23/05/2024,25800,384860000,15(0.00 %),44000,658010000,18200,273150000,165840448,5.1
24/05/2024,-116700,-1793405000,14.6(-2.67 %),109800,1631680000,226500,3425085000,165740198,7.69
27/05/2024,136300,1979565000,14.65(0.34 %),137000,1989680000,700,10115000,165681088,5.14
28/05/2024,-16000,-243450000,14.95(2.05 %),40800,602650000,56800,846100000,165866784,5.09
29/05/2024,-10600,-153190000,14.8(-1.00 %),65100,977165000,75700,1130355000,165802384,5.11
30/05/2024,-82800,-1234110000,14.75(-0.34 %),6600,96805000,89400,1330915000,165852592,5.09
31/05/2024,-14100,-201150000,14.75(0.00 %),92600,1371480000,106700,1572630000,165835680,5.1
03/06/2024,-433100,-6887345000,15.75(6.78 %),223200,3408190000,656300,10295535000,165835686,7.65
04/06/2024,-551900,-8674510000,15.55(-1.27 %),42700,667975000,594600,9342485000,166387586,7.43
05/06/2024,-569300,-9099225000,15.9(2.25 %),10000,161000000,579300,9260225000,166956886,7.2
06/06/2024,-229300,-3678520000,16.3(2.52 %),1400,22400000,230700,3700920000,167005386,4.79
07/06/2024,-58200,-953235000,16.3(0.00 %),500,8175000,58700,961410000,167584186,4.64
10/06/2024,-12100,-199220000,16.2(-0.61 %),0,0,12100,199220000,167596286,6.95
11/06/2024,512800,8055210000,15.5(-4.32 %),516900,8120145000,4100,64935000,167005386,4.79
12/06/2024,35000,538860000,15.95(2.90 %),49500,763945000,14500,225085000,167319286,4.71
13/06/2024,0,0,15.8(-0.94 %),0,0,0,0,167321286,4.71
14/06/2024,-184900,-2886570000,15(-5.06 %),52900,807030000,237800,3693600000,167282886,4.72
17/06/2024,-206500,-3126180000,14.95(-0.33 %),117900,1780960000,324400,4907140000,167164986,4.75
18/06/2024,124100,1876020000,15.05(0.67 %),134100,2027520000,10000,151500000,167268686,4.72
19/06/2024,-26900,-404875000,15(-0.33 %),4800,72240000,31700,477115000,167588286,4.63
20/06/2024,-109500,-1663975000,15.2(1.33 %),64900,982625000,174400,2646600000,167533386,4.65
21/06/2024,-260700,-3960915000,15.2(0.00 %),48500,738900000,309200,4699815000,167516586,4.65
24/06/2024,-18900,-305315000,14.5(-4.61 %),171600,2534165000,190500,2839480000,167519386,4.65
25/06/2024,59300,871140000,14.7(1.38 %),116300,1706070000,57000,834930000,167712286,4.6
26/06/2024,254300,3751175000,15.1(2.72 %),261800,3864425000,7500,113250000,167640986,4.62
27/06/2024,-110399,-1648680050,14.95(-0.99 %),1,14950,110400,1648695000,167697985,4.61
28/06/2024,-49440,-768352600,14.55(-2.68 %),75560,1083987400,125000,1852340000,167629925,4.62
04/07/2024,-13400,-202645000,15.1(-0.66 %),1000,15025000,14400,217670000,167852225,0.0
05/07/2024,-4400,-66550000,15.05(-0.33 %),2000,30100000,6400,96650000,167856625,0.0
08/07/2024,-4500,-67855000,15.25(1.33 %),55600,843645000,60100,911500000,167861125,0.0
09/07/2024,191800,2977870000,15.6(2.30 %),210500,3268655000,18700,290785000,167669325,0.0
10/07/2024,1200,17820000,15.4(-1.28 %),3200,49120000,2000,31300000,167668125,0.0
11/07/2024,-43800,-692165000,15.65(1.62 %),0,0,43800,692165000,167711925,0.0
12/07/2024,-33800,-528730000,15.7(0.32 %),24000,372890000,57800,901620000,167745725,0.0
15/07/2024,-43900,-736270000,16(1.91 %),139600,2208825000,183500,2945095000,167789625,0.0
16/07/2024,8800,138610000,15.7(-1.88 %),16800,265710000,8000,127100000,167780825,0.0
17/07/2024,-121100,-1872490000,14.65(-6.69 %),198900,3055960000,320000,4928450000,167901925,0.0
18/07/2024,175300,2589250000,14.95(2.05 %),216200,3195225000,40900,605975000,167726625,0.0
19/07/2024,-182700,-2747200000,14.75(-1.34 %),2800,41345000,185500,2788545000,167909325,0.0
22/07/2024,22200,265695000,14.7(-0.34 %),216300,3156635000,194100,2890940000,167887125,0.0
23/07/2024,-249300,-3677975000,14.45(-1.70 %),0,0,249300,3677975000,168136425,0.0
24/07/2024,68800,1006070000,14.85(2.77 %),106600,1552480000,37800,546410000,168067625,0.0
25/07/2024,-108400,-1572910000,14.95(0.67 %),76200,1133730000,184600,2706640000,168176025,0.0
26/07/2024,-91300,-1388150000,15.3(2.34 %),21800,333200000,113100,1721350000,168267325,0.0
29/07/2024,-119500,-1838495000,15.25(-0.33 %),500,7625000,120000,1846120000,168386825,0.0
30/07/2024,-119500,-1838495000,14.95(-1.97 %),500,7625000,120000,1846120000,168506325,0.0
31/07/2024,-3600,-57065000,14.75(-1.34 %),10800,158295000,14400,215360000,168509925,0.0
01/08/2024,497100,7151825000,13.8(-6.44 %),508200,7311010000,11100,159185000,168591705,0.0
02/08/2024,239200,3294075000,14.2(2.90 %),281200,3878100000,42000,584025000,168352505,0.0
05/08/2024,8600,118855000,13.35(-5.99 %),36700,500135000,28100,381280000,168343905,0.0
06/08/2024,-264200,-3572655000,13.9(4.12 %),0,0,264200,3572655000,168608105,0.0
07/08/2024,-14300,-199275000,13.85(-0.36 %),5100,70285000,19400,269560000,168622405,0.0
08/08/2024,100300,1362975000,13.65(-1.44 %),127300,1737320000,27000,374345000,168522105,0.0
09/08/2024,-30300,-420455000,13.95(2.20 %),0,0,30300,420455000,168552405,0.0
12/08/2024,1700,23800000,13.95(0.00 %),2000,28000000,300,4200000,168550705,0.0
13/08/2024,77300,1081785000,13.9(-0.36 %),81700,1143345000,4400,61560000,168473405,0.0
14/08/2024,-123200,-1762715000,13.9(0.00 %),29000,410350000,152200,2173065000,168596605,0.0
15/08/2024,-4500,-63000000,13.95(0.36 %),0,0,4500,63000000,168601105,0.0
16/08/2024,281400,4072265000,14.45(3.58 %),352800,5096070000,71400,1023805000,168319705,0.0
19/08/2024,4400,63520000,14.4(-0.35 %),5000,72250000,600,8730000,168315305,0.0
20/08/2024,27700,392630000,14.6(1.39 %),82800,1197800000,55100,805170000,168287605,0.0
21/08/2024,-191600,-2798735000,14.45(-1.03 %),300,4345000,191900,2803080000,168479205,0.0
22/08/2024,-27300,-394550000,14.4(-0.35 %),0,0,27300,394550000,168506505,0.0
23/08/2024,-92800,-1329460000,14.25(-1.04 %),7400,105680000,100200,1435140000,168599305,0.0
26/08/2024,234800,3396115000,14.4(1.05 %),251200,3632965000,16400,236850000,168364505,0.0
27/08/2024,-39000,-560860000,14.2(-1.39 %),0,0,39000,560860000,168403505,0.0
28/08/2024,-10400,-147345000,14.15(-0.35 %),0,0,10400,147345000,168413905,0.0
29/08/2024,-188800,-2668700000,13.95(-1.41 %),55600,780800000,244400,3449500000,168602705,0.0
30/08/2024,3100,43710000,13.95(0.00 %),3100,43710000,0,0,168599605,0.0
04/09/2024,-18000,-250635000,14(0.36 %),13000,181910000,31000,432545000,167959269,0.0
05/09/2024,-40000,-561060000,13.85(-1.07 %),100,1405000,40100,562465000,167999269,0.0
06/09/2024,-13200,-183830000,13.9(0.36 %),0,0,13200,183830000,168012469,0.0
09/09/2024,5200,71825000,13.8(-0.72 %),6500,90025000,1300,18200000,168007269,0.0
10/09/2024,-18000,-247670000,13.75(-0.36 %),400,5490000,18400,253160000,168025269,0.0
11/09/2024,-70700,-962695000,13.75(0.00 %),0,0,70700,962695000,168095969,0.0
12/09/2024,6800,95180000,13.9(1.09 %),18900,263655000,12100,168475000,168089169,0.0
13/09/2024,-6600,-91790000,13.85(-0.36 %),1000,13850000,7600,105640000,168095769,0.0
16/09/2024,-49000,-679825000,13.85(0.00 %),166300,2337450000,215300,3017275000,168144769,0.0
17/09/2024,5700,79645000,14.1(1.81 %),5700,79645000,0,0,168139069,0.0
18/09/2024,1000,14050000,13.95(-1.06 %),1000,14050000,0,0,168138069,0.0
19/09/2024,38600,543350000,14.15(1.43 %),43600,613850000,5000,70500000,168099469,0.0
20/09/2024,-45200,-639905000,14.05(-0.71 %),800,11350000,46000,651255000,168144669,0.0
23/09/2024,0,0,14.05(0.00 %),0,0,0,0,168144669,0.0
24/09/2024,-22300,-314385000,14.1(0.36 %),0,0,22300,314385000,168166969,0.0
25/09/2024,-18700,-263960000,14.25(1.06 %),0,0,18700,263960000,168185669,0.0
26/09/2024,210200,2914565000,13.7(1.11 %),319200,4408805000,109000,1494240000,167975469,0.0
27/09/2024,281200,3851905000,13.7(0.00 %),286500,3925045000,5300,73140000,167694269,0.0
30/09/2024,0,0,13.7(0.00 %),0,0,0,0,167694269,0.0
01/10/2024,-18800,-258720000,13.75(0.36 %),100,1375000,18900,260095000,167951481,0.0
02/10/2024,-900,-12330000,13.6(-1.09 %),0,0,900,12330000,167952381,0.0
03/10/2024,-45700,-614525000,13.35(-1.84 %),4300,57455000,50000,671980000,167998081,0.0
04/10/2024,13800,180850000,13.25(-0.75 %),26300,348350000,12500,167500000,167984281,0.0
07/10/2024,197000,2631775000,13.3(0.38 %),212000,2831275000,15000,199500000,167787281,0.0
08/10/2024,493900,6644975000,13.45(1.13 %),500000,6727070000,6100,82095000,167293381,0.0
09/10/2024,-17000,-228650000,13.45(0.00 %),0,0,17000,228650000,167310381,0.0
10/10/2024,-21300,-289680000,13.7(1.86 %),0,0,21300,289680000,167331681,0.0
11/10/2024,-2900,-39440000,13.7(0.00 %),0,0,2900,39440000,167334581,0.0
14/10/2024,-57400,-798265000,14(2.19 %),32800,457240000,90200,1255505000,167391981,0.0
15/10/2024,293500,4073305000,13.8(-1.43 %),300100,4165125000,6600,91820000,167098481,0.0
16/10/2024,448200,6146085000,13.75(-0.36 %),476600,6536585000,28400,390500000,166650281,0.0
17/10/2024,93900,1274780000,13.7(-0.36 %),123700,1683070000,29800,408290000,166556381,0.0
18/10/2024,58500,803975000,13.6(-0.73 %),59800,821935000,1300,17960000,166497881,0.0
21/10/2024,-67100,-914685000,13.45(-1.10 %),1500,20475000,68600,935160000,166564981,0.0
22/10/2024,-153300,-2053050000,13.3(-1.12 %),800,10760000,154100,2063810000,166718281,0.0
23/10/2024,-35000,-469790000,13.4(0.75 %),1000,13300000,36000,483090000,166753281,0.0
24/10/2024,-37000,-494905000,13.25(-1.12 %),300,4020000,37300,498925000,166790281,0.0
25/10/2024,-15300,-203985000,13.4(1.13 %),5900,78765000,21200,282750000,166805581,0.0
28/10/2024,-6300,-84105000,13.3(-0.75 %),0,0,6300,84105000,166811881,0.0
29/10/2024,0,0,13.35(0.38 %),0,0,0,0,166811881,0.0
30/10/2024,63500,846945000,13.3(-0.37 %),63500,846945000,0,0,166748381,0.0
31/10/2024,12400,164260000,13.3(0.00 %),13200,174900000,800,10640000,166735981,0.0
01/11/2024,-6100,-81130000,13.3(0.00 %),0,0,6100,81130000,166759399,0.0
04/11/2024,-31600,-416160000,13.25(-0.38 %),1000,13050000,32600,429210000,166790999,0.0
05/11/2024,-13200,-173825000,13.15(-0.75 %),0,0,13200,173825000,166804199,0.0
06/11/2024,33800,451905000,13.55(3.04 %),33800,451905000,0,0,166770399,0.0
07/11/2024,6000,80550000,13.4(-1.11 %),7500,100875000,1500,20325000,166764399,0.0
08/11/2024,-878700,-11648770000,13.2(-1.49 %),54200,713965000,932900,12362735000,167643099,0.0
11/11/2024,2300,28845000,13.3(0.76 %),19900,262475000,17600,233630000,167640799,0.0
12/11/2024,-13900,-184465000,13.3(0.00 %),3100,40785000,17000,225250000,167027274,4.78
13/11/2024,-22400,-296160000,13.3(0.00 %),0,0,22400,296160000,167677099,0.0
14/11/2024,-29900,-394105000,13.3(0.00 %),0,0,29900,394105000,167706999,0.0
15/11/2024,475700,6272035000,13.2(-0.75 %),500000,6592385000,24300,320350000,167231299,0.0
18/11/2024,28900,378330000,13.25(0.38 %),28900,378330000,0,0,167202399,0.0
19/11/2024,-400,-5260000,13.2(-0.38 %),0,0,400,5260000,167202799,0.0
20/11/2024,33100,440265000,13.2(0.00 %),41700,553505000,8600,113240000,167169699,0.0
21/11/2024,-4600,-60285000,13.25(0.38 %),9200,121875000,13800,182160000,167174299,0.0
22/11/2024,38600,513365000,13.3(0.38 %),38600,513365000,0,0,167135699,0.0
25/11/2024,34400,463530000,13.55(1.88 %),52400,706805000,18000,243275000,167090179,4.77
26/11/2024,-16500,-223350000,13.45(-0.74 %),19200,259850000,35700,483200000,167070979,4.77
27/11/2024,-24400,-327210000,13.45(0.00 %),5300,71020000,29700,398230000,167083679,4.77
28/11/2024,-8600,-117440000,13.4(-0.37 %),9000,120150000,17600,237590000,167110379,4.76
29/11/2024,23600,315605000,13.4(0.00 %),30700,411100000,7100,95495000,167109379,4.76
02/12/2024,24600,335245000,13.5(0.75 %),44900,609295000,20300,274050000,167082079,4.77
03/12/2024,-4500,-62285000,13.5(0.00 %),12100,162140000,16600,224425000,167077079,4.77
04/12/2024,55800,754935000,13.45(-0.37 %),89000,1211245000,33200,456310000,167008379,4.79
05/12/2024,-16800,-226110000,13.65(1.49 %),42600,578905000,59400,805015000,166982379,4.8
09/12/2024,58400,817270000,14(3.32 %),158300,2215330000,99900,1398060000,166887474,4.82
10/12/2024,-18400,-255620000,13.8(-1.43 %),100,1400000,18500,257020000,166928374,4.81
16/12/2024,-23600,-322640000,13.6(-0.73 %),6300,86310000,29900,408950000,167067374,4.77
17/12/2024,-9600,-131240000,13.65(0.37 %),0,0,9600,131240000,167115074,4.76
18/12/2024,-47500,-647105000,13.7(0.37 %),0,0,47500,647105000,167144974,4.75
19/12/2024,-44900,-607735000,13.7(0.00 %),7000,94150000,51900,701885000,167147574,4.75
20/12/2024,19900,267850000,13.85(1.09 %),52000,713545000,32100,445695000,167143074,4.75
24/12/2024,0,0,13.85(-0.72 %),0,0,0,0,167163274,4.75
25/12/2024,240300,3413940000,14.2(2.53 %),292900,4164130000,52600,750190000,166879074,4.82
26/12/2024,-25400,-362840000,14.1(-0.70 %),17900,251885000,43300,614725000,166877138,4.82
27/12/2024,4000,56290000,13.95(-1.06 %),20400,287765000,16400,231475000,166909338,4.81
30/12/2024,-83900,-1172670000,13.85(-0.72 %),6400,89600000,90300,1262270000,166946238,4.8
31/12/2024,-219300,-3039610000,13.85(0.00 %),300,4155000,219600,3043765000,166962338,4.8
02/01/2025,-11900,-166005000,14.1(1.81 %),0,0,11900,166005000,167052638,4.78
03/01/2025,-85700,-1199120000,13.85(-1.77 %),2600,36530000,88300,1235650000,167269638,4.72
06/01/2025,-48300,-676080000,13.6(-1.81 %),57700,785605000,106000,1461685000,167223838,4.73
07/01/2025,-40900,-557300000,13.65(0.37 %),7000,96250000,47900,653550000,167223838,4.73
08/01/2025,25900,353175000,13.8(1.10 %),25900,353175000,0,0,167385238,4.69
09/01/2025,-18800,-258870000,13.65(-1.09 %),6400,87680000,25200,346550000,167426738,4.68
10/01/2025,-131700,-1773385000,13.3(-2.56 %),10400,139450000,142100,1912835000,167416338,4.68
13/01/2025,-1600,-21960000,13.3(0.00 %),4000,52800000,5600,74760000,167437538,4.67
14/01/2025,-32300,-432860000,13.4(0.75 %),0,0,32300,432860000,167579714,4.64
15/01/2025,-67100,-903115000,13.55(1.12 %),0,0,67100,903115000,167585314,4.64
16/01/2025,-17200,-233950000,13.55(0.00 %),10000,136000000,27200,369950000,167602514,0.0
17/01/2025,-1400,-18895000,13.6(0.37 %),1700,23110000,3100,42005000,167673014,4.61
20/01/2025,13400,182050000,13.6(0.00 %),14400,195600000,1000,13550000,167685814,4.61
21/01/2025,5000,67750000,13.5(-0.74 %),5000,67750000,0,0,167683914,4.61
22/01/2025,17800,238800000,13.45(-0.37 %),21200,284690000,3400,45890000,167663714,4.61
23/01/2025,15300,206550000,13.5(0.37 %),15300,206550000,0,0,167648414,4.62
24/01/2025,25200,343135000,13.6(0.74 %),25200,343135000,0,0,167626614,4.62
03/02/2025,118300,1647715000,0(0.00 %),152200,2118955000,33900,471240000,167474414,4.67
04/02/2025,190800,2694615000,14.1(1.08 %),210600,2970825000,19800,276210000,167263814,4.72
05/02/2025,22800,319540000,14(-0.71 %),22800,319540000,0,0,167274914,4.72
06/02/2025,-25800,-385040000,14(0.00 %),109300,1529845000,135100,1914885000,167185414,4.74
07/02/2025,250500,3558420000,14.2(1.43 %),357600,5090370000,107100,1531950000,166827814,4.84
10/02/2025,48500,688480000,14.5(2.11 %),173100,2495090000,124600,1806610000,166789814,4.85
11/02/2025,-141500,-2048000000,14.45(-0.34 %),100,1455000,141600,2049455000,166896814,4.82
12/02/2025,-51700,-756220000,14.4(-0.35 %),138000,2000580000,189700,2756800000,166883414,4.82
13/02/2025,-4500,-68405000,14.6(1.39 %),101300,1466065000,105800,1534470000,166923714,4.81
14/02/2025,-88100,-1283290000,14.5(-0.68 %),26700,389840000,114800,1673130000,167086714,4.77
17/02/2025,120900,1750580000,14.5(0.00 %),229200,3336965000,108300,1586385000,166963314,4.8
18/02/2025,172400,2522395000,14.7(1.38 %),252500,3708175000,80100,1185780000,166825614,4.84
19/02/2025,25100,366515000,14.95(1.70 %),69700,1024950000,44600,658435000,166864214,4.83
20/02/2025,-206300,-3060170000,14.65(-2.01 %),400,5980000,206700,3066150000,166943914,4.81
21/02/2025,-28300,-422625000,14.65(0.00 %),53200,776840000,81500,1199465000,166935314,4.81
24/02/2025,-85200,-1242300000,14.55(-0.68 %),36100,520080000,121300,1762380000,167105914,4.76
25/02/2025,60900,892910000,14.55(0.00 %),111800,1633710000,50900,740800000,167075614,4.77
26/02/2025,-86200,-1248145000,14.55(0.00 %),74300,1089785000,160500,2337930000,167122614,4.76
27/02/2025,190000,2775690000,14.85(2.06 %),197900,2891030000,7900,115340000,166975614,4.8
28/02/2025,-134500,-1988400000,14.8(-0.34 %),289300,4313615000,423800,6302015000,166846814,4.83
03/03/2025,-67300,-993565000,14.65(-1.01 %),1300,19175000,68600,1012740000,166853414,4.83
04/03/2025,-55600,-815245000,14.55(-0.68 %),27200,395020000,82800,1210265000,167250014,4.72
05/03/2025,-154000,-2234775000,14.15(-2.75 %),600,8700000,154600,2243475000,167318014,4.71
06/03/2025,58100,830170000,14.4(1.77 %),59600,851625000,1500,21455000,167341258,4.7
07/03/2025,5700,81165000,14.35(-0.35 %),21700,313895000,16000,232730000,167474158,4.67
10/03/2025,565600,8508910000,15.35(6.97 %),602000,9046690000,36400,537780000,166873658,4.82
11/03/2025,70300,1083820000,15.7(2.28 %),352600,5495635000,282300,4411815000,166873658,4.82
12/03/2025,309700,4906490000,15.95(1.59 %),343700,5443900000,34000,537410000,166229758,4.99
13/03/2025,4300,-43565000,15.5(-2.82 %),475800,7441320000,471500,7484885000,166036258,5.05
14/03/2025,476500,7487165000,15.6(0.65 %),595100,9359560000,118600,1872395000,165475158,5.19
17/03/2025,-299700,-4616515000,15.8(1.28 %),400300,6370195000,700000,10986710000,165546358,5.18
18/03/2025,-471000,-7344840000,15.2(-3.80 %),1000,15400000,472000,7360240000,165663958,5.14
19/03/2025,-12000,-230260000,15.35(0.99 %),404700,6134625000,416700,6364885000,165959258,5.07
20/03/2025,-451200,-6745865000,14.3(-6.84 %),180500,2630780000,631700,9376645000,166250758,4.99
21/03/2025,176500,2504760000,14.2(-0.70 %),177300,2516200000,800,11440000,166490257,4.93
24/03/2025,-115600,-1692800000,13.95(-1.76 %),194800,2697245000,310400,4390045000,166927157,4.81
25/03/2025,-28700,-436365000,13.95(0.00 %),173900,2407980000,202600,2844345000,166754057,4.86
26/03/2025,121100,1692180000,14.1(1.08 %),200200,2808480000,79100,1116300000,166864257,4.83
27/03/2025,-26200,-373135000,13.95(-1.06 %),154200,2158380000,180400,2531515000,166912657,4.81
28/03/2025,-56600,-792730000,13.7(-1.79 %),23700,323830000,80300,1116560000,166968057,4.8
31/03/2025,-103100,-1409535000,13.85(1.09 %),111400,1518780000,214500,2928315000,167037057,4.78
01/04/2025,-98800,-1367575000,13.85(0.00 %),200,2740000,99000,1370315000,167117157,4.76
02/04/2025,16200,223090000,13.75(-0.72 %),22700,313260000,6500,90170000,167308957,4.71
03/04/2025,-109600,-1424515000,12.8(-6.91 %),13000,168895000,122600,1593410000,167394957,4.69
04/04/2025,46700,554715000,12.1(-5.47 %),147300,1769060000,100600,1214345000,167254157,4.72
08/04/2025,72800,829900000,11.3(-6.61 %),95500,1089590000,22700,259690000,167281257,4.72
09/04/2025,650300,6961950000,10.55(-6.64 %),652000,6979970000,1700,18020000,166729857,4.86
10/04/2025,0,0,11.25(6.64 %),0,0,0,0,166752557,4.86
11/04/2025,-166800,-1925250000,11.55(2.67 %),72800,839190000,239600,2764440000,166681457,4.88
14/04/2025,-216200,-2548335000,11.75(1.73 %),55300,653725000,271500,3202060000,166626157,4.89
15/04/2025,-68100,-796960000,11.5(-2.13 %),114600,1320525000,182700,2117485000,166751157,4.86
16/04/2025,425500,4980575000,11.6(0.87 %),510400,5973475000,84900,992900000,166512257,4.92
17/04/2025,-7900,-90625000,11.6(0.00 %),23600,270935000,31500,361560000,166671357,4.88
18/04/2025,400,4835000,11.65(0.43 %),146000,1720050000,145600,1715215000,166610257,4.89
21/04/2025,-504300,-5803105000,11.55(-0.86 %),13800,159360000,518100,5962465000,166627957,4.89
22/04/2025,900,-48035000,11.1(-3.90 %),188900,2051500000,188000,2099535000,166584657,4.9
23/04/2025,162400,1807715000,11.25(1.35 %),293800,3273345000,131400,1465630000,166808957,4.84
24/04/2025,384300,4438800000,11.55(2.67 %),401100,4632770000,16800,193970000,166595857,4.9
25/04/2025,-170600,-1993900000,11.6(0.43 %),2600,30550000,173200,2024450000,166724657,4.86
28/04/2025,-90900,-1055100000,11.6(0.00 %),2500,29125000,93400,1084225000,166738957,4.86
29/04/2025,40200,468530000,11.65(0.43 %),51100,596485000,10900,127955000,166861057,4.83
05/05/2025,57700,642913400,11.8(1.29 %),57700,677115000,0,34201600,166899705,4.82
06/05/2025,-49500,-590540000,11.75(-0.42 %),0,0,49500,590540000,166910605,4.81
07/05/2025,173000,2035740000,11.9(1.28 %),180500,2124165000,7500,88425000,166737605,4.86
08/05/2025,-192500,-2390865000,12.4(4.20 %),341900,4135150000,534400,6526015000,166787105,4.85
09/05/2025,-75200,-946470000,12.25(-1.21 %),31800,384870000,107000,1331340000,166787105,4.85
12/05/2025,200,2460000,12.25(0.00 %),200,2460000,0,0,166979405,4.8
13/05/2025,10800,124670000,12.25(0.00 %),109100,1337715000,98300,1213045000,167043805,4.78
14/05/2025,76400,926455000,12.25(0.00 %),117600,1431155000,41200,504700000,166967405,4.8
15/05/2025,122200,1260280000,12.4(1.22 %),122200,1493445000,0,233165000,166864305,4.83
16/05/2025,64000,-470040000,12.2(-1.61 %),64000,784495000,0,1254535000,166864305,4.83
19/05/2025,190300,1713895000,12.15(-0.41 %),190300,2317795000,0,603900000,166723505,4.86
20/05/2025,105800,830060000,12.1(-0.41 %),105800,1286660000,0,456600000,166692705,4.87
21/05/2025,147200,1105035000,12.25(1.24 %),147200,1773440000,0,668405000,166601305,4.9
22/05/2025,63700,229000000,12.05(-1.63 %),63700,773955000,0,544955000,166582405,4.9
23/05/2025,-30400,-364790000,12.05(0.00 %),100,1210000,30500,366000000,166582405,4.9
26/05/2025,254600,651375000,12.4(2.90 %),254600,3107900000,0,2456525000,166531105,4.91
27/05/2025,-154600,-1969565000,12.7(2.42 %),74700,931450000,229300,2901015000,166561493,4.91
28/05/2025,62200,-2491340000,12.55(-1.18 %),62200,791830000,0,3283170000,166561493,4.91
29/05/2025,144300,671220000,12.65(0.80 %),144300,1833135000,0,1161915000,166663293,4.88
30/05/2025,70400,-2933180000,12.7(0.40 %),70400,898450000,0,3831630000,166857393,4.83
02/06/2025,195500,-232145000,13(2.36 %),195500,2536890000,0,2769035000,166857393,4.83
03/06/2025,3000,-2965680000,12.8(-1.54 %),3000,39015000,0,3004695000,167088693,4.77
04/06/2025,144900,1118730000,12.8(0.00 %),144900,1854450000,0,735720000,167017893,4.79
05/06/2025,232200,1172330000,12.75(-0.39 %),232200,3011935000,0,1839605000,167157193,4.75
06/06/2025,0,-4194910000,12.6(-1.18 %),0,0,0,4194910000,167157193,4.75
09/06/2025,99500,711390000,12.45(-1.19 %),99500,1211825000,0,500435000,167097593,4.76
10/06/2025,800,-1645205000,12.4(-0.40 %),800,9840000,0,1655045000,167430393,4.68
11/06/2025,-26800,-330940000,12.25(-1.21 %),22100,271175000,48900,602115000,167430393,4.68
12/06/2025,58100,716565000,12.3(0.41 %),79300,977550000,21200,260985000,167505193,4.66
13/06/2025,-129200,-1559630000,12.1(-1.63 %),13500,161295000,142700,1720925000,167531993,4.65
16/06/2025,4000,47520000,12.25(1.24 %),19500,236620000,15500,189100000,167527993,4.65
17/06/2025,1700,21935000,12.3(0.41 %),28900,355180000,27200,333245000,167655493,4.62
18/06/2025,29300,365910000,12.3(0.00 %),35900,447750000,6600,81840000,167626193,4.62
19/06/2025,-69900,-860190000,12.3(0.00 %),400,4940000,70300,865130000,167626193,4.62
20/06/2025,-309700,-3781370000,12.35(0.41 %),0,0,309700,3781370000,167626193,4.62
23/06/2025,141400,1747880000,12.45(0.81 %),142100,1756385000,700,8505000,167554693,4.64
24/06/2025,-30300,-379725000,12.45(0.00 %),4600,57270000,34900,436995000,167864393,4.56
25/06/2025,0,0,12.35(-0.80 %),0,0,0,0,167864393,4.56
26/06/2025,53600,668610000,12.4(0.40 %),82600,1026765000,29000,358155000,167841093,4.57
27/06/2025,248200,3107155000,12.55(1.21 %),298200,3734655000,50000,627500000,167592893,4.63
30/06/2025,-168200,-2103090000,12.5(-0.40 %),20600,257500000,188800,2360590000,167592893,4.63
01/07/2025,6400,83595000,12.5(0.00 %),40000,503180000,33600,419585000,167586493,4.64
02/07/2025,71300,896530000,12.7(1.60 %),241200,3053375000,169900,2156845000,167683393,4.61
03/07/2025,-268400,-3371975000,12.5(-1.57 %),19100,240545000,287500,3612520000,167683393,4.61
04/07/2025,132000,1659050000,12.55(0.40 %),165800,2084930000,33800,425880000,167551393,4.64
07/07/2025,64500,809245000,12.65(0.80 %),153000,1926100000,88500,1116855000,167755293,4.59
08/07/2025,588100,7478320000,12.95(2.37 %),861200,11006365000,273100,3528045000,167167193,4.75
09/07/2025,-156500,-2028980000,12.95(0.00 %),115700,1492530000,272200,3521510000,167167193,4.75
10/07/2025,51000,681190000,12.8(-1.16 %),235900,3068330000,184900,2387140000,167167193,4.75
11/07/2025,469900,6046980000,12.7(-0.78 %),547800,7050430000,77900,1003450000,166802793,4.84
14/07/2025,817200,10549825000,13.1(3.15 %),972400,12543165000,155200,1993340000,165985648,5.06
15/07/2025,-542500,-7176760000,12.95(-1.15 %),90800,1196300000,633300,8373060000,165985648,5.06
16/07/2025,231400,3004350000,13(0.39 %),262600,3416645000,31200,412295000,165754248,5.12
17/07/2025,8500,76715000,13.2(1.54 %),245600,3236350000,237100,3159635000,165754248,5.12
18/07/2025,-61000,-840040000,13.1(-0.76 %),209000,2796690000,270000,3636730000,166288248,4.98
21/07/2025,279600,3659835000,13.1(0.00 %),558600,7365645000,279000,3705810000,166008648,5.05
22/07/2025,936700,12275335000,13.2(0.76 %),980700,12850535000,44000,575200000,165132948,5.28
23/07/2025,2800,31140000,13.25(0.38 %),151800,2014315000,149000,1983175000,165130148,5.29
24/07/2025,-288500,-3819970000,13.2(-0.38 %),53000,698600000,341500,4518570000,165130148,5.29
25/07/2025,614200,8126845000,13.2(0.00 %),657800,8702365000,43600,575520000,164515948,5.45
28/07/2025,137200,1771370000,13.75(4.17 %),566300,7660895000,429100,5889525000,164667248,5.41
29/07/2025,106000,1419535000,13.15(-4.36 %),698700,9548375000,592700,8128840000,164561248,5.44
30/07/2025,-585000,-7718955000,13.15(0.00 %),10400,137800000,595400,7856755000,164561248,5.44
31/07/2025,-478400,-6353090000,13.25(0.76 %),103300,1368950000,581700,7722040000,164561248,5.44
01/08/2025,-360300,-4771990000,13.15(-0.75 %),31000,408260000,391300,5180250000,165146248,5.28
04/08/2025,92600,1229290000,13.3(1.14 %),151200,2003450000,58600,774160000,165532048,5.18
05/08/2025,-23900,-315485000,13.2(-0.75 %),483700,6479300000,507600,6794785000,165892348,5.08
06/08/2025,162900,2167655000,13.45(1.89 %),245200,3256505000,82300,1088850000,165729448,5.13
07/08/2025,736000,10083090000,13.95(3.72 %),736000,10083090000,0,0,165017348,5.32
08/08/2025,-642600,-9035415000,13.9(-0.36 %),40300,552210000,682900,9587625000,165017348,5.32
11/08/2025,227300,3197375000,14.3(2.88 %),503200,7159045000,275900,3961670000,164790048,5.38
12/08/2025,-577100,-8120625000,14(-2.10 %),95600,1328315000,672700,9448940000,165432648,5.21
13/08/2025,1049100,15082980000,14.6(4.29 %),1149000,16513620000,99900,1430640000,164383480,5.48
14/08/2025,-536100,-7825725000,14.45(-1.03 %),1100,15965000,537200,7841690000,164960580,5.33
15/08/2025,62700,854625000,14.1(-2.42 %),232400,3276445000,169700,2421820000,164897880,5.35
18/08/2025,618800,9063535000,14.65(3.90 %),940700,13670245000,321900,4606710000,164815180,5.37
19/08/2025,363000,5471130000,14.9(1.71 %),1142400,17231570000,779400,11760440000,164452180,5.47
20/08/2025,-142500,-2187160000,14.45(-3.02 %),316400,4540440000,458900,6727600000,164452180,5.47
21/08/2025,-1282600,-18327115000,14.1(-2.42 %),32600,469215000,1315200,18796330000,164452180,5.47
22/08/2025,-703800,-9664820000,13.4(-4.96 %),432100,5854100000,1135900,15518920000,164452180,5.47
25/08/2025,-104400,-1399725000,13.1(-2.24 %),29600,397820000,134000,1797545000,164594680,5.43
