Ngay,KLGDRong,GTDGRong,ThayDoi,KLMua,GtMua,KLBan,GtBan,RoomConLai,DangSoHuu
09/11/2010,-19200,-514160000,0(0.00 %),800,21040000,20000,535200000,36899488,12.1
10/11/2010,0,0,0(0.00 %),0,0,0,0,36899488,12.1
11/11/2010,-89900,-2136900000,0(0.00 %),100,2400000,90000,2139300000,36989388,12.01
12/11/2010,-247000,-5489820000,0(0.00 %),175000,3904500000,422000,9394320000,37236388,11.76
15/11/2010,28800,624810000,0(0.00 %),48800,1072810000,20000,448000000,37207588,11.79
16/11/2010,-59300,-1315040000,0(0.00 %),10700,251960000,70000,1567000000,37266888,11.73
17/11/2010,-145800,-3477930000,0(0.00 %),286700,6566820000,432500,10044750000,37412688,11.59
18/11/2010,26000,621200000,0(0.00 %),30000,717000000,4000,95800000,37386688,11.61
19/11/2010,4900,117750000,0(0.00 %),44900,1054660000,40000,936910000,37381788,11.62
22/11/2010,-1510000,-34729970000,0(0.00 %),10000,225000000,1520000,34954970000,38891788,10.11
23/11/2010,50100,1147300000,0(0.00 %),50100,1147300000,0,0,38841688,10.16
24/11/2010,-22500,-513780000,0(0.00 %),0,0,22500,513780000,38864188,10.14
25/11/2010,-17000,-401780000,0(0.00 %),13000,306480000,30000,708260000,38881188,10.12
26/11/2010,5400,126900000,0(0.00 %),224400,5295300000,219000,5168400000,38875788,10.12
29/11/2010,1000,25300000,0(0.00 %),1000,25300000,0,0,38874788,10.13
30/11/2010,15000,391500000,0(0.00 %),15000,391500000,0,0,38859788,10.14
01/12/2010,-3000,-78000000,0(0.00 %),0,0,3000,78000000,38862788,10.14
02/12/2010,0,0,27.6(6.98 %),0,0,0,0,38862788,10.14
03/12/2010,-1000,-28800000,28.8(6.67 %),0,0,1000,28800000,38863788,10.14
06/12/2010,5100,157240000,29.9(3.82 %),210100,6067600000,205000,5910360000,38858688,10.14
07/12/2010,-19900,-615160000,29.7(-1.33 %),0,0,19900,615160000,38878588,10.12
08/12/2010,-20000,-580970000,28.4(-6.27 %),100,2980000,20100,583950000,38898588,10.1
09/12/2010,0,0,30.6(6.99 %),0,0,0,0,38898588,10.1
10/12/2010,0,0,31.8(6.71 %),0,0,0,0,38898588,10.1
13/12/2010,12500,425000000,34(6.92 %),12500,425000000,0,0,38886088,10.11
14/12/2010,500,17300000,34(0.00 %),175500,5967300000,175000,5950000000,38885588,10.11
15/12/2010,-6900,-234600000,33.8(-1.74 %),100,3400000,7000,238000000,38892488,10.11
16/12/2010,46300,1498700000,32.1(-5.87 %),46300,1498700000,0,0,38846188,10.15
17/12/2010,15900,524330000,33.9(4.31 %),15900,524330000,0,0,38830288,10.17
20/12/2010,1000,32300000,31.9(-3.92 %),1000,32300000,0,0,38824988,10.18
21/12/2010,3300,103570000,31.1(-4.31 %),3300,103570000,0,0,38825988,10.17
22/12/2010,-7600,-237000000,31.5(1.29 %),1400,44800000,9000,281800000,38833588,10.17
23/12/2010,-8000,-244510000,31.6(-0.32 %),0,0,8000,244510000,38841588,10.16
24/12/2010,0,0,31.3(3.30 %),0,0,0,0,38841588,10.16
27/12/2010,0,0,31.5(2.27 %),0,0,0,0,38841588,10.16
28/12/2010,0,0,32(3.23 %),0,0,0,0,38841588,10.16
29/12/2010,0,0,31(-3.43 %),0,0,0,0,38841588,10.16
30/12/2010,0,0,30.9(-1.90 %),0,0,0,0,38841588,10.16
31/12/2010,0,0,31.5(1.94 %),0,0,0,0,38841588,10.16
04/01/2011,-15000,-498000000,31.4(-1.57 %),0,0,15000,498000000,38856588,10.14
05/01/2011,0,0,30.7(-4.06 %),0,0,0,0,38856588,10.14
06/01/2011,0,0,30.9(0.00 %),0,0,0,0,38856588,10.14
07/01/2011,0,0,30.5(-0.65 %),0,0,0,0,38856588,10.14
10/01/2011,-18000,-525710000,28.5(-6.56 %),0,0,18000,525710000,38874588,10.13
11/01/2011,0,0,28.2(-3.09 %),0,0,0,0,38874588,10.13
12/01/2011,-2000,-58000000,28.6(1.42 %),0,0,2000,58000000,38876588,10.12
13/01/2011,0,0,29(-1.36 %),0,0,0,0,38876588,10.12
14/01/2011,100,2880000,29.2(0.00 %),100,2880000,0,0,38876488,10.12
17/01/2011,-700,-21110000,29.5(1.37 %),100,2920000,800,24030000,38877188,10.12
18/01/2011,0,0,28.9(-2.69 %),0,0,0,0,38877188,10.12
19/01/2011,-2000,-56700000,28.3(-1.74 %),0,0,2000,56700000,38879188,10.12
20/01/2011,700,19700000,27.9(-1.76 %),700,19700000,0,0,38878488,10.12
21/01/2011,0,0,27.7(-1.77 %),0,0,0,0,38878488,10.12
24/01/2011,0,0,26.7(-4.30 %),0,0,0,0,38878488,10.12
25/01/2011,0,0,27(0.00 %),0,0,0,0,38878488,10.12
26/01/2011,0,0,27.3(1.11 %),0,0,0,0,38878488,10.12
27/01/2011,0,0,28.3(3.28 %),0,0,0,0,38878488,10.12
28/01/2011,300,8280000,27.4(-2.49 %),300,8280000,0,0,38878188,10.12
08/02/2011,500,13900000,27(-2.17 %),500,13900000,0,0,38877688,10.12
09/02/2011,500,13500000,27.3(0.74 %),500,13500000,0,0,38877188,10.12
10/02/2011,0,0,27.3(0.37 %),35000,1018500000,35000,1018500000,38877688,10.12
11/02/2011,1000,27000000,27.4(-0.36 %),1000,27000000,0,0,38876688,10.12
14/02/2011,0,0,26.9(-1.10 %),0,0,0,0,38877688,10.12
15/02/2011,0,0,26.9(-0.74 %),0,0,0,0,38877688,10.12
16/02/2011,-44000,-1126690000,25.4(-5.22 %),1000,26000000,45000,1152690000,38921688,10.08
17/02/2011,-100,-3000000,24.7(-4.26 %),2000,49500000,2100,52500000,38921788,10.08
18/02/2011,0,0,24(-3.61 %),0,0,0,0,38921788,10.08
21/02/2011,103000,2301000000,22.3(-6.69 %),103000,2301000000,0,0,38818788,10.18
22/02/2011,100800,2114200000,21.1(-5.38 %),100800,2114200000,0,0,38717988,10.28
23/02/2011,60000,1246000000,21(0.48 %),60000,1246000000,0,0,38657988,10.34
24/02/2011,55700,1138530000,20.9(0.00 %),55700,1138530000,0,0,38602288,10.4
25/02/2011,20200,422140000,21.1(3.43 %),20200,422140000,0,0,38582088,10.42
28/02/2011,114400,2376700000,20.5(-2.84 %),114400,2376700000,0,0,38467688,10.53
01/03/2011,25000,511000000,20.4(-2.39 %),25000,511000000,0,0,38442688,10.56
02/03/2011,100100,1916050000,19.1(-6.83 %),100100,1916050000,0,0,38342588,10.66
03/03/2011,90100,1634410000,18.2(-5.21 %),90100,1634410000,0,0,0,0.0
04/03/2011,30000,546000000,18.2(0.55 %),30000,546000000,0,0,0,0.0
07/03/2011,0,0,18.4(1.66 %),0,0,0,0,0,0.0
08/03/2011,60000,1102000000,17.7(-3.80 %),60000,1102000000,0,0,0,0.0
09/03/2011,95300,1657690000,17.3(-5.98 %),95300,1657690000,0,0,0,0.0
10/03/2011,0,0,18.6(6.90 %),0,0,0,0,0,0.0
11/03/2011,50000,977000000,19.6(6.52 %),50000,977000000,0,0,0,0.0
14/03/2011,64000,1204000000,18.5(-5.61 %),65000,1223000000,1000,19000000,0,0.0
15/03/2011,42000,777800000,18.6(-1.59 %),42000,777800000,0,0,0,0.0
16/03/2011,14800,274520000,18.6(0.00 %),64800,1201320000,50000,926800000,37863988,11.14
17/03/2011,54200,1000620000,18.7(0.54 %),54200,1000620000,0,0,37809788,11.19
18/03/2011,0,0,19.7(6.49 %),0,0,0,0,37809788,11.19
21/03/2011,82000,1661070000,19.6(1.03 %),82000,1661070000,0,0,37727788,11.27
22/03/2011,15000,287500000,19.1(-5.91 %),115000,2247500000,100000,1960000000,37712788,11.29
23/03/2011,-100000,-1913800000,19.5(1.04 %),100000,1890000000,200000,3803800000,37812788,11.19
24/03/2011,55000,1049500000,18.9(-1.56 %),55000,1049500000,0,0,37757788,11.24
25/03/2011,0,0,18.1(-5.24 %),0,0,0,0,37757788,11.24
28/03/2011,0,0,18.1(-1.63 %),0,0,0,0,37757788,11.24
29/03/2011,0,0,17.7(-2.75 %),0,0,0,0,37757788,11.24
30/03/2011,0,0,17.5(-2.23 %),0,0,0,0,37757788,11.24
31/03/2011,0,0,18(2.86 %),0,0,0,0,37757788,11.24
01/04/2011,5000,90500000,17.6(-0.56 %),5000,90500000,0,0,37803788,11.2
04/04/2011,0,0,17(-4.49 %),0,0,0,0,37803788,11.2
05/04/2011,7200,123400000,17.3(0.58 %),7200,123400000,0,0,37796588,11.2
06/04/2011,5000,87500000,17.8(3.49 %),5000,87500000,0,0,37791588,11.21
07/04/2011,1300,22750000,16.8(-4.55 %),1300,22750000,0,0,37790288,11.21
08/04/2011,0,0,16.5(-2.94 %),0,0,0,0,37790288,11.21
13/04/2011,0,0,16.7(1.21 %),0,0,0,0,37790288,11.21
14/04/2011,5000,84000000,16.8(0.00 %),5000,84000000,0,0,37785288,11.21
15/04/2011,0,0,16.1(-3.59 %),0,0,0,0,37785288,11.21
18/04/2011,0,0,15.2(-6.75 %),0,0,0,0,37785288,11.21
19/04/2011,0,0,14.6(-4.58 %),0,0,0,0,37785288,11.21
20/04/2011,200,2880000,14.1(-4.73 %),200,2880000,0,0,37785088,11.21
21/04/2011,100,1390000,13.7(-4.86 %),100,1390000,0,0,37784988,11.22
22/04/2011,0,0,13.4(-2.90 %),0,0,0,0,37784988,11.22
25/04/2011,0,0,13.7(4.58 %),0,0,0,0,37784988,11.22
26/04/2011,-30000,-400000000,13.1(-4.38 %),0,0,30000,400000000,37814988,11.19
27/04/2011,2000,26840000,13.2(-0.75 %),2700,36180000,700,9340000,37812988,11.19
28/04/2011,0,0,13(-1.52 %),0,0,0,0,37812988,11.19
29/04/2011,0,0,12.9(-1.53 %),0,0,0,0,37812988,11.19
04/05/2011,0,0,12.9(0.00 %),0,0,0,0,37812288,11.19
05/05/2011,0,0,12.6(-3.08 %),0,0,0,0,37812288,11.19
06/05/2011,100,1250000,12.7(0.00 %),100,1250000,0,0,37812188,11.19
09/05/2011,0,0,12.9(2.38 %),0,0,0,0,37812188,11.19
10/05/2011,-35400,-452740000,13.3(4.72 %),8200,109060000,43600,561800000,37847588,11.15
11/05/2011,3800,49780000,13.1(0.00 %),3800,49780000,0,0,37843788,11.16
12/05/2011,0,0,13.7(5.38 %),0,0,0,0,37843788,11.16
13/05/2011,0,0,13.6(0.74 %),0,0,0,0,37843788,11.16
16/05/2011,-6000,-77500000,13.2(-2.94 %),0,0,6000,77500000,37849788,11.15
17/05/2011,-46000,-590200000,12.7(-3.79 %),0,0,46000,590200000,37895788,11.1
18/05/2011,0,0,12.6(-1.56 %),0,0,0,0,37895788,11.1
19/05/2011,10000,130000000,12.4(-1.59 %),10000,130000000,0,0,37885788,11.11
20/05/2011,0,0,12.1(-3.20 %),0,0,0,0,37885788,11.11
23/05/2011,0,0,11.4(-6.56 %),0,0,0,0,37885788,11.11
24/05/2011,0,0,10.7(-6.14 %),0,0,0,0,37885788,11.11
25/05/2011,0,0,10(-6.54 %),0,0,0,0,37885788,11.11
26/05/2011,100,930000,10.6(6.00 %),100,930000,0,0,37885688,11.11
27/05/2011,0,0,10.5(6.06 %),0,0,0,0,37885688,11.11
30/05/2011,0,0,9.8(-6.67 %),0,0,0,0,37885688,11.11
31/05/2011,0,0,9.7(-3.00 %),0,0,0,0,37885688,11.11
01/06/2011,0,0,10.3(6.19 %),0,0,0,0,37886388,11.11
02/06/2011,0,0,11(6.80 %),0,0,0,0,37886388,11.11
03/06/2011,60000,695000000,11(0.00 %),60000,695000000,0,0,37826388,11.17
06/06/2011,0,0,10.7(-5.31 %),0,0,0,0,37826388,11.17
07/06/2011,0,0,11.5(6.48 %),0,0,0,0,37826388,11.17
08/06/2011,10000,120000000,11.2(-2.61 %),10000,120000000,0,0,37816388,11.18
09/06/2011,0,0,11.8(2.61 %),0,0,0,0,37816388,11.18
10/06/2011,10000,123000000,12.3(6.96 %),10000,123000000,0,0,37806388,11.19
13/06/2011,0,0,13.1(6.50 %),0,0,0,0,37806388,11.19
14/06/2011,-50000,-660000000,13.2(0.76 %),0,0,50000,660000000,37856388,11.14
15/06/2011,0,0,12.8(-6.57 %),0,0,0,0,37856388,11.14
16/06/2011,0,0,12(-6.25 %),0,0,0,0,37856388,11.14
17/06/2011,-10000,-113000000,11.3(-6.61 %),0,0,10000,113000000,37866388,11.13
20/06/2011,1000,11000000,11(-3.51 %),1000,11000000,0,0,37865388,11.13
21/06/2011,1000,11000000,11.7(6.36 %),1000,11000000,0,0,37864388,11.14
22/06/2011,10100,116190000,11.5(0.00 %),10100,116190000,0,0,37854288,11.15
23/06/2011,1600,18080000,11.1(-5.13 %),1600,18080000,0,0,37852688,11.15
24/06/2011,0,0,11.8(6.31 %),0,0,0,0,37852688,11.15
27/06/2011,20000,252000000,12(1.69 %),20000,252000000,0,0,37832688,11.17
28/06/2011,0,0,11.4(-5.79 %),0,0,0,0,37832688,11.17
29/06/2011,-1600,-17760000,11.2(-2.61 %),0,0,1600,17760000,37834288,11.17
30/06/2011,0,0,10.8(-3.57 %),0,0,0,0,37834288,11.17
01/07/2011,1800,18720000,10.3(-5.50 %),1800,18720000,0,0,37830888,11.17
04/07/2011,0,0,10.6(1.92 %),0,0,0,0,37830888,11.17
05/07/2011,0,0,11.1(6.73 %),0,0,0,0,37830888,11.17
06/07/2011,6500,71800000,10.7(-3.60 %),6500,71800000,0,0,37824388,11.18
07/07/2011,2600,28480000,10.7(-1.83 %),2600,28480000,0,0,37821788,11.18
08/07/2011,0,0,10.6(-2.75 %),0,0,0,0,37821788,11.18
11/07/2011,-1800,-19080000,10.3(-2.83 %),0,0,1800,19080000,37823588,11.18
12/07/2011,-1500,-15300000,10.5(0.96 %),0,0,1500,15300000,37825088,11.17
13/07/2011,-122100,-1277460000,10.4(1.96 %),0,0,122100,1277460000,37947188,11.05
14/07/2011,-100000,-1037500000,10.4(0.00 %),0,0,100000,1037500000,38047188,10.95
15/07/2011,0,0,10.4(0.00 %),0,0,0,0,38047188,10.95
18/07/2011,0,0,10.4(0.00 %),0,0,0,0,38047188,10.95
19/07/2011,-50000,-509000000,10.1(-1.94 %),0,0,50000,509000000,38097188,10.9
20/07/2011,-109700,-1153790000,10.6(3.92 %),0,0,109700,1153790000,38206888,10.79
21/07/2011,-76100,-803640000,10.5(0.00 %),8900,96360000,85000,900000000,38282988,10.72
22/07/2011,0,0,10.4(-1.89 %),0,0,0,0,38282988,10.72
25/07/2011,-10000,-104000000,10.3(-0.96 %),0,0,10000,104000000,38292988,10.71
26/07/2011,0,0,10.3(0.00 %),0,0,0,0,38292988,10.71
27/07/2011,2200,22440000,10.3(0.00 %),2200,22440000,0,0,38290788,10.71
28/07/2011,1500,15450000,10.2(-0.97 %),1500,15450000,0,0,38289288,10.71
29/07/2011,-15700,-154570000,10(-2.91 %),4300,43430000,20000,198000000,38304988,10.7
01/08/2011,2200,21560000,9.8(-2.00 %),2200,21560000,0,0,38284388,10.72
02/08/2011,500,4900000,9.5(-3.06 %),500,4900000,0,0,38283888,10.72
03/08/2011,100,950000,9.6(0.00 %),100,950000,0,0,38283788,10.72
04/08/2011,0,0,10(6.38 %),0,0,0,0,38283788,10.72
05/08/2011,0,0,9.9(1.02 %),0,0,0,0,38283788,10.72
08/08/2011,-4300,-42570000,9.8(-1.01 %),0,0,4300,42570000,38288088,10.71
09/08/2011,0,0,9.4(-5.05 %),0,0,0,0,38288088,10.71
10/08/2011,1100,10890000,9.8(4.26 %),1100,10890000,0,0,38286988,10.71
11/08/2011,0,0,9.8(-1.01 %),0,0,0,0,38286988,10.71
12/08/2011,0,0,10(3.09 %),0,0,0,0,38286988,10.71
15/08/2011,0,0,9.9(-1.00 %),0,0,0,0,38286988,10.71
16/08/2011,30000,298000000,10(1.01 %),30000,298000000,0,0,38256988,10.74
17/08/2011,-166900,-1710960000,10.5(6.06 %),100000,1020000000,266900,2730960000,38423888,10.58
18/08/2011,-13700,-145470000,10.5(1.94 %),100300,1092720000,114000,1238190000,38437588,10.56
19/08/2011,-55400,-578700000,10.3(-4.63 %),0,0,55400,578700000,38492988,10.51
22/08/2011,-50000,-553000000,11.1(6.73 %),0,0,50000,553000000,38542988,10.46
23/08/2011,70600,759420000,10.8(-1.82 %),70600,759420000,0,0,38472388,10.53
24/08/2011,0,0,10.8(0.00 %),0,0,0,0,38472388,10.53
25/08/2011,0,0,10.9(-0.91 %),0,0,0,0,38472388,10.53
26/08/2011,124700,1354190000,10.8(-0.92 %),124700,1354190000,0,0,38347688,10.65
29/08/2011,-10000,-117000000,11.5(6.48 %),20000,226000000,30000,343000000,38357688,10.64
30/08/2011,-130000,-1502510000,11.5(1.77 %),0,0,130000,1502510000,38487688,10.51
31/08/2011,110000,1283000000,11.5(-0.86 %),110000,1283000000,0,0,38377688,10.62
01/09/2011,-35000,-420000000,11.9(2.59 %),100000,1180000000,135000,1600000000,38237688,10.76
05/09/2011,-17000,-192300000,11.3(-4.24 %),3000,35700000,20000,228000000,38254688,10.75
06/09/2011,100000,1109180000,11.2(-2.61 %),100000,1109180000,0,0,38154688,10.85
07/09/2011,-136000,-1586200000,11.8(6.31 %),14000,162800000,150000,1749000000,38290688,10.71
08/09/2011,-64000,-769700000,11.7(0.86 %),6000,71800000,70000,841500000,38354688,10.65
09/09/2011,0,0,11.7(-2.50 %),0,0,0,0,38354688,10.65
12/09/2011,0,0,12.1(2.54 %),0,0,0,0,38354688,10.65
13/09/2011,-58000,-719830000,12.4(3.33 %),10000,122000000,68000,841830000,38412688,10.59
14/09/2011,-51000,-613900000,11.7(-5.65 %),11000,136900000,62000,750800000,38463688,10.54
15/09/2011,47500,551000000,11.6(-4.13 %),50000,580000000,2500,29000000,38416188,10.58
16/09/2011,30000,342000000,11.3(-2.59 %),30000,342000000,0,0,38386188,10.61
19/09/2011,0,0,11.5(0.88 %),100000,1140000000,100000,1140000000,38386188,10.61
20/09/2011,0,0,11.1(-2.63 %),130300,1459360000,130300,1459360000,38386188,10.61
21/09/2011,0,0,11.2(-0.88 %),0,0,0,0,38386188,10.61
22/09/2011,0,0,11.3(0.89 %),0,0,0,0,38386188,10.61
23/09/2011,10000,107000000,10.9(-2.68 %),20000,218000000,10000,111000000,38376188,10.62
26/09/2011,0,0,10.6(-3.64 %),0,0,0,0,38376188,10.62
27/09/2011,-40000,-424000000,10.7(-0.93 %),0,0,40000,424000000,38416188,10.58
28/09/2011,40000,435100000,10.9(2.83 %),60000,654000000,20000,218900000,38376188,10.62
29/09/2011,0,0,10.5(-4.55 %),0,0,0,0,38376188,10.62
30/09/2011,0,0,10.3(-2.83 %),0,0,0,0,38376188,10.62
03/10/2011,20000,202000000,10.1(-2.88 %),20000,202000000,0,0,38531188,10.47
04/10/2011,0,0,10.1(0.00 %),0,0,0,0,38531188,10.47
05/10/2011,-48500,-490650000,10(0.00 %),1500,15050000,50000,505700000,38579688,10.42
06/10/2011,-48500,-498650000,10.5(3.96 %),1500,15350000,50000,514000000,38628188,10.37
07/10/2011,0,0,10.1(-1.94 %),0,0,0,0,38628188,10.37
10/10/2011,0,0,9.9(-2.94 %),0,0,0,0,38628188,10.37
11/10/2011,0,0,10(0.00 %),0,0,0,0,38628188,10.37
12/10/2011,0,0,9.6(-4.00 %),0,0,0,0,38628188,10.37
13/10/2011,0,0,9.8(1.03 %),0,0,0,0,38628188,10.37
14/10/2011,0,0,9.8(1.03 %),0,0,0,0,38628188,10.37
17/10/2011,0,0,9.6(-2.04 %),0,0,0,0,38628188,10.37
18/10/2011,0,0,9.4(-2.08 %),0,0,0,0,38628188,10.37
19/10/2011,0,0,9.4(-1.05 %),0,0,0,0,38628188,10.37
20/10/2011,0,0,9.3(-2.11 %),0,0,0,0,38628188,10.37
21/10/2011,0,0,9.7(3.19 %),0,0,0,0,38628188,10.37
24/10/2011,0,0,9.5(0.00 %),0,0,0,0,38628188,10.37
25/10/2011,0,0,9.4(-2.08 %),0,0,0,0,38628188,10.37
26/10/2011,200,1900000,9.4(-1.05 %),200,1900000,0,0,38627988,10.37
27/10/2011,0,0,9.3(-1.06 %),0,0,0,0,38627988,10.37
28/10/2011,-1000,-9600000,10(6.38 %),0,0,1000,9600000,38628988,10.37
31/10/2011,25200,250730000,10(1.01 %),26700,266330000,1500,15600000,38603788,10.4
01/11/2011,30000,287000000,9.4(-6.93 %),30000,287000000,0,0,38591288,10.41
02/11/2011,13300,122360000,9.1(-4.21 %),13300,122360000,0,0,38577988,10.42
03/11/2011,0,0,9.1(0.00 %),0,0,0,0,38577988,10.42
04/11/2011,0,0,8.9(-2.20 %),0,0,0,0,38577988,10.42
07/11/2011,20000,176000000,8.7(-3.33 %),20000,176000000,0,0,38557988,10.44
08/11/2011,0,0,8.6(-1.15 %),0,0,0,0,38557988,10.44
09/11/2011,2000,17400000,8.6(-1.15 %),2000,17400000,0,0,38555988,10.44
10/11/2011,0,0,8.2(-6.82 %),0,0,0,0,38555988,10.44
11/11/2011,-50000,-404000000,7.9(-5.95 %),0,0,50000,404000000,38605988,10.39
14/11/2011,0,0,7.5(-6.25 %),0,0,0,0,38605988,10.39
15/11/2011,-25000,-175070000,7.1(-5.33 %),30000,213850000,55000,388920000,38630988,10.37
16/11/2011,0,0,7.4(5.71 %),0,0,0,0,38630988,10.37
17/11/2011,0,0,7.4(1.37 %),0,0,0,0,38630988,10.37
18/11/2011,0,0,7.3(-2.67 %),0,0,0,0,38630988,10.37
21/11/2011,-39000,-273430000,6.9(-4.17 %),0,0,39000,273430000,38669988,10.33
22/11/2011,0,0,6.9(-1.43 %),0,0,0,0,38669988,10.33
23/11/2011,0,0,7.3(5.80 %),0,0,0,0,38669988,10.33
24/11/2011,0,0,7.4(2.78 %),0,0,0,0,38669988,10.33
25/11/2011,5500,38780000,7.5(1.35 %),5500,38780000,0,0,38664488,10.34
28/11/2011,0,0,7.8(6.85 %),0,0,0,0,38664488,10.34
29/11/2011,0,0,7.9(1.28 %),0,0,0,0,38664488,10.34
30/11/2011,0,0,7.8(0.00 %),0,0,0,0,38664488,10.34
01/12/2011,0,0,7.9(1.28 %),0,0,0,0,38666988,10.33
02/12/2011,-100000,-770250000,7.9(1.28 %),0,0,100000,770250000,38766988,10.23
05/12/2011,0,0,8.2(6.49 %),0,0,0,0,38766988,10.23
06/12/2011,-70000,-569000000,7.8(-3.70 %),0,0,70000,569000000,38836988,10.16
07/12/2011,-50000,-383920000,7.5(-6.25 %),0,0,50000,383920000,38886988,10.11
08/12/2011,0,0,7.5(-1.32 %),0,0,0,0,38886988,10.11
09/12/2011,-60000,-436000000,7.2(-4.00 %),0,0,60000,436000000,38946988,10.05
12/12/2011,-50000,-360960000,7.2(-1.37 %),0,0,50000,360960000,38996988,10.0
13/12/2011,-74500,-530400000,7.1(-1.39 %),0,0,74500,530400000,39071488,9.93
14/12/2011,0,0,6.9(-2.82 %),0,0,0,0,39071488,9.93
15/12/2011,0,0,6.7(-2.90 %),0,0,0,0,39071488,9.93
16/12/2011,-139500,-939900000,6.9(4.55 %),1000,6500000,140500,946400000,39210988,9.79
19/12/2011,1100,7260000,6.6(-2.94 %),1100,7260000,0,0,39209888,9.79
20/12/2011,0,0,6.4(-4.48 %),0,0,0,0,39209888,9.79
21/12/2011,0,0,6.4(0.00 %),0,0,0,0,39209888,9.79
22/12/2011,0,0,6.1(-6.15 %),0,0,0,0,39209888,9.79
23/12/2011,1000,6000000,5.9(-4.84 %),1000,6000000,0,0,39208888,9.79
26/12/2011,1000,5500000,5.5(-6.78 %),1000,5500000,0,0,39207888,9.79
27/12/2011,0,0,5.5(0.00 %),0,0,0,0,39207888,9.79
28/12/2011,0,0,5.7(5.56 %),0,0,0,0,39207888,9.79
29/12/2011,0,0,5.7(0.00 %),0,0,0,0,39207888,9.79
30/12/2011,0,0,5.9(3.51 %),0,0,0,0,39207888,9.79
03/01/2012,0,0,6(3.45 %),0,0,0,0,39207888,9.79
04/01/2012,0,0,6(0.00 %),0,0,0,0,39207888,9.79
05/01/2012,8000,48000000,6(0.00 %),8000,48000000,0,0,39199888,9.8
06/01/2012,0,0,6.3(5.00 %),0,0,0,0,39199888,9.8
09/01/2012,0,0,6.2(0.00 %),0,0,0,0,39199888,9.8
10/01/2012,3000,19200000,6.4(3.23 %),3000,19200000,0,0,39196888,9.8
11/01/2012,1200,7800000,6.1(-4.69 %),1200,7800000,0,0,39195688,9.8
12/01/2012,-2800,-16760000,6.5(3.17 %),1200,7440000,4000,24200000,39198488,9.8
13/01/2012,0,0,6.7(6.35 %),0,0,0,0,39198488,9.8
16/01/2012,0,0,6.8(3.03 %),0,0,0,0,39198488,9.8
17/01/2012,-1200,-7930000,6.5(-4.41 %),0,0,1200,7930000,39199688,9.8
18/01/2012,0,0,6.4(-3.03 %),0,0,0,0,39199688,9.8
19/01/2012,0,0,6.6(3.12 %),0,0,0,0,39199688,9.8
20/01/2012,400,2600000,6.5(0.00 %),400,2600000,0,0,39199288,9.8
30/01/2012,4000,25600000,6.6(1.54 %),4000,25600000,0,0,39195288,9.8
31/01/2012,0,0,6.8(3.03 %),0,0,0,0,39195288,9.8
01/02/2012,-1200,-7920000,6.8(-1.45 %),0,0,1200,7920000,39195288,9.8
02/02/2012,0,0,7.1(5.97 %),0,0,0,0,39195288,9.8
03/02/2012,0,0,6.7(-4.29 %),0,0,0,0,39195288,9.8
06/02/2012,0,0,6.7(-2.90 %),0,0,0,0,39195288,9.8
07/02/2012,0,0,6.7(0.00 %),0,0,0,0,39195288,9.8
08/02/2012,0,0,6.9(2.99 %),0,0,0,0,39195288,9.8
09/02/2012,0,0,6.7(-2.90 %),0,0,0,0,39195288,9.8
10/02/2012,0,0,6.4(-5.88 %),0,0,0,0,39195288,9.8
13/02/2012,0,0,6.2(-4.62 %),0,0,0,0,39195288,9.8
14/02/2012,0,0,6.4(1.59 %),0,0,0,0,39195288,9.8
15/02/2012,0,0,6.2(-1.59 %),0,0,0,0,39195288,9.8
16/02/2012,0,0,6.1(-1.61 %),0,0,0,0,39195288,9.8
17/02/2012,1000,6200000,6.3(3.28 %),1000,6200000,0,0,39194288,9.81
20/02/2012,-450000,-2953500000,6.6(6.45 %),0,0,450000,2953500000,39644288,9.36
21/02/2012,-109700,-723490000,6.5(-1.52 %),0,0,109700,723490000,39753988,9.25
22/02/2012,-62600,-408180000,6.4(-3.03 %),100,640000,62700,408820000,39816588,9.18
23/02/2012,-190000,-1281000000,6.8(4.62 %),0,0,190000,1281000000,40006588,8.99
24/02/2012,-230000,-1627000000,6.9(2.99 %),0,0,230000,1627000000,40236588,8.76
27/02/2012,-137300,-969830000,7.1(1.43 %),0,0,137300,969830000,40373888,8.63
28/02/2012,-15500,-105400000,6.7(-4.29 %),0,0,15500,105400000,40389388,8.61
29/02/2012,0,0,6.8(-1.45 %),0,0,0,0,40389388,8.61
01/03/2012,-50700,-353690000,6.9(2.99 %),19300,129310000,70000,483000000,40218488,8.78
02/03/2012,-500000,-3550000000,7.1(5.97 %),0,0,500000,3550000000,40718488,8.28
05/03/2012,-300000,-2250000000,7.5(5.63 %),0,0,300000,2250000000,41018488,7.98
06/03/2012,-648000,-5184200000,8(6.67 %),2000,15800000,650000,5200000000,41666488,7.33
07/03/2012,-400000,-3400000000,8.5(6.25 %),0,0,400000,3400000000,42066488,6.93
08/03/2012,-408500,-3593600000,8.8(6.02 %),0,0,408500,3593600000,42474988,6.53
09/03/2012,-20000,-182000000,8.8(0.00 %),0,0,20000,182000000,42494988,6.51
12/03/2012,0,0,8.4(-6.67 %),0,0,0,0,42494988,6.51
13/03/2012,-2000,-16200000,7.9(-5.95 %),0,0,2000,16200000,42496988,6.5
14/03/2012,0,0,7.7(-2.53 %),0,0,0,0,42496988,6.5
15/03/2012,0,0,8.5(6.25 %),0,0,0,0,42496988,6.5
16/03/2012,7100,62480000,8.6(3.61 %),7100,62480000,0,0,42489888,6.51
19/03/2012,0,0,8.6(-2.27 %),0,0,0,0,42489888,6.51
20/03/2012,0,0,9.2(6.98 %),0,0,0,0,42489888,6.51
21/03/2012,0,0,9.5(6.74 %),0,0,0,0,42489888,6.51
22/03/2012,0,0,10.1(6.32 %),0,0,0,0,42489888,6.51
23/03/2012,0,0,10.8(6.93 %),0,0,0,0,42489888,6.51
26/03/2012,-333700,-3817800000,10.9(0.93 %),20000,218900000,353700,4036700000,42823588,6.18
27/03/2012,6000,64900000,10.4(-6.31 %),6000,64900000,0,0,42817588,6.18
28/03/2012,10100,100990000,10.9(4.81 %),10100,100990000,0,0,42807488,6.19
29/03/2012,-50000,-560000000,10.2(-6.42 %),0,0,50000,560000000,42857488,6.14
30/03/2012,6800,65960000,9.5(-6.86 %),6800,65960000,0,0,42850688,6.15
03/04/2012,-100000,-1004000000,10.1(6.32 %),0,0,100000,1004000000,43023488,5.98
04/04/2012,0,0,9.7(-3.96 %),0,0,0,0,43023488,5.98
05/04/2012,-250000,-2572000000,10.3(6.19 %),0,0,250000,2572000000,43273488,5.73
06/04/2012,-260000,-2860000000,11(6.80 %),0,0,260000,2860000000,43533488,5.47
09/04/2012,-221700,-2581820000,11.7(6.36 %),0,0,221700,2581820000,43755188,5.24
10/04/2012,0,0,11.8(0.85 %),0,0,0,0,43755188,5.24
11/04/2012,-16800,-210000000,12.6(6.78 %),0,0,16800,210000000,43771988,5.23
12/04/2012,0,0,13.2(4.76 %),0,0,0,0,43771988,5.23
13/04/2012,1200,15840000,12.8(-3.03 %),1200,15840000,0,0,43770788,5.23
16/04/2012,0,0,13.6(6.25 %),0,0,0,0,43770788,5.23
17/04/2012,0,0,14.5(6.62 %),0,0,0,0,43770788,5.23
18/04/2012,-9200,-144770000,15.1(4.14 %),10100,152450000,19300,297220000,43779988,5.22
19/04/2012,19800,281180000,14.2(-6.58 %),21000,299300000,1200,18120000,43760188,5.24
20/04/2012,0,-5000000,13.5(-4.93 %),10000,137000000,10000,142000000,43760188,5.24
23/04/2012,-200000,-2897000000,14.5(6.62 %),0,0,200000,2897000000,43960188,5.04
24/04/2012,-160000,-2437000000,15.5(6.90 %),0,0,160000,2437000000,44120188,4.88
25/04/2012,-17000,-280900000,16.5(6.45 %),3000,49100000,20000,330000000,44137188,4.86
26/04/2012,-74600,-1240840000,16.4(-0.61 %),1000,16800000,75600,1257640000,44211788,4.79
27/04/2012,-120000,-1932980000,16.2(-1.82 %),0,0,120000,1932980000,44331788,4.67
02/05/2012,0,0,15.2(-6.75 %),0,0,0,0,44266188,4.73
03/05/2012,1500,23700000,16.2(6.58 %),1500,23700000,0,0,44264688,4.74
04/05/2012,0,0,17.1(5.56 %),0,0,0,0,44264688,4.74
07/05/2012,-3000,-50100000,16.8(-1.18 %),0,0,3000,50100000,44267688,4.73
08/05/2012,500,7900000,15.8(-5.95 %),500,7900000,0,0,44267188,4.73
09/05/2012,0,0,15.8(0.00 %),0,0,0,0,44267188,4.73
10/05/2012,-23400,-369930000,15.4(-2.53 %),0,0,23400,369930000,44290588,4.71
11/05/2012,5500,82400000,14.9(-3.25 %),5500,82400000,0,0,44285088,4.71
14/05/2012,500,6950000,13.9(-6.71 %),500,6950000,0,0,44284588,4.72
15/05/2012,0,0,13(-6.47 %),0,0,0,0,44284588,4.72
16/05/2012,0,0,13.2(1.54 %),0,0,0,0,44284588,4.72
17/05/2012,0,0,13(0.00 %),0,0,0,0,44284588,4.72
18/05/2012,0,0,12.4(-4.62 %),0,0,0,0,44284588,4.72
21/05/2012,-10000,-126000000,13.2(6.45 %),0,0,10000,126000000,44294588,4.71
22/05/2012,0,0,14.1(6.82 %),0,0,0,0,44294588,4.71
23/05/2012,-900,-12420000,13.2(-6.38 %),0,0,900,12420000,44295488,4.7
24/05/2012,0,0,14.1(6.82 %),0,0,0,0,44295488,4.7
25/05/2012,0,0,14.9(6.43 %),0,0,0,0,44295488,4.7
28/05/2012,0,0,14.7(-1.34 %),0,0,0,0,44295488,4.7
29/05/2012,0,0,14.6(0.00 %),0,0,0,0,44295488,4.7
30/05/2012,3000,45000000,14.9(2.05 %),3000,45000000,0,0,44292488,4.71
31/05/2012,0,0,14.3(-4.67 %),0,0,0,0,44292488,4.71
01/06/2012,0,0,14.4(0.00 %),0,0,0,0,44508088,4.49
04/06/2012,200,2780000,13.8(-4.17 %),200,2780000,0,0,44507888,4.49
05/06/2012,-1800,-24820000,14.3(3.62 %),200,2780000,2000,27600000,44509688,4.49
06/06/2012,0,0,14.6(0.69 %),0,0,0,0,44509688,4.49
07/06/2012,-3000,-44700000,14.8(0.68 %),0,0,3000,44700000,44512688,4.49
08/06/2012,0,0,14.6(-2.01 %),0,0,0,0,44512688,4.49
11/06/2012,0,0,14.8(1.37 %),0,0,0,0,44512688,4.49
12/06/2012,0,0,14.8(0.00 %),0,0,0,0,44512688,4.49
13/06/2012,0,0,14.7(-0.68 %),0,0,0,0,44512688,4.49
14/06/2012,0,0,14.7(-0.68 %),0,0,0,0,44512688,4.49
15/06/2012,0,0,15(1.35 %),0,0,0,0,44512688,4.49
18/06/2012,-200,-3060000,15(0.00 %),0,0,200,3060000,44512888,4.49
19/06/2012,-200,-3040000,14.7(-2.00 %),0,0,200,3040000,44513088,4.49
20/06/2012,0,0,14.3(-3.38 %),0,0,0,0,44513088,4.49
21/06/2012,0,0,13.9(-2.80 %),0,0,0,0,44513088,4.49
22/06/2012,0,0,13.4(-3.60 %),0,0,0,0,44513088,4.49
25/06/2012,0,0,12.6(-5.97 %),0,0,0,0,44513088,4.49
26/06/2012,10000,100000000,10.3(6.19 %),10000,100000000,0,0,44503088,4.5
27/06/2012,1000,10700000,10.4(0.97 %),1000,10700000,0,0,44502088,4.5
28/06/2012,0,0,10.5(0.96 %),0,0,0,0,44502088,4.5
29/06/2012,0,0,10.2(-2.86 %),0,0,0,0,44502088,4.5
02/07/2012,-10000,-95000000,9.5(-6.86 %),0,0,10000,95000000,44502088,4.5
03/07/2012,50000,453000000,9.1(-4.21 %),50000,453000000,0,0,44452088,4.55
04/07/2012,10200,86830000,8.5(-5.56 %),10200,86830000,0,0,44441888,4.56
05/07/2012,300,2700000,9(5.88 %),300,2700000,0,0,44441588,4.56
06/07/2012,0,0,9.5(5.56 %),0,0,0,0,44441588,4.56
09/07/2012,-50000,-465000000,9(-6.25 %),0,0,50000,465000000,44491588,4.51
10/07/2012,-10200,-90770000,8.7(-3.33 %),0,0,10200,90770000,44501788,4.5
11/07/2012,-300,-2650000,9.2(4.55 %),0,0,300,2650000,44502088,4.5
12/07/2012,0,0,9.6(5.49 %),0,0,0,0,44502088,4.5
13/07/2012,0,0,10.1(6.32 %),0,0,0,0,44502088,4.5
16/07/2012,0,0,9.6(-4.00 %),0,0,0,0,44502088,4.5
17/07/2012,0,0,10.2(6.25 %),0,0,0,0,44502088,4.5
18/07/2012,11500,116150000,10.1(-0.98 %),11500,116150000,0,0,44490588,4.51
19/07/2012,10100,102030000,10.9(6.86 %),10100,102030000,0,0,44480488,4.52
20/07/2012,0,0,11.1(1.83 %),0,0,0,0,44480488,4.52
23/07/2012,0,0,11(-0.90 %),0,0,0,0,44480488,4.52
24/07/2012,-5500,-61250000,10.2(-6.42 %),6000,61800000,11500,123050000,44485988,4.51
25/07/2012,-10100,-103020000,10.2(0.00 %),0,0,10100,103020000,44496088,4.5
26/07/2012,0,0,10.7(5.94 %),0,0,0,0,44496088,4.5
27/07/2012,0,0,10.4(-2.80 %),0,0,0,0,44496088,4.5
30/07/2012,-6000,-62380000,10.4(0.00 %),0,0,6000,62380000,44502088,4.5
31/07/2012,0,0,9.9(-4.81 %),0,0,0,0,44502088,4.5
01/08/2012,100,960000,9.8(-2.00 %),100,960000,0,0,57859915,0.0
02/08/2012,0,0,9.7(-1.02 %),0,0,0,0,57859915,0.0
03/08/2012,0,0,9.9(2.06 %),0,0,0,0,57859915,4.49
06/08/2012,-90,-837000,10.4(5.05 %),0,0,90,837000,57860005,4.49
07/08/2012,0,0,10.1(-2.88 %),0,0,0,0,57860005,4.49
08/08/2012,100,1020000,10.4(2.97 %),100,1020000,0,0,57859905,4.49
09/08/2012,0,0,10.4(0.00 %),0,0,0,0,57859905,4.49
10/08/2012,0,0,9.7(2.11 %),0,0,0,0,57859905,4.49
13/08/2012,1000,9450000,9.4(-3.09 %),1000,9450000,0,0,57858905,4.49
14/08/2012,-100,-950000,9.4(-1.05 %),0,0,100,950000,57859005,4.49
15/08/2012,0,0,9.3(-1.06 %),0,0,0,0,57859005,4.49
16/08/2012,0,0,9.2(-1.08 %),0,0,0,0,57859005,4.49
17/08/2012,0,0,9.2(0.00 %),0,0,0,0,57859005,4.49
20/08/2012,500,4650000,9.3(0.00 %),500,4650000,0,0,57858505,4.49
21/08/2012,57000,497800000,8.7(-6.45 %),57000,497800000,0,0,57801505,4.54
22/08/2012,39000,316000000,8.1(-6.90 %),39000,316000000,0,0,57762505,4.57
23/08/2012,57000,437000000,7.6(-6.17 %),57000,437000000,0,0,57705505,4.61
24/08/2012,3000,21900000,7.6(0.00 %),3000,21900000,0,0,57702505,4.61
27/08/2012,0,0,7.1(-6.58 %),0,0,0,0,57702505,4.61
28/08/2012,7000,49000000,6.9(-2.82 %),7000,49000000,0,0,57695505,4.62
29/08/2012,0,0,7.3(5.80 %),0,0,0,0,57695505,4.62
30/08/2012,0,0,7.7(5.48 %),0,0,0,0,57695505,4.62
31/08/2012,0,0,7.7(0.00 %),0,0,0,0,57695505,4.62
04/09/2012,0,0,7.6(-1.30 %),0,0,0,0,63488028,0.16
05/09/2012,0,0,7.3(-5.19 %),0,0,0,0,63488028,0.16
06/09/2012,0,0,7.1(-2.74 %),0,0,0,0,63488028,0.16
07/09/2012,0,0,7.3(2.82 %),0,0,0,0,63488028,0.16
10/09/2012,2200,15160000,6.8(-6.85 %),2200,15160000,0,0,63485828,0.16
11/09/2012,800,5360000,6.7(-1.47 %),800,5360000,0,0,63485028,0.17
12/09/2012,500,3500000,6.8(1.49 %),500,3500000,0,0,63484528,0.17
13/09/2012,1500,10050000,6.9(1.47 %),1500,10050000,0,0,63483028,0.17
14/09/2012,30000,212500000,7.1(2.90 %),30000,212500000,0,0,63453028,0.19
17/09/2012,0,0,6.8(-4.23 %),0,0,0,0,63453028,0.19
18/09/2012,0,0,6.5(-5.80 %),0,0,0,0,63453028,0.19
19/09/2012,0,0,6.5(0.00 %),0,0,0,0,63453028,4.63
20/09/2012,0,0,6.3(-3.08 %),0,0,0,0,63453028,4.63
21/09/2012,1670,10873000,6.7(6.35 %),1700,11050000,30,177000,63451358,4.63
24/09/2012,3300,21120000,6.3(-4.55 %),3300,21120000,0,0,63448058,4.63
25/09/2012,0,0,6.2(-1.59 %),0,0,0,0,63448058,4.63
26/09/2012,0,0,6.3(1.61 %),0,0,0,0,63448058,4.63
27/09/2012,-2,-12000,6.2(-3.12 %),0,0,2,12000,63448060,4.63
28/09/2012,0,0,6.2(0.00 %),0,0,0,0,63448060,4.63
01/10/2012,2000,11800000,5.7(-6.56 %),2000,11800000,0,0,63446058,4.63
02/10/2012,5000,27520000,5.5(-3.51 %),5000,27520000,0,0,63441058,4.64
03/10/2012,0,0,5.6(1.82 %),0,0,0,0,63441058,4.64
04/10/2012,2000,10990000,5.4(-3.57 %),2100,11550000,100,560000,63439058,4.64
05/10/2012,900,4950000,5.6(3.70 %),900,4950000,0,0,63438158,4.64
08/10/2012,25000,145000000,5.9(5.36 %),25000,145000000,0,0,63413158,4.66
09/10/2012,0,0,6.2(5.08 %),0,0,0,0,63413158,4.66
10/10/2012,0,0,6.4(4.92 %),0,0,0,0,63413158,4.66
11/10/2012,-29500,-194800000,6.5(3.17 %),500,3200000,30000,198000000,63442658,4.63
12/10/2012,-63700,-407680000,6.3(-1.56 %),300,1920000,64000,409600000,63506358,4.59
15/10/2012,-48000,-302400000,6.1(-3.17 %),0,0,48000,302400000,63554358,4.56
16/10/2012,-40000,-252000000,6.5(6.56 %),0,0,40000,252000000,63594358,4.53
17/10/2012,0,0,6.5(0.00 %),0,0,0,0,63594358,4.53
18/10/2012,0,0,6.5(0.00 %),0,0,0,0,63594358,4.53
19/10/2012,0,0,6.2(-4.62 %),0,0,0,0,63594358,4.53
22/10/2012,-20000,-118000000,6(-3.23 %),0,0,20000,118000000,63614358,4.51
23/10/2012,0,0,6.1(1.67 %),0,0,0,0,63614358,4.51
24/10/2012,0,0,5.9(-3.28 %),0,0,0,0,63614358,4.51
25/10/2012,0,0,5.6(-6.67 %),0,0,0,0,63614358,4.51
26/10/2012,20000,106000000,5.5(-1.79 %),20000,106000000,0,0,63594358,4.53
29/10/2012,100,550000,5.5(0.00 %),100,550000,0,0,63594258,4.53
30/10/2012,0,0,5.5(0.00 %),0,0,0,0,63594258,4.53
31/10/2012,4400,23760000,5.4(-1.82 %),4400,23760000,0,0,63589858,4.53
01/11/2012,0,0,5.4(0.00 %),0,0,0,0,63589860,4.53
02/11/2012,0,0,5.1(-5.56 %),0,0,0,0,63589860,4.53
05/11/2012,-5000,-24000000,4.8(-5.88 %),0,0,5000,24000000,63594860,4.53
06/11/2012,-10,-45000,4.5(-6.25 %),0,0,10,45000,63594870,4.53
07/11/2012,3900,16660000,4.3(-4.44 %),5000,21500000,1100,4840000,63590970,4.53
08/11/2012,10000,40500000,4(-6.98 %),10000,40500000,0,0,63580970,4.54
09/11/2012,2000,8000000,4.1(2.50 %),2000,8000000,0,0,63578970,4.54
12/11/2012,0,0,4.3(4.88 %),0,0,0,0,63578970,4.54
13/11/2012,28200,125400000,4.5(4.65 %),28200,125400000,0,0,63550770,4.56
14/11/2012,0,0,4.3(-2.27 %),0,0,0,0,63550770,4.56
15/11/2012,0,0,4.1(-4.65 %),0,0,0,0,63550770,4.56
16/11/2012,6000,24600000,4.3(4.88 %),6000,24600000,0,0,63544770,4.56
19/11/2012,0,0,4.4(4.76 %),0,0,0,0,63544770,4.56
20/11/2012,0,0,4.5(4.65 %),0,0,0,0,63544770,4.56
21/11/2012,0,0,4.2(-6.67 %),0,0,0,0,63544770,4.56
22/11/2012,0,0,4.3(2.38 %),0,0,0,0,63544770,4.56
23/11/2012,0,0,4.2(-2.33 %),0,0,0,0,63544770,4.56
26/11/2012,0,0,4.2(0.00 %),0,0,0,0,63544770,4.56
27/11/2012,10000,42000000,4.2(0.00 %),10000,42000000,0,0,63534770,4.57
28/11/2012,0,0,4.1(-2.38 %),0,0,0,0,63534770,4.57
29/11/2012,20000,84000000,4.1(0.00 %),20000,84000000,0,0,63514770,4.58
30/11/2012,0,0,4.2(2.44 %),0,0,0,0,63514770,4.58
03/12/2012,0,0,4.3(2.38 %),0,0,0,0,63514770,4.58
04/12/2012,5000,22000000,4.4(4.76 %),5000,22000000,0,0,63509770,4.59
05/12/2012,0,0,4.6(4.55 %),0,0,0,0,63509770,4.59
06/12/2012,100000,460000000,4.7(2.17 %),100000,460000000,0,0,63409770,4.66
07/12/2012,10100,47440000,4.7(2.17 %),10100,47440000,0,0,63399670,4.66
10/12/2012,24000,116600000,5(6.38 %),24000,116600000,0,0,63375670,4.68
11/12/2012,0,1000000,5.3(6.00 %),20000,104000000,20000,103000000,63375670,4.68
12/12/2012,36400,192820000,5.5(5.77 %),36400,192820000,0,0,63339270,4.71
13/12/2012,90000,477530000,5.4(-1.82 %),100000,532530000,10000,55000000,63249270,4.77
14/12/2012,50000,270000000,5.4(1.89 %),50000,270000000,0,0,63199270,4.8
17/12/2012,1200,9240000,5.7(5.56 %),9200,52440000,8000,43200000,63198070,4.81
18/12/2012,8200,47560000,5.9(3.51 %),8200,47560000,0,0,63189870,4.81
19/12/2012,18800,114780000,6.2(6.90 %),18800,114780000,0,0,63171070,4.82
20/12/2012,8300,51220000,6(-3.23 %),8300,51220000,0,0,63162770,4.83
21/12/2012,-25400,-150660000,6(-1.64 %),3600,21240000,29000,171900000,63188170,4.81
24/12/2012,-15000,-99500000,6.1(1.67 %),50000,300000000,65000,399500000,63203170,4.8
25/12/2012,75000,442500000,6(0.00 %),80000,472000000,5000,29500000,63128170,4.85
26/12/2012,-40000,-247000000,6.3(6.78 %),0,0,40000,247000000,63168170,4.83
27/12/2012,7200,48020000,6.7(6.35 %),7200,48020000,0,0,63160970,4.83
28/12/2012,8600,57620000,7.1(5.97 %),8600,57620000,0,0,63152370,4.84
02/01/2013,-25600,-186300000,7.5(5.63 %),29600,216660000,55200,402960000,63082770,4.89
03/01/2013,3000,22400000,7(-6.67 %),11000,81200000,8000,58800000,63079770,4.89
04/01/2013,-125000,-865000000,7.2(2.86 %),0,0,125000,865000000,63204770,4.8
07/01/2013,600,4380000,6.9(-5.48 %),600,4380000,0,0,63204170,4.8
08/01/2013,20000,146000000,7.3(5.80 %),100000,730000000,80000,584000000,63184170,4.82
09/01/2013,105100,805690000,7.1(-2.74 %),110100,841690000,5000,36000000,63079070,4.89
10/01/2013,-12000,-88300000,7.5(5.63 %),0,0,12000,88300000,63091070,4.88
11/01/2013,52000,373200000,7.3(-2.67 %),93000,690900000,41000,317700000,63039070,4.92
14/01/2013,43300,315390000,7.4(1.37 %),48300,353390000,5000,38000000,62995770,4.95
15/01/2013,19000,144300000,7.8(5.41 %),19000,144300000,0,0,62976770,4.96
16/01/2013,100500,775670000,7.6(-2.56 %),125500,975670000,25000,200000000,62876270,5.03
17/01/2013,-14000,-106400000,7.4(-3.90 %),0,0,14000,106400000,62890270,5.02
18/01/2013,0,0,7.4(0.00 %),0,0,0,0,62890270,5.02
21/01/2013,-90000,-684000000,7.5(1.35 %),10000,76000000,100000,760000000,62980270,4.96
22/01/2013,0,0,7.2(-4.00 %),0,0,0,0,62980270,4.96
23/01/2013,0,0,7.2(0.00 %),0,0,0,0,62980270,4.96
24/01/2013,-700000,-5348130000,7.8(9.86 %),0,0,700000,5348130000,63680270,4.47
25/01/2013,-790400,-6412640000,8.2(5.13 %),2000,16800000,792400,6429440000,64470670,3.92
28/01/2013,-320800,-2750880000,8.4(1.20 %),129200,1099120000,450000,3850000000,64791470,3.69
29/01/2013,52800,416640000,8.3(-1.19 %),567800,4766140000,515000,4349500000,64738670,3.73
30/01/2013,-104700,-888280000,8.3(0.00 %),45300,381720000,150000,1270000000,64843370,3.65
31/01/2013,-104600,-910680000,8.4(1.20 %),2900,24070000,107500,934750000,64947970,3.58
01/02/2013,-4200,-35860000,8.7(3.57 %),9500,80750000,13700,116610000,64261170,4.06
04/02/2013,-250000,-2254000000,9(3.45 %),5000,45000000,255000,2299000000,64511170,3.89
05/02/2013,-300500,-2744500000,9(0.00 %),0,0,300500,2744500000,64811670,3.68
06/02/2013,-200000,-1860000000,9.3(3.33 %),0,0,200000,1860000000,65011670,3.54
07/02/2013,-280400,-2704800000,9.8(6.52 %),0,0,280400,2704800000,65292070,3.34
08/02/2013,12800,122880000,9.6(-1.03 %),12800,122880000,0,0,65279270,3.35
18/02/2013,0,0,9.6(0.00 %),0,0,0,0,65279270,3.35
19/02/2013,-302000,-2939400000,9.7(1.04 %),0,0,302000,2939400000,65581270,3.14
20/02/2013,-387600,-3972800000,10.6(9.28 %),144500,1517250000,532100,5490050000,65968870,2.87
21/02/2013,-177900,-1947650000,9.6(-9.43 %),2900,32190000,180800,1979840000,66146770,2.74
22/02/2013,3000,24300000,10(4.17 %),8000,74300000,5000,50000000,66143770,2.75
25/02/2013,-100000,-1020000000,10(1.01 %),0,0,100000,1020000000,66243770,2.68
26/02/2013,16200,141620000,9(-10.00 %),20000,180000000,3800,38380000,66227570,2.69
27/02/2013,-101000,-921600000,9.1(0.00 %),4000,34400000,105000,956000000,66328570,2.62
28/02/2013,-166000,-1554800000,9.1(0.00 %),4000,37200000,170000,1592000000,66494570,2.5
01/03/2013,-4000,-36400000,8.8(-3.30 %),0,0,4000,36400000,67001970,2.15
04/03/2013,100,880000,8.1(-8.99 %),100,880000,0,0,67001870,2.15
05/03/2013,5000,37500000,7.3(-9.88 %),5000,37500000,0,0,66996870,2.15
06/03/2013,-95000,-751500000,8(9.59 %),5000,38500000,100000,790000000,67091870,2.08
07/03/2013,4000,30000000,7.5(-5.06 %),6000,45000000,2000,15000000,67087870,2.09
08/03/2013,-103500,-801300000,7.8(4.00 %),0,0,103500,801300000,67191370,2.01
11/03/2013,-300000,-2460000000,8.5(8.97 %),0,0,300000,2460000000,67491370,1.8
12/03/2013,-50000,-455000000,8.7(2.35 %),150000,1275000000,200000,1730000000,67541370,1.77
13/03/2013,0,0,8.3(-3.49 %),0,0,0,0,67541370,1.77
14/03/2013,-30000,-255000000,8.5(2.41 %),0,0,30000,255000000,67571370,1.75
15/03/2013,-280000,-2437000000,9(5.88 %),0,0,280000,2437000000,67851370,1.55
18/03/2013,-103400,-923260000,8.6(-3.37 %),15000,130500000,118400,1053760000,67954770,1.48
19/03/2013,-197300,-1691690000,8.6(1.18 %),11400,97260000,208700,1788950000,68152070,1.34
20/03/2013,-15084,-135655200,8.6(0.00 %),15000,129000000,30084,264655200,68167154,1.33
21/03/2013,10000,86000000,8.6(0.00 %),10000,86000000,0,0,68157154,1.34
22/03/2013,-10000,-84000000,8.4(-2.33 %),0,0,10000,84000000,68167154,1.33
25/03/2013,-5000,-42500000,8.4(0.00 %),0,0,5000,42500000,68172154,1.33
26/03/2013,-20000,-168000000,8.2(-2.38 %),0,0,20000,168000000,68192154,1.31
27/03/2013,8000,61440000,7.8(-4.88 %),13000,101440000,5000,40000000,68184154,1.32
28/03/2013,0,0,7.6(-2.56 %),0,0,0,0,68184154,1.32
29/03/2013,0,0,7.7(1.32 %),0,0,0,0,68184154,1.32
01/04/2013,-7400,-65500000,8.2(7.89 %),12600,94500000,20000,160000000,68449354,1.13
02/04/2013,7200,59040000,8(-2.44 %),10000,82000000,2800,22960000,68442154,1.14
03/04/2013,-5000,-41500000,8.2(3.80 %),0,0,5000,41500000,68447154,1.13
04/04/2013,0,0,7.9(-3.66 %),0,0,0,0,68447154,1.13
05/04/2013,-44200,-349180000,7.9(0.00 %),20000,156000000,64200,505180000,68491354,1.1
08/04/2013,20000,154000000,7.7(-2.53 %),20000,154000000,0,0,68471354,1.12
09/04/2013,0,0,7.9(2.60 %),0,0,0,0,68471354,1.12
10/04/2013,40000,306000000,7.5(-5.06 %),40000,306000000,0,0,68431354,1.15
11/04/2013,53000,396500000,7.6(1.33 %),63000,472500000,10000,76000000,68378354,1.18
12/04/2013,5200,37960000,7.4(-2.63 %),5200,37960000,0,0,68373154,1.19
15/04/2013,82500,597750000,6.9(-6.76 %),152500,1080750000,70000,483000000,68290654,1.24
16/04/2013,2500,16250000,6.9(0.00 %),7500,50250000,5000,34000000,68288154,1.25
17/04/2013,0,0,6.9(0.00 %),0,0,0,0,68288154,1.25
18/04/2013,-74000,-495800000,6.6(-4.35 %),0,0,74000,495800000,68362154,1.19
22/04/2013,15000,96000000,6.2(-6.06 %),55000,346000000,40000,250000000,68347154,1.2
23/04/2013,0,0,6.4(4.92 %),0,0,0,0,68347154,1.2
24/04/2013,-5000,-32500000,6.4(0.00 %),0,0,5000,32500000,68352154,1.2
25/04/2013,0,0,6.7(4.69 %),0,0,0,0,68352154,1.2
26/04/2013,75000,487500000,6.6(0.00 %),75000,487500000,0,0,68277154,1.25
02/05/2013,0,0,6.6(1.54 %),0,0,0,0,68297154,1.24
03/05/2013,60000,402000000,6.9(4.55 %),60000,402000000,0,0,68237154,1.28
06/05/2013,-30000,-222000000,7.5(8.70 %),20000,148000000,50000,370000000,68267154,1.26
07/05/2013,0,0,7.6(1.33 %),0,0,0,0,68267154,1.26
08/05/2013,25000,187500000,7.3(-3.95 %),125000,937500000,100000,750000000,68242154,1.28
09/05/2013,0,0,7.6(4.11 %),0,0,0,0,68242154,1.28
10/05/2013,0,0,7.6(0.00 %),0,0,0,0,68242154,1.28
13/05/2013,0,0,7.9(3.95 %),0,0,0,0,68242154,1.28
14/05/2013,26000,197600000,7.6(-2.56 %),26000,197600000,0,0,68216154,1.3
15/05/2013,0,0,7.6(0.00 %),0,0,0,0,68216154,1.3
16/05/2013,0,0,7.6(0.00 %),0,0,0,0,68216154,1.3
17/05/2013,0,0,7.4(-2.63 %),0,0,0,0,68216154,1.3
20/05/2013,-2900,-21170000,7.7(4.05 %),0,0,2900,21170000,68219054,1.29
21/05/2013,0,-500000,7.7(1.32 %),5000,39000000,5000,39500000,68219054,1.29
22/05/2013,-26000,-208000000,7.9(1.28 %),0,0,26000,208000000,68245054,1.28
23/05/2013,0,0,7.8(-1.27 %),0,0,0,0,68245054,1.28
24/05/2013,0,0,8(2.56 %),0,0,0,0,68245054,1.28
27/05/2013,0,0,8.2(3.80 %),0,0,0,0,68245054,1.28
28/05/2013,0,0,8.4(2.44 %),0,0,0,0,68245054,1.28
29/05/2013,13300,112290000,8.2(-2.38 %),13300,112290000,0,0,68231754,1.29
30/05/2013,5000,40500000,8.5(3.66 %),5000,40500000,0,0,68226754,1.29
31/05/2013,45000,387500000,8.4(-1.18 %),50000,430000000,5000,42500000,68181754,1.32
03/06/2013,10000,84000000,8.4(0.00 %),10000,84000000,0,0,68171754,1.33
04/06/2013,-85900,-725100000,8.1(-3.57 %),60000,480000000,145900,1205100000,68257654,1.27
05/06/2013,-11300,-92530000,8.2(1.23 %),500,4050000,11800,96580000,68268954,1.26
06/06/2013,-60,-444000,8.4(2.44 %),0,0,60,444000,68269014,1.26
07/06/2013,0,0,8.2(-1.20 %),0,0,0,0,68269014,1.26
10/06/2013,100,830000,8.1(-2.41 %),100,830000,0,0,68268914,1.26
11/06/2013,0,0,8.1(0.00 %),0,0,0,0,68268914,1.26
12/06/2013,-100000,-811000000,8.1(1.25 %),10000,80000000,110000,891000000,68368914,1.19
13/06/2013,-40000,-308000000,7.9(3.95 %),0,0,40000,308000000,68408914,1.16
14/06/2013,0,0,7.9(1.28 %),0,0,0,0,68408914,1.16
17/06/2013,40000,298000000,7.5(-3.85 %),40000,298000000,0,0,68368914,1.19
18/06/2013,5000,37000000,7.5(1.35 %),5000,37000000,0,0,68363914,1.19
19/06/2013,-50000,-375000000,7.3(-2.67 %),0,0,50000,375000000,68413914,1.16
20/06/2013,20500,145650000,7.2(-1.37 %),20500,145650000,0,0,68393414,1.17
21/06/2013,-140000,-994000000,7.1(0.00 %),0,0,140000,994000000,68533414,1.07
24/06/2013,5000,35000000,6.9(-2.82 %),5000,35000000,0,0,68528414,1.08
25/06/2013,0,0,6.7(-4.29 %),0,0,0,0,68528414,1.08
26/06/2013,1900,12920000,6.8(1.49 %),1900,12920000,0,0,68526514,1.08
27/06/2013,0,0,7(2.94 %),0,0,0,0,68526514,1.08
28/06/2013,0,0,6.9(-1.43 %),0,0,0,0,68526514,1.08
01/07/2013,-100,-680000,6.8(-1.45 %),0,0,100,680000,68531514,1.08
02/07/2013,0,0,6.9(1.47 %),0,0,0,0,68531514,1.08
03/07/2013,0,0,6.8(-1.45 %),0,0,0,0,68531514,1.08
04/07/2013,0,0,6.8(0.00 %),0,0,0,0,68531514,1.08
05/07/2013,0,0,6.6(-1.49 %),0,0,0,0,68531514,1.08
08/07/2013,0,0,6.6(0.00 %),0,0,0,0,68531514,1.08
09/07/2013,10000,67000000,6.8(3.03 %),10000,67000000,0,0,68521514,1.08
10/07/2013,10000,70000000,7(2.94 %),10000,70000000,0,0,68511514,1.09
11/07/2013,0,0,7(1.45 %),0,0,0,0,68511514,1.09
12/07/2013,10000,72000000,7.4(5.71 %),10000,72000000,0,0,68501514,1.1
15/07/2013,10000,73000000,7.3(0.00 %),10000,73000000,0,0,68491514,1.1
16/07/2013,0,0,7.3(0.00 %),0,0,0,0,68491514,1.1
17/07/2013,0,0,7.4(1.37 %),0,0,0,0,68491514,1.1
18/07/2013,0,0,7.1(-2.74 %),0,0,0,0,68491514,1.1
19/07/2013,100000,716350000,7.1(0.00 %),100000,716350000,0,0,68391514,1.17
22/07/2013,0,0,7.1(0.00 %),0,0,0,0,68391514,1.17
23/07/2013,0,0,7(-1.41 %),0,0,0,0,68391514,1.17
24/07/2013,-288600,-1962480000,6.8(-2.86 %),0,0,288600,1962480000,68680114,0.97
25/07/2013,0,0,6.6(-2.94 %),0,0,0,0,68680114,0.97
26/07/2013,0,0,6.7(0.00 %),0,0,0,0,68680114,0.97
29/07/2013,0,0,6.5(-2.99 %),0,0,0,0,68680114,0.97
30/07/2013,25000,165000000,6.6(1.54 %),25000,165000000,0,0,68655114,0.99
31/07/2013,10400,67600000,6.5(-1.52 %),10400,67600000,0,0,68644714,1.0
01/08/2013,0,0,6.6(1.54 %),0,0,0,0,71809847,0.0
02/08/2013,0,0,6.7(1.52 %),0,0,0,0,71809847,0.0
05/08/2013,0,0,6.6(-1.49 %),0,0,0,0,71809847,0.0
06/08/2013,-264400,-1727690000,6.5(-1.52 %),0,0,264400,1727690000,72074247,0.0
07/08/2013,-74237,-489257000,6.5(0.00 %),0,0,74237,489257000,72148484,0.0
08/08/2013,0,0,6.5(0.00 %),0,0,0,0,72148484,0.0
09/08/2013,-165200,-1064280000,6.4(-1.54 %),0,0,165200,1064280000,72313684,0.0
12/08/2013,-14701,-93116100,6.3(-1.56 %),0,0,14701,93116100,72328385,0.0
13/08/2013,0,0,6.1(-3.17 %),0,0,0,0,72328385,0.0
14/08/2013,-31487,-194302000,6.4(4.92 %),0,0,31487,194302000,72359872,0.0
15/08/2013,-65,-377000,6.4(0.00 %),0,0,65,377000,72359937,0.0
16/08/2013,0,0,6.4(0.00 %),0,0,0,0,72359937,0.0
19/08/2013,0,0,6.7(4.69 %),0,0,0,0,72359937,0.0
20/08/2013,0,0,6.6(-1.49 %),0,0,0,0,72359937,0.0
21/08/2013,0,0,6.5(-1.52 %),0,0,0,0,72359937,0.0
22/08/2013,0,0,6.3(-3.08 %),0,0,0,0,72359937,0.0
23/08/2013,0,0,6.3(0.00 %),0,0,0,0,72359937,0.0
26/08/2013,15000,95000000,6.4(1.59 %),15000,95000000,0,0,72344937,0.0
27/08/2013,0,0,6.3(-1.56 %),0,0,0,0,72344937,0.0
28/08/2013,-17200,-104920000,6.1(-3.17 %),3800,23180000,21000,128100000,72362137,0.0
29/08/2013,0,0,6(-1.64 %),0,0,0,0,72362137,0.0
30/08/2013,0,0,6.2(3.33 %),0,0,0,0,72362137,0.0
03/09/2013,0,0,6.1(-1.61 %),0,0,0,0,71809847,0.0
04/09/2013,0,0,5.9(-3.28 %),0,0,0,0,71809847,0.0
05/09/2013,0,0,5.8(-1.69 %),0,0,0,0,71809847,0.0
06/09/2013,12200,69540000,5.5(-5.17 %),12200,69540000,0,0,71797647,0.0
09/09/2013,0,0,5.2(-5.45 %),0,0,0,0,71797647,0.0
10/09/2013,0,0,5.4(3.85 %),0,0,0,0,71797647,0.0
11/09/2013,0,0,5.5(1.85 %),0,0,0,0,71797647,0.0
12/09/2013,0,0,5.3(-3.64 %),0,0,0,0,71797647,0.0
13/09/2013,0,0,5.3(0.00 %),0,0,0,0,71797647,0.0
16/09/2013,0,0,5.2(-1.89 %),0,0,0,0,71797647,0.0
17/09/2013,-100,-520000,5(-3.85 %),0,0,100,520000,71797747,0.0
18/09/2013,120000,582000000,4.7(-6.00 %),120000,582000000,0,0,71677747,0.0
19/09/2013,0,0,4.9(4.26 %),0,0,0,0,71677747,0.0
20/09/2013,74000,363400000,5.1(4.08 %),74000,363400000,0,0,71603747,0.0
23/09/2013,0,0,5.4(5.88 %),0,0,0,0,71603747,0.0
24/09/2013,10000,54000000,5.3(-1.85 %),10000,54000000,0,0,71593747,0.0
25/09/2013,0,0,5.7(7.55 %),0,0,0,0,71593747,0.0
26/09/2013,0,0,5.7(0.00 %),0,0,0,0,71593747,0.0
27/09/2013,38500,218600000,5.6(-1.75 %),38500,218600000,0,0,71555247,0.0
30/09/2013,0,0,5.9(5.36 %),0,0,0,0,71555247,0.0
01/10/2013,10000,59000000,5.8(-1.69 %),10000,59000000,0,0,71809847,0.0
02/10/2013,-4000,-24000000,6(3.45 %),0,0,4000,24000000,71813847,0.0
03/10/2013,0,0,5.9(-1.67 %),0,0,0,0,71813847,0.0
04/10/2013,0,0,5.8(-1.69 %),0,0,0,0,71813847,0.0
07/10/2013,0,0,5.8(0.00 %),0,0,0,0,71813847,0.0
08/10/2013,0,0,5.8(0.00 %),0,0,0,0,71813847,0.0
09/10/2013,0,0,5.7(-1.72 %),0,0,0,0,71813847,0.0
10/10/2013,10000,56000000,5.5(-3.51 %),10000,56000000,0,0,71803847,0.0
11/10/2013,0,0,5.4(-1.82 %),0,0,0,0,71803847,0.0
14/10/2013,0,0,5.2(-3.70 %),0,0,0,0,71803847,0.0
15/10/2013,-7800,-42750000,5.5(5.77 %),0,0,7800,42750000,71811647,0.0
16/10/2013,0,0,5.5(0.00 %),0,0,0,0,71811647,0.0
17/10/2013,26000,144300000,5.5(0.00 %),26000,144300000,0,0,71785647,0.0
18/10/2013,18000,101600000,5.7(3.64 %),18000,101600000,0,0,71767647,0.0
21/10/2013,-8700,-52300000,5.8(1.75 %),22000,131900000,30700,184200000,71776347,0.0
22/10/2013,5900,34660000,5.9(1.72 %),5900,34660000,0,0,71770447,0.0
23/10/2013,0,0,6(1.69 %),0,0,0,0,71770447,0.0
24/10/2013,0,0,5.8(-3.33 %),0,0,0,0,71770447,0.0
25/10/2013,0,0,5.8(0.00 %),0,0,0,0,71770447,0.0
28/10/2013,0,0,5.6(-3.45 %),0,0,0,0,71770447,0.0
29/10/2013,-30000,-171000000,5.8(3.57 %),0,0,30000,171000000,71800447,0.0
30/10/2013,10000,57000000,5.8(0.00 %),10000,57000000,0,0,71790447,0.0
31/10/2013,-10000,-58000000,5.8(0.00 %),0,0,10000,58000000,71800447,0.0
01/11/2013,-2500,-14500000,5.8(0.00 %),0,0,2500,14500000,71809847,0.0
04/11/2013,14000,84700000,6.2(6.90 %),14000,84700000,0,0,71795847,0.0
05/11/2013,-5000,-31000000,6.7(8.06 %),15000,97000000,20000,128000000,71800847,0.0
06/11/2013,-93000,-613800000,6.7(0.00 %),7000,46200000,100000,660000000,71893847,0.0
07/11/2013,-88400,-597680000,6.6(-1.49 %),11300,75280000,99700,672960000,71982247,0.0
08/11/2013,10000,66000000,6.6(0.00 %),30000,198000000,20000,132000000,71972247,0.0
11/11/2013,-5000,-33500000,7(6.06 %),0,0,5000,33500000,71977247,0.0
12/11/2013,-15000,-102500000,6.8(-2.86 %),0,0,15000,102500000,71992247,0.0
13/11/2013,0,500000,6.6(-2.94 %),5000,33500000,5000,33000000,71977247,0.0
14/11/2013,-177500,-1188750000,6.6(0.00 %),0,0,177500,1188750000,72154747,0.0
15/11/2013,-97500,-655250000,6.7(1.52 %),0,0,97500,655250000,72252247,0.0
18/11/2013,-215000,-1492800000,7(4.48 %),10000,70000000,225000,1562800000,72467247,0.0
19/11/2013,-10000,-70000000,7.1(1.43 %),0,0,10000,70000000,72477247,0.0
20/11/2013,-500,-3620000,7.3(2.82 %),0,0,500,3620000,72477747,0.0
21/11/2013,0,0,7(-4.11 %),0,0,0,0,72477747,0.0
22/11/2013,0,0,6.9(-1.43 %),0,0,0,0,72477747,0.0
25/11/2013,-7300,-51100000,6.9(0.00 %),0,0,7300,51100000,72485047,0.0
26/11/2013,-12000,-84700000,7.1(2.90 %),0,0,12000,84700000,72497047,0.0
27/11/2013,0,0,7(-1.41 %),0,0,0,0,72497047,0.0
28/11/2013,0,0,7.1(1.43 %),0,0,0,0,72497047,0.0
29/11/2013,0,0,6.9(-2.82 %),0,0,0,0,72497047,0.0
02/12/2013,0,0,6.8(-1.45 %),0,0,0,0,71809847,0.0
03/12/2013,0,0,7(2.94 %),0,0,0,0,71809847,0.0
04/12/2013,10000,72000000,7.2(2.86 %),10000,72000000,0,0,71799847,0.0
05/12/2013,5000,36500000,7.1(-1.39 %),10000,72000000,5000,35500000,71794847,0.0
06/12/2013,0,0,7.2(1.41 %),0,0,0,0,71794847,0.0
09/12/2013,125000,901200000,7.1(-1.39 %),140000,1008000000,15000,106800000,71669847,0.0
10/12/2013,-5000,-35000000,7(-1.41 %),0,0,5000,35000000,71674847,0.0
11/12/2013,-20000,-138000000,6.7(-4.29 %),0,0,20000,138000000,71694847,0.0
12/12/2013,-25000,-168000000,6.9(2.99 %),0,0,25000,168000000,71719847,0.0
13/12/2013,-5000,-34000000,6.8(-1.45 %),0,0,5000,34000000,71724847,0.0
16/12/2013,0,0,6.8(0.00 %),0,0,0,0,71724847,0.0
17/12/2013,0,0,7(2.94 %),0,0,0,0,71724847,0.0
18/12/2013,0,0,7(0.00 %),0,0,0,0,71724847,0.0
19/12/2013,0,0,7.7(10.00 %),0,0,0,0,71724847,0.0
20/12/2013,90000,730500000,8(3.90 %),90000,730500000,0,0,71634847,0.0
23/12/2013,0,0,8.1(1.25 %),0,0,0,0,71634847,0.0
24/12/2013,12000,94300000,7.9(-2.47 %),12000,94300000,0,0,71622847,0.0
25/12/2013,-56100,-450190000,8(1.27 %),3900,30810000,60000,481000000,71678947,0.0
26/12/2013,-10000,-81000000,8.1(1.25 %),0,0,10000,81000000,71688947,0.0
27/12/2013,-32000,-254800000,7.8(-3.70 %),0,0,32000,254800000,71720947,0.0
30/12/2013,18300,138910000,7.3(-6.41 %),22200,168940000,3900,30030000,71702647,0.0
31/12/2013,0,0,7.6(4.11 %),0,0,0,0,71702647,0.0
02/01/2014,0,0,7.6(0.00 %),0,0,0,0,71809847,0.0
03/01/2014,0,0,7.5(-1.32 %),0,0,0,0,71809847,0.0
06/01/2014,0,0,7.8(4.00 %),0,0,0,0,71809847,0.0
07/01/2014,0,0,7.7(-1.28 %),0,0,0,0,71809847,0.0
08/01/2014,0,0,7.9(2.60 %),0,0,0,0,71809847,0.0
09/01/2014,0,0,7.8(-1.27 %),0,0,0,0,71809847,0.0
10/01/2014,0,0,7.8(0.00 %),0,0,0,0,71809847,0.0
13/01/2014,0,0,7.7(-1.28 %),0,0,0,0,71809847,0.0
14/01/2014,0,0,7.8(1.30 %),0,0,0,0,71809847,0.0
15/01/2014,-200,-1560000,7.9(1.28 %),0,0,200,1560000,71810047,0.0
16/01/2014,0,0,7.8(-1.27 %),0,0,0,0,71810047,0.0
17/01/2014,0,0,7.5(-3.85 %),0,0,0,0,71810047,0.0
20/01/2014,0,0,7.3(-2.67 %),0,0,0,0,71810047,0.0
21/01/2014,0,0,7.6(4.11 %),0,0,0,0,71810047,0.0
22/01/2014,0,0,7.5(-1.32 %),0,0,0,0,71810047,0.0
23/01/2014,-120100,-900750000,7.5(0.00 %),0,0,120100,900750000,71930147,0.0
24/01/2014,1500,11100000,7.4(-1.33 %),1500,11100000,0,0,71928647,0.0
27/01/2014,-147500,-1106250000,7.6(2.70 %),0,0,147500,1106250000,72076147,0.0
06/02/2014,0,0,7.8(2.63 %),0,0,0,0,71809847,0.0
07/02/2014,0,0,7.7(-1.28 %),0,0,0,0,71809847,0.0
10/02/2014,0,0,7.9(2.60 %),0,0,0,0,71809847,0.0
11/02/2014,0,0,8(1.27 %),0,0,0,0,71809847,0.0
12/02/2014,0,0,8.3(3.75 %),0,0,0,0,71809847,0.0
13/02/2014,-8000,-66400000,8.3(0.00 %),0,0,8000,66400000,71817847,0.0
14/02/2014,100,830000,8.5(2.41 %),100,830000,0,0,71817747,0.0
17/02/2014,15000,129520000,8.9(4.71 %),15000,129520000,0,0,71802747,0.0
18/02/2014,3800,33820000,9(1.12 %),3800,33820000,0,0,71798947,0.0
19/02/2014,0,0,9(0.00 %),0,0,0,0,71798947,0.0
20/02/2014,2000,18600000,8.5(-5.56 %),2000,18600000,0,0,71796947,0.0
21/02/2014,0,-800000,8.5(0.00 %),4000,33200000,4000,34000000,71796947,0.0
24/02/2014,-9800,-85840000,8.9(4.71 %),0,0,9800,85840000,71806747,0.0
25/02/2014,-14000,-128000000,9.1(2.25 %),6000,54000000,20000,182000000,71820747,0.0
26/02/2014,10000,94200000,9.6(5.49 %),10000,94200000,0,0,71810747,0.0
27/02/2014,70900,686170000,9.2(-4.17 %),74900,724970000,4000,38800000,71749847,0.0
28/02/2014,23000,211600000,9.4(2.17 %),23000,211600000,0,0,71726847,0.0
03/03/2014,55000,478500000,8.7(-7.45 %),55000,478500000,0,0,71809847,0.0
04/03/2014,-900,-7650000,8.7(0.00 %),0,0,900,7650000,71810747,0.0
05/03/2014,-93000,-818400000,8.9(2.30 %),0,0,93000,818400000,71903747,0.0
06/03/2014,-5000,-44500000,8.9(0.00 %),0,0,5000,44500000,71908747,0.0
07/03/2014,0,0,9(1.12 %),0,0,0,0,71908747,0.0
10/03/2014,-46000,-418500000,9.3(3.33 %),4000,36500000,50000,455000000,71954747,0.0
11/03/2014,0,0,9.2(-1.08 %),0,0,0,0,71954747,0.0
12/03/2014,0,0,9(-2.17 %),0,0,0,0,71954747,0.0
13/03/2014,-8000,-73600000,9.2(2.22 %),0,0,8000,73600000,71962747,0.0
14/03/2014,-9800,-90650000,9.5(3.26 %),0,0,9800,90650000,71972547,0.0
17/03/2014,31900,311620000,10.3(8.42 %),47700,467460000,15800,155840000,71940647,0.0
18/03/2014,0,200000,10(-2.91 %),1000,10300000,1000,10100000,71940647,0.0
19/03/2014,0,0,10.4(4.00 %),0,0,0,0,71940647,0.0
20/03/2014,-51100,-535870000,10.3(-0.96 %),0,0,51100,535870000,71991747,0.0
21/03/2014,100,1030000,10.8(4.85 %),100,1030000,0,0,71991647,0.0
24/03/2014,-300,-3480000,11.8(9.26 %),0,0,300,3480000,71991947,0.0
25/03/2014,0,0,11.8(0.00 %),0,0,0,0,71991947,0.0
26/03/2014,900,11110000,12.1(2.54 %),1000,12300000,100,1190000,71991047,0.0
27/03/2014,0,0,12(-0.83 %),0,0,0,0,71991047,0.0
28/03/2014,0,0,11.9(-0.83 %),0,0,0,0,71991047,0.0
31/03/2014,1000,11900000,11.6(-2.52 %),1000,11900000,0,0,71990047,0.0
01/04/2014,0,-100000,10.6(-8.62 %),1000,11200000,1000,11300000,71809847,0.0
02/04/2014,17500,175250000,10.3(-2.83 %),17500,175250000,0,0,71792347,0.0
03/04/2014,99800,1077560000,10.8(4.85 %),99800,1077560000,0,0,71692547,0.0
04/04/2014,0,0,10.6(-1.85 %),0,0,0,0,71692547,0.0
07/04/2014,-1030,-10718000,10.8(1.89 %),0,0,1030,10718000,71693577,0.0
08/04/2014,0,0,11.1(2.78 %),0,0,0,0,71693577,0.0
10/04/2014,0,0,11.1(0.00 %),0,0,0,0,71693577,0.0
11/04/2014,0,0,10.8(-2.70 %),0,0,0,0,71693577,0.0
14/04/2014,0,0,10.5(-2.78 %),0,0,0,0,71693577,0.0
15/04/2014,-1000,-10100000,9.8(-6.67 %),0,0,1000,10100000,71694577,0.0
16/04/2014,185300,1786100000,9.4(-4.08 %),291600,2804720000,106300,1018620000,71509277,0.0
17/04/2014,95000,922500000,9.8(4.26 %),95000,922500000,0,0,71414277,0.0
18/04/2014,0,0,8.9(-9.18 %),0,0,0,0,71414277,0.0
21/04/2014,39300,348360000,8.6(-3.37 %),39300,348360000,0,0,71374977,0.0
22/04/2014,1000,9300000,9.4(9.30 %),1000,9300000,0,0,71373977,0.0
23/04/2014,385900,3657160000,9.3(-1.06 %),385900,3657160000,0,0,70988077,0.0
24/04/2014,10100,93930000,9.2(-1.08 %),10100,93930000,0,0,70977977,0.0
25/04/2014,8300,78850000,9.4(2.17 %),8300,78850000,0,0,70969677,0.0
28/04/2014,-88900,-819860000,9.3(-1.06 %),0,0,88900,819860000,71058577,0.0
29/04/2014,0,0,9.1(-2.15 %),0,0,0,0,71058577,0.0
05/05/2014,-167100,-1423440000,8.3(-8.79 %),0,0,167100,1423440000,71809847,0.0
06/05/2014,-124000,-983600000,8.3(0.00 %),16000,129400000,140000,1113000000,71933847,0.0
07/05/2014,0,0,8.3(0.00 %),0,0,0,0,71933847,0.0
08/05/2014,0,0,7.5(-9.64 %),0,0,0,0,71933847,0.0
09/05/2014,0,0,7.8(4.00 %),0,0,0,0,71933847,0.0
12/05/2014,0,0,7.1(-8.97 %),0,0,0,0,71933847,0.0
13/05/2014,3000,20700000,6.7(-5.63 %),3000,20700000,0,0,71930847,0.0
14/05/2014,9000,64700000,7.3(8.96 %),9000,64700000,0,0,71921847,0.0
15/05/2014,50000,335000000,7(-4.11 %),50000,335000000,0,0,71871847,0.0
16/05/2014,0,0,7.6(8.57 %),0,0,0,0,71871847,0.0
19/05/2014,-1000,-7400000,7.7(1.32 %),0,0,1000,7400000,71872847,0.0
20/05/2014,-5700,-58890000,8.1(5.19 %),44300,341110000,50000,400000000,71878547,0.0
21/05/2014,0,0,8.6(6.17 %),0,0,0,0,71878547,0.0
22/05/2014,20000,164000000,8.2(-4.65 %),20000,164000000,0,0,71858547,0.0
23/05/2014,0,0,8.3(1.22 %),0,0,0,0,71858547,0.0
26/05/2014,2900,24690000,8.3(0.00 %),4000,33600000,1100,8910000,71855647,0.0
27/05/2014,-67300,-592070000,8.9(7.23 %),0,0,67300,592070000,72697867,0.58
28/05/2014,0,0,8.8(-1.12 %),0,0,0,0,72697867,0.58
29/05/2014,4000,35200000,8.6(-2.27 %),4000,35200000,0,0,72693867,58.55
30/05/2014,0,0,8.4(-2.33 %),0,0,0,0,72694967,58.47
02/06/2014,23500,190350000,8.1(-3.57 %),23500,190350000,0,0,72762267,0.54
03/06/2014,0,0,8.2(1.23 %),0,0,0,0,72738767,55.56
04/06/2014,0,0,7.9(-3.66 %),0,0,0,0,72738767,55.56
05/06/2014,50000,390000000,8.1(2.53 %),50000,390000000,0,0,72738767,55.56
06/06/2014,0,0,8.4(3.70 %),0,0,0,0,72688767,0.59
09/06/2014,0,0,8.2(-2.38 %),0,0,0,0,72688767,0.59
10/06/2014,2000,16400000,8.2(0.00 %),2000,16400000,0,0,72688767,0.59
11/06/2014,-50000,-418000000,8.4(2.44 %),0,0,50000,418000000,72686767,0.59
12/06/2014,0,0,8.6(2.38 %),0,0,0,0,72686767,0.59
13/06/2014,0,0,8.6(0.00 %),0,0,0,0,72686767,0.59
16/06/2014,0,0,8.6(0.00 %),0,0,0,0,72686767,0.59
17/06/2014,40000,346000000,8.8(2.33 %),40000,346000000,0,0,72736767,0.56
18/06/2014,0,0,8.7(-1.14 %),0,0,0,0,72696767,0.58
19/06/2014,-66500,-571900000,8.5(-2.30 %),0,0,66500,571900000,72696767,0.58
20/06/2014,0,0,8.4(-1.18 %),0,0,0,0,72696767,0.58
23/06/2014,0,0,8.3(-1.19 %),0,0,0,0,72696767,0.58
24/06/2014,0,0,8.5(2.41 %),0,0,0,0,72696767,0.58
25/06/2014,0,0,8.6(1.18 %),0,0,0,0,72763267,0.54
26/06/2014,0,0,8.5(-1.16 %),0,0,0,0,72763267,0.54
27/06/2014,0,0,8.5(0.00 %),0,0,0,0,72763267,0.54
30/06/2014,600,5160000,8.5(0.00 %),600,5160000,0,0,72762667,0.54
01/07/2014,0,0,8.6(1.18 %),0,0,0,0,72762667,0.54
02/07/2014,0,0,8.7(1.16 %),0,0,0,0,72762667,0.54
03/07/2014,-4000,-36000000,8.9(2.30 %),1000,9000000,5000,45000000,72761667,0.54
04/07/2014,-10000,-92000000,9.2(3.37 %),0,0,10000,92000000,72761667,0.54
07/07/2014,0,0,9.2(0.00 %),0,0,0,0,72761667,0.54
08/07/2014,0,0,9.3(1.09 %),0,0,0,0,72761667,0.54
09/07/2014,0,0,9.3(0.00 %),0,0,0,0,72766667,0.54
10/07/2014,0,0,9(-3.23 %),0,0,0,0,72776667,0.53
11/07/2014,0,0,9.1(1.11 %),0,0,0,0,72776667,0.53
14/07/2014,0,0,9.1(0.00 %),0,0,0,0,72776687,0.53
16/07/2014,0,0,9.2(-1.08 %),0,0,0,0,72776687,0.53
17/07/2014,-10000,-92000000,9.3(1.09 %),0,0,10000,92000000,72776687,0.53
18/07/2014,-20600,-191580000,9.3(0.00 %),0,0,20600,191580000,72776687,0.53
21/07/2014,800,7440000,9.1(-2.15 %),800,7440000,0,0,72775887,0.53
22/07/2014,0,0,9(-1.10 %),0,0,0,0,72775887,0.53
23/07/2014,0,0,8.7(-3.33 %),0,0,0,0,72785887,0.52
24/07/2014,0,0,8.8(1.15 %),0,0,0,0,72806487,0.51
25/07/2014,10000,85000000,8.5(-3.41 %),10000,85000000,0,0,72796487,0.52
28/07/2014,-23000,-192100000,8.2(-3.53 %),0,0,23000,192100000,72796487,0.52
29/07/2014,15000,123500000,8.3(1.22 %),15000,123500000,0,0,72781487,0.53
30/07/2014,0,0,8.3(0.00 %),0,0,0,0,72781487,0.53
31/07/2014,0,0,8.5(2.41 %),0,0,0,0,72781487,0.53
01/08/2014,-20000,-168000000,8.4(-1.18 %),0,0,20000,168000000,72804487,0.51
04/08/2014,0,0,8.5(1.19 %),0,0,0,0,72804487,0.51
05/08/2014,0,0,8.7(2.35 %),0,0,0,0,72804487,0.51
06/08/2014,0,0,8.7(0.00 %),0,0,0,0,72804487,0.51
07/08/2014,0,0,9.2(5.75 %),0,0,0,0,72824487,0.5
08/08/2014,-1000,-9200000,9.1(-1.09 %),1000,9200000,2000,18400000,72823487,0.5
11/08/2014,-25000,-227500000,9.1(0.00 %),0,0,25000,227500000,72823487,0.5
12/08/2014,0,0,9.1(0.00 %),0,0,0,0,72823487,0.5
13/08/2014,19000,184400000,9.7(6.59 %),20000,194000000,1000,9600000,72803487,0.51
15/08/2014,0,0,9.8(2.08 %),0,0,0,0,72830487,0.49
18/08/2014,0,0,10(2.04 %),0,0,0,0,72830487,0.49
19/08/2014,-20000,-196000000,9.9(-1.00 %),0,0,20000,196000000,72831487,0.49
20/08/2014,0,0,9.9(0.00 %),0,0,0,0,72832387,0.49
21/08/2014,0,0,9.8(-1.01 %),0,0,0,0,72832387,0.49
26/08/2014,0,0,10.1(-1.94 %),0,0,0,0,72852387,0.48
29/08/2014,0,0,10.6(0.95 %),0,0,0,0,72852387,0.48
04/09/2014,0,0,10.5(-0.94 %),0,0,0,0,72852387,0.48
05/09/2014,0,0,10.8(2.86 %),0,0,0,0,72852387,0.48
10/09/2014,0,0,9.9(1.02 %),0,0,0,0,72848387,0.48
11/09/2014,0,0,10.2(3.03 %),0,0,0,0,72848387,0.48
12/09/2014,15000,154500000,10.2(0.00 %),15000,154500000,0,0,72833387,0.49
15/09/2014,0,0,9.9(-2.94 %),0,0,0,0,72833387,0.49
16/09/2014,-4000,-39200000,10(1.01 %),0,0,4000,39200000,72833387,0.49
17/09/2014,0,0,10.4(4.00 %),0,0,0,0,72833387,0.49
18/09/2014,0,0,9.9(-4.81 %),0,0,0,0,72833387,0.49
19/09/2014,0,0,9.9(0.00 %),0,0,0,0,72833387,0.49
22/09/2014,0,0,9.6(-3.03 %),0,0,0,0,72837387,0.49
23/09/2014,-7,-67200,9.8(2.08 %),0,0,7,67200,72837387,0.49
24/09/2014,0,0,9.9(1.02 %),0,0,0,0,72837387,0.49
25/09/2014,0,0,10(1.01 %),0,0,0,0,72837387,0.49
26/09/2014,0,0,10.1(1.00 %),0,0,0,0,72837387,0.49
29/09/2014,0,0,10.2(0.99 %),0,0,0,0,72837387,0.49
30/09/2014,0,0,10.2(0.00 %),0,0,0,0,72837387,0.49
01/10/2014,50000,525000000,10.6(3.92 %),50000,525000000,0,0,72787394,0.52
02/10/2014,0,0,10.6(0.00 %),0,0,0,0,72787394,0.52
03/10/2014,10000,107000000,10.5(-0.94 %),10000,107000000,0,0,72777394,0.53
06/10/2014,-50000,-536000000,11(4.76 %),0,0,50000,536000000,72777394,0.53
07/10/2014,0,0,10.9(-0.91 %),0,0,0,0,72777394,0.53
08/10/2014,0,0,10.7(-1.83 %),0,0,0,0,72777394,0.53
09/10/2014,0,0,10.5(-1.87 %),0,0,0,0,72777394,0.53
10/10/2014,0,0,10.3(-1.90 %),0,0,0,0,72827394,0.5
13/10/2014,0,0,10.5(1.94 %),0,0,0,0,72827394,0.5
14/10/2014,0,0,10.1(-3.81 %),0,0,0,0,72827394,0.5
15/10/2014,0,0,10.2(0.99 %),0,0,0,0,72827394,0.5
16/10/2014,0,0,9.6(-5.88 %),0,0,0,0,72827394,0.5
20/10/2014,100,990000,9.7(-2.02 %),100,990000,0,0,72827294,0.5
21/10/2014,0,0,9.7(0.00 %),0,0,0,0,72827294,0.5
22/10/2014,-10000,-100000000,10.1(4.12 %),0,0,10000,100000000,72837294,0.49
23/10/2014,0,0,9.9(-1.98 %),0,0,0,0,72837294,0.49
24/10/2014,0,0,9.8(-1.01 %),0,0,0,0,72837294,0.49
27/10/2014,0,0,9.3(-5.10 %),0,0,0,0,72837294,0.49
29/10/2014,0,0,9.8(3.16 %),0,0,0,0,72837294,0.49
30/10/2014,0,0,9.7(-1.02 %),0,0,0,0,72837294,0.49
31/10/2014,0,0,10(3.09 %),0,0,0,0,72837294,0.49
03/11/2014,0,0,10(0.00 %),0,0,0,0,72852294,0.48
04/11/2014,0,0,9.7(-3.00 %),0,0,0,0,72852294,0.48
05/11/2014,0,0,9.8(1.03 %),0,0,0,0,72852294,0.48
06/11/2014,0,0,10.1(3.06 %),0,0,0,0,72852294,0.48
07/11/2014,0,0,10.2(0.99 %),0,0,0,0,72852294,0.48
10/11/2014,0,0,10.1(-0.98 %),0,0,0,0,72852294,0.48
11/11/2014,10000,102000000,10.2(0.99 %),10000,102000000,0,0,72842294,0.49
12/11/2014,0,0,10.6(3.92 %),0,0,0,0,72842294,0.49
13/11/2014,3500,37100000,10.5(-0.94 %),3500,37100000,0,0,72838794,0.49
14/11/2014,0,0,10.2(-2.86 %),0,0,0,0,72838794,0.49
17/11/2014,0,0,10.1(-0.98 %),0,0,0,0,72838794,0.49
18/11/2014,0,0,9.8(-2.97 %),0,0,0,0,72838794,0.49
19/11/2014,-10000,-97000000,9.8(0.00 %),0,0,10000,97000000,72848794,0.48
20/11/2014,0,0,10.3(5.10 %),0,0,0,0,72838794,0.49
21/11/2014,0,0,9.8(-4.85 %),0,0,0,0,72838794,0.49
24/11/2014,0,0,9.8(0.00 %),0,0,0,0,72838794,0.49
25/11/2014,0,0,10(2.04 %),0,0,0,0,72848794,0.48
26/11/2014,-20000,-200000000,10(0.00 %),0,0,20000,200000000,72848794,0.48
27/11/2014,0,0,10.2(2.00 %),0,0,0,0,72848794,0.48
28/11/2014,3500,36750000,10.6(3.92 %),3500,36750000,0,0,72845294,0.48
01/12/2014,0,0,10.4(-1.89 %),0,0,0,0,72845294,0.48
02/12/2014,0,0,10.5(0.96 %),0,0,0,0,72865294,0.47
03/12/2014,0,0,10.7(1.90 %),0,0,0,0,72865294,0.47
04/12/2014,0,0,10.5(-1.87 %),0,0,0,0,72865294,0.47
05/12/2014,0,0,10.6(0.95 %),0,0,0,0,72865294,0.47
08/12/2014,0,0,10.7(0.94 %),0,0,0,0,72865294,0.47
09/12/2014,0,0,10(-6.54 %),0,0,0,0,72865294,0.47
10/12/2014,0,0,10.4(4.00 %),0,0,0,0,72865294,0.47
11/12/2014,0,0,10.3(-0.96 %),0,0,0,0,72865294,0.47
12/12/2014,0,0,10.4(0.97 %),0,0,0,0,72865294,0.47
15/12/2014,0,0,10.3(-0.96 %),0,0,0,0,72865294,0.47
16/12/2014,-100,-990000,9.9(-3.88 %),0,0,100,990000,72865294,0.47
17/12/2014,0,0,9.3(-6.06 %),0,0,0,0,72865294,0.47
18/12/2014,0,0,9.6(3.23 %),0,0,0,0,72865294,0.47
19/12/2014,0,0,9.3(-3.12 %),0,0,0,0,72865294,0.47
22/12/2014,20,188000,9.5(2.15 %),20,188000,0,0,72865374,0.47
23/12/2014,0,0,9.3(-2.11 %),0,0,0,0,72865374,0.47
24/12/2014,-7000,-65800000,9.5(2.15 %),0,0,7000,65800000,72865374,0.47
25/12/2014,0,0,9.1(-4.21 %),0,0,0,0,72865374,0.47
26/12/2014,0,0,8.3(-4.60 %),0,0,0,0,72865374,0.47
29/12/2014,79400,638660000,8(-3.61 %),79400,638660000,0,0,72785974,0.52
30/12/2014,100200,791600000,8.4(5.00 %),100200,791600000,0,0,72692774,0.59
31/12/2014,0,0,9.2(9.52 %),0,0,0,0,72692774,0.59
05/01/2015,21000,193800000,9.2(0.00 %),40000,370500000,19000,176700000,72652774,0.61
06/01/2015,-122400,-1117480000,9.5(3.26 %),38000,338200000,160400,1455680000,72614774,0.64
07/01/2015,0,0,9.2(-3.16 %),0,0,0,0,72614774,0.64
08/01/2015,0,0,9(-2.17 %),0,0,0,0,72614774,0.64
09/01/2015,-38000,-345800000,9.2(2.22 %),0,0,38000,345800000,72633774,0.63
12/01/2015,2500,23250000,9.1(-1.09 %),2500,23250000,0,0,72791674,0.52
13/01/2015,0,0,9(-1.10 %),0,0,0,0,72791674,0.52
14/01/2015,0,0,9.2(2.22 %),0,0,0,0,72791674,0.52
15/01/2015,0,0,9.3(1.09 %),0,0,0,0,72829674,0.5
16/01/2015,0,0,9.2(-1.08 %),0,0,0,0,72829674,0.5
19/01/2015,0,0,9(-2.17 %),0,0,0,0,72829674,0.5
20/01/2015,0,0,9.1(1.11 %),0,0,0,0,72829674,0.5
21/01/2015,0,0,9(-1.10 %),0,0,0,0,72829674,0.5
22/01/2015,0,0,9(0.00 %),0,0,0,0,72829674,0.5
23/01/2015,2500,23000000,9.2(2.22 %),2500,23000000,0,0,72827174,0.5
26/01/2015,0,0,9.1(-1.09 %),0,0,0,0,72827174,0.5
27/01/2015,353300,2966090000,8.2(-9.89 %),388300,3277590000,35000,311500000,72438874,0.76
28/01/2015,112100,872120000,7.7(-6.10 %),112100,872120000,0,0,72326774,0.83
29/01/2015,85700,702740000,8.2(6.49 %),85700,702740000,0,0,72241074,0.89
30/01/2015,15900,126090000,7.8(-4.88 %),15900,126090000,0,0,72225174,0.9
02/02/2015,0,0,7.7(-1.28 %),0,0,0,0,72260174,0.87
03/02/2015,0,0,7.6(-1.30 %),0,0,0,0,72260174,0.87
04/02/2015,800,6000000,7.7(1.32 %),800,6000000,0,0,72259374,0.87
05/02/2015,50000,392000000,7.8(1.30 %),50000,392000000,0,0,72209374,0.91
06/02/2015,50000,395000000,7.8(0.00 %),50000,395000000,0,0,72159374,0.94
09/02/2015,-10000,-78000000,7.7(-1.28 %),0,0,10000,78000000,72159374,0.94
10/02/2015,350000,2730000000,7.8(1.30 %),350000,2730000000,0,0,71809374,1.17
11/02/2015,20000,158000000,8(2.56 %),20000,158000000,0,0,71789374,1.19
12/02/2015,0,0,7.9(-1.25 %),0,0,0,0,71789374,1.19
13/02/2015,0,0,7.9(0.00 %),0,0,0,0,71799374,1.18
24/02/2015,-25000,-197500000,8(1.27 %),0,0,25000,197500000,71799374,1.18
25/02/2015,0,0,7.8(-2.50 %),0,0,0,0,71799374,1.18
26/02/2015,1000,7900000,7.8(0.00 %),1000,7900000,0,0,71798374,1.18
27/02/2015,5000,40000000,7.8(0.00 %),5000,40000000,0,0,71793374,1.19
02/03/2015,0,0,7.8(0.00 %),0,0,0,0,71818374,1.17
03/03/2015,-8700,-67890000,8.1(3.85 %),300,2310000,9000,70200000,71818074,1.17
04/03/2015,0,0,8.1(0.00 %),0,0,0,0,71818074,1.17
05/03/2015,-43000,-348660000,8.2(1.23 %),0,0,43000,348660000,71818074,1.17
06/03/2015,0,0,8.1(-1.22 %),0,0,0,0,71818074,1.17
09/03/2015,0,0,7.9(-2.47 %),0,0,0,0,71827074,1.16
10/03/2015,0,0,7.9(0.00 %),0,0,0,0,71827074,1.16
11/03/2015,0,0,7.8(-1.27 %),0,0,0,0,71870074,1.13
12/03/2015,0,0,7.8(0.00 %),0,0,0,0,71870074,1.13
13/03/2015,245000,1936000000,7.8(0.00 %),250000,1975000000,5000,39000000,71620074,1.3
16/03/2015,100,770000,7.7(-1.28 %),100,770000,0,0,71619974,1.3
17/03/2015,0,0,7.9(2.60 %),0,0,0,0,71619974,1.3
18/03/2015,0,0,7.8(-1.27 %),0,0,0,0,71619974,1.3
19/03/2015,114000,889200000,7.8(0.00 %),114000,889200000,0,0,71510974,1.37
20/03/2015,2200,17160000,7.9(1.28 %),2200,17160000,0,0,71508774,1.37
23/03/2015,0,0,7.7(-2.53 %),0,0,0,0,71508774,1.37
24/03/2015,0,0,7.7(0.00 %),0,0,0,0,71508774,1.37
25/03/2015,0,0,7.7(0.00 %),0,0,0,0,71508774,1.37
26/03/2015,0,0,7.6(-1.30 %),0,0,0,0,71508774,1.37
27/03/2015,0,0,7.4(-2.63 %),0,0,0,0,71508774,1.37
30/03/2015,0,0,7.1(-4.05 %),0,0,0,0,71508774,1.37
31/03/2015,0,0,7.2(1.41 %),0,0,0,0,71508774,1.37
01/04/2015,0,0,6.9(-4.17 %),0,0,0,0,71508774,1.37
02/04/2015,0,0,7.1(2.90 %),0,0,0,0,71508774,1.37
03/04/2015,0,0,7.2(1.41 %),0,0,0,0,71508774,1.37
06/04/2015,200,1440000,7.1(-1.39 %),200,1440000,0,0,71508574,1.37
07/04/2015,0,0,7.3(2.82 %),0,0,0,0,71508574,1.37
08/04/2015,0,0,7.4(1.37 %),0,0,0,0,71508574,1.37
09/04/2015,0,0,7.5(1.35 %),0,0,0,0,71508574,1.37
10/04/2015,0,0,7.6(1.33 %),0,0,0,0,71508574,1.37
13/04/2015,0,0,7.5(-1.32 %),0,0,0,0,71508574,1.37
14/04/2015,0,0,7.3(-2.67 %),0,0,0,0,71508574,1.37
15/04/2015,0,0,7.4(1.37 %),0,0,0,0,71508574,1.37
16/04/2015,0,0,7.5(1.35 %),0,0,0,0,71508574,1.37
17/04/2015,200,1460000,7.5(0.00 %),200,1460000,0,0,71508374,1.38
20/04/2015,0,0,7.5(0.00 %),0,0,0,0,71508374,1.38
21/04/2015,0,0,7.5(0.00 %),0,0,0,0,71508374,1.38
22/04/2015,0,0,7.3(-2.67 %),0,0,0,0,71508374,1.38
23/04/2015,0,0,7.2(-1.37 %),0,0,0,0,71508374,1.38
24/04/2015,0,0,7.2(0.00 %),0,0,0,0,71508374,1.38
27/04/2015,0,0,7.1(-1.39 %),0,0,0,0,71508374,1.38
04/05/2015,0,0,6.8(-4.23 %),0,0,0,0,71508374,1.38
05/05/2015,10000,66000000,6.8(0.00 %),10000,66000000,0,0,71498374,1.38
06/05/2015,0,0,6.6(-2.94 %),0,0,0,0,71498374,1.38
07/05/2015,0,0,6.6(0.00 %),0,0,0,0,89856530,-10.84
08/05/2015,200,1320000,6.6(0.00 %),200,1320000,0,0,89856330,-10.84
11/05/2015,0,0,6.6(0.00 %),0,0,0,0,89856330,-10.84
12/05/2015,200,1300000,6.6(0.00 %),200,1300000,0,0,89856130,-10.84
13/05/2015,4000,26400000,6.5(-1.52 %),4000,26400000,0,0,89852130,-10.84
14/05/2015,20,128000,6.4(-1.54 %),20,128000,0,0,89852110,-10.84
15/05/2015,200,1240000,6.4(0.00 %),200,1240000,0,0,89851910,-10.84
18/05/2015,0,0,6.3(-1.56 %),0,0,0,0,89851910,-10.84
19/05/2015,0,0,6.3(0.00 %),0,0,0,0,89851910,1.13
20/05/2015,-435,-2759500,6.6(4.76 %),0,0,435,2759500,89851910,1.13
21/05/2015,0,0,6.5(-1.52 %),0,0,0,0,89851910,1.13
22/05/2015,1600,10240000,6.5(0.00 %),1600,10240000,0,0,89850310,1.13
25/05/2015,9000,58500000,6.6(1.54 %),9000,58500000,0,0,89841310,1.13
26/05/2015,0,0,6.8(3.03 %),0,0,0,0,89841745,1.13
27/05/2015,0,0,6.8(0.00 %),0,0,0,0,89841745,1.13
28/05/2015,-5,-31000,7.1(4.41 %),0,0,5,31000,89841745,1.13
29/05/2015,0,0,7.1(0.00 %),0,0,0,0,89841745,1.13
01/06/2015,0,0,7.1(0.00 %),0,0,0,0,89841745,1.13
02/06/2015,0,0,6.8(-4.23 %),0,0,0,0,89841745,1.13
03/06/2015,0,0,6.9(1.47 %),0,0,0,0,89841750,1.13
04/06/2015,49600,372040000,7.5(8.70 %),50000,375000000,400,2960000,89791750,1.16
05/06/2015,-345500,-2758160000,8.1(8.00 %),0,0,345500,2758160000,89791750,1.16
08/06/2015,-391000,-3196800000,8.3(2.47 %),0,0,391000,3196800000,89791750,1.16
09/06/2015,-280400,-2267240000,7.9(-4.82 %),0,0,280400,2267240000,89791750,1.16
10/06/2015,0,0,7.8(-1.27 %),0,0,0,0,89792150,1.16
11/06/2015,-400,-3200000,7.9(1.28 %),0,0,400,3200000,90137650,0.97
12/06/2015,-312600,-2532060000,8.1(2.53 %),0,0,312600,2532060000,90528650,0.77
15/06/2015,8000,64000000,7.9(-2.47 %),8000,64000000,0,0,90801050,0.62
16/06/2015,-73800,-620160000,8.1(2.53 %),50000,395000000,123800,1015160000,90751050,0.65
17/06/2015,50000,400000000,8.2(1.23 %),50000,400000000,0,0,90701450,0.67
18/06/2015,0,0,8.4(2.44 %),0,0,0,0,91014050,0.51
19/06/2015,0,0,8.3(-1.19 %),0,0,0,0,91014050,0.51
22/06/2015,0,0,8.2(-1.20 %),0,0,0,0,91137850,0.44
23/06/2015,0,0,8.1(-1.22 %),0,0,0,0,91137850,0.44
24/06/2015,-13900,-119540000,8.7(7.41 %),0,0,13900,119540000,91137850,0.44
25/06/2015,0,0,8.6(-1.15 %),0,0,0,0,91137850,0.44
26/06/2015,0,0,8.4(-2.33 %),0,0,0,0,91137850,0.44
29/06/2015,100,840000,8.4(0.00 %),100,840000,0,0,91137750,0.44
30/06/2015,0,0,8.5(1.19 %),0,0,0,0,91151650,0.43
01/07/2015,-100000,-850000000,8.4(-1.18 %),0,0,100000,850000000,91151650,0.43
02/07/2015,-409080,-3472156000,8.5(1.19 %),0,0,409080,3472156000,91151650,0.43
03/07/2015,0,0,8.6(1.18 %),0,0,0,0,91151650,0.43
06/07/2015,0,0,8.9(3.49 %),0,0,0,0,91151650,0.43
07/07/2015,0,0,8.9(0.00 %),0,0,0,0,91251650,0.38
08/07/2015,2000,18000000,8.7(-2.25 %),2000,18000000,0,0,91249650,0.38
09/07/2015,2000,18000000,8.6(-1.15 %),2000,18000000,0,0,91247650,0.38
10/07/2015,0,0,8.9(3.49 %),0,0,0,0,91658730,0.16
13/07/2015,0,0,9(1.12 %),0,0,0,0,91658730,0.16
14/07/2015,11500,100050000,8.8(-2.22 %),11500,100050000,0,0,91647230,0.17
15/07/2015,0,0,8.7(-1.14 %),0,0,0,0,91647230,0.17
16/07/2015,0,0,9(3.45 %),0,0,0,0,91647230,0.17
17/07/2015,0,0,8.9(-1.11 %),0,0,0,0,91647230,0.17
20/07/2015,0,0,8.8(-1.12 %),0,0,0,0,91647230,0.17
21/07/2015,0,0,8.6(-2.27 %),0,0,0,0,91647230,0.17
22/07/2015,0,0,9(4.65 %),0,0,0,0,91647230,0.17
23/07/2015,0,0,8.9(-1.11 %),0,0,0,0,91647230,0.17
24/07/2015,-5200,-46280000,8.8(-1.12 %),0,0,5200,46280000,91647230,0.17
27/07/2015,0,0,8.8(0.00 %),0,0,0,0,91647230,0.17
28/07/2015,0,0,8.6(-2.27 %),0,0,0,0,91647230,0.17
29/07/2015,1000,8600000,8.6(0.00 %),1000,8600000,0,0,91646230,0.17
30/07/2015,0,0,8.6(0.00 %),0,0,0,0,91651430,0.17
31/07/2015,0,0,8.6(0.00 %),0,0,0,0,91651430,0.17
03/08/2015,0,0,8.3(-3.49 %),0,0,0,0,91651430,0.17
04/08/2015,0,0,8.3(0.00 %),0,0,0,0,91651430,0.17
05/08/2015,2200,17600000,8.2(3.80 %),2200,17600000,0,0,91649230,0.17
06/08/2015,0,0,8.3(1.22 %),0,0,0,0,91649230,0.17
07/08/2015,0,0,8.4(1.20 %),0,0,0,0,91649230,0.17
10/08/2015,0,0,8.5(1.19 %),0,0,0,0,91649230,0.17
11/08/2015,0,0,8.5(0.00 %),0,0,0,0,91649230,0.17
12/08/2015,0,0,8.3(-2.35 %),0,0,0,0,91649230,0.17
13/08/2015,0,0,8.2(-1.20 %),0,0,0,0,91649230,0.17
14/08/2015,0,0,8.2(0.00 %),0,0,0,0,91649231,0.17
17/08/2015,0,0,8.1(-1.22 %),0,0,0,0,91649231,0.17
18/08/2015,0,0,8.3(2.47 %),0,0,0,0,91649231,0.17
19/08/2015,0,0,8.2(-1.20 %),0,0,0,0,91649231,0.17
20/08/2015,0,0,8(-2.44 %),0,0,0,0,91649231,0.17
21/08/2015,0,0,8(0.00 %),0,0,0,0,91649231,0.17
24/08/2015,0,0,7.5(-6.25 %),0,0,0,0,91649231,0.17
25/08/2015,0,0,7.5(0.00 %),0,0,0,0,91649231,0.17
26/08/2015,0,0,7.7(2.67 %),0,0,0,0,91649231,0.17
27/08/2015,0,0,7.9(2.60 %),0,0,0,0,91649231,0.17
28/08/2015,0,0,7.7(-2.53 %),0,0,0,0,91649231,0.17
31/08/2015,0,0,7.6(-1.30 %),0,0,0,0,91649231,0.17
01/09/2015,0,0,7.7(1.32 %),0,0,0,0,91649231,0.17
03/09/2015,787700,6203030000,7.8(1.30 %),787700,6203030000,0,0,90861531,0.59
04/09/2015,0,0,7.8(0.00 %),0,0,0,0,95443093,-1.85
07/09/2015,0,0,7.6(-2.56 %),0,0,0,0,95443093,-1.85
08/09/2015,0,0,7.7(1.32 %),0,0,0,0,95443093,-1.85
09/09/2015,0,0,7.7(0.00 %),0,0,0,0,95443093,-1.85
10/09/2015,0,0,7.6(-1.30 %),0,0,0,0,95443093,-1.85
11/09/2015,0,0,7.5(-1.32 %),0,0,0,0,95443093,-1.85
14/09/2015,0,0,7.6(1.33 %),0,0,0,0,95443093,-1.85
15/09/2015,0,0,7.6(0.00 %),0,0,0,0,95443093,-1.85
16/09/2015,0,0,7.5(-1.32 %),0,0,0,0,95443093,-1.85
17/09/2015,174500,1314160000,7.6(1.33 %),174500,1314160000,0,0,95268593,-1.76
18/09/2015,560000,4298000000,7.9(3.95 %),560000,4298000000,0,0,94708593,-1.46
21/09/2015,0,0,7.8(-1.27 %),0,0,0,0,94708593,0.94
22/09/2015,0,0,7.8(0.00 %),0,0,0,0,94708593,0.94
23/09/2015,0,0,7.7(-1.28 %),0,0,0,0,94708593,0.94
24/09/2015,-150,-1120000,7.8(1.30 %),0,0,150,1120000,94708593,0.94
25/09/2015,0,0,7.6(-2.56 %),0,0,0,0,94708593,0.94
28/09/2015,0,0,7.6(0.00 %),0,0,0,0,94708613,0.94
29/09/2015,-10,-69000,7.6(0.00 %),0,0,10,69000,94708613,0.94
30/09/2015,0,0,7.7(1.32 %),0,0,0,0,94708763,0.94
01/10/2015,0,0,7.7(0.00 %),0,0,0,0,94708763,0.94
02/10/2015,247800,1905150000,7.7(0.00 %),247800,1905150000,0,0,94460963,1.07
05/10/2015,912000,7035950000,8(3.90 %),912000,7035950000,0,0,93548973,1.53
06/10/2015,1116000,9024250000,8.4(5.00 %),1116000,9024250000,0,0,92432973,2.1
07/10/2015,0,0,8.3(-1.19 %),0,0,0,0,92432973,2.1
08/10/2015,0,0,8.4(1.20 %),0,0,0,0,92432973,2.1
09/10/2015,-28000,-235200000,8.3(-1.19 %),0,0,28000,235200000,92432973,2.1
12/10/2015,0,0,8.2(-1.20 %),0,0,0,0,92432973,2.1
13/10/2015,0,0,8.2(0.00 %),0,0,0,0,92432973,2.1
14/10/2015,0,0,8.1(-1.22 %),0,0,0,0,92432973,2.1
15/10/2015,0,0,8.2(1.23 %),0,0,0,0,92460973,2.08
16/10/2015,0,0,8.3(1.22 %),0,0,0,0,92460973,2.08
19/10/2015,0,0,8.3(0.00 %),0,0,0,0,92460973,2.08
20/10/2015,0,0,7.9(-4.82 %),0,0,0,0,92460973,2.08
21/10/2015,3000,24000000,8(1.27 %),3000,24000000,0,0,92457973,2.08
22/10/2015,0,0,8(0.00 %),0,0,0,0,92457973,2.08
23/10/2015,0,0,8(0.00 %),0,0,0,0,102258365,-2.89
26/10/2015,-2000,-15800000,7.9(-1.25 %),0,0,2000,15800000,102258365,-2.89
27/10/2015,-1000,-8100000,8.1(2.53 %),0,0,1000,8100000,102258365,-2.89
28/10/2015,0,0,8(-1.23 %),0,0,0,0,102258365,-2.89
29/10/2015,0,0,8(0.00 %),0,0,0,0,102258365,-2.89
30/10/2015,0,0,8(0.00 %),0,0,0,0,102260365,-2.89
02/11/2015,0,0,8(0.00 %),0,0,0,0,102261365,-2.89
03/11/2015,335000,2682290000,8.3(3.75 %),335000,2682290000,0,0,101926365,-2.72
04/11/2015,40600,333820000,8.2(-1.20 %),40600,333820000,0,0,101885765,-2.7
05/11/2015,27400,221940000,8.1(-1.22 %),27400,221940000,0,0,101858365,-2.69
06/11/2015,0,0,8.2(1.23 %),0,0,0,0,101858365,-2.69
09/11/2015,0,0,8.1(-1.22 %),0,0,0,0,101858365,-2.69
10/11/2015,0,0,8.1(0.00 %),0,0,0,0,101858365,-2.69
11/11/2015,0,0,8(-1.23 %),0,0,0,0,101858365,-2.69
12/11/2015,-15000,-120000000,8.1(1.25 %),0,0,15000,120000000,101858365,-2.69
13/11/2015,-53000,-426300000,8.2(1.23 %),0,0,53000,426300000,101858365,-2.69
16/11/2015,14000,120400000,8.6(4.88 %),14000,120400000,0,0,101844365,-2.68
17/11/2015,0,0,8.5(-1.16 %),0,0,0,0,101844365,-2.68
18/11/2015,0,0,8.5(0.00 %),0,0,0,0,101859365,-2.69
19/11/2015,0,0,8.4(-1.18 %),0,0,0,0,101912365,-2.71
20/11/2015,83000,701200000,8.5(1.19 %),83000,701200000,0,0,101829365,-2.67
23/11/2015,972500,8360350000,8.7(2.35 %),972500,8360350000,0,0,100856865,-2.18
24/11/2015,1000000,8713000000,8.7(0.00 %),1000000,8713000000,0,0,99856865,-1.67
25/11/2015,1320900,11546310000,9.1(4.60 %),1320900,11546310000,0,0,98535965,-1.0
26/11/2015,-3500,-30500000,8.8(-3.30 %),1500,13500000,5000,44000000,98534465,-1.0
27/11/2015,-59000,-518500000,8.8(0.00 %),6000,54000000,65000,572500000,98528465,-1.0
30/11/2015,-10000,-87000000,8.5(-3.41 %),0,0,10000,87000000,98528465,-1.0
01/12/2015,10000,86000000,8.4(-1.18 %),20000,170000000,10000,84000000,98508465,-0.99
02/12/2015,22000,187000000,8.4(0.00 %),22000,187000000,0,0,98491465,-0.98
03/12/2015,0,0,8.3(-1.19 %),0,0,0,0,98556465,-1.01
04/12/2015,-15000,-124500000,8.3(0.00 %),0,0,15000,124500000,98566465,-1.02
07/12/2015,-10000,-83000000,8.2(-1.20 %),0,0,10000,83000000,98576465,3.59
08/12/2015,-5000,-40500000,8.3(1.22 %),0,0,5000,40500000,98576465,3.59
09/12/2015,0,0,8.1(-2.41 %),0,0,0,0,98576465,3.59
10/12/2015,-5000,-40500000,8(-1.23 %),0,0,5000,40500000,98591465,3.58
11/12/2015,-3000,-24300000,8(0.00 %),0,0,3000,24300000,98601465,3.58
14/12/2015,0,0,8.1(1.25 %),0,0,0,0,98606465,3.57
15/12/2015,0,0,8.2(1.23 %),0,0,0,0,98606465,3.57
16/12/2015,0,0,8.2(0.00 %),0,0,0,0,98611465,3.57
17/12/2015,0,0,8.3(1.22 %),0,0,0,0,98614465,3.57
18/12/2015,0,0,8.2(-1.20 %),0,0,0,0,98614465,3.57
21/12/2015,43000,352600000,8.2(0.00 %),43000,352600000,0,0,98571465,3.59
22/12/2015,0,0,8.3(1.22 %),0,0,0,0,98571465,3.59
23/12/2015,0,0,8.2(-1.20 %),0,0,0,0,98571465,3.59
24/12/2015,0,0,8.3(1.22 %),0,0,0,0,98571465,3.59
25/12/2015,0,0,8.3(0.00 %),0,0,0,0,98571465,3.59
28/12/2015,0,0,8.3(0.00 %),0,0,0,0,98571465,3.59
29/12/2015,620500,5179560000,8.7(4.82 %),620500,5179560000,0,0,97950965,3.88
30/12/2015,92024,811116000,8.7(0.00 %),92024,811116000,0,0,97858941,3.92
31/12/2015,0,0,8.7(0.00 %),0,0,0,0,97858941,3.92
04/01/2016,-10000,-86000000,8.7(0.00 %),0,0,10000,86000000,97858941,3.92
05/01/2016,0,0,8.6(-1.15 %),0,0,0,0,97858941,3.92
06/01/2016,-5000,-43000000,8.7(1.16 %),0,0,5000,43000000,97858941,3.92
07/01/2016,-15000,-128500000,8.4(-3.45 %),0,0,15000,128500000,97868941,3.91
08/01/2016,22000,184800000,8.3(-1.19 %),22000,184800000,0,0,97846941,3.92
11/01/2016,0,0,8.2(-1.20 %),0,0,0,0,97851941,3.92
12/01/2016,0,0,8.5(3.66 %),0,0,0,0,97866941,3.91
13/01/2016,0,0,8.4(-1.18 %),0,0,0,0,97866941,3.91
14/01/2016,0,0,8.5(1.19 %),0,0,0,0,97866941,3.91
15/01/2016,118600,996240000,8.5(0.00 %),118600,996240000,0,0,97748341,3.97
18/01/2016,0,0,8.2(-3.53 %),0,0,0,0,97748341,3.97
19/01/2016,0,0,8.5(3.66 %),0,0,0,0,97748341,3.97
20/01/2016,64000,537600000,8.4(-1.18 %),64000,537600000,0,0,97684341,4.0
21/01/2016,0,0,8.3(-1.19 %),0,0,0,0,97684341,4.0
22/01/2016,0,0,8.4(1.20 %),0,0,0,0,97684341,4.0
25/01/2016,42000,357000000,8.6(2.38 %),42000,357000000,0,0,97642341,4.02
26/01/2016,0,0,8.5(-1.16 %),0,0,0,0,97642341,4.02
27/01/2016,0,0,8.8(3.53 %),0,0,0,0,97642341,4.02
28/01/2016,230000,2154000000,9.3(5.68 %),250000,2344000000,20000,190000000,97392341,4.13
29/01/2016,50800,473640000,9.3(0.00 %),50800,473640000,0,0,97341541,4.16
01/02/2016,20000,190000000,9.4(1.08 %),20000,190000000,0,0,97321541,4.17
02/02/2016,-35000,-327000000,9.1(-3.19 %),0,0,35000,327000000,97341541,4.16
03/02/2016,-5000,-46000000,9.2(1.10 %),0,0,5000,46000000,97341541,4.16
04/02/2016,0,0,9.2(0.00 %),0,0,0,0,97341541,4.16
05/02/2016,176600,1635640000,9.3(1.09 %),176600,1635640000,0,0,97199941,4.22
15/02/2016,0,0,9.2(-1.08 %),0,0,0,0,97204941,4.22
16/02/2016,40000,384000000,9.6(4.35 %),40000,384000000,0,0,97164941,4.24
17/02/2016,-14000,-135400000,9.7(1.04 %),0,0,14000,135400000,97164941,4.24
18/02/2016,-800,-7760000,9.6(-1.03 %),0,0,800,7760000,97164941,4.24
19/02/2016,1900,18240000,9.5(-1.04 %),2500,24000000,600,5760000,97162441,4.24
22/02/2016,0,0,9.6(1.05 %),0,0,0,0,97176441,4.23
23/02/2016,-28000,-268800000,9.5(-1.04 %),0,0,28000,268800000,97177241,4.23
24/02/2016,-500,-4750000,9.7(2.11 %),0,0,500,4750000,97177841,4.23
25/02/2016,-136000,-1292800000,9.6(-1.03 %),85000,845000000,221000,2137800000,97092841,4.27
26/02/2016,500000,4800000000,9.6(0.00 %),500000,4800000000,0,0,96620841,4.49
29/02/2016,0,0,9.6(0.00 %),0,0,0,0,96621341,4.49
01/03/2016,0,0,9.6(0.00 %),0,0,0,0,96842341,4.39
02/03/2016,1069300,10480140000,9.8(2.08 %),1079300,10577140000,10000,97000000,95763041,4.88
03/03/2016,1537700,15124730000,9.8(0.00 %),1582700,15567230000,45000,442500000,94180341,5.61
04/03/2016,-15500,-153400000,9.9(1.02 %),0,0,15500,153400000,94180341,5.61
07/03/2016,1397800,13838000000,9.7(-2.02 %),1400000,13860000000,2200,22000000,92790341,6.25
08/03/2016,100000,970000000,9.6(-1.03 %),100000,970000000,0,0,92735341,6.28
09/03/2016,-2500,-24250000,9.6(0.00 %),0,0,2500,24250000,92737841,6.28
10/03/2016,653500,6283600000,9.7(1.04 %),653700,6285520000,200,1920000,92099341,6.57
11/03/2016,6200,60140000,9.6(-1.03 %),6200,60140000,0,0,92093141,6.57
14/03/2016,-44000,-426800000,9.7(1.04 %),0,0,44000,426800000,92095641,6.57
15/03/2016,0,0,9.6(-1.03 %),0,0,0,0,92095841,6.57
16/03/2016,-38700,-367520000,9.4(-2.08 %),1300,12480000,40000,380000000,92094541,6.57
17/03/2016,2040100,19413670000,9.5(1.06 %),2040100,19413670000,0,0,90098441,7.49
18/03/2016,0,0,9.4(-1.05 %),0,0,0,0,90098441,7.49
21/03/2016,0,0,9.2(-2.13 %),0,0,0,0,90138441,7.47
22/03/2016,77500,706000000,9.2(0.00 %),77500,706000000,0,0,90060941,7.51
23/03/2016,6200,57660000,9.3(1.09 %),6200,57660000,0,0,90054741,7.51
24/03/2016,10,93000,9.2(-1.08 %),10,93000,0,0,90054731,7.51
25/03/2016,0,0,9(-2.17 %),0,0,0,0,90054731,7.51
28/03/2016,327000,2943000000,9(0.00 %),327000,2943000000,0,0,89727731,7.66
29/03/2016,5600,50400000,8.7(-3.33 %),5600,50400000,0,0,89722131,7.67
30/03/2016,272000,2437900000,9(3.45 %),272000,2437900000,0,0,89450131,7.79
31/03/2016,161000,1447000000,8.7(-3.33 %),161000,1447000000,0,0,89289131,7.87
01/04/2016,43000,378400000,8.9(2.30 %),43000,378400000,0,0,89246131,7.89
04/04/2016,777500,6988400000,9(1.12 %),777500,6988400000,0,0,88468631,8.24
05/04/2016,197000,1787900000,9.1(1.11 %),197000,1787900000,0,0,88271631,8.33
06/04/2016,753825,6859800000,9.2(1.10 %),753825,6859800000,0,0,87517806,8.68
07/04/2016,602728,5574722000,9.1(-1.09 %),602728,5574722000,0,0,86915078,8.96
08/04/2016,4300,39560000,9.2(1.10 %),4300,39560000,0,0,86910778,8.96
11/04/2016,0,0,9.2(0.00 %),0,0,0,0,86910778,8.96
12/04/2016,27,243000,9.2(0.00 %),27,243000,0,0,86910751,8.96
13/04/2016,28000,254800000,9.1(-1.09 %),28000,254800000,0,0,86882751,8.97
14/04/2016,0,0,9(-1.10 %),0,0,0,0,86882751,8.97
15/04/2016,282700,2544230000,8.9(-1.11 %),282700,2544230000,0,0,86600051,9.1
19/04/2016,1622700,14565780000,9(1.12 %),1622700,14565780000,0,0,84977351,9.85
20/04/2016,878600,7978260000,9.1(1.11 %),878600,7978260000,0,0,84098751,10.26
21/04/2016,0,0,9.3(2.20 %),0,0,0,0,84098751,10.26
22/04/2016,0,0,9.4(1.08 %),0,0,0,0,84098751,10.26
25/04/2016,900,8460000,9.3(-1.06 %),900,8460000,0,0,84097851,10.26
26/04/2016,0,0,9.4(1.08 %),0,0,0,0,84097851,10.26
27/04/2016,-3600,-33480000,9.1(-3.19 %),0,0,3600,33480000,84097851,10.26
28/04/2016,320500,2916550000,9.1(0.00 %),320500,2916550000,0,0,83777351,10.41
29/04/2016,332400,3058080000,9.2(1.10 %),332400,3058080000,0,0,83444951,10.56
04/05/2016,0,0,9.1(-1.09 %),0,0,0,0,83448551,10.56
05/05/2016,0,0,9(-1.10 %),0,0,0,0,83448551,10.56
06/05/2016,0,0,9.1(1.11 %),0,0,0,0,83448551,10.56
09/05/2016,0,0,8.9(-2.20 %),0,0,0,0,83448551,10.56
10/05/2016,100,880000,8.7(-2.25 %),100,880000,0,0,83448451,10.56
11/05/2016,0,0,8.9(2.30 %),0,0,0,0,83448451,10.56
12/05/2016,0,0,8.8(-1.12 %),0,0,0,0,83448451,10.56
13/05/2016,0,0,8.9(1.14 %),0,0,0,0,83448451,10.56
16/05/2016,0,0,8.8(-1.12 %),0,0,0,0,83448451,10.56
17/05/2016,0,0,9.2(4.55 %),0,0,0,0,83448451,10.56
18/05/2016,12600,114640000,9.1(-1.09 %),12700,115570000,100,930000,83435751,10.56
19/05/2016,0,0,9(-1.10 %),0,0,0,0,83435751,10.56
20/05/2016,0,0,9.1(1.11 %),0,0,0,0,83435751,10.56
23/05/2016,0,0,9(-1.10 %),0,0,0,0,83435851,10.56
24/05/2016,0,0,8.9(-1.11 %),0,0,0,0,83435851,10.56
25/05/2016,0,0,9(1.12 %),0,0,0,0,83435851,10.56
26/05/2016,50,440000,8.9(-1.11 %),50,440000,0,0,83435801,10.56
27/05/2016,0,0,9(1.12 %),0,0,0,0,83435801,10.56
30/05/2016,-3150,-28975000,9.3(3.33 %),0,0,3150,28975000,83435801,10.56
31/05/2016,28000,264330000,9.4(1.08 %),30000,283000000,2000,18670000,83405801,10.58
01/06/2016,54950,527525000,9.6(2.13 %),55000,528000000,50,475000,83350801,10.6
02/06/2016,-4000,-38400000,9.6(0.00 %),0,0,4000,38400000,83353951,10.6
03/06/2016,-20000,-193000000,9.5(-1.04 %),0,0,20000,193000000,83355951,10.6
06/06/2016,-9400,-90240000,9.5(0.00 %),600,5760000,10000,96000000,83355401,10.6
07/06/2016,669870,6489066000,9.8(3.16 %),669900,6489360000,30,294000,82689501,10.91
08/06/2016,37000,366300000,9.9(1.02 %),37000,366300000,0,0,82672501,10.91
09/06/2016,110400,1104120000,9.9(0.00 %),111000,1110000000,600,5880000,82571501,10.96
10/06/2016,0,0,9.8(-1.01 %),0,0,0,0,82571531,10.96
13/06/2016,1185000,11489000000,9.7(-1.02 %),1185000,11489000000,0,0,81386531,11.51
14/06/2016,45000,432000000,9.7(0.00 %),45000,432000000,0,0,81342131,11.53
15/06/2016,0,0,9.7(0.00 %),0,0,0,0,81342131,11.53
16/06/2016,26000,254800000,9.8(1.03 %),26000,254800000,0,0,81316131,11.54
17/06/2016,100,980000,9.7(-1.02 %),100,980000,0,0,81316031,11.54
20/06/2016,0,0,9.7(0.00 %),0,0,0,0,81316031,11.54
21/06/2016,0,0,9.7(0.00 %),0,0,0,0,81316031,11.54
22/06/2016,298000,2920000000,10(3.09 %),300000,2940000000,2000,20000000,81016031,11.68
23/06/2016,-289100,-2862090000,10.1(1.00 %),0,0,289100,2862090000,81016031,11.68
24/06/2016,-139100,-1363150000,9.8(-2.97 %),0,0,139100,1363150000,81016031,11.68
27/06/2016,3166000,30886800000,9.9(1.02 %),3166000,30886800000,0,0,77852031,13.13
28/06/2016,280000,2772000000,9.8(-1.01 %),280000,2772000000,0,0,77861131,13.13
29/06/2016,0,0,9.7(-1.02 %),0,0,0,0,78000231,13.07
30/06/2016,4390000,43461000000,9.7(0.00 %),4390000,43461000000,0,0,73610231,15.09
01/07/2016,100,980000,9.7(0.00 %),100,980000,0,0,73610131,15.09
04/07/2016,497300,4873540000,9.9(2.06 %),499700,4897060000,2400,23520000,73110431,15.32
05/07/2016,801300,7982870000,10(1.01 %),801300,7982870000,0,0,72309131,15.69
06/07/2016,-50090,-535962000,10.7(7.00 %),10,108000,50100,536070000,72309121,15.69
07/07/2016,299900,3338900000,11(2.80 %),300000,3340000000,100,1100000,72011521,15.83
08/07/2016,900000,9965000000,11(0.00 %),900000,9965000000,0,0,71111521,16.24
11/07/2016,40000,448000000,10.4(-5.45 %),40000,448000000,0,0,71121621,16.24
12/07/2016,0,0,10.9(4.81 %),0,0,0,0,71121721,16.24
13/07/2016,-120000,-1306000000,11(0.92 %),30000,329000000,150000,1635000000,71091721,16.25
14/07/2016,151000,1630800000,10.5(-4.55 %),151000,1630800000,0,0,70940721,16.32
15/07/2016,0,0,10.5(0.00 %),0,0,0,0,70940721,16.32
18/07/2016,30000,318000000,10.7(1.90 %),30000,318000000,0,0,71060721,16.26
19/07/2016,30000,315000000,10.6(-0.93 %),30000,315000000,0,0,71030721,16.28
20/07/2016,95000,988000000,10.2(-3.77 %),100000,1040000000,5000,52000000,70930721,16.32
21/07/2016,0,0,10.1(-0.98 %),0,0,0,0,70930721,16.32
22/07/2016,50090,500892000,10(-0.99 %),50100,500990000,10,98000,70880621,16.35
25/07/2016,0,0,10(0.00 %),0,0,0,0,70885621,16.34
26/07/2016,20000,200000000,10(0.00 %),20000,200000000,0,0,70865621,16.35
27/07/2016,100000,1000000000,10(0.00 %),100000,1000000000,0,0,70765631,16.4
28/07/2016,9000,90000000,9.9(-1.00 %),9000,90000000,0,0,70756631,16.4
29/07/2016,57500,569250000,9.9(0.00 %),57500,569250000,0,0,70699131,16.43
01/08/2016,416700,4125330000,9.9(0.00 %),416700,4125330000,0,0,70282431,16.62
02/08/2016,960200,9518940000,9.9(0.00 %),1000200,9901940000,40000,383000000,69282231,17.08
03/08/2016,0,0,9.5(-4.04 %),0,0,0,0,69282231,17.08
04/08/2016,29000,278400000,9.3(-2.11 %),29000,278400000,0,0,69253231,17.1
05/08/2016,0,0,9.2(-1.08 %),0,0,0,0,69293231,17.08
08/08/2016,21444,197293600,9.2(0.00 %),21500,197800000,56,506400,69271731,17.09
09/08/2016,180500,1678650000,9.3(1.09 %),180500,1678650000,0,0,69091231,17.17
10/08/2016,0,0,9.4(1.08 %),0,0,0,0,69091231,17.17
11/08/2016,-23900,-229460000,9.7(3.19 %),100,940000,24000,230400000,69091187,17.17
12/08/2016,100,960000,9.6(-1.03 %),100,960000,0,0,69091087,17.17
15/08/2016,-19900,-195040000,9.8(2.08 %),100,960000,20000,196000000,69090987,17.17
16/08/2016,-100,-970000,9.6(-2.04 %),0,0,100,970000,69114987,17.16
17/08/2016,-2825300,-26800670000,9.5(-1.04 %),0,0,2825300,26800670000,69114987,17.16
18/08/2016,-39300,-369410000,9.5(0.00 %),700,6590000,40000,376000000,69134287,17.15
19/08/2016,0,0,9.4(-1.05 %),0,0,0,0,69134387,17.15
22/08/2016,0,0,9.4(0.00 %),0,0,0,0,71959687,15.85
23/08/2016,0,0,9.6(2.13 %),0,0,0,0,71999687,15.83
24/08/2016,-300,-2940000,9.8(2.08 %),0,0,300,2940000,71999687,15.83
25/08/2016,-600300,-6002970000,9.9(1.02 %),0,0,600300,6002970000,71999687,15.83
26/08/2016,900000,9003600000,10.1(2.02 %),2000000,20053600000,1100000,11050000000,69999687,16.75
29/08/2016,-1280400,-13075040000,10.1(0.00 %),0,0,1280400,13075040000,69999987,16.75
30/08/2016,0,0,10.2(0.99 %),0,0,0,0,70600287,16.48
31/08/2016,0,0,10.3(0.98 %),0,0,0,0,71700287,15.97
01/09/2016,0,0,10(-2.91 %),0,0,0,0,72980687,15.38
05/09/2016,0,0,10(0.00 %),0,0,0,0,72980687,15.38
06/09/2016,0,0,9.9(-1.00 %),0,0,0,0,72980687,15.38
07/09/2016,0,0,10.1(2.02 %),0,0,0,0,72980687,15.38
08/09/2016,-2976200,-29682490000,9.9(-1.98 %),0,0,2976200,29682490000,72980687,15.38
09/09/2016,-180500,-1805000000,10(1.01 %),0,0,180500,1805000000,72980687,15.38
12/09/2016,0,0,9.9(-1.00 %),0,0,0,0,72980687,15.38
13/09/2016,10000,99500000,10(1.01 %),10000,99500000,0,0,75946887,14.01
14/09/2016,30000,299000000,9.9(-1.00 %),30000,299000000,0,0,76097387,13.94
15/09/2016,1000,9900000,9.9(0.00 %),1000,9900000,0,0,76096387,13.94
16/09/2016,0,0,9.7(-2.02 %),0,0,0,0,76096387,13.94
19/09/2016,0,0,9.8(1.03 %),0,0,0,0,76096387,13.94
20/09/2016,0,0,9.9(1.02 %),0,0,0,0,76096387,13.94
21/09/2016,-2309400,-22575500000,9.8(-1.01 %),0,0,2309400,22575500000,76096387,13.94
22/09/2016,99900,989010000,9.9(1.02 %),100000,990000000,100,990000,75996387,13.99
23/09/2016,0,0,9.8(-1.01 %),0,0,0,0,75996387,13.99
26/09/2016,0,0,9.8(0.00 %),0,0,0,0,78305787,12.93
27/09/2016,0,0,9.9(1.02 %),0,0,0,0,78305887,12.93
28/09/2016,0,0,9.8(-1.01 %),0,0,0,0,78305887,12.93
29/09/2016,0,0,9.8(0.00 %),0,0,0,0,78305887,12.93
30/09/2016,0,0,9.7(-1.02 %),0,0,0,0,78305887,12.93
03/10/2016,0,0,9.7(0.00 %),0,0,0,0,78305887,12.93
04/10/2016,-847500,-8172910000,9.6(-1.03 %),0,0,847500,8172910000,78305887,12.93
05/10/2016,-10000,-98000000,9.8(2.08 %),0,0,10000,98000000,78305887,12.93
06/10/2016,1000000,9836680000,9.8(0.00 %),1000000,9836680000,0,0,77305887,13.39
07/10/2016,381800,3844680000,10(2.04 %),505000,5079000000,123200,1234320000,77648387,13.23
10/10/2016,0,0,9.9(-1.00 %),0,0,0,0,77658387,13.22
11/10/2016,300000,2940000000,9.8(-1.01 %),300000,2940000000,0,0,77358387,13.36
12/10/2016,-50000,-490500000,9.7(-1.02 %),5000,48500000,55000,539000000,77476587,13.31
13/10/2016,-83700,-820390000,9.8(1.03 %),1300,12610000,85000,833000000,77475287,13.31
14/10/2016,-2057060,-20204188000,9.8(0.00 %),0,0,2057060,20204188000,77475287,13.31
17/10/2016,-2020000,-19846000000,9.8(0.00 %),0,0,2020000,19846000000,77530287,13.28
18/10/2016,-816004,-8038439200,9.8(0.00 %),0,0,816004,8038439200,77615287,13.24
19/10/2016,4000,38800000,9.7(-1.02 %),4000,38800000,0,0,79745988,12.26
20/10/2016,0,0,9.7(0.00 %),0,0,0,0,81765988,11.33
21/10/2016,3500,33600000,9.6(-1.03 %),3500,33600000,0,0,82578492,10.96
24/10/2016,3500,33260000,9.5(-1.04 %),3500,33260000,0,0,82574992,10.96
25/10/2016,0,0,9.5(0.00 %),0,0,0,0,82574992,10.96
26/10/2016,100,940000,9.4(-1.05 %),100,940000,0,0,82574892,10.96
27/10/2016,-500,-4700000,9.5(1.06 %),0,0,500,4700000,82574892,10.96
28/10/2016,0,0,9.4(-1.05 %),0,0,0,0,82574892,10.96
31/10/2016,0,0,9.4(0.00 %),0,0,0,0,82574892,10.96
01/11/2016,0,0,9.3(-1.06 %),0,0,0,0,82575392,10.96
02/11/2016,-109400,-1017420000,9.1(-2.15 %),0,0,109400,1017420000,82575392,10.96
03/11/2016,1500,13220000,8.9(-2.20 %),1700,14960000,200,1740000,82573692,10.96
04/11/2016,-900,-7920000,8.8(-1.12 %),300,2640000,1200,10560000,82573392,10.96
07/11/2016,64300,586390000,9.2(4.55 %),64300,586390000,0,0,82618492,10.94
08/11/2016,13890,127688000,9.1(-1.09 %),13900,127780000,10,92000,82604792,10.95
09/11/2016,1200,10680000,9.1(0.00 %),1200,10680000,0,0,82604846,10.95
10/11/2016,0,0,9.1(0.00 %),0,0,0,0,82604846,10.95
18/11/2016,-37910,-353600000,9.25(1.20 %),12090,112470000,50000,466070000,82592766,10.95
21/11/2016,-500000,-4516460000,9(-2.70 %),0,0,500000,4516460000,82592766,10.95
22/11/2016,0,0,9.05(0.56 %),0,0,0,0,82592766,10.95
23/11/2016,0,0,9.08(0.33 %),0,0,0,0,82642766,10.93
24/11/2016,0,0,9(-0.88 %),0,0,0,0,83142766,10.7
25/11/2016,20,180000,8.86(-1.56 %),20,180000,0,0,83142746,10.7
28/11/2016,0,0,8.6(-2.93 %),0,0,0,0,83142746,10.7
29/11/2016,800,6890000,8.49(-1.28 %),800,6890000,0,0,83141946,10.7
30/11/2016,-240000,-2044150000,8.51(0.24 %),0,0,240000,2044150000,83141946,10.7
01/12/2016,-259960,-2262050000,8.65(1.65 %),100,850000,260060,2262900000,83141846,10.7
02/12/2016,0,0,8.51(-1.62 %),0,0,0,0,83141846,10.7
05/12/2016,-4940,-40990000,8.3(-2.47 %),60,510000,5000,41500000,83381786,10.59
06/12/2016,-4910,-40520000,8(-3.61 %),90,730000,5000,41250000,83641756,10.47
07/12/2016,50,390000,7.7(-3.75 %),50,390000,0,0,83641706,10.47
08/12/2016,0,0,7.89(2.47 %),0,0,0,0,83646706,10.47
09/12/2016,0,0,8.05(2.03 %),0,0,0,0,83651706,10.46
12/12/2016,100,800000,7.89(-1.99 %),100,800000,0,0,83651606,10.46
13/12/2016,0,0,7.7(-2.41 %),0,0,0,0,83651606,10.46
14/12/2016,0,0,7.75(0.65 %),0,0,0,0,83651606,10.46
15/12/2016,0,0,7.7(-0.65 %),0,0,0,0,83651606,10.46
16/12/2016,761400,5800980000,7.69(4.91 %),761400,5800980000,0,0,81390206,11.5
19/12/2016,1500000,11550000000,8.03(4.42 %),1500000,11550000000,0,0,81390206,11.5
20/12/2016,0,0,8.12(1.12 %),0,0,0,0,81390206,11.5
21/12/2016,10,80000,7.96(-1.97 %),10,80000,0,0,81390196,11.5
22/12/2016,0,0,7.9(-0.75 %),0,0,0,0,81390196,11.5
23/12/2016,0,0,7.7(-2.53 %),0,0,0,0,81390196,11.5
26/12/2016,-100,-800000,8(3.90 %),0,0,100,800000,73390196,15.19
27/12/2016,7000000,56000000000,8.38(4.75 %),7000000,56000000000,0,0,73390196,15.19
28/12/2016,1000000,8300000000,8.6(2.63 %),1000000,8300000000,0,0,73390196,15.19
29/12/2016,-3000,-25920000,8.62(0.23 %),0,0,3000,25920000,73390296,15.19
30/12/2016,0,0,8.6(-0.23 %),0,0,0,0,73390296,15.19
03/01/2017,0,0,8.55(-0.58 %),0,0,0,0,73390296,15.19
04/01/2017,-23000,-195270000,8.5(-0.58 %),0,0,23000,195270000,73393296,15.19
05/01/2017,-1680000,-14468850000,8.6(1.18 %),0,0,1680000,14468850000,73393296,15.19
06/01/2017,0,0,8.68(0.93 %),0,0,0,0,73393296,15.19
09/01/2017,0,0,8.6(-0.92 %),0,0,0,0,73416296,15.18
10/01/2017,0,0,8.61(0.12 %),0,0,0,0,75096296,14.4
11/01/2017,186200,1600170000,8.54(-0.81 %),186200,1600170000,0,0,74910096,14.49
12/01/2017,0,0,8.63(1.05 %),0,0,0,0,74910096,14.49
13/01/2017,0,0,8.59(-0.46 %),0,0,0,0,74910096,14.49
16/01/2017,-131850,-1121780000,8.2(-4.54 %),0,0,131850,1121780000,79091723,15.01
17/01/2017,0,0,8.22(0.24 %),0,0,0,0,79091723,15.01
18/01/2017,0,0,8.21(-0.12 %),0,0,0,0,79091723,15.01
19/01/2017,-89540,-734340000,8.12(-1.10 %),40,320000,89580,734660000,79223533,14.95
20/01/2017,-668560,-5482900000,8.2(0.99 %),10,80000,668570,5482980000,79223523,14.95
23/01/2017,-50000,-410000000,8.17(-0.37 %),0,0,50000,410000000,79223523,14.95
24/01/2017,-250000,-2051440000,8.2(0.37 %),10000,81710000,260000,2133150000,79303103,14.92
25/01/2017,-299990,-2460710000,8.24(0.49 %),10,80000,300000,2460790000,79971663,14.61
02/02/2017,32110,266120000,8.38(1.70 %),32110,266120000,0,0,79989553,13.9
03/02/2017,0,0,8.4(0.24 %),0,0,0,0,80249553,13.79
06/02/2017,0,0,8.38(-0.24 %),0,0,0,0,80549553,13.66
07/02/2017,-90,-780000,8.67(3.46 %),0,0,90,780000,80549553,13.66
08/02/2017,-1066330,-9251270000,8.69(0.23 %),0,0,1066330,9251270000,80549553,13.66
09/02/2017,-20000,-173000000,8.66(-0.35 %),0,0,20000,173000000,80549553,13.66
10/02/2017,0,0,8.63(-0.35 %),0,0,0,0,80549643,13.66
13/02/2017,500,4300000,8.54(-1.04 %),500,4300000,0,0,81615473,13.19
14/02/2017,0,0,8.63(1.05 %),0,0,0,0,81635473,13.18
15/02/2017,0,0,8.6(-0.35 %),0,0,0,0,81635473,13.18
16/02/2017,-75020,-644930000,8.53(-0.81 %),0,0,75020,644930000,81635473,13.18
17/02/2017,0,0,8.44(-1.06 %),0,0,0,0,81635473,13.18
20/02/2017,-84000,-715300000,8.54(1.18 %),0,0,84000,715300000,81635473,13.18
21/02/2017,0,0,8.56(0.23 %),0,0,0,0,81710493,13.15
22/02/2017,35050,300430000,8.56(0.00 %),35050,300430000,0,0,81675448,13.16
23/02/2017,15000,127600000,8.51(-0.58 %),15000,127600000,0,0,81744448,13.13
24/02/2017,0,0,8.5(-0.12 %),0,0,0,0,81744448,13.13
27/02/2017,10000,85050000,8.51(0.12 %),10000,85050000,0,0,81714448,13.15
28/02/2017,-30,-260000,8.75(2.82 %),0,0,30,260000,81734448,13.14
01/03/2017,18710,160970000,8.4(-4.00 %),20000,172100000,1290,11130000,81714448,13.15
02/03/2017,30,250000,8.54(1.67 %),30,250000,0,0,81714418,13.15
03/03/2017,0,0,8.37(-1.99 %),0,0,0,0,81714448,13.15
06/03/2017,-368650,-3087610000,8.32(-0.60 %),5000,41600000,373650,3129210000,81710738,13.15
07/03/2017,-135000,-1124210000,8.31(-0.12 %),0,0,135000,1124210000,81710738,13.15
08/03/2017,-497020,-4162630000,8.36(0.60 %),0,0,497020,4162630000,81710743,13.15
09/03/2017,-515000,-4271390000,8.2(-1.91 %),0,0,515000,4271390000,82084393,12.99
10/03/2017,0,0,8.1(-1.22 %),0,0,0,0,82219393,12.93
13/03/2017,-115580,-936250000,8.07(-0.37 %),0,0,115580,936250000,82716413,12.71
14/03/2017,-50000,-403900000,8.12(0.62 %),0,0,50000,403900000,83231413,12.48
15/03/2017,50,400000,8.03(-1.11 %),50,400000,0,0,83231363,12.48
16/03/2017,-211580,-1700760000,8.02(-0.12 %),70,560000,211650,1701320000,83346873,12.43
17/03/2017,0,0,8.16(1.75 %),0,0,0,0,83346873,12.43
20/03/2017,-110400,-908060000,8.2(0.49 %),3600,29520000,114000,937580000,83346873,12.43
21/03/2017,-95000,-780420000,8.19(-0.12 %),0,0,95000,780420000,83346873,12.43
22/03/2017,-257850,-2087690000,8.05(-1.71 %),7500,61050000,265350,2148740000,83346873,12.43
23/03/2017,5000,40250000,8.17(1.49 %),5000,40250000,0,0,83346873,12.43
24/03/2017,-78000,-640180000,8.11(-0.73 %),0,0,78000,640180000,83346873,12.43
27/03/2017,-275630,-2260460000,8.18(0.86 %),100,810000,275730,2261270000,83346873,12.43
28/03/2017,0,0,8.2(0.24 %),0,0,0,0,83346873,12.43
29/03/2017,0,0,8.1(-1.22 %),0,0,0,0,83346873,12.43
30/03/2017,0,0,8.11(0.12 %),0,0,0,0,83346873,12.43
31/03/2017,1010,8210000,8.04(-0.86 %),1010,8210000,0,0,83346873,12.43
03/04/2017,-82840,-695210000,8.47(5.35 %),20000,169400000,102840,864610000,84399392,11.97
04/04/2017,-955090,-8213030000,8.55(0.94 %),50000,427500000,1005090,8640530000,84349392,11.99
05/04/2017,0,0,8.5(-0.58 %),0,0,0,0,84349392,11.99
07/04/2017,-120000,-1003950000,8.49(-0.12 %),30000,250050000,150000,1254000000,84422232,11.96
10/04/2017,14000,121000000,8.55(0.71 %),20000,173500000,6000,52500000,85407322,11.53
11/04/2017,-27880,-247300000,8.79(2.81 %),16000,140290000,43880,387590000,85391322,11.53
12/04/2017,-3120,-34760000,9.26(5.35 %),12000,106000000,15120,140760000,85529322,11.47
13/04/2017,-10000,-90000000,9(-2.81 %),0,0,10000,90000000,85535322,11.47
14/04/2017,-15010,-135220000,8.99(-0.11 %),5000,44870000,20010,180090000,85574202,11.45
17/04/2017,5000,45550000,8.95(-0.44 %),5000,45550000,0,0,85584322,11.45
18/04/2017,1228080,10748780000,8.7(-2.79 %),1228080,10748780000,0,0,84366242,11.98
19/04/2017,-320540,-2818470000,8.73(0.34 %),149500,1304940000,470040,4123410000,84236752,12.04
20/04/2017,-2887600,-25203340000,8.73(0.00 %),13000,113260000,2900600,25316600000,84223752,12.05
21/04/2017,-438170,-3805260000,8.6(-1.49 %),10000,86000000,448170,3891260000,84213752,12.05
24/04/2017,-2242140,-18925280000,8.37(-2.67 %),15000,127050000,2257140,19052330000,84668792,11.85
25/04/2017,-945000,-7847340000,8.4(0.36 %),5000,41750000,950000,7889090000,87564392,10.58
26/04/2017,-996000,-8517390000,8.62(2.62 %),5000,42950000,1001000,8560340000,88007562,10.39
27/04/2017,-676690,-5794420000,8.51(-1.28 %),0,0,676690,5794420000,90264702,9.4
28/04/2017,-344670,-2948070000,8.6(1.06 %),10000,85300000,354670,3033370000,91204702,8.98
03/05/2017,80000,688000000,8.64(0.47 %),80000,688000000,0,0,92125702,8.58
04/05/2017,-27430,-247700000,9.09(5.21 %),0,0,27430,247700000,92802392,8.28
05/05/2017,-155160,-1431490000,9.2(1.21 %),0,0,155160,1431490000,93157062,8.13
08/05/2017,-25000,-246510000,9.84(6.96 %),10000,97790000,35000,344300000,93147062,8.13
09/05/2017,0,0,9.82(-0.20 %),0,0,0,0,93174492,8.12
10/05/2017,34900,353960000,10.5(6.92 %),39000,396800000,4100,42840000,93290652,8.07
11/05/2017,-435670,-4719770000,10.35(-1.43 %),2000,21700000,437670,4741470000,93323652,8.05
12/05/2017,-15000,-158250000,11.05(6.76 %),0,0,15000,158250000,93323652,8.05
15/05/2017,0,0,11.8(6.79 %),0,0,0,0,93327752,8.05
16/05/2017,-36900,-463940000,12.6(6.78 %),2100,26460000,39000,490400000,93763322,7.86
17/05/2017,-104250,-1300080000,13(3.17 %),1000,12250000,105250,1312330000,93777322,7.86
18/05/2017,7390,92550000,12.1(-6.92 %),12610,158660000,5220,66110000,93764712,7.86
19/05/2017,-184190,-2115470000,11.7(-3.31 %),0,0,184190,2115470000,93803712,7.84
22/05/2017,1516000,18605680000,12.5(6.84 %),1516000,18605680000,0,0,92392962,8.46
23/05/2017,2900,36360000,12.2(-2.40 %),3000,37600000,100,1240000,92395182,8.46
24/05/2017,-10000,-122000000,11.95(-2.05 %),0,0,10000,122000000,92579372,8.38
25/05/2017,-3000,-36890000,12.05(0.84 %),0,0,3000,36890000,92579372,8.38
26/05/2017,8000,97400000,12.25(1.66 %),12000,145600000,4000,48200000,92567472,8.39
29/05/2017,-15000,-189500000,12.3(0.41 %),0,0,15000,189500000,92577472,8.38
30/05/2017,-30200,-374440000,12.2(-0.81 %),0,0,30200,374440000,92580472,8.38
31/05/2017,6300,74890000,11.35(-6.97 %),6300,74890000,0,0,92578172,8.38
01/06/2017,0,0,11.1(-2.20 %),0,0,0,0,92593172,8.37
02/06/2017,0,0,11.5(3.60 %),0,0,0,0,92623372,8.36
05/06/2017,1000,11000000,11(-4.35 %),1000,11000000,0,0,92622372,8.36
06/06/2017,-5000,-55000000,11.4(3.64 %),0,0,5000,55000000,92622372,8.36
07/06/2017,0,0,11.5(0.88 %),0,0,0,0,92622372,8.36
08/06/2017,0,0,11.35(-1.30 %),0,0,0,0,92622372,8.36
09/06/2017,0,0,11.6(2.20 %),0,0,0,0,92627372,8.36
12/06/2017,0,0,12(3.45 %),0,0,0,0,92627372,8.36
13/06/2017,-12000,-144000000,11.8(-1.67 %),0,0,12000,144000000,92627372,8.36
14/06/2017,0,0,11.65(-1.27 %),0,0,0,0,92627372,8.36
15/06/2017,20000,232000000,11.45(-1.72 %),20000,232000000,0,0,92607372,8.37
16/06/2017,0,0,11.55(0.87 %),0,0,0,0,92619372,8.36
19/06/2017,0,0,11.4(-1.30 %),0,0,0,0,92619372,8.36
20/06/2017,0,0,11.6(1.75 %),0,0,0,0,92619372,8.36
21/06/2017,-2000,-24700000,12.35(6.47 %),0,0,2000,24700000,92619372,8.36
22/06/2017,5000,62500000,12.55(1.62 %),5000,62500000,0,0,92614372,8.37
23/06/2017,-51000,-630050000,12.55(0.00 %),0,0,51000,630050000,92614372,8.37
26/06/2017,31000,389250000,12.55(0.00 %),31000,389250000,0,0,92585372,8.38
27/06/2017,0,0,12.25(-2.39 %),0,0,0,0,92636372,8.36
28/06/2017,-30000,-368000000,12.35(0.82 %),0,0,30000,368000000,92636372,8.36
29/06/2017,-61700,-765980000,12.35(0.00 %),7000,86300000,68700,852280000,92629372,8.36
30/06/2017,0,0,12.25(-0.81 %),0,0,0,0,92629372,8.36
03/07/2017,0,0,12.3(0.41 %),0,0,0,0,92659372,8.35
04/07/2017,500,6000000,12(-2.44 %),500,6000000,0,0,92727572,8.32
05/07/2017,0,0,12.1(0.83 %),0,0,0,0,92727572,8.32
06/07/2017,0,0,12.45(2.89 %),0,0,0,0,92727572,8.32
07/07/2017,200000,2460000000,12(-3.61 %),200000,2460000000,0,0,92527572,8.4
10/07/2017,0,0,11.8(-1.67 %),0,0,0,0,92527572,8.4
11/07/2017,0,0,11.7(-0.85 %),0,0,0,0,92527572,8.4
12/07/2017,0,0,11.65(-0.43 %),0,0,0,0,92527572,8.4
13/07/2017,0,0,11.65(0.00 %),0,0,0,0,92527572,8.4
14/07/2017,101000,1171700000,11.6(-0.43 %),101000,1171700000,0,0,92426572,8.45
17/07/2017,60000,678000000,11(-5.17 %),60000,678000000,0,0,92366572,8.47
18/07/2017,0,0,10.85(-1.36 %),0,0,0,0,92366572,8.47
19/07/2017,0,0,10.9(0.46 %),0,0,0,0,92366572,8.47
20/07/2017,38400,418560000,11.2(2.75 %),41400,451260000,3000,32700000,92325172,8.49
21/07/2017,0,0,10.95(-2.23 %),0,0,0,0,92325172,8.49
24/07/2017,0,0,10.65(-2.74 %),0,0,0,0,92325172,8.49
25/07/2017,0,0,11(3.29 %),0,0,0,0,92328172,8.49
26/07/2017,16340,179740000,11.75(6.82 %),16390,180290000,50,550000,92290632,8.51
27/07/2017,21150,245860000,11.5(-2.13 %),21150,245860000,0,0,92290632,8.51
28/07/2017,93520,1075480000,11.5(0.00 %),93520,1075480000,0,0,92197112,8.55
31/07/2017,10000,115000000,11.55(0.43 %),10000,115000000,0,0,92187162,8.55
01/08/2017,0,0,11.7(1.30 %),0,0,0,0,92187162,8.55
02/08/2017,21640,253190000,11.6(-0.85 %),21640,253190000,0,0,92165522,8.56
03/08/2017,23500,272600000,11.65(0.43 %),23500,272600000,0,0,92142022,8.57
04/08/2017,36080,414920000,11.55(-0.86 %),36080,414920000,0,0,92105942,8.59
07/08/2017,500,5830000,11.5(-0.43 %),500,5830000,0,0,92105442,8.59
08/08/2017,0,0,11.1(-3.48 %),0,0,0,0,92105442,8.59
09/08/2017,0,0,10.6(-4.50 %),0,0,0,0,92105442,8.59
10/08/2017,0,0,11(3.77 %),0,0,0,0,92105442,8.59
11/08/2017,10000,109540000,10.95(-0.45 %),10000,109540000,0,0,92095442,8.59
14/08/2017,220000,2431650000,11.2(2.28 %),220000,2431650000,0,0,91875442,8.69
15/08/2017,10000,109000000,10.9(-2.68 %),10000,109000000,0,0,91865442,8.69
16/08/2017,0,0,10.9(0.00 %),0,0,0,0,91865442,8.69
17/08/2017,0,0,10.85(-0.46 %),0,0,0,0,91865442,8.69
18/08/2017,0,0,10.75(-0.92 %),0,0,0,0,91865442,8.69
21/08/2017,33130,357800000,10.8(0.47 %),33130,357800000,0,0,91832312,8.71
22/08/2017,9300,99980000,10.65(-1.39 %),9300,99980000,0,0,91823012,8.71
23/08/2017,-150130,-1599880000,10.65(0.00 %),0,0,150130,1599880000,91823012,8.71
24/08/2017,-1349870,-14497570000,10.75(0.94 %),500000,5298680000,1849870,19796250000,91323012,8.93
25/08/2017,-1280850,-13676450000,10.6(-1.40 %),0,0,1280850,13676450000,91323012,8.93
28/08/2017,-719150,-7733950000,10.9(2.83 %),0,0,719150,7733950000,91473142,8.87
29/08/2017,-1700430,-18802860000,10.9(0.00 %),50,550000,1700480,18803410000,93322962,8.05
30/08/2017,-554960,-5993660000,10.75(-1.38 %),0,0,554960,5993660000,94603812,7.49
31/08/2017,-1844500,-19869600000,10.8(0.47 %),500,5380000,1845000,19874980000,95322462,7.18
01/09/2017,0,0,10.7(-0.93 %),0,0,0,0,97022942,6.43
05/09/2017,5600,63350000,11.4(6.54 %),5600,63350000,0,0,97572302,6.19
06/09/2017,-500,-5650000,11.2(-1.75 %),0,0,500,5650000,99417302,5.38
07/09/2017,0,0,11.1(-0.89 %),0,0,0,0,99417302,5.38
08/09/2017,260,2890000,11.15(0.45 %),260,2890000,0,0,99417042,5.38
11/09/2017,-4900,-55360000,11.25(0.90 %),100,1140000,5000,56500000,99417442,5.38
12/09/2017,0,0,11.25(0.00 %),0,0,0,0,99417442,5.38
13/09/2017,0,0,11.7(4.00 %),0,0,0,0,99417365,5.38
14/09/2017,10190,118210000,11.6(-0.85 %),10190,118210000,0,0,99412175,5.38
15/09/2017,9500,109730000,11.7(0.86 %),9500,109730000,0,0,99402675,5.39
18/09/2017,70750,835380000,11.8(0.85 %),80050,945590000,9300,110210000,99322625,5.42
19/09/2017,30020,349740000,11.55(-2.12 %),30020,349740000,0,0,99292605,5.44
20/09/2017,1011020,11782330000,11.7(1.30 %),1041020,12128830000,30000,346500000,98251585,5.89
21/09/2017,4400,51400000,11.5(-1.71 %),20400,236600000,16000,185200000,98240485,5.9
22/09/2017,10,110000,11.4(-0.87 %),10,110000,0,0,98240475,5.9
25/09/2017,20,230000,11.4(0.00 %),20,230000,0,0,98270452,5.88
26/09/2017,23000,260190000,11.3(-0.88 %),23080,261100000,80,910000,98263372,5.89
27/09/2017,2150,24500000,11.25(-0.44 %),22150,250500000,20000,226000000,98241222,5.9
28/09/2017,-59970,-665670000,11.05(-1.78 %),30,330000,60000,666000000,98241192,5.9
29/09/2017,30000,332000000,11.2(1.36 %),30000,332000000,0,0,98211272,5.91
02/10/2017,1020,11120000,10.95(-2.23 %),1020,11120000,0,0,98230252,5.9
03/10/2017,1000,10750000,10.8(-1.37 %),1000,10750000,0,0,98289252,5.88
04/10/2017,30,330000,11.1(2.78 %),30,330000,0,0,98289222,5.88
05/10/2017,505120,5653670000,11(-0.90 %),505120,5653670000,0,0,97784102,6.1
06/10/2017,300,3320000,11.05(0.45 %),300,3320000,0,0,97783802,6.1
09/10/2017,17030,189030000,11.1(0.45 %),17030,189030000,0,0,97766772,6.1
10/10/2017,620,6990000,11.3(1.80 %),620,6990000,0,0,97766152,6.11
11/10/2017,4590,52550000,11.35(0.44 %),4690,53700000,100,1150000,97761462,6.11
12/10/2017,5700,64990000,11.4(0.44 %),5700,64990000,0,0,97755762,6.11
13/10/2017,-100770,-1143750000,11.25(-1.32 %),290,3280000,101060,1147030000,97755472,6.11
16/10/2017,-40090,-449010000,11(-2.22 %),90,1010000,40180,450020000,97755482,6.11
17/10/2017,300,3320000,11(0.00 %),300,3320000,0,0,97755182,6.11
18/10/2017,46900,513550000,10.95(-0.45 %),47100,515750000,200,2200000,97809142,6.09
19/10/2017,27820,306020000,10.8(-1.37 %),27820,306020000,0,0,97821502,6.08
20/10/2017,400,4140000,10.35(2.58 %),400,4140000,0,0,97821102,6.08
23/10/2017,395000,4021530000,10.1(-2.42 %),395000,4021530000,0,0,97426302,6.25
24/10/2017,0,0,9.99(-1.09 %),0,0,0,0,97426302,6.25
25/10/2017,-245990,-2485800000,10.05(0.60 %),0,0,245990,2485800000,97426302,6.25
26/10/2017,0,0,9.63(-4.18 %),0,0,0,0,97426302,6.25
27/10/2017,100,940000,9.41(-2.28 %),100,940000,0,0,97426202,6.25
30/10/2017,9800,91040000,9.03(-4.04 %),10000,92900000,200,1860000,97662192,6.15
31/10/2017,66600,585490000,8.71(-3.54 %),66700,586370000,100,880000,97595497,6.18
01/11/2017,100,870000,8.78(0.80 %),100,870000,0,0,97595397,6.18
02/11/2017,165230,1482450000,8.97(2.16 %),165230,1482450000,0,0,97430367,6.25
03/11/2017,1500,13500000,9.03(0.67 %),1500,13500000,0,0,97428967,6.25
06/11/2017,2700,24560000,9.1(0.78 %),2800,25480000,100,920000,97426167,6.25
07/11/2017,13700,124200000,9.06(-0.44 %),13700,124200000,0,0,97412467,6.26
08/11/2017,3300,29940000,9.08(0.22 %),3300,29940000,0,0,97409167,6.26
09/11/2017,100,900000,8.93(-1.65 %),100,900000,0,0,97409167,6.26
10/11/2017,-11700,-105300000,9.07(1.57 %),0,0,11700,105300000,104255415,6.69
13/11/2017,300700,2704930000,9(-0.77 %),303000,2725750000,2300,20820000,103952415,6.82
14/11/2017,2100,18800000,8.99(-0.11 %),2100,18800000,0,0,103950315,6.82
15/11/2017,126320,1154100000,9.41(4.67 %),126520,1155960000,200,1860000,103835495,6.87
16/11/2017,56100,529180000,9.39(-0.21 %),56100,529180000,0,0,103781695,6.44
17/11/2017,2530,23530000,9.34(-0.53 %),4000,37350000,1470,13820000,103777695,6.45
20/11/2017,-12500,-115170000,9.2(-1.50 %),2500,23090000,15000,138260000,103775395,6.45
21/11/2017,-52800,-485610000,9.22(0.22 %),22300,205310000,75100,690920000,103753095,6.46
22/11/2017,6000,55370000,9.23(0.11 %),6000,55370000,0,0,103748565,6.46
23/11/2017,10000,93210000,9.39(1.73 %),10000,93210000,0,0,103753565,6.46
24/11/2017,-54000,-522580000,9.8(4.37 %),0,0,54000,522580000,103828665,6.43
27/11/2017,12900,127480000,9.8(0.00 %),13000,128470000,100,990000,103815665,6.43
28/11/2017,6000,58100000,9.67(-1.33 %),6000,58100000,0,0,103809665,6.43
29/11/2017,4620,44800000,9.71(0.41 %),5610,54350000,990,9550000,103858055,6.41
30/11/2017,-19000,-188020000,9.78(0.72 %),1000,9780000,20000,197800000,103857155,6.41
01/12/2017,239440,2341460000,9.78(0.00 %),239540,2342440000,100,980000,103617615,6.51
04/12/2017,900,8820000,9.9(1.23 %),1000,9810000,100,990000,103617605,6.51
05/12/2017,-80100,-825530000,9.95(0.51 %),0,0,80100,825530000,103637605,6.5
06/12/2017,0,0,9.99(0.40 %),0,0,0,0,103637705,6.5
07/12/2017,-34960,-365600000,10.3(3.10 %),13540,138790000,48500,504390000,103624265,6.51
08/12/2017,-98950,-1029090000,9.91(-3.79 %),1050,10910000,100000,1040000000,103703315,6.48
11/12/2017,21430,210890000,9.3(-6.16 %),21430,210890000,0,0,103681885,6.49
12/12/2017,186150,1671190000,9.39(0.97 %),199650,1796740000,13500,125550000,103530735,6.55
13/12/2017,0,0,9.13(-2.77 %),0,0,0,0,103630735,6.51
14/12/2017,20000,184400000,9.25(1.31 %),20000,184400000,0,0,103610735,6.51
15/12/2017,0,0,9.4(1.62 %),0,0,0,0,103624243,6.51
18/12/2017,-20420,-196680000,9.5(1.06 %),0,0,20420,196680000,103624243,6.51
19/12/2017,2770,26450000,9.55(0.53 %),2770,26450000,0,0,103621473,6.51
20/12/2017,50000,475300000,9.55(0.00 %),50000,475300000,0,0,103571473,6.53
21/12/2017,19900,189060000,9.45(-1.05 %),20000,190000000,100,940000,103571893,6.53
22/12/2017,0,0,9.33(-1.27 %),0,0,0,0,103571893,6.53
25/12/2017,0,0,9.26(-0.75 %),0,0,0,0,103571893,6.53
26/12/2017,150000,1395930000,9.33(0.76 %),150000,1395930000,0,0,103421993,6.59
27/12/2017,268110,2489420000,9.28(-0.54 %),268110,2489420000,0,0,103153883,6.7
28/12/2017,238120,2212420000,9.3(0.22 %),238120,2212420000,0,0,102915763,6.8
29/12/2017,-5250,-48720000,9.21(-0.97 %),0,0,5250,48720000,102915763,6.8
02/01/2018,-160050,-1489460000,9.28(0.76 %),1000,9210000,161050,1498670000,102914763,6.8
03/01/2018,-618440,-5779820000,9.29(0.11 %),7100,66180000,625540,5846000000,102907663,6.8
04/01/2018,-3161510,-30177160000,9.55(2.80 %),220000,2090070000,3381510,32267230000,102692913,6.89
05/01/2018,-779990,-7470610000,9.48(-0.73 %),10,100000,780000,7470710000,102853953,6.82
08/01/2018,-718000,-6847310000,9.5(0.21 %),2000,19000000,720000,6866310000,103477493,6.57
09/01/2018,-1714700,-17208410000,10.15(6.84 %),5500,54570000,1720200,17262980000,106853503,5.18
10/01/2018,6000,64000000,10.85(6.90 %),6000,64000000,0,0,107627503,4.87
11/01/2018,-52200,-586090000,11.1(2.30 %),10000,110850000,62200,696940000,108337503,4.58
12/01/2018,-184930,-2025750000,10.7(-3.60 %),8000,86700000,192930,2112450000,110049703,3.87
15/01/2018,201710,2249380000,11.35(6.07 %),202810,2261490000,1100,12110000,109846893,3.96
16/01/2018,-142070,-1661290000,11.5(1.32 %),52810,603410000,194880,2264700000,109856283,3.95
17/01/2018,36140,410310000,11(-4.35 %),36150,410420000,10,110000,110013063,3.89
18/01/2018,11700,127480000,11.2(1.82 %),11700,127480000,0,0,110002458,3.89
19/01/2018,-19100,-212520000,11.05(-1.34 %),51000,566100000,70100,778620000,110146338,3.83
22/01/2018,-7140,-80320000,10.95(-0.90 %),0,0,7140,80320000,110146348,3.83
25/01/2018,20000,220000000,11.2(2.28 %),20000,220000000,0,0,110203588,3.81
26/01/2018,-356040,-4121240000,11.65(4.02 %),15500,178300000,371540,4299540000,110188088,3.82
29/01/2018,4990,59630000,11.95(2.58 %),5000,59750000,10,120000,110183088,3.82
30/01/2018,163330,2022700000,12.75(6.69 %),193430,2397470000,30100,374770000,109989658,3.9
31/01/2018,-193210,-2529540000,12.2(-4.31 %),35440,463780000,228650,2993320000,110325758,3.76
01/02/2018,5450,66300000,11.9(-2.46 %),5450,66300000,0,0,110320318,3.76
02/02/2018,-456000,-5465200000,12.1(1.68 %),44000,531800000,500000,5997000000,110306418,3.77
05/02/2018,-199950,-2442300000,11.7(-3.31 %),30420,368100000,230370,2810400000,110504648,3.69
06/02/2018,-40570,-455520000,11.2(-4.27 %),31300,341170000,71870,796690000,110473348,3.7
07/02/2018,10,120000,11.4(1.79 %),10,120000,0,0,110973338,3.5
08/02/2018,10730,123240000,11(-3.51 %),10730,123240000,0,0,111192978,3.41
09/02/2018,12910,159240000,11(0.00 %),43000,472200000,30090,312960000,111221848,3.39
12/02/2018,-169000,-1892890000,11.4(3.64 %),0,0,169000,1892890000,111221848,3.39
13/02/2018,-127510,-1463380000,11.5(0.88 %),0,0,127510,1463380000,111221848,3.39
21/02/2018,62120,734570000,11.85(3.04 %),75300,890310000,13180,155740000,111176638,3.41
22/02/2018,-7000,-82500000,11.75(-0.84 %),3000,36000000,10000,118500000,111342638,3.34
23/02/2018,0,0,12.15(3.40 %),0,0,0,0,111470148,3.29
26/02/2018,12900,158700000,11.85(-2.47 %),13000,159900000,100,1200000,111470328,3.29
27/02/2018,0,0,11.8(-0.42 %),0,0,0,0,111480328,3.29
28/02/2018,-95520,-1121870000,11.8(0.00 %),5000,59250000,100520,1181120000,111475328,3.29
01/03/2018,18400,222600000,12(1.69 %),18400,222600000,0,0,111457028,3.3
02/03/2018,-10300,-130040000,12.6(5.00 %),40000,489000000,50300,619040000,111417028,3.31
05/03/2018,59510,769020000,12.1(-3.97 %),62510,807870000,3000,38850000,111455038,3.3
06/03/2018,211000,2596200000,12.6(4.13 %),211000,2596200000,0,0,111244038,3.38
07/03/2018,-3080,-39070000,12.15(-3.57 %),0,0,3080,39070000,111294338,3.36
08/03/2018,0,0,12.15(0.00 %),0,0,0,0,111297338,3.36
09/03/2018,-28200,-342260000,12.1(-0.41 %),0,0,28200,342260000,111297338,3.36
12/03/2018,24670,298510000,12.05(-0.41 %),24670,298510000,0,0,111275748,3.37
13/03/2018,5000,60250000,12.1(0.41 %),5000,60250000,0,0,111270748,3.37
14/03/2018,13100,160500000,12.15(0.41 %),13150,161120000,50,620000,111285798,3.37
15/03/2018,10000,128000000,12.8(5.35 %),10000,128000000,0,0,111275798,3.37
16/03/2018,-210330,-2744610000,12.85(0.39 %),1600,20480000,211930,2765090000,111274198,3.37
19/03/2018,-4000,-51400000,12.7(-1.17 %),0,0,4000,51400000,111274245,3.37
20/03/2018,-626110,-8470320000,13.55(6.69 %),14500,184930000,640610,8655250000,111259745,3.38
21/03/2018,26950,366660000,13.55(0.00 %),27250,370790000,300,4130000,111444425,3.3
22/03/2018,176500,2349460000,13.15(-2.95 %),176900,2354760000,400,5300000,111271525,3.37
23/03/2018,-68640,-866770000,12.6(-4.18 %),9200,115380000,77840,982150000,111902935,3.11
26/03/2018,-1900,-23930000,12.7(0.79 %),100,1270000,2000,25200000,111903124,3.11
27/03/2018,-5000,-63750000,12.55(-1.18 %),0,0,5000,63750000,111903524,3.11
28/03/2018,-30000,-380000000,12.55(0.00 %),0,0,30000,380000000,111981364,3.08
29/03/2018,-600,-7590000,12.75(1.59 %),1000,12650000,1600,20240000,111982364,3.08
30/03/2018,440,5630000,13.2(3.53 %),440,5630000,0,0,111986924,3.08
02/04/2018,2450,32270000,13.8(4.55 %),7500,100950000,5050,68680000,112009424,3.07
03/04/2018,36800,517700000,14(1.45 %),37000,520500000,200,2800000,111974024,3.08
04/04/2018,10500,146450000,13.8(-1.43 %),10500,146450000,0,0,111963524,3.09
05/04/2018,31000,441500000,14.4(4.35 %),31000,441500000,0,0,111937574,3.1
06/04/2018,37000,521000000,14.1(-2.08 %),37000,521000000,0,0,111927774,3.1
09/04/2018,3100,43680000,14(-0.71 %),3100,43680000,0,0,111924674,3.11
10/04/2018,-200,-2770000,13.6(-2.86 %),0,0,200,2770000,111924674,3.11
11/04/2018,4960,68460000,13.4(-1.47 %),5000,69000000,40,540000,111919674,3.11
12/04/2018,390,5150000,12.95(-3.36 %),390,5150000,0,0,111919284,3.11
13/04/2018,-27000,-348650000,12.55(0.72 %),0,0,27000,348650000,111919484,3.11
16/04/2018,0,0,12.2(-2.79 %),0,0,0,0,111919524,3.11
17/04/2018,-248270,-3015600000,12.4(1.64 %),20100,245220000,268370,3260820000,111899424,3.12
18/04/2018,20000,251000000,12.2(-1.61 %),20000,251000000,0,0,111906424,3.11
19/04/2018,270,3240000,11.35(-6.97 %),270,3240000,0,0,111906154,3.11
20/04/2018,-10000,-115500000,11.8(3.96 %),0,0,10000,115500000,112174517,3.0
23/04/2018,10000,110000000,11(-6.78 %),10000,110000000,0,0,112164517,3.01
24/04/2018,0,0,10.7(-2.73 %),0,0,0,0,112164517,3.01
26/04/2018,320500,3305530000,10(-6.54 %),321500,3315830000,1000,10300000,111853017,3.13
27/04/2018,-9450,-95450000,10.6(6.00 %),0,0,9450,95450000,111853017,3.13
02/05/2018,3000,31350000,10.25(-3.30 %),3000,31350000,0,0,111850017,3.14
03/05/2018,50000,505000000,10.5(2.44 %),50000,505000000,0,0,111801017,3.16
04/05/2018,-52310,-552010000,10.45(-0.48 %),0,0,52310,552010000,111810467,3.15
07/05/2018,-500,-5850000,11(5.26 %),1000,10650000,1500,16500000,111809467,3.15
08/05/2018,-260,-2790000,10.5(-4.55 %),3450,37460000,3710,40250000,111806017,3.15
09/05/2018,0,0,10.4(-0.95 %),0,0,0,0,111858327,3.13
10/05/2018,200000,2035000000,10.1(-2.88 %),200000,2035000000,0,0,111659827,3.21
11/05/2018,100,1010000,10.2(0.99 %),300,3030000,200,2020000,111663237,3.21
14/05/2018,1500,15300000,10.3(0.98 %),1500,15300000,0,0,111661737,3.21
15/05/2018,0,0,10.5(1.94 %),0,0,0,0,111661737,3.21
16/05/2018,19380,202580000,10.3(-1.90 %),19990,208900000,610,6320000,111641947,3.22
17/05/2018,1000,10350000,10.4(0.97 %),1000,10350000,0,0,111640947,3.22
18/05/2018,-10500,-108650000,10.3(-0.96 %),0,0,10500,108650000,111640947,3.22
21/05/2018,6000,61500000,10.1(-1.94 %),25000,256250000,19000,194750000,111616557,3.23
22/05/2018,680000,6440910000,9.45(-6.44 %),680000,6440910000,0,0,110936557,3.51
23/05/2018,-20000,-190000000,9.5(0.53 %),0,0,20000,190000000,110947057,3.51
24/05/2018,-20000,-189800000,9.15(-3.68 %),0,0,20000,189800000,110966057,3.5
25/05/2018,13490,124760000,9.03(-1.31 %),19990,183910000,6500,59150000,110946067,3.51
28/05/2018,-1000,-8400000,8.4(-6.98 %),0,0,1000,8400000,110966067,3.5
29/05/2018,2400,20830000,8.93(6.31 %),3000,26100000,600,5270000,110983067,3.49
30/05/2018,0,0,8.7(-2.58 %),0,0,0,0,110989567,3.49
31/05/2018,-42100,-382050000,9.05(4.02 %),900,8220000,43000,390270000,110989667,3.49
01/06/2018,100,910000,9.39(3.76 %),100,910000,0,0,110990167,3.49
04/06/2018,23000,216600000,9.53(1.49 %),23000,216600000,0,0,110967167,3.5
05/06/2018,-59980,-571040000,9.41(-1.26 %),0,0,59980,571040000,111010167,3.48
06/06/2018,-440,-4170000,9.59(1.91 %),0,0,440,4170000,111010167,3.48
07/06/2018,20000,188930000,9.52(-0.73 %),40000,378800000,20000,189870000,110970167,3.5
08/06/2018,0,0,10.15(6.62 %),0,0,0,0,111030147,3.47
11/06/2018,0,0,9.87(-2.76 %),0,0,0,0,111030587,3.47
12/06/2018,20000,193350000,9.62(-2.53 %),20000,193350000,0,0,111030587,3.47
13/06/2018,-100,-970000,9.7(0.83 %),0,0,100,970000,111030587,3.47
14/06/2018,0,0,9.8(1.03 %),0,0,0,0,111030587,3.47
15/06/2018,1000,9950000,9.9(1.02 %),1000,9950000,0,0,111029587,3.47
18/06/2018,5960,59000000,9.4(-5.05 %),5960,59000000,0,0,145572192,3.08
19/06/2018,216000,1923850000,9.1(-3.19 %),216000,1923850000,0,0,145356192,3.15
20/06/2018,83450,790690000,9.27(1.87 %),213000,1975170000,129550,1184480000,145143192,3.22
21/06/2018,5740,52670000,9.1(-1.83 %),5740,52670000,0,0,145137452,3.22
22/06/2018,0,0,9.1(0.00 %),0,0,0,0,145137452,3.22
25/06/2018,0,0,9.1(0.00 %),0,0,0,0,145267002,3.18
26/06/2018,0,0,9.1(0.00 %),0,0,0,0,145267002,3.18
27/06/2018,0,0,9.1(0.00 %),0,0,0,0,145267002,3.18
28/06/2018,78610,699630000,8.9(-2.20 %),78610,699630000,0,0,145188392,3.2
29/06/2018,184270,1629109500,8.85(-0.56 %),184270,1629109500,0,0,145004122,0.0
02/07/2018,20640,178850000,8.4(-5.08 %),20640,178850000,0,0,144983482,3.27
03/07/2018,0,10000,8.1(-3.57 %),1000,8470000,1000,8460000,144982482,3.27
04/07/2018,0,0,8(-1.23 %),0,0,0,0,144982482,3.27
05/07/2018,-2000,-15950000,8(0.00 %),0,0,2000,15950000,144982482,3.27
06/07/2018,120120,994300000,8.5(6.25 %),120120,994300000,0,0,144863362,3.31
09/07/2018,0,0,8.15(-4.12 %),0,0,0,0,144863362,3.31
10/07/2018,24800,204910000,8.16(0.12 %),24800,204910000,0,0,144840562,3.31
11/07/2018,128790,1035030000,7.88(-3.43 %),129400,1039910000,610,4880000,144711162,3.35
12/07/2018,6000,48000000,8.2(4.06 %),6000,48000000,0,0,144705162,3.36
13/07/2018,30550,252630000,8.4(2.44 %),39560,326910000,9010,74280000,144665602,3.37
16/07/2018,130200,1107840000,8.55(1.79 %),130200,1107840000,0,0,144536012,3.41
17/07/2018,0,0,8.75(2.34 %),0,0,0,0,144536012,3.41
18/07/2018,-18630,-165448600,8.96(2.40 %),2140,18939000,20770,184387600,144554642,0.0
19/07/2018,-29000,-256500000,8.82(-1.56 %),5000,44500000,34000,301000000,144537882,3.41
20/07/2018,11270,99080000,8.8(-0.23 %),11400,100220000,130,1140000,144526368,3.41
23/07/2018,-119000,-1044217600,8.65(-1.70 %),8000,69424000,127000,1113641600,144645368,0.0
24/07/2018,0,0,8.83(2.08 %),0,0,0,0,144573138,3.4
25/07/2018,18000,160590000,9.18(3.96 %),18000,160590000,0,0,144555268,3.4
26/07/2018,0,0,8.9(-3.05 %),0,0,0,0,144682262,3.36
27/07/2018,-370,-3340000,9(1.12 %),0,0,370,3340000,144682262,3.36
30/07/2018,0,0,9.12(1.33 %),0,0,0,0,144682262,3.36
31/07/2018,25540,240731000,9.38(2.85 %),35540,337631000,10000,96900000,144656722,0.0
01/08/2018,-7000,-64900000,9.15(-2.45 %),10000,93100000,17000,158000000,144637092,3.38
02/08/2018,0,0,9.05(-1.09 %),0,0,0,0,144637092,3.38
03/08/2018,0,-980000,8.98(-0.77 %),30000,271500000,30000,272480000,144617092,3.38
06/08/2018,1510,13559800,8.76(-2.45 %),1510,13559800,0,0,144615582,0.0
07/08/2018,107920,951390000,8.77(0.11 %),107920,951390000,0,0,144524662,3.41
08/08/2018,-1500,-13200000,8.8(0.34 %),0,0,1500,13200000,144554662,3.4
09/08/2018,20,180000,8.83(0.34 %),20,180000,0,0,144554642,3.4
10/08/2018,0,0,9.02(2.15 %),0,0,0,0,144554642,3.4
13/08/2018,0,0,9.11(1.00 %),0,0,0,0,144556142,3.4
14/08/2018,0,0,9.11(0.00 %),0,0,0,0,144556142,3.4
15/08/2018,3900,35530000,8.93(-1.98 %),3900,35530000,0,0,144552242,3.4
16/08/2018,0,0,8.8(-1.46 %),0,0,0,0,144552242,3.4
17/08/2018,7000,62300000,8.81(0.11 %),7000,62300000,0,0,144545242,0.0
20/08/2018,0,0,8.83(0.23 %),0,0,0,0,144545242,3.41
21/08/2018,-81000,-752260000,9.35(5.89 %),0,0,81000,752260000,144545242,3.41
22/08/2018,0,0,9.32(-0.32 %),0,0,0,0,144545242,3.41
23/08/2018,-2717500,-25820970000,9.35(0.32 %),32500,304030000,2750000,26125000000,144512742,3.42
24/08/2018,63210,605060300,9.6(2.67 %),68210,652960300,5000,47900000,144449532,0.0
27/08/2018,0,0,9.5(-1.04 %),0,0,0,0,144525532,3.41
28/08/2018,0,0,9.36(-1.47 %),0,0,0,0,147275532,2.55
29/08/2018,-3000,-28250000,9.41(0.53 %),0,0,3000,28250000,147280532,2.54
30/08/2018,43500,410280000,9.5(0.96 %),43500,410280000,0,0,147237032,2.56
31/08/2018,0,0,9.35(-1.58 %),0,0,0,0,147237032,2.56
04/09/2018,-1087819,-10550794300,9.1(-2.67 %),0,0,1087819,10550794300,83346873,8.94
05/09/2018,-2000,-18310000,8.95(-1.65 %),5000,45250000,7000,63560000,147235032,2.56
06/09/2018,3000,27030000,8.91(-0.45 %),3000,27030000,0,0,147232032,2.56
07/09/2018,46000,411856000,9.07(1.80 %),46000,411856000,0,0,147186032,0.0
10/09/2018,0,0,9(-0.77 %),0,0,0,0,148280851,2.23
11/09/2018,0,0,9.07(0.78 %),0,0,0,0,148280851,2.23
12/09/2018,200,1830000,9.06(-0.11 %),200,1830000,0,0,148280651,2.23
13/09/2018,100,910000,9.16(1.10 %),100,910000,0,0,148280551,2.23
14/09/2018,0,0,9.23(0.76 %),0,0,0,0,148280551,2.23
17/09/2018,45000,410600000,9.1(-1.41 %),45000,410600000,0,0,148235551,2.24
18/09/2018,7600,69040000,9.3(2.20 %),7600,69040000,0,0,148227951,2.25
19/09/2018,58000,548100000,9.47(1.83 %),58000,548100000,0,0,148169951,2.26
20/09/2018,23710,227620000,9.48(0.11 %),23710,227620000,0,0,148146241,2.27
21/09/2018,0,0,9.35(-1.37 %),0,0,0,0,148146241,2.27
24/09/2018,0,0,9.5(1.60 %),0,0,0,0,148146241,2.27
25/09/2018,0,0,9.68(1.89 %),0,0,0,0,148146241,2.27
26/09/2018,0,0,9.78(1.03 %),0,0,0,0,148145731,2.27
27/09/2018,199710,1947660000,9.75(-0.31 %),200010,1950600000,300,2940000,147945721,2.33
28/09/2018,10000,97600000,9.75(0.00 %),10000,97600000,0,0,147935721,2.34
01/10/2018,0,0,9.52(-2.36 %),0,0,0,0,147946555,2.33
02/10/2018,0,0,9.44(-0.84 %),0,0,0,0,147946555,2.33
03/10/2018,10000,94500000,9.49(0.53 %),10000,94500000,0,0,147936855,2.34
04/10/2018,32800,313570000,9.56(0.74 %),32800,313570000,0,0,147904055,2.35
05/10/2018,0,0,9.44(-1.26 %),0,0,0,0,147904055,2.35
08/10/2018,100,940000,9.37(-0.74 %),100,940000,0,0,147903955,2.35
09/10/2018,7000,65770000,9.32(-0.53 %),7000,65770000,0,0,147896955,2.35
10/10/2018,0,0,9.3(-0.21 %),0,0,0,0,147896955,2.35
11/10/2018,810,7062300,8.65(-6.99 %),1000,8740000,190,1677700,147896145,2.35
12/10/2018,100,866000,8.87(2.54 %),100,866000,0,0,147896045,2.35
15/10/2018,-274900,-2413240000,8.7(-1.92 %),261530,2319760000,536430,4733000000,147895755,2.35
16/10/2018,-475600,-4159430000,8.76(0.69 %),400,3500000,476000,4162930000,147895545,2.35
17/10/2018,-94000,-834430000,8.84(0.91 %),0,0,94000,834430000,147989545,2.32
18/10/2018,-190990,-1686310000,8.75(-1.02 %),73100,646540000,264090,2332850000,148097445,2.29
19/10/2018,-404090,-3507700400,8.7(-0.57 %),380,3268000,404470,3510968400,148501535,2.16
22/10/2018,-145910,-1265630000,8.5(-2.30 %),0,0,145910,1265630000,148667065,2.11
23/10/2018,10,81000,7.6(-4.28 %),10,81000,0,0,148667055,2.11
24/10/2018,-400,-3120000,7.85(3.29 %),0,0,400,3120000,149335615,1.9
25/10/2018,0,0,7.85(0.00 %),0,0,0,0,149481525,1.85
26/10/2018,1000,7850000,7.7(-1.91 %),1000,7850000,0,0,149480525,1.85
29/10/2018,750,5770000,8.1(5.19 %),750,5770000,0,0,149480175,1.85
30/10/2018,0,0,7.89(-2.59 %),0,0,0,0,149480175,1.85
31/10/2018,0,0,8.06(2.15 %),0,0,0,0,149480175,1.85
01/11/2018,1230,9940000,7.99(-0.87 %),1230,9940000,0,0,149478945,1.85
02/11/2018,210,1682000,8.05(0.75 %),210,1682000,0,0,149478735,1.85
05/11/2018,25300,203410000,8(-0.62 %),25300,203410000,0,0,149453435,1.86
06/11/2018,1000,8080000,8.01(0.12 %),1000,8080000,0,0,149452435,1.86
07/11/2018,-87130,-697330000,7.99(-0.25 %),0,0,87130,697330000,149452435,1.86
08/11/2018,50000,402400000,8.03(0.50 %),50000,402400000,0,0,149402435,1.87
09/11/2018,30100,241700000,7.99(-0.50 %),30100,241700000,0,0,149372335,1.88
12/11/2018,100,800000,7.92(-0.88 %),100,800000,0,0,149459365,1.86
13/11/2018,62000,484580000,7.8(-1.52 %),62000,484580000,0,0,149397365,1.88
14/11/2018,0,0,7.75(-0.64 %),0,0,0,0,149397365,1.88
15/11/2018,0,0,7.66(-1.16 %),0,0,0,0,149397365,1.88
16/11/2018,0,0,7.72(0.78 %),0,0,0,0,149397365,1.88
19/11/2018,-100000,-826000000,7.82(1.30 %),0,0,100000,826000000,149397365,1.88
20/11/2018,0,0,7.93(1.41 %),0,0,0,0,159859398,1.87
21/11/2018,78000,611520000,7.86(-0.88 %),78000,611520000,0,0,159781398,1.9
22/11/2018,0,0,8.04(2.29 %),0,0,0,0,159881398,1.87
23/11/2018,0,0,7.94(-1.24 %),0,0,0,0,159881398,1.87
26/11/2018,0,0,7.94(0.00 %),0,0,0,0,159881398,1.87
27/11/2018,-17880,-142146000,7.92(-0.25 %),0,0,17880,142146000,159899278,1.86
28/11/2018,0,0,7.87(-0.63 %),0,0,0,0,159881398,1.87
29/11/2018,9000,71060000,7.8(-0.89 %),9000,71060000,0,0,159872398,1.87
30/11/2018,0,0,7.89(1.15 %),0,0,0,0,159890278,1.87
03/12/2018,-10680,-85155200,8(1.39 %),0,0,10680,85155200,159890278,1.87
04/12/2018,0,0,7.98(-0.25 %),0,0,0,0,159890278,1.87
05/12/2018,6040,48622000,8.07(1.13 %),6040,48622000,0,0,159884238,1.87
06/12/2018,50,404000,7.98(-1.12 %),50,404000,0,0,159884188,1.87
07/12/2018,0,0,8.13(1.88 %),0,0,0,0,159894871,1.86
10/12/2018,-6040,-48950000,8(-1.60 %),0,0,6040,48950000,159894871,1.86
11/12/2018,10,80000,7.97(-0.38 %),10,80000,0,0,159894861,1.86
12/12/2018,0,0,8.13(2.01 %),0,0,0,0,159894861,1.86
13/12/2018,-117150,-958328500,8.24(1.35 %),0,0,117150,958328500,160012011,1.83
14/12/2018,0,0,8.08(-1.94 %),0,0,0,0,159900901,1.86
17/12/2018,0,0,8(-0.99 %),0,0,0,0,159900901,1.86
18/12/2018,0,0,7.88(-1.50 %),0,0,0,0,160018030,1.83
19/12/2018,0,0,7.77(-1.40 %),0,0,0,0,160018030,1.83
20/12/2018,0,0,7.81(0.51 %),0,0,0,0,160018030,1.83
21/12/2018,-13000,-100880000,7.78(-0.38 %),0,0,13000,100880000,160018030,1.83
24/12/2018,-2300,-17850000,7.65(-1.67 %),0,0,2300,17850000,160018030,1.83
25/12/2018,0,0,7.32(-4.31 %),0,0,0,0,160018030,1.83
26/12/2018,5500,40315000,7.6(3.83 %),5500,40315000,0,0,160012530,1.83
27/12/2018,0,0,7.6(0.00 %),0,0,0,0,160027830,1.83
28/12/2018,70,530000,7.3(-3.95 %),70,530000,0,0,160027760,1.83
02/01/2019,0,0,7.05(-3.42 %),0,0,0,0,160027760,1.83
03/01/2019,0,0,7.05(0.00 %),0,0,0,0,160027760,1.83
04/01/2019,10000,70200000,7.07(0.28 %),10000,70200000,0,0,160017760,1.83
07/01/2019,0,0,7.11(0.57 %),0,0,0,0,160017760,1.83
08/01/2019,3000,21300000,7.12(0.14 %),3000,21300000,0,0,160014760,1.83
09/01/2019,-4650,-33200000,7.16(0.56 %),800,5720000,5450,38920000,160013960,1.83
10/01/2019,20000,143100000,7.17(0.14 %),20000,143100000,0,0,159993956,1.84
11/01/2019,-2700,-19440000,7.2(0.42 %),0,0,2700,19440000,159996656,1.83
14/01/2019,-21400,-154080000,7.2(0.00 %),0,0,21400,154080000,159999406,1.83
15/01/2019,-9000,-65080000,7.31(1.53 %),1000,7320000,10000,72400000,159998406,1.83
16/01/2019,10000,73000000,7.34(0.41 %),10000,73000000,0,0,159988406,1.84
17/01/2019,7000,51100000,7.35(0.14 %),7000,51100000,0,0,160005506,1.83
18/01/2019,0,0,7.36(0.14 %),0,0,0,0,160015506,1.83
21/01/2019,670,4940000,7.39(0.41 %),670,4940000,0,0,160014836,1.83
22/01/2019,0,0,7.41(0.27 %),0,0,0,0,160014836,1.83
23/01/2019,0,0,7.42(0.13 %),0,0,0,0,160014836,1.83
24/01/2019,0,0,7.4(-0.27 %),0,0,0,0,160014836,1.83
25/01/2019,0,0,7.35(-0.68 %),0,0,0,0,160014836,1.83
28/01/2019,0,0,7.33(-0.27 %),0,0,0,0,160014836,1.83
29/01/2019,0,0,7.33(0.00 %),0,0,0,0,160014836,1.83
30/01/2019,-7300,-53210000,7.4(0.95 %),0,0,7300,53210000,160014836,1.83
31/01/2019,0,0,7.5(1.35 %),0,0,0,0,160014836,1.83
01/02/2019,0,0,7.6(1.33 %),0,0,0,0,160014836,1.83
11/02/2019,300,2253000,7.51(-1.18 %),300,2253000,0,0,160014536,1.83
12/02/2019,-16360,-124150000,7.59(1.07 %),3640,27650000,20000,151800000,160018196,1.83
13/02/2019,300,2280000,7.59(0.00 %),300,2280000,0,0,160030596,1.82
14/02/2019,-108000,-832400000,7.69(1.32 %),0,0,108000,832400000,160017896,1.83
15/02/2019,-50000,-390000000,7.79(1.30 %),0,0,50000,390000000,160188596,1.78
18/02/2019,-12380,-96060000,7.71(-1.03 %),300,2340000,12680,98400000,160037596,1.82
19/02/2019,0,0,7.56(-1.95 %),0,0,0,0,160145596,1.79
20/02/2019,100,754000,7.57(0.13 %),400,3028000,300,2274000,160200876,1.77
21/02/2019,-14420,-108534100,7.45(-1.59 %),0,0,14420,108534100,160215296,1.77
22/02/2019,5000,37350000,7.46(0.13 %),5000,37350000,0,0,160202876,1.77
25/02/2019,-14000,-105000000,7.48(0.27 %),0,0,14000,105000000,160224296,1.77
26/02/2019,-1500,-11220000,7.46(-0.27 %),0,0,1500,11220000,160225796,1.77
27/02/2019,10000,75000000,7.52(0.80 %),10000,75000000,0,0,160207596,1.77
28/02/2019,-3140,-23830000,7.45(-0.93 %),0,0,3140,23830000,160221596,1.77
01/03/2019,-17320,-129550000,7.49(0.54 %),0,0,17320,129550000,160223096,1.77
04/03/2019,-20000,-155300000,7.75(3.47 %),0,0,20000,155300000,160243096,1.76
05/03/2019,84000,664070000,7.84(1.16 %),84000,664070000,0,0,160142236,1.79
06/03/2019,5000,39200000,7.81(-0.38 %),5000,39200000,0,0,160154556,1.79
07/03/2019,110,850000,7.7(-1.41 %),110,850000,0,0,160174446,1.78
08/03/2019,40600,309286700,7.54(-2.08 %),40600,309286700,0,0,160118386,1.8
11/03/2019,9910,75000100,7.59(0.66 %),9910,75000100,0,0,160108476,1.8
12/03/2019,0,0,7.61(0.26 %),0,0,0,0,160123936,1.8
13/03/2019,0,0,7.66(0.66 %),0,0,0,0,160123936,1.8
14/03/2019,0,0,7.69(0.39 %),0,0,0,0,160108476,1.8
15/03/2019,-4500,-35130000,7.73(0.52 %),500,3870000,5000,39000000,160123436,1.8
18/03/2019,50,384000,7.7(-0.39 %),50,384000,0,0,160123386,1.8
19/03/2019,1100,8390000,7.6(-1.30 %),1100,8390000,0,0,160122286,1.8
20/03/2019,60000,449700000,7.55(-0.66 %),60000,449700000,0,0,160067286,1.81
21/03/2019,28000,209484100,7.5(-0.66 %),28000,209484100,0,0,160034286,1.82
22/03/2019,-570,-4250000,7.49(-0.13 %),200,1480000,770,5730000,160039086,1.82
25/03/2019,20000,145600000,7.4(-1.20 %),20000,145600000,0,0,160019086,1.83
26/03/2019,0,0,7.32(-1.08 %),0,0,0,0,160014856,1.83
27/03/2019,0,0,7.33(0.14 %),0,0,0,0,160019856,1.83
28/03/2019,0,0,7.34(0.14 %),0,0,0,0,160019856,1.83
29/03/2019,-12100,-88940000,7.34(0.00 %),500,3670000,12600,92610000,160019356,1.83
01/04/2019,400,2940000,7.35(0.14 %),400,2940000,0,0,160018956,1.83
02/04/2019,10,73500,7.35(0.00 %),10,73500,0,0,160019346,1.83
03/04/2019,0,0,7.32(-0.41 %),0,0,0,0,160031541,1.82
04/04/2019,-1000,-7320000,7.32(0.00 %),0,0,1000,7320000,160031541,1.82
05/04/2019,0,0,7.32(0.00 %),0,0,0,0,160020346,1.83
08/04/2019,0,0,7.38(0.82 %),0,0,0,0,160031541,1.82
09/04/2019,0,0,7.35(-0.41 %),0,0,0,0,160032541,1.82
10/04/2019,0,0,7.36(0.14 %),0,0,0,0,160020346,1.83
11/04/2019,0,0,7.35(-0.14 %),0,0,0,0,160032541,1.82
12/04/2019,9430,69027600,7.3(-0.68 %),9430,69027600,0,0,160010916,1.83
16/04/2019,5000,36000000,7.3(0.00 %),5000,36000000,0,0,160018111,1.83
17/04/2019,0,0,7.21(-1.23 %),0,0,0,0,160018111,1.83
18/04/2019,20000,144400000,7.21(0.00 %),20000,144400000,0,0,159998111,1.83
19/04/2019,-10000,-72300000,7.23(0.28 %),0,0,10000,72300000,159995916,1.83
22/04/2019,29000,209270000,7.21(-0.28 %),29000,209270000,0,0,159966916,1.84
23/04/2019,-16580,-120400000,7.28(0.97 %),0,0,16580,120400000,159969111,1.84
24/04/2019,-500,-3650000,7.3(0.27 %),0,0,500,3650000,159983996,1.84
25/04/2019,0,0,7.21(-1.23 %),0,0,0,0,159979111,1.84
26/04/2019,0,0,7.22(0.14 %),0,0,0,0,159995691,1.83
02/05/2019,0,0,7.2(-0.28 %),0,0,0,0,159996191,1.83
03/05/2019,0,0,7.2(0.00 %),0,0,0,0,159996191,1.83
06/05/2019,0,0,7.1(-1.39 %),0,0,0,0,159996191,1.83
07/05/2019,0,0,7.1(0.00 %),0,0,0,0,159996191,1.83
08/05/2019,0,0,7.1(0.00 %),0,0,0,0,159996191,1.83
09/05/2019,0,0,7.09(-0.14 %),0,0,0,0,159996191,1.83
10/05/2019,0,0,7.1(0.14 %),0,0,0,0,159996191,1.83
13/05/2019,0,0,7.15(0.70 %),0,0,0,0,159996191,1.83
14/05/2019,0,0,7.15(0.00 %),0,0,0,0,159996191,1.83
15/05/2019,0,0,7.25(1.40 %),0,0,0,0,159996191,1.83
16/05/2019,0,0,7.28(0.41 %),0,0,0,0,159996191,1.83
17/05/2019,5300,38580000,7.24(-0.55 %),6500,47320000,1200,8740000,159989691,1.84
20/05/2019,0,0,7.24(0.00 %),0,0,0,0,159989691,1.84
21/05/2019,0,0,7.18(-0.83 %),0,0,0,0,159989691,1.84
22/05/2019,0,0,7.17(-0.14 %),0,0,0,0,159990891,1.84
23/05/2019,0,0,7.13(-0.56 %),0,0,0,0,159990891,1.84
24/05/2019,0,0,7.12(-0.14 %),0,0,0,0,159990891,1.84
27/05/2019,0,0,7.1(-0.28 %),0,0,0,0,159990891,1.84
28/05/2019,0,0,7.1(0.00 %),0,0,0,0,159990891,1.84
29/05/2019,0,0,7.09(-0.14 %),0,0,0,0,159990891,1.84
30/05/2019,0,0,7.1(0.14 %),0,0,0,0,159990891,1.84
31/05/2019,0,0,7.1(0.00 %),0,0,0,0,159990891,1.84
03/06/2019,0,0,7.09(-0.14 %),0,0,0,0,159990891,1.84
04/06/2019,0,0,7.08(-0.14 %),0,0,0,0,159990891,1.84
05/06/2019,0,0,7.09(0.14 %),0,0,0,0,159990891,1.84
06/06/2019,0,0,7.5(5.78 %),0,0,0,0,159990891,1.84
07/06/2019,-13420,-99239600,7.5(0.00 %),0,0,13420,99239600,160004311,1.83
10/06/2019,-25000,-185750000,7.5(0.00 %),0,0,25000,185750000,160029311,1.82
11/06/2019,0,0,7.49(-0.13 %),0,0,0,0,159990893,1.84
12/06/2019,-60340,-448991000,7.48(-0.13 %),0,0,60340,448991000,160051233,1.82
13/06/2019,0,0,7.47(-0.13 %),0,0,0,0,160051233,1.82
14/06/2019,-65810,-488815200,7.45(-0.27 %),0,0,65810,488815200,160117043,1.8
17/06/2019,-112030,-827304400,7.4(-0.67 %),0,0,112030,827304400,160229073,1.77
18/06/2019,0,0,7.35(-0.68 %),0,0,0,0,160089580,1.81
19/06/2019,0,0,7.3(-0.68 %),0,0,0,0,160229073,1.77
20/06/2019,-8470,-61830000,7.33(0.41 %),0,0,8470,61830000,160267420,1.75
21/06/2019,0,0,7.33(0.00 %),0,0,0,0,160267420,1.75
24/06/2019,4930,35789000,7.3(-0.41 %),5000,36300000,70,511000,160232613,1.76
25/06/2019,-13050,-94328000,7.29(-0.14 %),0,0,13050,94328000,160245663,1.76
26/06/2019,0,0,7.25(-0.55 %),0,0,0,0,160245663,1.76
27/06/2019,0,0,7.18(-0.97 %),0,0,0,0,160245663,1.76
28/06/2019,0,0,7.29(1.53 %),0,0,0,0,160284016,1.75
01/07/2019,-16050,-116200000,7.28(-0.14 %),0,0,16050,116200000,160284016,1.75
02/07/2019,0,0,7.21(-0.96 %),0,0,0,0,160284016,1.75
03/07/2019,0,0,7.2(-0.14 %),0,0,0,0,160284016,1.75
04/07/2019,0,0,7.24(0.56 %),0,0,0,0,160284016,1.75
05/07/2019,-11870,-85065900,7.22(-0.28 %),1400,10080000,13270,95145900,160295886,1.75
08/07/2019,-26320,-188475400,7.19(-0.42 %),0,0,26320,188475400,160322206,1.74
09/07/2019,-26430,-188331900,7.17(-0.28 %),0,0,26430,188331900,160348636,1.73
10/07/2019,-13270,-94520000,7.17(0.00 %),0,0,13270,94520000,160311936,1.74
11/07/2019,0,0,7.16(-0.14 %),0,0,0,0,160361906,1.73
12/07/2019,-13050,-92660000,7.14(-0.28 %),0,0,13050,92660000,160364694,1.73
15/07/2019,-64000,-456890000,7.14(0.00 %),0,0,64000,456890000,160377964,1.72
16/07/2019,0,0,7.13(-0.14 %),0,0,0,0,160377964,1.72
17/07/2019,3600,25560000,7.13(0.00 %),3600,25560000,0,0,160435356,1.71
18/07/2019,0,0,7.13(0.00 %),0,0,0,0,160435356,1.71
19/07/2019,1900,13730000,7.1(-0.42 %),10000,71000000,8100,57270000,160441412,1.7
22/07/2019,-12200,-86010000,7.1(0.00 %),0,0,12200,86010000,160441412,1.7
23/07/2019,0,0,7.09(-0.14 %),0,0,0,0,160441412,1.7
24/07/2019,0,0,7.07(-0.28 %),0,0,0,0,160445656,1.7
25/07/2019,0,0,7.06(-0.14 %),0,0,0,0,160461712,1.7
26/07/2019,-850,-6080000,7.15(1.27 %),0,0,850,6080000,160461712,1.7
29/07/2019,0,0,7.11(-0.56 %),0,0,0,0,160461712,1.7
30/07/2019,10000,70600000,7.06(-0.70 %),10000,70600000,0,0,160451712,1.7
31/07/2019,0,0,7(-0.85 %),0,0,0,0,160452562,1.7
01/08/2019,0,0,7(0.00 %),0,0,0,0,160452562,1.7
02/08/2019,0,0,6.93(-1.00 %),0,0,0,0,160452562,1.7
05/08/2019,25000,167350000,6.8(-1.88 %),30000,201600000,5000,34250000,160427562,1.71
06/08/2019,-7000,-46620000,6.7(-1.47 %),0,0,7000,46620000,160422562,1.71
07/08/2019,-41300,-275370400,6.75(0.75 %),0,0,41300,275370400,160475862,1.69
08/08/2019,0,0,6.6(-2.22 %),0,0,0,0,160427562,1.71
09/08/2019,0,0,6.9(4.55 %),0,0,0,0,160434550,1.71
12/08/2019,0,0,6.92(0.29 %),0,0,0,0,160475850,1.69
13/08/2019,0,0,6.88(-0.58 %),0,0,0,0,160475850,1.69
14/08/2019,0,0,6.8(-1.16 %),0,0,0,0,160475862,1.69
15/08/2019,20000,133200000,6.75(-0.74 %),20000,133200000,0,0,160455850,1.7
16/08/2019,5000,33000000,6.7(-0.74 %),5000,33000000,0,0,160450862,1.7
19/08/2019,8000,53280000,6.68(-0.30 %),8000,53280000,0,0,160442862,1.7
20/08/2019,4000,26400000,6.68(0.00 %),5000,33000000,1000,6600000,160438862,1.7
21/08/2019,0,0,6.66(-0.30 %),0,0,0,0,160438862,1.7
22/08/2019,-60000,-396600000,6.64(-0.30 %),0,0,60000,396600000,160498862,1.69
23/08/2019,-34750,-228785900,6.64(0.00 %),30,198000,34780,228983900,160533612,1.68
26/08/2019,0,0,6.63(-0.15 %),0,0,0,0,160533612,1.68
27/08/2019,-1500,-9890000,6.63(0.00 %),0,0,1500,9890000,160498820,1.69
28/08/2019,0,0,6.62(-0.15 %),0,0,0,0,160533600,1.68
29/08/2019,0,0,6.62(0.00 %),0,0,0,0,160535112,1.68
30/08/2019,0,0,6.75(1.96 %),0,0,0,0,160535112,1.68
03/09/2019,-56540,-378230000,6.77(0.30 %),0,0,56540,378230000,160535100,1.68
04/09/2019,0,0,6.69(-1.18 %),0,0,0,0,160535100,1.68
05/09/2019,0,0,6.69(0.00 %),0,0,0,0,160535100,1.68
06/09/2019,5000,33050000,6.65(-0.60 %),5000,33050000,0,0,160586640,1.66
09/09/2019,-24610,-161750000,6.61(-0.60 %),0,0,24610,161750000,160586640,1.66
10/09/2019,0,0,6.58(-0.45 %),0,0,0,0,160586640,1.66
11/09/2019,0,0,6.55(-0.46 %),0,0,0,0,160554710,1.67
12/09/2019,5000,32500000,6.55(0.00 %),5000,32500000,0,0,160606250,1.65
13/09/2019,0,0,6.53(-0.31 %),0,0,0,0,160549710,1.67
16/09/2019,0,0,6.48(-0.77 %),0,0,0,0,160549710,1.67
17/09/2019,0,0,6.55(1.08 %),0,0,0,0,160549710,1.67
18/09/2019,-10000,-68550000,6.7(2.29 %),0,0,10000,68550000,160606250,1.65
19/09/2019,-27430,-184360000,6.71(0.15 %),0,0,27430,184360000,160606250,1.65
20/09/2019,10000,66500000,6.68(-0.45 %),10000,66500000,0,0,160577140,1.66
23/09/2019,3000,19800000,6.58(-1.50 %),3000,19800000,0,0,160574140,1.66
24/09/2019,0,0,6.5(-1.22 %),0,0,0,0,160630680,1.65
25/09/2019,0,0,6.5(0.00 %),0,0,0,0,160574140,1.66
26/09/2019,150,975000,6.47(-0.46 %),150,975000,0,0,160573990,1.66
27/09/2019,0,0,6.45(-0.31 %),0,0,0,0,160573990,1.66
30/09/2019,0,0,6.51(0.93 %),0,0,0,0,160573990,1.66
01/10/2019,0,0,6.53(0.31 %),0,0,0,0,160630530,1.65
02/10/2019,0,0,6.51(-0.31 %),0,0,0,0,160630530,1.65
03/10/2019,0,0,6.51(0.00 %),0,0,0,0,160630530,1.65
04/10/2019,-35100,-227448000,6.45(-0.92 %),0,0,35100,227448000,160665630,1.64
07/10/2019,3880,24909600,6.39(-0.93 %),3880,24909600,0,0,160661750,1.64
08/10/2019,9300,59427000,6.4(0.16 %),9300,59427000,0,0,160652450,1.64
09/10/2019,0,0,6.27(-2.03 %),0,0,0,0,160652450,1.64
10/10/2019,-120,-756000,6.3(0.48 %),0,0,120,756000,160652570,1.64
11/10/2019,0,0,6.3(0.00 %),0,0,0,0,160652570,1.64
14/10/2019,-6880,-43344000,6.3(0.00 %),3000,18900000,9880,62244000,160659450,1.64
15/10/2019,0,0,6.29(-0.16 %),0,0,0,0,160659450,1.64
16/10/2019,1000,6280000,6.29(0.00 %),1000,6280000,0,0,160658450,1.64
17/10/2019,0,0,6.28(-0.16 %),0,0,0,0,160658444,1.64
18/10/2019,-62060,-387890000,6.27(-0.16 %),0,0,62060,387890000,160658444,1.64
21/10/2019,36000,223940000,6.26(-0.16 %),36000,223940000,0,0,160684510,1.63
22/10/2019,7700,47740000,6.26(0.00 %),7700,47740000,0,0,160614744,1.65
23/10/2019,0,0,6.25(-0.16 %),0,0,0,0,160676810,1.63
24/10/2019,0,0,6.22(-0.48 %),0,0,0,0,160676804,1.63
25/10/2019,1000,6170000,6.2(-0.32 %),1000,6170000,0,0,160675804,1.63
28/10/2019,2000,12280000,6.17(-0.48 %),2000,12280000,0,0,160673810,1.63
29/10/2019,0,0,6.14(-0.49 %),0,0,0,0,160673810,1.63
30/10/2019,5000,31000000,6.21(1.14 %),5000,31000000,0,0,160668804,1.64
31/10/2019,49830,313003500,6.24(0.48 %),49830,313003500,0,0,160618980,1.65
01/11/2019,0,0,6.2(-0.64 %),0,0,0,0,160618974,1.65
04/11/2019,0,0,6.12(-1.29 %),0,0,0,0,160618974,1.65
05/11/2019,-8000,-48000000,6.1(-0.33 %),0,0,8000,48000000,160618974,1.65
06/11/2019,0,0,6.1(0.00 %),0,0,0,0,160626974,1.65
07/11/2019,0,0,6.04(-0.98 %),0,0,0,0,160626974,1.65
08/11/2019,-3880,-23320000,6.03(-0.17 %),0,0,3880,23320000,160626964,1.65
11/11/2019,-12690,-76158100,6.03(0.00 %),0,0,12690,76158100,160643544,1.64
12/11/2019,0,0,6.02(-0.17 %),0,0,0,0,160626971,1.65
13/11/2019,0,0,6.01(-0.17 %),0,0,0,0,160630851,1.65
14/11/2019,-2500,-14960000,5.9(-1.83 %),0,0,2500,14960000,160643541,1.64
15/11/2019,0,0,5.5(-6.78 %),0,0,0,0,160643541,1.64
18/11/2019,3280,18490000,5.6(1.82 %),3280,18490000,0,0,160640261,1.64
19/11/2019,25750,145519900,5.7(1.79 %),25750,145519900,0,0,160617014,1.65
20/11/2019,-18440,-104050000,5.63(-1.23 %),10,60000,18450,104110000,160617001,1.65
21/11/2019,0,0,5.5(-2.31 %),0,0,0,0,160617001,1.65
22/11/2019,-17600,-97177600,5.76(4.73 %),6000,34560000,23600,131737600,160653054,1.64
25/11/2019,-20170,-117990000,5.8(0.69 %),0,0,20170,117990000,160629451,1.65
26/11/2019,2000,11600000,5.79(-0.17 %),2000,11600000,0,0,160671224,1.64
27/11/2019,175900,1019993000,5.78(-0.17 %),175900,1019993000,0,0,160495324,1.69
28/11/2019,12730,73440000,5.63(-2.60 %),19100,110000000,6370,36560000,160476221,1.69
29/11/2019,900,5130000,5.7(1.24 %),900,5130000,0,0,160475321,1.69
02/12/2019,10000,57100000,5.62(-1.40 %),10000,57100000,0,0,160475321,1.69
03/12/2019,14210,81030000,5.71(1.60 %),20020,114210000,5810,33180000,160451671,1.7
04/12/2019,29660,178186700,6.1(6.83 %),58660,348026700,29000,169840000,160431451,1.71
05/12/2019,-25300,-161740000,6.35(4.10 %),0,0,25300,161740000,160393011,1.72
06/12/2019,216850,1367950000,6.33(-0.31 %),220000,1387980000,3150,20030000,160178821,1.78
09/12/2019,194860,1228066000,6.27(-0.95 %),200060,1260878000,5200,32812000,160045041,1.82
10/12/2019,48880,305120000,6.18(-1.44 %),70050,436540000,21170,131420000,159963011,1.84
11/12/2019,-133820,-821282500,6.14(-0.65 %),16780,103264100,150600,924546600,160129981,1.8
12/12/2019,56140,354677800,6.37(3.75 %),56140,354677800,0,0,160073841,1.81
13/12/2019,-18450,-117170000,6.27(-1.57 %),0,0,18450,117170000,159919611,1.86
16/12/2019,-18020,-112470000,6.2(-1.12 %),0,0,18020,112470000,160070211,1.81
17/12/2019,0,0,5.75(-7.26 %),0,0,0,0,160110311,1.8
18/12/2019,-53880,-305500000,5.5(-4.35 %),200,1130000,54080,306630000,160088461,1.81
19/12/2019,-4540,-25260000,5.54(0.73 %),0,0,4540,25260000,160106481,1.8
20/12/2019,-15240,-83870000,5.53(-0.18 %),0,0,15240,83870000,160106481,1.8
23/12/2019,150000,832350000,5.55(0.36 %),150000,832350000,0,0,160010561,1.83
24/12/2019,-7280,-41778400,5.93(6.85 %),2000,11860000,9280,53638400,160041251,1.82
25/12/2019,201000,1232470000,6.08(2.53 %),201000,1232470000,0,0,159827341,1.88
26/12/2019,74920,457100000,6.02(-0.99 %),75120,458310000,200,1210000,159752221,1.91
27/12/2019,29390,177137000,5.92(-1.66 %),29390,177137000,0,0,159735941,1.91
30/12/2019,-7280,-41778400,5.96(0.68 %),2000,11860000,9280,53638400,159743221,1.91
31/12/2019,66130,390150000,5.89(-1.17 %),66190,390500000,60,350000,159486901,1.98
02/01/2020,168250,997961500,5.92(0.51 %),168250,997961500,0,0,159486901,1.98
03/01/2020,-1930,-10560000,5.93(0.17 %),18940,112780000,20870,123340000,159318811,2.03
06/01/2020,315650,1851400000,5.8(-2.19 %),360130,2112570000,44480,261170000,158958741,2.14
07/01/2020,200,1160000,5.75(-0.86 %),200,1160000,0,0,159172981,2.08
08/01/2020,-69870,-390974400,5.48(-4.70 %),0,0,69870,390974400,159242851,2.06
09/01/2020,87210,486783300,5.57(1.64 %),87210,486783300,0,0,159155641,2.08
10/01/2020,-77460,-429708800,5.51(-1.08 %),20,111400,77480,429820200,159233101,2.06
13/01/2020,-66690,-361100000,5.33(-3.27 %),0,0,66690,361100000,159006531,2.13
14/01/2020,-6000,-31980000,5.3(-0.56 %),3060,16310000,9060,48290000,159003471,2.13
15/01/2020,3790,20260000,5.31(0.19 %),3790,20260000,0,0,159077161,2.11
16/01/2020,-35910,-191260000,5.3(-0.19 %),35100,186340000,71010,377600000,159108744,2.1
17/01/2020,-49780,-263090000,5.24(-1.13 %),100,530000,49880,263620000,159117704,2.09
20/01/2020,-620,-3280000,5.2(-0.76 %),80,420000,700,3700000,159117624,2.09
21/01/2020,-5590,-29280000,5.22(0.38 %),100,520000,5690,29800000,159188534,2.07
22/01/2020,10,53000,5.3(1.53 %),10,53000,0,0,159188524,2.07
30/01/2020,-50,-260000,5.21(-1.70 %),0,0,50,260000,159239104,2.06
31/01/2020,-7350,-37970000,5.06(-2.88 %),10,50000,7360,38020000,172051310,2.04
03/02/2020,47290,223809400,4.99(-1.38 %),49890,236081400,2600,12272000,172051310,2.04
04/02/2020,90380,434533000,5.3(6.21 %),90380,434533000,0,0,171960930,2.23
05/02/2020,3490,18441200,5.4(1.89 %),3490,18441200,0,0,171957440,2.23
06/02/2020,101770,547565700,5.41(0.19 %),101770,547565700,0,0,171855670,2.26
07/02/2020,36820,198270000,5.34(-1.29 %),36820,198270000,0,0,171778970,2.11
10/02/2020,144170,763143400,5.16(-3.37 %),144170,763143400,0,0,171674680,2.14
11/02/2020,188150,989360000,5.29(2.52 %),188150,989360000,0,0,171446650,2.2
12/02/2020,1850,9905300,5.25(-0.76 %),4910,26070100,3060,16164800,171484680,2.19
13/02/2020,-16390,-86328600,5.25(0.00 %),100,527000,16490,86855600,171501070,2.19
14/02/2020,10390,54551000,5.21(-0.76 %),10390,54551000,0,0,171490680,2.19
17/02/2020,31460,164230000,5.26(0.96 %),31600,164960000,140,730000,171402710,2.21
18/02/2020,18600,103461000,5.59(6.27 %),48610,269117100,30010,165656100,171440620,2.2
19/02/2020,-41290,-232008200,5.56(-0.54 %),8320,46593700,49610,278601900,171481910,2.19
20/02/2020,240,1330000,5.51(-0.90 %),240,1330000,0,0,171362170,2.23
21/02/2020,37290,204360000,5.46(-0.91 %),37290,204360000,0,0,171354890,2.23
24/02/2020,-118010,-612755900,5.2(-4.76 %),0,0,118010,612755900,171562390,2.17
25/02/2020,-82080,-423260000,5.2(0.00 %),0,0,82080,423260000,171404500,2.21
26/02/2020,-308280,-1572233600,5.16(-0.77 %),60250,307877200,368530,1880110800,171952750,2.06
27/02/2020,0,0,5.17(0.19 %),0,0,0,0,171952750,2.06
28/02/2020,19000,95240000,5(-3.29 %),19000,95240000,0,0,171525348,2.18
02/03/2020,-426450,-2132856900,4.92(-1.60 %),10,50100,426460,2132907000,171893868,2.08
03/03/2020,-300000,-1504680000,4.93(0.20 %),0,0,300000,1504680000,171893868,2.08
04/03/2020,-789580,-3995340000,5.13(4.06 %),110420,557220000,900000,4552560000,171783448,2.11
05/03/2020,2610,13780000,5.13(0.00 %),2610,13780000,0,0,172207298,1.99
06/03/2020,83180,422882800,5.28(2.92 %),103180,528882800,20000,106000000,172897658,1.81
09/03/2020,10190,49670000,4.92(-6.82 %),20040,98600000,9850,48930000,173284078,1.7
10/03/2020,-12960,-63185300,4.85(-1.42 %),300,1465000,13260,64650300,172900428,1.81
11/03/2020,26020,119431800,4.59(-5.36 %),26020,119431800,0,0,172874408,1.81
12/03/2020,27640,118022800,4.27(-6.97 %),35000,149450000,7360,31427200,172846768,1.82
13/03/2020,229520,914200000,3.98(-6.79 %),230640,918660000,1120,4460000,173035224,1.77
16/03/2020,1041990,3866940000,3.85(-3.27 %),1049990,3896620000,8000,29680000,171985234,2.06
17/03/2020,-1788210,-6996329900,4.1(6.49 %),219000,852008500,2007210,7848338400,173363468,1.68
18/03/2020,-522470,-2290480000,4.38(6.83 %),27640,119000000,550110,2409480000,171747074,2.12
19/03/2020,-67350,-285430000,4.25(-2.97 %),218150,932230000,285500,1217660000,171536924,2.18
20/03/2020,77030,319470000,4.11(-3.29 %),110030,456630000,33000,137160000,173434104,1.66
23/03/2020,41300,158311600,3.83(-6.81 %),42240,161921600,940,3610000,174290078,1.43
24/03/2020,-1960,-7010000,4.05(5.74 %),14730,56120000,16690,63130000,174212740,1.45
25/03/2020,20,-3917300,4.25(4.94 %),20020,81082700,20000,85000000,174292018,1.43
26/03/2020,21440,88620000,4.2(-1.18 %),21440,88620000,0,0,174205220,1.45
27/03/2020,33550,137257200,4.14(-1.43 %),33550,137257200,0,0,174237028,1.44
30/03/2020,28750,112330000,3.86(-6.76 %),39800,155410000,11050,43080000,174168560,1.46
31/03/2020,910,-2500000,3.59(-6.99 %),26020,94560000,25110,97060000,174142540,1.47
01/04/2020,27330,102778200,3.8(5.85 %),50520,185998400,23190,83220200,174142540,1.47
03/04/2020,-115250,-452383400,4.06(6.84 %),84530,337511000,199780,789894400,174257790,1.43
06/04/2020,94930,404780000,4.3(5.91 %),102390,436200000,7460,31420000,173941255,1.52
07/04/2020,-157110,-650370000,4.1(-4.65 %),34510,142290000,191620,792660000,173929935,1.52
08/04/2020,75210,302534800,4.17(1.71 %),75210,302534800,0,0,174244760,1.44
09/04/2020,-17000,-70846400,4.2(0.72 %),12300,51639500,29300,122485900,174261760,1.43
10/04/2020,-48430,-198180400,4.08(-2.86 %),8690,35883100,57120,234063500,174310190,1.42
13/04/2020,47090,194519900,4.09(0.25 %),47090,194519900,0,0,174263100,1.43
14/04/2020,-32170,-128985600,4(-2.20 %),5050,20667000,37220,149652600,174295270,1.42
15/04/2020,43860,181410000,4.12(3.00 %),43860,181410000,0,0,174251410,1.44
16/04/2020,95180,395750000,4.12(0.00 %),95180,395750000,0,0,174127835,1.47
17/04/2020,1420,5401600,4.23(2.67 %),44990,191635600,43570,186234000,174154810,1.46
20/04/2020,10060,45945500,4.41(4.26 %),70060,309945500,60000,264000000,174144750,1.47
21/04/2020,7250,34150000,4.25(-3.63 %),29000,124970000,21750,90820000,174020998,1.5
22/04/2020,75780,320900000,4.3(1.18 %),79770,337190000,3990,16290000,173984798,1.51
23/04/2020,-47400,-203300000,4.2(-2.33 %),640,2760000,48040,206060000,174044158,1.49
24/04/2020,28640,119326000,4.2(0.00 %),29160,121504400,520,2178400,174080480,1.48
27/04/2020,62980,271146400,4.38(4.29 %),92980,402846400,30000,131700000,174017500,1.5
28/04/2020,-31100,-146270200,4.41(0.68 %),28900,130029800,60000,276300000,174048600,1.49
29/04/2020,-133510,-602050000,4.5(2.04 %),52660,236720000,186170,838770000,173914758,1.53
04/05/2020,-40910,-179210000,4.46(-0.89 %),17610,79120000,58520,258330000,173927148,1.53
05/05/2020,78050,347480000,4.42(-0.90 %),78050,347480000,0,0,173909098,1.53
06/05/2020,65550,295940000,4.48(1.36 %),65550,295940000,0,0,174029718,1.5
07/05/2020,22480,102610000,4.55(1.56 %),22480,102610000,0,0,174065762,1.49
08/05/2020,-31650,-144570000,4.57(0.44 %),15700,73460000,47350,218030000,174050062,1.49
11/05/2020,34800,159384000,4.56(-0.22 %),34800,159384000,0,0,173775528,1.57
12/05/2020,118730,542920000,4.6(0.88 %),118730,542920000,0,0,173896532,1.53
13/05/2020,45040,210730000,4.63(0.65 %),47040,219930000,2000,9200000,173896842,1.53
14/05/2020,10870,51570000,4.68(1.08 %),10870,51570000,0,0,173885972,1.54
15/05/2020,-29270,-138050000,4.68(0.00 %),110,520000,29380,138570000,173885862,1.54
18/05/2020,4400,20594700,4.7(0.43 %),4400,20594700,0,0,173625758,1.61
19/05/2020,-238510,-1121103600,4.7(0.00 %),1370,6470300,239880,1127573900,173864268,1.54
20/05/2020,-45820,-215270000,4.66(-0.85 %),2320,10910000,48140,226180000,173909152,1.53
21/05/2020,-56920,-265230000,4.61(-1.07 %),1300,6070000,58220,271300000,173907850,1.53
22/05/2020,-8940,-41211500,4.59(-0.43 %),3760,17309700,12700,58521200,173975948,1.51
25/05/2020,-6100,-27935200,4.59(0.00 %),170,781400,6270,28716600,173982048,1.51
26/05/2020,51180,239710000,4.71(2.61 %),51180,239710000,0,0,174198980,1.45
27/05/2020,-22130,-105128700,4.72(0.21 %),20320,98543600,42450,203672300,173952998,1.52
28/05/2020,-8520,-40790000,4.83(2.33 %),1080,5190000,9600,45980000,174196550,1.45
29/05/2020,-8250,-40012500,4.85(0.41 %),0,0,8250,40012500,173969768,1.51
01/06/2020,24200,122594500,5.05(4.12 %),24200,122594500,0,0,174239000,1.44
02/06/2020,-43550,-217434900,4.87(-3.56 %),8000,39840000,51550,257274900,174282550,1.43
03/06/2020,6470,31828000,4.94(1.44 %),6570,32324000,100,496000,174276080,1.43
04/06/2020,710,3583400,4.96(0.40 %),710,3583400,0,0,174275370,1.43
05/06/2020,44840,219590000,5.3(6.85 %),104840,537590000,60000,318000000,174164080,1.46
08/06/2020,-111330,-631320000,5.67(6.98 %),290,1570000,111620,632890000,174163890,1.46
09/06/2020,-34620,-202690000,6.04(6.53 %),0,0,34620,202690000,174163890,1.46
10/06/2020,-68980,-437000400,6.45(6.79 %),11270,69552500,80250,506552900,174455680,1.38
11/06/2020,459070,3064580000,6.33(-1.86 %),535000,3580510000,75930,515930000,173789240,1.56
12/06/2020,72220,444379200,6.2(-2.05 %),72230,444441700,10,62500,173924390,1.53
15/06/2020,73190,485920000,5.77(-6.94 %),254620,1568010000,181430,1082090000,173577260,1.62
16/06/2020,221120,1307040000,5.85(1.39 %),281680,1666320000,60560,359280000,173371510,1.68
17/06/2020,218720,1122924600,5.8(-0.85 %),257570,1349964000,38850,227039400,173411360,1.67
18/06/2020,360070,2072870000,5.81(0.17 %),360910,2077610000,840,4740000,172934470,1.8
19/06/2020,31920,191720000,6.21(6.88 %),61920,371720000,30000,180000000,172933102,1.8
22/06/2020,10600,70360000,6.64(6.92 %),45220,300240000,34620,229880000,172926732,1.8
23/06/2020,-192390,-1311386800,6.55(-1.36 %),58000,388318000,250390,1699704800,173201160,1.72
24/06/2020,-94020,-600577200,6.17(-5.80 %),23130,146581500,117150,747158700,173295180,1.7
25/06/2020,-1780,-12346900,6.2(0.49 %),21500,131470000,23280,143816900,173296960,1.7
26/06/2020,-166260,-1027001900,6.21(0.16 %),200,1242000,166460,1028243900,173463220,1.65
29/06/2020,-166260,-1027001900,5.78(-6.92 %),200,1242000,166460,1028243900,173629480,1.61
30/06/2020,-28120,-164560000,5.78(0.00 %),50140,272980000,78260,437540000,173178912,1.73
01/07/2020,106530,615330000,5.85(1.21 %),117460,676430000,10930,61100000,173227912,1.72
02/07/2020,-37660,-215654300,5.88(0.51 %),65010,380120500,102670,595774800,173383032,1.67
03/07/2020,-112380,-659634900,5.81(-1.19 %),0,0,112380,659634900,173495412,1.64
06/07/2020,-9710,-56090000,5.78(-0.52 %),6600,38440000,16310,94530000,173285445,1.7
07/07/2020,53930,316030000,5.6(-3.11 %),80090,467140000,26160,151110000,173308025,1.69
08/07/2020,39820,225740000,5.63(0.54 %),41710,236460000,1890,10720000,173378695,1.67
09/07/2020,111220,649940000,5.9(4.80 %),111220,649940000,0,0,173283785,1.7
10/07/2020,-37730,-218316500,5.77(-2.20 %),24000,140430000,61730,358746500,173337882,1.69
13/07/2020,-76590,-440800000,5.72(-0.87 %),10000,57700000,86590,498500000,173277835,1.7
14/07/2020,73400,422090000,5.78(1.05 %),109430,626940000,36030,204850000,173168405,1.73
15/07/2020,59350,345536600,5.74(-0.69 %),78550,457100000,19200,111563400,173281722,1.7
16/07/2020,-52980,-302907400,5.69(-0.87 %),0,0,52980,302907400,173334702,1.69
17/07/2020,-29720,-169230000,5.69(0.00 %),10480,59950000,40200,229180000,173263725,1.71
20/07/2020,-61240,-342220000,5.55(-2.46 %),27110,154300000,88350,496520000,173255736,1.71
21/07/2020,-39840,-219130000,5.48(-1.26 %),3200,17480000,43040,236610000,173305516,1.69
22/07/2020,-117220,-646460000,5.45(-0.55 %),80,440000,117300,646900000,173345636,1.68
23/07/2020,-58040,-315100000,5.4(-0.92 %),5300,28740000,63340,343840000,173428686,1.66
24/07/2020,-86960,-448760000,5.4(0.00 %),47000,237460000,133960,686220000,173424726,1.66
27/07/2020,38310,193998100,5.03(-6.85 %),38310,193998100,0,0,173689412,1.59
28/07/2020,93610,469590500,5.04(0.20 %),93610,469590500,0,0,173595802,1.62
29/07/2020,66010,312323800,4.71(-6.55 %),70750,335502400,4740,23178600,173529792,1.63
30/07/2020,38670,183330000,4.72(0.21 %),38670,183330000,0,0,173497986,1.64
31/07/2020,42740,200428800,4.6(-2.54 %),51630,241654700,8890,41225900,173421042,1.66
03/08/2020,51930,249220000,4.8(4.35 %),51930,249220000,0,0,173399166,1.67
04/08/2020,14320,71640000,5.04(5.00 %),14320,71640000,0,0,173384846,1.67
05/08/2020,12880,65604800,5.12(1.59 %),12880,65604800,0,0,173423896,1.66
06/08/2020,3580,18580000,5.15(0.59 %),3830,19870000,250,1290000,173377026,1.68
07/08/2020,4040,20816700,5.15(0.00 %),4040,20816700,0,0,173416276,1.66
10/08/2020,-23710,-126755500,5.34(3.69 %),290,1524500,24000,128280000,173439986,1.66
11/08/2020,-30580,-165256100,5.39(0.94 %),1670,8868700,32250,174124800,173470566,1.65
12/08/2020,-113210,-616020000,5.39(0.00 %),110,590000,113320,616610000,173371166,1.68
13/08/2020,16300,92210000,5.6(3.90 %),18720,105370000,2420,13160000,173376446,1.68
14/08/2020,-75000,-418216300,5.45(-2.68 %),0,0,75000,418216300,173642476,1.6
17/08/2020,-26550,-147236100,5.58(2.39 %),0,0,26550,147236100,173669026,1.6
18/08/2020,-45710,-255363500,5.52(-1.08 %),0,0,45710,255363500,173714736,1.58
19/08/2020,27100,151010000,5.6(1.45 %),27820,155020000,720,4010000,173571616,1.62
20/08/2020,-47430,-263490000,5.54(-1.07 %),610,3400000,48040,266890000,173597556,1.62
21/08/2020,24150,132667200,5.7(2.89 %),54230,304114400,30080,171447200,173710916,1.58
24/08/2020,16780,96793700,5.87(2.98 %),36780,213793700,20000,117000000,173694136,1.59
25/08/2020,-27620,-161500000,5.82(-0.85 %),1000,5840000,28620,167340000,173600007,1.61
26/08/2020,1010,5868100,5.78(-0.69 %),1010,5868100,0,0,173720746,1.58
27/08/2020,33970,197340000,5.76(-0.35 %),33970,197340000,0,0,173615107,1.61
28/08/2020,2800,16312000,5.8(0.69 %),3300,19207000,500,2895000,173683976,1.59
31/08/2020,-45720,-265325900,5.8(0.00 %),100,587000,45820,265912900,173729696,1.58
01/09/2020,25790,150050000,5.75(-0.86 %),31580,183000000,5790,32950000,173608747,1.61
03/09/2020,-21650,-125269300,5.79(0.70 %),6880,40365900,28530,165635200,173661977,1.6
04/09/2020,-40300,-236070000,5.81(0.35 %),1600,9390000,41900,245460000,173646587,1.6
07/09/2020,-70640,-410462900,5.7(-1.89 %),16820,97528500,87460,507991400,173772917,1.57
08/09/2020,32060,183190000,5.75(0.88 %),39050,223080000,6990,39890000,173625037,1.61
09/09/2020,26300,149690000,5.73(-0.35 %),34330,195450000,8030,45760000,173632609,1.61
10/09/2020,-3120,-18100000,5.73(0.00 %),4940,28490000,8060,46590000,173715129,1.58
11/09/2020,2370,13667800,5.78(0.87 %),2370,13667800,0,0,173715307,1.58
14/09/2020,-108170,-659240000,6.18(6.92 %),78330,475380000,186500,1134620000,173649456,1.6
15/09/2020,-79340,-501077100,6.3(1.94 %),130,825500,79470,501902600,173902817,1.53
16/09/2020,-790,-4967000,6.32(0.32 %),310,1952000,1100,6919000,173903607,1.53
17/09/2020,-43660,-270610000,6.28(-0.63 %),0,0,43660,270610000,173843576,1.55
18/09/2020,-85220,-530453700,6.2(-1.27 %),14880,93744000,100100,624197700,174032487,1.5
21/09/2020,11620,74832000,6.35(2.42 %),11620,74832000,0,0,174020867,1.5
22/09/2020,-13560,-84934900,6.3(-0.79 %),1730,10999300,15290,95934200,174034427,1.5
23/09/2020,-27030,-169200000,6.31(0.16 %),4090,25830000,31120,195030000,174035586,1.5
24/09/2020,7070,45057700,6.23(-1.27 %),27170,170682700,20100,125625000,174054387,1.49
25/09/2020,-6070,-37300000,6.2(-0.48 %),1210,7540000,7280,44840000,174022496,1.5
28/09/2020,34060,214150000,6.24(0.65 %),34060,214150000,0,0,174019556,1.5
29/09/2020,-30460,-189942300,6.15(-1.44 %),1300,8189000,31760,198131300,174056857,1.49
30/09/2020,18330,112890000,6.17(0.33 %),27240,168130000,8910,55240000,174018396,1.5
01/10/2020,13500,95880000,6.6(6.97 %),83500,548380000,70000,452500000,173934896,1.52
02/10/2020,-25560,-159285000,6.6(0.00 %),610,3883000,26170,163168000,174043956,1.49
05/10/2020,12760,90838500,6.75(2.27 %),45160,310211300,32400,219372800,174031196,1.5
06/10/2020,-37410,-248024200,6.76(0.15 %),6200,41606000,43610,289630200,174068606,1.49
07/10/2020,54330,369987200,6.79(0.44 %),54330,369987200,0,0,174014276,1.5
08/10/2020,-28420,-188136300,6.8(0.15 %),4110,27904200,32530,216040500,174042696,1.49
09/10/2020,52680,358040000,6.81(0.15 %),52680,358040000,0,0,173984656,1.51
12/10/2020,-15380,-101130000,6.7(-1.62 %),33420,227690000,48800,328820000,173951236,1.52
13/10/2020,-14500,-96438400,6.7(0.00 %),2260,14971700,16760,111410100,174019896,1.5
14/10/2020,-50520,-335143100,6.6(-1.49 %),1320,8835400,51840,343978500,174070416,1.49
15/10/2020,100,660000,6.57(-0.45 %),100,660000,0,0,174028884,1.5
16/10/2020,-262310,-1706232800,6.4(-2.59 %),1210,7955000,263520,1714187800,174332626,1.41
19/10/2020,9480,60510600,6.31(-1.41 %),9480,60510600,0,0,174323146,1.42
20/10/2020,101280,652294300,6.49(2.85 %),101280,652294300,0,0,174221866,1.44
21/10/2020,-71170,-461890000,6.48(-0.15 %),0,0,71170,461890000,174249034,1.44
22/10/2020,-7990,-51070000,6.48(0.00 %),0,0,7990,51070000,174249034,1.44
23/10/2020,-15650,-101400000,6.35(-2.01 %),10,70000,15660,101470000,174249024,1.44
26/10/2020,28680,184919800,6.3(-0.79 %),30220,194862400,1540,9942600,174287996,1.43
27/10/2020,-60980,-376810000,6.1(-3.17 %),0,0,60980,376810000,174297964,1.42
28/10/2020,-38460,-231644900,5.8(-4.92 %),110,667900,38570,232312800,174387436,1.4
29/10/2020,74900,439360000,5.86(1.03 %),80770,473930000,5870,34570000,174234284,1.44
30/10/2020,-28050,-165403800,5.89(0.51 %),10,59600,28060,165463400,174340586,1.41
02/11/2020,27420,161660000,5.94(0.85 %),27420,161660000,0,0,174306404,1.42
03/11/2020,29200,175800000,6(1.01 %),29880,179840000,680,4040000,174282394,1.43
04/11/2020,31610,194120000,6.2(3.33 %),31610,194120000,0,0,174278844,1.43
05/11/2020,-9190,-57355600,6.2(0.00 %),0,0,9190,57355600,174282204,1.43
06/11/2020,-43950,-273490000,6.25(0.81 %),0,0,43950,273490000,174279524,1.43
09/11/2020,-123020,-777271000,6.3(0.80 %),0,0,123020,777271000,174449174,1.38
10/11/2020,-18000,-114420000,6.23(-1.11 %),100,640000,18100,115060000,174288605,1.43
11/11/2020,35080,229287300,6.4(2.73 %),43970,286361100,8890,57073800,174432094,1.39
12/11/2020,-19420,-125580000,6.45(0.78 %),100,650000,19520,126230000,174411505,1.39
13/11/2020,-99900,-649822700,6.5(0.78 %),100,650000,100000,650472700,174551414,1.35
16/11/2020,21390,143485100,6.72(3.38 %),21390,143485100,0,0,174530024,1.36
17/11/2020,18010,122657100,6.73(0.15 %),18010,122657100,0,0,174512014,1.37
18/11/2020,3110,21700000,6.73(0.00 %),10520,71450000,7410,49750000,174507995,1.37
19/11/2020,18620,126777600,6.75(0.30 %),18620,126777600,0,0,174490284,1.37
20/11/2020,91600,642840000,7.06(4.59 %),111600,784840000,20000,142000000,174377775,1.4
23/11/2020,77400,552140000,7.15(1.27 %),77400,552140000,0,0,174307781,1.42
24/11/2020,26540,188660600,7(-2.10 %),28690,203624600,2150,14964000,174294744,1.42
25/11/2020,115670,813940000,0(0.00 %),115670,813940000,0,0,174183421,1.46
26/11/2020,91180,644460000,7.05(1.00 %),92280,652240000,1100,7780000,174091141,1.48
27/11/2020,40190,286600000,7.07(0.28 %),40190,286600000,0,0,174053101,1.49
30/11/2020,72420,528464600,7.14(0.99 %),77420,564864600,5000,36400000,173980681,1.51
01/12/2020,207060,1472050900,7.25(1.54 %),207060,1472050900,0,0,173976781,1.51
02/12/2020,-20010,-142571900,7.2(-0.69 %),31620,230337900,51630,372909800,173996791,1.51
03/12/2020,94720,680415400,7.15(-0.69 %),94740,680559600,20,144200,173902071,1.53
04/12/2020,76400,552744200,7.17(0.28 %),76400,552744200,0,0,173825671,1.55
07/12/2020,22853,1677220000,7.25(1.12 %),22853,1677220000,0,0,173395050,1.67
08/12/2020,-563,-36630000,7.17(-1.10 %),3050,222450000,3613,259080000,173364570,1.68
09/12/2020,-23380,-166980000,7.1(-0.98 %),20,140000,23400,167120000,173364550,1.68
10/12/2020,-9360,-65800000,7(-1.41 %),10,70000,9370,65870000,173364540,1.68
11/12/2020,-12990,-90799500,7.07(1.00 %),10,70500,13000,90870000,173648501,1.6
14/12/2020,3439,248420000,7.25(2.55 %),3452,249340000,13,920000,173389540,1.67
15/12/2020,88660,652817500,7.43(2.48 %),112080,823162500,23420,170345000,173525451,1.63
16/12/2020,239660,1847011800,7.84(5.52 %),239660,1847011800,0,0,173285791,1.7
17/12/2020,133830,1042080000,7.72(-1.53 %),133830,1042080000,0,0,172926470,1.8
18/12/2020,132900,1034805100,7.7(-0.26 %),132900,1034805100,0,0,173019061,1.77
21/12/2020,257550,2033590000,8.17(6.10 %),263880,2083910000,6330,50320000,172553110,1.9
22/12/2020,10598,883900000,8.47(3.67 %),10598,883900000,0,0,172447130,1.93
23/12/2020,-9190,-78040000,7.92(-6.49 %),6000,51540000,15190,129580000,172441020,1.93
24/12/2020,-125590,-1010880000,8(1.01 %),30070,241220000,155660,1252100000,172417280,1.94
25/12/2020,144010,1205740000,8.42(5.25 %),144010,1205740000,0,0,172273270,1.98
28/12/2020,313340,2780180000,8.96(6.41 %),323840,2874180000,10500,94000000,171964620,2.06
29/12/2020,16347,1539570000,9.36(4.46 %),19902,1872250000,3555,332680000,171921260,2.07
30/12/2020,-52860,-469681680,9.08(-2.99 %),74270,691305160,127130,1160986840,172222351,1.99
31/12/2020,261400,2383519300,9.11(0.33 %),261400,2383519300,0,0,171585590,2.16
04/01/2021,-81100,-746466000,9.21(1.10 %),3100,28900000,84200,775366000,171628540,2.15
05/01/2021,-24200,-222893000,9.1(-1.19 %),51000,470020000,75200,692913000,171652740,2.15
06/01/2021,-35400,-328096000,9.1(0.00 %),20000,184618000,55400,512714000,171688140,2.14
07/01/2021,16660,1559520000,9.29(2.09 %),24210,2247650000,7550,688130000,171526770,2.18
08/01/2021,97600,924681000,9.48(2.05 %),101600,962461000,4000,37780000,171423940,2.21
11/01/2021,71500,691796000,9.78(3.16 %),81500,790296000,10000,98500000,171352440,2.23
12/01/2021,-109700,-1065544000,9.65(-1.33 %),5000,49500000,114700,1115044000,171462140,2.2
13/01/2021,-305700,-2919164000,9.3(-3.63 %),0,0,305700,2919164000,171767840,2.11
14/01/2021,27170,2513230000,9.27(-0.32 %),27740,2565670000,570,52440000,171281344,2.25
15/01/2021,20040,1907400000,9.56(3.13 %),22740,2165290000,2700,257890000,171168644,2.28
18/01/2021,-541700,-5221904000,9.5(-0.63 %),80000,779453000,621700,6001357000,171837440,2.1
19/01/2021,-31440,-2908010000,8.84(-6.95 %),3650,325180000,35090,3233190000,171363544,2.22
20/01/2021,70700,613540000,8.35(-5.54 %),73000,632538000,2300,18998000,172081140,2.03
21/01/2021,-71300,-607145000,8.88(6.35 %),86600,754553000,157900,1361698000,172152440,2.01
22/01/2021,-102500,-936661000,9.1(2.48 %),25300,228052000,127800,1164713000,172254940,1.98
25/01/2021,-155160,-14663710000,9.3(2.20 %),23510,2226450000,178670,16890160000,171945481,2.07
26/01/2021,-305100,-2776428000,9.15(-1.61 %),5500,50390000,310600,2826818000,174111640,1.47
27/01/2021,-51540,-4646180000,8.6(-6.01 %),100,9050000,51640,4655230000,172224745,1.99
28/01/2021,5100,42423000,8(-6.98 %),56400,462150000,51300,419727000,174621940,1.34
29/01/2021,3130,247850000,8.1(1.25 %),10560,842300000,7430,594450000,174160038,1.46
01/02/2021,-13250,-1018580000,7.54(-6.91 %),3750,289570000,17000,1308150000,174638938,1.33
02/02/2021,3640,261440000,7.59(0.66 %),6720,488820000,3080,227380000,174623038,1.34
03/02/2021,-93900,-726234000,8.04(5.93 %),14700,114091000,108600,840325000,174696438,1.32
04/02/2021,-278600,-2238120000,7.93(-1.37 %),0,0,278600,2238120000,174975038,1.24
05/02/2021,4600,39453000,8.3(4.67 %),22600,183101000,18000,143648000,174970438,1.24
08/02/2021,-270200,-2176028000,7.8(-6.02 %),0,0,270200,2176028000,175240638,1.17
09/02/2021,9800,84674000,8.17(4.74 %),42300,342211000,32500,257537000,175230838,1.17
17/02/2021,11760,988250000,8.6(5.26 %),11760,988250000,0,0,175106138,1.2
18/02/2021,-80400,-696454000,8.56(-0.47 %),100,877000,80500,697331000,175193638,1.18
19/02/2021,-29500,-251685000,8.51(-0.58 %),0,0,29500,251685000,175223138,1.17
22/02/2021,-229700,-1967772000,8.41(-1.18 %),1200,10332000,230900,1978104000,175452838,1.11
23/02/2021,-5620,-475520000,8.45(0.48 %),0,0,5620,475520000,175487978,1.1
24/02/2021,-142900,-1198707000,8.25(-2.37 %),0,0,142900,1198707000,175651938,1.05
25/02/2021,-113700,-938257000,8.19(-0.73 %),1900,15757000,115600,954014000,175765638,1.02
26/02/2021,-43000,-347222000,8.19(0.00 %),9700,78464000,52700,425686000,175808638,1.01
01/03/2021,124100,1027560000,8.3(1.34 %),124400,1030053000,300,2493000,175935878,0.98
02/03/2021,-33100,-276036000,8.31(0.12 %),0,0,33100,276036000,175968978,0.97
03/03/2021,7100,65186000,8.89(6.98 %),24500,211248000,17400,146062000,175961878,0.97
04/03/2021,-48300,-440096000,8.9(0.11 %),24400,211351000,72700,651447000,176010178,0.96
05/03/2021,3040,273730000,9.01(1.24 %),3510,316420000,470,42690000,175929178,0.98
08/03/2021,5390,492000000,9.01(0.00 %),6720,612650000,1330,120650000,175879378,0.99
09/03/2021,620,55600000,9.02(0.11 %),1560,138230000,940,82630000,175936418,0.98
10/03/2021,7960,729200000,9.17(1.66 %),7960,729200000,0,0,175861518,1.0
11/03/2021,-1960,-179250000,9.11(-0.65 %),1070,98180000,3030,277430000,175864138,1.0
12/03/2021,1640,149320000,9.07(-0.44 %),1740,158400000,100,9080000,175856138,1.0
15/03/2021,710400,6581721000,9.31(2.65 %),710400,6581721000,0,0,175132878,1.2
16/03/2021,1790,170260000,9.12(-2.04 %),3490,325680000,1700,155420000,175141138,1.19
17/03/2021,-1100,-10021000,9.09(-1.20 %),0,0,1100,10021000,175116078,1.2
18/03/2021,-3400,-309100000,9.07(-0.22 %),0,0,3400,309100000,175142138,1.19
19/03/2021,-8300,-75124000,9.05(-0.22 %),0,0,8300,75124000,175158378,1.19
22/03/2021,-71000,-642924000,9(-0.55 %),0,0,71000,642924000,175229378,1.17
23/03/2021,-55800,-496047000,8.81(-2.11 %),6000,53280000,61800,549327000,175285178,1.15
24/03/2021,-11950,-1049030000,8.72(-1.02 %),0,0,11950,1049030000,175196415,1.18
25/03/2021,-130300,-1137861000,8.7(-0.23 %),4000,34860000,134300,1172721000,175534978,1.09
26/03/2021,-99100,-820980000,8.35(-4.02 %),0,0,99100,820980000,175634078,1.06
29/03/2021,-2960,-244790000,8.64(3.47 %),1990,171510000,4950,416300000,175424580,1.12
30/03/2021,-73700,-636268000,8.6(-0.46 %),300,2580000,74000,638848000,175737378,1.03
31/03/2021,-8930,-774890000,8.61(0.12 %),0,0,8930,774890000,175657713,1.05
01/04/2021,20100,180704000,9(4.53 %),23300,209504000,3200,28800000,175707213,1.04
02/04/2021,2840,260470000,8.96(-0.44 %),4520,411840000,1680,151370000,175712713,1.04
05/04/2021,-6010,-540270000,8.97(0.11 %),0,0,6010,540270000,175802013,1.01
06/04/2021,-28900,-259492000,8.88(-1.00 %),6800,61281000,35700,320773000,175767813,1.02
07/04/2021,-38200,-338278000,8.8(-0.90 %),0,0,38200,338278000,175806013,1.01
08/04/2021,328200,2935441000,8.81(0.11 %),353700,3161176000,25500,225735000,175477813,1.1
09/04/2021,9900,912500000,9.2(4.43 %),9900,912500000,0,0,175457659,1.11
12/04/2021,9600,912830000,9.67(5.11 %),12000,1143570000,2400,230740000,175375859,1.13
13/04/2021,2900,295000000,9.38(-3.00 %),6440,628410000,3540,333410000,175336886,1.14
14/04/2021,-134200,-1233658000,9.6(2.35 %),8400,77586000,142600,1311244000,175388013,1.13
15/04/2021,-112900,-1074353000,9.4(-2.08 %),25000,233750000,137900,1308103000,175500913,1.1
16/04/2021,-223900,-2023039000,9(-4.26 %),2100,19519000,226000,2042558000,175724813,1.03
19/04/2021,-12530,-1116990000,9.12(1.33 %),3300,295140000,15830,1412130000,175470381,1.1
20/04/2021,-6160,-548020000,8.8(-3.51 %),8360,745190000,14520,1293210000,175524681,1.09
22/04/2021,-429000,-3693553000,8.19(-6.93 %),60000,510800000,489000,4204353000,176340713,0.87
23/04/2021,16300,1360270000,8.45(3.17 %),17800,1486520000,1500,126250000,175670981,1.05
26/04/2021,-196200,-1653350000,8.27(-2.13 %),0,0,196200,1653350000,176373913,0.86
27/04/2021,0,0,8.31(0.48 %),0,0,0,0,176373913,0.86
28/04/2021,-97300,-813592000,8.35(0.48 %),0,0,97300,813592000,176471213,0.83
29/04/2021,-59200,-495974000,8.3(-0.60 %),3000,25060000,62200,521034000,176530413,0.81
04/05/2021,4320,349340000,8.22(-0.96 %),4500,363900000,180,14560000,176468381,0.83
05/05/2021,24500,204738000,8.34(1.46 %),24500,204738000,0,0,176488881,0.83
06/05/2021,-12600,-104051000,8.29(-0.60 %),100,830000,12700,104881000,176501481,0.82
07/05/2021,0,0,8.09(-2.41 %),0,0,0,0,176501481,0.82
10/05/2021,-260,-20740000,8(-1.11 %),0,0,260,20740000,176605081,0.79
11/05/2021,2410,197360000,8.03(0.38 %),2410,197360000,0,0,176593681,0.8
12/05/2021,8000,63604000,8.17(1.74 %),13200,105996000,5200,42392000,176471981,0.83
13/05/2021,0,0,8.2(0.37 %),0,0,0,0,176471981,0.83
14/05/2021,-28500,-232945000,8.14(-0.73 %),0,0,28500,232945000,176500481,0.82
17/05/2021,2250,182720000,8.1(-0.49 %),2500,203000000,250,20280000,176563247,0.81
18/05/2021,0,0,7.9(-2.47 %),0,0,0,0,176563247,0.81
19/05/2021,3600,280300000,7.75(-1.90 %),3600,280300000,0,0,176555747,0.81
20/05/2021,27100,206599000,7.76(0.13 %),31000,236200000,3900,29601000,176414881,0.85
21/05/2021,0,0,8.3(6.96 %),0,0,0,0,176527247,0.82
24/05/2021,-500,-44400000,8.88(6.99 %),0,0,500,44400000,176527247,0.82
25/05/2021,-7000,-63310000,8.93(0.56 %),0,0,7000,63310000,176426881,0.84
26/05/2021,70100,638662000,9.09(1.79 %),75100,684162000,5000,45500000,176356781,0.86
27/05/2021,89900,834915000,9.11(0.22 %),97300,902117000,7400,67202000,176266881,0.89
28/05/2021,182300,1686965000,9.24(1.43 %),208700,1931409000,26400,244444000,176084581,0.94
31/05/2021,3420,315610000,9.02(-2.38 %),3420,315610000,0,0,176132847,0.92
01/06/2021,104500,968471000,9.2(2.00 %),119500,1107671000,15000,139200000,176140242,0.92
02/06/2021,6300,570500000,9.04(-1.74 %),6300,570500000,0,0,175984142,0.96
03/06/2021,-8750,-799320000,9.17(1.44 %),11610,1060470000,20360,1859790000,175868042,1.0
04/06/2021,19150,1826690000,9.81(6.98 %),20210,1930680000,1060,103990000,175680942,1.05
07/06/2021,-24000,-249150000,10.45(6.52 %),5100,53295000,29100,302445000,175997242,0.96
08/06/2021,27750,3073430000,11.1(6.22 %),31750,3517830000,4000,444400000,175561942,1.08
09/06/2021,59270,6345690000,10.7(-3.60 %),66750,7132670000,7480,786980000,174905042,1.26
10/06/2021,43890,4937790000,11.4(6.54 %),44390,4994540000,500,56750000,174490242,1.37
11/06/2021,14170,1668430000,11.4(0.00 %),16200,1905860000,2030,237430000,174368242,1.4
14/06/2021,308900,3611370000,11.5(0.88 %),311500,3641495000,2600,30125000,174237542,1.44
15/06/2021,32160,3854580000,12.15(5.65 %),36440,4372350000,4280,517770000,173772142,1.57
16/06/2021,-28330,-3338200000,11.4(-6.17 %),10200,1233820000,38530,4572020000,173690442,1.59
17/06/2021,195700,2238440000,11.85(3.95 %),199700,2286140000,4000,47700000,174003542,1.5
18/06/2021,-48960,-5743240000,11.55(-2.53 %),530,61030000,49490,5804270000,173530622,1.63
21/06/2021,2450,274710000,11.4(-1.30 %),5600,634810000,3150,360100000,173859922,1.54
22/06/2021,-20120,-2280140000,11.25(-1.32 %),200,23100000,20320,2303240000,173861922,1.54
23/06/2021,191100,2169410000,11.3(0.44 %),197800,2245120000,6700,75710000,174478742,1.37
24/06/2021,-99300,-1087970000,10.75(-4.87 %),23400,254240000,122700,1342210000,174578042,1.35
25/06/2021,72560,8022010000,11.15(3.72 %),72800,8048410000,240,26400000,173642322,1.6
28/06/2021,35500,402985000,11.05(-0.90 %),122500,1369960000,87000,966975000,173816942,1.56
29/06/2021,10100,112800000,11.15(0.90 %),10100,112800000,0,0,173806842,1.56
30/06/2021,10690,1235930000,11.9(6.73 %),11340,1312580000,650,76650000,173528122,1.63
01/07/2021,5600,84970000,11.7(-1.68 %),123100,1485900000,117500,1400930000,173615122,1.61
02/07/2021,-29500,-353900000,11.9(1.71 %),107100,1279200000,136600,1633100000,173644622,1.6
05/07/2021,-142700,-1983897900,11.4(-4.20 %),73600,512420400,216300,2496318300,173787322,1.56
06/07/2021,134800,1511440000,10.5(-6.67 %),134800,1511440000,0,0,173652522,1.6
07/07/2021,50660,5103580000,10.2(-2.86 %),50660,5103580000,0,0,172930522,1.8
08/07/2021,-172200,-1749030000,10.1(-0.98 %),62700,536646000,234900,2285676000,173318122,1.69
09/07/2021,292500,2876114000,9.4(-6.93 %),333900,3283872000,41400,407758000,173025622,1.77
12/07/2021,69190,6206270000,8.79(-6.49 %),69400,6225220000,210,18950000,172056222,2.04
13/07/2021,65050,5905870000,9.3(5.80 %),65250,5924430000,200,18560000,171638622,2.15
14/07/2021,-380400,-3531468000,9.05(-2.69 %),47600,433006000,428000,3964474000,172063622,2.03
15/07/2021,-3010,-276660000,9.2(1.66 %),100,9200000,3110,285860000,171633522,2.15
16/07/2021,-393900,-3627392000,9.11(-0.98 %),3400,31450000,397300,3658842000,172487622,1.92
19/07/2021,-154300,-1338014000,8.48(-6.92 %),25500,222282000,179800,1560296000,172641922,1.88
20/07/2021,13140,1123090000,8.7(2.59 %),14800,1263020000,1660,139930000,171917712,2.07
21/07/2021,-13750,-1228970000,9.01(3.56 %),0,0,13750,1228970000,172315012,1.97
22/07/2021,-8470,-789530000,9.64(6.99 %),400,36240000,8870,825770000,172490812,1.92
23/07/2021,-740300,-7327182000,9.64(0.00 %),30500,302835000,770800,7630017000,173473022,1.65
26/07/2021,-127900,-1252952000,9.85(2.18 %),14600,139841000,142500,1392793000,173600922,1.61
27/07/2021,-50900,-4995650000,9.71(-1.42 %),1300,126990000,52200,5122640000,172675512,1.87
28/07/2021,-139100,-1334642000,9.6(-1.13 %),46000,440310000,185100,1774952000,174249022,1.44
29/07/2021,-87100,-832702000,9.66(0.62 %),0,0,87100,832702000,174336122,1.41
30/07/2021,-178700,-1822360000,10.3(6.63 %),17100,174490000,195800,1996850000,174514822,1.36
02/08/2021,45700,543090000,10.4(0.97 %),505000,5255360000,459300,4712270000,174232812,1.44
03/08/2021,-208200,-2172515000,10.35(-0.48 %),100,1035000,208300,2173550000,174441012,1.38
04/08/2021,-116000,-1208145000,10.4(0.48 %),30300,323320000,146300,1531465000,174557012,1.35
05/08/2021,1800,17825000,10.65(2.40 %),7800,82265000,6000,64440000,174555212,1.35
06/08/2021,-168700,-1802240000,10.75(0.94 %),400,4240000,169100,1806480000,174723912,1.31
09/08/2021,-197800,-2197345000,11.05(2.79 %),3000,33450000,200800,2230795000,174921712,1.25
10/08/2021,-453800,-4993945000,10.9(-1.36 %),0,0,453800,4993945000,175375512,1.13
11/08/2021,39700,434010000,11(0.92 %),110600,1221450000,70900,787440000,175335812,1.14
12/08/2021,427800,4883215000,11.5(4.55 %),433600,4949825000,5800,66610000,174908012,1.26
13/08/2021,-381900,-3326500800,11.3(-1.74 %),25500,187456500,407400,3513957300,175289912,1.15
16/08/2021,-95000,-1100730000,11.45(1.33 %),300,3435000,95300,1104165000,175384912,1.13
17/08/2021,-214800,-2419110000,11.05(-3.49 %),18200,203840000,233000,2622950000,175719512,1.04
18/08/2021,-7900,-87210000,11.1(0.45 %),3600,40140000,11500,127350000,175392812,1.13
19/08/2021,259800,2902865000,11.15(0.45 %),261800,2925115000,2000,22250000,175133012,1.2
20/08/2021,-705100,-7651255000,10.55(-5.38 %),30700,325825000,735800,7977080000,175838112,1.0
23/08/2021,281400,2925260000,10.05(-4.74 %),291900,3035510000,10500,110250000,175556712,1.08
24/08/2021,630200,6462935000,10.3(2.49 %),630200,6462935000,0,0,174926512,1.25
25/08/2021,2900,32480000,10.45(1.46 %),24500,257230000,21600,224750000,174923612,1.25
26/08/2021,-61000,-626905000,10.45(0.00 %),0,0,61000,626905000,174984612,1.24
27/08/2021,140600,1477045000,10.55(0.96 %),164900,1726205000,24300,249160000,174844012,1.27
30/08/2021,100,1105000,11(4.27 %),600,6580000,500,5475000,174843912,1.27
31/08/2021,-88300,-981935000,10.95(-0.45 %),100,1120000,88400,983055000,174932212,1.25
01/09/2021,-18100,-197520000,11(0.46 %),18800,208680000,36900,406200000,175276502,1.16
06/09/2021,136300,1545060000,11.75(6.82 %),141600,1607290000,5300,62230000,175140202,1.19
07/09/2021,-402100,-4729970000,11.3(-3.83 %),2500,29375000,404600,4759345000,175542302,1.08
08/09/2021,291500,3328885000,11.3(0.00 %),342800,3904035000,51300,575150000,175250802,1.16
09/09/2021,63700,726290000,11.25(-0.44 %),65700,748990000,2000,22700000,175187102,1.18
10/09/2021,122300,1412265000,11.55(2.67 %),122500,1414580000,200,2315000,175064802,1.21
13/09/2021,289700,3473190000,12(3.90 %),289700,3473190000,0,0,174775102,1.29
14/09/2021,-335300,-3932590000,11.5(-4.17 %),11000,128350000,346300,4060940000,175110402,1.2
15/09/2021,45900,533370000,11.45(-0.43 %),47000,546100000,1100,12730000,175064502,1.21
16/09/2021,80700,940555000,11.55(0.87 %),81800,953315000,1100,12760000,174983802,1.24
17/09/2021,165300,2008280000,12.35(6.93 %),171400,2083615000,6100,75335000,174818502,1.28
20/09/2021,-639700,-8254085000,12.5(1.21 %),89400,1156715000,729100,9410800000,175458202,1.11
21/09/2021,98600,1286610000,13.35(6.80 %),179000,2317755000,80400,1031145000,175359602,1.13
22/09/2021,-688500,-9206380000,13.3(-0.37 %),4000,53850000,692500,9260230000,176048102,0.95
23/09/2021,3700,38515000,13.1(-1.50 %),29200,390050000,25500,351535000,176044402,0.95
24/09/2021,454700,6064755000,13.15(0.38 %),485700,6472245000,31000,407490000,175589702,1.07
27/09/2021,-316400,-3996680000,12.25(-6.84 %),23200,291790000,339600,4288470000,175906102,0.98
28/09/2021,339400,4118170000,12.35(0.82 %),349700,4240745000,10300,122575000,175566702,1.08
29/09/2021,-399500,-4838360000,12.35(0.00 %),11500,138225000,411000,4976585000,175966202,0.97
30/09/2021,-184400,-2313470000,12.45(0.81 %),0,0,184400,2313470000,176150602,0.92
01/10/2021,-365000,-4500950000,12(-3.61 %),48100,574795000,413100,5075745000,175680869,1.05
04/10/2021,290500,3526275000,12(0.00 %),323200,3917040000,32700,390765000,175390369,1.13
05/10/2021,248000,3041775000,12.5(4.17 %),248000,3041775000,0,0,175142369,1.19
06/10/2021,-34600,-439595000,12.7(1.60 %),19000,242650000,53600,682245000,175176969,0.0
07/10/2021,246800,3201470000,12.9(1.57 %),246800,3201470000,0,0,174930169,0.0
08/10/2021,-393100,-5074160000,12.7(-1.55 %),2500,31900000,395600,5106060000,175323269,0.0
11/10/2021,-41100,-135425600,12.6(-0.79 %),0,0,41100,135425600,175364369,0.0
12/10/2021,21300,272225000,12.7(0.79 %),21300,272225000,0,0,175343069,0.0
13/10/2021,313200,4112160000,13.25(4.33 %),330200,4335160000,17000,223000000,175029869,0.0
14/10/2021,-289600,-3866980000,13.15(-0.75 %),3300,43740000,292900,3910720000,175319469,0.0
15/10/2021,-68200,-892175000,13.15(0.00 %),33000,437200000,101200,1329375000,175387669,0.0
18/10/2021,-150100,-1983500000,13.2(0.38 %),7100,93365000,157200,2076865000,175537769,0.0
19/10/2021,-38700,-510840000,13.15(-0.38 %),0,0,38700,510840000,175576469,0.0
20/10/2021,65800,876510000,13(-1.14 %),95900,1265800000,30100,389290000,175510669,0.0
21/10/2021,14300,186210000,13.3(2.31 %),24800,325285000,10500,139075000,175562169,0.0
22/10/2021,-19300,-268310000,14.2(6.77 %),2000,28400000,21300,296710000,175581469,0.0
25/10/2021,-133000,-1928340000,14.1(-0.70 %),14900,214365000,147900,2142705000,175714469,0.0
26/10/2021,-22400,-308580000,14.2(0.71 %),33000,465300000,55400,773880000,175736869,0.0
27/10/2021,47900,694945000,14.5(2.11 %),56700,821935000,8800,126990000,175688969,0.0
28/10/2021,-3500,-50850000,14.45(-0.34 %),100,1455000,3600,52305000,175692469,1.04
29/10/2021,-40700,-593640000,14.8(2.42 %),42400,632660000,83100,1226300000,175733169,1.03
01/11/2021,27700,416045000,14.7(-0.68 %),27700,416045000,0,0,176541050,0.81
02/11/2021,145000,2231760000,15.7(6.80 %),161100,2481580000,16100,249820000,176396050,0.85
03/11/2021,59200,878645000,14.65(-6.69 %),72700,1091215000,13500,212570000,176336850,0.0
04/11/2021,147500,489283200,14.9(1.71 %),226800,1644049800,79300,1154766600,176248550,0.0
05/11/2021,-33000,-488500000,14.95(0.34 %),94500,1401580000,127500,1890080000,176429050,0.0
08/11/2021,-82100,-1255760000,15.3(2.34 %),1500,22650000,83600,1278410000,176478150,0.83
09/11/2021,-1249600,-19867310000,15.8(3.27 %),151000,2429710000,1400600,22297020000,177727750,0.49
10/11/2021,0,0,16.9(6.96 %),0,0,0,0,177727750,0.49
11/11/2021,16800,296615000,17.4(2.96 %),26800,473225000,10000,176610000,177710950,0.49
12/11/2021,20000,409440000,17.5(0.57 %),317400,5521440000,297400,5112000000,177690950,0.5
15/11/2021,664600,12228290000,18.6(6.29 %),695500,12792585000,30900,564295000,177026350,0.68
16/11/2021,-280900,-5046560000,17.8(-4.30 %),21900,391850000,302800,5438410000,177307250,0.6
17/11/2021,-80400,-1443950000,18(1.12 %),32000,577975000,112400,2021925000,177387650,0.58
18/11/2021,-481500,-8940810000,18.95(5.28 %),20300,384745000,501800,9325555000,177869150,0.45
19/11/2021,-5200,-122430000,19.2(1.32 %),26500,506060000,31700,628490000,177874350,0.45
22/11/2021,-3800,-67005000,17.9(-6.77 %),8900,161285000,12700,228290000,177878150,0.45
23/11/2021,-2600,-45555000,18.05(0.84 %),1800,31385000,4400,76940000,177880750,0.45
24/11/2021,-38000,-686335000,17.6(-2.49 %),3300,60310000,41300,746645000,177918750,0.44
25/11/2021,-3800,-69260000,18.25(3.69 %),0,0,3800,69260000,177922550,0.43
26/11/2021,-10200,-185115000,18(-1.37 %),500,9125000,10700,194240000,177932750,0.0
29/11/2021,119700,991211200,19.25(6.94 %),182600,2002688800,62900,1011477600,177813050,0.0
30/11/2021,14000,282350000,20(3.90 %),18500,372510000,4500,90160000,177918750,0.44
01/12/2021,364600,7346770000,20.7(3.50 %),364600,7346770000,0,0,177782437,0.47
02/12/2021,-62800,-1271660000,20.3(-1.93 %),110200,2264395000,173000,3536055000,177845237,0.46
03/12/2021,84700,1724975000,19.45(-4.19 %),87800,1786200000,3100,61225000,177760537,0.48
06/12/2021,-232900,-4399235000,18.1(-6.94 %),7800,150820000,240700,4550055000,177993437,0.42
07/12/2021,61000,1129580000,19.25(6.35 %),203100,3723855000,142100,2594275000,177932437,0.43
08/12/2021,-97600,-1861775000,18.8(-2.34 %),100,1905000,97700,1863680000,178030037,0.41
09/12/2021,2300,43975000,19.15(1.86 %),3000,57450000,700,13475000,178027737,0.0
10/12/2021,-200200,-3830000000,19.25(0.52 %),12000,231100000,212200,4061100000,178227937,0.35
13/12/2021,331600,6765960000,20.55(6.75 %),348400,7109155000,16800,343195000,177896337,0.44
14/12/2021,108100,2295480000,20.8(1.22 %),151500,3211920000,43400,916440000,177788237,0.47
15/12/2021,11900,258345000,20.75(-0.24 %),23300,495105000,11400,236760000,177776337,0.47
16/12/2021,288600,6191650000,22(6.02 %),334200,7169050000,45600,977400000,177487737,0.55
17/12/2021,-348900,-7658365000,21.5(-2.27 %),1500,33575000,350400,7691940000,177836637,0.46
20/12/2021,-48900,-1009865000,21.65(0.70 %),49700,1069820000,98600,2079685000,177885537,0.44
21/12/2021,-5900,-127250000,22.75(5.08 %),31600,716020000,37500,843270000,177891437,0.0
22/12/2021,-322100,-7564145000,23.2(1.75 %),30100,698105000,352200,8262250000,178213537,0.36
23/12/2021,-149800,-3405103800,22(-5.17 %),12100,275045100,161900,3680148900,178363337,0.0
24/12/2021,19200,424531200,22.1(0.45 %),70400,1556614400,51200,1132083200,178194337,0.0
27/12/2021,-19200,-410005000,22.1(0.00 %),2100,46040000,21300,456045000,177889327,0.44
28/12/2021,282800,6573645000,23.1(4.52 %),290700,6754570000,7900,180925000,177606527,0.52
29/12/2021,9600,221865000,22.65(-1.95 %),9600,221865000,0,0,177686327,0.5
30/12/2021,40200,910140000,22.05(-2.86 %),40900,925610000,700,15470000,177653327,0.51
31/12/2021,-481900,-10396915000,21.35(-3.39 %),87800,1901555000,569700,12298470000,177565527,0.53
04/01/2022,506600,11355085000,22.4(4.67 %),512600,11489755000,6000,134670000,177053619,0.67
05/01/2022,-256700,-5775775000,22.15(-1.12 %),0,0,256700,5775775000,177623319,0.52
06/01/2022,283500,6447700000,23.7(6.76 %),315900,7196975000,32400,749275000,177313419,0.6
07/01/2022,-201600,-4936110000,24.4(2.95 %),37400,904890000,239000,5841000000,177532719,0.54
10/01/2022,-91400,-2053390800,25.4(4.10 %),4400,103056000,95800,2156446800,177560719,0.53
11/01/2022,-63000,-1658720000,26.2(3.15 %),64300,1626935000,127300,3285655000,177735419,0.49
12/01/2022,-453700,-11234345000,24.4(-6.87 %),8200,202045000,461900,11436390000,177823019,0.46
13/01/2022,-68400,-1667040000,22.7(-6.97 %),5500,126190000,73900,1793230000,177944819,0.43
14/01/2022,171000,3844445000,22(-3.08 %),269800,5995910000,98800,2151465000,178136919,0.38
17/01/2022,61700,1286210000,20.5(-6.82 %),92900,1964315000,31200,678105000,178117919,0.38
18/01/2022,86500,1682170000,19.1(-6.83 %),91500,1777895000,5000,95725000,178125219,0.38
19/01/2022,279500,5064390000,17.8(-6.81 %),304700,5516700000,25200,452310000,177851719,0.45
20/01/2022,119400,2313435000,19.25(6.94 %),165100,3176975000,45700,863540000,177691555,0.5
21/01/2022,-368700,-7497915000,20.55(6.48 %),1500,30150000,370200,7528065000,177715255,0.49
24/01/2022,-285400,-5594360000,19.15(-7.04 %),8700,171940000,294100,5766300000,177752255,0.48
25/01/2022,286700,5374825000,19.15(-0.26 %),290500,5447025000,3800,72200000,177831955,0.46
26/01/2022,-183000,-3324907000,17.85(-7.03 %),0,0,183000,3324907000,178126055,0.38
27/01/2022,306700,5516865000,16.8(-6.15 %),309600,5568055000,2900,51190000,177820255,0.46
28/01/2022,756400,12503630000,17.8(5.95 %),756400,12503630000,0,0,177246855,0.62
07/02/2022,144800,2741430000,19(6.74 %),145900,2762330000,1100,20900000,177103855,0.66
08/02/2022,-406500,-7628240000,18.55(-2.37 %),3200,60625000,409700,7688865000,177100655,0.66
09/02/2022,72100,1360310000,19.4(4.30 %),72200,1362190000,100,1880000,177029555,0.68
10/02/2022,-365200,-7114325000,19.5(0.52 %),0,0,365200,7114325000,177439255,0.57
11/02/2022,-214200,-4186720000,19.45(-0.26 %),200,3880000,214400,4190600000,177439155,0.57
14/02/2022,96600,1878435000,19.3(-1.03 %),96600,1878435000,0,0,177707755,0.49
15/02/2022,63900,1251305000,19.6(1.55 %),83100,1618985000,19200,367680000,177839055,0.46
16/02/2022,132900,2771175000,20.95(6.89 %),138900,2896875000,6000,125700000,177700155,0.5
17/02/2022,-58200,-1227510000,21.2(0.95 %),0,0,58200,1227510000,177723355,0.49
18/02/2022,-50700,-1087665000,21.8(2.83 %),11100,240655000,61800,1328320000,177718255,0.49
21/02/2022,-241600,-5327485000,22.05(1.15 %),0,0,241600,5327485000,177776455,0.47
22/02/2022,-351500,-7381120000,20.65(-6.56 %),14300,298650000,365800,7679770000,177823955,0.46
23/02/2022,23200,487685000,20.95(1.21 %),35100,736340000,11900,248655000,178030455,0.41
24/02/2022,-97500,-1991660000,20.95(-0.24 %),89000,1788170000,186500,3779830000,178307255,0.33
25/02/2022,-5800,-122000000,21.15(0.71 %),4600,97945000,10400,219945000,178314555,0.33
28/02/2022,-34000,-705635000,21.3(0.47 %),100,2075000,34100,707710000,178500955,0.28
01/03/2022,121500,2719840000,22.4(5.16 %),127600,2856180000,6100,136340000,178383755,0.31
02/03/2022,-80700,-1826655000,22.8(1.79 %),100,2220000,80800,1828875000,178417755,0.3
03/03/2022,-11700,-266535000,22.65(-0.66 %),7200,165840000,18900,432375000,178416655,0.3
04/03/2022,-95900,-2183180000,22.6(-0.44 %),0,0,95900,2183180000,178497455,0.28
07/03/2022,-29200,-645680000,21.95(-2.88 %),11900,263280000,41100,908960000,178506455,0.28
08/03/2022,1200,25370000,20.55(-6.59 %),2700,57520000,1500,32150000,178599655,0.25
09/03/2022,34500,701000000,21.3(3.40 %),35000,711100000,500,10100000,178605755,0.25
10/03/2022,-2000,-43200000,21.55(1.17 %),0,0,2000,43200000,178609255,0.25
11/03/2022,3000,62100000,21.65(0.23 %),3000,62100000,0,0,178606755,0.25
14/03/2022,-32900,-694515000,21.5(-0.92 %),0,0,32900,694515000,178608755,0.25
15/03/2022,4200,93325000,22.2(3.26 %),10100,222865000,5900,129540000,178598655,0.25
16/03/2022,13100,296435000,22.6(1.80 %),22500,510750000,9400,214315000,178608958,0.25
17/03/2022,206400,4821800000,23.4(3.54 %),208500,4871225000,2100,49425000,178406358,0.3
18/03/2022,15200,356015000,22.95(-1.92 %),25600,595980000,10400,239965000,178390158,0.31
21/03/2022,196900,4646790000,23.8(3.48 %),198700,4690480000,1800,43690000,178193558,0.36
22/03/2022,-186600,-4436835000,23.1(-2.94 %),0,0,186600,4436835000,178203958,0.36
23/03/2022,-1300,-30440000,22.9(-0.87 %),400,9340000,1700,39780000,178205358,0.36
24/03/2022,76800,1831860000,23.1(0.87 %),201900,4698820000,125100,2866960000,178190058,0.36
25/03/2022,51200,1202665000,23.1(0.00 %),53500,1255910000,2300,53245000,178138258,0.38
28/03/2022,-94400,-2131505000,22.2(-3.90 %),16000,350550000,110400,2482055000,178247358,0.35
29/03/2022,201000,4582815000,23(3.60 %),205000,4673115000,4000,90300000,178044658,0.4
30/03/2022,-153400,-3380855000,21.5(-6.52 %),100600,2206835000,254000,5587690000,178054458,0.4
31/03/2022,-22000,-459025000,20.7(-3.72 %),1000,20975000,23000,480000000,178057458,0.4
01/04/2022,57300,1208755000,21.6(4.35 %),62400,1314905000,5100,106150000,178249058,0.35
04/04/2022,-147600,-3169365000,21.2(-1.85 %),500,10750000,148100,3180115000,178271558,0.34
05/04/2022,0,0,21.4(0.94 %),0,0,0,0,178276665,0.34
06/04/2022,-129200,-2729065000,20.8(-2.80 %),600,12605000,129800,2741670000,178424165,0.3
07/04/2022,100,2000000,20(-3.85 %),100,2000000,0,0,178424065,0.3
08/04/2022,-6800,-136650000,19.3(-3.50 %),200,4000000,7000,140650000,178553639,0.26
12/04/2022,-2700,-52945000,17.95(-6.99 %),800,14725000,3500,67670000,178556339,0.24
13/04/2022,342700,6014010000,19.2(6.67 %),347800,6105325000,5100,91315000,178552839,0.26
14/04/2022,9700,184415000,18.7(-2.60 %),11700,222965000,2000,38550000,178203839,0.36
15/04/2022,300,0,17.75(-5.08 %),7100,0,6800,0,178201839,0.36
18/04/2022,230500,3876545000,16.7(-6.18 %),237200,3990955000,6700,114410000,177966639,0.42
19/04/2022,321000,5536875000,16.3(-2.40 %),321200,5540235000,200,3360000,177652239,0.51
20/04/2022,391900,6384410000,16.3(0.00 %),405700,6615100000,13800,230690000,177811939,0.46
21/04/2022,196300,3106675000,15.25(-6.44 %),201400,3189550000,5100,82875000,177053631,0.67
22/04/2022,36600,574330000,15.9(4.26 %),53100,828150000,16500,253820000,177016331,0.68
25/04/2022,-231900,-3661015000,16.45(3.46 %),6000,94690000,237900,3755705000,177015431,0.68
26/04/2022,-243500,-3920535000,16.7(1.21 %),0,0,243500,3920535000,177031931,0.68
27/04/2022,-96800,-1593845000,17.05(2.10 %),228000,3797870000,324800,5391715000,177041831,0.67
28/04/2022,-390400,-6586535000,16.3(-4.68 %),600,10110000,391000,6596645000,177284731,0.61
29/04/2022,135600,2239950000,16.6(1.84 %),149300,2466540000,13700,226590000,177460231,0.56
04/05/2022,-83900,-1367420000,16.1(-3.01 %),0,0,83900,1367420000,177851231,0.45
05/05/2022,-263800,-4143820000,16.1(0.00 %),28000,453250000,291800,4597070000,178115031,0.38
06/05/2022,-38300,-585990000,15.3(-4.97 %),14800,226440000,53100,812430000,177906031,0.44
09/05/2022,-87100,-1241175000,14.25(-6.86 %),27100,386175000,114200,1627350000,178170731,0.37
10/05/2022,243400,3334580000,13.7(-4.20 %),244100,3344170000,700,9590000,177979731,0.42
11/05/2022,70000,991925000,14.2(3.65 %),84700,1193410000,14700,201485000,177909731,0.44
12/05/2022,-171400,-2380065000,13.25(-6.69 %),5300,71085000,176700,2451150000,178081131,0.39
13/05/2022,165800,2073525000,12.35(-6.79 %),165800,2073525000,0,0,177855531,0.45
16/05/2022,280400,3224600000,11.5(-7.26 %),280400,3224600000,0,0,177751831,0.48
17/05/2022,433200,5328360000,12.3(6.96 %),433400,5330820000,200,2460000,177320431,0.6
18/05/2022,-168600,-2124360000,12.6(2.44 %),1200,15120000,169800,2139480000,177319231,0.6
19/05/2022,51500,643750000,12.5(-0.79 %),51500,643750000,0,0,177267931,0.61
20/05/2022,33700,431360000,12.8(2.40 %),60600,775680000,26900,344320000,177377131,0.58
23/05/2022,-29000,-350900000,12.1(-5.47 %),25700,310970000,54700,661870000,177353431,0.59
24/05/2022,68400,848160000,12.4(2.48 %),72500,899000000,4100,50840000,177307831,0.6
25/05/2022,146200,1937150000,13.25(6.85 %),146500,1941125000,300,3975000,177216031,0.63
26/05/2022,-200100,-2651325000,13.25(-0.38 %),0,0,200100,2651325000,177220131,0.63
27/05/2022,55600,739480000,13.3(0.00 %),60900,809970000,5300,70490000,177159531,0.64
30/05/2022,32500,445250000,13.7(3.01 %),33500,458950000,1000,13700000,177326131,0.6
31/05/2022,-53000,-718150000,13.55(-1.09 %),4000,54200000,57000,772350000,177327431,0.6
01/06/2022,-112600,-1497580000,13.3(-2.21 %),18800,250040000,131400,1747620000,177309631,0.6
02/06/2022,-104700,-1324455000,12.65(-4.89 %),0,0,104700,1324455000,177366631,0.59
03/06/2022,114100,1420545000,12.45(-1.97 %),137200,1708140000,23100,287595000,177360831,0.59
06/06/2022,36900,453150000,11.9(-4.80 %),38500,472780000,1600,19630000,177427031,0.57
07/06/2022,197000,2235950000,11.35(-4.62 %),203000,2304050000,6000,68100000,177247131,0.62
08/06/2022,62600,757460000,12.1(6.14 %),62600,757460000,0,0,177186131,0.64
09/06/2022,72300,918210000,12.7(4.96 %),72300,918210000,0,0,177119831,0.65
10/06/2022,-69500,-847900000,12.2(-3.94 %),26800,326960000,96300,1174860000,177093031,0.66
13/06/2022,-98400,-1116840000,11.35(-6.97 %),500,5675000,98900,1122515000,177092531,0.66
14/06/2022,6000,65700000,10.95(-3.95 %),59800,654810000,53800,589110000,177129031,0.65
15/06/2022,-129100,-1316820000,10.2(-7.27 %),32400,330480000,161500,1647300000,177195461,0.63
16/06/2022,20700,196650000,9.5(-6.86 %),21600,205200000,900,8550000,177227661,0.62
17/06/2022,332500,2939300000,8.84(-6.95 %),332500,2939300000,0,0,177056661,0.67
20/06/2022,338500,2923967000,8.23(-6.48 %),350400,3023318000,11900,99351000,176707161,0.77
21/06/2022,617500,5094375000,8.25(0.61 %),618500,5102625000,1000,8250000,176088661,0.94
22/06/2022,125900,1110438000,8.82(6.27 %),133600,1178352000,7700,67914000,175968961,0.97
23/06/2022,-102400,-933888000,9.12(3.64 %),45500,414960000,147900,1348848000,175924461,0.98
24/06/2022,-67000,-606350000,9.05(-0.55 %),16600,150230000,83600,756580000,175915561,0.98
27/06/2022,189500,1733511000,9.2(1.10 %),189500,1733511000,0,0,175873961,0.99
28/06/2022,84500,811200000,9.6(4.35 %),102400,983040000,17900,171840000,175855161,1.0
29/06/2022,-179800,-1759408000,9.68(0.83 %),0,0,179800,1759408000,175855161,1.0
30/06/2022,-222300,-2020707000,9.09(-6.29 %),0,0,222300,2020707000,175873061,0.99
01/07/2022,3500,32200000,9.2(1.10 %),34300,315560000,30800,283360000,176015561,0.96
04/07/2022,41900,393998000,9.46(2.83 %),58800,553070000,16900,159072000,176020461,0.95
05/07/2022,-198500,-1796425000,9.05(-4.74 %),0,0,198500,1796425000,176211861,0.9
06/07/2022,146800,1335880000,9.1(0.00 %),146800,1335880000,0,0,176081961,0.94
07/07/2022,128900,1198770000,9.3(2.20 %),133400,1240620000,4500,41850000,176147061,0.92
08/07/2022,70000,-485415000,9.95(6.99 %),84700,30150000,14700,515565000,176077061,0.0
11/07/2022,-48300,-485415000,10.05(0.50 %),3000,30150000,51300,515565000,176032761,0.95
12/07/2022,-1900,-20045000,10.55(4.46 %),300,3165000,2200,23210000,176032661,0.95
13/07/2022,-102600,-1056780000,10.3(-2.83 %),0,0,102600,1056780000,176083961,0.94
14/07/2022,-36700,-383515000,10.45(1.46 %),300,3135000,37000,386650000,176085861,0.94
15/07/2022,-193700,-2024165000,10.45(-0.48 %),0,0,193700,2024165000,176188461,0.91
18/07/2022,-83900,-893535000,10.65(1.43 %),300,3195000,84200,896730000,176225161,0.9
19/07/2022,-129500,-1372700000,10.6(-0.93 %),0,0,129500,1372700000,176418861,0.85
20/07/2022,0,-1372700000,11.3(6.60 %),0,0,0,1372700000,176503061,0.82
21/07/2022,11400,128820000,11.3(0.00 %),251300,2839690000,239900,2710870000,176383761,0.85
22/07/2022,-102400,-1094240000,11.2(-0.88 %),45500,0,147900,1094240000,176383761,0.85
25/07/2022,-107100,-1156680000,10.8(-3.57 %),0,0,107100,1156680000,176626161,0.79
26/07/2022,26400,294360000,11.15(3.24 %),26400,294360000,0,0,176697461,0.77
27/07/2022,-26600,-315210000,11.85(5.80 %),5100,60435000,31700,375645000,176799461,0.74
28/07/2022,-253500,-2991300000,11.8(-0.84 %),7000,82600000,260500,3073900000,176792461,0.74
29/07/2022,-164500,-1924650000,11.7(-0.85 %),3000,35100000,167500,1959750000,176821161,0.74
01/08/2022,76300,919415000,12.05(2.99 %),84300,1015815000,8000,96400000,176997361,0.69
02/08/2022,-155600,-1882760000,12.1(0.00 %),0,0,155600,1882760000,177164861,0.64
03/08/2022,52200,634230000,12.15(0.41 %),58200,707130000,6000,72900000,177114661,0.66
04/08/2022,-78800,-949540000,12.05(-1.23 %),44300,533815000,123100,1483355000,177225961,0.62
05/08/2022,23400,287820000,12.3(1.65 %),23400,287820000,0,0,177208561,0.63
08/08/2022,-143800,-1739980000,12.1(-1.63 %),15800,191180000,159600,1931160000,177315861,0.6
09/08/2022,82900,1036250000,12.5(3.31 %),83900,1048750000,1000,12500000,177231961,0.62
10/08/2022,-188900,-2427365000,12.85(2.80 %),9000,115650000,197900,2543015000,177382561,0.58
11/08/2022,-296600,-3663010000,12.35(-4.26 %),28200,348270000,324800,4011280000,177355361,0.59
12/08/2022,136000,1700000000,12.5(0.81 %),141000,1762500000,5000,62500000,177412261,0.57
15/08/2022,-153300,-1900920000,12.4(-0.80 %),4600,57040000,157900,1957960000,177732461,0.49
16/08/2022,-2600,-32110000,12.35(-0.40 %),5000,61750000,7600,93860000,177732461,0.49
17/08/2022,-78400,-964320000,12.3(-0.81 %),53100,653130000,131500,1617450000,177837261,0.46
18/08/2022,0,0,12.3(0.00 %),9700,119310000,9700,119310000,177835161,0.46
19/08/2022,3900,47970000,12.3(0.00 %),5700,70110000,1800,22140000,177960961,0.42
22/08/2022,-47000,-552250000,11.75(-4.47 %),6100,71675000,53100,623925000,177964561,0.42
23/08/2022,123400,1493140000,12.1(2.54 %),124400,1505240000,1000,12100000,177841961,0.46
24/08/2022,-13800,-166290000,12.05(-0.41 %),0,0,13800,166290000,177895061,0.44
25/08/2022,37900,466170000,12.3(1.65 %),37900,466170000,0,0,177858161,0.45
26/08/2022,33500,420425000,12.55(2.03 %),37900,475645000,4400,55220000,177834061,0.46
29/08/2022,-98500,-1196775000,12.15(-3.57 %),11500,139725000,110000,1336500000,177844161,0.46
30/08/2022,-262800,-3101040000,11.8(-3.28 %),4000,47200000,266800,3148240000,177844561,0.46
31/08/2022,-41400,-492660000,11.9(0.85 %),0,0,41400,492660000,177954561,0.43
05/09/2022,-4800,-56400000,11.75(-1.26 %),0,0,4800,56400000,178221361,0.35
06/09/2022,-28700,-337225000,11.75(-0.42 %),0,0,28700,337225000,178262761,0.34
07/09/2022,-3100,-34100000,11(-6.78 %),0,0,3100,34100000,178267561,0.34
08/09/2022,-33000,-346500000,10.5(-4.55 %),0,0,33000,346500000,178296261,0.33
09/09/2022,-10000,-109000000,10.9(3.81 %),0,0,10000,109000000,178299361,0.33
12/09/2022,-2,-109000000,10.8(-0.92 %),0,0,2,109000000,178332361,0.32
13/09/2022,3991,32100000,10.75(-0.46 %),4000,32100000,9,0,178338361,0.32
14/09/2022,14094,32100000,10.8(0.00 %),14094,32100000,0,0,178324269,0.32
15/09/2022,0,152215200,10.8(0.00 %),0,152215200,0,0,0,0.32
16/09/2022,4000,41400000,10.35(-4.17 %),4000,41400000,0,0,178320278,0.33
19/09/2022,-2300,-22149000,9.63(-7.40 %),10100,97263000,12400,119412000,178322578,0.0
20/09/2022,113700,1142685000,10.05(4.69 %),115200,1157760000,1500,15075000,178194978,0.36
21/09/2022,4000,40200000,10.05(-0.50 %),4000,40200000,0,0,178203378,0.36
22/09/2022,7300,74095000,10.15(0.50 %),8500,86275000,1200,12180000,178196378,0.36
23/09/2022,13800,138000000,10(-1.96 %),13800,138000000,0,0,178182578,0.36
26/09/2022,-42400,-401528000,9.47(-5.30 %),27800,263266000,70200,664794000,178155978,0.37
27/09/2022,50700,477594000,9.42(-0.84 %),53500,503970000,2800,26376000,178102478,0.39
28/09/2022,43600,412020000,9.45(0.53 %),63300,598185000,19700,186165000,178109378,0.38
29/09/2022,-54113,-495133950,9.15(-3.68 %),13000,118950000,67113,614083950,178099178,0.39
30/09/2022,45800,418612000,9.14(-0.65 %),79800,729372000,34000,310760000,178039078,0.4
03/10/2022,-9300,-79143000,8.51(-6.48 %),17400,148074000,26700,227217000,178088791,0.39
04/10/2022,142100,1136800000,8(-5.88 %),151200,1209600000,9100,72800000,177971591,0.42
05/10/2022,305800,2617648000,8.56(7.00 %),305800,2617648000,0,0,177692491,0.5
06/10/2022,-17000,-136000000,8(-6.98 %),20600,164800000,37600,300800000,177680991,0.5
07/10/2022,120500,896520000,7.44(-7.00 %),123500,918840000,3000,22320000,177558691,0.53
10/10/2022,270700,2049199000,7.57(2.30 %),270700,2049199000,0,0,177325591,0.6
11/10/2022,-127600,-899580000,7.05(-7.24 %),13000,91650000,140600,991230000,177315591,0.6
12/10/2022,141096,996137760,7.06(-0.56 %),142000,1002520000,904,6382240,177173591,0.64
13/10/2022,54300,388245000,7.15(0.70 %),64400,460460000,10100,72215000,177249791,0.62
14/10/2022,69900,517959000,7.41(2.92 %),69900,517959000,0,0,177180795,0.64
17/10/2022,37700,278226000,7.38(-0.27 %),41700,307746000,4000,29520000,177149195,0.65
18/10/2022,141700,1115179000,7.87(6.35 %),141700,1115179000,0,0,177007495,0.68
19/10/2022,600,7499000,7.8(-1.27 %),47500,374797000,46900,367298000,177006895,0.63
20/10/2022,-39400,-300226000,7.5(-3.85 %),9100,69215000,48500,369441000,177006395,0.63
21/10/2022,10800,80307000,6.98(-6.93 %),40000,287751000,29200,207444000,176947095,0.65
24/10/2022,166800,1112482000,6.5(-7.14 %),166800,1112482000,0,0,176797995,0.69
25/10/2022,225700,1305111000,6.03(0.50 %),240600,1392309000,14900,87198000,176572295,0.74
26/10/2022,-22300,-135061000,5.62(-6.33 %),28500,165950000,50800,301011000,176643095,0.73
27/10/2022,190900,1114551000,6.01(7.32 %),193500,1129111000,2600,14560000,176435195,0.84
28/10/2022,-91000,-564200000,6.2(3.33 %),0,0,91000,564200000,176485995,0.83
31/10/2022,-24200,-147620000,6.1(-1.61 %),15200,92720000,39400,240340000,176473395,0.83
01/11/2022,100200,631260000,6.3(3.28 %),106000,667800000,5800,36540000,176467395,0.83
02/11/2022,-49848,-308060640,6.18(-1.90 %),8752,54087360,58600,362148000,176498043,0.82
03/11/2022,8300,50215000,6.05(-2.42 %),17100,103455000,8800,53240000,176486743,0.83
04/11/2022,-123100,-693053000,5.63(-7.70 %),3000,16890000,126100,709943000,176542343,0.81
07/11/2022,-40600,-212744000,5.24(-6.43 %),4200,22008000,44800,234752000,176546943,0.81
08/11/2022,221600,1150104000,5.19(-0.19 %),229300,1190067000,7700,39963000,176443743,0.84
09/11/2022,-14900,-76735000,5.15(-0.96 %),26000,133900000,40900,210635000,176462543,0.83
10/11/2022,-15500,-74245000,4.79(-7.88 %),30100,144179000,45600,218424000,176440143,0.84
11/11/2022,122077,544463420,4.46(-7.08 %),122077,544463420,0,0,176358966,0.86
14/11/2022,160600,666490000,4.15(-7.78 %),163900,680185000,3300,13695000,176240666,0.89
15/11/2022,33900,130854000,3.86(-8.10 %),33900,130854000,0,0,176206766,0.9
16/11/2022,461400,1905582000,4.13(5.90 %),461500,1905995000,100,413000,175748566,1.03
17/11/2022,290800,1282428000,4.41(7.56 %),300000,1323000000,9200,40572000,175448566,1.11
18/11/2022,6000,28260000,4.71(7.05 %),211900,998049000,205900,969789000,175236766,1.17
21/11/2022,-222000,-1110000000,5(6.38 %),20800,104000000,242800,1214000000,189374343,1.14
22/11/2022,-147300,-752703000,5.11(2.20 %),32400,165564000,179700,918267000,189547843,1.09
23/11/2022,-57800,-281486000,4.87(-4.51 %),130000,633100000,187800,914586000,189660643,1.06
24/11/2022,104800,521904000,4.98(2.26 %),118100,588138000,13300,66234000,189722243,1.05
25/11/2022,104200,554344000,5.32(6.40 %),180900,962388000,76700,408044000,189729143,1.05
28/11/2022,0,554344000,5.69(7.36 %),0,962388000,0,408044000,189729143,1.05
29/11/2022,-209100,-1271328000,6.08(6.67 %),4600,27968000,213700,1299296000,189938243,0.99
30/11/2022,-138600,-875952000,6.32(3.61 %),18300,115656000,156900,991608000,190076843,0.96
01/12/2022,-143800,-920320000,6.4(1.59 %),6500,41600000,150300,961920000,189789743,1.03
02/12/2022,92875,612975000,6.6(3.12 %),120377,794488200,27502,181513200,189696868,1.06
05/12/2022,-414150,-2691975000,6.5(-1.52 %),20711,134621500,434861,2826596500,190111018,0.0
06/12/2022,-148512,-898497600,6.05(-6.92 %),12000,72600000,160512,971097600,190259530,0.0
07/12/2022,-314800,-1772324000,5.63(-7.70 %),249500,1404685000,564300,3177009000,190574330,0.83
08/12/2022,108400,652568000,6.02(7.50 %),142600,858452000,34200,205884000,190388330,0.88
09/12/2022,-186600,-1104672000,5.92(-1.33 %),18500,109520000,205100,1214192000,190934130,0.74
12/12/2022,129040,723914400,5.61(-4.92 %),160500,900405000,31460,176490600,190523490,0.85
13/12/2022,62700,371811000,5.93(5.89 %),89900,533107000,27200,161296000,190460790,0.86
14/12/2022,-5300,-33602000,6.34(7.46 %),0,0,5300,33602000,190466090,0.86
15/12/2022,259300,1685450000,6.5(3.17 %),340900,2215850000,81600,530400000,190206790,0.0
16/12/2022,-35000,-229600000,6.56(0.92 %),35500,232880000,70500,462480000,190241790,0.0
19/12/2022,-203000,-1240330000,6.11(-7.42 %),14800,90428000,217800,1330758000,190444790,0.87
20/12/2022,189300,1120656000,5.92(-2.95 %),293500,1737520000,104200,616864000,190255490,0.91
21/12/2022,-376400,-2183120000,5.8(-1.69 %),83700,485460000,460100,2668580000,190631890,0.0
22/12/2022,-348000,-1983600000,5.7(-1.72 %),18800,107160000,366800,2090760000,190979890,0.0
23/12/2022,-245200,-1373120000,5.6(-1.75 %),3000,16800000,248200,1389920000,191225090,0.0
26/12/2022,-133385,-694935850,5.21(-6.96 %),21815,113656150,155200,808592000,191358475,0.64
27/12/2022,241300,1327150000,5.5(5.77 %),246600,1356300000,5300,29150000,191117175,0.7
28/12/2022,-190600,-1065454000,5.59(1.64 %),19700,110123000,210300,1175577000,191307775,0.65
29/12/2022,-49400,-276640000,5.6(0.00 %),4300,24080000,53700,300720000,191614075,0.57
30/12/2022,-79800,-438900000,5.5(-1.79 %),23900,131450000,103700,570350000,191800475,0.52
03/01/2023,118300,695604000,5.88(6.91 %),165500,973140000,47200,277536000,191634975,0.57
04/01/2023,-132400,-770568000,5.82(-1.36 %),3000,17460000,135400,788028000,191789375,0.53
05/01/2023,-14100,-82062000,5.82(0.34 %),50500,293910000,64600,375972000,191786075,0.53
06/01/2023,-95400,-534240000,5.6(-3.45 %),3000,16800000,98400,551040000,191918475,0.49
09/01/2023,-18400,-103040000,5.6(0.00 %),25500,142800000,43900,245840000,191957575,0.48
10/01/2023,-18000,-100800000,5.6(0.00 %),52600,294560000,70600,395360000,192003375,0.47
11/01/2023,27500,156750000,5.7(1.79 %),27500,156750000,0,0,192019775,0.47
12/01/2023,0,156750000,5.69(-0.18 %),0,156750000,0,0,192090375,0.45
13/01/2023,-49300,-276573000,5.61(-1.58 %),0,0,49300,276573000,192090375,0.45
16/01/2023,-24100,-133273000,5.53(-1.25 %),800,4424000,24900,137697000,192089575,0.45
17/01/2023,79600,453720000,5.7(3.64 %),79600,453720000,0,0,192059275,0.46
18/01/2023,23308,141945720,6.09(6.84 %),23308,141945720,0,0,192060867,0.46
19/01/2023,-16500,-100650000,6.1(0.00 %),3700,22570000,20200,123220000,192057167,0.46
27/01/2023,11900,73780000,6.2(1.64 %),51600,319920000,39700,246140000,192005567,0.47
30/01/2023,-17500,-111650000,6.38(2.90 %),2000,12760000,19500,124410000,192023767,0.47
31/01/2023,-43300,-279285000,6.45(0.78 %),0,0,43300,279285000,192063467,0.46
01/02/2023,-17700,-106200000,6(-7.69 %),28100,168600000,45800,274800000,192054867,0.46
02/02/2023,-52600,-308236000,5.86(-2.33 %),3700,21682000,56300,329918000,192094467,0.45
03/02/2023,-72200,-433200000,6(1.69 %),200,1200000,72400,434400000,192140067,0.44
06/02/2023,31600,199080000,6.3(5.00 %),42000,264600000,10400,65520000,192154367,0.43
07/02/2023,93000,566370000,6.09(-3.33 %),93000,566370000,0,0,192133767,0.44
08/02/2023,47203,292658600,6.2(1.64 %),47300,293260000,97,601400,192096867,0.45
09/02/2023,600,3648000,6.08(-1.94 %),14100,85728000,13500,82080000,192082767,0.45
10/02/2023,-18600,-108810000,5.85(-4.10 %),75900,444015000,94500,552825000,192006964,0.47
13/02/2023,-41800,-229900000,5.5(-6.78 %),10500,57750000,52300,287650000,192009964,0.47
14/02/2023,0,-229900000,5.53(0.55 %),0,57750000,0,287650000,192104464,0.45
15/02/2023,-5800,-33930000,5.85(6.36 %),2000,11700000,7800,45630000,192154764,0.43
16/02/2023,16500,97350000,5.9(0.00 %),29100,171690000,12600,74340000,192125664,0.44
17/02/2023,40300,245024000,6.08(3.05 %),40300,245024000,0,0,192093164,0.45
20/02/2023,-100,-650000,6.5(6.56 %),0,0,100,650000,192105764,0.45
21/02/2023,4500,29835000,6.63(2.00 %),66600,441558000,62100,411723000,192039164,0.46
22/02/2023,97000,656690000,6.77(2.58 %),225300,1525281000,128300,868591000,191813964,0.52
23/02/2023,-12000,-80880000,6.74(-0.88 %),23700,159738000,35700,240618000,191852364,0.51
24/02/2023,277402,1939039980,6.99(4.33 %),289902,2026414980,12500,87375000,191574962,0.58
27/02/2023,71900,503300000,7(0.00 %),136300,954100000,64400,450800000,191590162,0.58
28/02/2023,-240100,-1563051000,6.51(-7.00 %),2000,13020000,242100,1576071000,191600662,0.57
01/03/2023,109700,721826000,6.58(1.23 %),164100,1079778000,54400,357952000,191500962,0.6
02/03/2023,-23518,-155689160,6.62(0.30 %),45000,297900000,68518,453589160,191698062,0.55
03/03/2023,37300,233125000,6.25(-5.30 %),54800,342500000,17500,109375000,191697662,0.55
06/03/2023,74200,495656000,6.68(6.03 %),81600,545088000,7400,49432000,191684580,0.55
07/03/2023,-79190,-517902600,6.54(-2.39 %),23210,151793400,102400,669696000,191678870,0.55
08/03/2023,75200,509856000,6.78(4.31 %),75300,510534000,100,678000,191610970,0.57
09/03/2023,-20100,-134268000,6.68(-1.76 %),0,0,20100,134268000,191713370,0.55
10/03/2023,-158700,-1033137000,6.51(-2.84 %),15600,101556000,174300,1134693000,191697870,0.55
13/03/2023,-353000,-2315680000,6.56(0.92 %),46400,304384000,399400,2620064000,192050870,0.0
14/03/2023,-23300,-147256000,6.32(-4.24 %),100,632000,23400,147888000,191845770,0.51
15/03/2023,-31700,-212390000,6.7(6.35 %),3600,24120000,35300,236510000,192241570,0.41
16/03/2023,-2400,-15576000,6.49(-3.13 %),7900,51271000,10300,66847000,192257070,0.41
17/03/2023,34000,220320000,6.48(-0.31 %),34000,220320000,0,0,192258370,0.41
20/03/2023,-300,-1920000,6.4(-1.54 %),100,640000,400,2560000,192268570,0.41
21/03/2023,11200,1939039980,6.44(0.62 %),14200,2026414980,3000,87375000,192254370,0.41
22/03/2023,0,0,6.5(1.56 %),0,0,0,0,192254370,0.41
23/03/2023,3100,20053000,6.5(0.00 %),3100,20053000,0,0,192251270,0.41
24/03/2023,-27700,-185485000,6.66(2.46 %),3000,20040000,30700,205525000,192278970,0.4
27/03/2023,22200,148962000,6.71(0.15 %),29800,199958000,7600,50996000,192256770,0.0
28/03/2023,-11300,-75710000,6.7(0.00 %),10000,67000000,21300,142710000,192268070,0.0
29/03/2023,5500,36795000,6.69(-0.15 %),5500,36795000,0,0,192244670,0.41
30/03/2023,-51100,-341859000,6.69(-0.15 %),0,0,51100,341859000,192265970,0.41
31/03/2023,17000,115600000,6.8(1.49 %),18000,122400000,1000,6800000,192247970,0.41
03/04/2023,24690,179496300,7.27(6.91 %),40700,295889000,16010,116392700,192258370,0.41
04/04/2023,1300,9620000,7.4(1.37 %),16800,124320000,15500,114700000,192242570,0.41
05/04/2023,-19800,-147906000,7.47(0.95 %),0,0,19800,147906000,192258580,0.41
06/04/2023,127600,953172000,7.47(-0.40 %),142200,1062234000,14600,109062000,192131880,0.44
07/04/2023,27000,210600000,7.8(4.00 %),88300,688740000,61300,478140000,192063380,0.46
10/04/2023,-800,-6160000,7.7(-1.28 %),200,1540000,1000,7700000,192077780,0.45
11/04/2023,6000,46440000,7.74(0.52 %),6000,46440000,0,0,192133080,0.44
12/04/2023,-122366,-947112840,7.74(0.52 %),9000,69660000,131366,1016772840,192125080,0.44
13/04/2023,-1800,-13554000,7.53(-2.21 %),1200,9036000,3000,22590000,192123880,0.44
14/04/2023,-73300,-513833000,7.01(-6.53 %),3000,21030000,76300,534863000,192252246,0.41
17/04/2023,301800,2139762000,7.09(1.29 %),344800,2444632000,43000,304870000,191910446,0.5
18/04/2023,134900,986119000,7.31(2.96 %),160800,1175448000,25900,189329000,191825946,0.52
19/04/2023,14000,99120000,7.08(-3.01 %),14000,99120000,0,0,191854946,0.51
20/04/2023,-106600,-752187000,7.01(-1.27 %),5000,35400000,111600,787587000,191961546,0.48
21/04/2023,-9040,-64093600,7.09(1.29 %),700,4963000,9740,69056600,191875146,0.51
24/04/2023,-118445,-868201850,7.33(3.24 %),0,0,118445,868201850,191986746,0.48
25/04/2023,-282800,-2036160000,7.2(-1.37 %),5100,36720000,287900,2072880000,191991386,0.48
26/04/2023,-35500,-258795000,7.29(1.25 %),15200,110808000,50700,369603000,192094631,0.45
27/04/2023,19000,142141000,7.59(4.12 %),22500,168996000,3500,26855000,192075631,0.45
28/04/2023,-700,-5370000,7.62(0.40 %),0,0,700,5370000,192076331,0.45
04/05/2023,-9200,-70404000,7.45(-2.23 %),3000,22530000,12200,92934000,192410731,0.37
05/05/2023,-14100,-106263000,7.32(-1.74 %),8300,60852000,22400,167115000,192403631,0.37
08/05/2023,242700,1828192000,7.58(3.55 %),242700,1828192000,0,0,192173131,0.43
09/05/2023,11800,89146000,7.47(-1.71 %),12300,92916000,500,3770000,192183231,0.43
10/05/2023,316400,2473788000,7.8(4.00 %),324800,2539515000,8400,65727000,191866831,0.51
11/05/2023,-112300,-909476000,8.02(2.82 %),0,0,112300,909476000,191858931,0.51
12/05/2023,82800,655988000,8.04(0.50 %),102000,808139000,19200,152151000,191765361,0.53
15/05/2023,-285700,-2282705000,7.75(-3.61 %),29700,231891000,315400,2514596000,192051061,0.46
16/05/2023,16500,131053000,7.78(0.39 %),64700,506267000,48200,375214000,192034561,0.46
17/05/2023,-69700,-550694000,7.76(-0.26 %),0,0,69700,550694000,192104261,0.45
18/05/2023,-7000,-46565000,7.77(0.13 %),88600,695542000,95600,742107000,192111261,0.45
19/05/2023,-111700,-866496000,7.66(-1.42 %),10100,76908000,121800,943404000,192222961,0.42
22/05/2023,86800,684844000,7.95(3.79 %),86800,684844000,0,0,192136161,0.44
23/05/2023,-111700,-880512000,7.81(-1.76 %),0,0,111700,880512000,192247861,0.41
24/05/2023,0,0,7.84(0.38 %),0,0,0,0,192247861,0.41
25/05/2023,3100,24273000,7.75(-1.15 %),3100,24273000,0,0,192244761,0.41
26/05/2023,133000,1049135000,7.9(1.94 %),165400,1303151000,32400,254016000,192111761,0.45
29/05/2023,182200,1491166000,8.2(3.80 %),184700,1511516000,2500,20350000,191929561,0.49
30/05/2023,-85800,-702155000,8.12(-0.98 %),5100,41983000,90900,744138000,192015361,0.47
31/05/2023,-46900,-381291000,8.13(0.12 %),5600,45920000,52500,427211000,192062261,0.46
01/06/2023,-148600,-1227779000,8.26(1.60 %),17300,141842000,165900,1369621000,192050469,0.46
02/06/2023,-133200,-1092176000,8.15(-1.33 %),1500,12240000,134700,1104416000,192183669,0.43
05/06/2023,2000,16180000,8.04(-1.35 %),2000,16180000,0,0,192181669,0.43
06/06/2023,125500,1014979000,8.13(1.12 %),125500,1014979000,0,0,192056169,0.46
07/06/2023,-3700,-30160000,8.28(1.85 %),18500,152444000,22200,182604000,192059869,0.46
08/06/2023,16100,133469000,8.1(-2.17 %),16100,133469000,0,0,192043769,0.46
09/06/2023,-88400,-713841000,8.08(-0.25 %),6200,50060000,94600,763901000,192132169,0.44
12/06/2023,-30700,-248274000,8.14(0.74 %),9000,72840000,39700,321114000,192162869,0.43
13/06/2023,57800,474256000,8.15(0.12 %),77100,632122000,19300,157866000,192105069,0.45
14/06/2023,-7700,-63040000,8.05(-1.23 %),3000,24432000,10700,87472000,192112769,0.45
15/06/2023,9600,77392000,8.03(-0.25 %),9600,77392000,0,0,192103169,0.45
16/06/2023,-45700,-367534000,8(0.00 %),30000,242900000,75700,610434000,192365178,0.38
19/06/2023,-4400,-34506000,7.75(-3.12 %),1600,12594000,6000,47100000,192363578,0.38
20/06/2023,32900,259763000,7.99(2.44 %),32900,259763000,0,0,192330678,0.39
21/06/2023,-17400,-139200000,8.01(0.12 %),600,4800000,18000,144000000,192411758,0.37
22/06/2023,41100,334690000,8.16(1.87 %),42100,342820000,1000,8130000,192370658,0.38
23/06/2023,-20800,-169252000,8.19(-0.12 %),26800,219836000,47600,389088000,192391458,0.37
26/06/2023,-13200,-107283000,8.05(-1.83 %),22800,183796000,36000,291079000,192339058,0.39
27/06/2023,-4600,-37843000,8.03(-0.86 %),32100,258142000,36700,295985000,192343658,0.39
28/06/2023,-4700,-38673000,8.14(1.75 %),100,819000,4800,39492000,192348358,0.39
29/06/2023,-37500,-305471000,8.03(-0.86 %),0,0,37500,305471000,192385858,0.38
30/06/2023,3900,31315000,7.96(-0.50 %),3900,31315000,0,0,192381958,0.38
03/07/2023,0,0,7.9(-1.25 %),0,0,0,0,192427998,0.37
04/07/2023,0,0,7.97(0.89 %),0,0,0,0,192427998,0.37
05/07/2023,500,4005000,8(0.00 %),500,4005000,0,0,192427498,0.37
06/07/2023,4200,33116000,7.85(-1.88 %),4200,33116000,0,0,192460749,0.36
07/07/2023,23000,180401000,7.87(-0.38 %),27700,217084000,4700,36683000,192433049,0.36
10/07/2023,45800,368272000,8(1.27 %),48000,385920000,2200,17648000,192387249,0.38
11/07/2023,51500,413120000,8(0.00 %),53500,429190000,2000,16070000,192335749,0.39
12/07/2023,-4800,-38262000,7.94(-0.75 %),0,0,4800,38262000,192340549,0.39
13/07/2023,-11900,-95640000,8.17(3.42 %),0,0,11900,95640000,192352449,0.38
14/07/2023,2300,18061000,8.22(0.24 %),7300,59161000,5000,41100000,192337949,0.39
17/07/2023,316000,2727455000,8.63(5.24 %),326000,2813765000,10000,86310000,192021949,0.47
18/07/2023,-78200,-665926000,8.51(-1.05 %),14500,123497000,92700,789423000,192100149,0.45
19/07/2023,115800,984705000,8.3(-2.35 %),115800,984705000,0,0,191908594,0.5
20/07/2023,119500,996013000,8.41(1.33 %),119500,996013000,0,0,191789094,0.53
21/07/2023,84800,723750000,8.8(4.76 %),87800,749650000,3000,25900000,191704294,0.55
24/07/2023,-372500,-3313574000,8.9(1.14 %),45000,398000000,417500,3711574000,191748994,0.54
25/07/2023,164300,1465085000,8.9(0.00 %),172200,1535079000,7900,69994000,191579894,0.58
26/07/2023,160300,1420881000,8.87(-0.34 %),160300,1420881000,0,0,191419594,0.62
27/07/2023,-34600,-309719000,9(1.12 %),55900,501126000,90500,810845000,191454194,0.61
28/07/2023,-32600,-293980000,9.05(0.56 %),2600,23586000,35200,317566000,191486794,0.6
31/07/2023,-114500,-1020502000,8.85(-2.75 %),18400,163755000,132900,1184257000,191601294,0.57
01/08/2023,-245600,-2168436000,8.58(-3.60 %),17800,157004000,263400,2325440000,191864544,0.51
02/08/2023,249300,2170958000,8.8(2.33 %),303200,2636695000,53900,465737000,191615244,0.57
03/08/2023,-110900,-973980000,8.6(-2.27 %),7500,64550000,118400,1038530000,191726144,0.54
04/08/2023,98400,884598000,8.9(3.49 %),154400,1381522000,56000,496924000,191866948,0.51
07/08/2023,-135500,-1209351000,8.93(0.34 %),0,0,135500,1209351000,192002448,0.47
08/08/2023,-131000,-1194888000,9.02(1.01 %),0,0,131000,1194888000,192133448,0.44
09/08/2023,25000,227509000,9(-0.22 %),42000,380339000,17000,152830000,192108448,0.45
10/08/2023,201900,1890059000,9.3(3.33 %),220700,2063621000,18800,173562000,191906548,0.5
11/08/2023,-163300,-1500042000,9.3(0.00 %),0,0,163300,1500042000,192069848,0.46
14/08/2023,45400,433316000,9.53(2.47 %),45400,433316000,0,0,192035548,0.46
15/08/2023,-60700,-575849000,9.4(-1.05 %),42000,398022000,102700,973871000,192156848,0.43
16/08/2023,-40500,-376499000,9.26(-1.49 %),14300,132827000,54800,509326000,192142548,0.44
17/08/2023,-69900,-642572000,9.16(-1.51 %),30800,287003000,100700,929575000,192212448,0.42
18/08/2023,-39000,-371810000,8.52(-7.39 %),47500,404900000,86500,776710000,192221748,0.42
21/08/2023,98700,817263000,8.12(-4.47 %),167000,1375590000,68300,558327000,192155456,0.43
22/08/2023,207900,1657979000,8.06(-0.49 %),234000,1869610000,26100,211631000,192007956,0.47
23/08/2023,0,0,8.1(0.50 %),0,0,0,0,192076256,0.45
24/08/2023,-83300,-680834000,8.45(4.32 %),1000,8130000,84300,688964000,192159556,0.43
25/08/2023,-262100,-2199809000,8.39(-0.71 %),1000,8310000,263100,2208119000,192100356,0.45
28/08/2023,11700,99399000,8.49(1.19 %),31700,266199000,20000,166800000,192088656,0.45
29/08/2023,-66600,-573571000,8.55(0.71 %),500,4365000,67100,577936000,192415564,0.37
30/08/2023,2000,16810000,8.5(-0.58 %),2000,16810000,0,0,192413564,0.37
31/08/2023,-14000,-121240000,8.63(1.53 %),0,0,14000,121240000,192500664,0.35
05/09/2023,38500,339383000,8.76(1.51 %),54300,478433000,15800,139050000,192446364,0.36
06/09/2023,91300,812010000,8.94(2.05 %),98100,872724000,6800,60714000,192355064,0.38
07/09/2023,-5000,-45570000,9(0.67 %),1000,8980000,6000,54550000,192377064,0.38
08/09/2023,25400,233833000,9.12(1.33 %),36300,331945000,10900,98112000,192347564,0.39
11/09/2023,-82400,-753501000,8.7(-4.61 %),6000,53170000,88400,806671000,192347564,0.39
12/09/2023,73800,645298000,8.82(1.38 %),75800,662778000,2000,17480000,192282664,0.4
13/09/2023,-34400,-305926000,8.68(-1.59 %),13000,114230000,47400,420156000,192358064,0.38
14/09/2023,-12600,-108930000,8.39(-3.34 %),3000,25230000,15600,134160000,192357064,0.38
15/09/2023,-53900,-454140000,8.4(0.12 %),6400,53760000,60300,507900000,192398064,0.37
18/09/2023,0,0,8.24(-1.90 %),0,0,0,0,192398064,0.37
19/09/2023,3000,24720000,8.26(0.24 %),3000,24720000,0,0,192407664,0.37
20/09/2023,5500,46744000,8.56(3.63 %),5500,46744000,0,0,192402164,0.37
21/09/2023,-28300,-242395000,8.41(-1.75 %),0,0,28300,242395000,192430464,0.36
22/09/2023,1300,10903000,8(-4.88 %),6000,49020000,4700,38117000,192459064,0.36
25/09/2023,6100,41841000,7.45(-6.88 %),14000,105430000,7900,63589000,192473364,0.35
26/09/2023,93500,698167000,7.4(-0.67 %),96400,719833000,2900,21666000,192381664,0.38
27/09/2023,14300,105252000,7.51(1.49 %),14300,105252000,0,0,192367364,0.38
28/09/2023,2300,16969000,7.37(-1.86 %),2300,16969000,0,0,192365064,0.38
29/09/2023,-95400,-712444000,7.4(0.41 %),0,0,95400,712444000,192375864,0.38
02/10/2023,15900,118822000,7.48(1.08 %),15900,118822000,0,0,192359964,0.38
03/10/2023,10900,75978000,6.96(-6.95 %),25100,180489000,14200,104511000,192430264,0.36
04/10/2023,52400,366468000,6.99(0.43 %),62800,438727000,10400,72259000,192377864,0.38
05/10/2023,2400,16016000,6.8(-2.72 %),6300,43240000,3900,27224000,192375364,0.38
06/10/2023,43500,298849000,6.83(0.44 %),44500,305649000,1000,6800000,192331864,0.39
09/10/2023,-17700,-120581000,6.98(2.20 %),52200,362416000,69900,482997000,192349564,0.39
10/10/2023,-15400,-109100000,7.11(1.86 %),0,0,15400,109100000,192293964,0.4
11/10/2023,-28700,-203541000,7.13(0.28 %),0,0,28700,203541000,192363864,0.38
12/10/2023,-9900,-71335000,7.19(0.84 %),0,0,9900,71335000,192379264,0.38
13/10/2023,19900,141346000,7.17(-0.28 %),19900,141346000,0,0,192388064,0.38
16/10/2023,3000,21360000,7.07(-1.39 %),3000,21360000,0,0,192394964,0.37
17/10/2023,20100,138690000,6.9(-2.40 %),20100,138690000,0,0,192374864,0.38
18/10/2023,7500,47489000,6.6(-4.35 %),23500,157670000,16000,110181000,192351364,0.38
19/10/2023,6100,38950000,6.41(-2.88 %),11100,71900000,5000,32950000,192340264,0.39
20/10/2023,25500,163507000,6.56(2.34 %),34500,222277000,9000,58770000,192321764,0.39
23/10/2023,0,0,6.58(0.30 %),0,0,0,0,192326764,0.39
24/10/2023,-8500,-54337000,6.72(2.13 %),23600,157907000,32100,212244000,192335264,0.39
25/10/2023,-67600,-456015000,6.69(-0.45 %),0,0,67600,456015000,192312164,0.39
26/10/2023,1300,8156000,6.23(-6.88 %),5000,31310000,3700,23154000,192339264,0.39
27/10/2023,9400,58900000,6.3(1.12 %),35300,219697000,25900,160797000,192371564,0.38
30/10/2023,11200,70371000,5.87(-6.83 %),11200,70371000,0,0,192364064,0.38
31/10/2023,130900,777797000,5.8(-1.19 %),130900,777797000,0,0,192259064,0.41
01/11/2023,100400,590774000,6(3.45 %),100400,590774000,0,0,192158664,0.43
02/11/2023,51400,325726000,6.42(7.00 %),59100,373505000,7700,47779000,192107264,0.45
03/11/2023,-13400,-85452000,6.39(-0.47 %),37300,239219000,50700,324671000,192120664,0.44
06/11/2023,17700,115114000,6.47(1.25 %),42100,271142000,24400,156028000,192102964,0.45
07/11/2023,18500,119841000,6.37(-1.55 %),34600,222921000,16100,103080000,192084464,0.45
08/11/2023,115100,754393000,6.81(6.91 %),143100,941112000,28000,186719000,191925264,0.49
09/11/2023,-26200,-185220000,7(2.79 %),61600,431074000,87800,616294000,191879764,0.5
10/11/2023,15400,108976000,6.91(-1.29 %),45600,320008000,30200,211032000,191862164,0.51
13/11/2023,-68500,-475059000,6.9(-0.14 %),5100,35243000,73600,510302000,191944864,0.49
14/11/2023,-73300,-510159000,6.9(0.00 %),0,0,73300,510159000,192003964,0.47
15/11/2023,-24900,-169170000,6.92(0.29 %),50400,355514000,75300,524684000,192028864,0.47
16/11/2023,0,0,7.05(1.88 %),0,0,0,0,192028864,0.47
17/11/2023,-117200,-840102000,7.1(0.71 %),0,0,117200,840102000,192042464,0.46
20/11/2023,-26500,-185302000,7.12(0.28 %),24000,169229000,50500,354531000,192018464,0.47
21/11/2023,-97500,-694635000,7.12(0.00 %),3000,21260000,100500,715895000,192132664,0.44
22/11/2023,-3400,-24276000,7.23(1.54 %),0,0,3400,24276000,192183164,0.43
23/11/2023,-68200,-495318000,7(-3.18 %),2000,14460000,70200,509778000,192251364,0.41
24/11/2023,-27500,-189678000,6.95(-0.71 %),13400,92976000,40900,282654000,192278864,0.4
27/11/2023,5700,39127000,6.85(-1.44 %),12100,83825000,6400,44698000,192273164,0.4
28/11/2023,21200,143788000,6.87(0.29 %),23700,161036000,2500,17248000,192251964,0.41
29/11/2023,0,0,6.88(0.15 %),0,0,0,0,192251964,0.41
30/11/2023,300,2067000,6.92(0.58 %),300,2067000,0,0,192251664,0.41
01/12/2023,5700,39482000,6.96(0.58 %),11800,81490000,6100,42008000,192355564,0.38
04/12/2023,72100,512759000,7.17(3.02 %),72100,512759000,0,0,192283464,0.4
05/12/2023,-7900,-57029000,7.19(0.28 %),0,0,7900,57029000,192291364,0.4
06/12/2023,500,3809000,7.42(3.20 %),7000,51844000,6500,48035000,192290864,0.4
07/12/2023,-70300,-529500000,7.5(1.08 %),9000,67936000,79300,597436000,192361164,0.38
08/12/2023,6600,49458000,7.34(-2.13 %),6600,49458000,0,0,192354564,0.38
11/12/2023,3000,21930000,7.28(-0.82 %),3000,21930000,0,0,192351564,0.38
12/12/2023,-10900,-81074000,7.41(1.79 %),0,0,10900,81074000,192362464,0.38
13/12/2023,0,0,7.2(-2.83 %),0,0,0,0,192362464,0.38
14/12/2023,2200,15912000,7.15(-0.69 %),4000,29016000,1800,13104000,192360264,0.38
15/12/2023,66100,474058000,7.1(-0.70 %),66100,474058000,0,0,192294164,0.4
18/12/2023,47200,334071000,7(-1.41 %),47200,334071000,0,0,192246964,0.41
19/12/2023,13000,90060000,7.01(0.14 %),13000,90060000,0,0,192233964,1.41
20/12/2023,-22800,-160030000,7.12(1.57 %),2400,16912000,25200,176942000,192256764,1.41
21/12/2023,300,2142000,7.18(0.84 %),300,2142000,0,0,192256464,1.41
22/12/2023,-73900,-529803000,7.13(-0.70 %),0,0,73900,529803000,192330364,1.39
25/12/2023,59700,429054000,7.21(1.12 %),59700,429054000,0,0,192270664,1.41
26/12/2023,18300,132224000,7.25(0.55 %),18800,135829000,500,3605000,192252364,1.41
27/12/2023,-10400,-74965000,7.16(-1.24 %),0,0,10400,74965000,192262764,1.41
28/12/2023,-31600,-226168000,7.09(-0.98 %),0,0,31600,226168000,192294364,1.4
29/12/2023,-4700,-34035000,7.4(4.37 %),1100,7801000,5800,41836000,192299064,1.4
02/01/2024,-48600,-351347000,7.25(-2.03 %),6000,43550000,54600,394897000,196238192,0.4
03/01/2024,7600,55320000,7.28(0.41 %),7600,55320000,0,0,196204986,0.41
04/01/2024,29600,217890000,7.32(0.55 %),37600,276610000,8000,58720000,196175386,0.42
05/01/2024,-6600,-48114000,7.28(-0.55 %),0,0,6600,48114000,196181986,0.42
08/01/2024,51500,379683000,7.29(0.14 %),51500,379683000,0,0,196130486,0.43
09/01/2024,-40900,-298117000,7.27(-0.27 %),0,0,40900,298117000,196216480,0.41
10/01/2024,2900,20609000,7.15(-1.65 %),6000,42960000,3100,22351000,196210480,0.41
11/01/2024,0,0,7.15(0.00 %),0,0,0,0,196251400,0.4
12/01/2024,-62200,-443371000,6.99(-2.24 %),34000,238920000,96200,682291000,196224686,0.41
15/01/2024,2000,13970000,6.99(0.00 %),2000,13970000,0,0,196218480,0.41
16/01/2024,0,0,7.06(1.00 %),0,0,0,0,196314688,0.38
17/01/2024,-5000,-35400000,7.06(0.00 %),0,0,5000,35400000,196314688,0.38
18/01/2024,11100,78588000,7.12(0.85 %),11100,78588000,0,0,196216586,0.41
19/01/2024,0,0,7.07(-0.70 %),0,0,0,0,196216586,0.41
22/01/2024,0,0,7.1(0.42 %),0,0,0,0,196216586,0.41
23/01/2024,0,0,7.04(-0.85 %),0,0,0,0,196216586,0.41
24/01/2024,0,0,7.1(0.85 %),0,0,0,0,196216586,0.41
25/01/2024,-58000,-414700000,7.12(0.28 %),0,0,58000,414700000,196274586,0.39
26/01/2024,0,0,7.14(0.28 %),0,0,0,0,196274586,0.39
29/01/2024,121900,878200000,7.19(0.70 %),126900,914200000,5000,36000000,196239680,0.4
30/01/2024,-30200,-217611000,7.16(-0.42 %),0,0,30200,217611000,196239680,0.4
31/01/2024,0,0,7.1(-0.84 %),0,0,0,0,196244688,0.4
01/02/2024,25600,182792000,7.13(0.42 %),28800,205632000,3200,22840000,196244686,0.4
02/02/2024,11000,80040000,7.14(0.14 %),14000,101640000,3000,21600000,196246080,0.4
05/02/2024,-10700,-77157000,7.12(-0.28 %),1000,7150000,11700,84307000,196215586,0.41
06/02/2024,-2400,-17234000,7.09(-0.42 %),0,0,2400,17234000,196237280,0.4
07/02/2024,-14100,-100338000,7.08(-0.14 %),2000,14170000,16100,114508000,196246992,0.4
15/02/2024,75300,538275000,7.18(1.41 %),78300,559575000,3000,21300000,196171088,0.42
16/02/2024,1093593,8130099570,7.44(3.62 %),1124800,8366332000,31207,236232430,195062384,0.7
19/02/2024,0,0,7.42(-0.27 %),0,0,0,0,195065392,0.7
20/02/2024,-37600,-280008000,7.35(-0.94 %),22500,165971000,60100,445979000,195074100,0.7
21/02/2024,-303400,-2242826000,7.37(0.27 %),119300,878825000,422700,3121651000,194954800,0.73
22/02/2024,-134200,-993159000,7.38(0.14 %),48000,357445000,182200,1350604000,194954800,0.73
23/02/2024,-494400,-3629250000,7.16(-2.98 %),0,0,494400,3629250000,196032793,0.45
26/02/2024,-79800,-570141000,7.18(0.28 %),11800,83956000,91600,654097000,195560000,0.57
27/02/2024,-77000,-553189000,7.23(0.70 %),0,0,77000,553189000,196189593,0.41
28/02/2024,-47300,-341658000,7.2(-0.41 %),0,0,47300,341658000,196236893,0.4
29/02/2024,-11800,-85350000,7.19(-0.14 %),0,0,11800,85350000,196222992,0.41
01/03/2024,0,0,7.22(0.42 %),0,0,0,0,196222993,0.41
04/03/2024,170400,1255330000,7.4(2.49 %),174600,1286530000,4200,31200000,196052593,0.45
05/03/2024,0,0,7.38(-0.27 %),0,0,0,0,196107488,0.44
06/03/2024,206600,1550199000,7.42(0.54 %),213400,1601301000,6800,51102000,195845993,0.5
07/03/2024,-50900,-379945000,7.43(-0.67 %),0,0,50900,379945000,195896893,0.49
08/03/2024,-184000,-1342121000,7.24(-2.56 %),0,0,184000,1342121000,196080893,0.44
11/03/2024,-161400,-1168977000,7.2(-0.55 %),1000,7230000,162400,1176207000,196242293,0.4
12/03/2024,10400,74152000,7.14(-0.83 %),10400,74152000,0,0,196069600,0.45
13/03/2024,9500,69846000,7.26(1.68 %),69500,500741000,60000,430895000,196162493,0.42
14/03/2024,74900,547308000,7.27(0.14 %),74900,547308000,0,0,196087593,0.44
15/03/2024,32600,240618000,7.33(0.83 %),34600,255348000,2000,14730000,196054993,0.45
18/03/2024,1784100,13597421000,7.69(4.91 %),1943100,14802538000,159000,1205117000,194169888,0.93
19/03/2024,-133500,-1023162000,7.55(-1.82 %),0,0,133500,1023162000,194171888,0.92
20/03/2024,-100100,-751832000,7.55(0.00 %),500,3770000,100600,755602000,194504493,0.84
21/03/2024,-561000,-4261976000,7.76(2.78 %),309800,2407042000,870800,6669018000,195065493,0.7
22/03/2024,-862000,-6667622000,7.75(-0.13 %),0,0,862000,6667622000,195927493,0.48
25/03/2024,-150400,-1178431000,7.75(0.00 %),62700,490422000,213100,1668853000,195062800,0.7
26/03/2024,35300,279045000,7.82(0.90 %),68600,536992000,33300,257947000,195080493,0.7
27/03/2024,-100,-785000,7.78(-0.51 %),0,0,100,785000,196069328,0.45
28/03/2024,-92700,-718575000,7.7(-1.03 %),4800,37536000,97500,756111000,196097888,0.44
29/03/2024,-104400,-798965000,7.6(-1.30 %),0,0,104400,798965000,196097984,0.44
01/04/2024,320900,2472414000,7.8(2.63 %),322900,2487794000,2000,15380000,195872576,0.49
02/04/2024,188500,1462504000,7.84(0.51 %),206500,1602844000,18000,140340000,195909481,0.49
03/04/2024,609900,4866201000,8(2.04 %),687200,5493488000,77300,627287000,195085280,0.69
04/04/2024,-450100,-3571085000,7.9(-1.25 %),12200,96682000,462300,3667767000,195749681,0.53
05/04/2024,-192800,-1499759000,7.7(-2.53 %),13700,106449000,206500,1606208000,195154688,0.68
08/04/2024,-675900,-5173948000,7.52(-2.34 %),0,0,675900,5173948000,196618381,0.31
09/04/2024,-10000,-75463000,7.7(2.39 %),0,0,10000,75463000,196628381,0.3
10/04/2024,-13700,-104493000,7.49(-2.73 %),0,0,13700,104493000,196642081,0.3
11/04/2024,83400,616406000,7.5(0.13 %),83400,616406000,0,0,196425984,0.36
12/04/2024,-2400,-18408000,7.53(0.40 %),4600,34684000,7000,53092000,196435088,0.35
15/04/2024,2600,16942000,7.01(-6.91 %),9600,68532000,7000,51590000,196558481,0.32
16/04/2024,209200,1381024000,6.8(-3.00 %),289000,1936670000,79800,555646000,196349281,0.37
17/04/2024,-4400,-29890000,6.68(-1.76 %),200,1364000,4600,31254000,196562881,0.32
19/04/2024,135200,858982000,6.37(-4.64 %),141800,902168000,6600,43186000,196427681,0.35
22/04/2024,-57000,-367979000,6.5(2.04 %),5000,32000000,62000,399979000,196087888,0.44
23/04/2024,-216200,-1402547000,6.43(-1.08 %),0,0,216200,1402547000,196094480,0.44
24/04/2024,272000,1799142000,6.69(4.04 %),272800,1804358000,800,5216000,196428881,0.35
25/04/2024,4200,27729000,6.65(-0.60 %),5000,33050000,800,5321000,196424681,0.36
26/04/2024,-5900,-39224000,6.6(-0.75 %),0,0,5900,39224000,196095680,0.44
02/05/2024,2000,13110000,6.58(-0.30 %),2000,13110000,0,0,196094480,0.44
03/05/2024,-27100,-182180000,6.68(1.52 %),0,0,27100,182180000,196100384,0.44
06/05/2024,151100,1026171000,6.89(3.14 %),153800,1044415000,2700,18244000,195946576,0.48
07/05/2024,-29900,-203564000,6.86(-0.44 %),5000,34050000,34900,237614000,195968688,0.47
08/05/2024,71500,482824000,6.8(-0.87 %),80300,542386000,8800,59562000,195891088,0.49
09/05/2024,-90000,-611473000,6.8(0.00 %),3000,20310000,93000,631783000,195922976,0.48
10/05/2024,-24200,-163608000,6.8(0.00 %),10100,68204000,34300,231812000,195921680,0.48
13/05/2024,-30100,-206164000,6.87(1.03 %),0,0,30100,206164000,196014688,0.46
14/05/2024,-26100,-179525000,6.9(0.44 %),0,0,26100,179525000,196100481,0.44
15/05/2024,-53800,-371423000,6.87(-0.43 %),0,0,53800,371423000,196154281,0.42
16/05/2024,-100,-690000,6.88(0.15 %),0,0,100,690000,196154381,0.42
17/05/2024,68500,472446000,6.9(0.29 %),69100,476586000,600,4140000,196089888,0.44
20/05/2024,264900,1853805000,6.97(1.01 %),274200,1918161000,9300,64356000,195815776,0.51
21/05/2024,29700,208189000,7.09(1.72 %),29700,208189000,0,0,195786688,0.52
22/05/2024,-59300,-421982000,7.09(0.00 %),7500,53625000,66800,475607000,195788480,0.52
23/05/2024,-260300,-1829157000,7.06(-0.42 %),5000,34780000,265300,1863937000,195783488,0.52
24/05/2024,-120800,-833478000,6.91(-2.12 %),11400,79914000,132200,913392000,196231581,0.4
27/05/2024,-36100,-250450000,6.96(0.72 %),200,1380000,36300,251830000,196103984,0.44
28/05/2024,300,2100000,7.03(1.01 %),300,2100000,0,0,196235888,0.4
29/05/2024,816600,5937993000,7.37(4.84 %),879600,6392367000,63000,454374000,195392576,0.62
30/05/2024,-118000,-850462000,7.3(-0.95 %),0,0,118000,850462000,195392576,0.62
31/05/2024,-47100,-344122000,7.2(-1.37 %),0,0,47100,344122000,195455584,0.6
03/06/2024,-441100,-3202529000,7.28(1.11 %),0,0,441100,3202529000,195455581,0.6
04/06/2024,-282100,-2045572000,7.28(0.00 %),0,0,282100,2045572000,195737681,0.53
05/06/2024,-142600,-1040750000,7.29(0.14 %),11200,81872000,153800,1122622000,195880281,0.49
06/06/2024,-1600,-11803000,7.2(-1.23 %),2800,20272000,4400,32075000,196329946,0.38
07/06/2024,15000,107998000,7.14(-0.83 %),15000,107998000,0,0,196468746,0.34
10/06/2024,-49060,-352761100,7.16(0.28 %),1100,7887000,50160,360648100,196517806,0.33
11/06/2024,-6700,-47683000,7.09(-0.98 %),0,0,6700,47683000,196329946,0.38
12/06/2024,-24300,-172441000,7.2(1.55 %),0,0,24300,172441000,196522206,0.33
13/06/2024,0,0,7.19(-0.14 %),0,0,0,0,196528806,0.33
14/06/2024,-9500,-68875000,7(-2.64 %),5000,35342000,14500,104217000,196548106,0.32
17/06/2024,-14000,-98352000,7(0.00 %),8200,57422000,22200,155774000,196542306,0.33
18/06/2024,8413,58591740,7.01(0.14 %),8513,59290740,100,699000,196548293,0.32
19/06/2024,-2200,-15502000,7.01(0.00 %),0,0,2200,15502000,196570493,0.32
20/06/2024,10500,72925000,7(-0.14 %),10500,72925000,0,0,196560093,0.32
21/06/2024,8100,56347000,7(0.00 %),8100,56347000,0,0,196554193,0.32
24/06/2024,21500,153824000,6.98(-0.29 %),52500,371711000,31000,217887000,196501693,0.34
25/06/2024,-9700,-67624000,7(0.29 %),0,0,9700,67624000,196501693,0.34
26/06/2024,2000,13830000,6.98(-0.29 %),2000,13830000,0,0,196530693,0.33
27/06/2024,41300,285725000,6.97(-0.14 %),41300,285725000,0,0,196499093,0.34
28/06/2024,-14004,-95780600,6.88(-1.29 %),10700,73537000,24704,169317600,196488393,0.34
04/07/2024,25200,172436000,6.88(0.29 %),25200,172436000,0,0,196445097,0.0
05/07/2024,4700,32024000,6.83(-0.73 %),7500,51180000,2800,19156000,196440397,0.0
08/07/2024,-8200,-54988000,6.74(-1.32 %),24000,162070000,32200,217058000,196448597,0.0
09/07/2024,-5700,-38235000,6.68(-0.89 %),4500,30160000,10200,68395000,196454297,0.0
10/07/2024,42500,285620000,6.71(0.45 %),42500,285620000,0,0,196411797,0.0
11/07/2024,38200,260681000,6.82(1.64 %),91600,623923000,53400,363242000,196373597,0.0
12/07/2024,-700,-4806000,6.79(-0.44 %),2000,13490000,2700,18296000,196374297,0.0
15/07/2024,-1000,-6668000,6.73(-0.88 %),5000,34000000,6000,40668000,196375297,0.0
16/07/2024,15400,106228000,6.74(0.15 %),53800,365470000,38400,259242000,196359897,0.0
17/07/2024,-25300,-173642000,6.69(-0.74 %),27900,183054000,53200,356696000,196385197,0.0
18/07/2024,-1400,-9626000,6.67(-0.30 %),10500,69265000,11900,78891000,196386597,0.0
19/07/2024,-44600,-294003000,6.48(-2.85 %),11000,72120000,55600,366123000,196431197,0.0
22/07/2024,-68000,-430250000,6.3(-2.78 %),6500,41190000,74500,471440000,196499197,0.0
23/07/2024,26900,167035000,6.27(-0.48 %),32400,201852000,5500,34817000,196472297,0.0
24/07/2024,99100,608852000,6.48(3.35 %),106900,659076000,7800,50224000,196373197,0.0
25/07/2024,16000,99695000,6.24(-3.70 %),16500,102875000,500,3180000,196357197,0.0
26/07/2024,-15700,-98763000,6.23(-0.16 %),9800,60810000,25500,159573000,196372897,0.0
29/07/2024,-15200,-95089000,6.21(-0.32 %),4400,27470000,19600,122559000,196388097,0.0
30/07/2024,-15200,-95089000,6.17(-0.64 %),4400,27470000,19600,122559000,196403297,0.0
31/07/2024,13600,85355000,6.17(0.00 %),24300,151875000,10700,66520000,196389697,0.0
01/08/2024,-59200,-355142000,5.98(-3.08 %),1400,8638000,60600,363780000,196334597,0.0
02/08/2024,68200,401722000,5.98(0.00 %),77200,455101000,9000,53379000,196266397,0.0
05/08/2024,-29600,-173696000,5.57(-6.86 %),6000,33480000,35600,207176000,196295997,0.0
06/08/2024,90300,503250000,5.6(0.54 %),91700,511062000,1400,7812000,196205697,0.0
07/08/2024,-40200,-225182000,5.6(0.00 %),7500,41815000,47700,266997000,196245897,0.0
08/08/2024,33900,191475000,5.6(0.00 %),47600,267833000,13700,76358000,196211997,0.0
09/08/2024,-54500,-306589000,5.7(1.79 %),13000,73448000,67500,380037000,196266497,0.0
12/08/2024,6500,36735000,5.68(-0.35 %),6500,36735000,0,0,196259997,0.0
13/08/2024,4300,25737000,5.62(-1.06 %),28500,162153000,24200,136416000,196255697,0.0
14/08/2024,-38000,-214433000,5.6(-0.36 %),7000,39100000,45000,253533000,196293697,0.0
15/08/2024,900,4535000,5.58(-0.36 %),8000,44200000,7100,39665000,196292797,0.0
16/08/2024,208200,1203204000,5.75(3.05 %),252700,1456371000,44500,253167000,196084597,0.0
19/08/2024,90500,523263000,5.77(0.35 %),90500,523263000,0,0,195994097,0.0
20/08/2024,190500,1114525000,5.97(3.47 %),191600,1120872000,1100,6347000,195803597,0.0
21/08/2024,-220400,-1351310000,6.1(2.18 %),19700,118323000,240100,1469633000,196023997,0.0
22/08/2024,-72300,-435581000,5.99(-1.80 %),8500,51025000,80800,486606000,196096297,0.0
23/08/2024,25800,146701000,5.94(-0.83 %),156500,922974000,130700,776273000,196070497,0.0
26/08/2024,183500,1099527000,5.99(0.84 %),226800,1359993000,43300,260466000,195886997,0.0
27/08/2024,74600,437934000,5.95(-0.67 %),107900,635657000,33300,197723000,195812397,0.0
28/08/2024,-163900,-957645000,5.85(-1.68 %),9100,53546000,173000,1011191000,195976297,0.0
29/08/2024,-219500,-1281300000,5.86(0.17 %),10400,60335000,229900,1341635000,196195797,0.0
30/08/2024,-87300,-506475000,5.85(-0.17 %),3000,17350000,90300,523825000,196283097,0.0
04/09/2024,-6500,-37822000,5.8(-0.85 %),16200,93458000,22700,131280000,196044797,0.0
05/09/2024,277700,1614920000,5.8(0.00 %),277700,1614920000,0,0,195767097,0.0
06/09/2024,22000,126155000,5.75(-0.86 %),22500,129040000,500,2885000,195745097,0.0
09/09/2024,23500,133919000,5.69(-1.04 %),28800,164341000,5300,30422000,195721597,0.0
10/09/2024,-256500,-1442125000,5.56(-2.28 %),30000,167950000,286500,1610075000,195978097,0.0
11/09/2024,6100,27827000,5.41(-2.70 %),22600,119800000,16500,91973000,195971997,0.0
12/09/2024,-8800,-47824000,5.41(0.00 %),5000,27080000,13800,74904000,195980797,0.0
13/09/2024,73100,390704000,5.39(-0.37 %),73100,390704000,0,0,195907697,0.0
16/09/2024,-10600,-56814000,5.28(-2.04 %),4000,21380000,14600,78194000,195918297,0.0
17/09/2024,147400,775309000,5.45(3.22 %),147400,775309000,0,0,195770897,0.0
18/09/2024,-43200,-235156000,5.39(-1.10 %),17000,91810000,60200,326966000,195814097,0.0
19/09/2024,79000,427992000,5.5(2.04 %),79000,427992000,0,0,195735097,0.0
20/09/2024,-16500,-91190000,5.5(0.00 %),10000,54730000,26500,145920000,195751597,0.0
23/09/2024,-4300,-23606000,5.47(-0.55 %),0,0,4300,23606000,195755897,0.0
24/09/2024,-68400,-371841000,5.5(0.55 %),4000,21670000,72400,393511000,195824297,0.0
25/09/2024,113300,630181000,5.58(1.45 %),117300,652501000,4000,22320000,195710997,0.0
26/09/2024,99800,556468000,5.52(-1.08 %),110900,618449000,11100,61981000,195611197,0.0
27/09/2024,48400,269768000,5.55(0.54 %),51100,284917000,2700,15149000,195562797,0.0
30/09/2024,-65200,-360531000,5.48(-1.26 %),11000,60640000,76200,421171000,195627997,0.0
01/10/2024,161800,895643000,5.57(1.64 %),161800,895643000,0,0,195875797,0.0
02/10/2024,8100,45060000,5.49(-1.44 %),72100,397108000,64000,352048000,195867697,0.0
03/10/2024,-121900,-664412000,5.41(-1.46 %),4000,21620000,125900,686032000,195989597,0.0
04/10/2024,-175500,-943665000,5.42(0.18 %),8000,43000000,183500,986665000,196165097,0.0
07/10/2024,-56400,-303815000,5.33(-1.66 %),4000,21420000,60400,325235000,196221497,0.0
08/10/2024,-1400,-7772000,5.29(-0.75 %),5000,26560000,6400,34332000,196222897,0.0
09/10/2024,0,0,5.29(0.00 %),0,0,0,0,196222897,0.0
10/10/2024,15800,83050000,5.29(0.00 %),15800,83050000,0,0,196207097,0.0
11/10/2024,0,28000,5.27(-0.38 %),700,3717000,700,3689000,196207097,0.0
14/10/2024,44700,235579000,5.26(-0.19 %),44700,235579000,0,0,196162397,0.0
15/10/2024,-47100,-246452000,5.26(0.00 %),4000,20860000,51100,267312000,196209497,0.0
16/10/2024,-2700,-14386000,5.28(0.38 %),5000,26060000,7700,40446000,196212197,0.0
17/10/2024,70700,373631000,5.53(4.73 %),70700,373631000,0,0,196141497,0.0
18/10/2024,44500,239970000,5.38(-2.71 %),50700,274148000,6200,34178000,196096997,0.0
21/10/2024,3900,20950000,5.33(-0.93 %),5000,26880000,1100,5930000,196093097,0.0
22/10/2024,-61700,-329106000,5.28(-0.94 %),1300,6786000,63000,335892000,196154797,0.0
23/10/2024,151700,800437000,5.32(0.76 %),176600,932067000,24900,131630000,196003097,0.0
24/10/2024,-12800,-67709000,5.23(-1.69 %),0,0,12800,67709000,196015897,0.0
25/10/2024,121500,649454000,5.33(1.91 %),121600,649979000,100,525000,195894397,0.0
28/10/2024,3600,18793000,5.38(0.94 %),45100,241946000,41500,223153000,195890797,0.0
29/10/2024,257600,1391257000,5.36(-0.37 %),261300,1411311000,3700,20054000,195633197,0.0
30/10/2024,62000,332098000,5.34(-0.37 %),62000,332098000,0,0,195571197,0.0
31/10/2024,6400,33680000,5.33(-0.19 %),18100,96206000,11700,62526000,195564797,0.0
01/11/2024,49800,265774000,5.34(0.19 %),61000,325418000,11200,59644000,195470187,0.0
04/11/2024,-89000,-469713000,5.27(-1.31 %),4000,20980000,93000,490693000,195559187,0.0
05/11/2024,-38700,-203978000,5.23(-0.76 %),6000,31490000,44700,235468000,195597887,0.0
06/11/2024,-8300,-41619000,5.28(0.96 %),55500,293804000,63800,335423000,195606187,0.0
07/11/2024,215000,1162470000,5.39(2.08 %),255900,1381277000,40900,218807000,195391187,0.0
08/11/2024,-72100,-385802000,5.34(-0.93 %),7000,37410000,79100,423212000,195463287,0.0
11/11/2024,-107000,-564300000,5.27(-1.31 %),13000,68470000,120000,632770000,195570287,0.0
12/11/2024,-126800,-666633000,5.25(-0.38 %),4000,20980000,130800,687613000,212072677,0.75
13/11/2024,-152900,-798957000,5.24(-0.19 %),3000,15650000,155900,814607000,195849987,0.0
14/11/2024,-100700,-525297000,5.12(-2.29 %),19000,98720000,119700,624017000,195950687,0.0
15/11/2024,4200,21042000,5.18(1.17 %),6000,30240000,1800,9198000,195946487,0.0
18/11/2024,10800,55361000,5.2(0.39 %),12500,64094000,1700,8733000,195935687,0.0
19/11/2024,-10700,-55408000,5.15(-0.96 %),3800,19563000,14500,74971000,195946387,0.0
20/11/2024,166800,870949000,5.28(2.52 %),173400,905671000,6600,34722000,195779587,0.0
21/11/2024,46100,240515000,5.3(0.38 %),46100,240515000,0,0,195733487,0.0
22/11/2024,55200,288427000,5.25(-0.94 %),59700,312274000,4500,23847000,195678287,0.0
25/11/2024,99400,521150000,5.28(0.57 %),105000,550496000,5600,29346000,195530546,0.58
26/11/2024,496100,2664511000,5.45(3.22 %),496100,2664511000,0,0,195038946,0.71
27/11/2024,64500,350371000,5.43(-0.37 %),77600,421408000,13100,71037000,194966946,0.72
28/11/2024,125600,681857000,5.38(-0.92 %),129300,701938000,3700,20081000,194837646,0.76
29/11/2024,-12900,-70587000,5.38(0.00 %),38600,206009000,51500,276596000,194812146,0.76
02/12/2024,19100,102174000,5.38(0.00 %),27500,147366000,8400,45192000,194788346,0.77
03/12/2024,-99700,-533606000,5.32(-1.12 %),2000,10650000,101700,544256000,194837846,0.76
04/12/2024,76100,403392000,5.28(-0.75 %),109000,577775000,32900,174383000,194737246,0.78
05/12/2024,47400,269562000,5.46(3.41 %),166200,892617000,118800,623055000,194672746,0.8
09/12/2024,-96100,-581276000,5.73(6.11 %),246600,1376423000,342700,1957699000,211919777,0.78
10/12/2024,-260900,-1493014000,5.65(-1.40 %),15000,84950000,275900,1577964000,211929577,0.78
16/12/2024,-159800,-905197000,5.65(-0.70 %),2200,12232000,162000,917429000,212917377,0.55
17/12/2024,4300,15384000,5.72(1.24 %),80100,454600000,75800,439216000,213028977,0.53
18/12/2024,-60200,-345742000,5.76(0.70 %),5800,33035000,66000,378777000,213185177,0.49
19/12/2024,76700,436275000,5.67(-1.56 %),105900,602375000,29200,166100000,213155113,0.5
20/12/2024,15200,81989000,5.7(0.53 %),79800,459460000,64600,377471000,213141316,0.5
24/12/2024,0,0,5.58(-2.62 %),0,0,0,0,213209437,0.48
25/12/2024,434200,2470012000,5.65(1.25 %),499000,2833622000,64800,363610000,212731737,0.6
26/12/2024,523700,3078273000,5.97(5.66 %),547400,3221421000,23700,143148000,212290237,0.7
27/12/2024,41400,243523000,5.9(-1.17 %),56600,334415000,15200,90892000,212298437,0.7
30/12/2024,-141000,-816025000,5.71(-3.22 %),79200,459086000,220200,1275111000,212242937,0.71
31/12/2024,-412500,-2347104000,5.72(0.18 %),3000,16980000,415500,2364084000,212255137,0.71
02/01/2025,-56300,-322753000,5.68(-0.70 %),2000,11370000,58300,334123000,212473337,0.66
03/01/2025,-145000,-816718000,5.51(-2.99 %),25600,141395000,170600,958113000,212863237,0.57
06/01/2025,-48400,-288899000,5.26(-4.54 %),141400,754197000,189800,1043096000,212780137,0.58
07/01/2025,-132000,-698108000,5.2(-1.14 %),24900,131170000,156900,829278000,212780137,0.58
08/01/2025,71500,379333000,5.31(2.12 %),85300,452146000,13800,72813000,213030337,0.53
09/01/2025,-43300,-229585000,5.27(-0.75 %),12000,63670000,55300,293255000,213175237,0.49
10/01/2025,-44500,-233574000,5.15(-2.28 %),1000,5150000,45500,238724000,213188037,0.49
13/01/2025,129900,667464000,5.2(0.97 %),169700,872683000,39800,205219000,213073637,0.52
14/01/2025,-53100,-275762000,5.12(-1.54 %),2300,11960000,55400,287722000,213116837,0.51
15/01/2025,11100,57184000,5.17(0.98 %),14400,74279000,3300,17095000,213142237,0.5
16/01/2025,-83900,-442253000,5.29(2.32 %),4300,22704000,88200,464957000,213226137,0.0
17/01/2025,-4800,-25743000,5.35(1.13 %),3300,17381000,8100,43124000,213193337,0.49
20/01/2025,-121600,-672464000,5.43(1.50 %),25900,142902000,147500,815366000,213255637,0.47
21/01/2025,-4300,-23575000,5.39(-0.74 %),0,0,4300,23575000,213263737,0.47
22/01/2025,-5600,-30240000,5.29(-1.86 %),0,0,5600,30240000,213411237,0.44
23/01/2025,46100,242393000,5.35(1.13 %),50700,266918000,4600,24525000,213364837,0.45
24/01/2025,24000,127784000,5.32(-0.56 %),26100,139082000,2100,11298000,213344353,0.45
03/02/2025,0,0,0(0.00 %),0,0,0,0,213348953,0.45
04/02/2025,151000,813370000,5.45(1.30 %),180600,973309000,29600,159939000,213170453,0.49
05/02/2025,-7500,-41944000,5.49(0.73 %),58900,324687000,66400,366631000,213111553,0.51
06/02/2025,0,0,5.49(0.00 %),0,0,0,0,213141153,0.5
07/02/2025,48200,268826000,5.54(0.91 %),78700,437554000,30500,168728000,213128853,0.5
10/02/2025,-56700,-311141000,5.45(-1.62 %),4500,24615000,61200,335756000,213124353,0.5
11/02/2025,4700,25662000,5.5(0.92 %),4700,25662000,0,0,213150153,0.5
12/02/2025,12600,69645000,5.53(0.55 %),24100,133305000,11500,63660000,213187253,0.49
13/02/2025,104800,582704000,5.55(0.36 %),114700,637752000,9900,55048000,213072553,0.52
14/02/2025,314300,1772455000,5.7(2.70 %),314300,1772455000,0,0,212769753,0.59
17/02/2025,262800,1547679000,5.9(3.51 %),401000,2362326000,138200,814647000,212378653,0.68
18/02/2025,79200,469153000,5.95(0.85 %),192900,1146524000,113700,677371000,212185753,0.72
19/02/2025,664800,4089411000,6.18(3.87 %),793800,4883556000,129000,794145000,211530153,0.87
20/02/2025,68200,422137000,6.25(1.13 %),204000,1264156000,135800,842019000,211439853,0.9
21/02/2025,212200,1333514000,6.25(0.00 %),226700,1424204000,14500,90690000,211342153,0.92
24/02/2025,115900,710262000,6.23(-0.32 %),181400,1116070000,65500,405808000,211296553,0.93
25/02/2025,253700,1612327000,6.39(2.57 %),452300,2877223000,198600,1264896000,210858753,1.03
26/02/2025,-346800,-2209076000,6.35(-0.63 %),146900,937804000,493700,3146880000,210777373,1.05
27/02/2025,175200,1118178000,6.37(0.31 %),221000,1410288000,45800,292110000,210754973,1.05
28/02/2025,329800,2117290000,6.46(1.41 %),329800,2117290000,0,0,210918877,1.02
03/03/2025,-332900,-2129800000,6.41(-0.77 %),0,0,332900,2129800000,210964677,1.01
04/03/2025,573500,3640144000,6.45(0.62 %),651300,4133693000,77800,493549000,210313377,1.16
05/03/2025,64500,420320000,6.38(-1.09 %),167100,1069480000,102600,649160000,210479177,1.12
06/03/2025,-75100,-478960000,6.37(-0.16 %),101700,638945000,176800,1117905000,210455277,1.12
07/03/2025,-216300,-1390416000,6.4(0.47 %),174700,1121264000,391000,2511680000,210383177,1.14
10/03/2025,-13400,-80031000,6.33(-1.09 %),152300,971516000,165700,1051547000,210407677,1.14
11/03/2025,585900,3680271000,6.35(0.32 %),762800,4786667000,176900,1106396000,210407677,1.14
12/03/2025,459200,2973210000,6.7(5.51 %),661300,4296146000,202100,1322936000,209540315,1.34
13/03/2025,-732500,-4828586000,6.4(-4.48 %),0,0,732500,4828586000,209717215,1.3
14/03/2025,-475200,-3061911000,6.45(0.78 %),155500,1002394000,630700,4064305000,209763831,1.29
17/03/2025,-336600,-2228561000,6.64(2.95 %),12000,77640000,348600,2306201000,210484331,1.12
18/03/2025,-77400,-516835000,6.49(-2.26 %),112100,737665000,189500,1254500000,211002931,1.0
19/03/2025,39500,245614000,6.52(0.46 %),287600,1863669000,248100,1618055000,211063931,0.98
20/03/2025,135000,888210000,6.65(1.99 %),456100,2991452000,321100,2103242000,210797331,1.05
21/03/2025,-267300,-1820981000,6.77(1.80 %),111700,758334000,379000,2579315000,210933731,1.01
24/03/2025,-289900,-1967378000,6.9(1.92 %),112100,765290000,402000,2732668000,211142771,0.96
25/03/2025,-294600,-2021003000,6.83(-1.01 %),96800,665258000,391400,2686261000,211424971,0.9
26/03/2025,-273300,-1854182000,6.71(-1.76 %),103000,679356000,376300,2533538000,211723971,0.83
27/03/2025,1500,5872000,6.71(0.00 %),96800,644223000,95300,638351000,212018571,0.76
28/03/2025,-261100,-1730298000,6.69(-0.30 %),0,0,261100,1730298000,212394871,0.67
31/03/2025,149100,987094000,6.74(0.75 %),238500,1588062000,89400,600968000,212251671,0.71
01/04/2025,-312500,-2097577000,6.78(0.59 %),3000,20050000,315500,2117627000,212509771,0.65
02/04/2025,-41900,-291222000,6.76(-0.29 %),138000,938154000,179900,1229376000,212461171,0.66
03/04/2025,-316900,-2022271000,6.29(-6.95 %),0,0,316900,2022271000,212776671,0.59
04/04/2025,-422900,-2505542000,5.85(-7.00 %),53400,313168000,476300,2818710000,212903171,0.56
08/04/2025,219000,1200818000,5.45(-6.84 %),241000,1325035000,22000,124217000,212979071,0.54
09/04/2025,511800,2607464000,5.07(-6.97 %),671400,3432976000,159600,825512000,212783971,0.58
10/04/2025,0,0,5.42(6.90 %),0,0,0,0,212805971,0.58
11/04/2025,-79100,-434869000,5.76(6.27 %),196300,1059531000,275400,1494400000,212769271,0.59
14/04/2025,-652200,-3737096000,5.79(0.52 %),4700,26696000,656900,3763792000,212764571,0.59
15/04/2025,65600,371710000,5.62(-2.94 %),70100,397606000,4500,25896000,212969871,0.54
16/04/2025,99900,551957000,5.6(-0.36 %),162600,907616000,62700,355659000,213464171,0.43
17/04/2025,227200,1275512000,5.69(1.61 %),254400,1427832000,27200,152320000,213214271,0.48
18/04/2025,181500,1042491000,5.71(0.35 %),259000,1487248000,77500,444757000,213017971,0.53
21/04/2025,361300,2060455000,5.71(0.00 %),370000,2109961000,8700,49506000,212675171,0.61
22/04/2025,-91700,-516197000,5.39(-5.60 %),187700,1020278000,279400,1536475000,212564971,0.63
23/04/2025,259500,1449061000,5.65(4.82 %),355800,1985815000,96300,536754000,212217871,0.72
24/04/2025,448100,2552665000,5.68(0.53 %),454100,2586849000,6000,34184000,212043171,0.76
25/04/2025,215600,1229693000,5.65(-0.53 %),246300,1403624000,30700,173931000,211893171,0.79
28/04/2025,502900,2867045000,5.7(0.88 %),504100,2873861000,1200,6816000,211395071,0.91
29/04/2025,198400,1145092000,5.8(1.75 %),314600,1806731000,116200,661639000,211111171,0.97
05/05/2025,25200,-2129691000,5.91(1.90 %),25200,146790000,0,2276481000,211112371,0.97
06/05/2025,37700,221384000,5.85(-1.02 %),120100,708727000,82400,487343000,211190871,0.95
07/05/2025,242200,1428326000,5.96(1.88 %),289700,1705985000,47500,277659000,211313871,0.93
08/05/2025,-146800,-863385000,5.9(-1.01 %),138900,820695000,285700,1684080000,211313871,0.93
09/05/2025,106600,633562000,5.95(0.85 %),296200,1766064000,189600,1132502000,211207271,0.95
12/05/2025,-108400,-645375000,5.91(-0.67 %),0,0,108400,645375000,211354071,0.92
13/05/2025,-132100,-781475000,5.9(-0.17 %),1000,5890000,133100,787365000,211354071,0.92
14/05/2025,231300,1364702000,5.9(0.00 %),313500,1849343000,82200,484641000,211231165,0.94
15/05/2025,107400,-294210000,5.9(0.00 %),107400,640504000,0,934714000,211363265,0.91
16/05/2025,254400,510003000,5.91(0.17 %),254400,1505403000,0,995400000,211277165,0.93
19/05/2025,116600,-724290000,6.02(1.86 %),116600,696146000,0,1420436000,211328565,0.92
20/05/2025,0,-2432028000,5.97(-0.83 %),0,0,0,2432028000,211328565,0.92
21/05/2025,23800,-2962096120,5.94(-0.50 %),23800,139796000,0,3101892120,211448565,0.89
22/05/2025,722600,3589239000,6.03(1.52 %),722600,4370590000,0,781351000,211262365,0.94
23/05/2025,-305700,-1890705000,6.1(1.16 %),0,0,305700,1890705000,211763973,0.82
26/05/2025,126000,-827952000,6.24(2.30 %),126000,772013000,0,1599965000,211763973,0.82
27/05/2025,-690200,-4371395000,6.32(1.28 %),62300,388217000,752500,4759612000,212069673,0.75
28/05/2025,0,-2609164000,6.27(-0.79 %),0,0,0,2609164000,212203973,0.72
29/05/2025,489600,2704408000,6.32(0.80 %),489600,3082285000,0,377877000,212463973,0.66
30/05/2025,28200,-1248366000,6.21(-1.74 %),28200,175597000,0,1423963000,212879873,0.56
02/06/2025,440200,2568346680,6.64(6.92 %),440200,2837211000,0,268864320,212480861,0.65
03/06/2025,693401,1735465830,6.9(3.92 %),693401,4737055830,0,3001590000,212423160,0.67
04/06/2025,1740300,11762637000,7.38(6.96 %),1740300,12492163000,0,729526000,210783260,1.05
05/06/2025,713600,2666155000,7.7(4.34 %),713600,5398633000,0,2732478000,210427360,1.13
06/06/2025,492500,979225000,7.4(-3.90 %),492500,3680118000,0,2700893000,210292960,1.16
09/06/2025,938500,5029824000,7.45(0.68 %),938500,7013716000,0,1983892000,209619260,1.32
10/06/2025,780100,2935654000,7.59(1.88 %),780100,5853459000,0,2917805000,209224660,1.41
11/06/2025,-753600,-5646639000,7.5(-1.19 %),3700,27963000,757300,5674602000,209224660,1.41
12/06/2025,95600,708559000,7.5(0.00 %),459200,3468488000,363600,2759929000,209129060,1.43
13/06/2025,-372600,-2795246000,7.3(-2.67 %),819400,5801563000,1192000,8596809000,209882660,1.26
16/06/2025,26500,177823000,7.25(-0.68 %),330900,2377270000,304400,2199447000,209856160,1.26
17/06/2025,-174700,-1271436000,7.34(1.24 %),281000,2056618000,455700,3328054000,210228784,1.18
18/06/2025,-518600,-3741089000,7.14(-2.72 %),24900,178443000,543500,3919532000,210228784,1.18
19/06/2025,423200,3033727000,7.2(0.84 %),784900,5584933000,361700,2551206000,209980292,1.23
20/06/2025,-426500,-3041956000,7.12(-1.11 %),7000,49980000,433500,3091936000,210498892,1.11
23/06/2025,-178200,-1231880000,7.05(-0.98 %),188500,1323991000,366700,2555871000,210498892,1.11
24/06/2025,-580100,-4150930000,7.16(1.56 %),29800,213161000,609900,4364091000,210925392,1.02
25/06/2025,-970100,-7053073000,7.26(1.40 %),28900,208876000,999000,7261949000,211103598,0.97
26/06/2025,-525300,-3762969000,7.25(-0.14 %),0,0,525300,3762969000,211683698,0.84
27/06/2025,-716500,-5178874000,7.22(-0.41 %),5400,39474000,721900,5218348000,212653798,0.61
30/06/2025,-68000,-490429000,7.18(-0.55 %),91500,659889000,159500,1150318000,213179098,0.49
01/07/2025,-135800,-975645000,7.16(-0.28 %),42400,301464000,178200,1277109000,213895598,0.33
02/07/2025,809200,5822610000,7.25(1.26 %),816600,5875580000,7400,52970000,213154398,0.5
03/07/2025,682300,4949496000,7.28(0.41 %),775400,5637185000,93100,687689000,212607898,0.62
04/07/2025,323900,2402729000,7.43(2.06 %),326900,2425019000,3000,22290000,212283998,0.7
07/07/2025,-543900,-4058197000,7.5(0.94 %),2000,14870000,545900,4073067000,212283998,0.7
08/07/2025,-680400,-5097075000,7.48(-0.27 %),0,0,680400,5097075000,212283998,0.7
09/07/2025,590200,4420622000,7.47(-0.13 %),771400,5772918000,181200,1352296000,212237698,0.71
10/07/2025,76100,555573000,7.52(0.67 %),403400,3029420000,327300,2473847000,212237698,0.71
11/07/2025,-210200,-1581835000,7.6(1.06 %),4300,32540000,214500,1614375000,212841996,0.57
14/07/2025,548900,4277250000,7.88(3.68 %),1316200,10058031000,767300,5780781000,212293096,0.7
15/07/2025,-417700,-3311476000,7.7(-2.28 %),3600,28640000,421300,3340116000,212503296,0.65
16/07/2025,1607500,12701069000,8.2(6.49 %),1619100,12794678000,11600,93609000,210895796,1.02
17/07/2025,-1122300,-9495509000,8.44(2.93 %),147100,1230732000,1269400,10726241000,210895796,1.02
18/07/2025,614800,5145070000,8.4(-0.47 %),627400,5248706000,12600,103636000,210698696,1.07
21/07/2025,-323800,-2695437000,8.05(-4.17 %),279300,2285772000,603100,4981209000,211820996,0.81
22/07/2025,1881200,15472165000,8.4(4.35 %),2034800,16724668000,153600,1252503000,209939796,1.24
23/07/2025,211100,1752170000,8.38(-0.24 %),542900,4538081000,331800,2785911000,210052504,1.22
24/07/2025,-38700,-336235000,8.3(-0.95 %),190100,1565599000,228800,1901834000,210052504,1.22
25/07/2025,649700,5402105000,8.38(0.96 %),808700,6724430000,159000,1322325000,209402804,1.37
28/07/2025,-649600,-5636801000,8.6(2.63 %),634200,5401104000,1283800,11037905000,209441504,1.36
29/07/2025,-517300,-4748565000,8.92(3.72 %),800500,7264683000,1317800,12013248000,209441504,1.36
30/07/2025,-459100,-4255218000,9.54(6.95 %),446000,4196850000,905100,8452068000,210091104,1.21
31/07/2025,-1522300,-14951146000,9.7(1.68 %),460400,4453608000,1982700,19404754000,210608404,1.09
01/08/2025,198500,1681360000,9.11(-6.08 %),780800,7192836000,582300,5511476000,210869004,1.03
04/08/2025,330700,3022018000,9.4(3.18 %),613400,5668081000,282700,2646063000,212060604,0.75
05/08/2025,-343100,-3520561000,9.35(-0.53 %),520200,4641628000,863300,8162189000,212060604,0.75
06/08/2025,-231300,-2124715000,9.35(0.00 %),111800,1030525000,343100,3155240000,212060604,0.75
07/08/2025,-647200,-6149383000,9.45(1.07 %),356700,3369208000,1003900,9518591000,212403704,0.67
08/08/2025,-5400,-50149000,9.5(0.53 %),331700,3119411000,337100,3169560000,212635004,0.62
11/08/2025,358800,3488330000,9.59(0.95 %),681800,6621973000,323000,3133643000,212923404,0.55
12/08/2025,-320900,-3066165000,9.55(-0.42 %),6800,63807000,327700,3129972000,212928804,0.55
13/08/2025,1881200,18305700000,9.9(3.66 %),2193500,21335938000,312300,3030238000,211047604,0.99
14/08/2025,-567600,-5649500000,10.4(5.05 %),114200,1147172000,681800,6796672000,211368504,0.91
15/08/2025,203700,2011490000,10.1(-2.88 %),318400,3176263000,114700,1164773000,211164804,0.96
18/08/2025,-2042800,-20121734000,9.8(-2.97 %),136700,1338709000,2179500,21460443000,211732404,0.83
19/08/2025,317600,3114737000,10(2.04 %),451800,4453633000,134200,1338896000,211414804,0.9
20/08/2025,-34600,-425981000,9.5(-5.00 %),283800,2687986000,318400,3113967000,213457604,0.43
21/08/2025,-124400,-1183497000,9.2(-3.16 %),15000,141274000,139400,1324771000,213457604,0.43
22/08/2025,977500,8408120000,8.56(-6.96 %),1421600,12403538000,444100,3995418000,213457604,0.43
25/08/2025,449200,3857491000,8.6(0.47 %),545800,4694095000,96600,836604000,212514704,0.65
26/08/2025,112300,983846000,0(-100.00 %),124500,1090352000,12200,106506000,212189904,0.72
