Ngay,KLGDRong,GTDGRong,ThayDoi,KLMua,GtMua,KLBan,GtBan,RoomConLai,DangSoHuu
28/12/2016,-54060,-3243600000,0(0.00 %),445940,26756400000,500000,30000000000,228251684,10.84
29/12/2016,1192560,63114210000,0(0.00 %),2372560,133476860000,1180000,70362650000,225879124,11.24
30/12/2016,-1019830,-61101300000,0(0.00 %),170,10200000,1020000,61111500000,225878954,11.24
03/01/2017,-6240,-374400000,0(0.00 %),3760,225600000,10000,600000000,226375194,11.16
04/01/2017,50000,2963960000,0(0.00 %),50000,2963960000,0,0,227505194,10.97
05/01/2017,83890,4953910000,59.1(-0.51 %),83890,4953910000,0,0,228441304,10.81
06/01/2017,50000,2944500000,59.2(0.17 %),50000,2944500000,0,0,228401304,10.81
09/01/2017,56200,3312000000,59.3(0.17 %),56200,3312000000,0,0,228345104,10.82
10/01/2017,50,2950000,59(-0.51 %),50,2950000,0,0,228345054,10.82
11/01/2017,155040,9154100000,59.1(0.17 %),155040,9154100000,0,0,228190014,10.85
12/01/2017,-6570,-386330000,58.8(-0.51 %),20,1180000,6590,387510000,228189994,10.85
13/01/2017,217220,12764270000,59(0.34 %),217220,12764270000,0,0,227972774,10.89
16/01/2017,301670,17779060000,59.2(0.34 %),301670,17779060000,0,0,227671104,10.94
17/01/2017,161760,9551890000,58.8(-0.68 %),285760,16869890000,124000,7318000000,227391934,10.99
18/01/2017,143750,8451810000,58.9(0.17 %),298750,17570010000,155000,9118200000,227093184,11.04
19/01/2017,-1530,-90020000,58.1(-1.36 %),0,0,1530,90020000,227093184,11.04
20/01/2017,0,0,58.2(0.17 %),0,0,0,0,227217184,11.02
23/01/2017,-5000,-289000000,57.8(-0.69 %),0,0,5000,289000000,227372184,10.99
24/01/2017,500,29000000,57.9(0.17 %),500,29000000,0,0,227373214,10.99
25/01/2017,11000,642200000,60.6(4.66 %),11000,642200000,0,0,227362214,10.99
02/02/2017,0,0,60.9(0.50 %),0,0,0,0,227367214,10.99
03/02/2017,34370,2078140000,60.9(0.00 %),34470,2084230000,100,6090000,227332744,11.0
06/02/2017,50780,3058390000,59.9(-1.64 %),52680,3172860000,1900,114470000,227280064,11.0
07/02/2017,230740,13724050000,59.5(-0.67 %),230740,13724050000,0,0,227049324,11.04
08/02/2017,50430,3009490000,59.1(-0.67 %),50430,3009490000,0,0,226998994,11.05
09/02/2017,206310,12151030000,58.8(-0.51 %),206310,12151030000,0,0,226794584,11.09
10/02/2017,436290,25737130000,58.8(0.00 %),436290,25737130000,0,0,226358294,11.16
13/02/2017,-123150,-7307350000,59.2(0.68 %),780,46200000,123930,7353550000,226357514,11.16
14/02/2017,2500,148150000,59.2(0.00 %),2500,148150000,0,0,226355014,11.16
15/02/2017,70030,4177780000,59.5(0.51 %),70030,4177780000,0,0,226284984,11.17
16/02/2017,50,3020000,60.3(1.34 %),50,3020000,0,0,226408864,11.15
17/02/2017,1500,91450000,60.8(0.83 %),1500,91450000,0,0,226407364,11.15
20/02/2017,-84310,-5178220000,63.1(3.78 %),10,620000,84320,5178840000,226407354,11.15
21/02/2017,-43100,-2858810000,66(4.60 %),11250,731150000,54350,3589960000,226396104,11.15
22/02/2017,-19230,-1287780000,66.2(0.30 %),61600,4101440000,80830,5389220000,226334504,11.17
23/02/2017,15800,1023920000,65.9(-0.45 %),48390,3187380000,32590,2163460000,226370434,11.16
24/02/2017,-108070,-7040820000,65.3(-0.91 %),0,0,108070,7040820000,226424784,11.15
27/02/2017,0,0,66.5(1.84 %),0,0,0,0,226435944,11.15
28/02/2017,98400,6773500000,67(0.75 %),145330,9919660000,46930,3146160000,226392874,11.16
01/03/2017,64800,4428700000,68.8(2.69 %),65000,4442330000,200,13630000,226435944,11.15
02/03/2017,1000,69000000,68.8(0.00 %),1000,69000000,0,0,226434944,11.15
03/03/2017,24340,1663840000,68.9(0.15 %),24840,1698190000,500,34350000,226457034,11.14
06/03/2017,24300,1674020000,68.9(0.00 %),24310,1674710000,10,690000,226432924,11.15
07/03/2017,93020,6395930000,68.6(-0.44 %),200940,13821350000,107920,7425420000,226324784,11.17
08/03/2017,-11090,-756890000,68(-0.87 %),0,0,11090,756890000,226325284,11.17
09/03/2017,32530,2202480000,68(0.00 %),33530,2270380000,1000,67900000,226291764,11.17
10/03/2017,14300,975530000,68(0.00 %),14300,975530000,0,0,226292584,11.17
13/03/2017,-1941300,-141153600000,72.7(6.91 %),758700,55136400000,2700000,196290000000,225644974,11.28
14/03/2017,-1449160,-108587800000,75.5(3.85 %),506830,37881970000,1955990,146469770000,225339144,11.33
15/03/2017,-175200,-13024460000,73.3(-2.91 %),0,0,175200,13024460000,225339144,11.33
16/03/2017,3247500,230577640000,72.6(-0.95 %),3308500,235022190000,61000,4444550000,224630644,11.45
17/03/2017,631210,42387280000,67.6(-6.89 %),778100,52605940000,146890,10218660000,224630644,11.45
20/03/2017,1452530,98145970000,68.8(1.78 %),1575530,106634140000,123000,8488170000,224630644,11.45
21/03/2017,1205770,81905200000,68.7(-0.15 %),1277070,86814330000,71300,4909130000,224630644,11.45
22/03/2017,82380,5558380000,67.6(-1.60 %),142380,9625330000,60000,4066950000,224630644,11.45
23/03/2017,-39320,-2626550000,66.8(-1.18 %),21350,1443860000,60670,4070410000,224630644,11.45
24/03/2017,46510,3179840000,69(3.29 %),191510,13131410000,145000,9951570000,224630644,11.45
27/03/2017,46940,3233360000,69.1(0.14 %),49820,3431500000,2880,198140000,224630644,11.45
28/03/2017,5880,405220000,68.5(-0.87 %),7000,482410000,1120,77190000,224630644,11.45
29/03/2017,10610,729010000,68.5(0.00 %),57520,3940120000,46910,3211110000,224630644,11.45
30/03/2017,90660,6226350000,68.7(0.29 %),90660,6226350000,0,0,224630644,11.45
31/03/2017,149330,10310310000,69.2(0.73 %),150650,10401390000,1320,91080000,224630644,11.45
03/04/2017,1130,77600000,69.5(0.43 %),2130,147400000,1000,69800000,222936884,11.74
04/04/2017,48090,3377070000,70.4(1.29 %),49590,3482620000,1500,105550000,222887294,11.75
05/04/2017,64990,4579150000,70.4(0.00 %),64990,4579150000,0,0,222823624,11.76
07/04/2017,-6439400,-450753680000,70.4(0.00 %),60600,4246320000,6500000,455000000000,222764024,11.77
10/04/2017,69350,4899310000,70.5(0.14 %),69350,4899310000,0,0,222696174,11.78
11/04/2017,290660,20571050000,70.7(0.28 %),290730,20576010000,70,4960000,222405444,11.83
12/04/2017,103480,7295730000,70.7(0.00 %),160860,11358230000,57380,4062500000,228744584,10.76
13/04/2017,42320,2988110000,70.5(-0.28 %),52400,3699970000,10080,711860000,228692184,10.76
14/04/2017,101450,7132050000,70(-0.71 %),102000,7170600000,550,38550000,228590254,10.78
17/04/2017,-3390,-234940000,69.7(-0.43 %),7150,499700000,10540,734640000,209122411,14.09
18/04/2017,8070,561970000,69.6(-0.14 %),8080,562670000,10,700000,209124411,14.09
19/04/2017,2960,208970000,70.2(0.86 %),5050,355060000,2090,146090000,209119911,14.09
20/04/2017,-73830,-5259590000,70.8(0.85 %),65710,4647750000,139540,9907340000,209064741,14.1
21/04/2017,-210,-19950000,72.5(2.40 %),4790,345050000,5000,365000000,209059961,14.1
24/04/2017,14580,1068710000,73.1(0.83 %),14580,1068710000,0,0,209047471,14.1
25/04/2017,11100,811570000,73(-0.14 %),12020,878830000,920,67260000,228693064,10.76
26/04/2017,35910,2629870000,72.8(-0.27 %),35910,2629870000,0,0,228662154,10.77
27/04/2017,28310,2050350000,72.5(-0.41 %),52910,3842160000,24600,1791810000,228609244,10.78
28/04/2017,-115490,-8186070000,70.7(-2.48 %),6010,428170000,121500,8614240000,228605654,10.78
03/05/2017,34050,2403540000,70.1(-0.85 %),34050,2403540000,0,0,228571604,10.79
04/05/2017,-56800,-3955370000,69.5(-0.86 %),28200,1971630000,85000,5927000000,228568004,10.79
05/05/2017,33520,2333540000,69.5(0.00 %),33520,2333540000,0,0,228655984,10.77
08/05/2017,-990,-68710000,68.1(-2.01 %),1010,69890000,2000,138600000,228654974,10.77
09/05/2017,1860,134060000,68.6(0.73 %),16790,1150640000,14930,1016580000,228723184,10.76
10/05/2017,-12500,-854800000,69(0.58 %),0,0,12500,854800000,228723184,10.76
11/05/2017,500,34500000,69.1(0.14 %),500,34500000,0,0,228724684,10.76
12/05/2017,-236640,-16282950000,69(-0.14 %),33360,2300000000,270000,18582950000,228706254,10.76
15/05/2017,-239960,-16238790000,67.8(-1.74 %),10040,680710000,250000,16919500000,228708714,10.76
16/05/2017,-23140,-1558040000,67.6(-0.29 %),550,37080000,23690,1595120000,228708164,10.76
17/05/2017,297540,20192280000,67.8(0.30 %),297540,20192280000,0,0,228680624,10.77
18/05/2017,-15170,-1024090000,67.5(-0.44 %),17360,1170790000,32530,2194880000,228913264,10.73
19/05/2017,7240,488690000,68.1(0.89 %),17240,1163590000,10000,674900000,228919714,10.73
22/05/2017,77260,5297840000,68.8(1.03 %),82910,5684960000,5650,387120000,228836804,10.74
23/05/2017,64200,4397970000,68.6(-0.29 %),64200,4397970000,0,0,228805134,10.75
24/05/2017,29140,1985370000,67.8(-1.17 %),29220,1990830000,80,5460000,228785914,10.75
25/05/2017,-143680,-9652020000,67.2(-0.88 %),30120,2031760000,173800,11683780000,228761444,10.75
26/05/2017,25900,1743310000,67.1(-0.15 %),25900,1743310000,0,0,228735544,10.76
29/05/2017,18900,1272510000,67(-0.15 %),29620,1993420000,10720,720910000,228706004,10.76
30/05/2017,-97010,-6446290000,65.9(-1.64 %),29000,1927730000,126010,8374020000,228850804,10.74
31/05/2017,77200,5164200000,67(1.67 %),562340,37522720000,485140,32358520000,228288464,10.83
01/06/2017,-553600,-36852830000,67.4(0.60 %),44460,2997820000,598060,39850650000,228254724,10.84
02/06/2017,-84910,-5726620000,68(0.89 %),460,30960000,85370,5757580000,228380274,10.82
05/06/2017,-128040,-8795010000,69(1.47 %),94400,6479170000,222440,15274180000,214829533,13.12
06/06/2017,16740,1153970000,69.4(0.58 %),135450,9358070000,118710,8204100000,215292143,13.04
07/06/2017,-77780,-5407100000,69.7(0.43 %),92650,6434390000,170430,11841490000,215284863,13.04
08/06/2017,-262810,-18132720000,69.1(-0.86 %),92650,6407330000,355460,24540050000,215414653,13.02
09/06/2017,-99970,-6823610000,67.5(-2.32 %),90890,6216790000,190860,13040400000,215442473,13.01
12/06/2017,-14800,-998460000,67.6(0.15 %),119280,8054640000,134080,9053100000,215493623,13.0
13/06/2017,-33420,-2259710000,67.6(0.00 %),122990,8297090000,156410,10556800000,215726093,12.96
14/06/2017,-19330,-1288020000,67.3(-0.44 %),119940,8055480000,139270,9343500000,215797013,12.95
15/06/2017,-78080,-5217410000,67(-0.45 %),104850,7024010000,182930,12241420000,215826243,12.95
16/06/2017,3231470,219730220000,68(1.49 %),5671390,385556940000,2439920,165826720000,211107483,13.75
19/06/2017,70990,4853300000,68.4(0.59 %),152710,10439550000,81720,5586250000,211094043,13.75
20/06/2017,-30050,-2041080000,68(-0.58 %),0,0,30050,2041080000,211276973,13.72
21/06/2017,-8570,-574630000,67.4(-0.88 %),37760,2556380000,46330,3131010000,212882913,13.45
22/06/2017,69670,4710030000,67.6(0.30 %),84080,5683820000,14410,973790000,212880553,13.45
23/06/2017,75360,5117940000,68.5(1.33 %),83360,5657560000,8000,539620000,212827243,13.46
26/06/2017,-32280,-2215310000,68.5(0.00 %),40640,2781000000,72920,4996310000,212832933,13.46
27/06/2017,2320,157580000,68.5(0.00 %),35320,2412560000,33000,2254980000,212802683,13.46
28/06/2017,-89160,-6078870000,68.6(0.15 %),17340,1180560000,106500,7259430000,212802683,13.46
29/06/2017,-140980,-9565180000,68(-0.87 %),17950,1218910000,158930,10784090000,212857653,13.45
30/06/2017,49860,3386580000,68(0.00 %),258700,17560580000,208840,14174000000,212631953,13.49
03/07/2017,-23990,-1631400000,68(0.00 %),100,6800000,24090,1638200000,226679834,11.11
04/07/2017,-200,-13560000,68(0.00 %),0,0,200,13560000,226838764,11.08
05/07/2017,-21350,-1453210000,68.1(0.15 %),0,0,21350,1453210000,227047604,11.04
06/07/2017,-49580,-3355450000,67.6(-0.73 %),1530,103570000,51110,3459020000,227070164,11.04
07/07/2017,-135350,-9105140000,67.4(-0.30 %),0,0,135350,9105140000,227070364,11.04
10/07/2017,-51290,-3433920000,67.2(-0.30 %),0,0,51290,3433920000,227195074,11.02
11/07/2017,75580,5082320000,67.4(0.30 %),547240,36868790000,471660,31786470000,227059724,11.04
12/07/2017,-81220,-5451120000,67.4(0.00 %),0,0,81220,5451120000,227195074,11.02
13/07/2017,-22600,-1516530000,67.5(0.15 %),0,0,22600,1516530000,227246364,11.01
14/07/2017,-36440,-2459370000,68.2(1.04 %),0,0,36440,2459370000,227253884,11.01
17/07/2017,-102120,-6937040000,68(-0.29 %),489180,33270440000,591300,40207480000,227308104,11.0
18/07/2017,-29350,-1996360000,67.8(-0.29 %),633970,42891070000,663320,44887430000,227157984,11.03
19/07/2017,131690,8901270000,67.4(-0.59 %),703500,47473270000,571810,38572000000,243353716,11.06
20/07/2017,100760,6760540000,67.3(-0.15 %),156700,10508990000,55940,3748450000,243326136,11.06
21/07/2017,313500,21176660000,68(1.04 %),355610,24034740000,42110,2858080000,243172596,11.09
24/07/2017,203500,13781880000,68(0.00 %),278180,18856830000,74680,5074950000,242998616,11.12
25/07/2017,96410,6535360000,68(0.00 %),173880,11798820000,77470,5263460000,242880676,11.14
26/07/2017,121890,8265900000,67.9(-0.15 %),124000,8408980000,2110,143080000,242873366,11.14
27/07/2017,100,6780000,67.5(-0.59 %),100,6780000,0,0,242873366,11.14
28/07/2017,34560,2302110000,66.6(-1.33 %),34560,2302110000,0,0,242916276,11.13
31/07/2017,134670,9019800000,67.5(1.35 %),401470,26764630000,266800,17744830000,242516916,11.2
01/08/2017,-5470,-369050000,67.5(0.00 %),1750,117600000,7220,486650000,242515166,11.2
02/08/2017,-19400,-1301140000,67.2(-0.44 %),5590,374590000,24990,1675730000,242509576,11.2
03/08/2017,0,0,67.2(0.00 %),0,0,0,0,242776376,11.16
04/08/2017,-60,-4040000,67.3(0.15 %),0,0,60,4040000,242783596,11.16
07/08/2017,-70000,-4669050000,66.7(-0.89 %),0,0,70000,4669050000,242808586,11.15
08/08/2017,-58050,-3817300000,65.8(-1.35 %),8700,573450000,66750,4390750000,242799886,11.15
09/08/2017,-8000,-525000000,65.5(-0.46 %),0,0,8000,525000000,242799946,11.15
10/08/2017,-35000,-2257600000,64.3(-1.83 %),0,0,35000,2257600000,242869946,11.14
11/08/2017,-53420,-3370980000,63(-2.02 %),83300,5232730000,136720,8603710000,242935396,11.13
14/08/2017,-105510,-6469570000,61.5(-2.38 %),6570,404060000,112080,6873630000,242936826,11.13
15/08/2017,-74320,-4606370000,62(0.81 %),300,18570000,74620,4624940000,242971526,11.12
16/08/2017,-16700,-1028680000,62.1(0.16 %),0,0,16700,1028680000,243026246,11.11
17/08/2017,0,0,61.9(-0.32 %),0,0,0,0,243138326,11.1
18/08/2017,1340,82820000,62(0.16 %),1340,82820000,0,0,243211606,11.08
21/08/2017,-95520,-5854820000,61.2(-1.29 %),1600,99200000,97120,5954020000,243226706,11.08
22/08/2017,13270,810960000,61.2(0.00 %),13270,810960000,0,0,243213436,11.08
23/08/2017,162170,10041480000,62.8(2.61 %),163270,10110230000,1100,68750000,243050166,11.11
24/08/2017,5610,363790000,62.6(-0.32 %),113270,7116250000,107660,6752460000,243034016,11.11
25/08/2017,-98230,-6032380000,61.9(-1.12 %),132280,8147610000,230510,14179990000,242901736,11.14
28/08/2017,-246310,-15033370000,61.1(-1.29 %),13850,845670000,260160,15879040000,242888986,11.14
29/08/2017,-572090,-34327240000,60.1(-1.64 %),14600,875340000,586690,35202580000,242982046,11.12
30/08/2017,-296280,-17545450000,60.1(0.00 %),13430,796190000,309710,18341640000,243199126,11.09
31/08/2017,-237320,-13884990000,60.2(0.17 %),336000,20129140000,573320,34014130000,243123286,11.1
01/09/2017,5000,299460000,60.3(0.17 %),18400,1101010000,13400,801550000,243691576,11.0
05/09/2017,-365100,-21542380000,60.2(-0.17 %),3490,204400000,368590,21746780000,243997796,10.95
06/09/2017,-617870,-36532360000,60.2(0.00 %),9050,532150000,626920,37064510000,244562066,10.85
07/09/2017,-619060,-36838320000,60(-0.33 %),50000,2960210000,669060,39798530000,244525466,10.86
08/09/2017,-363840,-21609510000,60(0.00 %),0,0,363840,21609510000,244894056,10.8
11/09/2017,-230610,-13704390000,60(0.00 %),95720,5707480000,326330,19411870000,245425256,10.71
12/09/2017,104880,6382950000,60.8(1.33 %),154930,9365780000,50050,2982830000,245939386,10.62
13/09/2017,-649500,-38975360000,60(-1.32 %),33170,1997290000,682670,40972650000,246270056,10.56
14/09/2017,-346000,-20674860000,60.3(0.50 %),19070,1146480000,365070,21821340000,246577316,10.51
15/09/2017,803870,51364330000,63.9(5.97 %),1113080,71122850000,309210,19758520000,245514286,10.69
18/09/2017,-3930,-243320000,62.1(-2.82 %),15270,956260000,19200,1199580000,246181686,10.58
19/09/2017,-21530,-1339180000,61.9(-0.32 %),1050,65300000,22580,1404480000,246545706,10.52
20/09/2017,-122720,-7579850000,61.8(-0.16 %),2200,135960000,124920,7715810000,246852716,10.47
21/09/2017,-78000,-4810520000,61.7(-0.16 %),0,0,78000,4810520000,246871916,10.46
22/09/2017,-69430,-4268710000,61.6(-0.16 %),0,0,69430,4268710000,246894496,10.46
25/09/2017,-49740,-3054030000,61.5(-0.16 %),260,15970000,50000,3070000000,247019156,10.44
26/09/2017,2000,122600000,61.4(-0.16 %),2000,122600000,0,0,247095156,10.42
27/09/2017,-300,-18430000,61.4(0.00 %),150,9200000,450,27630000,247164436,10.41
28/09/2017,-13470,-827060000,61.4(0.00 %),0,0,13470,827060000,247214436,10.4
29/09/2017,4990,306940000,61.5(0.16 %),9930,610750000,4940,303810000,247204506,10.41
02/10/2017,0,0,61.5(0.00 %),0,0,0,0,247204956,9.74
03/10/2017,0,0,61.4(-0.16 %),0,0,0,0,247218426,9.74
04/10/2017,10000,614000000,61.4(0.00 %),11000,675400000,1000,61400000,247212366,9.74
05/10/2017,850,52190000,61.4(0.00 %),910,55870000,60,3680000,247211456,9.74
06/10/2017,0,0,61.4(0.00 %),0,0,0,0,247211456,9.74
09/10/2017,5550,340800000,61.4(0.00 %),5550,340800000,0,0,247206906,9.74
10/10/2017,0,0,61.4(0.00 %),0,0,0,0,247206966,9.74
11/10/2017,300,18450000,61.5(0.16 %),300,18450000,0,0,247206666,9.74
12/10/2017,3860,237540000,61.6(0.16 %),3860,237540000,0,0,247202806,9.74
13/10/2017,70,4310000,61.7(0.16 %),70,4310000,0,0,247202736,9.74
16/10/2017,-66640,-4184040000,62.8(1.78 %),4100,258450000,70740,4442490000,247198636,9.74
17/10/2017,3000,190840000,63.1(0.48 %),3000,190840000,0,0,247195636,9.74
18/10/2017,-400,-25140000,62.6(-0.79 %),0,0,400,25140000,247195636,9.74
19/10/2017,69040,4365270000,62.9(0.48 %),78040,4933670000,9000,568400000,247188336,9.74
20/10/2017,-27720,-1725680000,62.2(-1.11 %),0,0,27720,1725680000,247188336,9.74
23/10/2017,520,33760000,61.6(-0.96 %),19710,1216860000,19190,1183100000,247169026,9.75
24/10/2017,-46860,-2876620000,61.5(-0.16 %),800,48960000,47660,2925580000,247177226,9.74
25/10/2017,-4169090,-250289230000,60.8(-1.14 %),2500,151250000,4171590,250440480000,247202446,9.74
26/10/2017,-24190,-1458260000,60.7(-0.16 %),1180,71590000,25370,1529850000,247220456,9.74
27/10/2017,-1000,-60500000,61(0.49 %),0,0,1000,60500000,247268116,9.73
30/10/2017,420,25630000,61(0.00 %),420,25630000,0,0,251439286,9.07
31/10/2017,-16330,-993200000,60.9(-0.16 %),150,9120000,16480,1002320000,251464506,9.68
01/11/2017,-46620,-2829450000,60.8(-0.16 %),10860,660110000,57480,3489560000,251454646,9.68
02/11/2017,293280,18130790000,61.8(1.64 %),303980,18787400000,10700,656610000,251150666,9.74
03/11/2017,-41630,-2555140000,61.5(-0.49 %),19660,1214200000,61290,3769340000,251147486,9.74
06/11/2017,-53050,-3264070000,61.4(-0.16 %),3000,184200000,56050,3448270000,251201966,9.73
07/11/2017,-20580,-1261690000,61.2(-0.33 %),3110,190650000,23690,1452340000,251209556,9.73
08/11/2017,-11570,-703490000,61(-0.33 %),430,26160000,12000,729650000,251270416,9.72
09/11/2017,-1820,-111080000,60.4(-0.98 %),1530,92080000,3350,203160000,251324936,9.71
10/11/2017,0,0,60.8(0.66 %),0,0,0,0,251348626,9.7
13/11/2017,3600,218880000,60.8(0.00 %),3800,231040000,200,12160000,251356826,9.18
14/11/2017,110,6670000,60.7(-0.16 %),110,6670000,0,0,251360066,9.18
15/11/2017,5040,305710000,60.7(0.00 %),5040,305710000,0,0,251355026,9.18
16/11/2017,2580,158030000,60.9(0.33 %),3900,238680000,1320,80650000,251351326,9.18
17/11/2017,-68090,-4151850000,60.8(-0.16 %),18700,1141230000,86790,5293080000,251332626,9.18
20/11/2017,-268670,-16050450000,59.8(-1.64 %),42990,2571610000,311660,18622060000,251289636,9.19
21/11/2017,-251140,-14991380000,59.7(-0.17 %),56830,3393420000,307970,18384800000,251234126,9.2
22/11/2017,-114200,-6876700000,60.5(1.34 %),119020,7168270000,233220,14044970000,251201896,9.2
23/11/2017,-2422100,-145411990000,60.1(-0.66 %),20570,1236360000,2442670,146648350000,251492986,9.16
24/11/2017,-223580,-13376460000,59.9(-0.33 %),10,600000,223590,13377060000,251800946,9.11
27/11/2017,54920,3326580000,60.7(1.34 %),55640,3369830000,720,43250000,251978526,9.08
28/11/2017,42100,2619240000,61.9(1.98 %),52100,3243740000,10000,624500000,254369096,8.7
29/11/2017,-71660,-4475930000,62.3(0.65 %),3740,234760000,75400,4710690000,254588946,8.66
30/11/2017,-386030,-23975290000,61.6(-1.12 %),2910,181880000,388940,24157170000,254586756,8.66
01/12/2017,-57100,-3542840000,61.7(0.16 %),12430,768470000,69530,4311310000,254584326,8.66
04/12/2017,-134330,-8287790000,61.5(-0.32 %),5920,365890000,140250,8653680000,254653806,8.65
05/12/2017,7960,489410000,61.3(-0.33 %),7960,489410000,0,0,255034786,8.59
06/12/2017,-6039840,-368434220000,61.1(-0.33 %),34990,2144250000,6074830,370578470000,255069326,8.58
07/12/2017,-124460,-7685580000,61.5(0.65 %),5960,368030000,130420,8053610000,255203616,8.56
08/12/2017,28510,1777030000,62.3(1.30 %),28510,1777030000,0,0,255175106,8.57
11/12/2017,17760,1104060000,61.5(-1.28 %),93160,5783730000,75400,4679670000,261156776,7.61
12/12/2017,-5371680,-327573970000,62.5(1.63 %),128320,7926030000,5500000,335500000000,261158876,7.61
13/12/2017,53960,3372910000,62.3(-0.32 %),119530,7440190000,65570,4067280000,261039346,7.63
14/12/2017,-2002820,-122181880000,61.6(-1.12 %),10180,629320000,2013000,122811200000,261104566,7.61
15/12/2017,719450,44531080000,61.9(0.49 %),907260,56158970000,187810,11627890000,265697306,6.88
18/12/2017,-14600,-905190000,61.6(-0.48 %),700,43250000,15300,948440000,265762176,6.87
19/12/2017,-28970,-1796950000,61.5(-0.16 %),21030,1307860000,50000,3104810000,267754146,6.55
20/12/2017,-1300,-79970000,61.5(0.00 %),200,12280000,1500,92250000,267941756,6.52
21/12/2017,-9610,-593210000,61.4(-0.16 %),1200,74160000,10810,667370000,267955856,6.51
22/12/2017,-18290,-1125770000,61.5(0.16 %),31710,1942230000,50000,3068000000,267974146,6.51
25/12/2017,-2010120,-124129430000,61.6(0.16 %),200,12280000,2010320,124141710000,267975446,6.51
26/12/2017,2760,171470000,61.8(0.32 %),5000,310000000,2240,138530000,267981256,6.51
27/12/2017,4730,293820000,62.5(1.13 %),5030,312440000,300,18620000,268026226,6.5
28/12/2017,34910,2207860000,63.3(1.28 %),40110,2537940000,5200,330080000,269996436,6.19
29/12/2017,-1668770,-103263960000,65.1(2.84 %),73190,4757560000,1741960,108021520000,269925486,6.2
02/01/2018,12830,837770000,65.5(0.61 %),13300,868510000,470,30740000,269912486,6.2
03/01/2018,84660,5612550000,66.9(2.14 %),84660,5612550000,0,0,269833026,6.21
04/01/2018,84910,5689910000,67.6(1.05 %),84910,5689910000,0,0,271490076,5.95
05/01/2018,77770,5276280000,68.2(0.89 %),80290,5448390000,2520,172110000,271410256,5.96
08/01/2018,134720,9292920000,69.6(2.05 %),138920,9579820000,4200,286900000,271271336,5.98
09/01/2018,90850,6423860000,72(3.45 %),97350,6883460000,6500,459600000,271173986,6.0
10/01/2018,114570,8353340000,73(1.39 %),117130,8540860000,2560,187520000,271059376,6.02
11/01/2018,152690,11347380000,75(2.74 %),153790,11429410000,1100,82030000,270909786,6.04
12/01/2018,90790,6872680000,75.7(0.93 %),91790,6948380000,1000,75700000,270824496,6.05
15/01/2018,87650,6699080000,78(3.04 %),112140,8579720000,24490,1880640000,270714916,6.07
16/01/2018,62740,4930490000,77.9(-0.13 %),72740,5716190000,10000,785700000,270643276,6.08
17/01/2018,34420,2690650000,77.9(0.00 %),84480,6625650000,50060,3935000000,270559796,6.1
18/01/2018,17270,1329580000,78.5(0.77 %),79820,6233990000,62550,4904410000,270504466,6.11
19/01/2018,88490,7038990000,80.6(2.68 %),88580,7046160000,90,7170000,270425886,6.12
22/01/2018,99950,8268730000,83.6(3.72 %),101460,8393620000,1510,124890000,270374486,6.06
25/01/2018,-162860,-13836000000,84.6(1.20 %),112780,9551410000,275640,23387410000,280125756,5.88
26/01/2018,12040,1005120000,84.5(-0.12 %),59660,5041890000,47620,4036770000,280066096,5.89
29/01/2018,100650,8202530000,81(-4.14 %),103030,8402040000,2380,199510000,279963066,5.91
30/01/2018,-133430,-10666860000,80(-1.23 %),137360,10978150000,270790,21645010000,280101346,5.88
31/01/2018,9420,753640000,80.3(0.38 %),16770,1341490000,7350,587850000,280132196,5.88
01/02/2018,-5200,-417380000,80.4(0.12 %),900,72260000,6100,489640000,280133676,5.88
02/02/2018,70110,5681350000,81.5(1.37 %),85320,6917330000,15210,1235980000,280319146,5.85
05/02/2018,73800,6011510000,81.6(0.12 %),93960,7655520000,20160,1644010000,280232536,5.86
06/02/2018,-8940,-718660000,81.8(0.25 %),12350,1005520000,21290,1724180000,280226286,5.87
07/02/2018,-170500,-13897510000,80.7(-1.34 %),1700,138900000,172200,14036410000,280239796,5.86
08/02/2018,-302360,-24216790000,80(-0.87 %),1140,91310000,303500,24308100000,280258816,5.86
09/02/2018,-132980,-10576230000,80(0.00 %),20,1590000,133000,10577820000,280280086,5.86
12/02/2018,-489040,-38693490000,79(-1.25 %),890,71030000,489930,38764520000,280451396,5.83
13/02/2018,-63890,-5077210000,80(1.27 %),790,62150000,64680,5139360000,280754106,5.78
21/02/2018,-14920,-1200980000,80.4(0.50 %),19860,1594810000,34780,2795790000,280867246,5.77
22/02/2018,103720,8368750000,80.7(0.37 %),105020,8473400000,1300,104650000,281252156,5.71
23/02/2018,22130,1794640000,82(1.61 %),23630,1916440000,1500,121800000,281293206,5.7
26/02/2018,-12840,-1068870000,82.7(0.85 %),7550,620150000,20390,1689020000,281320436,5.7
27/02/2018,65790,5520730000,84.2(1.81 %),65790,5520730000,0,0,281255946,5.71
28/02/2018,-86170,-7398140000,85.8(1.90 %),5040,433470000,91210,7831610000,281252406,5.71
01/03/2018,28980,2509240000,88.3(2.91 %),30280,2624030000,1300,114790000,281242516,5.71
02/03/2018,-13640,-1196040000,85.8(-2.83 %),2440,211050000,16080,1407090000,281240076,5.71
05/03/2018,-140080,-11583770000,81(-5.59 %),17550,1454930000,157630,13038700000,281313736,5.7
06/03/2018,-90290,-7179720000,79.1(-2.35 %),2550,202750000,92840,7382470000,281312486,5.7
07/03/2018,3520,277820000,79.2(0.13 %),4920,388100000,1400,110280000,281323646,5.7
08/03/2018,4720,384460000,80.4(1.52 %),4820,392420000,100,7960000,281476456,5.67
09/03/2018,-5830,-468400000,80.6(0.25 %),14050,1137920000,19880,1606320000,281555246,5.66
12/03/2018,50600,4069770000,79.7(-1.12 %),52100,4190370000,1500,120600000,281504546,5.67
13/03/2018,-6870,-540630000,78.8(-1.13 %),7960,631390000,14830,1172020000,281496686,5.67
14/03/2018,8500,670000000,78.9(0.13 %),8500,670000000,0,0,281508066,5.67
15/03/2018,39770,3136460000,78.9(0.00 %),61050,4812510000,21280,1676050000,281448516,5.68
16/03/2018,-2582830,-203785500000,78.9(0.00 %),49350,3893500000,2632180,207679000000,281413996,5.68
19/03/2018,1270,102190000,84.3(6.84 %),1300,104650000,30,2460000,286219577,5.6
20/03/2018,-5860,-508860000,83(-1.54 %),1140,95600000,7000,604460000,286239717,5.6
21/03/2018,7350,603550000,81.5(-1.81 %),43560,3592750000,36210,2989200000,288828337,5.2
22/03/2018,296990,24392440000,82.6(1.35 %),302240,24824370000,5250,431930000,288526127,5.25
23/03/2018,-458910,-36546680000,79.5(-2.81 %),23820,1908960000,482730,38455640000,288509307,5.25
26/03/2018,2510,199180000,79.6(0.13 %),3380,269010000,870,69830000,288542137,5.25
27/03/2018,16100,1039220000,65(6.96 %),16100,1039220000,0,0,288531287,5.25
28/03/2018,-969150,-67364020000,66.1(1.69 %),122780,8521920000,1091930,75885940000,288891237,5.19
29/03/2018,47060,3126190000,66.3(0.30 %),47060,3126190000,0,0,288845047,5.2
30/03/2018,46220,3143720000,69.2(4.37 %),51320,3491780000,5100,348060000,288793727,5.21
02/04/2018,-37580,-2670630000,72(4.05 %),16330,1165620000,53910,3836250000,289869327,5.05
03/04/2018,608230,45478200000,76.8(6.67 %),638280,47670040000,30050,2191840000,289231047,5.14
04/04/2018,440930,31302380000,77(0.26 %),546200,39356590000,105270,8054210000,288689947,5.22
05/04/2018,1516420,108819400000,78(1.30 %),1521520,109207050000,5100,387650000,287222337,5.45
06/04/2018,-810170,-61732420000,76.5(-1.92 %),12860,977390000,823030,62709810000,287239527,5.44
09/04/2018,-291060,-21850900000,73.1(-4.44 %),90430,6743240000,381490,28594140000,287254367,5.44
10/04/2018,-295750,-21416120000,72.5(-0.82 %),68160,4917820000,363910,26333940000,287191307,5.45
11/04/2018,-623120,-44713860000,72.5(0.00 %),75080,5390850000,698200,50104710000,287939257,5.34
12/04/2018,-304710,-21894080000,73.8(1.79 %),71450,5189440000,376160,27083520000,288249297,5.29
13/04/2018,-15240,-1127860000,74.5(0.95 %),5860,437000000,21100,1564860000,288607347,5.24
16/04/2018,7980,583890000,72.9(-2.15 %),7980,583890000,0,0,289297567,5.13
17/04/2018,3200,228330000,70.9(-2.74 %),9970,708200000,6770,479870000,289663757,5.08
18/04/2018,-195780,-13744930000,69.8(-1.55 %),7450,526350000,203230,14271280000,289677407,5.07
19/04/2018,-454980,-31733790000,69.8(0.00 %),1780,123270000,456760,31857060000,378237373,5.11
20/04/2018,52198270,3391345080000,69.8(0.00 %),52570250,3417404750000,371980,26059670000,325673893,11.21
23/04/2018,-134270,-9368910000,69.8(0.00 %),16190,1135000000,150460,10503910000,325860933,11.19
24/04/2018,-219380,-15286180000,71(1.72 %),9490,662010000,228870,15948190000,326308203,11.14
26/04/2018,-1467150,-99949370000,66.1(-6.90 %),1569915,108946210000,3037065,208895580000,326160883,11.15
27/04/2018,-421090,-26035200000,61.5(-6.96 %),217720,13399620000,638810,39434820000,326093623,11.16
02/05/2018,171180,9944290000,58.2(-5.37 %),2148050,124220080000,1976870,114275790000,324174443,11.38
03/05/2018,-431400,-25734160000,54.2(-6.87 %),586310,31964490000,1017710,57698650000,326107083,11.16
04/05/2018,-2360,-357290000,52(-4.06 %),934950,48499750000,937310,48857040000,326310943,11.14
07/05/2018,181530,9482680000,53.9(3.65 %),342880,17916690000,161350,8434010000,327944933,10.95
08/05/2018,17198,626890000,56.7(5.19 %),427920,23843730000,410722,23216840000,328102223,10.93
09/05/2018,-94900,-6097260000,56.6(-0.18 %),167160,9372090000,262060,15469350000,328376573,10.9
10/05/2018,392410,21282730000,56(-1.06 %),398240,21610550000,5830,327820000,328139683,10.92
11/05/2018,-51390,-2835910000,55.5(-0.89 %),179960,9868890000,231350,12704800000,328270445,10.91
14/05/2018,-61200,-3615690000,54(-2.70 %),207740,10967670000,268940,14583360000,328324765,10.9
15/05/2018,-343930,-19119950000,53.5(-0.93 %),229550,12215780000,573480,31335730000,328101045,10.93
16/05/2018,-224050,-12543030000,52.6(-1.68 %),521180,27133630000,745230,39676660000,327811215,10.96
17/05/2018,24350,943230000,52.6(0.00 %),623380,31664490000,599030,30721260000,327456775,11.0
18/05/2018,-82470,-4309950000,53(0.76 %),107530,5617980000,190000,9927930000,327922725,10.95
21/05/2018,-169440,-9302140000,52(-1.89 %),202560,10039090000,372000,19341230000,328465395,10.89
22/05/2018,-938770,-47525000000,50.4(-3.08 %),170280,8418220000,1109050,55943220000,328894145,10.84
23/05/2018,-888140,-44629490000,50.2(-0.40 %),53730,2671360000,941870,47300850000,329030415,10.82
24/05/2018,-98940,-5034350000,50.6(0.80 %),973400,49185810000,1072340,54220160000,328429015,10.89
25/05/2018,94910,4920310000,52(2.77 %),691670,35574010000,596760,30653700000,328846404,10.84
28/05/2018,-27360,-2097240000,51(-1.92 %),902260,46924780000,929620,49022020000,328886014,10.84
29/05/2018,77860,3837730000,53.1(4.12 %),919680,48717180000,841820,44879450000,329038674,10.82
30/05/2018,-449840,-23601710000,50.8(-4.33 %),37950,1938680000,487790,25540390000,329597484,10.75
31/05/2018,-277130,-14364840000,51(0.39 %),397370,20726960000,674500,35091800000,330129734,10.69
01/06/2018,27310,705380000,51.6(1.18 %),216660,10494660000,189350,9789280000,330754894,10.62
04/06/2018,-237680,-12498210000,52.1(0.97 %),51190,2659890000,288870,15158100000,331191494,10.57
05/06/2018,-178950,-9315090000,52.1(0.00 %),50330,2613940000,229280,11929030000,331815664,10.5
06/06/2018,-127170,-6623670000,52.2(0.19 %),16690,867850000,143860,7491520000,331988324,10.48
07/06/2018,-420240,-22465100000,54.5(4.41 %),47900,2579840000,468140,25044940000,332229294,10.45
08/06/2018,-144740,-7768790000,54(-0.92 %),312140,16753610000,456880,24522400000,332146434,10.46
11/06/2018,-440620,-23548740000,53.5(-0.93 %),129570,6976710000,570190,30525450000,332160724,10.46
12/06/2018,714420,37179540000,53.6(0.19 %),1333970,69799280000,619550,32619740000,331294894,10.56
13/06/2018,-215780,-11280030000,53.3(-0.56 %),126860,6684990000,342640,17965020000,331624914,10.52
14/06/2018,-592400,-30877250000,52.6(-1.31 %),103280,5400190000,695680,36277440000,332091824,10.46
15/06/2018,723050,38542410000,53(0.76 %),2816590,149234830000,2093540,110692420000,329894784,10.72
18/06/2018,-137580,-7090240000,51.7(-2.45 %),27170,1409260000,164750,8499500000,355935254,10.07
19/06/2018,-152510,-7690000000,50.3(-2.71 %),35490,1795670000,188000,9485670000,356595444,10.0
20/06/2018,-192320,-9580710000,50.4(0.20 %),101290,5115970000,293610,14696680000,358587694,9.78
21/06/2018,-127730,-6367560000,50.2(-0.40 %),115060,5753040000,242790,12120600000,358637384,9.77
22/06/2018,-60940,-3049670000,50.5(0.60 %),2300,114800000,63240,3164470000,358823084,9.75
25/06/2018,-133950,-6767040000,50.7(0.40 %),1070,53540000,135020,6820580000,359115624,9.72
26/06/2018,-4430,-229040000,50.5(-0.39 %),66070,3323730000,70500,3552770000,359292344,9.7
27/06/2018,44980,2264430000,50.6(0.20 %),127820,6442000000,82840,4177570000,359227764,9.71
28/06/2018,-56360,-2848340000,50.7(0.20 %),10,510000,56370,2848850000,359362774,9.69
29/06/2018,-92780,-4704196000,51(0.59 %),19120,969384000,111900,5673580000,359455554,0.0
02/07/2018,-70810,-3574290000,51.1(0.20 %),1220,61730000,72030,3636020000,359495777,9.68
03/07/2018,-280620,-14061780000,50(-2.15 %),40,2000000,280660,14063780000,359552107,9.67
04/07/2018,-298450,-14939980000,50.1(0.20 %),40690,2038070000,339140,16978050000,359623317,9.67
05/07/2018,-262420,-13110980000,50(-0.20 %),39020,1949760000,301440,15060740000,359656327,9.66
06/07/2018,-461640,-23338750000,52(4.00 %),0,0,461640,23338750000,359936987,9.63
09/07/2018,-290380,-14751820000,51.1(-1.73 %),8620,439110000,299000,15190930000,360267507,9.6
10/07/2018,-253130,-12788580000,50.5(-1.17 %),62400,3157850000,315530,15946430000,360506547,9.57
11/07/2018,8490,441010000,50.6(0.20 %),74850,3781980000,66360,3340970000,360893337,9.53
12/07/2018,-45970,-2340881000,50.8(0.40 %),30,1515000,46000,2342396000,360939307,0.0
13/07/2018,-22130,-1129200000,51.4(1.18 %),430,21800000,22560,1151000000,361507407,9.46
16/07/2018,-86000,-4430910000,51.8(0.78 %),8000,414400000,94000,4845310000,361565775,9.45
17/07/2018,-6080,-311690000,52.1(0.58 %),92730,4813930000,98810,5125620000,361519045,9.46
18/07/2018,-551780,-29572314000,54.8(5.18 %),48640,2586517000,600420,32158831000,362070825,0.0
19/07/2018,-16480,-914130000,55.8(1.82 %),21840,1204460000,38320,2118590000,361565125,9.45
20/07/2018,10850,601210000,55.4(-0.72 %),28050,1558170000,17200,956960000,361635885,9.45
23/07/2018,7690,464677000,57.5(3.79 %),39110,2248780000,31420,1784103000,361628195,0.0
24/07/2018,-15220,-866990000,57(-0.87 %),21850,1242690000,37070,2109680000,362213665,9.38
25/07/2018,21050,1216260000,57.7(1.23 %),43970,2530210000,22920,1313950000,362186895,9.39
26/07/2018,164140,9614370000,60.1(4.16 %),196240,11494410000,32100,1880040000,362022075,9.4
27/07/2018,38820,2313250000,61(1.50 %),166090,9962660000,127270,7649410000,361893055,9.42
30/07/2018,-20440,-1234380000,60.6(-0.66 %),18000,1081000000,38440,2315380000,361897975,9.42
31/07/2018,-415460,-25395299000,62(2.31 %),17280,1043528000,432740,26438827000,362313435,0.0
01/08/2018,-513450,-31586110000,62(0.00 %),21610,1313845000,535060,32899955000,224630644,7.44
02/08/2018,-230470,-14125230000,61.5(-0.81 %),62780,3848680000,293250,17973910000,361994115,9.41
03/08/2018,-249000,-15346860000,62(0.81 %),300800,18567360000,549800,33914220000,362408055,9.36
06/08/2018,-219700,-13603956000,61.8(-0.32 %),700,43330000,220400,13647286000,362627755,0.0
07/08/2018,-147690,-9161839000,62.3(0.81 %),201780,12491587000,349470,21653426000,362775445,0.0
08/08/2018,-275400,-17319200000,62.9(0.96 %),150,9350000,275550,17328550000,363401535,9.25
09/08/2018,-397400,-24884420000,63(0.16 %),1000,62380000,398400,24946800000,363620935,9.23
10/08/2018,-84400,-5404440000,65(3.17 %),320180,20516060000,404580,25920500000,363869905,9.2
13/08/2018,-314670,-20188010000,64.5(-0.77 %),40,2560000,314710,20190570000,364145415,9.17
14/08/2018,-101080,-6545570000,65.4(1.40 %),1590,102710000,102670,6648280000,364542225,9.13
15/08/2018,-228700,-14854130000,65.2(-0.31 %),6020,393110000,234720,15247240000,364621105,9.12
16/08/2018,-511470,-33154080000,65.2(0.00 %),3000,194100000,514470,33348180000,364932815,9.09
17/08/2018,-194190,-12675000000,65.5(0.46 %),5010,326253000,199200,13001253000,365127005,0.0
20/08/2018,-480510,-31105788000,65.3(-0.31 %),0,0,480510,31105788000,365607515,0.0
21/08/2018,-88210,-5765240000,65.3(0.00 %),30,1960000,88240,5767200000,365779635,8.99
22/08/2018,-263260,-16734770000,64.9(-0.61 %),1290,84310000,264550,16819080000,365977545,8.97
23/08/2018,-495720,-31576130000,64(-1.39 %),56620,3602920000,552340,35179050000,366401435,8.92
24/08/2018,-105260,-6770599000,65(1.56 %),0,0,105260,6770599000,366506695,0.0
27/08/2018,-19280,-1254840000,65.1(0.15 %),219620,14243040000,238900,15497880000,366734605,8.89
28/08/2018,-277000,-17660340000,65(-0.15 %),3190,205760000,280190,17866100000,367283755,8.83
29/08/2018,-27260,-1769920000,64.9(-0.15 %),960,61470000,28220,1831390000,367388055,8.82
30/08/2018,-122890,-7928340000,65(0.15 %),29220,1894210000,152110,9822550000,367397735,8.82
31/08/2018,-57710,-3750130000,65(0.00 %),0,0,57710,3750130000,367677925,8.79
04/09/2018,-266370,-17098414000,64.8(-0.31 %),0,0,266370,17098414000,224630644,7.44
05/09/2018,-552350,-35120610000,63.6(-1.85 %),9780,622290000,562130,35742900000,367848475,8.77
06/09/2018,-163270,-10468474000,65(2.20 %),30,1905000,163300,10470379000,368011745,0.0
07/09/2018,-302170,-19424629000,65.1(0.15 %),1030,66235000,303200,19490864000,368313915,0.0
10/09/2018,-234960,-15194040000,66(1.38 %),3640,233210000,238600,15427250000,368729985,8.67
11/09/2018,-112000,-7260710000,66.5(0.76 %),58550,3812160000,170550,11072870000,368834735,8.66
12/09/2018,-79590,-5357580000,67.7(1.80 %),44530,2992200000,124120,8349780000,369093405,8.63
13/09/2018,-27640,-1880040000,67.9(0.30 %),0,0,27640,1880040000,369332005,8.6
14/09/2018,-95800,-6476090000,67.8(-0.15 %),60,4020000,95860,6480110000,369502495,8.59
17/09/2018,9800,660410000,67.2(-0.88 %),36310,2437430000,26510,1777020000,369590305,8.58
18/09/2018,21030,1411420000,67.3(0.15 %),21210,1423510000,180,12090000,369596739,8.58
19/09/2018,10320,703140000,66(-1.93 %),150180,10025050000,139860,9321910000,369653939,8.57
20/09/2018,8030,524410000,64.5(-2.27 %),33630,2191720000,25600,1667310000,369646819,8.57
21/09/2018,-3001710,-179817990000,60(-6.98 %),1799960,109001010000,4801670,288819000000,367847039,8.77
24/09/2018,112540,7189961000,64.1(6.83 %),129730,8289271000,17190,1099310000,367734499,8.85
25/09/2018,16290,1059110640,65.1(1.56 %),22640,1471962240,6350,412851600,367718209,8.85
26/09/2018,110350,7119009550,64.8(-0.46 %),110560,7132557280,210,13547730,367607859,8.86
27/09/2018,236670,15401390000,66.5(2.62 %),274240,17850140000,37570,2448750000,372144599,8.3
28/09/2018,-47800,-3163631000,66.5(0.00 %),21840,1452355000,69640,4615986000,372192399,8.35
01/10/2018,-128380,-8353130000,64.8(-2.56 %),730,47500000,129110,8400630000,372128584,8.3
02/10/2018,-35750,-2293024000,64.3(-0.77 %),21350,1371062000,57100,3664086000,372164334,8.36
03/10/2018,-62930,-4000690000,64(-0.47 %),10,630000,62940,4001320000,372214434,8.29
04/10/2018,-40940,-2605380000,64(0.00 %),17310,1104250000,58250,3709630000,372326234,8.28
05/10/2018,-68270,-4347210000,63.8(-0.31 %),49790,3171290000,118060,7518500000,372333544,8.28
08/10/2018,-799460,-50584080000,63.5(-0.47 %),10,630000,799470,50584710000,372396474,8.27
09/10/2018,-93000,-5937560000,64.9(2.20 %),0,0,93000,5937560000,372454724,8.26
10/10/2018,-944020,-60259780000,64(-1.39 %),22050,1425112000,966070,61684892000,373398744,8.22
11/10/2018,-211630,-13423660000,63.8(-0.31 %),26250,1674750000,237880,15098410000,373610374,8.2
12/10/2018,-120180,-7920710000,68(6.58 %),31240,2004610000,151420,9925320000,373730554,8.18
15/10/2018,-126620,-8550070000,69.8(2.65 %),0,0,126620,8550070000,374351784,8.06
16/10/2018,64230,4594074000,72.8(4.30 %),76850,5492880000,12620,898806000,374287554,8.12
17/10/2018,99080,7218968000,73.4(0.82 %),105620,7696368000,6540,477400000,374188474,8.13
18/10/2018,14390,1037790000,72.1(-1.77 %),15140,1092090000,750,54300000,374670094,8.02
19/10/2018,-536320,-37507827000,70(-2.91 %),20240,1426607000,556560,38934434000,375206414,8.02
22/10/2018,-104010,-7343760000,71(1.43 %),0,0,104010,7343760000,374669014,8.02
23/10/2018,-77610,-5434769000,70.9(-0.14 %),22780,1615102000,100390,7049871000,374746624,8.07
24/10/2018,-465500,-33377073000,72.9(2.82 %),1230,87130000,466730,33464203000,375212124,8.02
25/10/2018,-322180,-23436820000,74.5(2.19 %),39600,2914780000,361780,26351600000,375266724,7.96
26/10/2018,-609240,-44384830000,73.1(-1.88 %),560,41050000,609800,44425880000,375366554,7.94
29/10/2018,-64350,-4584780000,71.2(-2.60 %),170,12140000,64520,4596920000,375833114,7.89
30/10/2018,-223020,-15555261000,70.2(-1.40 %),1170,81802000,224190,15637063000,376056134,7.93
31/10/2018,-65820,-4595167000,71.1(1.28 %),144830,10297413000,210650,14892580000,376121954,7.92
01/11/2018,-63330,-4498540000,71(-0.14 %),5000,357500000,68330,4856040000,376718214,7.8
02/11/2018,-366760,-25975908000,71.1(0.14 %),0,0,366760,25975908000,377084974,7.81
05/11/2018,-4480,-314270000,69.9(-1.69 %),3000,208930000,7480,523200000,377150054,7.75
06/11/2018,1810,126580000,69.8(-0.14 %),2010,140500000,200,13920000,377148244,7.81
07/11/2018,-25030,-1727390000,69.2(-0.86 %),0,0,25030,1727390000,377583134,7.7
08/11/2018,-438310,-30200630000,69(-0.29 %),40,2780000,438350,30203410000,377590574,7.7
09/11/2018,-19940,-1397400000,70.1(1.59 %),60,4140000,20000,1401540000,377590714,7.7
12/11/2018,-100000,-6907310000,70.7(0.86 %),0,0,100000,6907310000,377615744,7.7
13/11/2018,-1340,-93681000,70.9(0.28 %),8660,606987000,10000,700668000,377617084,7.76
14/11/2018,-244790,-17369145000,70.9(0.00 %),52030,3690258000,296820,21059403000,377861874,7.73
15/11/2018,-8470,-604620000,72(1.55 %),76000,5472000000,84470,6076620000,378037404,7.65
16/11/2018,-107580,-7540820000,69.7(-3.19 %),60,4160000,107640,7544980000,378047344,7.65
19/11/2018,-41700,-2890650000,69.4(-0.43 %),20000,1384100000,61700,4274750000,378324164,7.62
20/11/2018,-67930,-4635760000,69.2(-0.29 %),11000,750530000,78930,5386290000,378397634,7.61
21/11/2018,-67220,-4576960000,67.6(-2.31 %),27300,1845670000,94520,6422630000,378477974,7.6
22/11/2018,-34940,-2372930000,67.7(0.15 %),250,16930000,35190,2389860000,378539424,7.6
23/11/2018,-41560,-2805009080,68.1(0.59 %),0,0,41560,2805009080,378580984,7.65
26/11/2018,-46000,-3127126000,68.9(1.17 %),0,0,46000,3127126000,378626984,7.64
27/11/2018,-381300,-25997754000,68(-1.31 %),360,24555000,381660,26022309000,379008284,7.6
28/11/2018,-21640,-1487720000,69.1(1.62 %),80,5510000,21720,1493230000,378797684,7.57
29/11/2018,-54860,-3789630000,69.2(0.14 %),0,0,54860,3789630000,378847684,7.56
30/11/2018,-220370,-14992570000,68.1(-1.59 %),18800,1287170000,239170,16279740000,379210544,7.52
03/12/2018,-59930,-4103251000,68.3(0.29 %),18850,1291390000,78780,5394641000,379213414,7.58
04/12/2018,-91010,-6180450000,67.9(-0.59 %),23850,1620850000,114860,7801300000,379267304,7.52
05/12/2018,-82220,-5540946000,67.3(-0.88 %),35770,2406605000,117990,7947551000,379349524,7.57
06/12/2018,-42750,-2932211000,68(1.04 %),15360,1051862000,58110,3984073000,379392274,7.56
07/12/2018,-44000,-3035245000,68.5(0.74 %),0,0,44000,3035245000,379436274,7.56
10/12/2018,-14650,-999360000,68.3(-0.29 %),0,0,14650,999360000,379744094,7.47
11/12/2018,14950,1018020000,68.1(-0.29 %),15210,1035780000,260,17760000,379786994,7.46
12/12/2018,-58870,-4017429000,68(-0.15 %),200,13600000,59070,4031029000,379845864,7.51
13/12/2018,-51880,-3513123000,67.4(-0.88 %),25150,1734967000,77030,5248090000,379897744,7.5
14/12/2018,-52480,-3515750000,67(-0.59 %),30000,2007500000,82480,5523250000,379626974,7.49
17/12/2018,-41990,-2778550000,66.3(-1.04 %),42110,2781300000,84100,5559850000,379643934,7.49
18/12/2018,-313230,-20274550000,64.8(-2.26 %),390,25350000,313620,20299900000,379720574,7.48
19/12/2018,-202910,-12935670000,63.5(-2.01 %),0,0,202910,12935670000,379803054,7.47
20/12/2018,-111070,-7081680000,65(2.36 %),0,0,111070,7081680000,379887154,7.46
21/12/2018,-431090,-27381320000,63.5(-2.31 %),129880,8247380000,560970,35628700000,380070894,7.44
24/12/2018,-472150,-30139860000,64.1(0.94 %),0,0,472150,30139860000,282410890,9.5
25/12/2018,-80650,-5177770000,65.2(1.72 %),0,0,80650,5177770000,282521960,9.48
26/12/2018,-113280,-7231200000,64.2(-1.53 %),30,1905000,113310,7233105000,282635240,7.45
27/12/2018,-140410,-9020720000,64.2(0.00 %),0,0,140410,9020720000,283555050,7.43
28/12/2018,-110470,-7089450000,64.2(0.00 %),29080,1865890000,139550,8955340000,283635700,7.42
02/01/2019,-104990,-6635805000,64.5(0.47 %),0,0,104990,6635805000,283889420,7.32
03/01/2019,-108520,-6838009000,63(-2.33 %),0,0,108520,6838009000,283997940,7.3
04/01/2019,5130,319840000,63.2(0.32 %),5130,319840000,0,0,283994760,7.38
07/01/2019,-153350,-9507840000,62(-1.90 %),30000,1857708000,183350,11365548000,284148110,7.29
08/01/2019,-437060,-25726560000,57.7(-6.94 %),38540,2227260000,475600,27953820000,284139730,7.37
09/01/2019,-915280,-50159580000,58.8(1.91 %),2240,121040000,917520,50280620000,292814440,7.19
10/01/2019,10090,594290000,59.2(0.68 %),10120,596080000,30,1790000,292987670,7.17
11/01/2019,940,55565000,59.3(0.17 %),1070,63323000,130,7758000,292986730,7.27
14/01/2019,-59570,-3435830000,58.1(-2.02 %),1060,60800000,60630,3496630000,294378660,7.02
15/01/2019,43320,2511110000,58.1(0.00 %),43480,2520410000,160,9300000,294335210,7.02
16/01/2019,-15910,-916159000,57.5(-1.03 %),26030,1490639000,41940,2406798000,294351120,6.95
17/01/2019,-57270,-3275060000,56.8(-1.22 %),1110,63580000,58380,3338640000,294368830,7.02
18/01/2019,-49920,-2848410000,57(0.35 %),0,0,49920,2848410000,294368990,7.02
21/01/2019,-99330,-5677730000,57.1(0.18 %),100,5710000,99430,5683440000,294410830,7.01
22/01/2019,-100120,-5685310000,56.9(-0.35 %),33680,1908250000,133800,7593560000,294435530,7.01
23/01/2019,-26220,-1501390000,57.2(0.53 %),35140,2002870000,61360,3504260000,294474060,7.01
24/01/2019,-18460,-1056450000,57.1(-0.17 %),0,0,18460,1056450000,294573490,7.0
25/01/2019,-4200,-242430000,57(-0.18 %),17360,987820000,21560,1230250000,294689930,6.98
28/01/2019,48920,2786800000,57.1(0.18 %),73400,4184450000,24480,1397650000,294654140,6.99
29/01/2019,64850,3707760000,57.4(0.53 %),144850,8261460000,80000,4553700000,294527750,7.0
30/01/2019,-52280,-2991250000,57.1(-0.52 %),83460,4767040000,135740,7758290000,294535290,7.0
31/01/2019,-215830,-12218656000,56.6(-0.88 %),103610,5879450000,319440,18098106000,294638750,6.91
01/02/2019,-150170,-8431808000,56.7(0.18 %),7130,402267000,157300,8834075000,0,0.0
11/02/2019,24810,1424260000,57.5(1.41 %),87460,5035250000,62650,3610990000,294507870,7.0
12/02/2019,-37410,-2159428000,57.5(0.00 %),60500,3478394000,97910,5637822000,294541630,6.93
13/02/2019,-31220,-1800247000,57.5(0.00 %),92540,5321637000,123760,7121884000,294572850,6.92
14/02/2019,-52420,-3049510000,57.9(0.70 %),153660,8951480000,206080,12000990000,294740560,6.98
15/02/2019,-172880,-10021282000,57.5(-0.69 %),48970,2832761000,221850,12854043000,294798150,6.9
18/02/2019,-82030,-4747310000,57.9(0.70 %),140000,8104290000,222030,12851600000,294773260,6.98
19/02/2019,-132870,-7708316000,58(0.17 %),97200,5641730160,230070,13350046160,295013050,6.87
20/02/2019,-121130,-7040070000,58.1(0.17 %),94210,5466830000,215340,12506900000,295147260,6.93
21/02/2019,-180110,-10499708000,58.3(0.34 %),190860,11086969000,370970,21586677000,295314290,6.84
22/02/2019,-176520,-10328620000,58.4(0.17 %),72890,4258620000,249410,14587240000,295292830,6.92
25/02/2019,72340,4373950000,59.8(2.40 %),72540,4386130000,200,12180000,295375630,6.91
26/02/2019,31910,1941810000,59.4(-0.67 %),89410,5378690000,57500,3436880000,295692190,6.88
27/02/2019,197630,11847870000,59.6(0.34 %),213710,12810950000,16080,963080000,295693190,6.88
28/02/2019,72080,4402821000,57.5(-3.52 %),533000,31239847000,460920,26837026000,295116850,6.86
01/03/2019,195230,11485497000,59.2(2.96 %),195240,11486078000,10,581000,295182890,6.86
04/03/2019,115780,6874190000,59.5(0.51 %),145510,8638270000,29730,1764080000,294858220,6.97
05/03/2019,63490,3749880000,58.8(-1.18 %),69540,4107240000,6050,357360000,295249600,6.92
06/03/2019,-108620,-6227184600,57(-3.06 %),30660,1757737800,139280,7984922400,295112240,6.86
07/03/2019,0,0,57.4(0.70 %),0,0,0,0,295112240,6.86
08/03/2019,22290,1294785000,57.5(0.17 %),32000,1855292000,9710,560507000,295089950,6.87
11/03/2019,293290,17494140000,60.1(4.52 %),324020,19328070000,30730,1833930000,294851160,6.97
12/03/2019,633700,39247633000,62.5(3.99 %),673860,41719231000,40160,2471598000,294062960,6.98
13/03/2019,10010,629850000,61.2(-2.08 %),21860,1358740000,11850,728890000,294171290,7.04
14/03/2019,28940,1784440000,61.9(1.14 %),380730,23364290000,351790,21579850000,294168290,7.04
15/03/2019,955920,59729350000,59.9(-3.23 %),3297900,201744250000,2341980,142014900000,291574697,7.32
18/03/2019,-88380,-5292798000,59.2(-1.17 %),5230,313725000,93610,5606523000,291663077,7.23
19/03/2019,-29220,-1717171000,58.4(-1.35 %),103350,6056259540,132570,7773430540,291692297,7.23
20/03/2019,-47410,-2775880000,58.3(-0.17 %),340840,19936820000,388250,22712700000,293170777,7.15
21/03/2019,-32200,-1865020000,57(-2.23 %),56750,3295740000,88950,5160760000,293207637,7.15
22/03/2019,-72970,-4172086000,57.4(0.70 %),2430,138934000,75400,4311020000,291844877,7.22
25/03/2019,-47690,-2685960000,56.4(-1.74 %),50,2820000,47740,2688780000,293374957,7.13
26/03/2019,-71970,-4087640000,56.6(0.35 %),600,34110000,72570,4121750000,293463307,7.12
27/03/2019,-16040,-916087000,56.8(0.35 %),28400,1618060000,44440,2534147000,291980577,7.2
28/03/2019,-201140,-11416649000,56.2(-1.06 %),367500,20919639670,568640,32336288670,292181717,7.18
29/03/2019,-603290,-33750800000,55.8(-0.71 %),16270,914330000,619560,34665130000,293542057,7.11
01/04/2019,0,0,55.5(-0.54 %),0,0,0,0,293586497,7.03
02/04/2019,-66390,-3685847000,55.8(0.54 %),1510,84258000,67900,3770105000,293652887,7.02
03/04/2019,42980,2415690000,56.2(0.72 %),43980,2471890000,1000,56200000,294424167,7.01
04/04/2019,23010,1302468000,56.3(0.18 %),47740,2702885000,24730,1400417000,293586897,7.03
05/04/2019,-1930,-109820000,56.9(1.07 %),70,3980000,2000,113800000,294936247,6.96
08/04/2019,65930,3772730000,57.1(0.35 %),65960,3774440000,30,1710000,294871287,6.96
09/04/2019,1000,56900000,56.6(-0.88 %),1000,56900000,0,0,293521897,7.03
10/04/2019,13640,779360000,56.6(0.00 %),33720,1917460000,20080,1138100000,294863297,6.97
11/04/2019,300,17450000,56.7(0.18 %),22540,1280064000,22240,1262614000,293507957,7.04
12/04/2019,-170950,-9640334000,56(-1.23 %),44020,2487010120,214970,12127344120,293678907,7.02
16/04/2019,-92490,-5144260000,55.9(-0.18 %),0,0,92490,5144260000,294860807,6.97
17/04/2019,60240,3402750000,56.2(0.54 %),79240,4471710000,19000,1068960000,294803807,6.97
18/04/2019,26030,1470380000,56.4(0.36 %),26030,1470380000,0,0,294948787,6.96
19/04/2019,-270,-15363000,57.2(1.42 %),0,0,270,15363000,293685397,7.02
22/04/2019,8620,493930000,57.3(0.17 %),8620,493930000,0,0,295051657,6.94
23/04/2019,-67280,-3900291000,58.1(1.40 %),1000,58100000,68280,3958391000,293744057,7.01
24/04/2019,7190,422160000,58.4(0.52 %),9790,574290000,2600,152130000,295041137,6.95
25/04/2019,22400,1302920000,58.2(-0.34 %),22400,1302920000,0,0,293714467,7.01
26/04/2019,-39340,-2323215000,59.1(1.55 %),22050,1301194000,61390,3624409000,293753807,7.01
02/05/2019,-57810,-3358548000,58.5(-1.02 %),18020,1056107000,75830,4414655000,295067567,6.87
03/05/2019,-55780,-3305160000,59.5(1.71 %),19700,1151650000,75480,4456810000,295029847,6.95
06/05/2019,10,580000,58.1(-2.35 %),10,580000,0,0,295091227,6.94
07/05/2019,-146540,-8389510000,57(-1.89 %),38300,2186290000,184840,10575800000,295159757,6.93
08/05/2019,-52580,-3003510000,57.4(0.70 %),0,0,52580,3003510000,295235237,6.93
09/05/2019,25160,1456210000,57.7(0.52 %),25160,1456210000,0,0,295210077,6.93
10/05/2019,-1170,-68090000,58.4(1.21 %),0,0,1170,68090000,295363917,6.91
13/05/2019,-42760,-2483100000,58.2(-0.34 %),0,0,42760,2483100000,295416499,6.91
14/05/2019,5330,309582000,58.3(0.17 %),5330,309582000,0,0,295335897,6.84
15/05/2019,3880,226874000,58.5(0.34 %),3880,226874000,0,0,295332017,6.84
16/05/2019,-68080,-3982680000,58.5(0.00 %),0,0,68080,3982680000,295400097,6.83
17/05/2019,73690,4323340000,58.5(0.00 %),92010,5395270000,18320,1071930000,295359209,6.91
20/05/2019,88830,5286822000,59.4(1.54 %),88830,5286822000,0,0,295270379,6.85
21/05/2019,32300,1921380000,59(-0.67 %),44150,2620530000,11850,699150000,295294309,6.92
22/05/2019,-110060,-6422100000,57.7(-2.20 %),0,0,110060,6422100000,295312629,6.92
23/05/2019,1630,94290000,58.2(0.87 %),67480,3915820000,65850,3821530000,295309149,6.92
24/05/2019,45190,2656310000,58.2(0.00 %),50230,2953180000,5040,296870000,295270769,6.92
27/05/2019,-230,-13480000,58.3(0.17 %),90,5240000,320,18720000,295380739,6.91
28/05/2019,90940,5309301000,58.5(0.34 %),110470,6451626000,19530,1142325000,295180059,6.86
29/05/2019,187140,11017464000,59.1(1.03 %),187240,11023334000,100,5870000,294992919,6.88
30/05/2019,147430,8855950000,60.1(1.69 %),147430,8855950000,0,0,294942809,6.96
31/05/2019,342420,20704640000,60.2(0.17 %),345550,20893120000,3130,188480000,294616789,6.99
03/06/2019,290250,17505213000,60(-0.33 %),290260,17505813000,10,600000,294326629,6.95
04/06/2019,236240,14138300000,60.2(0.33 %),236820,14173070000,580,34770000,294089809,7.05
05/06/2019,135420,8193996000,60.5(0.50 %),139240,8425597000,3820,231601000,293954969,6.99
06/06/2019,90360,5434701000,60.3(-0.33 %),90360,5434701000,0,0,293864609,7.0
07/06/2019,128160,7796850000,60.7(0.66 %),131800,8017896000,3640,221046000,293736449,7.01
10/06/2019,134160,8189165000,60.7(0.00 %),134190,8191007000,30,1842000,293602289,7.03
11/06/2019,143200,8692337000,60.5(-0.33 %),151040,9167257000,7840,474920000,293459089,7.04
12/06/2019,15300,927981000,59.9(-0.99 %),25290,1526782000,9990,598801000,293435419,7.04
13/06/2019,28590,1698769000,59(-1.50 %),29480,1751902000,890,53133000,293406829,7.05
14/06/2019,87500,5190557000,59.4(0.68 %),88320,5239347000,820,48790000,293319329,7.06
17/06/2019,-36260,-2094090000,57.8(-2.69 %),12960,749080000,49220,2843170000,293316169,7.13
18/06/2019,-158420,-8998670000,56.8(-1.73 %),620140,35247720000,778560,44246390000,293279119,7.14
19/06/2019,18500,1064310000,57.4(1.06 %),18500,1064310000,0,0,293261439,7.14
20/06/2019,10530,611196000,57.6(0.35 %),10530,611196000,0,0,293484979,7.04
21/06/2019,-827650,-47177660000,57(-1.04 %),121890,6947730000,949540,54125390000,293374599,7.13
24/06/2019,20840,1200260000,57.9(1.58 %),43260,2496930000,22420,1296670000,293331343,7.13
25/06/2019,38000,2216806000,58.5(1.04 %),59050,3448873000,21050,1232067000,294253789,6.96
26/06/2019,138460,8238180000,59.9(2.39 %),142700,8489580000,4240,251400000,294079133,7.05
27/06/2019,28520,1719950000,59.5(-0.67 %),81200,4854410000,52680,3134460000,294020353,7.06
28/06/2019,72020,4262070000,59.6(0.17 %),81710,4836100000,9690,574030000,293959693,7.06
01/07/2019,75360,4569719000,60.7(1.85 %),76540,4641092000,1180,71373000,293963933,6.99
02/07/2019,-13020,-783728000,60.2(-0.82 %),190,11514000,13210,795242000,293976953,6.99
03/07/2019,-39060,-2308487000,58.7(-2.49 %),11160,655098000,50220,2963585000,294016013,6.98
04/07/2019,58830,3512937000,59.8(1.87 %),141420,8434153000,82590,4921216000,293957183,6.99
05/07/2019,287370,17230610000,60.3(0.84 %),288360,17290270000,990,59660000,293523023,7.11
08/07/2019,136380,8190325000,60.2(-0.17 %),139980,8407045000,3600,216720000,293533433,7.03
09/07/2019,-1240,-74535000,60.1(-0.17 %),10,590000,1250,75125000,293534673,7.03
10/07/2019,178450,10834866000,60.8(1.16 %),183590,11147974000,5140,313108000,293356223,7.05
11/07/2019,344050,21063207000,61.5(1.15 %),344090,21065654000,40,2447000,293012173,7.09
12/07/2019,70970,4350540000,61(-0.81 %),74270,4553360000,3300,202820000,292919733,7.18
15/07/2019,0,0,60.2(-1.31 %),0,0,0,0,292924873,7.18
16/07/2019,509230,30706109000,60.4(0.33 %),509230,30706109000,0,0,292431973,7.15
17/07/2019,82890,4939590000,59.5(-1.49 %),82890,4939590000,0,0,292336093,7.24
18/07/2019,-113840,-6671506000,57.8(-2.86 %),5330,308860000,119170,6980366000,292462923,7.15
19/07/2019,-29800,-1734355000,58.2(0.69 %),45200,2630399000,75000,4364754000,292492723,7.15
22/07/2019,-42680,-2465690000,57.6(-1.03 %),320,18630000,43000,2484320000,292285243,7.25
23/07/2019,5500,314410000,58.3(1.22 %),40690,2357006000,35190,2042596000,292529903,7.14
24/07/2019,22200,1303911000,58.9(1.03 %),22200,1303911000,0,0,292507703,7.14
25/07/2019,-27180,-1598870000,58.5(-0.68 %),0,0,27180,1598870000,292459523,7.23
26/07/2019,12790,745941000,58.3(-0.34 %),12790,745941000,0,0,292522093,7.14
29/07/2019,19850,1155850000,58.5(0.34 %),20130,1172170000,280,16320000,292461793,7.23
30/07/2019,5040,293830000,58.4(-0.17 %),5040,293830000,0,0,292484703,7.22
31/07/2019,-248470,-14383250000,57.7(-1.20 %),500,28850000,248970,14412100000,292484203,7.22
01/08/2019,60,3470000,59.2(2.60 %),60,3470000,0,0,292484423,7.22
02/08/2019,780,45869000,60.1(1.52 %),780,45869000,0,0,292483703,7.15
05/08/2019,28480,1723974000,59.5(-1.00 %),346070,20767764600,317590,19043790600,292455223,7.15
06/08/2019,-40,-2555000,58.9(-1.01 %),160,9345000,200,11900000,292455263,7.15
07/08/2019,37330,2206503000,59.6(1.19 %),82550,4887270000,45220,2680767000,292417933,7.15
08/08/2019,-91090,-5362970000,58.9(-1.17 %),66090,3913340000,157180,9276310000,292555333,7.22
09/08/2019,25040,1465930000,60(1.87 %),226100,13439020000,201060,11973090000,292328573,7.24
12/08/2019,9000,539339000,59.9(-0.17 %),10000,599039000,1000,59700000,292474983,7.15
13/08/2019,83970,5033830000,59.7(-0.33 %),433000,25852380000,349030,20818550000,292087973,7.27
14/08/2019,47430,2862150000,60.2(0.84 %),189170,11397690000,141740,8535540000,292099863,7.27
15/08/2019,56340,3396230000,61.9(2.82 %),61000,3682320000,4660,286090000,292039863,7.27
16/08/2019,-122500,-7563060000,61.8(-0.16 %),19000,1173260000,141500,8736320000,292369893,7.24
19/08/2019,-39710,-2457181000,62.1(0.49 %),19800,1226135000,59510,3683316000,292449453,7.15
20/08/2019,-14020,-888910000,63(1.45 %),34600,2161130000,48620,3050040000,292461893,7.23
21/08/2019,49130,3095303000,63(0.00 %),51030,3214623000,1900,119320000,292414343,7.15
22/08/2019,-9050,-568366000,62.8(-0.32 %),33000,2067786000,42050,2636152000,292423393,7.15
23/08/2019,171230,10614484000,62(-1.27 %),215210,13343059000,43980,2728575000,292252163,7.17
26/08/2019,388120,23957174000,62(0.00 %),400010,24692899000,11890,735725000,291864043,7.21
27/08/2019,258420,16127132000,60.7(-2.10 %),400710,24826994000,142290,8699862000,291605623,7.24
28/08/2019,421260,26055790000,61.9(1.98 %),426920,26406140000,5660,350350000,291272573,7.36
29/08/2019,447560,27671730000,61.9(0.00 %),488270,30187980000,40710,2516250000,290836893,7.4
30/08/2019,151590,9472876000,62.3(0.65 %),168880,10552058000,17290,1079182000,290585213,7.35
03/09/2019,142960,8862270000,62.1(-0.32 %),147220,9126820000,4260,264550000,290668743,7.42
04/09/2019,121130,7507911000,62.3(0.32 %),121270,7516605000,140,8694000,290694833,7.34
05/09/2019,68940,4274280000,62(-0.48 %),84000,5208000000,15060,933720000,290625893,7.35
06/09/2019,401120,24859511000,62.1(0.16 %),401120,24859511000,0,0,290224773,7.39
09/09/2019,0,0,61.3(-1.29 %),0,0,0,0,290084053,7.48
10/09/2019,390080,24117230000,61.8(0.82 %),400050,24733430000,9970,616200000,289699063,7.53
11/09/2019,185100,11453440000,61.7(-0.16 %),185100,11453440000,0,0,289513963,7.55
12/09/2019,-27490,-1693550000,61.7(0.00 %),0,0,27490,1693550000,289513963,7.55
13/09/2019,4000,245610000,61.8(0.16 %),4000,245610000,0,0,289673083,7.45
16/09/2019,-25560,-1574437000,61.8(0.00 %),1540,94793000,27100,1669230000,289698643,7.45
17/09/2019,214590,13637014000,64(3.56 %),220620,14016419000,6030,379405000,289484053,7.47
18/09/2019,-43200,-2738758000,63.5(-0.78 %),0,0,43200,2738758000,289527253,7.46
19/09/2019,-56840,-3561431000,63.2(-0.47 %),10,625000,56850,3562056000,289584093,7.46
20/09/2019,-917350,-56532339000,61.6(-2.53 %),39700,2445610000,957050,58977949000,290501443,7.36
23/09/2019,5830,359070000,61.6(0.00 %),5940,365900000,110,6830000,289355943,7.56
24/09/2019,18020,1110850000,61.5(-0.16 %),18020,1110850000,0,0,289394773,7.56
25/09/2019,4340,267395000,62(0.81 %),4340,267395000,0,0,290473253,7.36
26/09/2019,-44000,-2733758000,62.2(0.32 %),6000,373800000,50000,3107558000,290517253,7.36
27/09/2019,8270,516794000,63(1.29 %),9500,593566000,1230,76772000,290508983,7.36
30/09/2019,-41410,-2629216000,63.8(1.27 %),2000,127400000,43410,2756616000,290550393,7.35
01/10/2019,7580,483300000,63.6(-0.31 %),7580,483300000,0,0,290381173,7.37
02/10/2019,-137480,-8741750000,63.5(-0.16 %),5340,339060000,142820,9080810000,290369483,7.45
03/10/2019,-22360,-1421657000,63.7(0.31 %),4340,275463000,26700,1697120000,290541013,7.36
04/10/2019,-111620,-7074360000,63.6(-0.16 %),15720,997590000,127340,8071950000,290392833,7.45
07/10/2019,-42370,-2663921000,62.5(-1.73 %),32350,2028577000,74720,4692498000,290695003,7.34
08/10/2019,28160,1760080000,62.6(0.16 %),29660,1854130000,1500,94050000,290666843,7.34
09/10/2019,11280,706300000,62.3(-0.48 %),12480,781180000,1200,74880000,290615208,7.43
10/10/2019,-108700,-6708420000,61.3(-1.61 %),4920,303370000,113620,7011790000,290683288,7.42
11/10/2019,10630,670711000,61.9(0.98 %),70490,4363331000,59860,3692620000,290753633,7.33
14/10/2019,438720,27041665000,62(0.16 %),498710,30745780000,59990,3704115000,290314913,7.38
15/10/2019,230960,14314486000,62.1(0.16 %),238420,14777692000,7460,463206000,290083953,7.4
16/10/2019,213660,13238100000,62(-0.16 %),262690,16277620000,49030,3039520000,289822788,7.51
17/10/2019,49420,3048540000,60.3(-2.74 %),242970,14874570000,193550,11826030000,289639808,7.53
18/10/2019,-167170,-10108608000,60.1(-0.33 %),40670,2452929720,207840,12561537720,289988043,7.41
21/10/2019,-2650,-160870000,60.3(0.33 %),57590,3469990000,60240,3630860000,289600048,7.54
22/10/2019,36190,2189260000,60.5(0.33 %),107320,6492423000,71130,4303163000,289954503,7.42
23/10/2019,61100,3701227000,60.5(0.00 %),506200,30629777000,445100,26928550000,289893403,7.42
24/10/2019,137010,8306680000,60.9(0.66 %),261230,15823360000,124220,7516680000,289714288,7.52
25/10/2019,-33030,-1994590000,60.5(-0.66 %),49470,3005130000,82500,4999720000,289735948,7.52
28/10/2019,-205700,-12199740000,59.2(-2.15 %),49690,2964390000,255390,15164130000,289692458,7.53
29/10/2019,-155880,-9215300000,59.1(-0.17 %),150,8880000,156030,9224180000,289692428,7.53
30/10/2019,-57210,-3380141000,59.3(0.34 %),5450,322065000,62660,3702206000,290208213,7.39
31/10/2019,115540,6874630000,59.5(0.34 %),700440,41676180000,584900,34801550000,290092673,7.4
01/11/2019,-115530,-6816990000,59(-0.84 %),149220,8823430000,264750,15640420000,289531238,7.54
04/11/2019,19820,1173946000,59.2(0.34 %),30860,1829702000,11040,655756000,289660638,7.45
05/11/2019,-79050,-4635930000,58.5(-1.18 %),17200,1006560000,96250,5642490000,289930738,7.5
06/11/2019,-45900,-2688590000,58.7(0.34 %),3110,182530000,49010,2871120000,290192378,7.47
07/11/2019,-134980,-7823581000,58.1(-1.02 %),18910,1094079000,153890,8917660000,289920568,7.42
08/11/2019,24180,1405577000,58.3(0.34 %),34750,2019305000,10570,613728000,289896388,7.42
11/11/2019,-12050,-699360000,58.1(-0.34 %),4750,275210000,16800,974570000,290290268,7.46
12/11/2019,-5450,-315420000,58.1(0.00 %),1080,62750000,6530,378170000,290443078,7.45
13/11/2019,-301580,-17227280000,57.2(-1.55 %),9030,518650000,310610,17745930000,290444618,7.45
14/11/2019,9690,559480000,58.5(2.27 %),9690,559480000,0,0,290451728,7.44
15/11/2019,4000,234610000,58.5(0.00 %),4450,260980000,450,26370000,290453808,7.44
18/11/2019,4540,264477000,58.2(-0.51 %),4540,264477000,0,0,290197238,7.39
19/11/2019,-8320,-485101000,58.3(0.17 %),150,8700000,8470,493801000,290205558,7.39
20/11/2019,-25370,-1479100000,58.4(0.17 %),5260,306630000,30630,1785730000,290743248,7.41
21/11/2019,-260270,-14897620000,57(-2.40 %),4740,274210000,265010,15171830000,290738510,7.41
22/11/2019,-117240,-6696242000,57(0.00 %),60,3455000,117300,6699697000,290608438,7.35
25/11/2019,-88890,-5081510000,57.2(0.35 %),1620,92910000,90510,5174420000,290775930,7.41
26/11/2019,-246090,-13961745000,56.5(-1.22 %),14110,803167000,260200,14764912000,290943418,7.31
27/11/2019,-100870,-5716180000,56.5(0.00 %),19810,1122690000,120680,6838870000,291124320,7.37
28/11/2019,-53040,-3000890000,56.7(0.35 %),6960,393940000,60000,3394830000,291207870,7.36
29/11/2019,-35890,-2035650000,56.8(0.18 %),9110,517020000,45000,2552670000,291458960,7.34
02/12/2019,-49790,-2799690000,56.1(-1.23 %),210,11810000,50000,2811500000,291579430,7.32
03/12/2019,-96680,-5396550000,56.2(0.18 %),590,33040000,97270,5429590000,291638840,7.32
04/12/2019,-104770,-5892264000,56.4(0.36 %),18400,1037760000,123170,6930024000,291781090,7.22
05/12/2019,-76000,-4294414000,56.5(0.18 %),0,0,76000,4294414000,291857090,7.21
06/12/2019,-87300,-4945524000,57(0.88 %),7470,421918000,94770,5367442000,291944390,7.2
09/12/2019,-27450,-1555990000,56.7(-0.53 %),4690,266280000,32140,1822270000,291924260,7.28
10/12/2019,-86560,-4809320000,55.2(-2.65 %),36660,2025590000,123220,6834910000,291964140,7.28
11/12/2019,-16940,-950610000,56(1.45 %),37820,2115950000,54760,3066560000,292021090,7.27
12/12/2019,-62410,-3496420000,56(0.00 %),14020,783660000,76430,4280080000,292039210,7.27
13/12/2019,-105030,-5774930000,55(-1.79 %),11900,660560000,116930,6435490000,292150530,7.26
16/12/2019,42180,2342520000,56(1.82 %),329200,18415180000,287020,16072660000,292113270,7.26
17/12/2019,43970,2462320000,56(0.00 %),404690,22662640000,360720,20200320000,292156630,7.18
18/12/2019,-55990,-3113044000,55.6(-0.71 %),320700,17830920000,376690,20943964000,292212620,7.18
19/12/2019,-53690,12761236600,55.7(0.18 %),283550,31545504600,337240,18784268000,292266310,7.17
20/12/2019,65800,3665060000,55.7(0.00 %),263290,14665253000,197490,11000193000,292200510,7.18
23/12/2019,-42520,-2386554000,56(0.54 %),19810,1111043000,62330,3497597000,292243030,7.94
24/12/2019,-22020,-1229510000,56(0.00 %),17810,996925000,39830,2226435000,292265050,7.94
25/12/2019,-190,-10710000,56.5(0.89 %),0,0,190,10710000,299436829,7.1
26/12/2019,-7660,-433560000,56.9(0.71 %),40,2260000,7700,435820000,299499119,7.1
27/12/2019,19940,1147050000,57.9(1.76 %),20140,1158510000,200,11460000,292252960,7.78
30/12/2019,2030,117820000,58.5(1.04 %),2070,120140000,40,2320000,299516929,7.09
31/12/2019,-19330,-1151690000,59.5(1.71 %),1850,108300000,21180,1259990000,299522779,7.09
02/01/2020,-72890,-4190614000,57.5(-3.36 %),6200,359392000,79090,4550006000,299522979,7.02
03/01/2020,-71940,-4061930000,56(-2.61 %),6060,345990000,78000,4407920000,299510759,7.09
06/01/2020,6210,346275000,55.8(-0.36 %),6540,364590000,330,18315000,299588709,7.01
07/01/2020,17680,991650000,56.3(0.90 %),21480,1203980000,3800,212330000,299587259,7.09
08/01/2020,-162330,-8836593000,54(-4.09 %),11200,612323000,173530,9448916000,299733359,6.99
09/01/2020,37940,2101830000,55.6(2.96 %),37940,2101830000,0,0,299624099,7.08
10/01/2020,21050,1171700000,55.8(0.36 %),24050,1338700000,3000,167000000,299603849,7.08
13/01/2020,-13020,-715640000,55(-1.43 %),21520,1184710000,34540,1900350000,299758409,7.07
14/01/2020,13160,727620000,55.4(0.73 %),19250,1065010000,6090,337390000,299739159,7.07
15/01/2020,-46120,-2527276000,55(-0.72 %),16660,912711000,62780,3439987000,299720349,6.99
16/01/2020,-17530,-970310000,56(1.82 %),7600,420630000,25130,1390940000,299752442,7.07
17/01/2020,-57410,-3186050000,56(0.00 %),2640,146750000,60050,3332800000,299760997,7.07
20/01/2020,-86830,-4862760000,56(0.00 %),5270,294290000,92100,5157050000,299821057,7.06
21/01/2020,-199570,-11089970000,56(0.00 %),9960,550500000,209530,11640470000,299840477,7.06
22/01/2020,-26690,-1496470000,56(0.00 %),25220,1410480000,51910,2906950000,299875307,7.06
30/01/2020,-100700,-5502317000,55.1(-1.61 %),48950,2682531000,149650,8184848000,299967867,6.97
31/01/2020,-98040,-5402670000,55.1(0.00 %),3120,171330000,101160,5574000000,300127417,7.03
03/02/2020,-9410,-523033000,56(1.63 %),22820,1258835000,32230,1781868000,300179327,6.95
04/02/2020,-144670,-7937505000,55(-1.79 %),80720,4477425000,225390,12414930000,300323997,6.93
05/02/2020,-205990,-11115607000,54(-1.82 %),8700,475252000,214690,11590859000,300529987,6.91
06/02/2020,-1199920,-63595760000,53(-1.85 %),80750,4283830000,1280670,67879590000,301729907,6.78
07/02/2020,-539850,-28875610000,54.1(2.08 %),95930,5167780000,635780,34043390000,300507837,6.99
10/02/2020,18040,968664000,54.1(0.00 %),25910,1388966000,7870,420302000,302251717,6.73
11/02/2020,-41860,-2236480000,54.2(0.18 %),48560,2644000000,90420,4880480000,301872477,6.84
12/02/2020,-116730,-6243590000,54.4(0.37 %),47410,2567910000,164140,8811500000,302429097,6.78
13/02/2020,-120240,-6553080000,54.5(0.18 %),86270,4651973000,206510,11205053000,302530547,6.7
14/02/2020,-202320,-10882280000,54.2(-0.55 %),50500,2710120000,252820,13592400000,302515117,6.77
17/02/2020,-192000,-10312567000,54.3(0.18 %),14090,753265000,206090,11065832000,302924867,6.66
18/02/2020,-613830,-32706470000,54(-0.55 %),22130,1184290000,635960,33890760000,302777797,6.75
19/02/2020,-235000,-12522690000,54.1(0.19 %),0,0,235000,12522690000,302994367,6.72
20/02/2020,7020,381350000,54.5(0.74 %),9720,528890000,2700,147540000,303193737,6.7
21/02/2020,31470,1699280000,54(-0.92 %),32200,1738700000,730,39420000,303800497,6.64
24/02/2020,-30040,-1602100000,53.6(-0.74 %),600,31980000,30640,1634080000,304034897,6.61
25/02/2020,-230160,-12229336000,53.7(0.19 %),170,9107000,230330,12238443000,303995407,6.54
26/02/2020,-172120,-9231850000,53.8(0.19 %),330,17660000,172450,9249510000,304037827,6.61
27/02/2020,-17600,-940520000,53.9(0.19 %),0,0,17600,940520000,304068467,6.61
28/02/2020,-567150,-30078215000,53.5(-0.74 %),9320,497332000,576470,30575547000,304752277,6.46
02/03/2020,-170090,-9096560000,53.6(0.19 %),10,540000,170100,9097100000,304468668,6.57
03/03/2020,-248930,-13372200000,53.7(0.19 %),85840,4629470000,334770,18001670000,304400428,6.57
04/03/2020,-112490,-6047575000,53.8(0.19 %),0,0,112490,6047575000,304830088,6.46
05/03/2020,-39510,-2131450000,53.9(0.19 %),730,39240000,40240,2170690000,305146268,6.49
06/03/2020,26350,1417102000,54(0.19 %),81760,4391783000,55410,2974681000,304843248,6.45
09/03/2020,-224520,-11776000000,53(-1.85 %),3510,187080000,228030,11963080000,305508258,6.45
10/03/2020,-139980,-7356286000,53(0.00 %),1000,52350000,140980,7408636000,305207748,6.42
11/03/2020,-208860,-11069580000,53(0.00 %),1190,63070000,210050,11132650000,305416608,6.39
12/03/2020,-131110,-6922608000,52.8(-0.38 %),0,0,131110,6922608000,305547718,6.38
13/03/2020,-106860,-5518730000,53(0.38 %),0,0,106860,5518730000,305966978,6.41
16/03/2020,-31110,-1594172000,51.6(-2.64 %),51380,2650208000,82490,4244380000,305685688,6.37
17/03/2020,-106130,-5425290000,51.5(-0.19 %),20,1020000,106150,5426310000,306256738,6.38
18/03/2020,-173430,-8742570000,51(-0.97 %),1510,75820000,174940,8818390000,306362088,6.36
19/03/2020,-173430,-8742570000,51(0.00 %),1510,75818000,174940,8818388000,306138678,6.32
20/03/2020,-1539970,-77587504500,51(0.00 %),217170,10876742500,1757140,88464247000,307678648,6.16
23/03/2020,-223130,-11381736000,52(1.96 %),200,9940000,223330,11391676000,307901778,6.13
24/03/2020,-105280,-5474560000,52(0.00 %),20,1040000,105300,5475600000,306607198,6.34
25/03/2020,-16800,-868509000,52.1(0.19 %),0,0,16800,868509000,308023858,6.67
26/03/2020,-2000,-103200000,51.8(-0.58 %),0,0,2000,103200000,308025858,6.67
27/03/2020,11940,617353000,52(0.39 %),12000,620429000,60,3076000,308013918,6.53
30/03/2020,5750,299868000,51.9(-0.19 %),8580,445302000,2830,145434000,308008168,6.53
31/03/2020,25290,1313820000,51.9(0.00 %),39290,2039270000,14000,725450000,313883678,6.03
01/04/2020,98420,5098654000,51.8(-0.19 %),104860,5432246000,6440,333592000,313883738,5.93
03/04/2020,40790,2130450000,51.9(0.19 %),70870,3675640000,30080,1545190000,313710838,6.05
06/04/2020,42220,2200050000,52(0.19 %),58990,3066500000,16770,866450000,313665848,6.06
07/04/2020,-299300,-15473810000,51.7(-0.58 %),28050,1450185000,327350,16923995000,314100028,5.9
08/04/2020,58410,3020075000,52(0.58 %),61430,3175309000,3020,155234000,314041618,5.91
09/04/2020,114660,5962320000,52(0.00 %),202460,10544773850,87800,4582453850,313926958,5.92
10/04/2020,-4200,-216510000,52(0.00 %),1010,52130000,5210,268640000,313826888,6.04
13/04/2020,55860,2886300000,52(0.00 %),60410,3121850000,4550,235550000,313765748,6.05
14/04/2020,31210,1618080000,51.9(-0.19 %),32710,1695330000,1500,77250000,313844088,5.93
15/04/2020,15250,787490000,51.9(0.00 %),17600,909220000,2350,121730000,313828838,5.93
16/04/2020,125330,6463200000,51.9(0.00 %),229550,11848610000,104220,5385410000,313499598,6.07
17/04/2020,-64080,-3368971000,52.7(1.54 %),43250,2277200000,107330,5646171000,313767588,5.94
20/04/2020,29720,1550140000,52.7(0.00 %),30760,1604740000,1040,54600000,313429438,6.08
21/04/2020,-30150,-1588740000,52.5(-0.38 %),18410,960660000,48560,2549400000,313515248,6.07
22/04/2020,9160,480610000,52.5(0.00 %),9750,511290000,590,30680000,313615828,6.06
23/04/2020,-24090,-1292280000,52.6(0.19 %),16580,864714000,40670,2156994000,313782948,5.94
24/04/2020,2700,144470000,53(0.76 %),8580,454740000,5880,310270000,313640268,6.06
27/04/2020,15980,839049000,52.8(-0.38 %),16730,879090000,750,40041000,313764268,5.94
28/04/2020,29840,1574750000,53.1(0.57 %),34960,1845900000,5120,271150000,313626088,6.06
29/04/2020,310040,16555787000,53.2(0.19 %),348220,18586724000,38180,2030937000,313424388,5.97
04/05/2020,-207280,-10911273000,52.8(-0.75 %),40630,2141052000,247910,13052325000,313284498,5.99
05/05/2020,-297470,-15767305000,52.8(0.00 %),2980,157264000,300450,15924569000,313581968,5.96
06/05/2020,-184090,-9597038000,53(0.38 %),18090,958497000,202180,10555535000,313766058,5.94
07/05/2020,-244470,-12836450000,53.1(0.19 %),27020,1425880000,271490,14262330000,313486988,6.08
08/05/2020,20440,1098975000,53.9(1.51 %),148950,7980724000,128510,6881749000,313990088,5.91
11/05/2020,15230,820170000,54(0.19 %),17010,915180000,1780,95010000,313923908,6.03
12/05/2020,4330,233730000,52.7(-2.41 %),36050,1912810000,31720,1679080000,314165268,6.0
13/05/2020,59440,3101897000,52.5(-0.38 %),70540,3681835000,11100,579938000,313911088,5.92
14/05/2020,59960,3130860000,52.6(0.19 %),75510,3944720000,15550,813860000,314064058,6.01
15/05/2020,2450,132130000,52.6(0.00 %),12820,673960000,10370,541830000,314082958,6.01
18/05/2020,-74110,-3889660000,52.8(0.38 %),11000,580760000,85110,4470420000,314083058,6.01
19/05/2020,-19020,-1006150000,53(0.38 %),18200,964230000,37220,1970380000,314080408,6.01
20/05/2020,21400,1130674000,53.1(0.19 %),21790,1151422000,390,20748000,313920408,5.92
21/05/2020,8930,474674000,53.5(0.75 %),22640,1201724000,13710,727050000,313911478,5.92
22/05/2020,-12450,-663881000,53.3(-0.37 %),0,0,12450,663881000,313923928,5.92
25/05/2020,-107370,-5677070000,53.3(0.00 %),11000,578300000,118370,6255370000,314167688,6.0
26/05/2020,890,47480000,53.4(0.19 %),12580,671370000,11690,623890000,314176218,6.0
27/05/2020,31230,1666880000,53.8(0.75 %),46430,2479210000,15200,812330000,314142238,6.01
28/05/2020,23310,1248903000,54.3(0.93 %),44130,2374147000,20820,1125244000,313975868,5.92
29/05/2020,-31150,-1671374000,53.7(-1.10 %),31900,1716824000,63050,3388198000,314007018,5.91
01/06/2020,13370,713250000,55(2.42 %),66180,3583185000,52810,2869935000,314186308,5.89
02/06/2020,-46450,-2528246000,54.2(-1.45 %),33660,1830152000,80110,4358398000,314232758,5.89
03/06/2020,45200,2443746000,54.3(0.18 %),53870,2912148000,8670,468402000,314187558,5.89
04/06/2020,53270,2891361000,54.5(0.37 %),61410,3332982000,8140,441621000,314134288,5.9
05/06/2020,0,0,54.6(0.18 %),0,0,0,0,314134288,5.9
08/06/2020,18220,997218000,54.7(0.18 %),23160,1267360000,4940,270142000,314116068,5.9
09/06/2020,-121910,-6610120000,54.5(-0.37 %),1400,76230000,123310,6686350000,314126558,6.01
10/06/2020,-39540,-2119420000,54.5(0.00 %),71870,3901601000,111410,6021021000,314155608,5.9
11/06/2020,-55050,-2990680000,54.5(0.00 %),26850,1462490000,81900,4453170000,314040878,6.02
12/06/2020,-102840,-5586770000,54.9(0.73 %),10500,569230000,113340,6156000000,314153688,6.01
15/06/2020,33340,1829350000,55.2(0.55 %),148260,8161180000,114920,6331830000,314113138,6.01
16/06/2020,153740,8648948000,56.6(2.54 %),155230,8731653000,1490,82705000,314126418,5.9
17/06/2020,63820,3555738590,57.1(0.88 %),68460,3818163070,4640,262424480,314062598,5.91
18/06/2020,77440,4476830000,58.3(2.10 %),81410,4708010000,3970,231180000,314112278,6.01
19/06/2020,618380,36852538000,59.3(1.72 %),1240130,73724850000,621750,36872312000,313366778,5.98
22/06/2020,71790,4191060000,59(-0.51 %),174120,10209046000,102330,6017986000,313294988,5.99
23/06/2020,187530,10981100000,58.3(-1.19 %),203600,11920440000,16070,939340000,312504528,6.18
24/06/2020,262090,15313590000,58.3(0.00 %),266710,15583300000,4620,269710000,312868178,6.14
25/06/2020,237560,14058244000,59.5(2.06 %),243480,14405713000,5920,347469000,312607808,6.06
26/06/2020,100810,6165600000,62.4(4.87 %),194160,11927590000,93350,5761990000,312548938,6.17
29/06/2020,100810,6165595000,62.2(-0.32 %),194160,11927585000,93350,5761990000,312406188,6.08
30/06/2020,299240,18411250000,61.5(-1.13 %),401040,24699570000,101800,6288320000,312085918,6.22
01/07/2020,50230,3080950000,61.3(-0.33 %),101430,6220950000,51200,3140000000,312074138,6.22
02/07/2020,108450,6609910000,61.2(-0.16 %),114250,6964060000,5800,354150000,312008218,6.23
03/07/2020,57850,3593280000,62.4(1.96 %),66010,4099510000,8160,506230000,312041048,6.23
06/07/2020,6150,390972000,64.2(2.88 %),21090,1332294000,14940,941322000,312003118,6.12
07/07/2020,141630,9131930000,64.5(0.47 %),165210,10646030000,23580,1514100000,311906577,6.24
08/07/2020,-10640,-683710000,64.3(-0.31 %),149280,9592579000,159920,10276289000,311872128,6.13
09/07/2020,15800,1016870000,64.5(0.31 %),24220,1557250000,8420,540380000,311747297,6.26
10/07/2020,1780,117248000,63.6(-1.40 %),25220,1606949000,23440,1489701000,311854548,6.13
13/07/2020,66030,4181742000,63(-0.94 %),78830,4992357000,12800,810615000,311788518,6.14
14/07/2020,42760,2667573000,62.3(-1.11 %),47740,2976831000,4980,309258000,311745758,6.15
15/07/2020,41940,2659220000,62.6(0.48 %),56820,3590680000,14880,931460000,311760707,6.26
16/07/2020,20280,1255440000,62.1(-0.80 %),95490,5940660000,75210,4685220000,311687637,6.26
17/07/2020,44800,2774690000,61.9(-0.32 %),57710,3573470000,12910,798780000,311634907,6.27
20/07/2020,-950,-62350000,61.8(-0.16 %),75430,4644420000,76380,4706770000,311574357,6.28
21/07/2020,76130,4758910000,62.3(0.81 %),179830,11228200000,103700,6469290000,311469737,6.29
22/07/2020,-187680,-11689960000,62.7(0.64 %),104270,6530560000,291950,18220520000,311378377,6.3
23/07/2020,-331720,-20907389000,63(0.48 %),149340,9405562000,481060,30312951000,312082958,6.11
24/07/2020,70420,4426030000,62.9(-0.16 %),91140,5729470000,20720,1303440000,311317977,6.3
27/07/2020,24190,1520510000,62.8(-0.16 %),37830,2373890000,13640,853380000,311579497,6.28
28/07/2020,6850,384490000,63.6(1.27 %),85680,5438040000,78830,5053550000,311975977,6.23
29/07/2020,29330,1866812000,63.5(-0.16 %),34030,2164892000,4700,298080000,311952168,6.12
30/07/2020,-79460,-5152380000,64.1(0.94 %),139970,8969470000,219430,14121850000,311836337,6.25
31/07/2020,230660,14962711000,65.1(1.56 %),329350,21343984000,98690,6381273000,311692178,6.15
03/08/2020,48040,3141834000,64.3(-1.23 %),319030,20612847000,270990,17471013000,311354767,6.19
04/08/2020,213960,13775930000,64.7(0.62 %),275950,17781160000,61990,4005230000,311298247,6.31
05/08/2020,-423930,-27509390000,64.8(0.15 %),24670,1592490000,448600,29101880000,311372267,6.3
06/08/2020,-788090,-51094900000,64.9(0.15 %),18660,1204730000,806750,52299630000,311541317,6.28
07/08/2020,-701610,-45505033000,64.6(-0.46 %),32120,2084017000,733730,47589050000,313054437,6.01
10/08/2020,-38770,-2537169000,64.8(0.31 %),31330,2018614000,70100,4555783000,313093207,6.01
11/08/2020,-75310,-4879360000,64.7(-0.15 %),26750,1725620000,102060,6604980000,312760427,6.15
12/08/2020,-265320,-17144010000,64.4(-0.46 %),34400,2208730000,299720,19352740000,313459757,6.08
13/08/2020,-46300,-3010163000,64.1(-0.47 %),69480,4446171000,115780,7456334000,313480137,5.97
14/08/2020,-168290,-10738410000,63.1(-1.56 %),24640,1567850000,192930,12306260000,313537797,6.07
17/08/2020,14960,950158000,63.3(0.32 %),26850,1695548000,11890,745390000,313633467,5.95
18/08/2020,-291730,-18466280000,63.3(0.00 %),27220,1721710000,318950,20187990000,313937187,6.03
19/08/2020,-18130,-1155078000,63.3(0.00 %),99900,6312411000,118030,7467489000,313943327,5.92
20/08/2020,-43680,-2744900000,62.9(-0.63 %),54960,3455600000,98640,6200500000,313987147,6.02
21/08/2020,-24700,-1552880000,63(0.16 %),21320,1340050000,46020,2892930000,314284777,5.99
24/08/2020,-169770,-10700640000,63(0.00 %),74680,4699150000,244450,15399790000,314328127,5.99
25/08/2020,-230400,-14521410000,62.9(-0.16 %),36060,2267330000,266460,16788740000,314390707,5.98
26/08/2020,-225270,-14174589000,62.8(-0.16 %),43280,2718228000,268550,16892817000,314637147,5.85
27/08/2020,-346410,-21763750000,62.9(0.16 %),590,37040000,347000,21800790000,314672347,5.95
28/08/2020,-481900,-30482078000,63(0.16 %),18100,1145570000,500000,31627648000,315465457,5.76
31/08/2020,2470,155210000,63.8(1.27 %),13060,830630000,10590,675420000,315176197,5.9
01/09/2020,-121080,-7617390000,63(-1.25 %),2190,137915000,123270,7755305000,315521007,5.76
03/09/2020,-473330,-29815686000,63.2(0.32 %),57860,3646174000,531190,33461860000,315994337,5.71
04/09/2020,-277780,-17453190000,62.8(-0.63 %),139240,8738740000,417020,26191930000,315832307,5.83
07/09/2020,-187170,-11805743000,62.8(0.00 %),4000,251038000,191170,12056781000,316459287,5.66
08/09/2020,-219220,-13793715000,62.7(-0.16 %),1400,86830000,220620,13880545000,316678507,5.64
09/09/2020,-11800,-744750000,62.8(0.16 %),46140,2885090000,57940,3629840000,316855577,5.72
10/09/2020,-62120,-3891942000,62.8(0.00 %),14960,937366000,77080,4829308000,316752427,5.63
11/09/2020,-48900,-3078972000,62.9(0.16 %),23700,1486920000,72600,4565892000,316801327,5.62
14/09/2020,18250,1156214000,63.7(1.27 %),20930,1326020000,2680,169806000,316783077,5.63
15/09/2020,17070,1083780000,63.8(0.16 %),20720,1315850000,3650,232070000,317318837,5.67
16/09/2020,-950,-60525000,63.8(0.00 %),50,3175000,1000,63700000,316766957,5.63
17/09/2020,17950,1139880000,63.4(-0.63 %),43500,2759100000,25550,1619220000,317343997,5.67
18/09/2020,-175770,-11234200000,63.9(0.79 %),8030,511370000,183800,11745570000,317338157,5.67
21/09/2020,-2790,-185270000,64.2(0.47 %),28920,1856960000,31710,2042230000,317310237,5.67
22/09/2020,15490,998430000,63.8(-0.62 %),26710,1714370000,11220,715940000,317309077,5.67
23/09/2020,-4380,-278042000,63.6(-0.31 %),0,0,4380,278042000,316916457,5.66
24/09/2020,-13140,-832419000,63.5(-0.16 %),0,0,13140,832419000,316929597,5.66
25/09/2020,5860,371960000,63.5(0.00 %),5860,371960000,0,0,316731167,5.78
28/09/2020,6070,385630000,63.4(-0.16 %),9200,584310000,3130,198680000,316726347,5.78
29/09/2020,-11990,-758640000,63.4(0.00 %),0,0,11990,758640000,316739487,5.78
30/09/2020,16920,1068118000,63.9(0.79 %),28620,1811668000,11700,743550000,316912737,5.66
01/10/2020,55870,3557560000,63.7(-0.31 %),59650,3798190000,3780,240630000,316654887,5.79
02/10/2020,1100,69885000,63.5(-0.31 %),2560,162522000,1460,92637000,316713437,5.68
05/10/2020,-16490,-1043549000,63.3(-0.31 %),1460,92491000,17950,1136040000,316729927,5.68
06/10/2020,-17720,-1121224000,63.3(0.00 %),3890,245959000,21610,1367183000,316747647,5.68
07/10/2020,21710,1369082000,63.1(-0.32 %),24640,1553822000,2930,184740000,316725937,5.69
08/10/2020,-17340,-1093290000,63(-0.16 %),4380,275360000,21720,1368650000,316546666,5.8
09/10/2020,-123600,-7746022000,62.6(-0.63 %),40000,2499340000,163600,10245362000,316866877,5.68
12/10/2020,-189670,-11850710000,62.5(-0.16 %),9660,603300000,199330,12454010000,316521546,5.81
13/10/2020,-107460,-6688222000,62(-0.80 %),6080,378746000,113540,7066968000,317164007,5.64
14/10/2020,-70770,-4393368000,62(0.00 %),13840,858554000,84610,5251922000,317234777,5.64
15/10/2020,8050,442824000,62.4(0.65 %),163850,10139510000,155800,9696686000,317226727,5.64
16/10/2020,-58080,-3611720000,62.3(-0.16 %),400,24840000,58480,3636560000,316835566,5.77
19/10/2020,1470,87710000,62.6(0.48 %),96470,5990290000,95000,5902580000,316825166,5.78
20/10/2020,8780,542807000,62(-0.96 %),104140,6467340000,95360,5924533000,317274557,5.63
21/10/2020,-87430,-5422939000,62.3(0.48 %),21570,1343811000,109000,6766750000,317361987,5.62
22/10/2020,-164980,-10263910000,62.5(0.32 %),0,0,164980,10263910000,317526967,5.61
23/10/2020,-102460,-6370500000,62.3(-0.32 %),51140,3190020000,153600,9560520000,317092666,5.75
26/10/2020,-4780,-295600000,62(-0.48 %),330,20490000,5110,316090000,317202416,5.74
27/10/2020,-41730,-2588850000,62.1(0.16 %),1290560,79630210000,1332290,82219060000,317359066,5.72
28/10/2020,-106960,-6633090000,62(-0.16 %),10950,678478000,117910,7311568000,317782897,5.58
29/10/2020,-31380,-1939710000,62(0.00 %),4380,271710000,35760,2211420000,323011707,5.63
30/10/2020,8020,518590000,62(0.00 %),91750,5686650000,83730,5168060000,322973667,5.63
02/11/2020,10710,661409000,62.3(0.48 %),25190,1560674000,14480,899265000,323091577,5.52
03/11/2020,-70680,-4386040000,62.1(-0.32 %),25670,1591900000,96350,5977940000,323076477,5.62
04/11/2020,-16330,-1014140000,62.2(0.16 %),6670,413300000,23000,1427440000,323205557,5.61
05/11/2020,-31680,-1977890000,62.1(-0.16 %),38470,2380090000,70150,4357980000,323178687,5.61
06/11/2020,-26350,-1640710000,62.1(0.00 %),22750,1405970000,49100,3046680000,323252287,5.6
09/11/2020,-441850,-27121393000,61.5(-0.97 %),39660,2431548000,481510,29552941000,323678467,5.47
10/11/2020,-5130,-316466000,62(0.81 %),15730,971220000,20860,1287686000,323683597,5.46
11/11/2020,-18870,-1169080000,62(0.00 %),20,1230000,18890,1170310000,323339127,5.59
12/11/2020,15140,938470000,62(0.00 %),15190,941570000,50,3100000,323805447,5.54
13/11/2020,1900,117250000,62(0.00 %),1900,117250000,0,0,323824407,5.54
16/11/2020,4770,301150000,61.3(-1.13 %),24190,1493650000,19420,1192500000,323819107,5.54
17/11/2020,-22530,-1381081000,61.8(0.82 %),500,30600000,23030,1411681000,323703187,5.46
18/11/2020,-14220,-867710000,61.5(-0.49 %),24010,1476510000,38230,2344220000,323804007,5.54
19/11/2020,-64560,-3960620000,61.5(0.00 %),2660,162910000,67220,4123530000,323838767,5.54
20/11/2020,22500,1382780000,61.6(0.16 %),22530,1384630000,30,1850000,323839267,5.54
23/11/2020,29850,1830568000,61.7(0.16 %),31480,1930352000,1630,99784000,323729617,5.46
24/11/2020,9880,606060000,0(0.00 %),11320,694330000,1440,88270000,323904797,5.53
25/11/2020,27500,1683380000,61.4(-0.16 %),72290,4425560000,44790,2742180000,323836137,5.54
26/11/2020,-320,-24950000,61(-0.65 %),59240,3591890000,59560,3616840000,323781407,5.55
27/11/2020,87930,5343620000,60.9(-0.16 %),100240,6089300000,12310,745680000,323682607,5.56
30/11/2020,-90100,-5463010000,60.6(-0.49 %),1305070,78951650000,1395170,84414660000,323701327,5.56
01/12/2020,64840,3925480000,60.6(0.00 %),122640,7409632000,57800,3484152000,323760887,5.46
02/12/2020,59610,3599685000,60.5(-0.17 %),64990,3924028000,5380,324343000,323701277,5.46
03/12/2020,-91810,-5526870000,60.4(-0.17 %),61280,3693180000,153090,9220050000,323640867,5.56
04/12/2020,-28210,-1687930000,60.4(0.00 %),74930,4519320000,103140,6207250000,323623737,5.56
07/12/2020,70780,4272540000,60.5(0.17 %),74390,4489860000,3610,217320000,323551127,5.57
08/12/2020,-237900,-14299104000,60.6(0.17 %),10950,660014000,248850,14959118000,323988417,5.43
09/12/2020,34280,2142780000,62.8(3.63 %),141980,8880330000,107700,6737550000,323649387,5.56
10/12/2020,-274980,-17621660000,63.9(1.75 %),54490,3482970000,329470,21104630000,323594907,5.57
11/12/2020,-20940,-1315340000,63.9(0.00 %),129410,8268460000,150350,9583800000,323714347,5.55
14/12/2020,493,441070000,64.4(0.78 %),23687,15269550000,23194,14828480000,323585177,5.57
15/12/2020,-62530,-40621320000,65.5(1.71 %),17812,11713560000,80342,52334880000,323736527,5.55
16/12/2020,-473900,-31542020000,67.1(2.44 %),217570,14500210000,691470,46042230000,323575634,5.57
17/12/2020,-45882,-30312120000,66(-1.64 %),81205,53672920000,127087,83985040000,322988414,5.63
18/12/2020,-113810,-7425131000,66(0.00 %),952110,62996006000,1065920,70421137000,325916957,5.24
21/12/2020,104540,6932784000,66.3(0.45 %),114140,7568776000,9600,635992000,325812417,5.25
22/12/2020,294290,19608836990,66.7(0.60 %),300660,20033276460,6370,424439470,325518127,5.28
23/12/2020,460540,30868054000,67(0.45 %),477640,32010940000,17100,1142886000,325057587,5.33
24/12/2020,-34760,-2306300000,66(-1.49 %),21170,1404610000,55930,3710910000,324995714,5.43
25/12/2020,-3635,-2411380000,66.5(0.76 %),2701,1795110000,6336,4206490000,324971474,5.43
28/12/2020,-468700,-31340239000,67.1(0.90 %),36300,2430137000,505000,33770376000,325597397,5.29
29/12/2020,284100,19398395000,67.9(1.19 %),292190,19966287000,8090,567892000,325313297,5.32
30/12/2020,77430,5253857790,66.8(-1.62 %),94200,6391752600,16770,1137894810,325235867,5.33
31/12/2020,-163130,-10870866000,66(-1.20 %),28380,1899443000,191510,12770309000,324614121,5.39
04/01/2021,335100,22314710000,65.1(-1.36 %),363700,24199560000,28600,1884850000,324572001,5.4
05/01/2021,102310,66698960000,65(-0.15 %),103690,67596840000,1380,897880000,323551871,5.59
06/01/2021,584300,38884460000,66.7(2.62 %),587600,39104380000,3300,219920000,322964601,5.56
07/01/2021,651700,45648780000,71.3(6.90 %),654700,45851560000,3000,202780000,322312901,5.62
08/01/2021,1289200,95938370000,75.7(6.17 %),1444200,107417080000,155000,11478710000,321023701,5.76
11/01/2021,57230,42826430000,75.5(-0.26 %),180580,134940560000,123350,92114130000,319296761,6.03
12/01/2021,1405500,107130570000,75.4(-0.13 %),1742600,132765930000,337100,25635360000,319045901,5.96
13/01/2021,273400,207809760000,75.6(0.27 %),276850,210410060000,3450,2600300000,314968161,6.48
14/01/2021,1596800,120887100000,75.2(-0.53 %),1699600,128653000000,102800,7765900000,314715101,6.4
15/01/2021,50150,37235650000,72.5(-3.59 %),75810,56135150000,25660,18899500000,314095061,6.57
18/01/2021,23760,17162890000,71.7(-1.10 %),27350,19745500000,3590,2582610000,313856061,6.59
19/01/2021,8460,5942620000,70(-2.37 %),12130,8504810000,3670,2562190000,313837561,6.59
20/01/2021,446600,31707890000,72(2.86 %),651200,46585410000,204600,14877520000,313444801,6.53
21/01/2021,898300,67127300000,75.9(5.42 %),1171600,87091680000,273300,19964380000,312546501,4.42
22/01/2021,232850,179126320000,79(4.08 %),271000,209328080000,38150,30201760000,309661677,7.02
25/01/2021,176300,14016450000,80(1.27 %),346400,27504790000,170100,13488340000,310831701,6.8
26/01/2021,75060,60853420000,81(1.25 %),92790,75253640000,17730,14400220000,308805686,7.12
27/01/2021,1052600,85967120000,81.2(0.25 %),1125900,91912570000,73300,5945450000,309028501,6.98
28/01/2021,203300,16004700000,75.8(-6.65 %),469600,37005260000,266300,21000560000,308825201,7.0
29/01/2021,542600,43584760000,80.2(5.80 %),556200,44667980000,13600,1083220000,308282601,7.06
01/02/2021,-78000,-6313580000,80.1(-0.12 %),759000,61246710000,837000,67560290000,307461162,7.14
02/02/2021,-46920,-37648130000,80.5(0.50 %),21170,16973680000,68090,54621810000,306756762,7.33
03/02/2021,-198600,-16092660000,83(3.11 %),254900,20534650000,453500,36627310000,308128962,7.07
04/02/2021,-163900,-13428860000,81.5(-1.81 %),66700,5460740000,230600,18889600000,308292862,7.06
05/02/2021,-52220,-42234560000,80.2(-1.60 %),16810,13586680000,69030,55821240000,307798601,7.22
08/02/2021,-1113000,-85477430000,77.7(-3.12 %),134200,10528210000,1247200,96005640000,309928062,6.89
09/02/2021,100000,7931200000,0(0.00 %),517800,40794120000,417800,32862920000,309828062,6.9
17/02/2021,91500,7323330000,81(2.53 %),281100,22430870000,189600,15107540000,309736562,6.91
18/02/2021,-32270,-25812400000,81.5(0.62 %),36530,29203700000,68800,55016100000,309044801,7.09
19/02/2021,-54500,-44130150000,80.3(-1.47 %),14370,11689680000,68870,55819830000,309327901,7.06
22/02/2021,-68200,-5459740000,80.8(0.62 %),307000,24664400000,375200,30124140000,310672462,6.81
23/02/2021,-45290,-36517940000,80.8(0.00 %),80,64480000,45370,36582420000,310148701,6.98
24/02/2021,-11840,-9529100000,80.4(-0.50 %),70,56600000,11910,9585700000,310815701,6.91
25/02/2021,0,25940000,80(-0.50 %),109200,8794430000,109200,8768490000,311243762,6.75
26/02/2021,-186200,-14840540000,79.6(-0.50 %),34900,2774020000,221100,17614560000,311429962,6.73
01/03/2021,-177300,-14070590000,79.7(0.13 %),87200,6942760000,264500,21013350000,311270601,6.75
02/03/2021,-17300,-1380780000,79.3(-0.50 %),158000,12531310000,175300,13912090000,311287901,6.75
03/03/2021,6870,5373670000,81.4(2.65 %),15980,12731930000,9110,7358260000,311174201,6.87
04/03/2021,9670,7807110000,80.6(-0.98 %),14320,11570800000,4650,3763690000,311284301,6.86
05/03/2021,-465200,-37068490000,79.9(-0.87 %),372700,29862260000,837900,66930750000,311587701,6.72
08/03/2021,-280700,-22639470000,81.4(1.88 %),94700,7600750000,375400,30240220000,311868401,6.69
09/03/2021,-420,-361730000,82(0.74 %),5320,4318540000,5740,4680270000,311015001,6.89
10/03/2021,-166400,-13591440000,82.5(0.61 %),67700,5497450000,234100,19088890000,312039001,6.67
11/03/2021,-4070,-3363590000,82.9(0.48 %),10,8300000,4080,3371890000,312104591,6.78
12/03/2021,9210,7588850000,82.2(-0.84 %),32820,27020950000,23610,19432100000,312005791,6.79
15/03/2021,-79940,-65981960000,81.9(-0.36 %),800,653230000,80740,66635190000,312231891,6.76
16/03/2021,-26290,-21261240000,80.9(-1.22 %),2010,1621210000,28300,22882450000,312252591,6.76
17/03/2021,-32220,-25822100000,80.5(0.25 %),1850,1476780000,34070,27298880000,312257591,6.76
18/03/2021,1690,1366120000,81.2(0.87 %),1790,1447790000,100,81670000,313026091,6.68
19/03/2021,-249630,-197777010000,79(-2.71 %),5900,4715600000,255530,202492610000,313243501,6.66
22/03/2021,96700,7802220000,80.8(2.28 %),100400,8100780000,3700,298560000,315754801,6.29
23/03/2021,-3930,-3173340000,80(-0.99 %),3470,2794720000,7400,5968060000,313369601,6.65
24/03/2021,-47700,-3721180000,79.8(-0.25 %),421300,33563740000,469000,37284920000,315841801,6.29
25/03/2021,414600,33226810000,80(0.25 %),447000,35813260000,32400,2586450000,315427201,6.33
26/03/2021,-28080,-22363610000,79.5(-0.62 %),13540,10748760000,41620,33112370000,314979687,6.48
29/03/2021,26420,21076190000,80(0.63 %),26420,21076190000,0,0,315194487,6.46
30/03/2021,10950,8817950000,80.7(0.87 %),15410,12395170000,4460,3577220000,315072787,6.47
31/03/2021,11050,8906980000,80.5(-0.25 %),11620,9365850000,570,458870000,315388407,6.44
01/04/2021,55700,45812120000,81.8(1.61 %),58160,47830320000,2460,2018200000,314804707,6.5
02/04/2021,369100,30510890000,82(0.24 %),375600,31047620000,6500,536730000,315017207,6.37
05/04/2021,216200,19662170000,85.5(4.27 %),772600,66678810000,556400,47016640000,314801007,6.39
06/04/2021,3870,3314900000,86.8(1.52 %),18410,15914260000,14540,12599360000,313547307,6.63
07/04/2021,202600,17822810000,88.1(1.50 %),664200,58428030000,461600,40605220000,314559707,6.42
08/04/2021,395300,35229092300,88.8(0.79 %),424600,37840142300,29300,2611050000,314164407,6.46
09/04/2021,298400,26399000000,90(1.35 %),319000,28235750000,20600,1836750000,313866007,6.49
12/04/2021,77780,72724520000,95.3(5.89 %),91550,85680720000,13770,12956200000,312696965,6.72
13/04/2021,593800,57437030000,96.6(1.36 %),741000,71625460000,147200,14188430000,312494407,6.63
14/04/2021,730200,72309870000,100.1(3.62 %),962200,94997800000,232000,22687930000,311764207,6.7
15/04/2021,1094600,112521750000,102.5(2.40 %),1873700,192371990000,779100,79850240000,310669607,3.48
16/04/2021,832000,89741580000,108(5.37 %),1557800,168226132600,725800,78484552600,309837607,6.9
19/04/2021,176900,19247880000,109(0.93 %),778300,84731040000,601400,65483160000,309660707,6.91
20/04/2021,408400,44255290000,108.5(-0.46 %),939500,101961025200,531100,57705735200,309252307,6.95
22/04/2021,-7730,-8247860000,107.3(-1.11 %),34510,36933830000,42240,45181690000,307748015,7.23
23/04/2021,-32670,-34820300000,107(-0.28 %),39870,42716250000,72540,77536550000,307951120,7.21
26/04/2021,88900,98138890000,114.4(6.92 %),114420,126282520000,25520,28143630000,307124720,7.29
27/04/2021,81030,90911760000,121.5(6.21 %),129100,148374970000,48070,57463210000,303330341,7.83
28/04/2021,511000,63009960000,128(5.35 %),883300,107851870000,372300,44841910000,307446007,10.34
29/04/2021,447900,58926110000,131.4(2.66 %),956700,125543570000,508800,66617460000,306998107,10.34
04/05/2021,570600,74658710000,131.5(0.08 %),666100,87113920000,95500,12455210000,327736001,8.24
05/05/2021,14400,1647940000,133(1.14 %),263900,34846290000,249500,33198350000,327721601,8.24
06/05/2021,38110,50661290000,135.7(2.03 %),40790,54235040000,2680,3573750000,327264201,7.81
07/05/2021,299100,41106330000,135.8(0.07 %),513900,70788340000,214800,29682010000,327041401,7.71
10/05/2021,-188400,-24409160000,128.5(-5.38 %),6800,896830000,195200,25305990000,327229801,7.69
11/05/2021,-127050,-162106520000,128.5(0.00 %),32130,41103310000,159180,203209830000,327070001,7.83
12/05/2021,-1115200,-142894410000,130(1.17 %),305700,39336920000,1420900,182231330000,329615501,7.46
13/05/2021,-974300,-129821110000,134(3.08 %),83000,11017940000,1057300,140839050000,330589801,7.37
14/05/2021,-309400,-41287840000,134.1(0.07 %),109400,14619710000,418800,55907550000,330899201,7.34
17/05/2021,-13870,-18890370000,137.6(2.61 %),37290,50980920000,51160,69871290000,326710382,7.99
18/05/2021,-17670,-24770040000,141.7(2.98 %),3340,4650130000,21010,29420170000,327736182,7.89
19/05/2021,-43980,-62459940000,142(0.21 %),4200,6011690000,48180,68471630000,328104982,7.86
20/05/2021,-65580,-91015770000,141(-0.70 %),1460,2027240000,67040,93043010000,328592382,7.81
21/05/2021,3490,4944900000,137.3(-2.62 %),43180,59602600000,39690,54657700000,328369467,7.83
24/05/2021,160,127030000,135(-1.68 %),23460,31582040000,23300,31455010000,328616667,7.81
25/05/2021,-11840,-16086270000,135.5(0.37 %),16720,22465780000,28560,38552050000,327948955,7.93
26/05/2021,148800,20106300000,133.5(-1.48 %),739300,99986820000,590500,79880520000,332243301,7.4
27/05/2021,148800,20106300000,136(1.87 %),649300,87746820000,500500,67640520000,332811701,7.34
28/05/2021,-437400,-59174340000,134.9(-0.81 %),610700,82435370000,1048100,141609710000,333249101,7.3
31/05/2021,311800,41999130000,134.6(-0.22 %),874200,117852330000,562400,75853200000,332937301,7.33
01/06/2021,6060,8227070000,135.8(0.89 %),55670,75206380000,49610,66979310000,327289955,7.99
02/06/2021,-530700,-73518940000,139.4(2.65 %),1130100,156614850000,1660800,230133790000,328377355,7.95
03/06/2021,26490,37556870000,141(1.15 %),70830,100035460000,44340,62478590000,322697398,8.62
04/06/2021,8070,11277100000,139.8(-0.85 %),55410,77730720000,47340,66453620000,322646598,8.63
07/06/2021,67580,94984700000,138.6(-0.86 %),110530,154939060000,42950,59954360000,323205098,8.58
08/06/2021,-45060,-61072910000,136(-1.88 %),91250,123838590000,136310,184911500000,322739198,8.62
09/06/2021,-127800,-135708650000,106.3(-21.84 %),15300,16238050000,143100,151946700000,323068463,8.59
10/06/2021,-707500,-74120250000,103.6(-2.54 %),518300,54411290000,1225800,128531540000,329792055,7.81
11/06/2021,1660,1759970000,104.9(1.25 %),60660,63634010000,59000,61874040000,324072163,8.49
14/06/2021,-28680,-29826590000,103.9(-0.95 %),1870,1943480000,30550,31770070000,325508963,8.36
15/06/2021,-119900,-12404590000,104(0.10 %),210700,21887220000,330600,34291810000,330182155,7.78
16/06/2021,-231800,-23983180000,103.5(-0.48 %),100600,10432000000,332400,34415180000,330413955,7.77
17/06/2021,-317400,-32636850000,102.2(-1.26 %),80400,8262530000,397800,40899380000,330731355,7.73
18/06/2021,-908800,-93803290000,103(0.78 %),118100,12192800000,1026900,105996090000,331640155,7.65
21/06/2021,-338660,-361836460000,109(5.83 %),10870,11612870000,349530,373449330000,327432372,8.18
22/06/2021,-130800,-14792750000,113.5(4.13 %),82100,9331080000,212900,24123830000,335157555,7.33
23/06/2021,-16300,-1856040000,112(-1.32 %),8800,995950000,25100,2851990000,335173855,7.33
24/06/2021,-520,-525890000,115(2.68 %),4650,5243100000,5170,5768990000,332185972,7.73
25/06/2021,-4570,-5555700000,119.1(3.57 %),309780,371438290000,314350,376993990000,332301072,7.72
28/06/2021,-15790,-19137100000,120(0.76 %),4870,5914560000,20660,25051660000,332285172,7.72
29/06/2021,-18030,-21630300000,121(0.83 %),5860,7033010000,23890,28663310000,332283772,7.72
30/06/2021,1244580,1505982890000,121(0.00 %),1312270,1587843590000,67690,81860700000,319363102,8.94
01/07/2021,-473200,-57405220000,120(-0.83 %),20100,2426670000,493300,59831890000,319597202,8.77
02/07/2021,15444900,1853522040000,119(-0.83 %),15693400,1883161560000,248500,29639520000,304152302,10.2
05/07/2021,-542100,-58955894800,115(-3.36 %),39600,2434278000,581700,61390172800,304694402,10.15
06/07/2021,223000,26090420000,117(1.74 %),668000,77935632000,445000,51845212000,304471402,10.17
07/07/2021,61500,72088270000,118(0.85 %),103780,121616800000,42280,49528530000,304016240,10.38
08/07/2021,-5637900,-529994405000,110.8(-6.10 %),1084800,120385680000,6722700,650380085000,309494302,9.7
09/07/2021,-173280,-180873410000,103.5(-6.59 %),76320,81422660000,249600,262296070000,419003157,9.93
12/07/2021,345400,35493730000,105.1(1.55 %),1079600,111038530000,734200,75544800000,310881702,17.13
13/07/2021,137100,14347910000,104.7(-0.38 %),493900,51199580000,356800,36851670000,310744602,17.14
14/07/2021,-52450,-52837940000,104(-0.67 %),70120,72527230000,122570,125365170000,426279257,9.42
15/07/2021,37220,38669330000,104(0.00 %),86940,90143380000,49720,51474050000,426083557,9.44
16/07/2021,927000,96672980000,104.6(0.58 %),1007500,105081990000,80500,8409010000,309969902,17.2
19/07/2021,477600,49231890000,103(-1.53 %),1317934,135373385000,840334,86141495000,309492302,17.23
20/07/2021,-104670,-107087480000,103.5(0.49 %),45630,46954480000,150300,154041960000,426322530,9.42
21/07/2021,52900,5810950000,103.1(-0.39 %),1894500,196465090000,1841600,190654140000,310486102,17.16
22/07/2021,44450,46509670000,104.9(1.75 %),175170,183257230000,130720,136747560000,423939430,9.59
23/07/2021,-4460,-4458160000,103(-1.81 %),37330,38741590000,41790,43199750000,425069130,9.51
26/07/2021,757300,80988600000,107.5(4.37 %),2424100,258880330000,1666800,177891730000,309328902,17.24
27/07/2021,99690,106044720000,106.5(-0.93 %),291050,309663360000,191360,203618640000,418750925,10.06
28/07/2021,-6680,-7057910000,104.1(-2.25 %),10200,10659700000,16880,17717610000,419066825,10.04
29/07/2021,223500,23258120000,104(-0.10 %),417000,43388800000,193500,20130680000,308125302,17.41
30/07/2021,244600,25420710000,104(0.00 %),355900,36990540000,111300,11569830000,307880702,17.42
02/08/2021,265900,27734240000,104.6(0.58 %),359800,37613660000,93900,9879420000,421356125,9.72
03/08/2021,-106900,-11294970000,105.5(0.86 %),74600,7856030000,181500,19151000000,421463025,9.71
04/08/2021,-319500,-34623210000,107.5(1.90 %),279300,29975610000,598800,64598820000,421782525,9.69
05/08/2021,-205800,-22305660000,108(0.47 %),413300,44777360000,619100,67083020000,421988325,9.67
06/08/2021,-205100,-22165570000,107.5(-0.46 %),140200,15125860000,345300,37291430000,422193425,9.66
09/08/2021,-494100,-52456340000,106(-1.40 %),108600,11538550000,602700,63994890000,422687525,9.63
10/08/2021,-443500,-46553070000,104.6(-1.32 %),86100,9058600000,529600,55611670000,423131025,9.6
11/08/2021,-448300,-46827380000,103.9(-0.67 %),133800,13972270000,582100,60799650000,423579325,9.56
12/08/2021,-346400,-35985730000,103.6(-0.29 %),17400,1808500000,363800,37794230000,423925725,9.54
13/08/2021,-235000,-21513378000,103.5(-0.10 %),38600,3246132000,273600,24759510000,424160725,9.53
16/08/2021,-481200,-50034260000,103.8(0.29 %),42300,4395670000,523500,54429930000,424641925,9.49
17/08/2021,-82200,-8488360000,103.2(-0.58 %),15400,1597190000,97600,10085550000,424325125,9.51
18/08/2021,-859000,-88457550000,103(-0.19 %),7200,741150000,866200,89198700000,425500925,9.43
19/08/2021,-1061100,-110411930000,104.9(1.84 %),78300,8162020000,1139400,118573950000,426562025,9.36
20/08/2021,-301700,-31099310000,103.7(-1.14 %),28500,2956330000,330200,34055640000,426863725,9.34
23/08/2021,-507100,-53155400000,104.9(1.16 %),22900,2387850000,530000,55543250000,427370825,9.31
24/08/2021,-41300,-4327140000,105.5(0.57 %),31000,3242710000,72300,7569850000,427412125,9.3
25/08/2021,3500,352620000,105.5(0.00 %),83700,8807700000,80200,8455080000,427408625,9.3
26/08/2021,-130800,-13577820000,103.7(-1.71 %),49000,5106040000,179800,18683860000,427539425,9.3
27/08/2021,62500,6452160000,103.8(0.10 %),86300,8905770000,23800,2453610000,427476925,9.3
30/08/2021,39100,4054090000,104(0.19 %),169773,17618657400,130673,13564567400,427437825,9.3
31/08/2021,104900,10919040000,104.4(0.38 %),139700,14549350000,34800,3630310000,427332925,9.31
01/09/2021,58100,6091740000,104.7(0.29 %),279900,29337260000,221800,23245520000,427166288,9.32
06/09/2021,-295100,-30969700000,104.8(0.10 %),40200,4231240000,335300,35200940000,427461388,9.3
07/09/2021,-127200,-13302610000,104.8(0.00 %),47100,4941630000,174300,18244240000,427588588,9.29
08/09/2021,-59000,-6120750000,104(-0.76 %),54800,5722520000,113800,11843270000,427647588,9.29
09/09/2021,-137800,-14211990000,103.2(-0.77 %),88300,9153020000,226100,23365010000,427785388,9.28
10/09/2021,-333400,-34422410000,103.3(0.10 %),50500,5220610000,383900,39643020000,428118788,9.26
13/09/2021,-279300,-28764620000,103(-0.29 %),3000,309170000,282300,29073790000,428398088,9.24
14/09/2021,-517300,-53215440000,103(0.00 %),7600,781860000,524900,53997300000,428915388,9.2
15/09/2021,-107600,-11094750000,103.1(0.10 %),6900,710140000,114500,11804890000,429022988,9.2
16/09/2021,-246000,-25351740000,103.1(0.00 %),1700,174780000,247700,25526520000,429268988,9.18
17/09/2021,-1231900,-126967380000,103.2(0.10 %),64700,6674860000,1296600,133642240000,430500888,9.09
20/09/2021,-427400,-43893490000,103(-0.19 %),10500,1077750000,437900,44971240000,430928288,9.07
21/09/2021,-169800,-17452910000,103(0.00 %),5800,595640000,175600,18048550000,431098088,9.05
22/09/2021,-149900,-15437420000,103.1(0.10 %),15200,1565330000,165100,17002750000,431247988,9.04
23/09/2021,-463900,-47570540000,103(-0.10 %),126500,12966830000,590400,60537370000,431711888,9.01
24/09/2021,-356600,-36675740000,103(0.00 %),64100,6586630000,420700,43262370000,432068488,8.99
27/09/2021,-298500,-30584130000,102.4(-0.58 %),43000,4403810000,341500,34987940000,432366988,8.97
28/09/2021,45400,4650430000,102.6(0.20 %),101600,10408760000,56200,5758330000,432321588,8.97
29/09/2021,-432200,-44083910000,102(-0.58 %),17200,1752310000,449400,45836220000,432753788,8.94
30/09/2021,-130500,-13281900000,102(0.00 %),42200,4297890000,172700,17579790000,432884288,8.93
01/10/2021,-60300,-6135360000,102(0.00 %),135626,13501657400,195926,19637017400,432574166,8.95
04/10/2021,-6900,-699440000,102(0.00 %),9300,945360000,16200,1644800000,432581066,8.95
05/10/2021,-173600,-18064510000,104.4(2.35 %),100,10390000,173700,18074900000,432754666,8.94
06/10/2021,-1289600,-131792970000,105(0.57 %),23200,2431800000,1312800,134224770000,434044266,0.0
07/10/2021,-219600,-23040060000,104.1(-0.86 %),9100,953830000,228700,23993890000,434263866,0.0
08/10/2021,-82800,-8577580000,104.5(0.38 %),79100,8212850000,161900,16790430000,434346666,0.0
11/10/2021,-490100,-41857403700,104(-0.48 %),41800,4351254600,531900,46208658300,434836766,0.0
12/10/2021,-99500,-10256660000,103(-0.96 %),88300,9115306000,187800,19371966000,434936266,0.0
13/10/2021,-302100,-31168060000,102.6(-0.39 %),24200,2496940000,326300,33665000000,435238366,0.0
14/10/2021,87700,8977650000,102.3(-0.29 %),297600,30493680000,209900,21516030000,435150666,0.0
15/10/2021,-142800,-14565420000,102(-0.29 %),28300,2898240000,171100,17463660000,435293466,0.0
18/10/2021,-225300,-22912810000,101.7(-0.29 %),23600,2403380000,248900,25316190000,435518766,0.0
19/10/2021,-682600,-69994990000,102.6(0.88 %),92700,9534750000,775300,79529740000,436201366,0.0
20/10/2021,-848300,-86725860000,102.3(-0.29 %),119000,12165820000,967300,98891680000,437049666,0.0
21/10/2021,-639100,-65213590000,102(-0.29 %),30300,3092080000,669400,68305670000,436840466,0.0
22/10/2021,-81200,-8372920000,103.3(1.27 %),10200,1048620000,91400,9421540000,436921666,0.0
25/10/2021,-207400,-21510180000,103.8(0.48 %),49000,5089380000,256400,26599560000,437129066,0.0
26/10/2021,-180900,-18781420000,103.3(-0.48 %),34100,3521070000,215000,22302490000,437309966,0.0
27/10/2021,92900,9648370000,103.9(0.58 %),103000,10692530000,10100,1044160000,437217066,0.0
28/10/2021,-9800,-1526340000,107.8(3.75 %),161400,17157550000,171200,18683890000,437226866,8.64
29/10/2021,-330200,-36443970000,109.3(1.39 %),583500,64447250000,913700,100891220000,437557066,8.62
01/11/2021,-264000,-28970170000,109.6(0.27 %),79400,8751370000,343400,37721540000,438271414,8.57
02/11/2021,-5242900,-614173720000,108.1(-1.37 %),53400,5783600000,5296300,619957320000,443514314,0.0
03/11/2021,0,0,105.2(-2.68 %),0,0,0,0,438304614,8.56
04/11/2021,109300,13374901800,104(-1.14 %),259700,27191080800,150400,13816179000,438195314,0.0
05/11/2021,0,0,105(0.96 %),0,0,0,0,438304614,8.56
08/11/2021,50700,5332450000,104.6(-0.38 %),114700,12029860000,64000,6697410000,438253914,8.57
09/11/2021,-768800,-79489790000,103(-1.53 %),107300,11155560000,876100,90645350000,439022714,8.52
10/11/2021,-88100,-9131829300,104(0.97 %),64400,6675253200,152500,15807082500,439110814,0.0
11/11/2021,-254200,-26776560000,105.5(1.44 %),114200,12142740000,368400,38919300000,439276914,8.5
12/11/2021,-5800,-606580000,106(0.47 %),11200,1182510000,17000,1789090000,439282714,8.5
15/11/2021,-146500,-15383520000,103.6(-2.26 %),62000,6459920000,208500,21843440000,439429214,8.49
16/11/2021,-13300,-1365210000,103.1(-0.48 %),83700,8674440000,97000,10039650000,439442514,8.49
17/11/2021,42800,4426680000,103.2(0.10 %),52400,5418290000,9600,991610000,439399714,8.49
18/11/2021,-69200,-7087400000,102.7(-0.48 %),39400,4053950000,108600,11141350000,439468914,8.49
19/11/2021,-243600,-24898400000,102.2(-0.49 %),67200,6878590000,310800,31776990000,439712514,8.47
22/11/2021,-9000,-916760000,102.1(-0.10 %),57700,5893110000,66700,6809870000,439721514,8.47
23/11/2021,92000,9593970000,106.2(4.02 %),110200,11470030000,18200,1876060000,439629514,8.47
24/11/2021,-374500,-39885970000,106.4(0.19 %),59700,6376530000,434200,46262500000,440004014,8.45
25/11/2021,-229000,-24957330000,109(2.44 %),213300,23159820000,442300,48117150000,440233014,8.43
26/11/2021,-133200,-14764250000,110.7(1.56 %),184600,20581540000,317800,35345790000,440366214,0.0
29/11/2021,-39200,-1439050800,110.2(-0.45 %),137900,15033720100,177100,16472770900,440405414,0.0
30/11/2021,130800,14493760000,110(-0.18 %),814000,89304100000,683200,74810340000,440235414,8.43
01/12/2021,-122500,-13833310000,114(3.64 %),97200,11051550000,219700,24884860000,445386544,8.08
02/12/2021,77000,8730090000,114.3(0.26 %),203900,23351970000,126900,14621880000,445309544,8.09
03/12/2021,-416700,-47835840000,111(-2.89 %),42300,4763070000,459000,52598910000,445726244,8.06
06/12/2021,-90600,-10256390000,111(0.00 %),320000,35387230000,410600,45643620000,445816844,8.05
07/12/2021,-596000,-66680070000,112.6(1.44 %),96200,10726740000,692200,77406810000,446412844,8.01
08/12/2021,-442800,-50001370000,113.9(1.15 %),60000,6745280000,502800,56746650000,446855644,7.98
09/12/2021,-102200,-11755040000,115(0.97 %),185300,21226160000,287500,32981200000,446957844,0.0
10/12/2021,-473600,-53918990000,113(-1.74 %),47600,5394430000,521200,59313420000,447431444,7.94
13/12/2021,-120100,-13534070000,112.1(-0.80 %),35800,4003680000,155900,17537750000,447551544,7.94
14/12/2021,-278700,-31606010000,113.1(0.89 %),131300,14626750000,410000,46232760000,447830244,7.92
15/12/2021,-67100,-7877430000,115(1.68 %),127100,14371290000,194200,22248720000,447897344,7.92
16/12/2021,-97100,-11154270000,115(0.00 %),116400,13382670000,213500,24536940000,447994444,7.91
17/12/2021,-981000,-112964550000,115.2(0.17 %),18900,2165880000,999900,115130430000,448975444,7.85
20/12/2021,-16800,-1897230000,115.3(0.09 %),33400,3839240000,50200,5736470000,448992244,7.85
21/12/2021,-407100,-47834240000,116.6(1.13 %),2279110,253275150000,2686210,301109390000,449399344,0.0
22/12/2021,-63600,-7342270000,116.7(0.09 %),48400,5637560000,112000,12979830000,449462944,7.81
23/12/2021,-103800,-11964195600,113(-3.17 %),56500,6512303000,160300,18476498600,449566744,0.0
24/12/2021,0,0,88.9(3.01 %),0,0,0,0,449462944,5.96
27/12/2021,165300,14604280000,89(0.11 %),174400,15413060000,9100,808780000,450371786,7.74
28/12/2021,-170500,-14983610000,87(-2.25 %),15100,1326960000,185600,16310570000,450542286,5.91
29/12/2021,-17200,-1484540000,87(0.00 %),8200,706010000,25400,2190550000,450418186,7.73
30/12/2021,61300,5295950000,86.3(-0.80 %),77300,6679930000,16000,1383980000,450526442,7.73
31/12/2021,-69700,-6330530000,91(5.45 %),6100,540550000,75800,6871080000,450545755,7.73
04/01/2022,-467000,-41752510000,89(-2.20 %),8300,743080000,475300,42495590000,450553455,7.73
05/01/2022,-237300,-20961770000,89.1(0.11 %),65900,5832360000,303200,26794130000,450563395,7.72
06/01/2022,-702700,-62010430000,88.2(-1.01 %),22600,1999720000,725300,64010150000,451016095,7.69
07/01/2022,-1400600,-121766860000,86.4(-2.04 %),52700,4585560000,1453300,126352420000,451254591,7.68
10/01/2022,-706400,-50850447600,83.9(-2.89 %),74800,5211700200,781200,56062147800,451906091,7.63
11/01/2022,-142900,-11926550000,84.5(0.72 %),144600,12116000000,287500,24042550000,453214791,7.54
12/01/2022,-201300,-16681850000,83.8(-0.83 %),214900,17810070000,416200,34491920000,453781091,7.51
13/01/2022,-741200,-61229510000,83.5(-0.36 %),109300,9014720000,850500,70244230000,453952292,7.49
14/01/2022,-142800,-11713990000,82(-1.80 %),80600,6621660000,223400,18335650000,454275892,7.47
17/01/2022,15600,1303280000,80(-2.44 %),105800,8528900000,90200,7225620000,455008592,7.42
18/01/2022,307100,24656040000,80.1(0.12 %),696200,55531080000,389100,30875040000,454535792,7.45
19/01/2022,-899400,-71057490000,78.5(-2.00 %),269400,21276470000,1168800,92333960000,454374592,7.47
20/01/2022,-1536600,-121652030000,78.5(-1.88 %),79900,6367790000,1616500,128019820000,454683792,7.44
21/01/2022,-484400,-38172670000,80(-0.25 %),34900,2774460000,519300,40947130000,455787469,7.37
24/01/2022,-162600,-12757340000,78.1(-2.38 %),119200,9391760000,281800,22149100000,457284705,7.27
25/01/2022,-319900,-25026400000,79(1.15 %),248300,19613230000,568200,44639630000,457555705,7.25
26/01/2022,-774100,-13908585600,79.4(0.51 %),91600,4434393600,865700,18342979200,457748905,7.24
27/01/2022,-665200,-49890340000,79(-0.50 %),276700,22034360000,941900,71924700000,597721625,7.34
28/01/2022,-780600,-59320930000,79.9(1.14 %),71400,5658540000,852000,64979470000,598506325,7.3
07/02/2022,-54500,-4368030000,80(0.13 %),9100,735230000,63600,5103260000,599427125,7.25
08/02/2022,-69800,-5538040000,79.2(-1.00 %),22300,1771210000,92100,7309250000,600256825,7.21
09/02/2022,-864500,-67197950000,79(-0.25 %),141400,11164050000,1005900,78362000000,600173025,7.21
10/02/2022,-1087200,-85436940000,78.5(-0.63 %),664600,51262180000,1751800,136699120000,600040525,7.22
11/02/2022,-498600,-38901970000,78.1(-0.51 %),67200,5243150000,565800,44145120000,600931225,7.17
14/02/2022,526200,41031130000,78(-0.13 %),822500,64090900000,296300,23059770000,601360525,7.15
15/02/2022,530600,41554170000,79(1.28 %),751400,58769210000,220800,17215040000,601174925,7.16
16/02/2022,-415200,-32684700000,78.1(-1.14 %),44200,3482010000,459400,36166710000,601426948,7.14
17/02/2022,61300,4751020000,79(1.15 %),573600,44668720000,512300,39917700000,601081148,7.16
18/02/2022,-450900,-35467430000,78.5(-0.63 %),76500,5991860000,527400,41459290000,601464048,7.14
21/02/2022,10100,790100000,78.5(0.00 %),30300,2370260000,20200,1580160000,601938941,7.12
22/02/2022,-463400,-35996700000,78.1(-0.51 %),32300,2511720000,495700,38508420000,602434041,7.09
23/02/2022,-308400,-24199250000,77.4(-0.90 %),66100,4853480000,374500,29052730000,602388141,7.09
24/02/2022,-123600,-9473600000,76(-1.81 %),27100,2067540000,150700,11541140000,602832737,7.07
25/02/2022,-817500,-61648070000,76.3(0.39 %),72500,5506380000,890000,67154450000,603098737,7.06
28/02/2022,-336300,-25402510000,75.3(-1.31 %),65000,4902030000,401300,30304540000,603126437,7.06
01/03/2022,-131500,-9933930000,75.4(0.13 %),212800,16030270000,344300,25964200000,603803642,7.02
02/03/2022,-365500,-27852470000,76.4(1.33 %),212600,16191650000,578100,44044120000,603992342,7.01
03/03/2022,-28800,-2215480000,78(2.09 %),10600,814140000,39400,3029620000,604326042,6.99
04/03/2022,-545900,-42408040000,77(-1.28 %),1300,101000000,547200,42509040000,604902842,6.96
07/03/2022,-1350700,-99658650000,76(-1.30 %),39300,2984540000,1390000,102643190000,604891962,6.97
08/03/2022,-905800,-68407150000,76(0.00 %),26000,1973150000,931800,70380300000,605398762,6.94
09/03/2022,-542600,-41274190000,76.5(0.66 %),136200,10377350000,678800,51651540000,606638162,6.87
10/03/2022,-373300,-28758760000,77(0.65 %),81500,6278830000,454800,35037590000,607467962,6.83
11/03/2022,-584100,-45009360000,77.2(0.26 %),45500,3510150000,629600,48519510000,608089291,6.8
14/03/2022,-1965900,-149269440000,76.5(-0.91 %),48800,3703270000,2014700,152972710000,608495291,6.78
15/03/2022,-1175960,-89074430000,76.6(0.13 %),14700,1116820000,1190660,90191250000,609110191,6.75
16/03/2022,-183300,-14139930000,77.4(1.04 %),21200,1634520000,204500,15774450000,611102150,6.64
17/03/2022,-306900,-23592870000,76.6(-1.03 %),23200,1781880000,330100,25374750000,612269610,6.58
18/03/2022,-1024600,-78855570000,77.1(0.65 %),32900,2509750000,1057500,81365320000,612441210,6.57
21/03/2022,250300,19705210000,82.4(6.87 %),382400,30283450000,132100,10578240000,818943991,6.58
22/03/2022,-1694600,-143483600000,84.1(2.06 %),96400,8229460000,1791000,151713060000,819905091,6.53
23/03/2022,-645200,-54222520000,83.8(-0.36 %),17700,1486360000,662900,55708880000,820007491,6.52
24/03/2022,-228300,-19060340000,82.8(-1.19 %),127900,10660970000,356200,29721310000,821652521,6.44
25/03/2022,-320300,-26896340000,83.6(0.97 %),298600,25065990000,618900,51962330000,821998821,6.42
28/03/2022,-128800,-10652470000,82.5(-1.32 %),69200,5733300000,198000,16385770000,822285821,6.4
29/03/2022,-295800,-24377630000,82.5(0.00 %),6600,544910000,302400,24922540000,822898176,6.37
30/03/2022,-125700,-10226930000,80(-3.03 %),112400,9139570000,238100,19366500000,822983776,6.37
31/03/2022,124100,9958240000,80.1(0.12 %),169300,13589130000,45200,3630890000,823116876,6.36
01/04/2022,366200,29399960000,82.6(3.12 %),390500,31349220000,24300,1949260000,822964476,6.37
04/04/2022,-389700,-32486210000,86.5(4.72 %),112600,9654440000,502300,42140650000,822885076,6.37
05/04/2022,596200,52306360000,87.7(1.39 %),837600,73369050000,241400,21062690000,822071716,6.41
06/04/2022,571300,48874390000,86.3(-1.60 %),1024000,87701380000,452700,38826990000,821394016,6.45
07/04/2022,691600,58607250000,84.6(-1.97 %),815400,69109430000,123800,10502180000,820702416,6.5
08/04/2022,97300,8162940000,85.4(0.95 %),439900,37447470000,342600,29284530000,820802617,6.48
12/04/2022,687400,58663800000,85(-0.47 %),1066200,90950900000,378800,32287100000,820115217,6.46
13/04/2022,448800,38178420000,86.5(1.76 %),685800,58311590000,237000,20133170000,819848226,6.53
14/04/2022,457300,38842900000,85(-1.73 %),500100,42508650000,42800,3665750000,819363026,6.56
15/04/2022,474000,39577824000,84.1(-1.06 %),531000,42791408000,57000,3213584000,819065426,6.57
18/04/2022,-165100,-13572820000,82.2(-2.26 %),99900,8234010000,265000,21806830000,819001426,6.57
19/04/2022,-17100,-1398380000,82(-0.24 %),276000,22704380000,293100,24102760000,818804026,6.58
20/04/2022,-27400,-2146640000,81.4(-0.73 %),264600,21631650000,292000,23778290000,819390426,6.56
21/04/2022,130400,10454030000,80.1(-1.60 %),272800,21856750000,142400,11402720000,818990226,6.57
22/04/2022,131700,10623620000,81(1.12 %),146000,11775800000,14300,1152180000,819204526,6.56
25/04/2022,-132472,-10636200000,80.1(-1.11 %),47900,3797990000,180372,14434190000,819383026,6.55
26/04/2022,-1064600,-85196800000,81(1.12 %),430400,34703420000,1495000,119900220000,818966926,6.58
27/04/2022,-389400,-31279060000,81.3(0.37 %),124800,10047550000,514200,41326610000,819058498,6.57
28/04/2022,-156800,-12724850000,81.7(0.49 %),4900,397440000,161700,13122290000,820553398,6.49
29/04/2022,-295500,-24008930000,82(0.37 %),1105700,86170790000,1401200,110179720000,821010998,6.47
04/05/2022,-80300,-6507900000,80.5(-1.83 %),60800,4893950000,141100,11401850000,821111898,6.46
05/05/2022,-146300,-11803740000,81.2(0.87 %),58600,4751760000,204900,16555500000,821258198,6.4
06/05/2022,-527000,-42581600000,80.8(-0.49 %),77400,6253920000,604400,48835520000,821518198,6.44
09/05/2022,-487500,-38268750000,78.5(-2.85 %),115000,9027500000,602500,47296250000,821608098,6.44
10/05/2022,48100,3799900000,79(0.64 %),172200,13603800000,124100,9803900000,822040298,6.42
11/05/2022,-268200,-21170060000,78.7(-0.38 %),21100,1660430000,289300,22830490000,822308498,6.35
12/05/2022,-188300,-14462180000,75.3(-4.32 %),48600,3727900000,236900,18190080000,822496798,6.34
13/05/2022,-427800,-32120040000,75(-0.40 %),500100,37275560000,927900,69395600000,822477917,6.39
16/05/2022,89600,6720000000,75(0.00 %),404800,30360000000,315200,23640000000,822310017,6.4
17/05/2022,103000,8064900000,78.3(4.40 %),365500,28618650000,262500,20553750000,822875917,6.37
18/05/2022,137400,10758420000,78.3(0.00 %),331300,25940790000,193900,15182370000,822871649,6.37
19/05/2022,66500,5187000000,78(-0.38 %),283100,22081800000,216600,16894800000,822863049,6.37
20/05/2022,-6000,-466800000,77.8(-0.26 %),69600,5414880000,75600,5881680000,822987349,6.37
23/05/2022,-425700,-32523480000,76.4(-1.80 %),140500,10734200000,566200,43257680000,823066975,6.36
24/05/2022,162500,12545000000,77.2(1.05 %),276900,21376680000,114400,8831680000,822877675,6.37
25/05/2022,4000,315600000,78.9(2.20 %),84600,6674940000,80600,6359340000,823383275,6.35
26/05/2022,-295200,-23025600000,78(-1.14 %),51600,4024800000,346800,27050400000,823446075,6.34
27/05/2022,-38100,-2987040000,78.4(0.51 %),184100,14433440000,222200,17420480000,823342587,6.35
30/05/2022,178200,14024340000,78.7(0.38 %),202200,15913140000,24000,1888800000,832958245,6.28
31/05/2022,22200,1731600000,78(-0.89 %),670900,52330200000,648700,50598600000,833035945,6.27
01/06/2022,19200,1497600000,78(0.00 %),237100,18493800000,217900,16996200000,832822845,6.29
02/06/2022,-8800,-694320000,78.9(1.15 %),144900,11432610000,153700,12126930000,832826645,6.28
03/06/2022,-177900,-13787250000,77.5(-1.77 %),99800,7734500000,277700,21521750000,832944745,6.28
06/06/2022,-501602,-38302242000,76.3(-1.55 %),106500,8126080000,608102,46428322000,832991945,6.28
07/06/2022,-166000,-12616000000,76(-0.39 %),105500,8018000000,271500,20634000000,833164145,6.27
08/06/2022,-595300,-45480920000,76.4(0.53 %),73900,5645960000,669200,51126880000,833698347,6.24
09/06/2022,-170700,-13058550000,76.5(0.13 %),43800,3350700000,214500,16409250000,833926047,6.23
10/06/2022,-23900,-1840300000,77(0.65 %),9300,716100000,33200,2556400000,834585947,6.19
13/06/2022,-17900,-1360400000,76(-1.30 %),31400,2386400000,49300,3746800000,834739047,6.19
14/06/2022,-320400,-24542640000,76.6(0.79 %),101500,7774900000,421900,32317540000,834670747,6.19
15/06/2022,-255800,-19543120000,76.4(-0.26 %),86900,6639160000,342700,26182280000,834632993,6.19
16/06/2022,236600,18336500000,77.5(1.44 %),284000,22010000000,47400,3673500000,834788893,6.18
17/06/2022,-852400,-64526680000,75.7(-2.32 %),229900,17403430000,1082300,81930110000,834925693,6.18
20/06/2022,136700,10397600000,75.5(-0.26 %),891300,67454990000,754600,57057390000,834181793,6.22
21/06/2022,104200,7867100000,75.5(0.00 %),313200,23646600000,209000,15779500000,834950893,6.18
22/06/2022,-517900,-39101450000,75.5(0.00 %),24900,1879950000,542800,40981400000,835583593,6.14
23/06/2022,-478200,-35817180000,74.9(-0.79 %),63000,4718700000,541200,40535880000,835729593,6.14
24/06/2022,-548200,-40566800000,74(-1.20 %),125500,9287000000,673700,49853800000,836166893,6.11
27/06/2022,-1027500,-76436550000,78.8(6.49 %),115100,8590920000,1142600,85027470000,836592993,6.09
28/06/2022,-710700,-53373570000,75.1(-4.70 %),719100,54004410000,1429800,107377980000,836547593,6.09
29/06/2022,-447100,-33730480000,75.1(0.00 %),560208,42257849008,1007308,75988329008,837389743,6.05
30/06/2022,-310500,-23132250000,74.5(-0.80 %),22000,1639000000,332500,24771250000,838769929,5.98
01/07/2022,-64400,-4791360000,74.4(-0.13 %),224700,16717680000,289100,21509040000,839292729,5.95
04/07/2022,-393700,-29052650000,74(-0.54 %),484400,35835380000,878100,64888030000,839273529,0.0
05/07/2022,-313000,-23005500000,73.5(-0.68 %),39800,2925300000,352800,25930800000,839413129,5.95
06/07/2022,96400,7075760000,73.4(-0.14 %),105600,7751040000,9200,675280000,840185629,5.91
07/07/2022,115400,8539600000,74(0.82 %),149600,11070400000,34200,2530800000,840388829,5.9
08/07/2022,-268200,1005580000,73.8(-0.27 %),21100,1959780000,289300,954200000,840657029,0.0
11/07/2022,13700,1005580000,73.4(-0.54 %),26700,1959780000,13000,954200000,840345699,5.9
12/07/2022,-216200,-15869080000,73.4(0.00 %),15200,1115680000,231400,16984760000,840397699,5.9
13/07/2022,-299500,-22043200000,73.6(0.27 %),5000,368000000,304500,22411200000,840405515,5.9
14/07/2022,41600,3065920000,73.7(0.14 %),42200,3110140000,600,44220000,840594715,5.89
15/07/2022,-232000,-17075200000,73.6(-0.14 %),400,29440000,232400,17104640000,840933815,5.87
18/07/2022,-205700,-15139520000,73.6(0.00 %),100,7360000,205800,15146880000,840934315,5.87
19/07/2022,-257700,-18966720000,73.6(0.00 %),61900,4555840000,319600,23522560000,841104815,5.86
20/07/2022,47100,3480690000,73.9(0.41 %),53000,3916700000,5900,436010000,841257615,5.85
21/07/2022,-39100,-2901220000,74.2(0.41 %),42100,3123820000,81200,6025040000,841510501,5.84
22/07/2022,-478200,1005040000,73.9(-0.40 %),63000,1877060000,541200,872020000,841491001,5.84
25/07/2022,42000,3095400000,73.7(-0.27 %),105000,7738500000,63000,4643100000,841470201,5.84
26/07/2022,-4200,-310380000,73.9(0.27 %),12300,908970000,16500,1219350000,841479701,5.84
27/07/2022,16600,1223420000,73.7(-0.27 %),19600,1444520000,3000,221100000,841518101,5.84
28/07/2022,37200,2752800000,74(0.41 %),157600,11662400000,120400,8909600000,841377001,5.85
29/07/2022,-3981900,-296651550000,74.5(0.68 %),69000,5140500000,4050900,301792050000,841311001,5.85
01/08/2022,53500,3996450000,74.7(0.27 %),87700,6551190000,34200,2554740000,841343766,5.85
02/08/2022,241600,18289120000,75.7(1.34 %),246300,18644910000,4700,355790000,845148366,5.66
03/08/2022,-191400,-14584680000,76.2(0.66 %),209900,15994380000,401300,30579060000,844972666,5.66
04/08/2022,386200,30316700000,78.5(3.02 %),858100,67360850000,471900,37044150000,844119256,5.71
05/08/2022,565600,45757040000,80.9(3.06 %),682300,55198070000,116700,9441030000,843838256,5.72
08/08/2022,351300,28736340000,81.8(1.11 %),391700,32041060000,40400,3304720000,843885956,5.72
09/08/2022,-47000,-3915100000,83.3(1.83 %),38100,3173730000,85100,7088830000,843971056,5.72
10/08/2022,54300,4517760000,83.2(-0.12 %),130800,10882560000,76500,6364800000,843883256,5.72
11/08/2022,12300,999990000,81.3(-2.28 %),201800,16406340000,189500,15406350000,843766508,5.73
12/08/2022,199500,16259250000,81.5(0.25 %),234800,19136200000,35300,2876950000,843608208,5.73
15/08/2022,431600,35304880000,81.8(0.37 %),859300,70290740000,427700,34985860000,843238408,5.75
16/08/2022,326600,27107800000,83(1.47 %),339700,28195100000,13100,1087300000,842934070,5.77
17/08/2022,126800,10701920000,84.4(1.69 %),252400,21302560000,125600,10600640000,842789507,5.78
18/08/2022,-92600,-7695060000,83.1(-1.54 %),212000,17617200000,304600,25312260000,842624107,5.78
19/08/2022,471600,38812680000,82.3(-0.96 %),514700,42359810000,43100,3547130000,842235007,5.8
22/08/2022,298400,24409120000,81.8(-0.61 %),323200,26437760000,24800,2028640000,842216407,5.81
23/08/2022,-55600,-4559200000,82(0.24 %),162600,13333200000,218200,17892400000,842044907,5.81
24/08/2022,-108300,-8978070000,82.9(1.10 %),27100,2246590000,135400,11224660000,842042607,5.81
25/08/2022,-519100,-43396760000,83.6(0.84 %),110500,9237800000,629600,52634560000,842150307,5.81
26/08/2022,-80100,-6672330000,83.3(-0.36 %),47100,3923430000,127200,10595760000,842245607,5.8
29/08/2022,-112900,-9269090000,82.1(-1.44 %),23500,1929350000,136400,11198440000,842851707,5.77
30/08/2022,-32100,-2638620000,82.2(0.12 %),56400,4636080000,88500,7274700000,842922507,5.77
31/08/2022,-1181100,-96732090000,81.9(-0.36 %),49200,4029480000,1230300,100761570000,843009707,5.77
05/09/2022,-2761400,-225054100000,81.5(-0.49 %),553000,45069500000,3314400,270123600000,842995207,5.77
06/09/2022,72200,5927620000,82.1(0.74 %),537300,44112330000,465100,38184710000,844095207,5.71
07/09/2022,-55900,-4684420000,83.8(2.07 %),486700,40785460000,542600,45469880000,846819907,5.57
08/09/2022,97000,8245000000,85(1.43 %),118600,10081000000,21600,1836000000,846746407,5.57
09/09/2022,-59300,-5022710000,84.7(-0.35 %),89600,7589120000,148900,12611830000,846855907,5.57
12/09/2022,-893,-5022710000,83.9(-0.94 %),18450,7589120000,19343,12611830000,846859057,5.57
13/09/2022,-250296,3236272200,83.5(-0.48 %),112450,4265420000,362746,1029147800,846895507,5.57
14/09/2022,-424645,3236272200,83.5(0.00 %),54900,4265420000,479545,1029147800,846869950,5.57
15/09/2022,-124501,-35457857500,85.3(2.16 %),134700,4584150000,259201,40042007500,0,5.56
16/09/2022,438664,37900569600,86.4(1.29 %),770228,66547699200,331564,28647129600,846807313,5.57
19/09/2022,-64687,-5498395000,85(-1.62 %),207900,17671500000,272587,23169895000,846872000,0.0
20/09/2022,131000,11082600000,84.6(-0.47 %),142800,12080880000,11800,998280000,847057378,5.56
21/09/2022,25832,2185387200,84.6(0.00 %),69918,5915062800,44086,3729675600,847260047,5.55
22/09/2022,-378531,-32023722600,84.6(0.00 %),117300,9923580000,495831,41947302600,847154547,5.55
23/09/2022,-57600,-4867200000,84.5(-0.12 %),57400,4850300000,115000,9717500000,847141233,5.55
26/09/2022,-5117,-432386500,84.5(0.00 %),166900,14103050000,172017,14535436500,847470164,5.54
27/09/2022,11455,967947500,84.5(0.00 %),55900,4723550000,44445,3755602500,847532764,5.53
28/09/2022,-433607,-36509709400,84.2(-0.36 %),45100,3797420000,478707,40307129400,847664681,5.53
29/09/2022,-344800,-29239040000,84.8(0.71 %),117000,9921600000,461800,39160640000,847592126,5.53
30/09/2022,-1656760,-140658924000,84.9(0.12 %),306800,26047320000,1963560,166706244000,847810833,5.52
03/10/2022,-353504,-28987328000,82(-3.42 %),172786,14168452000,526290,43155780000,848232447,5.5
04/10/2022,-91110,-7471020000,82(0.00 %),311800,25567600000,402910,33038620000,849903707,5.41
05/10/2022,-385800,-31635600000,82(0.00 %),373500,30627000000,759300,62262600000,850126997,5.4
06/10/2022,-470591,-37741398200,80.2(-2.20 %),70700,5670140000,541291,43411538200,850479707,5.38
07/10/2022,-301100,-23786900000,79(-1.50 %),784000,61936000000,1085100,85722900000,850481007,5.38
10/10/2022,1428280,109120592000,76.4(-3.29 %),1658300,126694120000,230020,17573528000,849404498,5.44
11/10/2022,-745900,-55942500000,75(-1.83 %),213800,16035000000,959700,71977500000,850275798,5.39
12/10/2022,-101600,-7721600000,76(1.33 %),214000,16264000000,315600,23985600000,850291818,5.39
13/10/2022,-143700,-10849350000,75.5(-0.66 %),137300,10366150000,281000,21215500000,851124218,5.35
14/10/2022,66400,5046400000,76(0.66 %),159200,12099200000,92800,7052800000,851280618,5.34
17/10/2022,-297000,-22275000000,75(-1.32 %),797800,59835000000,1094800,82110000000,851523818,5.33
18/10/2022,-153460,-11524846000,75.1(0.13 %),633140,47548814000,786600,59073660000,851383478,5.34
19/10/2022,98900,7414200000,75(-0.13 %),105400,7895590000,6500,481390000,851284578,5.34
20/10/2022,-400300,-29979200000,75.1(0.13 %),280200,21034050000,680500,51013250000,852023108,5.3
21/10/2022,-473500,-35278810000,75(-0.13 %),2000,148300000,475500,35427110000,852228703,5.29
24/10/2022,-287800,-21339290000,74.4(-0.80 %),209500,15563490000,497300,36902780000,852060504,5.3
25/10/2022,-132200,-9801510000,75(0.81 %),127700,9506870000,259900,19308380000,852192704,5.29
26/10/2022,-163300,-12189960000,74.5(-0.67 %),85900,6346750000,249200,18536710000,852565194,5.27
27/10/2022,-296500,-21807950000,73.9(-0.81 %),131300,9687250000,427800,31495200000,853163494,5.24
28/10/2022,-90273,-6544792500,72.5(-1.89 %),135400,9816500000,225673,16361292500,853290294,5.24
31/10/2022,-326600,-22862000000,70(-3.45 %),253800,17766000000,580400,40628000000,853464294,5.23
01/11/2022,-394501,-27615070000,70(0.00 %),172820,12097400000,567321,39712470000,853440647,5.23
02/11/2022,-315341,-21821597200,69.2(-1.14 %),177100,12255320000,492441,34076917200,853943947,5.2
03/11/2022,97545,6281898000,64.4(-6.94 %),103200,6646080000,5655,364182000,854421068,5.18
04/11/2022,152000,9104800000,59.9(-6.99 %),152000,9104800000,0,0,854674509,5.17
07/11/2022,464350,25910730000,55.8(-6.84 %),561550,31334490000,97200,5423760000,854254814,5.19
08/11/2022,315000,16348500000,51.9(-6.99 %),353300,18336270000,38300,1987770000,854009814,5.2
09/11/2022,489438,23639855400,48.3(-6.94 %),543838,26267375400,54400,2627520000,853548376,5.22
10/11/2022,367210,16506089500,44.95(-6.94 %),367210,16506089500,0,0,853216166,5.24
11/11/2022,692300,28972755000,41.85(-7.00 %),692300,28972755000,0,0,852585466,5.27
14/11/2022,25901,1008843950,38.95(-7.04 %),418401,16296718950,392500,15287875000,852627265,5.27
15/11/2022,260500,9443125000,36.25(-7.05 %),448000,16240000000,187500,6796875000,852366765,5.29
16/11/2022,220600,7445250000,33.75(-7.02 %),357600,12069000000,137000,4623750000,852155465,5.3
17/11/2022,268280,8423992000,31.4(-7.10 %),740215,23242751000,471935,14818759000,851957150,5.31
18/11/2022,15658,457996500,29.25(-6.85 %),54001,1579529250,38343,1121532750,851949549,5.31
21/11/2022,87799,2392522750,27.25(-7.00 %),227800,6207550000,140001,3815027250,851876684,5.31
22/11/2022,-1182130,-29966995500,25.35(-7.14 %),1534990,38911996500,2717120,68878992000,850424337,5.38
23/11/2022,-7620800,-179850880000,23.6(-7.09 %),996400,23515040000,8617200,203365920000,849463438,5.43
24/11/2022,-11130,-244303500,21.95(-6.99 %),31300,687035000,42430,931338500,852122558,5.3
25/11/2022,56995,1165547750,20.45(-7.05 %),108600,2220870000,51605,1055322250,860687758,4.86
28/11/2022,-2720056,-55625145200,20.45(-0.24 %),2087900,42697555000,4807956,98322700200,863407814,0.0
29/11/2022,785767,17169008950,21.85(6.59 %),4017000,87771450000,3231233,70602441050,862622047,4.76
30/11/2022,-72425,-1691123750,23.35(6.62 %),537501,12550648350,609926,14241772100,862694472,4.75
01/12/2022,1156444,27002967400,23.35(-0.21 %),1607810,37542363500,451366,10539396100,860293638,0.0
02/12/2022,859381,20453267800,23.8(1.71 %),1323806,31506582800,464425,11053315000,859434257,0.0
05/12/2022,102369,2267473350,22.15(-6.93 %),738400,16355560000,636031,14088086650,859331888,0.0
06/12/2022,519460,10700876000,20.6(-7.21 %),722360,14880616000,202900,4179740000,858812428,4.95
07/12/2022,302415,5806368000,19.2(-6.80 %),431315,8281248000,128900,2474880000,858510013,0.0
08/12/2022,1079585,19324571500,17.9(-6.77 %),1321585,23656371500,242000,4331800000,858373053,4.98
09/12/2022,-688265,-11459612250,16.65(-6.98 %),1298400,21618360000,1986665,33077972250,857238553,5.04
12/12/2022,-169400,-3015320000,17.8(6.59 %),3000,53400000,172400,3068720000,858288093,4.98
13/12/2022,8541603,155457174600,18.2(2.25 %),12244821,222855742200,3703218,67398567600,849746490,5.42
14/12/2022,2730798,50519763000,18.5(1.65 %),3008198,55651663000,277400,5131900000,847015692,5.56
15/12/2022,447617,8012344300,17.9(-3.24 %),729200,13052680000,281583,5040335700,846568075,0.0
16/12/2022,3470135,63156457000,18.2(1.68 %),5140535,93557737000,1670400,30401280000,843097940,0.0
19/12/2022,-31160,-545300000,17.5(-3.85 %),418640,7326200000,449800,7871500000,843129100,5.76
20/12/2022,426348,6949472400,16.3(-6.86 %),708648,11550962400,282300,4601490000,842702752,5.78
21/12/2022,2925300,44464560000,15.2(-6.75 %),3319500,50456400000,394200,5991840000,839777452,5.93
22/12/2022,1735700,26903350000,15.5(1.97 %),2178500,33766750000,442800,6863400000,838041752,6.03
23/12/2022,-286700,-4329170000,15.1(-2.58 %),578700,8738370000,865400,13067540000,838328452,0.0
26/12/2022,-262685,-3690724250,14.05(-6.95 %),336915,4733655750,599600,8424380000,838591137,6.0
27/12/2022,7163005,103147272000,14.4(2.13 %),7591905,109323432000,428900,6176160000,831428132,6.36
28/12/2022,2471550,35466742500,14.35(-0.35 %),3547000,50899450000,1075450,15432707500,828956582,0.0
29/12/2022,-12752910,-186830131500,14.65(1.74 %),1368690,20051308500,14121600,206881440000,828061795,6.54
30/12/2022,-1552500,-21735000000,14(-4.76 %),399200,5588800000,1951700,27323800000,828473045,6.52
03/01/2023,806701,11818169650,14.65(4.64 %),1185301,17364659650,378600,5546490000,827287744,0.0
04/01/2023,-649285,-9089990000,14(-4.76 %),373220,5225080000,1022505,14315070000,843015824,5.77
05/01/2023,294505,4034718500,13.7(-2.14 %),791205,10839508500,496700,6804790000,842603219,5.79
06/01/2023,342300,4655280000,13.6(-0.73 %),622800,8470080000,280500,3814800000,843002924,5.77
09/01/2023,590700,8181195000,13.85(1.84 %),732100,10139585000,141400,1958390000,842767524,5.78
10/01/2023,955500,13329225000,13.95(0.36 %),970600,13539870000,15100,210645000,842105424,5.82
11/01/2023,1039863,15493958700,14.9(6.43 %),1090768,16252443200,50905,758484500,841184056,5.86
12/01/2023,-263699,-3942300050,14.95(0.34 %),657101,9823659950,920800,13765960000,840542055,5.9
13/01/2023,-118275,-1691332500,14.3(-4.67 %),568600,8130980000,686875,9822312500,840052360,5.92
16/01/2023,-364187,-4971152550,13.65(-4.55 %),615800,8405670000,979987,13376822550,840413360,5.9
17/01/2023,1084856,15187984000,14(2.19 %),1175600,16458400000,90744,1270416000,839966635,5.93
18/01/2023,1174200,16614930000,14.15(1.07 %),1189400,16830010000,15200,215080000,839841222,5.93
19/01/2023,898500,12623925000,14.05(-1.06 %),1107200,15556160000,208700,2932235000,838852766,5.98
27/01/2023,1136603,15855611850,13.95(-1.06 %),1408303,19645826850,271700,3790215000,837459663,6.06
30/01/2023,-85900,-1198305000,13.95(-0.36 %),245400,3423330000,331300,4621635000,837422963,6.06
31/01/2023,-12710,-180482000,14.2(1.43 %),291290,4136318000,304000,4316800000,837435873,6.06
01/02/2023,205356,2987929800,14.55(2.46 %),492000,7158600000,286644,4170670200,837275173,6.07
02/02/2023,-579150,-8223930000,14.2(-2.74 %),452450,6424790000,1031600,14648720000,837126723,6.07
03/02/2023,3419226,51117428700,14.95(5.28 %),3975126,59428133700,555900,8310705000,833438241,6.26
06/02/2023,521450,8030330000,15.4(2.67 %),979050,15077370000,457600,7047040000,833490791,6.26
07/02/2023,-1136466,-16592403600,14.6(-5.19 %),159734,2332116400,1296200,18924520000,833886957,6.24
08/02/2023,-1021396,-14605962800,14.3(-2.05 %),742920,10623756000,1764316,25229718800,833601637,6.25
09/02/2023,321180,4544697000,14.15(-1.05 %),1457480,20623342000,1136300,16078645000,833440357,6.26
10/02/2023,-396100,-5446375000,13.75(-3.17 %),330800,4548500000,726900,9994875000,834873873,6.19
13/02/2023,99680,1275904000,12.8(-7.25 %),116110,1486208000,16430,210304000,835894063,6.14
14/02/2023,-718189,-8582358550,11.95(-6.64 %),292411,3494311450,1010600,12076670000,836328552,6.11
15/02/2023,-6499008,-72463939200,11.15(-7.08 %),446560,4979144000,6945568,77443083200,836003422,6.13
16/02/2023,390102,4486173000,11.5(2.68 %),404800,4655200000,14698,169027000,836609222,6.1
17/02/2023,594100,6921265000,11.65(1.30 %),811500,9453975000,217400,2532710000,842743290,5.78
20/02/2023,1862380,23186631000,12.45(6.41 %),1931000,24040950000,68620,854319000,840826988,5.88
21/02/2023,797279,10245035150,12.85(2.80 %),998095,12825520750,200816,2580485600,840046293,5.92
22/02/2023,-99180,-1190160000,12(-6.98 %),532220,6386640000,631400,7576800000,839665193,5.94
23/02/2023,-268524,-3168583200,11.8(-1.67 %),266822,3148499600,535346,6317082800,839599187,5.95
24/02/2023,-400750,-4568550000,11.4(-3.39 %),458505,5226957000,859255,9795507000,839999937,5.93
27/02/2023,-2344295,-25201171250,10.75(-5.70 %),303380,3261335000,2647675,28462506250,839742548,5.94
28/02/2023,-221332,-2346119200,10.6(-1.85 %),471015,4992759000,692347,7338878200,840396188,5.91
01/03/2023,-113090,-1159172500,10.25(-3.30 %),914010,9368602500,1027100,10527775000,842129853,5.82
02/03/2023,-1678170,-17369059500,10.35(0.49 %),104300,1079505000,1782470,18448564500,842384500,5.8
03/03/2023,-856035,-8859962250,10.35(-0.48 %),1084000,11219400000,1940035,20079362250,842337400,5.81
06/03/2023,-7064576,-78063564800,11.05(6.25 %),12700,140335000,7077276,78203899800,844107170,5.71
07/03/2023,685086,7433183100,10.85(-2.25 %),877786,9523978100,192700,2090795000,845129619,5.66
08/03/2023,61000,674050000,11.05(1.38 %),152500,1685125000,91500,1011075000,852054395,5.31
09/03/2023,-341400,-3738330000,10.95(-1.35 %),68500,750075000,409900,4488405000,852178595,5.3
10/03/2023,-172978,-1842215700,10.65(-3.18 %),14050,149632500,187028,1991848200,852249545,5.3
13/03/2023,349527,3844797000,11(2.80 %),636127,6997397000,286600,3152600000,851900018,0.0
14/03/2023,282211,3019657700,10.7(-2.73 %),542911,5809147700,260700,2789490000,851667435,5.33
15/03/2023,562790,6387666500,11.35(6.07 %),604700,6863345000,41910,475678500,851255335,5.35
16/03/2023,1069520,11925148000,11.15(-2.19 %),1289120,14373688000,219600,2448540000,850226915,5.4
17/03/2023,11052997,127109465500,11.5(2.68 %),11852900,136308350000,799903,9198884500,838415925,6.01
20/03/2023,-166284,-1845752400,11.1(-3.48 %),478753,5314158300,645037,7159910700,838137772,6.02
21/03/2023,984900,-4568550000,11.05(-0.45 %),1467400,5226957000,482500,9795507000,837470275,6.06
22/03/2023,-557600,-6193255000,11.1(0.00 %),62100,692145000,619700,6885400000,838027875,6.03
23/03/2023,369800,4113875000,11.15(0.45 %),510700,5667880000,140900,1554005000,837658075,6.05
24/03/2023,564200,6643850000,11.9(6.25 %),589800,6945640000,25600,301790000,837093875,6.08
27/03/2023,135900,1725930000,12.7(6.72 %),408320,5185664000,272420,3459734000,836957975,0.0
28/03/2023,529898,6676714800,12.6(-0.79 %),658152,8292715200,128254,1616000400,836428077,6.12
29/03/2023,317555,3985315250,12.55(-0.40 %),429800,5393990000,112245,1408674750,837016623,6.08
30/03/2023,121678,1557478400,12.8(1.59 %),269088,3444326400,147410,1886848000,836875789,6.09
31/03/2023,18600,236220000,12.7(-0.78 %),390700,4961890000,372100,4725670000,836597334,6.1
03/04/2023,-317610,-4081288500,12.85(1.18 %),90900,1168065000,408510,5249353500,836653844,6.1
04/04/2023,-230235,-2935496250,12.75(-1.16 %),143365,1827903750,373600,4763400000,836882579,6.09
05/04/2023,64300,826255000,12.85(0.39 %),197700,2540445000,133400,1714190000,837093389,6.07
06/04/2023,955990,12666867500,13.25(2.71 %),1060800,14055600000,104810,1388732500,836406189,6.11
07/04/2023,642348,8607463200,13.4(0.75 %),690048,9246643200,47700,639180000,835849541,6.14
10/04/2023,474100,6305530000,13.3(-0.75 %),625900,8324470000,151800,2018940000,835328451,6.16
11/04/2023,-133800,-1899960000,14.2(6.77 %),481900,6842980000,615700,8742940000,834894251,6.19
12/04/2023,-206109,-3101940450,15.05(5.99 %),372310,5603265500,578419,8705205950,834674741,6.2
13/04/2023,423600,6142200000,14.5(-3.97 %),518500,7518250000,94900,1376050000,834771941,6.19
14/04/2023,267720,3801624000,14.2(-2.07 %),322520,4579784000,54800,778160000,835027840,6.18
17/04/2023,87490,1294852000,14.8(4.23 %),259600,3842080000,172110,2547228000,834863140,6.19
18/04/2023,483695,7182870750,14.85(0.34 %),632900,9398565000,149205,2215694250,834285040,6.22
19/04/2023,-65575,-954116250,14.55(-2.35 %),162735,2367794250,228310,3321910500,834294415,6.22
20/04/2023,183200,2647645000,14.4(-1.37 %),193600,2798590000,10400,150945000,834111215,6.24
21/04/2023,-177180,-2409648000,13.6(-5.56 %),41620,566032000,218800,2975680000,834436710,6.21
24/04/2023,-67477,-948051850,14.05(3.31 %),634750,8918237500,702227,9866289350,833812360,6.24
25/04/2023,-425800,-5854750000,13.75(-2.48 %),59000,811250000,484800,6666000000,833934160,6.24
26/04/2023,-585100,-8162145000,13.95(1.09 %),3232001,45086413950,3817101,53248558950,834517887,6.21
27/04/2023,217100,3164265000,14.1(1.08 %),1139500,16121615000,922400,12957350000,834300787,6.23
28/04/2023,870500,12494135000,14.3(1.42 %),1408900,20220780000,538400,7726645000,833430287,6.27
04/05/2023,-242800,-3356890000,13.55(-5.24 %),133300,1823225000,376100,5180115000,833157887,6.29
05/05/2023,-146300,-1969270000,13.55(0.00 %),59000,786945000,205300,2756215000,834426357,6.21
08/05/2023,-70100,-942725000,12.95(-4.43 %),138100,1807645000,208200,2750370000,834664357,6.2
09/05/2023,-802800,-10482180000,13(0.00 %),207400,2726655000,1010200,13208835000,834529237,6.21
10/05/2023,6100,86250000,13.3(2.31 %),240100,3204925000,234000,3118675000,834523137,6.21
11/05/2023,-68100,-926395000,13.8(3.76 %),250400,3455760000,318500,4382155000,835238032,6.17
12/05/2023,-446900,-6156770000,13.7(-0.72 %),10700,147585000,457600,6304355000,835461332,6.16
15/05/2023,-374100,-5152555000,13.5(-1.46 %),80400,1118765000,454500,6271320000,835835432,6.15
16/05/2023,-306600,-4132930000,13.65(1.11 %),3500,47355000,310100,4180285000,836142032,6.13
17/05/2023,407100,5521570000,13.3(-2.56 %),408200,5536435000,1100,14865000,835734932,6.15
18/05/2023,-1864500,-24857265000,13.3(0.00 %),61200,813560000,1925700,25670825000,837599432,6.06
19/05/2023,-2106400,-27752560000,13.2(-0.75 %),66200,874965000,2172600,28627525000,839705832,5.95
22/05/2023,-2154500,-28806215000,13.35(1.14 %),245500,3281910000,2400000,32088125000,841860332,5.84
23/05/2023,-1252800,-16645840000,13.2(-1.12 %),122200,1620945000,1375000,18266785000,843113132,5.77
24/05/2023,-2240400,-30170490000,13.25(0.38 %),280900,3774580000,2521300,33945070000,845353532,5.66
25/05/2023,-997400,-13196400000,13.2(-0.38 %),191100,2529470000,1188500,15725870000,846350932,5.61
26/05/2023,-2123600,-27609740000,12.95(-1.89 %),53000,686855000,2176600,28296595000,848474532,5.5
29/05/2023,-1181700,-15423655000,13.05(0.77 %),160000,2092480000,1341700,17516135000,849656232,5.44
30/05/2023,-3363700,-45095430000,13.35(2.30 %),340900,4579555000,3704600,49674985000,853019932,5.27
31/05/2023,-5669000,-77176445000,13.5(1.12 %),815100,11050570000,6484100,88227015000,858688932,4.97
01/06/2023,1231800,17038415000,13.9(2.96 %),1342300,18562735000,110500,1524320000,849048388,5.47
02/06/2023,274800,3793355000,13.85(-0.36 %),747400,10342800000,472600,6549445000,848773588,5.48
05/06/2023,-750700,-10270870000,13.5(-2.53 %),19700,269895000,770400,10540765000,849524288,5.44
06/06/2023,229800,3115200000,13.6(0.74 %),308400,4180030000,78600,1064830000,849294488,5.46
07/06/2023,417300,6135250000,14.55(6.99 %),929500,13311645000,512200,7176395000,848877188,5.48
08/06/2023,267500,3833845000,14.2(-2.41 %),612900,8874385000,345400,5040540000,848609688,5.49
09/06/2023,450100,6481435000,14.6(2.82 %),549200,7908350000,99100,1426915000,848159588,5.51
12/06/2023,36400,570450000,14.6(0.00 %),1085800,15752900000,1049400,15182450000,848123188,5.52
13/06/2023,-1775100,-25938405000,15.6(6.85 %),707500,10842955000,2482600,36781360000,849898288,5.43
14/06/2023,-223800,-3435940000,15.2(-2.56 %),404100,6287125000,627900,9723065000,850122088,5.41
15/06/2023,1031800,15721355000,15.25(0.33 %),1125300,17145765000,93500,1424410000,849090288,5.47
16/06/2023,-3186100,-47213915000,14.9(-2.61 %),6604900,98677695000,9791000,145891610000,851288015,5.35
19/06/2023,-24010300,-341735345000,14(-6.04 %),375700,5410065000,24386000,347145410000,851005692,5.36
20/06/2023,-1448600,-20574035000,14.5(3.57 %),69800,1000390000,1518400,21574425000,852454292,5.29
21/06/2023,-632600,-9122100000,14.5(0.00 %),234700,3380990000,867300,12503090000,884872315,3.62
22/06/2023,-216100,-3174405000,14.65(1.03 %),224100,3308830000,440200,6483235000,885088415,3.62
23/06/2023,-176000,-2598405000,14.5(-1.36 %),76700,1112580000,252700,3710985000,885264415,3.61
26/06/2023,-77700,-1158855000,14.9(2.76 %),200000,2952360000,277700,4111215000,887197461,3.51
27/06/2023,374600,5626125000,15(0.67 %),428000,6433210000,53400,807085000,886822861,3.53
28/06/2023,325700,5008385000,15.6(4.00 %),979100,15257120000,653400,10248735000,886497161,3.55
29/06/2023,-133200,-2041900000,15(-3.85 %),610900,9353465000,744100,11395365000,886630361,3.54
30/06/2023,-455700,-6837270000,14.85(-1.00 %),125800,1878665000,581500,8715935000,887086061,3.52
03/07/2023,-86500,-1311510000,14.55(-2.35 %),562000,8285495000,648500,9597005000,886139021,3.56
04/07/2023,-163600,-2380615000,14.85(1.71 %),367100,5355840000,530700,7736455000,886302621,3.56
05/07/2023,-723900,-10756340000,14.7(-1.34 %),121700,1810405000,845600,12566745000,887026521,3.52
06/07/2023,-128300,-1879275000,14.4(-2.04 %),213500,3090715000,341800,4969990000,887379591,3.5
07/07/2023,-146300,-2125030000,14.5(0.69 %),108900,1562965000,255200,3687995000,888116320,3.46
10/07/2023,113200,1727820000,14.9(2.76 %),517800,7718410000,404600,5990590000,888003120,3.47
11/07/2023,25500,372680000,14.7(-1.34 %),215600,3194290000,190100,2821610000,887977620,3.47
12/07/2023,-103400,-1518370000,14.6(-0.68 %),191800,2803255000,295200,4321625000,888081020,3.46
13/07/2023,-146900,-2178380000,14.95(2.40 %),78400,1166460000,225300,3344840000,888227920,3.46
14/07/2023,-888600,-13367575000,15.15(1.00 %),304000,4591820000,1192600,17959395000,888289620,3.45
17/07/2023,2643000,40575655000,15.35(0.99 %),2973400,45639445000,330400,5063790000,885646620,3.59
18/07/2023,130100,1968550000,15.05(-2.27 %),306100,4632045000,176000,2663495000,885516520,3.6
19/07/2023,344400,5138520000,14.7(-2.65 %),413100,6161485000,68700,1022965000,886345410,3.55
20/07/2023,795200,11746185000,14.8(0.68 %),993800,14664290000,198600,2918105000,885550210,3.59
21/07/2023,-85000,-1231585000,15.15(2.36 %),214200,3221850000,299200,4453435000,885635210,3.59
24/07/2023,973100,15648895000,16.2(6.58 %),1341300,21574765000,368200,5925870000,884415397,3.65
25/07/2023,215300,3544470000,16.2(0.00 %),596900,9837190000,381600,6292720000,884147707,3.66
26/07/2023,2524500,41851300000,17.2(6.17 %),2877600,47627080000,353100,5775780000,881623207,3.8
27/07/2023,372900,6708680000,17.85(3.78 %),1210100,21405445000,837200,14696765000,881250307,3.82
28/07/2023,564800,10473300000,18.35(2.51 %),1237100,22682705000,672300,12209405000,880685507,3.84
31/07/2023,-276600,-4959475000,18.85(2.45 %),492600,9047455000,769200,14006930000,880962107,3.83
01/08/2023,-1025700,-18873155000,17.8(-5.82 %),509300,9370105000,1535000,28243260000,880345991,3.86
02/08/2023,2441100,44354805000,18.35(3.09 %),2841900,51636750000,400800,7281945000,877904891,3.99
03/08/2023,-225000,-4107680000,18.55(0.82 %),236800,4354335000,461800,8462015000,878129891,3.98
04/08/2023,991300,19335445000,19.8(6.74 %),1283800,25057400000,292500,5721955000,878927315,3.93
07/08/2023,-2069500,-41940670000,20.2(2.02 %),369900,7524665000,2439400,49465335000,880996815,3.83
08/08/2023,-18300,-398590000,20.35(0.74 %),110800,2246845000,129100,2645435000,881015115,3.83
09/08/2023,-761300,-15191545000,19.9(-2.21 %),302100,6049870000,1063400,21241415000,881776415,3.79
10/08/2023,621800,12852980000,20.6(3.52 %),1267700,26297690000,645900,13444710000,881154615,3.82
11/08/2023,-1010300,-20721860000,20.9(1.46 %),287200,5915580000,1297500,26637440000,882164915,3.77
14/08/2023,13800,292690000,21.25(1.67 %),144200,3085325000,130400,2792635000,881477451,3.8
15/08/2023,1295600,27063160000,20.75(-2.58 %),2159800,45097255000,864200,18034095000,880615223,3.84
16/08/2023,-679000,-13864730000,20.65(-0.72 %),348100,7148955000,1027100,21013685000,880397523,3.85
17/08/2023,-295500,-6123825000,20.65(-0.24 %),283100,5867585000,578600,11991410000,880693023,3.84
18/08/2023,-178400,-3482460000,19.25(-7.00 %),163700,3203900000,342100,6686360000,881842013,3.78
21/08/2023,1382600,25484840000,18.5(-4.15 %),1824500,33639890000,441900,8155050000,880596048,3.84
22/08/2023,82200,1446330000,18.5(0.00 %),560400,10105675000,478200,8659345000,880377673,3.85
23/08/2023,886200,16703870000,18.7(1.08 %),1366800,25812385000,480600,9108515000,879452773,3.9
24/08/2023,-165500,-3204995000,19.8(5.88 %),195000,3824455000,360500,7029450000,879618273,3.9
25/08/2023,-1956500,-38422670000,19.4(-2.02 %),73300,1438265000,2029800,39860935000,880143274,3.87
28/08/2023,1000,33760000,20(3.09 %),410300,8103535000,409300,8069775000,880142274,3.87
29/08/2023,-220700,-4500395000,20.35(1.75 %),22000,451585000,242700,4951980000,882101363,3.77
30/08/2023,-10800,-221485000,20.05(-1.47 %),64300,1286690000,75100,1508175000,882112163,3.77
31/08/2023,-437300,-8932270000,20.45(2.00 %),232700,4745360000,670000,13677630000,882456293,3.75
05/09/2023,562500,12071665000,21.4(4.65 %),869200,18624735000,306700,6553070000,881662243,3.79
06/09/2023,371500,8051765000,21.8(1.87 %),517800,11192490000,146300,3140725000,881290743,3.81
07/09/2023,-947000,-20523720000,21.6(-0.92 %),146300,3198535000,1093300,23722255000,881974852,3.77
08/09/2023,565400,12549275000,22(1.85 %),1123100,24730315000,557700,12181040000,880998052,3.82
11/09/2023,-1491500,-32078370000,20.5(-6.82 %),117400,2515795000,1608900,34594165000,881974002,3.77
12/09/2023,-800200,-16210015000,20.95(2.20 %),209600,4339715000,1009800,20549730000,882322074,3.76
13/09/2023,-1548200,-31987140000,19.95(-4.77 %),64300,1305550000,1612500,33292690000,883866674,3.68
14/09/2023,1500,38120000,18.7(-6.27 %),133400,2553715000,131900,2515595000,884743099,3.63
15/09/2023,-796600,-15057370000,18.9(1.07 %),97700,1855920000,894300,16913290000,886257924,3.55
18/09/2023,0,0,18.15(-3.97 %),0,0,0,0,886257924,3.56
19/09/2023,-396900,-6983985000,17.3(-4.68 %),552900,9606485000,949800,16590470000,886751933,3.53
20/09/2023,-43800,-862230000,18.5(6.94 %),634700,11086035000,678500,11948265000,886795733,3.53
21/09/2023,175300,3199330000,18.2(-1.62 %),278800,5134150000,103500,1934820000,886620433,3.54
22/09/2023,-331900,-5881675000,17.4(-4.40 %),403100,6932775000,735000,12814450000,887205541,3.5
25/09/2023,-622500,-10543940000,16.2(-6.90 %),222300,3811120000,844800,14355060000,887086746,3.51
26/09/2023,503100,8374920000,15.15(-6.48 %),1337300,21422185000,834200,13047265000,886484396,3.54
27/09/2023,599900,8887740000,15.5(2.31 %),1004800,14992385000,404900,6104645000,885884496,3.58
28/09/2023,243000,3833150000,15.75(1.61 %),326800,5146565000,83800,1313415000,885641496,3.59
29/09/2023,-886700,-13989890000,15.6(-0.95 %),56500,901365000,943200,14891255000,887180198,3.51
02/10/2023,393300,6146460000,15.4(-1.28 %),447900,6995365000,54600,848905000,886816074,3.52
03/10/2023,129400,1857120000,14.35(-6.82 %),359000,5213710000,229600,3356590000,887400275,3.49
04/10/2023,1290100,18491705000,14.6(1.74 %),1472200,21153805000,182100,2662100000,886110175,3.57
05/10/2023,-873700,-12620550000,13.8(-5.48 %),104200,1487195000,977900,14107745000,886168253,3.56
06/10/2023,677300,9240510000,13.9(0.72 %),973900,13363150000,296600,4122640000,885490953,3.6
09/10/2023,1001900,14295255000,14.35(3.24 %),1027300,14654480000,25400,359225000,884489053,3.65
10/10/2023,-244500,-3526315000,14.2(-1.05 %),132300,1935850000,376800,5462165000,885491192,3.59
11/10/2023,433900,6209665000,14.45(1.76 %),437300,6257945000,3400,48280000,885079262,3.61
12/10/2023,-359300,-5386625000,14.85(2.77 %),299700,4447685000,659000,9834310000,885156312,3.61
13/10/2023,-355600,-5092100000,14.95(0.67 %),306800,4566250000,662400,9658350000,884852807,3.63
16/10/2023,-959500,-14263290000,14.55(-2.68 %),13200,193400000,972700,14456690000,885498567,3.59
17/10/2023,273500,3790655000,13.75(-5.50 %),413500,5818015000,140000,2027360000,885747467,3.58
18/10/2023,-913200,-12204865000,13(-5.45 %),329600,4427725000,1242800,16632590000,886390537,3.55
19/10/2023,241300,3221015000,13.2(1.54 %),420000,5534970000,178700,2313955000,886110537,3.56
20/10/2023,42100,735495000,13.8(4.55 %),526000,7126100000,483900,6390605000,886827337,3.52
23/10/2023,-976700,-13322395000,13.35(-3.26 %),32300,439030000,1009000,13761425000,886973737,3.52
24/10/2023,-270400,-3621135000,13.65(2.25 %),3200,43175000,273600,3664310000,887244137,3.51
25/10/2023,-85100,-1169540000,13.85(1.47 %),137500,1934010000,222600,3103550000,887454437,3.49
26/10/2023,-1882200,-24493315000,12.9(-6.86 %),38100,493950000,1920300,24987265000,888561437,3.44
27/10/2023,-1165400,-14864555000,13.3(3.10 %),12300,157705000,1177700,15022260000,888771737,3.42
30/10/2023,2600,79910000,13.3(0.00 %),166900,2224255000,164300,2144345000,890525137,3.33
31/10/2023,-131400,-1752335000,12.9(-3.01 %),331600,4368110000,463000,6120445000,891371244,3.29
01/11/2023,182700,2363675000,13.1(1.55 %),228000,2943515000,45300,579840000,891307479,3.29
02/11/2023,201200,2732520000,14(6.87 %),366500,4965255000,165300,2232735000,891106279,3.31
03/11/2023,432300,6253170000,14.55(3.93 %),756400,11015625000,324100,4762455000,890673979,3.33
06/11/2023,265500,3807050000,14.8(1.72 %),459900,6625950000,194400,2818900000,890408479,3.35
07/11/2023,-80400,-1168500000,14.5(-2.03 %),226800,3323455000,307200,4491955000,890488879,3.34
08/11/2023,1221800,18580855000,15.5(6.90 %),1305300,19812060000,83500,1231205000,889384659,3.39
09/11/2023,367600,6153330000,16.3(5.16 %),1099300,17918200000,731700,11764870000,888592559,3.43
10/11/2023,-188700,-3049800000,16(-1.84 %),65200,1056815000,253900,4106615000,888610859,3.43
13/11/2023,-784600,-12555635000,15.75(-1.56 %),24400,388790000,809000,12944425000,889318212,3.4
14/11/2023,-22300,-348975000,16.1(2.22 %),158000,2561025000,180300,2910000000,889417759,3.4
15/11/2023,-539600,-8902610000,16.25(0.93 %),50700,840405000,590300,9743015000,889957359,3.37
16/11/2023,0,0,16.75(3.08 %),0,0,0,0,889957359,3.37
17/11/2023,-152000,-2522145000,16.1(-3.88 %),158600,2562670000,310600,5084815000,890406566,3.34
20/11/2023,220400,3546305000,16.2(0.62 %),231100,3719495000,10700,173190000,890470354,3.34
21/11/2023,-284400,-4645195000,16.25(0.31 %),10100,164870000,294500,4810065000,890770854,3.32
22/11/2023,-575300,-9750385000,17.35(6.77 %),16200,273290000,591500,10023675000,890765403,3.32
23/11/2023,189800,2850845000,17(-2.02 %),638100,10856650000,448300,8005805000,890575603,3.34
24/11/2023,-360600,-6241305000,17.6(3.53 %),50400,866840000,411000,7108145000,890936203,3.32
27/11/2023,335500,5941490000,17.35(-1.42 %),358800,6351190000,23300,409700000,890600703,3.34
28/11/2023,-422900,-7261455000,17.45(0.58 %),20400,347200000,443300,7608655000,891023603,3.31
29/11/2023,-247900,-4455310000,18.1(3.72 %),29700,530660000,277600,4985970000,891271503,3.3
30/11/2023,-122700,-2196940000,17.7(-2.21 %),10500,188520000,133200,2385460000,891394203,3.29
01/12/2023,41800,736185000,17.7(0.00 %),45100,794795000,3300,58610000,891869664,3.27
04/12/2023,-987700,-17861105000,18.15(2.54 %),653500,11864685000,1641200,29725790000,892857364,3.22
05/12/2023,158500,2940440000,18.2(0.28 %),659900,12154965000,501400,9214525000,892698864,3.23
06/12/2023,-323400,-5853300000,18.3(0.55 %),655100,11919255000,978500,17772555000,893022264,3.21
07/12/2023,668400,11854550000,17.5(-4.37 %),801000,14207640000,132600,2353090000,892353864,3.25
08/12/2023,727900,12877705000,17.6(0.57 %),727900,12877705000,0,0,891625964,3.28
11/12/2023,706500,12419135000,17.6(0.00 %),809800,14233145000,103300,1814010000,890919464,3.32
12/12/2023,766000,13543725000,17.7(0.57 %),805200,14237385000,39200,693660000,890153464,3.36
13/12/2023,-219800,-3846635000,17(-3.95 %),9500,164160000,229300,4010795000,890373264,3.35
14/12/2023,-286900,-4773665000,16.3(-4.12 %),59200,980590000,346100,5754255000,890660164,3.33
15/12/2023,6926700,116850825000,16.9(3.68 %),14421600,243376030000,7494900,126525205000,883733464,3.69
18/12/2023,-102500,-1689740000,16.4(-2.96 %),2400,40230000,104900,1729970000,883835964,3.68
19/12/2023,-230300,-3857065000,16.8(2.44 %),27500,453520000,257800,4310585000,884066264,3.67
20/12/2023,-2055300,-34305165000,16.75(-0.30 %),4500,75020000,2059800,34380185000,886121564,3.57
21/12/2023,-531900,-8828925000,16.6(-0.90 %),26400,439550000,558300,9268475000,886653464,3.54
22/12/2023,-156200,-2593415000,16.6(0.00 %),4500,75775000,160700,2669190000,886809664,3.53
25/12/2023,-148600,-2502470000,16.9(1.81 %),26300,445700000,174900,2948170000,886958264,3.52
26/12/2023,-9000,-154960000,16.9(0.00 %),41200,695030000,50200,849990000,886967264,3.52
27/12/2023,-82300,-1384395000,16.8(-0.59 %),9600,161340000,91900,1545735000,887049564,3.52
28/12/2023,161500,2721080000,16.7(-0.60 %),176100,2966880000,14600,245800000,886888064,3.53
29/12/2023,59200,1020590000,17.05(2.10 %),106800,1837920000,47600,817330000,886828864,3.53
02/01/2024,-21600,-368625000,16.75(-1.76 %),12600,213965000,34200,582590000,887137856,3.51
03/01/2024,-3100,-44505000,16.8(0.30 %),198300,3331320000,201400,3375825000,887138828,3.51
04/01/2024,-96100,-1636410000,16.85(0.30 %),13600,230545000,109700,1866955000,887234928,3.51
05/01/2024,-108800,-1837910000,16.85(0.00 %),16400,277530000,125200,2115440000,887343728,3.5
08/01/2024,784000,13606315000,17.3(2.67 %),810400,14064215000,26400,457900000,886559728,3.54
09/01/2024,-23500,-401850000,17.05(-1.45 %),14900,257305000,38400,659155000,886602560,3.54
10/01/2024,53700,904995000,16.9(-0.88 %),56700,955695000,3000,50700000,886572300,3.54
11/01/2024,399700,6760840000,16.85(-0.30 %),502300,8494550000,102600,1733710000,886108400,3.56
12/01/2024,-113200,-1858510000,16.3(-3.26 %),446300,7384895000,559500,9243405000,886230428,3.56
15/01/2024,-3500,-58245000,16.3(0.00 %),3000,49300000,6500,107545000,885764736,3.58
16/01/2024,-50400,-821745000,16.65(2.15 %),4600,74755000,55000,896500000,886319600,3.55
17/01/2024,170800,2779790000,16.2(-2.70 %),385500,6265740000,214700,3485950000,885940700,3.57
18/01/2024,-130400,-2128195000,16.3(0.62 %),22700,372245000,153100,2500440000,886243928,3.56
19/01/2024,-96100,-1574345000,16.4(0.61 %),5200,85285000,101300,1659630000,886340028,3.55
22/01/2024,1442700,24242790000,17.3(5.49 %),1930800,32554885000,488100,8312095000,884897328,3.63
23/01/2024,-182300,-3106000000,17(-1.73 %),18100,308295000,200400,3414295000,885079628,3.62
24/01/2024,-400,-7020000,16.7(-1.76 %),11400,192615000,11800,199635000,885080028,3.62
25/01/2024,-112500,-1877735000,16.6(-0.60 %),1400,23310000,113900,1901045000,885192528,3.61
26/01/2024,-56600,-941535000,16.6(0.00 %),28200,471540000,84800,1413075000,885249128,3.61
29/01/2024,-102300,-1698535000,16.4(-1.20 %),14700,243540000,117000,1942075000,885246600,3.61
30/01/2024,-187400,-3082740000,16.45(0.30 %),6500,106780000,193900,3189520000,885324900,3.6
31/01/2024,-57600,-970455000,16.7(1.52 %),30300,506040000,87900,1476495000,885411600,3.6
01/02/2024,-55700,-926340000,16.7(0.00 %),95300,1591095000,151000,2517435000,885411569,3.6
02/02/2024,5312900,91154785000,17(1.80 %),7618110,131092653000,2305210,39937868000,885510000,3.59
05/02/2024,-534618,-9095391250,17(0.00 %),29410,496978950,564028,9592370200,880537852,3.85
06/02/2024,-109100,-1917355000,17.25(1.47 %),183700,3175105000,292800,5092460000,880222900,3.86
07/02/2024,-4672451,-80792619750,17.3(0.29 %),66500,1150130000,4738951,81942749750,880720448,3.84
15/02/2024,464783,8158449200,17.5(1.16 %),626400,10962515000,161617,2804065800,880386900,3.85
16/02/2024,2359402,42296062800,17.7(1.14 %),3393900,60633075000,1034498,18337012200,881731900,3.79
19/02/2024,-296626,-5229936400,17.55(-0.85 %),123024,2154843600,419650,7384780000,881770500,3.78
20/02/2024,-846383,-14817973050,17.55(0.00 %),142200,2488625000,988583,17306598050,882662800,3.74
21/02/2024,-2866181,-50028732700,17.35(-1.14 %),652000,11505335000,3518181,61534067700,882430464,3.75
22/02/2024,-69200,-1199870000,17.1(-1.44 %),71600,1236270000,140800,2436140000,882430464,3.75
23/02/2024,-219400,-3689805000,17(-0.58 %),22200,376415000,241600,4066220000,886793008,3.53
26/02/2024,156586,2624869050,16.8(-1.18 %),157702,2643403400,1116,18534350,886826500,3.52
27/02/2024,1375891,23332664550,17.05(1.49 %),1578000,26766315000,202109,3433650450,885260531,3.61
28/02/2024,1334250,22614122500,17(-0.29 %),1410600,23911955000,76350,1297832500,883926281,3.68
29/02/2024,808879,13876620950,17.1(0.59 %),996910,17086719500,188031,3210098550,883285800,3.71
01/03/2024,658164,11360100400,17.3(1.17 %),738600,12751335000,80436,1391234600,882547221,3.75
04/03/2024,2121050,37200450000,17.5(1.16 %),2148100,37674680000,27050,474230000,880426171,3.86
05/03/2024,99000,1699810000,17.2(-1.71 %),126100,2169830000,27100,470020000,880617856,3.84
06/03/2024,18250,309107500,16.8(-2.33 %),19250,326107500,1000,17000000,880308921,3.86
07/03/2024,155000,2616930000,16.9(0.60 %),163100,2753905000,8100,136975000,880153921,3.87
08/03/2024,-61879,-1012029150,16.5(-2.37 %),50010,834243800,111889,1846272950,880215800,3.87
11/03/2024,7300,134600000,16.05(-2.73 %),73700,1201400000,66400,1066800000,880208500,3.87
12/03/2024,-14500,-232795000,16.15(0.62 %),28900,467195000,43400,699990000,880398000,3.85
13/03/2024,7600,126685000,16.55(2.48 %),39600,651730000,32000,525045000,880424902,3.85
14/03/2024,149500,2468260000,16.45(-0.60 %),150100,2478190000,600,9930000,880275402,3.87
15/03/2024,-946400,-15620490000,16.5(0.30 %),351000,5791615000,1297400,21412105000,881221802,3.82
18/03/2024,1265600,20159465000,16.7(1.21 %),2491400,40861685000,1225800,20702220000,877508400,4.0
19/03/2024,-848000,-14105760000,16.5(-1.20 %),16000,264390000,864000,14370150000,878789800,3.94
20/03/2024,-1553300,-25676765000,16.55(0.30 %),500,8225000,1553800,25684990000,882357502,3.76
21/03/2024,-1431400,-24013720000,17.1(3.32 %),501500,8543395000,1932900,32557115000,883788902,3.69
22/03/2024,-1578500,-27099070000,17.1(0.00 %),33800,578200000,1612300,27677270000,885367402,3.6
25/03/2024,13281200,237384600000,17.7(3.51 %),13548100,242081685000,266900,4697085000,870282240,4.37
26/03/2024,-81500,-1479520000,17.85(0.85 %),404400,7219390000,485900,8698910000,869035902,4.44
27/03/2024,357800,6373130000,18.1(1.40 %),484100,8625405000,126300,2252275000,871272768,4.32
28/03/2024,-8866300,-158561180000,17.65(-2.49 %),21300,382695000,8887600,158943875000,871737344,4.3
29/03/2024,-2749200,-47816695000,17.25(-2.27 %),93700,1631610000,2842900,49448305000,871769900,4.3
01/04/2024,1670100,29408530000,17.45(1.16 %),2307800,40561410000,637700,11152880000,878349760,3.96
02/04/2024,-1941900,-33545835000,17.4(-0.29 %),32800,562925000,1974700,34108760000,873711848,4.2
03/04/2024,-495800,-8681095000,17.2(-1.15 %),48800,856440000,544600,9537535000,881748800,3.78
04/04/2024,-545600,-9517865000,17.5(1.74 %),1014800,17937990000,1560400,27455855000,874753248,4.15
05/04/2024,12354400,224223380000,18.3(4.57 %),13481400,244478005000,1127000,20254625000,869771840,4.4
08/04/2024,-602100,-11226695000,18.1(-1.09 %),196500,3558260000,798600,14784955000,863000948,4.75
09/04/2024,-848200,-15355695000,18.1(0.00 %),134200,2401405000,982400,17757100000,863849148,4.71
10/04/2024,-9291700,-168386455000,17.75(-1.93 %),691500,12572980000,9983200,180959435000,873140848,4.23
11/04/2024,-2844100,-50037175000,17.75(0.00 %),184300,3219910000,3028400,53257085000,873033900,4.23
12/04/2024,-1274600,-22688385000,17.7(-0.28 %),330000,5862790000,1604600,28551175000,882687100,3.74
15/04/2024,62200,1042600000,16.5(-6.78 %),64200,1077800000,2000,35200000,877197348,4.02
16/04/2024,-344200,-5706340000,15.75(-4.55 %),789600,12401885000,1133800,18108225000,877541548,4.01
17/04/2024,372400,5492715000,15.05(-4.44 %),568100,8566745000,195700,3074030000,876824948,4.04
19/04/2024,302800,4349315000,14.45(-3.99 %),1866300,27198795000,1563500,22849480000,876522148,4.06
22/04/2024,-725400,-10794135000,14.9(3.11 %),26300,388590000,751700,11182725000,885337300,3.6
23/04/2024,-21100,-324655000,14.5(-2.68 %),402400,5914205000,423500,6238860000,886498600,3.54
24/04/2024,-1387800,-20792670000,15.2(4.83 %),268500,4054225000,1656300,24846895000,878656448,3.95
25/04/2024,23000,343820000,15.2(0.00 %),32000,479975000,9000,136155000,878633448,3.95
26/04/2024,284300,4323860000,15.25(0.33 %),332300,5062155000,48000,738295000,888697344,3.43
02/05/2024,-67800,-998755000,14.95(-1.97 %),149100,2226365000,216900,3225120000,888557248,3.44
03/05/2024,-2800,-40710000,14.6(-2.34 %),89600,1328210000,92400,1368920000,888515648,3.44
06/05/2024,470200,6991110000,14.9(2.05 %),478100,7109215000,7900,118105000,888254400,3.45
07/05/2024,-301200,-4410360000,14.6(-2.01 %),63200,923145000,364400,5333505000,888283648,3.45
08/05/2024,729600,9970220000,13.6(-6.85 %),770800,10537415000,41200,567195000,887520800,3.49
09/05/2024,61900,876000000,13.75(1.10 %),403700,5602935000,341800,4726935000,887481500,3.49
10/05/2024,153200,2090350000,13.55(-1.45 %),284900,3876585000,131700,1786235000,887237800,3.5
13/05/2024,332600,4563655000,13.75(1.48 %),405300,5557740000,72700,994085000,887174336,3.51
14/05/2024,1124800,15467210000,13.8(0.36 %),1132000,15566465000,7200,99255000,886129026,3.56
15/05/2024,5566600,78606000000,14.2(2.90 %),5612000,79246535000,45400,640535000,880562426,3.85
16/05/2024,1201800,17134855000,14.25(0.35 %),1209500,17244605000,7700,109750000,879360626,3.91
17/05/2024,2316700,33018920000,14.3(0.35 %),2317900,33036030000,1200,17110000,877159800,4.02
20/05/2024,181000,2593970000,14.3(0.00 %),332000,4767535000,151000,2173565000,876835500,4.04
21/05/2024,1350500,19077895000,14.3(0.00 %),1484000,20950940000,133500,1873045000,875352700,4.11
22/05/2024,2641600,38192040000,14.45(1.05 %),3083700,44610880000,442100,6418840000,872419900,4.26
23/05/2024,-53600,-779495000,14.4(-0.35 %),77000,1103460000,130600,1882955000,872476400,4.26
24/05/2024,-919100,-13631460000,14.45(0.35 %),361400,5292505000,1280500,18923965000,875045326,4.13
27/05/2024,95800,1374150000,14.5(0.35 %),537200,7745685000,441400,6371535000,872150464,4.28
28/05/2024,597200,8656590000,14.5(0.00 %),659000,9554700000,61800,898110000,872772032,4.24
29/05/2024,391500,5604030000,14.15(-2.41 %),471800,6758185000,80300,1154155000,872741600,4.25
30/05/2024,258700,3662280000,14.15(0.00 %),430500,6088710000,171800,2426430000,872372900,4.27
31/05/2024,1027900,14602115000,14.45(2.12 %),1186600,16893690000,158700,2291575000,871266600,4.32
03/06/2024,1235100,18455140000,14.95(3.46 %),1473800,22053170000,238700,3598030000,871266638,4.33
04/06/2024,155600,2319100000,14.8(-1.00 %),181400,2701865000,25800,382765000,871111038,4.34
05/06/2024,-59000,-870365000,14.7(-0.68 %),2700,39835000,61700,910200000,871170038,4.33
06/06/2024,-12000,-176140000,14.7(0.00 %),146000,2148710000,158000,2324850000,870057706,4.38
07/06/2024,-3700,-52352500,14.75(0.34 %),94400,1395810000,98100,1448162500,870025006,4.39
10/06/2024,-1303180,-19190254000,14.7(-0.34 %),678920,10040121000,1982100,29230375000,871328186,4.32
11/06/2024,-281900,-3925650000,14.2(-3.40 %),6447442,93175511900,6729342,97101161900,870057706,4.38
12/06/2024,731360,10445864000,14.35(1.06 %),845260,12078534000,113900,1632670000,869870426,4.39
13/06/2024,0,0,14.35(0.00 %),0,0,0,0,870375199,4.37
14/06/2024,-150200,-2061375000,14.15(-1.39 %),546200,7819705000,696400,9881080000,869942899,4.39
17/06/2024,204684,2886065200,14.1(-0.35 %),247884,3494280200,43200,608215000,869940315,4.39
18/06/2024,-84031,-1178693650,14.05(-0.35 %),107900,1526225000,191931,2704918650,870528815,4.36
19/06/2024,-1066753,-14833691700,13.9(-1.07 %),45747,636603300,1112500,15470295000,870526268,4.36
20/06/2024,9900,131800000,13.6(-2.16 %),34100,463560000,24200,331760000,870684099,4.35
21/06/2024,-961593,-12765163400,13.4(-1.47 %),25681778,351791188600,26643371,364556352000,871192599,4.33
24/06/2024,-338500,-4569350000,13.3(-0.75 %),85700,1140010000,424200,5709360000,871131099,4.33
25/06/2024,465599,6261227400,13.4(0.75 %),665900,8939215000,200301,2677987600,872030792,4.28
26/06/2024,-394733,-5267258900,13.3(-0.75 %),112300,1499380000,507033,6766638900,872342692,4.27
27/06/2024,-169500,-2353600000,13.55(1.88 %),214700,2856370000,384200,5209970000,872328293,4.27
28/06/2024,-833444,-11399245600,13.3(-1.85 %),8900,119710000,842344,11518955600,872826426,4.24
04/07/2024,-91600,-1247620000,13.4(-0.74 %),17600,237435000,109200,1485055000,873627153,0.0
05/07/2024,-271000,-3579745000,13.2(-1.49 %),9600,127935000,280600,3707680000,873898153,0.0
08/07/2024,-270400,-3589530000,13.25(0.38 %),11500,153075000,281900,3742605000,874168553,0.0
09/07/2024,553600,7379725000,13.3(0.38 %),763800,10178430000,210200,2798705000,873614953,0.0
10/07/2024,15600,205970000,13.15(-1.13 %),17800,234965000,2200,28995000,873599353,0.0
11/07/2024,2305400,30856410000,13.4(1.90 %),2409000,32241065000,103600,1384655000,871293953,0.0
12/07/2024,111400,1487575000,13.25(-1.12 %),111400,1487575000,0,0,871182553,0.0
15/07/2024,-3900,-54335000,13.2(-0.38 %),9300,121885000,13200,176220000,871186453,0.0
16/07/2024,-3526200,-45647495000,12.6(-4.55 %),92600,1169860000,3618800,46817355000,874712653,0.0
17/07/2024,1082200,13103315000,12.1(-3.97 %),1219700,14843790000,137500,1740475000,873630453,0.0
18/07/2024,96700,1177730000,12.35(2.07 %),107800,1313935000,11100,136205000,873533753,0.0
19/07/2024,-319700,-3828640000,11.9(-3.64 %),33400,400345000,353100,4228985000,873853453,0.0
22/07/2024,-645600,-7070765000,11.15(-6.30 %),628700,7187515000,1274300,14258280000,874499053,0.0
23/07/2024,644700,7221835000,11.1(-0.45 %),761900,8547065000,117200,1325230000,873854353,0.0
24/07/2024,393100,4410775000,11.4(2.70 %),408100,4578575000,15000,167800000,873461253,0.0
25/07/2024,-17000,-195870000,11.3(-0.88 %),135800,1532185000,152800,1728055000,873478253,0.0
26/07/2024,-452500,-5064000000,11.05(-2.21 %),70500,787455000,523000,5851455000,873930753,0.0
29/07/2024,782600,8641405000,11(-0.45 %),881800,9745155000,99200,1103750000,873148153,0.0
30/07/2024,782600,8641405000,11.4(3.64 %),881800,9745155000,99200,1103750000,872365553,0.0
31/07/2024,578300,6896430000,11.85(3.95 %),801300,9558710000,223000,2662280000,871787253,0.0
01/08/2024,-301900,-3636960000,11.2(-5.49 %),269100,3030340000,571000,6667300000,871698635,0.0
02/08/2024,1180700,13436250000,11.5(2.68 %),1438700,16346060000,258000,2909810000,870517935,0.0
05/08/2024,-1104300,-12259630000,11(-4.35 %),287800,3181505000,1392100,15441135000,871622235,0.0
06/08/2024,646900,7441685000,11.35(3.18 %),1098600,12494105000,451700,5052420000,870975335,0.0
07/08/2024,329900,3718075000,11.4(0.44 %),1081700,12383105000,751800,8665030000,870645435,0.0
08/08/2024,202800,2297525000,11.4(0.00 %),871700,9951280000,668900,7653755000,870442635,0.0
09/08/2024,-920300,-10502925000,11.4(0.00 %),134800,1541645000,1055100,12044570000,871362935,0.0
12/08/2024,-115300,-1309145000,11.2(-1.75 %),120600,1352600000,235900,2661745000,871478235,0.0
13/08/2024,-32600,-360150000,11.25(0.45 %),203600,2300205000,236200,2660355000,871510835,0.0
14/08/2024,-467400,-5262885000,11.15(-0.89 %),113000,1268810000,580400,6531695000,871978235,0.0
15/08/2024,-194200,-2164050000,11.2(0.45 %),264700,2949415000,458900,5113465000,872172435,0.0
16/08/2024,2630800,30543030000,11.95(6.70 %),3096500,36006315000,465700,5463285000,869541635,0.0
19/08/2024,-520600,-6351880000,12.1(1.26 %),371400,4554520000,892000,10906400000,870062235,0.0
20/08/2024,4126900,50932205000,12.7(4.96 %),4200000,51838955000,73100,906750000,865935335,0.0
21/08/2024,-2225200,-28232730000,12.6(-0.79 %),68200,863165000,2293400,29095895000,868160535,0.0
22/08/2024,190400,2385980000,12.9(2.38 %),989700,12604780000,799300,10218800000,867970135,0.0
23/08/2024,-2278500,-29631300000,13.2(2.33 %),602500,7770260000,2881000,37401560000,870248635,0.0
26/08/2024,-1358200,-17985300000,13.2(0.00 %),171400,2269815000,1529600,20255115000,871606835,0.0
27/08/2024,-189300,-2572160000,13.3(0.76 %),635300,8369840000,824600,10942000000,871796135,0.0
28/08/2024,-318000,-4331860000,13.3(0.00 %),346700,4562585000,664700,8894445000,872114135,0.0
29/08/2024,-269300,-3573740000,13(-2.26 %),71900,939620000,341200,4513360000,872383435,0.0
30/08/2024,1050800,13620305000,12.95(-0.38 %),1153500,14945520000,102700,1325215000,871332635,0.0
04/09/2024,1045900,13414965000,12.95(0.00 %),1439600,18429730000,393700,5014765000,872832860,0.0
05/09/2024,2331500,30453435000,12.95(0.00 %),2551600,33308645000,220100,2855210000,870501360,0.0
06/09/2024,425400,5425175000,13(0.39 %),628400,8037400000,203000,2612225000,870075960,0.0
09/09/2024,1124400,14842130000,13.2(1.54 %),1461800,19284930000,337400,4442800000,868951560,0.0
10/09/2024,-1518200,-19670070000,12.7(-3.79 %),153200,1987645000,1671400,21657715000,870469760,0.0
11/09/2024,-1129600,-13627365000,11.85(-6.69 %),339000,4089970000,1468600,17717335000,871599360,0.0
12/09/2024,-1911300,-22225815000,11.4(-3.80 %),133200,1527980000,2044500,23753795000,873510660,0.0
13/09/2024,-872700,-10040335000,11.55(1.32 %),196800,2262430000,1069500,12302765000,874383360,0.0
16/09/2024,-176800,-2072020000,11.2(-3.03 %),151600,1708765000,328400,3780785000,874560160,0.0
17/09/2024,4089600,44696885000,11.2(0.00 %),4385300,47967875000,295700,3270990000,870470560,0.0
18/09/2024,747000,8512420000,11.3(0.89 %),816300,9299125000,69300,786705000,869723560,0.0
19/09/2024,856700,9761655000,11.35(0.44 %),888400,10121435000,31700,359780000,868866860,0.0
20/09/2024,1008600,11481305000,11.4(0.44 %),2235000,25429840000,1226400,13948535000,867858260,0.0
23/09/2024,-236100,-2663550000,11.25(-1.32 %),322100,3622510000,558200,6286060000,868094360,0.0
24/09/2024,-117800,-1336350000,11.35(0.89 %),426800,4842505000,544600,6178855000,868212160,0.0
25/09/2024,124800,1430460000,11.4(0.44 %),793700,9005930000,668900,7575470000,868087360,0.0
26/09/2024,-9700,5825000,11.55(1.32 %),1174100,13779950000,1183800,13774125000,868097060,0.0
27/09/2024,1544700,17925875000,11.55(0.00 %),1735900,20144165000,191200,2218290000,866552360,0.0
30/09/2024,760000,8261490000,11.05(-4.33 %),849400,9233780000,89400,972290000,865792360,0.0
01/10/2024,604700,6770760000,11.2(1.36 %),733600,8220515000,128900,1449755000,864962378,0.0
02/10/2024,56600,623235000,11.05(-1.34 %),222200,2462520000,165600,1839285000,864905778,0.0
03/10/2024,117400,1277550000,10.85(-1.81 %),467000,5117715000,349600,3840165000,864788378,0.0
04/10/2024,258800,2830995000,10.85(0.00 %),699400,7646845000,440600,4815850000,864529578,0.0
07/10/2024,-223800,-2434555000,10.8(-0.46 %),275200,2986950000,499000,5421505000,864753378,0.0
08/10/2024,108000,1153575000,10.7(-0.93 %),133200,1425420000,25200,271845000,864645378,0.0
09/10/2024,268300,2895020000,10.75(0.47 %),271500,2929430000,3200,34410000,864377078,0.0
10/10/2024,180100,1948140000,10.8(0.47 %),180100,1948140000,0,0,864196978,0.0
11/10/2024,331200,3575985000,10.8(0.00 %),339200,3662385000,8000,86400000,863865778,0.0
14/10/2024,147300,1594600000,10.65(-1.39 %),202700,2193210000,55400,598610000,863718478,0.0
15/10/2024,-205500,-2186605000,10.45(-1.88 %),27500,290520000,233000,2477125000,863923978,0.0
16/10/2024,-940600,-9665600000,10.2(-2.39 %),56000,576870000,996600,10242470000,864864578,0.0
17/10/2024,-798900,-8164530000,10.45(2.45 %),597200,6086515000,1396100,14251045000,865663478,0.0
18/10/2024,-302900,-3143795000,10.35(-0.96 %),75100,782955000,378000,3926750000,865966378,0.0
21/10/2024,-587700,-6055525000,10.25(-0.97 %),26400,272555000,614100,6328080000,866554078,0.0
22/10/2024,-740300,-7564415000,10.15(-0.98 %),108300,1109500000,848600,8673915000,867294378,0.0
23/10/2024,23600,244375000,10.25(0.99 %),327000,3348540000,303400,3104165000,867270778,0.0
24/10/2024,73700,751435000,10.15(-0.98 %),105300,1075710000,31600,324275000,867197078,0.0
25/10/2024,8400,85020000,10.2(0.49 %),21000,213725000,12600,128705000,867188678,0.0
28/10/2024,-188700,-1991015000,10.35(1.47 %),167000,1728445000,355700,3719460000,867377378,0.0
29/10/2024,-241400,-2531030000,10.35(0.00 %),44000,458910000,285400,2989940000,867618778,0.0
30/10/2024,1013500,10871845000,10.7(3.38 %),1315400,14041150000,301900,3169305000,866605278,0.0
31/10/2024,-1882500,-19967730000,10.5(-1.87 %),5300,57070000,1887800,20024800000,868487778,0.0
01/11/2024,-76700,-802445000,10.35(-1.43 %),198100,2079155000,274800,2881600000,865974201,0.0
04/11/2024,-94500,-976220000,10.2(-1.45 %),4700,48225000,99200,1024445000,866068701,0.0
05/11/2024,-160100,-1665185000,10.3(0.98 %),163300,1689175000,323400,3354360000,866228801,0.0
06/11/2024,-187600,-1952120000,10.4(0.97 %),2500,25875000,190100,1977995000,866416401,0.0
07/11/2024,-144800,-1529965000,10.8(3.85 %),2046500,22178545000,2191300,23708510000,866561201,0.0
08/11/2024,-315500,-3379510000,10.7(-0.93 %),5100,54620000,320600,3434130000,866876701,0.0
11/11/2024,24600,259670000,10.65(-0.47 %),65600,694510000,41000,434840000,866852101,0.0
12/11/2024,293200,3118290000,10.55(-0.94 %),404400,4290270000,111200,1171980000,863913499,4.7
13/11/2024,2321200,25020345000,10.8(2.37 %),2552700,27507155000,231500,2486810000,864237701,0.0
14/11/2024,496100,5346130000,10.8(0.00 %),588200,6341850000,92100,995720000,863741601,0.0
15/11/2024,-64600,-677685000,10.4(-3.70 %),311400,3306530000,376000,3984215000,863806201,0.0
18/11/2024,-773100,-8126775000,10.55(1.44 %),269600,2853930000,1042700,10980705000,864579301,0.0
19/11/2024,629500,6830265000,10.75(1.90 %),1302300,14127005000,672800,7296740000,863949801,0.0
20/11/2024,2005600,22555255000,11.25(4.65 %),2495400,28087760000,489800,5532505000,861944201,0.0
21/11/2024,1142500,12757600000,11.25(0.00 %),1656000,18526725000,513500,5769125000,860801701,0.0
22/11/2024,1225500,13605265000,11(-2.22 %),1321600,14681640000,96100,1076375000,859576201,0.0
25/11/2024,861400,9510780000,11(0.00 %),1668000,18329820000,806600,8819040000,860078475,4.9
26/11/2024,1130900,12522720000,11.1(0.91 %),1132200,12537050000,1300,14330000,859042365,4.95
27/11/2024,729400,8191080000,11.2(0.90 %),1032000,11605550000,302600,3414470000,858816965,4.96
28/11/2024,-888300,-9962555000,11.1(-0.89 %),124100,1386025000,1012400,11348580000,858694165,4.97
29/11/2024,520800,5736695000,10.95(-1.35 %),836000,9205645000,315200,3468950000,858160769,4.99
02/12/2024,-363600,-3993450000,10.95(0.00 %),2500,27375000,366100,4020825000,859170669,4.94
03/12/2024,-657900,-7160060000,10.7(-2.28 %),95600,1051435000,753500,8211495000,859390269,4.93
04/12/2024,-1716600,-18308700000,10.5(-1.87 %),262600,2828745000,1979200,21137445000,859493769,4.93
05/12/2024,-871700,-9247410000,10.85(3.33 %),292000,3153385000,1163700,12400795000,859955269,4.9
09/12/2024,-573500,-6144265000,10.7(0.47 %),6400,68160000,579900,6212425000,863059369,4.74
10/12/2024,-1158900,-12383365000,10.6(-0.93 %),22500,240980000,1181400,12624345000,863388899,4.73
16/12/2024,-37400,-391460000,10.4(-0.48 %),4100,42850000,41500,434310000,865958505,4.59
17/12/2024,-210800,-2207050000,10.45(0.48 %),1200,12575000,212000,2219625000,866106205,4.59
18/12/2024,-43600,-459940000,10.55(0.96 %),100,1060000,43700,461000000,866147605,4.58
19/12/2024,-708100,-7451875000,10.45(-0.95 %),2400,25190000,710500,7477065000,866357273,4.57
20/12/2024,-6877100,-69517530000,10.1(-3.35 %),1305200,13188605000,8182300,82706135000,865095773,4.64
24/12/2024,0,0,10.3(-1.90 %),0,0,0,0,870669153,4.35
25/12/2024,730700,7645365000,10.4(0.97 %),733800,7677815000,3100,32450000,868962098,4.44
26/12/2024,92700,968790000,10.4(0.00 %),94900,991780000,2200,22990000,868867184,4.45
27/12/2024,311500,3195430000,10.2(-1.92 %),658700,6780735000,347200,3585305000,868211756,4.48
30/12/2024,-342800,-3577315000,10.3(0.98 %),28200,291165000,371000,3868480000,868185742,4.48
31/12/2024,-308100,-3176045000,10.25(-0.49 %),10700,110285000,318800,3286330000,868522228,4.46
02/01/2025,552900,5754480000,10.4(1.46 %),583000,6068635000,30100,314155000,868310207,4.47
03/01/2025,705700,7472010000,10.55(1.44 %),942800,9971620000,237100,2499610000,867686207,4.51
06/01/2025,357500,3774490000,10.4(-1.42 %),601100,6334685000,243600,2560195000,867115207,4.53
07/01/2025,-529000,-5470660000,10.25(-1.44 %),1900,19570000,530900,5490230000,867115207,4.53
08/01/2025,-703500,-7226945000,10.4(1.46 %),16700,171150000,720200,7398095000,867577317,4.51
09/01/2025,148700,1539260000,10.25(-1.44 %),178700,1848430000,30000,309170000,867929517,4.49
10/01/2025,-498800,-5089259000,9.92(-3.22 %),60300,601041000,559100,5690300000,868589417,4.46
13/01/2025,-826400,-8056780000,9.49(-4.33 %),244200,2330867000,1070600,10387647000,868375217,4.47
14/01/2025,82600,692994000,8.95(-5.69 %),468700,4245438000,386100,3552444000,868465617,4.47
15/01/2025,-16600,-153637000,9.2(2.79 %),3500,32509000,20100,186146000,869532717,4.41
16/01/2025,-243900,-2247587000,9.17(-0.33 %),7500,69290000,251400,2316877000,869776617,0.0
17/01/2025,-91300,-844886000,9.28(1.20 %),43400,400758000,134700,1245644000,869888017,4.39
20/01/2025,-509500,-4627690000,9.05(-2.48 %),23300,211599000,532800,4839289000,870116117,4.38
21/01/2025,41400,376668000,9.04(-0.11 %),46000,418350000,4600,41682000,870204817,4.38
22/01/2025,-1142900,-10106500000,8.68(-3.98 %),30300,272073000,1173200,10378573000,870707317,4.35
23/01/2025,393400,3446406000,8.73(0.58 %),430400,3770464000,37000,324058000,870281517,4.37
24/01/2025,333400,2985850000,8.93(2.29 %),483900,4329657000,150500,1343807000,870970817,4.34
03/02/2025,39700,357133000,0(0.00 %),191100,1710504000,151400,1353371000,870816717,4.35
04/02/2025,989700,8885637000,9.39(5.51 %),1217500,10990192000,227800,2104555000,869749717,4.4
05/02/2025,-1271500,-12029878000,9.4(0.11 %),84300,798516000,1355800,12828394000,869816817,4.4
06/02/2025,887100,8330270000,9.39(-0.11 %),1013700,9523571000,126600,1193301000,869030930,4.44
07/02/2025,-737600,-7009795000,9.45(0.64 %),72800,691754000,810400,7701549000,870314017,4.37
10/02/2025,183700,1711986000,9.23(-2.33 %),611000,5681334000,427300,3969348000,869829647,4.4
11/02/2025,-599600,-5512657000,9.2(-0.33 %),17800,163667000,617400,5676324000,870622344,4.36
12/02/2025,-348900,-3209600000,9.16(-0.43 %),126000,1159543000,474900,4369143000,870923699,4.34
13/02/2025,-495600,-4499132000,9.02(-1.53 %),427100,3867094000,922700,8366226000,871114054,4.33
14/02/2025,1364600,12471254000,9.25(2.55 %),1780300,16299281000,415700,3828027000,869808714,4.4
17/02/2025,18900,186202000,9.21(-0.43 %),498700,4624506000,479800,4438304000,870232757,4.38
18/02/2025,1159600,10818663000,9.35(1.52 %),1428400,13329624000,268800,2510961000,866220057,4.58
19/02/2025,-389100,-3633891000,9.45(1.07 %),1000400,9438552000,1389500,13072443000,865699488,4.61
20/02/2025,1666100,16481262000,10.1(6.88 %),2454200,24365556000,788100,7884294000,863514088,4.72
21/02/2025,-1387100,-14140810000,10.15(0.50 %),517700,5282215000,1904800,19423025000,862086042,4.79
24/02/2025,-1044200,-10507033000,10(-1.48 %),829900,8315719000,1874100,18822752000,862044294,4.79
25/02/2025,-1380200,-13747460000,9.95(-0.50 %),350100,3499094000,1730300,17246554000,865899012,4.6
26/02/2025,-1388300,-13784393000,9.9(-0.50 %),235000,2334860000,1623300,16119253000,867538270,4.51
27/02/2025,-1306600,-13190974000,10.1(2.02 %),573200,5766845000,1879800,18957819000,866695442,4.56
28/02/2025,400700,3988155000,10.6(4.95 %),1443700,15115220000,1043000,11127065000,864875058,4.65
03/03/2025,-635200,-6624125000,10.4(-1.89 %),925500,9768440000,1560700,16392565000,867813516,4.5
04/03/2025,-2499400,-25697745000,10.3(-0.96 %),1405300,14527805000,3904700,40225550000,867451292,4.52
05/03/2025,-712200,-7333015000,10.2(-0.97 %),348300,3598960000,1060500,10931975000,868663622,4.46
06/03/2025,12900,109355000,10.35(1.47 %),1096100,11235940000,1083200,11126585000,871472284,4.31
07/03/2025,1233300,13135945000,10.5(1.45 %),1725800,18328965000,492500,5193020000,870807026,4.35
10/03/2025,-892600,-9422220000,10.4(-0.95 %),604700,6339180000,1497300,15761400000,871285477,4.32
11/03/2025,2059000,21679490000,10.55(1.44 %),2489200,26111595000,430200,4432105000,871285477,4.32
12/03/2025,193300,2023795000,10.5(-0.47 %),441400,4649030000,248100,2625235000,870344715,4.37
13/03/2025,-889104,-9456252000,10.4(-0.95 %),724696,7650423000,1613800,17106675000,870050219,4.38
14/03/2025,4596700,49658195000,11.1(6.73 %),5129100,55292840000,532400,5634645000,865169219,4.63
17/03/2025,-551300,-6157720000,11.15(0.45 %),932400,10394805000,1483700,16552525000,865850619,4.6
18/03/2025,408000,4474825000,10.95(-1.79 %),1040000,11419590000,632000,6944765000,865343019,4.63
19/03/2025,-1199300,-12948770000,10.8(-1.37 %),59500,639680000,1258800,13588450000,866767219,4.55
20/03/2025,-1328800,-14382635000,10.85(0.46 %),2700,29235000,1331500,14411870000,867396536,4.52
21/03/2025,-2306200,-24945015000,10.75(-0.92 %),25500,277190000,2331700,25222205000,868629836,4.46
24/03/2025,-5676300,-59222955000,10.3(-4.19 %),123900,1266685000,5800200,60489640000,869837448,4.4
25/03/2025,-839300,-8724765000,10.35(0.49 %),284800,2947780000,1124100,11672545000,871884411,4.29
26/03/2025,-392400,-4056810000,10.25(-0.97 %),243300,2514490000,635700,6571300000,877441371,4.01
27/03/2025,33900,357725000,10.25(0.00 %),340800,3505170000,306900,3147445000,878224671,3.97
28/03/2025,-186700,-1921010000,10.25(0.00 %),50800,525615000,237500,2446625000,878809571,3.94
31/03/2025,161100,1670330000,10.3(0.49 %),319200,3303360000,158100,1633030000,878797271,3.94
01/04/2025,-197300,-2042185000,10.35(0.49 %),23500,243245000,220800,2285430000,879011270,3.92
02/04/2025,277000,2883330000,10.3(-0.48 %),360500,3747470000,83500,864140000,878808870,3.94
03/04/2025,-34000,-361569000,9.58(-6.99 %),444300,4293671000,478300,4655240000,878585253,3.95
04/04/2025,-83300,-837954000,9.1(-5.01 %),371900,3339640000,455200,4177594000,878296854,3.96
08/04/2025,21100,146760000,8.47(-6.92 %),361300,3120579000,340200,2973819000,878413854,3.96
09/04/2025,1428600,11488124000,8.1(-4.37 %),1861900,15026945000,433300,3538821000,877007171,4.03
10/04/2025,-4600,-39836000,8.66(6.91 %),0,0,4600,39836000,877347371,4.01
11/04/2025,323800,2928288000,9.26(6.93 %),717900,6517258000,394100,3588970000,877062771,4.02
14/04/2025,-882000,-8142699000,9.23(-0.32 %),67300,618739000,949300,8761438000,877000001,4.03
15/04/2025,-1700700,-16138820000,9.25(0.22 %),309400,2853444000,2010100,18992264000,877084701,4.02
16/04/2025,-544000,-5130086000,9.37(1.30 %),188800,1754036000,732800,6884122000,877845201,3.98
17/04/2025,-294700,-2783993000,9.36(-0.11 %),234300,2156224000,529000,4940217000,879621073,3.89
18/04/2025,899300,8586687000,9.67(3.31 %),1214500,11604537000,315200,3017850000,879139373,3.92
21/04/2025,470200,4885630000,10.3(6.51 %),762700,7779134000,292500,2893504000,878905673,3.93
22/04/2025,2814500,28628928000,10.65(3.40 %),3949700,40607238000,1135200,11978310000,875271173,4.12
23/04/2025,1314600,14296225000,10.8(1.41 %),1646500,17954675000,331900,3658450000,873897173,4.19
24/04/2025,4076000,46124775000,11.3(4.63 %),4439900,50144735000,363900,4019960000,870512373,4.36
25/04/2025,-305100,-3455875000,10.85(-3.98 %),1380700,15099345000,1685800,18555220000,867063573,4.54
28/04/2025,3336500,37701315000,11.45(5.53 %),4532400,51086800000,1195900,13385485000,862895073,4.75
29/04/2025,-3021900,-34585665000,11.4(-0.44 %),387700,4497370000,3409600,39083035000,862093163,4.79
05/05/2025,1284000,13098375000,11.45(0.44 %),1284000,14622670000,0,1524295000,862139763,4.79
06/05/2025,4523900,54786080000,12.25(6.99 %),5302400,64206095000,778500,9420015000,863125463,4.74
07/05/2025,5969834,69558197940,12.65(3.27 %),9746134,118206727940,3776300,48648530000,857155629,5.05
08/05/2025,-733600,-9057875000,12.6(-0.40 %),2260400,28134590000,2994000,37192465000,857155629,5.05
09/05/2025,-7320700,-91436275000,12.3(-2.38 %),1663000,19984315000,8983700,111420590000,857155629,5.05
12/05/2025,79100,998815000,12.3(0.00 %),424400,5292240000,345300,4293425000,857810129,5.01
13/05/2025,1317500,15710775000,12.05(-2.03 %),4813100,57817255000,3495600,42106480000,863813332,4.7
14/05/2025,3336200,40813390000,12.25(1.66 %),4161700,50868110000,825500,10054720000,860477086,4.88
15/05/2025,2696830,18687691000,12.1(-1.22 %),2696830,32695971000,0,14008280000,858937356,4.95
16/05/2025,1726700,-832767200,12.15(0.41 %),1726700,20994550000,0,21827317200,858937356,4.95
19/05/2025,2960300,12303205000,12.05(-0.82 %),2960300,36269740000,0,23966535000,857935556,5.01
20/05/2025,478900,-35996725000,11.85(-1.66 %),478900,5598820000,0,41595545000,857995357,5.0
21/05/2025,5978005,69074737000,12.65(6.75 %),5978005,73363370250,0,4288633250,852363847,5.29
22/05/2025,1907182,-16029059100,12.5(-1.19 %),1907182,24425950900,0,40455010000,855419047,5.13
23/05/2025,1655900,20839390000,12.45(-0.40 %),1835900,23127820000,180000,2288430000,853763072,5.22
26/05/2025,1394942,-34068870550,12.8(2.81 %),1394942,17551159450,0,51620030000,855010690,5.16
27/05/2025,-7711500,-99125000000,12.85(0.39 %),127600,1642375000,7839100,100767375000,855010690,5.16
28/05/2025,6442409,-11097183900,13.05(1.56 %),6442409,84036421100,0,95133605000,857665848,5.02
29/05/2025,21448763,290699174450,13.95(6.90 %),21448763,296319034450,0,5619860000,844336834,5.7
30/05/2025,17695725,219514749050,14.15(1.43 %),17695725,251145994050,0,31631245000,829773000,6.45
02/06/2025,6372456,29874606450,14.55(2.83 %),6372456,92115848000,0,62241241550,827683623,6.56
03/06/2025,3989262,-16301478000,14.2(-2.41 %),3989262,57072547000,0,73374025000,827683623,6.56
04/06/2025,6356600,63994910000,14.2(0.00 %),6356600,90540725000,0,26545815000,823208223,6.79
05/06/2025,2718400,17037270000,14.3(0.70 %),2718400,38569225000,0,21531955000,823127761,6.79
06/06/2025,3024500,24159465000,14.3(0.00 %),3024500,43211270000,0,19051805000,821439461,6.88
09/06/2025,1673243,-37326916450,14.4(0.70 %),1673243,24456923550,0,61783840000,821439461,6.88
10/06/2025,1621643,14441298500,14.35(-0.35 %),1621643,23284788500,0,8843490000,820433018,6.93
11/06/2025,8700,-412015000,13.9(-3.14 %),1790100,24887950000,1781400,25299965000,822967232,6.8
12/06/2025,5046800,71940735000,14.25(2.52 %),5503600,78404355000,456800,6463620000,817920481,7.06
13/06/2025,4721300,65950090000,14.3(0.35 %),5430700,75867570000,709400,9917480000,813202365,7.3
16/06/2025,7950500,116678410000,14.9(4.20 %),10205000,149940130000,2254500,33261720000,805251836,7.71
17/06/2025,7563200,115666325000,15.45(3.69 %),10452300,159457375000,2889100,43791050000,797688538,8.1
18/06/2025,2773700,43736545000,15.6(0.97 %),4924800,77490830000,2151100,33754285000,794914818,8.24
19/06/2025,2222800,34493820000,15.55(-0.32 %),3586100,55625950000,1363300,21132130000,792691953,8.35
20/06/2025,2074100,32114265000,15.45(-0.64 %),10911400,168548835000,8837300,136434570000,790617784,8.46
23/06/2025,675300,10182220000,15.05(-2.59 %),1782600,26882905000,1107300,16700685000,789942445,8.49
24/06/2025,-1882300,-28603695000,15.05(0.00 %),2364700,35711530000,4247000,64315225000,789942445,8.49
25/06/2025,-262300,-3939790000,14.9(-1.00 %),235900,3558690000,498200,7498480000,789942445,8.49
26/06/2025,719700,10768665000,15.15(1.68 %),2015900,30302040000,1296200,19533375000,791105045,8.43
27/06/2025,-1376200,-20835655000,15(-0.99 %),134600,2026075000,1510800,22861730000,791367345,8.42
30/06/2025,1032100,15694625000,15.15(1.00 %),2180900,33303555000,1148800,17608930000,790335253,8.47
01/07/2025,1035600,15639835000,15.15(0.00 %),1605600,24281060000,570000,8641225000,790675703,8.45
02/07/2025,1219000,18407135000,15.1(-0.33 %),1610700,24303205000,391700,5896070000,789456689,8.52
03/07/2025,-834000,-12553070000,14.9(-1.32 %),922900,13912715000,1756900,26465785000,789456689,8.52
04/07/2025,5271400,80168950000,15.2(2.01 %),7125400,108287675000,1854000,28118725000,784185289,8.79
07/07/2025,1622600,24776280000,15.3(0.66 %),3039400,46322310000,1416800,21546030000,783396749,8.83
08/07/2025,3825200,58882285000,15.7(2.61 %),4819200,74513335000,994000,15631050000,779571523,9.02
09/07/2025,-1745800,-27436065000,15.45(-1.59 %),2081700,32340445000,3827500,59776510000,779571523,9.02
10/07/2025,831700,12802490000,15.45(0.00 %),2183300,33757615000,1351600,20955125000,779571523,9.02
11/07/2025,-1937400,-29753670000,15.1(-2.27 %),844800,12933540000,2782200,42687210000,780485623,8.98
14/07/2025,858700,12896520000,15.25(0.99 %),1909400,28726975000,1050700,15830455000,779626850,9.02
15/07/2025,1173300,18037595000,15.1(-0.98 %),1254600,19283915000,81300,1246320000,780390899,8.98
16/07/2025,4903100,75231580000,15.35(1.66 %),4907100,75292985000,4000,61405000,775487819,9.23
17/07/2025,6994800,112168180000,16.4(6.84 %),7535000,120869450000,540200,8701270000,775487819,9.23
18/07/2025,1308900,22147320000,16.95(3.35 %),2742600,46899075000,1433700,24751755000,767224023,9.66
21/07/2025,3949100,65805735000,16.55(-2.36 %),4840500,80936350000,891400,15130615000,763274923,9.86
22/07/2025,3086900,51373985000,16.95(2.42 %),10296500,171671690000,7209600,120297705000,760188116,10.02
23/07/2025,-42200,-777885000,16.85(-0.59 %),2850600,48204240000,2892800,48982125000,760188116,10.02
24/07/2025,-2165500,-36245590000,16.85(0.00 %),1862800,31292365000,4028300,67537955000,760188116,10.02
25/07/2025,2180200,36876305000,17.1(1.48 %),3113600,52544940000,933400,15668635000,758050202,10.13
28/07/2025,-3152500,-55623490000,17.5(2.34 %),3742900,66048765000,6895400,121672255000,760215702,10.02
29/07/2025,4071900,68937510000,16.3(-6.86 %),7185700,122838255000,3113800,53900745000,756143671,10.23
30/07/2025,4378900,70790640000,16.6(1.84 %),5077200,82354180000,698300,11563540000,754917183,10.29
31/07/2025,4037900,66763200000,16.65(0.30 %),4933100,81421030000,895200,14657830000,750879309,10.5
01/08/2025,4984100,85437540000,17.25(3.60 %),7265400,124600185000,2281300,39162645000,745895055,10.75
04/08/2025,5542400,100270960000,18.45(6.96 %),6618000,119895765000,1075600,19624805000,740412644,11.03
05/08/2025,3528400,62933095000,18(-2.44 %),7148500,130895140000,3620100,67962045000,736884279,11.21
06/08/2025,38600,1051995000,18.2(1.11 %),3426900,62096605000,3388300,61044610000,736845634,11.22
07/08/2025,-2243700,-40979430000,18.2(0.00 %),883000,16147355000,3126700,57126785000,736845634,11.22
08/08/2025,1200800,22021145000,18.55(1.92 %),3515200,64457840000,2314400,42436695000,735644884,11.28
11/08/2025,-845500,-16705960000,18.8(1.35 %),5662900,106607390000,6508400,123313350000,736888567,11.21
12/08/2025,-786100,-14535165000,18.5(-1.60 %),621400,11488770000,1407500,26023935000,736888567,11.21
13/08/2025,745300,14121475000,18.45(-0.27 %),3948800,73696575000,3203500,59575100000,736988795,11.21
14/08/2025,1809600,33883040000,18.9(2.44 %),2885900,53843325000,1076300,19960285000,735965332,11.26
15/08/2025,1626500,29829340000,18.15(-3.97 %),2273500,41783295000,647000,11953955000,734338832,11.34
18/08/2025,-1900600,-34210500000,18(-0.83 %),347700,6224675000,2248300,40435175000,734338832,11.34
19/08/2025,1228100,21732960000,18(0.00 %),5390500,97284405000,4162400,75551445000,733110710,11.41
20/08/2025,1031600,16750190000,17.4(-3.33 %),4356400,75563100000,3324800,58812910000,733979675,11.36
21/08/2025,-909100,-15418285000,16.85(-3.16 %),1704700,29236120000,2613800,44654405000,733979675,11.36
22/08/2025,-3443000,-56298255000,15.9(-5.64 %),3973800,63994685000,7416800,120292940000,733979675,11.36
25/08/2025,-144300,-2233395000,16.05(0.94 %),2740400,44128785000,2884700,46362180000,733979675,11.36
26/08/2025,-503900,-8106230000,0(-100.00 %),821800,13472730000,1325700,21578960000,734888865,11.32
