Ngay,KLGDRong,GTDGRong,ThayDoi,KLMua,GtMua,KLBan,GtBan,RoomConLai,DangSoHuu
03/01/2017,0,0,0(0.00 %),0,0,0,0,493701940,8.78
04/01/2017,-858,-38610000,0(0.00 %),0,0,858,38610000,493701940,8.78
05/01/2017,3900,184200000,0(0.00 %),7900,391000000,4000,206800000,493694040,8.78
06/01/2017,1500,69750000,0(0.00 %),1500,69750000,0,0,493692540,8.78
09/01/2017,20800,888260000,0(0.00 %),22800,973260000,2000,85000000,493670598,8.78
10/01/2017,2510,108750000,0(0.00 %),5510,236550000,3000,127800000,493669088,8.78
11/01/2017,19135,827702000,0(0.00 %),22135,957602000,3000,129900000,493646953,8.79
12/01/2017,10,450000,0(0.00 %),10,450000,0,0,493648943,8.79
13/01/2017,21800,917600000,0(0.00 %),23700,997400000,1900,79800000,493628243,8.79
16/01/2017,20300,823580000,41(-2.61 %),20300,823580000,0,0,493610943,8.79
17/01/2017,26965,1079480000,39.9(-1.97 %),27000,1080880000,35,1400000,493583943,8.79
18/01/2017,15300,602430000,39(-2.74 %),15300,602430000,0,0,493570543,8.79
19/01/2017,15400,599020000,39(0.00 %),15400,599020000,0,0,493555143,8.79
20/01/2017,1000,38000000,38.1(-1.80 %),1000,38000000,0,0,493554178,8.79
23/01/2017,0,0,38.1(0.00 %),0,0,0,0,493554178,8.79
24/01/2017,0,0,38.3(0.52 %),0,0,0,0,493554178,8.79
25/01/2017,5000,191500000,38.5(1.05 %),7000,267500000,2000,76000000,493547178,8.79
02/02/2017,-2000,-77600000,38.9(2.10 %),0,0,2000,77600000,493547178,8.79
03/02/2017,5800,226800000,38.7(0.52 %),7800,305000000,2000,78200000,493539378,8.79
06/02/2017,-100,-3860000,38.6(-0.77 %),0,0,100,3860000,493541378,8.79
07/02/2017,1000,38400000,38.2(-1.04 %),1000,38400000,0,0,493542378,8.79
08/02/2017,0,0,38.8(1.57 %),0,0,0,0,493544378,8.79
09/02/2017,0,0,38.7(0.00 %),0,0,0,0,493544478,8.79
10/02/2017,10,410500,42.9(11.14 %),10,410500,0,0,493544468,8.79
13/02/2017,700,29900000,44.1(5.76 %),3000,131100000,2300,101200000,493541468,8.79
14/02/2017,5920,254330000,42.3(-4.08 %),7920,341330000,2000,87000000,493533548,8.79
15/02/2017,1300,55470000,41.5(-3.26 %),2300,97370000,1000,41900000,493531248,8.79
16/02/2017,2000,80880000,39.7(-5.25 %),4900,197510000,2900,116630000,493528648,8.8
17/02/2017,1000,39000000,39.5(-1.74 %),1000,39000000,0,0,493529648,8.8
20/02/2017,2500,99500000,41.9(6.89 %),2500,99500000,0,0,493528148,8.8
21/02/2017,7800,319840000,40.9(2.25 %),7800,319840000,0,0,493523248,8.8
22/02/2017,900,36400000,40.3(-1.95 %),900,36400000,0,0,493522348,8.8
23/02/2017,17100,646280000,35.9(-10.92 %),17100,646280000,0,0,493505248,8.8
24/02/2017,73200,2521720000,33(-10.33 %),73200,2521720000,0,0,493432048,8.8
27/02/2017,1252200,45082510000,37.6(14.98 %),1252200,45082510000,0,0,492179848,8.9
28/02/2017,11500,429440000,35(-4.89 %),13500,505440000,2000,76000000,492166348,8.91
01/03/2017,29300,1006890000,34.8(-4.13 %),30500,1049370000,1200,42480000,492135848,8.91
02/03/2017,-600,-21490000,34.7(0.00 %),200,6910000,800,28400000,492135648,8.91
03/03/2017,15100,509660000,34(-2.58 %),20000,674980000,4900,165320000,492117648,8.91
06/03/2017,76900,2514840000,32.4(-4.99 %),77000,2518100000,100,3260000,492041848,8.92
07/03/2017,-298800,-9418590000,32.4(-1.52 %),6500,203130000,305300,9621720000,258804730,27.92
08/03/2017,-41,-1221600,33.5(5.02 %),1059,35848400,1100,37070000,258808571,27.92
09/03/2017,31600,1044550000,32.8(-1.50 %),31600,1044550000,0,0,258777071,27.92
10/03/2017,-145585,-4713042500,32.2(-2.42 %),1015,32667500,146600,4745710000,259081356,27.89
13/03/2017,-241100,-7603180000,31.3(-2.80 %),22300,702430000,263400,8305610000,259060156,27.9
14/03/2017,-382300,-11749280000,30.6(-2.86 %),64800,2004220000,447100,13753500000,258995356,27.9
15/03/2017,-44200,-1322000000,29.7(-3.57 %),45800,1370420000,90000,2692420000,259096156,27.89
16/03/2017,10300,315090000,30.8(3.36 %),10300,315090000,0,0,259349256,27.87
17/03/2017,12600,387500000,30.9(1.31 %),31600,980100000,19000,592600000,259764756,27.84
20/03/2017,-10974,-336071800,30.9(-0.96 %),3026,92328200,14000,428400000,259851730,27.83
21/03/2017,130,3990000,30.9(0.32 %),130,3990000,0,0,259851600,27.83
22/03/2017,6300,193490000,30.7(-0.65 %),6500,199650000,200,6160000,259864100,27.83
23/03/2017,0,0,30.4(-1.62 %),0,0,0,0,259878100,27.83
24/03/2017,-2476,-75270400,30.5(0.33 %),24,729600,2500,76000000,259878076,27.83
27/03/2017,4926,148225200,30.1(-0.99 %),4926,148225200,0,0,259873350,27.83
28/03/2017,2100,62670000,29.7(-1.33 %),2100,62670000,0,0,259871250,27.83
29/03/2017,5000,146150000,29(-2.68 %),5000,146150000,0,0,259868750,27.83
30/03/2017,3846,108351000,28.3(-3.08 %),5846,165351000,2000,57000000,259862904,27.83
31/03/2017,-3200,-89530000,28.2(-0.35 %),4800,132870000,8000,222400000,259858104,27.83
03/04/2017,-10400,-304580000,29(3.94 %),0,0,10400,304580000,259858104,27.83
04/04/2017,2550,72485000,28.2(-3.09 %),2550,72485000,0,0,259857554,27.83
05/04/2017,8100,227780000,28.1(-1.40 %),8100,227780000,0,0,259857454,27.83
07/04/2017,-1700,-48100000,27.3(-2.85 %),3300,90900000,5000,139000000,259864554,27.83
10/04/2017,9300,247740000,26.1(-5.43 %),9300,247740000,0,0,259855254,27.83
11/04/2017,-100,-3210000,25.5(-3.41 %),5400,138690000,5500,141900000,259849854,27.83
12/04/2017,42500,1060330000,24.8(-3.50 %),46800,1168690000,4300,108360000,259808054,27.83
13/04/2017,-15700,-389410000,25.1(0.40 %),0,0,15700,389410000,259808054,27.83
14/04/2017,310,7853000,25.3(0.80 %),310,7853000,0,0,259813244,27.83
17/04/2017,94800,2541410000,26.5(4.74 %),94800,2541410000,0,0,259722744,27.84
18/04/2017,134500,3575240000,27.2(2.26 %),134500,3575240000,0,0,259603944,27.85
19/04/2017,8100,222750000,27.8(4.12 %),8100,222750000,0,0,259595844,27.85
20/04/2017,50010,1370273000,27.2(-1.45 %),50010,1370273000,0,0,259545834,27.86
21/04/2017,0,0,26.3(-3.31 %),0,0,0,0,259545834,27.86
24/04/2017,51100,1314590000,25.4(-4.15 %),51100,1314590000,0,0,259494734,27.86
25/04/2017,800,20560000,25.6(-0.39 %),800,20560000,0,0,259493934,27.86
26/04/2017,80000,2073510000,26.1(1.56 %),80400,2083990000,400,10480000,259413534,27.87
27/04/2017,600,15620000,25.9(0.00 %),600,15620000,0,0,259412934,27.87
28/04/2017,-12000,-309600000,25.8(-0.77 %),0,0,12000,309600000,259412934,27.87
03/05/2017,0,0,25.9(0.39 %),0,0,0,0,259413334,27.87
04/05/2017,218200,5667860000,26(0.00 %),222800,5787460000,4600,119600000,259190534,27.89
05/05/2017,-4200,-108760000,25.7(-1.15 %),800,20740000,5000,129500000,259201734,27.88
08/05/2017,268300,7095630000,26.6(2.70 %),268300,7095630000,0,0,258933434,27.91
09/05/2017,0,0,26.4(-0.38 %),0,0,0,0,258938034,27.91
10/05/2017,409000,10965330000,26.9(1.51 %),409000,10965330000,0,0,258534034,27.94
11/05/2017,161100,4476770000,28.1(4.85 %),162000,4502420000,900,25650000,258372034,27.95
12/05/2017,137700,3972000000,29(3.94 %),166400,4808140000,28700,836140000,258205634,27.97
15/05/2017,62807,1793999500,28.5(-2.06 %),66807,1908799500,4000,114800000,258138827,27.97
16/05/2017,178200,4986510000,28.2(-1.74 %),208200,5830510000,30000,844000000,257931527,27.99
17/05/2017,-28000,-786360000,28(0.00 %),2000,56000000,30000,842360000,257958227,27.99
18/05/2017,160200,4495050000,28(-0.36 %),202200,5671250000,42000,1176200000,257760027,28.0
19/05/2017,-16200,-447120000,27.6(-1.43 %),0,0,16200,447120000,257790027,28.0
22/05/2017,300,8290000,27.7(0.00 %),300,8290000,0,0,257819727,28.0
23/05/2017,0,0,26.9(-2.89 %),0,0,0,0,257861727,27.99
24/05/2017,1050,27834200,26.5(-2.21 %),1050,27834200,0,0,257876877,27.99
25/05/2017,25000,672300000,26.9(1.51 %),25000,672300000,0,0,257851877,27.99
26/05/2017,10600,285080000,26.7(-0.74 %),10600,285080000,0,0,257841277,28.0
29/05/2017,30700,819170000,26.7(0.00 %),30700,819170000,0,0,257810577,28.0
30/05/2017,-400,-10650000,26.4(-1.12 %),100,2650000,500,13300000,257810477,28.0
31/05/2017,-39600,-1041480000,26.3(-0.75 %),400,10520000,40000,1052000000,257810077,28.0
01/06/2017,-40000,-1068000000,26.7(1.52 %),0,0,40000,1068000000,257810077,28.0
02/06/2017,0,0,26.6(-0.37 %),0,0,0,0,257810577,28.0
05/06/2017,300,7980000,26.7(0.38 %),300,7980000,0,0,257850277,27.99
06/06/2017,300,7950000,26.5(-0.75 %),300,7950000,0,0,257889977,27.99
07/06/2017,100,2650000,26.6(0.38 %),100,2650000,0,0,257889877,27.99
08/06/2017,2500,68900000,28(5.26 %),2500,68900000,0,0,257887377,27.99
09/06/2017,2290,64231000,27.5(-0.36 %),5530,154031000,3240,89800000,257881847,27.99
12/06/2017,2000,54000000,26.9(-2.89 %),2000,54000000,0,0,257879847,27.99
13/06/2017,600,16140000,26.8(-0.37 %),600,16140000,0,0,257879247,27.99
14/06/2017,-37052,-989372000,26.8(0.00 %),3000,80700000,40052,1070072000,257879487,27.99
16/06/2017,8700,237320000,27.2(1.87 %),10100,274700000,1400,37380000,257869387,27.99
19/06/2017,10,-1430000,26.9(-0.74 %),4010,107770000,4000,109200000,257905429,27.99
20/06/2017,-80000,-2151420000,26.9(0.00 %),0,0,80000,2151420000,257905429,27.99
21/06/2017,-1000,-26700000,26.6(-0.75 %),0,0,1000,26700000,257906829,27.99
22/06/2017,-6700,-179410000,26.9(0.75 %),0,0,6700,179410000,257910829,27.99
23/06/2017,0,0,26.7(-0.37 %),0,0,0,0,257990829,27.98
26/06/2017,-18000,-480600000,26.7(-0.37 %),0,0,18000,480600000,257991829,27.98
27/06/2017,16,430400,26.6(-0.37 %),16,430400,0,0,257998513,27.98
28/06/2017,70000,1861150000,26.7(0.38 %),70000,1861150000,0,0,257928513,27.99
29/06/2017,0,0,26.6(0.00 %),0,0,0,0,257946513,27.99
30/06/2017,-5200,-138320000,26.6(0.00 %),0,0,5200,138320000,257946513,27.99
03/07/2017,-8000,-212400000,26.6(0.38 %),0,0,8000,212400000,257946513,27.99
04/07/2017,-18000,-488000000,27(1.89 %),0,0,18000,488000000,257946513,27.99
05/07/2017,2000,53600000,26.7(-1.84 %),2000,53600000,0,0,257949713,27.99
06/07/2017,300,7980000,26.6(-0.75 %),300,7980000,0,0,257957413,27.99
07/07/2017,300,7980000,26.5(-0.38 %),300,7980000,0,0,257975113,27.98
10/07/2017,0,0,26.4(0.00 %),0,0,0,0,257975113,27.98
11/07/2017,1000,26500000,26.5(0.38 %),1000,26500000,0,0,257974113,27.98
12/07/2017,0,0,26.5(0.38 %),0,0,0,0,257974113,27.98
13/07/2017,400,10600000,26.5(0.00 %),400,10600000,0,0,257973713,27.98
14/07/2017,0,0,26.5(0.00 %),0,0,0,0,257973713,27.98
17/07/2017,10,264000,26.5(0.00 %),10,264000,0,0,257973703,27.98
18/07/2017,0,0,26.4(-0.38 %),0,0,0,0,257973703,27.98
19/07/2017,0,0,26.3(-0.38 %),0,0,0,0,257973703,27.98
20/07/2017,0,0,26.1(-0.76 %),0,0,0,0,257973703,27.98
21/07/2017,-9600,-250060000,26.1(-0.38 %),0,0,9600,250060000,257973703,27.98
24/07/2017,-21100,-554330000,26.3(1.15 %),0,0,21100,554330000,257973703,27.98
25/07/2017,0,0,26.3(0.38 %),0,0,0,0,257973703,27.98
26/07/2017,-10000,-264000000,26.4(0.00 %),0,0,10000,264000000,257983303,27.98
27/07/2017,0,0,26.4(0.00 %),0,0,0,0,258004403,27.98
28/07/2017,0,0,26.2(-0.76 %),0,0,0,0,258004403,27.98
31/07/2017,28000,736400000,26.1(-0.76 %),29000,762700000,1000,26300000,257985403,27.98
01/08/2017,-14680,-384206000,26.2(0.00 %),20,534000,14700,384740000,257985383,27.98
02/08/2017,20,520000,26(-0.76 %),20,520000,0,0,257985363,27.98
03/08/2017,-14710,-375108000,25.5(-1.92 %),0,0,14710,375108000,257986363,27.98
04/08/2017,0,0,25.6(0.00 %),0,0,0,0,258001063,27.98
07/08/2017,0,0,25.9(1.17 %),0,0,0,0,258001063,27.98
08/08/2017,0,0,25.6(-0.39 %),0,0,0,0,258015773,27.98
09/08/2017,-450,-11400000,25.3(-0.78 %),150,3840000,600,15240000,258015623,27.98
10/08/2017,-400,-10120000,25.2(-0.40 %),0,0,400,10120000,258015623,27.98
11/08/2017,0,0,25.1(0.00 %),0,0,0,0,258015623,27.98
14/08/2017,0,0,25.1(0.00 %),0,0,0,0,258016223,27.98
15/08/2017,-3900,-97880000,25(-0.40 %),100,2520000,4000,100400000,258016523,27.98
16/08/2017,-4000,-100000000,25(-0.40 %),0,0,4000,100000000,258016523,27.98
17/08/2017,200,4960000,24.8(-0.80 %),200,4960000,0,0,258016323,27.98
18/08/2017,1100,27170000,24.8(0.00 %),1100,27170000,0,0,258019223,27.98
21/08/2017,0,0,24.9(0.40 %),0,0,0,0,258023223,27.98
22/08/2017,0,0,24.9(-0.40 %),0,0,0,0,258023223,27.98
23/08/2017,0,0,24.9(-0.40 %),0,0,0,0,258023223,27.98
24/08/2017,0,0,24.9(0.00 %),0,0,0,0,258023223,27.98
25/08/2017,3000,74100000,24.8(0.00 %),3000,74100000,0,0,258020223,27.98
28/08/2017,0,0,24.6(-0.40 %),0,0,0,0,258020223,27.98
29/08/2017,0,0,24.6(0.00 %),0,0,0,0,258020223,27.98
30/08/2017,0,0,25.1(2.45 %),0,0,0,0,258020223,27.98
31/08/2017,-1100,-27280000,24.8(1.64 %),0,0,1100,27280000,258020223,27.98
01/09/2017,0,0,24.7(-0.80 %),0,0,0,0,258020223,27.98
05/09/2017,1700,41650000,24.6(0.00 %),1700,41650000,0,0,258018523,27.98
06/09/2017,400,9800000,24.6(0.00 %),400,9800000,0,0,258019223,27.98
07/09/2017,0,0,24.6(0.41 %),0,0,0,0,258019223,27.98
08/09/2017,900,22140000,24.6(0.00 %),900,22140000,0,0,258018323,27.98
12/09/2017,-5020,-123491000,24.6(0.00 %),10,247000,5030,123738000,258018313,27.98
13/09/2017,100,2460000,24.6(0.00 %),100,2460000,0,0,258018213,27.98
14/09/2017,0,0,24.7(0.41 %),0,0,0,0,258018213,27.98
15/09/2017,0,0,24.7(0.41 %),0,0,0,0,258023243,27.98
18/09/2017,800,20550000,25.6(4.07 %),800,20550000,0,0,258022443,27.98
19/09/2017,0,0,25.4(-0.39 %),0,0,0,0,258022443,27.98
20/09/2017,0,0,25.4(0.00 %),0,0,0,0,258022443,27.98
21/09/2017,-14900,-381450000,25.4(-0.39 %),100,2550000,15000,384000000,258022343,27.98
22/09/2017,0,0,25.5(-0.39 %),0,0,0,0,258022343,27.98
25/09/2017,-13700,-360310000,26.2(2.75 %),1300,34190000,15000,394500000,258021043,27.98
26/09/2017,0,0,25.9(-1.15 %),0,0,0,0,258036043,27.98
27/09/2017,1030,26574000,25.8(-0.77 %),1030,26574000,0,0,258035013,27.98
28/09/2017,10910,278465000,25.1(-2.71 %),12210,311485000,1300,33020000,258037803,27.98
29/09/2017,43,1100600,25.3(-0.39 %),43,1100600,0,0,258037760,27.98
02/10/2017,-20000,-532680000,26.8(5.93 %),200,5400000,20200,538080000,258037560,27.98
03/10/2017,-20100,-530790000,26.3(-2.59 %),0,0,20100,530790000,258038860,27.98
04/10/2017,-8973,-236967400,27.7(4.53 %),1027,27032600,10000,264000000,258037833,27.98
05/10/2017,-3020,-84560000,27.6(1.47 %),0,0,3020,84560000,258058033,27.98
06/10/2017,-10010,-280710000,28(-0.36 %),0,0,10010,280710000,258078133,27.98
09/10/2017,-8700,-244610000,28.1(0.00 %),300,8390000,9000,253000000,258087833,27.98
10/10/2017,1100,30760000,27.5(-2.48 %),3100,86760000,2000,56000000,258087753,27.98
11/10/2017,87000,2445150000,28.4(2.53 %),100000,2813950000,13000,368800000,257997763,27.98
12/10/2017,95050,2771445000,29.8(6.05 %),101050,2949645000,6000,178200000,257905713,27.99
16/10/2017,-5600,-167040000,29.5(-1.67 %),5000,148500000,10600,315540000,257915713,27.99
17/10/2017,-21300,-637720000,29.8(0.68 %),600,17760000,21900,655480000,257921113,27.99
18/10/2017,-19190,-566916000,29.3(-2.33 %),810,23884000,20000,590800000,257940303,27.99
19/10/2017,-19960,-576887500,29(-2.03 %),640,18612500,20600,595500000,257950263,27.99
20/10/2017,-5000,-144800000,29(0.35 %),5000,146000000,10000,290800000,257967163,27.98
23/10/2017,-2600,-75520000,27.7(-4.48 %),400,11180000,3000,86700000,257986763,27.98
24/10/2017,19900,553410000,27.7(-1.42 %),19900,553410000,0,0,257987463,27.98
25/10/2017,14300,402900000,28.5(2.89 %),14300,402900000,0,0,257983163,27.98
26/10/2017,26000,728720000,28(-0.71 %),26000,728720000,0,0,257960163,27.99
27/10/2017,1400,38920000,27.8(-0.36 %),1400,38920000,0,0,257958763,27.99
30/10/2017,-15900,-432340000,26.9(-3.58 %),200,5580000,16100,437920000,257958563,27.99
31/10/2017,100500,2700780000,26.7(-2.55 %),100500,2700780000,0,0,257858063,27.99
01/11/2017,3300,88430000,26.5(-0.75 %),3300,88430000,0,0,257854763,27.99
02/11/2017,1463,39042100,26.5(-0.38 %),1800,47980000,337,8937900,257869063,27.99
03/11/2017,100,2470000,27.2(1.87 %),700,18790000,600,16320000,257868363,27.99
06/11/2017,-22000,-600200000,27.4(1.48 %),3000,82500000,25000,682700000,257865363,27.99
07/11/2017,-9000,-248800000,27.6(1.10 %),6000,165620000,15000,414420000,257859700,27.99
08/11/2017,-11000,-300960000,27.4(-0.72 %),2900,79600000,13900,380560000,257857400,27.99
09/11/2017,-4690,-126463000,27.1(-0.73 %),3610,98197000,8300,224660000,257878790,27.99
10/11/2017,-8896,-255323200,28.9(6.25 %),7704,224856800,16600,480180000,257886086,27.99
13/11/2017,-18134,-541066400,29.5(1.72 %),1866,55053600,20000,596120000,257898120,27.99
14/11/2017,-10683,-311838500,29.1(-2.02 %),9317,273661500,20000,585500000,257897103,27.99
15/11/2017,-2783,-82537000,28.6(-2.39 %),14417,415323000,17200,497860000,257899286,27.99
16/11/2017,50705,1502917800,29.6(3.14 %),100508,2963426000,49803,1460508200,257818778,28.0
17/11/2017,6737,190772900,29.3(-0.34 %),66803,1960708500,60066,1769935600,257771975,28.0
20/11/2017,1118,32872800,29.5(0.00 %),1118,32872800,0,0,257788057,28.0
21/11/2017,4539,132709600,30.5(3.39 %),7039,207799600,2500,75090000,257830821,28.0
22/11/2017,65079,2080965900,33.5(10.93 %),129417,4170559500,64338,2089593600,257761470,28.0
23/11/2017,73416,2431571900,33(1.23 %),108959,3620012400,35543,1188440500,257652511,28.01
24/11/2017,20700,684940000,33(-0.90 %),20900,691500000,200,6560000,257634111,28.01
27/11/2017,-50667,-1780051400,34.7(5.79 %),129400,4428100000,180067,6208151400,257569049,28.02
28/11/2017,2210,89850000,33.8(-1.17 %),34010,1164570000,31800,1074720000,257570582,28.02
29/11/2017,27910,955065000,34.6(1.17 %),29610,1013545000,1700,58480000,257541172,28.02
30/11/2017,-6340,-237193900,36.2(5.23 %),11770,423584000,18110,660777900,257709469,28.01
01/12/2017,77720,2909641000,38.1(6.72 %),201820,7590631000,124100,4680990000,257539449,28.02
04/12/2017,18880,760688000,40.2(6.91 %),61180,2426058000,42300,1665370000,257479969,28.02
05/12/2017,-1000,11180000,38.6(-2.28 %),37500,1550370000,38500,1539190000,257460579,28.03
06/12/2017,13061,501827000,38.1(-4.99 %),36071,1380592000,23010,878765000,257548608,28.02
07/12/2017,-23740,-924050000,38.7(1.57 %),1400,53840000,25140,977890000,257589508,28.02
08/12/2017,9200,351730000,37.7(-2.58 %),9200,351730000,0,0,257618808,28.01
11/12/2017,-11500,-412020000,35.2(-7.85 %),8900,320220000,20400,732240000,257632918,28.01
12/12/2017,26200,923530000,35.7(-0.83 %),33800,1184580000,7600,261050000,257624258,28.01
13/12/2017,3200,108580000,35.5(2.31 %),8200,287380000,5000,178800000,257616058,28.01
14/12/2017,-19186,-746050400,37.8(7.08 %),20614,750109600,39800,1496160000,257615844,28.01
15/12/2017,-33700,-1278400000,38.3(3.51 %),17500,667150000,51200,1945550000,257605944,28.01
18/12/2017,700,28400000,38.9(2.10 %),7700,300900000,7000,272500000,257603244,28.01
19/12/2017,2300,87610000,37.9(-2.82 %),7900,300910000,5600,213300000,257635144,28.01
20/12/2017,3260,120432800,38.6(1.31 %),16400,624920000,13140,504487200,257669944,28.01
21/12/2017,44600,1746070000,38.9(1.57 %),48600,1903270000,4000,157200000,257628344,28.01
22/12/2017,-97300,-3689840000,38(-2.81 %),10700,407780000,108000,4097620000,257623244,28.01
25/12/2017,5500,209750000,38.1(0.00 %),7500,285750000,2000,76000000,257628884,28.01
26/12/2017,-40330,-1608354800,41.2(8.14 %),11170,456445200,51500,2064800000,257621714,28.01
27/12/2017,305169,12808274200,42.2(4.98 %),306469,12862834200,1300,54560000,257423245,28.03
28/12/2017,15190,658423000,43.5(3.57 %),16590,719123000,1400,60700000,257408655,28.03
29/12/2017,22900,983550000,43.2(-0.23 %),33200,1427590000,10300,444040000,257426955,28.03
02/01/2018,6000,272150000,46.8(8.58 %),6200,280880000,200,8730000,257422055,28.03
03/01/2018,13194,613846000,46(1.10 %),13274,617662000,80,3816000,257410181,28.03
04/01/2018,16710,779122200,46.9(0.43 %),17810,829772200,1100,50650000,257402671,28.03
05/01/2018,8880,425969000,47.9(2.79 %),15280,730329000,6400,304360000,257387591,28.03
08/01/2018,69520,3284197000,50.9(6.71 %),148620,7278577000,79100,3994380000,257239051,28.04
09/01/2018,7370,374933000,51(2.82 %),20500,1053970000,13130,679037000,257219651,28.05
10/01/2018,-33290,-1623149000,49.3(-3.90 %),27720,1385504000,61010,3008653000,257198331,28.05
11/01/2018,-2900,-145210000,50.7(2.01 %),1800,87310000,4700,232520000,257275631,28.04
12/01/2018,-6990,-362125000,51.3(3.22 %),2010,103675000,9000,465800000,257286751,28.04
15/01/2018,227563,11733954400,52(0.97 %),227863,11749474400,300,15520000,257119898,28.05
16/01/2018,14800,776541000,52.6(1.94 %),15130,793875000,330,17334000,257109468,28.05
17/01/2018,17100,918570000,53(1.15 %),30300,1615430000,13200,696860000,257088168,28.06
18/01/2018,-10003,-519756300,52.8(-1.49 %),3700,193950000,13703,713706300,257084768,28.06
19/01/2018,84390,4622410000,56.7(8.62 %),112000,6127290000,27610,1504880000,256973098,28.07
22/01/2018,241360,15128482000,63.7(14.98 %),244160,15301352000,2800,172870000,256742138,28.08
23/01/2018,-20230,-1382079000,67.3(9.08 %),30320,2037116000,50550,3419195000,256725521,28.09
24/01/2018,1905,105192500,64.2(-4.61 %),24885,1599332500,22980,1494140000,256728246,28.09
25/01/2018,700,18940000,63.6(-1.55 %),85700,5506990000,85000,5488050000,256645346,28.09
26/01/2018,-4080,-253200000,62(-4.17 %),8020,503030000,12100,756230000,256687876,28.09
29/01/2018,-46680,-2885710000,61(-2.09 %),14020,863910000,60700,3749620000,256696836,28.09
30/01/2018,34740,2078391300,59(-4.38 %),73160,4360628000,38420,2282236700,256708676,28.09
31/01/2018,-27880,-1573000000,53.8(-9.58 %),10520,587270000,38400,2160270000,256710256,28.09
01/02/2018,-83806,-4230309000,51.2(-8.73 %),53100,2766850000,136906,6997159000,256717856,28.09
02/02/2018,185900,9367580000,53.2(2.31 %),195900,9875010000,10000,507430000,256560376,28.1
05/02/2018,12520,650014000,49.9(-2.16 %),17220,894014000,4700,244000000,256581556,28.1
06/02/2018,27920,1238266000,45.5(-12.50 %),43920,1955806000,16000,717540000,256674542,28.09
07/02/2018,30500,1505690000,50.5(13.23 %),51600,2549190000,21100,1043500000,256632942,28.09
08/02/2018,79730,3812218000,46.6(-5.67 %),79730,3812218000,0,0,256557912,28.1
09/02/2018,-777,-90598200,46.5(-3.12 %),43723,1883461800,44500,1974060000,256530189,28.1
12/02/2018,51400,2488250000,49.9(13.41 %),54400,2630220000,3000,141970000,256496889,28.1
13/02/2018,-45100,-2353110000,53(10.42 %),10900,569940000,56000,2923050000,256485989,28.11
21/02/2018,5407,294312900,54.9(5.58 %),8007,436692900,2600,142380000,256522482,28.1
22/02/2018,-3600,-197610000,52(-4.76 %),6300,332580000,9900,530190000,256519182,28.1
23/02/2018,1800,89140000,52.9(-0.19 %),9500,497580000,7700,408440000,256565682,28.1
26/02/2018,17150,912598200,52.8(0.57 %),19950,1060958200,2800,148360000,256548332,28.1
27/02/2018,39100,2136300000,57.6(8.27 %),58200,3204230000,19100,1067930000,256500032,28.1
28/02/2018,-50623,-2912122800,57.8(3.77 %),6977,399687200,57600,3311810000,256500755,28.1
01/03/2018,36700,2119710000,57.3(-0.52 %),38800,2241450000,2100,121740000,256464755,28.11
02/03/2018,5800,322000000,56.9(-1.04 %),25200,1413350000,19400,1091350000,256458655,28.11
05/03/2018,22650,1276192000,54(-3.74 %),26500,1494960000,3850,218768000,256489755,28.11
06/03/2018,21615,1198382500,55.9(-0.71 %),27515,1526822500,5900,328440000,256464340,28.11
07/03/2018,-31050,-1643910000,52.9(-4.17 %),22500,1240550000,53550,2884460000,256461240,28.11
08/03/2018,-264123,-13738973000,52.2(-3.33 %),10300,538590000,274423,14277563000,256454790,28.11
09/03/2018,11569,607273900,52.7(0.96 %),15200,799060000,3631,191786100,256445490,28.11
12/03/2018,-71500,-3774520000,52.2(-1.32 %),26500,1390880000,98000,5165400000,256472540,28.11
13/03/2018,-642300,-32785140000,51(-2.86 %),3300,170540000,645600,32955680000,256743663,28.08
14/03/2018,17470,879659000,50.8(-0.97 %),34580,1737024000,17110,857365000,256712714,28.09
15/03/2018,-760,-42844500,52.3(3.98 %),6800,353900000,7560,396744500,256803914,28.08
16/03/2018,43090,2324137000,52.2(-0.19 %),104100,5516250000,61010,3192113000,257345414,28.04
19/03/2018,-479674,-24464908400,50.6(-3.80 %),21326,1087681600,501000,25552590000,257341198,28.04
20/03/2018,-1257280,-61430032000,48.1(-5.87 %),37720,1849568000,1295000,63279600000,257311038,28.04
21/03/2018,-6300,-309350000,47.7(-2.65 %),27200,1287240000,33500,1596590000,257344848,28.04
22/03/2018,35900,1749230000,48.5(1.25 %),40400,1966830000,4500,217600000,257805448,28.0
23/03/2018,9800,456510000,46.9(-3.30 %),19700,914030000,9900,457520000,259080748,27.89
26/03/2018,6070,287695000,47.1(1.51 %),6200,293560000,130,5865000,259108048,27.89
27/03/2018,24510,1175930000,48.1(1.91 %),25910,1243610000,1400,67680000,259086638,27.89
28/03/2018,800,38180000,47.8(-0.62 %),800,38180000,0,0,259095738,27.89
29/03/2018,-3551,-171048600,48.7(2.10 %),4849,234021400,8400,405070000,259091019,27.89
30/03/2018,-387,-19296500,49.7(3.11 %),4613,227103500,5000,246400000,259087806,27.89
02/04/2018,5050,254102000,50(1.21 %),7750,389882000,2700,135780000,259080056,27.89
03/04/2018,1354,67292200,49(-2.97 %),4754,234452200,3400,167160000,259083702,27.89
04/04/2018,2594,125288800,49.2(0.00 %),7494,367498800,4900,242210000,259081208,27.89
05/04/2018,-3750,-184960000,48.3(-2.23 %),5900,286500000,9650,471460000,259078008,27.89
06/04/2018,82430,4007698000,48.6(0.00 %),89030,4327958000,6600,320260000,258992378,27.9
09/04/2018,-7600,-365570000,47.7(-1.85 %),6700,319770000,14300,685340000,258990578,27.9
10/04/2018,-3800,-184350000,48.5(1.68 %),4000,193400000,7800,377750000,258996228,27.9
11/04/2018,1000,44570000,48.1(-0.21 %),6200,299730000,5200,255160000,258996628,27.9
12/04/2018,2800,134310000,47.8(-1.24 %),4900,235320000,2100,101010000,259006028,27.9
13/04/2018,7400,350160000,46.8(-2.50 %),8900,420560000,1500,70400000,259004928,27.9
16/04/2018,400,18300000,46(-2.75 %),900,41400000,500,23100000,259009228,27.9
17/04/2018,101000,4641500000,46.2(0.43 %),101100,4646110000,100,4610000,258910228,27.91
18/04/2018,74700,3511870000,46.5(1.31 %),82800,3895460000,8100,383590000,258828928,27.91
19/04/2018,11400,487970000,42.2(0.00 %),11800,505130000,400,17160000,258817628,27.92
20/04/2018,3190,134140000,42.5(-0.70 %),3290,138360000,100,4220000,258814438,27.92
23/04/2018,10310,417600000,39(-7.14 %),10510,425720000,200,8120000,258812028,27.92
24/04/2018,19800,758720000,37.9(-7.56 %),19900,762520000,100,3800000,258792528,27.92
26/04/2018,16437,584759000,34.5(-9.45 %),16437,584759000,0,0,258776191,27.92
27/04/2018,7730,285187500,37.6(7.12 %),8530,314767500,800,29580000,258767861,27.92
02/05/2018,26000,984370000,37.2(1.92 %),26500,1003320000,500,18950000,258741461,27.92
03/05/2018,2940,106600000,36.7(-2.91 %),4640,168170000,1700,61570000,258736821,27.92
04/05/2018,9300,343300000,37(2.49 %),10300,380200000,1000,36900000,258727321,27.92
07/05/2018,7500,287880000,38.9(5.14 %),7500,287880000,0,0,258720321,27.92
08/05/2018,6625,257675000,38.5(0.00 %),6625,257675000,0,0,258715396,27.92
09/05/2018,78000,3015510000,38.8(-0.26 %),87200,3365230000,9200,349720000,258629196,27.93
10/05/2018,48404,1825904000,37(-3.65 %),53404,2016904000,5000,191000000,258575792,27.94
11/05/2018,107900,4046190000,37.9(0.26 %),109000,4087400000,1100,41210000,258466792,27.94
14/05/2018,113370,4302863200,38.1(2.42 %),114070,4329283200,700,26420000,258361922,27.95
15/05/2018,103413,3950984000,38.3(1.06 %),103450,3952390000,37,1406000,258263472,27.96
16/05/2018,97400,3693860000,37.6(-1.31 %),97400,3693860000,0,0,258167172,27.97
17/05/2018,1900,71580000,37.1(-1.85 %),8200,305100000,6300,233520000,258159672,27.97
18/05/2018,18098,647891600,36.1(-3.22 %),21708,777489600,3610,129598000,258138001,27.97
21/05/2018,0,-640000,35.5(-1.11 %),2000,71820000,2000,72460000,258136001,27.97
22/05/2018,-1292,-42840000,33(-8.08 %),3108,102990000,4400,145830000,258139193,27.97
23/05/2018,3401,110774800,32.8(-2.96 %),6801,219634800,3400,108860000,258136002,27.97
24/05/2018,-40680,-1327179000,32(-1.23 %),6320,208541000,47000,1535720000,258131682,27.97
25/05/2018,-8040,-246508000,30.6(-6.13 %),2060,65352000,10100,311860000,258134022,27.97
28/05/2018,-15500,-373650000,28(-11.11 %),41800,1253960000,57300,1627610000,258095622,27.97
29/05/2018,-4091,-122652500,30.9(8.80 %),3409,102107500,7500,224760000,258139213,27.97
30/05/2018,4800,144560000,30.4(2.01 %),4800,144560000,0,0,258144513,27.97
31/05/2018,2000,60630000,30.5(3.74 %),8600,259910000,6600,199280000,258193213,27.97
01/06/2018,-5282,-161541000,31.9(5.98 %),918,28659000,6200,190200000,258199795,27.97
04/06/2018,5204,169441600,33(5.43 %),5904,192401600,700,22960000,258193891,27.97
05/06/2018,16800,555040000,33.1(1.85 %),16800,555040000,0,0,258183691,27.97
06/06/2018,83500,2751640000,33.1(0.00 %),84100,2771330000,600,19690000,258105791,27.97
07/06/2018,184260,6390422000,36(9.76 %),196560,6816842000,12300,426420000,257909931,27.99
08/06/2018,43500,1605330000,37.2(6.90 %),56600,2090120000,13100,484790000,257853331,27.99
11/06/2018,77610,2848060000,36.1(-2.43 %),77700,2851390000,90,3330000,257776231,28.0
12/06/2018,93087,3232638300,35.2(-4.09 %),94087,3267238300,1000,34600000,257694444,28.01
13/06/2018,198810,7114519000,35.5(1.72 %),201210,7199669000,2400,85150000,257506334,28.02
14/06/2018,7023,242583500,34.4(-3.37 %),8050,278440000,1027,35856500,257498374,28.02
15/06/2018,203100,7181600000,35.2(1.44 %),204100,7216300000,1000,34700000,257295274,28.04
18/06/2018,48565,1696950000,34.3(-2.83 %),49600,1733140000,1035,36190000,257248074,28.04
19/06/2018,139000,4553220000,33.5(-3.18 %),139000,4553220000,0,0,257110101,28.05
20/06/2018,104900,3549470000,34.3(4.57 %),104900,3549470000,0,0,257006201,28.06
21/06/2018,26800,901300000,33.6(-0.30 %),27800,934800000,1000,33500000,256979436,28.07
22/06/2018,90272,3056979200,34.2(1.48 %),90272,3056979200,0,0,256889164,28.07
25/06/2018,89789,3088402700,34.4(1.78 %),91800,3157780000,2011,69377300,256797364,28.08
26/06/2018,7900,267040000,34(-1.16 %),8900,300740000,1000,33700000,256789464,28.08
27/06/2018,150500,5112370000,33.6(-0.59 %),154500,5247170000,4000,134800000,256634964,28.09
28/06/2018,159700,5354420000,33.4(-1.47 %),166800,5590470000,7100,236050000,256470175,28.11
29/06/2018,58300,1939470000,33.3(-0.60 %),59300,1972470000,1000,33000000,256411875,28.11
02/07/2018,14427,451063200,31.5(-5.12 %),14427,451063200,0,0,256401448,28.11
03/07/2018,11510,351358000,30(-5.06 %),15610,476518000,4100,125160000,256392938,28.11
04/07/2018,77300,2301860000,30.2(-0.66 %),83000,2471150000,5700,169290000,256310938,28.12
05/07/2018,25300,744500000,29.2(-2.01 %),35300,1038900000,10000,294400000,256275638,28.12
06/07/2018,51100,1522720000,30(1.69 %),54100,1609520000,3000,86800000,256225638,28.13
09/07/2018,13000,392910000,29.9(2.40 %),14000,422810000,1000,29900000,256217338,28.13
10/07/2018,9500,288310000,30.2(0.00 %),10000,303410000,500,15100000,256217338,28.13
11/07/2018,213547,6402008700,29.9(-1.32 %),213947,6413968700,400,11960000,256006391,28.14
12/07/2018,100,2970000,29.8(-0.33 %),100,2970000,0,0,256007291,28.14
13/07/2018,70241,2142871100,30.6(2.68 %),70641,2155111100,400,12240000,255937150,28.15
16/07/2018,9000,273780000,30.4(-0.33 %),9000,273780000,0,0,255928550,28.15
17/07/2018,-4100,-123940000,30.6(0.00 %),900,27110000,5000,151050000,255927650,28.15
18/07/2018,3500,110520000,32.2(5.92 %),4000,126420000,500,15900000,255924050,28.15
19/07/2018,59000,1934860000,33(4.10 %),66500,2178450000,7500,243590000,255857550,28.16
20/07/2018,4710,154092000,33(1.23 %),7210,236492000,2500,82400000,255855340,28.16
23/07/2018,9010,294417000,32.2(-3.01 %),10010,327127000,1000,32710000,255845830,28.16
24/07/2018,14100,450180000,31.9(-2.15 %),14700,469260000,600,19080000,255838630,28.16
25/07/2018,127700,4102100000,32.2(0.94 %),128100,4114980000,400,12880000,255713030,28.17
26/07/2018,82400,2635610000,32.2(0.31 %),87400,2796110000,5000,160500000,255626630,28.18
27/07/2018,160800,5399220000,34.4(7.50 %),161500,5423090000,700,23870000,255465730,28.19
30/07/2018,10718,389895200,36.7(8.58 %),12218,444445200,1500,54550000,255453912,28.19
31/07/2018,59800,2170430000,35.5(-2.74 %),59800,2170430000,0,0,255394112,28.19
01/08/2018,-1780,-61337000,37.3(3.04 %),10020,373723000,11800,435060000,255389792,28.19
02/08/2018,101400,3837710000,38.6(4.04 %),105500,3995780000,4100,158070000,255285792,28.2
03/08/2018,163400,6251500000,38.4(1.32 %),165400,6327710000,2000,76210000,255120392,28.22
06/08/2018,71500,2712800000,37.3(-2.36 %),71900,2727960000,400,15160000,255060292,28.22
07/08/2018,5300,195870000,36.3(-3.97 %),65400,2398260000,60100,2202390000,254998992,28.23
08/08/2018,6500,242090000,37.8(3.00 %),14000,522940000,7500,280850000,254986992,28.23
09/08/2018,14400,547670000,37.6(0.53 %),15500,588920000,1100,41250000,254971892,28.23
10/08/2018,-100600,-3742290000,37.2(-1.85 %),3000,111420000,103600,3853710000,255028992,28.22
13/08/2018,-211500,-7834810000,36.9(-0.81 %),84300,3130060000,295800,10964870000,254952192,28.23
14/08/2018,80900,3104910000,39.6(6.74 %),88200,3377710000,7300,272800000,254865092,28.24
15/08/2018,-26000,-999120000,38.6(-0.26 %),15700,623640000,41700,1622760000,254891092,28.24
16/08/2018,74300,2894260000,39.3(-0.25 %),75800,2951560000,1500,57300000,255172992,28.21
17/08/2018,7200,284390000,39.2(1.55 %),7200,284390000,0,0,255165792,28.21
20/08/2018,66200,2683160000,40.3(2.54 %),67500,2735610000,1300,52450000,255147292,28.21
21/08/2018,17210,690380000,40(-0.99 %),17310,694380000,100,4000000,255131482,28.22
22/08/2018,27920,1114856000,39.4(-1.50 %),30820,1229936000,2900,115080000,255100662,28.22
23/08/2018,2950,115090000,39(-2.01 %),6400,250460000,3450,135370000,255095562,28.22
24/08/2018,-24500,-946680000,39.2(0.00 %),3400,131170000,27900,1077850000,255092262,28.22
27/08/2018,-59500,-2341540000,38.9(0.52 %),30500,1201250000,90000,3542790000,255064662,28.22
28/08/2018,-24160,-944248000,38.9(-1.02 %),2040,79972000,26200,1024220000,255066072,28.22
29/08/2018,-7170,-278593000,38.8(-0.77 %),2230,86507000,9400,365100000,255091742,28.22
30/08/2018,900,36690000,39.7(2.32 %),6300,248790000,5400,212100000,255175442,28.21
31/08/2018,2400,95400000,39.8(1.02 %),11400,454390000,9000,358990000,255190242,28.21
04/09/2018,7900,310110000,39(-2.74 %),7900,310110000,0,0,259349256,27.87
05/09/2018,-1600,-61810000,38.5(-2.04 %),900,34950000,2500,96760000,255196242,28.21
06/09/2018,54700,2038830000,37(-4.15 %),56200,2094780000,1500,55950000,255149042,28.21
07/09/2018,4300,160355000,37.8(1.07 %),5400,201395000,1100,41040000,255143642,28.21
10/09/2018,9000,339350000,37.7(0.80 %),9400,354490000,400,15140000,255136742,28.22
11/09/2018,134500,5148430000,38.6(2.12 %),136700,5231590000,2200,83160000,255001542,28.23
12/09/2018,1900,74200000,38(-0.52 %),12900,496480000,11000,422280000,254989742,28.23
13/09/2018,-3800,-143320000,37.7(-1.82 %),3800,144360000,7600,287680000,0,0.0
14/09/2018,-28900,-1092790000,37.9(0.00 %),2500,94680000,31400,1187470000,254986042,28.23
17/09/2018,3000,112900000,37.5(-0.79 %),3000,112900000,0,0,254994042,28.23
18/09/2018,56790,2137267000,38(1.06 %),57800,2175140000,1010,37873000,254943842,28.23
19/09/2018,-100110,-3812163000,38(1.60 %),5000,190500000,105110,4002663000,254970242,28.23
20/09/2018,-51296,-1942608800,38.8(1.84 %),3404,129011200,54700,2071620000,255021538,28.22
21/09/2018,-53586,-2103215800,39.4(2.87 %),9085,358966000,62671,2462181800,254958763,28.23
24/09/2018,34210,1351516500,41.3(4.82 %),50510,2020746500,16300,669230000,255013363,28.23
25/09/2018,35850,1487230000,41.2(1.48 %),37450,1553500000,1600,66270000,255030613,28.22
26/09/2018,-141300,-5798990000,40.8(-1.45 %),52900,2177050000,194200,7976040000,255040384,28.22
27/09/2018,-128100,-5196250000,40.7(-0.97 %),13400,545560000,141500,5741810000,255043284,28.22
28/09/2018,23508,975099600,41.3(1.72 %),40108,1661009600,16600,685910000,255004776,28.23
01/10/2018,-5490,-220510000,41(-0.97 %),28110,1170900000,33600,1391410000,255170866,28.21
02/10/2018,-110100,-4445550000,39.9(-3.86 %),1900,76420000,112000,4521970000,255280966,28.2
03/10/2018,2560,101697500,39.4(-1.99 %),2600,103290000,40,1592500,255324466,28.2
04/10/2018,-2600,-104020000,39.9(0.76 %),600,23980000,3200,128000000,255327066,28.2
05/10/2018,-8000,-317280000,39.4(-1.25 %),2000,79200000,10000,396480000,255467466,28.19
08/10/2018,-17000,-655690000,38.2(-3.54 %),3900,149560000,20900,805250000,255463606,28.19
09/10/2018,17500,672100000,38.5(0.26 %),17500,672100000,0,0,255449306,28.19
10/10/2018,-3100,-120360000,38.4(-0.26 %),4800,183650000,7900,304010000,255454506,28.19
11/10/2018,-6450,-231360000,35(-8.62 %),3850,135220000,10300,366580000,255471556,28.19
12/10/2018,-4490,-163530000,36.4(2.25 %),4010,143570000,8500,307100000,255467546,28.19
15/10/2018,41700,1487910000,35.6(0.00 %),51200,1827360000,9500,339450000,255424246,28.19
16/10/2018,37920,1365850000,36(0.56 %),43020,1549420000,5100,183570000,255391526,28.19
17/10/2018,11800,427040000,36.1(0.28 %),13900,504100000,2100,77060000,255386126,28.2
18/10/2018,17600,629490000,35.7(-1.92 %),17600,629490000,0,0,255378026,28.2
19/10/2018,53500,1897110000,35.6(-0.28 %),54800,1942220000,1300,45110000,255328326,28.2
22/10/2018,14200,501100000,34.7(-0.86 %),14200,501100000,0,0,255316226,28.2
23/10/2018,-3100,-116260000,34.1(-3.12 %),11700,396110000,14800,512370000,255304526,28.2
24/10/2018,4800,163360000,33.3(-1.77 %),4900,166740000,100,3380000,255302426,28.2
25/10/2018,13500,439830000,32.6(-3.26 %),14000,456330000,500,16500000,255288426,28.2
26/10/2018,3400,110500000,32.4(0.93 %),3400,110500000,0,0,255299826,28.2
29/10/2018,100,3200000,32(-1.54 %),100,3200000,0,0,255299826,28.2
30/10/2018,80000,2560140000,32.3(0.62 %),82400,2637380000,2400,77240000,255217926,28.21
31/10/2018,13228,438333100,33.5(4.69 %),13228,438333100,0,0,255204698,28.21
01/11/2018,60658,1970144800,32.3(-2.42 %),60658,1970144800,0,0,255144040,28.21
02/11/2018,59400,1944580000,32.9(1.23 %),59400,1944580000,0,0,255087040,28.22
05/11/2018,73000,2386500000,32.8(0.61 %),92700,3017670000,19700,631170000,254994340,28.23
06/11/2018,61500,2000020000,32.6(0.62 %),61500,2000020000,0,0,254932840,28.23
07/11/2018,10500,339330000,32.3(-0.62 %),10500,339330000,0,0,254922340,28.23
08/11/2018,73708,2432823400,33.1(2.48 %),79908,2638043400,6200,205220000,254862132,28.24
09/11/2018,13100,442170000,33.6(2.13 %),13600,459220000,500,17050000,254848532,28.24
12/11/2018,-18500,-605110000,32.9(-2.37 %),18200,600220000,36700,1205330000,254830332,28.24
13/11/2018,-39200,-1257860000,32(-2.74 %),40200,1286290000,79400,2544150000,254796332,28.24
14/11/2018,5600,176020000,31.1(-3.12 %),5600,176020000,0,0,254791232,28.24
15/11/2018,-6100,-188960000,31(-1.27 %),900,28080000,7000,217040000,254827032,28.24
16/11/2018,10650,335715000,31.4(1.29 %),10650,335715000,0,0,254895782,28.24
19/11/2018,-11200,-353260000,32.3(2.87 %),5800,185640000,17000,538900000,254889982,28.24
20/11/2018,7800,246950000,31.6(-0.94 %),7800,246950000,0,0,254889182,28.24
21/11/2018,122000,3935400000,33(4.43 %),122000,3935400000,0,0,254767182,28.25
22/11/2018,115900,3806570000,32.7(1.24 %),118000,3875660000,2100,69090000,254666182,28.25
23/11/2018,56320,1836902000,32.2(-1.83 %),56320,1836902000,0,0,254609862,28.26
26/11/2018,171600,5669100000,33(1.85 %),171600,5669100000,0,0,254438262,28.27
27/11/2018,18300,606790000,32.6(-0.91 %),31300,1029290000,13000,422500000,254409062,28.27
28/11/2018,3100,101370000,32.8(0.00 %),3100,101370000,0,0,254405962,28.28
29/11/2018,70000,2360620000,33.6(2.13 %),71000,2394620000,1000,34000000,254335962,28.28
30/11/2018,62200,2098760000,33.8(0.00 %),62200,2098760000,0,0,254273762,28.29
03/12/2018,71900,2489900000,34.7(2.97 %),72400,2507250000,500,17350000,254213362,28.29
04/12/2018,64000,2208030000,34.6(0.58 %),65000,2242350000,1000,34320000,254149362,28.3
05/12/2018,41028,1406117600,34.3(-0.87 %),42528,1457567600,1500,51450000,254106834,28.3
06/12/2018,25460,871480000,34.4(0.88 %),25500,872860000,40,1380000,254081834,28.3
07/12/2018,236500,8243990000,34.9(1.75 %),236700,8250990000,200,7000000,253846134,28.32
10/12/2018,-19200,-659060000,34.2(-1.72 %),33600,1155630000,52800,1814690000,253814034,28.32
11/12/2018,9800,333500000,34(-0.87 %),9800,333500000,0,0,253804274,28.32
12/12/2018,1000,33930000,34(-0.29 %),1600,54400000,600,20470000,253802874,28.32
13/12/2018,72200,2510700000,34.6(1.47 %),73200,2545300000,1000,34600000,253782474,28.33
14/12/2018,70600,2425030000,34.2(-1.44 %),76800,2638620000,6200,213590000,253705674,28.33
17/12/2018,2700,93780000,33(-3.79 %),12700,431780000,10000,338000000,253693574,28.33
18/12/2018,4900,160120000,32.9(-2.08 %),5100,166620000,200,6500000,253689474,28.33
19/12/2018,43000,1415760000,33.2(1.84 %),43000,1415760000,0,0,253652674,28.34
20/12/2018,30000,988230000,33.1(0.61 %),30000,988230000,0,0,253632674,28.34
21/12/2018,61000,2006750000,32.8(-0.30 %),61000,2006750000,0,0,253571874,28.34
24/12/2018,71800,2367260000,33(0.61 %),102800,3384780000,31000,1017520000,253469074,28.35
25/12/2018,35300,1129200000,32(-2.74 %),39300,1257200000,4000,128000000,253429774,28.35
26/12/2018,146300,4777650000,32.9(3.13 %),146300,4777650000,0,0,253283474,28.37
27/12/2018,63090,2092837000,33.1(1.53 %),63100,2093170000,10,333000,253251374,28.37
28/12/2018,42700,1416630000,33(-0.60 %),43200,1433230000,500,16600000,253212174,28.37
02/01/2019,287710,10180279000,35.7(7.85 %),301710,10669999000,14000,489720000,252910464,28.4
03/01/2019,-127400,-4496140000,34.4(-2.55 %),72000,2499040000,199400,6995180000,253037864,28.39
04/01/2019,46500,1616050000,34.8(-0.29 %),54500,1890800000,8000,274750000,252991364,28.39
07/01/2019,31100,1099070000,35.5(2.60 %),43000,1517450000,11900,418380000,252960264,28.39
08/01/2019,46500,1639950000,35.5(0.57 %),55000,1940340000,8500,300390000,252913764,28.4
10/01/2019,62400,2311900000,37.1(1.09 %),62600,2319300000,200,7400000,252851364,28.4
11/01/2019,28900,1068440000,37(0.00 %),39900,1475440000,11000,407000000,252822464,28.4
14/01/2019,12000,437180000,36.5(-1.35 %),12000,437180000,0,0,252810464,0.01
15/01/2019,-12300,-451510000,36.8(0.82 %),0,0,12300,451510000,252822764,0.01
16/01/2019,25000,924000000,37.2(1.36 %),25000,924000000,0,0,252797764,0.01
17/01/2019,57651,2133847000,36.9(-0.54 %),60151,2226347000,2500,92500000,252740113,0.01
18/01/2019,27200,987580000,36(-2.70 %),27200,987580000,0,0,252712913,0.01
21/01/2019,24000,866060000,36.5(0.55 %),24900,898550000,900,32490000,252688913,0.01
22/01/2019,186200,6931810000,37.7(3.86 %),187200,6969610000,1000,37800000,252502713,0.02
24/01/2019,20400,768500000,37.5(-1.06 %),20400,768500000,0,0,252482313,0.01
25/01/2019,9933,372817500,37.2(-1.06 %),32933,1228977500,23000,856160000,252472380,0.01
28/01/2019,50200,1873350000,37.5(0.54 %),59600,2224350000,9400,351000000,252422180,3.29
29/01/2019,40230,1499754000,37.7(0.80 %),40230,1499754000,0,0,252381950,3.29
30/01/2019,64900,2489410000,38.6(2.66 %),70000,2685050000,5100,195640000,252317050,3.29
31/01/2019,336820,13103312000,39.1(1.82 %),337020,13111072000,200,7760000,251980230,3.31
01/02/2019,-1500,-58160000,39(0.26 %),2000,78000000,3500,136160000,292298472,0.0
11/02/2019,67500,2673900000,39.8(2.31 %),67600,2677870000,100,3970000,292230972,0.01
12/02/2019,150500,5951410000,39.6(0.00 %),150500,5951410000,0,0,292080472,0.01
13/02/2019,379308,15468938800,41(3.54 %),381908,15575578800,2600,106640000,291701164,0.03
14/02/2019,21900,891990000,40.6(-0.49 %),23300,949050000,1400,57060000,291679264,0.0
15/02/2019,32700,1319690000,40.3(-1.23 %),34900,1409010000,2200,89320000,291646564,0.0
18/02/2019,181069,7295875100,40.5(0.25 %),183820,7407169000,2751,111293900,291465495,0.01
19/02/2019,-62700,-2498600000,38.4(-4.48 %),6900,274070000,69600,2772670000,291528195,0.0
20/02/2019,40273,1554118600,38.1(-3.05 %),119973,4591648600,79700,3037530000,291487922,0.0
21/02/2019,40900,1588310000,39(2.09 %),40900,1588310000,0,0,291447022,0.0
22/02/2019,50000,1946960000,39.1(0.77 %),87500,3405720000,37500,1458760000,291397022,0.0
25/02/2019,7766,301374500,38.7(-0.51 %),12200,474300000,4434,172925500,291389256,0.0
26/02/2019,7610,295737000,38.8(-0.51 %),9910,384627000,2300,88890000,291381646,0.0
27/02/2019,287760,11416372000,40.2(3.61 %),295500,11720560000,7740,304188000,291093886,0.02
28/02/2019,18700,745930000,39.2(-1.75 %),18800,749910000,100,3980000,291075186,9.48
01/03/2019,-26800,-1067130000,40.5(1.76 %),2000,80200000,28800,1147330000,291074146,0.0
04/03/2019,143808,6023100100,42.9(6.98 %),151208,6339420100,7400,316320000,290930338,0.01
05/03/2019,31591,1349169300,42.6(0.71 %),39000,1665680000,7409,316510700,290898747,0.0
06/03/2019,-2682,-112656900,42.4(-0.47 %),3000,126150000,5682,238806900,290901429,0.0
07/03/2019,4918,209913200,42(-0.24 %),8118,346813200,3200,136900000,290896511,0.0
08/03/2019,8741,360364400,40.8(-3.55 %),8841,364474400,100,4110000,290887770,0.0
11/03/2019,-6030,-244425000,40.8(-0.73 %),2900,118410000,8930,362835000,290893800,0.0
12/03/2019,122099,5026239000,41.2(0.73 %),125410,5162610000,3311,136371000,290771701,0.01
13/03/2019,-24300,-996590000,40.8(-0.73 %),13200,541110000,37500,1537700000,290796001,0.0
14/03/2019,-28500,-1160020000,42(2.69 %),1800,74720000,30300,1234740000,290824501,0.0
15/03/2019,27450,1144641600,42.3(2.42 %),71200,2976790000,43750,1832148400,290797051,0.0
18/03/2019,-29600,-1274000000,43.3(3.34 %),1800,77270000,31400,1351270000,290826651,0.0
19/03/2019,10,-6497000,42.2(-2.09 %),36210,1542383000,36200,1548880000,290826641,0.0
20/03/2019,-2910,-122182800,42.3(-0.70 %),490,20617200,3400,142800000,290829551,0.0
21/03/2019,281700,11854050000,41.2(-1.90 %),284800,11984710000,3100,130660000,290547851,0.02
22/03/2019,169890,7046906600,41.5(-1.19 %),184200,7638330000,14310,591423400,290377961,0.01
25/03/2019,270799,10935528700,40.6(-1.69 %),270910,10940022000,111,4493300,290107162,0.02
26/03/2019,-11400,-460710000,40.5(0.50 %),300,12090000,11700,472800000,290118562,0.0
27/03/2019,200600,8220760000,41(1.49 %),200700,8224850000,100,4090000,289917962,0.02
28/03/2019,108800,4451520000,41(0.00 %),108800,4451520000,0,0,289809162,0.01
29/03/2019,141700,5840760000,41(0.24 %),141900,5848990000,200,8230000,289667462,0.01
01/04/2019,126300,5177550000,40.9(-0.73 %),161800,6633800000,35500,1456250000,289542102,0.01
02/04/2019,231500,9483900000,40.9(-0.49 %),232000,9504400000,500,20500000,289310602,0.02
03/04/2019,60,2686000,40.6(-0.98 %),2360,95836000,2300,93150000,289310542,0.0
04/04/2019,4500,184730000,41(0.99 %),7500,307830000,3000,123100000,289306042,0.0
05/04/2019,-500,-20500000,41(0.00 %),0,0,500,20500000,289306542,0.0
08/04/2019,-12300,-505330000,41.1(0.49 %),8900,364010000,21200,869340000,289318842,0.0
09/04/2019,33500,1372750000,40.3(-1.95 %),50500,2068230000,17000,695480000,289285342,0.0
10/04/2019,44800,1769590000,39.5(-2.95 %),49700,1965590000,4900,196000000,289240542,0.0
11/04/2019,5600,220550000,39.1(-1.51 %),5600,220550000,0,0,289234942,0.0
12/04/2019,-9149,-342219200,40.9(4.60 %),27000,1054280000,36149,1396499200,289244091,0.0
16/04/2019,54800,2254800000,41.2(2.49 %),54800,2254800000,0,0,289189291,0.0
17/04/2019,111000,4548700000,40.4(-1.46 %),131000,5360700000,20000,812000000,289078291,0.01
18/04/2019,37400,1497230000,40.2(-1.47 %),37400,1497230000,0,0,289040891,0.0
19/04/2019,12000,486900000,40.6(1.25 %),12000,486900000,0,0,289028891,0.0
22/04/2019,1100,44660000,40.3(-0.25 %),1100,44660000,0,0,289027791,0.0
07/05/2019,43120,1781370500,40.5(-0.25 %),43620,1802045500,500,20675000,289063491,9.62
08/05/2019,26190,1040450000,39.35(-2.84 %),28970,1150960000,2780,110510000,288990901,9.62
09/05/2019,-8850,-345400500,39.15(-0.51 %),8350,331419500,17200,676820000,289046151,9.62
10/05/2019,-1600,-61370000,39.1(-0.13 %),4100,159930000,5700,221300000,288978951,9.62
13/05/2019,241010,9573183500,40.1(2.56 %),273250,10851762000,32240,1278578500,288806741,9.64
14/05/2019,473640,19293220000,41.2(2.74 %),478420,19488240000,4780,195020000,288247261,9.68
15/05/2019,47980,1974413000,40.8(-0.97 %),47980,1974413000,0,0,288285121,9.67
16/05/2019,3020,123530000,40.6(-0.49 %),3020,123530000,0,0,288234201,9.68
17/05/2019,2150,87670000,40.6(0.00 %),8660,352830000,6510,265160000,288230321,9.68
20/05/2019,78500,3211260000,41.15(1.35 %),108480,4441810000,29980,1230550000,288121841,9.69
21/05/2019,200320,8457840000,42.3(2.79 %),201600,8511660000,1280,53820000,287920241,9.7
22/05/2019,413530,17725040000,42.6(0.71 %),419930,17998070000,6400,273030000,287506821,9.73
23/05/2019,154050,6567640000,42.8(0.47 %),197010,8397820000,42960,1830180000,287339791,9.74
24/05/2019,323830,13915232500,42.85(0.12 %),355880,15292465500,32050,1377233000,287015961,28.76
27/05/2019,168600,7240239000,43.4(1.28 %),169820,7292519000,1220,52280000,286847361,9.78
28/05/2019,178310,7888090000,45(3.69 %),191520,8467760000,13210,579670000,286673211,9.79
29/05/2019,202950,9043267000,44.4(-1.33 %),232950,10390267000,30000,1347000000,286466101,9.8
30/05/2019,351880,15770470000,44.85(1.01 %),375380,16824150000,23500,1053680000,286098151,9.83
31/05/2019,487670,21379040000,43.45(-3.12 %),544470,23878960000,56800,2499920000,285566891,9.87
03/06/2019,43360,1847550000,41.1(-5.41 %),51460,2186130000,8100,338580000,285545431,9.87
04/06/2019,27000,1127636500,41.45(0.85 %),33230,1386277500,6230,258641000,285518431,9.87
05/06/2019,134420,5668920000,42(1.33 %),138180,5827592000,3760,158672000,285384011,9.88
06/06/2019,15410,643963500,41.5(-1.19 %),15410,643963500,0,0,285368601,9.88
07/06/2019,231960,9857450000,43.2(4.10 %),243020,10324840000,11060,467390000,285210221,9.89
10/06/2019,220570,9566100000,43.25(0.12 %),247670,10741940000,27100,1175840000,284966311,9.91
11/06/2019,46810,2031842000,43.3(0.12 %),47010,2040547000,200,8705000,284869261,9.91
12/06/2019,18600,810430000,43.4(0.23 %),43600,1891680000,25000,1081250000,284886761,9.91
13/06/2019,-190640,-8147998500,42.15(-2.88 %),46180,1968427000,236820,10116425500,285091341,9.9
14/06/2019,-2260,-92135500,42.75(1.42 %),119110,5051355000,121370,5143490500,285093601,28.9
17/06/2019,-5690,-241570000,42.2(-1.29 %),6320,267580000,12010,509150000,284867425,9.91
18/06/2019,8800,373600000,42.5(0.71 %),14100,596660000,5300,223060000,285090145,9.9
19/06/2019,-15430,-661561500,42.85(0.82 %),223480,9605467900,238910,10267029400,285105921,28.9
20/06/2019,46450,2012688000,43.6(1.75 %),60110,2606343500,13660,593655500,285059471,9.9
21/06/2019,-82050,-3548809500,43.2(-0.92 %),54010,2349217500,136060,5898027000,285141521,9.9
24/06/2019,12760,550600000,42.9(-0.69 %),12780,551460000,20,860000,285017355,9.9
25/06/2019,42230,1801410000,42.2(-1.63 %),87570,3725700000,45340,1924290000,284943445,9.91
26/06/2019,-22710,-945936500,41.55(-1.54 %),31290,1314401500,54000,2260338000,285109241,9.9
27/06/2019,56310,2351489500,41.2(-0.84 %),86390,3604933500,30080,1253444000,285052931,28.9
28/06/2019,120660,5018667500,42(1.94 %),154400,6409229500,33740,1390562000,284932271,28.91
01/07/2019,-23480,-989840000,42(0.00 %),7810,328540000,31290,1318380000,284898975,9.91
02/07/2019,2720,114600000,42(0.00 %),2720,114600000,0,0,284926335,9.91
03/07/2019,1720,71820000,41.8(-0.48 %),1720,71820000,0,0,284958355,9.91
04/07/2019,43350,1830140000,42.3(1.20 %),67370,2844284000,24020,1014144000,284858995,9.92
05/07/2019,16290,688940000,42.2(-0.24 %),18500,782630000,2210,93690000,284903775,9.91
08/07/2019,103870,4377861000,42.9(1.66 %),103870,4377861000,0,0,284738835,9.92
09/07/2019,17470,747220000,42.8(-0.23 %),22500,963250000,5030,216030000,284801425,9.92
10/07/2019,336550,14593490000,43.25(1.05 %),338850,14693470000,2300,99980000,284464785,9.94
11/07/2019,425840,18542071000,43.7(1.04 %),428300,18648581000,2460,106510000,283958975,9.98
12/07/2019,301160,13253100000,43.9(0.46 %),304740,13409800000,3580,156700000,283736775,9.99
15/07/2019,41390,1810120000,43.75(-0.34 %),43550,1904700000,2160,94580000,283695525,10.0
16/07/2019,86410,3645428000,42.1(-3.77 %),114960,4850134500,28550,1204706500,283530015,10.01
17/07/2019,236630,10019490000,42.5(0.95 %),252140,10676470000,15510,656980000,283334465,10.02
18/07/2019,21450,909590000,42.5(0.00 %),21450,909590000,0,0,283315175,10.02
19/07/2019,10,914500,42.05(-1.06 %),6160,260137000,6150,259222500,283271925,10.03
22/07/2019,57360,2408661000,42(-0.12 %),67800,2848096500,10440,439435500,283214565,10.03
23/07/2019,51700,2199230000,42.7(1.67 %),59540,2531510000,7840,332280000,283225735,10.03
24/07/2019,65710,2805170000,42.5(-0.47 %),72370,3089620000,6660,284450000,283159515,10.04
25/07/2019,82730,3536380000,42.8(0.71 %),96680,4130340000,13950,593960000,283073275,10.04
26/07/2019,126420,5404070000,42.75(-0.12 %),127310,5442160000,890,38090000,282953805,10.05
29/07/2019,4770,202954000,42.5(-0.58 %),20930,887827000,16160,684873000,282883235,10.05
30/07/2019,-27210,-1142020000,41.9(-1.41 %),10590,446750000,37800,1588770000,282942895,10.05
31/07/2019,29120,1210170000,41.65(-0.60 %),31990,1328990000,2870,118820000,282911795,10.05
01/08/2019,-5720,-239630000,41.2(-1.08 %),13880,575070000,19600,814700000,282927955,10.05
02/08/2019,-10280,-409160000,40(-2.91 %),8450,343114000,18730,752274000,282938235,10.05
05/08/2019,-34270,-1377945000,40.05(0.12 %),6880,276322000,41150,1654267000,282972505,10.05
06/08/2019,-20230,-795012500,38.8(-3.12 %),16520,647512000,36750,1442524500,282992735,10.05
07/08/2019,-79020,-3097896500,39.2(1.03 %),15600,611593000,94620,3709489500,283071755,10.04
08/08/2019,40820,1615530000,39.95(1.91 %),60000,2369620000,19180,754090000,282926775,10.05
09/08/2019,-206680,-8154780000,39.35(-1.50 %),2820,111240000,209500,8266020000,282960705,10.05
12/08/2019,8690,343620000,39.4(0.13 %),39890,1575760000,31200,1232140000,283015435,10.05
13/08/2019,68060,2667905000,39.2(-0.51 %),102530,4022643000,34470,1354738000,283160865,10.04
14/08/2019,29150,1146190000,39.2(0.00 %),50520,1985600000,21370,839410000,283091065,10.04
15/08/2019,-48300,-1862540000,38.6(-1.53 %),1710,65160000,50010,1927700000,283120555,10.04
16/08/2019,-19390,-750796000,38.9(0.78 %),10810,419429000,30200,1170225000,283199405,10.03
19/08/2019,2330,90970000,39.05(0.39 %),33730,1316070000,31400,1225100000,283131855,10.04
20/08/2019,-36460,-1430120000,39(-0.13 %),550,21630000,37010,1451750000,283181315,10.03
21/08/2019,-19660,-771346500,39.3(0.77 %),4200,164109000,23860,935455500,283253195,10.03
22/08/2019,-54630,-2138810000,39(-0.76 %),1370,53510000,56000,2192320000,283237345,10.03
23/08/2019,-31880,-1228310000,38.6(-1.03 %),15760,607240000,47640,1835550000,283258595,10.03
26/08/2019,-5900,-230005500,37.5(-2.85 %),11270,423622500,17170,653628000,283345605,10.02
27/08/2019,-455110,-16608762500,36.05(-3.87 %),17900,656070500,473010,17264833000,283800715,9.99
28/08/2019,-145350,-5241510500,35.55(-1.39 %),16450,596362000,161800,5837872500,283946065,9.98
29/08/2019,-33040,-1180750000,36(1.27 %),210,7510000,33250,1188260000,283357435,10.02
30/08/2019,101390,3686476000,36.25(0.69 %),103910,3778456000,2520,91980000,283877715,9.98
03/09/2019,-63460,-2271549000,36(-0.69 %),18450,667608500,81910,2939157500,283888335,9.98
04/09/2019,-155020,-5478822000,35.15(-2.36 %),660,23455500,155680,5502277500,284043355,9.97
05/09/2019,-123240,-4362382000,35.15(0.00 %),7760,275285500,131000,4637667500,284166595,9.96
06/09/2019,-227870,-7866580000,34.3(-2.42 %),29650,1019810000,257520,8886390000,283972735,9.98
09/09/2019,-25470,-847670000,33.35(-2.77 %),15120,504220000,40590,1351890000,284113295,9.97
10/09/2019,-129710,-4191183500,32.3(-3.15 %),21600,701304500,151310,4892488000,284549645,9.94
11/09/2019,4930,162660000,32.85(1.70 %),16470,538990000,11540,376330000,284440505,9.94
12/09/2019,-8920,-300754500,34.2(4.11 %),19130,652225500,28050,952980000,284553635,9.94
13/09/2019,9320,318714000,34.2(0.00 %),9320,318714000,0,0,284544315,9.94
16/09/2019,-52950,-1778342000,33.3(-2.63 %),20050,668542500,73000,2446884500,284603265,9.93
17/09/2019,-57100,-1885580000,33(-0.90 %),10130,334290000,67230,2219870000,284613365,9.93
18/09/2019,-95250,-3194980000,33.5(1.52 %),8700,292110000,103950,3487090000,284610665,9.93
19/09/2019,1330,44950000,33.9(1.19 %),1330,44950000,0,0,284682335,9.93
20/09/2019,-26990,-903302000,33.35(-1.62 %),400,13498500,27390,916800500,284781275,9.92
23/09/2019,-41150,-1366790000,33.05(-0.90 %),3850,128090000,45000,1494880000,284849274,9.92
24/09/2019,5670,187750000,33.15(0.30 %),6460,214140000,790,26390000,284842814,9.92
25/09/2019,2300,76983000,33.2(0.15 %),5170,172201000,2870,95218000,284814455,9.92
26/09/2019,-126920,-4173024000,32.85(-1.05 %),650,21428000,127570,4194452000,284941375,9.91
27/09/2019,-30440,-999230000,32.8(-0.15 %),3180,104620000,33620,1103850000,284906994,9.91
30/09/2019,5130,170073500,33.6(2.44 %),6330,210383500,1200,40310000,284966685,9.91
01/10/2019,24660,825530000,33.6(0.00 %),29160,975840000,4500,150310000,285001944,9.91
02/10/2019,-191230,-6339813000,33.15(-1.34 %),11770,391713000,203000,6731526000,285222334,9.89
03/10/2019,-1350,-44610000,32.8(-1.06 %),1750,57380000,3100,101990000,285023244,9.9
04/10/2019,2420,80963000,33.15(1.07 %),5120,169733000,2700,88770000,285221264,9.89
07/10/2019,-21030,-691660000,32.65(-1.51 %),1230,40630000,22260,732290000,285224394,9.89
08/10/2019,-28690,-937100000,33.35(2.14 %),1760,57670000,30450,994770000,285225734,9.89
09/10/2019,-36490,-1268410000,34.8(4.35 %),820,28360000,37310,1296770000,285227614,9.89
10/10/2019,10500,373855000,35.45(1.87 %),12120,431464000,1620,57609000,285296974,9.88
11/10/2019,-19510,-684730000,35.1(-0.99 %),40,1400000,19550,686130000,285268164,9.89
14/10/2019,9310,327030000,35(-0.28 %),9420,330890000,110,3860000,285296061,9.88
15/10/2019,-14640,-516190000,35.7(2.00 %),7660,273420000,22300,789610000,285290021,9.88
16/10/2019,27390,982309000,35.75(0.14 %),39220,1406853000,11830,424544000,285294424,9.88
17/10/2019,-8700,-307490000,35.3(-1.26 %),6300,223160000,15000,530650000,285264160,9.89
18/10/2019,-17350,-604020000,34.7(-1.70 %),2650,92630000,20000,696650000,285283810,9.89
21/10/2019,2010,69040000,34.25(-1.30 %),2010,69040000,0,0,285293630,9.88
22/10/2019,31510,1099822000,35.25(2.92 %),37050,1293195000,5540,193373000,285286954,9.89
23/10/2019,50230,1775150000,34.9(-0.99 %),86330,3040610000,36100,1265460000,285205250,9.89
24/10/2019,12560,445725500,35.3(1.15 %),39520,1391261500,26960,945536000,285224164,9.89
25/10/2019,23170,824490000,35.6(0.85 %),65340,2319720000,42170,1495230000,285105930,9.9
28/10/2019,7220,256006500,35.1(-1.40 %),7220,256006500,0,0,285193774,9.89
29/10/2019,38150,1341775000,35.25(0.43 %),43170,1518477000,5020,176702000,285155624,9.89
30/10/2019,-66980,-2359055500,35.15(-0.28 %),36690,1291280500,103670,3650336000,285222604,9.89
31/10/2019,-46480,-1632394500,35(-0.43 %),52410,1836252500,98890,3468647000,285269084,9.89
01/11/2019,103020,3751880000,36.5(4.29 %),256340,9319370000,153320,5567490000,284820350,9.92
04/11/2019,181040,6609757000,36.45(-0.14 %),340270,12395190500,159230,5785433500,284895650,9.91
05/11/2019,27740,1009360000,36.45(0.00 %),32850,1195310000,5110,185950000,284649790,9.93
06/11/2019,440,15751000,35.9(-1.51 %),2940,106576000,2500,90825000,284867470,9.91
07/11/2019,44470,1609811500,36.2(0.84 %),48550,1757391500,4080,147580000,284823000,9.92
08/11/2019,20010,723280000,36.1(-0.28 %),20010,723280000,0,0,284895950,9.91
11/11/2019,4800,173950000,35.95(-0.42 %),8460,306718000,3660,132768000,284798190,9.92
12/11/2019,1850,66206000,36.15(0.56 %),3320,119154000,1470,52948000,284796340,9.92
13/11/2019,-1370,-49470000,35.85(-0.83 %),1140,41140000,2510,90610000,284889613,9.91
14/11/2019,120,4418500,35.6(-0.70 %),810,29198500,690,24780000,284797590,9.92
15/11/2019,-61870,-2190484500,35.2(-1.12 %),38130,1360874000,100000,3551358500,284859460,9.92
18/11/2019,1790,62997000,34.7(-1.42 %),2890,101599000,1100,38602000,284857670,9.92
19/11/2019,-280,-9970000,34.75(0.14 %),3580,124790000,3860,134760000,284852533,9.92
20/11/2019,17450,607370000,34.8(0.14 %),17450,607370000,0,0,284935083,9.91
21/11/2019,-7920,-275830000,34.8(0.00 %),2380,82610000,10300,358440000,284933803,9.91
22/11/2019,11010,380860000,33.8(-2.87 %),13010,449260000,2000,68400000,284924653,9.91
25/11/2019,-10080,-336790000,33.6(-0.59 %),4420,147450000,14500,484240000,284920233,9.91
26/11/2019,-90500,-3053840000,33.9(0.89 %),9820,330830000,100320,3384670000,284920713,9.91
27/11/2019,173460,5926073500,34.3(1.18 %),190710,6515990500,17250,589917000,284764530,9.92
28/11/2019,204270,6998570000,34.45(0.44 %),266870,9151500000,62600,2152930000,284479633,9.94
29/11/2019,169870,5919970500,34.95(1.45 %),170370,5937370500,500,17400000,284390390,9.95
02/12/2019,485480,16983406500,35.1(0.43 %),490560,17160710500,5080,177304000,284426833,9.95
03/12/2019,368130,12941778500,35.4(0.85 %),378910,13319258500,10780,377480000,284058703,9.97
04/12/2019,179540,6359810000,35.5(0.28 %),179540,6359810000,0,0,283440923,10.02
05/12/2019,320310,11395930000,35.75(0.70 %),320510,11403070000,200,7140000,283125493,10.04
06/12/2019,429660,15311980000,35.15(-1.68 %),430350,15336350000,690,24370000,282705923,10.07
09/12/2019,-920,-32340000,34.65(-1.42 %),720,24980000,1640,57320000,282705203,10.07
10/12/2019,0,0,34.2(-1.30 %),30,1030000,30,1030000,282705373,10.07
11/12/2019,-20620,-702705000,34.1(-0.29 %),540,18392000,21160,721097000,283150733,10.04
12/12/2019,-5650,-194471000,34.6(1.47 %),2850,98129000,8500,292600000,283156383,10.04
13/12/2019,-12250,-424640000,34.6(0.00 %),1250,43340000,13500,467980000,282703093,10.07
16/12/2019,1500,51567000,34.2(-1.16 %),2310,79228500,810,27661500,283167133,10.03
17/12/2019,-3170,-107907000,33.8(-1.17 %),330,11243000,3500,119150000,283170303,10.03
18/12/2019,11030,374070000,33.3(-1.48 %),11030,374070000,0,0,282732583,10.07
19/12/2019,129340,4403769000,34.2(2.70 %),130000,4425837000,660,22068000,283029933,10.04
20/12/2019,-3790,-128291500,33.85(-1.02 %),1110,37573500,4900,165865000,283033723,10.04
23/12/2019,22950,786730000,34.35(1.48 %),30000,1029250000,7050,242520000,282575783,10.08
24/12/2019,-2610,-89900000,34(-1.02 %),2120,72690000,4730,162590000,282574323,10.08
25/12/2019,-17400,-589280000,34.2(0.59 %),5600,190720000,23000,780000000,282573623,10.08
26/12/2019,-900,-30600000,33.9(-0.88 %),0,0,900,30600000,283031683,10.04
27/12/2019,-18680,-632914500,33.9(0.00 %),0,0,18680,632914500,283050363,10.04
30/12/2019,35380,1207910000,33.9(0.00 %),37830,1291440000,2450,83530000,282570573,10.08
31/12/2019,67580,2273230000,33.75(-0.44 %),72110,2425070000,4530,151840000,282499363,10.08
02/01/2020,1990,67510000,34.3(1.63 %),2060,69870000,70,2360000,282515983,10.08
03/01/2020,10450,358415500,34.1(-0.58 %),10780,369701500,330,11286000,282507593,10.08
06/01/2020,30590,1028250000,33.5(-1.76 %),30890,1038350000,300,10100000,282481293,10.08
07/01/2020,-7420,-248007000,33.45(-0.15 %),360,11998000,7780,260005000,282484423,10.08
08/01/2020,300,12660000,32.5(-2.84 %),11520,378860000,11220,366200000,282469813,10.08
09/01/2020,4020,131770000,32.6(0.31 %),4760,156070000,740,24300000,282465353,10.08
10/01/2020,32550,1061120000,32.6(0.00 %),32920,1073270000,370,12150000,282440213,10.09
13/01/2020,30010,978396000,32.6(0.00 %),32880,1071991000,2870,93595000,282417543,10.09
14/01/2020,7080,226512000,32.2(-1.23 %),14100,455940000,7020,229428000,282410463,10.09
15/01/2020,40610,1294034000,31.85(-1.09 %),48770,1554901500,8160,260867500,282369853,10.09
16/01/2020,115140,3767030000,33(3.61 %),115860,3790730000,720,23700000,282243803,10.1
17/01/2020,-29220,-955030000,32.55(-1.36 %),40790,1330960000,70010,2285990000,282210033,10.1
20/01/2020,-53790,-1741240000,32.15(-1.23 %),18830,615430000,72620,2356670000,282199363,10.1
21/01/2020,40530,1329740000,32.75(1.87 %),100540,3281130000,60010,1951390000,282099543,10.11
22/01/2020,4360,142520000,32.8(0.15 %),4860,158920000,500,16400000,282164693,10.11
30/01/2020,-234710,-7198180000,30.55(-6.86 %),53920,1649630000,288630,8847810000,282183393,10.1
31/01/2020,-17060,-487725000,28.45(-6.87 %),81580,2336766500,98640,2824491500,282346953,10.09
03/02/2020,36040,972001500,27(-5.10 %),55090,1479139000,19050,507137500,282162323,10.11
04/02/2020,-447020,-12001380000,26.7(-1.11 %),66560,1782750000,513580,13784130000,282329303,10.09
05/02/2020,-80530,-2135300000,26.5(-0.75 %),19460,521837500,99990,2657137500,282689873,10.07
06/02/2020,-412290,-10784340000,26.4(-0.38 %),50450,1323830000,462740,12108170000,282377083,10.09
07/02/2020,98900,2739009500,28(6.06 %),220270,6091472000,121370,3352462500,283003263,10.05
10/02/2020,2270,60246500,27.3(-2.50 %),10870,298286500,8600,238040000,283000993,10.05
11/02/2020,-4640,-126255500,27.2(-0.37 %),6970,189843000,11610,316098500,283005633,10.05
12/02/2020,16490,454999500,27.9(2.57 %),29960,827642000,13470,372642500,282989143,10.05
13/02/2020,37340,1022453500,27.5(-1.43 %),44610,1224313500,7270,201860000,282951803,10.05
14/02/2020,-148780,-4058603000,27.25(-0.91 %),4260,116323000,153040,4174926000,283100583,10.04
17/02/2020,-104310,-2780219000,26.65(-2.20 %),3320,88736000,107630,2868955000,283204893,10.03
18/02/2020,-218710,-5897951000,26.9(0.94 %),9600,258870500,228310,6156821500,283423603,10.02
19/02/2020,-90930,-2450210000,26.9(0.00 %),15570,420890000,106500,2871100000,283423323,10.02
20/02/2020,-296600,-8012610000,27(0.37 %),7290,199720000,303890,8212330000,283523663,10.01
21/02/2020,-94000,-2513830000,26.9(-0.37 %),46630,1248880000,140630,3762710000,283705343,10.0
24/02/2020,-89050,-2272460000,25.05(-6.88 %),29800,751180000,118850,3023640000,283782043,9.99
25/02/2020,-74860,-1783330000,23.9(-4.59 %),20990,501520000,95850,2284850000,284064943,9.97
26/02/2020,-255090,-5965790000,23.1(-3.35 %),23330,543950000,278420,6509740000,284182243,9.96
27/02/2020,-95130,-2234550000,23.5(1.73 %),9880,231980000,105010,2466530000,284291213,9.96
28/02/2020,-351080,-8082447500,23(-2.13 %),370,8526500,351450,8090974000,284770343,9.92
02/03/2020,-390400,-8562910000,22.2(-3.48 %),127850,2800920000,518250,11363830000,284537263,9.94
03/03/2020,-200610,-4556040000,22.7(2.25 %),46830,1062300000,247440,5618340000,284595443,9.93
04/03/2020,-198700,-4781130000,24.25(6.83 %),65280,1537220000,263980,6318350000,284881610,9.91
05/03/2020,-58250,-1469480000,25.8(6.39 %),66270,1699040000,124520,3168520000,285333590,9.88
06/03/2020,13850,347790500,24.95(-3.29 %),32340,810659500,18490,462869000,284980973,9.91
09/03/2020,-25250,-587470000,23.25(-6.81 %),4740,110210000,29990,697680000,285807930,9.85
10/03/2020,-72930,-1638170000,23(-1.08 %),114300,2611590000,187230,4249760000,285818150,9.85
11/03/2020,-174180,-3957770000,22.55(-1.96 %),75650,1716320000,249830,5674090000,285760990,9.85
12/03/2020,-72510,-1522710000,21(-6.87 %),58750,1233750000,131260,2756460000,285325843,9.88
13/03/2020,-119800,-2413710000,20.8(-0.95 %),41270,848240000,161070,3261950000,285878190,9.84
16/03/2020,-3060,-64306500,20.6(-0.96 %),1750,36152500,4810,100459000,285448703,9.87
17/03/2020,-52860,-1031290000,21.2(2.91 %),63510,1323780000,116370,2355070000,286194020,9.82
18/03/2020,-314480,-6620935000,20.8(-1.89 %),51820,1080396500,366300,7701331500,285816043,9.85
19/03/2020,-468000,-9393310000,19.9(-4.33 %),85680,1708750000,553680,11102060000,286222400,9.82
20/03/2020,-200880,-3995219500,19.9(0.00 %),60130,1196186500,261010,5191406000,286331403,9.81
23/03/2020,-390460,-7295037500,18.55(-6.78 %),29400,547078500,419860,7842116000,286721863,9.78
24/03/2020,-210030,-3729580000,18.3(-1.35 %),70300,1271180000,280330,5000760000,287098920,9.76
25/03/2020,-118300,-2242610000,19.3(5.46 %),68960,1318810000,187260,3561420000,287290970,9.74
26/03/2020,45960,888054000,19.35(0.26 %),56160,1086114000,10200,198060000,287004233,9.76
27/03/2020,-172820,-3374810000,19.3(-0.26 %),68640,1332580000,241460,4707390000,287866360,9.7
30/03/2020,-443040,-8018436000,18.1(-6.22 %),61170,1106115500,504210,9124551500,287620093,9.72
31/03/2020,-672200,-12149360000,17.8(-1.66 %),60550,1101280000,732750,13250640000,287942100,9.7
01/04/2020,-1050420,-18858320000,18.5(3.93 %),76260,1391070000,1126680,20249390000,288107300,9.69
03/04/2020,65280,1246280000,19.3(4.32 %),168280,3213550000,103000,1967270000,288443230,9.66
06/04/2020,-91670,-1889920000,20.65(6.99 %),37900,780860000,129570,2670780000,289138080,9.61
07/04/2020,9280,188384000,20.3(-1.69 %),20860,423458000,11580,235074000,288200670,9.68
08/04/2020,-57350,-1111765000,19.8(-2.46 %),71900,1406294000,129250,2518059000,288258020,9.68
09/04/2020,-445280,-9216757500,20.65(4.29 %),173990,3596168000,619270,12812925500,288703300,9.64
10/04/2020,-95370,-2102908500,22.05(6.78 %),32780,722799000,128150,2825707500,288798670,9.64
13/04/2020,-42850,-1004635000,23.55(6.80 %),8160,190281000,51010,1194916000,288841520,9.63
14/04/2020,-217880,-5016950000,23.45(-0.42 %),35470,854580000,253350,5871530000,290914270,9.49
15/04/2020,45790,1062720000,24.2(3.20 %),52000,1208640000,6210,145920000,290990420,9.48
16/04/2020,-125240,-3028982500,24.35(0.62 %),100010,2432100000,225250,5461082500,289138850,9.61
17/04/2020,-30020,-771790000,25.85(6.16 %),80780,2014040000,110800,2785830000,291113990,9.47
20/04/2020,-171000,-4604552500,27.65(6.96 %),15250,414173000,186250,5018725500,289339870,9.6
21/04/2020,-196920,-5426350000,27.2(-1.63 %),17050,474550000,213970,5900900000,291313150,9.46
22/04/2020,-125450,-3395310000,27.2(0.00 %),18570,502640000,144020,3897950000,291405380,9.45
23/04/2020,-131200,-3642021000,27.8(2.21 %),26000,724608000,157200,4366629000,289793440,9.57
24/04/2020,-101560,-2770903500,27.35(-1.62 %),32500,889367000,134060,3660270500,289895000,9.56
27/04/2020,-21550,-558220000,26.55(-2.93 %),34750,950350000,56300,1508570000,291856370,9.42
28/04/2020,18750,484427500,26.1(-1.69 %),79910,2072524500,61160,1588097000,289897800,9.56
29/04/2020,14930,404861500,26.9(3.07 %),77580,2089290000,62650,1684428500,289882870,9.56
04/05/2020,-8090,-208190000,26.1(-2.97 %),84130,2221450000,92220,2429640000,291962310,9.41
05/05/2020,-71050,-1833810000,26(-0.38 %),3890,100990000,74940,1934800000,292019580,9.41
06/05/2020,-76930,-1991015500,26.4(1.54 %),27940,728333500,104870,2719349000,292194420,9.4
07/05/2020,-108240,-2892000000,26.7(1.14 %),14460,386790000,122700,3278790000,292132050,9.4
08/05/2020,-37140,-1002440000,26.95(0.94 %),8750,235800000,45890,1238240000,292198240,9.4
11/05/2020,-118970,-3199700000,26.9(-0.19 %),8190,220690000,127160,3420390000,292294920,9.39
12/05/2020,-32540,-869100000,26.95(0.19 %),45280,1216610000,77820,2085710000,292372340,9.39
13/05/2020,-87780,-2423300000,27.95(3.71 %),32570,911030000,120350,3334330000,292385660,9.38
14/05/2020,-127570,-3551097500,27.7(-0.89 %),1410,39307000,128980,3590404500,292706660,9.36
15/05/2020,-49730,-1366640000,27.35(-1.26 %),9110,251990000,58840,1618630000,292580120,9.37
18/05/2020,-44050,-1177021500,26.85(-1.83 %),15650,420113000,59700,1597134500,292800440,9.36
19/05/2020,10200,282190000,27.05(0.74 %),20250,555740000,10050,273550000,292793550,9.36
20/05/2020,-109780,-2987919000,27.25(0.74 %),3690,100358000,113470,3088277000,292900020,9.35
21/05/2020,-20080,-547412500,27.3(0.18 %),10,272500,20090,547685000,292920100,9.35
22/05/2020,-41180,-1118260000,26.9(-1.47 %),2450,66150000,43630,1184410000,292915985,9.35
25/05/2020,21140,567690000,26.8(-0.37 %),21140,567690000,0,0,293008315,9.34
26/05/2020,13380,360980000,27.35(2.05 %),13800,372320000,420,11340000,293014605,9.34
27/05/2020,31400,887354500,28(2.38 %),41800,1182114500,10400,294760000,292895360,9.35
28/05/2020,-46320,-1287410000,27.8(-0.71 %),5120,142750000,51440,1430160000,293011321,9.34
29/05/2020,-66690,-1827540000,27.5(-1.08 %),2120,58000000,68810,1885540000,293009621,9.34
01/06/2020,-23420,-648650000,27.7(0.73 %),1540,42780000,24960,691430000,293018481,9.34
02/06/2020,-38530,-1063900000,27.45(-0.90 %),1780,49000000,40310,1112900000,293068141,9.34
03/06/2020,-25100,-684440000,27.35(-0.36 %),7550,206630000,32650,891070000,293129401,9.33
04/06/2020,41150,1144080000,27.85(1.83 %),42410,1178890000,1260,34810000,293111951,9.33
05/06/2020,0,0,28.25(1.44 %),0,0,0,0,293042501,9.34
08/06/2020,47300,1358243000,28.75(1.77 %),66030,1896658500,18730,538415500,292995201,9.34
09/06/2020,92790,2785400000,30.15(4.87 %),119890,3591910000,27100,806510000,292951301,9.34
10/06/2020,-6470,-190310000,29.9(-0.83 %),38880,1161850000,45350,1352160000,292942591,9.35
11/06/2020,-155120,-4534744500,28(-6.35 %),13350,389296000,168470,4924040500,293156791,9.33
12/06/2020,-39630,-1084000000,27.8(-0.71 %),1110,30610000,40740,1114610000,292973961,9.34
15/06/2020,-204030,-5510060000,27.2(-2.16 %),8310,225210000,212340,5735270000,293011001,9.34
16/06/2020,32460,902757000,28(2.94 %),33960,944517000,1500,41760000,293367991,9.32
17/06/2020,1690,-40963020,27.95(-0.18 %),4590,34275180,2900,75238200,293366301,9.32
18/06/2020,-8930,-244910000,27.55(-1.43 %),33620,929220000,42550,1174130000,293360386,9.32
19/06/2020,-33200,-909100000,27.35(-0.73 %),5190,141700000,38390,1050800000,293356696,9.32
22/06/2020,-11780,-317294500,27(-1.28 %),3430,92439000,15210,409733500,293420211,9.31
23/06/2020,-26680,-723680000,27.1(0.37 %),4090,112250000,30770,835930000,293394626,9.31
24/06/2020,-3970,-108060000,27(-0.37 %),1100,29845000,5070,137905000,293450861,9.31
25/06/2020,-53820,-1435360000,26.7(-1.11 %),3700,99070000,57520,1534430000,293443426,9.31
26/06/2020,-33370,-883460000,26.3(-1.50 %),1580,41760000,34950,925220000,293472616,9.31
29/06/2020,-46460,-1175540000,24.9(-5.32 %),4610,117950000,51070,1293490000,293473076,9.31
30/06/2020,-33370,-883463500,25.1(0.80 %),1580,41759000,34950,925222500,293604791,9.3
01/07/2020,-39360,-1001659500,25.7(2.39 %),8840,227084500,48200,1228744000,293546306,9.3
02/07/2020,-69850,-1794420000,25.6(-0.39 %),3050,78371500,72900,1872791500,293616156,9.3
03/07/2020,-29200,-757108000,25.9(1.17 %),2000,51750000,31200,808858000,293645356,9.3
06/07/2020,-62830,-1633800000,26(0.39 %),500,13030000,63330,1646830000,293690046,9.29
07/07/2020,-75800,-1988274500,26.25(0.96 %),1050,27565000,76850,2015839500,293783986,9.29
08/07/2020,-38600,-1017753000,26.3(0.19 %),3400,89880000,42000,1107633000,293822586,9.28
09/07/2020,-24770,-657257500,26.6(1.14 %),6230,165620000,31000,822877500,293847356,9.28
10/07/2020,-62370,-1644730000,26.4(-0.75 %),1000,26200000,63370,1670930000,293922646,9.28
13/07/2020,-37220,-981139000,26.25(-0.57 %),18780,493091000,56000,1474230000,293946946,9.27
14/07/2020,-57640,-1512485500,26.4(0.57 %),120,3155000,57760,1515640500,294004586,9.27
15/07/2020,-38170,-1007237000,26.45(0.19 %),2090,55225500,40260,1062462500,294042756,9.27
16/07/2020,-40020,-1056625500,26.35(-0.38 %),5920,156743500,45940,1213369000,294082776,9.26
17/07/2020,-56490,-1479749500,26.2(-0.57 %),1010,26462000,57500,1506211500,294139266,9.26
20/07/2020,2110,54970000,26(-0.76 %),2110,54970000,0,0,294183006,9.26
21/07/2020,-200,-5175000,25.9(-0.38 %),30,775500,230,5950500,294137356,9.26
22/07/2020,-640,-16556000,25.8(-0.39 %),900,23350000,1540,39906000,294137996,9.26
23/07/2020,-200,-5160000,25.8(0.00 %),0,0,200,5160000,294285516,9.25
24/07/2020,-900,-23470000,24.35(-5.62 %),780,19150000,1680,42620000,294284966,9.25
27/07/2020,-10980,-248697000,22.65(-6.98 %),1030,23329500,12010,272026500,294150076,9.26
28/07/2020,-52220,-1160770000,23(1.55 %),24460,535940000,76680,1696710000,294261216,9.25
29/07/2020,-81880,-1760240000,21.65(-5.87 %),27120,583430000,109000,2343670000,294235776,9.25
30/07/2020,-81880,-1760245000,22(1.62 %),27120,583429000,109000,2343674000,294366056,9.25
31/07/2020,-107670,-2325180000,21.7(-1.36 %),230,4980000,107900,2330160000,294321306,9.25
03/08/2020,20810,460314000,22.3(2.76 %),27690,611849000,6880,151535000,294430306,9.24
04/08/2020,-82810,-1877177500,23.05(3.36 %),35280,801360000,118090,2678537500,294513116,9.23
05/08/2020,23060,550000000,24(4.12 %),25290,603710000,2230,53710000,294527636,9.23
06/08/2020,-75570,-1777312500,23.75(-1.04 %),5450,129315000,81020,1906627500,294565626,9.23
07/08/2020,-64470,-1515139000,23.65(-0.42 %),4030,94655000,68500,1609794000,294630096,9.23
10/08/2020,-51680,-1223276000,23.65(0.00 %),5940,142053500,57620,1365329500,294681776,9.22
11/08/2020,-17000,-401316500,23.55(-0.42 %),3330,78540000,20330,479856500,294698776,9.22
12/08/2020,-31320,-750269500,24.05(2.12 %),1000,24000000,32320,774269500,294730096,9.22
13/08/2020,39440,966318000,25(3.95 %),40440,991268000,1000,24950000,294690656,9.22
14/08/2020,-25030,-617172500,24.6(-1.60 %),4210,103978000,29240,721150500,294715686,9.22
17/08/2020,17800,432680000,24.1(-2.03 %),18400,447330000,600,14650000,294831826,9.21
18/08/2020,10890,262750000,24.1(0.00 %),10890,262750000,0,0,294686996,9.22
19/08/2020,16630,402930000,24.3(0.83 %),16630,402930000,0,0,294834546,9.21
20/08/2020,-122450,-2940160000,24.1(-0.82 %),300,7260000,122750,2947420000,294834846,9.21
21/08/2020,-55230,-1330680000,24.2(0.41 %),500,12080000,55730,1342760000,294834338,9.21
24/08/2020,-27850,-679670000,24.45(1.03 %),15500,378990000,43350,1058660000,294818838,9.21
25/08/2020,2730,68041000,24.8(1.43 %),7530,186871000,4800,118830000,294873166,9.21
26/08/2020,-103260,-2556556000,24.7(-0.40 %),1200,29810000,104460,2586366000,294976426,9.2
27/08/2020,-64100,-1570203500,24.6(-0.40 %),1510,36964000,65610,1607167500,295040526,9.2
28/08/2020,-48150,-1184630000,24.65(0.20 %),1500,36950000,49650,1221580000,295033728,9.2
31/08/2020,-105640,-2713270000,25.7(4.26 %),15500,397260000,121140,3110530000,295122688,9.19
01/09/2020,19390,512070000,26.5(3.11 %),19730,521020000,340,8950000,295168568,9.19
03/09/2020,-21120,-563839000,26.4(-0.38 %),8990,239728000,30110,803567000,295209418,9.19
04/09/2020,-1260,-29970000,26.2(-0.76 %),15640,407540000,16900,437510000,295314728,9.18
07/09/2020,-17240,-455820000,26.2(0.00 %),29460,781330000,46700,1237150000,295285608,9.18
08/09/2020,-5010,-131130000,26.2(0.00 %),2350,61750000,7360,192880000,295313368,9.18
09/09/2020,1030,26731000,26.2(0.00 %),1080,28026000,50,1295000,295231898,9.18
10/09/2020,-14680,-385460000,26.2(0.00 %),8150,214180000,22830,599640000,295367738,9.17
11/09/2020,-7750,-202757500,26.2(0.00 %),300,7856500,8050,210614000,295254328,9.18
14/09/2020,24520,656490000,27.25(4.01 %),27830,746200000,3310,89710000,295347023,9.18
15/09/2020,13360,363708500,26.95(-1.10 %),14410,391848500,1050,28140000,295216448,9.19
16/09/2020,-16230,-440870500,26.9(-0.19 %),4040,109379000,20270,550249500,295232678,9.18
17/09/2020,-34510,-925860000,26.8(-0.37 %),330,8860000,34840,934720000,295362441,9.17
18/09/2020,1180,31624000,26.85(0.19 %),8120,217616000,6940,185992000,295266008,9.18
21/09/2020,-1700,-45700000,26.85(0.00 %),3920,105630000,5620,151330000,295371721,9.17
22/09/2020,-3820,-102000000,26.65(-0.74 %),100,2660000,3920,104660000,295406461,9.17
23/09/2020,-4690,-125847500,26.85(0.75 %),5070,136133000,9760,261980500,295276218,9.18
24/09/2020,2220,59341000,26.75(-0.37 %),2280,60946000,60,1605000,295273998,9.18
25/09/2020,-1430,-38474500,26.7(-0.19 %),1900,50720000,3330,89194500,295275428,9.18
28/09/2020,-1400,-37375000,26.7(0.00 %),600,16025000,2000,53400000,295276828,9.18
29/09/2020,-2930,-78078000,26.75(0.19 %),8960,239488000,11890,317566000,295279758,9.18
30/09/2020,6330,168570000,26.7(-0.19 %),6830,181970000,500,13400000,295410457,9.17
01/10/2020,37080,1006887500,27.3(2.25 %),40330,1095367500,3250,88480000,295412457,9.17
02/10/2020,-11160,-304290000,26.85(-1.65 %),6190,167450000,17350,471740000,295377827,9.17
05/10/2020,-4640,-126130000,27.1(0.93 %),1230,33240000,5870,159370000,295377097,9.17
06/10/2020,4110,110417500,26.9(-0.74 %),4650,124990500,540,14573000,295424147,9.17
07/10/2020,10290,275584000,26.65(-0.93 %),12550,335926000,2260,60342000,295413857,9.17
08/10/2020,-25810,-686949000,26.65(0.00 %),300,7990000,26110,694939000,295439667,9.17
09/10/2020,-4120,-109793500,26.7(0.19 %),600,16019500,4720,125813000,295443787,9.17
12/10/2020,1360,37010000,26.35(-1.31 %),6060,161090000,4700,124080000,295442427,9.17
13/10/2020,-17000,-448220000,26.25(-0.38 %),4450,117140000,21450,565360000,295403867,9.17
14/10/2020,20840,545650000,26.25(0.00 %),32080,840500000,11240,294850000,295376507,9.17
15/10/2020,11760,306400000,26.25(0.00 %),20320,530370000,8560,223970000,295360887,9.17
16/10/2020,-7580,-197300000,26.05(-0.76 %),3420,89090000,11000,286390000,295378917,9.17
19/10/2020,-10950,-285045000,26.1(0.19 %),1050,27555000,12000,312600000,295445357,9.17
20/10/2020,3640,93905000,25.65(-1.72 %),6070,156155000,2430,62250000,295441717,9.17
21/10/2020,-2470,-62488500,25.3(-1.36 %),910,23149500,3380,85638000,295444187,9.17
22/10/2020,6580,168070000,25.55(0.99 %),7580,193570000,1000,25500000,295406107,9.17
23/10/2020,-1020,-25880000,25.8(0.98 %),3480,89854000,4500,115734000,295438627,9.17
26/10/2020,18260,471210000,25.7(-0.39 %),20130,519360000,1870,48150000,295388307,9.17
27/10/2020,10530,267840000,25.45(-0.97 %),12540,318890000,2010,51050000,295376767,9.17
28/10/2020,13410,337678000,24.7(-2.95 %),21510,540827000,8100,203149000,295396427,9.17
29/10/2020,6190,150520000,24.6(-0.40 %),6490,157840000,300,7320000,295355137,9.18
30/10/2020,-2900,-71870000,24.85(1.02 %),500,12330000,3400,84200000,295356647,9.18
02/11/2020,-3570,-87900000,24.7(-0.60 %),2340,57700000,5910,145600000,295362407,9.17
03/11/2020,220,5393000,25(1.21 %),2220,55093000,2000,49700000,295364527,9.17
04/11/2020,4740,122144500,25.25(1.00 %),19340,485352000,14600,363207500,295359787,9.17
05/11/2020,5010,126250000,25.15(-0.40 %),5060,127510000,50,1260000,295345397,9.18
06/11/2020,-26580,-662030000,24.9(-0.99 %),5770,143520000,32350,805550000,295341627,9.18
09/11/2020,11220,290960000,26(4.42 %),33130,842720000,21910,551760000,295323097,9.18
10/11/2020,240560,6680063500,27.5(5.77 %),353380,9697464500,112820,3017401000,295129577,9.19
11/11/2020,32740,887752500,27(-1.82 %),33520,908940500,780,21188000,295096837,9.19
12/11/2020,-15640,-419275000,26.8(-0.74 %),15690,421608000,31330,840883000,295112477,9.19
13/11/2020,-480,-13130000,27.15(1.31 %),3120,82470000,3600,95600000,295084517,9.19
16/11/2020,34610,937820000,26.8(-1.29 %),36310,983780000,1700,45960000,295048987,9.2
17/11/2020,20240,548520000,27.1(1.12 %),31640,856890000,11400,308370000,295048677,9.2
18/11/2020,28970,795650000,27.3(0.74 %),46580,1283960000,17610,488310000,295005697,9.2
19/11/2020,-1830,-50430000,27(-1.10 %),2140,57760000,3970,108190000,295005257,9.2
20/11/2020,37510,1006530000,27.2(0.74 %),43760,1174010000,6250,167480000,294972900,9.2
23/11/2020,61260,1652932000,27(-0.74 %),78110,2107389500,16850,454457500,294932197,9.21
24/11/2020,35760,964956500,26.75(-0.93 %),35760,964956500,0,0,294896437,9.21
25/11/2020,1040,27970000,26.85(0.37 %),5940,159540000,4900,131570000,294880920,9.21
26/11/2020,5920,158532000,26.7(-0.56 %),8890,237794500,2970,79262500,294875000,9.21
27/11/2020,-950,-25340000,26.75(0.19 %),550,14710000,1500,40050000,294888330,9.21
30/11/2020,-116770,-3131954000,26.7(-0.19 %),12740,344867000,129510,3476821000,295005100,9.2
01/12/2020,1088,284730000,26.45(-0.94 %),1366,357420000,278,72690000,294869800,9.21
02/12/2020,-795,-207020000,26.2(-0.95 %),1172,306720000,1967,513740000,294859580,9.21
03/12/2020,23130,604060000,26.15(-0.19 %),37420,977180000,14290,373120000,294951676,9.2
04/12/2020,5400,142830000,26.4(0.96 %),16550,436780000,11150,293950000,294937906,9.2
07/12/2020,24210,644136500,26.6(0.76 %),42360,1124864000,18150,480727500,294838670,9.21
08/12/2020,32290,860902500,26.65(0.19 %),45320,1208022000,13030,347119500,294806380,9.21
09/12/2020,5370,144970000,26.85(0.75 %),7670,206610000,2300,61640000,294887666,9.21
10/12/2020,-9540,-254475500,26.55(-1.12 %),6140,164181000,15680,418656500,294810550,9.21
11/12/2020,38420,1029850000,27.45(3.39 %),46220,1238740000,7800,208890000,294866486,9.21
14/12/2020,1265,349220000,27.7(0.91 %),1580,436770000,315,87550000,294852986,9.21
15/12/2020,10540,290440000,27.7(0.00 %),22150,612940000,11610,322500000,294846516,9.21
16/12/2020,80880,2238520000,28.5(2.89 %),90810,2521220000,9930,282700000,294763506,9.22
17/12/2020,-12190,-346930000,28(-1.75 %),28970,820950000,41160,1167880000,294737686,9.22
18/12/2020,640,18130000,28.15(0.54 %),8840,248850000,8200,230720000,294740456,9.22
21/12/2020,82440,2326009500,28.25(0.36 %),89740,2531891500,7300,205882000,294597170,9.23
22/12/2020,3961,1107810000,28.05(-0.71 %),4394,1228960000,433,121150000,294657866,9.22
23/12/2020,-70050,-1955072500,27.75(-1.07 %),20190,561293500,90240,2516366000,294627610,9.23
24/12/2020,-65230,-1768302500,27.35(-1.44 %),7650,210563500,72880,1978866000,294692840,9.22
25/12/2020,-24520,-675055000,28.15(2.93 %),4390,121984000,28910,797039000,294717360,9.22
28/12/2020,-23670,-675780000,28.15(0.00 %),10670,300940000,34340,976720000,294725006,9.22
29/12/2020,33840,953050000,28.3(0.53 %),45490,1283260000,11650,330210000,294752396,9.22
30/12/2020,-2275,-645650000,28.35(0.18 %),2102,604410000,4377,1250060000,294760286,9.22
31/12/2020,6710,190602500,28.3(-0.18 %),7920,224886000,1210,34283500,294753576,9.22
04/01/2021,7600,220615000,28.55(0.88 %),49100,1411480000,41500,1190865000,294749256,9.22
05/01/2021,3000,85290000,28.3(-0.88 %),5200,147560000,2200,62270000,294746256,9.22
06/01/2021,-25800,-728850000,28.15(-0.53 %),20800,586560000,46600,1315410000,294772056,9.22
07/01/2021,-1170,-329530000,28.6(1.60 %),340,97130000,1510,426660000,294806336,9.21
08/01/2021,7160,2089310000,29.2(2.10 %),8260,2410210000,1100,320900000,294725936,9.22
11/01/2021,31600,984815000,31.2(6.85 %),42400,1321650000,10800,336835000,294680556,9.22
12/01/2021,-24200,-777340000,32(2.56 %),66300,2124635000,90500,2901975000,294704756,9.22
13/01/2021,-4770,-1500360000,31.1(-2.81 %),1870,590190000,6640,2090550000,294671236,9.22
14/01/2021,-23300,-731465000,30.8(-0.96 %),54000,1660695000,77300,2392160000,294775756,9.22
15/01/2021,-5690,-1759420000,30.85(0.16 %),900,279230000,6590,2038650000,294709536,9.22
18/01/2021,-890,-276590000,30.65(-0.65 %),5020,1540880000,5910,1817470000,294725736,9.22
19/01/2021,-1300,20725000,28.6(-6.69 %),331000,10106730000,332300,10086005000,294842856,9.21
20/01/2021,-10400,-267995000,28.7(0.35 %),126400,3601165000,136800,3869160000,294853256,9.21
21/01/2021,10700,311675000,29.45(2.61 %),71200,2075320000,60500,1763645000,294842556,9.21
22/01/2021,-34500,-1016570000,29.2(-0.85 %),41200,1216565000,75700,2233135000,294877056,9.21
25/01/2021,200,6595000,29.1(-0.34 %),15800,460910000,15600,454315000,294876856,9.21
26/01/2021,-36500,-1025310000,28.1(-3.44 %),30000,856240000,66500,1881550000,294913356,9.21
27/01/2021,17400,485855000,27.25(-3.02 %),49100,1358870000,31700,873015000,294895956,9.21
28/01/2021,40600,1036475000,25.35(-6.97 %),52800,1346670000,12200,310195000,294855356,9.21
29/01/2021,6500,156720000,25.85(1.97 %),35000,897000000,28500,740280000,294848856,9.21
01/02/2021,-9690,-2479900000,25.1(-2.90 %),1820,461190000,11510,2941090000,294875818,9.21
02/02/2021,7890,1977470000,25.3(0.80 %),8170,2047340000,280,69870000,294806318,9.21
03/02/2021,29900,774525000,26.15(3.36 %),39100,1012315000,9200,237790000,294785218,9.22
04/02/2021,-2750,-722450000,26.1(-0.19 %),1300,340010000,4050,1062460000,294897818,9.21
05/02/2021,8500,224425000,26.5(1.53 %),8900,234980000,400,10555000,294804218,9.21
08/02/2021,-109400,-2845340000,0(0.00 %),7200,187065000,116600,3032405000,294913618,9.21
09/02/2021,720,185920000,26.35(3.13 %),1090,281700000,370,95780000,294923318,9.21
17/02/2021,1730,469380000,27.25(3.42 %),2410,649040000,680,179660000,294899618,9.21
18/02/2021,170,45330000,27.25(0.00 %),1410,382750000,1240,337420000,295002118,9.2
19/02/2021,1220,327210000,26.9(-1.28 %),2580,692130000,1360,364920000,294980018,9.2
22/02/2021,26100,717940000,27.5(2.23 %),28400,780990000,2300,63050000,294849118,9.21
23/02/2021,-67900,-1924865000,28.6(4.00 %),13100,373290000,81000,2298155000,294917018,9.21
24/02/2021,250,75200000,28.8(0.70 %),2970,864510000,2720,789310000,294941562,9.2
25/02/2021,-2620,-759170000,29(0.69 %),2620,760870000,5240,1520040000,294917662,9.21
26/02/2021,-1950,-568770000,29.95(3.28 %),2530,742130000,4480,1310900000,294973362,9.2
01/03/2021,76000,2356190000,31.4(4.84 %),93500,2903675000,17500,547485000,295000562,9.2
02/03/2021,-24200,-764820000,31.3(-0.32 %),27100,850460000,51300,1615280000,295024762,9.2
03/03/2021,27400,850745000,30.9(-1.28 %),51100,1577870000,23700,727125000,294997362,9.2
04/03/2021,-6200,-179300000,29.9(-3.24 %),26900,824420000,33100,1003720000,295003562,9.2
05/03/2021,-13700,-428465000,30.65(2.51 %),40800,1222820000,54500,1651285000,295017262,9.2
08/03/2021,-31300,-957230000,30.45(-0.65 %),18900,585260000,50200,1542490000,295048562,9.2
09/03/2021,-30200,-906330000,30.15(-0.99 %),10300,309550000,40500,1215880000,295078762,9.19
10/03/2021,25700,785060000,30.8(2.16 %),43900,1333690000,18200,548630000,295053062,9.2
11/03/2021,-670,-206040000,30.7(-0.32 %),760,235850000,1430,441890000,295007872,9.2
12/03/2021,-25400,-776710000,30.45(-0.81 %),2600,79610000,28000,856320000,295085162,9.19
15/03/2021,9300,281925000,30.2(-0.82 %),12800,388395000,3500,106470000,295075862,9.19
16/03/2021,45500,1387890000,30.3(0.33 %),62300,1894965000,16800,507075000,295030362,9.2
17/03/2021,4090,1252990000,30.8(1.65 %),6680,2048440000,2590,795450000,294964372,9.2
18/03/2021,-1600,-510130000,32.4(5.19 %),1430,460040000,3030,970170000,294953572,9.2
19/03/2021,13300,421710000,33.55(3.55 %),42400,1376285000,29100,954575000,294992162,9.2
22/03/2021,6000,2012640000,33.5(-0.15 %),6840,2294690000,840,282050000,294885482,9.21
23/03/2021,94600,3120280000,32.6(-2.69 %),103400,3409060000,8800,288780000,294837562,9.21
24/03/2021,2450,785470000,31.5(-3.37 %),2590,830310000,140,44840000,294815199,9.21
25/03/2021,49500,1597460000,32.35(2.70 %),54100,1747800000,4600,150340000,294763562,9.22
26/03/2021,7850,2511660000,32(-1.08 %),9430,3018900000,1580,507240000,294683618,9.22
29/03/2021,3310,1089330000,32.8(2.50 %),5120,1682330000,1810,593000000,294633818,9.23
30/03/2021,47300,1542655000,32.6(-0.61 %),68800,2242105000,21500,699450000,294604662,9.23
31/03/2021,4560,1492030000,32.65(0.15 %),4790,1567210000,230,75180000,294537657,9.23
01/04/2021,400,13365000,33.8(3.52 %),142600,4801275000,142200,4787910000,294555757,9.23
02/04/2021,250,85710000,33.55(-0.74 %),2570,875000000,2320,789290000,294408957,9.24
05/04/2021,-4100,-1373690000,33.4(-0.45 %),4340,1447670000,8440,2821360000,294367857,9.24
06/04/2021,-8000,-264855000,33.05(-1.05 %),10500,347340000,18500,612195000,294602257,9.23
07/04/2021,-33900,-1112860000,33(-0.15 %),2700,88785000,36600,1201645000,294636157,9.23
08/04/2021,38300,1277750000,33.3(0.91 %),47600,1585180000,9300,307430000,294597857,9.23
09/04/2021,-3200,-1061100000,33.15(-0.45 %),3550,1178520000,6750,2239620000,294539857,9.23
12/04/2021,4700,153300000,32.8(-1.06 %),27100,880230000,22400,726930000,294625157,9.23
13/04/2021,-3440,-1108220000,32.05(-2.29 %),870,280500000,4310,1388720000,294549957,9.23
14/04/2021,-840,-264400000,32(-0.16 %),2520,802510000,3360,1066910000,294592257,9.23
15/04/2021,-300,-9865000,31.6(-1.25 %),42600,1356495000,42900,1366360000,294668257,0.0
16/04/2021,-11900,-362280000,31(-1.90 %),15100,472610000,27000,834890000,294680157,9.22
19/04/2021,-1080,-337410000,30.95(-0.16 %),5570,1717520000,6650,2054930000,294577946,9.23
20/04/2021,-63000,-1960105000,31.2(0.81 %),4000,125180000,67000,2085285000,294753957,9.22
22/04/2021,-92500,-2850455000,30.2(-3.21 %),11000,340235000,103500,3190690000,294846457,9.21
23/04/2021,15600,466005000,30.2(0.00 %),34400,1028225000,18800,562220000,294830857,9.21
26/04/2021,-40500,-1190635000,28.8(-4.64 %),28600,831190000,69100,2021825000,294871357,9.21
27/04/2021,5590,1600340000,28.75(-0.17 %),7200,2061910000,1610,461570000,294734877,9.22
28/04/2021,-35800,-1029910000,28.8(0.17 %),40700,1170250000,76500,2200160000,294851257,9.21
29/04/2021,-6000,-174140000,29(0.69 %),3000,87360000,9000,261500000,294857257,9.21
04/05/2021,-3670,-1002650000,27.3(-5.86 %),3380,927830000,7050,1930480000,294761377,9.22
05/05/2021,690,193460000,28(2.56 %),1880,524090000,1190,330630000,294819077,9.21
06/05/2021,-82300,-2316705000,27.8(-0.71 %),21300,601465000,103600,2918170000,294870577,9.21
07/05/2021,1330,364090000,27.2(-2.16 %),1960,535620000,630,171530000,294857677,9.21
10/05/2021,40200,1069750000,26.6(-2.21 %),45600,1213200000,5400,143450000,294817077,9.21
11/05/2021,43700,1197535000,27.6(3.76 %),44300,1214190000,600,16655000,294773377,9.22
12/05/2021,1930,535930000,27.9(1.09 %),2080,577560000,150,41630000,294868777,9.21
13/05/2021,-16100,-438755000,27.3(-2.15 %),8400,230980000,24500,669735000,294770177,9.22
14/05/2021,-45890,-12519150000,27.3(0.00 %),830,226220000,46720,12745370000,294858077,9.21
17/05/2021,8600,236945000,27.35(0.18 %),8600,236945000,0,0,295220477,9.18
18/05/2021,-2570,-698260000,27.1(-0.91 %),130,35390000,2700,733650000,294874177,9.21
19/05/2021,-6560,-1767350000,26.7(-1.48 %),1490,401150000,8050,2168500000,295326477,9.18
20/05/2021,-3350,-875270000,25.9(-3.00 %),1740,453100000,5090,1328370000,295309077,9.18
21/05/2021,-8860,-2323900000,26.75(3.28 %),1660,437980000,10520,2761880000,295319477,9.18
24/05/2021,-39100,-1052610000,26.95(0.75 %),19600,532545000,58700,1585155000,295472977,9.17
25/05/2021,1490,400900000,26.7(-0.93 %),1490,400900000,0,0,295416377,9.17
26/05/2021,-34600,-917010000,26.5(-0.75 %),12300,326660000,46900,1243670000,295492677,9.17
27/05/2021,-4000,-1051700000,26.1(-1.51 %),580,152670000,4580,1204370000,295562177,9.16
28/05/2021,17100,448735000,26.2(0.38 %),18300,480170000,1200,31435000,295515577,9.16
31/05/2021,-33700,-869845000,25.85(-1.34 %),27200,703875000,60900,1573720000,295549277,9.16
01/06/2021,-1590,-410170000,25.65(-0.77 %),820,211450000,2410,621620000,295601069,9.16
02/06/2021,37700,983640000,27.4(6.82 %),91700,2382245000,54000,1398605000,295571569,9.16
03/06/2021,8040,2170670000,27(-1.46 %),11790,3180720000,3750,1010050000,295453569,9.17
04/06/2021,-16180,-4292530000,26.6(-1.48 %),2070,549470000,18250,4842000000,295456969,9.17
07/06/2021,51900,1376945000,26.6(0.00 %),74800,1981900000,22900,604955000,295601069,9.16
08/06/2021,7540,2064180000,27.1(1.88 %),10780,2945400000,3240,881220000,295365869,9.17
09/06/2021,54200,1481870000,27.35(0.92 %),79700,2173555000,25500,691685000,295471469,9.17
10/06/2021,-3390,-916380000,27(-1.28 %),2130,577290000,5520,1493670000,295470269,9.17
11/06/2021,70200,1906925000,28.5(5.56 %),76200,2073225000,6000,166300000,295435169,9.17
14/06/2021,65700,1854375000,28(-1.75 %),77700,2191905000,12000,337530000,295369469,9.17
15/06/2021,-11900,-3339020000,28.05(0.18 %),2200,617110000,14100,3956130000,295407469,9.17
16/06/2021,-123700,-3420600000,27.55(-1.78 %),35500,987950000,159200,4408550000,295612169,9.16
17/06/2021,-11210,-3056940000,26.9(-2.36 %),9550,2557120000,20760,5614060000,295294469,9.18
18/06/2021,-4900,-130815000,27.1(0.74 %),31000,831650000,35900,962465000,295699169,9.15
21/06/2021,-40200,-1105855000,27.7(2.21 %),24100,659865000,64300,1765720000,295739369,9.15
22/06/2021,-37600,-1044970000,27.55(-0.54 %),8700,242140000,46300,1287110000,295776969,9.15
23/06/2021,1160,315140000,27.2(-1.27 %),3580,974260000,2420,659120000,295738439,9.15
24/06/2021,4450,1213160000,27.15(-0.18 %),5660,1544270000,1210,331110000,295746139,9.15
25/06/2021,2340,623820000,27.25(0.37 %),5190,1399380000,2850,775560000,295740539,9.15
28/06/2021,6370,1739190000,27.2(-0.18 %),7960,2170450000,1590,431260000,295685139,9.15
29/06/2021,-3100,-89125000,27.65(1.65 %),34300,937485000,37400,1026610000,295636869,9.16
30/06/2021,12150,3354710000,27.6(-0.18 %),18960,5230510000,6810,1875800000,295501840,9.16
01/07/2021,11470,3155830000,27.6(0.00 %),14230,3916540000,2760,760710000,295375440,9.17
02/07/2021,8710,2391030000,27.4(-0.72 %),9770,2681660000,1060,290630000,295315140,9.18
05/07/2021,-4500,-92061800,27(-1.46 %),9600,240985300,14100,333047100,295435140,9.17
06/07/2021,-40500,-1086310000,26.5(-1.85 %),11700,314230000,52200,1400540000,295475640,9.17
07/07/2021,1690,447060000,26.05(-1.70 %),3220,844650000,1530,397590000,295367940,9.17
08/07/2021,-610,-160990000,26.3(0.96 %),420,111090000,1030,272080000,295377840,9.17
09/07/2021,-2300,-58550000,26.1(-0.76 %),26000,681500000,28300,740050000,295467140,9.17
12/07/2021,1750,436150000,24.9(-4.60 %),3060,771930000,1310,335780000,295388740,9.17
13/07/2021,5800,144705000,25.55(2.61 %),24600,625715000,18800,481010000,295443840,9.17
14/07/2021,12400,321130000,25.7(0.59 %),16900,437765000,4500,116635000,295431440,9.17
15/07/2021,-70,-17940000,25.95(0.97 %),830,215170000,900,233110000,295390640,9.17
16/07/2021,-100100,-2569140000,25.5(-1.73 %),9900,255735000,110000,2824875000,295532240,9.16
19/07/2021,-2900,-718780000,24(-5.88 %),3240,796740000,6140,1515520000,295371640,9.17
20/07/2021,12600,308365000,24.5(2.08 %),22800,555190000,10200,246825000,295548640,9.16
21/07/2021,3500,87265000,25(2.04 %),5600,139365000,2100,52100000,295545140,9.16
22/07/2021,-67000,-1680290000,25.2(0.80 %),2100,52730000,69100,1733020000,295612140,9.16
23/07/2021,-298200,-7345840000,24.5(-2.78 %),19300,474455000,317500,7820295000,295910340,9.14
26/07/2021,-233800,-5637125000,24.05(-1.84 %),14800,356250000,248600,5993375000,296144140,9.12
27/07/2021,-465200,-11222055000,24.15(0.42 %),2000,48295000,467200,11270350000,296609340,9.09
28/07/2021,-39020,-9274040000,23.8(-1.45 %),1400,331740000,40420,9605780000,295870340,9.14
29/07/2021,4000,80400000,20.1(-15.55 %),5000,100500000,1000,20100000,296995540,9.06
30/07/2021,3200,68800000,21.5(6.97 %),5000,107500000,1800,38700000,296992340,9.06
02/08/2021,26400,592915000,22.75(5.81 %),32400,729260000,6000,136345000,296980340,9.06
03/08/2021,10800,245485000,22.25(-2.20 %),12200,276810000,1400,31325000,296969540,9.06
04/08/2021,-266600,-5861755000,21.8(-2.02 %),3100,68155000,269700,5929910000,297236140,9.04
05/08/2021,-51700,-1116960000,21.65(-0.69 %),6000,128020000,57700,1244980000,297287840,9.04
06/08/2021,29900,651035000,21.7(0.23 %),30000,653205000,100,2170000,297257940,9.04
09/08/2021,-24200,-515140000,21.35(-1.61 %),16300,347510000,40500,862650000,297282140,9.04
10/08/2021,-4600,-98255000,21.5(0.70 %),900,19270000,5500,117525000,297286740,9.04
11/08/2021,6900,149080000,21.8(1.40 %),8400,181800000,1500,32720000,297279840,9.04
12/08/2021,1700,37110000,21.7(-0.46 %),3200,69670000,1500,32560000,297278140,9.04
13/08/2021,-8500,-184339500,21.55(-0.69 %),1000,21687000,9500,206026500,297286640,9.04
16/08/2021,30300,675860000,21.5(-0.23 %),34600,768290000,4300,92430000,297256340,9.04
17/08/2021,-3700,-79555000,21.4(-0.47 %),400,8590000,4100,88145000,297294040,9.04
18/08/2021,-7200,-154150000,21.3(-0.47 %),1600,34130000,8800,188280000,297263540,9.04
19/08/2021,-25100,-498545000,21.25(-0.23 %),2500,52890000,27600,551435000,297288640,9.04
20/08/2021,-2200,-46955000,20.85(-1.88 %),24200,509525000,26400,556480000,297290840,9.04
23/08/2021,1800,36640000,20.55(-1.44 %),4800,98700000,3000,62060000,297289040,9.04
24/08/2021,3800,77600000,20.4(-0.73 %),3900,79635000,100,2035000,297285240,9.04
25/08/2021,37300,772305000,21.15(-27.32 %),37700,780565000,400,8260000,297247940,9.04
26/08/2021,17400,370745000,21.2(0.24 %),40600,863480000,23200,492735000,297230540,9.04
27/08/2021,5000,105030000,21.15(-0.24 %),7100,149250000,2100,44220000,297225540,9.04
30/08/2021,14000,303600000,21.5(1.65 %),133150,2826087500,119150,2522487500,297211540,9.04
31/08/2021,-6800,-145970000,21.1(-1.86 %),6800,143620000,13600,289590000,297218340,9.04
01/09/2021,7700,161125000,20.95(-0.71 %),8900,186200000,1200,25075000,297162640,9.05
06/09/2021,-53100,-1146425000,21.55(2.86 %),6700,144030000,59800,1290455000,297215740,9.04
07/09/2021,-17200,-376055000,22.1(2.55 %),5900,128485000,23100,504540000,297232940,9.04
08/09/2021,-21600,-485930000,22.4(1.36 %),21000,472265000,42600,958195000,297254540,9.04
09/09/2021,-25200,-589610000,23.95(6.92 %),4800,114815000,30000,704425000,297279740,9.04
10/09/2021,428500,10729660000,25.05(4.59 %),459000,11494685000,30500,765025000,296851240,9.07
13/09/2021,480100,12734435000,26.8(6.99 %),548300,14555060000,68200,1820625000,296371140,9.1
14/09/2021,523800,14979965000,28.65(6.90 %),558200,15965275000,34400,985310000,295847340,9.14
15/09/2021,259700,7710185000,26.8(-6.46 %),408500,11912850000,148800,4202665000,295587640,9.16
16/09/2021,-17100,-437150000,25.5(-4.85 %),17400,451310000,34500,888460000,295604740,9.16
17/09/2021,69100,1828135000,26.75(4.90 %),90100,2391390000,21000,563255000,295535640,9.16
20/09/2021,16100,427915000,26.15(-2.24 %),37700,994955000,21600,567040000,295519540,9.16
21/09/2021,-12700,-324175000,25.4(-2.87 %),27100,688910000,39800,1013085000,295532240,9.16
22/09/2021,2800,50110000,25.9(1.97 %),57200,1448535000,54400,1398425000,295529440,9.16
23/09/2021,22200,568915000,25.6(-1.16 %),34900,893805000,12700,324890000,295507240,9.16
24/09/2021,91500,2368215000,25.9(1.17 %),99100,2564295000,7600,196080000,295415740,9.17
27/09/2021,39700,1016580000,25.55(-1.35 %),100800,2595045000,61100,1578465000,295376040,9.17
28/09/2021,-7700,-189745000,25(-2.15 %),36200,902895000,43900,1092640000,295383740,9.17
29/09/2021,-35200,-863590000,24.5(-2.00 %),6200,152545000,41400,1016135000,295418940,9.17
30/09/2021,-20700,-529035000,25(2.04 %),37000,906840000,57700,1435875000,295439640,9.17
01/10/2021,-19600,-485200000,24.9(-0.40 %),781540,18200730000,801140,18685930000,295306933,9.18
04/10/2021,58300,1509850000,25.9(4.02 %),73300,1894950000,15000,385100000,295248633,9.18
05/10/2021,-30600,-797515000,26.2(1.16 %),9100,239465000,39700,1036980000,295279233,9.18
06/10/2021,-14900,-389305000,25.9(-1.15 %),12400,322600000,27300,711905000,295294133,0.0
07/10/2021,-36200,-937155000,25.95(0.19 %),7400,191530000,43600,1128685000,295330333,0.0
08/10/2021,-32600,-850965000,26.1(0.58 %),13600,353290000,46200,1204255000,295362933,0.0
11/10/2021,46700,723064000,27(3.45 %),56800,995562000,10100,272498000,295316233,0.0
12/10/2021,19100,515880000,26.7(-1.11 %),25100,679590000,6000,163710000,295297133,0.0
13/10/2021,31500,838455000,26.45(-0.94 %),31600,841120000,100,2665000,295265633,0.0
14/10/2021,5700,151345000,26.3(-0.57 %),13000,343495000,7300,192150000,295259933,0.0
15/10/2021,3300,86205000,26.05(-0.95 %),5700,149075000,2400,62870000,295256633,0.0
18/10/2021,-21800,-559935000,25.6(-1.73 %),8400,216225000,30200,776160000,295278433,0.0
19/10/2021,3500,89855000,25.75(0.59 %),5900,151175000,2400,61320000,295274933,0.0
20/10/2021,5800,151090000,25.9(0.58 %),9600,249950000,3800,98860000,295269133,0.0
21/10/2021,-8400,-217765000,25.95(0.19 %),2200,57005000,10600,274770000,295283333,0.0
22/10/2021,-16000,-415240000,25.95(0.00 %),1000,25960000,17000,441200000,295299333,0.0
25/10/2021,-7600,-191725000,25.4(-2.12 %),24300,620885000,31900,812610000,295306933,0.0
26/10/2021,2900,74645000,25.8(1.57 %),5600,144265000,2700,69620000,295304033,0.0
27/10/2021,-3900,-99275000,25.65(-0.58 %),3600,92525000,7500,191800000,295307933,0.0
28/10/2021,-51600,-1290845000,25(-2.53 %),18400,460570000,70000,1751415000,295359533,26.01
29/10/2021,-15600,-379990000,24.8(-0.80 %),30700,751450000,46300,1131440000,295375133,26.01
01/11/2021,-8500,-209665000,24.7(-0.40 %),3000,74030000,11500,283695000,532979457,9.26
02/11/2021,29900,732920000,24.6(-0.40 %),33800,828255000,3900,95335000,532949557,9.26
03/11/2021,0,0,22.95(-6.71 %),0,0,0,0,532949557,9.26
04/11/2021,0,0,24.15(5.23 %),0,0,0,0,532949557,9.26
05/11/2021,-121700,-2992035000,24.65(2.07 %),26100,641110000,147800,3633145000,533071257,0.0
08/11/2021,98500,2444395000,24.9(1.01 %),105800,2625790000,7300,181395000,532851057,9.27
09/11/2021,10200,253145000,24.8(-0.40 %),11900,295305000,1700,42160000,532840857,9.27
10/11/2021,2000,49274000,24.65(-0.60 %),8200,202023400,6200,152749400,532838857,0.0
11/11/2021,7900,195175000,24.9(1.01 %),7900,195175000,0,0,532832957,9.27
12/11/2021,-11100,-277775000,25.05(0.60 %),3500,87710000,14600,365485000,532844057,9.27
15/11/2021,-39400,-967535000,24.6(-1.80 %),50300,1239730000,89700,2207265000,532883457,5.94
16/11/2021,-16000,-397170000,25.1(2.03 %),10400,255755000,26400,652925000,532899457,5.93
17/11/2021,-15700,-404735000,25.8(2.79 %),5900,153255000,21600,557990000,532915157,5.93
18/11/2021,15900,405300000,25.2(-2.33 %),18800,478495000,2900,73195000,532899257,5.93
19/11/2021,27800,677970000,23.45(-6.94 %),164100,3882750000,136300,3204780000,532871457,5.94
22/11/2021,-52300,-1202505000,23(-1.92 %),43200,1006310000,95500,2208815000,532923757,5.93
23/11/2021,33900,791505000,23.35(1.52 %),40100,935880000,6200,144375000,532889857,5.94
24/11/2021,23700,526775000,23.65(1.28 %),122600,2865230000,98900,2338455000,532866157,5.94
25/11/2021,503100,11855485000,23.8(0.63 %),513300,12095840000,10200,240355000,532363057,5.96
26/11/2021,8900,212460000,23.85(0.21 %),26000,625850000,17100,413390000,532354157,0.0
29/11/2021,968100,22275892000,23.15(-2.94 %),1078300,24815781600,110200,2539889600,531386057,0.0
30/11/2021,8700,202565000,23(-0.65 %),20600,476930000,11900,274365000,532345457,5.96
01/12/2021,524000,12047010000,23.05(0.22 %),547200,12580380000,23200,533370000,533180679,5.92
02/12/2021,-95500,-2192755000,22.9(-0.65 %),27500,630915000,123000,2823670000,533276179,5.92
03/12/2021,491900,11254655000,22.8(-0.44 %),512400,11724375000,20500,469720000,532784279,5.94
06/12/2021,6400,135230000,22.05(-3.29 %),58800,1303745000,52400,1168515000,532777879,5.94
07/12/2021,8800,195240000,22.2(0.68 %),18800,416490000,10000,221250000,532769079,5.94
08/12/2021,-40600,-931820000,22.95(3.38 %),8600,198260000,49200,1130080000,532809679,5.94
09/12/2021,56200,1290665000,22.9(-0.22 %),60200,1382465000,4000,91800000,532753479,0.0
10/12/2021,4900,113375000,23.6(3.06 %),22300,525750000,17400,412375000,532748579,5.94
13/12/2021,134400,3323040000,24.9(5.51 %),155000,3830295000,20600,507255000,532614179,5.95
14/12/2021,32000,806085000,24.95(0.20 %),42300,1061410000,10300,255325000,532582179,0.0
15/12/2021,15100,365010000,24.3(-2.61 %),29100,707830000,14000,342820000,532567079,0.0
16/12/2021,114100,2728590000,23.35(-3.91 %),157800,3760070000,43700,1031480000,532452979,0.0
17/12/2021,-2900,-65995000,23.45(0.43 %),61400,1439575000,64300,1505570000,532455879,0.0
20/12/2021,97600,2274710000,23.7(1.07 %),108600,2530835000,11000,256125000,532358279,0.0
21/12/2021,94900,2212835000,23.35(-1.48 %),97600,2275950000,2700,63115000,532263379,0.0
22/12/2021,61800,1438120000,23.1(-1.28 %),116500,2712830000,54700,1274710000,532201579,0.0
23/12/2021,73200,1704022800,23.1(0.00 %),92600,2155635400,19400,451612600,532128379,0.0
24/12/2021,0,0,23.3(0.87 %),0,0,0,0,532201579,0.0
27/12/2021,-18400,-430325000,23.35(0.21 %),1000,23410000,19400,453735000,531612349,5.99
28/12/2021,64000,1490415000,23.1(-1.28 %),69000,1606815000,5000,116400000,531548349,0.0
29/12/2021,74300,1726175000,23.2(0.43 %),98500,2287615000,24200,561440000,531479049,6.0
30/12/2021,106300,2469060000,23.2(0.00 %),106300,2469060000,0,0,531377749,6.0
31/12/2021,12100,279095000,23.15(-0.22 %),12300,283725000,200,4630000,531389649,6.0
04/01/2022,3200,74100000,23.3(0.43 %),5700,132280000,2500,58180000,531383949,6.0
05/01/2022,80600,1870435000,23.1(-0.86 %),124200,2880415000,43600,1009980000,531259949,6.01
06/01/2022,-2600,-60875000,22.85(-1.08 %),23600,540085000,26200,600960000,531238849,6.01
07/01/2022,8400,190680000,22.65(-1.09 %),15500,351950000,7100,161270000,531266911,6.01
10/01/2022,-19000,-117120000,23.2(2.20 %),14800,252979200,33800,370099200,531278311,6.01
11/01/2022,350900,8155370000,23.05(-0.65 %),373900,8687905000,23000,532535000,530911511,6.02
12/01/2022,84100,1918840000,22.95(-0.65 %),100800,2301305000,16700,382465000,530844578,6.03
13/01/2022,4600,104635000,22.65(-1.52 %),5600,127335000,1000,22700000,530861978,6.03
14/01/2022,86100,1945925000,22.7(0.00 %),107200,2418760000,21100,472835000,530771478,6.03
17/01/2022,388800,8958950000,22.9(0.88 %),401100,9240800000,12300,281850000,530371378,6.05
18/01/2022,147000,3364940000,22.95(0.22 %),147900,3385585000,900,20645000,530244578,6.05
19/01/2022,138100,3136630000,22.7(-1.30 %),140600,3193255000,2500,56625000,530116278,6.06
20/01/2022,162600,3690350000,22.75(0.22 %),163700,3715350000,1100,25000000,529952977,6.07
21/01/2022,44500,1010140000,22.7(-0.44 %),44500,1010140000,0,0,529910687,6.07
24/01/2022,124500,2853925000,22.8(0.44 %),140700,3227885000,16200,373960000,529770894,6.08
25/01/2022,95500,2229660000,23.35(2.41 %),131400,3060715000,35900,831055000,529639494,6.08
26/01/2022,-95400,-2675138400,24.1(2.99 %),240200,5398390800,335600,8073529200,529415494,6.09
27/01/2022,82000,1963575000,24(-0.41 %),115600,2769555000,33600,805980000,529335707,6.1
28/01/2022,19500,473250000,24.3(1.25 %),27900,677315000,8400,204065000,529643331,6.08
07/02/2022,-2306800,-60001455000,26(7.00 %),189900,4912550000,2496700,64914005000,529487031,6.09
08/02/2022,412900,10834480000,26(0.00 %),435200,11422690000,22300,588210000,529060231,6.11
09/02/2022,223000,5828295000,26.25(0.96 %),252000,6583340000,29000,755045000,531304931,6.01
10/02/2022,52200,1375330000,26.4(0.38 %),144800,3821660000,92600,2446330000,531182431,6.01
11/02/2022,-5000,-125525000,26.2(-0.76 %),21100,551285000,26100,676810000,531190331,6.01
14/02/2022,-14100,-392510000,26.4(0.76 %),38800,1036425000,52900,1428935000,531244131,6.01
15/02/2022,96000,2516765000,26.25(-0.57 %),105700,2768525000,9700,251760000,531164527,6.01
16/02/2022,-21500,-566030000,26.35(0.19 %),6500,171170000,28000,737200000,531210636,6.01
17/02/2022,146200,3907660000,26.8(1.52 %),188200,5036315000,42000,1128655000,531032136,6.02
18/02/2022,215800,5821955000,27.3(1.87 %),256600,6930420000,40800,1108465000,530803536,6.03
21/02/2022,72800,1971845000,26.8(-1.83 %),136200,3685470000,63400,1713625000,530709336,6.03
22/02/2022,22500,595375000,26.1(-2.61 %),64500,1691600000,42000,1096225000,530685636,6.03
23/02/2022,135200,3545210000,26.25(0.57 %),150600,3948865000,15400,403655000,530598436,6.04
24/02/2022,118100,3076880000,25.65(-2.47 %),207300,5360820000,89200,2283940000,530433037,6.05
25/02/2022,318000,8266470000,25.9(0.78 %),323200,8401710000,5200,135240000,530125237,6.06
28/02/2022,26700,682550000,25.35(-2.12 %),39000,994395000,12300,311845000,530175437,6.06
01/03/2022,-32200,-804130000,25.4(0.00 %),60000,1511270000,92200,2315400000,530120637,6.06
02/03/2022,18700,470250000,25(-1.57 %),19000,477795000,300,7545000,530113937,6.06
03/03/2022,-15000,-375430000,25(0.00 %),12000,298870000,27000,674300000,530194137,6.06
04/03/2022,42400,1078465000,25.4(1.60 %),49900,1268345000,7500,189880000,530144537,6.06
07/03/2022,-51700,-1290455000,24.9(-1.97 %),25900,646930000,77600,1937385000,530145637,6.06
08/03/2022,-91900,-2319410000,25.2(1.20 %),6500,160735000,98400,2480145000,530146637,6.06
09/03/2022,-3900,-99345000,25(-0.79 %),20700,518475000,24600,617820000,530203537,6.06
10/03/2022,37200,939615000,26.2(4.80 %),62400,1591580000,25200,651965000,530239537,6.05
11/03/2022,7900,205855000,25.8(-1.53 %),34600,898205000,26700,692350000,530229537,6.06
14/03/2022,-32900,-850855000,26.15(1.36 %),24200,635210000,57100,1486065000,530230537,6.06
15/03/2022,10200,269300000,26.15(-0.19 %),11600,306510000,1400,37210000,530245637,6.05
16/03/2022,54300,1433185000,25.7(-1.91 %),75700,1988290000,21400,555105000,530226868,6.06
17/03/2022,68100,1746245000,25.6(-0.39 %),71900,1843880000,3800,97635000,530156368,6.06
18/03/2022,98900,2515780000,25.35(-0.98 %),99000,2518315000,100,2535000,530078768,6.06
21/03/2022,5700,143070000,25.2(-0.79 %),9500,238820000,3800,95750000,530073068,6.06
22/03/2022,10700,270165000,25.3(0.40 %),11400,287875000,700,17710000,530061768,6.06
23/03/2022,-103300,-2607865000,25.2(-0.40 %),8700,219240000,112000,2827105000,530056868,6.06
24/03/2022,1000,24005000,25.45(0.99 %),13500,339215000,12500,315210000,530044000,6.06
25/03/2022,5500,139390000,25.35(-0.59 %),36100,918175000,30600,778785000,530119927,6.06
28/03/2022,-172200,-4286330000,24.95(-1.77 %),19900,498700000,192100,4785030000,530112527,6.06
29/03/2022,36600,917245000,25.1(0.40 %),52400,1312675000,15800,395430000,530090727,6.06
30/03/2022,34600,863820000,24.9(-0.80 %),35600,888905000,1000,25085000,530247227,6.05
31/03/2022,-14700,-365375000,24.9(0.00 %),20200,502915000,34900,868290000,530242827,6.05
01/04/2022,190000,4754465000,25.05(0.60 %),239400,5981605000,49400,1227140000,530004427,6.07
04/04/2022,9800,241690000,24.9(-0.80 %),23200,575910000,13400,334220000,530016127,6.06
05/04/2022,500,12455000,25.2(1.20 %),8400,210910000,7900,198455000,530057127,6.06
06/04/2022,-2800,-67885000,24.95(-0.99 %),16400,411205000,19200,479090000,530054127,6.06
07/04/2022,-62400,-1550030000,24.7(-1.20 %),4300,106410000,66700,1656440000,530116527,0.0
08/04/2022,-57800,-1422225000,24.1(-2.43 %),22000,536995000,79800,1959220000,530054996,6.06
12/04/2022,-82800,-2001095000,24(-0.41 %),1900,45855000,84700,2046950000,530137796,0.0
13/04/2022,-8100,-194640000,23.85(-0.62 %),1900,45205000,10000,239845000,530119796,6.06
14/04/2022,1800,43420000,24(0.42 %),1800,43420000,0,0,530280403,6.05
15/04/2022,-44200,-1050520000,23.4(-2.50 %),9700,229320000,53900,1279840000,530280703,6.05
18/04/2022,20200,459565000,22.55(-3.63 %),30800,701325000,10600,241760000,530249903,6.05
19/04/2022,33200,760380000,22.3(-1.33 %),72800,1659885000,39600,899505000,530231003,6.06
20/04/2022,90300,2044165000,22.55(1.12 %),102300,2315280000,12000,271115000,530234303,0.0
21/04/2022,50500,1114155000,22.3(-1.33 %),54700,1207440000,4200,93285000,530124203,6.06
22/04/2022,-35000,-806855000,21.9(-1.79 %),49200,1088510000,84200,1895365000,530087003,6.06
25/04/2022,-14500,-352565000,20.7(-5.48 %),50200,1056385000,64700,1408950000,530041003,6.06
26/04/2022,176400,3659635000,21.5(3.86 %),185700,3852825000,9300,193190000,529939503,6.07
27/04/2022,-17000,-366460000,21.85(1.63 %),8600,185020000,25600,551480000,529995603,6.07
28/04/2022,-59300,-1288095000,21.7(-0.91 %),6400,139535000,65700,1427630000,529998503,6.07
29/04/2022,1100,23905000,21.75(0.23 %),24600,533855000,23500,509950000,529999503,6.07
04/05/2022,-11900,-269880000,22.3(2.29 %),5200,115220000,17100,385100000,530060003,6.06
05/05/2022,-54800,-1208505000,21.95(-1.57 %),12000,260955000,66800,1469460000,530114803,0.0
06/05/2022,-61800,-1297800000,21(-4.55 %),3500,73500000,65300,1371300000,530085103,6.06
09/05/2022,28100,549355000,19.55(-6.90 %),62300,1217965000,34200,668610000,530089603,6.06
10/05/2022,31000,623100000,20.1(2.55 %),55800,1121580000,24800,498480000,530099103,6.06
11/05/2022,34000,689830000,20.3(1.00 %),36800,746390000,2800,56560000,530065103,0.0
12/05/2022,-36700,-746880000,19(-6.40 %),26700,519085000,63400,1265965000,530101803,0.0
13/05/2022,-700,-8060000,17.75(-6.58 %),30900,570425000,31600,578485000,530066503,6.06
16/05/2022,-45500,-823550000,18.1(1.69 %),49700,899570000,95200,1723120000,530080203,6.06
17/05/2022,-35100,-673920000,19.2(6.08 %),25400,487680000,60500,1161600000,530086403,6.06
18/05/2022,-64200,-1206960000,18.8(-2.08 %),24600,462480000,88800,1669440000,530156965,6.06
19/05/2022,-102500,-1880875000,18.35(-2.39 %),20100,368835000,122600,2249710000,530197365,6.06
20/05/2022,-71400,-1313760000,18.4(0.00 %),2700,49680000,74100,1363440000,530283465,6.05
23/05/2022,-83900,-1497615000,17.85(-2.99 %),16600,296310000,100500,1793925000,530389465,6.05
24/05/2022,-252800,-4398720000,17.4(-2.79 %),38100,662940000,290900,5061660000,530425465,6.05
25/05/2022,-128800,-2292640000,17.8(2.30 %),6400,113920000,135200,2406560000,530519565,6.04
26/05/2022,1200,21420000,17.85(0.28 %),47100,840735000,45900,819315000,530763365,6.03
27/05/2022,-145200,-2700720000,18.6(3.91 %),64900,1207140000,210100,3907860000,530833665,6.03
30/05/2022,-86300,-1652645000,19.15(2.96 %),9000,172350000,95300,1824995000,530870565,6.03
31/05/2022,-198500,-3702025000,18.65(-2.86 %),11100,207015000,209600,3909040000,531069565,6.02
01/06/2022,-14700,-273420000,18.6(-0.53 %),12200,226920000,26900,500340000,531152665,6.01
02/06/2022,-263300,-4739400000,18(-3.23 %),17600,316800000,280900,5056200000,531344665,6.0
03/06/2022,-156900,-2832045000,18.05(0.28 %),26900,485545000,183800,3317590000,531344665,6.0
06/06/2022,-105600,-1906770000,17.9(-1.10 %),23400,423445000,129000,2330215000,531602165,5.99
07/06/2022,-233000,-4112450000,17.65(-1.40 %),11000,194150000,244000,4306600000,531774965,5.99
08/06/2022,-205400,-3707470000,18.05(1.98 %),61700,1113685000,267100,4821155000,531842265,5.98
09/06/2022,-97800,-1809300000,18.5(2.21 %),26100,482850000,123900,2292150000,532060165,5.97
10/06/2022,19600,352800000,18(-2.70 %),22900,412200000,3300,59400000,532304365,5.96
13/06/2022,-244500,-4180950000,17.1(-5.00 %),13800,235980000,258300,4416930000,532414465,5.96
14/06/2022,6200,106020000,17.1(0.00 %),7600,129960000,1400,23940000,532410165,5.96
15/06/2022,-204000,-3294600000,16.15(-5.56 %),21300,343995000,225300,3638595000,532647076,5.95
16/06/2022,-147500,-2396875000,16.25(0.31 %),12300,199875000,159800,2596750000,532636176,5.95
17/06/2022,-130800,-2040480000,15.6(-4.29 %),29600,461760000,160400,2502240000,532831876,5.94
20/06/2022,-251630,-3757686500,14.6(-6.41 %),20900,307315000,272530,4065001500,532970776,5.93
21/06/2022,53800,804310000,14.95(2.40 %),143900,2151305000,90100,1346995000,532987276,5.93
22/06/2022,-148100,-2273335000,15.35(2.33 %),12100,185735000,160200,2459070000,533247706,5.92
23/06/2022,-41900,-641070000,15.3(-0.65 %),30800,471240000,72700,1112310000,533307006,5.92
24/06/2022,-127700,-1947425000,15.25(-0.33 %),26900,410225000,154600,2357650000,533440306,5.91
27/06/2022,-46700,-750065000,16.3(6.54 %),41800,669685000,88500,1419750000,533471265,5.91
28/06/2022,-82400,-1359600000,16.5(1.23 %),9700,160050000,92100,1519650000,533616165,5.9
29/06/2022,-23300,-375310000,16.05(-2.73 %),4700,75405000,28000,450715000,533699965,5.9
30/06/2022,30200,468100000,15.5(-3.73 %),60400,936200000,30200,468100000,533731665,5.9
01/07/2022,-71000,-1107600000,15.6(0.65 %),11400,177840000,82400,1285440000,533748265,5.9
04/07/2022,20300,322045000,15.75(0.96 %),24900,394905000,4600,72860000,533752165,0.0
05/07/2022,-8600,-132870000,15.45(-2.22 %),2600,40170000,11200,173040000,533833365,5.89
06/07/2022,-10600,-165360000,15.6(0.65 %),2800,43680000,13400,209040000,533835165,5.89
07/07/2022,-8400,-131460000,15.65(0.32 %),13600,212840000,22000,344300000,533832765,5.89
08/07/2022,34000,73350000,16.35(4.14 %),36800,81500000,2800,8150000,533798765,0.0
11/07/2022,4500,73350000,16.3(-0.61 %),5000,81500000,500,8150000,533863198,5.89
12/07/2022,11300,184755000,16.35(0.31 %),21400,349890000,10100,165135000,533877656,5.89
13/07/2022,-1500,-24675000,16.45(0.30 %),2900,47705000,4400,72380000,533875180,5.89
14/07/2022,13400,220430000,16.45(-0.30 %),14300,235235000,900,14805000,533870980,5.89
15/07/2022,7900,129560000,16.4(-0.61 %),8500,139400000,600,9840000,533866880,5.89
18/07/2022,-2400,-39360000,16.4(0.00 %),32700,536280000,35100,575640000,533835080,5.89
19/07/2022,900,14760000,16.4(0.00 %),5000,82000000,4100,67240000,533830680,5.89
20/07/2022,-17200,-285520000,16.6(1.22 %),6800,112880000,24000,398400000,533858980,5.89
21/07/2022,3900,64155000,16.45(-0.90 %),13500,222075000,9600,157920000,533849580,5.89
22/07/2022,-41900,-147740000,16.6(0.61 %),30800,142760000,72700,290500000,533864980,5.89
25/07/2022,2700,44145000,16.35(-1.51 %),9600,156960000,6900,112815000,533864980,5.89
26/07/2022,8800,142560000,16.2(-1.22 %),22300,361260000,13500,218700000,533860180,5.89
27/07/2022,16100,256795000,15.95(-1.54 %),16100,256795000,0,0,533850980,5.89
28/07/2022,20700,333270000,16.1(0.62 %),20900,336490000,200,3220000,533843580,5.89
29/07/2022,45100,744150000,16.5(2.48 %),55300,912450000,10200,168300000,533788280,5.89
01/08/2022,28900,489855000,16.95(2.73 %),53300,903435000,24400,413580000,533735180,5.9
02/08/2022,-4300,-72885000,16.95(-0.29 %),16300,276285000,20600,349170000,533729080,5.9
03/08/2022,-39800,-678590000,17.05(0.29 %),40700,693935000,80500,1372525000,533712780,5.9
04/08/2022,112300,1920330000,17.1(0.00 %),123400,2110140000,11100,189810000,533609980,5.9
05/08/2022,98600,1755080000,17.8(4.09 %),130700,2326460000,32100,571380000,533559780,5.9
08/08/2022,123700,2177120000,17.6(-1.12 %),124200,2185920000,500,8800000,533446680,5.91
09/08/2022,11600,203580000,17.55(-0.28 %),11600,203580000,0,0,533467180,5.91
10/08/2022,190100,3440810000,18.1(2.84 %),198000,3583800000,7900,142990000,533269680,5.92
11/08/2022,104200,1854760000,17.8(-1.66 %),158500,2821300000,54300,966540000,533111180,5.93
12/08/2022,128200,2288370000,17.85(0.28 %),132300,2361555000,4100,73185000,532986780,5.93
15/08/2022,1400,24710000,17.65(-1.40 %),18400,324760000,17000,300050000,533022680,5.93
16/08/2022,-7400,-130980000,17.7(0.00 %),4900,86730000,12300,217710000,533021880,5.93
17/08/2022,300,5205000,17.35(-1.98 %),7800,135330000,7500,130125000,533031040,5.93
18/08/2022,-47600,-825860000,17.35(-0.29 %),200,3470000,47800,829330000,533043140,5.93
19/08/2022,-35000,-609000000,17.4(0.00 %),5500,95700000,40500,704700000,533045140,5.93
22/08/2022,-33000,-574200000,17.4(0.00 %),3000,52200000,36000,626400000,533089940,5.93
23/08/2022,-59700,-1041765000,17.45(0.29 %),4300,75035000,64000,1116800000,533126173,5.92
24/08/2022,35000,626500000,17.9(2.29 %),67800,1213620000,32800,587120000,533094373,5.93
25/08/2022,8800,157520000,17.9(0.00 %),9300,166470000,500,8950000,533149073,5.92
26/08/2022,6900,121785000,17.65(-1.40 %),6900,121785000,0,0,533174973,5.92
29/08/2022,-6500,-110825000,17.05(-3.67 %),14100,240405000,20600,351230000,533161373,5.92
30/08/2022,-13800,-235980000,17.1(0.00 %),3200,54720000,17000,290700000,533158173,5.92
31/08/2022,-10500,-181125000,17.25(0.88 %),700,12075000,11200,193200000,533178073,5.92
05/09/2022,22900,389300000,17(-1.73 %),27700,470900000,4800,81600000,533167373,5.92
06/09/2022,-200,-3370000,16.85(-0.88 %),300,5055000,500,8425000,533178273,5.92
07/09/2022,8500,138125000,16.25(-3.85 %),16800,273000000,8300,134875000,533166283,5.92
08/09/2022,-10100,-153015000,15.15(-7.06 %),95400,1445310000,105500,1598325000,533071383,5.93
09/09/2022,-110600,-1642410000,14.85(-2.30 %),70700,1049895000,181300,2692305000,533008983,5.93
12/09/2022,-21076,-1642410000,14.65(-1.68 %),46100,1049895000,67176,2692305000,533068383,5.93
13/09/2022,-45147,-473888000,14.8(0.68 %),8500,57525000,53647,531413000,533241183,5.92
14/09/2022,-37486,-473888000,14.75(-0.34 %),2600,57525000,40086,531413000,533305759,5.92
15/09/2022,20493,-552918500,15.15(2.36 %),22100,38350000,1607,591268500,0,5.91
16/09/2022,20600,305910000,14.85(-2.30 %),41400,614790000,20800,308880000,533335992,5.92
19/09/2022,-37300,-542715000,14.55(-2.35 %),4600,66930000,41900,609645000,533373292,5.91
20/09/2022,-7810,-116759500,14.95(2.40 %),18100,270595000,25910,387354500,533335699,5.92
21/09/2022,12100,177265000,14.65(-2.33 %),12100,177265000,0,0,533365499,5.91
22/09/2022,-1802,-26669600,14.8(0.68 %),2310,34188000,4112,60857600,533389099,5.91
23/09/2022,-20656,-301577600,14.6(-1.35 %),1100,16060000,21756,317637600,533387999,5.91
26/09/2022,11800,168150000,14.25(-2.40 %),23000,327750000,11200,159600000,533369111,5.91
27/09/2022,-15500,-217775000,14.05(-1.75 %),14000,196700000,29500,414475000,533376867,5.91
28/09/2022,-1370,-18700500,13.65(-3.19 %),16300,222495000,17670,241195500,533371767,5.91
29/09/2022,7190,97784000,13.6(-0.73 %),13600,184960000,6410,87176000,533387667,5.91
30/09/2022,-700,-9345000,13.35(-1.84 %),29300,391155000,30000,400500000,533376037,5.91
03/10/2022,22900,286250000,12.5(-6.72 %),24300,303750000,1400,17500000,533358147,5.91
04/10/2022,25200,312480000,12.4(-0.80 %),72400,897760000,47200,585280000,533315747,5.92
05/10/2022,24730,311598000,12.6(1.61 %),59830,753858000,35100,442260000,533257317,5.92
06/10/2022,24600,300120000,12.2(-3.17 %),32900,401380000,8300,101260000,533271617,5.92
07/10/2022,48800,553880000,11.35(-6.97 %),52400,594740000,3600,40860000,533254317,5.92
10/10/2022,45100,507375000,11.25(-1.32 %),110400,1242000000,65300,734625000,533152217,5.92
11/10/2022,6272,68992000,11(-2.65 %),16480,181280000,10208,112288000,533139337,5.92
12/10/2022,49800,567720000,11.4(3.64 %),74300,847020000,24500,279300000,533130337,5.92
13/10/2022,-24300,-281880000,11.6(1.75 %),5700,66120000,30000,348000000,533134845,5.92
14/10/2022,72400,843460000,11.65(0.43 %),73300,853945000,900,10485000,533086045,5.93
17/10/2022,-21100,-241595000,11.45(-2.14 %),400,4580000,21500,246175000,533115645,5.92
18/10/2022,-500,-5825000,11.65(1.30 %),500,5825000,1000,11650000,533116045,5.92
19/10/2022,-11000,-128940000,11.8(0.85 %),7700,90725000,18700,219665000,533127045,5.92
20/10/2022,-13100,-154480000,11.7(-0.85 %),6100,71370000,19200,225850000,533142945,5.92
21/10/2022,-21100,-237540000,11.15(-4.70 %),4200,48580000,25300,286120000,533145845,5.92
24/10/2022,5800,64270000,10.55(-5.80 %),8200,90490000,2400,26220000,533133445,5.92
25/10/2022,76800,799070000,10.55(-0.47 %),76800,799070000,0,0,533056645,5.93
26/10/2022,-7000,-73900000,10.55(-0.47 %),12500,132955000,19500,206855000,533080445,5.93
27/10/2022,-1300,-13170000,10.85(2.36 %),24600,264960000,25900,278130000,533064045,5.93
28/10/2022,6800,73100000,10.75(-1.38 %),6900,74175000,100,1075000,533076645,5.93
31/10/2022,-23492,-253713600,10.8(0.00 %),400,4320000,23892,258033600,533102145,5.93
01/11/2022,-772,-8414800,10.9(0.93 %),728,7935200,1500,16350000,533101517,5.93
02/11/2022,-8682,-94633800,10.9(0.00 %),6318,68866200,15000,163500000,533119091,5.92
03/11/2022,-2300,-24955000,10.85(-0.46 %),7700,83545000,10000,108500000,533112891,5.93
04/11/2022,-3100,-33170000,10.7(-1.83 %),13000,139100000,16100,172270000,533114891,5.93
07/11/2022,-62364,-629876400,10.1(-5.61 %),200,2020000,62564,631896400,533124691,5.92
08/11/2022,23052,236283000,10.25(1.49 %),24914,255368500,1862,19085500,533115877,5.92
09/11/2022,6220,64688000,10.4(0.97 %),9300,96720000,3080,32032000,533169141,5.92
10/11/2022,-13500,-131760000,9.76(-6.15 %),9300,90768000,22800,222528000,533161703,5.92
11/11/2022,-19600,-194040000,9.9(1.02 %),3600,35640000,23200,229680000,533161183,5.92
14/11/2022,38043,351897750,9.25(-6.57 %),85010,786342500,46967,434444750,533098973,5.93
15/11/2022,16339,140678790,8.61(-7.42 %),37310,321239100,20971,180560310,533084863,5.93
16/11/2022,112600,1037046000,9.21(7.09 %),118900,1095069000,6300,58023000,533012930,5.93
17/11/2022,-21000,-197820000,9.42(2.39 %),25600,241152000,46600,438972000,533008301,5.93
18/11/2022,10700,99510000,9.3(-1.06 %),44100,410130000,33400,310620000,532970501,5.93
21/11/2022,24564,229673400,9.35(0.54 %),35664,333458400,11100,103785000,532981437,5.93
22/11/2022,9333,87543540,9.38(-0.21 %),33633,315477540,24300,227934000,532981204,5.93
23/11/2022,-36300,-335049000,9.23(-1.81 %),3900,35997000,40200,371046000,532988404,5.93
24/11/2022,-30200,-278444000,9.22(-0.11 %),12200,112484000,42400,390928000,533000504,5.93
25/11/2022,19205,180527000,9.4(2.17 %),29605,278287000,10400,97760000,533011099,5.93
28/11/2022,77200,772000000,10(6.38 %),81400,814000000,4200,42000000,532933899,5.93
29/11/2022,40888,423190800,10.35(3.50 %),41000,424350000,112,1159200,532893011,5.94
30/11/2022,17444,179673200,10.3(-0.96 %),18590,191477000,1146,11803800,532875567,5.94
01/12/2022,-19550,-204297500,10.45(1.46 %),42300,442035000,61850,646332500,532884809,0.0
02/12/2022,30700,326955000,10.65(1.43 %),30800,328020000,100,1065000,532854109,5.94
05/12/2022,-15798,-174567900,11.05(3.27 %),5100,56355000,20898,230922900,532869907,5.94
06/12/2022,-8253,-87481800,10.6(-4.50 %),19800,209880000,28053,297361800,532878160,5.94
07/12/2022,-9099,-95994450,10.55(-0.47 %),32701,344995550,41800,440990000,532887259,5.94
08/12/2022,35600,391600000,11(3.77 %),46000,506000000,10400,114400000,532862567,5.94
09/12/2022,-5600,-65800000,11.75(6.82 %),5000,58750000,10600,124550000,532899367,5.93
12/12/2022,-5210,-65385500,12.55(6.36 %),90,1129500,5300,66515000,532862469,0.0
13/12/2022,-132400,-1707960000,12.9(2.38 %),53700,692730000,186100,2400690000,532994869,5.93
14/12/2022,-52300,-698205000,13.35(3.49 %),8300,110805000,60600,809010000,533047169,0.0
15/12/2022,27744,395352000,14.25(6.34 %),36000,513000000,8256,117648000,533019425,0.0
16/12/2022,15880,239788000,15.1(5.59 %),139680,2109168000,123800,1869380000,533003545,5.93
19/12/2022,-112874,-1602810800,14.2(-5.96 %),66500,944300000,179374,2547110800,533116419,5.92
20/12/2022,40200,598980000,14.9(4.93 %),142400,2121760000,102200,1522780000,533076219,5.93
21/12/2022,1400,19950000,14.25(-4.36 %),11100,158175000,9700,138225000,533074819,5.93
22/12/2022,7100,95495000,13.45(-5.94 %),64100,862145000,57000,766650000,533067719,5.93
23/12/2022,90100,1220855000,13.55(0.37 %),95900,1299445000,5800,78590000,532977619,0.0
26/12/2022,52200,660330000,12.65(-6.99 %),70600,893090000,18400,232760000,532925419,5.93
27/12/2022,122615,1655302500,13.5(6.30 %),123800,1671300000,1185,15997500,532802804,5.94
28/12/2022,-125110,-1770306500,14.15(4.81 %),4700,66505000,129810,1836811500,532927914,0.0
29/12/2022,-4100,-56785000,13.85(-2.46 %),10300,142655000,14400,199440000,532850912,5.94
30/12/2022,38200,530980000,13.9(0.00 %),43200,600480000,5000,69500000,532937522,5.93
03/01/2023,30300,439350000,14.5(4.32 %),47300,685850000,17000,246500000,532890222,0.0
04/01/2023,-82100,-1165820000,14.2(-2.07 %),13000,184600000,95100,1350420000,532896622,5.93
05/01/2023,94000,1348900000,14.35(1.06 %),139700,2004695000,45700,655795000,532773922,5.94
06/01/2023,33160,469214000,14.15(-1.74 %),71170,1007055500,38010,537841500,532797852,5.94
09/01/2023,162780,2425422000,14.9(4.93 %),172100,2564290000,9320,138868000,532671452,5.95
10/01/2023,-70156,-1020769800,14.55(-2.35 %),11500,167325000,81656,1188094800,532697962,5.94
11/01/2023,-18300,-273585000,14.95(2.40 %),23300,348335000,41600,621920000,532683982,5.94
12/01/2023,-117120,-1745088000,14.9(-0.67 %),9400,140060000,126520,1885148000,532756238,5.94
13/01/2023,-56600,-826360000,14.6(-2.01 %),47300,690580000,103900,1516940000,532750538,5.94
16/01/2023,7470,106447500,14.25(-2.40 %),24870,354397500,17400,247950000,532852188,5.94
17/01/2023,22900,332050000,14.5(1.40 %),28900,419050000,6000,87000000,532927188,5.93
18/01/2023,91500,1331325000,14.55(0.34 %),102400,1489920000,10900,158595000,532842188,5.94
19/01/2023,-11600,-171100000,14.75(1.03 %),3300,48675000,14900,219775000,532844888,5.94
27/01/2023,-103790,-1479007500,14.25(-3.72 %),5010,71392500,108800,1550400000,532850778,5.94
30/01/2023,-21950,-304007500,13.85(-3.15 %),5650,78252500,27600,382260000,532860028,5.94
31/01/2023,-1600,-22560000,14.1(1.44 %),12500,176250000,14100,198810000,532956328,5.93
01/02/2023,-43651,-587105950,13.45(-4.61 %),2849,38319050,46500,625425000,532981079,5.93
02/02/2023,3916,51299600,13.1(-2.96 %),13300,174230000,9384,122930400,532981879,5.93
03/02/2023,-89290,-1107196000,12.4(-5.34 %),17510,217124000,106800,1324320000,533010869,5.93
06/02/2023,-20200,-245430000,12.15(-2.02 %),14900,181035000,35100,426465000,533005353,5.93
07/02/2023,103101,1304227650,12.65(3.69 %),113101,1430727650,10000,126500000,532999052,5.93
08/02/2023,-3700,-46620000,12.6(-0.79 %),5200,65520000,8900,112140000,533028952,5.93
09/02/2023,-8300,-103750000,12.5(-0.79 %),3500,43750000,11800,147500000,533035452,5.93
10/02/2023,-89600,-1084160000,12.1(-3.20 %),6500,78650000,96100,1162810000,533037852,5.93
13/02/2023,21500,250475000,11.65(-3.72 %),36000,419400000,14500,168925000,533013652,5.93
14/02/2023,40698,480236400,11.8(0.85 %),51900,612420000,11202,132183600,533057852,5.93
15/02/2023,18500,222000000,12(1.69 %),18500,222000000,0,0,533053852,5.93
16/02/2023,-11025,-133402500,12.1(0.83 %),1200,14520000,12225,147922500,533063854,5.93
17/02/2023,-26100,-315810000,12.1(0.00 %),2100,25410000,28200,341220000,533061754,5.93
20/02/2023,3600,45720000,12.7(4.96 %),23800,302260000,20200,256540000,533050179,5.93
21/02/2023,-16200,-204120000,12.6(-0.79 %),2200,27720000,18400,231840000,533076179,5.93
22/02/2023,6034,73011400,12.1(-3.97 %),19200,232320000,13166,159308600,533077179,5.93
23/02/2023,38000,469300000,12.35(2.07 %),38200,471770000,200,2470000,533057379,5.93
24/02/2023,-1400,-18200000,13(4.84 %),1,13000,1401,18213000,533058779,5.93
27/02/2023,4833,60654150,12.55(-3.46 %),4933,61909150,100,1255000,533065811,5.93
28/02/2023,-21719,-262799900,12.1(-3.97 %),3700,44770000,25419,307569900,533063512,5.93
01/03/2023,14600,180310000,12.35(2.07 %),16900,208715000,2300,28405000,533046712,5.93
02/03/2023,-18400,-223560000,12.15(-2.02 %),14100,171315000,32500,394875000,533058031,5.93
03/03/2023,-27220,-326640000,12(-1.64 %),6900,82800000,34120,409440000,533053431,5.93
06/03/2023,-7300,-91250000,12.5(4.17 %),900,11250000,8200,102500000,533085031,5.93
07/03/2023,-28200,-349680000,12.4(-0.80 %),400,4960000,28600,354640000,533118751,5.92
08/03/2023,-1690,-21040500,12.45(0.40 %),14610,181894500,16300,202935000,533112341,5.93
09/03/2023,-8500,-113050000,13.3(6.40 %),0,0,8500,113050000,533140941,5.92
10/03/2023,-59184,-825616800,13.95(4.89 %),1616,22543200,60800,848160000,533155625,5.92
13/03/2023,-55900,-726700000,13(-7.14 %),13800,179400000,69700,906100000,533211525,0.0
14/03/2023,-6470,-85080500,13.15(1.15 %),3500,46025000,9970,131105500,533207625,5.92
15/03/2023,43007,580594500,13.5(2.27 %),43300,584550000,293,3955500,533234025,5.92
16/03/2023,10172,133253200,13.1(-2.96 %),10200,133620000,28,366800,533233795,5.92
17/03/2023,22700,297370000,13.1(0.00 %),22800,298680000,100,1310000,533211288,5.92
20/03/2023,-49200,-624840000,12.7(-3.05 %),3600,45720000,52800,670560000,533207716,5.92
21/03/2023,49600,-18200000,12.9(1.57 %),65900,13000,16300,18213000,533141916,5.92
22/03/2023,-13800,-180770000,13.1(1.55 %),5000,65750000,18800,246520000,533155716,0.0
23/03/2023,4300,55770000,13(-0.76 %),5300,68770000,1000,13000000,533151416,0.0
24/03/2023,-10800,-139870000,12.95(-0.38 %),700,9050000,11500,148920000,533162216,0.0
27/03/2023,-22100,-291720000,13.2(1.54 %),0,0,22100,291720000,533184316,5.92
28/03/2023,-64300,-832685000,12.95(-1.89 %),500,6475000,64800,839160000,533248616,0.0
29/03/2023,20800,272480000,13.1(0.77 %),35700,467670000,14900,195190000,533217216,5.92
30/03/2023,36600,472140000,12.9(-1.53 %),39900,514710000,3300,42570000,533242116,5.92
31/03/2023,4500,57825000,12.85(-0.39 %),4700,60395000,200,2570000,533252316,5.92
03/04/2023,33900,435615000,12.85(-0.39 %),42900,551265000,9000,115650000,533212716,5.92
04/04/2023,-3500,-45850000,13.1(1.55 %),1300,17030000,4800,62880000,533211616,5.92
05/04/2023,1400,18340000,13.1(0.00 %),1400,18340000,0,0,533219216,5.92
06/04/2023,-14710,-194172000,13.2(0.76 %),0,0,14710,194172000,533224016,5.92
07/04/2023,6000,78300000,13.05(-1.14 %),6000,78300000,0,0,533218016,5.92
10/04/2023,-2900,-37990000,13.1(0.00 %),100,1310000,3000,39300000,533232626,5.92
11/04/2023,-14500,-192125000,13.25(1.15 %),7000,92750000,21500,284875000,533225626,5.92
12/04/2023,-4900,-64435000,13.15(-1.13 %),500,6575000,5400,71010000,533228126,5.92
13/04/2023,24010,300125000,12.5(-5.30 %),24310,303875000,300,3750000,533225316,5.92
14/04/2023,33210,406822500,12.25(-2.00 %),43410,531772500,10200,124950000,533187306,5.92
17/04/2023,-776,-9583600,12.35(0.41 %),2924,36111400,3700,45695000,533184682,5.92
18/04/2023,550,6792500,12.35(-0.40 %),950,11732500,400,4940000,533193932,5.92
19/04/2023,4218,52303200,12.4(0.00 %),7600,94240000,3382,41936800,533190032,5.92
20/04/2023,2900,35530000,12.4(0.00 %),3500,42910000,600,7380000,533187132,5.92
21/04/2023,-2290,-28052500,12.25(-1.21 %),2210,27072500,4500,55125000,533188104,5.92
24/04/2023,11000,132550000,12.05(-2.03 %),15400,185570000,4400,53020000,533173304,5.92
25/04/2023,500,6025000,12.05(-0.41 %),1000,12050000,500,6025000,533176804,5.92
26/04/2023,8920,107486000,12.05(-0.41 %),13920,167736000,5000,60250000,533167284,5.92
27/04/2023,-33700,-412115000,12.2(1.24 %),1600,19460000,35300,431575000,533200984,5.92
28/04/2023,100,1015000,12.1(-0.82 %),2100,25415000,2000,24400000,533200884,5.92
04/05/2023,-3300,-42560000,12.9(6.61 %),0,0,3300,42560000,533169084,5.92
05/05/2023,-25500,-330460000,12.7(-1.55 %),12000,153795000,37500,484255000,533194384,5.92
08/05/2023,42500,525680000,12.25(-3.54 %),49400,610550000,6900,84870000,533148304,5.92
09/05/2023,400,4845000,12.25(-0.41 %),1400,17120000,1000,12275000,533184404,5.92
10/05/2023,5500,68085000,12.4(0.81 %),5900,73020000,400,4935000,533178904,5.92
11/05/2023,8200,102045000,12.4(0.00 %),8300,103300000,100,1255000,533178116,5.92
12/05/2023,-10300,-126935000,12.4(0.00 %),9700,119815000,20000,246750000,533168816,5.92
15/05/2023,-6000,-76200000,12.45(0.40 %),7100,88565000,13100,164765000,533174816,5.92
16/05/2023,-15100,-193070000,12.7(2.01 %),400,5080000,15500,198150000,533189916,5.92
17/05/2023,-17100,-216435000,12.5(-1.57 %),7500,95385000,24600,311820000,533207016,5.92
18/05/2023,3500,43615000,12.5(0.00 %),3500,43615000,0,0,533203516,5.92
19/05/2023,-5800,-72835000,12.45(-0.40 %),5500,68450000,11300,141285000,533209316,5.92
22/05/2023,9700,121200000,12.7(2.01 %),13500,168940000,3800,47740000,533199616,5.92
23/05/2023,-800,-10370000,12.6(-0.79 %),5600,70890000,6400,81260000,533200416,5.92
24/05/2023,15300,192745000,12.5(-0.79 %),15300,192745000,0,0,533185116,5.92
25/05/2023,35000,436075000,12.5(0.00 %),43300,539600000,8300,103525000,533150116,5.92
26/05/2023,-27300,-349245000,12.7(1.60 %),103400,1310280000,130700,1659525000,533177416,5.92
29/05/2023,-13500,-175265000,13.1(3.15 %),61400,786715000,74900,961980000,533190916,5.92
30/05/2023,67800,888075000,13.1(0.00 %),70800,927135000,3000,39060000,533123116,5.92
31/05/2023,116100,1520555000,13.15(0.38 %),125100,1638780000,9000,118225000,533007016,5.93
01/06/2023,17100,224770000,13.15(0.00 %),49300,651595000,32200,426825000,533015251,5.93
02/06/2023,111400,1461050000,13.2(0.38 %),113000,1482305000,1600,21255000,532903851,5.93
05/06/2023,51500,686710000,13.35(1.14 %),88100,1176520000,36600,489810000,532852351,5.94
06/06/2023,25700,341805000,13.4(0.37 %),28800,383180000,3100,41375000,532826651,5.94
07/06/2023,-41900,-559540000,13.4(0.00 %),35900,479770000,77800,1039310000,532868551,5.94
08/06/2023,55400,744950000,13.65(1.87 %),105000,1423640000,49600,678690000,532813151,5.94
09/06/2023,87400,1179115000,13.5(-1.10 %),87400,1179115000,0,0,532725751,5.94
12/06/2023,32400,435760000,13.45(-0.37 %),37000,497420000,4600,61660000,532693351,5.94
13/06/2023,79000,1076490000,13.5(0.37 %),79900,1088720000,900,12230000,532614351,5.95
14/06/2023,32200,437480000,13.3(-1.48 %),32300,438850000,100,1370000,532582151,5.95
15/06/2023,49300,655720000,13.2(-0.75 %),49300,655720000,0,0,532532851,5.95
16/06/2023,-5300,-72475000,13.2(0.00 %),14700,195805000,20000,268280000,532513147,5.95
19/06/2023,37200,494885000,13.25(0.38 %),38200,508220000,1000,13335000,532474947,5.95
20/06/2023,-1800,-24060000,13.35(0.38 %),3800,50375000,5600,74435000,532476747,5.95
21/06/2023,-9700,-129440000,13.35(-0.37 %),8200,109455000,17900,238895000,532483947,5.95
22/06/2023,-85000,-1199145000,13.9(4.12 %),30400,424080000,115400,1623225000,532568947,5.95
23/06/2023,181600,2549330000,14.3(2.88 %),184800,2594125000,3200,44795000,532387347,5.96
26/06/2023,60600,879755000,14.55(1.75 %),125000,1820165000,64400,940410000,532282665,5.96
27/06/2023,-5900,-86620000,14.4(-1.37 %),8700,125865000,14600,212485000,532288565,5.96
28/06/2023,106900,1553620000,14.4(0.00 %),117400,1705195000,10500,151575000,532181665,5.97
29/06/2023,10000,143175000,14.15(-1.74 %),10200,146050000,200,2875000,532171665,5.97
30/06/2023,-6200,-87060000,13.9(-2.11 %),5400,75370000,11600,162430000,532177865,5.97
03/07/2023,14900,210140000,14.15(1.80 %),39600,557070000,24700,346930000,532233714,5.96
04/07/2023,121200,1743665000,14.45(1.76 %),153600,2205840000,32400,462175000,532112514,5.97
05/07/2023,4400,62925000,14.25(-1.72 %),6500,93085000,2100,30160000,532108114,5.97
06/07/2023,-64800,-869975000,13.3(-6.99 %),47700,640875000,112500,1510850000,532055141,5.97
07/07/2023,-30700,-406275000,13.2(-0.75 %),22900,296970000,53600,703245000,532034311,5.97
10/07/2023,-54300,-724150000,13.25(0.38 %),15700,208355000,70000,932505000,532088611,5.97
11/07/2023,-11600,-154355000,13.15(-1.13 %),67700,892785000,79300,1047140000,532100211,5.97
12/07/2023,-38000,-484585000,12.7(-3.79 %),23300,304245000,61300,788830000,532138211,5.97
13/07/2023,-73100,-909965000,12.55(-1.18 %),29600,374705000,102700,1284670000,532211311,5.97
14/07/2023,24600,314675000,13.2(4.76 %),59100,765535000,34500,450860000,532215710,5.97
17/07/2023,-28200,-368700000,13(-1.52 %),500,6500000,28700,375200000,532243910,5.96
18/07/2023,-64000,-823805000,12.85(-1.15 %),14900,192065000,78900,1015870000,532307910,5.96
19/07/2023,141500,1840380000,13(0.78 %),218000,2831200000,76500,990820000,532148210,5.97
20/07/2023,-29400,-378640000,12.9(-0.77 %),5500,70975000,34900,449615000,532177610,5.97
21/07/2023,45400,587495000,12.95(0.39 %),78000,1010100000,32600,422605000,532132210,5.97
24/07/2023,-80600,-1047350000,13(0.00 %),0,0,80600,1047350000,532255010,5.96
25/07/2023,-35200,-458560000,13.05(0.38 %),700,9270000,35900,467830000,532286910,5.96
26/07/2023,7600,97935000,13(-0.38 %),46400,603280000,38800,505345000,532279310,5.96
27/07/2023,14300,184450000,12.95(-0.38 %),20300,261705000,6000,77255000,532265010,5.96
28/07/2023,-36900,-471750000,12.85(-1.15 %),41900,532070000,78800,1003820000,532301910,5.96
31/07/2023,-51400,-664320000,12.9(0.00 %),2600,33445000,54000,697765000,532353310,5.96
01/08/2023,21800,287645000,13.15(1.94 %),39800,521295000,18000,233650000,532337016,5.96
02/08/2023,-30400,-394350000,12.9(-2.27 %),1000,12400000,31400,406750000,532367416,5.96
03/08/2023,-24700,-318430000,12.85(-0.39 %),100,1295000,24800,319725000,532392116,5.96
04/08/2023,9800,125495000,12.9(0.39 %),30800,396300000,21000,270805000,532447629,5.96
07/08/2023,-19900,-256990000,12.9(0.00 %),700,9035000,20600,266025000,532467529,5.95
08/08/2023,-15700,-207180000,13.3(3.10 %),12200,160250000,27900,367430000,532483229,5.95
09/08/2023,-12100,-169280000,13.9(4.51 %),7400,102670000,19500,271950000,532495329,5.95
10/08/2023,-4000,-54715000,13.55(-2.52 %),3300,45035000,7300,99750000,532499329,5.95
11/08/2023,-196800,-2625365000,13.3(-1.85 %),5900,78785000,202700,2704150000,532696129,5.94
14/08/2023,5800,78355000,13.5(1.50 %),6200,83750000,400,5395000,532532893,5.95
15/08/2023,-13600,-182875000,13.45(-0.37 %),800,10795000,14400,193670000,532734793,5.94
16/08/2023,-1300,-17665000,13.45(-0.37 %),0,0,1300,17665000,532735193,5.94
17/08/2023,-74200,-988065000,13.2(-2.22 %),20600,273010000,94800,1261075000,532809393,5.94
18/08/2023,-42000,-553125000,12.3(-6.82 %),26900,336310000,68900,889435000,532703295,5.94
21/08/2023,-77500,-971025000,12.5(1.63 %),22600,280145000,100100,1251170000,532775447,5.94
22/08/2023,-37200,-466935000,12.85(2.80 %),6400,79150000,43600,546085000,532837993,5.94
23/08/2023,-23500,-296205000,12.5(-2.72 %),10000,125500000,33500,421705000,532928151,5.93
24/08/2023,200,1785000,12.65(1.20 %),8300,104455000,8100,102670000,532927951,5.93
25/08/2023,-6100,-77125000,12.55(-0.79 %),3200,40480000,9300,117605000,532993831,5.93
28/08/2023,-6000,-76875000,12.9(2.79 %),1400,17895000,7400,94770000,532999831,5.93
29/08/2023,-6300,-80455000,12.8(-0.78 %),5000,64250000,11300,144705000,533004995,5.93
30/08/2023,900,11520000,12.85(0.39 %),900,11520000,0,0,533004095,5.93
31/08/2023,2300,30035000,13(1.17 %),2300,30035000,0,0,533020455,5.93
05/09/2023,-24900,-334650000,13.5(3.85 %),100,1350000,25000,336000000,533020355,5.93
06/09/2023,7900,105535000,13.35(-1.11 %),7900,105535000,0,0,533012455,5.93
07/09/2023,13800,183675000,13.25(-0.75 %),18500,245950000,4700,62275000,533019080,5.93
08/09/2023,4400,57475000,13.3(0.38 %),9600,127425000,5200,69950000,533009480,5.93
11/09/2023,-600,-9665000,13.35(0.38 %),4400,59085000,5000,68750000,533009870,5.93
12/09/2023,40000,520560000,13.05(-2.25 %),46300,604980000,6300,84420000,532968736,5.93
13/09/2023,-1500,-19040000,12.9(-1.15 %),2400,31170000,3900,50210000,532971336,5.93
14/09/2023,2400,29745000,12.7(-1.55 %),10400,132145000,8000,102400000,532967236,5.93
15/09/2023,1300,17045000,12.85(1.18 %),9400,119515000,8100,102470000,532961721,5.93
18/09/2023,0,0,12.75(-0.78 %),0,0,0,0,532961721,5.93
19/09/2023,12900,163030000,12.65(-0.78 %),13000,164300000,100,1270000,532956721,5.93
20/09/2023,5000,63500000,12.75(0.79 %),5000,63500000,0,0,532951721,5.93
21/09/2023,-22100,-278070000,12.6(-1.18 %),5100,64775000,27200,342845000,532973821,5.93
22/09/2023,-9900,-122265000,12.4(-1.59 %),5000,61750000,14900,184015000,532969164,5.93
25/09/2023,7500,93390000,12.1(-2.42 %),11100,138285000,3600,44895000,532985264,5.93
26/09/2023,-8200,-95205000,11.9(-1.65 %),15000,181495000,23200,276700000,532985164,5.93
27/09/2023,32200,382310000,11.9(0.00 %),32200,382310000,0,0,532952964,5.93
28/09/2023,-5100,-60660000,11.7(-1.68 %),900,10600000,6000,71260000,532958064,5.93
29/09/2023,-32600,-375340000,11.85(1.28 %),400,4680000,33000,380020000,532978464,5.93
02/10/2023,-7400,-88190000,11.85(0.00 %),600,7170000,8000,95360000,532983864,5.93
03/10/2023,-600,-7675000,11.4(-3.80 %),7100,81815000,7700,89490000,533009764,5.93
04/10/2023,19400,221070000,11.4(0.00 %),27200,311160000,7800,90090000,532990364,5.93
05/10/2023,-1200,-13725000,11.4(0.00 %),500,5740000,1700,19465000,532997814,5.93
06/10/2023,10100,116570000,11.65(2.19 %),10100,116570000,0,0,532987714,5.93
09/10/2023,-8000,-94345000,11.8(1.29 %),200,2330000,8200,96675000,532995714,5.93
10/10/2023,300,3480000,11.8(0.00 %),300,3480000,0,0,532996806,5.93
11/10/2023,29300,343700000,11.7(-0.85 %),31800,373450000,2500,29750000,532973206,5.93
12/10/2023,5300,62245000,11.7(0.00 %),5800,68095000,500,5850000,532967316,5.93
13/10/2023,-5200,-59715000,11.75(0.43 %),500,5835000,5700,65550000,532969316,5.93
16/10/2023,-9400,-109920000,11.6(-1.28 %),1000,11500000,10400,121420000,532968820,5.93
17/10/2023,-5000,-57530000,11.55(-0.43 %),9600,111830000,14600,169360000,532964920,5.93
18/10/2023,3200,36110000,11.2(-3.03 %),3200,36110000,0,0,532972120,5.93
19/10/2023,-24300,-270185000,11(-1.79 %),6700,73985000,31000,344170000,532980020,5.93
20/10/2023,-200,-2300000,11.2(1.82 %),2600,28500000,2800,30800000,532977420,5.93
23/10/2023,0,0,11.05(-1.34 %),0,0,0,0,533008420,5.93
24/10/2023,500,5540000,11.2(1.36 %),500,5540000,0,0,533007920,5.93
25/10/2023,3700,41785000,11.1(-0.89 %),10300,115860000,6600,74075000,533010720,5.93
26/10/2023,11400,120810000,10.55(-4.95 %),35100,373505000,23700,252695000,532965320,5.93
27/10/2023,-2100,-23305000,10.6(0.47 %),26900,282510000,29000,305815000,532945020,5.93
30/10/2023,-7800,-82780000,10.55(-0.47 %),500,5200000,8300,87980000,532968220,5.93
31/10/2023,15400,157325000,10.2(-3.32 %),15400,157325000,0,0,532981820,5.93
01/11/2023,6800,69940000,10.25(0.49 %),7200,74100000,400,4160000,532982920,5.93
02/11/2023,9000,95885000,10.7(4.39 %),9000,95885000,0,0,532973920,5.93
03/11/2023,55000,576555000,10.55(-1.40 %),55000,576555000,0,0,532918920,5.93
06/11/2023,-16600,-175760000,10.6(0.47 %),4000,42425000,20600,218185000,532935520,5.93
07/11/2023,1000,10500000,10.55(-0.47 %),1000,10500000,0,0,532934520,5.93
08/11/2023,-1000,-13825000,10.9(3.32 %),20700,222305000,21700,236130000,532914220,5.93
09/11/2023,-400,-5860000,11.15(2.29 %),9000,98665000,9400,104525000,532905220,5.93
10/11/2023,27000,298415000,11.05(-0.90 %),27500,304015000,500,5600000,532899420,5.93
13/11/2023,15100,165345000,10.95(-0.90 %),15100,165345000,0,0,532893720,5.94
14/11/2023,-5200,-57250000,10.95(0.00 %),1000,11000000,6200,68250000,532889520,5.94
15/11/2023,15100,163495000,10.9(-0.46 %),21100,230095000,6000,66600000,532874420,5.94
16/11/2023,0,0,11.05(1.38 %),0,0,0,0,532874420,5.94
17/11/2023,-4000,-44045000,10.85(-1.81 %),1000,10955000,5000,55000000,532883291,5.94
20/11/2023,12400,136380000,10.95(0.92 %),17400,191630000,5000,55250000,532869391,5.94
21/11/2023,14800,162670000,11.1(1.37 %),24800,272670000,10000,110000000,532849591,5.94
22/11/2023,800,8630000,11.1(0.00 %),4200,46540000,3400,37910000,532850391,5.94
23/11/2023,-100,-2070000,11.3(1.80 %),7800,87550000,7900,89620000,532850491,5.94
24/11/2023,12800,144830000,11.2(-0.88 %),14700,166110000,1900,21280000,532837691,5.94
27/11/2023,-10400,-117970000,11.3(0.89 %),0,0,10400,117970000,532848091,5.94
28/11/2023,-12300,-140540000,11.35(0.44 %),5100,58035000,17400,198575000,532860391,5.94
29/11/2023,2300,26105000,11.35(0.00 %),2300,26105000,0,0,532858091,5.94
30/11/2023,500,5650000,11.25(-0.88 %),500,5650000,0,0,532857591,5.94
01/12/2023,5300,59120000,11.25(0.00 %),5800,64770000,500,5650000,532871157,5.94
04/12/2023,8200,93200000,11.35(0.89 %),10200,115800000,2000,22600000,532862957,5.94
05/12/2023,1300,14840000,11.4(0.44 %),1600,18260000,300,3420000,532861657,5.94
06/12/2023,900,10340000,11.4(0.00 %),5900,67090000,5000,56750000,532860757,5.94
07/12/2023,12200,137370000,11.3(-0.88 %),13700,154245000,1500,16875000,532848557,5.94
08/12/2023,4600,52115000,11.3(0.00 %),4600,52115000,0,0,532843957,5.94
11/12/2023,-36900,-405670000,10.95(-3.10 %),6000,66230000,42900,471900000,532880857,5.94
12/12/2023,-5800,-63495000,10.95(0.00 %),0,0,5800,63495000,532886657,5.94
13/12/2023,-15800,-173350000,11(0.46 %),300,3300000,16100,176650000,532902457,5.93
14/12/2023,4400,48825000,10.95(-0.45 %),15400,169095000,11000,120270000,532898057,5.93
15/12/2023,800,8720000,10.9(-0.46 %),1000,10900000,200,2180000,532897257,5.93
18/12/2023,-77700,-832760000,10.75(-1.38 %),1000,10650000,78700,843410000,532974957,5.93
19/12/2023,-6900,-74215000,10.7(-0.47 %),2000,21350000,8900,95565000,532981857,5.93
20/12/2023,-12700,-137595000,10.8(0.93 %),26500,285050000,39200,422645000,532994557,5.93
21/12/2023,3000,32885000,10.9(0.93 %),13900,150945000,10900,118060000,532991557,5.93
22/12/2023,4900,53100000,11(0.92 %),10000,108500000,5100,55400000,532986657,5.93
25/12/2023,-12000,-138560000,11.75(6.82 %),0,0,12000,138560000,532998657,5.93
26/12/2023,-20900,-259725000,12.55(6.81 %),0,0,20900,259725000,533019557,5.93
27/12/2023,-54700,-693545000,12.6(0.40 %),11300,143370000,66000,836915000,533074257,5.93
28/12/2023,-55500,-688100000,12.35(-1.98 %),200,2480000,55700,690580000,533129757,5.92
29/12/2023,-121400,-1485315000,12.25(-0.81 %),0,0,121400,1485315000,533251157,5.92
02/01/2024,69500,855815000,12.25(0.00 %),76600,943425000,7100,87610000,533048352,5.93
03/01/2024,-30000,-394105000,13.1(6.94 %),36100,470905000,66100,865010000,533099254,5.93
04/01/2024,20600,272715000,13.05(-0.38 %),29400,388160000,8800,115445000,533078654,5.93
05/01/2024,100,1380000,12.75(-2.30 %),1000,12900000,900,11520000,533078554,5.93
08/01/2024,5100,64525000,12.55(-1.57 %),5100,64525000,0,0,533073454,5.93
09/01/2024,5000,62705000,12.55(0.00 %),5000,62705000,0,0,533176064,5.92
10/01/2024,4000,49975000,12.5(-0.40 %),4000,49975000,0,0,533172064,5.92
11/01/2024,5600,70300000,12.65(1.20 %),6100,76600000,500,6300000,533165952,5.92
12/01/2024,400,5000000,12.5(-1.19 %),7400,92150000,7000,87150000,532981854,5.93
15/01/2024,-400,-5080000,12.4(-0.80 %),2500,31125000,2900,36205000,533156544,5.92
16/01/2024,-22300,-277295000,12.5(0.81 %),0,0,22300,277295000,533163552,5.92
17/01/2024,-16000,-200555000,12.5(0.00 %),0,0,16000,200555000,533166464,5.92
18/01/2024,-62400,-773760000,12.4(-0.80 %),300,3735000,62700,777495000,533082954,5.93
19/01/2024,-15500,-194940000,12.55(1.21 %),13500,169800000,29000,364740000,533098454,5.93
22/01/2024,-34800,-436670000,12.55(0.00 %),23000,290040000,57800,726710000,533133254,5.92
23/01/2024,13000,162500000,12.45(-0.80 %),19600,245000000,6600,82500000,533120254,5.92
24/01/2024,4200,52300000,12.4(-0.40 %),4200,52300000,0,0,533116054,5.92
25/01/2024,-4000,-49800000,12.4(0.00 %),0,0,4000,49800000,533120054,5.92
26/01/2024,-15500,-193525000,12.55(1.21 %),3000,37500000,18500,231025000,533135554,5.92
29/01/2024,-4900,-61965000,12.45(-0.80 %),5100,63535000,10000,125500000,533296256,5.92
30/01/2024,-3900,-48995000,12.55(0.80 %),1200,15060000,5100,64055000,533313536,5.92
31/01/2024,-28000,-351075000,12.5(-0.40 %),1300,16270000,29300,367345000,533322240,5.92
01/02/2024,500,6250000,12.45(-0.40 %),500,6250000,0,0,533322249,5.92
02/02/2024,2580,31595000,12.3(-1.20 %),2900,35595000,320,4000000,533326848,5.92
05/02/2024,4400,54290000,12.3(0.00 %),4400,54290000,0,0,533314769,5.92
06/02/2024,1200,14860000,12.6(2.44 %),1200,14860000,0,0,533347968,5.91
07/02/2024,116,1255600,12.5(-0.79 %),8300,104010000,8184,102754400,533339680,5.91
15/02/2024,-67399,-856814500,12.55(0.40 %),2300,29185000,69699,885999500,533337376,5.91
16/02/2024,1300,15640000,12.85(2.39 %),9300,118540000,8000,102900000,533336256,5.92
19/02/2024,-2772,-35734800,12.85(0.00 %),2600,33435000,5372,69169800,533403360,5.91
20/02/2024,2900,37265000,12.75(-0.78 %),2900,37265000,0,0,533408448,5.91
21/02/2024,17690,225502500,12.7(-0.39 %),17700,225630000,10,127500,533396128,5.91
22/02/2024,6000,73420000,12.65(-0.39 %),6000,73420000,0,0,533396128,5.91
23/02/2024,1100,13870000,12.55(-0.79 %),1100,13870000,0,0,533354634,5.91
26/02/2024,15190,192813700,12.8(1.99 %),15200,192940000,10,126300,533373824,5.91
27/02/2024,-400,-5110000,12.7(-0.78 %),1500,19110000,1900,24220000,533339844,5.91
28/02/2024,700,8930000,12.65(-0.39 %),900,11490000,200,2560000,533339144,5.91
29/02/2024,-12582,-159791400,12.65(0.00 %),600,7605000,13182,167396400,533372736,5.91
01/03/2024,-700,-8865000,12.75(0.79 %),1300,16635000,2000,25500000,533371444,5.91
04/03/2024,-37100,-482495000,13.6(6.67 %),800,10710000,37900,493205000,533408544,5.91
05/03/2024,11700,158305000,13.6(0.00 %),14900,201645000,3200,43340000,533371136,5.91
06/03/2024,13071,175621000,13.3(-2.21 %),13100,176010000,29,389000,533383773,5.91
07/03/2024,10400,136275000,13.1(-0.76 %),10400,136275000,0,0,533373373,5.91
08/03/2024,40200,524810000,13.4(2.29 %),41300,539370000,1100,14560000,533333173,5.92
11/03/2024,27400,369105000,13.45(0.37 %),38300,517395000,10900,148290000,533305773,5.92
12/03/2024,100,1365000,13.6(1.12 %),100,1365000,0,0,533313952,5.92
13/03/2024,-16100,-222210000,13.7(0.74 %),0,0,16100,222210000,533324855,5.92
14/03/2024,-2100,-29345000,13.5(-1.46 %),7200,96870000,9300,126215000,533326955,5.92
15/03/2024,16700,224120000,13.35(-1.11 %),22800,305940000,6100,81820000,533310255,5.92
18/03/2024,1600,20250000,13.2(-1.12 %),10300,134425000,8700,114175000,533309952,5.92
19/03/2024,-14600,-196435000,13.35(1.14 %),1700,22865000,16300,219300000,533314368,5.92
20/03/2024,-41900,-561610000,13.45(0.75 %),0,0,41900,561610000,533365155,5.91
21/03/2024,600,8040000,13.4(-0.37 %),600,8040000,0,0,533364555,5.91
22/03/2024,-38900,-519950000,13.4(0.00 %),5600,74870000,44500,594820000,533403455,5.91
25/03/2024,-700,-9460000,13.4(0.00 %),0,0,700,9460000,533375040,5.91
26/03/2024,19600,262080000,13.4(0.00 %),21500,287575000,1900,25495000,533303755,5.92
27/03/2024,-1600,-21440000,13.35(-0.37 %),0,0,1600,21440000,533398752,5.91
28/03/2024,-9100,-122670000,13.45(0.75 %),5500,73700000,14600,196370000,533395232,5.91
29/03/2024,12400,165495000,13.5(0.37 %),22900,306905000,10500,141410000,533373920,5.91
01/04/2024,127600,1813895000,14.4(6.67 %),144600,2056625000,17000,242730000,533243900,5.92
02/04/2024,30400,446765000,14.65(1.74 %),71400,1046605000,41000,599840000,533343517,5.91
03/04/2024,30200,427700000,14.2(-3.07 %),57000,816135000,26800,388435000,533143000,5.92
04/04/2024,59500,900930000,15(5.63 %),204100,3019165000,144600,2118235000,533253817,5.92
05/04/2024,358700,5634625000,16(6.67 %),445100,6987670000,86400,1353045000,532561632,5.95
08/04/2024,297000,4771905000,16.2(1.25 %),404600,6496355000,107600,1724450000,532598117,5.95
09/04/2024,296800,4774275000,16.05(-0.93 %),351700,5659045000,54900,884770000,532301317,5.96
10/04/2024,245400,4021760000,16.6(3.43 %),400100,6582155000,154700,2560395000,532055917,5.97
11/04/2024,176300,2898355000,16.6(0.00 %),360200,5919485000,183900,3021130000,531438464,6.0
12/04/2024,613500,10680600000,17.7(6.63 %),1218700,21267480000,605200,10586880000,530374464,6.05
15/04/2024,-200,-18320000,16.7(-5.65 %),183900,3153880000,184100,3172200000,531266317,6.01
16/04/2024,81500,1315435000,16.5(-1.20 %),131700,2134575000,50200,819140000,531184817,6.01
17/04/2024,-414700,-6670680000,15.95(-3.33 %),22800,363785000,437500,7034465000,531681017,5.99
19/04/2024,-242900,-3716140000,15.7(-1.57 %),659100,10066155000,902000,13782295000,531923917,5.98
22/04/2024,-104200,-1717320000,16.55(5.41 %),60400,966580000,164600,2683900000,530777568,6.03
23/04/2024,-74300,-1321530000,16.8(1.51 %),187400,3131775000,261700,4453305000,531492160,6.0
24/04/2024,-297100,-5103870000,17.05(1.49 %),1200,20385000,298300,5124255000,532399517,5.96
25/04/2024,-107100,-1881200000,17.3(1.47 %),68100,1171935000,175200,3053135000,532506617,5.95
26/04/2024,117300,2012220000,17.25(-0.29 %),301800,5203780000,184500,3191560000,531845728,5.98
02/05/2024,-27400,-496920000,17.3(0.29 %),79900,1364175000,107300,1861095000,531941024,5.98
03/05/2024,-326600,-6021220000,18.5(6.94 %),19400,356020000,346000,6377240000,532106100,5.97
06/05/2024,-65600,-1286890000,19.75(6.76 %),0,0,65600,1286890000,532213500,5.97
07/05/2024,-332200,-6839525000,20.45(3.54 %),66500,1380040000,398700,8219565000,529306560,6.1
08/05/2024,147700,2889935000,19.7(-3.67 %),184600,3642540000,36900,752605000,528172672,6.15
09/05/2024,2766000,56341495000,20.8(5.58 %),2797500,56996795000,31500,655300000,518056672,6.61
10/05/2024,87100,1774445000,20.3(-2.40 %),117600,2402440000,30500,627995000,517976064,6.61
13/05/2024,1020100,20896230000,20.6(1.48 %),1204000,24700040000,183900,3803810000,516803552,6.66
14/05/2024,2850100,60603765000,21.8(5.83 %),3018700,64161740000,168600,3557975000,525699113,6.26
15/05/2024,-99500,-2343225000,21.8(0.00 %),242500,5365865000,342000,7709090000,525798613,6.26
16/05/2024,412900,8983555000,21.8(0.00 %),515800,11252180000,102900,2268625000,525385713,6.27
17/05/2024,-465800,-10006005000,21.5(-1.38 %),331400,7016365000,797200,17022370000,513420320,6.81
20/05/2024,1733000,38196665000,22(2.33 %),1852700,40841070000,119700,2644405000,511670528,6.89
21/05/2024,-96600,-2117945000,21.95(-0.23 %),11900,261485000,108500,2379430000,511775072,6.89
22/05/2024,616300,13921600000,22.6(2.96 %),709300,16022670000,93000,2101070000,511185472,6.92
23/05/2024,176300,4145380000,23.7(4.87 %),486800,11264450000,310500,7119070000,509297184,7.0
24/05/2024,-16000,-416980000,24.2(2.11 %),106600,2480845000,122600,2897825000,523851413,6.34
27/05/2024,-451600,-11225210000,25.15(3.93 %),61300,1539225000,512900,12764435000,508738720,7.03
28/05/2024,-303100,-7942735000,26.9(6.96 %),380300,10157270000,683400,18100005000,508481100,7.04
29/05/2024,-232800,-6547480000,28.3(5.20 %),190100,5345215000,422900,11892695000,508803900,7.02
30/05/2024,353000,9781805000,27.7(-2.12 %),457000,12625330000,104000,2843525000,508030600,7.06
31/05/2024,-312600,-8850120000,27.8(0.36 %),5300,149670000,317900,8999790000,508448256,7.04
03/06/2024,541400,15633315000,29.1(4.68 %),584100,16865755000,42700,1232440000,508448240,7.04
04/06/2024,153900,4560305000,29.55(1.55 %),243600,7211255000,89700,2650950000,508294340,7.05
05/06/2024,263600,7743990000,29.1(-1.52 %),416800,12240160000,153200,4496170000,508030740,7.06
06/06/2024,-483192,-14085147200,27.9(-4.12 %),55800,1574310000,538992,15659457200,507702482,7.07
07/06/2024,820493,23497664800,29(3.94 %),1036400,29661520000,215907,6163855200,506819342,7.11
10/06/2024,-7020,-209756000,28.95(-0.17 %),35880,1045384000,42900,1255140000,506826362,7.11
11/06/2024,1400,39165000,28.4(-1.90 %),13700,387365000,12300,348200000,507702482,7.07
12/06/2024,196933,5609793200,28.5(0.35 %),230900,6580055000,33967,970261800,507336661,7.09
13/06/2024,0,0,28.9(1.40 %),0,0,0,0,507028661,7.1
14/06/2024,1580062,47946033300,30.6(5.88 %),1886400,57118185000,306338,9172151700,505176228,7.19
17/06/2024,-112294,-3486616300,31.4(2.61 %),294500,9300230000,406794,12786846300,504922417,7.2
18/06/2024,421734,13557673500,32.5(3.50 %),869500,27858860000,447766,14301186500,504359255,7.22
19/06/2024,-549394,-18434537100,34.75(6.92 %),334400,11449160000,883794,29883697100,504431649,7.22
20/06/2024,-1640700,-58536565000,35.45(2.01 %),159900,5662290000,1800600,64198855000,504719515,7.21
21/06/2024,-260500,-9119330000,35.15(-0.85 %),289200,10011405000,549700,19130735000,505314109,7.18
24/06/2024,292600,9671820000,32.7(-6.97 %),423900,14086000000,131300,4414180000,506690809,7.12
25/06/2024,1105388,35356537600,34(3.98 %),1165700,37269010000,60312,1912472400,506074809,7.15
26/06/2024,-65700,-2303775000,34.3(0.88 %),4400,151565000,70100,2455340000,506201709,7.14
27/06/2024,-266823,-9192077750,34.35(0.15 %),75800,2617510000,342623,11809587750,506186221,7.14
28/06/2024,-464769,-15740150500,33.2(-3.35 %),97400,3263230000,562169,19003380500,506158921,7.14
04/07/2024,-25600,-903745000,34.2(-0.29 %),44300,1517440000,69900,2421185000,506339159,0.0
05/07/2024,1124100,39753130000,36.35(6.29 %),1281900,45364450000,157800,5611320000,505215059,0.0
08/07/2024,-1906900,-68572370000,35.6(-2.06 %),104300,3750750000,2011200,72323120000,507121959,0.0
09/07/2024,-1713600,-59641485000,34.55(-2.95 %),2700,93990000,1716300,59735475000,508835559,0.0
10/07/2024,-2365900,-81551645000,34.2(-1.01 %),21600,743490000,2387500,82295135000,511201459,0.0
11/07/2024,-196400,-6806910000,34.6(1.17 %),500,17125000,196900,6824035000,511397859,0.0
12/07/2024,-230800,-7982875000,34.45(-0.43 %),1000,34400000,231800,8017275000,511628659,0.0
15/07/2024,-109000,-3711940000,33.6(-2.47 %),37400,1298185000,146400,5010125000,511737659,0.0
16/07/2024,256700,8218100000,31.25(-6.99 %),342400,10979430000,85700,2761330000,511480959,0.0
17/07/2024,1033500,30423495000,29.1(-6.88 %),1255300,36998855000,221800,6575360000,510447459,0.0
18/07/2024,1752100,48098160000,28.1(-3.44 %),1828900,50220215000,76800,2122055000,508695359,0.0
19/07/2024,82900,2196460000,26.15(-6.94 %),99000,2639255000,16100,442795000,508612459,0.0
22/07/2024,27400,671990000,24.35(-6.88 %),32000,784000000,4600,112010000,508585059,0.0
23/07/2024,600,13590000,22.65(-6.98 %),600,13590000,0,0,508584459,0.0
24/07/2024,683000,14626380000,21.7(-4.19 %),1344200,29147420000,661200,14521040000,507901459,0.0
25/07/2024,-174200,-3795600000,20.2(-6.91 %),836700,17314845000,1010900,21110445000,508075659,0.0
26/07/2024,505700,9733505000,20.9(3.47 %),1526900,30832010000,1021200,21098505000,507569959,0.0
29/07/2024,89900,1953980000,22.35(6.94 %),437800,9403735000,347900,7449755000,507480059,0.0
30/07/2024,89900,1953980000,22.8(2.01 %),437800,9403735000,347900,7449755000,507390159,0.0
31/07/2024,-1503100,-32776055000,21.25(-6.80 %),59400,1313285000,1562500,34089340000,508893259,0.0
01/08/2024,217800,4274500000,20.65(-2.82 %),822600,16687375000,604800,12412875000,507427895,0.0
02/08/2024,-132800,-2936655000,22.05(6.78 %),463100,9836275000,595900,12772930000,507560695,0.0
05/08/2024,619500,12941110000,20.55(-6.80 %),916000,19168610000,296500,6227500000,506941195,0.0
06/08/2024,799200,17264490000,21.9(6.57 %),1074100,23171980000,274900,5907490000,506141995,0.0
07/08/2024,76100,1554965000,21.45(-2.05 %),247000,5303995000,170900,3749030000,506065895,0.0
08/08/2024,-764000,-15919185000,19.95(-6.99 %),179100,3717385000,943100,19636570000,506829895,0.0
09/08/2024,-709400,-14188245000,19.05(-4.51 %),189600,3638495000,899000,17826740000,507539295,0.0
12/08/2024,759400,15163185000,20.35(6.82 %),830500,16569650000,71100,1406465000,506779895,0.0
13/08/2024,323500,6679520000,20.85(2.46 %),399100,8244450000,75600,1564930000,506456395,0.0
14/08/2024,21200,434170000,20.65(-0.96 %),83100,1714735000,61900,1280565000,506435195,0.0
15/08/2024,5800,108175000,20.3(-1.69 %),141700,2866720000,135900,2758545000,506429395,0.0
16/08/2024,8200,142110000,21.4(5.42 %),176700,3740115000,168500,3598005000,506421195,0.0
19/08/2024,-250300,-5342960000,21.1(-1.40 %),26300,559885000,276600,5902845000,506671495,0.0
20/08/2024,1306200,28497135000,22.15(4.98 %),1742300,38074925000,436100,9577790000,505365295,0.0
21/08/2024,-311800,-6913920000,22(-0.68 %),149000,3279220000,460800,10193140000,505677095,0.0
22/08/2024,-106200,-2354655000,22.05(0.23 %),159900,3505230000,266100,5859885000,505783295,0.0
23/08/2024,245600,5351790000,21.85(-0.91 %),517400,11262235000,271800,5910445000,505537695,0.0
26/08/2024,-75700,-1585705000,21.1(-3.43 %),115600,2495805000,191300,4081510000,505613395,0.0
27/08/2024,-31700,-669355000,20.8(-1.42 %),35500,735970000,67200,1405325000,505645095,0.0
28/08/2024,-17600,-384735000,21.3(2.40 %),171600,3643370000,189200,4028105000,505662695,0.0
29/08/2024,707800,15125540000,21.4(0.47 %),762100,16285045000,54300,1159505000,504954895,0.0
30/08/2024,1087600,23872585000,22.1(3.27 %),1126300,24720735000,38700,848150000,503867295,0.0
04/09/2024,-444100,-9548470000,21.5(-2.71 %),74900,1594180000,519000,11142650000,499615227,0.0
05/09/2024,354700,7643370000,21.5(0.00 %),597900,12899905000,243200,5256535000,499260527,0.0
06/09/2024,-169800,-3622150000,21.3(-0.93 %),4000,85025000,173800,3707175000,499430327,0.0
09/09/2024,-470500,-9793040000,20.75(-2.58 %),23600,494960000,494100,10288000000,499900827,0.0
10/09/2024,-308300,-6290180000,20.35(-1.93 %),32200,651690000,340500,6941870000,500209127,0.0
11/09/2024,377500,7839685000,20.8(2.21 %),431300,8937020000,53800,1097335000,499831627,0.0
12/09/2024,-42900,-896100000,20.75(-0.24 %),10700,223380000,53600,1119480000,499874527,0.0
13/09/2024,577800,12059975000,20.9(0.72 %),593700,12392215000,15900,332240000,499296727,0.0
16/09/2024,527000,10909495000,20.65(-1.20 %),557500,11542300000,30500,632805000,498769727,0.0
17/09/2024,114800,2386160000,20.9(1.21 %),130800,2716290000,16000,330130000,498654927,0.0
18/09/2024,1526400,33028125000,21.9(4.78 %),1576900,34110640000,50500,1082515000,497128527,0.0
19/09/2024,260900,5659470000,21.8(-0.46 %),278900,6050090000,18000,390620000,496867627,0.0
20/09/2024,466900,10151130000,21.75(-0.23 %),538600,11712695000,71700,1561565000,496400727,0.0
23/09/2024,-283300,-6036690000,21.2(-2.53 %),1600,34125000,284900,6070815000,496684027,0.0
24/09/2024,-55700,-1182220000,21.3(0.47 %),0,0,55700,1182220000,496739727,0.0
25/09/2024,1191100,25753575000,21.7(1.88 %),1226400,26516445000,35300,762870000,495548627,0.0
26/09/2024,-241500,-5147975000,21.25(-2.07 %),19700,420685000,261200,5568660000,495790127,0.0
27/09/2024,1214500,25977640000,21.45(0.94 %),1279500,27368020000,65000,1390380000,494575627,0.0
30/09/2024,-119900,-2539285000,21.05(-1.86 %),27300,578810000,147200,3118095000,494695527,0.0
01/10/2024,-18400,-402790000,21.2(0.71 %),42200,899200000,60600,1301990000,495020500,0.0
02/10/2024,-101900,-2140375000,20.95(-1.18 %),3400,71510000,105300,2211885000,495122400,0.0
03/10/2024,-71200,-1473035000,20.5(-2.15 %),0,0,71200,1473035000,495193600,0.0
04/10/2024,-46700,-957000000,20.35(-0.73 %),1500,30815000,48200,987815000,495240300,0.0
07/10/2024,-20200,-412895000,20.35(0.00 %),2200,45060000,22400,457955000,495260500,0.0
08/10/2024,-16600,-339655000,20.4(0.25 %),4300,87950000,20900,427605000,495277100,0.0
09/10/2024,595400,12510560000,21.05(3.19 %),603400,12677495000,8000,166935000,494681700,0.0
10/10/2024,144400,3068245000,21.15(0.48 %),162300,3448660000,17900,380415000,494537300,0.0
11/10/2024,69100,1477020000,21(-0.71 %),71700,1532415000,2600,55395000,494468200,0.0
14/10/2024,-23200,-484590000,20.95(-0.24 %),9100,191510000,32300,676100000,494491400,0.0
15/10/2024,-193500,-4010380000,20.6(-1.67 %),2700,56050000,196200,4066430000,494684900,0.0
16/10/2024,-55100,-1136780000,20.55(-0.24 %),0,0,55100,1136780000,494740000,0.0
17/10/2024,-85100,-1730305000,20.6(0.24 %),117200,2416100000,202300,4146405000,494825100,0.0
18/10/2024,142500,2964320000,20.7(0.49 %),143300,2980980000,800,16660000,494682600,0.0
21/10/2024,214100,4420650000,20.75(0.24 %),224400,4632830000,10300,212180000,494468500,0.0
22/10/2024,151300,3135805000,20.7(-0.24 %),160500,3326495000,9200,190690000,494317200,0.0
23/10/2024,-3600,-75225000,20.6(-0.48 %),10300,212665000,13900,287890000,494320800,0.0
24/10/2024,-4600,-94615000,20.5(-0.49 %),13900,285820000,18500,380435000,494325400,0.0
25/10/2024,-11000,-224175000,20.3(-0.98 %),6000,122100000,17000,346275000,494336400,0.0
28/10/2024,-10800,-222865000,20.6(1.48 %),800,16240000,11600,239105000,494347200,0.0
29/10/2024,-9400,-199405000,22(6.80 %),7100,152870000,16500,352275000,494356600,0.0
30/10/2024,-83300,-1902360000,22.35(1.59 %),4900,110245000,88200,2012605000,494439900,0.0
31/10/2024,1021300,23342685000,23.25(4.03 %),1042700,23834125000,21400,491440000,493418600,0.0
01/11/2024,-45900,-1049325000,22.5(-3.23 %),20000,453225000,65900,1502550000,493539524,0.0
04/11/2024,17800,393640000,21.6(-4.00 %),72900,1599435000,55100,1205795000,493521724,0.0
05/11/2024,16200,363945000,22.8(5.56 %),19400,435675000,3200,71730000,493505524,0.0
06/11/2024,-16600,-400835000,22.55(-1.10 %),35100,803680000,51700,1204515000,493522124,0.0
07/11/2024,-6300,-148645000,23.25(3.10 %),3100,72230000,9400,220875000,493528424,0.0
08/11/2024,5500,109480000,24.8(6.67 %),58300,1404810000,52800,1295330000,493522924,0.0
11/11/2024,31200,794280000,25.85(4.23 %),185200,4759360000,154000,3965080000,493491724,0.0
12/11/2024,68400,1727020000,25.25(-2.32 %),74100,1873525000,5700,146505000,491392924,7.81
13/11/2024,28700,708890000,26(2.97 %),35800,885515000,7100,176625000,493394624,0.0
14/11/2024,-9800,-266180000,26.25(0.96 %),39800,1064680000,49600,1330860000,493404424,0.0
15/11/2024,1300,27155000,25.6(-2.48 %),84800,2155055000,83500,2127900000,493403124,0.0
18/11/2024,20800,521080000,25.6(0.00 %),42900,1083205000,22100,562125000,493382324,0.0
19/11/2024,48700,1223670000,24.75(-3.32 %),78200,1987645000,29500,763975000,493333624,0.0
20/11/2024,545600,13766880000,25.55(3.23 %),591000,14926935000,45400,1160055000,492788024,0.0
21/11/2024,43000,1135920000,26.55(3.91 %),90800,2395655000,47800,1259735000,492745024,0.0
22/11/2024,-10600,-314745000,27.45(3.39 %),217700,5961870000,228300,6276615000,492755624,0.0
25/11/2024,-106100,-3008785000,28.1(2.37 %),38500,1082555000,144600,4091340000,492644375,7.75
26/11/2024,-10000,-272665000,27.35(-2.67 %),53200,1485510000,63200,1758175000,492819559,7.74
27/11/2024,51500,1406325000,27.35(0.00 %),74900,2051240000,23400,644915000,492889264,7.74
28/11/2024,-27600,-756590000,27.4(0.18 %),16200,446080000,43800,1202670000,492936322,7.74
29/11/2024,319600,8878655000,27.9(1.82 %),345200,9588735000,25600,710080000,492614543,7.75
02/12/2024,257000,7208715000,28.05(0.54 %),346400,9717865000,89400,2509150000,492311943,7.77
03/12/2024,193100,5385060000,27.55(-1.78 %),237100,6627480000,44000,1242420000,492100443,7.78
04/12/2024,288300,7808255000,27(-2.00 %),296000,8017870000,7700,209615000,491893843,7.79
05/12/2024,218900,5814735000,26.15(-3.15 %),258500,6905490000,39600,1090755000,491789343,7.79
09/12/2024,5300,142070000,27.2(3.82 %),14500,392300000,9200,250230000,491674543,7.8
10/12/2024,85800,2383720000,27.7(1.84 %),100200,2783730000,14400,400010000,491580424,7.8
16/12/2024,160300,4335070000,27.35(3.21 %),218200,5912640000,57900,1577570000,491496892,7.8
17/12/2024,-89600,-2453530000,27.05(-1.10 %),0,0,89600,2453530000,491561792,7.8
18/12/2024,108100,2910730000,27.4(1.29 %),200000,5419870000,91900,2509140000,491419692,7.81
19/12/2024,-81800,-2232255000,27.4(0.00 %),200,5430000,82000,2237685000,491509138,7.8
20/12/2024,237400,6647970000,29.3(6.93 %),359900,10134850000,122500,3486880000,491241189,7.82
24/12/2024,0,0,29.8(-2.13 %),0,0,0,0,491437389,7.81
25/12/2024,-216800,-6338430000,28.65(-3.86 %),1000,28950000,217800,6367380000,491741489,7.79
26/12/2024,46100,1306495000,29(1.22 %),304100,8758555000,258000,7452060000,491504139,7.8
27/12/2024,158200,4580420000,29(0.00 %),200000,5781215000,41800,1200795000,491521939,7.8
30/12/2024,-47700,-1372285000,28.5(-1.72 %),5400,155010000,53100,1527295000,491774589,7.79
31/12/2024,-43400,-1230665000,28.65(0.53 %),0,0,43400,1230665000,491816389,7.79
02/01/2025,-100200,-2951390000,29.2(1.92 %),21500,629310000,121700,3580700000,491847989,7.79
03/01/2025,-87500,-2496580000,28.4(-2.74 %),6100,172935000,93600,2669515000,491885268,7.79
06/01/2025,279300,7811335000,27.2(-4.23 %),334800,9378020000,55500,1566685000,491672168,7.8
07/01/2025,101900,2787915000,27.25(0.18 %),102600,2807270000,700,19355000,491672168,7.8
08/01/2025,16000,443760000,27.8(2.02 %),17900,495925000,1900,52165000,491675768,7.8
09/01/2025,92200,2554605000,27.5(-1.08 %),187500,5190175000,95300,2635570000,491488968,7.8
10/01/2025,35700,967515000,26.8(-2.55 %),35800,970265000,100,2750000,491455138,7.81
13/01/2025,1800,46495000,26(-2.99 %),11800,307865000,10000,261370000,491538638,7.8
14/01/2025,-11200,-293575000,25.25(-2.88 %),1800,46215000,13000,339790000,491536962,7.8
15/01/2025,2900,75800000,26.25(3.96 %),5300,137750000,2400,61950000,491541679,7.8
16/01/2025,3300,86680000,26.45(0.76 %),4300,112970000,1000,26290000,491538379,0.0
17/01/2025,35400,951560000,27.05(2.27 %),45800,1229565000,10400,278005000,491507084,7.8
20/01/2025,-11700,-319260000,26.8(-0.92 %),600,16190000,12300,335450000,491507484,7.8
21/01/2025,3200,83885000,26.35(-1.68 %),5200,137050000,2000,53165000,491512684,7.8
22/01/2025,-141000,-3757890000,27(2.47 %),41800,1116760000,182800,4874650000,491483284,7.81
23/01/2025,1900,51760000,27.1(0.37 %),8900,243570000,7000,191810000,491476384,7.81
24/01/2025,87300,2344870000,26.85(-0.92 %),158800,4265055000,71500,1920185000,491500384,7.8
03/02/2025,62500,1713755000,0(0.00 %),85600,2352525000,23100,638770000,491421784,7.81
04/02/2025,-49100,-1368110000,27.7(0.36 %),46100,1280045000,95200,2648155000,491447184,7.81
05/02/2025,25700,700015000,27.45(-0.90 %),34600,945035000,8900,245020000,491435644,7.81
06/02/2025,-40300,-1107350000,27.5(0.18 %),3700,101640000,44000,1208990000,491527144,7.8
07/02/2025,193700,5320920000,27.5(0.00 %),200200,5500285000,6500,179365000,491335844,7.81
10/02/2025,-65300,-1770285000,26.65(-3.09 %),5300,143750000,70600,1914035000,491374585,7.81
11/02/2025,176000,4801280000,27.55(3.38 %),179000,4883180000,3000,81900000,491202085,7.82
12/02/2025,100,2790000,27.35(-0.73 %),1100,30040000,1000,27250000,491271585,7.81
13/02/2025,-4700,-127780000,27.25(-0.37 %),0,0,4700,127780000,490524585,7.85
14/02/2025,329100,8957680000,29.15(6.97 %),445400,12270615000,116300,3312935000,490080185,7.87
17/02/2025,5300,120270000,28.5(-2.23 %),205000,6111815000,199700,5991545000,489879885,7.88
18/02/2025,59200,1685900000,28.6(0.35 %),91200,2601225000,32000,915325000,489904985,7.88
19/02/2025,915000,26501100000,28.95(1.22 %),1020600,29566435000,105600,3065335000,489084085,7.91
20/02/2025,-448500,-12798890000,28.35(-2.07 %),16800,475700000,465300,13274590000,489099285,7.91
21/02/2025,-31000,-888095000,28.2(-0.53 %),30800,874150000,61800,1762245000,489174085,7.91
24/02/2025,-34400,-957845000,27.9(-1.06 %),900,25100000,35300,982945000,489638449,7.89
25/02/2025,-48500,-1380055000,28.15(0.90 %),29000,809490000,77500,2189545000,489671278,7.89
26/02/2025,-3400,-96265000,28(-0.53 %),2000,56100000,5400,152365000,489704578,7.89
27/02/2025,-8200,-231220000,28(0.00 %),15700,437220000,23900,668440000,489766378,7.88
28/02/2025,-81000,-2261535000,27.85(-0.54 %),600,16770000,81600,2278305000,489771178,7.88
03/03/2025,-184800,-5133290000,27.8(-0.18 %),800,22170000,185600,5155460000,489794278,7.88
04/03/2025,-16300,-460180000,28.4(2.16 %),72400,2015080000,88700,2475260000,489803478,7.88
05/03/2025,15700,439915000,28.2(-0.70 %),87700,2497090000,72000,2057175000,489901378,7.88
06/03/2025,-18500,-535260000,28.6(1.42 %),14000,401265000,32500,936525000,489976078,7.87
07/03/2025,-45800,-1307565000,28.35(-0.87 %),6000,170650000,51800,1478215000,490042078,7.87
10/03/2025,-92500,-2645690000,28.4(0.18 %),6000,169950000,98500,2815640000,490068578,7.87
11/03/2025,411700,11840205000,29.25(2.99 %),570600,16412410000,158900,4572205000,490068578,7.87
12/03/2025,-36400,-1066575000,28.9(-1.20 %),1000,29250000,37400,1095825000,489647278,7.89
13/03/2025,-14300,-412790000,28.4(-1.73 %),1100,31365000,15400,444155000,489805078,7.88
14/03/2025,-453400,-12707840000,27.85(-1.94 %),19700,552070000,473100,13259910000,489822778,7.88
17/03/2025,1211300,34823830000,28.9(3.77 %),1261800,36267615000,50500,1443785000,488576378,7.94
18/03/2025,27000,772005000,28.4(-1.73 %),27400,783445000,400,11440000,489022078,7.92
19/03/2025,-33100,-939900000,28.4(0.00 %),4800,135270000,37900,1075170000,489067778,7.91
20/03/2025,-119600,-3373345000,28.45(0.18 %),0,0,119600,3373345000,489068188,7.91
21/03/2025,110700,3179190000,28.8(1.23 %),120100,3449050000,9400,269860000,488985988,7.92
24/03/2025,883300,26261005000,29.95(3.99 %),919600,27336155000,36300,1075150000,488186048,7.95
25/03/2025,97300,2896980000,29.4(-1.84 %),105400,3138370000,8100,241390000,488090048,7.96
26/03/2025,-43100,-1263595000,29.2(-0.68 %),56800,1649475000,99900,2913070000,488069548,7.96
27/03/2025,-127000,-3703330000,28.85(-1.20 %),190000,5573340000,317000,9276670000,487887668,7.97
28/03/2025,-304500,-8719450000,28.8(-0.17 %),1800,51585000,306300,8771035000,487985773,7.96
31/03/2025,-276200,-7876110000,28.9(0.35 %),35000,997605000,311200,8873715000,488267813,7.95
01/04/2025,42400,1241250000,29.35(1.56 %),96800,2851540000,54400,1610290000,488477313,7.94
02/04/2025,831700,25016170000,29.95(2.04 %),838600,25224140000,6900,207970000,487949913,7.96
03/04/2025,900,25330000,27.9(-6.84 %),900,25330000,0,0,488003413,7.96
04/04/2025,1783400,49407830000,28.4(1.79 %),1982500,54724380000,199100,5316550000,486027808,8.05
08/04/2025,717500,18928310000,26.45(-6.87 %),1047200,27713855000,329700,8785545000,484980608,8.1
09/04/2025,1258700,33141230000,25.8(-2.46 %),1645500,43341145000,386800,10199915000,483534208,8.16
10/04/2025,0,0,27.6(6.98 %),0,0,0,0,483863947,8.15
11/04/2025,1244900,35967110000,29.25(5.98 %),1383400,39905740000,138500,3938630000,482867297,8.19
14/04/2025,2204900,67218260000,31.25(6.84 %),2386700,72608190000,181800,5389930000,480480597,8.3
15/04/2025,1774200,56578150000,31.9(2.08 %),1821900,58079835000,47700,1501685000,478797222,8.38
16/04/2025,1361600,42645865000,30.8(-3.45 %),1515600,47465815000,154000,4819950000,477463422,8.44
17/04/2025,1376200,43506265000,32.8(6.49 %),1846000,58380065000,469800,14873800000,475665122,8.52
18/04/2025,-12600,-706710000,31(-5.49 %),1158200,37468120000,1170800,38174830000,474660922,8.56
21/04/2025,143800,4534230000,30.5(-1.61 %),1311700,40583495000,1167900,36049265000,473819022,8.6
22/04/2025,2775400,85049940000,31.9(4.59 %),3068800,93856290000,293400,8806350000,471921042,8.69
23/04/2025,-66500,-2129975000,31.4(-1.57 %),9700,312160000,76200,2442135000,473079242,8.64
24/04/2025,-89600,-2817185000,31.25(-0.48 %),6400,201020000,96000,3018205000,473366272,8.62
25/04/2025,-613600,-19067160000,30.75(-1.60 %),33700,1040885000,647300,20108045000,473408772,8.62
28/04/2025,-214600,-6651890000,31.05(0.98 %),140300,4400770000,354900,11052660000,473364472,8.62
29/04/2025,638200,20136670000,31.6(1.77 %),655600,20684900000,17400,548230000,473356172,8.62
05/05/2025,40900,-134375000,32.5(2.85 %),40900,1343755000,0,1478130000,473711072,8.61
06/05/2025,1048000,35011225000,33.55(3.23 %),1065700,35598915000,17700,587690000,472680505,8.65
07/05/2025,2172200,75592240000,34.95(4.17 %),2188600,76162890000,16400,570650000,470512805,8.75
08/05/2025,232300,8237950000,34.7(-0.72 %),320500,11278810000,88200,3040860000,470280505,8.76
09/05/2025,320200,11209555000,34.6(-0.29 %),906900,31092705000,586700,19883150000,469960305,8.78
12/05/2025,-45900,-1581935000,34.6(0.00 %),0,0,45900,1581935000,469960305,8.78
13/05/2025,902700,31426830000,34.85(0.72 %),974800,33908375000,72100,2481545000,469057605,8.82
14/05/2025,118600,4152855000,34.45(-1.15 %),438700,15246635000,320100,11093780000,468984905,8.82
15/05/2025,552200,18119765000,34.55(0.29 %),552200,19082585000,0,962820000,468460505,8.84
16/05/2025,432400,14052415000,34(-1.59 %),432400,14827190000,0,774775000,468050705,8.86
19/05/2025,1313100,43327270000,34(0.00 %),1313100,44397355000,0,1070085000,466769205,8.92
20/05/2025,693000,21957770000,34.1(0.29 %),693000,23643635000,0,1685865000,466125605,8.95
21/05/2025,2099900,71360805000,36.45(6.89 %),2099900,74380895000,0,3020090000,464111405,9.04
22/05/2025,1820300,67879310000,38.65(6.04 %),1820300,69956225000,0,2076915000,462345105,9.12
23/05/2025,324600,12344895000,38.5(-0.39 %),439200,16799470000,114600,4454575000,462020505,9.14
26/05/2025,176000,5970580000,38.55(0.13 %),176000,6756875000,0,786295000,461864705,9.14
27/05/2025,850300,34065975000,40.15(4.15 %),935000,37460960000,84700,3394985000,461014405,9.18
28/05/2025,757200,8834415000,39.55(-1.49 %),757200,30683150000,0,21848735000,460803005,9.19
29/05/2025,683000,4316735000,39(-1.39 %),683000,26421320000,0,22104585000,460689905,9.2
30/05/2025,394000,-26850405000,37.65(-3.46 %),394000,15080075000,0,41930480000,460689905,9.2
02/06/2025,375700,-4932560000,37.95(0.80 %),375700,14245570000,0,19178130000,460689905,9.2
03/06/2025,576600,-5506935000,39(2.77 %),576600,22091360000,0,27598295000,461392205,9.16
04/06/2025,119800,-22343990000,38.8(-0.51 %),119800,4605780000,0,26949770000,461521505,9.16
05/06/2025,106100,-420615000,38.65(-0.39 %),106100,4118095000,0,4538710000,461677805,9.15
06/06/2025,55100,-346935000,38.3(-0.91 %),55100,2120470000,0,2467405000,462260805,9.12
09/06/2025,76400,-1716140000,38.55(0.65 %),76400,2970610000,0,4686750000,462271405,9.12
10/06/2025,146700,-12637960000,38.7(0.39 %),146700,5714895000,0,18352855000,462280505,9.12
11/06/2025,-257700,-9948815000,39.3(1.55 %),160900,6284225000,418600,16233040000,462325305,9.12
12/06/2025,257200,10356620000,40.3(2.54 %),426200,17096830000,169000,6740210000,462391305,9.12
13/06/2025,-315500,-11962345000,38.1(-5.46 %),702100,27349115000,1017600,39311460000,462649005,9.11
16/06/2025,-1132200,-42529810000,37.9(-0.52 %),194600,7273820000,1326800,49803630000,462649005,9.11
17/06/2025,-100800,-3906105000,38.95(2.77 %),1038600,39905635000,1139400,43811740000,462964505,9.09
18/06/2025,744500,29221470000,38.55(-1.03 %),831300,32610395000,86800,3388925000,463352205,9.08
19/06/2025,-337500,-12801630000,38(-1.43 %),29200,1110930000,366700,13912560000,463453005,9.07
20/06/2025,-109100,-4111435000,37.6(-1.05 %),120800,4549300000,229900,8660735000,463453005,9.07
23/06/2025,-700800,-25643950000,36.5(-2.93 %),91600,3329980000,792400,28973930000,463790505,9.06
24/06/2025,-139600,-5211060000,37.9(3.84 %),554800,20988775000,694400,26199835000,463899605,9.05
25/06/2025,-534800,-20073710000,37.4(-1.32 %),19700,738750000,554500,20812460000,464600405,9.02
26/06/2025,62700,2338865000,37.8(1.07 %),133600,5051975000,70900,2713110000,464677305,9.02
27/06/2025,-72600,-2740130000,37.75(-0.13 %),2100,79165000,74700,2819295000,465212105,8.99
30/06/2025,300900,11351020000,37.9(0.40 %),302400,11408020000,1500,57000000,464911205,9.01
01/07/2025,1826100,70300260000,38.9(2.64 %),1831700,70515270000,5600,215010000,463157705,9.08
02/07/2025,4200,140185000,38.6(-0.77 %),82800,3198875000,78600,3058690000,463153505,9.08
03/07/2025,33600,1294935000,38.35(-0.65 %),35000,1348775000,1400,53840000,463119905,9.09
04/07/2025,-55800,-2141890000,38.4(0.13 %),94400,3627440000,150200,5769330000,463119905,9.09
07/07/2025,-135000,-5148265000,38(-1.04 %),1600,61215000,136600,5209480000,463119905,9.09
08/07/2025,28900,1086050000,38(0.00 %),280000,10619000000,251100,9532950000,463146805,9.08
09/07/2025,-224600,-8578490000,38.1(0.26 %),5800,221330000,230400,8799820000,463281805,9.08
10/07/2025,-189900,-7204550000,37.8(-0.79 %),2500,94935000,192400,7299485000,463281805,9.08
11/07/2025,-306100,-11459850000,37.2(-1.59 %),3500,131235000,309600,11591085000,463506405,9.07
14/07/2025,-125300,-4674810000,37.3(0.27 %),2100,78475000,127400,4753285000,463696305,9.06
15/07/2025,-248800,-9357880000,37.6(0.80 %),177000,6686155000,425800,16044035000,464002405,9.05
16/07/2025,-109200,-4132310000,37.7(0.27 %),32100,1211810000,141300,5344120000,464127705,9.04
17/07/2025,-200700,-7550270000,37.45(-0.66 %),38900,1463350000,239600,9013620000,464127705,9.04
18/07/2025,-213600,-8007735000,37.5(0.13 %),11400,431630000,225000,8439365000,464485705,9.02
21/07/2025,-1500,-47400000,31.6(6.94 %),0,0,1500,47400000,464686405,9.02
22/07/2025,110900,3764485000,33.1(4.75 %),540600,17984950000,429700,14220465000,464789105,9.01
23/07/2025,-368500,-12659990000,34(2.72 %),167300,5698440000,535800,18358430000,464790605,9.01
24/07/2025,-12200,-416735000,33.2(-2.35 %),10700,356725000,22900,773460000,464790605,9.01
25/07/2025,393300,13207515000,33.55(1.05 %),420300,14112880000,27000,905365000,464765805,9.01
28/07/2025,-483500,-16124690000,33.5(-0.15 %),228500,7684550000,712000,23809240000,464778005,9.01
29/07/2025,-455400,-14880120000,32(-4.48 %),79500,2592905000,534900,17473025000,464778005,9.01
30/07/2025,-19700,-635250000,33.1(3.44 %),15300,493370000,35000,1128620000,465261505,8.99
31/07/2025,118300,3897845000,32.8(-0.91 %),172600,5692615000,54300,1794770000,465598605,8.97
01/08/2025,193400,6297370000,32.5(-0.91 %),218900,7131980000,25500,834610000,465424905,8.98
04/08/2025,228500,7509390000,32.85(1.08 %),260900,8573165000,32400,1063775000,465196405,8.99
05/08/2025,325600,10818340000,33(0.46 %),346100,11496720000,20500,678380000,464870805,9.01
06/08/2025,-36200,-1190745000,32.85(-0.45 %),3600,118260000,39800,1309005000,464870805,9.01
07/08/2025,-2800,-93570000,32.75(-0.30 %),16400,536335000,19200,629905000,464870805,9.01
08/08/2025,122500,4023740000,32.75(0.00 %),125500,4121790000,3000,98050000,464784505,9.01
11/08/2025,-10800,-352500000,32.65(-0.31 %),300,9795000,11100,362295000,464787305,9.01
12/08/2025,-10300,-335035000,32.4(-0.77 %),8600,278885000,18900,613920000,464787305,9.01
13/08/2025,35300,1126535000,31.75(-2.01 %),91400,2908380000,56100,1781845000,464762805,9.01
14/08/2025,2700,85710000,31.55(-0.63 %),3000,95215000,300,9505000,464770405,9.01
15/08/2025,-786100,-24288440000,30.5(-3.33 %),27400,842820000,813500,25131260000,464770405,9.01
18/08/2025,-1322300,-39618380000,29.65(-2.79 %),51500,1544810000,1373800,41163190000,464770405,9.01
19/08/2025,-5100,-160970000,31.7(6.91 %),3000,95100000,8100,256070000,465556505,8.98
20/08/2025,-9400,-306105000,32.5(2.52 %),20900,681885000,30300,987990000,466878805,8.92
21/08/2025,44500,1427690000,32.05(-1.38 %),94300,3027600000,49800,1599910000,466839405,8.92
22/08/2025,-6800,-211290000,30.85(-3.74 %),2700,85610000,9500,296900000,466839405,8.92
25/08/2025,51200,1570060000,30.4(-1.46 %),55400,1698160000,4200,128100000,466848805,8.92
