Ngay,KLGDRong,GTDGRong,ThayDoi,KLMua,GtMua,KLBan,GtBan,RoomConLai,DangSoHuu
23/12/2020,77190,1370650000,0(0.00 %),77190,1370650000,0,0,9549956,29.19
24/12/2020,5350,93068000,0(0.00 %),5350,93068000,0,0,9621796,29.18
25/12/2020,9480,171800000,0(0.00 %),9480,171800000,0,0,9535126,29.19
28/12/2020,127600,2400830000,0(0.00 %),127600,2400830000,0,0,9407526,29.2
29/12/2020,1300,23885000,0(0.00 %),4500,83955000,3200,60070000,9483416,29.19
30/12/2020,-55,-10380000,0(0.00 %),25,4700000,80,15080000,9402776,29.2
31/12/2020,-761,-144140000,0(0.00 %),291,54130000,1052,198270000,9399866,29.2
04/01/2021,-550,-102260000,18.8(0.00 %),190,35590000,740,137850000,9401166,29.2
05/01/2021,29400,545600000,18.8(0.00 %),30800,571850000,1400,26250000,9371766,29.2
06/01/2021,-2970,-563440000,19.4(3.19 %),280,53810000,3250,617250000,9378886,29.2
07/01/2021,1210700,23602875000,20(3.09 %),1211800,23624260000,1100,21385000,8190766,29.3
08/01/2021,3170100,65000745000,20.6(3.00 %),3207100,65757045000,37000,756300000,5020666,29.57
11/01/2021,335860,69425690000,20.7(0.49 %),335960,69446390000,100,20700000,1641648,29.86
12/01/2021,1629800,33687166000,20.5(-0.97 %),1642700,33746766800,12900,59600800,32266,30.0
13/01/2021,960,192250000,19.9(-2.93 %),970,194260000,10,2010000,27348,30.0
14/01/2021,2820,550120000,19.9(0.00 %),2820,550120000,0,0,78,30.0
15/01/2021,-21800,-432310000,20.05(0.75 %),12900,254960000,34700,687270000,285566,29.98
18/01/2021,-400,-7905000,19.6(-2.24 %),100,1970000,500,9875000,285966,29.98
19/01/2021,-8300,-158975000,18.5(-5.61 %),0,0,8300,158975000,294266,29.97
20/01/2021,5900,106425000,18.5(0.00 %),6600,119295000,700,12870000,288366,29.98
21/01/2021,-500,-9410000,18.5(0.00 %),1500,27490000,2000,36900000,288866,29.98
22/01/2021,200,37000000,18.6(0.54 %),200,37000000,0,0,33408,30.0
25/01/2021,31500,585570000,18.4(-1.08 %),31500,585570000,0,0,255366,29.98
26/01/2021,2100,37185000,18.2(-1.09 %),4600,81935000,2500,44750000,253266,29.98
27/01/2021,0,0,17.4(-4.40 %),0,0,0,0,253266,29.98
28/01/2021,0,0,16.2(-6.90 %),0,0,0,0,253266,29.98
29/01/2021,-710,-106920000,16.9(4.32 %),60,9530000,770,116450000,1788,30.0
01/02/2021,100,1650000,16.6(-1.78 %),100,1650000,0,0,1788,30.0
02/02/2021,0,0,16.55(-0.30 %),0,0,0,0,1688,30.0
03/02/2021,200,33530000,17.5(5.74 %),230,38570000,30,5040000,7088,30.0
04/02/2021,600,10385000,17.3(-1.14 %),600,10385000,0,0,6488,30.0
05/02/2021,300,5145000,17.4(0.58 %),300,5145000,0,0,6188,30.0
08/02/2021,80,13690000,17(-2.30 %),80,13690000,0,0,5688,30.0
09/02/2021,100,1705000,17.4(2.35 %),100,1705000,0,0,5288,30.0
17/02/2021,400,7100000,18(3.45 %),400,7100000,0,0,4888,30.0
18/02/2021,300,5335000,17.8(-1.11 %),300,5335000,0,0,4588,30.0
19/02/2021,350,62310000,18.5(3.93 %),350,62310000,0,0,1388,30.0
22/02/2021,-100,-18800000,18.8(1.62 %),0,0,100,18800000,1388,30.0
23/02/2021,-670,-126530000,19(1.06 %),10,1870000,680,128400000,1288,30.0
24/02/2021,70,13170000,18.95(-0.26 %),70,13170000,0,0,588,30.0
25/02/2021,150,27910000,18.7(-1.32 %),150,27910000,0,0,88,30.0
26/02/2021,-180,-33450000,18.75(0.27 %),10,1860000,190,35310000,6788,30.0
01/03/2021,-10000,-189000000,18.95(1.07 %),0,0,10000,189000000,6788,30.0
02/03/2021,250,47040000,18.95(0.00 %),250,47040000,0,0,4288,30.0
03/03/2021,1100,20735000,20.2(6.60 %),1100,20735000,0,0,3188,30.0
04/03/2021,0,0,19.6(-2.97 %),0,0,0,0,15088,30.0
05/03/2021,200,38900000,19.8(1.02 %),200,38900000,0,0,13088,30.0
08/03/2021,-600,-12060000,19.8(0.00 %),2300,45455000,2900,57515000,1788,30.0
09/03/2021,0,0,19.8(0.00 %),0,0,0,0,10788,30.0
10/03/2021,-4200,-82860000,19.95(0.76 %),0,0,4200,82860000,5988,30.0
11/03/2021,-1100,-22845000,21(5.26 %),1000,20100000,2100,42945000,7088,30.0
12/03/2021,10,2080000,20.8(-0.95 %),10,2080000,0,0,12588,30.0
15/03/2021,-34400,-731525000,21.5(3.37 %),2600,54715000,37000,786240000,41388,30.0
16/03/2021,240,51080000,21.9(1.86 %),340,72580000,100,21500000,12888,30.0
17/03/2021,-2998400,-67479630000,22.2(1.83 %),2700,59510000,3001100,67539140000,3037388,29.74
18/03/2021,-499690,-112280920000,22.5(1.35 %),320,71300000,500010,112352220000,43821,30.0
19/03/2021,-146800,-3246635000,22.45(-0.22 %),3900,85810000,150700,3332445000,8181088,29.3
22/03/2021,-473100,-10334445000,22(-2.00 %),9200,202035000,482300,10536480000,8654188,29.26
23/03/2021,4991900,113327835000,21.5(-2.27 %),15646200,355162750000,10654300,241834915000,3662288,29.69
24/03/2021,154000,3304960000,22(2.33 %),155000,3326500000,1000,21540000,3508288,29.7
25/03/2021,50450,11057660000,21.75(-1.14 %),50470,11062040000,20,4380000,21,30.0
26/03/2021,13600,295090000,21.75(0.00 %),14200,308110000,600,13020000,2990188,29.75
29/03/2021,10,2160000,21.65(-0.46 %),10,2160000,0,0,969,30.0
30/03/2021,-310,-66960000,21.65(0.00 %),110,23660000,420,90620000,69,30.0
31/03/2021,0,0,21.85(0.92 %),0,0,0,0,2993188,29.75
01/04/2021,0,20000,22.15(1.37 %),60,13200000,60,13180000,69,30.0
02/04/2021,380,84710000,22.6(2.03 %),420,93660000,40,8950000,69,30.0
05/04/2021,-500,-11325000,22.8(0.88 %),0,0,500,11325000,569,30.0
06/04/2021,-170,-38620000,22.75(-0.22 %),60,13680000,230,52300000,69,30.0
07/04/2021,-100,-2190000,22.7(-0.22 %),400,9080000,500,11270000,2369,30.0
08/04/2021,-600,-13350000,22.05(-2.86 %),500,11350000,1100,24700000,2969,30.0
09/04/2021,-1200,-25895000,22.05(0.00 %),2300,50715000,3500,76610000,4169,30.0
12/04/2021,-4600,-106160000,23.3(5.67 %),500,11050000,5100,117210000,8769,30.0
13/04/2021,1100,25595000,22.75(-2.36 %),1100,25595000,0,0,7669,30.0
14/04/2021,1400,31600000,22.9(0.66 %),1400,31600000,0,0,6269,30.0
15/04/2021,-74900,-1685240000,22.6(-1.31 %),100,2260000,75000,1687500000,81169,21.65
16/04/2021,-196400,-4303165000,22.15(-1.99 %),6600,144490000,203000,4447655000,277569,29.98
19/04/2021,-119500,-2625400000,22.35(0.90 %),500,11100000,120000,2636500000,397069,29.97
20/04/2021,-1149100,-26410190000,22.4(0.22 %),75000,1705775000,1224100,28115965000,1546169,29.87
22/04/2021,20300,4557350000,21.5(-4.02 %),20300,4557350000,0,0,17,30.0
23/04/2021,12000,2532000000,21.9(1.86 %),12000,2532000000,0,0,17,30.0
26/04/2021,1224100,28128995000,21.7(-0.91 %),1224100,28128995000,0,0,-931,29.94
27/04/2021,-73620,-15693570000,21.25(-2.07 %),0,0,73620,15693570000,0,30.0
28/04/2021,0,0,21.6(1.65 %),0,0,0,0,0,29.94
29/04/2021,0,0,21.7(0.46 %),0,0,0,0,0,29.94
04/05/2021,-60000,-1280750000,21.6(-0.46 %),0,0,60000,1280750000,0,29.94
05/05/2021,-500030,-110131670000,22.3(3.24 %),0,0,500030,110131670000,0,30.0
06/05/2021,-4300200,-97399500000,22.4(0.45 %),0,0,4300200,97399500000,0,29.94
07/05/2021,55600,1239030000,22.2(-0.89 %),55900,1245675000,300,6645000,55967,29.93
10/05/2021,500030,109756600000,22.6(1.80 %),500030,109756600000,0,0,67,30.0
11/05/2021,429460,94688900000,22.95(1.55 %),430020,94819540000,560,130640000,67,30.0
12/05/2021,100,2290000,23.2(1.09 %),100,2290000,0,0,0,29.94
13/05/2021,20,4660000,23.25(0.22 %),20,4660000,0,0,7,30.0
14/05/2021,5600,131575000,23.4(0.65 %),5600,131575000,0,0,0,29.94
17/05/2021,0,0,23.2(-0.85 %),0,0,0,0,7,30.0
18/05/2021,-590,-134620000,23(-0.86 %),0,0,590,134620000,7,30.0
19/05/2021,-1600,-37125000,23.25(1.09 %),0,0,1600,37125000,7507,29.94
20/05/2021,-280,-69040000,24.85(6.88 %),0,0,280,69040000,7,30.0
21/05/2021,5400,134115000,24.95(0.40 %),5900,146615000,500,12500000,4907,29.94
24/05/2021,1600,40080000,25(0.20 %),1600,40080000,0,0,3307,29.94
25/05/2021,2800,69300000,24.9(-0.40 %),2800,69300000,0,0,507,29.94
26/05/2021,-2000,-50610000,25.25(1.41 %),500,12640000,2500,63250000,2507,29.94
27/05/2021,410,103730000,25.7(1.78 %),410,103730000,0,0,33,30.0
28/05/2021,-2080,-556150000,26.7(3.89 %),0,0,2080,556150000,27,30.0
31/05/2021,-200,-5930000,27.45(2.81 %),2500,66875000,2700,72805000,21033,30.0
01/06/2021,0,0,28(2.00 %),0,0,0,0,27,30.0
02/06/2021,5800,159210000,27.7(-1.07 %),5800,159210000,0,0,0,30.0
03/06/2021,270,75600000,28.9(4.33 %),270,75600000,0,0,27,30.0
04/06/2021,-82480,-24975340000,30.4(5.19 %),0,0,82480,24975340000,27,30.0
07/06/2021,-2000,-56800000,28.9(-4.93 %),0,0,2000,56800000,826827,29.93
08/06/2021,0,0,26.9(-6.92 %),0,0,0,0,826827,29.93
09/06/2021,824900,22272300000,28(4.09 %),824900,22272300000,0,0,1927,30.0
10/06/2021,0,0,27.1(-3.21 %),0,0,0,0,0,30.0
11/06/2021,0,0,28(3.32 %),0,0,0,0,0,30.0
14/06/2021,0,0,27.9(-0.36 %),0,0,0,0,0,30.0
15/06/2021,0,0,27.8(-0.36 %),0,0,0,0,0,30.0
16/06/2021,-60,-16420000,27.3(-1.80 %),0,0,60,16420000,0,30.0
17/06/2021,-10,-2680000,27.5(0.73 %),0,0,10,2680000,0,30.0
18/06/2021,0,0,27.95(1.64 %),0,0,0,0,2627,30.0
21/06/2021,0,0,27.8(-0.54 %),0,0,0,0,2627,30.0
22/06/2021,100,2800000,28.4(2.16 %),100,2800000,0,0,100,30.0
23/06/2021,0,0,28.4(0.00 %),0,0,0,0,100,30.0
24/06/2021,0,0,28.35(-0.18 %),0,0,0,0,0,30.0
25/06/2021,-800,-22520000,28.35(0.00 %),0,0,800,22520000,900,30.0
28/06/2021,-1500500,-44314480000,30.3(6.88 %),0,0,1500500,44314480000,1501400,29.87
29/06/2021,-14050,-4287530000,30.3(0.00 %),0,0,14050,4287530000,0,30.0
30/06/2021,-943000,-28538295000,30.2(-0.33 %),0,0,943000,28538295000,2584900,29.78
01/07/2021,89790,26774930000,31(2.65 %),149750,45224500000,59960,18449570000,0,30.0
02/07/2021,-859700,-26770985000,31.15(0.48 %),140500,4439530000,1000200,31210515000,2546700,29.78
05/07/2021,443000,13954191000,31.4(0.80 %),943000,29261290000,500000,15307099000,2103700,29.82
06/07/2021,-86500,-3005085000,29.25(-6.85 %),599600,18697380000,686100,21702465000,2190200,29.81
07/07/2021,20020,6362490000,30.75(5.13 %),100020,30106020000,80000,23743530000,0,30.0
08/07/2021,0,1953574000,30.1(-2.11 %),500000,15167500000,500000,13213926000,1990000,29.83
09/07/2021,-82887,-24324500000,29.5(-1.99 %),68610,20651610000,151497,44976110000,0,30.0
12/07/2021,80000,23520000000,28(-5.08 %),80000,23520000000,0,0,0,30.0
13/07/2021,500000,14120290000,28(0.00 %),500000,14120290000,0,0,1518876,29.87
14/07/2021,101860,28084640000,27.7(-1.07 %),101860,28084640000,0,0,496376,29.96
15/07/2021,306000,8462915000,28.45(2.71 %),306000,8462915000,0,0,194276,29.98
16/07/2021,12000,341140000,28.85(1.41 %),12000,341140000,0,0,182276,29.98
19/07/2021,1040,279260000,26.85(-6.93 %),1110,298690000,70,19430000,167276,29.99
20/07/2021,-448740,-120636610000,28(4.28 %),1280,343740000,450020,120980350000,154476,29.99
21/07/2021,-488020,-136676730000,27.9(-0.36 %),6280,1757670000,494300,138434400000,91676,29.99
22/07/2021,-329540,-92041640000,28(0.36 %),0,0,329540,92041640000,92376,29.99
23/07/2021,4588500,129281045000,28.15(0.54 %),4592500,129393295000,4000,112250000,8246376,29.3
26/07/2021,493704,136262520000,28.1(-0.18 %),493704,136262520000,0,0,28,30.0
27/07/2021,329540,91282820000,28.4(1.07 %),329540,91282820000,0,0,28,30.0
28/07/2021,-500,-13750000,28.4(0.00 %),4000,113600000,4500,127350000,14428,30.0
29/07/2021,0,0,29.2(2.82 %),0,0,0,0,14428,30.0
30/07/2021,-39000,-1151850000,29.65(1.54 %),0,0,39000,1151850000,53428,30.0
02/08/2021,4500,132360000,29.15(-1.69 %),4500,132360000,0,0,4528,30.0
03/08/2021,0,0,29.2(0.17 %),0,0,0,0,4528,30.0
04/08/2021,39000,1152300000,29.65(1.54 %),39000,1152300000,0,0,-34472,30.0
05/08/2021,0,0,29.8(0.51 %),0,0,0,0,28,30.0
06/08/2021,0,0,29.65(-0.50 %),0,0,0,0,28,30.0
09/08/2021,0,0,29.8(0.51 %),0,0,0,0,28,30.0
10/08/2021,0,0,30(0.67 %),0,0,0,0,28,30.0
11/08/2021,0,0,31(3.33 %),0,0,0,0,28,30.0
12/08/2021,-3200,-98920000,31.1(0.32 %),0,0,3200,98920000,3228,30.0
13/08/2021,0,0,30.65(-1.45 %),0,0,0,0,3228,30.0
16/08/2021,0,0,31.5(2.77 %),0,0,0,0,3228,30.0
17/08/2021,3100,97625000,31.4(-0.32 %),3200,100770000,100,3145000,-2972,30.0
18/08/2021,-12000,-375020000,30.8(-1.91 %),0,0,12000,375020000,15228,30.0
19/08/2021,0,0,30.1(-2.27 %),0,0,0,0,15228,30.0
20/08/2021,-300,-8480000,28.4(-5.65 %),100,3000000,400,11480000,15528,30.0
23/08/2021,-4400,-116925000,27(-4.93 %),12000,334895000,16400,451820000,19928,30.0
24/08/2021,0,0,27.6(2.22 %),0,0,0,0,19928,30.0
25/08/2021,200,5650000,27.9(-6.06 %),400,11180000,200,5530000,19728,30.0
26/08/2021,16400,457470000,27.9(0.00 %),3376400,100753470000,3360000,100296000000,3328,30.0
27/08/2021,0,0,28(0.36 %),0,0,0,0,3328,30.0
30/08/2021,200,5670000,28.3(1.07 %),200,5670000,0,0,3128,30.0
31/08/2021,0,0,28.3(0.00 %),0,0,0,0,3128,30.0
01/09/2021,0,0,28.6(1.06 %),0,0,0,0,28,30.0
06/09/2021,0,0,28.9(1.05 %),0,0,0,0,28,30.0
07/09/2021,0,0,29.4(1.73 %),0,0,0,0,28,30.0
08/09/2021,0,0,28.85(-1.87 %),0,0,0,0,28,30.0
09/09/2021,0,0,29.1(0.87 %),0,0,0,0,28,30.0
10/09/2021,0,0,29(-0.34 %),3210000,99831000000,3210000,99831000000,28,30.0
13/09/2021,0,0,28.8(-0.69 %),0,0,0,0,28,30.0
14/09/2021,0,0,28.4(-1.39 %),0,0,0,0,28,30.0
15/09/2021,0,0,28.55(0.53 %),0,0,0,0,28,30.0
16/09/2021,0,0,28.65(0.35 %),0,0,0,0,28,30.0
17/09/2021,0,0,29.25(2.09 %),0,0,0,0,28,30.0
20/09/2021,0,0,29.45(0.68 %),0,0,0,0,28,30.0
21/09/2021,0,0,28.7(-2.55 %),0,0,0,0,28,30.0
22/09/2021,0,0,29(1.05 %),0,0,0,0,28,30.0
23/09/2021,0,0,29(0.00 %),0,0,0,0,28,30.0
24/09/2021,-15800,-469260000,30(3.45 %),0,0,15800,469260000,15828,30.0
27/09/2021,0,0,29.5(-1.67 %),0,0,0,0,15828,30.0
28/09/2021,0,0,29.65(0.51 %),0,0,0,0,15828,30.0
29/09/2021,14600,425600000,29.5(-0.51 %),14600,425600000,0,0,1228,30.0
30/09/2021,1200,35245000,29.3(-0.68 %),1200,35245000,0,0,28,30.0
01/10/2021,0,0,28.8(-1.71 %),12830600,401372600000,12830600,401372600000,28,30.0
04/10/2021,0,0,28.4(-1.39 %),0,0,0,0,28,30.0
05/10/2021,-2000,-56600000,28.6(0.70 %),0,0,2000,56600000,2028,30.0
06/10/2021,0,0,27.5(-3.85 %),0,0,0,0,2028,0.0
07/10/2021,-300,-6660000,22.2(4.96 %),0,0,300,6660000,2328,0.0
08/10/2021,200,4400000,22.15(-0.23 %),200,4400000,0,0,2128,0.0
11/10/2021,100,0,22.45(1.35 %),100,0,0,0,2028,0.0
12/10/2021,2000,44800000,22.45(0.00 %),2000,44800000,0,0,28,0.0
13/10/2021,0,0,22.2(-1.11 %),0,0,0,0,28,0.0
14/10/2021,0,0,22(-0.90 %),0,0,0,0,28,0.0
15/10/2021,0,0,22.05(0.23 %),0,0,0,0,28,0.0
18/10/2021,0,0,22(-0.23 %),0,0,0,0,28,0.0
19/10/2021,0,0,21.9(-0.45 %),0,0,0,0,28,0.0
20/10/2021,0,0,22.2(1.37 %),0,0,0,0,28,0.0
21/10/2021,-600,-13675000,22.85(2.93 %),0,0,600,13675000,628,0.0
22/10/2021,0,0,22.9(0.22 %),410000,9963000000,410000,9963000000,628,0.0
25/10/2021,0,0,22.9(0.00 %),0,0,0,0,628,0.0
26/10/2021,600,13490000,22.7(-0.87 %),600,13490000,0,0,28,0.0
27/10/2021,0,0,22.65(-0.22 %),0,0,0,0,28,0.0
28/10/2021,0,0,22.7(0.22 %),0,0,0,0,28,30.0
29/10/2021,-5700,-129180000,22.9(0.88 %),0,0,5700,129180000,5728,30.0
01/11/2021,0,0,23.45(2.40 %),0,0,0,0,5728,30.0
02/11/2021,-600,-14090000,23.5(0.21 %),0,0,600,14090000,6328,30.0
03/11/2021,1500,34855000,24.95(6.17 %),2500,59805000,1000,24950000,4828,0.0
04/11/2021,2400,0,24.8(-0.60 %),2400,0,0,0,3928,0.0
05/11/2021,700,17120000,24.6(-0.81 %),700,17120000,0,0,5628,0.0
08/11/2021,-600,-15000000,25.15(2.24 %),1500,36870000,2100,51870000,6928,30.0
09/11/2021,600,15265000,24.95(-0.80 %),600,15265000,0,0,6328,39.0
10/11/2021,0,0,24.55(-1.60 %),0,0,0,0,6328,39.0
11/11/2021,2100,49960000,23.6(-3.87 %),2100,49960000,0,0,4228,39.0
12/11/2021,0,0,24.1(2.12 %),0,0,0,0,4228,39.0
15/11/2021,-1200,-29280000,24.2(0.41 %),0,0,1200,29280000,5428,39.0
16/11/2021,-1000,-24400000,24(-0.83 %),0,0,1000,24400000,6428,39.0
17/11/2021,0,0,23.7(-1.25 %),0,0,0,0,6428,39.0
18/11/2021,1200,28480000,23.8(0.42 %),1200,28480000,0,0,5228,39.0
19/11/2021,-5200,-128520000,24.6(3.36 %),0,0,5200,128520000,10428,39.0
22/11/2021,-600,-15255000,26.25(6.71 %),0,0,600,15255000,11028,39.0
23/11/2021,0,0,26.45(0.76 %),0,0,0,0,11028,39.0
24/11/2021,2200,59525000,28.2(6.62 %),5100,138865000,2900,79340000,8828,39.0
25/11/2021,600,16800000,27.8(-1.42 %),600,16800000,0,0,8228,39.0
26/11/2021,0,0,27.75(-0.18 %),0,0,0,0,8228,0.0
29/11/2021,-1600,0,27.2(-1.98 %),0,0,1600,0,9828,0.0
30/11/2021,-300,-8070000,26(-4.41 %),0,0,300,8070000,8528,39.0
01/12/2021,0,0,27(3.85 %),0,0,0,0,8528,39.0
02/12/2021,1500,40275000,26.2(-2.96 %),1500,40275000,0,0,7028,30.0
03/12/2021,300,7905000,25(-4.58 %),300,7905000,0,0,6728,30.0
06/12/2021,-100,-2410000,24(-4.00 %),0,0,100,2410000,6828,30.0
07/12/2021,-300,-7350000,24.45(1.88 %),0,0,300,7350000,7128,30.0
08/12/2021,-700,-17400000,24.9(1.84 %),0,0,700,17400000,7828,30.0
09/12/2021,100,2490000,24.95(0.20 %),100,2490000,0,0,7728,0.0
10/12/2021,300,7500000,25(0.20 %),300,7500000,0,0,7428,30.0
13/12/2021,600,14970000,24.65(-1.40 %),700,17465000,100,2495000,6828,30.0
14/12/2021,0,0,24.75(0.41 %),0,0,0,0,6828,28.15
15/12/2021,0,0,25.2(1.82 %),0,0,0,0,6828,28.15
16/12/2021,100,2530000,25.85(2.58 %),100,2530000,0,0,6728,28.15
17/12/2021,-600,-15570000,26.15(1.16 %),0,0,600,15570000,7328,28.15
20/12/2021,0,0,26.2(0.19 %),0,0,0,0,7328,28.15
21/12/2021,0,0,26.5(1.15 %),0,0,0,0,7328,0.0
22/12/2021,600,16170000,26.7(0.75 %),600,16170000,0,0,6728,28.15
23/12/2021,0,0,26.35(-1.31 %),0,0,0,0,6728,28.15
24/12/2021,0,0,27.1(2.65 %),0,0,0,0,6728,28.15
27/12/2021,0,0,27.3(0.74 %),0,0,0,0,0,30.0
28/12/2021,0,0,27.5(0.73 %),0,0,0,0,0,28.15
29/12/2021,0,0,27.85(1.27 %),0,0,0,0,0,30.0
30/12/2021,0,0,28.5(2.15 %),0,0,0,0,0,30.0
31/12/2021,0,0,29(1.75 %),0,0,0,0,0,30.0
04/01/2022,-100,-2875000,28.4(-2.07 %),0,0,100,2875000,0,30.0
05/01/2022,0,0,27.7(-2.46 %),0,0,0,0,-178,30.0
06/01/2022,-11000,-303600000,27.65(-0.18 %),0,0,11000,303600000,-78,30.0
07/01/2022,-100,-2740000,27.1(-2.17 %),0,0,100,2740000,-89,30.0
10/01/2022,0,0,26.35(-2.77 %),0,0,0,0,10911,30.0
11/01/2022,10900,288850000,26.6(0.76 %),10900,288850000,0,0,111,30.0
12/01/2022,-500,-13930000,28(5.26 %),100,2630000,600,16560000,11,30.0
13/01/2022,0,0,28(0.00 %),0,0,0,0,-39,30.0
14/01/2022,-100,-2750000,26.8(-4.29 %),0,0,100,2750000,0,30.0
17/01/2022,0,0,25.9(-3.36 %),0,0,0,0,0,30.0
18/01/2022,0,0,25.35(-2.12 %),0,0,0,0,100,30.0
19/01/2022,100,2550000,25.7(1.18 %),100,2550000,0,0,0,30.0
20/01/2022,0,0,26.15(0.58 %),0,0,0,0,-4,30.0
21/01/2022,0,0,26.75(1.33 %),0,0,0,0,-4,30.0
24/01/2022,-4000,-106305000,25.9(-3.36 %),0,0,4000,106305000,0,30.0
25/01/2022,0,0,27(4.25 %),0,0,0,0,0,30.0
26/01/2022,-6000,0,27.5(1.85 %),0,0,6000,0,3856,30.0
27/01/2022,2300,63400000,27.25(-0.91 %),3800,104500000,1500,41100000,56,30.0
28/01/2022,-200,-5460000,27.15(-0.55 %),0,0,200,5460000,6056,30.0
07/02/2022,6000,165000000,27.35(0.55 %),6000,165000000,0,0,1556,30.0
08/02/2022,-498500,-13877230000,27.85(1.64 %),1500,41025000,500000,13918255000,256,30.0
09/02/2022,-999800,-27899180000,27.75(-0.54 %),200,5585000,1000000,27904765000,56,30.0
10/02/2022,0,0,27.55(-0.90 %),0,0,0,0,500056,29.97
11/02/2022,43200,1182385000,27.55(-0.18 %),43200,1182385000,0,0,1456856,29.9
14/02/2022,1456800,39835250000,26.2(-5.07 %),1456800,39835250000,0,0,56,30.0
15/02/2022,0,0,26.7(1.91 %),0,0,0,0,-44,30.0
16/02/2022,0,0,26.85(0.56 %),0,0,0,0,-39,30.0
17/02/2022,0,0,27(0.37 %),0,0,0,0,-39,30.0
18/02/2022,0,0,27(0.00 %),0,0,0,0,-39,30.0
21/02/2022,-9100,-243880000,27(0.00 %),0,0,9100,243880000,-39,30.0
22/02/2022,0,0,27(0.00 %),0,0,0,0,-39,30.0
23/02/2022,0,0,27.3(1.11 %),0,0,0,0,9061,30.0
24/02/2022,9000,245700000,26.7(-2.20 %),9000,245700000,0,0,11,30.0
25/02/2022,0,0,26.9(0.75 %),0,0,0,0,11,30.0
28/02/2022,0,0,26.65(-0.93 %),0,0,0,0,11,30.0
01/03/2022,0,0,26.5(-0.75 %),0,0,0,0,11,30.0
02/03/2022,0,0,25.5(-3.77 %),0,0,0,0,11,30.0
03/03/2022,-28000,-728000000,26(1.96 %),0,0,28000,728000000,0,30.0
04/03/2022,0,0,26(0.00 %),0,0,0,0,0,30.0
07/03/2022,0,0,25.6(-1.54 %),0,0,0,0,14800,30.0
08/03/2022,14800,372870000,25.15(-1.76 %),14800,372870000,0,0,0,30.0
09/03/2022,-1700,-42630000,25(-0.79 %),0,0,1700,42630000,0,30.0
10/03/2022,0,0,25.4(1.60 %),0,0,0,0,0,30.0
11/03/2022,0,0,25.35(-0.20 %),0,0,0,0,1700,30.0
14/03/2022,1700,42840000,25.35(-0.20 %),1700,42840000,0,0,0,30.0
15/03/2022,0,0,25.4(0.00 %),0,0,0,0,0,30.0
16/03/2022,0,0,25.4(0.00 %),0,0,0,0,0,30.0
17/03/2022,0,0,25.65(0.98 %),0,0,0,0,0,30.0
18/03/2022,0,0,25.8(0.39 %),0,0,0,0,0,30.0
21/03/2022,0,0,25.9(0.39 %),0,0,0,0,0,30.0
22/03/2022,0,0,26(0.39 %),0,0,0,0,0,30.0
23/03/2022,-1600,-41520000,25.95(-0.19 %),0,0,1600,41520000,0,30.0
24/03/2022,0,0,25.75(-0.96 %),0,0,0,0,0,30.0
25/03/2022,0,0,25.65(-0.58 %),0,0,0,0,1501,30.0
28/03/2022,1500,38175000,25.2(-1.95 %),1500,38175000,0,0,1,30.0
29/03/2022,0,0,25.3(0.40 %),0,0,0,0,1,30.0
30/03/2022,0,0,25.4(0.40 %),0,0,0,0,0,30.0
31/03/2022,0,0,25.4(0.00 %),0,0,0,0,0,30.0
01/04/2022,0,0,25.8(1.57 %),0,0,0,0,-179,30.0
04/04/2022,0,0,25.95(0.58 %),0,0,0,0,-179,30.0
05/04/2022,0,0,25.75(-0.96 %),0,0,0,0,-244,30.0
06/04/2022,0,0,25.8(0.00 %),0,0,0,0,-244,30.0
07/04/2022,0,0,26(0.78 %),0,0,0,0,0,28.15
08/04/2022,0,0,25.65(-1.35 %),0,0,0,0,-274,30.0
12/04/2022,0,0,25.35(-1.36 %),0,0,0,0,0,22.91
13/04/2022,0,0,25.15(-0.98 %),0,0,0,0,-274,30.0
14/04/2022,0,0,25.2(0.00 %),0,0,0,0,-274,30.0
15/04/2022,0,0,24.5(-2.78 %),0,0,0,0,0,30.0
18/04/2022,0,0,23.85(-2.65 %),0,0,0,0,-274,30.0
19/04/2022,-300,-7060000,23(-3.77 %),0,0,300,7060000,0,30.0
20/04/2022,0,0,23(0.00 %),0,0,0,0,0,28.15
21/04/2022,0,0,23(0.00 %),0,0,0,0,0,30.0
22/04/2022,0,0,23.1(0.43 %),0,0,0,0,0,30.0
25/04/2022,0,0,22(-4.76 %),0,0,0,0,0,30.0
26/04/2022,-300,-6600000,22.4(1.82 %),0,0,300,6600000,0,30.0
27/04/2022,0,0,22.8(1.79 %),0,0,0,0,0,30.0
28/04/2022,0,0,22.45(-1.54 %),0,0,0,0,300,30.0
29/04/2022,200,4510000,22.9(1.78 %),300,6750000,100,2240000,0,30.0
04/05/2022,0,0,22.8(-0.44 %),0,0,0,0,0,30.0
05/05/2022,0,0,22.8(0.00 %),0,0,0,0,0,28.15
06/05/2022,100,2240000,22.4(-1.75 %),100,2240000,0,0,0,30.0
09/05/2022,0,0,20.85(-6.92 %),0,0,0,0,0,30.0
10/05/2022,0,0,20.95(0.24 %),0,0,0,0,0,30.0
11/05/2022,0,0,21(0.24 %),0,0,0,0,0,28.15
12/05/2022,0,0,19.55(-6.90 %),0,0,0,0,0,28.15
13/05/2022,0,0,18.2(-6.91 %),0,0,0,0,0,30.0
16/05/2022,0,0,18.25(0.27 %),0,0,0,0,0,30.0
17/05/2022,0,0,19.45(6.28 %),0,0,0,0,0,30.0
18/05/2022,0,0,19.6(0.51 %),0,0,0,0,0,30.0
19/05/2022,0,0,19.6(0.00 %),0,0,0,0,0,30.0
20/05/2022,0,0,19.4(-1.02 %),0,0,0,0,0,30.0
23/05/2022,0,0,19(-2.06 %),0,0,0,0,0,30.0
24/05/2022,0,0,19(0.00 %),0,0,0,0,0,30.0
25/05/2022,0,0,19.8(4.21 %),0,0,0,0,0,30.0
26/05/2022,0,0,19.75(-0.25 %),0,0,0,0,0,30.0
27/05/2022,0,0,20.6(4.04 %),0,0,0,0,0,30.0
30/05/2022,0,0,20.7(0.49 %),0,0,0,0,0,30.0
31/05/2022,0,0,20.5(-0.97 %),0,0,0,0,0,30.0
01/06/2022,0,0,20.4(-0.49 %),0,0,0,0,0,30.0
02/06/2022,0,0,19.7(-3.43 %),0,0,0,0,0,30.0
03/06/2022,0,0,19.6(-0.51 %),0,0,0,0,0,30.0
06/06/2022,0,0,19.8(1.02 %),0,0,0,0,0,30.0
07/06/2022,0,0,19.5(-1.52 %),0,0,0,0,0,30.0
08/06/2022,-100,-2015000,20.15(3.33 %),0,0,100,2015000,0,30.0
09/06/2022,0,-2015000,20.05(-0.74 %),0,0,0,2015000,0,30.0
10/06/2022,0,-2015000,19.65(-2.24 %),0,0,0,2015000,100,30.0
13/06/2022,100,1830000,18.3(-7.11 %),100,1830000,0,0,0,30.0
14/06/2022,0,1830000,17.95(-1.91 %),0,1830000,0,0,0,30.0
15/06/2022,0,1830000,17.4(-3.33 %),0,1830000,0,0,0,30.0
16/06/2022,0,1830000,17.25(-0.86 %),0,1830000,0,0,0,30.0
17/06/2022,0,1830000,16.05(-7.23 %),0,1830000,0,0,0,30.0
20/06/2022,0,0,15(-6.83 %),0,0,0,0,0,30.0
21/06/2022,0,1830000,15(0.00 %),0,1830000,0,0,0,30.0
22/06/2022,0,1830000,16.05(7.00 %),0,1830000,0,0,0,30.0
23/06/2022,0,1830000,16.5(2.48 %),0,1830000,0,0,0,30.0
24/06/2022,0,1830000,16.55(0.30 %),0,1830000,0,0,0,30.0
27/06/2022,0,1830000,16.85(1.51 %),0,1830000,0,0,0,30.0
28/06/2022,0,1830000,17.2(1.78 %),0,1830000,0,0,0,30.0
29/06/2022,0,0,17.25(0.29 %),0,0,0,0,0,30.0
30/06/2022,0,1830000,17(-1.73 %),0,1830000,0,0,0,30.0
01/07/2022,0,1830000,17(0.00 %),0,1830000,0,0,0,30.0
04/07/2022,0,1830000,17.1(0.59 %),0,1830000,0,0,0,28.15
05/07/2022,-425000,-7352500000,17.3(1.17 %),0,0,425000,7352500000,0,30.0
06/07/2022,-385000,-6545000000,17(-1.73 %),0,0,385000,6545000000,0,30.0
07/07/2022,-370000,-6216000000,16.8(-1.18 %),0,0,370000,6216000000,425000,29.97
08/07/2022,0,-2388960000,16.8(0.00 %),0,159600000,0,2548560000,425000,28.12
11/07/2022,0,-2388960000,16.5(-1.79 %),0,159600000,0,2548560000,1170500,29.92
12/07/2022,500,8350000,16.7(1.21 %),500,8350000,0,0,1321700,29.91
13/07/2022,0,8350000,17.2(2.99 %),0,8350000,0,0,1321700,29.91
14/07/2022,-100,-1725000,17.25(0.29 %),0,0,100,1725000,1321700,29.91
15/07/2022,-100,-1750000,17.5(1.16 %),0,0,100,1750000,1321700,29.91
18/07/2022,278300,4898080000,17.6(0.57 %),278600,4903360000,300,5280000,1043104,29.93
19/07/2022,63000,1108800000,17.6(0.00 %),63000,1108800000,0,0,980204,29.94
20/07/2022,1000,18000000,18(2.27 %),1000,18000000,0,0,979504,29.94
21/07/2022,900,16380000,18.2(1.11 %),900,16380000,0,0,978604,29.94
22/07/2022,0,4397490000,18.3(0.55 %),0,4397490000,0,0,738304,29.95
25/07/2022,241900,4390485000,18.15(-0.82 %),241900,4390485000,0,0,496404,29.97
26/07/2022,243200,4401920000,18.1(-0.55 %),243200,4401920000,0,0,253204,29.98
27/07/2022,242700,4392870000,18.1(0.00 %),242700,4392870000,0,0,33504,30.0
28/07/2022,300,5550000,18.5(2.21 %),300,5550000,0,0,33204,30.0
29/07/2022,3500,65100000,18.6(0.54 %),3500,65100000,0,0,29704,30.0
01/08/2022,2600,48620000,18.7(0.54 %),2600,48620000,0,0,27077,30.0
02/08/2022,25500,478125000,18.75(0.27 %),25500,478125000,0,0,1577,30.0
03/08/2022,1500,28200000,18.8(0.00 %),1500,28200000,0,0,77,30.0
04/08/2022,0,28200000,18.8(0.00 %),0,28200000,0,0,77,30.0
05/08/2022,0,28200000,18.8(0.00 %),0,28200000,0,0,77,30.0
08/08/2022,0,28200000,18.8(0.00 %),0,28200000,0,0,77,30.0
09/08/2022,0,28200000,19(1.06 %),0,28200000,0,0,77,30.0
10/08/2022,-200,-3790000,18.95(-0.26 %),0,0,200,3790000,77,30.0
11/08/2022,0,-3790000,18.6(-2.11 %),0,0,0,3790000,77,30.0
12/08/2022,0,-3790000,18.8(1.08 %),0,0,0,3790000,277,30.0
15/08/2022,200,3840000,19.2(2.13 %),200,3840000,0,0,77,30.0
16/08/2022,0,3840000,19.25(0.26 %),0,3840000,0,0,77,30.0
17/08/2022,0,3840000,19.3(0.00 %),0,3840000,0,0,77,30.0
18/08/2022,0,3840000,19.3(0.00 %),0,3840000,0,0,77,30.0
19/08/2022,-2800,-53900000,19.25(-0.26 %),0,0,2800,53900000,77,30.0
22/08/2022,0,-53900000,19(-1.55 %),0,0,0,53900000,77,30.0
23/08/2022,-5700,-108300000,19(0.00 %),0,0,5700,108300000,2877,30.0
24/08/2022,0,0,19.1(0.53 %),1800,34380000,1800,34380000,1077,30.0
25/08/2022,1000,19200000,19.2(0.52 %),1000,19200000,0,0,5777,30.0
26/08/2022,3300,63690000,19.3(0.52 %),6893300,133040690000,6890000,132977000000,4277,30.0
29/08/2022,-4900,-92855000,18.95(-1.81 %),100,1895000,5000,94750000,58177,30.0
30/08/2022,0,-92855000,18.95(-0.26 %),0,1895000,0,94750000,58177,30.0
31/08/2022,-7200,-136800000,19(0.00 %),0,0,7200,136800000,63177,30.0
05/09/2022,1000,18900000,18.9(-0.53 %),1000,18900000,0,0,62177,30.0
06/09/2022,9000,171900000,19.1(1.06 %),9000,171900000,0,0,60377,30.0
07/09/2022,60300,1127610000,18.7(-2.09 %),60300,1127610000,0,0,77,30.0
08/09/2022,-300,-5490000,18.3(-2.14 %),0,0,300,5490000,167,30.0
09/09/2022,100,1835000,18.35(0.27 %),100,1835000,0,0,67,30.0
12/09/2022,30,1835000,18(-2.17 %),30,1835000,0,0,337,30.0
13/09/2022,240,4248000,17.95(-0.28 %),300,5310000,60,1062000,37,30.0
14/09/2022,0,4248000,17.75(-1.39 %),0,5310000,0,1062000,37,30.0
15/09/2022,0,4248000,17.55(-1.40 %),0,5310000,0,1062000,0,30.0
16/09/2022,0,4248000,17.7(0.57 %),0,5310000,0,1062000,97,30.0
19/09/2022,90,1561500,17.35(-1.98 %),2597090,45059511500,2597000,45057950000,7,28.15
20/09/2022,0,1561500,17.6(1.15 %),0,45059511500,0,45057950000,7,30.0
21/09/2022,0,1561500,17.6(0.00 %),0,45059511500,0,45057950000,7,30.0
22/09/2022,0,1561500,17.5(-0.57 %),0,45059511500,0,45057950000,7,30.0
23/09/2022,0,0,17.55(0.29 %),3000000,52650000000,3000000,52650000000,7,30.0
26/09/2022,0,0,17.1(-2.84 %),750000,12825000000,750000,12825000000,7,30.0
27/09/2022,0,0,17(-0.58 %),2950000,50150000000,2950000,50150000000,7,30.0
28/09/2022,1,16950,16.95(-0.29 %),2780001,47121016950,2780000,47121000000,6,30.0
29/09/2022,0,16950,16.9(-0.59 %),0,47121016950,0,47121000000,6,30.0
30/09/2022,-1700,-28135000,16.55(-2.07 %),0,0,1700,28135000,6,30.0
03/10/2022,0,-28135000,16(-3.61 %),0,0,0,28135000,6,30.0
04/10/2022,-7,-112000,16(0.00 %),6,96000,13,208000,1700,30.0
05/10/2022,1700,27455000,16.15(0.94 %),1700,27455000,0,0,0,30.0
06/10/2022,0,27455000,15.75(-2.78 %),0,27455000,0,0,13,30.0
07/10/2022,13,190450,14.65(-7.28 %),13,190450,0,0,0,30.0
10/10/2022,0,190450,11.1(-24.49 %),0,190450,0,0,0,30.0
11/10/2022,0,190450,10.35(-6.76 %),0,190450,0,0,0,30.0
12/10/2022,0,190450,11.05(6.25 %),0,190450,0,0,0,30.0
13/10/2022,0,190450,11.45(3.15 %),0,190450,0,0,0,30.0
14/10/2022,0,190450,11.75(2.17 %),0,190450,0,0,0,30.0
17/10/2022,0,190450,11.6(-1.69 %),0,190450,0,0,0,30.0
18/10/2022,0,190450,11.7(0.86 %),0,190450,0,0,0,30.0
19/10/2022,0,0,11.65(-0.43 %),0,0,0,0,0,21.97
20/10/2022,0,0,11.65(-0.43 %),0,0,0,0,0,21.97
21/10/2022,0,0,11(-5.98 %),0,0,0,0,0,21.97
24/10/2022,0,0,10.95(-0.45 %),0,0,0,0,0,21.97
25/10/2022,0,0,11(0.00 %),0,0,0,0,0,21.97
26/10/2022,0,0,11(0.00 %),0,0,0,0,0,21.97
27/10/2022,0,0,11.75(6.82 %),0,0,0,0,0,30.0
28/10/2022,-21200,-259700000,12.25(3.81 %),0,0,21200,259700000,0,30.0
31/10/2022,-20800,-257920000,12.4(0.81 %),0,0,20800,257920000,0,30.0
01/11/2022,-25400,-321310000,12.65(2.02 %),0,0,25400,321310000,21200,30.0
02/11/2022,-13696,-173254400,12.65(-0.39 %),6404,81010600,20100,254265000,35596,30.0
03/11/2022,-18332,-231899800,12.65(-0.39 %),2068,26160200,20400,258060000,58928,30.0
04/11/2022,800,10320000,12.9(1.57 %),1100,14190000,300,3870000,77928,29.99
07/11/2022,112,1366400,12.2(-5.43 %),200,2440000,88,1073600,98128,29.99
08/11/2022,200,2460000,12.3(0.82 %),200,2460000,0,0,98228,29.99
09/11/2022,1500,18450000,12.3(0.00 %),1500,18450000,0,0,96816,29.99
10/11/2022,1400,16030000,11.45(-6.91 %),1400,16030000,0,0,95416,29.99
11/11/2022,600,6900000,11.5(0.00 %),600,6900000,0,0,94816,29.99
14/11/2022,-2000,-22600000,11.3(-1.74 %),0,0,2000,22600000,94816,29.99
15/11/2022,6671,73381000,11(-2.65 %),7400,81400000,729,8019000,87416,29.99
16/11/2022,57500,669875000,11.65(5.91 %),57500,669875000,0,0,31916,30.0
17/11/2022,16000,191200000,11.95(2.14 %),16000,191200000,0,0,16645,30.0
18/11/2022,200,2390000,11.95(-0.42 %),1000,11950000,800,9560000,15658,30.0
21/11/2022,5800,68730000,11.85(-1.25 %),7100,84135000,1300,15405000,8558,30.0
22/11/2022,2500,29875000,11.95(0.42 %),5000,59750000,2500,29875000,4358,30.0
23/11/2022,4300,51600000,12(0.00 %),4300,51600000,0,0,1358,30.0
24/11/2022,100,1190000,11.9(-0.83 %),100,1190000,0,0,3758,30.0
25/11/2022,-13200,-161040000,12.2(2.52 %),3700,45140000,16900,206180000,58,30.0
28/11/2022,-2150,-27520000,12.8(4.92 %),0,0,2150,27520000,2208,0.0
29/11/2022,0,-27520000,12.9(0.78 %),0,0,0,27520000,2208,30.0
30/11/2022,2600,33800000,13(0.78 %),3600,46800000,1000,13000000,-392,30.0
01/12/2022,8900,118815000,13.35(2.69 %),9800,130830000,900,12015000,5708,30.0
02/12/2022,5700,78945000,13.85(3.36 %),5700,78945000,0,0,8,30.0
05/12/2022,-5467,-76264650,13.95(0.36 %),1000,13950000,6467,90214650,5475,29.79
06/12/2022,-700,-9240000,13.2(-5.71 %),900,11880000,1600,21120000,6175,0.0
07/12/2022,-4000,-52000000,13(-1.52 %),0,0,4000,52000000,10175,0.0
08/12/2022,-21100,-284850000,13.5(3.85 %),300,4050000,21400,288900000,7775,30.0
09/12/2022,-22000,-293700000,13.35(-1.11 %),0,0,22000,293700000,11775,30.0
12/12/2022,-142400,-1822720000,12.8(-4.48 %),7600,97280000,150000,1920000000,195675,29.78
13/12/2022,-339000,-4339200000,12.8(0.00 %),22500,288000000,361500,4627200000,534675,29.76
14/12/2022,-269500,-3503500000,13(1.56 %),22000,286000000,291500,3789500000,804175,0.0
15/12/2022,-439300,-5710900000,13(0.00 %),21700,282100000,461000,5993000000,1243475,0.0
16/12/2022,-774345,-10182636750,13.15(1.15 %),492875,6481306250,1267220,16663943000,2017820,29.69
19/12/2022,-23200,-301600000,13(-1.52 %),12891500,167589500000,12914700,167891100000,2041020,0.0
20/12/2022,-14800,-185740000,12.55(-3.46 %),2400000,30120000000,2414800,30305740000,2055820,29.68
21/12/2022,9500,117325000,12.35(-1.98 %),9500,117325000,0,0,2046320,29.68
22/12/2022,17572,220528600,12.55(1.21 %),17600,220880000,28,351400,2028748,29.68
23/12/2022,0,220528600,12.6(0.00 %),0,220880000,0,351400,2028748,29.68
26/12/2022,5500,66000000,12(-4.76 %),5500,66000000,0,0,2023248,29.69
27/12/2022,-77413,-944438600,12.2(1.67 %),9300,113460000,86713,1057898600,2100661,29.68
28/12/2022,4600,57040000,12.4(1.64 %),4600,57040000,0,0,2096061,0.0
29/12/2022,200,2460000,12.3(-0.81 %),200,2460000,0,0,1838761,29.91
30/12/2022,55200,690000000,12.5(1.63 %),55200,690000000,0,0,6058561,29.7
03/01/2023,-400,-5100000,12.75(2.00 %),17700,225675000,18100,230775000,6040861,0.0
04/01/2023,0,-5100000,12.75(-0.39 %),0,225675000,0,230775000,6040861,29.7
05/01/2023,16000,202400000,12.65(-1.17 %),16000,202400000,0,0,6065961,29.7
06/01/2023,26600,340480000,12.8(0.79 %),30600,391680000,4000,51200000,6035361,29.7
09/01/2023,-100,-1280000,12.8(0.00 %),5600,71680000,5700,72960000,6052761,29.7
10/01/2023,155000,2015000000,13(1.56 %),166100,2159300000,11100,144300000,5890661,29.71
11/01/2023,3700,48285000,13.05(0.38 %),3700,48285000,0,0,5892661,29.71
12/01/2023,218500,2884200000,13.2(0.76 %),219100,2892120000,600,7920000,5684661,29.72
13/01/2023,197300,2604360000,13.2(0.00 %),205300,2709960000,8000,105600000,5479361,29.73
16/01/2023,184500,2444625000,13.25(0.38 %),200000,2650000000,15500,205375000,5279961,29.74
17/01/2023,65800,875140000,13.3(0.00 %),65900,876470000,100,1330000,5222061,29.74
18/01/2023,248306,3327300400,13.4(0.75 %),248306,3327300400,0,0,4989255,29.75
19/01/2023,72800,979160000,13.45(0.37 %),73600,989920000,800,10760000,4915755,29.75
27/01/2023,117270,1594872000,13.6(0.74 %),119200,1621120000,1930,26248000,4796555,29.76
30/01/2023,778400,10469480000,13.45(-1.10 %),779500,10484275000,1100,14795000,4017855,29.8
31/01/2023,277000,3739500000,13.5(0.00 %),300100,4051350000,23100,311850000,3719685,29.81
01/02/2023,440000,5720000000,13(-3.70 %),532400,6921200000,92400,1201200000,3188385,29.84
02/02/2023,84187,1086012300,12.9(-0.77 %),143687,1853562300,59500,767550000,3067798,29.85
03/02/2023,184100,2236815000,12.15(-5.81 %),226000,2745900000,41900,509085000,2934198,29.85
06/02/2023,227100,2918235000,12.85(5.33 %),240400,3089140000,13300,170905000,2753298,29.86
07/02/2023,280900,3539340000,12.6(-2.33 %),285600,3598560000,4700,59220000,2509598,29.87
08/02/2023,291800,3705860000,12.7(0.79 %),296200,3761740000,4400,55880000,2226698,29.89
09/02/2023,459500,5812675000,12.65(-0.39 %),462600,5851890000,3100,39215000,1768798,29.91
10/02/2023,174300,2187465000,12.55(-1.18 %),220500,2767275000,46200,579810000,1552698,29.92
13/02/2023,-57900,-706380000,12.2(-3.17 %),4600,56120000,62500,762500000,1551198,29.92
14/02/2023,193100,2365475000,12.25(0.41 %),200300,2453675000,7200,88200000,1397098,29.93
15/02/2023,-100400,-1234920000,12.3(0.00 %),200000,2460000000,300400,3694920000,1259598,29.94
16/02/2023,207000,2566800000,12.4(0.81 %),207700,2575480000,700,8680000,1059098,29.95
17/02/2023,201610,2520125000,12.5(0.81 %),201610,2520125000,0,0,1157888,29.94
20/02/2023,319100,4148300000,13(4.00 %),319100,4148300000,0,0,839488,29.96
21/02/2023,190300,2454870000,12.9(-0.77 %),200200,2582580000,9900,127710000,639288,29.97
22/02/2023,31900,397155000,12.45(-3.49 %),201900,2513655000,170000,2116500000,437388,29.98
23/02/2023,-198000,-2475000000,12.5(0.00 %),2100,26250000,200100,2501250000,445188,29.98
24/02/2023,-210000,-2562000000,12.2(-2.40 %),5000,61000000,215000,2623000000,655188,29.97
27/02/2023,-9900,-118800000,12(-1.64 %),400,4800000,10300,123600000,809888,29.96
28/02/2023,1610,19400500,12.05(0.42 %),1610,19400500,0,0,927278,29.95
01/03/2023,416200,5160880000,12.4(2.48 %),430100,5333240000,13900,172360000,507478,29.97
02/03/2023,28300,349505000,12.35(-0.40 %),28300,349505000,0,0,416178,29.98
03/03/2023,-29700,-359370000,12.1(-2.42 %),300,3630000,30000,363000000,429778,29.98
06/03/2023,3400,41480000,12.2(0.83 %),3400,41480000,0,0,378378,29.98
07/03/2023,-6500,-79300000,12.2(0.00 %),600,7320000,7100,86620000,407778,29.98
08/03/2023,-300,-3690000,12.3(0.82 %),0,0,300,3690000,407778,29.98
09/03/2023,-15000,-186000000,12.4(0.81 %),0,0,15000,186000000,414878,29.98
10/03/2023,-50000,-615000000,12.3(-0.81 %),0,0,50000,615000000,415178,29.98
13/03/2023,4100,49610000,12.1(-1.63 %),4100,49610000,0,0,411078,0.0
14/03/2023,-3900,-46800000,12(-0.83 %),600,7200000,4500,54000000,581478,29.97
15/03/2023,-2600,-31850000,12.25(2.08 %),500,6125000,3100,37975000,484978,29.98
16/03/2023,1419,17098950,12.05(-2.03 %),2000,24100000,581,7001050,487478,29.98
17/03/2023,3600,43740000,12.15(0.41 %),31003600,376693740000,31000000,376650000000,486978,29.98
20/03/2023,-220700,-2637365000,11.95(-2.05 %),40800600,487567170000,41021300,490204535000,438959,29.98
21/03/2023,4410,-2562000000,12(0.00 %),43504410,61000000,43500000,2623000000,434549,29.98
22/03/2023,0,0,12.05(0.42 %),0,0,0,0,434549,29.98
23/03/2023,0,0,12.1(0.00 %),0,0,0,0,434549,29.98
24/03/2023,1900,22990000,12.15(0.41 %),1900,22990000,0,0,432649,29.98
27/03/2023,9800,119070000,12.15(-0.41 %),9800,119070000,0,0,422849,0.0
28/03/2023,1700,20740000,12.2(0.00 %),1700,20740000,0,0,421149,29.98
29/03/2023,-353300,-4310260000,12.2(0.00 %),300,3660000,353600,4313920000,642149,29.97
30/03/2023,-400,-5000000,12.5(2.46 %),0,0,400,5000000,642149,29.97
31/03/2023,-3755,-47313000,12.6(0.80 %),5000,63000000,8755,110313000,990749,29.95
03/04/2023,-3300,-41910000,12.7(0.79 %),1100,13970000,4400,55880000,990049,29.95
04/04/2023,0,-41910000,12.75(0.39 %),0,13970000,0,55880000,998804,29.95
05/04/2023,-5600,-70840000,12.65(-1.17 %),200,2530000,5800,73370000,1003004,29.95
06/04/2023,-208700,-2608750000,12.5(-1.57 %),100,1250000,208800,2610000000,1002904,29.95
07/04/2023,200,2500000,12.5(0.00 %),200,2500000,0,0,1008504,29.95
10/04/2023,100,1235000,12.35(-1.20 %),100,1235000,0,0,1217204,29.94
11/04/2023,24900,311250000,12.5(0.81 %),26300,328750000,1400,17500000,1190904,29.94
12/04/2023,14100,176250000,12.5(0.00 %),14100,176250000,0,0,1177804,29.94
13/04/2023,3700,46065000,12.45(-0.40 %),8300,103335000,4600,57270000,1196904,29.94
14/04/2023,-99900,-1268730000,12.7(1.60 %),100,1270000,100000,1270000000,1210804,29.94
17/04/2023,-189900,-2411730000,12.7(0.00 %),10100,128270000,200000,2540000000,1205304,29.94
18/04/2023,-99000,-1242450000,12.55(-1.18 %),1000,12550000,100000,1255000000,1304304,29.93
19/04/2023,-30200700,-372978645000,12.35(-1.98 %),300,3705000,30201000,372982350000,1522004,29.92
20/04/2023,600,7485000,12.35(-0.40 %),5200,63950000,4600,56465000,1521404,29.92
21/04/2023,-80500,-994175000,12.35(-0.40 %),19500,240825000,100000,1235000000,31798304,28.41
24/04/2023,29869850,364412170000,12.2(-1.61 %),30020200,366246440000,150350,1834270000,1782704,29.91
25/04/2023,-188607,-2253853650,11.95(-2.05 %),610,7289500,189217,2261143150,1660094,29.92
26/04/2023,10300,122055000,11.85(-1.25 %),10300,122055000,0,0,1800144,29.91
27/04/2023,20500,241910000,11.75(-0.84 %),20500,241910000,0,0,1779644,29.91
28/04/2023,5600,65815000,11.75(0.00 %),5600,65815000,0,0,1774044,29.91
04/05/2023,-62300,-744790000,12(2.13 %),87700,1052470000,150000,1797260000,1963241,29.9
05/05/2023,-149800,-1787785000,11.9(-0.83 %),200,2380000,150000,1790165000,1875321,29.91
08/05/2023,-144500,-1732970000,12.15(2.10 %),5500,66825000,150000,1799795000,2019821,29.9
09/05/2023,-149500,-1802140000,12.1(-0.82 %),500,6050000,150000,1808190000,2141321,29.89
10/05/2023,16000,194430000,12.25(1.24 %),16800,204070000,800,9640000,2125321,29.89
11/05/2023,3300,40260000,12.15(-1.22 %),3300,40260000,0,0,2398721,29.88
12/05/2023,-207200,-2498230000,12.25(0.41 %),40900,493290000,248100,2991520000,2336121,29.88
15/05/2023,-118800,-1453360000,12.25(0.00 %),31200,382080000,150000,1835440000,2454921,29.88
16/05/2023,-117800,-1431850000,12.1(-1.22 %),32200,391480000,150000,1823330000,2572721,29.87
17/05/2023,-130800,-1577850000,12(-0.83 %),19200,233010000,150000,1810860000,2703521,29.86
18/05/2023,-12400,-149600000,12.05(0.42 %),137900,1661695000,150300,1811295000,2715921,29.86
19/05/2023,-174500,-2095625000,12.1(0.41 %),25600,308475000,200100,2404100000,2890421,29.86
22/05/2023,-176000,-2127300000,12.15(0.41 %),24000,290400000,200000,2417700000,3066421,29.85
23/05/2023,-185100,-2236300000,12.15(0.00 %),14900,181000000,200000,2417300000,3251521,29.84
24/05/2023,-197000,-2372220000,12(-1.23 %),3000,36150000,200000,2408370000,3448521,29.83
25/05/2023,-253000,-3022665000,11.95(-0.42 %),1000,12000000,254000,3034665000,3701521,29.81
26/05/2023,-46200,-550580000,11.85(-0.84 %),100,1190000,46300,551770000,3747721,29.81
29/05/2023,-189700,-2265665000,11.95(0.84 %),27100,323845000,216800,2589510000,3937421,29.8
30/05/2023,-247300,-2961875000,12(0.42 %),2700,32475000,250000,2994350000,4184721,29.79
31/05/2023,-199700,-2396400000,12(0.00 %),300,3600000,200000,2400000000,4384421,29.78
01/06/2023,-144400,-1735255000,12.3(2.50 %),76000,913560000,220400,2648815000,3961821,29.8
02/06/2023,-48100,-605230000,12.7(3.25 %),151900,1913770000,200000,2519000000,4009921,29.8
05/06/2023,-269800,-3401245000,12.65(-0.39 %),0,0,269800,3401245000,4279721,29.79
06/06/2023,-198100,-2500310000,12.8(1.19 %),7800,98890000,205900,2599200000,4477821,29.78
07/06/2023,-141500,-1828235000,13(1.56 %),58600,754135000,200100,2582370000,4619321,29.77
08/06/2023,1355300,17270100000,12.7(-2.31 %),1560100,19891430000,204800,2621330000,3264021,29.84
09/06/2023,453700,5842570000,13.1(3.15 %),731000,9391830000,277300,3549260000,2810321,29.86
12/06/2023,-94400,-1201625000,13.1(0.00 %),531100,6953375000,625500,8155000000,2904721,29.85
13/06/2023,2304800,30034385000,13.1(0.00 %),2352800,30663185000,48000,628800000,599921,29.97
14/06/2023,-29000,-380095000,12.9(-1.53 %),21100,276210000,50100,656305000,628921,29.97
15/06/2023,979700,12630195000,12.95(0.39 %),979700,12630195000,0,0,-350779,30.02
16/06/2023,-81500,-1061275000,12.9(-0.77 %),20000,258000000,101500,1319275000,78186,30.0
19/06/2023,-42600,-546125000,12.8(-0.78 %),16300,208630000,58900,754755000,61886,30.0
20/06/2023,-24100,-309145000,12.9(0.78 %),20400,260285000,44500,569430000,85986,30.0
21/06/2023,-7800,-100795000,12.95(0.39 %),13700,176055000,21500,276850000,188186,29.99
22/06/2023,22600,294830000,13.05(0.77 %),47600,621080000,25000,326250000,165586,29.99
23/06/2023,0,0,13(-0.76 %),0,0,0,0,165586,29.99
26/06/2023,-74500,-963890000,12.8(-1.54 %),100,1280000,74600,965170000,231486,29.99
27/06/2023,20100,257280000,12.8(0.00 %),20100,257280000,0,0,211386,29.99
28/06/2023,25000,324000000,12.95(1.17 %),25000,324000000,0,0,186386,29.99
29/06/2023,224000,2856200000,12.75(-1.92 %),224000,2856200000,0,0,-37614,30.0
30/06/2023,0,0,12.6(-1.56 %),0,0,0,0,9021,30.0
03/07/2023,-149000,-1877400000,12.65(0.40 %),0,0,149000,1877400000,158021,29.99
04/07/2023,0,0,12.7(0.00 %),0,0,0,0,158021,29.99
05/07/2023,-1400,-17780000,12.7(0.00 %),0,0,1400,17780000,159421,29.99
06/07/2023,-63000,-793585000,12.6(-0.79 %),100,1275000,63100,794860000,148900,29.99
07/07/2023,80400,1014815000,12.65(0.40 %),148900,1875525000,68500,860710000,1400,30.0
10/07/2023,-8400,-107100000,12.75(0.39 %),1000,12750000,9400,119850000,9800,30.0
11/07/2023,-182000,-2359400000,13(1.56 %),20000,259000000,202000,2618400000,191800,29.99
12/07/2023,12100,156700000,12.95(-0.38 %),12100,156700000,0,0,179700,29.99
13/07/2023,7300,94395000,12.95(-0.38 %),11300,146195000,4000,51800000,172400,29.99
14/07/2023,13200,169475000,12.7(-2.31 %),13200,169475000,0,0,286800,29.99
17/07/2023,-18900,-241920000,12.8(0.79 %),500,6400000,19400,248320000,305700,29.98
18/07/2023,153100,1964335000,12.9(0.78 %),153100,1964335000,0,0,152600,29.99
19/07/2023,-499000,-6437150000,12.85(-0.39 %),1000,12850000,500000,6450000000,155626,29.99
20/07/2023,-10486400,-134750100000,13.2(2.33 %),1000,12990000,10487400,134763090000,10642026,29.47
21/07/2023,-9726100,-129698800000,13.25(0.38 %),94200,1257205000,9820300,130956005000,20368126,28.98
24/07/2023,-10796100,-143676630000,13.6(2.26 %),156900,2086770000,10953000,145763400000,10890926,29.46
25/07/2023,-15848700,-217252600000,13.5(-0.74 %),151300,2072400000,16000000,219325000000,10236926,29.49
26/07/2023,-13413600,-181619200000,13.4(-0.74 %),27000,363900000,13440600,181983100000,23650526,28.82
27/07/2023,-11824300,-158966810000,13.4(0.00 %),181100,2425385000,12005400,161392195000,35474826,28.23
28/07/2023,-17577300,-238105875000,13.7(2.24 %),154100,2104840000,17731400,240210715000,53052126,27.35
31/07/2023,49400,686145000,13.75(0.36 %),49400,686145000,0,0,53002726,27.35
01/08/2023,26400,374705000,14(1.45 %),28000,397225000,1600,22520000,12006026,29.4
02/08/2023,189500,2660090000,14.1(0.71 %),190500,2674140000,1000,14050000,11816526,29.41
03/08/2023,217700,3068535000,14.05(-0.35 %),219000,3086930000,1300,18395000,11598826,29.42
04/08/2023,2600,36530000,14.4(2.49 %),2600,36530000,0,0,1000,30.0
07/08/2023,-17400,-255455000,14.65(1.74 %),1000,14695000,18400,270150000,18400,30.0
08/08/2023,-98700,-1420970000,14.4(-1.71 %),1300,19030000,100000,1440000000,117100,29.99
09/08/2023,-850000,-12002500000,14.2(-1.39 %),0,0,850000,12002500000,967100,29.95
10/08/2023,18100,255485000,14.2(0.00 %),18300,258305000,200,2820000,949000,29.95
11/08/2023,-95900,-1381920000,14.4(1.41 %),6900,97880000,102800,1479800000,1044900,29.95
14/08/2023,-110000,-1578920000,14.4(0.00 %),90000,1291080000,200000,2870000000,757300,29.96
15/08/2023,-128400,-1837100000,14.1(-2.08 %),11600,164140000,140000,2001240000,848458,29.96
16/08/2023,1900,26695000,14.15(0.35 %),1900,26695000,0,0,950558,29.95
17/08/2023,606100,8579000000,14.05(-1.06 %),607000,8591735000,900,12735000,344458,29.98
18/08/2023,6000,82155000,13.3(-5.67 %),6900,94215000,900,12060000,380668,29.98
21/08/2023,349200,4700280000,13.55(1.88 %),380600,5124520000,31400,424240000,968,30.0
22/08/2023,900,12240000,13.65(0.37 %),900,12240000,0,0,0,30.0
23/08/2023,-41000,-557600000,13.55(-0.73 %),0,0,41000,557600000,0,30.0
24/08/2023,-700,-9485000,13.65(0.74 %),0,0,700,9485000,0,30.0
25/08/2023,0,0,13.55(-0.73 %),0,0,0,0,41000,30.0
28/08/2023,-251400,-3413705000,13.7(1.11 %),0,0,251400,3413705000,292400,29.99
29/08/2023,-25000,-349340000,13.95(1.82 %),7000,97000000,32000,446340000,0,30.0
30/08/2023,0,0,14(0.36 %),0,0,0,0,0,30.0
31/08/2023,22200,312670000,14(0.00 %),22300,314075000,100,1405000,261100,29.99
05/09/2023,127300,1871560000,14.9(6.43 %),135800,1993935000,8500,122375000,125297,29.99
06/09/2023,-4700,-69015000,14.9(0.00 %),1300,19190000,6000,88205000,129997,29.99
07/09/2023,122500,1843940000,15(0.67 %),123500,1858940000,1000,15000000,0,30.0
08/09/2023,-100,-1505000,14.75(-1.67 %),0,0,100,1505000,0,30.0
11/09/2023,-809200,-11543250000,14.25(-3.39 %),0,0,809200,11543250000,0,30.0
12/09/2023,-27200,-387600000,14.6(2.46 %),0,0,27200,387600000,100,30.0
13/09/2023,-19200,-280195000,14.6(0.00 %),100,1475000,19300,281670000,745260,29.96
14/09/2023,-18400,-274875000,14.8(1.37 %),6100,91450000,24500,366325000,766441,29.96
15/09/2023,-37800,-566315000,14.85(0.34 %),1500,22325000,39300,588640000,784241,29.96
18/09/2023,0,0,14.5(-2.36 %),0,0,0,0,784241,29.96
19/09/2023,703700,10222530000,14.9(2.76 %),808100,11722225000,104400,1499695000,104441,29.99
20/09/2023,21200,309180000,15.1(1.34 %),39300,582565000,18100,273385000,83241,30.0
21/09/2023,103400,1543840000,14.85(-1.66 %),103400,1543840000,0,0,-20159,30.0
22/09/2023,26800,391650000,14.4(-3.03 %),104400,1505210000,77600,1113560000,18100,30.0
25/09/2023,-45500,-625120000,13.5(-6.25 %),9200,123740000,54700,748860000,8900,30.0
26/09/2023,6300,85390000,13.5(0.00 %),6300,85390000,0,0,80200,30.0
27/09/2023,-29900,-402010000,13.75(1.85 %),4900,66235000,34800,468245000,110100,29.99
28/09/2023,-17200,-233630000,13.65(-0.73 %),300,4080000,17500,237710000,127300,29.99
29/09/2023,-8100,-110560000,13.75(0.73 %),100,1370000,8200,111930000,164450,29.99
02/10/2023,164400,2281990000,14(1.82 %),164400,2281990000,0,0,17550,30.0
03/10/2023,-40700,-560970000,13.5(-3.57 %),100,1360000,40800,562330000,25650,30.0
04/10/2023,12400,167590000,13.8(2.22 %),12400,167590000,0,0,13250,30.0
05/10/2023,700,9590000,13.6(-1.45 %),1100,15070000,400,5480000,52950,30.0
06/10/2023,15000,204910000,13.85(1.84 %),15000,204910000,0,0,37950,30.0
09/10/2023,-53000,-734050000,13.9(0.36 %),0,0,53000,734050000,90950,30.0
10/10/2023,-500,-7000000,13.95(0.36 %),0,0,500,7000000,38350,30.0
11/10/2023,-11200,-155155000,14(0.36 %),800,11120000,12000,166275000,90550,30.0
12/10/2023,2000,28075000,14.05(0.36 %),10500,147500000,8500,119425000,80550,30.0
13/10/2023,4800,66620000,13.95(-0.71 %),6600,91690000,1800,25070000,85950,30.0
16/10/2023,-13100,-180370000,13.7(-1.79 %),0,0,13100,180370000,94450,30.0
17/10/2023,-34900,-478035000,13.5(-1.46 %),10500,141950000,45400,619985000,85750,30.0
18/10/2023,-32600,-439100000,13.15(-2.59 %),1400,18850000,34000,457950000,97450,30.0
19/10/2023,-70600,-921660000,12.65(-3.80 %),0,0,70600,921660000,142850,29.99
20/10/2023,-369100,-4710295000,13(2.77 %),500,6350000,369600,4716645000,176400,29.99
23/10/2023,-52300,-669790000,12.8(-1.54 %),176400,2258730000,228700,2928520000,70600,30.0
24/10/2023,-620200,-8019445000,13(1.56 %),70600,910665000,690800,8930110000,690800,29.97
25/10/2023,-250700,-3267965000,13.05(0.38 %),369600,4857740000,620300,8125705000,369600,29.98
26/10/2023,-1584400,-19338970000,12.2(-6.51 %),205400,2574055000,1789800,21913025000,714100,29.96
27/10/2023,-789700,-9593455000,12.3(0.82 %),714100,8865975000,1503800,18459430000,620300,29.97
30/10/2023,120000,1479750000,12.35(0.41 %),220000,2722250000,100000,1242500000,2190100,29.89
31/10/2023,366200,4525000000,12.25(-0.81 %),502400,6200260000,136200,1675260000,3191500,29.84
01/11/2023,511300,6282785000,12.6(2.86 %),516300,6344545000,5000,61760000,2775200,29.86
02/11/2023,0,0,13(3.17 %),0,0,0,0,2775200,29.86
03/11/2023,1010600,13334375000,13.3(2.31 %),1010600,13334375000,0,0,1764600,29.91
06/11/2023,-600000,-7892240000,13.3(0.00 %),50000,657500000,650000,8549740000,2364600,29.88
07/11/2023,-23500,-307765000,12.9(-3.01 %),0,0,23500,307765000,2388100,29.88
08/11/2023,11400,149125000,13.35(3.49 %),11400,149125000,0,0,2494400,29.88
09/11/2023,-15100,-203630000,13.2(-1.12 %),65200,872345000,80300,1075975000,3452700,29.83
10/11/2023,524900,6886855000,13.15(-0.38 %),691000,9047215000,166100,2160360000,2761700,29.86
13/11/2023,8100,109095000,13.15(0.00 %),25800,339270000,17700,230175000,2816200,29.86
14/11/2023,40300,544580000,13.5(2.66 %),43300,585230000,3000,40650000,2713300,29.86
15/11/2023,-9800,-132455000,13.5(0.00 %),700,9505000,10500,141960000,2723100,29.86
16/11/2023,0,0,13.45(-0.37 %),0,0,0,0,2723100,29.86
17/11/2023,573000,7650570000,13.1(-2.60 %),615800,8223100000,42800,572530000,1728700,29.91
20/11/2023,109800,1422050000,13(-0.76 %),109800,1422050000,0,0,1627970,29.92
21/11/2023,83000,1082210000,13(0.00 %),93100,1213005000,10100,130795000,1577670,29.92
22/11/2023,24300,315975000,13.05(0.38 %),29300,380975000,5000,65000000,1548370,29.92
23/11/2023,134000,1755645000,12.85(-1.53 %),134000,1755645000,0,0,1414370,29.93
24/11/2023,2200,27885000,12.85(0.00 %),2200,27885000,0,0,1412170,29.93
27/11/2023,515900,6589520000,12.7(-1.17 %),515900,6589520000,0,0,896270,29.96
28/11/2023,506000,6411645000,12.75(0.39 %),567100,7181450000,61100,769805000,390270,29.98
29/11/2023,344200,4393550000,12.8(0.39 %),344200,4393550000,0,0,46070,30.0
30/11/2023,-2500,-32015000,12.8(0.00 %),0,0,2500,32015000,48570,30.0
01/12/2023,14400,182030000,12.8(0.00 %),22300,283150000,7900,101120000,61100,30.0
04/12/2023,1500,18145000,13(1.56 %),12800,164480000,11300,146335000,59600,30.0
05/12/2023,0,0,12.9(-0.77 %),0,0,0,0,59600,30.0
06/12/2023,7500,96890000,13(0.78 %),7500,96890000,0,0,52100,30.0
07/12/2023,-81100,-1053100000,13(0.00 %),200,2645000,81300,1055745000,133200,29.99
08/12/2023,-4000,-52200000,13.05(0.38 %),0,0,4000,52200000,137200,29.99
11/12/2023,0,0,12.95(-0.77 %),0,0,0,0,137200,29.99
12/12/2023,18000,233210000,12.95(0.00 %),18000,233210000,0,0,119200,29.99
13/12/2023,-6400,-81840000,12.75(-1.54 %),2900,37195000,9300,119035000,125600,29.99
14/12/2023,0,0,12.8(0.39 %),0,0,0,0,125600,29.99
15/12/2023,-32600,-414020000,12.7(-0.78 %),0,0,32600,414020000,158200,29.99
18/12/2023,-9300,-114895000,12.7(0.00 %),9300,118535000,18600,233430000,167500,29.99
19/12/2023,-551700,-6941595000,12.65(-0.39 %),0,0,551700,6941595000,719200,29.96
20/12/2023,-531400,-6690920000,12.55(-0.79 %),0,0,531400,6690920000,1250600,29.94
21/12/2023,-525400,-6581825000,12.6(0.40 %),14000,175700000,539400,6757525000,1776000,29.91
22/12/2023,-468900,-5883025000,12.6(0.00 %),61000,767590000,529900,6650615000,2244900,29.89
25/12/2023,-1017600,-12886535000,12.7(0.79 %),3100,39365000,1020700,12925900000,3262500,29.84
26/12/2023,-922100,-11636680000,12.7(0.00 %),80500,1021525000,1002600,12658205000,4184600,29.79
27/12/2023,-889400,-11261580000,12.8(0.79 %),119000,1510100000,1008400,12771680000,5074000,29.75
28/12/2023,-17600,-224975000,12.8(0.00 %),7000,88900000,24600,313875000,5091600,29.75
29/12/2023,-495300,-6386775000,13(1.56 %),9200,118070000,504500,6504845000,5586900,29.72
02/01/2024,-352000,-4565910000,13(0.00 %),101800,1320825000,453800,5886735000,4723700,29.76
03/01/2024,-486100,-6266150000,13.05(0.38 %),17000,220100000,503100,6486250000,5287000,29.74
04/01/2024,4600600,62050615000,13.45(3.07 %),5177100,69631795000,576500,7581180000,686400,29.97
05/01/2024,-12100,-132600000,13.55(0.74 %),487900,6610250000,500000,6742850000,698500,29.97
08/01/2024,521100,7142460000,13.6(0.37 %),522100,7156060000,1000,13600000,177400,29.99
09/01/2024,575500,7827000000,13.8(1.47 %),576500,7840650000,1000,13650000,500000,29.98
10/01/2024,486500,6707240000,13.85(0.36 %),500000,6893740000,13500,186500000,0,30.0
11/01/2024,-1000,-14150000,13.9(0.36 %),0,0,1000,14150000,0,30.0
12/01/2024,0,0,13.95(0.36 %),0,0,0,0,501000,29.97
15/01/2024,0,0,13.7(-1.79 %),0,0,0,0,0,30.0
16/01/2024,0,0,13.9(1.46 %),0,0,0,0,0,30.0
17/01/2024,0,0,13.8(-0.72 %),0,0,0,0,0,30.0
18/01/2024,-86600,-1190480000,13.85(0.36 %),0,0,86600,1190480000,587600,29.97
19/01/2024,-38200,-531395000,14.05(1.44 %),0,0,38200,531395000,625800,29.97
22/01/2024,0,0,14.1(0.36 %),0,0,0,0,625800,29.97
23/01/2024,78400,1114880000,13.95(-1.06 %),86600,1229675000,8200,114795000,547400,29.97
24/01/2024,30700,430540000,13.85(-0.72 %),38200,534790000,7500,104250000,516700,29.97
25/01/2024,-8200,-113160000,13.75(-0.72 %),0,0,8200,113160000,524900,29.97
26/01/2024,8200,112750000,13.85(0.73 %),8200,112750000,0,0,516700,29.97
29/01/2024,-1300,-17320000,13.85(0.00 %),7500,104250000,8800,121570000,8200,30.0
30/01/2024,7200,99470000,13.9(0.36 %),8200,113570000,1000,14100000,0,30.0
31/01/2024,-1000,-13750000,13.6(-2.16 %),0,0,1000,13750000,8800,30.0
01/02/2024,-196800,-2671480000,13.5(-0.74 %),3200,43520000,200000,2715000000,8800,30.0
02/02/2024,-93400,-1260625000,13.5(0.00 %),6600,89375000,100000,1350000000,6600,30.0
05/02/2024,-26600,-363660000,13.9(2.96 %),0,0,26600,363660000,125600,29.99
06/02/2024,33000,458700000,13.95(0.36 %),33000,458700000,0,0,268000,29.99
07/02/2024,245300,3425080000,14.1(1.08 %),245300,3425080000,0,0,58235350,27.09
15/02/2024,8259500,122714290000,15.05(6.74 %),8366400,124280725000,106900,1566435000,49770950,27.51
16/02/2024,110700,1681220000,15.2(1.00 %),249500,3776310000,138800,2095090000,49521450,27.52
19/02/2024,1422600,22054050000,15.6(2.63 %),1659000,25710570000,236400,3656520000,47969350,27.6
20/02/2024,15048350,232816500000,15.6(0.00 %),16400100,253751725000,1351750,20935225000,31708050,28.41
21/02/2024,30560800,478309860000,15.85(1.60 %),31229700,488873940000,668900,10564080000,749750,29.96
22/02/2024,-1466550,-29117123050,15.7(-0.95 %),749750,5508576950,2216300,34625700000,749750,29.96
23/02/2024,719050,-9931232100,15.4(-1.91 %),1351750,27562900,632700,9958795000,3474000,29.83
26/02/2024,217000,-5907540000,15.55(0.97 %),619900,305570000,402900,6213110000,2118300,29.89
27/02/2024,-482000,-7444285000,15.5(-0.32 %),364800,5672620000,846800,13116905000,3739000,29.81
28/02/2024,2271200,35259620000,15.8(1.94 %),17686100,274964340000,15414900,239704720000,1467800,29.93
29/02/2024,-478100,-7718930000,15.9(0.63 %),20298900,325239955000,20777000,332958885000,1150900,29.94
01/03/2024,761200,12146295000,15.75(-0.94 %),6850900,108734055000,6089700,96587760000,1184700,29.94
04/03/2024,-519400,-8082375000,15.55(-1.27 %),114900,1784925000,634300,9867300000,1704100,29.91
05/03/2024,455200,7088370000,15.7(0.96 %),577000,8990990000,121800,1902620000,389700,29.98
06/03/2024,99800,1594125000,15.5(-1.27 %),310200,4871155000,210400,3277030000,1149100,29.94
07/03/2024,340200,5256665000,15.35(-0.97 %),749370,11573756500,409170,6317091500,808900,29.96
08/03/2024,-47200,-682085000,14.85(-3.26 %),121800,1848365000,169000,2530450000,856100,29.96
11/03/2024,910400,13439710000,14.7(-1.01 %),911400,13454510000,1000,14800000,-54300,30.0
12/03/2024,145000,2138285000,14.7(0.00 %),147100,2168950000,2100,30665000,169000,29.99
13/03/2024,168900,2485895000,14.95(1.70 %),169000,2487360000,100,1465000,1000,30.0
14/03/2024,-22800,-337525000,14.7(-1.67 %),900,13385000,23700,350910000,23800,30.0
15/03/2024,2100,30650000,14.7(0.00 %),2100,30650000,0,0,21700,30.0
18/03/2024,-110300,-1574255000,14.2(-3.40 %),100,1475000,110400,1575730000,23700,30.0
19/03/2024,23700,337800000,14.35(1.06 %),23700,337800000,0,0,0,30.0
20/03/2024,-295200,-4324150000,14.8(3.14 %),0,0,295200,4324150000,403500,29.98
21/03/2024,109600,1633220000,14.9(0.68 %),110400,1644980000,800,11760000,293900,29.99
22/03/2024,-3900,-59190000,15.05(1.01 %),0,0,3900,59190000,297800,29.99
25/03/2024,-113800,-1691800000,14.75(-1.99 %),295200,4401045000,409000,6092845000,800,30.0
26/03/2024,800,11755000,14.8(0.34 %),800,11755000,0,0,294400,29.99
27/03/2024,3900,58110000,14.75(-0.34 %),3900,58110000,0,0,409000,29.98
28/03/2024,409000,6101995000,14.9(1.02 %),409000,6101995000,0,0,0,30.0
29/03/2024,0,0,14.55(-2.35 %),0,0,0,0,0,30.0
01/04/2024,0,0,14.4(-1.03 %),0,0,0,0,0,30.0
02/04/2024,-13000,-186550000,14.6(1.39 %),0,0,13000,186550000,0,30.0
03/04/2024,-251000,-3689400000,14.55(-0.34 %),0,0,251000,3689400000,0,30.0
04/04/2024,-25100,-364250000,14.4(-1.03 %),0,0,25100,364250000,0,30.0
05/04/2024,-1000,-14300000,14.2(-1.39 %),0,0,1000,14300000,249100,29.99
08/04/2024,7200,102595000,14.2(0.00 %),7200,102595000,0,0,249100,29.99
09/04/2024,250100,3588540000,14.45(1.76 %),266900,3828870000,16800,240330000,-1000,30.0
10/04/2024,-51500,-744440000,14.35(-0.69 %),1000,14550000,52500,758990000,1097,30.0
11/04/2024,-20500,-293680000,14.35(0.00 %),0,0,20500,293680000,16800,30.0
12/04/2024,-56100,-810710000,14.65(2.09 %),12000,172700000,68100,983410000,106300,29.99
15/04/2024,-2380200,-34309335000,13.8(-5.80 %),106300,1552785000,2486500,35862120000,2457897,29.88
16/04/2024,-2644300,-35911970000,13.6(-1.45 %),66000,887465000,2710300,36799435000,5102197,29.74
17/04/2024,-3160600,-42590070000,13.2(-2.94 %),43300,577625000,3203900,43167695000,5618497,29.72
19/04/2024,864100,11830130000,13.45(1.89 %),2095400,28194300000,1231300,16364170000,4754397,29.76
22/04/2024,145900,1981335000,13.55(0.74 %),284500,3854850000,138600,1873515000,5902100,29.7
23/04/2024,353400,4837970000,13.6(0.37 %),1061500,14500825000,708100,9662855000,6071900,29.7
24/04/2024,-1134500,-15591480000,13.75(1.10 %),1553900,21318145000,2688400,36909625000,5389597,29.73
25/04/2024,-479800,-6490880000,13.55(-1.45 %),684400,9241745000,1164200,15732625000,5869397,29.71
26/04/2024,941600,12781535000,13.6(0.37 %),1260000,17089010000,318400,4307475000,6206700,29.69
02/05/2024,-279600,-3792140000,13.6(0.00 %),73400,997280000,353000,4789420000,7297500,29.64
03/05/2024,820500,11149470000,13.55(-0.37 %),1036700,14095740000,216200,2946270000,6579276,29.67
06/05/2024,481900,6666785000,14(3.32 %),657900,9102400000,176000,2435615000,6274376,29.69
07/05/2024,-747100,-10457425000,14.15(1.07 %),267900,3773360000,1015000,14230785000,6222676,29.69
08/05/2024,-356600,-5011960000,14.15(0.00 %),0,0,356600,5011960000,6398676,29.68
09/05/2024,153300,2168835000,14.15(0.00 %),241100,3412690000,87800,1243855000,7172576,29.64
10/05/2024,-436000,-6081885000,14.1(-0.35 %),77100,1083590000,513100,7165475000,7452076,29.63
13/05/2024,-402300,-5616660000,13.95(-1.06 %),8300,116200000,410600,5732860000,7531551,29.62
14/05/2024,-306600,-4301860000,14(0.36 %),99200,1390455000,405800,5692315000,6999600,29.65
15/05/2024,64800,911185000,14.1(0.71 %),409400,5734220000,344600,4823035000,6934800,29.65
16/05/2024,153500,2175840000,14.35(1.77 %),817100,11598570000,663600,9422730000,6781300,29.66
17/05/2024,-401500,-5747860000,14.3(-0.35 %),8000,114800000,409500,5862660000,7871951,29.61
20/05/2024,66000,949010000,14.45(1.05 %),94600,1361840000,28600,412830000,8441033,29.58
21/05/2024,-18500,-264235000,14.4(-0.35 %),16500,236775000,35000,501010000,8834033,29.56
22/05/2024,70800,1017270000,14.3(-0.69 %),93700,1344580000,22900,327310000,8768923,29.56
23/05/2024,-28300,-404690000,14.3(0.00 %),32200,457305000,60500,861995000,8771723,29.56
24/05/2024,-206900,-2958455000,14.25(-0.35 %),78200,1114450000,285100,4072905000,7453200,29.63
27/05/2024,-5400,-76700000,14.3(0.35 %),0,0,5400,76700000,8776918,29.56
28/05/2024,-20800,-296740000,14.35(0.35 %),200,2860000,21000,299600000,9061818,29.55
29/05/2024,-4000,-57005000,14.2(-1.05 %),400,5695000,4400,62700000,9066818,29.55
30/05/2024,300,4225000,14.2(0.00 %),300,4225000,0,0,9087587,29.55
31/05/2024,77600,1118250000,14.3(0.70 %),154300,2206060000,76700,1087810000,8937687,29.55
03/06/2024,57600,831790000,14.75(3.15 %),87300,1270825000,29700,439035000,8937687,29.55
04/06/2024,-42300,-632240000,14.75(0.00 %),19900,294520000,62200,926760000,8979987,29.55
05/06/2024,36600,535465000,14.7(-0.34 %),50700,744760000,14100,209295000,8943387,29.55
06/06/2024,52305,775568500,14.8(0.68 %),75905,1123393500,23600,347825000,8872559,29.56
07/06/2024,-4500,-67870000,14.8(0.00 %),4600,68140000,9100,136010000,8882059,29.56
10/06/2024,19400,290030000,14.9(0.68 %),21300,318430000,1900,28400000,8862659,29.56
11/06/2024,720,10666000,14.85(-0.34 %),12800,189450000,12080,178784000,8872559,29.56
12/06/2024,31200,464790000,14.95(0.67 %),33500,498975000,2300,34185000,8858559,29.56
13/06/2024,0,0,15.2(1.67 %),0,0,0,0,8850139,29.56
14/06/2024,10700,160695000,14.8(-2.63 %),28200,425820000,17500,265125000,8824239,29.56
17/06/2024,10500,153650000,14.8(0.00 %),10500,153650000,0,0,8855239,29.56
18/06/2024,-2631900,-38579015000,14.6(-1.35 %),98100,1439070000,2730000,40018085000,8774639,29.56
19/06/2024,-1677100,-24267235000,14.6(0.00 %),57300,830485000,1734400,25097720000,8673339,29.57
20/06/2024,-1161700,-16786870000,14.45(-1.03 %),10200,147910000,1171900,16934780000,11396739,29.43
21/06/2024,-1592500,-23015855000,14.45(0.00 %),841000,12140500000,2433500,35156355000,13130139,29.34
24/06/2024,-386400,-5497705000,14.15(-2.08 %),10425600,147537045000,10812000,153034750000,14176439,29.29
25/06/2024,75507,1072254400,14.25(0.71 %),16776107,238220804400,16700600,237148550000,15693832,29.22
26/06/2024,136200,1928880000,14.25(0.00 %),7095900,100408520000,6959700,98479640000,16067332,29.2
27/06/2024,223700,3242045000,14.5(1.75 %),40326700,585470450000,40103000,582228405000,15741232,29.21
28/06/2024,-16200,-228775000,14.3(-1.38 %),6836108,97417389000,6852308,97646164000,15637532,29.22
04/07/2024,99700,1473735000,14.75(0.00 %),100300,1482555000,600,8820000,12954132,0.0
05/07/2024,207500,3042210000,14.65(-0.68 %),221000,3240635000,13500,198425000,12746632,0.0
08/07/2024,-268900,-3904005000,14.55(-0.68 %),45100,652800000,314000,4556805000,13015532,0.0
09/07/2024,27200,419345000,14.55(0.00 %),337700,4903975000,310500,4484630000,12988332,0.0
10/07/2024,120300,1731350000,14.4(-1.03 %),134300,1935400000,14000,204050000,12868032,0.0
11/07/2024,43800,631245000,14.35(-0.35 %),54300,781920000,10500,150675000,12824232,0.0
12/07/2024,16100,231210000,14.45(0.70 %),17500,251300000,1400,20090000,12808132,0.0
15/07/2024,443100,6426320000,14.6(1.04 %),443100,6426320000,0,0,12365032,0.0
16/07/2024,23000,336850000,14.6(0.00 %),26800,392330000,3800,55480000,12342032,0.0
17/07/2024,112000,1639080000,14.8(1.37 %),203800,2992570000,91800,1353490000,12230032,0.0
18/07/2024,-96400,-1428995000,14.75(-0.34 %),30700,452515000,127100,1881510000,12326432,0.0
19/07/2024,45200,644325000,14.95(1.36 %),1101100,16412165000,1055900,15767840000,12281232,0.0
22/07/2024,-1049900,-15756745000,15(0.33 %),95800,1435860000,1145700,17192605000,13331132,0.0
23/07/2024,-225000,-3404155000,14.45(-3.67 %),282700,4129770000,507700,7533925000,13556132,0.0
24/07/2024,332100,4765555000,14.6(1.04 %),332100,4765555000,0,0,13224032,0.0
25/07/2024,-9400,-138875000,14.55(-0.34 %),25200,366135000,34600,505010000,13233432,0.0
26/07/2024,18200,264600000,14.7(1.03 %),18200,264600000,0,0,13215232,0.0
29/07/2024,8200,120370000,14.7(0.00 %),14200,208245000,6000,87875000,13207032,0.0
30/07/2024,8200,120370000,14.65(-0.34 %),14200,208245000,6000,87875000,13198832,0.0
31/07/2024,12000,176595000,14.65(0.00 %),21000,309575000,9000,132980000,13186832,0.0
01/08/2024,162700,2342190000,14.45(-1.37 %),420500,6098840000,257800,3756650000,13215472,0.0
02/08/2024,1070700,15491030000,14.5(0.35 %),1105700,15995030000,35000,504000000,12144772,0.0
05/08/2024,182500,2382460000,13.6(-6.21 %),623100,8609715000,440600,6227255000,11962272,0.0
06/08/2024,112200,1543095000,14(2.94 %),176800,2438625000,64600,895530000,11850072,0.0
07/08/2024,78300,1090895000,14(0.00 %),138300,1929395000,60000,838500000,11771772,0.0
08/08/2024,-108400,-1508020000,13.9(-0.71 %),4600,63660000,113000,1571680000,11880172,0.0
09/08/2024,578900,8122130000,14.1(1.44 %),593900,8332130000,15000,210000000,11301272,0.0
12/08/2024,598400,8644540000,14.6(3.55 %),662800,9572510000,64400,927970000,10702872,0.0
13/08/2024,105500,1531795000,14.45(-1.03 %),109100,1584175000,3600,52380000,10597372,0.0
14/08/2024,-535000,-7736210000,14.45(0.00 %),7800,112920000,542800,7849130000,11132372,0.0
15/08/2024,160200,2305780000,14.45(0.00 %),163800,2357800000,3600,52020000,10972172,0.0
16/08/2024,823700,12043190000,14.7(1.73 %),842400,12314830000,18700,271640000,10148472,0.0
19/08/2024,132200,1955345000,14.8(0.68 %),173400,2562630000,41200,607285000,10016272,0.0
20/08/2024,79500,1172790000,14.8(0.00 %),93900,1385190000,14400,212400000,9936772,0.0
21/08/2024,80500,1161600000,15(1.35 %),330500,4889600000,250000,3728000000,9856272,0.0
22/08/2024,-388400,-5819420000,15(0.00 %),15800,236800000,404200,6056220000,10244672,0.0
23/08/2024,9400,139205000,14.9(-0.67 %),36500,543875000,27100,404670000,10235272,0.0
26/08/2024,-252200,-3757755000,14.9(0.00 %),1000,14925000,253200,3772680000,10487472,0.0
27/08/2024,-155500,-2308605000,14.85(-0.34 %),71200,1057890000,226700,3366495000,10642972,0.0
28/08/2024,951700,11071950000,11.8(3.33 %),970900,11295570000,19200,223620000,9691272,0.0
29/08/2024,97000,1130215000,11.55(-2.12 %),139000,1619515000,42000,489300000,9594272,0.0
30/08/2024,49200,569435000,11.6(0.43 %),99200,1146935000,50000,577500000,9545072,0.0
04/09/2024,-25100,-289125000,11.35(-2.16 %),77000,879095000,102100,1168220000,10477732,0.0
05/09/2024,-561600,-6396805000,11.35(0.00 %),9900,112600000,571500,6509405000,11039332,0.0
06/09/2024,-509700,-5768330000,11.4(0.44 %),102600,1160855000,612300,6929185000,11549032,0.0
09/09/2024,-203200,-2297920000,11.4(0.00 %),61600,698900000,264800,2996820000,11752232,0.0
10/09/2024,-24000,-270790000,11.35(-0.44 %),38000,431305000,62000,702095000,11776232,0.0
11/09/2024,-13100,-146350000,11.3(-0.44 %),67200,757595000,80300,903945000,11789332,0.0
12/09/2024,-36200,-409715000,11.35(0.44 %),12100,136745000,48300,546460000,11825532,0.0
13/09/2024,3351500,38170605000,11.4(0.44 %),3406100,38790545000,54600,619940000,8474032,0.0
16/09/2024,54600,616540000,11.4(0.00 %),54600,616540000,0,0,8419432,0.0
17/09/2024,40800,463565000,11.45(0.44 %),45700,518945000,4900,55380000,8378632,0.0
18/09/2024,2800,33105000,11.4(-0.44 %),14900,170590000,12100,137485000,8375832,0.0
19/09/2024,804800,9193375000,11.5(0.88 %),804800,9193375000,0,0,7571032,0.0
20/09/2024,-61300,-704010000,11.55(0.43 %),225900,2619990000,287200,3324000000,7632332,0.0
23/09/2024,-544900,-6260600000,11.45(-0.87 %),369100,4250455000,914000,10511055000,8177232,0.0
24/09/2024,293000,3353975000,11.6(1.31 %),316700,3624155000,23700,270180000,7884232,0.0
25/09/2024,-2677000,-31974460000,11.95(3.02 %),597300,7067285000,3274300,39041745000,10561232,0.0
26/09/2024,-1187600,-14962750000,12.6(5.44 %),971600,11929180000,2159200,26891930000,11748832,0.0
27/09/2024,-1037200,-13081805000,12.6(0.00 %),15300,193215000,1052500,13275020000,12786032,0.0
30/09/2024,-296700,-3899605000,13.05(3.57 %),318200,4108440000,614900,8008045000,13082732,0.0
01/10/2024,-473100,-6168535000,13(-0.38 %),114200,1489875000,587300,7658410000,5123709,0.0
02/10/2024,-231900,-3012690000,13.05(0.38 %),161500,2099425000,393400,5112115000,5355609,0.0
03/10/2024,-3262600,-42759085000,12.85(-1.53 %),282500,3715165000,3545100,46474250000,8618209,0.0
04/10/2024,-122700,-1539905000,12.65(-1.56 %),401300,5124595000,524000,6664500000,8740909,0.0
07/10/2024,93600,1117920000,13(2.77 %),503700,6442895000,410100,5324975000,8647309,0.0
08/10/2024,-1099300,-14319440000,12.8(-1.54 %),18300,236295000,1117600,14555735000,9746609,0.0
09/10/2024,-818200,-10508860000,12.9(0.78 %),1291800,16602010000,2110000,27110870000,10564809,0.0
10/10/2024,-2594300,-33455330000,12.7(-1.55 %),121000,1571315000,2715300,35026645000,13159109,0.0
11/10/2024,-3586100,-45383205000,12.7(0.00 %),15600,197385000,3601700,45580590000,16745209,0.0
14/10/2024,-1990800,-25345465000,12.7(0.00 %),229500,2919625000,2220300,28265090000,18736009,0.0
15/10/2024,-2386100,-30381830000,12.75(0.39 %),213500,2734015000,2599600,33115845000,21122109,0.0
16/10/2024,-2542000,-32121665000,12.7(-0.39 %),23900,301715000,2565900,32423380000,23664109,0.0
17/10/2024,-3498000,-44652045000,13.2(3.94 %),6500,82690000,3504500,44734735000,27162109,0.0
18/10/2024,-2671100,-34936800000,13.05(-1.14 %),6700,87435000,2677800,35024235000,29833209,0.0
21/10/2024,-1592200,-20553805000,12.8(-1.92 %),2000,25800000,1594200,20579605000,31425409,0.0
22/10/2024,-1524000,-19666080000,12.75(-0.39 %),94700,1213840000,1618700,20879920000,32949409,0.0
23/10/2024,-1098800,-14096205000,12.85(0.78 %),296200,3776550000,1395000,17872755000,34048209,0.0
24/10/2024,-136900,-1862640000,12.35(-3.89 %),340700,4255625000,477600,6118265000,34185109,0.0
25/10/2024,-15300,-187825000,12.25(-0.81 %),0,0,15300,187825000,34200409,0.0
28/10/2024,385100,4735910000,12.35(0.82 %),396600,4877105000,11500,141195000,33815309,0.0
29/10/2024,1131200,14000080000,12.35(0.00 %),1176500,14558240000,45300,558160000,32684109,0.0
30/10/2024,-390300,-4776015000,12.25(-0.81 %),120500,1467610000,510800,6243625000,33074409,0.0
31/10/2024,59700,774840000,12.35(0.82 %),765000,9357780000,705300,8582940000,33014709,0.0
01/11/2024,161400,1938570000,12.05(-2.43 %),360800,4366830000,199400,2428260000,37378993,0.0
04/11/2024,57400,677005000,11.75(-2.49 %),110100,1304100000,52700,627095000,37321593,0.0
05/11/2024,-68400,-801765000,11.8(0.43 %),155300,1844370000,223700,2646135000,37389993,0.0
06/11/2024,507600,6087525000,12.05(2.12 %),507600,6087525000,0,0,36882393,0.0
07/11/2024,373100,4480835000,11.95(-0.83 %),517700,6216035000,144600,1735200000,36509293,0.0
08/11/2024,-282400,-3345995000,12(0.42 %),50000,595000000,332400,3940995000,36791693,0.0
11/11/2024,-1041300,-12174940000,11.65(-2.92 %),89100,1038090000,1130400,13213030000,37832993,0.0
12/11/2024,-2000,-22735000,11.7(0.43 %),8200,95585000,10200,118320000,63934639,27.54
13/11/2024,153800,1778875000,11.7(0.00 %),311500,3602480000,157700,1823605000,37681193,0.0
14/11/2024,-271200,-3126545000,11.6(-0.85 %),100000,1147500000,371200,4274045000,37952393,0.0
15/11/2024,105600,1201925000,11.3(-2.59 %),126700,1443495000,21100,241570000,37846793,0.0
18/11/2024,468100,5307615000,11.3(0.00 %),1208400,13641005000,740300,8333390000,37378693,0.0
19/11/2024,-503700,-5674450000,11.2(-0.88 %),5100,57630000,508800,5732080000,37882393,0.0
20/11/2024,711200,8154505000,11.3(0.89 %),967300,11051580000,256100,2897075000,37171193,0.0
21/11/2024,390600,4464695000,11.5(1.77 %),397300,4540405000,6700,75710000,36780593,0.0
22/11/2024,397000,4539590000,11.45(-0.43 %),413800,4732790000,16800,193200000,36383593,0.0
25/11/2024,-26000,-297305000,11.4(-0.44 %),10100,115140000,36100,412445000,63352499,27.56
26/11/2024,33900,403175000,11.4(0.00 %),234300,2687735000,200400,2284560000,62988599,27.58
27/11/2024,-248800,-2826005000,11.35(-0.44 %),9200,104880000,258000,2930885000,63015569,27.58
28/11/2024,146600,1685740000,11.4(0.44 %),210700,2416480000,64100,730740000,63005269,27.58
29/11/2024,-85400,-977680000,11.5(0.88 %),65000,741000000,150400,1718680000,63198319,27.57
02/12/2024,-278300,-3203385000,11.5(0.00 %),0,0,278300,3203385000,63262419,27.57
03/12/2024,-242900,-2773455000,11.4(-0.87 %),20400,233580000,263300,3007035000,63392419,27.56
04/12/2024,-228900,-2586055000,11.25(-1.32 %),0,0,228900,2586055000,63670719,27.55
05/12/2024,89500,1024115000,11.6(3.11 %),137800,1581980000,48300,557865000,63796239,27.55
09/12/2024,-33800,-392330000,11.6(0.43 %),16200,187670000,50000,580000000,63990039,27.54
10/12/2024,-351700,-4057020000,11.5(-0.86 %),48300,560280000,400000,4617300000,64032939,27.54
16/12/2024,224000,2589375000,11.55(0.00 %),273300,3157245000,49300,567870000,63836689,27.54
17/12/2024,-46000,-523635000,11.45(-0.87 %),57300,664315000,103300,1187950000,63779779,27.55
18/12/2024,33700,385690000,11.5(0.44 %),37200,425940000,3500,40250000,63791878,27.55
19/12/2024,-597200,-6796960000,11.3(-1.74 %),60400,685490000,657600,7482450000,63834834,27.54
20/12/2024,100000,1130000000,11.3(0.00 %),100000,1130000000,0,0,63711934,27.55
24/12/2024,0,0,11.35(0.00 %),0,0,0,0,64178174,27.53
25/12/2024,-82200,-944250000,11.5(1.32 %),7200,82070000,89400,1026320000,64199974,27.53
26/12/2024,-564000,-6476965000,11.55(0.43 %),98300,1131630000,662300,7608595000,64296473,27.53
27/12/2024,-652400,-7626465000,11.7(1.30 %),62300,725280000,714700,8351745000,64323155,27.53
30/12/2024,17700,205110000,11.7(0.00 %),51100,595310000,33400,390200000,64934355,27.5
31/12/2024,-45500,-530075000,11.65(-0.43 %),4600,53590000,50100,583665000,65644455,27.48
02/01/2025,-10400,-119940000,11.55(-0.86 %),200,2310000,10600,122250000,65677655,27.47
03/01/2025,2600,29510000,11.3(-2.16 %),5000,56750000,2400,27240000,65722755,27.47
06/01/2025,-67000,-757600000,11.2(-0.88 %),10000,112500000,77000,870100000,65723355,27.47
07/01/2025,-93300,-1041465000,11.1(-0.89 %),48300,542375000,141600,1583840000,65723355,27.47
08/01/2025,8700,96135000,11.2(0.90 %),8700,96135000,0,0,65745795,27.47
09/01/2025,57300,641760000,11.1(-0.89 %),57300,641760000,0,0,65830095,27.47
10/01/2025,-77000,-839250000,10.85(-2.25 %),500,5500000,77500,844750000,65829595,27.47
13/01/2025,207600,2242580000,10.85(0.00 %),220600,2381680000,13000,139100000,65608995,27.48
14/01/2025,0,0,10.75(-0.92 %),0,0,0,0,65686495,27.47
15/01/2025,-19900,-215170000,10.9(1.40 %),0,0,19900,215170000,65699515,27.47
16/01/2025,-57900,-632855000,10.85(-0.46 %),0,0,57900,632855000,65757415,0.0
17/01/2025,20500,224545000,10.9(0.46 %),42400,462160000,21900,237615000,65677025,27.47
20/01/2025,32100,353105000,11(0.92 %),32200,354200000,100,1095000,65645725,27.48
21/01/2025,42800,470800000,10.95(-0.45 %),42800,470800000,0,0,65624825,27.48
22/01/2025,0,0,10.85(-0.91 %),0,0,0,0,65624925,27.48
23/01/2025,84500,926660000,11.05(1.84 %),97500,1069010000,13000,142350000,65527425,27.48
24/01/2025,233800,2596840000,11.15(0.90 %),233800,2596840000,0,0,65293625,27.49
03/02/2025,-269700,-3009700000,0(0.00 %),84000,940675000,353700,3950375000,65222675,27.49
04/02/2025,-420900,-4742860000,11.25(0.90 %),89100,1000340000,510000,5743200000,65133575,27.49
05/02/2025,593500,6711340000,11.35(0.89 %),713600,8068220000,120100,1356880000,64773705,27.51
06/02/2025,-367200,-4158165000,11.35(0.00 %),23000,261585000,390200,4419750000,65820665,27.47
07/02/2025,34300,389540000,11.35(0.00 %),157200,1783860000,122900,1394320000,65783565,27.47
10/02/2025,-75000,-847425000,11.3(-0.44 %),8000,90400000,83000,937825000,66165855,27.46
11/02/2025,285300,3273290000,11.4(0.88 %),313300,3592505000,28000,319215000,65975584,27.46
12/02/2025,-87600,-1007400000,11.4(0.00 %),0,0,87600,1007400000,66058584,27.46
13/02/2025,169600,1924960000,11.35(-0.44 %),173300,1966955000,3700,41995000,65913284,27.46
14/02/2025,63400,721460000,11.4(0.44 %),63400,721460000,0,0,65937484,27.46
17/02/2025,-101500,-1152335000,11.4(0.00 %),188200,2149735000,289700,3302070000,65721014,27.47
18/02/2025,-53600,-614110000,11.45(0.44 %),20600,236025000,74200,850135000,65650414,27.47
19/02/2025,226700,2606165000,11.5(0.44 %),321400,3691075000,94700,1084910000,65780714,27.47
20/02/2025,-51400,-590550000,11.55(0.43 %),11300,130515000,62700,721065000,65785614,27.47
21/02/2025,357500,4119425000,11.55(0.00 %),433000,4990010000,75500,870585000,65389314,27.49
24/02/2025,410300,4756455000,11.55(0.00 %),448500,5197960000,38200,441505000,64945514,27.5
25/02/2025,869900,10088070000,11.55(0.00 %),951700,11034720000,81800,946650000,64048364,27.54
26/02/2025,58600,676325000,11.45(-0.87 %),168100,1932960000,109500,1256635000,63860464,27.54
27/02/2025,-7800,-88630000,11.4(-0.44 %),0,0,7800,88630000,63942264,27.54
28/02/2025,-181600,-2054700000,11.35(-0.44 %),62600,710510000,244200,2765210000,63989204,27.54
03/03/2025,-37100,-419355000,11.35(0.00 %),114400,1300170000,151500,1719525000,63882604,27.54
04/03/2025,-344600,-3889450000,11.4(0.44 %),189700,2152005000,534300,6041455000,64060203,27.54
05/03/2025,-634900,-7235295000,11.3(-0.88 %),32600,372390000,667500,7607685000,64179103,27.53
06/03/2025,-181200,-2053760000,11.45(1.33 %),74700,850190000,255900,2903950000,64609703,27.52
07/03/2025,656300,7636070000,11.85(3.49 %),1084400,12658720000,428100,5022650000,64189803,27.53
10/03/2025,45900,546290000,11.8(-0.42 %),114400,1356850000,68500,810560000,64302203,27.53
11/03/2025,-28900,-338000000,11.75(-0.42 %),33500,390990000,62400,728990000,64302203,27.53
12/03/2025,-135900,-1587635000,11.65(-0.85 %),66700,779740000,202600,2367375000,64669832,27.51
13/03/2025,-469400,-5410885000,11.4(-2.15 %),84400,972595000,553800,6383480000,64618832,27.51
14/03/2025,-89000,-1037060000,11.6(1.75 %),83400,957865000,172400,1994925000,64709032,27.51
17/03/2025,-520300,-6630950000,12.1(4.31 %),1006900,12112805000,1527200,18743755000,64226018,27.53
18/03/2025,-50000,-600705000,12(-0.83 %),9300,110945000,59300,711650000,64376718,27.52
19/03/2025,838700,10034590000,12.1(0.83 %),894500,10701835000,55800,667245000,63809030,27.55
20/03/2025,-290500,-3511510000,11.85(-2.07 %),36400,437230000,326900,3948740000,63832030,27.54
21/03/2025,534100,6361745000,11.8(-0.42 %),1082300,12852920000,548200,6491175000,62805630,27.58
24/03/2025,-25300,-284880000,11.9(0.85 %),208300,2445625000,233600,2730505000,62924930,27.58
25/03/2025,-127600,-1556015000,11.9(0.00 %),253900,3024640000,381500,4580655000,64419230,27.52
26/03/2025,51900,616710000,11.8(-0.84 %),62600,744040000,10700,127330000,64588030,27.52
27/03/2025,439100,5181175000,11.8(0.00 %),456400,5384575000,17300,203400000,64455130,27.52
28/03/2025,-135700,-1607800000,11.85(0.42 %),5000,59250000,140700,1667050000,64431730,27.52
31/03/2025,-741500,-9019120000,12.2(2.95 %),213300,2549330000,954800,11568450000,64234972,27.53
01/04/2025,-646800,-7847450000,12.2(0.00 %),215700,2609870000,862500,10457320000,64159922,27.53
02/04/2025,-152700,-1843200000,12.05(-1.23 %),10400,125805000,163100,1969005000,65075322,27.5
03/04/2025,-2145600,-24405565000,11.25(-6.64 %),251400,2857005000,2397000,27262570000,65606422,27.48
04/04/2025,-636400,-6663995000,10.95(-2.67 %),363500,3893325000,999900,10557320000,65290122,27.49
08/04/2025,-2709500,-27664790000,10.2(-6.85 %),16200,169395000,2725700,27834185000,67439671,27.41
09/04/2025,-670000,-6816149000,10(-1.96 %),2165500,21551928000,2835500,28368077000,66042151,27.46
10/04/2025,0,0,10.7(7.00 %),0,0,0,0,68448471,27.37
11/04/2025,300800,3479160000,11.05(3.27 %),1028900,11303550000,728100,7824390000,70255071,27.3
14/04/2025,-304200,-3362020000,11.1(0.45 %),17500,192805000,321700,3554825000,70237571,27.3
15/04/2025,-263200,-2843005000,10.85(-2.25 %),143200,1578140000,406400,4421145000,70822471,27.28
16/04/2025,190100,2080655000,10.85(0.00 %),333100,3644940000,143000,1564285000,70811071,27.28
17/04/2025,578400,6278620000,10.9(0.46 %),581000,6306760000,2600,28140000,70636471,27.28
18/04/2025,97900,1095465000,11.15(2.29 %),146700,1635375000,48800,539910000,70632771,27.28
21/04/2025,83800,939970000,11.15(0.00 %),133400,1493010000,49600,553040000,70485471,27.29
22/04/2025,-1586300,-17233595000,11.1(-0.45 %),263900,2914615000,1850200,20148210000,70270451,27.3
23/04/2025,1452500,16469675000,11.35(2.25 %),1452500,16469675000,0,0,68888551,27.35
24/04/2025,91400,1036205000,11.35(0.00 %),125700,1420985000,34300,384780000,70613051,27.28
25/04/2025,32300,364955000,11.3(-0.44 %),32300,364955000,0,0,70580751,27.29
28/04/2025,237300,2670985000,11.25(-0.44 %),264500,2975625000,27200,304640000,70350571,27.29
29/04/2025,196200,2197440000,11.2(-0.44 %),196900,2205280000,700,7840000,70153671,27.3
05/05/2025,23900,266590000,11.25(0.45 %),23900,267715000,0,1125000,70157071,27.3
06/05/2025,489300,5522840000,11.25(0.00 %),530900,5992890000,41600,470050000,69689531,27.32
07/05/2025,651200,7306805000,11.2(-0.44 %),811200,9111805000,160000,1805000000,69038331,27.34
08/05/2025,1331400,14998335000,11.35(1.34 %),1991500,22439955000,660100,7441620000,67707011,27.4
09/05/2025,311300,3519505000,11.3(-0.44 %),345800,3910455000,34500,390950000,67395711,27.41
12/05/2025,94800,1080705000,11.4(0.88 %),96700,1102225000,1900,21520000,67300911,27.41
13/05/2025,384700,4407180000,11.45(0.44 %),384700,4407180000,0,0,66916211,27.43
14/05/2025,746700,8614325000,11.55(0.87 %),851900,9822375000,105200,1208050000,66169510,27.46
15/05/2025,1762000,12061940000,12(3.90 %),1762000,20710655000,0,8648715000,65144410,27.49
16/05/2025,200,-12574420000,11.75(-2.08 %),200,2360000,0,12576780000,65144410,27.49
19/05/2025,464100,5347250000,11.65(-0.85 %),464100,5429150000,0,81900000,64687310,27.51
20/05/2025,1256300,8333310500,11.85(1.72 %),1256300,14788380000,0,6455069500,65031140,27.5
21/05/2025,861600,5756405000,11.85(0.00 %),861600,10174190000,0,4417785000,64543840,27.52
22/05/2025,10000,-6753045000,11.65(-1.69 %),10000,117000000,0,6870045000,64543840,27.52
23/05/2025,308800,3602550000,11.6(-0.43 %),501500,5847475000,192700,2244925000,64235040,27.53
26/05/2025,570400,-102455000,11.65(0.43 %),570400,6621735000,0,6724190000,64809640,27.51
27/05/2025,-535500,-6288770000,11.7(0.43 %),537900,6347220000,1073400,12635990000,64809640,27.51
28/05/2025,316500,21621000,11.65(-0.43 %),316500,3689050000,0,3667429000,64815400,27.51
29/05/2025,6539400,69238470000,11.7(0.43 %),6539400,72735995000,0,3497525000,59110400,27.73
30/05/2025,0,-2749205000,11.55(-1.28 %),0,0,0,2749205000,59110400,27.73
02/06/2025,43800,-77171385000,11.55(0.00 %),43800,506015000,0,77677400000,59110400,27.73
03/06/2025,594600,6695620000,11.8(2.16 %),594600,7006570000,0,310950000,58778400,27.74
04/06/2025,272019,939151200,11.75(-0.42 %),272019,3223424200,0,2284273000,64978491,27.5
05/06/2025,500,-1711880000,11.65(-0.85 %),500,5835000,0,1717715000,64999291,27.5
06/06/2025,1005700,9486200000,11.6(-0.43 %),1005700,11731630000,0,2245430000,64186291,27.53
09/06/2025,300,-1179015000,11.55(-0.43 %),300,3480000,0,1182495000,64332991,27.53
10/06/2025,9324900,-232670500,11.65(0.87 %),9324900,114660585000,0,114893255500,64332991,27.53
11/06/2025,-119800,-1396170000,11.65(0.00 %),0,0,119800,1396170000,64434591,27.52
12/06/2025,688600,8117270000,11.9(2.15 %),725100,8546405000,36500,429135000,63766091,27.55
13/06/2025,-134800,-1596475000,11.95(0.42 %),34900,414810000,169700,2011285000,63885990,27.54
16/06/2025,-569400,-6913540000,12.2(2.09 %),86100,1050415000,655500,7963955000,63885990,27.54
17/06/2025,-878400,-10702530000,12.2(0.00 %),6000,72600000,884400,10775130000,64020881,27.54
18/06/2025,-10900,-130340000,12.1(-0.82 %),41900,511080000,52800,641420000,56101181,27.84
19/06/2025,-11900,-143680000,12.05(-0.41 %),133400,1614010000,145300,1757690000,56979581,27.81
20/06/2025,15900,201630000,12.05(0.00 %),151700,1852395000,135800,1650765000,56979581,27.81
23/06/2025,71700,860470000,12(-0.41 %),75300,903670000,3600,43200000,56919781,27.81
24/06/2025,299200,3606785000,12(0.00 %),336000,4050005000,36800,443220000,65134701,27.49
25/06/2025,327600,3954150000,12(0.00 %),327600,3954150000,0,0,64814870,27.51
26/06/2025,14000,170925000,12(0.00 %),68100,819145000,54100,648220000,64800930,27.51
27/06/2025,3000,36150000,12(0.00 %),3000,36150000,0,0,64797930,27.51
30/06/2025,33800,407780000,12(0.00 %),50900,612960000,17100,205180000,64764130,27.51
01/07/2025,2124300,25774340000,12.25(2.08 %),2125300,25786490000,1000,12150000,62639830,27.59
02/07/2025,-667800,-8190090000,12.25(0.00 %),195500,2385100000,863300,10575190000,62639830,27.59
03/07/2025,963300,11837075000,12.15(-0.82 %),1249200,15339350000,285900,3502275000,62096530,27.61
04/07/2025,894400,10888140000,12.15(0.00 %),1298500,15799140000,404100,4911000000,61434930,27.64
07/07/2025,877300,10799905000,12.5(2.88 %),1364900,16893835000,487600,6093930000,60557630,27.67
08/07/2025,568200,7189165000,12.7(1.60 %),2310200,29241015000,1742000,22051850000,59989414,27.69
09/07/2025,422700,5426120000,12.9(1.57 %),2002800,25769095000,1580100,20342975000,59538514,27.71
10/07/2025,657100,8433355000,12.85(-0.39 %),1009700,12984210000,352600,4550855000,59538514,27.71
11/07/2025,2013800,25873140000,12.9(0.39 %),2070200,26597470000,56400,724330000,52979794,27.96
14/07/2025,212600,2736960000,12.95(0.39 %),237900,3063330000,25300,326370000,53575094,27.94
15/07/2025,1962500,25842810000,13.15(1.54 %),1976200,26023185000,13700,180375000,48718594,28.13
16/07/2025,445600,5845140000,13.2(0.38 %),1114000,14613350000,668400,8768210000,48229494,28.15
17/07/2025,-458900,-6100770000,13.25(0.38 %),379800,5043115000,838700,11143885000,48229494,28.15
18/07/2025,1161200,15311465000,13.25(0.00 %),1352700,17829195000,191500,2517730000,47057794,28.19
21/07/2025,1366700,18149960000,13.3(0.38 %),1442400,19149760000,75700,999800000,46141664,28.23
22/07/2025,307500,4088460000,13.4(0.75 %),311700,4144215000,4200,55755000,45834164,28.24
23/07/2025,-9700,-136080000,13.6(1.49 %),350500,4752145000,360200,4888225000,45834164,28.24
24/07/2025,-1171800,-16093950000,13.75(1.10 %),75000,1028000000,1246800,17121950000,45834164,28.24
25/07/2025,1048500,14652605000,14.1(2.55 %),1070000,14952530000,21500,299925000,44795554,28.28
28/07/2025,147900,2181500000,14.7(4.26 %),200700,2944160000,52800,762660000,45806404,28.24
29/07/2025,-396800,-5262030000,13.8(-6.12 %),795900,11183970000,1192700,16446000000,45799604,28.24
30/07/2025,1152800,15947120000,14(1.45 %),1255700,17391190000,102900,1444070000,44646804,28.28
31/07/2025,-188100,-2608940000,13.8(-1.43 %),451000,6096205000,639100,8705145000,45043604,28.27
01/08/2025,-1197400,-16287960000,13.5(-2.17 %),114400,1560065000,1311800,17848025000,39011004,28.5
04/08/2025,1109400,15371215000,14.1(4.44 %),1219900,16898995000,110500,1527780000,38089774,28.54
05/08/2025,-31200,-434675000,14.2(0.71 %),1149200,16569395000,1180400,17004070000,38089774,28.54
06/08/2025,113400,1773350000,14.5(2.11 %),1871600,27090895000,1758200,25317545000,37476374,28.56
07/08/2025,226500,3467680000,15.35(5.86 %),1113600,16701465000,887100,13233785000,37274975,28.57
08/08/2025,-1657200,-26061640000,15.4(0.33 %),364200,5597705000,2021400,31659345000,37274975,28.57
11/08/2025,-1390100,-21364055000,15.35(-0.32 %),10600,163650000,1400700,21527705000,37268175,28.57
12/08/2025,66200,1004225000,15.4(0.33 %),358500,5444425000,292300,4440200000,38855855,28.51
13/08/2025,-866800,-13410490000,15.5(0.65 %),576500,8836755000,1443300,22247245000,40245955,28.45
14/08/2025,1515900,24034060000,16.15(4.19 %),1772200,28092560000,256300,4058500000,38730125,28.51
15/08/2025,-3416200,-54686950000,15.85(-1.86 %),60300,967225000,3476500,55654175000,39591845,28.48
18/08/2025,-764500,-12011300000,15.65(-1.26 %),83200,1294545000,847700,13305845000,39591845,28.48
19/08/2025,-1266100,-19863250000,15.75(0.64 %),765700,12073855000,2031800,31937105000,43008075,28.35
20/08/2025,1375000,22149280000,16.35(3.81 %),1800900,29019210000,425900,6869930000,42348825,28.37
21/08/2025,1418200,24481185000,17.45(6.73 %),2508800,43501150000,1090600,19019965000,42570115,28.36
22/08/2025,-363400,-6483830000,18(3.15 %),1901300,34033250000,2264700,40517080000,42570115,28.36
25/08/2025,-1058600,-18860060000,16.75(-6.94 %),327600,5578160000,1386200,24438220000,42570115,28.36
26/08/2025,1704200,29001135000,0(-100.00 %),3112500,52585455000,1408300,23584320000,42563515,28.36
