Ngay,KLGDRong,GTDGRong,ThayDoi,KLMua,GtMua,KLBan,GtBan,RoomConLai,DangSoHuu
03/11/2006,9900,359510,0(0.00 %),9900,359510,0,0,0,0.0
06/11/2006,1500,53940,0(0.00 %),1500,53940,0,0,0,0.0
07/11/2006,890,32040,0(0.00 %),890,32040,0,0,0,0.0
10/11/2006,10,360,0(0.00 %),10,360,0,0,0,0.0
13/11/2006,-1600,-57960,0(0.00 %),400,14440,2000,72400,0,0.0
14/11/2006,-500,-18100,0(0.00 %),0,0,500,18100,0,0.0
15/11/2006,100,3550,0(0.00 %),100,3550,0,0,0,0.0
17/11/2006,-5000,-175000,0(0.00 %),300,10500,5300,185500,0,0.0
20/11/2006,2000,70000,0(0.00 %),2000,70000,0,0,0,0.0
21/11/2006,220,7420,0(0.00 %),220,7420,0,0,0,0.0
22/11/2006,200,6600,0(0.00 %),200,6600,0,0,0,0.0
23/11/2006,-1200,-40920,0(0.00 %),0,0,1200,40920,0,0.0
27/11/2006,-200,-7500,0(0.00 %),0,0,200,7500,0,0.0
28/11/2006,1800,68800,0(0.00 %),2000,76600,200,7800,0,0.0
29/11/2006,2210,83992,0(0.00 %),2210,83992,0,0,0,0.0
30/11/2006,1000,38300,0(0.00 %),1000,38300,0,0,0,0.0
05/12/2006,1000,37000,0(0.00 %),1000,37000,0,0,0,0.0
07/12/2006,-200,-7360,0(0.00 %),300,10890,500,18250,0,0.0
13/12/2006,50,1900,0(0.00 %),50,1900,0,0,0,0.0
14/12/2006,1000,37500,0(0.00 %),1000,37500,0,0,0,0.0
15/12/2006,770,28490,0(0.00 %),1770,65490,1000,37000,0,0.0
18/12/2006,-2000,-74000,0(0.00 %),0,0,2000,74000,0,0.0
19/12/2006,19700,758450,0(0.00 %),20000,770000,300,11550,0,0.0
21/12/2006,1500,57000,0(0.00 %),1500,57000,0,0,0,0.0
26/12/2006,15000,570000,0(0.00 %),15000,570000,0,0,0,0.0
27/12/2006,-500,-19000,0(0.00 %),0,0,500,19000,0,0.0
28/12/2006,-500,-19000,0(0.00 %),0,0,500,19000,0,0.0
01/03/2007,100,6700000,67(0.00 %),100,6700000,0,0,0,0.0
02/03/2007,0,0,67(0.00 %),0,0,0,0,0,0.0
05/03/2007,0,0,69(2.99 %),0,0,0,0,0,0.0
06/03/2007,-100,-7200000,72(4.35 %),300,21600000,400,28800000,0,0.0
07/03/2007,0,0,75.5(4.86 %),0,0,0,0,0,0.0
08/03/2007,-270,-21330000,79(4.64 %),130,10270000,400,31600000,0,0.0
09/03/2007,0,0,82.5(4.43 %),0,0,0,0,0,0.0
12/03/2007,200,17200000,86(4.24 %),200,17200000,0,0,0,0.0
13/03/2007,100,8200000,82(-4.65 %),100,8200000,0,0,0,0.0
14/03/2007,0,0,78(-4.88 %),0,0,0,0,0,0.0
15/03/2007,300,22350000,74.5(-4.49 %),300,22350000,0,0,0,0.0
16/03/2007,30,2235000,74.5(0.00 %),30,2235000,0,0,0,0.0
19/03/2007,200,15600000,78(4.70 %),200,15600000,0,0,0,0.0
20/03/2007,500,38500000,74.5(-4.49 %),500,38500000,0,0,0,0.0
21/03/2007,0,0,72.5(-2.68 %),0,0,0,0,0,0.0
22/03/2007,0,0,69(-4.83 %),0,0,0,0,0,0.0
23/03/2007,0,0,69.5(0.72 %),0,0,0,0,0,0.0
26/03/2007,20,3890000,67(-3.60 %),1020,70890000,1000,67000000,0,0.0
27/03/2007,0,0,64(-4.48 %),0,0,0,0,0,0.0
28/03/2007,-20000,-1231220000,67(4.69 %),0,0,20000,1231220000,0,0.0
29/03/2007,0,0,70(4.48 %),0,0,0,0,0,0.0
30/03/2007,300,21000000,70(0.00 %),300,21000000,0,0,0,0.0
02/04/2007,0,0,66.5(-5.00 %),0,0,0,0,0,0.0
03/04/2007,2470,156845000,63.5(-4.51 %),2470,156845000,0,0,0,0.0
04/04/2007,0,0,65(2.36 %),0,0,0,0,0,0.0
05/04/2007,1000,66000000,65(0.00 %),1000,66000000,0,0,0,0.0
06/04/2007,0,0,62.5(-3.85 %),0,0,0,0,0,0.0
09/04/2007,-3000,-187500000,62.5(0.00 %),0,0,3000,187500000,0,0.0
10/04/2007,0,0,62.5(0.00 %),0,0,0,0,0,0.0
11/04/2007,0,0,61(-2.40 %),0,0,0,0,0,0.0
12/04/2007,200,12000000,58.5(-4.10 %),200,12000000,0,0,0,0.0
13/04/2007,100,5650000,56.5(-3.42 %),100,5650000,0,0,0,0.0
16/04/2007,-200,-10800000,54(-4.42 %),0,0,200,10800000,0,0.0
17/04/2007,-100,-5650000,56.5(4.63 %),100,5650000,200,11300000,0,0.0
18/04/2007,0,0,59(4.42 %),0,0,0,0,0,0.0
19/04/2007,0,0,61.5(4.24 %),0,0,0,0,0,0.0
20/04/2007,2230,136150000,60(-2.44 %),2230,136150000,0,0,0,0.0
23/04/2007,900,53100000,59(-1.67 %),900,53100000,0,0,0,0.0
24/04/2007,0,0,57(-3.39 %),0,0,0,0,0,0.0
25/04/2007,100,5950000,59.5(4.39 %),100,5950000,0,0,0,0.0
02/05/2007,1400,84350000,60.5(1.68 %),1400,84350000,0,0,0,0.0
03/05/2007,0,0,50.5(4.66 %),0,0,0,0,0,0.0
04/05/2007,0,0,50(-0.99 %),0,0,0,0,0,0.0
07/05/2007,100,4900000,49(-2.00 %),100,4900000,0,0,0,0.0
08/05/2007,0,0,50(2.04 %),0,0,0,0,0,0.0
09/05/2007,2000,100000000,49.6(-0.80 %),2000,100000000,0,0,0,0.0
10/05/2007,0,0,49(-1.21 %),0,0,0,0,0,0.0
11/05/2007,0,0,49(0.00 %),0,0,0,0,0,0.0
14/05/2007,-200,-9650000,49(0.00 %),200,9750000,400,19400000,0,0.0
15/05/2007,1100,53900000,49(0.00 %),1100,53900000,0,0,0,0.0
16/05/2007,0,0,49(0.00 %),0,0,0,0,0,0.0
17/05/2007,-100,-4900000,49(0.00 %),0,0,100,4900000,0,0.0
18/05/2007,0,0,49(0.00 %),0,0,0,0,0,0.0
21/05/2007,0,0,50.5(3.06 %),0,0,0,0,0,0.0
22/05/2007,0,0,53(4.95 %),0,0,0,0,0,0.0
23/05/2007,2200,121000000,55(3.77 %),2200,121000000,0,0,0,0.0
24/05/2007,5300,286200000,52.5(-4.55 %),5300,286200000,0,0,0,0.0
25/05/2007,1000,52000000,52(-0.95 %),1000,52000000,0,0,0,0.0
28/05/2007,2400,128400000,53(1.92 %),2400,128400000,0,0,0,0.0
29/05/2007,740,38620000,52(-1.89 %),1500,78900000,760,40280000,0,0.0
30/05/2007,-1040,-53040000,52(0.00 %),200,10200000,1240,63240000,0,0.0
31/05/2007,0,0,51.5(-0.96 %),0,0,0,0,0,0.0
01/06/2007,2400,122400000,51(-0.97 %),2400,122400000,0,0,0,0.0
04/06/2007,250,12500000,50.5(-0.98 %),250,12500000,0,0,0,0.0
05/06/2007,1710,83790000,49(-2.97 %),1710,83790000,0,0,0,0.0
06/06/2007,4190,205310000,49(0.00 %),4190,205310000,0,0,0,0.0
07/06/2007,6670,333500000,50(2.04 %),6670,333500000,0,0,0,0.0
08/06/2007,240,12000000,50.5(1.00 %),240,12000000,0,0,0,0.0
11/06/2007,0,0,51(0.99 %),0,0,0,0,0,0.0
12/06/2007,200,10100000,50.5(-0.98 %),200,10100000,0,0,0,0.0
13/06/2007,2200,111400000,51(0.99 %),2200,111400000,0,0,0,0.0
14/06/2007,-800,-40800000,51(0.00 %),0,0,800,40800000,0,0.0
15/06/2007,1100,57350000,52(1.96 %),1400,72800000,300,15450000,0,0.0
18/06/2007,-300,-15900000,53(1.92 %),0,0,300,15900000,0,0.0
19/06/2007,0,0,55.5(4.72 %),5000,277500000,5000,277500000,0,0.0
20/06/2007,220,11760000,55.5(0.00 %),520,28860000,300,17100000,0,0.0
21/06/2007,1540,83160000,53.5(-3.60 %),1540,83160000,0,0,0,0.0
22/06/2007,1950,102350000,53.5(0.00 %),1950,102350000,0,0,0,0.0
25/06/2007,0,0,52.5(-1.87 %),0,0,0,0,0,0.0
26/06/2007,300,15450000,51.5(-1.90 %),400,20600000,100,5150000,0,0.0
27/06/2007,0,0,51(-0.97 %),0,0,0,0,0,0.0
28/06/2007,-650,-32500000,50(-1.96 %),350,17500000,1000,50000000,0,0.0
29/06/2007,-3340,-166950000,51(2.00 %),2910,145550000,6250,312500000,0,0.0
02/07/2007,-2950,-147500000,50(-1.96 %),50,2500000,3000,150000000,0,0.0
03/07/2007,200,9650000,47.5(-5.00 %),200,9650000,0,0,0,0.0
04/07/2007,0,0,49.8(4.84 %),0,0,0,0,0,0.0
05/07/2007,0,0,49(-1.61 %),0,0,0,0,0,0.0
06/07/2007,1000,49900000,49.9(1.84 %),1000,49900000,0,0,0,0.0
09/07/2007,1000,51000000,51(2.20 %),1000,51000000,0,0,0,0.0
10/07/2007,680,35020000,51.5(0.98 %),680,35020000,0,0,0,0.0
11/07/2007,-300,-15750000,52.5(1.94 %),0,0,300,15750000,0,0.0
12/07/2007,0,0,52(-0.95 %),0,0,0,0,0,0.0
13/07/2007,1340,69680000,52(0.00 %),1340,69680000,0,0,0,0.0
16/07/2007,-10,-515000,51.5(-0.96 %),0,0,10,515000,0,0.0
17/07/2007,0,0,52(0.97 %),0,0,0,0,0,0.0
18/07/2007,-120,-6120000,51.5(-0.96 %),0,0,120,6120000,0,0.0
19/07/2007,500,26000000,52(0.97 %),500,26000000,0,0,0,0.0
20/07/2007,3000,156000000,54(3.85 %),3000,156000000,0,0,0,0.0
23/07/2007,-560,-31640000,56(3.70 %),1000,56500000,1560,88140000,0,0.0
24/07/2007,-50,-2750000,55(-1.79 %),0,0,50,2750000,0,0.0
25/07/2007,6300,346800000,55(0.00 %),6300,346800000,0,0,0,0.0
26/07/2007,0,0,52.5(-4.55 %),0,0,0,0,0,0.0
27/07/2007,0,0,52.5(0.00 %),0,0,0,0,0,0.0
30/07/2007,0,0,51.5(-1.90 %),0,0,0,0,0,0.0
31/07/2007,200,10400000,52(0.97 %),200,10400000,0,0,0,0.0
01/08/2007,20,1050000,53(1.92 %),20,1050000,0,0,0,0.0
02/08/2007,-3000,-154500000,51.5(-2.83 %),0,0,3000,154500000,0,0.0
03/08/2007,0,0,50.5(-1.94 %),0,0,0,0,0,0.0
06/08/2007,-2300,-116810000,51(0.99 %),100,5090000,2400,121900000,0,0.0
07/08/2007,-500,-26500000,51.5(0.98 %),500,25000000,1000,51500000,0,0.0
08/08/2007,0,0,51(-0.97 %),0,0,0,0,0,0.0
09/08/2007,0,0,51.5(0.98 %),0,0,0,0,0,0.0
10/08/2007,3000,154500000,51(-0.97 %),3000,154500000,0,0,0,0.0
13/08/2007,-150,-7500000,51(0.00 %),100,5000000,250,12500000,0,0.0
14/08/2007,0,0,51(0.00 %),0,0,0,0,0,0.0
15/08/2007,250,12625000,51(0.00 %),500,25250000,250,12625000,0,0.0
16/08/2007,-500,-25250000,50(-1.96 %),0,0,500,25250000,0,0.0
17/08/2007,0,0,50.5(1.00 %),0,0,0,0,0,0.0
20/08/2007,0,0,50(-0.99 %),100000,5000000000,100000,5000000000,0,0.0
21/08/2007,0,0,49.9(-0.20 %),0,0,0,0,0,0.0
22/08/2007,0,0,49.8(-0.20 %),0,0,0,0,0,0.0
23/08/2007,0,0,49(-1.61 %),0,0,0,0,0,0.0
24/08/2007,-500,-24750000,50(2.04 %),0,0,500,24750000,0,0.0
27/08/2007,0,0,49.8(-0.40 %),0,0,0,0,0,0.0
28/08/2007,0,0,50(0.40 %),0,0,0,0,0,0.0
29/08/2007,0,0,49.9(-0.20 %),0,0,0,0,0,0.0
30/08/2007,3500,174650000,49.9(0.00 %),3500,174650000,0,0,0,0.0
31/08/2007,0,0,50(0.20 %),0,0,0,0,0,0.0
04/09/2007,2990,152990000,50.5(1.00 %),2990,152990000,0,0,0,0.0
05/09/2007,0,0,51(0.99 %),0,0,0,0,0,0.0
06/09/2007,16480,840480000,51(0.00 %),16480,840480000,0,0,0,0.0
07/09/2007,2590,133385000,52(1.96 %),2590,133385000,0,0,0,0.0
10/09/2007,4600,239200000,52(0.00 %),5100,265200000,500,26000000,0,0.0
11/09/2007,1000,53000000,54.5(4.81 %),1000,53000000,0,0,0,0.0
12/09/2007,-900,-47650000,52.5(-3.67 %),100,5350000,1000,53000000,0,0.0
13/09/2007,4000,215675000,54(2.86 %),6000,322425000,2000,106750000,0,0.0
14/09/2007,1000,54000000,53(-1.85 %),1000,54000000,0,0,0,0.0
17/09/2007,0,0,53.5(0.94 %),0,0,0,0,0,0.0
18/09/2007,1700,90140000,53(-0.93 %),1700,90140000,0,0,0,0.0
19/09/2007,200,10700000,53(0.00 %),200,10700000,0,0,0,0.0
20/09/2007,10200,566100000,55.5(4.72 %),10200,566100000,0,0,0,0.0
21/09/2007,14760,841070000,57(2.70 %),15260,869820000,500,28750000,0,0.0
24/09/2007,2560,146330000,57(0.00 %),2560,146330000,0,0,0,0.0
25/09/2007,1000,59950000,59.5(4.39 %),2000,119000000,1000,59050000,0,0.0
26/09/2007,-500,-31000000,59.5(0.00 %),0,0,500,31000000,0,0.0
27/09/2007,0,0,58(-2.52 %),0,0,0,0,0,0.0
28/09/2007,3000,176000000,59(1.72 %),3000,176000000,0,0,0,0.0
01/10/2007,4600,275600000,59(0.00 %),6600,394600000,2000,119000000,0,0.0
02/10/2007,500,30800000,59(0.00 %),1500,89800000,1000,59000000,0,0.0
03/10/2007,-5500,-321500000,59(0.00 %),500,29500000,6000,351000000,0,0.0
04/10/2007,-5000,-275000000,55(4.86 %),0,0,5000,275000000,0,0.0
05/10/2007,-5000,-287115000,57.5(4.55 %),0,0,5000,287115000,0,0.0
08/10/2007,-4250,-242250000,55(-4.35 %),0,0,4250,242250000,0,0.0
09/10/2007,100,5500000,55.5(0.91 %),100,5500000,0,0,0,0.0
10/10/2007,200,11200000,57(2.70 %),200,11200000,0,0,0,0.0
11/10/2007,4000,230000000,57(0.00 %),4000,230000000,0,0,0,0.0
12/10/2007,5800,330600000,57(0.00 %),5800,330600000,0,0,0,0.0
15/10/2007,4060,233450000,57.5(0.88 %),4060,233450000,0,0,0,0.0
16/10/2007,11650,677450000,58.5(1.74 %),11650,677450000,0,0,0,0.0
17/10/2007,0,0,60(2.56 %),0,0,0,0,0,0.0
18/10/2007,16900,1013400000,58.5(-2.50 %),17400,1043400000,500,30000000,0,0.0
19/10/2007,0,0,58.5(0.00 %),0,0,0,0,0,0.0
22/10/2007,10000,580000000,58(-0.85 %),10000,580000000,0,0,0,0.0
23/10/2007,-3000,-172090000,57(-1.72 %),500,28500000,3500,200590000,0,0.0
24/10/2007,6100,351600000,58(1.75 %),6100,351600000,0,0,0,0.0
25/10/2007,-1000,-60500000,60.5(4.31 %),0,0,1000,60500000,0,0.0
26/10/2007,0,0,63.5(4.96 %),0,0,0,0,0,0.0
29/10/2007,-1000,-66500000,66.5(4.72 %),0,0,1000,66500000,0,0.0
30/10/2007,-21500,-1492350000,69.5(4.51 %),1300,90350000,22800,1582700000,0,0.0
31/10/2007,-12740,-887120000,68(-2.16 %),1500,103800000,14240,990920000,0,0.0
01/11/2007,0,0,71(4.41 %),0,0,0,0,0,0.0
02/11/2007,2400,178800000,74.5(4.93 %),2400,178800000,0,0,0,0.0
05/11/2007,200,13800000,71(-4.70 %),1700,120800000,1500,107000000,0,0.0
06/11/2007,5900,400900000,67.5(-4.93 %),6900,468400000,1000,67500000,0,0.0
07/11/2007,4250,284350000,65(-3.70 %),4300,287750000,50,3400000,0,0.0
08/11/2007,-1000,-56000000,62(-4.62 %),2000,130000000,3000,186000000,0,0.0
09/11/2007,-1500,-95000000,63(1.61 %),500,31000000,2000,126000000,0,0.0
12/11/2007,4880,299165000,60.5(-3.97 %),4880,299165000,0,0,0,0.0
13/11/2007,-2000,-119350000,57.5(-4.96 %),0,0,2000,119350000,0,0.0
14/11/2007,2000,120050000,60(4.35 %),2200,131950000,200,11900000,0,0.0
15/11/2007,-2000,-120000000,58.5(-2.50 %),1500,87250000,3500,207250000,0,0.0
16/11/2007,2000,116000000,58(-0.85 %),2000,116000000,0,0,0,0.0
19/11/2007,0,0,59(1.72 %),0,0,0,0,0,0.0
20/11/2007,0,0,58(-1.69 %),0,0,0,0,0,0.0
21/11/2007,500,28500000,57(-1.72 %),500,28500000,0,0,0,0.0
22/11/2007,-840,-47880000,57(0.00 %),160,9120000,1000,57000000,0,0.0
23/11/2007,3000,172500000,57(0.00 %),3000,172500000,0,0,0,0.0
26/11/2007,15500,918725000,59.5(4.39 %),15500,918725000,0,0,0,0.0
27/11/2007,11000,679000000,60.5(1.68 %),11000,679000000,0,0,0,0.0
28/11/2007,6000,368000000,62(2.48 %),6000,368000000,0,0,0,0.0
29/11/2007,2500,155000000,63(1.61 %),2500,155000000,0,0,0,0.0
30/11/2007,1300,80600000,62(-1.59 %),1300,80600000,0,0,0,0.0
03/12/2007,0,0,63(1.61 %),0,0,0,0,0,0.0
04/12/2007,3000,190500000,63(0.00 %),3000,190500000,0,0,0,0.0
05/12/2007,1100,68200000,62(-1.59 %),3100,192200000,2000,124000000,0,0.0
06/12/2007,-6930,-422730000,60.5(-2.42 %),0,0,6930,422730000,0,0.0
07/12/2007,0,0,61(0.83 %),0,0,0,0,0,0.0
10/12/2007,-2000,-119000000,59.5(-2.46 %),0,0,2000,119000000,0,0.0
11/12/2007,0,0,58.5(-1.68 %),0,0,0,0,0,0.0
12/12/2007,-1700,-100850000,59.5(1.71 %),0,0,1700,100850000,0,0.0
13/12/2007,-14000,-827500000,58.5(-1.68 %),0,0,14000,827500000,0,0.0
14/12/2007,-1000,-58500000,58.5(0.00 %),0,0,1000,58500000,0,0.0
17/12/2007,100,5800000,58(-0.85 %),100,5800000,0,0,0,0.0
18/12/2007,-100,-5750000,58(0.00 %),0,0,100,5750000,0,0.0
19/12/2007,4000,232000000,60(3.45 %),4000,232000000,0,0,0,0.0
20/12/2007,-4450,-265005000,58.5(-2.50 %),1050,61750000,5500,326755000,0,0.0
21/12/2007,0,0,59(0.85 %),0,0,0,0,0,0.0
24/12/2007,-1980,-117810000,60(1.69 %),0,0,1980,117810000,0,0.0
25/12/2007,-2400,-141500000,59(-1.67 %),600,35500000,3000,177000000,0,0.0
26/12/2007,0,0,59(0.00 %),0,0,0,0,0,0.0
27/12/2007,0,0,59(0.00 %),0,0,0,0,0,0.0
28/12/2007,0,0,60(1.69 %),0,0,0,0,0,0.0
02/01/2008,60,3570000,59.5(-0.83 %),60,3570000,0,0,0,0.0
03/01/2008,-3940,-230490000,58.5(-1.68 %),0,0,3940,230490000,0,0.0
04/01/2008,0,0,59(0.85 %),0,0,0,0,0,0.0
07/01/2008,5000,292500000,57(-3.39 %),5000,292500000,0,0,0,0.0
08/01/2008,0,0,57.5(0.88 %),0,0,0,0,0,0.0
09/01/2008,4000,232000000,57(-0.87 %),4000,232000000,0,0,0,0.0
10/01/2008,-9900,-564300000,56.5(-0.88 %),100,5700000,10000,570000000,0,0.0
11/01/2008,0,0,57.5(1.77 %),0,0,0,0,0,0.0
14/01/2008,0,0,56(-2.61 %),0,0,0,0,0,0.0
15/01/2008,0,0,49(-3.35 %),0,0,0,0,0,0.0
16/01/2008,-50000,-2550000000,51(4.08 %),0,0,50000,2550000000,0,0.0
17/01/2008,2010,102515000,51(0.00 %),2010,102515000,0,0,0,0.0
18/01/2008,0,0,53(3.92 %),0,0,0,0,0,0.0
21/01/2008,0,0,52(-1.89 %),0,0,0,0,0,0.0
22/01/2008,-5000,-251555000,50.5(-2.88 %),0,0,5000,251555000,0,0.0
23/01/2008,-4250,-205630000,48.5(-3.96 %),0,0,4250,205630000,0,0.0
24/01/2008,0,0,48.2(-0.62 %),0,0,0,0,0,0.0
25/01/2008,-450,-21810000,49(1.66 %),50,2410000,500,24220000,0,0.0
28/01/2008,0,0,49.5(1.02 %),0,0,0,0,0,0.0
29/01/2008,0,0,51.5(4.04 %),0,0,0,0,0,0.0
30/01/2008,-200,-10800000,54(4.85 %),0,0,200,10800000,0,0.0
31/01/2008,-25000,-1412500000,56.5(4.63 %),0,0,25000,1412500000,0,0.0
01/02/2008,-60000,-3540000000,59(4.42 %),0,0,60000,3540000000,0,0.0
12/02/2008,700,43050000,61.5(4.24 %),700,43050000,0,0,0,0.0
13/02/2008,0,0,59(-4.07 %),0,0,0,0,0,0.0
14/02/2008,1200,72900000,61(3.39 %),1200,72900000,0,0,0,0.0
15/02/2008,710,39390000,58.5(-4.10 %),3000,174000000,2290,134610000,0,0.0
18/02/2008,0,0,56(-4.27 %),0,0,0,0,0,0.0
19/02/2008,1000,56000000,56.5(0.89 %),1000,56000000,0,0,0,0.0
20/02/2008,-1000,-55500000,55.5(-1.77 %),0,0,1000,55500000,0,0.0
21/02/2008,0,0,53(-4.50 %),0,0,0,0,0,0.0
22/02/2008,57000,2878500000,50.5(-4.72 %),60000,3030000000,3000,151500000,0,0.0
25/02/2008,14000,742000000,53(4.95 %),14000,742000000,0,0,0,0.0
26/02/2008,56990,3051370000,54(1.89 %),60100,3213100000,3110,161730000,0,0.0
27/02/2008,1500,82000000,54(0.00 %),1500,82000000,0,0,0,0.0
28/02/2008,0,0,52.5(-2.78 %),0,0,0,0,0,0.0
29/02/2008,47000,2442500000,51.5(-1.90 %),50000,2597000000,3000,154500000,0,0.0
03/03/2008,55140,2755371000,50(-2.91 %),57260,2860371000,2120,105000000,0,0.0
04/03/2008,72890,3462275000,47.5(-5.00 %),72890,3462275000,0,0,0,0.0
05/03/2008,-3000,-135600000,45.2(-4.84 %),0,0,3000,135600000,0,0.0
06/03/2008,-280,-13272000,47.4(4.87 %),0,0,280,13272000,0,0.0
07/03/2008,0,0,49.7(4.85 %),0,0,0,0,0,0.0
10/03/2008,52300,2719600000,52(4.63 %),53700,2792400000,1400,72800000,0,0.0
11/03/2008,17050,854840000,49.6(-4.62 %),17150,859800000,100,4960000,0,0.0
12/03/2008,33200,1726040000,52(4.84 %),33200,1726040000,0,0,0,0.0
13/03/2008,7000,364000000,53.5(2.88 %),7000,364000000,0,0,0,0.0
14/03/2008,6000,320255000,53(-0.93 %),6000,320255000,0,0,0,0.0
17/03/2008,1500,78000000,50.5(-4.72 %),1500,78000000,0,0,0,0.0
18/03/2008,50080,2403840000,48(-4.95 %),50080,2403840000,0,0,0,0.0
19/03/2008,10000,480000000,48(0.00 %),10000,480000000,0,0,0,0.0
20/03/2008,1000,48500000,48(0.00 %),1000,48500000,0,0,0,0.0
21/03/2008,2000,97600000,47(-2.08 %),2000,97600000,0,0,0,0.0
24/03/2008,100,4470000,44.7(-4.89 %),100,4470000,0,0,0,0.0
25/03/2008,0,0,42.5(-4.92 %),0,0,0,0,0,0.0
26/03/2008,7000,298500000,42.8(0.71 %),7000,298500000,0,0,0,0.0
27/03/2008,370,15984000,43.2(0.93 %),370,15984000,0,0,0,0.0
28/03/2008,0,0,43.6(0.93 %),0,0,0,0,0,0.0
31/03/2008,0,0,44(0.92 %),0,0,0,0,0,0.0
01/04/2008,0,0,44.4(0.91 %),0,0,0,0,0,0.0
02/04/2008,0,0,44.8(0.90 %),0,0,0,0,0,0.0
03/04/2008,0,0,45.2(0.89 %),0,0,0,0,0,0.0
04/04/2008,0,0,45.6(0.88 %),0,0,0,0,0,0.0
07/04/2008,0,0,46.5(1.97 %),0,0,0,0,0,0.0
08/04/2008,0,0,46.5(0.00 %),0,0,0,0,0,0.0
09/04/2008,5100,232600000,45.6(-1.94 %),5100,232600000,0,0,0,0.0
10/04/2008,0,0,44.7(-1.97 %),0,0,0,0,0,0.0
11/04/2008,-200,-8780000,43.9(-1.79 %),0,0,200,8780000,0,0.0
16/04/2008,0,0,42.6(-1.84 %),0,0,0,0,0,0.0
17/04/2008,7000,292600000,43.4(1.88 %),7000,292600000,0,0,0,0.0
18/04/2008,200,8520000,42.6(-1.84 %),200,8520000,0,0,0,0.0
21/04/2008,-400,-16720000,41.8(-1.88 %),200,8360000,600,25080000,0,0.0
22/04/2008,100,4100000,41(-1.91 %),100,4100000,0,0,0,0.0
23/04/2008,0,0,40.2(-1.95 %),0,0,0,0,0,0.0
24/04/2008,0,0,39.4(-1.99 %),0,0,0,0,0,0.0
25/04/2008,800,30960000,38.7(-1.78 %),800,30960000,0,0,0,0.0
28/04/2008,2000,78800000,39.4(1.81 %),2000,78800000,0,0,0,0.0
29/04/2008,48260,1931760000,40.1(1.78 %),48260,1931760000,0,0,0,0.0
05/05/2008,0,0,39.3(-2.00 %),0,0,0,0,0,0.0
06/05/2008,38280,1477608000,38.6(-1.78 %),38580,1489188000,300,11580000,0,0.0
07/05/2008,67100,2543090000,38.3(-0.78 %),67140,2544606000,40,1516000,0,0.0
08/05/2008,58120,2185312000,37.6(-1.83 %),58120,2185312000,0,0,0,0.0
09/05/2008,0,0,36.9(-1.86 %),0,0,0,0,0,0.0
12/05/2008,40,1448000,36.2(-1.90 %),40,1448000,0,0,0,0.0
13/05/2008,900,31950000,35.5(-1.93 %),900,31950000,0,0,0,0.0
14/05/2008,0,0,35(-1.41 %),0,0,0,0,0,0.0
15/05/2008,10000,343000000,34.3(-2.00 %),10000,343000000,0,0,0,0.0
16/05/2008,15100,508870000,33.7(-1.75 %),15100,508870000,0,0,0,0.0
19/05/2008,10100,334310000,33.1(-1.78 %),112200,3775080000,102100,3440770000,0,0.0
20/05/2008,10000,325000000,32.5(-1.81 %),10000,325000000,0,0,0,0.0
21/05/2008,0,0,31.9(-1.85 %),0,0,0,0,0,0.0
22/05/2008,0,0,31.3(-1.88 %),0,0,0,0,0,0.0
23/05/2008,0,0,30.7(-1.92 %),0,0,0,0,0,0.0
26/05/2008,0,0,30.1(-1.95 %),0,0,0,0,0,0.0
27/05/2008,0,0,30.1(0.00 %),0,0,0,0,0,0.0
28/05/2008,0,0,30.1(0.00 %),0,0,0,0,0,0.0
29/05/2008,0,0,30.1(0.00 %),0,0,0,0,0,0.0
30/05/2008,0,0,29.5(-1.99 %),0,0,0,0,0,0.0
02/06/2008,0,0,29(-1.69 %),0,0,0,0,0,0.0
03/06/2008,0,0,28.5(-1.72 %),0,0,0,0,0,0.0
04/06/2008,0,0,28(-1.75 %),0,0,0,0,0,0.0
05/06/2008,100,2750000,27.5(-1.79 %),100,2750000,0,0,0,0.0
06/06/2008,4130,111510000,27(-1.82 %),4130,111510000,0,0,0,0.0
09/06/2008,0,0,26.5(-1.85 %),0,0,0,0,0,0.0
10/06/2008,0,0,26(-1.89 %),0,0,0,0,0,0.0
11/06/2008,3000,76500000,26.5(1.92 %),5000,127500000,2000,51000000,0,0.0
12/06/2008,-1750,-45500000,26(-1.89 %),3250,84500000,5000,130000000,0,0.0
13/06/2008,0,0,26.5(1.92 %),0,0,0,0,0,0.0
16/06/2008,0,0,27(1.89 %),0,0,0,0,0,0.0
17/06/2008,0,0,27.5(1.85 %),0,0,0,0,0,0.0
18/06/2008,-2830,-81180000,27(-1.82 %),2170,58820000,5000,140000000,0,0.0
19/06/2008,2500,66500000,26.2(-2.96 %),2500,66500000,0,0,0,0.0
20/06/2008,600,15300000,25.5(-2.67 %),600,15300000,0,0,0,0.0
23/06/2008,10,262000,26.2(2.75 %),10,262000,0,0,0,0.0
24/06/2008,0,0,26.9(2.67 %),0,0,0,0,0,0.0
25/06/2008,0,0,27.7(2.97 %),0,0,0,0,0,0.0
26/06/2008,300,8550000,27.8(0.36 %),300,8550000,0,0,0,0.0
27/06/2008,-4040,-109080000,28.5(2.52 %),700,18900000,4740,127980000,0,0.0
30/06/2008,20600,600772000,29.3(2.81 %),20600,600772000,0,0,0,0.0
01/07/2008,1440,42894000,30.1(2.73 %),1440,42894000,0,0,0,0.0
02/07/2008,7200,219270000,31(2.99 %),7200,219270000,0,0,0,0.0
03/07/2008,0,0,31.9(2.90 %),0,0,0,0,0,0.0
04/07/2008,10910,357848000,32.8(2.82 %),10910,357848000,0,0,0,0.0
07/07/2008,37200,1244508000,31.9(-2.74 %),37200,1244508000,0,0,0,0.0
08/07/2008,0,0,31.1(-2.51 %),0,0,0,0,0,0.0
09/07/2008,0,0,31.5(1.29 %),0,0,0,0,0,0.0
10/07/2008,12000,388800000,32.4(2.86 %),12000,388800000,0,0,0,0.0
11/07/2008,3050,101565000,33.3(2.78 %),3050,101565000,0,0,0,0.0
14/07/2008,0,0,34.2(2.70 %),0,0,0,0,0,0.0
15/07/2008,0,0,35.2(2.92 %),0,0,0,0,0,0.0
16/07/2008,32850,1135750000,36.2(2.84 %),32850,1135750000,0,0,0,0.0
17/07/2008,0,0,37.2(2.76 %),0,0,0,0,0,0.0
18/07/2008,-550,-20900000,36.2(-2.69 %),0,0,550,20900000,0,0.0
21/07/2008,0,0,35.2(-2.76 %),0,0,0,0,0,0.0
22/07/2008,0,0,34.2(-2.84 %),0,0,0,0,0,0.0
23/07/2008,0,0,33.2(-2.92 %),0,0,0,0,0,0.0
24/07/2008,200,6460000,32.3(-2.71 %),200,6460000,0,0,0,0.0
25/07/2008,0,0,31.4(-2.79 %),0,0,0,0,0,0.0
28/07/2008,-26030,-795945000,32.3(2.87 %),0,0,26030,795945000,0,0.0
29/07/2008,0,0,33.2(2.79 %),0,0,0,0,0,0.0
30/07/2008,-1000,-35000000,34.1(2.71 %),1000,33200000,2000,68200000,0,0.0
31/07/2008,34800,1221780000,35.1(2.93 %),35800,1256580000,1000,34800000,0,0.0
01/08/2008,0,0,36.1(2.85 %),0,0,0,0,0,0.0
04/08/2008,4200,147420000,35.1(-2.77 %),4200,147420000,0,0,0,0.0
05/08/2008,1000,34100000,34.1(-2.85 %),1000,34100000,0,0,0,0.0
06/08/2008,28700,981540000,34.2(2.70 %),29700,1015740000,1000,34200000,0,0.0
07/08/2008,-29700,-1045440000,33.6(-1.75 %),0,0,29700,1045440000,0,0.0
08/08/2008,0,0,34.5(2.68 %),0,0,0,0,0,0.0
11/08/2008,-4180,-148390000,35.5(2.90 %),0,0,4180,148390000,0,0.0
12/08/2008,0,0,35.2(-0.85 %),0,0,0,0,0,0.0
13/08/2008,-40000,-1448000000,36.2(2.84 %),0,0,40000,1448000000,0,0.0
14/08/2008,1000,37200000,37.2(2.76 %),1000,37200000,0,0,0,0.0
15/08/2008,-1000,-38300000,38.3(2.96 %),0,0,1000,38300000,0,0.0
18/08/2008,-300,-12060000,40.2(4.96 %),600,24120000,900,36180000,0,0.0
19/08/2008,3200,129980000,39.2(-2.49 %),3200,129980000,0,0,0,0.0
20/08/2008,-4000,-149200000,37.3(-4.85 %),0,0,4000,149200000,0,0.0
21/08/2008,-6000,-231000000,39.1(4.83 %),0,0,6000,231000000,0,0.0
22/08/2008,270,10125000,37.5(-4.09 %),270,10125000,0,0,0,0.0
25/08/2008,-6620,-260166000,39.3(4.80 %),0,0,6620,260166000,0,0.0
26/08/2008,910,37452000,41(4.33 %),3300,135920000,2390,98468000,0,0.0
27/08/2008,1140,46810000,40(-2.44 %),1140,46810000,0,0,0,0.0
28/08/2008,-1100,-41800000,38(-5.00 %),0,0,1100,41800000,0,0.0
29/08/2008,-200,-7220000,36.2(-4.74 %),600,21660000,800,28880000,0,0.0
03/09/2008,0,0,38(4.97 %),0,0,0,0,0,0.0
04/09/2008,0,0,39.4(3.68 %),0,0,0,0,0,0.0
05/09/2008,-3000,-113100000,39.3(-0.25 %),0,0,3000,113100000,0,0.0
08/09/2008,0,0,37.5(-4.58 %),0,0,0,0,0,0.0
09/09/2008,-3500,-129250000,36.5(-2.67 %),500,18750000,4000,148000000,0,0.0
10/09/2008,-7850,-277105000,34.7(-4.93 %),70,2471000,7920,279576000,0,0.0
11/09/2008,0,0,33(-4.90 %),0,0,0,0,0,0.0
12/09/2008,-1000,-31400000,31.4(-4.85 %),0,0,1000,31400000,0,0.0
15/09/2008,0,0,32.9(4.78 %),0,0,0,0,0,0.0
16/09/2008,2640,82632000,31.3(-4.86 %),2640,82632000,0,0,0,0.0
17/09/2008,32750,1074200000,32.8(4.79 %),32750,1074200000,0,0,0,0.0
18/09/2008,28050,875160000,31.2(-4.88 %),28050,875160000,0,0,0,0.0
19/09/2008,0,0,32.7(4.81 %),0,0,0,0,0,0.0
22/09/2008,2390,81977000,34.3(4.89 %),2890,99127000,500,17150000,0,0.0
23/09/2008,0,0,34.2(-0.29 %),0,0,0,0,0,0.0
24/09/2008,6000,199200000,33(-3.51 %),6000,199200000,0,0,0,0.0
25/09/2008,-100,-3300000,33.6(1.82 %),0,0,100,3300000,0,0.0
26/09/2008,0,0,33.3(-0.89 %),0,0,0,0,0,0.0
29/09/2008,30000,963500000,32.1(-3.60 %),30000,963500000,0,0,0,0.0
30/09/2008,0,0,30.5(-4.98 %),0,0,0,0,0,0.0
01/10/2008,-250,-7125000,31(1.64 %),1000,31000000,1250,38125000,0,0.0
02/10/2008,0,0,31(0.00 %),0,0,0,0,0,0.0
03/10/2008,500,15250000,31.9(2.90 %),500,15250000,0,0,0,0.0
06/10/2008,25000,762200000,30.4(-4.70 %),25000,762200000,0,0,0,0.0
07/10/2008,11000,317900000,28.9(-4.93 %),11000,317900000,0,0,0,0.0
08/10/2008,400,11000000,27.5(-4.84 %),400,11000000,0,0,0,0.0
09/10/2008,-1780,-46636000,26.3(-4.36 %),0,0,1780,46636000,0,0.0
10/10/2008,0,0,25(-4.94 %),0,0,0,0,0,0.0
13/10/2008,-26600,-636080000,23.8(-4.80 %),400,9520000,27000,645600000,0,0.0
14/10/2008,-24600,-612540000,24.9(4.62 %),400,9960000,25000,622500000,0,0.0
15/10/2008,-25000,-641000000,25.9(4.02 %),0,0,25000,641000000,0,0.0
16/10/2008,0,0,25.3(-2.32 %),0,0,0,0,0,0.0
17/10/2008,0,0,26.5(4.74 %),0,0,0,0,0,0.0
20/10/2008,0,0,26.5(1.53 %),0,0,0,0,0,0.0
21/10/2008,0,0,26.5(0.00 %),0,0,0,0,0,0.0
22/10/2008,0,0,25.3(-4.53 %),0,0,0,0,0,0.0
23/10/2008,0,0,24.1(-4.74 %),0,0,0,0,0,0.0
24/10/2008,0,0,22.9(-4.98 %),0,0,0,0,0,0.0
27/10/2008,-370,-8066000,21.8(-4.80 %),0,0,370,8066000,0,0.0
28/10/2008,-2730,-56784000,21.7(-0.46 %),0,0,2730,56784000,0,0.0
29/10/2008,0,0,21.8(0.46 %),0,0,0,0,0,0.0
30/10/2008,0,0,21.5(-1.38 %),0,0,0,0,0,0.0
31/10/2008,0,0,22(2.33 %),0,0,0,0,0,0.0
03/11/2008,50,1105000,21.5(-2.27 %),50,1105000,0,0,0,0.0
04/11/2008,0,0,22.5(4.65 %),0,0,0,0,0,0.0
05/11/2008,0,0,23.6(4.89 %),0,0,0,0,0,0.0
06/11/2008,50,1125000,22.5(-4.66 %),50,1125000,0,0,0,0.0
07/11/2008,0,0,22(-2.22 %),0,0,0,0,0,0.0
10/11/2008,0,0,23(4.55 %),0,0,0,0,0,0.0
11/11/2008,3000,66000000,21.9(-4.78 %),3000,66000000,0,0,0,0.0
12/11/2008,0,0,21.7(-0.91 %),0,0,0,0,0,0.0
13/11/2008,0,0,21.8(0.46 %),0,0,0,0,0,0.0
14/11/2008,0,0,22.3(2.29 %),0,0,0,0,0,0.0
17/11/2008,0,0,22.2(-0.45 %),0,0,0,0,0,0.0
18/11/2008,0,0,22(-0.90 %),0,0,0,0,0,0.0
19/11/2008,-4000,-88000000,21.9(-0.45 %),0,0,4000,88000000,0,0.0
20/11/2008,-2800,-58500000,20.9(-4.57 %),200,4200000,3000,62700000,0,0.0
21/11/2008,-4130,-82600000,20(-4.31 %),0,0,4130,82600000,0,0.0
24/11/2008,-4000,-80200000,20.5(2.50 %),0,0,4000,80200000,0,0.0
25/11/2008,-3000,-60600000,21(2.44 %),0,0,3000,60600000,0,0.0
26/11/2008,0,0,20(-4.76 %),0,0,0,0,0,0.0
27/11/2008,0,0,19.1(-4.50 %),0,0,0,0,0,0.0
28/11/2008,-1320,-26400000,20(4.71 %),0,0,1320,26400000,0,0.0
01/12/2008,0,0,20.5(2.50 %),0,0,0,0,0,0.0
02/12/2008,50,1000000,20(-2.44 %),50,1000000,0,0,0,0.0
03/12/2008,0,0,19.7(-1.50 %),0,0,0,0,0,0.0
04/12/2008,0,0,20.3(3.05 %),0,0,0,0,0,0.0
05/12/2008,-2900,-56840000,19.3(-4.93 %),100,1960000,3000,58800000,0,0.0
08/12/2008,0,0,19.1(-1.04 %),0,0,0,0,0,0.0
09/12/2008,-9000,-169710000,19(-0.52 %),0,0,9000,169710000,0,0.0
10/12/2008,0,0,18.6(-2.11 %),0,0,0,0,0,0.0
11/12/2008,0,0,19.2(3.23 %),0,0,0,0,0,0.0
12/12/2008,0,0,20.1(4.69 %),0,0,0,0,0,0.0
15/12/2008,200,4210000,21.1(4.98 %),200,4210000,0,0,0,0.0
16/12/2008,0,0,20.1(-4.74 %),0,0,0,0,0,0.0
17/12/2008,0,0,19.5(-2.99 %),0,0,0,0,0,0.0
18/12/2008,0,0,20.3(4.10 %),0,0,0,0,0,0.0
19/12/2008,-400,-8160000,20.3(0.00 %),0,0,400,8160000,0,0.0
22/12/2008,-1320,-26796000,20.4(0.49 %),0,0,1320,26796000,0,0.0
23/12/2008,0,0,20.3(-0.49 %),0,0,0,0,0,0.0
24/12/2008,0,0,20.7(1.97 %),0,0,0,0,0,0.0
25/12/2008,0,0,20.6(-0.48 %),0,0,0,0,0,0.0
26/12/2008,0,0,20.5(-0.49 %),0,0,0,0,0,0.0
29/12/2008,0,0,20.8(1.46 %),0,0,0,0,0,0.0
30/12/2008,0,0,21.1(1.44 %),0,0,0,0,0,0.0
31/12/2008,0,0,20.8(-1.42 %),0,0,0,0,0,0.0
02/01/2009,0,0,21(0.96 %),0,0,0,0,3701030,15.34
05/01/2009,0,0,21.5(2.38 %),0,0,0,0,3701030,15.34
06/01/2009,0,0,22.2(3.26 %),0,0,0,0,3701030,15.34
07/01/2009,0,0,22.7(2.25 %),0,0,0,0,3701030,15.34
08/01/2009,0,0,22.7(0.00 %),0,0,0,0,3701030,15.34
09/01/2009,0,0,22.3(-1.76 %),0,0,0,0,3701030,15.34
12/01/2009,0,0,22(-1.35 %),0,0,0,0,3701030,15.34
13/01/2009,0,0,21.6(-1.82 %),0,0,0,0,3701030,15.34
14/01/2009,0,0,21.9(1.39 %),0,0,0,0,3701030,15.34
15/01/2009,-1000,-21200000,21(-4.11 %),0,0,1000,21200000,3702030,15.34
16/01/2009,-30000,-620883000,20.5(-2.38 %),0,0,30000,620883000,3732030,15.06
19/01/2009,-30000,-592291000,19.7(-3.90 %),0,0,30000,592291000,3762030,14.79
20/01/2009,-8300,-162680000,20(1.52 %),0,0,8300,162680000,3770330,14.71
21/01/2009,-25100,-495956000,19.7(-1.50 %),0,0,25100,495956000,3795430,14.49
22/01/2009,0,0,20.6(4.57 %),0,0,0,0,3795430,14.49
23/01/2009,50,1035000,21(1.94 %),50,1035000,0,0,3795380,14.49
02/02/2009,-17810,-359268000,20(-4.76 %),200,4050000,18010,363318000,3813190,14.32
03/02/2009,80,1600000,19.1(-4.50 %),80,1600000,0,0,3813110,14.33
04/02/2009,0,0,18.3(-4.19 %),0,0,0,0,3813110,14.33
05/02/2009,-1990,-36417000,18.3(0.00 %),0,0,1990,36417000,3815100,14.31
06/02/2009,-2000,-37000000,18.5(1.09 %),0,0,2000,37000000,3817100,14.29
09/02/2009,0,0,19(2.70 %),0,0,0,0,3817100,14.29
10/02/2009,0,0,18.8(-1.05 %),0,0,0,0,3817100,14.29
11/02/2009,0,0,18.2(-3.19 %),0,0,0,0,3817100,14.29
12/02/2009,0,0,18.2(0.00 %),0,0,0,0,3817100,14.29
13/02/2009,-1500,-27000000,17.6(-3.30 %),0,0,1500,27000000,3818600,14.28
16/02/2009,100,1770000,17.5(-0.57 %),100,1770000,0,0,3818500,14.28
17/02/2009,0,0,16.7(-4.57 %),0,0,0,0,3818500,14.28
18/02/2009,0,0,16.7(0.00 %),0,0,0,0,3818500,14.28
19/02/2009,0,0,17(1.80 %),0,0,0,0,3818500,14.28
20/02/2009,0,0,16.9(-0.59 %),0,0,0,0,3818500,14.28
23/02/2009,0,0,16.7(-1.18 %),0,0,0,0,3818500,14.28
24/02/2009,0,0,16.5(-1.20 %),0,0,0,0,3818500,14.28
25/02/2009,0,0,17.3(4.85 %),0,0,0,0,3818500,14.28
26/02/2009,-60300,-1000083000,16.7(-3.47 %),0,0,60300,1000083000,3878800,13.73
27/02/2009,0,0,16.8(0.60 %),0,0,0,0,3878800,13.73
02/03/2009,0,0,16.9(0.60 %),0,0,0,0,3878800,13.73
03/03/2009,0,0,16.6(-1.78 %),0,0,0,0,3878800,13.73
04/03/2009,0,0,16.6(0.00 %),0,0,0,0,3878800,13.73
05/03/2009,-2000,-33200000,16.8(1.20 %),0,0,2000,33200000,3880800,13.71
06/03/2009,0,0,16.9(0.60 %),0,0,0,0,3880800,13.71
09/03/2009,0,0,16.9(0.00 %),0,0,0,0,3880800,13.71
10/03/2009,0,0,17(0.59 %),0,0,0,0,3880800,13.71
11/03/2009,100,1700000,17(0.00 %),100,1700000,0,0,3880700,13.71
12/03/2009,0,0,16.7(-1.76 %),0,0,0,0,3880700,13.71
13/03/2009,0,0,16.7(0.00 %),0,0,0,0,3880700,13.71
16/03/2009,0,0,16.8(0.60 %),0,0,0,0,3880700,13.71
17/03/2009,0,0,17.4(3.57 %),0,0,0,0,3880700,13.71
18/03/2009,0,0,18.1(4.02 %),0,0,0,0,3880700,13.71
19/03/2009,0,0,17.2(-4.97 %),0,0,0,0,3880700,13.71
20/03/2009,0,0,17(-1.16 %),0,0,0,0,3880700,13.71
23/03/2009,0,0,16.6(-2.35 %),0,0,0,0,3880700,13.71
24/03/2009,0,0,17.2(3.61 %),0,0,0,0,3880700,13.71
25/03/2009,0,0,17.1(-0.58 %),0,0,0,0,3880700,13.71
26/03/2009,0,0,17.1(0.00 %),0,0,0,0,3880700,13.71
27/03/2009,680,11628000,17.1(0.00 %),680,11628000,0,0,3880020,13.72
30/03/2009,5000,85500000,17.1(0.00 %),5000,85500000,0,0,3875020,13.76
31/03/2009,-3000,-53700000,17.9(4.68 %),0,0,3000,53700000,3878020,13.73
01/04/2009,0,0,18.7(4.47 %),0,0,0,0,3878020,13.73
02/04/2009,0,0,19.6(4.81 %),0,0,0,0,3878020,13.73
03/04/2009,-5000,-102500000,20.5(4.59 %),0,0,5000,102500000,3883020,13.69
07/04/2009,0,0,20.3(-0.98 %),0,0,0,0,3883020,13.69
08/04/2009,0,0,19.3(-4.93 %),0,0,0,0,3883020,13.69
09/04/2009,-7000,-134400000,18.5(-4.15 %),0,0,7000,134400000,3890020,13.63
10/04/2009,-24550,-476270000,19.4(4.86 %),0,0,24550,476270000,3914570,13.4
13/04/2009,2120,43036000,20.3(4.64 %),2120,43036000,0,0,3912450,13.42
14/04/2009,-1000,-20500000,20.3(0.00 %),0,0,1000,20500000,3913450,13.41
15/04/2009,-400,-9560000,19.5(-3.94 %),2400,47000000,2800,56560000,3913850,13.41
16/04/2009,-23110,-472200000,20.4(4.62 %),1890,37800000,25000,510000000,3936960,13.2
17/04/2009,-25000,-535000000,21.4(4.90 %),0,0,25000,535000000,3961960,12.97
20/04/2009,0,0,20.4(-4.67 %),0,0,0,0,3961960,12.97
21/04/2009,-8510,-172278000,20.5(0.49 %),0,0,8510,172278000,3970470,12.89
22/04/2009,-3270,-70285000,21.3(3.90 %),0,0,3270,70285000,3973740,12.86
23/04/2009,-1220,-25986000,20.3(-4.69 %),100,2130000,1320,28116000,3974960,12.85
24/04/2009,0,0,19.3(-4.93 %),0,0,0,0,3974960,12.85
27/04/2009,-900,-16920000,18.5(-4.15 %),0,0,900,16920000,3975860,12.85
28/04/2009,-4830,-91770000,18.9(2.16 %),0,0,4830,91770000,3980690,12.8
29/04/2009,21010,401404000,19.7(4.23 %),21010,401404000,0,0,3959680,12.99
04/05/2009,-2670,-55002000,20.6(4.57 %),0,0,2670,55002000,3962350,12.97
05/05/2009,0,0,21.6(4.85 %),0,0,0,0,3962350,12.97
06/05/2009,49600,1051460000,20.6(-4.63 %),50000,1059700000,400,8240000,3912750,13.42
07/05/2009,47110,1016004000,21.6(4.85 %),50000,1078428000,2890,62424000,3865640,13.85
08/05/2009,1000,22000000,21.6(0.00 %),1000,22000000,0,0,3864640,13.86
11/05/2009,-1890,-40824000,21.9(1.39 %),0,0,1890,40824000,3866530,13.84
12/05/2009,-3500,-78550000,22.9(4.57 %),500,11450000,4000,90000000,3870030,13.81
13/05/2009,500,12000000,24(4.80 %),500,12000000,0,0,3869530,13.81
14/05/2009,-1200,-30240000,25.2(5.00 %),0,0,1200,30240000,3870730,13.8
15/05/2009,0,0,26.4(4.76 %),0,0,0,0,3870730,13.8
18/05/2009,0,0,27.7(4.92 %),0,0,0,0,3870730,13.8
19/05/2009,0,0,29(4.69 %),0,0,0,0,3870730,13.8
20/05/2009,0,0,30.4(4.83 %),0,0,0,0,3870730,13.8
21/05/2009,-2330,-74327000,31.9(4.93 %),0,0,2330,74327000,3873060,13.78
22/05/2009,-39570,-1203478000,30.4(-4.70 %),80,2432000,39650,1205910000,3912630,13.42
25/05/2009,350,11165000,31.9(4.93 %),350,11165000,0,0,3912280,13.42
26/05/2009,4100,125670000,30.8(-3.45 %),4100,125670000,0,0,3908180,13.46
27/05/2009,0,0,29.6(-3.90 %),0,0,0,0,3908180,13.46
28/05/2009,-2700,-79700000,31(4.73 %),0,0,2700,79700000,3910880,13.44
29/05/2009,0,0,32.5(4.84 %),0,0,0,0,3910880,13.44
01/06/2009,0,0,34.1(4.92 %),0,0,0,0,3910880,13.44
02/06/2009,-1000,-35800000,35.8(4.99 %),0,0,1000,35800000,3911880,13.43
03/06/2009,0,0,37.5(4.75 %),0,0,0,0,3911880,13.43
04/06/2009,-25400,-998220000,39.3(4.80 %),0,0,25400,998220000,3937280,13.2
05/06/2009,-18500,-762200000,41.2(4.83 %),0,0,18500,762200000,3955780,13.03
08/06/2009,-400,-17280000,43.2(4.85 %),100,4320000,500,21600000,3956180,13.02
09/06/2009,-17490,-783632000,44.4(2.78 %),1010,45168000,18500,828800000,3973670,12.87
10/06/2009,0,0,42.2(-4.95 %),0,0,0,0,3973670,12.87
11/06/2009,200,6520000,32.6(-22.75 %),200,6520000,0,0,3973470,12.87
12/06/2009,1120,38304000,33(1.23 %),1120,38304000,0,0,3972350,12.88
15/06/2009,0,0,31.4(-4.85 %),0,0,0,0,3972350,12.88
16/06/2009,0,0,29.9(-4.78 %),0,0,0,0,3972350,12.88
17/06/2009,0,0,28.5(-4.68 %),0,0,0,0,3972350,12.88
18/06/2009,200,5600000,27.5(-3.51 %),200,5600000,0,0,3972150,12.88
19/06/2009,-37060,-971813000,26.3(-4.36 %),0,0,37060,971813000,4009210,12.54
22/06/2009,25000,625000000,25(-4.94 %),25000,625000000,0,0,3984210,12.77
23/06/2009,50300,1197140000,23.8(-4.80 %),50300,1197140000,0,0,3933910,13.23
24/06/2009,450,11205000,24.9(4.62 %),500,12450000,50,1245000,3933460,13.23
25/06/2009,350,9135000,26.1(4.82 %),450,11745000,100,2610000,3933110,13.23
26/06/2009,1000,27000000,26.7(2.30 %),1000,27000000,0,0,3932110,13.24
29/06/2009,100,2670000,26.8(0.37 %),100,2670000,0,0,3932010,13.24
30/06/2009,10700,272910000,25.5(-4.85 %),10700,272910000,0,0,3921310,13.34
01/07/2009,38180,927764000,24.3(-4.71 %),38280,930204000,100,2440000,3883130,13.69
02/07/2009,0,0,25.5(4.94 %),0,0,0,0,3883130,13.69
03/07/2009,0,0,26.2(2.75 %),0,0,0,0,3883130,13.69
06/07/2009,200,5400000,27.5(4.96 %),200,5400000,0,0,3881730,13.7
07/07/2009,1000,27800000,27.8(1.09 %),1000,27800000,0,0,3881930,13.7
08/07/2009,0,0,27.7(-0.36 %),0,0,0,0,3881930,13.7
09/07/2009,0,0,26.7(-3.61 %),0,0,0,0,3881930,13.7
10/07/2009,0,0,26.7(0.00 %),0,0,0,0,3881930,13.7
13/07/2009,0,0,25.8(-3.37 %),0,0,0,0,3881930,13.7
14/07/2009,0,0,25.5(-1.16 %),0,0,0,0,3881930,13.7
15/07/2009,0,0,26(1.96 %),0,0,0,0,3881930,13.7
16/07/2009,0,0,26.2(0.77 %),0,0,0,0,3881930,13.7
17/07/2009,700,18130000,24.9(-4.96 %),700,18130000,0,0,3881230,13.71
20/07/2009,0,0,24.6(-1.20 %),0,0,0,0,3881230,13.71
21/07/2009,0,0,25.3(2.85 %),0,0,0,0,3881230,13.71
22/07/2009,0,0,25.3(0.00 %),0,0,0,0,3881230,13.71
23/07/2009,0,0,26(2.77 %),0,0,0,0,3881230,13.71
24/07/2009,-8040,-219492000,27.3(5.00 %),0,0,8040,219492000,3889270,13.63
27/07/2009,440,11882000,28(2.56 %),540,14742000,100,2860000,3888830,13.64
28/07/2009,-700,-19250000,27(-3.57 %),0,0,700,19250000,3889530,13.63
29/07/2009,-100,-2700000,26.2(-2.96 %),0,0,100,2700000,3889630,13.63
30/07/2009,0,0,26.5(1.15 %),0,0,0,0,3889630,13.63
31/07/2009,0,0,26.5(0.00 %),0,0,0,0,3889630,13.63
03/08/2009,0,0,26.5(0.00 %),0,0,0,0,3889630,13.63
04/08/2009,0,0,27.2(2.64 %),0,0,0,0,3889630,13.63
05/08/2009,1650,44595000,27.3(0.37 %),1650,44595000,0,0,3887980,13.64
06/08/2009,0,0,28.6(4.76 %),0,0,0,0,3887980,13.64
07/08/2009,0,0,30(4.90 %),0,0,0,0,3887980,13.64
10/08/2009,-1000,-31500000,31.5(5.00 %),0,0,1000,31500000,3888980,13.64
11/08/2009,-800,-26400000,33(4.76 %),0,0,800,26400000,3889780,13.63
12/08/2009,-600,-20760000,34.6(4.85 %),0,0,600,20760000,3890380,13.62
13/08/2009,-1250,-44900000,34.2(-1.16 %),250,8650000,1500,53550000,3891630,13.61
14/08/2009,1230,40590000,32.7(-4.39 %),1260,41580000,30,990000,3890400,13.62
17/08/2009,540,17280000,32(-2.14 %),540,17280000,0,0,3889860,13.63
18/08/2009,0,0,33.6(5.00 %),0,0,0,0,3889860,13.63
19/08/2009,0,0,35.2(4.76 %),0,0,0,0,3889860,13.63
20/08/2009,-310,-11430000,36.9(4.83 %),0,0,310,11430000,3890170,13.62
21/08/2009,6000,214500000,35.1(-4.88 %),6000,214500000,0,0,3884170,13.68
24/08/2009,5000,176000000,35(-0.28 %),6000,210300000,1000,34300000,3879170,13.72
25/08/2009,9000,315000000,34.9(-0.29 %),9000,315000000,0,0,3870170,13.81
26/08/2009,-60,-2148000,35.6(2.01 %),0,0,60,2148000,3870230,13.81
27/08/2009,0,0,37.2(4.49 %),0,0,0,0,3870230,13.81
28/08/2009,0,0,37.5(0.81 %),0,0,0,0,3870230,22.6
31/08/2009,0,0,37.7(0.53 %),0,0,0,0,3870230,22.6
01/09/2009,-3060,-113346000,37.1(-1.59 %),0,0,3060,113346000,3873290,22.58
03/09/2009,-5000,-179500000,35.7(-3.77 %),0,0,5000,179500000,3878290,22.54
04/09/2009,19980,722262000,36.3(1.68 %),30000,1093000000,10020,370738000,3858310,22.68
07/09/2009,18000,661500000,37(1.93 %),18000,661500000,0,0,3840310,22.8
08/09/2009,0,0,37.7(1.89 %),0,0,0,0,3840310,22.8
09/09/2009,-100,-3780000,37.2(-1.33 %),0,0,100,3780000,3840410,22.8
10/09/2009,-60,-2232000,37.2(0.00 %),0,0,60,2232000,3840470,22.8
11/09/2009,-5000,-195000000,39(4.84 %),0,0,5000,195000000,3845470,22.77
14/09/2009,-6290,-257203000,40.9(4.87 %),0,0,6290,257203000,3851760,22.73
15/09/2009,0,0,39.4(-3.67 %),0,0,0,0,3851760,22.73
16/09/2009,0,0,37.8(-4.06 %),0,0,0,0,3851760,22.73
17/09/2009,0,0,37.8(0.00 %),0,0,0,0,3851760,22.73
18/09/2009,-130,-4875000,37.9(0.26 %),0,0,130,4875000,3855990,22.7
21/09/2009,-3970,-150445000,38.4(1.32 %),30,1155000,4000,151600000,3855860,22.7
22/09/2009,40,1520000,40.3(4.95 %),40,1520000,0,0,3855820,22.7
23/09/2009,-29000,-1149000000,39(-3.23 %),0,0,29000,1149000000,3884820,22.5
24/09/2009,-30,-1155000,38.5(-1.28 %),0,0,30,1155000,3884850,22.5
25/09/2009,0,0,38.6(0.26 %),0,0,0,0,3884850,33.21
28/09/2009,0,0,38.4(-0.52 %),0,0,0,0,3884850,33.21
29/09/2009,-81000,-3264000000,40.3(4.95 %),0,0,81000,3264000000,3966390,21.94
30/09/2009,0,0,39.1(-2.98 %),0,0,0,0,3966390,21.94
01/10/2009,-250,-9575000,38(-2.81 %),0,0,250,9575000,3966640,21.94
02/10/2009,0,0,36.3(-4.47 %),0,0,0,0,3966640,21.94
05/10/2009,0,0,37.6(3.58 %),0,0,0,0,3966640,21.94
06/10/2009,0,0,37.4(-0.53 %),0,0,0,0,3966640,21.94
07/10/2009,-19000,-744800000,39.2(4.81 %),0,0,19000,744800000,3985640,21.81
08/10/2009,500,19500000,38.8(-1.02 %),500,19500000,0,0,3985140,21.82
09/10/2009,0,0,39.7(2.32 %),0,0,0,0,3985140,21.82
12/10/2009,2050,84050000,41.6(4.79 %),2050,84050000,0,0,3983090,21.83
13/10/2009,200,8500000,41.5(-0.24 %),200,8500000,0,0,3982890,21.83
14/10/2009,0,-3000,43.5(4.82 %),30,1227000,30,1230000,3982890,21.83
15/10/2009,100,4300000,42.7(-1.84 %),100,4300000,0,0,3982790,21.83
16/10/2009,1510,61910000,41(-3.98 %),1510,61910000,0,0,3981280,21.84
19/10/2009,-2050,-83025000,40(-2.44 %),0,0,2050,83025000,3983330,21.83
20/10/2009,-30,-1230000,40.4(1.00 %),0,0,30,1230000,3983360,21.83
21/10/2009,40,1636000,40.9(1.24 %),40,1636000,0,0,3983320,21.83
22/10/2009,1000,41400000,41.2(0.73 %),1000,41400000,0,0,3982320,21.83
23/10/2009,-2950,-121805000,41(-0.49 %),0,0,2950,121805000,3985270,21.81
26/10/2009,0,0,39.5(-3.66 %),0,0,0,0,3985270,21.81
27/10/2009,0,0,37.7(-4.56 %),0,0,0,0,3985270,21.81
28/10/2009,0,0,37.7(0.00 %),0,0,0,0,3985270,21.81
29/10/2009,0,0,36.3(-3.71 %),0,0,0,0,3985270,21.81
30/10/2009,0,0,37.3(2.75 %),0,0,0,0,3985270,21.81
02/11/2009,0,0,35.5(-4.83 %),0,0,0,0,3985270,21.81
03/11/2009,11020,374021000,34(-4.23 %),11020,374021000,0,0,3974250,21.89
04/11/2009,-1000,-34000000,35.3(3.82 %),0,0,1000,34000000,3975250,21.88
05/11/2009,0,0,35.4(0.28 %),0,0,0,0,3975250,21.88
06/11/2009,4000,142800000,34.8(-1.69 %),4000,142800000,0,0,3971250,21.91
09/11/2009,550,18260000,33.1(-4.89 %),550,18260000,0,0,3970700,21.91
10/11/2009,200,6400000,31.5(-4.83 %),200,6400000,0,0,3970500,21.92
11/11/2009,0,0,32(1.59 %),0,0,0,0,3970500,21.92
12/11/2009,0,0,33.6(5.00 %),0,0,0,0,3970500,21.92
13/11/2009,2100,68670000,33.8(0.60 %),2100,68670000,0,0,3968400,21.93
16/11/2009,0,0,33.6(-0.59 %),0,0,0,0,3968400,21.93
17/11/2009,-400,-13520000,33.7(0.30 %),0,0,400,13520000,3968800,21.93
18/11/2009,0,0,33.8(0.30 %),0,0,0,0,3968800,21.93
19/11/2009,-200,-6920000,34.6(2.37 %),0,0,200,6920000,3969000,21.93
20/11/2009,1800,59400000,33.5(-3.18 %),1800,59400000,0,0,3967200,21.94
23/11/2009,-2250,-75600000,32.7(-2.39 %),0,0,2250,75600000,3969450,21.92
24/11/2009,200,6540000,32.4(-0.92 %),200,6540000,0,0,3969250,21.92
25/11/2009,0,0,30.8(-4.94 %),0,0,0,0,3969250,21.92
26/11/2009,0,0,29.3(-4.87 %),0,0,0,0,3969250,21.92
27/11/2009,-650,-18135000,29.2(-0.34 %),1250,34875000,1900,53010000,3969900,21.92
30/11/2009,0,0,29.5(1.03 %),0,0,0,0,3969900,21.92
01/12/2009,0,0,30.5(3.39 %),0,0,0,0,3969900,21.92
02/12/2009,0,0,29.2(-4.26 %),0,0,0,0,3969900,21.92
03/12/2009,0,0,28.3(-3.08 %),0,0,0,0,3969900,21.92
04/12/2009,400,11400000,28.5(0.71 %),400,11400000,0,0,3969500,21.92
07/12/2009,1500,42850000,28.5(0.00 %),1500,42850000,0,0,3968000,21.93
08/12/2009,0,0,29.6(3.86 %),0,0,0,0,3968000,21.93
09/12/2009,0,0,28.2(-4.73 %),0,0,0,0,3968000,21.93
10/12/2009,0,0,26.9(-4.61 %),0,0,0,0,3968000,21.93
11/12/2009,500,12800000,25.6(-4.83 %),500,12800000,0,0,3967500,21.94
14/12/2009,0,0,26.8(4.69 %),0,0,0,0,3967500,21.94
15/12/2009,0,0,26(-2.99 %),0,0,0,0,3967500,21.94
16/12/2009,550,13640000,24.9(-4.23 %),550,13640000,0,0,3966950,21.94
17/12/2009,0,0,24(-3.61 %),0,0,0,0,3966950,21.94
18/12/2009,400,10080000,25.2(5.00 %),400,10080000,0,0,3966550,21.94
21/12/2009,680,17952000,26.4(4.76 %),680,17952000,0,0,3965870,21.95
22/12/2009,4700,123020000,26.2(-0.76 %),4700,123020000,0,0,3961170,21.98
23/12/2009,0,0,26.6(1.53 %),0,0,0,0,3961170,21.98
24/12/2009,0,0,26.6(0.00 %),0,0,0,0,3961170,21.98
25/12/2009,0,0,27.9(4.89 %),0,0,0,0,3961170,21.98
28/12/2009,0,0,28.5(2.15 %),0,0,0,0,3961170,21.98
29/12/2009,0,0,28.5(0.00 %),0,0,0,0,3961170,21.98
30/12/2009,0,0,29.5(3.51 %),0,0,0,0,3961170,21.98
31/12/2009,0,0,30.5(3.39 %),0,0,0,0,3961170,21.98
04/01/2010,0,0,32(4.92 %),0,0,0,0,3961170,21.98
05/01/2010,0,0,33.4(4.38 %),0,0,0,0,3961170,21.98
06/01/2010,-1000,-32400000,33(-1.20 %),0,0,1000,32400000,3962170,21.97
07/01/2010,0,0,34.6(4.85 %),0,0,0,0,3962170,21.97
08/01/2010,0,0,32.9(-4.91 %),0,0,0,0,3962170,21.97
11/01/2010,0,0,31.5(-4.26 %),0,0,0,0,3962170,21.97
12/01/2010,0,0,30.5(-3.17 %),0,0,0,0,3962170,21.97
13/01/2010,500,15250000,30.5(0.00 %),500,15250000,0,0,3961670,21.98
14/01/2010,0,0,31.3(2.62 %),0,0,0,0,3961670,21.98
15/01/2010,0,0,30.5(-2.56 %),0,0,0,0,3961670,21.98
18/01/2010,0,0,29(-4.92 %),0,0,0,0,3961670,21.98
19/01/2010,0,0,29.2(0.69 %),0,0,0,0,3961670,21.98
20/01/2010,0,0,28.7(-1.71 %),0,0,0,0,3961670,21.98
21/01/2010,500,14200000,28(-2.44 %),500,14200000,0,0,3961170,21.98
22/01/2010,0,0,28(0.00 %),0,0,0,0,3961170,21.98
25/01/2010,0,0,29(3.57 %),0,0,0,0,3961170,21.98
26/01/2010,0,0,30.4(4.83 %),0,0,0,0,3961170,21.98
27/01/2010,1000,30400000,29.9(-1.64 %),1000,30400000,0,0,3960170,21.99
28/01/2010,1500,43800000,28.6(-4.35 %),1500,43800000,0,0,3958670,22.0
29/01/2010,0,0,28.8(0.70 %),0,0,0,0,3958670,22.0
01/02/2010,-500,-14350000,29.5(2.43 %),0,0,500,14350000,3959170,21.99
02/02/2010,0,0,29.5(0.00 %),0,0,0,0,3959170,21.99
03/02/2010,0,0,29.9(1.36 %),0,0,0,0,3959170,21.99
04/02/2010,0,0,30.3(1.34 %),0,0,0,0,3959170,21.99
05/02/2010,300,8820000,29.9(-1.32 %),300,8820000,0,0,3958870,21.99
08/02/2010,1500,44250000,29.4(-1.67 %),1500,44250000,0,0,3957370,22.0
09/02/2010,-1000,-29100000,29(-1.36 %),0,0,1000,29100000,3958370,22.0
10/02/2010,1000,29000000,29.3(1.03 %),1000,29000000,0,0,3957370,22.0
11/02/2010,0,0,30(2.39 %),0,0,0,0,3957370,22.0
12/02/2010,0,0,30(0.00 %),0,0,0,0,3957370,22.0
22/02/2010,0,0,30(0.00 %),0,0,0,0,3957370,22.0
23/02/2010,0,0,30(0.00 %),0,0,0,0,3957370,22.0
24/02/2010,0,0,29.8(-0.67 %),0,0,0,0,3957370,22.0
25/02/2010,0,0,29.9(0.34 %),0,0,0,0,3957370,22.0
26/02/2010,0,0,29.6(-0.67 %),0,0,0,0,5282815,22.0
01/03/2010,-1000,-30000000,29.9(1.01 %),0,0,1000,30000000,5283815,12.96
02/03/2010,-2330,-69900000,31.2(4.35 %),0,0,2330,69900000,5286145,12.94
03/03/2010,0,0,31.7(1.60 %),0,0,0,0,5286145,12.94
04/03/2010,0,0,31.7(0.00 %),0,0,0,0,5286145,12.94
05/03/2010,0,0,31.6(-0.32 %),0,0,0,0,5286145,12.94
08/03/2010,5000,162100000,32(1.27 %),5000,162100000,0,0,5281145,12.97
09/03/2010,0,0,33.6(5.00 %),0,0,0,0,5281145,12.97
10/03/2010,0,0,34.1(1.49 %),0,0,0,0,5281145,12.97
11/03/2010,0,0,34.5(1.17 %),0,0,0,0,5281145,12.97
12/03/2010,-3000,-101700000,34(-1.45 %),0,0,3000,101700000,5284145,12.95
15/03/2010,0,0,34(0.00 %),0,0,0,0,5284145,12.95
16/03/2010,10,330000,32.5(-4.41 %),10,330000,0,0,5284135,12.95
17/03/2010,-3230,-104975000,31.8(-2.15 %),0,0,3230,104975000,5287365,12.93
18/03/2010,0,0,33(3.77 %),0,0,0,0,5287365,12.93
19/03/2010,0,0,32.5(-1.52 %),0,0,0,0,5287365,12.93
22/03/2010,0,0,31.8(-2.15 %),0,0,0,0,5287365,12.93
23/03/2010,-200,-6460000,31.7(-0.31 %),0,0,200,6460000,5287565,12.93
24/03/2010,0,0,32.6(2.84 %),0,0,0,0,5287565,12.93
25/03/2010,5800,181020000,31.1(-4.60 %),5800,181020000,0,0,5281765,12.97
26/03/2010,-960,-29856000,31.1(0.00 %),20,622000,980,30478000,5282725,12.96
29/03/2010,0,0,30.9(-0.64 %),0,0,0,0,5282725,12.96
30/03/2010,0,0,30.9(0.00 %),0,0,0,0,5282725,12.96
31/03/2010,0,0,30.9(0.00 %),0,0,0,0,5282725,12.96
01/04/2010,0,0,30.9(0.00 %),0,0,0,0,5282725,12.96
02/04/2010,5000,154500000,30.9(0.00 %),5000,154500000,0,0,5277725,13.0
05/04/2010,-5000,-162000000,32.4(4.85 %),0,0,5000,162000000,5282725,12.96
06/04/2010,-9920,-334736000,33.4(3.09 %),0,0,9920,334736000,5292645,12.9
07/04/2010,0,0,33(-1.20 %),0,0,0,0,5292645,12.9
08/04/2010,0,0,32.7(-0.91 %),0,0,0,0,5292645,12.9
09/04/2010,5000,162000000,32.4(-0.92 %),5000,162000000,0,0,5287645,12.93
12/04/2010,0,0,31.6(-2.47 %),0,0,0,0,5287645,12.93
13/04/2010,-45000,-1438104000,32(1.27 %),0,0,45000,1438104000,5332645,12.62
14/04/2010,45000,1493359000,33.5(4.69 %),50000,1660359000,5000,167000000,5287645,12.93
15/04/2010,22200,742018000,33.3(-0.60 %),22200,742018000,0,0,5265445,13.08
16/04/2010,-260,-9260000,33.3(0.00 %),5500,183700000,5760,192960000,5265705,13.08
19/04/2010,-200,-6580000,32.9(-1.20 %),0,0,200,6580000,5265905,13.08
20/04/2010,-1000,-33500000,33.5(1.82 %),0,0,1000,33500000,5266905,13.07
21/04/2010,25000,880150000,35.1(4.78 %),30000,1050150000,5000,170000000,5241905,13.24
22/04/2010,0,0,35.1(0.00 %),0,0,0,0,5241905,13.24
26/04/2010,600,21000000,35.2(0.28 %),600,21000000,0,0,5241305,13.25
27/04/2010,0,0,34.8(-1.14 %),0,0,0,0,5241305,13.25
28/04/2010,0,0,35.5(2.01 %),0,0,0,0,5241305,13.25
29/04/2010,-3890,-140403000,36.2(1.97 %),200,7180000,4090,147583000,5245195,13.22
04/05/2010,0,0,36.3(0.28 %),0,0,0,0,5245195,13.22
05/05/2010,500,18100000,36.2(-0.28 %),500,18100000,0,0,5244695,13.22
06/05/2010,-1000,-36500000,38(4.97 %),0,0,1000,36500000,5245695,13.22
07/05/2010,0,0,36.9(-2.89 %),0,0,0,0,5245695,13.22
10/05/2010,-20,-730000,35.3(-4.34 %),0,0,20,730000,5245715,13.22
11/05/2010,0,0,34.7(-1.70 %),0,0,0,0,5245715,13.22
12/05/2010,1200,39720000,33(-4.90 %),1200,39720000,0,0,5244515,13.22
13/05/2010,-500,-17112000,33(0.00 %),0,0,500,17112000,5245015,13.22
14/05/2010,1100,36300000,33.4(1.21 %),1100,36300000,0,0,5243915,13.23
17/05/2010,0,0,32.6(-2.40 %),0,0,0,0,5243915,13.23
18/05/2010,0,0,32(-1.84 %),0,0,0,0,5243915,13.23
19/05/2010,300,9300000,30.7(-4.06 %),300,9300000,0,0,5243615,13.23
20/05/2010,-1060,-32542000,31.4(2.28 %),0,0,1060,32542000,5244675,13.22
21/05/2010,0,0,29.9(-4.78 %),0,0,0,0,5244675,13.22
24/05/2010,500,14750000,29.5(-1.34 %),500,14750000,0,0,5244175,13.23
25/05/2010,0,0,29.1(-1.36 %),0,0,0,0,5244175,13.23
26/05/2010,0,0,30.1(3.44 %),0,0,0,0,5244175,13.23
27/05/2010,0,0,30.1(0.00 %),0,0,0,0,5244175,13.23
28/05/2010,30910,976756000,31.6(4.98 %),30910,976756000,0,0,5213265,13.44
31/05/2010,0,0,30.7(-2.85 %),0,0,0,0,5213265,13.44
01/06/2010,0,0,30.7(0.00 %),0,0,0,0,5213265,13.44
02/06/2010,0,0,30.6(-0.33 %),0,0,0,0,5213265,13.44
03/06/2010,0,0,30.6(0.00 %),0,0,0,0,5213265,13.44
04/06/2010,0,0,30.5(-0.33 %),0,0,0,0,5213265,13.44
07/06/2010,0,0,29.2(-4.26 %),0,0,0,0,5213265,13.44
08/06/2010,0,0,29.2(0.00 %),0,0,0,0,5213265,13.44
09/06/2010,0,0,29.3(0.34 %),0,0,0,0,5213265,13.44
10/06/2010,0,0,29.5(0.68 %),0,0,0,0,5213265,13.44
11/06/2010,0,0,29.6(0.34 %),0,0,0,0,5213265,13.44
14/06/2010,0,0,29.6(0.00 %),0,0,0,0,5213265,13.44
15/06/2010,0,0,30.1(1.69 %),0,0,0,0,5213265,13.44
16/06/2010,0,0,30.3(0.66 %),0,0,0,0,5213265,13.44
17/06/2010,0,0,30.1(-0.66 %),0,0,0,0,5213265,13.44
18/06/2010,0,0,30.4(1.00 %),0,0,0,0,5213265,13.44
21/06/2010,0,0,30(-1.32 %),0,0,0,0,5213265,13.44
22/06/2010,-29990,-917766000,30.4(1.33 %),1000,30755000,30990,948521000,5243255,13.23
23/06/2010,0,0,30.2(-0.66 %),0,0,0,0,5243255,13.23
24/06/2010,0,0,30.3(0.33 %),0,0,0,0,5243255,13.23
25/06/2010,0,0,30.2(-0.33 %),0,0,0,0,5243255,13.23
28/06/2010,0,0,30(-0.66 %),0,0,0,0,5243255,13.23
29/06/2010,0,0,29.9(-0.33 %),0,0,0,0,5243255,13.23
30/06/2010,200,5800000,29.5(-1.34 %),200,5800000,0,0,5243055,13.23
01/07/2010,200,5820000,29.1(-1.36 %),200,5820000,0,0,5242855,13.24
02/07/2010,-600,-17400000,29.1(0.00 %),0,0,600,17400000,5243455,13.23
05/07/2010,0,0,29.2(0.34 %),0,0,0,0,5243455,13.23
06/07/2010,0,0,29(-0.68 %),0,0,0,0,5243455,13.23
07/07/2010,0,0,29(0.00 %),0,0,0,0,5243455,13.23
08/07/2010,0,0,29.1(0.34 %),0,0,0,0,5243455,13.23
09/07/2010,0,0,29.2(0.34 %),0,0,0,0,5243455,13.23
12/07/2010,0,0,29.4(0.68 %),0,0,0,0,5243455,13.23
13/07/2010,0,0,29.9(1.70 %),0,0,0,0,5243455,13.23
14/07/2010,0,0,29.6(-1.00 %),0,0,0,0,5243455,13.23
15/07/2010,0,0,29.6(0.00 %),0,0,0,0,5243455,13.23
16/07/2010,0,0,30.2(2.03 %),0,0,0,0,5243455,13.23
19/07/2010,0,0,29.8(-1.32 %),0,0,0,0,5243455,13.23
20/07/2010,0,0,29.9(0.34 %),0,0,0,0,5243455,13.23
21/07/2010,-500,-15650000,31.3(4.68 %),0,0,500,15650000,5243955,13.23
22/07/2010,500,15900000,30.5(-2.56 %),500,15900000,0,0,5243455,13.23
23/07/2010,0,0,30.3(-0.66 %),0,0,0,0,5243455,13.23
26/07/2010,200,6140000,30.3(0.00 %),200,6140000,0,0,5243255,13.23
27/07/2010,0,0,30(-0.99 %),0,0,0,0,5243255,13.23
28/07/2010,0,0,29.3(-2.33 %),0,0,0,0,5243255,13.23
29/07/2010,0,0,29.7(1.37 %),0,0,0,0,5243255,13.23
30/07/2010,0,0,29.9(0.67 %),0,0,0,0,5243255,13.23
02/08/2010,0,0,30(0.33 %),0,0,0,0,5243255,13.23
03/08/2010,0,0,29.7(-1.00 %),0,0,0,0,5243255,13.23
04/08/2010,0,0,29.4(-1.01 %),0,0,0,0,5243255,13.23
05/08/2010,0,0,29.4(0.00 %),0,0,0,0,5243255,13.23
06/08/2010,0,0,29.3(-0.34 %),0,0,0,0,5243255,13.23
09/08/2010,0,0,28.8(-1.71 %),0,0,0,0,5243255,13.23
10/08/2010,0,0,28.8(0.00 %),0,0,0,0,5243255,13.23
11/08/2010,0,0,28.5(-1.04 %),0,0,0,0,5235015,13.29
12/08/2010,5090,137939000,27.1(-4.91 %),5090,137939000,0,0,5238165,13.27
13/08/2010,0,0,27.1(0.00 %),0,0,0,0,5238165,13.27
16/08/2010,2950,83485000,28.4(4.80 %),2950,83485000,0,0,5235215,13.29
17/08/2010,0,0,28(-1.41 %),0,0,0,0,5235015,13.29
18/08/2010,200,5600000,26.6(-5.00 %),200,5600000,0,0,5235015,13.29
19/08/2010,0,0,26.6(0.00 %),0,0,0,0,5235015,13.29
20/08/2010,0,0,27.4(3.01 %),0,0,0,0,5235015,13.29
23/08/2010,0,0,26.6(-2.92 %),0,0,0,0,5235015,13.29
24/08/2010,-200,-5100000,25.5(-4.14 %),0,0,200,5100000,5235215,13.29
25/08/2010,0,0,24.3(-4.71 %),0,0,0,0,5235215,13.29
26/08/2010,-6850,-165287000,23.6(-2.88 %),500,12050000,7350,177337000,5242065,13.24
27/08/2010,1000,22673000,22.6(3.20 %),1000,22673000,0,0,5241065,13.25
30/08/2010,-200,-4600000,23.7(4.87 %),0,0,200,4600000,5241265,13.25
31/08/2010,0,0,24.5(3.38 %),0,0,0,0,5241265,13.25
01/09/2010,-500,-12600000,25.2(2.86 %),0,0,500,12600000,5241765,13.24
06/09/2010,0,0,26(3.17 %),0,0,0,0,5238806,13.24
07/09/2010,0,0,25.6(-1.54 %),0,0,0,0,5241765,13.24
08/09/2010,240,6000000,24.9(-2.73 %),240,6000000,0,0,5241525,13.24
09/09/2010,0,0,25.8(3.61 %),0,0,0,0,5241525,13.24
10/09/2010,0,0,24.9(-3.49 %),0,0,0,0,5241525,13.24
13/09/2010,0,0,24.8(-0.40 %),0,0,0,0,5241525,13.24
14/09/2010,0,0,24.9(0.40 %),0,0,0,0,5241525,13.24
15/09/2010,0,0,24.5(-1.61 %),0,0,0,0,5241525,13.24
16/09/2010,-540,-13284000,24.6(0.41 %),0,0,540,13284000,5242065,13.24
17/09/2010,0,0,25.3(2.85 %),0,0,0,0,5242065,13.24
20/09/2010,0,0,25.3(0.00 %),0,0,0,0,5242065,13.24
21/09/2010,0,0,25(-1.19 %),0,0,0,0,5242065,13.24
22/09/2010,200,5020000,25(0.00 %),200,5020000,0,0,5241865,13.24
23/09/2010,500,12300000,24.9(-0.40 %),500,12300000,0,0,5241365,13.25
24/09/2010,0,0,24.9(0.00 %),0,0,0,0,5241365,13.25
27/09/2010,-400,-9920000,24.8(-0.40 %),0,0,400,9920000,5241765,13.24
28/09/2010,0,0,24.7(-0.40 %),0,0,0,0,5241765,13.24
29/09/2010,0,0,24.6(-0.40 %),0,0,0,0,5241765,13.24
30/09/2010,0,0,24.5(-0.41 %),0,0,0,0,5238806,13.24
01/10/2010,-200,-4840000,24.5(0.00 %),0,0,200,4840000,5239006,13.26
04/10/2010,0,0,24(-2.04 %),0,0,0,0,5239006,13.26
05/10/2010,-200,-4740000,24(0.00 %),0,0,200,4740000,5239206,13.26
06/10/2010,-100000,-2450000000,24.5(2.08 %),0,0,100000,2450000000,5339206,12.58
07/10/2010,-102200,-2482460000,24.2(-1.22 %),0,0,102200,2482460000,5441406,11.88
08/10/2010,0,0,24.2(0.00 %),0,0,0,0,5441406,11.88
11/10/2010,0,0,24.2(0.00 %),0,0,0,0,5441406,11.88
12/10/2010,-200000,-4800000000,23.7(-2.07 %),0,0,200000,4800000000,5641406,10.52
13/10/2010,0,0,23.8(0.42 %),0,0,0,0,5641406,10.52
14/10/2010,0,0,23.8(0.00 %),0,0,0,0,5641406,10.52
15/10/2010,0,0,23.9(0.42 %),0,0,0,0,5641406,10.52
18/10/2010,0,0,23.5(-1.67 %),0,0,0,0,5641406,10.52
19/10/2010,0,0,23.4(-0.43 %),0,0,0,0,5641406,10.52
20/10/2010,0,0,23(-1.71 %),0,0,0,0,5641406,10.52
21/10/2010,0,0,23(0.00 %),0,0,0,0,5641406,10.52
22/10/2010,0,0,22.9(-0.43 %),0,0,0,0,5641406,10.52
25/10/2010,0,0,23.6(3.06 %),0,0,0,0,5641406,10.52
26/10/2010,0,0,23.7(0.42 %),0,0,0,0,5641406,10.52
27/10/2010,0,0,23.2(-2.11 %),0,0,0,0,5641406,10.52
28/10/2010,0,0,23.9(3.02 %),0,0,0,0,5641406,10.52
29/10/2010,0,0,23.4(-2.09 %),0,0,0,0,5641406,10.52
01/11/2010,0,0,23.4(0.00 %),0,0,0,0,5641406,10.52
02/11/2010,0,0,23.2(-0.85 %),0,0,0,0,5641406,10.52
03/11/2010,0,0,23(-0.86 %),0,0,0,0,5641406,10.52
04/11/2010,0,0,23(0.00 %),0,0,0,0,5641406,10.52
05/11/2010,0,0,23.2(0.87 %),0,0,0,0,5641406,10.52
08/11/2010,0,0,23(-0.86 %),0,0,0,0,5641406,10.52
09/11/2010,0,0,23(0.00 %),0,0,0,0,5641406,10.52
10/11/2010,0,0,22.9(-0.43 %),0,0,0,0,5641406,10.52
11/11/2010,0,0,22(-3.93 %),0,0,0,0,5641406,10.52
12/11/2010,0,0,22(0.00 %),0,0,0,0,5641406,10.52
15/11/2010,0,0,21.5(-2.27 %),0,0,0,0,5641406,10.52
16/11/2010,0,0,21(-2.33 %),0,0,0,0,5641406,10.52
17/11/2010,0,0,21(0.00 %),0,0,0,0,5641406,10.52
18/11/2010,0,0,21.7(3.33 %),0,0,0,0,5641406,10.52
19/11/2010,0,0,21.7(0.00 %),0,0,0,0,5641406,10.52
22/11/2010,0,0,21.5(-0.92 %),0,0,0,0,5641406,10.52
23/11/2010,0,0,21.5(0.00 %),0,0,0,0,5641406,10.52
24/11/2010,0,0,21(-2.33 %),0,0,0,0,10045794,-11.64
25/11/2010,0,0,21(0.00 %),0,0,0,0,10045794,8.15
26/11/2010,0,0,20.7(-1.43 %),0,0,0,0,10045794,8.15
29/11/2010,-6510,-135408000,20.8(0.48 %),0,0,6510,135408000,10052304,8.13
30/11/2010,-48440,-1055992000,21.8(4.81 %),0,0,48440,1055992000,10100744,7.93
01/12/2010,0,0,21.6(-0.92 %),0,0,0,0,10100744,7.93
02/12/2010,0,0,22.3(3.24 %),0,0,0,0,10100744,7.93
03/12/2010,0,0,23.1(3.59 %),0,0,0,0,10100744,7.93
06/12/2010,-24700,-597800000,24.1(4.33 %),300,7200000,25000,605000000,10125444,7.83
07/12/2010,0,0,24(-0.41 %),0,0,0,0,10125444,7.83
08/12/2010,0,0,22.8(-5.00 %),0,0,0,0,10125444,7.83
09/12/2010,0,0,22.4(2.75 %),0,0,0,0,10125444,7.83
10/12/2010,0,0,22.7(1.34 %),0,0,0,0,10125444,7.83
13/12/2010,-30000,-703000000,23.6(3.96 %),0,0,30000,703000000,10155444,7.71
14/12/2010,0,0,23(-2.54 %),0,0,0,0,10155444,7.71
15/12/2010,0,0,22.5(-2.17 %),0,0,0,0,10155444,7.71
16/12/2010,0,0,22(-2.22 %),0,0,0,0,10155444,7.71
17/12/2010,200,4360000,23(4.55 %),200,4360000,0,0,10155244,7.71
20/12/2010,0,0,22.5(-2.17 %),0,0,0,0,10155244,7.71
21/12/2010,22520,501110000,22.6(0.44 %),22520,501110000,0,0,10132724,7.8
22/12/2010,12460,281596000,22.6(0.00 %),12460,281596000,0,0,10120264,7.85
23/12/2010,0,0,22.5(-0.44 %),0,0,0,0,10120264,7.85
24/12/2010,0,0,22.5(0.00 %),0,0,0,0,10120264,7.85
27/12/2010,0,0,22.5(0.00 %),0,0,0,0,10120264,7.85
28/12/2010,0,0,22.5(0.00 %),0,0,0,0,10120264,7.85
29/12/2010,0,0,22.2(-1.33 %),0,0,0,0,10120264,7.85
30/12/2010,190,4123000,22.2(0.00 %),190,4123000,0,0,10120074,7.85
31/12/2010,0,0,22.2(0.00 %),0,0,0,0,10120074,7.85
04/01/2011,0,0,22.2(0.00 %),0,0,0,0,10120074,7.85
05/01/2011,0,0,22.1(-0.45 %),0,0,0,0,10120074,7.85
06/01/2011,0,0,22.1(0.00 %),0,0,0,0,10120074,7.85
07/01/2011,0,0,22.1(0.00 %),0,0,0,0,10120074,7.85
10/01/2011,0,0,22.1(0.00 %),0,0,0,0,10120074,7.85
11/01/2011,50,1100000,22(-0.45 %),50,1100000,0,0,10120024,7.85
12/01/2011,0,0,22(0.00 %),0,0,0,0,10120024,7.85
13/01/2011,-20,-440000,22(0.00 %),0,0,20,440000,10120044,7.85
14/01/2011,0,0,22(0.00 %),0,0,0,0,10120044,7.86
17/01/2011,0,0,22.2(0.91 %),0,0,0,0,10120044,7.86
18/01/2011,0,0,22.2(0.00 %),0,0,0,0,10120044,7.85
19/01/2011,0,0,22(-0.90 %),0,0,0,0,10120044,7.85
20/01/2011,0,0,22.5(2.27 %),0,0,0,0,10120044,7.85
21/01/2011,0,0,22.3(-0.89 %),0,0,0,0,10120044,7.85
24/01/2011,0,0,22.4(0.45 %),0,0,0,0,10120044,7.85
25/01/2011,0,0,22(-1.79 %),0,0,0,0,10120044,7.85
26/01/2011,0,0,22(0.00 %),0,0,0,0,10120044,7.85
27/01/2011,0,0,21.8(-0.91 %),0,0,0,0,10120044,7.85
28/01/2011,0,0,22.4(2.75 %),0,0,0,0,10120044,7.85
08/02/2011,0,0,21.6(-3.57 %),0,0,0,0,10120044,7.85
09/02/2011,-1000,-21700000,21.7(0.46 %),0,0,1000,21700000,10121044,7.86
10/02/2011,0,0,22(1.38 %),0,0,0,0,10121044,7.85
11/02/2011,0,0,22(0.00 %),0,0,0,0,10121044,7.86
14/02/2011,0,0,22.1(0.45 %),0,0,0,0,10121044,7.85
15/02/2011,0,0,21.9(-0.90 %),0,0,0,0,10121044,7.85
16/02/2011,0,0,21.8(-0.46 %),0,0,0,0,10121044,7.85
17/02/2011,0,0,21.6(-0.92 %),0,0,0,0,10121044,7.85
18/02/2011,0,0,20.6(-4.63 %),0,0,0,0,10121044,7.85
21/02/2011,0,0,20(-2.91 %),0,0,0,0,10121044,7.85
22/02/2011,-400,-8240000,20(0.00 %),0,0,400,8240000,10121444,7.84
23/02/2011,0,0,19.8(-1.00 %),0,0,0,0,10121444,7.84
24/02/2011,0,0,19.8(0.00 %),0,0,0,0,10121444,7.84
25/02/2011,0,0,20(1.01 %),0,0,0,0,10121444,7.84
28/02/2011,0,0,20(0.00 %),0,0,0,0,10121444,7.84
01/03/2011,400,8000000,20(0.00 %),400,8000000,0,0,10121044,7.85
02/03/2011,0,0,19.6(-2.00 %),0,0,0,0,10121044,7.85
03/03/2011,0,0,19.5(-0.51 %),0,0,0,0,0,0.0
04/03/2011,0,0,18.9(0.00 %),0,0,0,0,0,0.0
07/03/2011,0,0,19(0.53 %),0,0,0,0,0,0.0
08/03/2011,0,0,19(0.00 %),0,0,0,0,0,0.0
09/03/2011,0,0,18.9(-0.53 %),0,0,0,0,0,0.0
10/03/2011,0,0,19.4(2.65 %),0,0,0,0,0,0.0
11/03/2011,-1100,-21560000,19(-2.06 %),0,0,1100,21560000,0,0.0
14/03/2011,0,0,18.9(-0.53 %),0,0,0,0,0,0.0
15/03/2011,0,0,19.3(2.12 %),0,0,0,0,0,0.0
16/03/2011,0,0,19(-1.55 %),0,0,0,0,10121055,7.86
17/03/2011,0,0,18.4(-3.16 %),0,0,0,0,10121055,7.86
18/03/2011,0,0,19(3.26 %),0,0,0,0,10121055,7.86
21/03/2011,0,0,19.1(0.53 %),0,0,0,0,10121055,7.86
22/03/2011,0,0,18.7(-2.09 %),0,0,0,0,10121055,7.86
23/03/2011,0,0,18.3(-2.14 %),0,0,0,0,10121055,7.86
24/03/2011,0,0,18.3(0.00 %),0,0,0,0,10121055,7.86
25/03/2011,-1300,-23790000,18.3(0.00 %),0,0,1300,23790000,10122355,7.85
28/03/2011,0,0,18.3(0.00 %),0,0,0,0,10122355,7.85
29/03/2011,0,0,18.3(0.00 %),0,0,0,0,10122355,7.85
30/03/2011,0,0,18(-1.64 %),0,0,0,0,10122355,7.85
31/03/2011,0,0,18.2(1.11 %),0,0,0,0,10122355,7.85
01/04/2011,0,0,18(-1.10 %),0,0,0,0,10123461,7.85
04/04/2011,-160,-2880000,18(0.00 %),0,0,160,2880000,10123621,7.85
05/04/2011,0,0,18(0.00 %),0,0,0,0,10123621,7.85
06/04/2011,0,0,18(0.00 %),0,0,0,0,10123621,7.85
07/04/2011,-12500,-220400000,17.5(-2.78 %),0,0,12500,220400000,10136121,7.8
08/04/2011,0,0,17.8(1.71 %),0,0,0,0,10136121,7.8
13/04/2011,0,0,17.7(-0.56 %),0,0,0,0,10136121,7.8
14/04/2011,0,0,17.5(-1.13 %),0,0,0,0,10136121,7.8
15/04/2011,0,0,17.7(1.14 %),0,0,0,0,10136121,7.8
18/04/2011,0,0,17.5(-1.13 %),0,0,0,0,10136121,7.8
19/04/2011,0,0,17.3(-1.14 %),0,0,0,0,10136121,7.8
20/04/2011,130,2249000,17.3(0.00 %),130,2249000,0,0,10135991,7.8
21/04/2011,0,0,17.2(-0.58 %),0,0,0,0,10135991,7.8
22/04/2011,0,0,17.2(0.00 %),0,0,0,0,10135991,7.8
25/04/2011,0,0,17.2(0.00 %),0,0,0,0,10135991,7.8
26/04/2011,0,0,17.2(0.00 %),0,0,0,0,10135991,7.8
27/04/2011,0,0,17.2(0.00 %),0,0,0,0,10135991,7.8
28/04/2011,0,0,17.1(-0.58 %),0,0,0,0,10135991,7.8
29/04/2011,0,0,17.1(0.00 %),0,0,0,0,10135991,7.8
04/05/2011,0,0,17.2(0.58 %),0,0,0,0,10135991,7.8
05/05/2011,0,0,17.1(-0.58 %),0,0,0,0,10135991,7.8
06/05/2011,-4370,-74290000,17.1(0.00 %),0,0,4370,74290000,10140361,7.78
09/05/2011,0,0,17.1(0.00 %),0,0,0,0,10140361,7.78
10/05/2011,0,0,17.1(0.00 %),0,0,0,0,10140361,7.78
11/05/2011,0,0,17.1(0.00 %),0,0,0,0,10140361,7.78
12/05/2011,-3390,-57630000,17(-0.58 %),0,0,3390,57630000,10143751,7.77
13/05/2011,-3470,-58990000,17(0.00 %),0,0,3470,58990000,10147221,7.75
16/05/2011,0,0,17(0.00 %),0,0,0,0,10147221,7.75
17/05/2011,0,0,16.9(-0.59 %),0,0,0,0,10147221,7.75
18/05/2011,0,0,16.8(-0.59 %),0,0,0,0,10147221,7.75
19/05/2011,0,0,16.6(-1.19 %),0,0,0,0,10147221,7.75
20/05/2011,2600,43160000,16.4(-1.20 %),2600,43160000,0,0,10144621,7.76
23/05/2011,0,0,16.2(-1.22 %),0,0,0,0,10144621,7.76
24/05/2011,0,0,15.4(-4.94 %),0,0,0,0,10144621,7.76
25/05/2011,0,0,14.7(-4.55 %),0,0,0,0,10144621,7.76
26/05/2011,-3260,-49769000,15.4(4.76 %),0,0,3260,49769000,10147881,7.75
27/05/2011,0,0,16(3.90 %),0,0,0,0,10147881,7.75
30/05/2011,0,0,15.2(-5.00 %),0,0,0,0,10147881,7.75
31/05/2011,0,0,15.8(3.95 %),0,0,0,0,10147881,7.75
01/06/2011,0,0,16(1.27 %),0,0,0,0,10147881,7.75
02/06/2011,0,0,16(0.00 %),0,0,0,0,10147881,7.75
03/06/2011,0,0,15.5(-3.12 %),0,0,0,0,10147881,7.75
06/06/2011,330,5247000,15.6(0.65 %),330,5247000,0,0,10147551,7.75
07/06/2011,0,0,15.6(0.00 %),0,0,0,0,10147551,7.75
08/06/2011,0,0,15.6(0.00 %),0,0,0,0,10147551,7.75
09/06/2011,0,0,15.6(0.00 %),0,0,0,0,10147551,7.75
10/06/2011,0,0,15.7(0.64 %),0,0,0,0,10147551,7.75
13/06/2011,0,0,15.7(0.00 %),0,0,0,0,10147551,7.75
14/06/2011,0,0,15.4(-1.91 %),0,0,0,0,10147551,7.75
15/06/2011,0,0,15(-2.60 %),0,0,0,0,10147551,7.75
16/06/2011,0,0,15.3(2.00 %),0,0,0,0,10147551,7.75
17/06/2011,-80,-1140000,14.7(-3.92 %),130,1989000,210,3129000,10147631,7.75
20/06/2011,0,0,14.9(1.36 %),0,0,0,0,10147631,7.75
21/06/2011,0,0,15(0.67 %),0,0,0,0,10147631,7.75
22/06/2011,0,0,15(0.00 %),0,0,0,0,10147631,7.75
23/06/2011,0,0,15(0.00 %),0,0,0,0,10147631,7.75
24/06/2011,0,0,15(0.00 %),0,0,0,0,10147631,7.75
27/06/2011,0,0,14.9(-0.67 %),0,0,0,0,10147631,7.75
28/06/2011,0,0,14.9(0.00 %),0,0,0,0,10147631,7.75
29/06/2011,0,0,14.8(-0.67 %),0,0,0,0,10147631,7.75
30/06/2011,0,0,15(1.35 %),0,0,0,0,10147631,7.75
01/07/2011,0,0,14.9(-0.67 %),0,0,0,0,10147631,7.75
04/07/2011,0,0,14.8(-0.67 %),0,0,0,0,10147631,7.75
05/07/2011,-24000,-338400000,14.4(-2.70 %),0,0,24000,338400000,10171631,7.65
06/07/2011,0,0,14.1(-2.08 %),0,0,0,0,10171631,7.65
07/07/2011,-1340,-19598000,14(-0.71 %),0,0,1340,19598000,10172971,7.65
08/07/2011,0,0,13.9(-0.71 %),0,0,0,0,10172971,7.65
11/07/2011,0,0,13.9(0.00 %),0,0,0,0,10172971,7.65
12/07/2011,0,0,14(0.72 %),0,0,0,0,10172971,7.65
13/07/2011,0,0,14.5(3.57 %),0,0,0,0,10172971,7.65
14/07/2011,0,0,14.5(0.00 %),0,0,0,0,10172971,7.65
15/07/2011,0,0,14.2(-2.07 %),0,0,0,0,10172971,7.65
18/07/2011,0,0,14.2(0.00 %),0,0,0,0,10172971,7.65
19/07/2011,0,0,14.3(0.70 %),0,0,0,0,10172971,7.65
20/07/2011,0,0,14.3(0.00 %),0,0,0,0,10172971,7.65
21/07/2011,0,0,14(-2.10 %),0,0,0,0,10172971,7.65
22/07/2011,600,8520000,14.2(1.43 %),600,8520000,0,0,10172371,7.65
25/07/2011,0,0,14.3(0.70 %),0,0,0,0,10172371,7.65
26/07/2011,0,0,14.2(-0.70 %),0,0,0,0,10172371,7.65
27/07/2011,0,0,13.9(-2.11 %),0,0,0,0,10172371,7.65
28/07/2011,0,0,14(0.72 %),0,0,0,0,10172371,7.65
29/07/2011,0,0,14.1(0.71 %),0,0,0,0,10172371,7.65
01/08/2011,0,0,14.1(0.00 %),0,0,0,0,10172371,7.65
02/08/2011,-1350,-19035000,14.1(0.00 %),0,0,1350,19035000,10173721,7.64
03/08/2011,0,0,13.8(1.47 %),0,0,0,0,10173721,7.64
04/08/2011,0,0,13.9(0.72 %),0,0,0,0,10173721,7.64
05/08/2011,0,0,13.9(0.00 %),0,0,0,0,10173721,7.64
08/08/2011,0,0,13.8(-0.72 %),0,0,0,0,10173721,7.64
09/08/2011,0,0,13.3(-3.62 %),0,0,0,0,10173721,7.64
10/08/2011,0,0,13.6(2.26 %),0,0,0,0,10173721,7.64
11/08/2011,0,0,13.5(-0.74 %),0,0,0,0,10173721,7.64
12/08/2011,0,0,13.6(0.74 %),0,0,0,0,10173721,7.64
15/08/2011,0,0,13.6(0.00 %),0,0,0,0,10173721,7.64
16/08/2011,0,0,13.6(0.00 %),0,0,0,0,10173721,7.64
17/08/2011,-10000,-136000000,13.6(0.00 %),0,0,10000,136000000,10183721,7.6
18/08/2011,-52000,-684706000,13.5(-0.74 %),0,0,52000,684706000,10235721,7.39
19/08/2011,0,0,13.5(0.00 %),0,0,0,0,10235721,7.39
22/08/2011,0,0,14(3.70 %),0,0,0,0,10235721,7.39
23/08/2011,0,0,14(0.00 %),0,0,0,0,10235721,7.39
24/08/2011,0,0,14(0.00 %),0,0,0,0,10235721,7.39
25/08/2011,0,0,13.9(-0.71 %),0,0,0,0,10235721,7.39
26/08/2011,0,0,14(0.72 %),0,0,0,0,10235721,7.39
29/08/2011,0,0,14(0.00 %),0,0,0,0,10235721,7.39
30/08/2011,0,0,14(0.00 %),0,0,0,0,10235721,7.39
31/08/2011,0,0,14(0.00 %),0,0,0,0,10235721,7.39
01/09/2011,0,0,13.9(-0.71 %),0,0,0,0,10235721,7.39
05/09/2011,100,1380000,13.9(0.00 %),100,1380000,0,0,10235621,7.39
06/09/2011,0,0,13.9(0.00 %),0,0,0,0,10235621,7.39
07/09/2011,-1000,-13700000,14(0.72 %),0,0,1000,13700000,10236621,7.39
08/09/2011,0,0,14.4(2.86 %),0,0,0,0,10236621,7.39
09/09/2011,0,0,14.4(0.00 %),0,0,0,0,10236621,7.39
12/09/2011,0,0,14.7(2.08 %),0,0,0,0,10236621,7.39
13/09/2011,0,0,15(2.04 %),0,0,0,0,10236621,7.39
14/09/2011,0,0,15(0.00 %),0,0,0,0,10236621,7.39
15/09/2011,0,0,14.9(-0.67 %),0,0,0,0,10236621,7.39
16/09/2011,0,0,14.4(-3.36 %),0,0,0,0,10236621,7.39
19/09/2011,100,1400000,14.6(1.39 %),100,1400000,0,0,10236521,7.39
20/09/2011,0,0,14.6(0.00 %),0,0,0,0,10236521,7.39
21/09/2011,0,0,14.5(-0.68 %),0,0,0,0,10236521,7.39
22/09/2011,0,0,14.6(0.69 %),0,0,0,0,10236521,7.39
23/09/2011,-8060,-112784000,14.5(-0.68 %),0,0,8060,112784000,10244581,7.36
26/09/2011,0,0,14(-3.45 %),0,0,0,0,10244581,7.36
27/09/2011,0,0,14.3(2.14 %),0,0,0,0,10244581,7.36
28/09/2011,0,0,14.6(2.10 %),0,0,0,0,10244581,7.36
29/09/2011,0,0,14.6(0.00 %),0,0,0,0,10244581,7.36
30/09/2011,0,0,14.5(-0.68 %),0,0,0,0,10244581,7.36
03/10/2011,-680,-9492000,13.9(-4.14 %),0,0,680,9492000,10244581,7.36
04/10/2011,0,0,13.9(0.00 %),0,0,0,0,10244581,7.36
05/10/2011,0,0,14(0.72 %),0,0,0,0,10244581,7.36
06/10/2011,0,0,14(0.00 %),0,0,0,0,10244581,7.36
07/10/2011,0,0,14(0.00 %),0,0,0,0,10244581,7.36
10/10/2011,0,0,14(0.00 %),0,0,0,0,10244581,7.36
11/10/2011,0,0,13.9(-0.71 %),0,0,0,0,10244581,7.36
12/10/2011,0,0,13.8(-0.72 %),0,0,0,0,10244581,7.36
13/10/2011,0,0,13.8(0.00 %),0,0,0,0,10244581,7.36
14/10/2011,0,0,13.8(0.00 %),0,0,0,0,10244581,7.36
17/10/2011,0,0,13.8(0.00 %),0,0,0,0,10244581,7.36
18/10/2011,-12550,-170630000,13.7(-0.72 %),500,6850000,13050,177480000,10257131,7.3
19/10/2011,0,0,13.7(0.00 %),0,0,0,0,10257131,7.3
20/10/2011,0,0,13.7(0.00 %),0,0,0,0,10257131,7.3
21/10/2011,0,0,13.7(0.00 %),0,0,0,0,10257131,7.3
24/10/2011,0,0,13.7(0.00 %),0,0,0,0,10257131,7.3
25/10/2011,0,0,13.8(0.73 %),0,0,0,0,10257131,7.3
26/10/2011,0,0,13.7(-0.72 %),0,0,0,0,10257131,7.3
27/10/2011,0,0,13.6(-0.73 %),0,0,0,0,10257131,7.3
28/10/2011,0,0,13.7(0.74 %),0,0,0,0,10257131,7.3
31/10/2011,-500,-6850000,13.9(1.46 %),0,0,500,6850000,10257631,7.3
01/11/2011,0,0,13.7(-1.44 %),0,0,0,0,10257811,7.3
02/11/2011,-84960,-1122059000,13.1(-4.38 %),0,0,84960,1122059000,10342771,6.96
03/11/2011,-56380,-706811000,12.5(-4.58 %),0,0,56380,706811000,10399151,6.73
04/11/2011,-151690,-1815690000,12.3(-1.60 %),0,0,151690,1815690000,10550841,6.11
07/11/2011,-29630,-346671000,11.7(-4.88 %),1360,15912000,30990,362583000,10580471,5.99
08/11/2011,-25980,-294114000,11.9(1.71 %),0,0,25980,294114000,10606451,5.88
09/11/2011,500,6200000,12.4(4.20 %),500,6200000,0,0,10605951,5.89
10/11/2011,0,0,12.4(0.00 %),0,0,0,0,10605951,5.89
11/11/2011,-12800,-154122000,12.1(-2.42 %),0,0,12800,154122000,10618751,5.83
14/11/2011,-23540,-271236000,11.5(-4.96 %),0,0,23540,271236000,10642291,5.74
15/11/2011,0,0,11.4(-0.87 %),0,0,0,0,10642291,5.74
16/11/2011,0,0,9.5(0.00 %),0,0,0,0,10642291,5.74
17/11/2011,0,0,9.3(-2.11 %),0,0,0,0,10642291,5.74
18/11/2011,0,0,9.1(-2.15 %),0,0,0,0,10642291,5.74
21/11/2011,500,4400000,8.8(-3.30 %),500,4400000,0,0,10641791,5.74
22/11/2011,0,0,9(2.27 %),0,0,0,0,10641791,5.74
23/11/2011,0,0,9.2(2.22 %),0,0,0,0,10641791,5.74
24/11/2011,0,0,8.9(-3.26 %),0,0,0,0,10641791,5.74
25/11/2011,0,0,8.8(-1.12 %),0,0,0,0,10641791,5.74
28/11/2011,0,0,9.1(3.41 %),0,0,0,0,10641791,5.74
29/11/2011,500,4550000,9(-1.10 %),500,4550000,0,0,10641291,5.74
30/11/2011,500,4400000,8.6(-4.44 %),500,4400000,0,0,10640791,5.74
01/12/2011,0,0,8.7(1.16 %),0,0,0,0,10641291,5.74
02/12/2011,0,0,8.7(0.00 %),0,0,0,0,10641291,5.74
05/12/2011,0,0,9.1(4.60 %),0,0,0,0,10641291,5.74
06/12/2011,3000,27600000,9.1(0.00 %),3000,27600000,0,0,10638291,5.76
07/12/2011,0,0,9(-1.10 %),0,0,0,0,10638291,5.76
08/12/2011,0,0,8.9(-1.11 %),0,0,0,0,10638291,5.76
09/12/2011,1000,9000000,8.8(-1.12 %),1000,9000000,0,0,10637291,5.76
12/12/2011,1000,8700000,8.7(-1.14 %),1000,8700000,0,0,10636291,5.76
13/12/2011,0,0,8.5(-2.30 %),0,0,0,0,10636291,5.76
14/12/2011,0,0,8.3(-2.35 %),0,0,0,0,10636291,5.76
15/12/2011,0,0,8.1(-2.41 %),0,0,0,0,10636291,5.76
16/12/2011,0,0,8.4(3.70 %),0,0,0,0,10636291,5.76
19/12/2011,900,7140000,8(-4.76 %),1500,12000000,600,4860000,10635391,5.77
20/12/2011,0,0,8(0.00 %),0,0,0,0,10635391,5.77
21/12/2011,1700,13770000,8(0.00 %),1700,13770000,0,0,10633691,5.77
22/12/2011,0,0,8(0.00 %),0,0,0,0,10633691,5.77
23/12/2011,1000,7930000,7.9(-1.25 %),1000,7930000,0,0,10632691,5.78
26/12/2011,380,2928000,7.7(-2.53 %),380,2928000,0,0,10632311,5.78
27/12/2011,0,0,7.7(0.00 %),0,0,0,0,10632311,5.78
28/12/2011,1790,13984000,7.8(1.30 %),2000,15600000,210,1616000,10630521,5.79
29/12/2011,-1990,-14972000,7.8(0.00 %),910,7068000,2900,22040000,10632511,5.78
30/12/2011,1000,7800000,7.6(-2.56 %),1000,7800000,0,0,10631511,5.78
03/01/2012,1300,10010000,7.7(1.32 %),1300,10010000,0,0,10628401,5.8
04/01/2012,0,0,7.7(0.00 %),0,0,0,0,10628401,5.8
05/01/2012,0,0,7.7(0.00 %),0,0,0,0,10628401,5.8
06/01/2012,0,0,7.6(-1.30 %),0,0,0,0,10628401,5.8
09/01/2012,0,0,7.6(0.00 %),0,0,0,0,10628401,12.99
10/01/2012,0,0,7.9(3.95 %),0,0,0,0,10628401,5.8
11/01/2012,23700,193439000,8.2(3.80 %),23700,193439000,0,0,10604701,5.89
12/01/2012,400,3280000,8.2(0.00 %),400,3280000,0,0,10604301,15.69
13/01/2012,-11980,-98236000,8.2(0.00 %),0,0,11980,98236000,10616281,15.64
16/01/2012,-21470,-176194000,8.5(3.66 %),0,0,21470,176194000,10637751,15.55
17/01/2012,-3080,-26180000,8.5(0.00 %),0,0,3080,26180000,10640831,15.54
18/01/2012,0,0,8.7(2.35 %),0,0,0,0,10640831,15.54
19/01/2012,0,0,9(3.45 %),0,0,0,0,10640831,12.95
20/01/2012,0,0,9.3(3.33 %),0,0,0,0,10640831,12.95
30/01/2012,0,0,9.5(2.15 %),0,0,0,0,10640831,12.95
31/01/2012,0,0,9.4(-1.05 %),0,0,0,0,10640831,12.95
01/02/2012,0,0,9.5(1.06 %),0,0,0,0,12770368,5.74
02/02/2012,0,0,9.7(2.11 %),0,0,0,0,12770368,5.74
03/02/2012,31900,296670000,9.6(-1.03 %),31900,296670000,0,0,12738468,5.85
06/02/2012,0,0,9.6(0.00 %),0,0,0,0,12738468,5.85
07/02/2012,0,0,9.5(-1.04 %),0,0,0,0,12738468,5.85
08/02/2012,35000,332570000,9.6(1.05 %),35000,332570000,0,0,12703468,5.96
09/02/2012,0,0,9.7(1.04 %),0,0,0,0,12703468,5.96
10/02/2012,32000,305728000,9.7(0.00 %),32000,305728000,0,0,12671468,6.07
13/02/2012,400,3760000,9.7(0.00 %),400,3760000,0,0,12671068,6.07
14/02/2012,900,8550000,9.7(0.00 %),900,8550000,0,0,12670168,6.08
15/02/2012,2000,19400000,9.6(-1.03 %),2000,19400000,0,0,12668168,6.08
16/02/2012,0,0,9.7(1.04 %),0,0,0,0,12668168,6.08
17/02/2012,0,0,9.5(-2.06 %),0,0,0,0,12668168,6.08
20/02/2012,0,0,9.4(4.44 %),0,0,0,0,12668168,6.08
21/02/2012,0,0,9.7(3.19 %),0,0,0,0,12668168,6.08
22/02/2012,0,0,9.7(0.00 %),0,0,0,0,12668168,6.08
23/02/2012,0,0,9.9(2.06 %),0,0,0,0,12668168,6.08
24/02/2012,0,0,9.9(0.00 %),0,0,0,0,12668168,6.08
27/02/2012,0,0,9.9(0.00 %),0,0,0,0,12668168,6.08
28/02/2012,0,0,9.5(-4.04 %),0,0,0,0,12668168,6.08
29/02/2012,0,0,9.7(2.11 %),0,0,0,0,12668168,6.08
01/03/2012,1600,15420000,9.7(0.00 %),1600,15420000,0,0,12666568,6.09
02/03/2012,0,0,9.7(0.00 %),0,0,0,0,12666568,6.09
05/03/2012,0,0,10.1(4.12 %),0,0,0,0,12666568,6.09
06/03/2012,-140,-1428000,10.2(0.99 %),0,0,140,1428000,12666708,6.09
07/03/2012,8000,83200000,10.4(1.96 %),8000,83200000,0,0,12658708,6.12
08/03/2012,-11010,-111203000,10.3(-0.96 %),0,0,11010,111203000,12669718,6.08
09/03/2012,0,0,10.2(-0.97 %),0,0,0,0,12669718,6.08
12/03/2012,0,0,10.2(0.00 %),0,0,0,0,12669718,6.08
13/03/2012,0,0,10.2(0.00 %),0,0,0,0,12669718,6.08
14/03/2012,0,0,10.1(-0.98 %),0,0,0,0,12669718,6.08
15/03/2012,29750,315350000,10.1(0.00 %),29750,315350000,0,0,12639968,6.18
16/03/2012,3000,30300000,10.2(0.99 %),3000,30300000,0,0,12636968,6.19
19/03/2012,0,0,10.2(0.00 %),0,0,0,0,12636968,6.19
20/03/2012,0,0,10.2(0.00 %),0,0,0,0,12636968,6.19
21/03/2012,0,0,10.1(-0.98 %),0,0,0,0,12636968,6.19
22/03/2012,0,0,10.1(0.00 %),0,0,0,0,12636968,6.19
23/03/2012,2630,26500000,10.1(0.00 %),2630,26500000,0,0,12634338,6.2
26/03/2012,-900,-9090000,10.1(0.00 %),0,0,900,9090000,12635238,6.2
27/03/2012,5000,51000000,10.2(0.99 %),5000,51000000,0,0,12630238,6.21
28/03/2012,0,0,10.2(0.00 %),0,0,0,0,12630238,6.21
29/03/2012,-2630,-26300000,10(-1.96 %),0,0,2630,26300000,12632868,6.2
30/03/2012,-970,-9700000,10.1(1.00 %),0,0,970,9700000,12633838,6.2
03/04/2012,-5000,-51000000,10.1(0.00 %),0,0,5000,51000000,12630238,6.21
04/04/2012,-240,-2400000,10.1(0.00 %),0,0,240,2400000,12630478,6.21
05/04/2012,0,0,10.1(0.00 %),0,0,0,0,12630478,6.21
06/04/2012,-990,-10098000,10.2(0.99 %),0,0,990,10098000,12631468,6.21
09/04/2012,0,0,10.1(-0.98 %),0,0,0,0,12631468,6.21
10/04/2012,0,0,10.1(0.00 %),0,0,0,0,12631468,6.21
11/04/2012,0,0,10.6(4.95 %),0,0,0,0,12631468,6.21
12/04/2012,-500,-5550000,11.1(4.72 %),0,0,500,5550000,12631968,6.21
13/04/2012,0,0,11.1(0.00 %),0,0,0,0,12631968,6.21
16/04/2012,0,0,11.6(4.50 %),0,0,0,0,12631968,6.21
17/04/2012,-750,-8700000,12.1(4.31 %),0,0,750,8700000,12632718,6.2
18/04/2012,72470,903488000,12.7(4.96 %),72470,903488000,0,0,12560248,6.45
19/04/2012,-720,-9000000,12.7(0.00 %),0,0,720,9000000,12560968,6.45
20/04/2012,0,0,12.7(0.00 %),0,0,0,0,12560968,6.45
23/04/2012,0,0,12.5(-1.57 %),0,0,0,0,12560968,6.45
24/04/2012,0,0,12.7(1.60 %),0,0,0,0,12560968,6.45
25/04/2012,1000,12600000,12.7(0.00 %),1000,12600000,0,0,12559968,6.45
26/04/2012,0,0,12.8(0.79 %),0,0,0,0,12559968,6.45
27/04/2012,0,0,12.9(0.78 %),0,0,0,0,12559968,6.45
02/05/2012,-480,-6240000,12.8(-0.78 %),0,0,480,6240000,12568568,6.42
03/05/2012,0,0,12.7(-0.78 %),0,0,0,0,12568568,6.42
04/05/2012,0,0,12.8(0.79 %),0,0,0,0,12568568,6.42
07/05/2012,0,0,13.3(3.91 %),0,0,0,0,12568568,6.42
08/05/2012,-720,-9720000,13.5(1.50 %),0,0,720,9720000,12569288,6.42
09/05/2012,0,0,13.6(0.74 %),0,0,0,0,12569288,6.42
10/05/2012,0,0,13.9(2.21 %),0,0,0,0,12569288,6.42
11/05/2012,5000,69500000,13.9(0.00 %),5000,69500000,0,0,12564288,6.44
14/05/2012,1300,17680000,13.3(-4.32 %),1300,17680000,0,0,12562988,6.44
15/05/2012,740,9472000,12.7(-4.51 %),1300,16640000,560,7168000,12562248,6.44
16/05/2012,0,0,12.7(0.00 %),0,0,0,0,12562248,6.44
17/05/2012,0,0,12.4(-2.36 %),0,0,0,0,12562248,6.44
18/05/2012,0,0,12.3(-0.81 %),0,0,0,0,12562248,6.44
21/05/2012,0,0,12.9(4.88 %),0,0,0,0,12562248,6.44
22/05/2012,0,0,13.2(2.33 %),0,0,0,0,12562248,6.44
23/05/2012,0,0,13.2(0.00 %),0,0,0,0,12562248,6.44
24/05/2012,0,0,12.8(-3.03 %),0,0,0,0,12562248,6.44
25/05/2012,0,0,13(1.56 %),0,0,0,0,12562248,6.44
28/05/2012,0,0,13.2(1.54 %),0,0,0,0,12562248,6.44
29/05/2012,0,0,13(-1.52 %),0,0,0,0,12562248,6.44
30/05/2012,0,0,13(0.00 %),0,0,0,0,12562248,6.44
31/05/2012,200,2570000,13(0.00 %),200,2570000,0,0,12562048,6.44
01/06/2012,0,0,13(0.00 %),0,0,0,0,11086518,11.44
04/06/2012,0,0,12.9(-0.77 %),0,0,0,0,11086518,11.44
05/06/2012,0,0,12.9(0.00 %),0,0,0,0,11086518,11.44
06/06/2012,0,0,13(0.78 %),0,0,0,0,11086518,11.44
07/06/2012,0,0,13.2(1.54 %),0,0,0,0,11086518,11.44
08/06/2012,0,0,13.3(0.76 %),0,0,0,0,11086518,11.44
11/06/2012,0,0,13.4(0.75 %),0,0,0,0,11086518,11.44
12/06/2012,0,0,13.4(0.00 %),0,0,0,0,11086518,11.44
13/06/2012,0,0,13.4(0.00 %),0,0,0,0,11086518,11.44
14/06/2012,-310,-4032000,13.4(0.00 %),0,0,310,4032000,11086828,11.44
15/06/2012,0,0,13.4(0.00 %),0,0,0,0,11086828,11.44
18/06/2012,0,0,13.4(0.00 %),0,0,0,0,11086828,11.44
19/06/2012,0,0,13.4(0.00 %),0,0,0,0,11086828,11.44
20/06/2012,0,0,13.4(0.00 %),0,0,0,0,11086828,11.44
21/06/2012,0,0,13.4(0.00 %),0,0,0,0,11086828,11.44
22/06/2012,0,0,13.3(-0.75 %),0,0,0,0,11086828,11.44
25/06/2012,0,0,12.9(-3.01 %),0,0,0,0,11086828,11.44
26/06/2012,0,0,12.9(0.00 %),0,0,0,0,11086828,11.44
27/06/2012,0,0,12.9(0.00 %),0,0,0,0,11086828,11.44
28/06/2012,0,0,13(0.78 %),0,0,0,0,11086828,11.44
29/06/2012,-800,-10400000,13.2(1.54 %),0,0,800,10400000,11087628,11.44
02/07/2012,0,0,13.3(0.76 %),0,0,0,0,11086836,11.44
03/07/2012,0,0,13.3(0.00 %),0,0,0,0,11086836,11.44
04/07/2012,0,0,13.4(0.75 %),0,0,0,0,11086836,11.44
05/07/2012,0,0,13.5(0.75 %),0,0,0,0,11086836,11.44
06/07/2012,0,0,13.5(0.00 %),0,0,0,0,11086836,11.44
09/07/2012,0,0,13.5(0.00 %),0,0,0,0,11086836,11.44
10/07/2012,0,0,13.5(0.00 %),0,0,0,0,11086836,11.44
11/07/2012,0,0,13.5(3.85 %),0,0,0,0,11086836,11.44
12/07/2012,0,0,13.6(0.74 %),0,0,0,0,11086836,11.44
13/07/2012,0,0,13.7(0.74 %),0,0,0,0,11086836,11.44
16/07/2012,0,0,13.7(0.00 %),0,0,0,0,11086836,11.44
17/07/2012,0,0,13.8(0.73 %),0,0,0,0,11086836,11.44
18/07/2012,0,0,13.8(0.00 %),0,0,0,0,11086836,11.44
19/07/2012,0,0,13.9(0.72 %),0,0,0,0,11086836,11.44
20/07/2012,0,0,14(0.72 %),0,0,0,0,11086836,11.44
23/07/2012,0,0,14.4(2.86 %),0,0,0,0,11086836,11.44
24/07/2012,0,0,14.4(0.00 %),0,0,0,0,11086836,11.44
25/07/2012,10,146000,14.3(-0.69 %),10,146000,0,0,11086826,11.44
26/07/2012,0,0,14.5(1.40 %),0,0,0,0,11086826,11.44
27/07/2012,0,0,14.5(0.00 %),0,0,0,0,11086826,11.44
30/07/2012,0,0,14.5(0.00 %),0,0,0,0,11086826,11.44
31/07/2012,0,0,14.3(4.38 %),0,0,0,0,11086826,11.44
01/08/2012,0,0,14.2(-0.70 %),0,0,0,0,11087631,11.44
02/08/2012,0,0,14.4(1.41 %),0,0,0,0,11087631,11.44
03/08/2012,0,0,14.4(0.00 %),0,0,0,0,11087631,11.44
06/08/2012,0,0,14.4(0.00 %),0,0,0,0,11087631,11.44
07/08/2012,0,0,14.3(-0.69 %),0,0,0,0,11087631,11.44
08/08/2012,0,0,14.2(-0.70 %),0,0,0,0,11087631,11.44
09/08/2012,0,0,14.2(0.00 %),0,0,0,0,11087631,11.44
10/08/2012,0,0,14.2(0.00 %),0,0,0,0,11087631,11.44
13/08/2012,0,0,14.1(-0.70 %),0,0,0,0,11087631,11.44
14/08/2012,0,0,14.1(0.00 %),0,0,0,0,11087631,11.44
15/08/2012,200,2820000,14.1(0.00 %),200,2820000,0,0,11087431,11.44
16/08/2012,0,0,14.1(0.00 %),0,0,0,0,11087431,11.44
17/08/2012,0,0,14(-0.71 %),0,0,0,0,11087431,11.44
20/08/2012,0,0,14(0.00 %),0,0,0,0,11087431,11.44
21/08/2012,0,0,13.7(-2.14 %),0,0,0,0,11087431,11.44
22/08/2012,200,2700000,13.7(0.00 %),200,2700000,0,0,11087231,11.44
23/08/2012,0,0,13.4(-2.19 %),0,0,0,0,11087231,11.44
24/08/2012,0,0,13.6(1.49 %),0,0,0,0,11087231,11.44
27/08/2012,0,0,13.4(-1.47 %),0,0,0,0,11087231,11.44
28/08/2012,0,0,13.5(0.75 %),0,0,0,0,11087231,11.44
29/08/2012,0,0,13.6(0.74 %),0,0,0,0,11087231,11.44
30/08/2012,0,0,13.6(0.00 %),0,0,0,0,11087231,11.44
31/08/2012,0,0,13.7(0.74 %),0,0,0,0,11087231,11.44
04/09/2012,0,0,13.7(0.00 %),0,0,0,0,11087231,11.44
05/09/2012,0,0,13.8(0.73 %),0,0,0,0,11087231,11.44
06/09/2012,0,0,13.8(0.00 %),0,0,0,0,11087231,11.44
07/09/2012,0,0,13.9(0.72 %),0,0,0,0,11087231,11.44
10/09/2012,0,0,13.8(-0.72 %),0,0,0,0,11087231,11.44
11/09/2012,0,0,13.8(0.00 %),0,0,0,0,11087231,11.44
12/09/2012,0,0,13.8(0.00 %),0,0,0,0,11087231,11.44
13/09/2012,0,0,13.7(-0.72 %),0,0,0,0,11087231,11.44
14/09/2012,0,0,13.7(0.00 %),0,0,0,0,11087231,11.44
17/09/2012,0,0,13.7(0.00 %),0,0,0,0,11087231,11.44
18/09/2012,0,0,13.7(0.00 %),0,0,0,0,11087231,11.44
19/09/2012,0,0,13.5(-1.46 %),0,0,0,0,11087231,11.44
20/09/2012,0,0,13.5(0.00 %),0,0,0,0,11087231,11.44
21/09/2012,0,0,13.5(0.00 %),0,0,0,0,11087231,11.44
24/09/2012,0,0,13.5(0.00 %),0,0,0,0,11087231,11.44
25/09/2012,0,0,13.5(0.00 %),0,0,0,0,11087231,11.44
26/09/2012,0,0,13.4(-0.74 %),0,0,0,0,11087231,11.44
27/09/2012,0,0,13.4(0.00 %),0,0,0,0,11087231,11.44
28/09/2012,0,0,13.4(0.00 %),0,0,0,0,11087231,11.44
01/10/2012,0,0,13.4(0.00 %),0,0,0,0,11087231,11.44
02/10/2012,0,0,13(-2.99 %),0,0,0,0,11087231,11.44
03/10/2012,0,0,13(0.00 %),0,0,0,0,11087231,11.44
04/10/2012,0,0,13(0.00 %),0,0,0,0,11087231,11.44
05/10/2012,0,0,13(0.00 %),0,0,0,0,11087231,11.44
08/10/2012,0,0,13(0.00 %),0,0,0,0,11087231,11.44
09/10/2012,-1000,-13000000,13(0.00 %),0,0,1000,13000000,11088231,11.44
10/10/2012,0,0,13(0.00 %),0,0,0,0,11088231,11.44
11/10/2012,-1000,-13000000,13(0.00 %),0,0,1000,13000000,11089231,11.43
12/10/2012,-1000,-13000000,13(0.00 %),0,0,1000,13000000,11090231,11.43
15/10/2012,-1200,-15600000,13(0.00 %),0,0,1200,15600000,11091431,11.43
16/10/2012,-800,-10400000,13(0.00 %),0,0,800,10400000,11092231,11.42
17/10/2012,0,0,12.6(-3.08 %),0,0,0,0,11092231,11.42
18/10/2012,0,0,13.2(4.76 %),0,0,0,0,11092231,11.42
19/10/2012,0,0,13(-1.52 %),0,0,0,0,11092231,11.42
22/10/2012,0,0,13(0.00 %),0,0,0,0,11092231,11.42
23/10/2012,0,0,13(0.00 %),0,0,0,0,11092231,11.42
24/10/2012,0,0,12.8(-1.54 %),0,0,0,0,11092231,11.42
25/10/2012,0,0,12.8(0.00 %),0,0,0,0,11092231,11.42
26/10/2012,0,0,12.8(0.00 %),0,0,0,0,11092231,4.58
29/10/2012,0,0,12.4(-3.12 %),0,0,0,0,11092231,11.42
30/10/2012,0,0,12.4(0.00 %),0,0,0,0,11092231,11.42
31/10/2012,0,0,12.4(0.00 %),0,0,0,0,11092231,11.42
01/11/2012,0,0,12(-3.23 %),0,0,0,0,11092231,11.42
02/11/2012,0,0,12(0.00 %),0,0,0,0,11092231,11.42
05/11/2012,0,0,12(0.00 %),0,0,0,0,11092231,11.42
06/11/2012,0,0,12(0.00 %),0,0,0,0,11092231,11.42
07/11/2012,0,0,12(0.00 %),0,0,0,0,11092231,11.42
08/11/2012,0,0,12(0.00 %),0,0,0,0,11092231,11.42
09/11/2012,0,0,12(0.00 %),0,0,0,0,11092231,11.42
12/11/2012,0,0,12.6(5.00 %),0,0,0,0,11092231,11.42
13/11/2012,0,0,12.5(-0.79 %),0,0,0,0,11092231,11.42
14/11/2012,0,0,12.6(0.80 %),0,0,0,0,11092231,11.42
15/11/2012,0,0,12.6(0.00 %),0,0,0,0,11092231,11.42
16/11/2012,0,0,12.8(1.59 %),0,0,0,0,11092231,11.42
19/11/2012,0,0,12.8(0.00 %),0,0,0,0,11092231,11.42
20/11/2012,0,0,12.8(0.00 %),0,0,0,0,11092231,11.42
21/11/2012,0,0,12.8(0.00 %),0,0,0,0,11092231,11.42
22/11/2012,0,0,12.8(0.00 %),0,0,0,0,11092231,11.42
23/11/2012,0,0,12.8(0.00 %),0,0,0,0,11092231,11.42
26/11/2012,0,0,12.8(0.00 %),0,0,0,0,11092231,11.42
27/11/2012,0,0,12.7(-0.78 %),0,0,0,0,11092231,11.42
28/11/2012,0,0,12.7(0.00 %),0,0,0,0,11092231,11.42
29/11/2012,0,0,12.7(0.00 %),0,0,0,0,11092231,11.42
30/11/2012,0,0,12.7(0.00 %),0,0,0,0,11092231,11.42
03/12/2012,0,0,12.7(0.00 %),0,0,0,0,11092231,11.42
04/12/2012,0,0,12.7(0.00 %),0,0,0,0,11092231,11.42
05/12/2012,0,0,12.6(-0.79 %),0,0,0,0,11092231,11.42
06/12/2012,0,0,12.6(0.00 %),0,0,0,0,11092231,11.42
07/12/2012,0,0,12.6(0.00 %),0,0,0,0,11092231,11.42
10/12/2012,1500,18750000,12.6(0.00 %),1500,18750000,0,0,11090731,11.43
11/12/2012,0,0,12.6(0.00 %),0,0,0,0,11090731,11.43
12/12/2012,0,0,12.6(0.00 %),0,0,0,0,11090731,11.43
13/12/2012,150,1800000,12.6(0.00 %),150,1800000,0,0,11090581,11.43
14/12/2012,1000,12000000,12.6(0.00 %),1000,12000000,0,0,11089731,11.43
17/12/2012,0,0,12.6(0.00 %),0,0,0,0,11089731,11.43
18/12/2012,850,10200000,12.6(0.00 %),850,10200000,0,0,11088881,11.43
19/12/2012,-150,-1890000,12.6(0.00 %),1000,12500000,1150,14390000,11089031,11.43
20/12/2012,0,0,12.6(0.00 %),0,0,0,0,11089031,11.43
21/12/2012,0,0,12.5(-0.79 %),0,0,0,0,11089031,11.43
24/12/2012,-750,-9375000,12.5(0.00 %),0,0,750,9375000,11089781,11.43
25/12/2012,-100,-1250000,12.5(0.00 %),0,0,100,1250000,11089881,11.43
26/12/2012,0,0,12.5(0.00 %),0,0,0,0,11089881,11.43
27/12/2012,0,0,12.5(0.00 %),0,0,0,0,11089881,11.43
28/12/2012,0,0,12.5(0.00 %),0,0,0,0,11089881,11.43
02/01/2013,0,0,12.6(0.80 %),0,0,0,0,11089731,11.43
03/01/2013,0,0,12.6(0.00 %),0,0,0,0,11089731,11.43
04/01/2013,0,0,12.6(0.00 %),0,0,0,0,11089731,11.43
07/01/2013,360,4536000,12.6(0.00 %),360,4536000,0,0,11089371,11.43
08/01/2013,0,0,13.2(4.76 %),0,0,0,0,11089371,11.43
09/01/2013,0,0,13(-1.52 %),0,0,0,0,11089371,11.43
10/01/2013,0,0,13(0.00 %),0,0,0,0,11089371,11.43
11/01/2013,0,0,12.7(-2.31 %),0,0,0,0,11089371,11.43
14/01/2013,0,0,12.7(0.00 %),0,0,0,0,11089371,11.43
15/01/2013,0,0,12.6(-0.79 %),0,0,0,0,11089371,11.43
16/01/2013,0,0,12.6(0.00 %),0,0,0,0,11089371,11.43
17/01/2013,0,0,12.8(1.59 %),0,0,0,0,11089371,11.43
18/01/2013,0,0,12.9(0.78 %),0,0,0,0,11089371,11.43
21/01/2013,0,0,13(0.78 %),0,0,0,0,11089371,11.43
22/01/2013,0,0,13(0.00 %),0,0,0,0,11089371,11.43
23/01/2013,0,0,13(0.00 %),0,0,0,0,11089371,11.43
24/01/2013,0,0,13(0.00 %),0,0,0,0,11089371,11.43
25/01/2013,0,0,13.1(0.77 %),0,0,0,0,11089371,11.43
28/01/2013,0,0,13.2(0.76 %),0,0,0,0,11089371,11.43
29/01/2013,0,0,13.2(0.00 %),0,0,0,0,11089371,11.43
30/01/2013,0,0,13.2(0.00 %),0,0,0,0,11089371,11.43
31/01/2013,-150,-1980000,13.2(5.60 %),0,0,150,1980000,11089521,11.43
01/02/2013,-750,-9375000,13.2(0.00 %),0,0,750,9375000,11089371,11.43
04/02/2013,0,0,13.2(0.00 %),0,0,0,0,11089371,11.43
05/02/2013,0,0,13.5(2.27 %),0,0,0,0,11089371,11.43
06/02/2013,0,0,12.8(-5.19 %),0,0,0,0,11089371,11.43
07/02/2013,0,0,13.2(3.12 %),0,0,0,0,11089371,11.43
08/02/2013,0,0,14(6.06 %),0,0,0,0,11089371,11.43
18/02/2013,-4400,-57946000,14.3(2.14 %),0,0,4400,57946000,11093771,11.42
19/02/2013,0,0,15(4.90 %),0,0,0,0,11093771,11.42
20/02/2013,0,0,15.9(6.00 %),0,0,0,0,11093771,11.42
21/02/2013,0,0,15.7(-1.26 %),0,0,0,0,11093771,11.42
22/02/2013,0,0,15.6(-0.64 %),0,0,0,0,11093771,11.42
25/02/2013,20,312000,15.5(-0.64 %),20,312000,0,0,11093751,11.42
26/02/2013,0,0,15.2(-1.94 %),0,0,0,0,11093751,11.42
27/02/2013,0,0,15.2(0.00 %),0,0,0,0,11093751,11.42
28/02/2013,780,11856000,15(-1.32 %),800,12160000,20,304000,11092971,11.42
01/03/2013,0,0,15(0.00 %),0,0,0,0,11093851,11.42
04/03/2013,-880,-13074000,15(0.00 %),0,0,880,13074000,11094731,11.41
05/03/2013,0,0,15(0.00 %),0,0,0,0,11094731,11.41
06/03/2013,0,0,15(0.00 %),0,0,0,0,11094731,11.41
07/03/2013,0,0,14.5(-3.33 %),0,0,0,0,11094731,11.41
08/03/2013,0,0,14.5(0.00 %),0,0,0,0,11094731,11.41
11/03/2013,-2570,-37265000,14.8(2.07 %),0,0,2570,37265000,11097301,11.41
12/03/2013,0,0,14.7(-0.68 %),0,0,0,0,11097301,11.41
13/03/2013,0,0,14.8(0.68 %),0,0,0,0,11097301,11.41
14/03/2013,0,0,14.8(0.00 %),0,0,0,0,11097301,11.41
15/03/2013,0,0,14.8(0.00 %),0,0,0,0,11097301,11.41
18/03/2013,0,0,14.6(-1.35 %),0,0,0,0,11097301,11.41
19/03/2013,0,0,14.6(0.00 %),0,0,0,0,11097301,11.41
20/03/2013,0,0,14.4(-1.37 %),0,0,0,0,11097301,11.41
21/03/2013,0,0,14.4(0.00 %),0,0,0,0,11097301,11.41
22/03/2013,0,0,14.4(0.00 %),0,0,0,0,11097301,11.41
25/03/2013,0,0,14.3(-0.69 %),0,0,0,0,11097301,11.41
26/03/2013,0,0,14.5(1.40 %),0,0,0,0,11097301,11.41
27/03/2013,0,0,14.5(0.00 %),0,0,0,0,11097301,11.41
28/03/2013,0,0,14.5(0.00 %),0,0,0,0,11097301,11.41
29/03/2013,0,0,14.6(0.69 %),0,0,0,0,11097301,11.41
01/04/2013,0,0,14.6(0.00 %),0,0,0,0,11097321,11.41
02/04/2013,0,0,14.6(0.00 %),0,0,0,0,11097321,11.41
03/04/2013,0,0,14.6(0.00 %),0,0,0,0,11097321,11.41
04/04/2013,0,0,14.8(1.37 %),0,0,0,0,11097321,11.41
05/04/2013,0,0,15(1.35 %),0,0,0,0,11097321,11.41
08/04/2013,0,0,15(0.00 %),0,0,0,0,11097321,11.41
09/04/2013,48500,733900000,15(0.00 %),48500,733900000,0,0,11048821,11.57
10/04/2013,1500,22800000,15(0.00 %),1500,22800000,0,0,11047321,11.57
11/04/2013,0,0,15(0.00 %),0,0,0,0,11047321,11.57
12/04/2013,0,0,15(0.00 %),0,0,0,0,11047321,11.57
15/04/2013,0,0,14.8(-1.33 %),0,0,0,0,11047321,11.57
16/04/2013,0,0,14.8(0.00 %),0,0,0,0,11047321,11.57
17/04/2013,0,0,15(1.35 %),0,0,0,0,11047321,11.57
18/04/2013,0,0,14.9(-0.67 %),0,0,0,0,11047321,11.57
22/04/2013,0,0,14.9(0.00 %),0,0,0,0,11047321,11.57
23/04/2013,0,0,14.8(-0.67 %),0,0,0,0,11047321,11.57
24/04/2013,0,0,14.8(0.00 %),0,0,0,0,11047321,11.57
25/04/2013,0,0,14.4(-2.70 %),0,0,0,0,11047321,11.57
26/04/2013,0,0,14(-2.78 %),0,0,0,0,11047321,11.57
02/05/2013,0,0,14.5(3.57 %),0,0,0,0,11047321,11.57
03/05/2013,1500,21300000,14.5(0.00 %),1500,21300000,0,0,11045821,11.58
06/05/2013,0,0,14.5(0.00 %),0,0,0,0,11045821,11.58
07/05/2013,0,0,15(3.45 %),0,0,0,0,11045821,11.58
08/05/2013,7000,111300000,16(6.67 %),7000,111300000,0,0,11038821,11.6
09/05/2013,70000,1136730000,16(0.00 %),70000,1136730000,0,0,10968821,11.84
10/05/2013,65000,1023490000,15.5(-3.12 %),65000,1023490000,0,0,10903821,12.06
13/05/2013,0,0,15.4(-0.65 %),0,0,0,0,10903821,12.06
14/05/2013,0,0,15(-2.60 %),0,0,0,0,10903821,12.06
15/05/2013,-90,-1350000,15(0.00 %),0,0,90,1350000,10903911,12.06
16/05/2013,0,0,15.4(2.67 %),0,0,0,0,10903911,12.06
17/05/2013,0,0,15.4(0.00 %),0,0,0,0,10903911,12.06
20/05/2013,0,0,15.3(-0.65 %),0,0,0,0,10903911,12.06
21/05/2013,-170,-2584000,15.4(0.65 %),0,0,170,2584000,10904081,12.06
22/05/2013,0,0,16.4(6.49 %),0,0,0,0,10904081,12.06
23/05/2013,0,0,16.1(-1.83 %),0,0,0,0,10904081,12.06
24/05/2013,0,0,15.9(-1.24 %),0,0,0,0,10904081,12.06
27/05/2013,0,0,15.9(0.00 %),0,0,0,0,10904081,12.06
28/05/2013,0,0,15.8(-0.63 %),0,0,0,0,10904081,12.06
29/05/2013,1200,19440000,16.5(4.43 %),1200,19440000,0,0,10902881,12.06
30/05/2013,0,0,17(3.03 %),0,0,0,0,10902881,12.06
31/05/2013,0,0,17.7(4.12 %),0,0,0,0,10902881,12.06
03/06/2013,-3200,-56080000,17.4(-1.69 %),0,0,3200,56080000,10902881,12.06
04/06/2013,0,0,16.9(-2.87 %),0,0,0,0,10902881,12.06
05/06/2013,0,0,17.2(1.78 %),0,0,0,0,10902881,12.06
06/06/2013,0,0,17.2(0.00 %),0,0,0,0,10902881,12.06
07/06/2013,0,0,16.9(-1.74 %),0,0,0,0,10902881,12.06
10/06/2013,0,0,16.9(0.00 %),0,0,0,0,10902881,12.06
11/06/2013,0,0,16.4(-2.96 %),0,0,0,0,10902881,12.06
12/06/2013,3200,53373000,16.4(0.00 %),3200,53373000,0,0,10899681,12.07
13/06/2013,0,0,16.3(-0.61 %),0,0,0,0,10899681,12.07
14/06/2013,500,8010000,15.9(-2.45 %),500,8010000,0,0,10899181,12.08
17/06/2013,0,0,15.6(-1.89 %),0,0,0,0,10899181,12.08
18/06/2013,0,0,15.6(0.00 %),0,0,0,0,10899181,12.08
19/06/2013,0,0,15.7(0.64 %),0,0,0,0,10899181,12.08
20/06/2013,0,0,15.4(-1.91 %),0,0,0,0,10899181,12.08
21/06/2013,0,0,16(3.90 %),0,0,0,0,10899181,12.08
24/06/2013,0,0,16.1(0.62 %),0,0,0,0,10899181,12.08
25/06/2013,-800,-12400000,15.6(-3.11 %),0,0,800,12400000,10899981,12.07
26/06/2013,0,0,15.7(0.64 %),0,0,0,0,10899981,12.07
27/06/2013,0,0,15.7(0.00 %),0,0,0,0,10899981,12.07
28/06/2013,2000,31400000,15.7(0.00 %),2000,31400000,0,0,10897981,12.08
01/07/2013,0,0,15.7(0.00 %),0,0,0,0,10901181,12.07
02/07/2013,0,0,15.8(0.64 %),0,0,0,0,10901181,12.07
03/07/2013,0,0,15.8(0.00 %),0,0,0,0,10901181,12.07
04/07/2013,0,0,15.8(0.00 %),0,0,0,0,10901181,12.07
05/07/2013,-10000,-154114000,15.7(-0.63 %),0,0,10000,154114000,10911181,12.04
08/07/2013,0,0,15.7(0.00 %),0,0,0,0,10911181,12.04
09/07/2013,0,0,15.4(-1.91 %),0,0,0,0,10911181,12.04
10/07/2013,0,0,15.3(2.68 %),0,0,0,0,10911181,12.04
11/07/2013,0,0,15.1(-1.31 %),0,0,0,0,10911181,12.04
12/07/2013,800,12090000,15.1(0.00 %),800,12090000,0,0,10910381,12.04
15/07/2013,0,0,15(-0.66 %),0,0,0,0,10910381,12.04
16/07/2013,400,5940000,14.8(-1.33 %),400,5940000,0,0,10909981,12.04
17/07/2013,0,0,14.8(0.00 %),0,0,0,0,10909981,12.04
18/07/2013,200,2920000,14.5(-2.03 %),200,2920000,0,0,10909781,12.04
19/07/2013,2000,29100000,14.6(0.69 %),2000,29100000,0,0,10907781,12.05
22/07/2013,0,0,14.6(0.00 %),0,0,0,0,10907781,12.05
23/07/2013,200,2880000,14.3(-2.05 %),200,2880000,0,0,10907581,12.05
24/07/2013,1000,14100000,14.1(-1.40 %),1000,14100000,0,0,10906581,12.05
25/07/2013,500,6600000,13.2(-6.38 %),500,6600000,0,0,10906081,12.05
26/07/2013,0,0,13(-1.52 %),0,0,0,0,10906081,12.05
29/07/2013,-300,-3690000,12.4(-4.62 %),0,0,300,3690000,10906381,12.05
30/07/2013,-5500,-65951000,12.4(0.00 %),500,6250000,6000,72201000,10911881,12.03
31/07/2013,0,0,12.1(-2.42 %),0,0,0,0,10911881,12.03
01/08/2013,0,0,12.4(2.48 %),0,0,0,0,10905594,12.05
02/08/2013,-690,-8775000,12.3(-0.81 %),1500,18600000,2190,27375000,10906284,12.05
05/08/2013,0,0,12.4(0.81 %),0,0,0,0,10906284,12.05
06/08/2013,0,0,12.6(1.61 %),0,0,0,0,10906284,12.05
07/08/2013,0,0,13.2(4.76 %),0,0,0,0,10906284,12.05
08/08/2013,0,0,12.9(-2.27 %),0,0,0,0,10906284,12.05
09/08/2013,0,0,13.2(2.33 %),0,0,0,0,10906284,12.05
12/08/2013,0,0,12.8(-3.03 %),0,0,0,0,10906284,12.05
13/08/2013,0,0,12.8(0.00 %),0,0,0,0,10906284,12.05
14/08/2013,0,0,12.9(0.78 %),0,0,0,0,10906284,12.05
15/08/2013,-5690,-72862000,12.8(-0.78 %),0,0,5690,72862000,10911974,12.03
16/08/2013,0,0,12.7(-0.78 %),0,0,0,0,10911974,12.03
19/08/2013,0,0,12.8(0.79 %),0,0,0,0,10911974,12.03
20/08/2013,0,0,12.9(0.78 %),0,0,0,0,10911974,12.03
21/08/2013,0,0,12.6(-2.33 %),0,0,0,0,10911974,12.03
22/08/2013,0,0,12.7(0.79 %),0,0,0,0,10911974,12.03
23/08/2013,0,0,12.6(-0.79 %),0,0,0,0,10911974,12.03
26/08/2013,2000,25400000,12.6(0.00 %),2000,25400000,0,0,10909974,12.04
27/08/2013,0,0,12.4(-1.59 %),0,0,0,0,10909974,12.04
28/08/2013,0,0,12.2(-1.61 %),0,0,0,0,10909974,12.04
29/08/2013,0,0,12.2(0.00 %),0,0,0,0,10909974,12.04
30/08/2013,0,0,12.2(0.00 %),0,0,0,0,10909974,12.04
03/09/2013,0,0,12.3(0.82 %),0,0,0,0,10916274,12.02
04/09/2013,0,0,12.1(-1.63 %),0,0,0,0,10916274,12.02
05/09/2013,0,0,12.2(0.83 %),0,0,0,0,10916274,12.02
06/09/2013,0,0,12.1(-0.82 %),0,0,0,0,10916274,12.02
09/09/2013,0,0,11.9(-1.65 %),0,0,0,0,10916274,12.02
10/09/2013,0,0,12(0.84 %),0,0,0,0,10916274,12.02
11/09/2013,0,0,12.4(3.33 %),0,0,0,0,10916274,12.02
12/09/2013,0,0,12.4(0.00 %),0,0,0,0,10916274,12.02
13/09/2013,0,0,12.4(0.00 %),0,0,0,0,10916274,12.02
16/09/2013,0,0,12.1(-2.42 %),0,0,0,0,10916274,12.02
17/09/2013,0,0,12.1(0.00 %),0,0,0,0,10916274,12.02
18/09/2013,-230,-2761000,12.1(0.00 %),10,119000,240,2880000,10916504,12.02
19/09/2013,-2000,-24200000,12.4(2.48 %),0,0,2000,24200000,10918504,12.01
20/09/2013,2000,24000000,12.4(0.00 %),2000,24000000,0,0,10916504,12.02
23/09/2013,0,0,12.2(-1.61 %),0,0,0,0,10916504,12.02
24/09/2013,0,0,12.1(-0.82 %),0,0,0,0,10916504,12.02
25/09/2013,0,0,12(-0.83 %),0,0,0,0,10916504,12.02
26/09/2013,0,0,12.2(1.67 %),0,0,0,0,10916504,12.02
27/09/2013,-700,-8330000,12.3(0.82 %),0,0,700,8330000,10917204,12.02
30/09/2013,0,0,12.3(0.00 %),0,0,0,0,10917204,12.02
01/10/2013,0,0,12.3(0.00 %),0,0,0,0,10916504,12.02
02/10/2013,0,0,12.4(0.81 %),0,0,0,0,10916504,12.02
03/10/2013,0,0,12.4(0.00 %),0,0,0,0,10916504,12.02
04/10/2013,0,0,12(-3.23 %),0,0,0,0,10916504,12.02
07/10/2013,0,0,12.3(2.50 %),0,0,0,0,10916504,12.02
08/10/2013,0,0,12.3(0.00 %),0,0,0,0,10916504,12.02
09/10/2013,0,0,12.5(1.63 %),0,0,0,0,10916504,12.02
10/10/2013,0,0,12.5(0.00 %),0,0,0,0,10916504,12.02
11/10/2013,0,0,12.5(0.00 %),0,0,0,0,10916504,12.02
14/10/2013,2000,24200000,12.1(-3.20 %),2000,24200000,0,0,10914504,12.02
15/10/2013,-140,-1694000,12.1(0.00 %),0,0,140,1694000,10914644,12.02
16/10/2013,0,0,12.5(3.31 %),0,0,0,0,10914644,12.02
17/10/2013,0,0,12.5(0.00 %),0,0,0,0,10914644,12.02
18/10/2013,0,0,12.6(0.80 %),0,0,0,0,10914644,12.02
21/10/2013,0,0,12.6(0.00 %),0,0,0,0,10914644,12.02
22/10/2013,0,0,12.6(0.00 %),0,0,0,0,10914644,12.02
23/10/2013,0,0,12.6(0.00 %),0,0,0,0,10914644,12.02
24/10/2013,0,0,12.7(0.79 %),0,0,0,0,10914644,12.02
25/10/2013,0,0,12.6(-0.79 %),0,0,0,0,10914644,12.02
28/10/2013,0,0,12.6(0.00 %),0,0,0,0,10914644,12.02
29/10/2013,0,0,12.6(0.00 %),0,0,0,0,10914644,12.02
30/10/2013,0,0,12.6(0.00 %),0,0,0,0,10914644,12.02
31/10/2013,0,0,12.6(0.00 %),0,0,0,0,10914644,12.02
01/11/2013,400,4880000,12.6(0.00 %),400,4880000,0,0,10914953,12.02
04/11/2013,0,0,12.6(0.00 %),0,0,0,0,10914953,12.02
05/11/2013,0,0,12.5(-0.79 %),0,0,0,0,10914953,12.02
06/11/2013,0,0,12.5(0.00 %),0,0,0,0,10914953,12.02
07/11/2013,0,0,12.5(0.00 %),0,0,0,0,10914953,12.02
08/11/2013,0,0,12.5(0.00 %),0,0,0,0,10914953,12.02
11/11/2013,0,0,12.7(1.60 %),0,0,0,0,10914953,12.02
12/11/2013,0,0,12.6(-0.79 %),0,0,0,0,10914953,12.02
13/11/2013,0,0,12.5(-0.79 %),0,0,0,0,10914953,12.02
14/11/2013,0,0,12.6(0.80 %),0,0,0,0,10914953,12.02
15/11/2013,0,0,12.6(0.00 %),0,0,0,0,10914953,12.02
18/11/2013,-160,-2032000,12.5(-0.79 %),0,0,160,2032000,10915113,12.02
19/11/2013,0,0,12.7(1.60 %),0,0,0,0,10915113,12.02
20/11/2013,0,0,12.7(0.00 %),0,0,0,0,10915113,12.02
21/11/2013,-2640,-31416000,12.7(0.00 %),0,0,2640,31416000,10917753,12.01
22/11/2013,0,0,12.7(0.00 %),0,0,0,0,10917753,12.01
25/11/2013,0,0,12.6(-0.79 %),0,0,0,0,10917753,12.01
26/11/2013,0,0,12.6(0.00 %),0,0,0,0,10917753,12.01
27/11/2013,0,0,12.1(-3.97 %),0,0,0,0,10917753,12.01
28/11/2013,380,4636000,12.5(3.31 %),380,4636000,0,0,10917373,12.01
29/11/2013,0,0,12.5(0.00 %),0,0,0,0,10917373,12.01
02/12/2013,0,0,12.3(-1.60 %),0,0,0,0,10917373,12.01
03/12/2013,0,0,12.6(2.44 %),0,0,0,0,10917373,12.01
04/12/2013,0,0,12.6(0.00 %),0,0,0,0,10917373,12.01
05/12/2013,0,0,12.5(-0.79 %),0,0,0,0,10917373,12.01
06/12/2013,0,0,12.5(0.00 %),0,0,0,0,10917373,12.01
09/12/2013,0,0,12.5(0.00 %),0,0,0,0,10917373,12.01
10/12/2013,0,0,12.5(0.00 %),0,0,0,0,10917373,12.01
11/12/2013,0,0,12.4(-0.80 %),0,0,0,0,10917373,12.01
12/12/2013,0,0,12.4(0.00 %),0,0,0,0,10917373,12.01
13/12/2013,0,0,12.6(1.61 %),0,0,0,0,10917373,12.01
16/12/2013,0,0,12.5(-0.79 %),0,0,0,0,10917373,12.01
17/12/2013,0,0,12.5(0.00 %),0,0,0,0,10917373,12.01
18/12/2013,0,0,12.5(0.00 %),0,0,0,0,10917373,12.01
19/12/2013,0,0,12.5(0.00 %),0,0,0,0,10917373,12.01
20/12/2013,0,0,12.5(0.00 %),0,0,0,0,10917373,12.01
23/12/2013,0,0,12.5(0.00 %),0,0,0,0,10917373,12.01
24/12/2013,0,0,12.4(-0.80 %),0,0,0,0,10917373,12.01
25/12/2013,0,0,12.4(0.00 %),0,0,0,0,10917373,12.01
26/12/2013,0,0,12.5(0.81 %),0,0,0,0,10917373,12.01
27/12/2013,0,0,12.4(-0.80 %),0,0,0,0,10917373,12.01
30/12/2013,0,0,12.4(0.00 %),0,0,0,0,10917373,12.01
31/12/2013,5200,65000000,12.5(0.81 %),5200,65000000,0,0,10912173,12.03
02/01/2014,100,1250000,12.5(0.00 %),100,1250000,0,0,10912073,12.03
03/01/2014,4800,60000000,12.5(0.00 %),4800,60000000,0,0,10907273,12.05
06/01/2014,0,0,12.6(0.80 %),0,0,0,0,10907273,12.05
07/01/2014,100,1250000,12.6(0.00 %),100,1250000,0,0,10907173,12.05
08/01/2014,0,0,12.6(0.00 %),0,0,0,0,10907173,12.05
09/01/2014,0,0,12.4(-1.59 %),0,0,0,0,10907173,12.05
10/01/2014,100,1240000,12.4(0.00 %),100,1240000,0,0,10907073,12.05
13/01/2014,0,0,12(-3.23 %),0,0,0,0,10907073,12.05
14/01/2014,-1590,-19239000,12.4(3.33 %),0,0,1590,19239000,10908663,12.04
15/01/2014,0,0,12.3(-0.81 %),0,0,0,0,10908663,12.04
16/01/2014,0,0,12.2(-0.81 %),0,0,0,0,10908663,12.04
17/01/2014,0,0,12.1(-0.82 %),0,0,0,0,10908663,12.04
20/01/2014,-700,-8400000,12(-0.83 %),0,0,700,8400000,10909363,12.04
21/01/2014,1000,12000000,11.9(-0.83 %),1000,12000000,0,0,10908363,12.05
22/01/2014,0,0,11.9(0.00 %),0,0,0,0,10908363,12.05
23/01/2014,0,0,12(0.84 %),0,0,0,0,10908363,12.05
24/01/2014,0,0,12(0.00 %),0,0,0,0,10908363,12.05
27/01/2014,0,0,12(0.00 %),0,0,0,0,10908363,12.05
06/02/2014,-50,-580000,12(0.00 %),0,0,50,580000,10908363,12.05
07/02/2014,0,0,12(0.00 %),0,0,0,0,10908363,12.05
10/02/2014,100,1200000,12.1(0.83 %),100,1200000,0,0,10908263,12.05
11/02/2014,100,1280000,12.2(0.83 %),600,7380000,500,6100000,10908163,12.05
12/02/2014,5900,72840000,12.3(0.82 %),6400,78990000,500,6150000,10902263,12.07
13/02/2014,0,0,12.4(0.81 %),0,0,0,0,10902263,12.07
14/02/2014,-1000,-12200000,12.5(0.81 %),0,0,1000,12200000,10903263,12.06
17/02/2014,0,0,12.6(0.80 %),0,0,0,0,10903263,12.06
18/02/2014,-1500,-18450000,12.6(0.00 %),0,0,1500,18450000,10904763,12.06
19/02/2014,-500,-6250000,12.6(0.00 %),0,0,500,6250000,10905263,12.06
20/02/2014,0,0,12.4(-1.59 %),0,0,0,0,10905263,12.06
21/02/2014,-50,-610000,12.5(0.81 %),0,0,50,610000,10905313,12.06
24/02/2014,0,0,12.3(-1.60 %),0,0,0,0,10905313,12.06
25/02/2014,0,0,12.4(0.81 %),0,0,0,0,10905313,12.06
26/02/2014,0,0,12.4(0.00 %),0,0,0,0,10905313,12.06
27/02/2014,0,0,12.2(-1.61 %),0,0,0,0,10905313,12.06
28/02/2014,0,0,12.4(1.64 %),0,0,0,0,10905313,12.06
03/03/2014,-1300,-16220000,12.4(0.00 %),0,0,1300,16220000,10905363,12.06
04/03/2014,0,0,12.4(0.00 %),0,0,0,0,10905363,12.06
05/03/2014,0,0,12.5(0.81 %),0,0,0,0,10905363,12.06
06/03/2014,0,0,12.4(-0.80 %),0,0,0,0,10905363,12.06
07/03/2014,0,0,12.6(4.13 %),0,0,0,0,10905363,12.06
10/03/2014,-1000,-12500000,12.5(-0.79 %),0,0,1000,12500000,10906363,12.05
11/03/2014,0,0,12.5(0.00 %),0,0,0,0,10906363,12.05
12/03/2014,0,0,12.2(-2.40 %),0,0,0,0,10906363,12.05
13/03/2014,-5760,-70272000,12.5(2.46 %),0,0,5760,70272000,10912123,12.03
14/03/2014,-1910,-23684000,12.4(-0.80 %),0,0,1910,23684000,10914033,12.03
17/03/2014,700,8750000,12.5(0.81 %),700,8750000,0,0,10913333,12.03
18/03/2014,0,0,12.6(0.80 %),0,0,0,0,10913333,12.03
19/03/2014,0,0,12.8(1.59 %),0,0,0,0,10913333,12.03
20/03/2014,0,0,12.8(0.00 %),0,0,0,0,10913333,12.03
21/03/2014,0,0,12.8(0.00 %),0,0,0,0,10913333,12.03
24/03/2014,0,0,13(1.56 %),0,0,0,0,10913333,12.03
25/03/2014,0,0,13.1(0.77 %),0,0,0,0,10913333,12.03
26/03/2014,0,0,13(-0.76 %),0,0,0,0,10913333,12.03
27/03/2014,0,0,12.9(-0.77 %),0,0,0,0,10913333,12.03
28/03/2014,300,3870000,12.9(0.00 %),300,3870000,0,0,10913033,12.03
31/03/2014,-2500,-32500000,12.9(0.00 %),0,0,2500,32500000,10915533,12.02
01/04/2014,0,0,12.3(-4.65 %),0,0,0,0,10914333,12.03
02/04/2014,-17580,-214159000,12.5(1.63 %),0,0,17580,214159000,10931913,11.97
03/04/2014,0,0,12.6(0.80 %),0,0,0,0,10931913,11.97
04/04/2014,0,0,12.6(0.00 %),0,0,0,0,10931913,11.97
07/04/2014,10,123000,12.4(-1.59 %),10,123000,0,0,10931903,11.97
08/04/2014,10,123000,12.4(0.00 %),10,123000,0,0,10931893,11.97
10/04/2014,0,0,12.3(-0.81 %),0,0,0,0,10931893,11.97
11/04/2014,0,0,12.3(0.00 %),0,0,0,0,10931893,11.97
14/04/2014,0,0,12.3(0.00 %),0,0,0,0,10931893,11.97
15/04/2014,0,0,12.3(0.00 %),0,0,0,0,10931893,11.97
16/04/2014,0,0,11.6(-5.69 %),0,0,0,0,10931893,11.97
17/04/2014,0,0,12(3.45 %),0,0,0,0,10931893,11.97
18/04/2014,0,0,11.8(-1.67 %),0,0,0,0,10931893,11.97
21/04/2014,0,0,11.7(-0.85 %),0,0,0,0,10931893,11.97
22/04/2014,-13000,-149930000,11.6(-0.85 %),0,0,13000,149930000,10944893,11.92
23/04/2014,-7550,-84957000,11.4(-1.72 %),0,0,7550,84957000,10952443,11.9
24/04/2014,-15470,-174811000,11.3(-0.88 %),0,0,15470,174811000,10967913,11.84
25/04/2014,0,0,11.3(0.00 %),0,0,0,0,10967913,11.84
28/04/2014,-5000,-56000000,11.2(-0.88 %),0,0,5000,56000000,10972913,11.83
29/04/2014,-6010,-66312000,11(-1.79 %),0,0,6010,66312000,10978923,11.81
05/05/2014,-18970,-202339000,10.6(-3.64 %),0,0,18970,202339000,10970413,11.84
06/05/2014,-20000,-207000000,10.3(-2.83 %),0,0,20000,207000000,10990413,11.77
07/05/2014,0,0,10.7(3.88 %),0,0,0,0,10990413,11.77
08/05/2014,0,0,10.2(-4.67 %),0,0,0,0,10990413,11.77
09/05/2014,0,0,10(-1.96 %),0,0,0,0,10990413,11.77
12/05/2014,0,0,10(0.00 %),0,0,0,0,10990413,11.77
13/05/2014,0,0,10(0.00 %),0,0,0,0,10990413,11.77
14/05/2014,0,0,10.5(5.00 %),0,0,0,0,10990413,11.77
15/05/2014,0,0,10(-4.76 %),0,0,0,0,10990413,11.77
16/05/2014,-310,-3317000,10.7(7.00 %),0,0,310,3317000,10990723,11.77
19/05/2014,0,0,10.4(-2.80 %),0,0,0,0,10990723,11.77
20/05/2014,0,0,10.4(0.00 %),0,0,0,0,10990723,11.77
21/05/2014,0,0,10(-3.85 %),0,0,0,0,10990723,11.77
22/05/2014,300,3000000,9.9(-1.00 %),300,3000000,0,0,10990423,11.77
23/05/2014,0,0,9.8(-1.01 %),0,0,0,0,10990423,11.77
26/05/2014,0,0,10.1(3.06 %),0,0,0,0,10990423,11.77
27/05/2014,0,0,10.1(0.00 %),0,0,0,0,10990423,11.77
28/05/2014,0,0,10.2(0.99 %),0,0,0,0,10990423,11.77
29/05/2014,0,0,10.2(0.00 %),0,0,0,0,10990423,11.77
30/05/2014,0,0,10.2(0.00 %),0,0,0,0,10990423,11.77
02/06/2014,0,0,9.8(-3.92 %),0,0,0,0,11020403,11.67
03/06/2014,0,0,9.8(0.00 %),0,0,0,0,11020403,11.67
04/06/2014,0,0,9.6(-2.04 %),0,0,0,0,11020403,11.67
05/06/2014,0,0,9.3(-3.12 %),0,0,0,0,11020403,11.67
06/06/2014,0,0,9.7(4.30 %),0,0,0,0,11020403,11.67
09/06/2014,-19000,-172925000,9.5(-2.06 %),0,0,19000,172925000,11039403,11.6
10/06/2014,0,0,9.6(1.05 %),0,0,0,0,11039403,11.6
11/06/2014,0,0,9.3(-3.12 %),0,0,0,0,11039403,11.6
12/06/2014,0,0,9.3(0.00 %),0,0,0,0,11039403,11.6
13/06/2014,200,1800000,9.3(0.00 %),200,1800000,0,0,11039203,11.6
16/06/2014,0,0,9(-3.23 %),0,0,0,0,11039203,11.6
17/06/2014,0,0,9.3(3.33 %),0,0,0,0,11039203,11.6
18/06/2014,0,0,9.4(1.08 %),0,0,0,0,11039203,11.6
19/06/2014,-660,-6072000,9.2(-2.13 %),0,0,660,6072000,11039863,11.6
20/06/2014,0,0,9.2(0.00 %),0,0,0,0,11039863,11.6
23/06/2014,0,0,9.3(1.09 %),0,0,0,0,11039863,11.6
24/06/2014,-500,-4850000,9.7(4.30 %),0,0,500,4850000,11040363,11.6
25/06/2014,0,0,9.6(-1.03 %),0,0,0,0,11040363,11.6
26/06/2014,-1500,-13940000,9.5(-1.04 %),0,0,1500,13940000,11041863,11.59
27/06/2014,-3200,-29760000,9.3(-2.11 %),0,0,3200,29760000,11045063,11.58
30/06/2014,0,0,9.7(4.30 %),0,0,0,0,11045063,11.58
01/07/2014,0,0,9.5(-2.06 %),0,0,0,0,11040372,11.6
02/07/2014,0,0,9.6(1.05 %),0,0,0,0,11040372,11.6
03/07/2014,0,0,9.7(1.04 %),0,0,0,0,11040372,11.6
04/07/2014,0,0,9.8(1.03 %),0,0,0,0,11040372,11.6
07/07/2014,-2000,-19000000,9.8(0.00 %),0,0,2000,19000000,11042372,11.59
08/07/2014,-1020,-9894000,9.6(-2.04 %),0,0,1020,9894000,11043392,11.59
09/07/2014,-3400,-32300000,9.7(1.04 %),1380,13110000,4780,45410000,11046792,11.58
10/07/2014,-340,-3298000,9.7(0.00 %),0,0,340,3298000,11043692,11.59
11/07/2014,0,0,9.8(1.03 %),0,0,0,0,11045692,0.0
14/07/2014,0,0,9.7(-1.02 %),0,0,0,0,11045692,11.58
15/07/2014,-4660,-44736000,9.8(1.03 %),0,0,4660,44736000,11050352,11.56
16/07/2014,1620,15390000,9.7(-1.02 %),1620,15390000,0,0,11050212,0.0
17/07/2014,0,0,9.7(0.00 %),0,0,0,0,11050212,11.56
18/07/2014,800,7760000,9.7(0.00 %),800,7760000,0,0,11050212,11.56
21/07/2014,0,0,9.5(-2.06 %),0,0,0,0,11054072,0.0
22/07/2014,2000,18900000,9.4(-1.05 %),2000,18900000,0,0,11052072,0.0
23/07/2014,0,0,9.5(1.06 %),0,0,0,0,11052072,0.0
24/07/2014,0,0,9.5(0.00 %),0,0,0,0,11052072,0.0
25/07/2014,0,0,9.5(0.00 %),0,0,0,0,11052072,0.0
28/07/2014,0,0,9.4(-1.05 %),0,0,0,0,11052072,0.0
29/07/2014,0,0,9(-4.26 %),0,0,0,0,11052072,0.0
30/07/2014,0,0,9.2(2.22 %),0,0,0,0,11052072,0.0
31/07/2014,0,0,9.3(1.09 %),0,0,0,0,11052072,0.0
01/08/2014,0,0,9.1(-2.15 %),0,0,0,0,11052072,0.0
04/08/2014,0,0,9.4(3.30 %),0,0,0,0,11052072,0.0
05/08/2014,0,0,9.3(-1.06 %),0,0,0,0,11052072,0.0
06/08/2014,0,0,9.3(0.00 %),0,0,0,0,11052072,11.56
07/08/2014,0,0,9.3(0.00 %),0,0,0,0,11052072,11.56
08/08/2014,0,0,9.4(1.08 %),0,0,0,0,11052072,0.0
11/08/2014,-250,-2300000,9.3(-1.06 %),0,0,250,2300000,11052072,0.0
12/08/2014,0,0,9.3(0.00 %),0,0,0,0,11052080,0.0
13/08/2014,-190,-1767000,9.4(1.08 %),0,0,190,1767000,11052080,0.0
14/08/2014,0,0,9.4(0.00 %),0,0,0,0,11052080,11.56
15/08/2014,1000,9300000,9.3(-1.06 %),1000,9300000,0,0,11052330,11.56
18/08/2014,-3320,-30876000,9.4(1.08 %),0,0,3320,30876000,11051330,0.0
19/08/2014,0,0,9.3(-1.06 %),0,0,0,0,11051520,0.0
20/08/2014,0,0,9.3(0.00 %),0,0,0,0,11051520,0.0
21/08/2014,0,0,9.4(1.08 %),0,0,0,0,11051520,0.0
22/08/2014,0,0,9.7(3.19 %),0,0,0,0,11054840,11.55
25/08/2014,0,0,9.7(0.00 %),0,0,0,0,11054848,11.55
26/08/2014,0,0,9.8(1.03 %),0,0,0,0,11054848,11.55
27/08/2014,0,0,10(2.04 %),0,0,0,0,11054848,11.55
28/08/2014,0,0,9.8(-2.00 %),0,0,0,0,11054848,11.55
29/08/2014,0,0,9.8(0.00 %),0,0,0,0,11054848,0.0
03/09/2014,0,0,10(2.04 %),0,0,0,0,11054848,11.55
04/09/2014,0,0,9.8(-2.00 %),0,0,0,0,11054848,0.0
05/09/2014,0,0,9.8(0.00 %),0,0,0,0,11054848,0.0
08/09/2014,-52900,-505082000,9.9(1.02 %),0,0,52900,505082000,11054848,11.55
09/09/2014,-77940,-751194000,9.6(-3.03 %),0,0,77940,751194000,11054848,11.55
10/09/2014,0,0,9.8(2.08 %),0,0,0,0,11054848,0.0
11/09/2014,0,0,9.7(-1.02 %),0,0,0,0,11054848,0.0
12/09/2014,-7900,-75840000,9.6(-1.03 %),0,0,7900,75840000,11107748,0.0
15/09/2014,0,0,10(4.17 %),0,0,0,0,11185688,11.11
16/09/2014,-15390,-153900000,10(0.00 %),0,0,15390,153900000,11185688,0.0
17/09/2014,0,0,10(0.00 %),0,0,0,0,11185688,0.0
18/09/2014,0,0,10(0.00 %),0,0,0,0,11193588,0.0
19/09/2014,1000,10200000,10.2(2.00 %),1000,10200000,0,0,11192588,0.0
22/09/2014,0,0,10.3(0.98 %),0,0,0,0,11207978,0.0
23/09/2014,0,0,10.4(0.97 %),0,0,0,0,11207978,0.0
24/09/2014,0,0,10.5(0.96 %),0,0,0,0,11207978,11.03
25/09/2014,-1360,-13750000,10.5(0.00 %),0,0,1360,13750000,11209338,11.03
26/09/2014,0,0,10.5(0.00 %),0,0,0,0,11209338,11.03
29/09/2014,0,0,10.5(0.00 %),0,0,0,0,11207978,0.0
30/09/2014,0,0,10.6(0.95 %),0,0,0,0,11207978,0.0
01/10/2014,0,0,10.6(0.00 %),0,0,0,0,11209338,0.0
02/10/2014,0,0,10.6(0.00 %),0,0,0,0,11209338,0.0
03/10/2014,0,0,10.7(0.94 %),0,0,0,0,11209338,0.0
06/10/2014,9000,95400000,10.6(-0.93 %),9000,95400000,0,0,11200338,0.0
07/10/2014,0,0,10.6(0.00 %),0,0,0,0,11200338,0.0
08/10/2014,0,0,10.5(-0.94 %),0,0,0,0,11200338,0.0
09/10/2014,5000,53000000,10.9(3.81 %),5000,53000000,0,0,11195338,0.0
10/10/2014,0,0,10.6(-2.75 %),0,0,0,0,11195338,0.0
13/10/2014,0,0,11(3.77 %),0,0,0,0,11195338,11.07
14/10/2014,0,0,10.5(-4.55 %),0,0,0,0,11195338,11.07
15/10/2014,0,0,10.5(0.00 %),0,0,0,0,11195338,11.07
16/10/2014,0,0,10.4(-0.95 %),0,0,0,0,11195338,11.07
17/10/2014,0,0,9.7(-6.73 %),0,0,0,0,11195338,11.07
20/10/2014,0,0,10.3(6.19 %),0,0,0,0,11195338,11.07
21/10/2014,0,0,10.4(0.97 %),0,0,0,0,11195338,11.07
22/10/2014,0,0,10.2(-1.92 %),0,0,0,0,11195338,11.07
23/10/2014,0,0,10.8(5.88 %),0,0,0,0,11195338,11.07
24/10/2014,0,0,10.7(-0.93 %),0,0,0,0,11195338,11.07
27/10/2014,0,0,10.9(1.87 %),0,0,0,0,11195338,11.07
29/10/2014,0,0,10.9(0.00 %),0,0,0,0,11195338,11.07
30/10/2014,0,0,11(0.92 %),0,0,0,0,11195338,11.07
31/10/2014,2490,27390000,11(0.00 %),2490,27390000,0,0,11192848,11.08
03/11/2014,0,0,10.9(3.81 %),0,0,0,0,11192848,11.08
04/11/2014,0,0,10.9(0.00 %),0,0,0,0,11192848,11.08
05/11/2014,0,0,10.8(-0.92 %),0,0,0,0,11192848,11.08
06/11/2014,0,0,10.8(0.00 %),0,0,0,0,11192848,11.08
07/11/2014,0,0,10.6(-1.85 %),0,0,0,0,11192848,11.08
10/11/2014,0,0,10.6(0.00 %),0,0,0,0,11192848,11.08
11/11/2014,-9330,-97238000,10.2(-3.77 %),0,0,9330,97238000,11202178,11.05
12/11/2014,-6970,-71094000,10.7(4.90 %),0,0,6970,71094000,11209148,11.03
13/11/2014,0,0,10.7(0.00 %),0,0,0,0,11209148,11.03
14/11/2014,0,0,10.7(0.00 %),0,0,0,0,11209148,11.03
17/11/2014,0,0,10.5(-1.87 %),0,0,0,0,11209148,11.03
18/11/2014,0,0,10.5(0.00 %),0,0,0,0,11209148,11.03
19/11/2014,0,0,10.6(0.95 %),0,0,0,0,11209148,11.03
20/11/2014,0,0,10.6(0.00 %),0,0,0,0,11209148,0.0
21/11/2014,0,0,10.6(0.00 %),0,0,0,0,11209148,0.0
24/11/2014,0,0,10.6(0.00 %),0,0,0,0,11209148,0.0
25/11/2014,0,0,10.6(0.00 %),0,0,0,0,11209148,0.0
26/11/2014,0,0,10.5(-0.94 %),0,0,0,0,11209148,0.0
27/11/2014,0,0,10.5(0.00 %),0,0,0,0,11209148,0.0
28/11/2014,0,0,10.4(-0.95 %),0,0,0,0,11209148,0.0
01/12/2014,0,0,10.3(-0.96 %),0,0,0,0,11209148,0.0
02/12/2014,0,0,10.3(0.00 %),0,0,0,0,11209148,0.0
03/12/2014,0,0,10.3(0.00 %),0,0,0,0,11209148,0.0
04/12/2014,0,0,10.2(-0.97 %),0,0,0,0,11209148,0.0
05/12/2014,0,0,10.2(0.00 %),0,0,0,0,11209148,0.0
08/12/2014,0,0,10.3(0.98 %),0,0,0,0,11209148,0.0
09/12/2014,0,0,10.3(0.00 %),0,0,0,0,11209148,0.0
10/12/2014,0,0,10.4(0.97 %),0,0,0,0,11209148,0.0
11/12/2014,0,0,10.3(-0.96 %),0,0,0,0,11209148,0.0
12/12/2014,0,0,10.3(0.00 %),0,0,0,0,11209148,11.03
15/12/2014,0,0,10(-2.91 %),0,0,0,0,11209148,0.0
16/12/2014,0,0,10.1(1.00 %),0,0,0,0,11209148,0.0
17/12/2014,-3160,-31300000,10(-0.99 %),0,0,3160,31300000,11209148,0.0
18/12/2014,0,0,10.1(1.00 %),0,0,0,0,11209148,0.0
19/12/2014,0,0,10(-0.99 %),0,0,0,0,11209148,0.0
22/12/2014,0,0,10.1(1.00 %),0,0,0,0,11209148,11.03
23/12/2014,1000,9900000,10(-0.99 %),1000,9900000,0,0,11211308,0.0
24/12/2014,0,0,10(0.00 %),0,0,0,0,11211308,0.0
25/12/2014,0,0,10.3(3.00 %),0,0,0,0,11211308,0.0
26/12/2014,0,0,10.3(0.00 %),0,0,0,0,11211308,11.02
29/12/2014,0,0,10.5(1.94 %),0,0,0,0,11211308,11.02
30/12/2014,0,0,10.4(-0.95 %),0,0,0,0,11211308,11.02
31/12/2014,0,0,10.7(2.88 %),0,0,0,0,11211308,11.02
05/01/2015,0,0,10.6(-0.93 %),0,0,0,0,11211308,11.02
06/01/2015,0,0,10.6(0.00 %),0,0,0,0,11211308,11.02
07/01/2015,0,0,10.5(-0.94 %),0,0,0,0,11211308,11.02
08/01/2015,0,0,10.5(0.00 %),0,0,0,0,11211308,11.02
09/01/2015,0,0,10.5(0.00 %),0,0,0,0,11211308,11.02
12/01/2015,0,0,10.5(0.00 %),0,0,0,0,11211308,11.02
13/01/2015,0,0,10.5(0.00 %),0,0,0,0,11211308,11.02
14/01/2015,0,0,10.5(0.00 %),0,0,0,0,11211308,11.02
15/01/2015,0,0,10.2(-2.86 %),0,0,0,0,11211308,11.02
16/01/2015,0,0,10.2(0.00 %),0,0,0,0,11211308,11.02
19/01/2015,0,0,10.3(0.98 %),0,0,0,0,11211308,11.02
20/01/2015,0,0,10.3(0.00 %),0,0,0,0,11211308,11.02
21/01/2015,2000,20200000,10.3(0.00 %),2000,20200000,0,0,11209308,11.03
22/01/2015,0,0,10.2(-0.97 %),0,0,0,0,11209308,11.03
23/01/2015,0,0,10.2(0.00 %),0,0,0,0,11209308,11.03
26/01/2015,0,0,10.2(0.00 %),0,0,0,0,11209308,11.03
27/01/2015,0,0,10.3(0.98 %),0,0,0,0,11209308,11.03
28/01/2015,0,0,10.2(-0.97 %),0,0,0,0,11209308,11.03
29/01/2015,0,0,10.2(0.00 %),0,0,0,0,11209308,11.03
30/01/2015,0,0,9.9(-2.94 %),0,0,0,0,11209308,11.03
02/02/2015,0,0,9.9(0.00 %),0,0,0,0,11209308,11.03
03/02/2015,-3120,-30888000,10(1.01 %),0,0,3120,30888000,11212428,11.02
04/02/2015,0,0,10(0.00 %),0,0,0,0,11212428,11.02
05/02/2015,0,0,10(0.00 %),0,0,0,0,11212428,11.02
06/02/2015,0,0,10(0.00 %),0,0,0,0,11212428,11.02
09/02/2015,0,0,10(0.00 %),0,0,0,0,11212428,11.02
10/02/2015,0,0,9.8(-2.00 %),0,0,0,0,11212428,11.02
11/02/2015,0,0,10(2.04 %),0,0,0,0,11212428,11.02
12/02/2015,0,0,10(0.00 %),0,0,0,0,11212428,11.02
13/02/2015,0,0,10.1(1.00 %),0,0,0,0,11212428,11.02
24/02/2015,0,0,10.1(0.00 %),0,0,0,0,11212428,11.02
25/02/2015,1310,12707000,9.7(-3.96 %),1310,12707000,0,0,11211118,11.02
26/02/2015,0,0,9.9(2.06 %),0,0,0,0,11211118,11.02
27/02/2015,0,0,9.9(0.00 %),0,0,0,0,11211118,11.02
02/03/2015,0,0,9.9(0.00 %),0,0,0,0,11211118,11.02
03/03/2015,0,0,9.9(0.00 %),0,0,0,0,11211118,11.02
04/03/2015,0,0,9.9(0.00 %),0,0,0,0,11211118,11.02
05/03/2015,0,0,10.1(2.02 %),0,0,0,0,11211118,11.02
06/03/2015,0,0,10.1(0.00 %),0,0,0,0,11211118,11.02
09/03/2015,0,0,9.8(-2.97 %),0,0,0,0,11211118,11.02
10/03/2015,0,0,9.8(0.00 %),0,0,0,0,11211118,11.02
11/03/2015,-19270,-187054000,9.8(0.00 %),0,0,19270,187054000,11230388,10.95
12/03/2015,-1500,-14550000,9.8(0.00 %),0,0,1500,14550000,11231888,10.95
13/03/2015,-1230,-12054000,9.8(0.00 %),0,0,1230,12054000,11233118,10.95
16/03/2015,-1690,-16393000,9.7(-1.02 %),0,0,1690,16393000,11234808,10.94
17/03/2015,-11400,-109540000,9.7(0.00 %),0,0,11400,109540000,11246208,10.9
18/03/2015,-5000,-48000000,9.7(0.00 %),0,0,5000,48000000,11251208,10.88
19/03/2015,-1780,-17088000,9.7(0.00 %),0,0,1780,17088000,11252988,10.88
20/03/2015,-18990,-182304000,9.7(0.00 %),0,0,18990,182304000,11271978,10.81
23/03/2015,-9420,-89614000,9.6(-1.03 %),0,0,9420,89614000,11281398,10.78
24/03/2015,-3400,-32640000,9.6(0.00 %),0,0,3400,32640000,11284798,10.77
25/03/2015,-3400,-32640000,9.6(0.00 %),0,0,3400,32640000,11288198,10.76
26/03/2015,0,0,9.6(0.00 %),0,0,0,0,11288198,10.76
27/03/2015,0,0,9.4(-2.08 %),0,0,0,0,11288198,10.76
30/03/2015,-4050,-37974000,9.3(-1.06 %),0,0,4050,37974000,11292248,10.75
31/03/2015,-4000,-38000000,9.5(2.15 %),0,0,4000,38000000,11296248,10.73
01/04/2015,0,0,9.5(0.00 %),0,0,0,0,11284798,10.77
02/04/2015,0,0,9.4(-1.05 %),0,0,0,0,11284798,10.77
03/04/2015,-2000,-19000000,9.5(1.06 %),0,0,2000,19000000,11286798,10.76
06/04/2015,-90,-855000,9.5(0.00 %),0,0,90,855000,11286888,10.76
07/04/2015,-3090,-29310000,9.5(0.00 %),0,0,3090,29310000,11289978,10.75
08/04/2015,0,0,9.3(-2.11 %),0,0,0,0,11289978,10.75
09/04/2015,0,0,9.3(0.00 %),0,0,0,0,11289978,10.75
10/04/2015,-2160,-20088000,9.3(0.00 %),0,0,2160,20088000,11292138,10.75
13/04/2015,-3000,-27900000,9.3(0.00 %),0,0,3000,27900000,11295138,10.74
14/04/2015,-2070,-19251000,9.3(0.00 %),0,0,2070,19251000,11297208,10.73
15/04/2015,-3000,-27900000,9.3(0.00 %),0,0,3000,27900000,11300208,10.72
16/04/2015,0,0,9.3(0.00 %),0,0,0,0,11300208,10.72
17/04/2015,0,0,9.1(-2.15 %),0,0,0,0,11300208,10.72
20/04/2015,-1230,-10455000,8.5(-6.59 %),300,2550000,1530,13005000,11301438,10.71
21/04/2015,-15270,-122160000,8(-5.88 %),0,0,15270,122160000,11316708,10.66
22/04/2015,0,0,8.2(2.50 %),0,0,0,0,11316708,10.66
23/04/2015,0,0,8.4(2.44 %),0,0,0,0,11316708,10.66
24/04/2015,0,0,8.2(-2.38 %),0,0,0,0,11316708,10.66
27/04/2015,0,0,8.3(1.22 %),0,0,0,0,11316708,10.66
04/05/2015,0,0,8(-3.61 %),0,0,0,0,11324758,10.63
05/05/2015,0,0,8(0.00 %),0,0,0,0,11324758,10.63
06/05/2015,-1870,-14851000,8(0.00 %),0,0,1870,14851000,11326628,10.63
07/05/2015,-500,-4000000,8(0.00 %),0,0,500,4000000,11327128,10.63
08/05/2015,-2400,-19200000,8(0.00 %),0,0,2400,19200000,11329528,10.62
11/05/2015,-3760,-29349000,8.3(3.75 %),0,0,3760,29349000,11333288,10.61
12/05/2015,0,0,8.1(-2.41 %),0,0,0,0,11333288,10.61
13/05/2015,0,0,8.3(2.47 %),0,0,0,0,11333288,10.61
14/05/2015,0,0,8.2(-1.20 %),0,0,0,0,11333288,10.61
15/05/2015,0,0,8.2(0.00 %),0,0,0,0,11333288,10.61
18/05/2015,0,0,8.1(-1.22 %),0,0,0,0,11333288,10.61
19/05/2015,-300,-2490000,8.1(0.00 %),0,0,300,2490000,11333588,10.61
20/05/2015,0,0,8.1(0.00 %),0,0,0,0,11333588,10.61
21/05/2015,0,0,7.9(-2.47 %),0,0,0,0,11333588,10.61
22/05/2015,0,0,8.4(6.33 %),0,0,0,0,11333588,10.61
25/05/2015,0,0,8.6(2.38 %),0,0,0,0,11333588,10.61
26/05/2015,0,0,9(4.65 %),0,0,0,0,11333588,10.61
27/05/2015,0,0,9(0.00 %),0,0,0,0,11333588,10.61
28/05/2015,0,0,9.3(3.33 %),0,0,0,0,11333588,10.61
29/05/2015,0,0,9(-3.23 %),0,0,0,0,11333588,10.61
01/06/2015,0,0,9(0.00 %),0,0,0,0,11333588,10.61
02/06/2015,0,0,8.5(-5.56 %),0,0,0,0,11333588,10.61
03/06/2015,0,0,8.7(2.35 %),0,0,0,0,11333588,10.61
04/06/2015,0,0,8.8(1.15 %),0,0,0,0,11333588,10.61
05/06/2015,0,0,8.7(-1.14 %),0,0,0,0,11333588,10.61
08/06/2015,0,0,8.5(-2.30 %),0,0,0,0,11333588,10.61
09/06/2015,0,0,8.8(3.53 %),0,0,0,0,11333588,10.61
10/06/2015,0,0,8.8(0.00 %),0,0,0,0,11333588,10.61
11/06/2015,0,0,8.6(-2.27 %),0,0,0,0,11333588,10.61
12/06/2015,0,0,8.8(2.33 %),0,0,0,0,11333588,10.61
15/06/2015,0,0,9(2.27 %),0,0,0,0,11333588,10.61
16/06/2015,0,0,8.9(-1.11 %),0,0,0,0,11333588,10.61
17/06/2015,0,0,8.8(-1.12 %),0,0,0,0,11333588,10.61
18/06/2015,0,0,8.5(-3.41 %),0,0,0,0,11333588,10.61
19/06/2015,0,0,8.7(2.35 %),0,0,0,0,11333588,10.61
22/06/2015,-1750,-14735000,8.7(0.00 %),0,0,1750,14735000,11335338,10.6
23/06/2015,0,0,8.4(-3.45 %),0,0,0,0,11335338,10.6
24/06/2015,0,0,8.7(3.57 %),0,0,0,0,11335338,10.6
25/06/2015,0,0,8.7(0.00 %),0,0,0,0,11335338,10.6
26/06/2015,0,0,8.7(0.00 %),0,0,0,0,11335338,10.6
29/06/2015,0,0,8.7(0.00 %),0,0,0,0,11335338,10.6
30/06/2015,0,0,8.6(-1.15 %),0,0,0,0,11335338,10.6
01/07/2015,0,0,8.6(0.00 %),0,0,0,0,11335338,10.6
02/07/2015,0,0,8.7(1.16 %),0,0,0,0,11335338,10.6
03/07/2015,0,0,8.1(-6.90 %),0,0,0,0,11335338,10.6
06/07/2015,0,0,8.4(3.70 %),0,0,0,0,11335338,10.6
07/07/2015,-140,-1176000,8.4(0.00 %),0,0,140,1176000,11335478,10.6
08/07/2015,0,0,8.3(-1.19 %),0,0,0,0,11335478,10.6
09/07/2015,0,0,8.3(0.00 %),0,0,0,0,11335478,10.6
10/07/2015,0,0,8.1(-2.41 %),0,0,0,0,11335478,10.6
13/07/2015,0,0,8.3(2.47 %),0,0,0,0,11335478,10.6
14/07/2015,0,0,8.2(-1.20 %),0,0,0,0,11335478,10.6
15/07/2015,0,0,8.2(0.00 %),0,0,0,0,11335478,10.6
16/07/2015,0,0,8.2(0.00 %),0,0,0,0,11335478,10.6
17/07/2015,0,0,8.4(2.44 %),0,0,0,0,11335478,10.6
20/07/2015,0,0,8.3(-1.19 %),0,0,0,0,11335478,10.6
21/07/2015,690,5727000,8.3(0.00 %),690,5727000,0,0,11334788,10.6
22/07/2015,8000,66400000,8.3(0.00 %),8000,66400000,0,0,11326788,10.63
23/07/2015,0,0,7.9(-4.82 %),0,0,0,0,11326788,10.63
24/07/2015,3000,23700000,7.9(0.00 %),3000,23700000,0,0,11323788,10.64
27/07/2015,0,0,8.2(3.80 %),0,0,0,0,11323788,10.64
28/07/2015,0,0,7.7(-6.10 %),0,0,0,0,11323788,10.64
29/07/2015,3100,24770000,7.7(0.00 %),3100,24770000,0,0,11320688,10.65
30/07/2015,-990,-7130000,7.2(-6.49 %),0,0,990,7130000,11321678,10.65
31/07/2015,150,1080000,7(-2.78 %),150,1080000,0,0,11321528,10.65
03/08/2015,3720,25670000,7(0.00 %),3720,25670000,0,0,11316818,10.66
04/08/2015,0,0,6.6(-5.71 %),0,0,0,0,11316818,10.66
05/08/2015,0,0,6.9(4.55 %),0,0,0,0,11316818,10.66
06/08/2015,200,1300000,6.8(-1.45 %),200,1300000,0,0,11316618,10.66
07/08/2015,11500,79350000,6.8(0.00 %),11500,79350000,0,0,11305118,10.7
10/08/2015,150,960000,6.7(-1.47 %),150,960000,0,0,11304968,10.7
11/08/2015,100,670000,6.5(-2.99 %),100,670000,0,0,11304868,10.7
12/08/2015,300,1910000,6.5(0.00 %),300,1910000,0,0,11304568,10.7
13/08/2015,100,650000,6.4(-1.54 %),100,650000,0,0,11304468,10.7
14/08/2015,100,650000,6.2(-3.12 %),100,650000,0,0,11304368,10.7
17/08/2015,-150,-960000,6.3(1.61 %),100,640000,250,1600000,11304518,10.7
18/08/2015,-250,-1600000,6.5(3.17 %),0,0,250,1600000,11304768,10.7
19/08/2015,0,0,6.4(-1.54 %),0,0,0,0,11304768,10.7
20/08/2015,0,0,6.4(0.00 %),0,0,0,0,11304768,10.7
21/08/2015,0,0,6.4(0.00 %),0,0,0,0,11304768,10.7
24/08/2015,100,630000,6(-6.25 %),100,630000,0,0,11304668,10.7
25/08/2015,0,0,5.6(-6.67 %),0,0,0,0,11304668,10.7
26/08/2015,0,0,5.6(0.00 %),0,0,0,0,11304668,10.7
27/08/2015,0,0,5.5(-1.79 %),0,0,0,0,11304668,10.7
28/08/2015,0,0,5.8(5.45 %),0,0,0,0,11304668,10.7
31/08/2015,0,0,6.1(5.17 %),0,0,0,0,11304668,10.7
01/09/2015,0,0,6.4(4.92 %),0,0,0,0,11305662,10.7
03/09/2015,-300,-1950000,6.5(1.56 %),0,0,300,1950000,11305962,10.7
04/09/2015,0,0,6.4(-1.54 %),0,0,0,0,11305962,10.7
07/09/2015,0,0,6.4(0.00 %),0,0,0,0,11305962,10.7
08/09/2015,0,0,6.4(0.00 %),0,0,0,0,11305962,10.7
09/09/2015,0,0,6.4(0.00 %),0,0,0,0,11305962,10.7
10/09/2015,0,0,6.4(0.00 %),0,0,0,0,11305962,10.7
11/09/2015,1000,6500000,6.4(0.00 %),1000,6500000,0,0,11304962,10.7
14/09/2015,0,0,6.4(0.00 %),0,0,0,0,11304962,10.7
15/09/2015,0,0,6.1(-4.69 %),0,0,0,0,11304962,10.7
16/09/2015,0,0,6.1(0.00 %),0,0,0,0,11304962,10.7
17/09/2015,0,0,6.5(6.56 %),0,0,0,0,11304962,10.7
18/09/2015,0,0,6.4(-1.54 %),0,0,0,0,11304962,10.7
21/09/2015,0,0,6.5(1.56 %),0,0,0,0,11304962,10.7
22/09/2015,0,0,6.2(-4.62 %),0,0,0,0,11304962,10.7
23/09/2015,0,0,6.5(4.84 %),0,0,0,0,11304962,10.7
24/09/2015,0,0,6.7(3.08 %),0,0,0,0,11304962,10.7
25/09/2015,0,0,6.6(-1.49 %),0,0,0,0,11304962,10.7
28/09/2015,0,0,6.4(-3.03 %),0,0,0,0,11304962,10.7
29/09/2015,-10560,-63360000,6.3(-1.56 %),0,0,10560,63360000,11315522,10.67
30/09/2015,0,0,6.2(-1.59 %),0,0,0,0,11315522,10.67
01/10/2015,0,0,6(-3.23 %),0,0,0,0,11304962,10.7
02/10/2015,0,0,6.4(6.67 %),0,0,0,0,11304962,10.7
05/10/2015,0,0,6.6(3.12 %),0,0,0,0,11304962,10.7
06/10/2015,0,0,6.6(0.00 %),0,0,0,0,11304962,10.7
07/10/2015,0,0,6.6(0.00 %),0,0,0,0,11304962,10.7
08/10/2015,0,0,6.6(0.00 %),0,0,0,0,11304962,10.7
09/10/2015,0,0,6.4(-3.03 %),0,0,0,0,11304962,10.7
12/10/2015,0,0,6.5(1.56 %),0,0,0,0,11304962,10.7
13/10/2015,0,0,6.6(1.54 %),0,0,0,0,11304962,10.7
14/10/2015,800,5280000,6.6(0.00 %),800,5280000,0,0,11304162,10.7
15/10/2015,0,0,6.8(3.03 %),0,0,0,0,11304162,10.7
16/10/2015,-200,-1340000,6.9(1.47 %),0,0,200,1340000,11304362,10.7
19/10/2015,0,0,6.8(-1.45 %),0,0,0,0,11304362,10.7
20/10/2015,0,0,6.9(1.47 %),0,0,0,0,11304362,10.7
21/10/2015,200,1360000,6.6(-4.35 %),200,1360000,0,0,11304162,10.7
22/10/2015,0,0,6.8(3.03 %),0,0,0,0,11304162,10.7
23/10/2015,0,0,6.8(0.00 %),0,0,0,0,11304162,10.7
26/10/2015,0,0,6.8(0.00 %),0,0,0,0,11304162,10.7
27/10/2015,0,0,6.8(0.00 %),0,0,0,0,11304162,10.7
28/10/2015,-960,-6240000,6.8(0.00 %),0,0,960,6240000,11305122,10.7
29/10/2015,0,0,6.8(0.00 %),0,0,0,0,11305122,10.7
30/10/2015,-1060,-7000000,6.9(1.47 %),0,0,1060,7000000,11306182,10.7
02/11/2015,0,0,6.9(0.00 %),0,0,0,0,11314722,10.67
03/11/2015,0,0,6.7(-2.90 %),0,0,0,0,11314722,10.67
04/11/2015,0,0,6.7(0.00 %),0,0,0,0,11314722,10.67
05/11/2015,0,0,6.7(0.00 %),0,0,0,0,11314722,10.67
06/11/2015,0,0,6.7(0.00 %),0,0,0,0,11314722,10.67
09/11/2015,0,0,6.8(1.49 %),0,0,0,0,11314722,10.67
10/11/2015,-240,-1560000,6.5(-4.41 %),0,0,240,1560000,11314962,10.67
11/11/2015,0,0,6.8(4.62 %),0,0,0,0,11314962,10.67
12/11/2015,0,0,6.5(-4.41 %),0,0,0,0,11314962,10.67
13/11/2015,0,0,6.8(4.62 %),0,0,0,0,11314962,10.67
16/11/2015,0,0,6.8(0.00 %),0,0,0,0,11314962,10.67
17/11/2015,0,0,6.8(0.00 %),0,0,0,0,11314962,10.67
18/11/2015,0,0,6.5(-4.41 %),0,0,0,0,11314962,10.67
19/11/2015,0,0,6.5(0.00 %),0,0,0,0,11314962,10.67
20/11/2015,0,0,6.8(4.62 %),0,0,0,0,11314962,10.67
23/11/2015,0,0,6.8(0.00 %),0,0,0,0,11314962,10.67
24/11/2015,0,0,6.8(0.00 %),0,0,0,0,11316985,10.66
25/11/2015,0,0,6.7(-1.47 %),0,0,0,0,11316985,10.66
26/11/2015,0,0,6.8(1.49 %),0,0,0,0,11316985,10.66
27/11/2015,0,0,6.8(0.00 %),0,0,0,0,11316985,10.66
30/11/2015,0,0,6.7(-1.47 %),0,0,0,0,11316985,10.66
01/12/2015,-1970,-13400000,6.8(1.49 %),0,0,1970,13400000,11316985,10.66
02/12/2015,-500,-3400000,6.8(0.00 %),0,0,500,3400000,11316985,10.66
03/12/2015,0,0,6.8(0.00 %),0,0,0,0,11316985,10.66
04/12/2015,0,0,6.8(0.00 %),0,0,0,0,11316985,10.66
07/12/2015,0,0,6.8(0.00 %),0,0,0,0,11318955,10.65
08/12/2015,0,0,6.8(0.00 %),0,0,0,0,11319455,10.65
09/12/2015,-2640,-17690000,6.8(0.00 %),0,0,2640,17690000,11319455,10.65
10/12/2015,0,0,6.8(0.00 %),0,0,0,0,11319455,10.65
11/12/2015,0,0,6.8(0.00 %),0,0,0,0,11319455,10.65
14/12/2015,0,0,6.8(0.00 %),0,0,0,0,11319455,10.65
15/12/2015,0,0,6.8(0.00 %),0,0,0,0,11322095,10.64
16/12/2015,0,0,6.8(0.00 %),0,0,0,0,11322095,10.64
17/12/2015,0,0,6.9(1.47 %),0,0,0,0,11322095,10.64
18/12/2015,0,0,6.9(0.00 %),0,0,0,0,11322095,10.64
21/12/2015,0,0,7(1.45 %),0,0,0,0,11322095,10.64
22/12/2015,0,0,7(0.00 %),0,0,0,0,11322095,10.64
23/12/2015,0,0,7(0.00 %),0,0,0,0,11322095,10.64
24/12/2015,0,0,7(0.00 %),0,0,0,0,11322095,10.64
25/12/2015,0,0,7(0.00 %),0,0,0,0,11322095,10.64
28/12/2015,0,0,7(0.00 %),0,0,0,0,11322095,10.64
29/12/2015,0,0,7.1(1.43 %),0,0,0,0,11322095,10.64
30/12/2015,0,0,7.1(0.00 %),0,0,0,0,11322095,10.64
31/12/2015,0,0,7.2(1.41 %),0,0,0,0,11322095,10.64
04/01/2016,0,0,7.3(1.39 %),0,0,0,0,11322095,10.64
05/01/2016,0,0,7.3(0.00 %),0,0,0,0,11322095,10.64
06/01/2016,0,0,7.3(0.00 %),0,0,0,0,11322095,10.64
07/01/2016,0,0,7.3(0.00 %),0,0,0,0,11322095,10.64
08/01/2016,0,0,7.2(-1.37 %),0,0,0,0,11322095,10.64
11/01/2016,0,0,7.2(0.00 %),0,0,0,0,11322095,10.64
12/01/2016,0,0,7.2(0.00 %),0,0,0,0,11322095,10.64
13/01/2016,0,0,7.1(-1.39 %),0,0,0,0,11322095,10.64
14/01/2016,0,0,7.2(1.41 %),0,0,0,0,11322095,10.64
15/01/2016,0,0,6.7(-6.94 %),0,0,0,0,11322095,10.64
18/01/2016,0,0,7.1(5.97 %),0,0,0,0,11322095,10.64
19/01/2016,0,0,7.1(0.00 %),0,0,0,0,11322095,10.64
20/01/2016,0,0,7.1(0.00 %),0,0,0,0,11322095,10.64
21/01/2016,0,0,7.1(0.00 %),0,0,0,0,11322095,10.64
22/01/2016,0,0,7(-1.41 %),0,0,0,0,11322095,10.64
25/01/2016,0,0,7.2(2.86 %),0,0,0,0,11322095,10.64
26/01/2016,0,0,6.8(-5.56 %),0,0,0,0,11322095,10.64
27/01/2016,0,0,7(2.94 %),0,0,0,0,11322095,10.64
28/01/2016,10,70000,7(0.00 %),10,70000,0,0,11322085,10.64
29/01/2016,0,0,7.2(2.86 %),0,0,0,0,11322085,10.64
01/02/2016,0,0,7.2(0.00 %),0,0,0,0,11322085,10.64
02/02/2016,0,0,7.2(0.00 %),0,0,0,0,11322085,10.64
03/02/2016,0,0,7.1(-1.39 %),0,0,0,0,11322085,10.64
04/02/2016,0,0,7.1(0.00 %),0,0,0,0,11322085,10.64
05/02/2016,3700,26910000,7.3(2.82 %),4000,29100000,300,2190000,11318085,10.66
15/02/2016,0,0,7.3(0.00 %),0,0,0,0,11318085,10.66
16/02/2016,0,0,7.2(-1.37 %),0,0,0,0,11318085,10.66
17/02/2016,0,0,7.2(0.00 %),0,0,0,0,11318385,10.66
18/02/2016,0,0,7.2(0.00 %),0,0,0,0,11318385,10.66
19/02/2016,0,0,7.1(-1.39 %),0,0,0,0,11318385,10.66
22/02/2016,-2000,-14200000,7.2(1.41 %),0,0,2000,14200000,11318385,10.66
23/02/2016,0,0,6.8(-5.56 %),0,0,0,0,11318385,10.66
24/02/2016,0,0,7.2(5.88 %),0,0,0,0,11318385,10.66
25/02/2016,0,0,7.2(0.00 %),0,0,0,0,11320385,10.65
26/02/2016,0,0,7.3(1.39 %),0,0,0,0,11320385,10.65
29/02/2016,0,0,7.2(-1.37 %),0,0,0,0,11320385,10.65
01/03/2016,0,0,7.2(0.00 %),0,0,0,0,11320385,10.65
02/03/2016,0,0,7.2(0.00 %),0,0,0,0,11320385,10.65
03/03/2016,0,0,7.3(1.39 %),0,0,0,0,11320385,10.65
04/03/2016,0,0,7.3(0.00 %),0,0,0,0,11320385,10.65
07/03/2016,0,0,7.4(1.37 %),0,0,0,0,11320385,10.65
08/03/2016,0,0,7.6(2.70 %),0,0,0,0,11320385,10.65
09/03/2016,0,0,7.9(3.95 %),0,0,0,0,11320385,10.65
10/03/2016,0,0,7.9(0.00 %),0,0,0,0,11320385,10.65
11/03/2016,0,0,8.2(3.80 %),0,0,0,0,11320385,10.65
14/03/2016,0,0,8.4(2.44 %),0,0,0,0,11320385,10.65
15/03/2016,0,0,8.5(1.19 %),0,0,0,0,11320385,10.65
16/03/2016,0,0,8.6(1.18 %),0,0,0,0,11320385,10.65
17/03/2016,0,0,8.6(0.00 %),0,0,0,0,11320385,10.65
18/03/2016,0,0,8.7(1.16 %),0,0,0,0,11320385,10.65
21/03/2016,0,0,8.6(-1.15 %),0,0,0,0,11320385,10.65
22/03/2016,0,0,8.7(1.16 %),0,0,0,0,11320385,10.65
23/03/2016,0,0,9.2(5.75 %),0,0,0,0,11320385,10.65
24/03/2016,0,0,9.2(0.00 %),0,0,0,0,11320385,10.65
25/03/2016,0,0,9.4(2.17 %),0,0,0,0,11320385,10.65
28/03/2016,0,0,9.5(1.06 %),0,0,0,0,11320385,10.65
29/03/2016,0,0,9.5(0.00 %),0,0,0,0,11320385,10.65
30/03/2016,0,0,9.7(2.11 %),0,0,0,0,11320385,10.65
31/03/2016,0,0,9.6(-1.03 %),0,0,0,0,11320385,10.65
01/04/2016,0,0,9.6(0.00 %),0,0,0,0,11320385,10.65
04/04/2016,0,0,9(-6.25 %),0,0,0,0,11320385,10.65
05/04/2016,0,0,9.4(4.44 %),0,0,0,0,11320385,10.65
06/04/2016,0,0,9.5(1.06 %),0,0,0,0,11320385,10.65
07/04/2016,0,0,9.5(0.00 %),0,0,0,0,11320385,10.65
08/04/2016,-3000,-28500000,9.5(0.00 %),0,0,3000,28500000,11320385,10.65
11/04/2016,-1100,-10450000,9.9(4.21 %),0,0,1100,10450000,11320385,10.65
12/04/2016,-18000,-185400000,9.5(-4.04 %),0,0,18000,185400000,11320385,10.65
13/04/2016,0,0,10(5.26 %),0,0,0,0,11323385,10.64
14/04/2016,0,0,10.1(1.00 %),0,0,0,0,11324485,10.64
15/04/2016,0,0,10.2(0.99 %),0,0,0,0,11342485,10.57
19/04/2016,0,0,10.4(1.96 %),0,0,0,0,11342485,10.57
20/04/2016,-5280,-52800000,10.5(0.96 %),0,0,5280,52800000,11342485,10.57
21/04/2016,0,0,10.5(0.00 %),0,0,0,0,11342485,10.57
22/04/2016,0,0,10.5(0.00 %),0,0,0,0,11342485,10.57
25/04/2016,-175000,-1960000000,11.2(6.67 %),0,0,175000,1960000000,11347765,10.56
26/04/2016,0,0,11.2(0.00 %),0,0,0,0,11347765,10.56
27/04/2016,0,0,11.2(0.00 %),0,0,0,0,11347765,10.56
28/04/2016,0,0,10.5(-6.25 %),0,0,0,0,11522765,9.96
29/04/2016,0,0,10.3(-1.90 %),0,0,0,0,11522765,9.96
04/05/2016,0,0,10.5(1.94 %),0,0,0,0,11522765,9.96
05/05/2016,-50000,-560000000,11.2(6.67 %),0,0,50000,560000000,11522765,9.96
06/05/2016,0,0,11.1(-0.89 %),0,0,0,0,11522765,9.96
09/05/2016,0,0,11.1(0.00 %),0,0,0,0,11522765,9.96
10/05/2016,0,0,10.7(-3.60 %),0,0,0,0,11572765,9.79
11/05/2016,-2490,-26890000,10.9(1.87 %),0,0,2490,26890000,11572765,9.79
12/05/2016,0,0,11.1(1.83 %),0,0,0,0,11572765,9.79
13/05/2016,0,0,11.1(0.00 %),0,0,0,0,11572765,9.79
16/05/2016,0,0,10.6(-4.50 %),0,0,0,0,11575255,9.79
17/05/2016,0,0,10.9(2.83 %),0,0,0,0,11575255,9.79
18/05/2016,-8100,-86150000,10.7(-1.83 %),0,0,8100,86150000,11575255,9.79
19/05/2016,-310,-3260000,10.7(0.00 %),0,0,310,3260000,11575255,9.79
20/05/2016,-8000,-84000000,10.4(-2.80 %),0,0,8000,84000000,11575255,9.79
23/05/2016,0,0,10.8(3.85 %),0,0,0,0,11583355,9.76
24/05/2016,0,0,11(1.85 %),0,0,0,0,11583665,9.76
25/05/2016,0,0,11(0.00 %),0,0,0,0,11591665,9.73
26/05/2016,0,0,10.8(-1.82 %),0,0,0,0,11591674,9.73
27/05/2016,0,0,10.7(-0.93 %),0,0,0,0,11591674,9.73
30/05/2016,100,1070000,10.5(-1.87 %),100,1070000,0,0,11591574,9.73
31/05/2016,0,0,10.7(1.90 %),0,0,0,0,11591574,9.73
01/06/2016,0,0,10.7(0.00 %),0,0,0,0,11591574,9.73
02/06/2016,-990,-10494000,10.6(-0.93 %),0,0,990,10494000,11592564,9.73
03/06/2016,0,0,10.6(0.00 %),0,0,0,0,11591574,9.73
06/06/2016,0,0,10.5(-0.94 %),0,0,0,0,11591574,9.73
07/06/2016,0,0,10.2(-2.86 %),0,0,0,0,11592564,9.73
08/06/2016,0,0,10.4(1.96 %),0,0,0,0,11592564,9.73
09/06/2016,0,0,10.4(0.00 %),0,0,0,0,11592564,9.73
10/06/2016,0,0,10.4(0.00 %),0,0,0,0,11592564,9.73
13/06/2016,0,0,11.1(6.73 %),0,0,0,0,11592564,9.73
14/06/2016,-200000,-2360000000,11.8(6.31 %),0,0,200000,2360000000,11592564,9.73
15/06/2016,-131080,-1651610000,12.6(6.78 %),1200,15120000,132280,1666730000,11591364,9.73
16/06/2016,-10000,-128100000,12.9(2.38 %),0,0,10000,128100000,11591364,9.73
17/06/2016,0,0,12.3(-4.65 %),0,0,0,0,11791364,9.05
20/06/2016,-100000,-1310000000,13.1(6.50 %),0,0,100000,1310000000,11923644,8.61
21/06/2016,-33370,-467380000,14(6.87 %),1000,13800000,34370,481180000,11932644,8.58
22/06/2016,0,0,14.4(2.86 %),0,0,0,0,11932644,8.58
23/06/2016,0,0,14.2(-1.39 %),0,0,0,0,12032644,8.24
24/06/2016,0,0,13.7(-3.52 %),0,0,0,0,12067014,8.12
27/06/2016,-2200,-29700000,13.7(0.00 %),0,0,2200,29700000,12067014,8.12
28/06/2016,0,0,13.9(1.46 %),0,0,0,0,12067014,8.12
29/06/2016,0,0,13.9(0.00 %),0,0,0,0,12067014,8.12
30/06/2016,0,0,13.7(-1.44 %),0,0,0,0,12069214,8.11
01/07/2016,0,0,14.6(6.57 %),0,0,0,0,12069214,8.11
04/07/2016,3000,46800000,15.6(6.85 %),3000,46800000,0,0,12066214,8.12
05/07/2016,-1300,-21250000,16.3(4.49 %),3700,60250000,5000,81500000,12062514,8.14
06/07/2016,0,0,16.1(-1.23 %),0,0,0,0,12062514,8.14
07/07/2016,-1000,-15900000,15.9(-1.24 %),0,0,1000,15900000,12062514,8.14
08/07/2016,-5700,-89730000,15.9(0.00 %),0,0,5700,89730000,12067514,8.12
11/07/2016,0,0,15.5(-2.52 %),0,0,0,0,12067514,8.12
12/07/2016,0,0,15.5(0.00 %),0,0,0,0,12068514,8.12
13/07/2016,0,0,16(3.23 %),0,0,0,0,12074214,8.1
14/07/2016,0,0,15.6(-2.50 %),0,0,0,0,12074214,8.1
15/07/2016,0,0,16.4(5.13 %),0,0,0,0,12074214,8.1
18/07/2016,44640,735430000,16.7(1.83 %),45140,743680000,500,8250000,12029074,8.25
19/07/2016,1100,18550000,16.5(-1.20 %),1100,18550000,0,0,12027974,8.25
20/07/2016,0,0,15.5(-6.06 %),0,0,0,0,12027974,8.25
21/07/2016,0,0,14.5(-6.45 %),0,0,0,0,12028474,8.25
22/07/2016,-1000,-13500000,13.5(-6.90 %),0,0,1000,13500000,12028474,8.25
25/07/2016,1000,13600000,13.7(1.48 %),1000,13600000,0,0,12027474,8.25
26/07/2016,0,0,13.6(-0.73 %),0,0,0,0,12027474,8.25
27/07/2016,0,0,13.5(-0.74 %),0,0,0,0,12028474,8.25
28/07/2016,0,0,13.5(0.00 %),0,0,0,0,12028474,8.25
29/07/2016,-1000,-13100000,12.9(-4.44 %),0,0,1000,13100000,12028474,8.25
01/08/2016,0,0,13(0.78 %),0,0,0,0,12028474,8.25
02/08/2016,0,0,12.8(-1.54 %),0,0,0,0,12028474,8.25
03/08/2016,0,0,12.8(0.00 %),0,0,0,0,12029474,8.25
04/08/2016,0,0,12.9(0.78 %),0,0,0,0,12029474,8.25
05/08/2016,0,0,12.9(0.00 %),0,0,0,0,12029474,8.25
08/08/2016,960,13250000,13.6(5.43 %),1200,16440000,240,3190000,12028274,8.25
09/08/2016,30960,431940000,14(2.94 %),30960,431940000,0,0,11997314,8.36
10/08/2016,1000,14200000,14.1(0.71 %),1000,14200000,0,0,11996314,8.36
11/08/2016,620,8390000,14.2(0.71 %),1820,25310000,1200,16920000,11994734,8.37
12/08/2016,0,0,14.1(-0.70 %),0,0,0,0,11994734,8.37
15/08/2016,0,0,14.1(0.00 %),0,0,0,0,11994734,8.37
16/08/2016,0,0,14(-0.71 %),0,0,0,0,11995934,8.36
17/08/2016,41980,593980000,14.1(0.71 %),43680,618120000,1700,24140000,11952254,8.51
18/08/2016,1050,15550000,15(6.38 %),1050,15550000,0,0,11951204,8.51
19/08/2016,0,0,14.8(-1.33 %),0,0,0,0,11951204,8.51
22/08/2016,28830,415150000,14.5(-2.03 %),28830,415150000,0,0,11924074,8.6
23/08/2016,15810,227760000,14.4(-0.69 %),16810,242060000,1000,14300000,11907264,8.66
24/08/2016,0,0,15(4.17 %),0,0,0,0,11907264,8.66
25/08/2016,5000,75000000,15.5(3.33 %),5000,75000000,0,0,11902264,8.68
26/08/2016,0,0,15.4(-0.65 %),0,0,0,0,11903272,8.68
29/08/2016,-50,-760000,14.6(-5.19 %),0,0,50,760000,11903272,8.68
30/08/2016,-5000,-72500000,14.4(-1.37 %),0,0,5000,72500000,11903272,8.68
31/08/2016,0,0,14.6(1.39 %),0,0,0,0,11903272,8.68
01/09/2016,0,0,14.9(2.05 %),0,0,0,0,11903322,8.67
05/09/2016,0,0,14.9(0.00 %),0,0,0,0,11908322,8.66
06/09/2016,0,0,14.3(-4.03 %),0,0,0,0,11908322,8.66
07/09/2016,2000,28600000,14.3(0.00 %),2000,28600000,0,0,11906322,8.66
08/09/2016,44080,646450000,14.7(2.80 %),44080,646450000,0,0,11862242,8.81
09/09/2016,0,0,14.7(0.00 %),0,0,0,0,11862242,8.81
12/09/2016,0,0,15.2(3.40 %),0,0,0,0,11862242,8.81
13/09/2016,0,0,15.4(1.32 %),0,0,0,0,11862242,8.81
14/09/2016,0,0,15.2(2.01 %),0,0,0,0,11862242,8.81
15/09/2016,-1000,-15000000,15.1(-0.66 %),0,0,1000,15000000,11862242,8.81
16/09/2016,800,12160000,15.15(0.33 %),800,12160000,0,0,11861442,8.82
19/09/2016,0,0,14.6(-3.63 %),0,0,0,0,11861442,8.82
20/09/2016,0,0,14.75(1.03 %),0,0,0,0,11862442,8.81
21/09/2016,16280,243820000,15.1(2.37 %),16280,243820000,0,0,11846162,8.87
22/09/2016,4500,66030000,14.95(-0.99 %),4500,66030000,0,0,11841662,8.88
23/09/2016,-1000,-14650000,14.95(0.00 %),0,0,1000,14650000,11841662,8.88
26/09/2016,60500,906510000,15.2(1.67 %),61500,921410000,1000,14900000,11780162,9.09
27/09/2016,1520,24150000,16.25(6.91 %),1520,24150000,0,0,11778642,9.1
28/09/2016,1370,22780000,17.35(6.77 %),1500,25000000,130,2220000,11778142,9.1
29/09/2016,9100,158900000,17.1(-1.44 %),9100,158900000,0,0,11770042,9.13
30/09/2016,-22720,-414640000,18.25(6.73 %),0,0,22720,414640000,11770042,9.13
03/10/2016,-21570,-420980000,18.85(3.29 %),2300,44490000,23870,465470000,11767872,9.13
04/10/2016,4300,81510000,18.1(-3.98 %),5600,106470000,1300,24960000,11762272,9.15
05/10/2016,-50100,-969420000,19.35(6.91 %),0,0,50100,969420000,11784992,9.08
06/10/2016,-51180,-1028440000,19.8(2.33 %),1700,34160000,52880,1062600000,11807162,9.0
07/10/2016,-4400,-90460000,20.8(5.05 %),600,12540000,5000,103000000,11807862,9.0
10/10/2016,14630,283060000,19.35(-6.97 %),15150,293150000,520,10090000,11842812,8.88
11/10/2016,-5800,-106640000,19(-1.81 %),0,0,5800,106640000,11895692,8.7
12/10/2016,45400,834530000,18.8(-1.05 %),46000,845630000,600,11100000,11854692,8.84
13/10/2016,0,0,17.8(-5.32 %),0,0,0,0,11855212,8.84
14/10/2016,1000,18000000,17.6(-1.12 %),1000,18000000,0,0,11860012,8.82
17/10/2016,1700,31100000,18.2(3.41 %),1700,31100000,0,0,11858912,8.83
18/10/2016,16090,292820000,18.35(0.82 %),16090,292820000,0,0,11842822,8.88
19/10/2016,0,0,18.35(0.00 %),0,0,0,0,11842799,8.88
20/10/2016,0,0,18.25(-0.54 %),0,0,0,0,11842799,8.88
21/10/2016,18510,343860000,19.5(6.85 %),18510,343860000,0,0,11824289,8.94
24/10/2016,16000,333200000,20.6(5.64 %),21000,437200000,5000,104000000,11803289,9.01
25/10/2016,4630,93630000,19.5(-5.34 %),4630,93630000,0,0,11798659,9.03
26/10/2016,-50,-1080000,19.5(0.00 %),450,8700000,500,9780000,11798209,9.03
27/10/2016,-1180,-21990000,18.6(-4.62 %),3020,57850000,4200,79840000,11800189,9.02
28/10/2016,-6990,-131310000,19.4(4.30 %),10,190000,7000,131500000,11800179,9.02
31/10/2016,-5970,-114170000,19.4(0.00 %),30,580000,6000,114750000,11800649,9.02
01/11/2016,1500,29450000,19.25(-0.77 %),5000,97000000,3500,67550000,11799849,9.03
02/11/2016,22230,430630000,20(3.90 %),25730,497660000,3500,67030000,11781119,9.09
03/11/2016,19990,394500000,19.95(-0.25 %),20050,395680000,60,1180000,11767069,9.14
04/11/2016,-1500,-29800000,19.9(-0.25 %),0,0,1500,29800000,11770569,9.12
07/11/2016,5800,119310000,21.2(6.53 %),5800,119310000,0,0,11768269,9.13
08/11/2016,-9280,-205910000,21.5(1.42 %),15750,342240000,25030,548150000,11752579,9.19
09/11/2016,-96950,-2214100000,22.95(6.74 %),4050,84800000,101000,2298900000,11750029,9.19
10/11/2016,1000,23850000,23.5(2.40 %),1000,23850000,0,0,11749029,9.2
11/11/2016,600,14160000,23.7(0.85 %),600,14160000,0,0,11773459,9.11
14/11/2016,17600,426310000,24.6(3.80 %),42600,1038810000,25000,612500000,11831859,8.92
15/11/2016,3400,84810000,25(1.63 %),3400,84810000,0,0,11828459,8.93
16/11/2016,0,0,24.4(-2.40 %),0,0,0,0,11828459,8.93
17/11/2016,0,0,23.5(-3.69 %),0,0,0,0,11853459,8.84
18/11/2016,-27860,-660310000,24.4(3.83 %),0,0,27860,660310000,11853459,8.84
21/11/2016,44350,1105920000,25.3(3.69 %),44350,1105920000,0,0,11809109,8.99
22/11/2016,19290,475380000,24.4(-3.56 %),19290,475380000,0,0,11789819,9.06
23/11/2016,33550,813500000,24.9(2.05 %),34550,837700000,1000,24200000,11783129,9.08
24/11/2016,-1250,-30180000,23.2(-6.83 %),0,0,1250,30180000,11783129,9.08
25/11/2016,-10180,-229780000,22.5(-3.02 %),1090,24290000,11270,254070000,11782039,9.09
28/11/2016,3510,76470000,21.8(-3.11 %),3510,76470000,0,0,11779529,9.09
29/11/2016,-8030,-169670000,21.2(-2.75 %),0,0,8030,169670000,11780779,9.09
30/11/2016,-2420,-53140000,22.4(5.66 %),1580,34160000,4000,87300000,11790469,9.06
01/12/2016,2720,59650000,22.9(2.23 %),9720,219350000,7000,159700000,11780749,9.09
02/12/2016,20,450000,22.5(-1.75 %),20,450000,0,0,11788759,9.06
05/12/2016,66690,1481690000,21.9(-2.67 %),69190,1536740000,2500,55050000,11723569,9.28
06/12/2016,-42810,-898520000,20.8(-5.02 %),0,0,42810,898520000,11730569,9.26
07/12/2016,59000,1225220000,21(0.96 %),90000,1872000000,31000,646780000,11640569,9.56
08/12/2016,0,0,20.9(-0.48 %),0,0,0,0,11643069,9.56
09/12/2016,-4000,-83800000,20.95(0.24 %),0,0,4000,83800000,11685879,9.41
12/12/2016,2500,51100000,20.9(-0.24 %),2500,51100000,0,0,11714379,9.31
13/12/2016,0,0,19.6(-6.22 %),0,0,0,0,11714379,9.31
14/12/2016,-5250,-105220000,20.95(6.89 %),1250,25030000,6500,130250000,11717129,9.31
15/12/2016,28000,604290000,21.8(4.06 %),28000,604290000,0,0,11689129,9.4
16/12/2016,20,430000,21.6(-0.92 %),20,430000,0,0,11694309,9.38
19/12/2016,1300,28850000,22.15(2.55 %),1300,28850000,0,0,11694309,9.38
20/12/2016,3800,81300000,21.5(-2.93 %),4800,103200000,1000,21900000,11689509,9.4
21/12/2016,-16560,-355610000,21.3(-0.93 %),0,0,16560,355610000,11689509,9.4
22/12/2016,-3000,-64100000,21.7(1.88 %),0,0,3000,64100000,11689509,9.4
23/12/2016,0,0,21.6(-0.46 %),0,0,0,0,11690509,9.4
26/12/2016,0,0,21.3(-1.39 %),0,0,0,0,11710069,9.33
27/12/2016,-1000,-20500000,20.95(0.72 %),0,0,1000,20500000,11710069,9.33
28/12/2016,0,0,21.3(1.67 %),0,0,0,0,11710069,9.33
29/12/2016,1000,21000000,21.3(0.00 %),1000,21000000,0,0,11709069,9.33
30/12/2016,2000,42200000,21.3(0.00 %),2000,42200000,0,0,11708069,9.34
03/01/2017,0,0,21.3(0.00 %),0,0,0,0,11708069,9.34
04/01/2017,0,0,21.45(0.70 %),0,0,0,0,11708069,9.34
05/01/2017,21930,481070000,22.7(5.83 %),21930,481070000,0,0,11686139,9.41
06/01/2017,0,0,22.6(-0.44 %),0,0,0,0,11686139,9.41
09/01/2017,0,0,22.3(-1.33 %),0,0,0,0,11686139,9.41
10/01/2017,12360,271760000,22.6(1.35 %),12360,271760000,0,0,11673779,9.45
11/01/2017,-19980,-447550000,22.4(-0.88 %),0,0,19980,447550000,11673779,9.45
12/01/2017,10950,241120000,22.4(0.00 %),11220,247170000,270,6050000,11662559,9.49
13/01/2017,0,0,22.15(-1.12 %),0,0,0,0,11662559,9.49
16/01/2017,-7730,-171740000,21.95(-0.90 %),0,0,7730,171740000,11682539,9.42
17/01/2017,-11300,-244960000,21.3(-2.96 %),0,0,11300,244960000,11682809,9.42
18/01/2017,-61000,-1315680000,21.6(1.41 %),0,0,61000,1315680000,11682809,9.42
19/01/2017,-12410,-266770000,21.7(0.46 %),47590,1027010000,60000,1293780000,11642949,9.56
20/01/2017,16920,364170000,22.45(3.46 %),76920,1697420000,60000,1333250000,11577329,9.78
23/01/2017,-40710,-913770000,22.3(-0.67 %),0,0,40710,913770000,11638329,9.57
24/01/2017,-81900,-1840150000,22.8(2.24 %),0,0,81900,1840150000,11698329,9.37
25/01/2017,0,0,23.4(2.63 %),0,0,0,0,11758329,9.17
02/02/2017,120,2920000,24.8(5.98 %),120,2920000,0,0,11798919,9.03
03/02/2017,44050,1103830000,25(0.81 %),44750,1121280000,700,17450000,11836069,8.9
06/02/2017,3750,91810000,24.25(-3.00 %),3750,91810000,0,0,11832319,8.92
07/02/2017,-2700,-66620000,25(3.09 %),0,0,2700,66620000,11832319,8.92
08/02/2017,53800,1352590000,26.75(7.00 %),53800,1352590000,0,0,11779219,9.1
09/02/2017,1080,29800000,27.7(3.55 %),1080,29800000,0,0,11778139,9.1
10/02/2017,-310,-8540000,26.8(-3.25 %),700,19040000,1010,27580000,11780139,9.09
13/02/2017,0,0,27.45(2.43 %),0,0,0,0,11780139,9.09
14/02/2017,5030,137320000,27.35(-0.36 %),5030,137320000,0,0,11775109,9.11
15/02/2017,-1000,-27200000,27.3(-0.18 %),0,0,1000,27200000,11776119,9.11
16/02/2017,800,21880000,26.6(-2.56 %),800,21880000,0,0,11775319,9.11
17/02/2017,102970,2713440000,27.5(3.38 %),102970,2713440000,0,0,11672349,9.46
20/02/2017,26220,705360000,26.9(-2.18 %),27020,726940000,800,21580000,11646329,9.55
21/02/2017,-1500,-39830000,26.05(-3.16 %),0,0,1500,39830000,11646337,9.55
22/02/2017,-2000,-51400000,25.3(-2.88 %),0,0,2000,51400000,11646337,9.55
23/02/2017,-1420,-35850000,25.8(1.98 %),80,2020000,1500,37870000,11647057,9.54
24/02/2017,6000,155400000,24.9(-3.49 %),6000,155400000,0,0,11642557,9.56
27/02/2017,0,0,24.45(-1.81 %),0,0,0,0,11646064,9.55
28/02/2017,0,0,23.5(-3.89 %),0,0,0,0,11646064,9.55
01/03/2017,-100,-2300000,23.5(0.00 %),0,0,100,2300000,11646064,9.55
02/03/2017,800,19120000,23.8(1.28 %),800,19120000,0,0,11645264,9.55
03/03/2017,0,0,24.2(1.68 %),0,0,0,0,11645264,9.55
06/03/2017,0,0,24.1(-0.41 %),0,0,0,0,11645364,9.55
07/03/2017,14360,349450000,25.3(4.98 %),14360,349450000,0,0,11631004,9.6
08/03/2017,-70,-1790000,25.3(0.00 %),0,0,70,1790000,11631004,9.6
09/03/2017,0,0,25.7(1.58 %),0,0,0,0,11631004,9.6
10/03/2017,0,0,25.55(-0.58 %),0,0,0,0,11631004,9.6
13/03/2017,8500,219800000,26(1.76 %),8500,219800000,0,0,11622574,9.63
14/03/2017,1100,28910000,25.95(-0.19 %),1100,28910000,0,0,11621474,9.63
15/03/2017,0,0,25.5(-1.73 %),0,0,0,0,11621474,9.63
16/03/2017,85270,2222570000,26.3(3.14 %),85590,2230890000,320,8320000,11535884,9.92
17/03/2017,33270,873340000,26.2(-0.38 %),33270,873340000,0,0,11535884,9.92
20/03/2017,0,0,26.7(1.91 %),0,0,0,0,11535884,9.92
21/03/2017,6700,179230000,26.7(0.00 %),6700,179230000,0,0,11535884,9.92
22/03/2017,200,5340000,26(-2.62 %),200,5340000,0,0,11535884,9.92
23/03/2017,0,0,25.5(-1.92 %),0,0,0,0,11535884,9.92
24/03/2017,-2600,-67340000,25.9(1.57 %),0,0,2600,67340000,11535884,9.92
27/03/2017,-5000,-128330000,25.6(-1.16 %),0,0,5000,128330000,11535884,9.92
28/03/2017,2750,70170000,25.4(-0.78 %),2750,70170000,0,0,11535884,9.92
29/03/2017,320,8260000,25.9(1.97 %),320,8260000,0,0,11535884,9.92
30/03/2017,-2070,-53810000,26(0.39 %),0,0,2070,53810000,11535884,9.92
31/03/2017,3740,100020000,25.8(-0.77 %),3740,100020000,0,0,11535884,9.92
03/04/2017,0,0,26.35(2.13 %),0,0,0,0,11496831,10.05
04/04/2017,0,0,25.8(-2.09 %),0,0,0,0,11498901,10.04
05/04/2017,-4600,-117320000,25.3(-1.94 %),200,5080000,4800,122400000,11498701,10.05
07/04/2017,230,5880000,25.3(0.00 %),230,5880000,0,0,11498471,10.05
10/04/2017,0,0,25(-1.19 %),0,0,0,0,11498471,10.05
11/04/2017,-900,-22410000,24.8(-0.80 %),0,0,900,22410000,11503271,10.03
12/04/2017,-47950,-1127570000,23.2(-6.45 %),0,0,47950,1127570000,11503271,10.03
13/04/2017,0,0,23.3(0.43 %),0,0,0,0,11503271,10.03
14/04/2017,0,0,22.5(-3.43 %),0,0,0,0,11504171,10.03
17/04/2017,0,0,22.3(-0.89 %),0,0,0,0,11552121,9.86
18/04/2017,0,0,22.3(0.00 %),0,0,0,0,11552121,9.86
19/04/2017,0,0,21.8(0.00 %),0,0,0,0,11552121,9.86
20/04/2017,0,0,20.95(-3.90 %),0,0,0,0,11552121,9.86
21/04/2017,0,0,20.7(-1.19 %),0,0,0,0,11552121,9.86
24/04/2017,0,0,20.4(-1.45 %),0,0,0,0,11552121,9.86
25/04/2017,0,0,20.25(-0.74 %),0,0,0,0,11552121,9.86
26/04/2017,500,10550000,21.65(6.91 %),500,10550000,0,0,11551621,9.87
27/04/2017,1190,26840000,22.5(3.93 %),1190,26840000,0,0,11550431,9.87
28/04/2017,0,0,22(-2.22 %),0,0,0,0,11550431,9.87
03/05/2017,-3740,-80460000,21.3(-3.18 %),0,0,3740,80460000,11550431,9.87
04/05/2017,-900,-19170000,21.5(0.94 %),0,0,900,19170000,11550431,9.87
05/05/2017,0,0,21.6(0.47 %),0,0,0,0,11550431,9.87
08/05/2017,0,0,21.4(-0.93 %),0,0,0,0,11554171,9.86
09/05/2017,-5850,-125290000,21.5(0.47 %),150,3210000,6000,128500000,11554921,9.86
10/05/2017,-1000,-21550000,21.9(1.86 %),0,0,1000,21550000,11554921,9.86
11/05/2017,-260,-5670000,22.15(1.14 %),0,0,260,5670000,11554921,9.86
12/05/2017,-2000,-43900000,21.8(-1.58 %),0,0,2000,43900000,11560921,9.83
15/05/2017,-2500,-54050000,21.3(-2.29 %),0,0,2500,54050000,11561921,9.83
16/05/2017,0,0,20.6(-3.29 %),0,0,0,0,11562181,9.83
17/05/2017,0,0,20.3(-1.46 %),0,0,0,0,11564181,9.82
18/05/2017,0,0,20.15(-0.74 %),0,0,0,0,11566681,9.82
19/05/2017,0,0,20.15(0.00 %),0,0,0,0,11566681,9.82
22/05/2017,0,0,20.05(-0.50 %),0,0,0,0,11566681,9.82
23/05/2017,-500,-10080000,20.2(0.75 %),0,0,500,10080000,11566690,9.82
24/05/2017,-50,-1000000,20.3(0.50 %),0,0,50,1000000,11566690,9.82
25/05/2017,0,0,21.1(3.94 %),0,0,0,0,10760414,33.28
26/05/2017,200,4320000,21.3(0.95 %),200,4320000,0,0,10760714,33.27
29/05/2017,0,0,21.2(-0.47 %),0,0,0,0,10760764,33.27
30/05/2017,0,0,21(-0.94 %),0,0,0,0,10760764,33.27
31/05/2017,-200,-4200000,21(0.00 %),0,0,200,4200000,10760764,23.38
01/06/2017,0,0,20.9(-0.48 %),0,0,0,0,10760764,23.38
02/06/2017,0,0,20.8(-0.48 %),0,0,0,0,10760764,23.38
05/06/2017,10,210000,20.55(-1.20 %),10,210000,0,0,10760954,23.38
06/06/2017,0,0,20.3(-1.22 %),0,0,0,0,10760954,23.38
07/06/2017,0,0,20.7(1.97 %),0,0,0,0,10760954,23.38
08/06/2017,0,0,21(1.45 %),0,0,0,0,10760954,23.38
09/06/2017,0,0,21(0.00 %),0,0,0,0,10760954,23.38
12/06/2017,0,0,20.75(-1.19 %),0,0,0,0,10760954,23.38
13/06/2017,0,0,20.9(0.72 %),0,0,0,0,10760954,23.38
14/06/2017,0,0,20.6(-1.44 %),0,0,0,0,10760954,23.38
15/06/2017,500,10330000,20.6(0.00 %),500,10330000,0,0,10760454,23.38
16/06/2017,10,210000,20.8(0.97 %),10,210000,0,0,10760444,23.38
19/06/2017,0,0,20.75(-0.24 %),0,0,0,0,10760444,23.38
20/06/2017,0,0,20.6(-0.72 %),0,0,0,0,10760444,23.38
21/06/2017,3200,65600000,20.7(0.49 %),3200,65600000,0,0,10757244,23.39
22/06/2017,-20,-410000,20.65(-0.24 %),0,0,20,410000,10757244,23.39
23/06/2017,0,0,20.7(0.24 %),0,0,0,0,10757244,23.39
26/06/2017,0,0,22.1(6.76 %),0,0,0,0,10757244,23.39
27/06/2017,1490,33230000,22.5(1.81 %),1490,33230000,0,0,10755774,23.39
28/06/2017,0,0,21.9(-2.67 %),0,0,0,0,10755774,23.39
29/06/2017,0,0,22.9(4.57 %),0,0,0,0,10755774,23.39
30/06/2017,-1470,-33660000,22.9(0.00 %),0,0,1470,33660000,10755774,23.39
03/07/2017,0,0,22.95(0.22 %),0,0,0,0,10755774,23.39
04/07/2017,-500,-11700000,23.6(2.83 %),0,0,500,11700000,10755774,23.39
05/07/2017,0,0,23.7(0.42 %),0,0,0,0,10757244,23.39
06/07/2017,0,0,23.7(0.00 %),0,0,0,0,10757244,23.39
07/07/2017,0,0,22.7(-4.22 %),0,0,0,0,10757744,23.39
10/07/2017,10,210000,21.3(-6.17 %),10,210000,0,0,10750804,23.41
11/07/2017,6930,150380000,22.75(6.81 %),6930,150380000,0,0,10750804,23.41
12/07/2017,0,0,22.5(-1.10 %),0,0,0,0,10750804,23.41
13/07/2017,12210,267400000,22.1(-1.78 %),12210,267400000,0,0,10738594,23.44
14/07/2017,7790,170600000,21.8(-1.36 %),7790,170600000,0,0,10730804,23.45
17/07/2017,-540,-11580000,21.25(-2.52 %),0,0,540,11580000,10730804,23.45
18/07/2017,0,0,20.65(-2.82 %),0,0,0,0,10730804,23.45
19/07/2017,0,0,20.9(1.21 %),0,0,0,0,10730804,23.45
20/07/2017,0,0,21(0.48 %),0,0,0,0,10731344,23.45
21/07/2017,0,0,20.8(-0.95 %),0,0,0,0,10731344,23.45
24/07/2017,0,0,20.4(-1.92 %),0,0,0,0,10731344,23.45
25/07/2017,0,0,20.2(-0.98 %),0,0,0,0,10731344,23.45
26/07/2017,0,0,20.85(3.22 %),0,0,0,0,10725344,23.47
27/07/2017,6000,123600000,20.4(-2.16 %),6000,123600000,0,0,10725344,23.47
28/07/2017,-30,-600000,20.5(0.49 %),0,0,30,600000,10725344,23.47
31/07/2017,0,0,20.5(0.00 %),0,0,0,0,10725344,23.47
01/08/2017,0,0,20.5(0.00 %),0,0,0,0,10725353,23.47
02/08/2017,0,0,20.1(-1.95 %),0,0,0,0,10725383,23.47
03/08/2017,0,0,20.5(1.99 %),0,0,0,0,10725383,23.47
04/08/2017,21780,446560000,21(2.44 %),21780,446560000,0,0,10703603,23.52
07/08/2017,0,0,21.5(2.38 %),0,0,0,0,10703603,23.52
08/08/2017,49520,1025060000,20.85(-3.02 %),49520,1025060000,0,0,10654083,23.64
09/08/2017,17490,360330000,20.55(-1.44 %),17490,360330000,0,0,10636593,23.68
10/08/2017,7930,163360000,20.65(0.49 %),7930,163360000,0,0,10628663,23.7
11/08/2017,13500,277430000,21.05(1.94 %),13500,277430000,0,0,10615163,23.73
14/08/2017,0,-250000,21.65(2.85 %),500,10550000,500,10800000,10614663,23.73
15/08/2017,76230,1707660000,22.25(2.77 %),76230,1707660000,0,0,10538433,23.91
16/08/2017,0,0,22.4(0.67 %),0,0,0,0,10538433,23.91
17/08/2017,35570,787180000,21.7(-3.12 %),35570,787180000,0,0,10503363,24.0
18/08/2017,20000,436000000,22(1.38 %),20000,436000000,0,0,10483363,24.04
21/08/2017,39100,855430000,21.75(-1.14 %),39100,855430000,0,0,10444263,24.14
22/08/2017,300,6680000,21.75(0.00 %),300,6680000,0,0,10443963,24.14
23/08/2017,70,1530000,21.45(-1.38 %),70,1530000,0,0,10443893,24.14
24/08/2017,120,2620000,21.5(0.23 %),120,2620000,0,0,10443773,24.14
25/08/2017,0,0,22.5(4.65 %),0,0,0,0,10443773,24.14
28/08/2017,0,0,22(0.00 %),0,0,0,0,10443773,24.14
29/08/2017,-1000,-21600000,21.35(-2.95 %),0,0,1000,21600000,10443773,24.14
30/08/2017,0,0,22.8(6.79 %),0,0,0,0,10443773,24.14
31/08/2017,0,0,23.4(2.63 %),0,0,0,0,10443773,24.14
01/09/2017,0,0,23.55(0.64 %),0,0,0,0,10444773,24.14
05/09/2017,10,240000,23.3(-1.06 %),10,240000,0,0,10444763,24.14
06/09/2017,-210,-4870000,23.2(-0.43 %),0,0,210,4870000,10444763,24.14
07/09/2017,3000,70670000,23.6(1.72 %),3000,70670000,0,0,10441763,24.14
08/09/2017,0,0,24(1.69 %),0,0,0,0,10441763,24.14
11/09/2017,0,0,23.8(-0.83 %),0,0,0,0,10441973,24.14
12/09/2017,1000,23600000,23.65(-0.63 %),1000,23600000,0,0,10440973,24.14
13/09/2017,0,0,24.1(1.90 %),0,0,0,0,10440973,24.14
14/09/2017,0,0,23.8(-1.24 %),0,0,0,0,10440973,24.14
15/09/2017,0,0,24(0.84 %),0,0,0,0,10440973,24.14
18/09/2017,10,240000,24.05(0.21 %),10,240000,0,0,10440963,24.14
19/09/2017,0,0,23.7(-1.46 %),0,0,0,0,10440963,24.14
20/09/2017,-37050,-874380000,23.6(-0.42 %),0,0,37050,874380000,10440963,24.14
21/09/2017,-105590,-2485970000,23.65(0.21 %),0,0,105590,2485970000,10440963,24.14
22/09/2017,-56970,-1342540000,23.5(-0.63 %),0,0,56970,1342540000,10440963,24.14
25/09/2017,0,0,23(-2.13 %),0,0,0,0,10478013,24.06
26/09/2017,0,0,23.15(0.65 %),0,0,0,0,10583603,23.8
27/09/2017,0,0,22.7(-1.94 %),0,0,0,0,10640573,23.67
28/09/2017,0,0,22.5(-0.88 %),0,0,0,0,10640573,23.67
29/09/2017,10,230000,22.3(-0.89 %),10,230000,0,0,10640563,23.67
02/10/2017,10,220000,22.35(0.22 %),10,220000,0,0,10640553,15.71
03/10/2017,0,0,22.25(-0.45 %),0,0,0,0,10640553,15.71
04/10/2017,0,0,23(3.37 %),0,0,0,0,10640553,15.71
05/10/2017,0,0,22.8(-0.87 %),0,0,0,0,10640553,15.71
06/10/2017,-20,-450000,22.8(0.00 %),0,0,20,450000,10640553,15.71
09/10/2017,0,0,22.6(-0.88 %),0,0,0,0,10640553,15.71
10/10/2017,-1480,-33670000,23.4(3.54 %),0,0,1480,33670000,10640553,15.71
11/10/2017,0,0,23(-1.71 %),0,0,0,0,10640573,15.71
12/10/2017,0,0,22.9(-0.43 %),0,0,0,0,10640573,15.71
13/10/2017,0,0,24(4.80 %),0,0,0,0,10642053,15.71
16/10/2017,0,0,23.7(-1.25 %),0,0,0,0,10642053,15.71
17/10/2017,0,0,23.6(-0.42 %),0,0,0,0,10642053,15.71
18/10/2017,0,0,23.65(0.21 %),0,0,0,0,10642053,15.71
19/10/2017,0,0,23.5(-0.63 %),0,0,0,0,10642053,15.71
20/10/2017,3200,76000000,23.1(-1.70 %),3200,76000000,0,0,10638853,15.71
23/10/2017,0,0,22.5(-2.60 %),0,0,0,0,10638861,15.71
24/10/2017,0,0,22.4(-0.44 %),0,0,0,0,10638861,15.71
25/10/2017,-3000,-67400000,23(2.68 %),0,0,3000,67400000,10638861,15.71
26/10/2017,0,0,22.5(-2.17 %),0,0,0,0,10638861,15.71
27/10/2017,0,0,22.8(1.33 %),0,0,0,0,10638861,15.71
30/10/2017,0,0,22.4(-1.75 %),0,0,0,0,10641861,15.71
31/10/2017,460000,10120000000,22.85(2.01 %),460000,10120000000,0,0,10181861,24.76
01/11/2017,0,0,22.4(-1.97 %),0,0,0,0,10181861,24.76
02/11/2017,158720,3540140000,22.7(1.34 %),159920,3567020000,1200,26880000,10021941,25.14
03/11/2017,279070,6430650000,23.1(1.76 %),279070,6430650000,0,0,9742874,25.81
06/11/2017,0,0,23.3(0.87 %),0,0,0,0,9742874,25.81
07/11/2017,185200,4374370000,23.7(1.72 %),185200,4374370000,0,0,9558874,26.24
08/11/2017,0,0,24.1(1.69 %),0,0,0,0,9558874,26.24
09/11/2017,150000,3634410000,24.3(0.83 %),150000,3634410000,0,0,9408874,26.6
10/11/2017,200000,4937000000,25(2.88 %),200000,4937000000,0,0,9208874,27.08
13/11/2017,252260,6362780000,25.25(1.00 %),252760,6375380000,500,12600000,8956114,27.68
14/11/2017,297360,7618630000,25.8(2.18 %),300000,7686480000,2640,67850000,8656114,28.39
15/11/2017,0,0,25.3(-1.94 %),0,0,0,0,8656114,28.39
16/11/2017,179260,4516350000,25.2(-0.40 %),179260,4516350000,0,0,8477354,28.82
17/11/2017,0,0,24.2(-3.97 %),0,0,0,0,8479994,28.81
20/11/2017,59270,1451330000,24.2(0.00 %),59610,1459630000,340,8300000,8420384,28.95
21/11/2017,0,0,24.05(-0.62 %),0,0,0,0,8420384,28.95
22/11/2017,0,0,23(-4.37 %),0,0,0,0,8420384,28.95
23/11/2017,0,0,22.95(-0.22 %),0,0,0,0,8420724,28.95
24/11/2017,33180,779910000,23.75(3.49 %),33180,779910000,0,0,8387544,29.03
27/11/2017,500000,11500000000,24.2(1.89 %),500000,11500000000,0,0,7887544,30.22
28/11/2017,0,0,25.1(3.72 %),0,0,0,0,7887544,30.22
29/11/2017,-1000,-25200000,25.3(0.80 %),0,0,1000,25200000,7887544,30.22
30/11/2017,0,0,25.1(-0.79 %),0,0,0,0,7887544,30.22
01/12/2017,106990,2733840000,26(3.59 %),106990,2733840000,0,0,7780554,30.48
04/12/2017,41580,1102530000,27.35(5.19 %),101350,2727460000,59770,1624930000,7680204,30.72
05/12/2017,348878,9416040000,26.8(-2.01 %),348878,9416040000,0,0,7331326,31.55
06/12/2017,0,0,27.7(3.36 %),0,0,0,0,7331326,31.55
07/12/2017,-70,-1990000,28.4(2.53 %),20,550000,90,2540000,7391076,31.4
08/12/2017,0,0,28(-1.41 %),0,0,0,0,7391076,31.4
11/12/2017,0,0,26.1(-6.79 %),0,0,0,0,7391083,31.4
12/12/2017,0,0,26.65(2.11 %),0,0,0,0,7391173,31.4
13/12/2017,0,0,27(1.31 %),0,0,0,0,7391173,31.4
14/12/2017,0,0,27.2(0.74 %),0,0,0,0,7391173,31.4
15/12/2017,250000,6550000000,27.2(0.00 %),250000,6550000000,0,0,7141173,32.0
18/12/2017,0,0,27(-0.74 %),0,0,0,0,7141173,32.0
19/12/2017,0,0,27(0.00 %),0,0,0,0,7141173,32.0
20/12/2017,0,0,27.85(3.15 %),0,0,0,0,7141173,32.0
21/12/2017,0,0,27.7(-0.54 %),0,0,0,0,7141173,32.0
22/12/2017,200,5560000,27.3(-1.44 %),3710,102610000,3510,97050000,7137463,32.01
25/12/2017,0,0,27.05(-0.92 %),0,0,0,0,7137463,32.01
26/12/2017,0,0,26.7(-1.29 %),0,0,0,0,7137463,32.01
27/12/2017,0,0,26.1(-2.25 %),0,0,0,0,7140973,32.0
28/12/2017,-20,-520000,26.75(2.49 %),0,0,20,520000,7140973,32.0
29/12/2017,300,7920000,26.6(-0.56 %),300,7920000,0,0,7140673,32.0
02/01/2018,33790,910350000,27.3(2.63 %),33790,910350000,0,0,7106883,32.08
03/01/2018,770,21200000,27.3(0.00 %),770,21200000,0,0,7106133,32.08
04/01/2018,11000,300300000,27.3(0.00 %),11000,300300000,0,0,7095133,32.11
05/01/2018,0,0,27.3(0.00 %),0,0,0,0,7095133,32.11
08/01/2018,25930,719230000,29.2(6.96 %),25930,719230000,0,0,7069203,32.17
09/01/2018,20190,623350000,31(6.16 %),20190,623350000,0,0,7049013,32.22
10/01/2018,5810,177540000,30.4(-1.94 %),5810,177540000,0,0,7043203,32.23
11/01/2018,4000,118800000,29.55(-2.80 %),4000,118800000,0,0,7039203,32.24
12/01/2018,10290,302660000,30(1.52 %),10290,302660000,0,0,7028913,32.27
15/01/2018,4000,121200000,30.5(1.67 %),4000,121200000,0,0,7024913,32.28
16/01/2018,0,0,29.8(-2.30 %),0,0,0,0,7024913,32.28
17/01/2018,-2200,-65560000,28.2(-5.37 %),800,23840000,3000,89400000,7024113,32.28
18/01/2018,80,2260000,28.5(1.06 %),80,2260000,0,0,7024033,32.28
19/01/2018,0,0,28.45(-0.18 %),0,0,0,0,7024033,32.28
22/01/2018,-5330,-146790000,27.3(-4.04 %),0,0,5330,146790000,7027033,21.42
25/01/2018,28190,764000000,27.05(-0.92 %),35190,951830000,7000,187830000,6997173,21.46
26/01/2018,54300,1511590000,28.5(5.36 %),54300,1511590000,0,0,6942873,21.55
29/01/2018,120200,3472820000,29(1.75 %),120650,3485780000,450,12960000,6822223,21.74
30/01/2018,68080,1971380000,29(0.00 %),68080,1971380000,0,0,6761143,21.84
31/01/2018,55000,1595000000,29(0.00 %),55000,1595000000,0,0,6706143,21.92
01/02/2018,83340,2412900000,29(0.00 %),83340,2412900000,0,0,6623253,22.06
02/02/2018,0,0,29(0.00 %),0,0,0,0,6623253,22.06
05/02/2018,84600,2449640000,28(-3.45 %),85600,2478240000,1000,28600000,6537653,22.19
06/02/2018,30000,781500000,26.8(-4.29 %),30000,781500000,0,0,6507653,22.24
07/02/2018,0,0,27.5(2.61 %),0,0,0,0,6507653,22.24
08/02/2018,0,0,27.8(1.09 %),0,0,0,0,6508653,22.24
09/02/2018,0,0,26.3(-5.40 %),0,0,0,0,6508653,22.24
12/02/2018,10,270000,27.45(4.37 %),10,270000,0,0,6508643,22.24
13/02/2018,4860,135450000,28(2.00 %),4860,135450000,0,0,6503783,22.24
21/02/2018,6280,175840000,28.25(0.89 %),6280,175840000,0,0,6497503,22.25
22/02/2018,0,0,27.8(-1.59 %),0,0,0,0,6497503,22.25
23/02/2018,0,0,27.9(0.36 %),0,0,0,0,6497503,22.25
26/02/2018,90710,2533020000,28.2(1.08 %),90710,2533020000,0,0,6406801,22.4
27/02/2018,100000,2799370000,27.5(-2.48 %),100000,2799370000,0,0,6306801,22.56
28/02/2018,47560,1331400000,28.15(2.36 %),47560,1331400000,0,0,6259241,22.63
01/03/2018,13830,387240000,28.9(2.66 %),13830,387240000,0,0,6245411,22.65
02/03/2018,0,0,28.5(-1.38 %),0,0,0,0,6245411,22.65
05/03/2018,50110,1403020000,28(-1.75 %),50200,1405500000,90,2480000,6195211,22.73
06/03/2018,0,0,26.8(-4.29 %),0,0,0,0,6195211,22.73
07/03/2018,0,0,26.8(0.00 %),0,0,0,0,6195211,22.73
08/03/2018,0,0,27.2(1.49 %),0,0,0,0,6195301,22.73
09/03/2018,-10,-270000,27.55(1.29 %),0,0,10,270000,6195301,22.73
12/03/2018,0,0,28.1(2.00 %),0,0,0,0,6195301,22.73
13/03/2018,530,14890000,28.1(0.00 %),530,14890000,0,0,6194771,22.73
14/03/2018,-8070,-222730000,28.05(-0.18 %),0,0,8070,222730000,6194781,22.73
15/03/2018,0,0,27.5(-1.96 %),0,0,0,0,6194781,22.73
16/03/2018,-2200,-60850000,27.7(0.73 %),0,0,2200,60850000,6194781,22.73
19/03/2018,1400,38920000,27.8(0.36 %),1400,38920000,0,0,6201451,22.72
20/03/2018,500,13750000,27.7(-0.36 %),500,13750000,0,0,6200951,22.72
21/03/2018,-3220,-88230000,27.3(-1.44 %),0,0,3220,88230000,6203151,22.72
22/03/2018,41120,1147410000,28(2.56 %),41120,1147410000,0,0,6162031,22.78
23/03/2018,0,0,28.55(1.96 %),0,0,0,0,6162031,22.78
26/03/2018,0,0,29.3(2.63 %),0,0,0,0,6165251,22.78
27/03/2018,-2880,-82870000,28.3(-3.41 %),500,14530000,3380,97400000,6164751,22.78
28/03/2018,0,0,28.4(0.35 %),0,0,0,0,6164751,22.78
29/03/2018,0,0,28.4(0.00 %),0,0,0,0,6164751,22.78
30/03/2018,700,19670000,28.1(-1.06 %),700,19670000,0,0,6167431,22.78
02/04/2018,0,0,28(-0.36 %),0,0,0,0,6167431,22.78
03/04/2018,98320,2752410000,28(0.00 %),98320,2752410000,0,0,6069111,22.93
04/04/2018,23470,669440000,28.15(0.54 %),24170,688830000,700,19390000,6044941,22.97
05/04/2018,3530,100470000,28.8(2.31 %),3530,100470000,0,0,6041411,22.97
06/04/2018,0,0,28.8(0.00 %),0,0,0,0,6041411,22.97
09/04/2018,2000,56000000,28.4(-1.39 %),2000,56000000,0,0,6040111,22.98
10/04/2018,0,0,28(-1.41 %),0,0,0,0,6040111,22.98
11/04/2018,0,0,27.9(-0.36 %),0,0,0,0,6040111,22.98
12/04/2018,0,0,27.9(0.00 %),0,0,0,0,6040111,22.98
13/04/2018,0,0,27.5(-1.43 %),0,0,0,0,6040111,22.98
16/04/2018,0,0,27.5(0.00 %),0,0,0,0,6040111,22.98
17/04/2018,0,0,27.4(-0.36 %),0,0,0,0,6040111,22.98
18/04/2018,0,0,27.4(0.00 %),0,0,0,0,6040111,22.98
19/04/2018,-500,-13500000,27(-1.46 %),0,0,500,13500000,6040111,22.98
20/04/2018,0,0,28(3.70 %),0,0,0,0,6040119,22.98
23/04/2018,0,0,27.2(-2.86 %),0,0,0,0,6040119,22.98
24/04/2018,-1550,-42290000,27(-0.74 %),0,0,1550,42290000,6040619,22.98
26/04/2018,0,0,27(0.00 %),0,0,0,0,6040619,22.98
27/04/2018,0,0,27.5(1.85 %),0,0,0,0,6040619,22.98
02/05/2018,380,10490000,27(-1.82 %),580,15890000,200,5400000,6041589,22.97
03/05/2018,-150,-3980000,27(0.00 %),0,0,150,3980000,6041589,22.97
04/05/2018,0,0,27.35(1.30 %),0,0,0,0,6041595,22.97
07/05/2018,0,0,27.2(-0.55 %),0,0,0,0,6041795,22.97
08/05/2018,0,0,27(-0.74 %),0,0,0,0,6041945,22.97
09/05/2018,0,0,26.95(-0.19 %),0,0,0,0,6041945,22.97
10/05/2018,0,0,26.95(0.00 %),0,0,0,0,6041945,22.97
11/05/2018,0,0,26.7(-0.93 %),0,0,0,0,6041945,22.97
14/05/2018,0,0,26.7(0.00 %),0,0,0,0,6041945,22.97
15/05/2018,0,0,27(1.12 %),0,0,0,0,6041945,22.97
16/05/2018,0,0,27.3(1.11 %),0,0,0,0,6041945,22.97
17/05/2018,0,0,26.9(-1.47 %),0,0,0,0,6041945,22.97
18/05/2018,0,0,26.9(0.00 %),0,0,0,0,6041945,22.97
21/05/2018,0,0,26.85(-0.19 %),0,0,0,0,6041945,22.97
22/05/2018,-200,-5210000,26.8(-0.19 %),0,0,200,5210000,6041945,22.97
23/05/2018,0,0,26.85(0.19 %),0,0,0,0,6041945,22.97
24/05/2018,0,0,26.85(0.00 %),0,0,0,0,6041945,22.97
25/05/2018,0,0,26.75(-0.37 %),0,0,0,0,6042145,22.97
28/05/2018,0,0,26(-2.80 %),0,0,0,0,6042145,22.97
29/05/2018,-2300,-59800000,26.4(1.54 %),0,0,2300,59800000,6042145,22.97
30/05/2018,-1100,-28050000,26.4(0.00 %),0,0,1100,28050000,6042145,22.97
31/05/2018,0,0,26.6(0.76 %),0,0,0,0,6042145,22.97
01/06/2018,0,0,26.7(0.38 %),0,0,0,0,6044445,22.97
04/06/2018,0,0,26.9(0.75 %),0,0,0,0,6045545,22.97
05/06/2018,0,0,26.8(-0.37 %),0,0,0,0,6045545,22.97
06/06/2018,0,0,26.8(0.00 %),0,0,0,0,6045545,22.97
07/06/2018,0,0,27(0.75 %),0,0,0,0,6045545,22.97
08/06/2018,-390,-10340000,27(0.00 %),0,0,390,10340000,6045545,22.97
11/06/2018,0,0,27(0.00 %),0,0,0,0,6045545,22.97
12/06/2018,0,0,27(0.00 %),0,0,0,0,6045545,22.97
13/06/2018,0,0,26.95(-0.19 %),0,0,0,0,6045935,22.97
14/06/2018,0,0,26.4(-2.04 %),0,0,0,0,6045935,22.97
15/06/2018,0,0,26.4(0.00 %),0,0,0,0,6045935,22.97
18/06/2018,0,0,26.4(0.00 %),0,0,0,0,6045935,22.97
19/06/2018,0,0,25.5(-3.41 %),0,0,0,0,6045935,22.97
20/06/2018,0,0,25.5(0.00 %),0,0,0,0,6045935,22.97
21/06/2018,0,0,26.45(3.73 %),0,0,0,0,6045935,22.97
22/06/2018,0,0,26(-1.70 %),0,0,0,0,6045935,22.97
25/06/2018,0,0,25.9(-0.38 %),0,0,0,0,6045935,22.97
26/06/2018,0,0,25.8(-0.39 %),0,0,0,0,6045935,22.97
27/06/2018,0,0,25.5(-1.16 %),0,0,0,0,6045935,22.97
28/06/2018,0,0,25.9(1.57 %),0,0,0,0,6045935,22.97
29/06/2018,0,0,25.5(-1.54 %),0,0,0,0,6045935,22.97
02/07/2018,2300,58680000,25.5(0.00 %),2300,58680000,0,0,6043635,22.97
03/07/2018,160,4010000,25(-1.96 %),160,4010000,0,0,6043475,22.97
04/07/2018,2250,56250000,25.6(2.40 %),2250,56250000,0,0,6041225,22.98
05/07/2018,0,0,24.3(-5.08 %),0,0,0,0,6041225,22.98
06/07/2018,-650,-11430000,18.75(2.40 %),0,0,650,11430000,6041225,22.98
09/07/2018,-10,-180000,18(-4.00 %),0,0,10,180000,6041225,22.98
10/07/2018,0,0,17.8(-1.11 %),0,0,0,0,6041225,22.98
11/07/2018,0,0,16.7(-6.18 %),0,0,0,0,6041875,22.97
12/07/2018,0,0,17.25(3.29 %),0,0,0,0,6041885,22.97
13/07/2018,-820,-13680000,18.4(6.67 %),1010,18180000,1830,31860000,6040875,22.98
16/07/2018,-500,-9200000,18.6(1.09 %),0,0,500,9200000,6040875,22.98
17/07/2018,240,4320000,18.5(-0.54 %),240,4320000,0,0,6040635,22.98
18/07/2018,0,0,18.9(2.16 %),0,0,0,0,6040635,20.05
19/07/2018,0,0,18.65(-1.32 %),0,0,0,0,6042965,22.97
20/07/2018,0,0,18.4(-1.34 %),0,0,0,0,6042965,23.31
23/07/2018,0,0,18.45(0.27 %),0,0,0,0,6042965,20.05
24/07/2018,20,370000,18.25(-1.08 %),20,370000,0,0,6042945,23.31
25/07/2018,0,0,18.2(-0.27 %),0,0,0,0,6042945,23.31
26/07/2018,600,10830000,18.05(-0.82 %),600,10830000,0,0,6042345,23.31
27/07/2018,0,0,18(-0.28 %),0,0,0,0,6042354,23.31
30/07/2018,0,0,17.95(-0.28 %),0,0,0,0,6042354,23.31
31/07/2018,0,0,17.9(-0.28 %),0,0,0,0,6042354,20.05
01/08/2018,0,0,17.6(-1.68 %),0,0,0,0,6042354,23.31
02/08/2018,0,0,17.7(0.57 %),0,0,0,0,6042354,23.31
03/08/2018,690,12350000,17.8(0.56 %),690,12350000,0,0,6041664,23.31
06/08/2018,0,0,17.8(0.00 %),0,0,0,0,6041664,20.05
07/08/2018,0,0,17.85(0.28 %),0,0,0,0,6041664,23.31
08/08/2018,0,0,17.8(-0.28 %),0,0,0,0,6041664,23.31
09/08/2018,0,0,17.95(0.84 %),0,0,0,0,6041664,23.31
10/08/2018,0,0,18(0.28 %),0,0,0,0,6041664,23.31
13/08/2018,0,0,17.75(-1.39 %),0,0,0,0,6041664,23.31
14/08/2018,10,180000,17.85(0.56 %),10,180000,0,0,6041654,23.31
15/08/2018,0,0,17.8(-0.28 %),0,0,0,0,6041654,23.31
16/08/2018,0,0,17.95(0.84 %),0,0,0,0,6041654,23.31
17/08/2018,-10,-178000,17.95(0.00 %),0,0,10,178000,6041664,20.05
20/08/2018,0,0,18.05(0.56 %),0,0,0,0,6041654,23.31
21/08/2018,0,0,18(-0.28 %),0,0,0,0,6041654,23.31
22/08/2018,0,0,17.85(-0.83 %),0,0,0,0,6041664,23.31
23/08/2018,0,0,17.75(-0.56 %),0,0,0,0,6041664,23.31
24/08/2018,0,0,17.7(-0.28 %),0,0,0,0,6041664,20.05
27/08/2018,0,0,17.7(0.00 %),0,0,0,0,6041664,23.31
28/08/2018,0,0,17.8(0.56 %),0,0,0,0,6041664,23.31
29/08/2018,0,0,18(1.12 %),0,0,0,0,6041664,23.31
30/08/2018,-15000,-266000000,17.7(-1.67 %),0,0,15000,266000000,6041664,23.31
31/08/2018,-12100,-211930000,17.5(-1.13 %),0,0,12100,211930000,6041664,23.31
04/09/2018,-250,-4380000,17.4(-0.57 %),0,0,250,4380000,6041664,23.31
05/09/2018,-20100,-351750000,17.5(0.57 %),0,0,20100,351750000,6056664,23.29
06/09/2018,-10040,-175700000,17.5(0.00 %),0,0,10040,175700000,6068764,23.27
07/09/2018,-4060,-71050000,17.5(0.00 %),0,0,4060,71050000,6072824,19.98
10/09/2018,-50000,-875000000,17.5(0.00 %),0,0,50000,875000000,6089114,23.24
11/09/2018,-10030,-175530000,17.5(0.00 %),0,0,10030,175530000,6099154,23.22
12/09/2018,-10060,-176050000,17.5(0.00 %),0,0,10060,176050000,6103214,23.21
13/09/2018,-10,-180000,17.5(0.00 %),0,0,10,180000,6153214,23.13
14/09/2018,-5010,-87680000,17.5(0.00 %),0,0,5010,87680000,6163244,23.12
17/09/2018,-2870,-50230000,17.45(-0.29 %),0,0,2870,50230000,6173304,23.1
18/09/2018,-14760,-257310000,17.45(0.00 %),0,0,14760,257310000,6173314,23.1
19/09/2018,-33360,-577320000,17.4(-0.29 %),0,0,33360,577320000,8182138,22.98
20/09/2018,-41990,-729480000,17.3(-0.57 %),0,0,41990,729480000,8185008,22.98
21/09/2018,-409890,-7133310000,18(4.05 %),0,0,409890,7133310000,8199768,22.96
24/09/2018,0,0,18.5(2.78 %),0,0,0,0,8233128,22.92
25/09/2018,0,0,18.55(0.27 %),0,0,0,0,8233128,34.03
26/09/2018,0,0,18.55(0.00 %),0,0,0,0,8685008,22.36
27/09/2018,73850,1416560000,19.25(3.77 %),73850,1416560000,0,0,8611158,22.46
28/09/2018,43810,860097500,19.9(3.38 %),43810,860097500,0,0,8567348,33.42
01/10/2018,100,2060000,20.6(3.52 %),100,2060000,0,0,8567241,22.51
02/10/2018,199900,4220013500,21.05(2.18 %),200000,4222093500,100,2080000,8367341,33.79
03/10/2018,0,0,21.3(1.19 %),0,0,0,0,8367241,22.75
04/10/2018,-10,-210000,21(-1.41 %),0,0,10,210000,8367241,22.75
05/10/2018,0,0,19.9(-5.24 %),0,0,0,0,8367341,22.75
08/10/2018,-10,-200000,19.05(-4.27 %),0,0,10,200000,8367341,22.75
09/10/2018,0,0,19.1(0.26 %),0,0,0,0,8367351,22.75
10/10/2018,0,0,18.85(-1.31 %),0,0,0,0,8367351,33.79
11/10/2018,-100,-1840000,17.9(-5.04 %),0,0,100,1840000,8367451,33.79
12/10/2018,0,0,18.1(4.62 %),0,0,0,0,8367451,33.79
15/10/2018,0,0,18.3(1.10 %),0,0,0,0,8367361,22.75
16/10/2018,0,0,17.55(-4.10 %),0,0,0,0,8367461,22.75
17/10/2018,0,0,17.7(0.85 %),0,0,0,0,8367461,33.79
18/10/2018,0,0,17.8(0.56 %),0,0,0,0,8367461,22.75
19/10/2018,570,10032000,17.8(0.00 %),570,10032000,0,0,8366891,33.79
22/10/2018,0,0,17.7(-0.56 %),0,0,0,0,8366891,22.75
23/10/2018,0,0,17.3(-2.26 %),0,0,0,0,8366891,33.79
24/10/2018,0,0,17.75(2.60 %),0,0,0,0,8366891,22.75
25/10/2018,0,0,17.2(-3.10 %),0,0,0,0,8366891,22.75
26/10/2018,0,0,17(-1.16 %),0,0,0,0,8366893,22.75
29/10/2018,0,0,16.9(-0.59 %),0,0,0,0,8366893,22.75
30/10/2018,3000,50700000,16.9(0.00 %),3000,50700000,0,0,8363893,33.79
31/10/2018,500,8300000,17(0.59 %),500,8300000,0,0,8363393,33.79
01/11/2018,0,0,17(0.00 %),0,0,0,0,8363393,22.76
02/11/2018,0,0,17(0.00 %),0,0,0,0,8363393,33.79
05/11/2018,32910,546310000,16.6(-2.35 %),32910,546310000,0,0,8330483,22.8
06/11/2018,0,0,16.8(1.20 %),0,0,0,0,8330483,33.85
07/11/2018,0,0,16.7(-0.60 %),0,0,0,0,8330483,22.8
08/11/2018,0,0,16.9(1.20 %),0,0,0,0,8330483,22.8
09/11/2018,-10,-170000,16.7(-1.18 %),0,0,10,170000,8330483,22.8
12/11/2018,0,0,16.25(-2.69 %),0,0,0,0,8330483,22.8
13/11/2018,0,0,16.1(-0.92 %),0,0,0,0,8330483,33.85
14/11/2018,0,0,16(-0.62 %),0,0,0,0,8330493,22.8
15/11/2018,0,0,16(0.00 %),0,0,0,0,8330493,22.8
16/11/2018,0,0,16.1(0.62 %),0,0,0,0,8330493,22.8
19/11/2018,0,0,16.2(0.62 %),0,0,0,0,8330493,22.8
20/11/2018,0,0,16.4(1.23 %),0,0,0,0,8330493,22.8
21/11/2018,0,0,16.4(0.00 %),0,0,0,0,8330493,22.8
22/11/2018,0,0,16.3(-0.61 %),0,0,0,0,8330493,22.8
23/11/2018,0,0,16.35(0.31 %),0,0,0,0,8330493,22.8
26/11/2018,0,0,15.9(-2.75 %),0,0,0,0,8330493,33.85
27/11/2018,0,0,16.15(1.57 %),0,0,0,0,8330493,33.85
28/11/2018,-10,-160000,16.1(-0.31 %),0,0,10,160000,8330493,22.8
29/11/2018,-140,-2270000,16.3(1.24 %),0,0,140,2270000,8330493,22.8
30/11/2018,-100,-1630000,16.3(0.00 %),0,0,100,1630000,8330493,22.8
03/12/2018,-50,-815000,16.2(-0.61 %),0,0,50,815000,8330503,33.85
04/12/2018,0,0,16.1(-0.62 %),0,0,0,0,8330643,22.8
05/12/2018,0,0,16.1(0.00 %),0,0,0,0,8330643,33.85
06/12/2018,0,0,16.1(0.00 %),0,0,0,0,8330793,22.8
07/12/2018,-1060,-16750000,15.8(-1.86 %),0,0,1060,16750000,8330793,22.8
10/12/2018,-2460,-38150000,15.4(-2.53 %),0,0,2460,38150000,8330793,22.8
11/12/2018,0,0,15.75(2.27 %),0,0,0,0,8330793,22.8
12/12/2018,0,0,15.9(0.95 %),0,0,0,0,8330793,33.85
13/12/2018,7830,124280000,15.95(0.31 %),8400,133340000,570,9060000,8325913,22.8
14/12/2018,0,0,15.95(0.00 %),0,0,0,0,8325913,22.8
17/12/2018,0,0,15.7(-1.57 %),0,0,0,0,8325913,22.8
18/12/2018,0,0,15.7(0.00 %),0,0,0,0,8326483,22.8
19/12/2018,0,0,15.5(-1.27 %),0,0,0,0,8326483,22.8
20/12/2018,0,0,15.7(1.29 %),0,0,0,0,8326483,22.8
21/12/2018,0,0,15.7(0.00 %),0,0,0,0,8326483,22.8
24/12/2018,0,0,15.7(0.00 %),0,0,0,0,8326483,22.8
25/12/2018,0,0,15.65(-0.32 %),0,0,0,0,8326483,22.8
26/12/2018,0,0,15.65(0.00 %),0,0,0,0,8326483,33.86
27/12/2018,0,0,15.65(0.00 %),0,0,0,0,8326483,22.8
28/12/2018,0,0,15.05(-3.83 %),0,0,0,0,8326483,22.8
02/01/2019,0,0,15.3(1.66 %),0,0,0,0,8326483,33.86
03/01/2019,0,0,15.25(-0.33 %),0,0,0,0,8326483,33.86
04/01/2019,0,0,15(-1.64 %),0,0,0,0,8326483,22.8
07/01/2019,0,0,14.4(-4.00 %),0,0,0,0,8326483,33.86
08/01/2019,0,0,14.55(1.04 %),0,0,0,0,8326483,22.8
09/01/2019,0,0,14.6(0.34 %),0,0,0,0,8326483,22.8
10/01/2019,0,0,14.6(0.00 %),0,0,0,0,8326483,22.8
11/01/2019,0,0,14.45(-1.03 %),0,0,0,0,8326483,33.86
14/01/2019,0,0,15.2(5.19 %),0,0,0,0,8326483,22.8
15/01/2019,0,0,16(5.26 %),0,0,0,0,8326483,22.8
16/01/2019,0,0,15.5(-3.12 %),0,0,0,0,8326483,33.86
17/01/2019,0,0,14.6(-5.81 %),0,0,0,0,8326483,22.8
18/01/2019,0,0,15.2(4.11 %),0,0,0,0,8326483,22.8
21/01/2019,0,0,15(-1.32 %),0,0,0,0,8326483,22.8
22/01/2019,0,0,13.95(-7.00 %),0,0,0,0,8326483,22.8
23/01/2019,0,0,14.3(2.51 %),0,0,0,0,8326483,33.86
24/01/2019,0,0,14.4(0.70 %),0,0,0,0,8326483,22.8
25/01/2019,0,0,14.4(0.00 %),0,0,0,0,8326483,22.8
28/01/2019,0,0,14.6(1.39 %),0,0,0,0,8326483,22.8
29/01/2019,0,0,14.55(-0.34 %),0,0,0,0,8326483,22.8
30/01/2019,0,0,14.9(2.41 %),0,0,0,0,8326483,33.86
31/01/2019,0,0,14.9(0.00 %),0,0,0,0,8326483,33.86
01/02/2019,0,0,15(0.67 %),0,0,0,0,0,0.0
11/02/2019,0,0,15.9(6.00 %),0,0,0,0,8326483,33.86
12/02/2019,0,0,15.9(0.00 %),0,0,0,0,8326483,22.8
13/02/2019,0,0,15.8(-0.63 %),0,0,0,0,8326483,22.8
14/02/2019,0,0,15.8(0.00 %),0,0,0,0,8326483,33.86
15/02/2019,0,0,15.7(-0.63 %),0,0,0,0,8326483,33.86
18/02/2019,0,0,15.9(1.27 %),0,0,0,0,8326483,33.86
19/02/2019,0,0,15.8(-0.63 %),0,0,0,0,8326483,33.86
20/02/2019,0,0,15.8(0.00 %),0,0,0,0,8326483,22.8
21/02/2019,-40,-630000,14.9(-5.70 %),0,0,40,630000,8326483,22.8
22/02/2019,0,0,15.3(2.68 %),0,0,0,0,8326523,33.86
25/02/2019,-35570,-547778000,15.3(0.00 %),0,0,35570,547778000,8362093,33.8
26/02/2019,-5710,-87930000,15.3(0.00 %),0,0,5710,87930000,8326523,22.8
27/02/2019,-890,-13710000,15.3(0.00 %),0,0,890,13710000,8326523,22.8
28/02/2019,0,0,15.25(-0.33 %),0,0,0,0,8368693,33.78
01/03/2019,0,0,15.5(1.64 %),0,0,0,0,8367803,33.79
04/03/2019,0,0,15.7(1.29 %),0,0,0,0,8368693,22.75
05/03/2019,0,0,16.3(3.82 %),0,0,0,0,8368693,22.75
06/03/2019,100,1640000,16(-1.84 %),100,1640000,0,0,8368593,22.75
07/03/2019,-410,-6540000,15.5(-3.12 %),0,0,410,6540000,8368593,22.75
08/03/2019,0,0,15.5(0.00 %),0,0,0,0,8368593,22.75
11/03/2019,18850,292170000,16.35(5.48 %),249030,3871430000,230180,3579260000,8119563,23.06
12/03/2019,0,0,15.9(-2.75 %),0,0,0,0,8349363,33.82
13/03/2019,36140,585429000,16.1(1.26 %),36140,585429000,0,0,8313223,33.88
14/03/2019,7110,114150000,16.3(1.24 %),7110,114150000,0,0,8306903,22.83
15/03/2019,17460,282000000,16.15(-0.92 %),17460,282000000,0,0,8289443,22.85
18/03/2019,0,0,16.15(0.00 %),0,0,0,0,8289443,33.93
19/03/2019,0,0,16.15(0.00 %),0,0,0,0,8289443,22.85
20/03/2019,0,0,16(-0.93 %),0,0,0,0,8289443,22.85
21/03/2019,12760,203940000,15.7(-1.88 %),12760,203940000,0,0,8276683,22.86
22/03/2019,59220,953520000,16.35(4.14 %),59220,953520000,0,0,8217463,22.94
25/03/2019,0,0,16.25(-0.61 %),0,0,0,0,8217463,34.06
26/03/2019,4150,67230000,16(-1.54 %),4150,67230000,0,0,8213313,34.07
27/03/2019,0,0,17(6.25 %),0,0,0,0,8213313,22.94
28/03/2019,0,0,16.8(-1.18 %),0,0,0,0,8213313,34.07
29/03/2019,0,0,16.8(0.00 %),0,0,0,0,8213313,34.07
01/04/2019,0,0,16.5(-1.79 %),0,0,0,0,8213313,34.07
02/04/2019,1200,19320000,16.85(2.12 %),1200,19320000,0,0,8212113,34.07
03/04/2019,0,0,16.5(-2.08 %),0,0,0,0,8212113,34.07
04/04/2019,-134710,-2222715000,16.2(-1.82 %),114560,1890240000,249270,4112955000,8346823,33.82
05/04/2019,0,0,16(-1.23 %),0,0,0,0,8346823,33.82
08/04/2019,0,0,16(0.00 %),0,0,0,0,8097873,23.08
09/04/2019,0,0,15.8(-1.25 %),0,0,0,0,8346823,33.82
10/04/2019,0,0,15.85(0.32 %),0,0,0,0,8346823,33.82
11/04/2019,-350010,-5617660000,16(0.95 %),0,0,350010,5617660000,8347143,22.78
12/04/2019,-46950,-753550000,16(0.00 %),0,0,46950,753550000,8347143,22.78
16/04/2019,0,0,15.7(-1.88 %),0,0,0,0,8743783,33.1
17/04/2019,350060,5656960500,15.7(0.00 %),363000,5864145000,12940,207184500,8393723,33.74
18/04/2019,-20,-314000,15.7(0.00 %),0,0,20,314000,8393743,33.74
19/04/2019,-20,-330000,16.25(3.50 %),0,0,20,330000,8381103,22.74
22/04/2019,-1000,-16017500,16(-1.54 %),0,0,1000,16017500,8394763,33.74
23/04/2019,-10,-160000,16(0.00 %),0,0,10,160000,8394773,33.74
24/04/2019,0,0,16(0.00 %),0,0,0,0,8394083,22.72
25/04/2019,0,0,16(0.00 %),0,0,0,0,8395083,22.72
26/04/2019,0,0,15.5(-3.12 %),339032,5339754000,339032,5339754000,8394773,33.74
02/05/2019,0,0,15.2(-1.94 %),0,0,0,0,8395093,22.72
03/05/2019,0,0,16(5.26 %),0,0,0,0,8395093,33.74
06/05/2019,0,0,16.2(1.25 %),0,0,0,0,8395093,33.74
07/05/2019,0,0,16.1(-0.62 %),0,0,0,0,8395093,22.72
08/05/2019,0,0,16.1(0.00 %),0,0,0,0,8395093,22.72
09/05/2019,0,0,15.5(-3.73 %),0,0,0,0,8395093,33.74
10/05/2019,0,0,15.3(-1.29 %),0,0,0,0,8395093,22.72
13/05/2019,0,0,15.4(0.65 %),0,0,0,0,8395093,33.74
14/05/2019,0,0,15.5(0.65 %),0,0,0,0,8395093,22.72
15/05/2019,0,0,15.8(1.94 %),0,0,0,0,8395093,22.72
16/05/2019,0,0,15.2(-3.80 %),0,0,0,0,8395093,33.74
17/05/2019,0,0,15.8(3.95 %),0,0,0,0,8395093,22.72
20/05/2019,0,0,15.3(-3.16 %),0,0,0,0,8395093,22.72
21/05/2019,0,0,15.7(2.61 %),0,0,0,0,8395093,22.72
22/05/2019,0,0,15.5(-1.27 %),0,0,0,0,8395093,33.74
23/05/2019,0,0,15.75(1.61 %),0,0,0,0,8395093,22.72
24/05/2019,0,0,15.7(-0.32 %),0,0,0,0,8395093,22.72
27/05/2019,0,0,16.7(6.37 %),0,0,0,0,8395093,33.74
28/05/2019,0,0,16.2(-2.99 %),0,0,0,0,8395093,22.72
29/05/2019,0,0,16.15(-0.31 %),0,0,0,0,8395093,33.74
30/05/2019,0,0,16.8(4.02 %),0,0,0,0,8395093,22.72
31/05/2019,0,0,16.7(-0.60 %),0,0,0,0,8395093,33.74
03/06/2019,0,0,16.6(-0.60 %),0,0,0,0,8395093,33.74
04/06/2019,0,0,15.7(-5.42 %),0,0,0,0,8395093,33.74
05/06/2019,0,0,15.5(-1.27 %),0,0,0,0,8395093,33.74
06/06/2019,0,0,15.5(0.00 %),0,0,0,0,8395093,33.74
07/06/2019,0,0,15.9(2.58 %),0,0,0,0,8395093,33.74
10/06/2019,0,0,15.8(-0.63 %),0,0,0,0,8395093,33.74
11/06/2019,0,0,15.8(0.00 %),0,0,0,0,8395093,33.74
12/06/2019,-250,-3950000,15.8(0.00 %),10000,158000000,10250,161950000,8395343,33.74
13/06/2019,0,0,15.8(0.00 %),0,0,0,0,8385093,33.75
14/06/2019,0,0,15.8(0.00 %),0,0,0,0,8395343,33.74
17/06/2019,0,0,14.75(-6.65 %),0,0,0,0,8395343,33.74
18/06/2019,-20,-310000,15.5(5.08 %),0,0,20,310000,8395363,33.74
19/06/2019,-1710,-24946000,15.7(1.29 %),0,0,1710,24946000,8397073,33.73
20/06/2019,0,0,15.6(-0.64 %),0,0,0,0,8395343,33.74
21/06/2019,0,0,14.8(-5.13 %),0,0,0,0,8397073,33.73
24/06/2019,0,0,15.5(4.73 %),0,0,0,0,8397073,33.73
25/06/2019,0,0,15.5(0.00 %),0,0,0,0,8397073,33.73
26/06/2019,10000,155000000,15.5(0.00 %),10000,155000000,0,0,8387073,33.75
27/06/2019,0,0,15.5(0.00 %),0,0,0,0,8387073,33.75
28/06/2019,630,9950000,15.75(1.61 %),630,9950000,0,0,8386443,33.75
01/07/2019,0,0,15.8(0.32 %),0,0,0,0,8386443,33.75
02/07/2019,100,1670000,15.8(0.00 %),100,1670000,0,0,8386343,33.75
03/07/2019,0,0,15.85(0.32 %),0,0,0,0,8386343,33.75
04/07/2019,2250,35872500,16(0.95 %),2400,38272500,150,2400000,8384093,33.76
05/07/2019,-4270,-63670000,16(0.00 %),300,4650000,4570,68320000,8383643,33.76
08/07/2019,0,0,15.9(-0.62 %),0,0,0,0,8388363,33.75
09/07/2019,0,0,15.8(-0.63 %),0,0,0,0,8383797,33.76
10/07/2019,0,0,15.6(-1.27 %),0,0,0,0,8388363,33.75
11/07/2019,0,0,15.55(-0.32 %),0,0,0,0,8388367,33.75
12/07/2019,0,0,13.8(-11.25 %),0,0,0,0,8388367,33.75
15/07/2019,0,0,13.65(-1.09 %),0,0,0,0,8388363,33.75
16/07/2019,0,0,13.75(0.73 %),0,0,0,0,8388363,33.75
17/07/2019,-50,-690000,13.7(-0.36 %),0,0,50,690000,8388367,33.75
18/07/2019,0,0,13.75(0.36 %),0,0,0,0,8388413,33.75
19/07/2019,0,0,13.75(0.00 %),0,0,0,0,8388367,33.75
22/07/2019,-20,-274000,13.7(-0.36 %),0,0,20,274000,8388433,33.75
23/07/2019,0,0,13(-5.11 %),0,0,0,0,8388417,33.75
24/07/2019,-310,-4073000,13.3(2.31 %),0,0,310,4073000,8388743,33.75
25/07/2019,0,0,13.4(0.75 %),0,0,0,0,8388743,33.75
26/07/2019,0,0,13.5(0.75 %),0,0,0,0,8388437,33.75
29/07/2019,0,0,13.6(0.74 %),0,0,0,0,8388747,33.75
30/07/2019,7690,103815000,13.8(1.47 %),7690,103815000,0,0,8381053,33.76
31/07/2019,320,4323000,13.5(-2.17 %),320,4323000,0,0,8380733,33.76
01/08/2019,0,0,13.5(0.00 %),0,0,0,0,8380737,33.76
02/08/2019,-40,-548000,13.4(-0.74 %),0,0,40,548000,8380777,33.76
05/08/2019,0,0,13.2(-1.49 %),0,0,0,0,8380777,33.76
06/08/2019,-4520,-56680000,13(-1.52 %),0,0,4520,56680000,8380737,33.76
07/08/2019,0,0,13.15(1.15 %),0,0,0,0,8385297,33.75
08/08/2019,0,0,13.3(1.14 %),0,0,0,0,8380777,33.76
09/08/2019,0,0,13.85(4.14 %),0,0,0,0,8385297,33.75
12/08/2019,0,0,13.85(0.00 %),0,0,0,0,8385297,33.75
13/08/2019,0,0,13.45(-2.89 %),0,0,0,0,8385297,33.75
14/08/2019,0,0,13.5(0.37 %),0,0,0,0,8385297,33.75
15/08/2019,0,0,13.5(0.00 %),0,0,0,0,8385297,33.75
16/08/2019,-10,-135000,13.35(-1.11 %),0,0,10,135000,8385307,33.75
19/08/2019,0,0,12.7(-4.87 %),0,0,0,0,8385307,33.75
20/08/2019,0,0,13.15(3.54 %),0,0,0,0,8385307,33.75
21/08/2019,-1490,-19300000,13(-1.14 %),0,0,1490,19300000,8385307,33.75
22/08/2019,0,0,13.4(3.08 %),0,0,0,0,8386797,33.75
23/08/2019,0,0,13.1(-2.24 %),0,0,0,0,9467477,33.48
26/08/2019,0,0,12.85(-1.91 %),0,0,0,0,8386797,39.09
27/08/2019,0,0,13(1.17 %),0,0,0,0,8386797,39.09
28/08/2019,0,0,13(0.00 %),0,0,0,0,8386797,39.09
29/08/2019,0,0,12.3(-5.38 %),0,0,0,0,8386797,39.09
30/08/2019,0,0,12.8(4.07 %),0,0,0,0,9468967,33.48
03/09/2019,0,0,12.2(-4.69 %),0,0,0,0,9468967,33.48
04/09/2019,0,0,12.4(1.64 %),0,0,0,0,9468967,33.48
05/09/2019,0,0,12.4(0.00 %),0,0,0,0,9468967,33.48
06/09/2019,0,0,12.4(0.00 %),0,0,0,0,9468967,33.48
09/09/2019,0,0,12.6(1.61 %),0,0,0,0,9468967,33.48
10/09/2019,0,0,12.35(-1.98 %),0,0,0,0,9468967,33.48
11/09/2019,0,0,12.5(1.21 %),0,0,0,0,9468967,33.48
12/09/2019,0,0,12.25(-2.00 %),0,0,0,0,9468967,33.48
13/09/2019,3951,49000000,12.45(1.63 %),4000,49000000,49,0,9465016,33.48
16/09/2019,0,0,11.65(-6.43 %),0,0,0,0,9468967,33.48
17/09/2019,0,0,12.1(3.86 %),0,0,0,0,9464967,33.48
18/09/2019,-50,-621000,12.3(1.65 %),0,0,50,621000,9469017,33.48
19/09/2019,0,0,12.3(0.00 %),0,0,0,0,9469017,33.48
20/09/2019,-10310,-123720000,12(-2.44 %),0,0,10310,123720000,9468967,33.48
23/09/2019,0,0,12.45(3.75 %),0,0,0,0,9469017,33.48
24/09/2019,0,0,12.35(-0.80 %),0,0,0,0,9479327,33.46
25/09/2019,0,0,11.9(-3.64 %),0,0,0,0,9479332,33.46
26/09/2019,0,0,12.25(2.94 %),0,0,0,0,9479332,33.46
27/09/2019,0,0,11.8(-3.67 %),0,0,0,0,9479332,33.46
30/09/2019,0,0,12.15(2.97 %),0,0,0,0,9479327,33.46
01/10/2019,0,0,12(-1.23 %),0,0,0,0,9479332,33.46
02/10/2019,0,0,12(0.00 %),0,0,0,0,9479332,33.46
03/10/2019,0,0,11.8(-1.67 %),0,0,0,0,9479332,33.46
04/10/2019,0,0,11.8(0.00 %),0,0,0,0,9479332,33.46
07/10/2019,0,0,12(1.69 %),0,0,0,0,9479332,33.46
08/10/2019,0,0,12.3(2.50 %),0,0,0,0,9479332,33.46
09/10/2019,0,0,11.5(-6.50 %),0,0,0,0,9479332,33.46
10/10/2019,0,0,11.5(0.00 %),0,0,0,0,9479332,33.46
11/10/2019,0,0,11.5(0.00 %),0,0,0,0,9479332,33.46
14/10/2019,0,0,11.5(0.00 %),0,0,0,0,9479332,33.46
15/10/2019,0,0,11.85(3.04 %),0,0,0,0,9479339,33.46
16/10/2019,-3300,-37790000,11.85(0.00 %),0,0,3300,37790000,9479339,33.46
17/10/2019,0,0,11.8(-0.42 %),0,0,0,0,9479339,33.46
18/10/2019,0,0,11.75(-0.42 %),0,0,0,0,9482632,33.45
21/10/2019,0,0,11.75(0.00 %),0,0,0,0,9482632,33.45
22/10/2019,0,0,11.75(0.00 %),0,0,0,0,9482632,33.45
23/10/2019,0,0,11.7(-0.43 %),0,0,0,0,9482632,33.45
24/10/2019,0,0,11.45(-2.14 %),4000,46000000,4000,46000000,9478639,33.46
25/10/2019,6000,66000000,11.4(-0.44 %),10000,111800000,4000,45800000,9476632,33.46
28/10/2019,0,0,11.35(-0.44 %),0,0,0,0,9476632,33.46
29/10/2019,1940,21340000,11.2(-1.32 %),1940,21340000,0,0,9474692,33.47
30/10/2019,60,660000,11.2(0.00 %),60,660000,0,0,9474639,33.47
31/10/2019,0,0,11.3(0.89 %),0,0,0,0,9474639,33.47
01/11/2019,0,0,11.3(0.00 %),0,0,0,0,9474639,33.47
04/11/2019,0,0,10.9(-3.54 %),0,0,0,0,9474639,33.47
05/11/2019,0,0,11(0.92 %),0,0,0,0,9474639,33.47
06/11/2019,0,0,11(0.00 %),0,0,0,0,9474639,33.47
07/11/2019,0,0,11(0.00 %),0,0,0,0,9474639,33.47
08/11/2019,0,0,11(0.00 %),0,0,0,0,9474639,33.47
11/11/2019,0,0,10.6(-3.64 %),0,0,0,0,9474639,33.47
12/11/2019,0,0,10.9(2.83 %),0,0,0,0,9474639,33.47
13/11/2019,0,0,10.6(-2.75 %),0,0,0,0,9474639,33.47
14/11/2019,0,0,10.95(3.30 %),0,0,0,0,9474641,33.47
15/11/2019,0,0,10.9(-0.46 %),0,0,0,0,9474641,33.47
18/11/2019,-3080,-33276000,10.95(0.46 %),0,0,3080,33276000,9477719,33.46
19/11/2019,0,0,10.95(0.00 %),0,0,0,0,9474641,33.47
20/11/2019,0,0,10.9(-0.46 %),0,0,0,0,9474641,33.47
21/11/2019,0,0,10.9(0.00 %),0,0,0,0,9477719,33.46
22/11/2019,0,0,10.7(-1.83 %),0,0,0,0,9477719,33.46
25/11/2019,0,0,10.6(-0.93 %),0,0,0,0,9477721,33.46
26/11/2019,0,0,10.7(0.94 %),0,0,0,0,9477721,33.46
27/11/2019,0,0,10.95(2.34 %),0,0,0,0,9477721,33.46
28/11/2019,0,0,10.9(-0.46 %),0,0,0,0,9477721,33.46
29/11/2019,0,0,10.75(-1.38 %),0,0,0,0,9477719,33.46
02/12/2019,0,0,10.55(-1.86 %),0,0,0,0,9477721,33.46
03/12/2019,0,0,10.6(0.47 %),0,0,0,0,9477721,33.46
04/12/2019,0,0,10.45(-1.42 %),0,0,0,0,9477721,33.46
05/12/2019,0,0,10.45(0.00 %),0,0,0,0,9477721,33.46
06/12/2019,0,0,10.3(-1.44 %),0,0,0,0,9477721,33.46
09/12/2019,0,0,10.3(0.00 %),0,0,0,0,9477721,33.46
10/12/2019,0,0,10.5(1.94 %),0,0,0,0,9477721,33.46
11/12/2019,0,0,10.65(1.43 %),0,0,0,0,9477721,33.46
12/12/2019,0,0,10.65(0.00 %),0,0,0,0,9477721,33.46
13/12/2019,-1120,-11480000,10.25(-3.76 %),0,0,1120,11480000,9477721,33.46
16/12/2019,0,0,10.2(-0.49 %),0,0,0,0,9478841,33.46
17/12/2019,-100,-1030000,10.25(0.49 %),0,0,100,1030000,9477721,33.46
18/12/2019,-3070,-31467500,10.4(1.46 %),0,0,3070,31467500,9482011,33.45
19/12/2019,0,0,10.4(0.00 %),0,0,0,0,9482011,33.45
20/12/2019,0,0,10.6(1.92 %),0,0,0,0,9478941,33.46
23/12/2019,0,0,10.8(1.89 %),0,0,0,0,9482011,33.45
24/12/2019,0,0,11(1.85 %),0,0,0,0,9482011,33.45
25/12/2019,0,0,11(0.00 %),0,0,0,0,9482011,33.45
26/12/2019,0,0,11.7(6.36 %),0,0,0,0,9482011,33.45
27/12/2019,0,0,11.45(-2.14 %),0,0,0,0,9482011,33.45
30/12/2019,0,0,11(-3.93 %),0,0,0,0,9482011,33.45
31/12/2019,-250,-2640000,10.95(-0.45 %),0,0,250,2640000,9482011,33.45
02/01/2020,0,0,11.3(3.20 %),0,0,0,0,9482011,33.45
03/01/2020,0,0,11.3(0.00 %),0,0,0,0,9482011,33.45
06/01/2020,0,0,10.7(-5.31 %),0,0,0,0,9482261,33.45
07/01/2020,0,0,11(2.80 %),0,0,0,0,9482011,33.45
08/01/2020,0,0,11.4(3.64 %),0,0,0,0,9482011,33.45
09/01/2020,200,2220000,11.1(-2.63 %),200,2220000,0,0,9481811,33.45
10/01/2020,0,0,11.65(4.95 %),0,0,0,0,9481811,33.45
13/01/2020,0,0,11.65(0.00 %),0,0,0,0,9482061,33.45
14/01/2020,0,0,11.65(0.00 %),0,0,0,0,9482061,33.45
15/01/2020,0,0,11.45(-1.72 %),0,0,0,0,9482061,33.45
16/01/2020,0,0,11.9(3.93 %),0,0,0,0,9482061,33.45
17/01/2020,-10,-120000,11.9(0.00 %),0,0,10,120000,9482064,33.45
20/01/2020,-219780,-2636510000,11.95(0.42 %),10,120000,219790,2636630000,9482054,33.45
21/01/2020,0,0,11.95(0.00 %),0,0,0,0,9482054,33.45
22/01/2020,-1410,-16835000,12.3(2.93 %),0,0,1410,16835000,9483464,33.45
30/01/2020,0,0,12.2(-0.81 %),0,0,0,0,9483464,33.45
31/01/2020,0,0,11.75(-3.69 %),0,0,0,0,9483464,33.45
03/02/2020,3700,43475000,11.1(-5.53 %),3700,43475000,0,0,9703264,33.09
04/02/2020,0,0,11.2(0.90 %),0,0,0,0,9699564,33.1
05/02/2020,500,5700000,11.4(1.79 %),500,5700000,0,0,9699064,33.1
06/02/2020,0,0,11.4(0.00 %),0,0,0,0,9702764,33.09
07/02/2020,0,0,11.4(0.00 %),0,0,0,0,9702764,33.09
10/02/2020,140,1580000,11.25(-1.32 %),140,1580000,0,0,9698924,33.1
11/02/2020,0,0,11.25(0.00 %),0,0,0,0,9702624,33.09
12/02/2020,0,0,11.6(3.11 %),0,0,0,0,9698924,33.1
13/02/2020,0,0,11.6(0.00 %),0,0,0,0,9698924,33.1
14/02/2020,0,0,11.7(0.86 %),0,0,0,0,9698924,33.1
17/02/2020,10,110000,11.7(0.00 %),10,110000,0,0,9698914,33.1
18/02/2020,0,0,11.7(0.00 %),0,0,0,0,9702614,33.09
19/02/2020,0,0,12.5(6.84 %),0,0,0,0,9702614,33.09
20/02/2020,0,0,12.4(-0.80 %),0,0,0,0,9702614,33.09
21/02/2020,0,0,12(-3.23 %),0,0,0,0,9698914,33.1
24/02/2020,0,0,11.9(-0.83 %),0,0,0,0,9702614,33.09
25/02/2020,0,0,11.85(-0.42 %),0,0,0,0,9698914,33.1
26/02/2020,0,0,12.45(5.06 %),0,0,0,0,9698914,33.1
27/02/2020,0,0,12.4(-0.40 %),0,0,0,0,9698914,33.1
28/02/2020,0,0,12.4(0.00 %),0,0,0,0,9698914,33.1
02/03/2020,0,0,12.65(2.02 %),0,0,0,0,9698914,33.1
03/03/2020,0,0,12.6(-0.40 %),0,0,0,0,9698914,33.1
04/03/2020,0,0,12.7(0.79 %),0,0,0,0,9698914,33.1
05/03/2020,0,0,12.6(-0.79 %),0,0,0,0,9698914,33.1
06/03/2020,0,0,12.4(-1.59 %),0,0,0,0,9698914,33.1
09/03/2020,0,0,11.85(-4.44 %),0,0,0,0,9698914,33.1
10/03/2020,-110,-1220000,11.8(-0.42 %),0,0,110,1220000,9698913,33.1
11/03/2020,0,0,11.7(-0.85 %),0,0,0,0,9698913,33.1
12/03/2020,0,0,11.5(-1.71 %),0,0,0,0,9698913,33.1
13/03/2020,20,210000,10.7(-6.96 %),20,210000,0,0,9699003,33.1
16/03/2020,0,0,11.35(6.07 %),0,0,0,0,9699004,33.1
17/03/2020,0,0,11.45(0.88 %),0,0,0,0,9699004,33.1
18/03/2020,0,0,11.4(-0.44 %),0,0,0,0,9699004,33.1
19/03/2020,0,0,11.4(0.00 %),0,0,0,0,9699003,33.1
20/03/2020,0,0,11(-3.51 %),0,0,0,0,9699004,33.1
23/03/2020,0,0,11(0.00 %),0,0,0,0,9699004,33.1
24/03/2020,0,0,10.3(-6.36 %),0,0,0,0,9699003,33.1
25/03/2020,0,0,10.85(5.34 %),0,0,0,0,9699004,33.1
26/03/2020,0,0,10.85(0.00 %),0,0,0,0,9699004,33.1
27/03/2020,0,0,10.35(-4.61 %),0,0,0,0,9699004,33.1
30/03/2020,0,0,11(6.28 %),0,0,0,0,9699004,33.1
31/03/2020,0,0,11.4(3.64 %),0,0,0,0,9699004,33.1
01/04/2020,0,0,11.45(0.44 %),0,0,0,0,9699003,33.1
03/04/2020,0,0,11.5(0.44 %),0,0,0,0,9699003,33.1
06/04/2020,0,0,11.2(-2.61 %),0,0,0,0,9699003,33.1
07/04/2020,0,0,11.2(0.00 %),0,0,0,0,9699003,33.1
08/04/2020,0,0,10.65(-4.91 %),0,0,0,0,9699003,33.1
09/04/2020,180,1980000,11.25(5.63 %),180,1980000,0,0,9698823,33.1
10/04/2020,400,4280000,10.95(-2.67 %),400,4280000,0,0,9698423,33.1
13/04/2020,0,0,11(0.46 %),0,0,0,0,9698423,33.1
14/04/2020,0,0,11.55(5.00 %),0,0,0,0,9698423,33.1
15/04/2020,0,0,11.3(-2.16 %),0,0,0,0,9698423,33.1
16/04/2020,0,0,10.95(-3.10 %),0,0,0,0,9698423,33.1
17/04/2020,0,0,10.8(-1.37 %),0,0,0,0,9698423,33.1
20/04/2020,0,0,10.9(0.93 %),0,0,0,0,9698423,33.1
21/04/2020,0,0,10.8(-0.92 %),0,0,0,0,9698423,33.1
22/04/2020,0,0,10.9(0.93 %),0,0,0,0,9698423,33.1
23/04/2020,0,0,10.8(-0.92 %),0,0,0,0,9698423,33.1
24/04/2020,0,0,10.95(1.39 %),0,0,0,0,9698423,33.1
27/04/2020,0,0,11(0.46 %),0,0,0,0,9698423,33.1
28/04/2020,0,0,11.3(2.73 %),0,0,0,0,9698423,33.1
29/04/2020,0,0,10.65(-5.75 %),0,0,0,0,9698423,33.1
04/05/2020,0,0,11(3.29 %),0,0,0,0,9698423,33.1
05/05/2020,-10,-110000,10.9(-0.91 %),0,0,10,110000,9698433,33.1
06/05/2020,0,0,10.9(0.00 %),0,0,0,0,9698433,33.1
07/05/2020,-10,-110000,11(0.92 %),0,0,10,110000,9698423,33.1
08/05/2020,0,0,10.9(-0.91 %),0,0,0,0,9698433,33.1
11/05/2020,-30,-330000,10.7(-1.83 %),0,0,30,330000,9698433,33.1
12/05/2020,0,0,10.9(1.87 %),0,0,0,0,9698443,33.1
13/05/2020,-640,-6910000,11.2(2.75 %),0,0,640,6910000,9698443,33.1
14/05/2020,10,105000,11.5(2.68 %),10,105000,0,0,9699103,33.1
15/05/2020,0,0,11.3(-1.74 %),0,0,0,0,9699103,33.1
18/05/2020,0,0,10.8(-4.42 %),0,0,0,0,9699103,33.1
19/05/2020,0,0,11(1.85 %),0,0,0,0,9699103,33.1
20/05/2020,-20,-230000,11.6(5.45 %),0,0,20,230000,9699103,33.1
21/05/2020,0,0,10.9(-6.03 %),0,0,0,0,9699103,33.1
22/05/2020,40,440000,11.3(3.67 %),40,440000,0,0,9699063,33.1
25/05/2020,10,107000,11(-2.65 %),10,107000,0,0,9699073,33.1
26/05/2020,0,0,11(0.00 %),0,0,0,0,9699073,33.1
27/05/2020,0,0,11(0.00 %),0,0,0,0,9699073,33.1
28/05/2020,0,0,11(0.00 %),0,0,0,0,9699073,33.1
29/05/2020,0,0,11(0.00 %),0,0,0,0,9699073,33.1
01/06/2020,0,0,11(0.00 %),0,0,0,0,9699073,33.1
02/06/2020,0,0,11.1(0.91 %),0,0,0,0,9699073,33.1
03/06/2020,0,0,11(-0.90 %),0,0,0,0,9699073,33.1
04/06/2020,0,0,11(0.00 %),0,0,0,0,9699073,33.1
05/06/2020,0,0,11(0.00 %),0,0,0,0,9699073,33.1
08/06/2020,0,0,10.65(-3.18 %),0,0,0,0,9699073,33.1
09/06/2020,0,0,10.95(2.82 %),0,0,0,0,9699073,33.1
10/06/2020,0,0,10.9(-0.46 %),0,0,0,0,9699073,33.1
11/06/2020,10000,106000000,10.9(0.00 %),10000,106000000,0,0,9689073,33.11
12/06/2020,0,0,10.85(-0.46 %),0,0,0,0,9689073,33.11
15/06/2020,0,0,10.9(0.46 %),0,0,0,0,9689073,33.11
16/06/2020,10,105500,10.8(-0.92 %),10,105500,0,0,9689063,33.11
17/06/2020,0,0,10.9(0.93 %),0,0,0,0,9689063,33.11
18/06/2020,0,0,10.9(0.00 %),0,0,0,0,9689063,33.11
19/06/2020,10,104500,10.9(0.00 %),10,104500,0,0,9689053,33.11
22/06/2020,0,0,10.9(0.00 %),0,0,0,0,9689053,33.11
23/06/2020,0,0,10.8(-0.92 %),0,0,0,0,9689053,33.11
24/06/2020,0,0,10.8(0.00 %),0,0,0,0,9689053,33.11
25/06/2020,1900,20330000,10.8(0.00 %),1900,20330000,0,0,9687153,33.12
26/06/2020,0,0,10.8(0.00 %),0,0,0,0,9687153,33.12
29/06/2020,0,0,10.8(0.00 %),0,0,0,0,9687153,33.12
30/06/2020,0,0,10.8(0.00 %),0,0,0,0,9687153,33.12
01/07/2020,0,0,10.8(0.00 %),0,0,0,0,9687153,33.12
02/07/2020,0,0,10.7(-0.93 %),0,0,0,0,9687153,33.12
03/07/2020,0,0,10.75(0.47 %),0,0,0,0,9687160,33.12
06/07/2020,0,0,10.75(0.00 %),0,0,0,0,9687153,33.12
07/07/2020,0,0,10.75(0.00 %),0,0,0,0,9687160,33.12
08/07/2020,0,0,11(2.33 %),0,0,0,0,9687160,33.12
09/07/2020,2000,20800000,10.7(-2.73 %),2000,20800000,0,0,9685153,33.12
10/07/2020,1950,20480000,10.75(0.47 %),1950,20480000,0,0,9683210,33.12
13/07/2020,0,0,10.75(0.00 %),0,0,0,0,9683203,33.12
14/07/2020,10,103000,10.7(-0.47 %),10,103000,0,0,9683193,33.12
15/07/2020,0,0,10.15(-5.14 %),0,0,0,0,9683193,33.12
16/07/2020,0,0,10.6(4.43 %),0,0,0,0,9683193,33.12
17/07/2020,0,0,10.45(-1.42 %),0,0,0,0,9683193,33.12
20/07/2020,0,0,10.6(1.44 %),0,0,0,0,9683193,33.12
21/07/2020,0,0,10.6(0.00 %),0,0,0,0,9683193,33.12
22/07/2020,0,0,10.6(0.00 %),0,0,0,0,9683193,33.12
23/07/2020,0,0,10.55(-0.47 %),0,0,0,0,9683200,33.12
24/07/2020,0,0,10.55(0.00 %),0,0,0,0,9683193,33.12
27/07/2020,0,0,10.9(3.32 %),0,0,0,0,9683200,33.12
28/07/2020,100,1090000,10.6(-2.75 %),100,1090000,0,0,9683100,33.12
29/07/2020,0,0,9.88(-6.79 %),0,0,0,0,9683100,33.12
30/07/2020,0,0,10.4(5.26 %),0,0,0,0,9683093,33.12
31/07/2020,0,0,10.35(-0.48 %),0,0,0,0,9683100,33.12
03/08/2020,0,0,10.05(-2.90 %),0,0,0,0,9683100,33.12
04/08/2020,0,0,9.68(-3.68 %),0,0,0,0,9683100,33.12
05/08/2020,0,0,9.95(2.79 %),0,0,0,0,9683100,33.12
06/08/2020,0,0,9.95(0.00 %),0,0,0,0,9683100,33.12
07/08/2020,0,0,9.8(-1.51 %),0,0,0,0,9683100,33.12
10/08/2020,-1960,-19210000,9.8(0.00 %),0,0,1960,19210000,9683100,33.12
11/08/2020,-2330,-22601000,9.81(0.10 %),0,0,2330,22601000,9687390,33.12
12/08/2020,0,0,9.65(-1.63 %),8000,79200000,8000,79200000,9675100,33.14
13/08/2020,0,0,9.67(0.21 %),8000,77200000,8000,77200000,9687390,33.12
14/08/2020,-1900,-18354000,10.1(4.45 %),0,0,1900,18354000,9689290,33.11
17/08/2020,0,0,10.4(2.97 %),0,0,0,0,9689290,33.11
18/08/2020,0,0,10.2(-1.92 %),0,0,0,0,9687390,33.12
19/08/2020,0,0,10.2(0.00 %),0,0,0,0,9689290,33.11
20/08/2020,0,0,9.97(-2.25 %),0,0,0,0,9689290,33.11
21/08/2020,2510,24598000,9.99(0.20 %),2510,24598000,0,0,9686780,33.12
24/08/2020,0,0,9.91(-0.80 %),0,0,0,0,9686780,33.12
25/08/2020,0,0,10(0.91 %),0,0,0,0,9686780,33.12
26/08/2020,0,0,10.2(2.00 %),0,0,0,0,9686780,33.12
27/08/2020,0,0,10(-1.96 %),0,0,0,0,9686780,33.12
28/08/2020,2000,20000000,9.96(-0.40 %),2000,20000000,0,0,9684780,33.12
31/08/2020,16000,162020000,10.2(2.41 %),16000,162020000,0,0,9668780,33.15
01/09/2020,67560,698238000,10.25(0.49 %),68700,709980000,1140,11742000,9668780,33.15
03/09/2020,0,0,10.2(-0.49 %),0,0,0,0,9600080,33.26
04/09/2020,0,0,10.1(-0.98 %),0,0,0,0,9600080,33.26
07/09/2020,2020,20300000,9.98(-1.19 %),2020,20300000,0,0,9599200,33.26
08/09/2020,0,0,9.98(0.00 %),0,0,0,0,9599200,33.26
09/09/2020,0,0,10(0.20 %),0,0,0,0,9666760,33.15
10/09/2020,0,0,10(0.00 %),0,0,0,0,9599200,33.26
11/09/2020,0,0,10.35(3.50 %),0,0,0,0,9666760,33.15
14/09/2020,0,0,10.85(4.83 %),0,0,0,0,9599200,33.26
15/09/2020,0,0,10.7(-1.38 %),0,0,0,0,9666760,33.15
16/09/2020,15000,159606500,10.7(0.00 %),15000,159606500,0,0,9651760,33.18
17/09/2020,5000,52850000,10.5(-1.87 %),5000,52850000,0,0,9579200,33.3
18/09/2020,0,0,10.5(0.00 %),0,0,0,0,9646760,33.18
21/09/2020,5000,52250000,10.3(-1.90 %),5000,52250000,0,0,9574200,33.3
22/09/2020,0,0,10.3(0.00 %),0,0,0,0,9641760,33.19
23/09/2020,0,0,10.3(0.00 %),0,0,0,0,9574200,33.3
24/09/2020,3540,36460000,10.4(0.97 %),3540,36460000,0,0,9570660,33.31
25/09/2020,0,0,10.65(2.40 %),0,0,0,0,9638220,33.2
28/09/2020,0,0,11.1(4.23 %),0,0,0,0,9570660,33.31
29/09/2020,0,0,10.95(-1.35 %),0,0,0,0,9570660,33.31
30/09/2020,0,0,10.9(-0.46 %),0,0,0,0,9570660,33.31
01/10/2020,0,0,10.95(0.46 %),0,0,0,0,9570660,33.31
02/10/2020,0,0,10.9(-0.46 %),0,0,0,0,9570660,33.31
05/10/2020,0,0,10.9(0.00 %),0,0,0,0,9570660,33.31
06/10/2020,0,0,10.9(0.00 %),0,0,0,0,9570660,33.31
07/10/2020,0,0,10.95(0.46 %),0,0,0,0,9570660,33.31
08/10/2020,0,0,10.9(-0.46 %),0,0,0,0,9570660,33.31
09/10/2020,0,0,10.9(0.00 %),0,0,0,0,9570660,33.31
12/10/2020,15000,162226000,10.85(-0.46 %),15000,162226000,0,0,9555660,33.33
13/10/2020,0,0,10.75(-0.92 %),0,0,0,0,9555660,33.33
14/10/2020,48200,528438000,10.95(1.86 %),48200,528438000,0,0,9507460,33.41
15/10/2020,162300,1849690000,11.7(6.85 %),162300,1849690000,0,0,9345160,33.68
16/10/2020,-3850,-48130000,12.5(6.84 %),0,0,3850,48130000,9345160,33.68
19/10/2020,15500,201500000,12.85(2.80 %),15500,201500000,0,0,9329660,33.7
20/10/2020,15000,179080000,12(-6.61 %),15000,179080000,0,0,9318510,33.72
21/10/2020,0,0,12.2(1.67 %),0,0,0,0,9318510,33.72
22/10/2020,0,0,11.8(-3.28 %),0,0,0,0,9318510,33.72
23/10/2020,0,0,12.5(5.93 %),0,0,0,0,9318510,33.72
26/10/2020,0,0,12.25(-2.00 %),0,0,0,0,9318510,33.72
27/10/2020,0,0,11.9(-2.86 %),0,0,0,0,9318510,33.72
28/10/2020,0,0,11.2(-5.88 %),0,0,0,0,9318510,33.72
29/10/2020,16000,188280000,11.85(5.80 %),16000,188280000,0,0,9302510,33.75
30/10/2020,0,0,11.55(-2.53 %),0,0,0,0,9302510,33.75
02/11/2020,0,0,11.85(2.60 %),0,0,0,0,9302510,33.75
03/11/2020,0,0,11.85(0.00 %),0,0,0,0,9302510,33.75
04/11/2020,0,0,11.8(-0.42 %),0,0,0,0,9302510,33.75
05/11/2020,-620,-7470000,11.9(0.85 %),0,0,620,7470000,9302510,33.75
06/11/2020,0,0,12.4(4.20 %),0,0,0,0,9303130,33.75
09/11/2020,2230,28460000,13(4.84 %),2230,28460000,0,0,9300280,33.75
10/11/2020,0,0,12.8(-1.54 %),0,0,0,0,9300900,33.75
11/11/2020,0,0,13.2(3.12 %),0,0,0,0,9300900,33.75
12/11/2020,0,0,13.6(3.03 %),0,0,0,0,9300900,33.75
13/11/2020,0,0,13.5(-0.74 %),0,0,0,0,9300900,33.75
16/11/2020,-1970,-26400000,13.5(0.00 %),30,400000,2000,26800000,9300870,33.75
17/11/2020,-550,-7450000,14.4(6.67 %),0,0,550,7450000,9300870,33.75
18/11/2020,20000,305000000,15.4(6.94 %),20000,305000000,0,0,9283420,33.78
19/11/2020,0,0,15.35(-0.32 %),0,0,0,0,9283420,33.78
20/11/2020,0,0,14.7(-4.23 %),0,0,0,0,9283420,33.78
23/11/2020,0,0,14.7(0.00 %),0,0,0,0,9283429,33.78
24/11/2020,40000,584000000,14.8(0.68 %),40000,584000000,0,0,9243420,33.85
25/11/2020,-12380,-180130000,14.45(-2.36 %),0,0,12380,180130000,9243429,33.85
26/11/2020,0,0,14.6(1.04 %),0,0,0,0,9243429,33.85
27/11/2020,0,0,14.7(0.68 %),0,0,0,0,9243429,33.85
30/11/2020,-11770,-171399000,14.5(-1.36 %),0,0,11770,171399000,9255199,33.83
01/12/2020,0,0,14.4(-0.69 %),0,0,0,0,9255809,33.83
02/12/2020,0,0,14.35(-0.35 %),0,0,0,0,9255809,33.83
03/12/2020,0,0,14.9(3.83 %),0,0,0,0,9255809,33.83
04/12/2020,-150,-2253000,14.75(-1.01 %),0,0,150,2253000,9255959,33.82
07/12/2020,1030,155950000,15.45(4.75 %),1030,155950000,0,0,9257279,33.82
08/12/2020,7420,113960000,15.25(-1.29 %),7420,113960000,0,0,9249859,33.83
09/12/2020,11990,100292360,15.25(0.00 %),11990,100292360,0,0,9226249,33.87
10/12/2020,196,29580000,14.85(-2.62 %),196,29580000,0,0,9236059,33.86
11/12/2020,310,4996500,14.9(0.34 %),1980,29784500,1670,24788000,9223979,33.88
14/12/2020,2460,37720000,15.5(4.03 %),5130,79910000,2670,42190000,9228949,33.87
15/12/2020,45,4550000,15.5(0.00 %),595,91450000,550,86900000,9222999,33.88
16/12/2020,-29340,-484587000,16.4(5.81 %),12280,194365000,41620,678952000,9250409,33.83
17/12/2020,230,5930000,17.35(5.79 %),10440,181540000,10210,175610000,9204619,33.91
18/12/2020,10510,187356000,18.2(4.90 %),10510,187356000,0,0,9239669,33.85
21/12/2020,3050,54420000,18.6(2.20 %),5010,90940000,1960,36520000,9236219,33.86
22/12/2020,-70,-7099920,18.7(0.54 %),810,0,880,7099920,9236689,33.86
23/12/2020,-18689,-3479190000,18(-3.74 %),209,39610000,18898,3518800000,9243529,33.85
24/12/2020,-1700,-31110000,17.7(-1.67 %),2430,43010000,4130,74120000,9243059,33.85
25/12/2020,6460,117570000,18.8(6.21 %),6460,117570000,0,0,9237479,33.86
28/12/2020,-5147,-984040000,19.3(2.66 %),317,60950000,5464,1044990000,9423289,33.55
29/12/2020,-224750,-4288714000,18.8(-2.59 %),9760,188405000,234510,4477119000,9695039,33.11
30/12/2020,-7568,-1414720000,18.8(0.00 %),1069,200060000,8637,1614780000,9406969,33.58
31/12/2020,18690,359116000,19.5(3.72 %),18770,360623500,80,1507500,9388279,33.61
04/01/2021,1800,36015000,20.1(3.08 %),3600,71995000,1800,35980000,9673749,33.14
05/01/2021,280,56040000,20.1(0.00 %),1600,320000000,1320,263960000,9744119,33.02
06/01/2021,-46700,-917470000,19.9(-1.00 %),600,11790000,47300,929260000,9717649,33.07
07/01/2021,280,54320000,19.6(-1.51 %),420,81700000,140,27380000,9741199,33.03
08/01/2021,-101700,-1953960000,19(-3.06 %),300,5710000,102000,1959670000,9816549,32.91
11/01/2021,1070,209410000,19.65(3.42 %),1070,209410000,0,0,9790699,32.95
12/01/2021,670,133440000,20.2(2.80 %),1290,258060000,620,124620000,9779199,32.97
13/01/2021,370,73630000,19.5(-3.47 %),370,73630000,0,0,9877499,32.81
14/01/2021,390,77610000,19.95(2.31 %),470,93530000,80,15920000,9872799,32.81
15/01/2021,3400,68650000,21.3(6.77 %),3400,68650000,0,0,9788149,32.95
18/01/2021,800,18660000,22.75(6.81 %),3500,76075000,2700,57415000,9787349,32.95
19/01/2021,-800,-5285000,22.8(0.22 %),8700,209675000,9500,214960000,9788149,32.95
20/01/2021,-1130,-258750000,23.9(4.82 %),330,77630000,1460,336380000,9860899,32.83
21/01/2021,4400,107325000,25(4.60 %),5400,132555000,1000,25230000,9795049,32.94
22/01/2021,-66300,-1593700000,23.9(-4.40 %),10700,254725000,77000,1848425000,9861349,32.83
25/01/2021,-239400,-5646085000,23.7(-0.84 %),12300,291655000,251700,5937740000,10100749,32.44
26/01/2021,740,174650000,22.75(-4.01 %),1010,236690000,270,62040000,9850009,32.85
27/01/2021,-69600,-1537175000,21.7(-4.62 %),11100,248895000,80700,1786070000,10162949,32.34
28/01/2021,8100,163755000,20.2(-6.91 %),8100,163755000,0,0,10154849,32.35
29/01/2021,37800,742650000,20.25(0.25 %),37900,744630000,100,1980000,10117049,32.41
01/02/2021,8600,167775000,18.85(-6.91 %),9600,187510000,1000,19735000,10759009,31.36
02/02/2021,-11840,-2184340000,18.75(-0.53 %),1160,214960000,13000,2399300000,10183809,32.3
03/02/2021,-45320,-8653700000,19.55(4.27 %),0,0,45320,8653700000,10183909,32.3
04/02/2021,-10400,-210700000,20.9(6.91 %),5700,117980000,16100,328680000,10777409,31.33
05/02/2021,-7800,-169555000,21.8(4.31 %),2000,42200000,9800,211755000,10785209,31.32
08/02/2021,700,11450000,20.95(-3.90 %),7000,143500000,6300,132050000,10784509,31.32
09/02/2021,900,189030000,21.7(3.58 %),1090,229300000,190,40270000,10758609,31.36
17/02/2021,1460,325870000,22.95(5.76 %),1520,339010000,60,13140000,10753209,31.37
18/02/2021,2400,55010000,22.95(0.00 %),2400,55010000,0,0,10758509,31.36
19/02/2021,-3100,-72775000,23.4(1.96 %),0,0,3100,72775000,10761609,31.36
22/02/2021,-610,-140700000,22.95(-1.92 %),0,0,610,140700000,10759609,31.36
23/02/2021,3500,80190000,23(0.22 %),4200,96080000,700,15890000,10764209,31.35
24/02/2021,-50,-11720000,23(0.00 %),150,34280000,200,46000000,10757009,31.36
25/02/2021,-760,-174170000,24.6(6.96 %),1200,283170000,1960,457340000,10751109,31.37
26/02/2021,480,124970000,25.65(4.27 %),650,168560000,170,43590000,10745309,31.38
01/03/2021,-9400,-240960000,25.7(0.19 %),4000,105025000,13400,345985000,10747309,31.38
02/03/2021,2950,775980000,26.7(3.89 %),3990,1044140000,1040,268160000,10723009,31.42
03/03/2021,-24700,-661780000,26.9(0.75 %),13600,366540000,38300,1028320000,10742509,31.39
04/03/2021,-6100,-160875000,26.1(-2.97 %),0,0,6100,160875000,10748609,31.38
05/03/2021,26100,678075000,26.55(1.72 %),38200,992925000,12100,314850000,10722509,31.42
08/03/2021,6040,1645440000,28.2(6.21 %),6350,1728370000,310,82930000,10671509,31.5
09/03/2021,5280,1496570000,28.3(0.35 %),6850,1946290000,1570,449720000,10609109,31.61
10/03/2021,16600,463230000,27.6(-2.47 %),18000,501450000,1400,38220000,10592709,31.63
11/03/2021,2960,816790000,28.3(2.54 %),2960,816790000,0,0,10576709,31.66
12/03/2021,-2400,-66690000,28(-1.06 %),0,0,2400,66690000,10565509,31.68
15/03/2021,-1650,-455610000,27.5(-1.79 %),350,96950000,2000,552560000,10590309,31.64
16/03/2021,-15340,-4184470000,27.15(-1.27 %),0,0,15340,4184470000,10590309,31.64
17/03/2021,-10860,-2955280000,27.15(0.00 %),30,8150000,10890,2963430000,10592409,31.63
18/03/2021,-10230,-2807740000,27.5(1.29 %),0,0,10230,2807740000,10612409,31.6
19/03/2021,-13210,-3647730000,27.75(0.91 %),0,0,13210,3647730000,10765809,31.35
22/03/2021,1530,447090000,29.65(6.85 %),1970,574460000,440,127370000,10855009,31.2
23/03/2021,-4420,-1334250000,30.05(1.35 %),130,39400000,4550,1373650000,10955969,31.04
24/03/2021,20,6170000,29.3(-2.50 %),60,18050000,40,11880000,11087469,30.82
25/03/2021,-31500,-900790000,28.5(-2.73 %),0,0,31500,900790000,11138609,30.74
26/03/2021,-8000,-223340000,29.5(3.51 %),4400,121185000,12400,344525000,11146609,30.73
29/03/2021,-3700,-108050000,29.15(-1.19 %),3900,113995000,7600,222045000,11150309,30.72
30/03/2021,430,126340000,29.5(1.20 %),570,166930000,140,40590000,11155269,30.71
31/03/2021,15700,473540000,30.2(2.37 %),15700,473540000,0,0,11130309,30.75
01/04/2021,-152800,-4594850000,30.2(0.00 %),5000,151135000,157800,4745985000,11159569,30.7
02/04/2021,-1060,-318870000,29.9(-0.99 %),150,45200000,1210,364070000,11154469,30.71
05/04/2021,1100,32635000,29.85(-0.17 %),6000,179270000,4900,146635000,11169069,30.69
06/04/2021,570,172310000,30(0.50 %),890,268590000,320,96280000,11297369,30.48
07/04/2021,-78100,-2367310000,31.35(4.50 %),4400,137090000,82500,2504400000,11241469,30.57
08/04/2021,-3840,-1188120000,31.35(0.00 %),710,218900000,4550,1407020000,11302869,30.47
09/04/2021,-5120,-1603410000,32.6(3.99 %),1230,385320000,6350,1988730000,11293769,30.48
12/04/2021,-89500,-2883980000,32.05(-1.69 %),16100,519480000,105600,3403460000,11420569,30.28
13/04/2021,-12840,-4000840000,31.6(-1.40 %),220,69550000,13060,4070390000,11403469,30.3
14/04/2021,-198400,-6217540000,32(1.27 %),2800,89185000,201200,6306725000,11747369,29.74
15/04/2021,-213200,-6903420000,32.6(1.88 %),28300,911470000,241500,7814890000,11960569,29.43
16/04/2021,-265200,-8759425000,33(1.23 %),11800,396720000,277000,9156145000,12225769,28.96
19/04/2021,-70170,-24443310000,35.1(6.36 %),2250,778680000,72420,25221990000,11838969,29.59
20/04/2021,-16590,-5701650000,33.6(-4.27 %),1420,501380000,18010,6203030000,12066269,29.22
22/04/2021,-14520,-4710580000,31.25(-6.99 %),350,113160000,14870,4823740000,12339769,28.77
23/04/2021,-92600,-2893380000,31.75(1.60 %),14200,440560000,106800,3333940000,13331169,27.14
26/04/2021,-8850,-2723900000,30.2(-4.88 %),590,185380000,9440,2909280000,13223969,27.32
27/04/2021,-5240,-1582900000,30.5(0.99 %),340,102980000,5580,1685880000,13369269,27.08
28/04/2021,-32400,-1005025000,31.25(2.46 %),23200,722295000,55600,1727320000,13504469,26.86
29/04/2021,-8910,-2845290000,31.75(1.60 %),360,115490000,9270,2960780000,13543669,26.8
04/05/2021,-47600,-1516965000,32.8(3.31 %),22400,717485000,70000,2234450000,13599469,26.7
05/05/2021,-5710,-1883160000,32.5(-0.91 %),1690,561060000,7400,2444220000,13615769,26.68
06/05/2021,-6560,-2130420000,32.55(0.15 %),0,0,6560,2130420000,13708469,26.53
07/05/2021,-38700,-1350050000,34.8(6.91 %),74300,2547590000,113000,3897640000,13760869,26.44
10/05/2021,-3920,-1453870000,37.2(6.90 %),2080,772480000,6000,2226350000,13757369,26.44
11/05/2021,-5550,-2044590000,37(-0.54 %),3160,1194450000,8710,3239040000,13791369,26.39
12/05/2021,112900,4320450000,39.55(6.89 %),128400,4900750000,15500,580300000,13742669,26.47
13/05/2021,89500,3724400000,41(3.67 %),101700,4229510000,12200,505110000,13653169,26.62
14/05/2021,69100,2826110000,40.5(-1.22 %),78300,3200435000,9200,374325000,13584069,26.73
17/05/2021,55400,2166555000,39.5(-2.47 %),62900,2461470000,7500,294915000,13528669,26.82
18/05/2021,79000,3234330000,41.05(3.92 %),81300,3329020000,2300,94690000,13449669,26.95
19/05/2021,16300,666015000,40.6(-1.10 %),16300,666015000,0,0,13433369,26.98
20/05/2021,97900,3824320000,39.5(-2.71 %),108700,4242065000,10800,417745000,13335469,27.14
21/05/2021,9100,346485000,38.6(-2.28 %),13900,529535000,4800,183050000,13326369,27.15
24/05/2021,-82700,-3139000000,38.1(-1.30 %),18400,704655000,101100,3843655000,13409069,27.02
25/05/2021,-1240,-574650000,39.8(4.46 %),14130,5496310000,15370,6070960000,13357703,27.1
26/05/2021,13700,544380000,38.8(-2.51 %),31200,1219200000,17500,674820000,13407769,27.02
27/05/2021,-11790,-4481070000,37.7(-2.84 %),360,134350000,12150,4615420000,13428803,26.98
28/05/2021,-25390,-9530100000,38.4(1.86 %),810,308740000,26200,9838840000,13574403,26.74
31/05/2021,-21380,-8297370000,39(1.56 %),1110,435020000,22490,8732390000,13580803,26.73
01/06/2021,1250,486830000,38.6(-1.03 %),1250,486830000,0,0,13689803,26.56
02/06/2021,9000,343090000,38.3(-0.78 %),9000,343090000,0,0,13693303,26.55
03/06/2021,-227700,-8632450000,38(-0.78 %),8200,314555000,235900,8947005000,13921003,26.18
04/06/2021,-265900,-10394320000,39.9(5.00 %),39700,1566045000,305600,11960365000,14186903,25.74
07/06/2021,-20200,-795200000,39.9(0.00 %),6100,247040000,26300,1042240000,14207103,25.71
08/06/2021,-274600,-10514810000,37.15(-6.89 %),1600,61805000,276200,10576615000,14481703,25.26
09/06/2021,-210000,-7612880000,36.3(-2.29 %),200,7190000,210200,7620070000,14691703,24.91
10/06/2021,-275500,-9852120000,36.1(-0.55 %),16800,595765000,292300,10447885000,14967203,24.46
11/06/2021,1910,711320000,37.1(2.77 %),2040,758330000,130,47010000,14918703,24.54
14/06/2021,-202500,-7474115000,36.9(-0.54 %),11500,428685000,214000,7902800000,15150603,24.16
15/06/2021,-8000,-291900000,37.15(0.68 %),4000,148120000,12000,440020000,15158603,24.15
16/06/2021,-14370,-5231140000,36.8(-0.94 %),1140,415050000,15510,5646190000,15395603,23.76
17/06/2021,-248000,-8927780000,36.4(-1.09 %),2300,82845000,250300,9010625000,15550303,23.51
18/06/2021,-14280,-5555360000,38.9(6.87 %),880,336370000,15160,5891730000,15610503,23.41
21/06/2021,-23400,-909885000,39.45(1.41 %),5800,228295000,29200,1138180000,15716503,23.23
22/06/2021,-1430,-552050000,38.6(-2.15 %),140,54230000,1570,606280000,16008703,22.75
23/06/2021,-3550,-1346940000,37.9(-1.81 %),0,0,3550,1346940000,16160303,22.51
24/06/2021,-2020,-753070000,37.5(-1.06 %),270,100680000,2290,853750000,16186803,22.46
25/06/2021,-280,-104130000,37.9(1.07 %),0,0,280,104130000,16202503,22.44
28/06/2021,21200,829750000,39(2.90 %),22700,889000000,1500,59250000,15768103,23.15
29/06/2021,-92000,-3594010000,39(0.00 %),69900,2737795000,161900,6331805000,15860103,23.0
30/06/2021,15000,5966000000,40.05(2.69 %),15040,5981790000,40,15790000,16020703,22.73
01/07/2021,27000,1113480000,41.3(3.12 %),28200,1161760000,1200,48280000,16022203,22.73
02/07/2021,4400,183035000,41.4(0.24 %),12500,516985000,8100,333950000,16017803,22.74
05/07/2021,12260,5194940000,42.8(3.38 %),12490,5292410000,230,97470000,16018903,22.74
06/07/2021,-3730,-1557190000,39.85(-6.89 %),70,28490000,3800,1585680000,16019403,22.74
07/07/2021,6340,2429680000,39.85(0.00 %),7210,2768170000,870,338490000,15955403,22.84
08/07/2021,0,-10750000,38.6(-3.14 %),6140,2358870000,6140,2369620000,15896303,22.94
09/07/2021,6500,239950000,36(-6.74 %),18600,695040000,12100,455090000,15862603,22.99
12/07/2021,1970,664700000,33.5(-6.94 %),1970,664700000,0,0,15904703,22.92
13/07/2021,-20200,-679400000,34(1.49 %),2600,87100000,22800,766500000,15863103,22.99
14/07/2021,-58600,-2036225000,35.5(4.41 %),10000,349270000,68600,2385495000,15921703,22.9
15/07/2021,-88900,-3154915000,37.05(4.37 %),700,24745000,89600,3179660000,16010603,22.75
16/07/2021,-4570,-1687650000,38.6(4.18 %),0,0,4570,1687650000,15987703,22.79
19/07/2021,-217200,-8411695000,37.55(-2.72 %),13800,545830000,231000,8957525000,16273503,22.32
20/07/2021,-25100,-950555000,39.5(5.19 %),8300,321565000,33400,1272120000,16298603,22.28
21/07/2021,-9700,-384005000,39.5(0.00 %),3000,118350000,12700,502355000,16308303,22.26
22/07/2021,-15400,-620620000,40.1(1.52 %),21100,840540000,36500,1461160000,16323703,22.24
23/07/2021,11770,4743850000,40.7(1.50 %),12590,5079680000,820,335830000,16283913,22.3
26/07/2021,4650,1941400000,43.5(6.88 %),5080,2121930000,430,180530000,16245813,22.37
27/07/2021,-178600,-7845775000,43.5(0.00 %),700,31130000,179300,7876905000,16338103,22.21
28/07/2021,-6120,-2630420000,42.1(-3.22 %),370,158990000,6490,2789410000,16286113,22.3
29/07/2021,-46700,-1970610000,43(2.14 %),33300,1417575000,80000,3388185000,16446003,22.04
30/07/2021,35200,1570660000,44.35(3.14 %),35600,1588520000,400,17860000,16410803,22.09
02/08/2021,-52200,-2503565000,46.7(5.30 %),72600,3351735000,124800,5855300000,16465713,22.0
03/08/2021,-44200,-2054290000,46.8(0.21 %),7300,342025000,51500,2396315000,16509913,21.93
04/08/2021,100,2715000,47.25(0.96 %),9300,435955000,9200,433240000,16509813,21.93
05/08/2021,15800,747255000,47.2(-0.21 %),19800,936055000,4000,188800000,16494013,21.96
06/08/2021,-12600,-599695000,47.8(1.27 %),17500,839515000,30100,1439210000,16506613,21.94
09/08/2021,-88600,-4298065000,48.75(1.99 %),13400,652470000,102000,4950535000,16595213,21.79
10/08/2021,-11800,-565910000,48.25(-1.03 %),5200,250590000,17000,816500000,16607013,21.77
11/08/2021,-72700,-3425080000,46(-4.66 %),30000,1433000000,102700,4858080000,16679713,21.65
12/08/2021,110800,5173425000,46.4(0.87 %),110900,5178005000,100,4580000,16568913,21.84
13/08/2021,42700,1758757000,47(1.29 %),47100,1959757800,4400,201000800,16526213,21.91
16/08/2021,42700,2032245000,47.55(1.17 %),43700,2079345000,1000,47100000,16483513,21.98
17/08/2021,109800,5383160000,49.1(3.26 %),109800,5383160000,0,0,16306613,22.27
18/08/2021,9800,482355000,48.4(-1.43 %),12000,590845000,2200,108490000,16473713,21.99
19/08/2021,-80000,-3871005000,48.4(0.00 %),0,0,80000,3871005000,16553713,21.86
20/08/2021,-149000,-6967500000,45.1(-6.82 %),10800,489090000,159800,7456590000,16702713,21.62
23/08/2021,98500,4394310000,43.3(-3.99 %),106100,4728795000,7600,334485000,16604213,21.78
24/08/2021,57400,2469595000,43.4(0.23 %),58300,2508405000,900,38810000,16546813,21.87
25/08/2021,-19800,-864340000,46.4(6.91 %),3500,154035000,23300,1018375000,16566613,21.84
26/08/2021,82300,3817615000,45.95(-0.97 %),125800,5836885000,43500,2019270000,16484313,21.97
27/08/2021,25400,1170405000,46.4(0.98 %),25400,1170405000,0,0,16458913,22.02
30/08/2021,64100,3059525000,48.1(3.66 %),66100,3155125000,2000,95600000,16394813,22.12
31/08/2021,-22800,-1097945000,47.75(-0.73 %),100,4800000,22900,1102745000,16417613,22.08
01/09/2021,-7700,-367890000,50(4.71 %),1100,52510000,8800,420400000,16414376,22.09
06/09/2021,123900,6576540000,53.5(7.00 %),127900,6784240000,4000,207700000,16290476,22.29
07/09/2021,-41200,-2169470000,51.9(-2.99 %),11200,603180000,52400,2772650000,16331676,22.22
08/09/2021,184100,9621650000,52.7(1.54 %),184300,9631850000,200,10200000,16147576,22.53
09/09/2021,9200,493880000,53.8(2.09 %),28000,1495090000,18800,1001210000,16138376,22.54
10/09/2021,-31500,-1670820000,52.7(-2.04 %),20800,1104630000,52300,2775450000,16169876,22.49
13/09/2021,17200,889180000,51.1(-3.04 %),26200,1350040000,9000,460860000,16152676,22.52
14/09/2021,-400,-17700000,51.1(0.00 %),7300,376100000,7700,393800000,16153076,22.52
15/09/2021,52500,2761690000,53.7(5.09 %),52500,2761690000,0,0,16100576,22.6
16/09/2021,-30800,-1621640000,52.5(-2.23 %),0,0,30800,1621640000,16131376,22.55
17/09/2021,3800,210570000,53.8(2.48 %),8900,478060000,5100,267490000,16127576,22.56
20/09/2021,-9600,-503780000,53(-1.49 %),12700,687960000,22300,1191740000,16137176,22.54
21/09/2021,-50800,-2631760000,52.6(-0.75 %),100,5180000,50900,2636940000,16187976,22.46
22/09/2021,-59000,-3069300000,52.5(-0.19 %),0,0,59000,3069300000,16246976,22.36
23/09/2021,-31700,-1646990000,51.6(-1.71 %),1500,78200000,33200,1725190000,16278676,22.31
24/09/2021,-32400,-1658540000,50(-3.10 %),3300,167400000,35700,1825940000,16311076,22.26
27/09/2021,-32700,-1620635000,47(-6.00 %),4500,217995000,37200,1838630000,16343776,22.2
28/09/2021,76600,3681650000,49.6(5.53 %),76600,3681650000,0,0,16267176,22.33
29/09/2021,-18700,-927255000,49.8(0.40 %),0,0,18700,927255000,16285876,22.3
30/09/2021,-15600,-782860000,49.95(0.30 %),1800,90500000,17400,873360000,16301476,22.27
01/10/2021,-103800,-5149105000,49.6(-0.70 %),42815,2022877500,146615,7171982500,16288376,22.3
04/10/2021,31400,1608200000,52(4.84 %),31400,1608200000,0,0,16256976,22.35
05/10/2021,-2500,-131550000,52.6(1.15 %),2800,145600000,5300,277150000,16259476,22.34
06/10/2021,-3300,-173640000,53(0.76 %),0,0,3300,173640000,16262776,0.0
07/10/2021,34200,1881550000,55.2(4.15 %),39800,2183390000,5600,301840000,16228576,0.0
08/10/2021,-9800,-537670000,54.6(-1.09 %),1200,66300000,11000,603970000,16238376,0.0
11/10/2021,11500,516624300,55.1(0.92 %),15000,711052800,3500,194428500,16226876,0.0
12/10/2021,12300,681510000,55.1(0.00 %),15600,862680000,3300,181170000,16214576,0.0
13/10/2021,-26300,-1432030000,54.5(-1.09 %),0,0,26300,1432030000,16240876,0.0
14/10/2021,28200,1554990000,54.5(0.00 %),28200,1554990000,0,0,16212676,0.0
15/10/2021,43200,2399680000,55.6(2.02 %),45200,2511730000,2000,112050000,16169476,0.0
18/10/2021,-1500,-79090000,54.9(-1.26 %),19800,1097630000,21300,1176720000,16170976,0.0
19/10/2021,-4000,-218500000,55(0.18 %),0,0,4000,218500000,16174976,0.0
20/10/2021,-27800,-1517550000,54.7(-0.55 %),1000,54800000,28800,1572350000,16202776,0.0
21/10/2021,-3700,-202630000,54.6(-0.18 %),0,0,3700,202630000,16178676,0.0
22/10/2021,-29300,-1580090000,53.5(-2.01 %),0,0,29300,1580090000,16207976,0.0
25/10/2021,-43300,-2262770000,51.9(-2.99 %),100,5210000,43400,2267980000,16251276,0.0
26/10/2021,62800,3305530000,53.2(2.50 %),63800,3356630000,1000,51100000,16188476,0.0
27/10/2021,5800,314270000,53.6(0.75 %),5800,314270000,0,0,16182676,0.0
28/10/2021,-3600,-191490000,54.1(0.93 %),4300,232150000,7900,423640000,16186276,22.46
29/10/2021,-17600,-947010000,53.7(-0.74 %),0,0,17600,947010000,16203876,22.43
01/11/2021,-29200,-1537270000,52.3(-2.61 %),2500,131750000,31700,1669020000,16356859,22.18
02/11/2021,-32900,-1732550000,52.3(0.00 %),500,26050000,33400,1758600000,16389759,22.13
03/11/2021,0,0,51(-2.49 %),0,0,0,0,16389759,22.13
04/11/2021,0,0,52.8(3.53 %),0,0,0,0,16389759,22.13
05/11/2021,0,0,52.5(-0.57 %),0,0,0,0,16389759,22.13
08/11/2021,-35400,-1847280000,51.9(-1.14 %),0,0,35400,1847280000,16425159,22.07
09/11/2021,-17000,-878780000,51.5(-0.77 %),2100,108150000,19100,986930000,16442159,22.04
10/11/2021,-10800,-551253600,51(-0.97 %),600,30625200,11400,581878800,16452959,0.0
11/11/2021,-29600,-1470275000,49.6(-2.75 %),300,14655000,29900,1484930000,16471759,21.99
12/11/2021,-20100,-993890000,50.3(2.44 %),3900,193590000,24000,1187480000,16491859,21.96
15/11/2021,-36700,-1793005000,48.75(-3.08 %),1200,58785000,37900,1851790000,16528559,21.9
16/11/2021,-29700,-1433800000,47.5(-2.56 %),2500,120180000,32200,1553980000,16558259,21.85
17/11/2021,-13900,-660400000,47(-1.05 %),1500,71940000,15400,732340000,16572159,21.83
18/11/2021,-137500,-6222040000,44.45(-5.43 %),1800,80665000,139300,6302705000,16709659,21.6
19/11/2021,37400,1613570000,42(-5.51 %),37600,1622280000,200,8710000,16672259,21.67
22/11/2021,28200,1206995000,42.8(1.90 %),29200,1249945000,1000,42950000,16644059,21.71
23/11/2021,36500,1591710000,43.6(1.87 %),36500,1591710000,0,0,16607559,21.77
24/11/2021,-3100,-131770000,42.8(-1.83 %),5400,234925000,8500,366695000,16610659,21.77
25/11/2021,-3600,-156690000,45.75(6.89 %),1000,43000000,4600,199690000,16614259,21.76
26/11/2021,0,0,48.95(6.99 %),0,0,0,0,16614259,0.0
29/11/2021,0,0,51(4.19 %),0,0,0,0,16614259,21.76
30/11/2021,-72200,-3597805000,49.05(-3.82 %),3800,193960000,76000,3791765000,16686459,21.64
01/12/2021,4300,206765000,47.7(-2.75 %),5000,240300000,700,33535000,16684138,21.65
02/12/2021,-7600,-355615000,45.9(-3.77 %),2300,105910000,9900,461525000,16691738,21.63
03/12/2021,-2900,-132555000,44.3(-3.49 %),1300,58580000,4200,191135000,16694638,21.63
06/12/2021,8600,367720000,41.75(-5.76 %),23300,1003450000,14700,635730000,16686038,21.64
07/12/2021,33400,1436550000,44.65(6.95 %),33800,1453995000,400,17445000,16652638,21.7
08/12/2021,-50600,-2287500000,44.65(0.00 %),4100,189015000,54700,2476515000,16703238,21.62
09/12/2021,-8700,-386610000,44.65(0.00 %),0,0,8700,386610000,16711938,0.0
10/12/2021,-95900,-4192140000,43.35(-2.91 %),1100,48615000,97000,4240755000,16807838,21.44
13/12/2021,8200,362490000,44.15(1.85 %),9200,406990000,1000,44500000,16799638,21.46
14/12/2021,-2900,-135040000,46.25(4.76 %),800,37115000,3700,172155000,16802538,21.48
15/12/2021,-15500,-709540000,45.2(-2.27 %),0,0,15500,709540000,16818038,21.45
16/12/2021,-23800,-1069485000,44.95(-0.55 %),0,0,23800,1069485000,16841838,21.41
17/12/2021,-15400,-676245000,44(-2.11 %),0,0,15400,676245000,16857238,21.39
20/12/2021,-9900,-430380000,43.1(-2.05 %),0,0,9900,430380000,16867138,21.37
21/12/2021,-28400,-1209200000,42.25(-1.97 %),200,8470000,28600,1217670000,16895538,0.0
22/12/2021,-1400,-58670000,41.3(-2.36 %),0,0,1400,58670000,16896938,21.32
23/12/2021,0,0,40.65(-1.57 %),0,0,0,0,16896938,21.32
24/12/2021,0,0,41.85(2.83 %),0,0,0,0,16896938,21.32
27/12/2021,-8000,-330640000,41(-2.15 %),1200,49200000,9200,379840000,17014738,21.1
28/12/2021,-1100,-43790000,40.8(-0.49 %),4300,174745000,5400,218535000,17015838,21.13
29/12/2021,12900,529570000,41.2(0.98 %),12900,529570000,0,0,17010738,21.11
30/12/2021,3900,160720000,41.2(0.00 %),4600,189665000,700,28945000,17011538,21.11
31/12/2021,-5300,-221085000,42(1.94 %),1000,41000000,6300,262085000,17010538,21.11
04/01/2022,19100,806570000,42.05(0.12 %),26000,1098535000,6900,291965000,16985238,21.15
05/01/2022,3300,139295000,42.3(0.48 %),3400,143500000,100,4205000,16988138,21.15
06/01/2022,27000,1122860000,41.55(-1.77 %),27000,1122860000,0,0,16968038,21.18
07/01/2022,98300,4078670000,41.65(0.12 %),98300,4078670000,0,0,16869838,21.34
10/01/2022,30700,1279566500,41.65(-0.12 %),43000,1795588400,12300,516021900,16826838,21.41
11/01/2022,20600,856105000,41.15(-1.32 %),25900,1075775000,5300,219670000,16800938,21.46
12/01/2022,20700,853145000,41.25(0.12 %),27200,1120620000,6500,267475000,16786038,21.48
13/01/2022,28600,1201300000,41.25(-0.12 %),29600,1243180000,1000,41880000,16761738,21.52
14/01/2022,-15300,-627920000,41.1(-0.48 %),600,24730000,15900,652650000,16767638,21.51
17/01/2022,-21500,-867665000,39(-5.11 %),2900,113415000,24400,981080000,16765738,21.51
18/01/2022,8100,294355000,37(-5.13 %),10400,381620000,2300,87265000,16771238,21.5
19/01/2022,45200,1639405000,36(-2.70 %),53600,1945925000,8400,306520000,16742038,21.55
20/01/2022,17100,618775000,36.4(1.96 %),18700,676275000,1600,57500000,16725638,21.58
21/01/2022,-15600,-562325000,35.85(-1.78 %),300,10815000,15900,573140000,16733738,21.57
24/01/2022,-16900,-588945000,33.35(-7.10 %),1100,39600000,18000,628545000,16734238,21.56
25/01/2022,12400,420120000,34.1(2.10 %),31500,1065900000,19100,645780000,16718638,21.59
26/01/2022,-4300,-120487500,33.75(-1.03 %),2700,92947500,7000,213435000,16733938,21.56
27/01/2022,-3500,-118150000,33.6(-0.59 %),100,3360000,3600,121510000,16752938,21.53
28/01/2022,-4900,-164460000,33.7(0.30 %),1000,33800000,5900,198260000,16758938,21.52
07/02/2022,24300,846200000,35.3(4.75 %),24700,860110000,400,13910000,16737838,21.56
08/02/2022,-1700,-66110000,37.75(6.94 %),4200,151430000,5900,217540000,16739538,21.56
09/02/2022,-3300,-132005000,40.35(6.75 %),200,8035000,3500,140040000,16739738,21.56
10/02/2022,-33100,-1330830000,39.7(-1.73 %),1100,44695000,34200,1375525000,16744538,21.55
11/02/2022,-19800,-785820000,39.7(0.00 %),1800,70560000,21600,856380000,16746238,21.54
14/02/2022,-21200,-835675000,38.25(-3.65 %),1300,51310000,22500,886985000,16779138,21.49
15/02/2022,-400,-14570000,38.6(0.78 %),4400,168040000,4800,182610000,16796338,21.46
16/02/2022,-100,-7495000,39(1.04 %),4600,177345000,4700,184840000,16814238,21.43
17/02/2022,-12900,-505480000,39(0.00 %),5200,203780000,18100,709260000,16813838,21.43
18/02/2022,300,11555000,39.8(2.05 %),8500,337155000,8200,325600000,16810038,21.44
21/02/2022,4900,194480000,39.8(0.00 %),4900,194480000,0,0,16823238,21.42
22/02/2022,-3500,-134910000,39.1(-1.76 %),1900,75145000,5400,210055000,16829538,21.41
23/02/2022,-126300,-4955125000,39.1(0.00 %),4200,164800000,130500,5119925000,16825338,21.42
24/02/2022,-55100,-2121440000,37.9(-3.07 %),2100,82415000,57200,2203855000,16828638,21.41
25/02/2022,-49700,-1900530000,38.15(0.66 %),4800,183810000,54500,2084340000,16954338,21.2
28/02/2022,24500,964530000,40.8(6.81 %),24600,968450000,100,3920000,16986938,21.15
01/03/2022,-14900,-614560000,41(0.49 %),100,4090000,15000,618650000,17041338,21.06
02/03/2022,-16600,-677375000,41(0.00 %),0,0,16600,677375000,17041438,21.06
03/03/2022,15600,660630000,42.8(4.39 %),25000,1060965000,9400,400335000,17031438,21.08
04/03/2022,-4500,-189075000,41.65(-2.69 %),2100,88675000,6600,277750000,17045938,21.05
07/03/2022,16900,735030000,43(3.12 %),17500,760980000,600,25950000,17037838,21.07
08/03/2022,-4300,-178690000,41(-4.65 %),6500,277970000,10800,456660000,17037938,21.07
09/03/2022,-35500,-1473745000,42(2.44 %),16600,695495000,52100,2169240000,17021938,21.09
10/03/2022,17400,733075000,42.1(0.24 %),17400,733075000,0,0,17015338,21.1
11/03/2022,-14600,-607765000,41.65(-1.07 %),2900,121115000,17500,728880000,17064544,21.02
14/03/2022,-11100,-452225000,40.3(-3.36 %),6400,262570000,17500,714795000,17058144,21.03
15/03/2022,-5500,-216185000,39.8(-1.24 %),4600,183780000,10100,399965000,17071044,21.01
16/03/2022,2700,108360000,39.95(0.38 %),3700,148360000,1000,40000000,17084844,20.99
17/03/2022,700,28060000,40.2(0.50 %),700,28060000,0,0,17094244,20.97
18/03/2022,-35800,-1468000000,41.5(3.23 %),10400,426135000,46200,1894135000,17084844,20.99
21/03/2022,8500,355965000,41.5(0.00 %),8500,355965000,0,0,17076344,21.0
22/03/2022,-20700,-849905000,41.7(0.48 %),0,0,20700,849905000,17122544,20.93
23/03/2022,400,17060000,42.05(0.84 %),1800,76230000,1400,59170000,17120758,20.93
24/03/2022,-3300,-139395000,42.3(0.48 %),1000,42300000,4300,181695000,17140458,20.9
25/03/2022,102500,4461555000,44(4.02 %),102600,4465905000,100,4350000,17039258,21.06
28/03/2022,1800,80130000,43.7(-0.68 %),9000,390075000,7200,309945000,17034558,21.07
29/03/2022,2700,117245000,43.9(0.46 %),2700,117245000,0,0,17031958,21.08
30/03/2022,-10100,-440855000,44(0.23 %),1200,53490000,11300,494345000,17037958,21.07
31/03/2022,-18200,-770615000,41.15(-6.48 %),1300,54985000,19500,825600000,17036658,21.07
01/04/2022,7000,291890000,41.8(1.46 %),9500,394455000,2500,102565000,17038458,21.07
04/04/2022,3000,124500000,41.1(-1.67 %),3000,124500000,0,0,17054958,21.04
05/04/2022,13400,547180000,40.9(-0.49 %),13400,547180000,0,0,17044058,21.06
06/04/2022,1600,65365000,41(0.24 %),2200,89935000,600,24570000,17041858,21.06
07/04/2022,-25300,-1028890000,40.5(-1.22 %),0,0,25300,1028890000,17067158,21.04
08/04/2022,-48800,-1941880000,39.4(-2.72 %),0,0,48800,1941880000,17042458,21.06
12/04/2022,-35400,-1360410000,37(-6.09 %),300,11400000,35700,1371810000,17077858,17.4
13/04/2022,1500,57570000,39.4(6.49 %),10000,372000000,8500,314430000,17067458,21.02
14/04/2022,-8700,-339050000,39.05(-0.89 %),3400,133695000,12100,472745000,17138558,20.9
15/04/2022,-1900,-65567300,38.25(-2.17 %),2000,61710400,3900,127277700,17145058,20.89
18/04/2022,-11200,-421630000,38(-0.78 %),1300,49725000,12500,471355000,17155858,20.87
19/04/2022,-6800,-252855000,35.6(-6.32 %),200,7510000,7000,260365000,17159558,20.87
20/04/2022,-2300,-82925000,34.2(-3.93 %),2500,88995000,4800,171920000,17140858,20.92
21/04/2022,8400,285120000,33.5(-2.05 %),11100,376980000,2700,91860000,17165458,20.86
22/04/2022,2500,84060000,33.55(0.15 %),3500,118425000,1000,34365000,17166799,20.86
25/04/2022,-8300,-292995000,31.25(-6.99 %),7500,237530000,15800,530525000,17161999,20.86
26/04/2022,-74400,-2238050000,31(-0.96 %),25600,776565000,100000,3014615000,17137403,20.9
27/04/2022,7700,243410000,33.15(6.94 %),8700,276010000,1000,32600000,17144503,20.89
28/04/2022,-3500,-117210000,33.8(1.81 %),0,0,3500,117210000,17244503,20.73
29/04/2022,14000,474660000,33.8(0.00 %),15400,521490000,1400,46830000,17230103,20.75
04/05/2022,-300,-8285000,32.3(-4.44 %),5500,182610000,5800,190895000,17228103,20.75
05/05/2022,-900,-27655000,31.4(-2.79 %),6400,205400000,7300,233055000,17229003,20.78
06/05/2022,7900,246480000,31.2(-0.64 %),10000,312000000,2100,65520000,17218903,20.77
09/05/2022,-13700,-397985000,29.05(-6.89 %),3500,101675000,17200,499660000,17222703,20.76
10/05/2022,-5300,-156350000,29.5(1.37 %),12400,365800000,17700,522150000,17212403,20.78
11/05/2022,-1100,-32400000,29.4(-0.34 %),200,5950000,1300,38350000,17213503,20.8
12/05/2022,-14600,-427015000,27.5(-6.46 %),1100,30355000,15700,457370000,17228103,20.78
13/05/2022,3700,100500000,25.6(-6.91 %),6100,164125000,2400,63625000,17241203,20.73
16/05/2022,10800,270000000,25(-2.34 %),11600,290000000,800,20000000,17245303,20.73
17/05/2022,16400,427220000,26.05(4.20 %),16400,427220000,0,0,17231303,20.75
18/05/2022,16800,450240000,26.8(2.68 %),17900,479720000,1100,29480000,17214203,20.78
19/05/2022,1500,38700000,25.8(-1.90 %),2400,61920000,900,23220000,17211803,20.78
20/05/2022,-1000,-26200000,26.2(1.55 %),700,18340000,1700,44540000,17212203,20.78
23/05/2022,-6400,-165120000,25.8(-1.53 %),500,12900000,6900,178020000,17212603,20.78
24/05/2022,-4300,-105350000,24.5(-5.04 %),400,9800000,4700,115150000,17213903,20.78
25/05/2022,8300,217460000,26.2(6.94 %),8300,217460000,0,0,17212503,20.78
26/05/2022,-4000,-107800000,26.95(2.86 %),7000,188650000,11000,296450000,17210203,20.78
27/05/2022,1500,40950000,27.3(1.11 %),2800,76440000,1300,35490000,17207403,20.79
30/05/2022,-1200,-32400000,27(-1.10 %),300,8100000,1500,40500000,17218103,20.77
31/05/2022,100,2670000,26.7(-1.11 %),1800,48060000,1700,45390000,17217603,20.77
01/06/2022,-4900,-129360000,26.4(-1.12 %),1800,47520000,6700,176880000,17217303,20.77
02/06/2022,-17900,-460925000,25.75(-2.46 %),1000,25750000,18900,486675000,17218003,20.77
03/06/2022,-15600,-405600000,26(0.78 %),6900,179400000,22500,585000000,17217803,20.77
06/06/2022,8000,209025000,25.95(-0.19 %),9500,248560000,1500,39535000,17227203,20.76
07/06/2022,-35500,-894600000,25.2(-3.08 %),6400,161280000,41900,1055880000,17243303,20.73
08/06/2022,-15900,-409425000,25.75(2.18 %),400,10300000,16300,419725000,17244403,20.73
09/06/2022,3500,95200000,27.2(5.43 %),4500,122400000,1000,27200000,17281803,20.67
10/06/2022,2300,61180000,26.6(-2.21 %),3800,101080000,1500,39900000,17294303,20.65
13/06/2022,-12700,-314960000,24.8(-6.77 %),0,0,12700,314960000,17295303,20.64
14/06/2022,-2000,-48000000,24(-3.23 %),1000,24000000,3000,72000000,17295803,20.64
15/06/2022,-7100,-163300000,23(-4.17 %),1300,29900000,8400,193200000,17307203,20.63
16/06/2022,-2700,-62370000,23.1(0.43 %),100,2310000,2800,64680000,17310103,20.62
17/06/2022,-500,-10750000,21.5(-6.93 %),3000,64500000,3500,75250000,17315503,20.61
20/06/2022,2200,43375000,20(-6.98 %),3900,80150000,1700,36775000,17314403,20.61
21/06/2022,16000,300000000,18.75(-6.25 %),22000,412500000,6000,112500000,17295903,20.64
22/06/2022,1900,36860000,19.4(3.19 %),5500,106700000,3600,69840000,17292103,20.65
23/06/2022,11600,235480000,20.3(4.64 %),13600,276080000,2000,40600000,17284503,20.66
24/06/2022,1800,37440000,20.8(2.46 %),2600,54080000,800,16640000,17285503,20.66
27/06/2022,8900,192905000,21.7(4.33 %),8900,192905000,0,0,17278603,20.67
28/06/2022,-2100,-38850000,18.5(2.21 %),0,0,2100,38850000,17279403,20.67
29/06/2022,-3800,-69435000,18.4(-0.54 %),0,0,3800,69435000,17279403,20.67
30/06/2022,-4500,-81450000,18.1(-1.63 %),2000,36200000,6500,117650000,17279503,20.67
01/07/2022,-4900,-88200000,18(-0.55 %),0,0,4900,88200000,17283303,20.66
04/07/2022,300,5300000,18.05(0.28 %),1500,27075000,1200,21775000,17283303,0.0
05/07/2022,-4400,-79640000,18.1(0.00 %),0,0,4400,79640000,17293203,20.65
06/07/2022,-5200,-92560000,17.8(-1.66 %),0,0,5200,92560000,17294403,20.65
07/07/2022,-2700,-48060000,17.8(0.00 %),0,0,2700,48060000,17298803,20.64
08/07/2022,-1100,1830000,18.35(3.09 %),200,10980000,1300,9150000,17299903,0.0
11/07/2022,100,1830000,18.3(-0.54 %),600,10980000,500,9150000,17304203,20.63
12/07/2022,600,11040000,18.4(0.55 %),1100,20240000,500,9200000,17303403,20.63
13/07/2022,11400,214320000,18.8(2.17 %),11500,216200000,100,1880000,-12594995,20.65
14/07/2022,-1000,-18700000,18.7(-0.53 %),0,0,1000,18700000,-12594495,20.65
15/07/2022,-4000,-76400000,19.1(2.14 %),0,0,4000,76400000,-12594395,20.65
18/07/2022,-1800,-33930000,18.85(-1.31 %),0,0,1800,33930000,-12593395,20.65
19/07/2022,-4700,-87655000,18.65(-1.32 %),0,0,4700,87655000,-15110943,20.65
20/07/2022,0,-87655000,18.7(0.00 %),0,0,0,87655000,-15109143,20.65
21/07/2022,0,-87655000,18.5(-1.07 %),0,0,0,87655000,-15104443,20.64
22/07/2022,11600,-87655000,18.3(-1.08 %),13600,0,2000,87655000,-15104443,20.64
25/07/2022,-6600,-117810000,17.85(-2.46 %),0,0,6600,117810000,-15104443,20.64
26/07/2022,-400,-6880000,17.2(-3.91 %),0,0,400,6880000,-15104443,20.64
27/07/2022,-1000,-17150000,17.15(-0.29 %),0,0,1000,17150000,-15097843,20.63
28/07/2022,-20400,-352920000,17.3(0.58 %),0,0,20400,352920000,-15097443,20.63
29/07/2022,0,-352920000,17.4(0.58 %),0,0,0,352920000,-15096443,20.63
01/08/2022,0,-352920000,18.15(4.31 %),0,0,0,352920000,0,20.6
02/08/2022,-18500,-335775000,18.15(-0.27 %),0,0,18500,335775000,-15076043,20.6
03/08/2022,0,-335775000,19.05(4.67 %),0,0,0,335775000,-15076043,20.6
04/08/2022,-1600,-30880000,19.3(1.05 %),0,0,1600,30880000,-15057543,20.58
05/08/2022,-21700,-418810000,19.3(0.00 %),0,0,21700,418810000,-15057543,20.58
08/08/2022,-400,-7920000,19.8(2.59 %),0,0,400,7920000,-15055943,20.57
09/08/2022,-300,-6120000,20.4(3.03 %),0,0,300,6120000,-15034243,20.54
10/08/2022,0,-6120000,20(-1.96 %),0,0,0,6120000,-15033843,20.54
11/08/2022,-900,-17640000,19.6(-2.00 %),0,0,900,17640000,-15033543,20.54
12/08/2022,0,-17640000,20(2.04 %),0,0,0,17640000,-15033543,20.54
15/08/2022,0,-17640000,19.95(-0.25 %),0,0,0,17640000,0,20.54
16/08/2022,-300,-6120000,20.4(2.00 %),0,0,300,6120000,0,20.54
17/08/2022,0,-6120000,20.2(-0.98 %),0,0,0,6120000,-15032624,20.54
18/08/2022,-600,-11970000,19.95(-1.24 %),0,0,600,11970000,-15032324,20.54
19/08/2022,-3700,-73075000,19.75(-1.25 %),0,0,3700,73075000,-15032324,20.54
22/08/2022,-14400,-279360000,19.4(-2.02 %),0,0,14400,279360000,-15031724,20.54
23/08/2022,-1900,-37240000,19.6(1.03 %),0,0,1900,37240000,-15028024,20.54
24/08/2022,-200,-3940000,19.7(0.51 %),0,0,200,3940000,-15013624,20.52
25/08/2022,0,-3940000,20.1(2.03 %),0,0,0,3940000,0,20.51
26/08/2022,0,-3940000,19.7(-1.99 %),0,0,0,3940000,-15011524,20.51
29/08/2022,-9600,-180480000,18.8(-4.57 %),0,0,9600,180480000,-15011524,20.51
30/08/2022,-4800,-90480000,18.85(0.27 %),0,0,4800,90480000,-15011524,20.51
31/08/2022,-2100,-40110000,19.1(1.06 %),0,0,2100,40110000,-15001924,20.5
05/09/2022,-200,-4040000,20.2(5.76 %),0,0,200,4040000,-14997124,20.49
06/09/2022,-200,-3980000,19.9(-1.49 %),0,0,200,3980000,-14995024,20.49
07/09/2022,-3700,-71040000,19.2(-3.52 %),0,0,3700,71040000,-14994824,20.49
08/09/2022,0,-71040000,19.3(0.52 %),0,0,0,71040000,-14994624,20.49
09/09/2022,0,-71040000,19.55(1.30 %),0,0,0,71040000,-14990924,20.49
12/09/2022,-63,-71040000,19.55(-0.26 %),0,0,63,71040000,-14990924,20.49
13/09/2022,0,-71040000,19.5(-0.51 %),0,0,0,71040000,-14990924,20.49
14/09/2022,0,-71040000,19.55(0.26 %),0,0,0,71040000,-14990861,20.49
15/09/2022,-18,-71040000,19.55(-0.26 %),0,0,18,71040000,0,20.49
16/09/2022,0,-71040000,19.15(-2.30 %),0,0,0,71040000,-14990861,20.49
19/09/2022,-18,-321300,17.85(-7.03 %),0,0,18,321300,0,0.0
20/09/2022,0,-321300,17.9(0.00 %),0,0,0,321300,-14990843,20.49
21/09/2022,0,-321300,17.85(-0.28 %),0,0,0,321300,-14990825,20.49
22/09/2022,0,-321300,18.05(0.84 %),0,0,0,321300,-14990825,20.49
23/09/2022,0,-321300,17.9(-1.10 %),0,0,0,321300,-14990825,20.49
26/09/2022,0,-321300,17.35(-3.07 %),0,0,0,321300,-14990825,20.49
27/09/2022,0,-321300,17.35(-0.29 %),0,0,0,321300,-14990825,20.49
28/09/2022,0,-321300,17.05(-2.01 %),0,0,0,321300,-14990825,20.49
29/09/2022,0,-321300,16.9(-1.17 %),0,0,0,321300,-14990825,20.49
30/09/2022,0,-321300,16.75(-0.89 %),0,0,0,321300,-14990825,20.49
03/10/2022,0,-321300,15.6(-7.14 %),0,0,0,321300,-14990825,20.49
04/10/2022,0,-321300,15.45(-0.96 %),0,0,0,321300,-14990825,20.49
05/10/2022,0,-321300,15.7(1.29 %),0,0,0,321300,-14990825,20.49
06/10/2022,0,-321300,14.9(-5.10 %),0,0,0,321300,-14990825,20.49
07/10/2022,0,-321300,13.9(-6.71 %),0,0,0,321300,-14990825,20.49
10/10/2022,0,-321300,14.3(2.88 %),0,0,0,321300,-14990825,20.49
11/10/2022,0,-321300,13.35(-6.64 %),0,0,0,321300,-14990825,20.49
12/10/2022,0,-321300,14.25(6.34 %),0,0,0,321300,-14990825,20.49
13/10/2022,0,-321300,14.45(1.05 %),0,0,0,321300,-14990825,20.49
14/10/2022,0,-321300,14.7(1.38 %),0,0,0,321300,-14990825,20.49
17/10/2022,0,-321300,14.4(-2.04 %),0,0,0,321300,-14990825,20.35
18/10/2022,0,-321300,14.35(-0.35 %),0,0,0,321300,-14990825,20.35
19/10/2022,0,0,14.15(-1.74 %),0,0,0,0,0,49.05
20/10/2022,0,0,14(-1.41 %),0,0,0,0,0,49.05
21/10/2022,0,0,13.1(-6.43 %),0,0,0,0,0,49.05
24/10/2022,0,0,12.2(-6.87 %),0,0,0,0,0,49.05
25/10/2022,0,0,11.35(-6.97 %),0,0,0,0,0,49.05
26/10/2022,0,0,10.6(-7.02 %),0,0,0,0,0,49.05
27/10/2022,0,0,10.25(-3.30 %),0,0,0,0,-14990812,20.35
28/10/2022,0,-182000,10.1(-1.94 %),0,0,0,182000,-14990812,20.35
31/10/2022,0,-182000,9.4(-6.93 %),0,0,0,182000,-14990812,20.35
01/11/2022,0,-182000,9.5(1.06 %),0,0,0,182000,-14990812,20.35
02/11/2022,0,-182000,9.65(1.58 %),0,0,0,182000,-14990812,20.35
03/11/2022,0,-182000,9.64(-0.62 %),0,0,0,182000,-14990812,20.35
04/11/2022,0,-182000,9(-6.25 %),0,0,0,182000,-14990812,20.35
07/11/2022,0,-182000,8.51(-5.44 %),0,0,0,182000,-14990812,20.35
08/11/2022,0,-182000,8.37(-1.53 %),0,0,0,182000,-14990812,20.35
09/11/2022,0,-182000,8.58(2.14 %),0,0,0,182000,-14990812,20.35
10/11/2022,0,-182000,7.98(-7.21 %),0,0,0,182000,-14990812,20.35
11/11/2022,0,-182000,8(0.00 %),0,0,0,182000,-14990812,20.35
14/11/2022,0,-182000,7.44(-7.00 %),0,0,0,182000,-14990812,20.35
15/11/2022,0,-182000,7.07(-4.46 %),0,0,0,182000,-14990812,20.35
16/11/2022,0,-182000,7.56(6.48 %),0,0,0,182000,-14990812,20.35
17/11/2022,0,-182000,8.08(6.32 %),0,0,0,182000,-14990812,20.35
18/11/2022,0,-182000,8.42(3.95 %),0,0,0,182000,-14990812,20.35
21/11/2022,0,-182000,8.44(0.48 %),0,0,0,182000,-14990812,20.35
22/11/2022,0,-182000,8.44(0.48 %),0,0,0,182000,-14990812,20.35
23/11/2022,0,-182000,8.24(-1.90 %),0,0,0,182000,-14990812,20.35
24/11/2022,0,-182000,8.24(0.00 %),0,0,0,182000,-14990812,20.35
25/11/2022,0,-182000,8.5(3.66 %),0,0,0,182000,-14990812,20.35
28/11/2022,0,-182000,9.09(6.94 %),0,0,0,182000,0,49.05
29/11/2022,0,-182000,9.64(5.93 %),0,0,0,182000,0,49.05
30/11/2022,-172,-1659800,9.65(0.52 %),0,0,172,1659800,0,49.05
01/12/2022,0,-1659800,10.3(6.19 %),0,0,0,1659800,0,49.05
02/12/2022,0,-1659800,10.85(5.34 %),0,0,0,1659800,0,49.05
05/12/2022,-1,-11300,11.3(3.67 %),0,0,1,11300,0,49.05
06/12/2022,0,-11300,10.55(-6.64 %),0,0,0,11300,0,49.05
07/12/2022,-752,-7497440,9.97(-5.94 %),0,0,752,7497440,0,0.0
08/12/2022,0,-7497440,10.25(2.50 %),0,0,0,7497440,-14990639,20.35
09/12/2022,0,-7497440,10.5(1.94 %),0,0,0,7497440,-14989887,20.34
12/12/2022,-106,-1086500,10.25(-2.38 %),0,0,106,1086500,0,0.0
13/12/2022,0,-1086500,10.3(0.00 %),0,0,0,1086500,0,0.0
14/12/2022,0,-1086500,10.3(0.00 %),0,0,0,1086500,0,49.05
15/12/2022,0,-1086500,10.3(0.00 %),0,0,0,1086500,0,49.05
16/12/2022,0,-1086500,11(6.80 %),0,0,0,1086500,0,49.05
19/12/2022,0,-1086500,11.55(5.00 %),0,0,0,1086500,0,49.05
20/12/2022,0,-1086500,10.75(-7.33 %),0,0,0,1086500,0,49.05
21/12/2022,0,-1086500,10.5(-2.78 %),0,0,0,1086500,0,49.05
22/12/2022,0,-1086500,10.5(0.00 %),0,0,0,1086500,0,49.05
23/12/2022,0,-1086500,10.05(-4.29 %),0,0,0,1086500,0,49.05
26/12/2022,0,-1086500,9.35(-7.43 %),0,0,0,1086500,0,49.05
27/12/2022,0,-1086500,9.99(6.28 %),0,0,0,1086500,0,49.05
28/12/2022,0,-1086500,9.8(-2.00 %),0,0,0,1086500,0,49.05
29/12/2022,0,-1086500,9.67(-1.33 %),0,0,0,1086500,-14989781,20.34
30/12/2022,0,-1086500,9.67(-0.31 %),0,0,0,1086500,-14989781,20.34
03/01/2023,0,-1086500,10.3(6.19 %),0,0,0,1086500,0,49.05
04/01/2023,0,-1086500,10.2(-0.97 %),0,0,0,1086500,-14989781,20.34
05/01/2023,0,-1086500,10.15(-0.49 %),0,0,0,1086500,-14989781,20.34
06/01/2023,0,-1086500,9.91(-2.84 %),0,0,0,1086500,-14989781,20.34
09/01/2023,0,-1086500,10(1.01 %),0,0,0,1086500,-14989781,20.34
10/01/2023,0,-1086500,10(0.00 %),0,0,0,1086500,-14989781,20.34
11/01/2023,0,-1086500,10.15(1.50 %),0,0,0,1086500,-14989781,20.34
12/01/2023,0,-1086500,10.2(0.00 %),0,0,0,1086500,-14989781,20.34
13/01/2023,0,-1086500,10.6(3.92 %),0,0,0,1086500,-14989781,20.34
16/01/2023,0,-1086500,10.75(1.42 %),0,0,0,1086500,-14989781,20.34
17/01/2023,0,-1086500,11.3(4.63 %),0,0,0,1086500,-14989781,20.34
18/01/2023,0,-1086500,11.25(-0.44 %),0,0,0,1086500,-14989781,20.34
19/01/2023,-24000,-264000000,11(-2.65 %),0,0,24000,264000000,-14989781,20.34
27/01/2023,0,-264000000,10.85(-1.36 %),0,0,0,264000000,-14989781,20.34
30/01/2023,0,-264000000,10.9(0.00 %),0,0,0,264000000,-14965781,20.31
31/01/2023,0,-264000000,10.45(-4.13 %),0,0,0,264000000,-14965781,20.31
01/02/2023,0,-264000000,10.4(-0.95 %),0,0,0,264000000,0,20.31
02/02/2023,0,-264000000,10.1(-2.88 %),0,0,0,264000000,0,20.31
03/02/2023,0,-264000000,10(-0.99 %),0,0,0,264000000,-14965781,20.31
06/02/2023,0,-264000000,9.99(-0.10 %),0,0,0,264000000,-14965781,20.31
07/02/2023,0,-264000000,9.5(-5.00 %),0,0,0,264000000,-14965781,20.31
08/02/2023,0,-264000000,9.71(2.21 %),0,0,0,264000000,-14965781,20.31
09/02/2023,0,-264000000,9.75(0.52 %),0,0,0,264000000,-14965781,20.31
10/02/2023,0,-264000000,9.71(-0.92 %),0,0,0,264000000,-14965781,20.31
13/02/2023,0,-264000000,9.5(-2.06 %),0,0,0,264000000,-14965781,20.31
14/02/2023,0,-264000000,9.5(0.00 %),0,0,0,264000000,-14965781,20.31
15/02/2023,0,-264000000,9.69(2.00 %),0,0,0,264000000,-14965781,20.31
16/02/2023,0,-264000000,10.35(6.70 %),0,0,0,264000000,-14965781,20.31
17/02/2023,-500,-5150000,10.3(-0.96 %),0,0,500,5150000,-14965781,20.31
20/02/2023,0,-5150000,10.55(2.43 %),0,0,0,5150000,-14965781,20.31
21/02/2023,0,-5150000,10.3(-2.83 %),0,0,0,5150000,-14965281,20.31
22/02/2023,0,-5150000,10.9(5.83 %),0,0,0,5150000,-14965281,20.31
23/02/2023,0,-5150000,11.05(1.38 %),0,0,0,5150000,-14965281,20.31
24/02/2023,0,-5150000,11.05(-0.45 %),0,0,0,5150000,0,49.05
27/02/2023,-600,-6180000,10.3(-7.21 %),0,0,600,6180000,0,20.31
28/02/2023,-1,-9980,9.98(-3.11 %),0,0,1,9980,-14965281,20.31
01/03/2023,0,-9980,10.35(3.50 %),0,0,0,9980,0,20.31
02/03/2023,0,-9980,10.1(-2.88 %),0,0,0,9980,-14964680,20.31
03/03/2023,0,-9980,10.2(0.99 %),0,0,0,9980,-14964680,20.31
06/03/2023,-280,-2828000,10.1(-0.98 %),0,0,280,2828000,-14964680,20.31
07/03/2023,0,-2828000,10.35(2.48 %),0,0,0,2828000,-14964680,20.31
08/03/2023,0,-2828000,10.45(0.48 %),0,0,0,2828000,0,20.31
09/03/2023,0,-2828000,10.6(0.95 %),0,0,0,2828000,0,20.31
10/03/2023,0,-2828000,10.35(-2.36 %),0,0,0,2828000,-14964400,20.31
13/03/2023,0,-2828000,10(-3.85 %),0,0,0,2828000,0,49.05
14/03/2023,0,-2828000,9.62(-3.80 %),0,0,0,2828000,-14964400,20.31
15/03/2023,0,-2828000,9.92(3.33 %),0,0,0,2828000,-14964400,20.31
16/03/2023,0,-2828000,9.7(-2.02 %),0,0,0,2828000,-14964400,20.31
17/03/2023,0,-2828000,9.68(-0.21 %),0,0,0,2828000,-14964400,20.31
20/03/2023,0,-2828000,9.5(-2.06 %),0,0,0,2828000,-14964400,20.31
21/03/2023,0,-5150000,9.5(0.00 %),0,0,0,5150000,0,20.31
22/03/2023,0,0,9.35(-1.58 %),0,0,0,0,0,49.05
23/03/2023,0,0,9.34(-0.64 %),0,0,0,0,0,49.05
24/03/2023,0,0,9.43(1.40 %),0,0,0,0,0,49.05
27/03/2023,0,0,9.5(1.06 %),0,0,0,0,0,49.05
28/03/2023,0,0,9.62(1.26 %),0,0,0,0,0,0.0
29/03/2023,0,0,9.68(0.83 %),0,0,0,0,-14964400,20.31
30/03/2023,0,0,9.58(-1.24 %),0,0,0,0,-14964400,20.31
31/03/2023,0,0,9.58(-0.21 %),0,0,0,0,-14964400,20.31
03/04/2023,0,0,9.67(0.73 %),0,0,0,0,-14964400,20.31
04/04/2023,0,0,9.68(-0.21 %),0,0,0,0,-14964400,20.31
05/04/2023,0,0,9.98(2.89 %),0,0,0,0,-14964400,20.31
06/04/2023,-200,-1964000,9.82(-1.80 %),0,0,200,1964000,-14964400,20.31
07/04/2023,0,-1964000,9.68(-1.22 %),0,0,0,1964000,-14964400,20.31
10/04/2023,0,-1964000,9.64(-0.62 %),0,0,0,1964000,-14964200,20.31
11/04/2023,0,-1964000,9.66(0.62 %),0,0,0,1964000,-14964200,20.31
12/04/2023,0,0,9.74(0.41 %),0,0,0,0,-14964200,20.31
13/04/2023,0,-1964000,9.67(-0.31 %),0,0,0,1964000,-14964200,20.31
14/04/2023,0,-1964000,9.53(-1.75 %),0,0,0,1964000,-14964200,20.31
17/04/2023,0,-1964000,9.48(-0.21 %),0,0,0,1964000,-14964200,20.31
18/04/2023,0,-1964000,9.54(0.42 %),0,0,0,1964000,-14964200,20.31
19/04/2023,0,-1964000,9.5(0.00 %),0,0,0,1964000,-14964200,20.31
20/04/2023,0,0,9.5(0.00 %),0,0,0,0,0,49.05
21/04/2023,0,-1964000,9.58(0.84 %),0,0,0,1964000,-14964200,20.31
24/04/2023,0,-1964000,9.95(3.65 %),0,0,0,1964000,-14964200,20.31
25/04/2023,0,-1964000,9.9(-1.00 %),0,0,0,1964000,-14964200,20.31
26/04/2023,0,-1964000,10.35(4.55 %),0,0,0,1964000,-14964200,20.31
27/04/2023,0,0,10.4(0.48 %),0,0,0,0,0,49.05
28/04/2023,0,0,10.4(0.00 %),0,0,0,0,0,49.05
04/05/2023,0,0,10.1(-2.88 %),0,0,0,0,0,49.05
05/05/2023,0,0,10.35(2.48 %),0,0,0,0,-14964200,20.31
08/05/2023,0,0,10.4(0.48 %),0,0,0,0,-14964200,20.31
09/05/2023,0,0,10.5(0.96 %),0,0,0,0,-14964200,20.31
10/05/2023,0,0,10.55(0.48 %),0,0,0,0,0,49.05
11/05/2023,0,0,11.25(6.13 %),0,0,0,0,-14964200,20.31
12/05/2023,0,0,12(6.19 %),0,0,0,0,-14964200,20.31
15/05/2023,0,0,12(0.00 %),0,0,0,0,0,49.05
16/05/2023,0,0,12.4(3.33 %),0,0,0,0,0,49.05
17/05/2023,0,0,12(-3.23 %),0,0,0,0,0,49.05
18/05/2023,0,0,11.9(-0.83 %),0,0,0,0,0,49.05
19/05/2023,0,0,12.35(3.78 %),0,0,0,0,0,49.05
22/05/2023,0,0,12.8(3.64 %),0,0,0,0,0,49.05
23/05/2023,0,0,12.5(-2.34 %),0,0,0,0,0,49.05
24/05/2023,0,0,12.3(-1.60 %),0,0,0,0,0,49.05
25/05/2023,0,0,12.55(2.03 %),0,0,0,0,0,49.05
26/05/2023,0,0,13.15(4.78 %),0,0,0,0,0,49.05
29/05/2023,0,0,13.45(2.28 %),0,0,0,0,0,49.05
30/05/2023,0,0,13.35(-0.74 %),0,0,0,0,0,49.05
31/05/2023,0,0,13.35(0.00 %),0,0,0,0,0,49.05
01/06/2023,0,0,12.85(-3.75 %),0,0,0,0,0,49.05
02/06/2023,0,0,13.05(1.56 %),0,0,0,0,0,49.05
05/06/2023,0,0,13.05(0.00 %),0,0,0,0,0,49.05
06/06/2023,0,0,13.1(0.38 %),0,0,0,0,0,49.05
07/06/2023,0,0,13.5(3.05 %),0,0,0,0,0,49.05
08/06/2023,0,0,13.05(-3.33 %),0,0,0,0,0,49.05
09/06/2023,0,0,13.1(0.38 %),0,0,0,0,0,49.05
12/06/2023,0,0,13.1(0.00 %),0,0,0,0,0,49.05
13/06/2023,0,0,14(6.87 %),0,0,0,0,0,49.05
14/06/2023,0,0,13.9(-0.71 %),0,0,0,0,0,49.05
15/06/2023,0,0,13.85(-0.36 %),0,0,0,0,0,49.05
16/06/2023,0,0,13.55(-2.52 %),0,0,0,0,-14964200,20.31
19/06/2023,0,0,13(-4.41 %),0,0,0,0,-14964200,20.31
20/06/2023,0,0,13.35(2.69 %),0,0,0,0,0,49.05
21/06/2023,0,0,13.8(2.99 %),0,0,0,0,-14964200,20.31
22/06/2023,0,0,13.8(0.00 %),0,0,0,0,0,49.05
23/06/2023,0,0,14(1.45 %),0,0,0,0,0,49.05
26/06/2023,0,0,13.8(-1.43 %),0,0,0,0,-14964200,20.31
27/06/2023,0,0,13.95(1.09 %),0,0,0,0,0,49.05
28/06/2023,0,0,13.9(-0.71 %),0,0,0,0,0,49.05
29/06/2023,0,0,13.25(-4.68 %),0,0,0,0,0,49.05
30/06/2023,0,0,13.05(-1.88 %),0,0,0,0,0,49.05
03/07/2023,0,0,13.2(0.76 %),0,0,0,0,0,49.05
04/07/2023,0,0,13.6(3.03 %),0,0,0,0,0,49.05
05/07/2023,0,0,13.55(-0.37 %),0,0,0,0,0,49.05
06/07/2023,0,0,13.4(-1.47 %),0,0,0,0,-14964200,20.31
07/07/2023,0,0,13.85(3.36 %),0,0,0,0,-14964200,20.31
10/07/2023,0,0,14.4(3.60 %),0,0,0,0,0,49.05
11/07/2023,0,0,14.1(-2.08 %),0,0,0,0,0,49.05
12/07/2023,0,0,14.35(1.77 %),0,0,0,0,0,49.05
13/07/2023,0,0,14.4(0.00 %),0,0,0,0,0,49.05
14/07/2023,0,0,14.7(2.08 %),0,0,0,0,-14964200,20.31
17/07/2023,0,0,14.65(-0.34 %),0,0,0,0,0,49.05
18/07/2023,0,0,14.2(-3.40 %),0,0,0,0,0,49.05
19/07/2023,0,0,14.05(-1.06 %),0,0,0,0,-14964200,20.31
20/07/2023,0,0,14.5(2.84 %),0,0,0,0,0,49.05
21/07/2023,0,0,14.7(1.38 %),0,0,0,0,0,49.05
24/07/2023,0,0,14.4(-2.04 %),0,0,0,0,-14964200,20.31
25/07/2023,-700,-10150000,14.5(0.69 %),0,0,700,10150000,-14964200,20.31
26/07/2023,0,0,14.8(2.07 %),0,0,0,0,0,49.05
27/07/2023,-34000,-500800000,14.55(-1.69 %),0,0,34000,500800000,0,49.05
28/07/2023,0,0,14.55(-0.34 %),0,0,0,0,0,49.05
31/07/2023,0,0,13.55(-7.19 %),0,0,0,0,0,49.05
01/08/2023,-26500,-348475000,13(-4.41 %),0,0,26500,348475000,0,49.05
02/08/2023,0,0,13.35(2.69 %),0,0,0,0,0,49.05
03/08/2023,0,0,13.15(-1.87 %),0,0,0,0,0,49.05
04/08/2023,0,0,13.2(0.38 %),0,0,0,0,0,20.23
07/08/2023,0,0,13.15(-0.38 %),0,0,0,0,0,49.05
08/08/2023,0,0,13.2(0.38 %),0,0,0,0,0,49.05
09/08/2023,-8200,-110245000,13.55(2.65 %),0,0,8200,110245000,0,49.05
10/08/2023,0,0,13.25(-2.21 %),0,0,0,0,0,49.05
11/08/2023,0,0,13.3(0.38 %),0,0,0,0,0,49.05
14/08/2023,0,0,13.45(1.13 %),0,0,0,0,0,20.22
15/08/2023,0,0,13.4(-0.74 %),0,0,0,0,-14894768,20.22
16/08/2023,0,0,13.15(-1.87 %),0,0,0,0,-14894768,20.22
17/08/2023,0,0,13(-1.52 %),0,0,0,0,0,49.05
18/08/2023,0,0,12.1(-6.92 %),0,0,0,0,-14894748,20.22
21/08/2023,0,0,11.55(-4.55 %),0,0,0,0,-14894748,20.22
22/08/2023,0,0,11.4(-1.72 %),0,0,0,0,-14894748,20.22
23/08/2023,0,0,11.3(-0.88 %),0,0,0,0,-14894748,20.22
24/08/2023,0,0,11.5(1.77 %),0,0,0,0,0,49.05
25/08/2023,0,0,11.4(-0.87 %),0,0,0,0,-14894740,20.22
28/08/2023,-300,-3420000,11.65(2.19 %),0,0,300,3420000,0,49.05
29/08/2023,0,0,11.75(0.86 %),0,0,0,0,-14894740,20.22
30/08/2023,0,0,11.8(0.43 %),0,0,0,0,0,49.05
31/08/2023,-6000,-72300000,11.95(1.27 %),0,0,6000,72300000,-14894388,20.22
05/09/2023,0,0,12.1(1.26 %),0,0,0,0,-14894388,20.22
06/09/2023,0,0,12.85(6.20 %),0,0,0,0,0,49.05
07/09/2023,0,0,12.6(-1.95 %),0,0,0,0,-14888388,20.21
08/09/2023,0,0,12.7(0.79 %),0,0,0,0,-14888388,20.21
11/09/2023,0,0,12.15(-4.33 %),0,0,0,0,-14888388,20.21
12/09/2023,0,0,12.3(1.23 %),0,0,0,0,-14888388,20.21
13/09/2023,0,0,12.3(0.00 %),0,0,0,0,-14888388,20.21
14/09/2023,0,0,12(-2.44 %),0,0,0,0,-14888388,20.21
15/09/2023,0,0,11.9(-0.83 %),0,0,0,0,-14888315,20.21
18/09/2023,0,0,11.95(0.42 %),0,0,0,0,0,49.05
19/09/2023,0,0,12.4(3.77 %),0,0,0,0,0,49.05
20/09/2023,0,0,12.4(0.00 %),0,0,0,0,0,49.05
21/09/2023,0,0,12.85(3.63 %),0,0,0,0,0,49.05
22/09/2023,0,0,12.65(-1.56 %),0,0,0,0,-14888308,20.21
25/09/2023,0,0,11.8(-6.72 %),0,0,0,0,-14888308,20.21
26/09/2023,0,0,11.05(-6.36 %),0,0,0,0,-14888308,20.21
27/09/2023,0,0,11.2(1.36 %),0,0,0,0,0,49.05
28/09/2023,0,0,11.8(5.36 %),0,0,0,0,0,49.05
29/09/2023,0,0,11.8(0.00 %),0,0,0,0,-14888308,20.21
02/10/2023,0,0,11.7(-0.85 %),0,0,0,0,-14888308,20.21
03/10/2023,0,0,10.9(-6.84 %),0,0,0,0,-14888308,20.21
04/10/2023,0,0,11.2(2.75 %),0,0,0,0,0,49.05
05/10/2023,0,0,11.05(-1.34 %),0,0,0,0,-14888284,20.21
06/10/2023,0,0,11.15(0.90 %),0,0,0,0,0,49.05
09/10/2023,0,0,11.4(2.24 %),0,0,0,0,0,49.05
10/10/2023,0,0,11.2(-1.75 %),0,0,0,0,-14888284,20.21
11/10/2023,0,0,11.5(2.68 %),0,0,0,0,-14888284,20.21
12/10/2023,0,0,11.45(-0.43 %),0,0,0,0,-14888270,20.21
13/10/2023,0,0,11.4(-0.44 %),0,0,0,0,-14888270,20.21
16/10/2023,0,0,11.3(-0.88 %),0,0,0,0,-14888270,20.21
17/10/2023,0,0,11.25(-0.44 %),0,0,0,0,-14888270,20.21
18/10/2023,0,0,11.15(-0.89 %),0,0,0,0,-14888270,20.21
19/10/2023,0,0,11.1(-0.45 %),0,0,0,0,-14888270,20.21
20/10/2023,0,0,11.3(1.80 %),0,0,0,0,-14888270,20.21
23/10/2023,0,0,11.25(-0.44 %),0,0,0,0,-14888270,20.21
24/10/2023,0,0,11.2(-0.44 %),0,0,0,0,0,49.05
25/10/2023,0,0,11.3(0.89 %),0,0,0,0,-14888270,20.21
26/10/2023,0,0,10.55(-6.64 %),0,0,0,0,-14888270,20.21
27/10/2023,0,0,10.45(-0.95 %),0,0,0,0,-14888270,20.21
30/10/2023,0,0,9.72(-6.99 %),0,0,0,0,-14888270,20.21
31/10/2023,0,0,9.4(-3.29 %),0,0,0,0,-14888270,20.21
01/11/2023,0,0,9.06(-3.62 %),0,0,0,0,-14888270,20.21
02/11/2023,0,0,9.55(5.41 %),0,0,0,0,0,49.05
03/11/2023,0,0,9.52(-0.31 %),0,0,0,0,0,49.05
06/11/2023,0,0,9.4(-1.26 %),0,0,0,0,0,49.05
07/11/2023,0,0,9.36(-0.43 %),0,0,0,0,0,49.05
08/11/2023,0,0,9.64(2.99 %),0,0,0,0,-14888270,20.21
09/11/2023,0,0,9.84(2.07 %),0,0,0,0,-14888270,20.21
10/11/2023,0,0,9.69(-1.52 %),0,0,0,0,-14888270,20.21
13/11/2023,0,0,10.35(6.81 %),0,0,0,0,-14888270,20.21
14/11/2023,0,0,10.55(1.93 %),0,0,0,0,0,49.05
15/11/2023,0,0,10.3(-2.37 %),0,0,0,0,0,49.05
16/11/2023,0,0,10.4(0.97 %),0,0,0,0,0,49.05
17/11/2023,0,0,10.25(-1.44 %),0,0,0,0,-14888270,20.21
20/11/2023,0,0,10.4(1.46 %),0,0,0,0,-14888270,20.21
21/11/2023,0,0,10.45(0.48 %),0,0,0,0,-14888270,20.21
22/11/2023,0,0,10.6(1.44 %),0,0,0,0,-14888270,20.21
23/11/2023,0,0,10.1(-4.72 %),0,0,0,0,0,49.05
24/11/2023,0,0,9.98(-1.19 %),0,0,0,0,0,49.05
27/11/2023,0,0,10(0.20 %),0,0,0,0,0,49.05
28/11/2023,0,0,10.15(1.50 %),0,0,0,0,0,49.05
29/11/2023,0,0,10.2(0.49 %),0,0,0,0,0,49.05
30/11/2023,0,0,10.05(-1.47 %),0,0,0,0,0,49.05
01/12/2023,0,0,9.98(-0.70 %),0,0,0,0,0,49.05
04/12/2023,0,0,10.2(2.20 %),0,0,0,0,0,49.05
05/12/2023,0,0,10.05(-1.47 %),0,0,0,0,0,49.05
06/12/2023,0,0,10.2(1.49 %),0,0,0,0,0,49.05
07/12/2023,0,0,10.5(2.94 %),0,0,0,0,0,49.05
08/12/2023,0,0,10.65(1.43 %),0,0,0,0,0,49.05
11/12/2023,0,0,10.5(-1.41 %),0,0,0,0,0,49.05
12/12/2023,0,0,10.55(0.48 %),0,0,0,0,0,49.05
13/12/2023,0,0,10.2(-3.32 %),0,0,0,0,0,49.05
14/12/2023,0,0,10.15(-0.49 %),0,0,0,0,0,49.05
15/12/2023,0,0,10.15(0.00 %),0,0,0,0,0,49.05
18/12/2023,0,0,10.05(-0.99 %),0,0,0,0,0,49.05
19/12/2023,0,0,10.2(1.49 %),0,0,0,0,0,49.05
20/12/2023,0,0,10.15(-0.49 %),0,0,0,0,0,49.05
21/12/2023,0,0,10.2(0.49 %),0,0,0,0,0,49.05
22/12/2023,0,0,10.1(-0.98 %),0,0,0,0,0,49.05
25/12/2023,0,0,10.25(1.49 %),0,0,0,0,0,49.05
26/12/2023,0,0,10.3(0.49 %),0,0,0,0,0,49.05
27/12/2023,0,0,10.3(0.00 %),0,0,0,0,0,49.05
28/12/2023,0,0,10.3(0.00 %),0,0,0,0,0,49.05
29/12/2023,0,0,10.25(-0.49 %),0,0,0,0,0,49.05
02/01/2024,0,0,10.25(0.00 %),0,0,0,0,-14888270,20.21
03/01/2024,0,0,10.7(4.39 %),0,0,0,0,0,49.05
04/01/2024,0,0,10.45(-2.34 %),0,0,0,0,0,49.05
05/01/2024,0,0,10.6(1.44 %),0,0,0,0,0,49.05
08/01/2024,0,0,10.6(0.00 %),0,0,0,0,0,49.05
09/01/2024,0,0,10.4(-1.89 %),0,0,0,0,-14888270,20.21
10/01/2024,0,0,10.4(0.00 %),0,0,0,0,-14888270,20.21
11/01/2024,0,0,10.3(-0.96 %),0,0,0,0,-14888270,20.21
12/01/2024,0,0,10.1(-1.94 %),0,0,0,0,0,49.05
15/01/2024,0,0,10(-0.99 %),0,0,0,0,-14888270,20.21
16/01/2024,0,0,10.7(7.00 %),0,0,0,0,-14888270,20.21
17/01/2024,0,0,10.45(-2.34 %),0,0,0,0,-14888270,20.21
18/01/2024,0,0,10.45(0.00 %),0,0,0,0,0,49.05
19/01/2024,0,0,10.7(2.39 %),0,0,0,0,0,49.05
22/01/2024,0,0,11.2(4.67 %),0,0,0,0,0,49.05
23/01/2024,0,0,11.2(0.00 %),0,0,0,0,0,49.05
24/01/2024,0,0,11.05(-1.34 %),0,0,0,0,0,49.05
25/01/2024,0,0,11.1(0.45 %),0,0,0,0,0,49.05
26/01/2024,0,0,11.15(0.45 %),0,0,0,0,0,49.05
29/01/2024,0,0,10.9(-2.24 %),0,0,0,0,-14888270,20.21
30/01/2024,0,0,11.05(1.38 %),0,0,0,0,-14888270,20.21
31/01/2024,0,0,10.5(-4.98 %),0,0,0,0,-14888270,20.21
01/02/2024,-6300,-65655000,10.4(-0.95 %),0,0,6300,65655000,0,49.05
02/02/2024,0,0,10.45(0.48 %),0,0,0,0,-14888270,20.21
05/02/2024,0,0,10.15(-2.87 %),0,0,0,0,0,49.05
06/02/2024,0,0,10.4(2.46 %),0,0,0,0,-14881910,20.2
07/02/2024,0,0,10.25(-1.44 %),0,0,0,0,-14881910,20.2
15/02/2024,0,0,10.5(2.44 %),0,0,0,0,-14881910,20.2
16/02/2024,0,0,10.55(0.48 %),0,0,0,0,-14881910,20.2
19/02/2024,0,0,10.65(0.95 %),0,0,0,0,-14881910,20.2
20/02/2024,0,0,10.55(-0.94 %),0,0,0,0,-14881910,20.2
21/02/2024,0,0,10.45(-0.95 %),0,0,0,0,-14881910,20.2
22/02/2024,0,0,10.5(0.48 %),0,0,0,0,-14881910,20.2
23/02/2024,0,0,10.3(-1.90 %),0,0,0,0,0,49.05
26/02/2024,0,0,10.5(1.94 %),0,0,0,0,-14881910,20.2
27/02/2024,0,0,10.7(1.90 %),0,0,0,0,0,49.05
28/02/2024,0,0,10.6(-0.93 %),0,0,0,0,0,49.05
29/02/2024,0,0,10.4(-1.89 %),0,0,0,0,-14881910,20.2
01/03/2024,0,0,10.6(1.92 %),0,0,0,0,0,49.05
04/03/2024,0,0,10.6(0.00 %),0,0,0,0,0,49.05
05/03/2024,0,0,10.55(-0.47 %),0,0,0,0,-14881910,20.2
06/03/2024,0,0,10.5(-0.47 %),0,0,0,0,0,49.05
07/03/2024,0,0,11.3(6.60 %),0,0,0,0,0,49.05
08/03/2024,0,0,12(6.19 %),0,0,0,0,0,49.05
11/03/2024,0,0,11.55(-3.75 %),0,0,0,0,0,49.05
12/03/2024,0,0,12.35(6.93 %),0,0,0,0,-14881910,20.2
13/03/2024,0,0,12.4(0.40 %),0,0,0,0,-14881910,20.2
14/03/2024,0,0,12.1(-2.42 %),0,0,0,0,0,49.05
15/03/2024,0,0,12.25(1.24 %),0,0,0,0,0,49.05
18/03/2024,0,0,11.8(-3.67 %),0,0,0,0,-14881910,20.2
19/03/2024,0,0,12.2(3.39 %),0,0,0,0,-14881910,20.2
20/03/2024,0,0,12.15(-0.41 %),0,0,0,0,0,49.05
21/03/2024,0,0,12.05(-0.82 %),0,0,0,0,0,49.05
22/03/2024,0,0,12.15(0.83 %),0,0,0,0,0,49.05
25/03/2024,0,0,11.7(-3.70 %),0,0,0,0,-14881910,20.2
26/03/2024,0,0,11.75(0.43 %),0,0,0,0,0,49.05
27/03/2024,0,0,12.25(4.26 %),0,0,0,0,-14881910,20.2
28/03/2024,0,0,12.2(-0.41 %),0,0,0,0,-14881910,20.2
29/03/2024,0,0,11.9(-2.46 %),0,0,0,0,-14881910,20.2
01/04/2024,0,0,11.6(-2.52 %),0,0,0,0,-14881910,20.2
02/04/2024,0,0,11.7(0.86 %),0,0,0,0,0,49.05
03/04/2024,0,0,11.5(-1.71 %),0,0,0,0,-14881910,20.2
04/04/2024,0,0,11.15(-3.04 %),0,0,0,0,0,49.05
05/04/2024,0,0,10.7(-4.04 %),0,0,0,0,-14881910,20.2
08/04/2024,0,0,10.45(-2.34 %),0,0,0,0,0,49.05
09/04/2024,0,0,10.75(2.87 %),0,0,0,0,0,49.05
10/04/2024,0,0,10.7(-0.47 %),0,0,0,0,0,49.05
11/04/2024,0,0,10.75(0.47 %),0,0,0,0,-14881910,20.2
12/04/2024,0,0,10.75(0.00 %),0,0,0,0,-14881910,20.2
15/04/2024,0,0,10(-6.98 %),0,0,0,0,0,49.05
16/04/2024,0,0,10.7(7.00 %),0,0,0,0,0,49.05
17/04/2024,0,0,11.4(6.54 %),0,0,0,0,0,49.05
19/04/2024,0,0,11.25(-1.32 %),0,0,0,0,0,49.05
22/04/2024,0,0,12(6.67 %),0,0,0,0,-14881910,20.2
23/04/2024,0,0,11.75(-2.08 %),0,0,0,0,-14881910,20.2
24/04/2024,0,0,12.2(3.83 %),0,0,0,0,0,49.05
25/04/2024,0,0,12.2(0.00 %),0,0,0,0,0,49.05
26/04/2024,0,0,12.05(-1.23 %),0,0,0,0,-14881910,20.2
02/05/2024,0,0,11.8(-2.07 %),0,0,0,0,-14881910,20.2
03/05/2024,0,0,11.9(0.85 %),0,0,0,0,-14881910,20.2
06/05/2024,0,0,12.1(1.68 %),0,0,0,0,-14881910,20.2
07/05/2024,0,0,12.1(0.00 %),0,0,0,0,-14881910,20.2
08/05/2024,0,0,12.05(-0.41 %),0,0,0,0,-14881910,20.2
09/05/2024,0,0,12.1(0.41 %),0,0,0,0,-14881910,20.2
10/05/2024,0,0,12.9(6.61 %),0,0,0,0,-14881910,20.2
13/05/2024,0,0,13.35(3.49 %),0,0,0,0,-14881910,20.2
14/05/2024,0,0,13.2(-1.12 %),0,0,0,0,0,49.05
15/05/2024,0,0,13.5(2.27 %),0,0,0,0,0,49.05
16/05/2024,0,0,13.5(0.00 %),0,0,0,0,0,49.05
17/05/2024,0,0,13.55(0.37 %),0,0,0,0,-14881890,20.2
20/05/2024,-2000,-27600000,13.75(1.48 %),0,0,2000,27600000,-14881890,20.2
21/05/2024,0,0,13.6(-1.09 %),0,0,0,0,-14881890,20.2
22/05/2024,0,0,14(2.94 %),0,0,0,0,-14879890,20.2
23/05/2024,0,0,13.85(-1.07 %),0,0,0,0,-14879890,20.2
24/05/2024,-100,-1375000,13.35(-3.61 %),0,0,100,1375000,0,49.05
27/05/2024,-300,-3945000,13.3(-0.37 %),0,0,300,3945000,-14879890,20.2
28/05/2024,0,0,13.6(2.26 %),0,0,0,0,-14879790,20.2
29/05/2024,0,0,13.4(-1.47 %),0,0,0,0,-14879474,20.2
30/05/2024,0,0,14(4.48 %),0,0,0,0,-14879474,20.2
31/05/2024,-4300,-60630000,14.15(1.07 %),0,0,4300,60630000,-14879474,20.2
03/06/2024,0,0,13.8(-2.47 %),0,0,0,0,0,49.05
04/06/2024,0,0,14(1.45 %),0,0,0,0,0,49.05
05/06/2024,0,0,14(0.00 %),0,0,0,0,0,49.05
06/06/2024,0,0,14.1(0.71 %),0,0,0,0,-14875052,20.19
07/06/2024,0,0,14.1(0.00 %),0,0,0,0,-14875052,20.19
10/06/2024,0,0,14.15(0.35 %),0,0,0,0,0,49.05
11/06/2024,-400,-6000000,15(6.01 %),0,0,400,6000000,0,20.19
12/06/2024,-78400,-1178080000,15.05(0.33 %),0,0,78400,1178080000,-14875052,20.19
13/06/2024,0,0,14.75(-1.99 %),0,0,0,0,-14874652,20.19
14/06/2024,-2300,-33835000,14.05(-4.75 %),0,0,2300,33835000,-14796252,20.08
17/06/2024,0,0,15(6.76 %),0,0,0,0,-14796252,20.08
18/06/2024,-4500,-68400000,15.1(0.67 %),0,0,4500,68400000,-14793952,20.08
19/06/2024,-32900,-494660000,15.65(3.64 %),0,0,32900,494660000,-14793952,20.08
20/06/2024,-1000,-16100000,16.25(3.83 %),0,0,1000,16100000,-14789452,20.07
21/06/2024,0,0,17.35(6.77 %),0,0,0,0,-14756552,20.03
24/06/2024,-20,-352000,17.75(2.31 %),0,0,20,352000,-14755552,20.03
25/06/2024,0,0,17.9(0.85 %),0,0,0,0,-14755552,20.03
26/06/2024,-12240,-218764200,18.05(0.84 %),0,0,12240,218764200,-14755532,20.03
27/06/2024,-40220,-746423000,18.05(0.00 %),0,0,40220,746423000,-14755532,20.03
28/06/2024,0,0,18.15(0.55 %),0,0,0,0,-14743292,20.01
04/07/2024,0,0,20(1.52 %),0,0,0,0,58974015,0.0
05/07/2024,11000,219330000,20.2(1.00 %),11000,219330000,0,0,58963015,0.0
08/07/2024,66200,1331030000,20.2(0.00 %),66200,1331030000,0,0,58896815,0.0
09/07/2024,0,0,20(-0.99 %),0,0,0,0,58896815,0.0
10/07/2024,-19200,-384285000,20(0.00 %),300,6090000,19500,390375000,58916015,0.0
11/07/2024,-6900,-138695000,20.2(1.00 %),100,2005000,7000,140700000,58922915,0.0
12/07/2024,-4000,-80600000,19.9(-1.49 %),0,0,4000,80600000,58926915,0.0
15/07/2024,0,0,19.7(-1.01 %),0,0,0,0,58926915,0.0
16/07/2024,-52200,-1009545000,18.35(-6.85 %),0,0,52200,1009545000,58979115,0.0
17/07/2024,56700,998840000,17.1(-6.81 %),58700,1035140000,2000,36300000,58922415,0.0
18/07/2024,123700,2035160000,17.7(3.51 %),125100,2058750000,1400,23590000,58798715,0.0
19/07/2024,-200,-3450000,17.2(-2.82 %),0,0,200,3450000,58798915,0.0
22/07/2024,-23000,-397460000,16(-6.98 %),35700,577925000,58700,975385000,58821915,0.0
23/07/2024,-129900,-1957130000,14.9(-6.88 %),5200,79040000,135100,2036170000,58951815,0.0
24/07/2024,18500,268685000,15(0.67 %),18500,268685000,0,0,58933315,0.0
25/07/2024,-28100,-413710000,14.3(-4.67 %),1400,20150000,29500,433860000,58961415,0.0
26/07/2024,-8400,-121265000,13.95(-2.45 %),2800,38785000,11200,160050000,58969815,0.0
29/07/2024,264600,3692780000,14.2(1.79 %),283100,3961435000,18500,268655000,58705215,0.0
30/07/2024,264600,3692780000,13.25(-6.69 %),283100,3961435000,18500,268655000,58440615,0.0
31/07/2024,1400,15750000,12.35(-6.79 %),4200,52710000,2800,36960000,58439215,0.0
01/08/2024,-67300,-784450000,11.5(-6.88 %),100,1165000,67400,785615000,58694199,0.0
02/08/2024,-19700,-244325000,11.4(-0.87 %),122800,1340440000,142500,1584765000,58713899,0.0
05/08/2024,-69100,-761440000,10.65(-6.58 %),8500,90775000,77600,852215000,58782999,0.0
06/08/2024,116900,1225430000,11(3.29 %),117100,1227545000,200,2115000,58666099,0.0
07/08/2024,-66900,-714760000,10.75(-2.27 %),0,0,66900,714760000,58732999,0.0
08/08/2024,49500,496545000,10(-6.98 %),105400,1082295000,55900,585750000,58683499,0.0
09/08/2024,30100,319770000,10.7(7.00 %),87000,897455000,56900,577685000,58653399,0.0
12/08/2024,-29300,-320570000,10.65(-0.47 %),5000,53000000,34300,373570000,58682699,0.0
13/08/2024,7700,77245000,10.65(0.00 %),27600,290175000,19900,212930000,58674999,0.0
14/08/2024,29800,309825000,10.35(-2.82 %),30100,313050000,300,3225000,58645199,0.0
15/08/2024,218800,2202919000,10(-3.38 %),219000,2204989000,200,2070000,58426399,0.0
16/08/2024,64500,668465000,10.4(4.00 %),64500,668465000,0,0,58361899,0.0
19/08/2024,5000,56255000,10.75(3.37 %),80000,861755000,75000,805500000,58356899,0.0
20/08/2024,56800,609835000,10.65(-0.93 %),61200,656695000,4400,46860000,58300099,0.0
21/08/2024,81000,884025000,11.35(6.57 %),81000,884025000,0,0,58219099,0.0
22/08/2024,-122200,-1409305000,11.3(-0.44 %),0,0,122200,1409305000,58341299,0.0
23/08/2024,-20700,-232230000,11.15(-1.33 %),40300,441675000,61000,673905000,58361999,0.0
26/08/2024,-104700,-1155880000,11(-1.35 %),0,0,104700,1155880000,58466699,0.0
27/08/2024,-1800,-19530000,10.85(-1.36 %),0,0,1800,19530000,58468499,0.0
28/08/2024,74700,815945000,11.05(1.84 %),77800,850400000,3100,34455000,58393799,0.0
29/08/2024,0,0,10.85(-1.81 %),0,0,0,0,58393799,0.0
30/08/2024,23900,259685000,10.85(0.00 %),23900,259685000,0,0,58369899,0.0
04/09/2024,30300,317450000,10.45(-3.69 %),30800,322750000,500,5300000,58546399,0.0
05/09/2024,20500,205970000,10.2(-2.39 %),24300,245680000,3800,39710000,58525899,0.0
06/09/2024,9400,95385000,10.3(0.98 %),11400,115770000,2000,20385000,58516499,0.0
09/09/2024,-86400,-910275000,10.25(-0.49 %),0,0,86400,910275000,58602899,0.0
10/09/2024,-32500,-334020000,10.05(-1.95 %),10000,100500000,42500,434520000,58635399,0.0
11/09/2024,27500,273508000,10(-0.50 %),37000,368938000,9500,95430000,58607899,0.0
12/09/2024,0,0,10(0.00 %),0,0,0,0,58607899,0.0
13/09/2024,-38900,-379434000,9.6(-4.00 %),5000,48000000,43900,427434000,58646799,0.0
16/09/2024,-6000,-73457000,8.93(-6.98 %),28600,256565000,34600,330022000,58652799,0.0
17/09/2024,57500,479652000,8.32(-6.83 %),57500,479652000,0,0,58595299,0.0
18/09/2024,9700,80906000,8.45(1.56 %),9700,80906000,0,0,58585599,0.0
19/09/2024,-18400,-157101000,8.21(-2.84 %),0,0,18400,157101000,58603999,0.0
20/09/2024,0,0,8.22(0.12 %),0,0,0,0,58603999,0.0
23/09/2024,-62100,-488908000,7.65(-6.93 %),3700,29304000,65800,518212000,58666099,0.0
24/09/2024,352600,2669130000,8.1(5.88 %),352600,2669130000,0,0,58313499,0.0
25/09/2024,-11600,-96558000,8.09(-0.12 %),0,0,11600,96558000,58325099,0.0
26/09/2024,31600,253633000,7.85(-2.97 %),31600,253633000,0,0,58293499,0.0
27/09/2024,-126000,-997123000,7.85(0.00 %),28100,219304000,154100,1216427000,58419499,0.0
30/09/2024,-81400,-645398000,7.88(0.38 %),11000,86874000,92400,732272000,58500899,0.0
01/10/2024,19600,156216000,7.94(0.76 %),33300,265733000,13700,109517000,58224099,0.0
02/10/2024,-118500,-926916000,7.79(-1.89 %),1700,13375000,120200,940291000,58342599,0.0
03/10/2024,-14400,-109383000,7.41(-4.88 %),2000,15040000,16400,124423000,58356999,0.0
04/10/2024,0,0,7.43(0.27 %),0,0,0,0,58356999,0.0
07/10/2024,-14800,-110415000,7(-5.79 %),100,744000,14900,111159000,58371799,0.0
08/10/2024,-1900,-13485000,7.06(0.86 %),100,705000,2000,14190000,58373699,0.0
09/10/2024,400,2852000,7.11(0.71 %),400,2852000,0,0,58373299,0.0
10/10/2024,500,3555000,7.09(-0.28 %),500,3555000,0,0,58372799,0.0
11/10/2024,1400,9864000,7.08(-0.14 %),1400,9864000,0,0,58371399,0.0
14/10/2024,200,1406000,7.02(-0.85 %),200,1406000,0,0,58371199,0.0
15/10/2024,-4600,-30585000,6.6(-5.98 %),5400,35464000,10000,66049000,58375799,0.0
16/10/2024,0,0,6.31(-4.39 %),0,0,0,0,58375799,0.0
17/10/2024,3500,21303000,6.15(-2.54 %),9800,60678000,6300,39375000,58372299,0.0
18/10/2024,-4100,-27146000,6.58(6.99 %),1200,7410000,5300,34556000,58376399,0.0
21/10/2024,62800,442092000,7.04(6.99 %),62800,442092000,0,0,58313599,0.0
22/10/2024,61300,443081000,7.53(6.96 %),71000,515831000,9700,72750000,58252299,0.0
23/10/2024,-1100,-8702000,7.61(1.06 %),100,784000,1200,9486000,58253399,0.0
24/10/2024,-48000,-361080000,7.1(-6.70 %),12800,92390000,60800,453470000,58301399,0.0
25/10/2024,-47800,-345126000,6.87(-3.24 %),5400,36740000,53200,381866000,58349199,0.0
28/10/2024,-16100,-117221000,7.35(6.99 %),0,0,16100,117221000,58365299,0.0
29/10/2024,52400,395205000,7.6(3.40 %),69400,527470000,17000,132265000,58312899,0.0
30/10/2024,-4000,-29525000,7.35(-3.29 %),1400,10251000,5400,39776000,58316899,0.0
31/10/2024,20000,144586000,7.23(-1.63 %),20000,144586000,0,0,58296899,0.0
01/11/2024,-19300,-136866000,7.05(-2.49 %),0,0,19300,136866000,58518399,0.0
04/11/2024,-24200,-166431000,6.89(-2.27 %),16700,111746000,40900,278177000,58542599,0.0
05/11/2024,-19100,-129993000,6.88(-0.15 %),13800,95020000,32900,225013000,58561699,0.0
06/11/2024,17700,123192000,7.01(1.89 %),17700,123192000,0,0,58543999,0.0
07/11/2024,-16700,-116822000,6.93(-1.14 %),0,0,16700,116822000,58560699,0.0
08/11/2024,19600,136916000,6.94(0.14 %),30200,211224000,10600,74308000,58541099,0.0
11/11/2024,-17600,-121946000,6.9(-0.58 %),3000,20070000,20600,142016000,58558699,0.0
12/11/2024,0,0,6.84(-0.87 %),0,0,0,0,58564899,20.51
13/11/2024,600,4164000,6.82(-0.29 %),1600,10960000,1000,6796000,58558099,0.0
14/11/2024,-9900,-66330000,6.69(-1.91 %),0,0,9900,66330000,58567999,0.0
15/11/2024,35800,235809000,7.09(5.98 %),58100,394139000,22300,158330000,58532199,0.0
18/11/2024,-1600,-11275000,6.97(-1.69 %),0,0,1600,11275000,58533799,0.0
19/11/2024,0,0,6.77(-2.87 %),0,0,0,0,58533799,0.0
20/11/2024,-7100,-52990000,6.99(3.25 %),17800,116590000,24900,169580000,58540899,0.0
21/11/2024,-2100,-14673000,6.95(-0.57 %),500,3475000,2600,18148000,58542999,0.0
22/11/2024,-5400,-37353000,6.82(-1.87 %),0,0,5400,37353000,58548399,0.0
25/11/2024,-9400,-64169000,6.75(-1.03 %),0,0,9400,64169000,58567739,20.51
26/11/2024,2300,15769000,6.79(0.59 %),5100,34781000,2800,19012000,58568039,20.51
27/11/2024,-8900,-60416000,6.77(-0.29 %),100,680000,9000,61096000,58577339,20.5
28/11/2024,6900,46371000,6.88(1.62 %),23000,157560000,16100,111189000,58557139,20.52
29/11/2024,-400,-2760000,6.9(0.29 %),0,0,400,2760000,58566139,20.51
02/12/2024,-10000,-69008000,6.88(-0.29 %),0,0,10000,69008000,58582239,20.49
03/12/2024,-600,-4146000,6.76(-1.74 %),0,0,600,4146000,58582639,20.49
04/12/2024,-2000,-13710000,6.68(-1.18 %),1000,6870000,3000,20580000,58591699,20.48
05/12/2024,600,3537000,6.84(2.40 %),4200,28278000,3600,24741000,58588099,20.48
09/12/2024,14900,101355000,6.84(1.18 %),20800,141802000,5900,40447000,58573899,20.5
10/12/2024,-2000,-15130000,7.31(6.87 %),1600,11122000,3600,26252000,58574199,20.5
16/12/2024,11000,82547000,7.33(-1.08 %),30400,223812000,19400,141265000,58551299,20.53
17/12/2024,1400,10059000,7.48(2.05 %),2300,16768000,900,6709000,58550599,20.53
18/12/2024,9100,69164000,7.9(5.61 %),31400,244559000,22300,175395000,58538599,20.55
19/12/2024,0,0,8.02(1.52 %),0,0,0,0,58539564,20.55
20/12/2024,-2300,-18455000,8.04(0.25 %),0,0,2300,18455000,58561864,20.52
24/12/2024,0,0,8.21(4.32 %),0,0,0,0,58530564,20.56
25/12/2024,0,0,8.78(6.94 %),0,0,0,0,58561764,20.52
26/12/2024,-6400,-60057000,8.51(-3.08 %),4700,41958000,11100,102015000,58557254,20.52
27/12/2024,5900,47656000,8.6(1.06 %),15000,125513000,9100,77857000,58542254,20.54
30/12/2024,-13400,-117131000,8.65(0.58 %),0,0,13400,117131000,58553354,20.53
31/12/2024,0,0,8.36(-3.35 %),0,0,0,0,58562454,20.52
02/01/2025,-17700,-150648000,8.42(0.72 %),0,0,17700,150648000,58575854,20.5
03/01/2025,0,0,8.11(-3.68 %),0,0,0,0,58575854,20.5
06/01/2025,0,0,7.76(-4.32 %),0,0,0,0,58593554,20.47
07/01/2025,900,6891000,7.44(-4.12 %),900,6891000,0,0,58593554,20.47
08/01/2025,11000,81780000,7.66(2.96 %),11000,81780000,0,0,58581654,20.49
09/01/2025,0,0,7.66(0.00 %),0,0,0,0,58581654,20.49
10/01/2025,-900,-7002000,7.22(-5.74 %),0,0,900,7002000,58581661,20.49
13/01/2025,7500,55587000,7.5(3.88 %),8600,63542000,1100,7955000,58573061,20.5
14/01/2025,-7400,-55288000,7.49(-0.13 %),0,0,7400,55288000,58573961,20.5
15/01/2025,2000,15950000,7.75(3.47 %),4500,34825000,2500,18875000,58570561,20.51
16/01/2025,-8600,-66928000,7.7(-0.65 %),0,0,8600,66928000,58579161,0.0
17/01/2025,0,0,7.64(-0.78 %),0,0,0,0,58580461,20.49
20/01/2025,0,0,7.5(-1.83 %),0,0,0,0,58589061,20.48
21/01/2025,-1100,-8100000,7.3(-2.67 %),800,6000000,1900,14100000,58588261,20.48
22/01/2025,800,5800000,7(-4.11 %),800,5800000,0,0,58587461,20.48
23/01/2025,2000,12688000,6.51(-7.00 %),4600,30044000,2600,17356000,58584761,20.49
24/01/2025,-700,-4417000,6.3(-3.23 %),100,615000,800,5032000,58584661,20.49
03/02/2025,57100,347850000,0(0.00 %),57900,352722000,800,4872000,58529361,20.56
04/02/2025,109900,679310000,6.26(3.47 %),109900,679310000,0,0,58420261,20.71
05/02/2025,14000,86660000,6.21(-0.80 %),14000,86660000,0,0,58407061,20.73
06/02/2025,-41500,-254798000,6.14(-1.13 %),0,0,41500,254798000,58407061,20.73
07/02/2025,-56600,-351928000,6.18(0.65 %),0,0,56600,351928000,58407061,20.73
10/02/2025,-67700,-392188000,5.76(-6.80 %),20300,117627000,88000,509815000,58428261,20.7
11/02/2025,-18000,-104691000,5.79(0.52 %),300,1726000,18300,106417000,58484561,20.62
12/02/2025,100000,584440000,5.89(1.73 %),100000,584440000,0,0,58472621,20.64
13/02/2025,112300,659396000,5.94(0.85 %),128000,751018000,15700,91622000,58362921,20.79
14/02/2025,11700,69256000,5.94(0.00 %),13000,76965000,1300,7709000,58349921,20.8
17/02/2025,199200,1236486000,6.16(3.70 %),426800,2625593000,227600,1389107000,57938821,21.36
18/02/2025,-9000,-55390000,6.1(-0.97 %),0,0,9000,55390000,57940121,21.36
19/02/2025,-411500,-2456257000,5.91(-3.11 %),0,0,411500,2456257000,58167721,21.05
20/02/2025,-15300,-91251000,6.16(4.23 %),0,0,15300,91251000,58176737,21.04
21/02/2025,4000,23940000,6.02(-2.27 %),5000,30100000,1000,6160000,58583237,20.49
24/02/2025,93300,576076000,6.2(2.99 %),116900,722702000,23600,146626000,58481637,20.63
25/02/2025,0,0,6.14(-0.97 %),0,0,0,0,58482637,20.62
26/02/2025,10900,66477000,6.14(0.00 %),15900,97856000,5000,31379000,58490337,20.61
27/02/2025,2000,-13535000,6.56(6.84 %),113800,717231000,111800,730766000,58376537,20.77
28/02/2025,-103300,-715788000,6.67(1.68 %),6200,41442000,109500,757230000,58375337,20.77
03/03/2025,-1700,-12961000,6.21(-6.90 %),9200,58374000,10900,71335000,58477937,20.63
04/03/2025,-11700,-71455000,5.93(-4.51 %),97400,570428000,109100,641883000,58490037,20.61
05/03/2025,-12800,-76540000,5.91(-0.34 %),0,0,12800,76540000,58500937,20.6
06/03/2025,500,2930000,5.9(-0.17 %),500,2930000,0,0,58609577,20.45
07/03/2025,-900,-5310000,5.88(-0.34 %),0,0,900,5310000,58622377,20.43
10/03/2025,-40200,-233204000,5.81(-1.19 %),0,0,40200,233204000,58622377,20.43
11/03/2025,-26800,-159774000,6(3.27 %),400,2326000,27200,162100000,58622377,20.43
12/03/2025,-33500,-207579000,6.03(0.50 %),2400,14688000,35900,222267000,58660677,20.38
13/03/2025,0,0,5.91(-1.99 %),0,0,0,0,58687877,20.35
14/03/2025,15200,89368000,6(1.52 %),15200,89368000,0,0,58708577,20.32
17/03/2025,300,1800000,6(0.00 %),300,1800000,0,0,58708277,20.32
18/03/2025,200,1176000,5.98(-0.33 %),300,1791000,100,615000,58707977,20.32
19/03/2025,-1600,-9760000,6(0.33 %),0,0,1600,9760000,58707977,20.32
20/03/2025,-13300,-79439000,6(0.00 %),600,3579000,13900,83018000,58707477,20.32
21/03/2025,0,0,5.94(-1.00 %),0,0,0,0,58709077,20.32
24/03/2025,400,2368000,5.87(-1.18 %),400,2368000,0,0,58722577,20.3
25/03/2025,200,1172000,5.85(-0.34 %),200,1172000,0,0,58722377,20.3
26/03/2025,98600,609545000,6.25(6.84 %),100200,619353000,1600,9808000,58622177,20.44
27/03/2025,0,0,6.5(4.00 %),0,0,0,0,58622177,20.44
28/03/2025,0,0,6.28(-3.38 %),0,0,0,0,58623777,20.43
31/03/2025,-13600,-88374000,6.71(6.85 %),0,0,13600,88374000,58623777,20.43
01/04/2025,-93900,-664963000,7.17(6.86 %),0,0,93900,664963000,58623777,20.43
02/04/2025,18500,136900000,7.59(5.86 %),18500,136900000,0,0,58618877,20.44
03/04/2025,2000,14240000,7.06(-6.98 %),2000,14240000,0,0,58710859,20.31
04/04/2025,-14100,-92637000,6.57(-6.94 %),0,0,14100,92637000,58710859,20.31
08/04/2025,0,0,6.12(-6.85 %),0,0,0,0,58710859,20.31
09/04/2025,26600,152014000,5.7(-6.86 %),29200,166839000,2600,14825000,58695759,20.34
10/04/2025,0,0,6.09(6.84 %),0,0,0,0,58695759,20.34
11/04/2025,-15500,-100547000,6.51(6.90 %),5000,31550000,20500,132097000,58693371,20.34
14/04/2025,-2400,-14791000,6.74(3.53 %),23000,156007000,25400,170798000,58670371,20.37
15/04/2025,-3300,-21969000,6.99(3.71 %),0,0,3300,21969000,58690871,20.34
16/04/2025,51000,357591000,7.47(6.87 %),51000,357591000,0,0,58665271,20.38
17/04/2025,800,5800000,7.62(2.01 %),800,5800000,0,0,58667771,20.37
18/04/2025,-500,-3860000,8.15(6.96 %),0,0,500,3860000,58667771,20.37
21/04/2025,-21200,-177464000,8.5(4.29 %),13700,109632000,34900,287096000,58654071,20.39
22/04/2025,25400,211821000,8.5(0.00 %),26300,219021000,900,7200000,58628271,20.43
23/04/2025,-3300,-27782000,8.49(-0.12 %),11100,94350000,14400,122132000,58652071,20.39
24/04/2025,-20600,-171390000,8.58(1.06 %),4500,37867000,25100,209257000,58648471,20.4
25/04/2025,20600,172434000,9(4.90 %),20600,172434000,0,0,58642270,20.41
28/04/2025,-54000,-502402000,9.22(2.44 %),900,8190000,54900,510592000,58666470,20.38
29/04/2025,-4600,-42093000,8.58(-6.94 %),0,0,4600,42093000,58666470,20.38
05/05/2025,0,-169060000,8.35(-2.68 %),0,0,0,169060000,58721370,20.3
06/05/2025,7800,64672000,8.37(0.24 %),8700,72412000,900,7740000,58718170,20.3
07/05/2025,14100,119811000,8.45(0.96 %),14100,119811000,0,0,58724670,20.3
08/05/2025,68700,585859000,9.04(6.98 %),68900,587667000,200,1808000,58655970,20.39
09/05/2025,-9200,-85218000,9.66(6.86 %),0,0,9200,85218000,58655970,20.39
12/05/2025,-9300,-88224000,9.4(-2.69 %),0,0,9300,88224000,58655970,20.39
13/05/2025,5700,52358000,10.05(6.91 %),6400,59158000,700,6800000,58659490,20.38
14/05/2025,400,3465000,10.3(2.49 %),30000,308530000,29600,305065000,58668390,20.37
15/05/2025,200,2020000,10.5(1.94 %),200,2020000,0,0,58668190,20.37
16/05/2025,0,0,10.55(0.48 %),0,0,0,0,58668190,20.37
19/05/2025,5000,47895000,10.5(-0.47 %),5000,53145000,0,5250000,58663690,20.38
20/05/2025,0,0,10.6(0.95 %),0,0,0,0,58663690,20.38
21/05/2025,8100,-148745000,10.4(-1.89 %),8100,83840000,0,232585000,58663690,20.38
22/05/2025,25000,143620000,11.1(6.73 %),25000,261080000,0,117460000,58649790,20.4
23/05/2025,-11900,-131825000,10.65(-4.05 %),500,5400000,12400,137225000,58663690,20.38
26/05/2025,20600,208135000,10.45(-1.88 %),20600,214495000,0,6360000,58643690,20.41
27/05/2025,-33700,-353370000,10.45(0.00 %),0,0,33700,353370000,58655590,20.39
28/05/2025,23700,-198270000,10.65(1.91 %),23700,253750000,0,452020000,58655590,20.39
29/05/2025,58800,395180000,11.3(6.10 %),58800,625365000,0,230185000,58651590,20.4
30/05/2025,6600,74035000,11.3(0.00 %),6600,74035000,0,0,58663490,20.38
02/06/2025,100,-562310400,11.3(0.00 %),100,1115000,0,563425400,58663490,20.38
03/06/2025,18700,81775000,11.3(0.00 %),18700,211150000,0,129375000,58656290,20.39
04/06/2025,9200,-165325000,11.3(0.00 %),9200,102920000,0,268245000,58706932,20.32
05/06/2025,2800,-213515000,10.9(-3.54 %),2800,31030000,0,244545000,58706932,20.32
06/06/2025,35700,395745000,11(0.92 %),35700,395745000,0,0,58686232,20.35
09/06/2025,9200,-288265000,11(0.00 %),9200,101960000,0,390225000,58705332,20.32
10/06/2025,0,-27610000,11.1(0.91 %),0,0,0,27610000,58705332,20.32
11/06/2025,1400,15400000,11.1(0.00 %),1400,15400000,0,0,58730432,20.29
12/06/2025,-10500,-134420000,11.35(2.25 %),35100,392505000,45600,526925000,58732932,20.28
13/06/2025,0,0,11.35(0.00 %),0,0,0,0,58732932,20.28
16/06/2025,-1400,-15680000,11.3(-0.44 %),0,0,1400,15680000,58743432,20.27
17/06/2025,-4300,-48060000,10.9(-3.54 %),100,1105000,4400,49165000,58743432,20.27
18/06/2025,-30700,-340750000,10.9(0.00 %),0,0,30700,340750000,58744832,20.27
19/06/2025,0,0,10.85(-0.46 %),0,0,0,0,58749132,20.26
20/06/2025,0,0,10.7(-1.38 %),0,0,0,0,58779832,20.22
23/06/2025,1600,16285000,10.55(-1.40 %),1700,17340000,100,1055000,58778232,20.22
24/06/2025,0,0,10.5(-0.47 %),0,0,0,0,58778232,20.22
25/06/2025,0,0,10.2(-2.86 %),0,0,0,0,58778232,20.22
26/06/2025,-1900,-19840000,10.4(1.96 %),0,0,1900,19840000,58778232,20.22
27/06/2025,26500,277160000,10.6(1.92 %),26800,280265000,300,3105000,58751732,20.26
30/06/2025,44300,474720000,10.6(0.00 %),44300,474720000,0,0,58709332,20.32
01/07/2025,0,0,10.8(1.89 %),0,0,0,0,58709332,20.32
02/07/2025,-5600,-60840000,10.8(0.00 %),5200,55130000,10800,115970000,58709332,20.32
03/07/2025,-39500,-420740000,10.7(-0.93 %),0,0,39500,420740000,58709332,20.32
04/07/2025,4000,46830000,10.85(1.40 %),24800,268360000,20800,221530000,58710932,20.31
07/07/2025,5900,65320000,10.95(0.92 %),11200,122960000,5300,57640000,58744532,20.27
08/07/2025,1900,20900000,11.05(0.91 %),2400,26400000,500,5500000,58742632,20.27
09/07/2025,-24800,-274990000,11(-0.45 %),0,0,24800,274990000,58742632,20.27
10/07/2025,-11200,-123305000,10.85(-1.36 %),0,0,11200,123305000,58742632,20.27
11/07/2025,42900,472040000,11.6(6.91 %),43800,481890000,900,9850000,58724532,20.3
14/07/2025,14000,170930000,12.4(6.90 %),16000,195170000,2000,24240000,58721732,20.3
15/07/2025,0,0,13.25(6.85 %),0,0,0,0,58721732,20.3
16/07/2025,-29300,-397455000,13.35(0.75 %),1600,21860000,30900,419315000,58721732,20.3
17/07/2025,31700,419340000,13.15(-1.50 %),31800,420675000,100,1335000,58721732,20.3
18/07/2025,-3100,-42140000,13.15(0.00 %),14200,184110000,17300,226250000,58749332,20.26
21/07/2025,1500,18370000,12.7(-3.42 %),5000,64630000,3500,46260000,58747832,20.26
22/07/2025,25200,322890000,12.85(1.18 %),25200,322890000,0,0,58725732,20.29
23/07/2025,-17100,-232050000,12.85(0.00 %),15400,201050000,32500,433100000,58725732,20.29
24/07/2025,2600,33070000,12.85(0.00 %),3000,38250000,400,5180000,58723132,20.3
25/07/2025,27600,360050000,13.3(3.50 %),47600,620300000,20000,260250000,58712632,20.31
28/07/2025,33800,460660000,13.4(0.75 %),52000,704540000,18200,243880000,58628832,20.43
29/07/2025,-900,-18355000,12.5(-6.72 %),15700,199505000,16600,217860000,58628832,20.43
30/07/2025,7500,85620000,12.55(0.40 %),29900,365230000,22400,279610000,58521332,20.57
31/07/2025,-20200,-269275000,13.2(5.18 %),4000,52005000,24200,321280000,58522232,20.57
01/08/2025,-35000,-447605000,12.85(-2.65 %),8400,107450000,43400,555055000,58522232,20.57
04/08/2025,27900,360410000,12.9(0.39 %),36800,473475000,8900,113065000,58514532,20.58
05/08/2025,14000,177395000,12.5(-3.10 %),35100,453190000,21100,275795000,58535532,20.55
06/08/2025,114900,1529940000,13.35(6.80 %),114900,1529940000,0,0,58420632,20.71
07/08/2025,-34600,-456715000,13.4(0.37 %),3400,45390000,38000,502105000,58420632,20.71
08/08/2025,19500,264540000,13.25(-1.12 %),71300,965115000,51800,700575000,58401132,20.74
11/08/2025,-87800,-1140325000,12.9(-2.64 %),1500,19435000,89300,1159760000,58435732,20.69
12/08/2025,13800,173480000,13(0.78 %),40700,529760000,26900,356280000,58422028,20.71
13/08/2025,-186500,-2343550000,12.7(-2.31 %),48200,607395000,234700,2950945000,58509828,20.59
14/08/2025,-17600,-223135000,12.7(0.00 %),4900,63175000,22500,286310000,58509828,20.59
15/08/2025,-20600,-261840000,12.65(-0.39 %),20100,255985000,40700,517825000,58696328,20.33
18/08/2025,47900,606110000,12.55(-0.79 %),51400,650560000,3500,44450000,58666028,20.38
19/08/2025,-33600,-417860000,12.4(-1.20 %),14400,182115000,48000,599975000,58686628,20.35
20/08/2025,-17900,-222415000,12.1(-2.42 %),3700,44770000,21600,267185000,58686628,20.35
21/08/2025,-4500,-61570000,12.1(0.00 %),32300,389480000,36800,451050000,58720228,20.3
22/08/2025,-29200,-352840000,11.8(-2.48 %),0,0,29200,352840000,58720228,20.3
25/08/2025,-3700,-45030000,12(1.69 %),0,0,3700,45030000,58738128,20.28
