Ngay,KLGDRong,GTDGRong,ThayDoi,KLMua,GtMua,KLBan,GtBan,RoomConLai,DangSoHuu
28/10/2016,0,0,0(0.00 %),0,0,0,0,73148800,17.44
31/10/2016,40000,2008000000,0(0.00 %),40000,2008000000,0,0,73108800,17.46
01/11/2016,0,0,0(0.00 %),0,0,0,0,73108800,17.46
02/11/2016,0,0,0(0.00 %),0,0,0,0,73108800,17.46
03/11/2016,0,0,0(0.00 %),0,0,0,0,73108800,17.46
04/11/2016,0,0,0(0.00 %),0,0,0,0,73108800,17.46
07/11/2016,300,37770000,0(0.00 %),300,37770000,0,0,73108500,17.46
08/11/2016,-30000,-4341000000,144.7(14.93 %),0,0,30000,4341000000,73108500,17.46
09/11/2016,-13200,-1874400000,137.1(-5.25 %),0,0,13200,1874400000,73108500,17.46
10/11/2016,0,0,128(-8.90 %),0,0,0,0,73108500,17.46
11/11/2016,-4000,-462030000,115.4(-14.96 %),0,0,4000,462030000,73138500,17.45
14/11/2016,0,0,107(-8.47 %),0,0,0,0,73151700,17.44
15/11/2016,-24100,-2707020000,110(2.80 %),0,0,24100,2707020000,73151700,17.44
16/11/2016,-5100,-561000000,104.3(-6.96 %),0,0,5100,561000000,73155700,17.44
17/11/2016,0,0,100(-6.63 %),0,0,0,0,73155700,17.44
18/11/2016,0,0,100.1(-0.60 %),0,0,0,0,73179800,17.43
21/11/2016,0,0,107(6.05 %),0,0,0,0,73184900,17.43
22/11/2016,-45400,-5031390000,108(2.86 %),400,44200000,45800,5075590000,73184500,17.43
23/11/2016,100,11000000,107.3(-3.07 %),100,11000000,0,0,73184400,17.43
24/11/2016,0,0,105(-3.58 %),0,0,0,0,73184400,17.43
25/11/2016,500,54000000,106.2(0.66 %),500,54000000,0,0,73229700,17.41
28/11/2016,-40000,-4252500000,106(-0.66 %),0,0,40000,4252500000,73229700,17.41
29/11/2016,0,0,107(0.19 %),0,0,0,0,73229700,17.41
30/11/2016,200,21300000,106.1(-0.28 %),200,21300000,0,0,73229500,17.41
01/12/2016,0,0,109.5(3.20 %),0,0,0,0,73269500,17.39
02/12/2016,600,64800000,111(3.26 %),600,64800000,0,0,73268900,17.39
05/12/2016,0,0,109.8(0.18 %),0,0,0,0,73268900,17.39
06/12/2016,100,10730000,100(-8.26 %),100,10730000,0,0,73268800,17.39
07/12/2016,-700,-58620000,116.4(12.36 %),300,29820000,1000,88440000,73268500,17.39
08/12/2016,0,0,124.3(14.99 %),0,0,0,0,73268500,17.39
09/12/2016,1900,229600000,135.7(15.00 %),1900,229600000,0,0,73266600,17.39
12/12/2016,100,12800000,148.4(14.86 %),100,12800000,0,0,73267500,17.39
13/12/2016,300,40780000,161.2(14.98 %),500,73000000,200,32220000,73267000,17.39
14/12/2016,-14100,-2426450000,180.7(14.95 %),1000,170200000,15100,2596650000,73266000,17.39
15/12/2016,-9600,-1882770000,201.4(14.95 %),400,78580000,10000,1961350000,73265600,17.39
16/12/2016,-500,-102500000,225.8(14.97 %),0,0,500,102500000,73265800,17.39
19/12/2016,1500,284450000,179.6(-14.96 %),2000,384600000,500,100150000,73278900,17.39
20/12/2016,0,0,163.9(-14.46 %),0,0,0,0,73288900,17.38
21/12/2016,0,0,170(4.29 %),0,0,0,0,73289400,17.38
22/12/2016,1500,192000000,147.2(0.00 %),1500,192000000,0,0,73288400,17.38
23/12/2016,500,55600000,130.6(-0.08 %),500,55600000,0,0,73287900,17.38
26/12/2016,-300,-34680000,125(8.13 %),0,0,300,34680000,73287900,17.38
27/12/2016,0,0,140(14.19 %),0,0,0,0,73287900,17.38
28/12/2016,0,0,132.8(1.37 %),0,0,0,0,73287900,17.38
29/12/2016,0,0,131(-1.80 %),0,0,0,0,73288200,17.38
30/12/2016,0,0,125.5(-2.56 %),0,0,0,0,73288200,17.38
03/01/2017,0,0,122(-2.63 %),0,0,0,0,73288200,17.38
04/01/2017,-1600,-195100000,120(-1.64 %),0,0,1600,195100000,73288200,17.38
05/01/2017,-29400,-3569650000,126.1(4.73 %),0,0,29400,3569650000,73288200,17.38
06/01/2017,0,0,127.2(4.01 %),0,0,0,0,73288200,17.38
09/01/2017,0,0,145(11.54 %),0,0,0,0,73289800,17.38
10/01/2017,0,0,128(-4.19 %),0,0,0,0,73319200,17.37
19/01/2017,4460,649550000,135(5.80 %),4460,649550000,0,0,73314740,17.37
20/01/2017,15690,2188700000,139(2.96 %),15690,2188700000,0,0,73299050,17.38
23/01/2017,50,6750000,133.5(-3.96 %),50,6750000,0,0,73299000,17.38
24/01/2017,6010,799200000,133.8(0.22 %),6010,799200000,0,0,73292990,17.38
25/01/2017,2610,349810000,135(0.90 %),2610,349810000,0,0,73290380,17.38
02/02/2017,3170,418310000,132(-2.22 %),3170,418310000,0,0,73287210,17.38
03/02/2017,6540,844920000,127.5(-3.41 %),6540,844920000,0,0,73280670,17.39
06/02/2017,250,29900000,120(-5.88 %),350,42010000,100,12110000,73280320,17.39
07/02/2017,350,40910000,117(-2.50 %),350,40910000,0,0,73279970,17.39
08/02/2017,20,2370000,117(0.00 %),20,2370000,0,0,73279950,17.39
09/02/2017,10,1140000,114(-2.56 %),10,1140000,0,0,73280040,17.39
10/02/2017,20,2310000,117.3(2.89 %),20,2310000,0,0,73280020,17.39
13/02/2017,0,0,115.6(-1.45 %),0,0,0,0,73280020,17.39
14/02/2017,-30,-3410000,113.5(-1.82 %),0,0,30,3410000,73280020,17.39
15/02/2017,190,21560000,113(-0.44 %),200,22700000,10,1140000,73279820,17.39
16/02/2017,-10,-1110000,111.2(-1.59 %),0,0,10,1110000,73279820,17.39
17/02/2017,0,0,110.5(-0.63 %),0,0,0,0,73279850,17.39
20/02/2017,500,51900000,107(-3.17 %),500,51900000,0,0,73279360,17.39
21/02/2017,10,1070000,112.8(5.42 %),10,1070000,0,0,73279360,17.39
22/02/2017,9730,1120120000,116(2.84 %),9740,1121280000,10,1160000,73269620,17.39
23/02/2017,9190,1052690000,113(-2.59 %),9190,1052690000,0,0,73260430,17.39
24/02/2017,510,57120000,111(-1.77 %),510,57120000,0,0,73259920,17.4
27/02/2017,-20,-2220000,109.9(-0.99 %),0,0,20,2220000,73259900,17.4
28/02/2017,0,0,107.6(-2.09 %),0,0,0,0,73259930,17.4
01/03/2017,30,3240000,108.2(0.56 %),30,3240000,0,0,73259900,17.4
02/03/2017,0,0,107.9(-0.28 %),0,0,0,0,73259920,17.4
03/03/2017,40,4260000,105.5(-2.22 %),40,4260000,0,0,73259880,17.4
06/03/2017,50,5180000,104(-1.42 %),50,5180000,0,0,73259830,17.4
07/03/2017,1000,101600000,100.5(-3.37 %),1000,101600000,0,0,73258830,17.4
08/03/2017,-400,-40010000,101.4(0.90 %),0,0,400,40010000,73258830,17.4
09/03/2017,-150,-15030000,100(-1.38 %),0,0,150,15030000,73258830,17.4
10/03/2017,-90,-8900000,98.2(-1.80 %),10,1000000,100,9900000,73258820,17.4
13/03/2017,0,0,97(-1.22 %),0,0,0,0,73259220,17.4
14/03/2017,310,29730000,96(-1.03 %),310,29730000,0,0,73259060,17.4
15/03/2017,0,0,95(-1.04 %),0,0,0,0,73259160,17.4
16/03/2017,0,0,92.5(-2.63 %),0,0,0,0,73259160,17.4
17/03/2017,50,4700000,93.8(1.41 %),50,4700000,0,0,73259160,17.4
20/03/2017,0,0,93.1(-0.75 %),0,0,0,0,73259160,17.4
21/03/2017,0,0,92(-1.18 %),0,0,0,0,73259160,17.4
22/03/2017,10,920000,91(-1.09 %),10,920000,0,0,73259160,17.4
23/03/2017,0,0,87.2(-4.18 %),0,0,0,0,73259160,17.4
24/03/2017,0,0,87.3(0.11 %),0,0,0,0,73259160,17.4
27/03/2017,200,17600000,88.5(1.37 %),200,17600000,0,0,73259160,17.4
28/03/2017,0,0,88.5(0.00 %),0,0,0,0,73259160,17.4
29/03/2017,-1900,-162600000,85(-3.95 %),0,0,1900,162600000,73259160,17.4
30/03/2017,-2690,-227320000,84(-1.18 %),0,0,2690,227320000,73259160,17.4
31/03/2017,-3260,-270060000,81.1(-3.45 %),50,4200000,3310,274260000,73259160,17.4
03/04/2017,-1000,-77400000,77(-5.06 %),50,3880000,1050,81280000,73260700,17.39
04/04/2017,0,0,78(1.30 %),0,0,0,0,73263390,17.39
05/04/2017,-14710,-1205980000,83.4(6.92 %),30000,2424940000,44710,3630920000,73261600,17.39
07/04/2017,0,0,89(6.71 %),0,0,0,0,73262650,17.39
10/04/2017,0,0,90(1.12 %),0,0,0,0,73262650,17.39
11/04/2017,5000,435220000,87.3(-3.00 %),5000,435220000,0,0,73277460,17.39
12/04/2017,0,0,84(-3.78 %),0,0,0,0,73277460,17.39
13/04/2017,8500,697490000,84.5(0.60 %),8500,697490000,0,0,73268960,17.39
14/04/2017,5650,497050000,88.2(4.38 %),5650,497050000,0,0,73263310,17.39
17/04/2017,3800,330610000,86(-2.49 %),3800,330610000,0,0,73259510,17.4
18/04/2017,3000,255820000,86.4(0.47 %),3000,255820000,0,0,73256510,17.4
19/04/2017,0,0,87(0.69 %),0,0,0,0,73256510,17.4
20/04/2017,0,0,85.6(-1.61 %),0,0,0,0,73256510,17.4
21/04/2017,1190,98890000,86.4(0.93 %),1190,98890000,0,0,73255320,17.4
24/04/2017,0,0,85.5(-1.04 %),0,0,0,0,73255320,17.4
25/04/2017,0,0,84(-1.75 %),0,0,0,0,73255320,17.4
26/04/2017,0,0,83.5(-0.60 %),0,0,0,0,73255320,17.4
27/04/2017,0,0,84.2(0.84 %),0,0,0,0,73255320,17.4
28/04/2017,0,0,84.3(0.12 %),0,0,0,0,73255320,17.4
03/05/2017,21080,1749470000,83.7(-0.71 %),21080,1749470000,0,0,73234240,17.41
04/05/2017,20,1670000,83.5(-0.24 %),20,1670000,0,0,73234220,17.41
05/05/2017,0,0,83(-0.60 %),0,0,0,0,73234220,17.41
08/05/2017,0,0,83.4(0.48 %),0,0,0,0,73234220,17.41
09/05/2017,0,0,83.5(0.12 %),0,0,0,0,73234220,17.41
10/05/2017,1190,100000000,83(-0.60 %),1190,100000000,0,0,73233030,17.41
11/05/2017,0,0,83(0.00 %),0,0,0,0,73233030,17.41
12/05/2017,0,0,83(0.00 %),0,0,0,0,73233030,17.41
15/05/2017,150,12450000,82.6(-0.48 %),150,12450000,0,0,73232880,17.41
16/05/2017,0,0,81.6(-1.21 %),0,0,0,0,73232880,17.41
17/05/2017,0,0,81.1(-0.61 %),0,0,0,0,73232880,17.41
18/05/2017,0,0,79.4(-2.10 %),0,0,0,0,73232880,17.41
19/05/2017,-70,-5710000,81.1(2.14 %),30,2430000,100,8140000,73232850,17.41
22/05/2017,90,7360000,81.3(0.25 %),90,7360000,0,0,73232760,17.41
23/05/2017,-100,-8100000,81(-0.37 %),0,0,100,8100000,73232760,17.41
24/05/2017,4350,350260000,81(0.00 %),4350,350260000,0,0,73228510,17.41
25/05/2017,0,0,80.2(-0.99 %),0,0,0,0,73228510,17.41
26/05/2017,0,0,80(-0.25 %),0,0,0,0,73228610,17.41
29/05/2017,0,0,80.6(0.75 %),0,0,0,0,73228610,17.41
30/05/2017,50,4050000,80.6(0.00 %),50,4050000,0,0,73228560,17.41
31/05/2017,30,2430000,80.9(0.37 %),30,2430000,0,0,73228530,17.41
01/06/2017,0,0,81(0.12 %),0,0,0,0,73228530,17.41
02/06/2017,0,0,80.5(-0.62 %),0,0,0,0,73228530,17.41
05/06/2017,0,0,80.4(-0.12 %),0,0,0,0,73228530,17.41
06/06/2017,0,0,80.3(-0.12 %),0,0,0,0,73228530,17.41
07/06/2017,0,0,80.2(-0.12 %),0,0,0,0,73228530,17.41
08/06/2017,11090,884660000,79.6(-0.75 %),11090,884660000,0,0,73217440,17.41
09/06/2017,0,0,80(0.50 %),0,0,0,0,73217440,17.41
12/06/2017,0,0,79(-1.25 %),0,0,0,0,73217440,17.41
13/06/2017,220,17600000,79.9(1.14 %),220,17600000,0,0,73217220,17.41
14/06/2017,0,0,79(-1.13 %),0,0,0,0,73217220,17.41
15/06/2017,0,0,79.1(0.13 %),0,0,0,0,73217220,17.41
16/06/2017,-310,-24520000,79.5(0.51 %),0,0,310,24520000,73217220,17.41
19/06/2017,0,0,79.6(0.13 %),0,0,0,0,73217220,17.41
20/06/2017,-2280,-178970000,78.9(-0.88 %),0,0,2280,178970000,73217220,17.41
21/06/2017,100,7890000,78.5(-0.51 %),100,7890000,0,0,73217430,17.41
22/06/2017,0,0,78.9(0.51 %),0,0,0,0,73217430,17.41
23/06/2017,0,0,79.3(0.51 %),0,0,0,0,73219710,17.41
26/06/2017,0,0,78.9(-0.50 %),0,0,0,0,73219710,17.41
27/06/2017,50,3850000,78.8(-0.13 %),50,3850000,0,0,73219650,17.41
28/06/2017,10,790000,78.7(-0.13 %),10,790000,0,0,73219650,17.41
29/06/2017,0,0,78.4(-0.38 %),0,0,0,0,73219650,17.41
30/06/2017,0,0,78(-0.51 %),0,0,0,0,73219650,17.41
03/07/2017,0,0,78(0.00 %),0,0,0,0,73219650,17.41
04/07/2017,0,0,78(0.00 %),0,0,0,0,73219650,17.41
05/07/2017,10,780000,78(0.00 %),10,780000,0,0,73219640,17.41
06/07/2017,30,2340000,78(0.00 %),30,2340000,0,0,73219610,17.41
07/07/2017,250,19330000,77.1(-1.15 %),250,19330000,0,0,73219360,17.41
10/07/2017,0,0,76.6(-0.65 %),0,0,0,0,73219350,17.41
11/07/2017,10,770000,76(-0.78 %),10,770000,0,0,73219350,17.41
12/07/2017,0,0,76.5(0.66 %),0,0,0,0,73219350,17.41
13/07/2017,0,0,77(0.65 %),0,0,0,0,73219350,17.41
14/07/2017,50,3900000,77.2(0.26 %),50,3900000,0,0,73219300,17.41
17/07/2017,20000,1652000000,82.6(6.99 %),20000,1652000000,0,0,73199300,17.42
18/07/2017,0,0,88.3(6.90 %),0,0,0,0,73199300,17.42
19/07/2017,200,19040000,93.9(6.34 %),800,75360000,600,56320000,73198500,17.42
20/07/2017,0,-18380000,87.4(-6.92 %),7680,671230000,7680,689610000,73190820,17.43
21/07/2017,150,12530000,83.9(-4.00 %),150,12530000,0,0,73190670,17.43
24/07/2017,210,16550000,78.8(-6.08 %),210,16550000,0,0,73191060,17.42
25/07/2017,0,0,80.7(2.41 %),0,0,0,0,73198740,17.42
26/07/2017,-100,-8070000,80.7(0.00 %),0,0,100,8070000,73198440,17.42
27/07/2017,100,8100000,79.3(-1.73 %),300,24300000,200,16200000,73198440,17.42
28/07/2017,21320,1692540000,79.3(0.00 %),22370,1774750000,1050,82210000,73176070,17.43
31/07/2017,0,0,77.7(-2.02 %),0,0,0,0,73176170,17.43
01/08/2017,14950,1190650000,83(6.82 %),14950,1190650000,0,0,73161420,17.44
02/08/2017,0,0,80.3(-3.25 %),0,0,0,0,73162470,17.44
03/08/2017,0,0,79.9(-0.50 %),0,0,0,0,73162470,17.44
04/08/2017,0,0,78.5(-1.75 %),0,0,0,0,73162470,17.44
07/08/2017,30000,2369490000,79.1(0.76 %),30000,2369490000,0,0,73132470,17.45
08/08/2017,1170,94770000,81(2.40 %),1170,94770000,0,0,73131300,17.45
09/08/2017,0,0,79.1(-2.35 %),0,0,0,0,73131300,17.45
10/08/2017,4540,366070000,79.7(0.76 %),4540,366070000,0,0,73126760,17.45
11/08/2017,3830,306770000,80(0.38 %),3830,306770000,0,0,73122930,17.45
14/08/2017,-100,-8000000,80.4(0.50 %),0,0,100,8000000,73122930,17.45
15/08/2017,0,0,80(-0.50 %),0,0,0,0,73122930,17.45
16/08/2017,-4540,-358710000,80(0.00 %),0,0,4540,358710000,73122930,17.45
17/08/2017,0,0,79.6(-0.50 %),0,0,0,0,73123030,17.45
18/08/2017,0,0,80(0.50 %),0,0,0,0,73123030,17.45
21/08/2017,12050,969490000,80.7(0.87 %),12050,969490000,0,0,73115520,17.46
22/08/2017,12230,989270000,81.3(0.74 %),12230,989270000,0,0,73103290,17.46
23/08/2017,25360,2097000000,84(3.32 %),25360,2097000000,0,0,73077930,17.47
24/08/2017,0,0,84(0.00 %),0,0,0,0,73077930,17.47
25/08/2017,0,0,85.9(2.26 %),0,0,0,0,73077930,17.47
28/08/2017,0,0,86.4(0.58 %),0,0,0,0,73077930,17.47
29/08/2017,30,2580000,86.2(-0.23 %),30,2580000,0,0,73077900,17.47
30/08/2017,100,8540000,85.4(-0.93 %),100,8540000,0,0,73077800,17.47
31/08/2017,2000,170720000,84.2(-1.41 %),2000,170720000,0,0,73075800,17.47
01/09/2017,2230,185640000,84(-0.24 %),2230,185640000,0,0,73073570,17.48
05/09/2017,-4200,-347370000,82.6(-1.67 %),0,0,4200,347370000,73073570,17.48
06/09/2017,0,0,84(1.69 %),0,0,0,0,73073570,17.48
07/09/2017,0,0,83.5(-0.60 %),0,0,0,0,73073570,17.48
08/09/2017,2930,250890000,85.9(2.87 %),2930,250890000,0,0,73074840,17.48
11/09/2017,28600,2546630000,91.9(6.98 %),28600,2546630000,0,0,73046240,17.49
12/09/2017,31010,3032110000,98.3(6.96 %),31070,3038010000,60,5900000,73015170,17.5
13/09/2017,6330,650170000,100.3(2.03 %),23600,2404510000,17270,1754340000,72991570,17.51
14/09/2017,26100,2488300000,97(-3.29 %),30650,2925720000,4550,437420000,72960920,17.52
15/09/2017,16200,1553760000,96(-1.03 %),16200,1553760000,0,0,72944780,17.53
18/09/2017,15550,1526590000,98.5(2.60 %),16890,1655130000,1340,128540000,72945160,17.53
19/09/2017,14860,1474870000,100(3.41 %),16900,1674970000,2040,200100000,72932810,17.54
20/09/2017,19880,2061080000,107(7.00 %),23640,2463400000,3760,402320000,72909170,17.55
21/09/2017,-15640,-1609100000,106(-0.93 %),760,81280000,16400,1690380000,72909750,17.55
22/09/2017,15970,1718400000,107.1(1.04 %),20000,2157980000,4030,439580000,72891790,17.55
25/09/2017,11000,1199630000,109.7(2.43 %),11200,1221590000,200,21960000,72884350,17.56
26/09/2017,140,14980000,109(-0.64 %),140,14980000,0,0,72900610,17.55
27/09/2017,-400,-43390000,109(0.00 %),0,0,400,43390000,72904640,17.55
28/09/2017,1650,194580000,116.6(6.97 %),3000,349800000,1350,155220000,72901840,17.55
29/09/2017,-450,-55980000,124.7(6.95 %),0,0,450,55980000,72901840,17.55
02/10/2017,-520,-67810000,133.4(6.98 %),0,0,520,67810000,72902240,17.55
03/10/2017,3050,424750000,134(0.45 %),3100,431250000,50,6500000,72900490,17.55
04/10/2017,330,43900000,133(-0.75 %),470,61960000,140,18060000,72900470,17.55
05/10/2017,-40,-5170000,123.7(-6.99 %),10,1280000,50,6450000,72900980,17.55
06/10/2017,11090,1371940000,130(5.09 %),11090,1371940000,0,0,72889940,17.55
09/10/2017,0,0,134(3.08 %),0,0,0,0,72890080,17.55
10/10/2017,1500,198460000,132(-1.49 %),2240,295100000,740,96640000,72887890,17.56
11/10/2017,11100,1448420000,131(-0.76 %),11100,1448420000,0,0,72876790,17.56
12/10/2017,-6520,-824460000,124(-5.34 %),0,0,6520,824460000,72876790,17.56
13/10/2017,-31420,-3616730000,115.4(-6.94 %),12000,1475420000,43420,5092150000,72865530,17.57
16/10/2017,1040,121360000,117.8(2.08 %),1040,121360000,0,0,72864490,17.57
17/10/2017,-5570,-646840000,117.5(-0.25 %),1000,117900000,6570,764740000,72870010,17.56
18/10/2017,-18530,-2041940000,109.4(-6.89 %),170,19920000,18700,2061860000,72913260,17.54
19/10/2017,-180,-20370000,114(4.20 %),20,2260000,200,22630000,72913240,17.54
20/10/2017,300,34200000,113.9(-0.09 %),300,34200000,0,0,72919510,17.54
23/10/2017,260,28550000,109(-4.30 %),260,28550000,0,0,72937950,17.53
24/10/2017,640,68330000,115.9(6.33 %),1040,114300000,400,45970000,72937110,17.53
25/10/2017,0,0,117.8(1.64 %),0,0,0,0,72937110,17.53
26/10/2017,1560,184640000,118.2(0.34 %),1560,184640000,0,0,72935550,17.54
27/10/2017,1710,201440000,118.2(0.00 %),1710,201440000,0,0,72934240,17.54
30/10/2017,-580,-67540000,114.9(-2.79 %),420,48700000,1000,116240000,72933820,17.54
31/10/2017,200,22400000,110(-4.26 %),200,22400000,0,0,72933620,17.54
01/11/2017,2300,262660000,109.2(-0.73 %),5100,570760000,2800,308100000,72928520,17.54
02/11/2017,-300,-30300000,108.1(-1.01 %),1400,153400000,1700,183700000,72928120,17.54
03/11/2017,0,0,107.1(-0.93 %),0,0,0,0,72928120,17.54
06/11/2017,-200,-21740000,109.1(1.87 %),0,0,200,21740000,72930920,17.54
07/11/2017,-4000,-438240000,111.1(1.83 %),0,0,4000,438240000,72932620,17.54
08/11/2017,-5000,-582360000,118.8(6.93 %),0,0,5000,582360000,72932620,17.54
09/11/2017,-3850,-471900000,123(3.54 %),0,0,3850,471900000,72932820,17.54
10/11/2017,9700,1190100000,123(0.00 %),10100,1239310000,400,49210000,72926720,17.54
13/11/2017,2470,297430000,120(-2.44 %),2670,321430000,200,24000000,72929050,17.54
14/11/2017,-860,-100480000,117(-2.50 %),1840,218320000,2700,318800000,72931060,17.54
15/11/2017,2100,253770000,122.9(5.04 %),2100,253770000,0,0,72929360,17.54
16/11/2017,2310,281340000,122(-0.73 %),2310,281340000,0,0,72927250,17.54
17/11/2017,1270,151230000,120(-1.64 %),1270,151230000,0,0,72928680,17.54
20/11/2017,2960,357340000,120.5(0.42 %),2960,357340000,0,0,72925720,17.54
21/11/2017,-800,-97110000,124(2.90 %),700,86800000,1500,183910000,72925020,17.54
22/11/2017,23860,3128810000,132.6(6.94 %),23860,3128810000,0,0,72901160,17.55
23/11/2017,0,-60000,135.1(1.89 %),20,2770000,20,2830000,72901140,17.55
24/11/2017,5570,745710000,139.9(3.55 %),6270,839700000,700,93990000,72896370,17.55
27/11/2017,2400,329470000,134.5(-3.86 %),2600,356470000,200,27000000,72893770,17.55
28/11/2017,-280,-37200000,135(0.37 %),100,13690000,380,50890000,72893690,17.55
29/11/2017,0,0,144.4(6.96 %),0,0,0,0,72894390,17.55
30/11/2017,-9300,-1436850000,154(6.65 %),700,108150000,10000,1545000000,72893890,17.55
01/12/2017,-11900,-1783840000,151(-1.95 %),0,0,11900,1783840000,72894270,17.55
04/12/2017,-880,-132900000,150.2(-0.53 %),130,19710000,1010,152610000,72894140,17.55
05/12/2017,4230,633040000,147(-2.13 %),5030,753200000,800,120160000,72899110,17.55
06/12/2017,-11390,-1596970000,137(-6.80 %),0,0,11390,1596970000,72911010,17.55
07/12/2017,-7100,-985470000,137(0.00 %),310,42810000,7410,1028280000,72911710,17.55
08/12/2017,-730,-95840000,131.8(-3.80 %),0,0,730,95840000,72912510,17.55
11/12/2017,5610,684330000,123(-6.68 %),6870,845060000,1260,160730000,72917030,17.54
12/12/2017,-18380,-2418890000,131.6(6.99 %),50,6500000,18430,2425390000,72924390,17.54
13/12/2017,-3230,-435550000,135(2.58 %),1310,176850000,4540,612400000,72923810,17.54
14/12/2017,-130,-17290000,135(0.00 %),0,0,130,17290000,72925070,17.54
15/12/2017,-5000,-683500000,136(0.74 %),0,0,5000,683500000,72943500,17.53
18/12/2017,-4310,-594450000,136(0.00 %),1290,177550000,5600,772000000,72946750,17.53
19/12/2017,2010,263330000,130.1(-4.34 %),2010,263330000,0,0,72944870,17.53
20/12/2017,-2100,-265440000,127.4(-2.08 %),90,11320000,2190,276760000,72949780,17.53
21/12/2017,-10990,-1382940000,126.9(-0.39 %),10,1260000,11000,1384200000,72955370,17.53
22/12/2017,-9640,-1228430000,128(0.87 %),410,53200000,10050,1281630000,72954960,17.53
25/12/2017,-4150,-531250000,128(0.00 %),0,0,4150,531250000,72957150,17.53
26/12/2017,-10520,-1311240000,124(-3.12 %),0,0,10520,1311240000,72968150,17.52
27/12/2017,-12300,-1512350000,122(-1.61 %),700,86800000,13000,1599150000,72977500,17.52
28/12/2017,-7820,-970350000,124(1.64 %),180,22450000,8000,992800000,72981470,17.52
29/12/2017,-17410,-2216660000,127.6(2.90 %),0,0,17410,2216660000,72991990,17.51
02/01/2018,1100,147420000,134.4(5.33 %),1140,152700000,40,5280000,73003850,17.51
03/01/2018,30,4070000,135.5(0.82 %),30,4070000,0,0,73011820,17.5
04/01/2018,4710,662960000,142(4.80 %),4710,662960000,0,0,73024520,17.5
05/01/2018,2740,381860000,139.5(-1.76 %),2740,381860000,0,0,73021820,17.5
08/01/2018,0,0,142(1.79 %),0,0,0,0,73021820,17.5
09/01/2018,36740,5261260000,143.5(1.06 %),36790,5268410000,50,7150000,72985030,17.51
10/01/2018,15000,2207710000,147.5(2.79 %),15000,2207710000,0,0,72970030,17.52
11/01/2018,40080,6062190000,152(3.05 %),40130,6069570000,50,7380000,72929900,17.54
12/01/2018,1980,298470000,150(-1.32 %),1980,298470000,0,0,72927970,17.54
15/01/2018,100,15020000,148.5(-1.00 %),100,15020000,0,0,72927870,17.54
16/01/2018,67980,10167930000,149(0.34 %),80000,11953470000,12020,1785540000,72847920,17.57
17/01/2018,50000,7449710000,148.9(-0.07 %),50000,7449710000,0,0,72797920,17.59
18/01/2018,29080,4307600000,148(-0.60 %),30200,4473360000,1120,165760000,72767720,17.61
19/01/2018,25000,3689720000,147(-0.68 %),25000,3689720000,0,0,72754740,17.61
22/01/2018,13020,1918990000,150(2.04 %),13020,1918990000,0,0,72741720,17.62
25/01/2018,6090,969460000,160.5(7.00 %),6090,969460000,0,0,72736750,17.62
26/01/2018,4210,721710000,167.6(4.42 %),5740,981810000,1530,260100000,72731010,17.62
29/01/2018,-1560,-259990000,163(-2.74 %),30,4940000,1590,264930000,72730980,17.62
30/01/2018,1280,210380000,157.5(-3.37 %),3370,540200000,2090,329820000,72727610,17.62
31/01/2018,0,0,154(-2.22 %),0,0,0,0,72729140,17.62
01/02/2018,50,7410000,147.9(-3.96 %),50,7410000,0,0,72730680,17.62
02/02/2018,-60,-8970000,149.5(1.08 %),0,0,60,8970000,72732770,17.62
05/02/2018,0,0,142(-5.02 %),0,0,0,0,72732770,17.62
06/02/2018,-8430,-1123180000,135(-4.93 %),0,0,8430,1123180000,72732770,17.62
07/02/2018,-6730,-932180000,137(1.48 %),0,0,6730,932180000,72732830,17.62
08/02/2018,10,1370000,138(0.73 %),10,1370000,0,0,72732820,17.62
09/02/2018,0,0,138.6(0.43 %),0,0,0,0,72741250,17.62
12/02/2018,0,0,148.3(7.00 %),0,0,0,0,72747980,17.62
13/02/2018,350,53150000,149.5(0.81 %),350,53150000,0,0,72747630,17.62
21/02/2018,1050,165650000,154(3.01 %),1050,165650000,0,0,72746580,17.62
22/02/2018,1000,157000000,148.6(-3.51 %),1000,157000000,0,0,72745580,17.62
23/02/2018,0,0,150.2(1.08 %),0,0,0,0,72745580,17.62
26/02/2018,-6360,-942000000,151.5(0.87 %),0,0,6360,942000000,72745580,17.62
27/02/2018,1000,146300000,147.2(-2.84 %),1000,146300000,0,0,72744580,17.62
28/02/2018,1000,149900000,147.2(0.00 %),1000,149900000,0,0,72743580,17.62
01/03/2018,0,0,147(-0.14 %),0,0,0,0,72749940,17.62
02/03/2018,0,0,148(0.68 %),0,0,0,0,72749940,17.62
05/03/2018,1000,145000000,148(0.00 %),1000,145000000,0,0,72748940,17.62
06/03/2018,0,0,144.3(-2.50 %),0,0,0,0,72748940,17.62
07/03/2018,0,0,144.7(0.28 %),0,0,0,0,72748940,17.62
08/03/2018,-10,-1450000,144.5(-0.14 %),1000,142100000,1010,143550000,72747940,17.62
09/03/2018,-6580,-921440000,140.1(-3.04 %),1000,140500000,7580,1061940000,72746940,17.62
12/03/2018,-1990,-273850000,140(-0.07 %),10,1380000,2000,275230000,72746930,17.62
13/03/2018,10,1390000,140(0.00 %),10,1390000,0,0,72747930,17.62
14/03/2018,-570,-78950000,138.5(-1.07 %),0,0,570,78950000,72755510,17.61
15/03/2018,150,20250000,137(-1.08 %),160,21620000,10,1370000,72757350,17.61
16/03/2018,-18180,-2438420000,134(-2.19 %),2210,296800000,20390,2735220000,72755140,17.61
19/03/2018,-300,-39900000,132(-1.49 %),110,14640000,410,54540000,72755600,17.61
20/03/2018,200,26960000,135(2.27 %),630,84920000,430,57960000,72754980,17.61
21/03/2018,1310,178740000,134(-0.74 %),1310,178740000,0,0,72774060,17.6
22/03/2018,660,89080000,136(1.49 %),660,89080000,0,0,72773810,17.6
23/03/2018,-600,-78950000,133.9(-1.54 %),400,52900000,1000,131850000,72773840,17.6
26/03/2018,-1020,-134210000,132.5(-1.05 %),1080,142450000,2100,276660000,72772760,17.61
27/03/2018,210,27910000,132.9(0.30 %),210,27910000,0,0,72772550,17.61
28/03/2018,-180,-23910000,131.6(-0.98 %),640,84170000,820,108080000,72772910,17.61
29/03/2018,970,124340000,128(-2.74 %),970,124340000,0,0,72774040,17.6
30/03/2018,2600,335700000,129.5(1.17 %),2600,335700000,0,0,72771440,17.61
02/04/2018,-1110,-141560000,128.5(-0.77 %),1010,129930000,2120,271490000,72771250,17.61
03/04/2018,190,24210000,127(-1.17 %),190,24210000,0,0,72771060,17.61
04/04/2018,130,16480000,126.1(-0.71 %),130,16480000,0,0,72770930,17.61
05/04/2018,0,0,123.7(-1.90 %),0,0,0,0,72773050,17.61
06/04/2018,-1000,-121540000,121.8(-1.54 %),0,0,1000,121540000,72773050,17.61
09/04/2018,-10,-1230000,121(-0.66 %),0,0,10,1230000,72773050,17.61
10/04/2018,230,27700000,121(0.00 %),230,27700000,0,0,72772820,17.61
11/04/2018,-1750,-211200000,120(-0.83 %),130,15600000,1880,226800000,72773690,17.6
12/04/2018,-500,-60650000,117.4(-2.17 %),0,0,500,60650000,72773700,17.6
13/04/2018,-50,-5900000,119.9(2.13 %),0,0,50,5900000,72773700,17.6
16/04/2018,0,0,116(-3.25 %),0,0,0,0,72775580,17.6
17/04/2018,0,0,116.5(0.43 %),0,0,0,0,72776080,17.6
18/04/2018,0,0,115.5(-0.86 %),0,0,0,0,72776130,17.6
19/04/2018,10,1150000,114(-1.30 %),10,1150000,0,0,72776120,17.6
20/04/2018,-1380,-150980000,117.9(3.42 %),290,31060000,1670,182040000,72775830,17.6
23/04/2018,-150,-16760000,109.7(-6.96 %),0,0,150,16760000,72775830,17.6
24/04/2018,0,0,104(-5.20 %),0,0,0,0,72775830,17.6
26/04/2018,-80,-7860000,99(-4.81 %),0,0,80,7860000,72777500,17.6
27/04/2018,0,0,104.5(5.56 %),0,0,0,0,72777650,17.6
02/05/2018,140,14760000,105(0.48 %),140,14760000,0,0,72777510,17.6
03/05/2018,130,13730000,103(-1.90 %),200,20600000,70,6870000,72777390,17.6
04/05/2018,0,0,108(4.85 %),0,0,0,0,72777390,17.6
07/05/2018,100,10500000,112(3.70 %),100,10500000,0,0,72777290,17.6
08/05/2018,0,0,112(0.00 %),0,0,0,0,72777360,17.6
09/05/2018,220,24880000,107(-4.46 %),220,24880000,0,0,72777140,17.6
10/05/2018,0,0,105(-1.87 %),0,0,0,0,72777140,17.6
11/05/2018,0,0,105.9(0.86 %),0,0,0,0,72777140,17.6
14/05/2018,0,0,108.8(2.74 %),0,0,0,0,72777140,17.6
15/05/2018,10,1100000,111(2.02 %),10,1100000,0,0,72777130,17.6
16/05/2018,50,5670000,111(0.00 %),50,5670000,0,0,72777080,17.6
17/05/2018,0,0,105.5(-4.95 %),0,0,0,0,72777080,17.6
18/05/2018,20,2100000,109(3.32 %),30,3150000,10,1050000,72777050,17.6
21/05/2018,0,0,114(4.59 %),0,0,0,0,72777050,17.6
22/05/2018,0,0,107(-6.14 %),0,0,0,0,72777050,17.6
23/05/2018,0,0,108.8(1.68 %),0,0,0,0,72777060,17.6
24/05/2018,150,16070000,108.9(0.09 %),150,16070000,0,0,72776910,17.6
25/05/2018,20,2230000,108(-0.83 %),20,2230000,0,0,72776890,17.6
28/05/2018,10,1040000,104.7(-3.06 %),10,1040000,0,0,72776880,17.6
29/05/2018,0,0,104.9(0.19 %),0,0,0,0,72776880,17.6
30/05/2018,10,1000000,104.7(-0.19 %),10,1000000,0,0,72776870,17.6
31/05/2018,0,0,104(-0.67 %),0,0,0,0,72776870,17.6
01/06/2018,0,0,103.9(-0.10 %),0,0,0,0,72776870,17.6
04/06/2018,0,0,108.8(4.72 %),0,0,0,0,72776870,17.6
05/06/2018,-670,-72900000,108.9(0.09 %),0,0,670,72900000,72776870,17.6
06/06/2018,0,0,110.7(1.65 %),0,0,0,0,72776870,17.6
07/06/2018,90,9900000,110(-0.63 %),90,9900000,0,0,72776780,17.6
08/06/2018,0,0,109.9(-0.09 %),0,0,0,0,72777450,17.6
11/06/2018,0,0,114(3.73 %),0,0,0,0,72777450,17.6
12/06/2018,0,0,111(-2.63 %),0,0,0,0,72777450,17.6
13/06/2018,0,0,112.5(1.35 %),0,0,0,0,72777450,17.6
14/06/2018,0,0,112.2(-0.27 %),0,0,0,0,72777450,17.6
15/06/2018,0,0,111(-1.07 %),0,0,0,0,72777450,17.6
18/06/2018,0,0,112.8(1.62 %),0,0,0,0,72777450,17.6
19/06/2018,10,1050000,105(-6.91 %),10,1050000,0,0,72777440,17.6
20/06/2018,0,0,105(0.00 %),0,0,0,0,72777440,17.6
21/06/2018,0,0,106(0.95 %),0,0,0,0,72777440,17.6
22/06/2018,0,0,105.9(-0.09 %),0,0,0,0,72777440,17.6
25/06/2018,10,1010000,101.1(-4.53 %),10,1010000,0,0,72777430,17.6
26/06/2018,0,0,103.9(2.77 %),0,0,0,0,72777430,17.6
27/06/2018,0,0,98.3(-5.39 %),0,0,0,0,72777430,17.6
28/06/2018,10,970000,97(-1.32 %),10,970000,0,0,72777420,17.6
29/06/2018,20,1830000,91.5(-5.67 %),20,1830000,0,0,72777400,17.6
02/07/2018,0,0,91.5(0.00 %),0,0,0,0,72777400,17.6
03/07/2018,220,19180000,93(1.64 %),220,19180000,0,0,72777180,17.6
04/07/2018,0,0,86.5(-6.99 %),0,0,0,0,72777180,17.6
05/07/2018,30,2600000,81.1(-6.24 %),30,2600000,0,0,72777150,17.6
06/07/2018,110,9190000,75.6(-6.78 %),110,9190000,0,0,72777040,17.6
09/07/2018,0,0,80.8(6.88 %),0,0,0,0,72777040,17.6
10/07/2018,0,0,86.4(6.93 %),0,0,0,0,72777040,17.6
11/07/2018,200,17030000,83.1(-3.82 %),200,17030000,0,0,72776840,17.6
12/07/2018,0,0,84(1.08 %),0,0,0,0,72776840,17.6
13/07/2018,200,17100000,84(0.00 %),200,17100000,0,0,72776640,17.6
16/07/2018,0,0,83.9(-0.12 %),0,0,0,0,72776640,17.6
17/07/2018,0,0,83(-1.07 %),0,0,0,0,72776640,17.6
18/07/2018,500,41750000,84(1.20 %),500,41750000,0,0,72776140,17.6
19/07/2018,0,0,89.8(6.90 %),0,0,0,0,72776140,17.6
20/07/2018,0,0,85.2(-5.12 %),0,0,0,0,72776140,17.6
23/07/2018,0,0,85.5(0.35 %),0,0,0,0,72776140,17.6
24/07/2018,0,0,85.9(0.47 %),0,0,0,0,72776140,17.6
25/07/2018,0,0,82.2(-4.31 %),0,0,0,0,72776140,17.6
26/07/2018,-1000,-82320000,82.2(0.00 %),0,0,1000,82320000,72776140,17.6
27/07/2018,500,41500000,84(2.19 %),500,41500000,0,0,72775640,17.6
30/07/2018,0,0,85.6(1.90 %),0,0,0,0,72775640,17.6
31/07/2018,20,1652000,82.6(-3.50 %),20,1652000,0,0,72775620,17.6
01/08/2018,0,0,83.1(0.61 %),0,0,0,0,73259160,17.4
02/08/2018,0,0,87.2(4.93 %),0,0,0,0,73259160,17.4
03/08/2018,0,0,86.5(-0.80 %),0,0,0,0,73259160,17.4
06/08/2018,-120,-10056000,83.8(-3.12 %),10,838000,130,10894000,73259280,17.4
07/08/2018,0,0,85.9(2.51 %),0,0,0,0,73259280,17.4
08/08/2018,0,0,85.9(0.00 %),0,0,0,0,73259280,17.4
09/08/2018,0,0,83(-3.38 %),0,0,0,0,73259280,17.4
10/08/2018,10,850000,83.2(0.24 %),10,850000,0,0,72776730,17.6
13/08/2018,0,0,82.2(-1.20 %),0,0,0,0,72776730,17.6
14/08/2018,30,2490000,83(0.97 %),30,2490000,0,0,72776700,17.6
15/08/2018,0,0,83(0.00 %),0,0,0,0,72776700,17.6
16/08/2018,320,26560000,80.7(-2.77 %),320,26560000,0,0,72776380,17.6
17/08/2018,0,0,83(2.85 %),0,0,0,0,72776380,17.6
20/08/2018,0,0,83(0.00 %),0,0,0,0,72776380,17.6
21/08/2018,0,0,82(-1.20 %),0,0,0,0,72776380,17.6
22/08/2018,0,0,81.9(-0.12 %),0,0,0,0,72776380,17.6
23/08/2018,0,0,81(-1.10 %),0,0,0,0,72776380,17.6
24/08/2018,0,0,81.1(0.12 %),0,0,0,0,72776380,17.6
27/08/2018,0,0,81.6(0.62 %),0,0,0,0,72776380,17.6
28/08/2018,1400,115980000,83.8(2.70 %),1400,115980000,0,0,72774980,17.6
29/08/2018,0,0,84.9(1.31 %),0,0,0,0,72774980,17.6
30/08/2018,0,0,84.9(0.00 %),0,0,0,0,72774980,17.6
31/08/2018,100,8470000,84(-1.06 %),100,8470000,0,0,72774880,17.6
04/09/2018,0,0,81.5(-2.98 %),0,0,0,0,73259160,17.4
05/09/2018,0,0,81(-0.61 %),0,0,0,0,73259160,17.4
06/09/2018,0,0,81(0.00 %),0,0,0,0,73259160,17.4
07/09/2018,0,0,83.3(2.84 %),0,0,0,0,73259160,17.4
10/09/2018,100,8100000,83.3(0.00 %),100,8100000,0,0,72774780,17.6
11/09/2018,100,8390000,83.5(0.24 %),100,8390000,0,0,72774680,17.6
12/09/2018,100,8400000,83.6(0.12 %),100,8400000,0,0,72774580,17.6
13/09/2018,0,0,82.4(-1.44 %),0,0,0,0,72774580,17.6
14/09/2018,0,0,84.4(2.43 %),0,0,0,0,72774580,17.6
17/09/2018,0,0,84.4(0.00 %),0,0,0,0,72774580,17.6
18/09/2018,0,0,83(-1.66 %),0,0,0,0,72774580,17.6
19/09/2018,500,41500000,83(0.00 %),500,41500000,0,0,72774080,17.6
20/09/2018,80,6704000,83.1(0.12 %),80,6704000,0,0,72774000,17.6
21/09/2018,0,0,83(-0.12 %),0,0,0,0,72774000,17.6
24/09/2018,0,0,83.5(0.60 %),0,0,0,0,72774000,17.6
25/09/2018,0,0,85(1.80 %),0,0,0,0,72774000,17.6
26/09/2018,0,0,86(1.18 %),0,0,0,0,72774000,17.6
27/09/2018,-20,-1732000,86.6(0.70 %),0,0,20,1732000,72774020,17.6
28/09/2018,-20,-2000000,86(-0.69 %),80,6880000,100,8880000,72774040,17.6
01/10/2018,0,0,86.8(0.93 %),0,0,0,0,72773830,17.6
02/10/2018,0,0,90.2(3.92 %),0,0,0,0,72773830,17.6
03/10/2018,0,0,92.7(2.77 %),0,0,0,0,72773830,17.6
04/10/2018,0,0,91.9(-0.86 %),0,0,0,0,72773830,17.6
05/10/2018,0,0,90(-2.07 %),0,0,0,0,72773830,17.6
08/10/2018,0,0,90(0.00 %),0,0,0,0,72773830,17.6
09/10/2018,0,0,90(0.00 %),0,0,0,0,72773950,17.6
10/10/2018,0,0,88.1(-2.11 %),0,0,0,0,72773950,17.6
11/10/2018,0,0,82(-6.92 %),0,0,0,0,72773950,17.6
12/10/2018,0,0,85.8(4.63 %),0,0,0,0,72773950,17.6
15/10/2018,30,2580000,85(-0.93 %),30,2580000,0,0,72773920,17.6
16/10/2018,0,0,84.9(-0.12 %),0,0,0,0,72773920,17.6
17/10/2018,0,0,87.5(3.06 %),0,0,0,0,72773920,17.6
18/10/2018,0,0,83.7(-4.34 %),0,0,0,0,72773920,17.6
19/10/2018,0,0,85.1(1.67 %),0,0,0,0,72773920,17.6
22/10/2018,-200,-17680000,88.4(3.88 %),0,0,200,17680000,72774120,17.6
23/10/2018,-500,-41752000,88(-0.45 %),0,0,500,41752000,72774620,17.6
24/10/2018,100,9000000,88.4(0.45 %),100,9000000,0,0,72774520,17.6
25/10/2018,0,0,83(-6.11 %),0,0,0,0,72774520,17.6
26/10/2018,0,0,85(2.41 %),0,0,0,0,72774520,17.6
29/10/2018,0,0,84.1(-1.06 %),0,0,0,0,72774520,17.6
30/10/2018,0,0,84.9(0.95 %),0,0,0,0,72774520,17.6
31/10/2018,0,0,82.2(-3.18 %),0,0,0,0,72774520,17.6
01/11/2018,0,0,86.5(5.23 %),0,0,0,0,72774520,17.6
02/11/2018,0,0,85.1(-1.62 %),0,0,0,0,72774520,17.6
05/11/2018,0,0,83(-2.47 %),0,0,0,0,72774520,17.6
06/11/2018,0,0,83.5(0.60 %),0,0,0,0,72774520,17.6
07/11/2018,0,0,83(-0.60 %),0,0,0,0,72774520,17.6
08/11/2018,10,848000,84.3(1.57 %),10,848000,0,0,72774510,17.6
09/11/2018,0,0,83(-1.54 %),0,0,0,0,72774510,17.6
12/11/2018,0,0,83.5(0.60 %),0,0,0,0,72774510,17.6
13/11/2018,10,850000,85(1.80 %),10,850000,0,0,72774500,17.6
14/11/2018,0,0,83.1(-2.24 %),0,0,0,0,72774500,17.6
15/11/2018,90,7474000,83(-0.12 %),90,7474000,0,0,72774410,17.6
16/11/2018,0,0,82.7(-0.36 %),0,0,0,0,72774410,17.6
19/11/2018,0,0,84(1.57 %),0,0,0,0,72774410,17.6
20/11/2018,0,0,82.7(-1.55 %),0,0,0,0,72774410,17.6
21/11/2018,0,0,83(0.36 %),0,0,0,0,72774410,17.6
22/11/2018,0,0,83(0.00 %),0,0,0,0,72774410,17.6
23/11/2018,0,0,82.4(-0.72 %),0,0,0,0,72774410,17.6
26/11/2018,-200,-16460000,83(0.73 %),0,0,200,16460000,72774610,17.6
27/11/2018,0,0,84(1.20 %),0,0,0,0,72774610,17.6
28/11/2018,0,0,82.2(-2.14 %),0,0,0,0,72774610,17.6
29/11/2018,500,42800000,83(0.97 %),500,42800000,0,0,72774110,17.6
30/11/2018,280,23660000,82.5(-0.60 %),280,23660000,0,0,72773830,17.6
03/12/2018,0,0,82(-0.61 %),0,0,0,0,72773830,17.6
04/12/2018,0,0,85.3(4.02 %),0,0,0,0,72773830,17.6
05/12/2018,0,0,85(-0.35 %),0,0,0,0,72773830,17.6
06/12/2018,0,0,81.8(-3.76 %),0,0,0,0,72773830,17.6
07/12/2018,0,0,83(1.47 %),0,0,0,0,72773830,17.6
10/12/2018,30,2520000,84(1.20 %),30,2520000,0,0,72773800,17.6
11/12/2018,0,0,82.2(-2.14 %),0,0,0,0,72773800,17.6
12/12/2018,0,0,82.5(0.36 %),0,0,0,0,72773800,17.6
13/12/2018,0,0,82.5(0.00 %),0,0,0,0,72773800,17.6
14/12/2018,0,0,82.2(-0.36 %),0,0,0,0,72773800,17.6
17/12/2018,0,0,80.5(-2.07 %),0,0,0,0,72773800,17.6
18/12/2018,0,0,80(-0.62 %),0,0,0,0,72773800,17.6
19/12/2018,0,0,83.9(4.88 %),0,0,0,0,72773800,17.6
20/12/2018,0,0,80(-4.65 %),0,0,0,0,72773800,17.6
21/12/2018,0,0,80(0.00 %),0,0,0,0,72773800,17.6
24/12/2018,0,0,82.4(3.00 %),0,0,0,0,72773800,17.6
25/12/2018,0,0,82.4(0.00 %),0,0,0,0,72773800,17.6
26/12/2018,0,0,82.3(-0.12 %),0,0,0,0,72773800,17.6
27/12/2018,0,0,81(-1.58 %),0,0,0,0,72773800,17.6
28/12/2018,0,0,81(0.00 %),0,0,0,0,72773800,17.6
02/01/2019,0,0,81(0.00 %),0,0,0,0,72773800,17.6
03/01/2019,0,0,80.1(-1.11 %),0,0,0,0,72773800,17.6
04/01/2019,0,0,81(1.12 %),0,0,0,0,72773800,17.6
07/01/2019,0,0,81(0.00 %),0,0,0,0,72773800,17.6
08/01/2019,0,0,83.3(2.84 %),0,0,0,0,72773800,17.6
09/01/2019,0,0,83.3(0.00 %),0,0,0,0,72773800,17.6
10/01/2019,0,0,83.3(0.00 %),0,0,0,0,72773800,17.6
11/01/2019,0,0,83.3(0.00 %),0,0,0,0,72773800,17.6
14/01/2019,860,70450000,82.5(-0.96 %),1000,82000000,140,11550000,72772940,17.61
15/01/2019,0,0,83.2(0.85 %),0,0,0,0,72772940,17.61
16/01/2019,0,0,83.2(0.00 %),0,0,0,0,72772940,17.61
17/01/2019,0,0,83.2(0.00 %),0,0,0,0,72772940,17.61
18/01/2019,0,0,80(-3.85 %),0,0,0,0,72772940,17.61
21/01/2019,50,3940000,82.3(2.88 %),50,3940000,0,0,72772890,17.61
22/01/2019,0,0,82.3(0.00 %),0,0,0,0,72772890,17.61
23/01/2019,-90,-7400000,80.8(-1.82 %),0,0,90,7400000,72772890,17.61
24/01/2019,0,0,80.4(-0.50 %),0,0,0,0,72772980,17.61
25/01/2019,-60,-4824000,80.4(0.00 %),0,0,60,4824000,72773040,17.61
28/01/2019,-100,-8030000,80(-0.50 %),0,0,100,8030000,72773140,17.61
29/01/2019,0,0,80(0.00 %),0,0,0,0,72773140,17.61
30/01/2019,450,35960000,80.8(1.00 %),500,40000000,50,4040000,72772690,17.61
31/01/2019,0,0,78.5(-2.85 %),0,0,0,0,72772690,17.61
01/02/2019,0,0,83.9(6.88 %),0,0,0,0,72772640,17.61
11/02/2019,120,9924000,79.1(-5.72 %),120,9924000,0,0,72772520,17.61
12/02/2019,-60,-4900000,81.6(3.16 %),0,0,60,4900000,72772570,17.61
13/02/2019,0,0,82.2(0.74 %),0,0,0,0,72772580,17.61
14/02/2019,0,0,82.2(0.00 %),0,0,0,0,72772580,17.61
15/02/2019,20,1660000,82.6(0.49 %),20,1660000,0,0,72772610,17.61
18/02/2019,-10,-822000,82.2(-0.48 %),0,0,10,822000,72772570,17.61
19/02/2019,0,0,81(-1.46 %),0,0,0,0,72772610,17.61
20/02/2019,0,0,80.8(-0.25 %),0,0,0,0,72772610,17.61
21/02/2019,-170,-13804000,80.8(0.00 %),0,0,170,13804000,72772740,17.61
22/02/2019,0,0,80.8(0.00 %),0,0,0,0,72772740,17.61
25/02/2019,-470,-38006000,80.1(-0.87 %),30,2394000,500,40400000,72773210,17.61
26/02/2019,-50,-4010000,80(-0.12 %),0,0,50,4010000,72772760,17.61
27/02/2019,-400,-32000000,79.5(-0.62 %),0,0,400,32000000,72773660,17.6
28/02/2019,-220,-17600000,79.9(0.50 %),0,0,220,17600000,72773880,17.6
01/03/2019,-360,-28770000,80(0.13 %),0,0,360,28770000,72773310,17.61
04/03/2019,200,15940000,80(0.00 %),200,15940000,0,0,72773510,17.61
05/03/2019,0,0,80.9(1.12 %),0,0,0,0,72773730,17.6
06/03/2019,270,21600000,80.6(-0.37 %),270,21600000,0,0,72773820,17.6
07/03/2019,100,8000000,80.5(-0.12 %),100,8000000,0,0,72773720,17.6
08/03/2019,1000,80000000,79.7(-0.99 %),1000,80000000,0,0,72772720,17.61
11/03/2019,300,23910000,82.9(4.02 %),300,23910000,0,0,72772420,17.61
12/03/2019,400,32800000,82.3(-0.72 %),400,32800000,0,0,72772020,17.61
13/03/2019,0,0,82(-0.36 %),0,0,0,0,72772020,17.61
14/03/2019,0,0,82(0.00 %),0,0,0,0,72772020,17.61
15/03/2019,0,0,80.3(-2.07 %),0,0,0,0,72772020,17.61
18/03/2019,500,41000000,82(2.12 %),500,41000000,0,0,72771520,17.61
19/03/2019,0,0,82.5(0.61 %),0,0,0,0,72771520,17.61
20/03/2019,120,9840000,82(-0.61 %),120,9840000,0,0,72771400,17.61
21/03/2019,0,0,82(0.00 %),0,0,0,0,72771400,17.61
22/03/2019,-260,-20862000,82.1(0.12 %),0,0,260,20862000,72770680,17.61
25/03/2019,0,0,82(-0.12 %),0,0,0,0,72771400,17.61
26/03/2019,0,0,82(0.00 %),0,0,0,0,72771400,17.61
27/03/2019,0,0,81.1(-1.10 %),0,0,0,0,72771660,17.61
28/03/2019,0,0,83.3(2.71 %),0,0,0,0,72771660,17.61
29/03/2019,0,0,82(-1.56 %),0,0,0,0,72771660,17.61
01/04/2019,0,0,82.5(0.61 %),0,0,0,0,72771660,17.61
02/04/2019,0,0,82.9(0.48 %),0,0,0,0,72771660,17.61
03/04/2019,0,0,82(-1.09 %),0,0,0,0,72771660,17.61
04/04/2019,0,0,81(-1.22 %),0,0,0,0,72771660,17.61
05/04/2019,0,0,82(1.23 %),0,0,0,0,72771660,17.61
08/04/2019,100,8240000,82.4(0.49 %),100,8240000,0,0,72771560,17.61
09/04/2019,0,0,82(-0.49 %),0,0,0,0,72771560,17.61
10/04/2019,0,0,82.2(0.24 %),0,0,0,0,72771560,17.61
11/04/2019,0,0,81.5(-0.85 %),0,0,0,0,72771560,17.61
12/04/2019,0,0,82.4(1.10 %),0,0,0,0,72771560,17.61
16/04/2019,0,0,82.4(0.00 %),0,0,0,0,72771560,17.61
17/04/2019,-10,-790000,81.9(-0.61 %),10,820000,20,1610000,72771570,17.61
18/04/2019,0,0,81.9(0.00 %),0,0,0,0,72771570,17.61
19/04/2019,0,0,81.9(0.00 %),0,0,0,0,72771570,17.61
22/04/2019,0,0,80.1(-2.20 %),0,0,0,0,72771570,17.61
23/04/2019,10,820000,81.5(1.75 %),10,820000,0,0,72771560,17.61
24/04/2019,-250,-20500000,82(0.61 %),0,0,250,20500000,72771810,17.61
25/04/2019,0,0,82(0.00 %),0,0,0,0,72771810,17.61
26/04/2019,0,0,82(0.00 %),0,0,0,0,72771810,17.61
02/05/2019,0,0,82(0.00 %),0,0,0,0,72771810,17.61
03/05/2019,20,1660000,82(0.00 %),20,1660000,0,0,72771790,17.61
06/05/2019,30,2490000,83(1.22 %),30,2490000,0,0,72771760,17.61
07/05/2019,40,3320000,84(1.20 %),40,3320000,0,0,72771720,17.61
08/05/2019,10,840000,84(0.00 %),10,840000,0,0,72771710,17.61
09/05/2019,70,7120000,84(0.00 %),770,63120000,700,56000000,72771640,17.61
10/05/2019,10,860000,84.7(0.83 %),10,860000,0,0,72771630,17.61
13/05/2019,-20,-1680000,85(0.35 %),10,860000,30,2540000,72770920,17.61
14/05/2019,-20,-1700000,85(0.00 %),0,0,20,1700000,72771670,17.61
15/05/2019,210,18060000,89(4.71 %),210,18060000,0,0,72771460,17.61
16/05/2019,0,0,92.6(4.04 %),0,0,0,0,72771460,17.61
17/05/2019,-130,-12200000,93.2(0.65 %),410,38130000,540,50330000,72771050,17.61
20/05/2019,0,0,98(5.15 %),0,0,0,0,72771050,17.61
21/05/2019,-1070,-110090000,104.8(6.94 %),100,10200000,1170,120290000,72770950,17.61
22/05/2019,90,10120000,108.1(3.15 %),100,11200000,10,1080000,72771390,17.61
23/05/2019,100,10990000,109(0.83 %),100,10990000,0,0,72771290,17.61
24/05/2019,0,0,105(-3.67 %),0,0,0,0,72772460,17.61
27/05/2019,10,1030000,103.6(-1.33 %),10,1030000,0,0,72772460,17.61
28/05/2019,0,0,106.4(2.70 %),0,0,0,0,72772460,17.61
29/05/2019,-300,-29700000,99(-6.95 %),0,0,300,29700000,72772460,17.61
30/05/2019,0,0,99(0.00 %),0,0,0,0,72772460,17.61
31/05/2019,0,0,98(-1.01 %),0,0,0,0,72772460,17.61
03/06/2019,7520,736960000,99(1.02 %),7520,736960000,0,0,72765240,17.61
04/06/2019,9990,998970000,102.8(3.84 %),10000,1000000000,10,1030000,72755250,17.61
05/06/2019,0,0,99.1(-3.60 %),0,0,0,0,72755250,17.61
06/06/2019,0,0,103(3.94 %),0,0,0,0,72755250,17.61
07/06/2019,0,0,97(-5.83 %),0,0,0,0,72755250,17.61
10/06/2019,-400,-39194000,98(1.03 %),0,0,400,39194000,72755650,17.61
11/06/2019,0,0,101.8(3.88 %),0,0,0,0,72755650,17.61
12/06/2019,0,0,101(-0.79 %),0,0,0,0,72755650,17.61
13/06/2019,0,0,101(0.00 %),0,0,0,0,72755650,17.61
14/06/2019,0,0,100(-0.99 %),0,0,0,0,72755650,17.61
17/06/2019,0,0,99.8(-0.20 %),0,0,0,0,72755650,17.61
18/06/2019,0,0,98(-1.80 %),0,0,0,0,72755650,17.61
19/06/2019,0,0,93.2(-4.90 %),0,0,0,0,72755650,17.61
20/06/2019,0,0,92(-1.29 %),0,0,0,0,72755650,17.61
21/06/2019,0,0,94(2.17 %),0,0,0,0,72755650,17.61
24/06/2019,0,0,92.7(-1.38 %),0,0,0,0,72755650,17.61
25/06/2019,0,0,90(-2.91 %),0,0,0,0,72755650,17.61
26/06/2019,0,0,89(-1.11 %),0,0,0,0,72755650,17.61
27/06/2019,0,0,88.8(-0.22 %),0,0,0,0,72755650,17.61
28/06/2019,0,0,95(6.98 %),0,0,0,0,72755650,17.61
01/07/2019,0,0,93(-2.11 %),0,0,0,0,72755650,17.61
02/07/2019,0,0,92.9(-0.11 %),0,0,0,0,72755650,17.61
03/07/2019,0,0,92.9(0.00 %),0,0,0,0,72755650,17.61
04/07/2019,0,0,92.9(0.00 %),0,0,0,0,72755650,17.61
05/07/2019,0,0,92(-0.97 %),0,0,0,0,72755650,17.61
08/07/2019,-10,-920000,92(0.00 %),20,1840000,30,2760000,72755660,17.61
09/07/2019,0,0,92(0.00 %),0,0,0,0,72755660,17.61
10/07/2019,0,0,91(-1.09 %),0,0,0,0,72755660,17.61
11/07/2019,0,0,92(1.10 %),0,0,0,0,72755660,17.61
12/07/2019,0,0,90.9(-1.20 %),0,0,0,0,72755660,17.61
15/07/2019,-100,-9500000,94(3.41 %),0,0,100,9500000,72755760,17.61
16/07/2019,0,0,97(3.19 %),0,0,0,0,72755760,17.61
17/07/2019,10,933000,93.3(-3.81 %),10,933000,0,0,72755750,17.61
18/07/2019,0,0,93(-0.32 %),0,0,0,0,72755750,17.61
19/07/2019,0,0,94(1.08 %),0,0,0,0,72755750,17.61
22/07/2019,-3040,-282710000,92.9(-1.17 %),40,3730000,3080,286440000,72755710,17.61
23/07/2019,0,0,92.9(0.00 %),0,0,0,0,72758790,17.61
24/07/2019,0,0,94(1.18 %),0,0,0,0,72758790,17.61
25/07/2019,0,0,94.8(0.85 %),0,0,0,0,72758790,17.61
26/07/2019,0,0,93(-1.90 %),0,0,0,0,72758790,17.61
29/07/2019,0,0,93(0.00 %),0,0,0,0,72758790,17.61
30/07/2019,20,1860000,92(-1.08 %),20,1860000,0,0,72758770,17.61
31/07/2019,0,0,93(1.09 %),0,0,0,0,72758770,17.61
01/08/2019,0,0,94(1.08 %),0,0,0,0,72758770,17.61
02/08/2019,0,0,94(0.00 %),0,0,0,0,72758770,17.61
05/08/2019,-90,-8430000,93.8(-0.21 %),10,900000,100,9330000,72758760,17.61
06/08/2019,-9750,-927540000,95(1.28 %),0,0,9750,927540000,72758760,17.61
07/08/2019,0,0,95(0.00 %),0,0,0,0,72768610,17.61
08/08/2019,-970,-91653000,94.2(-0.84 %),0,0,970,91653000,72769580,17.61
09/08/2019,0,0,93.4(-0.85 %),0,0,0,0,72769580,17.61
12/08/2019,1010,94334000,93.2(-0.21 %),1010,94334000,0,0,72768570,17.61
13/08/2019,-350,-32650000,93.4(0.21 %),0,0,350,32650000,72768920,17.61
14/08/2019,-4030,-390910000,95.1(1.82 %),0,0,4030,390910000,72768570,17.61
15/08/2019,100,9510000,95(-0.11 %),100,9510000,0,0,72772850,17.61
16/08/2019,-1720,-161860000,94(-1.05 %),100,9410000,1820,171270000,72768720,17.61
19/08/2019,0,0,93.5(-0.53 %),0,0,0,0,72774570,17.6
20/08/2019,0,0,95(1.60 %),0,0,0,0,72774570,17.6
21/08/2019,0,0,94.8(-0.21 %),0,0,0,0,72774570,17.6
22/08/2019,0,0,93.5(-1.37 %),0,0,0,0,72774570,17.6
23/08/2019,0,0,93.5(0.00 %),0,0,0,0,72774570,17.6
26/08/2019,0,0,93.5(0.00 %),0,0,0,0,72774570,17.6
27/08/2019,600,56160000,93.7(0.21 %),600,56160000,0,0,72773970,17.6
28/08/2019,0,0,93(-0.75 %),0,0,0,0,72773970,17.6
29/08/2019,300,28350000,93(0.00 %),300,28350000,0,0,72773670,17.6
30/08/2019,39220,3651933000,93(0.00 %),39220,3651933000,0,0,72734450,17.62
03/09/2019,100,9430000,94(1.08 %),100,9430000,0,0,72734450,17.62
04/09/2019,-4250,-397450000,93.5(-0.53 %),0,0,4250,397450000,72738700,17.62
05/09/2019,1110,103780000,93.7(0.21 %),1110,103780000,0,0,72733240,17.62
06/09/2019,10,880000,87(-7.15 %),10,880000,0,0,72733230,17.62
09/09/2019,40,3480000,84.1(-3.33 %),40,3480000,0,0,72737540,17.62
10/09/2019,70,5550000,84(-0.12 %),70,5550000,0,0,72737370,17.62
11/09/2019,0,0,83(-1.19 %),0,0,0,0,72737470,17.62
12/09/2019,0,0,82(-1.20 %),0,0,0,0,72737470,17.62
13/09/2019,0,0,82(0.00 %),0,0,0,0,72737470,17.62
16/09/2019,-5500,-437570000,79.3(-3.29 %),30,2390000,5530,439960000,72737340,17.62
17/09/2019,0,0,78(-1.64 %),0,0,0,0,72742970,17.62
18/09/2019,0,0,78(0.00 %),0,0,0,0,72742970,17.62
19/09/2019,0,0,79(1.28 %),0,0,0,0,72742970,17.62
20/09/2019,0,0,78.8(-0.25 %),0,0,0,0,72742970,17.62
23/09/2019,-960,-75250000,77.9(-1.14 %),50,3900000,1010,79150000,72742820,17.62
24/09/2019,-100,-7760000,76.9(-1.28 %),10,770000,110,8530000,72742810,17.62
25/09/2019,500,38230000,75.6(-1.69 %),500,38230000,0,0,72742310,17.62
26/09/2019,0,0,74.5(-1.46 %),0,0,0,0,72743530,17.62
27/09/2019,-2500,-185000000,74(-0.67 %),0,0,2500,185000000,72746030,17.62
30/09/2019,-660,-48710000,73.8(-0.27 %),210,15500000,870,64210000,72743220,17.62
01/10/2019,1490,110570000,76.3(3.39 %),1490,110570000,0,0,72741730,17.62
02/10/2019,-4170,-318170000,75(-1.70 %),130,9920000,4300,328090000,72744100,17.62
03/10/2019,0,0,74.5(-0.67 %),0,0,0,0,72747390,17.62
04/10/2019,0,0,75.4(1.21 %),0,0,0,0,72747390,17.62
07/10/2019,260,19704000,75.6(0.27 %),260,19704000,0,0,72747130,17.62
08/10/2019,0,0,76.5(1.19 %),0,0,0,0,72749010,17.62
09/10/2019,50,3820000,76(-0.65 %),50,3820000,0,0,72748960,17.62
10/10/2019,430,32860000,76.5(0.66 %),430,32860000,0,0,72748530,17.62
11/10/2019,200,15300000,76.5(0.00 %),200,15300000,0,0,72748330,17.62
14/10/2019,24180,1852000000,76.6(0.13 %),24180,1852000000,0,0,72724150,17.63
15/10/2019,0,0,74.5(-2.74 %),0,0,0,0,72724150,17.63
16/10/2019,550,41250000,75.7(1.61 %),550,41250000,0,0,72723600,17.63
17/10/2019,0,0,75.8(0.13 %),0,0,0,0,72723600,17.63
18/10/2019,0,0,76(0.26 %),0,0,0,0,72723600,17.63
21/10/2019,390,29640000,75.5(-0.66 %),390,29640000,0,0,72723210,17.63
22/10/2019,100,7110000,75.5(0.00 %),100,7110000,0,0,72723110,17.63
23/10/2019,0,0,76(0.66 %),0,0,0,0,72723110,17.63
24/10/2019,20,1520000,74.8(-1.58 %),20,1520000,0,0,72723090,17.63
25/10/2019,1670,125820000,75.2(0.53 %),1670,125820000,0,0,72721420,17.63
28/10/2019,0,0,75(-0.27 %),0,0,0,0,72721420,17.63
29/10/2019,0,0,75.2(0.27 %),0,0,0,0,72721420,17.63
30/10/2019,0,0,75.2(0.00 %),0,0,0,0,72721420,17.63
31/10/2019,20,1514000,76.5(1.73 %),20,1514000,0,0,72719520,17.63
01/11/2019,-630,-47850000,76(-0.65 %),50,3830000,680,51680000,72721350,17.63
04/11/2019,170,13230000,77.8(2.37 %),170,13230000,0,0,72721180,17.63
05/11/2019,0,0,77(-1.03 %),0,0,0,0,72721230,17.63
06/11/2019,380,29592000,78(1.30 %),380,29592000,0,0,72720850,17.63
07/11/2019,10,790000,78.1(0.13 %),10,790000,0,0,72721470,17.63
08/11/2019,-1410,-106800000,76.4(-2.18 %),90,7200000,1500,114000000,72722250,17.63
11/11/2019,0,0,76(-0.52 %),0,0,0,0,72722250,17.63
12/11/2019,-170,-12840000,75.6(-0.53 %),0,0,170,12840000,72721380,17.63
13/11/2019,10,790000,78.5(3.84 %),10,790000,0,0,72722870,17.63
14/11/2019,0,0,78.5(0.00 %),0,0,0,0,72722870,17.63
15/11/2019,-50,-3930000,78.5(0.00 %),0,0,50,3930000,72723040,17.63
18/11/2019,0,0,78.5(0.00 %),0,0,0,0,72723040,17.63
19/11/2019,0,0,78.5(0.00 %),0,0,0,0,72723040,17.63
20/11/2019,0,0,78.5(0.00 %),0,0,0,0,72723090,17.63
21/11/2019,0,0,75(-4.46 %),0,0,0,0,72723090,17.63
22/11/2019,0,0,76.7(2.27 %),0,0,0,0,72723090,17.63
25/11/2019,0,0,77.5(1.04 %),0,0,0,0,72723090,17.63
26/11/2019,0,0,77.5(0.00 %),0,0,0,0,72723090,17.63
27/11/2019,0,0,78(0.65 %),0,0,0,0,72723090,17.63
28/11/2019,-10,-784000,78.4(0.51 %),0,0,10,784000,72722470,17.63
29/11/2019,0,0,78.4(0.00 %),0,0,0,0,72723090,17.63
02/12/2019,-330,-24710000,77.4(-1.28 %),0,0,330,24710000,72723090,17.63
03/12/2019,-31550,-2425684000,76.9(-0.65 %),1270,97752000,32820,2523436000,72754640,17.61
04/12/2019,-800,-61520000,78.3(1.82 %),100,7690000,900,69210000,72755440,17.61
05/12/2019,0,0,77.9(-0.51 %),0,0,0,0,72755440,17.61
06/12/2019,90,6940000,78(0.13 %),90,6940000,0,0,72754790,17.61
09/12/2019,6700,522950000,79.7(2.18 %),6790,530020000,90,7070000,72748900,17.62
10/12/2019,80,6320000,78.7(-1.25 %),80,6320000,0,0,72748820,17.62
11/12/2019,0,0,78.9(0.25 %),0,0,0,0,72748820,17.62
12/12/2019,0,0,77.9(-1.27 %),0,0,0,0,72748910,17.62
13/12/2019,0,0,79.1(1.54 %),0,0,0,0,72748910,17.62
16/12/2019,0,0,78.7(-0.51 %),0,0,0,0,72748910,17.62
17/12/2019,90,7070000,78.5(-0.25 %),90,7070000,0,0,72748820,17.62
18/12/2019,140,10950000,77.8(-0.89 %),140,10950000,0,0,72748680,17.62
19/12/2019,0,0,77.7(-0.13 %),0,0,0,0,72748680,17.62
20/12/2019,0,0,77.5(-0.26 %),0,0,0,0,72748680,17.62
23/12/2019,0,0,77.5(0.00 %),0,0,0,0,72748680,17.62
24/12/2019,0,0,77.5(0.00 %),0,0,0,0,72748680,17.62
25/12/2019,0,0,77.5(0.00 %),0,0,0,0,72748680,17.62
26/12/2019,0,0,77.3(-0.26 %),0,0,0,0,72748680,17.62
27/12/2019,-30,-2310000,77.4(0.13 %),0,0,30,2310000,72748680,17.62
30/12/2019,0,0,77.3(-0.13 %),0,0,0,0,72748680,17.62
31/12/2019,-100,-7550000,75.6(-2.20 %),0,0,100,7550000,72748680,17.62
02/01/2020,0,0,76.1(0.66 %),0,0,0,0,72748710,17.62
03/01/2020,220,17150000,78(2.50 %),220,17150000,0,0,72748490,17.62
06/01/2020,-250,-19500000,77.9(-0.13 %),0,0,250,19500000,72748740,17.62
07/01/2020,0,0,77.6(-0.39 %),0,0,0,0,72748740,17.62
08/01/2020,0,0,77(-0.77 %),0,0,0,0,72748740,17.62
09/01/2020,0,0,75(-2.60 %),0,0,0,0,72748840,17.62
10/01/2020,0,0,74(-1.33 %),0,0,0,0,72748840,17.62
13/01/2020,0,0,73.5(-0.68 %),0,0,0,0,72748840,17.62
14/01/2020,0,0,72.5(-1.36 %),0,0,0,0,72748840,17.62
15/01/2020,0,0,73(0.69 %),0,0,0,0,72748840,17.62
16/01/2020,0,0,73(0.00 %),0,0,0,0,72748840,17.62
17/01/2020,0,0,73.9(1.23 %),0,0,0,0,72748840,17.62
20/01/2020,0,0,73.9(0.00 %),0,0,0,0,72748840,17.62
21/01/2020,0,0,71(-3.92 %),0,0,0,0,72748840,17.62
22/01/2020,0,0,72(1.41 %),0,0,0,0,72748840,17.62
30/01/2020,-370,-25531000,68.5(-4.86 %),0,0,370,25531000,72749210,17.62
31/01/2020,0,0,66(-3.65 %),0,0,0,0,72749210,17.62
03/02/2020,0,0,61.4(-6.97 %),0,0,0,0,72748840,17.62
04/02/2020,100,6020000,58.1(-5.37 %),100,6020000,0,0,72749110,17.62
05/02/2020,0,0,61(4.99 %),0,0,0,0,72749110,17.62
06/02/2020,90,5562000,61(0.00 %),90,5562000,0,0,72748650,17.62
07/02/2020,0,0,61(0.00 %),0,0,0,0,72749020,17.62
10/02/2020,0,0,63.8(4.59 %),0,0,0,0,72749020,17.62
11/02/2020,0,0,64.5(1.10 %),0,0,0,0,72749020,17.62
12/02/2020,-170,-10540000,64(-0.78 %),0,0,170,10540000,72749020,17.62
13/02/2020,100,6370000,62.2(-2.81 %),100,6370000,0,0,72748920,17.62
14/02/2020,0,0,62.3(0.16 %),0,0,0,0,72748920,17.62
17/02/2020,-4980,-311480000,62.3(0.00 %),250,16080000,5230,327560000,72748840,17.62
18/02/2020,90,5580000,61(-2.09 %),90,5580000,0,0,72753610,17.61
19/02/2020,0,0,63.5(4.10 %),0,0,0,0,72753610,17.61
20/02/2020,0,0,63.5(0.00 %),0,0,0,0,72753980,17.61
21/02/2020,0,0,62(-2.36 %),0,0,0,0,72753980,17.61
24/02/2020,0,0,60(-3.23 %),0,0,0,0,72753980,17.61
25/02/2020,0,0,60(0.00 %),0,0,0,0,72753980,17.61
26/02/2020,0,0,59(-1.67 %),0,0,0,0,72753980,17.61
27/02/2020,0,0,61.5(4.24 %),0,0,0,0,72753980,17.61
28/02/2020,0,0,61.5(0.00 %),0,0,0,0,72753980,17.61
02/03/2020,300,18590000,59(-4.07 %),300,18590000,0,0,72753680,17.61
03/03/2020,0,0,60(1.69 %),0,0,0,0,72753680,17.61
04/03/2020,0,0,58.5(-2.50 %),0,0,0,0,72753680,17.61
05/03/2020,0,0,61(4.27 %),0,0,0,0,72753680,17.61
06/03/2020,3830,233630000,61.8(1.31 %),3830,233630000,0,0,72749850,17.62
09/03/2020,0,0,58.5(-5.34 %),0,0,0,0,72749850,17.62
10/03/2020,0,0,58.6(0.17 %),0,0,0,0,72749850,17.62
11/03/2020,60,3520000,58.6(0.00 %),60,3520000,0,0,72749790,17.62
12/03/2020,0,0,57(-2.73 %),0,0,0,0,72749790,17.62
13/03/2020,0,0,56(-1.75 %),0,0,0,0,72749790,17.62
16/03/2020,0,0,52.6(-6.07 %),0,0,0,0,72749790,17.62
17/03/2020,0,0,52.6(0.00 %),0,0,0,0,72749790,17.62
18/03/2020,-100,-5270000,54.5(3.61 %),0,0,100,5270000,72749890,17.62
19/03/2020,-100,-5270000,53.6(-1.65 %),0,0,100,5270000,72749990,17.62
20/03/2020,0,0,53.6(0.00 %),0,0,0,0,72749990,17.62
23/03/2020,50,2650000,49.85(-7.00 %),50,2650000,0,0,72749940,17.62
24/03/2020,0,0,52.9(6.12 %),0,0,0,0,72749940,17.62
25/03/2020,0,0,50(-5.48 %),0,0,0,0,72749940,17.62
26/03/2020,230,11940000,51.9(3.80 %),230,11940000,0,0,72749710,17.62
27/03/2020,0,0,51.9(0.00 %),0,0,0,0,72749710,17.62
30/03/2020,-2200,-106260000,48.3(-6.94 %),0,0,2200,106260000,72751910,17.61
31/03/2020,-2760,-125486500,44.95(-6.94 %),1000,45084000,3760,170570500,72754670,17.61
01/04/2020,0,0,46.45(3.34 %),0,0,0,0,72748610,17.62
03/04/2020,-17340,-750603000,43.2(-7.00 %),560,25980000,17900,776583000,72765950,17.61
06/04/2020,0,0,44(1.85 %),0,0,0,0,72765950,17.61
07/04/2020,-470,-16870000,40.95(-6.93 %),1830,77320000,2300,94190000,72752180,17.61
08/04/2020,-4500,-186760000,40.95(0.00 %),500,20480000,5000,207240000,72769580,17.61
09/04/2020,-39500,-1638020000,41.1(0.37 %),500,20850000,40000,1658870000,72769080,17.61
10/04/2020,-8690,-380518500,43.95(6.93 %),2310,98963000,11000,479481500,72819110,17.59
13/04/2020,-6000,-282000000,47(6.94 %),0,0,6000,282000000,72825110,17.58
14/04/2020,-7730,-367930000,47.6(1.28 %),1000,48120000,8730,416050000,72813070,17.59
15/04/2020,0,0,49.15(3.26 %),0,0,0,0,72832840,17.58
16/04/2020,-7680,-389560000,51(3.76 %),30,1490000,7710,391050000,72830040,17.58
17/04/2020,-14810,-786511000,54(5.88 %),6240,330720000,21050,1117231000,72855330,17.57
20/04/2020,-33480,-1930226000,57.7(6.85 %),20,1154000,33500,1931380000,72888810,17.56
21/04/2020,-38440,-2192860000,53.7(-6.93 %),950,56290000,39390,2249150000,72839270,17.58
22/04/2020,860,45330500,56(4.28 %),860,45330500,0,0,72926390,17.54
23/04/2020,100,6110000,59(5.36 %),320,18900000,220,12790000,72892640,17.55
24/04/2020,-10200,-597354000,58.8(-0.34 %),0,0,10200,597354000,72936490,17.53
27/04/2020,520,29144000,57(-3.06 %),520,29144000,0,0,72935970,17.53
28/04/2020,0,0,56(-1.75 %),0,0,0,0,72935970,17.53
29/04/2020,2440,137080000,56(0.00 %),2440,137080000,0,0,72939490,17.53
04/05/2020,4080,222830000,54.1(-3.39 %),4080,222830000,0,0,72935410,17.54
05/05/2020,-140,-7140000,52.3(-3.33 %),10,540000,150,7680000,72935400,17.54
06/05/2020,6170,325700000,54.5(4.21 %),7450,395330000,1280,69630000,72927950,17.54
07/05/2020,4560,252821000,56.3(3.30 %),5060,280921000,500,28100000,72928900,17.54
08/05/2020,40,2280000,56.8(0.89 %),40,2280000,0,0,72923000,17.54
11/05/2020,30,1720000,57.1(0.53 %),30,1720000,0,0,72924250,17.54
12/05/2020,0,0,56.8(-0.53 %),0,0,0,0,72928830,17.54
13/05/2020,-2240,-119563000,56.5(-0.53 %),10,562000,2250,120125000,72931070,17.54
14/05/2020,-7820,-433900000,55.6(-1.59 %),500,27750000,8320,461650000,72938890,17.53
15/05/2020,0,0,55.5(-0.18 %),0,0,0,0,72938890,17.53
18/05/2020,0,0,55.2(-0.54 %),0,0,0,0,72938890,17.53
19/05/2020,0,0,56(1.45 %),0,0,0,0,72938890,17.53
20/05/2020,-200,-11260000,56.5(0.89 %),0,0,200,11260000,72939090,17.53
21/05/2020,30,1700000,56.6(0.18 %),30,1700000,0,0,72934780,17.54
22/05/2020,560,31643000,56(-1.06 %),560,31643000,0,0,72938500,17.53
25/05/2020,0,0,55.5(-0.89 %),0,0,0,0,72938500,17.53
26/05/2020,-1520,-83600000,56(0.90 %),120,6610000,1640,90210000,72934300,17.54
27/05/2020,100,5630000,55.9(-0.18 %),100,5630000,0,0,72939920,17.53
28/05/2020,110,5710000,55(-1.61 %),6600,363270000,6490,357560000,72927600,17.54
29/05/2020,1430,78550000,55(0.00 %),1430,78550000,0,0,72938380,17.53
01/06/2020,740,40682000,55.3(0.55 %),840,46152000,100,5470000,72927810,17.54
02/06/2020,-4070,-221660000,54.5(-1.45 %),5040,274890000,9110,496550000,72928420,17.54
03/06/2020,0,0,54.8(0.55 %),0,0,0,0,72931880,17.54
04/06/2020,300,16440000,54.5(-0.55 %),300,16440000,0,0,72931580,17.54
05/06/2020,200,11200000,56(2.75 %),200,11200000,0,0,72937130,17.53
08/06/2020,0,0,56(0.00 %),0,0,0,0,72937130,17.53
09/06/2020,100,5600000,55.5(-0.89 %),100,5600000,0,0,72937030,17.53
10/06/2020,200,11180000,55.5(0.00 %),200,11180000,0,0,72936830,17.53
11/06/2020,-550,-30240000,55.3(-0.36 %),10,560000,560,30800000,72936820,17.53
12/06/2020,-1160,-65000000,54.7(-1.08 %),790,41280000,1950,106280000,72936030,17.53
15/06/2020,0,0,53.1(-2.93 %),0,0,0,0,72936030,17.53
16/06/2020,0,0,53.1(0.00 %),0,0,0,0,72936590,17.53
17/06/2020,100,5310000,52.8(-0.56 %),100,5310000,0,0,72938440,17.53
18/06/2020,930,48822000,53(0.38 %),930,48822000,0,0,72932060,17.54
19/06/2020,0,0,54.6(3.02 %),0,0,0,0,72937510,17.53
22/06/2020,0,0,54.5(-0.18 %),0,0,0,0,72937510,17.53
23/06/2020,0,0,53.5(-1.83 %),0,0,0,0,72937510,17.53
24/06/2020,50,2620000,53.5(0.00 %),50,2620000,0,0,72937460,17.53
25/06/2020,0,0,53.3(-0.37 %),0,0,0,0,72937460,17.53
26/06/2020,0,0,53.3(0.00 %),0,0,0,0,72937460,17.53
29/06/2020,400,21000000,52.1(-2.25 %),400,21000000,0,0,72937060,17.53
30/06/2020,220,11550000,52(-0.19 %),220,11550000,0,0,72936840,17.53
01/07/2020,1000,53490000,53.5(2.88 %),1000,53490000,0,0,72935840,17.54
02/07/2020,0,0,52.2(-2.43 %),0,0,0,0,72936840,17.53
03/07/2020,700,37000000,52.5(0.57 %),700,37000000,0,0,72935140,17.54
06/07/2020,1710,90133000,51.4(-2.10 %),1710,90133000,0,0,72934430,17.54
07/07/2020,5810,310544000,53.9(4.86 %),5810,310544000,0,0,72928620,17.54
08/07/2020,0,0,53.5(-0.74 %),0,0,0,0,72928620,17.54
09/07/2020,-3000,-166500000,54.3(1.50 %),0,0,3000,166500000,72931620,17.54
10/07/2020,180,9900000,54.8(0.92 %),180,9900000,0,0,72931440,17.54
13/07/2020,100,5480000,54.8(0.00 %),100,5480000,0,0,72931340,17.54
14/07/2020,100,5310000,53.5(-2.37 %),100,5310000,0,0,72931240,17.54
15/07/2020,180,9630000,53.5(0.00 %),180,9630000,0,0,72931060,17.54
16/07/2020,0,0,53(-0.93 %),0,0,0,0,72931060,17.54
17/07/2020,100,5260000,52.5(-0.94 %),100,5260000,0,0,72930960,17.54
20/07/2020,0,0,52.5(0.00 %),0,0,0,0,72930960,17.54
21/07/2020,0,0,52.5(0.00 %),0,0,0,0,72930960,17.54
22/07/2020,30,1590000,52.5(0.00 %),30,1590000,0,0,72930930,17.54
23/07/2020,0,0,53.5(1.90 %),0,0,0,0,72930930,17.54
24/07/2020,0,0,51.2(-4.30 %),0,0,0,0,72930930,17.54
27/07/2020,0,0,47.65(-6.93 %),0,0,0,0,72930930,17.54
28/07/2020,1000,47600000,49.5(3.88 %),1000,47600000,0,0,72929930,17.54
29/07/2020,0,0,48(-3.03 %),0,0,0,0,72929930,17.54
30/07/2020,0,0,47.5(-1.04 %),0,0,0,0,72929930,17.54
31/07/2020,40,1960000,48(1.05 %),40,1960000,0,0,72929890,17.54
03/08/2020,-40100,-1924800000,48(0.00 %),0,0,40100,1924800000,72928890,17.54
04/08/2020,-14660,-703700000,48(0.00 %),230,11040000,14890,714740000,72943550,17.53
05/08/2020,-810,-39660000,49(2.08 %),420,20610000,1230,60270000,72928240,17.54
06/08/2020,900,44700000,49.8(1.63 %),900,44700000,0,0,72967440,17.52
07/08/2020,100,4980000,48.6(-2.41 %),100,4980000,0,0,72982230,17.52
10/08/2020,-100,-4860000,49.5(1.85 %),0,0,100,4860000,72983460,17.51
11/08/2020,-12510,-613843000,48.9(-1.21 %),0,0,12510,613843000,72955970,17.53
12/08/2020,-5030,-247880000,49(0.20 %),20,990000,5050,248870000,72983440,17.51
13/08/2020,-5360,-260453000,48.5(-1.02 %),0,0,5360,260453000,72966360,17.52
14/08/2020,-10140,-490440000,48.5(0.00 %),0,0,10140,490440000,72996050,17.51
17/08/2020,-6130,-296230000,48.2(-0.62 %),40,1940000,6170,298170000,73001060,17.51
18/08/2020,-2150,-103424500,48.3(0.21 %),120,5802000,2270,109226500,72984780,17.51
19/08/2020,-30000,-1440120000,48(-0.62 %),0,0,30000,1440120000,73016440,17.5
20/08/2020,-19600,-941030000,48(0.00 %),400,19320000,20000,960350000,73022210,17.5
21/08/2020,-16700,-801520000,48(0.00 %),110,5390000,16810,806910000,73024370,17.5
24/08/2020,150,7400000,49(2.08 %),150,7400000,0,0,73054220,17.48
25/08/2020,120,5972000,50(2.04 %),120,5972000,0,0,73050810,17.49
26/08/2020,100,5060000,50.5(1.00 %),100,5060000,0,0,73090810,17.47
27/08/2020,-100,-5050000,51(0.99 %),0,0,100,5050000,73090810,17.47
28/08/2020,0,0,52.2(2.35 %),0,0,0,0,73090810,17.47
31/08/2020,0,0,52.4(0.38 %),0,0,0,0,73090810,17.47
01/09/2020,100,5240000,55(4.96 %),100,5240000,0,0,73090910,17.47
03/09/2020,-1820,-97810000,54(-1.82 %),0,0,1820,97810000,73092730,17.47
04/09/2020,-5100,-285520000,56(3.70 %),0,0,5100,285520000,73097830,17.47
07/09/2020,-3510,-195570000,55.6(-0.71 %),60,3340000,3570,198910000,73090750,17.47
08/09/2020,0,0,55.9(0.54 %),0,0,0,0,73101340,17.46
09/09/2020,200,11110000,56.3(0.72 %),300,16710000,100,5600000,73101140,17.46
10/09/2020,0,0,56(-0.53 %),0,0,0,0,73101140,17.46
11/09/2020,520,29730000,57(1.79 %),540,30890000,20,1160000,73100400,17.46
14/09/2020,-550,-31826000,57.5(0.88 %),90,5154000,640,36980000,73101170,17.46
15/09/2020,100,5800000,58(0.87 %),100,5800000,0,0,73101070,17.46
16/09/2020,0,0,58(0.00 %),0,0,0,0,73101070,17.46
17/09/2020,50,2920000,59(1.72 %),50,2920000,0,0,73101020,17.46
18/09/2020,100,5950000,59.6(1.02 %),100,5950000,0,0,73100920,17.46
21/09/2020,90,5364000,60.3(1.17 %),90,5364000,0,0,73100830,17.46
22/09/2020,0,0,61.2(1.49 %),0,0,0,0,73100830,17.46
23/09/2020,250,15820000,63(2.94 %),250,15820000,0,0,73100480,17.46
24/09/2020,30,1920000,67.4(6.98 %),30,1920000,0,0,73100550,17.46
25/09/2020,-680,-48100000,72.1(6.97 %),100,7210000,780,55310000,73100350,17.46
28/09/2020,-800,-59991000,75(4.02 %),1600,120000000,2400,179991000,73102030,17.46
29/09/2020,-1630,-123330000,75(0.00 %),250,17550000,1880,140880000,73103660,17.46
30/09/2020,-20,-1430000,74.3(-0.93 %),0,0,20,1430000,73099280,17.46
01/10/2020,0,0,73.9(-0.54 %),0,0,0,0,73101680,17.46
02/10/2020,100,7190000,71.8(-2.84 %),100,7190000,0,0,73103460,17.46
05/10/2020,-70,-4500000,70.8(-1.39 %),100,7150000,170,11650000,73103380,17.46
06/10/2020,920,64050000,69.7(-1.55 %),1010,70240000,90,6190000,73102370,17.46
07/10/2020,370,25030000,73.5(5.45 %),470,32340000,100,7310000,73101900,17.46
08/10/2020,100,7300000,72.3(-1.63 %),100,7300000,0,0,73101970,17.46
09/10/2020,150,10400000,70(-3.18 %),150,10400000,0,0,73101910,17.46
12/10/2020,2240,156874000,71(1.43 %),2240,156874000,0,0,73097870,17.47
13/10/2020,-230,-15870000,69(-2.82 %),130,8970000,360,24840000,73099640,17.46
14/10/2020,330,23257000,69.5(0.72 %),450,31711000,120,8454000,73097770,17.47
15/10/2020,2150,150330000,70.5(1.44 %),2660,186280000,510,35950000,73096530,17.47
16/10/2020,0,0,70.5(0.00 %),0,0,0,0,73096890,17.47
19/10/2020,0,0,70(-0.71 %),0,0,0,0,73097010,17.47
20/10/2020,-1310,-91510000,70(0.00 %),0,0,1310,91510000,73097520,17.47
21/10/2020,10,700000,68.5(-2.14 %),10,700000,0,0,73097510,17.47
22/10/2020,0,0,69(0.73 %),0,0,0,0,73097510,17.47
23/10/2020,70,4943000,71(2.90 %),70,4943000,0,0,73096850,17.47
26/10/2020,0,0,70(-1.41 %),0,0,0,0,73098750,17.46
27/10/2020,0,0,70(0.00 %),0,0,0,0,73098750,17.46
28/10/2020,0,0,70.7(1.00 %),0,0,0,0,73098750,17.46
29/10/2020,0,0,69.9(-1.13 %),0,0,0,0,73098750,17.46
30/10/2020,0,0,69.2(-1.00 %),0,0,0,0,73098750,17.46
02/11/2020,0,0,69.4(0.29 %),0,0,0,0,73098750,17.46
03/11/2020,0,0,69.5(0.14 %),0,0,0,0,73098750,17.46
04/11/2020,0,0,69.4(-0.14 %),0,0,0,0,73098750,17.46
05/11/2020,0,0,69.4(0.00 %),0,0,0,0,73098750,17.46
06/11/2020,1530,107260000,72(3.75 %),1530,107260000,0,0,73097220,17.47
09/11/2020,0,0,71.9(-0.14 %),0,0,0,0,73097220,17.47
10/11/2020,0,0,71.9(0.00 %),0,0,0,0,73097220,17.47
11/11/2020,0,0,70(-2.64 %),0,0,0,0,73097220,17.47
12/11/2020,2190,155684000,70(0.00 %),2190,155684000,0,0,73095030,17.47
13/11/2020,10,700000,69.9(-0.14 %),10,700000,0,0,73095020,17.47
16/11/2020,0,0,69.9(0.00 %),0,0,0,0,73095020,17.47
17/11/2020,0,0,69.9(0.00 %),0,0,0,0,73095020,17.47
18/11/2020,0,0,69.5(-0.57 %),0,0,0,0,73095020,17.47
19/11/2020,0,0,69.1(-0.58 %),0,0,0,0,73095020,17.47
20/11/2020,230,15893000,69.1(0.00 %),230,15893000,0,0,73094790,17.47
23/11/2020,0,0,68.5(-0.87 %),0,0,0,0,73094790,17.47
24/11/2020,10,690000,69(0.73 %),10,690000,0,0,73094780,17.47
25/11/2020,0,0,68.4(-0.87 %),0,0,0,0,73094780,17.47
26/11/2020,0,0,70(2.34 %),0,0,0,0,73094780,17.47
27/11/2020,30,2090000,70.3(0.43 %),50,3500000,20,1410000,73094730,17.47
30/11/2020,0,0,70(-0.43 %),0,0,0,0,73094730,17.47
01/12/2020,-1000,-69900000,70.2(0.29 %),0,0,1000,69900000,73094730,17.47
02/12/2020,-950,-66590000,70.1(-0.14 %),50,3510000,1000,70100000,73095680,17.47
03/12/2020,110,12930000,74(5.56 %),2880,207840000,2770,194910000,73091820,17.47
04/12/2020,-220,-16162000,73.4(-0.81 %),0,0,220,16162000,73095790,17.47
07/12/2020,550,40420000,75(2.18 %),630,46590000,80,6170000,73093190,17.47
08/12/2020,-1830,-137731000,75.5(0.67 %),0,0,1830,137731000,73097070,17.47
09/12/2020,140,10470000,75(-0.66 %),300,22470000,160,12000000,73095880,17.47
10/12/2020,280,20720000,74(-1.33 %),500,37000000,220,16280000,73096650,17.47
11/12/2020,-2290,-165701000,72.6(-1.89 %),110,8002000,2400,173703000,73098940,17.46
14/12/2020,2350,179560000,76.9(5.92 %),2360,180290000,10,730000,73094980,17.47
15/12/2020,100,7590000,76(-1.17 %),100,7590000,0,0,73096490,17.47
16/12/2020,-600,-45100000,75(-1.32 %),0,0,600,45100000,73097500,17.47
17/12/2020,0,0,74.5(-0.67 %),0,0,0,0,73097510,17.47
18/12/2020,0,0,75.2(0.94 %),0,0,0,0,73097510,17.47
21/12/2020,-100,-7850000,76.7(1.99 %),0,0,100,7850000,73098110,17.47
22/12/2020,0,0,76.7(0.00 %),0,0,0,0,73098110,17.47
23/12/2020,60,4510000,76(-0.91 %),60,4510000,0,0,73098050,17.47
24/12/2020,0,0,76(0.00 %),0,0,0,0,73098150,17.46
25/12/2020,0,0,76(0.00 %),0,0,0,0,73098150,17.46
28/12/2020,0,0,76(0.00 %),0,0,0,0,73098150,17.46
29/12/2020,0,0,76(0.00 %),0,0,0,0,73098150,17.46
30/12/2020,-100,-7600000,78.2(2.89 %),0,0,100,7600000,73098150,17.46
31/12/2020,50,3900000,77.2(-1.28 %),50,3900000,0,0,73098100,17.47
04/01/2021,0,0,76.5(-0.91 %),100,7720000,100,7720000,73098000,17.47
05/01/2021,-1000,-76210000,76.6(0.13 %),400,30610000,1400,106820000,73099000,17.46
06/01/2021,100,7660000,76.4(-0.26 %),300,22970000,200,15310000,73098900,17.46
07/01/2021,-100,-7260000,78.9(3.27 %),1000,78540000,1100,85800000,73099000,17.46
08/01/2021,0,0,83.5(5.83 %),0,0,0,0,73099000,17.46
11/01/2021,-2100,-166220000,79.3(-5.03 %),0,0,2100,166220000,73101100,17.46
12/01/2021,100,7500000,78(-1.64 %),100,7500000,0,0,73101000,17.46
13/01/2021,-200,-15500000,80.5(3.21 %),200,16100000,400,31600000,73101200,17.46
14/01/2021,9300,798300000,83(3.11 %),10000,855000000,700,56700000,73091900,17.47
15/01/2021,800,65600000,82.4(-0.72 %),800,65600000,0,0,73091100,17.47
18/01/2021,300,23850000,83(0.73 %),500,40250000,200,16400000,73090800,17.47
19/01/2021,0,280000,81(-2.41 %),200,16440000,200,16160000,73090800,17.47
20/01/2021,-900,-72000000,80(-1.23 %),100,8000000,1000,80000000,73091700,17.47
21/01/2021,-1100,-88550000,80.7(0.87 %),0,0,1100,88550000,73092800,17.47
22/01/2021,0,0,80(-0.87 %),0,0,0,0,73092800,17.47
25/01/2021,-2000,-156210000,81.5(1.88 %),0,0,2000,156210000,73094800,17.47
26/01/2021,-1000,-80060000,80(-1.84 %),0,0,1000,80060000,73095800,17.47
27/01/2021,-100,-8000000,79(-1.25 %),0,0,100,8000000,73095900,17.47
28/01/2021,-900,-67500000,74(-6.33 %),0,0,900,67500000,73096800,17.47
29/01/2021,0,0,74.1(0.14 %),0,0,0,0,73096800,17.47
01/02/2021,-400,-29690000,74.2(0.13 %),0,0,400,29690000,73096100,17.47
02/02/2021,-300,-22500000,75(1.08 %),0,0,300,22500000,73096400,17.47
03/02/2021,-13800,-986940000,70.7(-5.73 %),4300,310270000,18100,1297210000,73110200,17.46
04/02/2021,2100,158580000,75.6(6.93 %),3000,226620000,900,68040000,73108100,17.46
05/02/2021,0,0,75.6(0.00 %),0,0,0,0,73108100,17.46
08/02/2021,0,0,73.4(-2.91 %),0,0,0,0,73108500,17.46
09/02/2021,0,0,74.9(2.04 %),0,0,0,0,73109400,17.46
17/02/2021,100,7750000,78.5(4.81 %),100,7750000,0,0,73109300,17.46
18/02/2021,0,0,74(-5.73 %),0,0,0,0,73109300,17.46
19/02/2021,100,7550000,74(0.00 %),100,7550000,0,0,73109200,17.46
22/02/2021,0,0,75.5(2.03 %),0,0,0,0,73109200,17.46
23/02/2021,0,0,74.2(-1.72 %),0,0,0,0,73109200,17.46
24/02/2021,0,0,73(-1.62 %),0,0,0,0,73109200,17.46
25/02/2021,0,0,73(0.00 %),0,0,0,0,73109200,17.46
26/02/2021,-200,-14600000,72.5(-0.68 %),0,0,200,14600000,73109400,17.46
01/03/2021,0,0,73.6(1.52 %),0,0,0,0,73109200,17.46
02/03/2021,400,29520000,72.8(-1.09 %),500,36800000,100,7280000,73108800,17.46
03/03/2021,-1300,-93840000,73.9(1.51 %),0,0,1300,93840000,73110100,17.46
04/03/2021,-14200,-988430000,68.8(-6.90 %),0,0,14200,988430000,73124300,17.45
05/03/2021,0,0,72.8(5.81 %),0,0,0,0,73124300,17.45
08/03/2021,-1400,-100110000,71.4(-1.92 %),0,0,1400,100110000,73125700,17.45
09/03/2021,-1000,-71200000,71(-0.56 %),100,7100000,1100,78300000,73126700,17.45
10/03/2021,100,7150000,72.5(2.11 %),100,7150000,0,0,73126600,17.45
11/03/2021,-1700,-121630000,71.5(-1.38 %),0,0,1700,121630000,73128300,17.45
12/03/2021,0,0,71.4(-0.14 %),0,0,0,0,73128300,17.45
15/03/2021,100,7250000,72.5(1.54 %),100,7250000,0,0,73128200,17.45
16/03/2021,0,0,71(-2.07 %),0,0,0,0,73128400,17.45
17/03/2021,0,0,72(-0.69 %),0,0,0,0,73128400,17.45
18/03/2021,0,0,71.5(-0.69 %),0,0,0,0,73128400,17.45
19/03/2021,2000,143950000,72(0.70 %),2000,143950000,0,0,73126200,17.45
22/03/2021,0,0,71.2(-1.11 %),0,0,0,0,73126400,17.45
23/03/2021,0,0,71.2(0.00 %),0,0,0,0,73126400,17.45
24/03/2021,0,0,70.7(-0.70 %),0,0,0,0,73126400,17.45
25/03/2021,-100,-7140000,71.4(0.99 %),0,0,100,7140000,73126300,17.45
26/03/2021,0,0,71.8(0.56 %),0,0,0,0,73126400,17.45
29/03/2021,0,0,71.1(-0.97 %),0,0,0,0,73126400,17.45
30/03/2021,-100,-7050000,71(-0.14 %),0,0,100,7050000,73126400,17.45
31/03/2021,100,7100000,71(0.00 %),100,7100000,0,0,73126300,17.45
01/04/2021,-300,-21320000,71.2(0.28 %),0,0,300,21320000,73126430,17.45
02/04/2021,-900,-63900000,68.1(-4.35 %),0,0,900,63900000,73127330,17.45
05/04/2021,0,0,70(2.79 %),0,0,0,0,73127330,17.45
06/04/2021,-1300,-90780000,69.4(-0.86 %),0,0,1300,90780000,73128630,17.45
07/04/2021,-1600,-110640000,69.5(0.14 %),0,0,1600,110640000,73130230,17.45
08/04/2021,-1500,-104590000,70(0.72 %),0,0,1500,104590000,73131730,17.45
09/04/2021,-400,-27920000,69.8(-0.29 %),0,0,400,27920000,73132130,17.45
12/04/2021,-3500,-242540000,70.5(1.00 %),0,0,3500,242540000,73135630,17.45
13/04/2021,1000,71000000,70.5(0.00 %),1000,71000000,0,0,73134630,17.45
14/04/2021,0,0,70.2(-0.43 %),0,0,0,0,73134630,17.45
15/04/2021,0,0,69(-1.71 %),0,0,0,0,73134630,17.45
16/04/2021,100,6900000,68.9(-0.14 %),100,6900000,0,0,73134530,17.45
19/04/2021,-300,-20100000,67(-2.76 %),0,0,300,20100000,73134830,17.45
20/04/2021,0,0,67(0.00 %),0,0,0,0,73134930,17.45
22/04/2021,0,0,68(1.49 %),0,0,0,0,73134930,17.45
23/04/2021,0,0,68(0.00 %),0,0,0,0,73135230,17.45
26/04/2021,0,0,67.1(-1.32 %),0,0,0,0,73135230,17.45
27/04/2021,100,6720000,67.2(0.15 %),100,6720000,0,0,73134730,17.45
28/04/2021,0,0,67.2(0.00 %),0,0,0,0,73135130,17.45
29/04/2021,0,0,67(-0.30 %),0,0,0,0,73135130,17.45
04/05/2021,-200,-13040000,67(0.00 %),0,0,200,13040000,73135130,17.45
05/05/2021,0,0,68(1.49 %),0,0,0,0,73135130,17.45
06/05/2021,0,0,67.8(-0.29 %),0,0,0,0,73135130,17.45
07/05/2021,0,0,66.7(-1.62 %),0,0,0,0,73135330,17.45
10/05/2021,-1100,-70850000,65.3(-2.10 %),0,0,1100,70850000,73136230,17.45
11/05/2021,-1000,-64680000,65.2(-0.15 %),100,6520000,1100,71200000,73137230,17.45
12/05/2021,-19700,-1244530000,64(-1.84 %),100,6300000,19800,1250830000,73156930,17.44
13/05/2021,0,0,63.5(-0.78 %),0,0,0,0,73156930,17.44
14/05/2021,0,0,64.1(0.94 %),0,0,0,0,73156930,17.44
17/05/2021,0,0,61.6(-3.90 %),0,0,0,0,73157130,17.44
18/05/2021,100,6170000,62.5(1.46 %),100,6170000,0,0,73156830,17.44
19/05/2021,0,0,62.5(0.00 %),0,0,0,0,73157030,17.44
20/05/2021,100,6220000,61(-2.40 %),100,6220000,0,0,73156730,17.44
21/05/2021,0,0,61(0.00 %),0,0,0,0,73156930,17.44
24/05/2021,0,0,61.9(1.48 %),0,0,0,0,73156930,17.44
25/05/2021,0,0,61.9(0.00 %),0,0,0,0,73156930,17.44
26/05/2021,0,0,61.9(0.00 %),0,0,0,0,73156930,17.44
27/05/2021,600,36900000,61.5(-0.65 %),600,36900000,0,0,73156130,17.44
28/05/2021,-1600,-103030000,62.8(2.11 %),0,0,1600,103030000,73157730,17.44
31/05/2021,-200,-12560000,60.7(-3.34 %),0,0,200,12560000,73157930,17.44
01/06/2021,-300,-18320000,62.6(3.13 %),0,0,300,18320000,73156330,17.44
02/06/2021,0,0,62.5(-0.16 %),0,0,0,0,73157930,17.44
03/06/2021,-14100,-862260000,62.5(0.00 %),0,0,14100,862260000,73170430,17.43
04/06/2021,-12200,-741860000,60.5(-3.20 %),0,0,12200,741860000,73182630,17.43
07/06/2021,-3800,-229900000,60.7(0.33 %),0,0,3800,229900000,73186430,17.43
08/06/2021,0,0,62.4(2.80 %),0,0,0,0,73186430,17.43
09/06/2021,0,0,60.8(-2.56 %),0,0,0,0,73186430,17.43
10/06/2021,100,6090000,63(3.62 %),100,6090000,0,0,73186330,17.43
11/06/2021,1200,74040000,62.5(-0.79 %),1200,74040000,0,0,73185130,17.43
14/06/2021,0,0,62.5(0.00 %),0,0,0,0,73187230,17.43
15/06/2021,0,0,62.5(0.00 %),0,0,0,0,73187230,17.43
16/06/2021,-100,-6110000,62.3(-0.32 %),0,0,100,6110000,73185230,17.43
17/06/2021,-100,-6160000,62.1(-0.32 %),0,0,100,6160000,73185330,17.43
18/06/2021,-100,-6210000,64(3.06 %),0,0,100,6210000,73185430,17.43
21/06/2021,1200,76900000,67.5(5.47 %),1200,76900000,0,0,73184230,17.43
22/06/2021,0,0,67.1(-0.59 %),0,0,0,0,73186230,17.43
23/06/2021,0,0,67(-0.15 %),0,0,0,0,73186330,17.43
24/06/2021,300,19710000,64(-4.48 %),300,19710000,0,0,73183930,17.43
25/06/2021,600,38640000,65.8(2.81 %),600,38640000,0,0,73183330,17.43
28/06/2021,0,0,65.5(-0.46 %),0,0,0,0,73185430,17.43
29/06/2021,100,6640000,65.6(0.15 %),100,6640000,0,0,73183230,17.43
30/06/2021,0,0,65.6(0.00 %),0,0,0,0,73185330,17.43
01/07/2021,-200,-12910000,62(-5.49 %),100,6200000,300,19110000,73185330,17.43
02/07/2021,800,49700000,62(0.00 %),800,49700000,0,0,73184530,17.43
05/07/2021,0,0,61.2(-1.29 %),0,0,0,0,73184530,17.43
06/07/2021,0,0,62.1(1.47 %),0,0,0,0,73184770,17.43
07/07/2021,0,0,61.5(-0.97 %),0,0,0,0,73184770,17.43
08/07/2021,0,0,58.5(-4.88 %),0,0,0,0,73184770,17.43
09/07/2021,-900,-52710000,58.2(-0.51 %),100,5830000,1000,58540000,73185430,17.43
12/07/2021,200,11200000,54.2(-6.87 %),200,11200000,0,0,73185230,17.43
13/07/2021,0,0,54.5(0.55 %),0,0,0,0,73185230,17.43
14/07/2021,-100,-5430000,54.5(0.00 %),0,0,100,5430000,73185330,17.43
15/07/2021,100,5450000,54(-0.92 %),100,5450000,0,0,73185230,17.43
16/07/2021,0,0,53.7(-0.56 %),0,0,0,0,73185370,17.43
19/07/2021,100,5100000,51.3(-4.47 %),100,5100000,0,0,73185130,17.43
20/07/2021,200,10040000,51.3(0.00 %),200,10040000,0,0,73184930,17.43
21/07/2021,200,10300000,51.3(0.00 %),200,10300000,0,0,73184730,17.43
22/07/2021,100,5130000,52(1.36 %),100,5130000,0,0,73184630,17.43
23/07/2021,-100,-5190000,51.9(-0.19 %),0,0,100,5190000,73184730,17.43
26/07/2021,100,5100000,50.9(-1.93 %),100,5100000,0,0,73184630,17.43
27/07/2021,600,30310000,48.2(-5.30 %),600,30310000,0,0,73184030,17.43
28/07/2021,200,10230000,51.5(6.85 %),200,10230000,0,0,73183830,17.43
29/07/2021,-100,-5380000,54.4(5.63 %),0,0,100,5380000,73183930,17.43
30/07/2021,0,0,54.5(0.18 %),0,0,0,0,73184070,17.43
02/08/2021,0,0,53.8(-1.28 %),0,0,0,0,73184070,17.43
03/08/2021,0,0,53(-1.49 %),0,0,0,0,73184070,17.43
04/08/2021,-200,-10460000,53(0.00 %),0,0,200,10460000,73184270,17.43
05/08/2021,-500,-26400000,54(1.89 %),0,0,500,26400000,73184770,17.43
06/08/2021,0,0,54.4(0.74 %),0,0,0,0,73184770,17.43
09/08/2021,0,0,55(1.10 %),0,0,0,0,73184770,17.43
10/08/2021,500,27600000,55.8(1.45 %),600,33180000,100,5580000,73184270,17.43
11/08/2021,0,0,57.4(2.87 %),0,0,0,0,73184270,17.43
12/08/2021,0,0,57.7(0.52 %),0,0,0,0,73184270,17.43
13/08/2021,-100,0,57.6(-0.17 %),0,0,100,0,73184370,17.43
16/08/2021,-400,-23020000,57.7(0.17 %),0,0,400,23020000,73184770,17.43
17/08/2021,0,0,57.5(-0.35 %),0,0,0,0,73184770,17.43
18/08/2021,0,0,57.4(-0.17 %),0,0,0,0,73184770,17.43
19/08/2021,0,0,57.3(-0.17 %),0,0,0,0,73184770,17.43
20/08/2021,0,0,55(-4.01 %),0,0,0,0,73184770,17.43
23/08/2021,0,0,53.7(-2.36 %),0,0,0,0,73184770,17.43
24/08/2021,0,0,53.6(-0.19 %),0,0,0,0,73184770,17.43
25/08/2021,0,0,53.9(0.56 %),0,0,0,0,73184770,17.43
26/08/2021,800,43120000,54.9(1.86 %),800,43120000,0,0,73183970,17.43
27/08/2021,0,0,54.1(-1.46 %),0,0,0,0,73183970,17.43
30/08/2021,-300,-16290000,54.3(0.37 %),29930,1619213000,30230,1635503000,73184270,17.43
31/08/2021,0,0,56(3.13 %),0,0,0,0,73184270,17.43
01/09/2021,-600,-32900000,56(0.00 %),400,22680000,1000,55580000,73183670,17.43
06/09/2021,0,0,56(0.00 %),0,0,0,0,73183670,17.43
07/09/2021,300,16940000,56.1(0.18 %),300,16940000,0,0,73183370,17.43
08/09/2021,0,0,56.1(0.00 %),0,0,0,0,73183370,17.43
09/09/2021,0,0,56.3(0.36 %),0,0,0,0,73183370,17.43
10/09/2021,0,0,57(1.24 %),0,0,0,0,73183370,17.43
13/09/2021,700,41730000,60.9(6.84 %),700,41730000,0,0,73182670,17.43
14/09/2021,-500,-32550000,65.1(6.90 %),0,0,500,32550000,73183170,17.43
15/09/2021,5900,408730000,67.3(3.38 %),7600,521480000,1700,112750000,73177270,17.43
16/09/2021,600,40600000,64.1(-4.75 %),600,40600000,0,0,73176670,17.43
17/09/2021,0,0,65(1.40 %),0,0,0,0,73176670,17.43
20/09/2021,0,0,63.4(-2.46 %),0,0,0,0,73176670,17.43
21/09/2021,-900,-55850000,62.3(-1.74 %),0,0,900,55850000,73177570,17.43
22/09/2021,-800,-47750000,62.1(-0.32 %),1200,76800000,2000,124550000,73178370,17.43
23/09/2021,200,12500000,62.2(0.16 %),200,12500000,0,0,73178170,17.43
24/09/2021,0,0,61.8(-0.64 %),0,0,0,0,73178170,17.43
27/09/2021,0,0,59(-4.53 %),0,0,0,0,73178170,17.43
28/09/2021,1000,62600000,62.6(6.10 %),1000,62600000,0,0,73177170,17.43
29/09/2021,-2000,-119950000,60.3(-3.67 %),0,0,2000,119950000,73179170,17.43
30/09/2021,0,0,62(2.82 %),0,0,0,0,73179170,17.43
01/10/2021,0,70190000,62.1(0.16 %),11500,762450000,11500,692260000,73178470,17.43
04/10/2021,-1000,-62000000,62(-0.16 %),0,0,1000,62000000,73179470,17.43
05/10/2021,0,0,62(0.00 %),0,0,0,0,73179470,17.43
06/10/2021,0,0,62(0.00 %),0,0,0,0,73179470,0.0
07/10/2021,1000,61800000,61.8(-0.32 %),1000,61800000,0,0,73178470,0.0
08/10/2021,0,0,62.4(0.97 %),0,0,0,0,73178470,0.0
11/10/2021,400,0,62.5(0.16 %),400,0,0,0,73178070,0.0
12/10/2021,-1200,-74590000,62.5(0.00 %),0,0,1200,74590000,73179270,0.0
13/10/2021,0,0,62.7(0.32 %),0,0,0,0,73179270,0.0
14/10/2021,0,0,62.8(0.16 %),0,0,0,0,73179270,0.0
15/10/2021,100,6320000,63.2(0.64 %),100,6320000,0,0,73179170,0.0
18/10/2021,1100,70950000,63(-0.32 %),1100,70950000,0,0,73178070,0.0
19/10/2021,1400,88200000,63.1(0.16 %),1400,88200000,0,0,73176670,0.0
20/10/2021,0,0,63(-0.16 %),0,0,0,0,73176670,0.0
21/10/2021,100,6300000,62.8(-0.32 %),100,6300000,0,0,73176570,0.0
22/10/2021,100,6400000,63(0.32 %),100,6400000,0,0,73176470,0.0
25/10/2021,300,18950000,62(-1.59 %),300,18950000,0,0,73176170,0.0
26/10/2021,0,0,62(0.00 %),0,0,0,0,73176170,0.0
27/10/2021,-1100,-67800000,62.5(0.81 %),0,0,1100,67800000,73177270,0.0
28/10/2021,0,0,63(0.80 %),0,0,0,0,73177270,17.43
29/10/2021,0,0,62(-1.59 %),0,0,0,0,73177270,17.43
01/11/2021,0,0,62.6(0.97 %),0,0,0,0,73179270,17.43
02/11/2021,-500,-31360000,62(-0.96 %),100,6200000,600,37560000,73179770,17.43
03/11/2021,0,0,63(1.61 %),0,0,0,0,73179770,17.43
04/11/2021,0,0,61.6(-2.22 %),0,0,0,0,73179770,17.43
05/11/2021,0,0,61.6(0.00 %),0,0,0,0,73179770,17.43
08/11/2021,0,0,63.1(2.44 %),0,0,0,0,73179770,17.43
09/11/2021,0,0,63(-0.16 %),0,0,0,0,73179770,17.43
10/11/2021,0,0,62.9(-0.16 %),0,0,0,0,73179770,17.43
11/11/2021,200,12440000,62.8(-0.16 %),200,12440000,0,0,73179570,17.43
12/11/2021,100,6210000,62.2(-0.96 %),100,6210000,0,0,73179470,17.43
15/11/2021,-1400,-86340000,61.8(-0.64 %),0,0,1400,86340000,73180870,17.43
16/11/2021,100,6250000,61.8(0.00 %),100,6250000,0,0,73180770,17.43
17/11/2021,0,0,61.9(0.16 %),0,0,0,0,73180770,17.43
18/11/2021,0,0,61.9(0.00 %),0,0,0,0,73180770,17.43
19/11/2021,600,36900000,62(0.16 %),600,36900000,0,0,73180170,17.43
22/11/2021,0,0,62.5(0.81 %),0,0,0,0,73180170,17.43
23/11/2021,0,0,62.3(-0.32 %),0,0,0,0,73180170,17.43
24/11/2021,0,0,62.3(0.00 %),0,0,0,0,73180170,17.43
25/11/2021,100,6200000,62(-0.48 %),100,6200000,0,0,73180070,17.43
26/11/2021,500,30950000,61.9(-0.16 %),500,30950000,0,0,73179570,0.0
29/11/2021,100,0,61.7(-0.32 %),100,0,0,0,73179470,0.0
30/11/2021,0,0,61.9(0.32 %),0,0,0,0,73179570,17.43
01/12/2021,0,0,61.9(0.00 %),0,0,0,0,73178770,17.43
02/12/2021,0,0,61.1(-1.29 %),0,0,0,0,73178770,17.43
03/12/2021,0,0,60.8(-0.49 %),0,0,0,0,73178770,17.43
06/12/2021,0,0,59.7(-1.81 %),0,0,0,0,73178770,17.43
07/12/2021,0,0,61.5(3.02 %),0,0,0,0,73178770,17.43
08/12/2021,0,0,59.5(-3.25 %),0,0,0,0,73178770,17.43
09/12/2021,0,0,60.2(1.18 %),0,0,0,0,73178770,0.0
10/12/2021,0,0,60(-0.33 %),0,0,0,0,73178770,17.43
13/12/2021,0,0,60(0.00 %),0,0,0,0,73178770,17.43
14/12/2021,0,0,60.1(0.17 %),0,0,0,0,73178770,17.43
15/12/2021,0,0,60.1(0.00 %),0,0,0,0,73178770,17.43
16/12/2021,-200,-12260000,61.3(2.00 %),0,0,200,12260000,73178970,17.43
17/12/2021,200,12240000,60.5(-1.31 %),200,12240000,0,0,73178770,17.43
20/12/2021,-300,-18330000,61.1(0.99 %),0,0,300,18330000,73179070,17.43
21/12/2021,0,0,60.1(-1.64 %),0,0,0,0,73179070,0.0
22/12/2021,0,-40000,60.5(0.67 %),100,6050000,100,6090000,73179070,17.43
23/12/2021,0,0,60.3(-0.33 %),0,0,0,0,73179070,17.43
24/12/2021,0,0,60(-0.50 %),0,0,0,0,73179070,17.43
27/12/2021,0,0,60.3(0.50 %),0,0,0,0,73179070,17.43
28/12/2021,0,0,60.3(0.00 %),0,0,0,0,73179070,17.43
29/12/2021,-200,-12100000,60(-0.50 %),0,0,200,12100000,73179070,17.43
30/12/2021,0,0,59.9(-0.17 %),0,0,0,0,73179070,17.43
31/12/2021,-200,-12180000,60.5(1.00 %),0,0,200,12180000,73179270,17.43
04/01/2022,-400,-24340000,61(0.83 %),0,0,400,24340000,73179270,17.43
05/01/2022,-200,-12280000,61.5(0.82 %),0,0,200,12280000,73179470,17.43
06/01/2022,-500,-30500000,61(-0.81 %),0,0,500,30500000,73179870,17.43
07/01/2022,-100,-6180000,61.5(0.82 %),0,0,100,6180000,73180070,17.43
10/01/2022,0,0,60.5(-1.63 %),0,0,0,0,73180570,17.43
11/01/2022,1200,72600000,60.5(0.00 %),1200,72600000,0,0,73179470,17.43
12/01/2022,-200,-12160000,60.3(-0.33 %),0,0,200,12160000,73179470,17.43
13/01/2022,0,0,60.3(0.00 %),0,0,0,0,73179470,17.43
14/01/2022,0,0,60.3(0.00 %),0,0,0,0,73179670,17.43
17/01/2022,-4500,-270010000,59.7(-1.00 %),0,0,4500,270010000,73179670,17.43
18/01/2022,-5000,-280000000,56(-6.20 %),0,0,5000,280000000,73179670,17.43
19/01/2022,-5000,-274000000,59.8(6.79 %),0,0,5000,274000000,73184170,17.43
20/01/2022,0,0,57.2(4.38 %),0,0,0,0,73189170,17.43
21/01/2022,0,0,59.3(1.19 %),0,0,0,0,73194170,17.42
24/01/2022,0,0,58.9(-0.67 %),0,0,0,0,73194170,17.42
25/01/2022,-100,-5810000,59(0.17 %),0,0,100,5810000,73194170,17.42
26/01/2022,0,0,57.3(-2.88 %),0,0,0,0,73194170,17.42
27/01/2022,0,0,59.9(4.54 %),0,0,0,0,73194270,17.42
28/01/2022,0,0,60(0.17 %),0,0,0,0,73194270,17.42
07/02/2022,0,0,61(1.67 %),0,0,0,0,73194270,17.42
08/02/2022,-300,-19210000,62.8(2.95 %),100,6110000,400,25320000,73194170,17.42
09/02/2022,200,12560000,62.7(-0.16 %),200,12560000,0,0,73193970,17.42
10/02/2022,-100,-6170000,61.6(2.16 %),0,0,100,6170000,73194370,17.42
11/02/2022,100,6100000,60(-2.60 %),100,6100000,0,0,73194270,17.42
14/02/2022,-200,-12000000,60.8(1.33 %),0,0,200,12000000,73194370,17.42
15/02/2022,0,0,61.1(0.49 %),0,0,0,0,73194370,17.42
16/02/2022,0,0,61(-0.16 %),0,0,0,0,73194570,17.42
17/02/2022,0,0,61(0.00 %),0,0,0,0,73194570,17.42
18/02/2022,-400,-24000000,60(-1.64 %),0,0,400,24000000,73194570,17.42
21/02/2022,-600,-36000000,60(0.00 %),0,0,600,36000000,73194570,17.42
22/02/2022,0,0,59.5(-0.83 %),0,0,0,0,73194970,17.42
23/02/2022,0,0,59.8(0.50 %),0,0,0,0,73195570,17.42
24/02/2022,0,0,59(-1.34 %),0,0,0,0,73195570,17.42
25/02/2022,0,0,59.1(0.17 %),0,0,0,0,73195570,17.42
28/02/2022,0,0,59.8(1.18 %),0,0,0,0,73195570,17.42
01/03/2022,0,0,59(-1.34 %),0,0,0,0,73195570,17.42
02/03/2022,0,0,59.5(0.85 %),0,0,0,0,73195570,17.42
03/03/2022,0,0,59.5(0.00 %),0,0,0,0,73195570,17.42
04/03/2022,-500,-29620000,59.5(0.00 %),0,0,500,29620000,73195570,17.42
07/03/2022,0,0,59.5(0.00 %),0,0,0,0,73195570,17.42
08/03/2022,0,0,59(-0.84 %),0,0,0,0,73196070,17.42
09/03/2022,0,0,58(-1.69 %),0,0,0,0,73196070,17.42
10/03/2022,0,0,58.8(1.38 %),0,0,0,0,73196070,17.42
11/03/2022,0,0,57.9(-1.53 %),0,0,0,0,73196070,17.42
14/03/2022,0,0,57.5(-0.69 %),0,0,0,0,73196070,17.42
15/03/2022,0,0,58.4(1.57 %),0,0,0,0,73196070,17.42
16/03/2022,0,0,58.1(-0.51 %),0,0,0,0,73196070,17.42
17/03/2022,0,0,59(1.55 %),0,0,0,0,73196070,17.42
18/03/2022,0,0,59(0.00 %),0,0,0,0,73196070,17.42
21/03/2022,0,0,58.8(-0.34 %),0,0,0,0,73196070,17.42
22/03/2022,0,0,58.5(-0.51 %),0,0,0,0,73162370,17.44
23/03/2022,0,0,59.5(1.71 %),0,0,0,0,73162370,17.44
24/03/2022,0,0,59(-0.84 %),0,0,0,0,73162370,17.44
25/03/2022,0,0,59.4(0.68 %),0,0,0,0,73162370,17.44
28/03/2022,0,0,59.5(0.17 %),0,0,0,0,73162370,17.44
29/03/2022,0,0,59.5(0.00 %),0,0,0,0,73162370,17.44
30/03/2022,0,0,59.3(-0.34 %),0,0,0,0,73162370,17.44
31/03/2022,0,0,59(-0.51 %),0,0,0,0,73162370,17.44
01/04/2022,0,0,59.3(0.51 %),0,0,0,0,73162370,17.44
04/04/2022,0,0,59.4(0.17 %),0,0,0,0,73162370,17.44
05/04/2022,0,0,59.4(0.00 %),0,0,0,0,73162370,17.44
06/04/2022,3000,178500000,59.4(0.00 %),3000,178500000,0,0,73159370,17.44
07/04/2022,100,5850000,58.6(-1.35 %),100,5850000,0,0,73159270,17.44
08/04/2022,0,0,58.1(-0.85 %),0,0,0,0,73159270,17.44
12/04/2022,0,0,58.3(0.34 %),0,0,0,0,73159270,17.44
13/04/2022,0,0,58.4(0.17 %),0,0,0,0,73159270,17.44
14/04/2022,0,0,58.1(-0.51 %),0,0,0,0,73159270,17.44
15/04/2022,0,0,58.3(0.34 %),0,0,0,0,73159270,17.44
18/04/2022,0,0,58.5(0.34 %),0,0,0,0,73159270,17.44
19/04/2022,0,0,58(-0.85 %),0,0,0,0,73159270,17.44
20/04/2022,0,0,58.2(0.34 %),0,0,0,0,73159270,17.44
21/04/2022,0,0,56.7(-2.58 %),0,0,0,0,73159270,17.44
22/04/2022,0,0,57.1(0.71 %),0,0,0,0,73159270,17.44
25/04/2022,100,5620000,58.8(2.98 %),100,5620000,0,0,73159170,17.44
26/04/2022,0,0,55.9(-4.93 %),0,0,0,0,73159170,17.44
27/04/2022,0,0,58(3.76 %),0,0,0,0,73159170,17.44
28/04/2022,500,29000000,58(0.00 %),500,29000000,0,0,73158670,17.44
29/04/2022,-100,-5800000,58(0.00 %),0,0,100,5800000,73158670,17.44
04/05/2022,0,0,57.3(-1.21 %),0,0,0,0,73158670,17.44
05/05/2022,0,0,57.5(0.35 %),0,0,0,0,73158670,17.44
06/05/2022,0,0,58.1(1.04 %),0,0,0,0,73158770,17.44
09/05/2022,0,0,56.1(-3.44 %),0,0,0,0,73158770,17.44
10/05/2022,0,0,55.5(-1.07 %),0,0,0,0,73158770,17.44
11/05/2022,0,0,56.1(1.08 %),0,0,0,0,73158770,17.44
12/05/2022,0,0,56.2(0.18 %),0,0,0,0,73158770,17.44
13/05/2022,0,0,56.7(0.89 %),0,0,0,0,73158770,17.44
16/05/2022,0,0,54.9(-3.17 %),0,0,0,0,73158770,17.44
17/05/2022,0,0,55.5(1.09 %),0,0,0,0,73158770,17.44
18/05/2022,0,0,54.6(-1.62 %),0,0,0,0,73158770,17.44
19/05/2022,0,0,54.6(0.00 %),0,0,0,0,73158770,17.44
20/05/2022,0,0,54(-1.10 %),0,0,0,0,73158770,17.44
23/05/2022,0,0,55.5(2.78 %),0,0,0,0,73158770,17.44
24/05/2022,0,0,54.9(-1.08 %),0,0,0,0,73158770,17.44
25/05/2022,0,0,55.2(0.55 %),0,0,0,0,73158770,17.44
26/05/2022,0,0,55.5(0.54 %),0,0,0,0,73158770,17.44
27/05/2022,0,0,54.5(-1.80 %),0,0,0,0,73158770,17.44
30/05/2022,200,10900000,54.5(0.00 %),200,10900000,0,0,73158570,17.44
31/05/2022,0,10900000,54.3(-0.37 %),0,10900000,0,0,73158570,17.44
01/06/2022,0,10900000,55.3(1.84 %),0,10900000,0,0,73158570,17.44
02/06/2022,0,10900000,54.3(-1.81 %),0,10900000,0,0,73158570,17.44
03/06/2022,0,10900000,55.2(1.66 %),0,10900000,0,0,73158570,17.44
06/06/2022,0,0,55(-0.36 %),0,0,0,0,73158570,17.44
07/06/2022,0,10900000,55(0.00 %),0,10900000,0,0,73158570,17.44
08/06/2022,200,10800000,54(-1.82 %),200,10800000,0,0,73158370,17.44
09/06/2022,0,10800000,54(0.00 %),0,10800000,0,0,73158370,17.44
10/06/2022,0,10800000,55(1.85 %),0,10800000,0,0,73158370,17.44
13/06/2022,0,10800000,54.1(-1.64 %),0,10800000,0,0,73158370,17.44
14/06/2022,0,10800000,55(1.66 %),0,10800000,0,0,73158370,17.44
15/06/2022,0,10800000,55(0.00 %),0,10800000,0,0,73158370,17.44
16/06/2022,0,10800000,54.9(-0.18 %),0,10800000,0,0,73158370,17.44
17/06/2022,0,10800000,53.3(-2.91 %),0,10800000,0,0,73158370,17.44
20/06/2022,100,5300000,53(-0.56 %),100,5300000,0,0,73158270,17.44
21/06/2022,0,5300000,54.6(3.02 %),0,5300000,0,0,73158270,17.44
22/06/2022,0,5300000,54.1(-0.92 %),0,5300000,0,0,73158270,17.44
23/06/2022,0,5300000,54.1(0.00 %),0,5300000,0,0,73158270,17.44
24/06/2022,0,5300000,54.1(0.00 %),0,5300000,0,0,73158270,17.44
27/06/2022,0,5300000,53.6(-0.92 %),0,5300000,0,0,73158270,17.44
28/06/2022,0,5300000,53.2(-0.75 %),0,5300000,0,0,73158270,17.44
29/06/2022,1000,52500000,53.2(0.00 %),1000,52500000,0,0,73157270,17.44
30/06/2022,0,53200000,52.7(-0.94 %),0,53200000,0,0,73157270,17.44
01/07/2022,0,0,52.1(-1.14 %),100,5210000,100,5210000,73157170,17.44
04/07/2022,0,0,53(1.73 %),0,5210000,0,5210000,73157170,0.0
05/07/2022,100,5380000,53.8(1.51 %),100,5380000,0,0,73157170,17.44
06/07/2022,0,5380000,53.8(0.00 %),0,5380000,0,0,73157170,17.44
07/07/2022,0,5380000,52.2(-2.97 %),0,5380000,0,0,73157170,17.44
08/07/2022,0,5380000,53.8(3.07 %),0,5380000,0,0,73157170,17.44
11/07/2022,0,5380000,53.4(-0.74 %),0,5380000,0,0,73157170,17.44
12/07/2022,0,5380000,53.4(0.00 %),0,5380000,0,0,73157170,17.44
13/07/2022,0,5380000,53.3(-0.19 %),0,5380000,0,0,73157170,17.44
14/07/2022,0,5380000,54.5(2.25 %),0,5380000,0,0,73157170,17.44
15/07/2022,100,5450000,54.5(0.00 %),100,5450000,0,0,73157070,17.44
18/07/2022,200,10620000,53.1(-2.57 %),200,10620000,0,0,73156870,17.44
19/07/2022,100,5300000,53(-0.19 %),100,5300000,0,0,73156770,17.44
20/07/2022,100,5310000,53.1(0.19 %),100,5310000,0,0,73156670,17.44
21/07/2022,0,5310000,53.1(0.00 %),0,5310000,0,0,73156670,17.44
22/07/2022,0,5310000,53.1(0.00 %),0,5310000,0,0,73156670,17.44
25/07/2022,0,5310000,53.8(1.32 %),0,5310000,0,0,73156670,17.44
26/07/2022,0,5310000,53.6(-0.37 %),0,5310000,0,0,73156670,17.44
27/07/2022,0,5310000,53.6(0.00 %),0,5310000,0,0,73156670,17.44
28/07/2022,0,5310000,53.8(0.37 %),0,5310000,0,0,73156670,17.44
29/07/2022,-900,-46800000,52(-3.35 %),100,5200000,1000,52000000,73156570,17.44
01/08/2022,0,-46800000,54.4(4.62 %),0,5200000,0,52000000,73156570,17.44
02/08/2022,0,-46800000,54.9(0.92 %),0,5200000,0,52000000,73157570,17.44
03/08/2022,0,-46800000,54.7(-0.36 %),0,5200000,0,52000000,73157570,17.44
04/08/2022,0,-46800000,54.6(-0.18 %),0,5200000,0,52000000,73157570,17.44
05/08/2022,0,-46800000,54.5(-0.18 %),0,5200000,0,52000000,73157570,17.44
08/08/2022,0,-46800000,54.9(0.73 %),0,5200000,0,52000000,73157570,17.44
09/08/2022,0,-46800000,54.9(0.00 %),0,5200000,0,52000000,73157570,17.44
10/08/2022,0,-46800000,54.6(-0.55 %),0,5200000,0,52000000,73157570,17.44
11/08/2022,0,-46800000,54.8(0.37 %),0,5200000,0,52000000,73157570,17.44
12/08/2022,0,-46800000,54.8(0.00 %),0,5200000,0,52000000,73157570,17.44
15/08/2022,0,-46800000,54.7(-0.18 %),0,5200000,0,52000000,73157570,17.44
16/08/2022,0,-46800000,53.7(-1.83 %),0,5200000,0,52000000,73157570,17.44
17/08/2022,0,-46800000,54.4(1.30 %),0,5200000,0,52000000,73157570,17.44
18/08/2022,0,-46800000,54.5(0.18 %),0,5200000,0,52000000,73157570,17.44
19/08/2022,0,-46800000,54.5(0.00 %),0,5200000,0,52000000,73157570,17.44
22/08/2022,0,-46800000,54.7(0.37 %),0,5200000,0,52000000,73157570,17.44
23/08/2022,0,-46800000,54(-1.28 %),0,5200000,0,52000000,73157570,17.44
24/08/2022,1100,59400000,54(0.00 %),1100,59400000,0,0,73156470,17.44
25/08/2022,-500,-27000000,54(0.00 %),0,0,500,27000000,73156470,17.44
26/08/2022,0,-27000000,54(0.00 %),0,0,0,27000000,73156470,17.44
29/08/2022,0,-27000000,54(0.00 %),0,0,0,27000000,73156970,17.44
30/08/2022,0,-27000000,53.9(-0.19 %),0,0,0,27000000,73156970,17.44
31/08/2022,500,27150000,54.3(0.74 %),500,27150000,0,0,73156470,17.44
05/09/2022,800,43200000,54(-0.55 %),800,43200000,0,0,73155670,17.44
06/09/2022,100,5400000,54(0.00 %),100,5400000,0,0,73155570,17.44
07/09/2022,100,5390000,53.9(-0.19 %),100,5390000,0,0,73155470,17.44
08/09/2022,-500,-26600000,53.2(-1.30 %),0,0,500,26600000,73155470,17.44
09/09/2022,-800,-42480000,53.1(-0.19 %),0,0,800,42480000,72807770,17.59
12/09/2022,-70,-42480000,53.5(0.75 %),0,0,70,42480000,72808270,17.59
13/09/2022,0,-42480000,53.5(0.00 %),0,0,0,42480000,72809070,17.59
14/09/2022,-200,-42480000,53.5(0.00 %),0,0,200,42480000,72809140,17.59
15/09/2022,-300,-10700000,53.5(0.00 %),0,0,300,10700000,0,17.59
16/09/2022,0,-10700000,53.3(-0.37 %),0,0,0,10700000,72809340,17.59
19/09/2022,0,-10700000,53.3(0.00 %),0,0,0,10700000,72809340,17.59
20/09/2022,-1000,-52500000,52.5(-1.50 %),0,0,1000,52500000,72809640,17.59
21/09/2022,0,-52500000,54(2.86 %),0,0,0,52500000,72809640,17.59
22/09/2022,0,-52500000,53.9(-0.19 %),0,0,0,52500000,72810640,17.59
23/09/2022,0,-52500000,53.8(-0.19 %),0,0,0,52500000,72810640,17.59
26/09/2022,0,-52500000,52.6(-2.23 %),0,0,0,52500000,72810640,17.59
27/09/2022,0,-52500000,52.5(-0.19 %),0,0,0,52500000,72810640,17.59
28/09/2022,0,-52500000,51(-2.86 %),0,0,0,52500000,72810640,17.59
29/09/2022,0,-52500000,51(0.00 %),0,0,0,52500000,72810640,17.59
30/09/2022,100,5100000,51(0.00 %),100,5100000,0,0,72810540,17.59
03/10/2022,0,5100000,51(0.00 %),0,5100000,0,0,72810540,17.59
04/10/2022,-70,-3570000,51(0.00 %),0,0,70,3570000,72810540,17.59
05/10/2022,1700,86530000,50.9(-0.20 %),1700,86530000,0,0,72808840,17.59
06/10/2022,100,4990000,49.9(-1.96 %),100,4990000,0,0,72808810,17.59
07/10/2022,0,4990000,48.2(-3.41 %),0,4990000,0,0,72808810,17.59
10/10/2022,1000,48000000,48(-0.41 %),1000,48000000,0,0,72807810,17.59
11/10/2022,100,4480000,44.8(-6.67 %),100,4480000,0,0,72807710,17.59
12/10/2022,0,4480000,45(0.45 %),0,4480000,0,0,72807710,17.59
13/10/2022,0,4480000,47.1(4.67 %),0,4480000,0,0,72807710,17.59
14/10/2022,0,4480000,47.1(0.00 %),0,4480000,0,0,72807710,17.59
17/10/2022,100,4550000,45.5(-3.40 %),100,4550000,0,0,72807610,17.59
18/10/2022,300,14130000,47.1(3.52 %),300,14130000,0,0,72807310,17.59
19/10/2022,0,0,48.95(3.93 %),0,0,0,0,72807310,17.59
20/10/2022,0,0,48.9(-0.20 %),0,0,0,0,72807310,17.59
21/10/2022,0,0,48.9(0.00 %),0,0,0,0,72807310,17.59
24/10/2022,0,0,46.1(-5.73 %),0,0,0,0,72807310,17.59
25/10/2022,0,0,45(-2.39 %),0,0,0,0,72807310,17.59
26/10/2022,0,0,44.1(-2.00 %),0,0,0,0,72807310,17.59
27/10/2022,0,0,46.75(6.01 %),0,0,0,0,72807310,17.59
28/10/2022,0,14130000,48(2.56 %),0,14130000,0,0,72807310,17.59
31/10/2022,0,14130000,46(-4.17 %),0,14130000,0,0,72807310,17.59
01/11/2022,0,14130000,47(2.17 %),0,14130000,0,0,72807310,17.59
02/11/2022,0,14130000,49.45(5.21 %),0,14130000,0,0,72807310,17.59
03/11/2022,0,14130000,49(-1.01 %),0,14130000,0,0,72807310,17.59
04/11/2022,200,9390000,46.95(-4.18 %),200,9390000,0,0,72807110,17.59
07/11/2022,200,9200000,46(-2.13 %),200,9200000,0,0,72806910,17.59
08/11/2022,1197,54463500,45.5(-1.09 %),1200,54600000,3,136500,72805710,17.59
09/11/2022,-37,-1702000,46(1.10 %),0,0,37,1702000,72805710,17.59
10/11/2022,0,-1702000,46(0.00 %),0,0,0,1702000,72805713,17.59
11/11/2022,0,-1702000,47(2.17 %),0,0,0,1702000,72805750,17.59
14/11/2022,0,-1702000,46.8(-0.43 %),0,0,0,1702000,72805750,17.59
15/11/2022,0,-1702000,44.3(-5.34 %),0,0,0,1702000,72805750,17.59
16/11/2022,0,-1702000,43.5(-1.81 %),0,0,0,1702000,72805750,17.59
17/11/2022,0,-1702000,43.6(0.23 %),0,0,0,1702000,72805750,17.59
18/11/2022,4000,182000000,45.5(4.36 %),4000,182000000,0,0,72801750,17.59
21/11/2022,300,13200000,44(-3.30 %),300,13200000,0,0,72801450,17.59
22/11/2022,0,13200000,44(0.00 %),0,13200000,0,0,72801450,17.59
23/11/2022,0,13200000,44.65(1.48 %),0,13200000,0,0,72801450,17.59
24/11/2022,100,4540000,45.4(1.68 %),200,9080000,100,4540000,72801250,17.59
25/11/2022,100,4530000,45.3(-0.22 %),100,4530000,0,0,72801150,17.59
28/11/2022,600,27000000,45(-0.66 %),600,27000000,0,0,72800550,17.59
29/11/2022,0,27000000,46(2.22 %),0,27000000,0,0,72800550,17.59
30/11/2022,500,22500000,45(-2.17 %),500,22500000,0,0,72800050,17.59
01/12/2022,0,22500000,46(2.22 %),0,22500000,0,0,72800150,17.59
02/12/2022,0,22500000,45.9(-0.22 %),0,22500000,0,0,72800150,17.59
05/12/2022,0,22500000,47.2(2.83 %),0,22500000,0,0,72800150,17.59
06/12/2022,0,22500000,47.35(0.32 %),0,22500000,0,0,72800150,17.59
07/12/2022,0,22500000,49.5(4.43 %),0,22500000,0,0,72800150,17.59
08/12/2022,600,29460000,49.1(-0.81 %),600,29460000,0,0,72799550,17.59
09/12/2022,0,29460000,49.6(1.02 %),0,29460000,0,0,72799550,17.59
12/12/2022,200,9880000,49.4(-0.40 %),200,9880000,0,0,72799350,17.59
13/12/2022,0,9880000,49.4(0.00 %),0,9880000,0,0,72799350,0.0
14/12/2022,300,14010000,46.7(-5.47 %),300,14010000,0,0,72799050,0.0
15/12/2022,100,4700000,47(0.64 %),100,4700000,0,0,72798950,17.59
16/12/2022,0,4700000,47(0.00 %),0,4700000,0,0,72798950,17.59
19/12/2022,0,4700000,45.75(-2.66 %),0,4700000,0,0,72798950,17.59
20/12/2022,0,4700000,46.7(1.97 %),0,4700000,0,0,72798950,17.59
21/12/2022,0,4700000,45(-3.64 %),0,4700000,0,0,72798950,17.59
22/12/2022,200,9300000,46.5(3.33 %),200,9300000,0,0,72798750,17.59
23/12/2022,0,9300000,46.5(0.00 %),0,9300000,0,0,72798750,17.59
26/12/2022,0,9300000,45(-3.23 %),0,9300000,0,0,72798750,17.59
27/12/2022,0,9300000,45.05(0.11 %),0,9300000,0,0,72798750,17.59
28/12/2022,0,9300000,46(2.00 %),0,9300000,0,0,72798750,17.59
29/12/2022,0,9300000,46(0.00 %),0,9300000,0,0,72798750,17.59
30/12/2022,0,9300000,46(0.00 %),0,9300000,0,0,72798750,17.59
03/01/2023,0,9300000,45.95(-0.11 %),0,9300000,0,0,72798750,17.59
04/01/2023,0,9300000,45.2(-1.74 %),0,9300000,0,0,72798750,17.59
05/01/2023,0,9300000,45.55(0.77 %),0,9300000,0,0,72798750,17.59
06/01/2023,0,9300000,46.45(1.86 %),0,9300000,0,0,72798750,17.59
09/01/2023,100,4580000,45.8(-1.51 %),100,4580000,0,0,72798650,17.59
10/01/2023,900,41400000,46(0.44 %),900,41400000,0,0,72797750,17.59
11/01/2023,0,41400000,45.95(-0.11 %),0,41400000,0,0,72797750,17.59
12/01/2023,0,41400000,45.7(-0.65 %),0,41400000,0,0,72797750,17.59
13/01/2023,0,41400000,45(-1.53 %),0,41400000,0,0,72797750,17.59
16/01/2023,0,41400000,44.9(-0.22 %),0,41400000,0,0,72797750,17.59
17/01/2023,-2000,-94000000,47(4.68 %),1000,47000000,3000,141000000,72796750,17.6
18/01/2023,0,-94000000,46.8(-0.43 %),0,47000000,0,141000000,72796750,17.6
19/01/2023,0,-94000000,46.5(-0.64 %),0,47000000,0,141000000,72799750,17.59
27/01/2023,-200,-9090000,45.45(-2.26 %),0,0,200,9090000,72799750,17.59
30/01/2023,0,-9090000,47.5(4.40 %),0,0,0,9090000,72799750,17.59
31/01/2023,0,-9090000,47.4(-0.21 %),0,0,0,9090000,72799950,17.59
01/02/2023,-130,-6097000,46.9(-1.05 %),0,0,130,6097000,72799950,17.59
02/02/2023,100,4660000,46.6(-0.64 %),100,4660000,0,0,72799850,17.59
03/02/2023,0,4660000,45.9(-1.50 %),0,4660000,0,0,72799980,17.59
06/02/2023,0,4660000,45.5(-0.87 %),0,4660000,0,0,72799980,17.59
07/02/2023,0,4660000,45.7(0.44 %),0,4660000,0,0,72799980,17.59
08/02/2023,200,9260000,46.3(1.31 %),200,9260000,0,0,72799780,17.59
09/02/2023,0,9260000,45.9(-0.86 %),0,9260000,0,0,72799780,17.59
10/02/2023,0,9260000,45.8(-0.22 %),0,9260000,0,0,72799780,17.59
13/02/2023,0,9260000,45(-1.75 %),0,9260000,0,0,72799780,17.59
14/02/2023,0,9260000,44.95(-0.11 %),0,9260000,0,0,72799780,17.59
15/02/2023,0,9260000,45(0.00 %),0,9260000,0,0,72799780,17.59
16/02/2023,500,22750000,45.5(1.11 %),500,22750000,0,0,72799280,17.59
17/02/2023,0,22750000,45.5(0.00 %),0,22750000,0,0,72799280,17.59
20/02/2023,1100,50050000,45.5(0.00 %),1100,50050000,0,0,72798180,17.59
21/02/2023,0,50050000,45.5(0.00 %),0,50050000,0,0,72798180,17.59
22/02/2023,0,50050000,45(-1.10 %),0,50050000,0,0,72798180,17.59
23/02/2023,0,50050000,45(0.00 %),0,50050000,0,0,72798180,17.59
24/02/2023,0,50050000,45(0.00 %),0,50050000,0,0,72798180,17.59
27/02/2023,0,50050000,45(0.00 %),0,50050000,0,0,72798180,17.59
28/02/2023,0,50050000,45(0.00 %),0,50050000,0,0,72798180,17.59
01/03/2023,-500,-22500000,45(0.00 %),0,0,500,22500000,72798180,17.59
02/03/2023,0,-22500000,45(0.00 %),0,0,0,22500000,72798180,17.59
03/03/2023,0,-22500000,45(0.00 %),0,0,0,22500000,72798680,17.59
06/03/2023,0,-22500000,45(0.00 %),0,0,0,22500000,72798680,17.59
07/03/2023,0,-22500000,44.95(-0.11 %),0,0,0,22500000,72798680,17.59
08/03/2023,0,-22500000,44.85(-0.33 %),0,0,0,22500000,72798680,17.59
09/03/2023,-100,-4400000,44(-2.00 %),0,0,100,4400000,72798680,17.59
10/03/2023,70,3090500,44.15(0.34 %),200,8830000,130,5739500,72798480,17.59
13/03/2023,0,3090500,44.95(1.70 %),0,8830000,0,5739500,72798480,17.59
14/03/2023,0,3090500,44.85(-0.33 %),0,8830000,0,5739500,72798710,17.59
15/03/2023,-700,-31500000,45(0.22 %),0,0,700,31500000,72798710,17.59
16/03/2023,-100,-4500000,45(0.00 %),0,0,100,4500000,72798710,17.59
17/03/2023,0,-4500000,45(0.00 %),0,0,0,4500000,72799410,17.59
20/03/2023,0,-4500000,44.5(-1.11 %),0,0,0,4500000,72799510,17.59
21/03/2023,-300,50050000,44.9(0.90 %),0,50050000,300,0,72799610,17.59
22/03/2023,300,13610000,44.2(-1.56 %),500,22450000,200,8840000,72799310,17.59
23/03/2023,0,0,44.2(0.00 %),0,0,0,0,72799310,17.59
24/03/2023,-800,-35090000,45.8(3.62 %),0,0,800,35090000,72800110,17.59
27/03/2023,0,0,45.5(-0.66 %),0,0,0,0,72800110,17.59
28/03/2023,-200,-8780000,43.9(-3.52 %),100,4390000,300,13170000,72800310,17.59
29/03/2023,-2700,-116235000,43.05(-1.94 %),0,0,2700,116235000,72800310,17.59
30/03/2023,-600,-25980000,43.3(0.46 %),0,0,600,25980000,72800610,17.59
31/03/2023,-500,-21600000,43.2(-0.23 %),0,0,500,21600000,72803310,17.59
03/04/2023,-1400,-60620000,43.3(0.23 %),0,0,1400,60620000,72803910,17.59
04/04/2023,-400,-17460000,43.65(0.81 %),800,34920000,1200,52380000,72803610,17.59
05/04/2023,0,-17460000,43.65(-0.11 %),0,34920000,0,52380000,72805010,17.59
06/04/2023,-100,-4370000,43.7(0.00 %),0,0,100,4370000,72806210,17.59
07/04/2023,-200,-8780000,43.9(0.46 %),0,0,200,8780000,72806210,17.59
10/04/2023,500,21850000,43.7(-0.46 %),500,21850000,0,0,72805810,17.59
11/04/2023,200,8700000,43.5(-0.46 %),200,8700000,0,0,72805810,17.59
12/04/2023,-400,-17440000,43.6(0.23 %),0,0,400,17440000,72805810,17.59
13/04/2023,0,-17440000,43.4(-0.46 %),0,0,0,17440000,72805810,17.59
14/04/2023,0,-17440000,43.9(1.15 %),0,0,0,17440000,72806210,17.59
17/04/2023,-200,-8680000,43.4(-1.14 %),0,0,200,8680000,72806210,17.59
18/04/2023,0,-8680000,43.4(0.00 %),0,0,0,8680000,72806210,17.59
19/04/2023,0,-8680000,43.4(0.00 %),0,0,0,8680000,72806410,17.59
20/04/2023,-100,-4340000,43.4(0.00 %),0,0,100,4340000,72806510,17.59
21/04/2023,-100,-4390000,43.9(1.15 %),0,0,100,4390000,72806410,17.59
24/04/2023,-100,-4390000,43.9(0.00 %),0,0,100,4390000,72806510,17.59
25/04/2023,0,-4390000,43.9(0.00 %),0,0,0,4390000,72806610,17.59
26/04/2023,0,-4390000,43.8(-0.23 %),0,0,0,4390000,72806710,17.59
27/04/2023,-600,-26230000,43.5(-0.68 %),0,0,600,26230000,72807310,17.59
28/04/2023,-200,-8620000,43.1(-0.92 %),0,0,200,8620000,72807510,17.59
04/05/2023,0,0,43.1(0.00 %),0,0,0,0,72806710,17.59
05/05/2023,-300,-12790000,43.1(0.00 %),0,0,300,12790000,72807510,17.59
08/05/2023,-200,-8620000,43.1(0.00 %),0,0,200,8620000,72807510,17.59
09/05/2023,-200,-8600000,43(-0.23 %),0,0,200,8600000,72807810,17.59
10/05/2023,-400,-17000000,42.5(-1.16 %),0,0,400,17000000,72808210,17.59
11/05/2023,-900,-38250000,43.5(2.35 %),600,25500000,1500,63750000,72807610,17.59
12/05/2023,-200,-8700000,43.5(0.00 %),100,4350000,300,13050000,72807910,17.59
15/05/2023,500,20375000,44(1.15 %),4100,178400000,3600,158025000,72807410,17.59
16/05/2023,200,8790000,43.95(-0.11 %),200,8790000,0,0,72807210,17.59
17/05/2023,-200,-8700000,43.5(-1.02 %),0,0,200,8700000,72807410,17.59
18/05/2023,0,0,43.45(-0.11 %),0,0,0,0,72807410,17.59
19/05/2023,-400,-17480000,43.5(0.12 %),0,0,400,17480000,72807810,17.59
22/05/2023,-800,-35300000,43.6(0.23 %),0,0,800,35300000,72808610,17.59
23/05/2023,-500,-21630000,43.5(-0.23 %),500,22000000,1000,43630000,72809110,17.59
24/05/2023,0,0,43.5(0.00 %),0,0,0,0,72809110,17.59
25/05/2023,0,0,43.4(-0.23 %),0,0,0,0,72809110,17.59
26/05/2023,-100,-4340000,43.4(0.00 %),0,0,100,4340000,72809210,17.59
29/05/2023,-700,-30370000,43.5(0.23 %),0,0,700,30370000,72809910,17.59
30/05/2023,0,0,43.9(0.92 %),0,0,0,0,72809910,17.59
31/05/2023,-200,-8780000,43.9(0.00 %),0,0,200,8780000,72810110,17.59
01/06/2023,-3500,-151205000,43.55(-0.80 %),0,0,3500,151205000,72811710,17.59
02/06/2023,0,0,43.55(0.00 %),0,0,0,0,72811710,17.59
05/06/2023,-2300,-100765000,43.85(0.69 %),100,4550000,2400,105315000,72814010,17.59
06/06/2023,0,0,43.6(-0.57 %),0,0,0,0,72814010,17.59
07/06/2023,-5300,-227300000,43.6(0.00 %),0,0,5300,227300000,72819310,17.59
08/06/2023,0,0,43.6(0.00 %),0,0,0,0,72819310,17.59
09/06/2023,-600,-25950000,43.1(-1.15 %),1000,43100000,1600,69050000,72819910,17.59
12/06/2023,-2100,-90990000,43.3(0.46 %),900,38880000,3000,129870000,72822010,17.58
13/06/2023,-300,-12990000,43.85(1.27 %),800,34640000,1100,47630000,72822310,17.58
14/06/2023,1000,43300000,43.3(-1.25 %),1000,43300000,0,0,72821310,17.58
15/06/2023,0,0,43.3(0.00 %),0,0,0,0,72821310,17.58
16/06/2023,1000,43400000,43.4(0.23 %),1000,43400000,0,0,72824010,17.58
19/06/2023,0,0,43.9(1.15 %),0,0,0,0,72824010,17.58
20/06/2023,0,0,43.9(0.00 %),0,0,0,0,72824010,17.58
21/06/2023,0,0,43.9(0.00 %),0,0,0,0,72824010,17.58
22/06/2023,0,0,43.3(-1.37 %),0,0,0,0,72824010,17.58
23/06/2023,-200,-8780000,43.9(1.39 %),0,0,200,8780000,72824210,17.58
26/06/2023,0,0,43.85(-0.11 %),0,0,0,0,72824010,17.58
27/06/2023,0,0,43.6(-0.68 %),0,0,0,0,72824010,17.58
28/06/2023,-800,-34520000,43.3(-0.69 %),0,0,800,34520000,72824810,17.58
29/06/2023,0,0,43.2(-0.23 %),0,0,0,0,72824810,17.58
30/06/2023,0,0,43.95(1.74 %),0,0,0,0,72824810,17.58
03/07/2023,0,0,43(-2.27 %),0,0,0,0,72825010,17.58
04/07/2023,800,34480000,44(2.33 %),800,34480000,0,0,72824210,17.58
05/07/2023,0,0,44(0.00 %),0,0,0,0,72824210,17.58
06/07/2023,400,16930000,42.1(-4.32 %),400,16930000,0,0,72823810,17.58
07/07/2023,0,0,42.5(0.95 %),0,0,0,0,72823810,17.58
10/07/2023,600,25650000,42.75(0.59 %),600,25650000,0,0,72823210,17.58
11/07/2023,0,0,42.75(-0.12 %),0,0,0,0,72823210,17.58
12/07/2023,100,4275000,42.5(-0.70 %),100,4275000,0,0,72823110,17.58
13/07/2023,1300,54990000,42.3(-0.47 %),1300,54990000,0,0,72821810,17.58
14/07/2023,0,0,42.9(1.42 %),0,0,0,0,72821810,17.58
17/07/2023,200,8450000,42.35(-1.28 %),200,8450000,0,0,72821610,17.58
18/07/2023,0,0,42.35(-0.12 %),0,0,0,0,72821610,17.58
19/07/2023,0,0,43(1.42 %),0,0,0,0,72821610,17.58
20/07/2023,500,21200000,42.9(-0.23 %),500,21200000,0,0,72821110,17.58
21/07/2023,1000,42600000,42.6(-0.70 %),1000,42600000,0,0,72820110,17.58
24/07/2023,300,12795000,42.65(0.12 %),300,12795000,0,0,72819810,17.59
25/07/2023,0,0,43(0.70 %),0,0,0,0,72819810,17.59
26/07/2023,100,4225000,43(0.00 %),100,4225000,0,0,72819710,17.59
27/07/2023,0,0,43(0.00 %),0,0,0,0,72819710,17.59
28/07/2023,800,34240000,42.8(-0.47 %),800,34240000,0,0,72818910,17.59
31/07/2023,0,0,42.9(0.23 %),0,0,0,0,72818910,17.59
01/08/2023,500,21520000,43(0.23 %),500,21520000,0,0,72818910,17.59
02/08/2023,500,21425000,43.2(0.47 %),500,21425000,0,0,72818410,17.59
03/08/2023,0,0,43.5(0.69 %),0,0,0,0,72818410,17.59
04/08/2023,600,25820000,43.55(0.11 %),600,25820000,0,0,72817310,17.59
07/08/2023,0,0,43.9(0.80 %),0,0,0,0,72817310,17.59
08/08/2023,0,0,44(0.23 %),0,0,0,0,72817310,17.59
09/08/2023,0,0,44(0.00 %),0,0,0,0,72817310,17.59
10/08/2023,0,0,44.9(2.05 %),0,0,0,0,72817310,17.59
11/08/2023,0,0,44.9(0.00 %),0,0,0,0,72817310,17.59
14/08/2023,-700,-31430000,44.8(-0.22 %),0,0,700,31430000,72817310,17.59
15/08/2023,0,0,44(-1.79 %),0,0,0,0,72817310,17.59
16/08/2023,-26000,-1125845000,43.2(-1.82 %),1000,43500000,27000,1169345000,72817010,17.59
17/08/2023,100,4330000,43.4(0.46 %),100,4330000,0,0,72816910,17.59
18/08/2023,0,0,42.8(-1.38 %),0,0,0,0,72843950,17.57
21/08/2023,100,4280000,42.75(-0.12 %),100,4280000,0,0,72843850,17.57
22/08/2023,100,4275000,43.15(0.82 %),100,4275000,0,0,72843750,17.57
23/08/2023,0,0,42.95(-0.46 %),0,0,0,0,72843750,17.57
24/08/2023,-100,-4295000,43(0.12 %),0,0,100,4295000,72843850,17.57
25/08/2023,-1900,-81700000,43.5(1.16 %),100,4300000,2000,86000000,72843650,17.57
28/08/2023,-2000,-86000000,43(-1.15 %),0,0,2000,86000000,72845650,17.57
29/08/2023,0,0,42.75(-0.58 %),0,0,0,0,72845800,17.57
30/08/2023,0,0,43(0.58 %),0,0,0,0,72845800,17.57
31/08/2023,900,38430000,42.75(-0.58 %),900,38430000,0,0,72846900,17.57
05/09/2023,-100,-4300000,42.7(-0.12 %),0,0,100,4300000,72846900,17.57
06/09/2023,-200,-8605000,42.95(0.59 %),100,4295000,300,12900000,72847100,17.57
07/09/2023,-300,-12900000,43.45(1.16 %),0,0,300,12900000,72846900,17.57
08/09/2023,200,8620000,43(-1.04 %),200,8620000,0,0,72847000,17.57
11/09/2023,1900,82410000,43.8(1.86 %),1900,82410000,0,0,72845400,17.57
12/09/2023,0,0,43.5(-0.68 %),0,0,0,0,72845400,17.57
13/09/2023,0,0,44(1.15 %),0,0,0,0,72845400,17.57
14/09/2023,2000,86000000,43.4(-1.36 %),2000,86000000,0,0,72843400,17.57
15/09/2023,0,0,43(-0.92 %),0,0,0,0,72843400,17.57
18/09/2023,0,0,43.4(0.93 %),0,0,0,0,72843400,17.57
19/09/2023,0,0,43(-0.92 %),0,0,0,0,72843300,17.57
20/09/2023,0,0,43.35(0.81 %),0,0,0,0,72843300,17.57
21/09/2023,100,4300000,43(-0.81 %),100,4300000,0,0,72843200,17.57
22/09/2023,-100,-4280000,42.55(-1.05 %),0,0,100,4280000,72843200,17.57
25/09/2023,0,0,41.85(-1.65 %),0,0,0,0,72843200,17.57
26/09/2023,0,0,41.8(-0.12 %),0,0,0,0,72843300,17.57
27/09/2023,0,0,41.15(-1.56 %),0,0,0,0,72843300,17.57
28/09/2023,0,0,41.5(0.85 %),0,0,0,0,72843300,17.57
29/09/2023,0,0,41.6(0.24 %),0,0,0,0,72843300,17.57
02/10/2023,0,0,41.65(0.12 %),0,0,0,0,72843300,17.57
03/10/2023,100,4165000,41.65(0.00 %),100,4165000,0,0,72843200,17.57
04/10/2023,0,0,41(-1.56 %),0,0,0,0,72843200,17.57
05/10/2023,0,0,40.5(-1.22 %),0,0,0,0,72843200,17.57
06/10/2023,1600,64800000,40.5(0.00 %),1600,64800000,0,0,72841600,17.58
09/10/2023,1500,60750000,40.6(0.25 %),1500,60750000,0,0,72840100,17.58
10/10/2023,0,0,41.1(1.23 %),0,0,0,0,72840100,17.58
11/10/2023,0,0,41(-0.24 %),0,0,0,0,72840100,17.58
12/10/2023,0,0,40.85(-0.37 %),0,0,0,0,72840100,17.58
13/10/2023,0,0,40.1(-1.84 %),0,0,0,0,72840100,17.58
16/10/2023,0,0,40.6(1.25 %),0,0,0,0,72840100,17.58
17/10/2023,0,0,41(0.99 %),0,0,0,0,72840100,17.58
18/10/2023,0,0,40.35(-1.59 %),0,0,0,0,72840100,17.58
19/10/2023,0,0,40.2(-0.37 %),0,0,0,0,72840100,17.58
20/10/2023,0,0,41(1.99 %),0,0,0,0,72840100,17.58
23/10/2023,0,0,40.5(-1.22 %),0,0,0,0,72840100,17.58
24/10/2023,0,0,40.6(0.25 %),0,0,0,0,72840100,17.58
25/10/2023,0,0,40.5(-0.25 %),0,0,0,0,72840100,17.58
26/10/2023,0,0,38.8(-4.20 %),0,0,0,0,72840100,17.58
27/10/2023,0,0,39.5(1.80 %),0,0,0,0,72840100,17.58
30/10/2023,200,7800000,39(-1.27 %),200,7800000,0,0,72839900,17.58
31/10/2023,0,0,38.15(-2.18 %),0,0,0,0,72839900,17.58
01/11/2023,0,0,38(-0.39 %),0,0,0,0,72839900,17.58
02/11/2023,0,0,39.2(3.16 %),0,0,0,0,72839900,17.58
03/11/2023,0,0,39.3(0.26 %),0,0,0,0,72839900,17.58
06/11/2023,100,3930000,39.3(0.00 %),100,3930000,0,0,72839800,17.58
07/11/2023,0,0,40.5(3.05 %),0,0,0,0,72839800,17.58
08/11/2023,0,0,41.2(1.73 %),0,0,0,0,72839850,17.58
09/11/2023,0,0,42.3(2.67 %),0,0,0,0,72839850,17.58
10/11/2023,0,0,42.2(-0.24 %),0,0,0,0,72839850,17.58
13/11/2023,0,0,41.2(-2.37 %),0,0,0,0,72839850,17.58
14/11/2023,0,0,42.9(4.13 %),0,0,0,0,72839850,17.58
15/11/2023,0,0,42.6(-0.70 %),0,0,0,0,72839850,17.58
16/11/2023,0,0,42.1(-1.17 %),0,0,0,0,72839850,17.58
17/11/2023,0,0,41.5(1.47 %),0,0,0,0,72839850,17.58
20/11/2023,0,0,42.5(2.41 %),0,0,0,0,72839850,17.58
21/11/2023,0,0,42.5(0.00 %),0,0,0,0,72839850,17.58
22/11/2023,0,0,41.05(-3.41 %),0,0,0,0,72839850,17.58
23/11/2023,0,0,41(-0.12 %),0,0,0,0,72839850,17.58
24/11/2023,0,0,40.7(-0.73 %),0,0,0,0,72839850,17.58
27/11/2023,0,0,40.05(-1.60 %),0,0,0,0,72839850,17.58
28/11/2023,0,0,40(-0.12 %),0,0,0,0,72839850,17.58
29/11/2023,0,0,41.2(3.00 %),0,0,0,0,72839850,17.58
30/11/2023,0,0,40.25(-2.31 %),0,0,0,0,72839850,17.58
01/12/2023,0,0,42(4.35 %),0,0,0,0,72839850,17.58
04/12/2023,0,0,40.5(-3.57 %),0,0,0,0,72839850,17.58
05/12/2023,0,0,39.2(-3.21 %),0,0,0,0,72839850,17.58
06/12/2023,0,0,41.5(5.87 %),0,0,0,0,72839850,17.58
07/12/2023,500,19650000,39.9(-3.86 %),1000,39900000,500,20250000,72839350,17.58
08/12/2023,100,3980000,39.8(-0.25 %),100,3980000,0,0,72839250,17.58
11/12/2023,0,0,40(0.50 %),0,0,0,0,72839250,17.58
12/12/2023,1000,38800000,39(-2.50 %),1000,38800000,0,0,72838250,17.58
13/12/2023,0,0,38.9(-0.26 %),0,0,0,0,72838250,17.58
14/12/2023,0,0,38.85(-0.13 %),0,0,0,0,72838250,17.58
15/12/2023,0,0,38.9(0.13 %),0,0,0,0,72838250,17.58
18/12/2023,0,0,39(0.26 %),0,0,0,0,72838250,17.58
19/12/2023,0,0,39(0.00 %),0,0,0,0,72838250,17.58
20/12/2023,0,0,39(0.00 %),0,0,0,0,72838250,17.58
21/12/2023,0,0,38.5(-1.28 %),0,0,0,0,72838250,17.58
22/12/2023,0,0,38.7(0.52 %),0,0,0,0,72838250,17.58
25/12/2023,0,0,40(3.36 %),0,0,0,0,72838250,17.58
26/12/2023,300,12210000,40.45(1.12 %),300,12210000,0,0,72837950,17.58
27/12/2023,0,0,40(-1.11 %),0,0,0,0,72837950,17.58
28/12/2023,0,0,40(0.00 %),0,0,0,0,72837950,17.58
29/12/2023,0,0,40(0.00 %),0,0,0,0,72837950,17.58
02/01/2024,-800,-31205000,39.5(-1.25 %),0,0,800,31205000,72837950,17.58
03/01/2024,0,0,40(1.27 %),0,0,0,0,72837950,17.58
04/01/2024,-100,-3950000,39.9(-0.25 %),0,0,100,3950000,72838050,17.58
05/01/2024,0,0,39.5(-1.00 %),0,0,0,0,72838050,17.58
08/01/2024,0,0,39.55(0.13 %),0,0,0,0,72838050,17.58
09/01/2024,0,0,39.5(-0.13 %),0,0,0,0,72838850,17.58
10/01/2024,0,0,39(-1.27 %),0,0,0,0,72838850,17.58
11/01/2024,0,0,39(0.00 %),0,0,0,0,72838850,17.58
12/01/2024,0,0,40.4(3.59 %),0,0,0,0,72838050,17.58
15/01/2024,0,0,39.5(-2.23 %),0,0,0,0,72838850,17.58
16/01/2024,0,0,40(1.27 %),0,0,0,0,72838850,17.58
17/01/2024,-100,-3990000,39.9(-0.25 %),0,0,100,3990000,72838850,17.58
18/01/2024,0,0,39.1(-2.01 %),0,0,0,0,72838150,17.58
19/01/2024,200,7790000,39.9(2.05 %),200,7790000,0,0,72837950,17.58
22/01/2024,0,0,39.1(-2.01 %),0,0,0,0,72837950,17.58
23/01/2024,0,0,39.15(0.13 %),0,0,0,0,72837950,17.58
24/01/2024,0,0,39.5(0.89 %),0,0,0,0,72837950,17.58
25/01/2024,0,0,39(-1.27 %),0,0,0,0,72837950,17.58
26/01/2024,0,0,39(0.00 %),0,0,0,0,72837950,17.58
29/01/2024,0,0,39.7(1.79 %),0,0,0,0,72838750,17.58
30/01/2024,0,0,39.1(-1.51 %),0,0,0,0,72838750,17.58
31/01/2024,0,0,38.7(-1.02 %),0,0,0,0,72838750,17.58
01/02/2024,0,0,39.7(2.58 %),0,0,0,0,72838750,17.58
02/02/2024,0,0,38.55(-2.90 %),0,0,0,0,72838750,17.58
05/02/2024,0,-15000,39(1.17 %),100,3940000,100,3955000,72838750,17.58
06/02/2024,0,0,38.3(-1.79 %),0,0,0,0,72838650,17.58
07/02/2024,0,0,38.4(0.26 %),0,0,0,0,72838750,17.58
15/02/2024,0,0,39.5(2.86 %),0,0,0,0,72838750,17.58
16/02/2024,100,3920000,39.3(-0.51 %),100,3920000,0,0,72838650,17.58
19/02/2024,0,0,39(-0.76 %),0,0,0,0,72838650,17.58
20/02/2024,0,0,39(0.00 %),0,0,0,0,72838650,17.58
21/02/2024,1000,39000000,39(0.00 %),1000,39000000,0,0,72837650,17.58
22/02/2024,-500,-19270000,39.1(0.26 %),500,20000000,1000,39270000,72837650,17.58
23/02/2024,0,0,39.1(0.00 %),0,0,0,0,72838150,17.58
26/02/2024,0,0,39(-0.26 %),0,0,0,0,72838150,17.58
27/02/2024,0,0,39(0.00 %),0,0,0,0,72838150,17.58
28/02/2024,0,0,39(0.00 %),0,0,0,0,72838150,17.58
29/02/2024,180,7020000,39(0.00 %),200,7800000,20,780000,72837950,17.58
01/03/2024,0,0,38.8(-0.51 %),0,0,0,0,72837950,17.58
04/03/2024,-1000,-38815000,38.85(0.13 %),0,0,1000,38815000,72838950,17.58
05/03/2024,0,0,38.7(-0.39 %),0,0,0,0,72837970,17.58
06/03/2024,-800,-31520000,39.4(1.81 %),0,0,800,31520000,72839750,17.58
07/03/2024,0,0,39.4(0.00 %),0,0,0,0,72839750,17.58
08/03/2024,0,0,39.4(0.00 %),0,0,0,0,72839750,17.58
11/03/2024,0,0,39(-1.02 %),0,0,0,0,72839750,17.58
12/03/2024,0,0,39(0.00 %),0,0,0,0,72840870,17.58
13/03/2024,0,0,39(0.00 %),0,0,0,0,72840870,17.58
14/03/2024,0,0,39(0.00 %),0,0,0,0,72840870,17.58
15/03/2024,0,0,38.95(-0.13 %),0,0,0,0,72840870,17.58
18/03/2024,-100,-3840000,38.4(-1.41 %),0,0,100,3840000,72840870,17.58
19/03/2024,0,0,38.9(1.30 %),0,0,0,0,72840870,17.58
20/03/2024,0,0,38.9(0.00 %),0,0,0,0,72840970,17.58
21/03/2024,0,0,38.4(-1.29 %),0,0,0,0,72840970,17.58
22/03/2024,0,0,38.6(0.52 %),0,0,0,0,72840970,17.58
25/03/2024,0,0,39(1.04 %),0,0,0,0,72840970,17.58
26/03/2024,-1000,-38650000,38.6(-1.03 %),0,0,1000,38650000,72841970,17.58
27/03/2024,0,0,39(1.04 %),0,0,0,0,72840970,17.58
28/03/2024,0,0,38.9(-0.26 %),0,0,0,0,72841970,17.58
29/03/2024,0,0,38.7(-0.51 %),0,0,0,0,72841970,17.58
01/04/2024,0,0,38.7(0.00 %),0,0,0,0,72841970,17.58
02/04/2024,100,3865000,38.65(-0.13 %),100,3865000,0,0,72841870,17.58
03/04/2024,300,11550000,38.5(-0.39 %),300,11550000,0,0,72841570,17.58
04/04/2024,0,0,38.7(0.52 %),0,0,0,0,72841570,17.58
05/04/2024,0,0,38.5(-0.52 %),0,0,0,0,72841570,17.58
08/04/2024,-1100,-42630000,38.6(0.26 %),0,0,1100,42630000,72842670,17.58
09/04/2024,0,0,38.8(0.52 %),0,0,0,0,72842670,17.58
10/04/2024,-1000,-38930000,38.8(0.00 %),0,0,1000,38930000,72843670,17.57
11/04/2024,0,0,39(0.52 %),0,0,0,0,72842670,17.58
12/04/2024,0,0,39.05(0.13 %),0,0,0,0,72843670,17.57
15/04/2024,0,0,39.5(1.15 %),0,0,0,0,72843670,17.57
16/04/2024,-900,-35360000,39(-1.27 %),200,7880000,1100,43240000,72844570,17.57
17/04/2024,300,11560000,38.3(-1.79 %),300,11560000,0,0,72843370,17.57
19/04/2024,-3400,-131335000,38.65(0.91 %),100,3940000,3500,135275000,72846770,17.57
22/04/2024,0,0,38.8(0.39 %),0,0,0,0,72844170,17.57
23/04/2024,0,0,38.4(-1.03 %),0,0,0,0,72847670,17.57
24/04/2024,0,0,38.1(-0.78 %),0,0,0,0,72846770,17.57
25/04/2024,0,0,38.1(0.00 %),0,0,0,0,72846770,17.57
26/04/2024,0,0,38.1(0.00 %),0,0,0,0,72847670,17.57
02/05/2024,-1200,-45710000,38.9(2.10 %),0,0,1200,45710000,72847670,17.57
03/05/2024,-1000,-38500000,38.5(-1.03 %),0,0,1000,38500000,72847670,17.57
06/05/2024,100,3815000,37.2(-3.38 %),100,3815000,0,0,72848770,17.57
07/05/2024,-3000,-112830000,37.25(0.13 %),0,0,3000,112830000,72849770,17.57
08/05/2024,0,0,37.25(0.00 %),0,0,0,0,72849770,17.57
09/05/2024,-2000,-75450000,37.8(1.48 %),0,0,2000,75450000,72852770,17.57
10/05/2024,-900,-34040000,37.9(0.26 %),100,3780000,1000,37820000,72852670,17.57
13/05/2024,0,0,38(0.26 %),0,0,0,0,72854670,17.57
14/05/2024,-1100,-41730000,37.7(-0.79 %),0,0,1100,41730000,72855570,17.57
15/05/2024,-1000,-37810000,38(0.80 %),0,0,1000,37810000,72856570,17.57
16/05/2024,0,0,38(0.00 %),0,0,0,0,72856570,17.57
17/05/2024,-1600,-60975000,38.05(0.13 %),0,0,1600,60975000,72857770,17.57
20/05/2024,-1000,-37825000,37.8(-0.66 %),0,0,1000,37825000,72857770,17.57
21/05/2024,-1000,-37820000,38.5(1.85 %),0,0,1000,37820000,72859370,17.57
22/05/2024,1000,37990000,37.25(-3.25 %),1100,41790000,100,3800000,72859270,17.57
23/05/2024,-900,-33660000,37.85(1.61 %),0,0,900,33660000,72860270,17.57
24/05/2024,-900,-33520000,37.5(-0.92 %),1100,41230000,2000,74750000,72860970,17.57
27/05/2024,200,7440000,36.9(-1.60 %),200,7440000,0,0,72859970,17.57
28/05/2024,0,0,37.15(0.68 %),0,0,0,0,72861970,17.57
29/05/2024,0,0,38(2.29 %),0,0,0,0,72861970,17.57
30/05/2024,100,3850000,38.2(0.53 %),100,3850000,0,0,72861870,17.57
31/05/2024,0,0,38.2(0.00 %),0,0,0,0,72861870,17.57
03/06/2024,400,15200000,38.3(0.26 %),400,15200000,0,0,72861870,17.57
04/06/2024,200,7660000,38.3(0.00 %),200,7660000,0,0,72861670,17.57
05/06/2024,-900,-36950000,40.95(6.92 %),100,4000000,1000,40950000,72862570,17.57
06/06/2024,-400,-16560000,41.05(0.24 %),0,0,400,16560000,72861170,17.57
07/06/2024,1891,77235550,40.15(-2.19 %),2200,89920000,309,12684450,72859970,17.57
10/06/2024,0,0,39.9(-0.62 %),0,0,0,0,72859970,17.57
11/06/2024,100,3935000,39.15(-1.88 %),100,3935000,0,0,72861170,17.57
12/06/2024,400,15950000,39.8(1.66 %),400,15950000,0,0,72860179,17.57
13/06/2024,0,0,39.8(0.00 %),0,0,0,0,72860179,17.57
14/06/2024,-3300,-128340000,39.8(0.00 %),0,0,3300,128340000,72860179,17.57
17/06/2024,0,0,39.1(-1.76 %),0,0,0,0,72860179,17.57
18/06/2024,-500,-19200000,38.4(-1.79 %),0,0,500,19200000,72863479,17.57
19/06/2024,600,23160000,38.9(1.30 %),600,23160000,0,0,72862879,17.57
20/06/2024,0,0,39.45(1.41 %),0,0,0,0,72863379,17.57
21/06/2024,0,0,39(-1.14 %),0,0,0,0,72863379,17.57
24/06/2024,100,3900000,39(0.00 %),100,3900000,0,0,72863279,17.57
25/06/2024,0,0,39(0.00 %),0,0,0,0,72863279,17.57
26/06/2024,0,0,39(0.00 %),0,0,0,0,72863279,17.57
27/06/2024,0,0,40.4(3.59 %),0,0,0,0,72863279,17.57
28/06/2024,300,11640000,38.6(-4.46 %),300,11640000,0,0,72862979,17.57
04/07/2024,0,0,38.2(-1.04 %),0,0,0,0,72862779,0.0
05/07/2024,0,0,39.25(2.75 %),0,0,0,0,72862779,0.0
08/07/2024,0,0,39(-0.64 %),0,0,0,0,72862779,0.0
09/07/2024,800,31480000,39(0.00 %),800,31480000,0,0,72861979,0.0
10/07/2024,0,0,38.5(-1.28 %),0,0,0,0,72861979,0.0
11/07/2024,0,0,38.5(0.00 %),0,0,0,0,72861979,0.0
12/07/2024,0,0,38.4(-0.26 %),0,0,0,0,72861979,0.0
15/07/2024,0,0,38.45(0.13 %),0,0,0,0,72861979,0.0
16/07/2024,0,0,38.45(0.00 %),0,0,0,0,72861979,0.0
17/07/2024,0,0,38.4(-0.13 %),0,0,0,0,72861979,0.0
18/07/2024,0,0,38.4(0.00 %),0,0,0,0,72861979,0.0
19/07/2024,0,0,38.3(-0.26 %),0,0,0,0,72861979,0.0
22/07/2024,0,0,38.5(0.52 %),0,0,0,0,72861979,0.0
23/07/2024,100,3800000,38(-1.30 %),100,3800000,0,0,72861879,0.0
24/07/2024,0,0,38(0.00 %),0,0,0,0,72861879,0.0
25/07/2024,0,0,38(0.00 %),0,0,0,0,72861879,0.0
26/07/2024,0,0,38.5(1.32 %),0,0,0,0,72861879,0.0
29/07/2024,0,0,38.5(0.00 %),0,0,0,0,72861879,0.0
30/07/2024,0,0,38.5(0.00 %),0,0,0,0,72861879,0.0
31/07/2024,0,0,38.5(0.00 %),0,0,0,0,72861879,0.0
01/08/2024,0,0,38.5(0.00 %),0,0,0,0,72861879,0.0
02/08/2024,0,0,39.1(1.56 %),0,0,0,0,72861879,0.0
05/08/2024,100,3800000,38(-2.81 %),100,3800000,0,0,72861779,0.0
06/08/2024,100,3800000,38(0.00 %),100,3800000,0,0,72861679,0.0
07/08/2024,0,0,38(0.00 %),0,0,0,0,72861679,0.0
08/08/2024,100,3800000,38(0.00 %),100,3800000,0,0,72861579,0.0
09/08/2024,0,0,39(2.63 %),0,0,0,0,72861579,0.0
12/08/2024,0,0,39.5(1.28 %),100,3940000,100,3940000,72861579,0.0
13/08/2024,-100,-3995000,39.95(1.14 %),0,0,100,3995000,72861679,0.0
14/08/2024,-900,-35540000,39.5(-1.13 %),100,3960000,1000,39500000,72862579,0.0
15/08/2024,0,0,39.4(3.68 %),0,0,0,0,72862579,0.0
16/08/2024,0,0,39.4(0.00 %),0,0,0,0,72862579,0.0
19/08/2024,0,0,39.35(-0.13 %),0,0,0,0,72862579,0.0
20/08/2024,0,0,39.35(0.00 %),0,0,0,0,72862579,0.0
21/08/2024,3400,132260000,38.9(-1.14 %),3400,132260000,0,0,72859179,0.0
22/08/2024,700,27250000,38.8(-0.26 %),700,27250000,0,0,72858479,0.0
23/08/2024,400,15520000,38.8(0.00 %),400,15520000,0,0,72858079,0.0
26/08/2024,0,0,38.8(0.00 %),0,0,0,0,72858079,0.0
27/08/2024,-700,-26770000,38.4(-1.03 %),0,0,700,26770000,72858779,0.0
28/08/2024,0,0,38.8(1.04 %),0,0,0,0,72858779,0.0
29/08/2024,0,0,38.6(-0.52 %),0,0,0,0,72858779,0.0
30/08/2024,0,0,38.9(0.78 %),0,0,0,0,72858779,0.0
04/09/2024,0,0,38.9(0.00 %),0,0,0,0,72858770,0.0
05/09/2024,0,0,38.2(-1.80 %),0,0,0,0,72858770,0.0
06/09/2024,0,0,38(-0.52 %),0,0,0,0,72858770,0.0
09/09/2024,0,0,38(0.00 %),0,0,0,0,72858770,0.0
10/09/2024,0,0,38(0.00 %),0,0,0,0,72858770,0.0
11/09/2024,0,0,38.1(0.26 %),0,0,0,0,72858770,0.0
12/09/2024,100,3800000,38(-0.26 %),100,3800000,0,0,72858670,0.0
13/09/2024,0,0,38(0.00 %),0,0,0,0,72858670,0.0
16/09/2024,0,0,38(0.00 %),0,0,0,0,72858670,0.0
17/09/2024,0,0,38(0.00 %),0,0,0,0,72858670,0.0
18/09/2024,0,0,38(0.00 %),0,0,0,0,72858670,0.0
19/09/2024,0,0,38(0.00 %),0,0,0,0,72858670,0.0
20/09/2024,0,0,38.1(0.26 %),0,0,0,0,72858670,0.0
23/09/2024,0,0,38.1(0.00 %),0,0,0,0,72858670,0.0
24/09/2024,-500,-19050000,37.9(-0.52 %),0,0,500,19050000,72859170,0.0
25/09/2024,0,0,37.9(0.00 %),0,0,0,0,72859170,0.0
26/09/2024,-500,-18750000,37.5(-1.06 %),0,0,500,18750000,72859670,0.0
27/09/2024,-3900,-144360000,36.9(-1.60 %),100,3700000,4000,148060000,72863570,0.0
30/09/2024,-200,-7400000,37(0.27 %),0,0,200,7400000,72863770,0.0
01/10/2024,0,0,37.3(0.81 %),0,0,0,0,72859570,0.0
02/10/2024,0,0,37(-0.80 %),0,0,0,0,72859570,0.0
03/10/2024,0,0,37.9(2.43 %),0,0,0,0,72859570,0.0
04/10/2024,0,0,37.9(0.00 %),0,0,0,0,72859570,0.0
07/10/2024,0,0,37.5(-1.06 %),0,0,0,0,72859570,0.0
08/10/2024,0,0,37.5(0.00 %),0,0,0,0,72859570,0.0
09/10/2024,0,0,37.5(0.00 %),0,0,0,0,72859570,0.0
10/10/2024,0,0,37.5(0.00 %),0,0,0,0,72859570,0.0
11/10/2024,100,3840000,38(1.33 %),100,3840000,0,0,72859470,0.0
14/10/2024,0,0,38(0.00 %),0,0,0,0,72859470,0.0
15/10/2024,0,0,39(2.63 %),0,0,0,0,72859470,0.0
16/10/2024,0,0,39(0.00 %),0,0,0,0,72859470,0.0
17/10/2024,0,0,39(0.00 %),0,0,0,0,72859470,0.0
18/10/2024,0,0,39(0.00 %),0,0,0,0,72859470,0.0
21/10/2024,100,3830000,38.3(-1.79 %),100,3830000,0,0,72859370,0.0
22/10/2024,0,0,38.3(0.00 %),0,0,0,0,72859370,0.0
23/10/2024,0,0,38.3(0.00 %),0,0,0,0,72859370,0.0
24/10/2024,0,0,38.85(1.44 %),0,0,0,0,72859370,0.0
25/10/2024,0,0,38.3(-1.42 %),0,0,0,0,72859370,0.0
28/10/2024,0,0,38.3(0.00 %),0,0,0,0,72859370,0.0
29/10/2024,0,0,38.2(-0.26 %),0,0,0,0,72859370,0.0
30/10/2024,0,0,39(2.09 %),0,0,0,0,72859370,0.0
31/10/2024,0,0,38.4(-1.54 %),0,0,0,0,72859370,0.0
01/11/2024,-100,-3950000,39.5(2.86 %),0,0,100,3950000,72863590,0.0
04/11/2024,0,0,39.45(-0.13 %),0,0,0,0,72863590,0.0
05/11/2024,0,0,39(-1.14 %),0,0,0,0,72863590,0.0
06/11/2024,0,0,39(0.00 %),0,0,0,0,72863590,0.0
07/11/2024,0,0,39.5(1.28 %),0,0,0,0,72863590,0.0
08/11/2024,0,0,39(-1.27 %),0,0,0,0,72863590,0.0
11/11/2024,-2500,-95300000,38(-2.56 %),600,22800000,3100,118100000,72866090,0.0
12/11/2024,0,0,38(0.00 %),0,0,0,0,72869282,17.56
13/11/2024,0,0,39(2.63 %),0,0,0,0,72866090,0.0
14/11/2024,0,0,39(0.00 %),0,0,0,0,72866090,0.0
15/11/2024,0,0,39(0.00 %),0,0,0,0,72866090,0.0
18/11/2024,0,0,38.9(-0.26 %),0,0,0,0,72866090,0.0
19/11/2024,0,0,38.9(0.00 %),0,0,0,0,72866090,0.0
20/11/2024,0,0,38.9(0.00 %),0,0,0,0,72866090,0.0
21/11/2024,0,0,38.35(-1.41 %),0,0,0,0,72866090,0.0
22/11/2024,0,0,38.35(0.00 %),0,0,0,0,72866090,0.0
25/11/2024,0,0,38.35(0.00 %),0,0,0,0,72866190,17.57
26/11/2024,-3000,-114250000,38(-0.91 %),0,0,3000,114250000,72866190,17.57
27/11/2024,0,0,38.8(2.11 %),0,0,0,0,72866190,17.57
28/11/2024,0,0,38.8(0.00 %),0,0,0,0,72869190,17.56
29/11/2024,-400,-15400000,38.5(-0.77 %),0,0,400,15400000,72869190,17.56
02/12/2024,0,0,38(-1.30 %),0,0,0,0,72869190,17.56
03/12/2024,0,0,38(0.00 %),0,0,0,0,72869590,17.56
04/12/2024,0,0,38(0.00 %),0,0,0,0,72869590,17.56
05/12/2024,0,0,38.65(1.71 %),0,0,0,0,72869590,17.56
09/12/2024,100,3870000,38.7(0.00 %),100,3870000,0,0,72869482,17.56
10/12/2024,-600,-22750000,38.6(-0.26 %),200,7670000,800,30420000,72869282,17.56
16/12/2024,0,0,38(0.00 %),0,0,0,0,72869982,17.56
17/12/2024,-300,-11300000,38.1(0.26 %),0,0,300,11300000,72869982,17.56
18/12/2024,100,3700000,37(-2.89 %),100,3700000,0,0,72869882,17.56
19/12/2024,100,3665000,36.5(-1.35 %),100,3665000,0,0,72870082,17.56
20/12/2024,0,0,37.25(2.05 %),0,0,0,0,72870082,17.56
24/12/2024,0,0,36.65(-1.61 %),0,0,0,0,72870082,17.56
25/12/2024,0,0,37.95(3.55 %),0,0,0,0,72870082,17.56
26/12/2024,0,0,38.7(1.98 %),0,0,0,0,72870082,17.56
27/12/2024,0,0,38.4(-0.78 %),0,0,0,0,72870082,17.56
30/12/2024,0,0,38.05(-0.91 %),0,0,0,0,72870082,17.56
31/12/2024,0,0,38.05(0.00 %),0,0,0,0,72870082,17.56
02/01/2025,100,3770000,37.5(-1.45 %),100,3770000,0,0,72869982,17.56
03/01/2025,0,0,36.1(-3.73 %),0,0,0,0,72869982,17.56
06/01/2025,0,0,38.45(6.51 %),0,0,0,0,72869982,17.56
07/01/2025,0,0,38.45(0.00 %),0,0,0,0,72869982,17.56
08/01/2025,0,0,37.1(-3.51 %),0,0,0,0,72869982,17.56
09/01/2025,-200,-7400000,37(-0.27 %),0,0,200,7400000,72869982,17.56
10/01/2025,0,0,37(0.00 %),0,0,0,0,72869982,17.56
13/01/2025,0,0,37(0.00 %),0,0,0,0,72870195,17.56
14/01/2025,0,0,37(0.00 %),0,0,0,0,72870195,17.56
15/01/2025,0,0,37(0.00 %),0,0,0,0,72870195,17.56
16/01/2025,0,0,37(0.00 %),0,0,0,0,72870195,0.0
17/01/2025,-2200,-80005000,36.5(-1.35 %),0,0,2200,80005000,72870195,17.56
20/01/2025,0,0,36.5(0.00 %),0,0,0,0,72870195,17.56
21/01/2025,0,0,36.5(0.00 %),0,0,0,0,72872395,17.56
22/01/2025,200,7740000,38(4.11 %),200,7740000,0,0,72872195,17.56
23/01/2025,0,0,37(-2.63 %),0,0,0,0,72872195,17.56
24/01/2025,0,0,37(0.00 %),0,0,0,0,72872195,17.56
03/02/2025,-400,-14840000,0(0.00 %),0,0,400,14840000,72872195,17.56
04/02/2025,0,0,38.9(4.85 %),0,0,0,0,72872195,17.56
05/02/2025,0,0,38.9(0.00 %),0,0,0,0,72872595,17.56
06/02/2025,0,0,37.5(-3.60 %),0,0,0,0,72872595,17.56
07/02/2025,0,0,37.1(-1.07 %),0,0,0,0,72872595,17.56
10/02/2025,400,15200000,35.65(-3.91 %),400,15200000,0,0,72872195,17.56
11/02/2025,0,0,38.05(6.73 %),0,0,0,0,72872195,17.56
12/02/2025,0,0,38.05(0.00 %),0,0,0,0,72872195,17.56
13/02/2025,0,0,37.5(-1.45 %),0,0,0,0,72872195,17.56
14/02/2025,100,3750000,37.5(0.00 %),100,3750000,0,0,72872095,17.56
17/02/2025,0,0,37(-1.33 %),0,0,0,0,72872095,17.56
18/02/2025,0,0,37(0.00 %),0,0,0,0,72872095,17.56
19/02/2025,100,3740000,37.5(1.35 %),100,3740000,0,0,72871995,17.56
20/02/2025,0,0,37.2(-0.80 %),0,0,0,0,72871995,17.56
21/02/2025,0,0,37.5(0.81 %),0,0,0,0,72871995,17.56
24/02/2025,0,0,37(-1.33 %),0,0,0,0,72871995,17.56
25/02/2025,0,0,37(0.00 %),0,0,0,0,72871995,17.56
26/02/2025,0,0,37(0.00 %),0,0,0,0,72871995,17.56
27/02/2025,-100,-3610000,37(0.00 %),0,0,100,3610000,72871995,17.56
28/02/2025,0,0,37(0.00 %),0,0,0,0,72871995,17.56
03/03/2025,0,0,38.1(2.97 %),0,0,0,0,72872095,17.56
04/03/2025,0,0,37(-2.89 %),0,0,0,0,72872095,17.56
05/03/2025,0,0,37.7(1.89 %),0,0,0,0,72872095,17.56
06/03/2025,0,0,37.7(0.00 %),0,0,0,0,72872095,17.56
07/03/2025,200,7480000,36.9(-2.12 %),200,7480000,0,0,72871895,17.56
10/03/2025,-100,-3860000,38.6(4.61 %),0,0,100,3860000,72871895,17.56
11/03/2025,0,0,36.5(-5.44 %),0,0,0,0,72871895,17.56
12/03/2025,0,0,36.5(0.00 %),0,0,0,0,72871995,17.56
13/03/2025,-1000,-36500000,37.05(1.51 %),0,0,1000,36500000,72871995,17.56
14/03/2025,0,0,37.5(1.21 %),0,0,0,0,72871995,17.56
17/03/2025,0,0,37.5(0.00 %),0,0,0,0,72872995,17.56
18/03/2025,0,0,37.5(0.00 %),0,0,0,0,72872995,17.56
19/03/2025,0,0,37.5(0.00 %),0,0,0,0,72872995,17.56
20/03/2025,0,0,37.5(0.00 %),0,0,0,0,72872995,17.56
21/03/2025,0,0,37.2(-0.80 %),0,0,0,0,72872995,17.56
24/03/2025,0,0,36.8(-1.08 %),0,0,0,0,72872995,17.56
25/03/2025,0,0,37(0.54 %),0,0,0,0,72872995,17.56
26/03/2025,0,0,37(0.00 %),0,0,0,0,72872995,17.56
27/03/2025,200,7300000,36.55(-1.22 %),200,7300000,0,0,72872795,17.56
28/03/2025,0,0,36.55(0.00 %),0,0,0,0,72872795,17.56
31/03/2025,0,0,36.55(0.00 %),0,0,0,0,72872795,17.56
01/04/2025,0,0,37.8(3.42 %),0,0,0,0,72872795,17.56
02/04/2025,0,0,37.8(0.00 %),0,0,0,0,72872795,17.56
03/04/2025,0,0,36(-4.76 %),0,0,0,0,72872795,17.56
04/04/2025,0,0,36.2(0.56 %),0,0,0,0,72872795,17.56
08/04/2025,0,0,35(-3.31 %),0,0,0,0,72872795,17.56
09/04/2025,0,0,35(0.00 %),0,0,0,0,72872795,17.56
10/04/2025,0,0,37.45(7.00 %),0,0,0,0,72872795,17.56
11/04/2025,0,0,37.45(0.00 %),0,0,0,0,72872795,17.56
14/04/2025,0,0,37.45(0.00 %),0,0,0,0,72872795,17.56
15/04/2025,0,0,35(-6.54 %),0,0,0,0,72872795,17.56
16/04/2025,0,0,37.45(7.00 %),0,0,0,0,72872795,17.56
17/04/2025,200,7490000,37.5(0.13 %),200,7490000,0,0,72872595,17.56
18/04/2025,0,0,37.5(0.00 %),0,0,0,0,72872595,17.56
21/04/2025,-100,-3740000,37.4(-0.27 %),0,0,100,3740000,72872595,17.56
22/04/2025,200,7000000,35(-6.42 %),200,7000000,0,0,72872395,17.56
23/04/2025,0,0,36(2.86 %),0,0,0,0,72872495,17.56
24/04/2025,0,0,36(0.00 %),0,0,0,0,72872495,17.56
25/04/2025,0,0,36.5(1.39 %),0,0,0,0,72872495,17.56
28/04/2025,0,0,36.25(-0.68 %),0,0,0,0,72872495,17.56
29/04/2025,0,0,37(2.07 %),0,0,0,0,72872495,17.56
05/05/2025,0,0,37(0.00 %),0,0,0,0,72872495,17.56
06/05/2025,0,0,37.95(2.57 %),0,0,0,0,72872495,17.56
07/05/2025,0,0,35.95(-5.27 %),0,0,0,0,72872495,17.56
08/05/2025,0,0,37(2.92 %),0,0,0,0,72872495,17.56
09/05/2025,0,0,37(0.00 %),0,0,0,0,72872495,17.56
12/05/2025,0,0,37(0.00 %),0,0,0,0,72872495,17.56
13/05/2025,100,3690000,36.2(-2.16 %),100,3690000,0,0,72872395,17.56
14/05/2025,0,0,36.15(-0.14 %),0,0,0,0,72872395,17.56
15/05/2025,0,0,38.55(6.64 %),0,0,0,0,72872395,17.56
16/05/2025,0,0,36.1(-6.36 %),0,0,0,0,72872395,17.56
19/05/2025,0,0,36.1(0.00 %),0,0,0,0,72872395,17.56
20/05/2025,0,-7400000,37.3(3.32 %),0,0,0,7400000,72872395,17.56
21/05/2025,0,0,37.3(0.00 %),0,0,0,0,72872395,17.56
22/05/2025,0,0,37.3(0.00 %),0,0,0,0,72872595,17.56
23/05/2025,0,0,36.8(-1.34 %),0,0,0,0,72872595,17.56
26/05/2025,0,0,36.9(0.27 %),0,0,0,0,72872595,17.56
27/05/2025,0,0,36.9(0.00 %),0,0,0,0,72872595,17.56
28/05/2025,0,0,36.9(0.00 %),0,0,0,0,72872595,17.56
29/05/2025,0,0,37.2(0.81 %),0,0,0,0,72872595,17.56
30/05/2025,100,3740000,37.4(0.54 %),100,3740000,0,0,72872495,17.56
02/06/2025,0,0,37.4(0.00 %),0,0,0,0,72872495,17.56
03/06/2025,100,3600000,36(-3.74 %),100,3600000,0,0,72872395,17.56
04/06/2025,0,0,36.1(0.28 %),0,0,0,0,72872395,17.56
05/06/2025,0,0,37.5(3.88 %),0,0,0,0,72872395,17.56
06/06/2025,200,7420000,37.25(-0.67 %),200,7420000,0,0,72872195,17.56
09/06/2025,100,3630000,36.1(0.00 %),100,3630000,0,0,72872095,17.56
10/06/2025,0,0,36.1(0.00 %),0,0,0,0,72872095,17.56
11/06/2025,0,0,36.3(0.55 %),0,0,0,0,72872095,17.56
12/06/2025,0,0,37.85(4.27 %),0,0,0,0,72872095,17.56
13/06/2025,0,0,36.6(-3.30 %),0,0,0,0,72872095,17.56
16/06/2025,0,0,36(-1.64 %),0,0,0,0,72872095,17.56
17/06/2025,-300,-11050000,36.85(2.36 %),0,0,300,11050000,72872095,17.56
18/06/2025,100,3450000,36.2(-1.76 %),100,3450000,0,0,72871995,17.56
19/06/2025,-100,-3680000,36.75(1.52 %),0,0,100,3680000,72872295,17.56
20/06/2025,0,0,36.75(0.00 %),0,0,0,0,72872295,17.56
23/06/2025,0,0,36.75(0.00 %),0,0,0,0,72872395,17.56
24/06/2025,0,0,36.75(0.00 %),0,0,0,0,72872395,17.56
25/06/2025,0,0,36.7(-0.14 %),0,0,0,0,72872395,17.56
26/06/2025,0,0,36.65(-0.14 %),0,0,0,0,72872395,17.56
27/06/2025,-100,-3660000,36.65(0.00 %),0,0,100,3660000,72872395,17.56
30/06/2025,0,0,36.7(0.14 %),0,0,0,0,72872445,17.56
01/07/2025,600,22200000,36.3(-1.09 %),600,22200000,0,0,72871945,17.56
02/07/2025,0,0,36.3(0.00 %),0,0,0,0,72871945,17.56
03/07/2025,0,0,36.5(0.55 %),0,0,0,0,72871945,17.56
04/07/2025,0,0,36.65(0.41 %),0,0,0,0,72871945,17.56
07/07/2025,0,0,36.6(-0.14 %),0,0,0,0,72871945,17.56
08/07/2025,0,0,36.1(-1.37 %),100,3660000,100,3660000,72871945,17.56
09/07/2025,0,0,36.2(0.28 %),0,0,0,0,72871945,17.56
10/07/2025,100,3560000,36.7(1.38 %),100,3560000,0,0,72871945,17.56
11/07/2025,0,0,36.6(-0.27 %),0,0,0,0,72871845,17.56
14/07/2025,0,0,36.7(0.27 %),0,0,0,0,72871845,17.56
15/07/2025,0,0,36.7(0.00 %),0,0,0,0,72871845,17.56
16/07/2025,0,0,36.8(0.27 %),0,0,0,0,72871845,17.56
17/07/2025,200,7200000,36(-2.17 %),200,7200000,0,0,72871845,17.56
18/07/2025,0,0,36.1(0.28 %),0,0,0,0,72871645,17.56
21/07/2025,0,0,36.1(0.00 %),0,0,0,0,72871645,17.56
22/07/2025,0,0,36.1(0.00 %),0,0,0,0,72871645,17.56
23/07/2025,0,0,36.7(1.66 %),0,0,0,0,72871645,17.56
24/07/2025,-100,-3670000,36(-1.91 %),0,0,100,3670000,72871645,17.56
25/07/2025,0,0,36.5(1.39 %),0,0,0,0,72871645,17.56
28/07/2025,100,3650000,37.4(2.47 %),100,3650000,0,0,72871645,17.56
29/07/2025,0,0,37.4(0.00 %),0,0,0,0,72871645,17.56
30/07/2025,100,3720000,37.1(-0.80 %),100,3720000,0,0,72871545,17.56
31/07/2025,-100,-3700000,37(-0.27 %),0,0,100,3700000,72871545,17.56
01/08/2025,0,0,37(0.00 %),0,0,0,0,72871545,17.56
04/08/2025,100,3610000,36.1(-2.43 %),100,3610000,0,0,72871545,17.56
05/08/2025,100,3610000,35(-3.05 %),100,3610000,0,0,72871445,17.56
06/08/2025,0,0,36(2.86 %),0,0,0,0,72871445,17.56
07/08/2025,0,0,35(-2.78 %),0,0,0,0,72871445,17.56
08/08/2025,200,7000000,35.05(0.14 %),200,7000000,0,0,72871245,17.56
11/08/2025,300,10240000,34.2(-2.43 %),300,10240000,0,0,72870945,17.56
12/08/2025,1700,57800000,34(-0.58 %),1700,57800000,0,0,72869245,17.56
13/08/2025,0,0,33.95(-0.15 %),0,0,0,0,72869245,17.56
14/08/2025,200,6800000,34(0.15 %),200,6800000,0,0,72869045,17.56
15/08/2025,0,0,34(0.00 %),0,0,0,0,72869045,17.56
18/08/2025,-300,-10200000,33.8(-0.59 %),0,0,300,10200000,72869045,17.56
19/08/2025,500,16740000,33.5(-0.89 %),500,16740000,0,0,72868545,17.56
20/08/2025,0,0,33.5(0.00 %),0,0,0,0,72868845,17.56
21/08/2025,-100,-3260000,33.5(0.00 %),0,0,100,3260000,72868845,17.56
22/08/2025,300,9730000,32.7(-2.39 %),400,13080000,100,3350000,72868845,17.56
25/08/2025,0,0,33.25(1.68 %),0,0,0,0,72868545,17.56
