Ngay,KLGDRong,GTDGRong,ThayDoi,KLMua,GtMua,KLBan,GtBan,RoomConLai,DangSoHuu
21/05/2012,1355080,51968784000,0(0.00 %),1355080,51968784000,0,0,921330920,0.38
22/05/2012,701340,30107297000,0(0.00 %),901340,38707297000,200000,8600000000,920629580,0.42
23/05/2012,721600,30141166000,0(0.00 %),721600,30141166000,0,0,919907980,0.46
24/05/2012,830100,32308900000,0(0.00 %),830100,32308900000,0,0,919077880,0.5
25/05/2012,271940,10435840000,0(0.00 %),334940,12919559000,63000,2483719000,918805940,0.51
28/05/2012,153350,5824154000,0(0.00 %),153350,5824154000,0,0,918652590,0.52
29/05/2012,101980,3734396000,0(0.00 %),182180,6671736000,80200,2937340000,918550610,0.53
30/05/2012,72780,2729774000,0(0.00 %),72780,2729774000,0,0,918477830,0.53
31/05/2012,100600,3737083000,37.2(-1.59 %),101000,3751963000,400,14880000,918377230,0.54
01/06/2012,60550,2253960000,37.2(0.00 %),78550,2924060000,18000,670100000,918218080,0.55
04/06/2012,136740,4952007000,35.6(-4.30 %),172340,6220650000,35600,1268643000,918081340,0.55
05/06/2012,20290,721510000,35.6(0.00 %),160290,5664510000,140000,4943000000,918197790,0.55
06/06/2012,10430,369644000,35.8(0.56 %),10430,369644000,0,0,918187360,0.55
07/06/2012,98880,3679063000,37.5(4.75 %),248880,9114063000,150000,5435000000,918088480,0.55
08/06/2012,205170,7910680000,37.5(0.00 %),300320,11491026000,95150,3580346000,917883310,0.56
11/06/2012,40500,1565783000,36.8(-1.87 %),70500,2678500000,30000,1112717000,917842810,0.57
12/06/2012,65000,2404351000,36.3(-1.36 %),115000,4244351000,50000,1840000000,917777810,0.57
13/06/2012,410,15047000,36.4(0.28 %),410,15047000,0,0,917777400,0.57
14/06/2012,36960,1343707000,36.4(0.00 %),68960,2506683000,32000,1162976000,917740440,0.57
15/06/2012,46990,1728624000,37.1(1.92 %),46990,1728624000,0,0,917693450,0.57
18/06/2012,120070,4515131000,37.9(2.16 %),120070,4515131000,0,0,917573380,0.58
19/06/2012,197060,7481184000,37.9(0.00 %),197060,7481184000,0,0,917376320,0.59
20/06/2012,130040,4979657000,38.4(1.32 %),131040,5018157000,1000,38500000,917246280,0.6
21/06/2012,98790,3803382000,38.5(0.26 %),98790,3803382000,0,0,917147490,0.6
22/06/2012,-88530,-3406245000,38.6(0.26 %),143470,5525755000,232000,8932000000,917236020,0.6
25/06/2012,102350,3894645000,37.9(-1.81 %),110050,4186475000,7700,291830000,917133670,0.6
26/06/2012,50210,1894577000,37.9(0.00 %),50210,1894577000,0,0,917083460,0.61
27/06/2012,45540,1731215000,38(0.26 %),45540,1731215000,0,0,917037920,0.61
28/06/2012,307590,11820470000,38.5(1.32 %),309590,11897270000,2000,76800000,916730330,0.62
29/06/2012,320100,12294140000,38.4(-0.26 %),320100,12294140000,0,0,916410230,0.64
02/07/2012,351000,13797884000,38.5(0.26 %),351000,13797884000,0,0,916019090,0.66
03/07/2012,40000,1538600000,38.6(0.26 %),40000,1538600000,0,0,915979090,0.66
04/07/2012,122000,4687490000,38.3(-0.78 %),122000,4687490000,0,0,915857090,0.67
05/07/2012,100,3830000,38.3(0.00 %),100,3830000,0,0,915856990,0.67
06/07/2012,10420,395086000,38.3(0.00 %),10420,395086000,0,0,915846570,0.67
09/07/2012,12960,493335000,38(-0.78 %),12960,493335000,0,0,915833610,0.67
10/07/2012,40070,1505582000,37.5(-1.32 %),40700,1529333000,630,23751000,915793540,0.67
11/07/2012,6780,255730000,37.8(0.80 %),6780,255730000,0,0,915786760,0.67
12/07/2012,580,21966000,37.9(0.26 %),580,21966000,0,0,915786180,0.67
13/07/2012,53820,2046388000,38.1(0.53 %),53820,2046388000,0,0,915732360,0.68
16/07/2012,55700,2126493000,38.3(0.52 %),59700,2279693000,4000,153200000,915676660,0.68
17/07/2012,153510,5888880000,38.3(0.00 %),153510,5888880000,0,0,915523150,0.69
18/07/2012,136080,5221281000,38.4(0.26 %),136080,5221281000,0,0,915387070,0.69
19/07/2012,1001000,39131962000,40.1(4.43 %),1003000,39211362000,2000,79400000,914386070,0.75
20/07/2012,213000,8437458000,39.6(-1.25 %),213000,8437458000,0,0,914173070,0.76
23/07/2012,60290,2375402000,39.4(-0.51 %),60290,2375402000,0,0,914112780,0.76
24/07/2012,30000,1160600000,38.6(-2.03 %),30000,1160600000,0,0,914082780,0.76
25/07/2012,35550,1367955000,38.6(0.00 %),35550,1367955000,0,0,914047230,0.77
26/07/2012,19300,746718000,38.9(0.78 %),19300,746718000,0,0,914027930,0.77
27/07/2012,35660,1384814000,38.8(-0.26 %),35690,1385978000,30,1164000,913992270,0.77
30/07/2012,20000,775622000,39.2(1.03 %),20000,775622000,0,0,913972270,0.77
31/07/2012,30870,1203364000,38.9(-0.77 %),30870,1203364000,0,0,913941400,0.77
01/08/2012,113100,4409302000,39(0.26 %),113100,4409302000,0,0,913830270,0.78
02/08/2012,296290,11668020000,39.3(0.77 %),296290,11668020000,0,0,913533980,0.79
03/08/2012,295000,11505000000,39.3(0.00 %),295000,11505000000,0,0,913238980,0.81
06/08/2012,268400,10539875000,39.4(0.25 %),268410,10540272000,10,397000,912970580,0.82
07/08/2012,24000,944806000,39.4(0.00 %),24000,944806000,0,0,912946580,0.82
08/08/2012,71080,2785352000,39.1(-0.76 %),72080,2824652000,1000,39300000,912875500,0.83
09/08/2012,154100,6035630000,39.1(0.00 %),154100,6035630000,0,0,912721400,0.84
10/08/2012,79960,3127771000,39.1(0.00 %),79960,3127771000,0,0,912641440,0.84
13/08/2012,44810,1748090000,39.1(0.00 %),44810,1748090000,0,0,912596630,0.84
14/08/2012,62950,2465626000,39.2(0.26 %),62950,2465626000,0,0,912533680,0.85
15/08/2012,118350,4654730000,39.4(0.51 %),119340,4693736000,990,39006000,912415330,0.85
16/08/2012,242430,9702736000,40.1(1.78 %),294430,11787936000,52000,2085200000,912172900,0.86
17/08/2012,898020,37143549000,41.6(3.74 %),923520,38202249000,25500,1058700000,911274880,0.91
20/08/2012,120020,5020580000,41.9(0.72 %),220970,9250430000,100950,4229850000,911154860,0.92
21/08/2012,416420,16641642000,39.9(-4.77 %),478890,19134195000,62470,2492553000,910738440,0.94
22/08/2012,235660,9496830000,40.5(1.50 %),235660,9496830000,0,0,910502780,0.95
23/08/2012,477450,18441575000,38.5(-4.94 %),477450,18441575000,0,0,910025330,0.98
24/08/2012,207400,8011744000,39.5(2.60 %),275440,10703777000,68040,2692033000,909817930,0.99
27/08/2012,111800,4220229000,37.6(-4.81 %),131800,4972740000,20000,752511000,909706130,0.99
28/08/2012,30710,1165564000,38.3(1.86 %),64400,2443513000,33690,1277949000,909675420,1.0
29/08/2012,904490,36285635000,40.2(4.96 %),904990,36305635000,500,20000000,908770930,1.04
30/08/2012,464570,19062141000,41(1.99 %),514570,21112141000,50000,2050000000,908306360,1.07
31/08/2012,945670,38530499000,40.8(2.00 %),1093670,44564444000,148000,6033945000,907360690,1.12
04/09/2012,467570,19176731000,41.1(0.74 %),478570,19628031000,11000,451300000,906683650,1.15
05/09/2012,105770,4310093000,40.6(-1.22 %),105770,4310093000,0,0,906577880,1.16
06/09/2012,100620,4051593000,39(-3.94 %),103440,4161573000,2820,109980000,906477260,1.16
07/09/2012,218840,8708540000,40.9(4.87 %),278220,11090461000,59380,2381921000,906258420,1.18
10/09/2012,367140,14625954000,39.9(-2.44 %),367140,14625954000,0,0,905891280,1.2
11/09/2012,95090,3819949000,40.2(0.75 %),95090,3819949000,0,0,905796190,1.2
12/09/2012,416110,16922754000,40.8(1.49 %),428310,17420674000,12200,497920000,905380080,1.22
13/09/2012,336900,13838028000,41.3(1.23 %),336900,13838028000,0,0,905043180,1.24
14/09/2012,515100,21492212000,41.8(1.21 %),542910,22653290000,27810,1161078000,904528080,1.27
17/09/2012,54930,2285752000,41.3(-1.20 %),54980,2287842000,50,2090000,904473150,1.27
18/09/2012,79670,3217464000,40.2(-2.66 %),79670,3217464000,0,0,904393480,1.27
19/09/2012,221130,8953498000,40.7(1.24 %),222130,8993998000,1000,40500000,904172350,1.29
20/09/2012,100,4070000,40(-1.72 %),100,4070000,0,0,904172250,1.29
21/09/2012,-18970,-758586000,40(0.00 %),40700,1626534000,59670,2385120000,904191220,1.29
24/09/2012,-259110,-10078292000,38.8(-3.00 %),88020,3423178000,347130,13501470000,904450330,1.27
25/09/2012,126140,4996884000,39.8(2.58 %),270240,10722581000,144100,5725697000,904324190,1.28
26/09/2012,12420,495920000,40(0.50 %),67220,2683420000,54800,2187500000,904311770,1.28
27/09/2012,25300,1005335000,39.2(-2.00 %),134500,5322041000,109200,4316706000,904286470,1.28
28/09/2012,148040,5871812000,40.1(2.30 %),192040,7624292000,44000,1752480000,904138430,1.29
01/10/2012,-89520,-3481424000,38.7(-3.49 %),1590,63600000,91110,3545024000,904237540,1.28
02/10/2012,-90900,-3520202000,38.7(0.00 %),20000,774000000,110900,4294202000,904328440,1.28
03/10/2012,-158650,-6149835000,38.7(0.00 %),10050,388930000,168700,6538765000,904487090,1.27
04/10/2012,-74240,-2877432000,38.8(0.26 %),258100,9993090000,332340,12870522000,904561330,1.27
05/10/2012,35740,1424405000,39.6(2.06 %),145140,5709865000,109400,4285460000,904525590,1.27
08/10/2012,164370,6554855000,39.7(0.25 %),265500,10559716000,101130,4004861000,904361220,1.28
09/10/2012,158780,6319264000,39.7(0.00 %),458780,18299264000,300000,11980000000,904202440,1.28
10/10/2012,-3050,-120170000,39.7(0.00 %),0,0,3050,120170000,904205490,1.28
11/10/2012,-4000,-158200000,39.7(0.00 %),0,0,4000,158200000,904209490,1.28
12/10/2012,-21200,-839453000,39.4(-0.76 %),19000,754679000,40200,1594132000,904230690,1.28
15/10/2012,-28910,-1121486000,38.7(-1.78 %),0,0,28910,1121486000,904259600,1.28
16/10/2012,-40510,-1584093000,39(0.78 %),61500,2400300000,102010,3984393000,904300110,1.28
17/10/2012,-5870,-229320000,38.9(-0.26 %),4870,189540000,10740,418860000,904305980,1.28
18/10/2012,-18100,-707216000,38.9(0.00 %),100000,3920000000,118100,4627216000,904324080,1.28
19/10/2012,99040,3910671000,39.8(2.31 %),199540,7859371000,100500,3948700000,904225040,1.28
22/10/2012,0,0,39.4(-1.01 %),100000,3924800000,100000,3924800000,904225040,1.28
23/10/2012,81000,3229136000,40(1.52 %),91000,3626836000,10000,397700000,904144040,1.29
24/10/2012,33170,1323266000,39.8(-0.50 %),33170,1323266000,0,0,904110870,1.29
25/10/2012,0,0,39.3(-1.26 %),0,0,0,0,904110870,1.29
26/10/2012,11100,435430000,39.3(0.00 %),11100,435430000,0,0,904099770,1.28
29/10/2012,24140,953365000,39.5(0.51 %),24140,953365000,0,0,904075630,1.29
30/10/2012,10390,411841000,39.6(0.25 %),41890,1661242000,31500,1249401000,904065240,1.29
31/10/2012,628500,25000897000,39.5(-0.25 %),632000,25139897000,3500,139000000,903436740,1.33
01/11/2012,170000,6715400000,39.5(0.00 %),170000,6715400000,0,0,903430650,1.33
02/11/2012,31190,1203634000,38.6(-2.28 %),31190,1203634000,0,0,903399460,1.33
05/11/2012,40750,1583700000,38.9(0.78 %),41750,1622500000,1000,38800000,903358710,1.33
06/11/2012,7090,276122000,39(0.26 %),7090,276122000,0,0,903351620,1.33
07/11/2012,81910,3194108000,39(0.00 %),81910,3194108000,0,0,903269710,1.33
08/11/2012,93100,3632150000,39(0.00 %),93100,3632150000,0,0,903176610,1.34
09/11/2012,168450,6576588000,39(0.00 %),168450,6576588000,0,0,903008160,1.35
12/11/2012,616730,24068337000,39(0.00 %),616730,24068337000,0,0,902391430,1.38
13/11/2012,125250,4885750000,39(0.00 %),125250,4885750000,0,0,902266180,1.39
14/11/2012,122460,4775988000,39(0.00 %),122460,4775988000,0,0,902143720,1.39
15/11/2012,15590,606469000,38.9(-0.26 %),20360,792499000,4770,186030000,902128130,1.39
16/11/2012,23060,898544000,39(0.26 %),30060,1170844000,7000,272300000,902105070,1.4
19/11/2012,44230,1720164000,38.8(-0.51 %),54230,2109164000,10000,389000000,902060840,1.4
20/11/2012,5000,194210000,38.9(0.26 %),5000,194210000,0,0,902055840,1.4
21/11/2012,-24140,-935975000,38.8(-0.26 %),25900,1005577000,50040,1941552000,902079980,1.4
22/11/2012,0,0,39(0.52 %),0,0,0,0,902079980,1.4
23/11/2012,25000,971940000,39(0.00 %),25000,971940000,0,0,902054980,1.4
26/11/2012,14450,560635000,38.8(-0.51 %),19450,754635000,5000,194000000,902040530,1.4
27/11/2012,9580,370699000,38.8(0.00 %),10050,388935000,470,18236000,902030950,1.4
28/11/2012,105310,4103365000,38.9(0.26 %),107310,4181165000,2000,77800000,901925640,1.4
29/11/2012,19400,754260000,38.8(-0.26 %),20400,793060000,1000,38800000,901906240,1.41
30/11/2012,25090,975180000,38.8(0.00 %),25090,975180000,0,0,901881150,1.41
03/12/2012,126200,4918290000,38.9(0.26 %),126200,4918290000,0,0,901886950,1.41
04/12/2012,48050,1851697000,38.9(2.64 %),48050,1851697000,0,0,901838900,1.41
05/12/2012,11670,454103000,39(0.26 %),13670,531903000,2000,77800000,901827230,1.41
06/12/2012,1320,50952000,38.6(-1.03 %),1320,50952000,0,0,901825910,1.41
07/12/2012,5820,224306000,38.5(-0.26 %),10420,401406000,4600,177100000,901820090,1.41
10/12/2012,-11000,-422732000,38.6(0.26 %),1000,38400000,12000,461132000,901831090,1.41
11/12/2012,0,0,38.9(0.78 %),0,0,0,0,901831090,1.41
12/12/2012,15000,582500000,38.9(0.00 %),15000,582500000,0,0,901816090,1.41
13/12/2012,-12000,-466230000,38.6(-0.77 %),20000,773000000,32000,1239230000,901828090,1.41
14/12/2012,-12240,-474674000,38.6(0.00 %),0,0,12240,474674000,901828330,1.41
17/12/2012,26430,1025727000,38.8(0.52 %),90300,3500783000,63870,2475056000,901801900,1.41
18/12/2012,44190,1713703000,38.9(0.26 %),125000,4848182000,80810,3134479000,901757710,1.41
19/12/2012,2680,104088000,38.8(-0.26 %),4680,181688000,2000,77600000,901755030,1.41
20/12/2012,18970,732167000,38.5(-0.77 %),18970,732167000,0,0,901736060,1.41
21/12/2012,750,29275000,38.2(-0.78 %),2750,105875000,2000,76600000,901735310,1.42
24/12/2012,0,0,38.8(1.57 %),0,0,0,0,901735310,1.42
25/12/2012,10270,396422000,38.8(0.00 %),10270,396422000,0,0,901725040,1.42
26/12/2012,1000,40300000,38.9(0.26 %),6000,232800000,5000,192500000,901724040,1.42
27/12/2012,134760,5252668000,38.9(0.00 %),134760,5252668000,0,0,901589280,1.42
28/12/2012,40000,1558900000,38.6(-0.77 %),40000,1558900000,0,0,901549280,1.42
02/01/2013,5490,213470000,39(1.04 %),5490,213470000,0,0,901553790,1.42
03/01/2013,493390,19245348000,39(0.00 %),522390,20380810000,29000,1135462000,901060400,1.45
04/01/2013,487280,19458120000,39.9(2.31 %),608280,24232930000,121000,4774810000,900573120,1.48
07/01/2013,113110,4515229000,39.9(0.00 %),113110,4515229000,0,0,900460010,1.48
08/01/2013,259710,10468158000,40.8(2.26 %),259710,10468158000,0,0,900200300,1.5
09/01/2013,244950,9957295000,40.1(-1.72 %),244950,9957295000,0,0,899955350,1.51
10/01/2013,-37260,-1494526000,40.8(1.75 %),8000,323300000,45260,1817826000,899992610,1.51
11/01/2013,-41520,-1834653000,42.8(4.90 %),47400,1971123000,88920,3805776000,900034130,1.5
14/01/2013,33840,1505595000,44.2(3.27 %),57500,2545980000,23660,1040385000,900000290,1.51
15/01/2013,-2140,-90890000,43.3(-2.04 %),30860,1344310000,33000,1435200000,900002430,1.51
16/01/2013,291060,12770955000,43.7(0.92 %),477760,20950565000,186700,8179610000,899711370,1.52
17/01/2013,80180,3460836000,42(-3.89 %),102700,4427196000,22520,966360000,899631190,1.53
18/01/2013,11270,464248000,41.6(-0.95 %),32270,1340355000,21000,876107000,899619920,1.53
21/01/2013,144000,5946928000,40.7(-2.16 %),144000,5946928000,0,0,899475920,1.53
22/01/2013,255670,10382895000,40.7(0.00 %),292500,11884350000,36830,1501455000,899220250,1.55
23/01/2013,28200,1152682000,40.7(0.00 %),55200,2246182000,27000,1093500000,899192050,1.55
24/01/2013,369120,15352793000,41.9(2.95 %),369190,15355642000,70,2849000,898822930,1.57
25/01/2013,466230,20395414000,44.8(6.92 %),491330,21509014000,25100,1113600000,898356700,1.59
28/01/2013,195800,9365395000,45.5(1.56 %),247400,11837035000,51600,2471640000,898160900,1.6
29/01/2013,1670,69118000,45.5(0.00 %),69750,3171035000,68080,3101917000,898159230,1.6
30/01/2013,30800,1411526000,46(1.10 %),50300,2313850000,19500,902324000,898128430,1.61
31/01/2013,-47240,-2161765000,44.7(-2.83 %),32050,1438275000,79290,3600040000,898175670,1.6
01/02/2013,37980,1685187000,45(0.67 %),54780,2434626000,16800,749439000,898006020,1.61
04/02/2013,-110210,-5093756000,46(2.22 %),20100,925180000,130310,6018936000,898116230,1.61
05/02/2013,-8000,-362028000,45.5(-1.09 %),51000,2336298000,59000,2698326000,898124230,1.61
06/02/2013,-16640,-766721000,46.3(1.76 %),103360,4755589000,120000,5522310000,898140870,1.6
07/02/2013,103820,4805498000,46.2(-0.22 %),215470,9971844000,111650,5166346000,898037050,1.61
08/02/2013,-123380,-5703870000,46.7(1.08 %),10500,485140000,133880,6189010000,898160430,1.6
18/02/2013,-68960,-3219594000,46.7(0.00 %),95390,4460090000,164350,7679684000,898229390,1.6
19/02/2013,151780,7022735000,46(-1.50 %),512780,23782814000,361000,16760079000,898077610,1.61
20/02/2013,-99150,-4608630000,46.4(0.87 %),40850,1897270000,140000,6505900000,898176760,1.6
21/02/2013,163170,7566990000,46(-0.86 %),183170,8497790000,20000,930800000,898013590,1.61
22/02/2013,277380,12778017000,46.1(0.22 %),329090,15166819000,51710,2388802000,897736210,1.63
25/02/2013,43750,2023515000,46.3(0.43 %),43750,2023515000,0,0,897692460,1.63
26/02/2013,194740,8968991000,45(-2.81 %),246050,11297913000,51310,2328922000,897497720,1.64
27/02/2013,268370,12261102000,46.1(2.44 %),388370,17660802000,120000,5399700000,897229350,1.65
28/02/2013,64800,2985655000,46(-0.22 %),64800,2985655000,0,0,897164550,1.66
01/03/2013,212790,9850376000,46.3(0.65 %),213470,9881656000,680,31280000,896976440,1.67
04/03/2013,185430,8570080000,45.7(-1.30 %),194430,8986780000,9000,416700000,896791010,1.68
05/03/2013,43310,1960381000,45.2(-1.09 %),50000,2264100000,6690,303719000,896747700,1.68
06/03/2013,-4000,-181400000,45.9(1.55 %),1000,45200000,5000,226600000,896751700,1.68
07/03/2013,186060,8525695000,45.6(-0.65 %),186060,8525695000,0,0,896565640,1.69
08/03/2013,20,910000,45.6(0.00 %),20,910000,0,0,896565620,1.69
11/03/2013,28640,1312956000,45.6(0.00 %),28640,1312956000,0,0,896536980,1.69
12/03/2013,164990,7573821000,45.8(0.44 %),164990,7573821000,0,0,896371990,1.7
13/03/2013,83640,3827516000,45.8(0.00 %),124180,5684203000,40540,1856687000,896288350,1.7
14/03/2013,48010,2200234000,45.8(0.00 %),105010,4790261000,57000,2590027000,896240340,1.7
15/03/2013,131920,6045421000,45.7(-0.22 %),131920,6045421000,0,0,896108420,1.71
18/03/2013,265180,12370750000,47(2.84 %),268680,12533950000,3500,163200000,895843240,1.73
19/03/2013,81400,3956689000,49(4.26 %),116030,5648296000,34630,1691607000,895761840,1.73
20/03/2013,65540,3347135000,51.5(5.10 %),100240,5100595000,34700,1753460000,895696300,1.73
21/03/2013,-2590,-177262000,50(-2.91 %),137880,6902138000,140470,7079400000,895698890,1.73
22/03/2013,70330,3534120000,50.5(1.00 %),282500,14312860000,212170,10778740000,895628560,1.74
25/03/2013,710,34355000,50(-0.99 %),125950,6346390000,125240,6312035000,895627850,1.74
26/03/2013,8690,437346000,49.9(-0.20 %),118780,5970506000,110090,5533160000,895619160,1.74
27/03/2013,146150,7299060000,52(4.21 %),336150,16981560000,190000,9682500000,895473010,1.75
28/03/2013,1077710,56998425000,53(1.92 %),1359340,71885710000,281630,14887285000,894395300,1.8
29/03/2013,38320,2044260000,53.5(0.94 %),108370,5779410000,70050,3735150000,894356980,1.8
01/04/2013,28950,1775620000,57(6.54 %),289050,16221820000,260100,14446200000,893638240,1.84
02/04/2013,377720,21720215000,56(-1.75 %),543720,31230215000,166000,9510000000,893260520,1.86
03/04/2013,-156520,-8654535000,55(-1.79 %),109980,6092975000,266500,14747510000,893417040,1.85
04/04/2013,-180500,-9679980000,52.5(-4.55 %),104500,5576000000,285000,15255980000,893597540,1.84
05/04/2013,-58100,-3117200000,53.5(1.90 %),56900,3020300000,115000,6137500000,893655640,1.84
08/04/2013,24300,1331050000,54(0.93 %),58300,3163550000,34000,1832500000,893631340,1.84
09/04/2013,323450,17857225000,56.5(4.63 %),389300,21490300000,65850,3633075000,893307890,1.86
10/04/2013,13800,914355000,55(-2.65 %),242400,14214810000,228600,13300455000,893294090,1.86
11/04/2013,102570,5813300000,57.5(4.55 %),109300,6196185000,6730,382885000,893191520,1.87
12/04/2013,22030,1334885000,55.5(-3.48 %),92030,5224540000,70000,3889655000,893169490,1.87
15/04/2013,209840,11674285000,55.5(0.00 %),221840,12340285000,12000,666000000,892959650,1.88
16/04/2013,-198190,-10903500000,55(-0.90 %),75460,4125150000,273650,15028650000,893157840,1.87
17/04/2013,78530,4294150000,55.5(0.91 %),88530,4839150000,10000,545000000,893079310,1.87
18/04/2013,56810,3085190000,54(-2.70 %),56810,3085190000,0,0,893022500,1.87
22/04/2013,99640,5348650000,53(-1.85 %),99640,5348650000,0,0,892922860,1.88
23/04/2013,276600,14862800000,54(1.89 %),276600,14862800000,0,0,892646260,1.89
24/04/2013,42000,2274250000,54.5(0.93 %),42000,2274250000,0,0,892604260,1.9
25/04/2013,13700,761650000,54(-0.92 %),54000,2938000000,40300,2176350000,892590560,1.9
26/04/2013,108840,5809465000,53(-1.85 %),117050,6248700000,8210,439235000,892481720,1.9
02/05/2013,150300,8005550000,53(0.00 %),172200,9177200000,21900,1171650000,893065790,1.87
03/05/2013,56920,3034760000,53(0.00 %),116920,6244760000,60000,3210000000,893008870,1.88
06/05/2013,113370,6093095000,55.5(4.72 %),238720,12929670000,125350,6836575000,892895500,1.88
07/05/2013,205880,11292565000,54(-2.70 %),233380,12799565000,27500,1507000000,892689620,1.89
08/05/2013,158370,8636790000,54.5(0.93 %),158370,8636790000,0,0,892531250,1.9
09/05/2013,287660,15810190000,54.5(0.00 %),329920,18144490000,42260,2334300000,892243590,1.92
10/05/2013,-67600,-3749985000,55(0.92 %),17400,959250000,85000,4709235000,892311190,1.91
13/05/2013,48560,2692760000,54.5(-0.91 %),56490,3136840000,7930,444080000,892262630,1.91
14/05/2013,132640,7249625000,55(0.92 %),166580,9099575000,33940,1849950000,892129990,1.92
15/05/2013,115140,6273295000,54.5(0.93 %),222210,12075645000,107070,5802350000,892014850,1.93
16/05/2013,35400,1929750000,55(0.92 %),135400,7406650000,100000,5476900000,891979450,1.93
17/05/2013,-65130,-3538650000,54.5(-0.91 %),34870,1906350000,100000,5445000000,892044580,1.93
20/05/2013,293930,16044615000,55(0.92 %),333250,18207215000,39320,2162600000,891750650,1.94
21/05/2013,158440,8961035000,57(3.64 %),260440,14733535000,102000,5772500000,891592210,1.95
22/05/2013,61820,3529155000,57(0.00 %),76420,4361355000,14600,832200000,891530390,1.95
23/05/2013,74440,4266895000,58(1.75 %),120820,6992060000,46380,2725165000,891455950,1.96
24/05/2013,130320,7548560000,58.5(0.86 %),130820,7577810000,500,29250000,891325630,1.96
27/05/2013,107590,6511805000,61(4.27 %),184790,11217605000,77200,4705800000,891218040,1.97
28/05/2013,-52200,-3167190000,62(1.64 %),129400,7997160000,181600,11164350000,891270240,1.97
29/05/2013,-272390,-16812530000,60.5(-2.42 %),170760,10454505000,443150,27267035000,891542630,1.95
30/05/2013,224430,13599405000,61.5(1.65 %),253330,15347855000,28900,1748450000,891318200,1.96
31/05/2013,122800,7516425000,60.5(-1.63 %),314830,19334215000,192030,11817790000,891195400,1.97
03/06/2013,160300,9634400000,60(-0.83 %),180300,10836400000,20000,1202000000,890422430,2.01
04/06/2013,407950,24434170000,59(-1.67 %),433890,25990840000,25940,1556670000,890014480,2.03
05/06/2013,237170,14108170000,60.5(2.54 %),247070,14697770000,9900,589600000,889777310,2.05
06/06/2013,-69060,-3917970000,62(2.48 %),31350,1932585000,100410,5850555000,889846370,2.04
07/06/2013,-4150,-306775000,64.5(4.03 %),138850,8846725000,143000,9153500000,889850520,2.04
10/06/2013,-190690,-12296140000,63.5(-1.55 %),62700,4016700000,253390,16312840000,890041210,2.03
11/06/2013,-96970,-6073580000,62.5(-1.57 %),39650,2498700000,136620,8572280000,890138180,2.03
12/06/2013,-39420,-2466635000,62.5(0.00 %),91770,5765335000,131190,8231970000,890177600,2.02
13/06/2013,-85060,-5274420000,62.5(0.00 %),110440,6858080000,195500,12132500000,890262660,2.02
14/06/2013,-20890,-1302475000,62(-0.80 %),13600,850650000,34490,2153125000,890283550,2.02
17/06/2013,30330,1861120000,60(-3.23 %),236070,14287860000,205740,12426740000,890253220,2.02
18/06/2013,-136820,-8168480000,59.5(-0.83 %),218710,13015460000,355530,21183940000,890390040,2.01
19/06/2013,-38500,-1896250000,60.5(1.68 %),58900,3556950000,97400,5453200000,890428540,2.01
20/06/2013,-185980,-11063415000,59.5(-1.65 %),60150,3553775000,246130,14617190000,890614520,2.0
21/06/2013,-39100,-2313400000,59.5(0.00 %),2000,119000000,41100,2432400000,890653620,2.0
24/06/2013,26470,1527465000,58(-2.52 %),82970,4816665000,56500,3289200000,890627150,2.0
25/06/2013,156010,8826165000,55.5(-4.31 %),169010,9550065000,13000,723900000,890471140,2.01
26/06/2013,189550,10604215000,57(2.70 %),189550,10604215000,0,0,890281590,2.02
27/06/2013,92510,5356380000,59(3.51 %),305310,17744280000,212800,12387900000,890189080,2.02
28/06/2013,204890,12192425000,58(-1.69 %),222890,13253425000,18000,1061000000,889984190,2.04
01/07/2013,89500,5225190000,59.5(2.59 %),139610,8126725000,50110,2901535000,890297860,2.02
02/07/2013,155170,9295905000,60.5(1.68 %),181560,10870060000,26390,1574155000,890142690,2.03
03/07/2013,46980,2848505000,60(-0.83 %),144550,8695690000,97570,5847185000,890095710,2.03
04/07/2013,-39450,-2367000000,60(0.00 %),50,3000000,39500,2370000000,890135160,2.03
05/07/2013,96400,5702075000,59(-1.67 %),108600,6427975000,12200,725900000,890038760,2.03
08/07/2013,88300,5138735000,58(-1.69 %),88300,5138735000,0,0,889950460,2.04
09/07/2013,38470,2271490000,59(1.72 %),42670,2517190000,4200,245700000,889911990,2.04
10/07/2013,149300,8959150000,60(1.69 %),149300,8959150000,0,0,889762690,2.05
11/07/2013,-26450,-1572000000,60(0.00 %),83550,5003000000,110000,6575000000,889789140,2.05
12/07/2013,537330,33363900000,63(5.00 %),636830,39596150000,99500,6232250000,889251810,2.07
15/07/2013,125660,8018530000,63.5(0.79 %),165660,10578530000,40000,2560000000,889126150,2.08
16/07/2013,126150,8077795000,64.5(1.57 %),310460,19885165000,184310,11807370000,889000000,2.09
17/07/2013,106960,6865470000,64.5(0.00 %),141060,9064920000,34100,2199450000,888893040,2.09
18/07/2013,201700,12990210000,64.5(0.00 %),260200,16760310000,58500,3770100000,888691340,2.1
19/07/2013,237230,15423350000,65.5(1.55 %),288880,18803100000,51650,3379750000,888454110,2.12
22/07/2013,310920,20204105000,65.5(0.00 %),337420,21939355000,26500,1735250000,888143190,2.13
23/07/2013,-26690,-1763660000,65(-0.76 %),159420,10367405000,186110,12131065000,888169880,2.13
24/07/2013,-25940,-1620810000,63(-3.08 %),229180,14608540000,255120,16229350000,888195820,2.13
25/07/2013,44000,2935000000,63(0.00 %),92000,5822500000,48000,2887500000,888151820,2.13
26/07/2013,-30420,-1959540000,64(1.59 %),34010,2153980000,64430,4113520000,888182240,2.13
29/07/2013,23130,1458320000,63(-1.56 %),26130,1647320000,3000,189000000,888159110,2.13
30/07/2013,99200,6281150000,63.5(0.79 %),104200,6598650000,5000,317500000,888059910,2.14
31/07/2013,181410,11761540000,65.5(3.15 %),215250,13966720000,33840,2205180000,887878500,2.15
01/08/2013,2310,150655000,65.5(0.00 %),24110,1584455000,21800,1433800000,888093460,2.13
02/08/2013,90510,5936670000,65.5(0.00 %),104510,6854015000,14000,917345000,888002950,2.14
05/08/2013,45390,2949525000,65(-0.76 %),45390,2949525000,0,0,887957560,2.14
06/08/2013,-5000,-326200000,65.5(0.77 %),0,0,5000,326200000,887962560,2.14
07/08/2013,75360,5082770000,67.5(3.05 %),192240,12935670000,116880,7852900000,887887200,2.15
08/08/2013,12980,880990000,67.5(0.00 %),35100,2369300000,22120,1488310000,887874220,2.15
09/08/2013,-52420,-3590745000,68.5(1.48 %),1350,92500000,53770,3683245000,887926640,2.14
12/08/2013,-76270,-5158255000,69(0.73 %),143220,9802065000,219490,14960320000,888002910,2.14
13/08/2013,212780,14653210000,68(0.00 %),226280,15584710000,13500,931500000,887790130,2.15
14/08/2013,397010,27506330000,70(2.94 %),435110,30167180000,38100,2660850000,887393120,2.17
15/08/2013,90530,6458670000,70.5(0.71 %),142860,10164560000,52330,3705890000,887302590,2.18
16/08/2013,-19850,-1398675000,70(-0.71 %),2150,151325000,22000,1550000000,887322440,2.18
19/08/2013,134660,9537625000,71.5(2.14 %),157160,11146375000,22500,1608750000,887187780,2.18
20/08/2013,-214200,-15124630000,70(-2.10 %),2510,176360000,216710,15300990000,887401980,2.17
21/08/2013,-148120,-10229305000,69(-1.43 %),53450,3667750000,201570,13897055000,887550100,2.16
22/08/2013,-69910,-4715180000,68(-1.45 %),91200,6221050000,161110,10936230000,887620010,2.16
23/08/2013,-19300,-1314125000,67.5(-0.74 %),104300,6998555000,123600,8312680000,887639310,2.16
26/08/2013,-168620,-11148965000,68.5(1.48 %),73330,4960460000,241950,16109425000,887807930,2.15
27/08/2013,66280,4466125000,67(-2.19 %),73130,4928925000,6850,462800000,887741650,2.15
28/08/2013,-4370,-296560000,65(-2.99 %),102800,6727350000,107170,7023910000,887746020,2.15
29/08/2013,-20120,-1328915000,65(0.00 %),121110,7895150000,141230,9224065000,887766140,2.15
30/08/2013,-297260,-19020265000,64(-1.54 %),207900,13357800000,505160,32378065000,888063400,2.14
03/09/2013,149790,9734075000,65(1.56 %),152640,9919325000,2850,185250000,887220840,2.18
04/09/2013,19600,1265520000,65(0.00 %),41600,2705200000,22000,1439680000,887201240,2.18
05/09/2013,31070,2011650000,65.5(0.77 %),31870,2063650000,800,52000000,887170170,2.18
06/09/2013,7000,458500000,66(0.76 %),7000,458500000,0,0,887163170,2.18
09/09/2013,147320,9535090000,64.5(-2.27 %),154820,10021590000,7500,486500000,887015850,2.19
10/09/2013,-66120,-4295800000,65(0.78 %),30430,1977950000,96550,6273750000,887081970,2.19
11/09/2013,36260,2368530000,65.5(0.77 %),36260,2368530000,0,0,887045710,2.19
12/09/2013,6780,442750000,65.5(0.00 %),6780,442750000,0,0,887038930,2.19
13/09/2013,18070,1183620000,65.5(0.00 %),21070,1380120000,3000,196500000,887020860,2.19
16/09/2013,112670,7350610000,65(-0.76 %),112670,7350610000,0,0,886908190,2.2
17/09/2013,55700,3624775000,65.5(0.77 %),57200,3723775000,1500,99000000,886852490,2.2
18/09/2013,-77860,-5118880000,65.5(0.00 %),58000,3802160000,135860,8921040000,886930350,2.2
19/09/2013,82800,5409510000,65.5(0.00 %),82800,5409510000,0,0,886847550,2.2
20/09/2013,133410,8709070000,65(-0.76 %),133410,8709070000,0,0,886714140,2.21
23/09/2013,84770,5523000000,65.5(0.77 %),116410,7584920000,31640,2061920000,886629370,2.21
24/09/2013,-15260,-984530000,66.5(1.53 %),25240,1678220000,40500,2662750000,886644630,2.21
25/09/2013,-160,-350000,67(0.75 %),33860,2263190000,34020,2263540000,886644790,2.21
26/09/2013,66040,4347770000,66(-1.49 %),67040,4414770000,1000,67000000,886578750,2.21
27/09/2013,220660,14743340000,67(1.52 %),221190,14778585000,530,35245000,886358090,2.23
30/09/2013,4520,302895000,67(0.00 %),30250,2026805000,25730,1723910000,886353570,2.23
01/10/2013,310960,20749835000,66.5(-0.75 %),327960,21880835000,17000,1131000000,886768370,2.2
02/10/2013,6250,415290000,65.5(-1.50 %),6250,415290000,0,0,886762120,2.21
03/10/2013,143410,9455060000,65.5(0.00 %),143410,9455060000,0,0,886618710,2.21
04/10/2013,83680,5689430000,68.5(4.58 %),88380,6007930000,4700,318500000,886535030,2.22
07/10/2013,-57960,-3939655000,68(-0.73 %),264880,18123725000,322840,22063380000,886592990,2.21
08/10/2013,43410,2962395000,68(0.00 %),77000,5235000000,33590,2272605000,886549580,2.22
09/10/2013,-17590,-1187325000,67.5(-0.74 %),12600,850500000,30190,2037825000,886567170,2.22
10/10/2013,-199730,-13236850000,66(-2.22 %),36100,2387600000,235830,15624450000,886766900,2.2
11/10/2013,-44010,-2868510000,65.5(-0.76 %),693490,46014120000,737500,48882630000,886810910,2.2
14/10/2013,-227680,-14900765000,65(-0.76 %),117630,7656300000,345310,22557065000,887038590,2.19
15/10/2013,-29940,-1920885000,65(0.00 %),143570,9305381000,173510,11226266000,887068530,2.19
16/10/2013,-214270,-13973220000,65(0.00 %),7650,497540000,221920,14470760000,887282800,2.18
17/10/2013,40000,2624500000,65.5(0.77 %),90000,5899500000,50000,3275000000,887242800,2.18
18/10/2013,-90100,-5900120000,65.5(0.00 %),5200,340600000,95300,6240720000,887332900,2.18
21/10/2013,-155870,-10074025000,64.5(0.00 %),3450,224200000,159320,10298225000,887488770,2.17
22/10/2013,-29800,-1907600000,65(0.78 %),76200,4934400000,106000,6842000000,887518570,2.17
23/10/2013,-30580,-1979970000,65(0.00 %),216800,14074065000,247380,16054035000,887549150,2.16
24/10/2013,-94770,-6111165000,64(-1.54 %),0,0,94770,6111165000,887643920,2.16
25/10/2013,48970,3141300000,64(0.00 %),68970,4431300000,20000,1290000000,887594950,2.16
28/10/2013,480,30560000,64(0.00 %),1080,69260000,600,38700000,887594470,2.16
29/10/2013,-19800,-1257300000,63.5(-0.78 %),30300,1924100000,50100,3181400000,887614270,2.16
30/10/2013,-68500,-4412025000,64.5(1.57 %),67000,4318500000,135500,8730525000,887682770,2.16
31/10/2013,-12890,-824285000,64(-0.78 %),1150,74275000,14040,898560000,887695660,2.16
01/11/2013,2500,163500000,64(0.00 %),7000,454000000,4500,290500000,887533280,2.16
04/11/2013,-59640,-3817530000,64(0.00 %),20000,1280000000,79640,5097530000,887592920,2.16
05/11/2013,90850,5820480000,64.5(0.78 %),160170,10262010000,69320,4441530000,887502070,2.17
06/11/2013,2510,161525000,64.5(0.00 %),2510,161525000,0,0,887499560,2.17
07/11/2013,-46310,-2963840000,63.5(-1.55 %),3690,236160000,50000,3200000000,887545870,2.16
08/11/2013,-49870,-3166745000,63.5(0.00 %),2130,135255000,52000,3302000000,887595740,2.16
11/11/2013,4000,254000000,63.5(0.00 %),4000,254000000,0,0,887591740,2.16
12/11/2013,-8900,-562650000,63(-0.79 %),1100,69850000,10000,632500000,887600640,2.16
13/11/2013,80300,5058900000,63(0.00 %),80550,5074650000,250,15750000,887520340,2.17
14/11/2013,-80,-5080000,63.5(0.79 %),0,0,80,5080000,887520420,2.17
15/11/2013,300,19050000,64(0.79 %),300,19050000,0,0,887520120,2.17
18/11/2013,43820,2857985000,65(1.56 %),168820,10932985000,125000,8075000000,887476300,2.17
19/11/2013,-68560,-4408060000,64(-1.54 %),22360,1433320000,90920,5841380000,887544860,2.16
20/11/2013,-29560,-1886760000,64(0.00 %),85050,5455585000,114610,7342345000,887574420,2.16
21/11/2013,164960,10611615000,64.5(0.78 %),312500,20162795000,147540,9551180000,887409460,2.17
22/11/2013,67020,4334145000,65(0.78 %),67020,4334145000,0,0,887342440,2.17
25/11/2013,58120,3777810000,64.5(-0.77 %),217920,14158753000,159800,10380943000,887284320,2.18
26/11/2013,-119930,-7733485000,64.5(0.00 %),34670,2238215000,154600,9971700000,887404250,2.17
27/11/2013,77660,5030145000,64.5(0.00 %),130380,8442225000,52720,3412080000,887326590,2.18
28/11/2013,-15910,-1022725000,64(-0.78 %),59090,3796060000,75000,4818785000,887342500,2.17
29/11/2013,5900,404515000,64(0.00 %),95900,6168350000,90000,5763835000,887336600,2.17
02/12/2013,-55900,-3624500000,65(1.56 %),9100,590500000,65000,4215000000,887363920,2.17
03/12/2013,54340,3515750000,65(0.00 %),129340,8408250000,75000,4892500000,887309580,2.18
04/12/2013,-98790,-6485300000,65(0.00 %),276210,17953650000,375000,24438950000,887408370,2.17
05/12/2013,122430,7957950000,65(0.00 %),196500,12772500000,74070,4814550000,887285940,2.18
06/12/2013,52890,3437850000,65(0.00 %),57700,3750500000,4810,312650000,887233050,2.18
09/12/2013,-14730,-927085000,64.5(-0.77 %),55270,3591915000,70000,4519000000,887247780,2.18
10/12/2013,-25100,-1633450000,65(0.78 %),35000,2260000000,60100,3893450000,887272880,2.18
11/12/2013,-27200,-1743850000,64(-1.54 %),50800,3276900000,78000,5020750000,887300080,2.18
12/12/2013,61070,3924980000,64.5(0.78 %),73070,4698980000,12000,774000000,887239010,2.18
13/12/2013,-38480,-2479460000,64.5(0.00 %),11520,743040000,50000,3222500000,887277490,2.18
16/12/2013,44930,2897520000,64.5(0.00 %),44930,2897520000,0,0,887232560,2.18
17/12/2013,66580,4294420000,64.5(0.00 %),91300,5887860000,24720,1593440000,887165980,2.18
18/12/2013,65870,4239585000,64(-0.78 %),115870,7452765000,50000,3213180000,887100110,2.19
19/12/2013,-177890,-11372090000,64(0.00 %),294990,18912785000,472880,30284875000,887278000,2.18
20/12/2013,120330,7790975000,64.5(0.78 %),142300,9208040000,21970,1417065000,887157670,2.18
23/12/2013,246220,16056690000,65.5(1.55 %),246220,16056690000,0,0,886911450,2.2
24/12/2013,22010,1424170000,65(-0.76 %),147410,9581650000,125400,8157480000,886889440,2.2
25/12/2013,111560,7252225000,65(0.00 %),111560,7252225000,0,0,886777880,2.2
26/12/2013,193980,12727235000,66.5(2.31 %),197180,12940035000,3200,212800000,886583900,2.21
27/12/2013,88930,5974790000,67(0.75 %),348470,23444540000,259540,17469750000,886494970,2.22
30/12/2013,110260,7341520000,66.5(-0.75 %),325960,21752920000,215700,14411400000,886384710,2.23
31/12/2013,100870,6700395000,66.5(0.00 %),238060,15823530000,137190,9123135000,886283840,2.23
02/01/2014,122780,8129830000,66.5(0.00 %),136080,9007780000,13300,877950000,885768050,2.26
03/01/2014,182340,12038610000,66(-0.75 %),182440,12045260000,100,6650000,885585710,2.27
06/01/2014,112140,7440955000,67(1.52 %),130740,8675855000,18600,1234900000,885473570,2.27
07/01/2014,91950,6160650000,67(0.00 %),92500,6197500000,550,36850000,885381620,2.28
08/01/2014,90850,6111095000,67.5(0.75 %),90850,6111095000,0,0,885290770,2.28
09/01/2014,77590,5264135000,68(0.74 %),108590,7370135000,31000,2106000000,885213180,2.29
10/01/2014,425080,29549170000,69.5(2.21 %),471980,32837570000,46900,3288400000,884788100,2.31
13/01/2014,416940,29796190000,72(3.60 %),476940,34057190000,60000,4261000000,884371160,2.33
14/01/2014,149820,10740500000,71.5(-0.69 %),371040,26613217000,221220,15872717000,884221340,2.34
15/01/2014,611050,44171465000,73.5(2.80 %),675050,48789965000,64000,4618500000,883610290,2.37
16/01/2014,1355380,103787040000,77(4.76 %),1519860,116315350000,164480,12528310000,882254910,2.44
17/01/2014,595340,46696145000,77(0.00 %),773750,60659665000,178410,13963520000,881659570,2.47
20/01/2014,65190,5082565000,77.5(0.65 %),119350,9263385000,54160,4180820000,881594380,2.48
21/01/2014,-34910,-2691120000,77(-0.65 %),27160,2066805000,62070,4757925000,881629290,2.48
22/01/2014,39810,3016365000,75(-2.60 %),64160,4854190000,24350,1837825000,881589480,2.48
23/01/2014,-80000,-6063480000,75.5(0.67 %),18000,1372500000,98000,7435980000,881669480,2.47
24/01/2014,393630,30580955000,79(4.64 %),455730,35457155000,62100,4876200000,881275850,2.49
27/01/2014,-136220,-10655185000,77(-2.53 %),82930,6478400000,219150,17133585000,881412070,2.49
06/02/2014,-5700,-449985000,77(0.00 %),152090,11767900000,157790,12217885000,881546460,2.48
07/02/2014,28760,2240435000,76(-1.30 %),80910,6231910000,52150,3991475000,881517700,2.48
10/02/2014,28920,2194560000,76(0.00 %),29920,2270560000,1000,76000000,881488780,2.48
11/02/2014,121440,9327805000,76(0.00 %),124440,9558805000,3000,231000000,881367340,2.49
12/02/2014,102280,7929030000,79(3.95 %),304360,23711515000,202080,15782485000,881265060,2.5
13/02/2014,132640,10787335000,82.5(4.43 %),282940,23073380000,150300,12286045000,881132420,2.5
14/02/2014,17630,1469955000,83.5(1.21 %),155670,13020815000,138040,11550860000,881114790,2.5
17/02/2014,-14220,-1188620000,82.5(-1.20 %),38950,3216000000,53170,4404620000,881129010,2.5
18/02/2014,174950,14531530000,83(0.61 %),177480,14741085000,2530,209555000,880954060,2.51
19/02/2014,-22240,-1838225000,83(0.00 %),7800,649575000,30040,2487800000,880976300,2.51
20/02/2014,238000,19862835000,82.5(-0.60 %),260570,21780285000,22570,1917450000,880738300,2.52
21/02/2014,14390,1191565000,82.5(0.00 %),34050,2816945000,19660,1625380000,880723910,2.52
24/02/2014,6570,546435000,83(0.61 %),9170,760935000,2600,214500000,880717340,2.52
25/02/2014,96320,8224105000,86(3.61 %),214260,18160595000,117940,9936490000,880621020,2.53
26/02/2014,-11480,-975705000,86(0.00 %),8440,727485000,19920,1703190000,880632500,2.53
27/02/2014,-64870,-5495455000,83(-3.49 %),11010,934805000,75880,6430260000,880697370,2.53
28/02/2014,253210,21201355000,83(0.00 %),277080,23182065000,23870,1980710000,880444160,2.54
03/03/2014,-38320,-3190370000,82(-1.20 %),16380,1366440000,54700,4556810000,880811150,2.52
04/03/2014,6080,494415000,81.5(-0.61 %),6080,494415000,0,0,880805070,2.52
05/03/2014,61750,5075290000,82(0.61 %),80020,6571680000,18270,1496390000,880743320,2.52
06/03/2014,96540,7972860000,83.5(1.83 %),105690,8732810000,9150,759950000,880646780,2.53
07/03/2014,99000,8300080000,83.5(0.00 %),99000,8300080000,0,0,880547780,2.53
10/03/2014,26360,2202710000,83.5(0.00 %),76860,6419460000,50500,4216750000,880521420,2.53
11/03/2014,149280,12637320000,85(1.80 %),150390,12731420000,1110,94100000,880372140,2.54
12/03/2014,183420,15828635000,85.5(0.59 %),187420,16172885000,4000,344250000,880188720,2.55
13/03/2014,-48040,-4104200000,85.5(0.00 %),26580,2290930000,74620,6395130000,880236760,2.55
14/03/2014,-7780,-671605000,85(-0.58 %),44320,3788205000,52100,4459810000,880244540,2.55
17/03/2014,32220,2749810000,85(0.00 %),56420,4815210000,24200,2065400000,880212320,2.55
18/03/2014,-2850,-241475000,84.5(-0.59 %),25100,2134750000,27950,2376225000,880215170,2.55
19/03/2014,2700,230475000,85(0.59 %),5950,507420000,3250,276945000,880212470,2.55
20/03/2014,-93580,-7876520000,84(-1.18 %),2540,214570000,96120,8091090000,880306050,2.55
21/03/2014,7200,603555000,83.5(-0.60 %),7200,603555000,0,0,880298850,2.55
24/03/2014,89930,7536370000,84(0.60 %),90250,7563250000,320,26880000,880208920,2.55
25/03/2014,65660,5512790000,83.5(-0.60 %),98010,8226540000,32350,2713750000,880143260,2.55
26/03/2014,-13700,-1108675000,82(-1.80 %),39720,3294395000,53420,4403070000,880156960,2.55
27/03/2014,-1890,-152780000,82(0.00 %),5110,418220000,7000,571000000,880158850,2.55
28/03/2014,7310,602470000,82.5(0.61 %),7310,602470000,0,0,880151540,2.55
31/03/2014,38840,3231250000,83.5(1.21 %),137320,11459830000,98480,8228580000,880112700,2.56
01/04/2014,115830,9663650000,83(-0.60 %),179150,14941015000,63320,5277365000,880003440,2.56
02/04/2014,87570,7257310000,83(0.00 %),97570,8087310000,10000,830000000,879915870,2.57
03/04/2014,31540,2657180000,84.5(1.81 %),70000,5878190000,38460,3221010000,879884330,2.57
04/04/2014,4860,391675000,86.5(2.37 %),29860,2541675000,25000,2150000000,879879470,2.57
07/04/2014,264800,23631220000,89.5(3.47 %),269300,24033470000,4500,402250000,879614670,2.58
08/04/2014,129290,11843285000,92.5(3.35 %),314820,28587380000,185530,16744095000,879485380,2.59
10/04/2014,-22050,-1992870000,92.5(0.00 %),144950,13559915000,167000,15552785000,879507430,2.59
11/04/2014,15210,1390700000,94.5(2.16 %),28260,2605850000,13050,1215150000,879492220,2.59
14/04/2014,-76710,-7244635000,94(-0.53 %),28440,2683550000,105150,9928185000,879568930,2.58
15/04/2014,177130,16537680000,93(-1.06 %),309800,28965100000,132670,12427420000,879391800,2.59
16/04/2014,217350,19858310000,90.5(-2.69 %),260350,23786125000,43000,3927815000,879174450,2.61
17/04/2014,117300,10842430000,92(1.66 %),205680,18940695000,88380,8098265000,879057150,2.61
18/04/2014,207570,18949875000,91(-1.09 %),233570,21328875000,26000,2379000000,878849580,2.62
21/04/2014,188840,17196090000,90(-1.10 %),233890,21295315000,45050,4099225000,878660740,2.63
22/04/2014,34130,3057745000,91(1.11 %),131330,11860445000,97200,8802700000,878626610,2.63
23/04/2014,65890,5996230000,91.5(0.55 %),70180,6387270000,4290,391040000,878560720,2.64
24/04/2014,7100,653125000,92.5(1.09 %),39000,3591807000,31900,2938682000,878553620,2.64
25/04/2014,156740,15097520000,97(4.86 %),295890,28596245000,139150,13498725000,878396880,2.65
28/04/2014,-15980,-1615200000,97(0.00 %),283650,27729750000,299630,29344950000,878412860,2.65
29/04/2014,82430,8076740000,99.5(2.58 %),158540,15563185000,76110,7486445000,878330430,2.65
05/05/2014,46610,4677360000,99.5(0.00 %),108610,10876360000,62000,6199000000,878057960,2.66
06/05/2014,363120,35134510000,98(-1.51 %),471180,45622690000,108060,10488180000,877694840,2.68
07/05/2014,56100,5509375000,98.5(0.51 %),61100,6001875000,5000,492500000,877638740,2.69
08/05/2014,921420,86192755000,92(-6.60 %),1063850,99457495000,142430,13264740000,876717320,2.74
09/05/2014,123540,12379945000,97(5.43 %),409170,38749565000,285630,26369620000,876593780,2.74
12/05/2014,258440,23675645000,90.5(-4.54 %),286440,26225275000,28000,2549630000,876335340,2.76
13/05/2014,148430,13303645000,90(-0.55 %),189430,16993640000,41000,3689995000,876186910,2.76
14/05/2014,-12600,-1097250000,90.5(0.56 %),187400,16869330000,200000,17966580000,876199510,2.76
15/05/2014,339250,30875465000,90(-0.55 %),696340,62890795000,357090,32015330000,875860260,2.78
16/05/2014,-208760,-18405265000,89(-1.11 %),81000,7191910000,289760,25597175000,876069020,2.77
19/05/2014,184790,16161405000,87.5(-1.69 %),215790,18876635000,31000,2715230000,875884230,2.78
20/05/2014,85550,7642030000,90(2.86 %),97840,8730190000,12290,1088160000,875798680,2.78
21/05/2014,75580,6839770000,91.5(1.67 %),122880,11140570000,47300,4300800000,875723100,2.79
22/05/2014,219490,20241275000,92(0.55 %),254180,23443530000,34690,3202255000,875503610,2.8
23/05/2014,17690,1643210000,92.5(0.54 %),37830,3501160000,20140,1857950000,875485920,2.8
26/05/2014,-13050,-1202975000,92.5(0.00 %),20250,1863825000,33300,3066800000,875498970,2.8
27/05/2014,60090,5558325000,93(0.54 %),60090,5558325000,0,0,875438880,2.8
28/05/2014,41880,3920985000,94(1.08 %),63380,5920485000,21500,1999500000,875397000,2.8
29/05/2014,158680,15110160000,96(2.13 %),163810,15595605000,5130,485445000,875238320,2.81
30/05/2014,392760,38414760000,97.5(1.56 %),580180,56789095000,187420,18374335000,874845560,2.83
02/06/2014,131200,12715860000,96.5(-1.03 %),651200,63188200000,520000,50472340000,874637200,2.85
03/06/2014,168040,16364025000,98(1.55 %),189140,18417425000,21100,2053400000,874469160,2.85
04/06/2014,202800,19853290000,98.5(0.51 %),290900,28454695000,88100,8601405000,874266360,2.86
05/06/2014,91020,8910520000,97.5(-1.02 %),137520,13460520000,46500,4550000000,874175340,2.87
06/06/2014,140240,13909020000,100(2.56 %),148150,14684300000,7910,775280000,874035100,2.88
09/06/2014,70840,7401440000,104(4.00 %),77560,8101560000,6720,700120000,873964260,2.88
10/06/2014,30440,3309890000,107(2.88 %),62240,6693190000,31800,3383300000,873933820,2.88
11/06/2014,-21980,-2375990000,107(0.00 %),236160,25263520000,258140,27639510000,873955800,2.88
12/06/2014,137560,14728820000,108(0.93 %),187560,20090940000,50000,5362120000,873818240,2.89
13/06/2014,4550,470520000,108(0.00 %),71850,7739950000,67300,7269430000,873813690,2.89
16/06/2014,149960,15978220000,106(-1.85 %),201000,21486800000,51040,5508580000,873663730,2.9
17/06/2014,-100910,-10593300000,105(-0.94 %),174760,18242600000,275670,28835900000,873764640,2.89
18/06/2014,8490,850670000,104(-0.95 %),80820,8445320000,72330,7594650000,873756150,2.89
19/06/2014,-32060,-3294210000,105(0.96 %),102050,10554150000,134110,13848360000,873788210,2.89
20/06/2014,105000,10955640000,104(-0.95 %),143010,14956800000,38010,4001160000,873683210,2.9
23/06/2014,56030,5780090000,105(0.96 %),156030,16278090000,100000,10498000000,873627180,2.9
24/06/2014,-152520,-16206090000,107(1.90 %),187540,19961280000,340060,36167370000,873779700,2.89
25/06/2014,51410,5474210000,106(-0.93 %),133410,14229664000,82000,8755454000,873728290,2.89
26/06/2014,76420,8160270000,108(1.89 %),104870,11203220000,28450,3042950000,873651870,2.9
27/06/2014,17400,1881540000,112(3.70 %),51780,5691310000,34380,3809770000,873634470,2.9
30/06/2014,26890,3020070000,112(0.00 %),52250,5861020000,25360,2840950000,873607580,2.9
01/07/2014,-17030,-1888510000,111(-0.89 %),169410,18822520000,186440,20711030000,873834030,2.89
02/07/2014,7650,825240000,109(-1.80 %),114970,12614940000,107320,11789700000,873826380,2.89
03/07/2014,72320,7921550000,111(1.83 %),101490,11132910000,29170,3211360000,873754060,2.89
04/07/2014,-29920,-3329710000,112(0.90 %),122620,13680190000,152540,17009900000,873783980,2.89
07/07/2014,65040,7205940000,110(-1.79 %),84520,9358220000,19480,2152280000,873718940,2.89
08/07/2014,-11350,-1264500000,111(0.91 %),49150,5433500000,60500,6698000000,873730290,2.89
09/07/2014,56200,6238630000,111(0.00 %),56200,6238630000,0,0,873674090,2.9
10/07/2014,44410,4856900000,110(-0.90 %),75970,8323500000,31560,3466600000,873868740,2.89
11/07/2014,48460,5310750000,109(-0.91 %),64010,7008210000,15550,1697460000,873748240,0.0
14/07/2014,-20550,-2260050000,110(0.92 %),56450,6151370000,77000,8411420000,873768790,2.89
15/07/2014,-147240,-16193400000,110(0.00 %),86000,9460000000,233240,25653400000,873916030,2.88
16/07/2014,-126410,-13900610000,109(-0.91 %),99350,10913750000,225760,24814360000,873598500,0.0
17/07/2014,67020,7298480000,110(0.92 %),67020,7298480000,0,0,873531480,2.9
18/07/2014,-95270,-10482880000,110(0.00 %),53890,5902400000,149160,16385280000,873624030,2.9
21/07/2014,-132100,-14723330000,113(2.73 %),168500,18844870000,300600,33568200000,873803380,2.89
22/07/2014,40750,4583770000,113(0.00 %),44590,5015990000,3840,432220000,873816050,0.0
23/07/2014,24000,2697280000,113(0.00 %),38410,4316610000,14410,1619330000,873777640,0.0
24/07/2014,10160,1149380000,114(0.88 %),101350,11459774000,91190,10310394000,873849120,0.0
25/07/2014,83140,9528970000,114(0.00 %),123230,14099730000,40090,4570760000,874026490,0.0
28/07/2014,44890,5006710000,111(-2.63 %),46890,5229210000,2000,222500000,873983440,0.0
29/07/2014,59330,6550190000,111(0.00 %),66330,7320190000,7000,770000000,873931520,0.0
30/07/2014,-9140,-1011140000,111(0.00 %),146480,16234680000,155620,17245820000,873852560,0.0
31/07/2014,-47520,-5225060000,113(1.80 %),119800,13377460000,167320,18602520000,873787850,0.0
01/08/2014,60500,6776000000,111(-1.77 %),100500,11254500000,40000,4478500000,873674350,0.0
04/08/2014,107190,12087380000,112(0.90 %),225100,25291300000,117910,13203920000,873456250,0.0
05/08/2014,233700,26550420000,117(4.46 %),333000,37963520000,99300,11413100000,873278870,0.0
06/08/2014,-74800,-8766600000,116(-0.85 %),127960,14931320000,202760,23697920000,873446190,2.91
07/08/2014,-6300,-733710000,116(0.00 %),100700,11590790000,107000,12324500000,873452490,2.91
08/08/2014,-59040,-6869230000,116(0.00 %),198210,23066770000,257250,29936000000,873177230,0.0
11/08/2014,-48680,-5565920000,116(0.00 %),30130,3450080000,78810,9016000000,873246400,0.0
12/08/2014,-65930,-7555850000,115(-0.86 %),46700,5370500000,112630,12926350000,873402460,0.0
13/08/2014,-102450,-11647300000,113(-1.74 %),68000,7729000000,170450,19376300000,873441460,0.0
14/08/2014,-79290,-9007060000,113(0.00 %),20,2280000,79310,9009340000,873698710,2.89
15/08/2014,-22560,-2571840000,114(0.88 %),20940,2387160000,43500,4959000000,873777500,2.89
18/08/2014,-93840,-10698760000,114(0.00 %),11160,1271240000,105000,11970000000,873858030,0.0
19/08/2014,-160260,-18459650000,115(0.88 %),120260,13867188000,280520,32326838000,873972410,0.0
20/08/2014,-192320,-22096960000,116(0.87 %),19110,2192490000,211430,24289450000,874033820,0.0
21/08/2014,-157380,-18630210000,118(1.72 %),135840,16040870000,293220,34671080000,873940270,0.0
22/08/2014,146450,17896230000,122(3.39 %),200150,24427130000,53700,6530900000,874045270,2.88
25/08/2014,-59470,-7373710000,124(1.64 %),113560,14032580000,173030,21406290000,874061450,2.88
26/08/2014,3060,412480000,123(-0.81 %),91250,11262300000,88190,10849820000,874224320,2.87
27/08/2014,8680,1048640000,123(0.00 %),33810,4139630000,25130,3090990000,874426290,2.86
28/08/2014,-129060,-15960260000,126(2.44 %),63000,7914000000,192060,23874260000,874446180,2.86
29/08/2014,-157760,-19544180000,124(-1.59 %),31300,3910600000,189060,23454780000,874459910,0.0
03/09/2014,152920,19058620000,125(0.81 %),192650,24024870000,39730,4966250000,874548100,2.85
04/09/2014,39040,4858600000,125(0.00 %),78540,9780300000,39500,4921700000,874302040,0.0
05/09/2014,-65180,-8079450000,123(-1.60 %),9250,1151450000,74430,9230900000,874484850,0.0
08/09/2014,-27550,-3390550000,123(0.00 %),20450,2515450000,48000,5906000000,874673910,2.84
09/09/2014,45200,5484600000,120(-2.44 %),90000,10920420000,44800,5435820000,874693190,2.84
10/09/2014,9730,1163550000,121(0.83 %),12130,1449150000,2400,285600000,874674560,0.0
11/09/2014,44790,5429590000,121(0.00 %),70000,8495150000,25210,3065560000,874678990,0.0
12/09/2014,-27320,-3278720000,121(0.00 %),1180,142280000,28500,3421000000,874725810,0.0
15/09/2014,-1250,-161590000,121(0.00 %),183460,22209320000,184710,22370910000,874726610,2.84
16/09/2014,-210660,-25344450000,120(-0.83 %),0,0,210660,25344450000,874718550,0.0
17/09/2014,-115000,-13833130000,119(-0.83 %),2000,239770000,117000,14072900000,874741760,0.0
18/09/2014,-156270,-18148860000,114(-4.20 %),100000,11700800000,256270,29849660000,874768760,0.0
19/09/2014,-113150,-12936640000,115(0.88 %),136390,15527930000,249540,28464570000,874709940,0.0
22/09/2014,-46030,-5246720000,113(-0.44 %),51000,5807790000,97030,11054510000,874869600,0.0
23/09/2014,-182190,-20175810000,109(-3.54 %),5600,611700000,187790,20787510000,874981000,0.0
24/09/2014,-525440,-55968940000,105(-3.67 %),26460,2851620000,551900,58820560000,875506440,2.8
25/09/2014,-599570,-62923780000,107(1.90 %),7940,836880000,607510,63760660000,876106010,2.77
26/09/2014,-171000,-18389560000,108(0.93 %),161240,17356470000,332240,35746030000,876277010,2.76
29/09/2014,26040,2805860000,107(-0.93 %),146700,15825000000,120660,13019140000,875264930,0.0
30/09/2014,63570,6749420000,106(-0.93 %),271870,28811220000,208300,22061800000,875544960,0.0
01/10/2014,-239840,-25911890000,109(2.83 %),64170,6943190000,304010,32855080000,876088300,0.0
02/10/2014,-223410,-24392750000,108(-0.92 %),225660,24615650000,449070,49008400000,876294880,0.0
03/10/2014,-214950,-22950450000,106(-1.85 %),106280,11341520000,321230,34291970000,876409260,0.0
06/10/2014,-114360,-12202510000,106(0.00 %),105080,11194940000,219440,23397450000,876612480,0.0
07/10/2014,-95560,-10271320000,107(0.94 %),37080,3965660000,132640,14236980000,876879410,0.0
08/10/2014,-160780,-17287360000,109(1.87 %),185220,20006650000,346000,37294010000,877213260,0.0
09/10/2014,129160,14875360000,116(6.42 %),191480,22016080000,62320,7140720000,877243010,0.0
10/10/2014,-39190,-4452240000,113(-2.59 %),32910,3852060000,72100,8304300000,877329540,0.0
13/10/2014,-483000,-52996400000,111(-1.77 %),30860,3424750000,513860,56421150000,877812540,2.68
14/10/2014,-33370,-3683440000,109(-1.80 %),26400,2915400000,59770,6598840000,877845910,2.68
15/10/2014,-169430,-18196780000,108(-0.92 %),30730,3289640000,200160,21486420000,878015340,2.67
16/10/2014,-177450,-18614900000,103(-4.63 %),172770,17706760000,350220,36321660000,878192790,2.66
17/10/2014,-574350,-57894170000,100(-2.91 %),264170,26556030000,838520,84450200000,878767140,2.63
20/10/2014,-24520,-2505710000,102(2.00 %),110760,11369480000,135280,13875190000,878791660,2.63
21/10/2014,-134460,-14391530000,109(6.86 %),163280,17268030000,297740,31659560000,878926120,2.62
22/10/2014,1780,191960000,108(-0.92 %),4280,461960000,2500,270000000,878924340,2.62
23/10/2014,20710,2209000000,105(-2.78 %),2210710,225589000000,2190000,223380000000,878903630,2.62
24/10/2014,34710,3700000000,104(-0.95 %),145710,15300000000,111000,11600000000,878868920,2.62
27/10/2014,22000,2239600000,104(0.00 %),77000,7952600000,55000,5713000000,878846920,2.62
29/10/2014,60000,6335280000,106(1.92 %),60200,6356480000,200,21200000,878786920,2.63
30/10/2014,-65090,-6871960000,104(-1.89 %),16490,1714960000,81580,8586920000,878852010,2.62
31/10/2014,107890,11292540000,106(1.92 %),193270,20284540000,85380,8992000000,878744120,2.63
03/11/2014,-79310,-8387510000,105(-0.94 %),2690,284490000,82000,8672000000,879027820,2.61
04/11/2014,-107730,-11313800000,104(-0.95 %),0,0,107730,11313800000,879135550,2.61
05/11/2014,8760,903040000,104(0.00 %),33360,3466440000,24600,2563400000,879126790,2.61
06/11/2014,5240,553500000,104(0.00 %),58800,6135300000,53560,5581800000,879121550,2.61
07/11/2014,2920,306830000,105(0.96 %),15000,1570000000,12080,1263170000,879118630,2.61
10/11/2014,-68470,-7161670000,104(-0.95 %),47750,5014500000,116220,12176170000,879187100,2.6
11/11/2014,-183600,-19439220000,107(2.88 %),7460,791420000,191060,20230640000,879370700,2.6
12/11/2014,-216730,-22974350000,106(-0.93 %),2100,223340000,218830,23197690000,879587430,2.58
13/11/2014,4300,450800000,106(0.00 %),54300,5750800000,50000,5300000000,879583130,2.58
14/11/2014,-102070,-10637340000,104(-1.89 %),50240,5238400000,152310,15875740000,879685200,2.58
17/11/2014,1950,204750000,104(0.00 %),60000,6293968000,58050,6089218000,879683250,2.58
18/11/2014,-48100,-5002400000,103(-0.96 %),0,0,48100,5002400000,879731350,2.58
19/11/2014,-172900,-17605820000,101(-1.94 %),2200,224600000,175100,17830420000,879904250,2.57
20/11/2014,-117790,-12014580000,102(0.99 %),1000,102000000,118790,12116580000,879929160,0.0
21/11/2014,-141760,-14254190000,99.5(-2.45 %),36940,3750520000,178700,18004710000,879892270,0.0
24/11/2014,-4190,-413750000,99(-0.50 %),70000,6911000000,74190,7324750000,879870370,0.0
25/11/2014,-180180,-17869980000,98.5(-0.51 %),36200,3598870000,216380,21468850000,880009270,0.0
26/11/2014,-448190,-42366890000,94(-4.57 %),74390,7209340000,522580,49576230000,880053670,0.0
27/11/2014,-227180,-20731040000,91(-3.19 %),7160,653490000,234340,21384530000,880225210,0.0
28/11/2014,-388820,-33874390000,86(-5.49 %),32800,2857500000,421620,36731890000,880266600,0.0
01/12/2014,-420160,-36068600000,85(-1.16 %),63170,5403510000,483330,41472110000,880457300,0.0
02/12/2014,-133140,-11439550000,86(1.18 %),65910,5692320000,199050,17131870000,880943970,0.0
03/12/2014,38550,3379890000,87.5(1.74 %),99110,8640350000,60560,5260460000,881079200,0.0
04/12/2014,-13850,-1213070000,87.5(0.00 %),87550,7732220000,101400,8945290000,881443270,0.0
05/12/2014,5790,542810000,86.5(-1.14 %),119880,10463250000,114090,9920440000,881769230,0.0
08/12/2014,260,-14910000,81(-6.36 %),95500,7917500000,95240,7932410000,881842780,0.0
09/12/2014,-156500,-11876780000,75.5(-6.79 %),36670,2779860000,193170,14656640000,881866670,0.0
10/12/2014,-322980,-23073050000,74(-1.99 %),330520,24208170000,653500,47281220000,881607550,0.0
11/12/2014,-156680,-11221560000,71(-4.05 %),214130,15387490000,370810,26609050000,881507510,0.0
12/12/2014,-59970,-4205295000,71(0.00 %),190780,13534875000,250750,17740170000,881567480,2.48
15/12/2014,-47360,-3300350000,69(-2.82 %),150860,10529150000,198220,13829500000,881454280,0.0
16/12/2014,-269050,-17373880000,64.5(-6.52 %),71300,4651750000,340350,22025630000,882036480,0.0
17/12/2014,213110,13249610000,62(-3.88 %),213130,13250910000,20,1300000,882194160,0.0
18/12/2014,41050,2649240000,66(6.45 %),79950,5209500000,38900,2560260000,882364960,0.0
19/12/2014,421410,28156030000,68(3.03 %),436410,29146030000,15000,990000000,882126770,0.0
22/12/2014,291770,20591200000,72(5.88 %),312320,22030200000,20550,1439000000,881835000,2.47
23/12/2014,197540,13976940000,70(-2.78 %),197540,13976940000,0,0,881957280,0.0
24/12/2014,22950,1619350000,71(1.43 %),32950,2329350000,10000,710000000,881963230,0.0
25/12/2014,91930,6321280000,68(-4.23 %),93930,6461280000,2000,140000000,881884300,0.0
26/12/2014,98370,6716775000,70.5(3.68 %),102140,6981060000,3770,264285000,881785930,2.47
29/12/2014,7970,559035000,70(-0.71 %),8370,587435000,400,28400000,881777960,2.47
30/12/2014,8440,578510000,70(0.00 %),12340,843710000,3900,265200000,881769520,2.47
31/12/2014,0,0,70.5(0.71 %),0,0,0,0,881769520,2.47
05/01/2015,93630,6507100000,69(-2.13 %),95630,6645100000,2000,138000000,881702140,2.47
06/01/2015,-12510,-845580000,68(-1.45 %),63590,4316660000,76100,5162240000,881714650,2.47
07/01/2015,-133450,-9161150000,69(1.47 %),15780,1074735000,149230,10235885000,881848100,2.46
08/01/2015,74720,5212840000,69.5(0.72 %),74720,5212840000,0,0,881773380,2.47
09/01/2015,-63260,-4564020000,74(6.47 %),2900,207000000,66160,4771020000,881836640,2.47
12/01/2015,34450,2721550000,79(6.76 %),40250,3179750000,5800,458200000,881802190,2.47
13/01/2015,432370,34673430000,80.5(1.90 %),693640,55635535000,261270,20962105000,881369820,2.49
14/01/2015,-75890,-5912075000,77.5(-3.73 %),40260,3162715000,116150,9074790000,881445710,2.49
15/01/2015,-194730,-15236035000,78.5(1.29 %),10510,819525000,205240,16055560000,881640440,2.48
16/01/2015,-76110,-5920110000,77.5(-1.27 %),59240,4619500000,135350,10539610000,881716550,2.47
19/01/2015,-7540,-571330000,76.5(-1.29 %),53960,4168175000,61500,4739505000,881724090,2.47
20/01/2015,11470,903330000,77.5(1.31 %),95230,7365125000,83760,6461795000,881712620,2.47
21/01/2015,60680,4700525000,77.5(0.00 %),188170,14584745000,127490,9884220000,881651940,2.47
22/01/2015,74160,5794090000,78.5(1.29 %),249610,19476415000,175450,13682325000,881577780,2.48
23/01/2015,98310,7853000000,81(3.18 %),329910,26264310000,231600,18411310000,881479470,2.48
26/01/2015,71270,5808350000,80(-1.23 %),175450,14231740000,104180,8423390000,881408200,2.49
27/01/2015,114910,9119955000,79.5(-0.62 %),156890,12455675000,41980,3335720000,881293290,2.49
28/01/2015,43220,3397210000,78.5(-1.26 %),64680,5094810000,21460,1697600000,881250070,2.5
29/01/2015,-13020,-1011610000,77.5(-1.27 %),11030,855340000,24050,1866950000,881263090,2.5
30/01/2015,42240,3282680000,77(-0.65 %),91140,7086880000,48900,3804200000,881220850,2.5
02/02/2015,-8070,-621040000,76.5(-0.65 %),18790,1448250000,26860,2069290000,881113950,2.5
03/02/2015,-152130,-11771950000,76.5(0.00 %),52600,4075000000,204730,15846950000,881266080,2.5
04/02/2015,-49150,-3861320000,78.5(2.61 %),213370,16649525000,262520,20510845000,881315230,2.49
05/02/2015,44750,3495985000,78.5(0.00 %),101400,7931510000,56650,4435525000,881270480,2.49
06/02/2015,127000,10076105000,79.5(1.27 %),149500,11879855000,22500,1803750000,881143480,2.5
09/02/2015,42500,3393530000,79(-0.63 %),71500,5689750000,29000,2296220000,881100980,2.5
10/02/2015,-17240,-1355155000,78.5(-0.63 %),50560,4003090000,67800,5358245000,881118220,2.5
11/02/2015,63740,4961010000,78(-0.64 %),63740,4961010000,0,0,881054480,2.51
12/02/2015,6980,628065000,79(1.28 %),132250,10309640000,125270,9681575000,881047500,2.51
13/02/2015,5610,453750000,79(0.00 %),72120,5716295000,66510,5262545000,881041890,2.51
24/02/2015,37890,3009280000,79.5(0.63 %),51150,4062750000,13260,1053470000,881004000,2.51
25/02/2015,102120,8040675000,78.5(-1.26 %),163320,12851075000,61200,4810400000,880901880,2.51
26/02/2015,-58370,-4567850000,78.5(0.00 %),44130,3466390000,102500,8034240000,880960250,2.51
27/02/2015,168030,13252920000,79(0.64 %),197960,15594645000,29930,2341725000,880792220,2.52
02/03/2015,9100,712270000,78.5(-0.63 %),13860,1085180000,4760,372910000,880706000,2.52
03/03/2015,-164770,-12880270000,78(-0.64 %),152630,11949155000,317400,24829425000,880870770,2.52
04/03/2015,-462870,-36467530000,79.5(1.92 %),238260,18750032000,701130,55217562000,881333640,2.49
05/03/2015,-534990,-43172290000,80.5(1.26 %),226810,18282180000,761800,61454470000,881868630,2.46
06/03/2015,-243410,-19461005000,79.5(-1.24 %),4810,387005000,248220,19848010000,882112040,2.45
09/03/2015,-168290,-13235215000,78(-1.89 %),12010,943790000,180300,14179005000,882280330,2.44
10/03/2015,-242210,-19013120000,78.5(0.64 %),408440,32053090000,650650,51066210000,882522540,2.43
11/03/2015,-217200,-16870435000,77.5(-1.27 %),93200,7246830000,310400,24117265000,882739740,2.42
12/03/2015,-103870,-8047460000,77.5(0.00 %),23440,1815546000,127310,9863006000,882843610,2.41
13/03/2015,-98160,-7553320000,76.5(-1.29 %),50,3850000,98210,7557170000,882941770,2.41
16/03/2015,-109220,-8404620000,76.5(0.00 %),1280,98430000,110500,8503050000,883050990,2.4
17/03/2015,-89620,-6874410000,77(0.65 %),1940,149350000,91560,7023760000,883140610,2.4
18/03/2015,-24150,-1847470000,76(-1.30 %),10,770000,24160,1848240000,883164760,2.39
19/03/2015,-92860,-7066310000,75.5(-0.66 %),200,15300000,93060,7081610000,883257620,2.39
20/03/2015,-258020,-19500860000,75.5(0.00 %),5500,414900000,263520,19915760000,883515640,2.38
23/03/2015,-218890,-16695395000,76(0.66 %),52330,3995915000,271220,20691310000,883734530,2.36
24/03/2015,-221420,-16442480000,75(-1.32 %),2100,157800000,223520,16600280000,883955950,2.35
25/03/2015,-221420,-16442480000,70(-6.67 %),2100,157800000,223520,16600280000,884177370,2.34
26/03/2015,-378000,-25371205000,67(-4.29 %),410450,27555570000,788450,52926775000,884555370,2.32
27/03/2015,-462650,-30977615000,65.5(-2.24 %),45390,3066880000,508040,34044495000,885018020,2.3
30/03/2015,-108030,-7058085000,64(-2.29 %),35000,2322100000,143030,9380185000,885126050,2.29
31/03/2015,-407870,-26638080000,66(3.12 %),67630,4364670000,475500,31002750000,885533920,2.27
01/04/2015,-424440,-27388750000,62(-6.06 %),70770,4550270000,495210,31939020000,884550530,2.32
02/04/2015,-239460,-14997595000,63(1.61 %),35700,2213450000,275160,17211045000,884789990,2.31
03/04/2015,-47630,-3022340000,64(1.59 %),57370,3642660000,105000,6665000000,884837620,2.31
06/04/2015,-176740,-11108600000,62.5(-2.34 %),109790,6918420000,286530,18027020000,885014360,2.3
07/04/2015,-146870,-9538525000,62.5(0.00 %),109300,6462100000,256170,16000625000,885161230,2.29
08/04/2015,-161210,-10093335000,62.5(0.00 %),162340,10148300000,323550,20241635000,885322440,2.28
09/04/2015,-243850,-15568515000,62(-0.80 %),128970,8005925000,372820,23574440000,885566290,2.27
10/04/2015,-108530,-6728760000,62(0.00 %),100920,6256740000,209450,12985500000,885674820,2.26
13/04/2015,-113900,-7181540000,63(1.61 %),380550,24027245000,494450,31208785000,885788720,2.26
14/04/2015,222920,14241780000,64(1.59 %),362920,23237205000,140000,8995425000,885565800,2.27
15/04/2015,157520,10512835000,67.5(5.47 %),295490,19651090000,137970,9138255000,885408280,2.28
16/04/2015,40710,2791075000,67.5(0.00 %),40710,2791075000,0,0,885367570,2.28
17/04/2015,14550,995485000,66.5(-1.48 %),647550,43891475000,633000,42895990000,885353020,2.28
20/04/2015,-206770,-13607775000,65.5(-1.50 %),19820,1320725000,226590,14928500000,885559790,2.27
21/04/2015,-83990,-5537515000,65(-0.76 %),142540,9380965000,226530,14918480000,885643780,2.26
22/04/2015,-19450,-1287910000,65(0.00 %),107700,7001135000,127150,8289045000,885663230,2.26
23/04/2015,87610,5254240000,64.5(-0.77 %),164540,10198955000,76930,4944715000,885575620,2.27
24/04/2015,21050,1372625000,66(2.33 %),81050,5272625000,60000,3900000000,885554570,2.27
27/04/2015,7720,512265000,66(0.00 %),23720,1566265000,16000,1054000000,885546850,2.27
04/05/2015,-41430,-2586155000,62.5(-5.30 %),35320,2325620000,76750,4911775000,886890380,2.2
05/05/2015,11270,708455000,63(0.80 %),11720,736130000,450,27675000,886879110,2.2
06/05/2015,147350,9490235000,64(1.59 %),147850,9522235000,500,32000000,886731760,2.21
07/05/2015,6300,403080000,63.5(-0.78 %),6500,415800000,200,12720000,886725460,2.21
08/05/2015,-29230,-1854365000,63.5(0.00 %),5950,379565000,35180,2233930000,886754690,2.21
11/05/2015,-85640,-5414705000,63(-0.79 %),10900,691085000,96540,6105790000,886840330,2.2
12/05/2015,-16140,-995365000,62(-1.59 %),80830,5068620000,96970,6063985000,886856470,2.2
13/05/2015,-40270,-2500010000,62(0.00 %),8130,504890000,48400,3004900000,886896740,2.2
14/05/2015,26930,1677315000,62(0.00 %),127160,7907825000,100230,6230510000,886869810,2.2
15/05/2015,-70290,-4348305000,61(-1.61 %),3750,232175000,74040,4580480000,886940100,2.2
18/05/2015,28900,1721140000,58(-4.92 %),72600,4331480000,43700,2610340000,886911200,2.2
19/05/2015,201400,12037030000,61(5.17 %),206400,12338280000,5000,301250000,886709800,2.21
20/05/2015,169660,10614570000,63.5(4.10 %),169810,10623945000,150,9375000,886540140,2.22
21/05/2015,31790,2017140000,63(-0.79 %),34490,2188590000,2700,171450000,886508350,2.22
22/05/2015,107930,6873510000,64(1.59 %),107930,6873510000,0,0,886400420,2.22
25/05/2015,69510,4424985000,64(0.00 %),82100,5224450000,12590,799465000,886330910,2.23
26/05/2015,153820,9800740000,63.5(-0.78 %),154120,9819940000,300,19200000,886177090,2.24
27/05/2015,38950,2454535000,62.5(-0.48 %),45950,2894035000,7000,439500000,886138140,2.24
28/05/2015,79270,4978875000,63.5(1.60 %),84370,5300125000,5100,321250000,886058870,2.24
29/05/2015,4690,296005000,62.5(-1.57 %),97790,6116357000,93100,5820352000,886054180,2.24
01/06/2015,-75340,-4679320000,62(-0.80 %),57540,3585610000,132880,8264930000,886145120,2.24
02/06/2015,55000,3411500000,61.5(-0.81 %),55000,3411500000,0,0,886090120,2.24
03/06/2015,21870,1367260000,62.5(1.63 %),25140,1571250000,3270,203990000,886068250,2.24
04/06/2015,37630,2349870000,62(-0.80 %),37630,2349870000,0,0,886030620,2.24
05/06/2015,133690,8459940000,64(3.23 %),211280,13358110000,77590,4898170000,885896930,2.25
08/06/2015,20500,1308970000,63.5(-0.78 %),40580,2594120000,20080,1285150000,885876430,2.25
09/06/2015,31900,2006350000,62.5(-1.57 %),34000,2138650000,2100,132300000,885844530,2.25
10/06/2015,119400,7558390000,63.5(1.60 %),132300,8371090000,12900,812700000,885725130,2.26
11/06/2015,326300,21361080000,66(3.94 %),458100,30005980000,131800,8644900000,885398830,2.28
12/06/2015,123180,8172175000,66(0.00 %),277630,18395325000,154450,10223150000,885275650,2.28
15/06/2015,11130,723515000,65(-1.52 %),11150,724825000,20,1310000,885264520,2.28
16/06/2015,1220,72320000,63.5(-2.31 %),8120,520820000,6900,448500000,885263300,2.28
17/06/2015,20500,1304950000,63(-0.79 %),20500,1304950000,0,0,885242800,2.29
18/06/2015,-140270,-8872425000,63(0.00 %),0,0,140270,8872425000,885383070,2.28
19/06/2015,-52260,-3280840000,63(0.00 %),36590,2335115000,88850,5615955000,885435330,2.28
22/06/2015,-42650,-2673140000,63.5(0.79 %),44910,2839140000,87560,5512280000,885477980,2.27
23/06/2015,22350,1438375000,63.5(0.00 %),83250,5317075000,60900,3878700000,885455630,2.27
24/06/2015,-40600,-2579815000,63.5(0.00 %),32400,2058100000,73000,4637915000,885496230,2.27
25/06/2015,-388160,-24293640000,62.5(-1.57 %),32500,2031880000,420660,26325520000,885884390,2.25
26/06/2015,-171120,-10668150000,62(-0.80 %),27720,1719565000,198840,12387715000,886055510,2.24
29/06/2015,5090,326860000,63(1.61 %),283250,17747595000,278160,17420735000,886050420,2.24
30/06/2015,290560,18374965000,62(-1.59 %),468360,29593060000,177800,11218095000,885759860,2.26
01/07/2015,133550,8354145000,62(0.00 %),269330,16820335000,135780,8466190000,885049810,2.3
02/07/2015,187940,11836540000,63(1.61 %),395180,24859805000,207240,13023265000,884861870,2.31
03/07/2015,91980,5833690000,63.5(0.79 %),232480,14744830000,140500,8911140000,884769890,2.31
06/07/2015,-139860,-9002825000,65(2.36 %),28070,1795080000,167930,10797905000,884909750,2.3
07/07/2015,77970,5085255000,65(0.00 %),352270,22867405000,274300,17782150000,884831780,2.31
08/07/2015,-9100,-506790000,63.5(-2.31 %),243800,15529760000,252900,16036550000,884840880,2.31
09/07/2015,-80460,-5023300000,63(-0.79 %),599178,37928688000,679638,42951988000,884921340,2.3
10/07/2015,61850,3909735000,62.5(-0.79 %),63830,4034965000,1980,125230000,884859490,2.31
13/07/2015,98490,6194625000,63.5(1.60 %),101490,6383125000,3000,188500000,884761000,2.31
14/07/2015,135150,8567805000,63(-0.79 %),136700,8666230000,1550,98425000,884625850,2.32
15/07/2015,51950,3275220000,62.5(-0.79 %),51990,3277720000,40,2500000,884573900,2.32
16/07/2015,-90800,-5622860000,62(-0.80 %),59410,3704160000,150210,9327020000,884664700,2.32
17/07/2015,-6320,-387135000,62(0.00 %),78450,4889990000,84770,5277125000,884671020,2.32
20/07/2015,-70060,-4178435000,60(-3.23 %),124170,7481365000,194230,11659800000,884741080,2.31
21/07/2015,-266260,-15705865000,59(-1.67 %),110140,6567660000,376400,22273525000,885007340,2.3
22/07/2015,-16170,-958445000,59.5(0.85 %),16780,983430000,32950,1941875000,885023510,2.3
23/07/2015,172800,10412010000,61.5(3.36 %),174100,10489360000,1300,77350000,884850710,2.31
24/07/2015,22010,1350900000,61(-0.81 %),22010,1350900000,0,0,884828700,2.31
27/07/2015,37630,2285960000,60.5(-0.82 %),45430,2758360000,7800,472400000,884791070,2.31
28/07/2015,9300,585955000,60(-0.83 %),145000,8672500000,135700,8086545000,884781770,2.31
29/07/2015,-35900,-2098015000,59(-1.67 %),122590,7293955000,158490,9391970000,884817670,2.31
30/07/2015,-41910,-2476380000,59.5(0.85 %),98090,5823960000,140000,8300340000,884859580,2.31
31/07/2015,-21220,-1266540000,59(-0.84 %),153490,9098940000,174710,10365480000,884880800,2.3
03/08/2015,61960,3637160000,58(-1.69 %),124050,7244720000,62090,3607560000,885079130,2.29
04/08/2015,-2300,-120000000,58(0.00 %),57500,3327300000,59800,3447300000,885081430,2.29
05/08/2015,58590,3422360000,58.5(0.86 %),62590,3656360000,4000,234000000,885022840,2.3
06/08/2015,19170,1122160000,58(-0.85 %),21100,1234100000,1930,111940000,885003670,2.3
07/08/2015,72060,4174180000,58(0.00 %),122380,7087740000,50320,2913560000,884931610,2.3
10/08/2015,23710,1344200000,57.5(-0.86 %),73710,4239200000,50000,2895000000,884907900,2.3
11/08/2015,49890,2870880000,57.5(0.00 %),102000,5858150000,52110,2987270000,884858010,2.31
12/08/2015,74800,4260980000,57(-0.87 %),77200,4398980000,2400,138000000,884783210,2.31
13/08/2015,-36940,-2059450000,56(-1.75 %),76740,4290720000,113680,6350170000,884820150,2.31
14/08/2015,-137710,-7224730000,52.5(-6.25 %),93910,5028330000,231620,12253060000,884957860,2.3
17/08/2015,-309370,-15588520000,49.3(-6.10 %),107700,5432450000,417070,21020970000,885267230,2.28
18/08/2015,-110550,-5432010000,49.5(0.41 %),227120,11150040000,337670,16582050000,885377780,2.28
19/08/2015,-54230,-2645160000,48.9(-1.21 %),66640,3255180000,120870,5900340000,885432010,2.28
20/08/2015,-333540,-15325440000,45.5(-6.95 %),137500,6354760000,471040,21680200000,885765550,2.26
21/08/2015,-428770,-18292130000,42.9(-5.71 %),82780,3616190000,511550,21908320000,886194320,2.24
24/08/2015,-66720,-2639840000,39.9(-6.99 %),119870,4894060000,186590,7533900000,886261040,2.23
25/08/2015,-505070,-19862430000,38.8(-2.76 %),233890,9195960000,738960,29058390000,886766110,2.2
26/08/2015,-181530,-7451310000,41.5(6.96 %),9890,392580000,191420,7843890000,886947640,2.2
27/08/2015,28940,1284880000,44.4(6.99 %),32480,1438460000,3540,153580000,886918700,2.2
28/08/2015,305560,14513550000,47.5(6.98 %),314060,14917200000,8500,403650000,886613140,2.21
31/08/2015,-88630,-4309610000,49(3.16 %),574670,28535550000,663300,32845160000,886701770,2.21
01/09/2015,-224350,-10957890000,47.6(-2.86 %),422770,20685750000,647120,31643640000,886538950,2.22
03/09/2015,-151830,-6982590000,45.7(-3.99 %),13600,623640000,165430,7606230000,886690780,2.21
04/09/2015,-110,-2190000,45.9(0.44 %),24890,1150310000,25000,1152500000,886690890,2.21
07/09/2015,82080,3749800000,45.8(-0.22 %),82080,3749800000,0,0,886608810,2.21
08/09/2015,70550,3242810000,46.4(1.31 %),70730,3251040000,180,8230000,886538260,2.22
09/09/2015,-30590,-1443330000,47(1.29 %),20410,958770000,51000,2402100000,886568850,2.22
10/09/2015,83800,3898140000,46.4(-1.28 %),83800,3898140000,0,0,886485050,2.22
11/09/2015,33800,1579580000,46.5(0.22 %),33800,1579580000,0,0,886451250,2.22
14/09/2015,1850,85630000,45.5(-2.15 %),1850,85630000,0,0,886449400,2.22
15/09/2015,13600,625990000,45.8(0.66 %),62870,2879450000,49270,2253460000,886435800,2.22
16/09/2015,43000,1988880000,46.1(0.66 %),57000,2639780000,14000,650900000,886392800,2.22
17/09/2015,297110,14379760000,48.6(5.42 %),298530,14448720000,1420,68960000,886095690,2.24
18/09/2015,22480,1051860000,48(-1.23 %),296550,14408040000,274070,13356180000,886073210,2.24
21/09/2015,-156690,-7428170000,47.8(-0.42 %),13310,632990000,170000,8061160000,886229900,2.23
22/09/2015,33090,1597460000,47.5(-0.63 %),106090,5079820000,73000,3482360000,886196810,2.23
23/09/2015,-39100,-1861850000,48.1(1.26 %),900,42750000,40000,1904600000,886235910,2.23
24/09/2015,21940,1048030000,47.5(-1.25 %),23940,1143830000,2000,95800000,886213970,2.23
25/09/2015,-139730,-6646470000,47.5(0.00 %),10270,488630000,150000,7135100000,886353700,2.23
28/09/2015,-221410,-10345420000,46.3(-2.53 %),1420,66870000,222830,10412290000,886575110,2.22
29/09/2015,-212420,-9693840000,45.7(-1.30 %),3580,163880000,216000,9857720000,886787530,2.2
30/09/2015,-192080,-8841300000,45.8(0.22 %),42100,1930930000,234180,10772230000,886979610,2.19
01/10/2015,41150,1929820000,45.7(2.01 %),83150,3849970000,42000,1920150000,887145910,2.18
02/10/2015,-75790,-3446280000,45.5(-0.44 %),1210,55300000,77000,3501580000,887221700,2.18
05/10/2015,-508900,-23269120000,45.8(0.66 %),5300,242150000,514200,23511270000,887730600,2.15
06/10/2015,-788540,-36364030000,46.3(1.09 %),4200,194910000,792740,36558940000,888519140,2.11
07/10/2015,128320,6106100000,47.5(2.59 %),210540,10029780000,82220,3923680000,888390820,2.12
08/10/2015,116170,5523310000,47.6(0.21 %),116320,5530440000,150,7130000,888274650,2.13
09/10/2015,-199600,-9672110000,48.3(1.47 %),400,19280000,200000,9691390000,888474250,2.11
12/10/2015,137000,6624650000,48.5(0.41 %),237000,11466450000,100000,4841800000,888337250,2.12
13/10/2015,77920,3712210000,47.5(-2.06 %),78520,3740800000,600,28590000,888259330,2.13
14/10/2015,-5350,-253540000,47(-1.05 %),72470,3404020000,77820,3657560000,888264680,2.13
15/10/2015,-23370,-1101490000,47.3(0.64 %),310,14600000,23680,1116090000,888288050,2.12
16/10/2015,25920,1233790000,47.4(0.21 %),227350,10881790000,201430,9648000000,888262130,2.13
19/10/2015,63430,2992450000,47.2(-0.42 %),113430,5354450000,50000,2362000000,888198700,2.13
20/10/2015,130280,6108180000,46.9(-0.64 %),139580,6544800000,9300,436620000,888068420,2.14
21/10/2015,114980,5376660000,46.7(-0.43 %),127690,5972760000,12710,596100000,887953440,2.14
22/10/2015,-35420,-1660250000,46.7(0.00 %),270740,12618040000,306160,14278290000,887988860,2.14
23/10/2015,-24670,-1164630000,47.1(0.86 %),175530,8248940000,200200,9413570000,888013530,2.14
26/10/2015,75360,3529370000,46.8(-0.64 %),185450,8699700000,110090,5170330000,887938170,2.14
27/10/2015,-107670,-4961200000,46.2(-1.28 %),278330,12917930000,386000,17879130000,888045840,2.14
28/10/2015,-110740,-5132520000,46.3(0.22 %),160040,7404350000,270780,12536870000,888156580,2.13
29/10/2015,-36790,-1719910000,46.7(0.86 %),219100,10242840000,255890,11962750000,888193370,2.13
30/10/2015,80000,3742600000,46.8(0.21 %),226540,10601230000,146540,6858630000,888113370,2.13
02/11/2015,49370,2300920000,46.7(-0.21 %),259970,12174200000,210600,9873280000,887895200,2.15
03/11/2015,77670,3630070000,46.7(0.00 %),386950,18085450000,309280,14455380000,887817530,2.15
04/11/2015,-668110,-31776990000,47.5(1.71 %),100,4720000,668210,31781710000,888485640,2.11
05/11/2015,-480480,-23056640000,48(1.05 %),48510,2326180000,528990,25382820000,888966120,2.09
06/11/2015,-58290,-2774250000,47.5(-1.04 %),71710,3414450000,130000,6188700000,889024410,2.09
09/11/2015,-17960,-837160000,47(-1.05 %),112240,5301800000,130200,6138960000,889042370,2.08
10/11/2015,-147530,-6821300000,46(-2.13 %),101970,4716340000,249500,11537640000,889189900,2.08
11/11/2015,-147800,-6744370000,45.8(-0.43 %),57200,2603520000,205000,9347890000,889337700,2.07
12/11/2015,-31840,-1427210000,44.8(-2.18 %),170000,7617000000,201840,9044210000,889369540,2.07
13/11/2015,-555430,-24092440000,43.6(-2.68 %),131000,5675680000,686430,29768120000,889924970,2.04
16/11/2015,-90230,-3895710000,43.1(-1.15 %),114250,4918200000,204480,8813910000,890015200,2.03
17/11/2015,-91900,-4016430000,43.5(0.93 %),18400,804080000,110300,4820510000,890107100,2.03
18/11/2015,12890,556930000,43.3(-0.46 %),19610,847910000,6720,290980000,890094210,2.03
19/11/2015,-151250,-6548790000,43.3(0.00 %),58750,2544410000,210000,9093200000,890245460,2.02
20/11/2015,87560,3802210000,43.4(0.23 %),87560,3802210000,0,0,890157900,2.03
23/11/2015,46760,2019350000,43.2(-0.46 %),89760,3877280000,43000,1857930000,890111140,2.03
24/11/2015,-48260,-2088310000,43.1(-0.23 %),7160,308770000,55420,2397080000,890734790,2.0
25/11/2015,1530,66230000,43.5(0.93 %),5400,234360000,3870,168130000,890939390,1.98
26/11/2015,680,29580000,43.5(0.00 %),680,29580000,0,0,890938710,1.98
27/11/2015,31800,1371148000,42.9(-1.38 %),31800,1371148000,0,0,890906910,1.99
30/11/2015,-202180,-8363140000,41.2(-3.96 %),8200,346790000,210380,8709930000,890997130,1.98
01/12/2015,-117200,-4833540000,41(-0.49 %),25550,1052040000,142750,5885580000,890975450,1.98
02/12/2015,-112740,-4630940000,41(0.00 %),114460,4698620000,227200,9329560000,890860990,1.99
03/12/2015,26160,1060120000,40.3(-1.71 %),103360,4175180000,77200,3115060000,890757630,1.99
04/12/2015,-286560,-11553320000,40.3(0.00 %),13000,523890000,299560,12077210000,890955010,1.98
07/12/2015,-195450,-7723100000,39.4(-2.23 %),23800,946480000,219250,8669580000,891073960,1.98
08/12/2015,-557790,-21502130000,39.3(-0.25 %),14750,568340000,572540,22070470000,891286410,1.97
09/12/2015,-22450,-874530000,38.7(-1.53 %),1100,43040000,23550,917570000,891362510,1.96
10/12/2015,-229710,-8793660000,38.1(-1.55 %),3450,132340000,233160,8926000000,891658620,1.95
11/12/2015,-73110,-2805830000,38.4(0.79 %),5950,226660000,79060,3032490000,891871920,1.94
14/12/2015,-35000,-1312140000,37.4(-2.60 %),21000,786230000,56000,2098370000,892423460,1.91
15/12/2015,-7570,-288320000,38.1(1.87 %),1490,56920000,9060,345240000,892445520,1.91
16/12/2015,-12980,-500030000,38.4(0.79 %),2020,77470000,15000,577500000,892676660,1.89
17/12/2015,-64300,-2439050000,37.9(-1.30 %),5400,205580000,69700,2644630000,892750320,1.89
18/12/2015,14150,534910000,37.6(-0.79 %),14150,534910000,0,0,892792170,1.89
21/12/2015,-247150,-9108120000,36.7(-2.39 %),57770,2124580000,304920,11232700000,892743460,1.89
22/12/2015,-238260,-8816590000,36.9(0.54 %),7910,292340000,246170,9108930000,892750550,1.89
23/12/2015,-36880,-1362440000,37(0.27 %),3120,115080000,40000,1477520000,892817130,1.89
24/12/2015,-126340,-4743880000,37.4(1.08 %),57220,2145440000,183560,6889320000,892759910,1.89
25/12/2015,12500,468360000,37.5(0.27 %),12500,468360000,0,0,893052330,1.87
28/12/2015,19180,707900000,36.8(-1.87 %),53480,1978700000,34300,1270800000,893245020,1.86
29/12/2015,1340,49120000,36.5(-0.82 %),3500,128180000,2160,79060000,893281520,1.86
30/12/2015,38620,1418530000,36.5(0.00 %),38620,1418530000,0,0,893426460,1.85
31/12/2015,0,0,36.2(-0.82 %),0,0,0,0,893426460,1.85
04/01/2016,42610,1559990000,36.2(0.00 %),42610,1559990000,0,0,893418150,1.85
05/01/2016,40020,1455200000,36.1(-0.28 %),57020,2070780000,17000,615580000,893363290,1.86
06/01/2016,-14970,-543140000,36.3(0.55 %),16140,584180000,31110,1127320000,893347150,1.86
07/01/2016,-110610,-3784040000,34.5(-4.96 %),88490,3121670000,199100,6905710000,893258660,1.86
08/01/2016,21010,729660000,35(1.45 %),106370,3711890000,85360,2982230000,893169290,1.87
11/01/2016,61070,2130120000,35(0.00 %),187250,6545320000,126180,4415200000,893083150,1.87
12/01/2016,-49600,-1720510000,34.7(-0.86 %),225770,7803370000,275370,9523880000,893207650,1.87
13/01/2016,-191540,-6722840000,35(0.86 %),165210,5800270000,356750,12523110000,893177800,1.87
14/01/2016,-135310,-4651290000,34.4(-1.71 %),237690,8204220000,373000,12855510000,893076290,1.87
15/01/2016,64280,2216040000,34.3(-0.29 %),109920,3788180000,45640,1572140000,893090570,1.87
18/01/2016,28900,936880000,31.9(-7.00 %),380810,12233200000,351910,11296320000,893016510,1.88
19/01/2016,9760,334280000,31.9(0.00 %),164300,5271220000,154540,4936940000,893155210,1.87
20/01/2016,53220,1664280000,30.7(-3.76 %),370220,11547750000,317000,9883470000,892830630,1.88
21/01/2016,-124820,-3799840000,30(-2.28 %),262600,7944290000,387420,11744130000,892919940,1.88
22/01/2016,-788970,-24590630000,32(6.67 %),8940,273420000,797910,24864050000,893065540,1.87
25/01/2016,-202800,-6934020000,34.2(6.88 %),6000,203300000,208800,7137320000,893757890,1.84
26/01/2016,2070,53010000,35.5(3.80 %),9070,307810000,7000,254800000,893754890,1.84
27/01/2016,19340,706440000,36.5(2.82 %),20340,742940000,1000,36500000,894532460,1.8
28/01/2016,221260,8100410000,36.7(0.55 %),221260,8100410000,0,0,894520000,1.8
29/01/2016,242200,9346370000,39.2(6.81 %),244700,9443770000,2500,97400000,894282300,1.81
01/02/2016,139170,5411050000,37.5(-4.34 %),191690,7440350000,52520,2029300000,894091610,1.82
02/02/2016,-2050,-73420000,36(-4.00 %),10080,364600000,12130,438020000,894082830,1.82
03/02/2016,165850,6100170000,38.2(6.11 %),286710,10351080000,120860,4250910000,893798620,1.83
04/02/2016,39470,1509570000,38(-0.52 %),40250,1539520000,780,29950000,893810890,1.83
05/02/2016,41200,1559390000,38(0.00 %),141830,5370380000,100630,3810990000,893775310,1.84
15/02/2016,325510,12331540000,38.2(0.53 %),430590,16302940000,105080,3971400000,893465580,1.85
16/02/2016,327430,12925970000,40(4.71 %),411930,16203090000,84500,3277120000,893054430,1.87
17/02/2016,-56260,-2217820000,39.4(-1.50 %),115450,4568930000,171710,6786750000,893039610,1.87
18/02/2016,271540,11200990000,41.7(5.84 %),302700,12489550000,31160,1288560000,892841990,1.88
19/02/2016,482230,20450490000,42.5(1.92 %),557340,23571440000,75110,3120950000,892369150,1.91
22/02/2016,198740,8526850000,42.9(0.94 %),213790,9173480000,15050,646630000,892327070,1.91
23/02/2016,303410,13381510000,43.3(0.93 %),435050,19150960000,131640,5769450000,891923180,1.93
24/02/2016,-49620,-2112470000,42.8(-1.15 %),288890,12315340000,338510,14427810000,891709400,1.94
25/02/2016,139460,5984050000,41.8(-2.34 %),170460,7309910000,31000,1325860000,891553990,1.95
26/02/2016,5380,219310000,42.5(1.67 %),116380,4945610000,111000,4726300000,891569250,1.95
29/02/2016,10910,462590000,42.7(0.47 %),43040,1843990000,32130,1381400000,901150220,1.94
01/03/2016,176290,7675790000,43.6(2.11 %),282000,12291840000,105710,4616050000,900899220,1.95
02/03/2016,-36240,-1588910000,44.1(1.15 %),87760,3876230000,124000,5465140000,900922460,1.95
03/03/2016,33890,1514440000,45.2(2.49 %),122670,5520380000,88780,4005940000,900831920,1.95
04/03/2016,202160,9271460000,46.3(2.43 %),337360,15480840000,135200,6209380000,900600270,1.96
07/03/2016,457060,22424380000,49.4(6.70 %),607650,29779880000,150590,7355500000,900116620,1.99
08/03/2016,15030,804390000,48.2(-2.43 %),256650,12700870000,241620,11896480000,899948750,2.0
09/03/2016,-194200,-9215810000,47.4(-1.66 %),77720,3706810000,271920,12922620000,900006230,2.0
10/03/2016,-261700,-12584630000,48.3(1.90 %),34300,1656470000,296000,14241100000,900122520,1.99
11/03/2016,-58510,-2801530000,48.1(-0.41 %),91700,4412240000,150210,7213770000,900272440,1.98
14/03/2016,-139360,-6749630000,48.2(0.21 %),1510,73130000,140870,6822760000,900542850,1.97
15/03/2016,-276700,-13094090000,46.5(-3.53 %),89500,4225350000,366200,17319440000,900749350,1.96
16/03/2016,26400,1241190000,46.9(0.86 %),95900,4483540000,69500,3242350000,900803660,1.95
17/03/2016,121800,5753760000,46.9(4.45 %),152150,7187640000,30350,1433880000,900792380,1.95
18/03/2016,42800,2022890000,46.2(-1.49 %),61300,2889590000,18500,866700000,901097280,1.94
21/03/2016,53170,2442330000,45(-2.60 %),126070,5763830000,72900,3321500000,901040710,1.94
22/03/2016,-76930,-3488030000,45.5(1.11 %),101870,4616270000,178800,8104300000,900969190,1.95
23/03/2016,179920,8297240000,46.4(1.98 %),202920,9358640000,23000,1061400000,900784770,1.96
24/03/2016,-112430,-5110730000,45.1(-2.80 %),175260,8011170000,287690,13121900000,900682410,1.96
25/03/2016,142210,6405700000,45.2(0.22 %),144930,6527560000,2720,121860000,900716280,1.96
28/03/2016,-23720,-1071170000,45.2(0.00 %),4080,184390000,27800,1255560000,900735200,1.96
29/03/2016,42800,1892160000,43.5(-3.76 %),43800,1937060000,1000,44900000,900979090,1.94
30/03/2016,-4350,-180520000,43(-1.15 %),61040,2636580000,65390,2817100000,900920770,1.95
31/03/2016,12330,524200000,41(-4.65 %),31940,1338230000,19610,814030000,900916630,1.95
01/04/2016,17500,723010000,41.5(1.22 %),21700,895490000,4200,172480000,900895930,1.95
04/04/2016,102050,4180300000,40.4(-2.65 %),247730,10102760000,145680,5922460000,900713590,1.96
05/04/2016,110210,4393960000,41(1.49 %),232410,9297940000,122200,4903980000,900500790,1.97
06/04/2016,-78470,-3274060000,43(4.88 %),189530,8081530000,268000,11355590000,900315460,1.98
07/04/2016,109290,4870170000,44.1(2.56 %),249310,11005100000,140020,6134930000,900211830,1.99
08/04/2016,18950,848390000,44.1(0.00 %),157950,6970290000,139000,6121900000,900176080,1.99
11/04/2016,228970,10341090000,45(2.04 %),300290,13561640000,71320,3220550000,900143790,1.99
12/04/2016,421660,19108840000,45.5(1.11 %),421660,19108840000,0,0,899862150,2.0
13/04/2016,268870,12424700000,46.2(1.54 %),271870,12563900000,3000,139200000,899729280,2.01
14/04/2016,461850,21268190000,45.9(-0.65 %),464060,21369450000,2210,101260000,899336540,2.03
15/04/2016,241800,11199480000,46.3(0.87 %),250800,11615180000,9000,415700000,899085740,2.04
19/04/2016,471800,21078570000,44.3(-4.32 %),625800,27955580000,154000,6877010000,898462940,2.08
20/04/2016,562030,25065280000,44.8(1.13 %),562030,25065280000,0,0,897903120,2.11
21/04/2016,493100,23148130000,47.6(6.25 %),509450,23895910000,16350,747780000,897402670,2.13
22/04/2016,1018750,49481670000,49.5(3.99 %),1031060,50064520000,12310,582850000,896525610,2.18
25/04/2016,50670,2478940000,48.3(-2.42 %),70890,3470970000,20220,992030000,896454720,2.18
26/04/2016,236240,11380950000,49.5(2.48 %),246080,11862790000,9840,481840000,896224990,2.2
27/04/2016,251170,12699170000,50.5(2.02 %),257470,13020270000,6300,321100000,895979830,2.21
28/04/2016,106280,5506970000,51(0.99 %),260770,13414330000,154490,7907360000,895739280,2.22
29/04/2016,-30480,-1523240000,51(0.00 %),119050,6122080000,149530,7645320000,895630070,2.23
04/05/2016,74540,3661840000,50.5(-0.98 %),503610,24986570000,429070,21324730000,895132760,2.25
05/05/2016,64960,3257300000,50(-0.99 %),138320,6926300000,73360,3669000000,895148930,2.25
06/05/2016,328690,16614850000,50.5(1.00 %),328690,16614850000,0,0,894969770,2.26
09/05/2016,210870,10739990000,51(0.99 %),212770,10836890000,1900,96900000,895186070,2.25
10/05/2016,496420,24950460000,51(0.00 %),568870,28575090000,72450,3624630000,894690560,2.28
11/05/2016,219730,11256720000,52(1.96 %),240940,12340480000,21210,1083760000,894449620,2.29
12/05/2016,-8100,-423000000,52.5(0.96 %),20000,1055000000,28100,1478000000,894431520,2.29
13/05/2016,424450,22607240000,54(2.86 %),469650,25038270000,45200,2431030000,894034320,2.31
16/05/2016,176900,9694190000,55.5(2.78 %),237900,13031410000,61000,3337220000,893817630,2.32
17/05/2016,834720,48635570000,59(6.31 %),865030,50384550000,30310,1748980000,892980700,2.37
18/05/2016,428370,25221150000,58(-1.69 %),639210,37612280000,210840,12391130000,892386690,2.4
19/05/2016,269140,15416210000,57.5(-0.86 %),348740,19958710000,79600,4542500000,892098950,2.41
20/05/2016,-27930,-1609350000,57.5(0.00 %),395490,22773360000,423420,24382710000,891843770,2.43
23/05/2016,56910,3252620000,56.5(-1.74 %),260000,14704000000,203090,11451380000,891794610,2.43
24/05/2016,-9250,-489570000,56.5(0.00 %),330850,18525200000,340100,19014770000,891693360,2.43
25/05/2016,113220,6515160000,57.5(1.77 %),138220,7952660000,25000,1437500000,891868560,2.43
26/05/2016,78200,4481590000,57(-0.87 %),144200,8246090000,66000,3764500000,891927450,2.42
27/05/2016,9490,534940000,56.5(-0.88 %),148490,8389940000,139000,7855000000,891969060,2.42
30/05/2016,132370,7517915000,57(0.88 %),241620,13719990000,109250,6202075000,891836690,2.43
31/05/2016,329280,19546605000,60(5.26 %),351070,20845805000,21790,1299200000,891507410,2.44
01/06/2016,157840,9409660000,60(0.00 %),216740,12921760000,58900,3512100000,891389630,2.45
02/06/2016,261580,15700370000,61.5(2.50 %),272980,16387920000,11400,687550000,891128050,2.46
03/06/2016,-17800,-1087450000,60.5(-1.63 %),0,0,17800,1087450000,891247690,2.46
06/06/2016,135550,8131500000,60.5(0.00 %),144200,8652250000,8650,520750000,891162390,2.46
07/06/2016,-2420,-147790000,61.5(1.65 %),130,8060000,2550,155850000,891170660,2.46
08/06/2016,-204070,-12545860000,60.5(-1.63 %),86230,5314970000,290300,17860830000,891102230,2.47
09/06/2016,119590,7373110000,62(2.48 %),226500,13934120000,106910,6561010000,890884380,2.48
10/06/2016,97740,5987780000,60.5(-2.42 %),179180,10948170000,81440,4960390000,890707750,2.49
13/06/2016,441130,26187370000,60(-0.83 %),504040,29911610000,62910,3724240000,890494010,2.5
14/06/2016,110170,6569290000,60(0.00 %),351840,20948690000,241670,14379400000,890249080,2.51
15/06/2016,265930,16020010000,61.5(2.50 %),331030,19896510000,65100,3876500000,889999490,2.52
16/06/2016,6430,374890000,60(-2.44 %),185200,11185540000,178770,10810650000,889877200,2.53
17/06/2016,195280,11711120000,59.5(-0.83 %),276070,16546820000,80790,4835700000,889842800,2.53
20/06/2016,-23530,-1437280000,61.5(3.36 %),135170,8093920000,158700,9531200000,889843730,2.53
21/06/2016,107350,6582830000,60.5(-1.63 %),134400,8226900000,27050,1644070000,889888100,2.53
22/06/2016,-35820,-2174570000,60.5(0.00 %),43680,2657190000,79500,4831760000,889925210,2.53
23/06/2016,600,36300000,61(0.83 %),1800,108900000,1200,72600000,890011110,2.52
24/06/2016,465990,27566890000,60(-1.64 %),623260,36875940000,157270,9309050000,889414900,2.56
27/06/2016,139800,8286200000,60.5(0.83 %),143500,8504500000,3700,218300000,889350900,2.56
28/06/2016,45440,2735080000,60.5(0.00 %),71770,4320550000,26330,1585470000,889280330,2.56
29/06/2016,73490,4522860000,62(2.48 %),89490,5511610000,16000,988750000,889348110,2.56
30/06/2016,3050,191710000,62.5(0.81 %),13870,869540000,10820,677830000,889337940,2.56
01/07/2016,97750,6345970000,65.5(4.80 %),134400,8713000000,36650,2367030000,889229870,2.56
04/07/2016,2720,176250000,66.5(1.53 %),6860,449630000,4140,273380000,889239010,2.56
05/07/2016,35220,2315980000,65.5(-1.50 %),103540,6840840000,68320,4524860000,889146290,2.57
06/07/2016,-54850,-3568440000,64.5(-1.53 %),105110,6781750000,159960,10350190000,889077830,2.57
07/07/2016,96180,6300010000,67(3.88 %),155060,10150930000,58880,3850920000,888926910,2.58
08/07/2016,114180,7537340000,66(-1.49 %),483940,31828490000,369760,24291150000,888511290,2.6
11/07/2016,121460,7840160000,64(-3.03 %),490060,31720060000,368600,23879900000,888511290,2.6
12/07/2016,106390,6820230000,64.5(0.78 %),382210,24535210000,275820,17714980000,887857860,2.64
13/07/2016,38360,2574050000,66(2.33 %),751720,49661380000,713360,47087330000,887887370,2.64
14/07/2016,-64360,-4252610000,64.5(-2.27 %),163180,10691290000,227540,14943900000,888092790,2.62
15/07/2016,-63640,-4063450000,64(-0.78 %),114040,7318320000,177680,11381770000,888254570,2.62
18/07/2016,-12200,-788390000,65(1.56 %),108180,6977170000,120380,7765560000,888448280,2.61
19/07/2016,131940,8458570000,64(-1.54 %),266220,17082040000,134280,8623470000,888409600,2.61
20/07/2016,106610,6748340000,62.5(-2.34 %),241440,15258760000,134830,8510420000,888345840,2.61
21/07/2016,126940,8024610000,63(0.80 %),242090,15344720000,115150,7320110000,888224130,2.62
22/07/2016,-47350,-2913750000,61.5(-2.38 %),90310,5449190000,137660,8362940000,888268100,2.62
25/07/2016,171540,10704480000,62(0.81 %),216710,13505590000,45170,2801110000,888186220,2.62
26/07/2016,-113310,-6755190000,59(-4.84 %),112680,6694810000,225990,13450000000,888188690,2.62
27/07/2016,80140,4809930000,60.5(2.54 %),287970,17184750000,207830,12374820000,888058410,2.63
28/07/2016,-99540,-5752650000,58(-4.13 %),104600,6075700000,204140,11828350000,887998980,2.63
29/07/2016,63990,3708700000,58.5(0.86 %),133370,7736170000,69380,4027470000,888091600,2.63
01/08/2016,100990,6050310000,60(2.56 %),105990,6348810000,5000,298500000,888173410,2.62
02/08/2016,198730,11718340000,59.5(-0.83 %),389460,22978820000,190730,11260480000,887988090,2.63
03/08/2016,193400,11346080000,59(-0.84 %),307930,18056510000,114530,6710430000,887749540,2.64
04/08/2016,83420,4969330000,59.5(0.85 %),206110,12330030000,122690,7360700000,887548430,2.65
05/08/2016,53900,3217230000,59.5(0.00 %),177210,10615800000,123310,7398570000,887561950,2.65
08/08/2016,22250,1342280000,60.5(1.68 %),155760,9351830000,133510,8009550000,887520720,2.66
09/08/2016,6030,370360000,61.5(1.65 %),91500,5627250000,85470,5256890000,887551910,2.65
10/08/2016,8700,542950000,62(0.81 %),173590,10683840000,164890,10140890000,887501630,2.66
11/08/2016,-13610,-798180000,62(0.00 %),173100,10618810000,186710,11416990000,887462040,2.66
12/08/2016,-155970,-9915300000,63(1.61 %),111490,7086330000,267460,17001630000,887436020,2.66
15/08/2016,-53910,-3407310000,64(1.59 %),757710,48301460000,811620,51708770000,887493200,2.66
16/08/2016,-52110,-3333130000,63.5(-0.78 %),164000,10446680000,216110,13779810000,887515910,2.66
17/08/2016,-107840,-6851890000,63.5(0.00 %),233490,14821570000,341330,21673460000,887549880,2.65
18/08/2016,-243990,-15172360000,62(-2.36 %),300,18750000,244290,15191110000,887711200,2.65
19/08/2016,91750,5902410000,64.5(4.03 %),150300,9641530000,58550,3739120000,887777010,2.64
22/08/2016,59900,3887100000,65.5(1.55 %),130140,8487930000,70240,4600830000,887988200,2.63
23/08/2016,-148530,-9409180000,63.5(-3.05 %),11030,700940000,159560,10110120000,888221460,2.62
24/08/2016,-3850,-244730000,63.5(0.00 %),500,31750000,4350,276480000,888279510,2.62
25/08/2016,-12450,-765190000,62(-2.36 %),10100,635550000,22550,1400740000,888339650,2.61
26/08/2016,710,82790000,63.5(2.42 %),45100,2855250000,44390,2772460000,888454110,2.61
29/08/2016,64120,4069120000,63(-0.79 %),80000,5076500000,15880,1007380000,888378460,2.61
30/08/2016,138100,8788330000,64.5(2.38 %),166090,10576820000,27990,1788490000,888234920,2.62
31/08/2016,181370,11655360000,64(-0.78 %),235140,15117720000,53770,3462360000,888044170,2.63
01/09/2016,147660,9421450000,63.5(-0.78 %),183400,11701760000,35740,2280310000,887876650,2.64
05/09/2016,-62430,-3894290000,63(-0.79 %),68970,4357610000,131400,8251900000,887835670,2.64
06/09/2016,-58770,-3739540000,64(1.59 %),110800,7092940000,169570,10832480000,887778640,2.64
07/09/2016,-124700,-7824600000,63(-1.56 %),119130,7492790000,243830,15317390000,887695250,2.65
08/09/2016,185750,11902340000,64.5(2.38 %),201700,12917090000,15950,1014750000,887624950,2.65
09/09/2016,13910,913450000,64.5(0.00 %),25000,1637700000,11090,724250000,887769520,2.64
12/09/2016,67350,4242380000,63.1(-2.17 %),100750,6347350000,33400,2104970000,887912600,2.63
13/09/2016,50170,3208090000,63.5(0.63 %),76320,4865850000,26150,1657760000,887852230,2.64
14/09/2016,68930,4368780000,63.5(0.00 %),99630,6318230000,30700,1949450000,887763690,2.64
15/09/2016,147170,9283170000,63(-0.79 %),227170,14326260000,80000,5043090000,887569920,2.65
16/09/2016,91790,5782670000,63.2(0.32 %),91790,5782670000,0,0,887504280,2.66
19/09/2016,95960,6090970000,64(1.27 %),103310,6561190000,7350,470220000,887431670,2.66
20/09/2016,135530,8739050000,66(3.12 %),136030,8772050000,500,33000000,887375640,2.66
21/09/2016,71780,4826150000,67.6(2.42 %),72230,4856010000,450,29860000,887303410,2.67
22/09/2016,66040,4523620000,67.8(0.30 %),71340,4888220000,5300,364600000,887239420,2.67
23/09/2016,76200,5211660000,68.6(1.18 %),83500,5711560000,7300,499900000,887156420,2.67
26/09/2016,-11810,-769840000,68.5(-0.15 %),62090,4231980000,73900,5001820000,887094780,2.68
27/09/2016,-24570,-1678190000,69.3(1.17 %),103670,7158820000,128240,8837010000,886996410,2.68
28/09/2016,-119150,-8252510000,70(1.01 %),135360,9412520000,254510,17665030000,886868350,2.69
29/09/2016,-15520,-1136350000,73.2(4.57 %),10400,761420000,25920,1897770000,886931850,2.69
30/09/2016,-36480,-2592000000,70.5(-3.03 %),54610,3934090000,91090,6526090000,887005482,2.68
03/10/2016,-22030,-1561480000,71(0.71 %),1000,70700000,23030,1632180000,887258992,2.67
04/10/2016,8150,578910000,71.1(0.14 %),18750,1332140000,10600,753230000,887266162,2.67
05/10/2016,26540,1913130000,71.6(0.70 %),40040,2873070000,13500,959940000,887317212,2.67
06/10/2016,640,46310000,70.5(-1.54 %),1310,93800000,670,47490000,887338932,2.66
07/10/2016,1900,135010000,70.9(0.57 %),1900,135010000,0,0,887347632,2.66
10/10/2016,-8610,-585180000,67.5(-4.80 %),88890,6166440000,97500,6751620000,887353242,2.66
11/10/2016,106140,7361120000,72(6.67 %),147740,10266030000,41600,2904910000,887206172,2.67
12/10/2016,-34070,-2419320000,70.5(-2.08 %),11930,843060000,46000,3262380000,887194242,2.67
13/10/2016,23450,1660350000,71(0.71 %),30020,2126820000,6570,466470000,887180722,2.67
14/10/2016,3500,247080000,70.8(-0.28 %),6000,425380000,2500,178300000,887216322,2.67
17/10/2016,100,6420000,69.5(-1.84 %),7900,549400000,7800,542980000,887254422,2.67
18/10/2016,28970,2008000000,68.5(-1.44 %),36330,2516530000,7360,508530000,887224662,2.67
19/10/2016,9910,687660000,69.1(0.88 %),41350,2859730000,31440,2172070000,887185812,2.67
20/10/2016,45560,3172110000,69(-0.14 %),74200,5157500000,28640,1985390000,887119412,2.68
21/10/2016,52230,3596300000,69(0.00 %),92080,6328160000,39850,2731860000,887034692,2.68
24/10/2016,35910,2453110000,68.1(-1.30 %),61510,4198330000,25600,1745220000,887004622,2.68
25/10/2016,79850,5397600000,68.3(0.29 %),124470,8428000000,44620,3030400000,886908792,2.69
26/10/2016,60080,4085440000,67.7(-0.88 %),105100,7137060000,45020,3051620000,886843542,2.69
27/10/2016,40120,2718010000,67.8(0.15 %),87370,5916840000,47250,3198830000,886781772,2.69
28/10/2016,14040,954390000,68(0.29 %),35820,2434660000,21780,1480270000,886790572,2.69
31/10/2016,74350,4987620000,66(-2.94 %),133210,8908800000,58860,3921180000,886702382,2.7
01/11/2016,154000,10131080000,66.5(0.76 %),329990,21778830000,175990,11647750000,886529642,2.71
02/11/2016,54120,3586480000,65.9(-0.90 %),129830,8601640000,75710,5015160000,886421592,2.71
03/11/2016,15750,1036640000,65.3(-0.91 %),110280,7143470000,94530,6106830000,886370172,2.72
04/11/2016,39100,2549780000,65.7(0.61 %),82950,5400980000,43850,2851200000,886353212,2.72
07/11/2016,54050,3608720000,67.3(2.44 %),110950,7402510000,56900,3793790000,886317972,2.72
08/11/2016,111330,7498670000,67.7(0.59 %),163900,11039810000,52570,3541140000,886277502,2.72
09/11/2016,149740,10004210000,67.1(-0.89 %),168700,11266100000,18960,1261890000,886152652,2.73
10/11/2016,26030,1757430000,68(1.34 %),175330,11864240000,149300,10106810000,886034222,2.73
11/11/2016,12870,882100000,68.1(0.15 %),15970,1093560000,3100,211460000,886041922,2.73
14/11/2016,16080,1080050000,67(-1.62 %),62700,4198280000,46620,3118230000,885998182,2.74
15/11/2016,62150,4176260000,67.2(0.30 %),72400,4864210000,10250,687950000,886075082,2.73
16/11/2016,53800,3621470000,67.3(0.15 %),65360,4403090000,11560,781620000,886012822,2.73
17/11/2016,49800,3349310000,67.2(-0.15 %),60300,4055750000,10500,706440000,885999142,2.74
18/11/2016,60910,4093110000,67.2(0.00 %),68000,4569560000,7090,476450000,885941392,2.74
21/11/2016,-21440,-1443870000,67.3(0.15 %),120000,8064870000,141440,9508740000,885932952,2.74
22/11/2016,-14420,-988240000,68.7(2.08 %),50000,3280000000,64420,4268240000,885943452,2.74
23/11/2016,12760,876950000,68.6(-0.15 %),12760,876950000,0,0,885937782,2.74
24/11/2016,-10630,-728170000,68.2(-0.58 %),350,24010000,10980,752180000,885978872,2.74
25/11/2016,31870,2165450000,68(-0.29 %),64400,4379200000,32530,2213750000,885928892,2.74
28/11/2016,50160,3407920000,68(0.00 %),99900,6788790000,49740,3380870000,885828992,2.74
29/11/2016,-68010,-4482260000,64.5(-5.15 %),10000,658850000,78010,5141110000,885829972,2.74
30/11/2016,-48390,-3073780000,63.9(-0.93 %),24500,1563580000,72890,4637360000,885838002,2.74
01/12/2016,-97270,-6643540000,68.3(6.89 %),22730,1552460000,120000,8196000000,885865012,2.74
02/12/2016,-35000,-2383130000,67.9(-0.59 %),3000,207000000,38000,2590130000,885940022,2.74
05/12/2016,-1800,-120300000,66.5(-2.06 %),200,13400000,2000,133700000,886012712,2.73
06/12/2016,10640,730040000,66.9(0.60 %),20000,1338000000,9360,607960000,886112712,2.73
07/12/2016,21630,1428880000,65.3(-2.39 %),25500,1681590000,3870,252710000,886125212,2.73
08/12/2016,9900,651520000,65(-0.46 %),35000,2264280000,25100,1612760000,886092212,2.73
09/12/2016,-23600,-1537000000,66(1.54 %),26400,1737000000,50000,3274000000,886075172,2.73
12/12/2016,-40170,-2700800000,66(0.00 %),21200,1416590000,61370,4117390000,886057842,2.73
13/12/2016,-7180,-480640000,65(-1.52 %),21300,1393720000,28480,1874360000,886061642,2.73
14/12/2016,-4850,-313940000,65(0.00 %),22220,1447870000,27070,1761810000,886089422,2.73
15/12/2016,-23500,-1510450000,64.4(-0.92 %),0,0,23500,1510450000,886150792,2.73
16/12/2016,-49130,-3140390000,64.2(-0.31 %),8870,569470000,58000,3709860000,886220972,2.72
19/12/2016,-52350,-3388130000,64.9(1.09 %),0,0,52350,3388130000,886197472,2.72
20/12/2016,-73930,-4727150000,63.6(-2.00 %),2510,161100000,76440,4888250000,886218462,2.72
21/12/2016,75460,4882180000,65(2.20 %),83780,5420170000,8320,537990000,886192682,2.73
22/12/2016,1650,105170000,63.5(1.28 %),2020,128670000,370,23500000,886243012,2.72
23/12/2016,-21950,-1368830000,62(-2.36 %),1050,65620000,23000,1434450000,886318402,2.72
26/12/2016,-1790,-111280000,61.1(-1.45 %),350,21760000,2140,133040000,886291902,2.72
27/12/2016,-550,-38680000,60(-1.80 %),10140,608090000,10690,646770000,886291902,2.72
28/12/2016,80770,4835330000,59.9(-0.17 %),127000,7610430000,46230,2775100000,886212602,2.72
29/12/2016,17150,1030930000,59.7(-0.33 %),101210,6066980000,84060,5036050000,886113532,2.73
30/12/2016,24800,1502280000,60.6(1.51 %),25200,1526320000,400,24040000,886099022,2.73
03/01/2017,21710,1303150000,60.1(-0.83 %),53720,3226140000,32010,1922990000,886091532,2.73
04/01/2017,11860,742690000,61.5(2.33 %),159590,9803320000,147730,9060630000,886116002,2.73
05/01/2017,-120,-7330000,61.5(0.00 %),0,0,120,7330000,886116402,2.73
06/01/2017,-6990,-427660000,60.4(-1.79 %),11110,673670000,18100,1101330000,886137302,2.73
09/01/2017,53980,3267360000,60.5(0.17 %),62920,3812400000,8940,545040000,886122112,2.73
10/01/2017,-21450,-1294820000,60(-0.83 %),191180,11512420000,212630,12807240000,886087052,2.73
11/01/2017,60,3600000,60.4(0.67 %),60,3600000,0,0,886105092,2.73
12/01/2017,-5700,-344650000,60.5(0.17 %),0,0,5700,344650000,886114032,2.73
13/01/2017,-92180,-5535070000,59.6(-1.49 %),29960,1798390000,122140,7333460000,886140702,2.73
16/01/2017,-114570,-6673310000,58(-2.68 %),66930,3888970000,181500,10562280000,886073772,2.73
17/01/2017,-60150,-3444110000,56.7(-2.24 %),50960,2893470000,111110,6337580000,886028512,2.73
18/01/2017,-123360,-7070490000,57.4(1.23 %),51570,2960970000,174930,10031460000,886099082,2.73
19/01/2017,-485890,-27891890000,57.4(0.00 %),17960,1029100000,503850,28920990000,886262622,2.72
20/01/2017,25150,1457570000,58.1(1.22 %),29680,1718500000,4530,260930000,886344052,2.72
23/01/2017,42700,2492510000,58.5(0.69 %),96020,5582900000,53320,3090390000,886422962,2.71
24/01/2017,501840,31111000000,60(2.56 %),530950,32857600000,29110,1746600000,886395862,2.71
25/01/2017,-63860,-3823710000,60.1(0.17 %),32450,1945080000,96310,5768790000,886367942,2.72
02/02/2017,-7050,-425400000,60.5(0.67 %),8150,493470000,15200,918870000,886413112,2.71
03/02/2017,-65190,-3888550000,59.5(-1.65 %),11970,714580000,77160,4603130000,886430252,2.71
06/02/2017,-131640,-7866620000,60(0.84 %),398860,23952780000,530500,31819400000,886459512,2.71
07/02/2017,-126190,-7575140000,60(0.00 %),276390,16583400000,402580,24158540000,886462002,2.71
08/02/2017,-29920,-1779370000,59.1(-1.50 %),80480,4812730000,110400,6592100000,886538682,2.71
09/02/2017,370700,21876520000,58(-1.86 %),414160,24394030000,43460,2517510000,886323212,2.72
10/02/2017,151430,8885500000,59(1.72 %),537960,31549290000,386530,22663790000,886250082,2.72
13/02/2017,-101590,-6003360000,59.1(0.17 %),467890,27646720000,569480,33650080000,886249772,2.72
14/02/2017,111810,6582440000,59.1(0.00 %),279910,16521400000,168100,9938960000,886068322,2.73
15/02/2017,279140,16434450000,59.1(0.00 %),402280,23697170000,123140,7262720000,885726642,2.75
16/02/2017,150350,8951860000,59.3(0.34 %),373350,22220730000,223000,13268870000,885585592,2.76
17/02/2017,-106350,-6271020000,58.9(-0.67 %),1390,82650000,107740,6353670000,885697302,2.75
20/02/2017,11520,677370000,59(0.17 %),76070,4482510000,64550,3805140000,885744372,2.75
21/02/2017,36650,2196200000,59.7(1.19 %),52350,3135040000,15700,938840000,885815022,2.75
22/02/2017,-52100,-3178800000,62(3.85 %),2100,127030000,54200,3305830000,885920662,2.74
23/02/2017,8350,527550000,63(1.61 %),153360,9626590000,145010,9099040000,885831852,2.74
24/02/2017,-61210,-3796130000,61.7(-2.06 %),9190,577870000,70400,4374000000,885838362,2.74
27/02/2017,8890,534920000,61.9(0.32 %),85490,5232690000,76600,4697770000,885953532,2.74
28/02/2017,-24760,-1526770000,60.3(-2.58 %),59500,3638700000,84260,5165470000,885892582,2.74
01/03/2017,-168390,-9940370000,58.9(-2.32 %),9450,568260000,177840,10508630000,885953532,2.74
02/03/2017,-81270,-4374530000,58(-1.53 %),316730,18872660000,398000,23247190000,885713402,2.75
03/03/2017,13110,744780000,58.6(1.03 %),41110,2378080000,28000,1633300000,885756552,2.75
06/03/2017,147050,8619800000,58.2(-0.68 %),181400,10619970000,34350,2000170000,885752992,2.75
07/03/2017,-44180,-2564190000,58.2(0.00 %),38850,2241470000,83030,4805660000,886112142,2.73
08/03/2017,-74250,-4305080000,57.8(-0.69 %),2450,141810000,76700,4446890000,886137692,2.73
09/03/2017,-10100,-581430000,56.8(-1.73 %),70900,4041480000,81000,4622910000,886101142,2.73
10/03/2017,-121220,-6770020000,55.8(-1.76 %),108650,6065810000,229870,12835830000,886075522,2.73
13/03/2017,-11060,-600880000,54.7(-1.97 %),84140,4619490000,95200,5220370000,886068082,2.73
14/03/2017,-62430,-3453080000,55(0.55 %),11730,647740000,74160,4100820000,886137352,2.73
15/03/2017,4030,221550000,55(0.00 %),4030,221550000,0,0,886363192,2.72
16/03/2017,-60630,-3362420000,55.6(1.09 %),0,0,60630,3362420000,886458392,2.71
17/03/2017,-94220,-5197510000,55(-1.08 %),3590,197570000,97810,5395080000,886458392,2.71
20/03/2017,52090,2864550000,54.8(-0.36 %),53690,2952560000,1600,88010000,886458392,2.71
21/03/2017,-64160,-3503990000,54.4(-0.73 %),32140,1758140000,96300,5262130000,886458392,2.71
22/03/2017,-146660,-7810290000,53(-2.57 %),142860,7672210000,289520,15482500000,886458392,2.71
23/03/2017,-480910,-25623310000,53.2(0.38 %),90990,4892000000,571900,30515310000,886458392,2.71
24/03/2017,-19470,-1048240000,54.5(2.44 %),30930,1661940000,50400,2710180000,886458392,2.71
27/03/2017,119650,6465800000,54(-0.92 %),142950,7721770000,23300,1255970000,886458392,2.71
28/03/2017,-2840,-156320000,53.6(-0.74 %),23110,1239400000,25950,1395720000,886458392,2.71
29/03/2017,-111010,-5987960000,53.8(0.37 %),4660,250890000,115670,6238850000,886458392,2.71
30/03/2017,29460,1605340000,54.4(1.12 %),35860,1951500000,6400,346160000,886458392,2.71
31/03/2017,28600,1570950000,55(1.10 %),35500,1948350000,6900,377400000,886458392,2.71
03/04/2017,69060,3786620000,54.7(-0.55 %),82350,4515290000,13290,728670000,887187002,2.67
04/04/2017,127870,6950480000,54.3(-0.73 %),199060,10813450000,71190,3862970000,887054632,2.68
05/04/2017,210160,11520670000,54.8(0.92 %),247460,13563810000,37300,2043140000,886814072,2.69
07/04/2017,363930,20487490000,57.2(4.38 %),364930,20542990000,1000,55500000,886462432,2.71
10/04/2017,217700,12417300000,56.9(0.71 %),228720,13046150000,11020,628850000,886244612,2.72
11/04/2017,354210,20207620000,56.8(-0.18 %),354210,20207620000,0,0,885927702,2.74
12/04/2017,66410,3746880000,55.4(-2.46 %),128210,7200760000,61800,3453880000,885800492,2.75
13/04/2017,126220,6929740000,54.7(-1.26 %),229560,12615030000,103340,5685290000,885581952,2.76
14/04/2017,-57050,-3093680000,53.9(-1.46 %),59820,3224390000,116870,6318070000,885522132,2.76
17/04/2017,-6260,-342860000,54(0.19 %),10000,539000000,16260,881860000,885573932,2.76
18/04/2017,107990,5909500000,55.1(2.04 %),110000,6019040000,2010,109540000,885567272,2.76
19/04/2017,127650,7019850000,55(-0.18 %),127650,7019850000,0,0,885556492,2.76
20/04/2017,-37420,-2024220000,54(-1.82 %),53810,2914650000,91230,4938870000,885518942,2.76
21/04/2017,45940,2486360000,53.6(-0.74 %),58040,3139170000,12100,652810000,885462912,2.76
24/04/2017,266890,14405420000,54.1(0.93 %),269320,14535670000,2430,130250000,885193592,2.78
25/04/2017,39650,2138530000,53.7(-0.74 %),39650,2138530000,0,0,885245172,2.78
26/04/2017,200160,10845170000,54.5(1.49 %),217340,11773170000,17180,928000000,885039932,2.79
27/04/2017,715730,39720710000,55.8(2.39 %),800860,44454540000,85130,4733830000,884241502,2.83
28/04/2017,383680,21310910000,55.5(-0.54 %),403700,22428020000,20020,1117110000,883837802,2.85
03/05/2017,551710,30421080000,55.2(-0.54 %),554670,30584030000,2960,162950000,883300312,2.88
04/05/2017,325820,17933030000,55.2(0.00 %),539220,29668540000,213400,11735510000,882846222,2.9
05/05/2017,106690,5828660000,54.6(-1.09 %),115290,6299230000,8600,470570000,882750952,2.91
08/05/2017,167910,9227750000,55(0.73 %),187920,10325100000,20010,1097350000,882565992,2.92
09/05/2017,68370,3769340000,55.6(1.09 %),375810,20757170000,307440,16987830000,882603582,2.91
10/05/2017,43840,2434340000,55(-1.08 %),115940,6437270000,72100,4002930000,882496242,2.92
11/05/2017,12120,668770000,55.1(0.18 %),21140,1165770000,9020,497000000,882495112,2.92
12/05/2017,-29540,-1621830000,54.5(-1.09 %),7960,437800000,37500,2059630000,882594592,2.92
15/05/2017,-20410,-1106140000,54.1(-0.73 %),430,23330000,20840,1129470000,882666262,2.91
16/05/2017,134570,7354360000,54.6(0.92 %),153970,8415470000,19400,1061110000,882521312,2.92
17/05/2017,12430,676080000,54.4(-0.37 %),74600,4051480000,62170,3375400000,882484212,2.92
18/05/2017,217850,11912660000,54.7(0.55 %),280020,15310260000,62170,3397600000,882225032,2.93
19/05/2017,270620,15045240000,55.9(2.19 %),424000,23575820000,153380,8530580000,881820432,2.96
22/05/2017,228990,13228420000,58.1(3.94 %),255590,14770620000,26600,1542200000,881627012,2.97
23/05/2017,-114640,-6612710000,57.4(-1.20 %),810,46960000,115450,6659670000,881688372,2.96
24/05/2017,-111250,-6339910000,57.1(-0.52 %),31750,1808700000,143000,8148610000,881810002,2.96
25/05/2017,-1120,-65650000,58.1(1.75 %),880,50950000,2000,116600000,881835722,2.96
26/05/2017,-61980,-3541890000,56.8(-2.24 %),2040,116910000,64020,3658800000,881949132,2.95
29/05/2017,218210,12532510000,58(2.11 %),222310,12770210000,4100,237700000,881869822,2.95
30/05/2017,2940,168280000,56.6(-2.41 %),3360,192600000,420,24320000,881868462,2.95
31/05/2017,-70840,-3961220000,55.6(-1.77 %),2140,120040000,72980,4081260000,881930342,2.95
01/06/2017,-174170,-9682470000,55.7(0.18 %),13830,768010000,188000,10450480000,881920612,2.95
02/06/2017,-345650,-18937630000,54.6(-1.97 %),75050,4109750000,420700,23047380000,881845982,2.95
05/06/2017,26870,1482050000,55.2(1.10 %),34170,1880650000,7300,398600000,881884792,2.95
06/06/2017,153400,8470760000,55.4(0.36 %),155400,8581180000,2000,110420000,881917392,2.95
07/06/2017,-38780,-2159170000,55.5(0.18 %),78810,4386470000,117590,6545640000,882259282,2.93
08/06/2017,238150,13129250000,55.5(0.00 %),258150,14229750000,20000,1100500000,882008432,2.95
09/06/2017,35520,1957350000,54.9(-1.08 %),35520,1957350000,0,0,881974912,2.95
12/06/2017,87120,4816280000,55.2(0.55 %),123980,6847700000,36860,2031420000,881968522,2.95
13/06/2017,250710,13967990000,56.2(1.81 %),269560,15008510000,18850,1040520000,881718962,2.96
14/06/2017,509630,29067360000,57.5(2.31 %),540670,30843580000,31040,1776220000,881178292,2.99
15/06/2017,157730,8984140000,56.9(-1.04 %),177640,10117470000,19910,1133330000,881037512,3.0
16/06/2017,204130,11760730000,57.5(1.05 %),266750,15360840000,62620,3600110000,880789612,3.01
19/06/2017,555930,32285170000,58.2(1.22 %),607010,35257360000,51080,2972190000,880213642,3.04
20/06/2017,316510,18388080000,58.1(-0.17 %),317860,18466670000,1350,78590000,879915692,3.06
21/06/2017,355480,20504820000,57.7(-0.69 %),400480,23099900000,45000,2595080000,879577832,3.07
22/06/2017,269560,15410400000,57(-1.21 %),402770,23025980000,133210,7615580000,879226142,3.09
23/06/2017,22400,1267330000,56.7(-0.53 %),27200,1537780000,4800,270450000,879200292,3.09
26/06/2017,28500,1624630000,57(0.53 %),31250,1781110000,2750,156480000,879214042,3.09
27/06/2017,124350,7178230000,57.4(0.70 %),224350,12953130000,100000,5774900000,878930462,3.11
28/06/2017,294240,16798920000,57.3(1.60 %),297240,16970820000,3000,171900000,878930462,3.11
29/06/2017,199650,11439330000,57.3(0.00 %),274650,15737630000,75000,4298300000,878658562,3.12
30/06/2017,343570,19986140000,58.3(1.75 %),357850,20814760000,14280,828620000,878300712,3.14
03/07/2017,256580,15196100000,59.6(2.23 %),283410,16761810000,26830,1565710000,878020302,3.16
04/07/2017,26360,1544790000,59(-1.01 %),41050,2408600000,14690,863810000,878054252,3.15
05/07/2017,-72180,-4333290000,60.1(1.86 %),337800,20234570000,409980,24567860000,877830732,3.17
06/07/2017,69430,4201640000,60.7(1.00 %),97210,5876020000,27780,1674380000,877760352,3.17
07/07/2017,-30250,-1822750000,60.7(0.00 %),39920,2420670000,70170,4243420000,877735122,3.17
10/07/2017,251380,15092840000,60.3(-0.66 %),432270,26014860000,180890,10922020000,877622452,3.18
11/07/2017,48650,2904930000,60.1(-0.33 %),88330,5297990000,39680,2393060000,877552282,3.18
12/07/2017,-119810,-7356330000,62.5(3.99 %),40560,2524610000,160370,9880940000,877581892,3.18
13/07/2017,287890,18221610000,63.2(1.12 %),288160,18238780000,270,17170000,877474622,3.19
14/07/2017,115790,7354800000,63.5(0.47 %),119990,7623500000,4200,268700000,877394312,3.19
17/07/2017,59170,3732410000,62.1(-2.20 %),128600,8072360000,69430,4339950000,877426082,3.19
18/07/2017,4040,246210000,60.7(-2.25 %),64880,3953680000,60840,3707470000,877361472,3.19
19/07/2017,267320,16610080000,62.7(3.29 %),350420,21806520000,83100,5196440000,877015252,3.21
20/07/2017,22530,1398570000,62(-1.12 %),46260,2869410000,23730,1470840000,877038422,3.21
21/07/2017,49580,3026700000,60(-3.23 %),99600,6112130000,50020,3085430000,876999662,3.21
24/07/2017,237050,14100130000,59.6(-0.67 %),238200,14167360000,1150,67230000,876844562,3.22
25/07/2017,143550,8615380000,60.5(1.51 %),143850,8633200000,300,17820000,876724442,3.22
26/07/2017,42100,2579530000,61.3(1.32 %),42100,2579530000,0,0,876683412,3.23
27/07/2017,50100,3040030000,60.6(-1.14 %),50100,3040030000,0,0,876683412,3.23
28/07/2017,69930,4276770000,61.5(1.49 %),69930,4276770000,0,0,876613782,3.23
31/07/2017,169980,10603490000,62.6(1.79 %),206920,12925770000,36940,2322280000,876406862,3.24
01/08/2017,245590,15660190000,64.2(2.56 %),269680,17189070000,24090,1528880000,876137182,3.26
02/08/2017,81810,5234600000,63.8(-0.62 %),106810,6822590000,25000,1587990000,876030372,3.26
03/08/2017,147380,9398480000,63.8(0.00 %),150600,9604470000,3220,205990000,875916712,3.27
04/08/2017,100140,6330630000,63(-1.25 %),165250,10446690000,65110,4116060000,875775552,3.27
07/08/2017,293080,18732380000,64.1(1.75 %),293080,18732380000,0,0,875507472,3.29
08/08/2017,187350,12076010000,64.5(0.62 %),243450,15686050000,56100,3610040000,875267242,3.3
09/08/2017,134220,8552190000,63.4(-1.71 %),204380,13006970000,70160,4454780000,875127972,3.31
10/08/2017,-19400,-1225650000,63(-0.63 %),13350,842810000,32750,2068460000,875114622,3.31
11/08/2017,-18830,-1177770000,61.3(-2.70 %),5770,358180000,24600,1535950000,875164952,3.31
14/08/2017,-3570,-219490000,61.8(0.82 %),3230,198100000,6800,417590000,875231882,3.3
15/08/2017,-30930,-1883680000,60.8(-1.62 %),13550,827420000,44480,2711100000,875251082,3.3
16/08/2017,11080,705080000,62.3(2.47 %),43080,2659580000,32000,1954500000,875232602,3.3
17/08/2017,-28020,-1718720000,61(-2.09 %),15130,933580000,43150,2652300000,875224272,3.3
18/08/2017,-43570,-2651640000,60.9(-0.16 %),9900,602240000,53470,3253880000,875258852,3.3
21/08/2017,-14740,-902300000,61.1(0.33 %),2400,146710000,17140,1049010000,875288452,3.3
22/08/2017,-26150,-1588310000,60.7(-0.65 %),24210,1477630000,50360,3065940000,875307392,3.3
23/08/2017,940,57060000,61(0.49 %),950,57670000,10,610000,875359912,3.3
24/08/2017,-81160,-4982550000,61.4(0.66 %),3400,209190000,84560,5191740000,875373652,3.3
25/08/2017,-380,-23360000,61.4(0.00 %),20,1240000,400,24600000,875423992,3.29
28/08/2017,235700,14734890000,63(2.61 %),237210,14829260000,1510,94370000,875186792,3.31
29/08/2017,2360,147100000,62.6(-0.63 %),2360,147100000,0,0,875268992,3.3
30/08/2017,99370,6189970000,62.6(0.00 %),99370,6189970000,0,0,875170022,3.31
31/08/2017,19170,1203780000,62.6(0.00 %),50690,3175180000,31520,1971400000,875120842,3.31
01/09/2017,118820,7552470000,63.5(1.44 %),141820,9009310000,23000,1456840000,874979022,3.32
05/09/2017,-23150,-1499470000,64.7(1.89 %),9640,618420000,32790,2117890000,874969382,3.32
06/09/2017,-7910,-504830000,65.1(0.62 %),109480,7124030000,117390,7628860000,874891422,3.32
07/09/2017,58400,3835100000,66.4(2.00 %),81290,5356420000,22890,1521320000,874833132,3.32
08/09/2017,272050,18378220000,67.3(1.36 %),310050,20935210000,38000,2556990000,874555872,3.34
11/09/2017,-63060,-4187420000,66(-1.93 %),75410,4990090000,138470,9177510000,874597852,3.34
12/09/2017,-137090,-9034850000,66(0.00 %),180470,11898220000,317560,20933070000,874540272,3.34
13/09/2017,-44000,-2925530000,66.6(0.91 %),100360,6688580000,144360,9614110000,874477912,3.34
14/09/2017,105900,7223800000,69(3.60 %),124410,8500870000,18510,1277070000,874491972,3.34
15/09/2017,42380,2918050000,68.5(0.74 %),195000,13359410000,152620,10441360000,874514532,3.34
18/09/2017,15240,1031840000,68.4(-0.15 %),169200,11573730000,153960,10541890000,874489692,3.34
19/09/2017,83350,5650920000,67.8(-0.88 %),235570,16080700000,152220,10429780000,874272632,3.35
20/09/2017,-124130,-8293770000,67.8(0.00 %),20230,1368560000,144360,9662330000,874405022,3.35
21/09/2017,-39830,-2674270000,68(0.29 %),12830,864760000,52660,3539030000,874546152,3.34
22/09/2017,-64630,-4438750000,68.5(0.74 %),41160,2808210000,105790,7246960000,874657212,3.33
25/09/2017,1050,71480000,68.5(0.00 %),1050,71480000,0,0,874800522,3.33
26/09/2017,-80690,-5608170000,69.5(1.46 %),20,1390000,80710,5609560000,874853162,3.32
27/09/2017,80020,5584140000,70.7(1.73 %),103000,7181360000,22980,1597220000,874855952,3.32
28/09/2017,-50400,-3568380000,70.7(0.00 %),50000,3531280000,100400,7099660000,874805952,3.33
29/09/2017,-44420,-3086340000,69.1(-2.26 %),12900,902290000,57320,3988630000,874873762,3.32
02/10/2017,52550,3650780000,69.5(0.58 %),100480,7005880000,47930,3355100000,874796262,3.29
03/10/2017,26310,1824810000,68.8(-1.01 %),26310,1824810000,0,0,874870352,3.29
04/10/2017,45510,3115490000,69.5(1.02 %),95800,6585920000,50290,3470430000,874831872,3.29
05/10/2017,-313930,-21589210000,68(-2.16 %),100,6800000,314030,21596010000,874879702,3.29
06/10/2017,36220,2451630000,67.8(-0.29 %),195820,13266020000,159600,10814390000,874783482,3.29
09/10/2017,-28250,-1934990000,67.5(-0.44 %),115150,7802820000,143400,9737810000,874718622,3.3
10/10/2017,-113650,-7637750000,67.1(-0.59 %),135360,9083480000,249010,16721230000,874897292,3.29
11/10/2017,-236500,-16117660000,68.2(1.64 %),348500,23725840000,585000,39843500000,874908792,3.29
12/10/2017,-198710,-13613920000,68.9(1.03 %),112890,7730550000,311600,21344470000,874939302,3.29
13/10/2017,-117180,-8200840000,70(1.60 %),275280,19233790000,392460,27434630000,874913032,3.29
16/10/2017,-156770,-10991570000,69.4(-0.86 %),210,14740000,156980,11006310000,875197822,3.27
17/10/2017,-61500,-4270530000,69.4(0.00 %),13500,935900000,75000,5206430000,875495922,3.26
18/10/2017,-49220,-3443790000,69.5(0.14 %),45780,3208020000,95000,6651810000,875842602,3.24
19/10/2017,-28290,-1989150000,70.3(1.15 %),130700,9178340000,158990,11167490000,875868882,3.24
20/10/2017,77180,5477170000,70.7(0.57 %),131410,9308360000,54230,3831190000,875812472,3.24
23/10/2017,-67710,-4707690000,68.1(-3.68 %),37270,2606660000,104980,7314350000,875870202,3.24
24/10/2017,91370,6321050000,69.7(2.35 %),222720,15280720000,131350,8959670000,875806472,3.24
25/10/2017,76530,5340960000,69.8(0.14 %),203050,14149900000,126520,8808940000,875657652,3.25
26/10/2017,-4380,-293300000,68.6(-1.72 %),19520,1350560000,23900,1643860000,875743112,3.24
27/10/2017,6530,445980000,69.3(1.02 %),15220,1042640000,8690,596660000,875859242,3.24
30/10/2017,502970,36302370000,72.9(5.19 %),508670,36709980000,5700,407610000,875477092,3.26
31/10/2017,-165770,-11841690000,71.5(-1.92 %),243790,17737730000,409560,29579420000,875257202,3.3
01/11/2017,2250,159590000,73(2.10 %),255200,18619210000,252950,18459620000,875010692,3.32
02/11/2017,89230,6514490000,72.6(-0.55 %),133260,9713640000,44030,3199150000,874883132,3.32
03/11/2017,141470,10294530000,73.5(1.24 %),149890,10909870000,8420,615340000,875142802,3.31
06/11/2017,-44890,-3325720000,75(2.04 %),57340,4272040000,102230,7597760000,875338412,3.3
07/11/2017,14710,1119530000,74.7(-0.40 %),40960,3087200000,26250,1967670000,875341482,3.3
08/11/2017,113190,8563160000,76.6(2.54 %),124900,9460030000,11710,896870000,875225002,3.3
09/11/2017,299890,22971420000,76.8(0.26 %),303350,23237040000,3460,265620000,875023882,3.31
10/11/2017,55290,4237520000,76.8(0.00 %),84190,6455290000,28900,2217770000,874965942,3.32
13/11/2017,97720,7501870000,79.5(3.52 %),102880,7899140000,5160,397270000,874874772,3.32
14/11/2017,15030,1198640000,80(0.63 %),22480,1793300000,7450,594660000,874855752,3.32
15/11/2017,120210,9539210000,79.7(-0.38 %),133720,10612380000,13510,1073170000,874750932,3.33
16/11/2017,172530,13764610000,79.9(0.25 %),211880,16903120000,39350,3138510000,874544212,3.34
17/11/2017,82840,6593300000,79.4(-0.63 %),290880,23088310000,208040,16495010000,874417782,3.35
20/11/2017,58730,4665410000,80.8(3.06 %),173880,13847300000,115150,9181890000,874257412,3.36
21/11/2017,-62230,-5037480000,81(0.25 %),148040,12011840000,210270,17049320000,874148722,3.36
22/11/2017,-21800,-1731100000,82.7(2.10 %),252440,20924270000,274240,22655370000,874100322,3.36
23/11/2017,-164650,-13445700000,80.6(-2.54 %),7880,647230000,172530,14092930000,874207592,3.36
24/11/2017,-219270,-17630070000,80.2(-0.50 %),122250,9827160000,341520,27457230000,874295612,3.35
27/11/2017,127300,10340590000,81.1(1.12 %),393950,32033110000,266650,21692520000,874072902,3.36
28/11/2017,-44370,-3570050000,79.8(-1.60 %),32730,2655900000,77100,6225950000,874212702,3.36
29/11/2017,-234220,-18539610000,79.8(0.00 %),29230,2316650000,263450,20856260000,874524992,3.34
30/11/2017,-220610,-17715180000,79.7(-0.13 %),9300,747490000,229910,18462670000,874732342,3.33
01/12/2017,-238620,-19345800000,81.8(2.63 %),1510,122310000,240130,19468110000,874807932,3.33
04/12/2017,-230280,-18788180000,81.4(-0.49 %),5920,483800000,236200,19271980000,875065462,3.31
05/12/2017,-86930,-7199020000,82.7(1.60 %),128710,10664400000,215640,17863420000,875166662,3.31
06/12/2017,-116050,-9622200000,83.3(0.73 %),102410,8497130000,218460,18119330000,875304382,3.3
07/12/2017,49930,4211530000,85(2.04 %),147900,12475560000,97970,8264030000,875392682,3.3
08/12/2017,76130,6505400000,85.7(0.82 %),108400,9273940000,32270,2768540000,875499922,3.29
11/12/2017,50150,4312640000,83.2(-2.92 %),208550,17638040000,158400,13325400000,875509832,3.29
12/12/2017,323920,26749760000,87(4.57 %),375280,31032740000,51360,4282980000,875232522,3.3
13/12/2017,-157320,-13759340000,86.6(-0.46 %),137580,12010160000,294900,25769500000,875127212,3.31
14/12/2017,192220,16552520000,85.8(-0.92 %),218650,18819570000,26430,2267050000,875066962,3.31
15/12/2017,44080,3816220000,87(1.40 %),62290,5389930000,18210,1573710000,875056032,3.31
18/12/2017,74830,6804510000,92.5(6.32 %),102550,9313930000,27720,2509420000,875248382,3.3
19/12/2017,-68590,-6285130000,90.4(-2.27 %),10490,964960000,79080,7250090000,875264322,3.3
20/12/2017,19190,1786480000,92.1(1.88 %),25800,2405240000,6610,618760000,875256732,3.3
21/12/2017,112140,10552690000,92.4(0.33 %),141640,13285340000,29500,2732650000,875142812,3.31
22/12/2017,15860,1462150000,93.1(0.76 %),18610,1715150000,2750,253000000,875203282,3.31
25/12/2017,8950,843250000,94.3(1.29 %),17650,1656750000,8700,813500000,875192242,3.31
26/12/2017,84440,8098120000,97.5(3.39 %),105190,10085900000,20750,1987780000,875116552,3.31
27/12/2017,141660,14054960000,98.8(1.33 %),141810,14069850000,150,14890000,874977492,3.32
28/12/2017,139880,13776030000,98.7(-0.10 %),144930,14273100000,5050,497070000,874841262,3.32
29/12/2017,-11310,-1087200000,97.4(-1.32 %),38310,3747660000,49620,4834860000,874823702,3.33
02/01/2018,-32170,-3089130000,95.3(-2.16 %),73020,6973500000,105190,10062630000,874750832,3.33
03/01/2018,-193660,-18781120000,97.4(2.20 %),446440,43287090000,640100,62068210000,874609442,3.34
04/01/2018,-143280,-14326850000,102(4.72 %),269750,26820390000,413030,41147240000,874539312,3.34
05/01/2018,-196020,-20022350000,100.4(-1.57 %),16390,1668020000,212410,21690370000,874628112,3.34
08/01/2018,-20480,-2107900000,100.4(0.00 %),96740,9718820000,117220,11826720000,874871472,3.32
09/01/2018,-59420,-6052640000,102(1.59 %),39820,4078200000,99240,10130840000,875094682,3.31
10/01/2018,92480,9617290000,103(0.98 %),181350,18817470000,88870,9200180000,875125742,3.31
11/01/2018,292920,30154580000,103.2(0.19 %),327200,33703600000,34280,3549020000,874915762,3.32
12/01/2018,113110,11504940000,100.5(-2.62 %),115510,11749590000,2400,244650000,874899492,3.32
15/01/2018,-122860,-12238790000,102.2(1.69 %),46690,4666090000,169550,16904880000,874941672,3.32
16/01/2018,334860,34534950000,103.5(1.27 %),754130,77797480000,419270,43262530000,874446992,3.35
17/01/2018,347800,35874270000,99.9(-3.48 %),541490,55923000000,193690,20048730000,873907902,3.37
18/01/2018,245910,24251670000,100.1(0.20 %),329720,32517500000,83810,8265830000,873747732,3.38
19/01/2018,51860,5187990000,99(-1.10 %),297550,29696050000,245690,24508060000,873724832,3.38
22/01/2018,162870,16484140000,105.9(6.97 %),403780,41839930000,240910,25355790000,873514742,3.36
25/01/2018,142830,16129900000,113.3(6.99 %),266780,30170600000,123950,14040700000,873737822,3.35
26/01/2018,850490,99176660000,116.4(2.74 %),1016170,118485680000,165680,19309020000,872721652,3.4
29/01/2018,-84030,-9895100000,115.9(-0.43 %),358340,41723400000,442370,51618500000,872363312,3.42
30/01/2018,60710,6763840000,116.5(0.52 %),335760,38540720000,275050,31776880000,872151502,3.43
31/01/2018,74480,9765400000,124.6(6.95 %),855890,104113410000,781410,94348010000,871461292,3.47
01/02/2018,129830,16031940000,122.2(-1.93 %),516850,63624750000,387020,47592810000,871386812,3.47
02/02/2018,-89800,-10925510000,121(-0.98 %),74370,9044030000,164170,19969540000,871587492,3.46
05/02/2018,31540,3779370000,112.6(-6.94 %),85390,10032650000,53850,6253280000,872283512,3.42
06/02/2018,357460,37447000000,104.8(-6.93 %),478450,50147390000,120990,12700390000,872192082,3.43
07/02/2018,253290,27697130000,110(4.96 %),300020,32835040000,46730,5137910000,872056232,3.44
08/02/2018,211960,22355710000,104(-5.45 %),329120,34762240000,117160,12406530000,871780962,3.45
09/02/2018,4760,450050000,96.8(-6.92 %),28180,2729780000,23420,2279730000,871873772,3.45
12/02/2018,-76780,-7662610000,103.5(6.92 %),737320,73311990000,814100,80974600000,871183182,3.48
13/02/2018,-37500,-4080510000,108(4.35 %),240720,25961810000,278220,30042320000,871059622,3.49
21/02/2018,33960,3868050000,112(3.70 %),200980,22578570000,167020,18710520000,870882062,3.5
22/02/2018,129010,14117270000,106(-5.36 %),160700,17560100000,31690,3442830000,871535462,3.46
23/02/2018,-152490,-16772640000,111(4.72 %),76240,8373500000,228730,25146140000,871737442,3.45
26/02/2018,-132420,-15125560000,113(1.80 %),140600,16143090000,273020,31268650000,871803862,3.45
27/02/2018,-85240,-9760330000,113.5(0.44 %),121350,13854980000,206590,23615310000,871714202,3.45
28/02/2018,-194600,-21969360000,113.9(0.35 %),115000,13021950000,309600,34991310000,871827932,3.45
01/03/2018,-24860,-2853240000,116(1.84 %),154730,17950850000,179590,20804090000,871906222,3.44
02/03/2018,-38910,-4436750000,117(0.86 %),239210,27751640000,278120,32188390000,871873602,3.45
05/03/2018,-162340,-19287380000,112(-4.27 %),40710,4802290000,203050,24089670000,872142492,3.43
06/03/2018,379830,43734040000,117(4.46 %),456820,52716380000,76990,8982340000,871865262,3.45
07/03/2018,64970,7524650000,114.8(-1.88 %),161160,18633570000,96190,11108920000,871982222,3.44
08/03/2018,39870,4589400000,114.6(-0.17 %),51570,5924970000,11700,1335570000,872133702,3.43
09/03/2018,-110950,-12625660000,112(-2.27 %),43390,4919610000,154340,17545270000,872167302,3.43
12/03/2018,171240,19838850000,116.2(3.75 %),172860,20024550000,1620,185700000,872090632,3.44
13/03/2018,18300,2111320000,115(-1.03 %),19220,2216350000,920,105030000,872083112,3.44
14/03/2018,217060,25513800000,118.2(2.78 %),218540,25685560000,1480,171760000,872018912,3.44
15/03/2018,175480,20907460000,121(2.37 %),178100,21217100000,2620,309640000,871842432,3.45
16/03/2018,284940,35688510000,128(5.79 %),444410,55274510000,159470,19586000000,871398942,3.47
19/03/2018,210410,27102920000,128.5(0.39 %),317910,40884110000,107500,13781190000,871082512,3.49
20/03/2018,132660,17072850000,126(-1.95 %),233500,29897290000,100840,12824440000,870851632,3.5
21/03/2018,196020,25208390000,127.2(0.95 %),199380,25641230000,3360,432840000,870811722,3.5
22/03/2018,183010,24082650000,133.8(5.19 %),316690,41641350000,133680,17558700000,870602532,3.51
23/03/2018,-107430,-13990720000,130.9(-2.17 %),115080,15007070000,222510,28997790000,870588292,3.51
26/03/2018,-54420,-6515310000,129.6(-0.99 %),155790,20750870000,210210,27266180000,870435862,3.52
27/03/2018,-97700,-12637930000,126.8(-2.16 %),88710,11496810000,186410,24134740000,870480832,3.52
28/03/2018,54240,6869630000,127(0.16 %),87510,11087550000,33270,4217920000,870615832,3.51
29/03/2018,121840,15390180000,126.5(-0.39 %),133100,16815200000,11260,1425020000,870692942,3.51
30/03/2018,295210,38615550000,131.4(3.87 %),337840,44163010000,42630,5547460000,870571512,3.51
02/04/2018,256410,34703150000,136.1(3.58 %),385310,52151470000,128900,17448320000,870219472,3.53
03/04/2018,-339420,-45486400000,133(-2.28 %),173220,23219230000,512640,68705630000,870157512,3.54
04/04/2018,-81310,-10846320000,130(-2.26 %),227030,30095820000,308340,40942140000,869943112,3.55
05/04/2018,-329310,-42134600000,129.9(-0.08 %),109510,14046850000,438820,56181450000,869962502,3.55
06/04/2018,-104730,-13516010000,129.8(-0.08 %),39860,5149410000,144590,18665420000,870335282,3.53
09/04/2018,-17590,-2319060000,129.8(0.00 %),310300,40239380000,327890,42558440000,870471622,3.52
10/04/2018,-153620,-19987500000,129.5(-0.23 %),233480,30469780000,387100,50457280000,870826962,3.5
11/04/2018,-274470,-35631590000,126.5(-2.32 %),204630,26483800000,479100,62115390000,870870282,3.5
12/04/2018,-183580,-23400970000,130.5(3.16 %),300260,38307150000,483840,61708120000,870809912,3.5
13/04/2018,-102290,-13128930000,128(-1.92 %),367650,47087270000,469940,60216200000,870965322,3.49
16/04/2018,-38530,-4896910000,127.3(-0.55 %),159530,20361160000,198060,25258070000,871181532,3.48
17/04/2018,180340,22789960000,128(0.55 %),690320,86268480000,509980,63478520000,871255792,3.48
18/04/2018,313590,40456150000,129.3(1.02 %),613640,79104090000,300050,38647940000,870826132,3.5
19/04/2018,251460,32596390000,129.3(0.00 %),583970,75823930000,332510,43227540000,870440222,3.52
20/04/2018,76230,9891240000,134(3.63 %),388580,50381110000,312350,40489870000,870230882,3.53
23/04/2018,-138120,-18753360000,124.7(-6.94 %),77310,10219550000,215430,28972910000,870453622,3.52
24/04/2018,233400,29699860000,128.8(3.29 %),247130,31427020000,13730,1727160000,870539002,3.52
26/04/2018,-71070,-8334940000,119.8(-6.99 %),468140,57580940000,539210,65915880000,870383212,3.52
27/04/2018,-128290,-14953260000,111.5(-6.93 %),180840,20321040000,309130,35274300000,870417802,3.52
02/05/2018,-89910,-9345350000,103.7(-7.00 %),4720,489890000,94630,9835240000,870426812,3.52
03/05/2018,-683800,-65989880000,96.5(-6.94 %),254790,24587240000,938590,90577120000,870711232,3.51
04/05/2018,-276170,-27321780000,98(1.55 %),63110,6210970000,339280,33532750000,870957252,3.49
07/05/2018,-116410,-11749080000,103.5(5.61 %),107790,10890780000,224200,22639860000,871044092,3.49
08/05/2018,26330,2706630000,103(-0.48 %),182280,18946580000,155950,16239950000,871800402,3.45
09/05/2018,69710,7357340000,107.5(4.37 %),278420,29602510000,208710,22245170000,872031262,3.44
10/05/2018,92770,10174240000,105(-2.33 %),160840,17743250000,68070,7569010000,871994622,3.44
11/05/2018,237490,25291970000,111.1(5.81 %),404570,43005830000,167080,17713860000,871746002,3.45
14/05/2018,293060,33293520000,118(6.21 %),297150,33756390000,4090,462870000,871487562,3.47
15/05/2018,217640,26138950000,118.6(0.51 %),225120,27038270000,7480,899320000,871330512,3.47
16/05/2018,211170,25067440000,119.7(0.93 %),220390,26166430000,9220,1098990000,871277202,3.48
17/05/2018,34220,4081790000,116(-3.09 %),37320,4453110000,3100,371320000,871243972,3.48
18/05/2018,-67090,-7954960000,115(-0.86 %),209160,23862240000,276250,31817200000,871042292,3.49
21/05/2018,71550,8211510000,108.5(-5.65 %),82590,9485240000,11040,1273730000,870968922,3.49
22/05/2018,30920,3337380000,105.9(-2.40 %),158020,17116100000,127100,13778720000,870934002,3.5
23/05/2018,133810,14602630000,113.3(6.99 %),203830,22142560000,70020,7539930000,871006422,3.49
24/05/2018,51130,5740000000,113.2(-0.09 %),67500,7596530000,16370,1856530000,870949962,3.49
25/05/2018,-127710,-13705600000,105.3(-6.98 %),16090,1723130000,143800,15428730000,870940972,3.5
28/05/2018,-11930,-1182430000,98(-6.93 %),23260,2279610000,35190,3462040000,870987732,3.49
29/05/2018,-406430,-37870180000,96(-2.04 %),7790,727580000,414220,38597760000,870996312,3.49
30/05/2018,-546830,-49209280000,89.3(-6.98 %),21350,1943650000,568180,51152930000,871118762,3.49
31/05/2018,-482080,-44077290000,90.4(1.23 %),350550,32119080000,832630,76196370000,870803402,3.5
01/06/2018,-126600,-11680090000,92.5(2.32 %),81370,7512120000,207970,19192210000,871179952,3.48
04/06/2018,-231170,-21283010000,92.3(-0.22 %),171790,15848400000,402960,37131410000,871576342,3.46
05/06/2018,-176640,-17573990000,98.7(6.93 %),124300,11849820000,300940,29423810000,872284672,3.42
06/06/2018,-34130,-3446450000,102.9(4.26 %),21630,2193750000,55760,5640200000,872427312,3.42
07/06/2018,-288230,-28582400000,99.6(-3.21 %),98430,9792940000,386660,38375340000,872731842,3.4
08/06/2018,-178190,-17413290000,97.5(-2.11 %),5530,546430000,183720,17959720000,873027252,3.39
11/06/2018,-95720,-9428720000,97.2(-0.31 %),169490,16663310000,265210,26092030000,873063522,3.38
12/06/2018,-259290,-24093490000,92.2(-5.14 %),11350,1061530000,270640,25155020000,873438832,3.36
13/06/2018,193420,18333610000,96.6(4.77 %),193530,18343910000,110,10300000,873429022,3.37
14/06/2018,35420,3398110000,94(-2.69 %),96190,9244600000,60770,5846490000,873448042,3.36
15/06/2018,112260,10626170000,95.9(2.02 %),116800,11055050000,4540,428880000,873601882,3.36
18/06/2018,-84730,-7796110000,90(-6.15 %),43190,4020400000,127920,11816510000,873558802,3.36
19/06/2018,63820,5359110000,87(-3.33 %),115740,9774360000,51920,4415250000,873503832,3.36
20/06/2018,154230,13797610000,92(5.75 %),167430,14971610000,13200,1174000000,873340942,3.37
21/06/2018,48040,4346860000,89.1(-3.15 %),138720,12489240000,90680,8142380000,873330142,3.37
22/06/2018,306770,27690750000,90.7(1.80 %),614890,55682000000,308120,27991250000,872767172,3.4
25/06/2018,-192830,-17708200000,91(0.33 %),57400,5350000000,250230,23058200000,872722972,3.4
26/06/2018,31770,2842950000,90(-1.10 %),55320,4948790000,23550,2105840000,872758332,3.4
27/06/2018,144180,13262640000,90.2(0.22 %),230380,21181770000,86200,7919130000,872836072,3.4
28/06/2018,127840,11335670000,87.3(-1.02 %),177340,15716610000,49500,4380940000,872908962,3.39
29/06/2018,132400,11698595000,88.5(1.37 %),232580,20503570000,100180,8804975000,872776562,3.43
02/07/2018,470310,41168380000,88.4(-0.11 %),527870,46117500000,57560,4949120000,872258262,3.43
03/07/2018,48490,4167510000,83(-6.11 %),97640,8417760000,49150,4250250000,872210122,3.43
04/07/2018,-146590,-11803520000,79.5(-4.22 %),6450,510870000,153040,12314390000,872303852,3.42
05/07/2018,-1100,-93220000,74(-6.92 %),167150,12729540000,168250,12822760000,872344262,3.42
06/07/2018,317780,24727380000,79.1(6.89 %),379200,29365110000,61420,4637730000,872014212,3.44
09/07/2018,171480,14121970000,79.5(0.51 %),174010,14328110000,2530,206140000,871993242,3.44
10/07/2018,-23800,-1737280000,80(0.63 %),187180,15286160000,210980,17023440000,871824312,3.45
11/07/2018,256870,20012100000,77.8(-2.75 %),319370,24862040000,62500,4849940000,871566362,3.46
12/07/2018,-6900,-529111000,79(1.54 %),19290,1513708000,26190,2042819000,871573262,3.5
13/07/2018,109890,8954460000,81.8(3.54 %),156890,12759960000,47000,3805500000,871603692,3.46
16/07/2018,-8680,-707300000,81.2(-0.73 %),17540,1428450000,26220,2135750000,871648652,3.46
17/07/2018,-210030,-16616550000,79(-2.71 %),22500,1778370000,232530,18394920000,871652342,3.46
18/07/2018,-195630,-15933005000,83(5.06 %),3980,322533000,199610,16255538000,871847972,3.48
19/07/2018,-14340,-1190980000,84.2(1.45 %),50160,4236250000,64500,5427230000,871671422,3.46
20/07/2018,107840,8948850000,82.7(-1.78 %),140950,11688090000,33110,2739240000,871763002,3.45
23/07/2018,194350,16532000000,84.6(2.30 %),200810,17081437000,6460,549437000,871568652,3.5
24/07/2018,69340,5845820000,84.8(0.24 %),75390,6356740000,6050,510920000,871750912,3.45
25/07/2018,11760,997990000,83.7(-1.30 %),16550,1404270000,4790,406280000,871767472,3.45
26/07/2018,-390,-20760000,83.1(-0.72 %),9610,808240000,10000,829000000,871764322,3.45
27/07/2018,73240,6207180000,84.8(2.05 %),73370,6218190000,130,11010000,871697002,3.46
30/07/2018,-10230,-872198000,86.9(2.48 %),125470,10716550000,135700,11588748000,871707232,3.49
31/07/2018,50590,4471875000,87.8(1.04 %),180950,15878717000,130360,11406842000,871656642,3.49
01/08/2018,108660,9742274000,88.7(1.03 %),236950,21174781500,128290,11432507500,886458392,2.71
02/08/2018,116730,10526410000,91(2.59 %),257070,23156350000,140340,12629940000,871362482,3.47
03/08/2018,281500,26398089000,93.6(2.86 %),363960,34120572450,82460,7722483450,871080982,3.52
06/08/2018,384880,36609000000,96.1(2.67 %),459570,43778712000,74690,7169712000,870696102,3.54
07/08/2018,200880,19160397000,94(-2.19 %),432120,41340842000,231240,22180445000,870495222,3.55
08/08/2018,70230,6813070000,98(4.26 %),277370,26738957000,207140,19925887000,870424992,3.56
09/08/2018,242730,23729060000,98.2(0.20 %),251400,24577550000,8670,848490000,869968902,3.55
10/08/2018,131350,12892530000,98.7(0.51 %),279450,27404920000,148100,14512390000,869770692,3.56
13/08/2018,150960,15021970000,103(4.36 %),164580,16408290000,13620,1386320000,869813252,3.55
14/08/2018,-110770,-11229650000,101.2(-1.75 %),8220,841080000,118990,12070730000,869813702,3.55
15/08/2018,-132890,-12724940000,95(-6.13 %),30610,3050980000,163500,15775920000,869931192,3.55
16/08/2018,-221830,-20473450000,94.5(-0.53 %),42990,3987950000,264820,24461400000,869901822,3.55
17/08/2018,33510,3242665000,96.2(1.80 %),137290,13227329000,103780,9984664000,869868312,3.59
20/08/2018,124590,12196473000,98.2(2.08 %),157520,15405881000,32930,3209408000,869743722,3.59
21/08/2018,-163910,-15903065000,97.5(-0.71 %),7340,713418000,171250,16616483000,869907632,3.58
22/08/2018,105410,10494240000,100(2.56 %),179140,17844950000,73730,7350710000,870071622,3.54
23/08/2018,-44070,-4418010000,100.4(0.40 %),4380,440900000,48450,4858910000,870100172,3.54
24/08/2018,60010,6101113000,101.5(1.10 %),200210,20253666000,140200,14152553000,870040162,3.58
27/08/2018,103820,10466704000,100.2(0.70 %),155850,15708646000,52030,5241942000,869936342,3.58
28/08/2018,157820,16028230000,102.2(2.00 %),194710,19770770000,36890,3742540000,869778522,3.59
29/08/2018,-64670,-6521730000,100.9(-1.27 %),10590,1070130000,75260,7591860000,869972442,3.55
30/08/2018,251660,25929010000,105(4.06 %),340800,35052900000,89140,9123890000,869683672,3.56
31/08/2018,-14160,-1478800000,103(-1.90 %),2000,210050000,16160,1688850000,869718562,3.56
04/09/2018,2530,260082000,103(0.00 %),9280,954260000,6750,694178000,886458392,2.71
05/09/2018,-95570,-9595013000,100.1(-2.82 %),50390,5114682000,145960,14709695000,886553962,2.71
06/09/2018,-12580,-1264278000,100.2(0.10 %),20,2000000,12600,1266278000,886566542,2.71
07/09/2018,-131250,-13125655000,100.4(0.20 %),1290,129134000,132540,13254789000,886697792,2.7
10/09/2018,4320,436370000,100.8(0.40 %),10220,1034220000,5900,597850000,869980632,3.55
11/09/2018,159590,16372770000,103.5(2.68 %),173620,17801510000,14030,1428740000,869819612,3.55
12/09/2018,201530,21645970000,109(5.31 %),228230,24531130000,26700,2885160000,869723922,3.56
13/09/2018,-41270,-4526170000,108(-0.92 %),11880,1313180000,53150,5839350000,869717942,3.56
14/09/2018,-36670,-3935450000,108(0.00 %),167270,18168010000,203940,22103460000,869564702,3.57
17/09/2018,-138790,-15147810000,109(0.93 %),150730,16504130000,289520,31651940000,869440672,3.57
18/09/2018,19180,2074410000,109.6(0.55 %),58840,6401210000,39660,4326800000,869434982,3.57
19/09/2018,209000,23497030000,112.1(2.28 %),394130,44295460000,185130,20798430000,869375792,3.58
20/09/2018,226380,25990590000,116(3.48 %),435960,50024040000,209580,24033450000,869359352,3.58
21/09/2018,216440,24994580000,115.9(-0.09 %),265990,30738700000,49550,5744120000,869133022,3.59
24/09/2018,-41270,-4838955000,117.8(1.64 %),29660,3488498000,70930,8327453000,869174292,3.62
25/09/2018,-14430,-1713548070,118(0.17 %),38160,4531461840,52590,6245009910,869188722,3.62
26/09/2018,53340,6292519800,117.1(-0.76 %),101190,11937384300,47850,5644864500,869135382,3.63
27/09/2018,-23370,-2719366000,117.2(0.09 %),8110,946156000,31480,3665522000,869158752,3.62
28/09/2018,18300,2134665000,115.7(-1.28 %),44600,5204839000,26300,3070174000,869140452,3.63
01/10/2018,241770,28718407680,119.6(3.37 %),293470,34859540480,51700,6141132800,868907612,3.64
02/10/2018,4440,614103000,121.5(1.59 %),117550,14357200000,113110,13743097000,868903172,3.64
03/10/2018,28280,3451929000,122.7(0.99 %),119080,14541361080,90800,11089432080,868874892,3.64
04/10/2018,-17600,-2187584000,124(1.06 %),470,58183000,18070,2245767000,868892492,3.64
05/10/2018,-45140,-5504073000,120(-3.23 %),1170,142885000,46310,5646958000,868937632,3.64
08/10/2018,-44230,-5189330000,116.5(-2.92 %),3790,445280000,48020,5634610000,868987292,3.6
09/10/2018,-17290,-2054060000,119.3(2.40 %),1590,189710000,18880,2243770000,869003772,3.6
10/10/2018,-4430,-531105000,121(1.42 %),2990,360607000,7420,891712000,869008202,3.63
11/10/2018,-115430,-13078609000,112.6(-6.94 %),122100,13958607000,237530,27037216000,869123632,3.63
12/10/2018,233140,26970372000,119.9(6.48 %),411660,47520780240,178520,20550408240,868890492,3.64
15/10/2018,-54870,-6196240000,115(-4.09 %),153550,18209580000,208420,24405820000,868565662,3.62
16/10/2018,138570,16260710000,116.8(1.57 %),149520,17520506000,10950,1259796000,868427092,3.66
17/10/2018,-258070,-30264245000,117.1(0.26 %),539520,63280828000,797590,93545073000,868685162,3.65
18/10/2018,-19250,-2207020000,114.5(-2.22 %),18750,2178550000,38000,4385570000,868750782,3.61
19/10/2018,-143960,-15963100000,112(-2.18 %),1840,206835000,145800,16169935000,868894742,3.64
22/10/2018,-103150,-11702083000,112(0.00 %),44890,5101344000,148040,16803427000,868997892,3.63
23/10/2018,-610,-72678000,109.4(-2.32 %),8460,924097000,9070,996775000,868998502,3.63
24/10/2018,-145640,-15420296000,101.8(-6.95 %),15590,1641440000,161230,17061736000,869144142,3.62
25/10/2018,-76510,-7515856000,101.8(0.00 %),156570,15695298600,233080,23211154600,869220652,3.62
26/10/2018,43360,4471568000,101.8(0.00 %),155380,15992289000,112020,11520721000,869177292,3.62
29/10/2018,-101890,-9950710000,97(-4.72 %),2230,219900000,104120,10170610000,869474402,3.57
30/10/2018,-79510,-7750117000,99(2.06 %),9770,960240000,89280,8710357000,869553912,3.6
31/10/2018,13430,1378357000,104(5.05 %),22610,2308535000,9180,930178000,869540482,3.6
01/11/2018,-250,-25210000,101.5(-2.40 %),1540,158230000,1790,183440000,869691802,3.56
02/11/2018,-135880,-13821740000,102.7(1.18 %),20970,2115016000,156850,15936756000,869827682,3.59
05/11/2018,-102580,-10364810000,102.3(-0.39 %),3220,325630000,105800,10690440000,869766072,3.56
06/11/2018,-68130,-7000981000,101.9(-0.39 %),830,85791000,68960,7086772000,869834202,3.59
07/11/2018,-161590,-16199700000,99.8(-2.06 %),14370,1458251000,175960,17657951000,869995792,3.58
08/11/2018,-42240,-4248428000,100.1(0.30 %),310,31320000,42550,4279748000,870038032,3.58
09/11/2018,-52370,-5135650000,95(-5.09 %),7330,717090000,59700,5852740000,870076632,3.54
12/11/2018,-118520,-11383140000,96.6(1.68 %),1800,169300000,120320,11552440000,870250792,3.53
13/11/2018,-28920,-2721456000,93.9(-2.80 %),29380,2753932000,58300,5475388000,870279712,3.56
14/11/2018,-109170,-9930364000,90.2(-3.94 %),24620,2250478000,133790,12180842000,870388882,3.56
15/11/2018,-74310,-6751122000,90.4(0.22 %),4570,416208000,78880,7167330000,870463192,3.56
16/11/2018,33510,3137962000,95(5.09 %),115350,10744515000,81840,7606553000,870429682,3.56
19/11/2018,31520,3035050000,96.4(1.47 %),104890,10108380000,73370,7073330000,870386642,3.52
20/11/2018,17820,1714710000,96.1(-0.31 %),88620,8497320000,70800,6782610000,870376902,3.52
21/11/2018,-210200,-19687870000,93.9(-2.29 %),25990,2437970000,236190,22125840000,870432752,3.52
22/11/2018,-75140,-7076460000,93.2(-0.75 %),9520,896670000,84660,7973130000,870496602,3.52
23/11/2018,1360,126767000,92.5(-0.75 %),1660,154607000,300,27840000,870495242,3.55
26/11/2018,-359400,-32618874000,90.8(-1.84 %),5920,536573000,365320,33155447000,870854642,3.53
27/11/2018,-311510,-28310290000,90.6(-0.22 %),51170,4639555000,362680,32949845000,871166152,3.52
28/11/2018,-318610,-29040770000,91.5(0.99 %),56710,5158470000,375320,34199240000,870773092,3.5
29/11/2018,-395380,-35810740000,90.1(-1.53 %),19980,1814002000,415360,37624742000,871168472,3.52
30/11/2018,-227210,-20525068000,90.8(0.78 %),6340,572842000,233550,21097910000,871395682,3.51
03/12/2018,-12060,-1057256000,97(6.83 %),245020,23340079000,257080,24397335000,871605072,3.5
04/12/2018,-140160,-13472725000,96.5(-0.52 %),40540,3915416000,180700,17388141000,871745232,3.49
05/12/2018,39850,3816193000,96.1(-0.41 %),310500,29690859400,270650,25874666400,871705382,3.49
06/12/2018,-99750,-9513326000,95.1(-1.04 %),52150,4942774000,151900,14456100000,871805132,3.48
07/12/2018,61340,5941968000,96.3(1.26 %),273150,26231767000,211810,20289799000,871743792,3.49
10/12/2018,-228120,-22040550000,97.7(1.45 %),185210,18069030000,413330,40109580000,872100862,3.43
11/12/2018,-134560,-12993870000,96.1(-1.64 %),35140,3390910000,169700,16384780000,872217622,3.43
12/12/2018,-101520,-9825872000,97(0.94 %),41420,4021403000,142940,13847275000,872319142,3.46
13/12/2018,-73740,-7182594000,97.1(0.10 %),206860,20213615800,280600,27396209800,872392882,3.45
14/12/2018,52690,5110229000,95.8(-1.34 %),53570,5196280000,880,86051000,872340192,3.46
17/12/2018,127440,11984720000,93(-2.92 %),129150,12145965000,1710,161245000,872212752,3.46
18/12/2018,252340,23200204000,93.5(0.54 %),284010,26149103000,31670,2948899000,871960412,3.48
19/12/2018,23160,2205750000,92(-1.60 %),191610,17590905000,168450,15385155000,871937252,3.48
20/12/2018,75000,6951720000,93.5(1.63 %),106390,9864610000,31390,2912890000,872425582,3.42
21/12/2018,-24700,-2270210000,91.7(-1.93 %),26390,2421710000,51090,4691920000,872430862,3.42
24/12/2018,-126140,-11456820000,89(-2.94 %),58440,5212880000,184580,16669700000,872540872,3.41
25/12/2018,114460,9705000000,85.8(-3.60 %),188700,16016970000,74240,6311970000,872383562,3.42
26/12/2018,-222340,-18684350000,83(-3.26 %),159840,13467760000,382180,32152110000,872605902,3.44
27/12/2018,-22090,-1932165000,86.5(4.22 %),32510,2821280000,54600,4753445000,872627992,3.44
28/12/2018,30670,2648670000,86.6(0.12 %),112650,9741060000,81980,7092390000,872423472,3.42
02/01/2019,225340,19555615000,86.8(0.23 %),263350,22855514000,38010,3299899000,872561902,3.44
03/01/2019,209140,18005773000,84.7(-2.42 %),311080,26854165000,101940,8848392000,872352762,3.46
04/01/2019,-17320,-1477740000,84.5(-0.24 %),10100,846210000,27420,2323950000,872424642,3.42
07/01/2019,20420,1767530000,86.3(2.13 %),24000,2077916000,3580,310386000,872404222,3.45
08/01/2019,297160,26069189000,88.3(2.32 %),310330,27218621000,13170,1149432000,872107062,3.47
09/01/2019,177840,15989361000,89.9(1.81 %),181940,16357561000,4100,368200000,871929222,3.48
10/01/2019,450240,41224890000,91.3(1.56 %),452170,41401550000,1930,176660000,871525212,3.46
11/01/2019,117030,10666561000,91(-0.33 %),117870,10743337000,840,76776000,871408182,3.51
14/01/2019,57310,5136550000,89.5(-1.65 %),125620,11264150000,68310,6127600000,871298992,3.48
15/01/2019,-90770,-8179395000,90.3(0.89 %),311820,28000340000,402590,36179735000,871389762,3.51
16/01/2019,30930,2806449000,90.6(0.33 %),45150,4095742000,14220,1289293000,871358832,3.51
17/01/2019,37280,3342570000,89(-1.77 %),38760,3477250000,1480,134680000,871214342,3.48
18/01/2019,39150,3479890000,89(0.00 %),52550,4672830000,13400,1192940000,871324382,3.48
21/01/2019,4370,394830000,90.5(1.69 %),8790,794270000,4420,399440000,871329812,3.47
22/01/2019,14390,1299430000,89.7(-0.88 %),15190,1371190000,800,71760000,871316102,3.48
23/01/2019,23620,2114190000,90(0.33 %),25880,2317040000,2260,202850000,871303622,3.48
24/01/2019,-121750,-10972210000,89.8(-0.22 %),25220,2272170000,146970,13244380000,871282822,3.48
25/01/2019,-157320,-14099810000,89.5(-0.33 %),29710,2663070000,187030,16762880000,871253912,3.48
28/01/2019,-9920,-888492000,89.5(0.00 %),41080,3682341000,51000,4570833000,871581472,3.5
29/01/2019,-50520,-4447870000,87.9(-1.79 %),24580,2166412000,75100,6614282000,871631992,3.49
30/01/2019,-52330,-4628200000,88(0.11 %),13120,1161960000,65450,5790160000,871511392,3.47
31/01/2019,-154100,-13576470000,87.8(-0.23 %),71330,6297640000,225430,19874110000,871491062,3.47
01/02/2019,43050,3799660000,88(0.23 %),182150,16074620000,139100,12274960000,871434012,3.47
11/02/2019,-202440,-17865700000,90.5(2.84 %),51920,4593890000,254360,22459590000,871447542,3.47
12/02/2019,-81540,-7463042000,91(0.55 %),49960,4548424000,131500,12011466000,871717992,3.49
13/02/2019,37560,3478996000,93(2.20 %),44690,4141711000,7130,662715000,871680432,3.49
14/02/2019,-1020,-103850000,92.5(-0.54 %),13270,1231404000,14290,1335254000,871681452,3.49
15/02/2019,11860,1112170000,94(1.62 %),57380,5372450000,45520,4260280000,871982632,3.44
18/02/2019,183720,17611580000,97.2(3.40 %),211000,20239880000,27280,2628300000,871778762,3.45
19/02/2019,176080,17130905000,96(-1.23 %),176270,17149392000,190,18487000,871309792,3.51
20/02/2019,53660,5148900000,96(0.00 %),58930,5655210000,5270,506310000,871603372,3.46
21/02/2019,-452390,-43508720000,97.2(1.25 %),135400,13075480000,587790,56584200000,871495252,3.47
22/02/2019,192640,19028720000,99.3(2.16 %),246890,24356870000,54250,5328150000,871248552,3.48
25/02/2019,51610,5129079000,99.2(-0.10 %),88030,8774801000,36420,3645722000,871464272,3.5
26/02/2019,112400,11009470000,97.9(-1.31 %),119260,11680020000,6860,670550000,871634322,3.46
27/02/2019,102110,10049760000,98.5(0.61 %),106920,10523160000,4810,473400000,871581652,3.46
28/02/2019,84550,8390060000,98.2(-0.30 %),154210,15234000000,69660,6843940000,871463862,3.47
01/03/2019,41610,4118211000,100(1.83 %),42710,4227621000,1100,109410000,871470722,3.5
04/03/2019,-102650,-10473020000,103(3.00 %),12520,1281230000,115170,11754250000,871420302,3.47
05/03/2019,270170,28022460000,104(0.97 %),383160,39721340000,112990,11698880000,871170802,3.48
06/03/2019,-89330,-9160000000,104(0.00 %),33970,3489710000,123300,12649710000,871137932,3.48
07/03/2019,-13300,-1317979000,103(-0.96 %),67180,7033283000,80480,8351262000,871402172,3.51
08/03/2019,-37510,-3817660000,101(-1.94 %),63340,6437250000,100850,10254910000,871171572,3.48
11/03/2019,-60810,-6080500000,100.2(-0.79 %),19280,1921170000,80090,8001670000,871275592,3.48
12/03/2019,1080,132444000,101.9(1.70 %),80840,8216763000,79760,8084319000,871499412,3.5
13/03/2019,-57970,-5916780000,101.6(-0.29 %),35950,3680080000,93920,9596860000,871340132,3.47
14/03/2019,-130410,-13378485000,102.3(0.69 %),57900,5913151000,188310,19291636000,871687792,3.49
15/03/2019,-105200,-10678980000,101.6(-0.68 %),186580,18970400000,291780,29649380000,871408502,3.47
18/03/2019,147980,15340280000,104(2.36 %),435130,44995600000,287150,29655320000,871301692,3.48
19/03/2019,277810,28849450000,103.5(-0.48 %),365420,37950030000,87610,9100580000,871124582,3.49
20/03/2019,1350,152048000,102.2(-1.26 %),112190,11470680000,110840,11318632000,871365852,3.51
21/03/2019,331500,33812577000,99(-3.13 %),371450,37905644000,39950,4093067000,871034352,3.53
22/03/2019,210050,20934481000,99.9(0.91 %),276210,27516334000,66160,6581853000,870824302,3.54
25/03/2019,172290,16629920000,98.2(-1.70 %),177120,17099890000,4830,469970000,870577592,3.51
26/03/2019,64210,6276550000,97.1(-1.12 %),124860,12209490000,60650,5932940000,870492682,3.52
27/03/2019,194780,19082613000,97.2(0.10 %),226960,22232053000,32180,3149440000,870393022,3.56
28/03/2019,154270,15053620000,98.6(1.44 %),172480,16832010000,18210,1778390000,870164232,3.54
29/03/2019,15510,1525090000,98.2(-0.41 %),69800,6870270000,54290,5345180000,870155082,3.54
01/04/2019,139790,13895630000,100.7(2.55 %),182850,18184130000,43060,4288500000,870004412,3.54
02/04/2019,172410,17458264000,101(0.30 %),184510,18686494000,12100,1228230000,870014852,3.58
03/04/2019,35100,3548460000,101.5(0.50 %),77370,7824910000,42270,4276450000,869838652,3.55
04/04/2019,101200,10268030000,101.3(-0.20 %),234040,23775110000,132840,13507080000,869742672,3.56
05/04/2019,468790,48153500000,103.8(2.47 %),766440,78489940000,297650,30336440000,869284582,3.58
08/04/2019,148290,15672720000,107(3.08 %),297850,31571940000,149560,15899220000,869005382,3.6
09/04/2019,262050,27766010000,105(-1.87 %),278510,29532740000,16460,1766730000,868764712,3.61
10/04/2019,74880,7860528000,105.2(0.19 %),146880,15425172000,72000,7564644000,868924542,3.64
11/04/2019,171260,17988130000,105(-0.19 %),177760,18674070000,6500,685940000,868591032,3.62
12/04/2019,114720,12037560000,106.5(1.43 %),134260,14114350000,19540,2076790000,868473232,3.62
16/04/2019,100320,10549820000,105.3(-1.13 %),117480,12350890000,17160,1801070000,868427752,3.63
17/04/2019,333460,35584106000,106.8(1.42 %),364160,38876104000,30700,3291998000,868204782,3.67
18/04/2019,63900,6769810000,105.6(-1.12 %),66210,7013540000,2310,243730000,868023422,3.65
19/04/2019,80680,8602738000,106.2(0.57 %),85500,9116701000,4820,513963000,868060202,3.68
22/04/2019,54660,5863106000,108.6(2.26 %),84750,9077492000,30090,3214386000,868005542,3.68
23/04/2019,295740,33062170000,112.2(3.31 %),413480,46130230000,117740,13068060000,867489862,3.68
24/04/2019,198960,22742068000,112.2(0.00 %),243680,27795744000,44720,5053676000,867510842,3.71
25/04/2019,144390,16238310000,113(0.71 %),180890,20333970000,36500,4095660000,867100202,3.7
26/04/2019,46770,5277510000,112.8(-0.18 %),56810,6410550000,10040,1133040000,867161132,3.69
02/05/2019,20480,2307660000,114(1.06 %),59880,6785880000,39400,4478220000,867145972,3.69
03/05/2019,-5600,-630556000,112.5(-1.32 %),47440,5334341000,53040,5964897000,867211452,3.73
06/05/2019,-65740,-7106210000,107.9(-4.09 %),2440,265340000,68180,7371550000,867142632,3.69
07/05/2019,14500,1564910000,108.5(0.56 %),236000,25636130000,221500,24071220000,867116032,3.69
08/05/2019,96880,10463080000,109(0.46 %),168220,18139600000,71340,7676520000,867054352,3.7
09/05/2019,-156560,-16804280000,106.6(-2.20 %),121240,12996120000,277800,29800400000,867061292,3.7
10/05/2019,-58200,-6269990000,107.9(1.22 %),89510,9637160000,147710,15907150000,867072282,3.7
13/05/2019,-112210,-12008920000,106.6(-1.20 %),92040,9840670000,204250,21849590000,867075082,3.7
14/05/2019,-97260,-10380420000,109(2.25 %),6040,643460000,103300,11023880000,867286842,3.69
15/05/2019,-105490,-11624883000,110(0.92 %),8380,923980000,113870,12548863000,867695532,3.7
16/05/2019,-15860,-1758160000,110.1(0.09 %),51470,5720860000,67330,7479020000,867488952,3.68
17/05/2019,-36060,-4001010000,110.2(0.09 %),38340,4231700000,74400,8232710000,867553912,3.67
20/05/2019,31010,3507330000,113(2.54 %),124000,13901000000,92990,10393670000,867593782,3.67
21/05/2019,-70660,-7929100000,111.5(-1.33 %),226540,25459370000,297200,33388470000,867498572,3.67
22/05/2019,-92530,-10273750000,110.5(-0.90 %),20330,2275400000,112860,12549150000,867552642,3.67
23/05/2019,-45380,-4922130000,109.1(-1.27 %),41030,4484690000,86410,9406820000,867554602,3.67
24/05/2019,-38200,-4148192000,106.5(-2.38 %),78200,8421711000,116400,12569903000,867592802,3.71
27/05/2019,53870,5795080000,107.7(1.13 %),54720,5886630000,850,91550000,867731742,3.66
28/05/2019,-19730,-2120450000,107.9(0.19 %),156570,16885260000,176300,19005710000,867781582,3.66
29/05/2019,121390,13139208000,108.7(0.74 %),125520,13585391000,4130,446183000,867437272,3.71
30/05/2019,12120,1318274000,108.1(-0.55 %),12720,1383494000,600,65220000,867425152,3.72
31/05/2019,47980,5111610000,104.3(-3.52 %),69750,7426981000,21770,2315371000,867377172,3.72
03/06/2019,80820,8140930000,101.4(-2.78 %),208720,21020580000,127900,12879650000,867542552,3.67
04/06/2019,20700,2108490000,102(0.59 %),107720,10939630000,87020,8831140000,867495432,3.68
05/06/2019,-11820,-1214135000,102(0.00 %),580,59232000,12400,1273367000,867533672,3.71
06/06/2019,-163910,-16401560000,99.8(-2.16 %),2700,271860000,166610,16673420000,867641822,3.67
07/06/2019,-390050,-39137074000,103(3.21 %),130870,13178144000,520920,52315218000,868087632,3.68
10/06/2019,-20480,-2113527000,103.5(0.49 %),80440,8369194000,100920,10482721000,868108112,3.68
11/06/2019,73490,7641510000,104(0.48 %),284560,29528780000,211070,21887270000,867645982,3.67
12/06/2019,5610,575421000,101.5(-2.40 %),5610,575421000,0,0,867640372,3.7
13/06/2019,-73370,-7336050000,101.5(0.00 %),276680,27879790000,350050,35215840000,868108532,3.64
14/06/2019,34800,3559030000,102(0.49 %),48100,4916480000,13300,1357450000,868077502,3.64
17/06/2019,44430,4522680000,101.9(-0.10 %),56640,5762613000,12210,1239933000,867634512,3.7
18/06/2019,47890,4855710000,101.5(-0.39 %),48250,4892250000,360,36540000,868099662,3.64
19/06/2019,59870,6174074000,103.7(2.17 %),77760,8017433000,17890,1843359000,867526752,3.71
20/06/2019,24120,2519182000,104.8(1.06 %),42520,4444522000,18400,1925340000,867502632,3.71
21/06/2019,-5540,-583580000,105.5(0.67 %),8650,908630000,14190,1492210000,867996602,3.65
24/06/2019,-3420,-358858000,104.5(-0.95 %),3600,375632000,7020,734490000,867511592,3.71
25/06/2019,-6810,-702460000,103.5(-0.96 %),82670,8578800000,89480,9281260000,868021622,3.65
26/06/2019,9880,1032880000,104.7(1.16 %),9890,1033930000,10,1050000,868025922,3.65
27/06/2019,-64080,-6314740000,98(-6.40 %),5180,534900000,69260,6849640000,868027762,3.65
28/06/2019,179560,19334940000,97.5(-0.51 %),517570,52351530000,338010,33016590000,867524672,3.67
01/07/2019,-15830,-1634700000,103.7(6.36 %),58400,5983810000,74230,7618510000,867466282,3.68
02/07/2019,49480,5113776000,103.9(0.19 %),122630,12673770000,73150,7559994000,867475202,3.71
03/07/2019,109600,11269020000,103(-0.87 %),109600,11269020000,0,0,867691322,3.66
04/07/2019,-21510,-2230020000,103.2(0.19 %),3920,406810000,25430,2636830000,867761632,3.66
05/07/2019,57500,5955120000,103.6(0.39 %),60260,6240970000,2760,285850000,867724522,3.66
08/07/2019,69120,7128140000,103(-0.58 %),69300,7146790000,180,18650000,867655222,3.67
09/07/2019,104070,10780212000,104.4(1.36 %),107530,11137382000,3460,357170000,867156422,3.73
10/07/2019,250580,26419340000,105.8(1.34 %),254600,26842750000,4020,423410000,867321282,3.68
11/07/2019,36420,3882944000,106.2(0.38 %),40060,4271381000,3640,388437000,866869422,3.74
12/07/2019,52290,5579501000,105.8(-0.38 %),52310,5581631000,20,2130000,866817132,3.75
15/07/2019,19780,2095160000,106(0.19 %),19850,2102580000,70,7420000,867216722,3.69
16/07/2019,64500,6844880000,106.4(0.38 %),67350,7146940000,2850,302060000,867153012,3.69
17/07/2019,182810,19728580000,108.9(2.35 %),192920,20816700000,10110,1088120000,866960112,3.7
18/07/2019,49750,5359470000,107.2(-1.56 %),54570,5880380000,4820,520910000,866905612,3.71
19/07/2019,28470,3028240000,106(-1.12 %),62590,6659270000,34120,3631030000,866845872,3.71
22/07/2019,-4990,-524496000,105.5(-0.47 %),1000,106162000,5990,630658000,866476812,3.77
23/07/2019,21500,2301375000,107.1(1.52 %),25670,2742212000,4170,440837000,866455312,3.77
24/07/2019,6940,739760000,106.7(-0.37 %),32680,3500650000,25740,2760890000,866835572,3.71
25/07/2019,129840,13997800000,108(1.22 %),228280,24575630000,98440,10577830000,866613282,3.72
26/07/2019,99360,10793360000,108(0.00 %),157770,17133180000,58410,6339820000,866459682,3.73
29/07/2019,163300,17871544000,111(2.78 %),255900,28050924000,92600,10179380000,866055872,3.79
30/07/2019,-45350,-5033622000,109(-1.80 %),38600,4267653000,83950,9301275000,866101222,3.79
31/07/2019,-36730,-4013960000,109.1(0.09 %),16430,1800220000,53160,5814180000,866331572,3.74
01/08/2019,-90170,-9777814000,108.3(-0.73 %),31210,3393553000,121380,13171367000,866424172,3.77
02/08/2019,-75520,-8013950000,106(-2.12 %),3740,396160000,79260,8410110000,866473172,3.73
05/08/2019,19810,2051090000,104(-1.89 %),111650,11637000000,91840,9585910000,866414682,3.73
06/08/2019,-53400,-5437590000,102(-1.92 %),1780,180690000,55180,5618280000,866534282,3.73
07/08/2019,-35850,-3625743000,100.5(-1.47 %),18830,1921531000,54680,5547274000,866569132,3.76
08/08/2019,-118660,-11968350000,101(0.50 %),30170,3015830000,148830,14984180000,866656382,3.72
09/08/2019,-54320,-5513850000,101.3(0.30 %),1040,105390000,55360,5619240000,866710302,3.72
12/08/2019,-31580,-3233696000,102(0.69 %),21130,2167373000,52710,5401069000,866773692,3.75
13/08/2019,-427940,-42857230000,100(-1.96 %),700,70250000,428640,42927480000,866891982,3.71
14/08/2019,-52780,-5329457000,100.9(0.90 %),8350,843952000,61130,6173409000,867254412,3.72
15/08/2019,-30730,-3104730000,100.9(0.00 %),14520,1445920000,45250,4550650000,866977182,3.7
16/08/2019,-123400,-12481600000,100.9(0.00 %),2140,216250000,125540,12697850000,867403682,3.68
19/08/2019,-26230,-2667360000,101.8(0.89 %),7450,759100000,33680,3426460000,867457362,3.68
20/08/2019,-44600,-4582870000,103(1.18 %),4550,468150000,49150,5051020000,867498062,3.67
21/08/2019,15650,1652547000,105.2(2.14 %),83180,8713482000,67530,7060935000,867463722,3.71
22/08/2019,-10070,-1052906000,104.6(-0.57 %),2430,254904000,12500,1307810000,867473792,3.71
23/08/2019,-79560,-8237010000,104(-0.57 %),13420,1406600000,92980,9643610000,867607402,3.67
26/08/2019,-211360,-21478577000,101.5(-2.40 %),7150,732102000,218510,22210679000,867764712,3.7
27/08/2019,-12630,-1291970000,101.9(0.39 %),1190,121600000,13820,1413570000,867679092,3.67
28/08/2019,6880,702640000,102.3(0.39 %),17220,1762730000,10340,1060090000,867754852,3.66
29/08/2019,8070,816437000,100.5(-1.76 %),35970,3631754000,27900,2815317000,867762392,3.7
30/08/2019,4650,470669000,100.6(0.10 %),7370,744221000,2720,273552000,867757742,3.7
03/09/2019,28410,2831470000,99.8(-0.80 %),39920,3983450000,11510,1151980000,867914262,3.65
04/09/2019,66210,6620548000,100.4(0.60 %),74040,7403743000,7830,783195000,867887972,3.69
05/09/2019,-6930,-699056000,100.5(0.10 %),1370,138004000,8300,837060000,867894902,3.69
06/09/2019,-9300,-938320000,100.8(0.30 %),1580,159290000,10880,1097610000,867879402,3.66
09/09/2019,-19910,-2001250000,100.1(-0.69 %),110,11040000,20020,2012290000,867887122,3.65
10/09/2019,82630,8218337000,99.3(-0.80 %),127160,12665260000,44530,4446923000,867841482,3.69
11/09/2019,69790,6905800000,98.7(-0.60 %),85990,8510920000,16200,1605120000,867713152,3.66
12/09/2019,20280,2012340000,99.3(0.61 %),20330,2017340000,50,5000000,867712842,3.66
13/09/2019,1840,151150000,101(1.71 %),61680,6183660000,59840,6032510000,867675692,3.67
16/09/2019,-101370,-10489060000,103.4(2.38 %),13990,1446210000,115360,11935270000,867677902,3.67
17/09/2019,77280,8175110000,106.9(3.38 %),204500,21529950000,127220,13354840000,867473452,3.68
18/09/2019,-95830,-9991860000,104(-2.71 %),393630,41157910000,489460,51149770000,867216572,3.69
19/09/2019,-43790,-4520340000,103.8(-0.19 %),2510,259410000,46300,4779750000,867329422,3.68
20/09/2019,-82300,-8479106000,102.8(-0.96 %),470,48752000,82770,8527858000,867995582,3.69
23/09/2019,89950,9365240000,103.5(0.68 %),93090,9691670000,3140,326430000,867775632,3.66
24/09/2019,-2050,-201498000,103.5(0.00 %),23800,2477454000,25850,2678952000,867907682,3.69
25/09/2019,-3000,-307900000,102.4(-1.06 %),1430,146180000,4430,454080000,867879472,3.66
26/09/2019,-11900,-1214730000,104(1.56 %),9540,974660000,21440,2189390000,867873072,3.66
27/09/2019,68050,7139830000,105(0.96 %),100130,10508980000,32080,3369150000,867798792,3.66
30/09/2019,70970,7550070000,106.3(1.24 %),104290,11089150000,33320,3539080000,867698932,3.66
01/10/2019,-9800,-1032860000,106.2(-0.09 %),14360,1519430000,24160,2552290000,867706292,3.66
02/10/2019,-273770,-28536890000,103.5(-2.54 %),21840,2272870000,295610,30809760000,867716532,3.66
03/10/2019,-220820,-22527758000,102(-1.45 %),27520,2828682000,248340,25356440000,868215242,3.67
04/10/2019,-153420,-15645494000,100.5(-1.47 %),85160,8594940000,238580,24240434000,868368662,3.67
07/10/2019,-59310,-5981760000,100.7(0.20 %),33260,3353990000,92570,9335750000,867923682,3.65
08/10/2019,-202320,-20249980000,99.9(-0.79 %),11290,1134420000,213610,21384400000,868160732,3.64
09/10/2019,-28330,-2847081000,100.3(0.40 %),3490,350051000,31820,3197132000,868658622,3.65
10/10/2019,32360,3261076000,101.1(0.80 %),330610,33384703000,298250,30123627000,868626262,3.65
11/10/2019,54060,5519541000,102.3(1.19 %),55500,5665642000,1440,146101000,868572202,3.66
14/10/2019,51780,5294600000,102(-0.29 %),60330,6171040000,8550,876440000,868536942,3.62
15/10/2019,7340,737190000,101.2(-0.78 %),58150,5890430000,50810,5153240000,868527042,3.62
16/10/2019,10300,1045130000,101.2(0.00 %),56620,5744930000,46320,4699800000,868471862,3.62
17/10/2019,38980,3932449000,101(-0.20 %),179090,18092713000,140110,14160264000,868463802,3.66
18/10/2019,57370,5794530000,101(0.00 %),81720,8257080000,24350,2462550000,868374582,3.63
21/10/2019,29320,2955480000,101.2(0.20 %),94180,9520664000,64860,6565184000,868377112,3.67
22/10/2019,23380,2369860000,101.4(0.20 %),52680,5342690000,29300,2972830000,868309982,3.63
23/10/2019,42490,4297315000,101.2(-0.20 %),59070,5978153000,16580,1680838000,868311242,3.67
24/10/2019,32380,3303960000,102.4(1.19 %),41000,4183850000,8620,879890000,868299122,3.63
25/10/2019,46340,4745880000,102.5(0.10 %),61780,6328133000,15440,1582253000,868232522,3.67
28/10/2019,51040,5251275000,102.9(0.39 %),54950,5653661000,3910,402386000,868181482,3.68
29/10/2019,36320,3724607000,102.2(-0.68 %),51470,5279831000,15150,1555224000,868145162,3.68
30/10/2019,22540,2311736000,103.2(0.98 %),23550,2415564000,1010,103828000,868122622,3.68
31/10/2019,130170,13480175000,103.5(0.29 %),249240,25794872000,119070,12314697000,867992452,3.69
01/11/2019,3140,328730000,104.5(0.97 %),7900,820100000,4760,491370000,867939232,3.65
04/11/2019,23920,2528750000,105.5(0.96 %),25600,2706690000,1680,177940000,867914642,3.65
05/11/2019,-3670,-385744000,107(1.42 %),14070,1499992000,17740,1885736000,867926882,3.69
06/11/2019,-77490,-8222221000,105.8(-1.12 %),11260,1196583000,88750,9418804000,868004372,3.69
07/11/2019,8630,914380000,106.1(0.28 %),13570,1437730000,4940,523350000,868001252,3.65
08/11/2019,10460,1110510000,105.7(-0.38 %),25450,2698130000,14990,1587620000,867993542,3.65
11/11/2019,-5020,-526730000,104.3(-1.32 %),5120,540513000,10140,1067243000,867990302,3.69
12/11/2019,-18770,-1968820000,105(0.67 %),11390,1193100000,30160,3161920000,868070722,3.65
13/11/2019,730,73539000,105(0.00 %),4760,496674000,4030,423135000,868008342,3.68
14/11/2019,3120,339540000,106.5(1.43 %),11100,1180470000,7980,840930000,868079992,3.64
15/11/2019,3710,406717000,108(1.41 %),11230,1213942000,7520,807225000,868001512,3.69
18/11/2019,200040,21696678000,108.5(0.46 %),205090,22245512000,5050,548834000,867801472,3.7
19/11/2019,7780,841390000,107.5(-0.92 %),25250,2720710000,17470,1879320000,867880852,3.65
20/11/2019,-165680,-17565150000,105(-2.33 %),1760,186150000,167440,17751300000,867883312,3.65
21/11/2019,7620,802860000,104.1(-0.86 %),26770,2808300000,19150,2005440000,867861592,3.66
22/11/2019,11060,1159393000,103.1(-0.96 %),11080,1161493000,20,2100000,867940692,3.69
25/11/2019,1530,161080000,103.1(0.00 %),13240,1364730000,11710,1203650000,868022182,3.65
26/11/2019,-108030,-11068500000,102(-1.07 %),24490,2515050000,132520,13583550000,868016842,3.65
27/11/2019,-34080,-3483376000,102(0.00 %),42920,4397104000,77000,7880480000,868081272,3.68
28/11/2019,23280,2328220000,100.8(-1.18 %),189060,19051650000,165780,16723430000,867796592,3.66
29/11/2019,-16290,-1646120000,100.5(-0.30 %),37710,3808340000,54000,5454460000,867891402,3.65
02/12/2019,-51740,-5092890000,98(-2.49 %),133710,13451880000,185450,18544770000,867834692,3.66
03/12/2019,-44660,-4377900000,97.2(-0.82 %),22440,2202050000,67100,6579950000,867978032,3.65
04/12/2019,7420,738290000,99.3(2.16 %),45230,4422190000,37810,3683900000,867986802,3.65
05/12/2019,-100,-2970000,98(-1.31 %),62790,6211070000,62890,6214040000,868109592,3.64
06/12/2019,-2670,-263521000,98(0.00 %),5660,556661000,8330,820182000,868008412,3.68
09/12/2019,104110,10340578000,99.8(1.84 %),107210,10644860000,3100,304282000,867904302,3.69
10/12/2019,-83640,-8185914000,97.9(-1.90 %),16660,1645680000,100300,9831594000,867987942,3.69
11/12/2019,-56570,-5532270000,98.1(0.20 %),28580,2797120000,85150,8329390000,868127742,3.64
12/12/2019,-106870,-10466420000,97.9(-0.20 %),53610,5246870000,160480,15713290000,868127232,3.64
13/12/2019,-66140,-6511840000,98(0.10 %),9180,902040000,75320,7413880000,868218352,3.64
16/12/2019,1420,140630000,98.2(0.20 %),161150,15849170000,159730,15708540000,868294602,3.63
17/12/2019,-32950,-3234640000,97.5(-0.71 %),78650,7675180000,111600,10909820000,868396402,3.63
18/12/2019,-44870,-4394290000,95.5(-2.05 %),100360,9601070000,145230,13995360000,868439812,3.63
19/12/2019,-18620,-1800250000,95.8(0.31 %),167360,16049510000,185980,17849760000,868352182,3.63
20/12/2019,-16790,-1618210000,96(0.21 %),40170,3860750000,56960,5478960000,868354082,3.63
23/12/2019,26590,2537833000,95.8(-0.21 %),205450,19693123000,178860,17155290000,868302742,3.67
24/12/2019,66790,6431877000,96.3(0.52 %),176190,16937097000,109400,10505220000,868235952,3.67
25/12/2019,12450,1208608000,96.9(0.62 %),14260,1383824000,1810,175216000,868223502,3.67
26/12/2019,-16090,-1560690000,96.2(-0.72 %),11780,1142640000,27870,2703330000,868474712,3.62
27/12/2019,38540,3738380000,97(0.83 %),236230,22821625000,197690,19083245000,868201052,3.67
30/12/2019,66790,6408144000,96.4(-0.62 %),76190,7310930000,9400,902786000,868134262,3.68
31/12/2019,-62830,-5951980000,93.7(-2.80 %),700,66460000,63530,6018440000,868448142,3.63
02/01/2020,5190,490983000,94.6(0.96 %),5210,492873000,20,1890000,868460462,3.66
03/01/2020,-42570,-4059660000,94.8(0.21 %),8890,849340000,51460,4909000000,868464952,3.62
06/01/2020,-1290,-129600000,97.8(3.16 %),79190,7724260000,80480,7853860000,868449292,3.63
07/01/2020,1350,132157000,97.1(-0.72 %),5710,556930000,4360,424773000,868502972,3.66
08/01/2020,-130000,-12722680000,97(-0.10 %),39940,3893430000,169940,16616110000,868457102,3.62
09/01/2020,-390,-42720000,95.2(-1.86 %),115260,10998090000,115650,11040810000,868466422,3.62
10/01/2020,47810,4556517000,95.9(0.74 %),67180,6402103000,19370,1845586000,868585552,3.65
13/01/2020,35580,3383698000,95.3(-0.63 %),231550,22062830000,195970,18679132000,868549972,3.66
14/01/2020,81460,7747660000,94.9(-0.42 %),737280,70050860000,655820,62303200000,868328022,3.63
15/01/2020,39300,3695280000,94(-0.95 %),58400,5491780000,19100,1796500000,868288992,3.63
16/01/2020,86020,8034280000,93.3(-0.74 %),149110,13938680000,63090,5904400000,868335852,3.63
17/01/2020,40940,3795720000,93.2(-0.11 %),134890,12574970000,93950,8779250000,868208102,3.64
20/01/2020,23590,2201170000,93.4(0.21 %),43910,4093150000,20320,1891980000,868183952,3.64
21/01/2020,73690,6963040000,94.9(1.61 %),75230,7106930000,1540,143890000,868172912,3.64
22/01/2020,-13160,-1243790000,94.9(0.00 %),40190,3812090000,53350,5055880000,868226672,3.64
30/01/2020,183550,17009060000,92(-3.06 %),230530,21371280000,46980,4362220000,868016462,3.65
31/01/2020,238680,21193660000,86.5(-5.98 %),311470,27700330000,72790,6506670000,867707192,3.66
03/02/2020,170980,14409412000,83.2(-3.82 %),265850,22352407000,94870,7942995000,867760542,3.7
04/02/2020,-81280,-6703776000,82(-1.44 %),142550,11995794000,223830,18699570000,867589252,3.71
05/02/2020,-152030,-12510510000,81.6(-0.49 %),10630,876080000,162660,13386590000,867461282,3.68
06/02/2020,47440,4016700000,85.9(5.27 %),117830,9891743000,70390,5875043000,867693842,3.7
07/02/2020,64860,5585450000,86(0.12 %),159890,13742170000,95030,8156720000,867504902,3.67
10/02/2020,167120,14318658000,86.8(0.93 %),211710,18133493000,44590,3814835000,867461862,3.71
11/02/2020,-46830,-4012200000,85.6(-1.38 %),243480,20905350000,290310,24917550000,867483862,3.68
12/02/2020,20350,1762860000,86(0.47 %),74910,6467730000,54560,4704870000,867506402,3.67
13/02/2020,92500,8044707000,87.5(1.74 %),133780,11623363000,41280,3578656000,867395842,3.72
14/02/2020,63480,5589130000,88.5(1.14 %),82690,7285610000,19210,1696480000,867427032,3.68
17/02/2020,-16450,-1434630000,87.3(-1.36 %),33980,3011080000,50430,4445710000,867449152,3.68
18/02/2020,-91380,-7902670000,86(-1.49 %),8930,774000000,100310,8676670000,867481502,3.68
19/02/2020,-94290,-8087480000,85.3(-0.81 %),9880,847500000,104170,8934980000,867491932,3.68
20/02/2020,-121900,-10472130000,85.3(0.00 %),5220,448050000,127120,10920180000,867538022,3.67
21/02/2020,-67560,-5783743000,85.4(0.12 %),28760,2464493000,96320,8248236000,867723942,3.7
24/02/2020,212940,17925619000,83.9(-1.76 %),216670,18239642000,3730,314023000,867511002,3.71
25/02/2020,-61470,-5103480000,83(-1.07 %),380550,31656860000,442020,36760340000,867488522,3.68
26/02/2020,-103210,-8297385000,79.9(-3.73 %),17960,1455934000,121170,9753319000,867675682,3.7
27/02/2020,-114880,-9046252000,79(-1.13 %),5980,471632000,120860,9517884000,867790562,3.7
28/02/2020,-105360,-7986288000,75.8(-4.05 %),270310,20440666000,375670,28426954000,867895922,3.69
02/03/2020,-39340,-3074793000,79(4.22 %),6520,496674000,45860,3571467000,867832972,3.69
03/03/2020,-43830,-3538230000,80(1.27 %),120840,9811640000,164670,13349870000,867932992,3.65
04/03/2020,-179610,-14070960000,78.1(-2.38 %),172080,13559820000,351690,27630780000,868062582,3.65
05/03/2020,-54290,-4263280000,78.1(0.00 %),18220,1437953000,72510,5701233000,868110702,3.68
06/03/2020,-41900,-3251260000,77.5(-0.77 %),17110,1327703000,59010,4578963000,868152602,3.68
09/03/2020,-18330,-1321593000,72.1(-6.97 %),22220,1602062000,40550,2923655000,868170932,3.68
10/03/2020,-321690,-21947185000,68.5(-4.99 %),390450,26607804000,712140,48554989000,868492622,3.66
11/03/2020,-568850,-37348640000,63.8(-6.86 %),128780,8526700000,697630,45875340000,867989542,3.65
12/03/2020,-9700,-575660000,59.4(-6.90 %),435190,25858210000,444890,26433870000,867776112,3.66
13/03/2020,-417830,-23336860000,57(-4.04 %),84610,4758980000,502440,28095840000,868402542,3.63
16/03/2020,65470,3921628000,59.3(4.04 %),204220,12056590000,138750,8134962000,869423532,3.61
17/03/2020,-212770,-12723646000,59.8(0.84 %),168760,9921848000,381530,22645494000,869636302,3.6
18/03/2020,-632880,-36906720000,58(-3.01 %),83810,4888390000,716690,41795110000,869514502,3.57
19/03/2020,-528270,-29130030000,55.3(-4.66 %),81850,4523720000,610120,33653750000,869569202,3.57
20/03/2020,-100460,-5704180000,57.9(4.70 %),109050,6225860000,209510,11930040000,869741682,3.56
23/03/2020,-154300,-8355460000,53.9(-6.91 %),58350,3180860000,212650,11536320000,870335022,3.53
24/03/2020,-295490,-16606538000,56.2(4.27 %),124840,6953808000,420330,23560346000,871452312,3.5
25/03/2020,-191350,-11379100000,60.1(6.94 %),118730,7092320000,310080,18471420000,871011082,3.49
26/03/2020,-63500,-3786990000,58.7(-2.33 %),70420,4196080000,133920,7983070000,871153312,3.48
27/03/2020,71870,4179667000,58.2(-0.85 %),109880,6398321000,38010,2218654000,871635292,3.49
30/03/2020,-80640,-4429290000,54.6(-6.19 %),13890,762840000,94530,5192130000,871659952,3.46
31/03/2020,-25590,-1420860000,54.8(0.37 %),21880,1203280000,47470,2624140000,871771992,3.45
01/04/2020,-31480,-1769931000,56.1(2.37 %),32140,1800363000,63620,3570294000,871810002,3.48
03/04/2020,-111940,-6563900000,59.2(5.53 %),69810,4151310000,181750,10715210000,871802582,3.45
06/04/2020,-328220,-20348579000,63(6.42 %),45690,2852442000,373910,23201021000,872250162,3.46
07/04/2020,-314060,-19754374000,62.9(-0.16 %),46880,2948752000,360940,22703126000,872564222,3.44
08/04/2020,-52810,-3268470000,62.7(-0.32 %),65870,4086670000,118680,7355140000,871933902,3.44
09/04/2020,122630,8100326000,67(6.86 %),162840,10745883000,40210,2645557000,872494402,3.45
10/04/2020,7000,456480000,67.1(0.15 %),51730,3433100000,44730,2976620000,872454182,3.42
13/04/2020,-226730,-15595596000,68(1.34 %),49470,3409934000,276200,19005530000,872714132,3.44
14/04/2020,-151340,-10026930000,67(-1.47 %),147840,9782540000,299180,19809470000,872414662,3.42
15/04/2020,-32370,-2125837000,66.6(-0.60 %),26470,1759804000,58840,3885641000,872897842,3.43
16/04/2020,12720,859755000,67.4(1.20 %),43270,2913213000,30550,2053458000,872885122,3.43
17/04/2020,-27570,-1872207000,67.7(0.45 %),10230,694863000,37800,2567070000,872912692,3.43
20/04/2020,-223830,-15277710000,68.8(1.62 %),20310,1387600000,244140,16665310000,872993332,3.39
21/04/2020,-311070,-20416865000,64.5(-6.25 %),119260,7749961000,430330,28166826000,873447592,3.4
22/04/2020,-120570,-7682530000,63.5(-1.55 %),136520,8635240000,257090,16317770000,872875782,3.39
23/04/2020,-119920,-7841610000,65.1(2.52 %),42820,2800190000,162740,10641800000,873077102,3.38
24/04/2020,-223310,-14545773000,65.1(0.00 %),10780,702021000,234090,15247794000,873911392,3.37
27/04/2020,-52070,-3370880000,64.2(-1.38 %),11240,725830000,63310,4096710000,873673502,3.35
28/04/2020,-233990,-14682730000,62.8(-2.18 %),25360,1592440000,259350,16275170000,873809782,3.35
29/04/2020,-230510,-14650710000,63.4(0.96 %),103520,6590020000,334030,21240730000,873940352,3.34
04/05/2020,-133370,-8617731000,63.8(0.63 %),5830,377002000,139200,8994733000,874003662,3.37
05/05/2020,-83860,-5428239000,65.5(2.66 %),6710,434691000,90570,5862930000,874087522,3.36
06/05/2020,-61890,-4150172000,68.6(4.73 %),184160,12456424000,246050,16606596000,874149412,3.36
07/05/2020,-42290,-2886540000,68.7(0.15 %),17470,1198040000,59760,4084580000,874522072,3.31
08/05/2020,-139930,-9721610000,69.6(1.31 %),47990,3323840000,187920,13045450000,874564652,3.31
11/05/2020,30820,2199340000,73(4.89 %),70330,5027650000,39510,2828310000,874741212,3.3
12/05/2020,49550,3602977000,73.2(0.27 %),86840,6314162000,37290,2711185000,874251262,3.36
13/05/2020,-85410,-6210560000,72.4(-1.09 %),14660,1063360000,100070,7273920000,874892432,3.29
14/05/2020,-126600,-9069915000,71.5(-1.24 %),15260,1093702000,141860,10163617000,874463272,3.34
15/05/2020,-220510,-15670910000,70.9(-0.84 %),1510,107950000,222020,15778860000,874952462,3.29
18/05/2020,94930,6942370000,73.5(3.67 %),108170,7904101000,13240,961731000,874588852,3.34
19/05/2020,97510,7290781000,74.8(1.77 %),164450,12303471000,66940,5012690000,874491342,3.34
20/05/2020,-21430,-1600050000,74.2(-0.80 %),217360,16108490000,238790,17708540000,875076432,3.28
21/05/2020,184090,13805050000,75(1.08 %),195320,14643760000,11230,838710000,874894982,3.29
22/05/2020,86310,6399568000,73.9(-1.47 %),156580,11608331000,70270,5208763000,874242372,3.36
25/05/2020,-140860,-10389380000,73.7(-0.27 %),80130,5908470000,220990,16297850000,874816102,3.29
26/05/2020,-132220,-9799530000,74.9(1.63 %),15380,1143110000,147600,10942640000,874814052,3.29
27/05/2020,293580,22167669000,75(0.13 %),321740,24290580000,28160,2122911000,874221872,3.36
28/05/2020,-35840,-2611480000,73.9(-1.47 %),84280,6304730000,120120,8916210000,874695092,3.3
29/05/2020,80920,6003950000,74.4(0.68 %),102940,7637550000,22020,1633600000,874738912,3.3
01/06/2020,91170,6861330000,75.3(1.21 %),110470,8312690000,19300,1451360000,874654502,3.3
02/06/2020,190910,14533778000,76.4(1.46 %),275100,20937684000,84190,6403906000,874574062,3.34
03/06/2020,143330,11075102000,78(2.09 %),144500,11165453000,1170,90351000,874430732,3.35
04/06/2020,213970,16993770000,78(0.00 %),314840,24894310000,100870,7900540000,874079822,3.33
05/06/2020,-119180,-9172380000,77(-1.28 %),37550,2898800000,156730,12071180000,874125412,3.33
08/06/2020,106630,8411327000,79(2.60 %),109500,8637580000,2870,226253000,874110132,3.36
09/06/2020,69700,5471600000,78.4(-0.76 %),74280,5831100000,4580,359500000,874040522,3.33
10/06/2020,17640,1376244000,78(-0.51 %),20360,1588424000,2720,212180000,874092492,3.36
11/06/2020,272120,21115830000,72.6(-6.92 %),562580,43594120000,290460,22478290000,873616132,3.36
12/06/2020,76790,5629610000,74.6(2.75 %),109100,7948700000,32310,2319090000,873511612,3.36
15/06/2020,32800,2369170000,72.1(-3.35 %),133300,9728420000,100500,7359250000,873379982,3.37
16/06/2020,-149650,-10928011000,73.1(1.39 %),21740,1586112000,171390,12514123000,873860432,3.38
17/06/2020,-103680,-5896445750,72.9(-0.27 %),4680,341738280,108360,6238184030,873964112,3.37
18/06/2020,-73440,-5314730000,72.2(-0.96 %),85080,6177640000,158520,11492370000,873690072,3.35
19/06/2020,-38170,-2767060000,72.6(0.55 %),98150,7165740000,136320,9932800000,873763312,3.35
22/06/2020,-25320,-1854540000,73.1(0.69 %),34000,2491140000,59320,4345680000,873837672,3.34
23/06/2020,-102870,-7569143000,73.9(1.09 %),43100,3175652000,145970,10744795000,874203912,3.36
24/06/2020,17430,1275144000,72.6(-1.76 %),24380,1785744000,6950,510600000,874186482,3.36
25/06/2020,72400,5255510000,72.4(-0.28 %),120820,8765100000,48420,3509590000,874006052,3.33
26/06/2020,-94110,-6803620000,72.2(-0.28 %),3300,238550000,97410,7042170000,874148722,3.33
29/06/2020,-106200,-7456080000,69.7(-3.46 %),34670,2443520000,140870,9899600000,874119952,3.33
30/06/2020,-194440,-13476400000,69(-1.00 %),194690,13494190000,389130,26970590000,874092632,3.33
01/07/2020,-146040,-10154700000,71(2.90 %),55610,3899540000,201650,14054240000,874133382,3.33
02/07/2020,-39860,-2821664000,70.5(-0.70 %),30410,2154410000,70270,4976074000,874228852,3.36
03/07/2020,-69710,-4916562000,70.3(-0.28 %),47590,3370011000,117300,8286573000,874298562,3.35
06/07/2020,-46010,-3333150000,72.4(2.99 %),61990,4476762000,108000,7809912000,874344572,3.35
07/07/2020,-182960,-13407840000,72.4(0.00 %),80840,5956090000,263800,19363930000,874591112,3.3
08/07/2020,-74300,-5397180000,72.9(0.69 %),53810,3953810000,128110,9350990000,874653132,3.3
09/07/2020,-56520,-4247647000,75.2(3.16 %),252830,18936184000,309350,23183831000,874658352,3.33
10/07/2020,-6740,-500130000,74.3(-1.20 %),11730,879050000,18470,1379180000,874758272,3.3
13/07/2020,44500,3324770000,74.9(0.81 %),70320,5258040000,25820,1933270000,874816062,3.29
14/07/2020,-11630,-821840000,72.2(-3.60 %),52720,3822920000,64350,4644760000,875074162,3.28
15/07/2020,-84570,-6136542000,72.1(-0.14 %),127360,9262353000,211930,15398895000,874716792,3.33
16/07/2020,55470,4051769000,72.2(0.14 %),252290,18283394000,196820,14231625000,874661322,3.33
17/07/2020,-18810,-1331541000,71.9(-0.42 %),87490,6313540000,106300,7645081000,874680132,3.33
20/07/2020,-130080,-9234400000,70.9(-1.39 %),4980,354780000,135060,9589180000,874926812,3.29
21/07/2020,-25530,-1806710000,71(0.14 %),42070,2994640000,67600,4801350000,875081562,3.28
22/07/2020,-3070,-213348000,70.2(-1.13 %),68440,4850153000,71510,5063501000,874838812,3.32
23/07/2020,-211560,-14977223000,71.1(1.28 %),53830,3809920000,265390,18787143000,875050372,3.31
24/07/2020,-452360,-31474093000,68.3(-3.94 %),71230,4894511000,523590,36368604000,875502732,3.29
27/07/2020,191820,12814820000,64(-6.30 %),195420,13052532000,3600,237712000,875310912,3.3
28/07/2020,-35990,-2305880000,67.8(5.94 %),151940,9947970000,187930,12253850000,875188962,3.27
29/07/2020,-110640,-7038626000,63.5(-6.34 %),94750,6091722000,205390,13130348000,875457542,3.29
30/07/2020,-9350,-590170000,65.5(3.15 %),178690,11680150000,188040,12270320000,875442712,3.26
31/07/2020,23600,1548877000,65.5(0.00 %),52190,3396424000,28590,1847547000,875544582,3.29
03/08/2020,88930,6000342000,67.2(2.60 %),198670,13354353000,109740,7354011000,875783842,3.27
04/08/2020,82730,5624910000,68.1(1.34 %),86380,5873210000,3650,248300000,875686832,3.25
05/08/2020,-93050,-6336610000,68.6(0.73 %),51390,3522220000,144440,9858830000,875664032,3.25
06/08/2020,59110,4116030000,69.5(1.31 %),99520,6904960000,40410,2788930000,875674252,3.25
07/08/2020,171610,12006565000,70.2(1.01 %),174270,12192412000,2660,185847000,875563442,3.29
10/08/2020,-11500,-807330000,70.5(0.43 %),46170,3253700000,57670,4061030000,875599592,3.25
11/08/2020,-7440,-519460000,70(-0.71 %),80360,5628590000,87800,6148050000,875559642,3.25
12/08/2020,137450,9657950000,71.2(1.71 %),320820,22634990000,183370,12977040000,875241482,3.27
13/08/2020,79060,5713920000,72.6(1.97 %),317510,23022660000,238450,17308740000,874981642,3.28
14/08/2020,428600,31054140000,72.3(-0.41 %),519010,37594440000,90410,6540300000,874550432,3.31
17/08/2020,-8490,-609340000,72(-0.41 %),2160,155240000,10650,764580000,874737942,3.3
18/08/2020,8200,597840000,71.9(-0.14 %),100560,7269410000,92360,6671570000,874958452,3.29
19/08/2020,31480,2268706000,72.1(0.28 %),34280,2470371000,2800,201665000,874906082,3.32
20/08/2020,-64940,-4639140000,71(-1.53 %),4400,314360000,69340,4953500000,875020832,3.28
21/08/2020,-114600,-8198670000,72(1.41 %),10780,774570000,125380,8973240000,875024412,3.28
24/08/2020,10320,753230000,73(1.39 %),25380,1846420000,15060,1093190000,875001832,3.28
25/08/2020,-36040,-2668965000,73.8(1.10 %),5950,440764000,41990,3109729000,875111342,3.31
26/08/2020,-42600,-3130715000,73.5(-0.41 %),1420,105273000,44020,3235988000,875153942,3.31
27/08/2020,-177300,-12943360000,73(-0.68 %),480,35030000,177780,12978390000,875213842,3.27
28/08/2020,17180,1279520000,74.2(1.64 %),21180,1577630000,4000,298110000,875234652,3.27
31/08/2020,-140,-8090000,74.1(-0.13 %),9650,716050000,9790,724140000,875269022,3.27
01/09/2020,149400,11217901000,75.4(1.75 %),178100,13363231000,28700,2145330000,875446172,3.29
03/09/2020,147530,11165920000,75.8(0.53 %),160100,12117380000,12570,951460000,875111972,3.28
04/09/2020,-31270,-2325120000,74.6(-1.58 %),363460,27186163000,394730,29511283000,875329912,3.3
07/09/2020,5590,462808000,72(-3.49 %),135930,9972553000,130340,9509745000,875324322,3.3
08/09/2020,-113040,-8135742000,72(0.00 %),60110,4370511000,173150,12506253000,875437362,3.29
09/09/2020,-155950,-11146610000,71.7(-0.42 %),77010,5512060000,232960,16658670000,874922202,3.29
10/09/2020,-197610,-14291310000,72(0.42 %),106590,7676690000,304200,21968000000,874945952,3.29
11/09/2020,-40070,-2873250000,71.8(-0.28 %),41060,2955480000,81130,5828730000,875078152,3.28
14/09/2020,-275590,-19789757000,71.4(-0.56 %),38060,2746902000,313650,22536659000,876106582,3.26
15/09/2020,-339080,-24322730000,72.3(1.26 %),122940,8847330000,462020,33170060000,875453262,3.26
16/09/2020,-47980,-3453458000,72(-0.41 %),3320,240852000,51300,3694310000,876393642,3.24
17/09/2020,-111260,-8002428000,71.7(-0.42 %),12140,876362000,123400,8878790000,876504902,3.24
18/09/2020,-93610,-6737690000,72.5(1.12 %),6390,461610000,100000,7199300000,876285902,3.22
21/09/2020,-383330,-27882570000,72.8(0.41 %),20100,1467730000,403430,29350300000,876317102,3.21
22/09/2020,-445250,-32084200000,71.9(-1.24 %),8310,602270000,453560,32686470000,876432192,3.21
23/09/2020,-5560,-372018000,72.7(1.11 %),336600,24494893000,342160,24866911000,877432652,3.19
24/09/2020,154720,11368561000,73.5(1.10 %),187200,13755604000,32480,2387043000,877277932,3.2
25/09/2020,39530,2878950000,73.1(-0.54 %),54720,3989900000,15190,1110950000,876809862,3.19
28/09/2020,-161470,-11685229000,72.2(-1.23 %),4410,322422000,165880,12007651000,877399872,3.19
29/09/2020,-470130,-33918752000,71.5(-0.97 %),35850,2591880000,505980,36510632000,877870002,3.16
30/09/2020,-279040,-19941870000,71.3(-0.28 %),23800,1701650000,302840,21643520000,877135782,3.17
01/10/2020,10210,737700000,72.4(1.54 %),12910,931590000,2700,193890000,877288752,3.16
02/10/2020,65740,4755216000,71.9(-0.69 %),75760,5471794000,10020,716578000,877235922,3.2
05/10/2020,-287130,-20658630000,72.5(0.83 %),22350,1613550000,309480,22272180000,877999462,3.13
06/10/2020,-153180,-11154370000,72.5(0.00 %),152450,11076870000,305630,22231240000,877849712,3.13
07/10/2020,-115790,-8614260000,74.1(2.21 %),33630,2463360000,149420,11077620000,877826102,3.14
08/10/2020,20290,1528620000,74.6(0.67 %),34390,2576850000,14100,1048230000,878100892,3.12
09/10/2020,7250,539670000,74.3(-0.40 %),12940,963520000,5690,423850000,878393582,3.11
12/10/2020,124390,9352559000,75(0.94 %),149460,11245234000,25070,1892675000,877640092,3.18
13/10/2020,-5230,-392910000,75(0.00 %),4390,329570000,9620,722480000,878403252,3.11
14/10/2020,58290,4395540000,75.2(0.27 %),103700,7822520000,45410,3426980000,878305242,3.11
15/10/2020,26800,2122847000,75(-0.27 %),225730,17171382000,198930,15048535000,877560232,3.18
16/10/2020,62570,4734833000,75.4(0.53 %),281340,21184014000,218770,16449181000,877497662,3.18
19/10/2020,-276960,-20662542000,74(-1.86 %),1810,134581000,278770,20797123000,877774622,3.17
20/10/2020,-264940,-19351960000,72.6(-1.89 %),32200,2350430000,297140,21702390000,878042562,3.12
21/10/2020,-347960,-25301580000,72.3(-0.41 %),86440,6285570000,434400,31587150000,878174892,3.12
22/10/2020,-82330,-5930489000,73.7(1.94 %),15100,1091111000,97430,7021600000,878469852,3.13
23/10/2020,-82260,-6047227000,73.5(-0.27 %),18130,1335181000,100390,7382408000,878552112,3.13
26/10/2020,-34860,-2584803000,72(-2.04 %),10610,764680000,45470,3349483000,878586972,3.13
27/10/2020,19090,1377180000,72(0.00 %),19810,1429280000,720,52100000,879217932,3.06
28/10/2020,-41150,-2972700000,71.9(-0.14 %),13350,963600000,54500,3936300000,879303702,3.06
29/10/2020,-252240,-17962719000,71(-1.25 %),6650,474952000,258890,18437671000,878861272,3.11
30/10/2020,-274120,-19410070000,70.4(-0.85 %),100670,7113420000,374790,26523490000,879321622,3.06
02/11/2020,-342150,-23912601000,69.7(-0.99 %),32120,2262730000,374270,26175331000,879376122,3.08
03/11/2020,-679860,-47753740000,70.2(0.72 %),2990,209840000,682850,47963580000,879599902,3.04
04/11/2020,-82060,-5892781000,71.9(2.42 %),84450,6073814000,166510,11966595000,880138042,3.04
05/11/2020,55940,4015950000,71.5(-0.56 %),71340,5117140000,15400,1101190000,880128652,3.02
06/11/2020,-90070,-6385160000,70.8(-0.98 %),11380,809220000,101450,7194380000,880800122,2.98
09/11/2020,-204600,-14612610000,71.4(0.85 %),145520,10401650000,350120,25014260000,880821112,2.98
10/11/2020,33530,2543292000,72.2(1.12 %),151060,11089894000,117530,8546602000,880343242,3.03
11/11/2020,-427670,-31317008000,73.2(1.39 %),171590,12574892000,599260,43891900000,880770912,3.01
12/11/2020,3580,262480000,73.4(0.27 %),6180,453130000,2600,190650000,880959252,2.97
13/11/2020,296900,21742620000,73.5(0.14 %),348120,25485770000,51220,3743150000,880728662,2.98
16/11/2020,357990,26356240000,72.5(-1.36 %),521560,38319850000,163570,11963610000,880806362,2.98
17/11/2020,257940,19096870000,75.5(4.14 %),323110,23923250000,65170,4826380000,880488452,3.0
18/11/2020,118610,9387790000,80(5.96 %),158830,12502330000,40220,3114540000,880380842,3.0
19/11/2020,58440,4851770000,82.1(2.63 %),407320,33575710000,348880,28723940000,880142092,3.01
20/11/2020,130000,10608178000,81.8(-0.37 %),135840,11082583000,5840,474405000,879547452,3.08
23/11/2020,320840,26586086000,83.5(2.08 %),332570,27548774000,11730,962688000,879226612,3.09
24/11/2020,343920,28368780000,82.5(-1.20 %),426210,35185840000,82290,6817060000,879702542,3.04
25/11/2020,118670,9850740000,82.7(0.24 %),219350,18221180000,100680,8370440000,879490032,3.05
26/11/2020,85410,7075220000,83.3(0.73 %),87630,7258950000,2220,183730000,879414932,3.05
27/11/2020,29720,2470360000,83.5(0.24 %),30860,2565080000,1140,94720000,879466362,3.05
30/11/2020,-62160,-5225422000,83.5(0.00 %),83380,7051012000,145540,12276434000,879528522,3.08
01/12/2020,-84900,-7080883000,83.5(0.00 %),91220,7541490000,176120,14622373000,879485882,3.08
02/12/2020,14100,1179870000,84(0.60 %),26460,2210270000,12360,1030400000,879369452,3.05
03/12/2020,28810,2449900000,84.5(0.60 %),78000,6584390000,49190,4134490000,879436992,3.05
04/12/2020,210600,18029150000,85.5(1.18 %),284230,24310810000,73630,6281660000,879328882,3.06
07/12/2020,365210,31278200000,86.3(0.94 %),607910,52113630000,242700,20835430000,878882332,3.08
08/12/2020,372420,32065020000,86.1(-0.23 %),438990,37783110000,66570,5718090000,878492532,3.1
09/12/2020,55720,4799440000,86.1(0.00 %),289990,25044240000,234270,20244800000,878314772,3.11
10/12/2020,305790,25331991000,84.4(-1.97 %),342020,28425562000,36230,3093571000,878133232,3.15
11/12/2020,297060,25477395000,86.1(2.01 %),330610,28350294000,33550,2872899000,877836172,3.17
14/12/2020,98880,8542852000,87(1.05 %),118090,10208083000,19210,1665231000,877737292,3.17
15/12/2020,-86800,-7406430000,85.4(-1.84 %),33260,2864840000,120060,10271270000,877879562,3.13
16/12/2020,-89910,-7696163000,85.8(0.47 %),9400,805163000,99310,8501326000,877914002,3.16
17/12/2020,-577840,-48959100000,84.1(-1.98 %),20940,1775284000,598780,50734384000,878491842,3.13
18/12/2020,69130,5872360000,84.9(0.95 %),119300,10124850000,50170,4252490000,877902302,3.13
21/12/2020,18820,1604590000,86.3(1.65 %),74340,6340200000,55520,4735610000,877932672,3.13
22/12/2020,-9810,-833530000,85.3(-1.16 %),14650,1248290000,24460,2081820000,878520642,3.1
23/12/2020,-7900,-668123000,84.7(-0.70 %),11640,989051000,19540,1657174000,878421602,3.14
24/12/2020,-99960,-8449950000,83.9(-0.94 %),205820,17106450000,305780,25556400000,878406872,3.11
25/12/2020,-24360,-2039380000,84.2(0.36 %),13610,1137510000,37970,3176890000,878416722,3.1
28/12/2020,-71390,-6198750000,86.9(3.21 %),74820,6486890000,146210,12685640000,878361442,3.11
29/12/2020,87130,7625947000,87.1(0.23 %),105860,9257364000,18730,1631417000,878530182,3.13
30/12/2020,134580,11721406000,86.9(-0.23 %),152020,13241267120,17440,1519861120,878395602,3.14
31/12/2020,-67550,-5851865000,86.6(-0.35 %),34460,2983011000,102010,8834876000,878514862,3.13
04/01/2021,2100,187120000,88.8(2.54 %),30700,2714930000,28600,2527810000,878547092,3.13
05/01/2021,490900,43899430000,90(1.35 %),521800,46654000000,30900,2754570000,878056192,3.15
06/01/2021,224100,20465090000,90.4(0.44 %),287300,26193590000,63200,5728500000,877832092,3.17
07/01/2021,-83900,-7594020000,92.7(2.54 %),20600,1864450000,104500,9458470000,877915992,3.16
08/01/2021,-90000,-8372980000,92.7(0.00 %),54700,5067180000,144700,13440160000,878005992,3.16
11/01/2021,-39900,-3740050000,93.3(0.65 %),11800,1109310000,51700,4849360000,878045892,3.16
12/01/2021,-112400,-10363170000,93.6(0.32 %),7400,686780000,119800,11049950000,878158292,3.15
13/01/2021,-98700,-9213890000,93(-0.64 %),92100,8647850000,190800,17861740000,878256992,3.14
14/01/2021,-115100,-10592360000,92.1(-0.97 %),31300,2884380000,146400,13476740000,878372092,3.14
15/01/2021,-843300,-77410000000,91.6(-0.54 %),63600,5829490000,906900,83239490000,879215392,3.09
18/01/2021,-343200,-31143070000,90.6(-1.09 %),25900,2351610000,369100,33494680000,879558592,3.08
19/01/2021,-58100,-5116110000,85(-6.18 %),662300,59798430000,720400,64914540000,879616692,3.07
20/01/2021,67200,5731980000,86.5(1.76 %),179500,15310080000,112300,9578100000,879549492,3.08
21/01/2021,-365500,-31885810000,87.5(1.16 %),78800,6868960000,444300,38754770000,879914992,3.06
22/01/2021,-437200,-38190090000,86.6(-1.03 %),136900,11966250000,574100,50156340000,880352192,3.03
25/01/2021,-731700,-62241260000,84.7(-2.19 %),90400,7700290000,822100,69941550000,881083892,2.99
26/01/2021,-420000,-34980690000,83.3(-1.65 %),125800,10319930000,545800,45300620000,881503892,2.97
27/01/2021,-241000,-19355530000,79(-5.16 %),77300,6268320000,318300,25623850000,881744892,2.96
28/01/2021,102400,7712540000,73.5(-6.96 %),161800,12192590000,59400,4480050000,881642492,2.97
29/01/2021,-36500,-2864370000,76.3(3.81 %),82700,6225090000,119200,9089460000,881678992,2.96
01/02/2021,4700,384520000,75.2(-1.44 %),136700,10479590000,132000,10095070000,881683602,2.96
02/02/2021,-445200,-33672160000,76.5(1.73 %),68300,5158990000,513500,38831150000,882128802,2.94
03/02/2021,-375500,-29686440000,80(4.58 %),17000,1341280000,392500,31027720000,882504302,2.92
04/02/2021,2500,203450000,81(1.25 %),111300,8987750000,108800,8784300000,882501802,2.92
05/02/2021,-318600,-26017510000,81.2(0.25 %),50100,4093880000,368700,30111390000,882820402,2.9
08/02/2021,-813600,-63959540000,79(-2.71 %),21500,1721950000,835100,65681490000,883634002,2.86
09/02/2021,-452700,-35881020000,81.3(2.91 %),95800,7679610000,548500,43560630000,884086702,2.84
17/02/2021,112100,9609030000,86.9(6.89 %),214800,18469920000,102700,8860890000,883974602,2.84
18/02/2021,385600,34709250000,90.1(3.68 %),418800,37683920000,33200,2974670000,883589002,2.86
19/02/2021,48400,4304840000,88.9(-1.33 %),135200,12008070000,86800,7703230000,883540602,2.87
22/02/2021,8700,818120000,88.2(-0.79 %),110000,9737540000,101300,8919420000,883531902,2.87
23/02/2021,-35700,-3203880000,89.4(1.36 %),3500,314060000,39200,3517940000,883567602,2.86
24/02/2021,95700,8472910000,88.1(-1.45 %),108200,9572620000,12500,1099710000,883471902,2.87
25/02/2021,290100,25793160000,89.2(1.25 %),327300,29095480000,37200,3302320000,883181802,2.88
26/02/2021,195400,17316320000,89.3(0.11 %),251600,22277010000,56200,4960690000,882986402,2.89
01/03/2021,-19200,-1724930000,91.9(2.91 %),18200,1650770000,37400,3375700000,883011452,2.89
02/03/2021,-119000,-10943500000,91(-0.98 %),4200,386440000,123200,11329940000,883130452,2.89
03/03/2021,4000,388710000,91(0.00 %),155900,14198080000,151900,13809370000,883126452,2.89
04/03/2021,-97500,-8836930000,90.9(-0.11 %),63700,5792790000,161200,14629720000,883223952,2.88
05/03/2021,-53600,-4934260000,92.5(1.76 %),110800,10289370000,164400,15223630000,883277552,2.88
08/03/2021,-150600,-14280740000,95(2.70 %),12800,1212340000,163400,15493080000,883428152,2.87
09/03/2021,-113000,-10594590000,93.7(-1.37 %),34700,3250120000,147700,13844710000,883541152,2.87
10/03/2021,-190700,-17407740000,92(-1.81 %),207600,19064820000,398300,36472560000,883731852,2.86
11/03/2021,-47600,-4409790000,92.7(0.76 %),18400,1695740000,66000,6105530000,883779452,2.85
12/03/2021,-78100,-7183980000,91.1(-1.73 %),10600,976780000,88700,8160760000,883857552,2.85
15/03/2021,4800,438330000,91.1(0.00 %),9700,886440000,4900,448110000,883852752,2.85
16/03/2021,-36900,-3346770000,90.3(-0.88 %),7700,698120000,44600,4044890000,883889652,2.85
17/03/2021,-306100,-27615650000,92.8(2.65 %),6700,607240000,312800,28222890000,884195752,2.83
18/03/2021,-91400,-8410700000,91.8(-1.08 %),12500,1155510000,103900,9566210000,884287152,2.83
19/03/2021,-35240,-31766450000,90.9(-0.98 %),5290,4768250000,40530,36534700000,883912772,2.82
22/03/2021,-223100,-20187460000,90.5(-0.44 %),10800,980050000,233900,21167510000,884862652,2.8
23/03/2021,-17400,-1570970000,91.8(1.44 %),27600,2490700000,45000,4061670000,884880052,2.79
24/03/2021,1907000,163667710000,90.1(-1.85 %),2091600,180176490000,184600,16508780000,882973052,2.9
25/03/2021,265900,24144120000,90.3(0.22 %),354900,32107800000,89000,7963680000,882707152,2.91
26/03/2021,-8900,-802060000,89.2(-1.22 %),10800,953750000,19700,1755810000,882716052,2.91
29/03/2021,-1900,-170180000,89.5(0.34 %),7100,637930000,9000,808110000,882717952,2.91
30/03/2021,-672000,-60296630000,89.6(0.11 %),5000,447410000,677000,60744040000,883389952,2.87
31/03/2021,-361000,-32267440000,89.7(0.11 %),17600,1570340000,378600,33837780000,883750952,2.85
01/04/2021,-199100,-17935920000,90.6(1.00 %),42500,3843000000,241600,21778920000,882719832,2.91
02/04/2021,-77300,-7025750000,90.3(-0.33 %),10200,926660000,87500,7952410000,882797132,2.9
05/04/2021,-125900,-11307250000,89.4(-1.00 %),94400,8465760000,220300,19773010000,882923032,2.9
06/04/2021,-92300,-8243140000,89.7(0.34 %),18100,1617240000,110400,9860380000,883015332,2.89
07/04/2021,-504500,-45121740000,89.1(-0.67 %),23300,2088990000,527800,47210730000,883519832,2.87
08/04/2021,-209700,-18693710000,89(-0.11 %),6400,573150000,216100,19266860000,883729532,2.86
09/04/2021,-168900,-15042880000,88.8(-0.22 %),3800,338440000,172700,15381320000,883898432,2.85
12/04/2021,-974300,-85061940000,87.9(-1.01 %),9900,867790000,984200,85929730000,884872732,2.79
13/04/2021,-789800,-68343530000,86(-2.16 %),9000,777460000,798800,69120990000,885662532,2.75
14/04/2021,-164200,-14242150000,86.5(0.58 %),30000,2601940000,194200,16844090000,885826732,2.74
15/04/2021,-859400,-74014730000,86(-0.58 %),6400,560060000,865800,74574790000,886686132,0.0
16/04/2021,-32900,-2828110000,86(0.00 %),1600,137820000,34500,2965930000,886719032,2.7
19/04/2021,-61900,-5338270000,87.2(1.40 %),1700,146930000,63600,5485200000,886780932,2.69
20/04/2021,-93000,-8162180000,88(0.92 %),23400,2055370000,116400,10217550000,886873932,2.69
22/04/2021,-355900,-30898950000,85.8(-2.50 %),11100,959810000,367000,31858760000,887229832,2.67
23/04/2021,101400,8632690000,86(0.23 %),107600,9160200000,6200,527510000,887128432,2.68
26/04/2021,-21000,-1767220000,81.5(-5.23 %),10900,912490000,31900,2679710000,887149432,2.67
27/04/2021,-31300,-2564030000,81.5(0.00 %),126600,10296820000,157900,12860850000,887180732,2.67
28/04/2021,-66700,-5460570000,81.9(0.49 %),18900,1549140000,85600,7009710000,887247432,2.67
29/04/2021,3600,309730000,83.5(1.95 %),53900,4491330000,50300,4181600000,887243832,2.67
04/05/2021,-44600,-3683540000,83.3(-0.24 %),208700,17319150000,253300,21002690000,888950402,2.58
05/05/2021,-274600,-23289540000,85.5(2.64 %),3400,287310000,278000,23576850000,889225002,2.57
06/05/2021,-288100,-24443890000,84.9(-0.70 %),1200,102400000,289300,24546290000,889513102,2.55
07/05/2021,200000,16718590000,84(-1.06 %),412900,34400950000,212900,17682360000,889313102,2.56
10/05/2021,158800,13453790000,86(2.38 %),181900,15396840000,23100,1943050000,889154302,2.57
11/05/2021,-85700,-7323010000,85.3(-0.81 %),4500,385870000,90200,7708880000,889240002,2.56
12/05/2021,4100,350240000,86.4(1.29 %),8000,684370000,3900,334130000,889235902,2.56
13/05/2021,91300,7857200000,85.6(-0.93 %),106900,9199110000,15600,1341910000,889144602,2.57
14/05/2021,-459200,-38704810000,84.1(-1.75 %),6600,559140000,465800,39263950000,889603802,2.55
17/05/2021,-636900,-52748650000,82.5(-1.90 %),6100,506040000,643000,53254690000,890240702,2.51
18/05/2021,-665700,-54460050000,82(-0.61 %),5900,481370000,671600,54941420000,890906402,2.48
19/05/2021,-42500,-3485340000,81.6(-0.49 %),2900,237960000,45400,3723300000,890948902,2.47
20/05/2021,-22400,-1806970000,80.8(-0.98 %),11500,930270000,33900,2737240000,890971302,2.47
21/05/2021,-34900,-2825840000,81(0.25 %),9000,726410000,43900,3552250000,891006202,2.47
24/05/2021,-100900,-8226700000,82(1.23 %),9900,808980000,110800,9035680000,891107102,2.47
25/05/2021,-13700,-1131100000,82.9(1.10 %),11600,959800000,25300,2090900000,891120802,2.47
26/05/2021,-47900,-3938030000,81.9(-1.21 %),4000,328800000,51900,4266830000,891168702,2.46
27/05/2021,-98100,-7946850000,80.1(-2.20 %),33200,2682620000,131300,10629470000,891266802,2.46
28/05/2021,62200,5076750000,82(2.37 %),64300,5247790000,2100,171040000,891204602,2.46
31/05/2021,-19800,-1621550000,82.6(0.73 %),11200,919880000,31000,2541430000,891224402,2.46
01/06/2021,-93700,-7872150000,83.7(1.33 %),8100,681510000,101800,8553660000,891358912,2.45
02/06/2021,179300,15792940000,87.4(4.42 %),292600,25479200000,113300,9686260000,891179612,2.46
03/06/2021,134300,11883150000,88.3(1.03 %),221900,19644780000,87600,7761630000,891045312,2.47
04/06/2021,6500,458660000,91.4(3.51 %),63700,5600430000,57200,5141770000,891038812,2.47
07/06/2021,142700,12713440000,90.7(-0.77 %),226700,20430100000,84000,7716660000,890896112,2.48
08/06/2021,307500,27064490000,88.1(-2.87 %),310000,27285020000,2500,220530000,890588612,2.49
09/06/2021,-1140,-1003640000,87.4(-0.79 %),41520,36383350000,42660,37386990000,890619612,2.47
10/06/2021,225900,19537300000,86.1(-1.49 %),337500,29176620000,111600,9639320000,890374112,2.5
11/06/2021,26400,2296520000,87(1.05 %),26700,2322590000,300,26070000,890347712,2.51
14/06/2021,264100,23589020000,89.5(2.87 %),302200,26987370000,38100,3398350000,890083612,2.52
15/06/2021,49100,4375280000,88.7(-0.89 %),58300,5197320000,9200,822040000,890034512,2.52
16/06/2021,440500,40184100000,91.9(3.61 %),488400,44546670000,47900,4362570000,889594012,2.55
17/06/2021,340000,31681040000,93.9(2.18 %),357900,33349460000,17900,1668420000,889254012,2.56
18/06/2021,-10300,-956290000,92.7(-1.28 %),14300,1330280000,24600,2286570000,889264312,2.56
21/06/2021,-46200,-4323670000,93(0.32 %),24700,2312580000,70900,6636250000,889310512,2.56
22/06/2021,417500,39632630000,94.9(2.04 %),456000,43250270000,38500,3617640000,888893012,2.58
23/06/2021,259800,24544580000,93.9(-1.05 %),363700,34296210000,103900,9751630000,888633212,2.6
24/06/2021,598600,57160560000,95.8(2.02 %),627100,59891760000,28500,2731200000,888034612,2.63
25/06/2021,630500,61335720000,98(2.30 %),649100,63134560000,18600,1798840000,887404112,2.66
28/06/2021,68300,6527430000,95(-3.06 %),98900,9431620000,30600,2904190000,887335812,2.66
29/06/2021,183400,17118860000,93(-2.11 %),216800,20233610000,33400,3114750000,887152412,2.67
30/06/2021,263000,24469940000,93(0.00 %),317800,29587510000,54800,5117570000,886889412,2.69
01/07/2021,394500,36940770000,94.2(1.29 %),401500,37595050000,7000,654280000,886952812,2.69
02/07/2021,611300,59051440000,96.6(2.55 %),745300,72023680000,134000,12972240000,886341512,2.72
05/07/2021,466800,36444222000,92(-4.76 %),549700,44223588000,82900,7779366000,885874712,2.74
06/07/2021,216900,20230320000,85.8(-6.74 %),392500,36766640000,175600,16536320000,885657812,2.75
07/07/2021,499800,44553260000,91.5(6.64 %),611500,54651730000,111700,10098470000,885158012,2.78
08/07/2021,482700,42212853000,93(1.64 %),538200,47197464400,55500,4984611400,884675312,2.81
09/07/2021,253300,23697160000,91.7(-1.40 %),389800,36430360000,136500,12733200000,884422012,2.82
12/07/2021,-61500,-5488260000,88(-4.03 %),131800,11855080000,193300,17343340000,884483512,2.82
13/07/2021,42700,3882110000,91.5(3.98 %),68200,6208840000,25500,2326730000,884440812,2.82
14/07/2021,-127400,-11657780000,91.3(-0.22 %),29700,2724870000,157100,14382650000,884568212,2.81
15/07/2021,-84500,-7648760000,90.5(-0.88 %),44900,4073740000,129400,11722500000,884652712,2.81
16/07/2021,-70800,-6393150000,90(-0.55 %),2600,234410000,73400,6627560000,884723512,2.8
19/07/2021,-27500,-2402160000,86.7(-3.67 %),11500,1004110000,39000,3406270000,884751012,2.8
20/07/2021,118800,10323440000,89(2.65 %),230300,20002740000,111500,9679300000,884632212,2.81
21/07/2021,-120200,-10570270000,87.4(-1.80 %),15400,1343010000,135600,11913280000,884752412,2.8
22/07/2021,184000,16355530000,89.4(2.29 %),185400,16480640000,1400,125110000,884568412,2.81
23/07/2021,-8500,-748920000,88(-1.57 %),6800,603690000,15300,1352610000,884576912,2.81
26/07/2021,-278800,-24340310000,88.3(0.34 %),24900,2169610000,303700,26509920000,884855712,2.8
27/07/2021,-213300,-19149930000,89(0.79 %),1400,125440000,214700,19275370000,885069012,2.78
28/07/2021,-61500,-5509310000,89.1(0.11 %),400,36020000,61900,5545330000,885130512,2.78
29/07/2021,-155900,-13890410000,89.5(0.45 %),100400,8948400000,256300,22838810000,885286412,2.77
30/07/2021,400,35260000,89.6(0.11 %),5600,503060000,5200,467800000,885286012,2.77
02/08/2021,-229200,-21485590000,93.5(4.35 %),18000,1666130000,247200,23151720000,884734902,2.8
03/08/2021,-180800,-16794590000,93(-0.53 %),100900,9425140000,281700,26219730000,884915702,2.79
04/08/2021,-34100,-3192700000,94.1(1.18 %),23600,2219230000,57700,5411930000,884949802,2.79
05/08/2021,-4200,-361940000,93.8(-0.21 %),110300,10314120000,114500,10676060000,884954002,2.79
06/08/2021,-661600,-61735360000,92.4(-1.49 %),85300,7958440000,746900,69693800000,885615602,2.76
09/08/2021,-50800,-4755650000,93(0.65 %),216500,19876040000,267300,24631690000,885666402,2.75
10/08/2021,-607300,-57874710000,96(3.23 %),4300,407490000,611600,58282200000,886273702,2.72
11/08/2021,-453900,-43788350000,95.5(-0.52 %),7400,725030000,461300,44513380000,886727602,2.7
12/08/2021,-132600,-12597960000,94.5(-1.05 %),15000,1425510000,147600,14023470000,886860202,2.69
13/08/2021,-87800,-8022672000,93(-1.59 %),215400,1253542500,303200,9276214500,886948002,2.69
16/08/2021,-67000,-6258990000,94.2(1.29 %),142500,13248400000,209500,19507390000,887015002,2.68
17/08/2021,-622900,-57853950000,92.4(-1.91 %),5400,503520000,628300,58357470000,888193802,2.62
18/08/2021,-97200,-9003000000,92.6(0.22 %),10600,981860000,107800,9984860000,887112202,2.68
19/08/2021,-603800,-54822990000,90.9(-1.84 %),205100,18618920000,808900,73441910000,887716002,2.64
20/08/2021,-164300,-14735420000,87.5(-3.74 %),262300,23019880000,426600,37755300000,887880302,2.64
23/08/2021,-327000,-28344870000,85.8(-1.94 %),25800,2230540000,352800,30575410000,888207302,2.62
24/08/2021,-145500,-12463440000,86(0.23 %),182800,15653450000,328300,28116890000,888352802,2.61
25/08/2021,-20600,-1778760000,87.3(1.51 %),17500,1519380000,38100,3298140000,888373402,2.61
26/08/2021,-267400,-23315540000,86.3(-1.15 %),9700,847040000,277100,24162580000,888640802,2.6
27/08/2021,-159000,-13761800000,87(0.81 %),266300,23034220000,425300,36796020000,888799802,2.59
30/08/2021,-370700,-32478130000,87.5(0.57 %),193330,16835970000,564030,49314100000,889170502,2.57
31/08/2021,63600,5673110000,89.4(2.17 %),80400,7165910000,16800,1492800000,889106902,2.57
01/09/2021,3800,342050000,88.6(-0.89 %),15300,1362330000,11500,1020280000,889806032,2.53
06/09/2021,29900,2697140000,90.4(2.03 %),61600,5550600000,31700,2853460000,889776132,2.54
07/09/2021,-5100,-443190000,88.7(-1.88 %),89100,8008710000,94200,8451900000,889781232,2.54
08/09/2021,-107800,-9510970000,87.8(-1.01 %),5600,494270000,113400,10005240000,889889032,2.53
09/09/2021,72900,6466700000,88.6(0.91 %),112600,9986400000,39700,3519700000,889816132,2.53
10/09/2021,18500,1639560000,88.6(0.00 %),43700,3876990000,25200,2237430000,889797632,2.53
13/09/2021,-31000,-2762950000,88.6(0.00 %),2600,231830000,33600,2994780000,889828632,2.53
14/09/2021,2000,180390000,89(0.45 %),35100,3138420000,33100,2958030000,889826632,2.53
15/09/2021,-53600,-4816610000,91.5(2.81 %),14700,1320390000,68300,6137000000,889880232,2.53
16/09/2021,168000,15537080000,92.6(1.20 %),192800,17827020000,24800,2289940000,889712232,2.54
17/09/2021,11600,1069480000,91.9(-0.76 %),16900,1559300000,5300,489820000,889700632,2.54
20/09/2021,6600,595420000,88.8(-3.37 %),9500,856780000,2900,261360000,889694032,2.54
21/09/2021,-4800,-416270000,88.2(-0.68 %),2500,219000000,7300,635270000,889698832,2.54
22/09/2021,-26700,-2347260000,88.4(0.23 %),28100,2497600000,54800,4844860000,889725532,2.54
23/09/2021,20300,1837710000,90.6(2.49 %),32000,2899410000,11700,1061700000,889705232,2.54
24/09/2021,109900,10050950000,91(0.44 %),122700,11224910000,12800,1173960000,889595332,2.55
27/09/2021,-5400,-494960000,90(-1.10 %),11200,1022200000,16600,1517160000,889600732,2.55
28/09/2021,-918800,-85217020000,95.1(5.67 %),422700,39680634000,1341500,124897654000,890519532,2.5
29/09/2021,-366500,-35542300000,96.8(1.79 %),323200,31259830000,689700,66802130000,890886032,2.48
30/09/2021,205000,19784720000,97(0.21 %),218500,21085320000,13500,1300600000,890681032,2.49
01/10/2021,270400,26232620000,103.5(6.70 %),1654570,156232321000,1384170,129999701000,889752032,2.54
04/10/2021,739700,80336320000,104(0.48 %),1078400,117303320000,338700,36967000000,889012332,2.58
05/10/2021,251600,26857190000,109(4.81 %),288700,30815840000,37100,3958650000,888760732,2.59
06/10/2021,71000,8035370000,113.5(4.13 %),247100,27551450000,176100,19516080000,888689732,0.0
07/10/2021,90200,10154800000,111(-2.20 %),213400,23836880000,123200,13682080000,888599532,0.0
08/10/2021,267500,30017750000,112.4(1.26 %),409700,45829860000,142200,15812110000,888332032,0.0
11/10/2021,262200,29220339200,112.5(0.09 %),460100,47895075800,197900,18674736600,888069832,0.0
12/10/2021,271800,30569010000,112(-0.44 %),415300,46709150000,143500,16140140000,887798032,0.0
13/10/2021,-387000,-42986820000,111(-0.89 %),29700,3298710000,416700,46285530000,888185032,0.0
14/10/2021,-362200,-40607880000,111.3(0.27 %),30900,3453590000,393100,44061470000,888547232,0.0
15/10/2021,-36300,-4067160000,112(0.63 %),3200,358780000,39500,4425940000,888583532,0.0
18/10/2021,-114600,-13233130000,116.5(4.02 %),245600,28884640000,360200,42117770000,888698132,0.0
19/10/2021,-41700,-4613020000,114.5(-1.72 %),190800,22230510000,232500,26843530000,888739832,0.0
20/10/2021,-240000,-27160850000,114.5(0.00 %),26400,3006370000,266400,30167220000,888979832,0.0
21/10/2021,-252900,-28583540000,112.2(-2.01 %),5800,654990000,258700,29238530000,888992732,0.0
22/10/2021,103300,11576910000,112.1(-0.09 %),118200,13248870000,14900,1671960000,888889432,0.0
25/10/2021,225400,25448710000,112(-0.09 %),342600,38696370000,117200,13247660000,888664032,0.0
26/10/2021,-38400,-4475430000,113.8(1.61 %),140100,15894670000,178500,20370100000,888702432,0.0
27/10/2021,880100,104684510000,121.7(6.94 %),1288500,154181160000,408400,49496650000,887822332,0.0
28/10/2021,862600,108234260000,125(2.71 %),993700,124272380000,131100,16038120000,886959732,2.68
29/10/2021,250200,31518900000,124.5(-0.40 %),269200,33878030000,19000,2359130000,886709532,2.7
01/11/2021,64400,8711770000,121.3(-2.57 %),354800,44229220000,290400,35517450000,887942222,2.63
02/11/2021,-138800,-16829160000,121.6(0.25 %),20800,2524460000,159600,19353620000,888081022,2.63
03/11/2021,200100,24396880000,120(-1.32 %),245000,29791110000,44900,5394230000,887880922,0.0
04/11/2021,37300,7100771600,117.1(-2.42 %),258300,30647310200,221000,23546538600,888043722,0.0
05/11/2021,334400,40429010000,122.4(4.53 %),341900,41330310000,7500,901300000,887746622,0.0
08/11/2021,338500,41251170000,123(0.49 %),615600,74786210000,277100,33535040000,887742522,2.64
09/11/2021,-90400,-9787320000,119.2(-3.09 %),440400,54053040000,530800,63840360000,887832922,2.64
10/11/2021,101800,12284918600,120.4(1.01 %),174400,21046068800,72600,8761150200,887731122,0.0
11/11/2021,-35200,-4216090000,119(-1.16 %),24000,2856730000,59200,7072820000,887868122,2.64
12/11/2021,304800,36612680000,118.1(-0.76 %),403800,48223100000,99000,11610420000,887563322,2.65
15/11/2021,374000,44439120000,118.9(0.68 %),696900,81842180000,322900,37403060000,887189322,2.67
16/11/2021,294200,35209430000,116.7(-1.85 %),606000,72197830000,311800,36988400000,886895122,0.0
17/11/2021,140600,16579030000,117.4(0.60 %),150700,17769040000,10100,1190010000,886754522,2.7
18/11/2021,13600,1618590000,113.8(-3.07 %),189700,21937090000,176100,20318500000,886740922,2.7
19/11/2021,545800,59200620000,106(-6.85 %),1005800,109628850000,460000,50428230000,886195122,0.0
22/11/2021,491400,51072960000,102.1(-3.68 %),511800,53206320000,20400,2133360000,885703722,2.75
23/11/2021,69300,7208340000,104.6(2.45 %),109200,11355770000,39900,4147430000,885634422,2.75
24/11/2021,-272500,-28500220000,103(-1.53 %),60500,6343980000,333000,34844200000,885906922,2.74
25/11/2021,44300,4608360000,103.9(0.87 %),78400,8162630000,34100,3554270000,885862622,2.74
26/11/2021,26000,2668800000,102(-1.83 %),34800,3576330000,8800,907530000,885836622,0.0
29/11/2021,51200,5644802000,99.4(-2.55 %),364000,36366512000,312800,30721710000,885785422,0.0
30/11/2021,-439700,-43759480000,98.3(-1.11 %),48700,4848190000,488400,48607670000,886276322,2.72
01/12/2021,-763300,-75013650000,98.5(0.20 %),54800,5395320000,818100,80408970000,884786542,2.8
02/12/2021,-246900,-24298000000,98.4(-0.10 %),35900,3540550000,282800,27838550000,885033442,2.79
03/12/2021,-97400,-9502520000,96.6(-1.83 %),116800,11436700000,214200,20939220000,885130842,2.78
06/12/2021,-36900,-3262880000,92(-4.76 %),183200,17418630000,220100,20681510000,885167742,2.78
07/12/2021,102000,9788580000,96.5(4.89 %),225600,21491080000,123600,11702500000,885065742,2.78
08/12/2021,160300,15801150000,98.2(1.76 %),174200,17171450000,13900,1370300000,884905442,2.79
09/12/2021,-21900,-2169130000,98.7(0.51 %),10900,1076160000,32800,3245290000,884927342,0.0
10/12/2021,11000,1064400000,96.6(-2.13 %),50300,4897210000,39300,3832810000,884916342,2.79
13/12/2021,273900,26979430000,98(1.45 %),290800,28634750000,16900,1655320000,884642442,2.81
14/12/2021,199900,19443160000,98.2(0.20 %),209600,20386780000,9700,943620000,884442542,0.0
15/12/2021,18800,1827760000,97.7(-0.51 %),52100,5051820000,33300,3224060000,884423742,0.0
16/12/2021,-160600,-17436090000,98.6(0.92 %),155900,15388670000,316500,32824760000,884584342,0.0
17/12/2021,95600,9457330000,99(0.41 %),130800,12933540000,35200,3476210000,884188742,0.0
20/12/2021,-47700,-4586480000,96.7(-2.32 %),113100,10996680000,160800,15583160000,884236442,0.0
21/12/2021,174800,15052540000,94(-2.79 %),325200,29413060000,150400,14360520000,884061642,0.0
22/12/2021,-17100,-1626790000,95.2(1.28 %),37000,3544980000,54100,5171770000,884078742,0.0
23/12/2021,-622300,-59453330000,95.2(0.00 %),108600,10421860000,730900,69875190000,884701042,0.0
24/12/2021,-305800,-29363833400,95.7(0.53 %),45100,4330637300,350900,33694470700,884384542,0.0
27/12/2021,18600,1791130000,95.9(0.21 %),22400,2155170000,3800,364040000,886497492,2.68
28/12/2021,-62900,-6133140000,98.1(2.29 %),21000,2056700000,83900,8189840000,886560392,0.0
29/12/2021,-10800,-1053050000,97(-1.12 %),17000,1654330000,27800,2707380000,886820992,2.67
30/12/2021,41400,4038430000,97(0.00 %),42000,4097050000,600,58620000,886862892,2.66
31/12/2021,50500,4910350000,96.2(-0.82 %),100800,9749310000,50300,4838960000,886789892,2.67
04/01/2022,269600,27036470000,101.9(5.93 %),310900,31134750000,41300,4098280000,886479592,2.68
05/01/2022,592500,62030140000,105(3.04 %),925600,96908020000,333100,34877880000,885704362,2.72
06/01/2022,-34500,-3581270000,103.7(-1.24 %),22700,2356010000,57200,5937280000,885722962,2.72
07/01/2022,416900,44396620000,107.5(3.66 %),558100,59524700000,141200,15128080000,885395962,2.74
10/01/2022,184700,19271527200,102(-5.12 %),262300,27359632400,77600,8088105200,885191062,2.75
11/01/2022,125300,12966250000,103.3(1.27 %),166400,17220430000,41100,4254180000,885165862,2.75
12/01/2022,152000,16407420000,108(4.55 %),589100,63195390000,437100,46787970000,884804362,2.77
13/01/2022,-77900,-8473680000,105(-2.78 %),21800,2331480000,99700,10805160000,884822662,2.77
14/01/2022,2900,302100000,105.5(0.48 %),12800,1342380000,9900,1040280000,885094962,2.76
17/01/2022,60800,6466830000,104.6(-0.85 %),336900,35799434000,276100,29332604000,885049842,2.76
18/01/2022,-28600,-3091860000,107(2.29 %),121300,12838020000,149900,15929880000,884938442,2.76
19/01/2022,-500,-10100000,107(0.00 %),175000,18809270000,175500,18819370000,884848542,2.77
20/01/2022,267300,28870520000,107.2(0.19 %),311600,33585650000,44300,4715130000,884686782,2.78
21/01/2022,-57300,-6117940000,107.4(-1.10 %),19400,2053270000,76700,8171210000,884837882,2.77
24/01/2022,95600,10166350000,107.1(-0.28 %),334800,36031480000,239200,25865130000,884547382,2.78
25/01/2022,565500,61524810000,109.5(2.24 %),807800,87114420000,242300,25589610000,883816322,2.82
26/01/2022,221900,21166174400,112.2(2.47 %),505900,52366025600,284000,31199851200,883550222,2.84
27/01/2022,167600,19061120000,111.8(-0.36 %),280200,31745960000,112600,12684840000,883511322,2.84
28/01/2022,34900,3927120000,109(-2.50 %),373000,41043010000,338100,37115890000,883420722,2.84
07/02/2022,429300,49358710000,114.7(5.23 %),480500,55237770000,51200,5879060000,883050822,2.86
08/02/2022,175400,20005710000,114(-0.61 %),216700,24724530000,41300,4718820000,883172222,2.86
09/02/2022,-235200,-25996510000,110(-3.51 %),536400,60179750000,771600,86176260000,882686022,2.88
10/02/2022,-179200,-19813690000,112(1.82 %),132000,14731240000,311200,34544930000,882585322,2.89
11/02/2022,-38800,-4343200000,111(-0.89 %),104400,11658960000,143200,16002160000,883244522,2.85
14/02/2022,638000,73660390000,116(4.50 %),680100,78505550000,42100,4845160000,882875622,2.87
15/02/2022,854800,101395680000,117.4(1.21 %),948500,112294220000,93700,10898540000,882070392,2.91
16/02/2022,-113600,-12997050000,114.5(-2.47 %),247500,28263532500,361100,41260582500,881987492,2.92
17/02/2022,441400,51980640000,118.7(3.67 %),665300,77979990000,223900,25999350000,881416892,2.95
18/02/2022,191400,22861510000,117(-1.43 %),309300,36545500000,117900,13683990000,881346192,2.95
21/02/2022,-1900,-221350000,115.8(-1.03 %),9700,1127540000,11600,1348890000,881559192,2.94
22/02/2022,-10400,-1219590000,116.5(0.60 %),8300,976150000,18700,2195740000,881668792,2.93
23/02/2022,-136000,-16059380000,117(0.43 %),152800,18229560000,288800,34288940000,881527592,2.94
24/02/2022,-451900,-54305490000,119(1.71 %),121400,14594320000,573300,68899810000,881420892,2.95
25/02/2022,84100,10562300000,117.2(-1.51 %),367900,44442110000,283800,33879810000,881335792,2.95
28/02/2022,-411400,-48413020000,118(0.68 %),6700,790720000,418100,49203740000,881892892,2.92
01/03/2022,-106700,-12411100000,117.7(-0.25 %),90200,10593330000,196900,23004430000,882086492,2.91
02/03/2022,-429500,-51288700000,119.2(1.27 %),94600,11279610000,524100,62568310000,882409992,2.9
03/03/2022,-72200,-8644470000,120.7(1.26 %),336200,40591870000,408400,49236340000,882270692,2.9
04/03/2022,-180460,-21506076000,118(-2.24 %),728400,86754320000,908860,108260396000,882066392,2.91
07/03/2022,-380400,-47211640000,124.6(5.59 %),338800,42310480000,719200,89522120000,882134092,2.91
08/03/2022,-516800,-63254500000,120.7(-3.13 %),22600,2770000000,539400,66024500000,883017952,2.86
09/03/2022,-542700,-66450960000,122.2(1.24 %),19900,2413280000,562600,68864240000,883714852,2.83
10/03/2022,-48000,-5603010000,118.5(-3.03 %),121200,14420970000,169200,20023980000,884129552,2.81
11/03/2022,-365700,-42080230000,112.9(-4.73 %),35100,4049510000,400800,46129740000,884655052,2.78
14/03/2022,-52100,-5703840000,106(-6.11 %),55100,5940480000,107200,11644320000,884769152,2.77
15/03/2022,-108100,-11191300000,108(1.89 %),78600,8187590000,186700,19378890000,885091352,2.76
16/03/2022,-4500,-485420000,109.2(1.11 %),19100,2061870000,23600,2547290000,885179452,2.75
17/03/2022,-243200,-25878320000,106(-2.93 %),117500,12730930000,360700,38609250000,885248652,2.75
18/03/2022,-38500,-4191510000,108.9(2.74 %),1300,141100000,39800,4332610000,885270952,2.75
21/03/2022,541200,61638850000,114(4.68 %),549200,62537160000,8000,898310000,885082452,2.76
22/03/2022,469200,54112180000,115(0.88 %),517200,59603180000,48000,5491000000,884605052,2.78
23/03/2022,535200,60939680000,112.3(-2.35 %),656200,74785450000,121000,13845770000,883954852,2.82
24/03/2022,93900,10615910000,112.3(0.00 %),99800,11286830000,5900,670920000,883900052,2.82
25/03/2022,-98000,-10834930000,110.7(-1.42 %),6100,677240000,104100,11512170000,884011952,2.81
28/03/2022,7000,774650000,110.5(-0.18 %),16100,1786290000,9100,1011640000,884001752,2.81
29/03/2022,-36300,-3973670000,111.9(1.27 %),90000,9995730000,126300,13969400000,884015852,2.81
30/03/2022,228900,25225160000,110.1(-1.61 %),256300,28232910000,27400,3007750000,883768652,2.82
31/03/2022,-3900,-426430000,108.3(-1.63 %),4800,524880000,8700,951310000,883890152,2.82
01/04/2022,53400,5967780000,109.7(1.29 %),116600,12807650000,63200,6839870000,883800952,2.82
04/04/2022,198300,22135870000,112.4(2.46 %),260700,29035690000,62400,6899820000,883546952,2.84
05/04/2022,-2800,-326560000,114.3(1.69 %),6800,758310000,9600,1084870000,883603492,2.83
06/04/2022,-356000,-40682970000,113.7(-0.52 %),7900,902980000,363900,41585950000,883631992,2.83
07/04/2022,-58400,-6504450000,112.8(-0.79 %),111400,12660630000,169800,19165080000,883690392,0.0
08/04/2022,-140700,-15713400000,110.2(-2.30 %),212300,24095340000,353000,39808740000,883676792,2.83
12/04/2022,132200,14395580000,108.9(-1.18 %),276800,30198640000,144600,15803060000,883544592,0.0
13/04/2022,85900,9381400000,110.1(1.10 %),197300,21474710000,111400,12093310000,883567792,2.84
14/04/2022,89400,10006140000,111.6(1.36 %),124300,13906510000,34900,3900370000,883740792,2.83
15/04/2022,-53100,-6155100000,115.1(3.14 %),48800,5636670000,101900,11791770000,883803052,2.82
18/04/2022,-142700,-16465980000,115.3(0.17 %),8800,1017120000,151500,17483100000,883828152,2.82
19/04/2022,-83000,-9608980000,113.9(-1.21 %),31000,3571380000,114000,13180360000,883902652,2.82
20/04/2022,-194200,-21467390000,106.6(-6.41 %),42700,4763830000,236900,26231220000,883988092,0.0
21/04/2022,289000,30800420000,105(-1.50 %),323100,34433750000,34100,3633330000,883829852,2.82
22/04/2022,781000,83643260000,112.3(6.95 %),840800,89895190000,59800,6251930000,883237252,2.85
25/04/2022,220800,23982790000,104.5(-6.95 %),292100,31540670000,71300,7557880000,882993252,2.87
26/04/2022,150900,16097440000,109(4.31 %),174300,18505240000,23400,2407800000,882878752,2.87
27/04/2022,260700,29001030000,111(1.83 %),561000,60644040000,300300,31643010000,882395052,2.9
28/04/2022,-27200,-2949780000,107.7(-2.97 %),1000,108740000,28200,3058520000,882418252,2.9
29/04/2022,-265100,-28187830000,106(-1.58 %),900,95700000,266000,28283530000,882718652,2.88
04/05/2022,-138300,-15111870000,108(1.89 %),18400,2004750000,156700,17116620000,882728452,2.88
05/05/2022,-107700,-11789480000,109.4(1.30 %),1500,164360000,109200,11953840000,882836152,0.0
06/05/2022,8300,911340000,109.8(0.37 %),115200,12648960000,106900,11737620000,883034452,2.86
09/05/2022,100000,10490000000,104.9(-4.46 %),109800,11518020000,9800,1028020000,883033852,2.86
10/05/2022,138900,15001200000,108(2.96 %),165400,17863200000,26500,2862000000,882975352,2.87
11/05/2022,79500,8683130000,108.9(0.83 %),105300,11438050000,25800,2754920000,882895852,0.0
12/05/2022,80900,8428250000,105.6(-3.03 %),225300,23807350000,144400,15379100000,882814952,0.0
13/05/2022,-216400,-22534440000,100(-5.30 %),100800,10250980000,317200,32785420000,882604572,2.89
16/05/2022,-208000,-19760000000,95(-5.00 %),92800,8816000000,300800,28576000000,882656172,2.88
17/05/2022,-19400,-1957460000,100.9(6.21 %),128400,12955560000,147800,14913020000,882845472,2.87
18/05/2022,544900,57214500000,105(4.06 %),635000,66675000000,90100,9460500000,882513272,2.89
19/05/2022,107000,11320600000,105.8(0.76 %),422100,44658180000,315100,33337580000,882240972,2.9
20/05/2022,-72400,-7565800000,104.5(-1.23 %),11900,1243550000,84300,8809350000,882319172,2.9
23/05/2022,-128500,-13299750000,103.5(-0.96 %),114300,11830050000,242800,25129800000,882520472,2.89
24/05/2022,-187000,-19784600000,105.8(2.22 %),153600,16250880000,340600,36035480000,882453172,2.89
25/05/2022,-224300,-24314120000,108.4(2.46 %),74900,8119160000,299200,32433280000,882625072,2.88
26/05/2022,-139300,-14988680000,107.6(-0.74 %),6400,688640000,145700,15677320000,882959272,2.87
27/05/2022,17800,1958000000,110(2.23 %),23500,2585000000,5700,627000000,883234972,2.85
30/05/2022,-237300,-26103000000,110(0.00 %),3200,352000000,240500,26455000000,883379472,2.85
31/05/2022,-161100,-18961470000,117.7(7.00 %),310600,36557620000,471700,55519090000,883078972,2.86
01/06/2022,180600,21852600000,121(2.80 %),758100,91730100000,577500,69877500000,882561372,2.89
02/06/2022,-761300,-90518570000,118.9(-1.74 %),108000,12841200000,869300,103359770000,883025072,2.86
03/06/2022,-308200,-38278440000,124.2(4.46 %),162200,20145240000,470400,58423680000,883440372,2.84
06/06/2022,-7300,-86540000,129.9(4.59 %),1562700,202405290000,1570000,202491830000,883146972,2.86
07/06/2022,-420800,-54704000000,130(0.08 %),437300,56849000000,858100,111553000000,883180072,2.86
08/06/2022,502300,64746470000,128.9(-0.85 %),762600,98299140000,260300,33552670000,883487562,2.84
09/06/2022,13000,1658800000,127.6(-1.01 %),478500,61056600000,465500,59397800000,883867162,2.82
10/06/2022,-186700,-22161290000,118.7(-6.97 %),26300,3121810000,213000,25283100000,884101162,2.81
13/06/2022,597300,70481400000,118(-0.59 %),620400,73207200000,23100,2725800000,883941262,2.82
14/06/2022,445700,56158200000,126(6.78 %),475100,59862600000,29400,3704400000,883679162,2.83
15/06/2022,-147500,-18290000000,124(-1.59 %),193900,24043600000,341400,42333600000,883508362,2.84
16/06/2022,391700,50137600000,128(3.23 %),534600,68428800000,142900,18291200000,883006162,2.86
17/06/2022,298700,40025800000,134(4.69 %),525600,70430400000,226900,30404600000,882925962,2.87
20/06/2022,190300,24421130000,124.7(-6.94 %),869900,111250550000,679600,86829420000,882598962,2.89
21/06/2022,569800,68091100000,119.5(-4.17 %),696700,83255650000,126900,15164550000,882029162,2.92
22/06/2022,118300,13154960000,111.2(-6.95 %),508000,56489600000,389700,43334640000,881801202,2.93
23/06/2022,487600,56951680000,116.8(5.04 %),1034100,120782880000,546500,63831200000,881369002,2.95
24/06/2022,-70900,-8082600000,114(-2.40 %),358700,40891800000,429600,48974400000,881654002,2.94
27/06/2022,-108900,-12151480000,114.4(0.35 %),162500,18930000000,271400,31081480000,881563002,2.94
28/06/2022,164900,19128400000,116(1.40 %),303500,35206000000,138600,16077600000,881439102,2.95
29/06/2022,-39800,-4276250000,117(0.86 %),321400,37514990000,361200,41791240000,881389102,2.95
30/06/2022,238600,27558300000,115.5(-1.28 %),395600,45691800000,157000,18133500000,881132102,2.96
01/07/2022,-363600,-41086800000,113(-2.16 %),72700,8215100000,436300,49301900000,881420602,2.95
04/07/2022,-45600,-5040780000,108.6(-1.27 %),7400,815320000,53000,5856100000,881488702,2.94
05/07/2022,-196200,-20208600000,103(-5.16 %),514000,52942000000,710200,73150600000,881797002,2.93
06/07/2022,-829600,-79475680000,95.8(-6.99 %),46500,4454700000,876100,83930380000,881803502,2.93
07/07/2022,-36500,-3434650000,94.1(-1.77 %),54400,5119040000,90900,8553690000,882159302,2.91
08/07/2022,79500,996450000,95.6(1.59 %),105300,1129310000,25800,132860000,882079802,0.0
11/07/2022,10500,996450000,94.9(-0.73 %),11900,1129310000,1400,132860000,883056602,2.86
12/07/2022,114000,11286000000,99(4.32 %),115800,11464200000,1800,178200000,883339902,2.85
13/07/2022,-202400,-19491120000,96.3(-2.73 %),53400,5142420000,255800,24633540000,883287902,2.85
14/07/2022,224300,22160840000,98.8(2.60 %),230600,22783280000,6300,622440000,883059102,2.86
15/07/2022,56700,5528250000,97.5(-1.32 %),166400,16224000000,109700,10695750000,883155502,2.86
18/07/2022,90400,8814000000,97.5(0.00 %),153200,14937000000,62800,6123000000,883008602,2.86
19/07/2022,185400,18892260000,101.9(4.51 %),187600,19116440000,2200,224180000,882930702,2.87
20/07/2022,435400,44846200000,103(1.08 %),441100,45433300000,5700,587100000,882552402,2.89
21/07/2022,397700,41400570000,104.1(1.07 %),435800,45366780000,38100,3966210000,882119302,2.91
22/07/2022,487600,73390240000,107.8(3.55 %),1034100,75190500000,546500,1800260000,881427502,2.95
25/07/2022,27200,2847840000,104.7(-2.88 %),113500,11883450000,86300,9035610000,881352602,2.95
26/07/2022,-107200,-11223840000,104.7(0.00 %),48000,5025600000,155200,16249440000,881323302,2.95
27/07/2022,-49900,-5224530000,104.7(0.00 %),4800,502560000,54700,5727090000,881404802,2.95
28/07/2022,91100,9683930000,106.3(1.53 %),100800,10715040000,9700,1031110000,881459202,2.95
29/07/2022,219300,23574750000,107.5(1.13 %),1252000,134590000000,1032700,111015250000,881261902,2.96
01/08/2022,127800,13789620000,107.9(0.37 %),155400,16767660000,27600,2978040000,881116202,2.96
02/08/2022,-8200,-887240000,108.2(0.28 %),27700,2997140000,35900,3884380000,881121202,2.96
03/08/2022,203600,22803200000,112(3.51 %),250600,28067200000,47000,5264000000,880898202,2.97
04/08/2022,-228500,-24906500000,109(-2.68 %),130400,14213600000,358900,39120100000,880803702,2.98
05/08/2022,-24040,-2632380000,109.5(0.46 %),267900,29335050000,291940,31967430000,880582802,2.99
08/08/2022,47300,5250300000,111(1.37 %),63000,6993000000,15700,1742700000,880873702,2.98
09/08/2022,117800,13193600000,112(0.90 %),140000,15680000000,22200,2486400000,881026642,2.97
10/08/2022,-51500,-5711350000,110.9(-0.98 %),142200,15769980000,193700,21481330000,880900542,2.97
11/08/2022,77500,8757500000,113(1.89 %),158400,17899200000,80900,9141700000,880764342,2.98
12/08/2022,-24300,-2779920000,114.4(1.24 %),43400,4964960000,67700,7744880000,880914642,2.97
15/08/2022,-54400,-6201600000,114(-0.35 %),76700,8743800000,131100,14945400000,880918842,2.97
16/08/2022,66800,7581800000,113.5(-0.44 %),118800,13483800000,52000,5902000000,880867742,2.98
17/08/2022,-185100,-20805240000,112.4(-0.97 %),38200,4293680000,223300,25098920000,880957642,2.97
18/08/2022,350500,39851850000,113.7(1.16 %),460400,52347480000,109900,12495630000,880554742,2.99
19/08/2022,115000,13294000000,115.6(1.67 %),152000,17571200000,37000,4277200000,880626042,2.99
22/08/2022,56500,6491850000,114.9(-0.61 %),65600,7537440000,9100,1045590000,880670422,2.99
23/08/2022,33300,3896100000,117(1.83 %),486600,56932200000,453300,53036100000,880662822,2.99
24/08/2022,68600,8046780000,117.3(0.26 %),514400,60339120000,445800,52292340000,880557522,2.99
25/08/2022,-17500,-2038750000,116.5(-0.68 %),61600,7176400000,79100,9215150000,880499222,3.0
26/08/2022,-92400,-10644480000,115.2(-1.12 %),4800,552960000,97200,11197440000,880542222,2.99
29/08/2022,28700,3372250000,117.5(2.00 %),45900,5393250000,17200,2021000000,880575422,2.99
30/08/2022,301900,35895910000,118.9(1.19 %),445700,52993730000,143800,17097820000,880226922,3.01
31/08/2022,-68900,-8068190000,117.1(-1.51 %),78900,9239190000,147800,17307380000,880165222,3.01
05/09/2022,-45200,-5261280000,116.4(-0.60 %),25500,2968200000,70700,8229480000,880283522,3.01
06/09/2022,-46300,-5393950000,116.5(0.09 %),26700,3110550000,73000,8504500000,880402622,3.0
07/09/2022,-68100,-7627200000,112(-3.86 %),52000,5824000000,120100,13451200000,880421322,3.0
08/09/2022,35900,4013620000,111.8(-0.18 %),50400,5634720000,14500,1621100000,880443922,3.0
09/09/2022,140300,15994200000,114(1.97 %),142500,16245000000,2200,250800000,880422022,3.0
12/09/2022,-52808,15994200000,113.7(-0.26 %),351100,16245000000,403908,250800000,880400422,3.0
13/09/2022,-75090,-2401250000,114.2(0.44 %),11550,864450000,86640,3265700000,880391072,3.0
14/09/2022,-64200,-2401250000,112.5(-1.49 %),33400,864450000,97600,3265700000,880448580,3.0
15/09/2022,-288600,-7222500000,111.8(-0.62 %),73200,3757500000,361800,10980000000,0,3.0
16/09/2022,-8629,-957819000,111(-0.72 %),207900,23076900000,216529,24034719000,880351720,3.0
19/09/2022,141150,15244200000,108(-2.70 %),155300,16772400000,14150,1528200000,880210570,3.01
20/09/2022,81681,8911397100,109.1(1.02 %),98600,10757260000,16919,1845862900,880678149,2.99
21/09/2022,-62821,-6847489000,109(-0.09 %),57600,6278400000,120421,13125889000,880634699,2.99
22/09/2022,35483,3938613000,111(1.83 %),54300,6027300000,18817,2088687000,880597318,2.99
23/09/2022,-27960,-3145500000,112.5(1.35 %),6300,708750000,34260,3854250000,880711439,2.98
26/09/2022,31600,3589760000,113.6(0.98 %),77800,8838080000,46200,5248320000,880652456,2.99
27/09/2022,-25350,-2826525000,111.5(-1.85 %),26900,2999350000,52250,5825875000,880660316,2.99
28/09/2022,-127300,-13239200000,104(-6.73 %),73100,7602400000,200400,20841600000,880634416,2.99
29/09/2022,19940,2093700000,105(0.96 %),43300,4546500000,23360,2452800000,880643366,2.99
30/09/2022,120200,13222000000,110(4.76 %),265900,29249000000,145700,16027000000,880585066,2.99
03/10/2022,-12680,-1356760000,107(-2.73 %),97033,10382531000,109713,11739291000,880531793,2.99
04/10/2022,-96300,-10207800000,106(-0.93 %),80300,8511800000,176600,18719600000,880600193,2.99
05/10/2022,-71900,-7693300000,107(0.94 %),161800,17312600000,233700,25005900000,880560106,2.99
06/10/2022,8200,876580000,106.9(-0.09 %),103200,11032080000,95000,10155500000,880687006,2.99
07/10/2022,-16500,-1683000000,102(-4.58 %),103300,10536600000,119800,12219600000,880821406,2.98
10/10/2022,83000,8798000000,106(3.92 %),108100,11458600000,25100,2660600000,880764306,2.98
11/10/2022,231700,24583370000,106.1(0.09 %),259700,27554170000,28000,2970800000,880624406,2.99
12/10/2022,73150,7827050000,107(0.85 %),106600,11406200000,33450,3579150000,880542906,2.99
13/10/2022,-38700,-4179600000,108(0.93 %),28900,3121200000,67600,7300800000,880544006,2.99
14/10/2022,-100000,-10980000000,109.8(1.67 %),113600,12473280000,213600,23453280000,880463856,3.0
17/10/2022,139580,15563170000,111.5(1.55 %),177800,19824700000,38220,4261530000,880355656,3.0
18/10/2022,-78500,-8713500000,111(-0.45 %),111000,12321000000,189500,21034500000,880458256,3.0
19/10/2022,-256800,-28132100000,109.1(-1.71 %),56700,6209230000,313500,34341330000,880715056,0.0
20/10/2022,16200,1783730000,110.9(1.65 %),30600,3370060000,14400,1586330000,880423576,0.0
21/10/2022,281500,30684480000,107.2(-3.34 %),301300,32858740000,19800,2174260000,880321176,0.0
24/10/2022,71900,7736570000,107.2(0.00 %),112500,12087440000,40600,4350870000,880544934,0.0
25/10/2022,-116200,-12386440000,107.2(0.00 %),24300,2615130000,140500,15001570000,880661134,0.0
26/10/2022,-9000,-963450000,108(0.75 %),7600,821680000,16600,1785130000,880647959,0.0
27/10/2022,-196900,-21757170000,110(1.85 %),68400,7500980000,265300,29258150000,880623327,2.99
28/10/2022,-3390,-369510000,109(-0.91 %),113500,12371500000,116890,12741010000,880528427,2.99
31/10/2022,51750,5749425000,111.1(1.93 %),71350,7926985000,19600,2177560000,880722407,2.98
01/11/2022,-148165,-16298150000,110(-0.99 %),65900,7249000000,214065,23547150000,880764897,2.98
02/11/2022,-387671,-42643810000,110(0.00 %),9829,1081190000,397500,43725000000,880774668,2.98
03/11/2022,120741,13450547400,111.4(1.27 %),136791,15238517400,16050,1787970000,880853942,2.98
04/11/2022,88900,9867900000,111(-0.36 %),124100,13775100000,35200,3907200000,881129342,2.96
07/11/2022,40070,4523903000,112.9(1.71 %),68300,7711070000,28230,3187167000,881083092,2.97
08/11/2022,-14330,-1639352000,114.4(1.33 %),67400,7710560000,81730,9349912000,881060892,2.97
09/11/2022,70250,8177100000,116.4(1.75 %),108100,12582840000,37850,4405740000,880985022,2.97
10/11/2022,35500,4025700000,113.4(-2.58 %),149600,16964640000,114100,12938940000,881022152,2.97
11/11/2022,5000,569500000,113.9(0.44 %),109400,12460660000,104400,11891160000,881055302,2.97
14/11/2022,194100,22088580000,113.8(-0.09 %),411700,46851460000,217600,24762880000,880858702,2.98
15/11/2022,159950,17834425000,111.5(-2.02 %),257350,28694525000,97400,10860100000,880609852,2.99
16/11/2022,23801,2784717000,117(4.93 %),186201,21785517000,162400,19000800000,880601251,2.99
17/11/2022,309400,37035180000,119.7(2.31 %),319500,38244150000,10100,1208970000,880389151,3.0
18/11/2022,-277800,-31752540000,114.3(-4.51 %),7300,834390000,285100,32586930000,880399251,3.0
21/11/2022,-11160,-1242108000,111.3(-2.62 %),10200,1135260000,21360,2377368000,880401351,3.0
22/11/2022,-89500,-9773400000,109.2(-1.89 %),76400,8342880000,165900,18116280000,880610051,2.99
23/11/2022,-111600,-12075120000,108.2(-0.92 %),57300,6199860000,168900,18274980000,880579111,2.99
24/11/2022,-186970,-19781426000,105.8(-2.22 %),118830,12572214000,305800,32353640000,880631181,2.99
25/11/2022,-169495,-17763076000,104.8(-0.95 %),32405,3396044000,201900,21159120000,880772676,2.98
28/11/2022,238820,26771722000,112.1(6.97 %),347900,38999590000,109080,12227868000,880533856,0.0
29/11/2022,59270,6638240000,112(-0.09 %),185200,20742400000,125930,14104160000,880474586,3.0
30/11/2022,-36450,-4016790000,110.2(-1.61 %),92700,10215540000,129150,14232330000,880511036,3.0
01/12/2022,-251500,-26784750000,106.5(-3.36 %),35200,3748800000,286700,30533550000,880725756,0.0
02/12/2022,84400,9385280000,111.2(4.41 %),248900,27677680000,164500,18292400000,880641356,2.99
05/12/2022,54230,6138836000,113.2(1.80 %),218330,24714956000,164100,18576120000,880587126,2.99
06/12/2022,-25399,-2781190500,109.5(-3.27 %),175701,19239259500,201100,22020450000,880612525,2.99
07/12/2022,-136000,-14524800000,106.8(-2.47 %),91700,9793560000,227700,24318360000,880748525,2.98
08/12/2022,-126912,-13452672000,106(-0.75 %),43400,4600400000,170312,18053072000,881022205,2.97
09/12/2022,-28303,-3000118000,106(0.00 %),106400,11278400000,134703,14278518000,881148505,2.96
12/12/2022,-52703,-5533815000,105(-0.94 %),119300,12526500000,172003,18060315000,880956443,2.97
13/12/2022,14198,1499308800,105.6(0.57 %),197500,20856000000,183302,19356691200,880942245,2.97
14/12/2022,4845,520837500,107.5(1.80 %),21500,2311250000,16655,1790412500,880937400,2.97
15/12/2022,-254205,-27021991500,106.3(-1.12 %),81600,8674080000,335805,35696071500,881191605,0.0
16/12/2022,-83400,-8873760000,106.4(0.09 %),25600,2723840000,109000,11597600000,881275005,0.0
19/12/2022,-132880,-13978976000,105.2(-1.13 %),146120,15371824000,279000,29350800000,881407885,2.95
20/12/2022,6234,653323200,104.8(-0.38 %),26944,2823731200,20710,2170408000,881401651,2.95
21/12/2022,-51600,-5340600000,103.5(-1.24 %),12000,1242000000,63600,6582600000,881453251,2.95
22/12/2022,-32000,-3238400000,101.2(-2.22 %),86800,8784160000,118800,12022560000,881485251,2.94
23/12/2022,-6697,-679745500,101.5(0.30 %),100903,10241654500,107600,10921400000,881491948,2.94
26/12/2022,75500,7746300000,102.6(1.08 %),174000,17852400000,98500,10106100000,881416448,2.95
27/12/2022,65620,6765422000,103.1(0.49 %),82700,8526370000,17080,1760948000,881350828,2.95
28/12/2022,34880,3592640000,103(-0.10 %),126900,13070700000,92020,9478060000,881315948,2.95
29/12/2022,4122,422917200,102.6(-0.39 %),24022,2464657200,19900,2041740000,881762786,2.93
30/12/2022,-12400,-1258600000,101.5(-1.07 %),7300,740950000,19700,1999550000,881847506,2.93
03/01/2023,124500,13072500000,105(3.45 %),142400,14952000000,17900,1879500000,881705106,0.0
04/01/2023,77810,8170050000,105(0.00 %),121100,12715500000,43290,4545450000,881627606,2.94
05/01/2023,28190,3005054000,106.6(1.52 %),54100,5767060000,25910,2762006000,881591406,2.94
06/01/2023,-63500,-6648450000,104.7(-1.78 %),6100,638670000,69600,7287120000,881628596,2.94
09/01/2023,2900,303050000,104.5(-0.19 %),66800,6980600000,63900,6677550000,881587706,2.94
10/01/2023,120460,12600116000,104.6(0.10 %),178200,18639720000,57740,6039604000,881483106,2.94
11/01/2023,6000,625200000,104.2(-0.38 %),15000,1563000000,9000,937800000,881536006,2.94
12/01/2023,161620,16970100000,105(0.77 %),170200,17871000000,8580,900900000,881423546,2.95
13/01/2023,65300,6823850000,104.5(-0.48 %),77200,8067400000,11900,1243550000,881359346,2.95
16/01/2023,-83850,-8636550000,103(-1.44 %),91450,9419350000,175300,18055900000,881284476,2.95
17/01/2023,57419,5983059800,104.2(1.17 %),95309,9931197800,37890,3948138000,881207067,2.96
18/01/2023,3000,312900000,104.3(0.10 %),23100,2409330000,20100,2096430000,881371267,2.95
19/01/2023,8800,919600000,104.5(0.19 %),64900,6782050000,56100,5862450000,881348257,2.95
27/01/2023,97400,10538680000,108.2(3.54 %),104900,11350180000,7500,811500000,881263457,2.96
30/01/2023,69900,7451340000,106.6(-1.48 %),81600,8698560000,11700,1247220000,881237957,2.96
31/01/2023,25100,2668130000,106.3(-0.28 %),51100,5431930000,26000,2763800000,881198857,2.96
01/02/2023,50835,5419011000,106.6(0.28 %),204300,21778380000,153465,16359369000,881006257,2.97
02/02/2023,97100,10389700000,107(0.38 %),141000,15087000000,43900,4697300000,880891257,2.98
03/02/2023,29301,3082465200,105.2(-1.68 %),116101,12213825200,86800,9131360000,880928621,2.97
06/02/2023,129710,13749260000,106(0.76 %),156710,16611260000,27000,2862000000,880815811,2.98
07/02/2023,161250,17140875000,106.3(0.28 %),179500,19080850000,18250,1939975000,880723111,2.98
08/02/2023,174196,18691230800,107.3(0.94 %),174806,18756683800,610,65453000,880575305,2.99
09/02/2023,37898,4096773800,108.1(0.75 %),50800,5491480000,12902,1394706200,880542755,2.99
10/02/2023,66900,7098090000,106.1(-1.85 %),82300,8732030000,15400,1633940000,880461065,3.0
13/02/2023,44622,4725469800,105.9(-0.19 %),69600,7370640000,24978,2645170200,880404367,3.0
14/02/2023,37718,3983020800,105.6(-0.28 %),62028,6550156800,24310,2567136000,880357739,3.0
15/02/2023,21902,2345704200,107.1(1.42 %),29002,3106114200,7100,760410000,880364715,3.0
16/02/2023,129500,13973050000,107.9(0.75 %),136400,14717560000,6900,744510000,880252625,3.01
17/02/2023,21270,2280144000,107.2(-0.65 %),44000,4716800000,22730,2436656000,880215725,3.01
20/02/2023,14091,1535919000,109(1.68 %),30500,3324500000,16409,1788581000,880192125,3.01
21/02/2023,10980,1189134000,108.3(-0.64 %),39100,4234530000,28120,3045396000,880175755,3.01
22/02/2023,-6500,-695500000,107(-1.20 %),21300,2279100000,27800,2974600000,880165864,3.01
23/02/2023,-10918,-1155124400,105.8(-1.12 %),9002,952411600,19920,2107536000,880184982,3.01
24/02/2023,11680,1243920000,106.5(0.66 %),46400,4941600000,34720,3697680000,880173302,3.01
27/02/2023,-140211,-14581944000,104(-2.35 %),14250,1482000000,154461,16063944000,880156552,3.01
28/02/2023,-16570,-1714995000,103.5(-0.48 %),3500,362250000,20070,2077245000,880178772,3.01
01/03/2023,12473,1310912300,105.1(1.55 %),18400,1933840000,5927,622927700,880314833,3.01
02/03/2023,4900,514500000,105(-0.10 %),54400,5712000000,49500,5197500000,880280503,3.01
03/03/2023,-60893,-6363318500,104.5(-0.48 %),3557,371706500,64450,6735025000,880277873,3.01
06/03/2023,-6800,-705160000,103.7(-0.77 %),14100,1462170000,20900,2167330000,880313273,3.01
07/03/2023,98960,10341320000,104.5(0.77 %),121830,12731235000,22870,2389915000,880255893,3.01
08/03/2023,92155,9759214500,105.9(1.34 %),105055,11125324500,12900,1366110000,880171738,3.01
09/03/2023,114648,12244406400,106.8(0.85 %),127430,13609524000,12782,1365117600,880067178,3.02
10/03/2023,160245,17146215000,107(0.19 %),193300,20683100000,33055,3536885000,879886278,3.03
13/03/2023,152200,16452820000,108.1(1.03 %),259200,28019520000,107000,11566700000,879734078,0.0
14/03/2023,-43330,-4666641000,107.7(-0.37 %),65300,7032810000,108630,11699451000,879607615,3.04
15/03/2023,4250,454750000,107(-0.65 %),91600,9801200000,87350,9346450000,879612015,3.04
16/03/2023,-18640,-1949744000,104.6(-2.24 %),119000,12447400000,137640,14397144000,879601645,3.04
17/03/2023,-148170,-15365229000,103.7(-0.86 %),41630,4317031000,189800,19682260000,879647365,3.04
20/03/2023,3910,402730000,103(-0.68 %),38810,3997430000,34900,3594700000,879744195,3.04
21/03/2023,-36415,1243920000,103.2(0.19 %),6100,4941600000,42515,3697680000,879927895,3.03
22/03/2023,-18100,-1864980000,102.9(-0.29 %),23900,2459860000,42000,4324840000,879945995,0.0
23/03/2023,-15300,-1564800000,102.5(-0.39 %),12100,1240430000,27400,2805230000,879961295,0.0
24/03/2023,-131000,-13434420000,102.4(-0.10 %),13300,1368970000,144300,14803390000,880092295,0.0
27/03/2023,-14200,-1448400000,102(-0.39 %),8100,826200000,22300,2274600000,880106495,0.0
28/03/2023,76680,7951716000,103.7(1.67 %),146400,15181680000,69720,7229964000,880029815,3.02
29/03/2023,-28600,-2940080000,102.8(-0.87 %),1500,154200000,30100,3094280000,880038010,3.02
30/03/2023,-32390,-3316736000,102.4(-0.39 %),12350,1264640000,44740,4581376000,880095380,3.02
31/03/2023,-7620,-777240000,102(-0.39 %),10380,1058760000,18000,1836000000,880115100,3.02
03/04/2023,-23938,-2453645000,102.5(0.49 %),58222,5967755000,82160,8421400000,880101618,3.02
04/04/2023,-210885,-21489181500,101.9(-0.59 %),121505,12381359500,332390,33870541000,879998113,3.02
05/04/2023,9200,937480000,101.9(0.00 %),26700,2720730000,17500,1783250000,880053573,3.02
06/04/2023,-8200,-832300000,101.5(-0.39 %),57900,5876850000,66100,6709150000,880328063,3.0
07/04/2023,6005,607706000,101.2(-0.30 %),7805,789866000,1800,182160000,880337758,3.0
10/04/2023,-33000,-3283500000,99.5(-1.68 %),6300,626850000,39300,3910350000,880397558,3.0
11/04/2023,-12888,-1287511200,99.9(0.40 %),10712,1070128800,23600,2357640000,880388646,3.0
12/04/2023,-25685,-2563363000,99.8(-0.10 %),51625,5152175000,77310,7715538000,880376321,3.0
13/04/2023,-4200,-420000000,100(0.20 %),55300,5530000000,59500,5950000000,880344621,3.0
14/04/2023,105,10300500,98.1(-1.90 %),11005,1079590500,10900,1069290000,880410926,3.0
17/04/2023,37890,3682908000,97.2(-0.92 %),75500,7338600000,37610,3655692000,880394926,3.0
18/04/2023,17680,1711424000,96.8(-0.41 %),66980,6483664000,49300,4772240000,880338846,3.0
19/04/2023,-88395,-8450562000,95.6(-1.24 %),8705,832198000,97100,9282760000,880367751,3.0
20/04/2023,-86500,-8300870000,96(0.42 %),55000,5311320000,141500,13612190000,880454251,3.0
21/04/2023,-16920,-1614168000,95.4(-0.62 %),189680,18095472000,206600,19709640000,880269401,3.01
24/04/2023,-120820,-11248342000,93.1(-2.41 %),137610,12811491000,258430,24059833000,880273291,3.01
25/04/2023,-18495,-1701540000,92(-1.18 %),26305,2420060000,44800,4121600000,880449586,3.0
26/04/2023,4500,420300000,93.4(1.52 %),69400,6481960000,64900,6061660000,880638616,2.99
27/04/2023,-206500,-19174980000,92.2(-1.28 %),13700,1281590000,220200,20456570000,880845116,0.0
28/04/2023,22400,2080040000,92.8(0.65 %),28000,2599880000,5600,519840000,880822716,0.0
04/05/2023,-48700,-4481590000,92(-0.86 %),5000,460020000,53700,4941610000,880706616,0.0
05/05/2023,-10300,-943260000,91.9(-0.11 %),8700,799470000,19000,1742730000,880918753,2.97
08/05/2023,-14800,-1370640000,93.1(1.31 %),23500,2179390000,38300,3550030000,880948958,2.97
09/05/2023,11500,1086570000,94.1(1.07 %),14200,1341240000,2700,254670000,880939758,2.97
10/05/2023,-57400,-5352780000,93.2(-0.96 %),10700,996020000,68100,6348800000,880997158,0.0
11/05/2023,-120000,-11108820000,92.2(-1.07 %),33600,3114380000,153600,14223200000,880934591,2.97
12/05/2023,1400,130490000,92.5(0.33 %),25900,2390300000,24500,2259810000,880976791,2.97
15/05/2023,-161800,-14983610000,92.2(-0.32 %),4200,393220000,166000,15376830000,881138591,2.96
16/05/2023,19600,1830470000,92.4(0.22 %),52300,4851690000,32700,3021220000,881118991,2.96
17/05/2023,-14400,-1328430000,91.9(-0.54 %),31300,2882850000,45700,4211280000,881133391,2.96
18/05/2023,227600,21085010000,93(1.20 %),247300,22906800000,19700,1821790000,880905791,2.97
19/05/2023,40700,3851160000,94.9(2.04 %),60600,5726170000,19900,1875010000,880865091,2.98
22/05/2023,-65900,-6221780000,94.7(-0.21 %),4000,379820000,69900,6601600000,880930991,2.97
23/05/2023,-224900,-21071950000,93.2(-1.58 %),7600,713700000,232500,21785650000,881155891,2.96
24/05/2023,11800,1098980000,92.5(-0.75 %),19600,1825770000,7800,726790000,881144091,2.96
25/05/2023,1800,116050000,94.7(2.38 %),67400,6292610000,65600,6176560000,881142291,2.96
26/05/2023,-118000,-11107720000,93.7(-1.06 %),25700,2409830000,143700,13517550000,881260291,2.96
29/05/2023,12800,1198450000,93.8(0.11 %),20500,1921230000,7700,722780000,881247491,2.96
30/05/2023,-239400,-22316010000,92.9(-0.96 %),43500,4059930000,282900,26375940000,881486891,2.94
31/05/2023,2100,196520000,92.8(-0.11 %),9900,920610000,7800,724090000,881484791,2.94
01/06/2023,-222700,-20570100000,92(-0.86 %),0,0,222700,20570100000,881348411,2.95
02/06/2023,-12400,-1144400000,92(0.00 %),12000,1108870000,24400,2253270000,881360811,2.95
05/06/2023,3200,295300000,94(2.17 %),23800,2221790000,20600,1926490000,881357611,2.95
06/06/2023,3600,345030000,95.1(1.17 %),11700,1112100000,8100,767070000,881354011,2.95
07/06/2023,4600,428710000,94.5(-0.63 %),23900,2253500000,19300,1824790000,881349411,2.95
08/06/2023,52200,4932120000,93.6(-0.95 %),124600,11732260000,72400,6800140000,881297211,2.95
09/06/2023,400,35520000,93.7(0.11 %),9500,889160000,9100,853640000,881296811,2.95
12/06/2023,-19900,-1822390000,93.9(0.21 %),78200,7326150000,98100,9148540000,881316711,2.95
13/06/2023,-800,-45020000,94(0.11 %),102400,9642140000,103200,9687160000,881317511,2.95
14/06/2023,107100,10140680000,94.6(0.64 %),116200,11004470000,9100,863790000,881210411,2.96
15/06/2023,44500,4289920000,96.6(2.11 %),48300,4656270000,3800,366350000,881165911,2.96
16/06/2023,20000,1922520000,95.5(-1.14 %),21300,2047820000,1300,125300000,881648012,2.94
19/06/2023,1900,181240000,95.2(-0.31 %),8700,833920000,6800,652680000,881693132,2.93
20/06/2023,-24800,-2369860000,96.5(1.37 %),7000,664470000,31800,3034330000,881717932,2.93
21/06/2023,-161800,-15474860000,95.8(-0.73 %),2500,239580000,164300,15714440000,881690732,2.93
22/06/2023,-313700,-30009440000,95.6(-0.21 %),23400,2240380000,337100,32249820000,882004432,2.92
23/06/2023,-26300,-2512970000,95.2(-0.42 %),1200,114840000,27500,2627810000,882030732,2.92
26/06/2023,-197800,-18934280000,96(0.84 %),21400,2047690000,219200,20981970000,882177845,2.91
27/06/2023,9400,905460000,96.3(0.31 %),9400,905460000,0,0,882168445,2.91
28/06/2023,-183400,-17566560000,95.4(-0.93 %),15300,1473240000,198700,19039800000,882351845,2.9
29/06/2023,-169100,-16075030000,94.6(-0.84 %),37700,3574740000,206800,19649770000,882520945,2.89
30/06/2023,-170400,-15942750000,93(-1.69 %),28500,2670540000,198900,18613290000,882691345,2.88
03/07/2023,8900,840750000,94(1.08 %),35400,3329800000,26500,2489050000,882521806,2.89
04/07/2023,60700,5765260000,95.1(1.17 %),65900,6255620000,5200,490360000,882461106,2.89
05/07/2023,36900,3495660000,94.3(-0.84 %),44100,4177980000,7200,682320000,882424206,2.9
06/07/2023,-64500,-6166530000,95.2(0.95 %),34700,3314450000,99200,9480980000,882779185,2.88
07/07/2023,146500,14092460000,96(0.84 %),151900,14611410000,5400,518950000,882634485,2.88
10/07/2023,287400,27978770000,97.5(1.56 %),309800,30152760000,22400,2173990000,882347085,2.9
11/07/2023,126600,12338040000,97.2(-0.31 %),149200,14542230000,22600,2204190000,882220485,2.91
12/07/2023,30000,2899900000,96.5(-0.72 %),53300,5157300000,23300,2257400000,882190485,2.91
13/07/2023,-104000,-10184000000,99.3(2.90 %),100600,9859270000,204600,20043270000,882294485,2.9
14/07/2023,149000,14798580000,99(-0.30 %),153400,15238710000,4400,440130000,882040122,2.92
17/07/2023,35600,3508900000,99(0.00 %),47700,4704660000,12100,1195760000,882004522,2.92
18/07/2023,162500,16247080000,99.8(0.81 %),168200,16814750000,5700,567670000,881842022,2.93
19/07/2023,59300,5896930000,98.9(-0.90 %),61700,6136010000,2400,239080000,881983637,2.92
20/07/2023,33300,3288470000,98.7(-0.20 %),67400,6636950000,34100,3348480000,881950337,2.92
21/07/2023,-12400,-1226960000,99.4(0.71 %),13200,1305330000,25600,2532290000,881962737,2.92
24/07/2023,-228200,-22510130000,98.5(-0.91 %),13700,1355860000,241900,23865990000,881958502,2.92
25/07/2023,2800,274160000,98.8(0.30 %),35200,3481630000,32400,3207470000,881953972,2.92
26/07/2023,-22100,-2177440000,98.2(-0.61 %),41400,4075790000,63500,6253230000,881976072,2.92
27/07/2023,17300,1706270000,98.2(0.00 %),31400,3092910000,14100,1386640000,881958772,2.92
28/07/2023,54000,5375910000,99.5(1.32 %),76000,7539920000,22000,2164010000,881904772,2.92
31/07/2023,-99900,-10137740000,101.6(2.11 %),72300,7369330000,172200,17507070000,882004672,2.92
01/08/2023,41900,4264070000,100.7(-0.89 %),59300,6035960000,17400,1771890000,882094822,2.91
02/08/2023,-21800,-2191240000,100.4(-0.30 %),19700,1981460000,41500,4172700000,882116622,2.91
03/08/2023,-2300,-225120000,99.6(-0.80 %),20400,2040450000,22700,2265570000,882118922,2.91
04/08/2023,30800,3087250000,100.3(0.70 %),43200,4326120000,12400,1238870000,882213333,2.91
07/08/2023,-68100,-6848010000,100.9(0.60 %),17700,1782480000,85800,8630490000,882281433,2.9
08/08/2023,-20000,-2012650000,101.2(0.30 %),58100,5879230000,78100,7891880000,882301433,2.9
09/08/2023,8200,829360000,101(-0.20 %),14600,1475170000,6400,645810000,882293233,2.9
10/08/2023,10900,1124750000,102(0.99 %),27400,2816620000,16500,1691870000,882282333,2.9
11/08/2023,-13400,-1357600000,101.5(-0.49 %),7300,739500000,20700,2097100000,882295733,2.9
14/08/2023,-133800,-13507670000,100.6(-0.89 %),8800,890470000,142600,14398140000,882275595,2.9
15/08/2023,-71200,-7142040000,100.4(-0.20 %),3400,341240000,74600,7483280000,882284890,2.9
16/08/2023,11500,1192130000,100.2(-0.20 %),113400,11452500000,101900,10260370000,882310160,2.9
17/08/2023,-52200,-5217060000,100(-0.20 %),15200,1518560000,67400,6735620000,882362360,2.9
18/08/2023,188500,18641390000,97.6(-2.40 %),200600,19840700000,12100,1199310000,882266890,2.9
21/08/2023,57300,5676190000,99.1(1.54 %),73200,7246760000,15900,1570570000,882263090,2.9
22/08/2023,-87100,-8710810000,100.3(1.21 %),62100,6203610000,149200,14914420000,882210690,2.91
23/08/2023,-8800,-877300000,101.9(1.60 %),34300,3486040000,43100,4363340000,882186290,2.91
24/08/2023,29900,3056240000,102.4(0.49 %),58500,5977790000,28600,2921550000,882156390,2.91
25/08/2023,-166400,-16904990000,101.4(-0.98 %),18200,1846970000,184600,18751960000,882294950,2.9
28/08/2023,47100,4853270000,103.2(1.78 %),81100,8330490000,34000,3477220000,882247850,2.9
29/08/2023,54500,5449410000,99.9(0.30 %),98400,9832280000,43900,4382870000,882326865,2.9
30/08/2023,19300,1915590000,99.3(-0.60 %),99600,9876880000,80300,7961290000,882307565,2.9
31/08/2023,-229400,-22647760000,98.6(-0.70 %),96500,9552680000,325900,32200440000,882208785,2.91
05/09/2023,-19400,-1936870000,99.6(1.01 %),12700,1263910000,32100,3200780000,882276385,2.9
06/09/2023,-2100,-189100000,101.5(1.91 %),22600,2280970000,24700,2470070000,882278485,2.9
07/09/2023,139400,14261040000,102.9(1.38 %),176600,18050960000,37200,3789920000,882435185,2.89
08/09/2023,-1800,-183930000,102.2(-0.68 %),29600,3049810000,31400,3233740000,882428216,2.89
11/09/2023,-11200,-1127220000,101.4(-0.78 %),20600,2115490000,31800,3242710000,882440851,2.89
12/09/2023,-163200,-16784240000,102.7(1.28 %),53600,5513500000,216800,22297740000,882421651,2.9
13/09/2023,-43500,-4467870000,105.6(2.82 %),31000,3275690000,74500,7743560000,882418451,2.9
14/09/2023,11600,1200370000,106(0.38 %),38900,4097760000,27300,2897390000,882596381,2.89
15/09/2023,225300,24447360000,109.6(3.40 %),246500,26730840000,21200,2283480000,882420411,2.9
18/09/2023,0,0,109(-0.55 %),0,0,0,0,882420411,2.9
19/09/2023,75400,8220980000,110(0.92 %),122300,13330360000,46900,5109380000,882267651,2.9
20/09/2023,7200,786090000,109(-0.91 %),23600,2577590000,16400,1791500000,882260451,2.9
21/09/2023,-900,-117710000,106.5(-2.29 %),24800,2654900000,25700,2772610000,882261351,2.9
22/09/2023,87600,7916410000,90.9(2.42 %),114500,10340890000,26900,2424480000,882181226,2.91
25/09/2023,42600,3890920000,89.5(-1.54 %),124200,11317130000,81600,7426210000,882078732,2.91
26/09/2023,3900,355890000,88.8(-0.78 %),73100,6548210000,69200,6192320000,882032092,2.92
27/09/2023,118000,10473630000,88.9(0.11 %),167500,14823730000,49500,4350100000,881914092,2.43
28/09/2023,318400,28687340000,91.5(2.92 %),389200,35040880000,70800,6353540000,881595692,2.45
29/09/2023,237200,21513320000,90.7(-0.87 %),304500,27594550000,67300,6081230000,880884382,2.98
02/10/2023,-31500,-2829560000,89.3(-1.54 %),1900,170610000,33400,3000170000,880953283,2.97
03/10/2023,-42000,-3645930000,86.3(-3.36 %),15200,1320150000,57200,4966080000,881005375,2.97
04/10/2023,-7400,-638050000,85.8(-0.58 %),19200,1654150000,26600,2292200000,881012775,2.47
05/10/2023,14600,1247210000,84.2(-1.86 %),47700,4058390000,33100,2811180000,881030208,2.97
06/10/2023,49300,4117780000,84.2(0.00 %),54200,4527370000,4900,409590000,880980908,2.48
09/10/2023,-114700,-9967270000,86.6(2.85 %),104200,9041320000,218900,19008590000,881095608,2.47
10/10/2023,-232700,-20234620000,86.4(-0.23 %),293500,25475860000,526200,45710480000,880643878,2.99
11/10/2023,-219700,-18928970000,86(-0.46 %),90500,7814720000,310200,26743690000,880772278,2.98
12/10/2023,-288200,-24596580000,86(0.00 %),31300,2674510000,319500,27271090000,881267258,2.96
13/10/2023,-164000,-13949350000,85.8(-0.23 %),57700,4921020000,221700,18870370000,881519747,2.94
16/10/2023,-10600,-915860000,86.9(1.28 %),16900,1473520000,27500,2389380000,881822347,2.93
17/10/2023,-202700,-17387270000,85.2(-1.96 %),70700,6103900000,273400,23491170000,881973292,2.92
18/10/2023,196600,16571090000,83(-2.58 %),197900,16679480000,1300,108390000,881802932,2.93
19/10/2023,-121800,-9973780000,81.9(-1.33 %),106600,8814310000,228400,18788090000,881969779,2.92
20/10/2023,-218000,-17426630000,83.2(1.59 %),99500,8129550000,317500,25556180000,881871579,2.92
23/10/2023,-160900,-13064580000,80.6(-3.12 %),19100,1560450000,180000,14625030000,882080839,2.91
24/10/2023,-162400,-13078440000,81.2(0.74 %),20000,1612990000,182400,14691430000,882243239,2.42
25/10/2023,-27000,-2190510000,80.4(-0.99 %),80300,6505590000,107300,8696100000,882378339,2.9
26/10/2023,-20300,-1561460000,75.5(-6.09 %),60700,4641420000,81000,6202880000,882596737,2.89
27/10/2023,27400,2100330000,77.6(2.78 %),36600,2811860000,9200,711530000,882667437,2.88
30/10/2023,12400,955710000,76.6(-1.29 %),22700,1751100000,10300,795390000,882726737,2.88
31/10/2023,120700,9247830000,76.6(0.00 %),130700,10012470000,10000,764640000,882605537,2.89
01/11/2023,-72900,-5575000000,76.9(0.39 %),18000,1379310000,90900,6954310000,882597907,2.89
02/11/2023,45300,3577790000,79.2(2.99 %),62100,4884020000,16800,1306230000,882552607,2.41
03/11/2023,-51200,-4027780000,79.1(-0.13 %),95800,7555490000,147000,11583270000,882603807,10.57
06/11/2023,-45400,-3559260000,79(-0.13 %),27100,2131160000,72500,5690420000,882649207,10.57
07/11/2023,8900,710610000,78.8(-0.25 %),20600,1639740000,11700,929130000,882640307,10.57
08/11/2023,44800,3506600000,80(1.52 %),117900,9327370000,73100,5820770000,1059091096,2.89
09/11/2023,-222100,-17650280000,80(0.00 %),11200,893220000,233300,18543500000,1059105596,2.89
10/11/2023,-201900,-15919610000,78.7(-1.62 %),13200,1041420000,215100,16961030000,1059168496,2.88
13/11/2023,-58500,-4611670000,79(0.38 %),65100,5142480000,123600,9754150000,1059331696,2.88
14/11/2023,-181800,-14388950000,79.1(0.13 %),14700,1155850000,196500,15544800000,1059408796,2.87
15/11/2023,-169100,-13555080000,80.1(1.26 %),40900,3279210000,210000,16834290000,1059577896,2.87
16/11/2023,0,0,80(-0.12 %),0,0,0,0,1059577896,3.44
17/11/2023,-62900,-4982420000,78.7(-1.62 %),69300,5458090000,132200,10440510000,1059919796,2.85
20/11/2023,45700,3592170000,78.3(-0.51 %),86900,6808500000,41200,3216330000,1060225806,2.84
21/11/2023,-22800,-1789480000,79(0.89 %),12800,1008870000,35600,2798350000,1060345206,2.83
22/11/2023,-63500,-4989670000,79(0.00 %),30300,2386380000,93800,7376050000,1060356106,2.83
23/11/2023,-144100,-11330710000,77(-2.53 %),26900,2103860000,171000,13434570000,1060500206,3.39
24/11/2023,-112300,-8615820000,77.5(0.65 %),27700,2128960000,140000,10744780000,1060612506,3.39
27/11/2023,-203200,-15627160000,76.8(-0.90 %),15500,1193230000,218700,16820390000,1060815706,3.37
28/11/2023,-151400,-11490200000,77(0.26 %),68800,5260170000,220200,16750370000,1060967106,3.37
29/11/2023,-163700,-12606640000,77.8(1.04 %),56000,4333970000,219700,16940610000,1061130806,3.36
30/11/2023,-152900,-11717940000,76.5(-1.67 %),9900,766060000,162800,12484000000,1061283706,3.35
01/12/2023,174900,13529650000,77.7(1.57 %),208800,16147840000,33900,2618190000,1061031754,3.36
04/12/2023,128600,10087510000,79(1.67 %),233400,18334320000,104800,8246810000,1060903154,3.37
05/12/2023,300,7980000,79(0.00 %),72900,5765890000,72600,5757910000,1060902854,3.37
06/12/2023,44900,3548770000,79.8(1.01 %),139900,11061450000,95000,7512680000,1060857954,3.37
07/12/2023,-150700,-11753410000,77.9(-2.38 %),108100,8503080000,258800,20256490000,1061008654,3.36
08/12/2023,-181400,-14080070000,77.6(-0.39 %),250400,19553980000,431800,33634050000,1061190054,3.35
11/12/2023,-12000,-934710000,78.3(0.90 %),289800,22659760000,301800,23594470000,1061202054,3.35
12/12/2023,94200,7347340000,78.2(-0.13 %),109100,8511380000,14900,1164040000,1061107854,3.36
13/12/2023,-415400,-32082840000,76.9(-1.66 %),10400,803070000,425800,32885910000,1061523254,3.34
14/12/2023,-100000,-7684620000,76.9(0.00 %),39800,3064250000,139800,10748870000,1061623254,3.33
15/12/2023,-334900,-25536500000,76(-1.17 %),16300,1245620000,351200,26782120000,1061958154,3.31
18/12/2023,-16400,-1232680000,75.5(-0.66 %),112600,8532030000,129000,9764710000,1061974554,3.31
19/12/2023,-72900,-5472510000,75(-0.66 %),75100,5601020000,148000,11073530000,1062047454,3.31
20/12/2023,-55600,-4170970000,75.2(0.27 %),43300,3249970000,98900,7420940000,1062103054,3.31
21/12/2023,-265900,-19861560000,74.7(-0.66 %),24500,1828960000,290400,21690520000,1062368954,3.29
22/12/2023,-150000,-11188110000,74.7(0.00 %),24600,1834250000,174600,13022360000,1062518954,3.29
25/12/2023,-300900,-22712040000,76.5(2.41 %),66800,5075540000,367700,27787580000,1062819854,3.27
26/12/2023,12900,988450000,76.4(-0.13 %),74100,5648520000,61200,4660070000,1062806954,3.27
27/12/2023,2800,213850000,76.3(-0.13 %),94400,7199930000,91600,6986080000,1062804154,3.27
28/12/2023,-208200,-15807090000,76(-0.39 %),66900,5088160000,275100,20895250000,1063012354,3.26
29/12/2023,-513100,-38902000000,75.5(-0.66 %),8600,653230000,521700,39555230000,1063525454,3.23
02/01/2024,-30900,-2350360000,75.6(0.13 %),18600,1408780000,49500,3759140000,1063399810,2.7
03/01/2024,-104600,-7919460000,76(0.53 %),14200,1072650000,118800,8992110000,1063245897,3.25
04/01/2024,-291000,-22204600000,76.7(0.92 %),6600,504270000,297600,22708870000,1063536897,3.23
05/01/2024,-217200,-16762950000,77.2(0.65 %),60200,4643190000,277400,21406140000,1063754097,3.22
08/01/2024,-296800,-22840700000,76.8(-0.52 %),6000,463620000,302800,23304320000,1064050897,3.21
09/01/2024,-186400,-14209300000,75.9(-1.17 %),60800,4624060000,247200,18833360000,1064523200,2.65
10/01/2024,-403000,-30538090000,75.5(-0.53 %),35900,2722870000,438900,33260960000,1064790080,2.64
11/01/2024,-23300,-1767720000,76(0.66 %),50200,3809380000,73500,5577100000,1064988860,2.63
12/01/2024,-174800,-13179610000,75.1(-1.18 %),7400,560130000,182200,13739740000,1064819797,3.17
15/01/2024,-10900,-825110000,75.7(0.80 %),6200,469060000,17100,1294170000,1065488190,2.61
16/01/2024,-263300,-19860320000,75.6(-0.13 %),2200,165810000,265500,20026130000,1065668160,2.6
17/01/2024,-310500,-23414470000,75.2(-0.53 %),79800,6015180000,390300,29429650000,1065605500,2.6
18/01/2024,-177400,-13368860000,75.3(0.13 %),32900,2478770000,210300,15847630000,1065581897,3.13
19/01/2024,216300,16555910000,76.7(1.86 %),245300,18762000000,29000,2206090000,1065365597,3.14
22/01/2024,36100,2764120000,76.3(-0.52 %),52700,4031280000,16600,1267160000,1065329497,3.14
23/01/2024,-251200,-19159300000,76.1(-0.26 %),120800,9203200000,372000,28362500000,1065580697,3.13
24/01/2024,-173100,-13147500000,75.8(-0.39 %),57100,4337960000,230200,17485460000,1065753797,3.12
25/01/2024,-269000,-20321740000,75.4(-0.53 %),4700,355520000,273700,20677260000,1066022797,3.1
26/01/2024,-298300,-22485720000,75.2(-0.27 %),49500,3738850000,347800,26224570000,1066321097,3.09
29/01/2024,336500,25667250000,76.6(1.86 %),365000,27841940000,28500,2174690000,1066501820,2.56
30/01/2024,153800,11742360000,76.4(-0.26 %),298500,22785560000,144700,11043200000,1066551100,2.56
31/01/2024,-154600,-11718970000,75.4(-1.31 %),60100,4562090000,214700,16281060000,1066519490,2.56
01/02/2024,-280400,-21160210000,75.5(0.13 %),21000,1585240000,301400,22745450000,1066519501,3.08
02/02/2024,-322400,-24299440000,75.2(-0.40 %),18700,1411850000,341100,25711290000,1066643200,2.56
05/02/2024,-271100,-20409830000,75.2(0.00 %),62400,4704590000,333500,25114420000,1067091977,3.05
06/02/2024,-391200,-29596740000,75.7(0.66 %),27300,2066580000,418500,31663320000,1067392060,2.53
07/02/2024,-78220,-5917234000,75.7(0.00 %),21100,1597630000,99320,7514864000,1067704450,2.51
15/02/2024,-36500,-2767870000,75.7(0.00 %),68700,5202950000,105200,7970820000,1068050240,2.5
16/02/2024,15200,1165240000,76.6(1.19 %),63200,4837580000,48000,3672340000,1068086340,2.5
19/02/2024,454409,35711414800,79.3(3.52 %),501209,39371224800,46800,3659810000,1067690370,2.51
20/02/2024,-41922,-3292383400,78.6(-0.88 %),44310,3484907000,86232,6777290400,1067690050,2.51
21/02/2024,-85720,-6665032800,77.7(-1.15 %),5200,405170000,90920,7070202800,1067727620,2.51
22/02/2024,-289800,-22622020000,77.9(0.26 %),9700,756410000,299500,23378430000,1067727620,2.51
23/02/2024,-325500,-25284050000,76.4(-1.93 %),46500,3589630000,372000,28873680000,1067871230,3.01
26/02/2024,-217100,-16540100000,76.2(-0.26 %),12200,928420000,229300,17468520000,1068129920,2.49
27/02/2024,-315100,-24249220000,77.6(1.84 %),1100,84180000,316200,24333400000,1068403430,2.98
28/02/2024,-313520,-24501952000,78(0.52 %),11900,931750000,325420,25433702000,1068716950,2.96
29/02/2024,-258700,-20043580000,77.4(-0.77 %),31700,2468020000,290400,22511600000,1068994560,2.46
01/03/2024,-189600,-14692540000,77.6(0.26 %),29200,2263710000,218800,16956250000,1068965390,2.95
04/03/2024,-211724,-16497106800,77.8(0.26 %),18200,1418420000,229924,17915526800,1069177114,2.94
05/03/2024,-180284,-14135936000,79(1.54 %),33400,2622020000,213684,16757956000,1069736380,2.42
06/03/2024,41000,3313350000,80.2(1.52 %),69900,5633030000,28900,2319680000,1069316398,2.93
07/03/2024,-74264,-5949547600,80.4(0.37 %),28500,2282350000,102764,8231897600,1069390662,2.93
08/03/2024,-52600,-4249810000,79.5(-1.12 %),13600,1088780000,66200,5338590000,1069443262,2.92
11/03/2024,-207300,-16239800000,77.8(-2.14 %),21200,1670670000,228500,17910470000,1069650562,2.91
12/03/2024,43100,3340010000,77.9(0.13 %),115100,8955840000,72000,5615830000,1070097280,2.41
13/03/2024,26800,2114510000,79(1.41 %),74400,5854120000,47600,3739610000,1070251382,2.4
14/03/2024,-108700,-8774790000,81(2.53 %),156400,12615130000,265100,21389920000,1070360082,2.88
15/03/2024,46900,3842710000,82.3(1.60 %),69200,5660870000,22300,1818160000,1070313182,2.88
18/03/2024,51500,4157140000,80.2(-2.55 %),102600,8287070000,51100,4129930000,1070308030,2.4
19/03/2024,-19900,-1603270000,79.7(-0.62 %),12900,1036920000,32800,2640190000,1070313410,2.4
20/03/2024,-22300,-1784730000,81(1.63 %),80100,6443660000,102400,8228390000,1070303882,2.88
21/03/2024,-16500,-1334990000,81(0.00 %),6900,560000000,23400,1894990000,1070320382,2.88
22/03/2024,400,28680000,80.5(-0.62 %),20000,1614240000,19600,1585560000,1070319982,2.88
25/03/2024,-3400,-278580000,80.4(-0.12 %),28000,2260620000,31400,2539200000,1070382140,2.4
26/03/2024,5200,418150000,80.7(0.37 %),21600,1736900000,16400,1318750000,1070296282,2.88
27/03/2024,-61800,-4995230000,80.3(-0.50 %),12100,979590000,73900,5974820000,1070394430,2.4
28/03/2024,-3900,-311720000,80.3(0.00 %),14000,1124190000,17900,1435910000,1070394880,2.4
29/03/2024,9600,775540000,80.2(-0.12 %),33300,2685860000,23700,1910320000,1070435520,2.39
01/04/2024,2300,188030000,80.6(0.50 %),19900,1599080000,17600,1411050000,1070433470,2.39
02/04/2024,-112500,-9211610000,82.5(2.36 %),43400,3512270000,155900,12723880000,1070547995,2.87
03/04/2024,-82500,-6804110000,81.8(-0.85 %),6800,560430000,89300,7364540000,1070420860,2.39
04/04/2024,-21200,-1737730000,81.5(-0.37 %),35800,2925970000,57000,4663700000,1070651695,2.86
05/04/2024,-42400,-3458020000,80.9(-0.74 %),23500,1918350000,65900,5376370000,1070606270,2.39
08/04/2024,-30600,-2470570000,79.8(-1.36 %),5700,458990000,36300,2929560000,1070724695,2.86
09/04/2024,-3200,-256650000,79.9(0.13 %),4300,343840000,7500,600490000,1070727895,2.86
10/04/2024,-59800,-4767620000,79.2(-0.88 %),3100,247600000,62900,5015220000,1070787695,2.85
11/04/2024,-19200,-1516380000,78.8(-0.51 %),13100,1034570000,32300,2550950000,1070746880,2.38
12/04/2024,6300,502080000,79.7(1.14 %),28300,2246020000,22000,1743940000,1070781500,2.38
15/04/2024,-51300,-4065490000,76(-4.64 %),16000,1258690000,67300,5324180000,1070851895,2.85
16/04/2024,-12800,-975590000,76(0.00 %),51300,3890470000,64100,4866060000,1070864695,2.85
17/04/2024,21800,1647900000,75.1(-1.18 %),82400,6237230000,60600,4589330000,1070830095,2.85
19/04/2024,-43000,-3229760000,75(-0.13 %),63500,4779610000,106500,8009370000,1070873095,2.85
22/04/2024,-334000,-25080890000,75(0.00 %),24100,1808830000,358100,26889720000,1070807810,2.38
23/04/2024,-127800,-9561520000,74.2(-1.07 %),4900,366310000,132700,9927830000,1070909060,2.37
24/04/2024,-497400,-37120920000,74.6(0.54 %),53400,3986140000,550800,41107060000,1071832295,2.8
25/04/2024,-540700,-40154010000,74(-0.80 %),14900,1107020000,555600,41261030000,1072372995,2.77
26/04/2024,-143400,-10595420000,73.5(-0.68 %),56300,4139820000,199700,14735240000,1071826750,2.33
02/05/2024,-172100,-12687210000,73.9(0.54 %),66100,4850680000,238200,17537890000,1072316220,2.31
03/05/2024,4100,304390000,74.2(0.41 %),14600,1083230000,10500,778840000,1072501380,2.3
06/05/2024,-154000,-11510450000,74.8(0.81 %),68900,5165820000,222900,16676270000,1072670720,2.3
07/05/2024,-127000,-9622010000,76.3(2.01 %),27500,2080470000,154500,11702480000,1072653700,2.3
08/05/2024,-153400,-11826240000,77.4(1.44 %),4000,301910000,157400,12128150000,1072872640,2.29
09/05/2024,16800,1300390000,76.1(-1.68 %),32300,2488900000,15500,1188510000,1072984830,2.28
10/05/2024,-134600,-10207310000,75.5(-0.79 %),17800,1349880000,152400,11557190000,1073114430,2.28
13/05/2024,-272600,-20537890000,75.2(-0.40 %),46500,3505080000,319100,24042970000,1073083390,2.28
14/05/2024,-456400,-34336780000,75.2(0.00 %),52100,3924760000,508500,38261540000,1073103844,2.73
15/05/2024,-292400,-21915830000,75.5(0.40 %),21300,1607090000,313700,23522920000,1073396244,2.72
16/05/2024,-200800,-15248470000,75.9(0.53 %),45800,3490080000,246600,18738550000,1073597044,2.71
17/05/2024,-433100,-32798530000,75.7(-0.26 %),9400,711610000,442500,33510140000,1074248700,2.23
20/05/2024,-212600,-16223320000,76(0.40 %),101200,7745910000,313800,23969230000,1074394240,2.22
21/05/2024,-235800,-18108310000,76.7(0.92 %),5600,432280000,241400,18540590000,1074827260,2.2
22/05/2024,-18400,-1415310000,76.6(-0.13 %),7800,598840000,26200,2014150000,1075125500,2.19
23/05/2024,-481900,-37883680000,79.9(4.31 %),147900,11751730000,629800,49635410000,1075219200,2.18
24/05/2024,-185700,-14781530000,79(-1.13 %),108900,8710380000,294600,23491910000,1074963744,2.64
27/05/2024,-344700,-27471660000,81(2.53 %),40400,3243320000,385100,30714980000,1075760130,2.16
28/05/2024,-164800,-13397590000,81.9(1.11 %),205600,16828250000,370400,30225840000,1075851650,2.16
29/05/2024,-273500,-22755980000,82.2(0.37 %),48000,4002590000,321500,26758570000,1076184320,2.14
30/05/2024,-334000,-27079960000,81.1(-1.34 %),135100,10910840000,469100,37990800000,1076419840,2.13
31/05/2024,-320000,-25731360000,80.1(-1.23 %),12700,1026580000,332700,26757940000,1076728830,2.12
03/06/2024,-432600,-34832410000,80.4(0.37 %),42300,3428970000,474900,38261380000,1076728823,2.54
04/06/2024,-256500,-20732130000,80.8(0.50 %),53700,4365580000,310200,25097710000,1076985323,2.53
05/06/2024,-124700,-9971560000,80.6(-0.25 %),80600,6577290000,205300,16548850000,1077110023,2.52
06/06/2024,-229720,-18461295800,80.3(-0.37 %),2984,241405200,232704,18702701000,1078136928,2.06
07/06/2024,-323967,-26035673400,80.3(0.00 %),9700,781770000,333667,26817443400,1078328682,2.05
10/06/2024,-293992,-23628419000,80.3(0.00 %),87588,7063414800,381580,30691833800,1078622674,2.44
11/06/2024,-274420,-22044387600,80.3(0.00 %),15800,1272580000,290220,23316967600,1078136928,2.06
12/06/2024,-179806,-14453283600,80.4(0.12 %),43594,3508346400,223400,17961630000,1079125658,2.01
13/06/2024,0,0,80.2(-0.25 %),0,0,0,0,1079391078,2.0
14/06/2024,-21000,-1616210000,79(-1.50 %),41500,3329640000,62500,4945850000,1079572978,2.0
17/06/2024,-4000,-316570000,77.6(-1.77 %),7200,563860000,11200,880430000,1079788378,1.99
18/06/2024,-145100,-11353780000,78(0.52 %),14700,1156850000,159800,12510630000,1079836178,1.98
19/06/2024,-174647,-13662448800,78.2(0.26 %),41500,3251730000,216147,16914178800,1079803878,1.99
20/06/2024,-99253,-7755467200,78(-0.26 %),43800,3425280000,143053,11180747200,1079919878,1.98
21/06/2024,-53615,-4179516100,77.9(-0.13 %),22300,1741700000,75915,5921216100,1080123725,1.97
24/06/2024,-13814,-1063396100,76.5(-1.80 %),33300,2569990000,47114,3633386100,1080241878,1.97
25/06/2024,-507046,-38794776100,76.3(-0.26 %),116710,8995708000,623756,47790484100,1080210084,1.97
26/06/2024,-222377,-16995279600,76.5(0.26 %),110040,8426583600,332417,25421863200,1080155068,1.97
27/06/2024,-309487,-23721562400,76.5(0.00 %),7400,569010000,316887,24290572400,1080772454,1.94
28/06/2024,-67389,-5161017800,76.6(0.13 %),70800,5429490000,138189,10590507800,1081036116,1.93
04/07/2024,-227800,-17792560000,78.2(0.00 %),72200,5709240000,300000,23501800000,1081473889,0.0
05/07/2024,-27200,-2128150000,78.6(0.51 %),28400,2242490000,55600,4370640000,1081501089,0.0
08/07/2024,-106400,-8373600000,78.7(0.13 %),12200,960290000,118600,9333890000,1081607489,0.0
09/07/2024,20000,1573750000,79(0.38 %),54800,4310460000,34800,2736710000,1081587489,0.0
10/07/2024,-84900,-6657100000,78.5(-0.63 %),26000,2055150000,110900,8712250000,1081672389,0.0
11/07/2024,-38100,-2991330000,78.2(-0.38 %),11900,935570000,50000,3926900000,1081710489,0.0
12/07/2024,-472800,-36923040000,78(-0.26 %),6600,516480000,479400,37439520000,1082183289,0.0
15/07/2024,-242300,-18970070000,78.3(0.38 %),31300,2464350000,273600,21434420000,1082425589,0.0
16/07/2024,-33000,-2540250000,78.3(0.00 %),145600,11458220000,178600,13998470000,1082458589,0.0
17/07/2024,188700,14803500000,78(-0.38 %),261600,20517700000,72900,5714200000,1082269889,0.0
18/07/2024,-5700,-425410000,78.1(0.13 %),134000,10484720000,139700,10910130000,1082275589,0.0
19/07/2024,-61500,-4789990000,77.8(-0.38 %),3900,303810000,65400,5093800000,1082337089,0.0
22/07/2024,-37200,-2872130000,77(-1.03 %),13400,1031160000,50600,3903290000,1082374289,0.0
23/07/2024,94900,7312960000,76.8(-0.26 %),120600,9290600000,25700,1977640000,1082279389,0.0
24/07/2024,136100,10438670000,77(0.26 %),142800,10953650000,6700,514980000,1082143289,0.0
25/07/2024,-4700,-360560000,76.8(-0.26 %),4100,314260000,8800,674820000,1082147989,0.0
26/07/2024,-2100,-160790000,77.2(0.52 %),5900,453400000,8000,614190000,1082150089,0.0
29/07/2024,-15100,-1167220000,77(-0.26 %),10200,786720000,25300,1953940000,1082165189,0.0
30/07/2024,-15100,-1167220000,77.2(0.26 %),10200,786720000,25300,1953940000,1082180289,0.0
31/07/2024,89000,7014890000,79.9(3.50 %),126700,9999050000,37700,2984160000,1082091289,0.0
01/08/2024,-3900,-320700000,78.9(-1.25 %),23600,1877720000,27500,2198420000,1082484007,0.0
02/08/2024,-126400,-9932650000,78.9(0.00 %),8800,686760000,135200,10619410000,1082610407,0.0
05/08/2024,-37900,-3033530000,76.5(-3.04 %),107200,8227510000,145100,11261040000,1082648307,0.0
06/08/2024,-97600,-7541450000,77.3(1.05 %),20400,1576630000,118000,9118080000,1082745907,0.0
07/08/2024,190000,14991640000,79.4(2.72 %),198600,15669080000,8600,677440000,1082555907,0.0
08/08/2024,655000,53108350000,81.7(2.90 %),909500,73870660000,254500,20762310000,1081900907,0.0
09/08/2024,37200,3021240000,81.6(-0.12 %),204500,16678590000,167300,13657350000,1081863707,0.0
12/08/2024,155400,12841060000,82.5(1.10 %),319800,26433960000,164400,13592900000,1081708307,0.0
13/08/2024,238200,19454100000,81.5(-1.21 %),452000,36944120000,213800,17490020000,1081470107,0.0
14/08/2024,204100,16921520000,82(0.61 %),457700,37775340000,253600,20853820000,1081266007,0.0
15/08/2024,153000,12571400000,81.2(-0.98 %),203100,16651160000,50100,4079760000,1081113007,0.0
16/08/2024,-33400,-2762100000,82.6(1.72 %),273300,22505560000,306700,25267660000,1081146407,0.0
19/08/2024,436700,36743200000,84.5(2.30 %),487000,40967540000,50300,4224340000,1080709707,0.0
20/08/2024,-492100,-41790750000,84.5(0.00 %),7600,647480000,499700,42438230000,1081201807,0.0
21/08/2024,-115300,-9783620000,85(0.59 %),34200,2903340000,149500,12686960000,1081317107,0.0
22/08/2024,-102700,-8704820000,84.5(-0.59 %),27600,2334060000,130300,11038880000,1081419807,0.0
23/08/2024,38400,3273050000,84.7(0.24 %),93500,7941160000,55100,4668110000,1081381407,0.0
26/08/2024,60700,5166260000,84.2(-0.59 %),185300,15725150000,124600,10558890000,1081320707,0.0
27/08/2024,192600,16039870000,83.5(-0.83 %),246400,20543350000,53800,4503480000,1081128107,0.0
28/08/2024,38000,3177230000,83.8(0.36 %),106800,8937860000,68800,5760630000,1081090107,0.0
29/08/2024,-49900,-4142270000,83.4(-0.48 %),107700,9017290000,157600,13159560000,1081140007,0.0
30/08/2024,-484200,-40376570000,83.3(-0.12 %),21700,1814800000,505900,42191370000,1081624207,0.0
04/09/2024,-12600,-1046290000,83.9(0.72 %),165500,13861610000,178100,14907900000,1081099529,0.0
05/09/2024,-78200,-6511440000,83.3(-0.72 %),29100,2441750000,107300,8953190000,1081177729,0.0
06/09/2024,53000,4461530000,84.1(0.96 %),65300,5497180000,12300,1035650000,1081124729,0.0
09/09/2024,-212700,-18008850000,84.7(0.71 %),61300,5177500000,274000,23186350000,1081337429,0.0
10/09/2024,-288100,-24253820000,84.1(-0.71 %),40000,3375380000,328100,27629200000,1081625529,0.0
11/09/2024,-201100,-16806350000,83.6(-0.59 %),48700,4065970000,249800,20872320000,1081826629,0.0
12/09/2024,95000,7979900000,83.6(0.00 %),179300,15028170000,84300,7048270000,1081731629,0.0
13/09/2024,-82100,-6171180000,74.3(-2.34 %),231800,17269580000,313900,23440760000,1081813729,0.0
16/09/2024,101700,7420460000,72.6(-2.29 %),242000,17709030000,140300,10288570000,1081712029,0.0
17/09/2024,-25300,-1833340000,72.7(0.14 %),6000,436120000,31300,2269460000,1081737329,0.0
18/09/2024,-17800,-1299480000,73.1(0.55 %),12500,915690000,30300,2215170000,1081755129,0.0
19/09/2024,-192200,-14068220000,73.4(0.41 %),25800,1888040000,218000,15956260000,1081947329,0.0
20/09/2024,-9100,-669110000,73.1(-0.41 %),3800,278660000,12900,947770000,1081956429,0.0
23/09/2024,-26300,-1918990000,73(-0.14 %),6100,446370000,32400,2365360000,1081982729,0.0
24/09/2024,300,25080000,73.7(0.96 %),8900,655080000,8600,630000000,1081982429,0.0
25/09/2024,154500,11402050000,73.8(0.14 %),174700,12892190000,20200,1490140000,1081827929,0.0
26/09/2024,23500,1763290000,74(0.27 %),78400,5826910000,54900,4063620000,1081804429,0.0
27/09/2024,18000,1330290000,73.5(-0.68 %),33200,2452440000,15200,1122150000,1081786429,0.0
30/09/2024,81600,5980010000,73.2(-0.41 %),107300,7861790000,25700,1881780000,1081704829,0.0
01/10/2024,-317100,-23213550000,73(-0.27 %),9900,724840000,327000,23938390000,1082344948,0.0
02/10/2024,-257800,-18878580000,72.9(-0.14 %),103900,7614640000,361700,26493220000,1082602748,0.0
03/10/2024,-150100,-10892860000,72.5(-0.55 %),20800,1516110000,170900,12408970000,1082752848,0.0
04/10/2024,136600,9982880000,73.3(1.10 %),149500,10928210000,12900,945330000,1082616248,0.0
07/10/2024,-155400,-11325680000,72.9(-0.55 %),7000,511510000,162400,11837190000,1082771648,0.0
08/10/2024,-62200,-4522810000,72.6(-0.41 %),80100,5847000000,142300,10369810000,1082833848,0.0
09/10/2024,-65100,-4717960000,72.7(0.14 %),12400,899920000,77500,5617880000,1082898948,0.0
10/10/2024,-40800,-2996010000,73.3(0.83 %),115200,8422620000,156000,11418630000,1082939748,0.0
11/10/2024,40700,2987690000,73.2(-0.14 %),43300,3179010000,2600,191320000,1082899048,0.0
14/10/2024,16000,1165310000,72.9(-0.41 %),24700,1799470000,8700,634160000,1082883048,0.0
15/10/2024,60600,4407950000,72.7(-0.27 %),76400,5557390000,15800,1149440000,1082822448,0.0
16/10/2024,-30100,-2169670000,72(-0.96 %),10500,758360000,40600,2928030000,1082852548,0.0
17/10/2024,-112200,-8024350000,71.5(-0.69 %),3500,250250000,115700,8274600000,1082964748,0.0
18/10/2024,-2900,-208100000,71.7(0.28 %),2800,201360000,5700,409460000,1082967648,0.0
21/10/2024,-115800,-8282290000,71.7(0.00 %),12900,922780000,128700,9205070000,1083083448,0.0
22/10/2024,-2700,-187070000,71.2(-0.70 %),27300,1955940000,30000,2143010000,1083086148,0.0
23/10/2024,-53400,-3792160000,70.9(-0.42 %),6400,453920000,59800,4246080000,1083139548,0.0
24/10/2024,7200,511720000,71(0.14 %),11000,781420000,3800,269700000,1083132348,0.0
25/10/2024,5400,384430000,70.9(-0.14 %),13800,981400000,8400,596970000,1083126948,0.0
28/10/2024,-48000,-3396520000,70.7(-0.28 %),6700,474850000,54700,3871370000,1083174948,0.0
29/10/2024,-102200,-7241540000,70.8(0.14 %),2700,191500000,104900,7433040000,1083277148,0.0
30/10/2024,-65500,-4634950000,70.6(-0.28 %),1500,106430000,67000,4741380000,1083342648,0.0
31/10/2024,-216000,-15247190000,70.5(-0.14 %),10500,742910000,226500,15990100000,1083558648,0.0
01/11/2024,-75700,-5322010000,70.2(-0.43 %),7800,548540000,83500,5870550000,1105276418,0.0
04/11/2024,-53500,-3739980000,69.9(-0.43 %),10600,742430000,64100,4482410000,1105329918,0.0
05/11/2024,-133800,-9329930000,69.6(-0.43 %),6900,480890000,140700,9810820000,1105463718,0.0
06/11/2024,-52800,-3695490000,70.1(0.72 %),27900,1961740000,80700,5657230000,1105516518,0.0
07/11/2024,-89600,-6285320000,70.1(0.00 %),12300,869440000,101900,7154760000,1105606118,0.0
08/11/2024,-105100,-7341250000,70(-0.14 %),47600,3348940000,152700,10690190000,1105711218,0.0
11/11/2024,-6800,-469300000,70.1(0.14 %),115600,8116240000,122400,8585540000,1105718018,0.0
12/11/2024,-42300,-2961620000,69.8(-0.43 %),5700,400220000,48000,3361840000,1105191145,1.82
13/11/2024,113600,7893320000,69.5(-0.43 %),120100,8343440000,6500,450120000,1105646718,0.0
14/11/2024,96700,6830120000,69(-0.72 %),174900,12233240000,78200,5403120000,1105550018,0.0
15/11/2024,271800,18759970000,68.6(-0.58 %),351300,24218830000,79500,5458860000,1105278218,0.0
18/11/2024,289800,19906820000,69(0.58 %),448800,30822120000,159000,10915300000,1104988418,0.0
19/11/2024,105900,7314920000,67.9(-1.59 %),262000,18062830000,156100,10747910000,1104882518,0.0
20/11/2024,-88000,-5947480000,67.6(-0.44 %),37600,2559540000,125600,8507020000,1104970518,0.0
21/11/2024,244200,16633690000,68.2(0.89 %),314500,21423600000,70300,4789910000,1104726318,0.0
22/11/2024,139400,9794620000,69.2(1.47 %),223000,15580920000,83600,5786300000,1104586918,0.0
25/11/2024,-86400,-5925110000,69.3(0.14 %),227000,15886520000,313400,21811630000,1104632831,1.85
26/11/2024,-41000,-2854270000,69.6(0.43 %),27800,1937690000,68800,4791960000,1104684235,1.85
27/11/2024,24700,1711980000,69.3(-0.43 %),46200,3206540000,21500,1494560000,1104947506,1.83
28/11/2024,-33800,-2332370000,69.3(0.00 %),37100,2588690000,70900,4921060000,1104977387,1.83
29/11/2024,18700,1301680000,69.6(0.43 %),47300,3291430000,28600,1989750000,1104951587,1.83
02/12/2024,-43100,-2988400000,69.2(-0.57 %),23900,1656500000,67000,4644900000,1104998576,1.83
03/12/2024,-54600,-3762800000,68.7(-0.72 %),44600,3077350000,99200,6840150000,1104982588,1.83
04/12/2024,-12900,-877650000,68.6(-0.15 %),35300,2431110000,48200,3308760000,1105018288,1.83
05/12/2024,-50900,-3500520000,68.9(0.44 %),42000,2901140000,92900,6401660000,1105077483,1.83
09/12/2024,11100,768910000,69.3(0.14 %),18600,1289330000,7500,520420000,1105169164,1.82
10/12/2024,-121600,-8406670000,69(-0.43 %),36100,2498620000,157700,10905290000,1105192065,1.82
16/12/2024,-131400,-8967100000,68.1(-0.44 %),10300,703530000,141700,9670630000,1105644560,1.8
17/12/2024,-145000,-9872270000,68(-0.15 %),12700,865570000,157700,10737840000,1105757760,1.8
18/12/2024,-73600,-5040590000,68.5(0.74 %),5100,349550000,78700,5390140000,1105894418,1.79
19/12/2024,-161500,-11006680000,68.5(0.00 %),0,0,161500,11006680000,1106052363,1.79
20/12/2024,10500,724330000,68.6(0.15 %),48800,3352090000,38300,2627760000,1106082006,1.79
24/12/2024,0,0,68.2(-0.44 %),0,0,0,0,1106148285,1.78
25/12/2024,-31300,-2126920000,68.4(0.29 %),58100,3990120000,89400,6117040000,1106147058,1.78
26/12/2024,-182300,-12471280000,68.5(0.15 %),73000,5052260000,255300,17523540000,1106158980,1.78
27/12/2024,-259300,-17764000000,68.5(0.00 %),8900,612450000,268200,18376450000,1106235434,1.78
30/12/2024,-64400,-4396180000,68.2(-0.44 %),9400,644890000,73800,5041070000,1106479338,1.77
31/12/2024,-339300,-23112240000,68.1(-0.15 %),25200,1726390000,364500,24838630000,1106722303,1.76
02/01/2025,-140200,-9550550000,68.1(0.00 %),3600,245370000,143800,9795920000,1106792519,1.76
03/01/2025,-140400,-9559570000,68(-0.15 %),18300,1247310000,158700,10806880000,1107138699,1.74
06/01/2025,-177200,-12006610000,67.5(-0.74 %),28000,1900740000,205200,13907350000,1107257027,1.74
07/01/2025,-278800,-18731670000,67(-0.74 %),13700,921090000,292500,19652760000,1107257027,1.74
08/01/2025,-103300,-6914430000,67.1(0.15 %),28400,1901780000,131700,8816210000,1107574906,1.72
09/01/2025,-99600,-6676200000,67(-0.15 %),17900,1203130000,117500,7879330000,1107849643,1.71
10/01/2025,-101300,-6783600000,66.7(-0.45 %),19700,1319800000,121000,8103400000,1107964045,1.71
13/01/2025,-113800,-7570630000,66.4(-0.45 %),33700,2240300000,147500,9810930000,1108047795,1.7
14/01/2025,109300,7304390000,66.9(0.75 %),130900,8750180000,21600,1445790000,1108033895,1.7
15/01/2025,-42900,-2872310000,66.8(-0.15 %),42600,2865550000,85500,5737860000,1108136795,1.7
16/01/2025,-90100,-6033950000,66.9(0.15 %),30000,2010610000,120100,8044560000,1108226895,0.0
17/01/2025,49300,3300460000,66.8(-0.15 %),82000,5487990000,32700,2187530000,1108131895,1.7
20/01/2025,50900,3439270000,67.7(1.35 %),71000,4788100000,20100,1348830000,1108181064,1.7
21/01/2025,7300,504840000,67.1(-0.89 %),39300,2661240000,32000,2156400000,1108174490,1.7
22/01/2025,-19600,-1308390000,66.8(-0.45 %),22100,1485250000,41700,2793640000,1108172490,1.7
23/01/2025,-51000,-3414370000,67(0.30 %),8800,590280000,59800,4004650000,1108195778,1.7
24/01/2025,-7500,-502170000,67.9(1.34 %),15800,1062810000,23300,1564980000,1108221678,1.69
03/02/2025,-13100,-880340000,0(0.00 %),22500,1511220000,35600,2391560000,1108258978,1.69
04/02/2025,800,53580000,67.1(0.00 %),7300,490090000,6500,436510000,1108274978,1.69
05/02/2025,235400,15971820000,67.8(1.04 %),341200,23133400000,105800,7161580000,1107969378,1.7
06/02/2025,114900,7803880000,67.6(-0.29 %),221900,15051450000,107000,7247570000,1107744177,1.71
07/02/2025,18600,1279110000,67.3(-0.44 %),185000,12526330000,166400,11247220000,1107664977,1.72
10/02/2025,-67600,-4536000000,67.3(0.00 %),43000,2890590000,110600,7426590000,1107728971,1.72
11/02/2025,-126500,-8481100000,67(-0.45 %),53200,3576740000,179700,12057840000,1107838246,1.71
12/02/2025,48000,3228330000,67.1(0.15 %),63000,4236250000,15000,1007920000,1107881903,1.71
13/02/2025,-79700,-5324390000,66.7(-0.60 %),40400,2697990000,120100,8022380000,1108018563,1.7
14/02/2025,182600,12341590000,67.7(1.50 %),304600,20588110000,122000,8246520000,1107728897,1.72
17/02/2025,101000,6853210000,67.8(0.15 %),111000,7531550000,10000,678340000,1107734055,1.71
18/02/2025,-3800,-254750000,68(0.29 %),38000,2584590000,41800,2839340000,1107821026,1.71
19/02/2025,121700,8318180000,68.7(1.03 %),198700,13573180000,77000,5255000000,1107630326,1.72
20/02/2025,-40900,-2817070000,68.8(0.15 %),27300,1879030000,68200,4696100000,1107644913,1.72
21/02/2025,109200,7468010000,68.4(-0.58 %),141900,9706780000,32700,2238770000,1107580113,1.72
24/02/2025,-218600,-14884590000,68.6(0.29 %),53900,3669690000,272500,18554280000,1107594473,1.72
25/02/2025,146800,10114030000,68.7(0.15 %),167500,11542360000,20700,1428330000,1107458674,1.73
26/02/2025,23400,1603920000,68.4(-0.44 %),101600,6967670000,78200,5363750000,1107629691,1.72
27/02/2025,-65400,-4454320000,68(-0.58 %),16400,1120700000,81800,5575020000,1107632001,1.72
28/02/2025,39800,2704180000,68(0.00 %),171000,11670430000,131200,8966250000,1107539223,1.72
03/03/2025,109800,7525870000,68.6(0.88 %),128000,8772590000,18200,1246720000,1107493045,1.73
04/03/2025,73800,5104310000,69.1(0.73 %),159600,11012050000,85800,5907740000,1107464655,1.73
05/03/2025,-83300,-5746650000,68.4(-1.01 %),41700,2864810000,125000,8611460000,1107441175,1.73
06/03/2025,-133200,-9089930000,68.3(-0.15 %),17800,1215450000,151000,10305380000,1107509238,1.72
07/03/2025,-162200,-11054630000,67.8(-0.73 %),29700,2023570000,191900,13078200000,1107604538,1.72
10/03/2025,-146100,-9861280000,67.8(0.00 %),5400,364170000,151500,10225450000,1107750138,1.71
11/03/2025,-3600,-242070000,67.4(-0.59 %),20600,1388880000,24200,1630950000,1107750138,1.71
12/03/2025,169400,11522220000,67.9(0.74 %),189100,12857210000,19700,1334990000,1107885124,1.71
13/03/2025,19700,1351430000,68.3(0.59 %),41700,2850980000,22000,1499550000,1107867703,1.71
14/03/2025,-104700,-7087270000,67.7(-0.88 %),15200,1028340000,119900,8115610000,1107872206,1.71
17/03/2025,177100,12068800000,68.2(0.74 %),215900,14708530000,38800,2639730000,1107678293,1.72
18/03/2025,325400,22425870000,69.1(1.32 %),396100,27324580000,70700,4898710000,1107402617,1.73
19/03/2025,-22100,-1540090000,68.8(-0.43 %),30300,2090430000,52400,3630520000,1107411117,1.73
20/03/2025,5600,385380000,68.6(-0.29 %),15500,1065340000,9900,679960000,1107465478,1.73
21/03/2025,-238500,-16263680000,67.7(-1.31 %),4300,293750000,242800,16557430000,1107511781,1.72
24/03/2025,-197400,-13311700000,67.2(-0.74 %),8300,560750000,205700,13872450000,1107513381,1.72
25/03/2025,-67400,-4537670000,67.2(0.00 %),83900,5646330000,151300,10184000000,1107669455,1.72
26/03/2025,15300,1032090000,67.5(0.45 %),40500,2739170000,25200,1707080000,1107835512,1.71
27/03/2025,-15700,-1062200000,67.2(-0.44 %),6400,432160000,22100,1494360000,1107976489,1.7
28/03/2025,61300,4111070000,66.8(-0.60 %),118300,7935700000,57000,3824630000,1107881689,1.71
31/03/2025,9800,671270000,66.8(0.00 %),109800,7330680000,100000,6659410000,1107794662,1.71
01/04/2025,164400,11088460000,67.5(1.05 %),213100,14358000000,48700,3269540000,1107639241,1.72
02/04/2025,-31600,-2128230000,67.1(-0.59 %),2100,141310000,33700,2269540000,1107733567,1.71
03/04/2025,-95600,-6169210000,62.5(-6.86 %),13700,864680000,109300,7033890000,1107768552,1.71
04/04/2025,-176800,-10307110000,58.7(-6.08 %),191500,11241040000,368300,21548150000,1107606795,1.72
08/04/2025,386300,21093120000,54.6(-6.98 %),514200,28126480000,127900,7033360000,1107196119,1.74
09/04/2025,135600,8013650000,50.8(-6.96 %),724800,38122290000,589200,30108640000,1106834705,1.75
10/04/2025,-400,-21720000,54.3(6.89 %),0,0,400,21720000,1106953629,1.75
11/04/2025,18300,1048180000,58.1(7.00 %),128100,7331210000,109800,6283030000,1107414749,1.73
14/04/2025,-136700,-8055060000,59.2(1.89 %),82400,4862890000,219100,12917950000,1107332814,1.73
15/04/2025,-47800,-2817970000,58.2(-1.69 %),70900,4157060000,118700,6975030000,1107371659,1.73
16/04/2025,-117800,-6861080000,58.1(-0.17 %),18400,1066590000,136200,7927670000,1107572454,1.72
17/04/2025,-62700,-3616140000,58.1(0.00 %),17900,1033770000,80600,4649910000,1107673309,1.72
18/04/2025,-75600,-4430830000,58.4(0.52 %),39600,2327180000,115200,6758010000,1107769909,1.71
21/04/2025,-22800,-1326130000,58.1(-0.51 %),14900,867500000,37700,2193630000,1107835706,1.71
22/04/2025,33500,1845350000,57.5(-1.03 %),124400,7003870000,90900,5158520000,1107826508,1.71
23/04/2025,21300,1230310000,57.5(0.00 %),54600,3167150000,33300,1936840000,1107810615,1.71
24/04/2025,-6300,-363030000,57.5(0.00 %),9800,563740000,16100,926770000,1107891725,1.71
25/04/2025,22400,1298240000,58.5(1.74 %),35000,2030470000,12600,732230000,1107890062,1.71
28/04/2025,-15300,-890770000,58.4(-0.17 %),300,17490000,15600,908260000,1107905862,1.71
29/04/2025,-20700,-1205270000,58.3(-0.17 %),10200,595660000,30900,1800930000,1107908261,1.71
05/05/2025,53100,2187920000,58.5(0.34 %),53100,3102560000,0,914640000,1107886461,1.71
06/05/2025,182600,10790820000,59.6(1.88 %),192900,11400580000,10300,609760000,1107734910,1.71
07/05/2025,-148700,-9032520000,60.5(1.51 %),30000,1816210000,178700,10848730000,1107734910,1.71
08/05/2025,185900,11335390000,61.4(1.49 %),270600,16513760000,84700,5178370000,1107549010,1.72
09/05/2025,-43700,-2684720000,61.1(-0.49 %),20000,1226790000,63700,3911510000,1107697758,1.72
12/05/2025,224900,13894200000,62.3(1.96 %),240900,14884120000,16000,989920000,1107472748,1.73
13/05/2025,-6300,-382040000,62(-0.48 %),55800,3477310000,62100,3859350000,1107516458,1.72
14/05/2025,-44200,-2732940000,61.9(-0.16 %),20700,1280750000,64900,4013690000,1107516458,1.72
15/05/2025,28900,111080000,62(0.16 %),28900,1783620000,0,1672540000,1107520958,1.72
16/05/2025,27033,812499400,61.8(-0.32 %),27033,1670259400,0,857760000,1107551975,1.72
19/05/2025,4500,-4762190000,60.7(-1.78 %),4500,273810000,0,5036000000,1107551975,1.72
20/05/2025,3100,-6720200000,60.5(-0.33 %),3100,187300000,0,6907500000,1107551975,1.72
21/05/2025,19500,150700000,60.3(-0.33 %),19500,1180210000,0,1029510000,1107627775,1.72
22/05/2025,7200,-1684910000,61(1.16 %),7200,440410000,0,2125320000,1107738975,1.71
23/05/2025,402000,24975550000,63(3.28 %),441500,27444310000,39500,2468760000,1107336963,1.73
26/05/2025,43312,-3660348000,63(0.00 %),43312,2685472000,0,6345820000,1107364563,1.73
27/05/2025,238200,15147280000,63.7(1.11 %),309900,19694030000,71700,4546750000,1107126488,1.74
28/05/2025,447500,20595246000,64.1(0.63 %),447500,28824910000,0,8229664000,1106864286,1.75
29/05/2025,458220,25225256800,64(-0.16 %),458220,29298934000,0,4073677200,1106469786,1.77
30/05/2025,762520,45562256000,65(1.56 %),762520,49242888000,0,3680632000,1105764269,1.8
02/06/2025,2700,-11012220100,65.5(0.77 %),2700,175210000,0,11187430100,1105764269,1.8
03/06/2025,379500,18429790000,65.8(0.46 %),379500,24930250000,0,6500460000,1105483869,1.81
04/06/2025,210823,6164625900,64.8(-1.52 %),210823,13699885900,0,7535260000,1105559057,1.81
05/06/2025,75800,1208230000,63.8(-1.54 %),75800,4836340000,0,3628110000,1105540057,1.81
06/06/2025,98120,5892736000,63(-1.25 %),98120,6215576000,0,322840000,1105447037,1.81
09/06/2025,9300,-407599400,63.3(0.48 %),9300,587390000,0,994989400,1105447037,1.81
10/06/2025,1700,-6545314500,62.9(-0.63 %),1700,107950000,0,6653264500,1105447037,1.81
11/06/2025,-141200,-8852140000,62.6(-0.48 %),1400,88300000,142600,8940440000,1105453507,1.81
12/06/2025,-127100,-8008810000,62.8(0.32 %),2600,163760000,129700,8172570000,1105556974,1.81
13/06/2025,359800,23534530000,64.4(2.55 %),1162700,75546230000,802900,52011700000,1105338420,1.82
16/06/2025,939600,63584250000,68.9(6.99 %),1178400,79773820000,238800,16189570000,1104525900,1.85
17/06/2025,547000,37741470000,69.3(0.58 %),908300,62776900000,361300,25035430000,1103979900,1.88
18/06/2025,306700,21599970000,70.9(2.31 %),881400,62060000000,574700,40460030000,1103673262,1.89
19/06/2025,233600,16615770000,71.8(1.27 %),765300,54693050000,531700,38077280000,1103439733,1.9
20/06/2025,-62700,-4322180000,69.5(-3.20 %),85700,6078460000,148400,10400640000,1103439733,1.9
23/06/2025,-77900,-5668130000,72.6(4.46 %),258100,18694040000,336000,24362170000,1103439733,1.9
24/06/2025,353800,24539460000,69.1(-4.82 %),541000,37583770000,187200,13044310000,1103148510,1.91
25/06/2025,10900,771270000,67.5(-2.32 %),51000,3491770000,40100,2720500000,1103214683,1.91
26/06/2025,35100,2381090000,68.5(1.48 %),70000,4763470000,34900,2382380000,1103179582,1.91
27/06/2025,-81600,-5581270000,68(-0.73 %),800,54330000,82400,5635600000,1103179582,1.91
30/06/2025,-39900,-2714020000,67.8(-0.29 %),15400,1040160000,55300,3754180000,1103179582,1.91
01/07/2025,-289700,-19374630000,66.4(-2.06 %),12700,854620000,302400,20229250000,1103261282,1.91
02/07/2025,-124100,-8236140000,66.4(0.00 %),130300,8651480000,254400,16887620000,1103301257,1.9
03/07/2025,-380200,-25328630000,66.2(-0.30 %),22400,1502560000,402600,26831190000,1103590916,1.89
04/07/2025,-236700,-15703040000,66.4(0.30 %),3900,259030000,240600,15962070000,1103715038,1.89
07/07/2025,6600,440850000,66.5(0.15 %),27300,1818120000,20700,1377270000,1104088605,1.87
08/07/2025,39300,2608130000,67.7(1.80 %),139600,9367920000,100300,6759790000,1104286043,1.86
09/07/2025,-9600,-650990000,68(0.44 %),13200,894060000,22800,1545050000,1104285943,1.86
10/07/2025,-34800,-2357050000,68.4(0.59 %),157000,10704180000,191800,13061230000,1104285943,1.86
11/07/2025,-34700,-2359220000,67.9(-0.73 %),2900,197620000,37600,2556840000,1104295523,1.86
14/07/2025,-33200,-2257390000,68.2(0.44 %),36300,2474650000,69500,4732040000,1104330323,1.86
15/07/2025,51600,3517970000,67.7(-0.73 %),56000,3817840000,4400,299870000,1104313536,1.86
16/07/2025,-20400,-1377710000,67.4(-0.44 %),4900,330640000,25300,1708350000,1104349296,1.86
17/07/2025,10400,708920000,67.7(0.45 %),36400,2460530000,26000,1751610000,1104349296,1.86
18/07/2025,-66800,-4541340000,68.1(0.59 %),21700,1474410000,88500,6015750000,1104354504,1.86
21/07/2025,-26500,-1803710000,67.5(-0.88 %),2200,149270000,28700,1952980000,1104354104,1.86
22/07/2025,300,19510000,67.9(0.59 %),8400,565480000,8100,545970000,1104420624,1.86
23/07/2025,61200,4162830000,69(1.62 %),139200,9527490000,78000,5364660000,1104385765,1.86
24/07/2025,-300900,-20839610000,69.1(0.14 %),17800,1232630000,318700,22072240000,1104385765,1.86
25/07/2025,-329800,-22750610000,68.7(-0.58 %),12700,877550000,342500,23628160000,1104385765,1.86
28/07/2025,-700,-61330000,68.9(0.29 %),48400,3329560000,49100,3390890000,1104681277,1.85
29/07/2025,236600,16408180000,68(-1.31 %),291000,20162940000,54400,3754760000,1104774323,1.84
30/07/2025,-22100,-1505680000,67.9(-0.15 %),18100,1232840000,40200,2738520000,1104774937,1.84
31/07/2025,-38700,-2661900000,67.7(-0.29 %),21400,1456490000,60100,4118390000,1104774937,1.84
01/08/2025,-141800,-9591240000,67.6(-0.15 %),15100,1022960000,156900,10614200000,1104797047,1.84
04/08/2025,92100,6292850000,68(0.59 %),204600,13976930000,112500,7684080000,1104743617,1.84
05/08/2025,325200,22307160000,67.8(-0.29 %),373000,25571980000,47800,3264820000,1104560249,1.85
06/08/2025,123200,8481720000,69.3(2.21 %),173100,11897540000,49900,3415820000,1104437029,1.86
07/08/2025,-152100,-10525530000,69.1(-0.29 %),26000,1795800000,178100,12321330000,1104435129,1.86
08/08/2025,122100,8500600000,70.2(1.59 %),218300,15239630000,96200,6739030000,1104313113,1.86
11/08/2025,-67000,-4706040000,70.4(0.28 %),66000,4658080000,133000,9364120000,1104464824,1.85
12/08/2025,50300,3529860000,70.5(0.14 %),134500,9482940000,84200,5953080000,1104413644,1.86
13/08/2025,-112800,-7871180000,70(-0.71 %),78600,5490240000,191400,13361420000,1104480644,1.85
14/08/2025,-28900,-2008050000,69.7(-0.43 %),58100,4047060000,87000,6055110000,1104480244,1.85
15/08/2025,134900,9501820000,69.7(0.00 %),247500,17444970000,112600,7943150000,1104458283,1.85
18/08/2025,-446000,-31186560000,70(0.43 %),35900,2507740000,481900,33694300000,1104487217,1.85
19/08/2025,-127300,-8903830000,69.9(-0.14 %),85500,6018640000,212800,14922470000,1104487217,1.85
20/08/2025,-266300,-18332640000,68.3(-2.29 %),114700,7860170000,381000,26192810000,1104928776,1.83
21/08/2025,16700,1131480000,69.3(1.46 %),40300,2758290000,23600,1626810000,1105038777,1.83
22/08/2025,2300,156330000,68(-1.88 %),84200,5767530000,81900,5611200000,1105038777,1.83
25/08/2025,-18000,-1241820000,68.7(1.03 %),41800,2881600000,59800,4123420000,1105302743,1.82
26/08/2025,-21700,-1496400000,0(-100.00 %),14700,1014290000,36400,2510690000,1105302743,1.82
