Ngay,KLGDRong,GTDGRong,ThayDoi,KLMua,GtMua,KLBan,GtBan,RoomConLai,DangSoHuu
02/01/2007,2600,402240000,152.5(-3.48 %),2600,402240000,0,0,0,0.0
03/01/2007,800,122880000,154(0.33 %),800,122880000,0,0,0,0.0
04/01/2007,5800,989500000,169.4(7.22 %),11800,1998900000,6000,1009400000,0,0.0
05/01/2007,273400,50715700000,185.5(0.00 %),273400,50715700000,0,0,0,0.0
08/01/2007,120600,21944850000,179.3(-12.11 %),120900,21997350000,300,52500000,0,0.0
09/01/2007,286600,53259000000,187(3.89 %),289600,53814000000,3000,555000000,0,0.0
10/01/2007,160900,31808060000,197.1(-3.33 %),161600,31948060000,700,140000000,0,0.0
11/01/2007,0,0,197(6.49 %),0,0,0,0,0,0.0
12/01/2007,700,142540000,213(-2.38 %),1300,268600000,600,126060000,0,0.0
15/01/2007,8700,1948700000,223(-0.89 %),8700,1948700000,0,0,0,0.0
16/01/2007,10200,2301400000,218(-3.96 %),10200,2301400000,0,0,0,0.0
18/01/2007,4000,867460000,212(15.09 %),7300,1533360000,3300,665900000,0,0.0
19/01/2007,-900,-198850000,211(-1.86 %),2200,467650000,3100,666500000,0,0.0
22/01/2007,95400,19107300000,199(-5.24 %),95400,19107300000,0,0,0,0.0
23/01/2007,100,18290000,199(-0.85 %),3500,700240000,3400,681950000,0,0.0
25/01/2007,26800,5232210000,193.2(-4.36 %),27100,5290110000,300,57900000,0,0.0
26/01/2007,33400,6569650000,200(2.56 %),33500,6588950000,100,19300000,0,0.0
29/01/2007,52800,11061680000,210(2.94 %),52800,11061680000,0,0,0,0.0
30/01/2007,52500,11625460000,219.5(3.54 %),52500,11625460000,0,0,0,0.0
31/01/2007,1600,354000000,219(-3.10 %),1600,354000000,0,0,0,0.0
01/02/2007,72400,15664560000,212(-3.64 %),72400,15664560000,0,0,0,0.0
02/02/2007,46300,9582730000,209(-1.88 %),46300,9582730000,0,0,0,0.0
05/02/2007,-36400,-7582710000,207.5(-1.19 %),3600,761250000,40000,8343960000,0,0.0
06/02/2007,-9600,-1986060000,207(-0.96 %),1400,289800000,11000,2275860000,0,0.0
07/02/2007,-179800,-36637580000,204(-1.45 %),2200,451250000,182000,37088830000,0,0.0
08/02/2007,-151700,-29340430000,194.5(-5.12 %),1800,346820000,153500,29687250000,0,0.0
09/02/2007,-173500,-33104040000,195.1(1.61 %),10800,2075310000,184300,35179350000,0,0.0
12/02/2007,-29200,-5719500000,205(4.06 %),20500,4193040000,49700,9912540000,0,0.0
13/02/2007,-700,-144570000,206.3(0.15 %),600,123990000,1300,268560000,0,0.0
14/02/2007,-26500,-5434040000,207(0.00 %),50700,10593270000,77200,16027310000,0,0.0
15/02/2007,115100,24099010000,209.5(0.72 %),115300,24140660000,200,41650000,0,0.0
26/02/2007,63000,14411620000,230.2(7.07 %),65600,15009320000,2600,597700000,0,0.0
27/02/2007,-6100,-1320970000,233(-3.32 %),3900,929030000,10000,2250000000,0,0.0
28/02/2007,-54900,-12079110000,221(-7.92 %),16800,3692490000,71700,15771600000,0,0.0
01/03/2007,0,0,222(-1.51 %),0,0,0,0,0,0.0
02/03/2007,0,0,220(-4.35 %),0,0,0,0,0,0.0
05/03/2007,0,0,222.5(1.60 %),0,0,0,0,0,0.0
06/03/2007,0,0,219(-2.23 %),0,0,0,0,0,0.0
07/03/2007,0,0,212(-3.64 %),0,0,0,0,0,0.0
08/03/2007,0,0,218(2.83 %),0,0,0,0,0,0.0
09/03/2007,0,0,218(-0.91 %),0,0,0,0,0,0.0
12/03/2007,0,0,226(0.44 %),0,0,0,0,0,0.0
13/03/2007,0,0,230.7(-3.88 %),0,0,0,0,0,0.0
14/03/2007,0,0,221.5(-5.74 %),0,0,0,0,0,0.0
15/03/2007,0,0,216.8(-3.64 %),0,0,0,0,0,0.0
16/03/2007,0,0,229(-0.43 %),0,0,0,0,0,0.0
19/03/2007,0,0,251.6(0.00 %),0,0,0,0,0,0.0
20/03/2007,0,0,255(-7.61 %),0,0,0,0,0,0.0
21/03/2007,0,0,255(-1.92 %),0,0,0,0,0,0.0
22/03/2007,0,0,252(-0.79 %),0,0,0,0,0,0.0
23/03/2007,0,0,248.3(-1.86 %),0,0,0,0,0,0.0
26/03/2007,0,0,234(-4.49 %),0,0,0,0,0,0.0
27/03/2007,0,0,215(-5.70 %),0,0,0,0,0,0.0
28/03/2007,0,0,237(12.75 %),0,0,0,0,0,0.0
29/03/2007,0,0,237(-1.25 %),0,0,0,0,0,0.0
30/03/2007,0,0,228.8(-4.67 %),0,0,0,0,0,0.0
02/04/2007,0,0,225.5(-4.04 %),0,0,0,0,0,0.0
03/04/2007,0,0,225.5(0.67 %),0,0,0,0,0,0.0
04/04/2007,0,0,230.4(0.17 %),0,0,0,0,0,0.0
05/04/2007,0,0,226.8(-2.24 %),0,0,0,0,0,0.0
06/04/2007,0,0,228.5(0.66 %),0,0,0,0,0,0.0
09/04/2007,0,0,234.9(1.69 %),0,0,0,0,0,0.0
10/04/2007,0,0,233.5(-0.64 %),0,0,0,0,0,0.0
11/04/2007,0,0,233.5(-0.21 %),0,0,0,0,0,0.0
12/04/2007,0,0,229(-1.93 %),0,0,0,0,0,0.0
13/04/2007,0,0,227.4(0.62 %),0,0,0,0,0,0.0
16/04/2007,0,0,216(-4.76 %),0,0,0,0,0,0.0
17/04/2007,0,0,220(0.92 %),0,0,0,0,0,0.0
18/04/2007,0,0,229(3.15 %),0,0,0,0,0,0.0
19/04/2007,0,0,222.8(-2.28 %),0,0,0,0,0,0.0
20/04/2007,0,0,223(0.68 %),0,0,0,0,0,0.0
23/04/2007,0,0,214(-5.31 %),0,0,0,0,0,0.0
24/04/2007,0,0,213.8(1.09 %),0,0,0,0,0,0.0
25/04/2007,0,0,217.9(3.27 %),0,0,0,0,0,0.0
02/05/2007,0,0,217.7(-1.05 %),0,0,0,0,0,0.0
03/05/2007,0,0,218(-0.91 %),0,0,0,0,0,0.0
04/05/2007,0,0,217.5(1.02 %),0,0,0,0,0,0.0
07/05/2007,0,0,224.9(2.23 %),0,0,0,0,0,0.0
08/05/2007,0,0,225.5(-0.66 %),0,0,0,0,0,0.0
09/05/2007,0,0,224(-2.18 %),0,0,0,0,0,0.0
10/05/2007,0,0,223.1(-1.06 %),0,0,0,0,0,0.0
11/05/2007,0,0,229.5(2.46 %),0,0,0,0,0,0.0
14/05/2007,0,0,244.1(3.87 %),0,0,0,0,0,0.0
15/05/2007,0,0,239.5(-4.20 %),0,0,0,0,0,0.0
16/05/2007,0,0,238(0.42 %),0,0,0,0,0,0.0
17/05/2007,0,0,244(2.52 %),0,0,0,0,0,0.0
18/05/2007,0,0,243(0.83 %),0,0,0,0,0,0.0
21/05/2007,0,0,243.3(-2.09 %),0,0,0,0,0,0.0
22/05/2007,0,0,242(-0.82 %),0,0,0,0,0,0.0
23/05/2007,0,0,238(-1.24 %),0,0,0,0,0,0.0
24/05/2007,0,0,179.6(-0.22 %),0,0,0,0,0,0.0
25/05/2007,0,0,179(-0.56 %),0,0,0,0,0,0.0
28/05/2007,0,0,175(-2.23 %),0,0,0,0,0,0.0
29/05/2007,0,0,172.5(-2.54 %),0,0,0,0,0,0.0
30/05/2007,0,0,170.9(-0.52 %),0,0,0,0,0,0.0
31/05/2007,0,0,175.1(3.00 %),0,0,0,0,0,0.0
01/06/2007,0,0,174(0.00 %),0,0,0,0,0,0.0
04/06/2007,0,0,173.1(-1.37 %),0,0,0,0,0,0.0
05/06/2007,0,0,170(-1.73 %),0,0,0,0,0,0.0
06/06/2007,0,0,170.3(1.07 %),0,0,0,0,0,0.0
07/06/2007,0,0,170(-0.58 %),0,0,0,0,0,0.0
08/06/2007,0,0,169.3(-0.53 %),0,0,0,0,0,0.0
11/06/2007,0,0,168(-0.53 %),0,0,0,0,0,0.0
12/06/2007,0,0,167.5(-0.30 %),0,0,0,0,0,0.0
13/06/2007,0,0,165.5(-2.65 %),0,0,0,0,0,0.0
14/06/2007,0,0,165(-0.90 %),0,0,0,0,0,0.0
15/06/2007,0,0,166.8(1.40 %),0,0,0,0,0,0.0
18/06/2007,0,0,168.3(1.39 %),0,0,0,0,0,0.0
19/06/2007,0,0,166.8(0.48 %),0,0,0,0,0,0.0
20/06/2007,0,0,167.5(-0.30 %),0,0,0,0,0,0.0
21/06/2007,0,0,164.5(-2.08 %),0,0,0,0,0,0.0
22/06/2007,0,0,164.5(-0.90 %),0,0,0,0,0,0.0
25/06/2007,0,0,162.9(-0.06 %),0,0,0,0,0,0.0
26/06/2007,0,0,162(-3.57 %),0,0,0,0,0,0.0
27/06/2007,0,0,159.5(-0.93 %),0,0,0,0,0,0.0
28/06/2007,0,0,156(-2.50 %),0,0,0,0,0,0.0
29/06/2007,0,0,153.7(0.13 %),0,0,0,0,0,0.0
02/07/2007,39500,5904980000,143.5(-4.33 %),39500,5904980000,0,0,0,0.0
03/07/2007,139800,20096230000,148.1(2.49 %),140000,20124330000,200,28100000,0,0.0
04/07/2007,51800,8078590000,157.7(3.75 %),51800,8078590000,0,0,0,0.0
05/07/2007,12300,1867130000,149.4(-6.62 %),12300,1867130000,0,0,0,0.0
06/07/2007,61200,9250790000,155(3.33 %),61200,9250790000,0,0,0,0.0
09/07/2007,55400,8610640000,157.9(1.87 %),55400,8610640000,0,0,0,0.0
10/07/2007,62000,10235580000,163.5(1.55 %),62000,10235580000,0,0,0,0.0
11/07/2007,5500,899910000,162.5(-1.52 %),5500,899910000,0,0,0,0.0
12/07/2007,8100,1284190000,158(-4.24 %),8100,1284190000,0,0,0,0.0
13/07/2007,31300,4987990000,161(2.55 %),31300,4987990000,0,0,0,0.0
16/07/2007,44100,6941770000,157.5(-1.56 %),44200,6957570000,100,15800000,0,0.0
17/07/2007,1400,221970000,158.3(0.19 %),1400,221970000,0,0,0,0.0
18/07/2007,52100,8241880000,158.4(0.00 %),52100,8241880000,0,0,0,0.0
19/07/2007,60300,9516760000,157.2(0.13 %),61900,9769580000,1600,252820000,0,0.0
20/07/2007,53400,8354420000,156.5(-0.95 %),53400,8354420000,0,0,0,0.0
23/07/2007,25000,3889130000,155.5(-1.58 %),50000,7776310000,25000,3887180000,0,0.0
24/07/2007,13900,2166620000,156(0.97 %),39200,6094680000,25300,3928060000,0,0.0
25/07/2007,-8600,-1334450000,156.5(-2.19 %),16500,2591040000,25100,3925490000,0,0.0
26/07/2007,24400,3812920000,155.9(-1.20 %),49400,7720390000,25000,3907470000,0,0.0
27/07/2007,-5100,-794900000,155.9(-1.33 %),19900,3082700000,25000,3877600000,0,0.0
30/07/2007,128300,19869530000,155(-1.27 %),129900,20117950000,1600,248420000,0,0.0
31/07/2007,153000,23542290000,154(-0.65 %),163000,25087290000,10000,1545000000,0,0.0
01/08/2007,112500,17509770000,157.5(2.27 %),114400,17804920000,1900,295150000,0,0.0
02/08/2007,74100,11572360000,155(-1.59 %),94100,14690030000,20000,3117670000,0,0.0
03/08/2007,116000,17898860000,155.3(0.19 %),146000,22519400000,30000,4620540000,0,0.0
06/08/2007,116800,18084600000,154.3(0.19 %),137200,21236880000,20400,3152280000,0,0.0
07/08/2007,300,58970000,155.1(0.19 %),20300,3141910000,20000,3082940000,0,0.0
08/08/2007,2600,410900000,154.8(0.26 %),41900,6478720000,39300,6067820000,0,0.0
09/08/2007,50600,7904310000,158(1.28 %),51300,8012880000,700,108570000,0,0.0
10/08/2007,72500,11395440000,158(-0.63 %),107500,16901360000,35000,5505920000,0,0.0
13/08/2007,50700,7937790000,156.1(0.06 %),125900,19676770000,75200,11738980000,0,0.0
14/08/2007,88600,13948810000,157.5(1.61 %),88600,13948810000,0,0,0,0.0
15/08/2007,31800,5022390000,158.5(0.70 %),31800,5022390000,0,0,0,0.0
16/08/2007,-18400,-2901710000,158.2(1.41 %),34100,5396630000,52500,8298340000,0,0.0
17/08/2007,51100,8036110000,157.3(-0.44 %),51200,8051820000,100,15710000,0,0.0
20/08/2007,59600,9346120000,156.7(-0.19 %),59600,9346120000,0,0,0,0.0
21/08/2007,26600,4162640000,156.5(-0.19 %),26600,4162640000,0,0,0,0.0
22/08/2007,100900,15846210000,157.1(0.71 %),100900,15846210000,0,0,0,0.0
23/08/2007,44600,7030850000,157.5(0.32 %),44700,7046620000,100,15770000,0,0.0
24/08/2007,16400,2593160000,158(0.00 %),16400,2593160000,0,0,0,0.0
27/08/2007,9600,1520650000,158.2(-1.12 %),9600,1520650000,0,0,0,0.0
28/08/2007,16000,2525020000,157.6(-0.44 %),16000,2525020000,0,0,0,0.0
29/08/2007,5700,897100000,157.4(-0.06 %),5800,912830000,100,15730000,0,0.0
30/08/2007,34100,5388340000,158(0.32 %),34200,5404140000,100,15800000,0,0.0
31/08/2007,32600,5170410000,158.8(0.44 %),32700,5186230000,100,15820000,0,0.0
04/09/2007,50300,8162010000,163(1.88 %),50600,8210620000,300,48610000,0,0.0
05/09/2007,58400,9559940000,163.5(0.62 %),58800,9625340000,400,65400000,0,0.0
06/09/2007,19400,3209540000,169(3.05 %),19600,3243340000,200,33800000,0,0.0
07/09/2007,10000,1762870000,173.1(1.88 %),13000,2278870000,3000,516000000,0,0.0
10/09/2007,1400,241820000,172(-1.71 %),7900,1373270000,6500,1131450000,0,0.0
11/09/2007,64500,10879410000,168.8(-2.37 %),100500,16956110000,36000,6076700000,0,0.0
12/09/2007,23100,3951690000,170(0.59 %),23100,3951690000,0,0,0,0.0
13/09/2007,20300,3441780000,169.2(-0.41 %),20300,3441780000,0,0,0,0.0
14/09/2007,28200,4783320000,170(0.00 %),28200,4783320000,0,0,0,0.0
17/09/2007,1300,222320000,170.6(0.35 %),1300,222320000,0,0,0,0.0
18/09/2007,6300,1072740000,170.6(0.35 %),6400,1089740000,100,17000000,0,0.0
19/09/2007,2500,433200000,173.5(1.76 %),2600,450500000,100,17300000,0,0.0
20/09/2007,700,112440000,172.5(-0.40 %),63600,10978430000,62900,10865990000,0,0.0
21/09/2007,37900,6527020000,172.6(0.64 %),38900,6699020000,1000,172000000,0,0.0
24/09/2007,21200,3707360000,175(1.45 %),21300,3724660000,100,17300000,0,0.0
25/09/2007,60000,10739260000,179.1(1.76 %),60700,10864410000,700,125150000,0,0.0
26/09/2007,40100,7209430000,179.5(0.22 %),40400,7263340000,300,53910000,0,0.0
27/09/2007,278800,51517380000,190(5.56 %),304100,56249100000,25300,4731720000,0,0.0
28/09/2007,146200,29601070000,203.3(6.72 %),187000,37849700000,40800,8248630000,0,0.0
01/10/2007,115600,25650870000,221.8(0.82 %),184100,40689540000,68500,15038670000,0,0.0
02/10/2007,239700,54019900000,228(-5.39 %),255800,57617650000,16100,3597750000,0,0.0
03/10/2007,-42200,-9820220000,234(-4.65 %),13300,3028550000,55500,12848770000,0,0.0
04/10/2007,-35400,-8912190000,253.5(5.62 %),35800,9018400000,71200,17930590000,0,0.0
05/10/2007,-46000,-11936120000,250(-5.66 %),106100,27798830000,152100,39734950000,0,0.0
08/10/2007,-11100,-2231250000,239.5(-6.81 %),80600,19967800000,91700,22199050000,0,0.0
09/10/2007,-34800,-8878560000,244.1(2.13 %),32800,7807060000,67600,16685620000,0,0.0
10/10/2007,-222400,-55824820000,251(-0.40 %),16700,4180820000,239100,60005640000,0,0.0
11/10/2007,-45300,-11068790000,251.7(-1.06 %),148000,37452100000,193300,48520890000,0,0.0
12/10/2007,103200,27067010000,260.1(1.96 %),114200,29928210000,11000,2861200000,0,0.0
15/10/2007,0,0,0(0.00 %),0,0,0,0,0,0.0
16/10/2007,0,0,0(0.00 %),0,0,0,0,0,0.0
17/10/2007,0,0,0(0.00 %),0,0,0,0,0,0.0
18/10/2007,0,0,0(0.00 %),0,0,0,0,0,0.0
19/10/2007,0,0,0(0.00 %),0,0,0,0,0,0.0
22/10/2007,0,0,0(0.00 %),0,0,0,0,0,0.0
23/10/2007,0,0,0(0.00 %),0,0,0,0,0,0.0
24/10/2007,0,0,0(0.00 %),0,0,0,0,0,0.0
25/10/2007,0,0,0(0.00 %),0,0,0,0,0,0.0
26/10/2007,0,0,0(0.00 %),0,0,0,0,0,0.0
29/10/2007,683800,199611610000,285(0.00 %),1019200,298000000000,335400,98388390000,0,0.0
30/10/2007,251670,70984250000,278(-2.46 %),259760,73287950000,8090,2303700000,0,0.0
31/10/2007,-5760,-1463230000,265(-4.68 %),123750,33370300000,129510,34833530000,0,0.0
01/11/2007,76580,21138840000,278(4.91 %),89880,24793740000,13300,3654900000,0,0.0
02/11/2007,15080,4098820000,271(-2.52 %),20250,5502960000,5170,1404140000,0,0.0
05/11/2007,65000,17327770000,266(-1.85 %),84590,22576230000,19590,5248460000,0,0.0
06/11/2007,181830,47619830000,261(-1.88 %),185830,48666830000,4000,1047000000,0,0.0
07/11/2007,-60330,-15995760000,265(1.53 %),10810,2861250000,71140,18857010000,0,0.0
08/11/2007,32770,8596370000,261(-1.51 %),33570,8808370000,800,212000000,0,0.0
09/11/2007,53140,13748760000,257(-1.53 %),57420,14854840000,4280,1106080000,0,0.0
12/11/2007,10370,2594370000,251(-2.33 %),17070,4310870000,6700,1716500000,0,0.0
13/11/2007,26040,6422370000,239(-4.78 %),34640,8488670000,8600,2066300000,0,0.0
14/11/2007,-30520,-7630000000,250(4.60 %),160,40000000,30680,7670000000,0,0.0
15/11/2007,141100,36833000000,261(4.40 %),146500,38246500000,5400,1413500000,0,0.0
16/11/2007,14890,3868720000,260(-0.38 %),15860,4120920000,970,252200000,0,0.0
19/11/2007,32550,8464220000,260(0.00 %),50110,13031220000,17560,4567000000,0,0.0
20/11/2007,37950,9760600000,256(-1.54 %),54310,13952360000,16360,4191760000,0,0.0
21/11/2007,-77360,-19433120000,252(-1.56 %),9270,2323700000,86630,21756820000,0,0.0
22/11/2007,-950,-260680000,254(0.79 %),15640,3986760000,16590,4247440000,0,0.0
23/11/2007,-299410,-75579990000,251(-1.18 %),10770,2728030000,310180,78308020000,0,0.0
26/11/2007,35680,9142000000,258(2.79 %),39200,10045600000,3520,903600000,0,0.0
27/11/2007,137690,35655360000,258(0.00 %),162730,42123760000,25040,6468400000,0,0.0
28/11/2007,20380,5272690000,259(0.39 %),328820,81611210000,308440,76338520000,0,0.0
29/11/2007,-30240,-7866760000,257(-0.77 %),19690,5091040000,49930,12957800000,0,0.0
30/11/2007,242430,63060180000,261(1.56 %),247990,64496520000,5560,1436340000,0,0.0
03/12/2007,57570,15351930000,269(3.07 %),60870,16237230000,3300,885300000,0,0.0
04/12/2007,54170,14712730000,270(0.37 %),102170,27738910000,48000,13026180000,0,0.0
05/12/2007,204980,54497150000,266(-1.48 %),246690,65621340000,41710,11124190000,0,0.0
06/12/2007,42950,11422950000,266(0.00 %),47050,12510250000,4100,1087300000,0,0.0
07/12/2007,-4620,-1232250000,268(0.75 %),29410,7865730000,34030,9097980000,0,0.0
10/12/2007,-5270,-1405780000,263(-1.87 %),18750,4946360000,24020,6352140000,0,0.0
11/12/2007,-4500,-1167250000,259(-1.52 %),8210,2130860000,12710,3298110000,0,0.0
12/12/2007,2770,716020000,260(0.39 %),2880,744180000,110,28160000,0,0.0
13/12/2007,33530,8630070000,256(-1.54 %),34530,8887070000,1000,257000000,0,0.0
14/12/2007,-5330,-1365750000,259(1.17 %),9130,2356610000,14460,3722360000,0,0.0
17/12/2007,-63880,-16184640000,253(-2.32 %),15120,3893860000,79000,20078500000,0,0.0
18/12/2007,-26910,-6773420000,253(0.00 %),19510,4886580000,46420,11660000000,0,0.0
19/12/2007,-133340,-34062540000,256(1.19 %),11740,2993380000,145080,37055920000,0,0.0
20/12/2007,-1640,-391730000,252(-1.56 %),9610,2449290000,11250,2841020000,0,0.0
21/12/2007,79030,19910870000,253(0.40 %),122030,30697470000,43000,10786600000,0,0.0
24/12/2007,115360,19669930000,170(0.59 %),156190,26624160000,40830,6954230000,0,0.0
25/12/2007,16530,2775400000,165(-2.94 %),16530,2775400000,0,0,0,0.0
26/12/2007,148070,24392960000,167(1.21 %),154570,25461960000,6500,1069000000,0,0.0
27/12/2007,223620,37368870000,167(0.00 %),245120,40956370000,21500,3587500000,0,0.0
28/12/2007,-95320,-15940740000,168(0.60 %),64830,10874460000,160150,26815200000,0,0.0
02/01/2008,-88140,-14698820000,168(0.00 %),32920,5529260000,121060,20228080000,0,0.0
03/01/2008,24510,4070220000,166(-1.19 %),28820,4784520000,4310,714300000,0,0.0
04/01/2008,-19370,-3141880000,165(-0.60 %),61930,10266760000,81300,13408640000,0,0.0
07/01/2008,74380,11994870000,160(-3.03 %),74380,11994870000,0,0,0,0.0
08/01/2008,-1030,-164340000,161(0.62 %),1770,287040000,2800,451380000,0,0.0
09/01/2008,-6750,-1064150000,158(-1.86 %),2650,421050000,9400,1485200000,0,0.0
10/01/2008,-169340,-25975300000,152(-3.80 %),6800,1052760000,176140,27028060000,0,0.0
11/01/2008,54570,8394950000,153(0.66 %),62720,9641900000,8150,1246950000,0,0.0
14/01/2008,40390,6028070000,148(-3.27 %),41160,6143570000,770,115500000,0,0.0
15/01/2008,18170,2571770000,141(-4.73 %),18310,2592010000,140,20240000,0,0.0
16/01/2008,9780,1441140000,148(4.96 %),16300,2406100000,6520,964960000,0,0.0
17/01/2008,237260,35044410000,146(-1.35 %),237340,35056090000,80,11680000,0,0.0
18/01/2008,53160,7771540000,148(1.37 %),53860,7875140000,700,103600000,0,0.0
21/01/2008,6760,984760000,145(-2.03 %),7790,1134110000,1030,149350000,0,0.0
22/01/2008,-80230,-11275570000,139(-4.14 %),52780,7331140000,133010,18606710000,0,0.0
23/01/2008,-37390,-5000450000,133(-4.32 %),81300,10828560000,118690,15829010000,0,0.0
24/01/2008,71350,9766010000,133(0.00 %),93420,12755450000,22070,2989440000,0,0.0
25/01/2008,30860,4157090000,135(1.50 %),31210,4204140000,350,47050000,0,0.0
28/01/2008,75540,10188520000,135(0.00 %),79630,10740670000,4090,552150000,0,0.0
29/01/2008,94830,12905290000,138(2.22 %),96830,13175290000,2000,270000000,0,0.0
30/01/2008,81100,11548380000,144(4.35 %),83960,11958500000,2860,410120000,0,0.0
31/01/2008,5650,783990000,141(-2.08 %),6650,924990000,1000,141000000,0,0.0
01/02/2008,-14230,-1996480000,143(1.42 %),139220,19851340000,153450,21847820000,0,0.0
12/02/2008,20090,2967330000,137(-4.20 %),75940,10623280000,55850,7655950000,0,0.0
13/02/2008,-31810,-4214320000,133(-2.92 %),21100,2834340000,52910,7048660000,0,0.0
14/02/2008,17390,2324930000,133(0.00 %),18310,2447290000,920,122360000,0,0.0
15/02/2008,360,48160000,130(-2.26 %),2560,334160000,2200,286000000,0,0.0
18/02/2008,19520,2420480000,124(-4.62 %),19520,2420480000,0,0,0,0.0
19/02/2008,1480,163040000,118(-4.84 %),14080,1661440000,12600,1498400000,0,0.0
20/02/2008,46050,5322030000,113(-4.24 %),46050,5322030000,0,0,0,0.0
21/02/2008,42590,4599720000,108(-4.42 %),42590,4599720000,0,0,0,0.0
22/02/2008,-64650,-6658950000,103(-4.63 %),14950,1539850000,79600,8198800000,0,0.0
25/02/2008,83310,8841050000,107(3.88 %),148270,15705230000,64960,6864180000,0,0.0
26/02/2008,71450,7316850000,102(-4.67 %),71450,7316850000,0,0,0,0.0
27/02/2008,103720,10184255000,97(-4.90 %),110220,10814755000,6500,630500000,0,0.0
28/02/2008,88550,8450940000,93(-4.12 %),105650,10110590000,17100,1659650000,0,0.0
29/02/2008,196610,17524250000,88.5(-4.84 %),256070,22786835000,59460,5262585000,0,0.0
03/03/2008,279380,23607610000,84.5(-4.52 %),294250,24864125000,14870,1256515000,0,0.0
04/03/2008,11130,895965000,80.5(-4.73 %),11130,895965000,0,0,0,0.0
05/03/2008,39610,3030165000,76.5(-4.97 %),39610,3030165000,0,0,0,0.0
06/03/2008,254410,20352800000,80(4.58 %),306610,24528800000,52200,4176000000,0,0.0
07/03/2008,-23600,-1982400000,84(5.00 %),33900,2847600000,57500,4830000000,0,0.0
10/03/2008,365630,31809585000,83(-1.19 %),384910,33409825000,19280,1600240000,0,0.0
11/03/2008,359210,28474990000,79(-4.82 %),487260,38590940000,128050,10115950000,0,0.0
12/03/2008,342970,26880550000,79.5(0.63 %),342970,26880550000,0,0,0,0.0
13/03/2008,331690,27391280000,83(4.40 %),337040,27835330000,5350,444050000,0,0.0
14/03/2008,67980,5554590000,81(-2.41 %),67980,5554590000,0,0,0,0.0
17/03/2008,128540,9897580000,77(-4.94 %),129040,9936080000,500,38500000,0,0.0
18/03/2008,37340,2744490000,73.5(-4.55 %),37340,2744490000,0,0,0,0.0
19/03/2008,-14660,-1024900000,70(-4.76 %),55340,3875100000,70000,4900000000,0,0.0
20/03/2008,17050,1133825000,66.5(-5.00 %),23050,1532825000,6000,399000000,0,0.0
21/03/2008,19330,1227455000,63.5(-4.51 %),22920,1455420000,3590,227965000,0,0.0
24/03/2008,26710,1615955000,60.5(-4.72 %),41210,2493205000,14500,877250000,0,0.0
25/03/2008,4540,261050000,57.5(-4.96 %),12490,718175000,7950,457125000,0,0.0
26/03/2008,763620,41975150000,55(-4.35 %),1297990,71389950000,534370,29414800000,0,0.0
27/03/2008,-215560,-11963580000,55.5(0.91 %),120570,6691635000,336130,18655215000,0,0.0
28/03/2008,39700,2223200000,56(0.90 %),39800,2228800000,100,5600000,0,0.0
31/03/2008,-114920,-6492980000,56.5(0.89 %),40530,2289945000,155450,8782925000,0,0.0
01/04/2008,14050,800850000,57(0.88 %),14050,800850000,0,0,0,0.0
02/04/2008,5550,319125000,57.5(0.88 %),5550,319125000,0,0,0,0.0
03/04/2008,570,33060000,58(0.87 %),570,33060000,0,0,0,0.0
04/04/2008,-50300,-2942550000,58.5(0.86 %),0,0,50300,2942550000,0,0.0
07/04/2008,-70000,-4165000000,59.5(1.71 %),30000,1785000000,100000,5950000000,0,0.0
08/04/2008,67080,4413700000,59(-0.84 %),892990,53013805000,825910,48600105000,0,0.0
09/04/2008,318770,18488875000,58(-1.69 %),355720,20631975000,36950,2143100000,0,0.0
10/04/2008,110490,6297930000,57(-1.72 %),110490,6297930000,0,0,0,0.0
11/04/2008,2268290,127024600000,56(-1.75 %),2366190,132507000000,97900,5482400000,0,0.0
16/04/2008,1679400,92367000000,55(-1.79 %),1696810,93324550000,17410,957550000,0,0.0
17/04/2008,453680,24507910000,56(1.82 %),857680,46697410000,404000,22189500000,0,0.0
18/04/2008,547350,30419345000,56(0.00 %),741880,41209860000,194530,10790515000,0,0.0
21/04/2008,357520,19663600000,55(-1.79 %),357670,19671850000,150,8250000,0,0.0
22/04/2008,3550,191700000,54(-1.82 %),3550,191700000,0,0,0,0.0
23/04/2008,124850,6617050000,53(-1.85 %),135470,7179910000,10620,562860000,0,0.0
24/04/2008,34570,1797640000,52(-1.89 %),53570,2785640000,19000,988000000,0,0.0
25/04/2008,178140,9085140000,51(-1.92 %),207440,10579440000,29300,1494300000,0,0.0
28/04/2008,367900,18395000000,50(-1.96 %),406500,20325000000,38600,1930000000,0,0.0
29/04/2008,42000,2058000000,49(-2.00 %),72900,3572100000,30900,1514100000,0,0.0
05/05/2008,-21770,-1047137000,48.1(-1.84 %),15840,761904000,37610,1809041000,0,0.0
06/05/2008,48400,2284480000,47.2(-1.87 %),108100,5102320000,59700,2817840000,0,0.0
07/05/2008,139200,6444960000,46.3(-1.91 %),139200,6444960000,0,0,0,0.0
08/05/2008,96910,4399714000,45.4(-1.94 %),96910,4399714000,0,0,0,0.0
09/05/2008,19750,878875000,44.5(-1.98 %),19750,878875000,0,0,0,0.0
12/05/2008,164920,7207004000,43.7(-1.80 %),164920,7207004000,0,0,0,0.0
13/05/2008,3680,157872000,42.9(-1.83 %),3680,157872000,0,0,0,0.0
14/05/2008,111200,4681520000,42.1(-1.86 %),111200,4681520000,0,0,0,0.0
15/05/2008,3340,131262000,39.3(-2.00 %),3340,131262000,0,0,0,0.0
16/05/2008,90820,3505652000,38.6(-1.78 %),90820,3505652000,0,0,0,0.0
19/05/2008,164750,6244025000,37.9(-1.81 %),164750,6244025000,0,0,0,0.0
20/05/2008,209050,7776660000,37.2(-1.85 %),209050,7776660000,0,0,0,0.0
21/05/2008,220860,8061390000,36.5(-1.88 %),220860,8061390000,0,0,0,0.0
22/05/2008,261660,9367428000,35.8(-1.92 %),341460,12224268000,79800,2856840000,0,0.0
23/05/2008,463300,16261830000,35.1(-1.96 %),481590,16903809000,18290,641979000,0,0.0
26/05/2008,6970,239768000,34.4(-1.99 %),6970,239768000,0,0,0,0.0
27/05/2008,0,0,34.4(0.00 %),0,0,0,0,0,0.0
28/05/2008,0,0,34.4(0.00 %),0,0,0,0,0,0.0
29/05/2008,0,0,34.4(0.00 %),0,0,0,0,0,0.0
30/05/2008,25050,846690000,33.8(-1.74 %),25050,846690000,0,0,0,0.0
02/06/2008,10860,360552000,33.2(-1.78 %),10950,363540000,90,2988000,0,0.0
03/06/2008,-390,-12714000,32.6(-1.81 %),1400,45640000,1790,58354000,0,0.0
04/06/2008,5500,176000000,32(-1.84 %),7120,227840000,1620,51840000,0,0.0
05/06/2008,-2240,-70336000,31.4(-1.88 %),100,3140000,2340,73476000,0,0.0
06/06/2008,-5840,-179872000,30.8(-1.91 %),10610,326788000,16450,506660000,0,0.0
09/06/2008,60400,1824080000,30.2(-1.95 %),80400,2428080000,20000,604000000,0,0.0
10/06/2008,59500,1761200000,29.6(-1.99 %),60600,1793760000,1100,32560000,0,0.0
11/06/2008,184400,5366040000,29.1(-1.69 %),203240,5914284000,18840,548244000,0,0.0
12/06/2008,188570,5393102000,28.6(-1.72 %),191690,5482334000,3120,89232000,0,0.0
13/06/2008,345690,9713889000,28.1(-1.75 %),459690,12917289000,114000,3203400000,0,0.0
16/06/2008,162870,4534033000,28.6(1.78 %),430720,12059937000,267850,7525904000,0,0.0
17/06/2008,142410,4144131000,29.1(1.75 %),286140,8326674000,143730,4182543000,0,0.0
18/06/2008,1570900,44927740000,28.6(-1.72 %),1727900,49417940000,157000,4490200000,0,0.0
19/06/2008,438980,12203644000,27.8(-2.80 %),515030,14317834000,76050,2114190000,0,0.0
20/06/2008,2233930,60314695000,27(-2.88 %),2495910,67389580000,261980,7074885000,0,0.0
23/06/2008,185760,5140642000,27.8(2.96 %),192460,5325282000,6700,184640000,0,0.0
24/06/2008,138580,3963388000,28.6(2.88 %),138580,3963388000,0,0,0,0.0
25/06/2008,0,0,29.4(2.80 %),0,0,0,0,0,0.0
26/06/2008,-150,-4530000,30.2(2.72 %),0,0,150,4530000,0,0.0
27/06/2008,0,0,31.1(2.98 %),63200,1965520000,63200,1965520000,0,0.0
30/06/2008,-300,-9600000,32(2.89 %),0,0,300,9600000,0,0.0
01/07/2008,2890,95081000,32.9(2.81 %),7890,259581000,5000,164500000,0,0.0
02/07/2008,30000,1014000000,33.8(2.74 %),30000,1014000000,0,0,0,0.0
03/07/2008,752610,26190828000,34.8(2.96 %),1620410,56390268000,867800,30199440000,0,0.0
04/07/2008,41130,1472454000,35.8(2.87 %),41430,1483194000,300,10740000,0,0.0
07/07/2008,1478000,54390400000,36.8(2.79 %),1570680,57801024000,92680,3410624000,0,0.0
08/07/2008,1559620,59109598000,37.9(2.99 %),1561420,59177818000,1800,68220000,0,0.0
09/07/2008,-100,-3900000,39(2.90 %),0,0,100,3900000,0,0.0
10/07/2008,0,0,40.1(2.82 %),0,0,0,0,0,0.0
11/07/2008,-200,-8260000,41.3(2.99 %),0,0,200,8260000,0,0.0
14/07/2008,0,0,42.5(2.91 %),0,0,0,0,0,0.0
15/07/2008,3030,132411000,43.7(2.82 %),3530,154261000,500,21850000,0,0.0
16/07/2008,19770,889650000,45(2.97 %),23810,1071450000,4040,181800000,0,0.0
17/07/2008,2250,104175000,46.3(2.89 %),3750,173625000,1500,69450000,0,0.0
18/07/2008,45780,2179128000,47.6(2.81 %),56880,2707488000,11100,528360000,0,0.0
21/07/2008,5838880,285921000000,49(2.94 %),7898380,386837000000,2059500,100916000000,0,0.0
22/07/2008,4310,205156000,47.6(-2.86 %),352310,17557156000,348000,17352000000,0,0.0
23/07/2008,1500,69300000,46.2(-2.94 %),1500,69300000,0,0,0,0.0
24/07/2008,-7870,-353363000,44.9(-2.81 %),11100,498390000,18970,851753000,0,0.0
25/07/2008,1140370,49720132000,43.6(-2.90 %),1140370,49720132000,0,0,0,0.0
28/07/2008,30080,1272384000,42.3(-2.98 %),30080,1272384000,0,0,0,0.0
29/07/2008,-113360,-4931160000,43.5(2.84 %),0,0,113360,4931160000,0,0.0
30/07/2008,5360,227368000,42.2(-2.99 %),18970,802431000,13610,575063000,0,0.0
31/07/2008,0,0,41(-2.84 %),670820,27503620000,670820,27503620000,0,0.0
01/08/2008,0,0,39.8(-2.93 %),0,0,0,0,0,0.0
04/08/2008,53130,2056131000,38.7(-2.76 %),53130,2056131000,0,0,0,0.0
05/08/2008,73840,2776384000,37.6(-2.84 %),73840,2776384000,0,0,0,0.0
06/08/2008,0,0,36.5(-2.93 %),100000,3650000000,100000,3650000000,0,0.0
07/08/2008,-195370,-7165765000,35.6(-2.47 %),300000,10680000000,495370,17845765000,0,0.0
08/08/2008,-6700,-242036000,36.6(2.81 %),268690,9296674000,275390,9538710000,0,0.0
11/08/2008,-130,-4888000,37.6(2.73 %),0,0,130,4888000,0,0.0
12/08/2008,-1000,-38700000,38.7(2.93 %),0,0,1000,38700000,0,0.0
13/08/2008,-1000,-39800000,39.8(2.84 %),0,0,1000,39800000,0,0.0
14/08/2008,-713120,-29166608000,40.9(2.76 %),86880,3553392000,800000,32720000000,0,0.0
15/08/2008,-349700,-14722370000,42.1(2.93 %),40300,1648630000,390000,16371000000,0,0.0
18/08/2008,4700,207740000,44.2(4.99 %),5000,221000000,300,13260000,0,0.0
19/08/2008,-551880,-25622792000,46.4(4.98 %),153120,7089208000,705000,32712000000,0,0.0
20/08/2008,64020,2966848000,48.7(4.96 %),109580,5173982000,45560,2207134000,0,0.0
21/08/2008,-890,-45390000,51(4.72 %),5910,301410000,6800,346800000,0,0.0
22/08/2008,-96000,-5136000000,53.5(4.90 %),0,0,96000,5136000000,0,0.0
25/08/2008,970,54320000,56(4.67 %),3220,180320000,2250,126000000,0,0.0
26/08/2008,-27610,-1615185000,58.5(4.46 %),0,0,27610,1615185000,0,0.0
27/08/2008,-11660,-711260000,61(4.27 %),0,0,11660,711260000,0,0.0
28/08/2008,221510,14168540000,64(4.92 %),249920,15986780000,28410,1818240000,0,0.0
29/08/2008,-567660,-38041320000,67(4.69 %),304560,20395570000,872220,58436890000,0,0.0
03/09/2008,-23350,-1634500000,70(4.48 %),0,0,23350,1634500000,0,0.0
04/09/2008,19600,1440600000,73.5(5.00 %),19900,1462650000,300,22050000,0,0.0
05/09/2008,-2730,-210210000,77(4.76 %),8140,626780000,10870,836990000,0,0.0
08/09/2008,105370,7744470000,73.5(-4.55 %),183460,13484310000,78090,5739840000,0,0.0
09/09/2008,-89930,-6385065000,70(-4.76 %),36090,2690625000,126020,9075690000,0,0.0
10/09/2008,-51500,-3786435000,66.5(-5.00 %),79580,5313030000,131080,9099465000,0,0.0
11/09/2008,-17730,-1125855000,63.5(-4.51 %),63750,4048125000,81480,5173980000,0,0.0
12/09/2008,28890,1747845000,60.5(-4.72 %),28890,1747845000,0,0,0,0.0
15/09/2008,-199460,-11784120000,59(-2.48 %),53710,3297300000,253170,15081420000,0,0.0
16/09/2008,-25930,-1465045000,56.5(-4.24 %),209270,11823755000,235200,13288800000,0,0.0
17/09/2008,7620,411480000,54(-4.42 %),7620,411480000,0,0,0,0.0
18/09/2008,16390,844085000,51.5(-4.63 %),656390,33804085000,640000,32960000000,0,0.0
19/09/2008,231550,12503700000,54(4.85 %),300070,16203780000,68520,3700080000,0,0.0
22/09/2008,8290,468385000,56.5(4.63 %),15000,847500000,6710,379115000,0,0.0
23/09/2008,292470,15959620000,54(-4.42 %),294410,16071170000,1940,111550000,0,0.0
24/09/2008,125390,6593800000,52(-3.70 %),127890,6726500000,2500,132700000,0,0.0
25/09/2008,74840,3971330000,54.5(4.91 %),77360,4104620000,2520,133290000,0,0.0
26/09/2008,371650,21114100000,57(4.59 %),378130,21480360000,6480,366260000,0,0.0
29/09/2008,289930,16379690000,56.5(-0.88 %),491090,27744660000,201160,11364970000,0,0.0
30/09/2008,1980,106920000,54(-4.42 %),3700,199800000,1720,92880000,0,0.0
01/10/2008,41230,2197405000,52.5(-2.78 %),153060,8115850000,111830,5918445000,0,0.0
02/10/2008,-125640,-6723560000,53.5(2.00 %),13610,728290000,139250,7451850000,0,0.0
03/10/2008,2830,147940000,52.5(-1.87 %),29730,1555445000,26900,1407505000,0,0.0
06/10/2008,208970,10427633000,49.9(-4.86 %),215270,10742003000,6300,314370000,0,0.0
07/10/2008,12360,587100000,47.5(-4.52 %),12360,587100000,0,0,0,0.0
08/10/2008,-6340,-286568000,45.2(-4.84 %),3660,165432000,10000,452000000,0,0.0
09/10/2008,-507930,-21840990000,43(-4.87 %),2110,90730000,510040,21931720000,0,0.0
10/10/2008,11340,463806000,40.9(-4.88 %),11340,463806000,0,0,0,0.0
13/10/2008,1790,69631000,38.9(-4.89 %),34670,1348663000,32880,1279032000,0,0.0
14/10/2008,-168170,-6861336000,40.8(4.88 %),0,0,168170,6861336000,0,0.0
15/10/2008,-364980,-14431764000,40.5(-0.74 %),144580,5632932000,509560,20064696000,0,0.0
16/10/2008,-41320,-1590820000,38.5(-4.94 %),12500,481250000,53820,2072070000,0,0.0
17/10/2008,-60460,-2257693000,36.6(-4.94 %),24790,928648000,85250,3186341000,0,0.0
20/10/2008,-91980,-3213871000,34.8(-4.92 %),12140,433894000,104120,3647765000,0,0.0
21/10/2008,-44360,-1553900000,35(0.57 %),12480,423547000,56840,1977447000,0,0.0
22/10/2008,259850,8661408000,33.7(-3.71 %),263550,8784618000,3700,123210000,0,0.0
23/10/2008,-6750,-216655000,32.1(-4.75 %),13260,425666000,20010,642321000,0,0.0
24/10/2008,-15790,-481595000,30.5(-4.98 %),26080,795440000,41870,1277035000,0,0.0
27/10/2008,-29180,-846220000,29(-4.92 %),10620,307980000,39800,1154200000,0,0.0
28/10/2008,-55520,-1532352000,27.6(-4.83 %),14510,400476000,70030,1932828000,0,0.0
29/10/2008,21200,607164000,28.9(4.71 %),57470,1643772000,36270,1036608000,0,0.0
30/10/2008,44150,1278085000,30.3(4.84 %),54740,1579490000,10590,301405000,0,0.0
31/10/2008,183320,5829486000,31.8(4.95 %),194110,6172608000,10790,343122000,0,0.0
03/11/2008,280970,9346114000,33.3(4.72 %),292970,9745214000,12000,399100000,0,0.0
04/11/2008,-1860,-64914000,34.9(4.80 %),700,24430000,2560,89344000,0,0.0
05/11/2008,-1000,-36600000,36.6(4.87 %),0,0,1000,36600000,0,0.0
06/11/2008,93880,3604992000,38.4(4.92 %),103380,3969792000,9500,364800000,0,0.0
07/11/2008,413140,15864495000,38(-1.04 %),424840,16315943000,11700,451448000,0,0.0
10/11/2008,1440,53463000,39(2.63 %),19900,790017000,18460,736554000,0,0.0
11/11/2008,29220,1084062000,37.1(-4.87 %),29220,1084062000,0,0,0,0.0
12/11/2008,6950,245335000,35.3(-4.85 %),6950,245335000,0,0,0,0.0
13/11/2008,-57620,-1967482000,34.8(-1.42 %),7390,250304000,65010,2217786000,0,0.0
14/11/2008,-757630,-27020261000,35.1(0.86 %),73310,2624945000,830940,29645206000,0,0.0
17/11/2008,-276590,-9309479000,33.4(-4.84 %),35270,1191109000,311860,10500588000,0,0.0
18/11/2008,-344220,-10983187000,32(-4.19 %),56440,1796486000,400660,12779673000,0,0.0
19/11/2008,-17350,-556189000,31.5(-1.56 %),4000,127165000,21350,683354000,0,0.0
20/11/2008,6260,189833000,30(-4.76 %),14320,432663000,8060,242830000,0,0.0
21/11/2008,-179500,-5320725000,30(0.00 %),3590,104040000,183090,5424765000,0,0.0
24/11/2008,-8700,-273480000,31(3.33 %),1800,55920000,10500,329400000,0,0.0
25/11/2008,-380590,-11569598000,30(-3.23 %),32110,994344000,412700,12563942000,0,0.0
26/11/2008,20160,586500000,28.5(-1.72 %),20160,586500000,0,0,0,0.0
27/11/2008,-172000,-4705329000,27.2(-4.56 %),138350,3778660000,310350,8483989000,0,0.0
28/11/2008,-46050,-1312425000,28.5(4.78 %),2200,62700000,48250,1375125000,0,0.0
01/12/2008,30950,924445000,29.9(4.91 %),37250,1112815000,6300,188370000,0,0.0
02/12/2008,25180,734986000,29.3(-2.01 %),25580,746666000,400,11680000,0,0.0
03/12/2008,-153130,-4462118000,29.2(-0.34 %),13710,397910000,166840,4860028000,0,0.0
04/12/2008,-453640,-13368266000,29.3(0.34 %),27100,800840000,480740,14169106000,0,0.0
05/12/2008,-145350,-4117475000,28(-4.44 %),32650,919311000,178000,5036786000,0,0.0
08/12/2008,-220430,-5892312000,26.6(-5.00 %),20570,550687000,241000,6442999000,0,0.0
09/12/2008,-207560,-5519510000,26.7(0.38 %),9780,260830000,217340,5780340000,0,0.0
10/12/2008,18520,474923000,25.5(-4.49 %),24620,633113000,6100,158190000,0,0.0
11/12/2008,-90,-5395000,26.7(4.71 %),3920,101672000,4010,107067000,0,0.0
12/12/2008,15820,442960000,28(4.87 %),16820,470960000,1000,28000000,0,0.0
15/12/2008,36350,1068140000,29.4(5.00 %),39200,1151480000,2850,83340000,0,0.0
16/12/2008,65400,1896454000,28(-4.76 %),69140,2003740000,3740,107286000,0,0.0
17/12/2008,74410,2143718000,29.4(5.00 %),101810,2942138000,27400,798420000,0,0.0
18/12/2008,-250,-8880000,30.2(2.72 %),6100,181540000,6350,190420000,0,0.0
19/12/2008,-7900,-260842000,31.4(3.97 %),17350,524968000,25250,785810000,0,0.0
22/12/2008,1880,65133000,31.5(0.32 %),12200,391133000,10320,326000000,0,0.0
23/12/2008,-51490,-1544700000,30(-4.76 %),28310,849300000,79800,2394000000,0,0.0
24/12/2008,72480,2098934000,29(-3.33 %),88480,2554934000,16000,456000000,0,0.0
25/12/2008,30650,878465000,28.5(-1.72 %),51200,1474160000,20550,595695000,0,0.0
26/12/2008,62140,1802376000,29.1(2.11 %),63010,1827693000,870,25317000,0,0.0
29/12/2008,10630,308038000,28.9(-0.69 %),10630,308038000,0,0,0,0.0
30/12/2008,61780,1808880000,29.3(1.38 %),89040,2596573000,27260,787693000,0,0.0
31/12/2008,90360,2632803000,28.8(-1.71 %),92290,2689155000,1930,56352000,0,0.0
02/01/2009,26520,766480000,29(0.69 %),27020,780980000,500,14500000,3764617,46.25
05/01/2009,237890,6989092000,30(3.45 %),237940,6990592000,50,1500000,3526727,46.42
06/01/2009,273640,8434127000,31.5(5.00 %),275010,8476077000,1370,41950000,3253087,46.62
07/01/2009,284880,9373755000,33(4.76 %),293400,9653411000,8520,279656000,2968207,46.83
08/01/2009,56850,1827678000,31.4(-4.85 %),60750,1950878000,3900,123200000,2911357,46.87
09/01/2009,16410,504154000,30.7(-2.23 %),20910,643904000,4500,139750000,2894947,46.88
12/01/2009,-7500,-227299000,30.3(-1.30 %),3280,99335000,10780,326634000,2902447,46.88
13/01/2009,-6390,-184725000,29.2(-3.63 %),4110,121425000,10500,306150000,2908837,46.87
14/01/2009,-14180,-417947000,29.6(1.37 %),5220,154253000,19400,572200000,2923017,46.86
15/01/2009,10520,307200000,29.5(-0.34 %),10520,307200000,0,0,2912497,46.87
16/01/2009,4800,141855000,29.5(0.00 %),9150,270250000,4350,128395000,2907697,46.87
19/01/2009,25230,743555000,29.5(0.00 %),30230,891055000,5000,147500000,2882467,46.89
20/01/2009,-36020,-1036304000,29.1(-1.36 %),52650,1540555000,88670,2576859000,2918487,46.86
21/01/2009,-8070,-232051000,29(-0.34 %),21490,622750000,29560,854801000,2926557,46.86
22/01/2009,-59260,-1730507000,29.3(1.03 %),21240,618554000,80500,2349061000,2985817,46.82
23/01/2009,-260,-8661000,29.4(0.34 %),16740,489539000,17000,498200000,2986077,46.82
02/02/2009,9080,268242000,28.7(-2.38 %),15200,445682000,6120,177440000,2976997,46.82
03/02/2009,-93430,-2568858000,27.3(-4.88 %),13460,372914000,106890,2941772000,3070427,46.75
04/02/2009,11220,311411000,27.5(0.73 %),44900,1235975000,33680,924564000,3059207,46.76
05/02/2009,2450,85520000,26.3(-4.36 %),37950,1019600000,35500,934080000,3056757,46.76
06/02/2009,14770,393398000,27.6(4.94 %),16770,446698000,2000,53300000,3041987,46.77
09/02/2009,25800,719969000,28.3(2.54 %),26760,746957000,960,26988000,3016187,46.79
10/02/2009,47420,1303660000,27.5(-2.83 %),47870,1315996000,450,12336000,2968767,46.83
11/02/2009,-5990,-159625000,26.7(-2.91 %),11460,305800000,17450,465425000,2974757,46.82
12/02/2009,-32380,-863938000,26.7(0.00 %),17350,462456000,49730,1326394000,3007137,46.8
13/02/2009,-11710,-312814000,26.7(0.00 %),10820,288887000,22530,601701000,3018847,46.79
16/02/2009,13970,371320000,26.5(-0.75 %),21550,572190000,7580,200870000,3004877,46.8
17/02/2009,-16070,-417817000,25.7(-3.02 %),18930,487183000,35000,905000000,3020947,46.79
18/02/2009,32190,791148000,24.5(-4.67 %),32190,791148000,0,0,2988757,46.81
19/02/2009,-30080,-742440000,24.5(0.00 %),6200,153160000,36280,895600000,3018837,46.79
20/02/2009,-234900,-5555235000,23.5(-4.08 %),17410,414207000,252310,5969442000,3253737,46.62
23/02/2009,6090,137220000,22.4(-4.68 %),11700,263506000,5610,126286000,3247647,46.62
24/02/2009,-73960,-1575348000,21.3(-4.91 %),16850,358905000,90810,1934253000,3321607,46.57
25/02/2009,-337230,-7480412000,22.3(4.69 %),17190,378913000,354420,7859325000,3658837,46.32
26/02/2009,-304210,-6499537000,21.2(-4.93 %),32670,695866000,336880,7195403000,3963047,46.1
27/02/2009,-182490,-3795045000,21.4(0.94 %),30600,621300000,213090,4416345000,4145537,45.97
02/03/2009,-199560,-4280332000,21.6(0.93 %),2940,62428000,202500,4342760000,4345097,45.82
03/03/2009,-173750,-3592641000,20.6(-4.63 %),7690,159193000,181440,3751834000,4518847,45.69
04/03/2009,17690,365147000,20.9(1.46 %),39210,811162000,21520,446015000,4501157,45.71
05/03/2009,-61980,-1332184000,21.4(2.39 %),8020,171816000,70000,1504000000,4563137,45.66
06/03/2009,-138040,-2887110000,21.1(-1.40 %),11160,232508000,149200,3119618000,4701177,45.56
09/03/2009,-178380,-3741226000,20.9(-0.95 %),13620,286961000,192000,4028187000,4879557,45.43
10/03/2009,-449680,-9493366000,21.2(1.44 %),24150,513070000,473830,10006436000,5329237,45.1
11/03/2009,-1101370,-24416437000,22.2(4.72 %),9460,209406000,1110830,24625843000,6430607,44.29
12/03/2009,7570,162997000,21.5(-3.15 %),9000,193856000,1430,30859000,6423037,44.3
13/03/2009,7270,159761000,21.8(1.40 %),8470,185921000,1200,26160000,6415767,44.31
16/03/2009,-313660,-6962724000,22.3(2.29 %),33530,742043000,347190,7704767000,6729427,44.08
17/03/2009,-337110,-7888374000,23.4(4.93 %),141070,3301038000,478180,11189412000,7066537,43.83
18/03/2009,-3460,-84770000,24.5(4.70 %),0,0,3460,84770000,7069997,43.83
19/03/2009,110130,2791952000,24.5(0.00 %),114460,2902535000,4330,110583000,6959867,43.91
20/03/2009,11500,291937000,25.2(2.86 %),22180,558999000,10680,267062000,6948367,43.92
23/03/2009,44280,1090936000,24(-4.76 %),60110,1477026000,15830,386090000,6904087,43.95
24/03/2009,55480,1397904000,25.2(5.00 %),57750,1455108000,2270,57204000,6848607,43.99
25/03/2009,164310,4148771000,26.4(4.76 %),165910,4189611000,1600,40840000,6684297,44.11
26/03/2009,31610,864436000,27.7(4.92 %),46670,1274782000,15060,410346000,6652687,44.13
27/03/2009,64700,1854291000,28(1.08 %),86100,2470017000,21400,615726000,6587987,44.18
30/03/2009,422600,11732296000,28(0.00 %),433550,12036681000,10950,304385000,6165387,44.49
31/03/2009,309160,8541016000,27.5(-1.79 %),317940,8784660000,8780,243644000,5856227,44.71
01/04/2009,90550,2605790000,28.8(4.73 %),113750,3273800000,23200,668010000,5765677,44.78
02/04/2009,51160,1542180000,30.2(4.86 %),91160,2750180000,40000,1208000000,5714517,44.82
03/04/2009,-16700,-529390000,31.7(4.97 %),0,0,16700,529390000,5731217,44.81
07/04/2009,86140,2859848000,33.2(4.73 %),89960,2986672000,3820,126824000,5645077,44.87
08/04/2009,-158620,-5517050000,34.8(4.82 %),145530,5053324000,304150,10570374000,5803697,44.75
09/04/2009,-100750,-3670273000,36.5(4.89 %),3040,110642000,103790,3780915000,5904447,44.68
10/04/2009,-55970,-2143651000,38.3(4.93 %),1300,49790000,57270,2193441000,5960417,44.64
13/04/2009,-1940,-77988000,40.2(4.96 %),0,0,1940,77988000,5962357,44.64
14/04/2009,-19690,-830918000,42.2(4.98 %),0,0,19690,830918000,5982047,44.62
15/04/2009,293920,13024036000,44.3(4.98 %),437500,19380930000,143580,6356894000,5688127,44.84
16/04/2009,-8760,-408215000,46.5(4.97 %),114280,5313145000,123040,5721360000,5696887,44.83
17/04/2009,59220,2601958000,44.2(-4.95 %),192300,8712180000,133080,6110222000,5637667,44.87
20/04/2009,14110,592620000,42(-4.98 %),14110,592620000,0,0,5623557,44.89
21/04/2009,110,4389000,39.9(-5.00 %),20110,802389000,20000,798000000,5623447,45.33
22/04/2009,-617810,-23586271000,38(-4.76 %),422380,16060207000,1040190,39646478000,6241257,44.93
23/04/2009,-44630,-1622024000,36.3(-4.47 %),59220,2227341000,103850,3849365000,6285887,44.9
24/04/2009,54770,1900200000,34.5(-4.96 %),524510,18113330000,469740,16213130000,6231117,44.94
27/04/2009,74410,2558102000,34.5(0.00 %),182850,6366500000,108440,3808398000,6156707,44.98
28/04/2009,80500,2901354000,36.2(4.93 %),165070,5947601000,84570,3046247000,6076207,45.04
29/04/2009,49790,1892020000,38(4.97 %),54050,2053900000,4260,161880000,6026417,45.07
04/05/2009,-30000,-1197000000,39.9(5.00 %),0,0,30000,1197000000,6056417,45.05
05/05/2009,-3250,-135850000,41.8(4.76 %),0,0,3250,135850000,6059667,45.05
06/05/2009,405840,17714894000,43(2.87 %),438440,19136454000,32600,1421560000,5653827,45.31
07/05/2009,-342760,-15458476000,45.1(4.88 %),0,0,342760,15458476000,5996587,45.09
08/05/2009,177020,8371935000,47.3(4.88 %),214030,10122508000,37010,1750573000,5819567,45.2
11/05/2009,130320,6264481000,49.1(3.81 %),407520,19951667000,277200,13687186000,5689247,45.29
12/05/2009,-284750,-14464225000,51.5(4.89 %),51770,2562365000,336520,17026590000,5973997,45.1
13/05/2009,374430,19346275000,49.5(-3.88 %),590860,30379155000,216430,11032880000,5599567,45.35
14/05/2009,11170,479999000,50(1.01 %),229330,10906821000,218160,10426822000,5588397,45.36
15/05/2009,-43200,-2271915000,52.5(5.00 %),20000,1043685000,63200,3315600000,5631597,45.33
18/05/2009,-471860,-25926920000,55(4.76 %),41290,2263555000,513150,28190475000,6103457,45.02
19/05/2009,11820,679650000,57.5(4.55 %),62000,3565000000,50180,2885350000,6091637,45.03
20/05/2009,-33410,-1992400000,60(4.35 %),58050,3352875000,91460,5345275000,6125047,45.01
21/05/2009,-115110,-6872800000,57(-5.00 %),85060,5089480000,200170,11962280000,6240157,44.93
22/05/2009,-87960,-4836180000,56.5(-0.88 %),51830,2853150000,139790,7689330000,6328117,44.87
25/05/2009,-44670,-2635530000,59(4.42 %),7800,460200000,52470,3095730000,6372787,44.84
26/05/2009,27160,1666905000,61.5(4.24 %),97490,5992200000,70330,4325295000,6345627,44.86
27/05/2009,169010,10537490000,62(0.81 %),180330,11246795000,11320,709305000,6176617,44.97
28/05/2009,-197900,-11736075000,59(-4.84 %),10090,609855000,207990,12345930000,6374517,44.84
29/05/2009,-95890,-5658160000,59(0.00 %),14570,857430000,110460,6515590000,6470407,44.78
01/06/2009,32480,1979370000,61.5(4.24 %),36900,2249650000,4420,270280000,6437927,44.8
02/06/2009,-9880,-637260000,64.5(4.88 %),0,0,9880,637260000,6447807,44.79
03/06/2009,308450,20253235000,66(2.33 %),315140,20694930000,6690,441695000,6139357,45.0
04/06/2009,73270,5049780000,69(4.55 %),109950,7580700000,36680,2530920000,6066087,45.04
05/06/2009,-148640,-10702080000,72(4.35 %),71270,5131440000,219910,15833520000,6214727,44.95
08/06/2009,-38240,-2887120000,75.5(4.86 %),109900,8297450000,148140,11184570000,6252967,44.92
09/06/2009,-125480,-9833365000,79(4.64 %),80800,6231900000,206280,16065265000,6378447,44.84
10/06/2009,-290290,-22036775000,75.5(-4.43 %),51510,3933995000,341800,25970770000,6668737,44.65
11/06/2009,-35500,-2870285000,79(4.64 %),142890,11026505000,178390,13896790000,6704237,44.63
12/06/2009,-6360,-455795000,77(-2.53 %),33690,2724680000,40050,3180475000,6710597,44.62
15/06/2009,26290,1984945000,73.5(-4.55 %),41560,3115660000,15270,1130715000,6684307,44.64
16/06/2009,1660,116200000,70(-4.76 %),1660,116200000,0,0,6682647,44.64
17/06/2009,-168730,-11187590000,69(-1.43 %),85210,5708725000,253940,16896315000,6851377,44.53
18/06/2009,104450,7205570000,68(-1.45 %),175160,12060860000,70710,4855290000,6746927,44.6
19/06/2009,-125790,-8334545000,65.5(-3.68 %),21860,1460455000,147650,9795000000,6872717,44.52
22/06/2009,-174220,-10973860000,62.5(-4.58 %),2980,187590000,177200,11161450000,7046937,44.4
23/06/2009,139500,8297500000,59.5(-4.80 %),352070,20949415000,212570,12651915000,6907437,44.5
24/06/2009,29530,1830860000,62(4.20 %),41400,2566800000,11870,735940000,6877907,44.51
25/06/2009,141050,9111410000,63.5(2.42 %),233460,15118060000,92410,6006650000,6736857,44.61
26/06/2009,385930,25000800000,66.5(4.72 %),400930,25962100000,15000,961300000,6350927,44.86
29/06/2009,-140030,-9371440000,67(0.75 %),73560,4924900000,213590,14296340000,6490957,44.77
30/06/2009,41460,2701370000,64(-4.48 %),54730,3587860000,13270,886490000,6449497,44.79
01/07/2009,-11130,-681455000,61(-4.69 %),9370,572070000,20500,1253525000,6460627,44.79
02/07/2009,115280,6935510000,63(3.28 %),137680,8325160000,22400,1389650000,6345347,44.86
03/07/2009,-14430,-892475000,62.5(-0.79 %),7650,477825000,22080,1370300000,6359777,44.85
06/07/2009,212390,13825555000,65.5(4.80 %),261030,16993615000,48640,3168060000,5919967,45.14
07/07/2009,15030,985465000,64.5(-1.53 %),25650,1686325000,10620,700860000,6132357,45.0
08/07/2009,-22640,-1465725000,65(0.78 %),1880,121760000,24520,1587485000,6154997,44.99
09/07/2009,21170,1344830000,64(-1.54 %),55620,3586430000,34450,2241600000,6133827,45.0
10/07/2009,-49950,-3158065000,63(-1.56 %),25470,1559460000,75420,4717525000,6183777,44.97
13/07/2009,41470,2509370000,60(-4.76 %),60280,3672580000,18810,1163210000,6142307,44.99
14/07/2009,-59540,-3494745000,58.5(-2.50 %),7080,413920000,66620,3908665000,6201847,44.96
15/07/2009,62210,3730800000,60(2.56 %),88810,5326600000,26600,1595800000,6139637,45.0
16/07/2009,-208030,-12813970000,60(0.00 %),36180,2241050000,244210,15055020000,6347667,44.86
17/07/2009,56510,3329490000,58.5(-2.50 %),60070,3539530000,3560,210040000,6291157,44.9
20/07/2009,-63430,-3519940000,56(-4.27 %),125170,7066460000,188600,10586400000,6354587,44.86
21/07/2009,-23000,-1268895000,55(-1.79 %),22820,1273205000,45820,2542100000,6377587,44.84
22/07/2009,20950,1157395000,54(-1.82 %),24380,1347825000,3430,190430000,6356637,44.85
23/07/2009,48900,2648850000,56.5(4.63 %),52700,2852700000,3800,203850000,6307737,44.89
24/07/2009,-640,-37760000,59(4.42 %),0,0,640,37760000,6308377,44.89
27/07/2009,-2240,-137760000,61.5(4.24 %),0,0,2240,137760000,6310617,44.88
28/07/2009,-23080,-1494660000,64.5(4.88 %),283130,18255885000,306210,19750545000,6333697,44.87
29/07/2009,50330,3335835000,64(-0.78 %),80420,5319740000,30090,1983905000,6283367,44.9
30/07/2009,186010,11676905000,63(-1.56 %),194410,12203630000,8400,526725000,6097357,45.02
31/07/2009,66770,4361045000,66(4.76 %),86530,5648285000,19760,1287240000,6030587,45.07
03/08/2009,-350,-32000000,66(0.00 %),5050,328600000,5400,360600000,6030937,45.07
04/08/2009,891430,60590505000,68.5(3.79 %),893960,60763245000,2530,172740000,5139507,45.65
05/08/2009,361560,24886560000,70.5(2.92 %),411110,28332085000,49550,3445525000,4777947,45.88
06/08/2009,70800,5055360000,69.5(-1.42 %),100910,7196720000,30110,2141360000,4707147,45.93
07/08/2009,-153190,-10601665000,68.5(-1.44 %),48110,3331545000,201300,13933210000,4860337,45.83
10/08/2009,-25110,-1579315000,71(3.65 %),241100,17098437000,266210,18677752000,4885447,45.81
11/08/2009,790,52990000,70.5(-0.70 %),134950,9521190000,134160,9468200000,4884657,45.81
12/08/2009,-359170,-25366950000,70(-0.71 %),69510,4883270000,428680,30250220000,5243827,45.58
13/08/2009,-151910,-10833525000,70.5(0.71 %),24550,1747460000,176460,12580985000,5395737,45.48
14/08/2009,307930,21796655000,71.5(1.42 %),344000,24375060000,36070,2578405000,5087807,45.68
17/08/2009,-48580,-3421430000,69.5(-2.80 %),18470,1307770000,67050,4729200000,5136387,45.65
18/08/2009,-109420,-7593515000,69(-0.72 %),35400,2462600000,144820,10056115000,5245807,45.58
19/08/2009,570,40435000,70.5(2.17 %),3500,246150000,2930,205715000,5245237,45.58
20/08/2009,167080,11828070000,70.5(0.00 %),322900,22814850000,155820,10986780000,5078157,45.69
21/08/2009,20280,1505970000,72.5(2.84 %),85810,6308690000,65530,4802720000,5057877,45.7
24/08/2009,80490,5968440000,74(2.07 %),102610,7612230000,22120,1643790000,4977387,45.75
25/08/2009,197630,14562770000,73.5(-0.68 %),205410,15137890000,7780,575120000,4779757,45.88
26/08/2009,284370,20996595000,73.5(0.00 %),286520,21155230000,2150,158635000,4495387,46.07
27/08/2009,168940,12359815000,72.5(-1.36 %),197970,14474920000,29030,2115105000,4326447,46.18
28/08/2009,209190,15222770000,73(0.69 %),215010,15646730000,5820,423960000,4117257,46.31
31/08/2009,338960,25851095000,76.5(4.79 %),362530,27628400000,23570,1777305000,3778297,46.54
01/09/2009,269100,20674550000,77.5(1.31 %),297400,22869150000,28300,2194600000,3509197,46.71
03/09/2009,197360,15167640000,76.5(-1.29 %),205600,15801400000,8240,633760000,3311837,46.84
04/09/2009,172410,12970035000,74(-3.27 %),225050,16907940000,52640,3937905000,3139427,46.95
07/09/2009,-392870,-28626380000,73(-1.35 %),43620,3209280000,436490,31835660000,3532297,46.7
08/09/2009,104580,7780735000,75(2.74 %),118800,8834600000,14220,1053865000,3427717,46.76
09/09/2009,218330,16481475000,75(0.00 %),223330,16863725000,5000,382250000,3209387,46.91
10/09/2009,138540,10391725000,75(0.00 %),146500,10987600000,7960,595875000,3070847,47.0
11/09/2009,362740,27363300000,75.5(0.67 %),386450,29161350000,23710,1798050000,2708107,47.23
14/09/2009,87520,6759905000,77(1.99 %),177250,13606950000,89730,6847045000,2620587,47.29
15/09/2009,-56190,-4490850000,80.5(4.55 %),7800,616600000,63990,5107450000,2676777,47.25
16/09/2009,-154850,-12639400000,80.5(0.00 %),68900,5652250000,223750,18291650000,2831627,47.15
17/09/2009,-52210,-4174675000,79(-1.86 %),73060,5761810000,125270,9936485000,2883837,47.12
18/09/2009,-34240,-2521315000,79.5(0.63 %),317260,25067835000,351500,27589150000,2583467,47.32
21/09/2009,368850,29145475000,78.5(-1.26 %),470250,37131775000,101400,7986300000,2549227,47.34
22/09/2009,-123730,-9953390000,80.5(2.55 %),64770,5088210000,188500,15041600000,2672957,47.26
23/09/2009,-26330,-2118255000,82(1.86 %),41430,3479990000,67760,5598245000,2699287,47.24
24/09/2009,-361450,-29207720000,80(-2.44 %),2030,164430000,363480,29372150000,3060737,47.0
25/09/2009,-403370,-40092130000,81(1.25 %),21791,2177850000,425161,42269980000,3464107,48.01
28/09/2009,0,0,85(4.94 %),0,0,0,0,3049987,48.13
29/09/2009,18350,1648010000,85(0.00 %),72520,6382640000,54170,4734630000,3041237,47.02
30/09/2009,118270,9799990000,83(-2.35 %),276000,23107620000,157730,13307630000,2922967,47.09
01/10/2009,13550,1047930000,81(-2.41 %),115850,9435425000,102300,8387495000,2909417,47.1
02/10/2009,-132910,-10359760000,78.5(-3.09 %),142400,11098800000,275310,21458560000,3042327,47.02
05/10/2009,-36540,-2869215000,77(-1.91 %),82200,6344550000,118740,9213765000,3078867,46.99
06/10/2009,62000,4750480000,76(-1.30 %),90810,6979310000,28810,2228830000,3016867,47.03
07/10/2009,46340,3604710000,78.5(3.29 %),47870,3724690000,1530,119980000,2970527,47.06
08/10/2009,4100,318050000,78.5(0.00 %),8500,663500000,4400,345450000,2966427,47.07
09/10/2009,44640,3571200000,80(1.91 %),54640,4371200000,10000,800000000,2921787,47.09
12/10/2009,56010,4583095000,82(2.50 %),62030,5074225000,6020,491130000,2865777,47.13
13/10/2009,98910,8014205000,80(-2.44 %),123700,10014450000,24790,2000245000,2766867,47.2
14/10/2009,123500,9920425000,82.5(3.12 %),123610,9929250000,110,8825000,2643367,47.28
15/10/2009,337210,28852675000,86.5(4.85 %),644200,55278595000,306990,26425920000,2306157,47.5
16/10/2009,-1000,-171660000,90.5(4.62 %),139840,12524215000,140840,12695875000,2307157,47.5
19/10/2009,42300,3759555000,93(2.76 %),180400,16555400000,138100,12795845000,2264857,47.52
20/10/2009,-120110,-11670940000,97.5(4.84 %),101700,9834600000,221810,21505540000,2384967,47.44
21/10/2009,-110200,-11240400000,102(4.62 %),0,0,110200,11240400000,2495167,47.37
22/10/2009,-68260,-7294820000,107(4.90 %),12870,1373690000,81130,8668510000,2563427,47.33
23/10/2009,75290,8239730000,102(-4.67 %),157380,16923720000,82090,8683990000,2488137,47.38
26/10/2009,-121240,-12463010000,100(-1.96 %),39330,4057590000,160570,16520600000,2609377,47.3
27/10/2009,-459160,-44622925000,98(-2.00 %),34790,3407175000,493950,48030100000,3068537,47.0
28/10/2009,-209150,-20560200000,98(0.00 %),42630,4197520000,251780,24757720000,3277687,46.86
29/10/2009,-348560,-32864720000,94(-4.08 %),47610,4480575000,396170,37345295000,3626247,46.64
30/10/2009,-86690,-8388305000,96(2.13 %),80760,7879995000,167450,16268300000,3712937,46.58
02/11/2009,-626980,-57429475000,91.5(-4.69 %),9070,832930000,636050,58262405000,4339917,46.17
03/11/2009,-296680,-25878425000,87(-4.92 %),62760,5466855000,359440,31345280000,4636597,45.98
04/11/2009,-188930,-16396055000,86.5(-0.57 %),31940,2807755000,220870,19203810000,4825527,45.85
05/11/2009,18610,1615580000,89.5(3.47 %),30240,2631255000,11630,1015675000,4806917,45.87
06/11/2009,112050,10141560000,88.5(-1.12 %),112050,10141560000,0,0,4694867,45.94
09/11/2009,113590,9688625000,84.5(-4.52 %),123720,10563370000,10130,874745000,4581277,46.01
10/11/2009,29070,2461220000,82.5(-2.37 %),64740,5421920000,35670,2960700000,4552207,46.03
11/11/2009,-487290,-40285285000,84.5(2.42 %),148910,12427075000,636200,52712360000,5039497,45.71
12/11/2009,-61760,-5362775000,85.5(1.18 %),42340,3638125000,104100,9000900000,5101257,45.67
13/11/2009,-67950,-5721195000,86(0.58 %),81130,6851885000,149080,12573080000,5169207,45.63
16/11/2009,11460,1002335000,84.5(-1.74 %),32460,2787835000,21000,1785500000,5157747,45.64
17/11/2009,-9220,-795135000,85(0.59 %),35710,3023765000,44930,3818900000,5166967,45.63
18/11/2009,19320,1628795000,85.5(0.59 %),41430,3513775000,22110,1884980000,5147647,45.64
19/11/2009,18520,1601550000,89.5(4.68 %),50600,4460130000,32080,2858580000,5129127,45.65
20/11/2009,75840,6819470000,88.5(-1.12 %),90140,8106770000,14300,1287300000,5053287,45.7
23/11/2009,-1940,-165720000,85.5(-3.39 %),60,5280000,2000,171000000,5055227,45.7
24/11/2009,-82680,-6915430000,84(-1.75 %),25570,2179270000,108250,9094700000,5137907,45.65
25/11/2009,52110,4259015000,80(-4.76 %),53610,4379015000,1500,120000000,5085797,45.68
26/11/2009,-22370,-1700120000,76(-5.00 %),57310,4355560000,79680,6055680000,5108167,45.67
27/11/2009,-85580,-6246475000,74.5(-1.97 %),124070,8999195000,209650,15245670000,5193747,45.61
30/11/2009,383960,29711545000,78(4.70 %),440390,34010225000,56430,4298680000,4809787,45.86
01/12/2009,24650,1984835000,81.5(4.49 %),40830,3279895000,16180,1295060000,4785137,45.88
02/12/2009,127350,10224615000,77.5(-4.91 %),158580,12704075000,31230,2479460000,4657787,45.96
03/12/2009,65680,5131325000,78.5(1.29 %),81210,6337150000,15530,1205825000,4592107,46.01
04/12/2009,77000,6115410000,79(0.64 %),77000,6115410000,0,0,4515107,46.06
07/12/2009,23180,1822220000,79(0.00 %),23180,1822220000,0,0,4491927,46.07
08/12/2009,27970,2137095000,76.5(-3.16 %),39270,3022495000,11300,885400000,4463957,46.09
09/12/2009,34070,2516730000,73.5(-3.92 %),35170,2597530000,1100,80800000,4429887,46.11
10/12/2009,-77880,-5682525000,72(-2.04 %),17470,1270100000,95350,6952625000,4507767,46.06
11/12/2009,3450,203580000,68.5(-4.86 %),40150,2769930000,36700,2566350000,4504317,46.06
14/12/2009,-8550,-605365000,71.5(4.38 %),31410,2223085000,39960,2828450000,4512867,46.06
15/12/2009,13310,950450000,70(-2.10 %),14500,1035300000,1190,84850000,4499557,46.07
16/12/2009,53290,3644885000,66.5(-5.00 %),53290,3644885000,0,0,4446267,46.1
17/12/2009,-15520,-1007195000,67(0.75 %),56000,3600890000,71520,4608085000,4461787,46.09
18/12/2009,160610,11170805000,70(4.48 %),171430,11926825000,10820,756020000,4301177,46.19
21/12/2009,63210,4640735000,73.5(5.00 %),63210,4640735000,0,0,4237967,46.24
22/12/2009,311380,23070130000,73.5(0.00 %),377570,27952800000,66190,4882670000,3926587,46.44
23/12/2009,139940,10428365000,74.5(1.36 %),215850,16080390000,75910,5652025000,3786647,46.53
24/12/2009,-420,-60390000,78(4.70 %),19710,1467295000,20130,1527685000,3787067,46.53
25/12/2009,160160,12985975000,81.5(4.49 %),383360,30914175000,223200,17928200000,3626907,46.63
28/12/2009,176970,14564710000,81.5(0.00 %),178570,14697360000,1600,132650000,3449937,46.75
29/12/2009,59190,4777065000,80(-1.84 %),78370,6324835000,19180,1547770000,3390747,46.79
30/12/2009,65930,5266995000,82.5(3.12 %),94030,7572345000,28100,2305350000,3324817,46.83
31/12/2009,13890,1170885000,84.5(3.68 %),17310,1462105000,3420,291220000,3310927,46.84
04/01/2010,9540,836720000,88.5(4.73 %),19740,1729420000,10200,892700000,3301387,46.85
05/01/2010,19990,1846080000,92.5(4.52 %),40940,3783955000,20950,1937875000,3281397,46.86
06/01/2010,9070,515620000,95(2.70 %),198370,18515445000,189300,17999825000,3272327,46.87
07/01/2010,-284970,-26951875000,92.5(-2.63 %),1580,150250000,286550,27102125000,3557297,46.68
08/01/2010,2770,259165000,91(-1.62 %),8230,771135000,5460,511970000,3554527,46.68
11/01/2010,66560,6058110000,90.5(-0.55 %),124340,11307990000,57780,5249880000,3487967,46.73
12/01/2010,-15230,-1355055000,86(-4.97 %),2120,190720000,17350,1545775000,3503197,46.72
13/01/2010,20000,1753660000,90(4.65 %),48820,4177980000,28820,2424320000,3483197,46.73
14/01/2010,83800,7671900000,90(0.00 %),88610,8116325000,4810,444425000,3399397,46.78
15/01/2010,12330,1107855000,88(-2.22 %),28500,2542200000,16170,1434345000,3387067,46.79
18/01/2010,-314610,-26730260000,84(-4.55 %),26390,2252690000,341000,28982950000,3701677,46.59
19/01/2010,45540,3856580000,86(2.38 %),51940,4397380000,6400,540800000,3656137,46.62
20/01/2010,-35530,-3131050000,84(-2.33 %),233950,20240890000,269480,23371940000,3691667,46.59
21/01/2010,-102510,-8396195000,82(-2.38 %),8780,724480000,111290,9120675000,3794177,46.53
22/01/2010,-69410,-5620880000,83(1.22 %),15090,1225005000,84500,6845885000,3863587,46.48
25/01/2010,16600,1373045000,82.5(-0.60 %),37150,3080925000,20550,1707880000,3846987,46.49
26/01/2010,77680,6713640000,86.5(4.85 %),90310,7793690000,12630,1080050000,3769307,46.54
27/01/2010,39850,3422105000,83.5(-3.47 %),74340,6356340000,34490,2934235000,3729457,46.57
28/01/2010,2050,162660000,82(-1.80 %),11790,971080000,9740,808420000,3727407,46.57
29/01/2010,-7980,-644060000,82.5(0.61 %),31620,2594340000,39600,3238400000,3735387,46.56
01/02/2010,122400,10191945000,83.5(1.21 %),128350,10683820000,5950,491875000,3612987,46.64
02/02/2010,56020,4712580000,83(-0.60 %),102920,8643930000,46900,3931350000,3556967,46.68
03/02/2010,234510,19581680000,84(1.20 %),250750,20938150000,16240,1356470000,3322457,46.83
04/02/2010,344450,29539025000,87(3.57 %),375350,32229325000,30900,2690300000,2978007,47.06
05/02/2010,106380,9046360000,84.5(-2.87 %),230280,19644960000,123900,10598600000,2871627,47.13
08/02/2010,15230,1280920000,85(0.59 %),25830,2176620000,10600,895700000,2856397,47.14
09/02/2010,-26530,-2228520000,84(-1.18 %),0,0,26530,2228520000,2882927,47.12
10/02/2010,-278780,-23547900000,84.5(0.60 %),67280,5699150000,346060,29247050000,3161707,46.94
11/02/2010,1160,93000000,85.5(1.18 %),7200,608400000,6040,515400000,3160547,46.94
12/02/2010,64390,5557460000,86(0.58 %),65690,5669260000,1300,111800000,3096157,46.98
22/02/2010,61720,5345155000,86(0.00 %),81110,7014890000,19390,1669735000,3034437,47.02
23/02/2010,78800,6629135000,83.5(-2.91 %),82380,6931645000,3580,302510000,2955637,47.07
24/02/2010,52890,4424830000,85(1.80 %),168270,14074475000,115380,9649645000,2902747,47.11
25/02/2010,245150,21040750000,85.5(0.59 %),328050,28100900000,82900,7060150000,2657597,47.27
26/02/2010,31530,2654460000,86(0.58 %),146120,12441700000,114590,9787240000,5275254,47.29
01/03/2010,-188880,-16202990000,85.5(-0.58 %),51620,4437510000,240500,20640500000,5464134,45.44
02/03/2010,-389200,-33381450000,85.5(0.00 %),7440,637870000,396640,34019320000,5853334,45.18
03/03/2010,218510,18868325000,87(1.75 %),301440,25999840000,82930,7131515000,5634824,45.33
04/03/2010,-271200,-23940300000,88(1.15 %),33500,2975500000,304700,26915800000,5906024,45.15
05/03/2010,34390,3021215000,89(1.14 %),165020,14617385000,130630,11596170000,5871634,45.17
08/03/2010,-148460,-13731305000,92(3.37 %),114700,10482295000,263160,24213600000,6020094,45.07
09/03/2010,-10960,-1018595000,92.5(0.54 %),847950,78404015000,858910,79422610000,6031054,45.07
10/03/2010,41910,3858220000,91.5(-1.08 %),92560,8508020000,50650,4649800000,5989144,45.09
11/03/2010,12650,1158300000,91(-0.55 %),18060,1655940000,5410,497640000,5976494,45.1
12/03/2010,37190,3397150000,91.5(0.55 %),43030,3930010000,5840,532860000,5939304,45.13
15/03/2010,36050,3283230000,91(-0.55 %),38620,3517220000,2570,233990000,5903254,45.15
16/03/2010,26090,2347735000,89(-2.20 %),32270,2912205000,6180,564470000,5877164,45.17
17/03/2010,51490,4576830000,88(-1.12 %),54880,4875150000,3390,298320000,5825674,45.2
18/03/2010,343200,30925335000,90.5(2.84 %),367060,33072735000,23860,2147400000,5482474,45.42
19/03/2010,-57330,-5076995000,89(-1.66 %),41970,3785295000,99300,8862290000,5539804,45.39
22/03/2010,17580,1550870000,87.5(-1.69 %),18330,1617620000,750,66750000,5522224,45.85
23/03/2010,-89100,-7785970000,87(-0.57 %),2620,228670000,91720,8014640000,5611324,45.8
24/03/2010,-100090,-8766420000,87.5(0.57 %),93610,8189830000,193700,16956250000,5711414,45.75
25/03/2010,-5220,-239598000,45.9(4.79 %),0,0,5220,239598000,5716634,45.74
26/03/2010,246100,11841290000,46.3(0.87 %),715920,33815401000,469820,21974111000,5470534,45.88
29/03/2010,-3500,-130434000,45(-2.81 %),52600,2414266000,56100,2544700000,5474034,45.88
30/03/2010,-11720,-519237000,43.5(-3.33 %),29690,1316120000,41410,1835357000,5485754,45.88
31/03/2010,12780,553803000,43.2(-0.69 %),55000,2383239000,42220,1829436000,5472974,45.88
01/04/2010,8320,346976000,43.7(1.16 %),111870,4835166000,103550,4488190000,5464654,45.89
02/04/2010,-74790,-3308622000,43.9(0.46 %),54920,2401131000,129710,5709753000,5539444,45.84
05/04/2010,-18690,-827615000,44.2(0.68 %),10010,444345000,28700,1271960000,5558134,45.83
06/04/2010,-170420,-7508796000,43.6(-1.36 %),3970,173894000,174390,7682690000,5728554,45.74
07/04/2010,-50380,-2193239000,43.4(-0.46 %),36290,1578414000,86670,3771653000,5778934,45.71
08/04/2010,-150090,-6534660000,43.3(-0.23 %),4250,185094000,154340,6719754000,5929024,45.62
09/04/2010,-18550,-805125000,43.2(-0.23 %),14340,624290000,32890,1429415000,5947574,45.61
12/04/2010,-116310,-5072263000,43.3(0.23 %),86100,3745222000,202410,8817485000,6063884,45.55
13/04/2010,-95200,-4146900000,43.4(0.23 %),5990,260584000,101190,4407484000,6159084,45.49
14/04/2010,43410,1875764000,43.2(-0.46 %),62410,2698964000,19000,823200000,6115674,45.52
15/04/2010,-27950,-1212827000,43.2(0.00 %),174710,7562844000,202660,8775671000,6143624,45.5
16/04/2010,117990,5104716000,43.2(0.00 %),131040,5669926000,13050,565210000,6025634,45.57
19/04/2010,242160,10389454000,42.7(-1.16 %),257160,11031754000,15000,642300000,5783474,45.71
20/04/2010,37140,1544966000,42.2(-1.17 %),272630,11552091000,235490,10007125000,5746334,45.73
21/04/2010,196530,8286421000,42.1(-0.24 %),206800,8719242000,10270,432821000,5549804,45.84
22/04/2010,-19830,-933247000,44.2(4.99 %),69860,3001886000,89690,3935133000,5569634,45.83
26/04/2010,524930,24068624000,45.1(2.04 %),590030,27028518000,65100,2959894000,5044704,46.13
27/04/2010,125830,5595723000,44.5(-1.33 %),151090,6724471000,25260,1128748000,4918874,46.2
28/04/2010,137160,6067587000,44.3(-0.45 %),207670,9182181000,70510,3114594000,4781714,46.28
29/04/2010,-16460,-682780000,43.6(-1.58 %),109150,4800598000,125610,5483378000,4798174,46.27
04/05/2010,48580,2154117000,44.2(1.38 %),72740,3220374000,24160,1066257000,4749594,46.29
05/05/2010,23670,1035417000,43.7(-1.13 %),50530,2212101000,26860,1176684000,4725924,46.31
06/05/2010,80370,3466303000,43.1(-1.37 %),109820,4753102000,29450,1286799000,4645554,46.35
07/05/2010,307020,13052288000,42.5(-1.39 %),351570,14942201000,44550,1889913000,4338534,46.53
10/05/2010,-38260,-1582155000,41.2(-3.06 %),171160,7093042000,209420,8675197000,16509060,19.8
11/05/2010,450,13025000,41(-0.49 %),26670,1097285000,26220,1084260000,16508610,44.3
12/05/2010,-74730,-2990624000,39.5(-3.66 %),104620,4176246000,179350,7166870000,16583340,44.28
13/05/2010,46790,1850770000,39.4(-0.25 %),49230,1948130000,2440,97360000,16536550,44.29
14/05/2010,-374810,-14649905000,39.1(-0.76 %),97510,3822973000,472320,18472878000,16911360,44.18
17/05/2010,-329000,-12451888000,37.5(-4.09 %),46020,1739784000,375020,14191672000,17240360,44.09
18/05/2010,-132220,-4919873000,37.2(-0.80 %),70100,2604637000,202320,7524510000,17372580,44.05
19/05/2010,130980,4686119000,35.5(-3.27 %),307700,11048023000,176720,6361904000,17241600,44.09
20/05/2010,-22000,-976734000,37.2(4.79 %),234040,8320407000,256040,9297141000,17263600,44.08
21/05/2010,96540,3404674000,35.4(-4.84 %),157350,5603092000,60810,2198418000,17167060,44.11
24/05/2010,8420,300381000,37.1(4.80 %),35100,1262235000,26680,961854000,17158640,44.11
25/05/2010,237690,8807035000,36.9(-0.54 %),305050,11287211000,67360,2480176000,16920950,44.18
26/05/2010,-3730,-141039000,36.8(-0.27 %),12770,470761000,16500,611800000,16924680,44.18
27/05/2010,387960,14174045000,37(0.54 %),398300,14553401000,10340,379356000,16536720,44.29
28/05/2010,584090,22104899000,38.1(2.97 %),646270,24438737000,62180,2333838000,15952630,44.46
31/05/2010,676750,25367310000,37.5(-1.57 %),706680,26494664000,29930,1127354000,15275880,44.65
01/06/2010,232990,8685219000,37.3(-0.53 %),250260,9330587000,17270,645368000,15042890,44.72
02/06/2010,117160,4320915000,37(-0.80 %),121810,4492213000,4650,171298000,14925730,44.75
03/06/2010,151190,5608573000,37(0.00 %),255640,9494835000,104450,3886262000,14774540,44.79
04/06/2010,-3600,-132858000,36.8(-0.54 %),18450,681280000,22050,814138000,14778140,44.79
07/06/2010,652240,23428872000,35.9(-2.45 %),701800,25203676000,49560,1774804000,14125900,44.98
08/06/2010,160410,5726769000,35.7(-0.56 %),193840,6922332000,33430,1195563000,13965490,45.02
09/06/2010,101090,3649696000,35.6(-0.28 %),102780,3710467000,1690,60771000,13864400,45.05
10/06/2010,91910,3287143000,35.7(0.28 %),104600,3739007000,12690,451864000,13772490,45.08
11/06/2010,102550,3685100000,35.9(0.56 %),564880,19406210000,462330,15721110000,13669940,45.11
14/06/2010,91130,3280361000,35.9(0.00 %),94470,3400375000,3340,120014000,13578810,45.13
15/06/2010,75720,2703236000,35.6(-0.84 %),111260,3975102000,35540,1271866000,13503090,45.15
16/06/2010,-66990,-2417321000,36(1.12 %),8010,288179000,75000,2705500000,13570080,45.14
17/06/2010,42130,1515070000,35.8(-0.56 %),538530,18554896000,496400,17039826000,13527950,45.15
18/06/2010,81110,2903738000,35.8(0.00 %),81360,2912688000,250,8950000,13446840,45.17
21/06/2010,352120,12657664000,36(0.56 %),352120,12657664000,0,0,13094720,45.27
22/06/2010,153980,5525671000,35.7(-0.83 %),172410,6188547000,18430,662876000,12940740,45.31
23/06/2010,100200,3567835000,35.6(-0.28 %),115630,4118403000,15430,550568000,12840540,45.34
24/06/2010,561580,20035308000,35.7(0.28 %),656400,23420000000,94820,3384692000,12278960,45.5
25/06/2010,84490,2976822000,35(-1.96 %),99450,3504470000,14960,527648000,12194470,45.53
28/06/2010,306600,10713237000,34.9(-0.29 %),313820,10966287000,7220,253050000,11887870,45.61
29/06/2010,164410,5789644000,34.9(0.00 %),584600,20485090000,420190,14695446000,11723460,45.66
30/06/2010,237460,8172888000,34.4(-1.43 %),248840,8561560000,11380,388672000,11486000,45.73
01/07/2010,248650,8525580000,34.3(-0.29 %),288160,9880773000,39510,1355193000,11237350,45.8
02/07/2010,-41770,-1421931000,34(-0.87 %),74250,2533114000,116020,3955045000,11279120,45.79
05/07/2010,84840,2870886000,33.7(-0.88 %),117600,3976220000,32760,1105334000,11194280,45.81
06/07/2010,136210,4536276000,33(-2.08 %),148200,4934956000,11990,398680000,11058070,45.85
07/07/2010,84130,2797798000,32.9(-0.30 %),114130,3788498000,30000,990700000,10973940,45.87
08/07/2010,5950,204073000,33(0.30 %),81640,2720008000,75690,2515935000,10967990,45.88
09/07/2010,49730,1639041000,32.9(-0.30 %),60700,2001660000,10970,362619000,10918260,45.89
12/07/2010,40000,1314026000,33.1(0.61 %),58280,1917440000,18280,603414000,10878260,45.9
13/07/2010,21840,720037000,34.7(4.83 %),48850,1640775000,27010,920738000,10856420,45.91
14/07/2010,360950,12815752000,35.1(1.15 %),433470,15404058000,72520,2588306000,10495470,46.01
15/07/2010,83600,2926044000,34.5(-1.71 %),103800,3630064000,20200,704020000,10411870,46.03
16/07/2010,18960,651119000,34.4(-0.29 %),84760,2912839000,65800,2261720000,10392910,46.04
19/07/2010,-19850,-670176000,33.8(-1.74 %),28110,953258000,47960,1623434000,10412760,46.03
20/07/2010,11230,379600000,33.7(-0.30 %),54800,1851745000,43570,1472145000,10401530,46.04
21/07/2010,54980,1843558000,33.5(-0.59 %),58890,1974934000,3910,131376000,10346550,46.05
22/07/2010,167790,5611763000,33.3(-0.60 %),243670,8147154000,75880,2535391000,10178760,46.1
23/07/2010,-183800,-6120843000,33.2(-0.30 %),1640,54565000,185440,6175408000,10362560,46.05
26/07/2010,-140890,-4647116000,32.9(-0.90 %),19630,647690000,160520,5294806000,10503450,46.01
27/07/2010,-31860,-1053355000,33(0.30 %),289300,9586300000,321160,10639655000,10535310,46.0
28/07/2010,-115430,-3772672000,32.6(-1.21 %),70180,2299330000,185610,6072002000,10650740,45.97
29/07/2010,244400,8003303000,32.7(0.31 %),294030,9621281000,49630,1617978000,10406340,46.04
30/07/2010,-39950,-1311230000,32.8(0.31 %),19850,650125000,59800,1961355000,10446290,46.02
02/08/2010,-80540,-2622687000,32.3(-1.52 %),8020,261301000,88560,2883988000,10526830,46.0
03/08/2010,-26120,-832245000,32.2(-0.31 %),247500,8024180000,273620,8856425000,10552950,45.99
04/08/2010,22000,688836000,31.6(-1.86 %),82430,2619096000,60430,1930260000,10530950,46.0
05/08/2010,-54270,-1727778000,31.5(-0.32 %),36690,1167020000,90960,2894798000,10585220,45.99
06/08/2010,115730,3631388000,31.2(-0.95 %),173120,5430270000,57390,1798882000,10469490,46.02
09/08/2010,-8740,-268234000,29.9(-4.17 %),9260,280766000,18000,549000000,10478230,46.02
10/08/2010,-121790,-3544427000,29.1(-2.68 %),199750,5830568000,321540,9374995000,10600020,45.98
11/08/2010,-18900,-556481000,29.1(0.00 %),98300,2863860000,117200,3420341000,9762140,46.22
12/08/2010,88260,2519658000,27.7(-4.81 %),122230,3461124000,33970,941466000,10530660,46.0
13/08/2010,288680,7981065000,28.3(2.17 %),316180,8745115000,27500,764050000,10241980,46.08
16/08/2010,206550,6040818000,29.7(4.95 %),213040,6233121000,6490,192303000,10035430,46.14
17/08/2010,177080,5207616000,29.3(-1.35 %),179100,5267448000,2020,59832000,9580080,46.27
18/08/2010,66540,1916762000,28.5(-2.73 %),69690,2008377000,3150,91615000,9791810,46.21
19/08/2010,32060,908050000,28(-1.75 %),32520,921114000,460,13064000,9759750,46.22
20/08/2010,2590,78105000,28.5(1.79 %),25790,725695000,23200,647590000,9757160,46.22
23/08/2010,13920,390332000,27.8(-2.46 %),29180,815160000,15260,424828000,9743240,46.23
24/08/2010,-51400,-1348413000,26.6(-4.32 %),132300,3570220000,183700,4918633000,9794640,46.21
25/08/2010,-163830,-4181504000,25.3(-4.89 %),32400,831378000,196230,5012882000,9958470,46.16
26/08/2010,19050,509900000,25.5(0.79 %),55750,1438380000,36700,928480000,9939420,46.17
27/08/2010,39610,1003205000,25.5(0.00 %),50080,1267085000,10470,263880000,9899810,46.18
30/08/2010,-16230,-432211000,26.7(4.71 %),4410,116865000,20640,549076000,9916040,46.18
31/08/2010,-85970,-2542232000,28(4.87 %),437710,11970622000,523680,14512854000,10002010,46.15
01/09/2010,-160100,-4500108000,28.5(1.79 %),47840,1350170000,207940,5850278000,10162110,46.11
06/09/2010,-236580,-6920957000,29.9(4.91 %),254570,7589006000,491150,14509963000,10398690,46.04
07/09/2010,-396100,-11810236000,29.2(-2.34 %),114290,3358005000,510390,15168241000,10794790,45.93
08/09/2010,-244980,-6954419000,28.5(-2.40 %),67300,1913034000,312280,8867453000,11039770,45.86
09/09/2010,2670,77069000,29(1.75 %),104790,3045905000,102120,2968836000,11037100,45.86
10/09/2010,24900,708720000,27.6(-4.83 %),41400,1186620000,16500,477900000,11012200,45.86
13/09/2010,-7000,-217004000,26.8(-2.90 %),158530,4302460000,165530,4519464000,11019200,45.86
14/09/2010,7510,199623000,27.3(1.87 %),165100,4474781000,157590,4275158000,11011690,45.86
15/09/2010,220590,5975944000,27(-1.10 %),306270,8295236000,85680,2319292000,10791100,45.93
16/09/2010,61700,1680626000,27.1(0.37 %),198800,5384392000,137100,3703766000,10729400,45.94
17/09/2010,-415860,-11654985000,28.4(4.80 %),39440,1084513000,455300,12739498000,11145260,45.83
20/09/2010,-60780,-1728876000,28.2(-0.70 %),2610,74946000,63390,1803822000,11206040,45.81
21/09/2010,64110,1787634000,28(-0.71 %),128360,3592044000,64250,1804410000,11141930,45.83
22/09/2010,-103830,-2901928000,27.8(-0.71 %),22270,622172000,126100,3524100000,11245760,45.8
23/09/2010,132340,3620840000,27.3(-1.80 %),162340,4442965000,30000,822125000,11113420,45.83
24/09/2010,27360,772563000,27.6(1.10 %),247960,6840189000,220600,6067626000,11086060,45.84
27/09/2010,180010,4987637000,27.5(-0.36 %),187570,5196753000,7560,209116000,10906050,45.89
28/09/2010,-114180,-3144298000,27.4(-0.36 %),122090,3385917000,236270,6530215000,11020230,45.86
29/09/2010,-71030,-1932116000,27(-1.46 %),27930,763718000,98960,2695834000,11091260,45.84
30/09/2010,170070,4587983000,26.9(-0.37 %),171300,4621070000,1230,33087000,10921190,45.89
01/10/2010,-3940,-109230000,26.6(-1.12 %),68350,1831220000,72290,1940450000,10925130,45.89
04/10/2010,101160,2628544000,25.7(-3.38 %),101160,2628544000,0,0,10823970,45.92
05/10/2010,-7350,-195957000,26.7(3.89 %),45530,1160075000,52880,1356032000,10831320,45.92
06/10/2010,56360,1515032000,27(1.12 %),58220,1564684000,1860,49652000,10774960,45.93
07/10/2010,192990,5216137000,26.6(-1.48 %),194710,5262397000,1720,46260000,10581970,45.99
08/10/2010,3130,84971000,26.4(-0.75 %),21020,559130000,17890,474159000,10578840,45.99
11/10/2010,-140,-3627000,26.2(-0.76 %),210,5543000,350,9170000,10578980,45.99
12/10/2010,53510,1388059000,25.8(-1.53 %),56200,1457461000,2690,69402000,10525470,46.0
13/10/2010,-12490,-321997000,25.9(0.39 %),39010,1006703000,51500,1328700000,10537960,46.0
14/10/2010,78680,2051697000,25.7(-0.77 %),98800,2574929000,20120,523232000,10459280,46.02
15/10/2010,-3810,-97917000,25.6(-0.39 %),22050,566685000,25860,664602000,10463090,46.02
18/10/2010,38650,991028000,25.6(0.00 %),42650,1094598000,4000,103570000,10424440,46.03
19/10/2010,197340,5046661000,25.3(-1.17 %),199340,5097261000,2000,50600000,10227100,46.09
20/10/2010,-32970,-810691000,24.2(-4.35 %),20560,513992000,53530,1324683000,10260070,46.08
21/10/2010,56500,1382360000,24.2(0.00 %),57500,1407160000,1000,24800000,10203570,46.09
22/10/2010,10480,249506000,24.2(0.00 %),76680,1861226000,66200,1611720000,10193090,46.1
25/10/2010,85770,2087933000,24.3(0.41 %),87370,2127083000,1600,39150000,10107320,46.12
26/10/2010,102400,2591971000,25.2(3.70 %),107680,2723560000,5280,131589000,10004920,46.15
27/10/2010,132470,3315653000,24.7(-1.98 %),167770,4205093000,35300,889440000,9872450,46.19
28/10/2010,127410,3153128000,24.6(-0.40 %),127410,3153128000,0,0,9745040,46.22
29/10/2010,-10030,-251762000,24.7(0.41 %),330350,8131222000,340380,8382984000,9755070,46.22
01/11/2010,-32950,-808214000,24.5(-0.81 %),7960,195881000,40910,1004095000,9788020,46.21
02/11/2010,-455790,-10961961000,24(-2.04 %),107710,2605533000,563500,13567494000,10243810,46.08
03/11/2010,-139690,-3298821000,23.5(-2.08 %),19090,454078000,158780,3752899000,10383500,46.04
04/11/2010,-2300,-58170000,23.8(1.28 %),9500,224050000,11800,282220000,10385800,46.04
05/11/2010,666610,16416065000,24.7(3.78 %),715880,17625908000,49270,1209843000,9719190,46.23
08/11/2010,246830,6177108000,25(1.21 %),509570,12744978000,262740,6567870000,9472360,46.3
09/11/2010,143100,3516164000,24.3(-2.80 %),614420,15205396000,471320,11689232000,9329260,46.34
10/11/2010,-41290,-990117000,24.1(-0.82 %),156800,3789270000,198090,4779387000,9370550,46.33
11/11/2010,138600,3327520000,23.9(-0.83 %),138600,3327520000,0,0,9231950,46.37
12/11/2010,-577100,-13318928000,23.5(-1.67 %),60310,1407912000,637410,14726840000,9809050,46.21
15/11/2010,-30500,-670373000,22.8(-2.98 %),271510,6343087000,302010,7013460000,9839550,46.2
16/11/2010,-410420,-9136177000,22.1(-3.07 %),82550,1864802000,492970,11000979000,10249970,46.08
17/11/2010,260,-395000,22.1(0.00 %),465670,10309177000,465410,10309572000,10249710,46.08
18/11/2010,-86860,-1981753000,22.6(2.26 %),92430,2091893000,179290,4073646000,10336570,46.06
19/11/2010,-49110,-1100726000,22.2(-1.77 %),135290,3054949000,184400,4155675000,10385680,46.04
22/11/2010,94180,2048945000,21.8(-1.80 %),247230,5381190000,153050,3332245000,10291500,46.07
23/11/2010,-152300,-3359170000,22.2(1.83 %),3700,81930000,156000,3441100000,10443800,46.03
24/11/2010,-39950,-883748000,22(-0.90 %),10050,221700000,50000,1105448000,10483750,46.01
25/11/2010,-13870,-313694000,22.5(2.27 %),29330,665346000,43200,979040000,10497620,46.01
26/11/2010,-244460,-5490524000,22.5(0.00 %),337940,7611030000,582400,13101554000,10742080,45.94
29/11/2010,-240050,-5572305000,23.6(4.89 %),68910,1606475000,308960,7178780000,10982130,45.87
30/11/2010,417860,10297912000,24.7(4.66 %),531100,13092940000,113240,2795028000,10564270,45.99
01/12/2010,479660,12205306000,25.4(2.83 %),556560,14132092000,76900,1926786000,10084610,46.13
02/12/2010,131150,3227183000,26.6(4.72 %),655240,17056846000,524090,13829663000,9953460,46.17
03/12/2010,-56590,-1578861000,27.9(4.89 %),46960,1310184000,103550,2889045000,10010050,46.15
06/12/2010,304560,8860128000,29.2(4.66 %),1186710,34251788000,882150,25391660000,9705490,46.24
07/12/2010,169000,4912705000,28.3(-3.08 %),646870,18940757000,477870,14028052000,9536490,46.28
08/12/2010,125220,3459075000,26.9(-4.95 %),604020,16893488000,478800,13434413000,9411270,46.32
09/12/2010,101480,2557457000,28.2(4.83 %),278780,7548797000,177300,4991340000,9309790,46.35
10/12/2010,29050,869778000,29.6(4.96 %),222390,6555580000,193340,5685802000,9280740,46.36
13/12/2010,-2170,-67270000,31(4.73 %),203600,6311600000,205770,6378870000,9282910,46.36
14/12/2010,409180,13068730000,31(0.00 %),685240,21677011000,276060,8608281000,8873730,46.47
15/12/2010,138070,4496987000,31.9(2.90 %),489690,15696235000,351620,11199248000,8735660,46.51
16/12/2010,657840,20241838000,30.4(-4.70 %),709570,21834195000,51730,1592357000,8077820,46.7
17/12/2010,-152790,-4799660000,31.9(4.93 %),50520,1577759000,203310,6377419000,8230610,46.66
20/12/2010,-670360,-21878376000,31.7(-0.63 %),35750,1157147000,706110,23035523000,8900970,46.46
21/12/2010,193890,6336990000,31.8(0.32 %),432560,13785952000,238670,7448962000,8707080,46.52
22/12/2010,267680,8580536000,31.1(-2.20 %),537500,17264960000,269820,8684424000,8439400,46.6
23/12/2010,74010,2278865000,30.7(-1.29 %),147770,4564906000,73760,2286041000,8365390,46.62
24/12/2010,48280,1532283000,31(0.98 %),148340,4594775000,100060,3062492000,8317110,46.63
27/12/2010,97900,3046092000,31(0.00 %),194600,6029682000,96700,2983590000,8219210,46.66
28/12/2010,-9280,-369890000,32.5(4.84 %),129140,4101400000,138420,4471290000,8228490,46.66
29/12/2010,-8900,-270393000,32.1(-1.23 %),115700,3797721000,124600,4068114000,8237390,46.65
30/12/2010,-26400,-868880000,31.7(-1.25 %),68200,2165330000,94600,3034210000,8263790,46.65
31/12/2010,-20310,-648904000,32(0.95 %),58000,1859736000,78310,2508640000,8284100,46.64
04/01/2011,14140,455329000,32.2(0.62 %),22000,710645000,7860,255316000,8269960,46.64
05/01/2011,135350,4278844000,31.3(-2.80 %),158650,5014634000,23300,735790000,8134610,46.68
06/01/2011,153670,4780659000,31.2(-0.32 %),154720,4813424000,1050,32765000,7980940,46.73
07/01/2011,247130,7747877000,31.1(-0.32 %),250630,7858077000,3500,110200000,7733810,46.8
10/01/2011,-99550,-3034271000,30.3(-2.57 %),8380,256208000,107930,3290479000,7833360,46.77
11/01/2011,-97050,-2925101000,29(-4.29 %),116020,3386146000,213070,6311247000,7930410,46.74
12/01/2011,-105530,-3113292000,29.5(1.72 %),27990,823616000,133520,3936908000,8035940,46.71
13/01/2011,72000,2168980000,29.9(1.36 %),85000,2552780000,13000,383800000,7963940,46.73
14/01/2011,32250,984508000,30.3(1.34 %),82250,2479628000,50000,1495120000,7931690,46.74
17/01/2011,-197970,-6085590000,30.4(0.33 %),113530,3497456000,311500,9583046000,8129660,46.68
18/01/2011,4090,120055000,29.9(-1.64 %),34030,1033072000,29940,913017000,7959850,46.73
19/01/2011,143490,4298513000,29.9(0.00 %),155090,4647863000,11600,349350000,7816360,46.77
20/01/2011,-75680,-2254380000,29.6(-1.00 %),8500,254420000,84180,2508800000,7892040,46.75
21/01/2011,-78790,-2338251000,29.6(0.00 %),25160,755154000,103950,3093405000,7970830,46.73
24/01/2011,-261460,-7583709000,28.8(-2.70 %),34350,1004425000,295810,8588134000,8232290,46.66
25/01/2011,252570,7209502000,28.4(-1.39 %),277450,7918846000,24880,709344000,7979720,46.73
26/01/2011,-9530,-283072000,28.9(1.76 %),23870,678338000,33400,961410000,7989250,98.3
27/01/2011,229500,6746170000,29.8(3.11 %),300300,8812530000,70800,2066360000,7750220,46.79
28/01/2011,67350,2006910000,29.8(0.00 %),106570,3181006000,39220,1174096000,7682870,46.81
08/02/2011,76980,2303552000,29.9(0.34 %),143680,4294742000,66700,1991190000,7605890,46.83
09/02/2011,-146540,-4426350000,29.9(0.00 %),18380,554562000,164920,4980912000,7752430,46.79
10/02/2011,95920,2871396000,29.9(0.00 %),281820,8431756000,185900,5560360000,7656510,46.82
11/02/2011,-228990,-6823774000,29.8(-0.33 %),6350,189622000,235340,7013396000,7885500,46.75
14/02/2011,-175010,-5197462000,29.5(-1.01 %),53040,1575862000,228050,6773324000,8060510,46.7
15/02/2011,-180210,-5224289000,29.2(-1.02 %),82800,2422426000,263010,7646715000,8240720,46.65
16/02/2011,-449830,-12986401000,28.6(-2.05 %),19090,555363000,468920,13541764000,8690550,46.52
17/02/2011,46330,1326718000,28.1(-1.75 %),176400,4953279000,130070,3626561000,8644220,46.54
18/02/2011,-389070,-10591315000,27(-3.91 %),16600,455130000,405670,11046445000,9033290,46.43
21/02/2011,-112040,-2895790000,25.7(-4.81 %),94660,2438110000,206700,5333900000,9145330,46.4
22/02/2011,-1465840,-36172081000,24.5(-4.67 %),183230,4518152000,1649070,40690233000,10611170,45.98
23/02/2011,-348200,-8614222000,24.6(0.41 %),34570,843682000,382770,9457904000,10959370,45.88
24/02/2011,591800,14294791000,24.5(-0.41 %),629830,15219436000,38030,924645000,10367570,46.05
25/02/2011,-151490,-3762495000,25.2(2.86 %),99430,2441339000,250920,6203834000,10519060,46.0
28/02/2011,-154520,-3808110000,24.4(-3.17 %),227680,5648378000,382200,9456488000,10673580,45.96
01/03/2011,-114540,-2761051000,24.2(-0.82 %),2540,61160000,117080,2822211000,10788120,45.93
02/03/2011,-515640,-11843646000,23(-4.96 %),199920,4626128000,715560,16469774000,11303760,45.78
03/03/2011,-124970,-2784718000,22(-4.35 %),169160,3756050000,294130,6540768000,0,0.0
04/03/2011,-252710,-5605695000,22.3(1.36 %),68070,1512024000,320780,7117719000,0,0.0
07/03/2011,-166900,-3775250000,22.5(0.90 %),1100,24750000,168000,3800000000,0,0.0
08/03/2011,236950,5280355000,22.1(-1.78 %),239950,5347855000,3000,67500000,0,0.0
09/03/2011,127420,2754573000,21.4(-3.17 %),129420,2797193000,2000,42620000,0,0.0
10/03/2011,-110700,-2431940000,22.4(4.67 %),5300,118100000,116000,2550040000,0,0.0
11/03/2011,-8390,-197165000,23.5(4.91 %),241000,5663500000,249390,5860665000,0,0.0
14/03/2011,439920,10460409000,23.7(0.85 %),522280,12464848000,82360,2004439000,0,0.0
15/03/2011,373350,8816502000,23.6(-0.42 %),618750,14698942000,245400,5882440000,0,0.0
16/03/2011,68690,1625129000,23.8(0.85 %),120020,2836926000,51330,1211797000,10887642,45.9
17/03/2011,-33200,-824660000,23.9(0.42 %),70700,1689610000,103900,2514270000,10920842,45.89
18/03/2011,-169770,-4059394000,25(4.60 %),35330,841248000,205100,4900642000,11090612,45.84
21/03/2011,36530,947469000,24.8(-0.80 %),138990,3511179000,102460,2563710000,11054082,45.85
22/03/2011,-11050,-274815000,23.7(-4.44 %),30950,750125000,42000,1024940000,11065132,45.85
23/03/2011,-44830,-1080236000,24.5(3.38 %),77070,1841864000,121900,2922100000,11109962,45.84
24/03/2011,-221190,-5353101000,23.9(-2.45 %),2010,48152000,223200,5401253000,11331152,45.77
25/03/2011,92430,2176881000,23.6(-1.26 %),124430,2934281000,32000,757400000,11238722,45.8
28/03/2011,-35810,-860573000,23.6(0.00 %),146930,3497756000,182740,4358329000,11274532,45.79
29/03/2011,38230,878279000,22.9(-2.97 %),38230,878279000,0,0,11236302,45.8
30/03/2011,-68840,-1531796000,22.4(-2.18 %),132200,2951500000,201040,4483296000,11305142,45.78
31/03/2011,476730,10836361000,22.5(0.45 %),634820,14424126000,158090,3587765000,10828412,45.92
01/04/2011,23520,526240000,22.2(-1.33 %),43520,972240000,20000,446000000,10847542,45.91
04/04/2011,-24930,-541062000,21.6(-2.70 %),29760,651214000,54690,1192276000,10872472,45.9
05/04/2011,47980,1040012000,21.6(0.00 %),66640,1443624000,18660,403612000,10824492,45.92
06/04/2011,-182230,-4019098000,22.6(4.63 %),65270,1429502000,247500,5448600000,11006722,45.87
07/04/2011,197420,4447917000,22.3(-1.33 %),321170,7248642000,123750,2800725000,10809302,45.92
08/04/2011,150910,3336934000,22(-1.35 %),155270,3433326000,4360,96392000,10658392,45.96
13/04/2011,116620,2565660000,22(0.00 %),220440,4845084000,103820,2279424000,10541772,46.0
14/04/2011,58700,1283611000,21.7(-1.36 %),194120,4247367000,135420,2963756000,10483072,46.01
15/04/2011,52530,1140223000,21.3(-1.84 %),212850,4591951000,160320,3451728000,10430542,46.03
18/04/2011,-13650,-279791000,20.4(-4.23 %),6960,144088000,20610,423879000,10444192,46.03
19/04/2011,-108080,-2149514000,20.1(-1.47 %),32820,660858000,140900,2810372000,10552272,45.99
20/04/2011,-50270,-1017804000,20.3(1.00 %),32230,647546000,82500,1665350000,10602542,45.98
21/04/2011,-103210,-2069358000,19.7(-2.96 %),60150,1211508000,163360,3280866000,10705752,45.95
22/04/2011,53250,1022874000,19.3(-2.03 %),118650,2282054000,65400,1259180000,10652502,45.97
25/04/2011,-587300,-11511208000,20.2(4.66 %),182700,3686240000,770000,15197448000,11239802,45.8
26/04/2011,404580,8115416000,19.8(-1.98 %),428500,8595750000,23920,480334000,10835222,45.91
27/04/2011,567040,11379887000,20.2(2.02 %),613450,12311838000,46410,931951000,10268182,46.08
28/04/2011,-21160,-419858000,20.2(0.00 %),256460,5179923000,277620,5599781000,10289342,46.07
29/04/2011,124880,2550376000,20.5(1.49 %),203900,4157720000,79020,1607344000,10164462,46.11
04/05/2011,519260,10731314000,20.5(0.00 %),615600,12715464000,96340,1984150000,9876522,46.19
05/05/2011,-8610,-173056000,20(-2.44 %),55770,1114544000,64380,1287600000,9885132,46.18
06/05/2011,7930,157324000,20.2(1.00 %),158210,3170896000,150280,3013572000,9877202,46.19
09/05/2011,201960,4176405000,20.7(2.48 %),513560,10561465000,311600,6385060000,9675242,46.24
10/05/2011,-7100,-151130000,20.5(-0.97 %),129300,2666710000,136400,2817840000,9682342,46.24
11/05/2011,-164860,-3341858000,20.2(-1.46 %),60900,1240350000,225760,4582208000,9847202,46.2
12/05/2011,-255640,-5170796000,20.2(0.00 %),15200,307020000,270840,5477816000,10102842,46.12
13/05/2011,97470,1967478000,20.2(0.00 %),130160,2631132000,32690,663654000,10005372,46.15
16/05/2011,12280,233403000,19.8(-1.98 %),79800,1593159000,67520,1359756000,9993092,46.15
17/05/2011,-127950,-2494712000,19.4(-2.02 %),40800,795990000,168750,3290702000,10121042,46.12
18/05/2011,-383520,-7395025000,19.3(-0.52 %),130920,2514525000,514440,9909550000,10504562,46.01
19/05/2011,-15490,-298834000,19.1(-1.04 %),96650,1864355000,112140,2163189000,10520052,46.0
20/05/2011,-240640,-4510885000,18.5(-3.14 %),306600,5741680000,547240,10252565000,10760692,45.94
23/05/2011,-52110,-955510000,17.6(-4.86 %),363090,6438788000,415200,7394298000,10812802,45.92
24/05/2011,-403600,-6867202000,16.8(-4.55 %),286500,4822750000,690100,11689952000,11216402,45.81
25/05/2011,232420,3721453000,16(-4.76 %),476000,7624897000,243580,3903444000,10983982,45.87
26/05/2011,221500,3477566000,16.8(5.00 %),880050,13514429000,658550,10036863000,10762482,45.93
27/05/2011,-324320,-5536061000,17.6(4.76 %),128330,2189085000,452650,7725146000,11086802,45.84
30/05/2011,263510,4517939000,16.8(-4.55 %),290660,4983764000,27150,465825000,10823292,45.92
31/05/2011,-595310,-9675166000,16.4(-2.38 %),275390,4472918000,870700,14148084000,11418602,45.75
01/06/2011,5110,105363000,17.2(4.88 %),65060,1117470000,59950,1012107000,9905312,46.18
02/06/2011,-143300,-2579400000,18(4.65 %),475050,8550900000,618350,11130300000,10048612,46.14
03/06/2011,641030,11986836000,17.9(-0.56 %),725970,13554650000,84940,1567814000,9407582,46.32
06/06/2011,177160,3212690000,18.5(3.35 %),208430,3774696000,31270,562006000,9230422,46.37
07/06/2011,260550,5050470000,19.4(4.86 %),619110,12006534000,358560,6956064000,8969872,46.45
08/06/2011,174780,3395006000,19.1(-1.55 %),434880,8434406000,260100,5039400000,8795092,46.5
09/06/2011,122980,2320174000,19.5(2.09 %),343990,6615785000,221010,4295611000,8672112,46.53
10/06/2011,3550,73723000,20.4(4.62 %),70510,1432195000,66960,1358472000,8668562,46.53
13/06/2011,4920,99776000,20.7(1.47 %),34590,705144000,29670,605368000,8663642,46.53
14/06/2011,63260,1338854000,20(-3.38 %),159260,3312742000,96000,1973888000,8600382,46.55
15/06/2011,170020,3293139000,19(-5.00 %),335820,6511089000,165800,3217950000,8430362,46.6
16/06/2011,127960,2533790000,19.9(4.74 %),149620,2959224000,21660,425434000,8302402,46.64
17/06/2011,-48370,-903904000,19(-4.52 %),85730,1650386000,134100,2554290000,8350772,46.62
20/06/2011,-538570,-9769837000,18.1(-4.74 %),78950,1436433000,617520,11206270000,8889342,46.47
21/06/2011,-68280,-1012117000,19(4.97 %),393200,7413550000,461480,8425667000,8957622,46.45
22/06/2011,21300,405882000,19(0.00 %),87340,1665957000,66040,1260075000,8936322,46.45
23/06/2011,204980,3829745000,18.6(-2.11 %),206330,3855255000,1350,25510000,8731342,46.51
24/06/2011,95020,1790685000,18.8(1.08 %),97020,1828285000,2000,37600000,8636322,46.54
27/06/2011,19900,376814000,18.7(-0.53 %),52400,987384000,32500,610570000,8616422,46.55
28/06/2011,-46220,-849707000,18.3(-2.14 %),34960,644930000,81180,1494637000,8662642,46.53
29/06/2011,-101000,-1828620000,18.1(-1.09 %),48100,870910000,149100,2699530000,8763642,46.5
30/06/2011,-132770,-2380338000,17.7(-2.21 %),31100,562070000,163870,2942408000,8896412,46.47
01/07/2011,-260180,-4495352000,17.2(-2.82 %),16410,286912000,276590,4782264000,9894232,46.18
04/07/2011,-160200,-2757473000,17.3(0.58 %),37290,638868000,197490,3396341000,10054432,46.14
05/07/2011,25100,450424000,18.1(4.62 %),126300,2281524000,101200,1831100000,10029332,46.14
06/07/2011,-90480,-1617831000,18(-0.55 %),145590,2606065000,236070,4223896000,10119812,46.12
07/07/2011,-100400,-1796208000,17.8(-1.11 %),136290,2440398000,236690,4236606000,10220212,46.09
08/07/2011,-95770,-1695160000,17.7(-0.56 %),11230,198810000,107000,1893970000,10315982,46.06
11/07/2011,22250,387954000,17.4(-1.69 %),41250,721454000,19000,333500000,10293732,46.07
12/07/2011,20260,352848000,17.4(0.00 %),25060,436068000,4800,83220000,10273472,46.07
13/07/2011,-132420,-2363636000,17.8(2.30 %),4220,74960000,136640,2438596000,10405892,46.04
14/07/2011,81470,1448041000,17.9(0.56 %),87320,1550860000,5850,102819000,10324422,46.06
15/07/2011,5060,90734000,17.8(-0.56 %),8060,144374000,3000,53640000,10319362,46.06
18/07/2011,-20040,-338379000,17.8(0.00 %),87300,1532254000,107340,1870633000,10339402,46.06
19/07/2011,-6920,-122754000,17.7(-0.56 %),9840,174174000,16760,296928000,10346322,46.05
20/07/2011,-40440,-737252000,18.4(3.95 %),28560,508718000,69000,1245970000,10386762,46.04
21/07/2011,-46880,-854377000,17.9(-2.72 %),1800,32835000,48680,887212000,10433642,46.03
22/07/2011,-53350,-951231000,17.8(-0.56 %),6650,117969000,60000,1069200000,10486992,46.01
25/07/2011,-8480,-150990000,17.7(-0.56 %),3060,54468000,11540,205458000,10495472,46.01
26/07/2011,-12850,-226445000,17.7(0.00 %),150,2655000,13000,229100000,10508322,46.01
27/07/2011,-177620,-3117772000,17.5(-1.13 %),22130,387665000,199750,3505437000,10685942,45.96
28/07/2011,35660,627036000,17.6(0.57 %),45160,795516000,9500,168480000,10650282,45.97
29/07/2011,-10040,-173398000,17.4(-1.14 %),13360,235382000,23400,408780000,10660322,45.96
01/08/2011,-17950,-307346000,17.2(-1.15 %),88550,1528765000,106500,1836111000,11160702,45.82
02/08/2011,14070,221376000,16.8(-2.33 %),85850,1450302000,71780,1228926000,11146632,45.83
03/08/2011,-36140,-600534000,16.6(-1.19 %),36030,597988000,72170,1198522000,11182772,45.82
04/08/2011,-41570,-706238000,17.4(4.82 %),10930,187262000,52500,893500000,11224342,45.8
05/08/2011,98490,1710238000,17.3(-0.57 %),108000,1874132000,9510,163894000,11125852,45.83
08/08/2011,90030,1541786000,16.9(-2.31 %),216830,3703913000,126800,2162127000,11035822,45.86
09/08/2011,-174860,-2845514000,16.3(-3.55 %),50120,815178000,224980,3660692000,11210682,45.81
10/08/2011,228000,3793901000,16.7(2.45 %),230140,3829493000,2140,35592000,10982682,45.87
11/08/2011,281650,4664113000,16.6(-0.60 %),295570,4894705000,13920,230592000,10701032,45.95
12/08/2011,190710,3190263000,16.8(1.20 %),212130,3549317000,21420,359054000,10510322,46.01
15/08/2011,176620,2976626000,16.9(0.60 %),234400,3947830000,57780,971204000,10333702,46.06
16/08/2011,41790,717583000,17.1(1.18 %),96050,1642805000,54260,925222000,10291912,46.07
17/08/2011,224170,3926732000,17.9(4.68 %),236370,4143392000,12200,216660000,10067742,46.13
18/08/2011,778220,14457021000,18.5(3.35 %),1033020,19186471000,254800,4729450000,9289522,46.35
19/08/2011,282960,5163256000,18.2(-1.62 %),304930,5566314000,21970,403058000,9006562,46.43
22/08/2011,67480,1285412000,19.1(4.95 %),133700,2545670000,66220,1260258000,8939082,46.45
23/08/2011,508800,9687668000,19(-0.52 %),595440,11335828000,86640,1648160000,8430282,46.6
24/08/2011,386700,7305040000,18.7(-1.58 %),391700,7399660000,5000,94620000,8043582,46.71
25/08/2011,1038200,19612982000,19.2(2.67 %),1040400,19654322000,2200,41340000,7005382,47.0
26/08/2011,568910,10921482000,19.2(0.00 %),622910,11961362000,54000,1039880000,6436472,47.17
29/08/2011,211760,3956131000,19.1(4.95 %),332960,6231356000,121200,2275225000,6224712,47.23
30/08/2011,-59750,-1200060000,19.6(2.62 %),71300,1420940000,131050,2621000000,6284462,47.21
31/08/2011,1132360,22796652000,20.3(3.57 %),1204160,24228196000,71800,1431544000,5152102,47.53
01/09/2011,422410,8728614000,21.1(3.94 %),536490,11083970000,114080,2355356000,4999952,47.58
05/09/2011,467820,9624791000,20.3(-3.79 %),794360,16388623000,326540,6763832000,4532132,47.71
06/09/2011,1670520,33395766000,20.1(-0.99 %),1734620,34678676000,64100,1282910000,2861612,48.18
07/09/2011,-166590,-3377102000,21.1(4.98 %),445900,9243022000,612490,12620124000,3028202,48.14
08/09/2011,295400,6379880000,21.1(0.00 %),412700,8880170000,117300,2500290000,2732802,48.22
09/09/2011,112060,2348555000,21(-0.47 %),310710,6538655000,198650,4190100000,2620742,48.25
12/09/2011,-269230,-5542585000,20.6(-1.90 %),238960,4948014000,508190,10490599000,2889972,48.18
13/09/2011,1162590,25007226000,21.6(4.85 %),1211050,26039510000,48460,1032284000,1727382,48.51
14/09/2011,253400,5382863000,20.6(-4.63 %),420400,8871587000,167000,3488724000,1473982,48.58
15/09/2011,-73800,-1443781000,21(1.94 %),226000,4618180000,299800,6061961000,1547782,48.56
16/09/2011,20240,359961000,20.2(-3.81 %),247590,5041246000,227350,4681285000,1527542,48.56
19/09/2011,129860,2642160000,20.5(1.49 %),148820,3030832000,18960,388672000,1397682,48.6
20/09/2011,106280,2153937000,20.2(-1.46 %),247000,5017400000,140720,2863463000,1291402,48.63
21/09/2011,626650,12758310000,20.2(0.00 %),909800,18502700000,283150,5744390000,664752,48.81
22/09/2011,83790,1718201000,20.7(2.48 %),200730,4098589000,116940,2380388000,580962,48.83
23/09/2011,117380,2395130000,20.4(-1.45 %),125700,2564280000,8320,169150000,463582,48.87
26/09/2011,-133720,-2716549000,20.1(-1.47 %),7300,148620000,141020,2865169000,597302,48.83
27/09/2011,-190050,-3837175000,20.1(0.00 %),7200,144720000,197250,3981895000,787352,48.78
28/09/2011,-12190,-243425000,20.3(1.00 %),29500,601350000,41690,844775000,799542,48.77
29/09/2011,31480,600081000,19.7(-2.96 %),153510,3036416000,122030,2436335000,768062,48.78
30/09/2011,32180,634634000,19.5(-1.02 %),271010,5299319000,238830,4664685000,735882,48.79
03/10/2011,176270,3346397000,18.9(-3.08 %),207670,3945607000,31400,599210000,434972,48.88
04/10/2011,-26010,-486263000,18.7(-1.06 %),620,11664000,26630,497927000,460982,48.87
05/10/2011,-49790,-946761000,18.8(0.53 %),12500,236420000,62290,1183181000,510772,48.85
06/10/2011,-10270,-194590000,19.3(2.66 %),23000,447000000,33270,641590000,521042,48.85
07/10/2011,80200,1543927000,19.2(-0.52 %),158130,3046376000,77930,1502449000,440842,48.87
10/10/2011,21500,406786000,18.9(-1.56 %),35400,670680000,13900,263894000,419342,48.88
11/10/2011,135520,2607270000,19.1(1.06 %),191330,3678403000,55810,1071133000,283822,48.92
12/10/2011,152460,2852002000,18.2(-4.71 %),162460,3038002000,10000,186000000,131362,48.96
13/10/2011,-502450,-9038169000,17.9(-1.65 %),16000,287980000,518450,9326149000,633812,48.82
14/10/2011,60830,1100633000,18.2(1.68 %),75830,1372633000,15000,272000000,572982,48.84
17/10/2011,50810,906896000,17.6(-3.30 %),55810,996556000,5000,89660000,522172,48.85
18/10/2011,10000,174000000,17.3(-1.70 %),110000,1904000000,100000,1730000000,512172,48.85
19/10/2011,-25530,-443596000,17.3(0.00 %),7690,134197000,33220,577793000,537702,48.85
20/10/2011,96850,1682185000,17.4(0.58 %),150150,2608775000,53300,926590000,440852,48.87
21/10/2011,-7100,-126620000,17.8(2.30 %),11000,192550000,18100,319170000,447952,48.87
24/10/2011,59990,1069322000,17.6(-1.12 %),63140,1125892000,3150,56570000,387962,48.89
25/10/2011,-133650,-2311185000,17.4(-1.14 %),76650,1334165000,210300,3645350000,521612,48.85
26/10/2011,-479220,-8208157000,17(-2.30 %),367870,6326794000,847090,14534951000,1000832,48.71
27/10/2011,-7270,-132495000,17.3(1.76 %),46060,793502000,53330,925997000,1008102,48.71
28/10/2011,23640,420650000,18.1(4.62 %),29680,528054000,6040,107404000,984462,48.72
31/10/2011,258710,4887580000,18.5(2.21 %),404280,7649110000,145570,2761530000,725752,48.79
01/11/2011,202880,3711856000,18.3(-1.08 %),242000,4429900000,39120,718044000,547092,48.84
02/11/2011,88690,1579478000,17.7(-3.28 %),132050,2356398000,43360,776920000,458402,48.87
03/11/2011,166560,2917814000,17.5(-1.13 %),181560,3183314000,15000,265500000,291842,48.92
04/11/2011,9700,168750000,17.4(-0.57 %),16800,293420000,7100,124670000,282142,48.92
07/11/2011,13630,233416000,17.2(-1.15 %),26550,456720000,12920,223304000,268512,48.92
08/11/2011,-82250,-1410185000,17.4(1.16 %),360,6251000,82610,1416436000,350762,48.9
09/11/2011,20870,361201000,17.3(-0.57 %),22870,395981000,2000,34780000,329892,48.91
10/11/2011,-606160,-10233221000,16.8(-2.89 %),350010,5893819000,956170,16127040000,936052,48.73
11/11/2011,-94650,-1580020000,16.7(-0.60 %),48650,813215000,143300,2393235000,1030702,48.71
14/11/2011,-89960,-1465561000,16.3(-2.40 %),140320,2287666000,230280,3753227000,1120662,48.68
15/11/2011,-169790,-2760106000,16.1(-1.23 %),3920,63882000,173710,2823988000,1290452,48.63
16/11/2011,-95880,-1572520000,16.6(3.11 %),1620,26406000,97500,1598926000,1386332,48.61
17/11/2011,10300,168990000,16.3(-1.81 %),17300,285190000,7000,116200000,1376032,48.61
18/11/2011,15680,251598000,16.3(0.00 %),66780,1079358000,51100,827760000,1360352,48.61
21/11/2011,5900,94340000,16.1(-1.23 %),40900,661440000,35000,567100000,1354452,48.61
22/11/2011,66820,1105772000,16.4(1.86 %),125430,2050132000,58610,944360000,1287632,48.63
23/11/2011,60630,1001923000,16.5(0.61 %),60630,1001923000,0,0,1227002,48.65
24/11/2011,-200320,-3261822000,16.2(-1.82 %),8000,130400000,208320,3392222000,1427322,48.59
25/11/2011,19550,323760000,16.2(0.00 %),54050,880610000,34500,556850000,1407772,48.6
28/11/2011,-481470,-8012552000,16.4(1.23 %),600,10020000,482070,8022572000,1889242,48.46
29/11/2011,43250,702633000,16.3(-0.61 %),70080,1142312000,26830,439679000,1845992,48.47
30/11/2011,53210,860121000,16.1(-1.23 %),85210,1379521000,32000,519400000,1792782,48.49
01/12/2011,46460,760262000,16.2(0.62 %),142760,2321182000,96300,1560920000,1253942,48.64
02/12/2011,30260,496204000,16.5(1.85 %),30760,504454000,500,8250000,1223682,48.65
05/12/2011,-225500,-3886540000,17.3(4.85 %),29500,501750000,255000,4388290000,1449182,48.59
06/12/2011,98100,1718240000,17.2(-0.58 %),134000,2345000000,35900,626760000,1351082,48.62
07/12/2011,8630,148772000,17(-1.16 %),22090,379618000,13460,230846000,1342452,48.62
08/12/2011,-9500,-160000000,16.6(-2.35 %),0,0,9500,160000000,1351952,48.61
09/12/2011,-5030,-81981000,16.3(-1.81 %),5590,92135000,10620,174116000,1356982,48.61
12/12/2011,-181400,-2940501000,16.1(-1.23 %),28600,462021000,210000,3402522000,1538382,48.56
13/12/2011,-54360,-872768000,15.9(-1.24 %),1980,31690000,56340,904458000,1592742,48.55
14/12/2011,131810,2076882000,15.4(-3.14 %),201490,3158854000,69680,1081972000,1460932,48.58
15/12/2011,-399910,-5966412000,15(-2.60 %),119940,1796380000,519850,7762792000,1860842,48.47
16/12/2011,36040,553215000,15.3(2.00 %),41970,644401000,5930,91186000,1824802,48.48
19/12/2011,-84090,-1277707000,15.1(-1.31 %),118300,1795770000,202390,3073477000,1908892,48.46
20/12/2011,-123760,-1828148000,14.7(-2.65 %),162220,2387136000,285980,4215284000,2032652,48.42
21/12/2011,-53450,-792147000,14.8(0.68 %),53550,791735000,107000,1583882000,2086102,48.41
22/12/2011,-309900,-4459662000,14.1(-4.73 %),78100,1103620000,388000,5563282000,2396002,48.32
23/12/2011,-40960,-557025000,14(-0.71 %),47600,663515000,88560,1220540000,2436962,48.31
26/12/2011,-42490,-585148000,13.7(-2.14 %),62660,864475000,105150,1449623000,2479452,48.29
27/12/2011,-22840,-305484000,13.2(-3.65 %),83960,1109536000,106800,1415020000,2502292,48.29
28/12/2011,-58870,-793179000,13.8(4.55 %),17230,235471000,76100,1028650000,2561162,48.27
29/12/2011,203080,2745860000,13.6(-1.45 %),203880,2756900000,800,11040000,2358082,48.33
30/12/2011,163990,2258879000,13.7(0.74 %),168090,2315169000,4100,56290000,2194092,48.38
03/01/2012,190,2793000,13.5(-1.46 %),2150,29645000,1960,26852000,2607532,48.26
04/01/2012,-319530,-4225005000,13.3(-1.48 %),36970,494842000,356500,4719847000,2927062,48.17
05/01/2012,-445170,-5838353000,13.1(-1.50 %),113100,1484124000,558270,7322477000,3372232,48.04
06/01/2012,-602190,-7646982000,12.5(-4.58 %),189050,2389588000,791240,10036570000,3974422,47.87
09/01/2012,155160,2005562000,12.8(2.40 %),316220,3967129000,161060,1961567000,3819262,47.92
10/01/2012,162560,2140133000,13.4(4.69 %),201700,2650798000,39140,510665000,3656702,47.96
11/01/2012,227260,3057697000,13.4(0.00 %),227400,3059620000,140,1923000,3429442,48.02
12/01/2012,34950,461620000,13.2(-1.49 %),40150,529780000,5200,68160000,3394492,48.03
13/01/2012,-1450,-18304000,13.6(3.03 %),14050,187396000,15500,205700000,3395942,48.03
16/01/2012,-70250,-968048000,14(2.94 %),11700,162980000,81950,1131028000,3466192,48.01
17/01/2012,3920,53624000,13.7(-2.14 %),11270,155789000,7350,102165000,3462272,48.01
18/01/2012,3500,48200000,13.8(0.73 %),4520,62276000,1020,14076000,3458772,48.01
19/01/2012,-19570,-276553000,14.4(4.35 %),180,2572000,19750,279125000,3478342,48.01
20/01/2012,611100,8792548000,14.3(-0.69 %),641930,9238583000,30830,446035000,2867242,48.39
30/01/2012,596690,8809906000,15(4.90 %),820820,12104083000,224130,3294177000,2270552,48.56
31/01/2012,405520,6285772000,15.1(0.67 %),435600,6739995000,30080,454223000,1865032,48.68
01/02/2012,29660,447477000,15.2(0.66 %),92160,1386707000,62500,939230000,2358141,48.54
02/02/2012,-117800,-1859857000,15.9(4.61 %),34440,541941000,152240,2401798000,2475941,48.5
03/02/2012,827810,13350212000,15.7(-1.26 %),830050,13385680000,2240,35468000,1648131,48.74
06/02/2012,367250,5698901000,15.5(-1.27 %),375810,5831581000,8560,132680000,1280881,48.84
07/02/2012,552470,8595324000,15.7(1.29 %),553510,8611756000,1040,16432000,728411,49.0
08/02/2012,996120,16135220000,16.3(3.82 %),999610,16190958000,3490,55738000,0,49.29
09/02/2012,-135170,-2158349000,15.9(-2.45 %),2240,35972000,137410,2194321000,41,49.0
10/02/2012,-110080,-1705762000,15.2(-4.40 %),108560,1723536000,218640,3429298000,110121,48.97
13/02/2012,-5480,-81148000,14.8(-2.63 %),21040,317704000,26520,398852000,115601,48.97
14/02/2012,-3260,-49699000,15.3(3.38 %),3490,52001000,6750,101700000,118861,48.97
15/02/2012,118010,1812123000,15(-1.96 %),137410,2102373000,19400,290250000,851,49.0
16/02/2012,104070,1572830000,15.1(0.67 %),196640,3000464000,92570,1427634000,0,49.03
17/02/2012,18970,295800000,15.6(3.31 %),26520,411060000,7550,115260000,1,49.0
20/02/2012,5740,91739000,16.3(4.49 %),6750,108000000,1010,16261000,0,49.0
21/02/2012,-225840,-3747713000,16.4(0.61 %),219400,3691740000,445240,7439453000,1,49.0
22/02/2012,11240,180695000,17.2(4.88 %),114570,1957491000,103330,1776796000,0,49.0
23/02/2012,4550,77755000,18(4.65 %),7550,130615000,3000,52860000,1,49.0
24/02/2012,-70260,-1252280000,17.5(-2.78 %),1010,18180000,71270,1270460000,70261,48.98
27/02/2012,113020,2139552000,18.2(4.00 %),245240,4487892000,132220,2348340000,0,49.01
28/02/2012,-18750,-336028000,17.3(-4.95 %),3330,60606000,22080,396634000,1,49.0
29/02/2012,-10410,-180093000,17.5(1.16 %),3000,51900000,13410,231993000,10411,49.0
01/03/2012,61270,1111852000,17.6(0.57 %),101270,1814352000,40000,702500000,71271,48.98
02/03/2012,124770,2258322000,18.4(4.55 %),132220,2394072000,7450,135750000,0,49.02
05/03/2012,-11320,-218476000,19.3(4.89 %),360640,6960352000,371960,7178828000,22081,48.99
06/03/2012,-145440,-2783476000,19(-1.55 %),33410,652862000,178850,3436338000,167521,48.95
07/03/2012,-15540,-289710000,19.1(0.53 %),9960,188440000,25500,478150000,183061,48.95
08/03/2012,-18110,-332585000,18.2(-4.71 %),84560,1679965000,102670,2012550000,201171,48.94
09/03/2012,32900,598680000,17.8(-2.20 %),33400,607880000,500,9200000,168271,48.95
12/03/2012,156350,2903980000,17.3(-2.81 %),158850,2947530000,2500,43550000,11921,49.0
13/03/2012,7820,148132000,17.9(3.47 %),45500,823300000,37680,675168000,4101,49.0
14/03/2012,5600,123160000,17.6(-1.68 %),25600,477160000,20000,354000000,0,49.0
15/03/2012,-8070,-147680000,18.4(4.55 %),500,8730000,8570,156410000,1,49.0
16/03/2012,-22620,-434612000,19.3(4.89 %),2500,48250000,25120,482862000,22621,48.99
19/03/2012,6680,125788000,19.5(1.04 %),17680,337688000,11000,211900000,15941,49.0
20/03/2012,-600,-60000,20.1(3.08 %),20000,408000000,20600,408060000,16541,49.0
21/03/2012,-52430,-1087829000,20.4(1.49 %),8570,173971000,61000,1261800000,68971,48.98
22/03/2012,24450,524168000,20(-1.96 %),25120,537568000,670,13400000,44521,48.99
23/03/2012,-10000,-212900000,20.7(3.50 %),11000,220000000,21000,432900000,54521,48.98
26/03/2012,18910,412154000,20.4(-1.45 %),20600,447020000,1690,34866000,35611,48.99
27/03/2012,49430,1061472000,19.4(-4.90 %),731000,15631200000,681570,14569728000,0,49.0
28/03/2012,670,12542000,19.4(0.00 %),670,12542000,0,0,1,49.0
29/03/2012,8310,175145000,18.7(-3.61 %),21000,420000000,12690,244855000,0,49.0
30/03/2012,-7010,-128982000,18.4(-1.60 %),33290,650625000,40300,779607000,1,49.0
03/04/2012,6250,113740000,19.3(4.89 %),11570,212888000,5320,99148000,1,49.0
04/04/2012,-4900,-95240000,19.1(-1.04 %),0,0,4900,95240000,4901,49.0
05/04/2012,-4210,-82311000,20(4.71 %),12690,242379000,16900,324690000,9111,49.0
06/04/2012,4700,92770000,20.2(1.00 %),8700,174870000,4000,82100000,4411,49.0
09/04/2012,5320,109592000,20.8(2.97 %),5320,109592000,0,0,0,49.0
10/04/2012,-43670,-909903000,20.3(-2.40 %),4900,102410000,48570,1012313000,1,49.0
11/04/2012,70,6002000,20.9(2.96 %),16900,354900000,16830,348898000,0,49.0
12/04/2012,-10070,-214043000,21.1(0.96 %),4000,84000000,14070,298043000,1,49.0
13/04/2012,-30800,-643645000,21(-0.47 %),0,0,30800,643645000,30801,48.99
16/04/2012,54980,1198030000,22(4.76 %),65470,1428510000,10490,230480000,0,49.01
17/04/2012,10680,245110000,23.1(5.00 %),16830,387090000,6150,141980000,1,49.0
18/04/2012,-21960,-508461000,22.7(-1.73 %),34070,807610000,56030,1316071000,21961,48.99
19/04/2012,-31970,-641749000,21.6(-4.85 %),30800,733040000,62770,1374789000,53931,48.98
20/04/2012,-10020,-210482000,21.7(0.46 %),10490,226584000,20510,437066000,63951,48.98
23/04/2012,-13120,-284678000,21.8(0.46 %),1029150,23358015000,1042270,23642693000,77071,48.98
24/04/2012,18870,448163000,22.3(2.29 %),36030,821451000,17160,373288000,58201,48.98
25/04/2012,20120,492932000,23.3(4.48 %),62770,1466602000,42650,973670000,38081,48.99
26/04/2012,16910,416804000,22.8(-2.15 %),20510,500444000,3600,83640000,21171,48.99
27/04/2012,19270,439356000,23(0.88 %),19270,439356000,0,0,1901,49.0
02/05/2012,12060,280406000,22.2(-3.48 %),17160,396396000,5100,115990000,17161,49.0
03/05/2012,41740,960293000,22.7(2.25 %),92650,2102100000,50910,1141807000,0,49.01
04/05/2012,-2800,-67160000,23.4(3.08 %),3600,82800000,6400,149960000,1,49.0
07/05/2012,-27310,-666464000,24.5(4.70 %),0,0,27310,666464000,27311,48.99
08/05/2012,-22520,-549408000,24.4(-0.41 %),64930,1664489000,87450,2213897000,49831,48.99
09/05/2012,-4200,-101420000,24.4(0.00 %),1080,26028000,5280,127448000,54031,48.98
10/05/2012,1400,36390000,24.1(-1.23 %),826400,20716790000,825000,20680400000,52631,48.99
11/05/2012,16310,396140000,23.6(-2.07 %),1227310,30055440000,1211000,29659300000,36321,48.99
14/05/2012,20750,491335000,22.5(-4.66 %),27450,646395000,6700,155060000,15571,49.0
15/05/2012,-26720,-592501000,22(-2.22 %),396480,9116456000,423200,9708957000,42291,48.99
16/05/2012,-12300,-273345000,22.4(1.82 %),5000,112000000,17300,385345000,54591,48.98
17/05/2012,-7790,-175570000,22(-1.79 %),40200,912540000,47990,1088110000,62381,48.98
18/05/2012,2600,57450000,21(-4.55 %),121700,2733560000,119100,2676110000,59781,48.98
21/05/2012,1840,24985000,22(4.76 %),32000,681600000,30160,656615000,57941,48.98
22/05/2012,-31000,-683870000,22.1(0.45 %),17300,382330000,48300,1066200000,88941,48.97
23/05/2012,14430,316127000,21.2(-4.07 %),19690,429242000,5260,113115000,74511,48.98
24/05/2012,-11260,-234650000,20.5(-3.30 %),34100,739150000,45360,973800000,85771,48.98
25/05/2012,23660,503258000,21.5(4.88 %),30160,642408000,6500,139150000,62111,48.98
28/05/2012,35160,791260000,22.1(2.79 %),48300,1086750000,13140,295490000,26951,48.99
29/05/2012,-20940,-458947000,22.1(0.00 %),5260,114853000,26200,573800000,47891,48.99
30/05/2012,8860,196428000,22.2(0.45 %),15360,342528000,6500,146100000,39031,48.99
31/05/2012,-26200,-573352000,21.6(-2.70 %),6500,142350000,32700,715702000,65231,48.98
01/06/2012,-309200,-6639194000,21.4(-0.93 %),413140,9086452000,722340,15725646000,1,49.0
04/06/2012,-1336760,-27604433000,20.5(-4.21 %),176200,3662910000,1512960,31267343000,1336761,48.62
05/06/2012,-499260,-10338447000,21.1(2.93 %),204140,4232878000,703400,14571325000,499261,48.86
06/06/2012,-352960,-7510765000,21.5(1.90 %),135060,2862260000,488020,10373025000,852221,48.76
07/06/2012,-540870,-11934875000,22.3(3.72 %),14000,307800000,554870,12242675000,1393091,48.6
08/06/2012,119370,2708768000,21.8(-2.24 %),369470,8226115000,250100,5517347000,1273721,48.64
11/06/2012,-333020,-7363247000,22(0.92 %),172680,3802938000,505700,11166185000,1606741,48.54
12/06/2012,-176770,-3859981000,21.8(-0.91 %),140000,3062000000,316770,6921981000,1783511,48.49
13/06/2012,-74220,-1627996000,21.7(-0.46 %),105000,2282000000,179220,3909996000,1857731,48.47
14/06/2012,18090,369204000,21.4(-1.38 %),89420,1917510000,71330,1548306000,1839641,48.48
15/06/2012,543310,11951423000,22.1(3.27 %),673510,14797113000,130200,2845690000,1296331,48.63
18/06/2012,977330,21917000000,22.4(1.36 %),982670,22035864000,5340,118864000,319001,48.7
19/06/2012,495010,10882557000,21.9(-2.23 %),501000,11016035000,5990,133478000,0,48.84
20/06/2012,39310,859020000,22(0.46 %),43310,947120000,4000,88100000,1363651,48.41
21/06/2012,10270,220325000,21.8(-0.91 %),61010,1331331000,50740,1111006000,1353381,48.41
22/06/2012,400580,8700817000,21.8(0.00 %),411770,8944209000,11190,243392000,952801,48.52
25/06/2012,491840,10583356000,21.4(-1.83 %),662400,14233340000,170560,3649984000,460961,48.66
26/06/2012,-60740,-1313402000,20.7(-3.27 %),205030,4279636000,265770,5593038000,521701,48.65
27/06/2012,188710,3931670000,20.6(-0.48 %),219710,4575970000,31000,644300000,332991,48.7
28/06/2012,-47100,-965780000,20.5(-0.49 %),200,4100000,47300,969880000,380091,48.69
29/06/2012,42410,878599000,20.8(1.46 %),46430,961315000,4020,82716000,337681,48.7
02/07/2012,-31000,-588812000,20.1(-3.37 %),88800,1823160000,119800,2411972000,312091,48.7
03/07/2012,161850,3159847000,19.3(-3.98 %),161870,3160241000,20,394000,150241,48.75
04/07/2012,-85310,-1641061000,19(-1.55 %),156690,3002901000,242000,4643962000,235551,48.73
05/07/2012,40150,759227000,19.8(4.21 %),75850,1439100000,35700,679873000,195401,48.74
06/07/2012,5230,103021000,19.9(0.51 %),5230,103021000,0,0,190171,48.74
09/07/2012,32460,609262000,19.2(-3.52 %),106050,2043300000,73590,1434038000,157711,48.75
10/07/2012,-4990,-95810000,19(-1.04 %),10,190000,5000,96000000,162701,48.75
11/07/2012,-386970,-7380871000,19.2(1.05 %),7330,139497000,394300,7520368000,549671,48.64
12/07/2012,4700,91260000,19.4(1.04 %),5100,98940000,400,7680000,544971,48.64
13/07/2012,1080,18916000,20.2(4.12 %),6000,117600000,4920,98684000,543891,48.64
16/07/2012,7000,139900000,19.8(-1.98 %),20000,402500000,13000,262600000,536891,48.64
17/07/2012,570060,11578509000,20.7(4.55 %),592820,12041411000,22760,462902000,0,48.8
18/07/2012,126930,2655164000,20.9(0.97 %),128270,2683170000,1340,28006000,1,48.79
19/07/2012,-1080,-26788000,21.9(4.78 %),4920,103812000,6000,130600000,1081,48.79
20/07/2012,-2050,-39010000,21.6(-1.37 %),13000,288600000,15050,327610000,3131,48.79
23/07/2012,-34240,-729690000,21.2(-1.85 %),22760,489340000,57000,1219030000,37371,48.78
24/07/2012,-44980,-937630000,20.5(-3.30 %),1300,27300000,46280,964930000,82351,48.77
25/07/2012,-21230,-436470000,20.4(-0.49 %),770,15785000,22000,452255000,103581,48.76
26/07/2012,16540,342828000,20.8(1.96 %),20320,420624000,3780,77796000,87041,48.77
27/07/2012,54620,1142272000,20.5(-1.44 %),57000,1191300000,2380,49028000,32421,48.78
30/07/2012,44280,907940000,20.5(0.00 %),46280,948740000,2000,40800000,0,48.8
31/07/2012,-4860,-101650000,20.6(0.49 %),22000,451000000,26860,552650000,1,48.79
01/08/2012,-30430,-619424000,20.3(-1.46 %),3780,77490000,34210,696914000,1,48.79
02/08/2012,-31730,-644147000,20.2(-0.49 %),2380,48314000,34110,692461000,31731,48.78
03/08/2012,-24500,-495600000,20.2(0.00 %),32000,651300000,56500,1146900000,56231,48.78
06/08/2012,-75460,-1576851000,21(3.96 %),3280,67440000,78740,1644291000,131691,48.76
07/08/2012,-1000,-20700000,20.8(-0.95 %),0,0,1000,20700000,132691,48.75
08/08/2012,-20520,-427821000,20.8(0.00 %),150,3115000,20670,430936000,153211,48.75
09/08/2012,89620,1891928000,21.2(1.92 %),107220,2264128000,17600,372200000,63591,48.77
10/08/2012,81770,1727847000,20.9(-1.42 %),89770,1896147000,8000,168300000,0,48.8
13/08/2012,-1750,-36575000,20.8(-0.48 %),1000,20900000,2750,57475000,1,48.79
14/08/2012,-21130,-444123000,21.1(1.44 %),1500,31350000,22630,475473000,21131,48.79
15/08/2012,21770,459125000,20.9(-0.95 %),36770,775625000,15000,316500000,0,48.79
16/08/2012,-2400,-50150000,20.8(-0.48 %),100,2100000,2500,52250000,7901,48.79
17/08/2012,-4490,-94603000,21(0.96 %),10650,220455000,15140,315058000,12391,48.79
20/08/2012,8480,180334000,21.3(1.43 %),22630,482019000,14150,301685000,3911,48.79
21/08/2012,8950,187950000,20.3(-4.69 %),15000,315000000,6050,127050000,0,48.79
22/08/2012,-78340,-1530882000,19.3(-4.93 %),79160,1539537000,157500,3070419000,1,48.79
23/08/2012,6140,114818000,18.4(-4.66 %),15140,283118000,9000,168300000,0,48.79
24/08/2012,9150,155625000,19(3.26 %),14150,247625000,5000,92000000,1,48.79
27/08/2012,4090,76892000,18.1(-4.74 %),6050,113740000,1960,36848000,0,49.0
28/08/2012,-49130,-877943000,18.1(0.00 %),12970,235577000,62100,1113520000,67871,48.98
29/08/2012,5500,104420000,19(4.97 %),5500,104420000,0,0,62371,48.98
30/08/2012,53960,1033422000,19(0.00 %),76370,1458112000,22410,424690000,8411,49.0
31/08/2012,-15040,-282745000,18.8(-1.05 %),1960,36855000,17000,319600000,23451,48.99
04/09/2012,58720,1119888000,19(1.06 %),62100,1184070000,3380,64182000,1,49.0
05/09/2012,-50000,-930000000,18.5(-2.63 %),0,0,50000,930000000,50001,48.99
06/09/2012,-12610,-225728000,18.1(-2.16 %),17390,319728000,30000,545456000,62611,48.98
07/09/2012,-8380,-151578000,18.2(0.55 %),22020,398562000,30400,550140000,70991,48.98
10/09/2012,-720,-11376000,17.3(-4.95 %),3380,59834000,4100,71210000,71711,48.98
11/09/2012,35470,602990000,16.9(-2.31 %),50000,850000000,14530,247010000,36241,48.99
12/09/2012,29410,505861000,17.1(1.18 %),30000,515950000,590,10089000,6831,49.0
13/09/2012,13320,230306000,17.3(1.17 %),30400,521214000,17080,290908000,0,49.0
14/09/2012,2900,52200000,17.8(2.89 %),3000,54000000,100,1800000,1101,49.0
17/09/2012,15070,266724000,17.6(-1.12 %),15630,276692000,560,9968000,0,49.0
18/09/2012,-19250,-327790000,16.8(-4.55 %),590,10384000,19840,338174000,1,49.0
19/09/2012,14770,244951000,17(1.19 %),17080,283528000,2310,38577000,0,49.0
20/09/2012,-31580,-530554000,16.5(-2.94 %),100,1670000,31680,532224000,1,49.0
21/09/2012,-11590,-193235000,16.8(1.82 %),560,9240000,12150,202475000,11591,49.0
24/09/2012,-196560,-3231903000,16.4(-2.38 %),19840,329344000,216400,3561247000,208151,48.94
25/09/2012,-52280,-857143000,16.5(0.61 %),470660,7808304000,522940,8665447000,260431,48.93
26/09/2012,31680,526324000,16.7(1.21 %),251680,4244324000,220000,3718000000,228751,48.94
27/09/2012,9290,155743000,16.4(-1.80 %),152150,2568905000,142860,2413162000,219461,48.94
28/09/2012,13240,255935000,16.3(-0.61 %),174220,2896007000,160980,2640072000,206221,48.94
01/10/2012,62310,985173000,15.7(-3.68 %),62310,985173000,0,0,34461,48.99
02/10/2012,27950,434920000,15.4(-1.91 %),34450,537420000,6500,102500000,6511,49.0
03/10/2012,2870,44772000,16(3.90 %),2870,44772000,0,0,3641,49.0
04/10/2012,-21240,-335756000,15.8(-1.25 %),120,1896000,21360,337652000,24881,48.99
05/10/2012,14680,232452000,15.8(0.00 %),115080,1818772000,100400,1586320000,10201,49.0
08/10/2012,150420,2388961000,16.5(4.43 %),151250,2402110000,830,13149000,0,49.04
09/10/2012,-4800,-79940000,16.6(0.61 %),0,0,4800,79940000,1031,49.0
10/10/2012,-3450,-57960000,16.8(1.20 %),770,12936000,4220,70896000,4481,49.0
11/10/2012,1000,16900000,16.8(0.00 %),1000,16900000,0,0,3481,49.0
12/10/2012,2310,38375000,16.8(0.00 %),2910,48455000,600,10080000,1171,49.0
15/10/2012,-17130,-282007000,16.5(-1.79 %),50,825000,17180,282832000,18301,48.99
16/10/2012,-84960,-1429685000,17.1(3.64 %),3000,50600000,87960,1480285000,103261,48.97
17/10/2012,-6420,-108026000,16.7(-2.34 %),100,1710000,6520,109736000,109681,48.97
18/10/2012,-162000,-2711400000,16.7(0.00 %),0,0,162000,2711400000,271681,48.92
19/10/2012,31090,529322000,16.2(-2.99 %),42590,715072000,11500,185750000,240591,48.93
22/10/2012,61960,1002584000,16(-1.23 %),87960,1419584000,26000,417000000,178631,48.95
23/10/2012,-250,-4020000,16(0.00 %),250,4000000,500,8020000,178881,48.95
24/10/2012,168270,2720007000,16(0.00 %),168270,2720007000,0,0,10611,49.0
25/10/2012,-1780,-28324000,15.7(-1.88 %),1220,19376000,3000,47700000,12391,49.0
26/10/2012,-11410,-180839000,16(1.91 %),7900,124790000,19310,305629000,23801,11.6
29/10/2012,24560,394984000,15.8(-1.25 %),128880,2124968000,104320,1729984000,0,49.0
30/10/2012,-5460,-86268000,15.8(0.00 %),0,0,5460,86268000,1,49.0
31/10/2012,-6610,-104362000,15.8(0.00 %),3000,47537000,9610,151899000,6611,49.0
01/11/2012,2030,32460000,15.8(0.00 %),12000,190600000,9970,158140000,7311,49.0
02/11/2012,-18570,-282687000,15.1(-4.43 %),11630,175923000,30200,458610000,25881,48.99
05/11/2012,540,7914000,15.1(0.00 %),1300,19390000,760,11476000,25341,48.99
06/11/2012,-100,-1510000,15(-0.66 %),430600,6717000000,430700,6718510000,25441,48.99
07/11/2012,950,14535000,15.3(2.00 %),950,14535000,0,0,24491,48.99
08/11/2012,52000,790400000,15.2(-0.65 %),52000,790400000,0,0,0,49.01
09/11/2012,-18610,-282870000,15.4(1.32 %),1150,17482000,19760,300352000,1,49.0
12/11/2012,-4600,-71760000,16(3.90 %),700,10920000,5300,82680000,4601,49.0
13/11/2012,-7240,-115508000,15.8(-1.25 %),0,0,7240,115508000,11841,49.0
14/11/2012,0,0,15.8(0.00 %),0,0,0,0,11841,49.0
15/11/2012,13340,210972000,15.7(-0.63 %),16340,258172000,3000,47200000,0,49.0
16/11/2012,-3380,-53228000,15.8(0.64 %),8720,136032000,12100,189260000,1,49.0
19/11/2012,3610,56671000,15.7(-0.63 %),7240,114388000,3630,57717000,0,49.0
20/11/2012,-6650,-105100000,15.9(1.27 %),0,0,6650,105100000,1,49.0
21/11/2012,-47010,-700609000,14.9(0.00 %),3000,45600000,50010,746209000,47011,48.99
22/11/2012,80,1265000,14.9(0.00 %),2590,38850000,2510,37585000,46931,48.99
23/11/2012,-65440,-967819000,14.7(-1.34 %),11560,169942000,77000,1137761000,112371,48.97
26/11/2012,4770,69799000,14.3(-2.72 %),7770,113299000,3000,43500000,107601,48.97
27/11/2012,-94870,-1352990000,14.2(-0.70 %),5130,72849000,100000,1425839000,202471,48.94
28/11/2012,13780,195822000,14.1(-0.70 %),1014550,13708128000,1000770,13512306000,188691,48.95
29/11/2012,5680,80856000,14.3(1.42 %),8020,114084000,2340,33228000,183011,48.95
30/11/2012,103320,1477510000,14.2(-0.70 %),103320,1477510000,0,0,79691,48.98
03/12/2012,9090,129787000,14.2(0.00 %),9590,136937000,500,7150000,90411,48.97
04/12/2012,93140,1322588000,14.4(1.41 %),93140,1322588000,0,0,0,49.0
05/12/2012,2340,33930000,14.6(1.39 %),2340,33930000,0,0,1,49.0
06/12/2012,0,0,14.5(-0.68 %),0,0,0,0,1,49.0
07/12/2012,-4500,-64770000,14.3(-1.38 %),300,4350000,4800,69120000,4501,49.0
10/12/2012,-1110,-15984000,14.7(2.80 %),0,0,1110,15984000,5611,49.0
11/12/2012,-13050,-191955000,14.5(-1.36 %),50,725000,13100,192680000,18661,48.99
12/12/2012,-400,-6100000,15.1(4.14 %),100,1450000,500,7550000,19061,48.99
13/12/2012,-1610,-24291000,14.9(-1.32 %),490,7399000,2100,31690000,20671,48.99
14/12/2012,-530,-8248000,15(0.67 %),5470,82050000,6000,90298000,19591,48.99
17/12/2012,-30140,-453123000,15.1(0.67 %),13100,197157000,43240,650280000,49731,48.99
18/12/2012,-25500,-384890000,15(-0.66 %),416500,6149110000,442000,6534000000,75231,48.98
19/12/2012,-150030,-2339922000,15.5(3.33 %),370790,5669218000,520820,8009140000,225261,48.94
20/12/2012,5330,82732000,15.4(-0.65 %),6000,93050000,670,10318000,219931,48.94
21/12/2012,29230,447497000,15.3(-0.65 %),43240,661850000,14010,214353000,190701,48.95
24/12/2012,23200,364568000,15.8(3.27 %),26000,408170000,2800,43602000,167501,48.95
25/12/2012,150630,2380054000,15.7(-0.63 %),152130,2403654000,1500,23600000,16871,49.0
26/12/2012,670,10519000,16.1(2.55 %),670,10519000,0,0,16201,49.0
27/12/2012,14010,226551000,16.1(0.00 %),14010,226551000,0,0,2191,49.0
28/12/2012,2750,44275000,16.3(1.24 %),2800,45080000,50,805000,0,49.0
02/01/2013,-130,-1890000,16.8(3.07 %),1500,25005000,1630,26895000,1,49.0
03/01/2013,-1000,-16700000,16.4(-2.38 %),0,0,1000,16700000,1001,49.0
04/01/2013,-16620,-275216000,16.6(1.22 %),0,0,16620,275216000,17621,49.0
07/01/2013,-7570,-127676000,16.6(0.00 %),50,840000,7620,128516000,25191,48.99
08/01/2013,-18430,-306921000,17.3(4.22 %),1630,27069000,20060,333990000,43621,48.99
09/01/2013,-13650,-239515000,17.3(0.00 %),1000,17800000,14650,257315000,57271,48.98
10/01/2013,7620,129040000,17.9(3.47 %),41420,721021000,33800,591981000,49651,48.99
11/01/2013,-13880,-252363000,18.1(1.12 %),107620,1952037000,121500,2204400000,63531,48.98
14/01/2013,10270,182366000,17.9(-1.10 %),20060,358128000,9790,175762000,53261,48.98
15/01/2013,-293270,-5282931000,18.4(2.79 %),14650,265155000,307920,5548086000,346531,48.9
16/01/2013,8500,158900000,18.6(1.09 %),9000,168300000,500,9400000,338031,48.9
17/01/2013,6370,119544000,18.1(-2.69 %),121400,2275870000,115030,2156326000,331661,48.91
18/01/2013,-13210,-233701000,17.7(-2.21 %),309790,5606299000,323000,5840000000,344871,48.9
21/01/2013,299430,5459973000,17.8(0.56 %),307920,5612211000,8490,152238000,45441,48.99
22/01/2013,-17080,-299142000,17.2(-3.37 %),500,8900000,17580,308042000,62521,48.98
23/01/2013,13030,224226000,17.3(0.58 %),15130,260236000,2100,36010000,49491,48.99
24/01/2013,22300,387900000,17.8(2.89 %),23000,400200000,700,12300000,27191,48.99
25/01/2013,2490,42920000,18.4(3.37 %),8490,152820000,6000,109900000,24701,48.99
28/01/2013,-1600,-37432000,18.9(2.72 %),17580,326988000,19180,364420000,26301,48.99
29/01/2013,-22600,-429050000,19(0.53 %),2100,39690000,24700,468740000,48901,48.99
30/01/2013,-1750,-33180000,19(0.00 %),700,13370000,2450,46550000,50651,48.99
31/01/2013,-180,-3166000,18.6(-2.11 %),6000,112800000,6180,115966000,50831,48.99
01/02/2013,17780,329358000,18.5(-0.54 %),19180,355158000,1400,25800000,1,49.0
04/02/2013,24700,464360000,18.6(0.54 %),24700,464360000,0,0,0,49.01
05/02/2013,-9630,-178655000,18.6(0.00 %),102450,1901825000,112080,2080480000,1,49.0
06/02/2013,-59630,-1134044000,19.2(3.23 %),6180,116184000,65810,1250228000,59631,48.98
07/02/2013,-3520,-67997000,19.4(1.04 %),1051400,21027161000,1054920,21095158000,63151,48.98
08/02/2013,-6000,-116400000,19.4(0.00 %),90000,1800000000,96000,1916400000,69151,48.98
18/02/2013,-179840,-3569333000,19.6(1.03 %),159640,3159068000,339480,6728401000,248991,48.93
19/02/2013,53380,1046836000,19.3(-1.53 %),68250,1337680000,14870,290844000,195611,48.94
20/02/2013,2020,38906000,19.3(0.00 %),4920,94956000,2900,56050000,193591,48.95
21/02/2013,-31020,-597347000,18(-6.74 %),6000,115400000,37020,712747000,224611,48.94
22/02/2013,178690,3340429000,18.3(1.67 %),189480,3538036000,10790,197607000,45921,48.99
25/02/2013,-26350,-482257000,18.3(0.00 %),14870,272121000,41220,754378000,72271,48.98
26/02/2013,140,3376000,17.3(-5.46 %),202900,3752780000,202760,3749404000,72131,48.98
27/02/2013,20070,343686000,17.8(2.89 %),37020,644088000,16950,300402000,52061,48.99
28/02/2013,10790,194587000,18.1(1.69 %),110790,2044587000,100000,1850000000,41271,48.99
01/03/2013,31210,566978000,18.1(0.00 %),41220,747160000,10010,180182000,1,49.0
04/03/2013,-253520,-4383759000,17.3(-4.42 %),2760,49956000,256280,4433715000,253521,48.93
05/03/2013,-5330,-96714000,17.2(-0.58 %),16950,291540000,22280,388254000,258851,48.93
06/03/2013,-1370,-23977000,17.5(1.74 %),200000,3580000000,201370,3603977000,260221,48.93
07/03/2013,-57040,-988671000,17.4(-0.57 %),360010,6440175000,417050,7428846000,317261,48.91
08/03/2013,248560,4370215000,17.6(1.15 %),256280,4505758000,7720,135543000,68701,48.98
11/03/2013,21460,381983000,18.2(3.41 %),222280,3976584000,200820,3594601000,47241,48.99
12/03/2013,-31900,-580580000,18(-1.10 %),176370,3216934000,208270,3797514000,79141,48.98
13/03/2013,395190,6905740000,17.8(-1.11 %),634810,11203380000,239620,4297640000,0,49.25
14/03/2013,-3880,-69064000,17.8(0.00 %),7720,137416000,11600,206480000,9,49.16
15/03/2013,-230,-4299000,18(1.12 %),200820,3602396000,201050,3606695000,239,49.16
18/03/2013,32550,586012000,17.8(-1.11 %),164210,2955753000,131660,2369741000,0,49.01
19/03/2013,229270,4065233000,17.9(0.56 %),239620,4248493000,10350,183260000,9,49.0
20/03/2013,11050,197695000,17.9(0.00 %),11600,207640000,550,9945000,0,49.0
21/03/2013,-82140,-1484785000,18.1(1.12 %),21050,380900000,103190,1865685000,9,49.0
22/03/2013,-101490,-1805374000,17.8(-1.66 %),200720,3663104000,302210,5468478000,101499,48.97
25/03/2013,3640,65756000,17.9(0.56 %),10350,185265000,6710,119509000,97859,48.97
26/03/2013,-7500,-135000000,17.8(-0.56 %),300550,5409900000,308050,5544900000,105359,48.97
27/03/2013,-192440,-3356106000,17.5(-1.69 %),83190,1474863000,275630,4830969000,297799,48.92
28/03/2013,74710,1334488000,17.4(-0.57 %),302210,5326538000,227500,3992050000,223089,48.94
29/03/2013,660,11577000,17.5(0.57 %),6710,115412000,6050,103835000,222429,48.94
01/04/2013,-15000,-264980000,18(2.86 %),295520,5230704000,310520,5495684000,237429,48.93
02/04/2013,237200,4349701000,18(0.00 %),263680,4829291000,26480,479590000,229,49.0
03/04/2013,17500,313000000,17.9(-0.56 %),27500,495000000,10000,182000000,0,49.0
04/04/2013,-6950,-123505000,17.7(-1.12 %),33050,591595000,40000,715100000,9,49.0
05/04/2013,-52090,-918993000,17.9(1.13 %),15000,268500000,67090,1187493000,52099,48.99
08/04/2013,21420,390833000,18.5(3.35 %),26480,484440000,5060,93607000,30679,48.99
09/04/2013,-30900,-577775000,19(2.70 %),45000,843000000,75900,1420775000,61579,48.98
10/04/2013,-300,-3742000,18.5(-2.63 %),13000,247000000,13300,250742000,61879,48.98
11/04/2013,52090,972074000,18.3(-1.08 %),567090,10597874000,515000,9625800000,9789,49.0
12/04/2013,5060,93104000,17.8(-2.73 %),5060,93104000,0,0,4729,49.0
15/04/2013,30900,562020000,17.4(-2.25 %),40900,740020000,10000,178000000,0,49.01
16/04/2013,-23200,-401940000,17.4(0.00 %),13300,228760000,36500,630700000,9,49.0
17/04/2013,12500,218750000,17.5(0.57 %),15000,262500000,2500,43750000,0,49.0
18/04/2013,0,0,17.2(-1.71 %),22700,397250000,22700,397250000,9,49.0
22/04/2013,10000,172000000,16.9(-1.74 %),10000,172000000,0,0,0,49.0
23/04/2013,22500,390750000,17.1(1.18 %),36500,630150000,14000,239400000,9,49.0
24/04/2013,2500,43000000,17.2(0.58 %),2500,43000000,0,0,0,49.0
25/04/2013,-56400,-970380000,17.2(0.00 %),0,0,56400,970380000,9,49.0
26/04/2013,0,0,17.1(-0.58 %),0,0,0,0,9,49.0
02/05/2013,-22660,-383830000,17(-0.58 %),34000,585400000,56660,969230000,9,49.0
03/05/2013,-11760,-199844000,17.1(0.59 %),0,0,11760,199844000,11769,49.0
06/05/2013,55640,973772000,17.9(4.68 %),56400,986920000,760,13148000,0,49.01
07/05/2013,-20160,-360864000,17.5(-2.23 %),0,0,20160,360864000,9,49.0
08/05/2013,36660,655950000,17.3(-1.14 %),36660,655950000,0,0,0,49.01
09/05/2013,10760,187124000,17.5(1.16 %),134760,2418624000,124000,2231500000,9,49.0
10/05/2013,-2240,-38900000,17.4(-0.57 %),760,13300000,3000,52200000,2249,49.0
13/05/2013,11660,208384000,17.5(0.57 %),20160,356784000,8500,148400000,0,49.0
14/05/2013,-10320,-179188000,17.3(-1.14 %),0,0,10320,179188000,9,49.0
15/05/2013,-7620,-131306000,17.4(0.58 %),1000,17200000,8620,148506000,7629,49.0
16/05/2013,-500,-8730000,17.4(0.00 %),53000,942200000,53500,950930000,8129,49.0
17/05/2013,6500,113100000,17.3(-0.57 %),71500,1244100000,65000,1131000000,1629,49.0
20/05/2013,-8980,-155952000,17.4(0.58 %),10320,179568000,19300,335520000,10609,49.0
21/05/2013,2820,48472000,17.9(2.87 %),8620,151712000,5800,103240000,7789,49.0
22/05/2013,-2710,-48119000,17.9(0.00 %),3500,63700000,6210,111819000,10499,49.0
23/05/2013,400,6960000,17.7(-1.12 %),914770,15278659000,914370,15271699000,10099,49.0
24/05/2013,11600,206380000,17.9(1.13 %),19300,343540000,7700,137160000,0,49.0
27/05/2013,900,15520000,18.4(2.79 %),5800,105560000,4900,90040000,9,49.0
28/05/2013,-11570,-217188000,18.8(2.17 %),932210,16041464000,943780,16258652000,11579,49.0
29/05/2013,-47750,-921475000,19(1.06 %),33600,657760000,81350,1579235000,59329,48.98
30/05/2013,5340,101344000,19.2(1.05 %),7700,146300000,2360,44956000,53989,48.98
31/05/2013,3770,73815000,19(-1.04 %),4900,95550000,1130,21735000,50219,48.99
03/06/2013,17600,334400000,18.6(-2.11 %),17780,337820000,180,3420000,9,49.0
04/06/2013,39100,757660000,18.3(-1.61 %),49350,947310000,10250,189650000,0,49.01
05/06/2013,-2640,-49812000,18.6(1.64 %),127160,2414388000,129800,2464200000,9,49.0
06/06/2013,-5730,-106449000,18.7(0.54 %),780,14526000,6510,120975000,5739,49.0
07/06/2013,-18930,-359723000,19.1(2.14 %),20530,404017000,39460,763740000,24669,48.99
10/06/2013,-9750,-186175000,18.9(-1.05 %),10250,197825000,20000,384000000,34419,48.99
11/06/2013,-32470,-609968000,18.6(-1.59 %),5000,94500000,37470,704468000,66889,48.98
12/06/2013,4510,83886000,18.6(0.00 %),106510,2041086000,102000,1957200000,62379,48.98
13/06/2013,17620,327732000,18.5(-0.54 %),40460,758856000,22840,431124000,44759,48.99
14/06/2013,13600,254870000,18.5(0.00 %),43000,804100000,29400,549230000,31159,48.99
17/06/2013,31470,579948000,18(-2.17 %),37470,689448000,6000,109500000,0,49.0
18/06/2013,-41100,-739800000,18.2(1.11 %),392890,7541088000,433990,8280888000,9,49.0
19/06/2013,1840,33120000,18.1(-0.55 %),1840,33120000,0,0,0,49.0
20/06/2013,-49590,-889545000,17.9(-1.10 %),42900,791090000,92490,1680635000,9,49.0
21/06/2013,-146600,-2599080000,17.8(-0.56 %),6000,106800000,152600,2705880000,146609,48.96
24/06/2013,23520,426008000,17.8(0.00 %),43100,775800000,19580,349792000,123089,48.97
25/06/2013,-39190,-691525000,17.4(-2.25 %),0,0,39190,691525000,162279,48.95
26/06/2013,22890,398151000,17.3(-0.57 %),35920,624873000,13030,226722000,139389,48.96
27/06/2013,113770,1988337000,17.7(2.31 %),144870,2530277000,31100,541940000,25619,48.99
28/06/2013,42860,763063000,17.6(-0.56 %),97360,1742263000,54500,979200000,0,49.0
01/07/2013,22460,391044000,17.6(0.00 %),145730,2604904000,123270,2213860000,6759,49.0
02/07/2013,-16410,-291210000,17.7(0.57 %),13040,229505000,29450,520715000,23169,48.99
03/07/2013,37840,673552000,17.6(-0.56 %),37840,673552000,0,0,0,49.0
04/07/2013,-20400,-358680000,17.6(0.00 %),4500,79650000,24900,438330000,9,49.0
05/07/2013,10000,176080000,17.6(0.00 %),10000,176080000,0,0,0,49.0
08/07/2013,24850,438275000,17.4(-1.14 %),29450,518315000,4600,80040000,9,49.0
09/07/2013,-93800,-1629870000,17.3(-0.57 %),0,0,93800,1629870000,93809,48.97
10/07/2013,4900,83260000,17.4(0.58 %),24900,433260000,20000,350000000,88909,48.97
11/07/2013,-51750,-917355000,17.8(2.30 %),0,0,51750,917355000,140659,48.96
12/07/2013,-84400,-1527690000,18.1(1.69 %),4600,83210000,89000,1610900000,225059,48.94
15/07/2013,72200,1308120000,18.1(0.00 %),72200,1308120000,0,0,152859,48.96
16/07/2013,-9070,-163998000,18.1(0.00 %),2790,50668000,11860,214666000,161929,48.95
17/07/2013,-16290,-295546000,18.2(0.55 %),6090,110190000,22380,405736000,178219,48.95
18/07/2013,-51900,-941433000,18.1(-0.55 %),100,1820000,52000,943253000,230119,48.93
19/07/2013,710,12851000,18.2(0.55 %),3710,67151000,3000,54300000,229409,48.94
22/07/2013,20500,367950000,17.9(-1.65 %),25000,448500000,4500,80550000,208909,48.94
23/07/2013,147920,2529024000,17.1(1.18 %),153550,2625860000,5630,96836000,60989,48.98
24/07/2013,-46230,-784923000,16.8(-1.75 %),23770,400077000,70000,1185000000,107219,48.97
25/07/2013,-93880,-1562471000,16.6(-1.19 %),56580,945986000,150460,2508457000,201099,48.94
26/07/2013,-590890,-9729105000,16.5(-0.60 %),4500,74830000,595390,9803935000,791989,48.78
29/07/2013,-16140,-262806000,16.3(-1.21 %),5630,92895000,21770,355701000,808129,48.77
30/07/2013,47290,776587000,16.4(0.61 %),64130,1051225000,16840,274638000,760839,48.78
31/07/2013,600,9840000,16.5(0.61 %),8000,131200000,7400,121360000,760239,48.79
01/08/2013,189150,3143927000,16.7(1.21 %),209920,3484672000,20770,340745000,533809,48.85
02/08/2013,-89750,-1491110000,16.6(-0.60 %),138650,2302330000,228400,3793440000,623559,48.82
05/08/2013,-70580,-1169730000,16.5(-0.60 %),71020,1172330000,141600,2342060000,694139,48.8
06/08/2013,-122000,-2009686000,16.5(0.00 %),1000,16500000,123000,2026186000,816139,48.77
07/08/2013,-195780,-3239960000,16.6(0.61 %),51100,848050000,246880,4088010000,1011919,48.71
08/08/2013,20820,343612000,16.5(-0.60 %),22000,363200000,1180,19588000,991099,48.72
09/08/2013,-2860,-47090000,16.4(-0.61 %),0,0,2860,47090000,993959,48.72
12/08/2013,-55100,-901640000,16.3(-0.61 %),0,0,55100,901640000,1049059,48.7
13/08/2013,-86400,-1407554000,16.2(-0.61 %),14100,230800000,100500,1638354000,1135459,48.68
14/08/2013,-740,-11988000,16.4(1.23 %),80500,1304100000,81240,1316088000,1136199,48.68
15/08/2013,-104000,-1707300000,16.6(1.22 %),3000,49500000,107000,1756800000,1240199,48.65
16/08/2013,90580,1499120000,16.6(0.00 %),102000,1687550000,11420,188430000,1149619,48.68
19/08/2013,282000,4834900000,17.2(3.61 %),283500,4860400000,1500,25500000,867619,48.75
20/08/2013,-7900,-134790000,17.1(-0.58 %),3000,51600000,10900,186390000,875519,48.75
21/08/2013,3990,67832000,16.9(-1.17 %),4000,68000000,10,168000,871529,48.75
22/08/2013,-12500,-208750000,16.6(-1.78 %),0,0,12500,208750000,884029,48.75
23/08/2013,-7600,-126170000,16.5(-0.60 %),0,0,7600,126170000,891629,48.75
26/08/2013,-131240,-2158310000,16.6(0.61 %),2240,36910000,133480,2195220000,1022869,48.71
27/08/2013,-7480,-124078000,16.5(-0.60 %),100,1650000,7580,125728000,1030349,48.71
28/08/2013,-43910,-721403000,16.3(-1.21 %),48800,790820000,92710,1512223000,1074259,48.7
29/08/2013,-91230,-1483370000,16.2(-0.61 %),5200,84470000,96430,1567840000,1165489,48.67
30/08/2013,-29800,-482460000,16.3(0.62 %),3500,57000000,33300,539460000,1195289,48.66
03/09/2013,-27060,-438438000,16.1(-1.23 %),1740,28362000,28800,466800000,1037889,48.71
04/09/2013,34900,552870000,15.8(-1.86 %),41500,657150000,6600,104280000,1002989,48.72
05/09/2013,59990,950742000,15.9(0.63 %),63050,999550000,3060,48808000,942999,48.73
06/09/2013,21330,341189000,16.2(1.89 %),22530,360509000,1200,19320000,921669,48.74
09/09/2013,-3050,-48761000,15.8(-2.47 %),13830,219631000,16880,268392000,924719,48.74
10/09/2013,6100,96400000,15.9(0.63 %),7700,121840000,1600,25440000,918619,48.74
11/09/2013,-7500,-119130000,15.9(0.00 %),7200,114650000,14700,233780000,926119,48.74
12/09/2013,-830,-13197000,15.9(0.00 %),700,11130000,1530,24327000,926949,48.74
13/09/2013,21870,347676000,15.9(0.00 %),22210,353048000,340,5372000,905079,48.74
16/09/2013,34850,554291000,15.9(0.00 %),34850,554291000,0,0,870229,48.75
17/09/2013,350,5530000,15.8(-0.63 %),350,5530000,0,0,869879,48.75
18/09/2013,-193420,-3048198000,15.7(-0.63 %),6580,104302000,200000,3152500000,1063299,48.7
19/09/2013,6660,105178000,15.8(0.64 %),8000,126400000,1340,21222000,1056639,48.7
20/09/2013,116370,1838646000,15.8(0.00 %),124370,1965046000,8000,126400000,940269,48.73
23/09/2013,-101430,-1607434000,16.1(1.90 %),4000,63200000,105430,1670634000,1041699,48.71
24/09/2013,-27920,-449124000,16.2(0.62 %),14500,234280000,42420,683404000,1069619,48.7
25/09/2013,-24480,-399366000,16.3(0.62 %),6000,97200000,30480,496566000,1094099,48.69
26/09/2013,450,7345000,16.2(-0.61 %),1000,16300000,550,8955000,1093649,48.69
27/09/2013,-19870,-321354000,16.2(0.00 %),6850,111470000,26720,432824000,1113519,48.69
30/09/2013,-9300,-149240000,16.6(2.47 %),5200,86740000,14500,235980000,1122819,48.68
01/10/2013,-174700,-2924690000,16.6(0.00 %),27300,457710000,202000,3382400000,1304989,48.63
02/10/2013,2160,36162000,16.7(0.60 %),3100,51860000,940,15698000,1302829,48.63
03/10/2013,39000,636800000,16.6(-0.60 %),54000,885800000,15000,249000000,1263829,48.64
04/10/2013,60050,986820000,16.4(-1.20 %),60050,986820000,0,0,1203779,48.66
07/10/2013,229800,3827670000,16.7(1.83 %),234600,3907070000,4800,79400000,973979,48.72
08/10/2013,1095940,18701745000,17(1.80 %),1197940,20445345000,102000,1743600000,0,49.03
09/10/2013,4000,69520000,16.8(-1.18 %),15000,254320000,11000,184800000,9,49.0
10/10/2013,-7100,-118890000,16.7(-0.60 %),0,0,7100,118890000,7109,49.0
11/10/2013,-2670,-44589000,16.6(-0.60 %),1600,26720000,4270,71309000,9779,49.0
14/10/2013,104820,1739974000,16.5(-0.60 %),105200,1746320000,380,6346000,0,49.03
15/10/2013,9400,156200000,16.6(0.61 %),11000,182600000,1600,26400000,9,49.0
16/10/2013,6260,105458000,16.8(1.20 %),7100,119590000,840,14132000,0,49.0
17/10/2013,-8330,-140794000,16.8(0.00 %),4270,71746000,12600,212540000,9,49.0
18/10/2013,-10420,-175366000,16.9(0.60 %),380,6384000,10800,181750000,10429,49.0
21/10/2013,-4400,-74900000,17(0.59 %),57600,996000000,62000,1070900000,14829,49.0
22/10/2013,-27160,-458320000,16.8(-1.18 %),65810,1151255000,92970,1609575000,41989,48.99
23/10/2013,4600,78090000,16.8(0.00 %),72600,1250490000,68000,1172400000,37389,48.99
24/10/2013,1250,21000000,16.6(-1.19 %),1700,28560000,450,7560000,36139,48.99
25/10/2013,3900,66200000,16.5(-0.60 %),15100,252120000,11200,185920000,32239,48.99
28/10/2013,16750,278100000,16.5(0.00 %),28000,464800000,11250,186700000,15489,49.0
29/10/2013,-27090,-446985000,16.6(0.61 %),2500,41250000,29590,488235000,42579,48.99
30/10/2013,5450,90500000,16.5(-0.60 %),5950,98770000,500,8270000,37129,48.99
31/10/2013,5890,98104000,16.5(0.00 %),11200,185920000,5310,87816000,31239,48.99
01/11/2013,3250,54550000,16.5(0.00 %),62250,1043550000,59000,989000000,9,49.0
04/11/2013,-66460,-1087723000,16.6(0.61 %),100590,1683702000,167050,2771425000,66469,48.98
05/11/2013,-27490,-459614000,16.8(1.20 %),50500,853300000,77990,1312914000,93959,48.97
06/11/2013,-4000,-67600000,16.9(0.60 %),0,0,4000,67600000,97959,48.97
07/11/2013,1590,27071000,16.8(-0.59 %),13310,224939000,11720,197868000,96369,48.97
08/11/2013,95520,1610172000,16.9(0.60 %),96050,1619076000,530,8904000,849,49.0
11/11/2013,26540,448526000,17(0.59 %),27990,473031000,1450,24505000,0,49.01
12/11/2013,2000,34400000,16.8(-1.18 %),450800,7712960000,448800,7678560000,9,49.0
13/11/2013,4300,73060000,16.7(-0.60 %),11700,196560000,7400,123500000,0,49.0
14/11/2013,-670,-11134000,16.7(0.00 %),550,9240000,1220,20374000,9,49.0
15/11/2013,-4300,-73200000,17.2(2.99 %),0,0,4300,73200000,4309,49.0
18/11/2013,-16520,-289990000,17.6(2.33 %),3450,60585000,19970,350575000,20829,48.99
19/11/2013,-2750,-48010000,17.5(-0.57 %),7400,130630000,10150,178640000,23579,48.99
20/11/2013,-850,-14790000,17.5(0.00 %),1150,20010000,2000,34800000,24429,48.99
21/11/2013,-9980,-177836000,17.3(-1.14 %),4300,76020000,14280,253856000,34409,48.99
22/11/2013,9130,158352000,17.4(0.58 %),20030,347922000,10900,189570000,25279,48.99
25/11/2013,-41860,-744936000,17.6(1.15 %),10160,180848000,52020,925784000,67139,48.98
26/11/2013,-22900,-406730000,17.8(1.14 %),2000,35200000,24900,441930000,90039,48.97
27/11/2013,14280,255612000,17.7(-0.56 %),120530,2178737000,106250,1923125000,75759,48.98
28/11/2013,-1470,-24899000,17.6(-0.56 %),10500,185850000,11970,210749000,77229,48.98
29/11/2013,32420,568570000,17.4(-1.14 %),52420,918570000,20000,350000000,44809,48.99
02/12/2013,20000,348000000,17.3(-0.57 %),20000,348000000,0,0,4909,49.0
03/12/2013,-30890,-545341000,17.8(2.89 %),510,8879000,31400,554220000,35799,48.99
04/12/2013,6710,119208000,17.9(0.56 %),16360,292843000,9650,173635000,29089,48.99
05/12/2013,10400,184600000,18.1(1.12 %),97810,1766400000,87410,1581800000,18689,48.99
06/12/2013,-16940,-306024000,18.1(0.00 %),0,0,16940,306024000,35629,48.99
09/12/2013,28400,511800000,17.8(-1.66 %),31400,565500000,3000,53700000,7229,49.0
10/12/2013,3040,53473000,17.6(-1.12 %),9650,171770000,6610,118297000,4189,49.0
11/12/2013,2030,36092000,17.4(-1.14 %),4850,85160000,2820,49068000,2159,49.0
12/12/2013,-3380,-61952000,17.7(1.72 %),96000,1685400000,99380,1747352000,5539,49.0
13/12/2013,-1000,-17800000,17.7(0.00 %),3000,53100000,4000,70900000,6539,49.0
16/12/2013,250,4400000,17.6(-0.56 %),250,4400000,0,0,6289,49.0
17/12/2013,3490,61960000,17.7(0.57 %),8690,153500000,5200,91540000,2799,49.0
18/12/2013,-15250,-267625000,17.6(-0.56 %),6250,110625000,21500,378250000,18049,48.99
19/12/2013,2100,36760000,17.8(1.14 %),11000,195200000,8900,158440000,15949,49.0
20/12/2013,4300,76430000,17.7(-0.56 %),5100,90750000,800,14320000,11649,49.0
23/12/2013,4000,71200000,17.9(1.13 %),5500,97900000,1500,26700000,7649,49.0
24/12/2013,-196420,-3476602000,17.6(-1.68 %),200,3540000,196620,3480142000,204069,48.94
25/12/2013,-5500,-96800000,17.6(0.00 %),0,0,5500,96800000,209569,48.94
26/12/2013,200,3540000,17.7(0.57 %),200,3540000,0,0,209369,48.94
27/12/2013,39030,690834000,17.7(0.00 %),39030,690834000,0,0,170339,48.95
30/12/2013,-172180,-2996370000,17.3(-2.26 %),17820,313630000,190000,3310000000,342519,48.9
31/12/2013,178570,3112589000,18(4.05 %),184480,3215963000,5910,103374000,163949,48.95
02/01/2014,-69610,-1274592000,18(0.00 %),0,0,69610,1274592000,9,49.0
03/01/2014,-10000,-180000000,18(0.00 %),0,0,10000,180000000,10009,49.0
06/01/2014,136430,2457420000,18.3(1.67 %),150630,2715440000,14200,258020000,0,49.04
07/01/2014,-743270,-13550024000,18(-1.64 %),300,5520000,743570,13555544000,44989,48.99
08/01/2014,8150,126500000,19(5.56 %),114500,2115600000,106350,1989100000,36839,48.99
09/01/2014,4940,92843000,19.5(2.63 %),64290,1293988000,59350,1201145000,31899,48.99
10/01/2014,4550,89385000,19.1(-2.05 %),82410,1647921000,77860,1558536000,27349,48.99
13/01/2014,723270,14376664000,19.3(1.05 %),803570,15966544000,80300,1589880000,0,49.2
14/01/2014,106350,2113190000,19.5(1.04 %),106350,2113190000,0,0,9,49.0
15/01/2014,-20740,-434118000,20.5(5.13 %),5150,101455000,25890,535573000,20749,48.99
16/01/2014,7430,152394000,20.8(1.46 %),409650,8637825000,402220,8485431000,13319,49.0
17/01/2014,15300,336070000,20.3(-2.40 %),20300,442300000,5000,106230000,0,49.0
20/01/2014,-22600,-459040000,20.3(0.00 %),0,0,22600,459040000,9,49.0
21/01/2014,17890,362556000,21.2(4.43 %),125890,2589856000,108000,2227300000,0,49.01
22/01/2014,970,21355000,20.9(-1.42 %),81440,1743038000,80470,1721683000,9,49.0
23/01/2014,-3100,-67080000,21(0.48 %),5000,104000000,8100,171080000,3109,49.0
24/01/2014,-111490,-2465636000,22(4.76 %),264790,5695081000,376280,8160717000,114599,48.97
27/01/2014,-245840,-5535499000,23(4.55 %),8000,175200000,253840,5710699000,360439,48.9
06/02/2014,-43360,-1005024000,23.5(2.17 %),1250,28500000,44610,1033524000,9,49.0
07/02/2014,-2940,-64662000,22.8(-2.98 %),388030,9047670000,390970,9112332000,2949,49.0
10/02/2014,109740,2500307000,23.8(4.39 %),134090,3070661000,24350,570354000,0,49.03
11/02/2014,250040,6099808000,23.4(-1.68 %),253840,6192588000,3800,92780000,9,49.0
12/02/2014,43750,1050188000,24.4(4.27 %),44610,1070640000,860,20452000,0,49.01
13/02/2014,3050,75184000,24.4(0.00 %),11040,271584000,7990,196400000,9,49.0
14/02/2014,-31580,-777853000,24.6(0.82 %),105720,2584119000,137300,3361972000,31589,48.99
17/02/2014,-12000,-291900000,24.4(-0.81 %),325610,8137590000,337610,8429490000,43589,48.99
18/02/2014,-18130,-449785000,24.9(2.05 %),108360,2713898000,126490,3163683000,61719,48.98
19/02/2014,-17410,-440845000,25.7(3.21 %),107990,2803745000,125400,3244590000,79129,48.98
20/02/2014,25360,675969000,24.5(-4.67 %),55930,1437401000,30570,761432000,53769,48.98
21/02/2014,7190,178111000,25.2(2.86 %),115800,2962100000,108610,2783989000,46579,48.99
24/02/2014,16030,403463000,26.4(4.76 %),18990,478548000,2960,75085000,30549,48.99
25/02/2014,11410,290178000,26.8(1.52 %),25400,660400000,13990,370222000,19139,48.99
26/02/2014,29570,783305000,26.9(0.37 %),30570,810105000,1000,26800000,0,49.0
27/02/2014,-90,-2003000,26(-3.35 %),8610,229887000,8700,231890000,9,49.0
28/02/2014,-529210,-13608236000,25.8(-0.77 %),831960,23063160000,1361170,36671396000,529219,48.85
03/03/2014,13990,360286000,24.7(-4.26 %),213990,5880286000,200000,5520000000,9,49.0
04/03/2014,-17870,-437354000,25(1.21 %),1000,24300000,18870,461654000,17879,48.99
05/03/2014,8040,203963000,25.7(2.80 %),8700,220661000,660,16698000,9839,49.0
06/03/2014,510970,13431476000,26(1.17 %),532170,13982686000,21200,551210000,0,49.14
07/03/2014,-500,-13350000,26.2(0.77 %),0,0,500,13350000,9,49.0
10/03/2014,17870,469781000,26.5(1.15 %),18870,496281000,1000,26500000,0,49.01
11/03/2014,-4920,-130761000,26.4(-0.38 %),660,17581000,5580,148342000,9,49.0
12/03/2014,21200,559680000,26.1(-1.14 %),651200,18196680000,630000,17637000000,0,49.01
13/03/2014,-47780,-1278361000,27.4(4.98 %),226758,6303172000,274538,7581533000,9,49.0
14/03/2014,-3500,-97280000,27.4(0.00 %),1000,27400000,4500,124680000,3509,49.0
17/03/2014,-500,-19100000,28.8(5.11 %),5580,155124000,6080,174224000,4009,49.0
18/03/2014,-28890,-837927000,28.9(0.35 %),0,0,28890,837927000,32899,48.99
19/03/2014,46780,1351542000,29.3(1.38 %),276140,8345022000,229360,6993480000,0,49.0
20/03/2014,-418580,-12026932000,28.7(-2.05 %),4500,131850000,423080,12158782000,9,49.0
21/03/2014,5680,163464000,28.9(0.70 %),6080,175104000,400,11640000,0,49.0
24/03/2014,-3410,-97635000,29.7(2.77 %),28890,852255000,32300,949890000,9,49.0
25/03/2014,-18600,-540810000,28.8(-3.03 %),1500,44250000,20100,585060000,18609,48.99
26/03/2014,413080,11987294000,28(-2.78 %),853080,24746774000,440000,12759480000,0,49.11
27/03/2014,-17370,-488972000,28.5(1.79 %),320,8986000,17690,497958000,89,49.0
28/03/2014,6550,184074000,29.3(2.81 %),32380,932544000,25830,748470000,0,49.0
31/03/2014,15410,453719000,29.8(1.71 %),420100,12592950000,404690,12139231000,9,49.0
01/04/2014,-58390,-1734275000,29.1(-2.35 %),10000,295000000,68390,2029275000,9,49.0
02/04/2014,6590,198798000,28.8(-1.03 %),17690,516548000,11100,317750000,0,49.0
03/04/2014,25830,754236000,29.2(1.39 %),25830,754236000,0,0,9,49.0
04/04/2014,3990,116648000,29.1(-0.34 %),4690,136948000,700,20300000,0,49.0
07/04/2014,-66910,-1967154000,29.4(1.03 %),68390,2010666000,135300,3977820000,9,49.0
08/04/2014,-90990,-2709646000,29.9(1.70 %),11100,328560000,102090,3038206000,90999,48.97
10/04/2014,-71070,-2173504000,30.8(3.01 %),0,0,71070,2173504000,162069,48.95
11/04/2014,-598410,-18362058000,30.7(-0.32 %),340,10407000,598750,18372465000,760479,48.79
14/04/2014,129660,4021660000,30.5(-0.65 %),195660,6077460000,66000,2055800000,630819,48.82
15/04/2014,39160,1212441000,29.1(-4.59 %),268910,8181337000,229750,6968896000,591659,48.83
16/04/2014,34370,1011536000,28.5(-2.06 %),650790,19274416000,616420,18262880000,557289,48.84
17/04/2014,557560,16110260000,29(1.75 %),598750,17306539000,41190,1196279000,0,49.0
18/04/2014,-7460,-206785000,27.5(-5.17 %),54240,1538315000,61700,1745100000,2769,49.0
21/04/2014,23690,661837000,25.9(-5.82 %),294090,8058932000,270400,7397095000,0,49.01
22/04/2014,36410,964895000,27.6(6.56 %),66710,1803827000,30300,838932000,9,49.0
23/04/2014,38430,1058024000,26.9(-2.54 %),41190,1132725000,2760,74701000,0,49.01
24/04/2014,10380,277137000,27(0.37 %),11700,312390000,1320,35253000,9,49.0
25/04/2014,34000,915200000,27.2(0.74 %),41000,1107000000,7000,191800000,0,49.01
28/04/2014,-9990,-271728000,26.7(-1.84 %),60,1632000,10050,273360000,239,49.0
29/04/2014,-24150,-642028000,26.7(0.00 %),2400,64120000,26550,706148000,24389,48.99
05/05/2014,1000,26700000,25(-6.37 %),1000,26700000,0,0,919,49.0
06/05/2014,7200,179690000,24.5(-2.00 %),7200,179690000,0,0,0,49.0
07/05/2014,10660,263302000,24.2(-1.22 %),10760,265772000,100,2470000,9,49.0
08/05/2014,26550,626580000,22.6(-6.61 %),26550,626580000,0,0,0,49.01
09/05/2014,-1000,-22800000,22.7(0.44 %),0,0,1000,22800000,9,49.0
12/05/2014,-355000,-7526500000,21.2(-6.61 %),0,0,355000,7526500000,355009,48.9
13/05/2014,-2510,-50838000,19.8(-6.60 %),100,2070000,2610,52908000,357519,48.9
14/05/2014,-6250,-125000000,21.1(6.57 %),0,0,6250,125000000,363769,48.9
15/05/2014,-17340,-370247000,20.5(-2.84 %),131000,2816200000,148340,3186447000,381109,48.89
16/05/2014,342740,7192910000,21.9(6.83 %),355000,7454192000,12260,261282000,38369,48.99
19/05/2014,-12400,-272540000,22.4(2.28 %),2600,57460000,15000,330000000,50769,48.99
20/05/2014,6260,138346000,22.7(1.34 %),6260,138346000,0,0,44509,48.99
21/05/2014,18340,415781000,23.4(3.08 %),18340,415781000,0,0,26169,48.99
22/05/2014,2370,57232000,23.1(-1.28 %),12260,287541000,9890,230309000,23799,48.99
23/05/2014,9990,230910000,23.1(0.00 %),14990,346310000,5000,115400000,13809,49.0
26/05/2014,-1000,-22800000,23.1(0.00 %),0,0,1000,22800000,14809,49.0
27/05/2014,-4400,-105130000,24.4(5.63 %),10,233000,4410,105363000,19209,48.99
28/05/2014,-17410,-430006000,24.6(0.82 %),9890,244154000,27300,674160000,36619,48.99
29/05/2014,-6670,-160529000,24.1(-2.03 %),3330,81871000,10000,242400000,43289,48.99
30/05/2014,670,15880000,24.1(0.00 %),2670,64080000,2000,48200000,42619,48.99
02/06/2014,570,13840000,23.3(-3.32 %),4410,106000000,3840,92160000,9,49.0
03/06/2014,15020,355936000,23.4(0.43 %),27300,644280000,12280,288344000,0,49.0
04/06/2014,7800,182646000,22.8(-2.56 %),10000,233706000,2200,51060000,9,49.0
05/06/2014,-39500,-906408000,23.3(2.19 %),2000,46342000,41500,952750000,39509,48.99
06/06/2014,-52420,-1249324000,24.9(6.87 %),3840,90624000,56260,1339948000,91929,48.97
09/06/2014,9180,233274000,25.4(2.01 %),12280,313284000,3100,80010000,82749,48.98
10/06/2014,-8970,-223575000,24.4(-3.94 %),2200,54900000,11170,278475000,91719,48.97
11/06/2014,1080,27176000,25.1(2.87 %),1500,37550000,420,10374000,90639,48.97
12/06/2014,-2630,-64256000,25.2(0.40 %),10430,263800000,13060,328056000,93269,48.97
13/06/2014,43370,1099053000,25.2(0.00 %),71370,1805253000,28000,706200000,49899,48.99
16/06/2014,8110,206354000,25.3(0.40 %),9010,229124000,900,22770000,41789,48.99
17/06/2014,-82460,-2159175000,26.1(3.16 %),20140,509672000,102600,2668847000,124249,48.96
18/06/2014,5060,133666000,25.6(-1.92 %),50000,1305000000,44940,1171334000,119189,48.97
19/06/2014,-76740,-1947347000,25.4(-0.78 %),27980,699287000,104720,2646634000,195929,48.94
20/06/2014,-68380,-1748700000,25.3(-0.39 %),920,23552000,69300,1772252000,264309,48.93
23/06/2014,75110,1895312000,25.1(-0.79 %),86010,2168102000,10900,272790000,189199,48.95
24/06/2014,-8680,-212460000,25.6(1.99 %),10050,256260000,18730,468720000,197879,48.94
25/06/2014,2300,59140000,26(1.56 %),3600,92920000,1300,33780000,195579,48.94
26/06/2014,176700,4632119000,25.9(-0.38 %),180200,4723119000,3500,91000000,18879,48.99
27/06/2014,8600,223780000,25.9(0.00 %),15600,404980000,7000,181200000,10279,49.0
30/06/2014,7890,204351000,25.9(0.00 %),13860,359784000,5970,155433000,2389,49.0
01/07/2014,-178100,-4726636000,26.4(1.93 %),6230,166034000,184330,4892670000,9,49.0
02/07/2014,-4500,-118940000,26.7(1.14 %),3500,93060000,8000,212000000,4509,49.0
03/07/2014,-2000,-53975000,26.9(0.75 %),207000,5689925000,209000,5743900000,6509,49.0
04/07/2014,5870,158490000,26.8(-0.37 %),5970,161190000,100,2700000,639,49.0
07/07/2014,181580,4887726000,26.7(-0.37 %),184330,4961551000,2750,73825000,0,49.05
08/07/2014,-39090,-1039495000,26.8(0.37 %),8000,212440000,47090,1251935000,9,49.0
09/07/2014,-3070,-82667000,26.7(-0.37 %),8100,217820000,11170,300487000,3079,49.0
10/07/2014,-10400,-274070000,26(-2.62 %),1000,26350000,11400,300420000,1009,49.0
11/07/2014,-4510,-117609000,25.9(-0.38 %),2000,51800000,6510,169409000,759,0.0
14/07/2014,2540,65190000,26.2(1.16 %),5440,140890000,2900,75700000,0,49.0
15/07/2014,-11260,-297564000,26.4(0.76 %),200,5280000,11460,302844000,64779,48.98
16/07/2014,6350,170240000,26.3(-0.38 %),8950,239660000,2600,69420000,55829,0.0
17/07/2014,-11800,-312020000,26.3(0.00 %),200,5280000,12000,317300000,67629,48.98
18/07/2014,-3450,-90188000,26.8(1.90 %),18390,488280000,21840,578468000,65039,48.98
21/07/2014,3060,84758000,26.8(0.00 %),17060,462758000,14000,378000000,41049,0.0
22/07/2014,-3580,-95566000,26.5(-1.12 %),2200,58760000,5780,154326000,41449,0.0
23/07/2014,-7250,-191090000,26.5(0.00 %),3850,102000000,11100,293090000,49599,0.0
24/07/2014,41540,1101258000,26.5(0.00 %),51580,1368018000,10040,266760000,19859,0.0
25/07/2014,31850,850069000,26.2(-1.13 %),33850,903669000,2000,53600000,0,0.0
28/07/2014,-1820,-46696000,25.5(-2.67 %),5780,149524000,7600,196220000,0,0.0
29/07/2014,1820,45164000,25.3(-0.78 %),10000,253000000,8180,207836000,1109,0.0
30/07/2014,11140,281842000,25.1(-0.79 %),11140,281842000,0,0,0,0.0
31/07/2014,-71750,-1805253000,25.4(1.20 %),31990,808747000,103740,2614000000,0,0.0
01/08/2014,5600,142080000,25.1(-1.18 %),7600,192280000,2000,50200000,0,0.0
04/08/2014,-141820,-3600500000,25.6(1.99 %),8180,204500000,150000,3805000000,7859,0.0
05/08/2014,-107600,-2765780000,26.2(2.34 %),0,0,107600,2765780000,0,0.0
06/08/2014,-52250,-1379625000,26.2(0.00 %),279750,7385075000,332000,8764700000,79759,48.98
07/08/2014,-12100,-319402000,26.5(1.15 %),2000,52528000,14100,371930000,91859,48.97
08/08/2014,-170260,-4484566000,26.2(-1.13 %),52860,1399690000,223120,5884256000,97149,0.0
11/08/2014,-257700,-6729700000,26(-0.76 %),100,2620000,257800,6732320000,204649,0.0
12/08/2014,-9720,-253161000,26.2(0.77 %),6000,156000000,15720,409161000,330649,0.0
13/08/2014,1430,39476000,26.6(1.53 %),18930,500726000,17500,461250000,327249,0.0
14/08/2014,-2600,-70470000,26.6(0.00 %),7800,207660000,10400,278130000,550369,48.84
15/08/2014,51280,1359778000,26.4(-0.75 %),52700,1397550000,1420,37772000,800369,48.77
18/08/2014,-30060,-805190000,27.6(4.55 %),1000,26400000,31060,831590000,762389,0.0
19/08/2014,-136900,-3792260000,27.4(-0.72 %),3100,86800000,140000,3879060000,776789,0.0
20/08/2014,-28500,-789550000,27.7(1.09 %),8000,221600000,36500,1011150000,779189,0.0
21/08/2014,110380,3094116000,28(1.08 %),221000,6188900000,110620,3094784000,559609,0.0
22/08/2014,42010,1177015000,27.9(-0.36 %),42020,1177296000,10,281000,590669,48.83
25/08/2014,187400,5270190000,28.2(1.08 %),187900,5284390000,500,14200000,688649,48.81
26/08/2014,261380,7378157000,28.1(-0.35 %),299960,8468044000,38580,1089887000,537249,48.85
27/08/2014,3910,109849000,28.2(0.36 %),8910,250349000,5000,140500000,347909,48.9
28/08/2014,980,16704000,29(2.84 %),36670,1042511000,35690,1025807000,339009,48.9
29/08/2014,137230,3982745000,29(0.00 %),140390,4074703000,3160,91958000,162449,0.0
03/09/2014,143750,4205298000,28.8(-0.69 %),201020,5880287000,57270,1674989000,201029,48.94
04/09/2014,3540,101834000,28.7(-0.35 %),5000,143750000,1460,41916000,0,0.0
05/09/2014,4300,124270000,29(1.05 %),14300,413070000,10000,288800000,21399,0.0
08/09/2014,-574340,-16907231000,29.4(1.38 %),21820,642489000,596160,17549720000,24559,48.99
09/09/2014,-737530,-21929821000,28.6(-2.72 %),4500,132900000,742030,22062721000,60009,48.98
10/09/2014,-833350,-23841145000,28.8(0.70 %),16850,483355000,850200,24324500000,40119,0.0
11/09/2014,-154700,-4528192000,29.1(1.04 %),100110,2958222000,254810,7486414000,0,0.0
12/09/2014,-274190,-8012010000,29.2(0.34 %),16510,480930000,290700,8492940000,579659,0.0
15/09/2014,-4210,-124093000,28.9(-1.03 %),2390,70247000,6600,194340000,1321689,48.63
16/09/2014,22020,632976000,28.9(0.00 %),22400,643920000,380,10944000,2147099,0.0
17/09/2014,-538400,-16491030000,30.9(6.92 %),50400,1514130000,588800,18005160000,2301509,0.0
18/09/2014,1552030,47157236000,29.6(-4.21 %),1577270,47933618000,25240,776382000,1014939,0.0
19/09/2014,681540,20169216000,29.8(0.68 %),1021530,30267069000,339990,10097853000,0,0.0
22/09/2014,-164570,-4906768000,29.1(-2.35 %),300,8920000,164870,4915688000,89,0.0
23/09/2014,-168750,-4836221000,29.2(0.34 %),588880,17303578000,757630,22139799000,0,0.0
24/09/2014,-1116960,-31821816000,28.3(0.35 %),50240,1436864000,1167200,33258680000,9,49.0
25/09/2014,-531200,-15154732000,28.8(1.77 %),339980,9647628000,871180,24802360000,531209,48.85
26/09/2014,-134490,-3965547000,29.2(1.39 %),2070,60137000,136560,4025684000,665699,48.81
29/09/2014,-151210,-4656135000,30.7(5.14 %),13430,414305000,164640,5070440000,907019,0.0
30/09/2014,-466140,-14464300000,30.9(0.65 %),78880,2434110000,545020,16898410000,1970339,0.0
01/10/2014,-297090,-9277720000,31(0.32 %),67440,2103160000,364530,11380880000,2774079,0.0
02/10/2014,-72070,-2255220000,31.5(1.61 %),5000,155000000,77070,2410220000,2905639,0.0
03/10/2014,109940,3515550000,31.7(0.63 %),115040,3679430000,5100,163880000,2955239,0.0
06/10/2014,33500,1070450000,31.8(0.32 %),34000,1086500000,500,16050000,3466259,0.0
07/10/2014,-21180,-673864000,31.6(-0.63 %),14100,446770000,35280,1120634000,3816689,0.0
08/10/2014,-582110,-18299440000,31.4(-0.63 %),9200,289870000,591310,18589310000,3884559,0.0
09/10/2014,45300,1420856000,31.1(-0.96 %),53730,1686995000,8430,266139000,3835929,0.0
10/10/2014,12530,385108000,30.5(-1.93 %),16530,508308000,4000,123200000,3819899,0.0
13/10/2014,-279290,-8654724000,31(1.64 %),3850,119350000,283140,8774074000,4099189,47.84
14/10/2014,13430,396836000,30.2(-2.58 %),38590,1175596000,25160,778760000,4085759,47.85
15/10/2014,-24000,-721566000,30.2(0.00 %),9630,289790000,33630,1011356000,4109759,47.84
16/10/2014,-813700,-23788827000,28.6(-5.30 %),26100,758720000,839800,24547547000,4923459,47.61
17/10/2014,-354120,-10179549000,29.1(1.75 %),119800,3442290000,473920,13621839000,5277579,47.51
20/10/2014,13200,380970000,28.6(-1.72 %),14200,410170000,1000,29200000,5264379,47.51
21/10/2014,-2310,-66336000,28.9(1.05 %),100,2890000,2410,69226000,5266689,47.51
22/10/2014,-24170,-740286000,30(3.81 %),36800,1088714000,60970,1829000000,5290859,47.5
23/10/2014,-31300,-953670000,29.7(-1.00 %),20700,615930000,52000,1569600000,5322159,47.5
24/10/2014,-16010,-474982000,29.6(-0.34 %),51990,1539718000,68000,2014700000,5338169,47.49
27/10/2014,-13000,-378075000,28.7(-3.04 %),6650,195810000,19650,573885000,5351169,47.49
29/10/2014,93750,2892914000,30.8(4.05 %),144250,4420364000,50500,1527450000,5257419,47.51
30/10/2014,245490,7511386000,30.5(-0.97 %),268500,8219800000,23010,708414000,5011929,47.58
31/10/2014,250730,7716449000,31.1(1.97 %),306430,9432179000,55700,1715730000,4761199,47.65
03/11/2014,107510,3334932000,31(-0.32 %),117720,3654465000,10210,319533000,44765649,36.35
04/11/2014,258000,7990400000,30.8(-0.65 %),268000,8300800000,10000,310400000,44507649,36.42
05/11/2014,-539540,-16457257000,30.6(-0.65 %),13560,416963000,553100,16874220000,45047189,36.27
06/11/2014,-620800,-18987460000,30.4(-0.65 %),50200,1531140000,671000,20518600000,45667989,36.09
07/11/2014,-75080,-2363337000,30.8(1.32 %),638710,19541755000,713790,21905092000,45743069,36.07
10/11/2014,-131740,-4097150000,30.9(0.32 %),254100,7858890000,385840,11956040000,45874809,36.03
11/11/2014,-242080,-7485792000,30.7(-0.65 %),207100,6386190000,449180,13871982000,46116889,35.97
12/11/2014,-32880,-1019082000,30.7(0.00 %),73020,2242048000,105900,3261130000,46149769,35.96
13/11/2014,79210,2437895000,30.8(0.33 %),109260,3369430000,30050,931535000,46070559,35.98
14/11/2014,141200,4312000000,30.6(-0.65 %),141200,4312000000,0,0,45929359,36.02
17/11/2014,132360,4049975000,30.7(0.33 %),155150,4750990000,22790,701015000,45796999,36.06
18/11/2014,880,26953000,30.3(-1.30 %),1330,40698000,450,13745000,45796119,36.06
19/11/2014,-28150,-847541000,30.1(-0.66 %),29510,894152000,57660,1741693000,45824269,36.05
20/11/2014,-4000,-121100000,30.4(1.00 %),5000,151500000,9000,272600000,45877789,0.0
21/11/2014,23320,698230000,29.8(-1.97 %),68520,2068030000,45200,1369800000,45832059,0.0
24/11/2014,14600,428680000,29.4(-1.34 %),30100,885930000,15500,457250000,45802409,0.0
25/11/2014,9280,273440000,29.6(0.68 %),83220,2462340000,73940,2188900000,45776849,0.0
26/11/2014,479400,14385750000,29.8(0.68 %),559500,16798800000,80100,2413050000,45226349,0.0
27/11/2014,244330,7288840000,30.3(1.68 %),271000,8085630000,26670,796790000,45000549,0.0
28/11/2014,7890,238470000,30.2(-0.33 %),7890,238470000,0,0,45008159,0.0
01/12/2014,317700,9594110000,30(-0.66 %),321000,9693800000,3300,99690000,44761099,0.0
02/12/2014,34340,1044940000,30.3(1.00 %),55000,1669000000,20660,624060000,44786199,0.0
03/12/2014,69380,2124360000,30.8(1.65 %),69680,2133540000,300,9180000,44743189,0.0
04/12/2014,13910,427340000,30.5(-0.97 %),15670,481420000,1760,54080000,44727519,0.0
05/12/2014,24300,742230000,30.6(0.33 %),102300,3125400000,78000,2383170000,44678519,0.0
08/12/2014,17660,538280000,30.1(-1.63 %),20650,629480000,2990,91200000,44678529,0.0
09/12/2014,94590,2807530000,29(-3.65 %),116000,3443160000,21410,635630000,44562829,0.0
10/12/2014,-62870,-1817810000,29.8(2.76 %),199130,5876390000,262000,7694200000,44365459,0.0
11/12/2014,-292990,-8638920000,29.3(-1.68 %),36970,1089700000,329960,9728620000,44356489,0.0
12/12/2014,-299780,-8849585000,29.6(1.02 %),37640,1106347000,337420,9955932000,44656269,36.38
15/12/2014,198050,5904770000,29.8(0.68 %),373050,11124770000,175000,5220000000,43970199,0.0
16/12/2014,568850,16716010000,29.2(-2.01 %),711300,20920680000,142450,4204670000,43520899,0.0
17/12/2014,197400,5385930000,27.9(-4.45 %),212500,5798130000,15100,412200000,43638359,0.0
18/12/2014,1452570,41290330000,28.5(2.15 %),1604380,45616010000,151810,4325680000,64705819,0.0
19/12/2014,18531550,508455760000,27.1(-4.91 %),18758850,515019670000,227300,6563910000,46121969,0.0
22/12/2014,-237210,-6555411000,27.6(1.85 %),12500,345470000,249710,6900881000,46359179,35.9
23/12/2014,-165550,-4528220000,27(-2.17 %),9500,260260000,175050,4788480000,46257519,0.0
24/12/2014,12680,342900000,26.9(-0.37 %),12680,342900000,0,0,46396649,0.0
25/12/2014,8500,227690000,26.4(-1.86 %),15000,400490000,6500,172800000,46608949,0.0
26/12/2014,-27460,-718094000,25.8(-2.27 %),52540,1355906000,80000,2074000000,46636409,35.82
29/12/2014,309490,7994995000,25.3(-1.94 %),328440,8486655000,18950,491660000,46326919,35.91
30/12/2014,208020,5275993000,26.7(5.53 %),216170,5486388000,8150,210395000,46118899,35.96
31/12/2014,329770,8963880000,27.5(3.00 %),329770,8963880000,0,0,45789129,36.06
05/01/2015,24950,681395000,27.1(-1.45 %),45350,1238455000,20400,557060000,46147939,35.96
06/01/2015,22420,598959000,27.1(0.00 %),64960,1743111000,42540,1144152000,46125519,35.96
07/01/2015,51100,1387170000,27(-0.37 %),51100,1387170000,0,0,46074419,35.98
08/01/2015,38260,1034025000,27(0.00 %),43560,1177785000,5300,143760000,46036159,35.99
09/01/2015,-142150,-3876751000,27.3(1.11 %),124610,3389047000,266760,7265798000,46178309,35.95
12/01/2015,54650,1489920000,27(-1.10 %),54950,1498020000,300,8100000,46123659,35.96
13/01/2015,41700,1125440000,27(0.00 %),41700,1125440000,0,0,46081959,35.97
14/01/2015,4940,134899000,27.3(1.11 %),6310,171789000,1370,36890000,46077019,35.98
15/01/2015,-5600,-152370000,27.5(0.73 %),2500,68760000,8100,221130000,46082619,35.97
16/01/2015,13100,360580000,27.5(0.00 %),13100,360580000,0,0,46069519,35.98
19/01/2015,3210,85435000,27.1(-1.45 %),8010,217275000,4800,131840000,46066309,35.98
20/01/2015,-142000,-3839500000,26.9(-0.74 %),9000,242100000,151000,4081600000,46208309,35.94
21/01/2015,-51000,-1378050000,26.9(0.00 %),2000,53900000,53000,1431950000,46259309,35.92
22/01/2015,-46120,-1233922000,27.1(0.74 %),98080,2651201000,144200,3885123000,46305429,35.91
23/01/2015,-42540,-1165938000,27.5(1.48 %),57460,1573392000,100000,2739330000,46347969,35.9
26/01/2015,-1320,-37540000,27.3(-0.73 %),16000,439200000,17320,476740000,46349289,35.9
27/01/2015,7020,189288000,26.9(-1.47 %),7020,189288000,0,0,46342269,35.9
28/01/2015,31600,847540000,26.8(-0.37 %),32500,871750000,900,24210000,46310669,35.91
29/01/2015,19660,525194000,26.9(0.37 %),23800,636160000,4140,110966000,46291009,35.92
30/01/2015,-155000,-4129600000,26.3(-2.23 %),5000,132900000,160000,4262500000,46446009,35.87
02/02/2015,-358900,-9342455000,25.8(-1.90 %),1000,26200000,359900,9368655000,46333759,35.9
03/02/2015,-270950,-7003270000,25.5(-1.16 %),7500,193800000,278450,7197070000,46604709,35.83
04/02/2015,-150340,-3828453000,25.4(-0.39 %),7500,191500000,157840,4019953000,46755049,35.78
05/02/2015,-2450,-63425000,25.5(0.39 %),2050,52225000,4500,115650000,46757499,35.78
06/02/2015,-670,-15970000,25.9(1.57 %),5000,128500000,5670,144470000,46758169,35.78
09/02/2015,52530,1351102000,25.6(-1.16 %),95920,2461986000,43390,1110884000,46705639,35.8
10/02/2015,88060,2263201000,25.7(0.39 %),448410,11540396000,360350,9277195000,46617579,35.82
11/02/2015,273290,7126748000,26.6(3.50 %),276790,7217548000,3500,90800000,46344289,35.9
12/02/2015,750380,20129318000,27(1.50 %),750380,20129318000,0,0,45593909,36.11
13/02/2015,83250,2219046000,27.1(0.37 %),505260,13643382000,422010,11424336000,45510659,36.14
24/02/2015,167830,4602425000,27.5(1.48 %),199600,5473635000,31770,871210000,45342829,36.18
25/02/2015,429880,11801972000,27.1(-1.45 %),435280,11950012000,5400,148040000,44912949,36.31
26/02/2015,227400,6198701000,27.2(0.37 %),229900,6266461000,2500,67760000,44685549,36.37
27/02/2015,144980,3950345000,27.3(0.37 %),154880,4219835000,9900,269490000,44540569,36.41
02/03/2015,128750,3511745000,27.3(0.00 %),140750,3839345000,12000,327600000,44906959,36.31
03/03/2015,180540,4935336000,27.4(0.37 %),197870,5408157000,17330,472821000,44726419,36.36
04/03/2015,335050,9246062000,27.7(1.09 %),346410,9558598000,11360,312536000,44391369,36.53
05/03/2015,57930,1579704000,27.3(-1.44 %),204040,5602242000,146110,4022538000,44333439,36.55
06/03/2015,-144560,-3345344000,23.2(2.20 %),41840,979496000,186400,4324840000,44477999,36.51
09/03/2015,-101720,-2332556000,22.7(-2.16 %),51490,1182717000,153210,3515273000,44579719,36.48
10/03/2015,-17400,-393416000,22.7(0.00 %),2760,62192000,20160,455608000,44597119,36.48
11/03/2015,-414170,-9296664000,22.4(-1.32 %),13950,312745000,428120,9609409000,45011289,36.36
12/03/2015,-298260,-6645142000,22.4(0.00 %),2240,49828000,300500,6694970000,45309549,36.28
13/03/2015,-219790,-4925737000,22.3(-0.45 %),1500,33600000,221290,4959337000,45529339,36.21
16/03/2015,-230180,-5108384000,22(-1.35 %),30800,681888000,260980,5790272000,45759519,36.15
17/03/2015,-153080,-3387663000,22.2(0.91 %),41990,930205000,195070,4317868000,45912599,36.11
18/03/2015,-185320,-4079577000,21.9(-1.35 %),6000,132000000,191320,4211577000,46097919,36.06
19/03/2015,-1138100,-24678218000,21.6(-1.37 %),1500,32550000,1139600,24710768000,47236019,35.74
20/03/2015,1362850,30294868000,22.2(2.78 %),1773630,39289934000,410780,8995066000,45873169,36.12
23/03/2015,-468220,-10198060000,21.6(-2.70 %),32530,708422000,500750,10906482000,46341389,35.99
24/03/2015,-514150,-10949946000,21.3(-1.39 %),108180,2307190000,622330,13257136000,46855539,35.84
25/03/2015,-514150,-10949946000,21(-1.41 %),108180,2307190000,622330,13257136000,47369689,35.7
26/03/2015,-637400,-13274878000,20.7(-1.43 %),8000,166800000,645400,13441678000,48007089,35.52
27/03/2015,-487920,-10103519000,20.4(-1.45 %),10580,220681000,498500,10324200000,48495009,35.38
30/03/2015,-142740,-2920898000,20(-1.96 %),25700,514600000,168440,3435498000,48637749,35.34
31/03/2015,245780,5004741000,20.2(1.00 %),254000,5171378000,8220,166637000,48391969,35.41
01/04/2015,13770,274411000,19.7(-2.48 %),20570,410971000,6800,136560000,48713231,35.32
02/04/2015,-11120,-221664000,20.1(2.03 %),4000,78800000,15120,300464000,48724351,35.32
03/04/2015,-15740,-316381000,20.2(0.50 %),1760,35369000,17500,351750000,48740091,35.31
06/04/2015,-64800,-1296348000,20(-0.99 %),7000,140600000,71800,1436948000,48804891,35.3
07/04/2015,-113900,-2286398000,20.3(1.50 %),520,10500000,114420,2296898000,48918791,35.26
08/04/2015,-132600,-2675739000,20.1(-0.99 %),24000,482400000,156600,3158139000,49051391,35.23
09/04/2015,-48650,-983506000,20.2(0.50 %),8380,169614000,57030,1153120000,49100041,35.21
10/04/2015,79810,1643546000,20.6(1.98 %),89810,1848546000,10000,205000000,49020231,35.23
13/04/2015,202940,4208828000,20.6(0.00 %),228830,4743751000,25890,534923000,48817291,35.29
14/04/2015,62220,1273384000,20.3(-1.46 %),63230,1294088000,1010,20704000,48755071,35.31
15/04/2015,165050,3361576000,20.5(0.99 %),165050,3361576000,0,0,48590021,35.36
16/04/2015,240130,4948468000,21.2(3.41 %),260620,5377402000,20490,428934000,48349891,35.42
17/04/2015,128860,2766231000,21.4(0.94 %),201860,4326185000,73000,1559954000,48221031,35.46
20/04/2015,64870,1370511000,21(-1.87 %),75870,1602511000,11000,232000000,48156161,35.48
21/04/2015,51690,1085699000,20.8(-0.95 %),64190,1347199000,12500,261500000,48104471,35.49
22/04/2015,67550,1403879000,20.7(-0.48 %),90610,1883488000,23060,479609000,48036921,35.51
23/04/2015,29170,606869000,20.9(0.97 %),63430,1316051000,34260,709182000,48007751,35.52
24/04/2015,116880,2441835000,20.8(-0.48 %),116880,2441835000,0,0,47890871,35.55
27/04/2015,-12300,-248827000,20.6(-0.96 %),55630,1154584000,67930,1403411000,47903171,35.55
04/05/2015,1004590,20206511000,20(-2.91 %),1010590,20326511000,6000,120000000,47472351,35.67
05/05/2015,775810,15597999000,20.5(2.50 %),791810,15918349000,16000,320350000,46696541,35.89
06/05/2015,251980,5086298000,20.2(-1.46 %),269000,5429004000,17020,342706000,46444561,35.65
07/05/2015,181980,3666068000,20.1(-0.50 %),207020,4171572000,25040,505504000,46262581,35.7
08/05/2015,200820,4059151000,20.3(1.00 %),311090,6291760000,110270,2232609000,46061761,35.76
11/05/2015,209070,4218764000,20.1(-0.99 %),209070,4218764000,0,0,45852691,35.82
12/05/2015,123310,2462482000,20(-0.50 %),281990,5635750000,158680,3173268000,45729381,35.85
13/05/2015,-85560,-1697301000,20(0.00 %),68200,1352790000,153760,3050091000,45814941,35.83
14/05/2015,92090,1836102000,20(0.00 %),100420,2002702000,8330,166600000,45722851,35.85
15/05/2015,-26650,-532067000,19.5(-2.50 %),78940,1564272000,105590,2096339000,45749501,35.85
18/05/2015,488980,9447121000,19.1(-2.05 %),507420,9803013000,18440,355892000,45260521,35.98
19/05/2015,68890,1327081000,19.2(0.52 %),254330,4885369000,185440,3558288000,45191631,36.0
20/05/2015,1057020,21420681000,20.5(6.77 %),1102600,22337733000,45580,917052000,44134611,36.3
21/05/2015,848890,17902536000,21.2(3.41 %),866890,18277836000,18000,375300000,43285721,36.53
22/05/2015,1018100,21660802000,21.4(0.94 %),1019100,21682002000,1000,21200000,42267621,36.82
25/05/2015,572100,12242060000,21.8(1.87 %),573900,12280760000,1800,38700000,41695521,36.98
26/05/2015,355210,7662598000,21.5(-1.38 %),355210,7662598000,0,0,41340311,37.07
27/05/2015,113940,2445856000,21.5(0.00 %),114140,2450136000,200,4280000,41226371,39.07
28/05/2015,84030,1819949000,21.8(1.40 %),96330,2088969000,12300,269020000,41142341,39.09
29/05/2015,-349800,-7573431000,21.4(-1.83 %),388500,8347858000,738300,15921289000,41492141,39.01
01/06/2015,1298590,27964107000,21.6(0.93 %),1304350,28088295000,5760,124188000,48640245,37.35
02/06/2015,3821010,84211065000,21.9(1.39 %),4150660,91479106000,329650,7268041000,44819235,38.24
03/06/2015,2097630,47311540000,22.7(3.65 %),3417200,76897424000,1319570,29585884000,42721605,38.73
04/06/2015,1076690,24394243000,22.6(-0.44 %),1335180,30238373000,258490,5844130000,41644915,38.98
05/06/2015,623720,13959831000,23.2(2.65 %),1094630,24623480000,470910,10663649000,41021195,39.12
08/06/2015,1316180,30734168000,23.1(-0.43 %),1449990,33868848000,133810,3134680000,39705015,39.43
09/06/2015,2814040,65232023000,23.2(0.43 %),2989110,69292948000,175070,4060925000,36890975,40.08
10/06/2015,1223760,28339026000,23.2(0.00 %),1941220,44939742000,717460,16600716000,35667215,40.37
11/06/2015,1114190,26268748000,23.7(2.16 %),1161590,27389612000,47400,1120864000,34553025,40.63
12/06/2015,2601760,63023690000,24.4(2.95 %),2677760,64859290000,76000,1835600000,31951265,41.23
15/06/2015,297850,7289277000,24.1(-1.23 %),322840,7895464000,24990,606187000,31653415,41.3
16/06/2015,-15290,-363628000,23.5(-2.49 %),361880,8646131000,377170,9009759000,31668705,41.3
17/06/2015,359270,8390004000,23.3(-0.85 %),377400,8813980000,18130,423976000,31309435,41.38
18/06/2015,800740,19035677000,23.8(2.15 %),1035250,24624515000,234510,5588838000,30508695,41.56
19/06/2015,-1443110,-33822809000,23.5(-1.26 %),244470,5835321000,1687580,39658130000,31951805,41.23
22/06/2015,518550,12296404000,23.9(1.70 %),646620,15348784000,128070,3052380000,31433255,41.35
23/06/2015,1031120,24652957000,23.6(-1.26 %),1213120,29000533000,182000,4347576000,30402135,41.59
24/06/2015,-118900,-2823630000,23.7(0.42 %),48980,1164502000,167880,3988132000,30521035,41.56
25/06/2015,237110,5619738000,23.8(0.42 %),339310,8051878000,102200,2432140000,30283925,41.62
26/06/2015,517260,12987983000,24.4(2.52 %),910270,22551146000,393010,9563163000,29766665,41.74
29/06/2015,1065610,26376788000,24.8(1.64 %),1250570,30973416000,184960,4596628000,28701055,41.98
30/06/2015,1046210,25772221000,24.3(-2.02 %),1067140,26285799000,20930,513578000,27654845,42.23
01/07/2015,1400490,34604592000,24.8(2.06 %),1617690,39970616000,217200,5366024000,26294833,42.54
02/07/2015,476680,11951366000,25.1(1.21 %),813580,20395536000,336900,8444170000,25818153,42.96
03/07/2015,1929470,49515199000,26(3.59 %),2436760,62503306000,507290,12988107000,23888683,43.41
06/07/2015,152520,4039300000,26.5(1.92 %),623000,16479312000,470480,12440012000,23736163,43.45
07/07/2015,1118120,29514966000,26.4(-0.38 %),1161020,30647011000,42900,1132045000,22618043,43.71
08/07/2015,-378860,-9688192000,25.7(-2.65 %),372460,9693766000,751320,19381958000,22996903,43.62
09/07/2015,-48190,-1293239000,26.2(1.95 %),301760,7773202000,349950,9066441000,23045093,43.61
10/07/2015,-282620,-7437045000,26(-0.76 %),157520,4143611000,440140,11580656000,23327713,43.54
13/07/2015,177300,4592943000,26.2(0.77 %),428800,11184693000,251500,6591750000,23150413,43.58
14/07/2015,1067770,28546582000,26.8(2.29 %),1662720,44228218000,594950,15681636000,22082643,43.83
15/07/2015,370520,9932116000,26.2(-2.24 %),372930,9996804000,2410,64688000,21712123,43.92
16/07/2015,434740,11298608000,26.3(0.38 %),602240,15670596000,167500,4371988000,21277383,44.02
17/07/2015,428890,11225600000,26(-1.14 %),520590,13615790000,91700,2390190000,20848493,44.12
20/07/2015,1306970,33916611000,26.2(0.77 %),1338830,34737788000,31860,821177000,19541523,44.43
21/07/2015,2111190,55205578000,26.1(-0.38 %),2513670,65755774000,402480,10550196000,17430333,44.92
22/07/2015,253590,6465113000,26.9(3.07 %),1184370,31209687000,930780,24744574000,17176743,44.98
23/07/2015,2783930,75684410000,27.2(1.12 %),3506610,95359770000,722680,19675360000,14392813,45.63
24/07/2015,1694340,46107252000,27.2(0.00 %),1985900,54059518000,291560,7952266000,12698473,46.03
27/07/2015,1311680,36604406000,28.3(4.04 %),1748480,48734792000,436800,12130386000,11386793,46.34
28/07/2015,840580,23474554000,28(-1.06 %),2577720,72192651000,1737140,48718097000,10546213,46.53
29/07/2015,1239060,34155226000,27.5(-1.79 %),1371450,37825617000,132390,3670391000,9307153,46.82
30/07/2015,771420,21136190000,27.4(-0.36 %),924380,25332620000,152960,4196430000,8535733,47.0
31/07/2015,252560,6956200000,27.2(-0.73 %),284610,7841210000,32050,885010000,8283173,47.06
03/08/2015,-215580,-5636980000,26.2(-3.68 %),370750,9798540000,586330,15435520000,8407083,47.03
04/08/2015,546550,14459500000,26.5(1.15 %),633140,16752850000,86590,2293350000,7860533,47.16
05/08/2015,193630,5194250000,27(1.89 %),209130,5610400000,15500,416150000,7666903,47.21
06/08/2015,2726100,73414440000,26.8(-0.74 %),2830740,76231220000,104640,2816780000,4940803,47.84
07/08/2015,757890,20373950000,26.8(0.00 %),765690,20581620000,7800,207670000,4182913,48.02
10/08/2015,705470,19309410000,27.6(2.99 %),775910,21227330000,70440,1917920000,3477443,48.19
11/08/2015,3197460,89128270000,27.4(-0.72 %),3354730,93497870000,157270,4369600000,279983,48.93
12/08/2015,448850,12386480000,26.9(-1.82 %),852240,23218520000,403390,10832040000,0,49.04
13/08/2015,-341660,-9062320000,26.8(-0.37 %),217724,5859150000,559384,14921470000,7,49.0
14/08/2015,-711080,-17710400000,24.9(2.22 %),175790,4379020000,886870,22089420000,711087,48.83
17/08/2015,-29830,-682340000,24.2(-2.81 %),157270,3924480000,187100,4606820000,740917,48.83
18/08/2015,-408490,-9922130000,24.4(0.83 %),403390,9881160000,811880,19803290000,1149407,48.73
19/08/2015,-271000,-6864290000,25.2(3.28 %),131000,3203510000,402000,10067800000,1420407,48.67
20/08/2015,-233070,-5846080000,24.9(-1.19 %),88380,2239940000,321450,8086020000,1653477,48.61
21/08/2015,-635350,-15333940000,24.9(0.00 %),1160280,28357180000,1795630,43691120000,2288827,48.46
24/08/2015,-158230,-3347990000,23.2(-6.83 %),983700,23671450000,1141930,27019440000,2447057,48.43
25/08/2015,-134520,-3125730000,23.2(0.00 %),517970,12022520000,652490,15148250000,2581577,48.4
26/08/2015,-182510,-4330210000,23.9(3.02 %),340990,8056890000,523500,12387100000,2764087,48.35
27/08/2015,158080,3819220000,24.1(0.84 %),265880,6421680000,107800,2602460000,2606007,48.39
28/08/2015,-660100,-17071040000,25.7(6.64 %),365990,9143820000,1026090,26214860000,3266107,48.24
31/08/2015,-273040,-7113150000,25.9(0.78 %),151360,3943700000,424400,11056850000,3539147,48.17
01/09/2015,75910,1941220000,25.8(-0.39 %),227110,5848400000,151200,3907180000,220674037,48.36
03/09/2015,-360290,-8961820000,24.6(-4.65 %),211360,5288650000,571650,14250470000,221034327,48.28
04/09/2015,-21300,-535960000,24.5(-0.41 %),271250,6679730000,292550,7215690000,221055627,48.27
07/09/2015,312270,7719270000,24.7(0.82 %),313000,7737300000,730,18030000,220743357,48.34
08/09/2015,-9890,-222350000,25.2(2.02 %),83990,2101130000,93880,2323480000,220753247,48.34
09/09/2015,18120,458040000,25(-0.79 %),61120,1544490000,43000,1086450000,220735127,48.35
10/09/2015,61340,1587240000,25.4(1.60 %),413850,10443970000,352510,8856730000,220673787,48.36
11/09/2015,-130850,-3293420000,24.9(-1.97 %),33500,839400000,164350,4132820000,220804637,48.33
14/09/2015,42870,1030860000,24.3(-2.41 %),151060,3686610000,108190,2655750000,220761767,48.34
15/09/2015,254610,6280470000,24.7(1.65 %),559600,13722190000,304990,7441720000,220507157,48.4
16/09/2015,570500,14091560000,24.5(-0.81 %),625700,15452220000,55200,1360660000,219936657,48.53
17/09/2015,484980,11927460000,24.6(0.41 %),504000,12395360000,19020,467900000,219451677,48.65
18/09/2015,662270,16508220000,24.9(1.22 %),748560,18657220000,86290,2149000000,218789407,48.8
21/09/2015,199220,4959590000,24.9(0.00 %),200020,4979490000,800,19900000,218590187,48.85
22/09/2015,-53430,-1311020000,24.7(-0.80 %),154860,3841050000,208290,5152070000,218643617,48.84
23/09/2015,146500,3600350000,24.6(-0.40 %),148500,3649550000,2000,49200000,218497117,48.87
24/09/2015,22500,550570000,24.5(-0.41 %),32020,784890000,9520,234320000,218474617,48.87
25/09/2015,72230,1756000000,24.4(-0.41 %),89230,2171200000,17000,415200000,218402387,48.89
28/09/2015,-104500,-2541850000,23.8(-2.46 %),165100,3978020000,269600,6519870000,218506887,48.87
29/09/2015,-965330,-22651290000,23.5(-1.26 %),100000,2334500000,1065330,24985790000,219472217,48.64
30/09/2015,-671900,-15953680000,23.5(0.00 %),192450,4577240000,864350,20530920000,220144117,48.48
01/10/2015,58530,1386630000,23.5(0.00 %),525000,12374720000,466470,10988090000,219129327,48.72
02/10/2015,-361700,-8458920000,23.2(-1.28 %),105190,2461070000,466890,10919990000,219491027,48.64
05/10/2015,-526580,-12377140000,23.4(0.86 %),193070,4531020000,719650,16908160000,242055825,48.51
06/10/2015,938010,22924600000,24.9(6.41 %),3112240,75629390000,2174230,52704790000,239807935,48.98
07/10/2015,1330240,32837820000,24.6(-1.20 %),2040300,50343000000,710060,17505180000,238234105,49.32
08/10/2015,294960,7278330000,24.7(0.41 %),663010,16333870000,368050,9055540000,238377985,49.29
09/10/2015,333470,8176760000,24.3(-1.62 %),333570,8179220000,100,2460000,238764065,49.21
12/10/2015,1515080,37346650000,24.6(1.23 %),1520480,37478850000,5400,132200000,239417815,49.07
13/10/2015,773650,18966040000,24.4(-0.81 %),899480,22046410000,125830,3080370000,239228395,49.11
14/10/2015,82010,2000250000,24.4(0.00 %),303850,7414770000,221840,5414520000,238952595,49.17
15/10/2015,69350,1680110000,24.3(-0.41 %),125350,3043800000,56000,1363690000,238827345,49.19
16/10/2015,-1130,-29460000,24.3(0.00 %),53640,1307680000,54770,1337140000,238779105,49.2
19/10/2015,-82960,-2012740000,24.2(-0.41 %),51610,1257330000,134570,3270070000,238853328,49.19
20/10/2015,-217020,-5200990000,23.8(-1.65 %),4500,108500000,221520,5309490000,239070669,49.14
21/10/2015,-127480,-3042240000,23.7(-0.42 %),12220,292390000,139700,3334630000,239114449,49.13
22/10/2015,-126880,-3012110000,23.9(0.84 %),77510,1844090000,204390,4856200000,239091709,49.14
23/10/2015,428170,10275870000,24(0.42 %),452930,10870590000,24760,594720000,238773349,49.2
26/10/2015,-318750,-7584420000,23.7(-1.25 %),114330,2735890000,433080,10320310000,238880539,49.18
27/10/2015,-95050,-2255110000,23.6(-0.42 %),335650,7942110000,430700,10197220000,238684595,49.22
28/10/2015,183950,4336880000,23.4(-0.85 %),195590,4611840000,11640,274960000,238693395,49.22
29/10/2015,66000,1606270000,23.8(1.71 %),599590,14201150000,533590,12594880000,238118571,49.34
30/10/2015,941080,22502800000,24(0.84 %),957260,22887880000,16180,385080000,237594404,49.45
02/11/2015,530260,12632060000,23.7(-1.25 %),588530,14022880000,58270,1390820000,237436576,49.49
03/11/2015,210200,4984240000,23.8(0.42 %),210200,4984240000,0,0,237238016,49.53
04/11/2015,968000,23299700000,24(0.84 %),973480,23431750000,5480,132050000,236798138,49.62
05/11/2015,525870,12667710000,24.2(0.83 %),545690,13144890000,19820,477180000,236268628,49.74
06/11/2015,103330,2479040000,23.8(-1.65 %),177670,4261660000,74340,1782620000,236149228,49.76
09/11/2015,-86430,-2046920000,23.6(-0.84 %),23670,560450000,110100,2607370000,236125558,49.77
10/11/2015,3340,77600000,23.3(-1.27 %),24200,569000000,20860,491400000,236106838,49.77
11/11/2015,23700,554390000,23.2(-0.43 %),25700,600790000,2000,46400000,236100958,49.77
12/11/2015,-253260,-5839220000,23.3(0.43 %),2500,58000000,255760,5897220000,235941826,49.81
13/11/2015,24510,578510000,23.4(0.43 %),115600,2706180000,91090,2127670000,236167298,49.76
16/11/2015,267760,6257880000,23.2(-0.85 %),295430,6903900000,27670,646020000,235892728,49.82
17/11/2015,-300,-7090000,23.2(0.00 %),300,7000000,600,14090000,235894432,49.82
18/11/2015,-37990,-884440000,23.3(0.43 %),100,2330000,38090,886770000,236150092,49.76
19/11/2015,-5540,-127720000,23.2(-0.43 %),19610,455870000,25150,583590000,236221572,49.75
20/11/2015,-160820,-3740980000,23.3(0.43 %),3390,78990000,164210,3819970000,236245852,49.74
23/11/2015,-151890,-3609240000,23.7(1.72 %),12400,294880000,164290,3904120000,236234052,49.74
24/11/2015,-11990,-282650000,23.5(-0.84 %),3600,84610000,15590,367260000,236268542,49.74
25/11/2015,81730,1923010000,23.6(0.43 %),289510,6786430000,207780,4863420000,236004182,49.79
26/11/2015,89890,2104400000,23.3(-1.27 %),147930,3470440000,58040,1366040000,236020462,49.79
27/11/2015,-666910,-15476768000,23(-1.29 %),3900,91170000,670810,15567938000,236687372,49.65
30/11/2015,-242820,-5534750000,22.7(-1.30 %),12030,275490000,254850,5810240000,236184412,49.75
01/12/2015,-418890,-9587420000,22.8(0.44 %),0,0,418890,9587420000,236392192,49.71
02/12/2015,39370,907200000,22.9(0.44 %),238590,5501110000,199220,4593910000,236211642,49.75
03/12/2015,70820,1736820000,23.1(0.87 %),758710,17682220000,687890,15945400000,236373742,49.71
04/12/2015,-190600,-4433740000,23.4(1.30 %),155520,3619130000,346120,8052870000,236473072,49.69
07/12/2015,-98000,-2259150000,23(-1.71 %),260760,6009830000,358760,8268980000,236631202,49.66
08/12/2015,-475230,-10879880000,23.1(0.43 %),253160,5804030000,728390,16683910000,236687262,49.65
09/12/2015,-402480,-9185760000,22.6(-2.16 %),828420,18903130000,1230900,28088890000,237118532,49.56
10/12/2015,252080,5715980000,22.6(0.00 %),2120490,48015590000,1868410,42299610000,237040362,49.57
11/12/2015,-303810,-6842120000,22.4(-0.88 %),251350,5681100000,555160,12523220000,237345142,49.51
14/12/2015,131160,3056960000,22.9(2.23 %),2990390,68351050000,2859230,65294090000,236753146,49.63
15/12/2015,821930,18987050000,23.1(0.87 %),1492870,34443350000,670940,15456300000,245765594,49.84
16/12/2015,-182050,-4204420000,22.9(-0.87 %),32100,744360000,214150,4948780000,245905704,49.81
17/12/2015,-252870,-5803520000,22.8(-0.44 %),17100,393190000,269970,6196710000,246246408,49.74
18/12/2015,13000960,300219470000,23.1(1.32 %),18028980,416304230000,5028020,116084760000,229296658,53.35
21/12/2015,254000,5815060000,22.6(-2.16 %),654000,14910810000,400000,9095750000,229107388,53.39
22/12/2015,103710,2336840000,22.5(-0.44 %),190110,4290340000,86400,1953500000,229131428,52.27
23/12/2015,28640,642070000,22.4(-0.44 %),63060,1416060000,34420,773990000,229338338,52.23
24/12/2015,-258380,-5766840000,22.2(-0.89 %),93500,2083850000,351880,7850690000,234272865,51.2
25/12/2015,204190,4536400000,22.2(0.00 %),255230,5666380000,51040,1129980000,234417635,51.17
28/12/2015,53250,1175250000,22(-0.90 %),151270,3339950000,98020,2164700000,234352765,51.18
29/12/2015,105770,2332480000,22.3(1.36 %),116940,2580420000,11170,247940000,234270245,51.2
30/12/2015,629290,14137030000,22.4(0.45 %),652000,14647810000,22710,510780000,233970125,51.26
31/12/2015,33620,743000000,22.2(-0.89 %),33620,743000000,0,0,233987545,51.26
04/01/2016,92140,2033380000,21.7(-2.25 %),101300,2236340000,9160,202960000,233984265,51.26
05/01/2016,-833050,-17671290000,20.9(-3.69 %),14240,303490000,847290,17974780000,233981195,51.26
06/01/2016,-233810,-4893280000,20.9(0.00 %),239430,5038240000,473240,9931520000,233764475,51.31
07/01/2016,-5360,-137930000,20.3(-2.87 %),286290,5841520000,291650,5979450000,233487353,51.36
08/01/2016,327650,6522660000,19.8(-2.46 %),495810,9882010000,168160,3359350000,233838833,51.29
11/01/2016,-315100,-6240450000,19.9(0.51 %),468020,9329680000,783120,15570130000,233844053,51.29
12/01/2016,-518360,-10483130000,20.7(4.02 %),266200,5355950000,784560,15839080000,233869503,51.28
13/01/2016,337820,7061230000,20.7(0.00 %),346610,7244360000,8790,183130000,233691053,51.32
14/01/2016,-637810,-12825790000,20.2(-2.42 %),428840,8606270000,1066650,21432060000,234106423,51.23
15/01/2016,-125250,-2545100000,19.8(-1.98 %),495900,9891280000,621150,12436380000,234395084,51.17
18/01/2016,343290,6504090000,19.1(-3.54 %),819670,15563650000,476380,9059560000,233584204,51.34
19/01/2016,-318000,-6129710000,19.3(1.05 %),422800,8161050000,740800,14290760000,234166964,51.22
20/01/2016,91580,1758110000,19.2(-0.52 %),1037900,19983370000,946320,18225260000,234350214,51.18
21/01/2016,564100,10836130000,19(-1.04 %),629050,12080620000,64950,1244490000,234197544,51.22
22/01/2016,828480,16041710000,19.6(3.16 %),927580,17971830000,99100,1930120000,234010764,51.25
25/01/2016,329630,6728280000,20.9(6.63 %),344630,7040380000,15000,312100000,234022504,51.25
26/01/2016,-45280,-935460000,20.3(-2.87 %),139210,2829170000,184490,3764630000,233938194,51.27
27/01/2016,-130230,-2693510000,20.5(0.99 %),43410,889920000,173640,3583430000,233993884,51.26
28/01/2016,312790,6387340000,20.3(-0.98 %),338790,6920340000,26000,533000000,233670094,51.33
29/01/2016,29720,608050000,20.5(0.99 %),97500,1987250000,67780,1379200000,233757084,51.31
01/02/2016,-270420,-5491650000,20.3(-0.98 %),129800,2652180000,400220,8143830000,233800927,51.3
02/02/2016,215220,4359360000,20.3(0.00 %),433620,8792880000,218400,4433520000,233393317,51.38
03/02/2016,-22660,-458120000,20.4(0.49 %),0,0,22660,458120000,233461097,51.37
04/02/2016,-458140,-9410910000,20.6(0.98 %),64860,1329790000,523000,10740700000,233796457,51.3
05/02/2016,-306450,-6387280000,21(1.94 %),757500,15910150000,1063950,22297430000,233257357,51.41
15/02/2016,-713110,-14724880000,20.8(-0.95 %),1086630,22606950000,1799740,37331830000,232193387,51.63
16/02/2016,-809890,-16920150000,20.9(0.48 %),155690,3268880000,965580,20189030000,232560697,51.56
17/02/2016,-773130,-16343330000,21(0.48 %),73810,1558840000,846940,17902170000,233550837,51.35
18/02/2016,-242710,-5105260000,21.2(0.95 %),181300,3810550000,424010,8915810000,235169277,51.01
19/02/2016,157510,3349710000,21.2(0.00 %),361180,7674400000,203670,4324690000,235773677,50.89
22/02/2016,871580,19327590000,22.3(5.19 %),988780,21882080000,117200,2554490000,235631837,50.92
23/02/2016,3930,91950000,22.4(0.45 %),17250,391980000,13320,300030000,236038603,50.83
24/02/2016,43700,991460000,22.8(1.79 %),51700,1172060000,8000,180600000,236190573,50.8
25/02/2016,181970,4180990000,22.4(-1.75 %),1232170,27711290000,1050200,23530300000,235075603,51.03
26/02/2016,347270,7824690000,22.5(0.45 %),444840,10022710000,97570,2198020000,234719083,51.11
29/02/2016,504810,11433390000,22.5(0.00 %),523700,11860870000,18890,427480000,234203383,51.21
01/03/2016,708000,16074430000,22.7(0.89 %),708000,16074430000,0,0,234545583,51.14
02/03/2016,1905490,44048520000,23.2(2.20 %),2045890,47282840000,140400,3234320000,232522263,51.56
03/03/2016,162920,3814500000,23.1(-0.43 %),883000,20391360000,720080,16576860000,231758153,51.72
04/03/2016,311960,7181800000,22.8(-1.30 %),811960,18651800000,500000,11470000000,230946193,51.89
07/03/2016,683470,15584720000,22.7(-0.44 %),1155960,26362200000,472490,10777480000,230020633,52.09
08/03/2016,223910,5033670000,22.4(-1.32 %),740550,16689770000,516640,11656100000,229900163,52.11
09/03/2016,47590,1060340000,22.5(0.45 %),384980,8648440000,337390,7588100000,230015184,52.09
10/03/2016,-61400,-1389430000,22.9(1.78 %),365700,8314630000,427100,9704060000,230031974,52.08
11/03/2016,534080,12196940000,22.8(-0.44 %),836040,19108420000,301960,6911480000,229712574,52.15
14/03/2016,488020,11051820000,22.7(-0.44 %),1376210,31236920000,888190,20185100000,228673754,52.37
15/03/2016,568510,12827580000,22.5(-0.88 %),1119640,25264900000,551130,12437320000,227981214,52.51
16/03/2016,-410290,-9179680000,22.3(-0.89 %),53170,1189960000,463460,10369640000,228230004,52.46
17/03/2016,-280310,-6285220000,22.2(-0.45 %),172070,3857430000,452380,10142650000,228946124,52.31
18/03/2016,-2820620,-62251010000,22(-0.90 %),665090,14647570000,3485710,76898580000,228832164,52.33
21/03/2016,-160950,-3550040000,22(0.00 %),185600,4121720000,346550,7671760000,229110024,52.28
22/03/2016,282030,6151720000,21.6(-1.82 %),291080,6348890000,9050,197170000,229271324,52.24
23/03/2016,365770,7916880000,21.7(0.46 %),369770,8003280000,4000,86400000,232387264,51.59
24/03/2016,-132040,-2925690000,21.8(0.46 %),79530,1737200000,211570,4662890000,232654284,51.54
25/03/2016,111600,2429390000,21.6(-0.92 %),222270,4820960000,110670,2391570000,232441064,51.58
28/03/2016,88950,1918350000,21.6(0.00 %),171000,3689900000,82050,1771550000,232274064,51.62
29/03/2016,598170,12691500000,21.1(-2.31 %),750270,15944540000,152100,3253040000,231735364,51.73
30/03/2016,891290,18900920000,21.3(0.95 %),1018200,21588780000,126910,2687860000,230827840,51.92
31/03/2016,777120,16512870000,21.1(-0.94 %),1113500,23689180000,336380,7176310000,229796390,52.13
01/04/2016,262190,5550780000,21.2(0.47 %),713560,15028500000,451370,9477720000,229234930,52.25
04/04/2016,618410,13186080000,21.3(0.47 %),689910,14707030000,71500,1520950000,228671930,52.37
05/04/2016,702740,15154170000,21.7(1.88 %),711480,15341210000,8740,187040000,228296830,52.44
06/04/2016,1186200,25851400000,21.8(0.46 %),1335500,29101960000,149300,3250560000,227542200,52.6
07/04/2016,1313210,28753300000,21.9(0.46 %),1438210,31490800000,125000,2737500000,226175496,52.89
08/04/2016,1495580,32608840000,21.7(-0.91 %),1525590,33264060000,30010,655220000,224658646,53.2
11/04/2016,1286370,28249490000,21.9(0.92 %),1340230,29431670000,53860,1182180000,223338216,53.48
12/04/2016,822690,17986230000,21.8(-0.46 %),943920,20638420000,121230,2652190000,222519296,53.65
13/04/2016,1351590,29455220000,21.7(-0.46 %),1432140,31205040000,80550,1749820000,221117166,53.94
14/04/2016,1887680,41109230000,21.7(0.00 %),1894720,41262070000,7040,152840000,219276306,54.32
15/04/2016,1064470,23156280000,21.6(-0.46 %),1142100,24848710000,77630,1692430000,218255436,54.54
19/04/2016,947790,20328660000,21.3(-1.39 %),1791270,38439750000,843480,18111090000,216544716,54.89
20/04/2016,825100,17549860000,21.2(-0.47 %),1359920,28923720000,534820,11373860000,215191839,55.17
21/04/2016,1059490,22533980000,21.2(0.00 %),1924130,40887280000,864640,18353300000,213595339,55.51
22/04/2016,938210,20055260000,21.5(1.42 %),1439670,30782160000,501460,10726900000,212999149,55.63
25/04/2016,1863840,40880300000,22.1(2.79 %),2388390,52382250000,524550,11501950000,211145579,56.02
26/04/2016,2225960,49487910000,22.4(1.36 %),2784330,61891490000,558370,12403580000,208975889,56.47
27/04/2016,201360,4471670000,21.9(-2.23 %),622790,13769510000,421430,9297840000,208854560,56.49
28/04/2016,159740,3475600000,21.7(-0.91 %),339100,7366280000,179360,3890680000,209040014,56.46
29/04/2016,-669160,-14369770000,21.4(-1.38 %),572180,12296970000,1241340,26666740000,209026204,56.46
04/05/2016,-258490,-5530610000,21.4(0.00 %),426460,9120900000,684950,14651510000,209021174,56.46
05/05/2016,-205560,-4413650000,21.4(0.00 %),209550,4484370000,415110,8898020000,208990984,56.47
06/05/2016,-156300,-3358130000,21.4(0.00 %),300180,6447330000,456480,9805460000,209932148,56.27
09/05/2016,77500,1645390000,21.2(-0.93 %),253420,5408720000,175920,3763330000,210363678,56.18
10/05/2016,-52650,-1103570000,20.8(-1.89 %),22440,469320000,75090,1572890000,210756348,56.1
11/05/2016,-375170,-7655240000,20.4(-1.92 %),41150,838400000,416320,8493640000,211171678,56.01
12/05/2016,-707030,-14435920000,20.4(0.00 %),10660,216540000,717690,14652460000,211336938,55.98
13/05/2016,-307680,-6227400000,20.2(-0.98 %),316230,6367420000,623910,12594820000,211095798,56.03
16/05/2016,92960,1926100000,20.6(1.98 %),519960,10611300000,427000,8685200000,210992158,56.05
17/05/2016,415110,8621680000,20.8(0.97 %),593290,12317040000,178180,3695360000,211116558,56.02
18/05/2016,186250,3866030000,20.7(-0.48 %),367210,7601070000,180960,3735040000,211373258,55.97
19/05/2016,176770,3641310000,20.6(-0.48 %),375450,7734270000,198680,4092960000,211424814,55.96
20/05/2016,152660,3140560000,20.7(0.49 %),346660,7124560000,194000,3984000000,211256334,55.99
23/05/2016,281920,5822010000,20.8(0.48 %),345670,7134370000,63750,1312360000,211091624,56.03
24/05/2016,-97230,-1992620000,20.7(-0.48 %),272110,5612360000,369340,7604980000,211018194,56.04
25/05/2016,-94230,-1954390000,20.6(-0.48 %),43100,899890000,137330,2854280000,211169094,56.01
26/05/2016,274750,5654360000,20.5(-0.49 %),351310,7231270000,76560,1576910000,210949454,56.06
27/05/2016,665610,13809530000,20.8(1.46 %),672710,13954640000,7100,145110000,210646084,56.12
30/05/2016,1155180,24710085000,21.6(3.85 %),1212050,25915813000,56870,1205728000,209490904,56.36
31/05/2016,685960,14753150000,21.5(-0.46 %),698770,15028565000,12810,275415000,208804944,56.5
01/06/2016,324230,7008022000,21.3(-0.93 %),351360,7594636000,27130,586614000,208536974,56.56
02/06/2016,237650,5056040000,21.4(0.47 %),278300,5918390000,40650,862350000,208299324,56.61
03/06/2016,253230,5433850000,21.3(-0.47 %),254760,5466440000,1530,32590000,208038594,56.66
06/06/2016,160550,3393930000,21.1(-0.94 %),231460,4897690000,70910,1503760000,207834264,56.71
07/06/2016,227410,4829790000,21.2(0.47 %),229550,4875150000,2140,45360000,207645366,56.75
08/06/2016,778230,16680100000,21.5(1.42 %),778230,16680100000,0,0,206868666,56.91
09/06/2016,819930,17917820000,21.8(1.40 %),952100,20810010000,132170,2892190000,205987476,57.09
10/06/2016,447720,9858020000,22(0.92 %),448720,9880120000,1000,22100000,205540896,57.18
13/06/2016,-44620,-951010000,21.6(-1.82 %),165300,3594420000,209920,4545430000,205375596,57.22
14/06/2016,26660,567160000,21.5(-0.46 %),62500,1336690000,35840,769530000,205445266,57.2
15/06/2016,-314610,-6674650000,21.2(-1.40 %),22240,472190000,336850,7146840000,205424026,57.21
16/06/2016,6900,140070000,21.2(0.00 %),207510,4399930000,200610,4259860000,205426436,57.21
17/06/2016,-3642830,-74976470000,20.5(-3.30 %),102930,2112330000,3745760,77088800000,205359346,57.22
20/06/2016,156630,3271940000,20.9(1.95 %),496140,10341650000,339510,7069710000,205313136,57.23
21/06/2016,48190,1025580000,20.9(0.00 %),481700,10118600000,433510,9093020000,205221556,57.25
22/06/2016,184420,3862560000,20.8(-0.48 %),492230,10280490000,307810,6417930000,208475086,56.57
23/06/2016,146660,3059150000,20.8(0.00 %),462390,9652140000,315730,6592990000,208239126,56.62
24/06/2016,840,21220000,20.3(-2.40 %),55280,1118210000,54440,1096990000,208427846,56.58
27/06/2016,8830,175010000,20.2(-0.49 %),17030,340570000,8200,165560000,208718626,56.52
28/06/2016,56510,1143650000,20.3(0.50 %),61510,1245150000,5000,101500000,208972846,56.47
29/06/2016,766380,15931090000,20.9(2.96 %),884880,18388950000,118500,2457860000,208142406,56.64
30/06/2016,222100,4635370000,20.8(-0.48 %),276720,5769000000,54620,1133630000,207873886,56.7
01/07/2016,-15900,-330340000,20.6(-0.96 %),5100,105660000,21000,436000000,207873812,56.7
04/07/2016,152110,3239130000,22(6.80 %),320800,6835580000,168690,3596450000,207671512,56.74
05/07/2016,1265000,28564470000,22.4(1.82 %),1301010,29380220000,36010,815750000,206425122,57.0
06/07/2016,174320,3911650000,22.4(0.00 %),218570,4901470000,44250,989820000,206227552,57.04
07/07/2016,-81190,-1825530000,22.5(0.45 %),34310,771870000,115500,2597400000,206361932,57.01
08/07/2016,901530,20488920000,22.7(0.89 %),1008510,22908110000,106980,2419190000,205389432,57.22
11/07/2016,698600,16440550000,23(1.32 %),1061030,24926930000,362430,8486380000,205389432,57.22
12/07/2016,266480,6220070000,23.4(1.74 %),690370,16141210000,423890,9921140000,203797786,57.55
13/07/2016,1878650,45131380000,24.1(2.99 %),2399740,57607230000,521090,12475850000,201505026,58.03
14/07/2016,334710,8029750000,23.6(-2.07 %),701900,16847730000,367190,8817980000,201165556,58.1
15/07/2016,27270,609260000,23.5(-0.42 %),595130,13965530000,567860,13356270000,200994316,58.13
18/07/2016,-224720,-5344460000,23.7(0.85 %),129240,3032390000,353960,8376850000,201386166,58.05
19/07/2016,663870,15974120000,24.1(1.69 %),1235560,29759850000,571690,13785730000,200517796,58.23
20/07/2016,-212440,-5086430000,23.7(-1.66 %),64900,1545980000,277340,6632410000,201020756,58.13
21/07/2016,680370,15801960000,23(-2.95 %),906390,21080250000,226020,5278290000,200468326,58.24
22/07/2016,713820,16066860000,22.5(-2.17 %),741560,16688310000,27740,621450000,200298456,58.28
25/07/2016,371540,8421060000,22.3(-0.89 %),377370,8553520000,5830,132460000,200198426,58.3
26/07/2016,-97190,-2168300000,22.4(0.45 %),7700,171190000,104890,2339490000,200416746,58.25
27/07/2016,510610,11602780000,22.7(1.34 %),596470,13535890000,85860,1933110000,199848016,58.37
28/07/2016,356210,8079790000,23.2(2.20 %),603710,13847990000,247500,5768200000,199250136,58.5
29/07/2016,-71180,-1651670000,22.9(-1.29 %),103520,2405080000,174700,4056750000,199251506,58.49
01/08/2016,304960,6968410000,22.8(-0.44 %),327380,7476710000,22420,508300000,199009986,58.55
02/08/2016,-168500,-3760770000,22.1(-3.07 %),922510,20519040000,1091010,24279810000,198334976,58.69
03/08/2016,637520,14123480000,22.2(0.45 %),678400,15030520000,40880,907040000,197831276,58.79
04/08/2016,-135390,-2970810000,22(-0.90 %),412120,9174680000,547510,12145490000,197441576,58.87
05/08/2016,-22740,-486420000,21.5(-2.27 %),428530,9234440000,451270,9720860000,198104056,58.73
08/08/2016,-283070,-6073670000,21.4(-0.47 %),43260,926320000,326330,6999990000,198101676,58.73
09/08/2016,-213500,-4581310000,21.4(0.00 %),4100,88530000,217600,4669840000,198645086,58.62
10/08/2016,82780,1797060000,21.7(1.40 %),340870,7428050000,258090,5630990000,198755486,58.6
11/08/2016,-25900,-593420000,22(1.38 %),566070,12421310000,591970,13014730000,198515746,58.65
12/08/2016,75980,1673140000,21.8(-0.91 %),91230,2008850000,15250,335710000,198642116,58.62
15/08/2016,14680,321380000,21.9(0.46 %),42500,927960000,27820,606580000,198857706,58.58
16/08/2016,-60930,-1334810000,22.4(2.28 %),281620,6309290000,342550,7644100000,199168056,58.51
17/08/2016,166110,3701940000,22.4(0.00 %),376410,8385100000,210300,4683160000,198806896,58.59
18/08/2016,-275300,-6105920000,22.1(-1.34 %),300,6690000,275600,6112610000,198834416,58.58
19/08/2016,109470,2382120000,21.7(-1.81 %),109470,2382120000,0,0,199067496,58.53
22/08/2016,-568530,-12264130000,21.4(-1.38 %),48550,1048640000,617080,13312770000,199229246,58.5
23/08/2016,-199570,-4308010000,21.6(0.93 %),62140,1342160000,261710,5650170000,199442706,58.45
24/08/2016,28650,627670000,21.5(-0.46 %),151850,3289860000,123200,2662190000,199290856,58.49
25/08/2016,-107880,-2320840000,21.4(-0.47 %),105690,2266870000,213570,4587710000,199802246,58.38
26/08/2016,-340500,-7392590000,21.7(1.40 %),66600,1452460000,407100,8845050000,199997356,58.34
29/08/2016,-288380,-6273700000,21.4(-1.38 %),87000,1884720000,375380,8158420000,200033556,58.33
30/08/2016,-296430,-6318660000,21.1(-1.40 %),205240,4388840000,501670,10707500000,200041886,58.33
31/08/2016,353350,7565990000,21.4(1.42 %),836750,17905700000,483400,10339710000,199612236,58.42
01/09/2016,123200,2638280000,21.4(0.00 %),427600,9155070000,304400,6516790000,199560020,58.43
05/09/2016,-125410,-2663060000,21.1(-1.40 %),315980,6698520000,441390,9361580000,199929710,58.35
06/09/2016,-141700,-3009780000,21.1(0.00 %),333330,7050290000,475030,10060070000,200293180,58.28
07/09/2016,116380,2471630000,21.3(0.95 %),590150,12516290000,473770,10044660000,200307830,58.27
08/09/2016,-247860,-5285210000,21.3(0.00 %),282460,6023050000,530320,11308260000,200538720,58.23
09/09/2016,-4330,-91150000,21.6(1.41 %),772140,16649500000,776470,16740650000,200028210,58.33
12/09/2016,325380,6941940000,21.3(-1.39 %),870940,18573170000,545560,11631230000,199501280,58.44
13/09/2016,-324910,-6881490000,21.1(-0.94 %),327120,6935900000,652030,13817390000,199448520,58.45
14/09/2016,-285860,-6015900000,21(-0.47 %),282120,5941380000,567980,11957280000,199942870,58.35
15/09/2016,-927450,-19324490000,20.8(-0.95 %),1500,31440000,928950,19355930000,200316290,58.27
16/09/2016,-5413410,-112598930000,20.8(0.00 %),580790,12080430000,5994200,124679360000,200387530,58.26
19/09/2016,954550,20422470000,21.45(3.12 %),977530,20913160000,22980,490690000,199977980,58.34
20/09/2016,710440,15311350000,21.55(0.47 %),777310,16750440000,66870,1439090000,200129620,58.31
21/09/2016,914140,19959540000,21.85(1.39 %),918340,20051310000,4200,91770000,205205480,57.25
22/09/2016,403860,8883550000,21.85(0.00 %),409390,9003830000,5530,120280000,204819070,57.34
23/09/2016,204140,4473200000,21.6(-1.14 %),319500,6987130000,115360,2513930000,204566440,57.39
26/09/2016,33740,764710000,21.8(0.93 %),364270,7921240000,330530,7156530000,204206370,57.46
27/09/2016,353330,7735280000,21.95(0.69 %),365010,7990260000,11680,254980000,203846890,57.54
28/09/2016,603110,13433460000,22.4(2.05 %),712710,15870040000,109600,2436580000,203249540,57.66
29/09/2016,573230,12858420000,22.3(-0.45 %),588560,13202170000,15330,343750000,202991510,57.72
30/09/2016,400420,8941610000,22.3(0.00 %),409870,9152620000,9450,211010000,202593320,57.8
03/10/2016,-208400,-4682940000,22.4(0.45 %),13980,314850000,222380,4997790000,202688940,57.78
04/10/2016,201260,4555150000,22.6(0.89 %),251460,5684940000,50200,1129790000,202452810,57.83
05/10/2016,246220,5596380000,22.65(0.22 %),271050,6160030000,24830,563650000,202191210,57.88
06/10/2016,-629930,-14213230000,22.4(-1.10 %),209150,4716350000,839080,18929580000,202204440,57.88
07/10/2016,8180,184280000,22.3(-0.45 %),16510,370280000,8330,186000000,202238130,57.87
10/10/2016,621650,13913830000,22.3(0.00 %),624200,13970950000,2550,57120000,201638762,58.0
11/10/2016,-20460,-430100000,21.35(0.23 %),53590,1150340000,74050,1580440000,202424252,57.83
12/10/2016,58050,1235410000,21.15(-0.94 %),69610,1481090000,11560,245680000,202362972,57.85
13/10/2016,-191710,-4015340000,21.3(0.71 %),184080,3892900000,375790,7908240000,202181442,57.88
14/10/2016,171320,3669350000,21.25(-0.23 %),257670,5514580000,86350,1845230000,201997822,57.92
17/10/2016,182010,3860100000,21.2(-0.24 %),327340,6940700000,145330,3080600000,201682042,57.99
18/10/2016,-4700,-92320000,21.1(-0.47 %),189100,3991590000,193800,4083910000,201868732,57.95
19/10/2016,379750,8057310000,21.25(0.71 %),571910,12126250000,192160,4068940000,201431783,58.04
20/10/2016,400520,8554580000,21.25(0.00 %),555390,11862460000,154870,3307880000,201021723,58.13
21/10/2016,374780,8140280000,21.55(1.41 %),707440,15332720000,332660,7192440000,200508091,58.23
24/10/2016,79770,1713590000,21.1(-2.09 %),149930,3209510000,70160,1495920000,200501693,58.23
25/10/2016,-193530,-4077140000,21.15(0.24 %),280290,5927730000,473820,10004870000,200406281,58.25
26/10/2016,-65740,-1389170000,20.8(-1.65 %),307760,6415150000,373500,7804320000,200431181,58.25
27/10/2016,-420190,-8758690000,20.8(0.00 %),48770,1017020000,468960,9775710000,200452571,58.24
28/10/2016,-422250,-8803960000,20.8(0.00 %),48530,1011810000,470780,9815770000,200877861,58.16
31/10/2016,-185600,-3901530000,21.05(1.20 %),86790,1826650000,272390,5728180000,201164571,58.1
01/11/2016,-18590,-393730000,20.85(-0.95 %),93650,1961360000,112240,2355090000,201539881,58.02
02/11/2016,-6140,-125860000,20.8(-0.24 %),71470,1489970000,77610,1615830000,201939191,57.93
03/11/2016,-5510,-109840000,20.45(-1.68 %),100350,2054420000,105860,2164260000,202111231,57.9
04/11/2016,8910,179200000,20.2(-1.22 %),49810,1012850000,40900,833650000,202173661,57.89
07/11/2016,-4980,-71460000,20.65(2.23 %),132690,2737270000,137670,2808730000,202118581,57.9
08/11/2016,3690,76430000,20.65(0.00 %),14000,289760000,10310,213330000,202210441,57.88
09/11/2016,55900,1136730000,20.35(-1.45 %),160860,3249860000,104960,2113130000,202090481,57.9
10/11/2016,-23120,-478370000,20.65(1.47 %),228750,4718660000,251870,5197030000,201999402,57.92
11/11/2016,-82790,-1701130000,20.5(-0.73 %),87240,1792730000,170030,3493860000,201922472,57.94
14/11/2016,-706510,-14262170000,20.1(-1.95 %),66070,1330160000,772580,15592330000,201961362,57.93
15/11/2016,76940,1561070000,20.35(1.24 %),124000,2514820000,47060,953750000,202089232,57.9
16/11/2016,101490,2064840000,20.3(-0.25 %),214700,4367730000,113210,2302890000,202044562,57.91
17/11/2016,-346550,-6997730000,20.15(-0.74 %),56010,1131520000,402560,8129250000,202761132,57.76
18/11/2016,-486610,-9735190000,20(-0.74 %),23990,480090000,510600,10215280000,202784210,57.76
21/11/2016,-345950,-6922050000,20.05(0.25 %),48600,972410000,394550,7894460000,202848820,57.75
22/11/2016,-6380,-123200000,20.3(1.25 %),38900,790200000,45280,913400000,203212480,57.67
23/11/2016,42840,871560000,20.25(-0.25 %),43140,877650000,300,6090000,203679940,57.57
24/11/2016,-4370,-88350000,20.15(-0.49 %),36720,742500000,41090,830850000,204037770,57.5
25/11/2016,-48440,-972260000,20.1(-0.25 %),40620,815480000,89060,1787740000,204042430,57.5
28/11/2016,-509360,-10032170000,20(-0.50 %),22610,448950000,531970,10481120000,204020120,57.5
29/11/2016,-938520,-18419680000,19.6(-2.00 %),152210,2985750000,1090730,21405430000,203909000,57.52
30/11/2016,-398460,-7979170000,19.9(1.53 %),113690,2282900000,512150,10262070000,203884370,57.53
01/12/2016,-199410,-3981320000,19.85(-0.25 %),60400,1209900000,259810,5191220000,204355940,57.43
02/12/2016,-607900,-11978490000,19.7(-0.76 %),11337970,227104050000,11945870,239082540000,205433700,57.21
05/12/2016,-879010,-16955380000,19.2(-2.54 %),87950,1699280000,966960,18654660000,205857900,57.12
06/12/2016,-1115470,-21009330000,18.6(-3.12 %),86970,1628770000,1202440,22638100000,206030740,57.08
07/12/2016,-1262290,-23580250000,18.6(0.00 %),186990,3499160000,1449280,27079410000,206464620,56.99
08/12/2016,-397560,-7432380000,18.7(0.54 %),161660,3028600000,559220,10460980000,207269920,56.82
09/12/2016,-350310,-6550850000,18.75(0.27 %),181880,3409570000,532190,9960420000,208290480,56.61
12/12/2016,-162940,-3027950000,18.5(-1.33 %),22200,412950000,185140,3440900000,209717566,56.31
13/12/2016,461450,8615930000,18.85(1.89 %),1052840,19678120000,591390,11062190000,209223946,56.42
14/12/2016,-14240,-271670000,19(0.80 %),356090,6713620000,370330,6985290000,209400046,56.38
15/12/2016,163060,3104310000,19(0.00 %),469240,8922020000,306180,5817710000,209115946,56.44
16/12/2016,186870,3604210000,19.2(1.05 %),709860,13629360000,522990,10025150000,209211222,56.42
19/12/2016,-23080,-358970000,19.85(3.39 %),460610,9081400000,483690,9440370000,208907234,56.48
20/12/2016,-105670,-2081340000,19.6(-1.26 %),110300,2166840000,215970,4248180000,209103122,56.44
21/12/2016,-73620,-1438280000,19.55(-0.26 %),173890,3406660000,247510,4844940000,209452231,56.37
22/12/2016,220350,4289500000,19.4(-0.77 %),332560,6481530000,112210,2192030000,209603361,56.34
23/12/2016,255630,4949550000,19.4(0.00 %),857640,16603780000,602010,11654230000,209514971,56.36
26/12/2016,407970,7986670000,19.6(1.03 %),407970,7986670000,0,0,209014821,56.46
27/12/2016,-8070,-148810000,19.45(-0.77 %),298100,5824080000,306170,5972890000,209014821,56.46
28/12/2016,513580,10073680000,19.75(1.54 %),809850,15885300000,296270,5811620000,208702771,56.53
29/12/2016,306690,6061900000,19.7(-0.25 %),471690,9329620000,165000,3267720000,208231081,56.62
30/12/2016,-66320,-1301860000,19.6(-0.51 %),163680,3211920000,230000,4513780000,208373572,56.59
03/01/2017,176160,3512410000,20.05(2.30 %),986470,19699940000,810310,16187530000,208088102,56.65
04/01/2017,306040,6141910000,20.05(0.00 %),319940,6421840000,13900,279930000,207933162,56.69
05/01/2017,46750,940240000,20.1(0.25 %),77530,1559240000,30780,619000000,208085632,56.65
06/01/2017,814660,16710820000,20.3(1.00 %),1363310,28023690000,548650,11312870000,206832632,56.92
09/01/2017,248820,5099710000,20.5(0.99 %),276260,5661880000,27440,562170000,206570272,56.97
10/01/2017,66160,1343770000,20.35(-0.73 %),232450,4732270000,166290,3388500000,206368602,57.01
11/01/2017,-172380,-3502810000,20.3(-0.25 %),368830,7488230000,541210,10991040000,206548422,56.97
12/01/2017,-477780,-9745970000,20.45(0.74 %),694740,14175920000,1172520,23921890000,206458912,56.99
13/01/2017,884110,18219770000,20.5(0.24 %),900770,18561250000,16660,341480000,205724432,57.15
16/01/2017,182290,3753070000,20.4(-0.49 %),263640,5423770000,81350,1670700000,206002002,57.09
17/01/2017,218970,4484190000,20.6(0.98 %),340010,6959120000,121040,2474930000,206256722,57.04
18/01/2017,-63990,-1314090000,20.4(-0.97 %),3310,68180000,67300,1382270000,206270072,57.03
19/01/2017,-104920,-2103030000,20.15(-1.23 %),301170,6099640000,406090,8202670000,206250252,57.04
20/01/2017,-14740,-293910000,20.15(0.00 %),277170,5599210000,291910,5893120000,206294136,57.03
23/01/2017,-75320,-1507550000,20(-0.74 %),195830,3920880000,271150,5428430000,206336156,57.02
24/01/2017,-184050,-3681650000,20.05(0.25 %),8750,175390000,192800,3857040000,206533496,56.98
25/01/2017,340,6480000,20.2(0.75 %),72350,1461080000,72010,1454600000,206553056,56.97
02/02/2017,293220,5974150000,20.65(2.23 %),297310,6057590000,4090,83440000,206356346,57.01
03/02/2017,108020,2227090000,20.5(-0.73 %),224730,4625200000,116710,2398110000,206324416,57.02
06/02/2017,199130,4087550000,20.55(0.24 %),215130,4416850000,16000,329300000,206181296,57.05
07/02/2017,568220,11845730000,20.9(1.70 %),596080,12421150000,27860,575420000,205589306,57.17
08/02/2017,349670,7291340000,20.9(0.00 %),358300,7471960000,8630,180620000,205347716,57.22
09/02/2017,210090,4382570000,20.8(-0.48 %),225500,4703310000,15410,320740000,205138217,57.27
10/02/2017,159610,3326530000,20.8(0.00 %),277530,5778370000,117920,2451840000,204888547,57.32
13/02/2017,269110,5685350000,21.2(1.92 %),319740,6756710000,50630,1071360000,204577437,57.39
14/02/2017,98880,2093110000,21.1(-0.47 %),379880,8053070000,281000,5959960000,204212967,57.46
15/02/2017,321690,6791960000,21.2(0.47 %),328190,6928860000,6500,136900000,204002697,57.51
16/02/2017,575040,12213670000,20.9(-1.42 %),665610,14144280000,90570,1930610000,203387717,57.63
17/02/2017,366380,7666870000,21.05(0.72 %),431160,9018760000,64780,1351890000,213137557,56.51
20/02/2017,76970,1615840000,21.05(0.00 %),87020,1827400000,10050,211560000,213057037,56.52
21/02/2017,440370,9285080000,21.05(0.00 %),488600,10303110000,48230,1018030000,212659007,56.61
22/02/2017,27990,595830000,21.55(2.38 %),465290,10009630000,437300,9413800000,212342689,56.67
23/02/2017,-198960,-4290910000,21.6(0.23 %),90900,1957590000,289860,6248500000,212261839,56.69
24/02/2017,-48620,-1049240000,21.3(-1.39 %),161050,3431310000,209670,4480550000,212149019,56.71
27/02/2017,22360,515400000,21.3(0.00 %),300170,6417980000,277810,5902580000,212563612,56.63
28/02/2017,-205270,-4407710000,21.2(-0.47 %),33410,718550000,238680,5126260000,212458409,56.65
01/03/2017,70210,1485700000,21.2(0.00 %),104470,2205330000,34260,719630000,212563612,56.63
02/03/2017,-80770,-1685460000,20.7(-2.36 %),151320,3185940000,232090,4871400000,212690102,56.6
03/03/2017,84120,1760050000,20.8(0.48 %),93720,1961450000,9600,201400000,212835064,56.57
06/03/2017,66440,1391260000,21(0.96 %),174600,3659480000,108160,2268220000,212694724,56.6
07/03/2017,164300,3439620000,21(0.00 %),345540,7229940000,181240,3790320000,212581274,56.62
08/03/2017,126030,2665360000,21(0.00 %),296150,6232930000,170120,3567570000,212294724,56.68
09/03/2017,332020,7090560000,21.5(2.38 %),463870,9928140000,131850,2837580000,211939014,56.75
10/03/2017,-103350,-2226730000,21.35(-0.70 %),200,4340000,103550,2231070000,212120054,56.72
13/03/2017,190760,4066470000,21.4(0.23 %),446550,9514590000,255790,5448120000,211843624,56.77
14/03/2017,382100,8187680000,21.4(0.00 %),383100,8209130000,1000,21450000,211592374,56.82
15/03/2017,137220,2920300000,21.3(-0.47 %),423900,9026280000,286680,6105980000,211272024,56.89
16/03/2017,-1309040,-28347180000,22.3(4.69 %),718960,15716490000,2028000,44063670000,210938879,56.96
17/03/2017,-2898640,-65955570000,22.75(2.02 %),1197170,27235050000,4095810,93190620000,210938879,56.96
20/03/2017,-297640,-6916000000,23(1.10 %),125320,2905240000,422960,9821240000,210938879,56.96
21/03/2017,-1189570,-27225360000,23(0.00 %),1209640,27722440000,2399210,54947800000,210938879,56.96
22/03/2017,-1437990,-33339410000,22.55(-1.96 %),155570,3599580000,1593560,36938990000,210938879,56.96
23/03/2017,40960,935840000,22.75(0.89 %),3555320,80131220000,3514360,79195380000,210938879,56.96
24/03/2017,-664666,-15315700000,23.05(1.32 %),309480,7124700000,974146,22440400000,210938879,56.96
27/03/2017,-621680,-14648760000,23.45(1.74 %),451110,10663880000,1072790,25312640000,210938879,56.96
28/03/2017,-132410,-3111540000,23.45(0.00 %),26610,625000000,159020,3736540000,210938879,56.96
29/03/2017,33890,792220000,23.55(0.43 %),45090,1054660000,11200,262440000,210938879,56.96
30/03/2017,453770,10802780000,23.85(1.27 %),475160,11312720000,21390,509940000,210938879,56.96
31/03/2017,71930,1722380000,23.85(0.00 %),127280,3044470000,55350,1322090000,210938879,56.96
03/04/2017,-3990,-95930000,24.2(1.47 %),35970,864510000,39960,960440000,219654895,55.18
04/04/2017,36910,897490000,23.8(-1.65 %),41450,1007810000,4540,110320000,219634835,55.18
05/04/2017,-1054180,-24635620000,23(-3.36 %),138290,3274230000,1192470,27909850000,219551895,55.2
07/04/2017,512630,11835220000,23.2(0.87 %),555420,12819540000,42790,984320000,219036435,55.3
10/04/2017,1358730,31994360000,23.9(3.02 %),1388440,32692430000,29710,698070000,217652535,55.59
11/04/2017,1261610,30018990000,23.6(-1.26 %),1353890,32228600000,92280,2209610000,217491115,55.62
12/04/2017,-92420,-2140720000,22.95(-2.75 %),98840,2295790000,191260,4436510000,217435065,55.63
13/04/2017,107460,2465530000,22.5(-1.96 %),107460,2465530000,0,0,217357315,55.65
14/04/2017,234670,5242730000,22.2(-1.33 %),286270,6388950000,51600,1146220000,217163325,55.69
17/04/2017,627090,13946710000,21.85(-1.58 %),627300,13951370000,210,4660000,216727291,55.78
18/04/2017,763060,16919030000,22.55(3.20 %),765770,16978790000,2710,59760000,215961521,55.93
19/04/2017,122980,2779170000,22.25(-1.33 %),506710,11373050000,383730,8593880000,215506411,56.02
20/04/2017,16870,379670000,22.35(0.45 %),154860,3463710000,137990,3084040000,215351761,56.06
21/04/2017,173150,3927880000,22.35(0.00 %),202780,4595380000,29630,667500000,215151691,56.1
24/04/2017,308750,6853270000,22(-1.57 %),354450,7870030000,45700,1016760000,215180971,56.09
25/04/2017,68750,1521020000,22.15(0.68 %),69260,1532210000,510,11190000,215249701,56.08
26/04/2017,141410,3156500000,22.4(1.13 %),217370,4858150000,75960,1701650000,215061961,56.12
27/04/2017,-266550,-5952330000,22.25(-0.67 %),68550,1538210000,335100,7490540000,215039111,56.12
28/04/2017,-1528870,-33693810000,21.9(-1.57 %),80690,1786410000,1609560,35480220000,214958931,56.14
03/05/2017,-514650,-11369510000,22.15(1.14 %),36300,798320000,550950,12167830000,214998591,56.13
04/05/2017,-243240,-5502420000,22.6(2.03 %),132600,3000040000,375840,8502460000,215201091,56.09
05/05/2017,18680,414800000,22.5(-0.44 %),448680,10094800000,430000,9680000000,216661971,55.79
08/05/2017,631960,14409150000,23(2.22 %),1167470,26614590000,535510,12205440000,216245451,55.87
09/05/2017,544850,12798010000,23.8(3.48 %),563250,13227200000,18400,429190000,216058041,55.91
10/05/2017,579150,13964930000,23.55(-1.05 %),679390,16391600000,100240,2426670000,215508651,56.02
11/05/2017,-173590,-4152660000,23.7(0.64 %),651430,15478390000,825020,19631050000,215563731,56.01
12/05/2017,-215410,-5096090000,23.5(-0.84 %),141140,3365800000,356550,8461890000,215490991,56.03
15/05/2017,-350050,-8474240000,24(2.13 %),404710,9559190000,754760,18033430000,215186521,56.09
16/05/2017,-402480,-9695670000,23.7(-1.25 %),105260,2537650000,507740,12233320000,215535281,56.02
17/05/2017,786230,18716830000,24.1(1.69 %),1182760,28219450000,396530,9502620000,214859071,56.16
18/05/2017,-321440,-7936380000,24.5(1.66 %),371760,9152440000,693200,17088820000,215242071,56.08
19/05/2017,-561670,-14095470000,26(6.12 %),865820,22300740000,1427490,36396210000,214883991,56.15
22/05/2017,-458650,-11937560000,25.75(-0.96 %),443150,11663270000,901800,23600830000,214637371,56.2
23/05/2017,-524670,-13488380000,25.4(-1.36 %),140720,3607740000,665390,17096120000,215189851,56.09
24/05/2017,173860,4355410000,26.2(3.15 %),1295110,33631590000,1121250,29276180000,215678231,55.99
25/05/2017,-81860,-2137440000,26.25(0.19 %),727860,19432750000,809720,21570190000,215852181,55.95
26/05/2017,-165620,-4309450000,26(-0.95 %),304310,7957860000,469930,12267310000,216213261,55.88
29/05/2017,-245050,-6437760000,25.8(-0.77 %),111110,2904720000,356160,9342480000,216867401,55.75
30/05/2017,64420,1681290000,24.75(-4.07 %),306880,7822050000,242460,6140760000,217370247,55.64
31/05/2017,274740,6878090000,24.8(0.20 %),976350,24368420000,701610,17490330000,216863827,55.75
01/06/2017,68190,1723830000,24.9(0.40 %),488660,12207570000,420470,10483740000,216731327,55.77
02/06/2017,1103620,27817960000,25.8(3.61 %),2183470,55213170000,1079850,27395210000,214990317,56.13
05/06/2017,-239020,-6101680000,25.3(-1.94 %),149970,3853240000,388990,9954920000,215635107,56.0
06/06/2017,-376370,-9587810000,25.6(1.19 %),95760,2439650000,472130,12027460000,215959817,55.93
07/06/2017,-484870,-12584220000,25.85(0.98 %),118920,3086530000,603790,15670750000,216720747,55.78
08/06/2017,-243760,-6360150000,26.05(0.77 %),85840,2239180000,329600,8599330000,216930747,55.73
09/06/2017,-284370,-7474050000,26.25(0.77 %),65450,1721660000,349820,9195710000,217337427,55.65
12/06/2017,-383100,-10126080000,26.3(0.19 %),17920,472280000,401020,10598360000,217923297,55.53
13/06/2017,428150,11335710000,26.6(1.14 %),760850,20173830000,332700,8838120000,217642047,55.59
14/06/2017,-114120,-3029200000,26.5(-0.38 %),286390,7655980000,400510,10685180000,217705477,55.58
15/06/2017,-521590,-13787050000,26.4(-0.38 %),51810,1374660000,573400,15161710000,218054687,55.5
16/06/2017,-3091910,-82219650000,26.6(0.76 %),189140,5026070000,3281050,87245720000,218048247,55.51
19/06/2017,-34140,-982260000,27.7(4.14 %),440340,12013360000,474480,12995620000,218008417,55.51
20/06/2017,149680,4192880000,27.55(-0.54 %),449110,12528270000,299430,8335390000,218132707,55.49
21/06/2017,48160,1286750000,27.4(-0.54 %),409520,11209800000,361360,9923050000,221004237,54.9
22/06/2017,126400,3473470000,27.35(-0.18 %),319330,8757460000,192930,5283990000,221159387,54.87
23/06/2017,-12730,-338960000,27.3(-0.18 %),62770,1708750000,75500,2047710000,221396047,54.82
26/06/2017,-297650,-8165710000,27.45(0.55 %),112330,3077470000,409980,11243180000,221645077,54.77
27/06/2017,139170,3799300000,26.95(-1.82 %),159590,4358190000,20420,558890000,220414297,55.02
28/06/2017,1274590,34648060000,27.4(1.67 %),1339620,36419880000,65030,1771820000,220414297,55.02
29/06/2017,241390,6656690000,27.5(0.36 %),275040,7582350000,33650,925660000,220549237,55.0
30/06/2017,490970,13518530000,27.65(0.55 %),579590,15967140000,88620,2448610000,219990067,55.11
03/07/2017,-731770,-20540720000,27.95(1.08 %),162650,4569240000,894420,25109960000,219892447,55.13
04/07/2017,-778610,-21868100000,28.25(1.07 %),126460,3550730000,905070,25418830000,219799637,55.15
05/07/2017,-574600,-16230970000,28.3(0.18 %),93750,2650900000,668350,18881870000,219794507,55.15
06/07/2017,-448750,-12880490000,28.6(1.06 %),376630,10802570000,825380,23683060000,220312297,55.04
07/07/2017,-900950,-25210830000,27.5(-3.85 %),219330,6183630000,1120280,31394460000,220998037,54.9
10/07/2017,-878650,-23711180000,26.65(-3.09 %),117130,3204240000,995780,26915420000,223391427,54.42
11/07/2017,-918010,-24398810000,26.8(0.56 %),921030,24663720000,1839040,49062530000,222271147,54.64
12/07/2017,-777230,-20799070000,26.6(-0.75 %),70140,1885120000,847370,22684190000,223321287,54.43
13/07/2017,-256190,-6816640000,26.65(0.19 %),51730,1375830000,307920,8192470000,224265337,54.24
14/07/2017,-483770,-12995700000,26.8(0.56 %),1116620,30090650000,1600390,43086350000,224423217,54.21
17/07/2017,-265720,-6996390000,25.7(-4.10 %),2376920,61708490000,2642640,68704880000,224987745,54.09
18/07/2017,-498590,-12641280000,25.25(-1.75 %),1053220,26624020000,1551810,39265300000,225054885,54.08
19/07/2017,-731180,-18543900000,25.2(-0.20 %),918670,23167800000,1649850,41711700000,226307255,53.82
20/07/2017,-1355880,-34014660000,25.3(0.40 %),176830,4437320000,1532710,38451980000,226678988,53.74
21/07/2017,-1384660,-34992670000,25.4(0.40 %),105240,2679750000,1489900,37672420000,227313118,53.62
24/07/2017,-330330,-8253330000,24.75(-2.56 %),33800,843290000,364130,9096620000,228105518,53.45
25/07/2017,-688950,-17185860000,25.25(2.02 %),91580,2279560000,780530,19465420000,229546648,53.16
26/07/2017,-1624130,-41352290000,25.6(1.39 %),96570,2461530000,1720700,43813820000,231118378,52.84
27/07/2017,-648230,-16577450000,25.55(-0.20 %),185730,4762610000,833960,21340060000,231118378,52.84
28/07/2017,-240000,-6193330000,25.85(1.17 %),112050,2881960000,352050,9075290000,231786858,52.7
31/07/2017,345480,9005790000,26.3(1.74 %),695480,18129790000,350000,9124000000,232812078,52.49
01/08/2017,106990,2856300000,26(-1.14 %),355780,9384200000,248790,6527900000,233290258,52.4
02/08/2017,-478280,-12393590000,25.75(-0.96 %),293340,7625980000,771620,20019570000,233348968,52.38
03/08/2017,-235070,-6113000000,25.95(0.78 %),31930,831460000,267000,6944460000,233667038,52.32
04/08/2017,-491910,-12893490000,26.4(1.73 %),55990,1467470000,547900,14360960000,233859838,52.28
07/08/2017,-280020,-7438900000,26.35(-0.19 %),117870,3135060000,397890,10573960000,234513588,52.15
08/08/2017,-387930,-10143490000,26(-1.33 %),34520,908070000,422450,11051560000,234746068,52.1
09/08/2017,-184180,-4687480000,25.25(-2.88 %),33630,861660000,217810,5549140000,235260338,51.99
10/08/2017,-95380,-2400830000,25.2(-0.20 %),59930,1508350000,155310,3909180000,235598298,51.92
11/08/2017,-381510,-9604400000,25.05(-0.60 %),9570,240880000,391080,9845280000,236011178,51.84
14/08/2017,-316120,-7947490000,25.3(1.00 %),26910,678190000,343030,8625680000,236202078,51.8
15/08/2017,-77450,-1949290000,25.15(-0.59 %),23420,594010000,100870,2543300000,236333968,51.77
16/08/2017,-551950,-13874630000,25.15(0.00 %),94130,2366070000,646080,16240700000,236630918,51.71
17/08/2017,-283240,-7085130000,24.6(-2.19 %),97100,2434180000,380340,9519310000,236876848,51.66
18/08/2017,-551160,-13725660000,24.85(1.02 %),7040,174610000,558200,13900270000,236970678,51.64
21/08/2017,-482190,-11928010000,24.45(-1.61 %),28030,693780000,510220,12621790000,237588744,51.52
22/08/2017,-91050,-2200710000,24(-1.84 %),177750,4333650000,268800,6534360000,237791334,51.48
23/08/2017,-50520,-1214500000,24.3(1.25 %),281800,6804210000,332320,8018710000,238067734,51.42
24/08/2017,-191260,-4667910000,24.35(0.21 %),310380,7567280000,501640,12235190000,238267581,51.38
25/08/2017,291620,7136790000,24.65(1.23 %),671060,16434940000,379440,9298150000,237865321,51.46
28/08/2017,613770,15274030000,25.15(2.03 %),1095870,27253810000,482100,11979780000,237101771,51.62
29/08/2017,-123520,-3056810000,24.9(-0.99 %),437630,10936630000,561150,13993440000,237165781,51.61
30/08/2017,281930,7020270000,24.85(-0.20 %),596460,14846600000,314530,7826330000,236948761,51.65
31/08/2017,187820,4716030000,25.05(0.80 %),978400,24404330000,790580,19688300000,236452461,51.75
01/09/2017,293370,7379330000,25.2(0.60 %),568620,14301100000,275250,6921770000,236444991,51.75
05/09/2017,284170,7130200000,25.1(-0.40 %),490360,12305600000,206190,5175400000,236269161,51.79
06/09/2017,368790,9231920000,25(-0.40 %),620890,15544970000,252100,6313050000,236438851,51.75
07/09/2017,-36790,-939390000,25.05(0.20 %),186610,4684220000,223400,5623610000,236527497,51.74
08/09/2017,183460,4588890000,24.95(-0.40 %),297560,7448630000,114100,2859740000,236436127,51.75
11/09/2017,467760,11586190000,24.7(-1.00 %),646500,16020930000,178740,4434740000,236041727,51.83
12/09/2017,-155360,-3838250000,24.7(0.00 %),162960,4033490000,318320,7871740000,236102167,51.82
13/09/2017,126600,3158160000,25.05(1.42 %),267100,6659140000,140500,3500980000,235949167,51.85
14/09/2017,-46120,-1203160000,25.45(1.60 %),246350,6262650000,292470,7465810000,235881557,51.87
15/09/2017,481530,12281540000,25.6(0.59 %),1181650,30190040000,700120,17908500000,235018227,52.04
18/09/2017,723660,18714500000,25.8(0.78 %),942630,24343250000,218970,5628750000,234216097,52.21
19/09/2017,698070,18025180000,25.8(0.00 %),766210,19784070000,68140,1758890000,233742357,52.3
20/09/2017,133500,3428000000,25.5(-1.16 %),366810,9413030000,233310,5985030000,234075686,52.24
21/09/2017,378600,9634410000,25.35(-0.59 %),614450,15639730000,235850,6005320000,233680206,52.32
22/09/2017,-62420,-1598520000,25.5(0.59 %),54980,1403670000,117400,3002190000,233693372,52.31
25/09/2017,-658850,-16790220000,25.4(-0.39 %),5790,148270000,664640,16938490000,233920892,52.27
26/09/2017,-114920,-2923460000,25.4(0.00 %),38410,975770000,153330,3899230000,234118332,52.23
27/09/2017,-56650,-1441290000,25.4(0.00 %),12660,322300000,69310,1763590000,234223072,52.21
28/09/2017,-104350,-2666660000,25(-1.57 %),68150,1717180000,172500,4383840000,234819568,52.08
29/09/2017,-299880,-7514140000,25.05(0.20 %),10340,259510000,310220,7773650000,234962558,52.05
02/10/2017,-34830,-874710000,25(-0.20 %),2170,54490000,37000,929200000,235029698,52.04
03/10/2017,-6940,-169660000,24.9(-0.40 %),25060,623790000,32000,793450000,235177138,52.01
04/10/2017,-226130,-5629490000,25.1(0.80 %),6040,150400000,232170,5779890000,235481318,51.95
05/10/2017,-400590,-10209320000,25.55(1.79 %),1500,37800000,402090,10247120000,235516818,51.94
06/10/2017,-148580,-3805200000,25.55(0.00 %),51680,1321190000,200260,5126390000,235497138,51.95
09/10/2017,-70590,-1741060000,24.75(0.81 %),149410,3722940000,220000,5464000000,235579898,51.93
10/10/2017,-775400,-19029120000,24.55(-0.81 %),35750,877240000,811150,19906360000,235946242,51.85
11/10/2017,-73650,-1823020000,24.7(0.61 %),713350,17644310000,787000,19467330000,235493152,51.95
12/10/2017,-165610,-4047820000,24.35(-1.42 %),308300,7611160000,473910,11658980000,235404852,51.96
13/10/2017,-212530,-5158630000,24.35(0.00 %),115070,2799340000,327600,7957970000,236100932,51.82
16/10/2017,161120,3929210000,24.4(0.21 %),517480,12611720000,356360,8682510000,236310452,51.78
17/10/2017,324570,7998540000,24.8(1.64 %),727440,17899890000,402870,9901350000,236056922,51.83
18/10/2017,264200,6678290000,24.85(0.20 %),687800,17309510000,423600,10631220000,235696730,51.9
19/10/2017,-419970,-10286670000,24.5(-1.41 %),177410,4410230000,597380,14696900000,235875688,51.87
20/10/2017,-274900,-6674530000,24.3(-0.82 %),536420,13178470000,811320,19853000000,235742138,51.9
23/10/2017,-55630,-1335720000,23.6(-2.88 %),174010,4170660000,229640,5506380000,235991728,51.84
24/10/2017,10010,258310000,23.35(-1.06 %),362790,8561340000,352780,8303030000,236226324,51.8
25/10/2017,-101890,-2386730000,23.4(0.21 %),219930,5167030000,321820,7553760000,236817722,51.68
26/10/2017,-239890,-5531120000,23.2(-0.85 %),162500,3780600000,402390,9311720000,236884862,51.66
27/10/2017,-187400,-4325190000,23.2(0.00 %),73980,1703890000,261380,6029080000,237163662,51.61
30/10/2017,33600,783310000,22.85(-1.51 %),569300,13143740000,535700,12360430000,236916182,51.66
31/10/2017,-292360,-6647010000,22.6(-1.09 %),88970,2034500000,381330,8681510000,237229602,51.59
01/11/2017,-802440,-17859560000,22.2(-1.77 %),34440,763790000,836880,18623350000,237456542,51.55
02/11/2017,516710,11773190000,22.55(1.58 %),620520,14127320000,103810,2354130000,237371722,51.56
03/11/2017,82720,1846120000,22.8(1.11 %),239400,5407120000,156680,3561000000,237513652,51.53
06/11/2017,333570,7669600000,23.1(1.32 %),410370,9428720000,76800,1759120000,237940162,51.45
07/11/2017,324900,7482030000,23(-0.43 %),384180,8849310000,59280,1367280000,237659792,51.5
08/11/2017,129450,2970860000,23.05(0.22 %),178440,4096770000,48990,1125910000,237638032,51.51
09/11/2017,651230,15194930000,23.35(1.30 %),712030,16609960000,60800,1415030000,237002802,51.64
10/11/2017,459520,10718370000,23.3(-0.21 %),522140,12177450000,62620,1459080000,236539942,51.73
13/11/2017,436980,10309650000,24.05(3.22 %),463060,10931300000,26080,621650000,236125872,51.82
14/11/2017,364760,8788540000,24.3(1.04 %),484260,11667440000,119500,2878900000,235702412,51.9
15/11/2017,525810,12777970000,24.25(-0.21 %),607960,14770360000,82150,1992390000,235157072,52.01
16/11/2017,649500,15891220000,24.6(1.44 %),746360,18235410000,96860,2344190000,234436792,52.16
17/11/2017,372680,9153350000,24.5(-0.41 %),618470,15172270000,245790,6018920000,233937838,52.26
20/11/2017,689500,16955690000,24.6(0.41 %),699850,17210750000,10350,255060000,233320153,52.39
21/11/2017,1538310,38464190000,25.1(2.03 %),1546920,38678550000,8610,214360000,231870093,52.69
22/11/2017,1037380,26257840000,25.45(1.39 %),1086950,27515070000,49570,1257230000,231028933,52.86
23/11/2017,723020,18537550000,25.5(0.20 %),821680,21059990000,98660,2522440000,230217603,53.02
24/11/2017,414270,10551950000,25.5(0.00 %),545660,13883540000,131390,3331590000,229680523,53.13
27/11/2017,1094280,28474580000,26(1.96 %),1219820,31709090000,125540,3234510000,228580273,53.36
28/11/2017,419270,10865860000,26(0.00 %),512410,13286390000,93140,2420530000,228166523,53.44
29/11/2017,582230,15739150000,26.6(2.31 %),1158170,31250270000,575940,15511120000,227139751,53.65
30/11/2017,715830,19246790000,26.9(1.13 %),870430,23406640000,154600,4159850000,226324861,53.82
01/12/2017,707820,19381670000,27.55(2.42 %),1121040,30725750000,413220,11344080000,225296961,54.03
04/12/2017,823000,23569840000,29.1(5.63 %),1409290,40462410000,586290,16892570000,224463611,54.2
05/12/2017,383490,10864250000,28.2(-3.09 %),679940,19433610000,296450,8569360000,223938271,54.3
06/12/2017,-1481630,-41374520000,27.95(-0.89 %),838010,23230750000,2319640,64605270000,223513481,54.39
07/12/2017,-1159900,-31608900000,27.1(-3.04 %),508180,13846450000,1668080,45455350000,223591593,54.37
08/12/2017,-542260,-14851250000,27.2(0.37 %),600910,16341810000,1143170,31193060000,223287133,54.44
11/12/2017,-638890,-16928050000,25.8(-5.15 %),119440,3190280000,758330,20118330000,225487343,53.99
12/12/2017,925100,24016610000,26.45(2.52 %),1233550,31950130000,308450,7933520000,225921873,53.9
13/12/2017,1030840,27098370000,26.2(-0.95 %),1742040,45880650000,711200,18782280000,225908003,53.9
14/12/2017,25640,672180000,26.65(1.72 %),76490,2027290000,50850,1355110000,226589843,53.76
15/12/2017,-143940,-3842890000,27.1(1.69 %),509070,13757380000,653010,17600270000,226389223,53.8
18/12/2017,-601520,-16510390000,27.5(1.48 %),316190,8717610000,917710,25228000000,226199233,53.84
19/12/2017,1326450,37037570000,27.85(1.27 %),2053300,57394510000,726850,20356940000,224196783,54.25
20/12/2017,424550,11897900000,28(0.54 %),764010,21466110000,339460,9568210000,224085789,54.27
21/12/2017,735900,20568880000,27.6(-1.43 %),998690,27930010000,262790,7361130000,224004809,54.29
22/12/2017,452480,12471810000,27.55(-0.18 %),706830,19481920000,254350,7010110000,224024829,54.29
25/12/2017,148670,4143250000,27.85(1.09 %),410070,11412150000,261400,7268900000,223954219,54.3
26/12/2017,-1814980,-50936350000,28(0.54 %),1186970,33237580000,3001950,84173930000,223030039,54.49
27/12/2017,202630,5624590000,27.7(-1.07 %),1415820,39673420000,1213190,34048830000,221868569,54.73
28/12/2017,-1075950,-30721500000,28.65(3.43 %),659920,18688230000,1735870,49409730000,221470049,54.81
29/12/2017,397930,11490310000,28.8(0.52 %),2149490,62400010000,1751560,50909700000,222322509,54.63
02/01/2018,-1073350,-31216370000,29.1(1.04 %),390410,11362250000,1463760,42578620000,223145289,54.47
03/01/2018,-42440,-1419420000,30.2(3.78 %),1907200,57095470000,1949640,58514890000,222973959,54.5
04/01/2018,-1255970,-37923690000,30.1(-0.33 %),875010,26445750000,2130980,64369440000,223850509,54.32
05/01/2018,-1985500,-58402180000,28.9(-3.99 %),327960,9783160000,2313460,68185340000,224986309,54.09
08/01/2018,-2759360,-80293800000,29.5(2.08 %),986820,28549080000,3746180,108842880000,225949129,53.89
09/01/2018,-1129390,-33750400000,29.8(1.02 %),262730,7837670000,1392120,41588070000,227817379,53.51
10/01/2018,-1726000,-52556370000,30.35(1.85 %),457280,13975930000,2183280,66532300000,229673559,53.13
11/01/2018,-1241220,-37429740000,30.3(-0.16 %),467670,14135370000,1708890,51565110000,232952069,52.46
12/01/2018,1715580,53344890000,31.3(3.30 %),2120320,65926210000,404740,12581320000,232223869,52.61
15/01/2018,626720,19974370000,31.95(2.08 %),868320,27652650000,241600,7678280000,233538829,52.35
16/01/2018,874610,27673420000,31.85(-0.31 %),1379010,43668390000,504400,15994970000,233968709,52.26
17/01/2018,1734340,54598440000,30.5(-4.24 %),2185960,68875880000,451620,14277440000,232187489,52.62
18/01/2018,467270,14238270000,31.5(3.28 %),790590,24017070000,323320,9778800000,231638499,52.73
19/01/2018,1580340,50939510000,32.5(3.17 %),1782060,57448240000,201720,6508730000,230260839,53.01
22/01/2018,2234360,75264010000,34.2(5.23 %),2494430,84095440000,260070,8831430000,228218029,53.43
25/01/2018,1974130,69208780000,35.4(3.51 %),3328620,116438760000,1354490,47229980000,226592519,53.76
26/01/2018,-512420,-18165160000,35.3(-0.28 %),863590,30595980000,1376010,48761140000,225728929,53.94
29/01/2018,147550,5457070000,36.6(3.68 %),399160,14482740000,251610,9025670000,225329769,54.02
30/01/2018,-2349870,-84302440000,36.5(-0.27 %),566270,20294150000,2916140,104596590000,225199989,54.05
31/01/2018,-449810,-16165910000,34.1(-6.58 %),601870,21846560000,1051680,38012470000,225974129,53.89
01/02/2018,1847990,64118800000,34.55(1.32 %),2131390,74043290000,283400,9924490000,224094349,54.27
02/02/2018,477460,16653350000,35.1(1.59 %),732350,25535420000,254890,8882070000,226278139,53.83
05/02/2018,-338530,-11566050000,32.65(-6.98 %),1538200,51887970000,1876730,63454020000,225791619,53.93
06/02/2018,-267570,-8149810000,31.2(-4.44 %),1419140,43359360000,1686710,51509170000,234537879,53.1
07/02/2018,-71160,-2344750000,33(5.77 %),666780,22049980000,737940,24394730000,234125989,53.18
08/02/2018,108970,3487130000,31.6(-4.24 %),330040,10641160000,221070,7154030000,235672679,52.87
09/02/2018,-225010,-6910840000,31.6(0.00 %),176400,5481340000,401410,12392180000,237182998,52.57
12/02/2018,-794780,-26011340000,33.6(6.33 %),194750,6504480000,989530,32515820000,237726188,52.46
13/02/2018,242010,8303430000,34.15(1.64 %),446080,15281170000,204070,6977740000,237501178,52.51
21/02/2018,1147750,40306050000,35.1(2.78 %),1917050,67325060000,769300,27019010000,235985538,52.81
22/02/2018,35860,1221490000,34.4(-1.99 %),312680,10874490000,276820,9653000000,236662388,52.67
23/02/2018,-20940,-753560000,35.2(2.33 %),212910,7433060000,233850,8186620000,236653548,52.68
26/02/2018,-173350,-6205280000,35.05(-0.43 %),944650,33813800000,1118000,40019080000,236478206,52.71
27/02/2018,117230,4125110000,35.3(0.71 %),186350,6556500000,69120,2431390000,236568676,52.69
28/02/2018,-102260,-3691500000,36.9(4.53 %),390340,14105220000,492600,17796720000,236412186,52.72
01/03/2018,-218600,-8291780000,37.8(2.44 %),131240,4959150000,349840,13250930000,237398946,52.53
02/03/2018,-441230,-16500060000,38(0.53 %),130160,4925470000,571390,21425530000,237337906,52.54
05/03/2018,-132770,-5159370000,35.35(-6.97 %),266150,10091160000,398920,15250530000,237664356,52.47
06/03/2018,951040,35541350000,37.8(6.93 %),1265290,47145680000,314250,11604330000,236748906,52.66
07/03/2018,281210,10770920000,38.2(1.06 %),478290,18272910000,197080,7501990000,236842006,52.64
08/03/2018,-850370,-32158110000,38.15(-0.13 %),275760,10448140000,1126130,42606250000,236865166,52.63
09/03/2018,224430,8741180000,38.8(1.70 %),332270,12917260000,107840,4176080000,236847146,52.64
12/03/2018,301780,11781620000,38.4(-1.03 %),361040,14084190000,59260,2302570000,236683186,52.67
13/03/2018,-162180,-6236520000,39.5(2.86 %),156550,6060950000,318730,12297470000,237652775,52.48
14/03/2018,55890,2212840000,39.2(-0.76 %),627470,24819040000,571580,22606200000,237533154,52.5
15/03/2018,-50650,-2004200000,39.25(0.13 %),187550,7319560000,238200,9323760000,237404864,52.53
16/03/2018,-2202460,-91250740000,41(4.46 %),1720910,69399360000,3923370,160650100000,236002684,52.81
19/03/2018,326030,13412510000,41(0.00 %),559550,23083530000,233520,9671020000,235614714,52.88
20/03/2018,769870,31640000000,41.05(0.12 %),931780,38297170000,161910,6657170000,234921140,53.02
21/03/2018,518370,21327390000,40.95(-0.24 %),594180,24436860000,75810,3109470000,238250330,52.36
22/03/2018,794120,32349860000,40.3(-1.59 %),1656250,67592310000,862130,35242450000,237495540,52.51
23/03/2018,660160,25645090000,39.6(-1.74 %),1388680,54088640000,728520,28443550000,236268770,52.75
26/03/2018,626680,24918160000,40.2(1.52 %),659860,26229750000,33180,1311590000,235684724,52.87
27/03/2018,-59500,-2288800000,40(-0.50 %),823260,33391380000,882760,35680180000,235055654,52.99
28/03/2018,486230,19286710000,39.5(-1.25 %),561600,22268290000,75370,2981580000,235222574,52.96
29/03/2018,552150,21643180000,39(-1.27 %),697070,27308780000,144920,5665600000,234558954,53.09
30/03/2018,-130760,-4999500000,39(0.00 %),859950,33419810000,990710,38419310000,234581764,53.09
02/04/2018,-117840,-4597280000,40.8(4.62 %),1193220,48347750000,1311060,52945030000,233463914,53.31
03/04/2018,-107120,-4415790000,42.2(3.43 %),1625840,67730100000,1732960,72145890000,232282994,53.55
04/04/2018,196010,8308920000,41.9(-0.71 %),1667380,70703990000,1471370,62395070000,232114524,53.58
05/04/2018,-221170,-9267290000,41.9(0.00 %),515550,21653090000,736720,30920380000,232911284,53.42
06/04/2018,-406890,-17109070000,41.9(0.00 %),757280,31971360000,1164170,49080430000,233586971,53.29
09/04/2018,2599880,112878410000,44.3(5.73 %),3241530,140319890000,641650,27441480000,231618531,53.68
10/04/2018,1257970,55050060000,43.5(-1.81 %),1325560,58028780000,67590,2978720000,231029691,53.8
11/04/2018,84600,3931080000,41.8(-3.91 %),949350,40576240000,864750,36645160000,231244511,53.76
12/04/2018,1554580,65733970000,42(0.48 %),2108720,88804980000,554140,23071010000,229467521,54.11
13/04/2018,616500,25825620000,41.3(-1.67 %),809970,33884170000,193470,8058550000,228725166,54.26
16/04/2018,160360,6566560000,41.4(0.24 %),252250,10392890000,91890,3826330000,229337666,54.14
17/04/2018,-379800,-15735620000,42(1.45 %),577050,22461080000,956850,38196700000,229820216,54.04
18/04/2018,623090,26145360000,41.5(-1.19 %),1172230,49245860000,549140,23100500000,228841456,54.24
19/04/2018,518780,21360750000,40.6(-2.17 %),1512220,61998620000,993440,40637870000,228005666,54.4
20/04/2018,308920,12739650000,42(3.45 %),511580,21030780000,202660,8291130000,227945476,54.42
23/04/2018,418160,16743680000,39.1(-6.90 %),1516620,60917140000,1098460,44173460000,227907996,54.42
24/04/2018,893720,34751010000,37.4(-4.35 %),1021460,39685410000,127740,4934400000,227295436,54.55
26/04/2018,1966940,68676020000,34.8(-6.95 %),2544380,89481360000,577440,20805340000,224953716,55.01
27/04/2018,792420,28346700000,36(3.45 %),903750,32314610000,111330,3967910000,224218426,55.16
02/05/2018,585900,20861370000,34.8(-3.33 %),828830,29536430000,242930,8675060000,223517336,55.3
03/05/2018,-245720,-8255660000,35(0.57 %),532470,18257320000,778190,26512980000,223782306,55.25
04/05/2018,-352010,-12167510000,34.25(-2.14 %),109000,3830360000,461010,15997870000,223784636,55.25
07/05/2018,-316130,-10829350000,36.4(6.28 %),443170,15621690000,759300,26451040000,223584396,55.29
08/05/2018,491600,17907260000,35.8(-1.65 %),13985050,508195480000,13493450,490288220000,223423296,55.32
09/05/2018,-134380,-4946200000,35.8(0.00 %),1506630,53913430000,1641010,58859630000,222927676,55.42
10/05/2018,459480,16217980000,34.3(-4.19 %),1179510,41447470000,720030,25229490000,223107466,55.38
11/05/2018,-768960,-26162920000,34.6(0.87 %),589470,20093510000,1358430,46256430000,222809466,55.44
14/05/2018,-1305830,-45511660000,35(1.16 %),289360,10114470000,1595190,55626130000,223611116,55.28
15/05/2018,-475450,-16899680000,35.5(1.43 %),111150,3955620000,586600,20855300000,223619996,55.28
16/05/2018,-649250,-22446960000,34.5(-2.82 %),62210,2182850000,711460,24629810000,224852432,55.04
17/05/2018,-635260,-21620100000,33.6(-2.61 %),125250,4284510000,760510,25904610000,226322372,54.74
18/05/2018,-266590,-8692550000,33(-1.79 %),164130,5419580000,430720,14112130000,226744842,54.66
21/05/2018,-448060,-14769700000,32(-3.03 %),1344670,43820290000,1792730,58589990000,227111632,54.58
22/05/2018,-611800,-18076480000,30.05(-6.09 %),1300710,40287530000,1912510,58364010000,226945432,54.62
23/05/2018,-1514640,-46476490000,31.2(3.83 %),228170,6893540000,1742810,53370030000,227147982,54.58
24/05/2018,-301070,-9191290000,30.45(-2.40 %),1330970,40974610000,1632040,50165900000,227499742,54.51
25/05/2018,217930,6628990000,29.5(-3.12 %),451950,13813110000,234020,7184120000,228586302,54.29
28/05/2018,-1124690,-31348820000,27.5(-6.78 %),458160,12818600000,1582850,44167420000,229870952,54.03
29/05/2018,300760,8904720000,29.4(6.91 %),694080,20124890000,393320,11220170000,229918918,54.02
30/05/2018,423380,12649510000,29.95(1.87 %),968860,29091530000,545480,16442020000,229184078,54.17
31/05/2018,1353170,42091980000,32(6.84 %),1427990,44441330000,74820,2349350000,229338938,54.14
01/06/2018,1021440,33089520000,32.35(1.09 %),2647780,85729830000,1626340,52640310000,227084478,54.59
04/06/2018,60830,1623280000,33.4(3.25 %),1077720,35243090000,1016890,33619810000,227052238,54.6
05/06/2018,96810,3228260000,33.5(0.30 %),247340,8211610000,150530,4983350000,226879718,54.63
06/06/2018,542990,18225790000,33.9(1.19 %),580200,19475020000,37210,1249230000,227925858,54.42
07/06/2018,482080,16341160000,33.35(-1.62 %),943280,31858980000,461200,15517820000,227499468,54.51
08/06/2018,360620,12094830000,34(1.95 %),472110,15828240000,111490,3733410000,227177888,54.57
11/06/2018,532840,18285210000,34.05(0.15 %),709600,24366210000,176760,6081000000,226505498,54.7
12/06/2018,613850,20576790000,33.6(-1.32 %),727810,24379340000,113960,3802550000,226238888,54.76
13/06/2018,224070,7561460000,33.95(1.04 %),326470,11010730000,102400,3449270000,226023908,54.8
14/06/2018,-1020860,-33943020000,32.6(-3.98 %),632360,21127220000,1653220,55070240000,225568308,54.89
15/06/2018,741840,24698880000,33.5(2.76 %),1588380,52842620000,846540,28143740000,224093888,55.19
18/06/2018,-549000,-17551750000,31.25(-6.72 %),264900,8626470000,813900,26178220000,223931388,55.22
19/06/2018,795510,23288710000,31(-0.80 %),1496750,44129150000,701240,20840440000,224087858,55.19
20/06/2018,-134230,-4319730000,31.5(1.61 %),584950,18168780000,719180,22488510000,224349448,55.14
21/06/2018,1108320,34252150000,30.9(-1.90 %),1152420,35614160000,44100,1362010000,224010928,55.2
22/06/2018,643090,19796620000,31.6(2.27 %),976190,30119440000,333100,10322820000,223735978,55.26
25/06/2018,303030,9692800000,31.65(0.16 %),385970,12343610000,82940,2650810000,224069188,55.19
26/06/2018,211650,6599930000,31.4(-0.79 %),453600,14147750000,241950,7547820000,223659690,55.27
27/06/2018,-398730,-12180300000,29.7(-5.41 %),343080,10668390000,741810,22848690000,223649710,55.28
28/06/2018,-330600,-9627430000,28.5(-4.04 %),152130,4416390000,482730,14043820000,223580520,55.29
29/06/2018,-283690,-8109617500,28.5(0.00 %),156170,4475211500,439860,12584829000,223864210,53.23
02/07/2018,-575590,-15372720000,27.5(-3.51 %),1755710,47560130000,2331300,62932850000,222652400,55.48
03/07/2018,-45950,-1135620000,25.8(-6.18 %),532370,14247840000,578320,15383460000,222602760,55.49
04/07/2018,697580,18405830000,27.25(5.62 %),1110480,29272180000,412900,10866350000,221932140,55.62
05/07/2018,518720,13660100000,26.85(-1.47 %),695710,18281040000,176990,4620940000,223567730,55.29
06/07/2018,-60280,-1682420000,28.6(6.52 %),666810,18334100000,727090,20016520000,223775300,55.25
09/07/2018,-31770,-879550000,27.8(-2.80 %),134000,3824720000,165770,4704270000,224054200,55.19
10/07/2018,231680,6490430000,27.65(-0.54 %),236780,6632750000,5100,142320000,223994410,55.21
11/07/2018,-949980,-24968070000,26(-5.97 %),191210,4999350000,1141190,29967420000,224234230,55.16
12/07/2018,-728510,-19242880000,26.1(0.38 %),122050,3207183000,850560,22450063000,224962740,53.01
13/07/2018,116420,3331220000,27.45(5.17 %),637210,17267200000,520790,13935980000,223645840,55.28
16/07/2018,119850,3272830000,27.3(-0.55 %),189500,5186830000,69650,1914000000,224597530,55.09
17/07/2018,-600570,-16353290000,27.8(1.83 %),268720,7313100000,869290,23666390000,225179370,54.97
18/07/2018,-435820,-12270980000,29.2(5.04 %),437090,12343950500,872910,24614930500,225615190,52.88
19/07/2018,487620,14155770000,28.9(-1.03 %),648610,18832380000,160990,4676610000,225084110,54.99
20/07/2018,368450,10511580000,29.15(0.87 %),559350,15949660000,190900,5438080000,225394050,54.93
23/07/2018,3270,88760000,28.15(-3.43 %),204220,5875972500,200950,5787212500,225390780,52.93
24/07/2018,-230830,-6421210000,27.4(-2.66 %),79880,2202810000,310710,8624020000,225743858,54.86
25/07/2018,-239330,-6494460000,26.5(-3.28 %),82060,2247130000,321390,8741590000,225852698,54.84
26/07/2018,46970,1337630000,27.7(4.53 %),703720,18841540000,656750,17503910000,225349928,54.94
27/07/2018,154590,4351800000,27.9(0.72 %),395690,11120580000,241100,6768780000,225264948,54.95
30/07/2018,453720,12865330000,28.6(2.51 %),601430,17024270000,147710,4158940000,224984908,55.01
31/07/2018,2295460,66423731000,28.9(1.05 %),2378040,68808035500,82580,2384304500,222689448,53.47
01/08/2018,454380,13371760000,29(0.35 %),539670,15874600000,85290,2502840000,222965048,55.41
02/08/2018,410680,11785650000,29.35(1.21 %),610130,17500320000,199450,5714670000,222552628,55.5
03/08/2018,-556800,-16419560000,29.05(-1.02 %),98130,2869590000,654930,19289150000,222537078,55.5
06/08/2018,434580,12548204000,28.6(-1.55 %),848380,24501650000,413800,11953446000,222102498,53.59
07/08/2018,654900,18924790000,28.95(1.22 %),798970,23095470000,144070,4170680000,221474468,55.71
08/08/2018,146320,4318400000,29.55(2.07 %),831620,24429970000,685300,20111570000,221928428,55.62
09/08/2018,80990,2421200000,29.6(0.17 %),402910,12068270000,321920,9647070000,221849978,55.64
10/08/2018,439700,13110590000,30.3(2.36 %),576590,17182510000,136890,4071920000,221417458,55.72
13/08/2018,850400,26240210000,31.5(3.96 %),1070570,33000910000,220170,6760700000,220431538,55.92
14/08/2018,-338000,-10521130000,31(-1.59 %),16890,525020000,354890,11046150000,220525912,55.9
15/08/2018,7110,213170000,30(-3.23 %),39600,1210020000,32490,996850000,220623202,55.88
16/08/2018,-1351740,-39942890000,29.8(-0.67 %),238920,7038990000,1590660,46981880000,220624452,55.88
17/08/2018,-1237420,-37270325500,29.7(-0.34 %),30630,921097000,1268050,38191422500,221861872,53.63
20/08/2018,-776580,-22972920000,29.15(-1.85 %),119530,3528170000,896110,26501090000,220861679,55.83
21/08/2018,-807790,-23935990000,30.6(4.97 %),15930,470280000,823720,24406270000,222386409,55.53
22/08/2018,-88970,-2724490000,30.2(-1.31 %),88370,2693180000,177340,5417670000,223566089,55.29
23/08/2018,-66850,-2038870000,30.55(1.16 %),132680,4028940000,199530,6067810000,224329519,55.14
24/08/2018,-121850,-3706523500,30.2(-1.15 %),21800,662362500,143650,4368886000,224451369,53.12
27/08/2018,281510,8749510000,30.85(2.15 %),570060,17637860000,288550,8888350000,224738719,55.06
28/08/2018,1948250,61543530000,31.7(2.76 %),2283380,72111170000,335130,10567640000,222654869,55.47
29/08/2018,1271060,40347570000,31.9(0.63 %),1312210,41648000000,41150,1300430000,221486309,55.71
30/08/2018,99630,3161470000,32.25(1.10 %),490660,15651310000,391030,12489840000,221584199,55.69
31/08/2018,487460,15596840000,31.6(-2.02 %),529570,16940220000,42110,1343380000,221389759,55.73
04/09/2018,-59740,-1863060000,30.7(-2.85 %),78660,2456890000,138400,4319950000,221352249,55.74
05/09/2018,-483170,-14763240000,30.9(0.65 %),253800,7754470000,736970,22517710000,221189486,55.77
06/09/2018,-277720,-8564920000,30.9(0.00 %),47140,1455250000,324860,10020170000,221184456,55.77
07/09/2018,213420,6700983000,31.5(1.94 %),648080,20211418500,434660,13510435500,220971036,53.81
10/09/2018,883480,27755730000,31.3(-0.63 %),1129560,35480070000,246080,7724340000,220282186,55.95
11/09/2018,1110370,35142130000,32.2(2.88 %),1132870,35851110000,22500,708980000,219474176,56.11
12/09/2018,-83410,-2664380000,31.7(-1.55 %),158180,5067950000,241590,7732330000,219750656,56.06
13/09/2018,-8170,-261280000,31.8(0.32 %),31940,1020740000,40110,1282020000,219964796,56.01
14/09/2018,259140,8345450000,32.1(0.94 %),297160,9568070000,38020,1222620000,219690147,56.07
17/09/2018,-140090,-4453960000,31.3(-2.49 %),69290,2206050000,209380,6660010000,219862447,56.03
18/09/2018,488680,15423490000,32(2.24 %),510940,16127990000,22260,704500000,219391625,56.13
19/09/2018,481730,15545380000,32.25(0.78 %),1219510,39336700000,737780,23791320000,218210147,56.36
20/09/2018,547200,17728530000,32.6(1.09 %),711520,23036620000,164320,5308090000,217707999,56.46
21/09/2018,-1162920,-38225970000,32.9(0.92 %),1391620,45849810000,2554540,84075780000,216338599,56.74
24/09/2018,-17960,-594090000,33.15(0.76 %),2080,68660000,20040,662750000,217074309,56.59
25/09/2018,78670,2598076750,32.95(-0.60 %),450250,14869506250,371580,12271429500,216995639,56.61
26/09/2018,83550,2759190000,33(0.15 %),130130,4302860000,46580,1543670000,219277939,56.15
27/09/2018,1015780,34024750000,33.6(1.82 %),1196320,40074280000,180540,6049530000,218119159,56.38
28/09/2018,-9760,-319933500,33.5(-0.30 %),96010,3235848000,105770,3555781500,218128919,56.38
01/10/2018,-55300,-1837590000,33.2(-0.90 %),62430,2086010000,117730,3923600000,218228826,56.36
02/10/2018,-130870,-4334350000,33.05(-0.45 %),70820,2346758500,201690,6681108500,218359696,56.33
03/10/2018,6390,202530000,33.35(0.91 %),157280,5224170000,150890,5021640000,218287036,56.35
04/10/2018,132180,4323940000,33.3(2.94 %),273780,8961180000,141600,4637240000,218130986,56.38
05/10/2018,524820,17347140000,32.6(-2.10 %),550330,18186910000,25510,839770000,217782346,56.45
08/10/2018,141690,4612930000,32.55(-0.15 %),386870,12584160000,245180,7971230000,217546373,56.5
09/10/2018,163850,5337100000,32.65(0.31 %),180760,5887970000,16910,550870000,217507213,56.5
10/10/2018,-433590,-14048540000,32.6(-0.15 %),222700,7273076500,656290,21321616500,217940803,56.42
11/10/2018,116860,3539304000,30.35(-6.90 %),757340,23070249000,640480,19530945000,217823943,56.44
12/10/2018,757670,23287285000,30.95(1.98 %),1042750,31807493000,285080,8520208000,217066273,56.59
15/10/2018,698480,21259270000,30.3(-2.10 %),933350,28435620000,234870,7176350000,215494963,56.91
16/10/2018,-577510,-17529550000,30.35(0.17 %),142660,4330030000,720170,21859580000,215992783,56.81
17/10/2018,123140,3768096500,30.8(1.48 %),361320,11109775500,238180,7341679000,215869643,56.83
18/10/2018,731920,22278950000,30.4(-1.30 %),753580,22945080000,21660,666130000,215397833,56.93
19/10/2018,232760,7019450000,30.15(-0.82 %),361580,10897538000,128820,3878088000,215165073,56.97
22/10/2018,-174680,-5317000000,30(-0.50 %),439340,13287920000,614020,18604920000,215555263,56.89
23/10/2018,434310,12563445500,29(-3.33 %),1199710,34936299500,765400,22372854000,215120953,56.98
24/10/2018,765260,21978060000,28.3(-2.41 %),808510,23224300000,43250,1246240000,213917523,57.22
25/10/2018,1384440,38356220000,28(-1.06 %),1754320,48403470000,369880,10047250000,212777223,57.45
26/10/2018,438360,12265400000,27.55(-1.61 %),734330,20559700000,295970,8294300000,212588293,57.49
29/10/2018,331650,9079060000,27.4(-0.54 %),568150,15555970000,236500,6476910000,212063393,57.59
30/10/2018,36410,1055424500,27.5(0.36 %),932770,25888814500,896360,24833390000,212026983,57.6
31/10/2018,-504610,-14379104000,28.65(4.18 %),305480,8673569500,810090,23052673500,212531593,57.5
01/11/2018,24710,762570000,28(-2.27 %),1039630,29552340000,1014920,28789770000,211347863,57.74
02/11/2018,-564160,-16079527000,28.8(2.86 %),482430,13829996000,1046590,29909523000,211912023,57.62
05/11/2018,644550,18200030000,28.9(0.35 %),965330,27387790000,320780,9187760000,211377553,57.73
06/11/2018,653040,18937905000,28.6(-1.04 %),925540,26826157500,272500,7888252500,210724513,57.86
07/11/2018,256090,7236990000,28.5(-0.35 %),317230,8967850000,61140,1730860000,212303793,57.54
08/11/2018,580860,16717610000,28.65(0.53 %),588460,16937340000,7600,219730000,211765113,57.65
09/11/2018,285920,8068350000,27.8(-2.97 %),286230,8077190000,310,8840000,211483883,57.71
12/11/2018,284130,7938280000,28.3(1.80 %),700300,19506450000,416170,11568170000,210844738,57.84
13/11/2018,-4660,-122450000,27.85(-1.59 %),105020,2926950500,109680,3049400500,210849398,57.84
14/11/2018,338640,9397860000,27.8(-0.18 %),380240,10551370000,41600,1153510000,210396388,57.93
15/11/2018,-13410,-368350000,27.6(-0.72 %),212940,5877160000,226350,6245510000,210599618,57.89
16/11/2018,-57750,-1600650000,27.7(0.36 %),51650,1433650000,109400,3034300000,210657648,57.87
19/11/2018,16860,483000000,28.5(2.89 %),34040,965620000,17180,482620000,210636208,57.88
20/11/2018,-6950,-193940000,28.4(-0.35 %),15010,425360000,21960,619300000,210847548,57.84
21/11/2018,252020,7167100000,28.9(1.76 %),312450,8893260000,60430,1726160000,210669628,57.87
22/11/2018,117110,3370370000,28.65(-0.87 %),214640,6174180000,97530,2803810000,210472168,57.91
23/11/2018,-74520,-2106350000,27.9(-2.62 %),117530,3337130000,192050,5443480000,210376598,57.93
26/11/2018,27560,767160160,27.8(-0.36 %),211110,5876457960,183550,5109297800,210349038,57.94
27/11/2018,604790,16970580000,27.95(0.54 %),609500,17102530000,4710,131950000,209683068,58.07
28/11/2018,265510,7408990000,28.2(0.89 %),274400,7657320000,8890,248330000,209600718,58.09
29/11/2018,699610,19968040000,28.3(0.35 %),728170,20783530000,28560,815490000,209076098,58.19
30/11/2018,221420,6263190000,28.5(0.71 %),367400,10413940000,145980,4150750000,208713408,58.26
03/12/2018,103260,3019750500,29.65(4.04 %),545860,16019376000,442600,12999625500,208320438,58.34
04/12/2018,-80160,-2356370000,29.45(-0.67 %),37980,1120230000,118140,3476600000,208311018,58.34
05/12/2018,339710,10006616500,29.5(0.17 %),527400,15503130500,187690,5496514000,207971308,58.41
06/12/2018,227240,6712600000,29.4(-0.34 %),803240,23649190000,576000,16936590000,207424958,58.52
07/12/2018,-308260,-9162170000,29.65(0.85 %),139980,4156910000,448240,13319080000,207403118,58.52
10/12/2018,-221440,-6494590000,29.25(-1.35 %),9310,273260000,230750,6767850000,207581498,58.49
11/12/2018,30,0,29.15(-0.34 %),21630,630790000,21600,630790000,208135868,58.38
12/12/2018,209990,6202868500,29.65(1.72 %),264500,7806571000,54510,1603702500,207925878,58.42
13/12/2018,627250,18731050000,29.7(0.17 %),788460,23535130000,161210,4804080000,207797428,58.45
14/12/2018,220330,6499900000,29.3(-1.35 %),309500,9124870000,89170,2624970000,207509528,58.5
17/12/2018,277630,7934990000,28.55(-2.56 %),584210,17105230000,306580,9170240000,207179828,58.57
18/12/2018,358510,10144990000,28.2(-1.23 %),720940,20348700000,362430,10203710000,206784568,58.65
19/12/2018,343000,9637840000,28.1(-0.35 %),681680,19155480000,338680,9517640000,206412058,58.72
20/12/2018,381680,11100060000,28.15(0.18 %),615930,17693310000,234250,6593250000,206279446,58.75
21/12/2018,-837610,-23353010000,27.85(-1.07 %),108580,3025350000,946190,26378360000,206333296,58.74
24/12/2018,209290,5602670000,27(-3.05 %),564340,15389100000,355050,9786430000,205887636,58.83
25/12/2018,408980,10838190000,26.85(-0.56 %),600940,15872550000,191960,5034360000,205344216,58.94
26/12/2018,99250,2677194500,26.65(-0.74 %),576690,15472901500,477440,12795707000,205244966,58.96
27/12/2018,211350,5776840000,27(1.31 %),286990,7835930000,75640,2059090000,205781776,58.85
28/12/2018,461580,12399400000,26.65(-1.30 %),461580,12399400000,0,0,205512156,58.9
02/01/2019,19890,534550500,26.5(-0.56 %),47910,1279883000,28020,745332500,206017326,58.8
03/01/2019,174820,4568815500,26(-1.89 %),240620,6270297000,65800,1701481500,205842506,58.84
04/01/2019,-197340,-5106610000,26(0.00 %),34220,879530000,231560,5986140000,205742486,58.86
07/01/2019,-139780,-3673314000,26.05(0.19 %),73560,1935852000,213340,5609166000,205882266,58.83
08/01/2019,-363230,-9325830000,25.7(-1.34 %),567750,14653700000,930980,23979530000,205444996,58.92
09/01/2019,-776910,-20103170000,25.75(0.19 %),78290,2013150000,855200,22116320000,205598266,58.89
10/01/2019,-501540,-12915050000,25.55(-0.78 %),37380,964670000,538920,13879720000,205774226,58.85
11/01/2019,412600,10789375000,26.15(2.35 %),806100,21062773500,393500,10273398500,205361626,58.93
14/01/2019,-229900,-5968620000,25.8(-1.34 %),11300,293310000,241200,6261930000,206743006,58.66
15/01/2019,-334830,-8666690000,26(0.78 %),85670,2220880000,420500,10887570000,207196256,58.57
16/01/2019,-525820,-13586306500,25.75(-0.96 %),81110,2104240500,606930,15690547000,207722076,58.46
17/01/2019,-451060,-11498190000,25.2(-2.14 %),16830,431890000,467890,11930080000,207483016,58.51
18/01/2019,-372480,-9367220000,25.15(-0.20 %),218040,5494960000,590520,14862180000,207685476,58.47
21/01/2019,-567300,-14480970000,25.6(1.79 %),82030,2073860000,649330,16554830000,208210376,58.36
22/01/2019,-95310,-2454310000,25.55(-0.20 %),196360,5038700000,291670,7493010000,208481921,58.31
23/01/2019,-294180,-7489780000,25.45(-0.39 %),192020,4910370000,486200,12400150000,208880421,58.23
24/01/2019,-213880,-5479712500,25.55(0.39 %),201150,5152833000,415030,10632545500,208989981,58.21
25/01/2019,280790,7392480000,26.2(2.54 %),804030,20955630000,523240,13563150000,208816241,58.24
28/01/2019,296040,7748260000,26.05(-0.57 %),372540,9743300000,76500,1995040000,208929901,58.22
29/01/2019,310220,8084950000,26.2(0.58 %),648950,16905870000,338730,8820920000,218555681,57.15
30/01/2019,149250,3893775500,26(-0.76 %),172440,4497865500,23190,604090000,207953681,59.23
31/01/2019,367130,9618742000,26.1(0.38 %),379280,9938312000,12150,319570000,207586551,59.3
01/02/2019,327790,8560431500,26.1(0.00 %),327960,8564858500,170,4427000,0,0.0
11/02/2019,624520,16596580000,26.9(3.07 %),636670,16917420000,12150,320840000,217691291,57.32
12/02/2019,832050,22614442000,27.15(0.93 %),847660,23035531500,15610,421089500,216848201,57.49
13/02/2019,264180,7234520000,27.2(0.18 %),1049410,28655220000,785230,21420700000,216233331,57.61
14/02/2019,406710,11055720000,27.1(-0.37 %),611550,16626040000,204840,5570320000,215833931,57.68
15/02/2019,-192200,-5169250000,26.85(-0.92 %),149900,4033720000,342100,9202970000,215699641,57.71
18/02/2019,-17390,-476230000,27.1(0.93 %),463900,12536950000,481290,13013180000,215594181,57.73
19/02/2019,104580,2833120000,27.25(0.55 %),359190,9781800000,254610,6948680000,215239831,57.8
20/02/2019,573600,15750163000,27.5(0.92 %),798360,21927658000,224760,6177495000,215708721,57.71
21/02/2019,1448880,40212624000,27.9(1.45 %),1543270,42836242500,94390,2623618500,214259841,57.99
22/02/2019,1328530,37371847000,28.25(1.25 %),1476840,41560397500,148310,4188550500,212931311,56.29
25/02/2019,1376730,39397050000,28.6(1.24 %),1581610,45249860000,204880,5852810000,211142511,58.6
26/02/2019,1287490,36551940500,28.5(-0.35 %),1414710,40160269500,127220,3608329000,210267091,58.78
27/02/2019,543900,15428284000,28.25(-0.88 %),600710,17043436500,56810,1615152500,209723191,58.88
28/02/2019,863740,24239430000,27.9(-1.24 %),1257030,35261060000,393290,11021630000,208487641,59.13
01/03/2019,191130,5357280500,28.2(1.08 %),317110,8890894000,125980,3533613500,208614861,59.1
04/03/2019,702440,20161670000,28.9(2.48 %),738190,21186660000,35750,1024990000,207616371,59.3
05/03/2019,441110,12698006500,28.8(-0.35 %),579110,16691827000,138000,3993820500,207471311,59.32
06/03/2019,300420,8642220000,28.8(0.00 %),425320,12223390000,124900,3581170000,206961211,59.42
07/03/2019,5840,204560000,28.75(-0.17 %),503560,14520430000,497720,14315870000,206493401,59.52
08/03/2019,814980,23302196000,28.45(-1.04 %),896830,25638633000,81850,2336437000,206377211,59.54
11/03/2019,551200,15693086500,28.6(0.53 %),670280,19072483000,119080,3379396500,205826011,59.65
12/03/2019,-179410,-5123924000,28.8(0.70 %),1313380,37604691000,1492790,42728615000,206005421,57.65
13/03/2019,373180,10928190000,29.4(2.08 %),516400,15100620000,143220,4172430000,205128981,59.78
14/03/2019,334510,9856520000,29.45(0.17 %),393020,11576750000,58510,1720230000,204855041,59.84
15/03/2019,732320,21590530000,29.5(0.17 %),892870,26318270000,160550,4727740000,204264961,59.95
18/03/2019,-406070,-11884429000,29.2(-1.02 %),1206900,35288099500,1612970,47172528500,204671031,57.91
19/03/2019,92380,2684030500,28.9(-1.03 %),226900,6612646000,134520,3928615500,204578651,59.89
20/03/2019,-43680,-1227433500,28.55(-1.21 %),353320,10104298240,397000,11331731740,204622331,57.92
21/03/2019,-40350,-1145973500,27.3(-4.38 %),328180,9251252500,368530,10397226000,204662681,57.91
22/03/2019,-331490,-9139070000,27.5(0.73 %),184780,5104310000,516270,14243380000,204221819,59.96
25/03/2019,188580,5061760000,26.8(-2.55 %),323490,8670650000,134910,3608890000,204197169,59.97
26/03/2019,-34470,-936046500,27.1(1.12 %),28780,781097500,63250,1717144000,204840061,59.84
27/03/2019,-201680,-5550830000,27.1(0.00 %),123120,3282870000,324800,8833700000,204881069,59.83
28/03/2019,188580,5115999000,27.05(-0.18 %),210420,5707329000,21840,591330000,204853161,59.84
29/03/2019,612240,16638796500,27.2(0.55 %),622790,16925114000,10550,286317500,204240921,59.96
01/04/2019,414390,11428580000,27.7(1.84 %),420780,11604750000,6390,176170000,204150043,59.98
02/04/2019,187010,5176667500,27.7(0.00 %),199790,5530714500,12780,354047000,204383813,59.93
03/04/2019,-90420,-2478460000,27.35(-1.26 %),120880,3317650000,211300,5796110000,203910843,60.02
04/04/2019,-224810,-6166650000,27.3(-0.18 %),81140,2227760000,305950,8394410000,203859893,60.03
05/04/2019,-1310,-34269000,27.5(0.73 %),205950,5651558000,207260,5685827000,204700353,59.87
08/04/2019,32700,916150000,27.8(1.09 %),1090060,30224120000,1057360,29307970000,203497143,60.1
09/04/2019,-85770,-2388662500,28(0.72 %),502590,14044402900,588360,16433065400,204753423,57.9
10/04/2019,-158050,-4332860000,27.45(-1.96 %),105100,2900580000,263150,7233440000,203753603,60.05
11/04/2019,-179080,-4897948000,27.25(-0.73 %),70860,1937966000,249940,6835914000,205090553,59.79
12/04/2019,-271370,-7358850000,27(-0.92 %),130250,3527860000,401620,10886710000,204114273,59.98
16/04/2019,-216770,-5795369500,26.75(-0.93 %),222380,5936004000,439150,11731373500,205578693,59.7
17/04/2019,-386730,-10336784000,26.55(-0.75 %),487520,13063014500,874250,23399798500,205965423,57.66
18/04/2019,-621930,-16254250000,26(-2.07 %),132870,3475670000,754800,19729920000,204361153,59.93
19/04/2019,-464190,-12093301500,26(0.00 %),40440,1057778500,504630,13151080000,207051543,59.41
22/04/2019,-463110,-11737670000,25.2(-3.08 %),134820,3421756500,597930,15159426500,207514653,59.32
23/04/2019,-769710,-19440650000,25.15(-0.20 %),192700,4865720500,962410,24306370500,208284363,59.17
24/04/2019,-115170,-2943591500,25.7(2.19 %),312490,7992283000,427660,10935874500,208399533,57.18
25/04/2019,-564530,-14382688000,25.5(-0.78 %),262020,6690230540,826550,21072918540,208964063,57.07
26/04/2019,-707320,-18103410000,25.8(1.18 %),330270,8453390000,1037590,26556800000,207512121,59.32
02/05/2019,-150080,-3878610500,25.6(-0.78 %),84470,2176364000,234550,6054974500,207739781,59.27
03/05/2019,17880,468750000,25.9(1.17 %),309800,8000010000,291920,7531260000,208147531,59.19
06/05/2019,-318370,-7988471000,25.2(-2.70 %),285130,7167734000,603500,15156205000,208040271,59.21
07/05/2019,-1555490,-39017459000,24.9(-1.19 %),307550,7709261500,1863040,46726720500,209595761,56.95
08/05/2019,-50870,-1255530000,24.7(-0.80 %),209930,5197270000,260800,6452800000,208894981,59.05
09/05/2019,-427980,-10539954000,24.6(-0.40 %),141340,3486381500,569320,14026335500,210074611,56.85
10/05/2019,-206270,-5115750000,25.05(1.83 %),41170,1019480000,247440,6135230000,211083013,58.62
13/05/2019,-8020,-200510000,25.2(0.60 %),67390,1697420000,75410,1897930000,211186423,58.6
14/05/2019,-1685010,-41979026500,25.05(-0.60 %),176220,4393711500,1861230,46372738000,211973911,56.48
15/05/2019,-75590,-1911333500,25.75(2.79 %),202370,5166287000,277960,7077620500,212049501,58.43
16/05/2019,41520,1082163500,25.55(-0.78 %),252980,6506210000,211460,5424046500,212007981,56.47
17/05/2019,625240,16041470000,25.7(0.59 %),707990,18169900000,82750,2128430000,212625263,58.31
20/05/2019,519220,13498520000,26.1(1.56 %),523490,13608500000,4270,109980000,212379733,58.36
21/05/2019,423480,11032200000,26.05(-0.19 %),446030,11621820000,22550,589620000,212030163,58.43
22/05/2019,744330,19374050000,26.05(0.00 %),780800,20324280000,36470,950230000,211332113,58.57
23/05/2019,153820,3985400000,26.05(0.00 %),268250,6941670000,114430,2956270000,211068133,58.62
24/05/2019,19620,455780000,25.55(-1.92 %),815150,21000640000,795530,20544860000,210555533,58.72
27/05/2019,-76530,-1942930000,25.35(-0.78 %),27980,713200000,104510,2656130000,210564023,58.72
28/05/2019,-516630,-13004287000,25.2(-0.59 %),90980,2291631500,607610,15295918500,211148693,58.6
29/05/2019,-108600,-2723050000,25.05(-0.60 %),119860,3005510000,228460,5728560000,210983143,58.64
30/05/2019,-291090,-7331060000,25.1(0.20 %),5010,124899000,296100,7455959000,211548383,58.53
31/05/2019,-243610,-6080830000,24.85(-1.00 %),188950,4718520000,432560,10799350000,211599703,58.52
03/06/2019,381960,9442430000,24.75(-0.40 %),532940,13171910000,150980,3729480000,211390223,58.56
04/06/2019,229870,5692510000,24.8(0.20 %),241660,5982946500,11790,290436500,211160353,58.6
05/06/2019,280590,7011675500,24.85(0.20 %),314560,7861440000,33970,849764500,210879763,58.66
06/06/2019,-275100,-6789000000,24.7(-0.60 %),319970,7870020000,595070,14659020000,211200273,58.59
07/06/2019,207550,5177460000,25.05(1.42 %),215900,5385930000,8350,208470000,210996166,58.63
10/06/2019,116270,2932822500,25.2(0.60 %),123530,3115661500,7260,182839000,210831043,58.67
11/06/2019,106760,2689750000,25.2(0.00 %),127040,3200380000,20280,510630000,211374636,58.56
12/06/2019,-136490,-3402180000,24.85(-1.39 %),90300,2254820000,226790,5657000000,211292686,58.58
13/06/2019,76480,1898980000,24.8(-0.20 %),137280,3404030000,60800,1505050000,211162666,58.6
14/06/2019,52620,1311812500,24.8(0.00 %),107420,2678252500,54800,1366440000,211382026,58.56
17/06/2019,-800,-20130000,24.6(-0.81 %),89020,2198820000,89820,2218950000,211213296,58.59
18/06/2019,-21910,-532624000,24.45(-0.61 %),28700,704898500,50610,1237522500,211404736,58.55
19/06/2019,322780,8004810000,24.8(1.43 %),392360,9727150000,69580,1722340000,210907838,58.65
20/06/2019,61390,1512349000,25.1(1.21 %),397500,9945740500,336110,8433391500,211020566,58.63
21/06/2019,-472030,-11834160000,25.1(0.00 %),497790,12526590000,969820,24360750000,210152978,58.8
24/06/2019,-468250,-11709880000,24.9(-0.80 %),751190,18859660000,1219440,30569540000,209471376,58.93
25/06/2019,117680,2920600000,24.85(-0.20 %),438440,10898680000,320760,7978080000,209419046,58.94
26/06/2019,211780,5256600500,24.8(-0.20 %),463190,11507628000,251410,6251027500,211631386,58.51
27/06/2019,349780,8628007500,24.6(-0.81 %),424670,10471931500,74890,1843924000,211281606,56.62
28/06/2019,314680,7763370000,24.8(0.81 %),399670,9859620000,84990,2096250000,210657716,58.7
01/07/2019,13998,360520000,25(0.81 %),190110,4749400000,176112,4388880000,210719016,58.69
02/07/2019,-89120,-2207650000,24.75(-1.00 %),23880,594150000,113000,2801800000,210770026,58.68
03/07/2019,-93300,-2310190000,24.85(0.40 %),51580,1278090000,144880,3588280000,210737256,58.68
04/07/2019,-153110,-3824018000,25.2(1.41 %),55990,1401576500,209100,5225594500,211244656,58.58
05/07/2019,626000,15865353500,25.35(0.60 %),742930,18823872000,116930,2958518500,210618656,58.71
08/07/2019,27960,705710000,25.1(-0.99 %),77960,1963840000,50000,1258130000,210294368,58.77
09/07/2019,98890,2472001500,25.05(-0.20 %),128890,3221526500,30000,749525000,210491806,58.73
10/07/2019,-43270,-1089857000,24.9(-0.60 %),48430,1210836000,91700,2300693000,210535076,58.72
11/07/2019,53580,1342760000,25.1(0.80 %),62380,1563620000,8800,220860000,210430702,58.74
12/07/2019,-3140,-75570000,25.05(-0.20 %),95830,2414722500,98970,2490292500,210484636,58.73
15/07/2019,33080,827542500,25(-0.20 %),48560,1214291500,15480,386749000,210451556,58.74
16/07/2019,190530,4770990000,25(0.00 %),190660,4774250000,130,3260000,210246154,58.78
17/07/2019,-39000,-1012380000,25.8(3.20 %),49530,1261350000,88530,2273730000,210295594,58.77
18/07/2019,-112930,-2888390000,25.55(-0.97 %),33530,860600000,146460,3748990000,210277544,58.77
19/07/2019,-48010,-1232260000,25.6(0.20 %),81540,2090720000,129550,3322980000,210196134,58.79
22/07/2019,-330,-6660000,25.05(-2.15 %),95550,2408850000,95880,2415510000,210189114,58.79
23/07/2019,151270,3809490000,25.1(0.20 %),216460,5447250000,65190,1637760000,210119114,58.81
24/07/2019,116690,2896220000,24.7(-1.59 %),133030,3304400000,16340,408180000,210115634,58.81
25/07/2019,-210750,-5179050000,24.35(-1.42 %),63960,1571880000,274710,6750930000,210147554,58.8
26/07/2019,3740,88319500,24.4(0.21 %),41980,1021583500,38240,933264000,210400346,58.75
29/07/2019,29720,721100000,24.1(-1.23 %),34220,830000000,4500,108900000,210152884,58.8
30/07/2019,9760,222765000,23.35(-3.11 %),119240,2846932000,109480,2624167000,210360866,58.76
31/07/2019,-4890,-122060500,23.2(-0.64 %),238620,5500088000,243510,5622148500,210365756,58.76
01/08/2019,56770,1326050000,23.3(0.43 %),81370,1898400000,24600,572350000,210031824,58.82
02/08/2019,209840,4815891500,23.05(-1.07 %),213940,4910184500,4100,94293000,209903354,58.85
05/08/2019,-65440,-1466885500,22.3(-3.25 %),77930,1759724500,143370,3226610000,209968794,58.83
06/08/2019,-193200,-4194666000,21.65(-2.91 %),238810,5182580500,432010,9377246500,210161994,58.8
07/08/2019,-634740,-13580580000,21.2(-2.08 %),91830,1981060000,726570,15561640000,209791004,58.87
08/08/2019,-1044640,-22083425000,21.2(0.00 %),217690,4587479900,1262330,26670904900,211841374,56.51
09/08/2019,-308630,-6727540000,22(3.77 %),105560,2320850000,414190,9048390000,210165648,58.8
12/08/2019,-75110,-1642625000,22.15(0.68 %),71730,1573665000,146840,3216290000,212225114,58.39
13/08/2019,-74150,-1615750000,21.85(-1.35 %),124400,2702530000,198550,4318280000,211835218,58.47
14/08/2019,-475780,-10403720000,21.8(-0.23 %),124780,2726130000,600560,13129850000,212124637,58.41
15/08/2019,-291510,-6203920000,21.85(0.23 %),189540,4045800000,481050,10249720000,212081937,58.42
16/08/2019,8660,245955000,22.25(1.83 %),167970,3796391000,159310,3550436000,213057894,58.23
19/08/2019,-123140,-2743760000,22.2(-0.22 %),4500,100430000,127640,2844190000,212708577,58.3
20/08/2019,-34590,-769270000,22.1(-0.45 %),47720,1057370000,82310,1826640000,213141907,58.21
21/08/2019,-211610,-4696839500,22.5(1.81 %),1900,41848000,213510,4738687500,213427234,58.16
22/08/2019,-383330,-8590788500,22.4(-0.44 %),5190,116577500,388520,8707366000,213810564,58.08
23/08/2019,-75720,-1684650000,22.3(-0.45 %),330,7340000,76050,1691990000,213503763,58.14
26/08/2019,-623180,-13489670000,21.6(-3.14 %),23320,504670000,646500,13994340000,213693953,58.1
27/08/2019,-474440,-10226780000,21.4(-0.93 %),39010,841530000,513450,11068310000,214043463,58.04
28/08/2019,25430,539220500,21.35(-0.23 %),80380,1714903000,54950,1175682500,214958474,57.86
29/08/2019,-252290,-5342003500,21.15(-0.94 %),99890,2126889500,352180,7468893000,215210764,57.81
30/08/2019,91030,1951648500,21.5(1.65 %),94310,2021742500,3280,70094000,215119734,57.82
03/09/2019,-67550,-1431980000,21.45(-0.23 %),462360,9869300000,529910,11301280000,214971473,57.85
04/09/2019,-20370,-428132500,21.4(-0.23 %),134590,2865290000,154960,3293422500,215080203,57.83
05/09/2019,-450330,-9574720000,21.3(-0.47 %),18710,400370000,469040,9975090000,215173633,57.81
06/09/2019,-36310,-772438500,21.1(-0.94 %),154210,3262984000,190520,4035422500,215566843,57.74
09/09/2019,-183090,-3827840000,20.9(-0.95 %),48030,1006870000,231120,4834710000,215352263,57.78
10/09/2019,-76520,-1612360000,20.7(-0.96 %),82340,1719070000,158860,3331430000,215738963,57.7
11/09/2019,-147160,-3051100000,20.75(0.24 %),229550,4758990000,376710,7810090000,215849933,57.68
12/09/2019,-265980,-5558141000,20.85(0.48 %),218620,4568147450,484600,10126288450,216239593,57.61
13/09/2019,139270,2968027500,21.35(2.40 %),139270,2968648500,0,621000,216100323,57.63
16/09/2019,-347160,-7477950000,21.45(0.47 %),208480,4513480000,555640,11991430000,216115643,57.63
17/09/2019,-229820,-4924281500,21.65(0.93 %),14150,303240500,243970,5227522000,218035383,57.25
18/09/2019,-142970,-3097920000,21.6(-0.23 %),266130,5785360000,409100,8883280000,217669693,57.32
19/09/2019,-297110,-6382854000,21.75(0.69 %),54680,1177821000,351790,7560675000,218475463,57.17
20/09/2019,-1762070,-37899530000,21.45(-1.38 %),84090,1817370000,1846160,39716900000,218253493,57.21
23/09/2019,-510210,-10953702000,21.35(-0.47 %),39750,859021500,549960,11812723500,220747743,56.72
24/09/2019,-5520,-127353500,21.65(1.41 %),525400,11305657500,530920,11433011000,220753263,56.72
25/09/2019,-364940,-7856462500,21.65(0.00 %),112950,2439468500,477890,10295931000,221118203,56.65
26/09/2019,84830,1757069000,22.65(4.62 %),701990,15635762500,617160,13878693500,221033373,56.67
27/09/2019,1090380,25098210000,23.2(2.43 %),1525810,35073030000,435430,9974820000,218835537,57.1
30/09/2019,246330,5711523500,23(-0.86 %),584980,13556571000,338650,7845047500,219696663,56.93
01/10/2019,-199810,-4594821500,23.15(0.65 %),1085420,24988215000,1285230,29583036500,219561517,56.95
02/10/2019,998560,23411700000,23.4(1.08 %),1395160,32687270000,396600,9275570000,218166357,57.23
03/10/2019,-259410,-6066430000,23.4(0.00 %),239310,5575550000,498720,11641980000,218465697,57.17
04/10/2019,-507820,-11260192500,21.6(-7.69 %),61400,1354698000,569220,12614890500,219330187,57.0
07/10/2019,116940,2496703500,21.1(-2.31 %),256970,5507157500,140030,3010454000,219213247,57.02
08/10/2019,-73830,-1581749000,21.4(1.42 %),62160,1324292500,135990,2906041500,219287077,57.01
09/10/2019,-58750,-1260270000,21.3(-0.47 %),43630,935340000,102380,2195610000,219726307,56.92
10/10/2019,181390,3879520000,21.3(0.00 %),345860,7397850000,164470,3518330000,219519077,56.96
11/10/2019,-102660,-2195074500,21.3(0.00 %),617370,13147097500,720030,15342172000,219267097,57.01
14/10/2019,-122370,-2622017000,21.75(2.11 %),702260,15243543500,824630,17865560500,219389467,56.99
15/10/2019,-116940,-2537022500,21.6(-0.69 %),297250,6442298000,414190,8979320500,219506407,56.96
16/10/2019,-62660,-1358850500,21.55(-0.23 %),350860,7582521000,413520,8941371500,219569067,56.95
17/10/2019,95190,2029413500,21.35(-0.93 %),306150,6555371500,210960,4525958000,219473877,56.97
18/10/2019,141570,3028609500,21.1(-1.17 %),305210,6515133500,163640,3486524000,219332307,57.0
21/10/2019,23870,502298000,20.8(-1.42 %),92780,1940654500,68910,1438356500,219308437,57.0
22/10/2019,-1050,-21250000,20.9(0.48 %),132500,2756510000,133550,2777760000,219700873,56.93
23/10/2019,-116520,-2430856500,20.8(-0.48 %),76840,1608181000,193360,4039037500,219426007,56.98
24/10/2019,-207250,-4390390000,21.3(2.40 %),100820,2118260000,308070,6508650000,219795413,56.91
25/10/2019,-122790,-2621890000,21.3(0.00 %),80140,1711510000,202930,4333400000,219848823,56.9
28/10/2019,-321950,-6878880000,21.25(-0.23 %),105190,2249180000,427140,9128060000,219936993,56.88
29/10/2019,-332900,-7095160000,21.15(-0.47 %),19810,421300000,352710,7516460000,220185603,56.83
30/10/2019,-247930,-5288716000,21.35(0.95 %),138750,2958474500,386680,8247190500,220658827,56.74
31/10/2019,435270,9306270000,21.35(0.00 %),1073400,22911900000,638130,13605630000,219603523,56.95
01/11/2019,-924400,-19848060000,21.5(0.70 %),204630,4394330000,1129030,24242390000,219751603,56.92
04/11/2019,-187200,-4072399000,21.75(1.16 %),816430,17766306000,1003630,21838705000,220143433,56.84
05/11/2019,113990,2482060000,21.8(0.23 %),818130,17839740000,704140,15357680000,219141861,57.04
06/11/2019,3960,96390000,21.7(-0.46 %),416950,9078640000,412990,8982250000,220003939,56.87
07/11/2019,138190,3045601500,22.05(1.61 %),211240,4639023000,73050,1593421500,219887293,56.89
08/11/2019,451830,9985026500,22.05(0.00 %),522030,11535370000,70200,1550343500,219435463,56.98
11/11/2019,-205720,-4495990000,21.7(-1.59 %),83330,1821480000,289050,6317470000,221158099,56.64
12/11/2019,-560960,-12197974500,21.65(-0.23 %),85290,1856359000,646250,14054333500,220202143,56.83
13/11/2019,-247220,-5355579500,21.65(0.00 %),32110,695557500,279330,6051137000,220449363,56.78
14/11/2019,-120260,-2595475000,21.45(-0.92 %),73000,1568300000,193260,4163775000,220569623,56.76
15/11/2019,-210500,-4464079500,21.1(-1.63 %),20780,442436000,231280,4906515500,220780123,56.72
18/11/2019,-168670,-3550130000,21(-0.47 %),69870,1470640000,238540,5020770000,222234945,56.43
19/11/2019,-242250,-5119966500,21.1(0.48 %),58900,1239495000,301150,6359461500,221191043,56.63
20/11/2019,-274790,-5770801000,20.9(-0.95 %),256170,5379125000,530960,11149926000,221465833,56.58
21/11/2019,-841540,-17167416000,20.4(-2.39 %),181400,3724460000,1022940,20891876000,222307373,56.42
22/11/2019,-94870,-1958380000,20.1(-1.47 %),213870,4323370000,308740,6281750000,222579215,56.36
25/11/2019,-371020,-7479520000,20.25(0.75 %),14790,298270000,385810,7777790000,223095385,56.26
26/11/2019,-1170080,-23626247000,20(-1.23 %),48890,985359000,1218970,24611606000,223943343,56.1
27/11/2019,-494210,-9889001500,19.85(-0.75 %),55860,1115620500,550070,11004622000,224437553,56.0
28/11/2019,-131250,-2608266000,19.85(0.00 %),92850,1845525500,224100,4453791500,224568803,55.97
29/11/2019,-220580,-4383600000,19.8(-0.25 %),10450,207300000,231030,4590900000,225723795,55.75
02/12/2019,-190090,-3771490000,19.5(-1.52 %),69160,1359370000,259250,5130860000,226204705,55.65
03/12/2019,50920,997358500,19.3(-1.03 %),96320,1873758500,45400,876400000,226222945,55.65
04/12/2019,239110,4675980000,19.8(2.59 %),272710,5329810000,33600,653830000,226290810,55.63
05/12/2019,-13650,-270420000,19.6(-1.01 %),24500,483481500,38150,753901500,225997485,55.69
06/12/2019,-30970,-606820000,19.5(-0.51 %),29640,581140000,60610,1187960000,226541760,55.59
09/12/2019,69230,1360540000,19.6(0.51 %),103180,2027050000,33950,666510000,226472180,55.6
10/12/2019,-380800,-7346128000,19.2(-2.04 %),86760,1673375000,467560,9019503000,226340025,55.63
11/12/2019,-17160,-341941000,19(-1.04 %),154330,2931090000,171490,3273031000,226357185,55.62
12/12/2019,-796060,-15213105500,19.4(2.11 %),71000,1356579500,867060,16569685000,227153245,55.47
13/12/2019,-279100,-5398580000,19.2(-1.03 %),51440,999020000,330540,6397600000,226709360,55.55
16/12/2019,-218240,-4172670000,19.05(-0.78 %),276500,5272430000,494740,9445100000,226826770,55.53
17/12/2019,-351290,-6551558500,18.65(-2.10 %),399820,7456643000,751110,14008201500,228001875,55.3
18/12/2019,-254800,-4688320000,18.4(-1.34 %),373930,6880312000,628730,11568632000,228256675,55.25
19/12/2019,-87230,-1578863000,18.1(-1.63 %),291990,5285019000,379220,6863882000,228343905,55.23
20/12/2019,-280620,-5135346000,18.3(1.10 %),329430,4564569000,610050,9699915000,228624525,55.18
23/12/2019,-389750,-7153730000,18.35(0.27 %),36170,665150000,425920,7818880000,228588936,55.18
24/12/2019,-18020,-330574500,18.35(0.00 %),86480,1582776500,104500,1913351000,229032295,55.1
25/12/2019,-163530,-2993239500,18.2(-0.82 %),3590,65602500,167120,3058842000,229195825,55.07
26/12/2019,98590,1796770000,18.25(0.27 %),181760,3310630000,83170,1513860000,229396262,55.03
27/12/2019,-120560,-2181255000,18.1(-0.82 %),184040,3340295500,304600,5521550500,229217795,55.06
30/12/2019,-156990,-2853730000,18.15(0.28 %),217940,3972120000,374930,6825850000,229265902,55.05
31/12/2019,-307430,-5577855500,18.05(-0.55 %),13530,244448000,320960,5822303500,229543245,55.0
02/01/2020,82490,1526500000,18.4(1.94 %),214340,3916420000,131850,2389920000,229425802,55.02
03/01/2020,-16240,-294160000,18.25(-0.82 %),87590,1614060000,103830,1908220000,229713142,54.96
06/01/2020,297210,5415110500,18.2(-0.27 %),470060,8563010000,172850,3147899500,229359172,55.03
07/01/2020,-82910,-1511998500,18.25(0.27 %),75890,1381888500,158800,2893887000,229442082,55.02
08/01/2020,128370,2275432000,17.75(-2.74 %),430470,7684464500,302100,5409032500,229313712,55.04
09/01/2020,-449140,-8050160000,17.95(1.13 %),190370,3415590000,639510,11465750000,229285642,55.05
10/01/2020,-102350,-1840930000,18.3(1.95 %),230440,4184890000,332790,6025820000,229214002,55.06
13/01/2020,65150,1193828500,18.3(0.00 %),97500,1788330500,32350,594502000,229800052,54.95
14/01/2020,156590,2884240000,18.4(0.55 %),173190,3188680000,16600,304440000,229887022,54.93
15/01/2020,56390,1037310000,18.4(0.00 %),59750,1099000000,3360,61690000,230160062,54.88
16/01/2020,221650,4171699000,19.1(3.80 %),246530,4635049500,24880,463350500,229365422,55.03
17/01/2020,730630,14061570000,19.25(0.79 %),1254540,24085960000,523910,10024390000,228712142,55.16
20/01/2020,206100,3947000000,19.25(0.00 %),261570,5009520000,55470,1062520000,228456032,55.21
21/01/2020,124950,2420740000,19.25(0.00 %),139120,2692770000,14170,272030000,228345292,55.23
22/01/2020,-91490,-1777900000,19.3(0.26 %),411410,7932030000,502900,9709930000,228457792,55.21
30/01/2020,-38140,-666500000,18.5(-4.15 %),253830,4740490000,291970,5406990000,228259432,55.25
31/01/2020,-283780,-5081450000,17.7(-4.32 %),201620,3622490000,485400,8703940000,228074082,55.29
03/02/2020,-19950,-337849000,17.05(-3.67 %),520330,8755248000,540280,9093097000,228576982,54.13
04/02/2020,-6980,-105930000,17(-0.29 %),285540,4871050000,292520,4976980000,228063082,55.29
05/02/2020,-535000,-9112199500,16.95(-0.29 %),145030,2465749500,680030,11577949000,229118962,55.08
06/02/2020,-183880,-3091060000,17.7(4.42 %),495790,8625790000,679670,11716850000,228451392,55.21
07/02/2020,173260,3089472000,17.7(0.00 %),330120,5865280000,156860,2775808000,229129582,55.08
10/02/2020,191570,3345987000,17.55(-0.85 %),231470,4042623000,39900,696636000,228938012,55.12
11/02/2020,109680,1927230500,17.45(-0.57 %),312290,5477210500,202610,3549980000,228828332,55.14
12/02/2020,-122050,-2164330000,17.8(2.01 %),84680,1498480000,206730,3662810000,229317782,55.04
13/02/2020,-4480,-73060000,17.6(-1.12 %),79060,1394240000,83540,1467300000,229278622,55.05
14/02/2020,92120,1626530000,17.8(1.14 %),100770,1778750000,8650,152220000,229387362,55.03
17/02/2020,-399900,-7102070000,17.65(-0.84 %),182790,3259080000,582690,10361150000,229416132,55.02
18/02/2020,-455510,-8004840000,17.55(-0.57 %),121760,2138800000,577270,10143640000,229377912,55.03
19/02/2020,71480,1263469000,17.6(0.28 %),309960,5447719000,238480,4184250000,229646672,54.98
20/02/2020,-149980,-2647325000,17.6(0.00 %),87120,1534821000,237100,4182146000,229796652,56.91
21/02/2020,52510,925600000,17.45(-0.85 %),247020,4338340000,194510,3412740000,239661392,53.92
24/02/2020,-28530,-418488000,16.25(-6.88 %),447950,7531819000,476480,7950307000,229772672,55.82
25/02/2020,-31820,-504950000,16.4(0.92 %),113910,1833530000,145730,2338480000,239575121,53.93
26/02/2020,-215460,-3488101000,16.1(-1.83 %),85110,1374414500,300570,4862515500,230019952,55.77
27/02/2020,-43100,-584360000,16.5(2.48 %),457990,7488580000,501090,8072940000,239781111,53.89
28/02/2020,-323700,-5160040000,15.9(-3.64 %),558330,8657360000,882030,13817400000,239806111,53.89
02/03/2020,-942490,-14930268500,15.8(-0.63 %),164350,2608692500,1106840,17538961000,239942331,53.86
03/03/2020,-706670,-11320554500,15.95(0.95 %),38020,612792000,744690,11933346500,240649001,53.73
04/03/2020,-206190,-3346340000,16.25(1.88 %),42210,688780000,248400,4035120000,240813831,53.7
05/03/2020,363440,6102690000,16.8(3.38 %),464770,7799650000,101330,1696960000,241455901,53.57
06/03/2020,-37650,-616024500,16.7(-0.60 %),410170,6820496000,447820,7436520500,240529401,53.75
09/03/2020,-82480,-1290720000,15.55(-6.89 %),120810,1879990000,203290,3170710000,241918011,53.48
10/03/2020,-814100,-12424850000,15.55(0.00 %),313490,4838930000,1127590,17263780000,241705842,53.52
11/03/2020,-366520,-5563020000,14.5(-6.75 %),176010,2601120000,542530,8164140000,241977652,53.47
12/03/2020,-182000,-2501160000,13.55(-6.55 %),136860,1857220000,318860,4358380000,242044082,53.46
13/03/2020,-1892320,-24634810000,13.3(-1.85 %),102650,1346630000,1994970,25981440000,243065572,53.26
16/03/2020,-601320,-7977520000,13.3(0.00 %),1850060,23413610000,2451380,31391130000,243166042,53.24
17/03/2020,-1126020,-15045730000,14.2(6.77 %),443920,5971500000,1569940,21017230000,243240982,53.23
18/03/2020,-1511880,-20931563500,13.7(-3.52 %),239530,3289833000,1751410,24221396500,247106041,52.49
19/03/2020,-541280,-7435570000,13.7(0.00 %),360320,4902100000,901600,12337670000,245672582,52.76
20/03/2020,-196390,-2630110000,13.85(1.09 %),933260,12919470000,1129650,15549580000,246109262,52.68
23/03/2020,-100730,-1318793000,12.9(-6.86 %),91790,1189270500,192520,2508063500,248915041,52.14
24/03/2020,-1167400,-14769367000,12.5(-3.10 %),84530,1076275000,1251930,15845642000,250082441,51.91
25/03/2020,-1300,6890000,13.35(6.80 %),220940,2888580000,222240,2881690000,249494662,52.03
26/03/2020,119550,1555690000,12.95(-3.00 %),241550,3147660000,122000,1591970000,249445632,52.04
27/03/2020,183560,2329895000,12.35(-4.63 %),205560,2615695000,22000,285800000,249780631,51.97
30/03/2020,-13230,-158650000,11.5(-6.88 %),95290,1105520000,108520,1264170000,250618952,51.81
31/03/2020,29770,343960000,11.6(0.87 %),128220,1483871000,98450,1139911000,249764091,51.97
01/04/2020,-300550,-3724840000,12.4(6.90 %),154400,1908230000,454950,5633070000,250480332,51.84
03/04/2020,-367150,-4834045500,13.25(6.85 %),228680,3024910500,595830,7858956000,251001882,51.74
06/04/2020,-94980,-1341802500,14.15(6.79 %),105350,1487363000,200330,2829165500,251096862,51.72
07/04/2020,-1243950,-17645410000,14.15(0.00 %),227080,3233530000,1471030,20878940000,250577692,51.82
08/04/2020,17120,297536500,14.35(1.41 %),271910,3829582500,254790,3532046000,252323692,51.48
09/04/2020,-863480,-11358678500,13.2(-8.01 %),237930,3130834500,1101410,14489513000,253187172,51.32
10/04/2020,160770,2155200000,13.3(0.76 %),219100,2933560000,58330,778360000,252109732,51.52
13/04/2020,156870,2088090000,13.15(-1.13 %),238370,3163690000,81500,1075600000,252122702,51.52
14/04/2020,53960,716801500,13.2(0.38 %),250320,3260230000,196360,2543428500,252815572,51.39
15/04/2020,-221980,-2951250000,13.35(1.14 %),69030,921860000,291010,3873110000,252963092,51.36
16/04/2020,260330,3502710000,13.35(0.00 %),597340,7991030000,337010,4488320000,252484482,51.45
17/04/2020,-113650,-1530249000,13.6(1.87 %),218600,2967807500,332250,4498056500,252890872,51.37
20/04/2020,287830,3937583000,13.7(0.74 %),430280,5875631500,142450,1938048500,252603042,51.43
21/04/2020,-662630,-8647131500,12.85(-6.20 %),102430,1343017000,765060,9990148500,253265672,51.3
22/04/2020,25530,318921500,13.3(3.50 %),317450,4094755500,291920,3775834000,253240142,51.31
23/04/2020,-286500,-3841196500,13.3(0.00 %),91350,1230197500,377850,5071394000,253526642,51.25
24/04/2020,-285720,-3763711000,13.25(-0.38 %),89340,1179632500,375060,4943343500,253812362,51.2
27/04/2020,-205020,-2699533000,13.1(-1.13 %),93410,1228346000,298430,3927879000,254017382,51.16
28/04/2020,-186200,-2393530000,12.95(-1.15 %),155710,2020150500,341910,4413680500,254203582,51.12
29/04/2020,-8310,-97685500,13(0.39 %),355870,4626063000,364180,4723748500,254211892,51.12
04/05/2020,-1091940,-13977784000,12.7(-2.31 %),25310,323572500,1117250,14301356500,253999412,51.16
05/05/2020,-633450,-8041712000,12.65(-0.39 %),9840,124894000,643290,8166606000,254632862,51.04
06/05/2020,-291790,-3733670000,12.95(2.37 %),291390,3753430000,583180,7487100000,254378962,51.09
07/05/2020,-382720,-4949876500,13.2(1.93 %),151080,1980158000,533800,6930034500,255307372,50.91
08/05/2020,-365160,-4937290000,13.5(2.27 %),312460,4243300000,677620,9180590000,255803762,50.81
11/05/2020,270710,3783590000,14.15(4.81 %),563230,7852460000,292520,4068870000,255826832,50.81
12/05/2020,-335510,-4748200000,14.2(0.35 %),114250,1612570000,449760,6360770000,256252622,50.73
13/05/2020,-171940,-2413342500,14.05(-1.06 %),105420,1484778500,277360,3898121000,255909272,50.79
14/05/2020,-136700,-1948830000,14.25(1.42 %),138810,1969030000,275510,3917860000,296986585,50.74
15/05/2020,-325100,-4592550000,13.95(-2.11 %),57740,825770000,382840,5418320000,297378605,50.68
18/05/2020,-343150,-4825370000,14.15(1.43 %),94220,1327450000,437370,6152820000,297561745,50.65
19/05/2020,-71800,-1033256000,14.3(1.06 %),52490,756486500,124290,1789742500,256786022,66.56
20/05/2020,37780,540412000,14.3(0.00 %),88440,1264951500,50660,724539500,256748242,66.57
21/05/2020,-63250,-899463500,14.35(0.35 %),90770,1302838500,154020,2202302000,256811492,66.56
22/05/2020,-243823,-3487724305,14.3(-0.35 %),91500,1331331000,335323,4819055305,257055315,66.51
25/05/2020,-285280,-4109720000,14.55(1.75 %),316760,4599790000,602040,8709510000,298202595,50.54
26/05/2020,-228930,-3477579500,15.35(5.50 %),288320,4383896000,517250,7861475500,257569525,66.41
27/05/2020,50340,911879500,14.9(-2.93 %),622130,9583818000,571790,8671938500,257519185,66.42
28/05/2020,-101750,-1521130000,14.85(-0.34 %),101590,1516900000,203340,3038030000,298274142,50.53
29/05/2020,-187350,-2758114000,14.8(-0.34 %),75440,1117278500,262790,3875392500,257808285,66.36
01/06/2020,-140040,-2141520000,15.2(2.70 %),383810,5821110000,523850,7962630000,298893019,50.43
02/06/2020,-65680,-1002671500,15.05(-0.99 %),593590,9017592000,659270,10020263500,299342509,58.38
03/06/2020,-94360,-1412510000,15.2(1.00 %),146520,2213690000,240880,3626200000,298612797,50.47
04/06/2020,-263130,-4110326500,15.7(3.29 %),497410,7876341000,760540,11986667500,299699999,58.31
05/06/2020,0,0,15.7(0.00 %),0,0,0,0,299699999,58.31
08/06/2020,-353040,-5678790000,16.05(2.23 %),64820,1041650000,417860,6720440000,299203888,50.38
09/06/2020,0,0,15.85(-1.25 %),0,0,0,0,300053039,58.24
10/06/2020,568780,9113179000,16(0.95 %),1024850,16308766000,456070,7195587000,299484259,58.35
11/06/2020,-318940,-4750420000,14.9(-6.88 %),806530,12714570000,1125470,17464990000,299449713,50.34
12/06/2020,1377300,20544088000,15.5(4.03 %),1742780,25924049000,365480,5379961000,298425899,58.55
15/06/2020,-533350,-7960657500,14.45(-6.77 %),179950,2694725000,713300,10655382500,298959249,58.45
16/06/2020,1099230,16639709000,15.2(5.19 %),1272450,19244168500,173220,2604459500,297860019,58.66
17/06/2020,-97860,-2120690160,15(-1.32 %),166840,1739219040,264700,3859909200,297957879,58.64
18/06/2020,85090,1281477000,15(0.00 %),222240,3324524500,137150,2043047500,297872789,58.66
19/06/2020,-485460,-7428575500,15.3(2.00 %),412760,6285176500,898220,13713752000,298358249,58.57
22/06/2020,-348230,-5294985500,15.2(-0.65 %),153480,2329616000,501710,7624601500,298706479,58.5
23/06/2020,102230,1687900000,16.1(5.92 %),478240,7688380000,376010,6000480000,298593639,50.48
24/06/2020,-319270,-5083290000,15.75(-2.17 %),105020,1687630000,424290,6770920000,299395869,50.34
25/06/2020,-22700,-345064500,15.8(0.32 %),98730,1556416000,121430,1901480500,298946219,58.45
26/06/2020,-222570,-3529970000,15.5(-1.90 %),160680,2523330000,383250,6053300000,300013139,50.24
29/06/2020,-242579,-3529976500,14.8(-4.52 %),160680,2523325000,403259,6053301500,299411368,58.36
30/06/2020,-222570,-3529976500,14.8(0.00 %),160680,2523325000,383250,6053301500,299633938,58.32
01/07/2020,-307800,-4586107500,15.3(3.38 %),295660,4468393000,603460,9054500500,300716179,58.11
02/07/2020,15290,233930000,15.15(-0.98 %),79490,1209430000,64200,975500000,302852028,49.77
03/07/2020,331680,5044745500,15.15(0.00 %),410050,6233704000,78370,1188958500,300369209,58.18
06/07/2020,651950,10144680000,15.6(2.97 %),781700,12124350000,129750,1979670000,302555792,49.82
07/07/2020,76750,1204990000,15.55(-0.32 %),208790,3274490000,132040,2069500000,302405742,49.85
08/07/2020,82910,1299929000,15.7(0.96 %),114730,1795419500,31820,495490500,299557599,58.34
09/07/2020,-805060,-12751929000,15.85(0.96 %),241480,3835005500,1046540,16586934500,300362659,58.18
10/07/2020,-2110200,-33674217500,15.95(0.63 %),116530,1859756920,2226730,35533974420,302472859,57.78
13/07/2020,-1174560,-18860614000,15.95(0.00 %),445950,7118758400,1620510,25979372400,303647419,57.55
14/07/2020,-229690,-3616850000,16.7(4.70 %),279360,4564070000,509050,8180920000,303111429,49.73
15/07/2020,-6160,-105725500,16.55(-0.90 %),180190,2997440000,186350,3103165500,303883269,57.5
16/07/2020,-44210,-717710000,16.6(0.30 %),296490,4921000000,340700,5638710000,306006659,49.25
17/07/2020,307860,5162180000,16.7(0.60 %),323360,5421370000,15500,259190000,306192349,49.22
20/07/2020,-196620,-3081452000,15.45(-7.49 %),232860,3662932500,429480,6744384500,303816239,57.52
21/07/2020,-2021360,-31034390000,15.25(-1.29 %),284420,4362720000,2305780,35397110000,306202119,49.22
22/07/2020,-118760,-1793176500,15.05(-1.31 %),298520,4567980000,417280,6361156500,305956359,57.11
23/07/2020,-336610,-5014180000,14.9(-1.00 %),108660,1630570000,445270,6644750000,306239919,49.21
24/07/2020,1094330,15600568500,14.3(-4.03 %),1176160,16790378500,81830,1189810000,305198639,57.25
27/07/2020,936420,12740589000,13.3(-6.99 %),944540,12850143000,8120,109554000,304262219,57.43
28/07/2020,510980,7070896500,14.2(6.77 %),708200,9816450000,197220,2745553500,303751239,57.53
29/07/2020,-989220,-13306699000,13.55(-4.58 %),428260,5803556500,1417480,19110255500,304740459,57.34
30/07/2020,-989220,-13306699000,13.75(1.48 %),428260,5803556500,1417480,19110255500,305729679,57.15
31/07/2020,71760,979690500,13.55(-1.45 %),146760,2001705000,75000,1022014500,305657919,57.16
03/08/2020,139780,1943887500,14.1(4.06 %),330780,4603793000,191000,2659905500,307570747,56.8
04/08/2020,478240,6806240000,14.35(1.77 %),807130,11500370000,328890,4694130000,306493837,49.17
05/08/2020,-119890,-1738837500,14.5(1.05 %),159140,2310262500,279030,4049100000,307212397,56.86
06/08/2020,-126680,-1823320000,14.35(-1.03 %),110050,1584820000,236730,3408140000,306537647,49.16
07/08/2020,-298330,-4263683000,14.25(-0.70 %),51550,739547000,349880,5003230000,307637407,56.78
10/08/2020,-120080,-1741200000,14.4(1.05 %),90260,1309740000,210340,3050940000,306948177,49.09
11/08/2020,-283370,-4125780000,14.7(2.08 %),10340,149080000,293710,4274860000,307174567,49.05
12/08/2020,-329850,-4818180000,14.65(-0.34 %),41040,599360000,370890,5417540000,307483407,49.0
13/08/2020,-45140,-647160000,14.85(1.37 %),364060,5375700000,409200,6022860000,307329687,49.03
14/08/2020,-457750,-6708840000,14.6(-1.68 %),37280,551170000,495030,7260010000,307586117,48.99
17/08/2020,-143370,-2062595000,14.5(-0.68 %),52980,764461500,196350,2827056500,309016967,56.52
18/08/2020,62490,916950000,14.4(-0.69 %),224630,3260058000,162140,2343108000,308954477,56.53
19/08/2020,4720,78703000,14.55(1.04 %),228080,3304471500,223360,3225768500,308949757,56.53
20/08/2020,-336260,-4845516500,14.35(-1.37 %),87710,1266190500,423970,6111707000,309286017,56.47
21/08/2020,-84990,-1231270000,14.7(2.44 %),103930,1519720000,188920,2750990000,308562970,48.82
24/08/2020,96370,1436460000,15(2.04 %),284240,4251570500,187870,2815110500,309274637,56.47
25/08/2020,-236250,-3547710000,15(0.00 %),50330,757440000,286580,4305150000,308875730,48.77
26/08/2020,-270850,-4105774500,15.05(0.33 %),116240,1752150500,387090,5857925000,309781737,56.37
27/08/2020,-247790,-3736310000,15.1(0.33 %),206290,3100180000,454080,6836490000,308967430,48.76
28/08/2020,-1433660,-21852800000,15.1(0.00 %),27500,420330000,1461160,22273130000,309226510,48.71
31/08/2020,-1052910,-15781555000,14.9(-1.32 %),53410,807071500,1106320,16588626500,312516097,55.84
01/09/2020,-194360,-2887470000,15.1(1.34 %),331200,4962920000,525560,7850390000,309680735,48.64
03/09/2020,153810,2330660000,15.25(0.99 %),431020,6553430000,277210,4222770000,310710875,48.47
04/09/2020,-128470,-1881240000,15.4(0.98 %),473190,7207430000,601660,9088670000,311344005,48.36
07/09/2020,-239590,-3726164500,15.35(-0.32 %),79300,1236529000,318890,4962693500,310226185,56.29
08/09/2020,12080,179230000,15.8(2.93 %),114880,1791540000,102800,1612310000,311956145,48.26
09/09/2020,279240,4403638500,15.85(0.32 %),335730,5294199500,56490,890561000,309934865,56.34
10/09/2020,-50640,-853481000,15.85(0.00 %),676740,10775114000,727380,11628595000,309985505,56.33
11/09/2020,219730,3487580000,15.75(-0.63 %),313160,4966360000,93430,1478780000,311654310,48.31
14/09/2020,27670,438050000,15.75(0.00 %),89900,1418970000,62230,980920000,311620908,48.32
15/09/2020,245140,3905395500,15.8(0.32 %),284170,4525910500,39030,620515000,309492965,56.43
16/09/2020,-104160,-1661000000,15.9(0.63 %),12520,198120000,116680,1859120000,312141146,48.23
17/09/2020,1602100,25527870000,16(0.63 %),2119120,33763540000,517020,8235670000,310077236,48.57
18/09/2020,414680,6759870000,16.3(1.88 %),1374180,22391880000,959500,15632010000,308740526,48.79
21/09/2020,2196880,36505810500,16.5(1.23 %),2315910,38476499000,119030,1970688500,305383465,57.22
22/09/2020,1952740,32288700000,16.55(0.30 %),2011770,33262110000,59030,973410000,305076546,49.4
23/09/2020,1645390,27468300000,16.7(0.91 %),1819130,30368876500,173740,2900576500,301785335,57.91
24/09/2020,676350,11274629500,16.55(-0.90 %),934740,15562844500,258390,4288215000,301108985,58.04
25/09/2020,-1266870,-20808100000,16.45(-0.60 %),24120,396020000,1290990,21204120000,303403316,49.68
28/09/2020,629850,10525180000,16.9(2.74 %),920420,15366920000,290570,4841740000,302656636,49.8
29/09/2020,145910,2456070000,16.75(-0.89 %),384790,6519380000,238880,4063310000,302530236,49.82
30/09/2020,321820,5407750000,16.95(1.19 %),390360,6554240000,68540,1146490000,303431436,49.68
01/10/2020,413000,7244986500,17.8(5.01 %),716370,12641590500,303370,5396604000,303722006,57.54
02/10/2020,1151820,20557626000,17.75(-0.28 %),1544550,27500505000,392730,6942879000,302570186,57.76
05/10/2020,376900,6789160000,18.25(2.82 %),710720,12806150000,333820,6016990000,301057786,50.07
06/10/2020,25220,449823500,18.15(-0.55 %),220510,3992980500,195290,3543157000,302168066,57.83
07/10/2020,340260,6104760000,17.85(-1.65 %),572720,10291870000,232460,4187110000,300960658,50.08
08/10/2020,486610,8668740000,17.85(0.00 %),664380,11831980000,177770,3163240000,300628958,50.14
09/10/2020,145990,2641890000,18(0.84 %),217970,3947810000,71980,1305920000,300606278,50.14
12/10/2020,762730,13750640000,17.85(-0.83 %),912480,16441250000,149750,2690610000,299926258,50.26
13/10/2020,-168210,-2988910000,17.55(-1.68 %),99460,1756390000,267670,4745300000,300004568,50.24
14/10/2020,289200,5203367500,18.1(3.13 %),385840,6920498000,96640,1717130500,300311486,58.19
15/10/2020,105970,1954740000,18.15(0.28 %),1913681,34840310000,1807711,32885570000,299143366,50.39
16/10/2020,-252850,-4591141000,18.15(0.00 %),134780,2446208500,387630,7037349500,300458366,58.16
19/10/2020,255490,4760300000,18.35(1.10 %),697300,12902267500,441810,8141967500,300202876,58.21
20/10/2020,-7890,-139440000,18.2(-0.82 %),355260,6479960000,363150,6619400000,298909116,50.43
21/10/2020,-770020,-13876230500,17.7(-2.75 %),273330,4919036000,1043350,18795266500,300980786,58.06
22/10/2020,-257980,-4524507000,18(1.69 %),444520,7874200500,702500,12398707500,301238766,58.01
23/10/2020,-965490,-17233275500,17.9(-0.56 %),7025574,125757614600,7991064,142990890100,302204256,57.83
26/10/2020,-602340,-10749300000,17.6(-1.68 %),96410,1721620000,698750,12470920000,300245080,50.2
27/10/2020,-698830,-11008462060,17.2(-2.27 %),4285408,2134781860,4984238,13143243920,303505426,57.58
28/10/2020,-386210,-6581881000,16.7(-2.91 %),35640,606331500,421850,7188212500,303891636,57.5
29/10/2020,1219830,20612020000,17.1(2.40 %),1364000,23024390000,144170,2412370000,301167920,50.05
30/10/2020,366800,6310187000,17.1(0.00 %),922930,15723127000,556130,9412940000,302305006,57.81
02/11/2020,96670,1652580000,17.15(0.29 %),190860,3251130000,94190,1598550000,301301070,50.03
03/11/2020,53470,920376000,17.35(1.17 %),266250,4599099500,212780,3678723500,301438460,57.98
04/11/2020,-1040280,-18199170000,17.5(0.86 %),598960,10472190000,1639240,28671360000,301191240,50.05
05/11/2020,-136380,-2375440000,17.25(-1.43 %),217050,3790170000,353430,6165610000,301065300,50.07
06/11/2020,-112720,-1931910000,17.15(-0.58 %),7150,122800000,119870,2054710000,301270930,50.03
09/11/2020,-1123530,-19679102500,17.5(2.04 %),252660,4418404000,1376190,24097506500,303851370,57.51
10/11/2020,-2191140,-39055250000,17.7(1.14 %),261400,4649820000,2452540,43705070000,302749540,49.79
11/11/2020,-2177440,-38418038000,17.5(-1.13 %),499200,8797949500,2676640,47215987500,308219950,56.67
12/11/2020,-1382640,-24246740000,17.5(0.00 %),207010,3637040000,1589650,27883780000,303539390,49.66
13/11/2020,-891350,-15666660000,17.8(1.71 %),231350,4086250000,1122700,19752910000,305760588,49.29
16/11/2020,19640,363690000,17.7(-0.56 %),192330,3443778000,172690,3080088000,310474300,56.24
17/11/2020,-457830,-8174054500,18.25(3.11 %),180880,3231316000,638710,11405370500,310932130,56.15
18/11/2020,-154080,-2842802500,18.4(0.82 %),141370,2607297500,295450,5450100000,311086210,56.12
19/11/2020,151510,2794665500,18.45(0.27 %),622860,11502961000,471350,8708295500,310934700,56.15
20/11/2020,30520,549531500,18.2(-1.36 %),230680,4209504000,200160,3659972500,310904180,56.15
23/11/2020,-300130,-5569760000,18.7(2.75 %),308090,5701740000,608220,11271500000,310608609,48.48
24/11/2020,62180,1171371000,18.95(1.34 %),309070,5833171500,246890,4661800500,311142130,56.11
25/11/2020,59020,1143870000,19.2(1.32 %),536240,10280140000,477220,9136270000,310438659,48.51
26/11/2020,-151380,-2865877000,19.15(-0.26 %),220990,4217221500,372370,7083098500,310590039,56.22
27/11/2020,451150,8710320000,19.35(1.04 %),514120,9925190000,62970,1214870000,310600739,48.49
30/11/2020,10000,191980000,19.25(-0.52 %),364900,7067570000,354900,6875590000,310713059,48.47
01/12/2020,32418,6252900000,19.4(0.78 %),60085,11556160000,27667,5303260000,310484579,48.51
02/12/2020,669950,13189270000,19.7(1.55 %),1091110,21466550000,421160,8277280000,309417869,48.68
03/12/2020,-189420,-3840606500,20.2(2.54 %),588010,11845171000,777430,15685777500,310604899,56.21
04/12/2020,-539980,-10879502000,20.05(-0.74 %),130520,2627183000,670500,13506685000,311144879,56.11
07/12/2020,-108000,-2150173500,20.55(2.49 %),798890,16379231000,906890,18529404500,311252879,56.09
08/12/2020,194980,4186819000,21.9(6.57 %),926950,19709895500,731970,15523076500,311057899,56.13
09/12/2020,-495850,-11329550000,22.7(3.65 %),461780,10493830000,957630,21823380000,309139512,48.73
10/12/2020,294960,6764665500,22.8(0.44 %),894400,20353723000,599440,13589057500,311258789,56.09
11/12/2020,-395380,-9078697000,23.55(3.29 %),473220,11000249000,868600,20078946000,311654169,56.01
14/12/2020,-304270,-7697585000,25.15(6.79 %),941320,23361298000,1245590,31058883000,311958439,55.95
15/12/2020,-3305920,-84075886500,25.5(1.39 %),547190,13913403500,3853110,97989290000,315264359,55.32
16/12/2020,-1545110,-39393120000,25.05(-1.76 %),156550,3954410000,1701660,43347530000,310048512,48.58
17/12/2020,-2074120,-51944740500,25.05(0.00 %),233730,5884567000,2307850,57829307500,318883589,54.62
18/12/2020,-985340,-26938980000,26.8(6.99 %),996540,25751300000,1981880,52690280000,313915115,47.94
21/12/2020,-457340,-12928850000,28.65(6.90 %),950950,27063160000,1408290,39992010000,314782525,47.79
22/12/2020,-759540,-22078230000,29.6(3.32 %),522480,15321350000,1282020,37399580000,316678625,47.48
23/12/2020,-29377,-8478110000,28.8(-2.70 %),89698,26036930000,119075,34515040000,317907393,47.27
24/12/2020,-97673,-27235350000,28.35(-1.56 %),59479,16679850000,157152,43915200000,318715193,47.14
25/12/2020,59570,17650000000,30.3(6.88 %),83651,24776220000,24081,7126220000,319108862,47.08
28/12/2020,-253690,-7987408500,32(5.61 %),773380,24703492000,1027070,32690900500,322014299,54.02
29/12/2020,-2358180,-74744873280,31.7(-0.94 %),449750,17224500000,2807930,91969373280,324372479,53.57
30/12/2020,28428,9010710000,31.5(-0.63 %),44550,14114730000,16122,5104020000,320754315,46.8
31/12/2020,116610,3797473500,33.1(5.08 %),268350,8724262000,151740,4926788500,320637705,54.28
04/01/2021,-816700,-27950500000,33.8(2.11 %),197300,6747305000,1014000,34697805000,323781665,53.68
05/01/2021,-37990,-12843970000,33.75(-0.15 %),14410,4864080000,52400,17708050000,323798789,46.3
06/01/2021,-47670,-16344860000,34(0.74 %),17190,5931860000,64860,22276720000,323778629,46.3
07/01/2021,-189030,-64003560000,34.4(1.18 %),44170,15055200000,233200,79058760000,324444929,46.19
08/01/2021,-218200,-74501300000,34.15(-0.73 %),15050,5157180000,233250,79658480000,324862429,46.12
11/01/2021,-44110,-14879210000,33.55(-1.76 %),25750,8646050000,69860,23525260000,325253461,46.06
12/01/2021,-35790,-11733160000,34.1(1.64 %),41750,14193420000,77540,25926580000,327091461,45.75
13/01/2021,-2240600,-75716845000,33.5(-1.76 %),142300,4810413000,2382900,80527258000,331750165,52.15
14/01/2021,-4670,-1874640000,35.35(5.52 %),93770,32269520000,98440,34144160000,329066555,45.42
15/01/2021,1019800,37182515000,36.95(4.53 %),2247700,81814634000,1227900,44632119000,330777065,52.33
18/01/2021,-2152700,-78707360000,36.3(-1.76 %),1730000,63292620000,3882700,141999980000,332929765,51.92
19/01/2021,177400,6863125000,33.8(-6.89 %),3489880,125286489000,3312480,118423364000,332752365,51.95
20/01/2021,-27470,-9570980000,33.3(-1.48 %),171460,56639510000,198930,66210490000,327513871,45.68
21/01/2021,-16000,-374215000,34.55(3.75 %),603000,20453220000,619000,20827435000,333043065,41.06
22/01/2021,-54700,-18510780000,33.75(-2.32 %),93240,31834310000,147940,50345090000,330903471,45.12
25/01/2021,30740,10239410000,33.7(-0.15 %),49470,16488080000,18730,6248670000,332398544,44.87
26/01/2021,-79330,-25763100000,32(-5.04 %),9940,3241960000,89270,29005060000,332983144,44.77
27/01/2021,46490,14533110000,29.8(-6.88 %),113410,35057780000,66920,20524670000,333491224,44.69
28/01/2021,88810,24834820000,27.75(-6.88 %),136370,38068770000,47560,13233950000,332316324,44.88
29/01/2021,1367800,38767625000,28.8(3.78 %),1958400,55198950000,590600,16431325000,331355165,52.22
01/02/2021,230400,6630455000,26.8(-6.94 %),644800,18221425000,414400,11590970000,336297630,51.27
02/02/2021,-329200,-8946115000,27.8(3.73 %),909100,24468140000,1238300,33414255000,331445364,52.21
03/02/2021,-83240,-24105300000,29.7(6.83 %),11320,3264880000,94560,27370180000,331160206,45.08
04/02/2021,-78090,-23296760000,29.7(0.00 %),23070,6924590000,101160,30221350000,331387706,45.04
05/02/2021,169600,5307605000,31.5(6.06 %),342900,10600505000,173300,5292900000,332889064,51.93
08/02/2021,-1662400,-51877565000,30.6(-2.86 %),83500,2615160000,1745900,54492725000,334551464,51.61
09/02/2021,-1555900,-47848795000,31.75(3.76 %),406200,12644025000,1962100,60492820000,336107364,51.31
17/02/2021,379000,12819640000,33.55(5.67 %),880000,29275870000,501000,16456230000,335728364,51.38
18/02/2021,-848400,-28086590000,33.3(-0.75 %),168800,5621070000,1017200,33707660000,336576764,51.22
19/02/2021,-207700,-6893030000,33.15(-0.45 %),173700,5791110000,381400,12684140000,336784464,51.18
22/02/2021,-1278600,-42353100000,32.85(-0.90 %),234200,7790965000,1512800,50144065000,338063064,50.93
23/02/2021,-37580,-12428810000,33.6(2.28 %),12570,4181350000,50150,16610160000,337406866,44.04
24/02/2021,-1640600,-54846110000,33.45(-0.45 %),77600,2634855000,1718200,57480965000,340079464,50.54
25/02/2021,-91960,-30620040000,33.45(0.00 %),17760,5929820000,109720,36549860000,339023950,43.77
26/02/2021,-46100,-15154030000,33.2(-0.75 %),23320,7708650000,69420,22862680000,339264250,43.73
01/03/2021,56560,19392320000,35(5.42 %),101780,34998940000,45220,15606620000,339964650,43.62
02/03/2021,55940,19774990000,35.05(0.14 %),152550,53668060000,96610,33893070000,339525850,43.69
03/03/2021,-443400,-15442015000,34.85(-0.57 %),54100,1880655000,497500,17322670000,340866450,50.39
04/03/2021,-689800,-23641000000,33.45(-4.02 %),28700,974590000,718500,24615590000,341556250,50.26
05/03/2021,-1290200,-42647415000,33.45(0.00 %),174700,5756625000,1464900,48404040000,342846450,50.01
08/03/2021,-75660,-25586950000,33.55(0.30 %),17160,5855780000,92820,31442730000,341650781,43.34
09/03/2021,-1085600,-35886230000,33.05(-1.49 %),34100,1127780000,1119700,37014010000,344688650,49.66
10/03/2021,-68910,-22531010000,33.1(0.15 %),6950,2274450000,75860,24805460000,343667581,43.0
11/03/2021,375200,12717930000,33.95(2.57 %),496300,16815400000,121100,4097470000,345002550,49.6
12/03/2021,16440,5580170000,33.5(-1.33 %),51850,17505850000,35410,11925680000,344651741,42.84
15/03/2021,-474500,-15834540000,33.2(-0.90 %),15100,502945000,489600,16337485000,345312650,49.54
16/03/2021,-676100,-22167660000,32.7(-1.51 %),143600,4701260000,819700,26868920000,345988750,49.41
17/03/2021,-41310,-13503050000,32.6(0.46 %),10460,3421970000,51770,16925020000,345609631,42.68
18/03/2021,-133700,-4430405000,33.3(2.15 %),184100,6135755000,317800,10566160000,346535550,49.3
19/03/2021,-2292600,-76792280000,33.3(0.00 %),73800,2490725000,2366400,79283005000,348828150,48.86
22/03/2021,-72360,-24186610000,33.4(0.30 %),1060,354650000,73420,24541260000,347130231,42.43
23/03/2021,-333800,-11000655000,32.9(-1.50 %),30100,991860000,363900,11992515000,349885550,48.66
24/03/2021,-39010,-12425990000,31.3(-4.86 %),13120,4223250000,52130,16649240000,349578403,42.02
25/03/2021,-2014700,-62973850000,30.8(-1.60 %),49400,1543935000,2064100,64517785000,352290350,48.2
26/03/2021,-82590,-25295090000,30.9(0.32 %),26660,8147210000,109250,33442300000,350346338,41.89
29/03/2021,-323200,-10085255000,31.4(1.62 %),327000,10239480000,650200,20324735000,353439450,47.98
30/03/2021,-71550,-22563310000,31.8(1.27 %),10820,3407950000,82370,25971260000,352508558,41.54
31/03/2021,-510600,-16244260000,31.75(-0.16 %),118900,3785040000,629500,20029300000,354665550,47.74
01/04/2021,318000,10659860000,33.95(6.93 %),738900,24353615000,420900,13693755000,354146035,47.84
02/04/2021,18950,6551900000,34.3(1.03 %),40230,13907160000,21280,7355260000,353828601,41.32
05/04/2021,702300,24596890000,35(2.04 %),820200,28736295000,117900,4139405000,353254235,48.01
06/04/2021,80620,2809105000,35(0.00 %),410400,14349615000,329780,11540510000,353173615,48.03
07/04/2021,38980,13765690000,35.35(1.00 %),68690,24255560000,29710,10489870000,353174349,41.43
08/04/2021,1450,737000000,35.2(-0.42 %),87660,31116980000,86210,30379980000,352746229,45.72
09/04/2021,90900,3238400000,35.25(0.14 %),518700,18348100000,427800,15109700000,352678415,57.13
12/04/2021,328700,11624905000,36.5(3.55 %),562300,19982135000,233600,8357230000,352349715,57.2
13/04/2021,853900,31399180000,35.6(-2.47 %),1075400,39421020000,221500,8021840000,351495815,57.36
14/04/2021,-45300,-1468575000,35.95(0.98 %),559100,19865035000,604400,21333610000,351541115,57.35
15/04/2021,-152500,-5235875000,34.85(-3.06 %),283900,10043050000,436400,15278925000,351693615,30.03
16/04/2021,33510,11557630000,34(-2.44 %),58860,20222740000,25350,8665110000,351524688,45.9
19/04/2021,17630,6057140000,34.8(2.35 %),56100,19226600000,38470,13169460000,351561088,45.9
20/04/2021,470100,16356015000,34.1(-2.01 %),998500,34721450000,528400,18365435000,350712115,57.51
22/04/2021,-460100,-15364055000,31.75(-6.89 %),366500,12125950000,826600,27490005000,351172215,57.42
23/04/2021,955200,30741565000,33(3.94 %),1169400,37649330000,214200,6907765000,350217015,57.61
26/04/2021,-51370,-16372130000,31.7(-3.94 %),41130,13361780000,92500,29733910000,350206372,46.11
27/04/2021,588100,18679440000,31.8(0.32 %),672500,21361820000,84400,2682380000,350142615,57.62
28/04/2021,209000,6654240000,32.1(0.94 %),594200,18985525000,385200,12331285000,349933615,57.66
29/04/2021,256200,8375780000,32.6(1.56 %),640600,20888900000,384400,12513120000,349677415,57.71
04/05/2021,-327300,-10561340000,32.9(0.92 %),305800,9763495000,633100,20324835000,350336551,57.58
05/05/2021,-37480,-12623750000,33.6(2.13 %),7520,2514690000,45000,15138440000,350333713,46.09
06/05/2021,-163170,-54366370000,32.85(-2.23 %),2380,794150000,165550,55160520000,350686313,46.03
07/05/2021,-219400,-7191280000,32.7(-0.46 %),66800,2184795000,286200,9376075000,352562451,57.16
10/05/2021,131230,45301730000,34.7(6.12 %),168340,57931920000,37110,12630190000,350011216,46.14
11/05/2021,73380,25721200000,34.2(-1.44 %),108660,37961320000,35280,12240120000,350564166,46.05
12/05/2021,-11450,-3860840000,34.8(1.75 %),32570,11250900000,44020,15111740000,350545772,46.05
13/05/2021,-152700,-5413365000,35.05(0.72 %),49600,1764080000,202300,7177445000,350783551,57.5
14/05/2021,-1251900,-44360065000,35.3(0.71 %),19300,683295000,1271200,45043360000,352035451,57.26
17/05/2021,-35640,-12665650000,35.45(0.42 %),15680,5609280000,51320,18274930000,351474545,45.91
18/05/2021,-20160,-7081580000,35.25(-0.56 %),12790,4530140000,32950,11611720000,351563945,45.9
19/05/2021,216800,7838940000,36(2.13 %),352000,12619385000,135200,4780445000,352376651,57.19
20/05/2021,796800,30414115000,38.5(6.94 %),1121800,42814135000,325000,12400020000,351579851,57.34
21/05/2021,82400,3323835000,39(1.30 %),359200,14233305000,276800,10909470000,351497451,57.36
24/05/2021,74550,29398350000,39.8(2.05 %),87730,34565520000,13180,5167170000,351085099,45.97
25/05/2021,258600,10568630000,40.9(2.76 %),554000,22316580000,295400,11747950000,350493351,57.55
26/05/2021,847800,34693830000,40.95(0.12 %),1045100,42770110000,197300,8076280000,349645551,57.72
27/05/2021,13600,5478570000,39.6(-3.30 %),87910,35361380000,74310,29882810000,349350105,46.24
28/05/2021,1347300,54754825000,41.8(5.56 %),1487100,60454280000,139800,5699455000,348162251,58.0
31/05/2021,118800,5118570000,44.4(6.22 %),314400,13582145000,195600,8463575000,348043451,59.47
01/06/2021,59220,26226930000,43.7(-1.58 %),79080,35118140000,19860,8891210000,348001445,46.45
02/06/2021,343700,15148445000,46(5.26 %),741100,32727885000,397400,17579440000,348448545,57.95
03/06/2021,117010,56795890000,48.9(6.30 %),157610,76445440000,40600,19649550000,346024645,46.75
04/06/2021,40860,20093630000,48.75(-0.31 %),125030,60936610000,84170,40842980000,344980145,46.91
07/06/2021,-784300,-35325385000,47.15(-3.28 %),1527700,73145715000,2312000,108471100000,347654145,58.1
08/06/2021,1304500,60970105000,44(-6.68 %),1572100,73380025000,267600,12409920000,346349645,58.35
09/06/2021,82440,36669860000,46.7(6.14 %),101810,45572980000,19370,8903120000,342521845,47.29
10/06/2021,191400,90493410000,47(0.64 %),207610,98123220000,16210,7629810000,342770611,47.25
11/06/2021,868500,42602430000,50.1(6.60 %),1055200,51795865000,186700,9193435000,342742745,59.04
14/06/2021,78260,40199690000,53(5.79 %),110170,56741270000,31910,16541580000,341115285,47.5
15/06/2021,100370,52566850000,52(-1.89 %),179520,94044160000,79150,41477310000,339482250,47.76
16/06/2021,-2288112,-114739495000,49.4(-5.00 %),110500,5517665000,2398612,120257160000,343244557,60.39
17/06/2021,807500,40527525000,50.5(2.23 %),1147700,57384610000,340200,16857085000,342417045,59.11
18/06/2021,-89690,-45249090000,50.5(0.00 %),56870,28790740000,146560,74039830000,339286160,47.79
21/06/2021,-1577800,-78427510000,49(-2.97 %),106600,5319875000,1684400,83747385000,344891745,59.22
22/06/2021,163100,8057710000,49.5(1.02 %),714500,35387439800,551400,27329729800,344728645,60.1
23/06/2021,-71200,-36073170000,49.9(0.81 %),39370,19721350000,110570,55794520000,349401372,46.84
24/06/2021,201870,100695890000,50.2(0.60 %),263450,131511290000,61580,30815400000,348451272,46.99
25/06/2021,56630,30133080000,53.7(6.97 %),92560,48667000000,35930,18533920000,347939325,47.07
28/06/2021,-315100,-16886160000,53.9(0.37 %),244200,13162630000,559300,30048790000,343170745,59.54
29/06/2021,-32100,-1749170000,54.6(1.30 %),619800,33736170000,651900,35485340000,343202845,59.54
30/06/2021,103490,56395490000,55(0.73 %),109960,59928550000,6470,3533060000,348078414,47.04
01/07/2021,261700,14843230000,57.5(4.55 %),340300,19255340000,78600,4412110000,348657714,58.5
02/07/2021,174400,10163690000,57.9(0.70 %),626600,36149500000,452200,25985810000,348483314,58.54
05/07/2021,-104340,-58269860000,56.5(-2.42 %),35820,20109380000,140160,78379240000,348081221,47.04
06/07/2021,-38300,-2204270000,52.6(-6.90 %),572400,32270900000,610700,34475170000,349565014,58.33
07/07/2021,1903700,101186900000,54.5(3.61 %),2116400,112401600000,212700,11214700000,347661314,58.69
08/07/2021,-64210,-34933130000,54.4(-0.18 %),23240,12676240000,87450,47609370000,347100421,47.19
09/07/2021,45200,2418040000,52.6(-3.31 %),284500,15387620000,239300,12969580000,348258214,58.58
12/07/2021,409780,201478480000,49.5(-5.89 %),433900,213438770000,24120,11960290000,343306839,47.77
13/07/2021,335600,17117315000,51.8(4.65 %),710100,35848225000,374500,18730910000,343824814,59.42
14/07/2021,1952100,98789310000,51(-1.54 %),2532000,128228385000,579900,29439075000,341872714,59.79
15/07/2021,289410,153680650000,53.7(5.29 %),301910,160192370000,12500,6511720000,338322239,48.53
16/07/2021,443000,23614870000,52.8(-1.68 %),935300,49827530000,492300,26212660000,338535614,60.42
19/07/2021,14200,6779490000,49.3(-6.63 %),40360,20053710000,26160,13274220000,337977739,48.58
20/07/2021,76420,40532710000,52.7(6.90 %),130180,67415010000,53760,26882300000,336828149,48.76
21/07/2021,-23260,-12136200000,51.5(-2.28 %),34570,18001910000,57830,30138110000,336982749,48.73
22/07/2021,-1018700,-53431290000,52.2(1.36 %),362100,18907950000,1380800,72339240000,338880714,60.36
23/07/2021,-767800,-39443940000,50.6(-3.07 %),416300,21403634900,1184100,60847574900,339648514,60.21
26/07/2021,-525300,-26537260000,50.8(0.40 %),181200,9154740000,706500,35692000000,340173814,60.11
27/07/2021,-70640,-37013710000,52(2.36 %),29850,15741020000,100490,52754730000,338677743,48.47
28/07/2021,8000,417940000,52.4(0.77 %),53900,2826580000,45900,2408640000,340872214,59.98
29/07/2021,86220,46203030000,54(3.05 %),89160,47775830000,2940,1572800000,339452143,48.36
30/07/2021,3254700,177320340000,54.6(1.11 %),3399800,185162170000,145100,7841830000,336755314,60.76
02/08/2021,2033900,111882520000,55(0.73 %),2186300,120288790000,152400,8406270000,337103153,48.71
03/08/2021,2206000,122287610000,56.5(2.73 %),2313400,128197680000,107400,5910070000,334897153,49.05
04/08/2021,2419800,137493000000,56.8(0.53 %),2687200,152659160000,267400,15166160000,332477353,49.42
05/08/2021,2643000,150915720000,57.5(1.23 %),2754200,157257880000,111200,6342160000,329834353,49.82
06/08/2021,2035900,116565820000,56.4(-1.91 %),2233500,127848790000,197600,11282970000,327798453,50.13
09/08/2021,827800,48613770000,59.3(5.14 %),1342400,79159410000,514600,30545640000,326970653,50.26
10/08/2021,-2499700,-148785070000,59.4(0.17 %),93700,5580440000,2593400,154365510000,329470353,49.88
11/08/2021,-5563400,-327535380000,57.7(-2.86 %),44500,2619570000,5607900,330154950000,335033753,49.03
12/08/2021,-871500,-50746130000,57.7(0.00 %),494400,28910150000,1365900,79656280000,335905253,48.9
13/08/2021,-8360600,-391081154800,59(2.25 %),272800,14072773900,8633400,405153928700,344265853,47.62
16/08/2021,-1083700,-66815840000,62.1(5.25 %),622400,38534600000,1706100,105350440000,345349553,47.46
17/08/2021,-449900,-27590860000,61.3(-1.29 %),78500,4830840000,528400,32421700000,345165653,47.49
18/08/2021,-4368800,-264899330000,60.2(-1.79 %),713200,43989620000,5082000,308888950000,349718353,46.8
19/08/2021,-11371500,-625468080000,62.7(4.15 %),25647345,1464483940000,37018845,2089952020000,361089853,45.07
20/08/2021,3037200,189171280000,62.5(-0.32 %),3379300,210480630000,342100,21309350000,358052653,45.53
23/08/2021,1085800,68430880000,63.4(1.44 %),1840200,115781360000,754400,47350480000,356966853,45.69
24/08/2021,2545300,155647200000,61.2(-3.47 %),3090800,188973450000,545500,33326250000,354421553,46.08
25/08/2021,3041900,186506120000,62(1.31 %),3708100,227155410000,666200,40649290000,351379653,46.54
26/08/2021,141800,8764820000,61.1(-1.45 %),830900,50749460000,689100,41984640000,351237853,46.56
27/08/2021,-136200,-8306830000,61.2(0.16 %),994300,60361340000,1130500,68668170000,351374053,46.54
30/08/2021,667000,41289340000,62.4(1.96 %),1390962,85882474400,723962,44593134400,350707053,46.64
31/08/2021,368000,22783990000,61.8(-0.96 %),631700,39177510000,263700,16393520000,350339053,46.7
01/09/2021,-88300,-5406360000,61.2(-0.97 %),244600,14982450000,332900,20388810000,347847068,47.08
06/09/2021,-530800,-32038490000,60(-1.96 %),979700,59287220000,1510500,91325710000,348377868,47.0
07/09/2021,-4089400,-247283100000,60.4(0.67 %),1253900,75785730000,5343300,323068830000,352467268,46.38
08/09/2021,-1830900,-81024295000,44.25(-26.74 %),121200,5356130000,1952100,86380425000,354298168,46.1
09/09/2021,-1329000,-58727995000,43.95(-0.68 %),945700,41716020000,2274700,100444015000,355627168,45.9
10/09/2021,-920400,-40425265000,43.8(-0.34 %),220900,9717040000,1141300,50142305000,356547568,45.76
13/09/2021,70100,3188550000,43.6(-0.46 %),1563200,67681230000,1493100,64492680000,356477468,45.77
14/09/2021,-1043000,-44981120000,42.5(-2.52 %),1041700,44338580000,2084700,89319700000,357520468,45.61
15/09/2021,-154800,-6549595000,42.9(0.94 %),242800,10327010000,397600,16876605000,357675268,45.58
16/09/2021,-651200,-27772800000,42.5(-0.93 %),144000,6186600000,795200,33959400000,358326468,45.49
17/09/2021,-4029700,-173174445000,43(1.18 %),423000,18245850000,4452700,191420295000,362356168,44.87
20/09/2021,-112900,-4821625000,42.8(-0.47 %),122000,5274000000,234900,10095625000,362469068,44.86
21/09/2021,-12200,-509240000,42.1(-1.64 %),87600,3715945000,99800,4225185000,362481268,44.85
22/09/2021,-231300,-9677345000,41.8(-0.71 %),38500,1615505000,269800,11292850000,362712568,44.82
23/09/2021,-217300,-9141580000,41.9(0.24 %),20600,868040000,237900,10009620000,362929868,44.79
24/09/2021,-181400,-7600385000,41.8(-0.24 %),70800,2968810000,252200,10569195000,363111268,44.76
27/09/2021,-1055700,-43491615000,40(-4.31 %),108200,4434825000,1163900,47926440000,364166968,44.6
28/09/2021,352500,14180745000,40.6(1.50 %),485500,19545045000,133000,5364300000,363814468,44.65
29/09/2021,-315400,-12665545000,40.1(-1.23 %),69300,2783195000,384700,15448740000,364129868,44.6
30/09/2021,100300,4298535000,40.65(1.37 %),877600,35641590000,777300,31343055000,364029568,44.62
01/10/2021,-541000,-21661055000,39.2(-3.57 %),2548334,96644301900,3089334,118305356900,364113222,44.61
04/10/2021,-113600,-4384920000,38.6(-1.53 %),56300,2154045000,169900,6538965000,364226822,44.59
05/10/2021,-377700,-15178245000,40.4(4.66 %),340100,13699495000,717800,28877740000,364604522,44.53
06/10/2021,-1238200,-49553790000,39.95(-1.11 %),24500,981150000,1262700,50534940000,365842722,0.0
07/10/2021,-619800,-25068700000,40.7(1.88 %),38700,1561520000,658500,26630220000,366462522,0.0
08/10/2021,-760500,-31017035000,40.85(0.37 %),73200,2981570000,833700,33998605000,367223022,0.0
11/10/2021,-450700,-16244310900,41.9(2.57 %),199100,8078655000,649800,24322965900,367673722,0.0
12/10/2021,-893000,-37131615000,41.4(-1.19 %),48600,2025810000,941600,39157425000,368566722,0.0
13/10/2021,-1689500,-69556775000,41(-0.97 %),88700,3674915000,1778200,73231690000,370256222,0.0
14/10/2021,-2945400,-120894185000,41(0.00 %),384100,15793770000,3329500,136687955000,373201622,0.0
15/10/2021,-872400,-35724530000,40.75(-0.61 %),59600,2449415000,932000,38173945000,374074022,0.0
18/10/2021,-2287700,-93362985000,40.85(0.25 %),42300,1719995000,2330000,95082980000,376361722,0.0
19/10/2021,-1682600,-69122495000,40.9(0.12 %),451700,18722890000,2134300,87845385000,378044322,0.0
20/10/2021,-2560100,-103246220000,40.3(-1.47 %),197900,7988205000,2758000,111234425000,380604422,0.0
21/10/2021,-2080100,-82928105000,39.7(-1.49 %),104500,4176610000,2184600,87104715000,380124422,0.0
22/10/2021,1306400,47709420000,39.2(-1.26 %),2098600,78894775000,792200,31185355000,378818022,0.0
25/10/2021,-182500,-7017855000,38.3(-2.30 %),114800,4441145000,297300,11459000000,379000522,0.0
26/10/2021,-358900,-13837695000,38.8(1.31 %),462300,17817105000,821200,31654800000,379359422,0.0
27/10/2021,777000,31295420000,40.4(4.12 %),1219700,48878285000,442700,17582865000,378582422,0.0
28/10/2021,0,0,40.8(0.99 %),0,0,0,0,378582422,56.76
29/10/2021,-293900,-11918050000,40.5(-0.74 %),77500,3145505000,371400,15063555000,378876322,0.0
01/11/2021,-3777600,-155376950000,41.4(2.22 %),621200,25647450000,4398800,181024400000,499800054,42.92
02/11/2021,-2169800,-91362350000,42.35(2.29 %),575100,24236770000,2744900,115599120000,501969854,42.67
03/11/2021,352300,14592240000,41.7(-1.53 %),1412800,59536295000,1060500,44944055000,501617554,0.0
04/11/2021,-4478200,-191103923000,43(3.12 %),609700,25634947000,5087900,216738870000,506448054,0.0
05/11/2021,-903900,-38932675000,42.9(-0.23 %),325300,13999205000,1229200,52931880000,502873754,0.0
08/11/2021,-5312600,-233902185000,44.5(3.73 %),405000,17978730000,5717600,251880915000,507282454,42.06
09/11/2021,-1132300,-49933120000,44.3(-0.45 %),250300,11085340000,1382600,61018460000,508414754,41.94
10/11/2021,0,0,44.7(0.90 %),0,0,0,0,508414754,54.4
11/11/2021,-797700,-35256705000,44.15(-1.23 %),270500,11946070000,1068200,47202775000,509212454,54.31
12/11/2021,-85200,-3793235000,44.6(1.02 %),66300,2937900000,151500,6731135000,509297654,48.28
15/11/2021,-7080100,-326252245000,45.8(2.69 %),1207100,55769660000,8287200,382021905000,516377754,47.56
16/11/2021,-42700,-1966720000,44.75(-2.29 %),177800,8031325000,220500,9998045000,516420454,47.56
17/11/2021,-1121700,-51383655000,45.85(2.46 %),296000,13508705000,1417700,64892360000,517542154,47.44
18/11/2021,-5959000,-289556265000,49.05(6.98 %),1657300,80730110000,7616300,370286375000,523501154,46.84
19/11/2021,-462300,-22828440000,48.5(-1.12 %),241900,11965890000,704200,34794330000,523963454,46.79
22/11/2021,-29900,-1428670000,48.6(0.21 %),275000,13440750000,304900,14869420000,523993354,46.79
23/11/2021,-3849800,-192305805000,52(7.00 %),108400,5384830000,3958200,197690635000,527843154,46.4
24/11/2021,-1759100,-93660740000,53.2(2.31 %),267300,14227500000,2026400,107888240000,529602254,46.22
25/11/2021,-204400,-10836990000,55(3.38 %),205500,11265050000,409900,22102040000,529806654,46.2
26/11/2021,-1260300,-68229840000,53.5(-2.73 %),67300,3664350000,1327600,71894190000,531066954,0.0
29/11/2021,-81100,-2604162000,55.3(3.36 %),1076300,57910321500,1157400,60514483500,531148054,0.0
30/11/2021,-1942550,-109031920000,55.9(1.08 %),301700,16918130000,2244250,125950050000,533009504,0.0
01/12/2021,-724600,-39966610000,55.2(-1.25 %),135900,7538050000,860500,47504660000,601614398,38.91
02/12/2021,-1028500,-56569050000,54(-2.17 %),257400,14186990000,1285900,70756040000,602642898,38.8
03/12/2021,122100,6247520000,50.5(-6.48 %),969400,50853310000,847300,44605790000,602520798,38.81
06/12/2021,2517900,128784520000,51(0.99 %),3566200,182390990000,1048300,53606470000,600002898,39.07
07/12/2021,155600,7978940000,52.2(2.35 %),618800,31961020000,463200,23982080000,599847298,39.09
08/12/2021,-913300,-47902130000,51.8(-0.77 %),362200,18833540000,1275500,66735670000,600760598,38.99
09/12/2021,422000,21847490000,53.8(3.86 %),598400,31085020000,176400,9237530000,600338598,0.0
10/12/2021,-340500,-18094250000,53(-1.49 %),377700,20022770000,718200,38117020000,600679098,39.0
13/12/2021,-611200,-32664470000,53.4(0.75 %),147200,7785640000,758400,40450110000,601290298,38.94
14/12/2021,-1197700,-63482400000,52.7(-1.31 %),71800,3808990000,1269500,67291390000,602487998,38.91
15/12/2021,187600,9826380000,51.7(-1.90 %),247800,12974780000,60200,3148400000,602300398,38.93
16/12/2021,-323600,-16217640000,50.9(-1.55 %),576700,29506260000,900300,45723900000,602623998,38.9
17/12/2021,-353200,-19276610000,52.5(3.14 %),1099300,56897580000,1452500,76174190000,602977198,38.86
20/12/2021,47500,2606090000,53.5(1.90 %),150800,8118090000,103300,5512000000,602929698,38.87
21/12/2021,-607200,-32132630000,52.5(-1.87 %),83900,4454360000,691100,36586990000,603536898,0.0
22/12/2021,-413200,-21343720000,51.1(-2.67 %),542500,27946390000,955700,49290110000,603950098,38.76
23/12/2021,269500,13363696500,49(-4.11 %),599100,29707571700,329600,16343875200,603680598,0.0
24/12/2021,-24500,-1204493500,49.05(0.10 %),72300,3554484900,96800,4758978400,603974598,0.0
27/12/2021,300900,14810255000,49.15(0.10 %),355700,17515250000,54800,2704995000,607451674,38.31
28/12/2021,64100,3164340000,48.8(-0.81 %),161900,7966380000,97800,4802040000,607387574,38.41
29/12/2021,61900,3080615000,49.65(1.74 %),131400,6535160000,69500,3454545000,607351440,38.32
30/12/2021,570200,29431850000,52.6(5.84 %),684800,35399430000,114600,5967580000,606764363,38.38
31/12/2021,-189500,-9833460000,51.8(-1.52 %),56300,2925570000,245800,12759030000,606777530,38.38
04/01/2022,-221600,-11674470000,53(2.32 %),49100,2577060000,270700,14251530000,606843052,38.38
05/01/2022,-47800,-2537690000,52.8(-0.38 %),111200,5908090000,159000,8445780000,606977646,38.36
06/01/2022,-184100,-9672850000,51.9(-1.70 %),121000,6357570000,305100,16030420000,607127422,38.35
07/01/2022,-21200,-1085920000,51.6(-0.58 %),63500,3286000000,84700,4371920000,607225872,38.34
10/01/2022,-129600,-9497055600,49.55(-3.97 %),135100,1983852000,264700,11480907600,607396872,38.32
11/01/2022,-4500,-341485000,48.1(-3.02 %),139200,6833070000,143700,7174555000,607342380,38.33
12/01/2022,526000,25999520000,50.5(4.99 %),669800,33064740000,143800,7065220000,606937589,38.37
13/01/2022,-888200,-44174110000,48.85(-3.27 %),237200,11814490000,1125400,55988600000,606852117,38.38
14/01/2022,-262500,-12785850000,48.7(-0.41 %),167400,8194615000,429900,20980465000,606816517,38.38
17/01/2022,759000,35389140000,45.3(-6.98 %),1029900,47924365000,270900,12535225000,606915212,38.37
18/01/2022,1200800,52063490000,42.3(-6.62 %),1735400,75560090000,534600,23496600000,605624762,38.5
19/01/2022,1244600,54781220000,43.85(3.66 %),1494900,65775815000,250300,10994595000,604418762,38.62
20/01/2022,-581300,-25691295000,45(-0.44 %),754200,34309375000,1335500,60000670000,604199064,38.64
21/01/2022,-1062500,-47293345000,44.55(-2.52 %),566100,25449440000,1628600,72742785000,603853165,38.68
24/01/2022,1320900,55783275000,41.45(-7.06 %),1434500,60645545000,113600,4862270000,603751690,38.69
25/01/2022,1773300,75059600000,42.8(3.13 %),2156500,91121745000,383200,16062145000,603223839,38.74
26/01/2022,-468900,-14705395200,42.45(-0.82 %),1430100,58409280000,1899000,73114675200,601925339,38.88
27/01/2022,937400,41212845000,43.4(2.12 %),1299000,56877955000,361600,15665110000,601003456,38.97
28/01/2022,1712700,76206690000,45.05(3.80 %),1873800,83271555000,161100,7064865000,601019056,38.97
07/02/2022,2863900,131547240000,45.85(1.66 %),3152600,144787980000,288700,13240740000,598216056,39.25
08/02/2022,91500,4254005000,45.65(-0.54 %),259100,11863305000,167600,7609300000,598118056,39.26
09/02/2022,-1437600,-65867555000,45.7(0.00 %),184700,8478685000,1622300,74346240000,598216085,39.25
10/02/2022,-1290200,-58389235000,45.1(-1.31 %),82800,3751195000,1373000,62140430000,598240885,39.25
11/02/2022,-900000,-40599285000,45.1(0.00 %),28700,1296050000,928700,41895335000,599786584,39.09
14/02/2022,443400,19742520000,43.6(-3.33 %),1122600,49766330000,679200,30023810000,600073984,39.06
15/02/2022,927600,41183835000,44.2(1.38 %),1276300,56477735000,348700,15293900000,599726496,39.1
16/02/2022,250200,11226430000,44.9(1.58 %),259200,11629055000,9000,402625000,600145835,39.06
17/02/2022,-316900,-14203930000,45(0.22 %),851300,38309250000,1168200,52513180000,599687127,39.1
18/02/2022,-1303200,-58714565000,45.2(0.44 %),296400,13388090000,1599600,72102655000,599399794,39.13
21/02/2022,180500,8373800000,46(1.77 %),447400,20597470000,266900,12223670000,600113394,39.06
22/02/2022,-388300,-17414055000,45(-2.17 %),67100,3029225000,455400,20443280000,601645894,38.9
23/02/2022,269400,12262615000,45.3(0.67 %),318700,14504470000,49300,2241855000,601594193,38.91
24/02/2022,-302700,-13543220000,44.6(-1.55 %),144900,6522330000,447600,20065550000,601880693,38.88
25/02/2022,-217000,-10221465000,45.7(2.47 %),953600,43488000000,1170600,53709465000,600940393,38.98
28/02/2022,31400,1417375000,45.7(0.00 %),187900,8620025000,156500,7202650000,601142593,38.95
01/03/2022,-432700,-19713125000,46(0.66 %),114500,5255010000,547200,24968135000,602198693,38.85
02/03/2022,-877700,-39631250000,44.8(-2.61 %),77000,3469435000,954700,43100685000,602278261,38.84
03/03/2022,-170800,-7649355000,45.5(1.56 %),58300,2621640000,229100,10270995000,602783393,38.79
04/03/2022,-128100,-5998645000,46.6(2.42 %),136000,6396950000,264100,12395595000,603602093,38.71
07/03/2022,84000,3910275000,46.8(0.43 %),412300,19188890000,328300,15278615000,603407993,38.72
08/03/2022,-1858200,-88079775000,47(0.43 %),458300,21920130000,2316500,109999905000,603199489,38.75
09/03/2022,-464100,-21694265000,46.6(-0.85 %),187400,8766090000,651500,30460355000,613325989,38.34
10/03/2022,-486400,-22833595000,46.6(0.00 %),45200,2125190000,531600,24958785000,615576789,38.12
11/03/2022,-454500,-20642795000,45(-3.43 %),89800,4087200000,544300,24729995000,616126491,38.06
14/03/2022,-1781699,-77604346550,43.2(-4.00 %),76700,3345615000,1858399,80949961550,616581516,38.02
15/03/2022,-1702200,-73876665000,43.3(0.23 %),22100,957190000,1724300,74833855000,617103815,37.96
16/03/2022,311800,13880005000,43.8(1.15 %),1262500,55450735000,950700,41570730000,617698577,37.9
17/03/2022,119600,5415315000,43.8(0.00 %),678400,30006970000,558800,24591655000,618744493,37.8
18/03/2022,-1060200,-45981755000,43.8(0.00 %),1613800,71162765000,2674000,117144520000,618081393,37.87
21/03/2022,743200,32770700000,44.3(1.14 %),987200,43500290000,244000,10729590000,617653141,37.91
22/03/2022,-34600,-1551290000,44.35(0.11 %),289200,12870430000,323800,14421720000,620037941,37.67
23/03/2022,-146900,-6524610000,44.2(-0.45 %),150000,6672850000,296900,13197460000,620120033,37.66
24/03/2022,-604600,-26573905000,43.8(-0.90 %),159600,7050535000,764200,33624440000,620266262,37.65
25/03/2022,-556100,-24250015000,43.45(-0.80 %),118700,5173435000,674800,29423450000,620426457,37.63
28/03/2022,-416300,-17791960000,42.25(-2.87 %),86800,3687465000,503100,21479425000,621103857,37.56
29/03/2022,-119800,-5116060000,42.65(0.83 %),7200,307490000,127000,5423550000,621771457,37.49
30/03/2022,32700,1496275000,42.3(-0.94 %),340600,14586695000,307900,13090420000,621933859,37.48
31/03/2022,-304700,-12944095000,42(-0.71 %),15500,656420000,320200,13600515000,622045359,37.47
01/04/2022,-342300,-14349740000,42.9(2.14 %),36000,1514145000,378300,15863885000,622335759,37.44
04/04/2022,1049800,47119340000,45(4.90 %),1409400,63152605000,359600,16033265000,621234559,37.55
05/04/2022,114600,5225135000,44.3(-1.56 %),329300,14815290000,214700,9590155000,621283591,37.54
06/04/2022,1478500,65898605000,44.6(0.68 %),1590300,70866265000,111800,4967660000,619896891,37.68
07/04/2022,-380800,-16950440000,44.05(-1.23 %),66800,2976795000,447600,19927235000,620277691,37.72
08/04/2022,-93400,-4044625000,43(-2.49 %),75800,3293030000,169200,7337655000,620050793,37.67
12/04/2022,-442100,-18612335000,41.8(-2.79 %),157100,6725670000,599200,25338005000,620492893,24.96
13/04/2022,-207100,-8593990000,42.55(1.79 %),72400,3014630000,279500,11608620000,620329293,37.64
14/04/2022,-153000,-6465485000,42(-1.41 %),78600,3346240000,231600,9811725000,620927132,37.58
15/04/2022,-1634800,-67539622500,40(-4.76 %),137400,5212417500,1772200,72752040000,621065682,37.57
18/04/2022,-843100,-32038090000,37.5(-6.25 %),410900,15490885000,1254000,47528975000,620880382,37.58
19/04/2022,-2045800,-76512585000,35(-6.67 %),728900,26530235000,2774700,103042820000,621945232,37.48
20/04/2022,978400,34570120000,35.2(0.57 %),1172000,41389080000,193600,6818960000,619948732,37.75
21/04/2022,-562999,-19894971825,36.05(2.41 %),644000,23045090000,1206999,42940061825,624341991,37.24
22/04/2022,-195600,-7147580000,36.05(0.00 %),684200,24664810000,879800,31812390000,623919691,37.28
25/04/2022,-344200,-12008690000,33.55(-7.06 %),253700,8792675000,597900,20801365000,624956991,37.17
26/04/2022,1070200,35582445000,34.5(2.68 %),1329300,44250515000,259100,8668070000,624507491,37.22
27/04/2022,-219700,-7506995000,34.4(-0.29 %),68800,2345560000,288500,9852555000,625072591,37.16
28/04/2022,-480200,-16347710000,33.5(-2.62 %),51500,1754455000,531700,18102165000,625284991,37.14
29/04/2022,-69400,-2322705000,33.55(0.15 %),577400,19405730000,646800,21728435000,625005091,37.17
04/05/2022,-38100,-1320145000,32(-4.76 %),150800,4911930000,188900,6232075000,625385991,37.13
05/05/2022,575000,17869605000,31(-3.12 %),639400,19943880000,64400,2074275000,624810991,37.26
06/05/2022,-215200,-6208520000,28.85(-6.94 %),784500,22632825000,999700,28841345000,624797791,37.19
09/05/2022,1172600,31484310000,26.85(-7.09 %),1437800,38604930000,265200,7120620000,623424466,37.33
10/05/2022,-445099,-12418262100,27.9(3.72 %),2193000,61184700000,2638099,73602962100,622231166,37.45
11/05/2022,-243900,-6715925000,27.7(-0.72 %),345500,9630505000,589400,16346430000,622475066,37.5
12/05/2022,39300,706215000,25.8(-6.86 %),425500,11032410000,386200,10326195000,622435766,37.5
13/05/2022,1026800,26396635000,25.8(0.00 %),2113100,54630505000,1086300,28233870000,622831359,37.39
16/05/2022,-2362400,-64493520000,27.3(5.81 %),1353400,36947820000,3715800,101441340000,621882159,37.48
17/05/2022,-5722300,-166805045000,29.15(6.78 %),777600,22667040000,6499900,189472085000,622194359,37.45
18/05/2022,-4422000,-126690300000,28.65(-1.88 %),1669700,47836905000,6091700,174527205000,624270113,37.24
19/05/2022,-2864300,-81632550000,28.5(-0.70 %),1661600,47355600000,4525900,128988150000,629120413,36.76
20/05/2022,-4771500,-135749175000,28.45(-0.18 %),282300,8031435000,5053800,143780610000,634929823,36.17
23/05/2022,-5679999,-150519973500,26.5(-7.02 %),804900,21329850000,6484899,171849823500,638654389,35.8
24/05/2022,-2763716,-77660419600,28.1(6.04 %),1140300,32042430000,3904016,109702849600,642597889,35.4
25/05/2022,-1523500,-43876800000,28.8(2.49 %),749200,21576960000,2272700,65453760000,648375498,34.82
26/05/2022,508000,14960600000,29.45(2.26 %),2186900,64404205000,1678900,49443605000,650092614,34.65
27/05/2022,648200,19381180000,29.9(1.36 %),1298200,38816180000,650000,19435000000,651067114,34.55
30/05/2022,243600,7283640000,29.9(0.00 %),442800,13239720000,199200,5956080000,652315214,34.42
31/05/2022,862000,25558300000,29.65(-0.84 %),1132300,33572695000,270300,8014395000,651859314,34.47
01/06/2022,-77600,-2293080000,29.55(-0.51 %),784500,23181975000,862100,25475055000,651274014,34.53
02/06/2022,-408200,-11837800000,29(-2.03 %),464900,13482100000,873100,25319900000,651079414,34.55
03/06/2022,-435900,-12750075000,29.25(0.86 %),1587400,46431450000,2023300,59181525000,650354114,34.62
06/06/2022,-996700,-28999745000,29(-1.02 %),530100,15500800000,1526800,44500545000,650697114,34.59
07/06/2022,149600,4218720000,28.2(-2.76 %),652500,18400500000,502900,14181780000,652067914,34.45
08/06/2022,239800,7026140000,29.3(3.90 %),948000,27776400000,708200,20750260000,652646925,34.39
09/06/2022,-626800,-18177200000,29(-1.02 %),187900,5449100000,814700,23626300000,652961925,34.36
10/06/2022,-8400,-233940000,27.85(-3.97 %),321300,8948205000,329700,9182145000,653348829,34.32
13/06/2022,-1411100,-36618045000,25.95(-6.99 %),100000,2595000000,1511100,39213045000,654033579,34.25
14/06/2022,63000,1534050000,24.35(-6.35 %),1044400,25431140000,981400,23897090000,653318879,34.32
15/06/2022,-132500,-3001125000,22.65(-7.17 %),611200,13843680000,743700,16844805000,654218516,34.23
16/06/2022,2465400,54608610000,22.15(-2.42 %),2628400,58219060000,163000,3610450000,652589516,34.4
17/06/2022,1987700,40946620000,20.6(-7.21 %),2586900,53290140000,599200,12343520000,650770312,34.58
20/06/2022,-1175400,-24264575000,19.2(-6.80 %),759600,14943665000,1935000,39208240000,650173712,34.64
21/06/2022,385800,7060140000,18.3(-4.69 %),2738900,50121870000,2353100,43061730000,648034012,34.85
22/06/2022,-1165900,-20636430000,17.7(7.27 %),42100,745170000,1208000,21381600000,649930412,34.66
23/06/2022,-853800,-15795300000,18.5(4.52 %),942000,17427000000,1795800,33222300000,651341512,34.52
24/06/2022,-1237400,-23015640000,18.6(0.54 %),164700,3063420000,1402100,26079060000,652404812,34.42
27/06/2022,-152200,-2991185000,19.85(6.72 %),426000,8221515000,578200,11212700000,653774711,34.28
28/06/2022,-871000,-17071600000,19.6(-1.51 %),290800,5699680000,1161800,22771280000,654886011,34.17
29/06/2022,-347800,-6881165000,19.75(0.77 %),133300,2641320000,481100,9522485000,655330812,34.12
30/06/2022,-14600,-274480000,18.8(-5.05 %),508100,9552280000,522700,9826760000,655984512,34.06
01/07/2022,-419700,-8268090000,19.7(4.79 %),783300,15431010000,1203000,23699100000,655682312,34.09
04/07/2022,364900,7498415000,20.2(2.54 %),860600,17610620000,495700,10112205000,655680812,0.0
05/07/2022,-630900,-12428730000,19.7(-2.48 %),52000,1024400000,682900,13453130000,656540912,34.0
06/07/2022,-1038100,-19723900000,19(-3.55 %),257100,4884900000,1295200,24608800000,656779512,33.98
07/07/2022,394500,7534950000,19.1(0.53 %),730500,13952550000,336000,6417600000,656731912,33.98
08/07/2022,-243900,-47017985000,20.4(6.81 %),345500,1127490000,589400,48145475000,656975812,0.0
11/07/2022,-2276900,-47017985000,20.65(1.23 %),54600,1127490000,2331500,48145475000,657275390,33.93
12/07/2022,-1184300,-24751870000,20.9(0.97 %),81000,1692900000,1265300,26444770000,662507990,33.4
13/07/2022,-2556400,-52917480000,20.7(-0.96 %),98700,2043090000,2655100,54960570000,664740685,33.18
14/07/2022,-782600,-16825900000,21.5(3.86 %),430400,9253600000,1213000,26079500000,665575651,33.09
15/07/2022,-1719200,-36275120000,21.1(-1.86 %),453300,9564630000,2172500,45839750000,667819451,32.87
18/07/2022,-519700,-10861730000,20.9(-0.95 %),138500,2894650000,658200,13756380000,668893951,32.76
19/07/2022,-1017300,-21007245000,20.65(-1.20 %),394100,8138165000,1411400,29145410000,670672351,32.58
20/07/2022,2653900,56528070000,21.3(2.90 %),3316300,70637190000,662400,14109120000,668014251,32.85
21/07/2022,3006700,64042710000,21.3(0.00 %),3129600,66660480000,122900,2617770000,666299551,33.02
22/07/2022,-853800,5718240000,20.9(-1.88 %),942000,21654490000,1795800,15936250000,665925851,33.06
25/07/2022,816800,16703560000,20.45(-2.15 %),1325800,27112610000,509000,10409050000,664726451,33.18
26/07/2022,1056700,21398175000,20.25(-1.22 %),1126400,22809600000,69700,1411425000,664374551,33.21
27/07/2022,1289700,26309880000,20.4(0.49 %),1299900,26517960000,10200,208080000,663635151,33.29
28/07/2022,2812400,59482260000,21.15(3.68 %),2840500,60076575000,28100,594315000,660864351,33.56
29/07/2022,6188500,132124475000,21.35(0.71 %),6258600,133621110000,70100,1496635000,654615951,34.19
01/08/2022,5092100,116099880000,22.8(6.54 %),5947500,135603000000,855400,19503120000,648696551,34.79
02/08/2022,7836700,181811440000,23.2(1.75 %),9310600,216005920000,1473900,34194480000,639456051,35.72
03/08/2022,4589100,108073305000,23.55(1.51 %),5405800,127306590000,816700,19233285000,634905651,36.17
04/08/2022,1571000,36997050000,23.55(-0.21 %),3358300,79087965000,1787300,42090915000,633021251,36.36
05/08/2022,6312100,156540080000,24.8(5.08 %),6401200,158749760000,89100,2209680000,627436751,36.93
08/08/2022,-842500,-20767625000,24.65(-0.60 %),1512100,37273265000,2354600,58040890000,627666951,36.9
09/08/2022,1458000,36158400000,24.8(0.40 %),1487800,36897440000,29800,739040000,626277251,37.04
10/08/2022,104100,2555655000,24.55(-1.01 %),631500,15503325000,527400,12947670000,628003991,36.87
11/08/2022,2751000,67124400000,24.4(-0.81 %),4082000,99600800000,1331000,32476400000,623951791,37.28
12/08/2022,386000,9611400000,24.9(2.05 %),867300,21595770000,481300,11984370000,623611891,37.31
15/08/2022,-1581100,-39132225000,24.75(-0.60 %),141300,3497175000,1722400,42629400000,624801591,37.19
16/08/2022,-860200,-21160920000,24.6(-0.81 %),192100,4725660000,1052300,25886580000,625090792,37.16
17/08/2022,-163700,-4018835000,24.55(-0.20 %),1505100,36950205000,1668800,40969040000,625280633,37.14
18/08/2022,3501300,87882630000,25.1(2.03 %),3736600,93788660000,235300,5906030000,622643833,37.41
19/08/2022,641500,16133725000,25.15(0.20 %),1298800,32664820000,657300,16531095000,623013833,37.37
22/08/2022,-1656800,-40922960000,24.7(-1.98 %),41700,1029990000,1698500,41952950000,623207515,37.35
23/08/2022,247000,6273800000,25.4(2.83 %),1395100,35435540000,1148100,29161740000,622425765,37.43
24/08/2022,-1431000,-36132750000,25.25(-0.59 %),223900,5653475000,1654900,41786225000,960474810,35.59
25/08/2022,-60500,-1542750000,25.5(0.79 %),289100,7372050000,349600,8914800000,961333906,35.53
26/08/2022,-832300,-20641040000,24.8(-2.75 %),375300,9307440000,1207600,29948480000,962623508,35.44
29/08/2022,551300,13451720000,24.4(-1.61 %),909600,22194240000,358300,8742520000,962063519,35.48
30/08/2022,-412700,-9884165000,23.95(-1.84 %),1080500,25877975000,1493200,35762140000,962218619,35.47
31/08/2022,402000,9648000000,24(0.00 %),1190600,28574400000,788600,18926400000,961386319,35.53
05/09/2022,-1450300,-34372110000,23.7(-1.25 %),318900,7557930000,1769200,41930040000,962560649,35.45
06/09/2022,-188300,-4472125000,23.75(0.21 %),578700,13744125000,767000,18216250000,962752549,35.43
07/09/2022,-1856000,-41852800000,22.55(-5.25 %),392400,8848620000,2248400,50701420000,964409349,35.32
08/09/2022,-1570000,-34618500000,22.05(-2.43 %),459700,10136385000,2029700,44754885000,964716682,35.3
09/09/2022,-779900,-17313780000,22.2(0.45 %),135600,3010320000,915500,20324100000,966582482,35.18
12/09/2022,-406986,-17313780000,21.85(-1.58 %),84862,3010320000,491848,20324100000,968527320,35.05
13/09/2022,-4900272,-11198241600,21.65(-1.14 %),177284,2119048400,5077556,13317290000,969265536,35.0
14/09/2022,2040587,-11198241600,21.95(1.15 %),4026203,2119048400,1985616,13317290000,965745181,35.23
15/09/2022,-1907606,44790884650,21.65(-1.59 %),353200,88375155850,2260806,43584271200,0,34.92
16/09/2022,1034362,21876756300,21.15(-2.53 %),1865532,39456001800,831170,17579245500,970589621,34.91
19/09/2022,-530973,-10566362700,19.9(-6.13 %),436400,8684360000,967373,19250722700,971120594,0.0
20/09/2022,768435,15906604500,20.7(4.02 %),844267,17476326900,75832,1569722400,972414930,34.79
21/09/2022,-325202,-6682901100,20.55(-0.72 %),1236100,25401855000,1561302,32084756100,972146203,34.8
22/09/2022,-532300,-11231530000,21.1(2.43 %),494000,10423400000,1026300,21654930000,971728035,34.83
23/09/2022,-1221000,-25213650000,20.65(-2.13 %),96400,1990660000,1317400,27204310000,973192937,34.73
26/09/2022,-3515684,-68555838000,19.5(-5.80 %),507616,9898512000,4023300,78454350000,973711621,34.7
27/09/2022,687724,13445004200,19.55(0.26 %),829264,16212111200,141540,2767107000,974204757,34.67
28/09/2022,96927,1914308250,19.75(0.77 %),461800,9120550000,364873,7206241750,977773257,34.43
29/09/2022,-39141,-755421300,19.3(-2.53 %),387800,7484540000,426941,8239961300,977526997,34.44
30/09/2022,940613,18624137400,19.8(2.59 %),3590321,71088355800,2649708,52464218400,974366349,34.66
03/10/2022,-1655944,-30552166800,18.45(-6.82 %),352108,6496392600,2008052,37048559400,974822782,34.63
04/10/2022,-3454494,-61489993200,17.8(-3.78 %),1015040,18067712000,4469534,79557705200,976484450,34.51
05/10/2022,132879,2478193350,18.65(4.78 %),2265480,42251202000,2132601,39773008650,976209522,34.53
06/10/2022,-866673,-15080110200,17.4(-6.95 %),444500,7734300000,1311173,22814410200,980263056,34.26
07/10/2022,321734,5405131200,16.8(-3.45 %),3394500,57027600000,3072766,51622468800,979231157,34.33
10/10/2022,497497,8656447800,17.4(3.57 %),1142400,19877760000,644903,11221312200,979454930,34.31
11/10/2022,-871022,-14110556400,16.2(-6.90 %),560570,9081234000,1431592,23191790400,981773126,34.16
12/10/2022,6094707,105133695750,17.25(6.48 %),6877986,118645258500,783279,13511562750,975540043,34.58
13/10/2022,1316735,23042862500,17.5(1.16 %),2156750,37743125000,840015,14700262500,974828885,34.62
14/10/2022,2227600,39874040000,17.9(2.29 %),5479700,98086630000,3252100,58212590000,970132464,34.94
17/10/2022,2470050,44460900000,18(0.56 %),2812000,50616000000,341950,6155100000,968174479,35.07
18/10/2022,-746379,-13285546200,17.8(-1.11 %),2253521,40112673800,2999900,53398220000,969173058,35.0
19/10/2022,-2028700,-35632865000,17.65(-0.84 %),1237400,22027145000,3266100,57660010000,971201758,34.91
20/10/2022,1278800,22643405000,17.4(-1.69 %),2114000,37213965000,835200,14570560000,966998787,35.2
21/10/2022,-3123500,-51120265000,16.2(-6.90 %),335100,5550265000,3458600,56670530000,972322902,34.84
24/10/2022,422100,6639475000,15.1(-6.79 %),1476900,22904375000,1054800,16264900000,971726302,34.88
25/10/2022,-2755900,-41012680000,15.05(-0.33 %),1776300,26476930000,4532200,67489610000,974482202,34.69
26/10/2022,-620700,-9417040000,14.85(-1.66 %),634600,9487175000,1255300,18904215000,974919302,34.67
27/10/2022,-1711600,-25890240000,15.85(6.38 %),770000,11979265000,2481600,37869505000,977415470,34.45
28/10/2022,-526929,-8378171100,15.9(0.00 %),573450,9117855000,1100379,17496026100,978115320,34.4
31/10/2022,246551,4018781300,16.3(2.52 %),749100,12210330000,502549,8191548700,979847868,34.29
01/11/2022,-2140700,-36284865000,16.95(3.99 %),435900,7388505000,2576600,43673370000,980410347,34.25
02/11/2022,-1515433,-25004644500,16.5(-2.94 %),366200,6042300000,1881633,31046944500,980546696,34.24
03/11/2022,2000500,33008250000,16.5(0.00 %),2275700,37549050000,275200,4540800000,980865596,34.22
04/11/2022,-740992,-11374227200,15.35(-6.97 %),695467,10675418450,1436459,22049645650,982069762,34.14
07/11/2022,3159315,45178204500,14.3(-7.14 %),3816340,54573662000,657025,9395457500,978582622,34.37
08/11/2022,2565790,38486850000,15(4.90 %),3626200,54393000000,1060410,15906150000,976482881,34.51
09/11/2022,21295,317295500,14.9(-0.67 %),696300,10374870000,675005,10057574500,976479606,34.51
10/11/2022,33531,466080900,13.9(-6.71 %),1318200,18322980000,1284669,17856899100,976266816,34.53
11/11/2022,7390927,104212070700,14.1(1.44 %),7534900,106242090000,143973,2030019300,969486121,34.98
14/11/2022,11166710,159125617500,14.25(1.06 %),11349810,161734792500,183100,2609175000,959519980,35.65
15/11/2022,7265711,100993382900,13.9(-2.80 %),11924800,165754720000,4659089,64761337100,950739153,36.24
16/11/2022,3819700,56722545000,14.85(6.83 %),4407000,65443950000,587300,8721405000,946515253,36.52
17/11/2022,6876800,108653440000,15.8(6.04 %),7935800,125385640000,1059000,16732200000,940328542,36.94
18/11/2022,-2778819,-45155808750,16.25(2.85 %),5616399,91266483750,8395218,136422292500,935355643,37.27
21/11/2022,241720,3891692000,16.1(-1.23 %),1147400,18473140000,905680,14581448000,935292643,37.28
22/11/2022,4086682,66817250700,16.35(1.55 %),6574500,107493075000,2487818,40675824300,937113361,37.15
23/11/2022,439425,6942915000,15.8(-3.66 %),1635100,25834580000,1195675,18891665000,936428941,37.2
24/11/2022,-529366,-8469856000,16(1.27 %),665200,10643200000,1194566,19113056000,938296559,37.07
25/11/2022,2041403,34907991300,17.1(6.88 %),2598503,44434401300,557100,9526410000,936938731,37.17
28/11/2022,7634643,139332234750,18.25(6.73 %),7935443,144821834750,300800,5489600000,929304088,37.73
29/11/2022,8088867,153284029650,18.95(3.55 %),8661413,164133776350,572546,10849746700,921215221,38.27
30/11/2022,6386904,122947902000,19.25(1.32 %),6787710,130663417500,400806,7715515500,914828317,38.7
01/12/2022,2174208,39570585600,18.2(-5.70 %),5457550,99327410000,3283342,59756824400,910116681,0.0
02/12/2022,5553812,108021643400,19.45(6.87 %),5796152,112735156400,242340,4713513000,904562869,39.39
05/12/2022,8776927,182560081600,20.8(6.67 %),9987250,207734800000,1210323,25174718400,895785942,0.0
06/12/2022,7469901,146036564550,19.55(-6.01 %),10126501,197973094550,2656600,51936530000,888316041,0.0
07/12/2022,2306837,44406612250,19.25(-1.79 %),2831000,54496750000,524163,10090137750,886009204,0.0
08/12/2022,1785709,36696319950,20.55(6.48 %),2072800,42596040000,287091,5899720050,887695935,40.47
09/12/2022,1522904,30838806000,20.25(-1.70 %),2426400,49134600000,903496,18295794000,885895698,40.59
12/12/2022,830988,15913420200,19.15(-5.67 %),2318980,44408467000,1487992,28495046800,881869603,40.91
13/12/2022,3274679,66803451600,20.4(6.25 %),5471346,111615458400,2196667,44812006800,878594924,0.0
14/12/2022,-1494316,-30035751600,20.1(-1.47 %),3116900,62649690000,4611216,92685441600,880089240,41.03
15/12/2022,1155056,23389884000,20.25(0.75 %),2538656,51407784000,1383600,28017900000,878934184,0.0
16/12/2022,4592800,94152400000,20.5(0.99 %),7332100,150308050000,2739300,56155650000,874341384,0.0
19/12/2022,-2073560,-42507980000,20.5(0.00 %),965740,19797670000,3039300,62305650000,876414944,41.28
20/12/2022,424549,8406070200,19.8(-3.41 %),3567100,70628580000,3142551,62222509800,875990395,41.31
21/12/2022,72350,1396355000,19.3(-2.53 %),1473600,28440480000,1401250,27044125000,875918045,41.31
22/12/2022,1298050,24792755000,19.1(-1.04 %),1780250,34002775000,482200,9210020000,874619995,41.4
23/12/2022,-21289,-389588700,18.3(-4.19 %),698000,12773400000,719289,13162988700,874641284,0.0
26/12/2022,535347,9127666350,17.05(-6.83 %),1771030,30196061500,1235683,21068395150,874105937,41.44
27/12/2022,2064966,37582381200,18.2(6.43 %),3009500,54772900000,944534,17190518800,872040971,41.57
28/12/2022,-1179747,-21412408050,18.15(-0.27 %),604598,10973453700,1784345,32385861750,873220718,0.0
29/12/2022,-362381,-6377905600,17.6(-3.30 %),1472169,25910174400,1834550,32288080000,874562098,41.35
30/12/2022,425300,7527810000,17.7(0.57 %),772800,13678560000,347500,6150750000,875573643,41.28
03/01/2023,568180,10738602000,18.9(6.78 %),1211180,22891302000,643000,12152700000,874362463,41.42
04/01/2023,579554,11011526000,19(0.53 %),1360400,25847600000,780846,14836074000,875220113,41.3
05/01/2023,1851580,35735494000,19.3(1.58 %),2132200,41151460000,280620,5415966000,873787913,41.4
06/01/2023,483100,9130590000,18.9(-2.07 %),1327750,25094475000,844650,15963885000,873440209,41.42
09/01/2023,967450,18381550000,19(0.53 %),1180100,22421900000,212650,4040350000,872597729,41.48
10/01/2023,920334,17394312600,18.9(-0.53 %),1351100,25535790000,430766,8141477400,871928079,41.53
11/01/2023,751604,14505957200,19.3(2.12 %),1365404,26352297200,613800,11846340000,870811325,41.6
12/01/2023,219692,4240055600,19.3(0.00 %),569400,10989420000,349708,6749364400,870672691,41.61
13/01/2023,208319,3999724800,19.2(-0.52 %),901220,17303424000,692901,13303699200,870421271,41.63
16/01/2023,667790,12955126000,19.4(1.04 %),904410,17545554000,236620,4590428000,869938569,41.66
17/01/2023,2659929,54262551600,20.4(5.15 %),2781202,56736520800,121273,2473969200,867904268,41.8
18/01/2023,5248102,107848496100,20.55(0.74 %),5870900,120646995000,622798,12798498900,862377988,42.17
19/01/2023,5792389,122798646800,21.2(2.91 %),8399102,178060962400,2606713,55262315600,854932959,42.67
27/01/2023,1521980,31885481000,20.95(-1.18 %),5153500,107965825000,3631520,76080344000,850402257,42.97
30/01/2023,3361293,70587153000,21(0.00 %),4048311,85014531000,687018,14427378000,848163859,43.12
31/01/2023,2662156,57502569600,21.6(2.86 %),3873605,83669868000,1211449,26167298400,847962774,43.13
01/02/2023,490932,9892279800,20.15(-6.71 %),2662832,53656064800,2171900,43763785000,845986960,43.27
02/02/2023,1373341,27672821150,20.15(-0.25 %),1461010,29439351500,87669,1766530350,845737399,43.28
03/02/2023,1031133,20364876750,19.75(-2.23 %),1624235,32078641250,593102,11713764500,846284964,43.25
06/02/2023,2147025,42940500000,20(1.01 %),2307625,46152500000,160600,3212000000,844065008,43.39
07/02/2023,-1001941,-19086976050,19.05(-4.75 %),2129860,40573833000,3131801,59660809050,842528250,43.5
08/02/2023,1327954,25895103000,19.5(2.09 %),2137521,41681659500,809567,15786556500,840551329,43.63
09/02/2023,907410,17558383500,19.35(-0.77 %),2626410,50821033500,1719000,33262650000,841056720,43.6
10/02/2023,-465400,-8842600000,19(-2.06 %),1267900,24090100000,1733300,32932700000,840598387,43.63
13/02/2023,-1017460,-18823010000,18.5(-2.63 %),459510,8500935000,1476970,27323945000,841857877,43.54
14/02/2023,563231,10645065900,18.9(2.16 %),774000,14628600000,210769,3983534100,842817177,43.48
15/02/2023,-1553564,-29673072400,19.1(1.06 %),513310,9804221000,2066874,39477293400,843879837,43.41
16/02/2023,-758000,-14781000000,19.5(2.09 %),275900,5380050000,1033900,20161050000,843814706,43.41
17/02/2023,818400,15917880000,19.45(-0.26 %),1983600,38581020000,1165200,22663140000,844688680,43.35
20/02/2023,1408410,29224507500,20.75(6.41 %),2061010,42765957500,652600,13541450000,843661570,43.42
21/02/2023,814800,16662660000,20.45(-1.68 %),1843200,37693440000,1028400,21030780000,842546470,43.5
22/02/2023,-1783243,-34416589900,19.3(-5.85 %),1085600,20952080000,2868843,55368669900,842350370,43.51
23/02/2023,-1639978,-32307566600,19.7(2.07 %),1424102,28054809400,3064080,60362376000,841601068,43.56
24/02/2023,-323516,-6146804000,19(-3.55 %),898100,17063900000,1221616,23210704000,841924584,0.0
27/02/2023,-4048883,-73892114750,18.25(-3.95 %),94602,1726486500,4143485,75618601250,846564189,43.23
28/02/2023,315340,5754955000,18.25(-0.27 %),4202540,76696355000,3887200,70941400000,843492365,43.43
01/03/2023,-3172319,-60115445050,18.95(3.55 %),1573566,29819075700,4745885,89934520750,846519584,43.23
02/03/2023,-485390,-9052523500,18.65(-1.84 %),1203910,22452921500,1689300,31505445000,848900974,43.07
03/03/2023,-1385985,-25571423250,18.45(-1.34 %),443515,8182851750,1829500,33754275000,852968344,42.8
06/03/2023,-3090,-57937500,18.75(1.35 %),1300710,24388312500,1303800,24446250000,853192434,42.78
07/03/2023,1148481,22280531400,19.4(3.19 %),1744250,33838450000,595769,11557918600,853020384,42.79
08/03/2023,1660900,32885820000,19.8(2.06 %),1981700,39237660000,320800,6351840000,852391684,42.84
09/03/2023,2793028,55301954400,19.8(0.00 %),4071401,80613739800,1278373,25311785400,848916052,43.07
10/03/2023,2744350,54338130000,19.8(0.00 %),2954750,58504050000,210400,4165920000,846226902,43.25
13/03/2023,4530155,89017545750,19.65(-0.76 %),6024774,118386809100,1494619,29369263350,841696747,0.0
14/03/2023,3148519,59979286950,19.05(-3.30 %),3766964,71760664200,618445,11781377250,837923937,43.81
15/03/2023,391924,7975653400,20.35(6.54 %),966024,19658588400,574100,11682935000,838359532,43.78
16/03/2023,606700,12225005000,20.15(-1.23 %),1944400,39179660000,1337700,26954655000,837033577,43.87
17/03/2023,5122000,103976600000,20.3(0.50 %),6207200,126006160000,1085200,22029560000,831400477,44.24
20/03/2023,-722182,-14082549000,19.5(-3.94 %),128100,2497950000,850282,16580499000,832592077,44.16
21/03/2023,-1872702,-6146804000,20(2.56 %),2641500,17063900000,4514202,23210704000,831035777,44.27
22/03/2023,298700,6026065000,19.85(-0.75 %),640800,12899000000,342100,6872935000,830737077,44.05
23/03/2023,1580500,31634710000,20.35(2.26 %),2063200,41435645000,482700,9800935000,829156577,44.16
24/03/2023,652800,13403810000,20.45(0.25 %),1569200,32177335000,916400,18773525000,828503777,44.2
27/03/2023,1660110,34862310000,21(2.44 %),2385310,50091510000,725200,15229200000,826843667,0.0
28/03/2023,427967,8901713600,20.8(-0.95 %),753000,15662400000,325033,6760686400,826415700,44.34
29/03/2023,-2129100,-44817555000,21.05(1.20 %),602400,12680520000,2731500,57498075000,830870750,44.28
30/03/2023,-3609399,-75616909050,20.95(-0.71 %),625100,13095845000,4234499,88712754050,830570683,44.3
31/03/2023,-1751651,-37660496500,21.5(2.38 %),2446210,52593515000,4197861,90254011500,830855973,44.28
03/04/2023,-4092161,-90027542000,22(2.33 %),1937660,42628520000,6029821,132656062000,833152812,44.13
04/04/2023,-1362363,-30653167500,22.5(2.27 %),1947053,43808692500,3309416,74461860000,845122620,43.72
05/04/2023,368000,8280000000,22.5(0.00 %),1365800,30730500000,997800,22450500000,849786641,43.39
06/04/2023,-987069,-21567457650,21.85(-2.89 %),629350,13751297500,1616419,35318755150,852466707,43.21
07/04/2023,1426100,32087250000,22.5(2.74 %),1465300,32969250000,39200,882000000,851999207,43.24
10/04/2023,1960667,43918940800,22.4(-0.44 %),2613300,58537920000,652633,14618979200,851002326,43.31
11/04/2023,-1832610,-41416986000,22.6(0.89 %),1914500,43267700000,3747110,84684686000,849127026,43.43
12/04/2023,-1170510,-25751220000,22(-2.65 %),308500,6787000000,1479010,32538220000,849472659,43.41
13/04/2023,-419850,-9131737500,21.75(-1.14 %),557250,12120187500,977100,21251925000,852662519,43.2
14/04/2023,-819289,-17368926800,21.2(-2.75 %),1372100,29088520000,2191389,46457446800,852769429,43.19
17/04/2023,982399,20974218650,21.35(0.71 %),1612899,34435393650,630500,13461175000,852133611,43.23
18/04/2023,627608,13650474000,21.75(1.64 %),1254900,27294075000,627292,13643601000,853070100,43.17
19/04/2023,1030750,21954975000,21.3(-2.29 %),2153250,45864225000,1122500,23909250000,851547350,43.27
20/04/2023,-311700,-6604455000,21.1(-0.94 %),235100,4992625000,546800,11597080000,851859050,43.31
21/04/2023,-2946200,-63785230000,21.65(2.61 %),961800,20822970000,3908000,84608200000,852100192,43.24
24/04/2023,-1314356,-28258654000,21.5(-0.92 %),242701,5218071500,1557057,33476725500,852404360,43.22
25/04/2023,543985,11478083500,21.1(-1.86 %),2682400,56598640000,2138415,45120556500,853593960,43.14
26/04/2023,-772893,-16501265550,21.35(1.18 %),6943673,148247418550,7716566,164748684100,853671617,43.13
27/04/2023,-1045900,-22236530000,21.15(-0.94 %),898800,19136045000,1944700,41372575000,854717517,43.12
28/04/2023,-1146900,-24600945000,21.55(1.89 %),3683100,78940235000,4830000,103541180000,855864417,43.04
04/05/2023,-813800,-17621180000,21.75(0.93 %),495300,10712905000,1309100,28334085000,853480365,43.2
05/05/2023,-1247100,-26885810000,21.45(-1.38 %),169000,3649425000,1416100,30535235000,859590730,42.74
08/05/2023,4240400,93949255000,22.3(3.96 %),5277900,116753375000,1037500,22804120000,855621930,43.0
09/05/2023,-639400,-14177745000,22.25(-0.22 %),443900,9894545000,1083300,24072290000,856468130,42.95
10/05/2023,1410700,31881245000,22.5(0.90 %),1912900,43074975000,502200,11193730000,855057430,43.1
11/05/2023,2833500,64262585000,22.4(-0.44 %),3215800,72917295000,382300,8654710000,853442344,43.15
12/05/2023,865400,19575165000,23.25(3.79 %),1238000,27966220000,372600,8391055000,852706544,43.2
15/05/2023,-1578600,-36535625000,22.9(-1.51 %),79000,1832700000,1657600,38368325000,854285144,43.15
16/05/2023,-284200,-6514355000,22.9(0.00 %),580500,13357765000,864700,19872120000,854569344,43.13
17/05/2023,-490400,-11142185000,22.45(-1.97 %),664000,15077525000,1154400,26219710000,855059744,43.1
18/05/2023,868000,19868510000,22.8(1.56 %),1024200,23415350000,156200,3546840000,854191744,43.15
19/05/2023,-894900,-20544015000,22.9(0.44 %),35900,821580000,930800,21365595000,855086644,43.09
22/05/2023,-190400,-4378605000,22.9(0.00 %),88700,2038130000,279100,6416735000,855277044,43.08
23/05/2023,668200,15387890000,22.85(-0.22 %),1445200,33235900000,777000,17848010000,854608844,43.13
24/05/2023,-2071800,-47427780000,22.7(-0.66 %),1543800,35537795000,3615600,82965575000,856680644,42.99
25/05/2023,-765500,-17216610000,22.5(-0.88 %),900600,20357660000,1666100,37574270000,857446144,42.94
26/05/2023,-565300,-12749685000,22.55(0.22 %),479300,10828625000,1044600,23578310000,858011444,42.9
29/05/2023,1606300,36817130000,23.4(3.77 %),1868700,42931825000,262400,6114695000,856405144,43.01
30/05/2023,-87400,-2026215000,23.35(-0.21 %),397300,9271385000,484700,11297600000,856492544,43.0
31/05/2023,22500,529600000,23.15(-0.86 %),735900,17102910000,713400,16573310000,856470044,43.0
01/06/2023,612100,14254065000,23.45(1.30 %),1757600,40945185000,1145500,26691120000,855811421,43.05
02/06/2023,2083500,50314055000,24.1(2.77 %),2414400,58280105000,330900,7966050000,853727921,43.19
05/06/2023,1456400,35151350000,24.1(0.00 %),2598000,62671545000,1141600,27520195000,852271521,43.28
06/06/2023,5838100,144959115000,25.15(4.36 %),7080000,175062530000,1241900,30103415000,846433421,43.67
07/06/2023,2383900,59963965000,25.1(-0.20 %),4440400,111572920000,2056500,51608955000,844049521,43.83
08/06/2023,-762300,-18402180000,24.3(-3.19 %),4304400,106741970000,5066700,125144150000,844811821,43.78
09/06/2023,2932000,72469520000,25.25(3.91 %),4681900,115739645000,1749900,43270125000,841879821,43.98
12/06/2023,3318300,83233235000,25.35(0.40 %),4215700,105626365000,897400,22393130000,838561521,44.2
13/06/2023,1748900,44331015000,25.35(0.00 %),2875100,72824635000,1126200,28493620000,836812621,44.31
14/06/2023,3723500,95697230000,25.4(0.20 %),3970600,101978715000,247100,6281485000,833089121,44.56
15/06/2023,1822300,46770000000,25.7(1.18 %),2556600,65582010000,734300,18812010000,831266821,44.68
16/06/2023,2370700,63276650000,26.1(1.56 %),4101300,109046135000,1730600,45769485000,827066231,44.9
19/06/2023,896700,23581585000,26.4(1.15 %),1652700,43495260000,756000,19913675000,826147777,44.96
20/06/2023,-2462700,-62508055000,25.7(1.18 %),609500,15467935000,3072200,77975990000,828610477,44.86
21/06/2023,2055800,53291430000,26(1.17 %),3000900,77725060000,945100,24433630000,825018037,45.04
22/06/2023,632500,16492545000,26.1(0.38 %),1037800,26990635000,405300,10498090000,824385537,45.14
23/06/2023,730200,19054230000,26(-0.38 %),1744200,45430505000,1014000,26376275000,823655337,45.19
26/06/2023,-1919300,-49013045000,25.8(-0.77 %),309800,7938970000,2229100,56952015000,826410336,44.95
27/06/2023,1176400,31053205000,26.6(3.10 %),1613700,42579775000,437300,11526570000,825233936,45.09
28/06/2023,-556000,-14784950000,26.55(-0.19 %),1432200,38123340000,1988200,52908290000,825789936,45.05
29/06/2023,-403700,-10515220000,25.45(-4.32 %),233200,6053825000,636900,16569045000,826193636,45.02
30/06/2023,585800,15073805000,25.8(1.18 %),817200,20992420000,231400,5918615000,825607836,45.06
03/07/2023,2534600,65341310000,25.7(-0.39 %),2969700,76565690000,435100,11224380000,827301538,44.95
04/07/2023,2746700,71803030000,26.5(3.11 %),2821500,73738190000,74800,1935160000,824554838,45.13
05/07/2023,-134800,-3621430000,26.2(-1.13 %),1272000,33610000000,1406800,37231430000,824689638,45.12
06/07/2023,-393300,-10373885000,26.3(0.38 %),567000,14915675000,960300,25289560000,819896280,45.38
07/07/2023,-501700,-13062355000,26.45(0.57 %),735900,19315065000,1237600,32377420000,820567155,45.34
10/07/2023,1329900,36510990000,27.5(3.77 %),2747800,74933890000,1417900,38422900000,819237255,45.49
11/07/2023,5181200,144913945000,28.05(2.00 %),5846100,163508760000,664900,18594815000,814056055,45.83
12/07/2023,2903500,82114830000,27.95(-0.53 %),4710200,133050605000,1806700,50935775000,811152555,46.03
13/07/2023,2537800,71645770000,28.4(1.43 %),3862600,109046015000,1324800,37400245000,808614755,46.19
14/07/2023,1254000,35512750000,28.5(0.35 %),1427500,40428400000,173500,4915650000,805791653,46.32
17/07/2023,4514000,130917965000,28.8(1.05 %),4627400,134198475000,113400,3280510000,801277653,46.68
18/07/2023,160800,4620630000,28.55(-0.87 %),1586600,45406480000,1425800,40785850000,801116853,46.69
19/07/2023,1116900,31912915000,28.5(-0.35 %),1677700,47936610000,560800,16023695000,799511791,46.74
20/07/2023,-992200,-27638700000,28(-1.75 %),1791200,50168615000,2783400,77807315000,800503991,46.74
21/07/2023,506600,14575730000,28.75(2.68 %),2661000,75254820000,2154400,60679090000,799997391,46.77
24/07/2023,-2447900,-70358065000,28.7(-0.35 %),199400,5739305000,2647300,76097370000,799833580,46.72
25/07/2023,1150600,33203485000,28.8(0.35 %),2007400,57831855000,856800,24628370000,800010448,46.71
26/07/2023,1658500,47891370000,29(0.69 %),2310800,66599600000,652300,18708230000,798351948,46.88
27/07/2023,-408700,-11966670000,29.45(1.55 %),395900,11578835000,804600,23545505000,798760648,46.85
28/07/2023,809000,23969000000,29.75(0.85 %),1786600,52898390000,977600,28929390000,797951648,46.91
31/07/2023,396600,11707870000,29.65(-0.50 %),1861900,55147625000,1465300,43439755000,797555048,46.93
01/08/2023,-1111200,-32540725000,28.8(-3.03 %),527200,15471045000,1638400,48011770000,798688919,46.86
02/08/2023,-674500,-19409650000,29(0.69 %),726700,21003610000,1401200,40413260000,799363419,46.81
03/08/2023,-783600,-22503585000,28.5(-1.72 %),212600,6103950000,996200,28607535000,800147019,46.76
04/08/2023,278100,8019535000,29.2(2.46 %),585700,16904005000,307600,8884470000,802191324,46.56
07/08/2023,-423100,-12511330000,29.7(1.71 %),258000,7674965000,681100,20186295000,802614424,46.59
08/08/2023,-1067100,-31405020000,29.1(-2.02 %),251700,7413810000,1318800,38818830000,803681524,46.52
09/08/2023,-3787200,-109366740000,28.6(-1.72 %),94500,2731740000,3881700,112098480000,807468724,46.27
10/08/2023,-1853800,-52434480000,28.1(-1.75 %),638600,18125145000,2492400,70559625000,809322524,46.15
11/08/2023,-2530400,-70705010000,28.15(0.18 %),203900,5699360000,2734300,76404370000,811852924,45.98
14/08/2023,-22100,-456765000,29.15(3.37 %),874100,25350890000,896200,25807655000,809328902,46.09
15/08/2023,-2323400,-67006310000,28.7(-1.71 %),109500,3153735000,2432900,70160045000,811881665,45.92
16/08/2023,-648700,-18687035000,28.85(0.52 %),260600,7504725000,909300,26191760000,812481342,45.88
17/08/2023,2122900,64338335000,29.95(3.63 %),3010500,90939360000,887600,26601025000,810358442,46.08
18/08/2023,-1365200,-41553285000,28.3(-5.67 %),1300900,37579140000,2666100,79132425000,811475990,45.94
21/08/2023,-10168400,-293348110000,28.85(1.94 %),705600,20404310000,10874000,313752420000,811676223,45.93
22/08/2023,-835100,-23431350000,30.7(6.23 %),1564000,46231450000,2399100,69662800000,812705486,45.86
23/08/2023,-2108500,-64545165000,30.4(-0.98 %),2566700,78758980000,4675200,143304145000,820959200,45.31
24/08/2023,50200,1425020000,32(5.26 %),1318400,40713050000,1268200,39288030000,820909000,45.37
25/08/2023,-575600,-18357385000,32.2(0.62 %),1108000,35436235000,1683600,53793620000,825545529,45.01
28/08/2023,-1862500,-60251075000,32.45(0.78 %),470400,15229050000,2332900,75480125000,827408029,44.94
29/08/2023,-2263300,-72667515000,32.35(-0.31 %),247200,7960095000,2510500,80627610000,827762239,44.86
30/08/2023,-800000,-25855115000,33.5(3.55 %),568000,18730415000,1368000,44585530000,828562239,44.86
31/08/2023,-1746200,-58434820000,33.4(-0.30 %),212400,7120445000,1958600,65555265000,831825672,44.59
05/09/2023,-5644200,-187674160000,33.35(-0.15 %),127200,4230955000,5771400,191905115000,833066493,44.5
06/09/2023,-1475200,-49975850000,34(1.95 %),296100,10066740000,1771300,60042590000,834541693,44.47
07/09/2023,-2807200,-94649210000,33.65(-1.03 %),170100,5741120000,2977300,100390330000,842862256,43.85
08/09/2023,486000,16526205000,33.75(0.30 %),1192100,40347380000,706100,23821175000,843423626,43.81
11/09/2023,-4857900,-164308305000,33.5(-0.74 %),577800,19530545000,5435700,183838850000,845787242,43.66
12/09/2023,2056100,71657070000,35.8(6.87 %),4953300,172447645000,2897200,100790575000,841711224,43.93
13/09/2023,2121800,76987220000,35.8(0.00 %),5708300,206136465000,3586500,129149245000,841402666,43.95
14/09/2023,1575400,56130880000,35.65(-0.42 %),2155900,76880650000,580500,20749770000,842144078,43.9
15/09/2023,-1908700,-67767825000,35.5(-0.42 %),2145100,76185905000,4053800,143953730000,842919504,43.85
18/09/2023,0,0,35.7(0.56 %),0,0,0,0,842919504,43.91
19/09/2023,-667300,-23756050000,36.2(1.40 %),317100,11375785000,984400,35131835000,843730017,43.85
20/09/2023,98900,3645400000,36.45(0.69 %),1532300,56159470000,1433400,52514070000,843631117,43.86
21/09/2023,-928600,-33494760000,34.75(-4.66 %),675500,24003060000,1604100,57497820000,844559717,43.8
22/09/2023,799100,26051230000,32.6(-6.19 %),5984300,197266990000,5185200,171215760000,842732688,43.86
25/09/2023,3246800,102344705000,30.35(-6.90 %),4045400,127958755000,798600,25614050000,840255515,44.03
26/09/2023,4254200,134054625000,30.9(1.81 %),5945500,186976480000,1691300,52921855000,839469178,44.08
27/09/2023,-1092400,-34594850000,33(6.80 %),809300,25554755000,1901700,60149605000,840561578,44.06
28/09/2023,-1593000,-51628335000,32.3(-2.12 %),1033500,33157495000,2626500,84785830000,842154578,43.96
29/09/2023,-662400,-21317950000,31.8(-1.55 %),456900,14836015000,1119300,36153965000,841679356,43.93
02/10/2023,2601800,84028260000,32.1(0.94 %),3013700,97296555000,411900,13268295000,841292209,43.96
03/10/2023,-163700,-5272070000,30.2(-5.92 %),448200,13703025000,611900,18975095000,841963358,43.91
04/10/2023,1761200,54718095000,31.75(5.13 %),2756300,86048340000,995100,31330245000,840202158,44.09
05/10/2023,-813300,-26001005000,31.65(-0.31 %),119500,3812075000,932800,29813080000,840121257,44.03
06/10/2023,748400,23896135000,32.95(4.11 %),874700,27901715000,126300,4005580000,839372857,44.14
09/10/2023,-565200,-18561775000,33.2(0.76 %),722900,23855730000,1288100,42417505000,839938057,44.11
10/10/2023,-239100,-8147750000,32.7(-1.51 %),1187900,39465700000,1427000,47613450000,839397026,44.08
11/10/2023,946400,31345145000,34(3.98 %),1364600,45172420000,418200,13827275000,839320525,44.09
12/10/2023,-650300,-21977005000,33.6(-1.18 %),430200,14559680000,1080500,36536685000,840317294,44.02
13/10/2023,741800,24767295000,33.55(-0.15 %),1054000,35161680000,312200,10394385000,839681471,44.06
16/10/2023,-1879700,-62028255000,32.1(-4.32 %),513600,16857920000,2393300,78886175000,840248356,44.03
17/10/2023,1171600,38066885000,31.45(-2.02 %),1374900,44663545000,203300,6596660000,839185658,44.1
18/10/2023,1594700,50244735000,31.55(0.32 %),1613400,50835565000,18700,590830000,839965463,44.04
19/10/2023,-1146900,-34927710000,30.1(-4.60 %),2479500,75932370000,3626400,110860080000,837689194,44.2
20/10/2023,57900,1914385000,31.3(3.99 %),1115800,33715155000,1057900,31800770000,836591925,44.27
23/10/2023,-1912600,-58944590000,30.6(-2.24 %),1198300,37000430000,3110900,95945020000,839019995,44.11
24/10/2023,-371400,-11419325000,31.05(1.47 %),1141500,35224050000,1512900,46643375000,839391395,44.14
25/10/2023,-1766200,-54983400000,30.8(-0.81 %),438200,13653690000,2204400,68637090000,838936406,44.11
26/10/2023,-4224300,-121571900000,28.7(-6.82 %),1439800,41645780000,5664100,163217680000,841656282,43.93
27/10/2023,1491200,43550510000,29.45(2.61 %),2002900,58444315000,511700,14893805000,841857836,43.92
30/10/2023,635200,18104755000,27.5(-6.62 %),811800,23198170000,176600,5093415000,846722135,43.59
31/10/2023,-886900,-23569405000,25.75(-6.36 %),2887400,77223665000,3774300,100793070000,844350035,43.75
01/11/2023,2851300,74715075000,27.15(5.44 %),4417700,116643995000,1566400,41928920000,840109025,44.03
02/11/2023,240300,6942505000,28.9(6.45 %),2931100,82377585000,2690800,75435080000,839868725,44.11
03/11/2023,-1259900,-36092845000,28.9(0.00 %),2085200,59805655000,3345100,95898500000,841128625,44.03
06/11/2023,-614400,-17692415000,29(0.35 %),1411500,40930810000,2025900,58623225000,841743025,43.98
07/11/2023,-365200,-10493085000,28.35(-2.24 %),329200,9493030000,694400,19986115000,842108225,43.96
08/11/2023,-48200,-1275525000,30.3(6.88 %),1972600,57482465000,2020800,58757990000,844925951,43.71
09/11/2023,32900,997490000,30.85(1.82 %),2314500,72071905000,2281600,71074415000,843424901,43.81
10/11/2023,-106700,-3238185000,30.8(-0.16 %),792800,24796465000,899500,28034650000,844678351,43.73
13/11/2023,1842000,57643070000,31.45(2.11 %),2200500,68809035000,358500,11165965000,844224517,43.76
14/11/2023,2822092,89597647950,31.75(0.95 %),3948835,125420720000,1126743,35823072050,840014259,44.1
15/11/2023,2007400,65409930000,31.95(0.63 %),3312700,107730075000,1305300,42320145000,838006859,44.23
16/11/2023,0,0,32.3(1.10 %),0,0,0,0,838006859,44.23
17/11/2023,-419000,-13135230000,31.5(-2.48 %),948000,30302505000,1367000,43437735000,837652609,44.2
20/11/2023,2153600,68340785000,32.4(2.86 %),2592900,82364825000,439300,14024040000,835133759,44.37
21/11/2023,1864200,60630420000,32.55(0.46 %),2384100,77533555000,519900,16903135000,834116692,44.43
22/11/2023,265500,8617600000,32.9(1.08 %),1095000,35698760000,829500,27081160000,833461083,44.48
23/11/2023,-383400,-12834765000,30.9(-6.08 %),388900,12358765000,772300,25193530000,833844483,44.51
24/11/2023,1506800,46792115000,32(3.56 %),1730400,53704365000,223600,6912250000,832337683,44.61
27/11/2023,-1509900,-47571365000,31(-3.12 %),134800,4223890000,1644700,51795255000,833847583,44.51
28/11/2023,-82600,-2512640000,31.4(1.29 %),1287000,39914165000,1369600,42426805000,833930183,44.51
29/11/2023,-142500,-4426600000,31.6(0.64 %),411600,13005610000,554100,17432210000,834072683,44.5
30/11/2023,-1425200,-44563765000,31.3(-0.95 %),520500,16500480000,1945700,61064245000,835497883,44.4
01/12/2023,524400,16630525000,32(2.24 %),865600,27456345000,341200,10825820000,834357724,44.48
04/12/2023,-2427300,-80588360000,33.6(5.00 %),1091500,36338030000,3518800,116926390000,836785024,44.32
05/12/2023,-2021500,-67402170000,33.3(-0.89 %),580500,19364245000,2602000,86766415000,838806524,44.18
06/12/2023,809100,27325930000,33.6(0.90 %),4023800,135389495000,3214700,108063565000,837997424,44.23
07/12/2023,846100,27631255000,32.85(-2.23 %),1651000,54079665000,804900,26448410000,837151324,44.29
08/12/2023,914800,29976835000,32.6(-0.76 %),1565800,51332870000,651000,21356035000,836236524,44.35
11/12/2023,181500,6056330000,32.7(0.31 %),1114900,36207920000,933400,30151590000,836055024,44.36
12/12/2023,-911200,-29770585000,32.6(-0.31 %),1120900,36659185000,2032100,66429770000,836966224,44.3
13/12/2023,-567300,-18595495000,32(-1.84 %),1144900,37262670000,1712200,55858165000,837533524,44.27
14/12/2023,543900,17595535000,32(0.00 %),877000,28327280000,333100,10731745000,836989624,44.3
15/12/2023,-5564300,-177163320000,31.8(-0.62 %),731800,23465910000,6296100,200629230000,842553924,43.93
18/12/2023,-337600,-10740530000,31.7(-0.31 %),978900,31157350000,1316500,41897880000,842891524,43.91
19/12/2023,-2881600,-91533405000,32.15(1.42 %),182600,5791425000,3064200,97324830000,845773124,43.72
20/12/2023,-658400,-20945985000,32.3(0.47 %),1053700,33986090000,1712100,54932075000,846431524,43.67
21/12/2023,-461800,-14864360000,32.2(-0.31 %),329900,10615115000,791700,25479475000,846893324,43.64
22/12/2023,-1315300,-42897320000,32.35(0.47 %),404900,13185375000,1720200,56082695000,848208624,43.55
25/12/2023,-448600,-14551175000,32.55(0.62 %),118500,3840780000,567100,18391955000,848657224,43.52
26/12/2023,-1739900,-56893410000,32.75(0.61 %),274200,8959345000,2014100,65852755000,850397124,43.41
27/12/2023,96700,3180795000,32.8(0.15 %),367100,12078150000,270400,8897355000,850300424,43.41
28/12/2023,119700,3974355000,33(0.61 %),341400,11243770000,221700,7269415000,850180724,43.42
29/12/2023,-249200,-8203035000,32.8(-0.61 %),97400,3207270000,346600,11410305000,850429924,43.41
02/01/2024,-2716500,-89034310000,32.5(-0.91 %),318300,10436620000,3034800,99470930000,851739100,43.26
03/01/2024,-850300,-27610720000,32.95(1.38 %),412000,13547280000,1262300,41158000000,852669064,43.26
04/01/2024,1736600,58595815000,33.6(1.97 %),1944400,65587935000,207800,6992120000,850932464,43.37
05/01/2024,324100,11075575000,34.15(1.64 %),693700,23559560000,369600,12483985000,850608364,43.39
08/01/2024,52800,1839165000,34.1(-0.15 %),396200,13569965000,343400,11730800000,850555564,43.4
09/01/2024,383600,13081425000,34(-0.29 %),551500,18819070000,167900,5737645000,852871936,43.18
10/01/2024,-162500,-5444040000,33.7(-0.88 %),253100,8535610000,415600,13979650000,852962368,43.18
11/01/2024,-1258000,-42725255000,33.9(0.59 %),1067900,36162160000,2325900,78887415000,852120448,43.23
12/01/2024,285000,9718295000,33.85(-0.15 %),1126900,38092050000,841900,28373755000,850989094,43.37
15/01/2024,-524700,-17701705000,33(-2.51 %),78900,2662410000,603600,20364115000,853656256,43.13
16/01/2024,-2024000,-66582245000,33.5(1.52 %),117900,3886380000,2141900,70468625000,854380300,43.08
17/01/2024,444300,15072520000,33.65(0.45 %),770200,26156910000,325900,11084390000,854213600,43.1
18/01/2024,-447500,-15198835000,33.8(0.45 %),163500,5537205000,611000,20736040000,853540994,43.2
19/01/2024,-2551600,-85908385000,33.7(-0.30 %),31800,1072655000,2583400,86981040000,856092594,43.03
22/01/2024,-2070600,-69493205000,33.95(0.74 %),288800,9692110000,2359400,79185315000,858163194,42.89
23/01/2024,-123700,-4170800000,33.8(-0.44 %),1100100,37236170000,1223800,41406970000,858286894,42.88
24/01/2024,1502500,51168175000,34(0.59 %),2010100,68452470000,507600,17284295000,856784394,42.98
25/01/2024,901500,30683950000,33.95(-0.15 %),1032600,35137885000,131100,4453935000,855882894,43.04
26/01/2024,-332500,-11342020000,34.1(0.44 %),283100,9664395000,615600,21006415000,856215394,43.02
29/01/2024,155600,5340530000,33.95(-0.44 %),330700,11313445000,175100,5972915000,856847100,42.92
30/01/2024,552200,18741740000,34.15(0.59 %),851300,28900200000,299100,10158460000,856611456,42.94
31/01/2024,5606700,195015705000,34.4(0.73 %),6170400,214577470000,563700,19561765000,850616100,43.33
01/02/2024,387200,13444165000,34.65(0.73 %),670100,23208090000,282900,9763925000,850616152,43.39
02/02/2024,763351,26698592350,34.8(0.43 %),1072600,37512240000,309249,10813647650,850245200,43.36
05/02/2024,-1529200,-53081715000,34.95(0.43 %),2025900,70524325000,3555100,123606040000,850711848,43.39
06/02/2024,355208,12396858950,35(0.14 %),1888000,66262100000,1532792,53865241050,846414656,43.61
07/02/2024,466200,16355055000,35.1(0.29 %),632200,22194505000,166000,5839450000,849337536,43.42
15/02/2024,668400,23504450000,35.1(0.00 %),977500,34377140000,309100,10872690000,849856832,43.39
16/02/2024,-87322,-3071482600,35(-0.28 %),425730,14931328000,513052,18002810600,849597100,43.4
19/02/2024,788667,27711874750,35.2(0.57 %),2509969,87468863550,1721302,59756988800,847396200,43.55
20/02/2024,1330799,47180683300,35.3(0.28 %),2094500,74204485000,763701,27023801700,845778800,43.66
21/02/2024,-182072,-6295763600,34.95(-0.99 %),1154696,40394000600,1336768,46689764200,846309440,43.62
22/02/2024,-531322,-18401912850,34.65(-0.86 %),642700,22315450000,1174022,40717362850,846309440,43.62
23/02/2024,-1881315,-65103663050,34.15(-1.44 %),240370,8315903000,2121685,73419566050,849784605,43.45
26/02/2024,1084413,37980666200,35.1(2.78 %),2381303,82716147600,1296890,44735481400,846265536,43.62
27/02/2024,3668802,131406833100,35.9(2.28 %),4736300,169604850000,1067498,38198016900,845031390,43.77
28/02/2024,1427281,51519394550,36.1(0.56 %),1960600,70676455000,533319,19157060450,843604109,43.86
29/02/2024,4826410,179299011350,37(2.49 %),6971004,258888409150,2144594,79589397800,836916900,44.25
01/03/2024,3450023,128873750650,37.35(0.95 %),5432505,202897956750,1982482,74024206100,831484396,44.67
04/03/2024,289757,10785291000,37.15(-0.54 %),806980,30076352350,517223,19291061350,831194639,44.69
05/03/2024,-3677451,-136098574700,37.4(0.67 %),2059720,76499406000,5737171,212597980700,833970100,44.44
06/03/2024,33720,1409115000,36.85(-1.47 %),3210320,119258925000,3176600,117849810000,834838370,44.45
07/03/2024,2169795,81675492950,37.7(1.62 %),2930700,110246960000,760905,28571467050,832668575,44.59
08/03/2024,-1744146,-64434852200,36.8(-2.39 %),1461500,54528515000,3205646,118963367200,834412721,44.47
11/03/2024,617800,22852030000,36.35(-1.22 %),1009400,37229250000,391600,14377220000,833794921,44.51
12/03/2024,-734900,-26595350000,36.3(-0.14 %),1387400,50414750000,2122300,77010100000,834603200,44.4
13/03/2024,500700,18947510000,37.95(4.55 %),1660900,62323635000,1160200,43376125000,833333970,44.49
14/03/2024,3392500,130162100000,37.85(-0.26 %),5230200,200593315000,1837700,70431215000,829941470,44.77
15/03/2024,-886400,-33536620000,37.8(-0.13 %),1908800,71838215000,2795200,105374835000,830827870,44.71
18/03/2024,-1386800,-51618715000,36.65(-3.04 %),714200,26016240000,2101000,77634955000,830601200,44.67
19/03/2024,-4372300,-159188360000,36.15(-1.36 %),347500,12645480000,4719800,171833840000,833013000,44.51
20/03/2024,-694900,-25243670000,37.2(2.90 %),753000,27681115000,1447900,52924785000,837281870,44.28
21/03/2024,3038300,114478390000,37.65(1.21 %),3486800,131376710000,448500,16898320000,834243570,44.48
22/03/2024,207300,7746220000,37.8(0.40 %),983200,37218475000,775900,29472255000,834036270,44.5
25/03/2024,805500,30502645000,37.5(-0.79 %),1659600,62813130000,854100,32310485000,834795000,44.39
26/03/2024,1115600,42033165000,38(1.33 %),1458400,54994690000,342800,12961525000,831627570,44.66
27/03/2024,-52700,-2081095000,38.5(1.32 %),1039300,39572380000,1092000,41653475000,833879232,44.45
28/03/2024,1179900,45975905000,39.15(1.69 %),1864900,72675550000,685000,26699645000,832339136,44.55
29/03/2024,904900,34804055000,38.5(-1.66 %),1659400,64054070000,754500,29250015000,831771648,44.59
01/04/2024,-4454300,-170104375000,38.8(0.78 %),246400,9420095000,4700700,179524470000,832210300,44.56
02/04/2024,-4060600,-156024425000,38.9(0.26 %),761800,29385500000,4822400,185409925000,835832262,44.38
03/04/2024,-3439600,-133007430000,38.05(-2.19 %),436700,16841860000,3876300,149849290000,836431040,44.28
04/04/2024,247600,9440890000,37.65(-1.05 %),461000,17515875000,213400,8074985000,839024262,44.17
05/04/2024,-1060700,-39310940000,36.8(-2.26 %),486000,18040110000,1546700,57351050000,844170000,43.76
08/04/2024,1700,70630000,36.7(-0.27 %),265100,9768155000,263400,9697525000,840083262,44.1
09/04/2024,578600,21524650000,37.5(2.18 %),801200,29813075000,222600,8288425000,839504662,44.13
10/04/2024,-120500,-4537645000,36.95(-1.47 %),433700,16141365000,554200,20679010000,839625162,44.13
11/04/2024,2304700,85467580000,37.15(0.54 %),2652700,98396730000,348000,12929150000,842324900,43.89
12/04/2024,-682300,-25643710000,37.55(1.08 %),1004000,37627380000,1686300,63271090000,841875264,43.92
15/04/2024,-2313200,-86187330000,34.95(-6.92 %),582900,20541940000,2896100,106729270000,840315962,44.08
16/04/2024,2775700,96453660000,35.2(0.72 %),5035900,175231260000,2260200,78777600000,837540262,44.27
17/04/2024,672900,22987395000,34.4(-2.27 %),1490000,51550390000,817100,28562995000,839643062,44.12
19/04/2024,576000,19524815000,33.2(-3.49 %),2159100,73192950000,1583100,53668135000,839067062,44.16
22/04/2024,1791700,62328250000,35.1(5.72 %),2805500,97278350000,1013800,34950100000,838107300,44.17
23/04/2024,1283000,44830820000,34.5(-1.71 %),2765900,96629230000,1482900,51798410000,836919800,44.25
24/04/2024,2044600,72752005000,35.65(3.33 %),2662700,94690425000,618100,21938420000,833947762,44.5
25/04/2024,311400,11015915000,35.35(-0.84 %),1416500,50004050000,1105100,38988135000,833636362,44.53
26/04/2024,1031700,36158695000,35.2(-0.42 %),1707900,59859600000,676200,23700905000,834251300,44.43
02/05/2024,-2965500,-102742085000,34.7(-1.42 %),737200,25514575000,3702700,128256660000,834619264,44.4
03/05/2024,237700,8283355000,34.65(-0.14 %),683400,23895690000,445700,15612335000,834612000,44.4
06/05/2024,380300,13315110000,35.65(2.89 %),1186300,42224765000,806000,28909655000,837128600,44.23
07/05/2024,-41900,-1495435000,35.55(-0.28 %),559900,19916025000,601800,21411460000,837014464,44.24
08/05/2024,238400,8508525000,35.65(0.28 %),602500,21462405000,364100,12953880000,837218000,44.23
09/05/2024,-178300,-6256480000,35.2(-1.26 %),202200,7143855000,380500,13400335000,837532700,44.21
10/05/2024,333800,11764905000,35.45(0.71 %),906900,31998050000,573100,20233145000,836904960,44.25
13/05/2024,-305800,-10796930000,35.6(0.42 %),1271100,45335855000,1576900,56132785000,836014336,44.31
14/05/2024,-1127000,-40000515000,35.5(-0.28 %),117800,4183710000,1244800,44184225000,834714114,44.45
15/05/2024,-331100,-11917000000,35.95(1.27 %),605600,21749110000,936700,33666110000,835045214,44.43
16/05/2024,21000,705665000,36.1(0.42 %),591300,21421940000,570300,20716275000,835024214,45.1
17/05/2024,-208200,-7597385000,36.4(0.83 %),153300,5560785000,361500,13158170000,848532400,43.85
20/05/2024,-705000,-25993915000,36.65(0.69 %),855100,31505510000,1560100,57499425000,848247552,43.87
21/05/2024,-605300,-22136235000,36.8(0.41 %),56100,2051410000,661400,24187645000,848519000,43.85
22/05/2024,-1166300,-42966100000,36.45(-0.95 %),159900,5902590000,1326200,48868690000,849851456,43.76
23/05/2024,533700,19713195000,36.7(0.69 %),1238100,45260545000,704400,25547350000,849275100,43.8
24/05/2024,-2766200,-99258830000,35.25(-3.95 %),282000,10043405000,3048200,109302235000,839962514,44.77
27/05/2024,-719800,-25510760000,35.1(-0.43 %),1129000,39453455000,1848800,64964215000,850133056,43.74
28/05/2024,-1031300,-36530360000,35.6(1.42 %),66700,2364825000,1098000,38895185000,853132160,43.54
29/05/2024,-2926700,-104051440000,35.2(-1.12 %),67400,2395875000,2994100,106447315000,854874900,43.43
30/05/2024,-2107700,-73088425000,34.85(-0.99 %),461700,16082775000,2569400,89171200000,855511500,43.39
31/05/2024,-889200,-31039145000,34.7(-0.43 %),646200,22438990000,1535400,53478135000,857859600,43.23
03/06/2024,258600,8958130000,35.4(2.02 %),1429200,50376620000,1170600,41418490000,857859611,43.58
04/06/2024,-108600,-3856535000,35.4(0.00 %),197300,7015850000,305900,10872385000,857968211,43.57
05/06/2024,236500,8419685000,35.4(0.00 %),346700,12338460000,110200,3918775000,857731711,43.59
06/06/2024,-351954,-12455094250,35.4(0.00 %),557736,19770324000,909690,32225418250,860910734,43.03
07/06/2024,-145211,-5148408400,35.45(0.14 %),71800,2546050000,217011,7694458400,860915303,43.03
10/06/2024,-2356807,-83676464100,35.35(-0.28 %),474933,16913309100,2831740,100589773200,863272110,43.22
11/06/2024,-358171,-12681454000,35.8(1.27 %),99120,3527446000,457291,16208900000,860910734,43.03
12/06/2024,1682200,61173509800,36.6(2.23 %),2325829,84592384950,643629,23418875150,862077473,42.95
13/06/2024,0,0,36.5(-0.27 %),0,0,0,0,861410441,43.0
14/06/2024,2040389,74435984100,36.1(-1.10 %),3062300,111969695000,1021911,37533710900,858854170,43.16
17/06/2024,-52531,-1916161000,35.9(-0.55 %),561800,20176590000,614331,22092751000,859257536,43.14
18/06/2024,220823,7951543800,36.1(0.56 %),681740,24583290000,460917,16631746200,859597707,43.12
19/06/2024,-865406,-31110491600,36.2(0.28 %),438306,15847856300,1303712,46958347900,859753732,43.11
20/06/2024,-538190,-19103676450,35.9(-0.83 %),1022938,36723966100,1561128,55827642550,859191711,43.14
21/06/2024,-468830,-16832445600,35.5(-1.11 %),513974,18273352000,982804,35105797600,860051449,43.09
24/06/2024,-1672944,-57906986900,34.6(-2.54 %),2787686,96341864450,4460630,154248851350,858824891,43.17
25/06/2024,321171,11091704500,34.55(-0.14 %),783628,27081075100,462457,15989370600,859096103,43.15
26/06/2024,-236976,-8098233000,34.4(-0.43 %),762442,26163380550,999418,34261613550,862861096,42.9
27/06/2024,-152332,-5209420950,34.3(-0.29 %),456600,15654205000,608932,20863625950,862875453,42.9
28/06/2024,330679,11131508000,33.95(-1.02 %),1479200,50224530000,1148521,39093022000,862412717,42.93
04/07/2024,-341700,-11791335000,34.4(-0.15 %),118900,4104595000,460600,15895930000,865429371,0.0
05/07/2024,1869100,64494130000,34.65(0.73 %),1933600,66712075000,64500,2217945000,863560271,0.0
08/07/2024,-1425000,-49359615000,34.55(-0.29 %),584300,20183220000,2009300,69542835000,864985271,0.0
09/07/2024,-1316100,-45586855000,34.65(0.29 %),649700,22521045000,1965800,68107900000,866301371,0.0
10/07/2024,-230500,-7941755000,34.35(-0.87 %),145600,5037095000,376100,12978850000,866531871,0.0
11/07/2024,-614700,-21317120000,34.8(1.31 %),195600,6773650000,810300,28090770000,867146571,0.0
12/07/2024,-189600,-6544335000,34.45(-1.01 %),132900,4599815000,322500,11144150000,867336171,0.0
15/07/2024,-40600,-1395790000,34.3(-0.44 %),150300,5180435000,190900,6576225000,867376771,0.0
16/07/2024,314500,10910995000,34.4(0.29 %),552200,19127150000,237700,8216155000,867062271,0.0
17/07/2024,521800,18020165000,34.15(-0.73 %),664700,22963810000,142900,4943645000,866540471,0.0
18/07/2024,-711500,-24178700000,34.35(0.59 %),418000,14271505000,1129500,38450205000,867251971,0.0
19/07/2024,-86600,-2946180000,34.8(1.31 %),671300,23360195000,757900,26306375000,867338571,0.0
22/07/2024,833700,28820195000,34.65(-0.43 %),1108400,38354285000,274700,9534090000,866504871,0.0
23/07/2024,371100,12598400000,33.85(-2.31 %),558900,19066125000,187800,6467725000,866133771,0.0
24/07/2024,-2674700,-88405295000,32.9(-2.81 %),1047500,34193075000,3722200,122598370000,868808471,0.0
25/07/2024,-5257700,-168433145000,31.9(-3.04 %),71600,2297135000,5329300,170730280000,874066171,0.0
26/07/2024,-2291400,-73359275000,32.1(0.63 %),148500,4753090000,2439900,78112365000,876357571,0.0
29/07/2024,-289700,-9374925000,32.2(0.31 %),43400,1407195000,333100,10782120000,876647271,0.0
30/07/2024,-289700,-9374925000,31.95(-0.78 %),43400,1407195000,333100,10782120000,876936971,0.0
31/07/2024,-780900,-25036505000,31.8(-0.47 %),657300,21080835000,1438200,46117340000,877717871,0.0
01/08/2024,-3669100,-112543910000,30.3(-4.72 %),966100,29453240000,4635200,141997150000,877725036,0.0
02/08/2024,1636400,50322585000,31.25(3.14 %),2150500,65856110000,514100,15533525000,876088636,0.0
05/08/2024,-2332400,-70669760000,29.6(-5.28 %),142000,4312920000,2474400,74982680000,878421036,0.0
06/08/2024,-2347200,-70409740000,30.6(3.38 %),808600,24402200000,3155800,94811940000,880768236,0.0
07/08/2024,-404800,-12346805000,30.6(0.00 %),368400,11240225000,773200,23587030000,881173036,0.0
08/08/2024,-2033700,-61560940000,30(-1.96 %),320500,9716545000,2354200,71277485000,883206736,0.0
09/08/2024,1354200,41925870000,31.3(4.33 %),1706100,52730160000,351900,10804290000,881852536,0.0
12/08/2024,-7800,-271360000,32(2.24 %),547000,17260015000,554800,17531375000,881860336,0.0
13/08/2024,-677100,-21361285000,31.7(-0.94 %),243000,7686070000,920100,29047355000,882537436,0.0
14/08/2024,-349900,-10970355000,31.4(-0.95 %),239400,7566295000,589300,18536650000,882887336,0.0
15/08/2024,336800,10471090000,30.9(-1.59 %),572300,17774710000,235500,7303620000,882550536,0.0
16/08/2024,377700,11914235000,32.7(5.83 %),1764000,56701955000,1386300,44787720000,882172836,0.0
19/08/2024,-923700,-30109705000,32.4(-0.92 %),241100,7897750000,1164800,38007455000,883096536,0.0
20/08/2024,-352400,-11350460000,32.65(0.77 %),706600,23066390000,1059000,34416850000,883448936,0.0
21/08/2024,-221800,-7298015000,33.05(1.23 %),493600,16105800000,715400,23403815000,883670736,0.0
22/08/2024,-178700,-5870560000,33.1(0.15 %),308400,10173310000,487100,16043870000,883849436,0.0
23/08/2024,141100,4719685000,33.6(1.51 %),392300,13113065000,251200,8393380000,883708336,0.0
26/08/2024,364900,12427375000,33.95(1.04 %),1522500,51570975000,1157600,39143600000,883343436,0.0
27/08/2024,-260300,-8801090000,33.4(-1.62 %),536600,18013895000,796900,26814985000,883603736,0.0
28/08/2024,1438200,48624330000,34.05(1.95 %),1947000,65769680000,508800,17145350000,882165536,0.0
29/08/2024,182800,6203855000,33.95(-0.29 %),518100,17582320000,335300,11378465000,881982736,0.0
30/08/2024,323900,10985135000,33.7(-0.74 %),483900,16398590000,160000,5413455000,881658836,0.0
04/09/2024,-877700,-29168890000,33.15(-1.63 %),36000,1196550000,913700,30365440000,886683312,0.0
05/09/2024,-906300,-30304215000,33.1(-0.15 %),107600,3576220000,1013900,33880435000,887589612,0.0
06/09/2024,448800,14878670000,33.4(0.91 %),822100,27231185000,373300,12352515000,887140812,0.0
09/09/2024,-806100,-26663605000,32.9(-1.50 %),415800,13744430000,1221900,40408035000,887946912,0.0
10/09/2024,-66600,-2172225000,32.4(-1.52 %),540600,17752030000,607200,19924255000,888013512,0.0
11/09/2024,214500,6873685000,32.5(0.31 %),804700,25923015000,590200,19049330000,887799012,0.0
12/09/2024,-510600,-16575080000,32.25(-0.77 %),105700,3432225000,616300,20007305000,888309612,0.0
13/09/2024,932000,30310175000,32.3(0.16 %),1427900,46430695000,495900,16120520000,887377612,0.0
16/09/2024,256400,8392130000,32.1(-0.62 %),870600,28250235000,614200,19858105000,887121212,0.0
17/09/2024,1409500,45531225000,32.7(1.87 %),1568000,50637765000,158500,5106540000,885711712,0.0
18/09/2024,4095100,137397015000,33.4(2.14 %),6565200,220028465000,2470100,82631450000,881616612,0.0
19/09/2024,8324700,280847020000,33.6(0.60 %),8986600,303219335000,661900,22372315000,873291912,0.0
20/09/2024,5775800,193845045000,33.6(0.00 %),6122300,205476100000,346500,11631055000,867516112,0.0
23/09/2024,194100,5170935000,26.6(1.41 %),4964300,131898430000,4770200,126727495000,867322012,0.0
24/09/2024,-490900,-13016550000,26.6(0.00 %),1500200,39797845000,1991100,52814395000,867812912,0.0
25/09/2024,2389200,64845105000,27.45(3.20 %),4589500,125026135000,2200300,60181030000,865423712,0.0
26/09/2024,1700900,46858745000,27.5(0.18 %),2212500,60930335000,511600,14071590000,863722812,0.0
27/09/2024,2208500,60990960000,27.6(0.36 %),2512700,69393110000,304200,8402150000,861514312,0.0
30/09/2024,1288000,35950620000,27.9(1.09 %),1724200,48078260000,436200,12127640000,860226312,0.0
01/10/2024,-240200,-6702515000,27.8(-0.36 %),549800,15492290000,790000,22194805000,860949567,0.0
02/10/2024,205200,5673170000,27.6(-0.72 %),755300,20860095000,550100,15186925000,860744367,0.0
03/10/2024,850900,23597300000,27.55(-0.18 %),1299700,35977195000,448800,12379895000,859893467,0.0
04/10/2024,852400,23438135000,27.3(-0.91 %),1284400,35349130000,432000,11910995000,859041067,0.0
07/10/2024,193300,5360595000,27.6(1.10 %),778100,21359770000,584800,15999175000,858847767,0.0
08/10/2024,-1116900,-30734650000,27.4(-0.72 %),1041900,28645585000,2158800,59380235000,859964667,0.0
09/10/2024,-1517700,-41442175000,27.3(-0.36 %),2613400,71372565000,4131100,112814740000,861482367,0.0
10/10/2024,-482900,-13358555000,27.55(0.92 %),2324100,64105505000,2807000,77464060000,861965267,0.0
11/10/2024,-2948900,-81018100000,27.45(-0.36 %),117700,3233235000,3066600,84251335000,864914167,0.0
14/10/2024,-170400,-4777485000,27.65(0.73 %),750900,20838130000,921300,25615615000,865084567,0.0
15/10/2024,-1943200,-53012585000,27.25(-1.45 %),1900300,52462415000,3843500,105475000000,867027767,0.0
16/10/2024,-807800,-21902140000,27.1(-0.55 %),1991100,54244505000,2798900,76146645000,867835567,0.0
17/10/2024,772500,21149765000,27.45(1.29 %),1100600,30064920000,328100,8915155000,867063067,0.0
18/10/2024,-696000,-19154435000,27.35(-0.36 %),588300,16218485000,1284300,35372920000,867759067,0.0
21/10/2024,-2079700,-56451825000,26.9(-1.65 %),55200,1501470000,2134900,57953295000,869838767,0.0
22/10/2024,1005100,27213890000,26.7(-0.74 %),3145300,84883315000,2140200,57669425000,868833667,0.0
23/10/2024,1400700,37672990000,26.9(0.75 %),2906400,78064815000,1505700,40391825000,867432967,0.0
24/10/2024,2493400,67220050000,26.8(-0.37 %),3756900,101215880000,1263500,33995830000,864939567,0.0
25/10/2024,-552200,-14771345000,26.7(-0.37 %),347800,9315415000,900000,24086760000,865491767,0.0
28/10/2024,-429700,-11527740000,26.8(0.37 %),396500,10660485000,826200,22188225000,865921467,0.0
29/10/2024,-1607500,-43110015000,26.7(-0.37 %),166200,4472980000,1773700,47582995000,867528967,0.0
30/10/2024,-2644600,-70166415000,26.35(-1.31 %),46500,1232210000,2691100,71398625000,870173567,0.0
31/10/2024,-566100,-14841330000,26.6(0.95 %),666100,17669245000,1232200,32510575000,870739667,0.0
01/11/2024,-984300,-25881335000,26.2(-1.50 %),755200,19830685000,1739500,45712020000,1041269909,0.0
04/11/2024,-1770800,-46372685000,26.25(0.19 %),770700,20150060000,2541500,66522745000,1043040709,0.0
05/11/2024,-386100,-10166865000,26.15(-0.38 %),255500,6689720000,641600,16856585000,1043426809,0.0
06/11/2024,-2552100,-67183955000,26.45(1.15 %),411700,10841825000,2963800,78025780000,1045978909,0.0
07/11/2024,-743900,-19703885000,26.35(-0.38 %),550400,14559660000,1294300,34263545000,1046722809,0.0
08/11/2024,-1567300,-41184130000,26.1(-0.95 %),146300,3845625000,1713600,45029755000,1048290109,0.0
11/11/2024,-2551500,-65644120000,25.7(-1.53 %),434300,11177425000,2985800,76821545000,1050841609,0.0
12/11/2024,-953200,-24622300000,25.7(0.00 %),398200,10250165000,1351400,34872465000,1184089291,39.72
13/11/2024,-2154900,-54772095000,25.45(-0.97 %),2517300,64149985000,4672200,118922080000,1053949709,0.0
14/11/2024,-2958400,-74255925000,24.7(-2.95 %),420700,10501220000,3379100,84757145000,1056908109,0.0
15/11/2024,-8652300,-208439450000,23.95(-3.04 %),2188700,52680275000,10841000,261119725000,1065560409,0.0
18/11/2024,-11139800,-268162970000,24.3(1.46 %),2124600,51231790000,13264400,319394760000,1076700209,0.0
19/11/2024,-4505500,-108848145000,23.85(-1.85 %),273600,6604545000,4779100,115452690000,1081205709,0.0
20/11/2024,-4406400,-106977420000,24.3(1.89 %),1191900,29061630000,5598300,136039050000,1085612109,0.0
21/11/2024,-5334600,-129217275000,24.6(1.23 %),291600,7094505000,5626200,136311780000,1090946709,0.0
22/11/2024,-4339600,-105836040000,24.35(-1.02 %),1087900,26506080000,5427500,132342120000,1095286309,0.0
25/11/2024,-383200,-9184690000,24.5(0.62 %),1334800,32560570000,1718000,41745260000,1093262514,39.7
26/11/2024,259300,6411780000,24.6(0.41 %),381000,9412665000,121700,3000885000,1098258305,39.42
27/11/2024,-1626300,-39694775000,24.3(-1.22 %),287200,7041085000,1913500,46735860000,1099643120,39.35
28/11/2024,-2905400,-70701965000,24.3(0.00 %),485400,11800250000,3390800,82502215000,1099256611,39.37
29/11/2024,182500,4482420000,24.55(1.03 %),568700,13877450000,386200,9395030000,1100601461,39.29
02/12/2024,-426300,-10478330000,24.45(-0.41 %),447100,10931980000,873400,21410310000,1103545412,39.13
03/12/2024,404400,9822780000,24.3(-0.61 %),615700,14969620000,211300,5146840000,1103315992,39.14
04/12/2024,313100,7491720000,24.05(-1.03 %),719500,17313275000,406400,9821555000,1103333992,39.14
05/12/2024,2765600,68685910000,25.7(6.86 %),4242300,106087765000,1476700,37401855000,1099234902,39.37
09/12/2024,-1068900,-27977405000,26.2(-0.57 %),218900,5744465000,1287800,33721870000,1094005331,39.66
10/12/2024,522400,13691085000,26.25(0.19 %),878700,23031770000,356300,9340685000,1094048771,39.65
16/12/2024,3078300,79990115000,26.1(1.16 %),4348100,112986865000,1269800,32996750000,1178906203,39.97
17/12/2024,-756300,-19636140000,26(-0.38 %),98300,2552375000,854600,22188515000,1179373509,39.95
18/12/2024,16200,453860000,26.2(0.77 %),386200,10097505000,370000,9643645000,1180257056,39.9
19/12/2024,-4703500,-119708590000,26.2(0.00 %),4922100,127835985000,9625600,247544575000,1176189819,40.11
20/12/2024,1359400,35676690000,26.25(0.19 %),5528000,144895185000,4168600,109218495000,1171031856,40.37
24/12/2024,0,0,25.95(0.39 %),0,0,0,0,1181652030,39.83
25/12/2024,4115400,108846195000,26.55(2.31 %),4742100,125407995000,626700,16561800000,1177069903,40.06
26/12/2024,1640800,43428925000,26.35(-0.75 %),1929900,51071970000,289100,7643045000,1175663052,40.14
27/12/2024,3119900,82883745000,26.6(0.95 %),3707700,98440485000,587800,15556740000,1172535529,40.29
30/12/2024,2071600,55108200000,26.45(-0.56 %),2383900,63437715000,312300,8329515000,1170417691,40.4
31/12/2024,300800,7791265000,26.05(-1.51 %),558300,14565115000,257500,6773850000,1170447127,40.4
02/01/2025,-1088400,-28286670000,25.95(-0.38 %),459300,11935440000,1547700,40222110000,1170299939,40.41
03/01/2025,-1533400,-39371950000,25.35(-2.31 %),289600,7423980000,1823000,46795930000,1170267756,40.41
06/01/2025,30400,749155000,24.9(-1.78 %),307100,7738225000,276700,6989070000,1171527749,40.35
07/01/2025,-2391400,-59086115000,24.55(-1.41 %),455800,11344085000,2847200,70430200000,1171527749,40.35
08/01/2025,-1668500,-40954200000,24.7(0.61 %),319500,7884980000,1988000,48839180000,1172806473,40.28
09/01/2025,-1669300,-41097695000,24.4(-1.21 %),247000,6085995000,1916300,47183690000,1175406790,40.15
10/01/2025,-1619800,-39290165000,23.7(-2.87 %),230000,5569425000,1849800,44859590000,1177203091,40.06
13/01/2025,-882800,-21051495000,24.15(1.90 %),640500,15270300000,1523300,36321795000,1178478851,39.99
14/01/2025,-1380200,-33145260000,23.95(-0.83 %),382100,9190225000,1762300,42335485000,1179876372,39.92
15/01/2025,-1569400,-37881815000,24.15(0.84 %),542700,13107525000,2112100,50989340000,1180833923,39.87
16/01/2025,-4793700,-118009840000,24.4(1.04 %),129500,3197350000,4923200,121207190000,1185627623,0.0
17/01/2025,-364700,-8856910000,24.55(0.61 %),340900,8343345000,705600,17200255000,1184238213,39.7
20/01/2025,-690700,-16926805000,24.5(-0.20 %),125000,3070580000,815700,19997385000,1189036601,39.45
21/01/2025,762200,18738750000,24.45(-0.20 %),1169500,28739345000,407300,10000595000,1188572501,39.48
22/01/2025,-161700,-3980760000,24.4(-0.20 %),484000,11837235000,645700,15817995000,1188904234,39.46
23/01/2025,2360300,59161535000,25.15(3.07 %),3323400,83168540000,963100,24007005000,1185987582,39.61
24/01/2025,1748700,44045915000,25.25(0.40 %),2742700,69043420000,994000,24997505000,1183890747,39.72
03/02/2025,-1207800,-30129625000,0(0.00 %),1080000,26867870000,2287800,56997495000,1183773745,39.72
04/02/2025,-2609600,-65370100000,25.3(2.02 %),758500,18938730000,3368100,84308830000,1184009283,39.71
05/02/2025,-2682400,-67397005000,25.05(-0.99 %),448100,11272005000,3130500,78669010000,1185849188,39.62
06/02/2025,-1321300,-33147505000,25.05(0.00 %),344300,8673730000,1665600,41821235000,1188763006,39.47
07/02/2025,-393500,-9845635000,25(-0.20 %),300600,7529145000,694100,17374780000,1191592945,39.32
10/02/2025,1732700,43186425000,24.9(-0.40 %),1987300,49521000000,254600,6334575000,1191271340,39.34
11/02/2025,-3674000,-91069375000,24.7(-0.80 %),667700,16540130000,4341700,107609505000,1191253878,39.34
12/02/2025,-1074000,-26683345000,24.75(0.20 %),1095000,27213300000,2169000,53896645000,1190369738,39.39
13/02/2025,-1095600,-27150775000,24.8(0.20 %),258500,6409410000,1354100,33560185000,1194428562,39.18
14/02/2025,1821900,45637930000,24.9(0.40 %),3423100,85762850000,1601200,40124920000,1193174327,39.24
17/02/2025,-1813400,-45425925000,25(0.40 %),472500,11838445000,2285900,57264370000,1194066962,39.2
18/02/2025,-65800,-1656685000,25.15(0.60 %),655700,16483980000,721500,18140665000,1195039441,39.15
19/02/2025,-1002400,-25288505000,25.35(0.80 %),523200,13245455000,1525600,38533960000,1196780365,39.06
20/02/2025,-2299700,-58272305000,25.25(-0.39 %),65600,1663330000,2365300,59935635000,1197436340,39.03
21/02/2025,650100,16455225000,25.35(0.40 %),1132300,28642480000,482200,12187255000,1197829816,39.01
24/02/2025,55200,1105060000,25.85(1.97 %),2265700,57886370000,2210500,56781310000,1197928645,39.0
25/02/2025,-596600,-15491440000,25.85(0.00 %),921100,23940010000,1517700,39431450000,1197477881,39.02
26/02/2025,-817600,-21043780000,25.85(0.00 %),1371600,35483795000,2189200,56527575000,1198316800,38.98
27/02/2025,-1081200,-27978230000,26.1(0.97 %),221400,5739305000,1302600,33717535000,1199591255,38.92
28/02/2025,-2057500,-54142445000,26.3(0.77 %),1113600,29438225000,3171100,83580670000,1200666885,38.86
03/03/2025,705500,18854115000,26.6(1.14 %),1534400,40842800000,828900,21988685000,1200435134,38.87
04/03/2025,-2302900,-60637020000,26.35(-0.94 %),152800,4029450000,2455700,64666470000,1203453542,38.72
05/03/2025,820200,21592665000,26.1(-0.95 %),2941700,77607150000,2121500,56014485000,1201340817,38.83
06/03/2025,-2230900,-58872260000,26.9(3.07 %),1672200,44331775000,3903100,103204035000,1202124405,38.79
07/03/2025,-800400,-21542845000,26.9(0.00 %),1355100,36472480000,2155500,58015325000,1202945825,38.75
10/03/2025,-4051200,-109185465000,26.65(-0.93 %),1288500,34625010000,5339700,143810475000,1205560563,38.61
11/03/2025,-666300,-17690550000,26.7(0.19 %),2228500,59293310000,2894800,76983860000,1205560563,38.61
12/03/2025,-2010600,-53693230000,26.7(0.00 %),1181600,31556130000,3192200,85249360000,1210044418,38.38
13/03/2025,4950851,133702399650,26.95(0.94 %),7373725,198786468200,2422874,65084068550,1205565965,38.61
14/03/2025,1662600,44933215000,26.95(0.00 %),5552400,150161005000,3889800,105227790000,1203206028,38.73
17/03/2025,752700,20425650000,27(0.19 %),2334400,63060720000,1581700,42635070000,1203293570,38.73
18/03/2025,-3581100,-97308725000,26.8(-0.74 %),1967200,53213215000,5548300,150521940000,1205216427,38.63
19/03/2025,-3532000,-93951255000,26.55(-0.93 %),637500,17006120000,4169500,110957375000,1206161574,38.58
20/03/2025,-3066500,-81435345000,26.55(0.00 %),46100,1226510000,3112600,82661855000,1211650932,38.3
21/03/2025,546600,14694490000,26.6(0.19 %),4141200,110416910000,3594600,95722420000,1211658417,38.3
24/03/2025,-1042400,-27663495000,27.15(2.07 %),1921400,51291560000,2963800,78955055000,1212849864,38.24
25/03/2025,-2200,-45835000,26.9(-0.92 %),788400,21456530000,790600,21502365000,1215914974,38.09
26/03/2025,-409900,-10930950000,26.5(-1.49 %),803000,21504145000,1212900,32435095000,1217746021,37.99
27/03/2025,-396100,-10466860000,26.3(-0.75 %),50500,1337755000,446600,11804615000,1218443755,37.96
28/03/2025,-307600,-8075500000,26.35(0.19 %),52200,1366455000,359800,9441955000,1219585629,37.9
31/03/2025,-4055100,-105944995000,26(-1.33 %),635200,16580760000,4690300,122525755000,1219396962,37.91
01/04/2025,-6424000,-167207885000,26.05(0.19 %),62400,1626810000,6486400,168834695000,1219696933,37.89
02/04/2025,-1242300,-32450795000,26.45(1.54 %),811000,21386455000,2053300,53837250000,1223535344,37.7
03/04/2025,-9785700,-243496400000,24.6(-6.99 %),1379100,34384670000,11164800,277881070000,1228630281,37.44
04/04/2025,-12102900,-278824170000,23.75(-3.46 %),4132500,95326590000,16235400,374150760000,1226507001,37.55
08/04/2025,-2463100,-54999375000,22.1(-6.95 %),731500,16302765000,3194600,71302140000,1236507538,37.04
09/04/2025,4084900,84407185000,20.6(-6.79 %),7635900,158764890000,3551000,74357705000,1245046215,36.6
10/04/2025,-3687300,-81120600000,22(6.80 %),350000,7700000000,4037300,88820600000,1247760980,36.46
11/04/2025,-5797400,-131561710000,23.45(6.59 %),4635400,106272995000,10432800,237834705000,1246678202,36.52
14/04/2025,-515700,-11606350000,24.1(2.77 %),2657500,63672485000,3173200,75278835000,1248092998,36.45
15/04/2025,-1617700,-38130355000,23.3(-3.32 %),74700,1754585000,1692400,39884940000,1258451299,35.92
16/04/2025,-515500,-11962195000,23(-1.29 %),77100,1804750000,592600,13766945000,1261547439,35.76
17/04/2025,-2352700,-53915900000,23.1(0.43 %),1719600,39681945000,4072300,93597845000,1261520250,35.76
18/04/2025,-181700,-4265945000,23.35(1.08 %),563900,13266810000,745600,17532755000,1261548936,35.76
21/04/2025,-725400,-16974815000,22.9(-1.93 %),425500,9821730000,1150900,26796545000,1265190408,35.58
22/04/2025,-381500,-8371580000,22.25(-2.84 %),2938600,63982670000,3320100,72354250000,1262997176,35.69
23/04/2025,53100,1208405000,22.75(2.25 %),373500,8509505000,320400,7301100000,1263786576,35.65
24/04/2025,959500,22010260000,23(1.10 %),1093400,25079350000,133900,3069090000,1266013516,35.53
25/04/2025,-517100,-11848570000,22.8(-0.87 %),783000,17990620000,1300100,29839190000,1265550892,35.56
28/04/2025,628000,14438225000,23.05(1.10 %),1087900,24977255000,459900,10539030000,1264597152,35.61
29/04/2025,-1746500,-40140280000,22.95(-0.43 %),57000,1311250000,1803500,41451530000,1265840418,35.54
05/05/2025,90380,-15085874100,23.1(0.65 %),90380,2090083000,0,17175957100,1266300449,35.52
06/05/2025,947100,22101655000,23.15(0.22 %),1007000,23499080000,59900,1397425000,1267156849,35.48
07/05/2025,-2058400,-47095360000,22.85(-1.30 %),823300,18939960000,2881700,66035320000,1267811290,35.44
08/05/2025,-2251000,-51351070000,23.1(1.09 %),1518700,34968610000,3769700,86319680000,1267811290,35.44
09/05/2025,-2910400,-67013060000,22.95(-0.65 %),516100,11960500000,3426500,78973560000,1269869634,35.34
12/05/2025,-1259000,-28804600000,23.2(1.09 %),1509100,34779690000,2768100,63584290000,1272120638,35.22
13/05/2025,-2669100,-62916670000,23.4(0.86 %),1393700,32865295000,4062800,95781965000,1275031178,35.08
14/05/2025,1335100,31868240000,23.9(2.14 %),5224500,123425465000,3889400,91557225000,1274955211,35.08
15/05/2025,1557850,10487210450,23.9(0.00 %),1557850,37387070000,0,26899859550,1277184817,34.97
16/05/2025,268800,-56000005000,23.7(-0.84 %),268800,6437165000,0,62437170000,1277184817,34.97
19/05/2025,878110,-22753316550,23.35(-1.48 %),878110,20685029500,0,43438346050,1277184817,34.97
20/05/2025,325952,-31013426300,23.5(0.64 %),325952,7665442000,0,38678868300,1279517717,34.85
21/05/2025,385998,-38399222200,23.35(-0.64 %),385998,9033798300,0,47433020500,1280486004,34.8
22/05/2025,1198700,-68307535000,23.35(0.00 %),1198700,28129320000,0,96436855000,1281807807,34.73
23/05/2025,-1597800,-37359420000,23.35(0.00 %),435800,10177135000,2033600,47536555000,1283451312,34.65
26/05/2025,928750,-5241449500,23.6(1.07 %),928750,21735382500,0,26976832000,1286353742,34.5
27/05/2025,-2162100,-51424275000,23.7(0.42 %),398800,9445540000,2560900,60869815000,1287951614,34.42
28/05/2025,415543,-58192522900,23.7(0.00 %),415543,10004057700,0,68196580600,1288184894,34.41
29/05/2025,39800,-11437320500,23.5(-0.84 %),39800,941085000,0,12378405500,1290347090,34.3
30/05/2025,1825147,7552513500,23.45(-0.21 %),1825147,42950137500,0,35397624000,1292448488,34.19
02/06/2025,560200,5578260900,23.7(1.07 %),560200,13218925000,0,7640664100,1292698165,34.18
03/06/2025,3542103,25831971300,24.5(3.38 %),3542103,86474783800,0,60642812500,1291627652,34.23
04/06/2025,142240,-2485553200,24.2(-1.22 %),142240,3449436750,0,5934989950,1291627652,34.23
05/06/2025,1890000,23230862000,23.95(-1.03 %),1890000,45632250000,0,22401388000,1290671092,34.28
06/06/2025,594814,-36456762000,23.6(-1.46 %),594814,14150703500,0,50607465500,1290768043,34.27
09/06/2025,181637,-896884000,23.35(-1.06 %),181637,4272700700,0,5169584700,1290768043,34.27
10/06/2025,38362,-21513691800,23.35(0.00 %),38362,897727900,0,22411419700,1292303585,34.2
11/06/2025,3735300,87757355000,23.5(0.64 %),4281200,100572185000,545900,12814830000,1288606810,34.38
12/06/2025,-859400,-20380290000,23.65(0.64 %),283000,6704610000,1142400,27084900000,1289525774,34.34
13/06/2025,-33000,-741015000,23.15(-2.11 %),1033200,24066935000,1066200,24807950000,1289525774,34.34
16/06/2025,1389700,32940275000,23.85(3.02 %),2384700,56312525000,995000,23372250000,1288995416,34.36
17/06/2025,1121400,26694520000,23.85(0.00 %),2542100,60542620000,1420700,33848100000,1287912023,34.42
18/06/2025,313200,7375035000,23.6(-1.05 %),1269200,30090995000,956000,22715960000,1287598860,34.44
19/06/2025,2566500,61029070000,23.9(1.27 %),2991700,71166070000,425200,10137000000,1285032455,34.57
20/06/2025,2178900,52236055000,24(0.42 %),6207500,149007225000,4028600,96771170000,1282853465,34.68
23/06/2025,942400,22385675000,23.75(-1.04 %),1182700,28087555000,240300,5701880000,1281911137,34.73
24/06/2025,6192600,150516695000,24.3(2.32 %),6439200,156494580000,246600,5977885000,1275718537,35.04
25/06/2025,2458200,60075850000,24.5(0.82 %),4008400,98221630000,1550200,38145780000,1273256275,35.17
26/06/2025,3635800,88517255000,24.5(0.00 %),4081900,99446675000,446100,10929420000,1269620500,35.35
27/06/2025,1889000,46474230000,24.65(0.61 %),3247800,79846495000,1358800,33372265000,1267731540,35.45
30/06/2025,833400,20607950000,24.7(0.20 %),1848000,45824920000,1014600,25216970000,1266898190,35.49
01/07/2025,494600,12099900000,24.45(-1.01 %),1513800,37184150000,1019200,25084250000,1266403820,35.51
02/07/2025,4415400,111648945000,25.5(4.29 %),6394600,160833070000,1979200,49184125000,1261988440,35.74
03/07/2025,16097900,416013455000,25.75(0.98 %),16651500,430282580000,553600,14269125000,1254992616,36.42
04/07/2025,3485000,90042000000,25.9(0.58 %),4562200,117839740000,1077200,27797740000,1251507681,36.6
07/07/2025,7527900,197738615000,26.3(1.54 %),8988200,236042180000,1460300,38303565000,1243979676,36.98
08/07/2025,10219300,274236790000,27.05(2.85 %),11128600,298696170000,909300,24459380000,1233760436,37.5
09/07/2025,16871500,476143505000,28.55(5.55 %),18878100,532276460000,2006600,56132955000,1216872631,38.35
10/07/2025,19316200,557611830000,28.95(1.40 %),21037800,607482840000,1721600,49871010000,1216872631,38.35
11/07/2025,17375900,512749280000,29.65(2.42 %),19073700,562852635000,1697800,50103355000,1180180818,40.21
14/07/2025,950500,28087175000,29.75(0.34 %),3353000,99056990000,2402500,70969815000,1179230424,40.26
15/07/2025,8032000,246519010000,30.5(2.52 %),10510200,323315385000,2478200,76796375000,1171198435,40.66
16/07/2025,4676100,145628115000,31.6(3.61 %),5097200,158649230000,421100,13021115000,1166511961,40.9
17/07/2025,2028400,63673180000,31.9(0.95 %),6289400,198871575000,4261000,135198395000,1166511961,40.9
18/07/2025,3077200,98177420000,31.8(-0.31 %),5006500,159363805000,1929300,61186385000,1161375374,41.16
21/07/2025,2189500,68488280000,31.35(-1.42 %),4705600,147467990000,2516100,78979710000,1159181090,41.27
22/07/2025,-7363900,-228046250000,32(2.07 %),6523800,204278805000,13887700,432325055000,1159181090,41.27
23/07/2025,3188900,102731900000,32.25(0.78 %),6241000,201379100000,3052100,98647200000,1155991279,41.44
24/07/2025,5649000,179304845000,32(-0.78 %),7876100,250342495000,2227100,71037650000,1157706561,41.35
25/07/2025,12239100,403261635000,34(6.25 %),14662200,484098105000,2423100,80836470000,1145467673,41.97
28/07/2025,-2950300,-103279520000,35.8(5.29 %),2151500,76671825000,5101800,179951345000,1145434173,41.97
29/07/2025,758600,20570805000,33.3(-6.98 %),7231700,246011115000,6473100,225440310000,1144072314,42.04
30/07/2025,-7200600,-241976315000,33.9(1.80 %),3781800,125936785000,10982400,367913100000,1147022927,41.89
31/07/2025,-307100,-11100810000,34.2(0.88 %),1774600,59847980000,2081700,70948790000,1147022927,41.89
01/08/2025,-13850900,-466966660000,33.2(-2.92 %),1782300,60646325000,15633200,527612985000,1154223636,41.52
04/08/2025,-12092900,-394381925000,34(2.41 %),2893800,96039725000,14986700,490421650000,1154530536,41.51
05/08/2025,1730600,58618790000,34.65(1.91 %),4988100,170624055000,3257500,112005265000,1166650686,40.9
06/08/2025,3644600,127390170000,35.3(1.88 %),4690900,163939790000,1046300,36549620000,1175099507,40.47
07/08/2025,750100,26263515000,35.15(-0.42 %),3099300,108885125000,2349200,82621610000,1174337339,40.51
08/08/2025,-5672800,-206317715000,35.5(1.00 %),3579600,128514210000,9252400,334831925000,1174337339,40.51
11/08/2025,2118200,78618150000,37.5(5.63 %),5358600,195091445000,3240400,116473295000,1172214501,40.61
12/08/2025,-3357700,-124918375000,36.75(-2.00 %),1612800,59524545000,4970500,184442920000,1177831074,40.33
13/08/2025,-5289100,-193029330000,36.75(0.00 %),3149200,114460490000,8438300,307489820000,1177831074,40.33
14/08/2025,-7884000,-291801335000,36.8(0.14 %),1462600,54002585000,9346600,345803920000,1181186843,40.16
15/08/2025,-1776700,-65875055000,36.55(-0.68 %),1712900,63051875000,3489600,128926930000,1186476191,39.89
18/08/2025,-1663300,-60570300000,35.8(-2.05 %),2770200,99565740000,4433500,160136040000,1194360511,39.49
19/08/2025,2765700,100607825000,36.75(2.65 %),6226600,226316665000,3460900,125708840000,1193371851,39.54
20/08/2025,1882200,67415520000,36.1(-1.77 %),4756500,170713785000,2874300,103298265000,1193124417,39.55
21/08/2025,6866100,252423310000,37.05(2.63 %),8850800,326277595000,1984700,73854285000,1186493916,39.89
22/08/2025,-1940900,-70722215000,35.75(-3.51 %),1985400,71763380000,3926300,142485595000,1186493916,39.89
25/08/2025,2214800,81333645000,36.65(2.52 %),8001400,294540220000,5786600,213206575000,1186493916,39.89
26/08/2025,-2465700,-92716115000,0(-100.00 %),4139600,157286325000,6605300,250002440000,1184279185,40.0
