Ngay,KLGDRong,GTDGRong,ThayDoi,KLMua,GtMua,KLBan,GtBan,RoomConLai,DangSoHuu
05/10/2017,1254400,17867900000,0(0.00 %),1254400,17867900000,0,0,31045600,44.19
06/10/2017,1000,13700000,0(0.00 %),1000,13700000,0,0,31044600,44.19
10/10/2017,100100,1396380000,0(0.00 %),100100,1396380000,0,0,30936500,44.21
11/10/2017,0,0,0(0.00 %),0,0,0,0,30936500,44.21
12/10/2017,25000,325000000,0(0.00 %),25000,325000000,0,0,30911500,44.21
16/10/2017,-600000,-7513910000,0(0.00 %),0,0,600000,7513910000,30911500,44.21
17/10/2017,-340,-4253000,0(0.00 %),210,2760000,550,7013000,30911290,44.21
18/10/2017,100,1350000,0(0.00 %),100,1350000,0,0,30911190,44.21
19/10/2017,63431,827603000,0(0.00 %),63431,827603000,0,0,31447759,44.13
20/10/2017,4569,59047000,0(0.00 %),4569,59047000,0,0,31443740,44.13
23/10/2017,14000,177840000,0(0.00 %),14000,177840000,0,0,31429740,44.13
24/10/2017,1370000,17618530000,13(2.36 %),1370000,17618530000,0,0,30059740,44.35
25/10/2017,2546400,34296810000,13.6(5.43 %),2546400,34296810000,0,0,27513340,44.74
26/10/2017,3370500,45631190000,13.6(0.74 %),3380700,45768880000,10200,137690000,24132640,45.26
27/10/2017,527500,7099980000,13.5(0.00 %),527500,7099980000,0,0,23605140,45.35
30/10/2017,277100,3705320000,13.3(-1.48 %),278000,3717300000,900,11980000,23327140,45.39
31/10/2017,210900,2760030000,13(-2.26 %),210900,2760030000,0,0,23126440,45.42
01/11/2017,226100,2954460000,13.1(0.00 %),232600,3038960000,6500,84500000,22893840,45.46
02/11/2017,0,0,13(0.00 %),0,0,0,0,22894740,45.46
03/11/2017,99100,1273380000,12.8(-1.54 %),100100,1286280000,1000,12900000,22794640,45.47
06/11/2017,0,0,12.7(-0.78 %),1550000,19835000000,1550000,19835000000,22751140,45.48
07/11/2017,1007600,12605180000,12.5(-1.57 %),1028600,12867680000,21000,262500000,21722540,45.64
08/11/2017,930000,11790510000,12.9(3.20 %),930000,11790510000,0,0,20793540,45.78
09/11/2017,1274500,16853220000,13.2(3.94 %),1274500,16853220000,0,0,19569040,45.97
10/11/2017,1324490,17432809000,13(-1.52 %),1324500,17432940000,10,131000,18265540,46.17
13/11/2017,501300,6514900000,13(-0.76 %),503000,6537000000,1700,22100000,17762540,46.25
14/11/2017,389400,4891700000,12.6(3.28 %),390000,4899140000,600,7440000,17372540,46.31
15/11/2017,805000,10185220000,12.8(1.59 %),805000,10185220000,0,0,16567550,46.44
16/11/2017,2334510,30744380000,13.3(4.72 %),2334510,30744380000,0,0,14234740,46.8
17/11/2017,181110,2383582000,13(-0.76 %),181710,2391442000,600,7860000,14053630,46.82
20/11/2017,400000,5218500000,12.9(-1.53 %),400000,5218500000,0,0,13653630,46.89
21/11/2017,1010500,13092450000,13(0.00 %),1010500,13092450000,0,0,12643130,47.04
22/11/2017,1408510,18509851000,13.1(1.55 %),1408510,18509851000,0,0,11235220,47.26
23/11/2017,355000,4728460000,13.2(0.76 %),364000,4846460000,9000,118000000,10871220,47.32
24/11/2017,1700100,22441290000,13.3(0.76 %),1708100,22546090000,8000,104800000,9163120,47.58
27/11/2017,4033300,55194880000,13.9(5.30 %),4034000,55204270000,700,9390000,5129120,48.21
28/11/2017,5133500,71500990000,13.6(0.00 %),5138100,71564470000,4600,63480000,20,49.0
29/11/2017,8000,107800000,13.3(-4.32 %),8000,107800000,0,0,20,49.0
30/11/2017,-7300,-97680000,13.4(0.00 %),700,9520000,8000,107200000,20,49.0
01/12/2017,4600,60200000,13(-2.99 %),4600,60200000,0,0,20,49.0
04/12/2017,0,0,13.1(0.77 %),0,0,0,0,20,49.0
05/12/2017,2200,28800000,13(-0.76 %),2200,28800000,0,0,5820,49.0
06/12/2017,1300,16930000,12.9(-1.53 %),1700,22100000,400,5170000,4120,49.0
07/12/2017,-9900,-127310000,12.9(-0.77 %),100,1290000,10000,128600000,4020,49.0
08/12/2017,-600,-7460000,13.1(1.55 %),2800,36400000,3400,43860000,1220,49.0
11/12/2017,-14700,-197040000,13.4(3.08 %),900,12150000,15600,209190000,720,49.0
12/12/2017,10700,142310000,13.3(-0.75 %),10700,142310000,0,0,20,49.0
13/12/2017,3400,44850000,13.1(0.00 %),3400,44850000,0,0,20,49.0
14/12/2017,13000,170300000,13.2(0.76 %),13000,170300000,0,0,2620,49.0
15/12/2017,2600,33900000,13(-0.76 %),2600,33900000,0,0,20,49.0
18/12/2017,-1900,-24700000,13.1(0.77 %),0,0,1900,24700000,20,49.0
19/12/2017,0,0,13.1(0.77 %),0,0,0,0,20,49.0
20/12/2017,0,0,13.2(1.54 %),0,0,0,0,20,49.0
21/12/2017,1900,25270000,13.1(-0.76 %),1900,25270000,0,0,20,49.0
22/12/2017,0,0,13.1(0.00 %),0,0,0,0,20,49.0
25/12/2017,0,0,13(-0.76 %),0,0,0,0,20,49.0
26/12/2017,-1800,-23220000,13(0.00 %),0,0,1800,23220000,20,49.0
27/12/2017,0,0,12.8(-0.78 %),0,0,0,0,20,49.0
28/12/2017,0,0,12.9(0.00 %),0,0,0,0,20,49.0
29/12/2017,-8200,-105600000,12.9(0.78 %),1800,23400000,10000,129000000,20,49.0
02/01/2018,-14900,-192210000,13(0.78 %),0,0,14900,192210000,20,49.0
03/01/2018,-700,-9380000,13.5(3.85 %),0,0,700,9380000,20,49.0
04/01/2018,9990,134864000,13.6(1.49 %),10000,135000000,10,136000,20,49.0
05/01/2018,12900,175950000,13.5(0.00 %),14900,202750000,2000,26800000,20,49.0
08/01/2018,700,9450000,14.1(4.44 %),700,9450000,0,0,20,49.0
09/01/2018,-25990,-366453000,14.7(7.30 %),10,147000,26000,366600000,20,49.0
10/01/2018,2020,30300000,14.6(0.00 %),2020,30300000,0,0,20,49.0
11/01/2018,0,0,15.9(8.90 %),0,0,0,0,20,49.0
12/01/2018,25800,421250000,15.8(2.60 %),26000,424400000,200,3150000,20,49.0
15/01/2018,-50010,-785157000,15.9(-1.85 %),0,0,50010,785157000,20,49.0
16/01/2018,-1000,-15500000,15.4(-2.53 %),0,0,1000,15500000,20,49.0
17/01/2018,-200,-3180000,15.3(-1.29 %),100,1590000,300,4770000,100,49.0
18/01/2018,50100,801530000,15.7(0.64 %),50100,801530000,0,0,10,49.0
19/01/2018,-2490,-38734200,15.7(1.95 %),1010,15955800,3500,54690000,10,49.0
22/01/2018,-7700,-120090000,15.6(-0.64 %),300,4710000,8000,124800000,10,49.0
23/01/2018,-100,-1690000,17(8.28 %),0,0,100,1690000,10,49.0
24/01/2018,3500,59430000,17.4(5.45 %),3500,59430000,0,0,10,49.0
25/01/2018,-19500,-336340000,17.4(-0.57 %),508000,9141210000,527500,9477550000,10,49.0
26/01/2018,-13900,-240740000,17.2(-1.71 %),100,1740000,14000,242480000,10,49.0
29/01/2018,0,0,17.6(1.73 %),0,0,0,0,10,49.0
30/01/2018,27500,488810000,17.7(1.14 %),27500,488810000,0,0,10,49.0
31/01/2018,13000,233200000,17.6(0.00 %),14000,250800000,1000,17600000,10,49.0
01/02/2018,0,0,16(-4.19 %),0,0,0,0,10,49.0
02/02/2018,0,0,15.8(-1.86 %),0,0,0,0,10,49.0
05/02/2018,1000,16000000,14.5(-7.64 %),51000,801000000,50000,785000000,10,49.0
06/02/2018,-70,-911500,13.9(-6.71 %),0,0,70,911500,10,49.0
07/02/2018,0,0,14.9(12.03 %),74000,1095200000,74000,1095200000,10,49.0
08/02/2018,0,0,14.3(-2.05 %),0,0,0,0,10,49.0
09/02/2018,70,1162000,14.6(0.69 %),70,1162000,0,0,10,49.0
12/02/2018,0,0,15(6.38 %),0,0,0,0,10,49.0
13/02/2018,-28000,-433200000,15.6(5.41 %),0,0,28000,433200000,10,49.0
21/02/2018,-113000,-1787870000,15.7(1.95 %),0,0,113000,1787870000,10,49.0
22/02/2018,-131000,-2040130000,15.5(-1.90 %),0,0,131000,2040130000,10,49.0
23/02/2018,-51000,-783880000,15.7(0.64 %),74000,1152000000,125000,1935880000,10,49.0
26/02/2018,5000,85830000,15.6(0.00 %),113000,1806060000,108000,1720230000,10,49.0
27/02/2018,43000,718890000,15.6(-1.89 %),131000,2095190000,88000,1376300000,10,49.0
28/02/2018,79000,1224500000,15.5(-1.27 %),79000,1224500000,0,0,10,49.0
01/03/2018,108000,1653380000,15(-2.60 %),108000,1653380000,0,0,10,49.0
02/03/2018,73500,1087900000,14.9(-0.67 %),88000,1301050000,14500,213150000,10,49.0
05/03/2018,0,0,14.4(-2.70 %),0,0,0,0,10,49.0
06/03/2018,-45000,-658800000,14.9(0.68 %),0,0,45000,658800000,10,49.0
07/03/2018,14500,216050000,14.8(0.68 %),14500,216050000,0,0,10,49.0
08/03/2018,0,0,14.7(0.00 %),0,0,0,0,10,49.0
09/03/2018,45000,685870000,15.7(6.80 %),45000,685870000,0,0,10,49.0
12/03/2018,0,0,16.1(3.21 %),0,0,0,0,10,49.0
13/03/2018,0,0,16.1(-0.62 %),0,0,0,0,10,49.0
14/03/2018,0,0,16(0.63 %),0,0,0,0,10,49.0
15/03/2018,0,0,15.9(-0.62 %),0,0,0,0,10,49.0
16/03/2018,0,0,16.1(2.55 %),130000,2145000000,130000,2145000000,10,49.0
19/03/2018,0,0,15.8(-1.25 %),0,0,0,0,10,49.0
20/03/2018,3561645,58438062500,16.4(3.80 %),3588645,58894362500,27000,456300000,10,49.0
21/03/2018,0,0,16.1(-1.83 %),0,0,0,0,10,49.0
22/03/2018,0,0,15.9(-2.45 %),0,0,0,0,10,49.0
23/03/2018,27000,426270000,15.5(-3.12 %),27000,426270000,0,0,10,49.0
26/03/2018,-14874,-230000100,15.6(1.30 %),0,0,14874,230000100,10,49.0
27/03/2018,-44000,-690800000,15.5(0.00 %),0,0,44000,690800000,10,49.0
28/03/2018,-800,-12000000,15.1(-3.21 %),0,0,800,12000000,10,49.0
29/03/2018,14800,224740000,15.1(0.00 %),14800,224740000,0,0,74,49.0
30/03/2018,44000,673010000,15(-0.66 %),44000,673010000,0,0,74,49.0
02/04/2018,870,13057000,15.2(1.33 %),870,13057000,0,0,4,49.0
03/04/2018,-1600,-24160000,15.2(0.66 %),0,0,1600,24160000,4,49.0
04/04/2018,0,0,15.9(5.30 %),0,0,0,0,4,49.0
05/04/2018,0,0,16.3(3.16 %),0,0,0,0,4,49.0
06/04/2018,-76865,-1315252000,17.4(8.07 %),1600,26880000,78465,1342132000,4,49.0
09/04/2018,-20000,-352400000,18(5.26 %),0,0,20000,352400000,4,49.0
10/04/2018,-20000,-360000000,17.5(-1.13 %),0,0,20000,360000000,4,49.0
11/04/2018,50136,895970000,17(-5.03 %),78469,1386787500,28333,490817500,4,49.0
12/04/2018,-8666,-138008800,16.9(-2.31 %),20000,338860000,28666,476868800,4,49.0
13/04/2018,20000,341500000,16.8(0.60 %),20000,341500000,0,0,4,49.0
16/04/2018,27690,459469000,16.5(-2.37 %),27790,461129000,100,1660000,543,49.0
17/04/2018,29200,501880000,16.7(0.60 %),29200,501880000,0,0,9,49.0
18/04/2018,0,0,16.4(-0.61 %),0,0,0,0,9,49.0
19/04/2018,-233,-3638000,15.8(-4.82 %),100,1660000,333,5298000,9,49.0
20/04/2018,0,0,16.2(1.25 %),0,0,0,0,9,49.0
23/04/2018,-53300,-838940000,15(-6.25 %),0,0,53300,838940000,9,49.0
24/04/2018,300,4560000,15.1(-1.95 %),300,4560000,0,0,42,49.0
26/04/2018,40,604800,14.6(-2.67 %),40,604800,0,0,2,49.0
27/04/2018,24500,364150000,15(2.04 %),24500,364150000,0,0,28802,49.0
02/05/2018,1300,19300000,14.6(-2.01 %),1300,19300000,0,0,27502,49.0
03/05/2018,5000,72300000,14.3(-2.72 %),5000,72300000,0,0,22502,49.0
04/05/2018,6600,93800000,14.3(1.42 %),6600,93800000,0,0,15902,49.0
07/05/2018,0,0,14.8(3.50 %),0,0,0,0,15902,49.0
08/05/2018,15900,229560000,14.5(-0.68 %),15900,229560000,0,0,2,49.0
10/05/2018,0,0,13.8(-2.82 %),0,0,0,0,2,49.0
11/05/2018,0,0,14(0.72 %),0,0,0,0,2,49.0
14/05/2018,-32998,-455377400,14.1(2.17 %),0,0,32998,455377400,2,49.0
15/05/2018,0,0,14(0.72 %),0,0,0,0,2,49.0
16/05/2018,-2500,-34500000,13.9(-0.71 %),0,0,2500,34500000,2,49.0
17/05/2018,33000,458700000,13.7(-1.44 %),33000,458700000,0,0,2,49.0
18/05/2018,0,0,13.3(-3.62 %),0,0,0,0,2,49.0
21/05/2018,2500,33250000,12.7(-3.79 %),2500,33250000,0,0,2,49.0
22/05/2018,0,0,12(-6.98 %),0,0,0,0,2,49.0
23/05/2018,-1700,-19890000,12.2(1.67 %),0,0,1700,19890000,2,49.0
24/05/2018,0,0,12.1(0.83 %),0,0,0,0,2,49.0
25/05/2018,0,0,12(-0.83 %),0,0,0,0,2,49.0
28/05/2018,1700,20910000,11.3(-6.61 %),1700,20910000,0,0,2,49.0
29/05/2018,0,0,12.2(6.09 %),0,0,0,0,2,49.0
30/05/2018,0,0,11.8(-0.84 %),0,0,0,0,2,49.0
31/05/2018,-16600,-200860000,12.2(2.52 %),0,0,16600,200860000,2,49.0
01/06/2018,0,0,12.2(0.83 %),0,0,0,0,2,49.0
04/06/2018,0,0,12.6(3.28 %),0,0,0,0,2,49.0
05/06/2018,16600,209290000,12.8(3.23 %),16600,209290000,0,0,2,49.0
06/06/2018,0,0,13(2.36 %),0,0,0,0,2,49.0
07/06/2018,-162720,-2079666000,12.8(0.00 %),0,0,162720,2079666000,2,49.0
08/06/2018,0,0,12.6(-1.56 %),0,0,0,0,2,49.0
11/06/2018,-29450,-367435000,12.5(-0.79 %),0,0,29450,367435000,2,49.0
12/06/2018,162720,2036714000,12.2(-2.40 %),162720,2036714000,0,0,2,49.0
13/06/2018,-69,-841800,12.3(0.82 %),0,0,69,841800,2,49.0
14/06/2018,29400,361620000,12.1(-0.82 %),29400,361620000,0,0,50,49.0
15/06/2018,-40000,-480000000,12.2(0.83 %),0,0,40000,480000000,50,49.0
18/06/2018,-19900,-233980000,11.7(-2.50 %),100,1210000,20000,235190000,19,49.0
19/06/2018,0,0,11.4(-3.39 %),0,0,0,0,19,49.0
20/06/2018,510,5815000,11.7(3.54 %),510,5815000,0,0,39509,48.99
21/06/2018,59000,678300000,11.6(0.00 %),59000,678300000,0,0,509,49.0
22/06/2018,500,5700000,11.6(0.87 %),500,5700000,0,0,9,49.0
25/06/2018,0,0,11.6(0.87 %),0,0,0,0,9,49.0
26/06/2018,-90000,-1026000000,11.5(-0.86 %),0,0,90000,1026000000,9,49.0
27/06/2018,-100000,-1138800000,11.4(0.00 %),0,0,100000,1138800000,9,49.0
28/06/2018,0,0,11.2(-1.75 %),0,0,0,0,9,49.0
29/06/2018,90000,1014770000,11.2(0.00 %),90000,1014770000,0,0,9,49.0
02/07/2018,70000,777600000,11(-1.79 %),100000,1110000000,30000,332400000,9,49.0
03/07/2018,-37000,-395900000,10.5(-4.55 %),0,0,37000,395900000,9,49.0
04/07/2018,-120000,-1239990000,10.4(-2.80 %),0,0,120000,1239990000,9,49.0
05/07/2018,-7000,-40170000,9.9(-4.81 %),30000,340810000,37000,380980000,9,49.0
06/07/2018,-41300,-402480000,10.5(3.96 %),37000,375840000,78300,778320000,9,49.0
09/07/2018,-2000,11310000,10.2(0.99 %),120000,1270800000,122000,1259490000,9,49.0
10/07/2018,-44200,-445010000,10.3(0.00 %),37000,388730000,81200,833740000,9,49.0
11/07/2018,-1700,7670000,9.9(-3.88 %),78300,801330000,80000,793660000,9,49.0
12/07/2018,42000,453620000,9.9(-1.00 %),122000,1251280000,80000,797660000,9,49.0
13/07/2018,1200,27520000,10.3(1.98 %),81200,839200000,80000,811680000,9,49.0
16/07/2018,-3000,49240000,10.5(2.94 %),80000,908600000,83000,859360000,9,49.0
17/07/2018,0,30220000,10.7(1.90 %),80000,854490000,80000,824270000,9,49.0
18/07/2018,80000,858800000,11(4.76 %),130000,1403800000,50000,545000000,9,49.0
19/07/2018,83000,913000000,10.8(0.00 %),83000,913000000,0,0,9,49.0
20/07/2018,80000,869490000,10.8(0.00 %),80000,869490000,0,0,9,49.0
23/07/2018,0,0,9.7(-9.35 %),0,0,0,0,9,49.0
24/07/2018,-30000,-294000000,9.8(-2.00 %),0,0,30000,294000000,9,49.0
25/07/2018,-1000,-9800000,10.2(4.08 %),0,0,1000,9800000,9,49.0
26/07/2018,0,0,10(-0.99 %),0,0,0,0,9,49.0
27/07/2018,30000,299970000,10(1.01 %),30000,299970000,0,0,9,49.0
30/07/2018,1000,10000000,10.1(1.00 %),1000,10000000,0,0,9,49.0
31/07/2018,0,0,9.9(-1.00 %),0,0,0,0,9,30.0
01/08/2018,0,0,9.7(-3.00 %),0,0,0,0,9,49.0
02/08/2018,-400000,-3723200000,9.5(-2.06 %),0,0,400000,3723200000,9,49.0
03/08/2018,-57500,-538940000,9.4(1.08 %),232500,2325000000,290000,2863940000,9,49.0
06/08/2018,0,0,9.3(-1.06 %),0,0,0,0,9,49.0
07/08/2018,400000,3738350000,9.2(0.00 %),400000,3738350000,0,0,9,49.0
08/08/2018,57500,534750000,9.6(3.23 %),57500,534750000,0,0,9,49.0
09/08/2018,-16000,-151840000,9.5(1.06 %),0,0,16000,151840000,9,49.0
10/08/2018,0,0,9.6(1.05 %),0,0,0,0,9,49.0
13/08/2018,-5000,-48000000,9.7(2.11 %),0,0,5000,48000000,9,49.0
14/08/2018,10450,102275000,9.7(1.04 %),16000,155700000,5550,53425000,9,49.0
15/08/2018,-172700,-1640650000,9.4(-3.09 %),0,0,172700,1640650000,172709,29.98
16/08/2018,5000,47000000,9.4(-1.05 %),107200,1017900000,102200,970900000,9,49.0
17/08/2018,-114450,-1071800000,9.4(1.08 %),5550,52700000,120000,1124500000,114459,29.98
20/08/2018,52700,501380000,9.4(0.00 %),3672700,34523380000,3620000,34022000000,9,49.0
21/08/2018,0,0,9.3(-1.06 %),0,0,0,0,9,49.0
22/08/2018,0,0,9.5(2.15 %),0,0,0,0,120009,48.98
23/08/2018,14100,133900000,9.5(0.00 %),3514100,33243900000,3500000,33110000000,225909,48.97
24/08/2018,225900,2123460000,9.5(1.06 %),225900,2123460000,0,0,9,49.0
27/08/2018,-1800,-16740000,9.4(0.00 %),0,0,1800,16740000,9,49.0
28/08/2018,-9300,-86580000,9.3(-1.06 %),0,0,9300,86580000,9,49.0
29/08/2018,-40066,-372613800,9.2(-2.13 %),0,0,40066,372613800,9,49.0
30/08/2018,-28200,-262260000,9.4(1.08 %),1800,16740000,30000,279000000,9,49.0
31/08/2018,-10700,-98580000,9.3(0.00 %),9300,87420000,20000,186000000,9,49.0
04/09/2018,0,0,9.3(0.00 %),0,0,0,0,40075,48.99
05/09/2018,70000,651000000,9.2(0.00 %),70000,651000000,0,0,75,49.0
06/09/2018,20000,184000000,9.1(-1.09 %),20000,184000000,0,0,75,49.0
07/09/2018,0,0,9(-1.10 %),0,0,0,0,75,49.0
12/09/2018,-314000,-2825620000,9(1.12 %),0,0,314000,2825620000,75,49.0
13/09/2018,-46000,-414000000,9(0.00 %),0,0,46000,414000000,0,0.0
14/09/2018,-254980,-2295912000,9.1(1.11 %),1000,9000000,255980,2304912000,261295,48.97
17/09/2018,0,0,9(-1.10 %),0,0,0,0,575295,48.92
18/09/2018,-196100,-1756470000,9.1(1.11 %),4200,38200000,200300,1794670000,617095,48.92
19/09/2018,-69700,-647180000,9.5(5.56 %),300,2820000,70000,650000000,872775,48.88
20/09/2018,143167,1360243100,9.6(2.13 %),151500,1439400000,8333,79156900,721275,48.9
21/09/2018,656900,6419980000,10.3(8.42 %),726900,7133980000,70000,714000000,64375,29.99
24/09/2018,-2900,-29060000,10.1(0.00 %),2100,21440000,5000,50500000,262575,48.96
25/09/2018,7200,72020000,10.1(0.00 %),7200,72020000,0,0,263708,48.96
26/09/2018,69115,691574000,10.1(0.00 %),79615,796574000,10500,105000000,254093,48.97
27/09/2018,0,0,10.1(0.00 %),0,0,0,0,259093,48.97
28/09/2018,-227900,-2386480000,10.4(1.96 %),100,1060000,228000,2387540000,486993,29.94
01/10/2018,-311500,-3391200000,10.7(2.88 %),200000,2178000000,511500,5569200000,69493,29.99
02/10/2018,-95915,-1026520500,10.6(-1.85 %),2300,24380000,98215,1050900500,165408,29.98
03/10/2018,4200,44500000,10.5(-0.94 %),4200,44500000,0,0,161208,29.98
04/10/2018,0,0,10.6(0.95 %),0,0,0,0,802493,48.89
05/10/2018,100,1060000,10.4(-0.95 %),100,1060000,0,0,900608,48.88
08/10/2018,0,0,10.3(-0.96 %),0,0,0,0,900608,29.88
09/10/2018,0,0,10.2(0.00 %),0,0,0,0,900608,48.88
10/10/2018,-67000,-672200000,10(-1.96 %),0,0,67000,672200000,900608,48.88
11/10/2018,-190265,-1783584500,9.3(-7.00 %),1000,9100000,191265,1792684500,899608,48.88
12/10/2018,-82732,-780170800,9.6(2.13 %),600,5660000,83332,785830800,899008,48.88
15/10/2018,966000,9304950000,9.5(1.06 %),1129500,10841850000,163500,1536900000,8,49.0
16/10/2018,155000,1488000000,9.7(1.04 %),155000,1488000000,0,0,36273,49.0
17/10/2018,91700,899390000,9.7(1.04 %),100700,988490000,9000,89100000,18905,49.0
18/10/2018,15300,145850000,9.5(-3.06 %),15300,145850000,0,0,3605,49.0
19/10/2018,0,0,9.5(-1.04 %),0,0,0,0,3605,49.0
22/10/2018,0,0,9.4(-1.05 %),0,0,0,0,12605,49.0
23/10/2018,0,0,9.3(-2.11 %),0,0,0,0,12605,49.0
24/10/2018,-59600,-542340000,9.2(0.00 %),8000,74400000,67600,616740000,4605,49.0
25/10/2018,-600,-5400000,9.1(-1.09 %),0,0,600,5400000,4605,49.0
26/10/2018,0,0,9.3(2.20 %),0,0,0,0,4605,49.0
29/10/2018,70000,560000000,9.2(-1.08 %),70000,560000000,0,0,2205,49.0
30/10/2018,-219500,-2016180000,9.1(-1.09 %),0,0,219500,2016180000,2805,49.0
31/10/2018,0,0,9.4(2.17 %),0,0,0,0,2805,49.0
01/11/2018,-250000,-2306000000,9.2(-1.08 %),0,0,250000,2306000000,2805,49.0
02/11/2018,-50000,-451960000,9.2(0.00 %),200000,1848040000,250000,2300000000,22305,49.0
05/11/2018,0,0,9.2(0.00 %),0,0,0,0,22305,49.0
06/11/2018,0,0,9.2(0.00 %),0,0,0,0,272305,48.96
07/11/2018,0,0,9.2(0.00 %),0,0,0,0,522305,48.93
08/11/2018,0,0,9.3(1.09 %),1136500,10569450000,1136500,10569450000,522305,48.93
09/11/2018,0,0,9.2(0.00 %),0,0,0,0,522305,48.93
12/11/2018,214410,1951541000,9.2(0.00 %),214410,1951541000,0,0,307895,48.96
13/11/2018,1000,9000000,8.9(-2.20 %),1000,9000000,0,0,306895,48.96
14/11/2018,1000,8900000,9(0.00 %),1000,8900000,0,0,305895,48.96
15/11/2018,0,0,9(1.12 %),0,0,0,0,305895,48.96
16/11/2018,0,0,9(0.00 %),0,0,0,0,305895,48.96
19/11/2018,51500,468650000,9.2(2.22 %),71400,649740000,19900,181090000,234495,48.97
20/11/2018,0,0,9.2(1.10 %),0,0,0,0,234495,48.97
21/11/2018,0,0,9.1(0.00 %),0,0,0,0,234495,48.97
22/11/2018,19967,187686500,9.5(4.40 %),20000,188000000,33,313500,234395,48.97
23/11/2018,0,0,9.5(1.06 %),0,0,0,0,234395,48.97
26/11/2018,150000,1410000000,9.4(-1.05 %),150000,1410000000,0,0,84395,48.99
27/11/2018,0,0,9.2(-2.13 %),0,0,0,0,84428,48.99
28/11/2018,20000,187000000,9.3(0.00 %),20000,187000000,0,0,64428,48.99
29/11/2018,-24999,-232490700,9.4(1.08 %),0,0,24999,232490700,64428,48.99
30/11/2018,0,0,9.5(1.06 %),0,0,0,0,64428,29.99
03/12/2018,27200,263990000,9.7(3.19 %),27200,263990000,0,0,37228,49.0
04/12/2018,-15000,-146360000,9.9(2.06 %),0,0,15000,146360000,62227,48.99
05/12/2018,0,0,9.8(0.00 %),0,0,0,0,62227,48.99
06/12/2018,-22000,-215600000,9.9(1.02 %),0,0,22000,215600000,62227,48.99
07/12/2018,23880,244704900,10(1.01 %),77200,772830000,53320,528125100,27,49.0
10/12/2018,0,0,9.9(-1.00 %),0,0,0,0,27,49.0
11/12/2018,-177733,-1735458400,9.8(-1.01 %),22000,220000000,199733,1955458400,27,49.0
12/12/2018,-283004,-2763259200,9.9(0.00 %),53300,532520000,336304,3295779200,47,49.0
13/12/2018,0,0,9.7(-1.02 %),0,0,0,0,47,49.0
14/12/2018,163060,1608682000,9.7(0.00 %),199700,1961740000,36640,353058000,80,49.0
17/12/2018,291994,2863591800,9.6(-1.03 %),336300,3295010000,44306,431418200,84,49.0
18/12/2018,-9533,-89613500,9.5(-2.06 %),0,0,9533,89613500,84,49.0
19/12/2018,36700,353680000,9.5(0.00 %),36700,353680000,0,0,24,49.0
20/12/2018,43800,424800000,9.5(0.00 %),44300,429550000,500,4750000,30,49.0
21/12/2018,2800,26320000,9.5(0.00 %),2800,26320000,0,0,6763,49.0
24/12/2018,-79071,-742467400,9.3(-1.06 %),0,0,79071,742467400,6763,49.0
25/12/2018,-13900,-125300000,9.2(-2.13 %),1000,9100000,14900,134400000,6263,49.0
26/12/2018,1000,9100000,9.5(4.40 %),1000,9100000,0,0,5263,49.0
27/12/2018,-19200,-176720000,9.2(3.37 %),800,7280000,20000,184000000,83534,48.99
28/12/2018,21000,195400000,9.2(1.10 %),21000,195400000,0,0,77434,48.99
02/01/2019,0,0,9.1(-4.21 %),0,0,0,0,77434,48.99
03/01/2019,-703400,-6208850000,8.9(-2.20 %),0,0,703400,6208850000,780834,29.9
04/01/2019,-124400,-1077900000,8.8(-1.12 %),97400,855710000,221800,1933610000,905234,29.88
07/01/2019,-124000,-1083531400,8.7(0.00 %),0,0,124000,1083531400,1029234,29.86
08/01/2019,235934,2091609200,8.9(2.30 %),252600,2238270000,16666,146660800,793300,29.89
10/01/2019,0,0,8.8(-1.12 %),0,0,0,0,793300,29.89
11/01/2019,0,0,8.8(-1.12 %),0,0,0,0,793300,29.89
14/01/2019,0,0,8.7(-1.14 %),0,0,0,0,793300,0.0
15/01/2019,-123000,-1068240000,8.8(0.00 %),7000,60900000,130000,1129140000,916300,0.0
16/01/2019,-139500,-1199700000,8.6(-1.15 %),500,4300000,140000,1204000000,1055800,0.0
17/01/2019,2000,17200000,8.5(-1.16 %),2000,17200000,0,0,1053800,0.0
18/01/2019,-100000,-845610000,8.5(-1.16 %),0,0,100000,845610000,1153800,0.0
21/01/2019,-180000,-1530000000,8.6(1.18 %),0,0,180000,1530000000,1333800,0.0
22/01/2019,-153900,-1308540000,8.6(1.18 %),0,0,153900,1308540000,1487700,0.0
24/01/2019,-100000,-860000000,8.6(1.18 %),0,0,100000,860000000,1587700,0.0
25/01/2019,-100000,-856370000,8.6(0.00 %),0,0,100000,856370000,1687700,0.0
28/01/2019,-100000,-850200000,8.5(-1.16 %),0,0,100000,850200000,1787700,0.0
29/01/2019,-30000,-255000000,8.6(1.18 %),0,0,30000,255000000,1817700,0.0
30/01/2019,0,0,8.6(1.18 %),0,0,0,0,1817700,0.0
31/01/2019,-160000,-1385500000,8.6(-1.15 %),10000,86000000,170000,1471500000,1977700,0.0
01/02/2019,-152000,-1307200000,8.6(-1.15 %),30000,258000000,182000,1565200000,1797700,0.0
11/02/2019,-11334,-99239200,8.9(3.49 %),66,580800,11400,99820000,1809034,0.0
12/02/2019,259600,2330900000,9.1(3.41 %),259600,2330900000,0,0,1549434,0.06
13/02/2019,121935,1097441500,9(0.00 %),172000,1548000000,50065,450558500,1427499,0.06
14/02/2019,0,0,9(0.00 %),0,0,0,0,1427499,0.04
15/02/2019,-140098,-1238662400,8.9(0.00 %),0,0,140098,1238662400,1567597,0.02
18/02/2019,-225689,-1987075600,8.9(0.00 %),0,0,225689,1987075600,1793286,0.0
19/02/2019,-290303,-2533975500,8.8(-1.12 %),3000,26400000,293303,2560375500,2083589,0.0
20/02/2019,100,910000,9.2(4.55 %),100,910000,0,0,2083489,0.0
21/02/2019,0,0,9.2(2.22 %),0,0,0,0,2083489,0.01
22/02/2019,1000,9200000,9.1(-1.09 %),1000,9200000,0,0,2082489,0.05
25/02/2019,0,0,9.2(1.10 %),0,0,0,0,2082489,0.05
26/02/2019,0,0,9(-2.17 %),0,0,0,0,2082489,0.05
27/02/2019,0,0,9.1(0.00 %),0,0,0,0,2082489,0.05
28/02/2019,1600,14350000,9(-1.10 %),1600,14350000,0,0,2080889,4.72
01/03/2019,100,900000,9(0.00 %),100,900000,0,0,2432789,0.0
04/03/2019,0,0,9.1(1.11 %),0,0,0,0,2432789,0.0
05/03/2019,0,0,9.2(1.10 %),0,0,0,0,2432789,0.0
06/03/2019,0,0,9.2(0.00 %),0,0,0,0,2432789,0.0
07/03/2019,180200,1657840000,9.3(2.20 %),180200,1657840000,0,0,2252589,0.02
08/03/2019,0,0,9.2(-1.08 %),0,0,0,0,2252589,0.0
11/03/2019,0,0,9.1(-2.15 %),0,0,0,0,2252589,0.0
12/03/2019,-790,-7267000,9.3(1.09 %),10,93000,800,7360000,2253379,0.0
13/03/2019,-3000,-28200000,9.4(2.17 %),0,0,3000,28200000,2256379,0.0
14/03/2019,0,0,9.5(1.06 %),0,0,0,0,2256379,0.0
15/03/2019,100,960000,9.6(1.05 %),100,960000,0,0,2256279,0.0
18/03/2019,0,0,9.7(2.11 %),0,0,0,0,2256279,0.0
19/03/2019,2000,19200000,9.5(-1.04 %),2000,19200000,0,0,2254279,0.0
20/03/2019,0,0,9.3(-2.11 %),0,0,0,0,2254279,0.0
21/03/2019,0,0,9.2(-1.08 %),0,0,0,0,2254279,0.0
22/03/2019,0,0,9.2(-1.08 %),0,0,0,0,2254279,0.0
25/03/2019,0,0,9(-2.17 %),0,0,0,0,2254279,0.0
26/03/2019,100,920000,9.1(0.00 %),100,920000,0,0,2254179,0.0
27/03/2019,0,0,9.1(0.00 %),0,0,0,0,2254179,0.0
28/03/2019,0,0,9.2(1.10 %),0,0,0,0,2254179,0.0
29/03/2019,100,920000,9.2(1.10 %),100,920000,0,0,2254079,0.0
01/04/2019,3000,27600000,9.2(1.10 %),3000,27600000,0,0,2251079,0.0
02/04/2019,0,0,9.1(-1.09 %),0,0,0,0,2251079,0.0
03/04/2019,0,0,9.2(1.10 %),0,0,0,0,2251079,0.0
04/04/2019,0,0,9.1(0.00 %),0,0,0,0,2251079,0.0
05/04/2019,0,0,9.1(0.00 %),0,0,0,0,2251079,0.0
08/04/2019,0,0,9.1(0.00 %),0,0,0,0,2251079,0.0
09/04/2019,0,0,9.1(0.00 %),0,0,0,0,2251079,0.0
10/04/2019,0,0,9.1(0.00 %),0,0,0,0,2251079,0.0
11/04/2019,0,0,9(0.00 %),0,0,0,0,2251079,0.0
12/04/2019,0,0,8.9(-1.11 %),0,0,0,0,2251079,0.0
16/04/2019,200,1760000,8.8(-1.12 %),200,1760000,0,0,2250879,0.0
17/04/2019,0,0,8.8(0.00 %),0,0,0,0,2250879,0.13
18/04/2019,0,0,8.7(-2.25 %),0,0,0,0,2250879,0.13
19/04/2019,56722,500615800,8.8(0.00 %),56722,500615800,0,0,2194157,0.14
22/04/2019,5790,50543000,8.6(-2.27 %),36900,321200000,31110,270657000,2188367,0.13
23/04/2019,45000,393500000,8.8(1.15 %),45000,393500000,0,0,2143367,0.13
24/04/2019,-2300,-20220000,8.8(0.00 %),200,1780000,2500,22000000,2145667,0.13
25/04/2019,-619850,-5435930000,8.8(0.00 %),400,3560000,620250,5439490000,2765517,0.06
26/04/2019,-245967,-2161042900,8.8(0.00 %),0,0,245967,2161042900,3011484,0.03
02/05/2019,-86400,-752340000,8.8(0.00 %),200,1740000,86600,754080000,3294297,0.0
03/05/2019,-372470,-3230272000,8.7(0.00 %),6300,54180000,378770,3284452000,3666767,0.03
06/05/2019,32000,265600000,8.2(-5.75 %),32000,265600000,0,0,3634767,0.06
07/05/2019,0,0,8.4(0.00 %),0,0,0,0,3634767,0.06
08/05/2019,61110,501102000,8.2(-2.38 %),61200,501840000,90,738000,3573657,0.11
09/05/2019,40000,328000000,8.2(0.00 %),40000,328000000,0,0,3533657,0.11
10/05/2019,0,0,8.2(0.00 %),0,0,0,0,3533657,0.11
13/05/2019,-10,-82000,8.4(2.44 %),0,0,10,82000,3533667,0.11
14/05/2019,0,0,8.2(-1.20 %),0,0,0,0,3533667,0.11
15/05/2019,-413100,-3428730000,8.3(1.22 %),0,0,413100,3428730000,3946767,0.06
16/05/2019,0,0,8.3(0.00 %),0,0,0,0,3946767,0.06
17/05/2019,-100000,-830000000,8.2(-1.20 %),0,0,100000,830000000,4046767,0.05
20/05/2019,-526800,-4372440000,8.3(0.00 %),0,0,526800,4372440000,4573567,0.04
21/05/2019,-729700,-6015460000,8.2(-1.20 %),300,2460000,730000,6017920000,5303267,0.0
22/05/2019,-320000,-2656000000,8.3(0.00 %),0,0,320000,2656000000,5623267,0.0
23/05/2019,-600000,-4920000000,8.2(-1.20 %),0,0,600000,4920000000,6223267,0.0
24/05/2019,0,0,8.2(0.00 %),0,0,0,0,6223267,0.0
27/05/2019,-400000,-3254990000,8.1(-1.22 %),0,0,400000,3254990000,6623267,0.0
28/05/2019,-356200,-2885220000,8.1(0.00 %),0,0,356200,2885220000,6979467,0.02
29/05/2019,-298300,-2386400000,8(-1.23 %),0,0,298300,2386400000,7277767,0.0
30/05/2019,-100500,-804000000,8(0.00 %),0,0,100500,804000000,7378267,0.02
31/05/2019,0,0,8(0.00 %),0,0,0,0,7378267,0.06
03/06/2019,0,0,7.8(-2.50 %),0,0,0,0,8230584,0.0
04/06/2019,0,0,7.9(1.28 %),0,0,0,0,8230584,0.01
05/06/2019,0,0,8(2.56 %),0,0,0,0,8230584,0.01
06/06/2019,0,0,7.8(-1.27 %),0,0,0,0,8230584,0.01
07/06/2019,0,0,7.9(1.28 %),0,0,0,0,8230584,0.01
10/06/2019,0,0,7.9(1.28 %),0,0,0,0,8230584,0.01
11/06/2019,0,0,7.9(0.00 %),0,0,0,0,8230584,0.01
12/06/2019,0,0,7.8(-1.27 %),0,0,0,0,8230584,0.01
13/06/2019,0,0,7.8(0.00 %),0,0,0,0,8230584,0.01
14/06/2019,-7800,-60820000,7.9(1.28 %),200,1580000,8000,62400000,8238384,0.01
17/06/2019,0,0,7.9(1.28 %),0,0,0,0,8238384,0.01
18/06/2019,0,0,7.8(0.00 %),0,0,0,0,8238384,0.01
19/06/2019,0,0,7.8(0.00 %),0,0,0,0,8238384,0.01
20/06/2019,0,0,7.9(1.28 %),0,0,0,0,8238384,0.01
21/06/2019,0,0,7.9(0.00 %),0,0,0,0,8238384,0.01
24/06/2019,0,0,7.9(0.00 %),0,0,0,0,8238384,0.01
25/06/2019,0,0,7.8(-1.27 %),0,0,0,0,8238384,0.01
26/06/2019,0,0,7.8(-1.27 %),0,0,0,0,8238384,0.01
27/06/2019,1000,7800000,7.8(0.00 %),1000,7800000,0,0,8237384,0.01
28/06/2019,0,0,7.8(0.00 %),0,0,0,0,8237384,0.01
01/07/2019,0,0,7.9(1.28 %),0,0,0,0,8337884,0.0
02/07/2019,352800,2787120000,8.1(3.85 %),352800,2787120000,0,0,7985084,0.04
03/07/2019,0,0,7.9(0.00 %),0,0,0,0,7985084,0.0
04/07/2019,-17500,-138250000,7.9(0.00 %),0,0,17500,138250000,8002584,0.0
05/07/2019,0,0,8(1.27 %),0,0,0,0,8002584,29.1
08/07/2019,350085,2800680000,8(0.00 %),350085,2800680000,0,0,7652499,0.04
09/07/2019,253500,2028000000,8(0.00 %),253600,2028800000,100,800000,7398999,0.03
10/07/2019,320805,2566499500,8(0.00 %),326900,2615200000,6095,48700500,7078194,0.04
11/07/2019,66500,532000000,8(0.00 %),66500,532000000,0,0,7011694,0.01
12/07/2019,2100,17110000,8.1(1.25 %),2100,17110000,0,0,7009594,0.0
15/07/2019,194800,1558310000,8(-1.23 %),194800,1558310000,0,0,6814794,0.02
16/07/2019,400000,3160000000,7.9(-1.25 %),400000,3160000000,0,0,6414794,0.05
17/07/2019,183000,1445700000,7.9(0.00 %),183000,1445700000,0,0,6231794,0.02
18/07/2019,0,0,7.8(-1.27 %),0,0,0,0,6231794,0.0
19/07/2019,0,0,7.9(0.00 %),0,0,0,0,6231794,0.0
22/07/2019,0,0,7.9(0.00 %),0,0,0,0,6231794,0.0
23/07/2019,5000,34000000,8.4(6.33 %),20000,160000000,15000,126000000,6226794,0.0
24/07/2019,0,0,8.4(0.00 %),0,0,0,0,6226794,0.0
25/07/2019,13000,107900000,8.3(-1.19 %),23000,190900000,10000,83000000,6213794,0.0
26/07/2019,0,0,8.1(-2.41 %),0,0,0,0,6213794,0.0
29/07/2019,1500,12150000,8.1(0.00 %),1500,12150000,0,0,6212294,0.0
30/07/2019,15700,125750000,8(-1.23 %),15700,125750000,0,0,6196594,0.0
31/07/2019,43500,348080000,8.2(1.23 %),43500,348080000,0,0,6153094,0.0
01/08/2019,87300,698400000,8(-1.23 %),87300,698400000,0,0,6065794,0.01
02/08/2019,200000,1600000000,8(0.00 %),200000,1600000000,0,0,5865794,0.02
05/08/2019,249400,1970260000,7.9(-1.25 %),249400,1970260000,0,0,5616394,0.03
06/08/2019,111700,871260000,7.9(0.00 %),111700,871260000,0,0,5504694,0.01
07/08/2019,82500,643500000,8(2.56 %),82500,643500000,0,0,5422194,0.01
08/08/2019,2000,15800000,7.9(0.00 %),2000,15800000,0,0,5420194,0.0
09/08/2019,1000,7900000,7.8(-1.27 %),1000,7900000,0,0,5419194,0.0
12/08/2019,0,0,7.9(0.00 %),0,0,0,0,5419194,0.0
13/08/2019,102000,795600000,7.8(-1.27 %),102000,795600000,0,0,5317194,0.01
14/08/2019,0,0,7.8(0.00 %),0,0,0,0,5317194,0.0
15/08/2019,209200,1604850000,7.8(0.00 %),209200,1604850000,0,0,5107994,0.02
16/08/2019,110000,847000000,7.8(1.30 %),110000,847000000,0,0,4997994,0.01
19/08/2019,30000,231000000,7.7(0.00 %),30000,231000000,0,0,4967994,0.0
20/08/2019,247000,1901900000,7.8(1.30 %),250000,1925000000,3000,23100000,4720994,0.03
21/08/2019,134500,1052960000,7.8(1.30 %),201000,1565010000,66500,512050000,4586494,0.01
22/08/2019,-24800,-193440000,7.8(0.00 %),0,0,24800,193440000,4611294,0.0
23/08/2019,-35700,-278460000,7.8(1.30 %),0,0,35700,278460000,4646994,0.0
26/08/2019,0,0,7.7(-1.28 %),0,0,0,0,4646994,0.0
27/08/2019,0,0,7.7(0.00 %),0,0,0,0,4646994,0.0
28/08/2019,0,0,7.7(0.00 %),0,0,0,0,4646994,0.0
29/08/2019,-87500,-676750000,7.7(0.00 %),150000,1152000000,237500,1828750000,4734494,0.0
30/08/2019,300,2340000,7.7(0.00 %),300,2340000,0,0,4734194,0.0
03/09/2019,0,0,7.7(0.00 %),0,0,0,0,4496694,0.0
04/09/2019,0,0,7.7(1.32 %),0,0,0,0,4496694,0.03
05/09/2019,500,3800000,7.6(0.00 %),500,3800000,0,0,4496194,0.03
06/09/2019,0,0,7.5(-1.32 %),0,0,0,0,4496194,0.03
09/09/2019,0,0,7.5(0.00 %),0,0,0,0,4496194,0.03
10/09/2019,-3500,-26250000,7.4(-1.33 %),500,3750000,4000,30000000,4499694,0.03
11/09/2019,1000,7400000,7.5(0.00 %),1000,7400000,0,0,4498694,0.03
12/09/2019,0,0,7.4(0.00 %),0,0,0,0,4498694,0.03
13/09/2019,0,0,7.6(2.70 %),0,0,0,0,4498694,0.03
16/09/2019,0,0,7.6(1.33 %),0,0,0,0,4498694,0.03
17/09/2019,0,0,7.6(0.00 %),0,0,0,0,4498694,0.03
18/09/2019,-2000,-15200000,7.6(0.00 %),0,0,2000,15200000,4500694,0.03
19/09/2019,0,0,7.7(1.32 %),0,0,0,0,4500694,0.03
20/09/2019,0,0,7.7(1.32 %),0,0,0,0,4500694,0.03
23/09/2019,0,0,7.6(-1.30 %),0,0,0,0,4500694,0.03
24/09/2019,0,0,7.5(-1.32 %),0,0,0,0,4500694,0.03
25/09/2019,0,0,7.5(0.00 %),0,0,0,0,4500694,0.03
26/09/2019,0,0,7.6(1.33 %),0,0,0,0,4500694,0.03
27/09/2019,-27,-199800,7.6(1.33 %),0,0,27,199800,4500721,0.03
30/09/2019,0,0,7.5(-1.32 %),0,0,0,0,4500721,0.03
01/10/2019,-920086,-6850825000,7.6(0.00 %),0,0,920086,6850825000,4738194,0.0
02/10/2019,-990000,-7274080000,7.4(-1.33 %),0,0,990000,7274080000,5728194,0.0
03/10/2019,-390000,-2820800000,7.3(-1.35 %),0,0,390000,2820800000,6118194,0.0
04/10/2019,0,0,7.3(0.00 %),0,0,0,0,6118194,0.0
07/10/2019,0,0,7.3(0.00 %),0,0,0,0,6118194,0.06
08/10/2019,0,0,7.3(0.00 %),0,0,0,0,6118194,0.1
09/10/2019,-500,-3650000,7.3(0.00 %),0,0,500,3650000,6118694,0.1
10/10/2019,0,0,7.3(0.00 %),0,0,0,0,6118694,0.1
11/10/2019,803300,6021900000,7.7(5.48 %),803300,6021900000,0,0,5315394,0.19
14/10/2019,36100,281560000,7.7(2.67 %),36100,281560000,0,0,5279294,0.11
15/10/2019,200,1540000,0(0.00 %),200,1540000,0,0,5279094,0.1
16/10/2019,100,760000,7.5(-1.32 %),734100,6386560000,734000,6385800000,5278994,0.1
17/10/2019,500000,3850000000,7.7(2.67 %),500000,3850000000,0,0,4778994,0.16
18/10/2019,0,0,7.7(0.00 %),0,0,0,0,4778994,0.1
21/10/2019,100,770000,7.5(-1.32 %),100,770000,0,0,4778894,0.1
22/10/2019,-211900,-1589250000,7.5(0.00 %),0,0,211900,1589250000,4990794,0.08
23/10/2019,-472100,-3488540000,7.4(-1.33 %),50000,375000000,522100,3863540000,5462894,0.03
24/10/2019,170500,1261700000,7.4(0.00 %),170500,1261700000,0,0,5292394,0.04
25/10/2019,0,0,7.4(0.00 %),0,0,0,0,5292394,0.04
28/10/2019,-500,-3700000,7.4(0.00 %),103300,878050000,103800,881750000,5292894,0.1
29/10/2019,-2000,-15200000,7.5(1.35 %),168700,1433950000,170700,1449150000,5294894,0.1
30/10/2019,0,0,7.6(1.33 %),0,0,0,0,5294894,0.1
31/10/2019,-100,-760000,7.6(1.33 %),100,760000,200,1520000,5294994,0.1
01/11/2019,-271800,-2049990000,7.5(-1.32 %),0,0,271800,2049990000,6214907,0.0
04/11/2019,636,4983600,7.7(1.32 %),2136,16233600,1500,11250000,6214271,0.0
05/11/2019,0,0,7.6(0.00 %),0,0,0,0,6214271,0.0
06/11/2019,0,0,7.7(1.32 %),1800,15660000,1800,15660000,6214271,0.03
07/11/2019,-2136,-16443600,7.7(0.00 %),0,0,2136,16443600,6216407,0.03
08/11/2019,0,0,7.7(0.00 %),0,0,0,0,6216407,0.03
11/11/2019,0,0,7.7(0.00 %),0,0,0,0,6216407,0.03
12/11/2019,1000,8100000,8.1(5.19 %),1000,8100000,0,0,6215407,0.03
13/11/2019,200,1630000,8(1.27 %),200,1630000,0,0,6215207,0.03
14/11/2019,100,810000,8(0.00 %),100,810000,0,0,6215107,0.03
15/11/2019,100,810000,8.1(0.00 %),100,810000,0,0,6215007,0.03
18/11/2019,0,0,8(0.00 %),0,0,0,0,6215007,0.03
19/11/2019,0,0,8(0.00 %),0,0,0,0,6215007,0.03
20/11/2019,-1800,-14220000,8(0.00 %),0,0,1800,14220000,6216807,0.03
21/11/2019,0,0,7.8(-1.27 %),0,0,0,0,6216807,0.03
22/11/2019,12500,96250000,7.7(-1.28 %),12500,96250000,0,0,6204307,0.03
25/11/2019,0,0,7.7(0.00 %),0,0,0,0,6204307,0.03
26/11/2019,0,0,7.7(1.32 %),0,0,0,0,6204307,0.03
27/11/2019,-77385,-588206000,7.7(1.32 %),0,0,77385,588206000,6281692,0.02
28/11/2019,85000,646000000,7.7(1.32 %),85000,646000000,0,0,6196692,0.03
29/11/2019,13700,104140000,7.7(1.32 %),13700,104140000,0,0,6182992,0.02
02/12/2019,0,0,7.6(0.00 %),0,0,0,0,6454992,0.0
03/12/2019,-500000,-3665030000,7.4(-1.33 %),200000,1460000000,700000,5125030000,6954992,0.0
04/12/2019,-297000,-2178300000,7.4(1.37 %),3000,22200000,300000,2200500000,7251992,0.0
05/12/2019,0,0,7.4(1.37 %),0,0,0,0,7251992,0.0
06/12/2019,100,750000,7.4(0.00 %),100,750000,0,0,7251892,0.0
09/12/2019,0,0,7.3(-1.35 %),0,0,0,0,7251892,0.0
10/12/2019,0,0,7.3(-1.35 %),0,0,0,0,7251892,0.0
11/12/2019,0,0,7.3(0.00 %),0,0,0,0,7251892,0.0
12/12/2019,-3000,-21900000,7.4(1.37 %),0,0,3000,21900000,7254892,0.0
13/12/2019,100,750000,7.5(1.35 %),100,750000,0,0,7254792,0.0
16/12/2019,-500000,-3661130000,7.4(0.00 %),0,0,500000,3661130000,7754792,0.0
17/12/2019,0,0,7.3(0.00 %),0,0,0,0,7754792,0.0
18/12/2019,0,0,7.2(-1.37 %),0,0,0,0,7754792,0.0
19/12/2019,0,0,7.2(-1.37 %),0,0,0,0,7754792,0.0
20/12/2019,0,0,7.4(1.37 %),0,0,0,0,7754792,0.0
23/12/2019,0,0,7.4(0.00 %),0,0,0,0,7754792,0.0
24/12/2019,0,0,7.3(-1.35 %),0,0,0,0,7754792,0.0
25/12/2019,0,0,7.3(0.00 %),0,0,0,0,7754792,0.0
26/12/2019,0,0,7.3(-1.35 %),0,0,0,0,7754792,0.0
27/12/2019,0,0,7.5(2.74 %),0,0,0,0,7754792,0.0
30/12/2019,0,0,7.6(-1.30 %),0,0,0,0,7754792,0.0
31/12/2019,14000,107800000,7.7(-2.53 %),109000,962800000,95000,855000000,7740792,0.0
02/01/2020,0,0,7.6(-5.00 %),0,0,0,0,7740792,0.0
03/01/2020,0,0,7.6(1.33 %),0,0,0,0,7740792,0.0
06/01/2020,0,0,7.4(-1.33 %),0,0,0,0,7740792,0.0
07/01/2020,0,0,7.4(-1.33 %),0,0,0,0,7740792,0.0
08/01/2020,0,0,7.4(0.00 %),0,0,0,0,7740792,0.0
09/01/2020,0,0,7.4(1.37 %),0,0,0,0,7740792,0.0
10/01/2020,200650,1520995000,7.7(4.05 %),200650,1520995000,0,0,7540142,0.02
13/01/2020,0,0,7.6(0.00 %),0,0,0,0,7540142,0.0
14/01/2020,-11000,-82600000,7.6(0.00 %),84000,639400000,95000,722000000,7551142,0.0
15/01/2020,81400,618640000,7.6(0.00 %),81400,618640000,0,0,7469742,0.0
16/01/2020,50000,380000000,7.7(1.32 %),50000,380000000,0,0,7324742,48.18
17/01/2020,0,0,7.7(1.32 %),34000,295800000,34000,295800000,7419742,48.16
20/01/2020,0,0,7.8(1.30 %),0,0,0,0,7419742,48.16
21/01/2020,0,0,7.8(1.30 %),0,0,0,0,7419742,48.16
22/01/2020,100100,796790000,8(1.27 %),100100,796790000,0,0,7319642,0.01
30/01/2020,-105,-819500,7.6(-3.80 %),0,0,105,819500,7319747,0.0
31/01/2020,100,740000,7.4(-3.90 %),100,740000,0,0,7319647,0.0
03/02/2020,11,79200,7.2(-4.00 %),11,79200,0,0,7319531,0.0
04/02/2020,69960,510706600,7.5(7.14 %),70000,511000000,40,293400,7249571,0.01
05/02/2020,0,0,7(4.48 %),0,0,0,0,7249571,0.0
06/02/2020,100,730000,7.1(0.00 %),100,730000,0,0,7249471,0.0
07/02/2020,686500,4850590000,7.2(1.41 %),686500,4850590000,0,0,6562971,0.08
10/02/2020,-22,-154000,7(-1.41 %),0,0,22,154000,6562993,0.0
11/02/2020,600,4280000,7.1(1.43 %),600,4280000,0,0,6562393,0.0
12/02/2020,-285000,-1995000000,7(-1.41 %),55000,385000000,340000,2380000000,6847393,0.0
13/02/2020,-1200,-8400000,7(0.00 %),0,0,1200,8400000,6848593,0.0
14/02/2020,79700,557900000,7.4(5.71 %),79700,557900000,0,0,6768893,0.0
17/02/2020,200300,1462190000,7.4(2.78 %),200300,1462190000,0,0,6568593,0.02
18/02/2020,-500000,-3591000000,7.2(-1.37 %),100000,720000000,600000,4311000000,7068593,0.0
19/02/2020,0,0,7.1(-1.39 %),0,0,0,0,7068593,0.0
20/02/2020,-300000,-2130000000,7.1(0.00 %),34000,207400000,334000,2337400000,7368593,0.0
21/02/2020,-786300,-5452760000,7(0.00 %),9000,63900000,795300,5516660000,8154893,0.0
24/02/2020,-500000,-3373150000,6.7(-4.29 %),0,0,500000,3373150000,8654893,0.0
25/02/2020,-1199900,-8039320000,6.7(-1.47 %),100,680000,1200000,8040000000,9854793,0.0
26/02/2020,0,0,6.9(2.99 %),0,0,0,0,9854793,0.0
27/02/2020,100,710000,7.1(4.41 %),100,710000,0,0,9854693,0.0
28/02/2020,-499800,-3448580000,7.1(1.43 %),200,1420000,500000,3450000000,10354493,0.0
02/03/2020,-20400,-175410000,7.9(14.49 %),50000,380000000,70400,555410000,9804598,0.01
03/03/2020,1183100,9685960000,8.7(14.47 %),1183100,9685960000,0,0,8621498,0.13
04/03/2020,1138889,8402311000,9(3.45 %),1150900,8516660000,12011,114349000,7482609,0.18
05/03/2020,201000,1779900000,8.7(-6.45 %),210000,1860000000,9000,80100000,7281609,0.09
06/03/2020,-3000,-25200000,8.5(-3.41 %),0,0,3000,25200000,7284609,0.14
09/03/2020,-472400,-3435760000,7.2(-14.29 %),13000,95600000,485400,3531360000,7757009,0.09
10/03/2020,-138900,-956480000,7.6(4.11 %),385700,2921320000,524600,3877800000,7895909,0.08
11/03/2020,0,0,0(0.00 %),0,0,0,0,7895909,29.11
12/03/2020,-179765,-1294318000,7.2(-5.26 %),100,710000,179865,1295028000,8075674,29.17
13/03/2020,-994900,-6958830000,7.1(0.00 %),100,670000,995000,6959500000,9070574,0.01
16/03/2020,-1000000,-6944400000,6.9(0.00 %),0,0,1000000,6944400000,10070574,0.0
17/03/2020,0,0,7(1.45 %),0,0,0,0,10070574,0.0
18/03/2020,-2090000,-14428480000,6.9(1.47 %),200000,1380000000,2290000,15808480000,12160574,0.0
19/03/2020,-489951,-3304186800,6.8(-1.45 %),0,0,489951,3304186800,12650525,0.0
20/03/2020,0,0,6.8(0.00 %),0,0,0,0,12650525,0.0
23/03/2020,-1949909,-11419206700,5.9(-11.94 %),0,0,1949909,11419206700,14600434,0.0
24/03/2020,0,0,6.1(3.39 %),0,0,0,0,14600434,0.0
25/03/2020,239371,1498117300,6.4(4.92 %),1292500,8142750000,1053129,6644632700,14361063,0.0
26/03/2020,-928000,-5615020000,6(-4.76 %),11200,67420000,939200,5682440000,15289063,0.0
27/03/2020,1212600,7337310000,6(-1.64 %),2212600,13385310000,1000000,6048000000,14076463,0.05
30/03/2020,-490000,-2712000000,5.6(-8.20 %),78539,534773000,568539,3246773000,14566463,0.0
31/03/2020,-225800,-1269950000,5.6(0.00 %),10000,57000000,235800,1326950000,14792263,3.49
01/04/2020,2489800,14821770000,6.1(8.93 %),2489800,14821770000,0,0,12861574,0.25
03/04/2020,-1643944,-9834618400,6(0.00 %),100000,600000000,1743944,10434618400,14505518,0.0
06/04/2020,0,0,6.5(8.33 %),0,0,0,0,14505518,0.0
07/04/2020,-198639,-1259275700,6.4(0.00 %),1000,6300000,199639,1265575700,14704157,0.0
08/04/2020,140000,868000000,6.3(-1.56 %),140000,868000000,0,0,14564157,0.07
09/04/2020,-10000,-65000000,6.5(4.84 %),0,0,10000,65000000,14574157,0.05
10/04/2020,0,0,6.5(0.00 %),0,0,0,0,14574157,3.51
13/04/2020,366600,2346240000,6.6(3.12 %),366600,2346240000,0,0,14207557,0.11
14/04/2020,138300,885120000,6.5(0.00 %),138300,885120000,0,0,14069257,0.09
15/04/2020,27500,196000000,7.1(9.23 %),30000,213000000,2500,17000000,14041757,0.08
16/04/2020,103500,735200000,7.2(4.35 %),105000,746000000,1500,10800000,13938257,0.09
17/04/2020,30000,219000000,7.3(1.39 %),30000,219000000,0,0,13908257,0.08
20/04/2020,10300,73090000,7.1(-2.74 %),10400,73800000,100,710000,13897957,0.08
21/04/2020,-153685,-1045156500,6.7(-5.63 %),3015,20403500,156700,1065560000,14051642,0.06
22/04/2020,533320,3659180000,6.9(1.47 %),533320,3659180000,0,0,13518322,0.11
23/04/2020,335101,2345715000,7(1.45 %),404500,2831500000,69399,485785000,13183221,0.09
24/04/2020,-990000,-6805850000,6.9(-1.43 %),10000,69000000,1000000,6874850000,14173221,0.0
27/04/2020,488900,3338020000,6.9(0.00 %),1488900,10128020000,1000000,6790000000,13684321,0.02
28/04/2020,739716,5069620400,7(2.94 %),742100,5086270000,2384,16649600,12944605,0.0
29/04/2020,399500,2804510000,7(1.45 %),1399500,9750510000,1000000,6946000000,12545105,0.01
04/05/2020,-151000,-1057000000,7.1(1.43 %),700000,4920000000,851000,5977000000,12578521,0.03
05/05/2020,89600,627200000,7.1(0.00 %),89600,627200000,0,0,12488921,0.01
06/05/2020,7140,49980000,7.1(1.43 %),7140,49980000,0,0,12884165,47.68
07/05/2020,10,72000,7.1(1.43 %),10,72000,0,0,12884155,0.05
08/05/2020,2019950,14915630000,7.4(4.23 %),2020000,14916000000,50,370000,10864205,0.25
11/05/2020,600,4620000,7.8(6.85 %),1000,7700000,400,3080000,10863605,0.05
12/05/2020,-3500,-26570000,7.8(1.30 %),1500,11430000,5000,38000000,10867105,0.05
13/05/2020,590,4513000,7.7(0.00 %),590,4513000,0,0,10866515,0.05
14/05/2020,700,5280000,7.5(-2.60 %),700,5280000,0,0,10865815,0.05
15/05/2020,1000,7450000,7.4(-2.63 %),1000,7450000,0,0,10864815,0.05
18/05/2020,-59599,-435072600,7.4(0.00 %),401,2927400,60000,438000000,10924414,0.04
19/05/2020,2035600,15487150000,7.7(5.48 %),2035600,15487150000,0,0,8888814,0.25
20/05/2020,-609422,-4569665000,7.6(0.00 %),180500,1353750000,789922,5923415000,9498236,0.0
21/05/2020,0,0,7.6(1.33 %),0,0,0,0,9498236,0.0
22/05/2020,449700,3372750000,7.6(1.33 %),450000,3375000000,300,2250000,9048536,0.01
25/05/2020,0,0,7.7(1.32 %),0,0,0,0,9048536,0.05
26/05/2020,-10000,-76000000,7.7(1.32 %),0,0,10000,76000000,9058536,0.05
27/05/2020,2100,16280000,7.8(1.30 %),4500,35700000,2400,19420000,9056436,0.05
28/05/2020,2200,17251000,7.9(-1.25 %),2300,18031000,100,780000,9054236,0.05
29/05/2020,0,10000,7.9(1.28 %),100,780000,100,770000,9054236,4.07
01/06/2020,-1400,-11200000,8(2.56 %),0,0,1400,11200000,9505036,0.0
02/06/2020,3010600,24738010000,8.7(10.13 %),3016000,24785590000,5400,47580000,6494436,0.31
03/06/2020,-5000,-44000000,8.7(2.35 %),0,0,5000,44000000,6499436,0.0
04/06/2020,204176,1776336200,8.7(0.00 %),205000,1783505000,824,7168800,6295260,0.02
05/06/2020,1100700,9576020000,8.8(1.15 %),1100700,9576020000,0,0,5194560,0.11
08/06/2020,1948668,18119749200,9.5(9.20 %),1952600,18156420000,3932,36670800,3245892,0.2
09/06/2020,-28100,-264140000,9.4(1.08 %),200,1880000,28300,266020000,3273992,0.0
10/06/2020,-112100,-1037620000,9.4(0.00 %),4900,45080000,117000,1082700000,3386092,0.0
11/06/2020,-81900,-730530000,8.7(-6.45 %),30600,287070000,112500,1017600000,3467992,0.0
12/06/2020,700,6020000,8.7(-4.40 %),700,6020000,0,0,3467292,0.0
15/06/2020,2055200,18638010000,9(5.88 %),2056100,18646110000,900,8100000,1412092,0.2
16/06/2020,-7000,-63200000,9(0.00 %),2000,17800000,9000,81000000,1419092,0.0
17/06/2020,2900,25600000,8.9(-1.11 %),2900,25600000,0,0,1416192,0.0
18/06/2020,0,0,8.7(-1.14 %),0,0,0,0,1416192,0.0
19/06/2020,500,4450000,8.9(2.30 %),500,4450000,0,0,1415692,0.0
22/06/2020,-2696,-23994400,9(1.12 %),1000,8900000,3696,32894400,1418388,0.0
23/06/2020,1000,8900000,9(0.00 %),1000,8900000,0,0,1417388,0.0
24/06/2020,-7605,-67564000,8.8(-1.12 %),3000,26700000,10605,94264000,1424993,0.0
25/06/2020,-600000,-5205000000,8.8(0.00 %),0,0,600000,5205000000,1415988,48.86
26/06/2020,500,4450000,8.8(1.15 %),500,4450000,0,0,1415488,0.0
29/06/2020,-27100,-233360000,8.4(-4.55 %),3900,33240000,31000,266600000,1442588,0.0
30/06/2020,1900,15680000,8.2(-2.38 %),1900,15680000,0,0,1440688,0.06
01/07/2020,-3532,-29362400,8.4(2.44 %),500,4050000,4032,33412400,2019793,0.0
02/07/2020,0,0,8.2(0.00 %),0,0,0,0,2019793,0.0
03/07/2020,1900,15680000,8.2(0.00 %),1900,15680000,0,0,2017893,0.0
06/07/2020,653000,5549900000,8.6(4.88 %),653000,5549900000,0,0,1364893,0.07
07/07/2020,-500,-4250000,8.5(0.00 %),200,1700000,700,5950000,1365393,0.0
08/07/2020,0,0,8.5(0.00 %),0,0,0,0,1365393,0.0
09/07/2020,1397800,12056200000,8.8(4.76 %),1398800,12064800000,1000,8600000,0,0.15
10/07/2020,-3400,-29580000,8.7(1.16 %),1600,13920000,5000,43500000,25,0.0
13/07/2020,0,0,8.6(0.00 %),0,0,0,0,25,0.0
14/07/2020,-295300,-2510050000,8.5(-1.16 %),0,0,295300,2510050000,295325,0.0
15/07/2020,0,0,8.6(1.18 %),0,0,0,0,295325,0.0
16/07/2020,0,0,8.6(0.00 %),0,0,0,0,295325,0.0
17/07/2020,301300,2621310000,8.9(3.49 %),301300,2621310000,0,0,0,0.03
20/07/2020,0,0,8.8(0.00 %),0,0,0,0,25,0.0
21/07/2020,-17900,-153940000,8.8(0.00 %),0,0,17900,153940000,17925,0.0
22/07/2020,0,0,9.1(4.60 %),0,0,0,0,17925,0.0
23/07/2020,-86,-774000,9.1(0.00 %),0,0,86,774000,18011,0.0
24/07/2020,17900,152150000,8.6(-4.44 %),17900,152150000,0,0,111,0.0
27/07/2020,0,0,7.8(-10.34 %),0,0,0,0,111,0.0
28/07/2020,100,800000,8.5(4.94 %),100,800000,0,0,11,0.0
29/07/2020,0,0,8(-3.61 %),0,0,0,0,11,0.0
30/07/2020,0,0,8.1(1.25 %),0,0,0,0,11,0.0
31/07/2020,0,0,8.2(0.00 %),0,0,0,0,11,0.0
03/08/2020,0,0,8.4(3.70 %),0,0,0,0,11,0.0
04/08/2020,-104,-884000,8.6(3.61 %),0,0,104,884000,115,0.0
05/08/2020,11,94600,8.5(0.00 %),11,94600,0,0,104,0.0
06/08/2020,-1000,-8400000,8.4(-1.18 %),0,0,1000,8400000,1104,30.0
07/08/2020,99,831600,8.4(0.00 %),99,831600,0,0,1005,0.0
10/08/2020,0,0,8.6(2.38 %),0,0,0,0,1005,0.0
11/08/2020,1000,8900000,8.8(2.33 %),1000,8900000,0,0,5,0.0
12/08/2020,0,0,8.8(0.00 %),0,0,0,0,5,0.0
13/08/2020,0,0,8.7(-1.14 %),0,0,0,0,5,0.0
14/08/2020,0,0,8.8(1.15 %),0,0,0,0,5,0.0
17/08/2020,-39,-335400,8.8(1.15 %),0,0,39,335400,44,0.0
18/08/2020,0,0,8.9(2.30 %),0,0,0,0,44,0.0
19/08/2020,0,0,9(1.12 %),0,0,0,0,44,0.0
20/08/2020,0,0,8.9(0.00 %),0,0,0,0,44,0.0
21/08/2020,-4000,-35600000,9(1.12 %),138609,1271044530,142609,1306644530,4044,0.0
24/08/2020,40,364000,9.2(3.37 %),40,364000,0,0,4004,0.0
25/08/2020,0,0,9.2(1.10 %),0,0,0,0,4004,0.0
26/08/2020,-363499,-3290491000,9.1(-1.09 %),142609,1315823852,506108,4606314852,367503,0.0
27/08/2020,-6000,-54600000,9.2(1.10 %),0,0,6000,54600000,373503,0.0
28/08/2020,0,0,9.2(1.10 %),0,0,0,0,373503,0.0
31/08/2020,365500,3327350000,9.2(0.00 %),367500,3345750000,2000,18400000,8003,0.04
01/09/2020,6000,54600000,9.2(1.10 %),1402600,12773436200,1396600,12718836200,3,0.0
03/09/2020,0,0,9.3(2.20 %),0,0,0,0,3,0.0
04/09/2020,-8000,-73700000,9.2(0.00 %),2000,18300000,10000,92000000,8003,0.0
07/09/2020,-200,-1800000,9(-1.10 %),0,0,200,1800000,8203,0.0
08/09/2020,0,0,9.1(0.00 %),0,0,0,0,8203,0.0
09/09/2020,10000,90000000,9.1(1.11 %),10000,90000000,0,0,3,49.0
10/09/2020,200,1840000,9.1(1.11 %),200,1840000,0,0,0,0.0
11/09/2020,-800,-7280000,9.2(1.10 %),0,0,800,7280000,3,0.0
14/09/2020,-1300,-12220000,9.9(8.79 %),0,0,1300,12220000,1303,0.0
15/09/2020,0,0,9.8(2.08 %),0,0,0,0,1303,0.0
16/09/2020,800,8000000,9.9(0.00 %),800,8000000,0,0,503,0.0
17/09/2020,200,1440000,10.1(2.02 %),1300,12740000,1100,11300000,303,0.0
18/09/2020,-500,-5150000,10.4(4.00 %),0,0,500,5150000,803,0.0
21/09/2020,0,0,10.8(4.85 %),0,0,0,0,803,0.0
22/09/2020,1100,11840000,10.7(0.00 %),1100,11840000,0,0,0,0.0
23/09/2020,500,5330000,10.7(0.00 %),500,5330000,0,0,3,0.0
24/09/2020,0,0,10.6(-0.93 %),0,0,0,0,3,0.0
25/09/2020,-510200,-5424300000,11(4.76 %),0,0,510200,5424300000,510203,0.0
28/09/2020,-400,-4560000,11.5(6.48 %),0,0,400,4560000,510603,0.0
29/09/2020,0,0,11.3(0.00 %),0,0,0,0,510603,0.0
30/09/2020,71600,801770000,11.4(0.00 %),73200,819850000,1600,18080000,439003,0.01
02/10/2020,200,2360000,11.9(0.85 %),200,2360000,0,0,387003,0.0
05/10/2020,3700,44020000,11.9(1.71 %),3700,44020000,0,0,383303,0.0
06/10/2020,9000,106200000,11.8(0.00 %),9000,106200000,0,0,374303,0.0
07/10/2020,26800,313560000,11.6(-0.85 %),26800,313560000,0,0,347503,0.0
08/10/2020,4300,49450000,11.4(-1.72 %),4300,49450000,0,0,343203,0.0
09/10/2020,21400,250380000,11.7(1.74 %),21400,250380000,0,0,321803,0.0
12/10/2020,56400,653880000,11.6(0.00 %),60000,696000000,3600,42120000,265403,0.01
13/10/2020,-15500,-179750000,11.7(0.00 %),500,5850000,16000,185600000,280903,0.0
14/10/2020,6500,76080000,11.9(2.59 %),6500,76080000,0,0,274403,0.0
15/10/2020,-38300,-464840000,12.5(5.93 %),11800,143890000,50100,608730000,312703,0.0
16/10/2020,3000,37800000,12.6(2.44 %),3000,37800000,0,0,309703,0.0
19/10/2020,-1998900,-25118990000,12.6(0.00 %),1100,13860000,2000000,25132850000,2308603,0.0
20/10/2020,1400,17800000,12.4(-1.59 %),4400,54700000,3000,36900000,2307203,0.0
21/10/2020,8500,105200000,12.4(0.81 %),8500,105200000,0,0,2298703,0.0
22/10/2020,-44200,-548080000,12.4(0.00 %),0,0,44200,548080000,2342903,0.0
23/10/2020,-7900,-98760000,12.5(1.63 %),1100,13640000,9000,112400000,2350803,0.0
09/11/2020,-99550,-1284370000,12.35(4.66 %),450,5630000,100000,1290000000,2366403,4.76
10/11/2020,-23350,-279950000,11.9(-3.64 %),2450,29670000,25800,309620000,2363503,28.55
11/11/2020,3000,35300000,11.75(-1.26 %),3000,35300000,0,0,2386753,4.76
12/11/2020,6600,76550000,11.6(-1.28 %),7000,81250000,400,4700000,2453503,28.49
13/11/2020,-400,-4660000,12.15(4.74 %),0,0,400,4660000,2479303,28.48
16/11/2020,19400,235100000,11.85(-2.47 %),20400,247350000,1000,12250000,2458903,28.49
17/11/2020,4500,53500000,11.9(0.42 %),4500,53500000,0,0,2454803,28.49
18/11/2020,3000,35650000,11.95(0.42 %),3000,35650000,0,0,2452203,28.49
19/11/2020,19710,235530000,11.95(0.00 %),20000,239000000,290,3470000,2433203,28.51
20/11/2020,5130,63080000,12.2(2.09 %),10130,123080000,5000,60000000,2423073,28.51
23/11/2020,3100,37570000,12.1(-0.82 %),3100,37570000,0,0,2419964,28.51
24/11/2020,-18300,-222340000,12.1(0.00 %),1700,20660000,20000,243000000,2418554,28.51
25/11/2020,2423520,29657630000,12.3(1.65 %),2423520,29657630000,0,0,34,30.0
26/11/2020,-1970,-24030000,12.25(-0.41 %),30,370000,2000,24400000,4,30.0
27/11/2020,-2149630,-26333000000,12.25(0.00 %),1700400,20829870000,3850030,47162870000,19604,29.99
30/11/2020,2180,27250000,12.45(1.63 %),2280,28510000,100,1260000,17324,29.99
01/12/2020,660,8301000,12.6(1.20 %),660,8301000,0,0,19324,5.0
02/12/2020,-449880,-5735943000,12.7(0.79 %),340,4362000,450220,5740305000,469204,4.95
03/12/2020,-990,-11830000,11.85(-6.69 %),1010,11970000,2000,23800000,2167444,28.67
04/12/2020,-880,-10236000,11.65(-1.69 %),2020,23594000,2900,33830000,471074,4.95
07/12/2020,703510,8173480000,11.7(0.43 %),705590,8197660000,2080,24180000,1910054,28.83
08/12/2020,874590,10193302000,11.65(-0.43 %),874590,10193302000,0,0,1035464,4.89
09/12/2020,1038360,11001021660,11.85(1.72 %),1040360,11024657660,2000,23636000,-2896,5.0
10/12/2020,2080,24490000,11.7(-1.27 %),2080,24490000,0,0,2084,5.0
11/12/2020,-17300,-201910000,11.8(0.85 %),0,0,17300,201910000,19384,5.0
14/12/2020,-350,-4150000,11.85(0.42 %),150,1780000,500,5930000,1854,5.0
15/12/2020,1850,21830000,11.7(-1.27 %),1850,21830000,0,0,17884,5.0
16/12/2020,15300,182580000,12.05(2.99 %),17300,206780000,2000,24200000,4,5.0
17/12/2020,-1850,-22420000,11.95(-0.83 %),500,6020000,2350,28440000,4,5.0
18/12/2020,-5000,-59800000,12.05(0.84 %),0,0,5000,59800000,9434,5.0
21/12/2020,500,6250000,12.35(2.49 %),2000,24700000,1500,18450000,8934,5.0
22/12/2020,-18090,-233480000,12.9(4.45 %),2350,29130000,20440,262610000,4,5.0
23/12/2020,-597810,-7675790000,12.6(-2.33 %),5000,63900000,602810,7739690000,4,5.0
24/12/2020,1500,18060000,12.3(-2.38 %),1500,18060000,0,0,623334,4.94
25/12/2020,-480300,-5912930000,12.4(0.81 %),20000,245850000,500300,6158780000,444,5.0
28/12/2020,-56330,-696410000,12.4(0.00 %),100,1260000,56430,697670000,603154,4.94
29/12/2020,14200,175990000,12.35(-0.40 %),14500,179700000,300,3710000,850332,4.92
30/12/2020,-105870,-1308720000,12.35(0.00 %),1000,12400000,106870,1321120000,1349632,4.87
31/12/2020,900,11100000,12.4(0.40 %),1200,14820000,300,3720000,1348732,4.87
04/01/2021,-7700,-96470000,12.65(2.02 %),2400,30035000,10100,126505000,1402762,4.87
05/01/2021,-4400,-56505000,13.5(6.72 %),10100,136345000,14500,192850000,1407162,4.87
06/01/2021,900,12650000,14(3.70 %),2600,36290000,1700,23640000,1406262,4.87
07/01/2021,-434000,-6043855000,13.9(-0.71 %),18000,250145000,452000,6294000000,1840262,4.83
08/01/2021,-41800,-583730000,14.05(1.08 %),25800,361780000,67600,945510000,1882062,4.82
11/01/2021,-15289700,-211875415000,13.9(-1.07 %),12900,179140000,15302600,212054555000,17171762,3.4
12/01/2021,-4728600,-64619065000,13.7(-1.44 %),580200,7965990000,5308800,72585055000,21900362,2.96
13/01/2021,1425400,20008050000,13.9(1.46 %),1426300,20020535000,900,12485000,20474962,3.09
14/01/2021,505900,7100995000,14.4(3.60 %),540100,7576870000,34200,475875000,19969062,3.14
15/01/2021,-231100,-3475645000,14.95(3.82 %),502300,7494405000,733400,10970050000,20200162,3.12
18/01/2021,-362900,-5417785000,14.75(-1.34 %),54300,813790000,417200,6231575000,20563062,3.09
19/01/2021,2314400,33076510000,13.8(-6.44 %),2393800,34227585000,79400,1151075000,18248662,3.3
20/01/2021,743800,10166275000,13.8(0.00 %),1423300,19336215000,679500,9169940000,17504862,3.37
21/01/2021,1505300,21272290000,14.2(2.90 %),1587400,22425410000,82100,1153120000,15999562,3.51
22/01/2021,1480500,21199560000,14.35(1.06 %),1815800,25998425000,335300,4798865000,14519062,3.65
25/01/2021,1543900,22133160000,14.3(-0.35 %),2003200,28700190000,459300,6567030000,12975162,3.79
26/01/2021,1933000,27111635000,13.85(-3.15 %),2363000,33004155000,430000,5892520000,11042162,3.97
27/01/2021,2714400,37322285000,13.5(-2.53 %),2714600,37324995000,200,2710000,8327762,4.23
28/01/2021,1809900,22840075000,12.6(-6.67 %),1809900,22840075000,0,0,6517862,4.39
29/01/2021,-1300900,-16350735000,12.65(0.40 %),247400,3115180000,1548300,19465915000,7818762,4.27
01/02/2021,-758000,-9466790000,12(-5.14 %),6200,75590000,764200,9542380000,6406059,4.4
02/02/2021,80800,974400000,12.4(3.33 %),135000,1625980000,54200,651580000,6325259,4.41
03/02/2021,1515700,19491500000,13.25(6.85 %),1669000,21409730000,153300,1918230000,4809559,4.55
04/02/2021,1798300,23985210000,13.35(0.75 %),1890500,25199190000,92200,1213980000,3011259,4.72
05/02/2021,1650300,22579395000,14(4.87 %),1720000,23533650000,69700,954255000,1360959,4.87
08/02/2021,1686700,24342040000,14.15(1.07 %),1687200,24349240000,500,7200000,0,5.03
09/02/2021,1563800,22927860000,14.7(3.89 %),1568800,22999610000,5000,71750000,254359,4.98
17/02/2021,-30600,-461680000,14.85(1.02 %),8300,122665000,38900,584345000,284959,4.97
18/02/2021,4100,60190000,14.65(-1.35 %),4100,60190000,0,0,280859,4.97
19/02/2021,-103900,-1531690000,14.7(0.34 %),100,1470000,104000,1533160000,384759,4.96
22/02/2021,442500,6548750000,14.7(0.00 %),443000,6556150000,500,7400000,0,5.01
23/02/2021,0,0,14.6(-0.68 %),0,0,0,0,39,5.0
24/02/2021,16500,240650000,14.3(-2.05 %),16500,240650000,0,0,0,5.0
25/02/2021,14000,201750000,14.6(2.10 %),14000,201750000,0,0,73539,4.99
26/02/2021,-47900,-702260000,14.7(0.68 %),4100,59440000,52000,761700000,121439,4.99
01/03/2021,55900,865550000,15.7(6.80 %),69900,1079400000,14000,213850000,69939,4.99
02/03/2021,-31700,-511825000,16.1(2.55 %),0,0,31700,511825000,101639,4.99
03/03/2021,7500,119795000,15.95(-0.93 %),11100,177555000,3600,57760000,94139,4.99
04/03/2021,34800,552560000,15.5(-2.82 %),54900,873150000,20100,320590000,59339,4.99
05/03/2021,31600,484560000,15.75(1.61 %),31700,486095000,100,1535000,27739,5.0
08/03/2021,-1400,-21400000,15.7(-0.32 %),3600,57600000,5000,79000000,29139,5.0
09/03/2021,15000,231490000,15.7(0.00 %),20100,311550000,5100,80060000,14139,5.0
10/03/2021,-48100,-759260000,15.95(1.59 %),100,1580000,48200,760840000,62239,4.99
11/03/2021,400,6850000,16.05(0.63 %),5000,80500000,4600,73650000,61839,4.99
12/03/2021,100,665000,16.5(2.80 %),5100,82115000,5000,81450000,61739,4.99
15/03/2021,18500,302915000,16.35(-0.91 %),19000,311090000,500,8175000,43239,5.0
16/03/2021,26200,423470000,16.15(-1.22 %),26200,423470000,0,0,17039,5.0
17/03/2021,11200,180825000,16.25(0.62 %),12400,200305000,1200,19480000,5839,5.0
18/03/2021,-4900,-80040000,16.3(0.31 %),500,8250000,5400,88290000,10739,5.0
19/03/2021,-5000,-81750000,16.3(0.00 %),0,0,5000,81750000,15739,5.0
22/03/2021,800,13120000,16.3(0.00 %),800,13120000,0,0,14939,5.0
23/03/2021,1000,16250000,16.25(-0.31 %),1000,16250000,0,0,13939,5.0
24/03/2021,3600,58275000,16(-1.54 %),3600,58275000,0,0,10339,5.0
25/03/2021,-24200,-386910000,15.95(-0.31 %),5800,93090000,30000,480000000,34539,5.0
26/03/2021,0,0,15.75(-1.25 %),0,0,0,0,34539,5.0
29/03/2021,-1000,-16350000,16.4(4.13 %),0,0,1000,16350000,35539,5.0
30/03/2021,-10700,-173085000,17.3(5.49 %),8600,144400000,19300,317485000,46239,5.0
31/03/2021,6400,110560000,17.35(0.29 %),6400,110560000,0,0,39839,5.0
01/04/2021,15800,274130000,17.4(0.29 %),16000,277580000,200,3450000,16040,5.0
02/04/2021,17800,312675000,17.6(1.15 %),19300,339075000,1500,26400000,0,5.0
05/04/2021,0,0,17.65(0.28 %),0,0,0,0,40,5.0
06/04/2021,200,3530000,17.45(-1.13 %),200,3530000,0,0,0,5.0
07/04/2021,-4600,-80120000,17.45(0.00 %),1500,26325000,6100,106445000,4640,5.0
08/04/2021,0,0,17.5(0.29 %),0,0,0,0,4640,5.0
09/04/2021,-1000000,-18163710000,18.15(3.71 %),0,0,1000000,18163710000,1004640,4.91
12/04/2021,6100,112265000,18.85(3.86 %),6100,112265000,0,0,998540,4.91
13/04/2021,-10200,-190000000,18.4(-2.39 %),0,0,10200,190000000,1008740,4.91
14/04/2021,5300,96850000,18.45(0.27 %),9000,164520000,3700,67670000,1003440,4.91
15/04/2021,6100,113055000,18.55(0.54 %),6100,113055000,0,0,997340,0.0
16/04/2021,-1020700,-19299030000,18.95(2.16 %),34100,643735000,1054800,19942765000,2018040,4.81
19/04/2021,-923700,-17576255000,19.4(2.37 %),77300,1479610000,1001000,19055865000,2941740,4.73
20/04/2021,-1048900,-20986745000,19.85(2.32 %),1200,23890000,1050100,21010635000,3990640,4.63
22/04/2021,-1100,-22155000,18.8(-5.29 %),1000,19500000,2100,41655000,3991740,4.63
23/04/2021,-90600,-1770960000,20.1(6.91 %),0,0,90600,1770960000,4082340,4.62
26/04/2021,-504000,-10619880000,20.7(2.99 %),4500,93225000,508500,10713105000,4586340,4.57
27/04/2021,-19100,-397570000,20.55(-0.72 %),1600,32990000,20700,430560000,4605440,4.57
28/04/2021,30800,633850000,20.45(-0.49 %),30800,633850000,0,0,4574640,4.57
29/04/2021,-52700,-1128290000,21.5(5.13 %),510800,10752485000,563500,11880775000,4627340,4.57
04/05/2021,29300,623915000,21.5(0.00 %),29300,623915000,0,0,4065424,4.62
05/05/2021,57500,1227370000,21.3(-0.93 %),82400,1762205000,24900,534835000,4007924,4.63
06/05/2021,-236300,-4927685000,20.8(-2.35 %),30200,633260000,266500,5560945000,4244224,4.61
07/05/2021,1154800,24112910000,21.6(3.85 %),1174800,24536660000,20000,423750000,3089424,4.71
10/05/2021,-9700,-210575000,21.8(0.93 %),17100,373915000,26800,584490000,3099124,4.71
11/05/2021,-1214600,-26713715000,21.65(-0.69 %),33300,728500000,1247900,27442215000,4313724,4.6
12/05/2021,-1954700,-42192480000,22.2(2.54 %),75900,1651760000,2030600,43844240000,6268424,4.42
13/05/2021,200200,4719465000,22.9(3.15 %),280200,6501965000,80000,1782500000,6068224,4.44
14/05/2021,-2157800,-50261580000,23.35(1.97 %),4200,98735000,2162000,50360315000,8226024,4.23
17/05/2021,-1068500,-24467375000,22.8(-2.36 %),3200,74010000,1071700,24541385000,9294524,4.14
18/05/2021,637300,14351270000,23(0.88 %),828000,18656785000,190700,4305515000,8657224,4.19
19/05/2021,-2000,-41175000,23.55(2.39 %),31900,743660000,33900,784835000,8659224,4.19
20/05/2021,-108500,-2540210000,23.5(-0.21 %),1200,28130000,109700,2568340000,8767724,4.18
21/05/2021,38500,909355000,23.5(0.00 %),39600,935440000,1100,26085000,8729224,4.19
24/05/2021,26900,631335000,23.4(-0.43 %),34100,800535000,7200,169200000,8702324,4.19
25/05/2021,155600,3745590000,23.9(2.14 %),155600,3745590000,0,0,8546724,4.2
26/05/2021,575000,14260960000,25.4(6.28 %),577100,14312620000,2100,51660000,7971724,4.26
27/05/2021,-1464500,-38410825000,26.2(3.15 %),78400,2085130000,1542900,40495955000,9436224,4.12
28/05/2021,-2998700,-83213225000,28(6.87 %),50400,1397560000,3049100,84610785000,12434924,3.84
31/05/2021,-2273900,-66054930000,29.95(6.96 %),5700,168515000,2279600,66223445000,14708824,3.63
01/06/2021,-1030800,-31549360000,29.6(-1.17 %),34300,1026580000,1065100,32575940000,9910221,4.08
02/06/2021,7200,186605000,31.65(6.93 %),36200,1071535000,29000,884930000,9903021,4.08
03/06/2021,-54000,-1840820000,33.85(6.95 %),79500,2667800000,133500,4508620000,9957021,4.07
04/06/2021,-391900,-13138610000,33.4(-1.33 %),140400,4698440000,532300,17837050000,10348921,4.04
07/06/2021,-265800,-8473550000,31.4(-5.99 %),18000,571500000,283800,9045050000,10614721,4.01
08/06/2021,-1443900,-45156575000,29.25(-6.85 %),644500,19260905000,2088400,64417480000,12058621,3.88
09/06/2021,807900,23350025000,31.25(6.84 %),884500,25677730000,76600,2327705000,11250721,3.95
10/06/2021,380900,12155065000,31.2(-0.16 %),407000,12974735000,26100,819670000,10869821,3.99
11/06/2021,-964300,-29991590000,31.25(0.16 %),0,0,964300,29991590000,11834121,3.9
14/06/2021,-1031000,-31777260000,30.7(-1.76 %),14000,432980000,1045000,32210240000,12865121,3.8
15/06/2021,-1238600,-37197465000,29(-5.54 %),3900,117345000,1242500,37314810000,14103721,3.69
16/06/2021,555900,15963150000,28(-3.45 %),578600,16609970000,22700,646820000,13547821,3.74
17/06/2021,879300,25150735000,29.5(5.36 %),879300,25150735000,0,0,12668521,3.82
18/06/2021,-236300,-6975895000,29.6(0.34 %),24800,739145000,261100,7715040000,12904821,3.8
21/06/2021,-483400,-13980785000,28.8(-2.70 %),10600,309595000,494000,14290380000,13388221,3.75
22/06/2021,8700,272060000,29.4(2.08 %),36900,1081635000,28200,809575000,13379521,3.75
23/06/2021,4400,159150000,28.8(-2.04 %),93500,2737395000,89100,2578245000,13375121,3.76
24/06/2021,2800,87015000,29.45(2.26 %),9200,275195000,6400,188180000,13372321,3.76
25/06/2021,-28100,-821445000,29.5(0.17 %),2500,73635000,30600,895080000,13400421,3.75
28/06/2021,326000,9780560000,30.15(2.20 %),336500,10098085000,10500,317525000,13074421,3.78
29/06/2021,-13200,-394685000,30.5(1.16 %),39400,1215730000,52600,1610415000,13087621,3.78
30/06/2021,-324600,-9726645000,29.95(-1.80 %),55900,1676320000,380500,11402965000,13412221,3.75
01/07/2021,-106400,-3170175000,29.9(-0.17 %),130200,3894085000,236600,7064260000,19277809,3.21
02/07/2021,-51500,-1546710000,29.8(-0.33 %),54800,1654880000,106300,3201590000,19329309,3.2
05/07/2021,-79800,-2408588900,30.1(1.01 %),3800,74247500,83600,2482836400,19409109,3.19
06/07/2021,-310900,-9608860000,28(-6.98 %),13600,427725000,324500,10036585000,19720009,3.16
07/07/2021,1274900,36679920000,29.95(6.96 %),1294000,37220670000,19100,540750000,18445109,3.28
08/07/2021,-323900,-9357258600,29.9(-0.17 %),2400,72117600,326300,9429376200,18769009,3.25
09/07/2021,-142400,-4183525000,28.9(-3.34 %),30100,869645000,172500,5053170000,18911409,3.24
12/07/2021,-146800,-3987215000,28(-3.11 %),22100,599520000,168900,4586735000,19058209,3.23
13/07/2021,-201900,-5505615000,27.5(-1.79 %),8200,224930000,210100,5730545000,19260109,3.21
14/07/2021,429000,11531890000,27.1(-1.45 %),477500,12840845000,48500,1308955000,18831109,3.25
15/07/2021,575300,15641570000,27.7(2.21 %),575400,15644270000,100,2700000,18255809,3.3
16/07/2021,184200,5056800000,27.45(-0.90 %),184800,5073250000,600,16450000,18071609,3.32
19/07/2021,35400,909520000,25.55(-6.92 %),39600,1018450000,4200,108930000,18036209,3.32
20/07/2021,713700,17565170000,25.6(0.20 %),719300,17704910000,5600,139740000,17322509,3.39
21/07/2021,-561900,-13346955000,23.4(-8.59 %),10300,247350000,572200,13594305000,17884409,3.34
22/07/2021,-157500,-3693505000,23.5(0.43 %),300,7045000,157800,3700550000,18041909,3.32
23/07/2021,-181500,-4294825000,23.6(0.43 %),5600,134300000,187100,4429125000,18223409,3.3
26/07/2021,-102100,-2337180000,22.9(-2.97 %),3100,70985000,105200,2408165000,18325509,3.29
27/07/2021,147400,3413510000,23.45(2.40 %),203300,4712930000,55900,1299420000,18178109,3.31
28/07/2021,218900,5100525000,23.5(0.21 %),302300,7042735000,83400,1942210000,17959209,3.33
29/07/2021,124900,2962215000,24(2.13 %),202000,4788510000,77100,1826295000,17834309,3.34
30/07/2021,330100,8293305000,25.5(6.25 %),440300,11021120000,110200,2727815000,17504209,3.37
02/08/2021,230400,5839235000,25(-1.96 %),600400,15125860000,370000,9286625000,17847859,3.34
03/08/2021,-21500,-502425000,25.05(0.20 %),201900,5028550000,223400,5530975000,17869359,3.34
04/08/2021,323800,8107885000,25.15(0.40 %),404400,10118610000,80600,2010725000,17545559,3.37
05/08/2021,1280400,32737935000,26(3.38 %),1280400,32737935000,0,0,16265159,3.49
06/08/2021,733800,18927810000,25.65(-1.35 %),1021700,26344130000,287900,7416320000,15531359,3.55
09/08/2021,-150100,-3883110000,25.65(0.00 %),854400,21794425000,1004500,25677535000,15681459,3.54
10/08/2021,-603100,-15279145000,25.6(-0.19 %),480400,12266505000,1083500,27545650000,16284559,3.48
11/08/2021,-794900,-20294680000,25.2(-1.56 %),211000,5385160000,1005900,25679840000,17079459,3.41
12/08/2021,119300,2995410000,24.75(-1.79 %),119400,2997920000,100,2510000,16960159,3.42
13/08/2021,-283100,-6400660000,25(1.01 %),13500,283388000,296600,6684048000,17243259,3.4
16/08/2021,-184300,-4614155000,25.2(0.80 %),11300,282080000,195600,4896235000,17427559,3.38
17/08/2021,270500,7051730000,26.2(3.97 %),317200,8268210000,46700,1216480000,16702259,3.45
18/08/2021,157700,4096615000,25.9(-1.15 %),185900,4826105000,28200,729490000,17269859,3.39
19/08/2021,-46700,-1192705000,25.5(-1.54 %),10100,257550000,56800,1450255000,17316559,3.39
20/08/2021,-299700,-7424275000,24(-5.88 %),20900,510255000,320600,7934530000,17616259,3.36
23/08/2021,-112700,-2603575000,22.6(-5.83 %),187500,4338295000,300200,6941870000,17728959,3.35
24/08/2021,613400,14091885000,23.05(1.99 %),614100,14107845000,700,15960000,17115559,4.01
25/08/2021,5200,120760000,23.25(-19.83 %),13800,317410000,8600,196650000,17110359,4.01
26/08/2021,201300,4665940000,22.75(-2.15 %),411100,9490490000,209800,4824550000,16909059,4.03
27/08/2021,-48000,-1046180000,21.8(-4.18 %),29600,658600000,77600,1704780000,16957059,4.02
30/08/2021,-37000,-758065000,23.3(6.88 %),250800,5575650000,287800,6333715000,16994059,4.02
31/08/2021,-42800,-1005505000,23.05(-1.07 %),6700,156235000,49500,1161740000,17036859,4.01
01/09/2021,1100,25285000,22.75(-1.30 %),4100,93935000,3000,68650000,18649747,3.86
06/09/2021,-74700,-1688005000,22.85(0.44 %),35300,804165000,110000,2492170000,18724447,3.86
07/09/2021,64500,1500690000,23.1(1.09 %),65500,1524090000,1000,23400000,18659947,3.86
08/09/2021,969600,22325245000,23.3(0.87 %),1013200,23329495000,43600,1004250000,17690347,3.95
09/09/2021,1014300,23496010000,23.3(0.00 %),1017000,23558820000,2700,62810000,16676047,3.61
10/09/2021,-37300,-856050000,23.1(-0.86 %),10200,235145000,47500,1091195000,16713347,3.61
13/09/2021,22400,508320000,22.6(-2.16 %),22400,508320000,0,0,16690947,3.61
14/09/2021,4100,91140000,22.05(-2.43 %),4100,91140000,0,0,16686847,3.61
15/09/2021,60000,1325020000,22.1(0.23 %),67900,1499870000,7900,174850000,16626847,3.62
16/09/2021,-4800,-106065000,22.1(0.00 %),200,4435000,5000,110500000,16631647,3.62
17/09/2021,6800,152540000,22.4(1.36 %),7800,174890000,1000,22350000,16624847,3.62
20/09/2021,150900,3498780000,23.45(4.69 %),185700,4310765000,34800,811985000,16473947,3.63
21/09/2021,-119000,-2723220000,22.85(-2.56 %),1200,27360000,120200,2750580000,16592947,3.62
22/09/2021,-4600,-104170000,22.6(-1.09 %),0,0,4600,104170000,16597547,3.62
23/09/2021,-172200,-3868925000,22.4(-0.88 %),6900,154965000,179100,4023890000,16769747,3.61
24/09/2021,-98300,-2215520000,22.45(0.22 %),700,15680000,99000,2231200000,16868047,3.6
27/09/2021,-36300,-818935000,22.05(-1.78 %),3200,71495000,39500,890430000,16904347,3.6
28/09/2021,309500,6810870000,22.1(0.23 %),351200,7723900000,41700,913030000,16594847,3.62
29/09/2021,-12500,-271675000,21.7(-1.81 %),1200,26040000,13700,297715000,16607347,3.62
30/09/2021,18300,399305000,21.65(-0.23 %),39000,849310000,20700,450005000,16589047,3.62
01/10/2021,-21600,-455945000,20.9(-3.46 %),39100,792645000,60700,1248590000,16737836,3.61
04/10/2021,828300,16967440000,20.55(-1.67 %),858200,17583140000,29900,615700000,15909536,3.68
05/10/2021,-121900,-2512890000,21(2.19 %),30800,645080000,152700,3157970000,16031436,3.67
06/10/2021,26300,558210000,21.2(0.95 %),27000,573135000,700,14925000,16005136,0.0
07/10/2021,-93100,-1958835000,21(-0.94 %),13900,292375000,107000,2251210000,16098236,0.0
08/10/2021,36400,765115000,21(0.00 %),36400,765115000,0,0,16061836,0.0
11/10/2021,85600,1765902600,21.75(3.57 %),85600,1765902600,0,0,15976236,0.0
12/10/2021,-8300,-179770000,21.75(0.00 %),34500,755275000,42800,935045000,15984536,0.0
13/10/2021,1071700,23302490000,21.8(0.23 %),1074400,23361215000,2700,58725000,14912836,0.0
14/10/2021,621000,13499095000,21.65(-0.69 %),621000,13499095000,0,0,14291836,0.0
15/10/2021,649200,14242085000,22(1.62 %),662700,14539045000,13500,296960000,13642636,0.0
18/10/2021,292600,6349940000,21.6(-1.82 %),339800,7376860000,47200,1026920000,13350036,0.0
19/10/2021,24400,522205000,21.3(-1.39 %),29600,633090000,5200,110885000,13325636,0.0
20/10/2021,-57600,-1206210000,21.15(-0.70 %),11700,248150000,69300,1454360000,13383236,0.0
21/10/2021,-43900,-930595000,21(-0.71 %),11300,238885000,55200,1169480000,13369536,0.0
22/10/2021,-174300,-3640920000,20.85(-0.71 %),1800,37650000,176100,3678570000,13543836,0.0
25/10/2021,-400,-8280000,20.65(-0.96 %),100,2070000,500,10350000,13544236,0.0
26/10/2021,-48500,-1008580000,20.8(0.73 %),1500,31420000,50000,1040000000,13592736,0.0
27/10/2021,-742884,-15560416480,21(0.96 %),55600,1167390000,798484,16727806480,14335620,0.0
28/10/2021,-81000,-1707340000,21.1(0.48 %),14200,299120000,95200,2006460000,14416620,3.8
29/10/2021,1508900,31808455000,20.8(-1.42 %),1514100,31918640000,5200,110185000,12907720,3.93
01/11/2021,194400,4192865000,21.15(1.68 %),222200,4790440000,27800,597575000,12913267,3.93
02/11/2021,27000,568305000,21.4(1.18 %),34200,720945000,7200,152640000,12886267,3.93
03/11/2021,203600,4518275000,22.85(6.78 %),286000,6348795000,82400,1830520000,12682667,0.0
04/11/2021,-69700,-2093239200,23(0.66 %),276700,5873671200,346400,7966910400,12955967,0.0
05/11/2021,-53200,-1216585000,23.05(0.22 %),36100,832930000,89300,2049515000,12939467,0.0
08/11/2021,-203600,-4770335000,23.4(1.52 %),6900,161265000,210500,4931600000,13089867,3.91
09/11/2021,-229200,-5430370000,23.5(0.43 %),2600,61445000,231800,5491815000,13319067,3.89
10/11/2021,0,0,23.1(-1.70 %),0,0,0,0,13319067,3.89
11/11/2021,-100800,-2258565000,22.45(-2.81 %),55400,1245180000,156200,3503745000,13419867,3.89
12/11/2021,39600,890475000,22.9(2.00 %),42500,955575000,2900,65100000,13380267,3.89
15/11/2021,6200,143385000,22.8(-0.44 %),27600,635730000,21400,492345000,13374067,3.89
16/11/2021,-15400,-365735000,23.1(1.32 %),44100,1022315000,59500,1388050000,13389467,3.89
17/11/2021,-406600,-9357750000,23(-0.43 %),72800,1681775000,479400,11039525000,13796067,3.85
18/11/2021,18800,427020000,22.6(-1.74 %),25700,583650000,6900,156630000,13777267,3.86
19/11/2021,-3000,-41540000,22.7(0.44 %),29500,682235000,32500,723775000,13780267,3.86
22/11/2021,157900,3766975000,23.45(3.30 %),284300,6756770000,126400,2989795000,13622367,3.87
23/11/2021,16100,367845000,23.05(-1.71 %),25000,576305000,8900,208460000,13606267,3.87
24/11/2021,310900,7474655000,24.5(6.29 %),515900,12476425000,205000,5001770000,13295367,3.9
25/11/2021,-299300,-7326405000,24.45(-0.20 %),48400,1180915000,347700,8507320000,13594667,3.87
26/11/2021,967600,23426350000,23.9(-2.25 %),1014100,24549340000,46500,1122990000,12627067,0.0
29/11/2021,-220600,-5324092800,23.05(-3.56 %),87500,1789320000,308100,7113412800,12847667,0.0
30/11/2021,-68500,-1583440000,22.4(-2.82 %),56100,1283100000,124600,2866540000,12695567,3.95
01/12/2021,-10900,-243315000,22.75(1.56 %),9000,203935000,19900,447250000,12316809,3.98
02/12/2021,-5200,-117235000,22.4(-1.54 %),400,9080000,5600,126315000,12322009,3.98
03/12/2021,16800,372900000,21.55(-3.79 %),26600,589500000,9800,216600000,12305209,3.98
06/12/2021,15100,294560000,20.3(-5.80 %),83000,1718135000,67900,1423575000,12290109,3.98
07/12/2021,224200,4658920000,20.95(3.20 %),287300,5970605000,63100,1311685000,12065909,4.0
08/12/2021,-32500,-690020000,21.15(0.95 %),11800,249330000,44300,939350000,12098409,3.99
09/12/2021,-43700,-915495000,21.2(0.24 %),3800,79960000,47500,995455000,12142109,0.0
10/12/2021,356200,7621805000,21.35(0.71 %),600400,12864020000,244200,5242215000,11785909,4.02
13/12/2021,-56100,-1230520000,21.85(2.34 %),10600,232935000,66700,1463455000,11842009,4.02
14/12/2021,-70800,-1579010000,22.6(3.43 %),5100,115630000,75900,1694640000,11912809,4.01
15/12/2021,4900,109575000,22.5(-0.44 %),11600,260935000,6700,151360000,11907909,4.01
16/12/2021,7300,163430000,22.2(-1.33 %),9700,217135000,2400,53705000,11900609,4.01
17/12/2021,44100,965680000,21.8(-1.80 %),44100,965680000,0,0,11856509,4.01
20/12/2021,21500,465435000,21.6(-0.92 %),31500,681935000,10000,216500000,11835009,4.02
21/12/2021,18700,400040000,21.3(-1.39 %),18700,400040000,0,0,11816309,0.0
22/12/2021,6200,129410000,20.95(-1.64 %),23600,498010000,17400,368600000,11810109,4.02
23/12/2021,36400,749585000,20.65(-1.67 %),37400,770385000,1000,20800000,11773709,0.0
24/12/2021,-189400,-4003726600,21.7(4.83 %),30600,646853400,220000,4650580000,11999509,0.0
27/12/2021,-77900,-1673990000,21.55(-0.69 %),29400,639515000,107300,2313505000,12173286,3.99
28/12/2021,-178500,-3858890000,21.7(0.46 %),38700,832590000,217200,4691480000,12351786,3.97
29/12/2021,172500,3854700000,22.25(2.53 %),175600,3924275000,3100,69575000,12330486,3.98
30/12/2021,-6400,-141985000,22.2(-0.45 %),44000,980330000,50400,1122315000,12503506,3.96
31/12/2021,33300,766465000,22.3(0.45 %),71800,1632560000,38500,866095000,12434806,3.97
04/01/2022,-5500,-122390000,22.45(0.67 %),69400,1563735000,74900,1686125000,12415806,3.97
05/01/2022,2200,48155000,22.2(-1.33 %),12100,268150000,9900,219995000,12442102,3.97
06/01/2022,1138400,24930635000,21.7(-2.25 %),1160000,25402335000,21600,471700000,11357002,4.06
07/01/2022,329100,7133370000,22.2(2.30 %),330100,7155170000,1000,21800000,11048266,4.08
10/01/2022,-134900,-3067447400,21.6(-2.70 %),13200,179793200,148100,3247240600,11056666,4.08
11/01/2022,408800,8775315000,21.5(-0.46 %),589100,12650010000,180300,3874695000,10468566,4.13
12/01/2022,2100,45735000,21.9(1.86 %),19200,413360000,17100,367625000,10597546,4.12
13/01/2022,28700,657225000,22(0.46 %),57800,1311725000,29100,654500000,10731526,4.11
14/01/2022,4600,102055000,21.8(-0.91 %),17300,378935000,12700,276880000,10731326,4.11
17/01/2022,2100,47620000,21.5(-1.38 %),19200,420100000,17100,372480000,10752726,4.11
18/01/2022,-38900,-828245000,21.15(-1.63 %),28000,599535000,66900,1427780000,10749006,4.11
19/01/2022,-19800,-419095000,21.15(-0.24 %),600,12710000,20400,431805000,10765506,4.11
20/01/2022,526000,11083785000,21.2(0.00 %),526000,11083785000,0,0,10302591,4.14
21/01/2022,3900,85615000,21.7(1.88 %),20400,448290000,16500,362675000,10301445,4.14
24/01/2022,-139300,-3062215000,21.5(-0.92 %),6600,145110000,145900,3207325000,10294542,4.14
25/01/2022,510000,11518810000,23(6.98 %),540600,12213345000,30600,694535000,9770442,4.19
26/01/2022,4853600,117531505900,24.6(6.96 %),5519600,133785681300,666000,16254175400,4408242,4.63
27/01/2022,4250400,107630980000,24.5(-0.41 %),4408200,111571040000,157800,3940060000,30402,5.0
28/01/2022,27300,672185000,25(2.04 %),30400,748515000,3100,76330000,665978,4.94
07/02/2022,540400,13470710000,24.85(-0.60 %),607200,15134775000,66800,1664065000,216578,4.98
08/02/2022,80600,1999395000,24.9(0.00 %),113500,2820060000,32900,820665000,106178,4.99
09/02/2022,-425700,-10526935000,24.6(-1.20 %),106100,2676475000,531800,13203410000,66878,4.99
10/02/2022,-58200,-1448875000,25(1.63 %),66800,1643380000,125000,3092255000,32978,5.0
11/02/2022,-18900,-490375000,25.9(3.60 %),2200,55000000,21100,545375000,562578,4.95
14/02/2022,-245500,-6155900000,24.1(-6.95 %),114600,2947925000,360100,9103825000,572978,4.95
15/02/2022,520700,12720120000,24.6(2.07 %),526200,12853245000,5500,133125000,67878,4.99
16/02/2022,-14200,-336200000,24.3(-1.22 %),26300,637280000,40500,973480000,400975,4.97
17/02/2022,374800,9037350000,24.3(0.00 %),400900,9674310000,26100,636960000,35575,5.0
18/02/2022,21100,519240000,23.6(-2.88 %),35500,862450000,14400,343210000,40575,5.0
21/02/2022,15000,357950000,23.65(0.21 %),40500,953600000,25500,595650000,26175,5.0
22/02/2022,-35700,-829755000,23.65(-0.21 %),4000,93200000,39700,922955000,36575,5.0
23/02/2022,0,240000,23.6(-0.42 %),1600,38000000,1600,37760000,60475,4.99
24/02/2022,-7100,-160650000,22.8(-3.39 %),19600,451485000,26700,612135000,80515,4.99
25/02/2022,73700,1714075000,23.05(1.10 %),80500,1871555000,6800,157480000,1615,5.0
28/02/2022,-2097800,-47735350000,22.65(-1.95 %),1100,24970000,2098900,47760320000,27215,5.0
01/03/2022,-463500,-10393995000,22.25(-1.98 %),8700,194545000,472200,10588540000,25315,5.0
02/03/2022,9300,203805000,21.5(-3.59 %),25300,550755000,16000,346950000,2098915,4.83
03/03/2022,2094800,46737895000,22.25(3.49 %),2098900,46828520000,4100,90625000,471327,4.96
04/03/2022,471300,10569545000,22.35(0.22 %),471300,10569545000,0,0,16027,5.0
07/03/2022,6900,150465000,22(-1.79 %),9100,198785000,2200,48320000,16027,5.0
08/03/2022,15000,329525000,22(0.00 %),15100,331720000,100,2195000,927,5.0
09/03/2022,-10600,-230760000,22(0.00 %),900,19620000,11500,250380000,1752020,4.86
10/03/2022,23500,522480000,22.25(1.14 %),25200,560480000,1700,38000000,1726920,4.86
11/03/2022,3900,85930000,22.15(-0.67 %),7000,154370000,3100,68440000,1731468,4.86
14/03/2022,64900,1383120000,21.85(-1.58 %),1001700,21887955000,936800,20504835000,931468,4.92
15/03/2022,-18600,-408585000,22.05(0.68 %),34300,753575000,52900,1162160000,900268,4.93
16/03/2022,-3248700,-72136520000,22.15(0.23 %),752300,16729585000,4001000,88866105000,884768,4.93
17/03/2022,-3839200,-85568410000,22.35(0.68 %),796500,17823400000,4635700,103391810000,141168,4.99
18/03/2022,30900,690175000,22.25(-0.67 %),30900,690175000,0,0,4111268,4.67
21/03/2022,-6600,-147365000,22.4(0.45 %),0,0,6600,147365000,8746968,4.29
22/03/2022,28600,661340000,22.9(2.23 %),33500,775150000,4900,113810000,8713468,4.3
23/03/2022,-700,-14075000,22.7(-0.87 %),20000,458000000,20700,472075000,8700068,4.3
24/03/2022,693200,15726090000,22.55(-0.66 %),710400,16113970000,17200,387880000,7994568,4.35
25/03/2022,42600,956175000,22.3(-1.33 %),42600,956175000,0,0,7972648,4.36
28/03/2022,-66800,-1468835000,21.85(-2.02 %),5000,110000000,71800,1578835000,7984848,4.36
29/03/2022,416600,9169750000,22.05(0.68 %),416600,9169750000,0,0,7568248,4.39
30/03/2022,40400,890035000,21.9(-0.90 %),40900,900995000,500,10960000,7599032,4.39
31/03/2022,-5400,-115475000,21.65(-1.14 %),9300,203935000,14700,319410000,7589732,4.39
01/04/2022,14300,311260000,21.95(1.15 %),14300,311260000,0,0,7585932,4.39
04/04/2022,743600,16357120000,21.9(-0.45 %),805000,17711745000,61400,1354625000,6795632,4.45
05/04/2022,-696300,-14515595000,20.6(4.04 %),463800,9614895000,1160100,24130490000,6331832,4.49
06/04/2022,36400,761410000,20.85(1.21 %),47400,987610000,11000,226200000,6345832,4.49
07/04/2022,-65800,-1371760000,20.35(-2.63 %),7600,156870000,73400,1528630000,6411632,3.69
08/04/2022,482000,9723570000,20.1(-1.47 %),514500,10378600000,32500,655030000,6994759,4.44
12/04/2022,-48700,-974945000,19.55(-2.74 %),5500,108200000,54200,1083145000,7043459,3.17
13/04/2022,-133700,-2671600000,20(2.04 %),15200,297470000,148900,2969070000,7062659,4.43
14/04/2022,10300,205980000,19.8(-1.00 %),10300,205980000,0,0,7123427,4.42
15/04/2022,3500,96608400,19.75(-0.25 %),10000,197160000,6500,100551600,7262327,4.41
18/04/2022,-500400,-9378155000,18.5(-6.57 %),18100,341640000,518500,9719795000,7244227,4.42
19/04/2022,22400,410140000,17.25(-6.76 %),26400,481165000,4000,71025000,7224307,4.42
20/04/2022,278300,4653015000,16.05(-6.96 %),300100,5019640000,21800,366625000,6845127,3.66
21/04/2022,655800,10007955000,16.3(1.24 %),1163000,18130550000,507200,8122595000,6293707,4.49
22/04/2022,-219700,-3671305000,16.7(2.45 %),18800,314625000,238500,3985930000,6296707,4.49
25/04/2022,-259400,-4318905000,15.55(-6.89 %),13000,217750000,272400,4536655000,6790907,4.45
26/04/2022,294900,4569050000,16.2(3.85 %),297800,4614240000,2900,45190000,6731607,4.46
27/04/2022,-94400,-1517030000,16.25(0.31 %),28100,454520000,122500,1971550000,6975907,4.44
28/04/2022,-221500,-3605245000,16.15(-0.92 %),2000,32700000,223500,3637945000,6976807,4.44
29/04/2022,24500,399815000,16.4(1.23 %),32000,521075000,7500,121260000,7067307,4.43
04/05/2022,-103500,-1739465000,16.8(2.44 %),18800,316195000,122300,2055660000,7272007,4.41
05/05/2022,-104700,-1762765000,16.45(-2.08 %),14600,241735000,119300,2004500000,7376707,0.0
06/05/2022,27300,428610000,15.7(-4.85 %),30300,475710000,3000,47100000,7356907,4.41
09/05/2022,114000,1670100000,14.65(-6.69 %),161000,2358650000,47000,688550000,7315207,4.41
10/05/2022,125200,1865480000,14.9(1.36 %),161800,2410820000,36600,545340000,7156407,4.42
11/05/2022,-74400,-1100205000,14.9(0.00 %),24300,360880000,98700,1461085000,7230807,3.64
12/05/2022,-46900,-691375000,13.9(-6.71 %),7700,108905000,54600,800280000,7277707,3.63
13/05/2022,267800,3569905000,12.95(-6.83 %),273000,3641145000,5200,71240000,7033707,4.43
16/05/2022,62700,821370000,13.1(0.77 %),87900,1151490000,25200,330120000,7012907,4.43
17/05/2022,285600,3998400000,14(6.87 %),293000,4102000000,7400,103600000,6725107,4.46
18/05/2022,-118000,-1746400000,14.8(5.71 %),14500,214600000,132500,1961000000,6748099,4.46
19/05/2022,-389400,-5665770000,14.55(-1.69 %),13600,197880000,403000,5863650000,6741899,4.46
20/05/2022,-112000,-1635200000,14.6(0.00 %),10400,151840000,122400,1787040000,6863999,4.45
23/05/2022,515700,7426080000,14.4(-1.37 %),518700,7469280000,3000,43200000,6748299,4.46
24/05/2022,4000,58400000,14.6(1.39 %),4100,59860000,100,1460000,6879099,4.44
25/05/2022,70800,1076160000,15.2(4.11 %),77700,1181040000,6900,104880000,6816859,4.45
26/05/2022,-91200,-1386240000,15.2(0.00 %),500,7600000,91700,1393840000,6816459,4.45
27/05/2022,-915600,-13779780000,15.05(-0.99 %),93400,1405670000,1009000,15185450000,6729959,4.46
30/05/2022,-1700,-26010000,15.3(1.32 %),300,4590000,2000,30600000,6821359,4.45
31/05/2022,-467700,-7015500000,15(-1.96 %),18000,270000000,485700,7285500000,7812359,4.37
01/06/2022,-818700,-12239565000,14.95(-0.33 %),0,0,818700,12239565000,7814359,4.37
02/06/2022,-1946500,-28418900000,14.6(-2.67 %),11200,163520000,1957700,28582420000,8288859,4.33
03/06/2022,30500,439200000,14.4(-1.37 %),30900,444960000,400,5760000,9076659,4.27
06/06/2022,-496300,-7177790000,14.4(0.00 %),533400,7673905000,1029700,14851695000,10500959,4.15
07/06/2022,-6200,-88040000,14.2(-1.39 %),19600,278320000,25800,366360000,10481759,4.15
08/06/2022,154400,2339160000,15.15(6.69 %),157900,2392185000,3500,53025000,11353559,4.08
09/06/2022,68100,1038525000,15.25(0.33 %),68100,1038525000,0,0,11311259,4.09
10/06/2022,48600,724140000,14.9(-2.61 %),48600,724140000,0,0,11266099,4.09
13/06/2022,-172700,-2400530000,13.9(-6.71 %),8700,120930000,181400,2521460000,11257399,4.09
14/06/2022,1149700,15118555000,13.15(-5.40 %),1191400,15666910000,41700,548355000,10065999,4.19
15/06/2022,-12400,-153760000,12.4(-6.06 %),118700,1471880000,131100,1625640000,10128515,4.18
16/06/2022,291900,3677940000,12.6(1.61 %),378000,4762800000,86100,1084860000,9792215,4.21
17/06/2022,904700,10856400000,12(-4.76 %),1036600,12439200000,131900,1582800000,8886715,4.28
20/06/2022,11800,144880000,11.8(-1.67 %),50000,602570000,38200,457690000,8922815,4.28
21/06/2022,170900,2033710000,11.9(0.85 %),191900,2283610000,21000,249900000,8862815,4.28
22/06/2022,58500,742950000,12.7(6.72 %),100700,1278890000,42200,535940000,8800202,4.29
23/06/2022,-106900,-1443150000,13.5(6.30 %),71000,958500000,177900,2401650000,8750202,4.29
24/06/2022,-265000,-3498000000,13.2(-2.22 %),22000,290400000,287000,3788400000,8770402,4.29
27/06/2022,81300,1058400000,12.6(-4.55 %),96800,1262450000,15500,204050000,8851510,4.29
28/06/2022,646700,8665780000,13.4(6.35 %),707400,9479160000,60700,813380000,8431110,4.32
29/06/2022,-128600,-1767950000,13.5(0.75 %),61000,830300000,189600,2598250000,8385610,4.32
30/06/2022,209600,2735280000,13.05(-3.33 %),247900,3235095000,38300,499815000,8198410,4.34
01/07/2022,-88700,-1157535000,13.05(-0.38 %),113400,1479870000,202100,2637405000,8274610,4.33
04/07/2022,24300,327875000,13.6(3.82 %),29300,395125000,5000,67250000,8208910,3.57
05/07/2022,-56500,-768400000,13.6(0.00 %),68400,930240000,124900,1698640000,8435810,4.32
06/07/2022,-55600,-725580000,13.05(-4.04 %),95100,1241055000,150700,1966635000,8345710,4.33
07/07/2022,-52900,-695635000,13.15(0.38 %),21100,277465000,74000,973100000,8449510,4.32
08/07/2022,-74400,426400000,13.25(0.38 %),24300,439400000,98700,13000000,8523910,3.55
11/07/2022,32800,426400000,13(-2.26 %),33800,439400000,1000,13000000,8590410,4.31
12/07/2022,120600,1616040000,13.4(3.08 %),122600,1642840000,2000,26800000,9467810,4.24
13/07/2022,-43300,-599705000,13.85(3.36 %),61000,844850000,104300,1444555000,9407574,4.24
14/07/2022,-17800,-248310000,13.95(0.36 %),42000,585900000,59800,834210000,9367574,4.24
15/07/2022,314700,4405800000,14(0.00 %),519500,7273000000,204800,2867200000,8952374,4.28
18/07/2022,1424900,20091090000,14.1(0.71 %),1448700,20426670000,23800,335580000,9440200,4.37
19/07/2022,-49200,-683880000,13.9(-1.42 %),53000,736700000,102200,1420580000,9592000,4.36
20/07/2022,-52400,-741460000,14.15(1.80 %),109600,1550840000,162000,2292300000,9506200,4.37
21/07/2022,3605500,52820575000,14.65(3.17 %),3770100,55231965000,164600,2411390000,5844300,4.61
22/07/2022,-106900,17166240000,14.4(-2.04 %),71000,20892960000,177900,3726720000,4555400,4.7
25/07/2022,1347300,19670580000,14.6(1.39 %),1442300,21057580000,95000,1387000000,3283700,4.78
26/07/2022,1400600,20588820000,14.7(0.68 %),1418000,20844600000,17400,255780000,2124500,4.86
27/07/2022,1899800,29066940000,15.3(4.08 %),2026500,31005450000,126700,1938510000,218000,4.99
28/07/2022,4400,68640000,15.6(1.96 %),218000,3400800000,213600,3332160000,17400,5.0
29/07/2022,-560300,-8516560000,15.2(-2.56 %),17400,264480000,577700,8781040000,126700,4.99
01/08/2022,-12400,-195300000,15.75(3.62 %),126700,1995525000,139100,2190825000,213600,4.99
02/08/2022,95800,1523220000,15.9(0.63 %),213600,3396240000,117800,1873020000,577700,4.96
03/08/2022,72300,1156800000,16(0.63 %),135600,2169600000,63300,1012800000,581200,4.96
04/08/2022,563200,9039360000,16.05(0.31 %),581200,9328260000,18000,288900000,117800,4.99
05/08/2022,109300,1759730000,16.1(0.00 %),117800,1896580000,8500,136850000,63300,5.0
08/08/2022,50500,805475000,15.95(-0.93 %),59600,950620000,9100,145145000,21700,5.0
09/08/2022,2300,35765000,15.55(-2.81 %),6000,93300000,3700,57535000,24200,5.0
10/08/2022,18200,279370000,15.35(-1.60 %),24200,371470000,6000,92100000,9100,5.0
11/08/2022,-3500,-53725000,15.35(-0.32 %),9100,139685000,12600,193410000,3700,5.0
12/08/2022,2200,34320000,15.6(1.30 %),3700,57720000,1500,23400000,6000,5.0
15/08/2022,-16500,-266475000,16.15(3.53 %),6000,96900000,22500,363375000,12600,5.0
16/08/2022,12600,202230000,16.05(-0.93 %),142600,2288730000,130000,2086500000,1500,5.0
17/08/2022,1200,19020000,15.85(-1.55 %),1200,19020000,0,0,22800,5.0
18/08/2022,6600,103290000,15.65(-1.57 %),7100,111115000,500,7825000,15700,5.0
19/08/2022,-113600,-1766480000,15.55(-0.96 %),15700,244135000,129300,2010615000,0,5.0
22/08/2022,0,-1766480000,15.5(-0.64 %),0,244135000,0,2010615000,500,5.0
23/08/2022,-9700,-153260000,15.8(1.94 %),500,7900000,10200,161160000,129300,4.99
24/08/2022,-5900,-92925000,15.75(-0.32 %),2100,33075000,8000,126000000,127200,4.99
25/08/2022,49000,781550000,15.95(0.95 %),58100,926695000,9100,145145000,79300,4.99
26/08/2022,11700,184860000,15.8(-1.25 %),52000,821600000,40300,636740000,35300,5.0
29/08/2022,9200,142600000,15.5(-1.90 %),35300,547150000,26100,404550000,106300,4.99
30/08/2022,2400,37800000,15.75(1.61 %),4600,72450000,2200,34650000,142000,4.99
31/08/2022,142000,2243600000,15.8(0.00 %),142000,2243600000,0,0,26100,5.0
05/09/2022,-16300,-256725000,15.75(-0.32 %),26100,411075000,42400,667800000,2200,5.0
06/09/2022,-300,-4770000,15.9(0.63 %),200,3180000,500,7950000,2000,5.0
07/09/2022,-91000,-1415050000,15.55(-2.20 %),2000,31100000,93000,1446150000,42400,5.0
08/09/2022,-47600,-699720000,14.7(-5.77 %),42400,623280000,90000,1323000000,500,5.0
09/09/2022,-250000,-3675000000,14.7(0.00 %),500,7350000,250500,3682350000,99000,4.99
12/09/2022,12700,-3675000000,14.8(0.68 %),12800,7350000,100,3682350000,176200,4.99
13/09/2022,83700,400950000,14.9(0.68 %),89100,460350000,5400,59400000,337600,4.98
14/09/2022,303100,400950000,14.9(0.00 %),337600,460350000,34500,59400000,100,5.0
15/09/2022,0,4516190000,14.8(-0.67 %),100,5030240000,100,514050000,0,5.0
16/09/2022,2400,34080000,14.2(-4.05 %),5400,76680000,3000,42600000,34500,5.0
19/09/2022,-52700,-719355000,13.65(-3.87 %),21200,289380000,73900,1008735000,87200,4.99
20/09/2022,9094,128225400,14.1(2.92 %),13394,188855400,4300,60630000,3006,5.0
21/09/2022,-104000,-1456000000,14(-0.71 %),3000,42000000,107000,1498000000,73906,5.0
22/09/2022,48094,675720700,14.05(0.36 %),52094,731920700,4000,56200000,26112,5.0
23/09/2022,1474,20341200,13.8(-2.13 %),1474,20341200,0,0,131638,4.99
26/09/2022,130700,1718705000,13.15(-4.71 %),131600,1730540000,900,11835000,4038,5.0
27/09/2022,4000,53600000,13.4(1.52 %),4000,53600000,0,0,38,5.0
28/09/2022,-55247,-718211000,13(-2.99 %),1,13000,55248,718224000,937,5.0
29/09/2022,440,5676000,12.9(-0.77 %),600,7740000,160,2064000,337,5.0
30/09/2022,-6410,-82689000,12.9(0.00 %),290,3741000,6700,86430000,55295,5.0
03/10/2022,14970,180388500,12.05(-6.59 %),14970,180388500,0,0,40485,5.0
04/10/2022,40144,469684800,11.7(-3.31 %),40400,472680000,256,2995200,6785,5.0
05/10/2022,-1600,-19200000,12(2.56 %),6700,80400000,8300,99600000,85,5.0
06/10/2022,-6000,-67200000,11.2(-6.67 %),0,0,6000,67200000,341,5.0
07/10/2022,300,3135000,10.45(-6.70 %),300,3135000,0,0,8341,5.0
10/10/2022,2900,29435000,10.15(-3.33 %),8300,84245000,5400,54810000,6041,5.0
11/10/2022,5983,56479520,9.44(-7.45 %),6010,56734400,27,254880,31,5.0
12/10/2022,-1700,-17170000,10.1(7.45 %),0,0,1700,17170000,5431,5.0
13/10/2022,-111251,-1134760200,10.2(0.99 %),5400,55080000,116651,1189840200,58,5.0
14/10/2022,-93982,-1015005600,10.8(5.88 %),0,0,93982,1015005600,1758,5.0
17/10/2022,-10048,-110528000,11(1.85 %),0,0,10048,110528000,118409,4.99
18/10/2022,64200,706200000,11(0.00 %),82200,904200000,18000,198000000,130191,4.99
19/10/2022,44800,492805000,10.9(-0.91 %),44800,492805000,0,0,85391,4.99
20/10/2022,6000,63525000,10.75(-1.38 %),8500,90650000,2500,27125000,89439,4.99
21/10/2022,26800,274415000,10.05(-6.94 %),26800,274415000,0,0,78132,4.99
24/10/2022,-906000,-8913670000,9.35(-7.43 %),78100,791905000,984100,9705575000,984132,4.93
25/10/2022,-51800,-472424000,10(6.38 %),2600,25049000,54400,497473000,1035932,4.93
26/10/2022,-100,-1030000,10.35(3.50 %),0,0,100,1030000,54519,5.0
27/10/2022,910200,9744180000,11.05(6.25 %),930400,9962390000,20200,218210000,108166,4.99
28/10/2022,86600,978580000,11.3(1.80 %),86600,978580000,0,0,21666,5.0
31/10/2022,15437,181384750,11.75(3.98 %),17500,205625000,2063,24240250,24366,5.0
01/11/2022,748,8976000,12(1.69 %),21000,252000000,20252,243024000,3366,5.0
02/11/2022,2800,32480000,11.6(-3.33 %),3100,35960000,300,3480000,2329,5.0
03/11/2022,-37680,-440856000,11.7(0.86 %),2320,27144000,40000,468000000,20261,5.0
04/11/2022,-43800,-499320000,11.4(-2.56 %),500,5700000,44300,505020000,20061,5.0
07/11/2022,1200,12780000,10.65(-6.58 %),1200,12780000,0,0,58861,5.0
08/11/2022,12695,143453500,11.3(5.61 %),40400,456520000,27705,313066500,62761,5.0
09/11/2022,10900,124260000,11.4(0.88 %),16500,188100000,5600,63840000,46261,5.0
10/11/2022,40850,435052500,10.65(-6.58 %),46250,492562500,5400,57510000,27716,5.0
11/11/2022,9830,105181000,10.7(0.00 %),9830,105181000,0,0,23486,5.0
14/11/2022,23383,240844900,10.3(-3.74 %),23400,241020000,17,175100,5486,5.0
15/11/2022,5424,51961920,9.58(-6.99 %),5424,51961920,0,0,62,5.0
16/11/2022,62,635500,10.25(6.77 %),62,635500,0,0,17,5.0
17/11/2022,-2800,-26684000,9.53(7.08 %),0,0,2800,26684000,17,5.0
18/11/2022,-271,-2710000,10(5.26 %),17,170000,288,2880000,0,5.0
21/11/2022,-13000,-126750000,9.75(-2.50 %),0,0,13000,126750000,2800,5.0
22/11/2022,-66250,-659850000,9.96(1.63 %),2750,27390000,69000,687240000,338,5.0
23/11/2022,-462,-4536840,9.82(-1.80 %),338,3319160,800,7856000,13000,5.0
24/11/2022,-222596,-2223734040,9.99(1.73 %),4354,43496460,226950,2267230500,77646,4.99
25/11/2022,77564,826056600,10.65(6.50 %),77600,826440000,36,383400,846,5.0
28/11/2022,-2000,-22700000,11.35(6.07 %),800,9080000,2800,31780000,2846,0.0
29/11/2022,146563,1678146350,11.45(0.44 %),226963,2598726350,80400,920580000,-143717,4.36
30/11/2022,-11900,-136255000,11.45(-0.43 %),0,0,11900,136255000,69,4.35
01/12/2022,-4700,-53580000,11.4(-0.87 %),2800,31920000,7500,85500000,69,4.35
02/12/2022,19308,234592200,12.15(6.58 %),80400,976860000,61092,742267800,-19239,0.0
05/12/2022,4986,64818000,13(6.56 %),11969,155597000,6983,90779000,0,4.35
06/12/2022,-137710,-1797115500,13.05(0.38 %),7500,97875000,145210,1894990500,0,0.0
07/12/2022,17013,218617050,12.85(-1.91 %),24023,308695550,7010,90078500,37069,0.0
08/12/2022,-300,-4095000,13.65(5.81 %),1800,24570000,2100,28665000,187462,4.99
09/12/2022,-56444,-773282800,13.7(0.00 %),9700,132890000,66144,906172800,183926,4.99
12/12/2022,-3105,-41451750,13.35(-2.55 %),183926,2455412100,187031,2496863850,96918,4.99
13/12/2022,-500000,-6700000000,13.4(0.00 %),2100,28140000,502100,6728140000,596918,4.97
14/12/2022,5961,78685200,13.2(-1.49 %),8100,106920000,2139,28234800,590957,0.0
15/12/2022,2000,26400000,13.2(0.00 %),3000,39600000,1000,13200000,588957,0.0
16/12/2022,736275,9718830000,13.2(0.00 %),744175,9823110000,7900,104280000,-147318,0.0
19/12/2022,-3261,-42882150,13.15(-0.38 %),2139,28127850,5400,71010000,0,5.0
20/12/2022,11200,139440000,12.45(-5.68 %),22000,273900000,10800,134460000,0,5.0
21/12/2022,6600,83490000,12.65(1.20 %),7900,99935000,1300,16445000,0,5.0
22/12/2022,-4900,-64680000,13.2(3.94 %),100,1320000,5000,66000000,5300,5.0
23/12/2022,-102912,-1337856000,13(-1.52 %),1500,19500000,104412,1357356000,108212,4.99
26/12/2022,3847,46548700,12.1(-6.92 %),12000,145200000,8153,98651300,104365,4.99
27/12/2022,1703,21287500,12.5(3.31 %),4400,55000000,2697,33712500,102662,4.99
28/12/2022,13900,185565000,13.35(6.80 %),104000,1388400000,90100,1202835000,88762,4.99
29/12/2022,-65830,-862373000,13.1(-2.24 %),13028,170666800,78858,1033039800,2734,5.0
30/12/2022,-28900,-378590000,13.1(0.00 %),500,6550000,29400,385140000,92334,4.99
03/01/2023,13500,184275000,13.65(4.20 %),17100,233415000,3600,49140000,75234,0.0
04/01/2023,67100,905850000,13.5(-1.46 %),154000,2079000000,86900,1173150000,29492,5.0
05/01/2023,13800,186990000,13.55(0.37 %),14900,201895000,1100,14905000,18192,5.0
06/01/2023,-75600,-1092420000,14.45(6.25 %),5500,79475000,81100,1171895000,99592,4.99
09/01/2023,-3144,-44802000,14.25(-1.72 %),900,12825000,4044,57627000,99792,4.99
10/01/2023,97125,1403456250,14.45(1.05 %),99700,1440665000,2575,37208750,81192,5.0
11/01/2023,68592,991154400,14.45(-0.34 %),81192,1173224400,12600,182070000,4044,5.0
12/01/2023,4044,58638000,14.5(0.00 %),4044,58638000,0,0,2575,5.0
13/01/2023,-44140,-646651000,14.65(1.03 %),2575,37723750,46715,684374750,12600,5.0
16/01/2023,10600,155290000,14.65(-0.34 %),12600,184590000,2000,29300000,0,5.0
17/01/2023,-8300,-123670000,14.9(1.36 %),0,0,8300,123670000,46715,5.0
18/01/2023,-43600,-651820000,14.95(0.34 %),16400,245180000,60000,897000000,32315,5.0
19/01/2023,2460,36777000,14.95(-0.33 %),6925,103528750,4465,66751750,33690,5.0
27/01/2023,-32774,-491610000,15(0.00 %),10500,157500000,43274,649110000,83190,5.0
30/01/2023,71100,1030950000,14.5(-3.33 %),83100,1204950000,12000,174000000,4555,5.0
31/01/2023,-82200,-1216560000,14.8(2.07 %),4500,66600000,86700,1283160000,43329,5.0
01/02/2023,-112672,-1554873600,13.8(-6.76 %),43329,597940200,156001,2152813800,12000,5.0
02/02/2023,7158,97706700,13.65(-1.09 %),11400,155610000,4242,57903300,87300,4.99
03/02/2023,82500,1146750000,13.9(1.46 %),87300,1213470000,4800,66720000,156001,4.99
06/02/2023,-24000,-333600000,13.9(0.00 %),4500,62550000,28500,396150000,155743,4.99
07/02/2023,0,-333600000,13.55(-2.52 %),0,62550000,0,396150000,160543,4.99
08/02/2023,17610,244779000,13.9(2.21 %),18610,258679000,1000,13900000,170433,4.99
09/02/2023,-65500,-910450000,13.9(0.00 %),2500,34750000,68000,945200000,167933,4.99
10/02/2023,-11694,-164300700,14.05(1.08 %),3000,42150000,14694,206450700,165933,4.99
13/02/2023,4600,63710000,13.85(-1.77 %),7100,98335000,2500,34625000,226833,4.99
14/02/2023,226810,3107297000,13.7(-1.44 %),226810,3107297000,0,0,14717,5.0
15/02/2023,9862,135602500,13.75(0.36 %),10100,138875000,238,3272500,7117,5.0
16/02/2023,500,7000000,14(1.45 %),6800,95200000,6300,88200000,317,5.0
17/02/2023,-78683,-1140903500,14.5(3.57 %),30317,439596500,109000,1580500000,238,5.0
20/02/2023,38,570000,15(3.45 %),38,570000,0,0,6500,5.0
21/02/2023,6500,95550000,14.7(-2.00 %),6500,95550000,0,0,79000,5.0
22/02/2023,-1290,-18189000,14.1(-4.08 %),9100,128310000,10390,146499000,69900,5.0
23/02/2023,-545615,-7720452250,14.15(0.35 %),5300,74995000,550915,7795447250,64600,5.0
24/02/2023,-495998,-6993571800,14.1(-0.70 %),4002,56428200,500000,7050000000,560598,4.97
27/02/2023,-240600,-3320280000,13.8(-2.13 %),70900,978420000,311500,4298700000,551003,4.97
28/02/2023,323000,4505850000,13.95(1.09 %),323000,4505850000,0,0,728003,4.96
01/03/2023,10910,156013000,14.3(2.14 %),46910,670813000,36000,514800000,992593,4.94
02/03/2023,-610200,-8786880000,14.4(0.70 %),5500,79200000,615700,8866080000,964093,4.94
03/03/2023,-603000,-8532450000,14.15(-1.74 %),20000,283000000,623000,8815450000,980093,4.94
06/03/2023,100,1425000,14.25(0.35 %),100,1425000,0,0,1595693,4.91
07/03/2023,-563900,-8091965000,14.35(0.35 %),36100,518035000,600000,8610000000,2182593,4.87
08/03/2023,104411,1529621150,14.65(1.74 %),254900,3734285000,150489,2204663850,1927693,4.89
09/03/2023,-15000,-222000000,14.8(0.68 %),100,1480000,15100,223480000,2527593,4.85
10/03/2023,92200,1359950000,14.75(-0.34 %),138800,2047300000,46600,687350000,2539282,4.85
13/03/2023,71500,1054625000,14.75(-0.34 %),108500,1600375000,37000,545750000,2467782,0.0
14/03/2023,13350,195577500,14.65(-1.01 %),28000,410200000,14650,214622500,2464482,4.86
15/03/2023,42900,643500000,15(2.04 %),63900,958500000,21000,315000000,2437582,4.86
16/03/2023,-20660,-306801000,14.85(-1.00 %),37900,562815000,58560,869616000,2414332,4.86
17/03/2023,14400,214560000,14.9(0.00 %),25700,382930000,11300,168370000,2409632,4.86
20/03/2023,2700,39015000,14.45(-3.02 %),2700,39015000,0,0,2465492,4.86
21/03/2023,-42300,-6993571800,14.7(1.38 %),0,56428200,42300,7050000000,2476792,4.86
22/03/2023,0,-1640000,14.8(0.68 %),16400,241900000,16400,243540000,2476792,4.86
23/03/2023,160600,2381645000,14.95(1.01 %),167600,2484995000,7000,103350000,2316192,4.87
24/03/2023,-52400,-808690000,15.5(3.33 %),42600,662325000,95000,1471015000,2368592,4.86
27/03/2023,19700,304365000,15.45(-0.32 %),31800,491310000,12100,186945000,2348892,4.86
28/03/2023,-17850,-273105000,15.3(-1.29 %),3100,47430000,20950,320535000,2366742,0.0
29/03/2023,-1745,-26785750,15.35(0.33 %),155,2379250,1900,29165000,2387937,4.86
30/03/2023,-23520,-361032000,15.35(-0.32 %),0,0,23520,361032000,2408887,4.86
31/03/2023,50860,783244000,15.4(0.00 %),56600,871640000,5740,88396000,2354187,4.86
03/04/2023,15200,235600000,15.5(0.65 %),100100,1551550000,84900,1315950000,2277607,4.87
04/04/2023,148890,2345017500,15.75(1.61 %),166000,2614500000,17110,269482500,2117347,4.88
05/04/2023,-149200,-2320060000,15.55(-1.58 %),1100,17105000,150300,2337165000,2201147,4.87
06/04/2023,-6600,-99330000,15.05(-3.53 %),9400,141470000,16000,240800000,2208857,4.87
07/04/2023,4900,72520000,14.8(-1.99 %),13200,195360000,8300,122840000,2345957,4.86
10/04/2023,-5000,-73000000,14.6(-1.35 %),9800,143080000,14800,216080000,2352157,4.86
11/04/2023,19800,294030000,14.85(1.71 %),19800,294030000,0,0,2340657,4.86
12/04/2023,-17000,-252450000,14.85(-0.34 %),300,4455000,17300,256905000,2356157,4.86
13/04/2023,-21780,-321255000,14.75(-1.01 %),120,1770000,21900,323025000,2356037,4.86
14/04/2023,75200,1112960000,14.8(0.00 %),478900,7087720000,403700,5974760000,1894437,4.89
17/04/2023,-391932,-5604627600,14.3(-3.38 %),8415,120334500,400347,5724962100,1907922,4.89
18/04/2023,-358175,-5014450000,14(-2.10 %),1825,25550000,360000,5040000000,2309797,4.87
19/04/2023,-1090192,-14935630400,13.7(-2.14 %),2710,37127000,1092902,14972757400,2707434,4.84
20/04/2023,-127500,-1751685000,13.85(1.09 %),10200,139740000,137700,1891425000,2834934,0.0
21/04/2023,-603500,-8237775000,13.65(-1.80 %),1200,16380000,604700,8254155000,4148936,4.76
24/04/2023,-401465,-5379631000,13.4(-2.19 %),1110,14874000,402575,5394505000,4285526,4.75
25/04/2023,-328831,-4307686100,13.1(-2.24 %),72220,946082000,401051,5253768100,4818006,4.72
26/04/2023,216806,3035284000,14(6.87 %),517120,7239680000,300314,4204396000,4703461,4.73
27/04/2023,-634700,-8875100000,14.2(1.43 %),3200,44470000,637900,8919570000,5338161,4.69
28/04/2023,-22900,-324490000,14(-1.41 %),100,1400000,23000,325890000,5361061,4.69
04/05/2023,-818800,-11238365000,13.65(-2.50 %),8900,121890000,827700,11360255000,5401526,4.69
05/05/2023,-39900,-549215000,13.7(0.37 %),100,1370000,40000,550585000,6053426,4.65
08/05/2023,-399800,-5504095000,13.65(-0.36 %),3700,50920000,403500,5555015000,6877426,4.6
09/05/2023,-340600,-4747155000,14(2.19 %),61400,850245000,402000,5597400000,6856026,4.6
10/05/2023,-23100,-322490000,14.05(0.36 %),500,7000000,23600,329490000,6879126,4.6
11/05/2023,-18700,-258255000,13.85(-1.77 %),11200,153510000,29900,411765000,7649876,4.56
12/05/2023,-379900,-5244840000,13.9(0.00 %),30100,415380000,410000,5660220000,7643371,4.56
15/05/2023,-315800,-4406455000,13.85(-0.36 %),86800,1213610000,402600,5620065000,7959171,4.54
16/05/2023,-448900,-6205985000,13.9(0.36 %),16800,232685000,465700,6438670000,8408071,4.51
17/05/2023,-936500,-12966180000,13.8(-0.72 %),600,8325000,937100,12974505000,9344571,4.46
18/05/2023,-687600,-9550015000,14(1.45 %),112900,1578980000,800500,11128995000,10032171,4.42
19/05/2023,-509200,-7101895000,14(0.00 %),400,5575000,509600,7107470000,10541371,4.39
22/05/2023,25400,358860000,14.2(1.43 %),34900,493685000,9500,134825000,10515971,4.39
23/05/2023,-500000,-7061590000,14.05(-1.06 %),0,0,500000,7061590000,11015971,4.36
24/05/2023,300,4165000,13.9(-1.07 %),800,11140000,500,6975000,11015671,4.36
25/05/2023,-104800,-1457665000,13.95(0.36 %),95200,1328040000,200000,2785705000,11120471,4.36
26/05/2023,-111500,-1582110000,14.15(1.43 %),88600,1249275000,200100,2831385000,11231971,4.35
29/05/2023,88200,1261210000,14.4(1.77 %),90200,1289710000,2000,28500000,11143771,4.36
30/05/2023,115900,1667220000,14.5(0.69 %),115900,1667220000,0,0,11027871,4.36
31/05/2023,-100000,-1460005000,14.5(0.00 %),100,1450000,100100,1461455000,11127871,4.36
01/06/2023,344600,5021435000,14.7(1.38 %),357200,5204835000,12600,183400000,11467765,4.34
02/06/2023,50800,757335000,15(2.04 %),58300,869525000,7500,112190000,11416965,4.34
05/06/2023,20800,315895000,15.3(2.00 %),30600,464880000,9800,148985000,11396165,4.34
06/06/2023,-64900,-986530000,15.35(0.33 %),1600,24290000,66500,1010820000,11461065,4.34
07/06/2023,-425700,-6429115000,15(-2.28 %),8400,127055000,434100,6556170000,11886765,4.31
08/06/2023,-2747100,-40770120000,14.65(-2.33 %),33600,500745000,2780700,41270865000,14633865,4.15
09/06/2023,-178300,-2769620000,15.15(3.41 %),243300,3572425000,421600,6342045000,14812165,4.14
12/06/2023,-468200,-7070615000,15.2(0.33 %),15300,231705000,483500,7302320000,15280365,4.12
13/06/2023,-139600,-2093965000,14.95(-1.64 %),7900,119385000,147500,2213350000,15419965,4.11
14/06/2023,-113500,-1697290000,14.85(-0.67 %),30200,452830000,143700,2150120000,15533465,4.1
15/06/2023,-100,-1425000,14.65(-1.35 %),2200,32405000,2300,33830000,15533565,4.1
16/06/2023,5200,77240000,14.75(0.34 %),34100,509295000,28900,432055000,15277840,4.12
19/06/2023,-41800,-617045000,14.7(-0.68 %),800,11840000,42600,628885000,15279410,4.12
20/06/2023,-12900,-190945000,14.85(1.02 %),15200,227240000,28100,418185000,15292310,0.0
21/06/2023,168800,2572125000,15.05(1.01 %),181900,2768720000,13100,196595000,15153810,4.12
22/06/2023,64800,989850000,15.2(1.00 %),69000,1054005000,4200,64155000,15089010,4.13
23/06/2023,122100,1896830000,15.35(0.99 %),124500,1934455000,2400,37625000,14966910,0.0
26/06/2023,-62000,-957460000,15.3(-0.65 %),11400,171570000,73400,1129030000,15009587,4.13
27/06/2023,45700,703240000,15.25(-0.33 %),81000,1245620000,35300,542380000,14963887,0.0
28/06/2023,-100,-1545000,15.3(0.00 %),0,0,100,1545000,14963987,0.0
29/06/2023,22400,343890000,15.15(-0.98 %),23400,359190000,1000,15300000,14941587,0.0
30/06/2023,9700,147455000,15.15(-0.33 %),10000,152000000,300,4545000,14931887,0.0
03/07/2023,152300,2348555000,15.3(0.66 %),152300,2348555000,0,0,15092004,0.0
04/07/2023,115600,1785830000,15.45(0.98 %),115600,1785830000,0,0,14976404,0.0
05/07/2023,19900,306895000,15.55(0.32 %),92900,1446960000,73000,1140065000,14956504,0.0
06/07/2023,3800,59180000,15.5(-0.64 %),6800,105980000,3000,46800000,14748490,4.15
07/07/2023,527900,8411610000,16.1(3.87 %),539400,8591695000,11500,180085000,14282274,4.17
10/07/2023,21700,354815000,16.3(1.24 %),38500,627525000,16800,272710000,14260574,0.0
11/07/2023,56000,907915000,16.2(-0.61 %),70200,1142335000,14200,234420000,14204574,0.0
12/07/2023,242600,3882400000,15.7(-3.09 %),247300,3957790000,4700,75390000,13961974,0.0
13/07/2023,219800,3546080000,16(1.91 %),219800,3546080000,0,0,13742174,0.0
14/07/2023,114700,1846655000,15.65(-2.19 %),115000,1851405000,300,4750000,13693091,4.21
17/07/2023,-724300,-11596910000,16(1.91 %),8600,138440000,732900,11735350000,14417391,0.0
18/07/2023,-77600,-1256840000,16.15(0.94 %),7700,123835000,85300,1380675000,14494991,0.0
19/07/2023,131900,2168900000,16.3(0.62 %),136400,2243890000,4500,74990000,14273711,4.17
20/07/2023,-322600,-5239915000,16.25(-0.31 %),1400,22890000,324000,5262805000,14596311,0.0
21/07/2023,-415200,-6755905000,16.25(-0.31 %),142500,2329480000,557700,9085385000,15011511,0.0
24/07/2023,-103300,-1735670000,16.35(0.31 %),246900,4034130000,350200,5769800000,14336611,4.17
25/07/2023,61800,996325000,16.5(0.61 %),211900,3483350000,150100,2487025000,14682726,4.15
26/07/2023,-27300,-447650000,16.35(-0.91 %),24600,406110000,51900,853760000,14710026,0.0
27/07/2023,-28100,-467460000,16.5(0.61 %),93300,1535740000,121400,2003200000,14738126,0.0
28/07/2023,-984700,-16291085000,16.3(-1.21 %),165300,2723930000,1150000,19015015000,15722826,0.0
31/07/2023,-191000,-3169860000,16.35(0.31 %),221300,3647775000,412300,6817635000,15913826,0.0
01/08/2023,170300,2811865000,16.5(0.61 %),187400,3094345000,17100,282480000,14851804,0.0
02/08/2023,-633900,-10638665000,16.75(1.52 %),176500,2932815000,810400,13571480000,15485704,0.0
03/08/2023,-472500,-8025380000,16.95(0.89 %),66800,1124440000,539300,9149820000,15958204,0.0
04/08/2023,-306400,-5259715000,17.25(1.77 %),245900,4225070000,552300,9484785000,16565215,4.04
07/08/2023,-523200,-9606525000,18.45(6.96 %),66900,1201650000,590100,10808175000,17088415,0.0
08/08/2023,-819700,-15705390000,19(2.98 %),19200,363610000,838900,16069000000,17908115,0.0
09/08/2023,-101800,-1929370000,18.9(-0.53 %),16800,317865000,118600,2247235000,18009915,0.0
10/08/2023,-75400,-1419010000,18.6(-1.59 %),22700,422565000,98100,1841575000,18085315,0.0
11/08/2023,302500,5625015000,18.6(0.00 %),322200,5991885000,19700,366870000,17782815,0.0
14/08/2023,300,14820000,18.85(1.34 %),87700,1644970000,87400,1630150000,18849277,3.91
15/08/2023,102700,1939365000,18.9(0.00 %),118600,2239080000,15900,299715000,18750377,3.92
16/08/2023,-208100,-3970365000,18.95(0.26 %),3300,62615000,211400,4032980000,18834477,3.91
17/08/2023,159900,3062625000,19.05(0.26 %),322800,6165810000,162900,3103185000,18674577,0.0
18/08/2023,-1006800,-19532945000,18.25(-4.45 %),260800,4790625000,1267600,24323570000,18478159,3.93
21/08/2023,151100,2815545000,19.4(6.01 %),952000,18380375000,800900,15564830000,17689093,3.98
22/08/2023,-696600,-10550200000,15.35(1.66 %),17400,266310000,714000,10816510000,18939146,3.9
23/08/2023,-891300,-13801345000,15.35(0.00 %),38100,592125000,929400,14393470000,19701959,3.86
24/08/2023,-520700,-8126975000,15.65(1.95 %),8500,133245000,529200,8260220000,20222659,0.0
25/08/2023,-255100,-4031245000,15.7(0.32 %),191700,3020825000,446800,7052070000,21145288,3.78
28/08/2023,126400,2012060000,15.8(0.64 %),193100,3072890000,66700,1060830000,21018888,0.0
29/08/2023,-186500,-2964070000,15.85(0.32 %),200,3170000,186700,2967240000,21927991,3.73
30/08/2023,-37300,-597390000,15.9(0.32 %),17000,272000000,54300,869390000,21965291,0.0
31/08/2023,-3800,-60120000,16.05(0.94 %),5100,81855000,8900,141975000,22159435,3.72
05/09/2023,-429100,-6919135000,16.1(0.31 %),103100,1661955000,532200,8581090000,22110585,3.72
06/09/2023,-8300,-134045000,16.15(0.31 %),0,0,8300,134045000,22118885,3.13
07/09/2023,-91700,-1487090000,16.15(0.00 %),700,11370000,92400,1498460000,22650846,3.69
08/09/2023,-132600,-2139945000,16.1(-0.31 %),600,9700000,133200,2149645000,22658509,3.69
11/09/2023,-198400,-3204610000,16.2(0.62 %),100,1610000,198500,3206220000,22820789,3.68
12/09/2023,-140900,-2286060000,16.3(0.62 %),17700,286595000,158600,2572655000,22936289,3.67
13/09/2023,-4600,-75130000,16.3(0.00 %),1000,16300000,5600,91430000,23133804,3.66
14/09/2023,-392800,-6285810000,16(-1.84 %),2900,47070000,395700,6332880000,23289504,3.65
15/09/2023,-74500,-1201795000,15.75(-1.56 %),200,3220000,74700,1205015000,23294904,3.65
18/09/2023,0,0,15.4(-2.22 %),0,0,0,0,23294904,3.65
19/09/2023,-794800,-12297395000,15.25(-0.97 %),54100,825560000,848900,13122955000,24477304,3.01
20/09/2023,-819900,-12623430000,15.4(0.98 %),100,1545000,820000,12624975000,25297204,2.97
21/09/2023,-1294900,-19568160000,15(-2.60 %),1600,24245000,1296500,19592405000,26592104,2.91
22/09/2023,-1086400,-15598640000,14.4(-4.00 %),3300,47540000,1089700,15646180000,25787550,3.51
25/09/2023,-992200,-14086360000,13.6(-5.56 %),1200,16605000,993400,14102965000,27082812,3.43
26/09/2023,-606500,-8237130000,13.2(-2.94 %),204200,2777995000,810700,11015125000,27974172,3.38
27/09/2023,-641400,-8442590000,13.25(0.38 %),207200,2741030000,848600,11183620000,28615572,2.81
28/09/2023,-889000,-11888710000,13.6(2.64 %),4500,59920000,893500,11948630000,29504572,2.77
29/09/2023,-1027400,-14172090000,13.85(1.84 %),0,0,1027400,14172090000,34168104,3.34
02/10/2023,-513600,-7099200000,13.65(-1.44 %),1200,16620000,514800,7115820000,35060332,3.3
03/10/2023,-545700,-7307405000,13.15(-3.66 %),1600,21445000,547300,7328850000,36086082,3.25
04/10/2023,-163800,-2190955000,13.5(2.66 %),138900,1873555000,302700,4064510000,36249882,3.24
05/10/2023,-347300,-4723330000,13.6(0.74 %),8000,109600000,355300,4832930000,37001252,3.2
06/10/2023,-185700,-2542820000,13.75(1.10 %),114300,1568530000,300000,4111350000,37186952,1.99
09/10/2023,-290500,-4043300000,14.1(2.55 %),11500,160975000,302000,4204275000,37477452,1.98
10/10/2023,-394600,-5586345000,14.15(0.35 %),17500,248290000,412100,5834635000,37815958,3.16
11/10/2023,-356300,-5045465000,14.2(0.35 %),9500,134820000,365800,5180285000,38108458,3.15
12/10/2023,-302200,-4319285000,14.2(0.00 %),100,1430000,302300,4320715000,38520458,3.13
13/10/2023,-395500,-5627290000,14.2(0.00 %),0,0,395500,5627290000,38886258,3.11
16/10/2023,-349900,-4945570000,14.15(-0.35 %),2000,28340000,351900,4973910000,39186558,3.1
17/10/2023,-377800,-5361480000,14(-1.06 %),600,8400000,378400,5369880000,39581514,3.08
18/10/2023,-753100,-10613090000,14(0.00 %),1100,15505000,754200,10628595000,39932343,3.06
19/10/2023,-347000,-4894275000,14.05(0.36 %),13900,198075000,360900,5092350000,40296920,3.04
20/10/2023,-440000,-6331365000,14.55(3.56 %),75900,1086840000,515900,7418205000,40975220,3.01
23/10/2023,-510300,-7514350000,14.7(1.03 %),25900,383595000,536200,7897945000,41310318,2.99
24/10/2023,-332400,-4907095000,14.75(0.34 %),5500,81275000,337900,4988370000,41642718,1.86
25/10/2023,-461200,-6867460000,14.85(0.68 %),1000,14925000,462200,6882385000,41820777,2.97
26/10/2023,51400,767360000,14.3(-3.70 %),408100,5975160000,356700,5207800000,42285798,2.94
27/10/2023,777300,11634710000,15.3(6.99 %),792400,11862715000,15100,228005000,41955598,2.96
30/10/2023,-202400,-3098370000,14.45(-5.56 %),67800,982755000,270200,4081125000,42244498,2.95
31/10/2023,292300,4380215000,14.65(1.38 %),474700,7072370000,182400,2692155000,41784898,2.97
01/11/2023,470500,7047190000,15.1(3.07 %),538600,8059685000,68100,1012495000,41516498,2.98
02/11/2023,69400,1061905000,15.4(1.99 %),210600,3220455000,141200,2158550000,41447098,2.4
03/11/2023,-144100,-2232220000,15.25(-0.97 %),70400,1075620000,214500,3307840000,41591198,2.4
06/11/2023,85100,1362045000,15.4(0.98 %),450000,7004305000,364900,5642260000,41506098,2.4
07/11/2023,295100,4595625000,15.5(0.65 %),360200,5606140000,65100,1010515000,41210998,2.41
08/11/2023,-216400,-3366220000,15.75(1.61 %),24800,388185000,241200,3754405000,41371579,2.99
09/11/2023,-424700,-6691145000,15.7(-0.32 %),4900,77180000,429600,6768325000,41493693,2.98
10/11/2023,-74900,-1165460000,15.3(-2.55 %),3700,57535000,78600,1222995000,41731109,2.97
13/11/2023,555800,8552345000,15.3(0.00 %),601100,9249205000,45300,696860000,41559609,2.98
14/11/2023,509059,8042225150,15.7(2.61 %),523300,8269025000,14241,226799850,40666250,2.43
15/11/2023,-369400,-5838985000,15.7(0.00 %),2100,33335000,371500,5872320000,41035650,2.42
16/11/2023,0,0,15.65(-0.32 %),0,0,0,0,41035650,3.58
17/11/2023,-325100,-5064105000,15.35(-1.92 %),300,4635000,325400,5068740000,41243550,3.0
20/11/2023,569100,8791280000,15.35(0.00 %),586900,9062480000,17800,271200000,40809850,3.02
21/11/2023,532400,8247950000,15.6(1.63 %),532400,8247950000,0,0,40602850,3.03
22/11/2023,27200,421575000,15.45(-0.96 %),36800,571075000,9600,149500000,46800519,3.17
23/11/2023,396100,6153340000,15(-2.91 %),500000,7752160000,103900,1598820000,46404419,4.71
24/11/2023,-5100,-77500000,15.15(1.00 %),200,3060000,5300,80560000,46409519,4.71
27/11/2023,-128600,-1947150000,14.8(-2.31 %),13600,202190000,142200,2149340000,46538119,4.7
28/11/2023,-201700,-2976550000,15(1.35 %),6500,96380000,208200,3072930000,46739819,4.69
29/11/2023,-440600,-6754190000,15.2(1.33 %),5400,81800000,446000,6835990000,47180419,4.67
30/11/2023,-495800,-7669985000,15.3(0.66 %),5100,78530000,500900,7748515000,47676219,4.64
01/12/2023,-149400,-2286205000,15.3(0.00 %),3000,45845000,152400,2332050000,46738970,4.69
04/12/2023,-304100,-4661780000,15.3(0.00 %),35500,544030000,339600,5205810000,47043070,4.68
05/12/2023,-275900,-4241030000,15.35(0.33 %),55800,858030000,331700,5099060000,47318970,4.66
06/12/2023,-295500,-4634885000,15.75(2.61 %),54000,851785000,349500,5486670000,47614470,4.64
07/12/2023,-1264200,-20184550000,16(1.59 %),66600,1063830000,1330800,21248380000,48878670,4.57
08/12/2023,-1239700,-20259500000,16.35(2.19 %),14000,229190000,1253700,20488690000,50118370,4.5
11/12/2023,-631000,-10365850000,16.2(-0.92 %),48300,788005000,679300,11153855000,50749370,4.46
12/12/2023,-713500,-11566360000,16.05(-0.93 %),34700,557375000,748200,12123735000,51462870,4.42
13/12/2023,-298500,-4758155000,15.8(-1.56 %),400,6395000,298900,4764550000,51761370,4.4
14/12/2023,-418000,-6604895000,15.65(-0.95 %),12100,192470000,430100,6797365000,52179370,4.38
15/12/2023,-264000,-4152445000,15.7(0.32 %),200,3140000,264200,4155585000,52443370,4.36
18/12/2023,-566300,-8860290000,15.45(-1.59 %),6900,108410000,573200,8968700000,53009670,4.33
19/12/2023,-457800,-7024435000,15.3(-0.97 %),300,4665000,458100,7029100000,53467470,4.3
20/12/2023,-263500,-4080170000,15.4(0.65 %),15400,237430000,278900,4317600000,53730970,4.29
21/12/2023,-381300,-5868845000,15.35(-0.32 %),200,3080000,381500,5871925000,54112270,4.27
22/12/2023,-383100,-5953645000,15.6(1.63 %),0,0,383100,5953645000,54495370,4.24
25/12/2023,-241800,-3789935000,15.6(0.00 %),8800,138275000,250600,3928210000,54737170,4.23
26/12/2023,-238000,-3742440000,15.65(0.32 %),459900,7230580000,697900,10973020000,54975170,4.22
27/12/2023,-92500,-1449055000,15.7(0.32 %),300000,4728750000,392500,6177805000,55067670,4.21
28/12/2023,-380900,-6025975000,15.8(0.64 %),15000,238210000,395900,6264185000,55448570,4.19
29/12/2023,-567800,-8993770000,15.75(-0.32 %),8000,127565000,575800,9121335000,56016370,4.16
02/01/2024,-1100500,-17737770000,16.05(1.90 %),54700,884685000,1155200,18622455000,56414656,2.79
03/01/2024,-733500,-11805490000,16.25(1.25 %),101200,1632615000,834700,13438105000,56806814,4.11
04/01/2024,-1283700,-21236225000,16.5(1.54 %),128700,2116090000,1412400,23352315000,58090514,4.04
05/01/2024,-101200,-1670855000,16.6(0.61 %),110800,1851145000,212000,3522000000,58191714,4.03
08/01/2024,-770200,-12864590000,16.55(-0.30 %),89900,1504880000,860100,14369470000,58961914,3.99
09/01/2024,-164900,-2719745000,16.45(-0.60 %),29100,481040000,194000,3200785000,60183156,2.65
10/01/2024,-302800,-5011360000,16.5(0.30 %),64000,1056815000,366800,6068175000,60979316,2.62
11/01/2024,-333200,-5603580000,16.55(0.30 %),93700,1566055000,426900,7169635000,61117616,2.61
12/01/2024,-909300,-14964235000,16.6(0.30 %),135300,2231155000,1044600,17195390000,60617414,3.89
15/01/2024,-1071300,-18005225000,16.6(0.00 %),43200,732510000,1114500,18737735000,61732788,2.59
16/01/2024,400700,6734670000,16.7(0.60 %),1053200,17698850000,652500,10964180000,61724264,2.59
17/01/2024,-2559300,-43568695000,16.9(1.20 %),140600,2397590000,2699900,45966285000,62698228,2.55
18/01/2024,-1816000,-31549005000,17.4(2.96 %),75300,1288940000,1891300,32837945000,65663314,3.6
19/01/2024,-850300,-14833650000,17.4(0.00 %),90500,1585845000,940800,16419495000,66513614,3.55
22/01/2024,-338300,-5818615000,17.25(-0.86 %),179200,3122010000,517500,8940625000,66851914,3.53
23/01/2024,-185900,-3201295000,17.25(0.00 %),137800,2383815000,323700,5585110000,67037814,3.52
24/01/2024,273600,4755240000,17.3(0.29 %),674000,11668410000,400400,6913170000,66764214,3.53
25/01/2024,-394000,-6835940000,17.45(0.87 %),0,0,394000,6835940000,67158214,3.51
26/01/2024,-182400,-3183280000,17.45(0.00 %),0,0,182400,3183280000,67340614,3.5
29/01/2024,-1534000,-27276235000,17.6(0.86 %),6600,115560000,1540600,27391795000,69393220,2.29
30/01/2024,-886900,-15927620000,17.75(0.85 %),63500,1129035000,950400,17056655000,69512024,2.28
31/01/2024,-1331000,-23611905000,17.65(-0.56 %),109800,1950370000,1440800,25562275000,70942900,2.23
01/02/2024,-1659100,-30008320000,17.9(1.42 %),151300,2735175000,1810400,32743495000,70942895,3.29
02/02/2024,-1443500,-25886245000,17.8(-0.56 %),125600,2271210000,1569100,28157455000,71742040,2.19
05/02/2024,-45279,-835543850,18.2(2.25 %),340200,6159600000,385479,6995143850,72280374,3.22
06/02/2024,-658585,-11965037000,18.1(-0.55 %),180900,3291285000,839485,15256322000,75915700,2.03
07/02/2024,-1367100,-24656610000,18.15(0.28 %),1600,29005000,1368700,24685615000,76299570,2.02
15/02/2024,13100,254900000,18.2(0.28 %),282900,5181895000,269800,4926995000,76856160,2.0
16/02/2024,-1172300,-21087010000,17.95(-1.37 %),48600,876990000,1220900,21964000000,78176260,1.94
19/02/2024,-825735,-14655961500,17.7(-1.39 %),99100,1764310000,924835,16420271500,78346960,1.94
20/02/2024,-183500,-3256225000,17.75(0.28 %),32400,576375000,215900,3832600000,79535460,1.89
21/02/2024,-567837,-10104073600,17.75(0.00 %),104900,1869755000,672737,11973828600,80402390,1.86
22/02/2024,-62500,-1095800000,17.7(-0.28 %),167600,2977525000,230100,4073325000,80402390,1.86
23/02/2024,131100,2386615000,17.1(-3.39 %),643300,11471090000,512200,9084475000,76973731,2.94
26/02/2024,-86200,-1486750000,17.2(0.58 %),21700,373635000,107900,1860385000,80688530,1.85
27/02/2024,548700,9531925000,17.2(0.00 %),861900,14964750000,313200,5432825000,76511231,2.97
28/02/2024,218031,3792566900,17.3(0.58 %),472200,8205185000,254169,4412618100,76293200,2.98
29/02/2024,-390700,-6720340000,17.1(-1.16 %),40100,697675000,430800,7418015000,80247630,1.86
01/03/2024,-158657,-2707645650,17.05(-0.29 %),248000,4242330000,406657,6949975650,79999628,2.77
04/03/2024,-422503,-7260771450,17.2(0.88 %),22826,390842200,445329,7651613650,80422131,2.74
05/03/2024,-365621,-6394929850,17.65(2.62 %),31500,551345000,397121,6946274850,81035950,1.83
06/03/2024,-491900,-8917730000,17.85(1.13 %),171800,3112410000,663700,12030140000,81279652,2.7
07/03/2024,-384100,-6820980000,17.7(-0.84 %),11000,195470000,395100,7016450000,81663752,2.67
08/03/2024,-1065400,-18477320000,17.1(-3.39 %),89000,1546455000,1154400,20023775000,82729152,2.61
11/03/2024,-245400,-4091055000,16.55(-3.22 %),364100,6138970000,609500,10230025000,82974552,2.6
12/03/2024,-375300,-6290085000,16.85(1.81 %),36900,619100000,412200,6909185000,83721230,1.73
13/03/2024,-418700,-7089860000,17(0.89 %),57000,967135000,475700,8056995000,84273730,1.7
14/03/2024,-608500,-10314470000,16.75(-1.47 %),67000,1138960000,675500,11453430000,84882230,2.49
15/03/2024,-585200,-9708430000,16.55(-1.19 %),5100,84670000,590300,9793100000,85467430,2.45
18/03/2024,-442200,-7152690000,16.05(-3.02 %),277100,4508800000,719300,11661490000,85487950,1.66
19/03/2024,-105000,-1687940000,16.15(0.62 %),42000,681430000,147000,2369370000,86036260,1.64
20/03/2024,-12100,-282125000,17(5.26 %),572900,9435415000,585000,9717540000,86026730,2.42
21/03/2024,-513600,-8686650000,16.85(-0.88 %),79900,1350545000,593500,10037195000,86540330,2.39
22/03/2024,-622100,-10540185000,16.8(-0.30 %),120500,2038335000,742600,12578520000,87162430,2.35
25/03/2024,-397100,-6647930000,16.55(-1.49 %),178700,2999315000,575800,9647245000,87129220,1.59
26/03/2024,-228000,-3817595000,16.85(1.81 %),59100,993725000,287100,4811320000,87153330,2.36
27/03/2024,-237400,-3997120000,16.75(-0.59 %),49700,839100000,287100,4836220000,88338930,1.55
28/03/2024,-363300,-6119645000,16.9(0.90 %),75200,1270880000,438500,7390525000,88550860,1.54
29/03/2024,223200,3844125000,17.55(3.85 %),299800,5154020000,76600,1309895000,88538160,1.54
01/04/2024,-521900,-9090365000,17.3(-1.42 %),48700,845485000,570600,9935850000,88927990,1.52
02/04/2024,-761700,-13198065000,17.35(0.29 %),24600,427700000,786300,13625765000,89299861,2.23
03/04/2024,-372900,-6486525000,17.25(-0.58 %),158400,2761560000,531300,9248085000,89392300,1.5
04/04/2024,-163800,-2805820000,17.05(-1.16 %),115500,1992050000,279300,4797870000,89836561,2.2
05/04/2024,-44400,-769665000,17.1(0.29 %),334800,5725890000,379200,6495555000,90257000,1.47
08/04/2024,419900,7308070000,17.35(1.46 %),481500,8370495000,61600,1062425000,89461061,2.22
09/04/2024,-53800,-943930000,18.55(6.92 %),189000,3334020000,242800,4277950000,89514861,2.22
10/04/2024,-1209300,-22807325000,18.75(1.08 %),38000,718115000,1247300,23525440000,90724161,2.15
11/04/2024,-212100,-3984160000,18.3(-2.40 %),1025000,19303605000,1237100,23287765000,89489000,1.5
12/04/2024,-74900,-1711110000,19.55(6.83 %),2523800,47888600000,2598700,49599710000,88212620,1.55
15/04/2024,-411300,-8192520000,18.7(-4.35 %),1228700,23933725000,1640000,32126245000,91422461,2.11
16/04/2024,-351800,-6848000000,19.45(4.01 %),906900,17343820000,1258700,24191820000,91774261,2.09
17/04/2024,-889000,-17518525000,20.1(3.34 %),322800,6317010000,1211800,23835535000,92311461,2.06
19/04/2024,-1988700,-38762105000,20.1(0.00 %),157100,3016725000,2145800,41778830000,94300161,1.94
22/04/2024,-1263400,-25328560000,20.3(1.00 %),153900,3096510000,1417300,28425070000,93392530,1.35
23/04/2024,-1148000,-23374690000,20.5(0.99 %),145800,2964630000,1293800,26339320000,95392616,1.27
24/04/2024,-759900,-15712495000,21.05(2.68 %),265600,5496475000,1025500,21208970000,97471461,1.76
25/04/2024,-1233000,-25712495000,20.8(-1.19 %),112100,2325245000,1345100,28037740000,98704461,1.69
26/04/2024,-1225600,-24927115000,20.9(0.48 %),138700,2796200000,1364300,27723315000,98612820,1.14
02/05/2024,-763800,-15760465000,20.5(-1.91 %),30300,624075000,794100,16384540000,99927620,1.09
03/05/2024,-107400,-2179190000,20.2(-1.46 %),175900,3570710000,283300,5749900000,101116040,1.05
06/05/2024,495200,10048275000,20.3(0.50 %),651000,13228300000,155800,3180025000,101259224,1.04
07/05/2024,-1100600,-22576095000,20.4(0.49 %),26900,549275000,1127500,23125370000,101515624,1.03
08/05/2024,-800300,-16386935000,20.3(-0.49 %),1600,32670000,801900,16419605000,101669824,1.02
09/05/2024,-115400,-2345000000,20(-1.48 %),29300,587850000,144700,2932850000,102768024,0.98
10/05/2024,-41800,-828890000,20.1(0.50 %),152300,3072210000,194100,3901100000,103417624,0.96
13/05/2024,-330600,-6605060000,19.9(-1.00 %),59100,1185320000,389700,7790380000,103503224,0.95
14/05/2024,466700,9333400000,20.1(1.01 %),520200,10404080000,53500,1070680000,100147015,1.6
15/05/2024,-379000,-7885145000,20.6(2.49 %),197800,4063855000,576800,11949000000,100526015,1.58
16/05/2024,-575300,-12171345000,22(6.80 %),407600,8591215000,982900,20762560000,101101315,1.55
17/05/2024,-842300,-19063405000,23.2(5.45 %),48200,1097400000,890500,20160805000,103543672,0.95
20/05/2024,-774300,-17998295000,23(-0.86 %),259500,5996865000,1033800,23995160000,104267144,0.92
21/05/2024,-219800,-5025140000,22.8(-0.87 %),430400,9796605000,650200,14821745000,104727240,0.91
22/05/2024,410800,9547950000,23.25(1.97 %),497400,11565085000,86600,2017135000,105263792,0.88
23/05/2024,223500,5183100000,23.3(0.22 %),246400,5712105000,22900,529005000,105667592,0.87
24/05/2024,-453200,-10800355000,23.5(0.86 %),513500,11938305000,966700,22738660000,102181315,1.49
27/05/2024,-178400,-4151570000,23.45(-0.21 %),70000,1635000000,248400,5786570000,105193592,0.89
28/05/2024,1638700,39878045000,25.05(6.82 %),1761500,42854430000,122800,2976385000,104398864,0.92
29/05/2024,-1310200,-33558805000,26(3.79 %),14000,360890000,1324200,33919695000,104633264,0.91
30/05/2024,166500,4196410000,26.05(0.19 %),470400,12065950000,303900,7869540000,104285900,0.92
31/05/2024,-539200,-13999210000,25.8(-0.96 %),900,23290000,540100,14022500000,105609304,0.87
03/06/2024,-420900,-10898010000,25.8(0.00 %),122800,3191380000,543700,14089390000,105609303,1.29
04/06/2024,-84600,-2136630000,25.8(0.00 %),383500,9909035000,468100,12045665000,105693903,1.28
05/06/2024,-532700,-13483740000,25.75(-0.19 %),647400,16645270000,1180100,30129010000,106226603,1.25
06/06/2024,968796,25443506600,26.1(1.36 %),1023400,26893910000,54604,1450403400,105288003,0.88
07/06/2024,-406300,-10598060000,26.15(0.19 %),8200,216020000,414500,10814080000,106459903,0.84
10/06/2024,289699,7683858550,26.25(0.38 %),443400,11713615000,153701,4029756450,106170204,1.26
11/06/2024,-1393733,-36122229700,25.7(-2.10 %),30300,783010000,1424033,36905239700,105288003,0.88
12/06/2024,775100,20295550000,26.1(1.56 %),895900,23405685000,120800,3110135000,105713108,0.87
13/06/2024,0,0,26.6(1.92 %),0,0,0,0,106363528,0.84
14/06/2024,364000,9951170000,27.5(3.38 %),795800,21771090000,431800,11819920000,105688528,0.87
17/06/2024,-1222900,-33102495000,27.2(-1.09 %),52300,1420360000,1275200,34522855000,105683228,0.87
18/06/2024,-637212,-17206469000,27.1(-0.37 %),5500,148705000,642712,17355174000,106109528,0.85
19/06/2024,-1003414,-26947391600,27.05(-0.18 %),30500,822335000,1033914,27769726600,107354228,0.8
20/06/2024,-224062,-6112715200,27.05(0.00 %),638,17299800,224700,6130015000,107996302,0.78
21/06/2024,1533000,43052110000,28.8(6.47 %),2117900,59248995000,584900,16196885000,106912316,0.82
24/06/2024,-196600,-6006425000,28.25(-1.91 %),286900,8045310000,483500,14051735000,106850116,0.82
25/06/2024,38199,1082966700,28.35(0.35 %),110300,3126785000,72101,2043818300,107324716,0.8
26/06/2024,-1056900,-30301355000,28.75(1.41 %),2500,71675000,1059400,30373030000,107805716,0.78
27/06/2024,-408000,-11654375000,28.65(-0.35 %),30700,873910000,438700,12528285000,107847117,0.78
28/06/2024,-455100,-12900280000,28.2(-1.57 %),19800,558665000,474900,13458945000,108886717,0.74
04/07/2024,-495000,-14868480000,31.35(3.81 %),166100,5046885000,661100,19915365000,108128237,0.0
05/07/2024,-1407800,-45204710000,32.2(2.71 %),271100,8689595000,1678900,53894305000,109536037,0.0
08/07/2024,-1596800,-51152160000,32.25(0.16 %),29800,962205000,1626600,52114365000,111132837,0.0
09/07/2024,-493800,-15830275000,31.95(-0.93 %),9400,302030000,503200,16132305000,111626637,0.0
10/07/2024,-566700,-17954655000,31.2(-2.35 %),74900,2369265000,641600,20323920000,112193337,0.0
11/07/2024,-11700,-312905000,31.25(0.16 %),529000,16554405000,540700,16867310000,112205037,0.0
12/07/2024,-385100,-12062710000,31.25(0.00 %),75300,2355490000,460400,14418200000,112590137,0.0
15/07/2024,-26200,-828825000,31.4(0.48 %),8300,260025000,34500,1088850000,112616337,0.0
16/07/2024,-209100,-6578485000,31.6(0.64 %),101300,3198380000,310400,9776865000,112825437,0.0
17/07/2024,645400,20307440000,32(1.27 %),819900,25812445000,174500,5505005000,112180037,0.0
18/07/2024,14000,442835000,31.9(-0.31 %),28200,894235000,14200,451400000,112166037,0.0
19/07/2024,-63800,-2075075000,32.2(0.94 %),54400,1761885000,118200,3836960000,112229837,0.0
22/07/2024,-129500,-4178825000,31.75(-1.40 %),167500,5255520000,297000,9434345000,112359337,0.0
23/07/2024,-12500,-392295000,31.75(0.00 %),20800,653485000,33300,1045780000,112371837,0.0
24/07/2024,342700,10732715000,31.2(-1.73 %),349800,10956310000,7100,223595000,112029137,0.0
25/07/2024,172800,5289590000,30.4(-2.56 %),178000,5449945000,5200,160355000,111856337,0.0
26/07/2024,952400,27841120000,29.4(-3.29 %),1052700,30842615000,100300,3001495000,110903937,0.0
29/07/2024,195600,5807420000,29.8(1.36 %),248300,7369885000,52700,1562465000,110708337,0.0
30/07/2024,195600,5807420000,29.5(-1.01 %),248300,7369885000,52700,1562465000,110512737,0.0
31/07/2024,91400,2677375000,29.15(-1.19 %),143400,4202040000,52000,1524665000,110421337,0.0
01/08/2024,-214700,-6148980000,29(-0.51 %),186800,5425815000,401500,11574795000,112660114,0.0
02/08/2024,31500,891505000,28.5(-1.72 %),220000,6288480000,188500,5396975000,112628614,0.0
05/08/2024,-491400,-13834015000,27.1(-4.91 %),214500,5982020000,705900,19816035000,113120014,0.0
06/08/2024,1161400,32004445000,27.85(2.77 %),1528000,42185205000,366600,10180760000,111958614,0.0
07/08/2024,148300,4186810000,28.25(1.44 %),208600,5906240000,60300,1719430000,111810314,0.0
08/08/2024,-303000,-8557035000,28.35(0.35 %),5700,160920000,308700,8717955000,112113314,0.0
09/08/2024,-667500,-18977425000,28.4(0.18 %),66200,1881495000,733700,20858920000,112780814,0.0
12/08/2024,45400,1291375000,28.6(0.70 %),105700,3013970000,60300,1722595000,112735414,0.0
13/08/2024,-301900,-8649160000,28.8(0.70 %),134000,3869275000,435900,12518435000,113037314,0.0
14/08/2024,-782400,-22556615000,28.8(0.00 %),8400,241795000,790800,22798410000,113819714,0.0
15/08/2024,431900,12509930000,29.4(2.08 %),486500,14082465000,54600,1572535000,113387814,0.0
16/08/2024,-482600,-14501240000,30.85(4.93 %),96200,2880405000,578800,17381645000,113870414,0.0
19/08/2024,-324100,-10192260000,31.5(2.11 %),34200,1075885000,358300,11268145000,114194514,0.0
20/08/2024,-830900,-26194870000,31.2(-0.95 %),11000,346390000,841900,26541260000,115025414,0.0
21/08/2024,-62900,-1950105000,31.55(1.12 %),53000,1660020000,115900,3610125000,115088314,0.0
22/08/2024,26200,827125000,31.7(0.48 %),28300,893605000,2100,66480000,115062114,0.0
23/08/2024,68000,2169610000,31.5(-0.63 %),93900,2992620000,25900,823010000,114994114,0.0
26/08/2024,-66400,-2093120000,31.5(0.00 %),7000,220790000,73400,2313910000,115060514,0.0
27/08/2024,-85900,-2701930000,31.3(-0.63 %),0,0,85900,2701930000,115146414,0.0
28/08/2024,42800,1367175000,31.4(0.32 %),118100,3720440000,75300,2353265000,115103614,0.0
29/08/2024,609200,19429365000,31.5(0.32 %),609200,19429365000,0,0,114494414,0.0
30/08/2024,14000,440100000,31.4(-0.32 %),42200,1326440000,28200,886340000,114480414,0.0
04/09/2024,-85000,-2641885000,30.85(-1.75 %),23700,740545000,108700,3382430000,114836774,0.0
05/09/2024,-491200,-15161450000,30.8(-0.16 %),4800,147995000,496000,15309445000,115327974,0.0
06/09/2024,-58900,-1807615000,31.05(0.81 %),119000,3677255000,177900,5484870000,115386874,0.0
09/09/2024,-15700,-484445000,30.8(-0.81 %),5800,179000000,21500,663445000,115402574,0.0
10/09/2024,-45200,-1398575000,30.95(0.49 %),13300,410065000,58500,1808640000,115447774,0.0
11/09/2024,-92700,-2865840000,30.8(-0.48 %),14500,447020000,107200,3312860000,115540474,0.0
12/09/2024,-21700,-671385000,30.7(-0.32 %),400,12380000,22100,683765000,115562174,0.0
13/09/2024,-53800,-1651510000,30.45(-0.81 %),5000,153430000,58800,1804940000,115615974,0.0
16/09/2024,-43800,-1346275000,30.2(-0.82 %),1300,39740000,45100,1386015000,115659774,0.0
17/09/2024,7300,224370000,30.7(1.66 %),37900,1156140000,30600,931770000,115652474,0.0
18/09/2024,-11300,-344715000,30.6(-0.33 %),4500,137870000,15800,482585000,115663774,0.0
19/09/2024,-22000,-670610000,30.7(0.33 %),10000,305850000,32000,976460000,115685774,0.0
20/09/2024,453600,14182835000,31.2(1.63 %),465200,14543640000,11600,360805000,115232174,0.0
23/09/2024,92100,2881675000,31.4(0.64 %),95600,2991315000,3500,109640000,115140074,0.0
24/09/2024,193800,6116700000,31.7(0.96 %),197800,6242500000,4000,125800000,114946274,0.0
25/09/2024,-47300,-1518185000,31.8(0.32 %),414300,13144995000,461600,14663180000,114993574,0.0
26/09/2024,247800,7979550000,32.1(0.94 %),284600,9151730000,36800,1172180000,114745774,0.0
27/09/2024,-96000,-3067005000,32.2(0.31 %),132800,4293905000,228800,7360910000,114841774,0.0
30/09/2024,187500,5978600000,31.95(-0.78 %),306000,9782370000,118500,3803770000,114654274,0.0
01/10/2024,-268100,-8537235000,31.7(-0.78 %),8000,254405000,276100,8791640000,114541290,0.0
02/10/2024,-71200,-2255495000,31.45(-0.79 %),6600,209210000,77800,2464705000,114612490,0.0
03/10/2024,-83600,-2646185000,31.35(-0.32 %),4800,151200000,88400,2797385000,114696090,0.0
04/10/2024,-41400,-1297320000,31.5(0.48 %),1400,43645000,42800,1340965000,114737490,0.0
07/10/2024,-14800,-470365000,31.75(0.79 %),0,0,14800,470365000,114752290,0.0
08/10/2024,2496100,83430150000,33.3(4.88 %),2505900,83750930000,9800,320780000,112256190,0.0
09/10/2024,208000,6965030000,33.6(0.90 %),212700,7122550000,4700,157520000,112048190,0.0
10/10/2024,309200,10495035000,33.3(-0.89 %),310200,10528600000,1000,33565000,111738990,0.0
11/10/2024,-51400,-1715005000,32.85(-1.35 %),27800,919265000,79200,2634270000,111790390,0.0
14/10/2024,-250600,-8157390000,32.45(-1.22 %),62600,2039040000,313200,10196430000,112040990,0.0
15/10/2024,-57400,-1873990000,32.2(-0.77 %),24000,775400000,81400,2649390000,112098390,0.0
16/10/2024,-221200,-7081540000,31.75(-1.40 %),4000,127200000,225200,7208740000,112319590,0.0
17/10/2024,-231800,-7400135000,32.1(1.10 %),21300,680510000,253100,8080645000,112551390,0.0
18/10/2024,-359600,-11632245000,32.35(0.78 %),24500,795500000,384100,12427745000,112910990,0.0
21/10/2024,-373900,-12062570000,32.2(-0.46 %),100,3220000,374000,12065790000,113284890,0.0
22/10/2024,-868900,-27578140000,31.7(-1.55 %),307700,9814870000,1176600,37393010000,114153790,0.0
23/10/2024,-182800,-5820885000,31.85(0.47 %),4200,133360000,187000,5954245000,114336590,0.0
24/10/2024,-92100,-2953170000,31.8(-0.16 %),32400,1040430000,124500,3993600000,114428690,0.0
25/10/2024,-39500,-1258555000,32.1(0.94 %),700,22260000,40200,1280815000,114468190,0.0
28/10/2024,-49000,-1577330000,32.2(0.31 %),8300,266440000,57300,1843770000,114517190,0.0
29/10/2024,48200,1555835000,32.3(0.31 %),63000,2033135000,14800,477300000,114468990,0.0
30/10/2024,34700,1127810000,32.55(0.77 %),44800,1456670000,10100,328860000,114434290,0.0
31/10/2024,54300,1772390000,32.95(1.23 %),68700,2242425000,14400,470035000,114379990,0.0
01/11/2024,282200,9283710000,32.8(-0.46 %),315200,10370060000,33000,1086350000,115008132,0.0
04/11/2024,-74800,-2436195000,32.35(-1.37 %),5400,176150000,80200,2612345000,115082932,0.0
05/11/2024,423900,13798295000,32.4(0.15 %),462900,15066630000,39000,1268335000,114659032,0.0
06/11/2024,52500,1711700000,32.55(0.46 %),58900,1919475000,6400,207775000,114606532,0.0
07/11/2024,47000,1531230000,32.6(0.15 %),62600,2039235000,15600,508005000,114559532,0.0
08/11/2024,-62800,-2021740000,32.2(-1.23 %),1400,45220000,64200,2066960000,114622332,0.0
11/11/2024,-162200,-5174905000,31.75(-1.40 %),600,19055000,162800,5193960000,114784532,0.0
12/11/2024,-4400,-141230000,31.7(-0.16 %),5800,184695000,10200,325925000,112142931,0.62
13/11/2024,20400,644425000,31.8(0.32 %),41300,1306775000,20900,662350000,114768532,0.0
14/11/2024,-26300,-829805000,31.4(-1.26 %),300,9480000,26600,839285000,114794832,0.0
15/11/2024,-62800,-1956415000,31.45(0.16 %),8900,279995000,71700,2236410000,114857632,0.0
18/11/2024,5300,170115000,31.45(0.00 %),25400,801470000,20100,631355000,114852332,0.0
19/11/2024,-200,-6325000,31.3(-0.48 %),8900,279460000,9100,285785000,114852532,0.0
20/11/2024,38600,1217150000,31.55(0.80 %),57500,1808035000,18900,590885000,114813932,0.0
21/11/2024,59400,1879515000,31.7(0.48 %),64000,2024990000,4600,145475000,114754532,0.0
22/11/2024,59400,1885695000,31.85(0.47 %),59500,1888875000,100,3180000,114695132,0.0
25/11/2024,3600,114480000,31.85(0.00 %),3600,114480000,0,0,114433964,0.53
26/11/2024,33900,1079445000,31.9(0.16 %),33900,1079445000,0,0,114400164,0.53
27/11/2024,69100,2225745000,32.3(1.25 %),69100,2225745000,0,0,114331064,0.53
28/11/2024,-22300,-728580000,32(-0.93 %),0,0,22300,728580000,114331064,0.53
29/11/2024,81900,2651005000,32.25(0.78 %),84200,2725165000,2300,74160000,114246864,0.53
02/12/2024,1165400,38840580000,33.25(3.10 %),1178900,39287350000,13500,446770000,113090264,0.58
03/12/2024,549900,18669420000,33.95(2.11 %),582500,19771150000,32600,1101730000,112510057,0.6
04/12/2024,32700,1078630000,33.45(-1.47 %),101600,3438970000,68900,2360340000,112421957,0.6
05/12/2024,161300,5431490000,33.7(0.75 %),217000,7313935000,55700,1882445000,112237557,0.61
09/12/2024,-20200,-690345000,34.15(-0.29 %),82000,2812780000,102200,3503125000,112038957,0.62
10/12/2024,-26200,-901875000,34.05(-0.29 %),14600,499710000,40800,1401585000,112054131,0.62
16/12/2024,-116400,-3871075000,33.15(0.00 %),0,0,116400,3871075000,111757190,0.63
17/12/2024,-63600,-2100065000,33.25(0.30 %),25200,835580000,88800,2935645000,111852590,0.63
18/12/2024,96100,3221125000,33.7(1.35 %),139000,4665685000,42900,1444560000,111829990,0.63
19/12/2024,-237600,-7940215000,33.4(-0.89 %),0,0,237600,7940215000,111918903,0.62
20/12/2024,-187900,-6250940000,33.4(0.00 %),100,3320000,188000,6254260000,111961676,0.62
24/12/2024,0,0,33.55(0.15 %),0,0,0,0,112316376,0.61
25/12/2024,611500,20931865000,34.25(2.09 %),642400,21985465000,30900,1053600000,111784276,0.63
26/12/2024,-67300,-2322210000,33.9(-1.02 %),69700,2379805000,137000,4702015000,111871876,0.63
27/12/2024,1348100,41550865000,31(6.79 %),1412500,43482030000,64400,1931165000,110490244,0.68
30/12/2024,661600,20819200000,31.55(1.77 %),856000,26942235000,194400,6123035000,109771244,0.71
31/12/2024,792400,24874085000,31.25(-0.95 %),846500,26580605000,54100,1706520000,108989096,0.74
02/01/2025,572900,17786070000,31.25(0.00 %),615300,19111930000,42400,1325860000,108568196,0.76
03/01/2025,-382400,-11728910000,30.4(-2.72 %),4300,131720000,386700,11860630000,108617996,0.75
06/01/2025,-100800,-3074240000,30.3(-0.33 %),27100,821830000,127900,3896070000,108633328,0.75
07/01/2025,76000,2319605000,30.7(1.32 %),125000,3815105000,49000,1495500000,108633328,0.75
08/01/2025,-55000,-1698090000,30.9(0.65 %),52000,1597485000,107000,3295575000,108970928,0.74
09/01/2025,-92000,-2823390000,30.6(-0.97 %),1600,49280000,93600,2872670000,109018312,0.74
10/01/2025,-184200,-5595535000,30.2(-1.31 %),0,0,184200,5595535000,109125312,0.73
13/01/2025,-314200,-9442675000,30.7(1.66 %),12000,360670000,326200,9803345000,109206912,0.73
14/01/2025,-119200,-3687895000,30.85(0.49 %),2400,74065000,121600,3761960000,109388712,0.72
15/01/2025,-184800,-5721740000,31(0.49 %),300,9315000,185100,5731055000,109714612,0.71
16/01/2025,-66100,-2087465000,31.45(1.45 %),30000,945095000,96100,3032560000,109780712,0.0
17/01/2025,423000,13366525000,31.9(1.43 %),432300,13658650000,9300,292125000,109559012,0.72
20/01/2025,126500,4023855000,31.65(-0.78 %),188500,6012080000,62000,1988225000,109466612,0.72
21/01/2025,322900,10316190000,31.85(0.63 %),345400,11032740000,22500,716550000,127952599,0.72
22/01/2025,2567600,85171820000,33.4(4.87 %),2641200,87580275000,73600,2408455000,125373399,0.8
23/01/2025,1137300,39288690000,35.3(5.69 %),1529900,52790765000,392600,13502075000,123866010,0.85
24/01/2025,6572200,235596725000,35.85(1.56 %),6946700,249006960000,374500,13410235000,116992900,1.08
03/02/2025,-291900,-10410280000,0(0.00 %),542300,19080105000,834200,29490385000,116843178,1.09
04/02/2025,-98400,-3486185000,35.1(0.00 %),157000,5474730000,255400,8960915000,117060678,1.08
05/02/2025,1038900,37258465000,35.9(2.28 %),1402900,50253140000,364000,12994675000,116491953,1.1
06/02/2025,266100,9691960000,36.5(1.67 %),553100,20179960000,287000,10488000000,122779253,0.89
07/02/2025,51500,1948545000,36.5(0.00 %),771200,28301715000,719700,26353170000,122372019,0.9
10/02/2025,227300,8275605000,36.55(0.14 %),384900,14003585000,157600,5727980000,122274117,0.91
11/02/2025,543000,19966680000,37(1.23 %),798600,29327065000,255600,9360385000,122105217,0.91
12/02/2025,-311600,-11710770000,37.35(0.95 %),40700,1528690000,352300,13239460000,122132154,0.91
13/02/2025,173400,6610115000,37.7(0.94 %),624500,23446800000,451100,16836685000,121714793,0.93
14/02/2025,50900,1987505000,37.5(-0.53 %),541400,20452150000,490500,18464645000,121525688,0.93
17/02/2025,83400,3138740000,37.25(-0.67 %),239600,8964330000,156200,5825590000,121699242,0.93
18/02/2025,180600,6643150000,36.6(-1.74 %),539000,19886450000,358400,13243300000,121701814,0.93
19/02/2025,903000,33143060000,36.7(0.27 %),1039800,38154505000,136800,5011445000,120773195,0.96
20/02/2025,164000,5971895000,36.3(-1.09 %),462700,16866410000,298700,10894515000,120668895,0.96
21/02/2025,197300,7177100000,36.4(0.28 %),297200,10820575000,99900,3643475000,120508499,0.97
24/02/2025,37500,1449925000,36.8(1.10 %),463600,16993230000,426100,15543305000,120343599,0.97
25/02/2025,-167800,-6190340000,36.85(0.14 %),416100,15423570000,583900,21613910000,120002399,0.98
26/02/2025,-512000,-18906990000,36.9(0.14 %),194900,7192325000,706900,26099315000,120233599,0.98
27/02/2025,-788000,-28782955000,36.75(-0.41 %),54400,1991220000,842400,30774175000,120718124,0.96
28/02/2025,-586300,-21234480000,36.15(-1.63 %),78300,2834205000,664600,24068685000,121346724,0.94
03/03/2025,-514000,-18377535000,35.9(-0.69 %),431700,15472150000,945700,33849685000,121757471,0.92
04/03/2025,-543400,-19209550000,35.5(-1.11 %),485300,17154545000,1028700,36364095000,121936771,0.92
05/03/2025,-89400,-3241290000,35.8(0.85 %),179100,6434340000,268500,9675630000,122703371,0.89
06/03/2025,-138000,-4892080000,35.55(-0.70 %),250500,8982220000,388500,13874300000,123481571,0.87
07/03/2025,-917500,-32573945000,35.4(-0.42 %),212000,7558045000,1129500,40131990000,123589071,0.86
10/03/2025,-821100,-28885420000,34.8(-1.69 %),141300,5000070000,962400,33885490000,123836341,0.85
11/03/2025,500900,17237650000,34.65(-0.43 %),805300,27694255000,304400,10456605000,123836341,0.85
12/03/2025,41800,1326450000,35.3(1.88 %),415500,14357520000,373700,13031070000,124706341,0.83
13/03/2025,344748,12155134800,35.3(0.00 %),1040100,36633555000,695352,24478420200,123970641,0.85
14/03/2025,-112600,-3947620000,34.95(-0.99 %),217900,7656150000,330500,11603770000,124126241,0.84
17/03/2025,-499800,-17337075000,34.7(-0.72 %),68400,2373930000,568200,19711005000,124753093,0.82
18/03/2025,159400,5462450000,35.4(2.02 %),373300,13022500000,213900,7560050000,124709644,0.83
19/03/2025,841300,30309280000,35.95(1.55 %),1213700,43607670000,372400,13298390000,124063144,0.85
20/03/2025,652100,23291525000,35.55(-1.11 %),974500,34845430000,322400,11553905000,123274325,0.87
21/03/2025,-353900,-12469400000,34.8(-2.11 %),14500,510875000,368400,12980275000,123587725,0.86
24/03/2025,-1999200,-67688925000,34.15(-1.87 %),40800,1381950000,2040000,69070875000,123868997,0.85
25/03/2025,-108600,-3672895000,34(-0.44 %),439100,14907185000,547700,18580080000,123725097,0.86
26/03/2025,-157400,-5277455000,33.45(-1.62 %),156100,5300965000,313500,10578420000,125609124,0.8
27/03/2025,8900,297535000,33(-1.35 %),131100,4353285000,122200,4055750000,125965624,0.78
28/03/2025,77500,2577155000,33.45(1.36 %),238200,7926100000,160700,5348945000,125995624,0.78
31/03/2025,-562800,-18567730000,33.25(-0.60 %),166800,5494430000,729600,24062160000,125951057,0.78
01/04/2025,51400,1725485000,33.4(0.45 %),293000,9770940000,241600,8045455000,125818059,0.79
02/04/2025,-633800,-21070850000,33.1(-0.90 %),21900,731830000,655700,21802680000,126435859,0.77
03/04/2025,21300,251380000,30.8(-6.95 %),491800,15498170000,470500,15246790000,126150818,0.78
04/04/2025,178900,4913800000,32.95(6.98 %),1223000,37215355000,1044100,32301555000,125493518,0.8
08/04/2025,-65800,-2236060000,31.2(-5.31 %),290700,9177660000,356500,11413720000,125527368,0.8
09/04/2025,112000,3518515000,31.5(0.96 %),796500,25089150000,684500,21570635000,125646058,0.79
10/04/2025,-7900,-266230000,33.7(6.98 %),0,0,7900,266230000,125738255,0.79
11/04/2025,-990800,-32774015000,34.2(1.48 %),799000,26557480000,1789800,59331495000,125623806,0.79
14/04/2025,237900,8076195000,33.85(-1.02 %),390500,13244800000,152600,5168605000,125241206,0.81
15/04/2025,15200,524870000,33.15(-2.07 %),252700,8443470000,237500,7918600000,126778306,0.76
16/04/2025,258700,8582060000,32.65(-1.51 %),309300,10258215000,50600,1676155000,126621506,0.76
17/04/2025,211300,6999820000,33.6(2.91 %),319900,10599495000,108600,3599675000,126539171,0.76
18/04/2025,1101000,37694400000,33.9(0.89 %),1308700,44760425000,207700,7066025000,125281071,0.81
21/04/2025,-387500,-12943830000,33.05(-2.51 %),101600,3370630000,489100,16314460000,125277571,0.81
22/04/2025,-232600,-7970990000,33.25(0.61 %),393100,12343195000,625700,20314185000,125092187,0.81
23/04/2025,-337800,-11325370000,33.3(0.15 %),40700,1367115000,378500,12692485000,125565587,0.8
24/04/2025,77900,2590085000,33(-0.90 %),163100,5417420000,85200,2827335000,126028187,0.78
25/04/2025,-88200,-2835925000,32.3(-2.12 %),181200,5901440000,269400,8737365000,126225487,0.77
28/04/2025,31300,1038470000,32.8(1.55 %),236300,7681965000,205000,6643495000,126074387,0.78
29/04/2025,-22400,-747645000,32.55(-0.76 %),72900,2394825000,95300,3142470000,126270887,0.77
05/05/2025,84700,1654910000,32.15(-1.23 %),84700,2725930000,0,1071020000,126424587,0.77
06/05/2025,-882200,-28269000000,31.75(-1.24 %),110300,3560735000,992500,31829735000,126519887,0.76
07/05/2025,117100,3775045000,32.2(1.42 %),149500,4811935000,32400,1036890000,126402787,0.77
08/05/2025,300,100970000,33.05(2.64 %),313300,10425635000,313000,10324665000,127284737,0.74
09/05/2025,892700,30306795000,34.5(4.39 %),1004800,34136920000,112100,3830125000,126392071,0.77
12/05/2025,-64800,-2259450000,34.8(0.87 %),40600,1420700000,105400,3680150000,126392071,0.77
13/05/2025,-84700,-2946050000,34.75(-0.14 %),272300,9473645000,357000,12419695000,126392071,0.77
14/05/2025,574200,20187155000,35.7(2.73 %),671800,23610770000,97600,3423615000,125882710,0.79
15/05/2025,1641800,45069616550,37.05(3.78 %),1641800,60044490000,0,14974873450,124737413,0.82
16/05/2025,149900,-17038840000,36.5(-1.48 %),149900,5540495000,0,22579335000,124737413,0.82
19/05/2025,324800,-5163250000,32.7(-3.82 %),324800,10767705000,0,15930955000,124737413,0.82
20/05/2025,348400,9773625000,32.95(0.76 %),348400,11281975000,0,1508350000,124892913,0.82
21/05/2025,95900,-9693097800,32.55(-1.21 %),95900,3147690000,0,12840787800,125051413,0.81
22/05/2025,9200,-11018185000,31.9(-2.00 %),9200,295210000,0,11313395000,125051413,0.81
23/05/2025,-25800,-827780000,31.95(0.16 %),38900,1243505000,64700,2071285000,125346514,0.8
26/05/2025,452200,9495650000,32.5(1.72 %),452200,14409760000,0,4914110000,125391214,0.8
27/05/2025,-153300,-4971510000,32.2(-0.92 %),59000,1904580000,212300,6876090000,125417015,0.8
28/05/2025,200,-6609840000,31.95(-0.78 %),200,6405000,0,6616245000,125417015,0.8
29/05/2025,20104,-1812246800,32(0.16 %),20104,645008200,0,2457255000,125570315,0.8
30/05/2025,15600,-4352875000,31.8(-0.62 %),15600,496765000,0,4849640000,125775815,0.79
02/06/2025,278500,4623820000,32(0.63 %),278500,8783175000,0,4159355000,125684311,0.79
03/06/2025,3800,-863550000,32(0.00 %),3800,122000000,0,985550000,125820911,0.79
04/06/2025,153800,3700130000,31.75(-0.78 %),153800,4922705000,0,1222575000,125705311,0.79
05/06/2025,200,-4951310000,31.8(0.16 %),200,6350000,0,4957660000,125734311,0.79
06/06/2025,113100,-2320905000,31.2(-1.89 %),113100,3571125000,0,5892030000,125734311,0.79
09/06/2025,1200,-2553985000,31.25(0.16 %),1200,37155000,0,2591140000,125890311,0.79
10/06/2025,118400,2040453500,31.45(0.64 %),118400,3759650000,0,1719196500,125900004,0.79
11/06/2025,-18500,-582900000,31.45(0.00 %),5700,179520000,24200,762420000,125982004,0.78
12/06/2025,-2700,-90730000,31.65(0.64 %),17300,547430000,20000,638160000,125982004,0.78
13/06/2025,419600,13400580000,31.6(-0.16 %),684400,21774620000,264800,8374040000,125580974,0.8
16/06/2025,-27800,-879255000,31.65(0.16 %),11600,367815000,39400,1247070000,125583674,0.8
17/06/2025,366500,11810170000,32.35(2.21 %),388600,12522985000,22100,712815000,125227758,0.81
18/06/2025,-396900,-12817400000,31.95(-1.24 %),3300,105660000,400200,12923060000,125255558,0.81
19/06/2025,-26600,-849710000,32.4(1.41 %),0,0,26600,849710000,125255558,0.81
20/06/2025,-320400,-10341140000,31.9(-1.54 %),2600,83100000,323000,10424240000,125652459,0.79
23/06/2025,-56400,-1791825000,31.6(-0.94 %),1400,44320000,57800,1836145000,125679059,0.79
24/06/2025,8000,254860000,31.8(0.63 %),18400,585960000,10400,331100000,125991594,0.78
25/06/2025,-27800,-884140000,31.8(0.00 %),2600,82360000,30400,966500000,126039594,0.78
26/06/2025,-12700,-401870000,31.8(0.00 %),5900,186710000,18600,588580000,126039594,0.78
27/06/2025,71600,2287575000,31.95(0.47 %),74700,2386260000,3100,98685000,125995794,0.78
30/06/2025,464600,14951270000,32.25(0.94 %),469400,15105110000,4800,153840000,125543894,0.8
01/07/2025,4300,137785000,32.15(-0.31 %),5400,173425000,1100,35640000,125539598,0.8
02/07/2025,-6400,-194255000,32.35(0.62 %),66400,2152665000,72800,2346920000,125539598,0.8
03/07/2025,-205500,-6635420000,32.5(0.46 %),51400,1662835000,256900,8298255000,125539598,0.8
04/07/2025,-45200,-1493315000,32.75(0.77 %),99700,3273760000,144900,4767075000,125545998,0.8
07/07/2025,1667300,55206785000,33.5(2.29 %),1778100,58864545000,110800,3657760000,124084228,0.85
08/07/2025,215500,7216530000,33.7(0.60 %),285000,9564050000,69500,2347520000,123914003,0.85
09/07/2025,-120000,-4065885000,33.15(-1.63 %),28300,951445000,148300,5017330000,123879003,0.85
10/07/2025,-327500,-10835805000,33.3(0.45 %),274700,9103585000,602200,19939390000,123879003,0.85
11/07/2025,-270800,-8984255000,33(-0.90 %),24200,801120000,295000,9785375000,123999003,0.85
14/07/2025,22400,715910000,32.85(-0.45 %),195800,6420295000,173400,5704385000,124304103,0.84
15/07/2025,465500,15530850000,33.5(1.98 %),1305500,43638590000,840000,28107740000,124109408,0.85
16/07/2025,-237700,-8052905000,33.8(0.90 %),191200,6451180000,428900,14504085000,124082908,0.85
17/07/2025,120200,4074770000,33.65(-0.44 %),303400,10258875000,183200,6184105000,124082908,0.85
18/07/2025,7300,175735000,34.6(2.82 %),522300,17768215000,515000,17592480000,124133008,0.84
21/07/2025,188400,6617705000,35.5(2.60 %),663500,23379515000,475100,16761810000,123934208,0.85
22/07/2025,5500,180795000,35.9(1.13 %),87700,3107325000,82200,2926530000,123928780,0.85
23/07/2025,-180100,-6407425000,35.25(-1.81 %),72500,2594710000,252600,9002135000,123926680,0.85
24/07/2025,136000,4812345000,35.5(0.71 %),303500,10747415000,167500,5935070000,123790714,0.86
25/07/2025,679300,24002785000,35.25(-0.70 %),705200,24917625000,25900,914840000,123291514,0.87
28/07/2025,1617200,58266180000,36.55(3.69 %),1773200,63903410000,156000,5637230000,121611884,0.93
29/07/2025,-945600,-33577140000,34.3(-6.16 %),313700,11184075000,1259300,44761215000,121603484,0.93
30/07/2025,-3500,-178925000,34.2(-0.29 %),261100,8917290000,264600,9096215000,121603484,0.93
31/07/2025,-327200,-11129805000,34.2(0.00 %),365300,12318235000,692500,23448040000,122549098,0.9
01/08/2025,-198500,-6785960000,34.5(0.88 %),280200,9478235000,478700,16264195000,122552548,0.9
04/08/2025,-365500,-12590140000,34.7(0.58 %),56500,1930575000,422000,14520715000,122879736,0.89
05/08/2025,824600,29054435000,35.3(1.73 %),1384400,49045415000,559800,19990980000,122378706,0.9
06/08/2025,-511800,-18372700000,36.1(2.27 %),543500,19528150000,1055300,37900850000,122744095,0.89
07/08/2025,-773200,-27511235000,35.8(-0.83 %),67000,2400690000,840200,29911925000,122719095,0.89
08/08/2025,-516700,-18258855000,35.4(-1.12 %),40100,1416850000,556800,19675705000,123230865,0.87
11/08/2025,587700,20797010000,35.8(1.13 %),774400,27420460000,186700,6623450000,123406436,0.87
12/08/2025,1001900,36747840000,38.05(6.28 %),1416900,51724475000,415000,14976635000,122908356,0.89
13/08/2025,-1143100,-45171195000,39.2(3.02 %),561400,22159310000,1704500,67330505000,122908356,0.89
14/08/2025,12600,429350000,40.2(2.55 %),882200,35271480000,869600,34842130000,122890956,0.89
15/08/2025,-239900,-9764890000,39(-2.99 %),821800,32371935000,1061700,42136825000,124034270,0.85
18/08/2025,682700,27031445000,40.1(2.82 %),830800,32916450000,148100,5885005000,123351580,0.87
19/08/2025,-387300,-16277715000,42.8(6.73 %),472700,19401330000,860000,35679045000,123591390,0.86
20/08/2025,-567000,-22764880000,45.75(6.89 %),1088600,47366870000,1655600,70131750000,123530790,0.86
21/08/2025,-990200,-47468895000,48.4(5.79 %),93600,4448215000,1083800,51917110000,123917011,0.85
22/08/2025,142900,6786380000,47(-2.89 %),578100,27210440000,435200,20424060000,123917011,0.85
25/08/2025,761900,34264210000,45(-4.26 %),1573000,71932950000,811100,37668740000,124341111,0.84
26/08/2025,694000,30956430000,0(-100.00 %),1333700,59501540000,639700,28545110000,124569426,0.83
