Ngay,KLGDRong,GTDGRong,ThayDoi,KLMua,GtMua,KLBan,GtBan,RoomConLai,DangSoHuu
19/07/2021,52500,902830000,0(0.00 %),52500,902830000,0,0,85660598,0.0
20/07/2021,8100,171590000,0(0.00 %),8100,171590000,0,0,85652498,0.0
21/07/2021,3400,79900000,0(0.00 %),3400,79900000,0,0,85649098,0.01
22/07/2021,-32000,-679460000,0(0.00 %),20000,424000000,52000,1103460000,85681098,0.0
23/07/2021,0,0,0(0.00 %),0,0,0,0,85681098,0.0
26/07/2021,0,0,0(0.00 %),0,0,0,0,85681098,0.0
27/07/2021,55600,919020000,0(0.00 %),56100,926770000,500,7750000,85625498,0.02
28/07/2021,15600,258930000,16.4(0.61 %),15600,258930000,0,0,85609898,0.03
29/07/2021,8700,140300000,16.1(-1.83 %),8700,140300000,0,0,85601198,0.03
30/07/2021,15600,245330000,15.9(-1.24 %),15600,245330000,0,0,85585598,0.04
02/08/2021,13900,222600000,16.4(3.14 %),13900,222600000,0,0,85548698,0.06
03/08/2021,-87800,-1396930000,16(-2.44 %),100,1590000,87900,1398520000,85636498,0.01
04/08/2021,-25400,-394600000,15.9(-0.62 %),4400,69520000,29800,464120000,85661898,0.0
05/08/2021,-10600,-164380000,15.9(0.00 %),0,0,10600,164380000,85672498,0.0
06/08/2021,2100,32730000,15.6(-1.89 %),2200,34320000,100,1590000,85670398,0.0
09/08/2021,100,1530000,15.7(0.64 %),100,1530000,0,0,85670298,0.0
10/08/2021,2800,43120000,15.5(-1.27 %),2800,43120000,0,0,85667498,0.0
11/08/2021,1100,16720000,15.4(-0.65 %),1100,16720000,0,0,85666398,0.0
12/08/2021,0,0,15(-2.60 %),0,0,0,0,85666398,0.0
13/08/2021,-2800,-41720000,15.2(1.33 %),0,0,2800,41720000,85669198,0.0
16/08/2021,10300,154390000,15.2(0.00 %),11400,171000000,1100,16610000,85658898,0.0
17/08/2021,0,0,14.9(-1.97 %),0,0,0,0,85658898,0.0
18/08/2021,0,0,15(0.67 %),0,0,0,0,85658898,0.0
19/08/2021,-11400,-166440000,14.7(-2.00 %),0,0,11400,166440000,85670298,0.0
20/08/2021,10700,152380000,13.6(-7.48 %),10700,152380000,0,0,85659598,0.0
23/08/2021,5400,76020000,14.1(3.68 %),5400,76020000,0,0,85654198,0.0
24/08/2021,7000,99400000,14(-0.71 %),7000,99400000,0,0,85647198,0.01
25/08/2021,-10700,-146590000,14(0.00 %),0,0,10700,146590000,85657898,0.0
26/08/2021,0,0,13.9(-0.71 %),0,0,0,0,85657898,0.0
27/08/2021,1100,15180000,14.1(1.44 %),1100,15180000,0,0,85656798,0.0
06/09/2021,1000,14200000,14.3(-1.38 %),1000,14200000,0,0,85627298,0.02
07/09/2021,23900,339645000,14.05(-1.75 %),23900,339645000,0,0,85603398,0.03
08/09/2021,2500,34625000,13.9(-1.07 %),2500,34625000,0,0,85600898,0.03
09/09/2021,300,4140000,13.6(-2.16 %),300,4140000,0,0,85600598,0.03
10/09/2021,12600,167165000,13.3(-2.21 %),12600,167165000,0,0,85587998,0.04
13/09/2021,20800,300340000,14.2(6.77 %),25600,363520000,4800,63180000,85567198,0.05
14/09/2021,23500,355910000,15.15(6.69 %),29700,448990000,6200,93080000,85543698,0.07
15/09/2021,0,0,14.7(-2.97 %),0,0,0,0,85543698,0.07
16/09/2021,-15600,-223200000,14.75(0.34 %),19000,278975000,34600,502175000,85559298,0.06
17/09/2021,-19500,-283960000,15.1(2.37 %),0,0,19500,283960000,85578798,0.05
20/09/2021,-3000,-45300000,15.2(0.66 %),0,0,3000,45300000,85581798,0.05
21/09/2021,0,0,15(-1.32 %),0,0,0,0,85581798,0.05
22/09/2021,-3700,-55620000,15.1(0.67 %),1300,19630000,5000,75250000,85585498,0.04
23/09/2021,0,0,14.85(-1.66 %),0,0,0,0,85585498,0.04
24/09/2021,9000,134100000,14.5(-2.36 %),9000,134100000,0,0,85576498,0.05
27/09/2021,200,2800000,13.7(-5.52 %),200,2800000,0,0,85576298,0.05
28/09/2021,100,1360000,13.75(0.36 %),100,1360000,0,0,85576198,0.05
29/09/2021,0,0,13.7(-0.36 %),0,0,0,0,85576198,0.05
30/09/2021,200,2720000,14.1(2.92 %),200,2720000,0,0,85575998,0.05
01/10/2021,200,2780000,13.9(-1.42 %),200,2780000,0,0,85574998,0.05
04/10/2021,0,0,13.8(-0.72 %),0,0,0,0,85574998,0.05
05/10/2021,-35700,-495625000,13.95(1.09 %),0,0,35700,495625000,85610698,0.03
06/10/2021,-1000,-13950000,14.05(0.72 %),0,0,1000,13950000,85611698,0.0
07/10/2021,0,0,14(-0.36 %),0,0,0,0,85611698,0.0
08/10/2021,0,0,13.9(-0.71 %),0,0,0,0,85611698,0.0
11/10/2021,0,0,13.85(-0.36 %),0,0,0,0,85611698,0.0
12/10/2021,0,0,13.7(-1.08 %),0,0,0,0,85611698,0.0
13/10/2021,0,0,13.7(0.00 %),0,0,0,0,85611698,0.0
14/10/2021,0,0,14.65(6.93 %),0,0,0,0,85611698,0.0
15/10/2021,0,0,14.8(1.02 %),0,0,0,0,85611698,0.0
18/10/2021,0,0,14.3(-3.38 %),0,0,0,0,85611698,0.0
19/10/2021,1000,13925000,14.2(-0.70 %),1000,13925000,0,0,85610698,0.0
20/10/2021,4800,68640000,14.3(0.70 %),4800,68640000,0,0,85605898,0.0
21/10/2021,0,0,14.5(1.40 %),0,0,0,0,85610698,0.0
22/10/2021,-1000,-14450000,14.75(1.72 %),0,0,1000,14450000,85611698,0.0
25/10/2021,0,0,14.7(-0.34 %),0,0,0,0,85611698,0.0
26/10/2021,0,0,14.65(-0.34 %),0,0,0,0,85611698,0.0
27/10/2021,10000,156500000,15.65(6.83 %),10000,156500000,0,0,85601698,0.0
28/10/2021,-17800,-297260000,16.7(6.71 %),100,1670000,17900,298930000,85619498,0.02
29/10/2021,13600,243580000,17.5(4.79 %),30000,535500000,16400,291920000,85605898,0.03
01/11/2021,1200,20645000,18(2.86 %),1200,20645000,0,0,85566598,0.05
02/11/2021,0,0,18.15(0.83 %),0,0,0,0,85566598,0.05
03/11/2021,20800,359915000,16.9(-6.89 %),20800,359915000,0,0,85545798,0.0
04/11/2021,6300,0,16.45(-2.66 %),6300,0,0,0,85560298,0.0
05/11/2021,100,1660000,16.7(1.52 %),100,1660000,0,0,85566498,0.0
08/11/2021,500,8370000,16.8(0.60 %),500,8370000,0,0,85566098,0.05
09/11/2021,-1500,-26175000,17.5(4.17 %),0,0,1500,26175000,85567598,0.05
10/11/2021,-100,0,17.9(2.29 %),0,0,100,0,85567698,0.0
11/11/2021,-200,-3620000,17.7(-1.12 %),0,0,200,3620000,85567798,0.05
12/11/2021,-300,-5250000,17.6(-0.56 %),0,0,300,5250000,85568098,0.05
15/11/2021,-20200,-375760000,18.8(6.82 %),100,1880000,20300,377640000,85588298,0.04
16/11/2021,-29700,-560030000,18.85(0.27 %),300,5550000,30000,565580000,85617998,0.02
17/11/2021,700,13300000,19.2(1.86 %),700,13300000,0,0,85617298,0.02
18/11/2021,3000,61350000,20.5(6.77 %),3000,61350000,0,0,85614298,0.03
19/11/2021,-15400,-321040000,19.9(-2.93 %),1000,21100000,16400,342140000,85629698,0.02
22/11/2021,20500,396610000,18.55(-6.78 %),20500,396610000,0,0,85609198,0.03
23/11/2021,17200,311895000,18.9(1.89 %),20200,365595000,3000,53700000,85591998,0.04
24/11/2021,5400,103290000,18.95(0.26 %),5400,103290000,0,0,85586598,0.04
25/11/2021,-8700,-164150000,19.25(1.58 %),0,0,8700,164150000,85595298,0.04
26/11/2021,16000,315095000,19.3(0.26 %),41900,807105000,25900,492010000,85579298,0.0
29/11/2021,15000,343560000,20.65(6.99 %),20200,394603200,5200,51043200,85564298,0.0
30/11/2021,3500,75795000,21.8(5.57 %),3500,75795000,0,0,85575798,0.05
01/12/2021,-1900,-32200000,21.4(-1.83 %),23300,504680000,25200,536880000,85561498,0.06
02/12/2021,-10200,-222705000,21.6(0.93 %),100,2215000,10300,224920000,85571698,0.05
03/12/2021,-1000,-21020000,20.3(-6.02 %),2000,41800000,3000,62820000,85572698,0.05
06/12/2021,16200,310760000,19.05(-6.16 %),24800,478755000,8600,167995000,85556498,0.06
07/12/2021,10500,200845000,19.75(3.67 %),11200,213990000,700,13145000,85545998,0.07
08/12/2021,-17100,-342615000,19.75(0.00 %),0,0,17100,342615000,85563098,40.42
09/12/2021,22300,448230000,20.25(2.53 %),23100,464310000,800,16080000,85540798,0.0
10/12/2021,-13500,-273970000,20.5(1.23 %),12400,253490000,25900,527460000,85554298,40.42
13/12/2021,38000,801645000,21.4(4.39 %),38000,801645000,0,0,85516298,40.44
14/12/2021,-14300,-295615000,20.55(-3.97 %),10400,221400000,24700,517015000,85530598,0.0
15/12/2021,-12000,-240715000,20.15(-1.95 %),3000,60600000,15000,301315000,85542598,0.0
16/12/2021,8600,174510000,20.4(1.24 %),9300,188650000,700,14140000,85533998,0.0
17/12/2021,-21800,-441060000,20.15(-1.23 %),8400,168540000,30200,609600000,85555798,0.0
20/12/2021,-13300,-282470000,21.2(5.21 %),12500,256515000,25800,538985000,85569098,0.0
21/12/2021,-10200,-212290000,21(-0.94 %),0,0,10200,212290000,85579298,0.0
22/12/2021,11500,236105000,20.5(-2.38 %),18000,372130000,6500,136025000,85567798,22.16
23/12/2021,-20700,-413710200,19.5(-4.88 %),0,0,20700,413710200,85588498,0.0
24/12/2021,0,0,20(2.56 %),0,0,0,0,85567798,22.16
27/12/2021,-3000,-59690000,20.1(0.50 %),2000,39500000,5000,99190000,156153498,0.02
28/12/2021,0,0,19.7(-1.99 %),0,0,0,0,156153498,0.02
29/12/2021,3700,72730000,20.1(2.03 %),3700,72730000,0,0,156155498,0.02
30/12/2021,2300,47630000,20(-0.50 %),2800,57680000,500,10050000,156152698,0.02
31/12/2021,4500,90565000,20(0.00 %),6000,120300000,1500,29735000,156146698,0.02
04/01/2022,-13700,-271545000,20.15(0.75 %),6200,127450000,19900,398995000,156140998,0.02
05/01/2022,25600,526660000,21.15(4.70 %),25600,526660000,0,0,156116898,0.03
06/01/2022,11600,255145000,22.6(6.60 %),20900,461130000,9300,205985000,156115898,0.03
07/01/2022,-7300,-166930000,22.6(0.00 %),0,0,7300,166930000,156115898,0.03
10/01/2022,21700,307583600,22.9(1.33 %),23200,342014600,1500,34431000,156101998,0.04
11/01/2022,86500,1933075000,22.4(-2.18 %),87100,1946720000,600,13645000,156022198,0.06
12/01/2022,8200,169425000,20.85(-6.92 %),22700,482550000,14500,313125000,156000998,0.07
13/01/2022,-10400,-215535000,19.4(-7.18 %),13000,258200000,23400,473735000,155988598,0.07
14/01/2022,23500,407195000,18.8(-3.09 %),47600,868565000,24100,461370000,155955498,0.08
17/01/2022,-25100,-493660000,20.1(6.91 %),30000,593555000,55100,1087215000,155948898,0.09
18/01/2022,-34400,-673345000,19.2(-4.48 %),8100,158940000,42500,832285000,155964898,0.08
19/01/2022,-42000,-784900000,18.2(-5.21 %),100,1820000,42100,786720000,156019898,0.06
20/01/2022,-37400,-696230000,19.6(3.70 %),10000,192000000,47400,888230000,156052398,0.05
21/01/2022,-30100,-588845000,19.55(-1.76 %),900,17550000,31000,606395000,156093598,0.04
24/01/2022,0,0,18.2(-7.14 %),0,0,0,0,156140998,0.02
25/01/2022,60700,1054560000,17.5(-3.85 %),60700,1054560000,0,0,156111298,0.03
26/01/2022,31200,363127800,16.3(-6.86 %),31200,363127800,0,0,156080098,0.04
27/01/2022,2600,44260000,16.4(0.61 %),7600,125260000,5000,81000000,156072498,0.05
28/01/2022,-32300,-526080000,16.8(2.44 %),9700,160950000,42000,687030000,156062798,0.05
07/02/2022,71800,1258430000,17.6(4.76 %),71800,1258430000,0,0,155995998,0.07
08/02/2022,-22000,-392215000,18(2.27 %),2600,45760000,24600,437975000,156035398,0.06
09/02/2022,72100,1278500000,18.15(0.83 %),83200,1477175000,11100,198675000,155952198,0.08
10/02/2022,93900,1706490000,18.3(0.55 %),114700,2086090000,20800,379600000,155862098,0.11
11/02/2022,-30400,-547215000,18.05(-1.37 %),0,0,30400,547215000,155873198,0.11
14/02/2022,57800,1016685000,17.8(-1.66 %),59700,1050160000,1900,33475000,155834298,0.12
15/02/2022,-16200,-287350000,17.85(0.28 %),5000,89000000,21200,376350000,155859698,0.11
16/02/2022,58300,1076255000,18.7(4.47 %),63300,1170255000,5000,94000000,155798298,0.13
17/02/2022,6600,121890000,18.7(0.00 %),13500,249880000,6900,127990000,155805998,0.13
18/02/2022,3300,61060000,18.7(0.00 %),16600,306775000,13300,245715000,155794398,0.13
21/02/2022,17800,338525000,19.2(2.67 %),38700,729860000,20900,391335000,155762598,0.14
22/02/2022,-18600,-340980000,18.4(-4.17 %),14200,263500000,32800,604480000,155761698,0.14
23/02/2022,-5200,-96990000,18.5(0.54 %),300,5550000,5500,102540000,155782298,0.14
24/02/2022,-21000,-371320000,17.7(-4.32 %),21700,383670000,42700,754990000,155793398,0.13
25/02/2022,3400,60250000,17.95(1.41 %),4000,71200000,600,10950000,155794898,0.13
28/02/2022,-6100,-109345000,18.2(1.11 %),1000,18100000,7100,127445000,155836598,0.12
01/03/2022,43000,806095000,18.8(3.30 %),43300,811765000,300,5670000,155793898,0.13
02/03/2022,13700,261595000,19.1(1.60 %),14300,272995000,600,11400000,155786698,0.14
03/03/2022,17900,345335000,19.4(1.57 %),18000,347240000,100,1905000,155768998,0.14
04/03/2022,-19800,-382105000,19.3(-0.52 %),5100,99190000,24900,481295000,155764498,0.14
07/03/2022,1700,31260000,18.9(-2.07 %),4700,88495000,3000,57235000,155759898,0.14
08/03/2022,22700,422360000,18.55(-1.85 %),22700,422360000,0,0,155762098,0.14
09/03/2022,-2100,-36680000,18.4(-1.08 %),2400,44400000,4500,81080000,155762698,0.14
10/03/2022,0,0,18.7(1.63 %),0,0,0,0,155762698,0.14
11/03/2022,41200,775490000,19(1.60 %),41200,775490000,0,0,155725998,0.16
14/03/2022,3900,96240000,20.3(6.84 %),42300,830415000,38400,734175000,155683698,0.17
15/03/2022,-69700,-1434060000,20.35(0.25 %),37000,762130000,106700,2196190000,155646698,0.18
16/03/2022,900,17700000,20.3(-0.49 %),10700,216645000,9800,198945000,155674398,0.17
17/03/2022,143600,3026645000,21.7(6.90 %),143600,3026645000,0,0,155637498,0.18
18/03/2022,41100,899305000,21.8(0.46 %),41100,899305000,0,0,155606198,0.19
21/03/2022,56100,1253620000,22.65(3.90 %),66100,1483620000,10000,230000000,155540098,0.21
22/03/2022,50700,1127885000,21.95(-3.30 %),50700,1127885000,0,0,155489398,0.23
23/03/2022,73600,1626780000,22.2(0.91 %),73600,1626780000,0,0,155425798,0.25
24/03/2022,75700,1676040000,22.4(0.90 %),85700,1900040000,10000,224000000,155340098,0.28
25/03/2022,17600,398160000,22.6(0.89 %),48300,1097200000,30700,699040000,155291798,0.29
28/03/2022,-101600,-2195965000,21.4(-5.31 %),16600,360030000,118200,2555995000,155285198,0.29
29/03/2022,138500,3058485000,22.35(4.44 %),143900,3179175000,5400,120690000,155171998,0.33
30/03/2022,32300,711655000,21.8(-2.68 %),56500,1256875000,24200,545220000,155233698,0.31
31/03/2022,-65200,-1410365000,21.4(-1.83 %),7300,159120000,72500,1569485000,155231798,0.31
01/04/2022,568300,12408435000,22.25(3.97 %),581300,12694185000,13000,285750000,154674698,0.48
04/04/2022,495400,11073785000,22.35(0.22 %),515000,11509965000,19600,436180000,154232198,0.62
05/04/2022,9300,204755000,21.9(-2.23 %),10300,226880000,1000,22125000,154234898,0.62
06/04/2022,-9800,-212735000,20.9(-4.57 %),10000,209600000,19800,422335000,154244498,0.62
07/04/2022,-8000,-166050000,20.05(-4.07 %),8800,179060000,16800,345110000,154252498,0.0
08/04/2022,30800,630075000,20.3(1.00 %),31400,642285000,600,12210000,154225098,0.63
12/04/2022,-117700,-2409215000,20.4(0.49 %),22800,473310000,140500,2882525000,154342798,0.0
13/04/2022,-28700,-569470000,20.8(1.96 %),17000,346700000,45700,916170000,154219098,0.63
14/04/2022,4400,90555000,20.4(-1.92 %),16300,337895000,11900,247340000,154326898,0.59
15/04/2022,134800,2722160000,20.1(-1.47 %),139300,2813035000,4500,90875000,154233298,0.62
18/04/2022,-39700,-729545000,18.7(-6.97 %),31700,615145000,71400,1344690000,154213498,0.63
19/04/2022,44400,819425000,17.4(-6.95 %),71100,1301050000,26700,481625000,154146898,0.65
20/04/2022,241700,4090200000,17.3(-0.57 %),245800,4160925000,4100,70725000,153950398,0.0
21/04/2022,-91700,-1169820000,12.7(2.42 %),24800,305115000,116500,1474935000,153974398,0.7
22/04/2022,-212700,-2733085000,12.6(-0.79 %),2000,26020000,214700,2759105000,153976498,0.7
25/04/2022,-150400,-1829780000,11.75(-6.75 %),20300,243180000,170700,2072960000,154072698,0.67
26/04/2022,108400,1205730000,12.3(4.24 %),123100,1376715000,14700,170985000,154164298,0.64
27/04/2022,-101900,-1204755000,12.3(0.00 %),500,5925000,102400,1210680000,154334498,0.59
28/04/2022,-86200,-1044405000,12.05(-2.03 %),6600,80570000,92800,1124975000,154342598,0.59
29/04/2022,-10200,-133280000,12.5(3.31 %),11500,139175000,21700,272455000,154433498,0.56
04/05/2022,-86800,-1098870000,12.65(1.20 %),0,0,86800,1098870000,154526298,0.53
05/05/2022,-15600,-197170000,12.5(-1.57 %),0,0,15600,197170000,154541898,0.0
06/05/2022,-3600,-41940000,11.65(-6.80 %),7500,87375000,11100,129315000,154627298,0.5
09/05/2022,16000,173600000,10.85(-7.26 %),16000,173600000,0,0,154626898,0.5
10/05/2022,54100,595100000,11(0.92 %),69200,761200000,15100,166100000,154568798,0.52
11/05/2022,400,4370000,11.1(0.91 %),400,4370000,0,0,154568398,0.0
12/05/2022,11200,116945000,10.35(-6.76 %),11200,116945000,0,0,154557198,0.0
13/05/2022,-24700,-249661000,9.63(-6.96 %),29600,288014000,54300,537675000,214603893,0.57
16/05/2022,-800,-7520000,9.4(-2.08 %),4700,44180000,5500,51700000,214599193,0.57
17/05/2022,18600,186930000,10.05(6.91 %),30200,303510000,11600,116580000,214623293,0.57
18/05/2022,7000,70700000,10.1(0.00 %),27700,279770000,20700,209070000,214601093,0.57
19/05/2022,1400,14000000,10(-0.99 %),2400,24000000,1000,10000000,214610293,0.57
20/05/2022,-5800,-60030000,10.35(3.50 %),10000,103500000,15800,163530000,214620993,0.57
23/05/2022,-1300,-12831000,9.87(-5.10 %),300,2961000,1600,15792000,214621693,0.57
24/05/2022,-11400,-114000000,10(1.01 %),600,6000000,12000,120000000,214636893,0.57
25/05/2022,-76900,-784380000,10.2(2.00 %),12600,128520000,89500,912900000,214625893,0.57
26/05/2022,-39200,-421400000,10.75(5.39 %),400,4300000,39600,425700000,214637493,0.57
27/05/2022,-39700,-424790000,10.7(-0.93 %),0,0,39700,424790000,214726993,0.55
30/05/2022,-20500,-221400000,10.8(0.93 %),12800,138240000,33300,359640000,214753793,0.54
31/05/2022,-18000,-188100000,10.45(-3.24 %),2500,26125000,20500,214225000,214790993,0.53
01/06/2022,2200,22660000,10.3(-1.90 %),15100,155530000,12900,132870000,214809193,0.53
02/06/2022,-13900,-138722000,9.98(-3.11 %),28100,280438000,42000,419160000,214801593,0.53
03/06/2022,-16200,-157950000,9.75(-2.50 %),8100,78975000,24300,236925000,214806393,0.53
06/06/2022,-400,-3498000,9.8(0.00 %),15000,150098000,15400,153596000,214833393,0.52
07/06/2022,-3500,-33600000,9.6(-2.04 %),5000,48000000,8500,81600000,214852693,0.52
08/06/2022,37300,365913000,9.81(2.19 %),41500,407115000,4200,41202000,214826593,0.52
09/06/2022,-2500,-25125000,10.05(2.55 %),600,6030000,3100,31155000,214834493,0.52
10/06/2022,-16400,-160720000,9.8(-2.97 %),200,1960000,16600,162680000,214838493,0.52
13/06/2022,-60400,-550848000,9.12(-6.94 %),900,8208000,61300,559056000,214840693,0.52
14/06/2022,-3300,-28017000,8.49(-6.70 %),2500,21225000,5800,49242000,214854793,0.52
15/06/2022,-51800,-409220000,7.9(-7.06 %),400,3160000,52200,412380000,214914463,0.5
16/06/2022,17900,131565000,7.35(-6.96 %),19700,144795000,1800,13230000,214900563,0.51
17/06/2022,47000,331350000,7.05(-4.73 %),47000,331350000,0,0,214905763,0.51
20/06/2022,17400,115106000,6.56(-7.61 %),17400,115106000,0,0,214890163,0.51
21/06/2022,97700,600855000,6.15(-6.82 %),108600,667890000,10900,67035000,214781563,0.53
22/06/2022,58400,384272000,6.58(6.13 %),92400,607992000,34000,223720000,214689163,0.55
23/06/2022,10500,72660000,6.92(4.85 %),36500,252580000,26000,179920000,214663563,0.56
24/06/2022,34600,244968000,7.08(2.61 %),66700,472236000,32100,227268000,214630863,0.57
27/06/2022,-10200,-71007000,7.13(0.42 %),14100,99624000,24300,170631000,214642763,0.56
28/06/2022,27700,208581000,7.53(6.06 %),30500,229665000,2800,21084000,214644363,0.56
29/06/2022,-63100,-476788000,7.55(0.67 %),0,0,63100,476788000,214668613,0.56
30/06/2022,-69400,-499680000,7.2(-5.26 %),6500,46800000,75900,546480000,214664913,0.56
01/07/2022,-88300,-638409000,7.23(0.42 %),1200,8676000,89500,647085000,214726813,0.55
04/07/2022,-60800,-447085000,7.38(2.50 %),21400,159880000,82200,606965000,214733513,0.0
05/07/2022,-10300,-74160000,7.2(-2.70 %),7000,50400000,17300,124560000,214863813,0.52
06/07/2022,-4100,-29233000,7.13(-0.97 %),5100,36363000,9200,65596000,214940913,0.5
07/07/2022,200,1404000,7.02(-1.13 %),200,1404000,0,0,214958013,0.49
08/07/2022,400,319010000,7.35(5.00 %),400,338720000,0,19710000,214957613,0.0
11/07/2022,43700,319010000,7.3(-1.35 %),46400,338720000,2700,19710000,214897383,0.51
12/07/2022,92500,711325000,7.69(5.34 %),94700,728243000,2200,16918000,214802683,0.53
13/07/2022,6400,51008000,7.97(3.51 %),40200,320394000,33800,269386000,214764672,0.54
14/07/2022,-5400,-43416000,8.04(0.50 %),3000,24120000,8400,67536000,214763872,0.54
15/07/2022,-34600,-277146000,8.01(0.12 %),0,0,34600,277146000,214797672,0.53
18/07/2022,1900,15200000,8(0.00 %),7100,56800000,5200,41600000,214798972,0.53
19/07/2022,0,15200000,8(0.00 %),0,56800000,0,41600000,214833572,0.52
20/07/2022,28200,235470000,8.35(4.38 %),28200,235470000,0,0,214810572,0.53
21/07/2022,-7400,-61494000,8.31(-1.07 %),700,5817000,8100,67311000,214809872,0.53
22/07/2022,10500,150426000,8.22(-0.96 %),36500,150426000,26000,0,214791572,0.53
25/07/2022,-28100,-231825000,8.25(0.61 %),100,825000,28200,232650000,214799572,0.53
26/07/2022,10300,83327000,8.09(-2.53 %),10500,84945000,200,1618000,214789072,0.53
27/07/2022,-11700,-95706000,8.18(0.99 %),2300,18814000,14000,114520000,214814972,0.53
28/07/2022,128300,1090550000,8.5(3.66 %),128300,1090550000,0,0,214686872,0.56
29/07/2022,101000,918090000,9.09(6.94 %),101500,922635000,500,4545000,214599372,0.57
01/08/2022,79400,755888000,9.52(4.62 %),104900,998648000,25500,242760000,214494472,0.6
02/08/2022,190300,1863037000,9.79(3.05 %),204400,2001076000,14100,138039000,214290572,0.64
03/08/2022,441400,4409586000,9.99(1.94 %),444500,4440555000,3100,30969000,213871572,0.74
04/08/2022,312000,3113760000,9.98(-0.20 %),323600,3229528000,11600,115768000,213562012,0.81
05/08/2022,301300,3003961000,9.97(-0.30 %),303800,3028886000,2500,24925000,213261312,0.88
08/08/2022,-34200,-337896000,9.88(-1.20 %),0,0,34200,337896000,213272912,0.87
09/08/2022,75300,764295000,10.15(2.53 %),88800,901320000,13500,137025000,213186612,0.89
10/08/2022,223800,2394660000,10.7(4.90 %),249100,2665370000,25300,270710000,212971712,0.94
11/08/2022,262400,2781440000,10.6(-0.93 %),264400,2802640000,2000,21200000,212720812,1.0
12/08/2022,95600,1013360000,10.6(0.00 %),125500,1330300000,29900,316940000,212620612,1.02
15/08/2022,800,8360000,10.45(-1.42 %),5400,56430000,4600,48070000,212617212,1.02
16/08/2022,-11200,-117040000,10.45(-0.48 %),0,0,11200,117040000,212647112,1.02
17/08/2022,-51500,-538175000,10.45(-0.48 %),4500,47025000,56000,585200000,212646234,1.02
18/08/2022,-82700,-847675000,10.25(-2.38 %),0,0,82700,847675000,212657434,1.01
19/08/2022,-57500,-586500000,10.2(-0.97 %),13500,137700000,71000,724200000,212699934,1.0
22/08/2022,-132000,-1264560000,9.58(-6.08 %),0,0,132000,1264560000,212782634,0.98
23/08/2022,157600,1591760000,10.1(5.21 %),207600,2096760000,50000,505000000,212646034,1.02
24/08/2022,-34000,-339660000,9.99(-1.09 %),23800,237762000,57800,577422000,212754234,0.99
25/08/2022,26800,268000000,10(0.00 %),27300,273000000,500,5000000,212776934,0.99
26/08/2022,-112200,-1120878000,9.99(-0.10 %),800,7992000,113000,1128870000,212833934,0.97
29/08/2022,-130300,-1244365000,9.55(-4.50 %),46500,444075000,176800,1688440000,212787934,0.98
30/08/2022,28600,273130000,9.55(-0.52 %),153500,1465925000,124900,1192795000,212747434,0.99
31/08/2022,-15200,-144856000,9.53(-0.73 %),41000,390730000,56200,535586000,212883234,0.96
05/09/2022,-235500,-2178375000,9.25(-2.63 %),11300,104525000,246800,2282900000,212996834,0.94
06/09/2022,-156000,-1455480000,9.33(0.32 %),0,0,156000,1455480000,213053034,0.92
07/09/2022,-198300,-1784700000,9(-3.23 %),0,0,198300,1784700000,213299834,0.87
08/09/2022,-48700,-419307000,8.61(-4.33 %),56100,483021000,104800,902328000,213399734,0.85
09/09/2022,38700,340560000,8.8(2.33 %),39400,346720000,700,6160000,213558634,0.81
12/09/2022,3661,340560000,8.96(1.82 %),9400,346720000,5739,6160000,213654034,0.79
13/09/2022,-160000,-591957000,8.96(-0.44 %),0,0,160000,591957000,213654734,0.79
14/09/2022,15533,-591957000,8.98(-0.22 %),26272,0,10739,591957000,213634201,0.79
15/09/2022,-184500,139486340,9(0.00 %),1200,235922560,185700,96436220,0,0.76
16/09/2022,-20900,-183920000,8.8(-2.22 %),1000,8800000,21900,192720000,213802740,0.75
19/09/2022,12455,102006450,8.19(-6.93 %),23455,192096450,11000,90090000,213790285,0.76
20/09/2022,52300,430952000,8.24(0.49 %),67700,557848000,15400,126896000,213919185,0.73
21/09/2022,-181820,-1472742000,8.1(-1.22 %),12900,104490000,194720,1577232000,213917285,0.73
22/09/2022,-39880,-327016000,8.2(1.23 %),28500,233700000,68380,560716000,213904185,0.73
23/09/2022,-21100,-173020000,8.2(0.00 %),300,2460000,21400,175480000,214098605,0.69
26/09/2022,-16400,-127920000,7.8(-4.88 %),32800,255840000,49200,383760000,214134185,0.68
27/09/2022,800,6240000,7.8(0.00 %),13100,102180000,12300,95940000,214142485,0.68
28/09/2022,-20200,-157156000,7.78(-0.26 %),9500,73910000,29700,231066000,214182185,0.67
29/09/2022,15814,122558500,7.75(-0.64 %),39514,306233500,23700,183675000,214154971,0.68
30/09/2022,-85300,-658516000,7.72(-1.03 %),79200,611424000,164500,1269940000,214105471,0.69
03/10/2022,-189000,-1357020000,7.18(-6.75 %),4900,35182000,193900,1392202000,214124271,0.68
04/10/2022,68300,487662000,7.14(-0.83 %),100900,720426000,32600,232764000,214187871,0.67
05/10/2022,158900,1207640000,7.6(7.04 %),160100,1216760000,1200,9120000,214221671,0.66
06/10/2022,35700,260610000,7.3(-3.95 %),61900,451870000,26200,191260000,214192371,0.67
07/10/2022,13700,95763000,6.99(-4.25 %),18000,125820000,4300,30057000,214175571,0.67
10/10/2022,59800,415012000,6.94(-0.86 %),63000,437220000,3200,22208000,214138771,0.68
11/10/2022,-51300,-331398000,6.46(-6.38 %),0,0,51300,331398000,214143071,0.68
12/10/2022,91900,606540000,6.6(1.54 %),97400,642840000,5500,36300000,214048871,0.7
13/10/2022,-20100,-136680000,6.8(3.03 %),10100,68680000,30200,205360000,214090071,0.69
14/10/2022,105400,752556000,7.14(5.00 %),106800,762552000,1400,9996000,213988771,0.71
17/10/2022,-25480,-179634000,7.05(-0.70 %),120,846000,25600,180480000,214018851,0.71
18/10/2022,700,4956000,7.08(-0.28 %),10200,72216000,9500,67260000,214010051,0.71
19/10/2022,-4100,-28741000,7.08(-0.28 %),6200,43462000,10300,72203000,214014151,0.71
20/10/2022,-32600,-225646000,6.99(-1.55 %),0,0,32600,225646000,214062051,0.7
21/10/2022,-32800,-219323000,6.51(-7.00 %),100,651000,32900,219974000,214071751,0.69
24/10/2022,500,3875000,6.06(-6.77 %),18800,117568000,18300,113693000,214048621,0.7
25/10/2022,117900,685502000,5.7(-6.56 %),158500,924138000,40600,238636000,213930721,0.73
26/10/2022,42800,237706000,5.7(0.00 %),61200,339774000,18400,102068000,213902221,0.73
27/10/2022,27800,163672000,6.09(6.84 %),39700,234086000,11900,70414000,213895321,0.73
28/10/2022,-99056,-624052800,6.3(3.28 %),0,0,99056,624052800,213913721,0.73
31/10/2022,-45600,-287280000,6.3(0.00 %),3300,20790000,48900,308070000,213922321,0.73
01/11/2022,29000,179800000,6.2(-1.59 %),33100,205220000,4100,25420000,213988277,0.71
02/11/2022,11700,72423000,6.19(-0.16 %),19700,121943000,8000,49520000,214017477,0.71
03/11/2022,-43200,-256608000,5.94(-4.19 %),400,2376000,43600,258984000,214021177,0.71
04/11/2022,-59700,-330141000,5.53(-6.27 %),5700,31521000,65400,361662000,214023477,0.7
07/11/2022,-69376,-357286400,5.15(-6.36 %),5224,26903600,74600,384190000,214061853,0.7
08/11/2022,162800,844932000,5.19(-0.19 %),208200,1080558000,45400,235626000,213919053,0.73
09/11/2022,-25100,-129265000,5.15(-0.96 %),21900,112785000,47000,242050000,213971753,0.72
10/11/2022,-56300,-269677000,4.79(-7.88 %),5400,25866000,61700,295543000,214011753,0.71
11/11/2022,49788,233007840,4.68(-2.50 %),101400,474552000,51612,241544160,213957353,0.72
14/11/2022,5700,24852000,4.36(-7.23 %),36600,159576000,30900,134724000,213982453,0.71
15/11/2022,18300,74298000,4.06(-7.73 %),18300,74298000,0,0,214015765,0.71
16/11/2022,184800,798336000,4.32(5.37 %),232200,1003104000,47400,204768000,213814465,0.75
17/11/2022,-77400,-352170000,4.55(5.81 %),5000,22750000,82400,374920000,213809465,0.75
18/11/2022,-40900,-186095000,4.55(-1.09 %),21400,97370000,62300,283465000,213835465,0.75
21/11/2022,-11200,-51072000,4.56(-0.87 %),27600,125856000,38800,176928000,213890265,0.73
22/11/2022,57700,276383000,4.79(4.13 %),66200,317098000,8500,40715000,213886365,0.74
23/11/2022,-63700,-284102000,4.46(-7.08 %),0,0,63700,284102000,213925165,0.73
24/11/2022,-130700,-542405000,4.15(-6.95 %),1000,4150000,131700,546555000,213932665,0.73
25/11/2022,111100,491062000,4.42(5.24 %),136500,603330000,25400,112268000,213859865,0.74
28/11/2022,30000,141600000,4.72(7.27 %),32000,151040000,2000,9440000,213829865,0.74
29/11/2022,113377,572553850,5.05(7.45 %),133377,673553850,20000,101000000,213716488,0.76
30/11/2022,-15500,-83700000,5.4(5.88 %),93700,505980000,109200,589680000,213731988,0.76
01/12/2022,21400,109354000,5.11(-5.37 %),81900,418509000,60500,309155000,213677988,0.0
02/12/2022,231100,1259495000,5.45(6.86 %),261100,1422995000,30000,163500000,213446888,0.0
05/12/2022,-267400,-1473374000,5.51(0.18 %),44700,246297000,312100,1719671000,213714288,0.76
06/12/2022,-60100,-308313000,5.13(-6.73 %),21800,111834000,81900,420147000,213774388,0.0
07/12/2022,-57300,-273894000,4.78(-6.27 %),43000,205540000,100300,479434000,213831688,0.74
08/12/2022,-40400,-201192000,4.98(3.75 %),64400,320712000,104800,521904000,213856688,0.74
09/12/2022,-96000,-461760000,4.81(-3.80 %),0,0,96000,461760000,213956988,0.72
12/12/2022,56000,267680000,4.78(-0.42 %),109000,521020000,53000,253340000,213912088,0.72
13/12/2022,-6800,-32912000,4.84(0.83 %),22500,108900000,29300,141812000,213918888,0.72
14/12/2022,11900,58905000,4.95(3.12 %),29500,146025000,17600,87120000,213906988,0.0
15/12/2022,-9500,-46930000,4.94(-1.20 %),42800,211432000,52300,258362000,213916488,0.0
16/12/2022,44800,215040000,4.8(-2.04 %),71100,341280000,26300,126240000,213871688,0.0
19/12/2022,175800,822744000,4.68(-2.50 %),183900,860652000,8100,37908000,213695888,1.45
20/12/2022,-18000,-81000000,4.5(-4.26 %),13300,59850000,31300,140850000,213713888,1.45
21/12/2022,-54300,-238920000,4.4(-2.22 %),14000,61600000,68300,300520000,213768188,1.44
22/12/2022,-100817,-442586630,4.39(-0.23 %),20000,87800000,120817,530386630,213869005,1.41
23/12/2022,-8100,-35235000,4.35(-1.14 %),2000,8700000,10100,43935000,213877105,1.41
26/12/2022,-27990,-113359500,4.05(-7.95 %),10,40500,28000,113400000,213905095,1.41
27/12/2022,38100,163830000,4.3(4.88 %),52900,227470000,14800,63640000,213866995,1.41
28/12/2022,26500,113950000,4.3(0.00 %),26500,113950000,0,0,213840495,0.0
29/12/2022,12800,53632000,4.19(-2.56 %),12800,53632000,0,0,217094105,0.7
30/12/2022,-35900,-148985000,4.15(-1.19 %),7000,29050000,42900,178035000,217087105,0.7
03/01/2023,89100,391149000,4.39(4.52 %),111500,489485000,22400,98336000,216975605,0.72
04/01/2023,-12700,-55880000,4.4(0.00 %),6800,29920000,19500,85800000,217011705,0.71
05/01/2023,6400,28096000,4.39(-0.23 %),6400,28096000,0,0,217027705,0.71
06/01/2023,-89500,-382165000,4.27(-2.95 %),6300,26901000,95800,409066000,217040905,0.71
09/01/2023,-3800,-15960000,4.2(-2.33 %),200,840000,4000,16800000,217040705,0.71
10/01/2023,16900,74022000,4.38(4.29 %),23200,101616000,6300,27594000,217113305,0.69
11/01/2023,-1900,-8417000,4.43(0.68 %),18100,80183000,20000,88600000,217099205,0.7
12/01/2023,3000,13020000,4.34(-1.36 %),3000,13020000,0,0,217102505,0.69
13/01/2023,-14200,-61486000,4.33(0.70 %),700,3031000,14900,64517000,217121805,0.69
16/01/2023,-11200,-47936000,4.28(-0.47 %),500,2140000,11700,50076000,217121305,0.69
17/01/2023,6800,29852000,4.39(2.09 %),28200,123798000,21400,93946000,217108005,0.69
18/01/2023,70000,316400000,4.52(2.73 %),70900,320468000,900,4068000,217048805,0.71
19/01/2023,200,926000,4.63(2.89 %),15600,72228000,15400,71302000,217054605,0.71
27/01/2023,95150,440544500,4.63(0.65 %),95500,442165000,350,1620500,216960005,0.73
30/01/2023,-4800,-22224000,4.63(0.65 %),0,0,4800,22224000,216975405,0.72
31/01/2023,10000,49500000,4.95(7.61 %),10000,49500000,0,0,216965755,0.72
01/02/2023,41100,216597000,5.27(5.40 %),98600,519622000,57500,303025000,216871955,0.75
02/02/2023,-48400,-242000000,5(-5.66 %),29100,145500000,77500,387500000,216842855,0.75
03/02/2023,27100,144985000,5.35(7.00 %),50800,271780000,23700,126795000,216849555,0.75
06/02/2023,25400,145288000,5.72(5.93 %),25400,145288000,0,0,216901655,0.74
07/02/2023,59600,348660000,5.85(2.63 %),140000,819000000,80400,470340000,216785355,0.76
08/02/2023,-20800,-118560000,5.7(-3.39 %),2200,12540000,23000,131100000,216783155,0.77
09/02/2023,274450,1591810000,5.8(1.75 %),274950,1594710000,500,2900000,216588605,0.81
10/02/2023,-42100,-227340000,5.4(-6.90 %),17900,96660000,60000,324000000,216593705,0.81
13/02/2023,30700,154421000,5.03(-6.85 %),30700,154421000,0,0,216563505,0.81
14/02/2023,-70300,-337440000,4.8(-4.00 %),35500,170400000,105800,507840000,216588005,0.81
15/02/2023,96300,488241000,5.07(5.63 %),113900,577473000,17600,89232000,216474105,0.83
16/02/2023,-63200,-322320000,5.1(0.00 %),9700,49470000,72900,371790000,216570205,0.81
17/02/2023,-120800,-616080000,5.1(0.00 %),20200,103020000,141000,719100000,216567605,0.81
20/02/2023,195900,1067655000,5.45(6.86 %),195900,1067655000,0,0,216444605,0.84
21/02/2023,-144900,-782460000,5.4(-1.82 %),19400,104760000,164300,887220000,216566205,0.81
22/02/2023,27500,138325000,5.03(-6.85 %),27500,138325000,0,0,216538705,0.82
23/02/2023,-187100,-972920000,5.2(4.00 %),2300,11960000,189400,984880000,216700705,0.78
24/02/2023,-28905,-146548350,5.07(-2.50 %),500,2535000,29405,149083350,216729610,0.78
27/02/2023,500,2375000,4.75(-6.86 %),500,2375000,0,0,216889105,0.74
28/02/2023,10,47700,4.77(-0.62 %),10,47700,0,0,216918500,0.74
01/03/2023,5200,24908000,4.79(-0.21 %),5700,27303000,500,2395000,216912800,0.74
02/03/2023,-19500,-95160000,4.88(1.67 %),5600,27328000,25100,122488000,216907200,0.74
03/03/2023,-3000,-14100000,4.7(-4.08 %),0,0,3000,14100000,216907700,0.74
06/03/2023,-2210,-10696400,4.84(2.98 %),0,0,2210,10696400,216932800,0.73
07/03/2023,-5600,-26768000,4.78(-0.42 %),0,0,5600,26768000,216935800,0.73
08/03/2023,0,-26768000,4.8(0.00 %),0,0,0,26768000,216938010,0.73
09/03/2023,-1460,-6964200,4.77(-0.62 %),5540,26425800,7000,33390000,216938070,0.73
10/03/2023,0,-6964200,4.7(-2.08 %),0,26425800,0,33390000,216938070,0.73
13/03/2023,-105200,-482868000,4.59(-2.34 %),0,0,105200,482868000,217043270,0.0
14/03/2023,-213400,-924022000,4.33(-5.87 %),100,433000,213500,924455000,216944970,0.73
15/03/2023,121300,561619000,4.63(7.67 %),133300,617179000,12000,55560000,216916870,0.74
16/03/2023,1500,6765000,4.51(-1.96 %),1500,6765000,0,0,217128870,0.69
17/03/2023,0,6765000,4.6(2.22 %),0,6765000,0,0,217140870,0.69
20/03/2023,-6200,-27280000,4.4(-4.35 %),0,0,6200,27280000,217140870,0.69
21/03/2023,17000,-146548350,4.5(2.27 %),17000,2535000,0,149083350,217123870,0.69
22/03/2023,300,1338000,4.5(0.00 %),300,1338000,0,0,217123570,0.0
23/03/2023,0,0,4.49(-0.22 %),0,0,0,0,217123570,0.0
24/03/2023,-3900,-17940000,4.58(1.78 %),2600,11700000,6500,29640000,217127470,0.0
27/03/2023,51700,239371000,4.63(0.65 %),51700,239371000,0,0,217075770,0.0
28/03/2023,18800,87420000,4.65(1.09 %),18800,87420000,0,0,217056970,0.7
29/03/2023,-2600,-11960000,4.6(-2.13 %),0,0,2600,11960000,217063155,0.7
30/03/2023,-60000,-274800000,4.58(-0.43 %),1600,7328000,61600,282128000,217061555,0.7
31/03/2023,-13500,-61965000,4.59(-0.22 %),0,0,13500,61965000,217064155,0.7
03/04/2023,50285,246899350,4.91(6.74 %),111500,547465000,61215,300565650,217014255,0.71
04/04/2023,-1300,-6565000,5.05(3.06 %),400,2020000,1700,8585000,217027355,0.71
05/04/2023,-10500,-53865000,5.13(0.59 %),2500,12825000,13000,66690000,217086070,0.7
06/04/2023,-46400,-237104000,5.11(0.20 %),46400,237104000,92800,474208000,217041370,0.71
07/04/2023,13600,70176000,5.16(1.18 %),131600,679056000,118000,608880000,216922770,0.73
10/04/2023,-20900,-107008000,5.12(-1.54 %),4900,25088000,25800,132096000,217010670,0.71
11/04/2023,-6000,-31260000,5.21(2.16 %),81200,423052000,87200,454312000,217047470,0.71
12/04/2023,-41410,-216160200,5.22(0.38 %),6000,31320000,47410,247480200,217067270,0.7
13/04/2023,-32200,-164864000,5.12(-1.54 %),2200,11264000,34400,176128000,217152270,0.68
14/04/2023,-45600,-218880000,4.8(-5.88 %),60600,290880000,106200,509760000,217139080,0.69
17/04/2023,27700,135730000,4.9(2.08 %),77000,377300000,49300,241570000,217096480,0.7
18/04/2023,77200,385228000,4.99(1.84 %),81500,406685000,4300,21457000,217121180,0.69
19/04/2023,-700,-3416000,4.88(-2.40 %),0,0,700,3416000,217170480,0.68
20/04/2023,-65800,-321439000,4.96(1.22 %),0,0,65800,321439000,217236280,0.66
21/04/2023,-153300,-755769000,4.93(-1.40 %),0,0,153300,755769000,217175480,0.68
24/04/2023,-14678,-71775420,4.89(-0.20 %),1800,8802000,16478,80577420,217239480,0.66
25/04/2023,980,5066600,5.17(5.51 %),1000,5170000,20,103400,217391780,0.63
26/04/2023,400,2068000,5.17(-0.58 %),400,2068000,0,0,217407858,0.63
27/04/2023,109800,579393000,5.27(1.93 %),109800,579393000,0,0,217298058,0.65
28/04/2023,190300,1030607000,5.54(5.12 %),190300,1030607000,0,0,217107758,0.69
04/05/2023,16300,89188000,5.38(-2.89 %),16300,89188000,0,0,217107778,0.69
05/05/2023,-13200,-69670000,5.3(-1.49 %),1900,10086000,15100,79756000,217089578,0.7
08/05/2023,185100,1019275000,5.54(4.53 %),191700,1055569000,6600,36294000,216897878,0.74
09/05/2023,-110300,-599685000,5.41(-1.64 %),1600,8646000,111900,608331000,216911378,0.74
10/05/2023,218500,1222410000,5.61(3.89 %),222100,1242390000,3600,19980000,216692878,0.79
11/05/2023,72600,407688000,5.55(-0.89 %),79100,444713000,6500,37025000,216728698,0.78
12/05/2023,-81000,-446680000,5.6(0.00 %),600,3304000,81600,449984000,216731698,0.78
15/05/2023,-332400,-1867866000,5.45(-2.68 %),10900,61546000,343300,1929412000,217064098,0.7
16/05/2023,33000,179870000,5.44(-0.18 %),40000,217600000,7000,37730000,217031098,0.71
17/05/2023,89600,499450000,5.53(1.65 %),95600,532470000,6000,33020000,216941498,0.73
18/05/2023,16300,90302000,5.52(-0.18 %),16300,90302000,0,0,216925198,0.73
19/05/2023,-69000,-372351000,5.5(-0.36 %),0,0,69000,372351000,216994198,0.72
22/05/2023,-69400,-379666000,5.52(0.36 %),300,1650000,69700,381316000,217063598,0.7
23/05/2023,20900,116494000,5.53(0.18 %),20900,116494000,0,0,217042698,0.71
24/05/2023,17600,98108000,5.73(3.62 %),20100,112608000,2500,14500000,217025098,0.71
25/05/2023,16100,91303000,5.65(-1.40 %),25900,146778000,9800,55475000,217008998,0.72
26/05/2023,20100,113652000,5.68(0.53 %),20100,113652000,0,0,216988898,0.72
29/05/2023,111000,652293000,5.9(3.87 %),122900,723423000,11900,71130000,216877898,0.74
30/05/2023,-40300,-237365000,5.88(-0.34 %),2200,12980000,42500,250345000,216918198,0.74
31/05/2023,21700,132224000,6.19(5.27 %),40800,247956000,19100,115732000,216896498,0.74
01/06/2023,-70400,-444865000,6.4(3.39 %),5300,33231000,75700,478096000,216923064,0.73
02/06/2023,-24900,-160573000,6.25(-2.34 %),700,4379000,25600,164952000,216947964,0.73
05/06/2023,38600,237398000,6.24(-0.16 %),38600,237398000,0,0,216909364,0.74
06/06/2023,250400,1566315000,6.41(2.72 %),341500,2140681000,91100,574366000,216658964,0.79
07/06/2023,28900,185350000,6.64(3.59 %),60000,394000000,31100,208650000,216630064,0.8
08/06/2023,-9200,-61612000,6.4(-3.61 %),15000,99400000,24200,161012000,216639264,0.8
09/06/2023,116400,728603000,6.39(-0.16 %),117400,734843000,1000,6240000,216522864,0.82
12/06/2023,-195800,-1232720000,6.39(0.00 %),0,0,195800,1232720000,216718664,0.78
13/06/2023,-149200,-957700000,6.42(0.47 %),0,0,149200,957700000,216867864,0.75
14/06/2023,-107900,-686964000,6.25(-2.65 %),0,0,107900,686964000,216975764,0.72
15/06/2023,25300,155588000,6.12(-2.08 %),40600,249683000,15300,94095000,216950464,0.73
16/06/2023,91900,572240000,6.12(0.33 %),92100,573474000,200,1234000,216975048,0.72
19/06/2023,-200100,-1199976000,6(-1.64 %),900,5364000,201000,1205340000,216989418,0.72
20/06/2023,-24600,-148664000,6.2(3.33 %),0,0,24600,148664000,217014018,0.71
21/06/2023,-54900,-341541000,6.25(0.81 %),45000,280300000,99900,621841000,217145618,0.68
22/06/2023,0,-9000,6.34(1.44 %),700,4431000,700,4440000,217145618,0.68
23/06/2023,14200,88784000,6.34(0.63 %),18000,112716000,3800,23932000,217131418,0.69
26/06/2023,-2100,-12974000,6.2(-1.59 %),0,0,2100,12974000,217252118,0.66
27/06/2023,19300,119248000,6.2(0.00 %),20000,123528000,700,4280000,217232818,0.67
28/06/2023,18800,119010000,6.29(1.45 %),26300,165690000,7500,46680000,217214018,0.67
29/06/2023,32700,198162000,6.06(-3.81 %),32700,198162000,0,0,217181318,0.68
30/06/2023,15000,90000000,6(-1.64 %),15000,90000000,0,0,217166318,0.68
03/07/2023,-5500,-33301000,6.06(1.00 %),0,0,5500,33301000,217172218,0.68
04/07/2023,88100,538326000,6.19(1.48 %),97400,594711000,9300,56385000,217084118,0.7
05/07/2023,-11200,-68850000,6.11(-1.45 %),2100,13020000,13300,81870000,217095318,0.7
06/07/2023,-17900,-109548000,6.12(0.33 %),500,3060000,18400,112608000,217086998,0.7
07/07/2023,-79400,-478928000,6.1(0.00 %),3100,18859000,82500,497787000,217097198,0.7
10/07/2023,98000,611579000,6.26(2.62 %),103400,645327000,5400,33748000,216999198,0.72
11/07/2023,21100,135453000,6.36(0.95 %),21100,135453000,0,0,216978098,0.72
12/07/2023,-26100,-165032000,6.35(-0.78 %),5500,34825000,31600,199857000,217004198,0.72
13/07/2023,-13000,-84759000,6.64(3.75 %),0,0,13000,84759000,217017198,0.71
14/07/2023,-713600,-4695363000,6.65(0.76 %),200,1310000,713800,4696673000,217104898,0.69
17/07/2023,141200,989467000,6.95(3.73 %),166000,1157124000,24800,167657000,216963698,0.73
18/07/2023,-14600,-99133000,6.84(-2.29 %),100,680000,14700,99813000,216978298,0.72
19/07/2023,22000,143484000,6.53(-3.97 %),22700,148265000,700,4781000,217667738,0.57
20/07/2023,54700,361465000,6.7(3.08 %),72700,478195000,18000,116730000,217613038,0.58
21/07/2023,-12000,-80400000,6.85(2.24 %),200,1340000,12200,81740000,217625038,0.58
24/07/2023,-144500,-989962000,6.95(0.72 %),200,1360000,144700,991322000,217628038,0.58
25/07/2023,-42200,-289465000,6.8(-2.86 %),2000,13680000,44200,303145000,217638238,0.58
26/07/2023,60800,414065000,6.88(1.18 %),60800,414065000,0,0,217577438,0.59
27/07/2023,227100,1628811000,7.3(5.80 %),253500,1816132000,26400,187321000,217350338,0.64
28/07/2023,-26400,-193820000,7.29(-0.14 %),0,0,26400,193820000,217376738,0.63
31/07/2023,-23600,-174343000,7.33(0.41 %),13100,96424000,36700,270767000,217400338,0.63
01/08/2023,-201400,-1452789000,7.1(-2.74 %),0,0,201400,1452789000,217526218,0.6
02/08/2023,488300,3526216000,7.35(3.52 %),504300,3641186000,16000,114970000,217037918,0.71
03/08/2023,-33500,-244439000,7.38(-0.27 %),200,1461000,33700,245900000,217071418,0.7
04/08/2023,-13100,-93036000,7.74(4.88 %),29800,228910000,42900,321946000,217272418,0.66
07/08/2023,-459100,-3522129000,7.79(0.65 %),500,3810000,459600,3525939000,217731518,0.55
08/08/2023,1100,10244000,7.71(-1.03 %),46000,358540000,44900,348296000,217730418,0.55
09/08/2023,30500,236170000,7.72(0.13 %),30500,236170000,0,0,217699918,0.56
10/08/2023,-5600,-43452000,7.78(0.78 %),1000,7800000,6600,51252000,217705518,0.56
11/08/2023,39500,303222000,7.8(0.26 %),49000,377067000,9500,73845000,217666018,0.57
14/08/2023,263500,2137462000,8.16(4.62 %),263500,2137462000,0,0,217504218,0.6
15/08/2023,-15800,-129399000,8.15(-0.61 %),9900,79926000,25700,209325000,217503818,0.61
16/08/2023,-400,-3232000,8.14(-0.73 %),0,0,400,3232000,217533818,0.6
17/08/2023,16200,130026000,8(-1.23 %),17100,137253000,900,7227000,217517618,0.6
18/08/2023,-281700,-2162592000,7.44(-7.00 %),2000,14880000,283700,2177472000,217540807,0.6
21/08/2023,32400,230019000,7.09(-4.19 %),183700,1290796000,151300,1060777000,217358025,0.64
22/08/2023,203200,1414842000,7.15(0.70 %),227000,1580528000,23800,165686000,217414725,0.62
23/08/2023,56600,404914000,7.13(-0.28 %),66100,472393000,9500,67479000,217499925,0.61
24/08/2023,-20100,-134908000,7.35(3.09 %),100400,720923000,120500,855831000,217520025,0.6
25/08/2023,-237800,-1725706000,7.34(-0.14 %),16000,116880000,253800,1842586000,217416825,0.62
28/08/2023,29600,218205000,7.4(0.82 %),41800,306655000,12200,88450000,217387225,0.63
29/08/2023,-36000,-266500000,7.52(1.62 %),4000,29680000,40000,296180000,217745325,0.55
30/08/2023,-45200,-346127000,7.68(2.13 %),5000,38100000,50200,384227000,217790525,0.54
31/08/2023,-28100,-216367000,7.69(0.13 %),0,0,28100,216367000,217792603,0.54
05/09/2023,-1600,-12304000,7.72(0.39 %),0,0,1600,12304000,217818003,0.54
06/09/2023,-7700,-59148000,7.7(-0.26 %),2300,17618000,10000,76766000,217825703,0.53
07/09/2023,215000,1676541000,7.98(3.64 %),216900,1691399000,1900,14858000,217628503,0.58
08/09/2023,-100,-800000,7.85(-1.63 %),0,0,100,800000,217638503,0.58
11/09/2023,23900,176194000,7.47(-4.84 %),27900,207162000,4000,30968000,217612503,0.58
12/09/2023,-75500,-564747000,7.66(2.54 %),10000,74700000,85500,639447000,217602603,0.58
13/09/2023,-123400,-939741000,7.55(-1.44 %),5000,37920000,128400,977661000,217601603,0.58
14/09/2023,-200,-1466000,7.15(-5.30 %),0,0,200,1466000,217687103,0.56
15/09/2023,0,0,7.13(-0.28 %),0,0,0,0,217815453,0.54
18/09/2023,0,0,7.09(-0.56 %),0,0,0,0,217815453,0.54
19/09/2023,-27800,-194815000,7.07(-0.28 %),0,0,27800,194815000,217843453,0.53
20/09/2023,-1300,-8959000,7.42(4.95 %),3000,21270000,4300,30229000,217844753,0.53
21/09/2023,7000,51240000,7.3(-1.62 %),7000,51240000,0,0,217837753,0.53
22/09/2023,-5400,-37997000,6.8(-6.85 %),0,0,5400,37997000,217848813,0.53
25/09/2023,-10000,-63400000,6.33(-6.91 %),0,0,10000,63400000,217848813,0.53
26/09/2023,208400,1279016000,5.9(-6.79 %),251400,1545422000,43000,266406000,217602813,0.58
27/09/2023,155800,896906000,6.28(6.44 %),243800,1408108000,88000,511202000,217447013,0.62
28/09/2023,45600,278494000,6.19(-1.43 %),48600,297034000,3000,18540000,217401413,0.63
29/09/2023,-123800,-769904000,6.25(0.97 %),50000,312429000,173800,1082333000,217401413,0.63
02/10/2023,-117900,-735883000,6.3(0.80 %),0,0,117900,735883000,217404413,0.63
03/10/2023,-108200,-647068000,5.88(-6.67 %),100,588000,108300,647656000,217578113,0.59
04/10/2023,-37400,-220554000,6.14(4.42 %),2400,13939000,39800,234493000,217615513,0.58
05/10/2023,-135200,-818348000,6.09(-0.81 %),0,0,135200,818348000,217801913,0.54
06/10/2023,-33900,-200324000,6.17(1.31 %),53500,324882000,87400,525206000,217835813,0.53
09/10/2023,9900,61482000,6.28(1.78 %),10000,62100000,100,618000,217825913,0.53
10/10/2023,103400,654717000,6.32(0.64 %),103400,654717000,0,0,217897413,0.52
11/10/2023,-49500,-309950000,6.3(-0.32 %),0,0,49500,309950000,217897513,0.52
12/10/2023,-7100,-45281000,6.38(1.27 %),600,3812000,7700,49093000,217896913,0.52
13/10/2023,2000,12480000,6.36(-0.31 %),2000,12480000,0,0,217944413,0.51
16/10/2023,-2700,-16740000,6.19(-2.67 %),0,0,2700,16740000,217952113,0.51
17/10/2023,7800,43626000,5.98(-3.39 %),28200,168688000,20400,125062000,217923913,0.51
18/10/2023,-46600,-273109000,5.8(-3.01 %),0,0,46600,273109000,217926613,0.51
19/10/2023,-15000,-83944000,5.6(-3.45 %),0,0,15000,83944000,217947013,0.51
20/10/2023,31100,171319000,5.77(3.04 %),31100,171319000,0,0,217962593,0.5
23/10/2023,46900,266534000,5.76(-0.17 %),46900,266534000,0,0,217930693,0.51
24/10/2023,22400,129339000,5.85(1.56 %),22400,129339000,0,0,217908293,0.52
25/10/2023,-15700,-90921000,5.85(0.00 %),10000,58700000,25700,149621000,217908293,0.52
26/10/2023,-46700,-258020000,5.45(-6.84 %),0,0,46700,258020000,217898293,0.52
27/10/2023,-72200,-386919000,5.47(0.37 %),0,0,72200,386919000,217923993,0.51
30/10/2023,3300,14174000,5.26(-3.84 %),42100,221446000,38800,207272000,217928593,0.51
31/10/2023,77100,394661000,5.15(-2.09 %),93000,477587000,15900,82926000,217907793,0.52
01/11/2023,83300,420437000,5.16(0.19 %),97300,492417000,14000,71980000,217849293,0.53
02/11/2023,206700,1129598000,5.52(6.98 %),206700,1129598000,0,0,217642593,0.57
03/11/2023,-16900,-95575000,5.54(0.36 %),39500,215855000,56400,311430000,217659493,0.57
06/11/2023,51900,284909000,5.58(0.72 %),62400,343980000,10500,59071000,217607593,0.58
07/11/2023,-57000,-312842000,5.49(-1.61 %),16700,91974000,73700,404816000,217664593,0.57
08/11/2023,68600,388480000,5.87(6.92 %),143300,808141000,74700,419661000,217477493,0.61
09/11/2023,270400,1632007000,6.1(3.92 %),375000,2264960000,104600,632953000,217176193,0.68
10/11/2023,-34000,-206309000,6.11(0.16 %),4000,24445000,38000,230754000,217246893,0.66
13/11/2023,-86400,-527260000,6.03(-1.31 %),18000,107640000,104400,634900000,217333493,0.64
14/11/2023,-114500,-693487000,6.03(0.00 %),0,0,114500,693487000,217447793,0.62
15/11/2023,-163200,-993873000,6(-0.50 %),300,1836000,163500,995709000,217610993,0.58
16/11/2023,0,0,6.15(2.50 %),0,0,0,0,217610993,0.58
17/11/2023,-120100,-744977000,6.19(0.65 %),0,0,120100,744977000,217735793,0.55
20/11/2023,-10300,-62927000,6.15(-0.65 %),20000,123000000,30300,185927000,217733393,0.55
21/11/2023,-1300,-8560000,6.2(0.81 %),13000,80100000,14300,88660000,217840493,0.53
22/11/2023,6500,40064000,6.3(1.61 %),10000,62044000,3500,21980000,217860793,0.53
23/11/2023,56400,338400000,6(-4.76 %),56400,338400000,0,0,217804393,0.54
24/11/2023,-438000,-2621172000,6.15(2.50 %),0,0,438000,2621172000,218242393,0.44
27/11/2023,0,0,6.12(-0.49 %),0,0,0,0,218242393,0.44
28/11/2023,-71700,-428294000,6.12(0.00 %),7300,43897000,79000,472191000,218314093,0.42
29/11/2023,78000,477960000,6.16(0.65 %),78000,477960000,0,0,218236093,0.44
30/11/2023,44600,273396000,6.26(1.62 %),76000,470860000,31400,197464000,218191493,0.45
01/12/2023,-31200,-190539000,6.24(-0.32 %),8000,49840000,39200,240379000,218177893,0.46
04/12/2023,26200,166223000,6.45(3.37 %),51000,326183000,24800,159960000,218151693,0.46
05/12/2023,0,0,6.44(-0.16 %),0,0,0,0,218151693,0.46
06/12/2023,-7300,-48691000,6.65(3.26 %),0,0,7300,48691000,218158993,0.46
07/12/2023,-89000,-585871000,6.58(-1.05 %),0,0,89000,585871000,218247993,0.44
08/12/2023,21000,136220000,6.37(-3.19 %),21000,136220000,0,0,218226993,0.44
11/12/2023,28700,182274000,6.38(0.16 %),30000,190516000,1300,8242000,218198293,0.45
12/12/2023,0,0,6.4(0.31 %),0,0,0,0,218198293,0.45
13/12/2023,200,1278000,6.25(-2.34 %),200,1278000,0,0,218198093,0.45
14/12/2023,500,3100000,6.24(-0.16 %),500,3100000,0,0,218197593,0.45
15/12/2023,39700,247260000,6.23(-0.16 %),39700,247260000,0,0,218157893,0.46
18/12/2023,11800,72939000,6.16(-1.12 %),11800,72939000,0,0,218146093,0.46
19/12/2023,5100,31161000,6.25(1.46 %),5100,31161000,0,0,218140993,0.46
20/12/2023,-24400,-151778000,6.26(0.16 %),0,0,24400,151778000,218165393,0.46
21/12/2023,0,0,6.25(-0.16 %),0,0,0,0,218165393,0.46
22/12/2023,-27800,-172468000,6.24(-0.16 %),0,0,27800,172468000,218193193,0.45
25/12/2023,11700,73009000,6.3(0.96 %),11700,73009000,0,0,218181493,0.45
26/12/2023,0,0,6.25(-0.79 %),0,0,0,0,218181493,0.45
27/12/2023,0,0,6.23(-0.32 %),0,0,0,0,218181493,0.45
28/12/2023,0,0,6.25(0.32 %),0,0,0,0,218181493,0.45
29/12/2023,2200,13772000,6.27(0.32 %),2200,13772000,0,0,218179293,0.45
02/01/2024,-15100,-94073000,6.21(-0.96 %),0,0,15100,94073000,218242016,0.44
03/01/2024,357300,2246880000,6.39(2.90 %),357300,2246880000,0,0,217884720,0.52
04/01/2024,18200,115862000,6.37(-0.31 %),18200,115862000,0,0,217866520,0.52
05/01/2024,-2700,-16973000,6.34(-0.47 %),0,0,2700,16973000,217869220,0.52
08/01/2024,144800,927464000,6.42(1.26 %),144800,927464000,0,0,217724420,0.56
09/01/2024,-44600,-284066000,6.35(-1.09 %),16700,106339000,61300,390405000,217722900,0.56
10/01/2024,-17100,-107461000,6.3(-0.79 %),2600,16432000,19700,123893000,217720288,0.56
11/01/2024,-20800,-130811000,6.3(0.00 %),0,0,20800,130811000,217781600,0.54
12/01/2024,-44400,-272517000,6.1(-3.17 %),0,0,44400,272517000,217851320,0.53
15/01/2024,-99400,-605505000,6.08(-0.33 %),100,610000,99500,606115000,217821888,0.53
16/01/2024,-1000,-6115000,6.2(1.97 %),500,3005000,1500,9120000,217865800,0.52
17/01/2024,41100,254086000,6.16(-0.65 %),45700,282491000,4600,28405000,217919584,0.51
18/01/2024,4800,29376000,6.16(0.00 %),4800,29376000,0,0,217905820,0.52
19/01/2024,20100,123143000,6.18(0.32 %),49500,303707000,29400,180564000,217885720,0.52
22/01/2024,400,2475000,6.2(0.32 %),1100,6752000,700,4277000,217885320,0.52
23/01/2024,20000,122739000,6.17(-0.48 %),20000,122739000,0,0,217865320,0.52
24/01/2024,-1800,-11070000,6.16(-0.16 %),0,0,1800,11070000,217867120,0.52
25/01/2024,-13900,-85528000,6.15(-0.16 %),0,0,13900,85528000,217881020,0.52
26/01/2024,-4700,-28831000,6.1(-0.81 %),0,0,4700,28831000,217885720,0.52
29/01/2024,33900,207404000,6.14(0.66 %),33900,207404000,0,0,217862100,0.53
30/01/2024,-203200,-1230464000,6.11(-0.49 %),20500,123670000,223700,1354134000,217846240,0.53
31/01/2024,-47600,-286973000,6(-1.80 %),42300,254810000,89900,541783000,217803900,0.54
01/02/2024,-251700,-1508680000,6(0.00 %),500,2995000,252200,1511675000,217803901,0.54
02/02/2024,-20400,-122400000,6.05(0.83 %),0,0,20400,122400000,218027056,0.49
05/02/2024,-9100,-55222000,6.04(-0.17 %),7000,42070000,16100,97292000,217832851,0.53
06/02/2024,-49700,-298100000,6.01(-0.50 %),300,1800000,50000,299900000,218382256,0.41
07/02/2024,54328,325500720,6.04(0.50 %),54328,325500720,0,0,218344016,0.42
15/02/2024,1084600,6680734000,6.26(3.64 %),1095100,6746179000,10500,65445000,217298928,0.65
16/02/2024,96200,601410000,6.29(0.48 %),96200,601410000,0,0,217202720,0.67
19/02/2024,1115400,6999834000,6.37(1.27 %),1115500,7000471000,100,637000,216097728,0.92
20/02/2024,-324050,-2042267600,6.32(-0.78 %),29100,183327000,353150,2225594600,216068624,0.92
21/02/2024,157800,982490000,6.25(-1.11 %),203300,1267384000,45500,284894000,215865424,0.97
22/02/2024,730600,4582436000,6.3(0.80 %),784300,4916888000,53700,334452000,215865424,0.97
23/02/2024,-312200,-1929204000,6.11(-3.02 %),125000,782001000,437200,2711205000,215279873,1.1
26/02/2024,-698800,-4246504000,6.15(0.65 %),0,0,698800,4246504000,215408480,1.07
27/02/2024,-773400,-4705670000,6.15(0.00 %),0,0,773400,4705670000,216752073,0.77
28/02/2024,-324400,-1978437000,6.12(-0.49 %),0,0,324400,1978437000,217076473,0.7
29/02/2024,-426300,-2596592000,6.12(0.00 %),0,0,426300,2596592000,217317872,0.65
01/03/2024,-113900,-692689000,6.14(0.33 %),0,0,113900,692689000,217317873,0.65
04/03/2024,81700,508043000,6.23(1.47 %),118100,733767000,36400,225724000,217236173,0.66
05/03/2024,-2000,-12377000,6.21(-0.32 %),200,1237000,2200,13614000,218064176,0.48
06/03/2024,88700,547933000,6.12(-1.45 %),88700,547933000,0,0,217149473,0.68
07/03/2024,-159800,-981389000,6.16(-0.48 %),4000,24519000,163800,1005908000,217309273,0.65
08/03/2024,-9500,-57094000,6.12(-0.65 %),36000,220117000,45500,277211000,217318773,0.65
11/03/2024,-147500,-896044000,6.04(-1.31 %),0,0,147500,896044000,217466273,0.61
12/03/2024,0,-4000,6.03(-0.17 %),100,600000,100,604000,218183280,0.45
13/03/2024,9500,57618000,6.08(0.83 %),21000,127025000,11500,69407000,218309773,0.43
14/03/2024,21700,132291000,6.08(0.00 %),21700,132291000,0,0,218288073,0.43
15/03/2024,316500,1935242000,6.13(0.82 %),318500,1947342000,2000,12100000,217971573,0.5
18/03/2024,114600,714859000,6.15(0.33 %),160200,993572000,45600,278713000,217820976,0.53
19/03/2024,-25500,-157211000,6.13(-0.33 %),0,0,25500,157211000,217822976,0.53
20/03/2024,-242600,-1477533000,6.1(-0.49 %),0,0,242600,1477533000,218125073,0.47
21/03/2024,1931500,12066774000,6.39(4.75 %),2059600,12880463000,128100,813689000,216193573,0.9
22/03/2024,111400,700724000,6.38(-0.16 %),209500,1331592000,98100,630868000,216082173,0.92
25/03/2024,824200,5317864000,6.53(2.35 %),836100,5395283000,11900,77419000,215159632,1.13
26/03/2024,-989300,-6393111000,6.53(0.00 %),63300,409884000,1052600,6802995000,216116073,0.91
27/03/2024,-511900,-3307532000,6.5(-0.46 %),21100,136065000,533000,3443597000,215185312,1.12
28/03/2024,57500,370108000,6.48(-0.31 %),143000,920239000,85500,550131000,216094912,0.92
29/03/2024,-866000,-5510844000,6.37(-1.70 %),0,0,866000,5510844000,216627900,0.8
01/04/2024,-277400,-1783274000,6.54(2.67 %),197600,1265996000,475000,3049270000,216515800,0.82
02/04/2024,122800,797123000,6.53(-0.15 %),253600,1642291000,130800,845168000,216505105,0.83
03/04/2024,-151500,-969304000,6.37(-2.45 %),74700,484172000,226200,1453476000,217528512,0.6
04/04/2024,-179700,-1134899000,6.3(-1.10 %),12400,78492000,192100,1213391000,216836305,0.75
05/04/2024,-230300,-1423911000,6.16(-2.22 %),23300,143384000,253600,1567295000,217849808,0.53
08/04/2024,-84900,-522778000,6.1(-0.97 %),2000,12240000,86900,535018000,217151505,0.68
09/04/2024,-7400,-45325000,6.21(1.80 %),13900,85104000,21300,130429000,217158905,0.68
10/04/2024,-23300,-144313000,6.13(-1.29 %),0,0,23300,144313000,217182205,0.68
11/04/2024,100,607000,6.15(0.33 %),100,607000,0,0,218387712,0.41
12/04/2024,-19800,-121844000,6.15(0.00 %),0,0,19800,121844000,218411000,0.4
15/04/2024,10400,55024000,5.72(-6.99 %),35400,205988000,25000,150964000,217191505,0.67
16/04/2024,34000,186042000,5.61(-1.92 %),34000,186042000,0,0,217157505,0.68
17/04/2024,-18500,-101195000,5.47(-2.50 %),1500,8205000,20000,109400000,217210005,0.67
19/04/2024,50800,262133000,5.38(-1.65 %),50800,262133000,0,0,217159205,0.68
22/04/2024,-24700,-134982000,5.45(1.30 %),9200,49680000,33900,184662000,218344912,0.42
23/04/2024,-25800,-139558000,5.41(-0.73 %),0,0,25800,139558000,218344912,0.42
24/04/2024,136800,747414000,5.41(0.00 %),198200,1078663000,61400,331249000,217072905,0.7
25/04/2024,-9200,-50053000,5.5(1.66 %),0,0,9200,50053000,217082105,0.7
26/04/2024,100,544000,5.39(-2.00 %),100,544000,0,0,218267712,0.44
02/05/2024,-133400,-713440000,5.38(-0.19 %),0,0,133400,713440000,218276912,0.43
03/05/2024,-31000,-166235000,5.38(0.00 %),0,0,31000,166235000,218276912,0.43
06/05/2024,609900,3316114000,5.55(3.16 %),624300,3394135000,14400,78021000,217786000,0.54
07/05/2024,0,0,5.51(-0.72 %),0,0,0,0,217817008,0.54
08/05/2024,-900,-4914000,5.48(-0.54 %),0,0,900,4914000,217831408,0.53
09/05/2024,-90700,-498487000,5.48(0.00 %),14100,76422000,104800,574909000,217817312,0.54
10/05/2024,-2000,-11056000,5.5(0.36 %),55800,303004000,57800,314060000,217762400,0.55
13/05/2024,-103800,-580095000,5.61(2.00 %),5100,28558000,108900,608653000,217862112,0.53
14/05/2024,-150100,-838850000,5.62(0.18 %),0,0,150100,838850000,218036305,0.49
15/05/2024,-65400,-369065000,5.65(0.53 %),3800,21688000,69200,390753000,218101705,0.47
16/05/2024,-39500,-223012000,5.64(-0.18 %),0,0,39500,223012000,218141205,0.46
17/05/2024,-11000,-61673000,5.65(0.18 %),200,1110000,11200,62783000,218244112,0.44
20/05/2024,50000,277325000,5.73(1.42 %),141900,804726000,91900,527401000,218141712,0.46
21/05/2024,-99800,-571429000,5.75(0.35 %),0,0,99800,571429000,218152912,0.46
22/05/2024,47600,270452000,5.77(0.35 %),60600,345622000,13000,75170000,218184208,0.45
23/05/2024,-156300,-889889000,5.75(-0.35 %),1800,10204000,158100,900093000,218282200,0.43
24/05/2024,-11200,-64823000,5.7(-0.87 %),5700,32073000,16900,96896000,218282405,0.43
27/05/2024,-60500,-342470000,5.69(-0.18 %),0,0,60500,342470000,218447600,0.4
28/05/2024,4600,25669000,5.72(0.53 %),9200,51980000,4600,26311000,218455312,0.39
29/05/2024,608400,3618390000,6.03(5.42 %),613100,3645322000,4700,26932000,217902700,0.52
30/05/2024,59700,351480000,6.03(0.00 %),59700,351480000,0,0,217847600,0.53
31/05/2024,0,-1506000,5.86(-2.82 %),9200,54280000,9200,55786000,217843100,0.53
03/06/2024,-428100,-2540158000,5.98(2.05 %),6900,40779000,435000,2580937000,217843105,0.53
04/06/2024,-82400,-489169000,5.92(-1.00 %),21500,127053000,103900,616222000,217925505,0.51
05/06/2024,207800,1226470000,5.9(-0.34 %),209200,1234772000,1400,8302000,217717705,0.56
06/06/2024,-146500,-863460000,5.9(0.00 %),0,0,146500,863460000,218153605,0.46
07/06/2024,-21500,-127068000,5.9(0.00 %),0,0,21500,127068000,218155005,0.46
10/06/2024,-13700,-82221000,5.89(-0.17 %),16100,94286000,29800,176507000,218168705,0.46
11/06/2024,-85800,-496750000,5.84(-0.85 %),0,0,85800,496750000,218153605,0.46
12/06/2024,-53900,-314383000,5.86(0.34 %),39700,227146000,93600,541529000,218297005,0.43
13/06/2024,0,0,5.88(0.34 %),0,0,0,0,218330105,0.42
14/06/2024,-5000,-29450000,5.75(-2.21 %),0,0,5000,29450000,218423705,0.4
17/06/2024,-39700,-226772000,5.7(-0.87 %),0,0,39700,226772000,218439805,0.4
18/06/2024,-40200,-229036000,5.7(0.00 %),12500,70393000,52700,299429000,218432305,0.4
19/06/2024,0,0,5.69(-0.18 %),0,0,0,0,218472005,0.39
20/06/2024,21100,118885000,5.66(-0.53 %),21100,118885000,0,0,218503605,0.38
21/06/2024,-12500,-70524000,5.64(-0.35 %),0,0,12500,70524000,218503605,0.38
24/06/2024,389400,2191905000,5.64(0.00 %),389400,2191905000,0,0,218114205,0.47
25/06/2024,-18600,-105437000,5.67(0.53 %),300,1683000,18900,107120000,218126405,0.47
26/06/2024,46000,258968000,5.66(-0.18 %),46000,258968000,0,0,218080405,0.48
27/06/2024,-157900,-885679000,5.65(-0.18 %),4800,26784000,162700,912463000,218094505,0.47
28/06/2024,-29100,-160594000,5.55(-1.77 %),21200,118198000,50300,278792000,218073305,0.48
04/07/2024,157100,879686000,5.69(0.71 %),174400,977204000,17300,97518000,217837705,0.0
05/07/2024,108900,609745000,5.74(0.88 %),278700,1578060000,169800,968315000,217728805,0.0
08/07/2024,-240000,-1362307000,5.69(-0.87 %),100,566000,240100,1362873000,217968805,0.0
09/07/2024,-221600,-1253986000,5.65(-0.70 %),300,1692000,221900,1255678000,218190405,0.0
10/07/2024,-85900,-481825000,5.63(-0.35 %),100,560000,86000,482385000,218276305,0.0
11/07/2024,462200,2613666000,5.67(0.71 %),478300,2704434000,16100,90768000,217814105,0.0
12/07/2024,347600,1956177000,5.61(-1.06 %),351800,1979823000,4200,23646000,217466505,0.0
15/07/2024,746200,4316692000,5.85(4.28 %),969500,5614030000,223300,1297338000,216720305,0.0
16/07/2024,-282600,-1638380000,5.79(-1.03 %),32200,186780000,314800,1825160000,217002905,0.0
17/07/2024,-523800,-2959144000,5.63(-2.76 %),16600,89806000,540400,3048950000,217526705,0.0
18/07/2024,-763800,-4224107000,5.67(0.71 %),16300,88884000,780100,4312991000,218290505,0.0
19/07/2024,-154300,-868967000,5.59(-1.41 %),58000,321920000,212300,1190887000,218444805,0.0
22/07/2024,700,5273000,5.49(-1.79 %),74300,404937000,73600,399664000,218444105,0.0
23/07/2024,-11000,-61030000,5.4(-1.64 %),6700,36061000,17700,97091000,218455105,0.0
24/07/2024,5300,25446000,5.42(0.37 %),63400,334911000,58100,309465000,218449805,0.0
25/07/2024,24300,127607000,5.38(-0.74 %),67700,360139000,43400,232532000,218425505,0.0
26/07/2024,106300,564221000,5.38(0.00 %),150200,801139000,43900,236918000,218319205,0.0
29/07/2024,160600,859978000,5.38(0.00 %),164300,879874000,3700,19896000,218158605,0.0
30/07/2024,160600,859978000,5.35(-0.56 %),164300,879874000,3700,19896000,217998005,0.0
31/07/2024,-194400,-1039128000,5.35(0.00 %),0,0,194400,1039128000,218192405,0.0
01/08/2024,-163900,-869957000,5.17(-3.36 %),0,0,163900,869957000,218001804,0.0
02/08/2024,-78200,-400421000,5.5(6.38 %),0,0,78200,400421000,218080004,0.0
05/08/2024,100,377000,5.12(-6.91 %),1100,5717000,1000,5340000,218079904,0.0
06/08/2024,100,512000,5.25(2.54 %),100,512000,0,0,218079804,0.0
07/08/2024,400,2091000,5.25(0.00 %),400,2091000,0,0,218079404,0.0
08/08/2024,58200,301271000,5.24(-0.19 %),58200,301271000,0,0,218021204,0.0
09/08/2024,0,0,5.23(-0.19 %),0,0,0,0,218021204,0.0
12/08/2024,557000,2894529000,5.18(-0.96 %),557000,2894529000,0,0,217464204,0.0
13/08/2024,105700,548790000,5.25(1.35 %),124200,645008000,18500,96218000,217358504,0.0
14/08/2024,27900,142287000,5.25(0.00 %),70600,366847000,42700,224560000,217330604,0.0
15/08/2024,-162800,-848208000,5.2(-0.95 %),47100,242685000,209900,1090893000,217493404,0.0
16/08/2024,155900,818115000,5.37(3.27 %),446600,2355354000,290700,1537239000,217337504,0.0
19/08/2024,206500,1112350000,5.4(0.56 %),245500,1324219000,39000,211869000,217131004,0.0
20/08/2024,378300,2037830000,5.49(1.67 %),405500,2186133000,27200,148303000,216752704,0.0
21/08/2024,-5400,-31876000,5.47(-0.36 %),93500,506899000,98900,538775000,216758104,0.0
22/08/2024,-224600,-1218746000,5.42(-0.91 %),14100,76281000,238700,1295027000,216982704,0.0
23/08/2024,-315800,-1700047000,5.42(0.00 %),14000,74928000,329800,1774975000,217298504,0.0
26/08/2024,768100,4176418000,5.49(1.29 %),770400,4188901000,2300,12483000,216530404,0.0
27/08/2024,-112600,-614143000,5.48(-0.18 %),24600,133384000,137200,747527000,216643004,0.0
28/08/2024,-234300,-1268967000,5.44(-0.73 %),59200,319680000,293500,1588647000,216877304,0.0
29/08/2024,-407100,-2190805000,5.37(-1.29 %),0,0,407100,2190805000,217284404,0.0
30/08/2024,-140700,-754088000,5.37(0.00 %),0,0,140700,754088000,217425104,0.0
04/09/2024,-186500,-983105000,5.31(-1.12 %),0,0,186500,983105000,217317504,0.0
05/09/2024,16500,87882000,5.32(0.19 %),61200,325205000,44700,237323000,217301004,0.0
06/09/2024,-30700,-162605000,5.3(-0.38 %),23600,124022000,54300,286627000,217331704,0.0
09/09/2024,136800,718964000,5.28(-0.38 %),138200,726365000,1400,7401000,217194904,0.0
10/09/2024,-105900,-555955000,5.25(-0.57 %),15700,82896000,121600,638851000,217300804,0.0
11/09/2024,-69500,-364297000,5.23(-0.38 %),123100,636358000,192600,1000655000,217370304,0.0
12/09/2024,230200,1191181000,5.23(0.00 %),312800,1623675000,82600,432494000,217140104,0.0
13/09/2024,122100,633302000,5.23(0.00 %),142700,740970000,20600,107668000,217018004,0.0
16/09/2024,75000,393517000,5.26(0.57 %),104100,547625000,29100,154108000,216943004,0.0
17/09/2024,-350900,-1847812000,5.3(0.76 %),26400,137948000,377300,1985760000,217293904,0.0
18/09/2024,414300,2192831000,5.29(-0.19 %),462800,2449908000,48500,257077000,216879604,0.0
19/09/2024,664400,3533399000,5.38(1.70 %),664400,3533399000,0,0,216215204,0.0
20/09/2024,-115800,-627081000,5.38(0.00 %),0,0,115800,627081000,216331004,0.0
23/09/2024,-352200,-1877852000,5.34(-0.74 %),0,0,352200,1877852000,216683204,0.0
24/09/2024,-318300,-1687607000,5.3(-0.75 %),14600,77088000,332900,1764695000,217001504,0.0
25/09/2024,40900,209430000,5.3(0.00 %),265200,1401587000,224300,1192157000,216960604,0.0
26/09/2024,-175400,-949244000,5.37(1.32 %),202900,1079177000,378300,2028421000,217136004,0.0
27/09/2024,178200,951452000,5.36(-0.19 %),196600,1050773000,18400,99321000,216957804,0.0
30/09/2024,68300,362349000,5.3(-1.12 %),98900,525321000,30600,162972000,216889504,0.0
01/10/2024,469600,2492282000,5.35(0.94 %),533100,2830862000,63500,338580000,217574804,0.0
02/10/2024,-70800,-373454000,5.29(-1.12 %),33600,178080000,104400,551534000,217645604,0.0
03/10/2024,-637600,-3329485000,5.22(-1.32 %),0,0,637600,3329485000,218283204,0.0
04/10/2024,-530500,-2746768000,5.19(-0.57 %),0,0,530500,2746768000,218813704,0.0
07/10/2024,-51900,-269660000,5.18(-0.19 %),0,0,51900,269660000,218865604,0.0
08/10/2024,-2100,-10920000,5.19(0.19 %),0,0,2100,10920000,218867704,0.0
09/10/2024,130800,675172000,5.19(0.00 %),130800,675172000,0,0,218736904,0.0
10/10/2024,0,0,5.19(0.00 %),0,0,0,0,218736904,0.0
11/10/2024,45300,234553000,5.19(0.00 %),45300,234553000,0,0,218691604,0.0
14/10/2024,-48500,-251194000,5.19(0.00 %),0,0,48500,251194000,218740104,0.0
15/10/2024,-48400,-252590000,5.27(1.54 %),1900,9917000,50300,262507000,218788504,0.0
16/10/2024,-35100,-186724000,5.29(0.38 %),28800,151248000,63900,337972000,218823604,0.0
17/10/2024,473600,2504679000,5.35(1.13 %),478600,2531261000,5000,26582000,218350004,0.0
18/10/2024,636400,3395208000,5.36(0.19 %),636400,3395208000,0,0,217713604,0.0
21/10/2024,146700,780949000,5.32(-0.75 %),146700,780949000,0,0,217566904,0.0
22/10/2024,89000,469709000,5.26(-1.13 %),105800,558638000,16800,88929000,217477904,0.0
23/10/2024,192200,1011552000,5.33(1.33 %),226500,1192304000,34300,180752000,217285704,0.0
24/10/2024,4900,21106000,5.25(-1.50 %),134400,705441000,129500,684335000,217280804,0.0
25/10/2024,-154800,-810045000,5.24(-0.19 %),0,0,154800,810045000,217435604,0.0
28/10/2024,91700,478736000,5.24(0.00 %),103600,541092000,11900,62356000,217343904,0.0
29/10/2024,345600,1816392000,5.27(0.57 %),345800,1817442000,200,1050000,216998304,0.0
30/10/2024,83000,433662000,5.25(-0.38 %),109700,574530000,26700,140868000,216915304,0.0
31/10/2024,144500,751008000,5.27(0.38 %),171500,892758000,27000,141750000,216770804,0.0
01/11/2024,366900,1915293000,5.27(0.00 %),409700,2140059000,42800,224766000,216296504,0.0
04/11/2024,322800,1688448000,5.26(-0.19 %),328000,1715783000,5200,27335000,215973704,0.0
05/11/2024,230300,1207865000,5.25(-0.19 %),236200,1238977000,5900,31112000,215743404,0.0
06/11/2024,201400,1060190000,5.3(0.95 %),206700,1088121000,5300,27931000,215542004,0.0
07/11/2024,75400,398382000,5.37(1.32 %),192800,1024788000,117400,626406000,215466604,0.0
08/11/2024,-277200,-1485028000,5.35(-0.37 %),28700,151541000,305900,1636569000,215743804,0.0
11/11/2024,-187300,-994268000,5.32(-0.56 %),93600,490366000,280900,1484634000,215931104,0.0
12/11/2024,-326000,-1718738000,5.27(-0.94 %),100,526000,326100,1719264000,213858404,1.42
13/11/2024,-561600,-2916556000,5.26(-0.19 %),300,1554000,561900,2918110000,216818704,0.0
14/11/2024,-355800,-1877064000,5.26(0.00 %),0,0,355800,1877064000,217174504,0.0
15/11/2024,-293100,-1520514000,5.22(-0.76 %),6500,33475000,299600,1553989000,217467604,0.0
18/11/2024,-231100,-1199095000,5.22(0.00 %),150200,771401000,381300,1970496000,217698704,0.0
19/11/2024,-180800,-943908000,5.19(-0.57 %),121600,623615000,302400,1567523000,217879504,0.0
20/11/2024,31500,147524000,5.18(-0.19 %),323700,1666568000,292200,1519044000,217848004,0.0
21/11/2024,-20700,-113946000,5.24(1.16 %),142300,734761000,163000,848707000,217868704,0.0
22/11/2024,274100,1453495000,5.28(0.76 %),436800,2304523000,162700,851028000,217594604,0.0
25/11/2024,586500,3123743000,5.37(1.70 %),1089200,5809529000,502700,2685786000,216029504,0.93
26/11/2024,2072100,11540857000,5.73(6.70 %),2587300,14458612000,515200,2917755000,213604904,1.47
27/11/2024,108500,599499000,5.79(1.05 %),433100,2480001000,324600,1880502000,213674504,1.46
28/11/2024,303400,1739125000,5.74(-0.86 %),339800,1949317000,36400,210192000,213849904,1.42
29/11/2024,148100,817295000,5.78(0.70 %),351000,1972601000,202900,1155306000,213823504,1.42
02/12/2024,11700,63795000,5.84(1.04 %),160100,930659000,148400,866864000,213699804,1.45
03/12/2024,219300,1237722000,5.75(-1.54 %),548500,3157325000,329200,1919603000,213354204,1.53
04/12/2024,-78100,-463519000,5.6(-2.61 %),236800,1338777000,314900,1802296000,213265714,1.55
05/12/2024,64500,355175000,5.77(3.04 %),618700,3524988000,554200,3169813000,212976214,1.61
09/12/2024,-4800,-24992000,5.9(2.97 %),285900,1658048000,290700,1683040000,213534914,1.49
10/12/2024,-534900,-3151106000,5.89(-0.17 %),79100,459632000,614000,3610738000,213765204,1.44
16/12/2024,-397100,-2229492000,5.57(-1.94 %),100,563000,397200,2230055000,214926504,1.18
17/12/2024,-620300,-3404663000,5.41(-2.87 %),60400,328672000,680700,3733335000,215480604,1.06
18/12/2024,-348000,-1916807000,5.55(2.59 %),475600,2573282000,823600,4490089000,215402204,1.07
19/12/2024,-1256900,-6936275000,5.59(0.72 %),283600,1542388000,1540500,8478663000,215799294,0.98
20/12/2024,-171400,-976951000,5.63(0.72 %),332300,1833339000,503700,2810290000,216290594,0.88
24/12/2024,0,0,5.55(-0.72 %),0,0,0,0,217828194,0.53
25/12/2024,918700,5125323000,5.62(1.26 %),1241700,6954033000,323000,1828710000,217061494,0.7
26/12/2024,574700,3238958000,5.68(1.07 %),607700,3425987000,33000,187029000,216737594,0.78
27/12/2024,298400,1696110000,5.69(0.18 %),302900,1721760000,4500,25650000,216757694,0.77
30/12/2024,-150400,-836994000,5.55(-2.46 %),48100,271725000,198500,1108719000,216742594,0.77
31/12/2024,-359500,-1991778000,5.55(0.00 %),1100,6073000,360600,1997851000,216745994,0.77
02/01/2025,-25900,-142161000,5.57(0.36 %),96700,534613000,122600,676774000,216847794,0.75
03/01/2025,-70200,-385671000,5.49(-1.44 %),100,555000,70300,386226000,217208294,0.67
06/01/2025,-909100,-4894955000,5.3(-3.46 %),400,2151000,909500,4897106000,217330494,0.64
07/01/2025,-325100,-1723443000,5.28(-0.38 %),0,0,325100,1723443000,217330494,0.64
08/01/2025,-1300,-7957000,5.32(0.76 %),120200,631173000,121500,639130000,218190094,0.45
09/01/2025,-166100,-877530000,5.29(-0.56 %),0,0,166100,877530000,218515194,0.38
10/01/2025,-86900,-454514000,5.2(-1.70 %),100,526000,87000,455040000,218636594,0.35
13/01/2025,-118000,-608563000,5.25(0.96 %),77000,397303000,195000,1005866000,218725674,0.33
14/01/2025,-13600,-70884000,5.22(-0.57 %),100,519000,13700,71403000,218812574,0.31
15/01/2025,-53900,-281692000,5.23(0.19 %),15500,80500000,69400,362192000,218992074,0.27
16/01/2025,-160100,-849207000,5.29(1.15 %),24600,129801000,184700,979008000,219152174,0.0
17/01/2025,-99800,-529249000,5.32(0.57 %),108900,577151000,208700,1106400000,218941674,0.29
20/01/2025,111300,591540000,5.31(-0.19 %),111300,591540000,0,0,219015074,0.27
21/01/2025,22000,114612000,5.23(-1.51 %),23100,120420000,1100,5808000,219200674,0.23
22/01/2025,-138400,-727094000,5.25(0.38 %),9400,48786000,147800,775880000,219191274,0.23
23/01/2025,10100,48060000,5.29(0.76 %),121900,639027000,111800,590967000,219070474,0.26
24/01/2025,136700,718464000,5.31(0.38 %),159800,840495000,23100,122031000,219058474,0.26
03/02/2025,-4400,-23349000,0(0.00 %),5000,26248000,9400,49597000,219165274,0.24
04/02/2025,308900,1625416000,5.35(0.56 %),432800,2282174000,123900,656758000,218755574,0.33
05/02/2025,-20700,-115776000,5.4(0.93 %),115900,621414000,136600,737190000,218649074,0.35
06/02/2025,43100,230078000,5.39(-0.19 %),71200,380732000,28100,150654000,218701774,0.34
07/02/2025,-243000,-1309176000,5.39(0.00 %),137000,730119000,380000,2039295000,218701374,0.34
10/02/2025,-111100,-596119000,5.33(-1.11 %),44500,236450000,155600,832569000,218684974,0.34
11/02/2025,-66600,-352743000,5.3(-0.56 %),0,0,66600,352743000,219064974,0.26
12/02/2025,-10400,-56132000,5.31(0.19 %),129300,683567000,139700,739699000,219091274,0.25
13/02/2025,-36500,-193803000,5.3(-0.19 %),9900,51975000,46400,245778000,219147974,0.24
14/02/2025,159500,844279000,5.33(0.57 %),159500,844279000,0,0,219128174,0.24
17/02/2025,1035100,5519777000,5.35(0.38 %),1041500,5554017000,6400,34240000,218133074,0.47
18/02/2025,204200,1094918000,5.34(-0.19 %),205200,1100268000,1000,5350000,217927874,0.51
19/02/2025,1285000,7100861000,5.69(6.55 %),1443700,7971542000,158700,870681000,216490574,0.83
20/02/2025,-74400,-464889000,5.68(-0.18 %),783500,4403644000,857900,4868533000,215708074,1.0
21/02/2025,-182600,-1001092000,5.57(-1.94 %),192900,1075222000,375500,2076314000,215673864,1.01
24/02/2025,-473200,-2611047000,5.54(-0.54 %),0,0,473200,2611047000,216531764,0.82
25/02/2025,-169800,-965190000,5.58(0.72 %),382700,2115416000,552500,3080606000,216524564,0.82
26/02/2025,-284200,-1570773000,5.54(-0.72 %),31400,173367000,315600,1744140000,216966364,0.72
27/02/2025,-138300,-775020000,5.6(1.08 %),309300,1719884000,447600,2494904000,217209564,0.67
28/02/2025,-62400,-349712000,5.56(-0.71 %),22600,125522000,85000,475234000,217502564,0.61
03/03/2025,-255800,-1410023000,5.49(-1.26 %),25900,142033000,281700,1552056000,217924264,0.51
04/03/2025,-490800,-2676835000,5.46(-0.55 %),384400,2066783000,875200,4743618000,217624864,0.58
05/03/2025,42100,230825000,5.42(-0.73 %),45400,249028000,3300,18203000,217861164,0.53
06/03/2025,14800,78289000,5.43(0.18 %),40700,218918000,25900,140629000,218695664,0.34
07/03/2025,168500,910447000,5.51(1.47 %),553000,3011345000,384500,2100898000,218145964,0.46
10/03/2025,74800,414199000,5.54(0.54 %),102300,567639000,27500,153440000,218069564,0.48
11/03/2025,-34500,-188210000,5.5(-0.72 %),7200,39240000,41700,227450000,218069564,0.48
12/03/2025,931200,5290635000,5.7(3.64 %),1463400,8251337000,532200,2960702000,217010964,0.71
13/03/2025,1105100,6651979000,5.92(3.86 %),1208200,7250702000,103100,598723000,215844464,0.97
14/03/2025,234800,1383720000,6.01(1.52 %),235100,1385514000,300,1794000,216141564,0.91
17/03/2025,-1161300,-6932911000,5.93(-1.33 %),188100,1100048000,1349400,8032959000,216056564,0.93
18/03/2025,-799800,-4757253000,5.77(-2.70 %),158200,922113000,958000,5679366000,215898650,0.96
19/03/2025,-113000,-650824000,5.7(-1.21 %),120100,675308000,233100,1326132000,217127950,0.69
20/03/2025,-9500,-62683000,5.68(-0.35 %),123100,692617000,132600,755300000,217962850,0.5
21/03/2025,-47100,-280790000,5.77(1.58 %),178500,1023109000,225600,1303899000,218017494,0.49
24/03/2025,38200,214847000,5.75(-0.35 %),132300,754693000,94100,539846000,218017794,0.49
25/03/2025,955800,5492053000,5.81(1.04 %),995700,5723475000,39900,231422000,217247694,0.66
26/03/2025,-62300,-356906000,5.77(-0.69 %),56300,326550000,118600,683456000,217285494,0.65
27/03/2025,-128900,-733920000,5.61(-2.77 %),21400,121491000,150300,855411000,217303994,0.65
28/03/2025,-258700,-1436366000,5.55(-1.07 %),67400,372698000,326100,1809064000,217355194,0.64
31/03/2025,-236000,-1294814000,5.47(-1.44 %),7300,39931000,243300,1334745000,217498194,0.61
01/04/2025,-155000,-854735000,5.55(1.46 %),45100,248096000,200100,1102831000,217779194,0.54
02/04/2025,189700,1048700000,5.59(0.72 %),265600,1472161000,75900,423461000,217756894,0.55
03/04/2025,-110600,-584518000,5.2(-6.98 %),100,535000,110700,585053000,217956894,0.5
04/04/2025,-231600,-1171182000,5.2(0.00 %),274700,1342873000,506300,2514055000,217758094,0.55
08/04/2025,-295300,-1463966000,4.9(-5.77 %),61600,299335000,356900,1763301000,217807194,0.54
09/04/2025,776900,3681548000,4.92(0.41 %),818300,3883486000,41400,201938000,217495194,0.61
10/04/2025,-41700,-218891000,5.26(6.91 %),5000,26300000,46700,245191000,217847094,0.53
11/04/2025,50900,254148000,5.49(4.37 %),348300,1811583000,297400,1557435000,217540194,0.6
14/04/2025,-537000,-2875296000,5.4(-1.64 %),68500,363697000,605500,3238993000,217518394,0.6
15/04/2025,111200,568496000,5.28(-2.22 %),315200,1654243000,204000,1085747000,217500594,0.61
16/04/2025,-36600,-189625000,5.19(-1.70 %),71900,374341000,108500,563966000,218034194,0.49
17/04/2025,51800,264669000,5.2(0.19 %),163800,840267000,112000,575598000,218074394,0.48
18/04/2025,553800,2872967000,5.29(1.73 %),959300,5027974000,405500,2155007000,217223594,0.67
21/04/2025,-65100,-345251000,5.25(-0.76 %),102200,531894000,167300,877145000,217233394,0.67
22/04/2025,45200,213439000,5.15(-1.90 %),248600,1249194000,203400,1035755000,217390294,0.63
23/04/2025,-745600,-3860784000,5.24(1.75 %),32500,168358000,778100,4029142000,217525094,0.6
24/04/2025,295500,1532288000,5.22(-0.38 %),369700,1920447000,74200,388159000,217358794,0.64
25/04/2025,34900,178934000,5.2(-0.38 %),95600,495603000,60700,316669000,218041294,0.49
28/04/2025,312200,1611438000,5.2(0.00 %),312200,1611438000,0,0,217803294,0.54
29/04/2025,82600,426094000,5.19(-0.19 %),100900,521577000,18300,95483000,217763094,0.55
05/05/2025,283500,1465056000,5.22(0.58 %),283500,1469216000,0,4160000,217480394,0.61
06/05/2025,1042100,5457523000,5.35(2.49 %),1142800,5993908000,100700,536385000,216456594,0.84
07/05/2025,-107700,-570445000,5.37(0.37 %),35300,186082000,143000,756527000,216456594,0.84
08/05/2025,-472400,-2536073000,5.37(0.00 %),134400,716650000,606800,3252723000,216456594,0.84
09/05/2025,726300,3901249000,5.37(0.00 %),744000,3996641000,17700,95392000,215837994,0.98
12/05/2025,-51100,-272709000,5.36(-0.19 %),0,0,51100,272709000,216310394,0.87
13/05/2025,-411800,-2195535000,5.32(-0.75 %),13000,68778000,424800,2264313000,216310394,0.87
14/05/2025,814500,4322580000,5.35(0.56 %),854900,4537444000,40400,214864000,215546994,1.04
15/05/2025,378700,2006331000,5.33(-0.37 %),378700,2008459000,0,2128000,215580494,1.03
16/05/2025,1005200,4995936000,5.45(2.25 %),1005200,5377260000,0,381324000,214645694,1.24
19/05/2025,126800,-158346890,5.4(-0.92 %),126800,679516000,0,837862890,214645694,1.24
20/05/2025,343400,-130219000,5.43(0.56 %),343400,1851252000,0,1981471000,214645694,1.24
21/05/2025,20500,-4117957000,5.39(-0.74 %),20500,109653000,0,4227610000,214674226,1.23
22/05/2025,0,-490229000,5.29(-1.86 %),0,0,0,490229000,214696926,1.23
23/05/2025,-410400,-2157009000,5.26(-0.57 %),0,0,410400,2157009000,215460726,1.06
26/05/2025,1057300,-48407000,5.44(3.42 %),1057300,5565228000,0,5613635000,215548326,1.04
27/05/2025,-803700,-4499999000,5.62(3.31 %),670600,3674363000,1474300,8174362000,215958726,0.95
28/05/2025,483300,1525333000,5.48(-2.49 %),483300,2667292000,0,1141959000,215681826,1.01
29/05/2025,149100,-295841000,5.46(-0.36 %),149100,808260000,0,1104101000,216485526,0.83
30/05/2025,232200,596695000,5.43(-0.55 %),232200,1250600000,0,653905000,216373926,0.86
02/06/2025,3188700,13736810000,5.8(6.81 %),3188700,17780182000,0,4043372000,213955726,1.39
03/06/2025,993800,478215000,5.8(0.00 %),993800,5692227000,0,5214012000,213862826,1.42
04/06/2025,754600,724771000,5.86(1.03 %),754600,4360852000,0,3636081000,213728626,1.45
05/06/2025,186400,-2468962000,5.71(-2.56 %),186400,1064436000,0,3533398000,213728626,1.45
06/06/2025,789600,-2239005000,5.78(1.23 %),789600,4531889000,0,6770894000,213728626,1.45
09/06/2025,595900,660406000,5.82(0.69 %),595900,3501411000,0,2841005000,214039026,1.38
10/06/2025,104500,-998578000,5.72(-1.72 %),104500,598781000,0,1597359000,214420126,1.29
11/06/2025,-155100,-901976000,5.73(0.17 %),178600,1020258000,333700,1922234000,214420126,1.29
12/06/2025,653300,3798572000,5.91(3.14 %),1292500,7526118000,639200,3727546000,213937326,1.4
13/06/2025,-90300,-574784000,6.04(2.20 %),752800,4435280000,843100,5010064000,214092426,1.36
16/06/2025,-1572700,-9770355000,6.45(6.79 %),737900,4520361000,2310600,14290716000,214092426,1.36
17/06/2025,-102600,-732586000,6.59(2.17 %),1024300,6613493000,1126900,7346079000,214182726,1.34
18/06/2025,-128400,-851963000,6.45(-2.12 %),317100,2032209000,445500,2884172000,215755426,0.99
19/06/2025,527200,3252067000,6.54(1.40 %),1561300,9904869000,1034100,6652802000,215330826,1.09
20/06/2025,-579800,-3823764000,6.46(-1.22 %),259100,1663193000,838900,5486957000,215459226,1.06
23/06/2025,-296700,-1883183000,6.33(-2.01 %),532200,3320816000,828900,5203999000,215459226,1.06
24/06/2025,-579200,-3685827000,6.38(0.79 %),82800,524188000,662000,4210015000,216039026,0.93
25/06/2025,566100,3635958000,6.49(1.72 %),1069900,6895183000,503800,3259225000,215769626,0.99
26/06/2025,-304100,-1951326000,6.41(-1.23 %),5800,37148000,309900,1988474000,216348826,0.86
27/06/2025,274500,1742482000,6.41(0.00 %),435700,2776872000,161200,1034390000,216074326,0.92
30/06/2025,-489300,-3137567000,6.35(-0.94 %),215400,1367889000,704700,4505456000,216378426,0.86
01/07/2025,-830400,-5215992000,6.25(-1.57 %),337600,2088760000,1168000,7304752000,216378426,0.86
02/07/2025,1047800,6538892000,6.39(2.24 %),1230600,7686972000,182800,1148080000,215819926,0.98
03/07/2025,95900,606424000,6.35(-0.63 %),451300,2880130000,355400,2273706000,216554426,0.82
04/07/2025,1901300,12107884000,6.6(3.94 %),2118500,13503331000,217200,1395447000,214653126,1.24
07/07/2025,19400,98866000,6.79(2.88 %),1138600,7527112000,1119200,7428246000,214633726,1.24
08/07/2025,-692900,-4596545000,6.6(-2.80 %),130000,872620000,822900,5469165000,214633726,1.24
09/07/2025,442700,2811802000,6.8(3.03 %),1599400,10632395000,1156700,7820593000,214191026,1.34
10/07/2025,-43800,-323587000,6.79(-0.15 %),356000,2386900000,399800,2710487000,214191026,1.34
11/07/2025,37500,221132000,6.71(-1.18 %),579500,3903987000,542000,3682855000,214846426,1.2
14/07/2025,-2253700,-14706157000,6.55(-2.38 %),444600,2830882000,2698300,17537039000,214890226,1.19
15/07/2025,-142900,-970671000,6.58(0.46 %),653600,4296822000,796500,5267493000,214890226,1.19
16/07/2025,3375400,22308190000,6.68(1.52 %),3608600,23866195000,233200,1558005000,213768526,1.44
17/07/2025,757500,5135421000,6.92(3.59 %),1471300,10022987000,713800,4887566000,213768526,1.44
18/07/2025,-329900,-2309381000,6.99(1.01 %),261300,1807462000,591200,4116843000,213153926,1.57
21/07/2025,-1826200,-12450537000,6.68(-4.43 %),133500,895785000,1959700,13346322000,213153926,1.57
22/07/2025,268700,1727251000,6.82(2.10 %),797900,5269193000,529200,3541942000,213215126,1.56
23/07/2025,-572400,-3881361000,6.8(-0.29 %),206500,1396185000,778900,5277546000,215041326,1.15
24/07/2025,1703700,11635374000,6.86(0.88 %),1857000,12673626000,153300,1038252000,213337626,1.53
25/07/2025,571200,3937382000,6.9(0.58 %),752800,5185829000,181600,1248447000,213338826,1.53
28/07/2025,329000,2255401000,7.09(2.75 %),736000,5123306000,407000,2867905000,213009826,1.6
29/07/2025,-2453300,-16867472000,6.6(-6.91 %),602900,4139934000,3056200,21007406000,213009826,1.6
30/07/2025,-1145300,-7582049000,6.75(2.27 %),618600,3988101000,1763900,11570150000,213009826,1.6
31/07/2025,-685000,-4561597000,6.7(-0.74 %),120500,792178000,805500,5353775000,215463126,1.06
01/08/2025,677700,4460955000,6.71(0.15 %),888400,5865222000,210700,1404267000,215930726,0.96
04/08/2025,1461200,9768279000,6.8(1.34 %),1688000,11295288000,226800,1527009000,215154545,1.13
05/08/2025,118600,748195000,6.8(0.00 %),1014800,6836884000,896200,6088689000,215035945,1.15
06/08/2025,-247000,-1672388000,6.77(-0.44 %),153000,1030642000,400000,2703030000,215035945,1.15
07/08/2025,2575400,17441453000,6.97(2.95 %),3129600,21239044000,554200,3797591000,212460545,1.73
08/08/2025,-1102700,-7692168000,7.03(0.86 %),446300,3092371000,1549000,10784539000,212707545,1.67
11/08/2025,-245200,-1871154000,7.38(4.98 %),1201300,8607694000,1446500,10478848000,212707545,1.67
12/08/2025,-1743000,-12597901000,7.32(-0.81 %),1275100,9115388000,3018100,21713289000,213810245,1.43
13/08/2025,560500,3983741000,7.34(0.27 %),1302500,9384941000,742000,5401200000,213494906,1.5
14/08/2025,-629200,-4611945000,7.3(-0.54 %),446000,3240627000,1075200,7852572000,215237920,1.11
15/08/2025,-60700,-516532000,7.15(-2.05 %),1367500,9729310000,1428200,10245842000,215237920,1.11
18/08/2025,-15100,-76480000,7.09(-0.84 %),1240500,8651490000,1255600,8727970000,215867120,0.97
19/08/2025,1477800,10511058000,7.23(1.97 %),1965300,13981590000,487500,3470532000,214450020,1.28
20/08/2025,-181500,-1329346000,7.06(-2.35 %),1078100,7498808000,1259600,8828154000,214465120,1.28
21/08/2025,-1269600,-8835360000,6.97(-1.27 %),78800,546552000,1348400,9381912000,214465120,1.28
22/08/2025,-1329800,-8979693000,6.8(-2.44 %),437200,2936986000,1767000,11916679000,214465120,1.28
25/08/2025,-304600,-2034855000,6.7(-1.47 %),337200,2247867000,641800,4282722000,214646620,1.24
