Ngay,KLGDRong,GTDGRong,ThayDoi,KLMua,GtMua,KLBan,GtBan,RoomConLai,DangSoHuu
13/12/2005,770,46200,0(0.00 %),770,46200,0,0,0,0.0
14/12/2005,840,51600,0(0.00 %),840,51600,0,0,0,0.0
15/12/2005,1930,115800,0(0.00 %),1930,115800,0,0,0,0.0
16/12/2005,300,17700,0(0.00 %),300,17700,0,0,0,0.0
19/12/2005,9000,531000,0(0.00 %),9000,531000,0,0,0,0.0
22/12/2005,5000,275000,0(0.00 %),5000,275000,0,0,0,0.0
26/12/2005,300,16350,0(0.00 %),300,16350,0,0,0,0.0
27/12/2005,6600,359000,0(0.00 %),6600,359000,0,0,0,0.0
28/12/2005,11000,583000,0(0.00 %),11000,583000,0,0,0,0.0
29/12/2005,18900,1011600,0(0.00 %),18900,1011600,0,0,0,0.0
30/12/2005,19800,1089000,0(0.00 %),19800,1089000,0,0,0,0.0
04/01/2006,100,5300,0(0.00 %),100,5300,0,0,0,0.0
05/01/2006,3000,160500,0(0.00 %),3000,160500,0,0,0,0.0
06/01/2006,500,26750,0(0.00 %),500,26750,0,0,0,0.0
12/01/2006,200000,10700000,0(0.00 %),200000,10700000,0,0,0,0.0
13/01/2006,5000,265000,0(0.00 %),5000,265000,0,0,0,0.0
19/01/2006,-2000,-106000,0(0.00 %),0,0,2000,106000,0,0.0
20/01/2006,50,2675,0(0.00 %),50,2675,0,0,0,0.0
24/01/2006,200,10600,0(0.00 %),200,10600,0,0,0,0.0
25/01/2006,-2000,-108000,0(0.00 %),0,0,2000,108000,0,0.0
06/02/2006,200,10700,0(0.00 %),200,10700,0,0,0,0.0
21/02/2006,500,28250,0(0.00 %),500,28250,0,0,0,0.0
23/02/2006,400,21800,0(0.00 %),400,21800,0,0,0,0.0
27/02/2006,10000,555000,0(0.00 %),10000,555000,0,0,0,0.0
28/02/2006,300,16650,0(0.00 %),300,16650,0,0,0,0.0
03/03/2006,100000,6000000,0(0.00 %),100000,6000000,0,0,0,0.0
07/03/2006,18000,1098000,0(0.00 %),18000,1098000,0,0,0,0.0
08/03/2006,1500,90750,0(0.00 %),1500,90750,0,0,0,0.0
09/03/2006,1500,90000,0(0.00 %),1500,90000,0,0,0,0.0
10/03/2006,-5000,-320000,0(0.00 %),0,0,5000,320000,0,0.0
13/03/2006,-8790,-571350,0(0.00 %),0,0,8790,571350,0,0.0
16/03/2006,14440,1018020,0(0.00 %),14440,1018020,0,0,0,0.0
17/03/2006,-4350,-317550,0(0.00 %),650,47450,5000,365000,0,0.0
20/03/2006,-40810,-3162775,0(0.00 %),0,0,40810,3162775,0,0.0
21/03/2006,-36910,-2989710,0(0.00 %),0,0,36910,2989710,0,0.0
24/03/2006,-2700,-206550,0(0.00 %),300,22950,3000,229500,0,0.0
27/03/2006,-1620,-129600,0(0.00 %),0,0,1620,129600,0,0.0
29/03/2006,-8180,-656490,0(0.00 %),820,68010,9000,724500,0,0.0
30/03/2006,-11130,-904460,0(0.00 %),0,0,11130,904460,0,0.0
03/04/2006,-18000,-1548000,0(0.00 %),0,0,18000,1548000,0,0.0
04/04/2006,2500,222500,0(0.00 %),2500,222500,0,0,0,0.0
07/04/2006,-5000,-440000,0(0.00 %),0,0,5000,440000,0,0.0
10/04/2006,650,58175,0(0.00 %),650,58175,0,0,0,0.0
11/04/2006,9340,803580,0(0.00 %),9340,803580,0,0,0,0.0
12/04/2006,2400,207400,0(0.00 %),2400,207400,0,0,0,0.0
13/04/2006,180,15660,0(0.00 %),180,15660,0,0,0,0.0
18/04/2006,19800,1861200,0(0.00 %),19800,1861200,0,0,0,0.0
20/04/2006,2900,272600,0(0.00 %),2900,272600,0,0,0,0.0
21/04/2006,7200,702000,0(0.00 %),8200,799500,1000,97500,0,0.0
24/04/2006,200,20200,0(0.00 %),200,20200,0,0,0,0.0
25/04/2006,-7870,-802740,0(0.00 %),2330,237660,10200,1040400,0,0.0
26/04/2006,-650,-66300,0(0.00 %),200,20400,850,86700,0,0.0
27/04/2006,200,19600,0(0.00 %),200,19600,0,0,0,0.0
28/04/2006,-9900,-960300,0(0.00 %),0,0,9900,960300,0,0.0
04/05/2006,6050,598850,0(0.00 %),8600,846200,2550,247350,0,0.0
05/05/2006,50,4750,0(0.00 %),50,4750,0,0,0,0.0
08/05/2006,-930,-86025,0(0.00 %),0,0,930,86025,0,0.0
09/05/2006,100000,9000000,0(0.00 %),100000,9000000,0,0,0,0.0
10/05/2006,500,42000,0(0.00 %),500,42000,0,0,0,0.0
11/05/2006,-1570,-131880,0(0.00 %),0,0,1570,131880,0,0.0
15/05/2006,-1300,-125450,0(0.00 %),200,19300,1500,144750,0,0.0
16/05/2006,-400,-38600,0(0.00 %),0,0,400,38600,0,0.0
17/05/2006,-3670,-355990,0(0.00 %),900,87300,4570,443290,0,0.0
18/05/2006,1460,141120,0(0.00 %),1460,141120,0,0,0,0.0
22/05/2006,900,72900,0(0.00 %),900,72900,0,0,0,0.0
24/05/2006,-2000,-160000,0(0.00 %),0,0,2000,160000,0,0.0
25/05/2006,-250,-21250,0(0.00 %),50,4250,300,25500,0,0.0
26/05/2006,5000,415000,0(0.00 %),5000,415000,0,0,0,0.0
30/05/2006,2000,160000,0(0.00 %),2000,160000,0,0,0,0.0
31/05/2006,21980,1862320,0(0.00 %),23980,2014320,2000,152000,0,0.0
01/06/2006,10,840,0(0.00 %),10,840,0,0,0,0.0
02/06/2006,199700,15975700,0(0.00 %),200000,16000000,300,24300,0,0.0
07/06/2006,1000,82000,0(0.00 %),1000,82000,0,0,0,0.0
16/06/2006,10,805,0(0.00 %),10,805,0,0,0,0.0
20/06/2006,2100,166900,0(0.00 %),2100,166900,0,0,0,0.0
21/06/2006,580,44260,0(0.00 %),580,44260,0,0,0,0.0
22/06/2006,1300,103350,0(0.00 %),1300,103350,0,0,0,0.0
23/06/2006,7600,611800,0(0.00 %),7600,611800,0,0,0,0.0
26/06/2006,2300,185150,0(0.00 %),2300,185150,0,0,0,0.0
27/06/2006,1000,79500,80.5(0.00 %),1000,79500,0,0,0,0.0
28/06/2006,4990,399760,80.5(0.00 %),5050,404590,60,4830,0,0.0
29/06/2006,31200,2614050,84(4.35 %),31200,2614050,0,0,0,0.0
30/06/2006,79590,7003920,88(4.76 %),79650,7009200,60,5280,0,0.0
03/07/2006,9600,806400,84(-4.55 %),9600,806400,0,0,0,0.0
04/07/2006,1860,151590,81.5(-2.98 %),1860,151590,0,0,0,0.0
05/07/2006,170,13600,80.5(-1.23 %),170,13600,0,0,0,0.0
07/07/2006,1000,80000,80(0.00 %),1000,80000,0,0,0,0.0
10/07/2006,10060,809830,80.5(0.62 %),10060,809830,0,0,0,0.0
11/07/2006,100,8050,80(-0.62 %),100,8050,0,0,0,0.0
13/07/2006,120,9480,79(-0.63 %),120,9480,0,0,0,0.0
17/07/2006,100,7800,78(-1.27 %),100,7800,0,0,0,0.0
18/07/2006,350,26425,75.5(-3.21 %),350,26425,0,0,0,0.0
27/07/2006,5000,350000,70(2.19 %),5000,350000,0,0,0,0.0
31/07/2006,5830,402270,69(-2.82 %),5830,402270,0,0,0,0.0
01/08/2006,5370,359790,66(-4.35 %),5370,359790,0,0,0,0.0
02/08/2006,550,34650,63(-4.55 %),550,34650,0,0,0,0.0
03/08/2006,2400,157200,65.5(3.97 %),2400,157200,0,0,0,0.0
04/08/2006,100,6850,68.5(4.58 %),100,6850,0,0,0,0.0
07/08/2006,6700,472350,70.5(2.92 %),6700,472350,0,0,0,0.0
08/08/2006,1000,71575,70(-0.71 %),1000,71575,0,0,0,0.0
09/08/2006,1500,105250,70(0.00 %),1500,105250,0,0,0,0.0
10/08/2006,500,35750,70.5(0.71 %),500,35750,0,0,0,0.0
11/08/2006,8240,609760,74(4.96 %),8240,609760,0,0,0,0.0
16/08/2006,400,31600,79(1.94 %),400,31600,0,0,0,0.0
17/08/2006,215700,17296000,80(1.27 %),216000,17320000,300,24000,0,0.0
18/08/2006,700,56000,80(0.00 %),700,56000,0,0,0,0.0
21/08/2006,-250,-20000,80(0.00 %),0,0,250,20000,0,0.0
22/08/2006,410,31980,78(-2.50 %),410,31980,0,0,0,0.0
31/08/2006,200,15900,79(-0.63 %),200,15900,0,0,0,0.0
01/09/2006,50,3950,79.5(0.63 %),50,3950,0,0,0,0.0
05/09/2006,7800,648600,83(4.40 %),8200,680600,400,32000,0,0.0
06/09/2006,800,66400,83(0.00 %),800,66400,0,0,0,0.0
11/09/2006,570,45600,80(0.00 %),570,45600,0,0,0,0.0
12/09/2006,630,50075,79.5(-0.62 %),630,50075,0,0,0,0.0
15/09/2006,45160,3567640,79(0.00 %),50000,3950000,4840,382360,0,0.0
25/09/2006,2050,164005,80(0.00 %),2050,164005,0,0,0,0.0
26/09/2006,4860,394075,82(2.50 %),4860,394075,0,0,0,0.0
27/09/2006,4800,393600,82(0.00 %),4800,393600,0,0,0,0.0
28/09/2006,6800,560750,82(0.00 %),6800,560750,0,0,0,0.0
29/09/2006,40270,3360410,83(1.22 %),40270,3360410,0,0,0,0.0
02/10/2006,2000,167800,84(1.20 %),2000,167800,0,0,0,0.0
03/10/2006,2000,168000,84(0.00 %),2000,168000,0,0,0,0.0
09/10/2006,-90,-7670,84(1.82 %),110,9130,200,16800,0,0.0
10/10/2006,760,62520,82(-2.38 %),760,62520,0,0,0,0.0
13/10/2006,1610,130060,80(-1.23 %),1610,130060,0,0,0,0.0
16/10/2006,-600,-47700,80(0.00 %),0,0,600,47700,0,0.0
17/10/2006,4210,336800,80(0.00 %),10000,800000,5790,463200,0,0.0
20/10/2006,28500,2436000,86(3.61 %),35000,2995000,6500,559000,0,0.0
23/10/2006,3060,266220,87(1.16 %),21060,1814220,18000,1548000,0,0.0
24/10/2006,36000,3134520,87(0.00 %),50000,4352520,14000,1218000,0,0.0
25/10/2006,129290,11262875,87.5(0.57 %),147290,12837875,18000,1575000,0,0.0
26/10/2006,9160,818345,89.5(2.29 %),18160,1620820,9000,802475,0,0.0
27/10/2006,5200,466495,89.5(0.00 %),30010,2694895,24810,2228400,0,0.0
30/10/2006,500,43750,87.5(-2.23 %),500,43750,0,0,0,0.0
31/10/2006,77040,6745520,88(0.57 %),77040,6745520,0,0,0,0.0
01/11/2006,280,24500,88(0.00 %),280,24500,0,0,0,0.0
06/11/2006,-1240,-108380,88(0.57 %),0,0,1240,108380,0,0.0
07/11/2006,300,26200,88(0.00 %),300,26200,0,0,0,0.0
08/11/2006,46290,4175100,90(2.27 %),63000,5679000,16710,1503900,0,0.0
09/11/2006,2640,241635,90(0.00 %),26100,2353285,23460,2111650,0,0.0
10/11/2006,13690,1253385,91.5(1.67 %),38700,3541050,25010,2287665,0,0.0
13/11/2006,5470,503015,92(0.55 %),11900,1092650,6430,589635,0,0.0
14/11/2006,5890,551160,96(4.35 %),13470,1278840,7580,727680,0,0.0
15/11/2006,24180,2322980,96(0.00 %),24530,2357280,350,34300,0,0.0
16/11/2006,100090,9608820,95.5(-0.52 %),100100,9609800,10,980,0,0.0
17/11/2006,-3200,-299480,95(-0.52 %),5800,527800,9000,827280,0,0.0
20/11/2006,151800,15044100,99.5(4.74 %),178810,17731595,27010,2687495,0,0.0
21/11/2006,32360,3362240,103(3.52 %),52710,5478640,20350,2116400,0,0.0
22/11/2006,57590,6219720,108(4.85 %),94240,10177920,36650,3958200,0,0.0
23/11/2006,14640,1662570,110(1.85 %),41740,4697570,27100,3035000,0,0.0
24/11/2006,116950,13359010,113(2.73 %),154950,17729010,38000,4370000,0,0.0
27/11/2006,19100,2197400,108(-4.42 %),19100,2197400,0,0,0,0.0
28/11/2006,-32310,-3327930,103(-4.63 %),0,0,32310,3327930,0,0.0
29/11/2006,26910,2637180,98(-4.85 %),27510,2695980,600,58800,0,0.0
30/11/2006,28980,2957560,102(4.08 %),56380,5750760,27400,2793200,0,0.0
01/12/2006,81970,8607290,105(2.94 %),86530,9090650,4560,483360,0,0.0
04/12/2006,132940,14400460,109(3.81 %),159050,17246450,26110,2845990,0,0.0
05/12/2006,33350,3616100,108(-0.92 %),33350,3616100,0,0,0,0.0
06/12/2006,7670,833310,110(1.85 %),52670,5781800,45000,4948490,0,0.0
07/12/2006,207440,23855600,115(4.55 %),252440,29030600,45000,5175000,0,0.0
08/12/2006,-5580,-669600,120(4.35 %),21420,2570400,27000,3240000,0,0.0
11/12/2006,40880,5150880,126(5.00 %),67880,8552880,27000,3402000,0,0.0
12/12/2006,33980,4485360,132(4.76 %),60980,8049360,27000,3564000,0,0.0
13/12/2006,20230,2727540,138(4.55 %),74230,10179540,54000,7452000,0,0.0
14/12/2006,-990,-142560,144(4.35 %),53010,7633440,54000,7776000,0,0.0
15/12/2006,48910,7385410,151(4.86 %),166210,25097710,117300,17712300,0,0.0
18/12/2006,65050,10277900,158(4.64 %),67390,10647620,2340,369720,0,0.0
19/12/2006,72780,12008700,165(4.43 %),72790,12010350,10,1650,0,0.0
20/12/2006,34640,5992720,173(4.85 %),61980,10722540,27340,4729820,0,0.0
21/12/2006,125200,21659600,173(0.00 %),127410,22041930,2210,382330,0,0.0
22/12/2006,-67250,-11839370,165(-4.62 %),38040,6276600,105290,18115970,0,0.0
25/12/2006,-1140,-178980,157(-4.85 %),41900,6578300,43040,6757280,0,0.0
26/12/2006,-10360,-1554000,150(-4.46 %),32000,4800000,42360,6354000,0,0.0
27/12/2006,-66660,-9532380,143(-4.67 %),100100,14314300,166760,23846680,0,0.0
28/12/2006,-44820,-6072700,136(-4.90 %),30820,4232400,75640,10305100,0,0.0
29/12/2006,2420,343640,142(4.41 %),2420,343640,0,0,0,0.0
01/03/2007,-41810,-9030960000,216(-4.85 %),43000,9288000000,84810,18318960000,0,0.0
02/03/2007,68760,14413940000,210(-2.78 %),119890,25212900000,51130,10798960000,0,0.0
05/03/2007,-15740,-3205200000,220(4.76 %),36200,7721600000,51940,10926800000,0,0.0
06/03/2007,-16960,-3698160000,210(-4.55 %),8760,1909680000,25720,5607840000,0,0.0
07/03/2007,-51260,-10300200000,202(-3.81 %),2900,583600000,54160,10883800000,0,0.0
08/03/2007,-48630,-9869340000,205(1.49 %),11790,2381580000,60420,12250920000,0,0.0
09/03/2007,-980,-80600000,212(3.41 %),49300,10400000000,50280,10480600000,0,0.0
12/03/2007,-5900,-1203600000,204(-3.32 %),29350,5987400000,35250,7191000000,0,0.0
13/03/2007,-50530,-9987270000,197(-3.43 %),25350,5065700000,75880,15052970000,0,0.0
14/03/2007,-64430,-12112840000,188(-4.57 %),27720,5211360000,92150,17324200000,0,0.0
15/03/2007,-33010,-5908790000,179(-4.79 %),30350,5432650000,63360,11341440000,0,0.0
16/03/2007,-53210,-9868510000,187(4.47 %),0,0,53210,9868510000,0,0.0
19/03/2007,-48440,-9494240000,196(4.81 %),0,0,48440,9494240000,0,0.0
20/03/2007,16540,3224740000,196(0.00 %),24280,4741780000,7740,1517040000,0,0.0
21/03/2007,-8350,-1648860000,198(1.02 %),8540,1674980000,16890,3323840000,0,0.0
22/03/2007,4490,882010000,199(0.51 %),4490,882010000,0,0,0,0.0
23/03/2007,47130,9378870000,199(0.00 %),47130,9378870000,0,0,0,0.0
26/03/2007,46050,9120830000,197(-1.01 %),46050,9120830000,0,0,0,0.0
27/03/2007,35950,7081880000,188(-4.57 %),36610,7211900000,660,130020000,0,0.0
28/03/2007,-27620,-4943980000,179(-4.79 %),13380,2395020000,41000,7339000000,0,0.0
29/03/2007,-29000,-5423000000,187(4.47 %),1000,187000000,30000,5610000000,0,0.0
30/03/2007,37850,7418600000,196(4.81 %),64850,12710600000,27000,5292000000,0,0.0
02/04/2007,63860,12580420000,197(0.51 %),63860,12580420000,0,0,0,0.0
03/04/2007,15040,2862030000,192(-2.54 %),15040,2862030000,0,0,0,0.0
04/04/2007,19000,3648000000,192(0.00 %),19800,3801600000,800,153600000,0,0.0
05/04/2007,49420,9798560000,199(3.65 %),49420,9798560000,0,0,0,0.0
06/04/2007,0,0,193(-3.02 %),0,0,0,0,0,0.0
09/04/2007,33540,6700500000,199(3.11 %),33540,6700500000,0,0,0,0.0
10/04/2007,5100,1006980000,195(-2.01 %),5100,1006980000,0,0,0,0.0
11/04/2007,-6360,-1209100000,193(-1.03 %),3850,741850000,10210,1950950000,0,0.0
12/04/2007,12580,2453100000,195(1.04 %),22580,4403100000,10000,1950000000,0,0.0
13/04/2007,51840,10160280000,197(1.03 %),52890,10365030000,1050,204750000,0,0.0
16/04/2007,17400,3410250000,188(-4.57 %),47400,9050250000,30000,5640000000,0,0.0
17/04/2007,-10250,-1849060000,179(-4.79 %),1850,335200000,12100,2184260000,0,0.0
18/04/2007,1390,259930000,187(4.47 %),4190,783530000,2800,523600000,0,0.0
19/04/2007,39160,7662520000,195(4.28 %),42350,8287540000,3190,625020000,0,0.0
20/04/2007,-12520,-2328720000,186(-4.62 %),4900,911400000,17420,3240120000,0,0.0
23/04/2007,-51020,-9030540000,177(-4.84 %),5200,920400000,56220,9950940000,0,0.0
24/04/2007,-22790,-3938230000,173(-2.26 %),4060,699580000,26850,4637810000,0,0.0
25/04/2007,-8850,-1515050000,173(0.00 %),10860,1894780000,19710,3409830000,0,0.0
02/05/2007,36890,6677090000,181(4.62 %),70570,12773170000,33680,6096080000,0,0.0
03/05/2007,36320,5738560000,158(4.64 %),84340,13325720000,48020,7587160000,0,0.0
04/05/2007,59030,9739950000,165(4.43 %),89140,14708100000,30110,4968150000,0,0.0
07/05/2007,41320,7148360000,173(4.85 %),71990,12454270000,30670,5305910000,0,0.0
08/05/2007,70870,12807670000,180(4.05 %),100870,18237670000,30000,5430000000,0,0.0
09/05/2007,89430,16097400000,180(0.00 %),89430,16097400000,0,0,0,0.0
10/05/2007,109370,20183210000,188(4.44 %),110370,20371210000,1000,188000000,0,0.0
11/05/2007,39450,7346200000,186(-1.06 %),40950,7625200000,1500,279000000,0,0.0
14/05/2007,58600,11203160000,195(4.84 %),58600,11203160000,0,0,0,0.0
15/05/2007,92140,18796560000,204(4.62 %),92390,18847560000,250,51000000,0,0.0
16/05/2007,45190,9263950000,205(0.49 %),45530,9333650000,340,69700000,0,0.0
17/05/2007,62200,12432280000,204(-0.49 %),62300,12451780000,100,19500000,0,0.0
18/05/2007,22150,4538600000,205(0.49 %),22260,4561040000,110,22440000,0,0.0
21/05/2007,47640,10132310000,215(4.88 %),47740,10153810000,100,21500000,0,0.0
22/05/2007,20230,4551750000,225(4.65 %),22010,4952250000,1780,400500000,0,0.0
23/05/2007,46710,11023560000,236(4.89 %),48330,11405880000,1620,382320000,0,0.0
24/05/2007,1690,469850000,225(-4.66 %),40150,9123350000,38460,8653500000,0,0.0
25/05/2007,390,82500000,225(0.00 %),20790,4669850000,20400,4587350000,0,0.0
28/05/2007,62630,14091750000,225(0.00 %),66440,14949000000,3810,857250000,0,0.0
29/05/2007,55460,13069690000,236(4.89 %),55460,13069690000,0,0,0,0.0
30/05/2007,10330,2324250000,225(-4.66 %),11310,2544750000,980,220500000,0,0.0
31/05/2007,29910,6986050000,230(2.22 %),31390,7333250000,1480,347200000,0,0.0
01/06/2007,41080,9748840000,235(2.17 %),41080,9748840000,0,0,0,0.0
04/06/2007,22260,5276800000,235(0.00 %),22360,5300600000,100,23800000,0,0.0
05/06/2007,20540,4853550000,235(0.00 %),20550,4856000000,10,2450000,0,0.0
06/06/2007,-22410,-5042250000,225(-4.26 %),2550,573750000,24960,5616000000,0,0.0
07/06/2007,21880,5078780000,235(4.44 %),36460,8457500000,14580,3378720000,0,0.0
08/06/2007,33360,7912520000,235(0.00 %),34090,8086990000,730,174470000,0,0.0
11/06/2007,14640,3482650000,235(0.00 %),25390,5949500000,10750,2466850000,0,0.0
12/06/2007,15990,3727980000,234(-0.43 %),26170,6093570000,10180,2365590000,0,0.0
13/06/2007,23360,5430120000,234(0.00 %),29370,6830610000,6010,1400490000,0,0.0
14/06/2007,31540,7562900000,235(0.43 %),31940,7660900000,400,98000000,0,0.0
15/06/2007,119020,28193220000,236(0.43 %),119020,28193220000,0,0,0,0.0
18/06/2007,19440,4611610000,236(0.00 %),40360,9529370000,20920,4917760000,0,0.0
19/06/2007,49360,11728560000,240(1.69 %),49360,11728560000,0,0,0,0.0
20/06/2007,16530,4020650000,236(-1.67 %),46530,11100650000,30000,7080000000,0,0.0
21/06/2007,360,129260000,235(-0.42 %),26240,6201300000,25880,6072040000,0,0.0
22/06/2007,77920,19025820000,246(4.68 %),83420,20368820000,5500,1343000000,0,0.0
25/06/2007,-470,-108230000,241(-2.03 %),4530,1113280000,5000,1221510000,0,0.0
26/06/2007,4910,1220950000,248(2.90 %),5590,1389590000,680,168640000,0,0.0
27/06/2007,-6720,-1608380000,236(-4.84 %),19830,4699360000,26550,6307740000,0,0.0
28/06/2007,-25920,-5925080000,228(-3.39 %),21500,4912000000,47420,10837080000,0,0.0
29/06/2007,25630,5928760000,236(3.51 %),27500,6364120000,1870,435360000,0,0.0
02/07/2007,3660,843140000,230(-2.54 %),26800,6211300000,23140,5368160000,0,0.0
03/07/2007,8030,1825660000,224(-2.61 %),33260,7515040000,25230,5689380000,0,0.0
04/07/2007,33310,7787230000,233(4.02 %),34780,8128800000,1470,341570000,0,0.0
05/07/2007,31580,7431170000,236(1.29 %),53890,12662190000,22310,5231020000,0,0.0
06/07/2007,-1880,-434210000,234(-0.85 %),46110,10734020000,47990,11168230000,0,0.0
09/07/2007,3000,826640000,240(2.56 %),54550,12728960000,51550,11902320000,0,0.0
10/07/2007,-19910,-4653850000,235(-2.08 %),32080,7563800000,51990,12217650000,0,0.0
11/07/2007,21710,5166980000,238(1.28 %),52480,12490240000,30770,7323260000,0,0.0
12/07/2007,22670,5539170000,244(2.52 %),47850,11568690000,25180,6029520000,0,0.0
13/07/2007,34610,8444840000,244(0.00 %),53320,13010080000,18710,4565240000,0,0.0
16/07/2007,-10750,-2558500000,238(-2.46 %),26450,6295100000,37200,8853600000,0,0.0
17/07/2007,9040,2167640000,240(0.84 %),10140,2429440000,1100,261800000,0,0.0
18/07/2007,-3400,-805320000,236(-1.67 %),6100,1447800000,9500,2253120000,0,0.0
19/07/2007,-4130,-965070000,232(-1.69 %),21100,4907290000,25230,5872360000,0,0.0
20/07/2007,-12560,-2878800000,229(-1.29 %),0,0,12560,2878800000,0,0.0
23/07/2007,22640,5411700000,240(4.80 %),58760,13980500000,36120,8568800000,0,0.0
24/07/2007,19170,4593450000,240(0.00 %),19170,4593450000,0,0,0,0.0
25/07/2007,39910,9578400000,240(0.00 %),40010,9602400000,100,24000000,0,0.0
26/07/2007,14360,3445720000,238(-0.83 %),14360,3445720000,0,0,0,0.0
27/07/2007,-8840,-2024150000,230(-3.36 %),38780,8998700000,47620,11022850000,0,0.0
30/07/2007,-22630,-4964740000,219(-4.78 %),7190,1574610000,29820,6539350000,0,0.0
31/07/2007,15060,3385630000,229(4.57 %),29570,6581890000,14510,3196260000,0,0.0
01/08/2007,-10810,-2398040000,225(-1.75 %),31490,7181460000,42300,9579500000,0,0.0
02/08/2007,17810,4175160000,236(4.89 %),24510,5756360000,6700,1581200000,0,0.0
03/08/2007,6240,1455700000,235(-0.42 %),6240,1455700000,0,0,0,0.0
06/08/2007,2070,486490000,231(-1.70 %),2500,585820000,430,99330000,0,0.0
07/08/2007,49900,11885970000,242(4.76 %),59910,14284280000,10010,2398310000,0,0.0
08/08/2007,115360,28836810000,254(4.96 %),135880,33912990000,20520,5076180000,0,0.0
09/08/2007,20670,5434080000,266(4.72 %),21510,5653080000,840,219000000,0,0.0
10/08/2007,19940,5538280000,277(4.14 %),51910,14340930000,31970,8802650000,0,0.0
13/08/2007,-4890,-1297360000,264(-4.69 %),11920,3156200000,16810,4453560000,0,0.0
14/08/2007,-1580,-331680000,268(1.52 %),17080,4545440000,18660,4877120000,0,0.0
15/08/2007,-310,-83810000,269(0.37 %),770,206410000,1080,290220000,0,0.0
16/08/2007,-25210,-6509590000,256(-4.83 %),6990,1839080000,32200,8348670000,0,0.0
17/08/2007,-3770,-940520000,246(-3.91 %),200,49900000,3970,990420000,0,0.0
20/08/2007,-47410,-11329640000,240(-2.44 %),3250,779800000,50660,12109440000,0,0.0
21/08/2007,30490,7557170000,250(4.17 %),30490,7557170000,0,0,0,0.0
22/08/2007,-270,-68370000,254(1.60 %),70,17990000,340,86360000,0,0.0
23/08/2007,380,95980000,251(-1.18 %),380,95980000,0,0,0,0.0
24/08/2007,300,74700000,250(-0.40 %),300,74700000,0,0,0,0.0
27/08/2007,-14270,-3518190000,247(-1.20 %),18230,4502810000,32500,8021000000,0,0.0
28/08/2007,-20370,-4969890000,245(-0.81 %),1380,338140000,21750,5308030000,0,0.0
29/08/2007,440,120150000,245(0.00 %),10620,2601900000,10180,2481750000,0,0.0
30/08/2007,-6330,-1557660000,250(2.04 %),5670,1427440000,12000,2985100000,0,0.0
31/08/2007,-79580,-19525480000,246(-1.60 %),200,49200000,79780,19574680000,0,0.0
04/09/2007,-11340,-2834140000,252(2.44 %),24100,6036860000,35440,8871000000,0,0.0
05/09/2007,-15010,-3691890000,246(-2.38 %),1260,313620000,16270,4005510000,0,0.0
06/09/2007,7140,1769020000,248(0.81 %),7640,1892020000,500,123000000,0,0.0
07/09/2007,-12830,-3156540000,246(-0.81 %),700,172250000,13530,3328790000,0,0.0
10/09/2007,-21090,-5134210000,243(-1.22 %),100,24600000,21190,5158810000,0,0.0
11/09/2007,2150,525310000,243(0.00 %),3000,731860000,850,206550000,0,0.0
12/09/2007,-11570,-2785240000,240(-1.23 %),730,176490000,12300,2961730000,0,0.0
13/09/2007,-470,-111470000,238(-0.83 %),390,93210000,860,204680000,0,0.0
14/09/2007,-120,-28680000,239(0.42 %),100,23900000,220,52580000,0,0.0
17/09/2007,1000,242000000,242(1.26 %),1000,242000000,0,0,0,0.0
18/09/2007,19460,4753750000,245(1.24 %),19460,4753750000,0,0,0,0.0
19/09/2007,21700,5339590000,245(0.00 %),24070,5920240000,2370,580650000,0,0.0
20/09/2007,35380,8783130000,249(1.63 %),35380,8783130000,0,0,0,0.0
21/09/2007,15820,3932260000,248(-0.40 %),15820,3932260000,0,0,0,0.0
24/09/2007,-33770,-7722990000,236(-4.45 %),20100,4996830000,53870,12719820000,0,0.0
25/09/2007,-19850,-4847120000,242(2.54 %),480,117800000,20330,4964920000,0,0.0
26/09/2007,48240,12037030000,250(3.31 %),48640,12137030000,400,100000000,0,0.0
27/09/2007,12060,3008070000,247(-1.20 %),12060,3008070000,0,0,0,0.0
28/09/2007,73340,18576940000,255(3.24 %),73340,18576940000,0,0,0,0.0
01/10/2007,55890,14778730000,267(4.71 %),55890,14778730000,0,0,0,0.0
02/10/2007,56290,15258490000,272(1.87 %),57490,15584890000,1200,326400000,0,0.0
03/10/2007,27300,7280220000,268(-1.47 %),27300,7280220000,0,0,0,0.0
04/10/2007,-57500,-14751920000,255(-4.85 %),72600,18973300000,130100,33725220000,0,0.0
05/10/2007,-17660,-4314510000,246(-3.53 %),79260,19781760000,96920,24096270000,0,0.0
08/10/2007,21790,5400340000,248(0.81 %),21790,5400340000,0,0,0,0.0
09/10/2007,3110,787300000,254(2.42 %),4750,1198660000,1640,411360000,0,0.0
10/10/2007,32300,8386560000,259(1.97 %),53700,13930560000,21400,5544000000,0,0.0
11/10/2007,11110,2862010000,252(-2.70 %),11110,2862010000,0,0,0,0.0
12/10/2007,31830,7997510000,252(0.00 %),42930,10790680000,11100,2793170000,0,0.0
15/10/2007,5330,1339130000,252(0.00 %),5570,1399610000,240,60480000,0,0.0
16/10/2007,-113810,-27464260000,240(-4.76 %),100590,24865600000,214400,52329860000,0,0.0
17/10/2007,8400,2076200000,248(3.33 %),9800,2419200000,1400,343000000,0,0.0
18/10/2007,-32270,-7783850000,240(-3.23 %),4870,1192120000,37140,8975970000,0,0.0
19/10/2007,-59900,-14360380000,240(0.00 %),6280,1507200000,66180,15867580000,0,0.0
22/10/2007,-29970,-7059210000,234(-2.50 %),2500,595240000,32470,7654450000,0,0.0
23/10/2007,56180,13530540000,242(3.42 %),63060,15169550000,6880,1639010000,0,0.0
24/10/2007,6070,1494570000,245(1.24 %),15480,3805890000,9410,2311320000,0,0.0
25/10/2007,-54880,-13062630000,237(-3.27 %),1400,331800000,56280,13394430000,0,0.0
26/10/2007,-14420,-3407110000,235(-0.84 %),2280,537800000,16700,3944910000,0,0.0
29/10/2007,-143190,-32094080000,224(-4.68 %),500,112000000,143690,32206080000,0,0.0
30/10/2007,-143690,-30811770000,213(-4.91 %),65900,14145360000,209590,44957130000,0,0.0
31/10/2007,-165880,-34186680000,203(-4.69 %),29240,6421270000,195120,40607950000,0,0.0
01/11/2007,-50400,-10689750000,213(4.93 %),9050,1907300000,59450,12597050000,0,0.0
02/11/2007,-10680,-2374860000,223(4.69 %),100,22300000,10780,2397160000,0,0.0
05/11/2007,-51670,-10939790000,212(-4.93 %),50910,10849920000,102580,21789710000,0,0.0
06/11/2007,-155720,-31822880000,202(-4.72 %),36630,7458880000,192350,39281760000,0,0.0
07/11/2007,-148640,-30126000000,203(0.50 %),19590,3965170000,168230,34091170000,0,0.0
08/11/2007,-840,-173880000,207(1.97 %),160,33120000,1000,207000000,0,0.0
09/11/2007,86120,18265960000,216(4.35 %),86120,18265960000,0,0,0,0.0
12/11/2007,-47280,-9821590000,207(-4.17 %),9630,1998170000,56910,11819760000,0,0.0
13/11/2007,-29680,-6083690000,202(-2.42 %),960,197520000,30640,6281210000,0,0.0
14/11/2007,-59930,-11904960000,196(-2.97 %),70940,14435200000,130870,26340160000,0,0.0
15/11/2007,8510,1744550000,205(4.59 %),12810,2626050000,4300,881500000,0,0.0
16/11/2007,-460,-94300000,205(0.00 %),0,0,460,94300000,0,0.0
19/11/2007,38300,8043000000,210(2.44 %),40300,8463000000,2000,420000000,0,0.0
20/11/2007,-6630,-1364000000,205(-2.38 %),250,51500000,6880,1415500000,0,0.0
21/11/2007,-6140,-1241330000,203(-0.98 %),2570,520560000,8710,1761890000,0,0.0
22/11/2007,-10420,-2124930000,204(0.49 %),100,20300000,10520,2145230000,0,0.0
23/11/2007,10550,2118950000,200(-1.96 %),12200,2452600000,1650,333650000,0,0.0
26/11/2007,17680,3546800000,201(0.50 %),21700,4350800000,4020,804000000,0,0.0
27/11/2007,20100,4044000000,200(-0.50 %),21100,4248000000,1000,204000000,0,0.0
28/11/2007,67010,13726930000,205(2.50 %),97170,19906070000,30160,6179140000,0,0.0
29/11/2007,-22820,-4467280000,204(-0.49 %),94180,19230720000,117000,23698000000,0,0.0
30/11/2007,-47930,-9634340000,200(-1.96 %),1820,365240000,49750,9999580000,0,0.0
03/12/2007,17790,3660680000,205(2.50 %),29220,5951680000,11430,2291000000,0,0.0
04/12/2007,16570,3386050000,204(-0.49 %),42000,8594200000,25430,5208150000,0,0.0
05/12/2007,5850,1190000000,201(-1.47 %),34910,7012000000,29060,5822000000,0,0.0
06/12/2007,14610,2929440000,201(0.00 %),31520,6323350000,16910,3393910000,0,0.0
07/12/2007,11500,2313320000,201(0.00 %),29550,5936550000,18050,3623230000,0,0.0
10/12/2007,10130,2011890000,198(-1.49 %),10960,2176230000,830,164340000,0,0.0
11/12/2007,16020,3142760000,196(-1.01 %),16430,3223520000,410,80760000,0,0.0
12/12/2007,-1300,-254550000,196(0.00 %),0,0,1300,254550000,0,0.0
13/12/2007,-3050,-587160000,192(-2.04 %),100,19200000,3150,606360000,0,0.0
14/12/2007,-15770,-2926430000,185(-3.65 %),1700,316100000,17470,3242530000,0,0.0
17/12/2007,760,138820000,182(-1.62 %),24250,4421500000,23490,4282680000,0,0.0
18/12/2007,25200,4708800000,190(4.40 %),30800,5743000000,5600,1034200000,0,0.0
19/12/2007,10650,2061250000,196(3.16 %),14830,2866150000,4180,804900000,0,0.0
20/12/2007,18490,3618110000,195(-0.51 %),18790,3676610000,300,58500000,0,0.0
21/12/2007,18700,3634770000,196(0.51 %),19700,3827770000,1000,193000000,0,0.0
24/12/2007,15610,3061290000,195(-0.51 %),16240,3184140000,630,122850000,0,0.0
25/12/2007,-22420,-4253230000,190(-2.56 %),890,169100000,23310,4422330000,0,0.0
26/12/2007,700,133000000,192(1.05 %),700,133000000,0,0,0,0.0
27/12/2007,11310,2193050000,193(0.52 %),11310,2193050000,0,0,0,0.0
28/12/2007,15090,2925970000,194(0.52 %),15090,2925970000,0,0,0,0.0
02/01/2008,1200,229430000,190(-2.06 %),2200,419430000,1000,190000000,0,0.0
03/01/2008,1300,255770000,188(-1.05 %),7000,1328000000,5700,1072230000,0,0.0
04/01/2008,1250,238230000,189(0.53 %),6050,1141350000,4800,903120000,0,0.0
07/01/2008,16310,3070080000,187(-1.06 %),20030,3767960000,3720,697880000,0,0.0
08/01/2008,17240,3253770000,189(1.07 %),18660,3521430000,1420,267660000,0,0.0
09/01/2008,-410,-75430000,184(-2.65 %),50,9210000,460,84640000,0,0.0
10/01/2008,-37390,-6535020000,175(-4.89 %),29040,5090520000,66430,11625540000,0,0.0
11/01/2008,18650,3375570000,179(2.29 %),19200,3474220000,550,98650000,0,0.0
14/01/2008,8580,1501500000,175(-2.23 %),8840,1547000000,260,45500000,0,0.0
15/01/2008,-350,-58450000,167(-4.57 %),20050,3348350000,20400,3406800000,0,0.0
16/01/2008,-6410,-1160750000,175(4.79 %),12000,2057000000,18410,3217750000,0,0.0
17/01/2008,-4570,-761930000,169(-3.43 %),5980,1053020000,10550,1814950000,0,0.0
18/01/2008,10010,1695370000,170(0.59 %),10610,1797370000,600,102000000,0,0.0
21/01/2008,-1400,-235400000,166(-2.35 %),600,100600000,2000,336000000,0,0.0
22/01/2008,2150,381580000,164(-1.20 %),19700,3210000000,17550,2828420000,0,0.0
23/01/2008,-3380,-523780000,156(-4.88 %),6000,940000000,9380,1463780000,0,0.0
24/01/2008,27860,4322850000,153(-1.92 %),45000,6980000000,17140,2657150000,0,0.0
25/01/2008,11690,1816620000,155(1.31 %),20470,3177520000,8780,1360900000,0,0.0
28/01/2008,38680,6137930000,159(2.58 %),41090,6520920000,2410,382990000,0,0.0
29/01/2008,21410,3480040000,165(3.77 %),37410,6111040000,16000,2631000000,0,0.0
30/01/2008,34650,5994450000,173(4.85 %),60110,10399030000,25460,4404580000,0,0.0
31/01/2008,74800,12956200000,174(0.58 %),81400,14101600000,6600,1145400000,0,0.0
01/02/2008,19020,3360900000,177(1.72 %),19020,3360900000,0,0,0,0.0
12/02/2008,15280,2749940000,173(-2.26 %),17280,3095940000,2000,346000000,0,0.0
13/02/2008,8840,1483960000,168(-2.89 %),24000,4046000000,15160,2562040000,0,0.0
14/02/2008,-2440,-407070000,171(1.79 %),19140,3292600000,21580,3699670000,0,0.0
15/02/2008,9950,1700450000,171(0.00 %),9950,1700450000,0,0,0,0.0
18/02/2008,38780,6443380000,167(-2.34 %),50000,8317120000,11220,1873740000,0,0.0
19/02/2008,-200,-33000000,165(-1.20 %),0,0,200,33000000,0,0.0
20/02/2008,-22110,-3508900000,157(-4.85 %),10250,1631650000,32360,5140550000,0,0.0
21/02/2008,11930,1789500000,150(-4.46 %),11930,1789500000,0,0,0,0.0
22/02/2008,9730,1391390000,143(-4.67 %),16950,2423850000,7220,1032460000,0,0.0
25/02/2008,57730,8657500000,150(4.90 %),62600,9388000000,4870,730500000,0,0.0
26/02/2008,41750,6191120000,148(-1.33 %),49750,7387120000,8000,1196000000,0,0.0
27/02/2008,43200,6386190000,148(0.00 %),118820,17596360000,75620,11210170000,0,0.0
28/02/2008,8850,1327760000,147(-0.68 %),33900,5049700000,25050,3721940000,0,0.0
29/02/2008,7720,1141250000,145(-1.36 %),27080,3987130000,19360,2845880000,0,0.0
03/03/2008,600,82900000,138(-4.83 %),600,82900000,0,0,0,0.0
04/03/2008,-70,-9240000,132(-4.35 %),20100,2653200000,20170,2662440000,0,0.0
05/03/2008,62590,7886340000,126(-4.55 %),64000,8064000000,1410,177660000,0,0.0
06/03/2008,0,0,132(4.76 %),0,0,0,0,0,0.0
07/03/2008,1510,199320000,138(4.55 %),1510,199320000,0,0,0,0.0
10/03/2008,26750,3852000000,144(4.35 %),29270,4214880000,2520,362880000,0,0.0
11/03/2008,5650,796150000,140(-2.78 %),7910,1126110000,2260,329960000,0,0.0
12/03/2008,10550,1469060000,142(1.43 %),10550,1469060000,0,0,0,0.0
13/03/2008,-7060,-1027900000,143(0.70 %),8410,1200010000,15470,2227910000,0,0.0
14/03/2008,14430,2085020000,146(2.10 %),26450,3810400000,12020,1725380000,0,0.0
17/03/2008,7320,1050050000,139(-4.79 %),7320,1050050000,0,0,0,0.0
18/03/2008,0,0,133(-4.32 %),0,0,0,0,0,0.0
19/03/2008,-36070,-4658610000,127(-4.51 %),650,84850000,36720,4743460000,0,0.0
20/03/2008,-770,-99060000,128(0.79 %),430,54840000,1200,153900000,0,0.0
21/03/2008,-30020,-3696790000,122(-4.69 %),960,119340000,30980,3816130000,0,0.0
24/03/2008,570,66120000,116(-4.92 %),29410,3411560000,28840,3345440000,0,0.0
25/03/2008,10360,1149960000,111(-4.31 %),18360,2037960000,8000,888000000,0,0.0
26/03/2008,7750,816670000,106(-4.50 %),24900,2639400000,17150,1822730000,0,0.0
27/03/2008,-17500,-1872500000,107(0.94 %),12500,1337500000,30000,3210000000,0,0.0
28/03/2008,2650,286200000,108(0.93 %),22450,2424600000,19800,2138400000,0,0.0
31/03/2008,-1190,-126260000,109(0.93 %),19810,2142840000,21000,2269100000,0,0.0
01/04/2008,0,0,110(0.92 %),0,0,0,0,0,0.0
02/04/2008,200,22200000,111(0.91 %),200,22200000,0,0,0,0.0
03/04/2008,-200,-22400000,112(0.90 %),100,11200000,300,33600000,0,0.0
04/04/2008,50000,5650000000,113(0.89 %),50000,5650000000,0,0,0,0.0
07/04/2008,1140,131100000,115(1.77 %),1140,131100000,0,0,0,0.0
08/04/2008,84480,9880960000,117(1.74 %),140920,16484440000,56440,6603480000,0,0.0
09/04/2008,16960,2013780000,119(1.71 %),46960,5583780000,30000,3570000000,0,0.0
10/04/2008,66610,7836710000,117(-1.68 %),66610,7836710000,0,0,0,0.0
11/04/2008,29540,3397100000,115(-1.71 %),31280,3597200000,1740,200100000,0,0.0
16/04/2008,20690,2337970000,113(-1.74 %),22690,2563970000,2000,226000000,0,0.0
17/04/2008,14110,1570090000,115(1.77 %),14110,1570090000,0,0,0,0.0
18/04/2008,14080,1638090000,117(1.74 %),14080,1638090000,0,0,0,0.0
21/04/2008,3090,360260000,119(1.71 %),14820,1756130000,11730,1395870000,0,0.0
22/04/2008,-2910,-338490000,117(-1.68 %),2100,247700000,5010,586190000,0,0.0
23/04/2008,5900,678500000,115(-1.71 %),10680,1228200000,4780,549700000,0,0.0
24/04/2008,10780,1215420000,114(-0.87 %),22470,2543610000,11690,1328190000,0,0.0
25/04/2008,17650,2029570000,116(1.75 %),30450,3507570000,12800,1478000000,0,0.0
28/04/2008,1200,141400000,118(1.72 %),36200,4271400000,35000,4130000000,0,0.0
29/04/2008,41590,4990800000,120(1.69 %),44590,5350800000,3000,360000000,0,0.0
05/05/2008,6070,740540000,122(1.67 %),6110,745420000,40,4880000,0,0.0
06/05/2008,-1530,-166870000,120(-1.64 %),61180,7428910000,62710,7595780000,0,0.0
07/05/2008,-5410,-638380000,118(-1.67 %),28020,3306360000,33430,3944740000,0,0.0
08/05/2008,610,70760000,116(-1.69 %),35610,4130760000,35000,4060000000,0,0.0
09/05/2008,-3570,-406980000,114(-1.72 %),16190,1845660000,19760,2252640000,0,0.0
12/05/2008,3490,390880000,112(-1.75 %),3630,406560000,140,15680000,0,0.0
13/05/2008,590,64900000,110(-1.79 %),2080,228800000,1490,163900000,0,0.0
14/05/2008,-1050,-113400000,108(-1.82 %),200,21600000,1250,135000000,0,0.0
15/05/2008,-300,-31800000,106(-1.85 %),0,0,300,31800000,0,0.0
16/05/2008,-4150,-431600000,104(-1.89 %),10200,1060800000,14350,1492400000,0,0.0
19/05/2008,-2840,-289680000,102(-1.92 %),35170,3587340000,38010,3877020000,0,0.0
20/05/2008,210,21000000,100(-1.96 %),410,41000000,200,20000000,0,0.0
21/05/2008,2480,243040000,98(-2.00 %),44630,4373740000,42150,4130700000,0,0.0
22/05/2008,40940,3950710000,96.5(-1.53 %),62540,6035110000,21600,2084400000,0,0.0
23/05/2008,7220,685900000,95(-1.55 %),14220,1350900000,7000,665000000,0,0.0
26/05/2008,100,9350000,93.5(-1.58 %),100,9350000,0,0,0,0.0
27/05/2008,0,0,93.5(0.00 %),0,0,0,0,0,0.0
28/05/2008,0,0,93.5(0.00 %),0,0,0,0,0,0.0
29/05/2008,0,0,93.5(0.00 %),0,0,0,0,0,0.0
30/05/2008,3930,361560000,92(-1.60 %),28300,2603600000,24370,2242040000,0,0.0
02/06/2008,320,29440000,90.5(-1.63 %),320,29440000,0,0,0,0.0
03/06/2008,-120,-10680000,89(-1.66 %),400,35600000,520,46280000,0,0.0
04/06/2008,3400,297500000,87.5(-1.69 %),10410,910875000,7010,613375000,0,0.0
05/06/2008,1700,146200000,86(-1.71 %),1700,146200000,0,0,0,0.0
06/06/2008,300,25350000,84.5(-1.74 %),300,25350000,0,0,0,0.0
09/06/2008,1000,84500000,83(-1.78 %),1000,84500000,0,0,0,0.0
10/06/2008,0,0,81.5(-1.81 %),0,0,0,0,0,0.0
11/06/2008,1400,112000000,80(-1.84 %),29800,2384000000,28400,2272000000,0,0.0
12/06/2008,22060,1731710000,78.5(-1.88 %),37550,2947675000,15490,1215965000,0,0.0
13/06/2008,-17070,-1323870000,77(-1.91 %),65250,5024500000,82320,6348370000,0,0.0
16/06/2008,970,73625000,75.5(-1.95 %),10480,791790000,9510,718165000,0,0.0
17/06/2008,1750,134750000,77(1.99 %),1750,134750000,0,0,0,0.0
18/06/2008,81030,6304705000,78.5(1.95 %),96030,7482205000,15000,1177500000,0,0.0
19/06/2008,76430,5846895000,76.5(-2.55 %),77310,5914215000,880,67320000,0,0.0
20/06/2008,44630,3361555000,78.5(2.61 %),44630,3361555000,0,0,0,0.0
23/06/2008,-3120,-240500000,76.5(-2.55 %),9630,760855000,12750,1001355000,0,0.0
24/06/2008,100,7980000,78(1.96 %),94850,7349730000,94750,7341750000,0,0.0
25/06/2008,-16130,-1290575000,80(2.56 %),2350,186825000,18480,1477400000,0,0.0
26/06/2008,35020,2871420000,82(2.50 %),122550,10048880000,87530,7177460000,0,0.0
27/06/2008,-5880,-471415000,80(-2.44 %),5040,403700000,10920,875115000,0,0.0
30/06/2008,-25960,-2001615000,78(-2.50 %),11280,907615000,37240,2909230000,0,0.0
01/07/2008,-26690,-2117470000,80(2.56 %),8410,663480000,35100,2780950000,0,0.0
02/07/2008,10620,866020000,81(1.25 %),11720,956120000,1100,90100000,0,0.0
03/07/2008,3520,292160000,83(2.47 %),8520,707160000,5000,415000000,0,0.0
04/07/2008,2120,180200000,85(2.41 %),2120,180200000,0,0,0,0.0
07/07/2008,115170,9872375000,82.5(-2.94 %),115170,9872375000,0,0,0,0.0
08/07/2008,-4100,-330050000,81(-1.82 %),400,32200000,4500,362250000,0,0.0
09/07/2008,62420,4950180000,79(-2.47 %),62420,4950180000,0,0,0,0.0
10/07/2008,60350,4856635000,80(1.27 %),60350,4856635000,0,0,0,0.0
11/07/2008,8350,684700000,82(2.50 %),8750,717500000,400,32800000,0,0.0
14/07/2008,10890,914760000,84(2.44 %),11630,976920000,740,62160000,0,0.0
15/07/2008,80650,6976225000,86.5(2.98 %),80650,6976225000,0,0,0,0.0
16/07/2008,61120,5401165000,89(2.89 %),125810,11158575000,64690,5757410000,0,0.0
17/07/2008,-28240,-2555930000,86.5(-2.81 %),24220,2203810000,52460,4759740000,0,0.0
18/07/2008,63140,5329275000,84(-2.89 %),64160,5416795000,1020,87520000,0,0.0
21/07/2008,47180,3845170000,81.5(-2.98 %),77480,6314620000,30300,2469450000,0,0.0
22/07/2008,500,32250000,64.5(-2.36 %),500,32250000,0,0,0,0.0
23/07/2008,930,58590000,63(-2.33 %),930,58590000,0,0,0,0.0
24/07/2008,13500,830250000,61.5(-2.38 %),13500,830250000,0,0,0,0.0
25/07/2008,6200,372000000,60(-2.44 %),15300,918000000,9100,546000000,0,0.0
28/07/2008,53740,3065055000,61(1.67 %),127380,7467355000,73640,4402300000,0,0.0
29/07/2008,8300,518750000,62.5(2.46 %),30380,1898750000,22080,1380000000,0,0.0
30/07/2008,29600,1852600000,61(-2.40 %),29600,1852600000,0,0,0,0.0
31/07/2008,14100,838950000,59.5(-2.46 %),24100,1433950000,10000,595000000,0,0.0
01/08/2008,-8920,-517360000,58(-2.52 %),15580,903640000,24500,1421000000,0,0.0
04/08/2008,8150,460475000,56.5(-2.59 %),8150,460475000,0,0,0,0.0
05/08/2008,2550,140250000,55(-2.65 %),2550,140250000,0,0,0,0.0
06/08/2008,33180,1787105000,55(0.00 %),39850,2150235000,6670,363130000,0,0.0
07/08/2008,6520,366730000,56.5(2.73 %),36770,2075755000,30250,1709025000,0,0.0
08/08/2008,6740,390470000,58(2.65 %),7600,440350000,860,49880000,0,0.0
11/08/2008,-500,-29750000,59.5(2.59 %),0,0,500,29750000,0,0.0
12/08/2008,-5610,-342210000,61(2.52 %),9590,584990000,15200,927200000,0,0.0
13/08/2008,-21990,-1374375000,62.5(2.46 %),58410,3650625000,80400,5025000000,0,0.0
14/08/2008,13890,888960000,64(2.40 %),17890,1144960000,4000,256000000,0,0.0
15/08/2008,-44410,-2908855000,65.5(2.34 %),21570,1412835000,65980,4321690000,0,0.0
18/08/2008,13480,923380000,68.5(4.58 %),18680,1279580000,5200,356200000,0,0.0
19/08/2008,83640,5980260000,71.5(4.38 %),83980,6004570000,340,24310000,0,0.0
20/08/2008,55750,3901325000,71.5(0.00 %),64230,4511430000,8480,610105000,0,0.0
21/08/2008,14600,1072580000,75(4.90 %),14600,1072580000,0,0,0,0.0
22/08/2008,50320,3911065000,77.5(3.33 %),51420,3995765000,1100,84700000,0,0.0
25/08/2008,58730,4757130000,81(4.52 %),62810,5087610000,4080,330480000,0,0.0
26/08/2008,-130780,-11110300000,84(3.70 %),99110,8378420000,229890,19488720000,0,0.0
27/08/2008,-35070,-2874210000,80(-4.76 %),112140,9164340000,147210,12038550000,0,0.0
28/08/2008,-17710,-1345960000,76(-5.00 %),5790,440040000,23500,1786000000,0,0.0
29/08/2008,-5960,-432100000,72.5(-4.61 %),5200,377000000,11160,809100000,0,0.0
03/09/2008,-355630,-25524315000,72.5(0.00 %),10370,749930000,366000,26274245000,0,0.0
04/09/2008,-21850,-1579125000,71.5(-1.38 %),13200,946680000,35050,2525805000,0,0.0
05/09/2008,-53790,-3662635000,68(-4.90 %),6710,456365000,60500,4119000000,0,0.0
08/09/2008,-20960,-1362400000,65(-4.41 %),4040,262600000,25000,1625000000,0,0.0
09/09/2008,-86030,-5380625000,62(-4.62 %),17990,1115980000,104020,6496605000,0,0.0
10/09/2008,10860,695690000,63.5(2.42 %),85500,5292660000,74640,4596970000,0,0.0
11/09/2008,-18630,-1113065000,61.5(-3.15 %),71650,4392025000,90280,5505090000,0,0.0
12/09/2008,17060,1003455000,58.5(-4.88 %),102930,6074050000,85870,5070595000,0,0.0
15/09/2008,-91390,-5311460000,61(4.27 %),320,18720000,91710,5330180000,0,0.0
16/09/2008,9830,556730000,58(-4.92 %),104090,6037245000,94260,5480515000,0,0.0
17/09/2008,-15060,-835830000,55.5(-4.31 %),62220,3453210000,77280,4289040000,0,0.0
18/09/2008,2420,128260000,53(-4.50 %),6920,366760000,4500,238500000,0,0.0
19/09/2008,-80170,-4449435000,55.5(4.72 %),8920,495060000,89090,4944495000,0,0.0
22/09/2008,2000,116000000,58(4.50 %),5920,343360000,3920,227360000,0,0.0
23/09/2008,34460,1927110000,56.5(-2.59 %),62410,3518670000,27950,1591560000,0,0.0
24/09/2008,-2260,-123610000,54(-4.42 %),10700,585750000,12960,709360000,0,0.0
25/09/2008,34750,1948590000,56.5(4.63 %),51230,2873830000,16480,925240000,0,0.0
26/09/2008,23100,1349930000,57.5(1.77 %),30320,1770060000,7220,420130000,0,0.0
29/09/2008,75900,4256145000,56(-2.61 %),92390,5179520000,16490,923375000,0,0.0
30/09/2008,110210,5896235000,53.5(-4.46 %),138480,7408680000,28270,1512445000,0,0.0
01/10/2008,-9170,-491345000,51(-4.67 %),1220,65270000,10390,556615000,0,0.0
02/10/2008,-19440,-994900000,51(0.00 %),2290,116790000,21730,1111690000,0,0.0
03/10/2008,-20150,-1005365000,50.5(-0.98 %),1330,66770000,21480,1072135000,0,0.0
06/10/2008,-51360,-2465366000,48(-4.95 %),2930,140640000,54290,2606006000,0,0.0
07/10/2008,1100,50160000,45.6(-4.60 %),1100,50160000,0,0,0,0.0
08/10/2008,-5540,-240436000,43.4(-4.82 %),1640,71176000,7180,311612000,0,0.0
09/10/2008,-75150,-3109759000,41.3(-4.84 %),7000,291750000,82150,3401509000,0,0.0
10/10/2008,-920,-36156000,39.3(-4.84 %),580,22794000,1500,58950000,0,0.0
13/10/2008,-55960,-2092904000,37.4(-4.83 %),10650,398310000,66610,2491214000,0,0.0
14/10/2008,-98450,-3859240000,39.2(4.81 %),1320,51744000,99770,3910984000,0,0.0
15/10/2008,-104840,-3984122000,37.3(-4.85 %),26340,1041299000,131180,5025421000,0,0.0
16/10/2008,-8010,-284355000,35.5(-4.83 %),15650,555575000,23660,839930000,0,0.0
17/10/2008,-75510,-2652786000,35.2(-0.85 %),6100,213900000,81610,2866686000,0,0.0
20/10/2008,-11200,-381300000,35.2(0.00 %),0,0,11200,381300000,0,0.0
21/10/2008,780,28782000,36.9(4.83 %),780,28782000,0,0,0,0.0
22/10/2008,10380,388700000,38.7(4.88 %),12580,473140000,2200,84440000,0,0.0
23/10/2008,-209660,-8087381000,38.7(0.00 %),5000,192000000,214660,8279381000,0,0.0
24/10/2008,-15260,-563658000,36.8(-4.91 %),15200,559370000,30460,1123028000,0,0.0
27/10/2008,-64280,-2249800000,35(-4.89 %),16740,585900000,81020,2835700000,0,0.0
28/10/2008,-54930,-1831295000,33.3(-4.86 %),0,0,54930,1831295000,0,0.0
29/10/2008,-71230,-2419080000,33.3(0.00 %),3500,119404000,74730,2538484000,0,0.0
30/10/2008,-54870,-1847929000,34(2.10 %),2400,81600000,57270,1929529000,0,0.0
31/10/2008,-98570,-3323100000,34(0.00 %),2890,98445000,101460,3421545000,0,0.0
03/11/2008,-58570,-1993992000,34(0.00 %),7260,246840000,65830,2240832000,0,0.0
04/11/2008,-141720,-4842383000,34(0.00 %),100,3400000,141820,4845783000,0,0.0
05/11/2008,-150500,-5372850000,35.7(5.00 %),50500,1802850000,201000,7175700000,0,0.0
06/11/2008,-8760,-321036000,35.5(-0.56 %),4400,154040000,13160,475076000,0,0.0
07/11/2008,1700,57780000,33.8(-4.79 %),2310,78850000,610,21070000,0,0.0
10/11/2008,-74870,-2547646000,33.8(0.00 %),880,29744000,75750,2577390000,0,0.0
11/11/2008,3480,112056000,32.2(-4.73 %),3480,112056000,0,0,0,0.0
12/11/2008,4090,125154000,30.6(-4.97 %),4090,125154000,0,0,0,0.0
13/11/2008,4120,119892000,29.4(-3.92 %),4220,122802000,100,2910000,0,0.0
14/11/2008,-85730,-2557651000,29.7(1.02 %),15000,441495000,100730,2999146000,0,0.0
17/11/2008,5000,150500000,30.1(1.35 %),5000,150500000,0,0,0,0.0
18/11/2008,24900,775240000,31.6(4.98 %),26000,810000000,1100,34760000,0,0.0
19/11/2008,-61920,-1997912000,31.8(0.63 %),520,17212000,62440,2015124000,0,0.0
20/11/2008,0,0,31(-2.52 %),0,0,0,0,0,0.0
21/11/2008,-78670,-2370927000,29.9(-3.55 %),1000,30000000,79670,2400927000,0,0.0
24/11/2008,-17700,-522318000,29.5(-1.34 %),0,0,17700,522318000,0,0.0
25/11/2008,12750,388409000,30.9(4.75 %),12800,389929000,50,1520000,0,0.0
26/11/2008,21810,675187000,30.8(-0.32 %),21810,675187000,0,0,0,0.0
27/11/2008,-1850,-56330000,30.6(-0.65 %),190,5890000,2040,62220000,0,0.0
28/11/2008,-44390,-1373971000,31.5(2.94 %),6960,215581000,51350,1589552000,0,0.0
01/12/2008,-5340,-161186000,30.4(2.36 %),460,13064000,5800,174250000,0,0.0
02/12/2008,-15130,-439650000,28.9(-4.93 %),6670,193430000,21800,633080000,0,0.0
03/12/2008,18050,535084000,29.7(2.77 %),25000,735939000,6950,200855000,0,0.0
04/12/2008,-72600,-2062869000,28.3(-4.71 %),600,16980000,73200,2079849000,0,0.0
05/12/2008,14000,393760000,28.6(1.06 %),14000,393760000,0,0,0,0.0
08/12/2008,-8000,-218800000,27.2(-4.90 %),0,0,8000,218800000,0,0.0
09/12/2008,-29460,-796046000,27.1(-0.37 %),20080,543248000,49540,1339294000,0,0.0
10/12/2008,-3470,-90950000,26.5(-2.21 %),0,0,3470,90950000,0,0.0
11/12/2008,-29450,-750610000,25.4(-4.15 %),0,0,29450,750610000,0,0.0
12/12/2008,-66650,-1768479000,26.6(4.72 %),18200,481934000,84850,2250413000,0,0.0
15/12/2008,-4770,-133083000,27.9(4.89 %),2500,69750000,7270,202833000,0,0.0
16/12/2008,-5450,-146482000,27(-3.23 %),1600,44120000,7050,190602000,0,0.0
17/12/2008,-43990,-1182410000,26.3(-2.59 %),3600,96920000,47590,1279330000,0,0.0
18/12/2008,-780,-20982000,26.6(1.14 %),0,0,780,20982000,0,0.0
19/12/2008,-45010,-1226645000,27.2(2.26 %),100,2720000,45110,1229365000,0,0.0
22/12/2008,50,1335000,27.9(2.57 %),1300,36210000,1250,34875000,0,0.0
23/12/2008,14590,397789000,27.2(-2.51 %),14880,405648000,290,7859000,0,0.0
24/12/2008,8380,228769000,27.3(0.37 %),8380,228769000,0,0,0,0.0
25/12/2008,0,0,27.4(0.37 %),0,0,0,0,0,0.0
26/12/2008,1000,26800000,27.5(0.36 %),1000,26800000,0,0,0,0.0
29/12/2008,8000,219600000,27.6(0.36 %),8700,238850000,700,19250000,0,0.0
30/12/2008,82110,2350437000,28.9(4.71 %),82110,2350437000,0,0,0,0.0
31/12/2008,205150,6194854000,30.1(4.15 %),206220,6227275000,1070,32421000,0,0.0
02/01/2009,-19080,-543703000,28.6(-4.98 %),7840,234118000,26920,777821000,6830454,37.04
05/01/2009,-31050,-873574000,28(-2.10 %),10820,307662000,41870,1181236000,6861504,36.99
06/01/2009,330,9055000,28.6(2.14 %),700,19600000,370,10545000,6861174,36.99
07/01/2009,21520,637189000,29.8(4.20 %),23510,695695000,1990,58506000,6839654,37.02
08/01/2009,500,14900000,28.8(-3.36 %),500,14900000,0,0,6839154,37.03
09/01/2009,0,0,28.6(-0.69 %),0,0,0,0,6839154,37.03
12/01/2009,800,22425000,28.5(-0.35 %),1650,46905000,850,24480000,6838354,37.03
13/01/2009,2480,71032000,27.8(-2.46 %),5480,154432000,3000,83400000,6835874,37.03
14/01/2009,700,20010000,28.2(1.44 %),700,20010000,0,0,6835174,37.03
15/01/2009,-1130,-31398000,27.6(-2.13 %),289526,7763796800,290656,7795194800,6836304,37.03
16/01/2009,1410,39344000,27.7(0.36 %),6860,190022000,5450,150678000,6834894,37.03
19/01/2009,-5560,-153852000,27.6(-0.36 %),6200,171500000,11760,325352000,6840454,37.02
20/01/2009,-7160,-196536000,27.2(-1.45 %),1000,27500000,8160,224036000,6847614,37.01
21/01/2009,-30580,-833099000,27(-0.74 %),0,0,30580,833099000,6878194,36.96
22/01/2009,-25550,-697539000,27.4(1.48 %),0,0,25550,697539000,6903744,36.91
23/01/2009,-20270,-555675000,27.5(0.36 %),10,275000,20280,555950000,6924014,36.88
02/02/2009,-21980,-589691000,26.3(-4.36 %),0,0,21980,589691000,6945994,36.84
03/02/2009,-7030,-179590000,25.1(-4.56 %),19490,492018000,26520,671608000,6953024,36.83
04/02/2009,10360,258796000,24.6(-1.99 %),40060,1001018000,29700,742222000,6942664,36.84
05/02/2009,-3520,-71769000,23.4(-4.88 %),48440,1160706000,51960,1232475000,6946184,36.84
06/02/2009,-74120,-1662421000,22.4(-4.27 %),550,12265000,74670,1674686000,7020304,36.71
09/02/2009,-133500,-2969280000,22.2(-0.89 %),0,0,133500,2969280000,7153804,36.47
10/02/2009,-188030,-4141709000,22(-0.90 %),15600,343200000,203630,4484909000,7341834,36.15
11/02/2009,-104180,-2194462000,23.1(5.00 %),800,16720000,104980,2211182000,7446014,35.96
12/02/2009,-49000,-1131811000,23.1(0.00 %),0,0,49000,1131811000,7495014,35.88
13/02/2009,-70600,-1556520000,22(-4.76 %),0,0,70600,1556520000,7565614,35.75
16/02/2009,-55080,-1168278000,21.2(-3.64 %),100,2120000,55180,1170398000,7620694,35.66
17/02/2009,-42450,-860235000,20.2(-4.72 %),1000,20200000,43450,880435000,7663144,35.58
18/02/2009,-65890,-1265499000,19.2(-4.95 %),220,4224000,66110,1269723000,7729034,35.47
19/02/2009,-183730,-3461796000,18.6(-3.12 %),17000,319875000,200730,3781671000,7912764,35.15
20/02/2009,-212400,-3966100000,19(2.15 %),0,0,212400,3966100000,8125164,34.77
23/02/2009,-117530,-2261592000,19.4(2.11 %),14300,274414000,131830,2536006000,8242694,34.57
24/02/2009,-133860,-2606096000,20(3.09 %),2200,42260000,136060,2648356000,8376554,34.33
25/02/2009,-106820,-2136713000,20(0.00 %),25480,511265000,132300,2647978000,8483374,34.15
26/02/2009,-107910,-2069399000,19.3(-3.50 %),0,0,107910,2069399000,8591284,33.96
27/02/2009,-5180,-101500000,20(3.63 %),580,11020000,5760,112520000,8596464,33.95
02/03/2009,-1499400,-29988000000,19.5(-2.50 %),1600,32000000,1501000,30020000000,10095864,31.32
03/03/2009,-101170,-1971407000,19.5(0.00 %),1500,29100000,102670,2000507000,10197034,31.15
04/03/2009,-59600,-1162240000,19.4(-0.51 %),400,7760000,60000,1170000000,10256634,31.04
05/03/2009,-19400,-377197000,19.3(-0.52 %),0,0,19400,377197000,10276034,31.01
06/03/2009,-10700,-203700000,19.3(0.00 %),0,0,10700,203700000,10286734,30.99
09/03/2009,-6300,-119700000,19.2(-0.52 %),700,13300000,7000,133000000,10293034,30.98
10/03/2009,0,0,20.1(4.69 %),0,0,0,0,10293034,30.98
11/03/2009,-50710,-1070382000,21.1(4.98 %),2010,42010000,52720,1112392000,10343744,30.89
12/03/2009,-39230,-815890000,21.2(0.47 %),800,16240000,40030,832130000,10382974,30.82
13/03/2009,820,17874000,21.2(0.00 %),2500,52650000,1680,34776000,10382154,30.82
16/03/2009,-3290,-69748000,21.5(1.42 %),0,0,3290,69748000,10385444,30.82
17/03/2009,15500,345583000,22.4(4.19 %),17180,382711000,1680,37128000,10369944,30.84
18/03/2009,9140,211918000,23.5(4.91 %),10820,250739000,1680,38821000,10360804,30.86
19/03/2009,-24560,-576786000,23.5(0.00 %),7210,166177000,31770,742963000,10385364,30.82
20/03/2009,-38920,-883106000,23.6(0.43 %),0,0,38920,883106000,10424284,30.75
23/03/2009,10310,240138000,22.5(-4.66 %),12220,283620000,1910,43482000,10413974,30.77
24/03/2009,16990,395914000,23(2.22 %),40590,943570000,23600,547656000,10396984,30.8
25/03/2009,25560,596180000,23.8(3.48 %),37560,876580000,12000,280400000,10371424,30.84
26/03/2009,47580,1145164000,24.2(1.68 %),47580,1145164000,0,0,10323844,30.92
27/03/2009,-42940,-1065836000,25(3.31 %),15050,368220000,57990,1434056000,10366784,30.85
30/03/2009,-33750,-827187000,25.1(0.40 %),2250,54015000,36000,881202000,10400534,30.79
31/03/2009,1160,29984000,23.9(-4.78 %),24600,593100000,23440,563116000,10399374,30.79
01/04/2009,-40160,-964616000,24.5(2.51 %),1840,44554000,42000,1009170000,10439534,30.72
02/04/2009,8540,216020000,25(2.04 %),48540,1199688000,40000,983668000,10430994,30.74
03/04/2009,-40510,-1034480000,26(4.00 %),29450,750690000,69960,1785170000,10471504,30.67
07/04/2009,-5030,-134392000,26.5(1.92 %),1000,26400000,6030,160792000,10476534,30.66
08/04/2009,48130,1207476000,26(-1.89 %),68000,1713680000,19870,506204000,10428404,30.74
09/04/2009,-8400,-228680000,26.9(3.46 %),1600,40320000,10000,269000000,10436804,30.73
10/04/2009,2650,75265000,28(4.09 %),22650,635265000,20000,560000000,10434154,30.73
13/04/2009,-71960,-2114824000,29.4(5.00 %),140,4116000,72100,2118940000,10506114,30.61
14/04/2009,-70,-4190000,30.8(4.76 %),119930,3691810000,120000,3696000000,10506184,30.61
15/04/2009,-161160,-4922642000,32(3.90 %),33890,1000297000,195050,5922939000,10667344,30.32
16/04/2009,-45410,-1456376000,32.8(2.50 %),1300,42080000,46710,1498456000,10712754,30.24
17/04/2009,-18900,-550922000,31.9(-2.74 %),87000,2783939000,105900,3334861000,10731654,30.21
20/04/2009,10000,304000000,30.4(-4.70 %),10000,304000000,0,0,10721654,30.23
21/04/2009,9170,265013000,28.9(-4.93 %),10000,289000000,830,23987000,10712484,30.24
22/04/2009,-98720,-2783939000,29.9(3.46 %),58600,1636700000,157320,4420639000,10811204,30.07
23/04/2009,-25790,-746068000,28.8(-3.68 %),7080,208528000,32870,954596000,10836994,30.03
24/04/2009,-32300,-882035000,30(4.17 %),30050,849370000,62350,1731405000,10869294,29.97
27/04/2009,-13830,-414099000,31(3.33 %),23170,692790000,37000,1106889000,10883124,29.95
28/04/2009,-15400,-482410000,29.5(-4.84 %),20100,592950000,35500,1075360000,10898524,29.92
29/04/2009,4050,117450000,30.1(2.03 %),4050,117450000,0,0,10894474,29.93
04/05/2009,21420,676872000,31.6(4.98 %),22570,713212000,1150,36340000,10873054,29.96
05/05/2009,-12840,-425353000,32.9(4.11 %),48380,1601029000,61220,2026382000,10885894,29.94
06/05/2009,22450,709151000,32.9(0.00 %),25450,807851000,3000,98700000,10863444,29.98
07/05/2009,16770,561214000,34.5(4.86 %),154210,5297406000,137440,4736192000,10846674,30.01
08/05/2009,50020,1747949000,34.7(0.58 %),60260,2106253000,10240,358304000,10796654,30.1
11/05/2009,127520,4620872000,36(3.75 %),155540,5639660000,28020,1018788000,10669134,30.32
12/05/2009,-510,-18007000,36.7(1.94 %),570,19981000,1080,37988000,10669644,30.32
13/05/2009,98930,3672525000,36.7(0.00 %),104520,3878392000,5590,205867000,10570714,30.49
14/05/2009,13260,460113000,38.5(4.90 %),19720,690128000,6460,230015000,10557454,30.52
15/05/2009,-13320,-526157000,40.4(4.94 %),29310,1135729000,42630,1661886000,10570774,30.49
18/05/2009,-28600,-1146800000,40.4(0.00 %),12200,492170000,40800,1638970000,10599374,30.44
19/05/2009,131990,5578633000,42.4(4.95 %),168690,7133513000,36700,1554880000,10467384,30.67
20/05/2009,4280,153943000,43.5(2.59 %),39580,1647805000,35300,1493862000,10463104,30.68
21/05/2009,-14070,-612005000,42(-3.45 %),15980,684060000,30050,1296065000,10477174,30.66
22/05/2009,-33250,-1338138000,41.9(-0.24 %),7070,283887000,40320,1622025000,10510424,30.6
25/05/2009,-39930,-1722144000,43.9(4.77 %),25300,1091070000,65230,2813214000,10550354,30.53
26/05/2009,-59470,-2629379000,44(0.23 %),19500,857671000,78970,3487050000,10609824,30.42
27/05/2009,-33790,-1489071000,44.3(0.68 %),3300,145200000,37090,1634271000,10643614,30.36
28/05/2009,-19280,-843458000,43.5(-1.81 %),0,0,19280,843458000,10662894,30.33
29/05/2009,-28100,-1246939000,44.5(2.30 %),1220,53070000,29320,1300009000,10690994,30.28
01/06/2009,-48490,-2243577000,44.8(0.67 %),12620,577996000,61110,2821573000,10739484,30.2
02/06/2009,12430,585320000,47(4.91 %),57300,2693100000,44870,2107780000,10727054,30.22
03/06/2009,8060,380840000,47.3(0.64 %),12490,592325000,4430,211485000,10718994,30.23
04/06/2009,-9850,-478480000,48.5(2.54 %),4720,226860000,14570,705340000,10728844,30.22
05/06/2009,4410,217300000,50(3.09 %),23550,1183370000,19140,966070000,10724434,30.22
08/06/2009,-66750,-3497010000,52.5(5.00 %),5660,292310000,72410,3789320000,10791184,30.11
09/06/2009,29150,1567225000,54(2.86 %),61900,3296850000,32750,1729625000,10762034,30.16
10/06/2009,-7100,-381900000,51.5(-4.63 %),1530,82620000,8630,464520000,10769134,30.14
11/06/2009,98470,4620424000,52(0.97 %),268120,13157988000,169650,8537564000,10670664,30.32
12/06/2009,179930,8841539000,49.4(-5.00 %),250020,12350996000,70090,3509457000,10490734,30.63
15/06/2009,259550,12199111000,47(-4.86 %),260760,12256081000,1210,56970000,10231184,31.09
16/06/2009,251700,11325990000,44.7(-4.89 %),252200,11348340000,500,22350000,9979484,31.53
17/06/2009,18420,710044000,46.9(4.92 %),58670,2504329000,40250,1794285000,9961064,31.56
18/06/2009,-43540,-2101147000,48.9(4.26 %),1500,73470000,45040,2174617000,10004604,31.48
19/06/2009,2470,122770000,49.4(1.02 %),16800,829240000,14330,706470000,10002134,31.49
22/06/2009,-120,-5640000,47(-4.86 %),10,470000,130,6110000,10002254,31.49
23/06/2009,1000,44700000,44.7(-4.89 %),1000,44700000,0,0,10001254,31.49
24/06/2009,-75420,-3394492000,46.4(3.80 %),26630,1150950000,102050,4545442000,10076674,31.36
25/06/2009,-11500,-528458000,46.5(0.22 %),0,0,11500,528458000,10088174,31.34
26/06/2009,-7480,-353490000,47(1.08 %),4720,213360000,12200,566850000,10095654,31.32
29/06/2009,-3730,-172150000,46(-2.13 %),5700,261990000,9430,434140000,10099384,31.32
30/06/2009,7980,365364000,43.7(-5.00 %),16100,738284000,8120,372920000,10091404,31.33
01/07/2009,-25880,-1077695000,41.6(-4.81 %),6000,250309000,31880,1328004000,10117284,31.29
02/07/2009,50000,2147100000,43.6(4.81 %),57000,2443400000,7000,296300000,10067284,31.37
03/07/2009,-3140,-137028000,44.4(1.83 %),20,888000,3160,137916000,10070424,31.37
06/07/2009,-600,-26910000,46(3.60 %),0,0,600,26910000,10073154,31.36
07/07/2009,-1530,-68157000,46(0.00 %),0,0,1530,68157000,10072554,31.36
08/07/2009,52310,2394555000,46(0.00 %),63100,2889798000,10790,495243000,10020244,31.46
09/07/2009,39870,1832046000,45.8(-0.43 %),48000,2206000000,8130,373954000,9980374,31.53
10/07/2009,-95080,-4179503000,45.5(-0.66 %),300,13080000,95380,4192583000,10075454,31.36
13/07/2009,-400,-18200000,44.5(-2.20 %),0,0,400,18200000,10075854,31.36
14/07/2009,-5690,-248240000,44(-1.12 %),4540,194795000,10230,443035000,10081544,31.35
15/07/2009,18580,836164000,45(2.27 %),19020,855880000,440,19716000,10062964,31.38
16/07/2009,-5360,-245700000,45.6(1.33 %),2310,105453000,7670,351153000,10068324,31.37
17/07/2009,11900,536270000,45(-1.32 %),11900,536270000,0,0,10056424,31.39
20/07/2009,-41370,-1772912000,42.8(-4.89 %),4790,205191000,46160,1978103000,10097794,31.32
21/07/2009,41390,1807650000,44.5(3.97 %),64200,2797898000,22810,990248000,10056404,31.39
22/07/2009,-2880,-110478000,42.3(-4.94 %),84970,3787365000,87850,3897843000,10059284,31.39
23/07/2009,-33310,-1431467000,43(1.65 %),53890,2310520000,87200,3741987000,10092594,31.33
24/07/2009,17140,773014000,45.1(4.88 %),20210,911471000,3070,138457000,10075454,31.36
27/07/2009,90800,4284274000,47.3(4.88 %),95500,4506544000,4700,222270000,9984654,31.52
28/07/2009,106830,5046485000,47.4(0.21 %),112180,5299481000,5350,252996000,9877824,31.71
29/07/2009,16420,794511000,48.9(3.16 %),17140,829719000,720,35208000,9861404,31.73
30/07/2009,-25410,-1182044000,47(-3.89 %),76200,3586400000,101610,4768444000,9886814,31.69
31/07/2009,-30110,-1420246000,47(0.00 %),11390,539779000,41500,1960025000,9916924,31.64
03/08/2009,2880,137664000,46.9(-0.21 %),2880,137664000,0,0,9914044,31.64
04/08/2009,121770,5797418000,48.5(3.41 %),134090,6382618000,12320,585200000,9792274,31.86
05/08/2009,-43540,-2109556000,48.5(0.00 %),38500,1867164000,82040,3976720000,9835814,31.78
06/08/2009,11980,595846000,49.1(1.24 %),12940,643330000,960,47484000,9823834,31.8
07/08/2009,-83380,-4199102000,51.5(4.89 %),2530,128403000,85910,4327505000,9907214,31.65
10/08/2009,-10,-540000,54(4.85 %),250,13500000,260,14040000,9907224,31.65
11/08/2009,-1730,-97745000,56.5(4.63 %),100,5650000,1830,103395000,9908954,31.65
12/08/2009,-11620,-677805000,57.5(1.77 %),6260,366210000,17880,1044015000,9920574,31.63
13/08/2009,-12710,-739905000,56(-2.61 %),0,0,12710,739905000,9933284,31.61
14/08/2009,0,0,58.5(4.46 %),0,0,0,0,9933284,31.61
17/08/2009,-11460,-699060000,61(4.27 %),1380,84180000,12840,783240000,9944744,31.59
18/08/2009,-87770,-5573250000,64(4.92 %),0,0,87770,5573250000,10032514,31.43
19/08/2009,-3150,-211050000,67(4.69 %),300,20100000,3450,231150000,10035664,31.43
20/08/2009,15070,1020615000,69.5(3.73 %),19070,1297615000,4000,277000000,10020594,31.46
21/08/2009,397040,27589900000,70(0.72 %),397890,27648750000,850,58850000,9623554,32.15
24/08/2009,299850,21180930000,70.5(0.71 %),306250,21639150000,6400,458220000,9323704,32.68
25/08/2009,101230,7056815000,68.5(-2.84 %),119260,8316330000,18030,1259515000,9141024,33.0
26/08/2009,81450,5630975000,69(0.73 %),93260,6448590000,11810,817615000,9242254,32.82
27/08/2009,66160,4564185000,69(0.00 %),72290,4987155000,6130,422970000,9176094,32.93
28/08/2009,24540,1706975000,70(1.45 %),30150,2094675000,5610,387700000,9151554,32.98
31/08/2009,21910,1526195000,70(0.00 %),37070,2579975000,15160,1053780000,9129644,33.02
01/09/2009,59460,4147120000,70.5(0.71 %),72260,5030370000,12800,883250000,9070184,33.12
03/09/2009,-11820,-821360000,70(-0.71 %),300,21150000,12120,842510000,9082004,33.1
04/09/2009,2190,155100000,70.5(0.71 %),4300,302800000,2110,147700000,9079814,33.1
07/09/2009,-77650,-5746100000,74(4.96 %),300,22200000,77950,5768300000,9157464,32.97
08/09/2009,-111610,-8649775000,77.5(4.73 %),2050,158875000,113660,8808650000,9269074,32.77
09/09/2009,-185360,-15009160000,81(4.52 %),0,0,185360,15009160000,9454434,32.45
10/09/2009,-186960,-14944100000,79(-2.47 %),1000,80000000,187960,15024100000,9641394,32.12
11/09/2009,-350560,-28040850000,82.5(4.43 %),600,48000000,351160,28088850000,9991954,31.51
14/09/2009,93629,7938493000,86.5(4.85 %),155300,13249190000,61671,5310697000,9898325,31.67
15/09/2009,-13610,-1176765000,86(-0.58 %),1720,148780000,15330,1325545000,9911935,31.65
16/09/2009,-66820,-5481560000,82(-4.65 %),1500,124000000,68320,5605560000,9978755,31.53
17/09/2009,113780,9281390000,86(4.88 %),326300,27371350000,212520,18089960000,9864975,31.73
18/09/2009,-127080,-11276440000,90(4.65 %),3560,306160000,130640,11582600000,9992055,31.51
21/09/2009,14250,1347860000,92(2.22 %),59100,5475700000,44850,4127840000,9977805,31.53
22/09/2009,79350,7456630000,93(1.09 %),83000,7794430000,3650,337800000,9898455,31.67
23/09/2009,-92110,-8541525000,91(-2.15 %),300,27900000,92410,8569425000,9990565,31.51
24/09/2009,-56840,-5312780000,95.5(4.95 %),20010,1779195000,76850,7091975000,10047405,31.41
25/09/2009,0,0,100(4.71 %),0,0,0,0,10047405,40.59
28/09/2009,0,0,96(-4.00 %),0,0,0,0,10450775,40.26
29/09/2009,-53990,-5108905000,92(-4.17 %),1650,158375000,55640,5267280000,10672975,30.31
30/09/2009,2870,209610000,89(-3.26 %),84210,7577320000,81340,7367710000,10670105,30.32
01/10/2009,81900,7243125000,89(0.00 %),138400,12276500000,56500,5033375000,10588205,30.46
02/10/2009,-240630,-20751625000,85.5(-3.93 %),132020,11319230000,372650,32070855000,10828835,30.04
05/10/2009,-57700,-4954955000,84.5(-1.17 %),110280,9389080000,167980,14344035000,10886535,29.94
06/10/2009,-75700,-6472520000,87(2.96 %),34300,2918990000,110000,9391510000,10962235,29.81
07/10/2009,-101980,-9242785000,90.5(4.02 %),2770,248260000,104750,9491045000,11064215,29.63
08/10/2009,-6260,-566540000,91(0.55 %),20,1800000,6280,568340000,11070475,29.62
09/10/2009,-63000,-5778555000,91.5(0.55 %),46590,4273770000,109590,10052325000,11133475,29.51
12/10/2009,-2850,-264900000,92.5(1.09 %),20,1880000,2870,266780000,11136325,29.5
13/10/2009,25520,2368950000,93.5(1.08 %),29100,2700700000,3580,331750000,11110805,29.55
14/10/2009,-48870,-4563900000,95(1.60 %),21510,2031185000,70380,6595085000,11159675,29.46
15/10/2009,12590,1196040000,95(0.00 %),34100,3239500000,21510,2043460000,11147085,29.48
16/10/2009,-47700,-4514085000,94.5(-0.53 %),10400,983000000,58100,5497085000,11638345,28.62
19/10/2009,-85820,-8122980000,95(0.53 %),0,0,85820,8122980000,11280605,29.25
20/10/2009,-27860,-2681020000,96.5(1.58 %),2440,236180000,30300,2917200000,11308465,29.2
21/10/2009,-2540,-264060000,101(4.66 %),174060,17572540000,176600,17836600000,11311005,29.2
22/10/2009,-43970,-4421285000,100(-0.99 %),250,24875000,44220,4446160000,11354975,29.12
23/10/2009,-235360,-22466965000,95(-5.00 %),3640,358060000,239000,22825025000,11590335,28.71
26/10/2009,-310,-31870000,94(-1.05 %),3100,287400000,3410,319270000,11590645,28.71
27/10/2009,19100,1708050000,90(-4.26 %),22100,1990050000,3000,282000000,11571545,28.74
28/10/2009,-8760,-806680000,90.5(0.56 %),2340,214520000,11100,1021200000,11580305,28.72
29/10/2009,-33550,-2997450000,90(-0.55 %),4650,409025000,38200,3406475000,11613855,28.67
30/10/2009,-9900,-895795000,90.5(0.56 %),800,72655000,10700,968450000,11623755,28.65
02/11/2009,410,33325000,86(-4.97 %),34280,2948080000,33870,2914755000,11623345,28.65
03/11/2009,52460,4464825000,89(3.49 %),54480,4641355000,2020,176530000,11570885,28.74
04/11/2009,-16390,-1416460000,85(-4.49 %),230,20470000,16620,1436930000,11587275,28.71
05/11/2009,20000,1746500000,88(3.53 %),20000,1746500000,0,0,11567275,28.75
06/11/2009,-3950,-364360000,86.5(1.17 %),10820,902150000,14770,1266510000,11571225,28.74
09/11/2009,80670,6751150000,82.5(-4.62 %),81270,6800950000,600,49800000,11490555,28.88
10/11/2009,28200,2238520000,82(-0.61 %),32800,2612420000,4600,373900000,11462355,28.93
11/11/2009,4380,356110000,81.5(-0.61 %),4380,356110000,0,0,11457975,28.94
12/11/2009,20880,1732935000,85(4.29 %),22880,1902935000,2000,170000000,11437095,28.98
13/11/2009,-48590,-4051475000,83(-2.35 %),1000,83000000,49590,4134475000,11485685,28.89
16/11/2009,-5790,-478070000,82(-1.20 %),0,0,5790,478070000,11491475,28.88
17/11/2009,105820,8802590000,84(2.44 %),106180,8832740000,360,30150000,11385655,29.07
18/11/2009,18630,1561675000,86(2.38 %),35240,2961410000,16610,1399735000,11367025,29.1
19/11/2009,-4640,-399360000,85.5(-0.58 %),0,0,4640,399360000,11371665,29.09
20/11/2009,200,17050000,84.5(-1.17 %),300,25500000,100,8450000,11371465,29.09
23/11/2009,10270,827335000,80.5(-4.73 %),10500,845850000,230,18515000,11361195,29.11
24/11/2009,2380,196060000,80(-0.62 %),8790,709080000,6410,513020000,11358815,29.11
25/11/2009,-4780,-398270000,76(-5.00 %),6320,489730000,11100,888000000,11363595,29.1
26/11/2009,32160,2331600000,72.5(-4.61 %),54410,3944725000,22250,1613125000,11331435,29.16
27/11/2009,20260,1432025000,75.5(4.14 %),29430,2065365000,9170,633340000,11311175,29.2
30/11/2009,12300,929150000,75.5(0.00 %),15600,1179950000,3300,250800000,11298875,29.22
01/12/2009,-5860,-464090000,79(4.64 %),19500,1533350000,25360,1997440000,11304735,29.21
02/12/2009,-2410,-182890000,78(-1.27 %),6760,540140000,9170,723030000,11307145,29.2
03/12/2009,-4260,-323810000,78(0.00 %),2000,151000000,6260,474810000,11311405,29.2
04/12/2009,-17880,-1377050000,76(-2.56 %),9400,723150000,27280,2100200000,11329285,29.16
07/12/2009,-31500,-2367590000,76(0.00 %),2500,187500000,34000,2555090000,11360785,29.11
08/12/2009,-12470,-683835000,57(4.59 %),82530,4693165000,95000,5377000000,11373255,29.09
09/12/2009,-7990,-481605000,57(0.00 %),11010,601395000,19000,1083000000,11381245,29.07
10/12/2009,-440,-25510000,56.5(-0.88 %),8760,495090000,9200,520600000,11381685,29.07
11/12/2009,-7500,-407260000,55.5(-1.77 %),1000,56000000,8500,463260000,11389185,29.06
14/12/2009,-56750,-3097785000,56(0.90 %),250,13875000,57000,3111660000,11445935,28.96
15/12/2009,10320,578560000,56(0.00 %),30100,1685550000,19780,1106990000,11435615,28.98
16/12/2009,-25780,-1383120000,55(-1.79 %),55220,2981875000,81000,4364995000,11461395,28.93
17/12/2009,-90930,-4791125000,52.5(-4.55 %),10,525000,90940,4791650000,11552325,28.77
18/12/2009,-300190,-15976035000,55(4.76 %),31090,1616980000,331280,17593015000,11852515,28.25
21/12/2009,-3480,-200765000,57(3.64 %),1460,80300000,4940,281065000,11855995,28.24
22/12/2009,1640,98460000,57(0.00 %),25790,1472695000,24150,1374235000,11854355,28.24
23/12/2009,-91510,-5021555000,56(-1.75 %),20,1095000,91530,5022650000,11945865,28.08
24/12/2009,-74670,-4091195000,57(1.79 %),11330,632335000,86000,4723530000,12020535,27.95
25/12/2009,-28840,-1668095000,59.5(4.39 %),2860,164855000,31700,1832950000,12049375,27.9
28/12/2009,-37570,-2208625000,60(0.84 %),21400,1274650000,58970,3483275000,12086945,27.84
29/12/2009,-41620,-2432030000,60(0.00 %),20800,1245120000,62420,3677150000,12128565,27.76
30/12/2009,-114390,-6910190000,61.5(2.50 %),20,1190000,114410,6911380000,12242955,27.56
31/12/2009,-124530,-7602530000,60.5(-1.63 %),41800,2530700000,166330,10133230000,12367485,27.35
04/01/2010,-169100,-10680000000,63.5(4.96 %),0,0,169100,10680000000,12536585,27.05
05/01/2010,-702490,-46715585000,66.5(4.72 %),7840,521360000,710330,47236945000,13239075,25.82
06/01/2010,-201740,-14021010000,69.5(4.51 %),400,27200000,202140,14048210000,13440815,25.47
07/01/2010,-192140,-13932650000,72.5(4.32 %),9960,719600000,202100,14652250000,13632955,25.13
08/01/2010,-77210,-5453740000,69(-4.83 %),9590,698095000,86800,6151835000,13710165,25.0
11/01/2010,-6800,-468950000,67.5(-2.17 %),5770,383990000,12570,852940000,13716965,24.98
12/01/2010,-204920,-13291675000,64.5(-4.44 %),38950,2558450000,243870,15850125000,13921885,31.5
13/01/2010,-86470,-5690360000,65.5(1.55 %),16170,1021130000,102640,6711490000,14008355,31.39
14/01/2010,3570,253625000,66.5(1.53 %),31500,2103690000,27930,1850065000,14004785,31.39
15/01/2010,-113100,-7408755000,65.5(-1.50 %),38210,2508545000,151310,9917300000,14117885,31.25
18/01/2010,22130,1420450000,65(-0.76 %),22130,1420450000,0,0,14095755,31.28
19/01/2010,-21300,-1426805000,65(0.00 %),33180,2164490000,54480,3591295000,14117055,31.25
20/01/2010,-250,-19100000,63(-3.08 %),42791,2821606000,43041,2840706000,14117305,31.25
21/01/2010,71020,4416940000,62.5(-0.79 %),72980,4540420000,1960,123480000,14046285,31.34
22/01/2010,14800,905800000,61(-2.40 %),14800,905800000,0,0,14031485,31.36
25/01/2010,28630,1756490000,63(3.28 %),29330,1799440000,700,42950000,14002855,31.4
26/01/2010,-128960,-8395320000,65(3.17 %),28960,1882400000,157920,10277720000,14131815,31.23
27/01/2010,-35680,-2246160000,64(-1.54 %),21060,1348590000,56740,3594750000,14167495,31.19
28/01/2010,600,37200000,61.5(-3.91 %),600,37200000,0,0,14166895,31.19
29/01/2010,-360,-22795000,61(-0.81 %),3810,232735000,4170,255530000,14167255,31.19
01/02/2010,97900,6227400000,64(4.92 %),100000,6357800000,2100,130400000,14069355,31.31
02/02/2010,81560,5284270000,64.5(0.78 %),100030,6491435000,18470,1207165000,13987795,31.42
03/02/2010,67890,4454730000,66(2.33 %),112780,7402295000,44890,2947565000,13919905,31.5
04/02/2010,20000,1342500000,66.5(0.76 %),100000,6636000000,80000,5293500000,13899905,31.53
05/02/2010,3750,273325000,65(-2.26 %),100400,6545720000,96650,6272395000,13896155,31.53
08/02/2010,-42940,-2782900000,64.5(-0.77 %),300,19200000,43240,2802100000,13939095,31.48
09/02/2010,-43210,-2755870000,64(-0.78 %),20000,1282000000,63210,4037870000,13982305,31.42
10/02/2010,-65210,-4153575000,64(0.00 %),790,50420000,66000,4203995000,14047515,31.34
11/02/2010,250,16125000,64.5(0.78 %),250,16125000,0,0,14047265,31.34
12/02/2010,-19980,-1299715000,65.5(1.55 %),10020,655285000,30000,1955000000,14067245,31.32
22/02/2010,-47630,-3087655000,65.5(0.00 %),25320,1649460000,72950,4737115000,14114875,31.26
23/02/2010,15270,992775000,64(-2.29 %),33010,2123135000,17740,1130360000,14099605,31.27
24/02/2010,-52510,-3301650000,63.5(-0.78 %),10900,691250000,63410,3992900000,14152115,31.21
25/02/2010,-87450,-5495255000,62.5(-1.57 %),20000,1259000000,107450,6754255000,14239565,31.1
26/02/2010,-64220,-3992215000,62(-0.80 %),41070,2540305000,105290,6532520000,18487417,31.02
01/03/2010,-114440,-7153180000,63.5(2.42 %),17160,1070920000,131600,8224100000,18601857,25.62
02/03/2010,-84040,-5349515000,64(0.79 %),13020,825280000,97060,6174795000,18685897,25.51
03/03/2010,-105310,-6754505000,65(1.56 %),0,0,105310,6754505000,18791207,25.38
04/03/2010,-119500,-8116500000,68(4.62 %),1000,67500000,120500,8184000000,18910707,25.23
05/03/2010,-128200,-9031650000,71(4.41 %),131250,9252920000,259450,18284570000,19038907,25.07
08/03/2010,-1130,-83655000,71(0.00 %),20770,1474095000,21900,1557750000,19040037,25.06
09/03/2010,28980,2092900000,71.5(0.70 %),50200,3610850000,21220,1517950000,19011057,25.1
10/03/2010,550,39050000,70(-2.10 %),550,39050000,0,0,19010507,25.1
11/03/2010,-45410,-3132200000,69(-1.43 %),20000,1380000000,65410,4512200000,19055917,25.04
12/03/2010,-62470,-4309405000,69(0.00 %),3530,244765000,66000,4554170000,19118387,24.97
15/03/2010,51300,3539700000,69.5(0.72 %),51300,3539700000,0,0,19067087,25.03
16/03/2010,2260,153370000,67(-3.60 %),3000,204000000,740,50630000,19064827,25.03
17/03/2010,29770,1956400000,65(-2.99 %),30550,2007125000,780,50725000,19035057,25.07
18/03/2010,0,0,67.5(3.85 %),0,0,0,0,19035057,25.07
19/03/2010,-15200,-1018400000,67(-0.74 %),610,40870000,15810,1059270000,19050257,25.05
22/03/2010,-71490,-4683390000,65.5(-2.24 %),4850,324500000,76340,5007890000,19121747,24.96
23/03/2010,150,6940000,65(-0.76 %),5490,354040000,5340,347100000,19121597,24.96
24/03/2010,2440,156365000,65.5(0.77 %),4120,266405000,1680,110040000,19119157,25.46
25/03/2010,0,0,63(-3.82 %),0,0,0,0,19119157,25.46
26/03/2010,-19530,-1218190000,62(-1.59 %),10300,638900000,29830,1857090000,19138687,25.44
29/03/2010,1970,120725000,65(4.84 %),6820,426700000,4850,305975000,19136717,25.44
30/03/2010,-145700,-9208410000,62.5(-3.85 %),0,0,145700,9208410000,19282417,25.26
31/03/2010,-17490,-1101995000,63(0.80 %),58630,3679065000,76120,4781060000,19299907,25.24
01/04/2010,32440,2062880000,64(1.59 %),127440,8059890000,95000,5997010000,19267467,25.28
02/04/2010,81810,5226190000,64(0.00 %),81810,5226190000,0,0,19185657,25.38
05/04/2010,31770,2044770000,64(0.00 %),81770,5261880000,50000,3217110000,19153887,25.42
06/04/2010,-45820,-2963940000,65(1.56 %),59280,3833560000,105100,6797500000,19199707,25.36
07/04/2010,12570,879050000,65(0.00 %),100100,6584100000,87530,5705050000,19187137,25.38
08/04/2010,-92630,-6000485000,64.5(-0.77 %),32370,2109485000,125000,8109970000,19279767,25.26
09/04/2010,32600,2131800000,66(2.33 %),44780,2927590000,12180,795790000,19247167,25.3
12/04/2010,74350,4899295000,66(0.00 %),76010,5008855000,1660,109560000,19172817,25.4
13/04/2010,4290,284380000,65(-1.52 %),40000,2615000000,35710,2330620000,19168527,25.4
14/04/2010,-63680,-4065720000,65(0.00 %),46000,2959500000,109680,7025220000,19232207,25.32
15/04/2010,72890,4751850000,65.5(0.77 %),149250,9724250000,76360,4972400000,19159317,25.41
16/04/2010,76740,5058345000,65.5(0.00 %),102800,6770900000,26060,1712555000,19082577,25.51
19/04/2010,34530,2252360000,65(-0.76 %),55830,3626635000,21300,1374275000,19048047,25.55
20/04/2010,-47380,-3028335000,64(-1.54 %),20750,1333235000,68130,4361570000,19095427,25.49
21/04/2010,67500,4362335000,65(1.56 %),94830,6125620000,27330,1763285000,19027927,25.57
22/04/2010,68860,4572760000,66.5(2.31 %),69360,4605760000,500,33000000,18959067,25.66
26/04/2010,100070,6616960000,65.5(-1.50 %),108210,7156520000,8140,539560000,18496147,0.0
27/04/2010,58440,3835940000,65.5(0.00 %),59670,3917120000,1230,81180000,18800557,25.85
28/04/2010,204340,13720200000,67.5(3.05 %),207560,13937550000,3220,217350000,18596217,26.11
29/04/2010,4650,305025000,66.5(-1.48 %),10020,666370000,5370,361345000,18591567,26.11
04/05/2010,131390,8915580000,68(2.26 %),139120,9436925000,7730,521345000,18460177,26.27
05/05/2010,4970,321260000,68(0.00 %),9900,655500000,4930,334240000,18455207,26.28
06/05/2010,-6400,-431500000,67(-1.47 %),0,0,6400,431500000,18461607,26.27
07/05/2010,-107540,-5658795000,53(-1.12 %),29930,1558255000,137470,7217050000,18569147,26.14
10/05/2010,11230,589275000,51(-3.77 %),35670,1844275000,24440,1255000000,18557917,26.15
12/05/2010,-15640,-803210000,51.5(-0.96 %),11260,577140000,26900,1380350000,18573557,26.13
13/05/2010,55830,2860180000,51(-0.97 %),55830,2860180000,0,0,18517727,26.2
14/05/2010,196860,10268850000,53(3.92 %),236860,12353850000,40000,2085000000,18320867,26.45
17/05/2010,122720,6440435000,52(-1.89 %),126000,6613500000,3280,173065000,18198147,26.6
18/05/2010,78100,4042780000,52(0.00 %),79680,4123360000,1580,80580000,18120047,26.69
19/05/2010,-32300,-1632850000,51(-1.92 %),13330,686095000,45630,2318945000,18152347,26.65
20/05/2010,114480,5802429000,52(1.96 %),115050,5830530000,570,28101000,18037867,26.79
21/05/2010,91370,4634332000,49.6(-4.62 %),119700,6055752000,28330,1421420000,17946497,26.91
24/05/2010,108860,5490445000,51(2.82 %),148860,7495445000,40000,2005000000,17837637,27.04
25/05/2010,90730,4632585000,51(0.00 %),95030,4853930000,4300,221345000,17746907,27.15
26/05/2010,91790,4688730000,51.5(0.98 %),120990,6185430000,29200,1496700000,17655117,27.26
27/05/2010,152460,7858760000,52(0.97 %),194390,10024125000,41930,2165365000,17502657,27.45
28/05/2010,207040,11061230000,54(3.85 %),237430,12687095000,30390,1625865000,17295617,27.71
31/05/2010,109960,5850535000,53.5(-0.93 %),144670,7701020000,34710,1850485000,17185657,27.84
01/06/2010,72420,3866945000,53.5(0.00 %),92420,4931945000,20000,1065000000,17113237,27.93
02/06/2010,144090,7673445000,53.5(0.00 %),176700,9408765000,32610,1735320000,16969147,28.11
03/06/2010,92000,4968690000,54(0.93 %),102000,5503690000,10000,535000000,16877147,28.22
04/06/2010,129700,7003800000,54(0.00 %),170010,9180540000,40310,2176740000,16747447,28.38
07/06/2010,148550,7870390000,53(-1.85 %),255190,13528540000,106640,5658150000,16598897,28.57
08/06/2010,113820,6041460000,53.5(0.94 %),133360,7078080000,19540,1036620000,16485077,28.71
09/06/2010,143240,7743965000,53.5(0.00 %),194430,10492005000,51190,2748040000,16341837,28.88
10/06/2010,47000,2511500000,54(0.93 %),47000,2511500000,0,0,16294837,28.94
11/06/2010,62000,3317000000,54.5(0.93 %),166594,8703591000,104594,5386591000,16232837,29.02
14/06/2010,-10060,-546140000,53.5(-1.83 %),16650,888700000,26710,1434840000,16242897,29.0
15/06/2010,185450,9831870000,54(0.93 %),203210,10780550000,17760,948680000,16057447,29.23
16/06/2010,39200,2111300000,54(0.00 %),49200,2651300000,10000,540000000,16018247,29.28
17/06/2010,22740,1236100000,54(0.00 %),146018,7689987000,123278,6453887000,15995507,29.31
18/06/2010,-4650,-244145000,53.5(-0.93 %),25550,1363215000,30200,1607360000,16000157,29.3
21/06/2010,49240,2626005000,54(0.93 %),69330,3703320000,20090,1077315000,15950917,29.36
22/06/2010,23080,1243280000,53.5(-0.93 %),38150,2034525000,15070,791245000,21522558,18.05
23/06/2010,89550,4741150000,53.5(0.00 %),89550,4741150000,0,0,21433008,27.84
24/06/2010,99330,5266130000,53(-0.93 %),111400,5905850000,12070,639720000,21333678,27.94
25/06/2010,28280,1471060000,52(-1.89 %),28280,1471060000,0,0,21305398,27.96
28/06/2010,-81140,-4149840000,52(0.00 %),1500,77500000,82640,4227340000,21386538,27.88
29/06/2010,0,0,52.5(0.96 %),0,0,0,0,21386538,27.88
30/06/2010,78620,4092140000,52.5(0.00 %),80360,4183490000,1740,91350000,21307918,27.96
01/07/2010,93000,4830570000,52(-0.95 %),100000,5194570000,7000,364000000,21214918,28.05
02/07/2010,-31030,-1594060000,52(0.00 %),100,5200000,31130,1599260000,21245948,28.02
05/07/2010,66390,3467425000,52.5(0.96 %),66390,3467425000,0,0,21179558,28.09
06/07/2010,25000,1295000000,52(-0.95 %),25000,1295000000,0,0,21154558,28.11
07/07/2010,1000,52250000,51(-1.92 %),1000,52250000,0,0,21153558,28.11
08/07/2010,12890,658890000,52(1.96 %),20000,1023500000,7110,364610000,21140668,28.13
09/07/2010,5740,289445000,52(0.00 %),10000,510000000,4260,220555000,21134928,28.13
12/07/2010,0,0,52(0.00 %),0,0,0,0,21134928,28.13
13/07/2010,72230,3732670000,52(0.00 %),72230,3732670000,0,0,21062698,28.2
14/07/2010,50000,2582500000,52.5(0.96 %),50000,2582500000,0,0,21012698,28.25
15/07/2010,32000,1651500000,52(-0.95 %),32000,1651500000,0,0,20980698,28.28
16/07/2010,21440,1100880000,52(0.00 %),21440,1100880000,0,0,20959258,28.3
19/07/2010,150910,7771815000,52(0.00 %),151540,7804260000,630,32445000,20808348,28.45
20/07/2010,115050,5973385000,52.5(0.96 %),115050,5973385000,0,0,20693298,28.57
21/07/2010,187370,9831825000,52.5(0.00 %),192200,10085400000,4830,253575000,20505928,28.75
22/07/2010,148460,7719920000,52(-0.95 %),160100,8325200000,11640,605280000,20357468,28.9
23/07/2010,218440,11465540000,53(1.92 %),221000,11599500000,2560,133960000,20139028,29.11
26/07/2010,81360,4312230000,53.5(0.94 %),81360,4312230000,0,0,20057668,29.2
27/07/2010,72640,3941295000,55(2.80 %),82780,4501510000,10140,560215000,19985028,29.27
28/07/2010,-84440,-4463395000,52.5(-4.55 %),173200,9170300000,257640,13633695000,20069468,29.18
29/07/2010,-1310,-68120000,53(0.95 %),30,1560000,1340,69680000,20070778,29.18
30/07/2010,-95860,-4963575000,52(-1.89 %),50040,2594580000,145900,7558155000,20166638,29.09
02/08/2010,130,5320000,52(0.00 %),1040,53095000,910,47775000,20166508,29.09
03/08/2010,11610,609525000,52(0.00 %),20000,1043000000,8390,433475000,20154898,29.1
04/08/2010,26360,1362695000,52(0.00 %),26560,1373095000,200,10400000,20128538,29.13
05/08/2010,128380,6719835000,52.5(0.96 %),138380,7240260000,10000,520425000,20000158,29.25
06/08/2010,124980,6562560000,52.5(0.00 %),151070,7930785000,26090,1368225000,19875178,29.38
09/08/2010,141000,7340900000,52(-0.95 %),151000,7865900000,10000,525000000,19734178,29.51
10/08/2010,191490,9819930000,51(-1.92 %),200050,10256550000,8560,436620000,19542688,29.7
11/08/2010,120590,6227595000,52(1.96 %),150690,7765295000,30100,1537700000,0,49.12
12/08/2010,-25870,-1297924000,49.6(-4.62 %),0,0,25870,1297924000,19447968,29.8
13/08/2010,10530,509468000,51(2.82 %),14220,692492000,3690,183024000,19437438,29.81
16/08/2010,152000,7989620000,53(3.92 %),172000,9049620000,20000,1060000000,19285438,29.96
17/08/2010,43010,2236520000,52(-1.89 %),43010,2236520000,0,0,19015928,0.0
18/08/2010,-50320,-2526345000,50.5(-2.88 %),0,0,50320,2526345000,19292748,29.95
19/08/2010,88420,4516630000,51.5(1.98 %),105500,5386750000,17080,870120000,19204328,0.0
20/08/2010,145390,7510280000,52(0.97 %),145390,7510280000,0,0,19058938,30.18
23/08/2010,-31200,-1606570000,51.5(-0.96 %),74280,3788590000,105480,5395160000,19090138,30.15
24/08/2010,47110,2376700000,51(-0.97 %),100000,5068750000,52890,2692050000,19043028,30.2
25/08/2010,20570,1111909000,50(-1.96 %),209820,10530562000,189250,9418653000,19022458,30.22
26/08/2010,-36260,-1836547000,50.5(1.00 %),203800,10213237000,240060,12049784000,19058718,30.18
27/08/2010,-66720,-3327378000,51(0.99 %),182020,9178477000,248740,12505855000,19125438,30.12
30/08/2010,46900,2422260000,52.5(2.94 %),121520,6295370000,74620,3873110000,19078538,30.16
31/08/2010,97040,5091365000,53(0.95 %),146780,7710035000,49740,2618670000,18981498,30.26
01/09/2010,114330,6009470000,53(0.00 %),124330,6539470000,10000,530000000,18867168,30.37
06/09/2010,139110,7377200000,53.5(0.94 %),220030,11666835000,80920,4289635000,18728058,30.51
07/09/2010,113020,6009050000,53.5(0.00 %),133020,7069050000,20000,1060000000,18615038,30.62
08/09/2010,162330,8574220000,53(-0.93 %),196880,10403870000,34550,1829650000,18452708,30.78
09/09/2010,126280,6671270000,53(0.00 %),127400,6730560000,1120,59290000,18326428,30.9
10/09/2010,118910,6226180000,52.5(-0.94 %),150225,7807588000,31315,1581408000,18207518,31.02
13/09/2010,89680,4652295000,52(-0.95 %),89680,4652295000,0,0,18117838,31.11
14/09/2010,-6850,-355945000,52(0.00 %),0,0,6850,355945000,18124688,31.1
15/09/2010,284310,14950260000,53(1.92 %),380540,20001720000,96230,5051460000,0,0.0
16/09/2010,93650,4971465000,53.5(0.94 %),169370,9000735000,75720,4029270000,0,49.09
17/09/2010,303900,16413230000,54.5(1.87 %),373900,20185230000,70000,3772000000,0,49.39
20/09/2010,267050,14645370000,56(2.75 %),332090,18254440000,65040,3609070000,0,49.66
21/09/2010,-70290,-3830805000,54.5(-2.68 %),0,0,70290,3830805000,0,49.59
22/09/2010,24900,1351550000,55(0.92 %),24900,1351550000,0,0,0,49.61
23/09/2010,36450,1967495000,54(-1.82 %),125110,6730940000,88660,4763445000,0,49.65
24/09/2010,90000,4816165000,54.5(0.93 %),200000,10728000000,110000,5911835000,0,49.74
27/09/2010,180050,9749225000,55(0.92 %),300050,16262725000,120000,6513500000,0,49.91
28/09/2010,210370,11707170000,56(1.82 %),409920,22815420000,199550,11108250000,0,50.12
29/09/2010,185470,10291820000,55.5(-0.89 %),185470,10291820000,0,0,0,50.3
30/09/2010,56640,3128630000,55.5(0.00 %),57940,3200780000,1300,72150000,16462188,50.36
01/10/2010,41620,2297155000,55(-0.90 %),60110,3314350000,18490,1017195000,16420568,32.79
04/10/2010,100900,5425760000,54(0.00 %),101820,5475440000,920,49680000,16319668,32.89
05/10/2010,68070,3660510000,54.5(0.93 %),68820,3701010000,750,40500000,16251598,32.95
06/10/2010,56800,3097180000,55(0.92 %),88860,4848435000,32060,1751255000,16194798,33.01
07/10/2010,65210,3595130000,55.5(0.91 %),171480,9441425000,106270,5846295000,16129588,33.07
08/10/2010,12510,684425000,55(-0.90 %),37510,2059425000,25000,1375000000,16117078,33.09
11/10/2010,-144460,-7837815000,55(0.00 %),1370,73980000,145830,7911795000,16261538,32.94
12/10/2010,-10380,-569060000,54(-1.82 %),500,27000000,10880,596060000,16271918,32.93
13/10/2010,20910,1122925000,54(0.00 %),45910,2472925000,25000,1350000000,16251008,32.95
14/10/2010,26230,1406840000,54(0.00 %),52650,2833520000,26420,1426680000,16224778,32.98
15/10/2010,-35850,-1905200000,53.5(-0.93 %),46700,2487450000,82550,4392650000,0,0.0
18/10/2010,-27790,-1477370000,53.5(0.00 %),12610,673030000,40400,2150400000,27790,48.97
19/10/2010,-81580,-4298430000,52.5(-1.87 %),91380,4819450000,172960,9117880000,109370,48.89
20/10/2010,-56350,-2946375000,52.5(0.00 %),3050,158625000,59400,3105000000,165720,48.84
21/10/2010,-59740,-3107480000,52(-0.95 %),23160,1204320000,82900,4311800000,225460,48.78
22/10/2010,-47120,-2439800000,52.5(0.96 %),30880,1621200000,78000,4061000000,272580,48.73
25/10/2010,-243670,-12712185000,52.5(0.00 %),129230,6724410000,372900,19436595000,516250,48.49
26/10/2010,-42500,-2231250000,53(0.95 %),7500,393750000,50000,2625000000,558750,48.45
27/10/2010,-135700,-7088160000,53(0.00 %),18280,968840000,153980,8057000000,694450,48.31
28/10/2010,-100000,-5227675000,52.5(-0.94 %),0,0,100000,5227675000,794450,48.22
29/10/2010,-50930,-2666135000,53(0.95 %),780,41125000,51710,2707260000,845380,48.17
01/11/2010,10490,555970000,53(0.00 %),25080,1329240000,14590,773270000,834890,48.18
02/11/2010,-64060,-3304410000,52.5(-0.94 %),500,26250000,64560,3330660000,898950,48.11
03/11/2010,-42060,-2147120000,52(-0.95 %),23150,1203800000,65210,3350920000,941010,48.07
04/11/2010,-28920,-1488295000,52(0.00 %),21080,1081210000,50000,2569505000,969930,48.04
05/11/2010,10390,545775000,52.5(0.96 %),23150,1215375000,12760,669600000,959540,48.05
08/11/2010,-178160,-9131120000,51(-2.86 %),8900,454170000,187060,9585290000,1137700,47.88
09/11/2010,-121770,-6130595000,51(0.00 %),21630,1103130000,143400,7233725000,1259470,47.76
10/11/2010,-26550,-1354200000,51(0.00 %),23450,1195800000,50000,2550000000,1286020,47.73
11/11/2010,-23140,-1173870000,51(0.00 %),2100,108050000,25240,1281920000,1309160,47.71
12/11/2010,-5600,-253609000,51(0.00 %),24400,1244200000,30000,1497809000,1314760,47.7
15/11/2010,-50900,-2540587000,50(-1.96 %),7660,387010000,58560,2927597000,1365660,47.65
16/11/2010,-27800,-1342895000,50(0.00 %),10200,496950000,38000,1839845000,1393460,47.62
17/11/2010,-61950,-3011950000,47.6(-4.80 %),650,32495000,62600,3044445000,1455410,47.56
18/11/2010,14070,691414000,49.3(3.57 %),14070,691414000,0,0,1441340,47.58
19/11/2010,2990,161429000,49.3(0.00 %),12990,640394000,10000,478965000,1438350,47.58
22/11/2010,-25860,-1223876000,48.8(-1.01 %),23270,1135552000,49130,2359428000,1464210,47.55
23/11/2010,34450,1688424000,49(0.41 %),69630,3406576000,35180,1718152000,1429760,47.59
24/11/2010,4230,209840000,49(0.00 %),44240,2163380000,40010,1953540000,1425530,47.59
25/11/2010,-31380,-1545550000,49.5(1.02 %),12270,605111000,43650,2150661000,1456910,47.56
26/11/2010,-75800,-3787380000,50.5(2.02 %),200,9900000,76000,3797280000,1532710,47.49
29/11/2010,-6270,-283827000,51(0.99 %),76360,3873463000,82630,4157290000,1538980,47.48
30/11/2010,-167760,-8574795000,51.5(0.98 %),14240,727240000,182000,9302035000,1706740,47.31
01/12/2010,-46040,-2323940000,50.5(-1.94 %),21720,1090150000,67760,3414090000,1752780,47.27
02/12/2010,87340,4406140000,50.5(0.00 %),203000,10231480000,115660,5825340000,1665440,47.36
03/12/2010,-38180,-1928090000,50.5(0.00 %),0,0,38180,1928090000,1703620,47.32
06/12/2010,-192260,-9688535000,51(0.99 %),30370,1533635000,222630,11222170000,1895880,47.13
07/12/2010,-42730,-2147740000,50.5(-0.98 %),21420,1078510000,64150,3226250000,1938610,47.09
08/12/2010,-22600,-1127260000,49.9(-1.19 %),2700,136200000,25300,1263460000,1961210,47.06
09/12/2010,0,0,49.9(0.00 %),0,0,0,0,1961210,47.06
10/12/2010,-28480,-1417711000,50.5(1.20 %),37710,1890889000,66190,3308600000,1989690,47.04
13/12/2010,-172050,-8748560000,52(2.97 %),22840,1155920000,194890,9904480000,2161740,46.87
14/12/2010,-49760,-2481304000,50.5(-2.88 %),119070,6005185000,168830,8486489000,2211500,46.82
15/12/2010,-69430,-3511130000,51(0.99 %),23040,1158685000,92470,4669815000,2280930,46.75
16/12/2010,-2720,-133585000,50.5(-0.98 %),34590,1723400000,37310,1856985000,2283650,46.75
17/12/2010,-1400,-69450000,50.5(0.00 %),19520,980850000,20920,1050300000,2285050,46.74
20/12/2010,-78670,-3878504000,49.5(-1.98 %),11110,551195000,89780,4429699000,2363720,46.67
21/12/2010,42620,2086287000,49(-1.01 %),122710,6015155000,80090,3928868000,2321100,46.71
22/12/2010,11840,601863000,49.5(1.02 %),91190,4486513000,79350,3884650000,2309260,46.72
23/12/2010,-36080,-1743080000,48(-3.03 %),45590,2222345000,81670,3965425000,2345340,46.68
24/12/2010,24310,1203566000,50(4.17 %),31690,1564172000,7380,360606000,2321030,46.71
27/12/2010,4030,206645000,50.5(1.00 %),16770,844145000,12740,637500000,2317000,46.71
28/12/2010,57320,2890355000,51(0.99 %),60000,3025760000,2680,135405000,2259680,46.77
29/12/2010,35950,1841210000,51.5(0.98 %),62000,3155800000,26050,1314590000,2223730,46.8
30/12/2010,-80550,-4078890000,51.5(0.00 %),61950,3146325000,142500,7225215000,2304280,46.72
31/12/2010,65780,3373920000,51.5(0.00 %),129500,6625500000,63720,3251580000,2238500,46.79
04/01/2011,92510,4737165000,52(0.97 %),114280,5857110000,21770,1119945000,2145990,46.88
05/01/2011,30610,1575075000,52(0.00 %),80610,4147575000,50000,2572500000,2115380,46.91
06/01/2011,188190,9736760000,52.5(0.96 %),188190,9736760000,0,0,1927190,47.1
07/01/2011,-50160,-2576945000,52(-0.95 %),5490,280235000,55650,2857180000,1977350,47.05
10/01/2011,27710,1427555000,51.5(-0.96 %),37370,1925045000,9660,497490000,1949640,47.07
11/01/2011,25340,1309550000,52(0.97 %),27040,1397950000,1700,88400000,1924300,47.1
12/01/2011,-5990,-310180000,52(0.00 %),200,10200000,6190,320380000,1930290,47.09
13/01/2011,19830,1019245000,52(0.00 %),19830,1019245000,0,0,1910460,47.11
14/01/2011,69500,3605345000,52.5(0.96 %),70370,3651020000,870,45675000,1840960,47.46
17/01/2011,-2980,-155245000,53(0.95 %),27350,1432080000,30330,1587325000,1843940,47.46
18/01/2011,52110,2741640000,53(0.00 %),52110,2741640000,0,0,1791830,47.23
19/01/2011,44940,2389170000,53(0.00 %),95380,5062490000,50440,2673320000,1746890,47.28
20/01/2011,12160,647850000,53(0.00 %),20740,1097220000,8580,449370000,1734730,47.29
21/01/2011,-141180,-7404325000,53(0.00 %),45930,2397615000,187110,9801940000,1875910,47.15
24/01/2011,-27560,-1455910000,53(0.00 %),12440,657820000,40000,2113730000,1903470,47.12
25/01/2011,72500,3820250000,53.5(0.94 %),120020,6348500000,47520,2528250000,1830970,47.19
26/01/2011,70210,3757865000,54(0.93 %),93510,5002165000,23300,1244300000,1760760,48.31
27/01/2011,67180,3600510000,54(0.00 %),82280,4415910000,15100,815400000,1693580,47.33
28/01/2011,-13200,-761395000,55(1.85 %),71800,3856195000,85000,4617590000,1706780,47.31
08/02/2011,-15680,-862750000,55(0.00 %),49320,2709750000,65000,3572500000,1722460,47.3
09/02/2011,-54560,-2973400000,54.5(-0.91 %),9910,540450000,64470,3513850000,1777020,47.51
10/02/2011,-13180,-706280000,54(-0.92 %),100,5350000,13280,711630000,1790200,47.23
11/02/2011,-22000,-1179900000,54(0.00 %),11000,591500000,33000,1771400000,1812200,47.48
14/02/2011,-53840,-2878530000,54(0.00 %),1270,68480000,55110,2947010000,1866040,47.16
15/02/2011,-15100,-807855000,53(-1.85 %),5220,278270000,20320,1086125000,1881140,47.14
16/02/2011,-38930,-2073955000,53.5(0.94 %),2200,116400000,41130,2190355000,1920070,47.1
17/02/2011,-830,-45670000,53.5(0.00 %),24170,1284330000,25000,1330000000,1920900,47.1
18/02/2011,-3090,-160670000,52.5(-1.87 %),9220,486450000,12310,647120000,1923990,47.1
21/02/2011,-57600,-2940095000,51(-2.86 %),1700,87700000,59300,3027795000,2116070,46.91
22/02/2011,-69820,-3460694000,49.9(-2.16 %),0,0,69820,3460694000,1993810,47.03
23/02/2011,-12460,-598594000,49.9(0.00 %),11540,572406000,24000,1171000000,2006270,47.02
24/02/2011,-52200,-2544070000,49.9(0.00 %),0,0,52200,2544070000,2058470,46.97
25/02/2011,-16850,-836783000,49.9(0.00 %),10160,506780000,27010,1343563000,2075320,46.95
28/02/2011,-17500,-871650000,49.8(-0.20 %),1790,89321000,19290,960971000,2092820,46.93
01/03/2011,-9310,-460205000,49.5(-0.60 %),35000,1717240000,44310,2177445000,2102130,46.92
02/03/2011,32010,1528399000,48.8(-1.41 %),52220,2511932000,20210,983533000,2070120,46.96
03/03/2011,49740,2363566000,46.9(-3.89 %),50020,2377230000,280,13664000,0,0.0
04/03/2011,38420,1823878000,48(2.35 %),52250,2486651000,13830,662773000,0,0.0
07/03/2011,42600,2024297000,48.2(0.42 %),84100,4021297000,41500,1997000000,0,0.0
08/03/2011,19880,944100000,47.5(-1.45 %),19880,944100000,0,0,0,0.0
09/03/2011,-18780,-865786000,47(-1.05 %),22750,1070030000,41530,1935816000,0,0.0
10/03/2011,-100130,-4823381000,48.9(4.04 %),18390,877035000,118520,5700416000,0,0.0
11/03/2011,-90200,-4323766000,48(-1.84 %),12400,592800000,102600,4916566000,0,0.0
14/03/2011,-8770,-414190000,47.3(-1.46 %),500,23500000,9270,437690000,0,0.0
15/03/2011,-34060,-1588520000,47(-0.63 %),0,0,34060,1588520000,0,0.0
16/03/2011,-28990,-1349987000,46.9(-0.21 %),100,4700000,29090,1354687000,23320484,29.49
17/03/2011,-54380,-2504016000,46.8(-0.21 %),0,0,54380,2504016000,23374864,29.44
18/03/2011,-80110,-3628594000,45(-3.85 %),1030,48150000,81140,3676744000,23454974,29.38
21/03/2011,-31080,-1397590000,45.1(0.22 %),0,0,31080,1397590000,23486054,29.35
22/03/2011,-51290,-2211429000,42.9(-4.88 %),22600,993610000,73890,3205039000,23537344,29.31
23/03/2011,-5260,-226176000,43(0.23 %),7320,319520000,12580,545696000,23542604,29.3
24/03/2011,-11810,-512065000,43.3(0.70 %),40,1732000,11850,513797000,23554414,29.29
25/03/2011,9830,423550000,43(-0.69 %),40830,1758550000,31000,1335000000,23544584,29.3
28/03/2011,-13380,-575308000,42.9(-0.23 %),33400,1434900000,46780,2010208000,23557964,29.29
29/03/2011,28520,1226047000,43(0.23 %),28520,1226047000,0,0,23529444,29.31
30/03/2011,21400,917332000,43.1(0.23 %),21400,917332000,0,0,23508044,29.33
31/03/2011,2090,89976000,42.9(-0.46 %),7000,301000000,4910,211024000,23505954,29.33
01/04/2011,1200,51600000,43(0.23 %),1200,51600000,0,0,23674877,29.19
04/04/2011,17780,763910000,43.3(0.70 %),43830,1877410000,26050,1113500000,23657097,29.21
05/04/2011,12130,519214000,43.1(-0.46 %),27000,1160000000,14870,640786000,23644967,29.22
06/04/2011,-2190,-97318000,43.2(0.23 %),11600,498360000,13790,595678000,23647157,29.21
07/04/2011,24340,1044202000,43.2(0.00 %),25550,1096257000,1210,52055000,23622817,29.23
08/04/2011,15460,661647000,43.2(0.00 %),27010,1160307000,11550,498660000,23607357,29.25
13/04/2011,-4570,-196925000,43(-0.46 %),20100,864260000,24670,1061185000,23611927,29.24
14/04/2011,370,30433000,41.5(-3.49 %),30900,1316972000,30530,1286539000,23611557,29.24
15/04/2011,-20520,-856457000,41.7(0.48 %),47100,1954798000,67620,2811255000,23632077,29.23
18/04/2011,-5680,-235348000,41.4(-0.72 %),5990,248154000,11670,483502000,23637757,29.22
19/04/2011,7410,299469000,41.1(-0.72 %),45570,1865885000,38160,1566416000,23630347,29.23
20/04/2011,34060,1395686000,41(-0.24 %),75370,3089476000,41310,1693790000,23596287,29.26
21/04/2011,-4770,-193907000,40.5(-1.22 %),20000,811500000,24770,1005407000,23601057,29.25
22/04/2011,10140,409942000,40.9(0.99 %),10140,409942000,0,0,23590917,29.26
25/04/2011,-18340,-752014000,41(0.24 %),10000,409000000,28340,1161014000,23609257,29.25
26/04/2011,-3500,-141972000,40.5(-1.22 %),12160,492480000,15660,634452000,23612757,29.24
27/04/2011,-31430,-1258075000,40(-1.23 %),24750,990909000,56180,2248984000,23644187,29.22
28/04/2011,-30410,-1205213000,40.1(0.25 %),50,1995000,30460,1207208000,23674597,29.19
29/04/2011,10890,440010000,40.5(1.00 %),11510,464410000,620,24400000,23663707,29.2
04/05/2011,-11640,-464495000,39.9(-1.48 %),100,3990000,11740,468485000,23581257,29.27
05/05/2011,10620,416762000,39.5(-1.00 %),11790,462930000,1170,46168000,23570637,29.28
06/05/2011,14740,571412000,38.8(-1.77 %),25000,969500000,10260,398088000,23555897,29.29
09/05/2011,53950,2097648000,38.8(0.00 %),55200,2146312000,1250,48664000,23501947,29.34
10/05/2011,17300,671540000,39(0.52 %),29300,1135260000,12000,463720000,23484647,29.35
11/05/2011,-2700,-109880000,39.3(0.77 %),28800,1123830000,31500,1233710000,23487347,29.35
12/05/2011,64630,2538095000,39.2(-0.25 %),100090,3928028000,35460,1389933000,23422717,29.4
13/05/2011,2880,115024000,39(-0.51 %),30000,1173000000,27120,1057976000,23419837,29.4
16/05/2011,-6080,-219270000,38(-2.56 %),30600,1187670000,36680,1406940000,23425917,29.4
17/05/2011,56120,2131672000,38(0.00 %),63200,2400760000,7080,269088000,23369797,29.45
18/05/2011,18900,712888000,37(-2.63 %),50000,1870350000,31100,1157462000,23350897,29.46
19/05/2011,17420,626824000,36.6(-1.08 %),50200,1821000000,32780,1194176000,23333477,29.48
20/05/2011,-8200,-291166000,36(-1.64 %),22380,813628000,30580,1104794000,23341677,29.47
23/05/2011,2130,69518000,35.2(-2.22 %),21240,741385000,19110,671867000,23339547,29.47
24/05/2011,-23830,-821848000,35.2(0.00 %),70000,2345000000,93830,3166848000,23363377,29.45
25/05/2011,19830,664016000,35(-0.57 %),20000,670000000,170,5984000,23343547,29.47
26/05/2011,34610,1190703000,36(2.86 %),34610,1190703000,0,0,23308937,29.5
27/05/2011,42750,1520570000,37(2.78 %),66560,2387674000,23810,867104000,23266187,29.53
30/05/2011,2040,70594000,36.9(-0.27 %),76000,2761718000,73960,2691124000,23264147,29.54
31/05/2011,340,-3990000,36.8(-0.27 %),60100,2160318000,59760,2164308000,23263807,29.54
01/06/2011,27990,1027290000,37(0.54 %),91010,3340586000,63020,2313296000,23216907,29.57
02/06/2011,36090,1337930000,37.3(0.81 %),83090,3087629000,47000,1749699000,23180817,29.6
03/06/2011,-38610,-1440231000,37.3(0.00 %),30200,1118990000,68810,2559221000,23219427,29.57
06/06/2011,13800,509254000,37(-0.80 %),51100,1889029000,37300,1379775000,23205627,29.58
07/06/2011,22150,815355000,37.5(1.35 %),44000,1624800000,21850,809445000,23183477,29.6
08/06/2011,10200,370999000,36.9(-1.60 %),23570,863355000,13370,492356000,23173277,29.61
09/06/2011,67050,2464661000,36.6(-0.81 %),105680,3869062000,38630,1404401000,23106227,29.67
10/06/2011,136230,4968824000,36.8(0.55 %),165600,6048142000,29370,1079318000,22969997,29.78
13/06/2011,4040,146353000,36.5(-0.82 %),40530,1481645000,36490,1335292000,22965957,29.78
14/06/2011,24100,875165000,36.4(-0.27 %),51950,1886395000,27850,1011230000,22941857,29.8
15/06/2011,4079900,148495376000,36.2(-0.55 %),4138860,150634004000,58960,2138628000,18861957,33.22
16/06/2011,61400,2205703000,36.2(0.00 %),204960,7379546000,143560,5173843000,18800557,33.27
17/06/2011,29200,1047000000,35.7(-1.38 %),45200,1623320000,16000,576320000,18771357,33.29
20/06/2011,500,17610000,34.9(-2.24 %),600,21110000,100,3500000,18770857,33.29
21/06/2011,8210,285708000,35.5(1.72 %),8210,285708000,0,0,18762647,33.3
22/06/2011,200,7100000,35.3(-0.56 %),200,7100000,0,0,18762447,33.3
23/06/2011,8250,289275000,34.6(-1.98 %),10000,350000000,1750,60725000,18754197,33.31
24/06/2011,41010,1435446000,35.1(1.45 %),41010,1435446000,0,0,18713187,33.34
27/06/2011,112600,3993004000,35.8(1.99 %),184600,6529004000,72000,2536000000,18600587,33.44
28/06/2011,56500,2006201000,35.5(-0.84 %),94790,3373654000,38290,1367453000,18544087,33.48
29/06/2011,-2480,-78401000,37.2(4.79 %),29760,1101207000,32240,1179608000,18546567,33.48
30/06/2011,13900,583927000,38(2.15 %),99150,3719057000,85250,3135130000,18532667,33.49
01/07/2011,-21290,-776989000,36.6(-3.68 %),1500,55500000,22790,832489000,18494798,33.53
04/07/2011,280,12186000,35.2(-3.83 %),15000,532500000,14720,520314000,18494518,33.53
05/07/2011,-20010,-706765000,35.1(-0.28 %),100,3520000,20110,710285000,18514528,33.51
06/07/2011,-18240,-640870000,35(-0.28 %),10,350000,18250,641220000,18532768,33.49
07/07/2011,-13470,-470799000,35(0.00 %),20100,699470000,33570,1170269000,18546238,33.48
08/07/2011,1550,53475000,34.8(-0.57 %),1550,53475000,0,0,18544688,33.48
11/07/2011,-10820,-376103000,34.7(-0.29 %),270,9220000,11090,385323000,18555508,33.47
12/07/2011,-56910,-1899399000,33.2(-4.32 %),100,3360000,57010,1902759000,18612418,33.43
13/07/2011,-28380,-865980000,31.7(-4.52 %),50100,1661318000,78480,2527298000,18640798,33.4
14/07/2011,-45360,-1444809000,32(0.95 %),50,1585000,45410,1446394000,18686158,33.37
15/07/2011,-13430,-431647000,32.2(0.62 %),20000,640000000,33430,1071647000,18699588,33.35
18/07/2011,-26060,-833660000,32(-0.62 %),20500,656000000,46560,1489660000,18725648,33.33
19/07/2011,-17300,-558507000,31.9(-0.31 %),20000,630000000,37300,1188507000,18742948,33.32
20/07/2011,18660,585072000,31.8(-0.31 %),100580,3170105000,81920,2585033000,18724288,33.33
21/07/2011,18940,600389000,31.5(-0.94 %),57000,1804800000,38060,1204411000,18705348,33.35
22/07/2011,-6250,-197418000,31.6(0.32 %),20180,635670000,26430,833088000,18711598,33.34
25/07/2011,-8010,-251385000,31.1(-1.58 %),22100,695740000,30110,947125000,18719608,33.34
26/07/2011,-3510,-111322000,31(-0.32 %),41820,1289825000,45330,1401147000,18723118,33.33
27/07/2011,-10960,-337484000,30.8(-0.65 %),4000,124000000,14960,461484000,18734078,33.33
28/07/2011,12440,378410000,30.7(-0.32 %),85950,2631987000,73510,2253577000,18721638,33.34
29/07/2011,14740,449635000,30.6(-0.33 %),91050,2783634000,76310,2333999000,18706898,33.35
01/08/2011,-43700,-1363782000,31.3(2.29 %),60220,1842772000,103920,3206554000,18611348,33.43
02/08/2011,46480,1426550000,30.7(-1.92 %),225150,6910890000,178670,5484340000,18564868,33.47
03/08/2011,217710,6619802000,30.4(-0.98 %),385580,11704958000,167870,5085156000,18347158,33.65
04/08/2011,-58880,-1794903000,30.4(0.00 %),20200,616100000,79080,2411003000,18406038,33.6
05/08/2011,-19680,-601323000,30.6(0.66 %),25000,762000000,44680,1363323000,18425718,33.58
08/08/2011,-71320,-2206775000,30.9(0.98 %),4910,151042000,76230,2357817000,18497038,33.52
09/08/2011,-22550,-680965000,30.5(-1.29 %),20000,596500000,42550,1277465000,18519588,33.5
10/08/2011,-40700,-1246574000,30.6(0.33 %),20200,616066000,60900,1862640000,18560288,33.47
11/08/2011,-14680,-453024000,30.8(0.65 %),1400,42080000,16080,495104000,18574968,33.46
12/08/2011,36690,1126333000,30.9(0.32 %),42900,1317580000,6210,191247000,18538278,33.49
15/08/2011,4950,153115000,31(0.32 %),5100,157750000,150,4635000,18533328,33.49
16/08/2011,93030,2894753000,31.3(0.97 %),148220,4603894000,55190,1709141000,18440298,33.57
17/08/2011,95000,3037635000,32.5(3.83 %),100000,3197635000,5000,160000000,18345298,33.65
18/08/2011,59770,2008848000,33.9(4.31 %),62020,2084898000,2250,76050000,18285528,33.7
19/08/2011,36030,1229322000,34.3(1.18 %),49200,1674159000,13170,444837000,18249498,33.73
22/08/2011,54170,1920288000,36(4.96 %),55450,1965824000,1280,45536000,18195328,33.78
23/08/2011,213370,7861560000,36(0.00 %),214030,7885320000,660,23760000,17981958,33.95
24/08/2011,12850,459465000,35.8(2.87 %),25100,898320000,12250,438855000,17969108,33.97
25/08/2011,1819410,65132210000,37(3.35 %),1825000,65335500000,5590,203290000,16149698,35.49
26/08/2011,31650,1171625000,37(0.00 %),31700,1173500000,50,1875000,16118048,35.51
29/08/2011,-34040,-1248969000,37.5(1.35 %),42180,1555903000,76220,2804872000,16152088,35.49
30/08/2011,52480,1995890000,38.5(2.67 %),74880,2844510000,22400,848620000,16099608,35.53
31/08/2011,84820,3286559000,39(1.30 %),149370,5731558000,64550,2444999000,16014788,35.6
01/09/2011,20000,760000000,38.9(-0.26 %),20000,760000000,0,0,16187943,35.46
05/09/2011,-54340,-2068097000,38(-2.31 %),1810,70222000,56150,2138319000,16242283,35.41
06/09/2011,11200,418120000,37(-2.63 %),11700,436920000,500,18800000,16231083,35.42
07/09/2011,12570,466192000,37.3(0.81 %),12650,469136000,80,2944000,16218513,35.43
08/09/2011,26430,986685000,38(1.88 %),31430,1179185000,5000,192500000,16192083,35.45
09/09/2011,46590,1771724000,38.2(0.53 %),46590,1771724000,0,0,16145493,35.49
12/09/2011,-12170,-459760000,38(-0.52 %),20370,758764000,32540,1218524000,16157663,35.48
13/09/2011,30510,1138149000,37.9(-0.26 %),31760,1185399000,1250,47250000,16127153,35.51
14/09/2011,-67550,-2476204000,37(-2.37 %),22450,833590000,90000,3309794000,16194703,35.45
15/09/2011,-70960,-2508820000,37(0.00 %),20130,714628000,91090,3223448000,16265663,35.39
16/09/2011,-126310,-4476790000,35.2(-4.86 %),153150,5482500000,279460,9959290000,16391973,35.28
19/09/2011,-23850,-835812000,35.2(0.00 %),0,0,23850,835812000,16415823,35.26
20/09/2011,-8170,-286573000,34.8(-1.14 %),13980,482310000,22150,768883000,16423993,35.26
21/09/2011,-15050,-523521000,34.8(0.00 %),5190,180611000,20240,704132000,16439043,35.25
22/09/2011,2319980,80749874000,35.5(2.01 %),2320000,80750570000,20,696000,14119063,37.19
23/09/2011,24920,884168000,35.5(0.00 %),24920,884168000,0,0,14094143,37.21
26/09/2011,-25310,-883193000,35.2(-0.85 %),45030,1571544000,70340,2454737000,14119453,37.19
27/09/2011,210280,7375573000,35.7(1.42 %),234780,8237380000,24500,861807000,13909173,37.36
28/09/2011,-5680,-196013000,35.7(0.00 %),41300,1468540000,46980,1664553000,13914853,37.36
29/09/2011,151360,5373906000,35.7(0.00 %),151500,5378890000,140,4984000,13763493,37.48
30/09/2011,186820,6635849000,35.6(-0.28 %),198000,7033357000,11180,397508000,13576673,37.64
03/10/2011,20770,729325000,35.4(-0.56 %),66700,2339821000,45930,1610496000,13641543,37.59
04/10/2011,29710,1040036000,35(-1.13 %),41140,1439900000,11430,399864000,13611833,37.61
05/10/2011,30800,1090176000,35.5(1.43 %),135800,4803076000,105000,3712900000,13581033,37.64
06/10/2011,-15110,-516349000,35.9(1.13 %),121200,4312626000,136310,4828975000,13596143,37.62
07/10/2011,-11590,-406298000,35(-2.51 %),100,3510000,11690,409808000,13607733,37.61
10/10/2011,-23560,-798958000,34(-2.86 %),9750,338000000,33310,1136958000,13631293,37.59
11/10/2011,-19220,-653517000,34(0.00 %),20140,684760000,39360,1338277000,13650513,37.58
12/10/2011,-960,-32744000,33.9(-0.29 %),27000,915300000,27960,948044000,13651473,37.58
13/10/2011,-12620,-422475000,33.8(-0.29 %),0,0,12620,422475000,13664093,37.57
14/10/2011,6640,224588000,34(0.59 %),6640,224588000,0,0,13657453,37.57
17/10/2011,-24010,-804830000,34(0.00 %),8990,305160000,33000,1109990000,13681463,37.55
18/10/2011,8000,273600000,33.9(-0.29 %),8000,273600000,0,0,13673463,37.56
19/10/2011,-66030,-2210578000,33.6(-0.88 %),600,20340000,66630,2230918000,13739493,37.5
20/10/2011,110,3685000,33.5(-0.30 %),110,3685000,0,0,13739383,37.5
21/10/2011,28790,971366000,33.6(0.30 %),72250,2430670000,43460,1459304000,13710593,37.53
24/10/2011,16790,565531000,33.7(0.30 %),16790,565531000,0,0,13693803,37.54
25/10/2011,-6000,-197321000,33.6(-0.30 %),37950,1272628000,43950,1469949000,13699803,37.54
26/10/2011,0,0,33.5(-0.30 %),25350,847831000,25350,847831000,13699803,37.54
27/10/2011,4500,150750000,33.6(0.30 %),4500,150750000,0,0,13695303,37.54
28/10/2011,43200,1460520000,33.9(0.89 %),45100,1524460000,1900,63940000,13652103,37.58
31/10/2011,7110,239960000,33.8(-0.29 %),35800,1209763000,28690,969803000,13644993,37.58
01/11/2011,-4250,-139107000,33.8(0.00 %),19160,646744000,23410,785851000,13661964,37.57
02/11/2011,-3990,-136266000,33.8(0.00 %),35930,1205728000,39920,1341994000,13665954,37.57
03/11/2011,0,0,33.8(0.00 %),0,0,0,0,13665954,37.57
04/11/2011,-4090,-132252000,33.5(-0.89 %),20000,675200000,24090,807452000,13670044,37.56
07/11/2011,5100,171154000,33.5(0.00 %),5860,196310000,760,25156000,13664944,37.57
08/11/2011,-121550,-3902086000,33(-1.49 %),414000,13669000000,535550,17571086000,13786494,37.46
09/11/2011,1585380,52323508000,32.6(-1.21 %),1600400,52813040000,15020,489532000,12201114,38.79
10/11/2011,65360,2151845000,32.9(0.92 %),66050,2174615000,690,22770000,12135754,38.85
11/11/2011,23750,798170000,32.8(-0.30 %),55600,1823880000,31850,1025710000,12112004,38.87
14/11/2011,-49660,-1572656000,32.3(-1.52 %),100500,3194550000,150160,4767206000,12161664,38.82
15/11/2011,-17820,-558350000,32(-0.93 %),9500,304819000,27320,863169000,12179484,38.81
16/11/2011,8510,269576000,31.9(-0.31 %),216420,6789153000,207910,6519577000,12170974,38.82
17/11/2011,4750,156886000,31.5(-1.25 %),38050,1194550000,33300,1037664000,12166224,38.82
18/11/2011,-24790,-762245000,31.3(-0.63 %),0,0,24790,762245000,12191014,38.8
21/11/2011,0,0,31.3(0.00 %),0,0,0,0,12191014,38.8
22/11/2011,13690,415576000,31.3(0.00 %),14690,446576000,1000,31000000,12177324,38.81
23/11/2011,49320,1543748000,31.3(0.00 %),49320,1543748000,0,0,12128004,38.85
24/11/2011,-4700,-128857000,31(-0.96 %),60730,1896192000,65430,2025049000,12132704,38.85
25/11/2011,-9610,-295058000,31.1(0.32 %),0,0,9610,295058000,12142314,24.5
28/11/2011,-33860,-1030344000,31.1(0.00 %),116000,3572800000,149860,4603144000,12176174,24.47
29/11/2011,-530,-16006000,31.2(0.32 %),300000,9330000000,300530,9346006000,12176704,24.47
30/11/2011,0,0,31.2(0.00 %),0,0,0,0,12176704,24.47
01/12/2011,0,0,31.1(-0.32 %),0,0,0,0,12176704,24.47
02/12/2011,-6100,-188750000,31.2(0.32 %),100000,3100000000,106100,3288750000,12182804,24.47
05/12/2011,-18510,-574906000,31.3(0.32 %),100000,3110000000,118510,3684906000,12201314,24.45
06/12/2011,-6900,-213180000,31(-0.96 %),150000,4665000000,156900,4878180000,12208214,24.45
07/12/2011,-5350,-164925000,31(0.00 %),0,0,5350,164925000,12213564,24.44
08/12/2011,-12870,-388953000,29.5(-4.84 %),0,0,12870,388953000,12226434,24.43
09/12/2011,-6560,-193045000,30(1.69 %),30710,916950000,37270,1109995000,12232994,30.23
12/12/2011,-11370,-341100000,30(0.00 %),3000,90000000,14370,431100000,12244364,30.23
13/12/2011,-47360,-1381576000,29.2(-2.67 %),350,10175000,47710,1391751000,12291724,30.19
14/12/2011,-29050,-805817000,29.2(0.00 %),8980,258124000,38030,1063941000,12320774,30.16
15/12/2011,20160,560418000,27.8(-4.79 %),210050,5839390000,189890,5278972000,12300614,30.18
16/12/2011,-56740,-1508404000,26.5(-4.68 %),429900,11413650000,486640,12922054000,12357354,30.13
19/12/2011,69310,1813053000,26.5(0.00 %),202020,5279905000,132710,3466852000,12288044,30.19
20/12/2011,-22470,-585963000,26(-1.89 %),135700,3466990000,158170,4052953000,12310514,30.17
21/12/2011,11660,300268000,25.8(-0.77 %),79830,2054108000,68170,1753840000,12298854,30.18
22/12/2011,-106570,-2575062000,24.6(-4.65 %),192300,4789340000,298870,7364402000,12405424,30.09
23/12/2011,69900,1648479000,24(-2.44 %),140370,3306690000,70470,1658211000,12335524,30.15
26/12/2011,27640,643060000,23.9(-0.42 %),41030,963081000,13390,320021000,12307884,30.17
27/12/2011,51920,1220865000,23.7(-0.84 %),51920,1220865000,0,0,12255964,30.22
28/12/2011,2960,70052000,24(1.27 %),2960,70052000,0,0,12253004,30.22
29/12/2011,36000,882000000,25.1(4.58 %),36000,882000000,0,0,12217004,30.25
30/12/2011,262990,6808249000,26(3.59 %),275000,7116880000,12010,308631000,11954014,30.47
03/01/2012,-380,-10260000,26.8(3.08 %),0,0,380,10260000,1779968,38.98
04/01/2012,-34440,-905946000,26.4(-1.49 %),1010,26262000,35450,932208000,1814408,38.95
05/01/2012,130,3852000,26.1(-1.14 %),1000,26100000,870,22248000,1814278,38.95
06/01/2012,-4030,-98792000,25.1(-3.83 %),5050,128775000,9080,227567000,1818308,38.95
09/01/2012,580,14048000,24.9(-0.80 %),650,15805000,70,1757000,1817728,47.16
10/01/2012,27420,684932000,25(0.40 %),102010,2546397000,74590,1861465000,1790308,38.97
11/01/2012,-4950,-121610000,25(0.00 %),11000,277240000,15950,398850000,1795258,38.97
12/01/2012,-80000,-1953531000,24.8(-0.80 %),20000,489500000,100000,2443031000,1875258,38.9
13/01/2012,-19490,-480237000,24.7(-0.40 %),45510,1094240000,65000,1574477000,1894748,38.88
16/01/2012,1140,28774000,24.8(0.40 %),5500,135604000,4360,106830000,1893608,38.89
17/01/2012,83300,2093569000,25.6(3.23 %),193750,4899519000,110450,2805950000,1810308,38.96
18/01/2012,-72460,-1884827000,26(1.56 %),38000,980400000,110460,2865227000,1882768,38.89
19/01/2012,4860,124388000,27(3.85 %),103110,2777138000,98250,2652750000,1877908,38.9
20/01/2012,22630,637054000,28.3(4.81 %),1008387,28165885000,985757,27528831000,1855278,38.92
30/01/2012,17560,512920000,29.5(4.24 %),137300,3980000000,119740,3467080000,1837718,38.93
31/01/2012,77890,2366372000,30.5(3.39 %),110230,3349842000,32340,983470000,1759828,39.0
01/02/2012,77150,2283970000,30.2(-0.98 %),225150,6661962000,148000,4377992000,1602584,39.13
02/02/2012,-34410,-1085734000,31.4(3.97 %),228640,7101948000,263050,8187682000,1636994,39.1
03/02/2012,96620,3100393000,32.9(4.78 %),446560,14392233000,349940,11291840000,1540374,39.18
06/02/2012,-26360,-845486000,32.5(-1.22 %),270990,8702345000,297350,9547831000,1566734,39.16
07/02/2012,-4330,-137977000,32(-1.54 %),21360,682783000,25690,820760000,1571064,39.16
08/02/2012,195000,6241632000,32.1(0.31 %),527000,16868732000,332000,10627100000,1376064,39.32
09/02/2012,47840,1532580000,32.1(0.00 %),50960,1632670000,3120,100090000,1328224,39.36
10/02/2012,42700,1366945000,32(-0.31 %),392700,12519850000,350000,11152905000,1285524,39.39
13/02/2012,6120,191540000,31.6(-1.25 %),46100,1451960000,39980,1260420000,1279404,39.4
14/02/2012,48300,1549464000,32.5(2.85 %),66220,2116410000,17920,566946000,1231104,39.44
15/02/2012,23080,743550000,32.4(-0.31 %),23080,743550000,0,0,1208024,39.46
16/02/2012,39850,1285562000,32.4(0.00 %),40470,1305588000,620,20026000,1168174,39.49
17/02/2012,12500,410200000,33(1.85 %),12500,410200000,0,0,1155674,39.5
20/02/2012,15000,502500000,34(3.03 %),264000,8830803000,249000,8328303000,1140674,39.52
21/02/2012,6430,217822000,34(0.00 %),268920,9136670000,262490,8918848000,1134244,39.52
22/02/2012,8920,314555000,35(2.94 %),25540,864635000,16620,550080000,1125324,48.16
23/02/2012,-19010,-661254000,35.4(1.14 %),36740,1292896000,55750,1954150000,1144334,48.14
24/02/2012,215000,7913747000,37(4.52 %),443510,16321927440,228510,8408180440,929334,48.3
27/02/2012,217830,8101211000,37.5(1.35 %),268980,9993502000,51150,1892291000,711504,48.47
28/02/2012,270,13002000,37.4(-0.27 %),28500,1065901000,28230,1052899000,711234,48.47
29/02/2012,-75520,-2708565000,35.6(-4.81 %),54810,2005191000,130330,4713756000,786754,48.41
01/03/2012,10850,383175000,35.6(0.00 %),10850,383175000,0,0,3718567,46.21
02/03/2012,-98520,-3491539000,35.5(-0.28 %),1930,67715000,100450,3559254000,3817087,46.14
05/03/2012,169640,6242207000,37.2(4.79 %),209930,7723578000,40290,1481371000,3647447,46.27
06/03/2012,25950,963406000,37.1(-0.27 %),135600,5050975000,109650,4087569000,3621497,46.29
07/03/2012,225410,8328842000,37.4(0.81 %),291520,10779856000,66110,2451014000,3396087,46.46
08/03/2012,74970,2744520000,36.6(1.10 %),140890,5160862000,65920,2416342000,3321117,46.51
09/03/2012,18700,685750000,36.7(0.27 %),18700,685750000,0,0,3302417,46.53
12/03/2012,-6660,-238920000,36(-1.91 %),8950,321040000,15610,559960000,3309077,46.52
13/03/2012,-25630,-920255000,36.4(1.11 %),11680,415576000,37310,1335831000,3334707,46.5
14/03/2012,176630,6454269000,36.9(1.37 %),215470,7871395000,38840,1417126000,3158077,46.63
15/03/2012,68690,2600456000,38.5(4.34 %),71840,2716931000,3150,116475000,3089387,46.69
16/03/2012,187120,7528208000,40.4(4.94 %),192680,7750678000,5560,222470000,2902267,46.83
19/03/2012,1840,75810000,40.2(-0.50 %),21250,845375000,19410,769565000,2900427,46.83
20/03/2012,48630,1951507000,40.2(0.00 %),148630,5971507000,100000,4020000000,2851797,46.86
21/03/2012,-116750,-4669001000,40.3(0.25 %),175180,7048143000,291930,11717144000,2968547,46.78
22/03/2012,-14010,-558582000,40.3(0.00 %),350,13790000,14360,572372000,2982557,46.77
23/03/2012,-41600,-1669122000,40.2(-0.25 %),103360,4155294000,144960,5824416000,3024157,46.74
26/03/2012,25550,1026461000,40.2(0.00 %),106700,4280485000,81150,3254024000,2998607,46.75
27/03/2012,68080,2728635000,40(-0.50 %),83470,3338700000,15390,610065000,2930527,46.81
28/03/2012,1200,48000000,40(0.00 %),1200,48000000,0,0,2929327,46.81
29/03/2012,9500,362000000,38.2(-4.50 %),10000,382000000,500,20000000,2919827,46.81
30/03/2012,23320,910374000,39.6(3.66 %),28840,1128986000,5520,218612000,2896507,46.83
03/04/2012,-5000,-195335000,40(1.01 %),1000,39500000,6000,234835000,3089205,46.69
04/04/2012,1290,51250000,40(0.00 %),102900,4101460000,101610,4050210000,3087915,46.69
05/04/2012,930,37200000,40.5(1.25 %),2100,84000000,1170,46800000,3086985,46.69
06/04/2012,7500,319035000,41(1.23 %),14900,622785000,7400,303750000,3079485,46.69
09/04/2012,-11980,-491180000,41.5(1.22 %),4450,182450000,16430,673630000,3091465,46.68
10/04/2012,-17450,-724670000,41.6(0.24 %),1550,63430000,19000,788100000,3108915,46.67
11/04/2012,-31310,-1292404000,41.8(0.48 %),16900,715560000,48210,2007964000,3140225,46.65
12/04/2012,-68730,-2877084000,42(0.48 %),12070,506720000,80800,3383804000,3208955,46.6
13/04/2012,-6550,-272586000,42(0.00 %),20800,874640000,27350,1147226000,3215505,46.59
16/04/2012,-24260,-1020524000,42.1(0.24 %),11040,460576000,35300,1481100000,3239765,46.57
17/04/2012,234470,10109393000,44(4.51 %),388740,16737908000,154270,6628515000,3005295,46.75
18/04/2012,-4500,-197900000,43.4(-1.36 %),12720,559794000,17220,757694000,3009795,46.75
19/04/2012,-25750,-1091271000,42.5(-2.07 %),24000,1016736000,49750,2108007000,3035545,46.73
20/04/2012,-41730,-1742506000,42(-1.18 %),2300,96650000,44030,1839156000,3077275,46.7
23/04/2012,17900,752021000,42(0.00 %),36970,1550772000,19070,798751000,3059375,46.71
24/04/2012,109000,4574278000,42.4(0.95 %),2252620,94604636000,2143620,90030358000,2950375,46.79
25/04/2012,2850,121917000,43(1.42 %),3050,130517000,200,8600000,2947525,46.79
26/04/2012,157830,6789238000,42.9(-0.23 %),163720,7036618000,5890,247380000,2789695,46.91
27/04/2012,-9600,-405562000,44.5(3.73 %),400,17200000,10000,422762000,2799295,46.9
02/05/2012,42070,1886501000,45(1.12 %),42270,1895401000,200,8900000,2752966,46.94
03/05/2012,23810,1114589000,47(4.44 %),38890,1789791000,15080,675202000,2729156,46.96
04/05/2012,54210,2571722000,47.5(1.06 %),65270,3095780000,11060,524058000,2674946,47.0
07/05/2012,-830,-28605000,47.9(0.84 %),30990,1487261000,31820,1515866000,2675776,47.0
08/05/2012,-2370,-111892000,46.9(-2.09 %),7480,351058000,9850,462950000,2678146,46.99
09/05/2012,-41790,-1878815000,46.9(0.00 %),64500,2970782000,106290,4849597000,2719936,46.96
10/05/2012,-19230,-891214000,46.7(-0.43 %),3480,159735000,22710,1050949000,2739166,46.95
11/05/2012,15100,705620000,46.7(0.00 %),15100,705620000,0,0,2724066,46.96
14/05/2012,2270,105820000,46(-1.50 %),2480,115480000,210,9660000,2721796,46.96
15/05/2012,-33250,-1453450000,43.7(-5.00 %),0,0,33250,1453450000,2755046,46.94
16/05/2012,-172570,-7263644000,43.6(-0.23 %),60530,2546208000,233100,9809852000,2927616,46.81
17/05/2012,-76300,-3286218000,43.5(-0.23 %),7200,307600000,83500,3593818000,3003916,46.75
18/05/2012,-51880,-2153472000,41.4(-4.83 %),3420,141953000,55300,2295425000,3055796,46.71
21/05/2012,-292090,-11510904000,39.4(-4.83 %),8120,321028000,300210,11831932000,3347886,46.49
22/05/2012,8430,327432000,39.5(0.25 %),94000,3682950000,85570,3355518000,3339456,46.5
23/05/2012,60,3623000,39.2(-0.76 %),1000,39500000,940,35877000,3339396,46.5
24/05/2012,1750,67785000,39.1(-0.26 %),1850,71585000,100,3800000,3337646,46.5
25/05/2012,-190,-7220000,39.5(1.02 %),10,380000,200,7600000,3337836,46.5
28/05/2012,-190,-7725000,39.3(-0.51 %),430,16770000,620,24495000,3338026,46.5
29/05/2012,-1690,-65065000,39.3(0.00 %),150,5775000,1840,70840000,3339716,46.5
30/05/2012,7570,301625000,39.5(0.51 %),11800,468280000,4230,166655000,3332146,46.5
31/05/2012,-10340,-400626000,39(-1.27 %),120,4656000,10460,405282000,3342486,46.5
01/06/2012,-41110,-1565752000,37.1(-4.87 %),5400,210550000,46510,1776302000,3336861,46.5
04/06/2012,-25430,-942610000,37(-0.27 %),185920,6804036000,211350,7746646000,3362291,46.48
05/06/2012,-26170,-968290000,37(0.00 %),2000,74000000,28170,1042290000,3363031,46.48
06/06/2012,3420,123852000,37.6(1.62 %),87100,3227560000,83680,3103708000,3359611,46.48
07/06/2012,-9590,-379990000,39(3.72 %),94600,3653420000,104190,4033410000,3369201,46.48
08/06/2012,4840,190212000,39.3(0.77 %),4840,190212000,0,0,3364361,46.48
11/06/2012,13900,553508000,39.9(1.53 %),65900,2617700000,52000,2064192000,3350461,46.49
12/06/2012,-6310,-244860000,39.4(-1.25 %),81390,3162730000,87700,3407590000,3356771,46.49
13/06/2012,11890,464184000,39.3(-0.25 %),81890,3203104000,70000,2738920000,3344881,46.49
14/06/2012,5000,196500000,39.3(0.00 %),90000,3508600000,85000,3312100000,3339881,46.5
15/06/2012,187910,7525274000,41(4.33 %),535340,21597624000,347430,14072350000,3151971,46.64
18/06/2012,44500,1811902000,40.9(-0.24 %),264500,10775362000,220000,8963460000,3107471,46.67
19/06/2012,3650,120724000,40.8(-0.24 %),60230,2350076000,56580,2229352000,3103821,46.68
20/06/2012,1500,60400000,40.7(-0.25 %),1500,60400000,0,0,3102321,46.68
21/06/2012,-39190,-1535065000,40.4(-0.74 %),5280,206000000,44470,1741065000,3141511,46.65
22/06/2012,18300,716180000,40.1(-0.74 %),24200,954600000,5900,238420000,3123211,46.66
25/06/2012,74960,3014955000,39.5(-1.50 %),105810,4227640000,30850,1212685000,3048251,46.72
26/06/2012,149640,5960774000,39.7(0.51 %),154000,6133310000,4360,172536000,2898611,46.83
27/06/2012,-19430,-773754000,39.8(0.25 %),100150,3993270000,119580,4767024000,2918041,46.81
28/06/2012,-5780,-232404000,40.2(1.01 %),101680,4070562000,107460,4302966000,2923821,46.81
29/06/2012,49330,2035970000,41(1.99 %),96400,3955030000,47070,1919060000,2874491,46.85
02/07/2012,2040,84290000,41.7(1.71 %),2190,90560000,150,6270000,2786669,46.91
03/07/2012,70,4169000,41.4(-0.72 %),5000,208500000,4930,204331000,2786599,46.91
04/07/2012,-3230,-138023000,41.4(0.00 %),3000,120000000,6230,258023000,2789829,46.91
05/07/2012,-510,-20462000,41(-0.97 %),50200,2008280000,50710,2028742000,2790339,46.91
06/07/2012,-500,-20200000,41.5(1.22 %),500,20500000,1000,40700000,2790839,46.91
09/07/2012,-62250,-2478410000,40(-3.61 %),1520,60456000,63770,2538866000,2853089,46.86
10/07/2012,411210,16450651000,40(0.00 %),457290,18291600000,46080,1840949000,2441879,47.17
11/07/2012,10,402000,40.2(0.50 %),10,402000,0,0,2441869,47.17
12/07/2012,-13500,-542550000,40.2(0.00 %),0,0,13500,542550000,2455369,47.16
13/07/2012,-5950,-238895000,40.1(-0.25 %),1090,43409000,7040,282304000,2461319,47.16
16/07/2012,20100,799980000,40(-0.25 %),45100,1802480000,25000,1002500000,2441219,47.17
17/07/2012,38970,1550518000,40(0.00 %),62430,2488710000,23460,938192000,2402249,47.2
18/07/2012,18560,737601000,39.9(-0.25 %),40790,1620755000,22230,883154000,2383689,47.21
19/07/2012,17780,708278000,39.9(0.00 %),66440,2647012000,48660,1938734000,2365909,47.23
20/07/2012,-12280,-471216000,40(0.25 %),112180,4509408000,124460,4980624000,2378189,47.22
23/07/2012,3660,146384000,40(0.00 %),6690,267584000,3030,121200000,2374529,47.22
24/07/2012,-21600,-851110000,39.9(-0.25 %),1000,39200000,22600,890310000,2396129,47.21
25/07/2012,-11360,-436970000,38.5(-0.52 %),19700,765100000,31060,1202070000,2407489,47.2
26/07/2012,-9360,-352457000,38.5(0.00 %),10300,399100000,19660,751557000,2416849,47.19
27/07/2012,12440,479984000,38.7(0.52 %),14300,551780000,1860,71796000,2404409,47.2
30/07/2012,-7600,-277291000,38.3(-1.03 %),163980,6157723000,171580,6435014000,2412009,47.19
31/07/2012,-1590,-60655000,38.5(0.52 %),86500,3278250000,88090,3338905000,2413599,47.19
01/08/2012,-6340,-241547000,38.1(-1.04 %),700,26600000,7040,268147000,2511463,47.12
02/08/2012,-3420,-130666000,38.3(0.52 %),0,0,3420,130666000,2514883,47.12
03/08/2012,697340,26423604000,38.5(0.52 %),1001050,37940135000,303710,11516531000,1817543,47.64
06/08/2012,-32030,-1227268000,38.6(0.26 %),1500,57550000,33530,1284818000,1849573,47.61
07/08/2012,-35330,-1364731000,38.7(0.26 %),21020,815574000,56350,2180305000,1884903,47.59
08/08/2012,-17640,-683183000,38.8(0.26 %),3040,117640000,20680,800823000,1902543,47.58
09/08/2012,-7650,-296940000,38.7(-0.26 %),61700,2389838000,69350,2686778000,1910193,47.57
10/08/2012,-17040,-647275000,37.9(-2.07 %),2960,113995000,20000,761270000,1927233,47.56
13/08/2012,20820,789078000,38(0.26 %),56350,2135665000,35530,1346587000,1906413,47.57
14/08/2012,-23860,-903084000,38(0.00 %),32070,1211186000,55930,2114270000,1930273,47.55
15/08/2012,-50,-1850000,37.9(-0.26 %),450,17100000,500,18950000,1930323,47.55
16/08/2012,-2620,-98712000,37.9(0.00 %),400,15080000,3020,113792000,1932943,47.55
17/08/2012,28890,1094488000,38.2(0.79 %),35110,1328369000,6220,233881000,1904053,47.57
20/08/2012,16640,647277000,39.1(2.36 %),45960,1789337000,29320,1142060000,1887413,47.59
21/08/2012,-34660,-1298670000,37.4(-4.35 %),54510,2035076000,89170,3333746000,1922073,47.56
22/08/2012,-68030,-2568613000,38.3(2.41 %),11970,453387000,80000,3022000000,1990103,47.51
23/08/2012,24810,940857000,38(-0.78 %),24810,940857000,0,0,1965293,47.53
24/08/2012,29730,1129858000,38(0.00 %),42630,1605358000,12900,475500000,1935563,47.55
27/08/2012,-31140,-1151560000,37(-2.63 %),1350,50950000,32490,1202510000,1966703,47.53
28/08/2012,53500,2020600000,37.9(2.43 %),58000,2190700000,4500,170100000,1913203,47.57
29/08/2012,-21650,-678608000,32.3(2.22 %),2510,77160000,24160,755768000,1934853,47.55
30/08/2012,84170,2765298000,32.9(1.86 %),159980,5260844000,75810,2495546000,1850683,47.61
31/08/2012,-19710,-635653000,32(-2.74 %),2300,74240000,22010,709893000,1870393,47.6
04/09/2012,-9020,-283098000,31.4(-1.88 %),25150,796700000,34170,1079798000,1805833,47.65
05/09/2012,2510,79644000,30.5(-2.87 %),5610,175214000,3100,95570000,1803323,47.65
06/09/2012,-2150,-62105000,29.3(-3.93 %),2850,84395000,5000,146500000,1805473,47.65
07/09/2012,-36580,-1025768000,27.9(-4.78 %),1050,29425000,37630,1055193000,1842053,47.62
10/09/2012,8610,225726000,27(-3.23 %),42270,1132106000,33660,906380000,1833443,47.63
11/09/2012,-95850,-2559559000,27(0.00 %),600,16150000,96450,2575709000,1929293,47.56
12/09/2012,-26770,-721791000,28(3.70 %),1000,27000000,27770,748791000,1956063,47.53
13/09/2012,-59950,-1675075000,28(0.00 %),50,1375000,60000,1676450000,2016013,47.49
14/09/2012,-45430,-1272254000,28(0.00 %),187960,5268634000,233390,6540888000,2061443,47.46
17/09/2012,-17370,-470614000,27(-3.57 %),8760,242770000,26130,713384000,2078813,47.44
18/09/2012,-38080,-1015916000,26.7(-1.11 %),2600,69500000,40680,1085416000,2116893,47.41
19/09/2012,-118670,-3041338000,25.4(-4.87 %),5140,133556000,123810,3174894000,2235563,47.33
20/09/2012,-331100,-8549194000,26.6(4.72 %),71300,1725465000,402400,10274659000,2566663,47.08
21/09/2012,-351690,-9122695000,25.3(-4.89 %),667350,17783178000,1019040,26905873000,2918353,46.81
24/09/2012,-407360,-10795089000,26.5(4.74 %),417730,11069787000,825090,21864876000,3325713,46.51
25/09/2012,-141020,-3917597000,27.8(4.91 %),301650,8375624000,442670,12293221000,3466733,46.4
26/09/2012,97200,2704306000,27.8(0.00 %),126740,3521560000,29540,817254000,3369533,46.48
27/09/2012,287870,8268321000,28.5(2.52 %),352850,10110640000,64980,1842319000,3081663,46.69
28/09/2012,359760,10078219000,28(-1.75 %),935980,26218551000,576220,16140332000,2721903,46.96
01/10/2012,167200,4584240000,27.5(-1.79 %),243800,6689196000,76600,2104956000,2515803,47.12
02/10/2012,74960,2053901000,27.4(-0.36 %),74960,2053901000,0,0,2440843,47.17
03/10/2012,31150,856049000,27.5(0.36 %),39710,1092483000,8560,236434000,2409693,47.2
04/10/2012,4430,119410000,27.4(-0.36 %),305430,8366610000,301000,8247200000,2405263,47.2
05/10/2012,76660,2161384000,28.7(4.74 %),442160,12466539000,365500,10305155000,2328603,47.26
08/10/2012,43800,1314799000,30.1(4.88 %),46030,1381796000,2230,66997000,2284803,47.29
09/10/2012,65760,2068267000,31.6(4.98 %),94770,2984332000,29010,916065000,2219043,47.34
10/10/2012,880,20037000,32.3(2.22 %),33320,1065923000,32440,1045886000,2218163,47.34
11/10/2012,127840,4113642000,31.9(-1.24 %),222070,7157271000,94230,3043629000,2090323,47.43
12/10/2012,159970,5119044000,32.1(0.63 %),360429,11593870000,200459,6474826000,1930353,47.55
15/10/2012,68500,2197860000,32.1(0.00 %),273080,8804878000,204580,6607018000,1861853,47.61
16/10/2012,25340,816545000,33(2.80 %),282190,9141292000,256850,8324747000,1836513,47.62
17/10/2012,59920,1962285000,32.8(-0.61 %),469600,15402485000,409680,13440200000,1776593,47.67
18/10/2012,16830,554220000,33.2(1.22 %),72530,2393460000,55700,1839240000,1759763,47.9
19/10/2012,15550,553726000,34(2.41 %),229210,7813854000,213660,7260128000,1744213,47.91
22/10/2012,-40640,-1338662000,32.7(-3.82 %),350360,11615599000,391000,12954261000,1784853,47.88
23/10/2012,8250,271410000,33(0.92 %),59670,1953280000,51420,1681870000,1776603,47.89
24/10/2012,-31180,-1012093000,32.6(-1.21 %),67950,2207155000,99130,3219248000,1807783,47.87
25/10/2012,-74270,-2408228000,32.5(-0.31 %),173920,5633947000,248190,8042175000,1882053,47.82
26/10/2012,-30940,-1006269000,32.5(0.00 %),161060,5202149000,192000,6208418000,1912993,29.72
29/10/2012,6340,211390000,32.5(0.00 %),140600,4573412000,134260,4362022000,1906653,47.81
30/10/2012,32280,1051060000,32.4(-0.31 %),92300,3003240000,60020,1952180000,1874373,47.83
31/10/2012,-37800,-1202508000,31.9(-1.54 %),4770,152640000,42570,1355148000,1912173,47.8
01/11/2012,33320,1093475000,32(0.31 %),36240,1189576000,2920,96101000,2168822,47.64
02/11/2012,53610,1713034000,32.2(0.62 %),58250,1859935000,4640,146901000,2115212,47.68
05/11/2012,-331110,-10636042000,32.3(0.31 %),225800,7241925000,556910,17877967000,2446322,47.47
06/11/2012,48970,1570758000,31.9(-1.24 %),104450,3355336000,55480,1784578000,2397352,47.5
07/11/2012,-7970,-252747000,32.1(0.63 %),286320,9162208000,294290,9414955000,2405322,47.5
08/11/2012,-29780,-995334000,33.7(4.98 %),72160,2425670000,101940,3421004000,2435102,47.48
09/11/2012,210350,7409661000,35.3(4.75 %),420910,14841483000,210560,7431822000,2224752,47.61
12/11/2012,65550,2352253000,35(-0.85 %),453480,15988312000,387930,13636059000,2159202,47.65
13/11/2012,109800,3839375000,35.4(1.14 %),219020,7679013000,109220,3839638000,2049402,47.72
14/11/2012,176900,6391150000,35.5(0.28 %),327400,11759000000,150500,5367850000,1872502,47.83
15/11/2012,224740,8294093000,36.1(1.69 %),435040,16065504000,210300,7771411000,1647762,47.97
16/11/2012,215310,8051747000,37.3(3.32 %),220790,8250160000,5480,198413000,1432452,48.1
19/11/2012,104340,4028391000,38.6(3.49 %),458150,17338261000,353810,13309870000,1328112,48.17
20/11/2012,541680,21908043000,40.5(4.92 %),964190,38882243000,422510,16974200000,786432,48.51
21/11/2012,630900,26906395000,40.9(0.99 %),1249852,52923642000,618952,26017247000,155532,48.9
22/11/2012,-35460,-1404900000,40.5(-0.98 %),25480,1077200000,60940,2482100000,190992,48.88
23/11/2012,146810,6239425000,39.9(-1.48 %),208310,8853175000,61500,2613750000,44182,48.97
26/11/2012,11310,465793000,40(0.25 %),36310,1463293000,25000,997500000,32872,48.98
27/11/2012,142040,6035359000,39(-2.50 %),166700,6999300000,24660,963941000,0,49.07
28/11/2012,37290,1491130000,40(2.56 %),858880,34343279000,821590,32852149000,8,49.0
29/11/2012,-37970,-1488099000,40(0.00 %),0,0,37970,1488099000,37978,48.98
30/11/2012,13050,552729000,39.5(-1.25 %),55000,2285000000,41950,1732271000,24928,48.98
03/12/2012,23190,946962000,39.2(-0.76 %),24660,1005468000,1470,58506000,8,49.0
04/12/2012,1620,64314000,39.2(0.00 %),3650,144905000,2030,80591000,0,49.0
05/12/2012,37970,1556770000,39.6(1.02 %),37970,1556770000,0,0,8,49.0
06/12/2012,-10850,-413590000,39.6(0.00 %),11950,475610000,22800,889200000,10858,48.99
07/12/2012,1470,58212000,39.3(-0.76 %),21470,888212000,20000,830000000,9388,48.99
10/12/2012,-2430,-94738000,39.3(0.00 %),32030,1315170000,34460,1409908000,11818,48.99
11/12/2012,-7320,-281820000,38.5(-2.04 %),100000,4120000000,107320,4401820000,19138,48.99
12/12/2012,22800,911200000,39(1.30 %),52800,2123200000,30000,1212000000,0,49.0
13/12/2012,0,0,39.3(0.77 %),50000,2045000000,50000,2045000000,8,49.0
14/12/2012,4460,175724000,39.3(0.00 %),312960,12397600000,308500,12221876000,8,49.0
17/12/2012,7320,284016000,39.3(0.00 %),7320,284016000,0,0,0,49.0
18/12/2012,0,0,39.2(-0.25 %),181000,7457200000,181000,7457200000,8,49.0
19/12/2012,0,0,39.2(0.00 %),41000,1685100000,41000,1685100000,8,49.0
20/12/2012,-730,-28468000,39(-0.51 %),10,392000,740,28860000,738,49.0
21/12/2012,-5750,-224250000,39(0.00 %),46100,1788920000,51850,2013170000,6488,49.0
24/12/2012,-3440,-133255000,38.9(-0.26 %),0,0,3440,133255000,9928,48.99
25/12/2012,0,0,38.8(-0.26 %),0,0,0,0,9928,48.99
26/12/2012,740,28712000,38.8(0.00 %),740,28712000,0,0,9188,48.99
27/12/2012,2930,112127000,39.8(2.58 %),5750,222525000,2820,110398000,6258,49.0
28/12/2012,2520,99424000,40(0.50 %),3440,136224000,920,36800000,3738,49.0
02/01/2013,-8900,-358197000,41(2.50 %),0,0,8900,358197000,4,49.0
03/01/2013,0,0,40.3(-1.71 %),20000,860000000,20000,860000000,4,49.0
04/01/2013,2820,113646000,40.5(0.50 %),2820,113646000,0,0,0,49.0
07/01/2013,-4360,-176580000,40.9(0.99 %),440920,18737260000,445280,18913840000,4,49.0
08/01/2013,420,18205000,40.9(0.00 %),8900,360450000,8480,342245000,0,49.0
09/01/2013,-5230,-224347000,42.2(3.18 %),0,0,5230,224347000,4,49.0
10/01/2013,-15660,-659330000,42.3(0.24 %),267200,11752960000,282860,12412290000,15664,48.99
11/01/2013,-220,-2954000,42.5(0.47 %),5280,230208000,5500,233162000,15884,48.99
14/01/2013,2530,101270000,44.6(4.94 %),28480,1254944000,25950,1153674000,13354,48.99
15/01/2013,-3100,-141345000,46.5(4.26 %),5230,248425000,8330,389770000,16454,48.99
16/01/2013,15660,743850000,47.9(3.01 %),15660,743850000,0,0,794,49.0
17/01/2013,5440,260576000,47.3(-1.25 %),5500,263450000,60,2874000,0,49.0
18/01/2013,5950,277865000,46.6(-1.48 %),5950,277865000,0,0,4,49.0
21/01/2013,4150,196112000,44(-5.58 %),2441798,121578216000,2437648,121382104000,0,49.0
22/01/2013,-7440,-321875000,44.2(0.45 %),297740,13794502000,305180,14116377000,4,49.0
23/01/2013,-50,-2293000,44.3(0.23 %),60,2598000,110,4891000,54,49.0
24/01/2013,-3010,-134849000,44.8(1.13 %),0,0,3010,134849000,3064,49.0
25/01/2013,3890,171317000,45.8(2.23 %),142930,6453063000,139040,6281746000,0,49.0
28/01/2013,7440,349680000,46.3(1.09 %),7440,349680000,0,0,4,49.0
29/01/2013,-12010,-549926000,46(-0.65 %),84190,4055014000,96200,4604940000,12014,48.99
30/01/2013,-7420,-333077000,45.5(-1.09 %),32700,1539226000,40120,1872303000,19434,48.99
31/01/2013,-910,-41405000,45.6(0.22 %),20290,957195000,21200,998600000,20344,48.99
01/02/2013,0,0,45.5(-0.22 %),0,0,0,0,4,49.0
04/02/2013,1370,61566000,45.4(-0.22 %),1880,84720000,510,23154000,0,49.0
05/02/2013,990,45469000,45.2(-0.44 %),3330,149869000,2340,104400000,17344,48.99
06/02/2013,16400,746090000,45.5(0.66 %),38540,1782176000,22140,1036086000,944,49.0
07/02/2013,-5000,-225400000,45.1(-0.88 %),0,0,5000,225400000,5944,49.0
08/02/2013,90,4137000,46(2.00 %),510,23205000,420,19068000,5854,49.0
18/02/2013,-8160,-380964000,46.5(1.09 %),2340,109716000,10500,490680000,14014,48.99
19/02/2013,-4860,-225242000,46.5(0.00 %),2140,99948000,7000,325190000,18874,48.99
20/02/2013,-8500,-391831000,46.2(-0.65 %),110000,5267237000,118500,5659068000,27374,48.98
21/02/2013,-9830,-451265000,46(-0.43 %),420,19110000,10250,470375000,37204,48.98
22/02/2013,-52060,-2337335000,46.5(1.09 %),10500,486150000,62560,2823485000,89264,48.94
25/02/2013,2100,99700000,49.6(6.67 %),102400,5084280000,100300,4984580000,87164,48.95
26/02/2013,-78880,-3915246000,49.1(-1.01 %),5420,268758000,84300,4184004000,166044,48.9
27/02/2013,-27760,-1348411000,48.9(1.66 %),8200,402468000,35960,1750879000,193804,50.9
28/02/2013,-22060,-1076050000,48.6(-0.61 %),1290,62901000,23350,1138951000,215864,50.89
01/03/2013,-34520,-1677648000,48.6(0.00 %),17500,850524000,52020,2528172000,3153294,47.11
04/03/2013,-19910,-955837000,48.1(-1.03 %),3200,155520000,23110,1111357000,3173204,47.09
05/03/2013,-29230,-1381409000,47.5(-1.25 %),1100,52864000,30330,1434273000,3202434,47.08
06/03/2013,1790,84875000,48(1.05 %),3020,143450000,1230,58575000,3200644,47.08
07/03/2013,-61090,-2891905000,47(-2.08 %),6400,304260000,67490,3196165000,3261734,47.04
08/03/2013,162420,7719913000,47.9(1.91 %),163300,7762080000,880,42167000,3099314,47.14
11/03/2013,-4870,-235104000,48(0.21 %),5950,285350000,10820,520454000,3104184,47.14
12/03/2013,200410,9619713000,48(0.00 %),200590,9628353000,180,8640000,2903774,47.26
13/03/2013,730,35083000,48.5(1.04 %),150730,7235083000,150000,7200000000,2903044,47.26
14/03/2013,303750,14638747000,48.4(-0.21 %),304800,14688622000,1050,49875000,2599294,47.44
15/03/2013,-10960,-530478000,48.3(-0.21 %),13060,631753000,24020,1162231000,2610254,47.43
18/03/2013,-17500,-834666000,47.7(-1.24 %),12280,585807000,29780,1420473000,2627754,47.42
19/03/2013,186770,8970803000,47.5(-0.42 %),201230,9658581000,14460,687778000,2440984,47.53
20/03/2013,-39440,-1862287000,47.4(-0.21 %),48260,2280325000,87700,4142612000,2480424,47.51
21/03/2013,-9360,-440402000,47.8(0.84 %),200,9430000,9560,449832000,2489784,47.5
22/03/2013,-39380,-1822937000,47(-1.67 %),34260,1625370000,73640,3448307000,2529164,47.48
25/03/2013,-110,-5005000,47.2(0.43 %),830,38517000,940,43522000,2529274,47.48
26/03/2013,2150,101200000,47.2(0.00 %),2250,105900000,100,4700000,2527124,47.48
27/03/2013,-68980,-3253064000,47.2(0.00 %),500,23500000,69480,3276564000,2596104,47.44
28/03/2013,15140,712434000,47.1(-0.21 %),39050,1834590000,23910,1122156000,2580964,47.45
29/03/2013,42370,1996207000,47.2(0.21 %),61830,2911751000,19460,915544000,2538594,47.48
01/04/2013,5460,258007000,47.5(0.64 %),10460,494165000,5000,236158000,2611028,47.43
02/04/2013,74670,3554111000,49.4(4.00 %),87140,4146964000,12470,592853000,2536358,47.48
03/04/2013,-4770,-232847000,49.5(0.20 %),42160,2060306000,46930,2293153000,2541128,47.47
04/04/2013,-32670,-1605516000,49.5(0.00 %),118570,5813448000,151240,7418964000,2573798,43.77
05/04/2013,-36400,-1770978000,48(-3.03 %),50,2435000,36450,1773413000,2610198,43.75
08/04/2013,-6150,-299902000,48.4(0.83 %),42900,2061243000,49050,2361145000,2616348,43.75
09/04/2013,25770,1248629000,48.5(0.21 %),127360,6176159000,101590,4927530000,2590578,43.76
10/04/2013,16090,780975000,48.5(0.00 %),223010,10818170000,206920,10037195000,2574488,43.77
11/04/2013,187470,9071329000,48.8(0.62 %),408670,19803669000,221200,10732340000,2387018,43.88
12/04/2013,7860,383158000,48.8(0.00 %),10400,507050000,2540,123892000,2379158,43.88
15/04/2013,113040,5484138000,48.6(-0.41 %),113040,5484138000,0,0,2266118,43.94
16/04/2013,3080,148090000,48.5(-0.21 %),7300,350550000,4220,202460000,2263038,43.95
17/04/2013,-1150,-56694000,48.8(0.62 %),160750,7796435000,161900,7853129000,2264188,43.95
18/04/2013,11350,549315000,48.5(-0.61 %),11350,549315000,0,0,2252838,43.95
22/04/2013,223520,10678751000,47.3(-2.47 %),226980,10842409000,3460,163658000,2029318,44.08
23/04/2013,34080,1608518000,47.5(0.42 %),51080,2412084000,17000,803566000,1995238,44.09
24/04/2013,47000,2223238000,47.2(-0.63 %),113620,5376051000,66620,3152813000,1948238,44.12
25/04/2013,55160,2599733000,47.3(0.21 %),58420,2753345000,3260,153612000,1893078,44.15
26/04/2013,200650,9448965000,47.2(-0.21 %),208200,9805325000,7550,356360000,1692428,44.26
02/05/2013,35350,1664085000,47.2(0.00 %),44320,2087169000,8970,423084000,1713528,44.25
03/05/2013,90870,4275416000,47.3(0.21 %),91990,4328056000,1120,52640000,1622658,44.3
06/05/2013,106480,5149098000,50(5.71 %),107600,5201402000,1120,52304000,1516178,44.36
07/05/2013,230110,11482175000,50(0.00 %),404760,20241335000,174650,8759160000,1286068,44.49
08/05/2013,1116940,59059545000,52(4.00 %),1117840,59106195000,900,46650000,169128,45.11
09/05/2013,147890,7846555000,51(-1.92 %),153850,8161230000,5960,314675000,21238,45.19
10/05/2013,-30250,-1496052000,50(-1.96 %),71250,3542864000,101500,5038916000,51488,45.17
13/05/2013,64650,3493775000,50(0.00 %),104650,5538775000,40000,2045000000,0,45.21
14/05/2013,-1320,-66000000,49.5(-1.00 %),900,45000000,2220,111000000,8,45.2
15/05/2013,5730,281176000,49.4(-0.20 %),105970,5542936000,100240,5261760000,0,45.2
16/05/2013,31370,1599870000,49.4(0.00 %),31370,1599870000,0,0,4,45.2
17/05/2013,1500,77500000,49.5(0.20 %),10000,494000000,8500,416500000,0,45.2
20/05/2013,2220,109905000,49.5(0.00 %),122220,6289905000,120000,6180000000,4,45.2
21/05/2013,-38380,-1894590000,49.7(0.40 %),100240,5261808000,138620,7156398000,38384,45.18
22/05/2013,-4500,-222750000,49.1(-1.21 %),100000,5300000000,104500,5522750000,42884,45.18
23/05/2013,-11500,-553954000,49(-0.20 %),8500,416500000,20000,970454000,54384,45.17
24/05/2013,-10000,-484266000,48.9(-0.20 %),0,0,10000,484266000,64384,45.16
27/05/2013,33020,1734900000,49(0.20 %),38640,2009280000,5620,274380000,31364,45.18
28/05/2013,-500,-22570000,48.6(-0.82 %),24500,1260500000,25000,1283070000,31864,45.18
29/05/2013,15000,747036000,48.6(0.00 %),73140,3753280000,58140,3006244000,16864,45.19
30/05/2013,10000,488000000,48.3(-0.62 %),10000,488000000,0,0,6864,45.2
31/05/2013,620,29946000,48(-0.62 %),25620,1301446000,25000,1271500000,6244,45.2
03/06/2013,4920,236160000,48.2(0.42 %),5000,240000000,80,3840000,9,45.2
04/06/2013,-310,-14762000,48.1(-0.21 %),2210,106522000,2520,121284000,319,45.2
05/06/2013,2790,134199000,47.9(-0.42 %),2790,134199000,0,0,0,45.2
06/06/2013,-2850,-135028000,48(0.21 %),2100,100100000,4950,235128000,2909,45.2
07/06/2013,2990,143520000,48(0.00 %),2990,143520000,0,0,0,45.2
10/06/2013,-3510,-164408000,47.2(-1.67 %),32520,1550850000,36030,1715258000,0,45.2
11/06/2013,-7010,-330174000,47.7(1.06 %),1100532,48313355000,1107542,48643529000,0,45.2
12/06/2013,-6760,-318130000,47.3(-0.84 %),3240,152620000,10000,470750000,1710,45.2
13/06/2013,-690,-28830000,47.1(-0.42 %),48870,2428350000,49560,2457180000,2400,45.2
14/06/2013,5030,239022000,47(-0.21 %),6030,285822000,1000,46800000,0,45.2
17/06/2013,-12290,-568451000,46.9(-0.21 %),7010,330171000,19300,898622000,0,45.2
18/06/2013,9980,459080000,46.3(-1.28 %),1666000,72827200000,1656020,72368120000,0,45.2
19/06/2013,2400,111600000,46.5(0.43 %),2400,111600000,0,0,0,45.2
20/06/2013,0,700000,46.3(-0.43 %),1000,46700000,1000,46000000,0,45.2
21/06/2013,17770,855221000,47(1.51 %),39300,1916400000,21530,1061179000,0,45.2
24/06/2013,0,0,47(0.00 %),339925,16996250000,339925,16996250000,20,45.2
25/06/2013,-2670,-121446000,46.8(-0.43 %),0,0,2670,121446000,2690,45.2
26/06/2013,-2010,-90651000,46.5(-0.64 %),30180,1448118000,32190,1538769000,4700,45.2
27/06/2013,1470,68120000,47(1.08 %),1470,68120000,0,0,3230,45.2
28/06/2013,900,42300000,46.9(-0.21 %),900,42300000,0,0,2330,45.2
01/07/2013,1320,61248000,46.9(0.00 %),1320,61248000,0,0,1356,45.2
02/07/2013,680,32802000,46.2(-1.49 %),503560,24278344000,502880,24245542000,676,45.2
03/07/2013,-670,-30954000,46.9(1.52 %),500000,24700000000,500670,24730954000,1346,45.2
04/07/2013,-4070,-190476000,46.8(-0.21 %),95890,4794500000,99960,4984976000,5416,45.2
05/07/2013,0,0,46.8(0.00 %),96000,4800000000,96000,4800000000,5416,45.2
08/07/2013,0,0,46.4(-0.85 %),92490,4624500000,92490,4624500000,5416,45.2
09/07/2013,-7590,-350496000,46.4(0.00 %),1000,46400000,8590,396896000,13006,45.19
10/07/2013,0,0,46.4(0.00 %),0,0,0,0,13006,45.19
11/07/2013,-850,-39247000,46.3(-0.22 %),21980,1032060000,22830,1071307000,13856,45.19
12/07/2013,5620,260768000,46.4(0.22 %),70790,3454098000,65170,3193330000,8236,45.2
15/07/2013,1000,46484000,46.4(0.00 %),362976,18000494000,361976,17954010000,7236,45.2
16/07/2013,700,32480000,46.4(0.00 %),4700,218080000,4000,185600000,6536,45.2
17/07/2013,4740,219119000,46.4(0.00 %),4740,219119000,0,0,1796,45.2
18/07/2013,-2000,-92800000,45.9(-1.08 %),0,0,2000,92800000,3796,49.0
19/07/2013,-1060,-48972000,46.2(0.65 %),0,0,1060,48972000,4856,49.0
22/07/2013,-5300,-251149000,47.4(2.60 %),2700,125580000,8000,376729000,10156,48.99
23/07/2013,-420,-20305000,49(3.38 %),1100,52322000,1520,72627000,10576,48.99
24/07/2013,-14360,-698662000,48(-2.04 %),40040,1981948000,54400,2680610000,24936,48.99
25/07/2013,0,0,48.1(0.21 %),0,0,0,0,24936,48.99
26/07/2013,-680,-32844000,48.2(0.21 %),0,0,680,32844000,25616,49.31
29/07/2013,12740,617193000,48.3(0.21 %),12740,617193000,0,0,12876,48.99
30/07/2013,544210,27746075000,49.3(2.07 %),549810,28026075000,5600,280000000,0,49.64
31/07/2013,-240,-11802000,48.7(-1.22 %),25800,1315800000,26040,1327602000,2,49.33
01/08/2013,680,33390000,49.5(1.64 %),680,33390000,0,0,2,49.33
02/08/2013,0,0,49.7(0.40 %),0,0,0,0,2,49.33
05/08/2013,100,4900000,52.5(5.63 %),100,4900000,0,0,0,49.33
06/08/2013,-1650,-90825000,54.5(3.81 %),5740,307090000,7390,397915000,2,49.33
07/08/2013,-100,-5450000,54.5(0.00 %),630000,36540000000,630100,36545450000,102,49.33
08/08/2013,-330,-17625000,52(-4.59 %),0,0,330,17625000,432,49.33
09/08/2013,-2730,-143555000,53(1.92 %),0,0,2730,143555000,3162,49.32
12/08/2013,-6160,-337480000,55(3.77 %),1000,53500000,7160,390980000,9322,49.32
13/08/2013,590,34380000,53.5(-2.73 %),6490,356950000,5900,322570000,8732,49.32
14/08/2013,0,0,53(0.95 %),0,0,0,0,8732,49.32
15/08/2013,-17320,-926490000,52(-1.89 %),140,7490000,17460,933980000,26052,49.31
16/08/2013,-1820,-99915000,51(-1.92 %),10080,544280000,11900,644195000,27872,49.31
19/08/2013,0,0,52(1.96 %),0,0,0,0,27872,49.31
20/08/2013,5900,315600000,53.5(2.88 %),371470,20604735000,365570,20289135000,21972,49.31
21/08/2013,15950,862815000,52.5(-1.87 %),17460,942840000,1510,80025000,6022,49.32
22/08/2013,0,0,52.5(0.00 %),0,0,0,0,6022,49.32
23/08/2013,400,20800000,51(-2.86 %),400,20800000,0,0,5622,49.32
26/08/2013,7520,389565000,51(0.00 %),170860,9275090000,163340,8885525000,0,49.33
27/08/2013,-1540,-77110000,51(0.00 %),0,0,1540,77110000,1510,49.32
28/08/2013,1500,74440000,50.5(-0.98 %),1500,74440000,0,0,10,49.33
29/08/2013,0,0,49.9(-1.19 %),0,0,0,0,10,49.33
30/08/2013,-15400,-753067000,49.9(0.00 %),600,29820000,16000,782887000,15410,49.32
03/09/2013,4620,228680000,49.5(-0.80 %),54940,2844690000,50320,2616010000,9,49.33
04/09/2013,-100,-4910000,49.5(0.00 %),0,0,100,4910000,109,49.33
05/09/2013,-2250,-110250000,49.4(-0.20 %),0,0,2250,110250000,2359,49.32
06/09/2013,16000,796800000,49.1(-0.61 %),162600,8420000000,146600,7623200000,0,49.33
09/09/2013,-10950,-533165000,49(-0.20 %),30,1479000,10980,534644000,303,49.33
10/09/2013,10,490000,49(0.00 %),10,490000,0,0,293,49.33
11/09/2013,2560,125392000,48.9(-0.20 %),2640,129328000,80,3936000,0,49.33
12/09/2013,-2280,-110580000,48.1(-1.64 %),0,0,2280,110580000,3,49.33
13/09/2013,10980,538020000,48.1(0.00 %),10980,538020000,0,0,0,49.33
16/09/2013,0,0,48.5(0.83 %),0,0,0,0,3,49.33
17/09/2013,-3000,-145500000,48.9(0.82 %),80,3880000,3080,149380000,3003,49.32
18/09/2013,2100,102650000,50.5(3.27 %),72100,3742650000,70000,3640000000,903,49.32
19/09/2013,80,4000000,51(0.99 %),180,9000000,100,5000000,823,49.32
20/09/2013,-1090,-55590000,52(1.96 %),0,0,1090,55590000,1913,49.32
23/09/2013,-2920,-149890000,52.5(0.96 %),3080,158610000,6000,308500000,4833,49.32
24/09/2013,-150,-7875000,53(0.95 %),0,0,150,7875000,4983,49.32
25/09/2013,-1400,-73550000,52.5(-0.94 %),100,5200000,1500,78750000,6383,49.32
26/09/2013,300,16600000,53(0.95 %),1000,53000000,700,36400000,6083,49.32
27/09/2013,-14600,-766300000,53(0.00 %),6090,322770000,20690,1089070000,20683,49.31
30/09/2013,-870,-45665000,52.5(-0.94 %),50150,2832875000,51020,2878540000,21553,49.31
01/10/2013,0,0,51(-2.86 %),22000,1210000000,22000,1210000000,1509,49.32
02/10/2013,-980,-51060000,51(0.00 %),200,10300000,1180,61360000,2489,49.32
03/10/2013,22330,1202360000,52(1.96 %),22690,1221260000,360,18900000,0,49.34
04/10/2013,1020,53050000,52.5(0.96 %),1020,53050000,0,0,9,49.33
07/10/2013,-1590,-82680000,52.5(0.00 %),0,0,1590,82680000,1599,49.32
08/10/2013,320,16285000,52(-0.95 %),51180,2861865000,50860,2845580000,1279,49.32
09/10/2013,360,18720000,52(0.00 %),360,18720000,0,0,919,49.32
10/10/2013,0,0,51.5(-0.96 %),0,0,0,0,919,49.32
11/10/2013,-2750,-139950000,51.5(0.00 %),150610,8281410000,153360,8421360000,3669,49.32
14/10/2013,-560,-28280000,51(-0.97 %),10,505000,570,28785000,4229,49.32
15/10/2013,-9540,-476600000,51(0.00 %),1800,90900000,11340,567500000,13769,49.32
16/10/2013,-630,-32130000,50.5(-0.98 %),0,0,630,32130000,14399,49.32
17/10/2013,3270,166830000,51(0.99 %),163390,8812890000,160120,8646060000,11129,49.32
18/10/2013,570,28840000,50.5(-0.98 %),30570,1663840000,30000,1635000000,10559,49.32
21/10/2013,10340,522240000,51.5(1.98 %),61340,3272670000,51000,2750430000,219,49.33
22/10/2013,-270,-14085000,51(-0.97 %),630,31815000,900,45900000,489,49.33
23/10/2013,-380,-19380000,51.5(0.98 %),51320,2745320000,51700,2764700000,869,49.32
24/10/2013,-500,-25500000,51.5(0.00 %),100000,5500000000,100500,5525500000,1369,49.32
25/10/2013,700,35700000,51(-0.97 %),700,35700000,0,0,669,49.32
28/10/2013,510,25755000,50.5(-0.98 %),510,25755000,0,0,159,49.33
29/10/2013,-2860,-142555000,50(-0.99 %),1190,60095000,4050,202650000,3019,49.32
30/10/2013,-1880,-93436000,50(0.00 %),200120,10705964000,202000,10799400000,4899,49.32
31/10/2013,-8000,-400000000,50.5(1.00 %),380,19000000,8380,419000000,12899,49.32
01/11/2013,0,0,50(-0.99 %),0,0,0,0,9,49.33
04/11/2013,4050,204525000,50(0.00 %),4050,204525000,0,0,0,49.33
05/11/2013,2000,102000000,50.5(1.00 %),2000,102000000,0,0,9,49.33
06/11/2013,8380,423190000,50.5(0.00 %),8380,423190000,0,0,0,49.33
07/11/2013,-2500,-126250000,50.5(0.00 %),0,0,2500,126250000,9,49.33
08/11/2013,-6000,-300000000,50.5(0.00 %),20000,1080000000,26000,1380000000,6009,49.32
11/11/2013,-500,-25250000,49.8(-1.39 %),0,0,500,25250000,6509,49.32
12/11/2013,0,0,50(0.40 %),0,0,0,0,6509,49.32
13/11/2013,-1640,-79930000,50(0.00 %),2500,125000000,4140,204930000,8149,49.32
14/11/2013,6000,300000000,49(-2.00 %),6000,300000000,0,0,2149,49.32
15/11/2013,0,0,49.9(1.84 %),0,0,0,0,2149,49.32
18/11/2013,500,25000000,50(0.20 %),263500,13964000000,263000,13939000000,1649,49.32
19/11/2013,750,38680000,49.5(-1.00 %),4150,207500000,3400,168820000,899,49.32
20/11/2013,0,0,49.6(0.20 %),0,0,0,0,899,49.32
21/11/2013,-4800,-235200000,49(-1.21 %),0,0,4800,235200000,5699,49.32
22/11/2013,-5120,-250184000,48.7(-0.61 %),0,0,5120,250184000,10819,49.32
25/11/2013,3400,166600000,48.7(0.00 %),3400,166600000,0,0,7419,49.32
26/11/2013,-10000,-488698000,49(0.62 %),631300,32827600000,641300,33316298000,17419,49.31
27/11/2013,4800,236640000,49.2(0.41 %),763888,35210989000,759088,34974349000,12619,49.32
28/11/2013,4620,228228000,49.3(0.20 %),5120,252928000,500,24700000,7999,49.32
29/11/2013,0,0,48.9(-0.81 %),100000,5250000000,100000,5250000000,7999,49.32
02/12/2013,7440,364560000,49.2(0.61 %),46764,2401728000,39324,2037168000,6,49.33
03/12/2013,0,0,49.3(0.20 %),100000,5250000000,100000,5250000000,6,49.33
04/12/2013,500,24945000,49.4(0.20 %),100500,5274945000,100000,5250000000,0,49.33
05/12/2013,-3700,-182265000,49.4(0.00 %),0,0,3700,182265000,6,49.33
06/12/2013,2560,127232000,49.3(-0.20 %),2560,127232000,0,0,0,49.33
09/12/2013,-920,-45908000,50.5(2.43 %),47810,2510025000,48730,2555933000,6,49.33
10/12/2013,-300,-15000000,50.5(0.00 %),0,0,300,15000000,306,49.33
11/12/2013,1720,86860000,50.5(0.00 %),3700,186850000,1980,99990000,0,49.33
12/12/2013,-6600,-333300000,51(0.99 %),23000,1242000000,29600,1575300000,0,49.33
13/12/2013,-7710,-389355000,51.5(0.98 %),50000,2725000000,57710,3114355000,0,49.33
16/12/2013,-70,-3605000,51.5(0.00 %),0,0,70,3605000,0,49.33
17/12/2013,-19500,-976135000,51.5(0.00 %),0,0,19500,976135000,0,49.33
18/12/2013,-13250,-662625000,51(-0.97 %),0,0,13250,662625000,0,49.33
19/12/2013,-3700,-186850000,50.5(-0.98 %),0,0,3700,186850000,0,49.33
20/12/2013,-650,-32825000,50(-0.99 %),0,0,650,32825000,0,49.33
23/12/2013,5300,267150000,50.5(1.00 %),5300,267150000,0,0,11786,49.32
24/12/2013,24670,1258350000,50.5(0.00 %),175030,9376530000,150360,8118180000,0,49.33
25/12/2013,3650,183000000,50.5(0.00 %),3650,183000000,0,0,56,49.33
26/12/2013,700,35250000,50.5(0.00 %),700,35250000,0,0,0,49.33
27/12/2013,0,0,50(-0.99 %),0,0,0,0,6,49.33
30/12/2013,360,18000000,49.9(-0.20 %),360,18000000,0,0,0,49.33
31/12/2013,-1120,-57120000,51(2.20 %),0,0,1120,57120000,6,49.33
02/01/2014,0,0,50.5(-0.98 %),0,0,0,0,6,49.33
03/01/2014,0,0,49.5(-1.98 %),0,0,0,0,6,49.33
06/01/2014,0,0,49.4(-0.20 %),0,0,0,0,6,49.33
07/01/2014,0,224000,49.5(0.20 %),1120,55552000,1120,55328000,6,49.33
08/01/2014,0,0,49.6(0.20 %),100000,5250000000,100000,5250000000,6,49.33
09/01/2014,0,0,49.7(0.20 %),249900,13244700000,249900,13244700000,6,49.33
10/01/2014,-390,-19422000,49.7(0.00 %),40770,2160810000,41160,2180232000,396,49.33
13/01/2014,1120,56000000,49.8(0.20 %),1120,56000000,0,0,0,49.33
14/01/2014,-300,-14880000,49.8(0.00 %),33960,1799880000,34260,1814760000,6,49.33
15/01/2014,-380,-18924000,49.7(-0.20 %),399294,21162582000,399674,21181506000,386,49.33
16/01/2014,-1330,-65657000,49.7(0.00 %),380,18877000,1710,84534000,1716,49.32
17/01/2014,10,500000,49.9(0.40 %),10,500000,0,0,1706,49.32
20/01/2014,300,14940000,49.6(-0.60 %),300,14940000,0,0,1406,49.32
21/01/2014,-1340,-66905000,52.5(5.85 %),350,17425000,1690,84330000,2746,49.32
22/01/2014,-8420390,-435351295000,54(2.86 %),1740,90850000,8422130,435442145000,8423136,44.27
23/01/2014,-1400,-79800000,57.5(6.48 %),40000,2300000000,41400,2379800000,8424536,44.27
24/01/2014,-102910,-5784010000,56(-2.61 %),0,0,102910,5784010000,8527446,44.2
27/01/2014,-6670,-378405000,56.5(0.89 %),1690,93365000,8360,471770000,8534116,44.2
06/02/2014,47740,2864400000,60(6.19 %),142530,8551800000,94790,5687400000,8279606,44.35
07/02/2014,161600,10342240000,64(6.67 %),1462760,93616480000,1301160,83274240000,8118006,44.45
10/02/2014,33840,2112801000,63(-1.56 %),355760,22660961000,321920,20548160000,8084166,44.47
11/02/2014,100,6300000,62(-1.59 %),100,6300000,0,0,8084066,44.47
12/02/2014,46780,2898275000,62(0.00 %),50010,3098120000,3230,199845000,8037286,44.5
13/02/2014,27230,1683410000,62.5(0.81 %),47230,2921410000,20000,1238000000,8010056,44.52
14/02/2014,51570,3197380000,62(-0.80 %),55550,3444150000,3980,246770000,7958486,44.55
17/02/2014,-850,-54050000,61.5(-0.81 %),1200,73050000,2050,127100000,7959336,44.55
18/02/2014,113810,6936150000,61.5(0.00 %),114460,6976025000,650,39875000,7845526,44.61
19/02/2014,124910,7620035000,60.5(-1.63 %),137910,8406535000,13000,786500000,7720616,44.69
20/02/2014,53040,3188705000,60(-0.83 %),54520,3277685000,1480,88980000,7667576,44.72
21/02/2014,57740,3452745000,60.5(0.83 %),69210,4147175000,11470,694430000,7609836,44.76
24/02/2014,-11860,-697515000,59(-2.48 %),319490,19161805000,331350,19859320000,7621696,44.75
25/02/2014,7010,404910000,59(0.00 %),253820,14964570000,246810,14559660000,7614686,44.75
26/02/2014,111400,6570400000,59(0.00 %),111400,6570400000,0,0,7503286,44.82
27/02/2014,-10300,-601140000,57(-3.39 %),11400,661000000,21700,1262140000,7513586,44.52
28/02/2014,-20320,-1158660000,57(0.00 %),16200,923900000,36520,2082560000,7533906,44.51
03/03/2014,-4300,-231650000,57(0.00 %),11400,641250000,15700,872900000,7671746,44.42
04/03/2014,-190,-11265000,56(-1.75 %),2450,135975000,2640,147240000,7671936,44.42
05/03/2014,-66920,-3836825000,58(3.57 %),43910,2496460000,110830,6333285000,7738856,44.38
06/03/2014,265300,15396450000,58(0.00 %),292300,16945700000,27000,1549250000,7473556,46.44
07/03/2014,9320,538960000,59(1.72 %),30320,1758150000,21000,1219190000,7464236,44.55
10/03/2014,256780,15257970000,59.5(0.85 %),264680,15724700000,7900,466730000,7207456,44.7
11/03/2014,21160,1262955000,61(2.52 %),23680,1414275000,2520,151320000,7186296,44.71
12/03/2014,292790,17903805000,61(0.00 %),292790,17903805000,0,0,6893506,44.89
13/03/2014,7500,449750000,60(-1.64 %),427500,26009750000,420000,25560000000,6886006,44.89
14/03/2014,7000,418500000,60(0.00 %),7000,418500000,0,0,6879006,44.9
17/03/2014,6040,359135000,59(-1.67 %),7510,446090000,1470,86955000,6872966,44.9
18/03/2014,5780,337220000,58(-1.69 %),8600,503600000,2820,166380000,6867186,44.9
19/03/2014,18050,1055540000,58.5(0.86 %),18050,1055540000,0,0,6849136,44.91
20/03/2014,12240,712040000,58(-0.85 %),12240,712040000,0,0,6836896,44.92
21/03/2014,79310,4605835000,58(0.00 %),79310,4605835000,0,0,6757586,44.97
24/03/2014,22670,1327005000,59.5(4.39 %),25340,1483430000,2670,156425000,6734916,44.98
25/03/2014,-2280,-135045000,61.5(3.36 %),4430,267595000,6710,402640000,6737196,44.98
26/03/2014,169190,10490185000,61.5(0.00 %),430190,26571685000,261000,16081500000,6568006,45.08
27/03/2014,6850,413525000,60.5(-1.63 %),108650,6623825000,101800,6210300000,6561156,45.09
28/03/2014,2850,173925000,62(2.48 %),3000,183000000,150,9075000,6558306,45.09
31/03/2014,1221060,77536350000,64(3.23 %),1278180,81160930000,57120,3624580000,5337246,45.82
01/04/2014,156000,9907180000,63(-1.56 %),311000,19747180000,155000,9840000000,5191097,45.9
02/04/2014,19000,1180500000,62.5(-0.79 %),25000,1553750000,6000,373250000,5172097,45.91
03/04/2014,23640,1465660000,61.5(-1.60 %),33640,2085660000,10000,620000000,5148457,45.93
04/04/2014,28670,1775145000,62(0.81 %),81580,5035575000,52910,3260430000,5119787,45.95
07/04/2014,49120,3022675000,62(0.00 %),257220,15920825000,208100,12898150000,5070667,45.98
08/04/2014,227690,13993510000,61.5(-0.81 %),228220,14026105000,530,32595000,4842977,46.11
10/04/2014,-95650,-5571625000,57.5(-6.50 %),104350,6028425000,200000,11600050000,4938627,46.05
11/04/2014,-103200,-5689170000,58.5(1.74 %),112270,6199995000,215470,11889165000,5041827,45.99
14/04/2014,49740,2906550000,58.5(0.00 %),49740,2906550000,0,0,4992087,46.02
15/04/2014,179970,10532615000,57(-2.56 %),180930,10588775000,960,56160000,4812117,46.13
16/04/2014,123000,7011955000,57(0.00 %),189350,10794480000,66350,3782525000,4689117,46.2
17/04/2014,45290,2640695000,58.5(2.63 %),79140,4607920000,33850,1967225000,4643827,46.23
18/04/2014,48390,2664430000,54.5(-6.84 %),48390,2664430000,0,0,4595437,46.26
21/04/2014,108100,5849810000,53.5(-1.83 %),108100,5849810000,0,0,4487337,46.32
22/04/2014,212610,11386580000,53(-0.93 %),213610,11440115000,1000,53535000,4274727,46.45
23/04/2014,72410,3809310000,52.5(-0.94 %),73520,3868140000,1110,58830000,4202317,46.49
24/04/2014,30420,1672280000,52(-0.95 %),30420,1672280000,0,0,4171897,46.51
25/04/2014,222450,11852470000,53(1.92 %),222450,11852470000,0,0,3949447,46.64
28/04/2014,92970,5181765000,54.5(2.83 %),93570,5215665000,600,33900000,3856477,46.7
29/04/2014,85100,4765600000,56(2.75 %),85100,4765600000,0,0,3771377,46.75
05/05/2014,13700,764100000,57(1.79 %),62750,3514450000,49050,2750350000,3772105,46.75
06/05/2014,4300,238620000,56.5(-0.88 %),10300,571650000,6000,333030000,3767805,46.75
07/05/2014,115910,6655870000,57(0.88 %),115910,6655870000,0,0,3651895,46.82
08/05/2014,44360,2494160000,55(-3.51 %),44360,2494160000,0,0,3607535,46.85
09/05/2014,23950,1338000000,57(3.64 %),24250,1354500000,300,16500000,3583585,46.86
12/05/2014,2600,144040000,54.5(-4.39 %),2600,144040000,0,0,3580985,46.86
13/05/2014,-33400,-1789630000,53.5(-1.83 %),276600,15058155000,310000,16847785000,3614385,46.84
14/05/2014,0,0,54(0.93 %),0,0,0,0,3614385,46.84
15/05/2014,-18790,-1012160000,53(-1.85 %),8470,453380000,27260,1465540000,3633175,46.83
16/05/2014,-20860,-1088165000,52(-1.89 %),134934,7148142000,155794,8236307000,3654035,46.82
19/05/2014,7900,418200000,52.5(0.96 %),8800,465000000,900,46800000,3646135,46.82
20/05/2014,6450,342025000,53.5(1.90 %),6450,342025000,0,0,3639685,46.83
21/05/2014,15520,833030000,55.5(3.74 %),16120,865330000,600,32300000,3624165,46.84
22/05/2014,9960,552380000,56.5(1.80 %),10360,574980000,400,22600000,3614205,48.74
23/05/2014,7600,444550000,59(4.42 %),11000,643500000,3400,198950000,3606605,48.75
26/05/2014,10350,610600000,59.5(0.85 %),10450,616550000,100,5950000,3596255,48.75
27/05/2014,4240,252610000,60(0.84 %),5100,303450000,860,50840000,3592015,48.76
28/05/2014,-1060,-61785000,59.5(-0.83 %),950,56750000,2010,118535000,3593075,48.76
29/05/2014,-190,-11300000,59.5(0.00 %),546600,32796000000,546790,32807300000,3593265,48.76
30/05/2014,-24680,-1463520000,60(0.84 %),150,9000000,24830,1472520000,3617945,48.74
02/06/2014,-16020,-958700000,60(0.00 %),0,0,16020,958700000,6655625,45.18
03/06/2014,-21860,-1300525000,60(0.00 %),390,23400000,22250,1323925000,6657245,45.18
04/06/2014,-143830,-8512000000,59(-1.67 %),0,0,143830,8512000000,26257445,36.74
05/06/2014,-30000,-1746350000,58.5(-0.85 %),0,0,30000,1746350000,26282275,36.73
06/06/2014,-32100,-1852345000,57.5(-1.71 %),700,40750000,32800,1893095000,26297596,36.72
09/06/2014,-25080,-1445000000,57.5(0.00 %),300,17250000,25380,1462250000,26319546,36.71
10/06/2014,-9420,-544760000,57.5(0.00 %),1020,58820000,10440,603580000,26462356,36.64
11/06/2014,7010,415290000,59.5(3.48 %),10710,631890000,3700,216600000,26481646,36.63
12/06/2014,-16480,-980560000,59.5(0.00 %),18140,1079330000,34620,2059890000,26496306,36.63
13/06/2014,4330,257685000,59(-0.84 %),7630,453985000,3300,196300000,26514062,36.62
16/06/2014,-46080,-2772390000,60(1.69 %),161840,9700845000,207920,12473235000,26362662,36.69
17/06/2014,-16880,-1008295000,60(0.00 %),99230,5953305000,116110,6961600000,26360322,36.69
18/06/2014,-5500,-332000000,59.5(-0.83 %),5500,328000000,11000,660000000,26389444,36.68
19/06/2014,-14710,-885020000,60(0.84 %),5540,329930000,20250,1214950000,26387208,36.68
20/06/2014,-46040,-2762500000,61(1.67 %),750,45000000,46790,2807500000,26594378,36.58
23/06/2014,-45740,-2768800000,60.5(-0.82 %),1430,87130000,47170,2855930000,26615868,36.57
24/06/2014,-51050,-3070610000,60(-0.83 %),0,0,51050,3070610000,26626868,36.56
25/06/2014,-1000,-60500000,61(1.67 %),0,0,1000,60500000,26647118,36.56
26/06/2014,-700,-43075000,62(1.64 %),195000,11895000000,195700,11938075000,26693908,36.53
27/06/2014,-100,-6200000,62(0.00 %),421670,25932705000,421770,25938905000,26741078,36.51
30/06/2014,-12640,-778060000,60(-3.23 %),0,0,12640,778060000,26792128,36.49
01/07/2014,-1200,-72000000,60.5(0.83 %),0,0,1200,72000000,26793128,46.61
02/07/2014,-42260,-2546355000,60.5(0.00 %),7740,470020000,50000,3016375000,26835388,46.58
03/07/2014,-5150,-314000000,61(0.83 %),0,0,5150,314000000,26840538,46.58
04/07/2014,2300,138985000,61(0.00 %),4020,243210000,1720,104225000,26838238,46.58
07/07/2014,-15200,-918710000,60.5(-0.82 %),1090,65400000,16290,984110000,26853438,46.57
08/07/2014,-1520,-92010000,60.5(0.00 %),100,6000000,1620,98010000,26854958,46.57
09/07/2014,-14500,-867150000,60.5(0.00 %),405190,24515840000,419690,25382990000,26869458,46.56
10/07/2014,1130,67840000,61(0.83 %),1130,67840000,0,0,26846498,36.46
11/07/2014,-800,-47955000,60(-1.64 %),300,18050000,1100,66005000,26861358,0.0
14/07/2014,200,12000000,60.5(0.83 %),200,12000000,0,0,26861158,46.57
15/07/2014,1950,117700000,60(-0.83 %),2200,132950000,250,15250000,26859208,46.57
16/07/2014,-11670,-700855000,60(0.00 %),1760,104945000,13430,805800000,26878508,0.0
17/07/2014,200,11750000,59.5(-0.83 %),200,11750000,0,0,26878308,46.56
18/07/2014,6440,381775000,59.5(0.00 %),7340,434875000,900,53100000,26879408,36.45
21/07/2014,220,13030000,59.5(0.00 %),220,13030000,0,0,26872098,0.0
22/07/2014,210,12450000,59(-0.84 %),210,12450000,0,0,26885318,0.0
23/07/2014,-2850,-167150000,59.5(0.85 %),2150,127850000,5000,295000000,26883176,0.0
24/07/2014,-4750,-282625000,59.5(0.00 %),180320,10639880000,185070,10922505000,26882076,0.0
25/07/2014,1490,89250000,59(-0.84 %),1490,89250000,0,0,26880586,0.0
28/07/2014,-44620,-2558805000,58.5(-0.85 %),1900,109950000,46520,2668755000,26878686,0.0
29/07/2014,-2410,-141500000,59(0.85 %),0,0,2410,141500000,26883686,0.0
30/07/2014,-79800,-4613885000,57.5(-2.54 %),200,11550000,80000,4625435000,26890236,0.0
31/07/2014,-63500,-3628500000,57.5(0.00 %),7000,402500000,70500,4031000000,26888236,0.0
01/08/2014,-20220,-1152700000,57(-0.87 %),100,5700000,20320,1158400000,26929664,0.0
04/08/2014,-90450,-5072605000,56(-1.75 %),200,11200000,90650,5083805000,26931874,0.0
05/08/2014,-303210,-16980965000,56(0.00 %),0,0,303210,16980965000,27011882,0.0
06/08/2014,-550890,-31992620000,58(3.57 %),135100,7838300000,685990,39830920000,27082382,36.35
07/08/2014,-133470,-7742755000,58(0.00 %),100,5800000,133570,7748555000,27215852,46.36
08/08/2014,-2029500,-121147200000,60(3.45 %),3490,209300000,2032990,121356500000,27154662,0.0
11/08/2014,-250860,-15008935000,60(0.00 %),61100,3636050000,311960,18644985000,27396772,0.0
12/08/2014,-147950,-8846500000,59.5(-0.83 %),0,0,147950,8846500000,27982762,0.0
13/08/2014,-1549850,-97258955000,63.5(6.72 %),155000,9729630000,1704850,106988585000,27961332,0.0
14/08/2014,-211130,-13974655000,66(3.94 %),20330,1372275000,231460,15346930000,29994322,34.99
15/08/2014,-333270,-22047505000,65.5(-0.76 %),30350,2012280000,363620,24059785000,30285952,34.86
18/08/2014,-172400,-11480200000,67(2.29 %),58800,3941200000,231200,15421400000,30378272,0.0
19/08/2014,-337280,-22209610000,65.5(-2.24 %),0,0,337280,22209610000,32079602,0.0
20/08/2014,-335160,-22184790000,68(3.82 %),1500,98250000,336660,22283040000,32309569,0.0
21/08/2014,-68750,-4665270000,68.5(0.74 %),24590,1674020000,93340,6339290000,32618599,0.0
22/08/2014,-67950,-4568390000,67.5(-1.46 %),335860,22727165000,403810,27295555000,32849799,33.66
25/08/2014,-166160,-11446440000,69(2.22 %),101000,6931200000,267160,18377640000,32851219,33.66
26/08/2014,-444320,-30699475000,70.5(2.17 %),352500,24675990000,796820,55375465000,33186879,33.5
27/08/2014,-901140,-65844755000,74(4.96 %),7040,516460000,908180,66361215000,32927719,33.62
28/08/2014,-370040,-27094985000,72.5(-2.03 %),0,0,370040,27094985000,33324489,33.44
29/08/2014,48440,3668280000,74.5(2.76 %),365650,26983140000,317210,23314860000,33175999,0.0
03/09/2014,-114640,-8625025000,74(-0.67 %),8720,648355000,123360,9273380000,33972823,33.13
04/09/2014,-42330,-3127285000,74(0.00 %),77200,5666925000,119530,8794210000,34795083,0.0
05/09/2014,-35350,-2615900000,74(0.00 %),4950,366300000,40300,2982200000,35160173,0.0
08/09/2014,-419860,-30349465000,71(-4.05 %),4390,324000000,424250,30673465000,35427383,32.46
09/09/2014,-708930,-49018830000,67.5(-4.93 %),1850,127550000,710780,49146380000,35546353,32.4
10/09/2014,-545330,-36748110000,68.5(1.48 %),31140,2086290000,576470,38834400000,35632893,0.0
11/09/2014,-389510,-22909525000,60(-12.41 %),500,29750000,390010,22939275000,35672693,0.0
12/09/2014,-1043450,-64656890000,63.5(5.83 %),970,60225000,1044420,64717115000,36095973,0.0
15/09/2014,-329200,-20633720000,62(-2.36 %),1800,113400000,331000,20747120000,36806753,31.81
16/09/2014,-313550,-19013865000,61(-1.61 %),2850,171950000,316400,19185815000,37378573,0.0
17/09/2014,-216820,-12967790000,59.5(-2.46 %),3180,189710000,220000,13157500000,37765403,0.0
18/09/2014,-147780,-8658805000,58.5(-1.68 %),74600,4338750000,222380,12997555000,38735223,0.0
19/09/2014,5549260,343153755000,62(5.98 %),7550000,466801774000,2000740,123648019000,32605023,0.0
22/09/2014,66530,3988750000,59.5(-4.03 %),104890,6300350000,38360,2311600000,32816533,0.0
23/09/2014,490600,29608825000,60(0.84 %),700800,42220725000,210200,12611900000,32535733,0.0
24/09/2014,487200,29802395000,61.5(2.50 %),586200,35742395000,99000,5940000000,32048533,43.47
25/09/2014,122040,7435290000,61.5(0.00 %),122790,7480915000,750,45625000,31926493,43.55
26/09/2014,154100,9447600000,61(-0.81 %),154100,9447600000,0,0,31772393,43.64
29/09/2014,-45470,-2743130000,59(-3.28 %),5000,295000000,50470,3038130000,32949523,0.0
30/09/2014,2000,118500000,59.5(0.85 %),2000,118500000,0,0,32947523,0.0
01/10/2014,78910,4698060000,59.5(0.00 %),96350,5735740000,17440,1037680000,32851923,33.66
02/10/2014,38700,2302650000,59.5(0.00 %),38700,2302650000,0,0,32813223,33.68
03/10/2014,93880,5704180000,61(2.52 %),104480,6347780000,10600,643600000,32863693,33.65
06/10/2014,200,12100000,61(0.00 %),200,12100000,0,0,32759013,33.7
07/10/2014,-28000,-1703535000,61(0.00 %),2000,122000000,30000,1825535000,32774453,33.69
08/10/2014,2370,143445000,60.5(-0.82 %),2370,143445000,0,0,32772083,33.7
09/10/2014,-1900,-114950000,60(-0.83 %),300,18150000,2200,133100000,32782383,33.69
10/10/2014,-8950,-533050000,58.5(-2.50 %),1050,61950000,10000,595000000,32781333,33.69
13/10/2014,-15530,-916270000,59(0.85 %),300,17700000,15830,933970000,40140944,33.36
14/10/2014,-20500,-1200600000,58.5(-0.85 %),1000,58650000,21500,1259250000,40139944,33.36
15/10/2014,-1500,-87750000,59.5(1.71 %),0,0,1500,87750000,40142144,33.36
16/10/2014,-287350,-16985270000,58.5(-1.68 %),850,50575000,288200,17035845000,40151294,33.36
17/10/2014,-294590,-16886605000,58(-0.85 %),2550,147075000,297140,17033680000,40164574,33.35
20/10/2014,-193890,-11150730000,57.5(-0.86 %),240,13680000,194130,11164410000,40185834,33.34
21/10/2014,-1130,-65175000,59.5(3.48 %),0,0,1130,65175000,40187334,33.34
22/10/2014,-312870,-19218710000,61.5(3.36 %),77830,4775680000,390700,23994390000,40397704,33.26
23/10/2014,94770,5728635000,60(-2.44 %),95040,5744940000,270,16305000,40599804,33.18
24/10/2014,108340,6530250000,60(0.00 %),108940,6566400000,600,36150000,40684994,33.15
27/10/2014,105190,6300160000,58(-3.33 %),105190,6300160000,0,0,40580938,33.19
29/10/2014,307510,18250580000,60(2.56 %),309550,18372980000,2040,122400000,40558748,33.2
30/10/2014,215690,12838790000,59(-1.67 %),221120,13163990000,5430,325200000,40338234,33.28
31/10/2014,162250,9716845000,60(1.69 %),168710,10103445000,6460,386600000,40169524,33.35
03/11/2014,151640,9158245000,61(1.67 %),151640,9158245000,0,0,40020888,33.41
04/11/2014,-79720,-5179115000,64(4.92 %),0,0,79720,5179115000,40022928,33.41
05/11/2014,-63830,-4048190000,63(-1.56 %),2010,130130000,65840,4178320000,40026348,33.4
06/11/2014,-127000,-7953000000,63.5(0.79 %),1300,81140000,128300,8034140000,40031508,33.4
07/11/2014,-45020,-2828540000,62(-2.36 %),720,45000000,45740,2873540000,40336458,50.96
10/11/2014,-76500,-4886090000,63.5(2.42 %),31220,1978180000,107720,6864270000,40412958,50.91
11/11/2014,-91740,-5855390000,62.5(-1.57 %),1200,74400000,92940,5929790000,40504698,50.86
12/11/2014,-4740,-290050000,61.5(-1.60 %),2110,131225000,6850,421275000,40509438,50.86
13/11/2014,-698210,-42317035000,60(-2.44 %),6200,379500000,704410,42696535000,41207648,50.44
14/11/2014,-1862050,-108534190000,58(-3.33 %),61650,3588925000,1923700,112123115000,43069698,49.33
17/11/2014,-713620,-40390225000,56(-3.45 %),5320,303070000,718940,40693295000,43783318,48.9
18/11/2014,-1884990,-104346395000,54.5(-2.68 %),9960,544570000,1894950,104890965000,45668308,47.78
19/11/2014,-136600,-7630100000,56(2.75 %),7100,394900000,143700,8025000000,45804908,47.7
20/11/2014,-273460,-15139340000,55(-1.79 %),104530,5798080000,377990,20937420000,43046720,0.0
21/11/2014,-782600,-41679890000,52(-5.45 %),96880,5185040000,879480,46864930000,43668780,0.0
24/11/2014,-153160,-7851700000,51(-1.92 %),83040,4277390000,236200,12129090000,45480690,0.0
25/11/2014,-101190,-5244790000,53.5(4.90 %),451610,23939640000,552800,29184430000,45172780,0.0
26/11/2014,-909220,-49315250000,54(0.93 %),174560,9381860000,1083780,58697110000,45286210,0.0
27/11/2014,-7960,-434160000,54.5(0.93 %),178620,9727020000,186580,10161180000,46137070,0.0
28/11/2014,-317990,-16963400000,53(-2.75 %),55290,2963410000,373280,19926810000,46317980,0.0
01/12/2014,-338270,-17745930000,51(-3.77 %),50810,2701240000,389080,20447170000,46819970,0.0
02/12/2014,-493400,-25419620000,51.5(0.98 %),150800,7766610000,644200,33186230000,47860800,0.0
03/12/2014,-369100,-19289100000,52.5(1.94 %),1900,98900000,371000,19388000000,47895480,0.0
04/12/2014,-246570,-13134820000,53(0.95 %),640,34240000,247210,13169060000,48268120,0.0
05/12/2014,28040,1493850000,52.5(-0.94 %),91950,4858350000,63910,3364500000,48565250,0.0
08/12/2014,-236660,-12213870000,51(-2.86 %),10100,527700000,246760,12741570000,49091500,0.0
09/12/2014,-352360,-17463980000,48(-5.88 %),103760,5156250000,456120,22620230000,49358740,0.0
10/12/2014,-311330,-15251060000,49.8(3.75 %),138330,6746760000,449660,21997820000,49467620,0.0
11/12/2014,-18310,-718210000,52(4.42 %),619880,32005840000,638190,32724050000,48911650,0.0
12/12/2014,-561090,-29502405000,53(1.92 %),323500,16978000000,884590,46480405000,49472740,45.51
15/12/2014,-615950,-31635740000,51(-3.77 %),201220,10330840000,817170,41966580000,49089810,0.0
16/12/2014,-341730,-16697840000,48.5(-4.90 %),373900,18353410000,715630,35051250000,49266110,0.0
17/12/2014,204750,9581830000,47.4(-2.27 %),681120,32310430000,476370,22728600000,49223180,0.0
18/12/2014,51070,2438990000,48(1.27 %),351700,16865620000,300630,14426630000,49756078,0.0
19/12/2014,1014160,48821060000,48.1(0.21 %),1314160,63263660000,300000,14442600000,49559088,0.0
22/12/2014,228070,11235793000,49.6(3.12 %),356070,17539743000,128000,6303950000,49331018,43.89
23/12/2014,440860,21900720000,49.7(0.20 %),573860,28513480000,133000,6612760000,49720618,0.0
24/12/2014,1610,80040000,49.4(-0.60 %),1610,80040000,0,0,50019638,0.0
25/12/2014,3270,161540000,48.2(-2.43 %),3270,161540000,0,0,50016368,0.0
26/12/2014,415810,20182969000,48.8(1.24 %),425810,20663969000,10000,481000000,49600558,43.74
29/12/2014,303620,14846445000,49(0.41 %),353820,17307316000,50200,2460871000,49296938,43.91
30/12/2014,252640,12418361000,49.2(0.41 %),252740,12423281000,100,4920000,49044298,44.06
31/12/2014,228080,11334290000,49.9(1.42 %),228380,11349230000,300,14940000,48816218,44.19
05/01/2015,-423570,-21375505000,50.5(1.20 %),137000,6918500000,560570,28294005000,48889630,44.15
06/01/2015,-476490,-23720904000,50(-0.99 %),210050,10461915000,686540,34182819000,49366120,43.87
07/01/2015,-754710,-37299915000,48.5(-3.00 %),164330,8098933000,919040,45398848000,50120830,43.44
08/01/2015,-1474510,-70602189000,47.7(-1.65 %),115020,5492160000,1589530,76094349000,51595340,42.59
09/01/2015,-685830,-32611761000,47.5(-0.42 %),50790,2415681000,736620,35027442000,52281170,42.2
12/01/2015,-416070,-19765097000,46.9(-1.26 %),200,9380000,416270,19774477000,52697240,41.96
13/01/2015,34700,1628168000,47.3(0.85 %),59640,2792644000,24940,1164476000,52662540,41.98
14/01/2015,-113980,-5520218000,47.6(0.63 %),315960,15124266000,429940,20644484000,52776520,41.91
15/01/2015,-189140,-9016340000,47.5(-0.21 %),402150,19134005000,591290,28150345000,52965660,41.81
16/01/2015,182160,8698803000,47.9(0.84 %),323540,15459853000,141380,6761050000,52783500,41.91
19/01/2015,153740,7334205000,47.5(-0.84 %),402190,19146025000,248450,11811820000,52629760,42.0
20/01/2015,-257850,-12020026000,46.6(-1.89 %),426430,20026049000,684280,32046075000,52887610,41.85
21/01/2015,-260790,-12004975000,45.5(-2.36 %),253530,11658003000,514320,23662978000,53148400,41.7
22/01/2015,-112970,-5085536000,44.7(-1.76 %),26090,1171035000,139060,6256571000,53261370,28.25
23/01/2015,-221180,-10026784000,45.1(0.89 %),430,19517000,221610,10046301000,53482550,28.16
26/01/2015,-220290,-10232876000,46.6(3.33 %),500,22600000,220790,10255476000,53702840,28.08
27/01/2015,-1635900,-81023820000,49.8(6.87 %),22000,1093200000,1657900,82117020000,55338740,27.44
28/01/2015,-221980,-11223368000,49(-1.61 %),58990,2991692000,280970,14215060000,55560720,27.35
29/01/2015,-186550,-8965215000,47.8(-2.45 %),8510,409602000,195060,9374817000,55747270,27.28
30/01/2015,-199940,-9403778000,46.6(-2.51 %),176820,8290482000,376760,17694260000,55947210,27.2
02/02/2015,-181180,-8504167000,46.5(-0.21 %),125280,5842226000,306460,14346393000,55580315,27.34
03/02/2015,-110970,-5185388000,45(-3.23 %),113010,5134296000,223980,10319684000,55691285,27.3
04/02/2015,-115410,-5240842000,45.5(1.11 %),100850,4584233000,216260,9825075000,55806695,27.26
05/02/2015,-10,-2649000,45.7(0.44 %),109740,5025146000,109750,5027795000,55806705,27.26
06/02/2015,13330,606802000,45.6(-0.22 %),104500,4774150000,91170,4167348000,55793375,27.26
09/02/2015,1190,56099000,45.1(-1.10 %),129400,5857540000,128210,5801441000,55792185,27.26
10/02/2015,15170,680275000,45(-0.22 %),83480,3756198000,68310,3075923000,55777015,27.27
11/02/2015,-10350,-494199000,45.5(1.11 %),95000,4304500000,105350,4798699000,55787365,27.26
12/02/2015,-36820,-1683369000,45.6(0.22 %),128500,5882600000,165320,7565969000,55824185,27.25
13/02/2015,-204340,-9322273000,45.4(-0.44 %),178580,8121248000,382920,17443521000,56028525,27.17
24/02/2015,-264040,-12153330000,46.3(1.98 %),34460,1592798000,298500,13746128000,56292565,27.07
25/02/2015,-223510,-10434607000,46.6(0.65 %),790,36421000,224300,10471028000,56516075,26.98
26/02/2015,-92770,-4354889000,47(0.86 %),2230,104053000,95000,4458942000,56608845,26.94
27/02/2015,-12990,-603320000,46.7(-0.64 %),19280,905251000,32270,1508571000,56621835,26.94
02/03/2015,-5970,-283466000,46.4(-0.64 %),21090,978824000,27060,1262290000,57408425,26.63
03/03/2015,-4920,-231737000,46.7(0.65 %),107840,5029514000,112760,5261251000,57413345,26.63
04/03/2015,-63720,-3011483000,47.4(1.50 %),111650,5286590000,175370,8298073000,57477065,26.61
05/03/2015,-108360,-5135888000,47.2(-0.42 %),200,9520000,108560,5145408000,57585425,26.56
06/03/2015,2550,120078000,47.1(-0.21 %),3000,141300000,450,21222000,57582875,26.56
09/03/2015,-470,-21355000,46.5(-1.27 %),1000,47000000,1470,68355000,57583345,26.56
10/03/2015,-12480,-578764000,46.4(-0.22 %),1000,46300000,13480,625064000,57595825,26.56
11/03/2015,-284070,-13079363000,46(-0.86 %),3050,140620000,287120,13219983000,57879895,26.45
12/03/2015,-56760,-2628667000,46.3(0.65 %),10,463000,56770,2629130000,57936655,26.43
13/03/2015,-57580,-2671287000,46.2(-0.22 %),2530,117645000,60110,2788932000,57994235,26.4
16/03/2015,503740,24420611000,48.9(5.84 %),807560,39163867000,303820,14743256000,57490495,26.6
17/03/2015,90430,4357010000,48.6(-0.61 %),346090,16857413000,255660,12500403000,57400065,26.64
18/03/2015,1167800,56612798000,48.5(-0.21 %),1619030,78490580000,451230,21877782000,56232265,27.09
19/03/2015,-43270,-2078967000,47.5(-2.06 %),2200,105600000,45470,2184567000,56275535,27.07
20/03/2015,5434300,260881485000,48(1.05 %),6330390,303858670000,896090,42977185000,50841235,29.19
23/03/2015,-146200,-6839985000,46.5(-3.12 %),3800,178400000,150000,7018385000,50987435,29.13
24/03/2015,-279680,-12854355000,46.2(-0.65 %),1200,55700000,280880,12910055000,51267115,29.02
25/03/2015,-279680,-12854355000,46(-0.43 %),1200,55700000,280880,12910055000,51546795,28.92
26/03/2015,-253720,-11610105000,45.5(-1.09 %),1780,81880000,255500,11691985000,51800515,28.82
27/03/2015,-218560,-9872166000,45(-1.10 %),8240,371500000,226800,10243666000,52019075,28.73
30/03/2015,-74930,-3370224000,44.5(-1.11 %),6470,292722000,81400,3662946000,52094005,28.7
31/03/2015,115510,5232997000,45(1.12 %),128470,5820257000,12960,587260000,51978495,28.75
01/04/2015,7900,352938000,44(-2.22 %),10770,481515000,2870,128577000,51726832,28.85
02/04/2015,-23770,-1046080000,44.5(1.14 %),1000,43800000,24770,1089880000,51750602,28.84
03/04/2015,14540,642968000,44.4(-0.22 %),14540,642968000,0,0,51736062,28.84
06/04/2015,38270,1688566000,44.1(-0.68 %),105000,4637878000,66730,2949312000,51697792,28.86
07/04/2015,4190,182868000,44.1(0.00 %),111210,4894444000,107020,4711576000,51693602,28.86
08/04/2015,-29280,-1297846000,44(-0.23 %),118120,5200286000,147400,6498132000,51722882,28.85
09/04/2015,29090,1287770000,44.4(0.91 %),61790,2732810000,32700,1445040000,51693792,28.86
10/04/2015,104770,4664695000,44.5(0.23 %),104770,4664695000,0,0,51589022,28.9
13/04/2015,124080,5609718000,45.5(2.25 %),135400,6118986000,11320,509268000,51464942,28.95
14/04/2015,23520,1072974000,45.2(-0.66 %),33160,1511757000,9640,438783000,51441422,28.96
15/04/2015,108590,4904972000,45(-0.44 %),110390,4986232000,1800,81260000,51332832,29.0
16/04/2015,176500,7941737000,45(0.00 %),337820,15205297000,161320,7263560000,51156332,29.07
17/04/2015,193890,8798603000,45.5(1.11 %),255360,11585365000,61470,2786762000,50962442,29.14
20/04/2015,68460,3090565000,45.1(-0.88 %),68930,3111950000,470,21385000,50893982,29.17
21/04/2015,72900,3285339000,45.1(0.00 %),72900,3285339000,0,0,50821082,29.2
22/04/2015,196080,8817334000,44.9(-0.44 %),213510,9602614000,17430,785280000,50625002,29.27
23/04/2015,-41530,-1844741000,44.3(-1.34 %),60070,2684238000,101600,4528979000,50666532,29.26
24/04/2015,50820,2252370000,44.2(-0.23 %),50820,2252370000,0,0,50615712,29.28
27/04/2015,22570,1003922000,44(-0.45 %),48760,2156882000,26190,1152960000,50593142,29.29
04/05/2015,181140,7771217000,42(-2.33 %),181150,7771653000,10,436000,50656242,29.26
05/05/2015,234060,9864717000,42.5(1.19 %),237660,10013997000,3600,149280000,50422182,29.35
06/05/2015,-20220,-835912000,41.1(-3.29 %),49780,2078350000,70000,2914262000,50442402,33.59
07/05/2015,80470,3313278000,41.2(0.24 %),105860,4359507000,25390,1046229000,50361932,33.62
08/05/2015,-11890,-475269000,41.3(0.24 %),88970,3683182000,100860,4158451000,50373822,33.62
11/05/2015,14340,600754000,41.2(-0.24 %),53150,2203767000,38810,1603013000,50359482,33.62
12/05/2015,-179450,-7349778000,41(-0.49 %),5810,238525000,185260,7588303000,50538932,33.54
13/05/2015,-74880,-3042079000,40.7(-0.73 %),340,13925000,75220,3056004000,50613812,33.51
14/05/2015,-220210,-8847342000,39.8(-2.21 %),135790,5477277000,356000,14324619000,50834022,33.41
15/05/2015,36350,1421185000,39.3(-1.26 %),83210,3279553000,46860,1858368000,50797672,33.43
18/05/2015,173280,6583169000,37.8(-3.82 %),173680,6598329000,400,15160000,50624392,33.5
19/05/2015,171880,6450888000,37.4(-1.06 %),176910,6640522000,5030,189634000,50452512,33.58
20/05/2015,58710,2245810000,39(4.28 %),73600,2811630000,14890,565820000,50393802,33.61
21/05/2015,101980,3985549000,39.1(0.26 %),121970,4766559000,19990,781010000,50291822,33.65
22/05/2015,292210,11617304000,40.2(2.81 %),292210,11617304000,0,0,49999612,33.78
25/05/2015,46460,1883140000,40.5(0.75 %),46460,1883140000,0,0,49953152,33.8
26/05/2015,229990,9598759000,41.5(2.47 %),229990,9598759000,0,0,49723162,33.91
27/05/2015,101130,4211868000,41.7(0.48 %),103130,4295268000,2000,83400000,49622032,33.95
28/05/2015,112310,4725513000,42(0.72 %),116120,4885802000,3810,160289000,49509722,28.85
29/05/2015,-83300,-3410334000,41.4(-1.43 %),175230,7330555000,258530,10740889000,49593022,28.82
01/06/2015,-44670,-1817738000,40.5(-2.17 %),56470,2320470000,101140,4138208000,49352027,28.91
02/06/2015,11250,456046000,40.2(-0.74 %),49400,2001595000,38150,1545549000,49340777,28.92
03/06/2015,-306890,-12141359000,39.4(-1.99 %),165020,6533087000,471910,18674446000,49647667,28.8
04/06/2015,-2310,-87235000,39.8(1.02 %),47690,1889755000,50000,1976990000,49649977,28.8
05/06/2015,-64860,-2578801000,39.9(0.25 %),60500,2408700000,125360,4987501000,49714837,28.78
08/06/2015,-146400,-5784777000,41(2.76 %),146780,6019016000,293180,11803793000,49861237,28.72
09/06/2015,-142940,-6252400000,43.4(5.85 %),410,17811000,143350,6270211000,50004177,28.67
10/06/2015,-140040,-6015041000,42.7(-1.61 %),31850,1367540000,171890,7382581000,50144217,28.61
11/06/2015,-43080,-1838189000,42.9(0.47 %),290,12383000,43370,1850572000,50187297,28.6
12/06/2015,-208280,-9175393000,43.8(2.10 %),129670,5678779000,337950,14854172000,50395577,28.52
15/06/2015,-197150,-8728923000,44.5(1.60 %),142690,6318286000,339840,15047209000,50592727,28.44
16/06/2015,-6080,-266020000,43.6(-2.02 %),2000,88000000,8080,354020000,50598807,28.44
17/06/2015,3130,134156000,43(-1.38 %),5140,220988000,2010,86832000,50595677,28.44
18/06/2015,33260,1433286000,43.1(0.23 %),40200,1732106000,6940,298820000,50562417,28.46
19/06/2015,-671160,-28235115000,42.1(-2.32 %),168650,7181571000,839810,35416686000,51233577,28.2
22/06/2015,203260,8780881000,43.4(3.09 %),204730,8844579000,1470,63698000,51030317,28.28
23/06/2015,1780,51320000,43.7(0.69 %),207470,9081826000,205690,9030506000,51028537,28.28
24/06/2015,118090,5190805000,44(0.69 %),378460,16650593000,260370,11459788000,50910447,28.32
25/06/2015,174880,7683497000,44(0.00 %),275180,12091667000,100300,4408170000,50735567,28.39
26/06/2015,259440,11358529000,43(-2.27 %),360520,15817049000,101080,4458520000,50476127,28.49
29/06/2015,187130,8061575000,43.3(0.70 %),187130,8061575000,0,0,50288997,28.56
30/06/2015,198480,8557775000,42.8(-1.15 %),205600,8864147000,7120,306372000,50090517,28.63
01/07/2015,-23060,-982980000,42.8(0.00 %),62380,2673746000,85440,3656726000,50327317,28.55
02/07/2015,-2990,-127681000,43.1(0.70 %),373840,16099575000,376830,16227256000,50330307,29.39
03/07/2015,-42140,-1807222000,42.9(-0.46 %),86460,3703233000,128600,5510455000,50372447,29.37
06/07/2015,-267440,-11379021000,43(0.23 %),218450,9343137000,485890,20722158000,50639887,29.27
07/07/2015,226580,9890789000,43.8(1.86 %),401720,17555373000,175140,7664584000,50413307,29.36
08/07/2015,-174640,-7554982000,43.2(-1.37 %),201370,8746479000,376010,16301461000,50587947,29.29
09/07/2015,-314450,-13858375000,44.1(2.08 %),468033,20425608000,782483,34283983000,50902397,29.17
10/07/2015,-789210,-36090478000,45.8(3.85 %),93690,4278749000,882900,40369227000,51691607,28.86
13/07/2015,-533410,-24758620000,46.4(1.31 %),10870,503799000,544280,25262419000,52225017,28.65
14/07/2015,-393580,-18541690000,47.2(1.72 %),66780,3158797000,460360,21700487000,52618597,28.5
15/07/2015,20420,964610000,46.4(-1.69 %),38490,1808128000,18070,843518000,52598177,28.51
16/07/2015,44370,2068212000,46.5(0.22 %),46370,2160912000,2000,92700000,52553807,28.52
17/07/2015,48160,2249600000,46.5(0.00 %),53600,2502160000,5440,252560000,52505647,28.54
20/07/2015,30930,1418197000,45.9(-1.29 %),31960,1465474000,1030,47277000,52474717,28.55
21/07/2015,-4240,-191667000,45.9(0.00 %),66170,3032316000,70410,3223983000,52478957,28.55
22/07/2015,-49920,-2308994000,46.3(0.87 %),46040,2112276000,95960,4421270000,52528877,28.53
23/07/2015,-78730,-3657551000,46.2(-0.22 %),0,0,78730,3657551000,52607607,28.5
24/07/2015,-105310,-4909111000,46.8(1.30 %),66670,3093044000,171980,8002155000,52712917,28.46
27/07/2015,-320410,-15182428000,47.6(1.71 %),54810,2600988000,375220,17783416000,53033327,28.34
28/07/2015,-2075760,-104706100000,50.5(6.09 %),15500,781900000,2091260,105488000000,55109087,27.53
29/07/2015,-105170,-5193070000,49.3(-2.38 %),66030,3308780000,171200,8501850000,55214257,27.49
30/07/2015,-172740,-8424320000,48.3(-2.03 %),51010,2478070000,223750,10902390000,55386997,27.42
31/07/2015,-16620,-805110000,48.4(0.21 %),171840,8339210000,188460,9144320000,55403617,27.41
03/08/2015,48820,2351860000,47.5(-1.86 %),87790,4213020000,38970,1861160000,54907054,27.61
04/08/2015,-330230,-15887470000,48(1.05 %),22670,1089340000,352900,16976810000,55237284,27.48
05/08/2015,-47240,-2275480000,48.3(0.62 %),112080,5411390000,159320,7686870000,55284524,27.46
06/08/2015,-96100,-4625170000,48(-0.62 %),40460,1951760000,136560,6576930000,55380624,27.42
07/08/2015,392690,18828490000,48(0.00 %),443050,21245740000,50360,2417250000,54987934,27.58
10/08/2015,-161030,-7742830000,48.2(0.42 %),132130,6364650000,293160,14107480000,55148964,27.51
11/08/2015,-906180,-26002810000,28.5(1.06 %),355970,10223230000,1262150,36226040000,56055144,27.16
12/08/2015,122710,3385150000,27.6(-3.16 %),396470,10937040000,273760,7551890000,55932434,27.21
13/08/2015,-16760,-490590000,25.7(-6.88 %),119870,3114340000,136630,3604930000,55949194,27.2
14/08/2015,18220,453020000,25.1(-2.33 %),99100,2462330000,80880,2009310000,55930974,27.21
17/08/2015,89280,2313740000,25.8(2.79 %),89280,2313740000,0,0,55841694,27.24
18/08/2015,198020,5145890000,26.7(3.49 %),727460,18111560000,529440,12965670000,55643674,27.32
19/08/2015,-1083500,-29355610000,26.9(0.75 %),10940,292740000,1094440,29648350000,56727174,26.9
20/08/2015,-64620,-1711520000,26.3(-2.23 %),3160,83640000,67780,1795160000,56791794,26.87
21/08/2015,41550,1079110000,26(-1.14 %),118750,3085430000,77200,2006320000,56750244,26.89
24/08/2015,6100,196130000,24.2(-6.92 %),226230,5637270000,220130,5441140000,56744144,26.89
25/08/2015,-163570,-3974280000,24.5(1.24 %),65270,1573800000,228840,5548080000,56907714,26.83
26/08/2015,-162190,-4049560000,25.5(4.08 %),62830,1567590000,225020,5617150000,57069904,26.76
27/08/2015,-53380,-1362020000,25.5(0.00 %),10300,263410000,63680,1625430000,57123284,26.74
28/08/2015,21560,580210000,25.5(0.00 %),168860,4322230000,147300,3742020000,57101724,26.75
31/08/2015,-134490,-3388380000,25.2(-1.18 %),34720,882560000,169210,4270940000,57236214,26.7
01/09/2015,-10,-150000,25.1(-0.40 %),1000,25400000,1010,25550000,57483686,26.6
03/09/2015,-96980,-2412090000,24.8(-1.20 %),16400,406430000,113380,2818520000,57580666,26.56
04/09/2015,31930,798880000,24.7(-0.40 %),35930,898480000,4000,99600000,57548736,26.58
07/09/2015,-173480,-4175910000,23.8(-3.64 %),26520,647100000,200000,4823010000,57722216,26.51
08/09/2015,-149620,-3590440000,23.9(0.42 %),13840,331150000,163460,3921590000,57871836,26.45
09/09/2015,-1530,-36150000,23.9(0.00 %),6300,151000000,7830,187150000,57873366,26.45
10/09/2015,3860,92140000,23.9(0.00 %),3860,92140000,0,0,57869506,26.45
11/09/2015,3600,82480000,23.9(0.00 %),21190,502820000,17590,420340000,57865906,26.45
14/09/2015,12350,290620000,23.3(-2.51 %),12500,294180000,150,3560000,57853556,26.46
15/09/2015,90,1690000,23.1(-0.86 %),3910,89930000,3820,88240000,57853466,26.46
16/09/2015,-192050,-4565790000,23.7(2.60 %),100,2310000,192150,4568100000,58045516,26.38
17/09/2015,-112950,-2679920000,23.9(0.84 %),125000,3013550000,237950,5693470000,58158466,26.34
18/09/2015,626310,15285800000,24.3(1.67 %),1301060,31607430000,674750,16321630000,57532156,26.58
21/09/2015,-234130,-5552920000,23.8(-2.06 %),4000,95550000,238130,5648470000,57766286,26.49
22/09/2015,-82520,-1964500000,23.9(0.42 %),34940,833900000,117460,2798400000,57848806,26.46
23/09/2015,-116970,-2794760000,23.8(-0.42 %),4200,99960000,121170,2894720000,57965776,26.41
24/09/2015,-74070,-1764790000,23.7(-0.42 %),1130,26900000,75200,1791690000,58039846,26.39
25/09/2015,40500,969690000,23.9(0.84 %),117410,2805800000,76910,1836110000,57999346,26.4
28/09/2015,-2176600,-52198310000,24.9(4.18 %),23490,589400000,2200090,52787710000,60175946,25.55
29/09/2015,-1082040,-26930130000,24.6(-1.20 %),22200,547580000,1104240,27477710000,61257986,25.13
30/09/2015,-1066530,-26658940000,24.8(0.81 %),60680,1510750000,1127210,28169690000,62324516,24.72
01/10/2015,-659110,-16275800000,24.6(-0.81 %),11270,278350000,670380,16554150000,58262936,26.3
02/10/2015,-48170,-1182840000,24.6(0.00 %),63200,1553300000,111370,2736140000,58311106,26.28
05/10/2015,-49650,-1223140000,24.6(0.00 %),50,1230000,49700,1224370000,58360756,26.26
06/10/2015,-497410,-12312750000,24.7(0.41 %),0,0,497410,12312750000,58858166,26.07
07/10/2015,-232150,-5683630000,24.2(-2.02 %),202770,4971620000,434920,10655250000,59090316,25.98
08/10/2015,-145980,-3542400000,24.2(0.00 %),158170,3837060000,304150,7379460000,59236296,25.92
09/10/2015,-205220,-5047660000,24.5(1.24 %),126310,3102830000,331530,8150490000,59441516,25.84
12/10/2015,-95780,-2354390000,24.6(0.41 %),272370,6696560000,368150,9050950000,59537296,25.8
13/10/2015,-127170,-3120730000,24.4(-0.81 %),73340,1800560000,200510,4921290000,59664466,25.75
14/10/2015,-218450,-5314180000,24.3(-0.41 %),79100,1927760000,297550,7241940000,59882916,25.67
15/10/2015,-99500,-2428760000,24.3(0.00 %),26570,648300000,126070,3077060000,59982416,25.63
16/10/2015,-198380,-4835620000,24.3(0.00 %),1620,39540000,200000,4875160000,60180796,25.55
19/10/2015,27360,667580000,24.3(0.00 %),28880,704670000,1520,37090000,60153436,25.56
20/10/2015,-132650,-3208050000,24(-1.23 %),900,21820000,133550,3229870000,60286086,25.51
21/10/2015,-146080,-3491060000,24(0.00 %),3920,93940000,150000,3585000000,60432166,25.45
22/10/2015,20750,496180000,24(0.00 %),27250,651530000,6500,155350000,60411416,25.46
23/10/2015,-99400,-2365650000,23.7(-1.25 %),800,19110000,100200,2384760000,60510816,25.42
26/10/2015,-53700,-1264520000,23.3(-1.69 %),57880,1359020000,111580,2623540000,60564516,25.4
27/10/2015,5460,127200000,23.2(-0.43 %),8200,190640000,2740,63440000,60559056,25.4
28/10/2015,-132430,-3070380000,23.2(0.00 %),3100,71870000,135530,3142250000,60691486,25.35
29/10/2015,-198370,-4591060000,23(-0.86 %),4010,92780000,202380,4683840000,60889856,25.28
30/10/2015,-300530,-7025780000,23.3(1.30 %),2470,57290000,303000,7083070000,61190386,25.16
02/11/2015,-544250,-12955060000,23.8(2.15 %),13580,326230000,557830,13281290000,65637834,23.43
03/11/2015,-208860,-4979390000,23.9(0.42 %),21910,521850000,230770,5501240000,65846694,23.34
04/11/2015,-242470,-5821670000,23.8(-0.42 %),46670,1117970000,289140,6939640000,66089164,23.25
05/11/2015,-161150,-3801840000,23.6(-0.84 %),8750,208040000,169900,4009880000,66250314,23.19
06/11/2015,-118460,-2796060000,23.5(-0.42 %),1030,24370000,119490,2820430000,66368774,23.14
09/11/2015,-125480,-2975490000,23.5(0.00 %),23680,560930000,149160,3536420000,66494254,23.09
10/11/2015,-349810,-8247780000,23.5(0.00 %),6150,144540000,355960,8392320000,66844064,22.96
11/11/2015,-161620,-3809800000,23.4(-0.43 %),4100,96640000,165720,3906440000,67005684,22.89
12/11/2015,-142260,-3335420000,23.5(0.43 %),6600,154420000,148860,3489840000,67147944,22.84
13/11/2015,-182980,-4302720000,23.5(0.00 %),2500,58760000,185480,4361480000,67330924,22.77
16/11/2015,-65660,-1547500000,23.5(0.00 %),34340,807000000,100000,2354500000,67396584,22.74
17/11/2015,-455460,-11060930000,24.5(4.26 %),40,970000,455500,11061900000,67852044,22.56
18/11/2015,-385140,-9714380000,25.2(2.86 %),10000,252000000,395140,9966380000,68237184,22.41
19/11/2015,-244480,-6166300000,25.2(0.00 %),1300,33020000,245780,6199320000,68481664,22.32
20/11/2015,-6090,-154080000,25.1(-0.40 %),200,5040000,6290,159120000,68487754,22.32
23/11/2015,-237920,-5984890000,25.1(0.00 %),14090,352660000,252010,6337550000,68725674,22.22
24/11/2015,-239280,-6040380000,25(-0.40 %),5000,127000000,244280,6167380000,69415334,21.95
25/11/2015,-277240,-7030950000,25.5(2.00 %),5000,127000000,282240,7157950000,69656114,21.86
26/11/2015,-235200,-6078710000,25.8(1.18 %),10000,258900000,245200,6337610000,69652404,21.86
27/11/2015,-631250,-16510352000,25.9(0.39 %),2160,55850000,633410,16566202000,70283654,21.62
30/11/2015,-193840,-5044200000,26(0.39 %),2200,56640000,196040,5100840000,70144334,21.67
01/12/2015,-435590,-11457020000,26.4(1.54 %),3800,98800000,439390,11555820000,70422774,21.56
02/12/2015,-344590,-9275820000,27(2.27 %),10400,279040000,354990,9554860000,70657574,21.47
03/12/2015,-490490,-13453550000,27.5(1.85 %),7100,193540000,497590,13647090000,71283884,21.23
04/12/2015,52590,1409460000,27.5(0.00 %),201270,5528990000,148680,4119530000,71278654,21.23
07/12/2015,-294500,-8099030000,27.5(0.00 %),7800,213720000,302300,8312750000,71710244,21.06
08/12/2015,-207910,-5776090000,27.9(1.45 %),500,13750000,208410,5789840000,72064734,20.92
09/12/2015,-578940,-16315470000,28.2(1.08 %),5000,140000000,583940,16455470000,72557324,20.73
10/12/2015,-18800,-535520000,28.4(0.71 %),33200,946420000,52000,1481940000,72672804,20.68
11/12/2015,-91180,-2582990000,28.3(-0.35 %),5650,161500000,96830,2744490000,72969454,20.57
14/12/2015,610840,17955750000,29.2(3.18 %),912740,26818360000,301900,8862610000,72471124,20.76
15/12/2015,134660,3831270000,27.2(-6.85 %),215500,6141570000,80840,2310300000,72839564,20.62
16/12/2015,640,17290000,26(-4.41 %),1500,40080000,860,22790000,72890071,20.6
17/12/2015,2140,55510000,25.6(-1.54 %),12940,332070000,10800,276560000,72973961,20.57
18/12/2015,-1097130,-27091380000,24.5(-4.30 %),261870,6442100000,1359000,33533480000,72807991,20.63
21/12/2015,16050,414330000,25.7(4.90 %),47330,1214020000,31280,799690000,72841509,20.62
22/12/2015,-170510,-4357700000,25.4(-1.17 %),42300,1085930000,212810,5443630000,72800069,20.63
23/12/2015,-16840,-419030000,25.1(-1.18 %),60550,1525160000,77390,1944190000,72750319,20.65
24/12/2015,3970,102550000,25.2(0.40 %),24970,630590000,21000,528040000,74084353,20.13
25/12/2015,78150,1960940000,25.1(-0.40 %),78150,1960940000,0,0,74037483,20.15
28/12/2015,45400,1137000000,24.8(-1.20 %),58400,1462300000,13000,325300000,74191893,20.09
29/12/2015,6940,172960000,24.5(-1.21 %),30640,754910000,23700,581950000,74238643,20.07
30/12/2015,10510,260160000,24.6(0.41 %),24510,603160000,14000,343000000,74235140,20.08
31/12/2015,-43840,-1075120000,24.3(-1.22 %),1730,42320000,45570,1117440000,74233410,20.08
04/01/2016,-529870,-12569790000,23.5(-3.29 %),45760,1104960000,575630,13674750000,74200650,20.09
05/01/2016,81930,1968070000,24.2(2.98 %),93680,2251170000,11750,283100000,74130670,20.12
06/01/2016,11770,285940000,24.2(0.00 %),133410,3244410000,121640,2958470000,74123540,20.12
07/01/2016,107480,2588220000,24.1(-0.41 %),536440,12901350000,428960,10313130000,74260140,20.07
08/01/2016,-3340,-78850000,23.5(-2.49 %),98800,2341650000,102140,2420500000,74224930,20.08
11/01/2016,-23280,-544880000,23.4(-0.43 %),177960,4195840000,201240,4740720000,74190890,20.09
12/01/2016,-116130,-2702710000,23.1(-1.28 %),8240,192390000,124370,2895100000,74559770,19.95
13/01/2016,-132380,-3081990000,23.1(0.00 %),65000,1520750000,197380,4602740000,74545070,19.95
14/01/2016,-176210,-3952190000,22.2(-3.90 %),2700,60690000,178910,4012880000,74609050,19.93
15/01/2016,-250860,-5358880000,20.9(-5.86 %),4900,105390000,255760,5464270000,74728522,19.88
18/01/2016,-8960,-176200000,20.9(0.00 %),445290,8967840000,454250,9144040000,74780612,19.86
19/01/2016,-102900,-2194480000,21.6(3.35 %),52320,1115640000,155220,3310120000,74951202,19.8
20/01/2016,-137490,-2971520000,21.4(-0.93 %),69930,1500540000,207420,4472060000,75137032,19.72
21/01/2016,-90640,-1928760000,21(-1.87 %),10920,233930000,101560,2162690000,75280362,19.67
22/01/2016,144470,3051250000,21.1(0.48 %),329030,6948870000,184560,3897620000,75235344,19.69
25/01/2016,4050,91750000,22.5(6.64 %),5010,112010000,960,20260000,75534934,19.57
26/01/2016,-28330,-619830000,21.8(-3.11 %),4380,98110000,32710,717940000,75534934,19.57
27/01/2016,6900,154060000,22.6(3.67 %),18100,400540000,11200,246480000,75528604,19.57
28/01/2016,-3200,-71920000,22.4(-0.88 %),800,18080000,4000,90000000,75528764,19.57
29/01/2016,6220,138970000,22.2(-0.89 %),6220,138970000,0,0,75555254,19.56
01/02/2016,-75290,-1642610000,21.8(-1.80 %),2000,43860000,77290,1686470000,75564454,19.56
02/02/2016,600,12900000,21.8(0.00 %),600,12900000,0,0,75567854,19.56
03/02/2016,72280,1587510000,22.4(2.75 %),90060,1976920000,17780,389410000,75477794,19.59
04/02/2016,30010,672220000,22.5(0.45 %),30010,672220000,0,0,75525074,19.57
05/02/2016,4180,93630000,22.6(0.44 %),4180,93630000,0,0,75520894,19.57
15/02/2016,-51570,-1165570000,22.3(-1.33 %),0,0,51570,1165570000,75538674,19.57
16/02/2016,-46920,-1039010000,22(-1.35 %),48760,1078440000,95680,2117450000,75489914,19.59
17/02/2016,-171900,-3728600000,21.4(-2.73 %),800,17480000,172700,3746080000,75489114,19.59
18/02/2016,-11660,-254590000,21.8(1.87 %),0,0,11660,254590000,75540684,19.57
19/02/2016,-31810,-695600000,22.2(1.83 %),47950,1058010000,79760,1753610000,75588414,19.55
22/02/2016,16890,370370000,22(-0.90 %),120510,2663470000,103620,2293100000,75640604,19.53
23/02/2016,113280,2572990000,23.4(6.36 %),120260,2729460000,6980,156470000,75532004,19.57
24/02/2016,-7650,-186400000,24.5(4.70 %),147350,3577270000,155000,3763670000,75514414,19.58
25/02/2016,89000,2176180000,24.3(-0.82 %),97880,2393380000,8880,217200000,75520154,19.58
26/02/2016,111710,2692450000,24.1(-0.82 %),111710,2692450000,0,0,75415424,19.62
29/02/2016,17120,410450000,24.1(0.00 %),50870,1223170000,33750,812720000,75469554,19.59
01/03/2016,34290,818770000,23.8(-1.24 %),45630,1090530000,11340,271760000,75433804,19.61
02/03/2016,-30620,-730120000,24(0.84 %),47440,1138200000,78060,1868320000,75386364,19.63
03/03/2016,39900,965220000,24.4(1.67 %),41000,992030000,1100,26810000,75379114,19.63
04/03/2016,39900,971280000,24.3(-0.41 %),51600,1255920000,11700,284640000,75338854,19.65
07/03/2016,286770,7193790000,25.2(3.70 %),292160,7328040000,5390,134250000,75124754,19.73
08/03/2016,129140,3231690000,25(-0.79 %),133140,3331590000,4000,99900000,74992714,19.78
09/03/2016,12570,310010000,24.8(-0.80 %),17850,441080000,5280,131070000,74986564,19.78
10/03/2016,4320,104610000,24.8(0.00 %),16810,414360000,12490,309750000,74975144,19.79
11/03/2016,24720,614880000,25(0.81 %),27820,691550000,3100,76670000,74951324,19.8
14/03/2016,22250,548160000,24.7(-1.20 %),22250,548160000,0,0,74934354,19.8
15/03/2016,12460,300290000,24.1(-2.43 %),12460,300290000,0,0,74934384,19.8
16/03/2016,-82930,-1977030000,23.7(-1.66 %),3600,86400000,86530,2063430000,74933884,19.8
17/03/2016,28450,681250000,24(1.27 %),29450,705150000,1000,23900000,74904434,19.81
18/03/2016,258070,6293540000,24.3(1.25 %),1066640,25895460000,808570,19601920000,73837798,20.23
21/03/2016,29590,710660000,24(-1.23 %),44900,1078100000,15310,367440000,73879428,20.21
22/03/2016,-5290,-124560000,23.7(-1.25 %),1710,41040000,7000,165600000,73878718,20.21
23/03/2016,8000,190030000,23.8(0.42 %),9000,213730000,1000,23700000,74678288,19.9
24/03/2016,12320,294280000,23.8(0.00 %),13320,318080000,1000,23800000,74680278,19.9
25/03/2016,13490,321690000,24(0.84 %),15490,369190000,2000,47500000,74671788,19.91
28/03/2016,22500,538650000,23.8(-0.83 %),28500,682650000,6000,144000000,74644288,19.92
29/03/2016,-28530,-674310000,23.6(-0.84 %),0,0,28530,674310000,74645288,19.92
30/03/2016,-9100,-215010000,23.9(1.27 %),33120,785110000,42220,1000120000,74614168,19.93
31/03/2016,-8810,-206480000,23.5(-1.67 %),21070,496290000,29880,702770000,74599098,19.93
01/04/2016,15560,365710000,23.5(0.00 %),19500,458250000,3940,92540000,74608128,19.93
04/04/2016,13460,315650000,23.3(-0.85 %),24260,569050000,10800,253400000,74626088,19.92
05/04/2016,14110,330620000,23.3(0.00 %),19900,465530000,5790,134910000,74636068,19.92
06/04/2016,46500,1114380000,23.7(1.72 %),61500,1471380000,15000,357000000,74578508,19.94
07/04/2016,132340,3199370000,24.3(2.53 %),133340,3223570000,1000,24200000,74455968,19.99
08/04/2016,106700,2675500000,25.4(4.53 %),116300,2915230000,9600,239730000,74345458,20.03
11/04/2016,-1110,-27710000,25.8(1.57 %),1900,49180000,3010,76890000,74358558,20.03
12/04/2016,-100,-2570000,24.9(-3.49 %),0,0,100,2570000,74359558,20.03
13/04/2016,8310,207900000,24.7(-0.80 %),20210,502040000,11900,294140000,74348948,20.03
14/04/2016,89600,2249430000,25.1(1.62 %),106170,2663740000,16570,414310000,74245788,20.07
15/04/2016,56830,1430910000,25(-0.40 %),59620,1500900000,2790,69990000,74186268,20.09
19/04/2016,36900,915210000,24.8(-0.80 %),37900,940210000,1000,25000000,74160268,20.1
20/04/2016,48200,1195020000,24.8(0.00 %),49200,1219920000,1000,24900000,74127638,20.12
21/04/2016,73760,1825570000,24.8(0.00 %),74760,1850470000,1000,24900000,74055668,20.15
22/04/2016,156500,3877860000,24.9(0.40 %),159000,3939860000,2500,62000000,73897668,20.21
25/04/2016,8100,201990000,25.1(0.80 %),10800,269520000,2700,67530000,73887868,20.21
26/04/2016,-94970,-2494140000,26.3(4.78 %),32500,842070000,127470,3336210000,73856368,20.22
27/04/2016,-10840,-285840000,26.5(0.76 %),3000,78900000,13840,364740000,73855868,20.22
28/04/2016,-400,-10780000,26.5(0.00 %),600,15720000,1000,26500000,73857968,20.22
29/04/2016,65950,1734510000,26.3(-0.75 %),91360,2402800000,25410,668290000,73894078,20.21
04/05/2016,-24950,-663130000,26.7(1.52 %),42730,1123630000,67680,1786760000,73865188,20.22
05/05/2016,20540,549090000,26.7(0.00 %),100000,2670000000,79460,2120910000,73766188,20.26
06/05/2016,33500,890000000,26.6(-0.37 %),40000,1063000000,6500,173000000,73751606,20.26
09/05/2016,74000,1952400000,26.3(-1.13 %),75000,1979000000,1000,26600000,73744286,20.27
10/05/2016,115820,3027480000,26(-1.14 %),116820,3053780000,1000,26300000,73706926,20.28
11/05/2016,34920,916150000,26.5(1.92 %),37920,994850000,3000,78700000,73675506,20.29
12/05/2016,80,2120000,26.3(-0.75 %),1800,47700000,1720,45580000,73674706,20.29
13/05/2016,-14860,-387470000,26(-1.14 %),52720,1372380000,67580,1759850000,73622986,20.31
16/05/2016,27530,715670000,26(0.00 %),29690,771940000,2160,56270000,73596296,20.32
17/05/2016,58250,1521350000,26.3(1.15 %),65010,1697780000,6760,176430000,73533006,20.35
18/05/2016,67810,1798340000,26.6(1.14 %),69810,1851090000,2000,52750000,73530782,20.35
19/05/2016,21530,576570000,26.7(0.38 %),108290,2888170000,86760,2311600000,73493562,20.36
20/05/2016,72130,1953010000,27.1(1.50 %),160030,4328240000,87900,2375230000,73409192,20.4
23/05/2016,99330,2675370000,27(-0.37 %),111330,2998570000,12000,323200000,73299862,20.44
24/05/2016,-54540,-1441970000,26.2(-2.96 %),18000,483540000,72540,1925510000,73299712,20.44
25/05/2016,-1940,-50800000,26.3(0.38 %),3060,80580000,5000,131380000,73315652,20.43
26/05/2016,45820,1209670000,26.3(0.00 %),51220,1352030000,5400,142360000,73276432,20.45
27/05/2016,65640,1743460000,26.6(1.14 %),68000,1806200000,2360,62740000,73280972,20.45
30/05/2016,110530,2964204000,27(1.50 %),110530,2964204000,0,0,73170442,20.49
31/05/2016,116130,3132734000,26.9(-0.37 %),120380,3247059000,4250,114325000,73054312,20.54
01/06/2016,67450,1767666000,26.3(1.54 %),96970,2538800000,29520,771134000,72965852,20.57
02/06/2016,11250,293906000,26.3(0.00 %),26590,694819000,15340,400913000,72954602,20.57
03/06/2016,65540,1712810000,26(-1.14 %),107540,2812000000,42000,1099190000,72835972,20.62
06/06/2016,-83000,-2258300000,27.3(5.00 %),39470,1049670000,122470,3307970000,72826022,20.62
07/06/2016,25070,687450000,27.3(0.00 %),35500,972400000,10430,284950000,72805862,20.63
08/06/2016,62930,1708220000,27.1(-0.73 %),75030,2037900000,12100,329680000,72772832,20.65
09/06/2016,9650,259610000,26.8(-1.11 %),10400,279760000,750,20150000,72884902,20.6
10/06/2016,10100,273130000,27(0.75 %),10600,286630000,500,13500000,72884732,20.6
13/06/2016,49850,1338580000,26.9(-0.37 %),121100,3248580000,71250,1910000000,72775732,20.64
14/06/2016,-71460,-1902780000,26.5(-1.49 %),1000,26600000,72460,1929380000,72775482,20.64
15/06/2016,82210,2184070000,26.5(0.00 %),100000,2655160000,17790,471090000,72675982,20.68
16/06/2016,-438990,-11496410000,26(-1.89 %),450,11880000,439440,11508290000,72746782,20.66
17/06/2016,-2273850,-59562130000,26.2(0.77 %),173500,4545700000,2447350,64107830000,72795742,20.64
20/06/2016,-26100,-719930000,27.8(6.11 %),21870,603950000,47970,1323880000,72813113,20.63
21/06/2016,235390,6615010000,28.2(1.44 %),254450,7139180000,19060,524170000,72998103,20.56
22/06/2016,30690,868490000,28.2(0.00 %),36350,1028670000,5660,160180000,75259103,19.68
23/06/2016,64410,1813930000,28.3(0.35 %),66700,1878510000,2290,64580000,75218923,19.69
24/06/2016,119460,3263310000,27.4(-3.18 %),144460,3938310000,25000,675000000,75093523,19.74
27/06/2016,82940,2252180000,27.8(1.46 %),106530,2890300000,23590,638120000,74992653,19.78
28/06/2016,13950,385190000,27.6(-0.72 %),19350,534630000,5400,149440000,74975595,19.79
29/06/2016,296190,8289300000,28.1(1.81 %),363670,10182490000,67480,1893190000,74636925,19.92
30/06/2016,47130,1321200000,28(-0.36 %),47130,1321200000,0,0,74613385,19.93
01/07/2016,55520,1555340000,27.9(-0.36 %),63330,1773240000,7810,217900000,74555459,19.95
04/07/2016,58530,1633190000,27.9(0.00 %),75250,2099680000,16720,466490000,74547689,19.95
05/07/2016,7810,218130000,27.8(-0.36 %),8810,246030000,1000,27900000,74538879,19.96
06/07/2016,100430,2795100000,27.8(0.00 %),112490,3129770000,12060,334670000,74434199,20.0
07/07/2016,3200,88940000,27.7(-0.36 %),3200,88940000,0,0,74447719,19.99
08/07/2016,8000,220800000,28(1.08 %),8000,220800000,0,0,74440719,20.0
11/07/2016,2700,75600000,28(0.00 %),2700,75600000,0,0,74440719,20.0
12/07/2016,64550,1807930000,28.1(0.36 %),67570,1892490000,3020,84560000,74382509,20.02
13/07/2016,29750,842050000,28.4(1.07 %),30000,849150000,250,7100000,74352509,20.03
14/07/2016,59850,1757020000,28.8(1.41 %),64000,1878600000,4150,121580000,74288509,20.05
15/07/2016,-200,-4260000,28.8(0.00 %),16200,468500000,16400,472760000,74275329,20.06
18/07/2016,97420,2810200000,29(0.69 %),101420,2926200000,4000,116000000,74174159,20.1
19/07/2016,3720,106480000,28.6(-1.38 %),6300,180800000,2580,74320000,74172009,20.1
20/07/2016,14240,403990000,28(-2.10 %),19860,563370000,5620,159380000,74168549,20.1
21/07/2016,-1400,-38010000,27.6(-1.43 %),2690,75180000,4090,113190000,74169859,20.1
22/07/2016,129550,3568660000,28(1.45 %),156690,4311580000,27140,742920000,74015749,20.16
25/07/2016,12180,341080000,28.4(1.43 %),12180,341080000,0,0,74009189,20.16
26/07/2016,1520,42800000,28.1(-1.06 %),2820,79590000,1300,36790000,74010465,20.16
27/07/2016,121520,3460470000,28.5(1.42 %),139490,3960040000,17970,499570000,73898115,20.21
28/07/2016,231670,6718290000,29(1.75 %),241370,6998980000,9700,280690000,73656745,20.3
29/07/2016,9390,273220000,28.9(-0.34 %),9390,273220000,0,0,73648655,20.3
01/08/2016,7010,199920000,28.5(-1.38 %),7010,199920000,0,0,73659615,20.3
02/08/2016,8530,256720000,28.5(0.00 %),217400,6132960000,208870,5876240000,73451915,20.38
03/08/2016,52520,1496600000,28.7(0.70 %),52990,1510000000,470,13400000,73398925,20.4
04/08/2016,-5340,-147610000,28(-2.44 %),54210,1544100000,59550,1691710000,73344715,20.42
05/08/2016,-85320,-2372770000,27.7(-1.07 %),1000,27700000,86320,2400470000,73552585,20.34
08/08/2016,-55010,-1530500000,27.9(0.72 %),3630,101280000,58640,1631780000,73549425,20.34
09/08/2016,23850,668790000,28(0.36 %),24250,679990000,400,11200000,73584725,20.33
10/08/2016,-11570,-324500000,27.9(-0.36 %),100,2800000,11670,327300000,73670945,20.3
11/08/2016,1950,56310000,28.5(2.15 %),7260,206910000,5310,150600000,73722325,20.28
12/08/2016,5540,157360000,28.5(0.00 %),15380,437800000,9840,280440000,73707345,20.28
15/08/2016,62150,1851010000,30.4(6.67 %),80450,2407330000,18300,556320000,73638565,20.31
16/08/2016,-4460,-143530000,32.5(6.91 %),240,7800000,4700,151330000,73643635,20.31
17/08/2016,-348860,-11459300000,32.8(0.92 %),20600,675770000,369460,12135070000,73632875,20.31
18/08/2016,-142190,-4730440000,35(6.71 %),41770,1394570000,183960,6125010000,73609405,20.32
19/08/2016,99540,3606250000,36.1(3.14 %),246500,8899870000,146960,5293620000,73367605,20.41
22/08/2016,-44540,-1557660000,34.6(-4.16 %),30700,1070800000,75240,2628460000,73706365,20.28
23/08/2016,180340,6499590000,37(6.94 %),184440,6647320000,4100,147730000,73705885,20.28
24/08/2016,-139210,-5236210000,38(2.70 %),29760,1132110000,168970,6368320000,73823085,20.24
25/08/2016,8840,331890000,38.6(1.58 %),142240,5479360000,133400,5147470000,73756085,20.26
26/08/2016,-11080,-428900000,37.9(-1.81 %),6000,230440000,17080,659340000,73754192,20.26
29/08/2016,-44120,-1654680000,37.5(-1.06 %),7510,279130000,51630,1933810000,73915652,20.2
30/08/2016,-12430,-451920000,37.1(-1.07 %),14430,540860000,26860,992780000,74034622,20.15
31/08/2016,14550,575600000,38.5(3.77 %),74800,2859730000,60250,2284130000,73976902,20.18
01/09/2016,-55520,-2135600000,38.6(0.26 %),5950,229080000,61470,2364680000,74022584,20.16
05/09/2016,-46130,-1809540000,39.7(2.85 %),149530,5924730000,195660,7734270000,73899916,20.21
06/09/2016,-21810,-867220000,39.8(0.25 %),11050,438650000,32860,1305870000,73949116,20.19
07/09/2016,81290,3199650000,39.7(-0.25 %),100880,3967810000,19590,768160000,73909706,20.2
08/09/2016,-285250,-11038440000,38.5(-3.02 %),11450,441010000,296700,11479450000,74093916,20.13
09/09/2016,-117490,-4448140000,38.1(-1.04 %),19360,738130000,136850,5186270000,74107416,20.13
12/09/2016,-136840,-5106670000,38(-0.26 %),5050,191860000,141890,5298530000,74121956,20.12
13/09/2016,-19260,-739310000,37.95(-0.13 %),20000,756400000,39260,1495710000,74398656,20.01
14/09/2016,14210,536100000,37.7(-0.66 %),15910,599940000,1700,63840000,74519596,19.96
15/09/2016,-89470,-3274530000,36.3(0.00 %),250,9210000,89720,3283740000,74661236,19.91
16/09/2016,-1871530,-65877850000,35.2(-3.03 %),356430,12546340000,2227960,78424190000,74544066,19.96
19/09/2016,31080,1124140000,36.5(3.69 %),31540,1140880000,460,16740000,74514226,19.97
20/09/2016,-24860,-916230000,36.8(0.82 %),6000,221300000,30860,1137530000,74597946,19.93
21/09/2016,-274150,-9956160000,37.1(0.82 %),19720,724540000,293870,10680700000,76606186,19.15
22/09/2016,40160,1513280000,37.45(0.94 %),40310,1518900000,150,5620000,76566336,19.17
23/09/2016,191230,7202610000,37.9(1.20 %),430613,16194640000,239383,8992030000,76329766,19.26
26/09/2016,34000,1302930000,38.3(1.06 %),70930,2713310000,36930,1410380000,76552706,19.17
27/09/2016,9190,356670000,39(1.83 %),22300,860600000,13110,503930000,76530556,19.18
28/09/2016,2360,87680000,38.6(-1.03 %),40870,1571870000,38510,1484190000,76565886,19.17
29/09/2016,-9450,-364030000,38.2(-1.04 %),2050,78300000,11500,442330000,76600766,19.15
30/09/2016,214300,8132060000,37.75(-1.18 %),219910,8345190000,5610,213130000,76393973,19.23
03/10/2016,-60330,-2287900000,37.8(0.13 %),160,6080000,60490,2293980000,76432323,19.22
04/10/2016,-334150,-12451890000,36.8(-2.65 %),15250,577500000,349400,13029390000,76428573,19.22
05/10/2016,-23130,-856640000,37(0.54 %),560,20780000,23690,877420000,76433623,19.22
06/10/2016,3060,114120000,37.35(0.95 %),4500,167400000,1440,53280000,76489613,19.2
07/10/2016,730,27200000,37.35(0.00 %),730,27200000,0,0,76838283,19.06
10/10/2016,2080,77710000,36.8(-1.47 %),2100,78460000,20,750000,76859873,19.05
11/10/2016,6920,252990000,37.2(1.09 %),7020,256640000,100,3650000,76854293,19.06
12/10/2016,-8000,-295200000,37.1(-0.27 %),0,0,8000,295200000,76854293,19.06
13/10/2016,8040,300220000,37.9(2.16 %),8250,308110000,210,7890000,76846067,19.06
14/10/2016,-4170,-149900000,37.8(-0.26 %),19930,766240000,24100,916140000,76826237,19.07
17/10/2016,-47480,-1773410000,37.5(-0.79 %),0,0,47480,1773410000,76834237,19.06
18/10/2016,96230,3620440000,37.8(0.80 %),96230,3620440000,0,0,76738223,19.1
19/10/2016,3260,124150000,37.5(-0.79 %),38450,1455170000,35190,1331020000,76744971,19.1
20/10/2016,-4530,-174660000,38.25(2.00 %),6320,241380000,10850,416040000,76786131,19.08
21/10/2016,-41730,-1572790000,38(-0.65 %),6700,253850000,48430,1826640000,76779431,19.08
24/10/2016,41550,1538620000,37(-2.63 %),48300,1790590000,6750,251970000,76745071,19.1
25/10/2016,-25240,-917510000,36(-2.70 %),1850,67010000,27090,984520000,76754071,19.09
26/10/2016,-96640,-3450580000,35.5(-1.39 %),300,10650000,96940,3461230000,76802201,19.08
27/10/2016,-1300,-46400000,36.2(1.97 %),0,0,1300,46400000,76808951,19.07
28/10/2016,0,0,36.3(0.28 %),0,0,0,0,76836041,19.06
31/10/2016,-18220,-659030000,36.3(0.00 %),0,0,18220,659030000,76932981,19.02
01/11/2016,0,0,35.8(-1.38 %),0,0,0,0,76934281,19.02
02/11/2016,0,0,36(0.56 %),0,0,0,0,76934281,19.02
03/11/2016,-18500,-665080000,35.95(-0.14 %),0,0,18500,665080000,76952501,19.02
04/11/2016,9000,323730000,36(0.14 %),9000,323730000,0,0,76943501,19.02
07/11/2016,3700,132830000,36(0.00 %),3700,132830000,0,0,76939801,19.02
08/11/2016,10180,367040000,36.4(1.11 %),10760,387840000,580,20800000,76947541,19.02
09/11/2016,11230,401430000,35.6(-2.20 %),19000,682430000,7770,281000000,76928547,19.03
10/11/2016,-169980,-6098740000,35.65(0.14 %),58270,2100420000,228250,8199160000,76920285,19.03
11/11/2016,-41640,-1486620000,35.6(-0.14 %),2360,84370000,44000,1570990000,76918505,19.03
14/11/2016,-175770,-6153870000,34.5(-3.09 %),7560,268280000,183330,6422150000,76918715,19.03
15/11/2016,-21890,-770070000,35.45(2.75 %),200,6900000,22090,776970000,77096765,18.96
16/11/2016,12580,440840000,35.5(0.14 %),32800,1155860000,20220,715020000,77107965,18.96
17/11/2016,-115580,-4050990000,35.5(0.00 %),25000,876000000,140580,4926990000,77266295,18.89
18/11/2016,-21040,-732090000,34.6(-2.54 %),25020,873480000,46060,1605570000,77288365,18.89
21/11/2016,-39620,-1375740000,34.85(0.72 %),3520,123100000,43140,1498840000,77305065,18.88
22/11/2016,-62340,-2156000000,34.4(-1.29 %),1000,34500000,63340,2190500000,77444645,18.83
23/11/2016,0,0,34.6(0.58 %),0,0,0,0,77465705,18.82
24/11/2016,17200,598440000,34.7(0.29 %),17200,598440000,0,0,77491645,18.81
25/11/2016,-3500,-118910000,35.1(1.15 %),6500,230750000,10000,349660000,77548485,18.78
28/11/2016,-160910,-5488080000,34.6(-1.42 %),400,13880000,161310,5501960000,77548085,18.78
29/11/2016,-130000,-4391780000,34(-1.73 %),1490,50060000,131490,4441840000,77546595,18.79
30/11/2016,-60380,-2024550000,34(0.00 %),40050,1342680000,100430,3367230000,77540545,18.79
01/12/2016,-77070,-2600350000,34.05(0.15 %),3800,127400000,80870,2727750000,77698055,18.73
02/12/2016,-54240,-1806640000,33.4(-1.91 %),36400,1219130000,90640,3025770000,77793145,18.69
05/12/2016,61340,2027190000,33.4(0.00 %),195150,6446340000,133810,4419150000,77674425,18.74
06/12/2016,70740,2331130000,33(-1.20 %),174840,5765640000,104100,3434510000,77580455,18.77
07/12/2016,-100390,-3195880000,31.4(-4.85 %),29090,937770000,129480,4133650000,77642005,18.75
08/12/2016,9940,312260000,31.4(0.00 %),66410,2080040000,56470,1767780000,77709405,18.72
09/12/2016,1680,55330000,31.6(0.64 %),42190,1323780000,40510,1268450000,77771315,18.7
12/12/2016,20280,648010000,32.05(1.42 %),65670,2101320000,45390,1453310000,77835125,18.67
13/12/2016,-2330,-63620000,32.3(0.78 %),89850,2913890000,92180,2977510000,77801745,18.69
14/12/2016,19870,658730000,33.2(2.79 %),61220,2026630000,41350,1367900000,77781035,18.69
15/12/2016,22040,732600000,33.2(0.00 %),62540,2077190000,40500,1344590000,77801885,18.69
16/12/2016,786690,27425810000,35(5.42 %),866860,30231750000,80170,2805940000,77056945,18.98
19/12/2016,2910,100020000,34.7(-0.86 %),5110,175890000,2200,75870000,77063445,18.97
20/12/2016,-49080,-1667860000,34.1(-1.73 %),25700,873540000,74780,2541400000,77040245,18.98
21/12/2016,-33460,-1127530000,34(-0.29 %),20110,681180000,53570,1808710000,77100305,18.96
22/12/2016,-6460,-216830000,33(-2.94 %),8000,271400000,14460,488230000,77094505,18.96
23/12/2016,51920,1754700000,34(3.03 %),85560,2888770000,33640,1134070000,77113205,18.95
26/12/2016,0,0,34(0.00 %),0,0,0,0,77185395,18.93
27/12/2016,0,0,34.9(2.65 %),0,0,0,0,77185395,18.93
28/12/2016,-85860,-3017650000,35.5(1.72 %),7000,247180000,92860,3264830000,77178395,18.93
29/12/2016,111630,4017340000,36.2(1.97 %),115750,4165390000,4120,148050000,77062645,18.97
30/12/2016,8500,307900000,36.35(0.41 %),8500,307900000,0,0,77054145,18.98
03/01/2017,48130,1761950000,36.6(0.69 %),76740,2808680000,28610,1046730000,77070265,18.97
04/01/2017,26340,963950000,36.6(0.00 %),27340,1000550000,1000,36600000,77047045,18.98
05/01/2017,-27340,-984600000,36(-1.64 %),3600,129450000,30940,1114050000,77043445,18.98
06/01/2017,1150,45070000,35.7(-0.83 %),30060,1073250000,28910,1028180000,77041995,18.98
09/01/2017,35140,1263440000,36.2(1.40 %),64630,2324580000,29490,1061140000,77007275,19.0
10/01/2017,920,32400000,35.85(-0.97 %),71220,2559350000,70300,2526950000,76995905,19.0
11/01/2017,-12280,-440100000,36(0.42 %),40240,1438350000,52520,1878450000,76984575,19.0
12/01/2017,22360,803630000,36(0.00 %),33010,1186710000,10650,383080000,76952145,19.02
13/01/2017,-26800,-997420000,37.3(3.61 %),23400,877510000,50200,1874930000,76970135,19.01
16/01/2017,161770,6217100000,38.1(2.14 %),200760,7697350000,38990,1480250000,76821895,19.07
17/01/2017,124980,4747650000,38.2(0.26 %),196120,7454890000,71140,2707240000,76636425,19.14
18/01/2017,-2910,-107890000,37.7(-1.31 %),46580,1746860000,49490,1854750000,76640045,19.14
19/01/2017,-46650,-1738570000,37.2(-1.33 %),131200,4890440000,177850,6629010000,76547835,19.17
20/01/2017,17170,636440000,37.3(0.27 %),92820,3456930000,75650,2820490000,76526155,19.18
23/01/2017,-39760,-1485590000,37.4(0.27 %),34070,1278420000,73830,2764010000,76541575,19.18
24/01/2017,-40670,-1486420000,36.6(-2.14 %),11300,417790000,51970,1904210000,76708125,19.11
25/01/2017,-51560,-1902310000,36.9(0.82 %),10,370000,51570,1902680000,76783765,19.08
02/02/2017,-4850,-179600000,37.3(1.08 %),0,0,4850,179600000,76857595,19.05
03/02/2017,6870,258040000,36.9(-1.07 %),46370,1719840000,39500,1461800000,76863195,19.05
06/02/2017,-11220,-407190000,37(0.27 %),44380,1625400000,55600,2032590000,76870385,19.05
07/02/2017,37630,1402410000,37.35(0.95 %),48530,1808220000,10900,405810000,76826705,19.07
08/02/2017,1290,46190000,37.6(0.67 %),17590,660420000,16300,614230000,76848615,19.06
09/02/2017,-64820,-2482420000,38.4(2.13 %),3400,128800000,68220,2611220000,76900819,19.04
10/02/2017,-41380,-1589110000,38.9(1.30 %),550,21080000,41930,1610190000,76911175,19.03
13/02/2017,-4870,-191570000,39.1(0.51 %),11650,454190000,16520,645760000,76915825,19.03
14/02/2017,360,13740000,38.95(-0.38 %),3630,139910000,3270,126170000,76980415,19.01
15/02/2017,5140,199190000,38.5(-1.16 %),5140,199190000,0,0,77017205,18.99
16/02/2017,49520,1907320000,38.7(0.52 %),54520,2099820000,5000,192500000,76979205,19.01
17/02/2017,-2940,-103800000,38.5(-0.52 %),51860,1994800000,54800,2098600000,76930615,19.03
20/02/2017,6260,238510000,38.4(-0.26 %),6260,238510000,0,0,76924355,19.03
21/02/2017,161950,6246660000,38.75(0.91 %),162000,6248590000,50,1930000,76767359,19.09
22/02/2017,81440,3240990000,40.3(4.00 %),124560,4952470000,43120,1711480000,76697599,19.12
23/02/2017,49420,1965460000,39.5(-1.99 %),54920,2187710000,5500,222250000,76642679,19.14
24/02/2017,5000,195560000,37.9(-4.05 %),5000,195560000,0,0,76637729,19.14
27/02/2017,-39940,-1492020000,37.1(-2.11 %),33350,1248260000,73290,2740280000,76647118,19.14
28/02/2017,-44720,-1658310000,37.1(0.00 %),280,10390000,45000,1668700000,76652728,19.13
01/03/2017,5610,209210000,37.5(1.08 %),5610,209210000,0,0,76647118,19.14
02/03/2017,-13860,-518610000,37.5(0.00 %),7140,264440000,21000,783050000,76713268,19.11
03/03/2017,22260,825410000,37(-1.33 %),22260,825410000,0,0,76736012,19.1
06/03/2017,-17800,-658420000,37.1(0.27 %),39900,1476290000,57700,2134710000,76696112,19.12
07/03/2017,16530,609360000,36.8(-0.81 %),18030,664610000,1500,55250000,76699082,19.12
08/03/2017,-53320,-1939830000,36.5(-0.82 %),0,0,53320,1939830000,76699090,19.12
09/03/2017,-1130,-41390000,36.5(0.00 %),270,9810000,1400,51200000,76756520,19.09
10/03/2017,18720,693610000,37.3(2.19 %),33520,1240210000,14800,546600000,76724500,19.11
13/03/2017,11150,410330000,36.7(-1.61 %),13150,484430000,2000,74100000,76764670,19.09
14/03/2017,-1760,-64820000,37.1(1.09 %),0,0,1760,64820000,76766070,19.09
15/03/2017,-286930,-10670930000,37.1(0.00 %),0,0,286930,10670930000,76780870,19.08
16/03/2017,-900,-33480000,37.35(0.67 %),100,3720000,1000,37200000,76782770,19.08
17/03/2017,-3648820,-136913480000,37.5(0.40 %),1237840,46419540000,4886660,183333020000,76782770,19.08
20/03/2017,-3000,-116700000,38.7(3.20 %),0,0,3000,116700000,76782770,19.08
21/03/2017,20910,822350000,39(0.78 %),21910,861650000,1000,39300000,76782770,19.08
22/03/2017,68810,2754040000,39.6(1.54 %),71510,2860730000,2700,106690000,76782770,19.08
23/03/2017,323340,13375810000,41.55(4.92 %),329240,13616640000,5900,240830000,76782770,19.08
24/03/2017,84890,3554200000,41.5(-0.12 %),98500,4120980000,13610,566780000,76782770,19.08
27/03/2017,-266890,-11079000000,41.5(0.00 %),175560,7360160000,442450,18439160000,76782770,19.08
28/03/2017,-593010,-24577510000,41.3(-0.48 %),305000,12659520000,898010,37237030000,76782770,19.08
29/03/2017,-59640,-2498050000,41.7(0.97 %),72960,3030650000,132600,5528700000,76782770,19.08
30/03/2017,-323300,-13614040000,42(0.72 %),7000,294280000,330300,13908320000,76782770,19.08
31/03/2017,-62110,-2623170000,42(0.00 %),5350,225410000,67460,2848580000,76782770,19.08
03/04/2017,-3550,-150250000,41(-2.38 %),8100,333980000,11650,484230000,81125429,17.39
04/04/2017,-200,-8180000,41.2(0.49 %),0,0,200,8180000,81455729,17.26
05/04/2017,-116700,-4766220000,40.9(-0.73 %),3500,143500000,120200,4909720000,81519689,17.24
07/04/2017,16810,667440000,40.2(-1.71 %),125550,5048500000,108740,4381060000,81405789,17.28
10/04/2017,-351260,-14175250000,40.45(0.62 %),460200,18569960000,811460,32745210000,81285789,17.33
11/04/2017,-104340,-4058020000,41.85(3.46 %),393460,16387870000,497800,20445890000,81012529,17.44
12/04/2017,35180,1440470000,41.2(-1.55 %),278550,11531270000,243370,10090800000,80942719,17.46
13/04/2017,37540,1550320000,41.5(0.73 %),59730,2471010000,22190,920690000,81354449,17.3
14/04/2017,1030,42120000,40.1(-3.37 %),1140,46570000,110,4450000,81851109,17.11
17/04/2017,39060,1536460000,39(-2.74 %),39070,1536860000,10,400000,81955409,17.07
18/04/2017,66860,2637590000,40.2(3.08 %),66860,2637590000,0,0,81910739,17.09
19/04/2017,700,27790000,40(-0.50 %),700,27790000,0,0,81910149,17.09
20/04/2017,-2380,-92750000,39.75(-0.62 %),4720,189270000,7100,282020000,81905439,17.09
21/04/2017,18420,724340000,38.6(-2.89 %),18700,735470000,280,11130000,81886739,17.09
24/04/2017,113400,4416360000,39.2(1.55 %),272120,10567740000,158720,6151380000,81614619,17.2
25/04/2017,2000,80380000,39.2(0.00 %),20500,801760000,18500,721380000,81601219,17.21
26/04/2017,-46290,-1804770000,39(-0.51 %),2500,98000000,48790,1902770000,81598999,17.21
27/04/2017,58620,2323360000,39.6(1.54 %),71720,2835310000,13100,511950000,81685999,17.17
28/04/2017,-69620,-2726550000,39.6(0.00 %),83420,3276930000,153040,6003480000,81621079,17.2
03/05/2017,9730,382250000,39.2(-1.01 %),38290,1504180000,28560,1121930000,81631579,17.19
04/05/2017,8450,332120000,39.7(1.28 %),16500,652010000,8050,319890000,81628179,17.2
05/05/2017,700,27640000,39.2(-1.26 %),700,27640000,0,0,81780519,17.14
08/05/2017,100,3920000,39.1(-0.26 %),100,3920000,0,0,81808979,17.12
09/05/2017,-25110,-1013740000,40.6(3.84 %),590,23010000,25700,1036750000,81816439,17.12
10/05/2017,-57510,-2349660000,40.4(-0.49 %),2270,92040000,59780,2441700000,81814169,17.12
11/05/2017,-91510,-3703140000,40.5(0.25 %),800,32370000,92310,3735510000,81813369,17.12
12/05/2017,-155270,-6297860000,40.5(0.00 %),10020,407310000,165290,6705170000,81829049,17.12
15/05/2017,-14270,-583670000,41.1(1.48 %),79250,3258850000,93520,3842520000,81809579,17.12
16/05/2017,120,-50000,41(-0.24 %),48130,1987530000,48010,1987580000,81853759,17.11
17/05/2017,1600,65730000,40.8(-0.49 %),2100,86130000,500,20400000,82016949,17.04
18/05/2017,19380,789530000,40.8(0.00 %),20180,822050000,800,32520000,82090289,17.02
19/05/2017,21220,867240000,41.5(1.72 %),36980,1519720000,15760,652480000,82101319,17.01
22/05/2017,12290,512900000,41.8(0.72 %),16450,685680000,4160,172780000,82085370,17.02
23/05/2017,-304660,-12779180000,41.7(-0.24 %),6590,275490000,311250,13054670000,82079580,17.02
24/05/2017,-67210,-2803070000,42(0.72 %),26780,1118860000,93990,3921930000,82068560,17.02
25/05/2017,-328490,-14065250000,44(4.76 %),44000,1894490000,372490,15959740000,82028720,17.04
26/05/2017,-267260,-11796980000,43.6(-0.91 %),7480,333690000,274740,12130670000,82332490,16.92
29/05/2017,-65490,-2862880000,43.4(-0.46 %),12640,551480000,78130,3414360000,82413840,16.89
30/05/2017,-12810,-553310000,42.5(-2.07 %),6770,292200000,19580,845510000,82779560,16.75
31/05/2017,-14440,-612790000,42.45(-0.12 %),600,25680000,15040,638470000,83053700,16.64
01/06/2017,-272570,-11622070000,42.9(1.06 %),42380,1808240000,314950,13430310000,83089459,16.63
02/06/2017,216280,9274300000,43.1(0.47 %),590460,25441140000,374180,16166840000,82518579,16.85
05/06/2017,431160,18778260000,43.8(1.62 %),450090,19593190000,18930,814930000,82083529,17.02
06/06/2017,353960,15519140000,43.9(0.23 %),360870,15821470000,6910,302330000,82037609,17.04
07/06/2017,130770,5764240000,44.45(1.25 %),169020,7454570000,38250,1690330000,82242769,16.96
08/06/2017,234360,10734500000,46.4(4.39 %),265600,12171270000,31240,1436770000,81996099,17.05
09/06/2017,101290,4740170000,47(1.29 %),103590,4847990000,2300,107820000,81899419,17.09
12/06/2017,-31080,-1444940000,46.5(-1.06 %),1110,51820000,32190,1496760000,81936563,17.08
13/06/2017,-203930,-9244830000,45.5(-2.15 %),7800,354710000,211730,9599540000,81960003,17.07
14/06/2017,-383000,-17379730000,45.6(0.22 %),91510,4155880000,474510,21535610000,81950793,17.07
15/06/2017,-115750,-5308230000,45.7(0.22 %),41690,1932550000,157440,7240780000,81941293,17.07
16/06/2017,-1154300,-53179780000,46.2(1.09 %),9720,448820000,1164020,53628600000,82143303,16.99
19/06/2017,-62060,-2906010000,46.75(1.19 %),108250,5066590000,170310,7972600000,82429563,16.88
20/06/2017,-3150,-156650000,46.9(0.32 %),28790,1344690000,31940,1501340000,82558213,16.83
21/06/2017,59090,2740030000,46.7(-0.43 %),157100,7317700000,98010,4577670000,83565134,16.44
22/06/2017,-3100,-144390000,46.55(-0.32 %),5760,269940000,8860,414330000,83729684,16.38
23/06/2017,-14410,-668240000,46.55(0.00 %),15590,723360000,30000,1391600000,83746034,16.37
26/06/2017,161450,7548520000,46.8(0.54 %),164450,7689520000,3000,141000000,83679594,16.4
27/06/2017,380010,17577490000,45.8(-2.14 %),483280,22360870000,103270,4783380000,82725584,16.77
28/06/2017,495490,22696700000,45.8(0.00 %),509590,23340900000,14100,644200000,82725584,16.77
29/06/2017,304340,14016020000,45.95(0.33 %),309340,14246260000,5000,230240000,82419244,16.89
30/06/2017,517970,24054010000,46.5(1.20 %),517970,24054010000,0,0,82004544,17.05
03/07/2017,337710,15696810000,46.5(0.00 %),347440,16149260000,9730,452450000,81671204,17.18
04/07/2017,257260,11469600000,47.65(2.47 %),510080,23463980000,252820,11994380000,81166124,17.38
05/07/2017,346610,16607960000,47.7(0.10 %),355210,17020070000,8600,412110000,80810914,17.51
06/07/2017,256860,12242840000,47.5(-0.42 %),256860,12242840000,0,0,80563784,17.61
07/07/2017,-4360,-207200000,46.5(-2.11 %),1750,82790000,6110,289990000,80814854,17.51
10/07/2017,172120,8043280000,46.1(-0.86 %),205250,9573560000,33130,1530280000,80404414,17.67
11/07/2017,187540,8637820000,46.4(0.65 %),219900,10126480000,32360,1488660000,80398304,17.67
12/07/2017,100820,4706720000,46.8(0.86 %),231080,10746430000,130260,6039710000,80173334,17.76
13/07/2017,60630,2838960000,46.75(-0.11 %),102730,4808090000,42100,1969130000,80103734,17.79
14/07/2017,178660,8338880000,46.75(0.00 %),232360,10844800000,53700,2505920000,79903734,17.87
17/07/2017,175300,8150280000,46.3(-0.96 %),200800,9333300000,25500,1183020000,79833205,17.89
18/07/2017,102720,4752280000,46.2(-0.22 %),159250,7347560000,56530,2595280000,79716055,17.94
19/07/2017,-103130,-4732770000,46(-0.43 %),9800,450520000,112930,5183290000,79759955,17.92
20/07/2017,-4660,-207830000,46(0.00 %),62200,2867540000,66860,3075370000,79723255,17.94
21/07/2017,96040,4434400000,46(0.00 %),163800,7556160000,67760,3121760000,79615985,17.98
24/07/2017,147320,6758700000,45.7(-0.65 %),150190,6890530000,2870,131830000,79578725,17.99
25/07/2017,830,35670000,44(-0.23 %),14490,639230000,13660,603560000,79631095,17.97
26/07/2017,42200,1861640000,44.2(0.45 %),81590,3598830000,39390,1737190000,79557015,18.0
27/07/2017,34020,1524670000,45.25(2.38 %),63120,2836760000,29100,1312090000,79557015,18.0
28/07/2017,90340,4091580000,45.3(0.11 %),111960,5068450000,21620,976870000,79458721,18.04
31/07/2017,97530,4387830000,44.5(-1.77 %),98030,4410430000,500,22600000,79400081,18.06
01/08/2017,4130,181760000,43.8(-1.57 %),4130,181760000,0,0,79425051,18.05
02/08/2017,-232170,-9887940000,43(-1.83 %),20030,860350000,252200,10748290000,79426641,18.05
03/08/2017,-69060,-2953920000,44.5(3.49 %),45740,1958740000,114800,4912660000,79381401,18.07
04/08/2017,124140,5458340000,44(-1.12 %),124140,5458340000,0,0,79257261,18.12
07/08/2017,121520,5360480000,43.8(-0.45 %),140520,6197480000,19000,837000000,79368941,18.08
08/08/2017,83840,3677910000,43.75(-0.11 %),101540,4450030000,17700,772120000,79382201,18.07
09/08/2017,134200,5723210000,43.45(-0.69 %),211530,9043630000,77330,3320420000,79170671,18.15
10/08/2017,86260,3693360000,42.8(-1.50 %),100000,4282060000,13740,588700000,79089671,18.18
11/08/2017,205520,8780620000,42.9(0.23 %),221540,9462450000,16020,681830000,78885831,18.26
14/08/2017,-18370,-788970000,42.9(0.00 %),49300,2090620000,67670,2879590000,78913861,18.25
15/08/2017,-302350,-12785260000,42.2(-1.63 %),46100,1949830000,348450,14735090000,78881501,18.27
16/08/2017,-76930,-3216110000,41.7(-1.18 %),4640,194990000,81570,3411100000,78892881,18.26
17/08/2017,-60370,-2500390000,40.9(-1.92 %),1810,74270000,62180,2574660000,78958741,18.24
18/08/2017,-533300,-21441850000,41(0.24 %),6700,268780000,540000,21710630000,79300491,18.1
21/08/2017,-51170,-2099570000,41.2(0.49 %),7160,293820000,58330,2393390000,79374901,18.07
22/08/2017,-13810,-564840000,41.3(0.24 %),20520,843610000,34330,1408450000,79416561,18.06
23/08/2017,-26260,-1076630000,40.9(-0.97 %),14880,610150000,41140,1686780000,79941681,17.85
24/08/2017,-36600,-1492690000,40.7(-0.49 %),1150,47110000,37750,1539800000,79998861,17.83
25/08/2017,-30210,-1229490000,40.7(0.00 %),3900,159250000,34110,1388740000,80029291,17.82
28/08/2017,-12080,-499740000,41.4(1.72 %),1220,50540000,13300,550280000,80069211,17.8
29/08/2017,-120270,-4955070000,41.2(-0.48 %),350,14500000,120620,4969570000,80106611,17.79
30/08/2017,77550,3170070000,41(-0.49 %),77550,3170070000,0,0,80063171,17.8
31/08/2017,-20510,-835410000,40.7(-0.73 %),3100,126380000,23610,961790000,80073371,17.8
01/09/2017,-1030,-42840000,41.05(0.86 %),39760,1633630000,40790,1676470000,80154231,17.77
05/09/2017,18930,803570000,42.5(3.53 %),24930,1051440000,6000,247870000,80129301,17.78
06/09/2017,-3280,-137740000,42.2(-0.71 %),31560,1338260000,34840,1476000000,80121351,17.78
07/09/2017,20350,862090000,42.2(0.00 %),20390,863780000,40,1690000,80141751,17.77
08/09/2017,-65490,-2729920000,41.95(-0.59 %),6700,280380000,72190,3010300000,80141051,17.77
11/09/2017,-5500,-227230000,41.45(-1.19 %),5220,216800000,10720,444030000,80170671,17.76
12/09/2017,-119450,-4890210000,41.4(-0.12 %),25650,1051480000,145100,5941690000,80145061,17.77
13/09/2017,890,36890000,41.5(0.24 %),890,36890000,0,0,80216361,17.75
14/09/2017,-19200,-794330000,41.2(-0.72 %),2100,87520000,21300,881850000,80224990,17.74
15/09/2017,-112480,-4634930000,41.2(0.00 %),16860,695840000,129340,5330770000,80353230,17.69
18/09/2017,-31590,-1314140000,41.7(1.21 %),6460,270110000,38050,1584250000,80346770,17.69
19/09/2017,-8460,-333770000,42(0.72 %),28350,1187090000,36810,1520860000,80339720,17.7
20/09/2017,45980,1936760000,42(0.00 %),48530,2044830000,2550,108070000,80420530,17.67
21/09/2017,-81040,-3383070000,42(0.00 %),7320,306220000,88360,3689290000,80451260,17.65
22/09/2017,4000,167400000,41.7(-0.71 %),4000,167400000,0,0,80484070,17.64
25/09/2017,2630,110020000,42.1(0.96 %),5930,248620000,3300,138600000,80480690,17.64
26/09/2017,-15400,-645650000,42.7(1.43 %),10200,430640000,25600,1076290000,80558850,17.61
27/09/2017,44010,1899800000,43.2(1.17 %),59650,2576050000,15640,676250000,80499200,17.64
28/09/2017,33800,1443850000,42.5(-1.62 %),33800,1443850000,0,0,80468700,17.65
29/09/2017,8950,375900000,42(-1.18 %),8950,375900000,0,0,80485350,17.64
02/10/2017,-12050,-495130000,41.5(-1.19 %),3450,143210000,15500,638340000,80497540,17.64
03/10/2017,-48450,-1962180000,40.65(-2.05 %),33620,1372810000,82070,3334990000,80463920,17.65
04/10/2017,-84290,-3402890000,40.65(0.00 %),8610,346960000,92900,3749850000,80455310,17.65
05/10/2017,-58800,-2392850000,40.5(-0.37 %),1000,41000000,59800,2433850000,80469810,17.65
06/10/2017,1030,42010000,40.6(0.25 %),2350,95490000,1320,53480000,80549530,17.62
09/10/2017,2390,96360000,40.1(-1.23 %),2390,96360000,0,0,80640046,17.58
10/10/2017,1660,66190000,39.5(-1.50 %),6660,264490000,5000,198300000,80693186,17.56
11/10/2017,-24280,-962780000,39.8(0.76 %),4090,162730000,28370,1125510000,80690416,17.56
12/10/2017,-74780,-2949500000,39.25(-1.38 %),5410,214420000,80190,3163920000,80685006,17.56
13/10/2017,-16470,-646250000,39.1(-0.38 %),11810,460080000,28280,1106330000,80678196,17.57
16/10/2017,-163680,-6321680000,38.6(-1.28 %),850,32720000,164530,6354400000,80705716,17.55
17/10/2017,-131940,-5041660000,38.25(-0.91 %),90,3460000,132030,5045120000,80785816,17.52
18/10/2017,-128600,-4865950000,38.2(-0.13 %),10970,416410000,139570,5282360000,80803126,17.52
19/10/2017,2170,84170000,38.65(1.18 %),7770,300570000,5600,216400000,80959886,17.46
20/10/2017,-30100,-1164870000,38.6(-0.13 %),23060,888560000,53160,2053430000,81068856,17.41
23/10/2017,3940,153470000,38.2(-1.04 %),30740,1170190000,26800,1016720000,81177686,17.37
24/10/2017,18250,696120000,38.3(0.26 %),20250,772120000,2000,76000000,81163036,17.38
25/10/2017,13700,519210000,37.5(-2.09 %),15500,587340000,1800,68130000,81200696,17.36
26/10/2017,17580,655980000,37(-1.33 %),25580,955830000,8000,299850000,81201916,17.36
27/10/2017,-3930,-147310000,37(0.00 %),16570,609140000,20500,756450000,81187346,17.37
30/10/2017,-119620,-4434990000,37(0.00 %),28320,1050360000,147940,5485350000,81160826,17.38
31/10/2017,-112720,-4170340000,37.05(0.14 %),35390,1309560000,148110,5479900000,81133436,17.39
01/11/2017,-212350,-7825470000,36.7(-0.94 %),15000,554900000,227350,8380370000,81138936,17.39
02/11/2017,177770,6576840000,37.3(1.63 %),181770,6723440000,4000,146600000,81105106,17.4
03/11/2017,11840,440720000,37.3(0.00 %),12710,473170000,870,32450000,81240506,17.35
06/11/2017,-149240,-5545020000,37.5(0.54 %),26490,980250000,175730,6525270000,81441366,17.27
07/11/2017,-168840,-6252680000,37.2(-0.80 %),39160,1453680000,208000,7706360000,81406206,17.28
08/11/2017,-32030,-1185250000,37.1(-0.27 %),8970,331850000,41000,1517100000,81398106,17.28
09/11/2017,-98270,-3615060000,36.8(-0.81 %),2090,77130000,100360,3692190000,81571746,17.22
10/11/2017,-23210,-863210000,36.8(0.00 %),35370,1284550000,58580,2147760000,81744376,17.15
13/11/2017,-72780,-2642590000,36.3(-1.36 %),127640,4634060000,200420,7276650000,81657736,17.18
14/11/2017,-97210,-3557080000,36.5(0.55 %),2890,106290000,100100,3663370000,81755206,17.15
15/11/2017,-7890,-291310000,37.55(2.88 %),7100,269060000,14990,560370000,81806686,17.13
16/11/2017,3000,114140000,38.55(2.66 %),3400,129540000,400,15400000,82003706,17.05
17/11/2017,-135520,-5122370000,37.8(-1.95 %),10430,396650000,145950,5519020000,82093385,17.01
20/11/2017,-137770,-5132310000,37.2(-1.59 %),25920,972870000,163690,6105180000,82082456,17.02
21/11/2017,-147730,-5499270000,37.15(-0.13 %),127080,4727560000,274810,10226830000,81955776,17.07
22/11/2017,51560,1938520000,38(2.29 %),82850,3101300000,31290,1162780000,82018876,17.04
23/11/2017,32510,1228640000,38(0.00 %),33660,1272340000,1150,43700000,82148906,16.99
24/11/2017,6690,246760000,38.4(1.05 %),29190,1103940000,22500,857180000,82394526,16.9
27/11/2017,20310,794890000,38.75(0.91 %),31360,1229440000,11050,434550000,82394456,16.9
28/11/2017,-24040,-916950000,38.35(-1.03 %),30510,1183880000,54550,2100830000,82365096,16.91
29/11/2017,-36850,-1411180000,38.25(-0.26 %),7440,285990000,44290,1697170000,82380156,16.9
30/11/2017,-104870,-4006790000,38.5(0.65 %),33220,1263190000,138090,5269980000,82357986,16.91
01/12/2017,-47770,-1833950000,38.2(-0.78 %),2730,104720000,50500,1938670000,82409806,16.89
04/12/2017,-28220,-1101480000,39.5(3.40 %),5510,213860000,33730,1315340000,82448586,16.88
05/12/2017,24700,1012810000,40.3(2.03 %),34320,1401800000,9620,388990000,82552364,16.84
06/12/2017,11990,486710000,40.2(-0.25 %),22100,890400000,10110,403690000,82580764,16.82
07/12/2017,-10620,-417330000,40.2(0.00 %),19800,795520000,30420,1212850000,82594694,16.82
08/12/2017,-7160,-286450000,40.2(0.00 %),120,4780000,7280,291230000,82604194,16.81
11/12/2017,11550,459690000,39.6(-1.49 %),11650,463680000,100,3990000,82602654,16.82
12/12/2017,24440,930870000,38.7(-2.27 %),30760,1172120000,6320,241250000,82602314,16.82
13/12/2017,-1960,-75960000,39(0.78 %),200,7730000,2160,83690000,82609394,16.81
14/12/2017,-25450,-989590000,38.95(-0.13 %),620,24130000,26070,1013720000,82608874,16.81
15/12/2017,-109700,-4225370000,39(0.13 %),52430,2043850000,162130,6269220000,82562764,16.83
18/12/2017,-428220,-16657760000,38.8(-0.51 %),200,7710000,428420,16665470000,82564724,16.83
19/12/2017,-121660,-4687660000,38.25(-1.42 %),21440,821930000,143100,5509590000,82569354,16.83
20/12/2017,-128560,-4949860000,38.35(0.26 %),490360,18782990000,618920,23732850000,82718484,16.77
21/12/2017,83860,3204340000,38.35(0.00 %),149740,5730200000,65880,2525860000,82997164,16.66
22/12/2017,18290,703250000,38.4(0.13 %),18790,722500000,500,19250000,83121474,16.61
25/12/2017,32030,1227240000,38.25(-0.39 %),34670,1328880000,2640,101640000,83228364,16.57
26/12/2017,39870,1526230000,38.8(1.44 %),42270,1618870000,2400,92640000,83251982,16.56
27/12/2017,-94560,-3647530000,38.7(-0.26 %),14420,553780000,108980,4201310000,83238062,16.57
28/12/2017,282790,10997090000,39.2(1.29 %),404370,15684730000,121580,4687640000,82836332,16.72
29/12/2017,405560,15987780000,39.5(0.77 %),405960,16003500000,400,15720000,82432772,16.88
02/01/2018,123410,5010800000,42(6.33 %),136470,5550080000,13060,539280000,82405282,16.89
03/01/2018,741760,32310110000,43.8(4.29 %),757350,32987070000,15590,676960000,81769512,17.14
04/01/2018,574660,25402110000,44.3(1.14 %),640350,28294880000,65690,2892770000,81129562,17.39
05/01/2018,552290,24376310000,44.3(0.00 %),786850,34715410000,234560,10339100000,80355772,17.69
08/01/2018,361580,16050290000,44.5(0.45 %),376870,16727050000,15290,676760000,79994492,17.83
09/01/2018,355560,15730720000,44.3(-0.45 %),565480,25014800000,209920,9284080000,79494702,18.03
10/01/2018,261840,11582660000,44.3(0.00 %),320420,14176050000,58580,2593390000,79408842,18.06
11/01/2018,-27720,-1215590000,43.5(-1.81 %),360250,15754000000,387970,16969590000,79091882,18.18
12/01/2018,228060,9908610000,43.5(0.00 %),245760,10675430000,17700,766820000,79056042,18.2
15/01/2018,197570,8579200000,43.65(0.34 %),249980,10852530000,52410,2273330000,78864642,18.27
16/01/2018,216380,9426750000,43.6(-0.11 %),268350,11674720000,51970,2247970000,78956262,18.24
17/01/2018,49470,2130610000,43.6(0.00 %),213310,9345000000,163840,7214390000,78760652,18.31
18/01/2018,33590,1483460000,44.4(1.83 %),43960,1936350000,10370,452890000,78769102,18.31
19/01/2018,153480,6965630000,45.4(2.25 %),158220,7180560000,4740,214930000,78662852,18.35
22/01/2018,338150,14987300000,43.75(-3.63 %),487540,21562680000,149390,6575380000,78339152,18.48
25/01/2018,1233980,55181260000,44(0.57 %),1328980,59354200000,95000,4172940000,77174672,18.93
26/01/2018,462980,20519200000,44.2(0.45 %),617430,27302130000,154450,6782930000,76557242,19.17
29/01/2018,764550,33995640000,44.5(0.68 %),888010,39474260000,123460,5478620000,75669232,19.52
30/01/2018,214020,9561530000,44.5(0.00 %),360240,16048780000,146220,6487250000,75403992,19.62
31/01/2018,216070,9618070000,44.5(0.00 %),382700,16994010000,166630,7375940000,75175746,19.71
01/02/2018,336390,14907440000,44.4(-0.22 %),432050,19111280000,95660,4203840000,74867156,19.83
02/02/2018,274070,12107470000,44.4(0.00 %),337020,14890590000,62950,2783120000,74676356,19.9
05/02/2018,148910,6469940000,43(-3.15 %),262160,11402340000,113250,4932400000,74580826,19.94
06/02/2018,246060,9894500000,41(-4.65 %),389150,15624980000,143090,5730480000,74287336,20.06
07/02/2018,15780,655330000,42.6(3.90 %),26080,1083760000,10300,428430000,74324206,20.04
08/02/2018,118890,5020220000,42.5(-0.23 %),127920,5398380000,9030,378160000,74309536,20.05
09/02/2018,-50250,-2000060000,42(-1.18 %),2360,93500000,52610,2093560000,74450266,19.99
12/02/2018,-24970,-988340000,42(0.00 %),63850,2671500000,88820,3659840000,74396716,20.01
13/02/2018,-46100,-1858130000,42(0.00 %),86120,3606300000,132220,5464430000,74319626,20.04
21/02/2018,35390,1494110000,42.2(0.48 %),101510,4262430000,66120,2768320000,74270726,20.06
22/02/2018,6290,256410000,41(-2.84 %),58190,2411050000,51900,2154640000,74301356,20.05
23/02/2018,-15780,-618580000,41.5(1.22 %),39320,1619500000,55100,2238080000,74394263,20.01
26/02/2018,7390,294090000,41.3(-0.48 %),60970,2518280000,53580,2224190000,74399425,20.01
27/02/2018,-34940,-1494720000,43(4.12 %),38680,1662950000,73620,3157670000,74412654,20.01
28/02/2018,-74140,-3156020000,42.8(-0.47 %),11860,508210000,86000,3664230000,74455894,19.99
01/03/2018,-5620,-236820000,42.4(-0.93 %),11490,480660000,17110,717480000,74497984,19.97
02/03/2018,-44440,-1828690000,41(-3.30 %),40,1670000,44480,1830360000,74571564,19.94
05/03/2018,-113930,-4563760000,40(-2.44 %),1750,70140000,115680,4633900000,74655814,19.91
06/03/2018,-74540,-2949790000,39.9(-0.25 %),9710,384450000,84250,3334240000,74663214,19.91
07/03/2018,-18240,-725510000,40(0.25 %),1050,41540000,19290,767050000,74706644,19.89
08/03/2018,-75150,-2999180000,39.8(-0.50 %),6120,247140000,81270,3246320000,74816204,19.85
09/03/2018,-107940,-4307810000,39.8(0.00 %),430,17240000,108370,4325050000,74900024,19.82
12/03/2018,-88730,-3543570000,39.9(0.25 %),155390,6184900000,244120,9728470000,74763924,19.87
13/03/2018,14950,600430000,40.2(0.75 %),38670,1545330000,23720,944900000,74806533,19.85
14/03/2018,-1640,-67780000,40.3(0.25 %),24500,980230000,26140,1048010000,74890403,19.82
15/03/2018,24420,978280000,40(-0.74 %),33820,1355210000,9400,376930000,75100703,19.74
16/03/2018,-176880,-7085730000,40(0.00 %),123910,4966970000,300790,12052700000,75000513,19.78
19/03/2018,-92560,-3671450000,39.5(-1.25 %),5200,205410000,97760,3876860000,75021453,19.77
20/03/2018,-19480,-766790000,39(-1.27 %),8430,329400000,27910,1096190000,75022423,19.77
21/03/2018,-3040,-120180000,39(0.00 %),30560,1196740000,33600,1316920000,75292653,19.66
22/03/2018,10240,401370000,39(0.00 %),10240,401370000,0,0,75380173,19.63
23/03/2018,45790,1777040000,38.5(-1.28 %),48940,1898510000,3150,121470000,75359143,19.64
26/03/2018,10090,390070000,38.7(0.52 %),11290,436270000,1200,46200000,75381453,19.63
27/03/2018,5960,234760000,38.85(0.39 %),16600,643020000,10640,408260000,75364853,19.64
28/03/2018,27380,1064110000,38.55(-0.77 %),42310,1642170000,14930,578060000,75325693,19.65
29/03/2018,11480,439620000,38(-1.43 %),22130,849950000,10650,410330000,75304763,19.66
30/03/2018,-3080,-115940000,38.3(0.79 %),2720,103230000,5800,219170000,75312683,19.66
02/04/2018,-43610,-1672260000,38.4(0.26 %),11950,459050000,55560,2131310000,75315663,19.65
03/04/2018,-97090,-3673760000,37.8(-1.56 %),20220,768450000,117310,4442210000,75306093,19.66
04/04/2018,-69210,-2684760000,38.65(2.25 %),18620,718180000,87830,3402940000,75293273,19.66
05/04/2018,6350,252590000,39.9(3.23 %),9550,380270000,3200,127680000,75339283,19.65
06/04/2018,17160,689420000,40.3(1.00 %),17160,689420000,0,0,75439433,19.61
09/04/2018,34750,1419300000,40.6(0.74 %),39340,1606570000,4590,187270000,75487923,19.59
10/04/2018,27410,1110540000,40(-1.48 %),29360,1190040000,1950,79500000,75461763,19.6
11/04/2018,503480,20154260000,40(0.00 %),536480,21456760000,33000,1302500000,74925283,19.81
12/04/2018,-38500,-1539050000,40.2(0.50 %),28500,1141550000,67000,2680600000,74901373,19.82
13/04/2018,-6540,-262700000,39.6(-1.49 %),510,20740000,7050,283440000,74902813,19.82
16/04/2018,4950,201290000,40.6(2.53 %),4950,201290000,0,0,74930863,19.8
17/04/2018,-19220,-773630000,40(-1.48 %),51740,1995950000,70960,2769580000,74982163,19.78
18/04/2018,-50980,-2038460000,39.55(-1.12 %),100,3980000,51080,2042440000,74989113,19.78
19/04/2018,-79570,-3022480000,36.8(-6.95 %),550,20350000,80120,3042830000,74988563,19.78
20/04/2018,-6400,-239530000,37.3(1.36 %),4600,173840000,11000,413370000,75018888,19.77
23/04/2018,3440,127330000,37.3(0.00 %),8010,295520000,4570,168190000,75061958,19.75
24/04/2018,11730,422440000,36(-3.49 %),13000,468600000,1270,46160000,75129078,19.73
26/04/2018,117790,4220880000,35.8(-0.56 %),143000,5116750000,25210,895870000,74997078,19.78
27/04/2018,-17810,-641180000,36.5(1.96 %),4280,155110000,22090,796290000,74997369,19.78
02/05/2018,-20180,-714900000,36(-1.37 %),1060,38360000,21240,753260000,74997579,19.78
03/05/2018,-9850,-349240000,36(0.00 %),10,350000,9860,349590000,75022779,19.77
04/05/2018,-38400,-1365700000,35.9(-0.28 %),1800,64800000,40200,1430500000,75043076,19.76
07/05/2018,37130,1333170000,36.3(1.11 %),39160,1404640000,2030,71470000,75025156,19.77
08/05/2018,13500,485210000,35.5(-2.20 %),19000,683310000,5500,198100000,75016016,19.77
09/05/2018,-4170,-149620000,35.9(1.13 %),5620,199980000,9790,349600000,75050596,19.76
10/05/2018,-9200,-330140000,35.9(0.00 %),10300,366770000,19500,696910000,75042326,19.76
11/05/2018,73920,2657670000,36(0.28 %),85010,3050510000,11090,392840000,74962816,19.79
14/05/2018,-8050,-289400000,36(0.00 %),2500,89380000,10550,378780000,74970106,19.79
15/05/2018,-16120,-574140000,35.95(-0.14 %),100,3600000,16220,577740000,74989506,19.78
16/05/2018,68970,2471780000,35.95(0.00 %),100000,3581700000,31030,1109920000,74900596,19.82
17/05/2018,-4270,-152560000,35.9(-0.14 %),50,1790000,4320,154350000,74911096,19.81
18/05/2018,-6310,-225430000,35.9(0.00 %),40,1420000,6350,226850000,74927276,19.81
21/05/2018,-31670,-1122710000,35.55(-0.97 %),4310,153310000,35980,1276020000,74953996,19.8
22/05/2018,-110,-3760000,35.4(-0.42 %),0,0,110,3760000,74958316,19.79
23/05/2018,-26340,-910940000,35(-1.13 %),0,0,26340,910940000,74964666,19.79
24/05/2018,-76940,-2606500000,33.9(-3.14 %),300,10450000,77240,2616950000,75000346,19.78
25/05/2018,500,16730000,34.4(1.47 %),500,16730000,0,0,74999956,19.78
28/05/2018,1040,35520000,33.8(-1.74 %),1240,42160000,200,6640000,75025056,19.77
29/05/2018,116100,4062180000,34.3(1.48 %),116400,4072170000,300,9990000,74985896,19.78
30/05/2018,150,5130000,33.85(-1.31 %),500,17000000,350,11870000,74985396,19.78
31/05/2018,-31180,-1047130000,33.85(0.00 %),400,13520000,31580,1060650000,74985196,19.78
01/06/2018,30040,1133160000,34(0.44 %),88570,3099950000,58530,1966790000,74896926,19.82
04/06/2018,-41640,-1409180000,33.9(-0.29 %),5460,184550000,47100,1593730000,74891816,19.82
05/06/2018,-160,-5400000,33.8(-0.29 %),0,0,160,5400000,74923396,19.81
06/06/2018,141280,5013740000,35.5(5.03 %),141280,5013740000,0,0,74840646,19.84
07/06/2018,16300,570350000,34.8(-1.97 %),16360,572480000,60,2130000,74871386,19.83
08/06/2018,-2130,-73130000,34.5(-0.86 %),0,0,2130,73130000,74871550,19.83
11/06/2018,31980,1139820000,34.6(0.29 %),218030,7643300000,186050,6503480000,74830720,19.84
12/06/2018,-109400,-3718780000,34.1(-1.45 %),300,10220000,109700,3729000000,74830480,19.84
13/06/2018,-110800,-3772040000,34.1(0.00 %),0,0,110800,3772040000,74832610,19.84
14/06/2018,-78950,-2685880000,34.1(0.00 %),0,0,78950,2685880000,74841460,19.84
15/06/2018,-456040,-14627950000,32.5(-4.69 %),254330,8772090000,710370,23400040000,74696830,19.9
18/06/2018,-37130,-1230180000,33.1(1.85 %),35880,1186860000,73010,2417040000,74771750,19.87
19/06/2018,98310,3538620000,32.9(-0.60 %),333430,11277190000,235120,7738570000,74683420,19.9
20/06/2018,171540,5996520000,33.3(1.22 %),413540,14005420000,242000,8008900000,75220250,19.69
21/06/2018,-866500,-28680590000,33.3(0.00 %),12140,402390000,878640,29082980000,75281120,19.67
22/06/2018,176430,5996600000,33.1(-0.60 %),177930,6046400000,1500,49800000,75172164,19.71
25/06/2018,3010,99940000,34.2(3.32 %),3010,99940000,0,0,75171154,19.71
26/06/2018,926930,32906000000,33.6(-1.75 %),926930,32906000000,0,0,75122865,19.73
27/06/2018,209560,7430290000,34.4(2.38 %),210560,7464350000,1000,34060000,74913805,19.81
28/06/2018,400,13800000,33.8(-1.74 %),400,13800000,0,0,74913405,19.81
29/06/2018,0,0,33.4(-1.18 %),0,0,0,0,74913405,19.81
02/07/2018,-2850,-93950000,33.3(-0.30 %),500,16750000,3350,110700000,74913905,19.81
03/07/2018,177140,6361970000,33(-0.90 %),206860,7343050000,29720,981080000,74707045,19.89
04/07/2018,-23000,-760030000,33.3(0.91 %),0,0,23000,760030000,74707045,19.89
05/07/2018,1000,33100000,33(-0.90 %),1000,33100000,0,0,74709395,19.89
06/07/2018,162690,5548170000,33(0.00 %),177110,6021740000,14420,473570000,74562005,19.95
09/07/2018,0,0,33.3(0.91 %),0,0,0,0,74585005,19.94
10/07/2018,-1730,-57770000,33.35(0.15 %),0,0,1730,57770000,74585005,19.94
11/07/2018,-183650,-6088860000,33.3(-0.15 %),0,0,183650,6088860000,74599425,19.93
12/07/2018,-241370,-7926294000,33.25(-0.15 %),510,16775000,241880,7943069000,74840795,19.84
13/07/2018,-180,-5990000,33(-0.75 %),0,0,180,5990000,74600645,19.93
16/07/2018,455380,15712600000,33(0.00 %),456980,15765810000,1600,53210000,74327322,20.04
17/07/2018,212400,7221300000,33.25(0.76 %),212400,7221300000,0,0,74356802,20.03
18/07/2018,20,704000,33.5(0.75 %),1080,36055000,1060,35351000,74356782,20.03
19/07/2018,0,0,33.5(0.00 %),0,0,0,0,74357502,20.03
20/07/2018,-70,-2320000,33(-1.49 %),110,3630000,180,5950000,74357392,20.03
23/07/2018,7580,251190000,33.1(0.30 %),10600,350850000,3020,99660000,74349812,20.03
24/07/2018,1210,39770000,33.8(2.11 %),2510,83080000,1300,43310000,74345344,20.03
25/07/2018,-310,-10490000,33.8(0.00 %),250,8470000,560,18960000,74345274,20.03
26/07/2018,-230,-7720000,33(-2.37 %),90,3150000,320,10870000,74348204,20.03
27/07/2018,0,0,34(3.03 %),0,0,0,0,74349504,20.03
30/07/2018,311080,10794680000,34.6(1.76 %),312350,10838440000,1270,43760000,74037722,20.15
31/07/2018,-21200,-725853000,33.85(-2.17 %),0,0,21200,725853000,74058922,20.14
01/08/2018,100,3390000,33.85(0.00 %),100,3390000,0,0,76782770,19.08
02/08/2018,0,0,34.05(0.59 %),0,0,0,0,74039212,20.15
03/08/2018,-155000,-5228433500,34.05(0.00 %),1000,33600000,156000,5262033500,74194212,20.09
06/08/2018,20400,698083500,34.2(0.44 %),20400,698083500,0,0,74173812,20.1
07/08/2018,-70860,-2401842500,33.95(-0.73 %),0,0,70860,2401842500,74244672,20.07
08/08/2018,-2100,-71160000,34(0.15 %),2740,93160000,4840,164320000,74192272,20.09
09/08/2018,-12680,-417330000,33.3(2.78 %),1120,36970000,13800,454300000,74191152,20.09
10/08/2018,3310,109210000,33.6(0.90 %),3400,112200000,90,2990000,74258612,20.07
13/08/2018,3210,106530000,33.15(-1.34 %),15120,499830000,11910,393300000,74248332,20.07
14/08/2018,439320,14894170000,33.5(1.06 %),440800,14943120000,1480,48950000,73821332,20.24
15/08/2018,21110,715380000,33.5(0.00 %),21110,715380000,0,0,73800312,20.25
16/08/2018,-22550,-745520000,34(1.49 %),0,0,22550,745520000,73812222,20.24
17/08/2018,0,0,33.3(-2.06 %),0,0,0,0,73812222,20.24
20/08/2018,-32000,-1051130500,32.8(-1.50 %),12000,398000000,44000,1449130500,73844222,20.23
21/08/2018,82030,2803610000,32.3(-1.52 %),126620,4230060000,44590,1426450000,73697632,20.29
22/08/2018,-59350,-1869320000,31.4(-2.79 %),31750,999980000,91100,2869300000,73665881,20.3
23/08/2018,-74200,-2307390000,30.5(-2.87 %),14580,453670000,88780,2761060000,73695301,20.29
24/08/2018,-26770,-387597000,30(-1.64 %),123820,4016877000,150590,4404474000,73722071,20.28
27/08/2018,-170410,-4978940000,29.9(-0.33 %),1040,30270000,171450,5009210000,73706131,20.28
28/08/2018,-123660,-3638420000,29.9(0.00 %),1200,35520000,124860,3673940000,73793711,20.25
29/08/2018,883540,27549940000,30.6(2.34 %),1000070,31002070000,116530,3452130000,72944231,20.58
30/08/2018,276600,9165460000,30.25(-1.14 %),489320,15510430000,212720,6344970000,72626361,20.7
31/08/2018,498260,15802940000,30.2(-0.17 %),504160,15980920000,5900,177980000,72247061,20.85
04/09/2018,3600,108518000,30.35(0.50 %),3600,108518000,0,0,76782770,19.08
05/09/2018,47570,1441790500,30.6(0.82 %),57200,1736041000,9630,294250500,76735200,19.1
06/09/2018,2150,64509000,30.7(0.33 %),31110,945865500,28960,881356500,76733050,19.1
07/09/2018,468190,14835718000,30.7(0.00 %),468470,14844202000,280,8484000,76264860,19.28
10/09/2018,64500,1961650000,30.35(-1.14 %),78500,2387930000,14000,426280000,71952961,20.96
11/09/2018,530500,16426460000,30.6(0.82 %),530500,16426460000,0,0,71451421,21.16
12/09/2018,478170,15242460000,30.7(0.33 %),558250,17686610000,80080,2444150000,70893451,21.38
13/09/2018,-8200,-251530000,30.75(0.16 %),1490,45720000,9690,297250000,70905961,21.37
14/09/2018,994160,30821160000,30.75(0.00 %),1000020,31000610000,5860,179450000,69905947,21.76
17/09/2018,-24990,-755950000,30.6(-0.49 %),0,0,24990,755950000,69986027,21.73
18/09/2018,-7790,-233970000,30.5(-0.33 %),0,0,7790,233970000,69995717,21.73
19/09/2018,715590,22184800000,30.45(-0.16 %),723280,22419660000,7690,234860000,69278297,22.01
20/09/2018,-2760,-83320000,30.45(0.00 %),30010,913800000,32770,997120000,69303277,22.0
21/09/2018,-2140770,-60942130000,28.35(-6.90 %),744920,21125470000,2885690,82067600000,68566147,22.28
24/09/2018,6350,186398500,29.65(4.59 %),11000,323079500,4650,136681000,68559797,22.29
25/09/2018,-1320,-39128760,29.65(0.00 %),4080,120943440,5400,160072200,68561117,22.29
26/09/2018,22120,634667040,28.55(-3.71 %),27920,801080640,5800,166413600,68538997,22.3
27/09/2018,-103010,-2945440000,28.6(0.18 %),860,24610000,103870,2970050000,71388937,21.18
28/09/2018,-91660,-2628947500,28.75(0.52 %),410,11746000,92070,2640693500,71480597,21.15
01/10/2018,-13060,-376000000,28.8(0.17 %),0,0,13060,376000000,71401513,21.18
02/10/2018,-8320,-237076000,28.4(-1.39 %),3440,98724000,11760,335800000,71409833,21.18
03/10/2018,391000,11505560000,27.5(-3.17 %),427600,12527850000,36600,1022290000,71166413,21.27
04/10/2018,1340,36850000,27.85(1.27 %),9690,268190000,8350,231340000,71169783,21.27
05/10/2018,434860,12463600000,27.4(-1.62 %),459880,13154370000,25020,690770000,70721663,21.44
08/10/2018,-40410,-1079360000,27.2(-0.73 %),890,24020000,41300,1103380000,70757375,21.43
09/10/2018,-11350,-304960000,26.9(-1.10 %),2060,55000000,13410,359960000,70763665,21.43
10/10/2018,11110,296919000,26.5(-1.49 %),16310,435589000,5200,138670000,70752555,21.43
11/10/2018,-38700,-980678000,25.7(-3.02 %),1770,44756500,40470,1025434500,70791255,21.42
12/10/2018,8360,209244500,26(1.17 %),13010,326147000,4650,116902500,70782895,21.42
15/10/2018,390,9470000,25.95(-0.19 %),3610,92060000,3220,82590000,70813895,21.41
16/10/2018,7670,196484000,25.8(-0.58 %),10880,278818000,3210,82334000,70806225,21.41
17/10/2018,-910,-23743000,26(0.78 %),2320,59656000,3230,83399000,70807135,21.41
18/10/2018,560,15200000,25.95(-0.19 %),3000,78300000,2440,63100000,70846035,21.4
19/10/2018,-8140,-208530500,25.95(0.00 %),3200,81920000,11340,290450500,70854175,21.39
22/10/2018,-3310,-84750000,25.95(0.00 %),0,0,3310,84750000,70849275,21.39
23/10/2018,1600,40691500,25.85(-0.39 %),4700,120070000,3100,79378500,70847675,21.4
24/10/2018,-6990,-180430500,25.95(0.39 %),0,0,6990,180430500,70854665,21.39
25/10/2018,4310,109476500,25.9(-0.19 %),5000,127000000,690,17523500,70850355,21.39
26/10/2018,50,1340000,25.5(-1.54 %),350,8960000,300,7620000,70859415,21.39
29/10/2018,380,9720000,25.2(-1.18 %),160280,4214850000,159900,4205130000,70865825,21.39
30/10/2018,397580,10558346000,25.5(1.19 %),415400,11002660000,17820,444314000,70468245,21.54
31/10/2018,0,0,25.9(1.57 %),0,0,0,0,70468245,21.54
01/11/2018,3800,97330000,25.85(-0.19 %),5100,130480000,1300,33150000,70443515,21.55
02/11/2018,-2890,-73894500,25.8(-0.19 %),110,2808500,3000,76703000,70446405,21.55
05/11/2018,390,10060000,25.75(-0.19 %),400,10320000,10,260000,70460825,21.55
06/11/2018,-9000,-229910500,25.7(-0.19 %),0,0,9000,229910500,70469825,21.54
07/11/2018,-11000,-278880000,25.25(-1.75 %),0,0,11000,278880000,70465125,21.54
08/11/2018,90,2272500,25.65(1.58 %),90,2272500,0,0,70465035,21.54
09/11/2018,190,4810000,25.65(0.00 %),200,5060000,10,250000,70473845,21.54
12/11/2018,-550,-13860000,25.65(0.00 %),0,0,550,13860000,70484845,21.54
13/11/2018,-271900,-6932782500,25.5(-0.58 %),2000,51300000,273900,6984082500,70756745,21.43
14/11/2018,-3440,-87724000,25.5(0.00 %),10,251000,3450,87975000,70760185,21.43
15/11/2018,-4330,-109527350,25.5(0.00 %),10,252950,4340,109780300,70764515,21.43
16/11/2018,447100,11848550000,25.5(0.00 %),447500,11858750000,400,10200000,70309785,21.61
19/11/2018,960,24300000,25.4(-0.39 %),3000,75300000,2040,51000000,70310235,21.6
20/11/2018,3390,85390000,25(-1.57 %),3400,85640000,10,250000,70311175,21.6
21/11/2018,-2130,-53250000,25.05(0.20 %),0,0,2130,53250000,70311575,21.6
22/11/2018,0,0,25.15(0.40 %),0,0,0,0,70313615,21.6
23/11/2018,2160,54000000,24.9(-0.99 %),2160,54000000,0,0,70311455,21.6
26/11/2018,-200,-4919800,25(0.40 %),0,0,200,4919800,70311655,21.6
27/11/2018,-2230,-55391000,24.7(-1.20 %),70,1729000,2300,57120000,70313885,21.6
28/11/2018,270,6630000,24.7(0.00 %),410,10090000,140,3460000,70308315,21.61
29/11/2018,-90,-2205000,24.6(-0.40 %),0,0,90,2205000,70308405,21.61
30/11/2018,400,9900000,24.35(-1.02 %),400,9900000,0,0,70310415,21.6
03/12/2018,-10050,-245305500,24.7(1.44 %),300,7320000,10350,252625500,70310255,21.6
04/12/2018,-26240,-644431000,24.5(-0.81 %),0,0,26240,644431000,70336495,21.59
05/12/2018,-4810,-116932000,24.55(0.20 %),0,0,4810,116932000,70341305,21.59
06/12/2018,-190,-4655000,24.55(0.00 %),0,0,190,4655000,70341495,21.59
07/12/2018,12880,318142500,25.4(3.46 %),13190,325843000,310,7700500,70328615,21.6
10/12/2018,-16950,-423950000,25(-1.57 %),1310,32950000,18260,456900000,70337245,21.59
11/12/2018,-5900,-146720000,25.1(0.40 %),1500,37650000,7400,184370000,70335935,21.59
12/12/2018,3740,96266500,24.85(-1.00 %),8740,221268000,5000,125001500,70332195,21.6
13/12/2018,-39940,-983589000,24.7(-0.60 %),0,0,39940,983589000,70372135,21.58
14/12/2018,-5340,-131511000,24.5(-0.81 %),10400,257150000,15740,388661000,70377475,21.58
17/12/2018,3710,92237500,24.5(0.00 %),33000,806575500,29290,714338000,70373765,21.58
18/12/2018,-3810,-91850000,24.4(-0.41 %),8010,194050000,11820,285900000,70346695,21.59
19/12/2018,12450,302790000,24.25(-0.61 %),36300,881350000,23850,578560000,70326135,21.6
20/12/2018,3830,90760000,23.5(-3.09 %),11200,268170000,7370,177410000,70344225,21.59
21/12/2018,0,0,24(2.13 %),0,0,0,0,70356045,44.06
24/12/2018,-10880,-260660000,23.8(-0.83 %),1450,34800000,12330,295460000,70378445,44.04
25/12/2018,-9210,-214490000,23.4(-1.68 %),1100,25730000,10310,240220000,70384715,44.03
26/12/2018,-5040,-119516000,24(2.56 %),6380,148797500,11420,268313500,70389755,72.57
27/12/2018,-3960,-95024000,24.15(0.62 %),400,9600000,4360,104624000,70393715,72.57
28/12/2018,-100,-2250000,24.2(0.21 %),1850,44600000,1950,46850000,201291958,21.57
02/01/2019,1100,26080000,23.9(-1.24 %),1100,26080000,0,0,201306642,21.56
03/01/2019,-1470,-33186500,23(-3.77 %),200,4650000,1670,37836500,201308112,21.56
04/01/2019,-4100,-94830000,22.9(-0.43 %),3000,67700000,7100,162530000,201305392,21.57
07/01/2019,-29000,-656337000,22.9(0.00 %),0,0,29000,656337000,201334392,21.55
08/01/2019,-22700,-506120000,22.8(-0.44 %),2500,56630000,25200,562750000,201304562,21.57
09/01/2019,850,19465000,22.95(0.66 %),850,19465000,0,0,201303712,21.57
10/01/2019,-98960,-2201390000,22.8(-0.65 %),110,2450000,99070,2203840000,201339702,21.55
11/01/2019,130,3005000,22.7(-0.44 %),500,11400000,370,8395000,201339572,21.55
14/01/2019,15000,340400000,22.7(0.00 %),15000,340400000,0,0,201349402,21.55
15/01/2019,2730,61870000,22.4(-1.32 %),4330,97730000,1600,35860000,201444142,21.51
16/01/2019,-1000,-21057500,22.4(0.00 %),3000,67850000,4000,88907500,201445142,21.51
17/01/2019,-18770,-413560000,22.15(-1.12 %),2800,61370000,21570,474930000,201438712,21.51
18/01/2019,-25900,-558550000,21.7(-2.03 %),3020,66430000,28920,624980000,201437294,21.51
21/01/2019,-15980,-342250000,21.55(-0.69 %),5540,120580000,21520,462830000,201435754,21.51
22/01/2019,-52630,-1111030000,20.75(-3.71 %),150,3150000,52780,1114180000,201457174,21.51
23/01/2019,-33060,-664190000,20(-3.61 %),1500,30710000,34560,694900000,201484594,21.5
24/01/2019,2020,41090000,20.35(1.75 %),2020,41090000,0,0,201504094,21.49
25/01/2019,11900,242750000,20.55(0.98 %),11900,242750000,0,0,201544974,21.47
28/01/2019,3810,76380500,20.4(-0.73 %),4210,84600500,400,8220000,201472504,21.5
29/01/2019,-2150,-43000000,20.3(-0.49 %),10,200000,2160,43200000,201575314,21.46
30/01/2019,49700,993925000,20.3(0.00 %),50000,1000000000,300,6075000,201424954,21.52
31/01/2019,50,650000,20(-1.48 %),10000,199500000,9950,198850000,201515714,21.48
01/02/2019,11400,225490000,18.6(-7.00 %),11400,225490000,0,0,201506474,21.49
11/02/2019,-18820,-364710000,19.4(4.30 %),220,4220000,19040,368930000,201506554,21.49
12/02/2019,-3750,-73370000,19.8(2.06 %),600,11700000,4350,85070000,201515904,21.48
13/02/2019,100,2129500,19.95(0.76 %),1410,27960500,1310,25831000,201528944,21.48
14/02/2019,11030,220860000,21.05(5.51 %),11030,220860000,0,0,201522504,21.48
15/02/2019,-130,-2798000,20.9(-0.71 %),2030,42803500,2160,45601500,201518044,21.48
18/02/2019,-1250,-26150000,20.95(0.24 %),0,0,1250,26150000,201526134,21.48
19/02/2019,-20,-360000,21(0.24 %),1000,21100000,1020,21460000,201525134,21.48
20/02/2019,-11690,-245471000,21.05(0.24 %),1300,27300000,12990,272771000,201531004,21.48
21/02/2019,-12100,-253580000,20.85(-0.95 %),0,0,12100,253580000,201527244,21.48
22/02/2019,-20980,-433730000,20.6(-1.20 %),1000,20700000,21980,454430000,201527264,21.48
25/02/2019,-6420,-132750000,20.85(1.21 %),400,8310000,6820,141060000,201539854,21.47
26/02/2019,-17090,-358620000,20.8(-0.24 %),8460,175700000,25550,534320000,201543494,21.47
27/02/2019,-5140,-106500000,20.7(-0.48 %),5110,106190000,10250,212690000,201560364,21.47
28/02/2019,-15600,-322109000,20.5(-0.97 %),4990,103490000,20590,425599000,201608334,21.45
01/03/2019,-700,-14250000,20.6(0.49 %),3080,63250000,3780,77500000,201584664,21.46
04/03/2019,-12170,-250970000,20.7(0.49 %),5020,103840000,17190,354810000,201589894,21.45
05/03/2019,-29270,-618637000,21.8(5.31 %),6100,127605000,35370,746242000,201629184,21.44
06/03/2019,0,0,23(5.50 %),0,0,0,0,201629184,21.44
07/03/2019,-12540,-303140000,24.05(4.57 %),0,0,12540,303140000,201622904,21.44
08/03/2019,-4000,-95050000,23.85(-0.83 %),1000,23950000,5000,119000000,201657274,21.43
11/03/2019,6810,163480000,24(0.63 %),8030,192700000,1220,29220000,201650684,21.43
12/03/2019,1110,26446000,23.8(-0.83 %),1110,26446000,0,0,201625264,21.44
13/03/2019,-72720,-1689830000,23(-3.36 %),0,0,72720,1689830000,201667114,21.42
14/03/2019,-33560,-768349500,22.7(-1.30 %),10,229000,33570,768578500,201731544,21.4
15/03/2019,510,11817000,22.7(0.00 %),3480,78939000,2970,67122000,201731034,21.4
18/03/2019,-46120,-1044584500,22.5(-0.88 %),17310,392556000,63430,1437140500,201777154,21.38
19/03/2019,2050,46074000,22.5(0.00 %),2370,53274000,320,7200000,201775104,21.38
20/03/2019,-5140,-114640000,22.25(-1.11 %),0,0,5140,114640000,201754424,21.39
21/03/2019,-25100,-547067000,21.5(-3.37 %),9000,200300000,34100,747367000,201805344,21.37
22/03/2019,-37360,-806230000,22(2.33 %),720000,15548400000,757360,16354630000,201809174,21.37
25/03/2019,-2290,-48816000,21.5(-2.27 %),20,430000,2310,49246000,201844994,21.36
26/03/2019,-16040,-341180000,21.1(-1.86 %),0,0,16040,341180000,201848394,21.35
27/03/2019,-94800,-2000782000,21.3(0.95 %),0,0,94800,2000782000,201955834,21.31
28/03/2019,-6320,-135205000,21.4(0.47 %),100,2140000,6420,137345000,201962154,21.31
29/03/2019,-13350,-282600000,21.15(-1.17 %),0,0,13350,282600000,201904004,21.33
01/04/2019,0,0,21.5(1.65 %),0,0,0,0,201998804,21.3
02/04/2019,-22120,-485379500,22(2.33 %),6650,146051000,28770,631430500,202020924,21.29
03/04/2019,-34340,-769920000,22.4(1.82 %),2600,57200000,36940,827120000,202009314,21.29
04/04/2019,-36100,-804073500,22.15(-1.12 %),4500,101249000,40600,905322500,202091364,21.26
05/04/2019,2040,45340000,22.1(-0.23 %),5010,111840000,2970,66500000,202092094,21.26
08/04/2019,-810,-17950000,21.85(-1.13 %),9410,207020000,10220,224970000,202119624,21.25
09/04/2019,-12300,-269412000,21.7(-0.69 %),0,0,12300,269412000,202102434,21.25
10/04/2019,-7420,-160240000,21.7(0.00 %),1100,23850000,8520,184090000,202162096,21.23
11/04/2019,-5170,-110480000,21.25(-2.07 %),1000,21400000,6170,131880000,202171316,21.23
12/04/2019,-2260,-47930000,21.05(-0.94 %),0,0,2260,47930000,202183616,21.22
16/04/2019,-2650,-55161500,20.85(-0.95 %),580,12188500,3230,67350000,202119934,21.25
17/04/2019,-33080,-684434500,20.5(-1.68 %),0,0,33080,684434500,202153014,21.24
18/04/2019,-3250,-66418000,20.4(-0.49 %),20,410000,3270,66828000,202156264,21.23
19/04/2019,-600,-12300000,20.55(0.74 %),0,0,600,12300000,202203212,21.22
22/04/2019,-9720,-203780000,20.95(1.95 %),3000,62250000,12720,266030000,202233292,21.2
23/04/2019,-1800,-37470000,20.7(-1.19 %),200,4180000,2000,41650000,202236362,21.2
24/04/2019,-11070,-227443500,20.6(-0.48 %),250,5137500,11320,232581000,202179454,21.22
25/04/2019,-1930,-39380000,20.3(-1.46 %),500,10250000,2430,49630000,202248932,21.2
26/04/2019,-3110,-63470000,20.4(0.49 %),1900,39090000,5010,102560000,202249032,21.2
02/05/2019,-2710,-55035000,20.3(-0.49 %),1240,25246000,3950,80281000,202260352,21.19
03/05/2019,-8290,-167632000,20.25(-0.25 %),0,0,8290,167632000,202268642,21.19
06/05/2019,-6980,-138028500,18.85(-6.91 %),2020,40904000,9000,178932500,202275622,21.19
07/05/2019,-22650,-446610000,19.95(5.84 %),0,0,22650,446610000,202268482,21.19
08/05/2019,-3810,-75930000,20.2(1.25 %),4760,94070000,8570,170000000,202272012,21.19
09/05/2019,-5740,-115160000,20.15(-0.25 %),10,200000,5750,115360000,202281002,21.19
10/05/2019,-3120,-62420000,20.15(0.00 %),0,0,3120,62420000,202303660,21.18
13/05/2019,-17740,-350970500,19.95(-0.99 %),0,0,17740,350970500,202328682,21.17
14/05/2019,-15020,-296211500,19.6(-1.75 %),800,15680000,15820,311891500,202343702,21.16
15/05/2019,-12760,-253074000,19.9(1.53 %),0,0,12760,253074000,202356462,21.16
16/05/2019,-7170,-140610000,19.55(-1.76 %),12450,244870000,19620,385480000,202325590,21.17
17/05/2019,-47640,-918960000,19.75(1.02 %),500,9600000,48140,928560000,202340917,21.16
20/05/2019,-58680,-1152860000,19.5(-1.27 %),0,0,58680,1152860000,202353677,21.16
21/05/2019,-11590,-225100000,19.4(-0.51 %),10100,195800000,21690,420900000,202363197,21.15
22/05/2019,-26570,-513640000,19.4(0.00 %),0,0,26570,513640000,202411337,21.13
23/05/2019,-30990,-591350000,19.3(-0.52 %),0,0,30990,591350000,202470017,21.11
24/05/2019,500,9500000,19.2(-0.52 %),500,9500000,0,0,202469517,21.11
27/05/2019,-290,-5570000,19.1(-0.52 %),10,190000,300,5760000,202517767,21.09
28/05/2019,-12570,-235990000,18.7(-2.09 %),0,0,12570,235990000,202548757,21.08
29/05/2019,-1300,-24590000,19.15(2.41 %),0,0,1300,24590000,202548757,21.08
30/05/2019,0,0,19.05(-0.52 %),0,0,0,0,202483677,21.11
31/05/2019,-1200,-23119000,19.7(3.41 %),10,190500,1210,23309500,202484877,21.11
03/06/2019,-37710,-744020500,19.4(-1.52 %),0,0,37710,744020500,202562917,21.08
04/06/2019,-19230,-370510000,19.1(-1.55 %),4500,87300000,23730,457810000,202558426,21.08
05/06/2019,-16860,-320170000,19(-0.52 %),6150,116750000,23010,436920000,202553486,21.08
06/06/2019,-5360,-101552000,19(0.00 %),0,0,5360,101552000,202604367,21.06
07/06/2019,-9580,-182091500,18.8(-1.05 %),2010,38090000,11590,220181500,202613947,21.06
10/06/2019,-27480,-522080000,18.95(0.80 %),0,0,27480,522080000,202635926,21.05
11/06/2019,-15540,-295230500,18.9(-0.26 %),0,0,15540,295230500,202656967,21.04
12/06/2019,-36730,-697850000,19(0.53 %),0,0,36730,697850000,202652876,21.04
13/06/2019,-107810,-2057230000,19(0.00 %),800,15280000,108610,2072510000,202679556,21.03
14/06/2019,-63120,-1199280000,19(0.00 %),0,0,63120,1199280000,202695096,21.02
17/06/2019,-36520,-699071000,19(0.00 %),290,5534000,36810,704605000,202885466,20.95
18/06/2019,-3040,-57760000,19(0.00 %),0,0,3040,57760000,202888506,20.95
19/06/2019,-50,-985000,18.9(-0.53 %),3700,70145000,3750,71130000,202888556,20.95
20/06/2019,3250,61210000,18.9(0.00 %),3250,61210000,0,0,202933126,20.93
21/06/2019,2000,37400000,18.7(-1.06 %),2000,37400000,0,0,202883306,20.95
24/06/2019,1910,35730000,18.75(0.27 %),3450,64520000,1540,28790000,202934467,20.93
25/06/2019,6500,122293000,19(1.33 %),6500,122293000,0,0,202874896,20.95
26/06/2019,-480,-9288000,19.5(2.63 %),0,0,480,9288000,202875376,20.95
27/06/2019,-9940,-193830000,19.1(-2.05 %),0,0,9940,193830000,202885316,20.95
28/06/2019,-100,-1920000,19.2(0.52 %),0,0,100,1920000,202885416,20.95
01/07/2019,-2990,-57410000,19.2(0.00 %),110,2110000,3100,59520000,202929877,20.93
02/07/2019,-370,-7078000,19.05(-0.78 %),300,5700000,670,12778000,202930357,20.93
03/07/2019,280,5420000,19(-0.26 %),1050,20000000,770,14580000,202938567,20.93
04/07/2019,-1510,-28684500,19(0.00 %),110,2095500,1620,30780000,202931587,20.93
05/07/2019,-12930,-245870000,19(0.00 %),1070,20330000,14000,266200000,202941157,20.93
08/07/2019,-4000,-75550000,18.95(-0.26 %),0,0,4000,75550000,202941927,20.93
09/07/2019,1000,18900000,18.8(-0.79 %),1000,18900000,0,0,202942547,20.93
10/07/2019,-24810,-461670000,18.75(-0.27 %),580,10880000,25390,472550000,202955967,20.92
11/07/2019,0,0,18.9(0.80 %),0,0,0,0,202972327,20.92
12/07/2019,-390,-7350000,18.9(0.00 %),0,0,390,7350000,202959967,20.92
15/07/2019,-2310,-43850000,19(0.53 %),0,0,2310,43850000,202985357,20.91
16/07/2019,-4710,-89459000,18.85(-0.79 %),0,0,4710,89459000,202979737,20.91
17/07/2019,-7440,-141320000,19(0.80 %),0,0,7440,141320000,202985747,20.91
18/07/2019,-5410,-102750000,19(0.00 %),0,0,5410,102750000,202988057,20.91
19/07/2019,-1930,-36189000,18.75(-1.32 %),2660,49974500,4590,86163500,202994517,20.91
22/07/2019,-253130,-4864469000,19(1.33 %),0,0,253130,4864469000,203247647,20.81
23/07/2019,-46520,-885714000,19(0.00 %),2300,43700000,48820,929414000,203294167,20.79
24/07/2019,-15720,-299130000,19(0.00 %),160,3070000,15880,302200000,203005087,20.9
25/07/2019,0,0,18.95(-0.26 %),0,0,0,0,203258229,20.8
26/07/2019,1210,22769000,18.75(-1.06 %),1210,22769000,0,0,203308677,20.78
29/07/2019,1070,20040500,18.8(0.27 %),1600,30000000,530,9959500,203307607,20.79
30/07/2019,490,9254500,18.8(0.00 %),1440,27072000,950,17817500,203307117,20.79
31/07/2019,-21940,-410580000,18.65(-0.80 %),6030,112460000,27970,523040000,203312649,20.78
01/08/2019,-1650,-30888500,18.5(-0.80 %),10000,185250000,11650,216138500,203313179,20.78
02/08/2019,1940,35900000,18.3(-1.08 %),2000,37000000,60,1100000,203302129,20.79
05/08/2019,-6280,-113940000,18(-1.64 %),0,0,6280,113940000,203330099,20.78
06/08/2019,660,11472000,17.9(-0.56 %),3700,65295000,3040,53823000,203316859,20.78
07/08/2019,10700,192160000,18.3(2.23 %),21800,392400000,11100,200240000,203316313,20.78
08/08/2019,-630,-11270000,17.8(-2.73 %),0,0,630,11270000,203322593,20.78
09/08/2019,-18300,-325744000,17.8(0.00 %),20,356000,18320,326100000,203325089,20.78
12/08/2019,100,2196000,18(1.12 %),2080,37440000,1980,35244000,203324989,20.78
13/08/2019,9340,170660000,18(0.00 %),21070,379250000,11730,208590000,203314193,20.78
14/08/2019,-3450,-62573000,18.4(2.22 %),0,0,3450,62573000,203319099,20.78
15/08/2019,9330,168360000,18.3(-0.54 %),10000,180500000,670,12140000,203324493,20.78
16/08/2019,-13710,-261103000,18.85(3.01 %),16740,317351000,30450,578454000,203323479,20.78
19/08/2019,-27820,-529337000,19(0.80 %),440,8316000,28260,537653000,203351299,20.77
20/08/2019,730,13758500,19(0.00 %),1500,28350000,770,14591500,203350569,20.77
21/08/2019,17710,335630000,18.9(-0.53 %),39350,744330000,21640,408700000,203312763,20.78
22/08/2019,11670,217550000,18.55(-1.85 %),32800,613900000,21130,396350000,203308223,20.78
23/08/2019,-12190,-222573000,18.45(-0.54 %),34530,637025500,46720,859598500,203333379,20.78
26/08/2019,-25720,-476810000,18.7(1.36 %),0,0,25720,476810000,203359099,20.77
27/08/2019,-269540,-5283170000,20(6.95 %),0,0,269540,5283170000,203317233,20.78
28/08/2019,133520,2839910000,21.4(7.00 %),137520,2925260000,4000,85350000,203226433,20.82
29/08/2019,168410,3845960000,22.85(6.78 %),176090,4021350000,7680,175390000,203076063,20.88
30/08/2019,-2820,-66840000,21.9(-4.16 %),1170,27650000,3990,94490000,203344433,20.77
03/09/2019,-151500,-3209667000,21.2(-3.20 %),10,212500,151510,3209879500,203348433,20.77
04/09/2019,-14140,-288584000,21.3(0.47 %),2510,52081500,16650,340665500,203362573,20.76
05/09/2019,-2670,-56150000,21.2(-0.47 %),0,0,2670,56150000,203353743,20.77
06/09/2019,0,0,20.6(-2.83 %),0,0,0,0,203365243,20.76
09/09/2019,-5400,-111340000,20.8(0.97 %),0,0,5400,111340000,203521910,20.7
10/09/2019,-1830,-37961500,20.5(-1.44 %),0,0,1830,37961500,203372473,20.76
11/09/2019,-21540,-433610000,20.4(-0.49 %),0,0,21540,433610000,203524580,20.7
12/09/2019,-21970,-434277500,19.5(-4.41 %),30,600000,22000,434877500,203415983,20.74
13/09/2019,-14000,-278150000,20(2.56 %),0,0,14000,278150000,203531780,20.7
16/09/2019,-17420,-345040000,19.9(-0.50 %),1000,20000000,18420,365040000,203552320,20.69
17/09/2019,-22760,-479740000,21.25(6.78 %),13740,273560000,36500,753300000,203560580,20.69
18/09/2019,-970,-20561000,21.2(-0.24 %),1000,21700000,1970,42261000,203471133,20.72
19/09/2019,-890,-18590000,20.5(-3.30 %),1040,21540000,1930,40130000,203590960,20.67
20/09/2019,-7700,-158386000,20.5(0.00 %),0,0,7700,158386000,203479723,20.72
23/09/2019,12550,257310000,20.55(0.24 %),18260,374370000,5710,117060000,203611170,20.67
24/09/2019,43310,903323000,21.5(4.62 %),44460,926898000,1150,23575000,203423863,20.74
25/09/2019,-7430,-158327500,21.1(-1.86 %),1000,21100000,8430,179427500,203431293,20.74
26/09/2019,-16300,-345365000,21.05(-0.24 %),7100,150935000,23400,496300000,203447593,20.73
27/09/2019,-17960,-371778500,20.65(-1.90 %),16040,335916500,34000,707695000,203465553,20.72
30/09/2019,-30640,-626788000,20.35(-1.45 %),4360,89177000,35000,715965000,203496193,20.71
01/10/2019,-29690,-600480000,20.1(-1.23 %),0,0,29690,600480000,203586538,20.68
02/10/2019,-18340,-374210000,20.45(1.74 %),30660,624460000,49000,998670000,203589878,20.68
03/10/2019,8800,183033000,20.8(1.71 %),26800,556547000,18000,373514000,203596078,20.67
04/10/2019,-7260,-152196500,20.7(-0.48 %),0,0,7260,152196500,203603338,20.67
07/10/2019,-2650,-53879500,20.7(0.00 %),1000,20700000,3650,74579500,203605988,20.67
08/10/2019,-1110,-22680000,20.5(-0.97 %),500020,10236910000,501130,10259590000,203693748,20.63
09/10/2019,10730,219320000,20.5(0.00 %),715577,14639160000,704847,14419840000,203682998,20.64
10/10/2019,64210,1332152000,21.05(2.68 %),71070,1474920000,6860,142768000,203532158,20.7
11/10/2019,0,0,21.4(1.66 %),0,0,0,0,203616708,20.66
14/10/2019,-2310,-49380000,20.9(-2.34 %),100,2130000,2410,51510000,203623888,20.66
15/10/2019,-2550,-54000000,21.2(1.44 %),1100,23110000,3650,77110000,203629648,20.66
16/10/2019,6000,127950000,21.85(3.07 %),6000,127950000,0,0,203623648,20.66
17/10/2019,-1370,-30577000,22.65(3.66 %),700,15680000,2070,46257000,203532388,20.7
18/10/2019,2000,45300000,22.15(-2.21 %),2000,45300000,0,0,203627008,20.66
21/10/2019,3120,71100000,21.55(-2.71 %),5360,121460000,2240,50360000,203621648,20.66
22/10/2019,150080,3227734000,21.45(-0.46 %),161470,3472817000,11390,245083000,203377188,20.76
23/10/2019,22440,484559000,21.8(1.63 %),23810,514039000,1370,29480000,203354748,20.77
24/10/2019,56600,1256970000,22.2(1.83 %),106600,2366270000,50000,1109300000,203384078,20.76
25/10/2019,75210,1660880000,22(-0.90 %),76700,1693790000,1490,32910000,203318768,20.78
28/10/2019,70280,1556580000,21.95(-0.23 %),123540,2734730000,53260,1178150000,203236598,20.81
29/10/2019,23570,512615500,21.7(-1.14 %),33860,736378500,10290,223763000,203129088,20.85
30/10/2019,26820,582854000,21.75(0.23 %),37510,815045000,10690,232191000,203102268,20.87
31/10/2019,35730,777127500,21.75(0.00 %),63400,1377862100,27670,600734600,203066538,20.88
01/11/2019,39290,844363000,21.65(-0.46 %),58040,1246629000,18750,402266000,203152168,20.85
04/11/2019,29800,644860000,21.6(-0.23 %),31400,679480000,1600,34620000,203073418,20.88
05/11/2019,18620,409130000,22(1.85 %),20220,443840000,1600,34710000,203055570,20.88
06/11/2019,3360,74560000,22.05(0.23 %),3360,74560000,0,0,203070960,20.88
07/11/2019,-2170,-47720000,21.85(-0.91 %),0,0,2170,47720000,203072560,20.88
08/11/2019,-5700,-125130000,21.85(0.00 %),0,0,5700,125130000,203074160,20.88
11/11/2019,-8370,-183560000,22(0.69 %),100,2200000,8470,185760000,203074060,20.88
12/11/2019,-7710,-169329500,21.8(-0.91 %),0,0,7710,169329500,203124338,20.86
13/11/2019,-8410,-182821500,21.8(0.00 %),0,0,8410,182821500,203132748,20.85
14/11/2019,-3450,-72713500,21(-3.67 %),280,5882500,3730,78596000,203136198,20.85
15/11/2019,-2770,-58206000,20.9(-0.48 %),0,0,2770,58206000,203138968,20.85
18/11/2019,-7610,-156986000,20.75(-0.72 %),110,2295000,7720,159281000,203146578,20.85
19/11/2019,-1130,-23302000,20.8(0.24 %),250,5125000,1380,28427000,203147708,20.85
20/11/2019,430,9114000,21.15(1.68 %),430,9114000,0,0,203147278,20.85
21/11/2019,5570,118260000,20.9(-1.18 %),9730,205430000,4160,87170000,203109944,20.86
22/11/2019,-1990,-41330000,20.5(-1.91 %),0,0,1990,41330000,203111324,20.86
25/11/2019,-14480,-295460000,20.25(-1.22 %),0,0,14480,295460000,203111324,20.86
26/11/2019,-160,-3280000,20.5(1.23 %),40,820000,200,4100000,203115444,20.86
27/11/2019,-730,-15050000,20.25(-1.22 %),0,0,730,15050000,203159068,20.84
28/11/2019,5130,105150000,20.2(-0.25 %),10190,207940000,5060,102790000,203121724,20.86
29/11/2019,280,5500000,19.6(-2.97 %),280,5500000,0,0,203121644,20.86
02/12/2019,1140,21850000,19.3(-1.53 %),1440,27730000,300,5880000,203120934,20.86
03/12/2019,-3790,-72379000,19.3(0.00 %),2900,55851000,6690,128230000,203126164,20.86
04/12/2019,-2310,-43868000,19.3(0.00 %),100,1890000,2410,45758000,203128474,20.85
05/12/2019,-15160,-289268500,19.25(-0.26 %),1190,22721500,16350,311990000,203143634,20.85
06/12/2019,-25160,-478150000,19.25(0.00 %),1090,20870000,26250,499020000,203127704,20.86
09/12/2019,-10760,-207670500,19.3(0.26 %),620,11909500,11380,219580000,203179554,20.84
10/12/2019,-26390,-502611000,19(-1.55 %),0,0,26390,502611000,203205944,20.82
11/12/2019,-11040,-208814000,19(0.00 %),500,9450000,11540,218264000,203216984,20.82
12/12/2019,-4560,-87430000,19.2(1.05 %),0,0,4560,87430000,203182974,20.83
13/12/2019,-11860,-225610000,19(-1.04 %),2350,45020000,14210,270630000,203207014,20.82
16/12/2019,-6230,-118355000,19.1(0.53 %),1000,19000000,7230,137355000,203239634,20.81
17/12/2019,-60130,-1130820000,18.7(-2.09 %),90,1700000,60220,1132520000,203222024,20.82
18/12/2019,-25900,-482660000,18.6(-0.53 %),460,8580000,26360,491240000,203235774,20.81
19/12/2019,-114590,-2074244000,18.5(-0.54 %),2400,44640000,116990,2118884000,203440254,20.73
20/12/2019,-59890,-1107965000,18.5(0.00 %),0,0,59890,1107965000,203500144,20.71
23/12/2019,-66120,-1211950000,18.5(0.00 %),0,0,66120,1211950000,203327184,20.78
24/12/2019,-31890,-591950000,18.5(0.00 %),30,560000,31920,592510000,203444144,20.73
25/12/2019,-13230,-242260000,19(2.70 %),100,1870000,13330,244130000,203503934,20.71
26/12/2019,-16930,-322230000,19.5(2.63 %),0,0,16930,322230000,203570054,20.68
27/12/2019,-98220,-1863530000,19.3(-1.03 %),240,4550000,98460,1868080000,203601734,20.67
30/12/2019,-31890,-591955500,19.5(1.04 %),30,557000,31920,592512500,203758424,20.61
31/12/2019,-35860,-696158500,19.45(-0.26 %),1010,19494000,36870,715652500,203794284,20.6
02/01/2020,-19450,-378242500,19.6(0.77 %),550,10725000,20000,388967500,203729444,20.62
03/01/2020,-20680,-405220000,19.8(1.02 %),70,1360000,20750,406580000,203978874,20.52
06/01/2020,-25160,-486560000,19.15(-3.28 %),1060,20860000,26220,507420000,204014684,20.51
07/01/2020,-19160,-375550000,19.8(3.39 %),1400,27160000,20560,402710000,204033284,20.5
08/01/2020,-22850,-440803500,19.6(-1.01 %),2240,43410500,25090,484214000,203817294,20.59
09/01/2020,-117750,-2246360000,19(-3.06 %),0,0,117750,2246360000,204078014,20.48
10/01/2020,-1348520,-25626407000,19.3(1.58 %),0,0,1348520,25626407000,205283564,20.02
13/01/2020,-12570,-239580000,19.35(0.26 %),50,950000,12620,240530000,205296134,20.01
14/01/2020,-16430,-313594000,19.3(-0.26 %),0,0,16430,313594000,205312564,20.0
15/01/2020,-16260,-309900000,19.1(-1.04 %),0,0,16260,309900000,205589884,19.9
16/01/2020,-33300,-633720000,19.2(0.52 %),1000,19300000,34300,653020000,205601504,19.89
17/01/2020,-15010,-283530000,19.1(-0.52 %),5000,94500000,20010,378030000,205612934,19.89
20/01/2020,-13600,-259450000,19.1(0.00 %),4000,76600000,17600,336050000,205625194,19.88
21/01/2020,-15790,-297120000,19.1(0.00 %),0,0,15790,297120000,205659494,19.87
22/01/2020,-5700,-108300000,19.2(0.52 %),0,0,5700,108300000,205665194,19.87
30/01/2020,-12970,-246340000,19.15(-0.26 %),230,4350000,13200,250690000,205696874,19.85
31/01/2020,-3710,-70109000,18.9(-1.31 %),100,1900000,3810,72009000,205681874,19.86
03/02/2020,-68990,-1239923000,18.6(-1.59 %),1900,33565000,70890,1273488000,205718264,19.85
04/02/2020,-22810,-411725000,18.2(-2.15 %),160,2976000,22970,414701000,205741074,19.84
05/02/2020,-38650,-694070000,18(-1.10 %),1000,17800000,39650,711870000,205732214,19.84
06/02/2020,-49900,-904090000,18.25(1.39 %),2200,39620000,52100,943710000,205800904,19.81
07/02/2020,-8660,-159567500,18.4(0.82 %),680,12550000,9340,172117500,205838284,19.8
10/02/2020,-8300,-148980000,17.9(-2.72 %),30,550000,8330,149530000,205862814,19.79
11/02/2020,-17530,-316011000,18.15(1.40 %),0,0,17530,316011000,205864114,19.79
12/02/2020,-19700,-355390000,18.15(0.00 %),1000,18300000,20700,373690000,205923254,19.77
13/02/2020,-12190,-219312000,18(-0.83 %),70,1260000,12260,220572000,205896004,19.78
14/02/2020,-12660,-227949500,18(0.00 %),340,6122000,13000,234071500,205908664,19.77
17/02/2020,5550,100730000,18(0.00 %),7010,127040000,1460,26310000,205962394,19.75
18/02/2020,4700,85428500,18(0.00 %),54000,973511000,49300,888082500,205898414,19.78
19/02/2020,-49970,-895283000,17.95(-0.28 %),0,0,49970,895283000,205948384,19.76
20/02/2020,-23610,-433164000,18.3(1.95 %),0,0,23610,433164000,205971994,19.75
21/02/2020,-6460,-118889000,18.5(1.09 %),2000,36400000,8460,155289000,205978454,19.74
24/02/2020,24530,445621500,18.2(-1.62 %),43000,780675000,18470,335053500,205953924,19.75
25/02/2020,-16100,-291464500,18.4(1.10 %),830,15023000,16930,306487500,205970024,19.75
26/02/2020,-14900,-270217000,18.4(0.00 %),0,0,14900,270217000,205984924,19.74
27/02/2020,-3250,-59523500,18.4(0.00 %),0,0,3250,59523500,205988174,19.74
28/02/2020,-1210,-21730000,18.1(-1.63 %),1440,25776000,2650,47506000,205989384,19.74
02/03/2020,-1200,-21530000,18.1(0.00 %),160,2860000,1360,24390000,206069335,19.71
03/03/2020,-4880,-87838000,18.2(0.55 %),20,362000,4900,88200000,206074215,19.71
04/03/2020,-18560,-336070000,18.2(0.00 %),0,0,18560,336070000,206075215,19.71
05/03/2020,-5890,-107490000,18.3(0.55 %),0,0,5890,107490000,206076575,19.71
06/03/2020,-18490,-332500000,18.15(-0.82 %),0,0,18490,332500000,206081475,19.7
09/03/2020,-15980,-272420000,16.9(-6.89 %),700,11910000,16680,284330000,206099335,19.7
10/03/2020,-30870,-537090000,17.75(5.03 %),50,870000,30920,537960000,206105172,19.7
11/03/2020,-4600,-79130000,17.25(-2.82 %),0,0,4600,79130000,206123662,19.69
12/03/2020,-39300,-668100000,0(0.00 %),2500,42500000,41800,710600000,206207905,19.66
13/03/2020,-134630,-2145846000,16.6(-2.35 %),700,11164000,135330,2157010000,206342535,19.6
16/03/2020,-37750,-609300000,16.6(0.00 %),20,320000,37770,609620000,206172642,19.67
17/03/2020,-7050,-112400000,16.5(-0.60 %),0,0,7050,112400000,206214442,19.65
18/03/2020,-810,-13111000,16.5(0.00 %),100,1650000,910,14761000,206388145,19.58
19/03/2020,-5550,-88480000,16.4(-0.61 %),1800,29360000,7350,117840000,206385642,19.59
20/03/2020,-162360,-2548520000,15.55(-5.18 %),1000,15850000,163360,2564370000,206391692,19.58
23/03/2020,-9780,-148559500,15.45(-0.64 %),0,0,9780,148559500,206561095,19.52
24/03/2020,-22920,-349180000,15.45(0.00 %),0,0,22920,349180000,206399952,19.58
25/03/2020,-33080,-516000000,16(3.56 %),120,1930000,33200,517930000,206563192,19.52
26/03/2020,-24410,-388420000,16(0.00 %),1090,17390000,25500,405810000,206571882,19.51
27/03/2020,-1030,-16240000,15.65(-2.19 %),0,0,1030,16240000,206594802,19.5
30/03/2020,-25010,-379473000,15.35(-1.92 %),1400,20650000,26410,400123000,206667545,19.48
31/03/2020,-113840,-1669111500,14.4(-6.19 %),0,0,113840,1669111500,206781385,19.43
01/04/2020,-10100,-148240500,15(4.17 %),0,0,10100,148240500,206653132,19.48
03/04/2020,-241080,-3506245500,14.6(-2.67 %),0,0,241080,3506245500,206894212,19.39
06/04/2020,-175250,-2609440000,14.9(2.05 %),20,300000,175270,2609740000,206793362,19.43
07/04/2020,-58180,-901790000,15.5(4.03 %),200090,3101395000,258270,4003185000,207127642,19.3
08/04/2020,-28070,-432107000,15.6(0.65 %),0,0,28070,432107000,207155712,19.29
09/04/2020,-80730,-1252330000,15.5(-0.64 %),2450,37990000,83180,1290320000,207017272,19.34
10/04/2020,3210,49750000,15.1(-2.58 %),3210,49750000,0,0,207272332,19.24
13/04/2020,-174730,-2631123000,15.05(-0.33 %),0,0,174730,2631123000,207407962,19.19
14/04/2020,-387100,-6067720000,16.1(6.98 %),0,0,387100,6067720000,207795062,19.04
15/04/2020,-170650,-2845989500,16.9(4.97 %),4400,74270000,175050,2920259500,207965712,18.97
16/04/2020,-7260,-122370000,17(0.59 %),0,0,7260,122370000,207553912,19.13
17/04/2020,-7350,-126920500,17.4(2.35 %),100,1720000,7450,128640500,207980322,18.96
20/04/2020,-51320,-889222000,17.4(0.00 %),0,0,51320,889222000,208031642,18.94
21/04/2020,-45820,-761587000,16.85(-3.16 %),300,5010000,46120,766597000,208077462,18.93
22/04/2020,-30570,-512070000,17(0.89 %),0,0,30570,512070000,208130372,18.91
23/04/2020,-19010,-325500000,17.1(0.59 %),0,0,19010,325500000,208181700,18.89
24/04/2020,-129870,-2183520000,17.05(-0.29 %),3000,50550000,132870,2234070000,208224820,18.87
27/04/2020,-8410,-142640000,17(-0.29 %),0,0,8410,142640000,208255390,18.86
28/04/2020,-5560,-93860000,16.9(-0.59 %),2830,47640000,8390,141500000,208271570,18.85
29/04/2020,790,10734500,17.3(2.37 %),10860,184670500,10070,173936000,208270092,18.85
04/05/2020,-49600,-859560000,17.5(1.16 %),8470,146270000,58070,1005830000,208393520,18.8
05/05/2020,-4260,-77800000,18.25(4.29 %),310,5600000,4570,83400000,208401600,18.8
06/05/2020,890,15030000,19.5(6.85 %),10300,197570000,9410,182540000,208401370,18.8
07/05/2020,-20750,-425160000,20.35(4.36 %),0,0,20750,425160000,208459440,18.78
08/05/2020,-131060,-2679940000,20.3(-0.25 %),0,0,131060,2679940000,208464010,18.78
11/05/2020,-98390,-1791390040,20.5(0.99 %),4300,87973700,102690,1879363740,208655560,18.7
12/05/2020,-105120,-2161320000,20.75(1.22 %),11280,231920000,116400,2393240000,208478590,18.77
13/05/2020,-92870,-1980910000,21.5(3.61 %),20470,434680000,113340,2415590000,208589180,18.73
14/05/2020,-140550,-2999180000,21.5(0.00 %),500,10600000,141050,3009780000,208691370,18.69
15/05/2020,-123780,-2656950500,21.6(0.47 %),510,10913000,124290,2667863500,209117880,18.52
18/05/2020,-108040,-2417076500,23.1(6.94 %),14160,319751500,122200,2736828000,209225920,18.48
19/05/2020,-228890,-5640050000,24.7(6.93 %),6010,146730000,234900,5786780000,209041480,18.55
20/05/2020,-56070,-1460458500,26.4(6.88 %),0,0,56070,1460458500,209510880,18.37
21/05/2020,-14770,-415878000,28.15(6.63 %),0,0,14770,415878000,209525650,18.36
22/05/2020,-32770,-956455500,29(3.02 %),10500,304850000,43270,1261305500,209558420,18.35
25/05/2020,2530,81857000,29.2(0.69 %),11950,348898000,9420,267041000,209555890,18.35
26/05/2020,-6850,-205500000,30(2.74 %),100,3020000,6950,208520000,209571160,18.34
27/05/2020,-14350,-432330000,29.8(-0.67 %),2100,63040000,16450,495370000,209612330,18.33
28/05/2020,-20780,-619120000,29.8(0.00 %),570,17010000,21350,636130000,209621180,18.33
29/05/2020,-1500,-57324000,31.85(6.88 %),12530,382934500,14030,440258500,209599370,18.33
01/06/2020,-2710,-88337500,33.2(4.24 %),16290,547886500,19000,636224000,209632050,18.32
02/06/2020,489670,16416070000,33.55(1.05 %),506960,16996400000,17290,580330000,209130150,18.52
03/06/2020,230280,7777350000,33.55(0.00 %),250890,8468367500,20610,691017500,208912100,18.6
04/06/2020,258550,8694830000,33.5(-0.15 %),272140,9148640000,13590,453810000,208640150,18.71
05/06/2020,0,0,33.45(-0.15 %),0,0,0,0,208653550,18.7
08/06/2020,471830,15797440000,33.6(0.45 %),511300,17119390000,39470,1321950000,207794840,19.04
09/06/2020,0,0,33.65(0.15 %),0,0,0,0,208181720,18.89
10/06/2020,202980,6783540500,33.4(-0.74 %),320000,10678363000,117020,3894822500,207978740,18.97
11/06/2020,371650,12165176000,32.3(-3.29 %),500040,16321302000,128390,4156126000,207607090,19.11
12/06/2020,211860,6565145500,31(-4.02 %),219590,6801269500,7730,236124000,207395230,19.19
15/06/2020,4290,140675000,29.2(-5.81 %),15820,494622500,11530,353947500,207390940,19.19
16/06/2020,42380,1257600000,29.65(1.54 %),50070,1485360000,7690,227760000,205859317,19.79
17/06/2020,26680,794300000,29.9(0.84 %),37880,1127160000,11200,332860000,205829167,19.8
18/06/2020,233150,6973473000,30(0.33 %),237590,7106357000,4440,132884000,207088730,19.31
19/06/2020,37070,1115350000,30.1(0.33 %),37270,1121360000,200,6010000,207051660,19.33
22/06/2020,205360,6163900000,30.15(0.17 %),210230,6309910000,4870,146010000,205374497,19.98
23/06/2020,409580,12303962000,30(-0.50 %),410000,12316500000,420,12538000,206436720,19.57
24/06/2020,397020,11912999000,29.8(-0.67 %),410010,12300299500,12990,387300500,206039700,19.72
25/06/2020,1188320,70930538500,29.5(-1.01 %),1200000,71274000000,11680,343461500,204851380,20.18
26/06/2020,595050,17856640000,29(-1.69 %),611200,18326040000,16150,469400000,202753217,21.0
29/06/2020,595050,17856635500,28.5(-1.72 %),611200,18326035500,16150,469400000,203661280,20.65
30/06/2020,-6570,-186450000,28.4(-0.35 %),180,5120000,6750,191570000,202695817,21.02
01/07/2020,1530,44620500,28.65(0.88 %),10210,290160000,8680,245539500,202711967,21.02
02/07/2020,-5310,-152163000,28.9(0.87 %),30,864000,5340,153027000,202717277,21.02
03/07/2020,-3180,-92435000,28.9(0.00 %),5000,144750000,8180,237185000,202720457,21.01
06/07/2020,-3350,-96932500,29(0.35 %),0,0,3350,96932500,202723807,21.01
07/07/2020,-13850,-400395000,29(0.00 %),90,2603000,13940,402998000,202737657,21.01
08/07/2020,499710,14491600000,29(0.00 %),500000,14500000000,290,8400000,202231224,21.2
09/07/2020,207990,6135292500,30.5(5.17 %),212310,6262471500,4320,127179000,202029957,21.28
10/07/2020,188570,5771850000,30.4(-0.33 %),200000,6120000000,11430,348150000,201836204,21.36
13/07/2020,294140,8973690000,30.4(0.00 %),312800,9540200000,18660,566510000,201523694,21.48
14/07/2020,391450,11903200000,30.25(-0.49 %),402680,12239850000,11230,336650000,201125334,21.64
15/07/2020,189020,11841167500,30.25(0.00 %),200000,12173600000,10980,332432500,200966777,21.7
16/07/2020,428410,13251680000,31.55(4.30 %),428410,13251680000,0,0,200527014,21.87
17/07/2020,188700,6041748000,31.5(-0.16 %),201580,6450007000,12880,408259000,200349667,21.94
20/07/2020,80600,2532740000,31.2(-0.95 %),100500,3155550000,19900,622810000,200247144,21.98
21/07/2020,398560,12357290000,31.2(0.00 %),406000,12586510000,7440,229220000,199841144,22.14
22/07/2020,191280,5929788500,31.2(0.00 %),200010,6200310000,8730,270521500,199779227,22.16
23/07/2020,475780,14989350000,31.25(0.16 %),482000,15183000000,6220,193650000,199191914,22.39
24/07/2020,-13560,-407845000,30.5(-2.40 %),3190,93816000,16750,501661000,199317007,22.34
27/07/2020,16840,488073000,29.4(-3.61 %),24530,711289500,7690,223216500,199300167,22.35
28/07/2020,34530,1012310000,29.9(1.70 %),39620,1162150000,5090,149840000,199146964,22.41
29/07/2020,3925836,124842304400,29.9(0.00 %),3937296,125172572400,11460,330268000,195339801,23.89
30/07/2020,3925836,124842304400,29.95(0.17 %),3937296,125172572400,11460,330268000,191413965,25.42
31/07/2020,18650,552419500,29.95(0.00 %),22300,661102500,3650,108683000,191395315,25.43
03/08/2020,54150,1649640000,31.1(3.84 %),59500,1811760000,5350,162120000,194437858,24.24
04/08/2020,2460,76810000,31.7(1.93 %),4120,128930000,1660,52120000,194445848,24.24
05/08/2020,-7660,-243378500,31.75(0.16 %),3620,114935000,11280,358313500,194502558,24.22
06/08/2020,17600,584570000,33.4(5.20 %),24250,805140000,6650,220570000,194426978,24.25
07/08/2020,-23450,-781230000,33.35(-0.15 %),1600,53740000,25050,834970000,194427038,24.25
10/08/2020,-236570,-8129408500,34.1(2.25 %),25430,882754500,262000,9012163000,194744978,24.12
11/08/2020,-123960,-4196012500,33.8(-0.88 %),0,0,123960,4196012500,194868938,24.07
12/08/2020,-105390,-3544556000,33.6(-0.59 %),100,3340000,105490,3547896000,194974328,24.03
13/08/2020,-127660,-4298730000,33.6(0.00 %),690,23250000,128350,4321980000,194705798,24.14
14/08/2020,-173830,-5733127500,32.5(-3.27 %),700,23125500,174530,5756253000,195275818,23.91
17/08/2020,14050,456720000,33.2(2.15 %),17020,553100000,2970,96380000,194917528,24.05
18/08/2020,-15600,-520890000,33.5(0.90 %),13080,437310000,28680,958200000,195032798,24.01
19/08/2020,3810,127495000,33.5(0.00 %),9990,334201500,6180,206706500,195273558,23.92
20/08/2020,-81200,-2797980000,35.1(4.78 %),20230,706020000,101430,3504000000,195180078,23.95
21/08/2020,105270,3829152500,36.25(3.28 %),297380,10789243500,192110,6960091000,195249488,23.92
24/08/2020,178100,6511980000,36.55(0.83 %),256060,9365720000,77960,2853740000,194661498,24.15
25/08/2020,-1830,-57060000,36.7(0.41 %),9210,342430000,11040,399490000,194753718,24.12
26/08/2020,134910,4966150000,36.8(0.27 %),153800,5671950000,18890,705800000,194792028,24.1
27/08/2020,69070,2486073500,36(-2.17 %),179360,6477655000,110290,3991581500,194869238,24.07
28/08/2020,-41660,-1488920000,36(0.00 %),0,0,41660,1488920000,194701668,24.14
31/08/2020,-36550,-1294369000,35.5(-1.39 %),2090,74224500,38640,1368593500,194947448,24.04
01/09/2020,6530,234444000,35.45(-0.14 %),12200,433100000,5670,198656000,194828758,24.09
03/09/2020,-25970,-913100000,35.2(-0.71 %),510,17880000,26480,930980000,194857708,24.08
04/09/2020,-124620,-4315090500,34.5(-1.99 %),7190,251731000,131810,4566821500,194979348,24.03
07/09/2020,-33110,-1149030000,34.5(0.00 %),1260,43930000,34370,1192960000,194893568,24.06
08/09/2020,-91190,-3173167500,34.9(1.16 %),180,6274000,91370,3179441500,195103648,23.98
09/09/2020,-130960,-4667205500,35.7(2.29 %),29260,1031112000,160220,5698317500,195234608,23.93
10/09/2020,-91290,-3274909500,35.8(0.28 %),500,17975000,91790,3292884500,195325898,23.9
11/09/2020,-34410,-1219160000,35.3(-1.40 %),210,7520000,34620,1226680000,195147788,23.96
14/09/2020,-26560,-943530000,35.3(0.00 %),7350,260940000,33910,1204470000,195300666,23.9
15/09/2020,-22260,-787177000,35.35(0.14 %),320,11295000,22580,798472000,195409128,23.86
16/09/2020,-29610,-1047090000,35.5(0.42 %),0,0,29610,1047090000,195426756,23.86
17/09/2020,48750,1791634500,36.65(3.24 %),54750,2010634500,6000,219000000,195389988,23.87
18/09/2020,2680,99066500,36.65(0.00 %),4930,182316500,2250,83250000,195387308,23.87
21/09/2020,-11690,-425815500,36.7(0.14 %),530,19270500,12220,445086000,195398998,23.87
22/09/2020,-6870,-251340000,36.7(0.00 %),90,3280000,6960,254620000,195458556,23.84
23/09/2020,705710,26640640000,37.2(1.36 %),706270,26661420000,560,20780000,194755386,24.12
24/09/2020,39760,1503060000,37.15(-0.13 %),43300,1634170000,3540,131110000,194724816,24.13
25/09/2020,-25430,-949270000,37.25(0.27 %),4250,159480000,29680,1108750000,194727526,24.13
28/09/2020,-32070,-1174470000,37(-0.67 %),100,3500000,32170,1177970000,194727986,24.13
29/09/2020,-55750,-2036740500,36.5(-1.35 %),200,7300000,55950,2044040500,194773648,24.11
30/09/2020,-30410,-1112428000,36.5(0.00 %),0,0,30410,1112428000,194804058,24.1
01/10/2020,7110,260580000,36.7(0.55 %),7110,260580000,0,0,194786066,24.11
02/10/2020,342760,12594750000,36.7(0.00 %),344000,12639640000,1240,44890000,194498016,24.22
05/10/2020,700,25547000,36.75(0.14 %),1180,43451000,480,17904000,194449716,24.24
06/10/2020,-1540,-56360000,36.75(0.00 %),0,0,1540,56360000,194527246,24.21
07/10/2020,-2000,-73400000,36.05(-1.90 %),0,0,2000,73400000,194528486,24.21
08/10/2020,174900,6339150000,36.15(0.28 %),179110,6493120000,4210,153970000,194349856,24.28
09/10/2020,0,0,36.15(0.00 %),0,0,0,0,194278356,24.3
12/10/2020,90100,3220536000,35.85(-0.83 %),90400,3231246000,300,10710000,194188256,24.34
13/10/2020,130,4620000,35.45(-1.12 %),130,4620000,0,0,194267076,24.31
14/10/2020,240,8350000,35.5(0.14 %),240,8350000,0,0,194266836,24.31
15/10/2020,110,3934500,36.1(1.69 %),210,7554500,100,3620000,194187776,24.34
16/10/2020,-60430,-2155364500,35.9(-0.55 %),0,0,60430,2155364500,194248206,24.31
19/10/2020,-22310,-793220000,35.8(-0.28 %),90,3210000,22400,796430000,194266841,24.31
20/10/2020,-450,-16160000,35.7(-0.28 %),50,1770000,500,17930000,194266891,24.31
21/10/2020,0,0,35.75(0.14 %),0,0,0,0,194270966,24.31
22/10/2020,-30420,-1088470000,35.6(-0.42 %),0,0,30420,1088470000,194349721,24.28
23/10/2020,-39680,-1411679500,35.6(0.00 %),380,13452000,40060,1425131500,194341066,24.28
26/10/2020,-52230,-1852067000,35.4(-0.56 %),0,0,52230,1852067000,194393296,24.26
27/10/2020,-33260,-1172020000,35.2(-0.56 %),0,0,33260,1172020000,194380261,24.26
28/10/2020,-41640,-1442673000,34.5(-1.99 %),0,0,41640,1442673000,194468196,24.23
29/10/2020,-540,-18306000,34.35(-0.43 %),0,0,540,18306000,194468736,24.23
30/10/2020,-14060,-483485000,34.4(0.15 %),440,15114000,14500,498599000,194482796,24.22
02/11/2020,-2600,-88934000,34.45(0.15 %),0,0,2600,88934000,194546681,24.2
03/11/2020,0,0,34.5(0.15 %),0,0,0,0,194547221,24.2
04/11/2020,980,33740000,35(1.45 %),980,33740000,0,0,194560741,24.19
05/11/2020,92580,3277104500,35.5(1.43 %),104560,3696404500,11980,419300000,194453121,24.24
06/11/2020,0,0,35.8(0.85 %),0,0,0,0,194453121,24.24
09/11/2020,150,5300000,36.25(1.26 %),350,12530000,200,7230000,194452971,24.24
10/11/2020,-3940,-143241500,36.5(0.69 %),1540,55973000,5480,199214500,194456911,24.23
11/11/2020,-7920,-289290000,36.5(0.00 %),0,0,7920,289290000,194468871,24.23
12/11/2020,275700,10119250000,36.3(-0.55 %),278000,10202600000,2300,83350000,194189131,24.34
13/11/2020,335950,12430182500,36.35(0.14 %),337650,12491922500,1700,61740000,193853181,24.47
16/11/2020,-1990,-72340000,36.15(-0.55 %),10,360000,2000,72700000,193866811,24.46
17/11/2020,-330,-12009000,35.5(-1.80 %),0,0,330,12009000,193855501,24.47
18/11/2020,-22450,-800314000,35.7(0.56 %),100,3580000,22550,803894000,193877951,24.46
19/11/2020,470,16670000,35.6(-0.28 %),510,18110000,40,1440000,193872201,24.46
20/11/2020,-20000,-713000000,35.8(0.56 %),0,0,20000,713000000,193872531,24.46
23/11/2020,-1700,-60730000,35.8(0.00 %),0,0,1700,60730000,193895081,24.45
24/11/2020,0,0,35.95(0.42 %),0,0,0,0,193895121,24.45
25/11/2020,32470,1166910000,36(0.14 %),32550,1169790000,80,2880000,193882571,24.46
26/11/2020,-2220,-80184500,35.85(-0.42 %),170,6094500,2390,86279000,193884791,24.46
27/11/2020,250,8980000,35.85(0.00 %),250,8980000,0,0,193883855,24.46
30/11/2020,111810,4019574000,35.95(0.28 %),113820,4091829000,2010,72255000,193772045,24.5
01/12/2020,-16320,-580383500,35.8(-0.42 %),4100,146185000,20420,726568500,193772505,24.5
02/12/2020,50230,1791970000,35.8(0.00 %),50230,1791970000,0,0,193718345,24.52
03/12/2020,3630,129845000,35.9(0.28 %),5660,202716000,2030,72871000,193718645,24.52
04/12/2020,114090,4307530000,38(5.85 %),114890,4337630000,800,30100000,193620225,24.56
07/12/2020,33500,1286163500,38.3(0.79 %),33900,1301583500,400,15420000,193571055,24.58
08/12/2020,6020,230208500,38.2(-0.26 %),6190,236753500,170,6545000,193565035,24.58
09/12/2020,91730,3467693640,38.7(1.31 %),99760,3775515660,8030,307822020,193473305,24.62
10/12/2020,4530,175382500,38.4(-0.78 %),5230,202262500,700,26880000,193468775,24.62
11/12/2020,3500,134490000,38.4(0.00 %),3600,138340000,100,3850000,193465275,24.62
14/12/2020,-90,-34590000,38.6(0.52 %),10,3840000,100,38430000,193482875,24.61
15/12/2020,-2700,-103880000,38.4(-0.52 %),800,30520000,3500,134400000,193468875,24.62
16/12/2020,9550,366450000,38.35(-0.13 %),9550,366450000,0,0,193473325,24.62
17/12/2020,112970,4306651000,38.1(-0.65 %),118010,4498933000,5040,192282000,193346355,24.67
18/12/2020,236750,9104612500,38.4(0.79 %),236850,9108462500,100,3850000,193109605,24.76
21/12/2020,14724,5653540000,38.4(0.00 %),15345,5891170000,621,237630000,192969516,24.81
22/12/2020,-14810,-351849460,37.6(-2.08 %),9720,368135280,24530,719984740,192977175,24.81
23/12/2020,-29690,-1105700000,37.35(-0.66 %),1200,44660000,30890,1150360000,192963716,24.82
24/12/2020,-34810,-1265130000,37(-0.94 %),5110,185740000,39920,1450870000,192964816,24.82
25/12/2020,34540,1291420000,37.2(0.54 %),61110,2278540000,26570,987120000,192928236,24.83
28/12/2020,-17640,-656170000,37(-0.54 %),3870,143540000,21510,799710000,192955262,24.82
29/12/2020,16230,602920000,37(0.00 %),27040,1003170000,10810,400250000,192968142,24.81
30/12/2020,-1457,-538290000,0(0.00 %),250,92500000,1707,630790000,192992212,24.8
31/12/2020,-12870,-474625500,37(0.00 %),600,22050000,13470,496675500,193005082,24.8
04/01/2021,-6150,-2275070000,37.05(0.14 %),50,18500000,6200,2293570000,193023432,24.79
05/01/2021,-8700,-322505000,37.05(0.00 %),0,0,8700,322505000,193032132,24.79
06/01/2021,-10500,-389875000,37.1(0.13 %),1200,44415000,11700,434290000,193042632,24.78
07/01/2021,14600,597080000,39.05(5.26 %),42000,1636385000,27400,1039305000,193028032,24.79
08/01/2021,-1300,-511970000,39.5(1.15 %),4340,1702470000,5640,2214440000,193038072,24.79
11/01/2021,-21000,-827375000,39.5(0.00 %),1700,67030000,22700,894405000,193062032,24.78
12/01/2021,-3600,-144925000,39.3(-0.51 %),23200,911455000,26800,1056380000,193065632,24.78
13/01/2021,20600,813270000,39.3(0.00 %),43000,1690060000,22400,876790000,193045032,24.78
14/01/2021,-620,-243110000,39.3(0.00 %),960,376800000,1580,619910000,193078732,24.77
15/01/2021,-3400,-132440000,39.3(0.00 %),12700,496595000,16100,629035000,193054632,24.78
18/01/2021,-23200,-910480000,39.3(0.00 %),3000,117540000,26200,1028020000,193077832,24.77
19/01/2021,-6700,-242990000,39(-0.76 %),6300,245760000,13000,488750000,193084532,33.76
20/01/2021,487600,19532085000,38.9(-0.26 %),545600,21767970000,58000,2235885000,192596932,33.95
21/01/2021,275500,11464955000,41.6(6.94 %),283500,11791410000,8000,326455000,192321432,31.25
22/01/2021,-1000,39340000,43(3.37 %),65100,2812385000,66100,2773045000,192322432,34.06
25/01/2021,2350,1025810000,43.4(0.93 %),2710,1183880000,360,158070000,204312389,26.96
26/01/2021,-2050,-870120000,42.4(-2.30 %),600,251610000,2650,1121730000,204314389,26.96
27/01/2021,-990,-422280000,41.7(-1.65 %),3540,1441230000,4530,1863510000,204345089,26.95
28/01/2021,-740,-311090000,38.8(-6.95 %),2320,914510000,3060,1225600000,204325489,26.96
29/01/2021,14200,560705000,39.2(1.03 %),38100,1477370000,23900,916665000,192322532,31.25
01/02/2021,-27370,-10397790000,38.5(-1.79 %),1200,453150000,28570,10850940000,204347189,26.95
02/02/2021,-713100,-27357315000,39.15(1.69 %),2700,104200000,715800,27461515000,205072339,26.69
03/02/2021,-2240,-873270000,40(2.17 %),260,102670000,2500,975940000,204396439,26.93
04/02/2021,8500,341325000,40(0.00 %),8500,341325000,0,0,205086239,26.69
05/02/2021,-380,-152060000,40(0.00 %),10,4000000,390,156060000,205389339,26.58
08/02/2021,-500,-21825000,40.8(2.00 %),900,36820000,1400,58645000,205090539,26.69
09/02/2021,-11400,-474395000,41.7(2.21 %),2900,120410000,14300,594805000,205101939,26.68
17/02/2021,121600,5168435000,44.5(6.71 %),158300,6799825000,36700,1631390000,204980339,26.73
18/02/2021,-10800,-4826300000,44.8(0.67 %),500,224840000,11300,5051140000,205252539,26.63
19/02/2021,-58000,-2596250000,45.5(1.56 %),22200,996275000,80200,3592525000,205146339,26.67
22/02/2021,39300,1897655000,48.3(6.15 %),61000,2936100000,21700,1038445000,205107039,26.68
23/02/2021,-40100,-1950045000,48.4(0.21 %),1900,92435000,42000,2042480000,205147139,26.67
24/02/2021,-49500,-2400535000,48(-0.83 %),4800,231065000,54300,2631600000,205196639,26.65
25/02/2021,-41600,-1987410000,48(0.00 %),600,28655000,42200,2016065000,205238239,26.63
26/02/2021,2500,124230000,48.2(0.42 %),15200,729970000,12700,605740000,205235739,26.63
01/03/2021,8950,4354130000,48.7(1.04 %),10430,5072700000,1480,718570000,205404699,26.57
02/03/2021,-11900,-580365000,48.9(0.41 %),9500,468485000,21400,1048850000,205520899,26.53
03/03/2021,2400,112945000,48.9(0.00 %),6700,322565000,4300,209620000,205518499,26.53
04/03/2021,-7700,-374960000,49(0.20 %),2500,122330000,10200,497290000,205526199,26.53
05/03/2021,-2410,-1174590000,49.05(0.10 %),10,4840000,2420,1179430000,205476999,26.55
08/03/2021,-8100,-4065050000,51(3.98 %),5590,2849050000,13690,6914100000,205425399,26.57
09/03/2021,-7900,-402720000,50.7(-0.59 %),300,15210000,8200,417930000,205639199,26.49
10/03/2021,-11100,-563500000,50.8(0.20 %),1200,60610000,12300,624110000,205650299,26.49
11/03/2021,-44200,-2246830000,50.9(0.20 %),700,35280000,44900,2282110000,205694499,26.47
12/03/2021,-46800,-2361390000,51(0.20 %),2400,119600000,49200,2480990000,205741299,26.45
15/03/2021,-1070,-543510000,50.9(-0.20 %),100,50500000,1170,594010000,205611679,26.5
16/03/2021,-580,-293460000,50.8(-0.20 %),120,60390000,700,353850000,205655379,26.48
17/03/2021,-26300,-1323260000,50.5(-0.59 %),500,25220000,26800,1348480000,205784099,26.44
18/03/2021,0,-190000,50.5(0.00 %),70,35370000,70,35560000,205715079,26.46
19/03/2021,1900,93930000,50.6(0.20 %),7000,351880000,5100,257950000,205782199,26.44
22/03/2021,-720,-329880000,52(2.77 %),6760,3496680000,7480,3826560000,205674132,26.48
23/03/2021,14700,759070000,51.8(-0.38 %),27700,1434850000,13000,675780000,205774699,26.44
24/03/2021,-5000,-255410000,51.4(-0.77 %),3100,157940000,8100,413350000,205779699,26.44
25/03/2021,-746900,-37408550000,51(-0.78 %),0,0,746900,37408550000,206526599,26.17
26/03/2021,-633100,-31195515000,51.2(0.39 %),1200,58720000,634300,31254235000,207159699,25.95
29/03/2021,71500,3807420000,53(3.52 %),89000,4713240000,17500,905820000,207088199,25.97
30/03/2021,-39600,-2094450000,53(0.00 %),11400,606150000,51000,2700600000,207127799,25.96
31/03/2021,-35990,-18753820000,52.5(-0.94 %),20,10420000,36010,18764240000,207024283,25.99
01/04/2021,-243600,-12533510000,52.5(0.00 %),0,0,243600,12533510000,207041823,25.99
02/04/2021,-8900,-486890000,52.8(0.57 %),21300,1121110000,30200,1608000000,207050723,25.98
05/04/2021,-19100,-1006940000,52.8(0.00 %),1300,68540000,20400,1075480000,207069823,25.98
06/04/2021,-1970,-1038260000,52.9(0.19 %),0,0,1970,1038260000,207673923,25.76
07/04/2021,-880,-464660000,52.9(0.00 %),0,0,880,464660000,207704123,25.75
08/04/2021,-6400,-337510000,52.8(-0.19 %),800,42110000,7200,379620000,207104723,25.97
09/04/2021,-15400,-811290000,52.8(0.00 %),5800,302330000,21200,1113620000,207120123,25.96
12/04/2021,-59200,-3081640000,52.7(-0.19 %),2000,104350000,61200,3185990000,207179323,25.94
13/04/2021,-156000,-8103400000,52.5(-0.38 %),1200,62460000,157200,8165860000,207335323,25.88
14/04/2021,-13960,-7210860000,52.6(0.19 %),50,25750000,14010,7236610000,207771113,25.73
15/04/2021,1200,62220000,52.3(-0.57 %),1200,62220000,0,0,207473723,0.0
16/04/2021,0,0,52.2(-0.19 %),0,0,0,0,207473723,25.83
19/04/2021,200,102960000,52.1(-0.19 %),220,113400000,20,10440000,208126123,25.6
20/04/2021,600,31010000,52(-0.19 %),2800,143640000,2200,112630000,207471123,25.83
22/04/2021,-200,-10780000,51.4(-1.15 %),800,40800000,1000,51580000,207471323,25.83
23/04/2021,-600,-31660000,51.8(0.78 %),4000,200900000,4600,232560000,207471923,25.83
26/04/2021,-1800,-92880000,51.6(-0.39 %),0,0,1800,92880000,207473723,25.83
27/04/2021,-3000,-154130000,51.2(-0.78 %),100,5080000,3100,159210000,207476723,25.83
28/04/2021,-1390,-706410000,51(-0.39 %),0,0,1390,706410000,208126646,25.6
29/04/2021,-20,-10200000,51.2(0.39 %),0,0,20,10200000,208128446,25.6
04/05/2021,-2270,-1154620000,51.1(-0.20 %),0,0,2270,1154620000,208131546,25.6
05/05/2021,-90500,-4631320000,51.2(0.20 %),33000,1681250000,123500,6312570000,208222046,25.57
06/05/2021,-66500,-3405940000,51.2(0.00 %),8000,404650000,74500,3810590000,208288546,25.54
07/05/2021,-640,-327430000,51(-0.39 %),560,283680000,1200,611110000,208121746,25.6
10/05/2021,-360,-184570000,51.1(0.20 %),80,40960000,440,225530000,208244446,25.56
11/05/2021,970,483780000,51.1(0.00 %),1460,733330000,490,249550000,208304346,25.54
12/05/2021,-3700,-188850000,51.2(0.20 %),200,10120000,3900,198970000,208292546,25.54
13/05/2021,-6100,-312800000,51.2(0.00 %),200,10200000,6300,323000000,208298646,25.54
14/05/2021,-8100,-412240000,51.1(-0.20 %),100,5050000,8200,417290000,208306746,25.54
17/05/2021,-34100,-1733040000,51(-0.20 %),0,0,34100,1733040000,208340846,25.52
18/05/2021,0,0,51(0.00 %),0,0,0,0,208335584,25.53
19/05/2021,-18280,-9253220000,51(0.00 %),0,0,18280,9253220000,208343784,25.52
20/05/2021,-102100,-5166250000,51.1(0.20 %),100,5080000,102200,5171330000,208625746,25.42
21/05/2021,18200,925090000,51.2(0.20 %),42200,2149800000,24000,1224710000,208607546,25.43
24/05/2021,13390,7131390000,54.7(6.84 %),13840,7376100000,450,244710000,208379984,25.51
25/05/2021,1490,831210000,56.8(3.84 %),3890,2195890000,2400,1364680000,208443284,25.49
26/05/2021,-24720,-13840960000,57(0.35 %),2150,1224960000,26870,15065920000,208445784,25.49
27/05/2021,9740,5466210000,56.8(-0.35 %),10080,5656470000,340,190260000,208349484,25.52
28/05/2021,9700,527980000,56.6(-0.35 %),16800,925890000,7100,397910000,208598846,25.43
31/05/2021,30,16770000,56.5(-0.18 %),30,16770000,0,0,208625034,25.42
01/06/2021,-500,-28100000,55.3(-2.12 %),0,0,500,28100000,208628434,25.42
02/06/2021,-10600,-595420000,57(3.07 %),2000,111100000,12600,706520000,208639034,25.42
03/06/2021,-10500,-598900000,57.5(0.88 %),3100,176910000,13600,775810000,208649534,25.41
04/06/2021,66000,3809850000,58.5(1.74 %),66000,3809850000,0,0,208583534,25.44
07/06/2021,-4700,-273420000,58.6(0.17 %),800,46720000,5500,320140000,208588234,25.44
08/06/2021,-13700,-793630000,58.3(-0.51 %),100,5770000,13800,799400000,208601934,25.43
09/06/2021,-100,-5770000,58.3(0.00 %),100,5830000,200,11600000,208602034,25.43
10/06/2021,-6900,-404900000,58.1(-0.34 %),8600,494390000,15500,899290000,208608934,25.43
11/06/2021,-14600,-845260000,58.2(0.17 %),200,11720000,14800,856980000,208623534,25.42
14/06/2021,-2570100,-149075070000,58.9(1.20 %),41200,2409740000,2611300,151484810000,211193634,24.5
15/06/2021,-5419900,-307877260000,59.9(1.70 %),9800,582880000,5429700,308460140000,216613534,22.57
16/06/2021,-2501600,-141041670000,59.9(0.00 %),700,41810000,2502300,141083480000,219115134,21.67
17/06/2021,34600,20662600000,59.9(0.00 %),35920,21445970000,1320,783370000,210831545,24.63
18/06/2021,3100,183690000,60(0.17 %),6400,381660000,3300,197970000,216816034,22.49
21/06/2021,120,61520000,59.9(-0.17 %),2360,1394720000,2240,1333200000,218733455,21.81
22/06/2021,-31400,-1879070000,60.2(0.50 %),400,23860000,31800,1902930000,216846234,22.48
23/06/2021,20800,1255650000,60.4(0.33 %),26200,1581770000,5400,326120000,216825434,22.49
24/06/2021,-28500,-1736870000,60.5(0.17 %),4200,251970000,32700,1988840000,216853934,22.48
25/06/2021,-2320,-1401540000,60.5(0.00 %),80,48310000,2400,1449850000,218772555,21.79
28/06/2021,35850,22194980000,61.5(1.65 %),37230,23059550000,1380,864570000,218405655,21.93
29/06/2021,129700,7934800000,61.6(0.16 %),164400,10061120000,34700,2126320000,216388934,22.65
30/06/2021,-1480,-907180000,61.8(0.32 %),0,0,1480,907180000,218298031,21.96
01/07/2021,-102700,-6302400000,62(0.32 %),37400,2292020000,140100,8594420000,218311831,21.96
02/07/2021,-24080,-14770140000,61.8(-0.32 %),90,55190000,24170,14825330000,218308266,21.96
05/07/2021,-87100,-1777871200,61.6(-0.32 %),500,30443000,87600,1808314200,218639731,21.84
06/07/2021,-54300,-3319870000,61(-0.97 %),0,0,54300,3319870000,218694031,21.82
07/07/2021,-71500,-4376910000,61.2(0.33 %),42400,2574740000,113900,6951650000,218765531,21.8
08/07/2021,-101800,-6226432800,61.5(0.49 %),6300,359451600,108100,6585884400,218867331,21.76
09/07/2021,-55000,-3358980000,61(-0.81 %),14300,872760000,69300,4231740000,218922331,21.74
12/07/2021,-7380,-4431450000,61(0.00 %),350,211420000,7730,4642870000,218893606,21.75
13/07/2021,-20900,-1262300000,60.9(-0.16 %),0,0,20900,1262300000,219017031,21.71
14/07/2021,-55300,-3374220000,60.8(-0.16 %),15600,951350000,70900,4325570000,219072331,21.69
15/07/2021,-1900,-115150000,61(0.33 %),100,6090000,2000,121240000,219074231,21.69
16/07/2021,-600,-366120000,61(0.00 %),30,18180000,630,384300000,219153206,21.66
19/07/2021,-6700,-413560000,61(0.00 %),63700,3882920000,70400,4296480000,219086931,21.68
20/07/2021,-43600,-2676470000,61(0.00 %),137600,8376090000,181200,11052560000,219130531,21.67
21/07/2021,-45900,-2803900000,61(0.00 %),0,0,45900,2803900000,219176431,21.65
22/07/2021,-106400,-6482930000,61(0.00 %),71200,4334310000,177600,10817240000,219282831,21.61
23/07/2021,-770,-475540000,61(0.00 %),4520,2746850000,5290,3222390000,219166416,21.65
26/07/2021,-24400,-1504670000,61.2(0.33 %),69200,4199530000,93600,5704200000,219314931,21.6
27/07/2021,-17140,-10430340000,60.9(-0.49 %),590,358340000,17730,10788680000,219314816,21.6
28/07/2021,-49950,-30804110000,62(1.81 %),5030,3123700000,54980,33927810000,219317416,21.6
29/07/2021,-211200,-13204930000,62.3(0.48 %),43400,2712970000,254600,15917900000,220197031,21.29
30/07/2021,-146400,-9117350000,62.4(0.16 %),15700,977400000,162100,10094750000,220343431,21.23
02/08/2021,-45700,-2845440000,62.2(-0.32 %),0,0,45700,2845440000,220079016,21.33
03/08/2021,-61300,-3798790000,62(-0.32 %),0,0,61300,3798790000,220140316,21.31
04/08/2021,-10300,-638600000,61.9(-0.16 %),0,0,10300,638600000,220150616,21.3
05/08/2021,-50100,-3097360000,61.8(-0.16 %),2400,146400000,52500,3243760000,220200716,21.28
06/08/2021,-86300,-5334150000,61.9(0.16 %),14200,870960000,100500,6205110000,220287016,21.25
09/08/2021,-89200,-5494530000,61.5(-0.65 %),40300,2470940000,129500,7965470000,220376216,21.22
10/08/2021,-337800,-20422250000,61.1(-0.65 %),1000,60320000,338800,20482570000,220714016,21.1
11/08/2021,-374300,-22387730000,60.8(-0.49 %),29600,1754430000,403900,24142160000,221088316,20.97
12/08/2021,-87710,-5252515350,61.5(1.15 %),2000,119000000,89710,5371515350,221176026,20.94
13/08/2021,-31700,-1622150400,61.3(-0.33 %),0,0,31700,1622150400,221207726,20.92
16/08/2021,-51000,-3107630000,61(-0.49 %),0,0,51000,3107630000,221258726,20.91
17/08/2021,-107800,-6523180000,60.5(-0.82 %),0,0,107800,6523180000,221423326,20.85
18/08/2021,-65900,-3988550000,60.5(0.00 %),300,18120000,66200,4006670000,221324626,20.88
19/08/2021,6400,375370000,60.4(-0.17 %),26500,1592900000,20100,1217530000,221318226,20.88
20/08/2021,-107700,-6480310000,60.3(-0.17 %),12000,724350000,119700,7204660000,221425926,20.85
23/08/2021,-73300,-4294800000,59.5(-1.33 %),1900,109710000,75200,4404510000,221499226,20.82
24/08/2021,30100,1786400000,59.3(-0.34 %),37200,2200710000,7100,414310000,221469126,20.83
25/08/2021,-78500,-4688110000,59.7(0.67 %),7600,452100000,86100,5140210000,221547626,20.8
26/08/2021,-45600,-2720680000,60.1(0.67 %),51200,3054360000,96800,5775040000,221593226,20.79
27/08/2021,-66000,-3951310000,59.9(-0.33 %),0,0,66000,3951310000,221659226,20.76
30/08/2021,-85300,-5108020000,59.9(0.00 %),52586,3144961400,137886,8252981400,221744526,20.73
31/08/2021,-65200,-3889210000,60(0.17 %),179500,10760190000,244700,14649400000,221809726,20.71
01/09/2021,-147900,-8842660000,59.9(-0.17 %),41100,2448660000,189000,11291320000,222002626,20.64
06/09/2021,-92400,-5524670000,60(0.17 %),62000,3688790000,154400,9213460000,222095026,20.61
07/09/2021,-119900,-7152900000,59.7(-0.50 %),300,17940000,120200,7170840000,222214926,20.56
08/09/2021,-128000,-7627700000,59.7(0.00 %),3500,208280000,131500,7835980000,222342926,20.52
09/09/2021,-14200,-843660000,59.5(-0.34 %),0,0,14200,843660000,222357126,20.51
10/09/2021,-122500,-7300150000,59.7(0.34 %),0,0,122500,7300150000,222479626,20.47
13/09/2021,-3700,-249450000,59.8(0.17 %),609900,36294180000,613600,36543630000,222483326,20.47
14/09/2021,122400,7276810000,59.5(-0.50 %),334100,19875260000,211700,12598450000,222360926,20.51
15/09/2021,-89000,-5290480000,59.6(0.17 %),900,53550000,89900,5344030000,222449926,20.48
16/09/2021,-65500,-3870330000,59.5(-0.17 %),5200,309030000,70700,4179360000,222515426,20.46
17/09/2021,581100,34633830000,59.5(0.00 %),2175300,129422630000,1594200,94788800000,221934326,20.66
20/09/2021,-9800,-585610000,59.5(0.00 %),17300,1020880000,27100,1606490000,221944126,20.66
21/09/2021,-22600,-1343810000,59.4(-0.17 %),0,0,22600,1343810000,221966726,20.65
22/09/2021,-68300,-4029300000,59(-0.67 %),300,17690000,68600,4046990000,222035026,20.63
23/09/2021,-87600,-5119460000,58.2(-1.36 %),0,0,87600,5119460000,222122626,20.6
24/09/2021,-73500,-4273520000,58.7(0.86 %),1800,104890000,75300,4378410000,222196126,20.57
27/09/2021,-122000,-7067830000,58.3(-0.68 %),1800,103970000,123800,7171800000,222318126,20.53
28/09/2021,-95200,-5490910000,58.3(0.00 %),1800,103570000,97000,5594480000,222413326,20.49
29/09/2021,-26000,-1501790000,58.3(0.00 %),500,28900000,26500,1530690000,222439326,20.48
30/09/2021,800,46170000,58.3(0.00 %),1800,103970000,1000,57800000,222438526,20.48
01/10/2021,-49400,-2866450000,58(-0.51 %),283609,15418798700,333009,18285248700,222934431,20.31
04/10/2021,-91900,-5305590000,58(0.00 %),0,0,91900,5305590000,223026331,20.27
05/10/2021,-341700,-19451460000,57.5(-0.86 %),2500,141950000,344200,19593410000,223368031,20.15
06/10/2021,-278800,-15839620000,57.5(0.00 %),4000,224620000,282800,16064240000,223646831,0.0
07/10/2021,-103200,-5922890000,57.6(0.17 %),1600,90880000,104800,6013770000,223750031,0.0
08/10/2021,-53400,-3057390000,57.9(0.52 %),14900,851470000,68300,3908860000,223803431,0.0
11/10/2021,-207000,-10037476800,57.7(-0.35 %),100,5709600,207100,10043186400,224010431,0.0
12/10/2021,-8500,-487870000,58(0.52 %),500,28730000,9000,516600000,224018931,0.0
13/10/2021,-5100,-297180000,58(0.00 %),6800,392990000,11900,690170000,224024031,0.0
14/10/2021,44400,2563910000,58(0.00 %),64400,3723910000,20000,1160000000,223979631,0.0
15/10/2021,-94200,-5442750000,58(0.00 %),30900,1784920000,125100,7227670000,224073831,0.0
18/10/2021,-163900,-9415610000,57.7(-0.52 %),16800,962710000,180700,10378320000,224237731,0.0
19/10/2021,-80100,-4566430000,57.7(0.00 %),0,0,80100,4566430000,224317831,0.0
20/10/2021,-4600,-266800000,58(0.52 %),0,0,4600,266800000,224322431,0.0
21/10/2021,1000,57140000,57.9(-0.17 %),3200,184420000,2200,127280000,224316831,0.0
22/10/2021,-138800,-7967390000,57.5(-0.69 %),2700,154780000,141500,8122170000,224455631,0.0
25/10/2021,-35000,-2003260000,57.5(0.00 %),4000,228800000,39000,2232060000,224490631,0.0
26/10/2021,48600,2789400000,57.6(0.17 %),48600,2789400000,0,0,224442031,0.0
27/10/2021,81600,4715420000,57.8(0.35 %),89000,5142250000,7400,426830000,224360431,0.0
28/10/2021,6800,389340000,57.9(0.17 %),24400,1403100000,17600,1013760000,224353631,19.8
29/10/2021,-159700,-9234210000,57.9(0.00 %),18800,1087270000,178500,10321480000,224513331,19.74
01/11/2021,247500,14490250000,60(3.63 %),902630,52433555000,655130,37943305000,0,0.0
02/11/2021,-381900,-22506440000,59.7(-0.50 %),25200,1486250000,407100,23992690000,224785859,19.65
03/11/2021,464000,28457710000,59.8(0.17 %),700000,42350000000,236000,13892290000,224321859,0.0
04/11/2021,117200,9366312200,59.1(-1.17 %),500000,29659000000,382800,20292687800,224668659,0.0
05/11/2021,0,0,59.7(1.02 %),0,0,0,0,224785859,19.65
08/11/2021,-697900,-40962230000,59.5(-0.34 %),0,0,697900,40962230000,225483759,19.4
09/11/2021,-434800,-25384670000,59.1(-0.67 %),300,17460000,435100,25402130000,225918559,19.24
10/11/2021,639300,38222022800,59(-0.17 %),800100,47644259600,160800,9422236800,225279259,0.0
11/11/2021,-195000,-11389430000,58.7(-0.51 %),13400,783320000,208400,12172750000,226113559,19.17
12/11/2021,92500,5540770000,59(0.51 %),222700,13124890000,130200,7584120000,226021059,0.0
15/11/2021,224900,13548530000,58.8(-0.34 %),425500,25288380000,200600,11739850000,225996159,0.0
16/11/2021,289300,17066440000,58.8(0.00 %),324300,19114440000,35000,2048000000,226106859,0.0
17/11/2021,-77000,-4487730000,58.5(-0.51 %),3400,199240000,80400,4686970000,226483859,19.04
18/11/2021,180000,10636010000,58(-0.85 %),200300,11817410000,20300,1181400000,226303859,0.0
19/11/2021,-334600,-19506210000,59(1.72 %),200500,11829000000,535100,31335210000,226838459,0.0
22/11/2021,-406800,-24424020000,59.6(1.02 %),47900,2867900000,454700,27291920000,227445259,18.69
23/11/2021,-54700,-3220470000,59.9(0.50 %),279100,16725340000,333800,19945810000,227499959,0.0
24/11/2021,21500,1346710000,60(0.17 %),277000,16593650000,255500,15246940000,227678459,0.0
25/11/2021,-491800,-29624980000,61(1.67 %),309700,18594570000,801500,48219550000,228370259,0.0
26/11/2021,-263800,-16747520000,62(1.64 %),334200,20293010000,598000,37040530000,228834059,0.0
29/11/2021,0,0,62(0.00 %),0,0,0,0,228834059,18.2
30/11/2021,357200,21549580000,58.2(3.26 %),361500,21802070000,4300,252490000,228476859,0.0
01/12/2021,26600,1718660000,57.5(-1.20 %),201500,11685100000,174900,9966440000,0,0.0
02/12/2021,-149500,-8459430000,56.9(-1.04 %),300,16950000,149800,8476380000,222912918,20.31
03/12/2021,-54200,-3030390000,56.2(-1.23 %),5100,286600000,59300,3316990000,222967118,0.0
06/12/2021,64800,3722850000,56.3(0.18 %),102000,5813600000,37200,2090750000,222902318,0.0
07/12/2021,-12000,-663410000,56.2(-0.18 %),115800,6486960000,127800,7150370000,223014318,0.0
08/12/2021,-59900,-3333260000,56.5(0.53 %),0,0,59900,3333260000,223174218,0.0
09/12/2021,96900,5475250000,56.6(0.18 %),100900,5700670000,4000,225420000,223077318,0.0
10/12/2021,-84400,-4685800000,55.5(-1.94 %),101400,5727850000,185800,10413650000,223161718,0.0
13/12/2021,63700,9193084000,56(0.90 %),100800,11188000000,37100,1994916000,223198018,0.0
14/12/2021,90300,5050630000,56.1(0.18 %),110600,6189460000,20300,1138830000,223207718,0.0
15/12/2021,-9900,-556390000,56(-0.18 %),300,16710000,10200,573100000,223317618,0.0
16/12/2021,-7300,-406560000,55.9(-0.18 %),0,0,7300,406560000,223324918,0.0
17/12/2021,-197800,-10978480000,55.5(-0.72 %),0,0,197800,10978480000,223522718,0.0
20/12/2021,87900,4927680000,55.5(0.00 %),101900,5705260000,14000,777580000,223434818,0.0
21/12/2021,-1500,-83280000,55.3(-0.36 %),100,5520000,1600,88800000,223536318,0.0
22/12/2021,-23000,-1264570000,55(-0.54 %),1000,54790000,24000,1319360000,223559318,0.0
23/12/2021,600,32880000,54.8(-0.36 %),2000,108800000,1400,75920000,223558718,0.0
24/12/2021,0,0,54.8(0.00 %),0,0,0,0,223559318,0.0
27/12/2021,101900,5603590000,54.6(-0.36 %),101900,5603590000,0,0,77069616,20.75
28/12/2021,1100,59200000,54.5(-0.18 %),1500,81000000,400,21800000,77068516,0.0
29/12/2021,96700,5321460000,54.5(0.00 %),100300,5516150000,3600,194690000,76820216,22.54
30/12/2021,-4500,-241020000,54(-0.92 %),1000,53300000,5500,294320000,76819616,22.54
31/12/2021,3000,160400000,54(0.00 %),3000,160400000,0,0,76820216,22.54
04/01/2022,-77200,-4167600000,54(0.00 %),3700,197990000,80900,4365590000,76822016,22.54
05/01/2022,-17700,-946380000,53.9(-0.19 %),3900,210440000,21600,1156820000,76818142,22.54
06/01/2022,-11000,-586770000,53.7(-0.37 %),0,0,11000,586770000,76899042,22.51
07/01/2022,-4600,-244490000,53.8(0.19 %),1700,90470000,6300,334960000,76918942,22.5
10/01/2022,-10200,0,53.8(0.00 %),5400,0,15600,0,76924616,22.5
11/01/2022,-2300,-123250000,53.5(-0.56 %),0,0,2300,123250000,76930916,22.5
12/01/2022,-10300,-550150000,53.2(-0.56 %),0,0,10300,550150000,76946526,22.49
13/01/2022,-27200,-1441740000,53.2(0.00 %),400,21060000,27600,1462800000,76948426,22.49
14/01/2022,29500,1595590000,53.4(0.38 %),61700,3292820000,32200,1697230000,76897026,22.51
17/01/2022,0,0,53.3(-0.19 %),0,0,0,0,76924664,22.5
18/01/2022,-3400,-178780000,53.1(-0.38 %),200,10580000,3600,189360000,76956664,22.49
19/01/2022,-700,-37030000,52.8(-0.56 %),0,0,700,37030000,76956684,22.49
20/01/2022,-172100,-9307590000,53.7(0.94 %),0,0,172100,9307590000,76960157,22.49
21/01/2022,-72600,-3924350000,54(0.00 %),0,0,72600,3924350000,76960709,22.49
24/01/2022,-4300,-231690000,53.6(-0.74 %),500,26970000,4800,258660000,77132279,22.43
25/01/2022,-1000,-53500000,53.8(0.37 %),0,0,1000,53500000,77204879,22.4
26/01/2022,-700,0,53.8(0.00 %),0,0,700,0,77209679,22.4
27/01/2022,74600,4013400000,54(0.37 %),224600,12113390000,150000,8099990000,76986060,22.48
28/01/2022,30200,1627660000,54(0.00 %),36200,1951660000,6000,324000000,76950560,22.49
07/02/2022,-85600,-4626710000,54.1(0.19 %),31100,1684760000,116700,6311470000,77069460,22.45
08/02/2022,-48700,-2633730000,54(-0.18 %),100,5390000,48800,2639120000,77075360,22.45
09/02/2022,-2900,-159110000,54(0.00 %),61000,3291500000,63900,3450610000,77131060,22.43
10/02/2022,200,10800000,54(0.00 %),9600,518400000,9400,507600000,77170260,22.41
11/02/2022,-44500,-2447720000,55(1.85 %),500,26880000,45000,2474600000,77233660,22.39
14/02/2022,-111800,-6078690000,54.7(-0.55 %),57400,3111680000,169200,9190370000,77185660,22.41
15/02/2022,-71700,-3894460000,54.7(0.00 %),0,0,71700,3894460000,77230649,22.39
16/02/2022,-82300,-4473940000,54.7(0.00 %),2100,113810000,84400,4587750000,77397699,22.33
17/02/2022,2225400,127255150000,54.8(0.18 %),2470400,140587050000,245000,13331900000,75000999,23.19
18/02/2022,-192900,-10467790000,54.7(-0.18 %),7300,398570000,200200,10866360000,75078099,23.16
21/02/2022,-153200,-8312410000,54.7(0.00 %),1800,97500000,155000,8409910000,75321299,23.07
22/02/2022,-203500,-10975370000,54.4(-0.55 %),500,26800000,204000,11002170000,75520999,23.0
23/02/2022,-65500,-3593400000,55(1.10 %),800,43120000,66300,3636520000,75675199,22.95
24/02/2022,2982300,173502230000,54.8(-0.36 %),3120500,180987270000,138200,7485040000,72758699,23.99
25/02/2022,-93600,-5069250000,54.4(-0.73 %),11200,608080000,104800,5677330000,72813799,23.97
28/02/2022,-114300,-6172240000,54(-0.74 %),1800,97160000,116100,6269400000,72950199,23.92
01/03/2022,-18600,-1006450000,54(0.00 %),3400,181560000,22000,1188010000,73051602,23.89
02/03/2022,-43400,-2321670000,53.9(-0.19 %),500,26700000,43900,2348370000,73167202,23.84
03/03/2022,3300,177490000,54(0.19 %),3300,177490000,0,0,73185902,23.84
04/03/2022,-1300,-69740000,54(0.00 %),400,21480000,1700,91220000,73229402,23.82
07/03/2022,-22900,-1227760000,53.8(-0.37 %),200,10720000,23100,1238480000,73230202,23.82
08/03/2022,2400,128310000,53.8(0.00 %),2800,149700000,400,21390000,73229102,23.82
09/03/2022,-101700,-5408180000,55(2.23 %),1000,53500000,102700,5461680000,73251202,23.81
10/03/2022,-327200,-17775450000,54.5(-0.91 %),500,27060000,327700,17802510000,73252102,23.81
11/03/2022,-60600,-3287480000,54.4(-0.18 %),100,5390000,60700,3292870000,73354702,23.78
14/03/2022,-59100,-3194370000,54.4(0.00 %),0,0,59100,3194370000,73682447,23.66
15/03/2022,-31800,-1710390000,54.3(-0.18 %),0,0,31800,1710390000,73743147,23.64
16/03/2022,-33700,-1825330000,54.2(-0.18 %),0,0,33700,1825330000,73802247,23.62
17/03/2022,0,0,54(-0.37 %),0,0,0,0,73834047,23.61
18/03/2022,-672700,-35356300000,52.5(-2.78 %),44100,2315360000,716800,37671660000,73823647,23.61
21/03/2022,-49400,-2674040000,54.5(3.81 %),90700,4899000000,140100,7573040000,73732969,23.64
22/03/2022,-75800,-4097570000,54.2(-0.55 %),15200,822760000,91000,4920330000,74434569,23.39
23/03/2022,-200,-9620000,53.9(-0.55 %),2800,151080000,3000,160700000,74571889,23.34
24/03/2022,-5100,-272120000,54(0.19 %),200,10680000,5300,282800000,74662689,23.31
25/03/2022,-3100,-166230000,53.9(-0.19 %),600,32180000,3700,198410000,74665089,23.31
28/03/2022,-4500,-240890000,53.7(-0.37 %),0,0,4500,240890000,74670389,23.31
29/03/2022,87300,4681850000,53.8(0.19 %),87300,4681850000,0,0,74586789,23.34
30/03/2022,19900,1063000000,53.7(-0.19 %),22400,1196780000,2500,133780000,74568889,23.34
31/03/2022,700,37390000,53.8(0.19 %),700,37390000,0,0,74568189,23.34
01/04/2022,26100,1397700000,53.8(0.00 %),30700,1643890000,4600,246190000,74539989,23.35
04/04/2022,30800,1614820000,54.4(1.12 %),170800,9182590000,140000,7567770000,74369189,23.42
05/04/2022,-113000,-6108730000,54.2(-0.37 %),47000,2538000000,160000,8646730000,74326789,23.43
06/04/2022,-4000,-215640000,54.1(-0.18 %),1000,53600000,5000,269240000,74465789,23.38
07/04/2022,-70700,-3779640000,53.9(-0.37 %),0,0,70700,3779640000,74536489,0.0
08/04/2022,-55900,-2987860000,53.5(-0.74 %),3200,171090000,59100,3158950000,74627571,23.32
12/04/2022,-93300,-4940860000,53.5(0.00 %),200,10580000,93500,4951440000,74720871,0.0
13/04/2022,-261400,-13754060000,53(-0.93 %),1100,57810000,262500,13811870000,74698071,23.3
14/04/2022,-47200,-2491080000,52.9(-0.19 %),0,0,47200,2491080000,74849571,23.24
15/04/2022,-21100,-1124030000,53.5(1.13 %),1000,52900000,22100,1176930000,75111071,23.15
18/04/2022,-14600,-781500000,53(0.19 %),2600,137500000,17200,919000000,75155671,23.13
19/04/2022,-45700,-2387370000,52.5(0.19 %),2200,115060000,47900,2502430000,75175571,23.13
20/04/2022,-2200,-114390000,52.5(0.00 %),600,31060000,2800,145450000,74872871,0.0
21/04/2022,-17300,-895710000,52(-0.95 %),900,46800000,18200,942510000,75240171,23.1
22/04/2022,-27300,-1413360000,51.9(-0.19 %),1800,93600000,29100,1506960000,75242171,23.1
25/04/2022,-24300,-1253920000,51.3(-1.16 %),2000,102040000,26300,1355960000,75258371,23.1
26/04/2022,-50500,-2531515000,51.5(0.39 %),1700,85280000,52200,2616795000,75285771,23.09
27/04/2022,-6000,-307890000,52(0.97 %),2500,126970000,8500,434860000,75309571,23.08
28/04/2022,-4200,-215510000,52(0.00 %),3500,181540000,7700,397050000,75358271,23.06
29/04/2022,-1800,-93270000,51.9(-0.19 %),200,10340000,2000,103610000,75366571,23.06
04/05/2022,-3400,-174760000,51.9(0.00 %),0,0,3400,174760000,75374271,23.06
05/05/2022,-24200,-1243860000,51.6(-0.58 %),0,0,24200,1243860000,75398471,0.0
06/05/2022,-19300,-990090000,51.3(-0.58 %),2000,102600000,21300,1092690000,75377671,23.05
09/05/2022,-10000,-507000000,50.7(-1.17 %),0,0,10000,507000000,75401871,23.05
10/05/2022,-8200,-410000000,50(-1.38 %),1800,90000000,10000,500000000,75421371,23.04
11/05/2022,-10500,-528970000,51(2.00 %),2000,100300000,12500,629270000,75431871,0.0
12/05/2022,-26100,-1321240000,50.8(-0.39 %),500,25100000,26600,1346340000,75457971,0.0
13/05/2022,-4000,-200450000,50(-1.57 %),0,0,4000,200450000,75116371,23.15
16/05/2022,-9400,-468120000,49.8(-0.40 %),1000,49800000,10400,517920000,75141971,23.14
17/05/2022,1000,50100000,50.1(0.60 %),1000,50100000,0,0,75145971,23.14
18/05/2022,5000,251000000,50.2(0.20 %),7000,351400000,2000,100400000,75149420,23.14
19/05/2022,1000,50000000,50(-0.40 %),1000,50000000,0,0,75148420,23.14
20/05/2022,0,50000000,50(0.00 %),0,50000000,0,0,75150420,23.14
23/05/2022,86600,4355980000,50.3(0.60 %),93800,4718140000,7200,362160000,75057620,23.17
24/05/2022,54900,2920680000,53.2(5.77 %),218900,11645480000,164000,8724800000,74838720,23.25
25/05/2022,45400,2478840000,54.6(2.63 %),962000,52525200000,916600,50046360000,73883920,23.59
26/05/2022,-97400,-5318040000,54.6(0.00 %),2300,125580000,99700,5443620000,74045620,23.53
27/05/2022,-120800,-6595680000,54.6(0.00 %),480200,26218920000,601000,32814600000,74482022,23.37
30/05/2022,90600,5291040000,58.4(6.96 %),244100,14255440000,153500,8964400000,74337622,23.43
31/05/2022,-60800,-3793920000,62.4(6.85 %),48900,3051360000,109700,6845280000,74889722,23.23
01/06/2022,228500,14326950000,62.7(0.48 %),369100,23142570000,140600,8815620000,74674122,23.31
02/06/2022,-112700,-7043750000,62.5(-0.32 %),42200,2637500000,154900,9681250000,74741622,23.28
03/06/2022,64500,4095750000,63.5(1.60 %),66800,4241800000,2300,146050000,74815429,23.26
06/06/2022,8200,518380000,63.5(0.00 %),22200,1418780000,14000,900400000,74948129,23.21
07/06/2022,-5500,-349250000,63.5(0.00 %),4700,298450000,10200,647700000,74945729,23.21
08/06/2022,25700,1670500000,65(2.36 %),37100,2411500000,11400,741000000,74922629,23.22
09/06/2022,19700,1288380000,65.4(0.62 %),38700,2530980000,19000,1242600000,74894129,23.23
10/06/2022,-236600,-15142400000,64(-2.14 %),0,0,236600,15142400000,74905529,23.22
13/06/2022,-428100,-26199720000,61.2(-4.38 %),7300,446760000,435400,26646480000,74917289,23.22
14/06/2022,-35200,-2200000000,62.5(2.12 %),28000,1750000000,63200,3950000000,75125889,23.14
15/06/2022,-40700,-2543750000,62.5(0.00 %),3600,225000000,44300,2768750000,75557659,22.99
16/06/2022,-1300,-82550000,63.5(1.60 %),100,6350000,1400,88900000,75620759,22.97
17/06/2022,-154800,-9752400000,63(-0.79 %),11000,693000000,165800,10445400000,75654059,22.96
20/06/2022,17000,1075390000,62.9(-0.16 %),20800,1314680000,3800,239290000,75634659,22.96
21/06/2022,-408100,-25057340000,61.4(-2.38 %),30900,1897260000,439000,26954600000,75769559,22.91
22/06/2022,-9900,-611820000,61.8(0.65 %),10400,642720000,20300,1254540000,75763844,22.92
23/06/2022,3800,234840000,61.8(0.00 %),11300,698340000,7500,463500000,76191544,22.76
24/06/2022,3700,228290000,61.7(-0.16 %),5300,327010000,1600,98720000,76206544,22.76
27/06/2022,31500,1962050000,63.7(3.24 %),32100,2000270000,600,38220000,76181944,22.77
28/06/2022,38100,2476500000,65(2.04 %),38100,2476500000,0,0,76145444,22.78
29/06/2022,1600,122330000,66(1.54 %),28600,1920610000,27000,1798280000,76117444,22.79
30/06/2022,-187100,-12142790000,64.9(-1.67 %),12100,785290000,199200,12928080000,76105344,22.79
01/07/2022,4800,311520000,64.9(0.00 %),14400,934560000,9600,623040000,76117944,22.79
04/07/2022,-133600,-8436160000,63.7(-1.85 %),1000,63800000,134600,8499960000,76164244,0.0
05/07/2022,-187800,-11549700000,61.5(-3.45 %),0,0,187800,11549700000,76326744,22.72
06/07/2022,-232300,-13589550000,58.5(-4.88 %),2100,122850000,234400,13712400000,76459244,22.67
07/07/2022,-241300,-14212570000,58.9(0.68 %),61900,3645910000,303200,17858480000,76585144,22.62
08/07/2022,325500,-1123080000,58.9(0.00 %),338000,0,12500,1123080000,76259644,0.0
11/07/2022,-19100,-1123080000,58.8(-0.17 %),0,0,19100,1123080000,77122944,22.43
12/07/2022,-192500,-11299750000,58.7(-0.17 %),10000,587000000,202500,11886750000,77258644,22.38
13/07/2022,-7000,-412300000,58.9(0.34 %),5800,341620000,12800,753920000,77271944,22.38
14/07/2022,21700,1332380000,61.4(4.24 %),21700,1332380000,0,0,77452744,22.31
15/07/2022,-16700,-1027050000,61.5(0.16 %),16000,984000000,32700,2011050000,77449544,22.31
18/07/2022,-250200,-15337260000,61.3(-0.33 %),0,0,250200,15337260000,77449636,22.31
19/07/2022,-31700,-1943210000,61.3(0.00 %),0,0,31700,1943210000,77482336,22.3
20/07/2022,-9300,-571020000,61.4(0.16 %),1700,104380000,11000,675400000,77730836,22.21
21/07/2022,103100,6392200000,62(0.98 %),108900,6751800000,5800,359600000,77654636,22.24
22/07/2022,3800,7569180000,64.2(3.55 %),11300,7582020000,7500,12840000,77547591,22.28
25/07/2022,8200,529720000,64.6(0.62 %),15700,1014220000,7500,484500000,77538691,22.28
26/07/2022,-3000,-194100000,64.7(0.15 %),0,0,3000,194100000,77538891,22.28
27/07/2022,9558400,625119360000,65.4(1.08 %),9558400,625119360000,0,0,67987991,25.7
28/07/2022,5351600,369260400000,69(5.50 %),5355000,369495000000,3400,234600000,62635991,27.61
29/07/2022,93400,6584700000,70.5(2.17 %),95800,6753900000,2400,169200000,62540191,27.64
01/08/2022,-67900,-4753000000,70(-0.71 %),41200,2884000000,109100,7637000000,62502391,27.66
02/08/2022,-201500,-13903500000,69(-1.43 %),49900,3443100000,251400,17346600000,62454891,27.67
03/08/2022,-6700,-462300000,69(0.00 %),34400,2373600000,41100,2835900000,62529591,27.65
04/08/2022,-110100,-7541850000,68.5(-0.72 %),21700,1486450000,131800,9028300000,62759291,27.57
05/08/2022,109500,7500750000,68.5(0.00 %),243800,16700300000,134300,9199550000,62556591,27.64
08/08/2022,-28700,-1965950000,68.5(0.00 %),21900,1500150000,50600,3466100000,62666491,27.6
09/08/2022,-98200,-6726700000,68.5(0.00 %),13500,924750000,111700,7651450000,62787291,27.56
10/08/2022,-6800,-465800000,68.5(0.00 %),0,0,6800,465800000,62837894,27.54
11/08/2022,-66000,-4501200000,68.2(-0.44 %),4300,293260000,70300,4794460000,62945294,27.5
12/08/2022,-47800,-3250400000,68(-0.29 %),17500,1190000000,65300,4440400000,62934594,27.5
15/08/2022,-230200,-15653600000,68(0.00 %),6600,448800000,236800,16102400000,62998294,27.48
16/08/2022,-41300,-2829050000,68.5(0.74 %),17400,1191900000,58700,4020950000,63046194,27.46
17/08/2022,-231900,-15792390000,68.1(-0.58 %),7100,483510000,239000,16275900000,63275894,27.38
18/08/2022,-34000,-2312000000,68(-0.15 %),200,13600000,34200,2325600000,63334394,27.36
19/08/2022,-36100,-2436750000,67.5(0.15 %),0,0,36100,2436750000,63573394,27.27
22/08/2022,-44100,-2954700000,67(-0.74 %),0,0,44100,2954700000,63607594,27.26
23/08/2022,-70500,-4723500000,67(0.00 %),5800,388600000,76300,5112100000,63637894,27.25
24/08/2022,-30400,-2036800000,67(0.00 %),0,0,30400,2036800000,63681994,27.24
25/08/2022,-74000,-4958000000,67(0.00 %),5000,335000000,79000,5293000000,63753294,27.21
26/08/2022,4700,314430000,66.9(-0.15 %),5000,334500000,300,20070000,63778694,27.2
29/08/2022,17100,1140570000,66.7(-0.30 %),18100,1207270000,1000,66700000,63850402,27.18
30/08/2022,-6200,-413540000,66.7(0.00 %),200,13340000,6400,426880000,63850502,27.18
31/08/2022,-4500,-301500000,67(0.45 %),10000,670000000,14500,971500000,63841502,27.18
05/09/2022,-29200,-1956400000,67(0.00 %),1800,120600000,31000,2077000000,63846102,27.18
06/09/2022,51800,3470600000,67(0.00 %),70000,4690000000,18200,1219400000,63790602,27.2
07/09/2022,-9800,-656600000,67(0.00 %),200,13400000,10000,670000000,63821402,27.19
08/09/2022,700,46900000,67(0.00 %),700,46900000,0,0,63838902,27.18
09/09/2022,-27900,-1869300000,67(0.00 %),0,0,27900,1869300000,63849402,27.18
12/09/2022,-18757,-1869300000,66.9(-0.15 %),2400,0,21157,1869300000,63847002,27.18
13/09/2022,-82658,-720971200,66.6(-0.45 %),0,0,82658,720971200,63874902,27.17
14/09/2022,-162944,-720971200,66(-0.90 %),0,0,162944,720971200,63896059,27.16
15/09/2022,-80100,-10754304000,65.4(-0.91 %),0,0,80100,10754304000,0,27.13
16/09/2022,-432962,-28099233800,64.9(-0.76 %),3200,207680000,436162,28306913800,64138461,27.07
19/09/2022,-31898,-2057421000,64.5(-0.62 %),2600,167700000,34498,2225121000,64170359,29.43
20/09/2022,-6142,-399230000,65(0.78 %),600,39000000,6742,438230000,64651523,26.89
21/09/2022,-156120,-10038516000,64.3(-1.08 %),0,0,156120,10038516000,64686021,26.88
22/09/2022,-135100,-8605870000,63.7(-0.93 %),0,0,135100,8605870000,64692763,26.87
23/09/2022,-65029,-4148850200,63.8(0.16 %),0,0,65029,4148850200,64848883,26.82
26/09/2022,-15300,-971550000,63.5(-0.47 %),200,12700000,15500,984250000,64983783,26.77
27/09/2022,-23100,-1466850000,63.5(0.00 %),0,0,23100,1466850000,65049312,26.75
28/09/2022,-38900,-2458480000,63.2(-0.47 %),0,0,38900,2458480000,65064812,26.74
29/09/2022,-38400,-2415360000,62.9(-0.47 %),1500,94350000,39900,2509710000,65086412,26.73
30/09/2022,-4000,-250000000,62.5(-0.64 %),10800,675000000,14800,925000000,65114512,26.72
03/10/2022,4000,249200000,62.3(-0.32 %),8100,504630000,4100,255430000,65146312,26.71
04/10/2022,-5250,-327075000,62.3(0.00 %),300,18690000,5550,345765000,65160812,26.71
05/10/2022,-59700,-3880500000,65(4.33 %),300,19500000,60000,3900000000,65164612,26.71
06/10/2022,-40600,-2610580000,64.3(-1.08 %),1100,70730000,41700,2681310000,65169062,26.7
07/10/2022,5900,376420000,63.8(-0.78 %),13000,829400000,7100,452980000,65216662,26.69
10/10/2022,-129406,-8152578000,63(-1.25 %),700,44100000,130106,8196678000,65259662,26.67
11/10/2022,114269,7141812500,62.5(-0.79 %),143900,8993750000,29631,1851937500,65122862,26.72
12/10/2022,-135020,-8303730000,61.5(-1.60 %),700,43050000,135720,8346780000,65252268,26.67
13/10/2022,-41700,-2577060000,61.8(0.49 %),10400,642720000,52100,3219780000,65271499,26.67
14/10/2022,-109100,-6884210000,63.1(2.10 %),600,37860000,109700,6922070000,65406619,26.62
17/10/2022,-29600,-1835200000,62(-1.74 %),0,0,29600,1835200000,65458719,26.6
18/10/2022,-184000,-11371200000,61.8(-0.32 %),13000,803400000,197000,12174600000,65555419,26.57
19/10/2022,-10000,-615210000,61.5(-0.49 %),700,43330000,10700,658540000,65565419,28.89
20/10/2022,-4500,-277010000,61.5(0.00 %),600,36780000,5100,313790000,65590319,28.88
21/10/2022,-1900,-116580000,61.9(0.65 %),0,0,1900,116580000,65784119,28.8
24/10/2022,-102200,-6205840000,61.7(-0.32 %),2100,125940000,104300,6331780000,65895119,28.76
25/10/2022,-3100,-192300000,62(0.49 %),200,12300000,3300,204600000,65898219,28.76
26/10/2022,0,0,62.4(0.65 %),0,0,0,0,65799020,28.8
27/10/2022,-211000,-12830030000,61.6(-1.28 %),300,18300000,211300,12848330000,65908520,26.44
28/10/2022,-64116,-3955957200,61.7(0.16 %),9100,561470000,73216,4517427200,65899420,26.44
31/10/2022,-11117,-683695500,61.5(-0.32 %),3600,221400000,14717,905095500,66107120,26.37
01/11/2022,-11700,-719550000,61.5(0.00 %),0,0,11700,719550000,66184836,26.34
02/11/2022,-22900,-1408350000,61.5(0.00 %),13700,842550000,36600,2250900000,66185853,26.34
03/11/2022,-163900,-10161800000,62(0.81 %),800,49600000,164700,10211400000,66196753,26.34
04/11/2022,-68699,-4245598200,61.8(-0.32 %),0,0,68699,4245598200,66233353,26.32
07/11/2022,-37600,-2312400000,61.5(-0.49 %),1000,61500000,38600,2373900000,66397053,26.26
08/11/2022,-97500,-5947500000,61(-0.81 %),100,6100000,97600,5953600000,66465652,26.24
09/11/2022,-294255,-18243810000,62(1.64 %),31700,1965400000,325955,20209210000,66472552,26.24
10/11/2022,-235000,-14100000000,60(-3.23 %),0,0,235000,14100000000,66570152,26.2
11/11/2022,-80,-4904000,61.3(2.17 %),20,1226000,100,6130000,66896087,26.09
14/11/2022,-118500,-7121850000,60.1(-1.96 %),100,6010000,118600,7127860000,67130987,26.0
15/11/2022,-72695,-4368969500,60.1(0.00 %),22705,1364570500,95400,5733540000,67108382,26.01
16/11/2022,-257400,-15521220000,60.3(0.33 %),33800,2038140000,291200,17559360000,67193182,25.98
17/11/2022,-147415,-8771192500,59.5(-1.33 %),45207,2689816500,192622,11461009000,67243375,25.96
18/11/2022,-260800,-15308960000,58.7(-1.34 %),5300,311110000,266100,15620070000,67529275,25.86
21/11/2022,-117500,-6932500000,59(0.51 %),17500,1032500000,135000,7965000000,67704397,25.8
22/11/2022,4000,244000000,61(3.39 %),5000,305000000,1000,61000000,67965497,25.7
23/11/2022,-1435,-87965500,61.3(0.49 %),7000,429100000,8435,517065500,68093497,25.66
24/11/2022,-500,-30600000,61.2(-0.16 %),0,0,500,30600000,68094497,25.66
25/11/2022,-100,-6150000,61.5(0.49 %),0,0,100,6150000,68102932,25.66
28/11/2022,-71506,-4397619000,61.5(0.00 %),35600,2189400000,107106,6587019000,68174438,27.87
29/11/2022,25300,1555950000,61.5(0.00 %),91200,5608800000,65900,4052850000,68149138,27.88
30/11/2022,32194,1979931000,61.5(0.00 %),50600,3111900000,18406,1131969000,68116944,27.9
01/12/2022,-41536,-2554464000,61.5(0.00 %),42100,2589150000,83636,5143614000,67991138,0.0
02/12/2022,56200,3456300000,61.5(0.00 %),82500,5073750000,26300,1617450000,67934938,27.97
05/12/2022,-30514,-1879662400,61.6(0.16 %),27200,1675520000,57714,3555182400,67965452,27.95
06/12/2022,-42899,-2638288500,61.5(-0.16 %),18101,1113211500,61000,3751500000,68008351,27.94
07/12/2022,134100,8247150000,61.5(0.00 %),151800,9335700000,17700,1088550000,67874251,0.0
08/12/2022,-7000,-431900000,61.7(0.33 %),107200,6614240000,114200,7046140000,67917293,25.72
09/12/2022,17000,1045500000,61.5(-0.32 %),20200,1242300000,3200,196800000,67914793,25.72
12/12/2022,-99748,-6234250000,62.5(1.63 %),76852,4803250000,176600,11037500000,67963999,27.95
13/12/2022,-28800,-1791360000,62.2(-0.48 %),148200,9218040000,177000,11009400000,67992799,27.94
14/12/2022,-97248,-5980752000,61.5(-1.13 %),10900,670350000,108148,6651102000,68090047,27.91
15/12/2022,26899,1654288500,61.5(0.00 %),35500,2183250000,8601,528961500,68063148,0.0
16/12/2022,118993,7377566000,62(0.81 %),382700,23727400000,263707,16349834000,67944155,0.0
19/12/2022,-16052,-992013600,61.8(-0.32 %),0,0,16052,992013600,67960207,27.96
20/12/2022,29800,1847600000,62(0.32 %),37200,2306400000,7400,458800000,67930407,27.97
21/12/2022,24800,1537600000,62(0.00 %),25900,1605800000,1100,68200000,67905607,27.98
22/12/2022,-31200,-1943760000,62.3(0.48 %),31600,1968680000,62800,3912440000,67936807,27.97
23/12/2022,43604,2725250000,62.5(0.32 %),43700,2731250000,96,6000000,67893203,27.98
26/12/2022,-300,-18690000,62.3(-0.32 %),0,0,300,18690000,67893503,27.98
27/12/2022,31800,1987500000,62.5(0.32 %),32900,2056250000,1100,68750000,67861703,27.99
28/12/2022,57900,3763500000,65(4.00 %),57900,3763500000,0,0,67803803,0.0
29/12/2022,-27900,-1813500000,65(0.00 %),36700,2385500000,64600,4199000000,67935045,25.72
30/12/2022,3600,234000000,65(0.00 %),51600,3354000000,48000,3120000000,67883445,25.73
03/01/2023,-7700,-500500000,65(0.00 %),55400,3601000000,63100,4101500000,67828045,0.0
04/01/2023,-13905,-903825000,65(0.00 %),15000,975000000,28905,1878825000,67925645,25.72
05/01/2023,13700,883650000,64.5(-0.77 %),45900,2960550000,32200,2076900000,67942845,25.71
06/01/2023,-8000,-516000000,64.5(0.00 %),17900,1154550000,25900,1670550000,67953850,25.71
09/01/2023,-14300,-915200000,64(-0.78 %),17100,1094400000,31400,2009600000,67968950,25.7
10/01/2023,-272003,-16864186000,62(-3.12 %),39000,2418000000,311003,19282186000,67955850,25.71
11/01/2023,-139900,-8673800000,62(0.00 %),33400,2070800000,173300,10744600000,67953850,25.71
12/01/2023,-58500,-3627000000,62(0.00 %),21700,1345400000,80200,4972400000,68243153,25.6
13/01/2023,-6000,-372000000,62(0.00 %),16200,1004400000,22200,1376400000,68400253,25.55
16/01/2023,-165100,-10071100000,61(-1.61 %),0,0,165100,10071100000,68480453,25.52
17/01/2023,-79890,-4945191000,61.9(1.48 %),32200,1993180000,112090,6938371000,68470453,25.52
18/01/2023,-18700,-1161270000,62.1(0.32 %),73500,4564350000,92200,5725620000,68562053,25.49
19/01/2023,-17300,-1086440000,62.8(1.13 %),72300,4540440000,89600,5626880000,68601843,25.48
27/01/2023,-222400,-13900000000,62.5(-0.48 %),73800,4612500000,296200,18512500000,68671743,25.45
30/01/2023,-390700,-24223400000,62(-0.80 %),9400,582800000,400100,24806200000,68751943,25.42
31/01/2023,-184800,-11420640000,61.8(-0.32 %),23100,1427580000,207900,12848220000,68997643,25.34
01/02/2023,-141500,-8673950000,61.3(-0.81 %),58000,3555400000,199500,12229350000,69339743,25.21
02/02/2023,-103700,-6232370000,60.1(-1.96 %),59000,3545900000,162700,9778270000,69465543,25.17
03/02/2023,-187989,-11241742200,59.8(-0.50 %),23711,1417917800,211700,12659660000,69641332,25.11
06/02/2023,-22788,-1367280000,60(0.33 %),26412,1584720000,49200,2952000000,69804020,25.05
07/02/2023,-156797,-9345101200,59.6(-0.67 %),12800,762880000,169597,10107981200,70002920,24.98
08/02/2023,-142110,-8469756000,59.6(0.00 %),10610,632356000,152720,9102112000,70015110,24.97
09/02/2023,-219100,-12883080000,58.8(-1.34 %),1500,88200000,220600,12971280000,70183207,24.91
10/02/2023,-5400,-333720000,61.8(5.10 %),2700,166860000,8100,500580000,70333227,24.86
13/02/2023,-160300,-9874480000,61.6(-0.32 %),200,12320000,160500,9886800000,70553627,24.78
14/02/2023,-209100,-12755100000,61(-0.97 %),16900,1030900000,226000,13786000000,70544827,24.78
15/02/2023,-206800,-12428680000,60.1(-1.48 %),500,30050000,207300,12458730000,70706827,24.72
16/02/2023,-215900,-12910820000,59.8(-0.50 %),2110,126178000,218010,13036998000,70930717,24.64
17/02/2023,-262100,-15411480000,58.8(-1.67 %),32400,1905120000,294500,17316600000,71105617,24.58
20/02/2023,-283912,-16694025600,58.8(0.00 %),1400,82320000,285312,16776345600,71322227,24.5
21/02/2023,-301400,-17541480000,58.2(-1.02 %),35600,2071920000,337000,19613400000,71581127,24.41
22/02/2023,-284895,-16381462500,57.5(-1.20 %),20505,1179037500,305400,17560500000,71845934,24.32
23/02/2023,-146966,-8362365400,56.9(-1.04 %),534,30384600,147500,8392750000,72182400,24.2
24/02/2023,-119590,-6673122000,55.8(-1.93 %),22810,1272798000,142400,7945920000,72301990,0.0
27/02/2023,-160390,-8821450000,55(-1.43 %),610,33550000,161000,8855000000,72634180,24.04
28/02/2023,-258700,-14331980000,55.4(0.73 %),30100,1667540000,288800,15999520000,72754280,23.99
01/03/2023,-244500,-13692000000,56(1.08 %),35100,1965600000,279600,15657600000,72913280,23.94
02/03/2023,-294000,-16434600000,55.9(-0.18 %),300,16770000,294300,16451370000,73171680,23.84
03/03/2023,-256478,-14183233400,55.3(-1.07 %),3600,199080000,260078,14382313400,73414580,23.76
06/03/2023,-209100,-11500500000,55(-0.54 %),0,0,209100,11500500000,73708880,23.65
07/03/2023,-213100,-11656570000,54.7(-0.55 %),9000,492300000,222100,12148870000,73959958,23.56
08/03/2023,-216500,-11712650000,54.1(-1.10 %),3600,194760000,220100,11907410000,74165458,23.49
09/03/2023,-140000,-7546000000,53.9(-0.37 %),0,0,140000,7546000000,74387558,23.41
10/03/2023,-136973,-7382844700,53.9(0.00 %),3036,163640400,140009,7546485100,74604622,23.33
13/03/2023,441664,24247353600,54.9(1.86 %),821664,45109353600,380000,20862000000,74162958,0.0
14/03/2023,342031,19119532900,55.9(1.82 %),853464,47708637600,511433,28589104700,73209503,23.83
15/03/2023,-177300,-9946530000,56.1(0.36 %),5800,325380000,183100,10271910000,73583703,23.7
16/03/2023,-209900,-11607470000,55.3(-1.43 %),100,5530000,210000,11613000000,74095036,23.51
17/03/2023,-59000,-3121100000,52.9(-4.34 %),1300000,68770000000,1359000,71891100000,72978136,23.91
20/03/2023,-65200,-3514280000,53.9(1.89 %),815500,43955450000,880700,47469730000,72751636,23.99
21/03/2023,18700,-6673122000,54.9(1.86 %),581900,1272798000,563200,7945920000,73528736,23.72
22/03/2023,200500,11127410000,55.7(1.46 %),2872800,157675740000,2672300,146548330000,73328236,0.0
23/03/2023,465400,26579850000,58.9(5.75 %),514600,29379210000,49200,2799360000,72862836,0.0
24/03/2023,32500,1923480000,59.4(0.85 %),37000,2188340000,4500,264860000,72830336,0.0
27/03/2023,60900,3647910000,59.9(0.84 %),74300,4450570000,13400,802660000,72769436,0.0
28/03/2023,154790,9380274000,60.6(1.17 %),155300,9411180000,510,30906000,72614646,26.15
29/03/2023,58100,3538290000,60.9(0.50 %),58100,3538290000,0,0,73621023,23.68
30/03/2023,21497,1309167300,60.9(0.00 %),42600,2594340000,21103,1285172700,73578933,23.7
31/03/2023,22400,1364160000,60.9(0.00 %),29300,1784370000,6900,420210000,73549633,23.71
03/04/2023,15100,919590000,60.9(0.00 %),29100,1772190000,14000,852600000,73541636,23.71
04/04/2023,27473,1673105700,60.9(0.00 %),49650,3023685000,22177,1350579300,73498886,23.73
05/04/2023,-314180,-18976472000,60.4(-0.82 %),9620,581048000,323800,19557520000,73503266,23.72
06/04/2023,-8623,-521691500,60.5(0.17 %),10000,605000000,18623,1126691500,73515443,23.72
07/04/2023,-16921,-1025412600,60.6(0.17 %),500,30300000,17421,1055712600,73838743,23.6
10/04/2023,-300,-18360000,61.2(0.99 %),800,48960000,1100,67320000,73856566,23.6
11/04/2023,-10903,-668353900,61.3(0.16 %),7400,453620000,18303,1121973900,73866587,23.59
12/04/2023,-21158,-1296985400,61.3(0.00 %),1900,116470000,23058,1413455400,73865887,23.59
13/04/2023,3400,209100000,61.5(0.33 %),5100,313650000,1700,104550000,73879090,23.59
14/04/2023,47000,2914000000,62(0.81 %),49300,3056600000,2300,142600000,73852848,23.6
17/04/2023,-647,-40178700,62.1(0.16 %),200,12420000,847,52598700,73854345,23.6
18/04/2023,-17963,-1115502300,62.1(0.00 %),6200,385020000,24163,1500522300,73850445,23.6
19/04/2023,-8893,-552255300,62.1(0.00 %),8500,527850000,17393,1080105300,73842792,23.6
20/04/2023,-9700,-612440000,62.5(0.64 %),100,6230000,9800,618670000,73852492,25.67
21/04/2023,-59946,-3776598000,63(0.80 %),0,0,59946,3776598000,73884248,23.59
24/04/2023,-40837,-2572731000,63(0.00 %),0,0,40837,2572731000,73894048,23.58
25/04/2023,-21826,-1375038000,63(0.00 %),9700,611100000,31526,1986138000,73944294,23.57
26/04/2023,-14100,-895350000,63.5(0.79 %),47300,3003550000,61400,3898900000,73937831,23.57
27/04/2023,-50000,-3164430000,63.5(0.00 %),2200,139100000,52200,3303530000,73987831,25.61
28/04/2023,14100,896060000,63.9(0.63 %),30000,1912070000,15900,1016010000,73973731,25.62
04/05/2023,-52200,-3311580000,64.3(0.63 %),10400,660660000,62600,3972240000,73998557,25.61
05/05/2023,-19800,-1271940000,64.5(0.31 %),1400,89180000,21200,1361120000,74054917,23.53
08/05/2023,5500,362060000,64.8(0.47 %),14500,939450000,9000,577390000,74103043,23.51
09/05/2023,-36900,-2373550000,64.8(0.00 %),0,0,36900,2373550000,74124269,23.5
10/05/2023,-10700,-688490000,64.6(-0.31 %),0,0,10700,688490000,74134969,25.56
11/05/2023,-12700,-818220000,64.8(0.31 %),1000,64300000,13700,882520000,74169288,23.49
12/05/2023,-12200,-786950000,64.7(-0.15 %),500,32300000,12700,819250000,74179488,23.48
15/05/2023,-700,-45400000,64.9(0.31 %),0,0,700,45400000,74180188,25.54
16/05/2023,-45600,-2943900000,64.9(0.00 %),300,19380000,45900,2963280000,74225788,25.52
17/05/2023,-22200,-1432060000,64.8(-0.15 %),0,0,22200,1432060000,74247988,25.51
18/05/2023,-11300,-731550000,64.8(0.00 %),0,0,11300,731550000,74259288,25.51
19/05/2023,-25700,-1658100000,64.7(-0.15 %),0,0,25700,1658100000,74284988,25.5
22/05/2023,-43900,-2810910000,64.5(-0.31 %),0,0,43900,2810910000,74328888,25.48
23/05/2023,-57100,-3638430000,64.4(-0.16 %),0,0,57100,3638430000,74385988,25.46
24/05/2023,-38400,-2450090000,64.2(-0.31 %),0,0,38400,2450090000,74424388,25.44
25/05/2023,-17000,-1084160000,64.1(-0.16 %),0,0,17000,1084160000,74441388,25.44
26/05/2023,-34300,-2177670000,64.1(0.00 %),1000,63400000,35300,2241070000,74475688,25.42
29/05/2023,-3400,-216360000,64(-0.16 %),200,12780000,3600,229140000,74479088,25.42
30/05/2023,-46500,-2951770000,63.9(-0.16 %),800,51030000,47300,3002800000,74525588,25.4
31/05/2023,-2300,-146880000,64(0.16 %),0,0,2300,146880000,74527888,25.4
01/06/2023,-17400,-1111770000,64(0.00 %),4900,311130000,22300,1422900000,74505393,25.41
02/06/2023,-13200,-839770000,64.1(0.16 %),1500,95350000,14700,935120000,74518593,25.41
05/06/2023,22600,1452140000,64.5(0.62 %),28900,1855100000,6300,402960000,74495993,25.42
06/06/2023,10600,679830000,64.8(0.47 %),15400,991010000,4800,311180000,74485393,25.42
07/06/2023,-8300,-535430000,64.8(0.00 %),2100,135180000,10400,670610000,74493693,25.42
08/06/2023,13600,878050000,64.8(0.00 %),29500,1906260000,15900,1028210000,74480093,25.42
09/06/2023,36000,2326360000,64.8(0.00 %),39600,2559070000,3600,232710000,74444093,25.44
12/06/2023,8000,514910000,64.9(0.15 %),20000,1289910000,12000,775000000,74436093,25.44
13/06/2023,18100,1169210000,64.9(0.00 %),18400,1188680000,300,19470000,74417993,25.45
14/06/2023,-20400,-1314320000,64.7(-0.31 %),9700,625310000,30100,1939630000,74438393,25.44
15/06/2023,-25200,-1616080000,64.6(-0.15 %),6200,396880000,31400,2012960000,74463593,25.43
16/06/2023,-62300,-4021450000,64.5(-0.15 %),6500,416150000,68800,4437600000,74493152,23.37
19/06/2023,0,0,64.4(-0.16 %),0,0,0,0,74524648,23.36
20/06/2023,-40900,-2603530000,64.1(-0.47 %),500,32000000,41400,2635530000,74565548,25.39
21/06/2023,-37500,-2360170000,63.9(-0.31 %),76100,4823150000,113600,7183320000,74516798,23.36
22/06/2023,-35200,-2213280000,63.8(-0.16 %),1800,113970000,37000,2327250000,74551998,25.39
23/06/2023,-29300,-1845960000,63.5(-0.47 %),3600,226800000,32900,2072760000,74581298,25.38
26/06/2023,-7700,-482430000,63(-0.79 %),6900,432990000,14600,915420000,74696654,23.3
27/06/2023,6000,376400000,63.1(0.16 %),6000,376400000,0,0,74690654,25.34
28/06/2023,5400,339340000,62.9(-0.32 %),6000,377020000,600,37680000,74685254,25.34
29/06/2023,-35800,-2227260000,62.8(-0.16 %),0,0,35800,2227260000,74721054,25.33
30/06/2023,-10300,-640750000,62.6(-0.32 %),5500,343400000,15800,984150000,74731354,25.32
03/07/2023,-2800,-174290000,62.6(0.00 %),0,0,2800,174290000,74727404,25.33
04/07/2023,-9600,-597240000,62.6(0.00 %),0,0,9600,597240000,74737004,25.32
05/07/2023,-2300,-143380000,62.6(0.00 %),0,0,2300,143380000,74739304,25.32
06/07/2023,-27400,-1701660000,62.5(-0.16 %),600,37260000,28000,1738920000,74790878,23.26
07/07/2023,-18400,-1143230000,62.6(0.16 %),2400,149280000,20800,1292510000,74790877,23.26
10/07/2023,-20200,-1257650000,62.6(0.00 %),0,0,20200,1257650000,74811077,25.29
11/07/2023,-12600,-787160000,62.6(0.00 %),4200,261730000,16800,1048890000,74823677,25.29
12/07/2023,-7900,-488860000,62.3(-0.48 %),6000,372800000,13900,861660000,74831577,25.29
13/07/2023,1400,86080000,62.7(0.64 %),2400,148780000,1000,62700000,74830177,25.29
14/07/2023,35000,2173280000,62.6(-0.16 %),35000,2173280000,0,0,79943246,21.42
17/07/2023,17200,1068810000,62.5(-0.16 %),26300,1634240000,9100,565430000,79926046,23.3
18/07/2023,21100,1313610000,62.5(0.00 %),21100,1313610000,0,0,79904946,23.31
19/07/2023,110500,6928570000,63.5(1.60 %),110500,6928570000,0,0,79795463,21.48
20/07/2023,4000,255820000,64(0.79 %),5600,358220000,1600,102400000,79791463,23.36
21/07/2023,-10000,-642260000,64.5(0.78 %),0,0,10000,642260000,79801463,23.35
24/07/2023,-43000,-2756570000,64.5(0.00 %),100,6420000,43100,2762990000,79791363,21.48
25/07/2023,-2500,-163310000,64.2(-0.47 %),9600,611900000,12100,775210000,79791935,21.48
26/07/2023,12500,792530000,64(-0.31 %),23000,1459150000,10500,666620000,79779435,23.36
27/07/2023,-4600,-292590000,64(0.00 %),300,19050000,4900,311640000,79784035,23.36
28/07/2023,1200,76290000,64(0.00 %),11400,725440000,10200,649150000,79782835,23.36
31/07/2023,20800,1345720000,65(1.56 %),35200,2269160000,14400,923440000,79762035,23.37
01/08/2023,5600,367070000,64.7(-0.46 %),33900,2190300000,28300,1823230000,82297702,22.38
02/08/2023,-8400,-538760000,64.7(0.00 %),0,0,8400,538760000,82306102,22.38
03/08/2023,-18100,-1166170000,64.4(-0.46 %),0,0,18100,1166170000,82324202,22.37
04/08/2023,-17800,-1141810000,64.4(0.00 %),0,0,17800,1141810000,82325292,20.57
07/08/2023,13000,840870000,65(0.93 %),13000,840870000,0,0,82312292,22.38
08/08/2023,54700,3573750000,65.3(0.46 %),68700,4483510000,14000,909760000,82257592,22.4
09/08/2023,54800,3577760000,65.5(0.31 %),54800,3577760000,0,0,82202792,22.42
10/08/2023,-37400,-2425250000,65.1(-0.61 %),0,0,37400,2425250000,82240192,22.4
11/08/2023,-37000,-2386740000,64.5(-0.92 %),0,0,37000,2386740000,82277192,22.39
14/08/2023,-278100,-17744350000,64.2(-0.47 %),0,0,278100,17744350000,84776266,19.69
15/08/2023,-135900,-8616660000,63.3(-1.40 %),0,0,135900,8616660000,84813266,19.68
16/08/2023,-200500,-12537630000,63.5(0.32 %),19600,1236260000,220100,13773890000,85071815,19.59
17/08/2023,-254400,-15920770000,63(-0.79 %),1000,62400000,255400,15983170000,85326215,21.21
18/08/2023,-220600,-13451470000,62.7(-0.48 %),14400,879190000,235000,14330660000,85412415,19.47
21/08/2023,-145900,-8926700000,62.7(0.00 %),1300,79960000,147200,9006660000,85666515,19.38
22/08/2023,-44500,-2805460000,63(0.48 %),2900,183410000,47400,2988870000,85898615,19.29
23/08/2023,4100,266580000,63.3(0.48 %),112200,7100510000,108100,6833930000,90933615,17.49
24/08/2023,19400,1236750000,63.5(0.32 %),31800,2024040000,12400,787290000,90914215,19.03
25/08/2023,-39700,-2517830000,63.7(0.31 %),0,0,39700,2517830000,91059315,17.45
28/08/2023,191200,12290860000,64.6(1.41 %),207900,13362970000,16700,1072110000,90868115,19.05
29/08/2023,-84700,-5475160000,64.7(0.15 %),5900,382320000,90600,5857480000,88801615,18.26
30/08/2023,-50300,-3255820000,64.7(0.00 %),0,0,50300,3255820000,88851915,19.83
31/08/2023,159100,10659120000,66.9(3.40 %),323600,21560700000,164500,10901580000,86285386,19.16
05/09/2023,-89600,-5888090000,65(-2.84 %),3600,238230000,93200,6126320000,86309086,19.15
06/09/2023,-123400,-8021800000,65(0.00 %),300,19450000,123700,8041250000,86432486,20.77
07/09/2023,-96500,-6246520000,64.9(-0.15 %),10200,660870000,106700,6907390000,86556296,19.06
08/09/2023,-13600,-881680000,65(0.15 %),0,0,13600,881680000,86680002,19.01
11/09/2023,39400,2591990000,65.7(1.08 %),60000,3939500000,20600,1347510000,86726657,19.0
12/09/2023,-31700,-2065530000,65.5(-0.30 %),64000,4172170000,95700,6237700000,86676214,19.02
13/09/2023,-134100,-8698890000,65(-0.76 %),3200,208160000,137300,8907050000,86693614,19.01
14/09/2023,-25100,-1625340000,64.9(-0.15 %),0,0,25100,1625340000,86789314,18.98
15/09/2023,256300,16636090000,64.9(0.00 %),474500,30781560000,218200,14145470000,86452114,19.1
18/09/2023,0,0,64.9(0.00 %),0,0,0,0,86452114,20.77
19/09/2023,100,6520000,64.8(-0.15 %),15500,1003230000,15400,996710000,86425002,20.78
20/09/2023,-16300,-1055070000,64.8(0.00 %),11200,725090000,27500,1780160000,86441302,20.77
21/09/2023,-19000,-1228450000,64.7(-0.15 %),400,25870000,19400,1254320000,86460302,20.76
22/09/2023,8900,577420000,64.5(-0.31 %),23500,1518130000,14600,940710000,86921955,18.93
25/09/2023,-33800,-2167490000,64.4(-0.16 %),2000,128720000,35800,2296210000,86939493,18.92
26/09/2023,-67900,-4337960000,64.4(0.00 %),16500,1062120000,84400,5400080000,86937593,18.92
27/09/2023,-109600,-6977000000,64.4(0.00 %),1200,76290000,110800,7053290000,87047193,20.54
28/09/2023,-43300,-2782580000,64.4(0.00 %),6300,403800000,49600,3186380000,87090493,20.52
29/09/2023,-46400,-2974910000,64.2(-0.31 %),300,19260000,46700,2994170000,87163096,18.84
02/10/2023,-18900,-1210400000,64.2(0.00 %),0,0,18900,1210400000,87212772,18.82
03/10/2023,-2000,-128650000,64.1(-0.16 %),9300,595170000,11300,723820000,87250172,18.81
04/10/2023,-29000,-1856480000,64(-0.16 %),42500,2719520000,71500,4576000000,87279172,20.45
05/10/2023,-16800,-1070220000,63.9(-0.16 %),3200,204370000,20000,1274590000,87239726,18.81
06/10/2023,-55400,-3516910000,63.5(-0.63 %),1500,95250000,56900,3612160000,87295126,20.44
09/10/2023,-75900,-4844530000,63.9(0.63 %),600,38220000,76500,4882750000,87371026,20.41
10/10/2023,-19100,-1214170000,63.5(-0.63 %),3700,235740000,22800,1449910000,87383826,18.76
11/10/2023,100,7410000,63.5(0.00 %),20200,1284820000,20100,1277410000,87440126,18.74
12/10/2023,-5700,-362130000,63.5(0.00 %),19400,1233010000,25100,1595140000,87443589,18.74
13/10/2023,-10100,-639270000,63.4(-0.16 %),74400,4727200000,84500,5366470000,87392289,18.76
16/10/2023,2200,139660000,63.4(0.00 %),14000,887250000,11800,747590000,87403389,18.76
17/10/2023,-2600,-168720000,63(-0.63 %),20400,1290900000,23000,1459620000,87467489,18.73
18/10/2023,9600,604890000,63(0.00 %),9900,623730000,300,18840000,87469389,18.73
19/10/2023,36600,2341960000,63.5(0.79 %),38700,2475460000,2100,133500000,87453747,18.74
20/10/2023,6600,426120000,64.5(1.57 %),11200,720110000,4600,293990000,87445847,18.74
23/10/2023,-10300,-650860000,64.5(0.00 %),34400,2212900000,44700,2863760000,87413557,18.75
24/10/2023,-18400,-1177880000,64(-0.78 %),1800,116010000,20200,1293890000,87431957,20.39
25/10/2023,5400,341710000,63.5(-0.78 %),25300,1607920000,19900,1266210000,87416357,18.75
26/10/2023,10900,687470000,63.5(0.00 %),11700,737950000,800,50480000,87446257,18.74
27/10/2023,-7200,-454320000,63.3(-0.31 %),26000,1647800000,33200,2102120000,87443157,18.74
30/10/2023,34300,2189510000,63.9(0.95 %),34700,2215050000,400,25540000,87412257,18.75
31/10/2023,-1500,-96880000,63.5(-0.63 %),62300,3954900000,63800,4051780000,87384437,18.76
01/11/2023,57700,3657740000,63.5(0.00 %),86400,5480290000,28700,1822550000,87299937,18.79
02/11/2023,20200,1278290000,63.5(0.00 %),67000,4250280000,46800,2971990000,87279737,20.45
03/11/2023,19100,1217730000,63(-0.79 %),35200,2232030000,16100,1014300000,87260637,20.45
06/11/2023,24100,1518480000,63(0.00 %),34500,2176980000,10400,658500000,87236537,20.46
07/11/2023,-2000,-125950000,63.1(0.16 %),300,18930000,2300,144880000,87238537,20.46
08/11/2023,-1200,-75840000,63.2(0.16 %),0,0,1200,75840000,87328737,18.78
09/11/2023,-4000,-250810000,63(-0.32 %),7300,461610000,11300,712420000,87323737,18.78
10/11/2023,130800,8268540000,63(0.00 %),220800,13942020000,90000,5673480000,87104137,18.86
13/11/2023,-4600,-290120000,63.3(0.48 %),0,0,4600,290120000,87115437,18.86
14/11/2023,-4100,-259290000,63.3(0.00 %),1500,94920000,5600,354210000,87112837,20.51
15/11/2023,-60400,-3792700000,63(-0.47 %),1500,94880000,61900,3887580000,87173237,20.49
16/11/2023,0,0,63.1(0.16 %),0,0,0,0,87173237,20.49
17/11/2023,-25800,-1636370000,63.4(0.48 %),2400,151390000,28200,1787760000,87252937,18.81
20/11/2023,-2300,-145590000,63.5(0.16 %),0,0,2300,145590000,87257337,18.81
21/11/2023,-11900,-750340000,63(-0.79 %),0,0,11900,750340000,87285537,18.8
22/11/2023,-33100,-2075210000,63.1(0.16 %),0,0,33100,2075210000,87287837,18.8
23/11/2023,-5600,-352810000,63.4(0.48 %),0,0,5600,352810000,87293437,20.44
24/11/2023,-3500,-220080000,63(-0.63 %),1200,76020000,4700,296100000,87296937,20.44
27/11/2023,2000,125920000,63.2(0.32 %),2100,132210000,100,6290000,87294937,20.44
28/11/2023,800,50490000,63.3(0.16 %),900,56790000,100,6300000,87294137,20.44
29/11/2023,-3800,-240400000,63.5(0.32 %),500,31650000,4300,272050000,87297937,20.44
30/11/2023,-446400,-27192480000,59.9(-5.67 %),15900,963550000,462300,28156030000,87744337,20.26
01/12/2023,-129200,-7771940000,63(5.18 %),5200,312140000,134400,8084080000,87323862,20.43
04/12/2023,-153100,-9386660000,62.4(-0.95 %),200,12280000,153300,9398940000,87476962,20.37
05/12/2023,-159700,-9747020000,62(-0.64 %),7800,475960000,167500,10222980000,87636662,20.31
06/12/2023,-15000,-922670000,61.8(-0.32 %),3100,190840000,18100,1113510000,87651662,20.3
07/12/2023,-10100,-625450000,62.4(0.97 %),17100,1054390000,27200,1679840000,87661762,20.3
08/12/2023,-5100,-321950000,63.2(1.28 %),600,37640000,5700,359590000,87666862,20.3
11/12/2023,-13800,-869020000,63(-0.32 %),1200,75450000,15000,944470000,87680662,20.29
12/12/2023,-33500,-2098430000,62.7(-0.48 %),0,0,33500,2098430000,87714162,20.28
13/12/2023,-46000,-2861250000,62.6(-0.16 %),3000,186740000,49000,3047990000,87760162,20.26
14/12/2023,-20200,-1259950000,62.8(0.32 %),7800,487410000,28000,1747360000,87780362,20.25
15/12/2023,-358400,-22221700000,62(-1.27 %),15800,979600000,374200,23201300000,88138762,20.11
18/12/2023,11900,745290000,62.7(1.13 %),23500,1465950000,11600,720660000,88126862,20.12
19/12/2023,-1600,-100190000,62.9(0.32 %),300,18780000,1900,118970000,88128462,20.12
20/12/2023,29100,1823980000,62.9(0.00 %),32000,2005480000,2900,181500000,88099362,20.13
21/12/2023,-19200,-1201500000,63(0.16 %),0,0,19200,1201500000,88118562,20.12
22/12/2023,7800,495470000,63(0.00 %),19900,1251970000,12100,756500000,88110762,20.12
25/12/2023,-5500,-345230000,63(0.00 %),6000,378690000,11500,723920000,88116262,20.12
26/12/2023,-19200,-1207400000,63.4(0.63 %),0,0,19200,1207400000,88135462,20.11
27/12/2023,-19700,-1240870000,63(-0.63 %),16200,1019550000,35900,2260420000,88155162,20.11
28/12/2023,-19000,-1199100000,63(0.00 %),18600,1170880000,37600,2369980000,88174162,22.05
29/12/2023,-100,-6550000,63(0.00 %),2500,157250000,2600,163800000,88174262,22.05
02/01/2024,-1300,-82550000,63(0.00 %),3600,226890000,4900,309440000,93742890,17.65
03/01/2024,-20100,-1262820000,63(0.00 %),300,18870000,20400,1281690000,93728988,19.89
04/01/2024,400,25540000,63(0.00 %),4100,258020000,3700,232480000,93728588,19.89
05/01/2024,-100,-6280000,63(0.00 %),300,18900000,400,25180000,93728688,19.89
08/01/2024,8800,554200000,63(0.00 %),13500,850150000,4700,295950000,93719888,19.9
09/01/2024,2900,182460000,63(0.00 %),3000,188760000,100,6300000,93753690,17.65
10/01/2024,4000,251450000,63(0.00 %),4000,251450000,0,0,93763390,17.65
11/01/2024,2300,142150000,61.8(-1.90 %),2900,179110000,600,36960000,93760890,17.65
12/01/2024,3600,221160000,61.6(-0.32 %),3600,221160000,0,0,93703488,19.9
15/01/2024,-3600,-221670000,61.7(0.16 %),0,0,3600,221670000,93757890,17.65
16/01/2024,-200,-12330000,61.9(0.32 %),0,0,200,12330000,93757950,17.65
17/01/2024,-3800,-234340000,62(0.16 %),0,0,3800,234340000,93761550,17.65
18/01/2024,-28500,-1757690000,62(0.00 %),300,18570000,28800,1776260000,93739588,19.89
19/01/2024,-4300,-266720000,62.2(0.32 %),4800,297090000,9100,563810000,93743888,19.89
22/01/2024,-8800,-545780000,62(-0.32 %),4800,297000000,13600,842780000,93752688,19.89
23/01/2024,-31500,-1943340000,62(0.00 %),100,6190000,31600,1949530000,93784188,19.87
24/01/2024,-5300,-326920000,62(0.00 %),0,0,5300,326920000,93789488,19.87
25/01/2024,0,0,61.8(-0.32 %),0,0,0,0,93789488,19.87
26/01/2024,3900,240800000,62(0.32 %),3900,240800000,0,0,93785588,19.87
29/01/2024,-29000,-1785300000,61.8(-0.32 %),0,0,29000,1785300000,93840136,17.62
30/01/2024,-1900,-116870000,61.6(-0.32 %),1500,92250000,3400,209120000,93838696,17.62
31/01/2024,-2800,-171230000,61.2(-0.65 %),300,18330000,3100,189560000,93867400,17.61
01/02/2024,2900,177790000,61.5(0.49 %),14500,888390000,11600,710600000,93867397,19.84
02/02/2024,-11200,-683550000,61.4(-0.16 %),0,0,11200,683550000,95556216,17.03
05/02/2024,19400,1189520000,61.7(0.49 %),20600,1263130000,1200,73610000,93844615,19.85
06/02/2024,-4533,-279336100,61.9(0.32 %),600,36960000,5133,316296100,95560960,17.03
07/02/2024,5300,326630000,62(0.16 %),6300,388500000,1000,61870000,95555860,17.03
15/02/2024,-1100,-67850000,62.2(0.32 %),100,6160000,1200,74010000,95560890,17.03
16/02/2024,36100,2243750000,62.3(0.16 %),36100,2243750000,0,0,95525790,17.04
19/02/2024,63009,3936171600,62.9(0.96 %),64709,4042081600,1700,105910000,95462280,17.06
20/02/2024,16600,1044530000,62.9(0.00 %),33900,2130780000,17300,1086250000,95428380,17.07
21/02/2024,15700,986260000,62.9(0.00 %),18700,1174810000,3000,188550000,95414380,17.08
22/02/2024,12600,805360000,63(0.16 %),25800,1635600000,13200,830240000,95414380,17.08
23/02/2024,20700,1308870000,63.3(0.48 %),20800,1315190000,100,6320000,93680239,19.91
26/02/2024,-5501,-346383100,63.2(-0.16 %),3200,202420000,8701,548803100,95398080,17.08
27/02/2024,13785,873919500,63.4(0.32 %),36900,2327250000,23115,1453330500,93671955,19.92
28/02/2024,6000,380640000,63.4(0.00 %),8200,519870000,2200,139230000,93665955,19.92
29/02/2024,-37601,-2374043000,63.2(-0.32 %),18500,1166300000,56101,3540343000,95366400,17.09
01/03/2024,2500,160050000,63.4(0.32 %),10900,688410000,8400,528360000,95355497,19.26
04/03/2024,18062,1144324600,63.5(0.16 %),26800,1698940000,8738,554615400,95337435,19.27
05/03/2024,-23400,-1471840000,63.5(0.00 %),22500,1425000000,45900,2896840000,95372900,17.09
06/03/2024,4800,304230000,63.5(0.00 %),4800,304230000,0,0,95356035,19.26
07/03/2024,46600,2951060000,63.5(0.00 %),56700,3590910000,10100,639850000,95309435,19.28
08/03/2024,-63124,-3957989600,63.5(0.00 %),65800,4245670000,128924,8203659600,95372559,19.26
11/03/2024,-6700,-424720000,63.5(0.00 %),2100,133120000,8800,557840000,95379259,19.25
12/03/2024,-5000,-316880000,63.5(0.00 %),1800,114090000,6800,430970000,95416560,17.08
13/03/2024,-90100,-5658570000,63.3(-0.31 %),15400,964120000,105500,6622690000,95410056,17.08
14/03/2024,-109000,-6828420000,63.2(-0.16 %),4500,282420000,113500,7110840000,95519056,19.2
15/03/2024,93700,5979870000,63.5(0.47 %),171500,10890250000,77800,4910380000,95425356,19.24
18/03/2024,-47100,-2940120000,63.2(-0.47 %),9000,558150000,56100,3498270000,95450856,17.06
19/03/2024,106700,6756750000,63.2(0.00 %),115800,7330930000,9100,574180000,95412856,17.08
20/03/2024,-24000,-1508110000,63.2(0.00 %),5700,359480000,29700,1867590000,95389756,19.25
21/03/2024,-26800,-1686160000,63.2(0.00 %),5100,321440000,31900,2007600000,95416556,19.24
22/03/2024,-69800,-4373300000,63(-0.32 %),12900,810560000,82700,5183860000,95486356,19.21
25/03/2024,-61100,-3772850000,62.7(-0.48 %),12000,749160000,73100,4522010000,95503950,17.05
26/03/2024,-37200,-2322120000,62.6(-0.16 %),3600,224910000,40800,2547030000,95490856,19.21
27/03/2024,-47900,-2973510000,62.6(0.00 %),0,0,47900,2973510000,95656160,16.99
28/03/2024,-40400,-2512940000,62.6(0.00 %),4800,299670000,45200,2812610000,95692220,16.98
29/03/2024,-76700,-4726170000,62.5(-0.16 %),5300,324910000,82000,5051080000,95734824,16.97
01/04/2024,-66100,-4075160000,62.4(-0.16 %),11500,708830000,77600,4783990000,95768530,16.95
02/04/2024,-52700,-3257100000,62.3(-0.16 %),100,6150000,52800,3263250000,95787527,19.09
03/04/2024,-68200,-4201470000,62(-0.48 %),1200,73320000,69400,4274790000,95926904,16.9
04/04/2024,5400,334420000,61.9(-0.16 %),7200,445300000,1800,110880000,95850327,19.07
05/04/2024,-3000,-182590000,61.5(-0.65 %),8100,498670000,11100,681260000,96033704,16.86
08/04/2024,33400,2069470000,62.5(1.63 %),39000,2416370000,5600,346900000,95819927,19.08
09/04/2024,37800,2363550000,62.7(0.32 %),39800,2488260000,2000,124710000,95782127,19.1
10/04/2024,14100,887620000,62.9(0.32 %),49900,3121920000,35800,2234300000,95768027,19.1
11/04/2024,-3700,-223000000,62.9(0.00 %),29700,1859810000,33400,2082810000,95895910,16.91
12/04/2024,-6900,-430090000,62.9(0.00 %),1800,112510000,8700,542600000,95929910,16.9
15/04/2024,-27100,-1690970000,62.6(-0.48 %),0,0,27100,1690970000,95805727,19.09
16/04/2024,-20600,-1270900000,62.6(0.00 %),9400,584610000,30000,1855510000,95826327,19.08
17/04/2024,-26000,-1610360000,62.4(-0.32 %),300,18570000,26300,1628930000,95831727,19.08
19/04/2024,-13100,-810450000,62.2(-0.32 %),3600,222420000,16700,1032870000,95844827,19.07
22/04/2024,-1700,-105600000,62.2(0.00 %),5700,353850000,7400,459450000,97416230,16.39
23/04/2024,-3500,-216630000,61.9(-0.48 %),3900,241020000,7400,457650000,97429120,16.38
24/04/2024,-7500,-464070000,62(0.16 %),2400,148140000,9900,612210000,95857527,19.07
25/04/2024,3500,218110000,62.2(0.32 %),7100,440210000,3600,222100000,95854027,19.07
26/04/2024,29200,1817940000,62.4(0.32 %),31600,1966680000,2400,148740000,97412776,16.39
02/05/2024,14300,893730000,62.6(0.32 %),23000,1434240000,8700,540510000,97393380,16.39
03/05/2024,31000,1947560000,63(0.64 %),31000,1947560000,0,0,97364776,16.4
06/05/2024,21400,1348820000,63.2(0.32 %),22900,1443320000,1500,94500000,97350580,16.41
07/05/2024,16200,1026910000,63.5(0.47 %),39000,2469360000,22800,1442450000,97311576,16.42
08/05/2024,31400,2000210000,63.8(0.47 %),41000,2607830000,9600,607620000,97272070,16.44
09/05/2024,40700,2614380000,64.2(0.63 %),41600,2672040000,900,57660000,97253270,16.44
10/05/2024,10600,680720000,64.5(0.47 %),10900,700040000,300,19320000,97251976,16.44
13/05/2024,-8300,-534140000,64.5(0.00 %),11200,720870000,19500,1255010000,97241670,16.45
14/05/2024,-2600,-167660000,64.5(0.00 %),23200,1492580000,25800,1660240000,97272374,18.52
15/05/2024,-9300,-598440000,64.6(0.16 %),17700,1136410000,27000,1734850000,97281674,18.51
16/05/2024,10100,653650000,64.8(0.31 %),16900,1092300000,6800,438650000,97271574,18.52
17/05/2024,28800,1865560000,65(0.31 %),39400,2549620000,10600,684060000,97217070,16.45
20/05/2024,-9200,-590190000,65.2(0.31 %),36000,2337350000,45200,2927540000,97187870,16.46
21/05/2024,-49700,-3218220000,65.1(-0.15 %),24800,1608480000,74500,4826700000,97173670,16.47
22/05/2024,-39600,-2565260000,64.9(-0.31 %),22600,1463490000,62200,4028750000,97196270,16.46
23/05/2024,41000,2659000000,65.4(0.77 %),43000,2788810000,2000,129810000,97227780,16.45
24/05/2024,-41000,-2652100000,65.2(-0.31 %),2800,181660000,43800,2833760000,97351374,18.49
27/05/2024,2100,137580000,65.2(0.00 %),17200,1116220000,15100,978640000,97271976,16.44
28/05/2024,-7100,-460970000,65.3(0.15 %),2700,174880000,9800,635850000,97313160,16.42
29/05/2024,-23500,-1525000000,65.3(0.00 %),7200,465620000,30700,1990620000,97321060,16.42
30/05/2024,-7700,-500430000,65.3(0.00 %),300,19580000,8000,520010000,97330560,16.42
31/05/2024,-21200,-1378330000,65(-0.46 %),0,0,21200,1378330000,97361260,16.4
03/06/2024,-2700,-176630000,65.3(0.46 %),3100,201770000,5800,378400000,97361260,18.48
04/06/2024,27200,1758430000,65.4(0.15 %),29200,1888960000,2000,130530000,97334060,18.49
05/06/2024,41800,2733070000,66(0.92 %),46200,3021960000,4400,288890000,97292260,18.51
06/06/2024,-17502,-1143891100,65.6(-0.61 %),13100,855740000,30602,1999631100,97306660,16.42
07/06/2024,-20541,-1342592400,65.7(0.15 %),100,6560000,20641,1349152400,97311042,16.42
10/06/2024,-181868,-11886251100,65.3(-0.61 %),36798,2410935100,218666,14297186200,97492910,18.43
11/06/2024,-102120,-6639722000,65(-0.46 %),18100,1175310000,120220,7815032000,97306660,16.42
12/06/2024,46899,3058954700,65.4(0.62 %),52199,3404564700,5300,345610000,97473854,16.37
13/06/2024,0,0,62.2(3.12 %),0,0,0,0,97555718,16.34
14/06/2024,-81053,-4899814600,60.9(-2.09 %),29447,1790115400,110500,6689930000,97531571,16.35
17/06/2024,-62199,-3723759900,60(-1.48 %),501,30080100,62700,3753840000,97629270,16.31
18/06/2024,-43300,-2584140000,59.6(-0.67 %),2100,124900000,45400,2709040000,97737670,16.27
19/06/2024,-87400,-5122980000,58.4(-2.01 %),300,17590000,87700,5140570000,97800070,16.25
20/06/2024,-181700,-10521020000,58.4(0.00 %),1200,69720000,182900,10590740000,97844270,16.24
21/06/2024,-113900,-6626840000,58.4(0.00 %),83000,4873520000,196900,11500360000,97848970,16.24
24/06/2024,-355350,-20153218300,58(-0.68 %),66650,3744011700,422000,23897230000,97965220,16.2
25/06/2024,-31297,-1802042600,57.9(-0.17 %),36,2068200,31333,1804110800,98162084,16.13
26/06/2024,-94967,-5432459300,57.3(-1.04 %),0,0,94967,5432459300,98616784,15.97
27/06/2024,-69770,-3931838000,55(-4.01 %),1830,103092000,71600,4034930000,98646287,15.96
28/06/2024,-102790,-5609827000,55(0.00 %),1300,71140000,104090,5680967000,98741154,15.93
04/07/2024,-10900,-622650000,56.7(-0.70 %),1800,102960000,12700,725610000,99017616,0.0
05/07/2024,-1800,-102000000,57(0.53 %),1800,102180000,3600,204180000,99019416,0.0
08/07/2024,-30500,-1725560000,56.4(-1.05 %),1200,68280000,31700,1793840000,99049916,0.0
09/07/2024,-16300,-923030000,57.1(1.24 %),1000,56580000,17300,979610000,99066216,0.0
10/07/2024,-34900,-1979820000,56.9(-0.35 %),9300,526910000,44200,2506730000,99101116,0.0
11/07/2024,-28100,-1583510000,56.8(-0.18 %),100,5630000,28200,1589140000,99129216,0.0
12/07/2024,-50800,-2855830000,56.8(0.00 %),1500,84270000,52300,2940100000,99180016,0.0
15/07/2024,-19800,-1118180000,56.7(-0.18 %),2900,164080000,22700,1282260000,99199816,0.0
16/07/2024,-10400,-587210000,56.7(0.00 %),1800,101400000,12200,688610000,99210216,0.0
17/07/2024,6900,389480000,56.3(-0.71 %),10500,591840000,3600,202360000,99203316,0.0
18/07/2024,1200,67350000,56.6(0.53 %),1500,84240000,300,16890000,99202116,0.0
19/07/2024,900,50770000,56.5(-0.18 %),1500,84610000,600,33840000,99201216,0.0
22/07/2024,10900,613930000,56.5(0.00 %),13800,777100000,2900,163170000,99190316,0.0
23/07/2024,-20100,-1126630000,56.4(-0.18 %),1400,77980000,21500,1204610000,99210416,0.0
24/07/2024,1400,78540000,56.3(-0.18 %),1500,84150000,100,5610000,99209016,0.0
25/07/2024,-700,-39240000,56.2(-0.18 %),300,16830000,1000,56070000,99209716,0.0
26/07/2024,-21300,-1200050000,58(3.20 %),7300,408120000,28600,1608170000,99231016,0.0
29/07/2024,-16100,-938080000,58.3(0.52 %),10100,588020000,26200,1526100000,99247116,0.0
30/07/2024,-16100,-938080000,58.3(0.00 %),10100,588020000,26200,1526100000,99263216,0.0
31/07/2024,1100,61810000,58.3(0.00 %),7100,410110000,6000,348300000,99262116,0.0
01/08/2024,-28200,-1626840000,58.1(-0.34 %),1800,103680000,30000,1730520000,86974872,0.0
02/08/2024,-173600,-9944610000,57.7(-0.69 %),800,45980000,174400,9990590000,87148472,0.0
05/08/2024,-139700,-7932820000,56.6(-1.91 %),8100,460890000,147800,8393710000,87288172,0.0
06/08/2024,-149400,-8310440000,56.4(-0.35 %),11400,633990000,160800,8944430000,87437572,0.0
07/08/2024,-173000,-9580180000,55.3(-1.95 %),400,22130000,173400,9602310000,87610572,0.0
08/08/2024,-174800,-9504890000,55(-0.54 %),5000,270690000,179800,9775580000,87785372,0.0
09/08/2024,-173100,-9393730000,55.5(0.91 %),0,0,173100,9393730000,87958472,0.0
12/08/2024,-174600,-9593630000,55.3(-0.36 %),900,49470000,175500,9643100000,88133072,0.0
13/08/2024,-168400,-9184810000,55.1(-0.36 %),300,16380000,168700,9201190000,88301472,0.0
14/08/2024,-176700,-9604660000,55.2(0.18 %),600,33000000,177300,9637660000,88478172,0.0
15/08/2024,-171800,-9354660000,54.5(-1.27 %),17200,934290000,189000,10288950000,88649972,0.0
16/08/2024,-174900,-9484660000,55.4(1.65 %),3300,179270000,178200,9663930000,88824872,0.0
19/08/2024,-159500,-8723940000,54.9(-0.90 %),6700,366540000,166200,9090480000,88984372,0.0
20/08/2024,-4200,-230530000,55.5(1.09 %),10200,557610000,14400,788140000,88988572,0.0
21/08/2024,6100,341080000,55.6(0.18 %),22600,1258390000,16500,917310000,88982472,0.0
22/08/2024,-24500,-1358360000,55.6(0.00 %),11600,643800000,36100,2002160000,89006972,0.0
23/08/2024,-19800,-1097030000,55.5(-0.18 %),600,33270000,20400,1130300000,89026772,0.0
26/08/2024,-24400,-1350710000,55.3(-0.36 %),0,0,24400,1350710000,89051172,0.0
27/08/2024,-23300,-1285790000,55.3(0.00 %),0,0,23300,1285790000,89074472,0.0
28/08/2024,-29600,-1630940000,55.3(0.00 %),600,33060000,30200,1664000000,89104072,0.0
29/08/2024,-11000,-607160000,55.3(0.00 %),6900,380910000,17900,988070000,89115072,0.0
30/08/2024,1600,89230000,55.4(0.18 %),21300,1176450000,19700,1087220000,89113472,0.0
04/09/2024,-12400,-683470000,55.3(-0.18 %),0,0,12400,683470000,80529604,0.0
05/09/2024,-36000,-1982100000,55.2(-0.18 %),3900,215250000,39900,2197350000,80565604,0.0
06/09/2024,-6400,-351310000,55.1(-0.18 %),600,33120000,7000,384430000,80572004,0.0
09/09/2024,-37100,-2031670000,55.1(0.00 %),3900,213900000,41000,2245570000,80609104,0.0
10/09/2024,-18300,-1002360000,54.8(-0.54 %),2400,132060000,20700,1134420000,80627404,0.0
11/09/2024,-13300,-725320000,54.8(0.00 %),3500,191490000,16800,916810000,80640704,0.0
12/09/2024,-8700,-476000000,54.8(0.00 %),300,16460000,9000,492460000,80649404,0.0
13/09/2024,-19900,-1086200000,54.8(0.00 %),1100,59950000,21000,1146150000,80669304,0.0
16/09/2024,-1700,-92590000,54.8(0.00 %),300,16440000,2000,109030000,80671004,0.0
17/09/2024,900,48820000,54.8(0.00 %),2200,119890000,1300,71070000,80670104,0.0
18/09/2024,-80100,-4356760000,54.5(-0.55 %),300,16410000,80400,4373170000,80750204,0.0
19/09/2024,-4600,-250530000,54.6(0.18 %),300,16380000,4900,266910000,80754804,0.0
20/09/2024,-450500,-24003100000,53.2(-2.56 %),39900,2125980000,490400,26129080000,81205304,0.0
23/09/2024,-176200,-9259170000,51.9(-2.44 %),32400,1691910000,208600,10951080000,81381504,0.0
24/09/2024,-74900,-3831900000,51.5(-0.77 %),45300,2294990000,120200,6126890000,81456404,0.0
25/09/2024,-195400,-9843710000,50.7(-1.55 %),21700,1091280000,217100,10934990000,81651804,0.0
26/09/2024,-217100,-10815400000,50.3(-0.79 %),32500,1618415000,249600,12433815000,81868904,0.0
27/09/2024,14600,752540000,52(3.38 %),33200,1696440000,18600,943900000,81854304,0.0
30/09/2024,-49100,-2526070000,51.6(-0.77 %),5200,268370000,54300,2794440000,81903404,0.0
01/10/2024,-56200,-2873550000,51.6(0.00 %),900,46030000,57100,2919580000,82286685,0.0
02/10/2024,-7900,-403010000,51.2(-0.78 %),200,10250000,8100,413260000,82294585,0.0
03/10/2024,-16600,-846180000,51(-0.39 %),300,15240000,16900,861420000,82311185,0.0
04/10/2024,2900,146940000,50.8(-0.39 %),9900,502050000,7000,355110000,82308285,0.0
07/10/2024,-1100,-55890000,50.9(0.20 %),100,5110000,1200,61000000,82309385,0.0
08/10/2024,-4000,-203430000,50.9(0.00 %),300,15240000,4300,218670000,82313385,0.0
09/10/2024,6100,311210000,50.8(-0.20 %),17400,883490000,11300,572280000,82307285,0.0
10/10/2024,11100,564040000,50.9(0.20 %),16100,818540000,5000,254500000,82296185,0.0
11/10/2024,-1300,-65810000,51.2(0.59 %),9700,495880000,11000,561690000,82297485,0.0
14/10/2024,-8400,-426470000,50.6(0.00 %),4000,202330000,12400,628800000,82305885,0.0
15/10/2024,-13400,-675440000,50.5(-0.20 %),1800,90870000,15200,766310000,82319285,0.0
16/10/2024,-600,-30270000,50.5(0.00 %),300,15120000,900,45390000,82319885,0.0
17/10/2024,-23900,-1199980000,50.3(-0.40 %),300,15090000,24200,1215070000,82343785,0.0
18/10/2024,-20900,-1049500000,50.3(0.00 %),300,15060000,21200,1064560000,82364685,0.0
21/10/2024,-16300,-819300000,50.4(0.20 %),4500,225900000,20800,1045200000,82380985,0.0
22/10/2024,61200,3092920000,50.9(0.99 %),81700,4132100000,20500,1039180000,82319785,0.0
23/10/2024,-7800,-403830000,51.5(1.18 %),11800,603960000,19600,1007790000,82327585,0.0
24/10/2024,-12800,-655790000,51.5(0.00 %),2500,128070000,15300,783860000,82340385,0.0
25/10/2024,-11500,-588180000,51.2(-0.58 %),0,0,11500,588180000,82351885,0.0
28/10/2024,-22900,-1166420000,51(-0.39 %),0,0,22900,1166420000,82374785,0.0
29/10/2024,-8300,-421330000,50.8(-0.39 %),0,0,8300,421330000,82383085,0.0
30/10/2024,-31500,-1590590000,50.6(-0.39 %),1100,55440000,32600,1646030000,82414585,0.0
31/10/2024,-2400,-121720000,50.7(0.20 %),9900,500820000,12300,622540000,82416985,0.0
01/11/2024,-5800,-293180000,50.7(0.00 %),100,5060000,5900,298240000,85501289,0.0
04/11/2024,-32700,-1641765000,49.95(-1.48 %),11400,570000000,44100,2211765000,85533989,0.0
05/11/2024,-67300,-3359800000,50.8(1.70 %),0,0,67300,3359800000,85601289,0.0
06/11/2024,-76200,-3829005000,50(-1.57 %),4700,234815000,80900,4063820000,85677489,0.0
07/11/2024,-2200,-110100000,50.3(0.60 %),0,0,2200,110100000,85679689,0.0
08/11/2024,-26700,-1336830000,50.3(0.00 %),0,0,26700,1336830000,85706389,0.0
11/11/2024,-2700,-135155000,50.3(0.00 %),5200,260360000,7900,395515000,85709089,0.0
12/11/2024,11800,590490000,50.3(0.00 %),12200,610490000,400,20000000,90655806,18.72
13/11/2024,-14000,-700020000,50.3(0.00 %),5000,250330000,19000,950350000,85711289,0.0
14/11/2024,-2500,-125515000,50.2(-0.20 %),8100,405345000,10600,530860000,85713789,0.0
15/11/2024,2200,109970000,50.2(0.00 %),2600,130000000,400,20030000,85711589,0.0
18/11/2024,-244900,-12098910000,50.1(-0.20 %),1100,54090000,246000,12153000000,85956489,0.0
19/11/2024,-252900,-12520340000,50.1(0.00 %),800,39280000,253700,12559620000,86209389,0.0
20/11/2024,-11000,-549115000,50.1(0.00 %),3200,159040000,14200,708155000,86220389,0.0
21/11/2024,7500,372695000,50.1(0.00 %),14700,733410000,7200,360715000,86212889,0.0
22/11/2024,-24800,-1234380000,50(-0.20 %),2200,109720000,27000,1344100000,86237689,0.0
25/11/2024,137700,6921890000,50.4(0.80 %),143300,7206210000,5600,284320000,88118508,19.59
26/11/2024,35500,1781330000,50.5(0.20 %),46700,2346730000,11200,565400000,88098808,19.6
27/11/2024,41600,2105330000,50.8(0.59 %),48200,2440450000,6600,335120000,89556249,19.1
28/11/2024,206400,10589300000,51.3(0.98 %),246500,12653460000,40100,2064160000,89320949,19.18
29/11/2024,112300,5782190000,51.5(0.39 %),125700,6473520000,13400,691330000,89201849,19.22
02/12/2024,-217000,-11069350000,51.1(-0.78 %),26700,1367950000,243700,12437300000,89215249,19.22
03/12/2024,-381400,-19201040000,50.5(-1.17 %),0,0,381400,19201040000,89228649,19.21
04/12/2024,-318700,-15902205000,50.4(-0.20 %),100,4990000,318800,15907195000,89472285,19.13
05/12/2024,-249800,-12456875000,50.2(-0.40 %),700,34905000,250500,12491780000,89852985,19.0
09/12/2024,-199000,-9937715000,50(0.00 %),6500,324675000,205500,10262390000,90415806,18.8
10/12/2024,-196600,-9917900000,52.4(4.80 %),9700,489680000,206300,10407580000,90610106,18.73
16/12/2024,-5800,-336570000,59(2.25 %),1000,58000000,6800,394570000,91636146,18.38
17/12/2024,-39900,-2343380000,59.3(0.51 %),8600,508480000,48500,2851860000,91648046,18.38
18/12/2024,-53800,-3200000000,59.6(0.51 %),0,0,53800,3200000000,91654862,18.37
19/12/2024,-46100,-2735270000,59.2(-0.67 %),0,0,46100,2735270000,91703362,18.36
20/12/2024,64900,3858080000,59.1(-0.17 %),86000,5105560000,21100,1247480000,91671162,18.37
24/12/2024,0,0,58.6(-1.18 %),0,0,0,0,91734243,18.35
25/12/2024,-59700,-3517120000,58.8(0.34 %),0,0,59700,3517120000,91770185,18.33
26/12/2024,1800,104520000,58.9(0.17 %),17300,1015770000,15500,911250000,91782904,18.33
27/12/2024,-8700,-515700000,58.8(-0.17 %),14500,845090000,23200,1360790000,91828104,18.31
30/12/2024,-4100,-242600000,59.1(0.51 %),15000,882510000,19100,1125110000,91828604,18.31
31/12/2024,28200,1651050000,58.4(-1.18 %),43500,2559680000,15300,908630000,91808341,18.32
02/01/2025,7600,445360000,58.9(0.86 %),7600,445360000,0,0,91819841,18.32
03/01/2025,-22900,-1342240000,58.7(-0.34 %),0,0,22900,1342240000,91835141,18.31
06/01/2025,-17300,-1007630000,58.7(0.00 %),2500,147680000,19800,1155310000,91832641,18.31
07/01/2025,-5400,-314970000,58.7(0.00 %),0,0,5400,314970000,91832641,18.31
08/01/2025,-400,-24200000,58.5(-0.34 %),5900,344540000,6300,368740000,91869459,18.3
09/01/2025,-13400,-782020000,58.5(0.00 %),500,29100000,13900,811120000,91874359,18.3
10/01/2025,-2100,-123080000,58.1(-0.68 %),500,29200000,2600,152280000,91880159,18.3
13/01/2025,-1400,-81420000,58.4(0.52 %),600,34840000,2000,116260000,91893510,18.29
14/01/2025,-38400,-2226820000,58.4(0.00 %),0,0,38400,2226820000,91896110,18.29
15/01/2025,3700,217170000,58.7(0.51 %),7700,450180000,4000,233010000,91890410,18.29
16/01/2025,-2600,-151190000,58.8(0.17 %),4100,240940000,6700,392130000,91893010,0.0
17/01/2025,-27300,-1597960000,58.8(0.00 %),1500,87450000,28800,1685410000,91927210,18.28
20/01/2025,-142500,-8290290000,58.7(-0.17 %),9500,554400000,152000,8844690000,91924410,18.28
21/01/2025,-85700,-4982060000,58.7(0.00 %),20200,1177990000,105900,6160050000,91932985,18.28
22/01/2025,-11000,-642570000,58.5(-0.34 %),0,0,11000,642570000,92508485,18.08
23/01/2025,-20700,-1210230000,58.5(0.00 %),3200,186580000,23900,1396810000,92611185,18.04
24/01/2025,-3800,-221290000,58.7(0.34 %),13600,793810000,17400,1015100000,92608585,18.04
03/02/2025,-1400,-82610000,0(0.00 %),3500,204410000,4900,287020000,92628985,18.04
04/02/2025,6100,358090000,59(0.17 %),6400,375790000,300,17700000,92639985,18.03
05/02/2025,-59200,-3464150000,58.8(-0.34 %),5600,326510000,64800,3790660000,92639345,18.03
06/02/2025,-4200,-245890000,58.8(0.00 %),300,17550000,4500,263440000,92639345,18.03
07/02/2025,-3000,-175740000,58.7(-0.17 %),900,52650000,3900,228390000,92703245,18.01
10/02/2025,-2300,-134930000,58.6(-0.17 %),1400,81760000,3700,216690000,92706345,18.01
11/02/2025,-21500,-1253110000,58.5(-0.17 %),3800,221180000,25300,1474290000,92706445,18.01
12/02/2025,-300,-17580000,58.5(0.00 %),0,0,300,17580000,92710145,18.01
13/02/2025,1400,80850000,58.8(0.51 %),3500,203910000,2100,123060000,92731945,18.0
14/02/2025,-2700,-159420000,58.8(0.00 %),2200,128700000,4900,288120000,92730130,18.0
17/02/2025,10900,637650000,58.7(-0.17 %),10900,637650000,0,0,92721330,18.01
18/02/2025,-2500,-146540000,58.5(-0.34 %),3000,175200000,5500,321740000,92720230,18.01
19/02/2025,-9300,-541800000,58.3(-0.34 %),0,0,9300,541800000,92720230,18.01
20/02/2025,-14300,-831890000,58.4(0.17 %),0,0,14300,831890000,92725764,18.0
21/02/2025,-7500,-434510000,58.3(-0.17 %),9500,553630000,17000,988140000,92725570,18.0
24/02/2025,2200,127980000,58.4(0.17 %),2400,139680000,200,11700000,92737569,18.0
25/02/2025,-13500,-784100000,58.2(-0.34 %),100,5790000,13600,789890000,92753469,17.99
26/02/2025,-900,-52480000,58.4(0.34 %),0,0,900,52480000,92753669,17.99
27/02/2025,7100,411540000,58.3(-0.17 %),20100,1164950000,13000,753410000,92747259,18.0
28/02/2025,-2800,-162300000,58.5(0.34 %),200,11700000,3000,174000000,92492959,18.08
03/03/2025,6300,367840000,58.5(0.00 %),8300,484990000,2000,117150000,92497659,18.08
04/03/2025,-7200,-417230000,58.3(-0.34 %),31300,1811360000,38500,2228590000,92469359,18.09
05/03/2025,-16500,-954920000,58(-0.51 %),6600,381120000,23100,1336040000,92464759,18.09
06/03/2025,-24600,-1415620000,58(0.00 %),1500,85980000,26100,1501600000,92501759,18.08
07/03/2025,-47200,-2703490000,57(-1.72 %),2000,114510000,49200,2818000000,92522890,18.07
10/03/2025,-40800,-2283300000,57(0.00 %),4000,223130000,44800,2506430000,92544990,18.07
11/03/2025,-41800,-2347820000,56.7(-0.53 %),2300,129060000,44100,2476880000,92544990,18.07
12/03/2025,-20500,-1152350000,56.6(-0.18 %),4200,235480000,24700,1387830000,92632298,18.04
13/03/2025,-21000,-1174650000,56.5(-0.18 %),16500,918970000,37500,2093620000,92659944,18.03
14/03/2025,-37100,-2075690000,56.5(0.00 %),7000,389550000,44100,2465240000,92677544,18.02
17/03/2025,-22300,-1245020000,56(-0.88 %),13700,763340000,36000,2008360000,92612032,18.04
18/03/2025,-16800,-934460000,55.9(-0.18 %),26800,1486970000,43600,2421430000,92629232,18.04
19/03/2025,-19000,-1057720000,55.7(-0.36 %),2000,111030000,21000,1168750000,92663232,18.03
20/03/2025,-1800,-100440000,55.8(0.18 %),4300,237320000,6100,337760000,92702532,18.01
21/03/2025,-10100,-547230000,56(0.36 %),44600,2482230000,54700,3029460000,92678932,18.02
24/03/2025,6000,331900000,56.1(0.18 %),18300,1019020000,12300,687120000,92666732,18.02
25/03/2025,1900,103320000,56.4(0.53 %),15000,836420000,13100,733100000,92706494,18.01
26/03/2025,-16300,-913060000,56.4(0.00 %),12400,695260000,28700,1608320000,92706294,18.01
27/03/2025,100,5180000,56.3(-0.18 %),11000,616470000,10900,611290000,92708397,18.01
28/03/2025,-20800,-1161880000,56(-0.53 %),2300,128310000,23100,1290190000,92734797,18.0
31/03/2025,-19000,-1049250000,55.4(-1.07 %),13100,721890000,32100,1771140000,92732597,18.0
01/04/2025,-43700,-2376950000,54.5(-1.62 %),6700,362640000,50400,2739590000,92749007,18.0
02/04/2025,-2600,-142050000,54.9(0.73 %),21500,1165560000,24100,1307610000,92759607,17.99
03/04/2025,11400,612420000,54.1(-1.46 %),17700,957780000,6300,345360000,92790924,17.98
04/04/2025,61200,3291820000,54.7(1.11 %),74400,3998070000,13200,706250000,92740624,18.0
08/04/2025,-27300,-1470300000,53.9(-1.46 %),6200,330770000,33500,1801070000,92740724,18.0
09/04/2025,-11800,-639820000,53.8(-0.19 %),11500,611760000,23300,1251580000,92742424,18.0
10/04/2025,-45900,-2541490000,55.6(3.35 %),1600,88780000,47500,2630270000,92771786,17.99
11/04/2025,-21400,-1183910000,55.8(0.36 %),18700,1029330000,40100,2213240000,92776489,17.99
14/04/2025,-34500,-1906370000,55.3(-0.90 %),13600,749360000,48100,2655730000,92810391,17.98
15/04/2025,-47600,-2610510000,55.1(-0.36 %),10100,552460000,57700,3162970000,92840400,17.96
16/04/2025,7700,419850000,54.8(-0.54 %),24300,1329990000,16600,910140000,92864200,17.96
17/04/2025,-31100,-1695480000,54.9(0.18 %),26300,1429890000,57400,3125370000,92895663,17.95
18/04/2025,40000,2207340000,55.7(1.46 %),61800,3416580000,21800,1209240000,92850463,17.96
21/04/2025,44300,2483320000,56.1(0.72 %),51700,2897140000,7400,413820000,92856163,17.96
22/04/2025,-66100,-3651120000,57.3(2.14 %),29400,1618110000,95500,5269230000,92848601,17.96
23/04/2025,-33100,-1860330000,56.9(-0.70 %),500,28380000,33600,1888710000,92856501,17.96
24/04/2025,-2400,-139500000,56.9(0.00 %),19600,1101960000,22000,1241460000,92932401,17.93
25/04/2025,13800,784570000,57(0.18 %),22500,1278600000,8700,494030000,92943501,17.93
28/04/2025,10800,609850000,56.7(-0.53 %),13200,746930000,2400,137080000,92952301,17.93
29/04/2025,-6700,-378130000,56.8(0.18 %),2500,140320000,9200,518450000,92958501,17.92
05/05/2025,6900,248240000,56.5(-0.53 %),6900,389250000,0,141010000,92956501,17.92
06/05/2025,-11300,-631380000,56.3(-0.35 %),100,5630000,11400,637010000,92965725,17.92
07/05/2025,-7500,-419110000,56.3(0.00 %),1500,84430000,9000,503540000,92965725,17.92
08/05/2025,800,45280000,56.1(-0.36 %),6500,363570000,5700,318290000,92976225,17.92
09/05/2025,-83100,-4670990000,56(-0.18 %),86900,4866010000,170000,9537000000,92983735,17.92
12/05/2025,-20400,-1135670000,56(0.00 %),0,0,20400,1135670000,92983735,17.92
13/05/2025,-202900,-11380080000,56.1(0.18 %),19700,1100910000,222600,12480990000,93066835,17.89
14/05/2025,-1300,-73860000,56.2(0.18 %),6700,373520000,8000,447380000,93087235,17.88
15/05/2025,20700,748210000,55.9(-0.53 %),20700,1156240000,0,408030000,93276735,17.81
16/05/2025,12500,-1449023000,55.5(-0.72 %),12500,694040000,0,2143063000,93278035,17.81
19/05/2025,0,-216600000,55.6(0.18 %),0,0,0,216600000,93278035,17.81
20/05/2025,32996,-40268500,55(-1.08 %),32996,1814435300,0,1854703800,93304096,17.8
21/05/2025,8700,-2073150000,55.3(0.55 %),8700,474860000,0,2548010000,93307996,17.8
22/05/2025,8500,-618830000,55.3(0.00 %),8500,464040000,0,1082870000,93308727,17.8
23/05/2025,-24900,-1360400000,54.8(-0.90 %),3400,185350000,28300,1545750000,93346627,17.79
26/05/2025,0,-1135410000,55(0.36 %),0,0,0,1135410000,93357827,17.79
27/05/2025,-8000,-439770000,55.1(0.18 %),700,37820000,8700,477590000,93382727,17.78
28/05/2025,13400,-44620000,54.8(-0.54 %),13400,731640000,0,776260000,93403627,17.77
29/05/2025,200,-1024765600,54.8(0.00 %),200,10920000,0,1035685600,93411627,17.77
30/05/2025,29700,290710000,54.6(-0.36 %),29700,1609720000,0,1319010000,93407027,17.77
02/06/2025,0,-1442730000,54.9(0.55 %),0,0,0,1442730000,93425766,17.76
03/06/2025,700,-736660000,54.5(-0.73 %),700,37990000,0,774650000,93425766,17.76
04/06/2025,5300,-652390300,54.4(-0.18 %),5300,287220000,0,939610300,93452366,17.75
05/06/2025,50400,1503062000,54.1(-0.55 %),50400,2725820000,0,1222758000,93437910,17.76
06/06/2025,2400,-790670000,53.5(-1.11 %),2400,129030000,0,919700000,93449924,17.75
09/06/2025,1800,-842140000,53(-0.93 %),1800,93780000,0,935920000,93449924,17.75
10/06/2025,0,-1345020000,52.8(-0.38 %),0,0,0,1345020000,93464624,17.75
11/06/2025,33100,1683665000,52.8(0.00 %),46400,2383245000,13300,699580000,93447424,17.76
12/06/2025,-23700,-1248370000,53(0.38 %),0,0,23700,1248370000,93473024,17.75
13/06/2025,-23500,-1240520000,52.7(-0.57 %),7100,373170000,30600,1613690000,93473024,17.75
16/06/2025,-19900,-1039660000,52.4(-0.57 %),200,10460000,20100,1050120000,93496750,17.74
17/06/2025,32200,1681060000,53(1.15 %),36300,1898300000,4100,217240000,93488107,17.74
18/06/2025,100,5820000,53.4(0.75 %),7600,401960000,7500,396140000,93507932,17.73
19/06/2025,102400,5585510000,56.5(5.81 %),108400,5914630000,6000,329120000,93405532,17.77
20/06/2025,119800,7074560000,59(4.42 %),138700,8128230000,18900,1053670000,93285732,17.81
23/06/2025,-33200,-1927750000,58.6(-0.68 %),2700,156080000,35900,2083830000,93285732,17.81
24/06/2025,36900,2150930000,58(-1.02 %),87400,5070300000,50500,2919370000,93248832,17.82
25/06/2025,-22200,-1280140000,58(0.00 %),100,5800000,22300,1285940000,93282032,17.81
26/06/2025,-12600,-723510000,57(-1.72 %),5200,298120000,17800,1021630000,93282032,17.81
27/06/2025,-5000,-287200000,57(0.00 %),36400,2055940000,41400,2343140000,93304232,17.8
30/06/2025,31000,1750860000,57.5(0.88 %),37600,2130000000,6600,379140000,93285832,17.81
01/07/2025,-15800,-899980000,57(-0.87 %),8500,482990000,24300,1382970000,93290832,17.81
02/07/2025,-5900,-333560000,56.3(-1.23 %),3400,191130000,9300,524690000,93290832,17.81
03/07/2025,-9500,-532810000,56.4(0.18 %),1000,56000000,10500,588810000,93306632,17.8
04/07/2025,-31900,-1785690000,56(-0.71 %),300,16740000,32200,1802430000,93312532,17.8
07/07/2025,-26600,-1479040000,55.5(-0.89 %),0,0,26600,1479040000,93322109,17.8
08/07/2025,-24900,-1378210000,55.2(-0.54 %),2200,121670000,27100,1499880000,93354014,17.79
09/07/2025,17300,954260000,55.9(1.27 %),27900,1546130000,10600,591870000,93363114,17.78
10/07/2025,6700,373510000,55.9(0.00 %),17100,954120000,10400,580610000,93363114,17.78
11/07/2025,92500,5171500000,56.5(1.07 %),99800,5582770000,7300,411270000,93288835,17.81
14/07/2025,10800,599960000,56.5(0.00 %),29900,1675640000,19100,1075680000,93278035,17.81
15/07/2025,-12000,-674750000,56.3(-0.35 %),1200,67530000,13200,742280000,93278035,17.81
16/07/2025,-12400,-694470000,56.2(-0.18 %),100,5570000,12500,700040000,93278035,17.81
17/07/2025,20100,1124930000,56.2(0.00 %),27200,1523470000,7100,398540000,93278035,17.81
18/07/2025,-40200,-2243920000,56(-0.36 %),600,33490000,40800,2277410000,93281335,17.81
21/07/2025,-9200,-502460000,54.8(-2.14 %),11300,628220000,20500,1130680000,93280535,17.81
22/07/2025,-59000,-3220990000,54.5(-0.55 %),9400,511710000,68400,3732700000,93320738,17.8
23/07/2025,-40300,-2212390000,55.3(1.47 %),6800,372740000,47100,2585130000,93329938,17.8
24/07/2025,-26900,-1492110000,55.5(0.36 %),17400,958830000,44300,2450940000,93824238,17.63
25/07/2025,-39000,-2152960000,55.2(-0.54 %),2600,143010000,41600,2295970000,93864538,17.61
28/07/2025,-26500,-1468030000,55.2(0.00 %),19400,1064650000,45900,2532680000,93891391,17.6
29/07/2025,40100,2208580000,54.9(-0.54 %),58500,3218100000,18400,1009520000,93889950,17.6
30/07/2025,-46300,-2522450000,53.9(-1.82 %),15100,820190000,61400,3342640000,93916450,17.59
31/07/2025,-34500,-1864390000,53.9(0.00 %),6600,357800000,41100,2222190000,93916450,17.59
01/08/2025,-55600,-3030710000,54.8(1.67 %),7900,427410000,63500,3458120000,93962750,17.58
04/08/2025,-40800,-2227800000,54.6(-0.36 %),100,5440000,40900,2233240000,93997277,17.57
05/08/2025,-47400,-2599700000,54.9(0.55 %),300,16380000,47700,2616080000,94052877,17.55
06/08/2025,-38400,-2112810000,55(0.18 %),14400,788580000,52800,2901390000,94093677,17.53
07/08/2025,-35100,-1916020000,54.7(-0.55 %),28800,1579820000,63900,3495840000,94140777,17.52
08/08/2025,-18900,-1033910000,54.7(0.00 %),400,21880000,19300,1055790000,94179177,17.5
11/08/2025,55100,3009630000,54.9(0.37 %),74800,4090050000,19700,1080420000,94158776,17.51
12/08/2025,18900,1027370000,55.3(0.73 %),68300,3758050000,49400,2730680000,94158576,17.51
13/08/2025,-44800,-2466950000,55(-0.54 %),8300,459820000,53100,2926770000,94158576,17.51
14/08/2025,-45400,-2483970000,54.7(-0.55 %),200,10920000,45600,2494890000,94158576,17.51
15/08/2025,-34800,-1897040000,54.5(-0.37 %),4000,217980000,38800,2115020000,94203376,17.49
18/08/2025,-100,-8280000,54.8(0.55 %),14900,813270000,15000,821550000,94248776,17.48
19/08/2025,-12800,-680950000,54(-1.46 %),18100,991030000,30900,1671980000,94283576,17.47
20/08/2025,-76500,-4136140000,53.9(-0.19 %),8900,481480000,85400,4617620000,94283376,17.47
21/08/2025,-66800,-3587890000,54(0.19 %),0,0,66800,3587890000,94295776,17.46
22/08/2025,-75400,-4028040000,53.5(-0.93 %),2800,148910000,78200,4176950000,94295776,17.46
25/08/2025,-16900,-902280000,53.5(0.00 %),200,10620000,17100,912900000,94372276,17.44
26/08/2025,-51200,-2755100000,0(-100.00 %),0,0,51200,2755100000,94439076,17.41
