Ngay,KLGDRong,GTDGRong,ThayDoi,KLMua,GtMua,KLBan,GtBan,RoomConLai,DangSoHuu
05/01/2018,5009910,189541240000,0(0.00 %),5078810,192188900000,68900,2647660000,74480343,22.41
08/01/2018,13730483,505988350000,0(0.00 %),14372903,531476400000,642420,25488050000,60127440,23.87
09/01/2018,510250,16212620000,0(0.00 %),5637800,219082550000,5127550,202869930000,58241240,24.06
10/01/2018,4034820,160454820000,0(0.00 %),4521690,179792140000,486870,19337320000,53788450,24.52
11/01/2018,4023220,168180770000,0(0.00 %),4194520,175114810000,171300,6934040000,50216350,24.88
12/01/2018,7357720,327860420000,0(0.00 %),8322620,369801810000,964900,41941390000,43269680,25.59
15/01/2018,-1258230,-56601440000,45.5(0.11 %),1256100,56562460000,2514330,113163900000,42500450,25.67
16/01/2018,1296660,57827080000,44.95(-1.21 %),2467390,110349790000,1170730,52522710000,40611360,25.86
17/01/2018,1239260,54731360000,42.7(-5.01 %),1777950,78443970000,538690,23712610000,39798310,25.94
18/01/2018,1806790,74502750000,44(3.04 %),2260270,94090380000,453480,19587630000,40052370,25.92
19/01/2018,947910,42944530000,45.2(2.73 %),2346280,106622420000,1398370,63677890000,38599820,26.07
22/01/2018,7900,389800000,45.3(0.22 %),244190,10964940000,236290,10575140000,38894320,26.04
25/01/2018,3503760,162818090000,47.8(5.52 %),5925690,273990440000,2421930,111172350000,36320550,26.3
26/01/2018,-442590,-20952000000,47(-1.67 %),199350,9422360000,641940,30374360000,36121200,26.32
29/01/2018,-1371470,-64461140000,47.05(0.11 %),200900,9408170000,1572370,73869310000,35920300,26.34
30/01/2018,-1304370,-60771350000,47(-0.11 %),890660,41212050000,2195030,101983400000,36057790,26.32
31/01/2018,858070,39945370000,46.6(-0.85 %),4728560,211974060000,3870490,172028690000,34871170,26.45
01/02/2018,429480,19875080000,46(-1.29 %),1549910,71583760000,1120430,51708680000,34993630,26.43
02/02/2018,-629580,-28878510000,46(0.00 %),865800,39743030000,1495380,68621540000,36322860,26.3
05/02/2018,156070,6532620000,43(-6.52 %),663150,28809500000,507080,22276880000,36630200,26.27
06/02/2018,132530,5462390000,41(-4.65 %),1353320,54548960000,1220790,49086570000,36297310,26.3
07/02/2018,1339630,58452180000,43.85(6.95 %),1994630,87170180000,655000,28718000000,35798060,26.35
08/02/2018,4431654,198706590000,44.9(2.39 %),5353984,240247140000,922330,41540550000,30951156,26.84
09/02/2018,282030,12329090000,44.6(-0.67 %),1273930,56085550000,991900,43756460000,30898016,26.85
12/02/2018,105950,4837700000,46.5(4.26 %),2354280,106527260000,2248330,101689560000,30206766,26.92
13/02/2018,-3024950,-140535100000,46.6(0.22 %),463440,21618010000,3488390,162153110000,30863516,26.85
21/02/2018,-543440,-25149430000,46.7(0.21 %),791280,36453100000,1334720,61602530000,31268136,26.81
22/02/2018,-154920,-7100300000,45(-3.64 %),591080,27003130000,746000,34103430000,32467356,26.69
23/02/2018,-324050,-14491470000,44.55(-1.00 %),56660,2539490000,380710,17030960000,35701226,26.36
26/02/2018,-698340,-30903110000,44(-1.23 %),73180,3235750000,771520,34138860000,36758766,26.25
27/02/2018,-128990,-5624590000,44.5(1.14 %),197740,8600800000,326730,14225390000,36807026,26.25
28/02/2018,-355260,-15544230000,44.4(-0.22 %),1323060,58073700000,1678320,73617930000,36864676,26.24
01/03/2018,-1046120,-45751830000,43.95(-1.01 %),17250,755870000,1063370,46507700000,37618946,26.17
02/03/2018,-108640,-4700170000,43.55(-0.91 %),620160,26904520000,728800,31604690000,37325516,26.2
05/03/2018,-305050,-13161140000,43(-1.26 %),150030,6465260000,455080,19626400000,37853806,26.14
06/03/2018,-1471580,-63229030000,43.2(0.47 %),60790,2611430000,1532370,65840460000,38856386,26.04
07/03/2018,-433930,-18609810000,42.5(-1.62 %),1802126,77508680000,2236056,96118490000,39475706,25.98
08/03/2018,-1387370,-58421860000,42.5(0.00 %),307730,13047740000,1695100,71469600000,39623056,25.96
09/03/2018,184740,7919390000,42.5(0.00 %),1500540,63668220000,1315800,55748830000,40554886,25.87
12/03/2018,-412100,-17500170000,42.5(0.00 %),313600,13280020000,725700,30780190000,40784696,25.84
13/03/2018,-409300,-17255700000,42.3(-0.47 %),556710,23456430000,966010,40712130000,41923086,25.73
14/03/2018,-2270740,-98530760000,44(4.02 %),544960,23814570000,2815700,122345330000,41793926,25.74
15/03/2018,168890,7417930000,44.5(1.14 %),919890,40628120000,751000,33210190000,41599736,25.76
16/03/2018,462660,20585640000,44.8(0.67 %),874310,38984830000,411650,18399190000,41691436,25.75
19/03/2018,3528800,158936330000,45.2(0.89 %),9260930,417403070000,5732130,258466740000,39820606,25.94
20/03/2018,-1059740,-47079900000,44(-2.65 %),694090,30814110000,1753830,77894010000,39877516,25.94
21/03/2018,253410,11080950000,43.5(-1.14 %),443380,19348620000,189970,8267670000,39845786,25.94
22/03/2018,-1106050,-47318100000,42.5(-2.30 %),496910,21318290000,1602960,68636390000,40806606,25.84
23/03/2018,49540,2096090000,42(-1.18 %),183560,7639260000,134020,5543170000,42376876,25.68
26/03/2018,164700,7383660000,43.7(4.05 %),385800,16719130000,221100,9335470000,42181046,25.7
27/03/2018,-248890,-10795450000,44.8(2.52 %),932430,41198590000,1181320,51994040000,42551576,25.66
28/03/2018,628800,28373530000,45.45(1.45 %),666030,30059040000,37230,1685510000,42019566,25.72
29/03/2018,519060,23910700000,46(1.21 %),675620,31129460000,156560,7218760000,41565046,25.76
30/03/2018,431070,19571690000,45.9(-0.22 %),432470,19635390000,1400,63700000,42313896,25.69
02/04/2018,164390,7561580000,45.6(-0.65 %),442590,20293470000,278200,12731890000,41908536,25.73
03/04/2018,178940,8111570000,45.6(0.00 %),561890,25540770000,382950,17429200000,41503206,25.77
04/04/2018,1007440,46741410000,46.5(1.97 %),2463070,114187740000,1455630,67446330000,39654236,25.96
05/04/2018,20880,976130000,46.45(-0.11 %),979110,45388580000,958230,44412450000,39453326,25.98
06/04/2018,759360,35237350000,46.45(0.00 %),1393200,64658980000,633840,29421630000,38543076,26.07
09/04/2018,2464800,116975000000,48.7(4.84 %),4668760,221610110000,2203960,104635110000,35217246,26.41
10/04/2018,3817090,190415370000,50.6(3.90 %),4850670,241961870000,1033580,51546500000,30824806,26.86
11/04/2018,2313380,115829680000,50.1(-0.99 %),3056330,153106800000,742950,37277120000,28302316,27.11
12/04/2018,1387190,68477000000,49.1(-2.00 %),2097290,103522330000,710100,35045330000,27978986,27.15
13/04/2018,1700000,84446590000,50(1.83 %),1790650,88985050000,90650,4538460000,27221916,27.23
16/04/2018,2530230,128329910000,51(2.00 %),3178810,161370870000,648580,33040960000,24786064,27.47
17/04/2018,723690,36964010000,50.8(-0.39 %),1066920,54450400000,343230,17486390000,24359244,27.52
18/04/2018,2533690,129610580000,51.8(1.97 %),2763190,141492850000,229500,11882270000,21686704,27.79
19/04/2018,762390,38516580000,49.2(-5.02 %),1394250,70236780000,631860,31720200000,20941040,27.87
20/04/2018,382900,18862950000,50.1(1.83 %),1327760,65303350000,944860,46440400000,20304510,27.93
23/04/2018,985300,49505810000,46.6(-6.99 %),1456010,72367760000,470710,22861950000,19078000,28.06
24/04/2018,139660,6505770000,45(-3.43 %),1067400,48396380000,927740,41890610000,18642460,28.1
26/04/2018,807080,34945190000,42.2(-6.22 %),2058820,89212900000,1251740,54267710000,17180500,28.25
27/04/2018,-206430,-8696200000,42.8(1.42 %),517870,22079860000,724300,30776060000,17133340,28.25
02/05/2018,322300,13250220000,42(-1.87 %),640570,26707970000,318270,13457750000,17420510,28.22
03/05/2018,248170,10179540000,43.5(3.57 %),866380,36353160000,618210,26173620000,17805870,28.18
04/05/2018,-371140,-15974700000,43(-1.15 %),5645585,245574890000,6016725,261549590000,18514732,28.11
07/05/2018,123050,4579050000,43.5(1.16 %),5667045,244240420000,5543995,239661370000,17805252,28.18
08/05/2018,-201340,-8690550000,43.2(-0.69 %),416500,17959940000,617840,26650490000,18006962,28.16
09/05/2018,118890,5063750000,42.9(-0.69 %),302350,12892850000,183460,7829100000,18091192,28.16
10/05/2018,-357000,-14840630000,40(-6.76 %),5810,242110000,362810,15082740000,18990090,28.06
11/05/2018,-182590,-7348150000,41.4(3.50 %),27850,1108580000,210440,8456730000,19580080,28.0
14/05/2018,-168870,-6875860000,40.5(-2.17 %),5010,203190000,173880,7079050000,19758530,27.99
15/05/2018,-81680,-3299990000,40.9(0.99 %),596210,24355780000,677890,27655770000,19525130,28.01
16/05/2018,-360670,-14701450000,40.15(-1.83 %),25280,1016020000,385950,15717470000,19710290,27.99
17/05/2018,138200,5589100000,40.5(0.87 %),188490,7628450000,50290,2039350000,19695680,27.99
18/05/2018,-77950,-3145920000,40.55(0.12 %),187020,7702580000,264970,10848500000,20186550,27.94
21/05/2018,361800,14767570000,41.1(1.36 %),852500,34836480000,490700,20068910000,19720000,27.99
22/05/2018,-648500,-25109270000,39(-5.11 %),32750,1263930000,681250,26373200000,19737540,27.99
23/05/2018,-479220,-18089820000,37.7(-3.33 %),51400,1937920000,530620,20027740000,19951110,27.97
24/05/2018,-1199580,-43398730000,35.5(-5.84 %),26470,955630000,1226050,44354360000,20415340,27.92
25/05/2018,-954040,-33626530000,35.25(-0.70 %),1424590,49651470000,2378630,83278000000,20322000,27.93
28/05/2018,1519190,52120330000,32.8(-6.95 %),2574290,88144990000,1055100,36024660000,18778330,28.09
29/05/2018,-878760,-30539870000,35.05(6.86 %),1738340,59733650000,2617100,90273520000,18348600,28.13
30/05/2018,-2973270,-106664960000,36.7(4.71 %),684070,24780870000,3657340,131445830000,19593160,28.0
31/05/2018,93690,3536090000,39(6.27 %),942430,36247930000,848740,32711840000,19205830,28.04
01/06/2018,412320,16871370000,41.2(5.64 %),2007330,82425700000,1595010,65554330000,20283040,27.93
04/06/2018,-403710,-16934850000,43(4.37 %),426900,17865960000,830610,34800810000,23495480,27.6
05/06/2018,303840,13203390000,43.2(0.47 %),1248940,54000690000,945100,40797300000,23205280,27.63
06/06/2018,-195710,-8441130000,43.2(0.00 %),539090,23245590000,734800,31686720000,24120020,27.54
07/06/2018,759170,33371190000,44.6(3.24 %),1290970,56631980000,531800,23260790000,23877660,27.57
08/06/2018,-303190,-13272820000,43.4(-2.69 %),477100,20885110000,780290,34157930000,24670170,27.49
11/06/2018,-102350,-4331150000,41.9(-3.46 %),421710,17912680000,524060,22243830000,24898950,27.46
12/06/2018,-188100,-7371720000,40.9(-2.39 %),443670,17578670000,631770,24950390000,24587080,27.49
13/06/2018,6040,242340000,41(0.24 %),58570,2408020000,52530,2165680000,24874290,27.46
14/06/2018,-140280,-5579330000,39.2(-4.39 %),72950,2982040000,213230,8561370000,25000890,27.45
15/06/2018,-533110,-20692570000,39.1(-0.26 %),135270,5278710000,668380,25971280000,25497390,27.4
18/06/2018,-670300,-25216470000,36.8(-5.88 %),131860,4957490000,802160,30173960000,25418060,27.41
19/06/2018,233020,8487260000,36.8(0.00 %),2078870,76089620000,1845850,67602360000,23552420,27.6
20/06/2018,-600180,-21179980000,36.3(2.25 %),678170,24184610000,1278350,45364590000,24036630,27.55
21/06/2018,2450,90510000,36.5(0.55 %),191170,6932180000,188720,6841670000,24647620,27.49
22/06/2018,354100,13127920000,37.4(2.47 %),726400,26912400000,372300,13784480000,25767070,27.37
25/06/2018,-40030,-1500070000,37.3(-0.27 %),30900,1156910000,70930,2656980000,26520520,27.3
26/06/2018,-20340,-770160000,36.8(-1.34 %),126250,4613880000,146590,5384040000,26582990,27.29
27/06/2018,11020,412100000,36.2(-1.63 %),100000,3674660000,88980,3262560000,26855290,27.26
28/06/2018,-347830,-12194030000,34.6(-4.42 %),102680,3596910000,450510,15790940000,26823540,27.27
29/06/2018,-194540,-6909868500,36.15(4.48 %),121120,4296469500,315660,11206338000,27018080,27.25
02/07/2018,176750,6272280000,36.2(0.14 %),446700,15985580000,269950,9713300000,26491290,27.3
03/07/2018,549870,19935830000,34.7(-4.14 %),1016460,36574670000,466590,16638840000,25925340,27.36
04/07/2018,-896210,-30582610000,34.3(-1.15 %),193790,6592260000,1090000,37174870000,26047210,27.34
05/07/2018,633990,20948030000,32.8(-4.37 %),1629990,54781450000,996000,33833420000,25067620,27.44
06/07/2018,-1422270,-47422840000,35(6.71 %),502410,16882350000,1924680,64305190000,25231800,27.43
09/07/2018,-211100,-7373770000,35.2(0.57 %),644370,22647310000,855470,30021080000,25877430,27.36
10/07/2018,98160,3502960000,35.1(-0.28 %),206160,7366300000,108000,3863340000,26286820,27.32
11/07/2018,-402730,-13362780000,32.8(-6.55 %),40500,1347380000,443230,14710160000,27971000,27.15
12/07/2018,-54560,-1824386000,33(0.61 %),53750,1761163000,108310,3585549000,28025560,27.14
13/07/2018,-451640,-14980580000,33.45(1.36 %),67020,2222070000,518660,17202650000,28613700,27.08
16/07/2018,-324440,-10868680000,33.55(0.30 %),19960,666330000,344400,11535010000,29036970,27.04
17/07/2018,-552240,-18364620000,33.55(0.00 %),179110,5924310000,731350,24288930000,28966170,27.05
18/07/2018,59470,2086954500,35.25(5.07 %),91200,3205371500,31730,1118417000,28906700,27.05
19/07/2018,-53870,-1920920000,35.1(-0.43 %),214290,7614800000,268160,9535720000,29523740,26.99
20/07/2018,-105380,-3655020000,35.4(0.85 %),56900,1974040000,162280,5629060000,30198190,26.92
23/07/2018,77770,2727863500,35.2(-0.56 %),161770,5686115000,84000,2958251500,30120420,26.93
24/07/2018,-57710,-2009730000,34(-3.41 %),57290,1966130000,115000,3975860000,30279018,26.91
25/07/2018,-58370,-1992940000,33.5(-1.47 %),94130,3181380000,152500,5174320000,30347168,26.91
26/07/2018,12110,387250000,32.8(-2.09 %),105020,3460800000,92910,3073550000,30326148,26.91
27/07/2018,3750,137260000,33.4(1.83 %),252660,8425360000,248910,8288100000,30188488,26.92
30/07/2018,85850,2999093500,35.2(5.39 %),243000,8440908000,157150,5441814500,30102638,26.93
31/07/2018,496970,17567370000,35.6(1.14 %),551220,19470785000,54250,1903415000,29605668,26.98
01/08/2018,1055280,37749325500,35.75(0.42 %),1213880,43443883000,158600,5694557500,28550388,27.09
02/08/2018,-123320,-4332130000,35.2(-1.54 %),130920,4605740000,254240,8937870000,28710938,27.07
03/08/2018,280120,10071046000,35.85(1.85 %),579610,20648641000,299490,10577595000,28430818,27.1
06/08/2018,350520,12554220000,35.85(0.00 %),518040,18560747000,167520,6006527000,28080298,27.14
07/08/2018,4010,119805500,36.2(0.98 %),1001080,36355310000,997070,36235504500,28076288,27.14
08/08/2018,67820,2465692000,36.5(0.83 %),192820,7005148500,125000,4539456500,28008468,27.14
09/08/2018,-14100,-522800000,36.4(-0.27 %),417900,15324040000,432000,15846840000,27285588,27.22
10/08/2018,463500,16866340000,37.1(1.92 %),1569830,57403810000,1106330,40537470000,26762828,27.27
13/08/2018,-263540,-9798520000,37.4(0.81 %),484460,18018640000,748000,27817160000,26743368,27.27
14/08/2018,29660,1122350000,37.4(0.00 %),332650,12332550000,302990,11210200000,26842718,27.26
15/08/2018,-119690,-4430840000,36.5(-2.41 %),37810,1396980000,157500,5827820000,27511238,27.2
16/08/2018,100800,3662000000,36.65(0.41 %),501300,18153260000,400500,14491260000,27792938,27.17
17/08/2018,-236180,-8539677500,35.9(-2.05 %),305200,10995965000,541380,19535642500,28029118,27.14
20/08/2018,-181290,-6409418500,35(-2.51 %),128620,4566807500,309910,10976226000,28210408,27.12
21/08/2018,3910,136921500,35.5(1.43 %),23910,841721500,20000,704800000,28206498,27.12
22/08/2018,302270,10872550000,36(1.41 %),463860,16657750000,161590,5785200000,27898718,27.16
23/08/2018,104960,3760870000,35.9(-0.28 %),237320,8526970000,132360,4766100000,27971308,27.15
24/08/2018,480420,17277638000,36(0.28 %),2006420,72113638000,1526000,54836000000,27490888,27.2
27/08/2018,-75200,-2705280000,36(0.00 %),6450,232480000,81650,2937760000,27640028,27.18
28/08/2018,90340,3252810000,36.05(0.14 %),137440,4948160000,47100,1695350000,27634948,27.18
29/08/2018,-21120,-775030000,37.2(3.19 %),380,13780000,21500,788810000,27660568,27.18
30/08/2018,692690,26186050000,38.2(2.69 %),722690,27320400000,30000,1134350000,27019528,27.25
31/08/2018,325220,12392640000,38.15(-0.13 %),842950,32108120000,517730,19715480000,26588088,27.29
04/09/2018,190370,7134480000,37.4(-1.97 %),227970,8544184000,37600,1409704000,26397718,27.31
05/09/2018,-47670,-1760338500,37(-1.07 %),195430,7235331500,243100,8995670000,26445388,27.3
06/09/2018,-32310,-1192755000,36.5(-1.35 %),13000,478010000,45310,1670765000,26477698,27.3
07/09/2018,-150500,-5487212000,36.65(0.41 %),28120,1030318000,178620,6517530000,26628198,27.29
10/09/2018,521500,19319470000,37(0.95 %),521500,19319470000,0,0,26087588,27.34
11/09/2018,-231100,-8573870000,37.1(0.27 %),83700,3106290000,314800,11680160000,26049198,27.34
12/09/2018,19800,736650000,37.1(0.00 %),27300,1015230000,7500,278580000,26200518,27.33
13/09/2018,507100,19185440000,38.6(4.04 %),532070,20138320000,24970,952880000,25668448,27.38
14/09/2018,220090,8475130000,38.6(0.00 %),441190,16979880000,221100,8504750000,25542058,27.4
17/09/2018,312290,11992590000,38.4(-0.52 %),440000,16897130000,127710,4904540000,25109558,27.44
18/09/2018,100570,3827440000,38.25(-0.39 %),207050,7892710000,106480,4065270000,24927479,27.46
19/09/2018,188040,7224280000,38.5(0.65 %),441080,16953640000,253040,9729360000,24707499,27.48
20/09/2018,216840,8372020000,38.85(0.91 %),539310,20816160000,322470,12444140000,24295899,27.52
21/09/2018,233960,9038030000,38.85(0.00 %),586560,22667670000,352600,13629640000,24010519,27.55
24/09/2018,62010,2406943500,39(0.39 %),170010,6620433500,108000,4213490000,23948509,27.56
25/09/2018,-55110,-2144164770,38.9(-0.26 %),160000,6225120000,215110,8369284770,24003619,27.55
26/09/2018,-80830,-3140164670,38.6(-0.77 %),82500,3205042500,163330,6345207170,24084449,27.54
27/09/2018,42130,1627540500,38.55(-0.13 %),601600,23230586750,559470,21603046250,24042319,27.55
28/09/2018,352770,13677245000,38.85(0.78 %),505640,19606339000,152870,5929094000,23689549,27.59
01/10/2018,-152560,-6007202560,39.4(1.42 %),80,3150080,152640,6010352640,24367299,27.52
02/10/2018,-30100,-1183695000,39.2(-0.51 %),11000,433425000,41100,1617120000,24397399,27.51
03/10/2018,-158700,-6246410500,39.45(0.64 %),143970,5665839000,302670,11912249500,24556099,27.5
04/10/2018,-502880,-19457622500,38.75(-1.77 %),217770,8598540500,720650,28056163000,25058979,27.45
05/10/2018,-26700,-1024988500,38(-1.94 %),5850,224715000,32550,1249703500,25085679,27.44
08/10/2018,-14700,-556130000,37.8(-0.53 %),700,25990000,15400,582120000,24745149,27.48
09/10/2018,-171560,-6492350000,37.7(-0.26 %),1010,38280000,172570,6530630000,25464789,27.4
10/10/2018,-10010,-378246000,37.8(0.27 %),0,0,10010,378246000,25474799,27.4
11/10/2018,-38710,-1389383000,36.1(-4.50 %),10540,376428000,49250,1765811000,25513509,27.4
12/10/2018,1270,45909000,36.5(1.11 %),3640,131543000,2370,85634000,25512239,27.4
15/10/2018,-353120,-12520290000,35.5(-2.74 %),90020,3189400000,443140,15709690000,25591119,27.39
16/10/2018,397850,14426833500,37(4.23 %),400850,14536033500,3000,109200000,25193269,27.43
17/10/2018,212170,7888826000,37.15(0.41 %),214570,7978229000,2400,89403000,24981099,27.45
18/10/2018,23950,884620000,36.95(-0.54 %),23950,884620000,0,0,25446509,27.41
19/10/2018,-81890,-2948076000,36.3(-1.76 %),133350,4802154000,215240,7750230000,25528399,27.4
22/10/2018,49080,1800830000,36.5(0.55 %),59680,2189090000,10600,388260000,25258879,27.43
23/10/2018,11480,424793000,36(-1.37 %),42130,1526812000,30650,1102019000,25247399,27.43
24/10/2018,-321390,-11380852000,35(-2.78 %),16470,580950000,337860,11961802000,25568789,27.39
25/10/2018,-11120,-382647000,34.3(-2.00 %),18510,633166000,29630,1015813000,25579909,27.39
26/10/2018,294030,10307446000,34.4(0.29 %),1431930,49566691500,1137900,39259245500,25285879,27.42
29/10/2018,-425780,-14524740000,34.1(-0.87 %),11130,377650000,436910,14902390000,24933059,27.46
30/10/2018,-238020,-8048332500,33.2(-2.64 %),203980,6945014500,442000,14993347000,25171079,27.43
31/10/2018,-817860,-26728660000,32.8(-1.20 %),514600,16884220000,1332460,43612880000,25988939,27.35
01/11/2018,-397400,-13085900000,32.85(0.15 %),18100,595370000,415500,13681270000,26000819,27.35
02/11/2018,-543770,-18087646000,33.5(1.98 %),683680,22564940000,1227450,40652586000,26544589,27.29
05/11/2018,-477990,-15744220000,33.4(-0.30 %),18800,618220000,496790,16362440000,26472799,27.3
06/11/2018,-165350,-5444637500,32.85(-1.65 %),555250,18264475000,720600,23709112500,26638149,27.28
07/11/2018,114090,3779160000,33.2(1.07 %),235260,7782640000,121170,4003480000,27591889,27.19
08/11/2018,-245770,-8198396500,33.2(0.00 %),107960,3591051000,353730,11789447500,27837659,27.16
09/11/2018,105230,3440540000,32.8(-1.20 %),342310,11231700000,237080,7791160000,28092359,27.14
12/11/2018,-172240,-5526290000,32(-2.44 %),466100,14959300000,638340,20485590000,28157429,27.13
13/11/2018,-339170,-10532056000,30(-6.25 %),66680,2044406000,405850,12576462000,28496599,27.1
14/11/2018,-120010,-3688836000,28.8(-4.00 %),481740,13819486500,601750,17508322500,28616609,27.08
15/11/2018,-705870,-19818055000,28(-2.78 %),354010,10025467000,1059880,29843522000,29322479,27.01
16/11/2018,287620,8712902500,29.95(6.96 %),1807920,52721278500,1520300,44008376000,29034859,27.04
19/11/2018,-102140,-3160900000,30.9(3.17 %),176230,5436920000,278370,8597820000,27697599,27.18
20/11/2018,123500,3737930000,30.45(-1.46 %),132000,3994100000,8500,256170000,28625479,27.08
21/11/2018,-113930,-3406770000,30.25(-0.66 %),254770,7605200000,368700,11011970000,29291009,27.01
22/11/2018,696230,21342980000,30.8(1.82 %),739730,22678210000,43500,1335230000,28829649,27.06
23/11/2018,469500,14391110000,30.3(-1.62 %),469500,14391110000,0,0,28360149,27.11
26/11/2018,351000,10634021000,30.5(0.66 %),364000,11026301500,13000,392280500,28009149,27.14
27/11/2018,190850,5799205500,30.2(-0.98 %),536100,16273144500,345250,10473939000,27818299,27.16
28/11/2018,210540,6347960000,30.35(0.50 %),595550,17953320000,385010,11605360000,27285199,27.22
29/11/2018,-14290,-437221000,30.25(-0.33 %),360590,10967832000,374880,11405053000,27299489,27.22
30/11/2018,-199050,-5970703000,30(-0.83 %),575200,17262220000,774250,23232923000,27498539,27.2
03/12/2018,668620,20962644000,32(6.67 %),670100,21007488000,1480,44844000,26422569,27.31
04/12/2018,-313220,-9725583000,31.7(-0.94 %),568490,17974982000,881710,27700565000,26735789,27.27
05/12/2018,-309190,-9523056000,31.2(-1.58 %),467090,14591827500,776280,24114883500,27044979,27.24
06/12/2018,-571260,-17465234500,30.5(-2.24 %),275280,8381572000,846540,25846806500,27616239,27.18
07/12/2018,-250480,-7673539500,30.6(0.33 %),496450,15222834000,746930,22896373500,27866719,27.16
10/12/2018,-11590,-344840000,30.65(0.16 %),145150,4425440000,156740,4770280000,27477709,27.2
11/12/2018,-365310,-11100650000,30.2(-1.47 %),133370,4049070000,498680,15149720000,27991879,27.15
12/12/2018,38920,1191669000,30.55(1.16 %),49500,1515034000,10580,323365000,27952959,27.15
13/12/2018,-285030,-8712937000,30.6(0.16 %),67680,2067100000,352710,10780037000,28237989,27.12
14/12/2018,-325080,-9848210000,30.2(-1.31 %),33100,999798000,358180,10848008000,28563069,27.09
17/12/2018,-31520,-946342500,29.5(-2.32 %),19170,573727500,50690,1520070000,28594589,27.09
18/12/2018,243400,7100850000,29.4(-0.34 %),292400,8518530000,49000,1417680000,29295669,27.01
19/12/2018,115170,3339465500,29(-1.36 %),240000,6964476000,124830,3625010500,29180499,27.03
20/12/2018,18220,521390000,29.05(0.17 %),22520,644800000,4300,123410000,29442019,27.0
21/12/2018,73380,2163000000,29.35(1.03 %),700950,20256120000,627570,18093120000,29244069,27.02
24/12/2018,402690,11697250000,29(-1.19 %),525200,15273250000,122510,3576000000,28843699,27.06
25/12/2018,-94550,-2605010000,28.75(-0.86 %),125350,3570240000,219900,6175250000,28722649,27.07
26/12/2018,423050,12182015500,28.8(0.17 %),465050,13389713000,42000,1207697500,28299599,27.12
27/12/2018,572260,16777248000,29.5(2.43 %),572260,16777248000,0,0,27727339,27.17
28/12/2018,542430,16305890000,30.3(2.71 %),602690,18113690000,60260,1807800000,27598629,27.19
02/01/2019,-169590,-4920523500,28.2(-6.93 %),25200,751900000,194790,5672423500,27615429,27.18
03/01/2019,-398830,-11286204500,28.15(-0.18 %),81470,2302795000,480300,13588999500,28014259,27.14
04/01/2019,-194180,-5524150000,29(3.02 %),198180,5646400000,392360,11170550000,27396039,27.21
07/01/2019,-156820,-4532371500,28.9(-0.34 %),150030,4334307000,306850,8866678500,27552859,27.19
08/01/2019,-791230,-22421210000,28.5(-1.38 %),403180,11385430000,1194410,33806640000,27917919,27.15
09/01/2019,349590,10107667000,28.9(1.40 %),2922870,84557763000,2573280,74450096000,27568329,27.19
10/01/2019,124990,3620870000,29(0.35 %),2664000,77269280000,2539010,73648410000,26775259,27.27
11/01/2019,-171100,-5022959000,29.2(0.69 %),1506730,43843930500,1677830,48866889500,26946359,27.25
14/01/2019,-178850,-5222190000,29.1(-0.34 %),4500,131230000,183350,5353420000,27136719,27.23
15/01/2019,-319300,-9270879500,29.2(0.34 %),119000,3453293500,438300,12724173000,27456019,27.2
16/01/2019,-151220,-4390299000,29.2(0.00 %),70000,2028271000,221220,6418570000,27607239,27.19
17/01/2019,-312110,-9042300000,28.9(-1.03 %),85130,2474730000,397240,11517030000,29112779,27.03
18/01/2019,-169110,-4927650000,29.1(0.69 %),60100,1744940000,229210,6672590000,29390979,27.0
21/01/2019,-243120,-7150180000,29.65(1.89 %),55390,1622520000,298510,8772700000,29556809,26.99
22/01/2019,-634440,-19118540000,30.1(1.52 %),817920,24637620000,1452360,43756160000,29881129,26.95
23/01/2019,-134610,-4031000000,30(-0.33 %),95800,2888770000,230410,6919770000,30014539,26.94
24/01/2019,-18920,-569926000,29.95(-0.17 %),415680,12447914000,434600,13017840000,30034659,26.94
25/01/2019,-5000,-149360000,29.95(0.00 %),460480,13790920000,465480,13940280000,31002729,26.84
28/01/2019,96300,2886180000,30(0.17 %),114300,3424030000,18000,537850000,29943359,26.95
29/01/2019,10210,304760000,30(0.00 %),274980,8226780000,264770,7922020000,31128459,26.83
30/01/2019,-166500,-4984617500,30(0.00 %),47000,1409257500,213500,6393875000,30099649,26.93
31/01/2019,67080,2041288000,30.5(1.67 %),347880,10573196500,280800,8531908500,30032569,26.94
01/02/2019,-617640,-18836844000,30.5(0.00 %),77130,2350334500,694770,21187178500,0,0.0
11/02/2019,-283620,-8663059500,30.65(0.49 %),17570,536535000,301190,9199594500,30979839,26.84
12/02/2019,40960,1284280000,31.1(1.47 %),603090,18634720000,562130,17350440000,30569859,26.88
13/02/2019,-2018870,-61591170000,31.2(0.32 %),311940,9737740000,2330810,71328910000,31952689,26.74
14/02/2019,-148050,-4581450000,30.8(-1.28 %),25200,783720000,173250,5365170000,32228679,26.71
15/02/2019,-356830,-10863202500,30.4(-1.30 %),50260,1527141000,407090,12390343500,31462629,26.79
18/02/2019,-37400,-1104110000,30.6(0.66 %),511490,15597090000,548890,16701200000,34559869,26.48
19/02/2019,-871600,-26271665000,30(-1.96 %),10310,313880000,881910,26585545000,32371629,26.7
20/02/2019,-161110,-4810734500,29.7(-1.00 %),3910,116784000,165020,4927518500,32532739,26.68
21/02/2019,-441860,-13140986500,29.8(0.34 %),163400,4865037500,605260,18006024000,32974599,26.64
22/02/2019,-53980,-1607290000,30.1(1.01 %),172300,5199540000,226280,6806830000,36471089,26.28
25/02/2019,-46460,-1402840000,31(2.99 %),53540,1655510000,100000,3058350000,36582569,26.27
26/02/2019,119220,3633276000,30.65(-1.13 %),143190,4367436500,23970,734160500,32955819,26.64
27/02/2019,31390,962280000,30.6(-0.16 %),31390,962280000,0,0,36989529,26.23
28/02/2019,107200,3250780000,30(-1.96 %),108010,3275550000,810,24770000,36981519,26.23
01/03/2019,-2500,-75770000,30.4(1.33 %),0,0,2500,75770000,37005489,26.23
04/03/2019,-122860,-3740247000,30.4(0.00 %),11970,364192000,134830,4104439000,37128349,26.22
05/03/2019,-3090,-95310000,30.7(0.99 %),5290,162290000,8380,257600000,36989039,26.23
06/03/2019,140,4290000,30.7(0.00 %),140,4290000,0,0,36991399,26.23
07/03/2019,-126480,-3867210000,30.7(0.00 %),310,9502000,126790,3876712000,37257919,26.2
08/03/2019,-9630,-293380000,30.4(-0.98 %),1690,50980000,11320,344360000,37132609,26.21
11/03/2019,-69130,-2085840000,30.4(0.00 %),10900,329170000,80030,2415010000,37121709,26.22
12/03/2019,-84300,-2568210000,30.9(1.64 %),25700,785910000,110000,3354120000,37222799,26.21
13/03/2019,442240,13745200000,31(0.32 %),1175800,36543350000,733560,22798150000,36208319,26.31
14/03/2019,22280,663732500,30.9(-0.32 %),455770,14046243000,433490,13382510500,36956459,26.23
15/03/2019,557890,17466120000,31.8(2.91 %),1506780,47318690000,948890,29852570000,34755299,26.46
18/03/2019,-533600,-17017790000,31.8(0.00 %),99330,3164330000,632930,20182120000,35269529,26.4
19/03/2019,-136040,-4374970000,31.9(0.31 %),311350,9939840000,447390,14314810000,35212169,26.41
20/03/2019,113660,3558213000,31.75(-0.47 %),414390,12999726000,300730,9441513000,36954549,26.23
21/03/2019,45190,1413875000,31(-2.36 %),164190,5182494500,119000,3768619500,36909359,26.24
22/03/2019,133420,4149552500,31(0.00 %),654050,20295546000,520630,16145993500,36775939,26.25
25/03/2019,-99930,-3016770000,30.3(-2.26 %),260820,7927330000,360750,10944100000,35878659,26.34
26/03/2019,-303110,-9205610000,30.3(0.00 %),286510,8718500000,589620,17924110000,35711149,26.36
27/03/2019,-110750,-3376150000,30.35(0.17 %),793250,23938110000,904000,27314260000,35638529,26.37
28/03/2019,-656270,-19846040000,30.15(-0.66 %),422830,12782890000,1079100,32628930000,35987809,26.33
29/03/2019,-286290,-8586717500,30(-0.50 %),226170,6777500000,512460,15364217500,38232289,26.1
01/04/2019,-424580,-12638750000,29.55(-1.50 %),21360,636390000,445940,13275140000,37258899,26.2
02/04/2019,-771860,-22521480000,28.8(-2.54 %),0,0,771860,22521480000,37926645,26.13
03/04/2019,-1706530,-48347750000,28.25(-1.91 %),2380,67710000,1708910,48415460000,38211725,26.1
04/04/2019,-515150,-14949440000,29.2(3.36 %),55900,1623650000,571050,16573090000,38601765,26.07
05/04/2019,-425940,-12372346500,29.25(0.17 %),2610,75836500,428550,12448183000,38959739,26.03
08/04/2019,-264900,-7655520000,28.9(-1.20 %),7120,205920000,272020,7861440000,41072805,25.81
09/04/2019,-1004020,-28889089500,28.75(-0.52 %),120,3450000,1004140,28892539500,40228659,25.9
10/04/2019,20830,562060000,28.1(-2.26 %),555100,15628760000,534270,15066700000,41567185,25.76
11/04/2019,-236360,-6634795500,27.95(-0.53 %),24060,675226000,260420,7310021500,40444189,25.88
12/04/2019,-502310,-13904100000,27.7(-0.89 %),8300,231720000,510610,14135820000,42810985,25.64
16/04/2019,677490,19099270000,28.6(3.25 %),688160,19396780000,10670,297510000,42607095,25.66
17/04/2019,45370,1294336000,28.5(-0.35 %),56110,1601569500,10740,307233500,40223639,25.9
18/04/2019,-106050,-2977284000,28.1(-1.40 %),0,0,106050,2977284000,40329689,25.89
19/04/2019,22500,629160000,28.1(0.00 %),26500,741360000,4000,112200000,43306185,25.59
22/04/2019,-33160,-931916000,28.1(0.00 %),600,16740000,33760,948656000,40340349,25.89
23/04/2019,124790,3505790000,28.25(0.53 %),156850,4410960000,32060,905170000,43265525,25.59
24/04/2019,-64300,-1814408000,28.35(0.35 %),65700,1859500000,130000,3673908000,40279859,25.89
25/04/2019,-493000,-13807570000,28.1(-0.88 %),7000,195300000,500000,14002870000,43230585,25.59
26/04/2019,-74180,-2088308500,28.1(0.00 %),15010,421930500,89190,2510239000,40847039,25.84
02/05/2019,-340400,-9514453000,28.05(-0.18 %),19400,542462000,359800,10056915000,43377635,25.58
03/05/2019,-69210,-1919790000,28(-0.18 %),10,280000,69220,1920070000,43858225,25.53
06/05/2019,-194890,-5337420000,27.3(-2.50 %),12400,340410000,207290,5677830000,43935015,25.52
07/05/2019,-1085350,-28866960000,26.1(-4.40 %),16400,436540000,1101750,29303500000,44278415,25.49
08/05/2019,-365430,-9460280000,26.3(0.77 %),8000,206400000,373430,9666680000,44339635,25.48
09/05/2019,-29930,-775540000,26.75(1.71 %),201000,5294700000,230930,6070240000,44345925,25.48
10/05/2019,-191800,-5215290000,27.2(1.68 %),10,270000,191810,5215560000,45447665,25.37
13/05/2019,-873260,-23833392500,27.6(1.47 %),10040,271664000,883300,24105056500,46187505,25.29
14/05/2019,-260780,-7079810000,27.2(-1.45 %),220,5990000,261000,7085800000,46041765,25.31
15/05/2019,-567500,-15484351500,27.6(1.47 %),200,5360000,567700,15489711500,47015785,25.21
16/05/2019,-300800,-8207810000,27.3(-1.09 %),54200,1473500000,355000,9681310000,47112475,25.2
17/05/2019,-328670,-8847280000,27(-1.10 %),9200,246670000,337870,9093950000,47364275,25.17
20/05/2019,-324530,-8784010000,27.15(0.56 %),470,12720000,325000,8796730000,47931505,25.11
21/05/2019,-576270,-15585700000,27.1(-0.18 %),3900,105690000,580170,15691390000,48232605,25.08
22/05/2019,-181060,-4885390000,27(-0.37 %),1700,45730000,182760,4931120000,48568775,25.05
23/05/2019,-682990,-18071650000,26.5(-1.85 %),10,260000,683000,18071910000,48893765,25.02
24/05/2019,-7390,-196477500,26.5(0.00 %),14580,384912000,21970,581389500,48901155,25.02
27/05/2019,15000,401275000,26.95(1.70 %),15000,401275000,0,0,48886155,25.02
28/05/2019,-141440,-3763214500,26.9(-0.19 %),28500,757035000,169940,4520249500,49027595,25.0
29/05/2019,221410,5936650000,26.95(0.19 %),221410,5936650000,0,0,50082175,24.89
30/05/2019,300610,8152960000,27.35(1.48 %),307610,8343360000,7000,190400000,49774565,24.93
31/05/2019,165750,4520020000,27.3(-0.18 %),172750,4711170000,7000,191150000,49771755,24.93
03/06/2019,-4280,-126410000,26.75(-2.01 %),184320,4928550000,188600,5054960000,49587435,24.95
04/06/2019,-144210,-3832420000,26.6(-0.56 %),100990,2682790000,245200,6515210000,49493445,24.95
05/06/2019,-237000,-6352480000,26.9(1.13 %),206000,5501920000,443000,11854400000,49294445,24.98
06/06/2019,-264860,-7110340000,26.8(-0.37 %),2710,72800000,267570,7183140000,49480335,24.96
07/06/2019,-230380,-6175445500,26.9(0.37 %),68000,1821338500,298380,7996784000,50463885,24.86
10/06/2019,-124610,-3351092500,26.8(-0.37 %),152010,4073630500,276620,7424723000,50588495,24.84
11/06/2019,-388290,-10366220000,26.75(-0.19 %),38710,1035230000,427000,11401450000,50177385,24.89
12/06/2019,11890,315770000,26.8(0.19 %),252290,6742620000,240400,6426850000,50223475,24.88
13/06/2019,-201220,-5351980000,26.6(-0.75 %),62510,1666900000,263730,7018880000,50437585,24.86
14/06/2019,-497150,-13231190000,26.6(0.00 %),66500,1766580000,563650,14997770000,50798085,24.82
17/06/2019,-22320,-588500000,26.5(-0.38 %),100330,2661740000,122650,3250240000,50938155,24.81
18/06/2019,-163050,-4301993000,26(-1.89 %),50520,1312534000,213570,5614527000,51049235,24.8
19/06/2019,-499050,-13030920000,26.25(0.96 %),100310,2615720000,599360,15646640000,51614705,24.74
20/06/2019,-443690,-11890753000,26.9(2.48 %),106510,2863959000,550200,14754712000,51991975,24.7
21/06/2019,-405530,-10879615000,26.6(-1.12 %),48600,1298313000,454130,12177928000,52397505,24.66
24/06/2019,-384300,-10238232500,26.65(0.19 %),53500,1426042500,437800,11664275000,52781805,24.62
25/06/2019,-149200,-3977347500,26.7(0.19 %),253000,6745315500,402200,10722663000,52931005,24.6
26/06/2019,-100000,-2661859500,26.6(-0.37 %),0,0,100000,2661859500,53031005,24.59
27/06/2019,-245420,-6512280000,26.55(-0.19 %),0,0,245420,6512280000,53730805,24.52
28/06/2019,87010,2669407500,27.5(3.58 %),431170,11844390000,344160,9174982500,53189415,24.58
01/07/2019,-292020,-7883560000,26.9(-2.18 %),52990,1425530000,345010,9309090000,53548845,24.54
02/07/2019,-912090,-24147990000,26.5(-1.49 %),129480,3431830000,1041570,27579820000,53784785,24.52
03/07/2019,-338700,-8911398500,26.3(-0.75 %),136610,3598262500,475310,12509661000,54852625,24.41
04/07/2019,-570910,-15029990000,26.5(0.76 %),100,2630000,571010,15032620000,54437245,24.45
05/07/2019,140050,3691289500,26.25(-0.94 %),649570,17124299500,509520,13433010000,55283485,24.36
08/07/2019,-372020,-9679740000,26(-0.95 %),8760,228600000,380780,9908340000,55525795,24.34
09/07/2019,-289980,-7512697500,26.15(0.58 %),1020,26515000,291000,7539212500,55945485,24.3
10/07/2019,-7850,-200400500,25.95(-0.76 %),517110,13418936500,524960,13619337000,55953335,24.3
11/07/2019,-10220,-267488500,26.1(0.58 %),500030,13042181500,510250,13309670000,55963555,24.3
12/07/2019,-59800,-1564930000,26.15(0.19 %),230400,5996660000,290200,7561590000,55741545,24.32
15/07/2019,-9150,-254276000,26.1(-0.19 %),200850,5212685500,210000,5466961500,56032505,24.29
16/07/2019,-19130,-499209500,26.05(-0.19 %),300870,7846664500,320000,8345874000,56051635,24.29
17/07/2019,289500,7592750000,26.4(1.34 %),304500,7987500000,15000,394750000,56098735,24.28
18/07/2019,30790,806470000,26.35(-0.19 %),30800,806730000,10,260000,56277935,24.26
19/07/2019,-8100,-212115000,26.4(0.19 %),1900,49885000,10000,262000000,55739445,24.32
22/07/2019,6000,157530000,26.1(-1.14 %),6000,157530000,0,0,56605035,24.23
23/07/2019,10880,282844500,26.15(0.19 %),11530,299777000,650,16932500,55722565,24.32
24/07/2019,13930,362180000,26.1(-0.19 %),13930,362180000,0,0,56589585,24.23
25/07/2019,16720,432150000,26.15(0.19 %),30500,790750000,13780,358600000,56559085,24.23
26/07/2019,-2900,-75100000,26.05(-0.38 %),100,2600000,3000,77700000,55694815,24.32
29/07/2019,-39860,-1036460000,26(-0.19 %),1000,25900000,40860,1062360000,56558635,24.23
30/07/2019,-200000,-5190987500,26(0.00 %),0,0,200000,5190987500,55934675,24.3
31/07/2019,-219480,-5690300000,25.95(-0.19 %),0,0,219480,5690300000,56577035,24.23
01/08/2019,-158200,-4101338000,26(0.19 %),91800,2382120000,250000,6483458000,56617895,24.23
02/08/2019,571140,14822687500,26.05(0.19 %),722740,18753317000,151600,3930629500,56046755,24.29
05/08/2019,-146000,-3763190000,25.6(-1.73 %),15000,385200000,161000,4148390000,56207835,24.27
06/08/2019,-174100,-4321160000,25(-2.34 %),226400,5627760000,400500,9948920000,56231435,24.27
07/08/2019,-189200,-4654309000,25(0.00 %),72600,1809985000,261800,6464294000,56556055,24.23
08/08/2019,219510,5434105000,25(0.00 %),561010,13906703500,341500,8472598500,56336545,24.26
09/08/2019,1164590,29987356000,26.3(5.20 %),1652280,42761924000,487690,12774568000,55171955,24.38
12/08/2019,414010,10764000000,26.15(-0.57 %),595000,15466820000,180990,4702820000,54423855,24.45
13/08/2019,-43770,-1121441500,26.05(-0.38 %),168280,4339691500,212050,5461133000,54801715,24.41
14/08/2019,411890,10723184000,26.3(0.96 %),755970,19615504000,344080,8892320000,54389825,24.46
15/08/2019,12000,284640000,26.35(0.19 %),112000,2914960000,100000,2630320000,54424785,24.45
16/08/2019,137100,3588580000,26.4(0.19 %),568270,14992080000,431170,11403500000,54068565,24.49
19/08/2019,112750,2969500000,26.35(-0.19 %),331500,8730740000,218750,5761240000,54154145,24.48
20/08/2019,60920,1596101500,26.3(-0.19 %),460920,12099777000,400000,10503675500,54067055,24.49
21/08/2019,327860,8621861000,26.5(0.76 %),529520,13924251000,201660,5302390000,53739195,24.52
22/08/2019,61550,1624130000,26.45(-0.19 %),70050,1848330000,8500,224200000,54043575,24.49
23/08/2019,210000,5526400000,26.4(-0.19 %),210000,5526400000,0,0,54033575,24.49
26/08/2019,-44560,-1155908500,26.3(-0.38 %),177000,4588038000,221560,5743946500,53512205,24.55
27/08/2019,737670,19451428500,26.5(0.76 %),1034670,27301864000,297000,7850435500,52774535,24.62
28/08/2019,-29010,-767942000,26.4(-0.38 %),218000,5737391000,247010,6505333000,52803545,24.62
29/08/2019,-899230,-23138057500,26.25(-0.57 %),382610,9916300500,1281840,33054358000,53702775,24.53
30/08/2019,-233180,-6057530000,26(-0.95 %),16820,438900000,250000,6496430000,52913195,24.61
03/09/2019,-130300,-3368348000,25.7(-1.15 %),719400,18517407500,849700,21885755500,53160205,24.58
04/09/2019,-280640,-7178330000,25.55(-0.58 %),15210,389370000,295850,7567700000,53527435,24.54
05/09/2019,-498040,-12670760000,25.55(0.00 %),10200,259590000,508240,12930350000,53767235,24.52
06/09/2019,-372850,-9491250500,25.5(-0.20 %),10000,254500000,382850,9745750500,54311735,24.46
09/09/2019,-115740,-2949433000,25.5(0.00 %),300,7650000,116040,2957083000,54427475,24.45
10/09/2019,-58300,-1435431500,25.4(-0.39 %),242190,6151626000,300490,7587057500,54485775,24.45
11/09/2019,-248600,-6241383500,25.4(0.00 %),4900,122850000,253500,6364233500,54734375,24.42
12/09/2019,-246810,-6292821500,25.7(1.18 %),4000,101200000,250810,6394021500,54981185,24.4
13/09/2019,0,0,26(1.17 %),0,0,0,0,54981185,24.4
16/09/2019,-285500,-7458620000,26.3(1.15 %),150000,3912250000,435500,11370870000,56062515,24.29
17/09/2019,395530,10313070000,26.2(-0.38 %),775500,20262757000,379970,9949687000,54896155,24.4
18/09/2019,-196800,-5149350000,26.1(-0.38 %),1400,36510000,198200,5185860000,55761425,24.32
19/09/2019,-254030,-6673468500,26.35(0.96 %),213900,5597111500,467930,12270580000,55346985,24.36
20/09/2019,-213480,-5644160000,26.35(0.00 %),7800,206210000,221280,5850370000,55560465,24.34
23/09/2019,-89400,-2354353000,26.4(0.19 %),210600,5540943000,300000,7895296000,55649865,24.33
24/09/2019,43840,1144502000,26.25(-0.57 %),319660,8388634000,275820,7244132000,55606025,24.33
25/09/2019,287780,7571850000,26.45(0.76 %),640860,16857950000,353080,9286100000,56071485,24.28
26/09/2019,-439030,-11643330000,26.5(0.19 %),648500,17176970000,1087530,28820300000,55722985,24.32
27/09/2019,-636440,-16920070000,26.65(0.57 %),464800,12322030000,1101240,29242100000,55534005,24.34
30/09/2019,-119950,-3388584000,27.7(3.94 %),909500,25149412500,1029450,28537996500,56513665,24.24
01/10/2019,617970,17253050000,28.25(1.99 %),2542980,71388780000,1925010,54135730000,53524195,24.54
02/10/2019,338980,9551607000,28.1(-0.53 %),1567800,44235583000,1228820,34683976000,55728195,24.32
03/10/2019,-408630,-11321340000,27.8(-1.07 %),700000,19503000000,1108630,30824340000,53924775,24.5
04/10/2019,-545670,-15074689500,27.5(-1.08 %),103530,2873305000,649200,17947994500,56682495,24.22
07/10/2019,-28350,-792072500,27.4(-0.36 %),276650,7605637000,305000,8397709500,56710845,24.22
08/10/2019,-105320,-2906120500,27.6(0.73 %),395350,10862204000,500670,13768324500,56816165,24.21
09/10/2019,-433220,-11938640000,27.5(-0.36 %),24900,685950000,458120,12624590000,57798315,24.11
10/10/2019,-306700,-8447264000,27.65(0.55 %),276480,7612192000,583180,16059456000,57556085,24.13
11/10/2019,-1121540,-31422590000,28(1.27 %),50700,1416090000,1172240,32838680000,57973625,24.09
14/10/2019,-806840,-22788030000,28.4(1.43 %),54860,1548780000,861700,24336810000,58376885,24.05
15/10/2019,17080,482810000,28.3(-0.35 %),157080,4459970000,140000,3977160000,58802985,24.01
16/10/2019,-44630,-1265502000,28.2(-0.35 %),211420,5957411500,256050,7222913500,59512015,23.93
17/10/2019,-7500,-223970000,27.9(-1.06 %),101000,2822400000,108500,3046370000,60624505,23.82
18/10/2019,-7950,-222410000,27.95(0.18 %),50,1400000,8000,223810000,60764455,23.81
21/10/2019,28640,802120000,28(0.18 %),150000,4200000000,121360,3397880000,59498825,23.93
22/10/2019,-211230,-5913867000,27.95(-0.18 %),2050,57272500,213280,5971139500,59710055,23.91
23/10/2019,376470,10472770000,28.25(1.07 %),1088680,30406750000,712210,19933980000,59796275,23.9
24/10/2019,-90980,-2730393000,29.2(3.36 %),793030,22441036500,884010,25171429500,59424565,23.94
25/10/2019,-622700,-17953210000,28.9(-1.03 %),300,8730000,623000,17961940000,59337585,23.95
28/10/2019,-83740,-2429081000,28.9(0.00 %),26260,756419000,110000,3185500000,60131005,23.87
29/10/2019,-256080,-7380268000,28.8(-0.35 %),26000,746300000,282080,8126568000,60387085,23.84
30/10/2019,-206200,-5972370000,28.9(0.35 %),263800,7598540000,470000,13570910000,61240745,23.76
31/10/2019,-237850,-6972130000,29.45(1.90 %),645690,18928540000,883540,25900670000,60705055,23.81
01/11/2019,-62760,-1836658000,29.3(-0.51 %),119140,3475365000,181900,5312023000,60987135,23.78
04/11/2019,-146960,-4379130000,29.5(0.68 %),546340,15989180000,693300,20368310000,60791655,23.8
05/11/2019,189200,5549550000,29.5(0.00 %),207600,6091980000,18400,542430000,61467595,23.73
06/11/2019,-136890,-4013920000,29.1(-1.36 %),39010,1139500000,175900,5153420000,61610485,23.72
07/11/2019,1690,49964500,29.15(0.17 %),13690,398389500,12000,348425000,61080095,23.77
08/11/2019,-833850,-24759385500,29.65(1.72 %),54570,1622699500,888420,26382085000,61913945,23.69
11/11/2019,747010,22009259000,29.6(-0.17 %),748010,22038809000,1000,29550000,61166935,23.76
12/11/2019,-96180,-2835470000,29.5(-0.34 %),71800,2114110000,167980,4949580000,61622015,23.72
13/11/2019,101530,2970652000,29.5(0.00 %),332720,9753988000,231190,6783336000,61161585,23.77
14/11/2019,-133090,-3915638500,29(-1.69 %),136280,3997605500,269370,7913244000,61294675,23.75
15/11/2019,-2960,-87060000,28.35(-2.24 %),48400,1392060000,51360,1479120000,62162015,23.66
18/11/2019,766530,22077460000,28.7(1.23 %),766530,22077460000,0,0,61626675,23.72
19/11/2019,309810,8890098000,28.8(0.35 %),554540,15939797500,244730,7049699500,60221295,23.86
20/11/2019,255740,7309550000,28.9(0.35 %),362600,10400880000,106860,3091330000,61008715,23.78
21/11/2019,56380,1629320000,28.45(-1.56 %),85010,2445860000,28630,816540000,60923705,23.79
22/11/2019,-65060,-1836511000,27.8(-2.28 %),30700,875500000,95760,2712011000,59974235,23.89
25/11/2019,-68120,-1890570000,27.8(0.00 %),24400,679470000,92520,2570040000,61220195,23.76
26/11/2019,-76730,-2143890000,27.8(0.00 %),453280,12601040000,530010,14744930000,60795545,23.8
27/11/2019,-47170,-1294778000,27(-2.88 %),61580,1705771000,108750,3000549000,60166255,23.87
28/11/2019,-54350,-1446988000,26.15(-3.15 %),6030,159658000,60380,1606646000,60220605,23.86
29/11/2019,75660,1992970000,26.5(1.34 %),75830,1997460000,170,4490000,61370395,23.74
02/12/2019,-268740,-6962080000,25.55(-3.58 %),5000,131550000,273740,7093630000,61474145,23.73
03/12/2019,-301160,-7687636500,25.55(0.00 %),100640,2569032500,401800,10256669000,61780305,23.7
04/12/2019,496810,13115120000,27.3(6.85 %),506310,13361350000,9500,246230000,60927745,23.79
05/12/2019,64260,1792854000,27.9(2.20 %),271780,7583502000,207520,5790648000,61219235,23.76
06/12/2019,10,-128000,27.8(-0.36 %),5610,156102500,5600,156230500,61219225,23.76
09/12/2019,300230,8308970000,28(0.72 %),535380,14818170000,235150,6509200000,60871015,23.8
10/12/2019,-166000,-4594930000,27.7(-1.07 %),334000,9250850000,500000,13845780000,60875535,23.79
11/12/2019,77840,2135640000,28(1.08 %),198000,5496350000,120160,3360710000,60683135,23.81
12/12/2019,-30720,-869050000,28(0.00 %),182530,5102030000,213250,5971080000,60735755,23.81
13/12/2019,73640,2051472500,27.95(-0.18 %),167680,4685154500,94040,2633682000,60964235,23.79
16/12/2019,-201250,-5554520000,27.55(-1.43 %),117130,3239410000,318380,8793930000,60871105,23.79
17/12/2019,-234670,-6377176000,26.95(-2.18 %),16820,455961000,251490,6833137000,61400155,23.74
18/12/2019,-221450,-5826720000,26.45(-1.86 %),33580,893790000,255030,6720510000,61134275,23.77
19/12/2019,-199000,-5217724500,26.2(-0.95 %),16000,419255500,215000,5636980000,61820605,23.7
20/12/2019,-414270,-10852980000,26.2(0.00 %),5420,142000000,419690,10994980000,61685865,23.71
23/12/2019,-521080,-13658900000,26.3(0.38 %),20850,546400000,541930,14205300000,61927895,23.69
24/12/2019,-301380,-8018290000,26.8(1.90 %),198620,5293170000,500000,13311460000,61944275,23.69
25/12/2019,-68280,-1836310000,26.7(-0.37 %),3000,80250000,71280,1916560000,62360965,23.64
26/12/2019,-181340,-4808767000,26.5(-0.75 %),109800,2911510000,291140,7720277000,63306955,23.55
27/12/2019,-672690,-17899944000,27(1.89 %),87310,2329084500,760000,20229028500,63979645,23.48
30/12/2019,-353030,-9504120000,26.9(-0.37 %),171730,4624080000,524760,14128200000,63105335,23.57
31/12/2019,-813000,-22023612500,27.55(2.42 %),0,0,813000,22023612500,65094025,23.36
02/01/2020,-1472050,-40248560000,27.8(0.91 %),11950,328180000,1484000,40576740000,64144525,23.46
03/01/2020,-160800,-4427950000,27.55(-0.90 %),343200,9431800000,504000,13859750000,64326085,23.44
06/01/2020,-162060,-4398345000,27(-2.00 %),7850,212813500,169910,4611158500,64479335,23.43
07/01/2020,-341420,-9122260000,26.7(-1.11 %),200100,5402670000,541520,14524930000,66622985,23.21
08/01/2020,-596960,-15938832000,26.7(0.00 %),235330,6223311000,832290,22162143000,65417715,23.33
09/01/2020,-21770,-598756500,27.5(3.00 %),13720,368044500,35490,966801000,65439485,23.33
10/01/2020,378410,10590470000,28.1(2.18 %),379070,10609060000,660,18590000,67224425,23.15
13/01/2020,24880,695750000,27.9(-0.71 %),25460,711820000,580,16070000,67835965,23.09
14/01/2020,17020,473670000,28(0.36 %),17100,475910000,80,2240000,67854355,23.08
15/01/2020,930,26376500,27.75(-0.89 %),8010,222712500,7080,196336000,65018245,23.37
16/01/2020,1145340,32561180000,28.65(3.24 %),1442530,41025760000,297190,8464580000,66593055,23.21
17/01/2020,46190,1325070000,28.55(-0.35 %),239920,6890190000,193730,5565120000,66362635,23.24
20/01/2020,-61260,-1728150000,28.25(-1.05 %),91130,2571340000,152390,4299490000,66283295,23.24
21/01/2020,161080,4640690000,28.95(2.48 %),414110,11921910000,253030,7281220000,65986225,23.27
22/01/2020,-257850,-7408320000,29(0.17 %),317150,9123830000,575000,16532150000,65862805,23.29
30/01/2020,437400,12352901000,27.95(-3.62 %),648400,18316785000,211000,5963884000,65806675,23.29
31/01/2020,-379090,-10124460000,27(-3.40 %),6240,170150000,385330,10294610000,65618295,23.31
03/02/2020,499680,13246532000,27(0.00 %),556740,14758446000,57060,1511914000,66193295,23.25
04/02/2020,697010,19095228500,27.55(2.04 %),760240,20823874000,63230,1728645500,65496285,23.32
05/02/2020,1247270,35002468000,28.4(3.09 %),1301830,36551972000,54560,1549504000,64249015,23.45
06/02/2020,813840,23689891000,29.9(5.28 %),1158010,33810995500,344170,10121104500,63435175,23.53
07/02/2020,719620,21511450000,29.95(0.17 %),1120500,33485980000,400880,11974530000,62345955,23.64
10/02/2020,128240,3772361000,29.5(-1.50 %),237740,7002934000,109500,3230573000,62587315,23.62
11/02/2020,-243030,-7047870000,29(-1.69 %),1686840,48938276640,1929870,55986146640,62830345,23.6
12/02/2020,-222930,-6509556000,29.2(0.69 %),340560,9986652000,563490,16496208000,63053275,23.57
13/02/2020,158770,4636084000,29.2(0.00 %),640570,18801104000,481800,14165020000,62894505,23.59
14/02/2020,-59500,-1701700000,28.6(-2.05 %),169400,4868540000,228900,6570240000,62954005,23.58
17/02/2020,-61580,-1780220000,28.75(0.52 %),414350,11858630000,475930,13638850000,62435455,23.64
18/02/2020,-200660,-5782990000,28.65(-0.35 %),45800,1319070000,246460,7102060000,62505455,23.63
19/02/2020,-6140,-177603500,28.5(-0.52 %),312990,8889869000,319130,9067472500,63222385,23.56
20/02/2020,-157880,-4495620000,28.4(-0.35 %),15290,434230000,173170,4929850000,62934775,23.58
21/02/2020,88600,2512214500,28.4(0.00 %),371400,10593959500,282800,8081745000,63291665,23.55
24/02/2020,358920,10014520000,27.25(-4.05 %),672510,18746160000,313590,8731640000,62508575,23.63
25/02/2020,-107130,-3004630000,28(2.75 %),494920,13637370000,602050,16642000000,62386825,23.64
26/02/2020,71610,1971520000,27.7(-1.07 %),466720,12907560000,395110,10936040000,62482908,23.63
27/02/2020,-359360,-10015548500,28(1.08 %),315780,8806906000,675140,18822454500,63327625,23.54
28/02/2020,-322150,-8955770000,27.8(-0.71 %),249650,6621770000,571800,15577540000,63649775,23.51
02/03/2020,-463490,-12852740000,27.7(-0.36 %),204630,5669090000,668120,18521830000,63077468,23.57
03/03/2020,-1340950,-37482480000,27.7(0.00 %),137070,3832130000,1478020,41314610000,63316538,23.55
04/03/2020,-428930,-12026402500,28.15(1.62 %),71530,2001890500,500460,14028293000,64847348,23.39
05/03/2020,-168370,-4777571000,28(-0.53 %),89240,2539281500,257610,7316852500,65015718,23.37
06/03/2020,-50910,-1403780000,28(0.00 %),11330,312750000,62240,1716530000,65680378,23.3
09/03/2020,271120,7034138500,26.05(-6.96 %),503780,13171019500,232660,6136881000,64795508,23.39
10/03/2020,-569660,-14779432000,25.8(-0.96 %),194610,5023066500,764270,19802498500,65365168,23.34
11/03/2020,22210,501850000,24.5(-5.04 %),135270,3358540000,113060,2856690000,65667028,23.31
12/03/2020,-73550,-1663780000,22.8(-6.94 %),74970,1727590000,148520,3391370000,65824718,23.29
13/03/2020,-108240,-2523890000,23(0.88 %),213260,4726320000,321500,7250210000,66368078,23.23
16/03/2020,-1662260,-36071042000,21.7(-5.65 %),1235000,26461400000,2897260,62532442000,67187008,23.15
17/03/2020,-588120,-12406123500,21.2(-2.30 %),121710,2577063500,709830,14983187000,67775128,23.09
18/03/2020,-500750,-10663530000,21.3(0.47 %),114220,2430300000,614970,13093830000,66607228,23.21
19/03/2020,-500750,-10663533000,20.9(-1.88 %),114220,2430296000,614970,13093829000,68776628,22.99
20/03/2020,-558370,-11154969000,20.9(0.00 %),52850,1084239500,611220,12239208500,69334998,22.93
23/03/2020,-336120,-6541720000,19.45(-6.94 %),10900,212010000,347020,6753730000,69558338,22.91
24/03/2020,-286990,-5537618500,19(-2.31 %),136590,2629638000,423580,8167256500,69958108,22.87
25/03/2020,90820,1762040000,19.9(4.74 %),289420,5622490000,198600,3860450000,70934568,22.77
26/03/2020,-293380,-5650279500,19.6(-1.51 %),142620,2783794500,436000,8434074000,70160668,22.85
27/03/2020,-167070,-3144550000,18.25(-6.89 %),40020,759280000,207090,3903830000,71522528,22.71
30/03/2020,-351350,-5986740000,17.25(-5.48 %),99530,1704710000,450880,7691450000,71621598,22.7
31/03/2020,-192730,-3392140000,17.8(3.19 %),111270,1996420000,304000,5388560000,71946328,22.67
01/04/2020,32960,603239000,18.95(6.46 %),125270,2310633500,92310,1707394500,72153418,22.64
03/04/2020,-646550,-12440264000,19.55(3.17 %),65920,1281640000,712470,13721904000,72799968,22.58
06/04/2020,-954680,-18970790000,20.5(4.86 %),13690,270750000,968370,19241540000,72703418,22.59
07/04/2020,-367540,-7418550000,20.75(1.22 %),196210,4025330000,563750,11443880000,72711868,22.59
08/04/2020,-355650,-7199310000,20.65(-0.48 %),36380,744150000,392030,7943460000,73374188,22.52
09/04/2020,-1224640,-24880240000,20.65(0.00 %),17110,351270000,1241750,25231510000,74325448,22.42
10/04/2020,-1036230,-20750060500,20(-3.15 %),48620,979491000,1084850,21729551500,76738708,22.18
13/04/2020,-2515020,-50298204000,20.2(1.00 %),120480,2433696000,2635500,52731900000,79253728,21.92
14/04/2020,-941370,-18634110000,20(-0.99 %),103490,2056370000,1044860,20690480000,76122738,22.24
15/04/2020,87560,1811380500,20.65(3.25 %),219190,4492977000,131630,2681596500,80107538,21.83
16/04/2020,-57770,-1210281500,20.95(1.45 %),772740,16165722820,830510,17376004320,80165308,21.83
17/04/2020,-1329400,-28789110000,21.5(2.63 %),54800,1191710000,1384200,29980820000,79987928,21.85
20/04/2020,-337260,-7247160000,21.35(-0.70 %),1406540,30235140000,1743800,37482300000,79713018,21.87
21/04/2020,407900,8394430000,20.1(-5.85 %),1520960,31151350000,1113060,22756920000,79025858,21.94
22/04/2020,-43220,-903720000,20.8(3.48 %),326370,6666910000,369590,7570630000,80089808,21.84
23/04/2020,-1459310,-29965090000,20.6(-0.96 %),17500,363550000,1476810,30328640000,80816108,21.76
24/04/2020,-1567110,-32013910000,20.6(0.00 %),23050,470790000,1590160,32484700000,81756118,21.67
27/04/2020,-640130,-13089558500,20.5(-0.49 %),165050,3365520000,805180,16455078500,85133838,21.32
28/04/2020,-1167160,-23733820000,20.55(0.24 %),1025190,20765360000,2192350,44499180000,83404628,21.5
29/04/2020,-433780,-8920700000,20.65(0.49 %),1225680,25224110000,1659460,34144810000,83975278,21.44
04/05/2020,838160,17809080000,21.55(4.36 %),1022660,21719110000,184500,3910030000,83757798,21.46
05/05/2020,-214630,-4576660000,21.65(0.46 %),79560,1711910000,294190,6288570000,84870588,21.35
06/05/2020,-29880,-629142500,21.4(-1.15 %),123620,2642776500,153500,3271919000,85024968,21.33
07/05/2020,-803710,-17146290000,21.3(-0.47 %),37660,804240000,841370,17950530000,86347098,21.2
08/05/2020,-277920,-6314840000,22.4(5.16 %),206910,4593250000,484830,10908090000,86534378,21.18
11/05/2020,-3950,-966200250,22.55(0.67 %),86370,1018791750,90320,1984992000,86110548,21.22
12/05/2020,-77670,-1763410000,22.7(0.67 %),22260,505830000,99930,2269240000,87438258,21.09
13/05/2020,543100,12340320000,23.7(4.41 %),640190,14559590000,97090,2219270000,87206418,21.11
14/05/2020,-135870,-3152742500,23(-2.95 %),29310,681812000,165180,3834554500,85780988,21.26
15/05/2020,-59790,-1363045000,22.85(-0.65 %),20650,470465500,80440,1833510500,85840778,21.25
18/05/2020,218500,5015874000,23.2(1.53 %),302470,6929493000,83970,1913619000,85622278,21.27
19/05/2020,254870,6005230000,23.55(1.51 %),280410,6605410000,25540,600180000,87026098,21.13
20/05/2020,67140,1575773000,23.45(-0.42 %),95610,2243640000,28470,667867000,85300268,21.3
21/05/2020,48710,1189266500,25.05(6.82 %),110180,2631767500,61470,1442501000,85251558,21.31
22/05/2020,-90220,-2180790000,23.9(-4.59 %),14540,348801000,104760,2529591000,85341778,21.3
25/05/2020,-42960,-1025564000,24.1(0.84 %),200050,4800964000,243010,5826528000,85384738,21.3
26/05/2020,-37460,-898862000,24.35(1.04 %),27850,672383500,65310,1571245500,85422198,21.29
27/05/2020,-49520,-1188782500,23.7(-2.67 %),67600,1654154500,117120,2842937000,85471718,21.29
28/05/2020,-139200,-3312950000,23.7(0.00 %),58000,1384630000,197200,4697580000,87084338,21.12
29/05/2020,50100,1319164500,24.2(2.11 %),287400,6879509500,237300,5560345000,85560818,21.28
01/06/2020,11220,267010500,24.95(3.10 %),67310,1661070500,56090,1394060000,86958788,21.14
02/06/2020,165150,4399570000,26.65(6.81 %),295490,7872760000,130340,3473190000,86825978,21.15
03/06/2020,336430,9508530000,28.5(6.94 %),487460,13748590000,151030,4240060000,86575818,21.17
04/06/2020,-76200,-2163790000,27.8(-2.46 %),93640,2622620000,169840,4786410000,86538268,21.18
05/06/2020,-105310,-2881100000,27.5(-1.08 %),40790,1111870000,146100,3992970000,86575918,21.17
08/06/2020,-164930,-4531851000,27.4(-0.36 %),8180,227318500,173110,4759169500,86698338,21.16
09/06/2020,-173080,-4783730000,28.05(2.37 %),52160,1454890000,225240,6238620000,86814398,21.15
10/06/2020,8140,252719500,28(-0.18 %),81260,2273051500,73120,2020332000,86690198,21.16
11/06/2020,-293840,-8016360000,27.2(-2.86 %),13260,365340000,307100,8381700000,87031738,21.13
12/06/2020,-16060,-425897000,26.9(-1.10 %),4480,119462000,20540,545359000,87000098,21.13
15/06/2020,-947300,-26161644500,27.3(1.49 %),3240,88372000,950540,26250016500,87947398,21.03
16/06/2020,-400430,-10893625500,27.3(0.00 %),561590,15357823000,962020,26251448500,88347828,20.99
17/06/2020,-215330,-5810900000,26.85(-1.65 %),7410,199770000,222740,6010670000,87061908,21.13
18/06/2020,-204670,-5436040000,26.55(-1.12 %),102890,2736610000,307560,8172650000,87909558,21.04
19/06/2020,-96320,-2560195000,26.8(0.94 %),65680,1749451000,162000,4309646000,88864148,20.94
22/06/2020,-241830,-6410030000,26.5(-1.12 %),73350,1945590000,315180,8355620000,88958198,20.93
23/06/2020,-89700,-2363930000,26.5(0.00 %),117780,3119230000,207480,5483160000,89147978,20.91
24/06/2020,-138590,-3655416500,26.25(-0.94 %),28090,742558000,166680,4397974500,89334268,20.89
25/06/2020,-123420,-3181459000,25.7(-2.10 %),70200,1807935000,193620,4989394000,89457688,20.88
26/06/2020,-218200,-5582042500,25.35(-1.36 %),311290,7917018000,529490,13499060500,89675888,20.86
29/06/2020,-508850,-12319450000,24.7(-2.56 %),384430,9466780000,893280,21786230000,89213738,20.91
30/06/2020,-218200,-5582042500,24.8(0.40 %),311290,7917018000,529490,13499060500,90112288,20.81
01/07/2020,-641820,-15675506000,24.55(-1.01 %),76680,1879395500,718500,17554901500,89658018,20.86
02/07/2020,-379490,-9397830500,24.7(0.61 %),6890,172502000,386380,9570332500,90037508,20.82
03/07/2020,-174850,-4504380000,26(5.26 %),326420,8377080000,501270,12881460000,90677638,20.76
06/07/2020,-89730,-2325900000,26(0.00 %),24600,640670000,114330,2966570000,91371538,20.69
07/07/2020,-114180,-2978976000,26(0.00 %),40710,1067288000,154890,4046264000,90416268,20.78
08/07/2020,-95270,-2465897500,26.05(0.19 %),3600,93565000,98870,2559462500,90511538,20.77
09/07/2020,237970,6424306500,27.2(4.41 %),359370,9664205500,121400,3239899000,90273568,20.8
10/07/2020,-173920,-4672820000,26.65(-2.02 %),155940,4176180000,329860,8849000000,91875568,20.63
13/07/2020,-100400,-2678130000,26.65(0.00 %),93980,2508410000,194380,5186540000,91933458,20.63
14/07/2020,-278250,-7361275500,26.7(0.19 %),219360,5817584500,497610,13178860000,90826138,20.74
15/07/2020,-111850,-3000560000,26.85(0.56 %),106220,2861530000,218070,5862090000,91995478,20.62
16/07/2020,-171530,-4589871500,27.2(1.30 %),209490,5634733260,381020,10224604760,91109518,20.71
17/07/2020,13270,357240000,26.95(-0.92 %),120120,3237970000,106850,2880730000,92617408,20.56
20/07/2020,-115970,-3100815500,26.75(-0.74 %),63550,1712021500,179520,4812837000,91212218,20.7
21/07/2020,-71400,-1893660000,26.55(-0.75 %),106110,2833070000,177510,4726730000,92844398,20.54
22/07/2020,-313980,-8316870000,26.3(-0.94 %),10000,266460000,323980,8583330000,92850248,20.54
23/07/2020,-180680,-4741751000,26.6(1.14 %),80190,2110086500,260870,6851837500,91778278,20.64
24/07/2020,-59800,-1531290000,25.3(-4.89 %),98660,2551470000,158460,4082760000,93028428,20.52
27/07/2020,69410,1613666500,23.55(-6.92 %),213380,5049830500,143970,3436164000,91768668,20.65
28/07/2020,-88200,-2030230000,24(1.91 %),185180,4405230000,273380,6435460000,93231618,20.5
29/07/2020,422010,9841901000,23.8(-0.83 %),502960,11724112000,80950,1882211000,91434858,20.68
30/07/2020,170670,4111350000,24.1(1.26 %),183880,4427880000,13210,316530000,92847208,20.54
31/07/2020,120160,2878724000,23.95(-0.62 %),154660,3704521500,34500,825797500,90892688,20.73
03/08/2020,178620,4350010000,24.4(1.88 %),196620,4788760000,18000,438750000,92850258,20.54
04/08/2020,43780,1073656000,24.65(1.02 %),52260,1281661500,8480,208005500,93003098,20.52
05/08/2020,87220,2213240000,25.5(3.45 %),190090,4806620000,102870,2593380000,92655618,20.55
06/08/2020,316520,8198860000,26(1.96 %),320280,8296780000,3760,97920000,92353338,20.59
07/08/2020,298170,7745400000,26.05(0.19 %),310310,8060400000,12140,315000000,92042748,20.62
10/08/2020,344570,9146159000,26.5(1.73 %),366290,9719801000,21720,573642000,91956618,20.63
11/08/2020,242000,6449137500,26.7(0.75 %),478370,12743410000,236370,6294272500,91714618,20.65
12/08/2020,249110,6647434500,26.85(0.56 %),274410,7321159500,25300,673725000,91465508,20.68
13/08/2020,166330,4498940000,27.1(0.93 %),420520,11335050000,254190,6836110000,90786348,20.75
14/08/2020,427460,11710640000,27.4(1.11 %),656110,17987870000,228650,6277230000,90266608,20.8
17/08/2020,159040,4360010000,27.6(0.73 %),424150,11674760000,265110,7314750000,89911558,20.83
18/08/2020,189240,3055463060,27.4(-0.72 %),419100,6043694360,229860,2988231300,90523438,20.77
19/08/2020,12370,337140000,27.15(-0.91 %),32410,884580000,20040,547440000,90025008,20.82
20/08/2020,18780,498268500,26.85(-1.10 %),145640,3920698000,126860,3422429500,90492288,20.78
21/08/2020,-75220,-2035788500,27.2(1.30 %),43570,1186841000,118790,3222629500,90567508,20.77
24/08/2020,-120470,-3347086000,28.2(3.68 %),141570,3935672000,262040,7282758000,90687978,20.76
25/08/2020,-97750,-2770155000,28.2(0.00 %),76240,2161140000,173990,4931295000,90785728,20.75
26/08/2020,-119990,-3384041000,28.25(0.18 %),10510,296883500,130500,3680924500,90905718,20.73
27/08/2020,-33810,-953497000,28.15(-0.35 %),2050,57815000,35860,1011312000,90939528,20.73
28/08/2020,-48050,-1360080000,28.2(0.18 %),29360,832380000,77410,2192460000,90742838,20.75
31/08/2020,191800,5430980000,28.35(0.53 %),218080,6173049000,26280,742069000,90795778,20.74
01/09/2020,-29770,-854217500,28.5(0.53 %),220520,6273698500,250290,7127916000,90686738,20.76
03/09/2020,291880,8553710000,29.8(4.56 %),359650,10538880000,67770,1985170000,90183978,20.81
04/09/2020,-382340,-11319639000,29.7(-0.34 %),388390,11544652500,770730,22864291500,90777198,20.75
07/09/2020,-339110,-10086620000,29.2(-1.68 %),104230,3087250000,443340,13173870000,89973768,20.83
08/09/2020,68380,2015130000,29.4(0.68 %),159070,4669760000,90690,2654630000,89883338,14.93
09/09/2020,56900,1660549000,29.1(-1.02 %),76820,2240394500,19920,579845500,90991028,20.72
10/09/2020,140320,4120399500,29.3(0.69 %),165880,4868980500,25560,748581000,90850708,20.74
11/09/2020,-165110,-5015680000,30.35(3.58 %),159690,4884940000,324800,9900620000,90786578,14.87
14/09/2020,-607160,-18338470000,30.25(-0.33 %),87700,2650880000,694860,20989350000,90718798,14.87
15/09/2020,-683790,-20601732500,29.9(-1.16 %),127420,3841694000,811210,24443426500,92306768,20.59
16/09/2020,-585310,-17478685500,29.85(-0.17 %),63070,1885750000,648380,19364435500,92892078,20.53
17/09/2020,-113940,-3401270000,29.6(-0.84 %),375150,11165230000,489090,14566500000,91528988,14.81
18/09/2020,-582890,-17306422000,29.75(0.51 %),107930,3208358000,690820,20514780000,93588908,20.46
21/09/2020,134690,4138685000,30.7(3.19 %),295800,9066820500,161110,4928135500,93454218,20.47
22/09/2020,-168280,-5162210000,30.9(0.65 %),120610,3707660000,288890,8869870000,92749358,14.72
23/09/2020,148560,4612240000,31.05(0.49 %),222630,6907980000,74070,2295740000,93221898,14.69
24/09/2020,50840,1576635500,31.05(0.00 %),64080,1986496500,13240,409861000,93423098,20.48
25/09/2020,-323530,-10008920000,31.15(0.32 %),86050,2665930000,409580,12674850000,93512703,14.67
28/09/2020,-289890,-9096586000,31.45(0.96 %),91990,2887822000,381880,11984408000,94036518,20.41
29/09/2020,-335940,-10604140000,31.25(-0.64 %),110540,3498140000,446480,14102280000,93397483,14.68
30/09/2020,195680,6145660000,31.3(0.16 %),266700,8363260000,71020,2217600000,93541443,14.67
01/10/2020,-351340,-8759860500,24.8(-20.77 %),173730,4318311000,525070,13078171500,93923323,20.43
02/10/2020,-185800,-4616220000,24.7(-0.40 %),16570,412410000,202370,5028630000,94179503,14.62
05/10/2020,32950,817901500,24.8(0.40 %),56450,1401876500,23500,583975000,94076173,20.41
06/10/2020,-275170,-6798510000,24.7(-0.40 %),109620,2723310000,384790,9521820000,94609523,14.59
07/10/2020,-25670,-629531500,24.7(0.00 %),57280,1412481500,82950,2042013000,94377013,20.38
08/10/2020,-141510,-3486048000,24.5(-0.81 %),251460,6156665000,392970,9642713000,94518523,20.37
09/10/2020,-291690,-7169691000,24.5(0.00 %),331510,8155661500,623200,15325352500,94810213,20.34
12/10/2020,-221000,-5406010000,24.35(-0.61 %),73330,1798950000,294330,7204960000,94586753,14.93
13/10/2020,-292660,-7065350000,24(-1.44 %),38880,939970000,331540,8005320000,94940843,14.9
14/10/2020,-292790,-7068910000,24.25(1.04 %),97520,2358040000,390310,9426950000,12081525,20.74
15/10/2020,204220,4995863500,24.6(1.44 %),305850,7464301500,101630,2468438000,95412443,11.77
16/10/2020,-45070,-1108440000,24.8(0.81 %),3065630,76325840000,3110700,77434280000,12346515,20.71
19/10/2020,-36540,-904120000,24.75(-0.20 %),42460,1052090000,79000,1956210000,12698165,20.68
20/10/2020,-117720,-3031714000,25.3(2.22 %),1364280,34333453000,1482000,37365167000,95611773,11.75
21/10/2020,-1084120,-27622370000,25.3(0.00 %),244760,6231560000,1328880,33853930000,12256355,20.72
22/10/2020,-761370,-19183000000,25.25(-0.20 %),2298810,57822580000,3060180,77005580000,12278545,20.72
23/10/2020,-566220,-14265430000,25.45(0.79 %),2350995,59254832000,2917215,73520262000,98023483,11.51
26/10/2020,-216080,-5448144500,25(-1.77 %),145010,3667473500,361090,9115618000,98239563,11.49
27/10/2020,-530250,-13090140000,24.55(-1.80 %),387920,9605940000,918170,22696080000,14557815,20.48
28/10/2020,-1644250,-39389589000,23(-6.31 %),50290,1215300000,1694540,40604889000,100414063,11.26
29/10/2020,-128400,-2943751000,23.6(2.61 %),149660,3488553500,278060,6432304500,100542463,11.25
30/10/2020,-580000,-13894420000,24.2(2.54 %),251610,6031390000,831610,19925810000,16004455,20.33
02/11/2020,-907810,-21778170000,24.4(0.83 %),51640,1252020000,959450,23030190000,19991630,20.39
03/11/2020,-836360,-20293340000,24.35(-0.20 %),1890,45960000,838250,20339300000,20267800,20.37
04/11/2020,-1071580,-27014980000,25.2(3.49 %),173830,4393040000,1245410,31408020000,20809620,20.32
05/11/2020,-617780,-15705070000,25.2(0.00 %),303510,7745170000,921290,23450240000,21458080,20.27
06/11/2020,-534660,-13425710000,25.1(-0.40 %),16250,408380000,550910,13834090000,22280080,20.21
09/11/2020,-342490,-8332978390,25.45(1.39 %),473020,11903485780,815510,20236464170,23446140,19.65
10/11/2020,-385740,-9921940000,25.5(0.20 %),669460,17283920000,1055200,27205860000,23654300,20.1
11/11/2020,-345950,-8814820000,25.8(1.18 %),475150,12113020000,821100,20927840000,23730060,20.09
12/11/2020,-594470,-15365753500,25.9(0.39 %),19000,490225000,613470,15855978500,24772300,19.55
13/11/2020,-2121220,-54736040000,25.85(-0.19 %),300470,7746080000,2421690,62482120000,24931300,19.99
16/11/2020,-3731230,-95938830000,25.2(-2.51 %),231930,5965820000,3963160,101904650000,25692930,19.93
17/11/2020,-5621870,-144193954000,25.7(1.98 %),218460,5601244000,5840330,149795198000,36246620,18.65
18/11/2020,-3439650,-88165180000,25.65(-0.19 %),201070,5152220000,3640720,93317400000,28332870,19.72
19/11/2020,-1574260,-40090220000,25.45(-0.78 %),370560,9431340000,1944820,49521560000,31792500,19.44
20/11/2020,-1045990,-26992070000,25.8(1.38 %),389670,10050910000,1435660,37042980000,37243160,19.0
23/11/2020,-1649100,-42625241500,25.75(-0.19 %),257170,6647134500,1906270,49272376000,43955620,18.04
24/11/2020,-1421040,-36281069000,0(0.00 %),43060,1098164500,1464100,37379233500,45376660,17.93
25/11/2020,-1274040,-32322360000,25.4(-0.59 %),685950,17398110000,1959990,49720470000,43795012,18.47
26/11/2020,-11729450,-293152720000,25.5(0.39 %),7778040,194548419000,19507490,487701139000,55524462,17.13
27/11/2020,865190,18103620000,21.45(6.77 %),871700,18241960000,6510,138340000,46131892,18.29
30/11/2020,-700440,-15391310000,22(2.56 %),452400,10167880000,1152840,25559190000,47139482,18.2
01/12/2020,21740,382921500,22.3(1.36 %),455410,10003249500,433670,9620328000,59038202,16.85
02/12/2020,210860,4651360000,22.05(-1.12 %),254830,5621810000,43970,970450000,58335892,17.3
03/12/2020,-259700,-5672885500,21.8(-1.13 %),480980,10573771500,740680,16246657000,59087042,16.85
04/12/2020,-21532,-4688160000,21.7(-0.46 %),16606,3614720000,38138,8302880000,59275399,17.23
07/12/2020,-217740,-4752455000,21.85(0.69 %),174560,3814005000,392300,8566460000,59520102,16.82
08/12/2020,279230,6177210000,22.2(1.60 %),327950,7251780000,48720,1074570000,59539549,17.21
09/12/2020,103970,2826202120,22.65(2.03 %),368020,8312678320,264050,5486476200,59136902,16.85
10/12/2020,27262,6142910000,22.25(-1.77 %),40478,9103970000,13216,2961060000,59511989,17.21
11/12/2020,-544570,-12094280000,22.25(0.00 %),341620,7639850000,886190,19734130000,59219089,17.23
14/12/2020,2529,578770000,22.35(0.45 %),19989,4475300000,17460,3896530000,59283249,17.23
15/12/2020,-956860,-21185980000,22.25(-0.45 %),292490,6491450000,1249350,27677430000,59322919,17.22
16/12/2020,-65760,-14712300000,22.4(0.67 %),83352,18639870000,149112,33352170000,59375589,17.22
17/12/2020,535390,12128990000,22.75(1.56 %),692980,15666770000,157590,3537780000,74212281,17.28
18/12/2020,14733,3544610000,23.7(4.18 %),108012,25173460000,93279,21628850000,74499767,17.26
21/12/2020,628890,15509500000,24.95(5.27 %),976170,24161700000,347280,8652200000,75078717,17.22
22/12/2020,26850,689930000,24.6(-1.40 %),287520,7113450000,260670,6423520000,74994297,17.23
23/12/2020,355380,8630630000,24(-2.44 %),464510,11274200000,109130,2643570000,75162573,17.22
24/12/2020,-56136,-12907630000,23.2(-3.33 %),15132,3526390000,71268,16434020000,75334833,17.21
25/12/2020,51810,1242510000,24(3.45 %),438060,10403540000,386250,9161030000,75145593,17.22
28/12/2020,6380,168070000,23.85(-0.62 %),86500,2083010000,80120,1914940000,75168223,17.22
29/12/2020,-16459,-3909470000,23.65(-0.84 %),2754,651970000,19213,4561440000,75853363,17.18
30/12/2020,-7935,-1870950000,23.6(-0.21 %),63556,15091230000,71491,16962180000,76094043,17.16
31/12/2020,-4704,-1118260000,23.75(0.64 %),3176,753630000,7880,1871890000,76142403,17.16
04/01/2021,-1131400,-27137815000,24.1(1.47 %),185600,4466635000,1317000,31604450000,76148933,16.77
05/01/2021,46700,1152470000,24.75(2.70 %),454000,11225040000,407300,10072570000,76102233,16.77
06/01/2021,2031100,52406355000,25.65(3.64 %),2717400,69839015000,686300,17432660000,74071133,16.9
07/01/2021,2555800,67114060000,26.8(4.48 %),2795500,73422100000,239700,6308040000,71515333,17.05
08/01/2021,1494300,40549905000,27.1(1.12 %),1871600,50774995000,377300,10225090000,70021033,17.15
11/01/2021,135650,36561620000,26.85(-0.92 %),156230,42092100000,20580,5530480000,69462292,17.58
12/01/2021,88470,23545350000,26.75(-0.37 %),145600,38716650000,57130,15171300000,68301992,17.66
13/01/2021,1470600,39442350000,26.85(0.37 %),2977100,79885675000,1506500,40443325000,66309233,17.38
14/01/2021,74300,1989825000,26.8(-0.19 %),630700,16877535000,556400,14887710000,66234933,17.38
15/01/2021,63230,17596050000,27.9(4.10 %),134200,36918440000,70970,19322390000,65653448,17.82
18/01/2021,-46830,-12853470000,27.25(-2.33 %),103860,28572950000,150690,41426420000,65321348,17.85
19/01/2021,-95900,-24972970000,25.35(-6.97 %),97600,26106460000,193500,51079430000,65624145,17.83
20/01/2021,187880,46860210000,25.5(0.59 %),234570,58489040000,46690,11628830000,63788151,17.94
21/01/2021,-1089400,-27960040000,25.8(1.18 %),544100,13953905000,1633500,41913945000,66240533,17.38
22/01/2021,153800,4063165000,26.1(1.16 %),353300,9226600000,199500,5163435000,66086733,17.39
25/01/2021,428100,11063430000,25.65(-1.72 %),1024300,26435950000,596200,15372520000,65658633,17.42
26/01/2021,34450,8628410000,24.5(-4.48 %),68340,16980660000,33890,8352250000,66684705,17.76
27/01/2021,263100,6407795000,23.3(-4.90 %),839000,19972240000,575900,13564445000,65051033,17.46
28/01/2021,37600,852980000,21.7(-6.87 %),481100,10566395000,443500,9713415000,65013433,17.46
29/01/2021,152030,33774980000,22.3(2.76 %),174320,38754690000,22290,4979710000,64607509,17.89
01/02/2021,23050,5186140000,22.2(-0.45 %),84270,18907160000,61220,13721020000,64040709,17.93
02/02/2021,-559300,-12428560000,23.2(4.50 %),891900,20337215000,1451200,32765775000,65442709,17.43
03/02/2021,-113030,-26575810000,24(3.45 %),26470,6271900000,139500,32847710000,64090509,17.92
04/02/2021,-1114400,-26418145000,23.55(-1.88 %),1814800,42672900000,2929200,69091045000,67687409,17.29
05/02/2021,20750,5019630000,24.1(2.34 %),82390,19660980000,61640,14641350000,64675209,17.89
08/02/2021,82300,1992690000,23.45(-2.70 %),349300,8241365000,267000,6248675000,67397609,17.31
09/02/2021,28620,6818430000,24.1(2.77 %),36600,8689750000,7980,1871320000,66377109,17.78
17/02/2021,47160,11697310000,25.4(5.39 %),102040,25232310000,54880,13535000000,65927118,17.81
18/02/2021,-13970,-3566610000,25.5(0.39 %),206980,52670330000,220950,56236940000,64875518,17.87
19/02/2021,525200,13390355000,25.55(0.20 %),1084200,27590095000,559000,14199740000,66254309,17.38
22/02/2021,-237900,-6135335000,25.8(0.98 %),341200,8765005000,579100,14900340000,66492209,17.37
23/02/2021,-372200,-9671755000,25.95(0.58 %),52100,1351600000,424300,11023355000,66864409,17.34
24/02/2021,-77010,-19764060000,25.45(-1.93 %),21320,5536390000,98330,25300450000,65711918,17.82
25/02/2021,-684800,-17287625000,25.5(0.20 %),198600,5039955000,883400,22327580000,68319309,17.25
26/02/2021,-150090,-37696560000,25.15(-1.37 %),23130,5815660000,173220,43512220000,66040818,17.8
01/03/2021,-22750,-5795570000,25.8(2.58 %),39280,10045500000,62030,15841070000,66631318,17.76
02/03/2021,-14940,-3920020000,26.7(3.49 %),7380,1927160000,22320,5847180000,67406418,17.71
03/03/2021,-52090,-13992860000,26.95(0.94 %),300,81110000,52390,14073970000,69098818,17.61
04/03/2021,-77020,-20410640000,26.2(-2.78 %),17650,4722700000,94670,25133340000,69505818,17.58
05/03/2021,-1575100,-40689545000,25.85(-1.34 %),86550,2245312500,1661650,42934857500,70039718,17.15
08/03/2021,-49900,-12960750000,25.95(0.39 %),8090,2104120000,57990,15064870000,69994518,17.55
09/03/2021,-222000,-5725695000,25.95(0.00 %),175300,4496545000,397300,10222240000,70760718,17.1
10/03/2021,-613200,-15817730000,26.1(0.58 %),73100,1892500000,686300,17710230000,71373918,17.06
11/03/2021,-42020,-11024280000,26.4(1.15 %),5540,1464670000,47560,12488950000,72582865,17.38
12/03/2021,-306500,-8158760000,26.65(0.95 %),20300,541070000,326800,8699830000,72100618,17.02
15/03/2021,-25880,-6897010000,26.65(0.00 %),340,90750000,26220,6987760000,73550765,17.32
16/03/2021,-432800,-11554850000,26.8(0.56 %),27900,746705000,460700,12301555000,72792218,16.98
17/03/2021,-161600,-4442175000,27.5(2.23 %),289900,7923710000,451500,12365885000,72953818,16.97
18/03/2021,-5460,-1509310000,27.5(0.00 %),15160,4160750000,20620,5670060000,74035574,17.29
19/03/2021,-354200,-9642545000,27.15(-1.27 %),161100,4372245000,515300,14014790000,73362618,16.94
22/03/2021,125300,3386300000,26.95(-0.74 %),138100,3732000000,12800,345700000,73237318,16.95
23/03/2021,-32420,-8629970000,26.5(-1.67 %),4710,1258350000,37130,9888320000,74521402,17.26
24/03/2021,-1031200,-26644390000,25.5(-3.77 %),60700,1568445000,1091900,28212835000,74592718,16.86
25/03/2021,-672900,-17227970000,25.6(0.39 %),98000,2532305000,770900,19760275000,75265618,16.82
26/03/2021,240400,6206575000,25.75(0.59 %),308500,7931425000,68100,1724850000,75025218,16.84
29/03/2021,-326400,-8436235000,26(0.97 %),408400,10553855000,734800,18990090000,75351618,16.82
30/03/2021,-133860,-34880160000,26.2(0.77 %),25480,6643750000,159340,41523910000,76122533,17.16
31/03/2021,-237200,-6275480000,26.4(0.76 %),258300,6867585000,495500,13143065000,76927418,16.72
01/04/2021,41130,10963610000,26.8(1.52 %),86570,23072330000,45440,12108720000,76185167,17.15
02/04/2021,102500,2796335000,27.25(1.68 %),444400,12102825000,341900,9306490000,76608367,16.74
05/04/2021,73990,20917940000,27.65(1.47 %),84380,23802160000,10390,2884220000,76985867,17.1
06/04/2021,79160,21827610000,27.6(-0.18 %),198860,54902110000,119700,33074500000,75327567,17.21
07/04/2021,116110,32004810000,27.75(0.54 %),128160,35324250000,12050,3319440000,74387867,17.27
08/04/2021,48840,13701760000,28.05(1.08 %),114930,32151250000,66090,18449490000,74148267,17.28
09/04/2021,473200,13264070000,28(-0.18 %),1220700,34191195000,747500,20927125000,72954167,16.97
12/04/2021,-59190,-16289440000,27.9(-0.36 %),65990,18344940000,125180,34634380000,73394617,17.33
13/04/2021,13800,3880720000,27.65(-0.90 %),42400,11929950000,28600,8049230000,73181597,17.35
14/04/2021,171300,4755220000,27.9(0.90 %),460800,12757225000,289500,8002005000,73236767,16.95
15/04/2021,204300,5632750000,27.35(-1.97 %),435700,12009780000,231400,6377030000,73032467,0.0
16/04/2021,447700,12082520000,26.65(-2.56 %),588000,15822920000,140300,3740400000,72584767,16.99
19/04/2021,37300,10112470000,27.3(2.44 %),96020,25910000000,58720,15797530000,73244985,17.34
20/04/2021,1033900,28299985000,27.2(-0.37 %),1530400,41882700000,496500,13582715000,71177867,17.08
22/04/2021,-33950,-9127930000,26.3(-3.31 %),121830,32712940000,155780,41840870000,70804183,17.5
23/04/2021,46090,12293800000,26.9(2.28 %),150410,39771610000,104320,27477810000,69894683,17.55
26/04/2021,-10120,-2463430000,26.5(-1.49 %),137970,36670530000,148090,39133960000,69022983,17.61
27/04/2021,1725900,46080370000,26.8(1.13 %),4801000,127841280000,3075100,81760910000,69431767,17.18
28/04/2021,1261500,33862565000,26.85(0.19 %),1498100,40209580000,236600,6347015000,68170267,17.26
29/04/2021,1601300,43553490000,27.25(1.49 %),2588300,70444705000,987000,26891215000,66568967,17.36
04/05/2021,610400,16436190000,27.2(-0.18 %),1322900,35632415000,712500,19196225000,67249387,17.32
05/05/2021,-259739,-8033244800,29.05(6.80 %),1932700,54857195000,2192439,62890439800,67509126,17.3
06/05/2021,335000,9724525000,28.8(-0.86 %),606200,17616785000,271200,7892260000,66303987,17.38
07/05/2021,-2236400,-67088295000,30(4.17 %),505900,15115640000,2742300,82203935000,68540387,17.24
10/05/2021,1250000,38204510000,30.8(2.67 %),1548400,47354220000,298400,9149710000,67290387,17.32
11/05/2021,16090,4910660000,30(-2.60 %),29040,8899720000,12950,3989060000,65327626,17.85
12/05/2021,-1043900,-31387380000,30.2(0.67 %),390600,11689955000,1434500,43077335000,68173387,17.26
13/05/2021,217200,6782550000,30.3(0.33 %),1293900,39778250000,1076700,32995700000,67956187,17.28
14/05/2021,61840,19214400000,31.2(2.97 %),87690,27222480000,25850,8008080000,65965110,17.8
17/05/2021,-154200,-4947380000,31.15(-0.16 %),476400,14951295000,630600,19898675000,67491987,17.3
18/05/2021,148500,4606465000,30.6(-1.77 %),2167000,66805070000,2018500,62198605000,67343487,17.31
19/05/2021,54535,1827964500,31.45(2.78 %),877900,27133925000,823365,25305960500,67288952,17.32
20/05/2021,-98050,-31666490000,32(1.75 %),105800,33445480000,203850,65111970000,64894810,17.87
21/05/2021,809600,26145860000,31.9(-0.31 %),847900,27383745000,38300,1237885000,67459852,17.31
24/05/2021,1830,582800000,31.75(-0.47 %),5090,1618690000,3260,1035890000,66664933,17.76
25/05/2021,14900,513100000,32.5(2.36 %),99300,3201810000,84400,2688710000,67426652,17.31
26/05/2021,420100,13768575000,32.8(0.92 %),639900,20950285000,219800,7181710000,67006552,17.34
27/05/2021,-20770,-6640060000,32(-2.44 %),56200,18196170000,76970,24836230000,67500783,17.71
28/05/2021,648600,21074175000,32.85(2.66 %),883500,28635845000,234900,7561670000,66565652,17.36
31/05/2021,-1239300,-41429520000,33.8(2.89 %),2394000,79407655000,3633300,120837175000,67804952,17.29
01/06/2021,618900,21410145000,34.3(1.48 %),661600,22887935000,42700,1477790000,65318502,17.44
02/06/2021,215800,7370355000,34(-0.87 %),811100,27533560000,595300,20163205000,65102702,17.45
03/06/2021,18510,7088620000,35.8(5.29 %),127740,45008790000,109230,37920170000,66446402,17.77
04/06/2021,-221090,-78872220000,35.45(-0.98 %),71500,25375540000,292590,104247760000,65794802,17.82
07/06/2021,-76330,-26818110000,34.65(-2.26 %),32330,11278780000,108660,38096890000,66074802,17.8
08/06/2021,409900,13859870000,32.3(-6.78 %),680900,23062195000,271000,9202325000,67481902,17.31
09/06/2021,1650300,53557245000,33.4(3.41 %),1705100,55310000000,54800,1752755000,65831602,17.41
10/06/2021,754400,25302165000,32.7(-2.10 %),1090300,36366455000,335900,11064290000,65077202,17.46
11/06/2021,121930,41460050000,34.45(5.35 %),162020,55120620000,40090,13660570000,66492096,17.77
14/06/2021,433000,14893105000,34.1(-1.02 %),550600,18922230000,117600,4029125000,63424902,17.56
15/06/2021,-37970,-13135590000,34.75(1.91 %),19890,6901650000,57860,20037240000,66183796,17.79
16/06/2021,-642400,-21949730000,33.8(-2.73 %),204100,6946810000,846500,28896540000,64447002,17.49
17/06/2021,-869700,-28957660000,33.6(-0.59 %),221000,7415350000,1090700,36373010000,65316702,17.44
18/06/2021,72650,24899560000,34.25(1.93 %),77830,26669480000,5180,1769920000,66081936,17.8
21/06/2021,-299000,-10093800000,33.65(-1.75 %),26600,895410000,325600,10989210000,64889202,17.47
22/06/2021,130410,44772870000,34.35(2.08 %),175110,59926190000,44700,15153320000,66298936,17.78
23/06/2021,1060,372240000,34.25(-0.29 %),11570,3985360000,10510,3613120000,66235036,17.79
24/06/2021,34390,11819250000,34.25(0.00 %),70360,24176210000,35970,12356960000,65857036,17.81
25/06/2021,823500,28578260000,35.3(3.07 %),935300,32436485000,111800,3858225000,62407102,17.62
28/06/2021,48950,17589310000,36(1.98 %),71390,25649170000,22440,8059860000,64775966,17.88
29/06/2021,364100,13150050000,35.9(-0.28 %),1217400,43766975000,853300,30616925000,61553502,17.67
30/06/2021,553800,19835805000,35.5(-1.11 %),661100,23678525000,107300,3842720000,60999702,17.71
01/07/2021,799600,28670760000,36.45(2.68 %),1019500,36529675000,219900,7858915000,63696895,17.54
02/07/2021,46300,17198640000,37.2(2.06 %),58170,21596640000,11870,4398000000,63040995,17.99
05/07/2021,-300200,-10191067900,37.4(0.54 %),100800,3068837800,401000,13259905700,63534095,17.55
06/07/2021,76190,28349490000,35(-6.42 %),101870,37935630000,25680,9586140000,62248695,18.04
07/07/2021,2563300,91501965000,36.5(4.29 %),2612800,93259345000,49500,1757380000,60208895,17.76
08/07/2021,1081600,36474722200,35.95(-1.51 %),1219400,41449043800,137800,4974321600,59127295,17.82
09/07/2021,474100,16948155000,35(-2.64 %),616000,22019610000,141900,5071455000,58653195,17.85
12/07/2021,883900,29624680000,33.8(-3.43 %),1200700,40148880000,316800,10524200000,57769295,17.91
13/07/2021,297200,10050680000,33.95(0.44 %),760900,25612860000,463700,15562180000,57472095,17.93
14/07/2021,-29800,-9468430000,32.65(-3.83 %),30760,10339570000,60560,19808000000,56580595,18.4
15/07/2021,916500,30386675000,33.2(1.68 %),965200,31995585000,48700,1608910000,56853595,17.97
16/07/2021,-52170,-17375690000,33.45(0.75 %),67980,22749370000,120150,40125060000,55635593,18.46
19/07/2021,12850,4105900000,31.9(-4.63 %),31070,9921860000,18220,5815960000,55999493,18.44
20/07/2021,367600,12237075000,33.4(4.70 %),531700,17512830000,164100,5275755000,56879195,17.96
21/07/2021,-140061,-45580710000,32.2(-3.59 %),19250,6367560000,159311,51948270000,56626643,18.4
22/07/2021,-334800,-10820680000,32.4(0.62 %),165500,5367955000,500300,16188635000,58614611,17.86
23/07/2021,307500,10011575000,32.35(-0.15 %),697000,22681240000,389500,12669665000,58307111,17.88
26/07/2021,-7950,-2515490000,32.5(0.46 %),7320,2372480000,15270,4887970000,57930427,18.32
27/07/2021,15180,4952430000,32.5(0.00 %),36020,11739300000,20840,6786870000,58070527,18.31
28/07/2021,654800,21463185000,32.9(1.23 %),678400,22236380000,23600,773195000,57580011,17.92
29/07/2021,-19200,-631580000,33.4(1.52 %),27300,911020000,46500,1542600000,57599211,17.92
30/07/2021,521100,17523030000,33.7(0.90 %),542900,18254115000,21800,731085000,57078111,17.95
02/08/2021,1796400,61256730000,34.2(1.48 %),1831900,62475150000,35500,1218420000,57365127,17.93
03/08/2021,1544900,53256390000,34.9(2.05 %),1555700,53627515000,10800,371125000,55820227,18.03
04/08/2021,339300,11846900000,35.05(0.43 %),439300,15356595000,100000,3509695000,55480927,18.05
05/08/2021,1726700,60824945000,35.5(1.28 %),1820300,64112170000,93600,3287225000,53754227,18.16
06/08/2021,591200,20887155000,35(-1.41 %),724300,25592425000,133100,4705270000,53163027,18.2
09/08/2021,458400,16029910000,35.5(1.43 %),610700,21433030000,152300,5403120000,52704627,18.22
10/08/2021,-100600,-3544770000,35.7(0.56 %),543800,19330970000,644400,22875740000,52805227,18.22
11/08/2021,19100,700795000,35.45(-0.28 %),159500,5684635000,140400,4983840000,52786127,18.22
12/08/2021,-94300,-3302260000,35.05(-1.13 %),63600,2249080000,157900,5551340000,52880427,18.21
13/08/2021,-307300,-9359521500,34.75(-0.86 %),346300,8560156500,653600,17919678000,53187727,18.19
16/08/2021,401600,14040410000,35.75(2.88 %),1242900,43644615000,841300,29604205000,52786127,18.22
17/08/2021,-139800,-5019095000,35.75(0.00 %),237800,8560075000,377600,13579170000,53467327,18.18
18/08/2021,-12400,-429950000,35.6(-0.42 %),210300,7525705000,222700,7955655000,52798527,18.22
19/08/2021,-346500,-12317990000,36(1.12 %),78800,2785000000,425300,15102990000,53145027,18.2
20/08/2021,-103700,-3588470000,34.5(-4.17 %),213500,7488230000,317200,11076700000,53248727,18.19
23/08/2021,-508200,-17267585000,33.6(-2.61 %),81800,2779480000,590000,20047065000,53756927,18.16
24/08/2021,-415500,-13913715000,33.7(0.30 %),422700,14155810000,838200,28069525000,54172427,18.13
25/08/2021,938600,31756265000,33.8(0.30 %),1165700,39436530000,227100,7680265000,53233827,18.19
26/08/2021,287900,8064495000,26.85(-20.56 %),722800,19993215000,434900,11928720000,52945927,18.21
27/08/2021,28100,719760000,26.5(-1.30 %),484300,12694345000,456200,11974585000,52917827,18.21
30/08/2021,99600,2659845000,26.7(0.75 %),886122,23541658000,786522,20881813000,52818227,18.22
31/08/2021,-594500,-15453620000,25.95(-2.81 %),174400,4630430000,768900,20084050000,53412727,18.18
01/09/2021,-1050100,-27014180000,25.65(-1.16 %),965200,25126440000,2015300,52140620000,49715456,18.41
06/09/2021,1135600,29808375000,26.35(2.73 %),1598200,41864875000,462600,12056500000,48579856,18.48
07/09/2021,81500,2186125000,26.7(1.33 %),465100,12363330000,383600,10177205000,48498356,18.49
08/09/2021,1452100,38941500000,26.75(0.19 %),1773700,47549155000,321600,8607655000,47046256,18.58
09/09/2021,-471100,-12367910000,26.4(-1.31 %),314100,8279955000,785200,20647865000,47517356,18.55
10/09/2021,-1394200,-36273320000,25.9(-1.89 %),55600,1447235000,1449800,37720555000,48911556,18.46
13/09/2021,-673400,-17132940000,25.2(-2.70 %),658300,16745665000,1331700,33878605000,49584956,18.42
14/09/2021,-1158800,-29034375000,24.8(-1.59 %),140300,3529150000,1299100,32563525000,50743756,18.35
15/09/2021,-819300,-20374470000,24.75(-0.20 %),261300,6490900000,1080600,26865370000,51563056,18.3
16/09/2021,-537300,-13435530000,25.1(1.41 %),324400,8106830000,861700,21542360000,52100356,18.26
17/09/2021,-888400,-22575060000,25.45(1.39 %),1210200,30735722100,2098600,53310782100,52988756,18.21
20/09/2021,-179100,-4652980000,25.7(0.98 %),128600,3322675000,307700,7975655000,53167856,18.2
21/09/2021,34200,870785000,25.55(-0.58 %),62600,1594330000,28400,723545000,53133656,18.2
22/09/2021,-173000,-4415840000,25.45(-0.39 %),189300,4812680000,362300,9228520000,53306656,18.19
23/09/2021,-274600,-6968010000,25.4(-0.20 %),189200,4818350000,463800,11786360000,53581256,18.17
24/09/2021,-570500,-14514010000,25.5(0.39 %),73400,1870340000,643900,16384350000,54151756,18.13
27/09/2021,733700,18941960000,25.5(0.00 %),1008500,25998200000,274800,7056240000,53418056,18.18
28/09/2021,-2335400,-59233960000,25.45(-0.20 %),92500,2352515000,2427900,61586475000,55753456,18.03
29/09/2021,-1046800,-26510055000,25.4(-0.20 %),93200,2359885000,1140000,28869940000,56800256,17.97
30/09/2021,-1566500,-39646480000,25.4(0.00 %),326300,8280255000,1892800,47926735000,58366756,17.87
01/10/2021,-773500,-19363355000,24.85(-2.17 %),1021650,24442137500,1795150,43805492500,58820696,17.84
04/10/2021,-849400,-20534610000,24.1(-3.02 %),630500,15331990000,1479900,35866600000,59670096,18.53
05/10/2021,-220300,-5333365000,24.5(1.66 %),149400,3639030000,369700,8972395000,59890396,18.52
06/10/2021,-334800,-8125970000,24.25(-1.02 %),64800,1581800000,399600,9707770000,60225196,0.0
07/10/2021,-412900,-9959120000,24.1(-0.62 %),270500,6556975000,683400,16516095000,60638096,0.0
08/10/2021,-472200,-11396255000,24.35(1.04 %),109000,2633345000,581200,14029600000,61110296,0.0
11/10/2021,207900,5495750600,25.65(5.34 %),522200,12279019800,314300,6783269200,60902396,0.0
12/10/2021,-155900,-3966745000,25.55(-0.39 %),371800,9487025000,527700,13453770000,61058296,0.0
13/10/2021,-491500,-12643485000,25.7(0.59 %),145400,3766860000,636900,16410345000,61549796,0.0
14/10/2021,169700,4487970000,25.95(0.97 %),554000,14342985000,384300,9855015000,61380096,0.0
15/10/2021,-265500,-6833680000,25.65(-1.16 %),98600,2552700000,364100,9386380000,61645596,0.0
18/10/2021,722700,18553435000,25.7(0.19 %),864400,22193295000,141700,3639860000,60922896,0.0
19/10/2021,-176100,-4485575000,25.45(-0.97 %),758700,19310270000,934800,23795845000,61098996,0.0
20/10/2021,-628900,-15956700000,25.05(-1.57 %),93200,2365495000,722100,18322195000,61727896,0.0
21/10/2021,60700,1498585000,24.6(-1.80 %),857700,21485375000,797000,19986790000,61038296,0.0
22/10/2021,-1272100,-31351480000,24.55(-0.20 %),52300,1287100000,1324400,32638580000,62310396,0.0
25/10/2021,-511800,-12570370000,24.5(-0.20 %),360200,8840440000,872000,21410810000,62822196,0.0
26/10/2021,-1010800,-24672990000,24.7(0.82 %),187600,4586545000,1198400,29259535000,63832996,0.0
27/10/2021,-593300,-14809465000,25.2(2.02 %),596100,14933070000,1189400,29742535000,64426296,0.0
28/10/2021,592700,15124970000,25.55(1.39 %),2062100,52482890000,1469400,37357920000,63833596,18.32
29/10/2021,-349800,-8824105000,25.25(-1.17 %),883200,22437150000,1233000,31261255000,64183396,18.3
01/11/2021,-777200,-19727235000,25.3(0.20 %),390700,9928000000,1167900,29655235000,78714146,17.58
02/11/2021,-1425800,-36296985000,25.6(1.19 %),952900,24253285000,2378700,60550270000,80139946,0.0
03/11/2021,0,0,27.2(6.25 %),0,0,0,0,80139946,17.51
04/11/2021,0,0,27.05(-0.55 %),0,0,0,0,80139946,17.51
05/11/2021,-39100,-1057010000,26.7(-1.29 %),116100,3108145000,155200,4165155000,80179046,0.0
08/11/2021,754400,20236110000,27(1.12 %),882400,23667045000,128000,3430935000,79385546,17.55
09/11/2021,2017700,55752950000,27.7(2.59 %),2529600,69919585000,511900,14166635000,77367846,17.65
10/11/2021,0,0,28(1.08 %),0,0,0,0,77367846,17.65
11/11/2021,-684400,-18775625000,27.7(-1.07 %),845100,23486965000,1529500,42262590000,78052246,17.61
12/11/2021,739600,20447475000,28(1.08 %),774500,21419310000,34900,971835000,77312646,17.65
15/11/2021,1806500,52514215000,28.85(3.04 %),3191800,92575920000,1385300,40061705000,75506146,17.74
16/11/2021,-2868800,-81518505000,27.9(-3.29 %),398700,11304785000,3267500,92823290000,78374946,17.6
17/11/2021,-1773700,-49000230000,27.8(-0.36 %),378600,10470440000,2152300,59470670000,80148646,17.51
18/11/2021,200000,5690030000,28.25(1.62 %),1260000,35812055000,1060000,30122025000,79948646,0.0
19/11/2021,-1725500,-51563140000,30.2(6.90 %),623100,18634813000,2348600,70197953000,81674146,0.0
22/11/2021,1095400,35089775000,32.3(6.95 %),1944300,62321435000,848900,27231660000,80578746,17.49
23/11/2021,644900,20518325000,31.8(-1.55 %),934900,29725285000,290000,9206960000,79933846,0.0
24/11/2021,-749900,-24992250000,33.5(5.35 %),1459300,48770860000,2209200,73763110000,80683746,17.48
25/11/2021,-669800,-21907820000,32.5(-2.99 %),289700,9557950000,959500,31465770000,81353546,17.45
26/11/2021,-2189800,-70289915000,31.35(-3.54 %),299500,9592065000,2489300,79881980000,83543346,0.0
29/11/2021,0,0,31.5(0.48 %),0,0,0,0,83543346,17.34
30/11/2021,-1683940,-52112790000,30.5(-3.17 %),207300,6462790000,1891240,58575580000,85227286,0.0
01/12/2021,272000,8441815000,32(4.92 %),587500,18257280000,315500,9815465000,82911400,17.37
02/12/2021,-317200,-10127315000,31.5(-1.56 %),201000,6434560000,518200,16561875000,83228600,17.35
03/12/2021,-953400,-30256635000,31(-1.59 %),264200,8413195000,1217600,38669830000,84182000,17.31
06/12/2021,-1550200,-46690495000,29.1(-6.13 %),598800,18058835000,2149000,64749330000,85732200,17.23
07/12/2021,687200,20352595000,30(3.09 %),918200,27256280000,231000,6903685000,85045000,17.26
08/12/2021,-128100,-3814485000,30.3(1.00 %),470700,14271765000,598800,18086250000,85173100,17.26
09/12/2021,172500,5310305000,30.75(1.49 %),280200,8535695000,107700,3225390000,85000600,0.0
10/12/2021,-250500,-7707615000,30.7(-0.16 %),90800,2792815000,341300,10500430000,85251100,17.25
13/12/2021,-457300,-13811135000,30.05(-2.12 %),365900,11167895000,823200,24979030000,85708400,17.23
14/12/2021,-494600,-14673330000,29.6(-1.50 %),83800,2507420000,578400,17180750000,86203000,0.0
15/12/2021,-171000,-5198675000,30.05(1.52 %),360700,10792300000,531700,15990975000,86374000,0.0
16/12/2021,-254600,-7590610000,29.7(-1.16 %),366700,10940865000,621300,18531475000,86628600,0.0
17/12/2021,-1600000,-47181020000,29.5(-0.67 %),1003800,29837260000,2603800,77018280000,88228600,0.0
20/12/2021,1692900,50434020000,29.6(0.34 %),1792400,53359775000,99500,2925755000,86535700,0.0
21/12/2021,718000,21211955000,29.4(-0.68 %),728300,21516000000,10300,304045000,85817700,0.0
22/12/2021,386800,10928610000,27.9(-5.10 %),671000,19146565000,284200,8217955000,85430900,0.0
23/12/2021,451400,12293427600,26.85(-3.76 %),597900,16283208600,146500,3989781000,84979500,0.0
24/12/2021,0,0,28.7(6.69 %),0,0,0,0,85430900,0.0
27/12/2021,27400,812065000,28.75(0.17 %),172800,5024035000,145400,4211970000,89752259,17.03
28/12/2021,791700,23094295000,30.5(5.90 %),1359100,40353865000,567400,17259570000,88960559,0.0
29/12/2021,110200,3471105000,30.6(0.33 %),705200,21810800000,595000,18339695000,88162459,17.11
30/12/2021,267500,8219070000,30.6(0.00 %),304900,9369885000,37400,1150815000,88424959,17.09
31/12/2021,-208800,-6557760000,30.85(0.82 %),75800,2398230000,284600,8955990000,88944159,17.07
04/01/2022,717800,22568665000,31.1(0.65 %),1033800,32479980000,316000,9911315000,87947759,17.12
05/01/2022,105200,3229750000,30.5(-1.93 %),341000,10469075000,235800,7239325000,87891265,17.12
06/01/2022,272500,8208805000,30.5(0.00 %),1120200,33966290000,847700,25757485000,87087102,17.16
07/01/2022,-294600,-8942940000,30.3(-0.66 %),164600,5016710000,459200,13959650000,87141802,17.16
10/01/2022,593400,17909950500,29.6(-2.31 %),814000,23630809500,220600,5720859000,87177302,17.16
11/01/2022,144900,4279825000,29.3(-1.01 %),259100,7667215000,114200,3387390000,87377452,17.15
12/01/2022,-62000,-1745390000,30.95(5.63 %),306000,9169595000,368000,10914985000,87292127,17.15
13/01/2022,-117600,-3589335000,30.8(-0.65 %),727100,22918800000,844700,26508135000,86671727,17.18
14/01/2022,111100,3416980000,30.6(-0.65 %),180100,5526170000,69000,2109190000,86834627,17.17
17/01/2022,-91000,-3017130000,29(-5.23 %),599100,18337945000,690100,21355075000,87063913,17.16
18/01/2022,976200,28516865000,29.55(1.90 %),1042300,30455520000,66100,1938655000,86099113,17.21
19/01/2022,-527900,-15389760000,28.75(-2.87 %),194200,5656625000,722100,21046385000,86632513,17.18
20/01/2022,894000,25810180000,29.1(0.34 %),1053900,30423525000,159900,4613345000,85643163,17.23
21/01/2022,-82500,-2387460000,29.2(1.04 %),53700,1580040000,136200,3967500000,86248688,17.2
24/01/2022,412000,12057100000,29(-0.68 %),570000,16700955000,158000,4643855000,85838513,17.22
25/01/2022,496100,14631255000,30.05(3.62 %),645200,19016890000,149100,4385635000,85329513,17.25
26/01/2022,-128900,-4758754000,30.7(1.99 %),539000,14770678000,667900,19529432000,89262413,17.1
27/01/2022,98600,3057945000,30.8(0.33 %),683700,21245938800,585100,18187993800,89037917,17.11
28/01/2022,518000,16067125000,30.9(0.32 %),693400,21505945000,175400,5438820000,88992417,17.11
07/02/2022,866400,27295350000,31.1(0.65 %),1182500,37269410000,316100,9974060000,88047217,17.16
08/02/2022,227500,7140860000,31.4(0.96 %),517800,16244760000,290300,9103900000,87704817,17.17
09/02/2022,-734300,-23537845000,31.6(0.64 %),472300,15022285000,1206600,38560130000,87536117,17.18
10/02/2022,1017000,31903510000,31.5(-0.32 %),1196500,37533190000,179500,5629680000,86504917,17.23
11/02/2022,-1188800,-37231985000,31.2(-0.95 %),173700,5445255000,1362500,42677240000,87437817,17.19
14/02/2022,-5394400,-161491490000,29.2(-6.41 %),1030200,30783110000,6424600,192274600000,86603117,17.23
15/02/2022,-1454500,-42459715000,29.5(1.03 %),290500,8512160000,1745000,50971875000,87675117,17.18
16/02/2022,-1170600,-34269835000,29.25(-0.85 %),118100,3469760000,1288700,37739595000,93981442,16.86
17/02/2022,16800,475115000,29.75(1.54 %),165000,4875710000,148200,4400595000,95589442,16.78
18/02/2022,95500,2812155000,29.5(-1.01 %),163100,4792020000,67600,1979865000,96715129,16.73
21/02/2022,34200,1031445000,29.6(0.34 %),216700,6371785000,182500,5340340000,96631629,16.73
22/02/2022,-130800,-3805020000,29.55(-0.17 %),77800,2286460000,208600,6091480000,96621429,16.73
23/02/2022,-284100,-8446890000,29.65(0.17 %),807100,23940635000,1091200,32387525000,95996829,16.76
24/02/2022,-7892700,-226771975000,28.8(-3.03 %),641400,18466375000,8534100,245238350000,95514004,16.79
25/02/2022,740900,21733815000,29.25(1.56 %),2488700,72972545000,1747800,51238730000,95611504,16.78
28/02/2022,-1855900,-53561545000,28.8(-1.71 %),151600,4388680000,2007500,57950225000,103874004,16.38
01/03/2022,-1898800,-54123595000,28.55(-0.87 %),92900,2651445000,1991700,56775040000,103958904,16.37
02/03/2022,-5521000,-153313875000,27.35(-4.37 %),647400,18184540000,6168400,171498415000,105319004,16.3
03/03/2022,697300,19435755000,28.25(3.10 %),955900,26617440000,258600,7181685000,106361941,16.25
04/03/2022,-1194100,-33593450000,28(-1.06 %),471200,13262680000,1665300,46856130000,112059141,15.97
07/03/2022,-3116500,-85220975000,27.4(-2.14 %),560700,15352365000,3677200,100573340000,111732991,15.99
08/03/2022,-1329100,-36498970000,27.35(-0.18 %),115000,3153070000,1444100,39652040000,113253291,15.91
09/03/2022,-1309400,-35551565000,27(-1.46 %),80000,2178255000,1389400,37729820000,116820491,15.74
10/03/2022,-2235100,-60681405000,26.95(-0.19 %),358900,9796010000,2594000,70477415000,117861691,15.69
11/03/2022,-13900,-373820000,27.3(1.11 %),269300,7330305000,283200,7704125000,119141791,15.62
14/03/2022,19400,541355000,27.1(-0.73 %),120900,3287940000,101500,2746585000,121614884,15.5
15/03/2022,-347300,-9445785000,27.2(0.37 %),60400,1646080000,407700,11091865000,121652684,15.5
16/03/2022,-994400,-26989970000,27.15(-0.18 %),339600,9211350000,1334000,36201320000,121414448,15.51
17/03/2022,847300,23335710000,27.5(1.10 %),884800,24366285000,37500,1030575000,120937348,15.53
18/03/2022,-78600,-2177805000,27.6(0.36 %),115300,3209340000,193900,5387145000,122156048,15.47
21/03/2022,249400,6920110000,28.3(2.54 %),353500,9803625000,104100,2883515000,121840051,15.49
22/03/2022,73700,2095365000,28.3(0.00 %),243600,6900695000,169900,4805330000,121790351,15.49
23/03/2022,288800,8179300000,28(-1.06 %),411000,11628995000,122200,3449695000,121458526,15.51
24/03/2022,480100,13455635000,28.1(0.36 %),494800,13869115000,14700,413480000,121096126,15.53
25/03/2022,790700,22221560000,27.95(-0.53 %),896900,25197105000,106200,2975545000,120283926,15.57
28/03/2022,706900,19604815000,27.4(-2.14 %),854100,23662455000,147200,4057640000,119444526,15.61
29/03/2022,51500,1419330000,27.55(0.55 %),60500,1667085000,9000,247755000,119490226,15.61
30/03/2022,2235600,62973960000,28.3(2.54 %),2358000,66410995000,122400,3437035000,117279426,15.71
31/03/2022,643600,18262760000,28.35(0.18 %),792300,22478205000,148700,4215445000,116496126,15.75
01/04/2022,170400,4905055000,29.45(3.70 %),201400,5796025000,31000,890970000,116425126,15.76
04/04/2022,-98100,-2898875000,29.1(-1.36 %),367300,10697885000,465400,13596760000,116181526,15.77
05/04/2022,453200,13074030000,28.75(-1.20 %),673700,19447310000,220500,6373280000,115538949,15.8
06/04/2022,124800,3588120000,29(0.69 %),134600,3871750000,9800,283630000,115544749,15.8
07/04/2022,-126000,-3666490000,28.9(-0.34 %),103200,3011860000,229200,6678350000,115670749,0.0
08/04/2022,-20500,-581990000,28.25(-2.25 %),65300,1869250000,85800,2451240000,115544074,15.8
12/04/2022,17300,496485000,27.8(-1.59 %),199100,5587455000,181800,5090970000,115526774,0.0
13/04/2022,133500,3697615000,28(0.72 %),177000,4907785000,43500,1210170000,115549224,15.8
14/04/2022,-79600,-2176450000,27.3(-2.50 %),181400,5023430000,261000,7199880000,115418299,15.81
15/04/2022,-105100,-2740535000,26.3(-3.66 %),92500,2487925000,197600,5228460000,115362111,15.81
18/04/2022,309500,8131695000,26(-1.14 %),477500,12517020000,168000,4385325000,115133111,15.82
19/04/2022,380000,9931380000,25.9(-0.38 %),524100,13707215000,144100,3775835000,114851611,15.83
20/04/2022,89500,2332230000,25.75(-0.58 %),620000,16087075000,530500,13754845000,115433899,0.0
21/04/2022,668600,16887735000,24.9(-3.49 %),749400,18932450000,80800,2044715000,114145831,15.87
22/04/2022,-1015800,-25469250000,25.15(1.00 %),318900,8030620000,1334700,33499870000,114498431,15.85
25/04/2022,354300,8685495000,23.55(-6.55 %),577500,14116905000,223200,5431410000,114176731,15.87
26/04/2022,1006000,24151945000,24.5(3.81 %),1136400,27304300000,130400,3152355000,114375031,15.86
27/04/2022,92700,2279485000,25(2.04 %),245500,6008660000,152800,3729175000,114427731,15.86
28/04/2022,1306700,32987725000,25.2(0.80 %),1609400,40631295000,302700,7643570000,112958731,15.93
29/04/2022,605200,15309675000,25.3(0.40 %),778500,19687665000,173300,4377990000,112351031,15.96
04/05/2022,-125000,-3122455000,24.8(-1.98 %),56200,1400990000,181200,4523445000,112597531,15.95
05/05/2022,-9600,-200445000,25.15(1.41 %),217800,5435085000,227400,5635530000,112607131,0.0
06/05/2022,-88800,-2135640000,24.05(-4.56 %),57600,1385280000,146400,3520920000,112676631,15.94
09/05/2022,42300,972900000,23(-4.56 %),358100,8236300000,315800,7263400000,112545931,15.95
10/05/2022,164400,3953820000,24.05(4.57 %),495300,11911965000,330900,7958145000,112197031,15.97
11/05/2022,-45500,-1074715000,24.25(0.83 %),358200,8609950000,403700,9684665000,112242531,0.0
12/05/2022,-26600,-487315000,22.95(-5.36 %),403600,9551290000,430200,10038605000,112269131,0.0
13/05/2022,515200,11582775000,22.2(-3.27 %),891600,20086100000,376400,8503325000,111575531,16.0
16/05/2022,299400,6736500000,22.5(1.35 %),468900,10550250000,169500,3813750000,111544831,16.0
17/05/2022,285800,6859200000,24(6.67 %),519400,12465600000,233600,5606400000,111408369,16.0
18/05/2022,679400,16305600000,24(0.00 %),1171300,28111200000,491900,11805600000,110439557,16.05
19/05/2022,900700,21887010000,24.3(1.25 %),1513000,36765900000,612300,14878890000,109185157,16.11
20/05/2022,888000,21622800000,24.35(0.21 %),1271800,30968330000,383800,9345530000,108405257,16.15
23/05/2022,854600,20681320000,24.2(-0.82 %),1397300,33814660000,542700,13133340000,107626757,16.19
24/05/2022,1199400,29505240000,24.6(1.65 %),1326600,32634360000,127200,3129120000,106716957,16.24
25/05/2022,809300,20758545000,25.65(4.27 %),964000,24726600000,154700,3968055000,106353657,16.25
26/05/2022,331200,8462160000,25.55(-0.58 %),710200,18145610000,379000,9683450000,105770657,16.28
27/05/2022,749100,19326780000,25.8(0.78 %),853100,22009980000,104000,2683200000,105072257,16.32
30/05/2022,1006300,26012855000,25.85(0.19 %),1162700,30055795000,156400,4042940000,104313557,16.35
31/05/2022,1232800,32176080000,26.1(0.77 %),1390900,36302490000,158100,4126410000,103081657,16.42
01/06/2022,705900,18459285000,26.15(0.19 %),812100,21236415000,106200,2777130000,102425957,16.45
02/06/2022,1464400,38074400000,26(-0.76 %),1573900,40921400000,109500,2847000000,101010157,16.52
03/06/2022,251900,6398260000,25.4(-2.31 %),373600,9489440000,121700,3091180000,100742757,16.53
06/06/2022,1031400,26240910000,25.3(-0.39 %),1181200,30070760000,149800,3829850000,99671057,16.58
07/06/2022,237300,6003690000,25.3(0.00 %),376800,9533040000,139500,3529350000,99415982,16.6
08/06/2022,-496100,-12873795000,25.95(2.57 %),1169300,30343335000,1665400,43217130000,27691370,16.63
09/06/2022,145900,3764220000,25.8(-0.77 %),289600,7471680000,143700,3707460000,27541270,16.64
10/06/2022,1556000,40300400000,25.9(0.39 %),1655800,42885220000,99800,2584820000,27300870,16.65
13/06/2022,625200,15348660000,24.55(-5.21 %),873400,21441970000,248200,6093310000,26508670,16.69
14/06/2022,1445100,35982990000,24.9(1.22 %),1809300,45051570000,364200,9068580000,24799170,16.78
15/06/2022,109700,2687650000,24.5(-1.61 %),1541200,37759400000,1431500,35071750000,23506095,16.84
16/06/2022,935300,23335735000,24.95(1.84 %),1144800,28562760000,209500,5227025000,22762995,16.88
17/06/2022,757100,18624660000,24.6(-1.60 %),915300,22516380000,158200,3891720000,23329195,16.85
20/06/2022,192400,4623340000,23.75(-3.46 %),424600,10198260000,232200,5574920000,23114095,16.86
21/06/2022,383400,9048240000,23.6(-0.84 %),546300,12892680000,162900,3844440000,22725995,16.88
22/06/2022,-222100,-5241560000,23.6(0.00 %),176700,4170120000,398800,9411680000,22787995,16.88
23/06/2022,-84600,-1988100000,23.5(-0.42 %),80100,1882350000,164700,3870450000,22870795,16.87
24/06/2022,-1093100,-25141300000,23(-2.13 %),438600,10087800000,1531700,35229100000,23120995,16.86
27/06/2022,162700,3790950000,23.35(1.52 %),295800,6883145000,133100,3092195000,22989895,16.87
28/06/2022,173900,4217075000,24.25(3.63 %),411400,9976450000,237500,5759375000,23860195,16.82
29/06/2022,660600,16166185000,24.4(0.41 %),885800,21654590000,225200,5488405000,23107495,16.86
30/06/2022,1636200,39268800000,24(-1.64 %),1762800,42307200000,126600,3038400000,21582195,16.94
01/07/2022,1105800,27092100000,24.5(2.08 %),1162200,28473900000,56400,1381800000,20645195,16.98
04/07/2022,414900,10221635000,24.55(0.20 %),528800,13022605000,113900,2800970000,20522695,17.12
05/07/2022,658400,16295400000,24.75(0.61 %),724900,17941275000,66500,1645875000,19628995,17.03
06/07/2022,-1952500,-46567125000,23.85(-3.83 %),500500,11936925000,2453000,58504050000,19592395,17.03
07/07/2022,89300,2143200000,24(0.42 %),192100,4610400000,102800,2467200000,19466802,17.04
08/07/2022,-45500,5143340000,23.7(-1.25 %),358200,10467590000,403700,5324250000,19512302,0.0
11/07/2022,224600,5143340000,22.9(-3.38 %),457100,10467590000,232500,5324250000,21190002,16.95
12/07/2022,75300,1769550000,23.5(2.62 %),145200,3412200000,69900,1642650000,21122702,16.96
13/07/2022,-44000,-1042800000,23.7(0.85 %),185200,4389240000,229200,5432040000,21170001,16.96
14/07/2022,-780500,-18497850000,23.7(0.00 %),209800,4972260000,990300,23470110000,21030101,16.96
15/07/2022,-102700,-2423720000,23.6(-0.42 %),423200,9987520000,525900,12411240000,20906101,16.97
18/07/2022,9500,223250000,23.5(-0.42 %),76400,1795400000,66900,1572150000,21820001,16.92
19/07/2022,64300,1504620000,23.4(-0.43 %),198600,4647240000,134300,3142620000,22147301,16.91
20/07/2022,315300,7519905000,23.85(1.92 %),373500,8907975000,58200,1388070000,21840701,16.92
21/07/2022,-23800,-572390000,24.05(0.63 %),156700,3768635000,180500,4341025000,21824801,16.92
22/07/2022,-84600,-1991417400,23.8(-1.24 %),80100,649740000,164700,2641157400,21855701,16.92
25/07/2022,198000,4672800000,23.6(-0.84 %),223900,5284040000,25900,611240000,21818851,16.92
26/07/2022,106500,2513400000,23.6(0.00 %),139800,3299280000,33300,785880000,21810024,16.92
27/07/2022,177700,4247030000,23.9(1.27 %),192100,4591190000,14400,344160000,21646324,16.93
28/07/2022,327100,7981240000,24.4(2.09 %),491600,11995040000,164500,4013800000,21188024,16.95
29/07/2022,-156200,-3772230000,24.15(-1.02 %),51300,1238895000,207500,5011125000,21151124,16.96
01/08/2022,157100,3880370000,24.7(2.07 %),255800,6318260000,98700,2437890000,21059824,16.96
02/08/2022,42900,1066065000,24.85(0.61 %),196700,4887995000,153800,3821930000,21070624,16.96
03/08/2022,402400,9999640000,24.85(-0.20 %),409800,10183530000,7400,183890000,20759524,16.98
04/08/2022,72900,1815210000,24.9(0.00 %),190900,4753410000,118000,2938200000,20722424,16.98
05/08/2022,89900,2220530000,24.7(-0.80 %),143800,3551860000,53900,1331330000,20586024,16.98
08/08/2022,972100,24302500000,25(1.21 %),1109800,27745000000,137700,3442500000,19534274,17.04
09/08/2022,1867800,46975170000,25.15(0.60 %),1942400,48851360000,74600,1876190000,17657774,17.13
10/08/2022,1047200,26232360000,25.05(-0.60 %),1068900,26775945000,21700,543585000,16731374,17.17
11/08/2022,1870300,47318590000,25.3(0.80 %),2005600,50741680000,135300,3423090000,14800374,17.27
12/08/2022,459100,11661140000,25.4(0.40 %),517500,13144500000,58400,1483360000,14304574,17.29
15/08/2022,2393700,62954310000,26.3(3.54 %),2498100,65700030000,104400,2745720000,11941774,17.41
16/08/2022,1356500,35743775000,26.35(0.19 %),1456500,38378775000,100000,2635000000,10543674,17.48
17/08/2022,3110900,83216575000,26.75(1.33 %),3177600,85000800000,66700,1784225000,7434399,17.63
18/08/2022,2576600,69052880000,26.8(0.00 %),2783200,74589760000,206600,5536880000,4812699,17.76
19/08/2022,410000,10762500000,26.25(-2.05 %),2486600,65273250000,2076600,54510750000,2392799,17.88
22/08/2022,-734600,-18695570000,25.45(-3.23 %),470400,11971680000,1205000,30667250000,2128999,17.89
23/08/2022,-223400,-5741380000,25.7(0.78 %),820200,21079140000,1043600,26820520000,3296399,17.84
24/08/2022,27800,720020000,25.9(0.78 %),98300,2545970000,70500,1825950000,4403099,17.78
25/08/2022,293100,7752495000,26.45(2.12 %),759900,20099355000,466800,12346860000,4686712,17.77
26/08/2022,585200,15390760000,26.3(-0.75 %),737300,19390990000,152100,4000230000,4031912,17.8
29/08/2022,-1078600,-27989670000,25.95(-1.33 %),249600,6477120000,1328200,34466790000,4399112,17.78
30/08/2022,436300,11474690000,26.3(1.15 %),523000,13754900000,86700,2280210000,4035212,17.8
31/08/2022,1279200,34154640000,26.7(1.52 %),1452900,38792430000,173700,4637790000,3760512,17.81
05/09/2022,256400,6768960000,26.4(-1.12 %),597500,15774000000,341100,9005040000,3249712,17.84
06/09/2022,913800,24398460000,26.7(1.14 %),1264300,33756810000,350500,9358350000,2135112,17.89
07/09/2022,1710400,44641440000,26.1(-2.25 %),2135100,55726110000,424700,11084670000,341112,17.98
08/09/2022,283500,7229250000,25.5(-2.30 %),341100,8698050000,57600,1468800000,350519,17.98
09/09/2022,318800,8225040000,25.8(1.18 %),350500,9042900000,31700,817860000,431219,17.98
12/09/2022,350132,8225040000,25.65(-0.58 %),431214,9042900000,81082,817860000,57605,18.0
13/09/2022,42749,1360146800,25.9(0.78 %),275600,1480320000,232851,120173200,31705,18.0
14/09/2022,-225865,1360146800,25.2(-2.70 %),31705,1480320000,257570,120173200,99082,18.0
15/09/2022,25433,-5691798000,25.15(-0.20 %),2110809,798966000,2085376,6490764000,0,18.0
16/09/2022,-140982,-3524550000,25(-0.79 %),114843,2871075000,255825,6395625000,257578,17.99
19/09/2022,228528,5598936000,24.5(-2.00 %),424397,10397726500,195869,4798790500,29050,0.0
20/09/2022,67249,1667775200,24.8(1.22 %),73649,1826495200,6400,158720000,155825,17.99
21/09/2022,45809,1131482300,24.7(-0.40 %),304825,7529177500,259016,6397695200,29050,18.0
22/09/2022,-309245,-7638351500,24.7(0.00 %),125650,3103555000,434895,10741906500,6400,18.0
23/09/2022,-24100,-585630000,24.3(-1.62 %),6400,155520000,30500,741150000,110016,17.99
26/09/2022,-737546,-17295453700,23.45(-3.50 %),109983,2579101350,847529,19874555050,338328,17.98
27/09/2022,-251494,-4853834200,19.3(2.66 %),282368,5449702400,533862,10303536600,86460,18.0
28/09/2022,-285186,-5461311900,19.15(-0.78 %),85600,1639240000,370786,7100551900,848389,17.96
29/09/2022,386766,7406568900,19.15(-0.26 %),639000,12236850000,252234,4830281100,743251,17.96
30/09/2022,-238500,-4567275000,19.15(-0.26 %),437200,8372380000,675700,12939655000,676837,17.97
03/10/2022,-84100,-1547440000,18.4(-4.17 %),186925,3439420000,271025,4986860000,846646,17.96
04/10/2022,588675,10890487500,18.5(0.54 %),846600,15662100000,257925,4771612500,675746,17.97
05/10/2022,296850,5491725000,18.5(0.00 %),675650,12499525000,378800,7007800000,271121,17.99
06/10/2022,162296,2945672400,18.15(-1.89 %),271121,4920846150,108825,1975173750,257925,17.99
07/10/2022,239750,4183637500,17.45(-4.12 %),257925,4500791250,18175,317153750,378800,17.98
10/10/2022,-488826,-8261159400,16.9(-3.43 %),378800,6401720000,867626,14662879400,108825,17.99
11/10/2022,-214187,-3469829400,16.2(-4.14 %),1669800,27050760000,1883987,30520589400,18200,18.0
12/10/2022,-105600,-1774080000,16.8(3.70 %),18200,305760000,123800,2079840000,867626,17.96
13/10/2022,781026,13121236800,16.8(0.00 %),867626,14576116800,86600,1454880000,322987,17.98
14/10/2022,182987,3110779000,17(1.19 %),1640387,27886579000,1457400,24775800000,123800,17.99
17/10/2022,-619635,-10223977500,16.5(-2.94 %),123800,2042700000,743435,12266677500,86600,18.0
18/10/2022,-305351,-5129896800,16.8(1.82 %),86600,1454880000,391951,6584776800,140000,17.99
19/10/2022,84800,1464645000,16.7(-0.60 %),140000,2386770000,55200,922125000,55200,0.0
20/10/2022,132700,2468940000,16.8(0.60 %),743400,12635800000,610700,10166860000,610735,0.0
21/10/2022,205300,3604810000,16.5(-1.79 %),391900,6662005000,186600,3057195000,186651,0.0
24/10/2022,-140500,-2221210000,15.95(-3.33 %),42100,681110000,182600,2902320000,195750,0.0
25/10/2022,-95700,-1435025000,16(0.00 %),249400,3978810000,345100,5413835000,291450,0.0
26/10/2022,20800,314030000,15.95(-0.31 %),142600,2253860000,121800,1939830000,324328,0.0
27/10/2022,-772200,-12478480000,16.6(3.75 %),182600,2914285000,954800,15392765000,345185,17.99
28/10/2022,-280727,-4631995500,16.5(-0.60 %),303400,5006100000,584127,9638095500,163585,17.99
31/10/2022,-434411,-7124340400,16.4(-0.61 %),163500,2681400000,597911,9805740400,954893,17.96
01/11/2022,-322795,-5358397000,16.6(1.22 %),929100,15423060000,1251895,20781457000,431420,17.98
02/11/2022,-122983,-2023070350,16.45(-0.90 %),410500,6752725000,533483,8775795350,618831,17.98
03/11/2022,-487112,-7793792000,16(-3.03 %),761500,12184000000,1248612,19977792000,1289226,17.95
04/11/2022,-3446125,-53070325000,15.4(-3.75 %),831500,12805100000,4277625,65875425000,991209,17.96
07/11/2022,-1164900,-16716315000,14.35(-6.82 %),991200,14223720000,2156100,30940035000,1068621,17.96
08/11/2022,-2115159,-30669805500,14.5(0.69 %),268307,3890451500,2383466,34560257000,5077939,17.8
09/11/2022,-971143,-14372916400,14.8(2.07 %),739008,10937318400,1710151,25310234800,6495031,17.74
10/11/2022,830000,12118000000,14.6(-1.35 %),897000,13096200000,67000,978200000,7981497,17.68
11/11/2022,804587,11907887600,14.8(1.37 %),1232275,18237670000,427688,6329782400,8403573,17.67
14/11/2022,2450942,35783753200,14.6(-1.35 %),3546836,51783805600,1095894,16000052400,4923737,17.81
15/11/2022,835460,11696440000,14(-4.11 %),1639900,22958600000,804440,11262160000,3711525,17.85
16/11/2022,1604424,23905917600,14.9(6.43 %),1998300,29774670000,393876,5868752400,2809119,17.89
17/11/2022,2618955,40070011500,15.3(2.68 %),2809100,42979230000,190145,2909218500,804459,17.97
18/11/2022,568959,8534385000,15(-1.96 %),1703059,25545885000,1134100,17011500000,393876,17.98
21/11/2022,297939,4409497200,14.8(-1.33 %),848344,12555491200,550405,8145994000,190177,17.99
22/11/2022,131116,1920849400,14.65(-1.01 %),1340175,19633563750,1209059,17712714350,235502,17.99
23/11/2022,218900,3206885000,14.65(-0.34 %),835500,12240075000,616600,9033190000,95907,18.0
24/11/2022,27286,403832800,14.8(1.02 %),580707,8594463600,553421,8190630800,59059,18.0
25/11/2022,44659,667652050,14.95(1.01 %),59059,882932050,14400,215280000,16600,18.0
28/11/2022,11592,179096400,15.45(3.00 %),466500,7207425000,454908,7028328600,5008,18.11
29/11/2022,-79109,-1222234050,15.45(-0.32 %),88621,1369194450,167730,2591428500,84117,18.1
30/11/2022,-251265,-3907170750,15.55(0.32 %),0,0,251265,3907170750,335382,18.09
01/12/2022,-487246,-7771573700,15.95(2.24 %),65608,1046447600,552854,8818021300,822628,0.0
02/12/2022,141889,2341168500,16.5(3.12 %),147730,2437545000,5841,96376500,680739,18.08
05/12/2022,-407738,-6911159100,16.95(2.73 %),251265,4258941750,659003,11170100850,1088477,0.0
06/12/2022,-175507,-2878314800,16.4(-3.53 %),492254,8072965600,667761,10951280400,1263984,18.06
07/12/2022,-4959,-78848100,15.9(-3.05 %),5841,92871900,10800,171720000,1268943,0.0
08/12/2022,-161340,-2662110000,16.5(3.77 %),916203,15117349500,1077543,17779459500,667761,17.97
09/12/2022,344661,5790304800,16.8(1.82 %),667761,11218384800,323100,5428080000,10800,18.0
12/12/2022,-778384,-12609820800,16.2(-3.57 %),10800,174960000,789184,12784780800,1864006,18.03
13/12/2022,-420433,-6916122850,16.45(1.54 %),931643,15325527350,1352076,22241650200,2284439,18.02
14/12/2022,-562600,-9254770000,16.45(-0.30 %),423100,6959995000,985700,16214765000,2847039,17.99
15/12/2022,-1035816,-17349918000,16.75(1.52 %),789184,13218832000,1825000,30568750000,3882855,0.0
16/12/2022,718983,12438405900,17.3(2.98 %),1240776,21465424800,521793,9027018900,3163872,0.0
19/12/2022,640237,11108111950,17.35(0.29 %),885700,15366895000,245463,4258783050,2523635,0.0
20/12/2022,160831,2677836150,16.65(-4.31 %),1825000,30386250000,1664169,27708413850,2362804,18.01
21/12/2022,514891,8650168800,16.8(0.60 %),521793,8766122400,6902,115953600,1847913,18.03
22/12/2022,-16962,-285809700,16.85(0.30 %),183400,3090290000,200362,3376099700,1864875,18.03
23/12/2022,431400,7333800000,17(0.59 %),477900,8124300000,46500,790500000,1433475,18.05
26/12/2022,405637,6591601250,16.25(-4.41 %),459987,7474788750,54350,883187500,1027838,18.07
27/12/2022,747810,12226693500,16.35(0.31 %),831687,13598082450,83877,1371388950,280028,18.1
28/12/2022,-162428,-2631333600,16.2(-1.22 %),446522,7233656400,608950,9864990000,442456,18.09
29/12/2022,-548153,-8715632700,15.9(-1.85 %),54297,863322300,602450,9578955000,83930,18.0
30/12/2022,-572770,-9135681500,15.95(0.31 %),83930,1338683500,656700,10474365000,208950,17.99
03/01/2023,208070,3433155000,16.5(3.12 %),925550,15271575000,717480,11838420000,880,18.11
04/01/2023,363050,5935867500,16.35(-0.91 %),602450,9850057500,239400,3914190000,656700,17.97
05/01/2023,-139000,-2279600000,16.4(0.00 %),580100,9513640000,719100,11793240000,77480,18.0
06/01/2023,-224120,-3686774000,16.45(0.30 %),77480,1274546000,301600,4961320000,239400,17.99
09/01/2023,201378,3373081500,16.75(1.52 %),239303,4008325250,37925,635243750,719197,17.97
10/01/2023,-65251,-1092954250,16.75(-0.30 %),747760,12524980000,813011,13617934250,773037,17.97
11/01/2023,-642263,-10725792100,16.7(-0.60 %),773037,12909717900,1415300,23635510000,37925,18.0
12/01/2023,-107675,-1787405000,16.6(-0.60 %),37925,629555000,145600,2416960000,313011,17.99
13/01/2023,-457489,-7617191850,16.65(0.30 %),441011,7342833150,898500,14960025000,1415300,17.94
16/01/2023,617561,10436780900,16.9(1.20 %),1915248,32367691200,1297687,21930910300,145652,17.99
17/01/2023,-298730,-5153092500,17.25(2.07 %),145645,2512376250,444375,7665468750,770507,17.97
18/01/2023,477607,8334242150,17.45(0.87 %),770507,13445347150,292900,5111105000,797687,17.97
19/01/2023,89992,1574860000,17.5(0.00 %),2413687,42239522500,2323695,40664662500,444375,17.98
27/01/2023,140482,2486531400,17.7(1.14 %),444375,7865437500,303893,5378906100,50899759,17.99
30/01/2023,2586970,47212202500,18.25(3.11 %),2989079,54550691750,402109,7338489250,48618375,18.08
31/01/2023,1252672,23362332800,18.65(1.91 %),1746372,32569837800,493700,9207505000,47175896,18.14
01/02/2023,2314979,43984601000,19(1.60 %),2840300,53965700000,525321,9981099000,44737705,18.23
02/02/2023,857205,15729711750,18.35(-3.42 %),902205,16555461750,45000,825750000,44329200,18.25
03/02/2023,972683,18043269650,18.55(0.82 %),1276183,23673194650,303500,5629925000,43681638,18.27
06/02/2023,841635,15570247500,18.5(-0.54 %),1145460,21191010000,303825,5620762500,42581178,18.32
07/02/2023,392500,7065000000,18(-2.70 %),482288,8681184000,89788,1616184000,42299090,18.33
08/02/2023,472980,8655534000,18.3(1.67 %),780580,14284614000,307600,5629080000,41822335,18.35
09/02/2023,128906,2346089200,18.2(-0.55 %),716956,13048599200,588050,10702510000,41195167,18.37
10/02/2023,667800,12120570000,18.15(-0.27 %),1212100,21999615000,544300,9879045000,40290667,18.41
13/02/2023,904227,16321297350,18.05(-0.82 %),1351627,24396867350,447400,8075570000,39527090,18.44
14/02/2023,593469,10474727850,17.65(-2.49 %),1149740,20292911000,556271,9818183150,38921650,18.46
15/02/2023,181224,3225787200,17.8(0.56 %),726050,12923690000,544826,9697902800,38798000,18.47
16/02/2023,1647583,30480285500,18.5(3.93 %),2186454,40449399000,538871,9969113500,37167817,18.53
17/02/2023,-233578,-4309514100,18.45(-0.27 %),902522,16651530900,1136100,20961045000,36810121,18.55
20/02/2023,875925,16467390000,18.8(1.62 %),1244075,23388610000,368150,6921220000,36104917,18.57
21/02/2023,1334681,25358939000,19(1.06 %),1780200,33823800000,445519,8464861000,35460817,18.6
22/02/2023,-96106,-1777961000,18.5(-2.63 %),620494,11479139000,716600,13257100000,35130973,18.61
23/02/2023,-1289520,-23275836000,18.05(-2.43 %),662680,11961374000,1952200,35237210000,34913812,18.62
24/02/2023,-232433,-4067577500,17.5(-3.31 %),589300,10312750000,821733,14380327500,35146245,18.72
27/02/2023,-970475,-16401027500,16.9(-3.43 %),140900,2381210000,1111375,18782237500,36632412,18.55
28/02/2023,662376,11293510800,17.05(0.89 %),821700,14009985000,159324,2716474200,36515445,18.56
01/03/2023,139061,2461379700,17.7(3.51 %),317200,5614440000,178139,3153060300,37309620,18.53
02/03/2023,905800,16304400000,18(1.69 %),1372900,24712200000,467100,8407800000,36078044,18.57
03/03/2023,557400,9921720000,17.8(-1.11 %),862500,15352500000,305100,5430780000,35338683,18.6
06/03/2023,1438000,25884000000,18(1.12 %),2420900,43576200000,982900,17692200000,33384883,18.68
07/03/2023,1992232,36856292000,18.5(2.78 %),4761383,88085585500,2769151,51229293500,31328600,18.76
08/03/2023,886590,16490574000,18.6(0.54 %),1381200,25690320000,494610,9199746000,30930300,18.78
09/03/2023,253425,4688362500,18.5(-0.54 %),436100,8067850000,182675,3379487500,30863351,18.78
10/03/2023,833300,15416050000,18.5(0.00 %),1127700,20862450000,294400,5446400000,30219761,18.81
13/03/2023,1776582,32777937900,18.45(-0.27 %),2145800,39590010000,369218,6812072100,28443179,0.0
14/03/2023,-71077,-1282939850,18.05(-2.43 %),1083300,19553565000,1154377,20836504850,27467736,18.91
15/03/2023,221800,4103300000,18.5(2.21 %),1709200,31620200000,1487400,27516900000,27108754,18.93
16/03/2023,-404600,-7222110000,17.85(-3.51 %),534500,9540825000,939100,16762935000,27728631,18.9
17/03/2023,1301900,24085150000,18.5(3.35 %),2159100,39943350000,857200,15858200000,25918931,18.98
20/03/2023,-1172009,-20861760200,17.8(-3.78 %),703835,12528263000,1875844,33390023200,26123196,18.97
21/03/2023,-1687765,-4067577500,17.4(-2.25 %),2218135,10312750000,3905900,14380327500,24762261,19.02
22/03/2023,-353200,-6191700000,17.65(1.44 %),1795500,31622050000,2148700,37813750000,25115461,0.0
23/03/2023,513200,9055785000,17.65(-0.28 %),1420700,25012410000,907500,15956625000,24602261,0.0
24/03/2023,860600,15523645000,18.05(1.98 %),1023800,18456110000,163200,2932465000,23741661,0.0
27/03/2023,581154,10577002800,18.2(0.55 %),815935,14850017000,234781,4273014200,23160507,0.0
28/03/2023,435485,7904052750,18.15(-0.27 %),1083135,19658900250,647650,11754847500,22725022,19.22
29/03/2023,79537,1439619700,18.1(-0.55 %),280337,5074099700,200800,3634480000,27609658,18.91
30/03/2023,620554,11604359800,18.7(3.31 %),1195360,22353232000,574806,10748872200,27061948,18.93
31/03/2023,1869740,35992495000,19.25(2.94 %),2789240,53692870000,919500,17700375000,24473508,19.03
03/04/2023,450400,8715240000,19.35(0.26 %),765200,14806620000,314800,6091380000,24283114,19.04
04/04/2023,-195387,-3741661050,19.15(-1.29 %),169600,3247840000,364987,6989501050,25033014,19.01
05/04/2023,1402175,27622847500,19.7(2.60 %),1749500,34465150000,347325,6842302500,23598314,19.07
06/04/2023,2650100,52074465000,19.65(-0.25 %),3273700,64328205000,623600,12253740000,21099601,19.17
07/04/2023,-9700,-188665000,19.45(-1.27 %),452500,8801125000,462200,8989790000,20994426,19.17
10/04/2023,2635144,51912336800,19.7(1.03 %),2768744,54544256800,133600,2631920000,18439282,19.27
11/04/2023,683537,13363148350,19.55(-0.76 %),917600,17939080000,234063,4575931650,17983882,19.29
12/04/2023,1628200,31994130000,19.65(0.26 %),2079700,40866105000,451500,8871975000,16037782,19.37
13/04/2023,1245700,24540290000,19.7(0.00 %),1562900,30789130000,317200,6248840000,14708945,19.42
14/04/2023,847588,16527966000,19.5(-1.02 %),1292400,25201800000,444812,8673834000,13868045,19.45
17/04/2023,113435,2189295500,19.3(-1.03 %),641800,12386740000,528365,10197444500,13543445,19.46
18/04/2023,358754,6941889900,19.35(0.26 %),958135,18539912250,599381,11598022350,13030122,19.49
19/04/2023,-94900,-1807845000,19.05(-1.80 %),428200,8157210000,523100,9965055000,13130287,19.48
20/04/2023,366900,7034055000,19.2(0.52 %),384800,7375555000,17900,341500000,12763387,19.61
21/04/2023,-177200,-3331360000,18.8(-2.08 %),534700,10052360000,711900,13383720000,13333268,19.47
24/04/2023,-175809,-3296418750,18.75(-0.27 %),301900,5660625000,477709,8957043750,13049268,19.48
25/04/2023,-667203,-12243175050,18.35(-2.39 %),133400,2447890000,800603,14691065050,13565768,19.46
26/04/2023,304860,5761854000,18.9(2.72 %),668710,12638619000,363850,6876765000,13374767,19.47
27/04/2023,346200,6592050000,19(0.53 %),541700,10259440000,195500,3667390000,13028567,19.6
28/04/2023,206900,3911925000,18.8(-1.05 %),322900,6102130000,116000,2190205000,12821667,19.61
04/05/2023,80900,1522115000,18.8(0.00 %),408000,7678145000,327100,6156030000,13674620,19.58
05/05/2023,668100,12671220000,19.05(1.33 %),930500,17612465000,262400,4941245000,12647620,19.5
08/05/2023,895500,17159010000,19.2(0.79 %),1365600,26152100000,470100,8993090000,11609151,19.54
09/05/2023,221000,4255120000,19.05(-0.78 %),487700,9357985000,266700,5102865000,11166928,19.56
10/05/2023,30200,576785000,19.15(0.26 %),121100,2311990000,90900,1735205000,11136728,19.68
11/05/2023,133100,2561080000,19.2(0.00 %),298000,5722085000,164900,3161005000,11453740,19.55
12/05/2023,-93200,-1801550000,19.4(1.04 %),206900,3985695000,300100,5787245000,11337740,19.55
15/05/2023,-146600,-2863320000,19.4(0.00 %),87100,1695050000,233700,4558370000,11484340,19.66
16/05/2023,369700,7204580000,19.5(0.52 %),691900,13477480000,322200,6272900000,11114640,19.68
17/05/2023,1114800,21802885000,19.6(0.51 %),1172900,22939625000,58100,1136740000,9999840,19.72
18/05/2023,-606500,-11792480000,19.4(-1.02 %),145700,2842480000,752200,14634960000,10606340,19.7
19/05/2023,106200,2055180000,19.4(0.00 %),424300,8208125000,318100,6152945000,10500140,19.7
22/05/2023,-42200,-818475000,19.45(0.26 %),441800,8579550000,484000,9398025000,10542340,19.7
23/05/2023,-126500,-2450430000,19.5(0.26 %),435600,8484100000,562100,10934530000,10668840,19.7
24/05/2023,589500,11494960000,19.5(0.00 %),987900,19255810000,398400,7760850000,10079340,19.72
25/05/2023,-233800,-4523150000,19.5(0.00 %),728700,14169825000,962500,18692975000,10313140,19.71
26/05/2023,-14600,-284800000,19.5(0.00 %),40400,785780000,55000,1070580000,10327740,19.71
29/05/2023,750400,14071095000,18.8(-3.59 %),1077900,20205635000,327500,6134540000,9577340,19.74
30/05/2023,398200,7481375000,18.8(0.00 %),1164800,21823610000,766600,14342235000,9179140,19.76
31/05/2023,-550300,-10161755000,18.4(-2.13 %),139200,2570950000,689500,12732705000,9729440,19.73
01/06/2023,33700,782350000,18.6(1.09 %),884500,16322300000,850800,15539950000,8366511,19.79
02/06/2023,-119800,-2220710000,19.05(2.42 %),441900,8395775000,561700,10616485000,8486311,19.78
05/06/2023,801800,15316490000,19.05(0.00 %),1176600,22466610000,374800,7150120000,7684511,19.81
06/06/2023,2072300,39543675000,19.2(0.79 %),2380600,45415180000,308300,5871505000,5612211,19.9
07/06/2023,-27100,-514270000,19(-1.04 %),374800,7136700000,401900,7650970000,5639311,19.9
08/06/2023,-215100,-4058715000,18.7(-1.58 %),188500,3573075000,403600,7631790000,5854411,19.89
09/06/2023,-812200,-15059990000,18.5(-1.07 %),392800,7296920000,1205000,22356910000,6666611,19.85
12/06/2023,-1605500,-29575375000,18.4(-0.54 %),488800,9003795000,2094300,38579170000,8272111,19.79
13/06/2023,-217500,-4022025000,18.6(1.09 %),69900,1292375000,287400,5314400000,8489611,19.78
14/06/2023,141800,2673795000,18.65(0.27 %),550000,10295680000,408200,7621885000,8347811,19.79
15/06/2023,338900,6322435000,18.65(0.00 %),582200,10863120000,243300,4540685000,8008911,19.8
16/06/2023,1007100,19009275000,18.6(-0.53 %),2364000,44542445000,1356900,25533170000,4940743,19.8
19/06/2023,-1193400,-21996620000,18.35(-1.34 %),559900,10302545000,1753300,32299165000,4624281,19.82
20/06/2023,-1459800,-26746065000,18.7(1.63 %),317200,5797470000,1777000,32543535000,6084081,19.88
21/06/2023,-205000,-3766540000,18.65(-0.27 %),401000,7447555000,606000,11214095000,7004297,19.72
22/06/2023,725600,13597665000,18.7(0.27 %),824700,15460445000,99100,1862780000,6278697,19.87
23/06/2023,-153400,-2880375000,18.65(-0.27 %),160300,2997390000,313700,5877765000,6432097,19.86
26/06/2023,-121000,-2250825000,18.8(0.53 %),371900,6960130000,492900,9210955000,8129605,19.68
27/06/2023,311900,5825325000,18.7(-0.53 %),757500,14169225000,445600,8343900000,7817705,19.81
28/06/2023,25400,475275000,18.75(0.27 %),337300,6309640000,311900,5834365000,7792305,19.81
29/06/2023,201500,3739055000,18.35(-2.39 %),643800,11977125000,442300,8238070000,7590805,19.82
30/06/2023,-125000,-2325785000,18.6(1.09 %),150100,2802075000,275100,5127860000,7715805,19.81
03/07/2023,-675300,-12502050000,18.45(-0.81 %),154200,2859270000,829500,15361320000,7557116,19.82
04/07/2023,-464800,-8589710000,18.55(0.27 %),405100,7512295000,869900,16102005000,8021916,19.8
05/07/2023,-654600,-12130940000,18.45(-0.81 %),611900,11347525000,1266500,23478465000,8676516,19.77
06/07/2023,-1952900,-35760070000,18.2(-1.62 %),718500,13188440000,2671400,48948510000,8084374,19.68
07/07/2023,-140200,-2554190000,18.35(0.82 %),281200,5125255000,421400,7679445000,9069644,19.64
10/07/2023,-1406600,-25782110000,18.35(-0.27 %),586700,10776010000,1993300,36558120000,10476244,19.7
11/07/2023,21000,400615000,18.6(1.09 %),440200,8161815000,419200,7761200000,10455244,19.7
12/07/2023,-180100,-3327065000,18.55(-0.27 %),276200,5119805000,456300,8446870000,10635344,19.7
13/07/2023,-291900,-5400590000,18.6(0.00 %),268300,4982020000,560200,10382610000,10927244,19.69
14/07/2023,894500,16815000000,18.9(1.61 %),1378500,25843680000,484000,9028680000,12069352,19.52
17/07/2023,-218300,-4118880000,18.9(0.00 %),347500,6568165000,565800,10687045000,12287652,19.63
18/07/2023,211800,4015325000,18.9(0.00 %),753400,14244270000,541600,10228945000,12075852,19.64
19/07/2023,294200,4953670000,16.85(2.74 %),628600,10564960000,334400,5611290000,11949919,19.53
20/07/2023,1502800,25466615000,17(0.59 %),3070100,51982010000,1567300,26515395000,10447119,19.7
21/07/2023,1272400,21576115000,17.2(1.18 %),1637700,27761855000,365300,6185740000,9174719,19.76
24/07/2023,509900,8776115000,17.25(0.29 %),1059600,18224420000,549700,9448305000,8817584,19.65
25/07/2023,893700,15375750000,17.2(-0.58 %),1847600,31751135000,953900,16375385000,6555284,19.74
26/07/2023,1457500,24986115000,17.2(0.00 %),2089600,35816750000,632100,10830635000,5097784,19.92
27/07/2023,4020500,69564000000,17.2(0.00 %),5015400,86747660000,994900,17183660000,1077284,20.08
28/07/2023,778300,13381145000,17.25(0.29 %),1019100,17525025000,240800,4143880000,298984,20.11
31/07/2023,396800,6874605000,17.35(0.29 %),632100,10938610000,235300,4064005000,-97816,20.12
01/08/2023,1055200,18489065000,17.55(0.86 %),1066900,18694050000,11700,204985000,1066944,20.08
02/08/2023,234400,4104800000,17.4(-1.14 %),240900,4218250000,6500,113450000,832544,20.09
03/08/2023,-250300,-4287325000,17.2(-1.15 %),235300,4107365000,485600,8394690000,1082844,20.08
04/08/2023,-50700,-875575000,17.15(-0.29 %),11700,201830000,62400,1077405000,6500,20.0
07/08/2023,-412700,-7132510000,17.35(1.17 %),6500,112450000,419200,7244960000,419200,20.1
08/08/2023,447700,7791525000,17.35(0.00 %),485600,8450025000,37900,658500000,0,20.12
09/08/2023,34000,594270000,17.3(-0.29 %),62400,1085760000,28400,491490000,62400,20.12
10/08/2023,69200,1233365000,17.2(-0.58 %),419200,7292245000,350000,6058880000,0,20.12
11/08/2023,-316700,-5392465000,17.05(-0.87 %),38100,657225000,354800,6049690000,38136,20.12
14/08/2023,-658900,-11231105000,17.15(0.29 %),0,0,658900,11231105000,248022,19.99
15/08/2023,-562000,-9547120000,17.05(-0.87 %),248000,4265945000,810000,13813065000,218821,19.99
16/08/2023,120000,2050710000,17.15(0.29 %),218800,3741480000,98800,1690770000,590957,19.98
17/08/2023,84800,1492595000,17.15(-0.29 %),590900,10145470000,506100,8652875000,506157,20.1
18/08/2023,169600,3079205000,16.2(-5.81 %),742000,12637665000,572400,9558460000,1619312,19.94
21/08/2023,-2192200,-35576915000,16.2(0.00 %),925700,15021520000,3117900,50598435000,1165652,19.96
22/08/2023,-973300,-15739550000,16.4(1.23 %),313600,5080350000,1286900,20819900000,1312852,19.95
23/08/2023,270800,4381245000,16.1(-1.83 %),783700,12747100000,512900,8365855000,3477146,19.88
24/08/2023,-497800,-8094895000,16.2(0.62 %),320500,5183110000,818300,13278005000,3974946,22.96
25/08/2023,-298400,-4813640000,16.25(0.31 %),327300,5298400000,625700,10112040000,4493185,19.85
28/08/2023,-239300,-3876165000,16.3(0.31 %),198200,3217735000,437500,7093900000,4732485,22.93
29/08/2023,-1266300,-20517960000,16.2(-0.61 %),35000,567045000,1301300,21085005000,5670192,19.8
30/08/2023,-102800,-1666985000,16.35(0.93 %),2700,43850000,105500,1710835000,5772992,22.89
31/08/2023,1231900,20533940000,16.85(3.06 %),1288100,21454665000,56200,920725000,6118150,19.79
05/09/2023,1580900,26986925000,17.1(1.48 %),2089800,35619305000,508900,8632380000,4134068,19.86
06/09/2023,859000,14693720000,17.2(0.58 %),893400,15279345000,34400,585625000,3275068,22.99
07/09/2023,490900,8471125000,17.3(0.58 %),834100,14375535000,343200,5904410000,2971926,19.9
08/09/2023,333200,5802880000,17.35(0.29 %),564600,9792580000,231400,3989700000,2407726,19.92
11/09/2023,-72200,-1240655000,17.1(-1.44 %),545000,9453650000,617200,10694305000,2137997,19.93
12/09/2023,-2500,-49105000,17.4(1.75 %),24900,425320000,27400,474425000,2380467,19.92
13/09/2023,-202800,-3518655000,17.45(0.29 %),506000,8817965000,708800,12336620000,2423722,19.92
14/09/2023,-274000,-4824320000,17.5(0.29 %),1179900,20598600000,1453900,25422920000,1271252,19.96
15/09/2023,328400,5821715000,18(2.86 %),676900,11987105000,348500,6165390000,1235065,19.96
18/09/2023,0,0,17.6(-2.22 %),0,0,0,0,1235065,23.07
19/09/2023,218200,3832125000,17.7(0.57 %),429100,7507215000,210900,3675090000,2336055,23.03
20/09/2023,371200,6611595000,17.85(0.85 %),704600,12524480000,333400,5912885000,1964855,23.04
21/09/2023,-92000,-1675890000,17.55(-1.68 %),557500,9837925000,649500,11513815000,2056855,23.04
22/09/2023,26600,453335000,17.55(0.00 %),533600,9234900000,507000,8781565000,2503933,19.91
25/09/2023,671600,11737395000,17.4(-0.85 %),1114200,19430405000,442600,7693010000,1971499,19.93
26/09/2023,-1250600,-21555510000,17.4(0.00 %),864900,14997470000,2115500,36552980000,1601599,19.94
27/09/2023,-157400,-2706895000,17.4(0.00 %),513600,8864640000,671000,11571535000,1758999,23.05
28/09/2023,-1821900,-31053545000,17.3(-0.57 %),182800,3120580000,2004700,34174125000,3580899,22.98
29/09/2023,-19000,-312550000,17.35(0.29 %),396900,6880240000,415900,7192790000,3941780,19.86
02/10/2023,-193500,-3350765000,17.1(-1.44 %),200900,3472855000,394400,6823620000,5745693,19.8
03/10/2023,1181600,20103925000,17.1(0.00 %),1688800,28687055000,507200,8583130000,4472843,19.85
04/10/2023,-987200,-16755845000,17.1(0.00 %),145000,2459155000,1132200,19215000000,5460043,22.9
05/10/2023,-843500,-14294780000,16.95(-0.88 %),89300,1514895000,932800,15809675000,5140410,19.82
06/10/2023,553400,9408590000,17.1(0.88 %),788000,13414015000,234600,4005425000,4587010,19.95
09/10/2023,-373000,-6327890000,17.05(-0.29 %),163200,2779005000,536200,9106895000,4960010,19.93
10/10/2023,-155500,-2718835000,17.4(2.05 %),345700,5998000000,501200,8716835000,6155251,19.79
11/10/2023,727200,12818760000,17.6(1.15 %),1969900,34467265000,1242700,21648505000,4721586,19.84
12/10/2023,-371100,-6499870000,17.5(-0.57 %),167000,2927695000,538100,9427565000,5055821,19.83
13/10/2023,-532500,-9289820000,17.6(0.57 %),103400,1817990000,635900,11107810000,6195163,19.79
16/10/2023,-553800,-9659850000,17.4(-1.14 %),19400,339795000,573200,9999645000,6713898,19.77
17/10/2023,-945100,-16674105000,17.55(0.86 %),383000,6761440000,1328100,23435545000,6966798,19.76
18/10/2023,-114800,-2013600000,17.55(0.00 %),539300,9457485000,654100,11471085000,7000770,19.76
19/10/2023,-414700,-7251940000,17.5(-0.28 %),449900,7851680000,864600,15103620000,7879092,19.73
20/10/2023,-161500,-2926550000,17.75(1.43 %),1166500,20419260000,1328000,23345810000,7366771,19.75
23/10/2023,-1936300,-33702365000,17.5(-1.41 %),952900,16558125000,2889200,50260490000,7278569,19.75
24/10/2023,-1738800,-30205245000,17.55(0.29 %),669800,11671960000,2408600,41877205000,9017369,19.79
25/10/2023,-1523100,-26446180000,17.5(-0.28 %),134400,2337535000,1657500,28783715000,7936769,19.73
26/10/2023,-310700,-5255490000,17(-2.86 %),503200,8503640000,813900,13759130000,12528986,19.57
27/10/2023,-1241200,-21126600000,17.25(1.47 %),56000,951140000,1297200,22077740000,14130486,19.51
30/10/2023,43900,762210000,17.2(-0.29 %),338100,5830675000,294200,5068465000,14630431,19.5
31/10/2023,-1446300,-24761285000,17.2(0.00 %),637300,10993745000,2083600,35755030000,15297561,19.47
01/11/2023,-1210300,-20769735000,17.25(0.29 %),243500,4182345000,1453800,24952080000,15348262,19.47
02/11/2023,-2575000,-44701995000,17.6(2.03 %),370400,6389015000,2945400,51091010000,17923262,19.48
03/11/2023,2002800,36563955000,18.35(4.26 %),4877900,88236775000,2875100,51672820000,15920462,19.55
06/11/2023,176800,3245115000,18.25(-0.54 %),1888400,34576210000,1711600,31331095000,15743662,19.56
07/11/2023,609400,11037035000,18(-1.37 %),895700,16206565000,286300,5169530000,15134262,19.58
08/11/2023,2031400,37333365000,18.8(4.44 %),2903700,53383900000,872300,16050535000,15753548,19.46
09/11/2023,992400,18569765000,18.75(-0.27 %),2196400,41186615000,1204000,22616850000,16581508,19.43
10/11/2023,1279300,23823525000,18.85(0.53 %),2928600,54384730000,1649300,30561205000,14576233,19.5
13/11/2023,712900,13557605000,18.8(-0.27 %),3447300,64458470000,2734400,50900865000,12301057,19.58
14/11/2023,-189823,-3417428350,18.75(-0.27 %),1073800,20187515000,1263623,23604943350,14053156,19.62
15/11/2023,1955300,37140250000,18.9(0.80 %),2734900,51982425000,779600,14842175000,12097856,19.69
16/11/2023,0,0,18.95(0.26 %),0,0,0,0,12097856,22.64
17/11/2023,-489100,-9091650000,18.5(-2.37 %),289600,5396350000,778700,14488000000,13796888,19.53
20/11/2023,1792000,33333730000,18.7(1.08 %),2290300,42491780000,498300,9158050000,11789115,19.59
21/11/2023,-514300,-9573370000,18.7(0.00 %),251200,4682290000,765500,14255660000,12316652,19.58
22/11/2023,146000,2762065000,18.6(-0.53 %),467700,8732720000,321700,5970655000,12347268,19.58
23/11/2023,-246100,-4498310000,18.05(-2.96 %),348600,6464850000,594700,10963160000,12593368,22.62
24/11/2023,624300,11362870000,18.3(1.39 %),672700,12242015000,48400,879145000,11969068,22.64
27/11/2023,44500,802620000,18.1(-1.09 %),250000,4510335000,205500,3707715000,11924568,22.65
28/11/2023,223300,4030685000,18.05(-0.28 %),541000,9743750000,317700,5713065000,11701268,22.65
29/11/2023,601600,10933125000,18.05(0.00 %),830900,15082865000,229300,4149740000,11099668,22.68
30/11/2023,-52300,-941755000,18(-0.28 %),469700,8458360000,522000,9400115000,11151968,22.68
01/12/2023,382300,6899375000,18.2(1.11 %),736800,13254460000,354500,6355085000,11488252,22.66
04/12/2023,509800,9437695000,18.5(1.65 %),746000,13756210000,236200,4318515000,10978452,22.68
05/12/2023,-168600,-3067530000,18.45(-0.27 %),412000,7573800000,580600,10641330000,11147052,22.68
06/12/2023,-528700,-9815375000,18.6(0.81 %),681200,12637180000,1209900,22452555000,11675752,22.66
07/12/2023,-70800,-1279135000,18.7(0.54 %),1220500,22675825000,1291300,23954960000,11746552,22.65
08/12/2023,612100,11445120000,18.75(0.27 %),1409700,26369310000,797600,14924190000,11134452,22.68
11/12/2023,63000,1176750000,18.75(0.00 %),328400,6114210000,265400,4937460000,11071452,22.68
12/12/2023,-29100,-537040000,18.8(0.27 %),229200,4289675000,258300,4826715000,11100552,22.68
13/12/2023,96500,1807365000,18.85(0.27 %),220700,4139270000,124200,2331905000,11004052,22.68
14/12/2023,1021000,19304110000,18.9(0.27 %),1171300,22140355000,150300,2836245000,9983052,22.72
15/12/2023,-361500,-6856830000,19(0.53 %),403400,7627725000,764900,14484555000,10344552,22.71
18/12/2023,-2363900,-43906025000,18.4(-3.16 %),501600,9379090000,2865500,53285115000,12708452,22.61
19/12/2023,664200,12637355000,18.95(2.99 %),1613500,30067145000,949300,17429790000,12044252,22.64
20/12/2023,-415800,-7636055000,18.8(-0.79 %),828000,15494075000,1243800,23130130000,12460052,22.62
21/12/2023,-693200,-12748475000,18.75(-0.27 %),458400,8556950000,1151600,21305425000,13153252,22.6
22/12/2023,1234400,23332890000,18.95(1.07 %),2822100,53064365000,1587700,29731475000,11918852,22.65
25/12/2023,591800,11234535000,19.15(1.06 %),1113700,21149390000,521900,9914855000,11327052,22.67
26/12/2023,30500,582915000,19.2(0.26 %),829400,15873990000,798900,15291075000,11296552,22.67
27/12/2023,50600,976320000,19.3(0.52 %),278100,5350050000,227500,4373730000,11245952,22.67
28/12/2023,-76400,-1419040000,19.35(0.26 %),747500,14325880000,823900,15744920000,11322352,22.67
29/12/2023,-937600,-18139835000,20.3(4.91 %),543700,10903580000,1481300,29043415000,12259952,22.63
02/01/2024,-664900,-13241705000,19.9(-1.97 %),573500,11395210000,1238400,24636915000,10478448,19.64
03/01/2024,1159900,23111890000,20(0.50 %),1977300,39393500000,817400,16281610000,9034119,22.76
04/01/2024,524200,10661935000,20.4(2.00 %),2263400,45963120000,1739200,35301185000,8509919,22.78
05/01/2024,-254200,-5147890000,20.5(0.49 %),600600,12248280000,854800,17396170000,8764119,22.77
08/01/2024,-133300,-2738455000,20.55(0.24 %),132200,2718315000,265500,5456770000,8897419,22.77
09/01/2024,173500,3555355000,20.55(0.00 %),242200,4965445000,68700,1410090000,11540042,19.6
10/01/2024,519700,10752185000,20.7(0.73 %),865600,17855140000,345900,7102955000,10892129,19.63
11/01/2024,722300,14999560000,20.8(0.48 %),864300,17948160000,142000,2948600000,10019024,19.66
12/01/2024,813300,16903410000,20.9(0.48 %),1186200,24588885000,372900,7685475000,6095119,22.88
15/01/2024,56800,1293645000,21(0.48 %),684800,14354710000,628000,13061065000,8544874,19.71
16/01/2024,335800,7033290000,21(0.00 %),443700,9285880000,107900,2252590000,8426001,19.71
17/01/2024,17700,368055000,20.85(-0.71 %),1070500,22315370000,1052800,21947315000,7935437,19.73
18/01/2024,-564300,-11743555000,20.8(-0.24 %),10400,216170000,574700,11959725000,6249119,22.87
19/01/2024,1000,90185000,20.95(0.72 %),765300,16001705000,764300,15911520000,6248119,22.87
22/01/2024,1518900,32001915000,21.2(1.19 %),1701400,35834480000,182500,3832565000,4729219,22.93
23/01/2024,230900,4809395000,21(-0.94 %),580700,12159390000,349800,7349995000,4498319,22.94
24/01/2024,522700,11055490000,21.15(0.71 %),1318800,27785060000,796100,16729570000,3975619,22.96
25/01/2024,-181100,-3809565000,21.05(-0.47 %),125000,2628990000,306100,6438555000,4156719,22.95
26/01/2024,298500,6302880000,21.3(1.19 %),1166500,24787340000,868000,18484460000,3858219,22.97
29/01/2024,103800,2208445000,21.4(0.47 %),687200,14640470000,583400,12432025000,5578546,19.81
30/01/2024,1241700,26862865000,21.85(2.10 %),2239200,48594465000,997500,21731600000,4216361,19.85
31/01/2024,386200,8520965000,21.8(-0.23 %),732700,16054160000,346500,7533195000,4071973,19.86
01/02/2024,-579900,-12642125000,21.8(0.00 %),1162200,25330145000,1742100,37972270000,4071973,22.96
02/02/2024,-569753,-12388863350,22.35(2.52 %),1942000,42679580000,2511753,55068443350,3907287,19.87
05/02/2024,-785389,-17615940100,22.65(1.34 %),1820400,40852580000,2605789,58468520100,4264886,22.95
06/02/2024,-423358,-9733849000,23(1.55 %),681000,15533020000,1104358,25266869000,4064371,19.86
07/02/2024,-206500,-4773440000,23.55(2.39 %),57900,1346265000,264400,6119705000,6612260,19.77
15/02/2024,-1393000,-32575084250,23.65(0.42 %),1768000,41578430000,3161000,74153514250,5814618,19.8
16/02/2024,-1391912,-32482999600,23.3(-1.48 %),227600,5306555000,1619512,37789554600,5851418,19.8
19/02/2024,535307,12422217700,23.35(0.21 %),2050320,47497858000,1515013,35075640300,6962098,19.76
20/02/2024,835848,19603803800,23.6(1.07 %),1456200,33990455000,620352,14386651200,7053410,19.76
21/02/2024,792200,18644735000,23.5(-0.42 %),1145000,26916155000,352800,8271420000,7351423,19.75
22/02/2024,-1944237,-44940201550,22.9(-2.55 %),432063,9981858450,2376300,54922060000,7351423,19.75
23/02/2024,-2202055,-50248391650,22.5(-1.75 %),1598800,36557555000,3800855,86805946650,9662593,22.74
26/02/2024,202700,4586095000,22.7(0.89 %),468800,10612505000,266100,6026410000,8000212,19.72
27/02/2024,-279500,-6328475000,22.7(0.00 %),774700,17615980000,1054200,23944455000,9739393,22.73
28/02/2024,188676,4338408200,23.2(2.20 %),578100,13279085000,389424,8940676800,9550717,22.74
29/02/2024,552990,12871726500,23.3(0.43 %),1254200,29162540000,701210,16290813500,10375667,19.64
01/03/2024,109400,2592875000,23.3(0.00 %),904800,20992995000,795400,18400120000,9470867,22.74
04/03/2024,508200,11815581300,23.3(0.00 %),1038100,24095220000,529900,12279638700,8962667,22.76
05/03/2024,1239263,28986184000,23.5(0.86 %),1992100,46371315000,752837,17385131000,8110701,19.72
06/03/2024,-193200,-4503555000,23.35(-0.64 %),186700,4361160000,379900,8864715000,7916604,22.81
07/03/2024,54800,1274485000,23.15(-1.28 %),408700,9470690000,353900,8196205000,7861804,22.81
08/03/2024,427275,9723555000,23(-0.65 %),834615,19072777000,407340,9349222000,7434529,22.82
11/03/2024,1662200,38206710000,23.1(0.43 %),1943300,44645600000,281100,6438890000,5772329,22.89
12/03/2024,430400,9940815000,22.95(-0.65 %),1696300,38633655000,1265900,28692840000,5364863,19.82
13/03/2024,-1024300,-23304175000,23.1(0.65 %),447400,10203555000,1471700,33507730000,5198563,19.82
14/03/2024,-963100,-22091130000,22.95(-0.65 %),138600,3180160000,1101700,25271290000,6161663,22.87
15/03/2024,-919600,-21008880000,23(0.22 %),463100,10601160000,1382700,31610040000,7081263,22.84
18/03/2024,-1031500,-23333025000,22.3(-3.04 %),362400,8195230000,1393900,31528255000,8073847,19.72
19/03/2024,-1713200,-37072150000,22.35(0.22 %),1561400,34496270000,3274600,71568420000,7852202,19.73
20/03/2024,25300,640280000,22.6(1.12 %),1113100,24749495000,1087800,24109215000,9800663,22.73
21/03/2024,-690100,-16077790000,23.9(5.75 %),740300,17036665000,1430400,33114455000,10490763,22.7
22/03/2024,12900,314800000,23.8(-0.42 %),1186300,28181105000,1173400,27866305000,10477863,22.7
25/03/2024,638800,15058695000,23.55(-1.05 %),1625800,38341990000,987000,23283295000,10208657,19.65
26/03/2024,957700,22570115000,24.2(2.76 %),2123100,50416520000,1165400,27846405000,8919563,22.77
27/03/2024,-606100,-14587260000,24.15(-0.21 %),1101300,26680295000,1707400,41267555000,9047568,19.69
28/03/2024,-86700,-2087315000,24.25(0.41 %),468200,11296920000,554900,13384235000,9708773,19.67
29/03/2024,149600,3590435000,24.1(-0.62 %),988400,23723045000,838800,20132610000,10427773,19.64
01/04/2024,-306900,-7331910000,24(-0.41 %),312500,7463435000,619400,14795345000,10670173,19.63
02/04/2024,-468100,-11064230000,23.9(-0.42 %),343800,8123710000,811900,19187940000,10895873,22.69
03/04/2024,-1037000,-24420980000,23.4(-2.09 %),266000,6288910000,1303000,30709890000,11446573,19.61
04/04/2024,355000,8388905000,23.35(-0.21 %),1126500,26558345000,771500,18169440000,11577873,22.66
05/04/2024,364600,8568370000,23.35(0.00 %),953900,22337485000,589300,13769115000,11421052,19.61
08/04/2024,1237500,29503895000,23.9(2.36 %),1746500,41627670000,509000,12123775000,9975773,22.72
09/04/2024,-94200,-2250695000,23.95(0.21 %),395600,9432290000,489800,11682985000,10069973,22.72
10/04/2024,-401100,-9525390000,23.95(0.00 %),602100,14317025000,1003200,23842415000,10471073,22.7
11/04/2024,132800,3261910000,24(0.21 %),724700,17312270000,591900,14050360000,10314473,19.65
12/04/2024,-799800,-18989375000,24.3(1.25 %),1019700,24552955000,1819500,43542330000,10328898,19.64
15/04/2024,-1552400,-37253950000,23.5(-3.29 %),1141300,27398920000,2693700,64652870000,12690473,22.62
16/04/2024,-299800,-6988140000,23.5(0.00 %),585800,13720995000,885600,20709135000,12990273,22.6
17/04/2024,-1536400,-35123295000,23(-2.13 %),619600,14202855000,2156000,49326150000,14226873,22.55
19/04/2024,-2625100,-58581790000,22.25(-3.26 %),843200,18845320000,3468300,77427110000,16851973,22.61
22/04/2024,-2110200,-47245710000,22.4(0.67 %),1216300,27225105000,3326500,74470815000,18214802,19.38
23/04/2024,-795500,-17562760000,22.2(-0.89 %),915700,20064915000,1711200,37627675000,20757464,19.29
24/04/2024,-2036500,-45390670000,22.4(0.90 %),1998500,44765065000,4035000,90155735000,21794173,22.41
25/04/2024,-1550400,-34837485000,22.5(0.45 %),805400,18111660000,2355800,52949145000,23344573,22.35
26/04/2024,264400,6680025000,23.6(4.89 %),1821600,42500800000,1557200,35820775000,25273340,19.14
02/05/2024,-1089300,-25589580000,23.65(0.21 %),290300,6857095000,1379600,32446675000,27338840,19.07
03/05/2024,-985600,-23565170000,24.45(3.38 %),81200,1937740000,1066800,25502910000,28814872,19.02
06/05/2024,-4229500,-101803815000,24.3(-0.61 %),230300,5546795000,4459800,107350610000,29964126,18.98
07/05/2024,-2086600,-50212155000,24.3(0.00 %),52700,1261320000,2139300,51473475000,30978226,18.94
08/05/2024,-647400,-15531400000,24.1(-0.82 %),36300,871340000,683700,16402740000,35401670,18.79
09/05/2024,-2691200,-64102045000,23.7(-1.66 %),192900,4572390000,2884100,68674435000,37168096,18.73
10/05/2024,-778200,-18310145000,23.7(0.00 %),133000,3136305000,911200,21446450000,37538784,18.72
13/05/2024,-2020200,-47383905000,23.25(-1.90 %),244500,5734360000,2264700,53118265000,40178476,18.63
14/05/2024,-328700,-7620805000,23.3(0.22 %),1574400,36982880000,1903100,44603685000,39040739,21.73
15/05/2024,-635900,-14861005000,23.5(0.86 %),1672200,39185685000,2308100,54046690000,39676639,21.7
16/05/2024,375100,9083580000,24.2(2.98 %),1322800,31661525000,947700,22577945000,39301539,21.72
17/05/2024,-1403200,-34183670000,24.3(0.41 %),160200,3878245000,1563400,38061915000,42836116,18.54
20/05/2024,-216600,-5393780000,24.85(2.26 %),701000,17417720000,917600,22811500000,43082810,18.53
21/05/2024,-267900,-6590565000,24.7(-0.60 %),54800,1352495000,322700,7943060000,44519384,18.48
22/05/2024,-250900,-6177565000,24.35(-1.42 %),161300,3956355000,412200,10133920000,45131684,18.46
23/05/2024,631900,15660500000,24.7(1.44 %),833600,20551430000,201700,4890930000,44620850,18.48
24/05/2024,-1605200,-39035185000,24.2(-2.02 %),188100,4558895000,1793300,43594080000,42788539,21.58
27/05/2024,-2633800,-62900085000,23.8(-1.65 %),108900,2594465000,2742700,65494550000,45379744,18.45
28/05/2024,-2020600,-47848010000,24.15(1.47 %),336700,7984520000,2357300,55832530000,46868748,18.4
29/05/2024,-4616600,-109274930000,23.45(-2.90 %),344900,8176000000,4961500,117450930000,49184610,18.32
30/05/2024,-2736200,-63013805000,23.1(-1.49 %),305500,7020840000,3041700,70034645000,51236624,18.25
31/05/2024,-199900,-4634430000,23.25(0.65 %),324700,7527780000,524600,12162210000,55873560,18.09
03/06/2024,1514300,36094390000,24(3.23 %),1643400,39139305000,129100,3044915000,55873562,21.06
04/06/2024,27400,672040000,23.95(-0.21 %),646600,15504430000,619200,14832390000,55846162,21.06
05/06/2024,546900,13093480000,23.7(-1.04 %),734700,17588965000,187800,4495485000,55299262,21.08
06/06/2024,-408106,-9621937500,23.7(0.00 %),169200,4020115000,577306,13642052500,56994437,18.05
07/06/2024,-1072000,-25418225000,23.7(0.00 %),163900,3878765000,1235900,29296990000,56946337,18.05
10/06/2024,-888500,-21115465000,23.9(0.84 %),361400,8625850000,1249900,29741315000,57834837,20.98
11/06/2024,-1337387,-31651352550,23.55(-1.46 %),158900,3770620000,1496287,35421972550,56994437,18.05
12/06/2024,-199608,-4607393800,24(1.91 %),326200,7766365000,525808,12373758800,59102943,17.98
13/06/2024,0,0,24.1(0.42 %),0,0,0,0,60498630,17.93
14/06/2024,-1140400,-27501065000,23.95(-0.62 %),30800,742970000,1171200,28244035000,60993638,17.92
17/06/2024,-4303936,-101155950300,23.55(-1.67 %),154330,3626499000,4458266,104782449300,61914908,17.89
18/06/2024,213600,5049770000,23.7(0.64 %),322500,7625270000,108900,2575500000,62763608,17.86
19/06/2024,145500,3409705000,23.7(0.00 %),217100,5104190000,71600,1694485000,66902774,17.71
20/06/2024,-661800,-15552695000,23.6(-0.42 %),81700,1917490000,743500,17470185000,66804774,17.72
21/06/2024,-1071600,-24897280000,23.15(-1.91 %),113700,2634735000,1185300,27532015000,66892674,17.72
24/06/2024,-2524300,-57156075000,22.35(-3.46 %),480900,10997335000,3005200,68153410000,67171074,17.71
25/06/2024,-762062,-17166746300,22.6(1.12 %),3604000,80819445000,4366062,97986191300,64899374,17.78
26/06/2024,493312,11111900250,22.7(0.44 %),1583320,35742301000,1090008,24630400750,66462754,17.73
27/06/2024,-1884700,-43258140000,22.95(1.10 %),1125000,25674555000,3009700,68932695000,69851216,17.61
28/06/2024,-2538800,-58041140000,23(0.22 %),435100,9934920000,2973900,67976060000,70430124,17.59
04/07/2024,692100,16954220000,24.55(0.20 %),920100,22533775000,228000,5579555000,71746294,0.0
05/07/2024,-1749100,-42573920000,24.4(-0.61 %),622800,15169000000,2371900,57742920000,73495394,0.0
08/07/2024,-1127500,-27447745000,24.4(0.00 %),500400,12178425000,1627900,39626170000,74622894,0.0
09/07/2024,-660300,-16001770000,25.25(3.48 %),1896500,47418325000,2556800,63420095000,75283194,0.0
10/07/2024,-1757400,-44119720000,24.95(-1.19 %),640800,16086550000,2398200,60206270000,77040594,0.0
11/07/2024,-1524000,-38293105000,25.3(1.40 %),929500,23419720000,2453500,61712825000,78564594,0.0
12/07/2024,218600,5279850000,24.15(-0.62 %),1388600,33523855000,1170000,28244005000,78345994,0.0
15/07/2024,392300,9531930000,24.4(1.04 %),2665600,64969435000,2273300,55437505000,77953694,0.0
16/07/2024,1102700,27251505000,24.75(1.43 %),1204000,29739060000,101300,2487555000,76850994,0.0
17/07/2024,-257400,-6392015000,25.2(1.82 %),1310200,32867170000,1567600,39259185000,77108394,0.0
18/07/2024,116000,2841810000,25.1(-0.40 %),1088900,27087365000,972900,24245555000,76992394,0.0
19/07/2024,3400,81115000,24.95(-0.60 %),268300,6670260000,264900,6589145000,76988994,0.0
22/07/2024,621800,15546275000,25.3(1.40 %),1073500,26830430000,451700,11284155000,76367194,0.0
23/07/2024,-819200,-20532605000,25.05(-0.99 %),333800,8377495000,1153000,28910100000,77186394,0.0
24/07/2024,-337500,-8461835000,25.05(0.00 %),1077900,26771295000,1415400,35233130000,77523894,0.0
25/07/2024,181800,4503915000,25.05(0.00 %),465200,11547655000,283400,7043740000,77342094,0.0
26/07/2024,-388900,-9771335000,25.1(0.20 %),677400,16982860000,1066300,26754195000,77730994,0.0
29/07/2024,6600,170890000,25.25(0.60 %),104600,2633585000,98000,2462695000,77724394,0.0
30/07/2024,6600,170890000,25.3(0.20 %),104600,2633585000,98000,2462695000,77717794,0.0
31/07/2024,1383300,36291515000,26.3(3.95 %),1868300,48931460000,485000,12639945000,76334494,0.0
01/08/2024,-1250600,-32766775000,25.8(-1.90 %),776500,20373225000,2027100,53140000000,51204051,0.0
02/08/2024,293000,7850705000,26.1(1.16 %),2882700,73888535000,2589700,66037830000,50911051,0.0
05/08/2024,-1576400,-39197975000,24.5(-6.13 %),975100,24503555000,2551500,63701530000,52487451,0.0
06/08/2024,-1315400,-32121170000,24.85(1.43 %),1719700,42471915000,3035100,74593085000,53802851,0.0
07/08/2024,-1231500,-30123025000,24.85(0.00 %),748600,18271320000,1980100,48394345000,55034351,0.0
08/08/2024,-802300,-20073875000,24.95(0.40 %),325700,8106215000,1128000,28180090000,55836651,0.0
09/08/2024,432700,11064175000,25.5(2.20 %),1027800,26209975000,595100,15145800000,55403951,0.0
12/08/2024,-5020900,-128452820000,25.55(0.20 %),77700,1982970000,5098600,130435790000,60424851,0.0
13/08/2024,-843100,-21852390000,25.95(1.57 %),670700,17317290000,1513800,39169680000,61267951,0.0
14/08/2024,-2053100,-53361690000,25.9(-0.19 %),513400,13305270000,2566500,66666960000,63321051,0.0
15/08/2024,-136100,-3425210000,26.15(0.97 %),1522500,40206210000,1658600,43631420000,63457151,0.0
16/08/2024,-966400,-25342240000,27.05(3.44 %),128900,3397360000,1095300,28739600000,64423551,0.0
19/08/2024,-1239400,-33489720000,27(-0.18 %),195600,5294385000,1435000,38784105000,65662951,0.0
20/08/2024,-1328000,-35662450000,26.8(-0.74 %),104200,2792795000,1432200,38455245000,66990951,0.0
21/08/2024,-81400,-2241580000,27.1(1.12 %),1047300,28213500000,1128700,30455080000,67072351,0.0
22/08/2024,-1545700,-41578835000,27.1(0.00 %),257300,6922005000,1803000,48500840000,68618051,0.0
23/08/2024,-768200,-20714255000,27.1(0.00 %),549700,14843155000,1317900,35557410000,69386251,0.0
26/08/2024,-135900,-3639920000,27.1(0.00 %),667100,18060215000,803000,21700135000,69522151,0.0
27/08/2024,-848800,-22972790000,27.1(0.00 %),61700,1672045000,910500,24644835000,70370951,0.0
28/08/2024,-1402600,-37963370000,27.05(-0.18 %),140800,3809940000,1543400,41773310000,71773551,0.0
29/08/2024,-1092500,-29991685000,27.35(1.11 %),318500,8697695000,1411000,38689380000,72866051,0.0
30/08/2024,-959400,-26308910000,27.7(1.28 %),143600,3938675000,1103000,30247585000,73825451,0.0
04/09/2024,-1366800,-37016980000,27.1(-2.17 %),42500,1147075000,1409300,38164055000,22233151,0.0
05/09/2024,-736600,-19792645000,26.95(-0.55 %),148300,3987035000,884900,23779680000,22969751,0.0
06/09/2024,-1795700,-48158720000,26.75(-0.74 %),140300,3764915000,1936000,51923635000,24765451,0.0
09/09/2024,-627200,-16537405000,26.5(-0.93 %),158700,4183665000,785900,20721070000,25392651,0.0
10/09/2024,-2137100,-56356680000,26.3(-0.75 %),141300,3731760000,2278400,60088440000,27529751,0.0
11/09/2024,-1007100,-26333470000,26.35(0.19 %),233500,6119500000,1240600,32452970000,28536851,0.0
12/09/2024,-1789900,-47008625000,26.2(-0.57 %),137300,3605295000,1927200,50613920000,30326751,0.0
13/09/2024,-300700,-7954565000,26.4(0.76 %),497900,13128730000,798600,21083295000,30627451,0.0
16/09/2024,-180900,-4775880000,26.2(-0.76 %),267000,6999045000,447900,11774925000,30808351,0.0
17/09/2024,28000,748250000,26.6(1.53 %),154100,4048180000,126100,3299930000,30780351,0.0
18/09/2024,-427400,-11350500000,26.7(0.38 %),402700,10708145000,830100,22058645000,31207751,0.0
19/09/2024,-362700,-9694825000,26.85(0.56 %),667900,17905745000,1030600,27600570000,31570451,0.0
20/09/2024,-383300,-10375135000,27.05(0.74 %),373200,10094710000,756500,20469845000,31953751,0.0
23/09/2024,-13700,-363855000,27(-0.18 %),625100,16858905000,638800,17222760000,31967451,0.0
24/09/2024,-1207400,-32570895000,27(0.00 %),474100,12740840000,1681500,45311735000,33174851,0.0
25/09/2024,-103800,-2769720000,27.25(0.93 %),745200,20243830000,849000,23013550000,33278651,0.0
26/09/2024,3790600,105126250000,28.3(3.85 %),5740900,159789260000,1950300,54663010000,29488051,0.0
27/09/2024,-44300,-1221235000,28.3(0.00 %),1162300,32943570000,1206600,34164805000,29532351,0.0
30/09/2024,-587600,-16461910000,28.2(-0.35 %),116600,3260675000,704200,19722585000,30119951,0.0
01/10/2024,-3376000,-94507005000,28(-0.71 %),593400,16619055000,3969400,111126060000,32318798,0.0
02/10/2024,-2226500,-61599355000,27.55(-1.61 %),71500,1974235000,2298000,63573590000,34545298,0.0
03/10/2024,-684400,-18894730000,27.65(0.36 %),390100,10797620000,1074500,29692350000,35229698,0.0
04/10/2024,-1823100,-50064650000,27.3(-1.27 %),370800,10183990000,2193900,60248640000,37052798,0.0
07/10/2024,-3258700,-87670735000,26.85(-1.65 %),543300,14626780000,3802000,102297515000,40311498,0.0
08/10/2024,-1267700,-34267055000,27.2(1.30 %),541000,14686080000,1808700,48953135000,41579198,0.0
09/10/2024,-3727600,-100779295000,27(-0.74 %),664700,17959610000,4392300,118738905000,45306798,0.0
10/10/2024,44400,1169580000,27.45(1.67 %),1128700,30848925000,1084300,29679345000,45262398,0.0
11/10/2024,-1422300,-38758200000,27.35(-0.36 %),506400,13804930000,1928700,52563130000,46684698,0.0
14/10/2024,-185300,-5051945000,27(-1.28 %),26600,725035000,211900,5776980000,46869998,0.0
15/10/2024,-607900,-16446835000,27.15(0.56 %),81800,2216995000,689700,18663830000,47477898,0.0
16/10/2024,-2310700,-62158840000,27.05(-0.37 %),77200,2069415000,2387900,64228255000,49788598,0.0
17/10/2024,-4566500,-122211575000,26.6(-1.66 %),98600,2631625000,4665100,124843200000,54355098,0.0
18/10/2024,-536600,-14399815000,27(1.50 %),898100,24136630000,1434700,38536445000,54891698,0.0
21/10/2024,10800,290180000,26.95(-0.19 %),54200,1459625000,43400,1169445000,54880898,0.0
22/10/2024,26000,701915000,27(0.19 %),206200,5533170000,180200,4831255000,54854898,0.0
23/10/2024,-1023300,-27372555000,26.95(-0.19 %),112500,3007820000,1135800,30380375000,55878198,0.0
24/10/2024,-231700,-6197130000,26.9(-0.19 %),181800,4867330000,413500,11064460000,56109898,0.0
25/10/2024,36100,981015000,26.9(0.00 %),235100,6302740000,199000,5321725000,56073798,0.0
28/10/2024,-1231800,-32842060000,26.65(-0.93 %),165300,4406015000,1397100,37248075000,57305598,0.0
29/10/2024,510600,13856880000,27.3(2.44 %),917600,24890045000,407000,11033165000,56794998,0.0
30/10/2024,-153000,-4221070000,27.2(-0.37 %),1382100,37500770000,1535100,41721840000,56947998,0.0
31/10/2024,-2286800,-61803580000,26.9(-1.10 %),397000,10767685000,2683800,72571265000,59234798,0.0
01/11/2024,-1033500,-27641075000,26.55(-1.30 %),1297500,34662200000,2331000,62303275000,60326993,0.0
04/11/2024,-941500,-24735370000,26.05(-1.88 %),1222800,31971185000,2164300,56706555000,61268493,0.0
05/11/2024,-785300,-20508210000,26.05(0.00 %),286300,7461935000,1071600,27970145000,62053793,0.0
06/11/2024,-1262800,-33031310000,26.4(1.34 %),830000,21695260000,2092800,54726570000,63316593,0.0
07/11/2024,-1449500,-38151965000,26.25(-0.57 %),641100,16888380000,2090600,55040345000,64766093,0.0
08/11/2024,-1058000,-27649590000,26.25(0.00 %),223700,5834500000,1281700,33484090000,65824093,0.0
11/11/2024,-2662600,-68178740000,25.55(-2.67 %),187000,4807985000,2849600,72986725000,68486693,0.0
12/11/2024,-958600,-24493000000,25.8(0.98 %),213900,5500370000,1172500,29993370000,100453663,16.57
13/11/2024,-1680100,-43104085000,25.65(-0.58 %),146500,3774600000,1826600,46878685000,71125393,0.0
14/11/2024,-2212800,-56082565000,25.25(-1.56 %),863700,21941030000,3076500,78023595000,73338193,0.0
15/11/2024,-1368300,-34019210000,24.7(-2.18 %),913000,22651075000,2281300,56670285000,74706493,0.0
18/11/2024,66500,1718505000,24.55(-0.61 %),2636000,64581285000,2569500,62862780000,74639993,0.0
19/11/2024,-1715000,-42269270000,24.65(0.41 %),1219200,30033545000,2934200,72302815000,76354993,0.0
20/11/2024,-2156400,-53057690000,24.65(0.00 %),765300,18841560000,2921700,71899250000,78511393,0.0
21/11/2024,-240700,-5909565000,24.8(0.61 %),1207000,29651905000,1447700,35561470000,78752093,0.0
22/11/2024,-1056300,-26136735000,24.7(-0.40 %),812200,20115280000,1868500,46252015000,79808393,0.0
25/11/2024,-1670700,-41291525000,24.7(0.00 %),368200,9090500000,2038900,50382025000,95069710,16.75
26/11/2024,382100,9521600000,25.05(1.42 %),613200,15284410000,231100,5762810000,96109307,16.72
27/11/2024,-627700,-15839595000,25.15(0.40 %),891000,22471425000,1518700,38311020000,97183229,16.68
28/11/2024,-2697700,-67889835000,25.3(0.60 %),87900,2208585000,2785600,70098420000,97289446,16.68
29/11/2024,-1838600,-46576805000,25.35(0.20 %),229900,5818585000,2068500,52395390000,98578321,16.63
02/12/2024,-264200,-6702145000,25.4(0.20 %),356700,9061320000,620900,15763465000,101007221,16.55
03/12/2024,-1722400,-44541700000,26.05(2.56 %),764900,19723225000,2487300,64264925000,102310634,16.51
04/12/2024,-1153900,-29920150000,25.9(-0.58 %),121300,3148820000,1275200,33068970000,102910014,16.48
05/12/2024,1048500,27437470000,26.7(3.09 %),1286200,33719340000,237700,6281870000,104161144,16.44
09/12/2024,-692400,-18692570000,27(0.56 %),625000,16843745000,1317400,35536315000,104311343,16.44
10/12/2024,943400,25436080000,28(3.70 %),2776500,75514675000,1833100,50078595000,102746028,16.49
16/12/2024,3076600,72636470000,23.75(0.21 %),3873500,91464420000,796900,18827950000,93913726,16.79
17/12/2024,1340400,31750865000,23.8(0.21 %),2977600,70703205000,1637200,38952340000,91893896,16.86
18/12/2024,2780500,66034455000,23.8(0.00 %),2986200,70923295000,205700,4888840000,89704596,16.94
19/12/2024,50400,1151305000,23.5(-1.26 %),926900,21611080000,876500,20459775000,90414939,16.91
20/12/2024,-894900,-20808760000,23.4(-0.43 %),329600,7701390000,1224500,28510150000,90261339,16.92
24/12/2024,0,0,23.4(0.00 %),0,0,0,0,91028951,16.89
25/12/2024,1031500,24518180000,23.9(2.14 %),1206100,28667255000,174600,4149075000,89872872,16.93
26/12/2024,-239800,-5731570000,24.15(1.05 %),398800,9488985000,638600,15220555000,89796671,16.93
27/12/2024,2455400,60512665000,24.95(3.31 %),3207700,78980020000,752300,18467355000,86675571,17.04
30/12/2024,2527500,69187745000,26.65(6.81 %),3845500,101632770000,1318000,32445025000,83424642,17.15
31/12/2024,-1836900,-47046555000,25.5(-4.32 %),160400,4082085000,1997300,51128640000,84016456,17.13
02/01/2025,190100,4773830000,25.1(-1.57 %),2999900,74063025000,2809800,69289195000,82334556,17.19
03/01/2025,-2126400,-52009205000,24.45(-2.59 %),226100,5561760000,2352500,57570965000,84105756,17.13
06/01/2025,430700,10517485000,24.5(0.20 %),882100,21537175000,451400,11019690000,86070656,17.06
07/01/2025,-295600,-7150540000,24.25(-1.02 %),1337200,32417940000,1632800,39568480000,86070656,17.06
08/01/2025,2090900,48877690000,23.3(-3.92 %),2826900,66146735000,736000,17269045000,105198660,17.0
09/01/2025,2043300,46328250000,22.35(-4.08 %),3377000,76454655000,1333700,30126405000,103454380,17.05
10/01/2025,1938300,42578995000,21.6(-3.36 %),3001700,65894240000,1063400,23315245000,101262980,17.12
13/01/2025,3318800,71562090000,21.7(0.46 %),4682000,100792080000,1363200,29229990000,97914542,17.21
14/01/2025,-550400,-11780505000,21.15(-2.53 %),1820900,38770710000,2371300,50551215000,97069042,17.23
15/01/2025,1975200,42552865000,21.65(2.36 %),2668800,57416010000,693600,14863145000,95719442,17.27
16/01/2025,-2279200,-49290025000,21.7(0.23 %),588300,12735455000,2867500,62025480000,97998642,0.0
17/01/2025,1362000,29872780000,22.5(3.69 %),3284900,72069945000,1922900,42197165000,94911185,17.3
20/01/2025,5021900,114038235000,23(2.22 %),8273600,187604245000,3251700,73566010000,1687690,17.45
21/01/2025,-1131300,-24881565000,22.65(-1.52 %),1687600,39268190000,2818900,64149755000,1923300,17.45
22/01/2025,1328200,30014050000,22(-2.87 %),1923200,43388520000,595000,13374470000,3251700,17.41
23/01/2025,2692700,60391965000,22.4(1.82 %),3251700,72937270000,559000,12545305000,2819073,17.42
24/01/2025,2175800,50184410000,22.65(1.12 %),2819000,64763925000,643200,14579515000,595000,17.48
03/02/2025,-750000,-16644190000,0(0.00 %),595000,13315920000,1345000,29960110000,659060,17.48
04/02/2025,-200500,-4483105000,22.6(0.89 %),659000,14897990000,859500,19381095000,643221,17.48
05/02/2025,-45200,-962990000,22.6(0.00 %),643100,14593230000,688300,15556220000,1345087,17.46
06/02/2025,287000,6514325000,22.95(1.55 %),1345000,30734965000,1058000,24220640000,649500,17.48
07/02/2025,-99200,-2256510000,22.9(-0.22 %),649400,14905325000,748600,17161835000,688520,17.48
10/02/2025,-586900,-13306915000,22.6(-1.31 %),135900,3075875000,722800,16382790000,1610540,17.45
11/02/2025,304200,6971415000,22.55(-0.22 %),1610500,36606650000,1306300,29635235000,664805,17.48
12/02/2025,347500,7904470000,22.55(0.00 %),664600,15099485000,317100,7195015000,638800,17.48
13/02/2025,-38500,-874110000,22.7(0.67 %),638800,14419115000,677300,15293225000,1222431,17.47
14/02/2025,1111200,25321410000,22.85(0.66 %),1222400,27857195000,111200,2535785000,317160,17.49
17/02/2025,-3209000,-72857780000,22.65(-0.88 %),248300,5644675000,3457300,78502455000,597180,17.48
18/02/2025,-917400,-20798230000,22.7(0.22 %),597100,13551765000,1514500,34349995000,111200,17.5
19/02/2025,-215800,-4902515000,22.8(0.44 %),111200,2524690000,327000,7427205000,3350380,17.4
20/02/2025,-812800,-18498790000,22.85(0.22 %),809400,18461080000,1622200,36959870000,3990571,17.39
21/02/2025,32000,729310000,23.05(0.88 %),517900,11931740000,485900,11202430000,3734815,17.39
24/02/2025,1558000,36238675000,23.45(1.74 %),2164600,50332775000,606600,14094100000,3127414,17.41
25/02/2025,-4125200,-95774985000,23.2(-1.07 %),19900,462685000,4145100,96237670000,3570454,17.4
26/02/2025,-161600,-3727840000,23.05(-0.65 %),43600,1009190000,205200,4737030000,4068498,17.38
27/02/2025,665400,15316295000,23.2(0.65 %),782900,18023845000,117500,2707550000,7388758,17.29
28/02/2025,-293600,-6689430000,23.05(-0.65 %),1042900,23995880000,1336500,30685310000,6551138,17.31
03/03/2025,782100,17983065000,23(-0.22 %),793800,18252600000,11700,269535000,5874874,17.33
04/03/2025,-1988200,-45465310000,22.95(-0.22 %),528000,12055270000,2516200,57520580000,6618378,17.31
05/03/2025,-2103900,-48400895000,22.9(-0.22 %),174400,4018130000,2278300,52419025000,6455711,17.32
06/03/2025,502800,11611675000,23.05(0.66 %),1342800,30851830000,840000,19240155000,7596631,17.28
07/03/2025,-587600,-13718475000,23.4(1.52 %),537100,12563135000,1124700,26281610000,9355031,17.23
10/03/2025,462900,10943690000,23.7(1.28 %),1493800,35468480000,1030900,24524790000,8668791,17.25
11/03/2025,24400,738230000,23.8(0.42 %),996700,23581295000,972300,22843065000,8668791,17.25
12/03/2025,174600,4099045000,23.65(-0.63 %),1071000,25360160000,896400,21261115000,8723691,17.25
13/03/2025,-2618560,-61398035450,23.15(-2.11 %),93500,2184205000,2712060,63582240450,9570080,17.23
14/03/2025,707900,16407955000,23.2(0.22 %),1094500,25369095000,386600,8961140000,9340426,17.23
17/03/2025,684600,16039365000,23.4(0.86 %),1504800,35199860000,820200,19160495000,10515186,17.2
18/03/2025,64400,1508910000,23.25(-0.64 %),226100,5281270000,161700,3772360000,10661922,17.2
19/03/2025,223700,5235185000,23.05(-0.86 %),1049300,24338395000,825600,19103210000,10432962,17.2
20/03/2025,-2931900,-67804465000,23.1(0.22 %),377700,8724900000,3309600,76529365000,10190682,17.21
21/03/2025,719300,16547765000,23(-0.43 %),2469300,56806635000,1750000,40258870000,8505822,17.26
24/03/2025,-2266700,-51509400000,22.65(-1.52 %),197600,4478990000,2464300,55988390000,11618477,17.17
25/03/2025,3275300,74775905000,22.75(0.44 %),3798500,86682825000,523200,11906920000,9500977,17.23
26/03/2025,451100,10340775000,22.75(0.00 %),1235000,28209735000,783900,17868960000,10729551,17.19
27/03/2025,289500,6550745000,22.65(-0.44 %),411000,9299540000,121500,2748795000,10692848,17.2
28/03/2025,-127400,-2872100000,22.25(-1.77 %),1118300,24978530000,1245700,27850630000,10286266,17.21
31/03/2025,-961400,-21213070000,22.1(-0.67 %),271300,5998110000,1232700,27211180000,10137346,17.21
01/04/2025,-637400,-14136810000,22.45(1.58 %),98100,2178940000,735500,16315750000,11285274,17.18
02/04/2025,-124300,-2722375000,22.45(0.00 %),778500,17548410000,902800,20270785000,11623262,17.17
03/04/2025,-3274900,-68786655000,20.9(-6.90 %),1678200,35743495000,4953100,104530150000,10619982,17.2
04/04/2025,-3416500,-68503705000,20.8(-0.48 %),1232500,24767635000,4649000,93271340000,10076632,17.21
08/04/2025,-1864500,-36406760000,19.35(-6.97 %),1707700,33285805000,3572200,69692565000,12924965,17.13
09/04/2025,-2799900,-52797085000,18.2(-5.94 %),2386500,44193050000,5186400,96990135000,14804506,17.08
10/04/2025,-5000,-97250000,19.45(6.87 %),0,0,5000,97250000,17870143,16.99
11/04/2025,-10600,-229475000,20.7(6.43 %),1773800,35971415000,1784400,36200890000,21282927,16.89
14/04/2025,1132200,23648715000,21(1.45 %),2716700,57045165000,1584500,33396450000,18571269,16.97
15/04/2025,-2310300,-47859505000,20.55(-2.14 %),160900,3341525000,2471200,51201030000,20194854,16.92
16/04/2025,-269100,-5497830000,20.65(0.49 %),319200,6599170000,588300,12097000000,21460252,16.89
17/04/2025,-955100,-19585740000,20.7(0.24 %),338100,6944460000,1293200,26530200000,23593456,16.83
18/04/2025,-821500,-17140070000,20.8(0.48 %),33900,707110000,855400,17847180000,24147936,16.81
21/04/2025,3400,81980000,20.4(-1.92 %),84700,1745010000,81300,1663030000,25338146,16.78
22/04/2025,-1860700,-36745470000,20.3(-0.49 %),591300,11784950000,2452000,48530420000,25602266,16.77
23/04/2025,-1128900,-23011770000,20.35(0.25 %),1060500,21806810000,2189400,44818580000,24646066,16.8
24/04/2025,-111400,-2306625000,21.25(4.42 %),284200,5934040000,395600,8240665000,26813934,16.74
25/04/2025,2626200,55323755000,21.25(0.00 %),2662200,56080555000,36000,756800000,26341094,16.75
28/04/2025,2536000,54079090000,21.5(1.18 %),2571200,54826495000,35200,747405000,24165494,16.81
29/04/2025,-2377200,-50847685000,21.45(-0.23 %),59400,1271605000,2436600,52119290000,24142074,16.81
05/05/2025,765400,-152200000,21.2(-1.17 %),765400,16387515000,0,16539715000,24177274,16.81
06/05/2025,999400,21348630000,21.25(0.24 %),1793800,38266930000,794400,16918300000,25611471,16.77
07/05/2025,933000,19601400000,20.95(-1.41 %),1726300,36309230000,793300,16707830000,24678471,16.8
08/05/2025,1866300,39465805000,21.25(1.43 %),3602700,76404325000,1736400,36938520000,22812171,16.85
09/05/2025,394600,8368650000,21.2(-0.24 %),819700,17373620000,425100,9004970000,22417571,16.86
12/05/2025,418700,8952080000,21.5(1.42 %),435100,9301385000,16400,349305000,21998871,16.87
13/05/2025,-1968100,-42993805000,21.8(1.40 %),478300,10448965000,2446400,53442770000,21998871,16.87
14/05/2025,133600,2979755000,22.2(1.83 %),963100,21227575000,829500,18247820000,21865271,16.88
15/05/2025,886410,-22830400000,22.25(0.23 %),886410,19661123000,0,42491523000,23833450,16.82
16/05/2025,374600,-15828982050,21.95(-1.35 %),374600,8270765000,0,24099747050,23833450,16.82
19/05/2025,2086788,45315673650,22(0.23 %),2086788,46117104850,0,801431200,22807290,16.85
20/05/2025,1403300,29957914800,22.3(1.36 %),1403300,31263710000,0,1305795200,22180696,16.87
21/05/2025,796197,-27021661850,22.4(0.45 %),796197,17774038150,0,44795700000,22180696,16.87
22/05/2025,891300,3818250000,22.05(-1.56 %),891300,19805825000,0,15987575000,22009396,16.87
23/05/2025,-103000,-2296210000,22.1(0.23 %),882200,19522905000,985200,21819115000,23216999,16.84
26/05/2025,3404200,-16228637350,22.6(2.26 %),3404200,76268132300,0,92496769650,23216999,16.84
27/05/2025,-241500,-5506655000,22.6(0.00 %),1342600,30328610000,1584100,35835265000,23319999,16.84
28/05/2025,1083100,9166965000,22.25(-1.55 %),1083100,24298110000,0,15131145000,23628702,16.83
29/05/2025,705127,1419041150,22.05(-0.90 %),705127,15750846150,0,14331805000,23806244,16.82
30/05/2025,264600,-48973980000,21.7(-1.59 %),264600,5812515000,0,54786495000,23806244,16.82
02/06/2025,406700,-27118480000,21.6(-0.46 %),406700,8749725000,0,35868205000,23806244,16.82
03/06/2025,393400,-12153856800,21.85(1.16 %),393400,8614555000,0,20768411800,26045644,16.76
04/06/2025,1029100,10377558500,21.85(0.00 %),1029100,22477205000,0,12099646500,26827815,16.74
05/06/2025,167200,-50495670000,21.65(-0.92 %),167200,3620850000,0,54116520000,27401869,16.72
06/06/2025,1033660,19659586000,21.8(0.69 %),1033660,22321541000,0,2661955000,26491009,16.75
09/06/2025,52899,-20124906650,21.45(-1.61 %),52899,1142693350,0,21267600000,28820009,16.68
10/06/2025,437800,8925701950,21.5(0.23 %),437800,9425375000,0,499673050,28405436,16.69
11/06/2025,-1043600,-22380690000,21.4(-0.47 %),365700,7867980000,1409300,30248670000,29339737,16.66
12/06/2025,658000,14211660000,21.75(1.64 %),691000,14926310000,33000,714650000,28681737,16.68
13/06/2025,-709400,-15231295000,21.6(-0.69 %),101700,2194140000,811100,17425435000,29725337,16.65
16/06/2025,411200,8957180000,21.75(0.69 %),727200,15815635000,316000,6858455000,29314137,16.66
17/06/2025,800500,17416870000,21.9(0.69 %),863600,18791390000,63100,1374520000,29233191,16.67
18/06/2025,-425800,-9303195000,21.95(0.23 %),566600,12433545000,992400,21736740000,29233191,16.67
19/06/2025,-1133100,-24824140000,22(0.23 %),170200,3734750000,1303300,28558890000,29233191,16.67
20/06/2025,-689400,-15226175000,22.15(0.68 %),196300,4349435000,885700,19575610000,29658991,16.66
23/06/2025,216000,4728965000,21.95(-0.90 %),897600,19731475000,681600,15002510000,30576185,16.63
24/06/2025,-1351600,-29694215000,21.95(0.00 %),334100,7350850000,1685700,37045065000,31265585,16.61
25/06/2025,-1084500,-23754505000,21.8(-0.68 %),293100,6426175000,1377600,30180680000,31264185,16.61
26/06/2025,-1488500,-32257095000,21.7(-0.46 %),270600,5868965000,1759100,38126060000,32615785,16.57
27/06/2025,-94100,-2016990000,21.8(0.46 %),556000,12097435000,650100,14114425000,33700285,16.54
30/06/2025,-144900,-3152410000,21.8(0.00 %),1175900,25649260000,1320800,28801670000,35188785,16.5
01/07/2025,6254200,138037735000,22.1(1.38 %),7921700,174749110000,1667500,36711375000,35282885,16.49
02/07/2025,937900,20940240000,22.3(0.90 %),1258700,28096650000,320800,7156410000,33991132,16.53
03/07/2025,3193500,72038630000,22.55(1.12 %),3356600,75714000000,163100,3675370000,39887432,16.36
04/07/2025,-520400,-11752650000,22.55(0.00 %),667000,15082135000,1187400,26834785000,39887432,16.36
07/07/2025,4402200,101927445000,23.3(3.33 %),5327300,123219295000,925100,21291850000,35485252,16.49
08/07/2025,2204100,51639510000,23.5(0.86 %),3883400,90906535000,1679300,39267025000,33801625,16.54
09/07/2025,5743900,138585095000,24.2(2.98 %),8028600,193553500000,2284700,54968405000,28541538,16.69
10/07/2025,3834700,93008680000,24.35(0.62 %),6039700,146582535000,2205000,53573855000,28541538,16.69
11/07/2025,1770100,43118720000,24.45(0.41 %),2807200,68262280000,1037100,25143560000,22936723,16.85
14/07/2025,-1230000,-29973655000,24.4(-0.20 %),749200,18197935000,1979200,48171590000,22936723,16.85
15/07/2025,-962400,-23656990000,24.15(-1.02 %),4534800,110981280000,5497200,134638270000,22936723,16.85
16/07/2025,-1770400,-42734480000,24.25(0.41 %),4923800,118982175000,6694200,161716655000,24144722,16.81
17/07/2025,2491200,60593190000,24.35(0.41 %),3146400,76516220000,655200,15923030000,24144722,16.81
18/07/2025,-1710000,-41530485000,24.4(0.21 %),2293100,55862765000,4003100,97393250000,24328022,16.81
21/07/2025,1588300,38727035000,24.5(0.41 %),4149100,101370095000,2560800,62643060000,22730522,16.85
22/07/2025,-1922400,-47938160000,25.45(3.88 %),1842000,45906630000,3764400,93844790000,24440522,16.8
23/07/2025,4278600,112392820000,26.5(4.13 %),6927800,181982650000,2649200,69589830000,20159906,16.93
24/07/2025,9199700,257870760000,27.6(4.15 %),11759300,327740925000,2559600,69870165000,4482590,17.37
25/07/2025,3703700,102891990000,28.25(2.36 %),4382500,121645465000,678800,18753475000,678815,17.48
28/07/2025,-2978900,-85714535000,28.45(0.71 %),450800,12860540000,3429700,98575075000,666015,17.48
29/07/2025,238000,6743405000,26.5(-6.85 %),566000,15917375000,328000,9173970000,323451,17.49
30/07/2025,-80700,-2118460000,26.65(0.57 %),323400,8596860000,404100,10715320000,3074415,17.41
31/07/2025,-1411200,-36543695000,26.45(-0.75 %),2471200,67303305000,3882400,103847000000,3074415,17.41
01/08/2025,1505600,40451730000,27(2.08 %),1672100,44891160000,166500,4439430000,249449,17.49
04/08/2025,-310800,-8419985000,28(3.70 %),209100,5650310000,519900,14070295000,1060595,17.47
05/08/2025,904400,25981435000,27.9(-0.36 %),1060500,30388385000,156100,4406950000,156210,17.5
06/08/2025,137300,3917120000,28.25(1.25 %),156200,4451700000,18900,534580000,289416,17.49
07/08/2025,257900,7356930000,28.5(0.88 %),289200,8243140000,31300,886210000,31352,17.5
08/08/2025,-93000,-2607375000,28.05(-1.58 %),31300,895180000,124300,3502555000,31352,17.5
11/08/2025,-39000,-1087480000,27.9(-0.53 %),31300,887355000,70300,1974835000,21752,17.5
12/08/2025,-62900,-1786305000,28.9(3.58 %),21700,616830000,84600,2403135000,109960,17.5
13/08/2025,27900,860505000,28.95(0.17 %),109900,3231060000,82000,2370555000,121043,17.5
14/08/2025,-591400,-18037880000,30.95(6.91 %),121000,3617900000,712400,21655780000,183985,17.49
15/08/2025,-417800,-12869140000,31(0.16 %),183900,5792785000,601700,18661925000,183985,17.49
18/08/2025,-680500,-20683535000,30.5(-1.61 %),183900,5737680000,864400,26421215000,775412,17.48
19/08/2025,-691600,-22702550000,32.5(6.56 %),198600,6213500000,890200,28916050000,1193197,17.47
20/08/2025,-67000,-2620255000,31.85(-2.00 %),400100,12383250000,467100,15003505000,1866571,17.45
21/08/2025,-159900,-6320525000,33.25(4.40 %),1693200,54914165000,1853100,61234690000,2555862,17.43
22/08/2025,2103900,69862830000,32.35(-2.71 %),2205600,73159245000,101700,3296415000,2555862,17.43
25/08/2025,341900,10475390000,31.3(-3.25 %),518100,16035390000,176200,5560000000,518754,17.49
26/08/2025,-615700,-19629155000,0(-100.00 %),17500,541625000,633200,20170780000,336839,17.49
