Ngay,KLGDRong,GTDGRong,ThayDoi,KLMua,GtMua,KLBan,GtBan,RoomConLai,DangSoHuu
13/12/2006,1240,496000,0(0.00 %),1240,496000,0,0,0,0.0
14/12/2006,178460,74953200,0(0.00 %),178460,74953200,0,0,0,0.0
15/12/2006,1650,727650,0(0.00 %),61650,27187650,60000,26460000,0,0.0
18/12/2006,123310,57092530,0(0.00 %),123310,57092530,0,0,0,0.0
19/12/2006,46450,22574700,0(0.00 %),46450,22574700,0,0,0,0.0
20/12/2006,121680,62056800,0(0.00 %),121680,62056800,0,0,0,0.0
21/12/2006,82420,41081700,0(0.00 %),82420,41081700,0,0,0,0.0
22/12/2006,116690,53794090,0(0.00 %),116690,53794090,0,0,0,0.0
25/12/2006,11200,4905600,0(0.00 %),11200,4905600,0,0,0,0.0
26/12/2006,111970,51315270,0(0.00 %),111970,51315270,0,0,0,0.0
27/12/2006,351980,167512320,0(0.00 %),351980,167512320,0,0,0,0.0
28/12/2006,120470,57647400,0(0.00 %),120470,57647400,0,0,0,0.0
29/12/2006,-3590,-1686950,0(0.00 %),3880,1786600,7470,3473550,0,0.0
01/03/2007,-49160,-29880150000,615(-2.69 %),17790,11179600000,66950,41059750000,0,0.0
02/03/2007,132530,85229310000,645(4.88 %),136640,87824280000,4110,2594970000,0,0.0
05/03/2007,56700,36629900000,635(-1.55 %),87640,56526800000,30940,19896900000,0,0.0
06/03/2007,-158710,-95917050000,604(-4.79 %),23500,14205950000,182210,110123000000,0,0.0
07/03/2007,4630,2824300000,610(0.99 %),7730,4715300000,3100,1891000000,0,0.0
08/03/2007,-24440,-14516000000,600(-1.64 %),23160,13892100000,47600,28408100000,0,0.0
09/03/2007,-540,35200000,600(0.00 %),27450,17015800000,27990,16980600000,0,0.0
12/03/2007,63130,38415200000,610(1.67 %),64330,39147200000,1200,732000000,0,0.0
13/03/2007,18280,11693360000,610(0.00 %),50280,30713360000,32000,19020000000,0,0.0
14/03/2007,1110,824550000,580(-4.92 %),12480,7515150000,11370,6690600000,0,0.0
15/03/2007,-42180,-23241180000,551(-5.00 %),21300,11736300000,63480,34977480000,0,0.0
16/03/2007,6510,3400710000,578(4.90 %),16710,9207210000,10200,5806500000,0,0.0
19/03/2007,29100,17546460000,578(0.00 %),56210,33268180000,27110,15721720000,0,0.0
20/03/2007,21420,12020960000,562(-2.77 %),51920,29173960000,30500,17153000000,0,0.0
21/03/2007,-44790,-23991510000,535(-4.80 %),19800,10575670000,64590,34567180000,0,0.0
22/03/2007,61960,34342350000,555(3.74 %),66100,36640300000,4140,2297950000,0,0.0
23/03/2007,-11520,-6393600000,555(0.00 %),62180,34509900000,73700,40903500000,0,0.0
26/03/2007,84690,45731500000,540(-2.70 %),84690,45731500000,0,0,0,0.0
27/03/2007,32170,16535110000,513(-5.00 %),36360,18684580000,4190,2149470000,0,0.0
28/03/2007,-4750,-2326750000,513(0.00 %),13200,6691600000,17950,9018350000,0,0.0
29/03/2007,19000,10601610000,538(4.87 %),72580,38194650000,53580,27593040000,0,0.0
30/03/2007,63540,34811810000,541(0.56 %),70160,38452730000,6620,3640920000,0,0.0
02/04/2007,43480,22594210000,520(-3.88 %),43480,22594210000,0,0,0,0.0
03/04/2007,6580,3295080000,500(-3.85 %),16580,8285080000,10000,4990000000,0,0.0
04/04/2007,1550,775000000,514(2.80 %),1550,775000000,0,0,0,0.0
05/04/2007,40910,21164380000,515(0.19 %),40910,21164380000,0,0,0,0.0
06/04/2007,-1780,-895970000,510(-0.97 %),3410,1736300000,5190,2632270000,0,0.0
09/04/2007,27680,14246650000,515(0.98 %),28710,14777100000,1030,530450000,0,0.0
10/04/2007,38660,20102910000,521(1.17 %),60660,31402780000,22000,11299870000,0,0.0
11/04/2007,12230,6407790000,525(0.77 %),13230,6932790000,1000,525000000,0,0.0
12/04/2007,13570,7297200000,540(2.86 %),23790,12790980000,10220,5493780000,0,0.0
13/04/2007,-51070,-26889400000,520(-3.70 %),61630,33543800000,112700,60433200000,0,0.0
16/04/2007,19820,10409580000,525(0.96 %),57350,30243470000,37530,19833890000,0,0.0
17/04/2007,-5210,-2679150000,515(-1.90 %),4050,2105750000,9260,4784900000,0,0.0
18/04/2007,-33520,-17430400000,520(0.97 %),8920,4638400000,42440,22068800000,0,0.0
19/04/2007,-6990,-3493360000,505(-2.88 %),40710,20988330000,47700,24481690000,0,0.0
20/04/2007,-124170,-60256300000,480(-4.95 %),3510,1705200000,127680,61961500000,0,0.0
23/04/2007,-37870,-17313640000,456(-5.00 %),3820,1749400000,41690,19063040000,0,0.0
24/04/2007,16670,7234780000,434(-4.82 %),21340,9261560000,4670,2026780000,0,0.0
25/04/2007,-57310,-23969990000,425(-2.07 %),53880,22378320000,111190,46348310000,0,0.0
02/05/2007,23370,10127300000,433(1.88 %),80260,34741730000,56890,24614430000,0,0.0
03/05/2007,42550,18566220000,442(2.08 %),93330,40950180000,50780,22383960000,0,0.0
04/05/2007,23200,10764800000,464(4.98 %),34100,15822400000,10900,5057600000,0,0.0
07/05/2007,-22040,-10733480000,487(4.96 %),34450,16777150000,56490,27510630000,0,0.0
08/05/2007,105380,52636060000,500(2.67 %),113350,56621060000,7970,3985000000,0,0.0
09/05/2007,83830,41915000000,500(0.00 %),86560,43280000000,2730,1365000000,0,0.0
10/05/2007,54050,28376250000,525(5.00 %),54290,28502250000,240,126000000,0,0.0
11/05/2007,7660,4220660000,551(4.95 %),27810,15323310000,20150,11102650000,0,0.0
14/05/2007,-46080,-26634240000,578(4.90 %),27340,15802520000,73420,42436760000,0,0.0
15/05/2007,-15030,-8266500000,550(-4.84 %),10630,5846500000,25660,14113000000,0,0.0
16/05/2007,-27590,-14816460000,532(-3.27 %),26330,14199800000,53920,29016260000,0,0.0
17/05/2007,52560,29342720000,557(4.70 %),67670,37278470000,15110,7935750000,0,0.0
18/05/2007,-30240,-16402910000,541(-2.87 %),9790,5333440000,40030,21736350000,0,0.0
21/05/2007,-44100,-16453510000,372(3.19 %),5900,2198990000,50000,18652500000,0,0.0
22/05/2007,53080,19669040000,372(0.00 %),68710,25482600000,15630,5813560000,0,0.0
23/05/2007,61510,22876620000,370(-0.54 %),68330,25411620000,6820,2535000000,0,0.0
24/05/2007,53350,19358900000,360(-2.70 %),76970,27977700000,23620,8618800000,0,0.0
25/05/2007,20100,7174480000,358(-0.56 %),55990,20014070000,35890,12839590000,0,0.0
28/05/2007,60080,21403760000,357(-0.28 %),87700,31236480000,27620,9832720000,0,0.0
29/05/2007,17920,6258230000,347(-2.80 %),17920,6258230000,0,0,0,0.0
30/05/2007,82040,28315820000,350(0.86 %),84310,29097220000,2270,781400000,0,0.0
31/05/2007,18830,6595240000,349(-0.29 %),86140,30332320000,67310,23737080000,0,0.0
01/06/2007,25200,8736440000,345(-1.15 %),25200,8736440000,0,0,0,0.0
04/06/2007,66730,22733560000,340(-1.45 %),91730,31233560000,25000,8500000000,0,0.0
05/06/2007,4130,1441300000,323(-5.00 %),29430,9702800000,25300,8261500000,0,0.0
06/06/2007,-14140,-4619270000,330(2.17 %),25860,8420700000,40000,13039970000,0,0.0
07/06/2007,1770,579360000,338(2.42 %),11670,3925560000,9900,3346200000,0,0.0
08/06/2007,-17320,-5457750000,330(-2.37 %),80620,26632300000,97940,32090050000,0,0.0
11/06/2007,-65450,-20944000000,320(-3.03 %),33300,10656000000,98750,31600000000,0,0.0
12/06/2007,-4120,-1301130000,319(-0.31 %),51700,16533140000,55820,17834270000,0,0.0
13/06/2007,-315860,-97043900000,306(-4.08 %),78170,23970100000,394030,121014000000,0,0.0
14/06/2007,-265210,-80743270000,305(-0.33 %),135030,41097730000,400240,121841000000,0,0.0
15/06/2007,-166250,-51071600000,310(1.64 %),38750,11928400000,205000,63000000000,0,0.0
18/06/2007,-184030,-56872500000,306(-1.29 %),5410,1666320000,189440,58538820000,0,0.0
19/06/2007,-57110,-17382270000,306(0.00 %),140620,42942510000,197730,60324780000,0,0.0
20/06/2007,-73460,-22460430000,306(0.00 %),61490,18836270000,134950,41296700000,0,0.0
21/06/2007,-78610,-23735490000,300(-1.96 %),14810,4457610000,93420,28193100000,0,0.0
22/06/2007,-96700,-28665000000,295(-1.67 %),63450,18880000000,160150,47545000000,0,0.0
25/06/2007,34510,10663590000,309(4.75 %),54710,16905390000,20200,6241800000,0,0.0
26/06/2007,-18440,-5974560000,324(4.85 %),1000,324000000,19440,6298560000,0,0.0
27/06/2007,-83860,-26796250000,311(-4.01 %),10710,3469420000,94570,30265670000,0,0.0
28/06/2007,-59340,-18299610000,308(-0.96 %),39140,12094340000,98480,30393950000,0,0.0
29/06/2007,-36500,-11205500000,307(-0.32 %),9610,2950270000,46110,14155770000,0,0.0
02/07/2007,149260,45106700000,302(-1.63 %),213860,64535900000,64600,19429200000,0,0.0
03/07/2007,122930,37247790000,303(0.33 %),125070,37896210000,2140,648420000,0,0.0
04/07/2007,103820,32250860000,312(2.97 %),104020,32313260000,200,62400000,0,0.0
05/07/2007,180920,55816800000,310(-0.64 %),181020,55847700000,100,30900000,0,0.0
06/07/2007,16710,5000000000,308(-0.65 %),1204548,376000000000,1187838,371000000000,0,0.0
09/07/2007,37410,11479860000,308(0.00 %),76710,23498670000,39300,12018810000,0,0.0
10/07/2007,-11150,-3435760000,308(0.00 %),3800,1168790000,14950,4604550000,0,0.0
11/07/2007,15800,4881320000,308(0.00 %),15800,4881320000,0,0,0,0.0
12/07/2007,19490,5982330000,306(-0.65 %),21930,6729070000,2440,746740000,0,0.0
13/07/2007,-768280,-230130410000,299(-2.29 %),233230,69869590000,1001510,300000000000,0,0.0
16/07/2007,-205920,-60000000000,290(-3.01 %),799890,232000000000,1005810,292000000000,0,0.0
17/07/2007,-312420,-90601800000,290(0.00 %),187580,54398200000,500000,145000000000,0,0.0
18/07/2007,-293120,-84905380000,288(-0.69 %),214620,62094620000,507740,147000000000,0,0.0
19/07/2007,30980,8930940000,285(-1.04 %),53320,15297840000,22340,6366900000,0,0.0
20/07/2007,-198420,-56515420000,283(-0.70 %),51590,14662410000,250010,71177830000,0,0.0
23/07/2007,145310,39907570000,272(-3.89 %),146180,40146820000,870,239250000,0,0.0
24/07/2007,34720,9323900000,267(-1.48 %),88490,23836100000,53770,14512200000,0,0.0
25/07/2007,150390,38481950000,255(-4.49 %),150550,38523500000,160,41550000,0,0.0
26/07/2007,10230,2557500000,250(-1.96 %),60330,15082500000,50100,12525000000,0,0.0
27/07/2007,-126190,-31547500000,250(0.00 %),92220,23055000000,218410,54602500000,0,0.0
30/07/2007,-14690,-3610710000,253(1.20 %),141900,36043860000,156590,39654570000,0,0.0
31/07/2007,-6280,-1584590000,245(-3.16 %),169380,42153240000,175660,43737830000,0,0.0
01/08/2007,-6460,-1631250000,240(-2.04 %),79430,19099630000,85890,20730880000,0,0.0
02/08/2007,-54190,-12602000000,228(-5.00 %),84060,19380110000,138250,31982110000,0,0.0
03/08/2007,100430,21843480000,217(-4.82 %),103850,22586460000,3420,742980000,0,0.0
06/08/2007,22990,5015180000,218(0.46 %),26040,5679830000,3050,664650000,0,0.0
07/08/2007,27540,6310170000,228(4.59 %),171690,38179420000,144150,31869250000,0,0.0
08/08/2007,52630,12582820000,239(4.82 %),143030,33808700000,90400,21225880000,0,0.0
09/08/2007,-87750,-21953780000,250(4.60 %),37850,9364220000,125600,31318000000,0,0.0
10/08/2007,69640,16853510000,240(-4.00 %),95050,23005910000,25410,6152400000,0,0.0
13/08/2007,-57900,-13304660000,231(-3.75 %),82610,19174680000,140510,32479340000,0,0.0
14/08/2007,-86830,-20200900000,235(1.73 %),19680,4622600000,106510,24823500000,0,0.0
15/08/2007,47080,10842860000,230(-2.13 %),59080,13598600000,12000,2755740000,0,0.0
16/08/2007,58320,13249500000,223(-3.04 %),146330,33104910000,88010,19855410000,0,0.0
17/08/2007,75850,16655750000,220(-1.35 %),118410,26023730000,42560,9367980000,0,0.0
20/08/2007,-69950,-15503550000,225(2.27 %),10840,2435250000,80790,17938800000,0,0.0
21/08/2007,15770,3646010000,227(0.89 %),79650,18158390000,63880,14512380000,0,0.0
22/08/2007,82260,18930710000,229(0.88 %),143530,32961640000,61270,14030930000,0,0.0
23/08/2007,81360,18556320000,225(-1.75 %),131360,29806320000,50000,11250000000,0,0.0
24/08/2007,-65000,-14528560000,230(2.22 %),116000,26491090000,181000,41019650000,0,0.0
27/08/2007,50600,11600450000,226(-1.74 %),90600,20631550000,40000,9031100000,0,0.0
28/08/2007,-4390,-900990000,226(0.00 %),63310,14308060000,67700,15209050000,0,0.0
29/08/2007,85990,19392950000,226(0.00 %),86390,19482950000,400,90000000,0,0.0
30/08/2007,84780,19134840000,225(-0.44 %),134880,30372440000,50100,11237600000,0,0.0
31/08/2007,41540,9369600000,225(0.00 %),91540,20619600000,50000,11250000000,0,0.0
04/09/2007,18480,4312060000,229(1.78 %),122330,27778310000,103850,23466250000,0,0.0
05/09/2007,-25870,-5824750000,225(-1.75 %),97030,21947920000,122900,27772670000,0,0.0
06/09/2007,-65250,-14680500000,225(0.00 %),24750,5569750000,90000,20250250000,0,0.0
07/09/2007,-41970,-9443250000,225(0.00 %),18280,4113000000,60250,13556250000,0,0.0
10/09/2007,-8910,-1986710000,223(-0.89 %),71090,15894440000,80000,17881150000,0,0.0
11/09/2007,7060,1603840000,223(0.00 %),69980,15635000000,62920,14031160000,0,0.0
12/09/2007,60050,13402380000,223(0.00 %),120250,26786980000,60200,13384600000,0,0.0
13/09/2007,108980,24305220000,223(0.00 %),153160,34113680000,44180,9808460000,0,0.0
14/09/2007,97850,21891940000,225(0.90 %),148130,33114640000,50280,11222700000,0,0.0
17/09/2007,152840,34282550000,224(-0.44 %),154900,34741930000,2060,459380000,0,0.0
18/09/2007,64750,14416280000,222(-0.89 %),65870,14665040000,1120,248760000,0,0.0
19/09/2007,65690,14594200000,223(0.45 %),74370,16529840000,8680,1935640000,0,0.0
20/09/2007,76420,17140160000,225(0.90 %),76420,17140160000,0,0,0,0.0
21/09/2007,158750,36100730000,228(1.33 %),159700,36316680000,950,215950000,0,0.0
24/09/2007,75370,17950030000,239(4.82 %),90010,21361750000,14640,3411720000,0,0.0
25/09/2007,160100,40003070000,250(4.60 %),235500,58852970000,75400,18849900000,0,0.0
26/09/2007,83990,21309560000,250(0.00 %),135090,34092160000,51100,12782600000,0,0.0
27/09/2007,333210,84914010000,260(4.00 %),333910,85096010000,700,182000000,0,0.0
28/09/2007,271660,73084570000,273(5.00 %),340310,91632010000,68650,18547440000,0,0.0
01/10/2007,-14790,-4319450000,286(4.76 %),142210,40578300000,157000,44897750000,0,0.0
02/10/2007,406390,121030990000,296(3.50 %),524000,156000000000,117610,34969010000,0,0.0
03/10/2007,291680,87260820000,301(1.69 %),394630,118000000000,102950,30739180000,0,0.0
04/10/2007,171130,50493750000,295(-1.99 %),199340,58823770000,28210,8330020000,0,0.0
05/10/2007,-82430,-23284500000,281(-4.75 %),71800,20468480000,154230,43752980000,0,0.0
08/10/2007,-78540,-21950350000,274(-1.79 %),22650,6275100000,101190,28225450000,0,0.0
09/10/2007,84140,23619090000,287(4.74 %),112930,31769310000,28790,8150220000,0,0.0
10/10/2007,63850,18348110000,287(0.00 %),92930,26697350000,29080,8349240000,0,0.0
11/10/2007,36930,10523130000,281(-2.09 %),53010,15079200000,16080,4556070000,0,0.0
12/10/2007,54020,15240820000,283(0.71 %),64480,18184960000,10460,2944140000,0,0.0
15/10/2007,53900,15176270000,280(-1.06 %),62430,17579560000,8530,2403290000,0,0.0
16/10/2007,93680,26202600000,278(-0.71 %),126480,35354200000,32800,9151600000,0,0.0
17/10/2007,1930,604710000,282(1.44 %),38600,10873260000,36670,10268550000,0,0.0
18/10/2007,8060,2270700000,278(-1.42 %),71280,19919960000,63220,17649260000,0,0.0
19/10/2007,-4050,-1058830000,275(-1.08 %),30150,8274520000,34200,9333350000,0,0.0
22/10/2007,-11410,-3082140000,272(-1.09 %),92690,25127550000,104100,28209690000,0,0.0
23/10/2007,190650,51556490000,271(-0.37 %),311460,84160930000,120810,32604440000,0,0.0
24/10/2007,109950,30547970000,280(3.32 %),253120,70444870000,143170,39896900000,0,0.0
25/10/2007,148470,41497550000,277(-1.07 %),184070,51415920000,35600,9918370000,0,0.0
26/10/2007,65780,18156560000,275(-0.72 %),97030,26782810000,31250,8626250000,0,0.0
29/10/2007,55370,15040220000,271(-1.45 %),89540,24313290000,34170,9273070000,0,0.0
30/10/2007,-7250,-1990350000,270(-0.37 %),118200,31941150000,125450,33931500000,0,0.0
31/10/2007,104410,28331480000,272(0.74 %),134310,36440380000,29900,8108900000,0,0.0
01/11/2007,-15510,-4184720000,270(-0.74 %),65380,17728760000,80890,21913480000,0,0.0
02/11/2007,-80820,-21383130000,264(-2.22 %),6630,1757120000,87450,23140250000,0,0.0
05/11/2007,26790,6866740000,257(-2.65 %),178230,45378620000,151440,38511880000,0,0.0
06/11/2007,-178160,-44432870000,247(-3.89 %),48660,12071700000,226820,56504570000,0,0.0
07/11/2007,-215460,-52495940000,244(-1.21 %),39110,9517440000,254570,62013380000,0,0.0
08/11/2007,-30160,-7451600000,247(1.23 %),1130,277650000,31290,7729250000,0,0.0
09/11/2007,206620,51620880000,251(1.62 %),239620,59838880000,33000,8218000000,0,0.0
12/11/2007,188200,47324020000,251(0.00 %),218300,54889220000,30100,7565200000,0,0.0
13/11/2007,18590,4699350000,240(-4.38 %),66770,16494930000,48180,11795580000,0,0.0
14/11/2007,30970,7822630000,251(4.58 %),106910,26761790000,75940,18939160000,0,0.0
15/11/2007,40010,9935730000,246(-1.99 %),70010,17355730000,30000,7420000000,0,0.0
16/11/2007,41950,10501640000,249(1.22 %),117500,29140490000,75550,18638850000,0,0.0
19/11/2007,91240,22721740000,249(0.00 %),126340,31406540000,35100,8684800000,0,0.0
20/11/2007,-10990,-2681000000,246(-1.20 %),139220,34417330000,150210,37098330000,0,0.0
21/11/2007,-92180,-22166160000,240(-2.44 %),78640,18910140000,170820,41076300000,0,0.0
22/11/2007,82280,20211060000,246(2.50 %),98200,24125000000,15920,3913940000,0,0.0
23/11/2007,87830,21651540000,247(0.41 %),87870,21661260000,40,9720000,0,0.0
26/11/2007,68760,16976570000,247(0.00 %),100630,24827330000,31870,7850760000,0,0.0
27/11/2007,-52540,-12831320000,243(-1.62 %),6460,1580700000,59000,14412020000,0,0.0
28/11/2007,-39390,-9501000000,241(-0.82 %),480098,110990000000,519488,120491000000,0,0.0
29/11/2007,-18000,-4336450000,239(-0.83 %),3200,773950000,21200,5110400000,0,0.0
30/11/2007,-34290,-8171720000,238(-0.42 %),39670,9452870000,73960,17624590000,0,0.0
03/12/2007,16150,3866220000,239(0.42 %),66150,15796220000,50000,11930000000,0,0.0
04/12/2007,-850,-211770000,236(-1.26 %),49150,11663580000,50000,11875350000,0,0.0
05/12/2007,71410,16684320000,232(-1.69 %),81920,19152640000,10510,2468320000,0,0.0
06/12/2007,60170,13799150000,230(-0.86 %),63540,14574000000,3370,774850000,0,0.0
07/12/2007,51870,11940900000,232(0.87 %),51890,11945520000,20,4620000,0,0.0
10/12/2007,144710,33211720000,228(-1.72 %),145060,33292220000,350,80500000,0,0.0
11/12/2007,149740,33715990000,226(-0.88 %),150450,33876450000,710,160460000,0,0.0
12/12/2007,240,54320000,227(0.44 %),240,54320000,0,0,0,0.0
13/12/2007,101430,22802110000,224(-1.32 %),112580,25306100000,11150,2503990000,0,0.0
14/12/2007,-23580,-5206520000,222(-0.89 %),14650,3250690000,38230,8457210000,0,0.0
17/12/2007,71910,15972040000,221(-0.45 %),121910,27072040000,50000,11100000000,0,0.0
18/12/2007,530,212070000,224(1.36 %),80710,18125500000,80180,17913430000,0,0.0
19/12/2007,24670,5791100000,230(2.68 %),90000,20533620000,65330,14742520000,0,0.0
20/12/2007,-19710,-4497210000,225(-2.17 %),41530,9376300000,61240,13873510000,0,0.0
21/12/2007,-7740,-1727000000,225(0.00 %),52260,11765700000,60000,13492700000,0,0.0
24/12/2007,-23250,-5209030000,223(-0.89 %),17370,3887110000,40620,9096140000,0,0.0
25/12/2007,-24010,-5322480000,222(-0.45 %),16620,3698010000,40630,9020490000,0,0.0
26/12/2007,26890,5958020000,223(0.45 %),67010,14887400000,40120,8929380000,0,0.0
27/12/2007,18200,4049820000,222(-0.45 %),63690,14162660000,45490,10112840000,0,0.0
28/12/2007,-34360,-7632120000,223(0.45 %),66140,14698880000,100500,22331000000,0,0.0
02/01/2008,-69380,-15277880000,219(-1.79 %),3080,679400000,72460,15957280000,0,0.0
03/01/2008,-36520,-7872950000,215(-1.83 %),3040,657820000,39560,8530770000,0,0.0
04/01/2008,-25130,-5327510000,212(-1.40 %),5070,1074890000,30200,6402400000,0,0.0
07/01/2008,2130,516320000,206(-2.83 %),40070,8340590000,37940,7824270000,0,0.0
08/01/2008,36690,7668610000,208(0.97 %),38660,8079440000,1970,410830000,0,0.0
09/01/2008,-3450,-702720000,202(-2.88 %),660,134700000,4110,837420000,0,0.0
10/01/2008,-114480,-22091080000,192(-4.95 %),57370,11113740000,171850,33204820000,0,0.0
11/01/2008,6590,1283590000,197(2.60 %),25780,5033740000,19190,3750150000,0,0.0
14/01/2008,113400,22085750000,193(-2.03 %),113500,22105250000,100,19500000,0,0.0
15/01/2008,-17570,-3330180000,189(-2.07 %),96420,18284030000,113990,21614210000,0,0.0
16/01/2008,-200200,-39390810000,198(4.76 %),15250,3004250000,215450,42395060000,0,0.0
17/01/2008,-98260,-20014960000,199(0.51 %),12040,2407800000,110300,22422760000,0,0.0
18/01/2008,-46440,-9165650000,202(1.51 %),13030,2550090000,59470,11715740000,0,0.0
21/01/2008,-17980,-3462160000,192(-4.95 %),15560,2987520000,33540,6449680000,0,0.0
22/01/2008,-4670,-854610000,183(-4.69 %),850,155550000,5520,1010160000,0,0.0
23/01/2008,-6500,-1131000000,174(-4.92 %),490,85260000,6990,1216260000,0,0.0
24/01/2008,12150,2200900000,170(-2.30 %),63250,11214500000,51100,9013600000,0,0.0
25/01/2008,128560,22527780000,178(4.71 %),128760,22561780000,200,34000000,0,0.0
28/01/2008,32200,5736400000,182(2.25 %),36780,6569760000,4580,833360000,0,0.0
29/01/2008,1130,207280000,191(4.95 %),1130,207280000,0,0,0,0.0
30/01/2008,-35930,-7180090000,200(4.71 %),31590,6283790000,67520,13463880000,0,0.0
31/01/2008,-31600,-6128180000,197(-1.50 %),4940,947540000,36540,7075720000,0,0.0
01/02/2008,-6130,-1163410000,198(0.51 %),68590,13565780000,74720,14729190000,0,0.0
12/02/2008,6170,1286330000,193(-2.53 %),24740,4873490000,18570,3587160000,0,0.0
13/02/2008,-41280,-7734710000,184(-4.66 %),1650,308150000,42930,8042860000,0,0.0
14/02/2008,450,94740000,185(0.54 %),10000,1858680000,9550,1763940000,0,0.0
15/02/2008,-5660,-1047540000,184(-0.54 %),1340,246660000,7000,1294200000,0,0.0
18/02/2008,-550,-97390000,176(-4.35 %),760,133970000,1310,231360000,0,0.0
19/02/2008,-25210,-4319870000,175(-0.57 %),6390,1100140000,31600,5420010000,0,0.0
20/02/2008,51750,8665580000,167(-4.57 %),55860,9351950000,4110,686370000,0,0.0
21/02/2008,59540,9466860000,159(-4.79 %),60740,9657660000,1200,190800000,0,0.0
22/02/2008,4080,620160000,152(-4.40 %),60380,9177760000,56300,8557600000,0,0.0
25/02/2008,-7790,-1220120000,159(4.61 %),61120,9659140000,68910,10879260000,0,0.0
26/02/2008,64590,9867730000,152(-4.40 %),65190,9958930000,600,91200000,0,0.0
27/02/2008,2320,351320000,151(-0.66 %),2320,351320000,0,0,0,0.0
28/02/2008,25260,3786760000,148(-1.99 %),31060,4674160000,5800,887400000,0,0.0
29/02/2008,-31920,-4497560000,141(-4.73 %),16630,2347990000,48550,6845550000,0,0.0
03/03/2008,119000,15946000000,134(-4.96 %),119000,15946000000,0,0,0,0.0
04/03/2008,30960,3962880000,128(-4.48 %),31410,4020480000,450,57600000,0,0.0
05/03/2008,135760,16562720000,122(-4.69 %),135760,16562720000,0,0,0,0.0
06/03/2008,-66800,-8550400000,128(4.92 %),1300,166400000,68100,8716800000,0,0.0
07/03/2008,-25100,-3363400000,134(4.69 %),19900,2666600000,45000,6030000000,0,0.0
10/03/2008,233620,32706800000,140(4.48 %),275230,38532200000,41610,5825400000,0,0.0
11/03/2008,112780,15096340000,134(-4.29 %),125330,16778040000,12550,1681700000,0,0.0
12/03/2008,35930,4898760000,137(2.24 %),137930,18849110000,102000,13950350000,0,0.0
13/03/2008,7810,1075980000,137(0.00 %),22860,3130830000,15050,2054850000,0,0.0
14/03/2008,113740,15491140000,137(0.00 %),116940,15929340000,3200,438200000,0,0.0
17/03/2008,810,106110000,131(-4.38 %),9460,1239260000,8650,1133150000,0,0.0
18/03/2008,1450,181250000,125(-4.58 %),1450,181250000,0,0,0,0.0
19/03/2008,-12310,-1465270000,119(-4.80 %),16190,1926830000,28500,3392100000,0,0.0
20/03/2008,42670,4906150000,114(-4.20 %),49620,5710010000,6950,803860000,0,0.0
21/03/2008,-400,-43600000,109(-4.39 %),2810,306290000,3210,349890000,0,0.0
24/03/2008,-10110,-1051440000,104(-4.59 %),27890,2900560000,38000,3952000000,0,0.0
25/03/2008,-10,-990000,99(-4.81 %),16400,1623600000,16410,1624590000,0,0.0
26/03/2008,62980,5951610000,94.5(-4.55 %),110180,10412010000,47200,4460400000,0,0.0
27/03/2008,-304740,-28950300000,95(0.53 %),156530,14870350000,461270,43820650000,0,0.0
28/03/2008,-255540,-24404165000,95.5(0.53 %),57460,5487335000,313000,29891500000,0,0.0
31/03/2008,-136480,-13102080000,96(0.52 %),116560,11189760000,253040,24291840000,0,0.0
01/04/2008,-15360,-1482240000,96.5(0.52 %),34640,3342760000,50000,4825000000,0,0.0
02/04/2008,0,0,97(0.52 %),0,0,0,0,0,0.0
03/04/2008,6400,624000000,97.5(0.52 %),6400,624000000,0,0,0,0.0
04/04/2008,500,49000000,98(0.51 %),500,49000000,0,0,0,0.0
07/04/2008,7150,711425000,99.5(1.53 %),7150,711425000,0,0,0,0.0
08/04/2008,113430,11306025000,98.5(-1.01 %),166430,16651525000,53000,5345500000,0,0.0
09/04/2008,329570,32064400000,97.5(-1.02 %),380070,36963150000,50500,4898750000,0,0.0
10/04/2008,85190,8178240000,96(-1.54 %),85190,8178240000,0,0,0,0.0
11/04/2008,48790,4610655000,94.5(-1.56 %),48790,4610655000,0,0,0,0.0
16/04/2008,56520,5256360000,93(-1.59 %),56520,5256360000,0,0,0,0.0
17/04/2008,251380,23047695000,94(1.08 %),263600,24165825000,12220,1118130000,0,0.0
18/04/2008,129590,12088035000,92.5(-1.60 %),130290,12153985000,700,65950000,0,0.0
21/04/2008,120200,10845100000,90(-1.64 %),180400,16263100000,60200,5418000000,0,0.0
22/04/2008,16150,1429275000,88.5(-1.67 %),16150,1429275000,0,0,0,0.0
23/04/2008,3520,306240000,87(-1.69 %),3920,341040000,400,34800000,0,0.0
24/04/2008,25820,2207610000,85.5(-1.72 %),44820,3832110000,19000,1624500000,0,0.0
25/04/2008,-14340,-1204560000,84(-1.75 %),2850,239400000,17190,1443960000,0,0.0
28/04/2008,136680,11277990000,82.5(-1.79 %),227110,18739280000,90430,7461290000,0,0.0
29/04/2008,39590,3202140000,81(-1.82 %),95470,7733820000,55880,4531680000,0,0.0
05/05/2008,58200,4626900000,79.5(-1.85 %),58720,4668240000,520,41340000,0,0.0
06/05/2008,66170,5161260000,78(-1.89 %),66170,5161260000,0,0,0,0.0
07/05/2008,78120,5976180000,76.5(-1.92 %),78120,5976180000,0,0,0,0.0
08/05/2008,104390,7829250000,75(-1.96 %),104390,7829250000,0,0,0,0.0
09/05/2008,19130,1406055000,73.5(-2.00 %),19130,1406055000,0,0,0,0.0
12/05/2008,44060,3194350000,72.5(-1.36 %),44560,3230600000,500,36250000,0,0.0
13/05/2008,4950,353925000,71.5(-1.38 %),4950,353925000,0,0,0,0.0
14/05/2008,6040,425820000,70.5(-1.40 %),86040,6065820000,80000,5640000000,0,0.0
15/05/2008,5020,348890000,69.5(-1.42 %),5020,348890000,0,0,0,0.0
16/05/2008,20360,1394660000,68.5(-1.44 %),56360,3860660000,36000,2466000000,0,0.0
19/05/2008,64480,4352400000,67.5(-1.46 %),173480,11779900000,109000,7427500000,0,0.0
20/05/2008,3510,233415000,66.5(-1.48 %),3510,233415000,0,0,0,0.0
21/05/2008,89720,5876660000,65.5(-1.50 %),89720,5876660000,0,0,0,0.0
22/05/2008,1940,125130000,64.5(-1.53 %),70810,4567245000,68870,4442115000,0,0.0
23/05/2008,17650,1120775000,63.5(-1.55 %),37550,2384425000,19900,1263650000,0,0.0
26/05/2008,3500,218750000,62.5(-1.57 %),3500,218750000,0,0,0,0.0
27/05/2008,0,0,62.5(0.00 %),0,0,0,0,0,0.0
28/05/2008,0,0,62.5(0.00 %),0,0,0,0,0,0.0
29/05/2008,0,0,62.5(0.00 %),0,0,0,0,0,0.0
30/05/2008,-2200,-135300000,61.5(-1.60 %),6240,383760000,8440,519060000,0,0.0
02/06/2008,360,21780000,60.5(-1.63 %),560,33880000,200,12100000,0,0.0
03/06/2008,-30,-1785000,59.5(-1.65 %),400,23800000,430,25585000,0,0.0
04/06/2008,-1960,-114660000,58.5(-1.68 %),550,32175000,2510,146835000,0,0.0
05/06/2008,-160,-9200000,57.5(-1.71 %),460,26450000,620,35650000,0,0.0
06/06/2008,-1590,-89835000,56.5(-1.74 %),2870,162155000,4460,251990000,0,0.0
09/06/2008,13140,729270000,55.5(-1.77 %),17420,966810000,4280,237540000,0,0.0
10/06/2008,-4500,-245250000,54.5(-1.80 %),540,29430000,5040,274680000,0,0.0
11/06/2008,450,24075000,53.5(-1.83 %),2290,122515000,1840,98440000,0,0.0
12/06/2008,106410,5586525000,52.5(-1.87 %),164310,8626275000,57900,3039750000,0,0.0
13/06/2008,161220,8302830000,51.5(-1.90 %),280930,14467895000,119710,6165065000,0,0.0
16/06/2008,-18220,-933910000,52.5(1.94 %),127520,6567660000,145740,7501570000,0,0.0
17/06/2008,39050,2089175000,53.5(1.90 %),39050,2089175000,0,0,0,0.0
18/06/2008,329720,17485705000,52.5(-1.87 %),389720,20725705000,60000,3240000000,0,0.0
19/06/2008,56050,2858550000,51(-2.86 %),72050,3674550000,16000,816000000,0,0.0
20/06/2008,79300,3925350000,49.5(-2.94 %),79300,3925350000,0,0,0,0.0
23/06/2008,31580,1515669000,48.1(-2.83 %),84860,4081766000,53280,2566097000,0,0.0
24/06/2008,98290,4749461000,49.5(2.91 %),107910,5215115000,9620,465654000,0,0.0
25/06/2008,27590,1392145000,50.5(2.02 %),62590,3159645000,35000,1767500000,0,0.0
26/06/2008,27580,1397504000,49.5(-1.98 %),63780,3277404000,36200,1879900000,0,0.0
27/06/2008,71720,3473323000,50(1.01 %),74530,3608484000,2810,135161000,0,0.0
30/06/2008,7910,381096000,50(0.00 %),46310,2252276000,38400,1871180000,0,0.0
01/07/2008,19560,1007260000,51.5(3.00 %),44560,2294760000,25000,1287500000,0,0.0
02/07/2008,102490,5413695000,53(2.91 %),102590,5418995000,100,5300000,0,0.0
03/07/2008,0,0,54.5(2.83 %),0,0,0,0,0,0.0
04/07/2008,79170,4433520000,56(2.75 %),79170,4433520000,0,0,0,0.0
07/07/2008,325620,18521940000,54.5(-2.68 %),366220,20856440000,40600,2334500000,0,0.0
08/07/2008,142160,7536330000,56(2.75 %),170400,9034050000,28240,1497720000,0,0.0
09/07/2008,21880,1257850000,57.5(2.68 %),21880,1257850000,0,0,0,0.0
10/07/2008,43290,2554110000,59(2.61 %),44790,2642610000,1500,88500000,0,0.0
11/07/2008,24410,1476805000,60.5(2.54 %),27410,1658305000,3000,181500000,0,0.0
14/07/2008,4000,248000000,62(2.48 %),29000,1798000000,25000,1550000000,0,0.0
15/07/2008,5830,370205000,63.5(2.42 %),6030,382905000,200,12700000,0,0.0
16/07/2008,231360,14942870000,65(2.36 %),238850,15429420000,7490,486550000,0,0.0
17/07/2008,-31810,-2115365000,66.5(2.31 %),3240,215460000,35050,2330825000,0,0.0
18/07/2008,242550,16493400000,68(2.26 %),247050,16799400000,4500,306000000,0,0.0
21/07/2008,406270,26813270000,66(-2.94 %),460080,30365480000,53810,3552210000,0,0.0
22/07/2008,123890,7990905000,64.5(-2.27 %),159280,10273560000,35390,2282655000,0,0.0
23/07/2008,69680,4389840000,63(-2.33 %),112860,7110180000,43180,2720340000,0,0.0
24/07/2008,-39250,-2583305000,61.5(-2.38 %),171060,10791285000,210310,13374590000,0,0.0
25/07/2008,81380,4968515000,62(0.81 %),89420,5459705000,8040,491190000,0,0.0
28/07/2008,0,0,62.5(2.46 %),0,0,0,0,0,0.0
29/07/2008,-3200,-204800000,64(2.40 %),0,0,3200,204800000,0,0.0
30/07/2008,263700,17260375000,65.5(2.34 %),264700,17323375000,1000,63000000,0,0.0
31/07/2008,269020,17632575000,67(2.29 %),287070,18817975000,18050,1185400000,0,0.0
01/08/2008,56540,3900700000,69(2.99 %),77640,5356600000,21100,1455900000,0,0.0
04/08/2008,125040,8380080000,67(-2.90 %),126790,8498930000,1750,118850000,0,0.0
05/08/2008,100380,6524700000,65(-2.99 %),109870,7141550000,9490,616850000,0,0.0
06/08/2008,660,43890000,66.5(2.31 %),10110,672315000,9450,628425000,0,0.0
07/08/2008,147380,10021690000,68(2.26 %),147880,10055690000,500,34000000,0,0.0
08/08/2008,173880,12101280000,70(2.94 %),178240,12406480000,4360,305200000,0,0.0
11/08/2008,0,0,72(2.86 %),0,0,0,0,0,0.0
12/08/2008,19400,1435600000,74(2.78 %),20700,1531800000,1300,96200000,0,0.0
13/08/2008,55330,4205080000,76(2.70 %),75580,5744080000,20250,1539000000,0,0.0
14/08/2008,13100,1021800000,78(2.63 %),15000,1170000000,1900,148200000,0,0.0
15/08/2008,-100,-8000000,80(2.56 %),0,0,100,8000000,0,0.0
18/08/2008,-196460,-16502640000,84(5.00 %),105940,8898960000,302400,25401600000,0,0.0
19/08/2008,66490,5851120000,88(4.76 %),84860,7467680000,18370,1616560000,0,0.0
20/08/2008,19910,1831720000,92(4.55 %),435170,40035640000,415260,38203920000,0,0.0
21/08/2008,-128810,-12430165000,96.5(4.89 %),26750,2581375000,155560,15011540000,0,0.0
22/08/2008,7950,802950000,101(4.66 %),39800,4019800000,31850,3216850000,0,0.0
25/08/2008,-24830,-2631980000,106(4.95 %),0,0,24830,2631980000,0,0.0
26/08/2008,-22130,-2456430000,111(4.72 %),3340,370740000,25470,2827170000,0,0.0
27/08/2008,15400,1786400000,116(4.50 %),19900,2308400000,4500,522000000,0,0.0
28/08/2008,367450,43951420000,121(4.31 %),661820,79399840000,294370,35448420000,0,0.0
29/08/2008,70700,8569030000,121(0.00 %),325290,39261540000,254590,30692510000,0,0.0
03/09/2008,171690,21804630000,127(4.96 %),358290,45502830000,186600,23698200000,0,0.0
04/09/2008,282540,37338160000,133(4.72 %),408680,54113980000,126140,16775820000,0,0.0
05/09/2008,256890,33807990000,127(-4.51 %),280600,36925990000,23710,3118000000,0,0.0
08/09/2008,-22090,-2672890000,121(-4.72 %),11570,1399970000,33660,4072860000,0,0.0
09/09/2008,65920,7586300000,115(-4.96 %),133850,15406250000,67930,7819950000,0,0.0
10/09/2008,144460,15890600000,110(-4.35 %),154870,17035700000,10410,1145100000,0,0.0
11/09/2008,23970,2516850000,105(-4.55 %),61230,6429150000,37260,3912300000,0,0.0
12/09/2008,30830,3083000000,100(-4.76 %),72000,7200000000,41170,4117000000,0,0.0
15/09/2008,-281490,-27484920000,95.5(-4.50 %),158350,15559705000,439840,43044625000,0,0.0
16/09/2008,-80390,-7357580000,91(-4.71 %),97230,8866215000,177620,16223795000,0,0.0
17/09/2008,-14080,-1217920000,86.5(-4.95 %),38610,3339765000,52690,4557685000,0,0.0
18/09/2008,54530,4498725000,82.5(-4.62 %),152030,12542475000,97500,8043750000,0,0.0
19/09/2008,-201540,-17433210000,86.5(4.85 %),231280,20005720000,432820,37438930000,0,0.0
22/09/2008,-103800,-9393900000,90.5(4.62 %),98490,8913345000,202290,18307245000,0,0.0
23/09/2008,617570,57264580000,94(3.87 %),726870,67216970000,109300,9952390000,0,0.0
24/09/2008,103470,9619610000,90.5(-3.72 %),170230,15824960000,66760,6205350000,0,0.0
25/09/2008,244820,22848050000,95(4.97 %),295510,27569950000,50690,4721900000,0,0.0
26/09/2008,182350,18100580000,99.5(4.74 %),201740,20016835000,19390,1916255000,0,0.0
29/09/2008,12030,1156825000,96(-3.52 %),20160,1941515000,8130,784690000,0,0.0
30/09/2008,1950,178425000,91.5(-4.44 %),3600,329400000,1650,150975000,0,0.0
01/10/2008,18330,1730075000,93(1.64 %),120820,11185970000,102490,9455895000,0,0.0
02/10/2008,-104140,-9807165000,95(2.15 %),7670,722895000,111810,10530060000,0,0.0
03/10/2008,-28930,-2672600000,91.5(-3.68 %),34280,3155335000,63210,5827935000,0,0.0
06/10/2008,-58860,-5128775000,87(-4.92 %),31710,2769620000,90570,7898395000,0,0.0
07/10/2008,-3910,-324530000,83(-4.60 %),21480,1782840000,25390,2107370000,0,0.0
08/10/2008,-52460,-4144340000,79(-4.82 %),11560,913240000,64020,5057580000,0,0.0
09/10/2008,-248080,-18953755000,75.5(-4.43 %),91470,6925555000,339550,25879310000,0,0.0
10/10/2008,-67670,-4872240000,72(-4.64 %),52940,3811680000,120610,8683920000,0,0.0
13/10/2008,-137660,-9645755000,68.5(-4.86 %),27300,1912965000,164960,11558720000,0,0.0
14/10/2008,-61650,-4407975000,71.5(4.38 %),0,0,61650,4407975000,0,0.0
15/10/2008,-150990,-11327200000,75(4.90 %),49080,3678050000,200070,15005250000,0,0.0
16/10/2008,-17720,-1348250000,76(1.33 %),49200,3727790000,66920,5076040000,0,0.0
17/10/2008,-178060,-14078740000,78(2.63 %),8100,639300000,186160,14718040000,0,0.0
20/10/2008,10560,838505000,74.5(-4.49 %),18460,1436255000,7900,597750000,0,0.0
21/10/2008,-27820,-2171070000,78(4.70 %),4070,313750000,31890,2484820000,0,0.0
22/10/2008,13980,1063530000,76.5(-1.92 %),27330,2074350000,13350,1010820000,0,0.0
23/10/2008,-90350,-6598910000,73(-4.58 %),62500,4562500000,152850,11161410000,0,0.0
24/10/2008,-76430,-5362425000,69.5(-4.79 %),13970,974185000,90400,6336610000,0,0.0
27/10/2008,-104060,-6919990000,66.5(-4.32 %),10000,665000000,114060,7584990000,0,0.0
28/10/2008,-79540,-5057950000,65(-2.26 %),53570,3428305000,133110,8486255000,0,0.0
29/10/2008,61800,4200280000,68(4.62 %),69550,4727280000,7750,527000000,0,0.0
30/10/2008,-19800,-1394200000,71(4.41 %),2650,186800000,22450,1581000000,0,0.0
31/10/2008,-62690,-4670405000,74.5(4.93 %),2240,166880000,64930,4837285000,0,0.0
03/11/2008,-18160,-1452700000,78(4.70 %),37040,2845400000,55200,4298100000,0,0.0
04/11/2008,-24300,-1935775000,81.5(4.49 %),13950,1110900000,38250,3046675000,0,0.0
05/11/2008,72710,6216705000,85.5(4.91 %),72810,6225255000,100,8550000,0,0.0
06/11/2008,189630,16311320000,89(4.09 %),286640,24710495000,97010,8399175000,0,0.0
07/11/2008,23210,1411235000,61(4.72 %),80930,4931230000,57720,3519995000,0,0.0
10/11/2008,11480,734720000,64(4.92 %),17400,1113600000,5920,378880000,0,0.0
11/11/2008,-108660,-6714320000,61(-4.69 %),13450,827700000,122110,7542020000,0,0.0
12/11/2008,-5790,-335820000,58(-4.92 %),8180,474440000,13970,810260000,0,0.0
13/11/2008,-6360,-348280000,57.5(-0.86 %),7210,405855000,13570,754135000,0,0.0
14/11/2008,-4830,-287905000,60(4.35 %),34040,2041750000,38870,2329655000,0,0.0
17/11/2008,-60380,-3564815000,58(-3.33 %),2180,128870000,62560,3693685000,0,0.0
18/11/2008,7800,442100000,56.5(-2.59 %),25800,1464600000,18000,1022500000,0,0.0
19/11/2008,-88200,-4902280000,55(-2.65 %),1850,103815000,90050,5006095000,0,0.0
20/11/2008,-127130,-6684425000,52.5(-4.55 %),1400,73900000,128530,6758325000,0,0.0
21/11/2008,-320340,-16224524000,50.5(-3.72 %),8470,423493000,328810,16648017000,0,0.0
24/11/2008,8380,444535000,52.5(3.96 %),10360,549075000,1980,104540000,0,0.0
25/11/2008,-92870,-4972630000,53.5(2.00 %),30620,1633115000,123490,6605745000,0,0.0
26/11/2008,-41380,-2112675000,51(-4.67 %),16570,884450000,57950,2997125000,0,0.0
27/11/2008,-244640,-11900344000,48.5(-4.90 %),20600,999525000,265240,12899869000,0,0.0
28/11/2008,-3530,-178265000,50.5(4.55 %),38600,1949300000,42130,2127565000,0,0.0
01/12/2008,-79940,-4190755000,52.5(3.96 %),73060,3836830000,153000,8027585000,0,0.0
02/12/2008,-143020,-7218030000,50(-4.67 %),12430,631105000,155450,7849135000,0,0.0
03/12/2008,-5300,-257788000,50.5(1.00 %),20670,1030972000,25970,1288760000,0,0.0
04/12/2008,-173980,-8819775000,50.5(0.00 %),51750,2613950000,225730,11433725000,0,0.0
05/12/2008,-10810,-524317000,48.9(-3.17 %),24620,1204466000,35430,1728783000,0,0.0
08/12/2008,11370,529825000,46.5(-4.62 %),45150,2104525000,33780,1574700000,0,0.0
09/12/2008,810,69873000,48.7(4.73 %),52790,2539423000,51980,2469550000,0,0.0
10/12/2008,10060,477749000,47.3(-2.77 %),27110,1285434000,17050,807685000,0,0.0
11/12/2008,35550,1714679000,48.2(1.90 %),51150,2461824000,15600,747145000,0,0.0
12/12/2008,250,6500000,50.5(4.88 %),42350,2127500000,42100,2121000000,0,0.0
15/12/2008,-54710,-2888600000,53(4.95 %),17130,907870000,71840,3796470000,0,0.0
16/12/2008,65260,3419650000,50.5(-4.72 %),86150,4509855000,20890,1090205000,0,0.0
17/12/2008,-57210,-2928715000,52.5(3.96 %),3100,156550000,60310,3085265000,0,0.0
18/12/2008,-740,-41200000,52.5(0.10 %),7340,381660000,8080,422860000,0,0.0
19/12/2008,-86760,-4550850000,52.5(0.10 %),3530,185375000,90290,4736225000,0,0.0
22/12/2008,-1350,-71550000,51.5(-1.81 %),1980,104940000,3330,176490000,0,0.0
23/12/2008,13670,678720000,49.6(-3.69 %),22600,1120500000,8930,441780000,0,0.0
24/12/2008,16620,809380000,49(-1.21 %),16620,809380000,0,0,0,0.0
25/12/2008,15610,765134000,49(0.41 %),15610,765134000,0,0,0,0.0
26/12/2008,11400,554460000,48.7(-0.20 %),12400,603500000,1000,49040000,0,0.0
29/12/2008,31990,1563079000,48.6(-0.10 %),35310,1725759000,3320,162680000,0,0.0
30/12/2008,84050,4161109000,50.5(3.91 %),93520,4631443000,9470,470334000,0,0.0
31/12/2008,-42650,-2193860000,50(-0.99 %),11810,598405000,54460,2792265000,0,0.0
02/01/2009,10230,510577000,50(0.00 %),10230,510577000,0,0,30102292,27.61
05/01/2009,-860,-46071000,50(0.00 %),21140,1053260000,22000,1099331000,30103152,27.61
06/01/2009,89250,4566845000,51.5(3.00 %),94000,4809740000,4750,242895000,30013902,27.68
07/01/2009,197650,10553225000,53(2.91 %),241760,12882250000,44110,2329025000,29816252,27.82
08/01/2009,-55670,-2896630000,51.5(-2.83 %),10700,553550000,66370,3450180000,29871922,27.78
09/01/2009,70,3570000,50.5(-1.94 %),70,3570000,0,0,29871852,27.78
12/01/2009,18000,911500000,50.5(0.00 %),18700,946850000,700,35350000,29853852,27.79
13/01/2009,30110,1504422000,49.9(-1.19 %),33410,1668432000,3300,164010000,29823742,27.81
14/01/2009,56990,2897870000,51(2.20 %),67600,3433675000,10610,535805000,29766752,27.85
15/01/2009,-84130,-4233130000,50(-1.96 %),15740,789870000,99870,5023000000,29850882,27.79
16/01/2009,71530,3627815000,50.5(1.00 %),74440,3775270000,2910,147455000,29779352,27.84
19/01/2009,5800,292900000,50.5(0.00 %),99541,4793968000,93741,4501068000,29773552,27.85
20/01/2009,12320,616752000,49.9(-1.19 %),50880,2540930000,38560,1924178000,29761232,27.86
21/01/2009,-16300,-812581000,49.7(-0.40 %),30330,1509439000,46630,2322020000,29777532,27.84
22/01/2009,-48880,-2413560000,50.5(1.61 %),30600,1524700000,79480,3938260000,29826412,27.81
23/01/2009,460,21150000,50.5(0.00 %),5370,268750000,4910,247600000,29825952,27.81
02/02/2009,-54160,-2668557000,48.5(-3.96 %),40220,1983818000,94380,4652375000,29880112,27.77
03/02/2009,-13200,-625694000,46.6(-3.92 %),62950,2949720000,76150,3575414000,29893312,27.76
04/02/2009,-62140,-2927206000,47.5(1.93 %),2050,95785000,64190,3022991000,29955452,27.72
05/02/2009,56800,2651170000,46.5(-2.11 %),64100,2990850000,7300,339680000,29898652,27.76
06/02/2009,9750,456035000,47.5(2.15 %),9750,456035000,0,0,29888902,27.77
09/02/2009,14340,683672000,49.3(3.79 %),14840,707422000,500,23750000,29874562,27.78
10/02/2009,14910,711753000,48(-2.64 %),14910,711753000,0,0,29859652,27.79
11/02/2009,-83540,-3940595000,47.1(-1.88 %),36620,1727036000,120160,5667631000,29943192,27.73
12/02/2009,-105070,-4939320000,47(-0.21 %),2130,100310000,107200,5039630000,30048262,27.65
13/02/2009,-62520,-2916104000,46.6(-0.85 %),1900,88560000,64420,3004664000,30110782,27.61
16/02/2009,-109680,-5011787000,45.3(-2.79 %),2790,128293000,112470,5140080000,30220462,27.53
17/02/2009,-48370,-2084277000,43.1(-4.86 %),33300,1437360000,81670,3521637000,30268832,27.5
18/02/2009,42300,1743072000,42(-2.55 %),48480,1996486000,6180,253414000,30226532,27.53
19/02/2009,-25680,-1103815000,42(0.00 %),9000,384825000,34680,1488640000,30252212,27.51
20/02/2009,-19950,-822638000,41.6(-0.95 %),15800,657338000,35750,1479976000,30272162,27.49
23/02/2009,-29070,-1153945000,39.6(-4.81 %),63450,2514064000,92520,3668009000,30301232,27.47
24/02/2009,-12600,-475156000,37.7(-4.80 %),22390,844123000,34990,1319279000,30313832,27.46
25/02/2009,-170,-6706000,39.5(4.77 %),3300,130350000,3470,137056000,30314002,27.46
26/02/2009,15910,674571000,41(3.80 %),27480,1121210000,11570,446639000,30298092,27.47
27/02/2009,45600,1938149000,42.9(4.63 %),51910,2200949000,6310,262800000,30252492,27.51
02/03/2009,-5500,-219702000,43.6(1.63 %),52200,2261043000,57700,2480745000,30257992,27.5
03/03/2009,1790,71935000,41.5(-4.82 %),22500,933750000,20710,861815000,30256202,27.5
04/03/2009,91260,3813527000,41.9(0.96 %),94260,3939227000,3000,125700000,30164942,27.57
05/03/2009,-9590,-411161000,43(2.63 %),48350,2081599000,57940,2492760000,30174532,27.56
06/03/2009,41900,1785867000,43.2(0.47 %),42200,1798467000,300,12600000,30132632,27.59
09/03/2009,6600,289360000,44.1(2.08 %),57600,2500260000,51000,2210900000,30126032,27.6
10/03/2009,-273260,-12134788000,44.4(0.68 %),2440,107684000,275700,12242472000,30399292,27.4
11/03/2009,-63620,-2867758000,45(1.35 %),5700,258360000,69320,3126118000,30462912,27.36
12/03/2009,3000,129200000,43.4(-3.56 %),3000,129200000,0,0,30459912,27.36
13/03/2009,6820,298332000,43.4(0.00 %),11450,499461000,4630,201129000,30453092,27.36
16/03/2009,59960,2630340000,44(1.38 %),64750,2840067000,4790,209727000,30393132,27.41
17/03/2009,13990,634442000,45.6(3.64 %),21850,990610000,7860,356168000,30379142,27.42
18/03/2009,128760,6131898000,47.8(4.82 %),172800,8223202000,44040,2091304000,30250382,27.51
19/03/2009,28920,1355044000,45.5(-4.81 %),60080,2832808000,31160,1477764000,30221462,27.53
20/03/2009,13460,627443000,45.5(0.00 %),18000,834670000,4540,207227000,30208002,27.54
23/03/2009,13060,598648000,44(-3.30 %),30820,1385635000,17760,786987000,30194942,27.55
24/03/2009,70910,3275942000,46.2(5.00 %),87580,4046096000,16670,770154000,30124032,27.6
25/03/2009,407050,19431250000,48.4(4.76 %),449300,21476125000,42250,2044875000,29716982,27.89
26/03/2009,274880,13639484000,49.9(3.10 %),279270,13856795000,4390,217311000,29442102,28.08
27/03/2009,47510,2372716000,48(-3.81 %),69410,3459066000,21900,1086350000,29394592,28.12
30/03/2009,42060,1937510000,45.7(-4.79 %),51180,2355220000,9120,417710000,29352532,28.15
31/03/2009,-60190,-2674016000,44.9(-1.75 %),97110,4325284000,157300,6999300000,29412722,28.1
01/04/2009,80180,3767475000,47.1(4.90 %),102200,4804337000,22020,1036862000,29332542,28.16
02/04/2009,54240,2678676000,49.4(4.88 %),60410,2982854000,6170,304178000,29278302,28.2
03/04/2009,307200,15820800000,51.5(4.25 %),320770,16519655000,13570,698855000,28971102,28.42
07/04/2009,220300,11521625000,54(4.85 %),224490,11741910000,4190,220285000,28750802,28.57
08/04/2009,-13910,-918035000,52(-3.70 %),99660,5239880000,113570,6157915000,28764712,28.56
09/04/2009,-47290,-2485975000,52(0.00 %),53510,2782465000,100800,5268440000,28812002,28.53
10/04/2009,5860,319370000,54.5(4.81 %),20710,1128695000,14850,809325000,28806142,28.53
13/04/2009,76920,4384440000,57(4.59 %),83420,4754940000,6500,370500000,28729222,28.59
14/04/2009,119370,6950885000,59.5(4.39 %),232230,13651665000,112860,6700780000,28609852,28.67
15/04/2009,275550,16048345000,57.5(-3.36 %),333750,19414925000,58200,3366580000,28334302,28.87
16/04/2009,-40550,-2386335000,58(0.87 %),49400,2866980000,89950,5253315000,28374852,28.84
17/04/2009,209270,11760485000,55.5(-4.31 %),215270,12093485000,6000,333000000,28165582,28.99
20/04/2009,43610,2311330000,53(-4.50 %),67830,3594990000,24220,1283660000,28121972,29.02
21/04/2009,-165750,-8546110000,51.5(-2.83 %),147370,7462435000,313120,16008545000,28287722,28.9
22/04/2009,69140,3732140000,54(4.85 %),211160,11401220000,142020,7669080000,28218582,28.95
23/04/2009,122980,6694605000,53.5(-0.93 %),149150,8120200000,26170,1425595000,28095602,29.04
24/04/2009,83140,4456130000,54(0.93 %),138620,7420560000,55480,2964430000,28012462,29.1
27/04/2009,202510,11180205000,55(1.85 %),205510,11346705000,3000,166500000,27809952,29.24
28/04/2009,105200,5793500000,55(0.00 %),158550,8737750000,53350,2944250000,27704752,29.32
29/04/2009,121680,6730160000,55.5(0.91 %),129000,7136420000,7320,406260000,27583072,29.4
04/05/2009,-69900,-4054200000,58(4.50 %),6380,370040000,76280,4424240000,27652972,29.35
05/05/2009,3210,194205000,60.5(4.31 %),10010,605605000,6800,411400000,27649762,29.36
06/05/2009,819080,50690410000,60.5(0.00 %),941280,58315530000,122200,7625120000,26830682,29.94
07/05/2009,126950,8056325000,63.5(4.96 %),198340,12589590000,71390,4533265000,26703732,30.03
08/05/2009,59280,3765545000,64(0.79 %),312750,20169285000,253470,16403740000,26644452,30.07
11/05/2009,588380,38738610000,66(3.12 %),628220,41351180000,39840,2612570000,26056072,30.49
12/05/2009,256610,16987660000,68(3.03 %),269930,17867350000,13320,879690000,25799462,30.67
13/05/2009,162030,10607475000,65(-4.41 %),314320,20751330000,152290,10143855000,25637432,30.79
14/05/2009,227150,14215385000,63.5(-2.31 %),498930,31304820000,271780,17089435000,25410282,30.95
15/05/2009,-63550,-4227735000,66.5(4.72 %),71790,4711070000,135340,8938805000,25473832,30.9
18/05/2009,116500,7724725000,66.5(0.00 %),142680,9477670000,26180,1752945000,25357332,30.98
19/05/2009,307070,20615735000,67(0.75 %),391980,26339425000,84910,5723690000,25050262,31.2
20/05/2009,339900,22629330000,67(0.00 %),355950,23700330000,16050,1071000000,24710362,31.32
21/05/2009,100670,6651135000,65.5(-2.24 %),104670,6915635000,4000,264500000,24609692,31.39
22/05/2009,-800,-45350000,63.5(-3.05 %),59500,3776050000,60300,3821400000,24610492,31.39
25/05/2009,-130890,-8607985000,66.5(4.72 %),83300,5496980000,214190,14104965000,24741382,31.3
26/05/2009,146250,9806720000,67(0.75 %),181030,12148070000,34780,2341350000,24595132,31.41
27/05/2009,137540,9209315000,67(0.00 %),194260,13009625000,56720,3800310000,24457592,31.67
28/05/2009,78440,5155360000,66(-1.49 %),99790,6578950000,21350,1423590000,24379152,31.73
29/05/2009,44070,2867670000,66(0.00 %),97670,6405670000,53600,3538000000,24335082,31.76
01/06/2009,206820,14005230000,68.5(3.79 %),277210,18771385000,70390,4766155000,24128262,31.91
02/06/2009,269990,19173285000,70(2.19 %),349190,24836085000,79200,5662800000,23858272,32.1
03/06/2009,182830,12796250000,70(0.00 %),214820,15029830000,31990,2233580000,23675442,32.23
04/06/2009,86730,6130690000,70.5(0.71 %),144590,10199800000,57860,4069110000,23588712,32.29
05/06/2009,61480,4543510000,74(4.96 %),178970,13235670000,117490,8692160000,23527232,32.33
08/06/2009,-83345,-6459238000,77.5(4.73 %),7190,557225000,90535,7016463000,23610577,32.27
09/06/2009,10130,775060000,77(-0.65 %),81470,6250720000,71340,5475660000,23600447,32.28
10/06/2009,-72610,-5370200000,73.5(-4.55 %),341170,25119190000,413780,30489390000,23673057,32.23
11/06/2009,-283260,-20948305000,73.5(0.00 %),120140,8881440000,403400,29829745000,23956317,32.03
12/06/2009,192810,13874965000,70.5(-4.08 %),220640,15904680000,27830,2029715000,23763507,32.17
15/06/2009,49170,3317735000,68(-3.55 %),127800,8635140000,78630,5317405000,23714337,32.2
16/06/2009,186430,12275900000,65.5(-3.68 %),379210,24823945000,192780,12548045000,23527907,32.33
17/06/2009,5610,411360000,68.5(4.58 %),104250,6972840000,98640,6561480000,23522297,32.34
18/06/2009,-46330,-3312595000,71.5(4.38 %),0,0,46330,3312595000,23568627,32.3
19/06/2009,130530,9754195000,75(4.90 %),143470,10719795000,12940,965600000,23438097,32.4
22/06/2009,202820,14495735000,71.5(-4.67 %),238930,17090210000,36110,2594475000,23235277,32.54
23/06/2009,22340,1562695000,68.5(-4.20 %),245220,16755060000,222880,15192365000,23212937,32.56
24/06/2009,-50370,-3601455000,71.5(4.38 %),20,1430000,50390,3602885000,23263307,32.52
25/06/2009,531660,39292210000,72(0.70 %),535260,39559410000,3600,267200000,22731647,32.9
26/06/2009,298730,21788870000,73.5(2.08 %),322910,23549200000,24180,1760330000,22432917,33.11
29/06/2009,339290,24782580000,73(-0.68 %),411860,30077690000,72570,5295110000,22093627,33.35
30/06/2009,389600,27634570000,70(-4.11 %),446120,31589340000,56520,3954770000,21704027,33.62
01/07/2009,200500,13470515000,67(-4.29 %),272680,18306575000,72180,4836060000,21503527,33.77
02/07/2009,13800,938250000,69.5(3.73 %),15350,1044150000,1550,105900000,21489727,33.78
03/07/2009,82110,5744675000,70.5(1.44 %),91550,6389975000,9440,645300000,21407617,33.86
06/07/2009,206090,15136215000,73.5(4.26 %),209890,15406015000,3800,269800000,20812857,34.28
07/07/2009,182580,13270905000,72.5(-1.36 %),221020,16077025000,38440,2806120000,21018947,34.13
08/07/2009,-5540,-415705000,72(-0.69 %),26960,1921035000,32500,2336740000,21024487,34.13
09/07/2009,89880,6421630000,71(-1.39 %),93960,6714860000,4080,293230000,20934607,34.19
10/07/2009,87970,6182745000,71(0.00 %),173820,12247670000,85850,6064925000,20846637,34.26
13/07/2009,206130,14606005000,71(0.00 %),207430,14698205000,1300,92200000,20640507,34.4
14/07/2009,-70210,-4953245000,70(-1.41 %),27000,1900060000,97210,6853305000,20710717,34.35
15/07/2009,53310,3806895000,71.5(2.14 %),53330,3808325000,20,1430000,20657407,34.39
16/07/2009,125880,9137465000,72(0.70 %),140630,10223030000,14750,1085565000,20531527,34.48
17/07/2009,108440,7828655000,72(0.00 %),112700,8135505000,4260,306850000,20423087,34.55
20/07/2009,149950,10594565000,70.5(-2.08 %),189950,13431285000,40000,2836720000,20273137,34.66
21/07/2009,362160,25835705000,72(2.13 %),379940,27108160000,17780,1272455000,19910977,34.92
22/07/2009,197660,14314220000,72(0.00 %),198780,14395980000,1120,81760000,19713317,35.06
23/07/2009,77380,5627470000,73(1.39 %),84580,6145870000,7200,518400000,19635937,35.11
24/07/2009,167150,12786975000,76.5(4.79 %),170780,13064670000,3630,277695000,19468787,35.23
27/07/2009,178470,14011150000,77(0.65 %),182470,14322150000,4000,311000000,19290317,35.36
28/07/2009,117620,8914700000,75(-2.60 %),128580,9752515000,10960,837815000,19172697,35.44
29/07/2009,103530,7797595000,75(0.00 %),106710,8037745000,3180,240150000,19069167,35.51
30/07/2009,87280,6531475000,75(0.00 %),90580,6777425000,3300,245950000,18981887,35.57
31/07/2009,200300,15296035000,76.5(2.00 %),200410,15304395000,110,8360000,18781587,35.72
03/08/2009,99390,7603535000,76.5(0.00 %),124810,9546085000,25420,1942550000,18682197,35.79
04/08/2009,104690,8091750000,77.5(1.31 %),185140,14340350000,80450,6248600000,18577507,35.86
05/08/2009,105270,8146220000,77.5(0.00 %),110610,8559400000,5340,413180000,18472237,35.93
06/08/2009,230450,17951225000,78(0.65 %),235540,18346700000,5090,395475000,18241787,36.1
07/08/2009,79140,6167920000,78(0.00 %),82140,6401920000,3000,234000000,18162647,36.15
10/08/2009,64400,5086020000,79.5(1.92 %),67060,5294730000,2660,208710000,18098247,36.2
11/08/2009,-3030,-243550000,79.5(0.00 %),25210,1999980000,28240,2243530000,18101277,36.2
12/08/2009,38970,3111520000,80(0.63 %),44970,3590395000,6000,478875000,18062307,36.22
13/08/2009,100390,8083740000,80.5(0.62 %),101630,8183835000,1240,100095000,17961917,36.3
14/08/2009,45280,3632460000,80(-0.62 %),74680,5960310000,29400,2327850000,17916637,36.33
17/08/2009,57210,4547900000,79.5(-0.62 %),114910,9152800000,57700,4604900000,17859427,36.37
18/08/2009,13680,1086360000,79(-0.63 %),80500,6345425000,66820,5259065000,17845747,36.61
19/08/2009,143990,11452825000,80(1.27 %),150500,11973500000,6510,520675000,17701757,36.71
20/08/2009,113310,9130825000,80.5(0.62 %),113310,9130825000,0,0,17588447,36.79
21/08/2009,98980,8154175000,82.5(2.48 %),101310,8347665000,2330,193490000,17489467,36.86
24/08/2009,261620,22154105000,86.5(4.85 %),327290,27792940000,65670,5638835000,17227847,37.04
25/08/2009,59830,5214415000,87(0.58 %),159110,13956240000,99280,8741825000,16822637,37.32
26/08/2009,285550,24661650000,86(-1.15 %),324210,28003170000,38660,3341520000,16882467,37.28
27/08/2009,264210,22527270000,86(0.00 %),277780,23681690000,13570,1154420000,16618257,37.46
28/08/2009,100220,8661770000,87(1.16 %),100530,8688430000,310,26660000,16518037,37.53
31/08/2009,87920,7805435000,89(2.30 %),123770,10960265000,35850,3154830000,16430117,37.59
01/09/2009,-19280,-1699710000,87.5(-1.69 %),177610,15553310000,196890,17253020000,16449397,37.58
03/09/2009,240670,20685080000,85.5(-2.29 %),343300,29448710000,102630,8763630000,16208727,37.75
04/09/2009,348700,29546390000,84(-1.75 %),367480,31129910000,18780,1583520000,15860027,37.99
07/09/2009,13140,1131015000,82(-2.38 %),93230,7569280000,80090,6438265000,15846887,38.0
08/09/2009,53380,4421390000,83(1.22 %),59880,4959390000,6500,538000000,15793507,38.03
09/09/2009,111240,9306770000,84(1.20 %),111240,9306770000,0,0,15682267,38.11
10/09/2009,208840,17489220000,84.5(0.60 %),217490,18208135000,8650,718915000,15473427,38.26
11/09/2009,318610,26978555000,84(-0.59 %),321440,27216690000,2830,238135000,15154817,38.48
14/09/2009,575350,50447950000,88(4.76 %),619600,54324150000,44250,3876200000,14579467,38.88
15/09/2009,-143390,-12825330000,90(2.27 %),46040,4113905000,189430,16939235000,14722857,38.78
16/09/2009,165470,14446770000,87(-3.33 %),230250,20118190000,64780,5671420000,14557387,38.89
17/09/2009,585300,51582320000,90(3.45 %),620400,54657895000,35100,3075575000,13972087,39.3
18/09/2009,154420,13855180000,90(0.00 %),281970,25220030000,127550,11364850000,13817667,39.41
21/09/2009,56410,5087875000,90(0.00 %),78350,7072675000,21940,1984800000,13761257,39.45
22/09/2009,11970,1089895000,89(-1.11 %),88250,7858105000,76280,6768210000,13749287,39.45
23/09/2009,-81700,-7245215000,88(-1.12 %),169610,15081340000,251310,22326555000,13830987,39.4
24/09/2009,-7140,-621415000,87(-1.14 %),136650,11911895000,143790,12533310000,13838127,39.39
25/09/2009,0,0,87(0.00 %),0,0,0,0,13838127,41.84
28/09/2009,0,0,87(0.00 %),0,0,0,0,14015247,41.75
29/09/2009,-97090,-8526480000,86.5(-0.57 %),381300,33004375000,478390,41530855000,14430267,38.98
30/09/2009,-209670,-18123295000,86.5(0.00 %),506340,43839740000,716010,61963035000,14639937,38.84
01/10/2009,-26350,-2280010000,85(-1.73 %),340250,29175055000,366600,31455065000,14666287,38.82
02/10/2009,-28150,-2209270000,82.5(-2.94 %),267120,21940005000,295270,24149275000,14694437,38.8
05/10/2009,5100,395320000,82.5(0.00 %),295050,24274100000,289950,23878780000,14689337,38.8
06/10/2009,80440,6696285000,83(0.61 %),167210,13918675000,86770,7222390000,14608897,38.86
07/10/2009,-3270,-288230000,86.5(4.22 %),80520,6912500000,83790,7200730000,14612167,38.85
08/10/2009,-63880,-5501010000,86.5(0.00 %),38910,3364610000,102790,8865620000,14676047,38.81
09/10/2009,155620,13481295000,86.5(0.00 %),290930,25208265000,135310,11726970000,14520427,38.92
12/10/2009,-20630,-1804005000,87.5(1.16 %),91690,8025375000,112320,9829380000,14541057,38.9
13/10/2009,114090,9973690000,87.5(0.00 %),214930,18791240000,100840,8817550000,14426967,38.98
14/10/2009,60000,5302255000,89(1.71 %),155050,13636680000,95050,8334425000,14366967,39.02
15/10/2009,65610,6189060000,93(4.49 %),189770,17491595000,124160,11302535000,14301357,39.07
16/10/2009,63570,5919695000,91.5(-1.61 %),166170,15400240000,102600,9480545000,13796857,39.42
19/10/2009,41250,3712900000,89(-2.73 %),111260,10041420000,70010,6328520000,14196537,39.14
20/10/2009,41030,3720960000,90.5(1.69 %),46610,4226070000,5580,505110000,14155507,39.17
21/10/2009,85760,7671410000,89(-1.66 %),116800,10459990000,31040,2788580000,14069747,39.23
22/10/2009,7670,680285000,90.5(1.69 %),61350,5484230000,53680,4803945000,14062077,39.24
23/10/2009,30460,2756040000,89.5(-1.10 %),37540,3401860000,7080,645820000,14031617,39.26
26/10/2009,171190,15206735000,89(-0.56 %),206890,18385935000,35700,3179200000,13860427,39.38
27/10/2009,79970,7012940000,88(-1.12 %),130850,11486380000,50880,4473440000,13780457,39.43
28/10/2009,7070,622115000,87.5(-0.57 %),31120,2731070000,24050,2108955000,13773387,39.44
29/10/2009,25070,2083095000,85(-2.86 %),87210,7361315000,62140,5278220000,13748317,39.45
30/10/2009,-7740,-628825000,86(1.18 %),58300,5006350000,66040,5635175000,13756057,39.45
02/11/2009,-48720,-4000055000,82(-4.65 %),114470,9425860000,163190,13425915000,13804777,39.41
03/11/2009,10410,848040000,81(-1.22 %),13210,1081950000,2800,233910000,13794367,39.42
04/11/2009,70210,5761105000,82(1.23 %),144930,11861910000,74720,6100805000,13724157,39.47
05/11/2009,39340,3296655000,84.5(3.05 %),54600,4576365000,15260,1279710000,13684817,39.5
06/11/2009,-10720,-857705000,82(-2.96 %),23360,1974000000,34080,2831705000,13695537,39.49
09/11/2009,36580,3003755000,81.5(-0.61 %),43180,3548255000,6600,544500000,13658957,39.52
10/11/2009,32890,2662625000,80(-1.84 %),38680,3135800000,5790,473175000,13626067,39.54
11/11/2009,118150,9576840000,82(2.50 %),118150,9576840000,0,0,13507917,39.62
12/11/2009,142380,11897395000,84(2.44 %),143030,11951670000,650,54275000,13365537,39.72
13/11/2009,-26360,-2171200000,84(0.00 %),52830,4379975000,79190,6551175000,13391897,39.7
16/11/2009,220600,18335950000,82(-2.38 %),236730,19681670000,16130,1345720000,13171297,39.85
17/11/2009,115640,9543520000,82.5(0.61 %),130700,10786110000,15060,1242590000,13055657,39.94
18/11/2009,116460,9668790000,83(0.61 %),157240,13045530000,40780,3376740000,12939197,40.02
19/11/2009,59130,4948475000,84(1.20 %),83470,6977395000,24340,2028920000,12880067,40.06
20/11/2009,3170,264650000,84(0.00 %),45300,3763795000,42130,3499145000,12876897,40.06
23/11/2009,-61530,-5014085000,82(-2.38 %),11350,915175000,72880,5929260000,12938427,40.02
24/11/2009,29770,2401410000,80(-2.44 %),30420,2454060000,650,52650000,12908657,40.04
25/11/2009,-1450,-22380000,76(-5.00 %),85440,6596740000,86890,6619120000,12910107,39.95
26/11/2009,116360,8432965000,72.5(-4.61 %),155060,11241850000,38700,2808885000,12793747,40.03
27/11/2009,177220,12858690000,76(4.83 %),196910,14219010000,19690,1360320000,12616527,40.16
30/11/2009,72530,5714520000,79.5(4.61 %),77530,6102115000,5000,387595000,12543997,40.21
01/12/2009,8920,706680000,79.5(0.00 %),19600,1565620000,10680,858940000,12535077,40.21
02/12/2009,-7160,-571460000,78(-1.89 %),11410,891475000,18570,1462935000,12542237,40.21
03/12/2009,-132640,-10075260000,76(-2.56 %),68600,5272460000,201240,15347720000,12674877,40.11
04/12/2009,-51860,-3920030000,76(0.00 %),122150,9346630000,174010,13266660000,12726737,40.08
07/12/2009,9360,749900000,77.5(1.97 %),59480,4591400000,50120,3841500000,12717377,40.08
08/12/2009,-880,-60570000,76.5(-1.29 %),36550,2797825000,37430,2858395000,12718257,40.08
09/12/2009,26330,1894100000,73.5(-3.92 %),91450,6680905000,65120,4786805000,12691927,40.1
10/12/2009,-60880,-4460765000,73(-0.68 %),61050,4484200000,121930,8944965000,12752807,40.06
11/12/2009,103890,7435020000,72(-1.37 %),104810,7500080000,920,65060000,12648917,40.13
14/12/2009,19400,1426800000,74(4.96 %),22500,1653000000,3100,226200000,12629517,40.15
15/12/2009,28850,2142400000,74.5(0.68 %),44100,3273525000,15250,1131125000,12600667,40.17
16/12/2009,-7950,-523395000,72(-3.36 %),95940,7021655000,103890,7545050000,12608617,40.16
17/12/2009,-116550,-8082300000,70(-2.78 %),46180,3212570000,162730,11294870000,12725167,40.08
18/12/2009,-359970,-24890625000,67(-4.29 %),98130,6844760000,458100,31735385000,13085137,39.83
21/12/2009,-32330,-2263100000,70(4.48 %),2400,168000000,34730,2431100000,13117467,39.8
22/12/2009,-50970,-3746295000,73.5(5.00 %),32970,2423295000,83940,6169590000,13168437,39.77
23/12/2009,-9450,-732585000,77(4.76 %),67840,5211710000,77290,5944295000,13177887,39.76
24/12/2009,61060,4711690000,79(2.60 %),97690,7569710000,36630,2858020000,13116827,39.8
25/12/2009,19750,1575495000,81(2.53 %),40720,3277050000,20970,1701555000,13097077,39.82
28/12/2009,135020,10927930000,79(-2.47 %),178440,14429810000,43420,3501880000,12962057,39.91
29/12/2009,48120,3727800000,77(-2.53 %),57420,4457430000,9300,729630000,12913937,39.95
30/12/2009,11870,918590000,78(1.30 %),22370,1732090000,10500,813500000,12902067,39.96
31/12/2009,-14070,-1085420000,79(1.28 %),50800,3998200000,64870,5083620000,12916137,39.95
04/01/2010,-7720,-638620000,82.5(4.43 %),47280,3841380000,55000,4480000000,12923857,39.94
05/01/2010,72070,6009795000,82.5(0.00 %),73830,6160265000,1760,150470000,12851787,39.99
06/01/2010,15730,1298070000,81(-1.82 %),30360,2498680000,14630,1200610000,12836057,40.0
07/01/2010,13250,1064940000,80.5(-0.62 %),27270,2200410000,14020,1135470000,12822807,40.01
08/01/2010,26200,2066210000,78(-3.11 %),35290,2811590000,9090,745380000,12796607,40.03
11/01/2010,-5270,-378145000,77.5(-0.64 %),27220,2125440000,32490,2503585000,12801877,40.03
12/01/2010,47720,3650055000,76(-1.94 %),70680,5424790000,22960,1774735000,12754157,40.06
13/01/2010,51200,3893280000,78.5(3.29 %),64600,4912830000,13400,1019550000,12702957,40.09
14/01/2010,32400,2559300000,79(0.64 %),33300,2631300000,900,72000000,12670557,40.12
15/01/2010,-17410,-1337930000,77.5(-1.90 %),38250,3001850000,55660,4339780000,12687967,40.11
18/01/2010,26000,1992000000,76(-1.94 %),31000,2374500000,5000,382500000,12661967,40.12
19/01/2010,57830,4498630000,77.5(1.97 %),61080,4751380000,3250,252750000,12604137,40.16
20/01/2010,74500,5872990000,79(1.94 %),261232,20718184000,186732,14845194000,12529637,40.22
21/01/2010,-46600,-3630855000,78(-1.27 %),62710,4891550000,109310,8522405000,12576237,40.18
22/01/2010,-19710,-1516640000,78(0.00 %),24280,1889325000,43990,3405965000,12595947,40.17
25/01/2010,3140,246385000,78.5(0.64 %),6190,484285000,3050,237900000,12592807,40.17
26/01/2010,-16780,-1346030000,81(3.18 %),4600,369000000,21380,1715030000,12609587,40.16
27/01/2010,-95460,-7499120000,78(-3.70 %),8380,660705000,103840,8159825000,12705047,40.09
28/01/2010,4000,312000000,78(0.00 %),4000,312000000,0,0,12701047,40.1
29/01/2010,-31270,-2414975000,77(-1.28 %),7180,554200000,38450,2969175000,12732317,40.07
01/02/2010,54950,4298825000,78(1.30 %),61950,4838325000,7000,539500000,12677367,40.11
02/02/2010,136000,10935415000,81(3.85 %),165710,13312465000,29710,2377050000,12541367,40.21
03/02/2010,274480,23026140000,84.5(4.32 %),314580,26360500000,40100,3334360000,12266887,40.4
04/02/2010,78360,6594320000,84.5(0.00 %),131730,11084150000,53370,4489830000,12188527,40.46
05/02/2010,-54220,-4377090000,81(-4.14 %),69480,5743555000,123700,10120645000,12242747,40.42
08/02/2010,-41670,-3391435000,83(2.47 %),5680,465490000,47350,3856925000,12284417,40.39
09/02/2010,-152510,-12267480000,79.5(-4.22 %),1110,90445000,153620,12357925000,12436927,40.28
10/02/2010,46890,3839185000,82(3.14 %),46890,3839185000,0,0,12390037,40.31
11/02/2010,40130,3367980000,83.5(1.83 %),100630,8364730000,60500,4996750000,12349907,40.34
12/02/2010,95820,8088030000,84(0.60 %),170110,14331930000,74290,6243900000,12254087,40.41
22/02/2010,32490,2734430000,83.5(-0.60 %),99490,8356320000,67000,5621890000,12221597,40.43
23/02/2010,-19600,-1585160000,80.5(-3.59 %),30490,2477135000,50090,4062295000,12241197,40.42
24/02/2010,-84120,-6777485000,80.5(0.00 %),55850,4492045000,139970,11269530000,12325317,40.36
25/02/2010,-122460,-9801100000,80.5(0.00 %),114990,9271495000,237450,19072595000,12447777,40.27
26/02/2010,-367300,-28860530000,78(-3.11 %),282930,22212115000,650230,51072645000,13423439,40.02
01/03/2010,20820,1665575000,80(2.56 %),32570,2605600000,11750,940025000,13402619,39.6
02/03/2010,50910,4072395000,80(0.00 %),123290,9861295000,72380,5788900000,13351709,39.64
03/03/2010,85880,6938320000,81(1.25 %),121720,9838610000,35840,2900290000,13265829,39.7
04/03/2010,47020,3891005000,82.5(1.85 %),127800,10503195000,80780,6612190000,13218809,39.73
05/03/2010,22120,1816400000,82(-0.61 %),105020,8620200000,82900,6803800000,13196689,39.75
08/03/2010,38920,3254155000,82.5(0.61 %),84110,6972520000,45190,3718365000,13157769,39.78
09/03/2010,-52140,-4351570000,84(1.82 %),80580,6724190000,132720,11075760000,13209909,39.74
10/03/2010,10780,985570000,88(4.76 %),96470,8323725000,85690,7338155000,13199129,39.75
11/03/2010,24930,2218985000,89(1.14 %),27660,2461070000,2730,242085000,13174199,39.76
12/03/2010,67230,5965780000,89(0.00 %),76360,6778450000,9130,812670000,13106969,39.81
15/03/2010,-35650,-3118835000,88(-1.12 %),18430,1625585000,54080,4744420000,13142619,39.79
16/03/2010,5860,498155000,84(-4.55 %),10770,915670000,4910,417515000,13136759,39.79
17/03/2010,105100,8935670000,84.5(0.60 %),117130,9959705000,12030,1024035000,13031659,39.86
18/03/2010,2450,202570000,86.5(2.37 %),17500,1486250000,15050,1283680000,13029209,39.87
19/03/2010,105070,9077045000,86(-0.58 %),143620,12398615000,38550,3321570000,12924139,39.94
22/03/2010,-45610,-3834800000,84(-2.33 %),10370,883795000,55980,4718595000,12969749,39.91
23/03/2010,17960,1500320000,83(-1.19 %),17960,1500320000,0,0,12951789,39.92
24/03/2010,185130,15718530000,85(2.41 %),192130,16312780000,7000,594250000,12766659,40.05
25/03/2010,146850,12384255000,83.5(-1.76 %),152420,12849700000,5570,465445000,12619809,40.15
26/03/2010,-80600,-6677010000,83(-0.60 %),23340,1939490000,103940,8616500000,12700409,40.1
29/03/2010,-25940,-2178040000,84.5(1.81 %),5150,430175000,31090,2608215000,12726349,40.08
30/03/2010,-122600,-10218255000,83.5(-1.18 %),58130,4842150000,180730,15060405000,12848949,39.99
31/03/2010,9880,828170000,83.5(0.00 %),71540,5996035000,61660,5167865000,12839069,40.0
01/04/2010,84190,7086955000,85(1.80 %),212210,17926665000,128020,10839710000,12754879,40.06
02/04/2010,-6250,-541205000,86(1.18 %),68840,5911535000,75090,6452740000,12761129,40.05
05/04/2010,45500,3925200000,86(0.00 %),67590,5835035000,22090,1909835000,12715629,40.09
06/04/2010,-220,1650000,86(0.00 %),61560,5335410000,61780,5333760000,12715849,40.09
07/04/2010,-31620,-2726920000,86.5(0.58 %),17990,1551290000,49610,4278210000,12747469,40.06
08/04/2010,-55650,-4801345000,86(-0.58 %),35700,3077705000,91350,7879050000,12803119,40.02
09/04/2010,-3890,-335540000,86(0.00 %),18710,1609060000,22600,1944600000,12807009,40.02
12/04/2010,-11770,-1028300000,87(1.16 %),14740,1277310000,26510,2305610000,12818779,40.01
13/04/2010,-3890,-342790000,87(0.00 %),122070,10620090000,125960,10962880000,12822669,40.01
14/04/2010,-14650,-1286820000,87.5(0.57 %),13250,1151730000,27900,2438550000,12837319,40.0
15/04/2010,78890,6904320000,87.5(0.00 %),125740,11011120000,46850,4106800000,12758429,40.06
16/04/2010,-26930,-2348230000,87(-0.57 %),33300,2906710000,60230,5254940000,12785359,40.04
19/04/2010,-136770,-11798310000,86(-1.15 %),2220,192520000,138990,11990830000,12922129,39.94
20/04/2010,-50220,-4303090000,86(0.00 %),600,51300000,50820,4354390000,12972349,39.91
21/04/2010,-74810,-6424410000,86(0.00 %),30340,2608490000,105150,9032900000,13047159,39.85
22/04/2010,-44350,-3891805000,88(2.33 %),65520,5687275000,109870,9579080000,13091509,39.82
26/04/2010,109540,9681190000,88.5(0.57 %),230050,20340080000,120510,10658890000,12981969,39.9
27/04/2010,-125310,-11108600000,88.5(0.00 %),47650,4223675000,172960,15332275000,13107279,39.81
28/04/2010,-65490,-5770760000,88.5(0.00 %),13890,1222770000,79380,6993530000,13172769,39.77
04/05/2010,-11130,-991415000,88.5(0.57 %),19160,1707615000,30290,2699030000,13183899,39.76
05/05/2010,-172890,-15288265000,89(0.56 %),26740,2363855000,199630,17652120000,13356789,39.64
06/05/2010,-246440,-21636230000,87.5(-1.69 %),6870,604970000,253310,22241200000,13603229,39.46
07/05/2010,-3090,-266150000,86.5(-1.14 %),1789390,149452805000,1792480,149718955000,13606319,39.46
10/05/2010,-188000,-15990865000,85.5(-1.16 %),22520,1931435000,210520,17922300000,13794319,39.33
11/05/2010,-32690,-2122980000,64(0.00 %),24200,1586100000,56890,3709080000,13827009,39.31
12/05/2010,-30050,-1897310000,62.5(-2.34 %),21870,1397020000,51920,3294330000,13857059,39.29
13/05/2010,32100,2023130000,63.5(1.60 %),32590,2054420000,490,31290000,13824959,39.31
14/05/2010,-6380,-404635000,63.5(0.00 %),12080,770405000,18460,1175040000,13831339,39.3
17/05/2010,-63080,-3871620000,61(-3.94 %),13020,818445000,76100,4690065000,13894419,39.26
18/05/2010,-139800,-8462715000,61(0.00 %),12350,752875000,152150,9215590000,14034219,39.16
19/05/2010,-165580,-9883100000,59.5(-2.46 %),15100,897175000,180680,10780275000,14199799,39.05
20/05/2010,22200,1354060000,61.5(3.36 %),24300,1479940000,2100,125880000,14177599,39.06
21/05/2010,-55300,-3322280000,59(-4.07 %),37040,2209380000,92340,5531660000,14232899,39.02
24/05/2010,10610,655135000,61.5(4.24 %),28820,1765340000,18210,1110205000,14222289,39.03
25/05/2010,103320,6621505000,64.5(4.88 %),134980,8654050000,31660,2032545000,14118969,39.1
26/05/2010,-43660,-2822855000,64.5(0.00 %),65120,4232525000,108780,7055380000,14162629,39.07
27/05/2010,-40070,-2579375000,65.5(1.55 %),138500,8925390000,178570,11504765000,14202699,39.04
28/05/2010,-38510,-2546015000,66(0.76 %),83090,5509685000,121600,8055700000,14241209,39.02
31/05/2010,71820,4696790000,65(-1.52 %),107960,7059140000,36140,2362350000,14169389,39.07
01/06/2010,90440,5901515000,66(1.54 %),183690,12022145000,93250,6120630000,14078949,39.13
02/06/2010,111240,7347700000,66(0.00 %),268480,17701255000,157240,10353555000,13967709,39.21
03/06/2010,162380,10791540000,66.5(0.76 %),282380,18771540000,120000,7980000000,13805329,39.32
04/06/2010,115830,7763050000,67(0.75 %),171280,11478260000,55450,3715210000,13689499,39.4
07/06/2010,-23890,-1543255000,64.5(-3.73 %),123940,8093895000,147830,9637150000,13713389,39.39
08/06/2010,44950,2898045000,65(0.78 %),122360,7905990000,77410,5007945000,13668439,39.42
09/06/2010,72500,4788810000,66(1.54 %),320180,21135880000,247680,16347070000,13595939,39.47
10/06/2010,75350,5034620000,66.5(0.76 %),112350,7506600000,37000,2471980000,13520589,39.52
11/06/2010,41600,2794350000,67(0.75 %),205457,13307770000,163857,10513420000,13478989,39.55
14/06/2010,45000,3064090000,68.5(2.24 %),168030,11437630000,123030,8373540000,13433989,39.58
15/06/2010,-13710,-913075000,66.5(-2.92 %),63350,4236690000,77060,5149765000,13447699,39.57
16/06/2010,35360,2370675000,67.5(1.50 %),57250,3842875000,21890,1472200000,13412339,39.6
17/06/2010,168880,11516640000,68.5(1.48 %),347408,23418581000,178528,11901941000,13243459,39.72
18/06/2010,66480,4562250000,67.5(-1.46 %),159680,10915870000,93200,6353620000,12956259,39.92
21/06/2010,36080,2479690000,69(2.22 %),177280,12172910000,141200,9693220000,13207379,39.74
22/06/2010,184640,12808005000,70(1.45 %),260690,18102325000,76050,5294320000,13022739,39.87
23/06/2010,-18800,-1277005000,67.5(-3.57 %),55600,3814470000,74400,5091475000,13041539,39.86
24/06/2010,139000,9680315000,69.5(2.96 %),295820,20582055000,156820,10901740000,12902539,39.96
25/06/2010,46420,3200460000,68.5(-1.44 %),97850,6725580000,51430,3525120000,12856119,39.99
28/06/2010,4060,276005000,68(-0.73 %),39250,2669000000,35190,2392995000,12852059,39.99
29/06/2010,474450,33089660000,69.5(2.21 %),668680,46619080000,194230,13529420000,12377609,40.32
30/06/2010,37550,2591745000,69(-0.72 %),99390,6854695000,61840,4262950000,12340059,40.35
01/07/2010,159000,11024280000,70(1.45 %),273840,19005600000,114840,7981320000,12181059,40.46
02/07/2010,-23930,-1621945000,68(-2.86 %),71850,4919815000,95780,6541760000,12204989,40.44
05/07/2010,-7560,-520315000,68.5(0.74 %),124390,8518470000,131950,9038785000,12212549,40.44
06/07/2010,133330,9140760000,68(-0.73 %),239650,16411440000,106320,7270680000,12079219,40.53
07/07/2010,39880,2726190000,67.5(-0.74 %),91700,6251550000,51820,3525360000,12039339,40.56
08/07/2010,123880,8596570000,69.5(2.96 %),159040,11016330000,35160,2419760000,11915459,40.65
09/07/2010,18570,1282140000,69(-0.72 %),25800,1782850000,7230,500710000,11896889,40.66
12/07/2010,10370,704355000,68.5(-0.72 %),35980,2446875000,25610,1742520000,17636006,27.48
13/07/2010,376650,26205185000,69.5(1.46 %),526200,36601890000,149550,10396705000,17259356,39.93
14/07/2010,-12280,-838170000,68.5(-1.44 %),9900,684650000,22180,1522820000,17271636,39.92
15/07/2010,70710,4888060000,69.5(1.46 %),139280,9609130000,68570,4721070000,17200926,39.96
16/07/2010,27990,1939560000,69.5(0.00 %),49090,3405510000,21100,1465950000,17172936,39.97
19/07/2010,107670,7493105000,70(0.72 %),112120,7802330000,4450,309225000,17065266,40.03
20/07/2010,110440,7703790000,70(0.00 %),121650,8485290000,11210,781500000,16954826,40.09
21/07/2010,37380,2598310000,69.5(-0.71 %),116240,8054650000,78860,5456340000,16917446,40.11
22/07/2010,461840,32329235000,70(0.72 %),490900,34363435000,29060,2034200000,16455606,40.35
23/07/2010,102310,7177755000,70.5(0.71 %),154490,10840895000,52180,3663140000,16353296,40.4
26/07/2010,6880,487410000,69.5(-1.42 %),49500,3462165000,42620,2974755000,16346416,40.41
27/07/2010,504490,36398285000,72.5(4.32 %),646850,46668020000,142360,10269735000,15841926,40.67
28/07/2010,-33100,-2353890000,71(-2.07 %),116030,8244265000,149130,10598155000,15875026,40.65
29/07/2010,433060,32075550000,74.5(4.93 %),587020,43308930000,153960,11233380000,15441966,40.88
30/07/2010,408180,31587685000,77(3.36 %),516920,39893975000,108740,8306290000,15033786,41.1
02/08/2010,5690,397200000,76.5(-0.65 %),60480,4599430000,54790,4202230000,15028096,41.1
03/08/2010,257360,20458380000,78(1.96 %),339780,26928030000,82420,6469650000,14770736,41.23
04/08/2010,-36000,-2714185000,75.5(-3.21 %),103470,7829690000,139470,10543875000,14806736,41.22
05/08/2010,224180,17601445000,79(4.64 %),268570,21081865000,44390,3480420000,14582556,41.33
06/08/2010,-153650,-11750375000,77(-2.53 %),77320,5949160000,230970,17699535000,14736206,41.25
09/08/2010,-54640,-4101715000,75(-2.60 %),47490,3588100000,102130,7689815000,14790846,41.22
10/08/2010,-77630,-5709465000,74(-1.33 %),43330,3200485000,120960,8909950000,14868476,41.18
11/08/2010,3880,290410000,74(1.37 %),3880,290410000,0,0,15331575,41.02
12/08/2010,44070,3241115000,71(-4.05 %),91530,6655955000,47460,3414840000,14820526,41.21
13/08/2010,-40820,-2876590000,71(0.00 %),24860,1750550000,65680,4627140000,15608425,40.37
16/08/2010,-31510,-2248745000,73.5(3.52 %),48120,3441060000,79630,5689805000,15639935,40.86
17/08/2010,81880,6072565000,75(2.04 %),127310,9439480000,45430,3366915000,15558055,40.91
18/08/2010,29310,2145090000,72.5(-3.33 %),47090,3450310000,17780,1305220000,15528745,40.92
19/08/2010,38530,2775245000,72(-0.69 %),74500,5364900000,35970,2589655000,15490215,40.94
20/08/2010,99970,7475920000,75(4.17 %),109130,8141940000,9160,666020000,15390245,40.99
23/08/2010,54790,4037335000,73(-2.67 %),103000,7586755000,48210,3549420000,15335455,41.02
24/08/2010,123860,8687320000,70(-4.11 %),154760,10862790000,30900,2175470000,15211595,41.09
25/08/2010,-41040,-2751445000,69.5(-0.71 %),73670,5131670000,114710,7883115000,15252635,41.06
26/08/2010,-23610,-1647020000,70(0.72 %),95610,6681635000,119220,8328655000,15276245,41.05
27/08/2010,-9520,-670725000,70(0.00 %),31360,2189995000,40880,2860720000,15285765,41.05
30/08/2010,-86150,-6228600000,72(2.86 %),41540,3003970000,127690,9232570000,15371915,41.0
31/08/2010,503040,37181230000,75(4.17 %),578120,42701770000,75080,5520540000,14868875,41.26
01/09/2010,-133470,-9567300000,74.5(-0.67 %),104420,7603550000,237890,17170850000,15002345,41.19
06/09/2010,362690,27513160000,74(-0.67 %),424170,32186575000,61480,4673415000,14639655,41.22
07/09/2010,30850,2273020000,73(-1.35 %),202370,14859685000,171520,12586665000,14608805,41.43
08/09/2010,12370,893660000,72.5(-0.68 %),149530,10828625000,137160,9934965000,14596435,41.44
09/09/2010,90690,6637175000,73.5(1.38 %),95330,6976805000,4640,339630000,14505745,41.48
10/09/2010,74550,5424105000,72.5(-1.36 %),163638,11748590000,89088,6324485000,14431195,41.52
13/09/2010,59020,4293860000,73(0.69 %),66500,4839900000,7480,546040000,14372175,41.55
14/09/2010,5490,395695000,73(0.00 %),18680,1356775000,13190,961080000,14366685,41.56
15/09/2010,28960,2120555000,73(0.00 %),93110,6792760000,64150,4672205000,14337725,41.57
16/09/2010,55080,4003335000,72(-1.37 %),89430,6502390000,34350,2499055000,14282645,41.6
17/09/2010,46860,3405870000,73.5(2.08 %),121850,8866620000,74990,5460750000,14235785,41.62
20/09/2010,30950,2259350000,73(-0.68 %),31360,2289280000,410,29930000,14204835,41.64
21/09/2010,32830,2386535000,72(-1.37 %),115980,8383055000,83150,5996520000,14172005,41.66
22/09/2010,86260,6166800000,71.5(-0.69 %),166900,11936880000,80640,5770080000,14085745,41.7
23/09/2010,137920,9858155000,71.5(0.00 %),230720,16495855000,92800,6637700000,13947825,41.77
24/09/2010,-12870,-909605000,70.5(-1.40 %),61200,4319600000,74070,5229205000,13960695,41.77
27/09/2010,-21730,-1525840000,70(-0.71 %),83470,5861750000,105200,7387590000,13982425,41.75
28/09/2010,54330,3855055000,71(1.43 %),168850,11978475000,114520,8123420000,13928095,41.78
29/09/2010,520,44345000,70.5(-0.70 %),154000,10890625000,153480,10846280000,13927575,41.78
30/09/2010,107240,7634405000,71(0.71 %),246550,17547420000,139310,9913015000,13820335,41.84
01/10/2010,58790,4183805000,71(0.00 %),181270,12842475000,122480,8658670000,13761545,41.87
04/10/2010,111150,7860800000,71(0.00 %),215190,15208225000,104040,7347425000,13650395,41.93
05/10/2010,169200,12036050000,72(1.41 %),297500,21148200000,128300,9112150000,13481195,42.01
06/10/2010,111680,8055260000,72.5(0.69 %),228620,16485920000,116940,8430660000,13369515,42.07
07/10/2010,217770,15925980000,73.5(1.38 %),419130,30704605000,201360,14778625000,13151745,42.18
08/10/2010,59030,4314820000,73(-0.68 %),178970,13087210000,119940,8772390000,13092715,42.22
11/10/2010,26070,1880625000,72(-1.37 %),86480,6250350000,60410,4369725000,13066645,42.23
12/10/2010,42740,3056570000,71.5(-0.69 %),54090,3868095000,11350,811525000,13023905,42.25
13/10/2010,158020,11369820000,72.5(1.40 %),293030,21063685000,135010,9693865000,12865885,42.33
14/10/2010,137500,10025805000,73(0.69 %),187500,13670805000,50000,3645000000,12728385,42.4
15/10/2010,-176560,-12604350000,71.5(-2.05 %),161910,11558280000,338470,24162630000,12904945,42.31
18/10/2010,-3580,-254915000,71.5(0.00 %),111690,8015020000,115270,8269935000,12908525,42.31
19/10/2010,48020,3455900000,71.5(0.00 %),225130,16165510000,177110,12709610000,12860505,42.34
20/10/2010,-46120,-3241630000,70.5(-1.40 %),66090,4642240000,112210,7883870000,12906625,42.31
21/10/2010,-21720,-1502815000,69.5(-1.42 %),113280,7926270000,135000,9429085000,12928345,42.3
22/10/2010,3130,215855000,69.5(0.00 %),78730,5460555000,75600,5244700000,12925215,42.3
25/10/2010,73970,5109880000,69.5(0.00 %),191200,13235870000,117230,8125990000,12851245,42.34
26/10/2010,205850,14689545000,71.5(2.88 %),311410,22201785000,105560,7512240000,12645395,42.45
27/10/2010,386650,28121160000,72.5(1.40 %),533710,38813970000,147060,10692810000,12258745,42.65
28/10/2010,320000,23403385000,73.5(1.38 %),480100,35105735000,160100,11702350000,11938745,42.81
29/10/2010,507950,38360890000,76.5(4.08 %),1224210,91284410000,716260,52923520000,11430795,43.08
01/11/2010,174010,12935675000,74.5(-2.61 %),180580,13437340000,6570,501665000,11256785,43.17
02/11/2010,83190,6101160000,73(-2.01 %),83630,6133720000,440,32560000,11173595,43.21
03/11/2010,99650,7251915000,73(0.00 %),101410,7379515000,1760,127600000,11073945,43.26
04/11/2010,24650,1805280000,73.5(0.68 %),35230,2577620000,10580,772340000,11049295,43.27
05/11/2010,403390,30253810000,76(3.40 %),479690,35923060000,76300,5669250000,10645905,43.48
08/11/2010,-3320,-110760000,72.5(-4.61 %),133240,9847965000,136560,9958725000,10649225,43.48
09/11/2010,291130,21290725000,73(0.69 %),831420,60461895000,540290,39171170000,10358095,43.63
10/11/2010,228970,16863455000,74(1.37 %),248010,18263145000,19040,1399690000,10129125,43.75
11/11/2010,29820,2177400000,72.5(-2.03 %),37820,2757400000,8000,580000000,10099305,43.77
12/11/2010,89390,6397070000,72(-0.69 %),127380,9099760000,37990,2702690000,10009915,43.81
15/11/2010,52040,3663190000,70(-2.78 %),65700,4639950000,13660,976760000,9957875,43.84
16/11/2010,161350,11276095000,69.5(-0.71 %),187580,13112080000,26230,1835985000,9796525,43.92
17/11/2010,14120,1010330000,68.5(-1.44 %),688470,47850290000,674350,46839960000,9782405,43.93
18/11/2010,32030,2256250000,69(0.73 %),139760,9718640000,107730,7462390000,9750375,43.95
19/11/2010,-71270,-4866185000,68(-1.45 %),184520,12707800000,255790,17573985000,9821645,43.91
22/11/2010,58290,3983485000,69(1.47 %),221350,15098005000,163060,11114520000,9763355,43.94
23/11/2010,101490,7102215000,70(1.45 %),159090,11127415000,57600,4025200000,9661865,43.99
24/11/2010,86090,6085845000,71(1.43 %),90740,6415995000,4650,330150000,9575775,44.04
25/11/2010,47460,3338440000,70(-1.41 %),147760,10109640000,100300,6771200000,9528315,44.06
26/11/2010,-18900,-1292925000,68.5(-2.14 %),606610,42433760000,625510,43726685000,9547215,44.05
29/11/2010,108920,7660195000,70.5(2.92 %),158710,11140445000,49790,3480250000,9438295,44.11
30/11/2010,147540,10681430000,70(-0.71 %),193890,13955330000,46350,3273900000,9290755,44.19
01/12/2010,194450,13505695000,68.5(-2.14 %),484090,33589345000,289640,20083650000,9096305,44.29
02/12/2010,49910,3431390000,69(0.73 %),93790,6467055000,43880,3035665000,9046395,44.31
03/12/2010,9610,694070000,69(0.00 %),122920,8528805000,113310,7834735000,9036785,44.32
06/12/2010,150880,10285580000,68.5(-0.72 %),946340,65106040000,795460,54820460000,8885905,44.4
07/12/2010,68800,4675465000,67.5(-1.46 %),198430,13517875000,129630,8842410000,8817105,44.43
08/12/2010,42870,2892340000,67(-0.74 %),44540,3005560000,1670,113220000,8774235,44.45
09/12/2010,47270,3197230000,68(1.49 %),77600,5234415000,30330,2037185000,8726965,44.48
10/12/2010,69370,4721985000,68.5(0.74 %),233380,15917670000,164010,11195685000,8657595,44.51
13/12/2010,-79500,-5516720000,69.5(1.46 %),117710,8155975000,197210,13672695000,8737095,44.47
14/12/2010,87130,6001395000,69(-0.72 %),629360,43497705000,542230,37496310000,8649965,44.52
15/12/2010,15630,1114975000,67.5(-2.17 %),211810,14436975000,196180,13322000000,8634335,44.53
16/12/2010,-182960,-12115190000,65.5(-2.96 %),138250,9181025000,321210,21296215000,8817295,44.43
17/12/2010,-109090,-7156495000,66(0.76 %),124840,8220210000,233930,15376705000,8926385,44.37
20/12/2010,-40270,-2609165000,66(0.00 %),125770,8277520000,166040,10886685000,8966655,44.35
21/12/2010,-173770,-11256290000,65(-1.52 %),499200,32551374000,672970,43807664000,9140425,44.26
22/12/2010,-54700,-3571655000,64.5(-0.77 %),75340,4871100000,130040,8442755000,9195125,44.24
23/12/2010,-243020,-15504610000,65(0.78 %),182110,11776370000,425130,27280980000,9438145,44.11
24/12/2010,26930,1736850000,64.5(-0.77 %),168450,10880380000,141520,9143530000,9411215,44.12
27/12/2010,14560,943885000,64.5(0.00 %),144260,9291535000,129700,8347650000,9396655,44.13
28/12/2010,-28530,-1833790000,65(0.78 %),138060,8931430000,166590,10765220000,9425185,44.12
29/12/2010,-115100,-7386905000,64.5(-0.77 %),154200,9927160000,269300,17314065000,9540285,44.06
30/12/2010,-300160,-19080110000,63.5(-1.55 %),118220,7543650000,418380,26623760000,9840445,43.9
31/12/2010,-45960,-2934200000,64.5(1.57 %),51280,3294280000,97240,6228480000,9886405,43.88
04/01/2011,-130610,-8302725000,63.5(-1.55 %),79390,5085445000,210000,13388170000,10017015,43.81
05/01/2011,-48150,-3037530000,62.5(-1.57 %),128380,8080240000,176530,11117770000,10065165,43.78
06/01/2011,17200,1072330000,62.5(0.00 %),28100,1757700000,10900,685370000,10047965,43.79
07/01/2011,-260700,-16218845000,62(-0.80 %),101690,6310440000,362390,22529285000,10308665,43.66
10/01/2011,-30380,-1947860000,62.5(0.81 %),97840,6124270000,128220,8072130000,10339045,43.64
11/01/2011,116680,7254515000,62.5(0.00 %),440870,27364185000,324190,20109670000,10222365,43.7
12/01/2011,-283300,-17435055000,61(-2.40 %),50220,3087705000,333520,20522760000,10505665,43.56
13/01/2011,32830,2004635000,60.5(-0.82 %),84890,5180115000,52060,3175480000,10472835,43.57
14/01/2011,-38500,-2451750000,63.5(4.96 %),69100,4348750000,107600,6800500000,10511335,43.55
17/01/2011,-50910,-3353650000,65(2.36 %),158640,10543935000,209550,13897585000,10562245,43.53
18/01/2011,192240,12540680000,65(0.00 %),223180,14573590000,30940,2032910000,10370005,43.63
19/01/2011,121630,7927955000,64.5(-0.77 %),203040,13233765000,81410,5305810000,10248375,43.69
20/01/2011,27170,1734005000,63.5(-1.55 %),73210,4667135000,46040,2933130000,10221205,43.7
21/01/2011,12470,806610000,64(0.79 %),113590,7307800000,101120,6501190000,10208735,43.71
24/01/2011,-57850,-3678520000,63(-1.56 %),140480,8918810000,198330,12597330000,10266585,43.68
25/01/2011,-9840,-576455000,62.5(-0.79 %),295650,18696175000,305490,19272630000,10276425,43.67
26/01/2011,-240850,-14938460000,62(-0.80 %),76570,4754840000,317420,19693300000,10517275,46.35
27/01/2011,98230,6454115000,65(4.84 %),304210,19429875000,205980,12975760000,10419045,43.6
28/01/2011,4220,322320000,63(-3.08 %),271180,17515190000,266960,17192870000,10414825,43.6
08/02/2011,-161000,-10293485000,63.5(0.79 %),218070,13950675000,379070,24244160000,10575825,43.52
09/02/2011,8830,611215000,63(-0.79 %),81240,5224300000,72410,4613085000,10566995,43.52
10/02/2011,-202240,-12687725000,62.5(-0.79 %),169310,10631880000,371550,23319605000,10769235,43.42
11/02/2011,-417970,-25924055000,62(-0.80 %),104780,6528550000,522750,32452605000,11187205,43.2
14/02/2011,-135140,-8306315000,61.5(-0.81 %),79650,4907330000,214790,13213645000,11322345,43.13
15/02/2011,-5160,-318475000,61.5(0.00 %),112380,6886780000,117540,7205255000,11327505,43.13
16/02/2011,-30060,-1852315000,61(-0.81 %),106490,6525245000,136550,8377560000,11357565,43.11
17/02/2011,87650,5327615000,61(0.00 %),91570,5566585000,3920,238970000,11269915,43.16
18/02/2011,-468480,-27584900000,58(-4.92 %),104410,6229970000,572890,33814870000,11738395,42.92
21/02/2011,25720,1433180000,55.5(-4.31 %),72500,4049470000,46780,2616290000,11712675,42.93
22/02/2011,88310,4705740000,54(-2.70 %),405370,21726760000,317060,17021020000,11624365,42.98
23/02/2011,-111980,-6034475000,53.5(-0.93 %),103060,5572410000,215040,11606885000,11736345,42.92
24/02/2011,65500,3414685000,53(-0.93 %),248520,12887530000,183020,9472845000,11670845,42.95
25/02/2011,133950,7275640000,55.5(4.72 %),210660,11408380000,76710,4132740000,11536895,43.02
28/02/2011,24790,1384680000,54(-2.70 %),436093,24138113000,411303,22753433000,11512105,43.03
01/03/2011,151320,8145135000,54.5(0.93 %),157220,8462315000,5900,317180000,11360785,43.11
02/03/2011,274770,14676300000,54(-0.92 %),308410,16468680000,33640,1792380000,11086015,43.26
03/03/2011,190460,10280110000,54(0.00 %),225270,12150115000,34810,1870005000,0,0.0
04/03/2011,90990,4925250000,54(0.00 %),209730,11347030000,118740,6421780000,0,0.0
07/03/2011,80440,4346125000,54(0.00 %),374310,20216060000,293870,15869935000,0,0.0
08/03/2011,153780,8384270000,55(1.85 %),174300,9502610000,20520,1118340000,0,0.0
09/03/2011,106980,5807990000,54(-1.82 %),186960,10105920000,79980,4297930000,0,0.0
10/03/2011,7230,393225000,54.5(0.93 %),427170,23150035000,419940,22756810000,0,0.0
11/03/2011,-31650,-1736170000,54(-0.92 %),263040,14276100000,294690,16012270000,0,0.0
14/03/2011,77260,4096280000,53(-1.85 %),130160,6900480000,52900,2804200000,0,0.0
15/03/2011,2020,108150000,52.5(-0.94 %),137620,7230550000,135600,7122400000,0,0.0
16/03/2011,79440,4182375000,52.5(0.00 %),413410,21816560000,333970,17634185000,10778665,43.41
17/03/2011,36440,1900230000,52(-0.95 %),242780,12678960000,206340,10778730000,10742225,43.43
18/03/2011,-135580,-7062985000,53(1.92 %),316360,16506165000,451940,23569150000,10877805,43.36
21/03/2011,18990,1004925000,53(0.00 %),177850,9428320000,158860,8423395000,10858815,43.37
22/03/2011,58210,3083965000,53(0.00 %),284210,15061200000,226000,11977235000,10800605,43.4
23/03/2011,52800,2799400000,53.5(0.94 %),154360,8188207000,101560,5388807000,10747805,43.43
24/03/2011,25110,1331220000,53(-0.93 %),37310,1977820000,12200,646600000,10722695,43.44
25/03/2011,-22530,-1168395000,52.5(-0.94 %),37470,1960545000,60000,3128940000,10745225,43.43
28/03/2011,-13280,-689720000,52(-0.95 %),11060,576080000,24340,1265800000,10758505,43.43
29/03/2011,2970,153575000,51.5(-0.96 %),7360,380040000,4390,226465000,10755535,43.43
30/03/2011,36220,1838720000,51(-0.97 %),65470,3330470000,29250,1491750000,10719315,43.45
31/03/2011,25740,1319480000,51(0.00 %),35880,1836770000,10140,517290000,10693575,43.46
01/04/2011,-25040,-1250204000,49.9(-2.16 %),40460,2032309000,65500,3282513000,11020448,43.29
04/04/2011,108120,5622240000,52(4.21 %),358120,18622240000,250000,13000000000,10912328,43.35
05/04/2011,128590,7008155000,54.5(4.81 %),296420,16154890000,167830,9146735000,10783738,43.41
06/04/2011,356880,20342160000,57(4.59 %),410080,23374560000,53200,3032400000,10426858,43.6
07/04/2011,798320,47246410000,57.5(0.88 %),1075880,63512020000,277560,16265610000,9628538,44.01
08/04/2011,3600,209545000,57.5(0.00 %),106080,6050060000,102480,5840515000,9624938,44.01
13/04/2011,43570,2430675000,55(-4.35 %),123910,6900225000,80340,4469550000,9581368,44.04
14/04/2011,24870,1370215000,53(-3.64 %),65060,3512160000,40190,2141945000,9556498,44.05
15/04/2011,7410,389030000,53(0.00 %),167860,8901980000,160450,8512950000,9549088,44.05
18/04/2011,-7280,-366905000,51.5(-2.83 %),49990,2620275000,57270,2987180000,9556368,44.05
19/04/2011,9460,479850000,51(-0.97 %),31310,1603125000,21850,1123275000,9546908,44.05
20/04/2011,-130760,-6609220000,50.5(-0.98 %),132380,6756065000,263140,13365285000,9677668,43.99
21/04/2011,-10340,-518670000,50.5(0.00 %),77160,3902080000,87500,4420750000,9688008,43.98
22/04/2011,-16680,-830860000,49.9(-1.19 %),28320,1443730000,45000,2274590000,9704688,43.97
25/04/2011,51530,2663155000,52(4.21 %),80860,4167655000,29330,1504500000,9653158,44.0
26/04/2011,115860,6018250000,51(-1.92 %),125540,6521610000,9680,503360000,9537298,44.06
27/04/2011,-52540,-2605120000,51(0.00 %),167120,8461855000,219660,11066975000,9589838,44.03
28/04/2011,-47450,-2375205000,50.5(-0.98 %),35560,1793410000,83010,4168615000,9637288,44.01
29/04/2011,47460,2427835000,51(0.99 %),150710,7706955000,103250,5279120000,9589828,44.03
04/05/2011,39150,2019400000,51.5(0.98 %),86260,4437730000,47110,2418330000,9252746,44.21
05/05/2011,87300,4485990000,51.5(0.98 %),87300,4485990000,0,0,9165446,44.25
06/05/2011,20660,1084360000,52(0.97 %),313990,16440070000,293330,15355710000,9144786,44.26
09/05/2011,-82320,-4268650000,53(1.92 %),188560,9898700000,270880,14167350000,9227106,44.22
10/05/2011,73110,3874830000,53(0.00 %),165110,8750830000,92000,4876000000,9153996,44.26
11/05/2011,48800,2568300000,52.5(-0.94 %),454500,23777550000,405700,21209250000,9105196,44.28
12/05/2011,83750,4381705000,52.5(0.00 %),198600,10409830000,114850,6028125000,9021446,44.33
13/05/2011,78490,4145825000,52.5(0.00 %),195350,10301025000,116860,6155200000,8942956,44.37
16/05/2011,33850,1769795000,51.5(-1.90 %),100540,5243225000,66690,3473430000,8909106,44.38
17/05/2011,43510,2252080000,51.5(0.00 %),89970,4645770000,46460,2393690000,8865596,44.41
18/05/2011,30170,1534885000,51(-0.97 %),72700,3686115000,42530,2151230000,8835426,44.42
19/05/2011,58040,2985260000,51.5(0.98 %),121070,6231055000,63030,3245795000,8777386,44.45
20/05/2011,-8820,-443178000,50.5(-1.94 %),182650,9170040000,191470,9613218000,8786206,44.45
23/05/2011,44910,2208046000,48(-4.95 %),173340,8450300000,128430,6242254000,8741296,44.47
24/05/2011,72660,3334053000,45.6(-5.00 %),195830,8990381000,123170,5656328000,8668636,44.51
25/05/2011,94490,4103591000,43.4(-4.82 %),235340,10223466000,140850,6119875000,8574146,44.56
26/05/2011,-27550,-1152925000,45.5(4.84 %),207790,8860165000,235340,10013090000,8601696,44.54
27/05/2011,-86160,-3929624000,45.6(0.22 %),135430,6199894000,221590,10129518000,8687856,44.5
30/05/2011,97240,4421528000,45.3(-0.66 %),172670,7854434000,75430,3432906000,8590616,44.55
31/05/2011,34630,1566295000,45.3(0.00 %),95800,4335023000,61170,2768728000,8555986,44.57
01/06/2011,89940,4254505000,47.5(4.86 %),320170,14775935000,230230,10521430000,8416899,44.64
02/06/2011,50200,2494895000,49.8(4.84 %),240030,11870080000,189830,9375185000,8366699,44.66
03/06/2011,284440,14214833000,50.5(1.41 %),398490,19920079000,114050,5705246000,8082259,44.81
06/06/2011,119250,5965070000,50(-0.99 %),270660,13542635000,151410,7577565000,7963009,44.87
07/06/2011,89680,4601528000,52(4.00 %),242110,12350527000,152430,7748999000,7873329,44.92
08/06/2011,80780,4306900000,51(-1.92 %),217180,11386025000,136400,7079125000,7792549,44.96
09/06/2011,8140,414555000,51(0.00 %),11280,573250000,3140,158695000,7784409,44.97
10/06/2011,-18880,-964470000,50.5(-0.98 %),55290,2814465000,74170,3778935000,7803289,44.96
13/06/2011,16830,850790000,50.5(0.00 %),84490,4250290000,67660,3399500000,7786459,44.97
14/06/2011,82420,4152885000,50(-0.99 %),187650,9495750000,105230,5342865000,7704039,45.01
15/06/2011,61790,3090977000,50(0.00 %),341000,17064477000,279210,13973500000,7642249,45.04
16/06/2011,10180,518235000,50.5(1.00 %),113770,5759011000,103590,5240776000,7632069,45.05
17/06/2011,59730,3059405000,50(-0.99 %),507620,25779126000,447890,22719721000,7572339,45.08
20/06/2011,23810,1198855000,49.5(-1.00 %),89080,4451300000,65270,3252445000,7548529,45.09
21/06/2011,65540,3277903000,50(1.01 %),95880,4794529000,30340,1516626000,7482989,45.12
22/06/2011,-20620,-1030181000,50.5(1.00 %),387180,19363449000,407800,20393630000,7503609,45.11
23/06/2011,67490,3376109000,49.7(-1.58 %),124930,6248809000,57440,2872700000,7436119,45.15
24/06/2011,-10540,-524239000,49.5(-0.40 %),68990,3432809000,79530,3957048000,7446659,45.14
27/06/2011,-41420,-2025569000,48.6(-1.82 %),53550,2635068000,94970,4660637000,7488079,45.12
28/06/2011,18010,878452000,49(0.82 %),225590,10967730000,207580,10089278000,7470069,45.13
29/06/2011,-49510,-2397250000,48.1(-1.84 %),177420,8663054000,226930,11060304000,7519579,45.1
30/06/2011,10060,481836000,48(-0.21 %),96200,4617948000,86140,4136112000,7509519,45.11
01/07/2011,-44980,-2124097000,46.6(-2.92 %),61300,2915880000,106280,5039977000,7671400,45.02
04/07/2011,-89450,-4119664000,46(-1.29 %),216600,10022219000,306050,14141883000,7760850,44.98
05/07/2011,-118240,-5451441000,45.9(-0.22 %),187860,8655572000,306100,14107013000,7879090,44.92
06/07/2011,-81690,-3779858000,46.7(1.74 %),538610,24909242000,620300,28689100000,7960780,44.87
07/07/2011,17210,804193000,46.6(-0.21 %),105550,4928040000,88340,4123847000,7943570,44.88
08/07/2011,47400,2317645000,48.5(4.08 %),130680,6307733000,83280,3990088000,7896170,44.91
11/07/2011,93390,4543279000,48.6(0.21 %),119990,5832779000,26600,1289500000,7802780,44.96
12/07/2011,119200,5844165000,49.3(1.44 %),176610,8659460000,57410,2815295000,7683580,45.02
13/07/2011,186890,9437843000,50(1.42 %),359030,18018371000,172140,8580528000,7496690,45.12
14/07/2011,269250,13437003000,49.9(-0.20 %),309500,15444432000,40250,2007429000,7227440,45.25
15/07/2011,521440,25933550000,49.3(-1.20 %),763530,38007099000,242090,12073549000,6706000,45.53
18/07/2011,123530,6160763000,49.4(0.20 %),172010,8548094000,48480,2387331000,6582470,45.59
19/07/2011,548040,27390217000,49.8(0.81 %),620970,30994106000,72930,3603889000,6034430,45.87
20/07/2011,81540,4133427000,52(4.42 %),1125770,58391242000,1044230,54257815000,5952890,45.92
21/07/2011,60800,3121300000,51(-1.92 %),111500,5710185000,50700,2588885000,5892090,45.95
22/07/2011,380780,19835520000,51(0.00 %),825810,42532550000,445030,22697030000,5511310,46.14
25/07/2011,251300,13049845000,51.5(0.98 %),312500,16189765000,61200,3139920000,5260010,46.27
26/07/2011,127040,6650420000,52.5(1.94 %),199570,10448765000,72530,3798345000,5132970,46.34
27/07/2011,380480,20756645000,55(4.76 %),507860,27695925000,127380,6939280000,4752490,46.54
28/07/2011,338700,19200565000,57(3.64 %),413900,23469765000,75200,4269200000,4413790,46.81
29/07/2011,789870,45202160000,57.5(0.88 %),961310,55032580000,171440,9830420000,3623920,47.22
01/08/2011,1623690,92673470000,55.5(-3.48 %),1723400,98282400000,99710,5608930000,2149628,47.99
02/08/2011,33750,1806745000,53.5(-3.60 %),55820,3001420000,22070,1194675000,2115878,48.0
03/08/2011,-3360,-178765000,54.5(1.87 %),50010,2674530000,53370,2853295000,2119238,48.0
04/08/2011,601380,33899290000,55.5(1.83 %),632100,35604250000,30720,1704960000,1517858,48.31
05/08/2011,37500,2062500000,55(-0.90 %),57220,3147100000,19720,1084600000,1480358,48.33
08/08/2011,-132060,-7194595000,53.5(-2.73 %),103170,5619850000,235230,12814445000,1612418,48.27
09/08/2011,118250,6194240000,51.5(-3.74 %),228650,11960300000,110400,5766060000,1494168,48.33
10/08/2011,713720,38062265000,52.5(1.94 %),957860,50917795000,244140,12855530000,780448,48.7
11/08/2011,506560,27286990000,54(2.86 %),529150,28496625000,22590,1209635000,273888,48.96
12/08/2011,162260,8793265000,54(0.00 %),207600,11239125000,45340,2445860000,111628,49.04
15/08/2011,127880,6883695000,54(0.00 %),144850,7789575000,16970,905880000,0,49.11
16/08/2011,239580,13153280000,54(0.00 %),295200,16180010000,55620,3026730000,0,49.0
17/08/2011,6750,366845000,54.5(0.93 %),11140,605500000,4390,238655000,21594,48.99
18/08/2011,47420,2634060000,55(0.92 %),55790,3096850000,8370,462790000,0,49.01
19/08/2011,-520,-12330000,54(-1.82 %),71670,3950335000,72190,3962665000,16974,48.99
22/08/2011,-7560,-413240000,54.5(0.93 %),5620,303480000,13180,716720000,24534,48.99
23/08/2011,-390,-23450000,54.5(0.00 %),4390,237060000,4780,260510000,24924,48.99
24/08/2011,-20130,-1101085000,54.5(0.00 %),83370,4581165000,103500,5682250000,45054,48.98
25/08/2011,-3650,-184835000,54.5(0.00 %),317490,17620695000,321140,17805530000,48704,48.97
26/08/2011,-27620,-1499700000,55(0.92 %),138180,7662400000,165800,9162100000,76324,48.96
29/08/2011,-40520,-2227620000,55.5(0.91 %),89780,4985180000,130300,7212800000,116844,48.94
30/08/2011,-32500,-1778220000,56(0.90 %),86500,4840270000,119000,6618490000,149344,48.92
31/08/2011,-239160,-13302470000,55.5(-0.89 %),91140,5123840000,330300,18426310000,388504,48.8
01/09/2011,25800,1464800000,56(0.90 %),40800,2304800000,15000,840000000,40804,48.98
05/09/2011,9240,537230000,56(0.00 %),65300,3659450000,56060,3122220000,31564,48.98
06/09/2011,56370,3171720000,56(0.00 %),61000,3431000000,4630,259280000,0,49.01
07/09/2011,178040,10265280000,55.5(-0.89 %),260300,14836800000,82260,4571520000,260304,48.87
08/09/2011,-41400,-2312400000,56(0.90 %),345000,19325500000,386400,21637900000,301704,48.84
09/09/2011,-210330,-11558775000,55(-1.79 %),286060,15766105000,496390,27324880000,512034,48.74
12/09/2011,-242330,-12979930000,53.5(-2.73 %),304600,16326800000,546930,29306730000,754364,48.61
13/09/2011,-707000,-37274900000,52.5(-1.87 %),182290,9772865000,889290,47047765000,1461364,48.24
14/09/2011,-360250,-18218275000,50.5(-3.81 %),206400,10546700000,566650,28764975000,1821614,48.06
15/09/2011,-1023690,-53977140000,53(4.95 %),1246390,64748815000,2270080,118725955000,2845304,47.53
16/09/2011,-1091620,-56633525000,51.5(-2.83 %),766930,40527440000,1858550,97160965000,3936924,46.96
19/09/2011,158600,8464570000,54(4.85 %),163870,8744015000,5270,279445000,3778324,47.05
20/09/2011,109220,5814655000,53(-1.85 %),500680,26698660000,391460,20884005000,3669104,47.1
21/09/2011,116030,6190585000,53.5(0.94 %),526040,28201920000,410010,22011335000,3553074,47.16
22/09/2011,46420,2484645000,53.5(0.00 %),337270,18014195000,290850,15529550000,3506654,47.19
23/09/2011,6650,349625000,52.5(-1.87 %),257650,13626625000,251000,13277000000,3500004,47.19
26/09/2011,-155260,-8071460000,51.5(-1.90 %),50630,2642735000,205890,10714195000,3655264,47.11
27/09/2011,4110,219015000,51(0.99 %),102200,5243300000,98090,5024285000,3651154,47.11
28/09/2011,16630,857845000,51.5(0.98 %),366070,18855890000,349440,17998045000,3634524,47.12
29/09/2011,127330,6554470000,51.5(0.00 %),502960,25899415000,375630,19344945000,3507194,52.21
30/09/2011,-10960,-570670000,51.5(0.00 %),165760,8530410000,176720,9101080000,3518154,52.21
03/10/2011,55370,2840095000,51(-0.97 %),159620,8173970000,104250,5333875000,10370887,48.66
04/10/2011,97420,4964465000,51(0.00 %),161140,8200960000,63720,3236495000,10273467,48.71
05/10/2011,-124440,-6241025000,50.5(-0.98 %),375560,18901675000,500000,25142700000,10397907,48.65
06/10/2011,-115700,-5777438000,50(-0.99 %),448130,22400762000,563830,28178200000,10513607,48.59
07/10/2011,81660,4045044000,49.5(-1.00 %),212300,10517120000,130640,6472076000,10431947,48.63
10/10/2011,61260,2999134000,49(-1.01 %),216500,10605894000,155240,7606760000,10370687,49.36
11/10/2011,3250,158685000,49.1(0.20 %),174850,8569565000,171600,8410880000,10367437,49.37
12/10/2011,11490,559511000,48.9(-0.41 %),190490,9331861000,179000,8772350000,10355947,49.37
13/10/2011,30990,1523076000,49.4(1.02 %),153690,7536475000,122700,6013399000,10324957,49.39
14/10/2011,86340,4311835000,50(1.21 %),90680,4528667000,4340,216832000,10238617,49.43
17/10/2011,-31740,-1567266000,49.3(-1.40 %),119760,5927346000,151500,7494612000,10270357,49.42
18/10/2011,-300033,-14713230000,49(-0.61 %),37800,1852280000,337833,16565510000,10570390,49.26
19/10/2011,167600,8207578000,48.8(-0.41 %),287700,14070058000,120100,5862480000,10402790,44.18
20/10/2011,43380,2113477000,48.7(-0.20 %),154240,7513905000,110860,5400428000,10359410,44.2
21/10/2011,332500,16286873000,49.6(1.85 %),348260,17065417000,15760,778544000,10026910,44.36
24/10/2011,10490,498917000,48.3(-2.62 %),77720,3799994000,67230,3301077000,10016420,44.36
25/10/2011,24550,1186180000,47.7(-1.24 %),232490,11144098000,207940,9957918000,9991870,44.37
26/10/2011,2019470,100934673000,48.5(1.68 %),4378040,218669605000,2358570,117734932000,7972400,45.31
27/10/2011,-96000,-4643358000,48.5(0.00 %),90730,4392977000,186730,9036335000,8068400,45.26
28/10/2011,74930,3747517000,50(3.09 %),210580,10408622000,135650,6661105000,7993470,45.3
31/10/2011,7620,446199000,49.5(-1.00 %),150730,7580870000,143110,7134671000,7985850,45.3
01/11/2011,-9870,-482363000,49.1(-0.81 %),22600,1120351000,32470,1602714000,8975525,44.84
02/11/2011,116290,5779683000,49.7(1.22 %),129410,6430959000,13120,651276000,8859235,44.9
03/11/2011,56110,2773223000,49.3(-0.80 %),58110,2872623000,2000,99400000,8803125,44.92
04/11/2011,265160,13187298000,49.9(1.22 %),274160,13634098000,9000,446800000,8537965,45.05
07/11/2011,437500,21833312000,49.8(-0.20 %),450940,22504678000,13440,671366000,8100465,45.25
08/11/2011,6050,301436000,49(-1.61 %),141120,6943313000,135070,6641877000,8094415,45.25
09/11/2011,127690,6253270000,48.8(-0.41 %),129690,6350970000,2000,97700000,7966725,45.31
10/11/2011,265460,12980612000,48.8(0.00 %),286100,13983860000,20640,1003248000,7701265,45.43
11/11/2011,115950,5712285000,48.6(-0.41 %),223280,10933946000,107330,5221661000,7585315,45.49
14/11/2011,230800,11184696000,48(-1.23 %),310580,15023639000,79780,3838943000,7354515,45.59
15/11/2011,325250,15702099000,47.5(-1.04 %),422720,20359957000,97470,4657858000,7029265,45.75
16/11/2011,-12750,-606906000,48(1.05 %),79130,3791342000,91880,4398248000,7042015,45.74
17/11/2011,44070,2110522000,48.2(0.42 %),177850,8529538000,133780,6419016000,6997945,45.76
18/11/2011,8270,397456000,48.2(0.00 %),148270,7117456000,140000,6720000000,6989675,45.76
21/11/2011,26460,1271745000,48.2(0.00 %),33760,1622677000,7300,350932000,6963215,45.78
22/11/2011,362340,18012765000,48.6(0.83 %),423250,20967132000,60910,2954367000,6600875,45.94
23/11/2011,97010,4747295000,49.1(1.03 %),263670,12907545000,166660,8160250000,6503865,45.99
24/11/2011,308200,15242060000,49.1(0.00 %),331200,16373260000,23000,1131200000,6195665,46.13
25/11/2011,-53250,-2607025000,49(-0.20 %),19650,963475000,72900,3570500000,6248915,46.11
28/11/2011,-74660,-3652916000,48.8(-0.41 %),12300,601470000,86960,4254386000,6323575,46.07
29/11/2011,60900,2982769000,48.8(0.00 %),94000,4601623000,33100,1618854000,6262675,46.1
30/11/2011,562500,27821422000,49.1(0.61 %),662500,32727201000,100000,4905779000,5700175,46.36
01/12/2011,52470,2579255000,49.2(0.20 %),82930,4071833000,30460,1492578000,5955475,46.24
02/12/2011,64600,3200348000,49.3(0.20 %),278600,13741548000,214000,10541200000,5890875,46.27
05/12/2011,329610,16393679000,50(1.42 %),373610,18573589000,44000,2179910000,5561265,46.43
06/12/2011,223050,11160170000,50(0.00 %),266010,13311207000,42960,2151037000,5338215,46.53
07/12/2011,177590,8915283000,50(0.00 %),223890,11232495000,46300,2317212000,5160625,46.61
08/12/2011,-8380,-418720000,49.8(-0.40 %),0,0,8380,418720000,5169005,46.61
09/12/2011,-290,-6735000,49.5(-0.60 %),21810,1093385000,22100,1100120000,5169295,46.61
12/12/2011,164440,8142766000,49.5(0.00 %),193540,9582472000,29100,1439706000,5004855,46.68
13/12/2011,161670,8005739000,49.4(-0.20 %),223480,11060368000,61810,3054629000,4843185,46.76
14/12/2011,56590,2787828000,49(-0.81 %),125590,6180463000,69000,3392635000,4786595,46.78
15/12/2011,28050,1363485000,48.6(-0.82 %),69780,3393208000,41730,2029723000,4758545,46.8
16/12/2011,73220,3593262000,49(0.82 %),145200,7117430000,71980,3524168000,4685325,46.83
19/12/2011,540100,26810925000,49.5(1.02 %),549980,27296925000,9880,486000000,4145225,47.08
20/12/2011,246940,12248010000,49.5(0.00 %),337850,16664390000,90910,4416380000,3898285,47.2
21/12/2011,198900,9860471000,49.5(0.00 %),238260,11809577000,39360,1949106000,3699385,47.29
22/12/2011,162590,8045825000,49.5(0.00 %),193190,9560065000,30600,1514240000,3536795,47.36
23/12/2011,10800,527873000,49(-1.01 %),10800,527873000,0,0,3525995,47.37
26/12/2011,39840,1943973000,48.9(-0.20 %),72640,3544668000,32800,1600695000,3486155,47.39
27/12/2011,85670,4164411000,48.6(-0.61 %),97230,4726905000,11560,562494000,3400485,47.43
28/12/2011,20050,976264000,48.7(0.21 %),59450,2892460000,39400,1916196000,3380435,47.43
29/12/2011,34360,1699929000,49.5(1.64 %),111920,5476447000,77560,3776518000,3346075,47.45
30/12/2011,107720,5346750000,49.7(0.40 %),143670,7124973000,35950,1778223000,3238355,47.5
03/01/2012,62650,2996897000,49.2(-1.01 %),63420,3034302000,770,37405000,3253035,47.49
04/01/2012,26320,1295737000,49.2(0.00 %),170336,8382863000,144016,7087126000,3226715,47.51
05/01/2012,36040,1745118000,48.2(-2.03 %),263350,12744612000,227310,10999494000,3190675,47.52
06/01/2012,37700,1826450000,48.6(0.83 %),38700,1874950000,1000,48500000,3152975,47.54
09/01/2012,7550,366393000,48.8(0.41 %),24550,1189828000,17000,823435000,3145425,47.54
10/01/2012,440590,21698219000,49.5(1.43 %),457470,22521099000,16880,822880000,2704835,47.75
11/01/2012,403400,20069300000,49.5(0.00 %),404600,20128700000,1200,59400000,2301435,47.93
12/01/2012,314030,15572512000,49.1(-0.81 %),357190,17704194000,43160,2131682000,1987405,48.08
13/01/2012,194320,9669679000,50(1.83 %),207720,10333799000,13400,664120000,1793085,48.17
16/01/2012,789720,40483250000,51(2.00 %),812620,41650990000,22900,1167740000,1003365,48.54
17/01/2012,1050790,54647395000,49.5(-2.94 %),1055670,54893835000,4880,246440000,0,49.02
18/01/2012,20670,1044795000,49.5(0.00 %),21660,1093830000,990,49035000,21661,48.99
19/01/2012,-1620,-70354000,49.7(0.40 %),13400,676700000,15020,747054000,23281,48.99
20/01/2012,610,30764000,49.7(0.00 %),2900,144710000,2290,113946000,22671,48.99
30/01/2012,4880,244000000,50(0.60 %),4880,244000000,0,0,17791,48.99
31/01/2012,300,15207000,49.7(-0.60 %),990,49500000,690,34293000,17491,48.99
01/02/2012,15020,766020000,50.5(1.61 %),15020,766020000,0,0,15021,48.99
02/02/2012,-6950,-351455000,51(0.99 %),42290,2154500000,49240,2505955000,21971,48.99
03/02/2012,-1170,-59085000,50.5(-0.98 %),0,0,1170,59085000,23141,48.99
06/02/2012,-8680,-438340000,50.5(0.00 %),60690,3214845000,69370,3653185000,31821,48.99
07/02/2012,-11370,-574185000,50.5(0.00 %),54000,2862000000,65370,3436185000,43191,48.98
08/02/2012,8740,445740000,51.5(1.98 %),99240,5196240000,90500,4750500000,34451,48.98
09/02/2012,-820,-42230000,52(0.97 %),1170,60255000,1990,102485000,35271,48.98
10/02/2012,-21370,-1056500000,51.5(-0.96 %),29370,1556610000,50740,2613110000,56641,48.97
13/02/2012,10870,565490000,51(-0.97 %),11370,591240000,500,25750000,45771,48.98
14/02/2012,-20940,-1067940000,51(0.00 %),500,25500000,21440,1093440000,66711,48.97
15/02/2012,1490,76735000,51(0.00 %),81990,4382485000,80500,4305750000,65221,48.97
16/02/2012,44250,2382605000,51.5(0.98 %),136140,7283490000,91890,4900885000,20971,48.99
17/02/2012,-3500,-180500000,52(0.97 %),100500,5425500000,104000,5606000000,24471,48.99
20/02/2012,8110,462685000,54(3.85 %),21440,1157760000,13330,695075000,16361,48.99
21/02/2012,-2560,-137890000,54(0.00 %),500,27000000,3060,164890000,18921,48.99
22/02/2012,350,19075000,54.5(0.93 %),106490,6003705000,106140,5984630000,18571,48.99
23/02/2012,-13450,-730800000,54.5(0.00 %),39000,2158500000,52450,2889300000,32021,48.99
24/02/2012,11340,629370000,54.5(0.00 %),13330,739815000,1990,110445000,20681,48.99
27/02/2012,-17230,-938640000,55(0.92 %),3060,165240000,20290,1103880000,37911,48.98
28/02/2012,-34070,-1849845000,54.5(-0.91 %),6140,331560000,40210,2181405000,71981,48.97
29/02/2012,-44480,-2428060000,55(0.92 %),17450,951025000,61930,3379085000,116461,48.95
01/03/2012,-9510,-522050000,55(0.00 %),47990,2754450000,57500,3276500000,1991,49.0
02/03/2012,13750,805450000,55.5(0.91 %),20290,1165950000,6540,360500000,0,49.01
05/03/2012,-37910,-2099645000,58(4.50 %),40210,2312075000,78120,4411720000,40211,48.98
06/03/2012,52930,3230860000,56(-3.45 %),161930,9795800000,109000,6564940000,0,49.01
07/03/2012,-8500,-476500000,57.5(2.68 %),91500,5324000000,100000,5800500000,11501,48.99
08/03/2012,-9290,-520710000,56.5(-1.74 %),94470,5648580000,103760,6169290000,20791,48.99
09/03/2012,67080,3985280000,56.5(0.00 %),78120,4608720000,11040,623440000,0,49.02
12/03/2012,-25000,-1400000000,56.5(0.00 %),9000,504000000,34000,1904000000,9001,49.0
13/03/2012,20000,1170000000,57(0.88 %),20000,1170000000,0,0,0,49.01
14/03/2012,9920,565440000,57(0.00 %),13920,793440000,4000,228000000,13921,48.99
15/03/2012,9680,551310000,59(3.51 %),11040,629280000,1360,77970000,4241,49.0
16/03/2012,28800,1783520000,59(0.00 %),34000,2091000000,5200,307480000,0,49.01
19/03/2012,-3680,-215620000,59(0.00 %),80000,4920000000,83680,5135620000,4,49.0
20/03/2012,4000,236000000,58.5(-0.85 %),4000,236000000,0,0,0,49.0
21/03/2012,1360,79560000,58.5(0.00 %),1360,79560000,0,0,1364,49.0
22/03/2012,1210,71785000,57.5(-1.71 %),5200,304200000,3990,232415000,154,49.0
23/03/2012,1630,95065000,58(0.87 %),3680,213440000,2050,118375000,0,49.0
26/03/2012,-730,-42285000,58(0.00 %),0,0,730,42285000,4,49.0
27/03/2012,-3880,-223455000,57.5(-0.86 %),0,0,3880,223455000,3884,49.0
28/03/2012,-10320,-592810000,58(0.87 %),3990,225435000,14310,818245000,14204,48.99
29/03/2012,-1150,-66700000,58(0.00 %),22050,1328900000,23200,1395600000,15354,48.99
30/03/2012,-2070,-119695000,58(0.00 %),730,42705000,2800,162400000,17424,48.99
03/04/2012,-6950,-403100000,58(0.00 %),74270,4448440000,81220,4851540000,3884,49.0
04/04/2012,8150,476775000,58(0.00 %),14310,837135000,6160,360360000,0,49.0
05/04/2012,-4900,-295550000,59.5(2.59 %),3200,187200000,8100,482750000,3204,49.0
06/04/2012,2800,168000000,59.5(0.00 %),2800,168000000,0,0,404,49.0
09/04/2012,9830,595215000,60(0.84 %),110830,6855215000,101000,6260000000,0,49.0
10/04/2012,-14340,-857320000,60(0.00 %),6160,372680000,20500,1230000000,6164,49.0
11/04/2012,-3200,-202550000,62.5(4.17 %),32240,2010870000,35440,2213420000,9364,49.0
12/04/2012,-14600,-919800000,63(0.80 %),0,0,14600,919800000,23964,48.99
13/04/2012,-21770,-1340890000,61(-3.17 %),161000,10623000000,182770,11963890000,45734,48.98
16/04/2012,8100,536000000,62(1.64 %),20500,1311000000,12400,775000000,37634,48.98
17/04/2012,9210,580380000,62.5(0.81 %),11300,711900000,2090,131520000,28424,48.99
18/04/2012,10750,681100000,62(-0.80 %),14600,919800000,3850,238700000,17674,48.99
19/04/2012,-4390,-149410000,59.5(-4.03 %),74820,4860990000,79210,5010400000,22064,48.99
20/04/2012,-7160,-421805000,59(-0.84 %),82400,5084000000,89560,5505805000,29224,48.99
23/04/2012,-2430,-144860000,58.5(-0.85 %),2090,124355000,4520,269215000,31654,48.99
24/04/2012,-8850,-526575000,60(2.56 %),56510,3441335000,65360,3967910000,40504,48.98
25/04/2012,-12570,-692825000,60.5(0.83 %),27160,1710840000,39730,2403665000,53074,48.98
26/04/2012,18560,1142440000,59.5(-1.65 %),39560,2472940000,21000,1330500000,34514,48.98
27/04/2012,4520,271200000,59.5(0.00 %),4520,271200000,0,0,29994,48.99
02/05/2012,9360,580320000,62(4.20 %),12700,787400000,3340,207080000,12706,48.99
03/05/2012,37840,2460065000,65(4.84 %),59730,3882450000,21890,1422385000,0,49.01
04/05/2012,1000,65275000,66(1.54 %),1000,65275000,0,0,6,49.0
07/05/2012,-5330,-353445000,67(1.52 %),0,0,5330,353445000,5336,49.0
08/05/2012,60,4020000,66.5(-0.75 %),34939,2405491000,34879,2401471000,5276,49.0
09/05/2012,-2650,-174900000,66(-0.75 %),101890,7074740000,104540,7249640000,7926,49.0
10/05/2012,-18770,-1244045000,65.5(-0.76 %),0,0,18770,1244045000,26696,48.99
11/05/2012,-15230,-982235000,64.5(-1.53 %),5330,354445000,20560,1336680000,41926,48.98
14/05/2012,2590,168350000,64(-0.78 %),2590,168350000,0,0,39336,48.98
15/05/2012,-15580,-777460000,49.5(-1.00 %),4540,236080000,20120,1013540000,54916,48.97
16/05/2012,17740,885680000,49.3(-0.40 %),18770,936623000,1030,50943000,37176,48.98
17/05/2012,25410,1309345000,49.8(1.01 %),345910,17814345000,320500,16505000000,11766,48.99
18/05/2012,-13300,-647076000,48.5(-2.61 %),0,0,13300,647076000,25066,48.99
21/05/2012,15770,799489000,50.5(4.12 %),20120,1016050000,4350,216561000,9296,49.0
22/05/2012,-21310,-1065199000,49.8(-1.39 %),1040,53020000,22350,1118219000,30606,48.99
23/05/2012,-1530,-73975000,48.8(-2.01 %),50500,2624750000,52030,2698725000,32136,48.99
24/05/2012,4000,195200000,48.6(-0.41 %),74300,3760040000,70300,3564840000,28136,48.99
25/05/2012,-650,-31540000,49.6(2.06 %),4350,215760000,5000,247300000,28786,48.99
28/05/2012,22350,1162200000,49.6(0.00 %),22350,1162200000,0,0,6436,49.0
29/05/2012,150,7425000,49.5(-0.20 %),24530,1270485000,24380,1263060000,6286,49.0
30/05/2012,7300,366000000,49.6(0.20 %),9300,465000000,2000,99000000,0,49.0
31/05/2012,-8650,-427393000,49.4(-0.40 %),5000,246500000,13650,673893000,6,49.0
01/06/2012,-1000,-49300000,49.3(-0.20 %),20000,1030000000,21000,1079300000,6,49.0
04/06/2012,880,43584000,49(-0.61 %),1880,92684000,1000,49100000,0,49.0
05/06/2012,-4000,-195886000,49(0.00 %),62000,3157400000,66000,3353286000,4006,49.0
06/06/2012,3020,153017000,49.3(0.61 %),63650,3224310000,60630,3071293000,986,49.0
07/06/2012,-3720,-183568000,49.3(0.00 %),1000,49600000,4720,233168000,4706,49.0
08/06/2012,-14880,-730657000,49(-0.61 %),1000,49500000,15880,780157000,19586,48.99
11/06/2012,1610,80534000,49.1(0.20 %),6000,296400000,4390,215866000,17976,48.99
12/06/2012,8630,423733000,49(-0.20 %),80630,4126933000,72000,3703200000,9346,49.0
13/06/2012,4720,232224000,49(0.00 %),74720,3802224000,70000,3570000000,4626,49.0
14/06/2012,14280,703096000,48.8(-0.41 %),15880,781296000,1600,78200000,0,49.0
15/06/2012,4390,215549000,48.9(0.20 %),46390,2357549000,42000,2142000000,6,49.0
18/06/2012,2000,99200000,49.1(0.41 %),22000,1119200000,20000,1020000000,0,49.0
19/06/2012,-70,-3423000,49.1(0.00 %),0,0,70,3423000,6,49.0
20/06/2012,1600,79200000,49.3(0.41 %),1600,79200000,0,0,0,49.0
21/06/2012,-15500,-761078000,49.2(-0.20 %),0,0,15500,761078000,6,49.0
22/06/2012,-5240,-256846000,49(-0.41 %),10,491000,5250,257337000,5246,49.0
25/06/2012,70,3423000,49(0.00 %),70,3423000,0,0,5176,49.0
26/06/2012,-4170,-202962000,48.6(-0.82 %),0,0,4170,202962000,9346,49.0
27/06/2012,14200,696060000,48.6(0.00 %),15500,759500000,1300,63440000,0,49.0
28/06/2012,250,19698000,47.1(-3.09 %),5250,255675000,5000,235977000,2,49.0
29/06/2012,-3430,-161553000,47.1(0.00 %),0,0,3430,161553000,3432,49.0
02/07/2012,4040,192708000,47.1(0.00 %),4170,198909000,130,6201000,2,49.0
03/07/2012,1170,56030000,47(-0.21 %),76300,3767140000,75130,3711110000,0,49.0
04/07/2012,5000,237500000,47.2(0.43 %),55000,2702500000,50000,2465000000,2,49.0
05/07/2012,3280,155830000,47.5(0.64 %),3430,162925000,150,7095000,0,49.0
06/07/2012,130,6214000,47.5(0.00 %),130,6214000,0,0,2,49.0
09/07/2012,-2170,-102125000,47.1(-0.84 %),289160,14399739000,291330,14501864000,2172,49.0
10/07/2012,-480,-22560000,47(-0.21 %),0,0,480,22560000,2,49.0
11/07/2012,5980,281060000,47.1(0.21 %),27580,1345940000,21600,1064880000,3670,49.0
12/07/2012,-260,-12246000,47.1(0.00 %),0,0,260,12246000,0,49.0
13/07/2012,1300,61160000,47.8(1.49 %),2300,108560000,1000,47400000,200,49.0
16/07/2012,-4520,-213716000,47.3(-1.05 %),480,23184000,5000,236900000,0,49.0
17/07/2012,-470,-22184000,47.3(0.00 %),0,0,470,22184000,0,49.0
18/07/2012,-4690,-220526000,47.1(-0.42 %),100260,4972324000,104950,5192850000,210,49.0
19/07/2012,-1050,-49350000,47.2(0.21 %),113500,5345750000,114550,5395100000,0,49.0
20/07/2012,-12090,-566873000,47.1(-0.21 %),5000,238500000,17090,805373000,0,49.0
23/07/2012,-9180,-431688000,47.1(0.00 %),470,22137000,9650,453825000,0,49.0
24/07/2012,1120,52092000,49.2(4.46 %),4950,233145000,3830,181053000,0,49.0
25/07/2012,1842092,94819813000,47.5(-3.46 %),1923302,99002128000,81210,4182315000,9,49.68
26/07/2012,9820,460246000,47.8(0.63 %),40218,1958422000,30398,1498176000,0,49.69
27/07/2012,9630,464174000,48(0.42 %),50080,2486630000,40450,2022456000,9,49.68
30/07/2012,3830,183840000,48.7(1.46 %),3830,183840000,0,0,0,49.68
31/07/2012,-720,-34214000,47.6(-2.26 %),35480,1809480000,36200,1843694000,9,49.0
01/08/2012,5190,245643000,47.2(-0.84 %),27270,1341871000,22080,1096228000,9,49.0
02/08/2012,-1720,-81180000,47.2(0.00 %),20,948000,1740,82128000,1729,49.0
03/08/2012,-4700,-221840000,47.3(0.21 %),0,0,4700,221840000,6429,49.0
06/08/2012,-18430,-870797000,47.2(-0.21 %),730,34310000,19160,905107000,24859,48.99
07/08/2012,-3570,-168147000,47.2(0.00 %),2080,97968000,5650,266115000,28429,48.99
08/08/2012,-730,-34383000,47.1(-0.21 %),1750,82425000,2480,116808000,29159,48.99
09/08/2012,-4050,-190255000,46.9(-0.42 %),4700,221370000,8750,411625000,33209,48.99
10/08/2012,15540,736640000,45.8(-2.35 %),19160,902436000,3620,165796000,17669,48.99
13/08/2012,5180,243978000,46.5(1.53 %),5650,266115000,470,22137000,12489,49.0
14/08/2012,-12520,-581940000,46.3(-0.43 %),42480,2065584000,55000,2647524000,25009,48.99
15/08/2012,3750,171875000,46.1(-0.43 %),8750,403375000,5000,231500000,21259,48.99
16/08/2012,2620,121968000,45.8(-0.65 %),187853,9084845000,185233,8962877000,18639,48.99
17/08/2012,-6150,-279693000,45.5(-0.66 %),470,21150000,6620,300843000,24789,48.99
20/08/2012,14030,645427000,46.1(1.32 %),15000,690000000,970,44573000,10759,49.0
21/08/2012,4280,197380000,44(-4.56 %),475000,22978000000,470720,22780620000,6479,49.0
22/08/2012,-3170,-140529000,44(0.00 %),1000,44000000,4170,184529000,9649,49.0
23/08/2012,4570,205040000,41.8(-5.00 %),57290,2632234000,52720,2427194000,5079,49.0
24/08/2012,970,38800000,42.1(0.72 %),112670,4931260000,111700,4892460000,4109,49.0
27/08/2012,380,15998000,39.1(-4.87 %),129920,5598832000,129540,5582834000,3729,49.0
28/08/2012,-450,-12558000,38.1(-2.56 %),187570,7682864000,188020,7695422000,4179,49.0
29/08/2012,2050,79950000,38.2(0.26 %),22050,879950000,20000,800000000,2129,49.0
30/08/2012,-2990,-114218000,38.2(0.00 %),10,382000,3000,114600000,5119,49.0
31/08/2012,40,988000,40.1(4.97 %),340,12988000,300,12000000,5079,49.0
04/09/2012,3550,148663000,41.8(4.24 %),4620,193578000,1070,44915000,1529,49.0
05/09/2012,0,0,40.5(-3.11 %),45000,1971000000,45000,1971000000,1529,49.0
06/09/2012,3000,120000000,39.4(-2.72 %),31070,1312975000,28070,1192975000,0,49.0
07/09/2012,-3860,-151668000,39.3(-0.25 %),300,11820000,4160,163488000,0,49.0
10/09/2012,1070,42158000,38.4(-2.29 %),1070,42158000,0,0,0,49.0
11/09/2012,-5170,-199138000,38.5(0.26 %),0,0,5170,199138000,0,49.0
12/09/2012,0,0,38.7(0.52 %),116600,4710640000,116600,4710640000,0,49.0
13/09/2012,3880,150932000,38.7(0.00 %),4160,161824000,280,10892000,0,49.0
14/09/2012,0,0,38.7(0.00 %),0,0,0,0,0,49.0
17/09/2012,3090,119791000,38.6(-0.26 %),5170,200079000,2080,80288000,0,49.0
18/09/2012,-5470,-209948000,37.8(-2.07 %),0,0,5470,209948000,0,49.0
19/09/2012,-9230,-338817000,36.7(-2.91 %),206630,8181736000,215860,8520553000,0,49.0
20/09/2012,-10050,-370610000,36.7(0.00 %),20000,770000000,30050,1140610000,0,49.0
21/09/2012,1420,52398000,36.8(0.27 %),22820,875242000,21400,822844000,0,49.0
24/09/2012,5400,198720000,36.6(-0.54 %),5470,201296000,70,2576000,0,49.0
25/09/2012,7930,292148000,36.6(0.00 %),9510,349968000,1580,57820000,0,49.0
26/09/2012,10050,369840000,37(1.09 %),10050,369840000,0,0,0,49.0
27/09/2012,-310,-11671000,38(2.70 %),660,24618000,970,36289000,0,49.0
28/09/2012,-3220,-122031000,37.9(-0.26 %),22570,900410000,25790,1022441000,0,49.0
01/10/2012,63240,2510628000,36.9(-2.64 %),63240,2510628000,0,0,2,49.02
02/10/2012,-1750,-64600000,36.9(0.00 %),0,0,1750,64600000,1752,49.02
03/10/2012,-3280,-121032000,36.9(0.00 %),970,35793000,4250,156825000,5032,49.02
04/10/2012,-13560,-499472000,36.8(-0.27 %),44045,1698620000,57605,2198092000,18592,49.02
05/10/2012,0,0,36.8(0.00 %),0,0,0,0,18592,49.02
08/10/2012,310,11346000,36.9(0.27 %),440,16104000,130,4758000,18282,49.02
09/10/2012,-13000,-485021000,37.2(0.81 %),4250,157250000,17250,642271000,31282,48.99
10/10/2012,16850,631875000,37.5(0.81 %),36850,1411875000,20000,780000000,14432,48.99
11/10/2012,0,0,37.4(-0.27 %),0,0,0,0,14432,48.99
12/10/2012,-1120,-41513000,37.1(-0.80 %),130,4862000,1250,46375000,15552,48.99
15/10/2012,17050,630850000,36.9(-0.54 %),17250,638250000,200,7400000,0,49.0
16/10/2012,-5300,-195226000,37.1(0.54 %),0,0,5300,195226000,0,49.0
17/10/2012,-2660,-98498000,37.1(0.00 %),0,0,2660,98498000,0,49.0
18/10/2012,420,15582000,36.7(-1.08 %),1250,46375000,830,30793000,0,49.0
19/10/2012,-20120,-734812000,36.6(-0.27 %),20200,777400000,40320,1512212000,0,49.0
22/10/2012,-1360,-47664000,36.5(-0.27 %),5300,195570000,6660,243234000,0,49.0
23/10/2012,1070,39154000,36.5(0.00 %),72660,2778090000,71590,2738936000,0,49.0
24/10/2012,830,30295000,36.5(0.00 %),830,30295000,0,0,0,49.0
25/10/2012,18460,710924000,36.5(0.00 %),20320,778256000,1860,67332000,0,49.0
26/10/2012,5910,215790000,36.4(-0.27 %),6660,243090000,750,27300000,6660,12.23
29/10/2012,850,30770000,36.3(-0.27 %),31590,1203558000,30740,1172788000,7,49.0
30/10/2012,-3150,-113085000,35.9(-1.10 %),0,0,3150,113085000,3157,49.0
31/10/2012,-14500,-520150000,35.8(-0.28 %),1860,66774000,16360,586924000,17657,48.99
01/11/2012,-6030,-216174000,35.8(0.00 %),750,26550000,6780,242724000,7,49.0
02/11/2012,-8300,-285719000,34.1(-4.75 %),740,25382000,9040,311101000,8307,49.0
05/11/2012,-1880,-68546000,33.9(-0.59 %),3150,102690000,5030,171236000,10187,49.0
06/11/2012,13580,468094000,33.5(-1.18 %),16360,562784000,2780,94690000,0,49.0
07/11/2012,5780,195872000,34(1.49 %),6780,229842000,1000,33970000,7,49.0
08/11/2012,6530,224330000,34(0.00 %),9040,309168000,2510,84838000,0,49.0
09/11/2012,5030,171020000,34(0.00 %),5030,171020000,0,0,7,49.0
12/11/2012,1870,64141000,35(2.94 %),22780,809354000,20910,745213000,0,49.0
13/11/2012,-3080,-107642000,34.9(-0.29 %),1000,35100000,4080,142742000,7,49.0
14/11/2012,2510,88101000,35(0.29 %),2510,88101000,0,0,0,49.0
15/11/2012,-960,-33570000,34.7(-0.86 %),0,0,960,33570000,7,49.0
16/11/2012,-7880,-272957000,34.5(-0.58 %),910,31759000,8790,304716000,7887,49.0
19/11/2012,3480,121104000,34(-1.45 %),78080,2673672000,74600,2552568000,4407,49.0
20/11/2012,-3660,-123441000,34(0.00 %),601870,20687539000,605530,20810980000,8067,49.0
21/11/2012,-290,-9572000,33.9(-0.29 %),960,32928000,1250,42500000,8357,49.0
22/11/2012,3140,106829000,33.9(0.00 %),8790,298860000,5650,192031000,5217,49.0
23/11/2012,600,20460000,33.9(0.00 %),26100,925710000,25500,905250000,4617,49.0
26/11/2012,3660,124440000,33.7(-0.59 %),3660,124440000,0,0,957,49.0
27/11/2012,1250,42125000,33.4(-0.89 %),1250,42125000,0,0,0,49.0
28/11/2012,5650,189275000,33(-1.20 %),729950,24249072000,724300,24059797000,7,49.0
29/11/2012,-23600,-771710000,32.6(-1.21 %),0,0,23600,771710000,23607,48.99
30/11/2012,-2030,-66346000,32.7(0.31 %),1835782,58785242000,1837812,58851588000,25637,48.99
03/12/2012,-1050,-34125000,32.5(-0.61 %),0,0,1050,34125000,7,49.0
04/12/2012,-1840,-59805000,32.8(0.92 %),0,0,1840,59805000,1847,49.0
05/12/2012,23600,785880000,32.7(2.83 %),46000,1531800000,22400,745920000,0,49.01
06/12/2012,840,26859000,32.5(-0.61 %),2030,65772000,1190,38913000,7,49.0
07/12/2012,-1440,-46304000,32.3(-0.62 %),1060,34238000,2500,80542000,1447,49.0
10/12/2012,1840,59800000,32.7(1.24 %),435540,14762230000,433700,14702430000,0,49.0
11/12/2012,-2910,-94575000,32.5(-0.61 %),0,0,2910,94575000,0,49.0
12/12/2012,-60,-2075000,33(1.54 %),1190,38675000,1250,40750000,0,49.0
13/12/2012,2500,82750000,33.2(0.61 %),2500,82750000,0,0,0,49.0
14/12/2012,0,0,33(-0.60 %),0,0,0,0,0,49.0
17/12/2012,-4950,-162797000,32.9(-0.30 %),2910,96030000,7860,258827000,0,49.0
18/12/2012,940,30575000,32.4(-1.52 %),1270,41275000,330,10700000,2,49.0
19/12/2012,-1250,-41800000,33.3(2.78 %),0,0,1250,41800000,1252,49.0
20/12/2012,-3240,-107564000,32.8(-1.50 %),0,0,3240,107564000,4492,49.0
21/12/2012,860,30308000,32.6(-0.61 %),187500,6437424000,186640,6407116000,3632,49.0
24/12/2012,260,8502000,33.2(1.84 %),330,10791000,70,2289000,3372,49.0
25/12/2012,-8160,-270846000,33.2(0.00 %),1250,41500000,9410,312346000,11532,49.0
26/12/2012,-1130,-39114000,34.3(3.31 %),33240,1151244000,34370,1190358000,12662,49.0
27/12/2012,7000,241500000,35.5(3.50 %),7000,241500000,0,0,5662,49.0
28/12/2012,70,2485000,35.2(-0.85 %),70,2485000,0,0,5592,49.0
02/01/2013,-670,-25045000,36.4(3.41 %),9410,332173000,10080,357218000,2,49.0
03/01/2013,3620,131868000,35.9(-1.37 %),24370,923068000,20750,791200000,0,49.0
04/01/2013,0,0,36.4(1.39 %),0,0,0,0,2,49.0
07/01/2013,0,0,36.2(-0.55 %),0,0,0,0,2,49.0
08/01/2013,10080,365904000,38(4.97 %),10080,365904000,0,0,0,49.0
09/01/2013,-93600,-3698109000,39(2.63 %),750,29925000,94350,3728034000,2,49.0
10/01/2013,-26740,-1041429000,39.5(1.28 %),40000,1560000000,66740,2601429000,26742,48.99
11/01/2013,0,0,38.9(-1.52 %),0,0,0,0,26742,48.99
14/01/2013,-710,-27122000,37.7(-3.08 %),20000,816000000,20710,843122000,27452,48.99
15/01/2013,32180,1427677000,38.2(1.33 %),86850,3500055000,54670,2072378000,0,49.0
16/01/2013,26740,1090992000,38.6(1.05 %),26740,1090992000,0,0,4,49.0
17/01/2013,-490,-18841000,38.1(-1.30 %),182000,6975332000,182490,6994173000,494,49.0
18/01/2013,840,31752000,37.9(-0.52 %),137370,5205283000,136530,5173531000,0,49.0
21/01/2013,49360,2013917000,37.7(-0.53 %),327370,13258485000,278010,11244568000,7,49.0
22/01/2013,0,0,37.1(-1.59 %),0,0,0,0,7,49.0
23/01/2013,290,10701000,37.1(0.00 %),490,18081000,200,7380000,0,49.0
24/01/2013,-8200,-311460000,38(2.43 %),10,373000,8210,311833000,2,49.0
25/01/2013,5310,203904000,39.3(3.42 %),260430,10194148000,255120,9990244000,0,49.0
28/01/2013,-1750,-70905000,39.8(1.27 %),0,0,1750,70905000,2,49.0
29/01/2013,-4960,-196424000,39.5(-0.75 %),200,7940000,5160,204364000,4962,49.0
30/01/2013,4390,171912000,40.8(3.29 %),8210,328400000,3820,156488000,572,49.0
31/01/2013,0,0,40.1(-1.72 %),0,0,0,0,572,49.0
01/02/2013,1250,50000000,39.5(-1.50 %),364160,15617389000,362910,15567389000,7,49.0
04/02/2013,5160,205368000,39.4(-0.25 %),5160,205368000,0,0,0,49.0
05/02/2013,-1460,-57906000,39.2(-0.51 %),3820,149362000,5280,207268000,7,49.0
06/02/2013,-2310,-90321000,39.4(0.51 %),20010,838391000,22320,928712000,2317,49.0
07/02/2013,-2620,-103490000,39.6(0.51 %),32500,1366950000,35120,1470440000,4937,49.0
08/02/2013,0,0,39.8(0.51 %),0,0,0,0,4937,49.0
18/02/2013,-1430,-57074000,40(0.50 %),5280,210144000,6710,267218000,6367,49.0
19/02/2013,450,18000000,39.7(-0.75 %),2320,92800000,1870,74800000,5917,49.0
20/02/2013,-5130,-203571000,39.5(-0.50 %),353350,14972056000,358480,15175627000,11047,49.0
21/02/2013,-21500,-838351000,38.6(-2.28 %),0,0,21500,838351000,32547,48.99
22/02/2013,-9870,-380941000,38.5(-0.26 %),6710,261019000,16580,641960000,42417,48.98
25/02/2013,620,24743000,38.4(-0.26 %),186923,7678421000,186303,7653678000,41797,48.98
26/02/2013,4080,159939000,36.9(-3.91 %),618460,25335410000,614380,25175471000,37717,48.99
27/02/2013,16750,672800000,36.6(-0.81 %),21500,847100000,4750,174300000,20967,48.99
28/02/2013,-10170,-372222000,37(1.09 %),16580,606828000,26750,979050000,31137,48.99
01/03/2013,1250,46375000,37(0.00 %),1250,46375000,0,0,2,49.0
04/03/2013,-71940,-2601309000,36.2(-2.16 %),4170,153873000,76110,2755182000,71942,48.97
05/03/2013,2880,103680000,35.7(-1.38 %),4750,171000000,1870,67320000,69062,48.97
06/03/2013,24040,922378000,36.2(1.40 %),46750,1781175000,22710,858797000,45022,48.98
07/03/2013,-3080,-112420000,36(-0.55 %),0,0,3080,112420000,48102,48.98
08/03/2013,71150,2750421000,36.8(2.22 %),76110,2930235000,4960,179814000,0,49.01
11/03/2013,-2550,-94571000,37.4(1.63 %),1870,68816000,4420,163387000,2,49.0
12/03/2013,-3690,-136940000,37.4(0.00 %),2710,100812000,6400,237752000,3692,49.0
13/03/2013,2910,109484000,37.1(-0.80 %),3080,115808000,170,6324000,782,49.0
14/03/2013,3780,141750000,37.3(0.54 %),39960,1572000000,36180,1430250000,0,49.0
15/03/2013,4420,165308000,37.2(-0.27 %),4420,165308000,0,0,2,49.0
18/03/2013,3440,129004000,36.9(-0.81 %),6400,238720000,2960,109716000,0,49.0
19/03/2013,-820,-30094000,37(0.27 %),35170,1381214000,35990,1411308000,7,49.0
20/03/2013,1180,44014000,37.2(0.54 %),103720,4094344000,102540,4050330000,0,49.0
21/03/2013,-3840,-144670000,38.2(2.69 %),760000,28272000000,763840,28416670000,7,49.0
22/03/2013,-14060,-533404000,38(-0.52 %),277880,11330992000,291940,11864396000,14067,48.99
25/03/2013,-4330,-166721000,38.5(1.32 %),990,38313000,5320,205034000,18397,48.99
26/03/2013,-7010,-270140000,38.3(-0.52 %),0,0,7010,270140000,25407,48.99
27/03/2013,-38880,-1468128000,37.8(-1.31 %),3840,146688000,42720,1614816000,64287,48.98
28/03/2013,13400,507860000,37.8(0.00 %),17020,645058000,3620,137198000,50887,48.98
29/03/2013,-14120,-533936000,37.8(0.00 %),5320,201096000,19440,735032000,65007,48.98
01/04/2013,940,32302000,38.4(1.59 %),7010,263576000,6070,231274000,7,49.0
02/04/2013,42220,1732170000,38.7(0.78 %),42720,1751520000,500,19350000,0,49.02
03/04/2013,1120,44456000,38.4(-0.78 %),121620,5025656000,120500,4981200000,7,49.0
04/04/2013,8190,318362000,38.1(-0.78 %),181700,7401100000,173510,7082738000,0,49.0
05/04/2013,4640,176034000,38.4(0.79 %),6070,230660000,1430,54626000,7,49.0
08/04/2013,-750,-29925000,39.7(3.39 %),60500,2479200000,61250,2509125000,757,49.0
09/04/2013,-2890,-116112000,40.9(3.02 %),42500,1795500000,45390,1911612000,3647,49.0
10/04/2013,9500,391600000,39.8(-2.69 %),111250,4441250000,101750,4049650000,0,49.0
11/04/2013,-4850,-190652000,39.2(-1.51 %),1430,56914000,6280,247566000,7,49.0
12/04/2013,1000,39650000,39(-0.51 %),106720,4468568000,105720,4428918000,0,49.0
15/04/2013,4140,160265000,37.8(-3.08 %),105390,4218015000,101250,4057750000,7,49.0
16/04/2013,-5830,-214384000,37.5(-0.79 %),1750,66150000,7580,280534000,5837,49.0
17/04/2013,-8290,-313264000,38(1.33 %),6280,239896000,14570,553160000,14127,48.99
18/04/2013,-10420,-389317000,37(-2.63 %),250,9400000,10670,398717000,24547,48.99
22/04/2013,1250,46875000,36.9(-0.27 %),21250,810875000,20000,764000000,23297,48.99
23/04/2013,-9090,-337966000,37.3(1.08 %),7580,283492000,16670,621458000,32387,48.99
24/04/2013,-420,-9650000,37.1(-0.54 %),14580,546750000,15000,556400000,32807,48.99
25/04/2013,6460,244271000,37.2(0.27 %),10670,401192000,4210,156921000,26347,48.99
26/04/2013,-3290,-122349000,37.2(0.00 %),0,0,3290,122349000,29637,48.99
02/05/2013,5570,211918000,37(-0.54 %),16670,623458000,11100,411540000,2,49.0
03/05/2013,12850,476735000,37.1(0.27 %),15000,556500000,2150,79765000,0,49.0
06/05/2013,1760,65829000,38.3(3.23 %),4210,157454000,2450,91625000,4,49.0
07/05/2013,-10020,-377950000,37.5(-2.09 %),3290,125020000,13310,502970000,10024,49.0
08/05/2013,9850,374450000,37.8(0.80 %),11100,421800000,1250,47350000,174,49.0
09/05/2013,-1680,-63527000,37.8(0.00 %),2150,81700000,3830,145227000,1854,49.0
10/05/2013,1650,62700000,37.9(0.26 %),2450,93100000,800,30400000,204,49.0
13/05/2013,13310,508442000,38(0.26 %),63310,2533442000,50000,2025000000,0,49.0
14/05/2013,-1680,-63990000,38.4(1.05 %),1250,47500000,2930,111490000,4,49.0
15/05/2013,810,31474000,38.8(1.04 %),103830,4248221000,103020,4216747000,0,49.0
16/05/2013,800,31200000,38.8(0.00 %),800,31200000,0,0,4,49.0
17/05/2013,-5160,-198660000,38.5(-0.77 %),0,0,5160,198660000,5164,49.0
20/05/2013,930,34805000,39.3(2.08 %),2930,112805000,2000,78000000,4234,49.0
21/05/2013,-7230,-298799000,42(6.87 %),3020,124726000,10250,423525000,11464,49.0
22/05/2013,-4370,-182866000,41.7(-0.71 %),0,0,4370,182866000,15834,48.99
23/05/2013,-1960,-82933000,41.7(0.00 %),5160,213108000,7120,296041000,17794,48.99
24/05/2013,-3600,-151186000,42(0.72 %),2010,83817000,5610,235003000,21394,48.99
27/05/2013,10250,443825000,42.8(1.90 %),10250,443825000,0,0,11144,49.0
28/05/2013,-1000,-43800000,43.1(0.70 %),4370,187910000,5370,231710000,12144,49.0
29/05/2013,7020,305320000,44(2.09 %),326515,15033830000,319495,14728510000,5124,49.0
30/05/2013,1860,81468000,43.9(-0.23 %),5610,245718000,3750,164250000,3264,49.0
31/05/2013,-1250,-55825000,44.5(1.37 %),0,0,1250,55825000,4514,49.0
03/06/2013,5370,238965000,44.3(-0.45 %),5370,238965000,0,0,4,49.0
04/06/2013,-7090,-314630000,44.7(0.90 %),210100,9498530000,217190,9813160000,7094,49.0
05/06/2013,-3040,-138100000,45.2(1.12 %),3750,168750000,6790,306850000,10134,49.0
06/06/2013,-6710,-302712000,45.7(1.11 %),1250,55875000,7960,358587000,16844,48.99
07/06/2013,-12820,-583024000,45.5(-0.44 %),0,0,12820,583024000,29664,48.99
10/06/2013,4670,215824000,45.6(0.22 %),7190,330740000,2520,114916000,24994,48.99
11/06/2013,-830,-37761000,45.2(-0.88 %),56790,2744624000,57620,2782385000,25824,48.99
12/06/2013,4300,193300000,45(-0.44 %),7960,358200000,3660,164900000,21524,48.99
13/06/2013,-4220,-187746000,44.7(-0.67 %),12820,573054000,17040,760800000,25744,48.99
14/06/2013,-1800,-80334000,44.2(-1.12 %),2520,113148000,4320,193482000,27544,48.99
17/06/2013,7620,339090000,43.2(-2.26 %),7620,339090000,0,0,19924,48.99
18/06/2013,-29350,-1261921000,42.9(-0.69 %),153670,6638544000,183020,7900465000,49274,48.98
19/06/2013,8560,368080000,43(0.23 %),17040,732720000,8480,364640000,40714,48.99
20/06/2013,3910,169076000,42.8(-0.47 %),4320,186624000,410,17548000,36804,48.99
21/06/2013,-32000,-1361100000,42.7(-0.23 %),150000,6534000000,182000,7895100000,68804,48.97
24/06/2013,33020,1505712000,42.5(-0.47 %),62002,2827291000,28982,1321579000,35784,48.99
25/06/2013,-8080,-334051000,41.4(-2.59 %),8490,358278000,16570,692329000,43864,48.98
26/06/2013,-6970,-286467000,41.5(0.24 %),40410,1784851000,47380,2071318000,50834,48.98
27/06/2013,20760,951302000,41.6(0.24 %),82000,3640800000,61240,2689498000,30074,48.99
28/06/2013,0,0,41.8(0.48 %),0,0,0,0,30074,48.99
01/07/2013,16570,697597000,42(0.48 %),16570,697597000,0,0,7,49.0
02/07/2013,3110,129977000,42.4(0.95 %),7380,310698000,4270,180721000,0,49.0
03/07/2013,10270,437502000,42.6(0.47 %),31240,1384824000,20970,947322000,9,49.0
04/07/2013,662940,30113538000,43.4(1.88 %),997940,45356038000,335000,15242500000,0,49.48
05/07/2013,-3750,-162375000,43.6(0.46 %),66600,3090240000,70350,3252615000,0,49.24
08/07/2013,4270,186599000,43(-1.38 %),4270,186599000,0,0,0,49.24
09/07/2013,-2280,-96615000,42.6(-0.93 %),970,41710000,3250,138325000,0,49.24
10/07/2013,-1250,-53000000,42.5(-0.23 %),0,0,1250,53000000,0,49.24
11/07/2013,-7490,-317099000,42.4(-0.24 %),3750,159750000,11240,476849000,0,49.24
12/07/2013,0,0,43(1.42 %),0,0,0,0,0,49.24
15/07/2013,100,5275000,43.1(0.23 %),103250,4740725000,103150,4735450000,7,49.24
16/07/2013,-1250,-54875000,43.6(1.16 %),31270,1438047000,32520,1492922000,1257,49.24
17/07/2013,-5630,-242659000,43.7(0.23 %),51240,2358560000,56870,2601219000,6887,49.24
18/07/2013,-890,-38893000,43.3(-0.92 %),20000,934000000,20890,972893000,7777,49.24
19/07/2013,1490,65279000,43.9(1.39 %),3150,137655000,1660,72376000,6287,49.24
22/07/2013,1250,56125000,43.9(0.00 %),38500,1799150000,37250,1743025000,5037,49.24
23/07/2013,14770,648525000,43.6(-0.68 %),287495,13432906000,272725,12784381000,0,49.25
24/07/2013,-41860,-1807102000,43(-1.38 %),290890,13552448000,332750,15359550000,7,49.24
25/07/2013,-15000,-652666000,43.4(0.93 %),1660,72044000,16660,724710000,15007,49.24
26/07/2013,0,375000,42.9(-1.15 %),21250,982500000,21250,982125000,15007,49.24
29/07/2013,1660,71589000,42.2(-1.63 %),2110,90519000,450,18930000,13347,49.24
30/07/2013,58460,2648825000,43(1.90 %),244750,11038225000,186290,8389400000,0,49.26
31/07/2013,6660,294378000,43(0.00 %),16660,721378000,10000,427000000,2,49.24
01/08/2013,-22200,-954400000,42.9(-0.23 %),38281,1646083000,60481,2600483000,2,49.24
02/08/2013,-12680,-548594000,43.2(0.70 %),450,19485000,13130,568079000,12682,49.24
05/08/2013,3760,161957000,44.5(3.01 %),4290,185757000,530,23800000,8922,49.24
06/08/2013,-2180,-99010000,45.2(1.57 %),10000,445000000,12180,544010000,11102,49.24
07/08/2013,23350,1118375000,46.3(2.43 %),223450,10782975000,200100,9664600000,0,49.25
08/08/2013,11250,521625000,45.2(-2.38 %),13130,607919000,1880,86294000,2,49.24
09/08/2013,-3780,-171504000,45.6(0.88 %),530,23956000,4310,195460000,3782,49.24
12/08/2013,12180,557844000,45.5(-0.22 %),45930,2201469000,33750,1643625000,0,49.25
13/08/2013,-7660,-350812000,45.5(0.22 %),100,4540000,7760,355352000,2,49.24
14/08/2013,1880,85540000,45.7(0.44 %),237020,11513344000,235140,11427804000,0,49.24
15/08/2013,-5630,-258935000,45.8(3.62 %),4310,195243000,9940,454178000,2,49.24
16/08/2013,-7210,-327887000,46(0.44 %),0,0,7210,327887000,7212,49.24
19/08/2013,3560,158970000,47.1(2.39 %),7760,356960000,4200,197990000,3652,49.24
20/08/2013,-4820,-225015000,46.8(-0.64 %),400000,20000000000,404820,20225015000,8472,49.24
21/08/2013,6130,287014000,46.4(-0.85 %),9940,465192000,3810,178178000,2342,49.24
22/08/2013,2210,107444000,45.4(-2.16 %),96400,4487550000,94190,4380106000,132,49.24
23/08/2013,-1300,-55792000,44.7(-1.54 %),104200,5041100000,105500,5096892000,1432,49.24
26/08/2013,900,41319000,44.6(-0.22 %),337290,15827006000,336390,15785687000,532,49.24
27/08/2013,-3130,-138294000,44.4(-0.45 %),3810,171069000,6940,309363000,3662,49.24
28/08/2013,90,8652000,42.8(-3.60 %),230000,10856500000,229910,10847848000,3572,49.24
29/08/2013,-7010,-300274000,42.6(-0.47 %),29250,1319675000,36260,1619949000,10582,49.24
30/08/2013,-29970,-1284512000,43.1(1.17 %),199660,9000088000,229630,10284600000,40552,49.23
03/09/2013,4030,178270000,42.8(-0.70 %),6940,303278000,2910,125008000,6,49.24
04/09/2013,4410,190321000,42.9(0.23 %),17947222,807615661000,17942812,807425340000,0,49.24
05/09/2013,5960,257654000,43.7(1.86 %),1307090,59961654000,1301130,59704000000,6,49.24
06/09/2013,33900,1552620000,44.3(1.37 %),10095470,454625270000,10061570,453072650000,0,49.25
09/09/2013,2910,128913000,43.2(-2.48 %),2910,128913000,0,0,8,49.24
10/09/2013,-1690,-73527000,43.5(0.69 %),500,21600000,2190,95127000,1698,49.24
11/09/2013,-6570,-283108000,43.3(-0.46 %),6550,287545000,13120,570653000,8268,49.24
12/09/2013,-10550,-454899000,43(-0.69 %),0,0,10550,454899000,18818,49.24
13/09/2013,-10220,-438992000,42.8(-0.47 %),700000,32200000000,710220,32638992000,29038,49.23
16/09/2013,2190,93951000,42.7(-0.23 %),2190,93951000,0,0,26848,49.23
17/09/2013,7670,328918000,42.9(0.47 %),13120,562848000,5450,233930000,19178,49.24
18/09/2013,10520,455519000,43.3(0.93 %),90550,4128815000,80030,3673296000,8658,49.24
19/09/2013,-8110,-354451000,43.4(0.23 %),10220,445592000,18330,800043000,16768,49.24
20/09/2013,-3320,-144752000,43.5(0.23 %),0,0,3320,144752000,20088,49.23
23/09/2013,1450,61125000,44.4(2.07 %),525450,23167075000,524000,23105950000,18638,49.24
24/09/2013,-6630,-299031000,45.2(1.80 %),300030,13201335000,306660,13500366000,25268,49.23
25/09/2013,14330,649549000,44.8(-0.88 %),248008,11263796000,233678,10614247000,10938,49.24
26/09/2013,2700,121032000,45.2(0.89 %),132480,6125512000,129780,6004480000,8238,49.24
27/09/2013,-4320,-192376000,45(-0.44 %),24000,1121200000,28320,1313576000,12558,49.24
30/09/2013,5660,257464000,45.1(0.22 %),6660,302364000,1000,44900000,6898,49.24
01/10/2013,-19910,-894804000,44.8(-0.67 %),4000,179600000,23910,1074404000,8,49.24
02/10/2013,-4310,-193438000,45.1(0.67 %),620,27776000,4930,221214000,4318,49.24
03/10/2013,6950,313856000,44.8(-0.67 %),8320,375232000,1370,61376000,0,49.24
04/10/2013,-690,-31560000,45.6(1.79 %),1010,45450000,1700,77010000,0,49.24
07/10/2013,23840,1155085000,46.1(1.10 %),123910,6028305000,100070,4873220000,0,49.24
08/10/2013,1600,73760000,45.9(-0.43 %),104930,5157273000,103330,5083513000,0,49.24
09/10/2013,-3790,-173929000,45.7(-0.44 %),1370,62883000,5160,236812000,0,49.24
10/10/2013,-9120,-412072000,45.1(-1.31 %),1700,77520000,10820,489592000,0,49.24
11/10/2013,-12030,-543849000,45(-0.22 %),70,3171000,12100,547020000,5,49.24
14/10/2013,2250,101475000,44.9(-0.22 %),3330,150183000,1080,48708000,0,49.24
15/10/2013,3210,144916000,45.5(1.34 %),5160,232716000,1950,87800000,5,49.24
16/10/2013,9580,437931000,45.7(0.44 %),10830,494931000,1250,57000000,0,49.25
17/10/2013,12100,557810000,45.9(0.44 %),102100,4949810000,90000,4392000000,1,49.24
18/10/2013,-670,-31345000,46.2(0.65 %),31080,1522680000,31750,1554025000,671,49.24
21/10/2013,1950,90090000,46.2(0.00 %),51950,2560090000,50000,2470000000,0,49.24
22/10/2013,-29440,-1352153000,46(-0.43 %),25000,1230625000,54440,2582778000,8,49.24
23/10/2013,0,0,46.2(0.43 %),30000,1476000000,30000,1476000000,8,49.24
24/10/2013,80,3680000,46(-0.43 %),99241,4896555000,99161,4892875000,0,49.24
25/10/2013,-1660,-76194000,45.6(-0.87 %),0,0,1660,76194000,8,49.24
28/10/2013,29690,1447240000,45.4(-0.44 %),30690,1492740000,1000,45500000,0,49.25
29/10/2013,-2660,-120532000,45.6(0.44 %),0,0,2660,120532000,8,49.24
30/10/2013,-2200,-100618000,46(0.88 %),1670,76152000,3870,176770000,2208,49.24
31/10/2013,1070,49386000,45.8(-0.43 %),1660,76526000,590,27140000,1138,49.24
01/11/2013,1000,46000000,46(0.44 %),31843,1458609000,30843,1412609000,8,49.24
04/11/2013,2660,122626000,46(0.00 %),2660,122626000,0,0,0,49.24
05/11/2013,-2360,-108398000,45.9(-0.22 %),3870,178020000,6230,286418000,8,49.24
06/11/2013,590,27140000,46.1(0.44 %),590,27140000,0,0,0,49.24
07/11/2013,-3750,-172750000,45.8(-0.65 %),0,0,3750,172750000,8,49.24
08/11/2013,-2400,-109920000,46(0.44 %),20000,980000000,22400,1089920000,2408,49.24
11/11/2013,1810,83516000,46.1(0.22 %),6230,287203000,4420,203687000,598,49.24
12/11/2013,-8680,-401998000,46.3(0.43 %),0,0,8680,401998000,9278,49.24
13/11/2013,-480,-21051000,46.2(-0.22 %),3750,174375000,4230,195426000,9758,49.24
14/11/2013,-1330,-61538000,46.3(0.22 %),2410,111583000,3740,173121000,11088,49.24
15/11/2013,670,28155000,47.6(2.81 %),4420,205530000,3750,177375000,10418,49.24
18/11/2013,5560,265632000,48.1(1.05 %),8680,416640000,3120,151008000,4858,49.24
19/11/2013,990,47311000,48.3(0.42 %),4230,203886000,3240,156575000,3868,49.24
20/11/2013,2080,100962000,48.1(-0.41 %),45520,2332312000,43440,2231350000,1788,49.24
21/11/2013,400,18671000,48(-0.21 %),475653,21829474000,475253,21810803000,1388,49.24
22/11/2013,-17740,-858395000,48.5(1.04 %),3120,150384000,20860,1008779000,19128,49.24
25/11/2013,3240,157464000,48.6(0.21 %),108180,5561874000,104940,5404410000,15888,49.24
26/11/2013,-13830,-671229000,48.6(0.00 %),1660,80510000,15490,751739000,29718,49.23
27/11/2013,3350,163145000,48.6(0.00 %),116490,6046425000,113140,5883280000,26368,49.23
28/11/2013,5690,349273000,48.4(-0.41 %),1267985,65935220000,1262295,65585947000,20678,49.23
29/11/2013,-7750,-373150000,48.1(-0.62 %),0,0,7750,373150000,28428,49.23
02/12/2013,14240,687792000,48.3(0.42 %),15490,748167000,1250,60375000,8,49.24
03/12/2013,-1000,-48300000,48.8(1.04 %),0,0,1000,48300000,1008,49.24
04/12/2013,15170,744847000,48.8(0.00 %),40740,2074487000,25570,1329640000,0,49.25
05/12/2013,-1050,-45560000,48.1(-1.43 %),123610,6402920000,124660,6448480000,8,49.24
06/12/2013,0,-125000,48(-0.21 %),1250,60125000,1250,60250000,8,49.24
09/12/2013,-13570,-649196000,47.5(-1.04 %),1000,48000000,14570,697196000,13578,49.24
10/12/2013,-14440,-681578000,47.2(-0.63 %),0,0,14440,681578000,28018,49.23
11/12/2013,7550,356985000,46.8(-0.85 %),8800,415360000,1250,58375000,20468,49.23
12/12/2013,-13870,-646266000,46.8(0.00 %),1250,58500000,15120,704766000,34338,49.23
13/12/2013,3320,152997000,47.2(0.85 %),14570,686247000,11250,533250000,31018,49.23
16/12/2013,11840,559181000,47.2(0.00 %),14440,681568000,2600,122387000,19178,49.24
17/12/2013,-6060,-286032000,47.2(0.00 %),1250,59000000,7310,345032000,25238,49.23
18/12/2013,14620,693188000,47.3(0.21 %),15120,716688000,500,23500000,10618,49.24
19/12/2013,-18980,-898740000,47.3(0.00 %),111250,5582125000,130230,6480865000,29598,49.23
20/12/2013,1600,76000000,47(-0.63 %),39990,2011695000,38390,1935695000,27998,49.23
23/12/2013,7310,343570000,47.2(0.43 %),7310,343570000,0,0,20688,49.23
24/12/2013,-11390,-536940000,46.9(-0.64 %),500,23550000,11890,560490000,32078,49.23
25/12/2013,24820,1257771000,46.8(-0.21 %),30230,1511500000,5410,253729000,7258,49.24
26/12/2013,-1020,-47736000,47.1(0.64 %),1000,46800000,2020,94536000,8278,49.24
27/12/2013,0,0,47.1(0.00 %),0,0,0,0,8278,49.24
30/12/2013,11890,563586000,46.7(-0.85 %),11890,563586000,0,0,0,49.24
31/12/2013,2360,110074000,47.1(0.86 %),5410,253729000,3050,143655000,8,49.24
02/01/2014,1770,84277000,47.4(0.64 %),2020,96152000,250,11875000,8,49.24
03/01/2014,0,0,47.3(-0.21 %),30000,1515000000,30000,1515000000,8,49.24
06/01/2014,-10070,-477318000,48(1.48 %),0,0,10070,477318000,10078,49.24
07/01/2014,300,14863000,47.5(-1.04 %),3050,146400000,2750,131537000,9778,49.24
08/01/2014,250,11850000,47.8(0.63 %),250,11850000,0,0,9528,49.24
09/01/2014,-1910,-91207000,48.4(1.26 %),0,0,1910,91207000,11438,49.24
10/01/2014,8190,396463000,48.7(0.62 %),10070,488395000,1880,91932000,3248,49.24
13/01/2014,2750,134750000,49.1(0.82 %),2750,134750000,0,0,498,49.24
14/01/2014,-10,-492000,49.2(0.20 %),70000,3675000000,70010,3675492000,508,49.24
15/01/2014,1710,84636000,50(1.63 %),1910,94736000,200,10100000,0,49.24
16/01/2014,-8340,-421720000,50.5(1.00 %),1880,95880000,10220,517600000,8,49.24
17/01/2014,-14220,-733440000,51.5(1.98 %),0,0,14220,733440000,14228,49.24
20/01/2014,-10600,-551205000,52(0.97 %),10,515000,10610,551720000,24828,49.23
21/01/2014,-7240,-374705000,53(1.92 %),116510,6465605000,123750,6840310000,32068,49.23
22/01/2014,5220,281770000,53(0.00 %),144220,8117770000,139000,7836000000,26848,49.23
23/01/2014,-14650,-781330000,54.5(2.83 %),14220,753660000,28870,1534990000,41498,49.23
24/01/2014,9260,508050000,56(2.75 %),50610,2903550000,41350,2395500000,32238,49.23
27/01/2014,-6020,-330490000,55.5(-0.89 %),27440,1606640000,33460,1937130000,38258,49.23
06/02/2014,-2690,-147905000,54.5(-1.80 %),90000,5290000000,92690,5437905000,8,49.24
07/02/2014,28770,1669010000,53.5(-1.83 %),99340,5761720000,70570,4092710000,0,49.25
10/02/2014,1050,56100000,55.5(3.74 %),1350,72900000,300,16800000,8,49.24
11/02/2014,13360,748110000,55(-0.90 %),13460,753760000,100,5650000,0,49.25
12/02/2014,3400,188550000,57(3.64 %),7690,426795000,4290,238245000,8,49.24
13/02/2014,-17940,-1016810000,57(0.00 %),100,5700000,18040,1022510000,17948,49.24
14/02/2014,-8340,-471720000,56.5(-0.88 %),83440,5047070000,91780,5518790000,26288,49.23
17/02/2014,-1150,-65025000,56(-0.88 %),100,5600000,1250,70625000,27438,49.23
18/02/2014,-40310,-2263800000,57(1.79 %),4290,240240000,44600,2504040000,67748,49.22
19/02/2014,14290,813030000,59(3.51 %),18040,1028280000,3750,215250000,53458,49.22
20/02/2014,-8530,-491855000,57(-3.39 %),37620,2335500000,46150,2827355000,61988,49.22
21/02/2014,-3720,-205800000,58(1.75 %),61250,3701250000,64970,3907050000,65708,49.22
24/02/2014,41130,2562140000,59.5(2.59 %),44600,2765200000,3470,203060000,24578,49.23
25/02/2014,-11980,-713880000,61.5(3.36 %),43750,2642135000,55730,3356015000,36558,49.23
26/02/2014,14920,921840000,64.5(4.88 %),117170,7614540000,102250,6692700000,21638,49.23
27/02/2014,-30,-3470000,63(-2.33 %),324732,22381658000,324762,22385128000,21668,49.23
28/02/2014,-1530,-91390000,64(1.59 %),725240,48577200000,726770,48668590000,23198,49.23
03/03/2014,2820,195175000,61.5(-3.91 %),15730,998855000,12910,803680000,8,49.24
04/03/2014,-120,-7320000,61(-0.81 %),33160,2161855000,33280,2169175000,128,49.24
05/03/2014,-310,-16565000,62(1.64 %),5000,310000000,5310,326565000,438,49.24
06/03/2014,130,6560000,62.5(0.81 %),25000,1630000000,24870,1623440000,308,49.24
07/03/2014,12310,769675000,63(0.80 %),32910,2136875000,20600,1367200000,0,49.25
10/03/2014,2370,149310000,63.5(0.79 %),30060,2004540000,27690,1855230000,8,49.24
11/03/2014,-26370,-1687930000,67(5.51 %),5310,337185000,31680,2025115000,26378,49.23
12/03/2014,4820,334990000,67.5(0.75 %),4870,338465000,50,3475000,21558,49.23
13/03/2014,-2700,-183600000,68(0.74 %),160600,11560800000,163300,11744400000,24258,49.23
14/03/2014,0,0,67.5(-0.74 %),213690,15492525000,213690,15492525000,24258,49.23
17/03/2014,27120,1971220000,67.5(0.00 %),101680,7320960000,74560,5349740000,0,49.24
18/03/2014,-23290,-1638320000,71(5.19 %),60050,4323375000,83340,5961695000,8,49.24
19/03/2014,3300,235950000,72(1.41 %),133300,10050950000,130000,9815000000,0,49.24
20/03/2014,-8490,-611285000,71(-1.39 %),244380,18817260000,252870,19428545000,8,49.24
21/03/2014,3800,269420000,71.5(0.70 %),104560,7873760000,100760,7604340000,0,49.24
24/03/2014,16500,1261475000,71(-0.70 %),23350,1751250000,6850,489775000,1,49.24
25/03/2014,-14140,-1003940000,69.5(-2.11 %),75000,5662500000,89140,6666440000,14141,49.24
26/03/2014,7160,501865000,68(-2.16 %),286730,21184060000,279570,20682195000,6981,49.24
27/03/2014,-17730,-1205640000,68(0.00 %),760,51680000,18490,1257320000,24711,49.23
28/03/2014,3850,260650000,70.5(3.68 %),56850,4097650000,53000,3837000000,20861,49.23
31/03/2014,-8690,-586935000,70(-0.71 %),134140,10018080000,142830,10605015000,29551,49.23
01/04/2014,1050,73550000,69(-1.43 %),357140,26600945000,356090,26527395000,1,49.24
02/04/2014,18490,1275810000,68(-1.45 %),313513,22960001000,295023,21684191000,0,49.25
03/04/2014,-2340,-160460000,68.5(0.74 %),3000,205500000,5340,365960000,1,49.24
04/04/2014,15760,1185830000,68(-0.73 %),50330,3674090000,34570,2488260000,0,49.25
07/04/2014,-5840,-405100000,69.5(2.21 %),280,19180000,6120,424280000,2,49.24
08/04/2014,-10890,-771160000,70.5(1.44 %),25000,1850000000,35890,2621160000,10892,49.24
10/04/2014,3900,278320000,70(-0.71 %),368767,27636165000,364867,27357845000,6992,49.24
11/04/2014,-3450,-245045000,70.5(0.71 %),328670,24450565000,332120,24695610000,10442,49.24
14/04/2014,4110,288810000,71.5(1.42 %),6120,434520000,2010,145710000,6332,49.24
15/04/2014,660,51065000,70.5(-1.40 %),196550,14981625000,195890,14930560000,5672,49.24
16/04/2014,1340,93850000,69(-2.13 %),166005,12379555000,164665,12285705000,4332,49.24
17/04/2014,10520,731140000,70(1.45 %),59000,4294420000,48480,3563280000,0,49.24
18/04/2014,2010,140700000,67.5(-3.57 %),189240,14089335000,187230,13948635000,9,49.24
21/04/2014,10230,685410000,65(-3.70 %),73600,5248050000,63370,4562640000,0,49.25
22/04/2014,-400,-26200000,67(3.08 %),100,6550000,500,32750000,9,49.24
23/04/2014,-4750,-314320000,65.5(-2.24 %),0,0,4750,314320000,4759,49.24
24/04/2014,-4150,-273375000,65.5(0.00 %),109000,7630000000,113150,7903375000,8909,49.24
25/04/2014,-290,-19515000,67.5(3.05 %),186150,13030500000,186440,13050015000,9199,49.24
28/04/2014,500,34000000,68.5(1.48 %),20500,1474000000,20000,1440000000,8699,49.24
29/04/2014,4750,323000000,68.5(0.00 %),4750,323000000,0,0,3949,49.24
05/05/2014,4150,286350000,66(-3.65 %),31981,2192774000,27831,1906424000,9,49.24
06/05/2014,-880,-55565000,65(-1.52 %),290,18995000,1170,74560000,889,49.24
07/05/2014,-3250,-164125000,51(0.39 %),0,0,3250,164125000,4139,49.24
08/05/2014,10,493000,47.5(-6.86 %),10,493000,0,0,4129,49.24
09/05/2014,-6380,-297276000,46.3(-2.53 %),0,0,6380,297276000,10509,49.24
12/05/2014,1170,52533000,43.1(-6.91 %),1170,52533000,0,0,9339,49.24
13/05/2014,3250,130975000,40.8(-5.34 %),3250,130975000,0,0,6089,49.24
14/05/2014,0,0,43.2(5.88 %),0,0,0,0,6089,49.24
15/05/2014,5440,236640000,41.5(-3.94 %),6380,277530000,940,40890000,649,49.24
16/05/2014,-3040,-126160000,44(6.02 %),0,0,3040,126160000,3689,49.24
19/05/2014,-1020,-44982000,44(0.00 %),0,0,1020,44982000,4709,49.24
20/05/2014,-4660,-205040000,44.4(0.91 %),0,0,4660,205040000,9369,49.24
21/05/2014,830,36632000,46.2(4.05 %),940,41736000,110,5104000,8539,49.24
22/05/2014,3040,140448000,45.8(-0.87 %),3040,140448000,0,0,5499,49.24
23/05/2014,1020,46410000,45.4(-0.87 %),1020,46410000,0,0,4479,49.24
26/05/2014,4660,209700000,45.2(-0.44 %),4660,209700000,0,0,0,49.24
27/05/2014,-890,-40817000,45.6(0.88 %),357130,17249049000,358020,17289866000,6,49.24
28/05/2014,0,0,46(0.88 %),0,0,0,0,6,49.24
29/05/2014,0,0,46.1(0.22 %),0,0,0,0,6,49.24
30/05/2014,0,0,46.2(0.22 %),0,0,0,0,6,49.24
02/06/2014,-2330,-107180000,45.4(-1.73 %),1000,46000000,3330,153180000,6,49.24
03/06/2014,-5000,-227185000,45.2(-0.44 %),0,0,5000,227185000,5006,49.24
04/06/2014,0,0,44.4(-1.77 %),20000,966000000,20000,966000000,5006,49.24
05/06/2014,-7000,-309600000,44.2(-0.45 %),0,0,7000,309600000,12006,49.24
06/06/2014,830,36103000,45(1.81 %),3330,146853000,2500,110750000,11176,49.24
09/06/2014,5000,226000000,44.9(-0.22 %),5000,226000000,0,0,6176,49.24
10/06/2014,0,0,44.9(0.00 %),0,0,0,0,6176,49.24
11/06/2014,6500,293800000,46.5(3.56 %),7000,316400000,500,22600000,0,49.24
12/06/2014,2000,94200000,47.1(1.29 %),2500,117500000,500,23300000,6,49.24
13/06/2014,-2990,-140829000,47(-0.21 %),10,471000,3000,141300000,2996,49.24
16/06/2014,-250,-11650000,46.5(-1.06 %),0,0,250,11650000,3246,49.24
17/06/2014,500,23250000,46.9(0.86 %),500,23250000,0,0,2746,49.24
18/06/2014,500,23450000,46.6(-0.64 %),396268,19811850000,395768,19788400000,2246,49.24
19/06/2014,500,23300000,46.2(-0.86 %),3000,139800000,2500,116500000,1746,49.24
20/06/2014,-250,-11550000,46.2(0.00 %),20000,988000000,20250,999550000,1996,61.55
23/06/2014,0,0,45.9(-0.65 %),0,0,0,0,1996,61.55
24/06/2014,-6500,-297675000,46.2(0.65 %),0,0,6500,297675000,8496,61.54
25/06/2014,0,0,46.6(0.87 %),0,0,0,0,8496,61.54
26/06/2014,-470,-21926000,46.5(-0.21 %),0,0,470,21926000,8966,61.54
27/06/2014,-60,-2784000,46.8(0.65 %),0,0,60,2784000,9026,49.19
30/06/2014,-9480,-441974000,46.6(-0.43 %),67000,3350000000,76480,3791974000,18506,49.19
01/07/2014,-5990,-280056000,46.7(0.21 %),48136,2243138000,54126,2523194000,24496,49.19
02/07/2014,-1460,-68617000,47(0.64 %),0,0,1460,68617000,25956,49.19
03/07/2014,-3830,-181781000,48.2(2.55 %),0,0,3830,181781000,29786,49.18
04/07/2014,5090,244645000,49.5(2.70 %),7710,373935000,2620,129290000,24696,49.19
07/07/2014,4590,227401000,50(1.01 %),5990,298901000,1400,71500000,20106,49.19
08/07/2014,700,34899000,49.9(-0.20 %),1460,72854000,760,37955000,19406,49.19
09/07/2014,-9630,-478808000,49.7(-0.40 %),23830,1251500000,33460,1730308000,29036,49.19
10/07/2014,2110,105326000,48.8(-1.81 %),2620,130214000,510,24888000,2628,49.0
11/07/2014,-780,-37192000,48.7(-0.20 %),1400,68320000,2180,105512000,398,0.0
14/07/2014,400,19263000,49.4(1.44 %),770,37499000,370,18236000,0,49.19
15/07/2014,11900,601980000,50(1.21 %),13460,679730000,1560,77750000,6,49.19
16/07/2014,510,25755000,49.9(-0.20 %),510,25755000,0,0,0,0.0
17/07/2014,2180,108564000,49.4(-1.00 %),2190,109062000,10,498000,0,49.19
18/07/2014,-2710,-140295000,52.5(6.28 %),370,18204000,3080,158499000,370,49.0
21/07/2014,1560,81120000,51(-2.86 %),1560,81120000,0,0,1567,49.0
22/07/2014,-1140,-58890000,52(1.96 %),0,0,1140,58890000,0,0.0
23/07/2014,20,1030000,51.5(-0.96 %),20,1030000,0,0,0,0.0
24/07/2014,-960,-51315000,52.5(1.94 %),3080,158620000,4040,209935000,0,0.0
25/07/2014,-4560,-237275000,51.5(-1.90 %),22172,1241632000,26732,1478907000,0,0.0
28/07/2014,1140,58140000,50(-2.91 %),1140,58140000,0,0,0,0.0
29/07/2014,-9540,-473880000,49.7(-0.60 %),0,0,9540,473880000,0,0.0
30/07/2014,-2210,-111087000,49.9(0.40 %),4040,200788000,6250,311875000,0,0.0
31/07/2014,840,41544000,50.5(1.20 %),4560,227544000,3720,186000000,664,0.0
01/08/2014,0,0,49.8(-1.39 %),0,0,0,0,0,0.0
04/08/2014,9540,476046000,50(0.40 %),9540,476046000,0,0,0,0.0
05/08/2014,2820,143820000,51.5(3.00 %),6250,318750000,3430,174930000,0,0.0
06/08/2014,3320,170980000,51(-0.97 %),54345,2975955000,51025,2804975000,3724,49.0
07/08/2014,-3120,-157560000,50.5(-0.98 %),0,0,3120,157560000,6844,49.19
08/08/2014,-5810,-293405000,50.5(0.00 %),0,0,5810,293405000,0,0.0
11/08/2014,-2580,-131080000,50.5(0.00 %),3430,174930000,6010,306010000,0,0.0
12/08/2014,400,20200000,50.5(0.00 %),114662,6190348000,114262,6170148000,0,0.0
13/08/2014,2220,113670000,51.5(1.98 %),3120,159120000,900,45450000,2325,0.0
14/08/2014,5810,299215000,52(0.97 %),135810,7449215000,130000,7150000000,5815,49.0
15/08/2014,4300,221450000,51.5(-0.96 %),88657,4896424000,84357,4674974000,6015,49.0
18/08/2014,-4210,-216815000,52.5(1.94 %),0,0,4210,216815000,0,0.0
19/08/2014,-11640,-619245000,53(0.95 %),900,47250000,12540,666495000,0,0.0
20/08/2014,-3630,-188760000,52(-1.89 %),30000,1665000000,33630,1853760000,0,0.0
21/08/2014,-1090,-57300000,51.5(-0.96 %),1710,88920000,2800,146220000,0,0.0
22/08/2014,4210,218920000,52(0.97 %),24210,1318920000,20000,1100000000,4215,49.0
25/08/2014,10270,538040000,52.5(0.96 %),62540,3433350000,52270,2895310000,12545,49.0
26/08/2014,-2850,-156070000,55(4.76 %),103630,5790575000,106480,5946645000,3635,49.0
27/08/2014,-4070,-220415000,55(0.00 %),884550,50413750000,888620,50634165000,2805,49.0
28/08/2014,-2560,-145420000,57(3.64 %),100000,5850000000,102560,5995420000,5,49.0
29/08/2014,2270,129390000,57.5(0.88 %),1042570,62567540000,1040300,62438150000,0,0.0
03/09/2014,3680,214845000,57(-0.87 %),116730,7156180000,113050,6941335000,6493,49.0
04/09/2014,6870,388155000,57(0.00 %),4206870,254488155000,4200000,254100000000,0,0.0
05/09/2014,2560,145920000,58(1.75 %),2560,145920000,0,0,0,0.0
08/09/2014,-1620,-95580000,58.5(0.86 %),272000,16864000000,273620,16959580000,3,49.0
09/09/2014,580,34230000,55.5(-5.13 %),2209882,138106385000,2209302,138072155000,2813,49.0
10/09/2014,-10450,-579975000,56(0.90 %),0,0,10450,579975000,0,0.0
11/09/2014,-3820,-213920000,55.5(-0.89 %),0,0,3820,213920000,0,0.0
12/09/2014,1620,90720000,56(0.90 %),1620,90720000,0,0,0,0.0
15/09/2014,2170,123690000,56(0.00 %),2230,127110000,60,3420000,2233,49.0
16/09/2014,8270,464210000,56(0.00 %),10450,585200000,2180,120990000,0,0.0
17/09/2014,1750,100785000,56.5(0.89 %),103820,6167740000,102070,6066955000,0,0.0
18/09/2014,-2070,-115920000,55(-2.65 %),0,0,2070,115920000,0,0.0
19/09/2014,-6330,-347995000,54(-1.82 %),70,3850000,6400,351845000,0,0.0
22/09/2014,1560,84860000,53(-1.85 %),22180,1267720000,20620,1182860000,0,0.0
23/09/2014,2070,109710000,52.5(-0.94 %),2070,109710000,0,0,0,0.0
24/09/2014,-2050,-108685000,52.5(0.00 %),2070,108675000,4120,217360000,1,49.19
25/09/2014,390,23790000,53.5(1.90 %),6400,339200000,6010,315410000,0,49.19
26/09/2014,-3280,-173530000,52.5(-1.87 %),174370,9936920000,177650,10110450000,1,49.19
29/09/2014,0,0,52(-0.95 %),200000,11200000000,200000,11200000000,0,0.0
30/09/2014,2560,132340000,52(0.00 %),4120,214240000,1560,81900000,3,0.0
01/10/2014,2890,150170000,53.5(2.88 %),64686,3366680000,61796,3216510000,3,0.0
02/10/2014,3580,191530000,54(0.93 %),3900,208650000,320,17120000,3,0.0
03/10/2014,-3120,-166920000,53.5(-0.93 %),0,0,3120,166920000,0,0.0
06/10/2014,0,0,53.5(0.00 %),1560,83460000,1560,83460000,0,0.0
07/10/2014,1640,87740000,53.5(0.00 %),23120,1306920000,21480,1219180000,0,0.0
08/10/2014,-16670,-883350000,53(-0.93 %),20320,1157120000,36990,2040470000,0,0.0
09/10/2014,-510,-25470000,52.5(-0.94 %),153120,8641920000,153630,8667390000,0,0.0
10/10/2014,-4300,-226215000,52(-0.95 %),77585,4339300000,81885,4565515000,0,0.0
13/10/2014,1480,76960000,53.5(2.88 %),101780,5643610000,100300,5566650000,0,49.19
14/10/2014,7370,399435000,52(-2.80 %),36990,2048965000,29620,1649530000,0,49.19
15/10/2014,2810,144305000,52(0.00 %),3630,186945000,820,42640000,0,49.19
16/10/2014,2740,144230000,49.7(-4.42 %),5860,301790000,3120,157560000,0,49.19
17/10/2014,-1560,-77064000,50.5(1.61 %),1855490,85909187000,1857050,85986251000,0,49.19
20/10/2014,3390,171195000,50(-0.99 %),9630,486315000,6240,315120000,0,49.19
21/10/2014,820,41000000,50(0.00 %),820,41000000,0,0,0,49.19
22/10/2014,2940,148470000,50.5(1.00 %),3120,157560000,180,9090000,0,49.19
23/10/2014,1560,78000000,49.9(-1.19 %),74630,4023780000,73070,3945780000,0,49.19
24/10/2014,4180,209621000,49.8(-0.20 %),6250,312500000,2070,102879000,0,49.19
27/10/2014,0,0,48.7(-2.21 %),0,0,0,0,0,49.19
29/10/2014,-1560,-78000000,50(2.04 %),50000,2600000000,51560,2678000000,0,49.19
30/10/2014,-15910,-803310000,50(0.00 %),2070,103500000,17980,906810000,0,49.19
31/10/2014,-780,-39000000,51(2.00 %),60000,3210000000,60780,3249000000,0,49.19
03/11/2014,1450,74675000,51.5(0.98 %),74031,3776306000,72581,3701631000,0,49.19
04/11/2014,1250,63750000,51(-0.97 %),1560,79560000,310,15810000,0,49.19
05/11/2014,16270,830580000,50.5(-0.98 %),217980,11816980000,201710,10986400000,0,49.19
06/11/2014,780,39780000,50(-0.99 %),780,39780000,0,0,0,49.19
07/11/2014,-8330,-416394000,50.5(1.00 %),250000,13375000000,258330,13791394000,0,49.19
10/11/2014,-9810,-496820000,50.5(0.00 %),80310,4335655000,90120,4832475000,0,49.19
11/11/2014,-7750,-390920000,51(0.99 %),121710,6567210000,129460,6958130000,6,49.19
12/11/2014,0,0,50.5(-0.98 %),100000,5450000000,100000,5450000000,6,49.19
13/11/2014,4940,249470000,50.5(0.00 %),8330,420665000,3390,171195000,0,49.19
14/11/2014,10120,511060000,50(-0.99 %),10120,511060000,0,0,6,49.19
17/11/2014,7960,402730000,49.9(-0.20 %),9460,477730000,1500,75000000,0,49.2
18/11/2014,-60,-2994000,49.1(-1.60 %),20000,1060000000,20060,1062994000,6,49.19
19/11/2014,1830,90219000,49(-0.20 %),3390,167127000,1560,76908000,0,49.19
20/11/2014,-5450,-267690000,49(0.00 %),0,0,5450,267690000,6,0.0
21/11/2014,-2500,-122850000,49.1(0.20 %),1500,73950000,4000,196800000,6,0.0
24/11/2014,60,2940000,48.8(-0.61 %),60,2940000,0,0,6,0.0
25/11/2014,-4690,-230120000,49.2(0.82 %),39980,2073970000,44670,2304090000,6,0.0
26/11/2014,5450,269780000,48.8(-0.81 %),5450,269780000,0,0,6,0.0
27/11/2014,1160,56960000,48.7(-0.20 %),4000,196400000,2840,139440000,6,0.0
28/11/2014,0,0,48.1(-1.23 %),0,0,0,0,6,0.0
01/12/2014,-80,-5740000,47.8(-0.62 %),380113,18862810000,380193,18868550000,6,0.0
02/12/2014,-7350,-350220000,47.7(-0.21 %),2629681,118320800000,2637031,118671020000,6,0.0
03/12/2014,2850,137090000,48.2(1.05 %),2850,137090000,0,0,3,0.0
04/12/2014,-8330,-403380000,48.6(0.83 %),40000,2060000000,48330,2463380000,3,0.0
05/12/2014,6330,308900000,48.7(0.21 %),293830,15258900000,287500,14950000000,3,0.0
08/12/2014,6730,328000000,48.3(-0.82 %),7350,357950000,620,29950000,3,0.0
09/12/2014,0,0,47.2(-2.28 %),0,0,0,0,3,0.0
10/12/2014,4830,227140000,47.7(1.06 %),8330,392340000,3500,165200000,3,0.0
11/12/2014,-6970,-330860000,47.4(-0.63 %),0,0,6970,330860000,3,0.0
12/12/2014,-7550,-362054000,48.1(1.48 %),620,29512000,8170,391566000,7553,49.19
15/12/2014,0,0,47.8(-0.62 %),0,0,0,0,3,0.0
16/12/2014,3470,165520000,47.2(-1.26 %),3500,166950000,30,1430000,3,0.0
17/12/2014,6970,329680000,45.2(-4.24 %),66970,3041680000,60000,2712000000,3,0.0
18/12/2014,4870,221380000,46.2(2.21 %),148170,7133740000,143300,6912360000,3,0.0
19/12/2014,0,0,45.6(-1.30 %),100000,4940000000,100000,4940000000,3,0.0
22/12/2014,30,1386000,46.3(1.54 %),30,1386000,0,0,0,49.19
23/12/2014,-90,-4200000,46.9(1.30 %),0,0,90,4200000,3,0.0
24/12/2014,-2450,-114760000,46.9(0.00 %),3300,155760000,5750,270520000,3,0.0
25/12/2014,-3850,-179410000,46.5(-0.85 %),0,0,3850,179410000,3,0.0
26/12/2014,-1560,-72384000,46.2(-0.65 %),500000,24850000000,501560,24922384000,1563,49.19
29/12/2014,-4590,-211843000,45.9(-0.65 %),190090,9390212000,194680,9602055000,6153,49.19
30/12/2014,5750,265075000,46.3(0.87 %),5750,265075000,0,0,403,49.19
31/12/2014,3850,179795000,48(3.67 %),3850,179795000,0,0,0,49.19
05/01/2015,-8120,-389584000,47.8(-0.42 %),381018,19267614000,389138,19657198000,6,49.19
06/01/2015,1880,88388000,48.1(0.63 %),28570,1440690000,26690,1352302000,0,49.19
07/01/2015,-3520,-170368000,48.4(0.62 %),0,0,3520,170368000,6,49.19
08/01/2015,-310,-14880000,47.9(-1.03 %),293877,15134666000,294187,15149546000,316,49.19
09/01/2015,3970,187308000,48.3(0.84 %),59600,3009592000,55630,2822284000,0,49.19
12/01/2015,2800,135240000,48.6(0.62 %),2800,135240000,0,0,6,49.19
13/01/2015,1560,75438000,48.7(0.21 %),1553520,80770368000,1551960,80694930000,0,49.19
14/01/2015,-2810,-136223000,48.6(-0.21 %),20310,1055097000,23120,1191320000,6,49.19
15/01/2015,1230,60951000,48.7(0.21 %),5710,278648000,4480,217697000,0,49.19
16/01/2015,0,0,48.5(-0.41 %),0,0,0,0,6,49.19
19/01/2015,1960,95060000,48(-1.03 %),1960,95060000,0,0,0,49.19
20/01/2015,-630,-30240000,48(0.00 %),34370,1743510000,35000,1773750000,6,49.19
21/01/2015,4490,216418000,48.4(0.83 %),4490,216418000,0,0,0,49.19
22/01/2015,0,0,48.2(-0.41 %),0,0,0,0,4,49.19
23/01/2015,-6000,-290400000,48.4(0.41 %),0,0,6000,290400000,6004,49.19
26/01/2015,-12160,-589584000,48.4(0.00 %),3750,181500000,15910,771084000,18164,49.19
27/01/2015,-7540,-363160000,48(-0.83 %),0,0,7540,363160000,25704,49.19
28/01/2015,0,0,47.9(-0.21 %),0,0,0,0,25704,49.19
29/01/2015,-9620,-459798000,47.9(0.00 %),6000,287400000,15620,747198000,35324,49.18
30/01/2015,11540,554981000,47.5(-0.84 %),35910,1783680000,24370,1228699000,23784,49.19
02/02/2015,7080,337099000,47.4(-0.21 %),62489,2968982000,55409,2631883000,7,49.19
03/02/2015,-2910,-137778000,47(-0.84 %),0,0,2910,137778000,2917,49.19
04/02/2015,15620,740388000,46.9(-0.21 %),15620,740388000,0,0,0,49.2
05/02/2015,640,30080000,47.2(0.64 %),4370,205390000,3730,175310000,7,49.19
06/02/2015,460,21850000,47.3(0.21 %),460,21850000,0,0,0,49.19
09/02/2015,2910,138807000,47.2(-0.21 %),237230,11971967000,234320,11833160000,7,49.19
10/02/2015,0,0,47.1(-0.21 %),300000,15150000000,300000,15150000000,7,49.19
11/02/2015,3510,166023000,47.5(0.85 %),153730,7676429000,150220,7510406000,0,49.19
12/02/2015,0,0,47.8(0.63 %),0,0,0,0,7,49.19
13/02/2015,0,0,48(0.42 %),0,0,0,0,7,49.19
24/02/2015,-3150,-151830000,48.6(1.25 %),189281,9653331000,192431,9805161000,3157,49.19
25/02/2015,220,10736000,48.5(-0.21 %),27806,1445208000,27586,1434472000,2937,49.19
26/02/2015,-4510,-219592000,49(1.03 %),55000,2832500000,59510,3052092000,7447,49.19
27/02/2015,10,491000,48.8(-0.41 %),10,491000,0,0,7437,49.19
02/03/2015,3150,154350000,48.5(-0.61 %),3150,154350000,0,0,2,49.19
03/03/2015,0,0,48.9(0.82 %),0,0,0,0,2,49.19
04/03/2015,3610,176892000,50(2.25 %),24510,1261892000,20900,1085000000,0,49.19
05/03/2015,-7590,-384335000,50(0.00 %),0,0,7590,384335000,2,49.19
06/03/2015,-180,-9090000,50(0.00 %),0,0,180,9090000,182,49.19
09/03/2015,0,0,49.2(-1.60 %),386000,20651000000,386000,20651000000,182,49.19
10/03/2015,740,36640000,49.7(1.02 %),900,44550000,160,7910000,0,49.19
11/03/2015,-600,-27855000,49.5(-0.40 %),7590,377223000,8190,405078000,2,49.19
12/03/2015,180,8910000,49.2(-0.61 %),180,8910000,0,0,0,49.19
13/03/2015,-2840,-140450000,49.2(0.00 %),95442,5010705000,98282,5151155000,3,49.19
16/03/2015,160,7872000,49.4(0.41 %),160,7872000,0,0,0,49.19
17/03/2015,8190,405405000,50(1.21 %),38190,1980405000,30000,1575000000,3,49.19
18/03/2015,-2990,-148600000,49.6(-0.80 %),20000,1070000000,22990,1218600000,2993,49.19
19/03/2015,-2590,-129041000,49.5(-0.20 %),2840,141716000,5430,270757000,5583,49.19
20/03/2015,-9410,-467952000,49.8(0.61 %),176560,9269400000,185970,9737352000,14993,49.19
23/03/2015,-2360,-117628000,49.4(-0.80 %),0,0,2360,117628000,17353,49.19
24/03/2015,-9160,-448459000,49.1(-0.61 %),102990,5398005000,112150,5846464000,26513,49.19
25/03/2015,-9160,-448459000,49.2(0.20 %),102990,5398005000,112150,5846464000,35673,49.18
26/03/2015,7410,366154000,49.3(0.20 %),9410,464854000,2000,98700000,28263,49.19
27/03/2015,360,18156000,49.2(-0.20 %),2360,117056000,2000,98900000,27903,49.19
30/03/2015,12150,600210000,48.4(-1.63 %),57150,2962710000,45000,2362500000,15753,49.19
31/03/2015,-24460,-1186350000,48.4(0.00 %),134537,6922456000,158997,8108806000,40213,49.18
01/04/2015,2000,97400000,47.7(-1.45 %),2000,97400000,0,0,3,49.19
02/04/2015,-27060,-1293105000,48.1(0.84 %),102000,5195600000,129060,6488705000,27063,49.19
03/04/2015,0,0,48.8(1.46 %),50000,2550000000,50000,2550000000,27063,49.19
06/04/2015,26460,1375920000,48.5(-0.61 %),26460,1375920000,0,0,603,49.19
07/04/2015,0,0,48.9(0.82 %),50000,2575000000,50000,2575000000,603,49.19
08/04/2015,29060,1511120000,48.9(0.00 %),29060,1511120000,0,0,0,49.2
09/04/2015,-10000,-486169000,48.9(0.00 %),0,0,10000,486169000,5,49.19
10/04/2015,0,0,49.2(0.61 %),0,0,0,0,5,49.19
13/04/2015,-2270,-111684000,49.2(0.00 %),0,0,2270,111684000,2275,49.19
14/04/2015,0,0,48.7(-1.02 %),0,0,0,0,2275,49.19
15/04/2015,10010,489489000,48.9(0.41 %),39130,2003729000,29120,1514240000,0,49.2
16/04/2015,0,0,48.8(-0.20 %),0,0,0,0,6,49.19
17/04/2015,2270,111003000,51(4.51 %),2270,111003000,0,0,0,49.19
20/04/2015,-4030,-201510000,50.5(-0.98 %),0,0,4030,201510000,6,49.19
21/04/2015,-3950,-199475000,50(-0.99 %),0,0,3950,199475000,3956,49.19
22/04/2015,0,0,50(0.00 %),43590,2332065000,43590,2332065000,3956,49.19
23/04/2015,-21240,-1062000000,50.5(1.00 %),0,0,21240,1062000000,25196,49.19
24/04/2015,4040,204020000,50.5(0.00 %),4040,204020000,0,0,21156,49.19
27/04/2015,2500,128750000,51.5(1.98 %),3950,203425000,1450,74675000,18656,49.19
04/05/2015,0,0,49.4(-4.08 %),0,0,0,0,8,49.19
05/05/2015,18930,995756000,50(1.21 %),21240,1111256000,2310,115500000,0,49.2
06/05/2015,-30,-1500000,49.6(-0.80 %),0,0,30,1500000,8,49.0
07/05/2015,1450,72210000,49.9(0.60 %),1450,72210000,0,0,0,49.0
08/05/2015,0,0,49.9(0.00 %),0,0,0,0,8,49.0
11/05/2015,2310,115500000,49.7(-0.40 %),2310,115500000,0,0,0,49.0
12/05/2015,40,1988000,49.2(-1.01 %),40,1988000,0,0,5,49.0
13/05/2015,-2130,-104484000,49.2(0.00 %),0,0,2130,104484000,2135,49.0
14/05/2015,0,0,49.3(0.20 %),0,0,0,0,2135,49.0
15/05/2015,0,0,49.1(-0.41 %),20000,1050000000,20000,1050000000,2135,49.0
18/05/2015,-6100,-299310000,48.8(-0.61 %),0,0,6100,299310000,8235,49.0
19/05/2015,-12530,-614309000,49.2(0.82 %),247255,11232406000,259785,11846715000,20765,49.24
20/05/2015,842470,44173212000,51(3.66 %),842470,44173212000,0,0,0,49.48
21/05/2015,-620,-31620000,52.5(2.94 %),8360346,455638857000,8360966,455670477000,0,49.24
22/05/2015,6100,320250000,52(-0.95 %),2245190,125409290000,2239090,125089040000,0,49.0
25/05/2015,14560,757020000,54(3.85 %),14660,762320000,100,5300000,0,49.0
26/05/2015,-1800,-97200000,53(-1.85 %),60000,3450000000,61800,3547200000,0,49.0
27/05/2015,540,28700000,52.5(-0.94 %),620,32860000,80,4160000,0,49.0
28/05/2015,0,0,45.4(1.34 %),0,0,0,0,0,49.0
29/05/2015,100,4550000,45(-0.88 %),100,4550000,0,0,0,49.0
01/06/2015,1800,80820000,44.3(-1.56 %),1800,80820000,0,0,0,49.0
02/06/2015,80,3544000,43.7(-1.35 %),185120,8774440000,185040,8770896000,0,49.0
03/06/2015,-15000,-657000000,44.2(1.14 %),20000,934000000,35000,1591000000,5,49.0
04/06/2015,0,0,44.4(0.45 %),0,0,0,0,5,49.0
05/06/2015,0,0,44.8(0.90 %),0,0,0,0,5,49.0
08/06/2015,-200,-9000000,44.3(-1.12 %),0,0,200,9000000,205,49.0
09/06/2015,4650,201499000,44.3(0.00 %),15000,663000000,10350,461501000,0,49.0
10/06/2015,-3900,-173004000,44.6(0.68 %),0,0,3900,173004000,5,49.0
11/06/2015,-7430,-331378000,44.8(0.45 %),33270,1586979000,40700,1918357000,7435,49.0
12/06/2015,-1360,-61376000,45.1(0.67 %),47200,2260280000,48560,2321656000,8795,49.0
15/06/2015,10350,469890000,45(-0.22 %),10350,469890000,0,0,0,49.0
16/06/2015,-13370,-595926000,44.5(-1.11 %),3900,175500000,17270,771426000,9,49.0
17/06/2015,4310,191364000,44.4(-0.22 %),7430,329892000,3120,138528000,0,49.0
18/06/2015,-2200,-97992000,44.5(0.23 %),1560,69264000,3760,167256000,9,49.0
19/06/2015,-830,-36935000,44.8(0.67 %),0,0,830,36935000,839,49.0
22/06/2015,16960,763200000,45.6(1.79 %),17270,777150000,310,13950000,0,49.0
23/06/2015,2910,132696000,45.5(-0.22 %),3120,142272000,210,9576000,9,49.0
24/06/2015,3420,156027000,45.2(-0.66 %),3760,171456000,340,15429000,0,49.0
25/06/2015,830,37433000,45(-0.44 %),830,37433000,0,0,9,49.0
26/06/2015,-290,-14099000,46.3(2.89 %),310,13981000,600,28080000,299,49.0
29/06/2015,-8900,-422005000,46.8(1.08 %),210,9828000,9110,431833000,9199,49.0
30/06/2015,340,15742000,46.4(-0.85 %),340,15742000,0,0,8859,49.0
01/07/2015,10,464000,46.8(0.86 %),469520,23288160000,469510,23287696000,2,49.0
02/07/2015,600,28020000,47.2(0.85 %),600,28020000,0,0,0,48.62
03/07/2015,9110,431814000,47(-0.42 %),9110,431814000,0,0,5,48.62
06/07/2015,-300,-14130000,47.5(1.06 %),0,0,300,14130000,305,48.62
07/07/2015,-28100,-1331940000,47.6(0.21 %),0,0,28100,1331940000,28405,48.61
08/07/2015,0,0,46.7(-1.89 %),54874,2771137000,54874,2771137000,28405,48.61
09/07/2015,-4880,-227098000,46.7(0.00 %),301010,14057164000,305890,14284262000,33285,48.61
10/07/2015,0,0,46.6(-0.21 %),0,0,0,0,0,49.0
13/07/2015,20140,1002972000,46.9(0.64 %),20140,1002972000,0,0,13145,48.67
14/07/2015,-1060,-49926000,46.9(0.00 %),0,0,1060,49926000,14205,48.67
15/07/2015,4890,229830000,46.4(-1.07 %),4890,229830000,0,0,9315,48.67
16/07/2015,-310,-14384000,46.4(0.00 %),100000,4960000000,100310,4974384000,9625,48.67
17/07/2015,-2600,-120900000,46.4(0.00 %),0,0,2600,120900000,12225,48.67
20/07/2015,1060,49184000,46.2(-0.43 %),101060,5009184000,100000,4960000000,11165,48.67
21/07/2015,-4200,-193044000,45.6(-1.30 %),0,0,4200,193044000,15365,48.66
22/07/2015,-3580,-165023000,46.5(1.97 %),90130,4388370000,93710,4553393000,18945,48.66
23/07/2015,-5210,-242944000,47(1.08 %),274600,11898240000,279810,12141184000,24155,48.99
24/07/2015,0,0,47.6(1.28 %),68755,3437750000,68755,3437750000,24155,48.99
27/07/2015,-5800,-287820000,49(2.94 %),4200,201180000,10000,489000000,29955,48.99
28/07/2015,2870,140630000,48.2(-1.63 %),3890,190610000,1020,49980000,27085,48.99
29/07/2015,2030,97142000,47.9(-0.62 %),7810,376442000,5780,279300000,25055,48.99
30/07/2015,-9620,-460000000,47.3(-1.25 %),0,0,9620,460000000,34675,48.99
31/07/2015,10010,477480000,47.3(0.00 %),10010,477480000,0,0,24665,48.99
03/08/2015,-4200,-194810000,46.5(-1.69 %),41020,2067940000,45220,2262750000,2,49.0
04/08/2015,3900,182910000,47(1.08 %),25780,1265080000,21880,1082170000,0,49.0
05/08/2015,9620,454060000,47.4(0.85 %),236620,11804060000,227000,11350000000,2,49.0
06/08/2015,-3800,-178140000,46.8(-1.27 %),247000,12360000000,250800,12538140000,3802,49.0
07/08/2015,5220,245340000,47.3(1.07 %),125220,6185340000,120000,5940000000,0,49.0
10/08/2015,810,38150000,48.5(2.54 %),71880,3554300000,71070,3516150000,8,49.0
11/08/2015,-2650,-128560000,48.3(-0.41 %),50000,2475000000,52650,2603560000,2658,49.0
12/08/2015,3800,182400000,47.6(-1.45 %),3800,182400000,0,0,0,49.0
13/08/2015,-310,-14630000,47(-1.26 %),0,0,310,14630000,8,49.0
14/08/2015,1090,51120000,46.8(-0.43 %),141090,7051120000,140000,7000000000,0,49.0
17/08/2015,-540,-24270000,46.2(-1.28 %),2650,124020000,3190,148290000,1,49.0
18/08/2015,0,0,46.6(0.87 %),0,0,0,0,1,49.0
19/08/2015,310,14230000,46.1(1.10 %),310,14230000,0,0,0,49.0
20/08/2015,-200,-9160000,45.5(-1.30 %),332225,14380450000,332425,14389610000,1,49.0
21/08/2015,3190,143870000,45.2(-0.66 %),38190,1844870000,35000,1701000000,0,49.0
24/08/2015,-3930,-167890000,42.4(-6.19 %),0,0,3930,167890000,1,49.0
25/08/2015,-1740,-73080000,42.9(1.18 %),579657,26258460000,581397,26331540000,1741,49.0
26/08/2015,200,8600000,44.1(2.80 %),40200,1844600000,40000,1836000000,1541,49.0
27/08/2015,-950,-41900000,44.3(0.45 %),0,0,950,41900000,2491,49.0
28/08/2015,3930,175280000,44.7(0.90 %),3930,175280000,0,0,0,49.0
31/08/2015,-40,-1680000,44.2(-1.12 %),1750,77880000,1790,79560000,6,49.0
01/09/2015,0,0,44.1(-0.23 %),20000,944000000,20000,944000000,6,49.0
03/09/2015,950,41710000,43.7(-0.91 %),200950,9461710000,200000,9420000000,0,49.0
04/09/2015,0,0,43.8(0.23 %),0,0,0,0,6,49.0
07/09/2015,1440,63390000,43.6(-0.46 %),1790,78760000,350,15370000,0,49.0
08/09/2015,-550,-24040000,43.9(0.69 %),0,0,550,24040000,6,49.0
09/09/2015,-4130,-182890000,44.1(0.46 %),0,0,4130,182890000,4136,49.0
10/09/2015,-1090,-48070000,44.2(0.23 %),0,0,1090,48070000,5226,49.0
11/09/2015,350,15540000,44(-0.45 %),350,15540000,0,0,4876,49.0
14/09/2015,290,12810000,43.7(-0.68 %),550,24200000,260,11390000,4586,49.0
15/09/2015,4130,180070000,43.7(0.00 %),104130,4850070000,100000,4670000000,456,49.0
16/09/2015,1090,47630000,43.7(0.00 %),1090,47630000,0,0,0,49.0
17/09/2015,0,0,43.8(0.23 %),0,0,0,0,8,49.0
18/09/2015,260,11600000,44.6(1.83 %),60580,2834580000,60320,2822980000,0,49.0
21/09/2015,0,0,45.5(2.02 %),0,0,0,0,8,49.0
22/09/2015,0,0,45.2(-0.66 %),0,0,0,0,8,49.0
23/09/2015,0,0,44.9(-0.66 %),0,0,0,0,8,49.0
24/09/2015,-3210,-145210000,45.1(0.45 %),0,0,3210,145210000,3218,49.0
25/09/2015,10,450000,44.9(-0.44 %),10,450000,0,0,3208,49.0
28/09/2015,0,0,44.5(-0.89 %),0,0,0,0,3208,49.0
29/09/2015,0,0,44.5(0.00 %),21560,1026260000,21560,1026260000,3208,49.0
30/09/2015,-1800,-78670000,44.5(0.00 %),3210,143810000,5010,222480000,5008,49.0
01/10/2015,-280,-12460000,44.6(0.22 %),302470,14397570000,302750,14410030000,5,49.0
02/10/2015,0,0,44.6(0.00 %),100000,4770000000,100000,4770000000,5,49.0
05/10/2015,10,450000,45(0.90 %),10,450000,0,0,0,49.0
06/10/2015,5010,228460000,46(2.22 %),25010,1190460000,20000,962000000,3,49.0
07/10/2015,280,12940000,45.2(-1.74 %),280,12940000,0,0,0,49.0
08/10/2015,-20,-910000,45.8(1.33 %),0,0,20,910000,3,49.0
09/10/2015,-3590,-165500000,45.8(0.00 %),0,0,3590,165500000,3593,49.0
12/10/2015,-740,-33890000,45.8(0.00 %),10,460000,750,34350000,4333,49.0
13/10/2015,-16160,-735420000,45.5(-0.66 %),0,0,16160,735420000,20493,48.99
14/10/2015,-1480,-69560000,46.7(2.64 %),20,940000,1500,70500000,21973,48.99
15/10/2015,3210,150570000,46.6(-0.21 %),3590,168370000,380,17800000,18763,49.0
16/10/2015,750,35030000,46.7(0.21 %),750,35030000,0,0,18013,49.0
19/10/2015,16160,754670000,47.1(0.86 %),16160,754670000,0,0,1853,49.0
20/10/2015,1500,70650000,47.3(0.42 %),1500,70650000,0,0,353,49.0
21/10/2015,230,10950000,47(-0.63 %),380,18090000,150,7140000,123,49.0
22/10/2015,-10,-470000,46.9(-0.21 %),0,0,10,470000,133,49.0
23/10/2015,0,0,47.1(0.43 %),0,0,0,0,133,49.0
26/10/2015,-7460,-357630000,47.6(1.06 %),0,0,7460,357630000,7593,49.0
27/10/2015,150,7110000,48(0.84 %),150,7110000,0,0,7443,49.0
28/10/2015,-8990,-435660000,48.8(1.67 %),10,480000,9000,436140000,16433,49.0
29/10/2015,-16750,-825780000,49.3(1.02 %),0,0,16750,825780000,33183,48.99
30/10/2015,-1440,-67780000,49.3(0.00 %),28700,1483620000,30140,1551400000,34623,48.99
02/11/2015,-150,-7500000,49.5(0.41 %),30000,1575000000,30150,1582500000,2,49.0
03/11/2015,3890,193000000,52.5(6.06 %),9000,450000000,5110,257000000,0,49.0
04/11/2015,16750,887750000,52(-0.95 %),2486750,139207750000,2470000,138320000000,2,49.0
05/11/2015,7290,373830000,53.5(2.88 %),238900,11590350000,231610,11216520000,0,49.0
06/11/2015,-1640,-86840000,52.5(-1.87 %),491510,24775550000,493150,24862390000,2,49.0
09/11/2015,3320,172640000,51.5(-1.90 %),5110,265720000,1790,93080000,0,49.0
10/11/2015,-3490,-179740000,51(-0.97 %),0,0,3490,179740000,2,49.0
11/11/2015,1260,63630000,50.5(-0.98 %),91930,5003750000,90670,4940120000,0,49.0
12/11/2015,1620,82620000,53(4.95 %),70790,3748290000,69170,3665670000,5,49.0
13/11/2015,1790,94870000,54.5(2.83 %),21790,1224870000,20000,1130000000,0,49.0
16/11/2015,3490,188460000,54(-0.92 %),100790,5831860000,97300,5643400000,5,49.0
17/11/2015,-540,-28890000,52(-3.70 %),360,19260000,900,48150000,545,49.0
18/11/2015,170,8760000,52(0.00 %),170,8760000,0,0,375,49.0
19/11/2015,-7110,-366700000,51.5(-0.96 %),0,0,7110,366700000,7485,49.0
20/11/2015,-1160,-59160000,51(-0.97 %),504010,24142110000,505170,24201270000,8645,49.0
23/11/2015,900,45900000,49.5(-2.94 %),900,45900000,0,0,7745,49.0
24/11/2015,-8110,-399010000,49.1(-0.81 %),42660,2239650000,50770,2638660000,2,49.0
25/11/2015,1910,95250000,50(1.83 %),50110,2608020000,48200,2512770000,2,49.0
26/11/2015,940,46820000,49(-2.00 %),1170,58270000,230,11450000,2,49.0
27/11/2015,0,0,48.9(-0.20 %),0,0,0,0,2,49.0
30/11/2015,7450,365400000,48.3(-1.23 %),28860,1476390000,21410,1110990000,4,49.0
01/12/2015,2830,138490000,48.2(-0.21 %),5200,252720000,2370,114230000,4,49.0
02/12/2015,230,11090000,48.4(0.41 %),20230,1041090000,20000,1030000000,4,49.0
03/12/2015,0,0,48.5(0.21 %),0,0,0,0,4,49.0
04/12/2015,660,32010000,47.9(-1.24 %),660,32010000,0,0,9,49.0
07/12/2015,2370,113290000,47.5(-0.84 %),2370,113290000,0,0,9,49.0
08/12/2015,0,0,49(3.16 %),0,0,0,0,9,49.0
09/12/2015,-510,-24990000,48.2(-1.63 %),20,980000,530,25970000,2,49.0
10/12/2015,0,0,47.8(-0.83 %),0,0,0,0,2,49.0
11/12/2015,0,0,48(0.42 %),42440,2164440000,42440,2164440000,2,49.0
14/12/2015,-2490,-119520000,47.8(-0.42 %),10,480000,2500,120000000,0,49.0
15/12/2015,-4610,-222720000,48.5(1.46 %),530,25330000,5140,248050000,0,49.0
16/12/2015,-3510,-171930000,48.8(0.62 %),70000,3605000000,73510,3776930000,9,49.0
17/12/2015,-5130,-252400000,49.2(0.82 %),37240,1936480000,42370,2188880000,9,49.0
18/12/2015,2500,123000000,48.9(-0.61 %),2500,123000000,0,0,9,49.0
21/12/2015,2760,134970000,48.5(-0.82 %),73140,3787350000,70380,3652380000,9,49.0
22/12/2015,2270,110100000,48.1(-0.82 %),3510,170240000,1240,60140000,9,49.0
23/12/2015,5130,247780000,47.9(-0.42 %),5130,247780000,0,0,9,49.0
24/12/2015,10,480000,47.8(-0.21 %),10,480000,0,0,5,49.0
25/12/2015,2390,114720000,47.8(0.00 %),2390,114720000,0,0,3,49.0
28/12/2015,1240,59520000,48.1(0.63 %),34930,1777710000,33690,1718190000,3,49.0
29/12/2015,-4310,-208600000,48.3(0.42 %),0,0,4310,208600000,3,49.0
30/12/2015,0,0,48.3(0.00 %),0,0,0,0,3,49.0
31/12/2015,-8260,-398170000,48.3(0.00 %),0,0,8260,398170000,3,49.0
04/01/2016,0,0,47.8(-1.04 %),0,0,0,0,3,49.0
05/01/2016,4310,206020000,47.8(0.00 %),4310,206020000,0,0,3,49.0
06/01/2016,-5470,-261650000,47.9(0.21 %),0,0,5470,261650000,3,49.0
07/01/2016,3480,168600000,47(-1.88 %),107670,5465560000,104190,5296960000,3,49.0
08/01/2016,0,0,46.3(-1.49 %),0,0,0,0,8,49.0
11/01/2016,5470,253260000,45.9(-0.86 %),5470,253260000,0,0,8,49.0
12/01/2016,2790,128340000,46.9(2.18 %),24780,1201880000,21990,1073540000,8,49.0
13/01/2016,-3590,-168730000,46.4(-1.07 %),0,0,3590,168730000,8,49.0
14/01/2016,0,0,46.2(-0.43 %),30000,1488000000,30000,1488000000,8,49.0
15/01/2016,1990,91940000,46.1(-0.22 %),78960,3894260000,76970,3802320000,9,49.0
18/01/2016,390,21660000,44.9(-2.60 %),33590,1643060000,33200,1621400000,9,49.0
19/01/2016,0,0,45.1(0.45 %),0,0,0,0,9,49.0
20/01/2016,0,0,44.9(-0.44 %),0,0,0,0,9,49.0
21/01/2016,1410,63170000,44.9(0.00 %),3200,143360000,1790,80190000,9,49.0
22/01/2016,0,0,44.8(-0.22 %),0,0,0,0,9,49.0
25/01/2016,-300,-14020000,47.1(5.13 %),0,0,300,14020000,9,49.0
26/01/2016,1790,83240000,45.9(-2.55 %),1790,83240000,0,0,9,49.0
27/01/2016,0,0,46.3(0.87 %),200000,9820000000,200000,9820000000,9,49.0
28/01/2016,300,13890000,46(-0.65 %),46300,2290890000,46000,2277000000,9,49.0
29/01/2016,-6730,-310250000,46.4(0.87 %),0,0,6730,310250000,9,49.0
01/02/2016,10,470000,46.6(0.43 %),20010,992470000,20000,992000000,7,49.0
02/02/2016,-11260,-521340000,46.2(-0.86 %),0,0,11260,521340000,7,49.0
03/02/2016,6380,296030000,46.6(0.87 %),6730,312270000,350,16240000,7,49.0
04/02/2016,0,0,46.5(-0.21 %),0,0,0,0,7,49.0
05/02/2016,8030,375000000,46.9(0.86 %),11260,525840000,3230,150840000,7,49.0
15/02/2016,-1280,-59770000,46.7(-0.43 %),350,16350000,1630,76120000,7,49.0
16/02/2016,-530,-24910000,47.3(1.28 %),0,0,530,24910000,7,49.0
17/02/2016,2760,131010000,47.5(0.42 %),3230,153430000,470,22420000,7,49.0
18/02/2016,1630,77750000,48.1(1.26 %),101630,5127750000,100000,5050000000,7,49.0
19/02/2016,-9050,-432480000,47.7(-0.83 %),530,25440000,9580,457920000,7,49.0
22/02/2016,-630,-30050000,48.2(1.05 %),470,22420000,1100,52470000,7,49.0
23/02/2016,0,0,47.8(-0.83 %),20000,1030000000,20000,1030000000,7,49.0
24/02/2016,2610,124500000,47.8(0.00 %),9580,456970000,6970,332470000,7,49.0
25/02/2016,250,12000000,47.6(-0.42 %),41100,2092800000,40850,2080800000,7,49.0
26/02/2016,-1430,-68120000,47.7(0.21 %),35700,1802850000,37130,1870970000,7,49.0
29/02/2016,6970,333860000,47.8(0.21 %),6970,333860000,0,0,7,49.0
01/03/2016,850,40630000,48.2(0.84 %),50850,2590630000,50000,2550000000,7,49.0
02/03/2016,-960,-46560000,48.7(1.04 %),1440,69700000,2400,116260000,3,49.0
03/03/2016,0,0,48.8(0.21 %),0,0,0,0,3,49.0
04/03/2016,0,0,49(0.41 %),0,0,0,0,3,49.0
07/03/2016,2400,117600000,48.6(-0.82 %),2400,117600000,0,0,3,49.0
08/03/2016,-7590,-366210000,48(-1.23 %),0,0,7590,366210000,3,49.0
09/03/2016,-3200,-153860000,48(0.00 %),0,0,3200,153860000,3,49.0
10/03/2016,10,480000,48.2(0.42 %),10,480000,0,0,1,49.0
11/03/2016,7590,367360000,48.5(0.62 %),7590,367360000,0,0,1,49.0
14/03/2016,1230,60270000,48.7(0.41 %),303200,15046800000,301970,14986530000,1,49.0
15/03/2016,0,0,48.5(-0.41 %),0,0,0,0,1,49.0
16/03/2016,-20,-970000,48.5(0.00 %),0,0,20,970000,1,49.0
17/03/2016,470,22840000,48.5(0.00 %),200470,9814300000,200000,9791460000,1,49.0
18/03/2016,-2710,-132960000,49.3(1.65 %),100000,4930000000,102710,5062960000,1,49.0
21/03/2016,-3360,-165310000,49.2(-0.20 %),278490,14620670000,281850,14785980000,1,49.0
22/03/2016,1500,73500000,48.7(-1.02 %),71500,3482500000,70000,3409000000,1,49.0
23/03/2016,710,34580000,48.7(0.00 %),100710,4991800000,100000,4957220000,1,49.0
24/03/2016,3380,164940000,48.4(-0.62 %),3380,164940000,0,0,1,49.0
25/03/2016,-1500,-72300000,47.9(-1.03 %),68500,3342800000,70000,3415100000,1,49.0
28/03/2016,2000,96600000,48(0.21 %),2000,96600000,0,0,1,49.0
29/03/2016,0,0,47.5(-1.04 %),0,0,0,0,1,49.0
30/03/2016,1510,71730000,47.5(0.00 %),1510,71730000,0,0,0,49.0
31/03/2016,0,0,47.1(-0.84 %),115000,5807500000,115000,5807500000,0,49.0
01/04/2016,-350,-16490000,46.8(-0.64 %),0,0,350,16490000,0,49.0
04/04/2016,-1890,-88830000,46.8(0.00 %),0,0,1890,88830000,0,49.0
05/04/2016,0,0,47(0.43 %),250000,11950000000,250000,11950000000,0,49.0
06/04/2016,-720,-34050000,47.4(0.85 %),350,16450000,1070,50500000,0,49.0
07/04/2016,-110,-5420000,47.8(0.84 %),1890,89780000,2000,95200000,0,49.0
08/04/2016,-2000,-95200000,47.6(-0.42 %),248000,11926320000,250000,12021520000,0,49.0
11/04/2016,1070,51150000,47.9(0.63 %),1070,51150000,0,0,0,49.0
12/04/2016,2000,96000000,47.7(-0.42 %),2000,96000000,0,0,0,49.0
13/04/2016,2000,95200000,47.6(-0.21 %),2000,95200000,0,0,0,49.0
14/04/2016,0,0,47.5(-0.21 %),0,0,0,0,0,49.0
15/04/2016,-2000,-95400000,47.2(-0.63 %),251660,11123370000,253660,11218770000,0,49.0
19/04/2016,0,0,47(-0.42 %),425120,21468560000,425120,21468560000,7,49.0
20/04/2016,0,0,47.1(0.21 %),0,0,0,0,7,49.0
21/04/2016,1020,48250000,47.3(0.42 %),152020,7445550000,151000,7397300000,1,49.0
22/04/2016,0,0,47.8(1.06 %),150000,7386750000,150000,7386750000,8,49.0
25/04/2016,0,0,47.9(0.21 %),225000,11025000000,225000,11025000000,8,49.0
26/04/2016,1010,48380000,47.9(0.00 %),51010,2598380000,50000,2550000000,3,49.0
27/04/2016,-1030,-49410000,47.7(-0.42 %),22710,1158180000,23740,1207590000,2,49.0
28/04/2016,970510,49486590000,48.4(1.47 %),1216560,61696340000,246050,12209750000,5,49.24
29/04/2016,0,0,48.6(0.41 %),253634,13062150000,253634,13062150000,5,49.0
04/05/2016,1040,50130000,48.1(-1.03 %),51040,2650130000,50000,2600000000,5,49.0
05/05/2016,3050,146100000,47.8(-0.62 %),3050,146100000,0,0,5,49.0
06/05/2016,10,480000,47.5(-0.63 %),10,480000,0,0,4,49.0
09/05/2016,-6820,-324250000,47.2(-0.63 %),0,0,6820,324250000,4,49.0
10/05/2016,0,0,47.3(0.21 %),191250,9084380000,191250,9084380000,4,49.0
11/05/2016,6040,288110000,47.7(0.85 %),6060,289060000,20,950000,4,49.0
12/05/2016,6680,320020000,47.4(-0.63 %),6820,326680000,140,6660000,4,49.0
13/05/2016,-18290,-868770000,47.4(0.00 %),10,480000,18300,869250000,2,49.0
16/05/2016,20,950000,47.3(-0.21 %),210020,10092950000,210000,10092000000,2,49.0
17/05/2016,-170,-8150000,47.6(0.63 %),140,6640000,310,14790000,2,49.0
18/05/2016,18310,878880000,47.7(0.21 %),18310,878880000,0,0,2,49.0
19/05/2016,0,0,47.7(0.00 %),0,0,0,0,2,49.0
20/05/2016,310,14790000,47.9(0.42 %),310,14790000,0,0,2,49.0
23/05/2016,0,0,47.8(-0.21 %),0,0,0,0,2,49.0
24/05/2016,0,0,47.7(-0.21 %),2000000,101993000000,2000000,101993000000,2,49.0
25/05/2016,0,0,47.7(0.00 %),0,0,0,0,2,49.0
26/05/2016,0,0,47.5(-0.42 %),0,0,0,0,7,49.0
27/05/2016,0,0,41(1.38 %),130330,5630260000,130330,5630260000,7,49.0
30/05/2016,-7660,-315426000,41.1(0.24 %),0,0,7660,315426000,7667,49.0
31/05/2016,0,0,40.8(-0.73 %),0,0,0,0,7667,49.0
01/06/2016,0,0,40.8(0.00 %),0,0,0,0,7,49.0
02/06/2016,-5250,-212664000,40.8(0.00 %),7680,314880000,12930,527544000,5257,49.0
03/06/2016,0,0,40.7(-0.25 %),0,0,0,0,1,49.0
06/06/2016,-3000,-121200000,40.4(-0.74 %),0,0,3000,121200000,1,48.67
07/06/2016,10930,443960000,40.5(0.25 %),12930,524960000,2000,81000000,1,48.67
08/06/2016,-2800,-113120000,40.7(0.49 %),0,0,2800,113120000,1,48.67
09/06/2016,3000,122100000,40.5(-0.49 %),3000,122100000,0,0,1,48.67
10/06/2016,2000,80800000,40.5(0.00 %),2000,80800000,0,0,1,48.67
13/06/2016,870,35280000,40.4(-0.25 %),202800,8773400000,201930,8738120000,1,48.67
14/06/2016,0,0,40.5(0.25 %),0,0,0,0,1,48.67
15/06/2016,-9580,-386070000,40.3(-0.49 %),120000,5196000000,129580,5582070000,1,48.67
16/06/2016,1930,78170000,40.4(0.25 %),1930,78170000,0,0,1,48.67
17/06/2016,-1660,-67060000,40.4(0.00 %),32000,1382400000,33660,1449460000,1,48.67
20/06/2016,6130,248260000,42.7(5.69 %),9580,387990000,3450,139730000,7,48.67
21/06/2016,0,0,42.7(0.00 %),0,0,0,0,7,48.67
22/06/2016,910,38600000,42.4(-0.70 %),1660,70550000,750,31950000,7,48.67
23/06/2016,3250,137540000,41.9(-1.18 %),3450,145940000,200,8400000,7,48.67
24/06/2016,-1790,-70710000,40.9(-2.39 %),50000,2240000000,51790,2310710000,7,48.67
27/06/2016,-2650,-108100000,41.2(0.73 %),750,30680000,3400,138780000,7,48.67
28/06/2016,200,8240000,41.2(0.00 %),200,8240000,0,0,7,48.67
29/06/2016,1790,73570000,42(1.94 %),1790,73570000,0,0,7,48.67
30/06/2016,1020,44720000,41.8(-0.48 %),3400,144500000,2380,99780000,7,48.67
01/07/2016,-9780,-413720000,41.9(0.24 %),70,2940000,9850,416660000,8,48.67
04/07/2016,-5000,-212350000,42.5(1.43 %),0,0,5000,212350000,8,48.67
05/07/2016,-1650,-69960000,42.2(-0.71 %),0,0,1650,69960000,0,55.97
06/07/2016,3370,141880000,42.3(0.24 %),3370,141880000,0,0,9,55.97
07/07/2016,5000,213500000,43.3(2.36 %),5000,213500000,0,0,9,48.71
08/07/2016,1650,71610000,43.6(0.69 %),1650,71610000,0,0,9,48.71
11/07/2016,0,0,42.6(-2.29 %),0,0,0,0,9,48.71
12/07/2016,-1000,-42500000,42.6(0.00 %),0,0,1000,42500000,9,48.71
13/07/2016,-20,-860000,42.9(0.70 %),0,0,20,860000,9,48.71
14/07/2016,-1200,-51600000,43(0.23 %),230000,9982000000,231200,10033600000,9,48.71
15/07/2016,-8350,-357900000,42.6(-0.93 %),1000,42900000,9350,400800000,9,48.71
18/07/2016,-11480,-488100000,42.6(0.00 %),110020,4730850000,121500,5218950000,9,48.71
19/07/2016,530,22850000,41.9(-1.64 %),171200,7480750000,170670,7457900000,9,48.71
20/07/2016,5220,218600000,41.6(-0.72 %),49360,2141180000,44140,1922580000,0,48.71
21/07/2016,11500,479550000,41.6(0.00 %),141500,6117650000,130000,5638100000,0,48.71
22/07/2016,480,19930000,41.3(-0.72 %),670,27810000,190,7880000,0,48.71
25/07/2016,2530,104490000,41.1(-0.48 %),4140,170980000,1610,66490000,0,48.71
26/07/2016,0,0,40.9(-0.49 %),0,0,0,0,6,48.71
27/07/2016,190,7850000,41.3(0.98 %),190,7850000,0,0,6,48.71
28/07/2016,-1160,-47770000,41.3(0.00 %),1610,66490000,2770,114260000,6,48.71
29/07/2016,0,0,41(-0.73 %),0,0,0,0,6,48.71
01/08/2016,-120,-4920000,41.1(0.24 %),56000,2452800000,56120,2457720000,6,48.71
02/08/2016,2770,113850000,40.6(-1.22 %),34490,1506330000,31720,1392480000,0,48.71
03/08/2016,-230,-9340000,40.5(-0.25 %),0,0,230,9340000,0,48.71
04/08/2016,-1370,-55510000,40.4(-0.25 %),120,4860000,1490,60370000,0,48.71
05/08/2016,-3000,-121810000,40.5(0.25 %),10,400000,3010,122210000,6,48.71
08/08/2016,-7150,-290990000,40.6(0.25 %),230,9360000,7380,300350000,6,48.71
09/08/2016,-43710,-1783990000,40.9(0.74 %),1490,60790000,45200,1844780000,6,48.71
10/08/2016,-2760,-113490000,41.1(0.49 %),3020,122910000,5780,236400000,4,48.71
11/08/2016,7390,305210000,41.8(1.70 %),7390,305210000,0,0,1,48.71
12/08/2016,45200,2020440000,41.6(-0.48 %),45200,2020440000,0,0,1,48.71
15/08/2016,-63760,-2648530000,41.6(0.00 %),5780,240450000,69540,2888980000,1,48.71
16/08/2016,-7800,-331840000,42.7(2.64 %),0,0,7800,331840000,1,48.71
17/08/2016,0,0,43.2(1.17 %),0,0,0,0,5,48.71
18/08/2016,60860,2834790000,43.1(-0.23 %),69540,3211130000,8680,376340000,5,48.71
19/08/2016,4710,206110000,42.4(-1.62 %),7800,337740000,3090,131630000,5,48.71
22/08/2016,0,0,41.5(0.24 %),50000,2210000000,50000,2210000000,5,48.71
23/08/2016,7680,321120000,41.7(0.48 %),8680,362820000,1000,41700000,5,48.71
24/08/2016,3090,129160000,42(0.72 %),23090,1021160000,20000,892000000,5,49.0
25/08/2016,-3260,-136870000,42.4(0.95 %),10,420000,3270,137290000,2,49.0
26/08/2016,-4970,-214310000,43(1.42 %),1000,42400000,5970,256710000,6,49.0
29/08/2016,-2730,-117610000,42.6(-0.93 %),0,0,2730,117610000,6,49.0
30/08/2016,3270,138980000,42.6(0.00 %),3270,138980000,0,0,6,49.0
31/08/2016,5310,227200000,43.9(3.05 %),5970,256110000,660,28910000,6,49.0
01/09/2016,2630,116480000,44.5(1.37 %),22730,1058940000,20100,942460000,6,49.0
05/09/2016,-130,-5790000,44.5(0.00 %),1331660,62588020000,1331790,62593810000,6,49.0
06/09/2016,480,21290000,44.2(-0.67 %),9657504,459695070000,9657024,459673780000,6,49.0
07/09/2016,110,4850000,44.1(-0.23 %),54200,2557900000,54090,2553050000,3,49.0
08/09/2016,-70,-3360000,45.6(3.40 %),130,5770000,200,9130000,3,49.0
09/09/2016,180,8280000,45.7(0.22 %),4841886,233995920000,4841706,233987640000,3,49.0
12/09/2016,-1610,-73080000,45(-1.53 %),535000,25752250000,536610,25825330000,3,49.0
13/09/2016,100,4470000,45.2(0.44 %),1241650,59784820000,1241550,59780350000,3,49.0
14/09/2016,-100,-4590000,45.5(0.66 %),0,0,100,4590000,3,49.0
15/09/2016,1610,73260000,44.8(-1.54 %),46610,2262510000,45000,2189250000,3,49.0
16/09/2016,100,4450000,45(0.45 %),100,4450000,0,0,3,49.0
19/09/2016,-400,-17960000,45.3(0.67 %),100,4540000,500,22500000,3,49.0
20/09/2016,-700,-31910000,45.65(0.77 %),0,0,700,31910000,3,49.0
21/09/2016,-4040,-184630000,45.5(-0.33 %),38000,1854400000,42040,2039030000,3,49.0
22/09/2016,500,22750000,46.6(2.42 %),500,22750000,0,0,5,49.0
23/09/2016,700,32760000,47.4(1.72 %),22664713,1121814170000,22664013,1121781410000,8,49.0
26/09/2016,4040,192300000,47.8(0.84 %),44040,2220300000,40000,2028000000,8,49.0
27/09/2016,0,0,47.8(0.00 %),0,0,0,0,8,49.0
28/09/2016,0,0,47.9(0.21 %),82000,4190200000,82000,4190200000,8,49.0
29/09/2016,-3990,-190290000,47.35(-1.15 %),39000,1996800000,42990,2187090000,8,49.0
30/09/2016,0,0,46.65(-1.48 %),0,0,0,0,8,49.0
03/10/2016,0,0,46.65(0.00 %),20000,998000000,20000,998000000,8,49.0
04/10/2016,3960,185710000,46.8(0.32 %),50060,2486020000,46100,2300310000,8,49.0
05/10/2016,-230,-10810000,46.8(0.00 %),0,0,230,10810000,8,49.0
06/10/2016,-400,-18580000,46.1(-1.50 %),0,0,400,18580000,8,49.0
07/10/2016,40,1850000,45.05(-2.28 %),40,1850000,0,0,5,49.0
10/10/2016,230,10360000,43.6(-3.22 %),230,10360000,0,0,5,49.0
11/10/2016,-770,-33570000,44.5(2.06 %),400,17440000,1170,51010000,5,49.0
12/10/2016,0,0,43.8(-1.57 %),0,0,0,0,5,49.0
13/10/2016,0,0,44(0.46 %),51380,2407150000,51380,2407150000,5,49.0
14/10/2016,1170,51360000,43.85(-0.34 %),1170,51360000,0,0,5,49.0
17/10/2016,-2850,-124830000,43.4(-1.03 %),20000,938000000,22850,1062830000,5,49.0
18/10/2016,0,0,43.6(0.46 %),151000,7006400000,151000,7006400000,5,49.0
19/10/2016,-500,-21750000,43.85(0.57 %),25000,1166250000,25500,1188000000,5,49.0
20/10/2016,1530,67480000,43.5(-0.80 %),187990,8808760000,186460,8741280000,5,49.0
21/10/2016,0,0,43.4(-0.23 %),0,0,0,0,5,49.0
24/10/2016,-10020,-434200000,43.2(-0.46 %),30500,1413700000,40520,1847900000,5,49.0
25/10/2016,1320,57020000,43.2(0.00 %),23320,1073420000,22000,1016400000,5,49.0
26/10/2016,0,0,43(-0.46 %),0,0,0,0,5,49.0
27/10/2016,10410,450760000,43.2(0.47 %),10520,455520000,110,4760000,5,49.0
28/10/2016,-10,-430000,43.6(0.93 %),1227240,56453040000,1227250,56453470000,5,49.0
31/10/2016,-1240,-54150000,43.5(-0.23 %),100000,4665000000,101240,4719150000,5,49.0
01/11/2016,110,4800000,43.3(-0.46 %),110,4800000,0,0,5,49.0
02/11/2016,10,430000,42.6(-1.62 %),10,430000,0,0,5,49.0
03/11/2016,1240,52700000,42(-1.41 %),1001240,39702700000,1000000,39650000000,5,49.0
04/11/2016,10,420000,42.15(0.36 %),198385,8907460000,198375,8907040000,3,49.0
07/11/2016,-7520,-318340000,42.8(1.54 %),0,0,7520,318340000,3,49.0
08/11/2016,-140,-5990000,42.85(0.12 %),0,0,140,5990000,3,49.0
09/11/2016,0,0,42.2(-1.52 %),0,0,0,0,3,49.0
10/11/2016,7520,320350000,42.7(1.18 %),830089,32606180000,822569,32285830000,3,49.0
11/11/2016,140,6010000,43(0.70 %),140,6010000,0,0,3,49.0
14/11/2016,0,0,42.75(-0.58 %),209500,9637000000,209500,9637000000,3,49.0
15/11/2016,-200,-8560000,43.2(1.05 %),37000,1690900000,37200,1699460000,3,49.0
16/11/2016,-1850,-79830000,43.05(-0.35 %),39590,1829060000,41440,1908890000,3,49.0
17/11/2016,0,0,42.6(-1.05 %),39590,1823120000,39590,1823120000,3,49.0
18/11/2016,200,8500000,43.1(1.17 %),1108820,50452390000,1108620,50443890000,6,49.0
21/11/2016,1860,80350000,43.1(0.00 %),1860,80350000,0,0,1,49.0
22/11/2016,-200,-8620000,43.1(0.00 %),284660,13122830000,284860,13131450000,1,49.0
23/11/2016,0,0,43.95(1.97 %),0,0,0,0,1,49.0
24/11/2016,0,0,44.35(0.91 %),0,0,0,0,1,49.0
25/11/2016,-340,-15100000,43.95(-0.90 %),200,8880000,540,23980000,1,49.0
28/11/2016,0,0,43.5(-1.02 %),0,0,0,0,1,49.0
29/11/2016,0,0,43.15(-0.80 %),0,0,0,0,1,49.0
30/11/2016,-18540,-798150000,43.35(0.46 %),540,23220000,19080,821370000,1,49.0
01/12/2016,0,0,43.2(-0.35 %),0,0,0,0,1,49.0
02/12/2016,-3180,-136990000,42.95(-0.58 %),0,0,3180,136990000,1,49.0
05/12/2016,16270,700310000,42.6(-0.81 %),19080,820440000,2810,120130000,1,49.0
06/12/2016,-5750,-246100000,42.3(-0.70 %),441870,20127180000,447620,20373280000,1,49.0
07/12/2016,-4740,-200160000,42.1(-0.47 %),23180,1039510000,27920,1239670000,1,49.0
08/12/2016,2020,86000000,42.25(0.36 %),2810,119430000,790,33430000,1,49.0
09/12/2016,5060,215230000,42.9(1.54 %),5750,244660000,690,29430000,1,49.0
12/12/2016,7930,340990000,42.2(-1.63 %),7930,340990000,0,0,0,49.0
13/12/2016,790,33340000,41.8(-0.95 %),21290,958920000,20500,925580000,0,49.0
14/12/2016,690,28840000,42(0.48 %),690,28840000,0,0,0,49.0
15/12/2016,0,0,41.85(-0.36 %),0,0,0,0,0,49.0
16/12/2016,-1230,-51540000,42.1(0.60 %),100000,4475000000,101230,4526540000,0,49.0
19/12/2016,-11570,-490490000,42.7(1.43 %),0,0,11570,490490000,0,49.0
20/12/2016,0,0,42.55(-0.35 %),40920,1868000000,40920,1868000000,0,49.0
21/12/2016,1230,52340000,42.5(-0.12 %),103230,4693340000,102000,4641000000,0,49.0
22/12/2016,11570,495200000,42.55(0.12 %),11570,495200000,0,0,0,49.0
23/12/2016,0,0,42.65(0.24 %),800990,36445050000,800990,36445050000,0,49.0
26/12/2016,0,0,42.7(0.12 %),0,0,0,0,0,49.0
27/12/2016,-2050,-88530000,43.15(1.05 %),0,0,2050,88530000,0,49.0
28/12/2016,0,0,43.6(1.04 %),110428,5096250000,110428,5096250000,0,49.0
29/12/2016,0,0,43.45(-0.34 %),0,0,0,0,0,49.0
30/12/2016,2050,89380000,44(1.27 %),2050,89380000,0,0,0,49.0
03/01/2017,-19400,-869030000,44.85(1.93 %),0,0,19400,869030000,0,49.0
04/01/2017,-3300,-147840000,45.25(0.89 %),0,0,3300,147840000,0,49.0
05/01/2017,0,0,45.1(-0.33 %),75952,3676080000,75952,3676080000,0,49.0
06/01/2017,18280,826030000,44.95(-0.33 %),240150,11528070000,221870,10702040000,0,49.0
09/01/2017,3300,148670000,45.2(0.56 %),79252,3798160000,75952,3649490000,0,49.0
10/01/2017,0,0,46(1.77 %),75952,3672280000,75952,3672280000,0,49.0
11/01/2017,1120,51860000,46.1(0.22 %),77072,3788700000,75952,3736840000,0,49.0
12/01/2017,-300,-13850000,45.95(-0.33 %),0,0,300,13850000,0,49.0
13/01/2017,-7060,-325340000,44.9(-2.29 %),0,0,7060,325340000,0,49.0
16/01/2017,-1010,-45100000,44(-2.00 %),121800,5846400000,122810,5891500000,0,49.0
17/01/2017,-7750,-344800000,44.4(0.91 %),91200,4290050000,98950,4634850000,0,49.0
18/01/2017,6060,270880000,43.8(-1.35 %),120830,5719660000,114770,5448780000,0,49.0
19/01/2017,1010,44240000,43.8(0.00 %),943140,44183030000,942130,44138790000,0,49.0
20/01/2017,8050,352590000,44.2(0.91 %),196760,9193650000,188710,8841060000,0,49.0
23/01/2017,-5180,-229450000,44.45(0.57 %),191010,9022370000,196190,9251820000,0,49.0
24/01/2017,-370,-16490000,44.7(0.56 %),97050,4614730000,97420,4631220000,0,49.0
25/01/2017,0,0,45.1(0.89 %),4054054,193783780000,4054054,193783780000,0,49.0
02/02/2017,5730,259000000,44.9(-0.44 %),6180,279340000,450,20340000,0,49.0
03/02/2017,-40,-1870000,44.7(-0.45 %),370,16540000,410,18410000,0,49.0
06/02/2017,-270,-11960000,44.3(-0.89 %),20778,993190000,21048,1005150000,0,49.0
07/02/2017,-7740,-344260000,44.5(0.45 %),2020201,91039070000,2027941,91383330000,9,49.0
08/02/2017,-1200,-53360000,44.6(0.22 %),305930,14509040000,307130,14562400000,9,49.0
09/02/2017,-1520,-67790000,44.55(-0.11 %),270,12040000,1790,79830000,9,49.0
10/02/2017,5140,228730000,44.45(-0.22 %),8200,364900000,3060,136170000,1,49.0
13/02/2017,-11450,-509360000,44.8(0.79 %),1610,71810000,13060,581170000,1,49.0
14/02/2017,1790,80550000,46.4(3.57 %),21790,986550000,20000,906000000,1,49.0
15/02/2017,3070,142760000,46(-0.86 %),3070,142760000,0,0,9,49.0
16/02/2017,11360,522730000,45.3(-1.52 %),13060,600760000,1700,78030000,9,49.0
17/02/2017,-410,-18570000,45.3(0.00 %),64740,3136650000,65150,3155220000,9,49.0
20/02/2017,0,0,45.05(-0.55 %),0,0,0,0,9,49.0
21/02/2017,1710,77460000,45.4(0.78 %),1710,77460000,0,0,9,49.0
22/02/2017,420,19190000,45.8(0.88 %),420,19190000,0,0,7,49.0
23/02/2017,-1440,-66100000,46(0.44 %),0,0,1440,66100000,7,49.0
24/02/2017,-4110,-188660000,46(0.00 %),0,0,4110,188660000,7,49.0
27/02/2017,-2040,-94800000,46.55(1.20 %),10,460000,2050,95260000,0,49.0
28/02/2017,1440,67100000,45.85(-1.50 %),1440,67100000,0,0,0,49.0
01/03/2017,4110,188440000,45.7(-0.33 %),4110,188440000,0,0,0,49.0
02/03/2017,20,1130000,45.45(-0.55 %),2050,93690000,2030,92560000,0,49.0
03/03/2017,10,450000,45.65(0.44 %),10,450000,0,0,3,49.0
06/03/2017,0,0,45.95(0.66 %),0,0,0,0,3,49.0
07/03/2017,-17060,-782270000,45.8(-0.33 %),2030,93380000,19090,875650000,3,49.0
08/03/2017,-6180,-282550000,45.8(0.00 %),20000,948000000,26180,1230550000,3,49.0
09/03/2017,-200,-9100000,45.5(-0.66 %),0,0,200,9100000,3,49.0
10/03/2017,14730,674530000,46(1.10 %),19090,874320000,4360,199790000,3,49.0
13/03/2017,5990,276140000,45.75(-0.54 %),66180,3236900000,60190,2960760000,3,49.0
14/03/2017,100,4560000,45.7(-0.11 %),200,9160000,100,4600000,3,49.0
15/03/2017,4360,199250000,45.55(-0.33 %),40340,1843540000,35980,1644290000,3,49.0
16/03/2017,-8720,-398290000,45.7(0.33 %),190,8660000,8910,406950000,3,49.0
17/03/2017,-400,-18410000,45.9(0.44 %),100,4590000,500,23000000,3,49.0
20/03/2017,0,0,46.6(1.53 %),0,0,0,0,3,49.0
21/03/2017,8910,416990000,46.6(0.00 %),8910,416990000,0,0,3,49.0
22/03/2017,500,23350000,46.1(-1.07 %),500,23350000,0,0,3,49.0
23/03/2017,0,0,48(4.12 %),0,0,0,0,3,49.0
24/03/2017,0,0,47.7(-0.62 %),0,0,0,0,3,49.0
27/03/2017,0,0,47.6(-0.21 %),709900,36204900000,709900,36204900000,3,49.0
28/03/2017,0,0,47.4(-0.42 %),0,0,0,0,3,49.0
29/03/2017,0,0,47.5(0.21 %),26460,1341520000,26460,1341520000,3,49.0
30/03/2017,-15120,-716290000,47.1(-0.84 %),0,0,15120,716290000,3,49.0
31/03/2017,-910,-42930000,47.3(0.42 %),0,0,910,42930000,3,49.0
03/04/2017,0,0,46.4(-1.90 %),20000,1012000000,20000,1012000000,6,49.0
04/04/2017,15120,700810000,47(1.29 %),15120,700810000,0,0,6,49.0
05/04/2017,910,42770000,46.55(-0.96 %),910,42770000,0,0,6,49.0
07/04/2017,-30580,-1424080000,47(0.97 %),94124,4687380000,124704,6111460000,6,49.0
10/04/2017,0,0,47(0.00 %),173000,8684600000,173000,8684600000,6,49.0
11/04/2017,0,0,46.95(-0.11 %),130000,6526000000,130000,6526000000,6,49.0
12/04/2017,30320,1522900000,47.55(1.28 %),130580,6555120000,100260,5032220000,6,49.0
13/04/2017,0,0,47.25(-0.63 %),0,0,0,0,9,49.0
14/04/2017,-410,-18980000,46.05(-2.54 %),20000,1010000000,20410,1028980000,9,49.0
17/04/2017,-1220,-56410000,45.7(-0.76 %),70260,3459470000,71480,3515880000,9,49.0
18/04/2017,-2060,-94660000,46(0.66 %),0,0,2060,94660000,9,49.0
19/04/2017,410,18860000,46(0.00 %),410,18860000,0,0,9,49.0
20/04/2017,1480,68080000,45.85(-0.33 %),1480,68080000,0,0,9,49.0
21/04/2017,-11560,-533590000,45.85(0.00 %),22060,1076170000,33620,1609760000,9,49.0
24/04/2017,10,460000,45.75(-0.22 %),64710,3174000000,64700,3173540000,0,49.0
25/04/2017,0,0,45.65(-0.22 %),0,0,0,0,0,49.0
26/04/2017,12900,592090000,46(0.77 %),13620,625160000,720,33070000,0,49.0
27/04/2017,1125221,55338830000,46.5(1.09 %),1125221,55338830000,0,0,0,49.24
28/04/2017,0,0,46.45(-0.11 %),0,0,0,0,1,49.0
03/05/2017,620,28970000,47(1.18 %),20720,1027620000,20100,998650000,8,49.0
04/05/2017,-11840,-556480000,47(0.00 %),0,0,11840,556480000,8,49.0
05/05/2017,0,0,47.1(0.21 %),0,0,0,0,8,49.0
08/05/2017,-1440,-67920000,47(-0.21 %),100,4690000,1540,72610000,8,49.0
09/05/2017,1510,69720000,48.3(2.77 %),11840,558850000,10330,489130000,8,49.0
10/05/2017,-100,-4870000,48.1(-0.41 %),0,0,100,4870000,8,49.0
11/05/2017,1540,74070000,48.1(0.00 %),1540,74070000,0,0,8,49.0
12/05/2017,10330,496870000,48(-0.21 %),10330,496870000,0,0,8,49.0
15/05/2017,-9900,-475200000,47.8(-0.42 %),100,4800000,10000,480000000,8,49.0
16/05/2017,-440,-21100000,47.5(-0.63 %),10,480000,450,21580000,1,49.0
17/05/2017,0,0,47.8(0.63 %),0,0,0,0,1,49.0
18/05/2017,9900,474700000,47.9(0.21 %),10000,479500000,100,4800000,1,49.0
19/05/2017,-550,-26590000,48.4(1.04 %),450,21560000,1000,48150000,1,49.0
22/05/2017,0,0,48.5(0.21 %),0,0,0,0,8,49.0
23/05/2017,100,4870000,48.85(0.72 %),37420,1938050000,37320,1933180000,8,49.0
24/05/2017,390,19190000,49.1(0.51 %),21000,1093200000,20610,1074010000,8,49.0
25/05/2017,0,0,42.6(1.84 %),0,0,0,0,8,49.0
26/05/2017,-1920,-80930000,42.1(-1.17 %),0,0,1920,80930000,8,49.0
29/05/2017,330,13890000,42.6(1.19 %),610,25680000,280,11790000,8,49.0
30/05/2017,10,420000,43(0.94 %),10,420000,0,0,4,49.0
31/05/2017,1860,79960000,43(0.00 %),1351920,58132560000,1350060,58052600000,4,49.0
01/06/2017,280,12070000,43.45(1.05 %),280,12070000,0,0,4,49.0
02/06/2017,-4130,-179370000,43.25(-0.46 %),2000000,92174000000,2004130,92353370000,4,49.0
05/06/2017,60,2620000,43.25(0.00 %),200060,8665620000,200000,8663000000,4,49.0
06/06/2017,0,0,44.3(2.43 %),0,0,0,0,4,49.0
07/06/2017,4130,185020000,44.05(-0.56 %),4130,185020000,0,0,4,49.0
08/06/2017,0,0,44.2(0.34 %),0,0,0,0,4,49.0
09/06/2017,-1900,-83980000,45.15(2.15 %),60000,2835000000,61900,2918980000,4,49.0
12/06/2017,-2260,-101360000,44.7(-1.00 %),0,0,2260,101360000,4,49.0
13/06/2017,-1090,-49430000,45.35(1.45 %),20000,956000000,21090,1005430000,4,49.0
14/06/2017,1900,87020000,45.2(-0.33 %),1900,87020000,0,0,4,49.0
15/06/2017,2260,102270000,45.4(0.44 %),2260,102270000,0,0,4,49.0
16/06/2017,1090,49600000,45.7(0.66 %),861090,41802600000,860000,41753000000,4,49.0
19/06/2017,-540,-24840000,46.3(1.31 %),0,0,540,24840000,4,49.0
20/06/2017,0,0,46.15(-0.32 %),0,0,0,0,4,49.0
21/06/2017,-200,-9360000,47.5(2.93 %),0,0,200,9360000,6,49.0
22/06/2017,290,13560000,47.6(0.21 %),200540,9545540000,200250,9531980000,6,49.0
23/06/2017,0,0,47.45(-0.32 %),20000,1018000000,20000,1018000000,6,49.0
26/06/2017,200,9570000,46.7(-1.58 %),200,9570000,0,0,6,49.0
27/06/2017,-6750,-311070000,45.7(-2.14 %),245820,11847400000,252570,12158470000,6,49.0
28/06/2017,-200,-9230000,46.35(1.42 %),150000,7327500000,150200,7336730000,6,49.0
29/06/2017,0,0,46.5(0.32 %),150000,7432500000,150000,7432500000,6,49.0
30/06/2017,0,0,46.85(0.75 %),100000,4975000000,100000,4975000000,0,56.35
03/07/2017,-10,-460000,46.4(-0.96 %),150000,7515000000,150010,7515460000,0,49.0
04/07/2017,-2790,-129320000,46.6(0.43 %),0,0,2790,129320000,0,49.0
05/07/2017,0,0,46.7(0.21 %),150000,7477500000,150000,7477500000,0,49.0
06/07/2017,0,0,47.9(2.57 %),0,0,0,0,0,49.0
07/07/2017,-11010,-535440000,48.6(1.46 %),7000840,357040400000,7011850,357575840000,0,49.0
10/07/2017,0,0,48.2(-0.82 %),0,0,0,0,11850,49.0
11/07/2017,-4740,-225830000,47.6(-1.24 %),0,0,4740,225830000,0,49.0
12/07/2017,6980,335770000,47.95(0.74 %),31850,1585620000,24870,1249850000,0,49.0
13/07/2017,0,0,48.85(1.88 %),0,0,0,0,5,49.0
14/07/2017,4140,202260000,48.7(-0.31 %),4740,231550000,600,29290000,5,49.0
17/07/2017,4570,222710000,48(-1.44 %),134870,7010170000,130300,6787460000,8,49.0
18/07/2017,-8060,-384950000,47.8(-0.42 %),150000,7695000000,158060,8079950000,8,49.0
19/07/2017,600,28680000,46.9(-1.88 %),100600,5138680000,100000,5110000000,8,49.0
20/07/2017,-780,-36510000,46.8(-0.21 %),300300,15043980000,301080,15080490000,8,49.0
21/07/2017,8060,378820000,46.2(-1.28 %),8060,378820000,0,0,8,49.0
24/07/2017,-3030,-140030000,46.5(0.65 %),0,0,3030,140030000,8,49.0
25/07/2017,670,31120000,46.7(0.43 %),1090,50690000,420,19570000,0,49.0
26/07/2017,-540,-25310000,47.8(2.36 %),0,0,540,25310000,3,49.0
27/07/2017,990,46310000,48.2(0.84 %),3030,145440000,2040,99130000,3,49.0
28/07/2017,-1180,-57060000,48.55(0.73 %),420,20240000,1600,77300000,6,49.0
31/07/2017,540,26190000,48.35(-0.41 %),540,26190000,0,0,6,49.0
01/08/2017,1300,62380000,49(1.34 %),2050,99320000,750,36940000,3,49.0
02/08/2017,790,38830000,49.4(0.82 %),1600,78640000,810,39810000,3,49.0
03/08/2017,-1180,-59590000,50.1(1.42 %),1970000,103476000000,1971180,103535590000,6,49.0
04/08/2017,-9540,-475860000,50.1(0.00 %),750,37730000,10290,513590000,6,49.0
07/08/2017,810,40580000,49.85(-0.50 %),30810,1648580000,30000,1608000000,6,49.0
08/08/2017,480,24160000,48.95(-1.81 %),31180,1657820000,30700,1633660000,6,49.0
09/08/2017,10290,503180000,48.4(-1.12 %),10290,503180000,0,0,6,49.0
10/08/2017,-2090,-101240000,48.9(1.03 %),0,0,2090,101240000,6,49.0
11/08/2017,700,34300000,49.45(1.12 %),700,34300000,0,0,6,49.0
14/08/2017,-2000,-100000000,49.2(-0.51 %),0,0,2000,100000000,6,49.0
15/08/2017,-19590,-960380000,48.9(-0.61 %),2090,102830000,21680,1063210000,6,49.0
16/08/2017,-1650,-80120000,48.6(-0.61 %),0,0,1650,80120000,6,49.0
17/08/2017,1060,50880000,47.4(-0.42 %),139000,7069300000,137940,7018420000,6,49.0
18/08/2017,21630,1096810000,47.5(0.21 %),21680,1099180000,50,2370000,6,49.0
21/08/2017,1670,80160000,47.75(0.53 %),209670,10646560000,208000,10566400000,2,49.0
22/08/2017,940,44840000,47.1(-1.36 %),274020,13971920000,273080,13927080000,2,49.0
23/08/2017,50,2350000,47.2(0.21 %),50,2350000,0,0,4,49.0
24/08/2017,10,470000,47.7(1.06 %),20010,1010470000,20000,1010000000,3,49.0
25/08/2017,0,0,47.5(-0.42 %),0,0,0,0,3,49.0
28/08/2017,-1130,-53450000,47.6(0.21 %),0,0,1130,53450000,3,49.0
29/08/2017,0,0,47.75(0.32 %),0,0,0,0,3,49.0
30/08/2017,-870,-41460000,47.8(0.10 %),0,0,870,41460000,3,49.0
31/08/2017,-820,-39920000,48.5(1.46 %),1130,54010000,1950,93930000,3,49.0
01/09/2017,0,0,48.6(0.21 %),0,0,0,0,3,49.0
05/09/2017,-7390,-358330000,48.5(-0.21 %),870,42280000,8260,400610000,3,49.0
06/09/2017,-7920,-379980000,48.2(-0.62 %),1950,94480000,9870,474460000,3,49.0
07/09/2017,-310,-14940000,47.9(-0.62 %),0,0,310,14940000,3,49.0
08/09/2017,8260,396480000,47.7(-0.42 %),8260,396480000,0,0,3,49.0
11/09/2017,7640,364430000,47.35(-0.73 %),39870,2000800000,32230,1636370000,3,49.0
12/09/2017,-320,-15320000,48.1(1.58 %),310,14730000,630,30050000,3,49.0
13/09/2017,-600,-29640000,48.75(1.35 %),0,0,600,29640000,3,49.0
14/09/2017,-110,-4580000,48.35(-0.82 %),25240,1308060000,25350,1312640000,2,49.0
15/09/2017,340,16430000,48.2(-0.31 %),630,30430000,290,14000000,2,49.0
18/09/2017,-890,-42740000,48.35(0.31 %),610,29490000,1500,72230000,0,49.0
19/09/2017,-2710,-131430000,48.4(0.10 %),2350,113980000,5060,245410000,0,49.0
20/09/2017,-450,-21740000,48.65(0.52 %),340,16540000,790,38280000,2,49.0
21/09/2017,1500,73350000,49.4(1.54 %),86790,4508430000,85290,4435080000,2,49.0
22/09/2017,4560,226080000,49.45(0.10 %),205044,10810100000,200484,10584020000,5,49.0
25/09/2017,790,39300000,48.85(-1.21 %),790,39300000,0,0,5,49.0
26/09/2017,-3210,-156320000,49(0.31 %),10,490000,3220,156810000,0,49.0
27/09/2017,510,24990000,49(0.00 %),510,24990000,0,0,0,49.0
28/09/2017,0,0,48.95(-0.10 %),0,0,0,0,2,49.0
29/09/2017,3220,157460000,48.75(-0.41 %),3220,157460000,0,0,2,49.0
02/10/2017,-1890,-92040000,48.2(-1.13 %),0,0,1890,92040000,2,49.0
03/10/2017,-2350,-112940000,47.85(-0.73 %),0,0,2350,112940000,2,49.0
04/10/2017,-3900,-186810000,48.05(0.42 %),0,0,3900,186810000,2,49.0
05/10/2017,1890,91480000,48.3(0.52 %),1890,91480000,0,0,2,49.0
06/10/2017,2350,113510000,48.75(0.93 %),2350,113510000,0,0,2,49.0
09/10/2017,3900,191100000,48.8(0.10 %),3900,191100000,0,0,2,49.0
10/10/2017,-200,-9860000,49.3(1.02 %),0,0,200,9860000,2,49.0
11/10/2017,-6640,-332380000,49.9(1.22 %),231590,12204790000,238230,12537170000,2,49.0
12/10/2017,-8540,-435680000,51(2.20 %),0,0,8540,435680000,2,49.0
13/10/2017,200,10240000,51.2(0.39 %),200,10240000,0,0,2,49.0
16/10/2017,-11770,-606260000,51.4(0.39 %),6640,338640000,18410,944900000,2,49.0
17/10/2017,8540,439810000,51.5(0.19 %),8540,439810000,0,0,2,49.0
18/10/2017,-630,-32310000,50.5(-1.94 %),0,0,630,32310000,2,49.0
19/10/2017,18410,929710000,50.6(0.20 %),38410,2009710000,20000,1080000000,2,49.0
20/10/2017,0,0,50.3(-0.59 %),0,0,0,0,4,49.0
23/10/2017,640,32190000,49.3(-1.99 %),640,32190000,0,0,2,49.0
24/10/2017,0,0,49.3(0.00 %),150000,7905000000,150000,7905000000,4,49.0
25/10/2017,0,0,49.7(0.81 %),0,0,0,0,4,49.0
26/10/2017,0,0,49.6(-0.20 %),0,0,0,0,4,49.0
27/10/2017,0,0,50.2(1.21 %),0,0,0,0,4,49.0
30/10/2017,0,0,50(-0.40 %),0,0,0,0,4,49.0
31/10/2017,0,0,50.4(0.80 %),54750,2929130000,54750,2929130000,4,49.0
01/11/2017,0,0,50.8(0.79 %),0,0,0,0,4,49.0
02/11/2017,-5750,-292100000,50.5(-0.59 %),0,0,5750,292100000,4,49.0
03/11/2017,0,0,51(0.99 %),0,0,0,0,4,49.0
06/11/2017,-500,-25650000,51.4(0.78 %),530207,27040560000,530707,27066210000,4,49.0
07/11/2017,5750,296130000,51.2(-0.39 %),25750,1394130000,20000,1098000000,4,49.0
08/11/2017,-1300,-68260000,53(3.52 %),0,0,1300,68260000,4,49.0
09/11/2017,500,26700000,52.6(-0.75 %),585340,31488160000,584840,31461460000,4,49.0
10/11/2017,-700,-37240000,52.2(-0.76 %),0,0,700,37240000,4,49.0
13/11/2017,-2670,-147780000,54(3.45 %),1310,68380000,3980,216160000,1,49.0
14/11/2017,-580,-31990000,53.9(-0.19 %),730652,41897160000,731232,41929150000,1,49.0
15/11/2017,-1450,-82260000,56.9(5.57 %),27660,1590770000,29110,1673030000,1,49.0
16/11/2017,-3570,-206310000,57(0.18 %),3501478,210078330000,3505048,210284640000,1,49.0
17/11/2017,-10130,-571450000,56.7(-0.53 %),874610,53261660000,884740,53833110000,1,49.0
20/11/2017,1840,102950000,57.9(2.12 %),2150,120620000,310,17670000,3,49.0
21/11/2017,7550,439410000,57.2(-1.21 %),7550,439410000,0,0,3,49.0
22/11/2017,5710,323820000,58(1.40 %),92679,5626970000,86969,5303150000,3,49.0
23/11/2017,-290,-17080000,57.6(-0.69 %),310,17980000,600,35060000,3,49.0
24/11/2017,-5220,-299860000,57.9(0.52 %),0,0,5220,299860000,5,49.0
27/11/2017,3980,229670000,58.2(0.52 %),5000,290000000,1020,60330000,5,49.0
28/11/2017,600,34800000,57.5(-1.20 %),600,34800000,0,0,5,49.0
29/11/2017,4710,272310000,59.3(3.13 %),5220,302760000,510,30450000,5,49.0
30/11/2017,1020,61100000,58.4(-1.52 %),1098430,69236890000,1097410,69175790000,5,49.0
01/12/2017,0,0,58.4(0.00 %),0,0,0,0,5,49.0
04/12/2017,300,17550000,58.8(0.68 %),510,29840000,210,12290000,5,49.0
05/12/2017,0,0,57.3(-2.55 %),295320,17364820000,295320,17364820000,5,49.0
06/12/2017,0,0,56.8(-0.87 %),0,0,0,0,5,49.0
07/12/2017,210,11930000,56.1(-1.23 %),20210,1225930000,20000,1214000000,5,49.0
08/12/2017,0,0,55.5(-1.07 %),35530,1989680000,35530,1989680000,5,49.0
11/12/2017,0,0,53.5(-3.60 %),0,0,0,0,5,49.0
12/12/2017,-1400,-73870000,53.7(0.37 %),10,540000,1410,74410000,0,49.0
13/12/2017,-910,-49410000,54.7(1.86 %),0,0,910,49410000,0,49.0
14/12/2017,-910,-50280000,55.9(2.19 %),0,0,910,50280000,0,49.0
15/12/2017,-4280,-240180000,56.5(1.07 %),1410,78960000,5690,319140000,2,49.0
18/12/2017,-10970,-622310000,56.3(-0.35 %),177969,10746230000,188939,11368540000,5,49.0
19/12/2017,820,46140000,55.2(-1.95 %),910,51230000,90,5090000,5,49.0
20/12/2017,5690,314090000,56.3(1.99 %),27239,1585480000,21549,1271390000,5,49.0
21/12/2017,2420,137000000,56.4(0.18 %),11880,674780000,9460,537780000,5,49.0
22/12/2017,40,2260000,57.1(1.24 %),90,5080000,50,2820000,5,49.0
25/12/2017,0,0,57.6(0.88 %),0,0,0,0,7,49.0
26/12/2017,9470,549260000,57.1(-0.87 %),9470,549260000,0,0,0,49.0
27/12/2017,-8250,-469740000,56.7(-0.70 %),50,2880000,8300,472620000,5,49.0
28/12/2017,0,0,57.2(0.88 %),0,0,0,0,5,49.0
29/12/2017,-11080,-633780000,57.1(-0.17 %),0,0,11080,633780000,5,49.0
02/01/2018,7500,428030000,59.8(4.73 %),8300,475590000,800,47560000,5,49.0
03/01/2018,-320,-19370000,59.8(0.00 %),0,0,320,19370000,5,49.0
04/01/2018,760,44390000,61(2.01 %),11080,664800000,10320,620410000,5,49.0
05/01/2018,730,44530000,60(-1.64 %),800,48800000,70,4270000,5,49.0
08/01/2018,-2060,-124210000,60.9(1.50 %),320,19070000,2380,143280000,5,49.0
09/01/2018,8070,491840000,62.1(1.97 %),10320,629520000,2250,137680000,5,49.0
10/01/2018,-10160,-628810000,61.5(-0.97 %),2500070,165004340000,2510230,165633150000,5,49.0
11/01/2018,2180,133160000,61.5(0.00 %),2380,145420000,200,12260000,5,49.0
12/01/2018,1090,67590000,60.2(-2.11 %),2250,139050000,1160,71460000,5,49.0
15/01/2018,8280,497850000,61(1.33 %),116662,7469040000,108382,6971190000,5,49.0
16/01/2018,-190,-11630000,61(0.00 %),200,12180000,390,23810000,5,49.0
17/01/2018,850,51910000,59(-3.28 %),451160,29410760000,450310,29358850000,5,49.0
18/01/2018,610,35440000,59(0.00 %),1950,113690000,1340,78250000,5,49.0
19/01/2018,40,2320000,58.9(-0.17 %),390,23010000,350,20690000,5,49.0
22/01/2018,200,11800000,60.9(3.40 %),310,18450000,110,6650000,5,49.0
25/01/2018,790,48550000,61.1(0.33 %),21810,1413320000,21020,1364770000,2,49.0
26/01/2018,-4130,-252800000,60.8(-0.49 %),0,0,4130,252800000,2,49.0
29/01/2018,0,0,60.3(-0.82 %),20000,1300000000,20000,1300000000,2,49.0
30/01/2018,-30480,-1843160000,64(6.14 %),1020,61000000,31500,1904160000,2,49.0
31/01/2018,1230,80870000,62.9(-1.72 %),4130,267620000,2900,186750000,5,49.0
01/02/2018,-2030,-126390000,61.6(-2.07 %),38950,2621340000,40980,2747730000,5,49.0
02/02/2018,26780,1747060000,61(-0.97 %),201500,13237900000,174720,11490840000,5,49.0
05/02/2018,2900,174290000,57.1(-6.39 %),299920,19539990000,297020,19365700000,5,49.0
06/02/2018,-7100,-380610000,54.2(-5.08 %),733530,44729500000,740630,45110110000,5,49.0
07/02/2018,1960,113390000,56.6(4.43 %),4720,269040000,2760,155650000,5,49.0
08/02/2018,-26580,-1489170000,55.2(-2.47 %),0,0,26580,1489170000,5,49.0
09/02/2018,11110,583210000,55(-0.36 %),11160,585900000,50,2690000,8,49.0
12/02/2018,-55670,-3050080000,57.1(3.82 %),2760,155390000,58430,3205470000,8,49.0
13/02/2018,13020,800300000,59(3.33 %),26580,1592140000,13560,791840000,8,49.0
21/02/2018,-3160,-189910000,59.4(0.68 %),209121,13195390000,212281,13385300000,8,49.0
22/02/2018,58420,3709720000,58.4(-1.68 %),103430,6567810000,45010,2858090000,8,49.0
23/02/2018,11460,670250000,60.5(3.60 %),422707,26324030000,411247,25653780000,9,49.0
26/02/2018,3190,194570000,60.4(-0.17 %),86220,5566520000,83030,5371950000,2,49.0
27/02/2018,10,610000,59.8(-0.99 %),10,610000,0,0,5,49.0
28/02/2018,2100,124320000,59.8(0.00 %),1002100,64024320000,1000000,63900000000,5,49.0
01/03/2018,30,1780000,60.8(1.67 %),200030,12781780000,200000,12780000000,5,49.0
02/03/2018,-3530,-213580000,61.1(0.49 %),0,0,3530,213580000,5,49.0
05/03/2018,-2890,-182930000,61.5(0.65 %),0,0,2890,182930000,5,49.0
06/03/2018,-2820,-176490000,63.3(2.93 %),0,0,2820,176490000,5,49.0
07/03/2018,1530,97160000,62.2(-1.74 %),513530,34751160000,512000,34654000000,5,49.0
08/03/2018,-260,-16120000,62.2(0.00 %),502890,33429180000,503150,33445300000,5,49.0
09/03/2018,2820,176810000,61.6(-0.96 %),552820,36751810000,550000,36575000000,5,49.0
12/03/2018,1710,106050000,61.4(-0.32 %),2000,124000000,290,17950000,5,49.0
13/03/2018,1730,107860000,60.1(-2.12 %),853150,55952780000,851420,55844920000,5,49.0
14/03/2018,-710,-42670000,60.8(1.16 %),20000,1286000000,20710,1328670000,5,49.0
15/03/2018,280,17080000,60.6(-0.33 %),290,17690000,10,610000,5,49.0
16/03/2018,-1760,-105000000,60.1(-0.83 %),71420,4622050000,73180,4727050000,5,49.0
19/03/2018,580,34910000,60.5(0.67 %),710,42740000,130,7830000,5,49.0
20/03/2018,-1990,-122800000,61.3(1.32 %),10,600000,2000,123400000,5,49.0
21/03/2018,-590,-36920000,61(-0.49 %),3180,194930000,3770,231850000,5,49.0
22/03/2018,-1870,-114070000,60.1(-1.48 %),38710,2523350000,40580,2637420000,5,49.0
23/03/2018,-370,-21830000,58.6(-2.50 %),538852,34637580000,539222,34659410000,5,49.0
26/03/2018,-980,-57430000,59.2(1.02 %),3770,220920000,4750,278350000,5,49.0
27/03/2018,2000,119800000,59.5(0.51 %),1761520,111497420000,1759520,111377620000,5,49.0
28/03/2018,2370,140070000,58.9(-1.01 %),9198870,585037470000,9196500,584897400000,5,49.0
29/03/2018,4750,282150000,59.5(1.02 %),1504750,94782150000,1500000,94500000000,5,49.0
30/03/2018,-7070,-424290000,60.7(2.02 %),5060620,321855430000,5067690,322279720000,5,49.0
02/04/2018,0,0,61.5(1.32 %),350000,22715000000,350000,22715000000,5,49.0
03/04/2018,0,0,61.2(-0.49 %),570000,37506000000,570000,37506000000,5,49.0
04/04/2018,5870,363940000,61.7(0.82 %),7070,438340000,1200,74400000,5,49.0
05/04/2018,-28500,-1774180000,63(2.11 %),300000,19800000000,328500,21574180000,5,49.0
06/04/2018,-3800,-243960000,62.7(-0.48 %),170000,11458000000,173800,11701960000,5,49.0
09/04/2018,1200,75120000,63.4(1.12 %),1200,75120000,0,0,7,49.0
10/04/2018,26010,1735410000,64.4(1.58 %),298500,20201250000,272490,18465840000,7,49.0
11/04/2018,3790,245590000,63(-2.17 %),728800,50198740000,725010,49953150000,7,49.0
12/04/2018,-10000,-629100000,63.6(0.95 %),0,0,10000,629100000,7,49.0
13/04/2018,2500,159750000,62(-2.52 %),202500,13759750000,200000,13600000000,1,49.0
16/04/2018,10,620000,61.1(-1.45 %),10,620000,0,0,1,49.0
17/04/2018,8800,541200000,62(1.47 %),829130,47223500000,820330,46682300000,1,49.0
18/04/2018,0,0,62(0.00 %),180000,11934000000,180000,11934000000,1,49.0
19/04/2018,0,0,60.7(-2.10 %),0,0,0,0,1,49.0
20/04/2018,-1140,-69160000,61.3(0.99 %),128310,8322600000,129450,8391760000,0,49.0
23/04/2018,-16600,-1017650000,58(-5.38 %),123074,8061350000,139674,9079000000,0,49.0
24/04/2018,-2300,-133400000,56.4(-2.76 %),0,0,2300,133400000,0,49.0
26/04/2018,2350,133720000,55(-2.48 %),905150,54572560000,902800,54438840000,0,49.0
27/04/2018,16600,913000000,57(3.64 %),41230,2361240000,24630,1448240000,0,49.0
02/05/2018,2300,132940000,57(0.00 %),2300,132940000,0,0,0,49.0
03/05/2018,1300730,79211460000,58(1.75 %),2408730,146688660000,1108000,67477200000,2,49.0
04/05/2018,0,0,58.8(1.38 %),109554,6792350000,109554,6792350000,4,49.0
07/05/2018,0,0,59.6(1.36 %),0,0,0,0,4,49.0
08/05/2018,-300,-17730000,59(-1.01 %),365000,23250500000,365300,23268230000,4,49.0
09/05/2018,-1580,-93060000,58.4(-1.02 %),95297,6013240000,96877,6106300000,4,49.0
10/05/2018,-10,-580000,58.3(-0.17 %),0,0,10,580000,5,49.0
11/05/2018,300,17400000,59.5(2.06 %),300,17400000,0,0,5,49.0
14/05/2018,1580,94960000,61.6(3.53 %),22050,1396850000,20470,1301890000,5,49.0
15/05/2018,10,620000,61.4(-0.32 %),27099,1785790000,27089,1785170000,5,49.0
16/05/2018,-51790,-3155180000,60.5(-1.47 %),300000,19680000000,351790,22835180000,5,49.0
17/05/2018,0,0,60.6(0.17 %),0,0,0,0,5,49.0
18/05/2018,10,610000,60.8(0.33 %),10,610000,0,0,3,49.0
21/05/2018,51780,3365740000,61(0.33 %),51790,3366350000,10,610000,3,49.0
22/05/2018,-120,-7320000,59.7(-2.13 %),1231399,79444030000,1231519,79451350000,3,49.0
23/05/2018,0,0,60.6(1.51 %),100000,6380000000,100000,6380000000,3,49.0
24/05/2018,-110,-6560000,59.5(-1.82 %),441389,28601970000,441499,28608530000,3,49.0
25/05/2018,-20,-950000,48.9(-3.03 %),183740,9903240000,183760,9904190000,3,49.0
28/05/2018,0,0,45.5(-6.95 %),103500,5413050000,103500,5413050000,3,49.0
29/05/2018,120,5460000,47.4(4.18 %),120,5460000,0,0,3,49.0
30/05/2018,-1360,-63030000,45.45(-4.11 %),100140,5076620000,101500,5139650000,3,49.0
31/05/2018,0,0,46(1.21 %),0,0,0,0,3,49.0
01/06/2018,-200,-9220000,46.45(0.98 %),0,0,200,9220000,3,49.0
04/06/2018,1490,69280000,47.25(1.72 %),1500,69750000,10,470000,3,49.0
05/06/2018,0,0,47.8(1.16 %),275000,13887500000,275000,13887500000,3,49.0
06/06/2018,200,9600000,48.5(1.46 %),200,9600000,0,0,3,49.0
07/06/2018,10,490000,47.8(-1.44 %),10,490000,0,0,7,49.0
08/06/2018,10,480000,47.95(0.31 %),10,480000,0,0,0,49.0
11/06/2018,0,0,47.5(-0.94 %),0,0,0,0,0,49.0
12/06/2018,0,0,46.3(-2.53 %),20000,1016000000,20000,1016000000,6,49.0
13/06/2018,0,0,46.8(1.08 %),189000,9355500000,189000,9355500000,6,49.0
14/06/2018,-470,-22040000,46.6(-0.43 %),0,0,470,22040000,6,49.0
15/06/2018,-4990,-231590000,46.5(-0.21 %),10,460000,5000,232050000,2,49.0
18/06/2018,-3670,-171230000,45.4(-2.37 %),946500,47088380000,950170,47259610000,2,49.0
19/06/2018,470,21200000,44.5(-1.98 %),930470,45126200000,930000,45105000000,2,49.0
20/06/2018,5000,224500000,45.4(2.02 %),5000,224500000,0,0,2,49.0
21/06/2018,3670,166620000,44.4(-2.20 %),3670,166620000,0,0,2,49.0
22/06/2018,0,0,45(1.35 %),0,0,0,0,2,49.0
25/06/2018,0,0,45.1(0.22 %),100000,4815000000,100000,4815000000,2,49.0
26/06/2018,0,0,44.5(-1.33 %),0,0,0,0,2,49.0
27/06/2018,0,0,44.3(-0.45 %),233000,11090800000,233000,11090800000,4,49.0
28/06/2018,0,0,42.5(-4.06 %),0,0,0,0,4,49.0
29/06/2018,-1180,-50150000,41.5(-2.35 %),0,0,1180,50150000,4,49.0
02/07/2018,-3820,-155092000,40.2(-3.13 %),95180,4225992000,99000,4381084000,3,42.19
03/07/2018,-610,-24520000,39(-2.99 %),0,0,610,24520000,4,49.0
04/07/2018,1180,46080000,40(2.56 %),1180,46080000,0,0,4,49.0
05/07/2018,3820,152800000,39.5(-1.25 %),3820,152800000,0,0,4,49.0
06/07/2018,610,23790000,40.8(3.29 %),610,23790000,0,0,4,49.0
09/07/2018,-2310,-94620000,40.15(-1.59 %),41250,1800560000,43560,1895180000,4,49.0
10/07/2018,0,0,40.4(0.62 %),0,0,0,0,4,49.0
11/07/2018,0,0,39.2(-2.97 %),0,0,0,0,4,49.0
12/07/2018,-10,-393500,38.8(-1.02 %),86000,3440000000,86010,3440393500,14,42.19
13/07/2018,-940,-38070000,40.6(4.64 %),0,0,940,38070000,0,49.0
16/07/2018,0,0,40.9(0.74 %),119000,5164600000,119000,5164600000,0,49.0
17/07/2018,0,0,41.9(2.44 %),86000,3461670000,86000,3461670000,0,49.0
18/07/2018,-3830,-160860000,42.9(2.39 %),100000,4480000000,103830,4640860000,3,36.69
19/07/2018,0,0,42.5(-0.93 %),70000,3213000000,70000,3213000000,0,49.0
20/07/2018,0,0,41.6(-2.12 %),219000,9953550000,219000,9953550000,0,49.0
23/07/2018,0,0,42(0.96 %),0,0,0,0,3,36.69
24/07/2018,0,0,42.2(0.48 %),251100,11274390000,251100,11274390000,0,49.0
25/07/2018,-3990,-168420000,42.4(0.47 %),69000,3115350000,72990,3283770000,0,49.0
26/07/2018,-14270,-607110000,42.55(0.35 %),0,0,14270,607110000,0,49.0
27/07/2018,0,0,43.3(1.76 %),0,0,0,0,0,49.0
30/07/2018,-20,-866000,43.3(0.00 %),0,0,20,866000,3,36.69
31/07/2018,-260,-11131500,42.8(-1.15 %),100000,4630000000,100260,4641131500,263,36.69
01/08/2018,-1090,-46543000,42(-1.87 %),0,0,1090,46543000,3,36.69
02/08/2018,-860,-36040000,42.7(1.67 %),0,0,860,36040000,0,49.0
03/08/2018,-30,-1290000,42.6(-0.23 %),0,0,30,1290000,3,36.69
06/08/2018,0,0,42.25(-0.82 %),0,0,0,0,3,36.69
07/08/2018,-420,-17644500,41.95(-0.71 %),0,0,420,17644500,423,36.69
08/08/2018,0,0,42.5(1.31 %),0,0,0,0,423,36.69
09/08/2018,0,0,42.8(0.71 %),0,0,0,0,0,49.0
10/08/2018,0,0,43.1(0.70 %),0,0,0,0,0,49.0
13/08/2018,0,0,43.45(0.81 %),35000,1613500000,35000,1613500000,0,49.0
14/08/2018,0,0,44.3(1.96 %),30000,1393500000,30000,1393500000,0,49.0
15/08/2018,0,0,43.8(-1.13 %),0,0,0,0,0,49.0
16/08/2018,0,0,43(0.47 %),0,0,0,0,0,49.0
17/08/2018,0,0,43.5(1.16 %),0,0,0,0,3,36.69
20/08/2018,0,0,43.7(0.46 %),0,0,0,0,3,36.69
21/08/2018,-250,-10900000,43.7(0.00 %),107140,5008795000,107390,5019695000,253,36.69
22/08/2018,-1360,-59500000,44.05(0.80 %),0,0,1360,59500000,0,49.0
23/08/2018,0,0,44.4(0.79 %),0,0,0,0,0,49.0
24/08/2018,0,0,44.45(0.11 %),0,0,0,0,3,36.69
27/08/2018,0,0,44.4(-0.11 %),100790,4792564500,100790,4792564500,3,36.69
28/08/2018,-110,-4873000,44.2(-0.45 %),0,0,110,4873000,113,36.69
29/08/2018,0,0,44.2(0.00 %),1217147,57510200000,1217147,57510200000,0,49.0
30/08/2018,0,0,44.15(-0.11 %),0,0,0,0,0,49.0
31/08/2018,-310,-13686500,44.2(0.11 %),0,0,310,13686500,3,36.69
04/09/2018,-7510,-331941000,44.1(-0.23 %),0,0,7510,331941000,3,36.69
05/09/2018,-700,-30765000,43.3(-1.81 %),0,0,700,30765000,703,36.69
06/09/2018,-11830,-512239000,42.35(-2.19 %),310000,12493000000,321830,13005239000,12533,36.68
07/09/2018,-2700,-114345000,43(1.53 %),0,0,2700,114345000,15233,36.68
10/09/2018,0,0,42.55(-1.05 %),0,0,0,0,0,49.0
11/09/2018,0,0,43.15(1.41 %),0,0,0,0,0,49.0
12/09/2018,1800,78300000,43.05(-0.23 %),1800,78300000,0,0,0,49.0
13/09/2018,0,0,43.4(0.81 %),0,0,0,0,0,49.0
14/09/2018,-13990,-623250000,44.55(2.65 %),0,0,13990,623250000,0,49.0
17/09/2018,0,0,44.1(-1.01 %),0,0,0,0,0,49.0
18/09/2018,10,440000,44.8(1.59 %),10,440000,0,0,5,49.0
19/09/2018,8530,383850000,45.45(1.45 %),13990,629550000,5460,245700000,7,49.0
20/09/2018,0,0,45.9(0.99 %),1035200,49965120000,1035200,49965120000,7,49.0
21/09/2018,-14410,-658020000,45.9(0.00 %),127200,6245520000,141610,6903540000,7,49.0
24/09/2018,5460,250614000,46.1(0.44 %),5460,250614000,0,0,-5453,49.0
25/09/2018,0,0,45.9(-0.43 %),0,0,0,0,7,49.0
26/09/2018,0,0,46.05(0.33 %),0,0,0,0,7,49.0
27/09/2018,0,0,46.2(0.33 %),130000,6402500000,130000,6402500000,7,49.0
28/09/2018,3170,147405000,46.3(0.22 %),3170,147405000,0,0,-3163,49.0
01/10/2018,0,0,46(-0.65 %),0,0,0,0,2,49.0
02/10/2018,0,0,45.3(-1.52 %),131000,6445200000,131000,6445200000,2,49.0
03/10/2018,0,0,45.5(0.44 %),0,0,0,0,2,49.0
04/10/2018,0,0,45.85(0.77 %),0,0,0,0,2,49.0
05/10/2018,-3450,-158010000,45.6(-0.55 %),0,0,3450,158010000,3452,49.0
08/10/2018,-4100,-186140000,45(-1.32 %),0,0,4100,186140000,2,49.0
09/10/2018,0,0,44.7(-0.67 %),241700,11637860000,241700,11637860000,2,49.0
10/10/2018,-6750,-301725000,45.3(1.34 %),3450,154215000,10200,455940000,6752,49.0
11/10/2018,490,23821000,42.7(-5.74 %),4100,180400000,3610,156579000,6262,49.0
12/10/2018,-21930,-938881000,43.8(2.58 %),0,0,21930,938881000,28192,49.0
15/10/2018,10200,446760000,43(-1.83 %),33290,1458100000,23090,1011340000,2,49.0
16/10/2018,1980,86537500,43.25(0.58 %),79151,3631921000,77171,3545383500,-1978,49.0
17/10/2018,20930,970562500,43.6(0.81 %),21930,1014262500,1000,43700000,-20928,49.0
18/10/2018,0,0,43.6(0.00 %),0,0,0,0,7,49.0
19/10/2018,-3980,-171140000,43(-1.38 %),1630,70090000,5610,241230000,3987,49.0
22/10/2018,1000,43400000,43.15(0.35 %),1000,43400000,0,0,2987,49.0
23/10/2018,-1310,-56526500,42.2(-2.20 %),0,0,1310,56526500,4297,49.0
24/10/2018,5610,235900500,41.8(-0.95 %),5610,235900500,0,0,-1313,49.0
25/10/2018,-6010,-243787000,41.05(-1.79 %),0,0,6010,243787000,6017,49.0
26/10/2018,-690,-28730000,40.8(-0.61 %),1310,54370000,2000,83100000,7,49.0
29/10/2018,-1640,-67200000,41(0.49 %),0,0,1640,67200000,7,49.0
30/10/2018,-990,-43900000,41(0.00 %),6010,247011000,7000,290911000,997,49.0
31/10/2018,2000,83500000,41.95(2.32 %),2000,83500000,0,0,-1003,49.0
01/11/2018,1640,68960000,41.9(-0.12 %),151640,6796460000,150000,6727500000,7,49.0
02/11/2018,6990,296027500,42.9(2.39 %),154580,6908034000,147590,6612006500,-6983,49.0
05/11/2018,-40,-1700000,42.55(-0.82 %),0,0,40,1700000,7,49.0
06/11/2018,10,427000,42.15(-0.94 %),28760,1308552000,28750,1308125000,-3,49.0
07/11/2018,-340,-14331000,41.85(-0.71 %),10,421500,350,14752500,343,49.0
08/11/2018,40,1690000,42.15(0.72 %),40,1690000,0,0,303,49.0
09/11/2018,-190,-7960000,41.25(-2.14 %),0,0,190,7960000,3,49.0
12/11/2018,350,14420000,41.95(1.70 %),350,14420000,0,0,3,49.0
13/11/2018,0,0,41.65(-0.72 %),0,0,0,0,3,49.0
14/11/2018,190,7961000,42.25(1.44 %),34900,1554291500,34710,1546330500,-187,49.0
15/11/2018,-11700,-491400000,42.2(-0.12 %),0,0,11700,491400000,11703,49.0
16/11/2018,0,0,42.75(1.30 %),0,0,0,0,11703,49.0
19/11/2018,0,0,43.15(0.94 %),0,0,0,0,3,49.0
20/11/2018,11690,505010000,43.4(0.58 %),11700,505440000,10,430000,3,49.0
21/11/2018,-3230,-138410000,43.4(0.00 %),637670,29587890000,640900,29726300000,3,49.0
22/11/2018,-2700,-117180000,43.4(0.00 %),0,0,2700,117180000,3,49.0
23/11/2018,10,431000,43.05(-0.81 %),10,431000,0,0,-7,49.0
26/11/2018,3230,139051500,42.45(-1.39 %),3230,139051500,0,0,-3227,49.0
27/11/2018,2700,115830000,42.75(0.71 %),2700,115830000,0,0,-2697,49.0
28/11/2018,-400,-17020000,42.8(0.12 %),0,0,400,17020000,403,49.0
29/11/2018,-5570,-239972500,42.9(0.23 %),0,0,5570,239972500,5973,49.0
30/11/2018,0,0,42.9(0.00 %),65000,2983500000,65000,2983500000,5973,49.0
03/12/2018,400,17280000,44.9(4.66 %),400,17280000,0,0,3,49.0
04/12/2018,5570,250093000,44.95(0.11 %),5570,250093000,0,0,-5567,49.0
05/12/2018,-2060,-92494000,44.6(-0.78 %),0,0,2060,92494000,2063,49.0
06/12/2018,0,0,44.4(-0.45 %),400000,18920000000,400000,18920000000,2063,49.0
07/12/2018,0,0,45.1(1.58 %),0,0,0,0,2063,49.0
10/12/2018,2060,92290000,44.2(-2.00 %),2060,92290000,0,0,3,49.0
11/12/2018,-2700,-119340000,44.05(-0.34 %),0,0,2700,119340000,3,49.0
12/12/2018,-11700,-518310000,44.45(0.91 %),679280,31994088000,690980,32512398000,11703,49.0
13/12/2018,0,0,44.6(0.34 %),0,0,0,0,11703,49.0
14/12/2018,1500,67440000,44.15(-1.01 %),22700,1074420000,21200,1006980000,10203,49.0
17/12/2018,10370,457884000,43(-2.60 %),11700,515970000,1330,58086000,-167,49.0
18/12/2018,-3540,-148680000,42(-2.33 %),0,0,3540,148680000,3543,49.0
19/12/2018,1200,50400000,42.1(0.24 %),60200,2699500000,59000,2649100000,2343,49.0
20/12/2018,1330,56260000,42.05(-0.12 %),1330,56260000,0,0,3,49.0
21/12/2018,3540,148330000,42.5(1.07 %),33540,1496830000,30000,1348500000,3,49.0
24/12/2018,-3200,-136000000,42(-1.18 %),0,0,3200,136000000,3,49.0
25/12/2018,-3000,-123000000,41.5(-1.19 %),0,0,3000,123000000,3,49.0
26/12/2018,0,0,41.4(-0.24 %),0,0,0,0,3,49.0
27/12/2018,3200,134720000,41.8(0.97 %),83200,3674720000,80000,3540000000,-3197,49.0
28/12/2018,3000,126150000,42.2(0.96 %),3000,126150000,0,0,3,49.0
02/01/2019,10,418000,41.2(-2.37 %),20010,903418000,20000,903000000,1,49.0
03/01/2019,0,0,40.8(-0.97 %),0,0,0,0,1,49.0
04/01/2019,0,0,41.1(0.74 %),0,0,0,0,1,49.0
07/01/2019,0,0,41.8(1.70 %),0,0,0,0,1,49.0
08/01/2019,0,0,42(0.48 %),0,0,0,0,1,49.0
09/01/2019,0,0,42.4(0.95 %),0,0,0,0,1,49.0
10/01/2019,0,0,42.15(-0.59 %),326751,14818160000,326751,14818160000,1,49.0
11/01/2019,-180,-7632000,42.2(0.12 %),136878,6173197800,137058,6180829800,181,49.0
14/01/2019,0,0,42.5(0.71 %),0,0,0,0,1,49.0
15/01/2019,0,0,42.8(0.71 %),0,0,0,0,1,49.0
16/01/2019,180,7740000,42.55(-0.58 %),180,7740000,0,0,-179,49.0
17/01/2019,0,0,42(-1.29 %),20000,910000000,20000,910000000,1,49.0
18/01/2019,0,0,42(0.00 %),0,0,0,0,1,49.0
21/01/2019,0,0,42.5(1.19 %),0,0,0,0,1,49.0
22/01/2019,-1630,-69280000,42.35(-0.35 %),0,0,1630,69280000,1,49.0
23/01/2019,0,0,42.35(0.00 %),320977,14540260000,320977,14540260000,1,49.0
24/01/2019,-7500,-317850000,42.45(0.24 %),0,0,7500,317850000,1,49.0
25/01/2019,1630,69112000,42.4(-0.12 %),1630,69112000,0,0,5871,49.0
28/01/2019,0,0,42.1(-0.71 %),0,0,0,0,5871,49.0
29/01/2019,7230,306579000,42.5(0.95 %),7500,318000000,270,11421000,0,49.0
30/01/2019,0,0,43.2(1.65 %),0,0,0,0,1,49.0
31/01/2019,0,0,43.2(0.00 %),0,0,0,0,1,49.0
01/02/2019,-2460,-104770500,42.6(-1.39 %),270,11664000,2730,116434500,271,49.0
11/02/2019,0,0,44.15(3.64 %),0,0,0,0,9,49.0
12/02/2019,-750,-33110000,43.9(-0.57 %),0,0,750,33110000,9,49.0
13/02/2019,2720,119680000,44.55(1.48 %),2730,120120000,10,440000,0,49.0
14/02/2019,-3590,-160290000,44.25(-0.67 %),20000,953000000,23590,1113290000,9,49.0
15/02/2019,750,33187500,44.2(-0.11 %),750,33187500,0,0,2849,49.0
18/02/2019,10,445000,44.4(0.45 %),10,445000,0,0,2839,49.0
19/02/2019,3580,160020000,44.4(0.00 %),3590,160470000,10,450000,9,49.0
20/02/2019,-10,-450000,44.85(1.01 %),50000,2375000000,50010,2375450000,9,49.0
21/02/2019,-8200,-367020000,44.8(-0.11 %),0,0,8200,367020000,9,49.0
22/02/2019,-530,-23636000,45.2(0.89 %),10,448000,540,24084000,8749,49.0
25/02/2019,10,460000,45.5(0.66 %),5585510,268280110000,5585500,268279650000,9,49.0
26/02/2019,8200,373920000,45.2(-0.66 %),8200,373920000,0,0,9,49.0
27/02/2019,540,24410000,45.1(-0.22 %),540,24410000,0,0,9,49.0
28/02/2019,0,0,44.2(-2.00 %),39070,1885130000,39070,1885130000,9,49.0
01/03/2019,10,445500,44.6(0.90 %),10,445500,0,0,11,49.0
04/03/2019,0,0,45(0.90 %),30000,1431000000,30000,1431000000,11,49.0
05/03/2019,-720,-32472000,44.9(-0.22 %),0,0,720,32472000,731,49.0
06/03/2019,0,0,44.6(-0.67 %),0,0,0,0,7,49.0
07/03/2019,0,0,44.75(0.34 %),0,0,0,0,7,49.0
08/03/2019,720,32180000,44.65(-0.22 %),720,32180000,0,0,7,49.0
11/03/2019,0,0,44.5(-0.34 %),0,0,0,0,11,49.0
12/03/2019,0,0,46.5(4.49 %),0,0,0,0,11,49.0
13/03/2019,-9180,-426870000,46.2(-0.65 %),573000,28005375000,582180,28432245000,9191,49.0
14/03/2019,0,0,46.25(0.11 %),170000,8398000000,170000,8398000000,7,49.0
15/03/2019,0,0,46(-0.54 %),0,0,0,0,9191,49.0
18/03/2019,8090,374560000,46.2(0.43 %),9180,425030000,1090,50470000,7,49.0
19/03/2019,-5000,-230500000,45.7(-1.08 %),20000,988000000,25000,1218500000,7,49.0
20/03/2019,0,0,45.45(-0.55 %),0,0,0,0,7,49.0
21/03/2019,1100,50380000,45.1(-0.77 %),1100,50380000,0,0,5001,49.0
22/03/2019,5000,225500000,45.05(-0.11 %),2282758,102966050000,2277758,102740550000,2,49.0
25/03/2019,0,0,44.4(-1.44 %),830968,40052660000,830968,40052660000,2,49.0
26/03/2019,-2580,-116100000,44.75(0.79 %),0,0,2580,116100000,2,49.0
27/03/2019,0,0,45(0.56 %),0,0,0,0,2,49.0
28/03/2019,0,0,45.15(0.33 %),0,0,0,0,2581,49.0
29/03/2019,-1580,-71632000,45.5(0.78 %),129580,6251748000,131160,6323380000,4161,49.0
01/04/2019,0,0,45.8(0.66 %),0,0,0,0,6,49.0
02/04/2019,0,0,46(0.44 %),0,0,0,0,6,49.0
03/04/2019,4160,193024000,47.2(2.61 %),4160,193024000,0,0,-4154,49.0
04/04/2019,-1080,-51300000,47.8(1.27 %),0,0,1080,51300000,6,49.0
05/04/2019,-4640,-221100000,47.8(0.00 %),900000,45990000000,904640,46211100000,6,49.0
08/04/2019,0,0,47.8(0.00 %),0,0,0,0,6,49.0
09/04/2019,1000,47790000,47.3(-1.05 %),1080,51620000,80,3830000,6,49.0
10/04/2019,4650,218550000,46.9(-0.85 %),4650,218550000,0,0,1,49.0
11/04/2019,0,0,47(0.21 %),20000,1002000000,20000,1002000000,1,49.0
12/04/2019,80,3750000,48.2(2.55 %),95830,4810400000,95750,4806650000,1,49.0
16/04/2019,0,0,47.9(-0.62 %),30000,1545000000,30000,1545000000,1,49.0
17/04/2019,-200,-9660000,48.5(1.25 %),47200,2416640000,47400,2426300000,201,49.0
18/04/2019,-1410,-68390000,48.5(0.00 %),0,0,1410,68390000,1,49.0
19/04/2019,-5910,-287817000,48.45(-0.10 %),0,0,5910,287817000,7521,49.0
22/04/2019,200,9700000,47.9(-1.14 %),200,9700000,0,0,4,49.0
23/04/2019,-33500,-1607105000,47.9(0.00 %),196410,10051539000,229910,11658644000,40821,48.99
24/04/2019,5920,287120000,48.55(1.36 %),5920,287120000,0,0,3,49.0
25/04/2019,0,0,48.8(0.51 %),0,0,0,0,3,49.0
26/04/2019,34910,1822300000,49.55(1.54 %),54910,2866300000,20000,1044000000,3,49.0
02/05/2019,0,0,49.85(0.61 %),0,0,0,0,3,49.0
03/05/2019,-910,-45270000,50(0.30 %),0,0,910,45270000,3,49.0
06/05/2019,-500,-24450000,48.75(-2.50 %),0,0,500,24450000,1413,49.0
07/05/2019,1502930,78260680000,49.7(1.95 %),1652930,86075680000,150000,7815000000,1,49.0
08/05/2019,910,44863000,49.65(-0.10 %),530910,28187863000,530000,28143000000,-909,48.76
09/05/2019,500,24800000,48.6(-2.11 %),80500,4272800000,80000,4248000000,-493,48.76
10/05/2019,-690,-33850000,49(0.82 %),0,0,690,33850000,9,49.0
13/05/2019,-2870,-142268000,49.5(1.02 %),10,490000,2880,142758000,3567,49.0
14/05/2019,0,0,50.2(1.41 %),0,0,0,0,3567,49.0
15/05/2019,590,29800000,50.4(0.40 %),690,34850000,100,5050000,5,49.0
16/05/2019,-3440,-173376000,49.65(-1.49 %),1002880,54045152000,1006320,54218528000,6417,48.76
17/05/2019,-790,-35170000,44.45(-10.47 %),0,0,790,35170000,6,49.0
20/05/2019,100,4450000,45.25(1.80 %),100,4450000,0,0,6,49.0
21/05/2019,5320,241810000,45.9(1.44 %),36320,1682560000,31000,1440750000,6,49.0
22/05/2019,-30,-1340000,45.25(-1.42 %),3662790,179807540000,3662820,179808880000,6,49.0
23/05/2019,0,0,45.7(0.99 %),300000,13845000000,300000,13845000000,6,49.0
24/05/2019,1010,45955000,45.6(-0.22 %),231010,11219805000,230000,11173850000,-1004,48.76
27/05/2019,820,37150000,45.25(-0.77 %),170045,8286870000,169225,8249720000,2,49.0
28/05/2019,0,0,44.85(-0.88 %),250000,11625000000,250000,11625000000,2,49.0
29/05/2019,-4730,-208829500,44.1(-1.67 %),0,0,4730,208829500,4732,49.0
30/05/2019,0,0,44.55(1.02 %),0,0,0,0,2,49.0
31/05/2019,-10,-446000,44.1(-1.01 %),0,0,10,446000,4742,49.0
03/06/2019,4730,208120000,43.5(-1.36 %),4730,208120000,0,0,12,49.0
04/06/2019,-11610,-502710000,43.3(-0.46 %),50000,2275000000,61610,2777710000,2,49.0
05/06/2019,10,440000,43.6(0.69 %),190010,8797440000,190000,8797000000,2,49.0
06/06/2019,-11790,-520530000,44.5(2.06 %),253391,11820690000,265181,12341220000,2,49.0
07/06/2019,11610,520128000,45.2(1.57 %),38892,1818751200,27282,1298623200,11792,48.75
10/06/2019,-50,-2267500,45.1(-0.22 %),0,0,50,2267500,11842,49.0
11/06/2019,11790,531730000,45.2(0.22 %),11790,531730000,0,0,2,49.0
12/06/2019,0,0,45.05(-0.33 %),28750,1390060000,28750,1390060000,2,49.0
13/06/2019,40,1800000,44.55(-1.11 %),50,2250000,10,450000,2,49.0
14/06/2019,0,0,44.4(-0.34 %),0,0,0,0,12,49.0
17/06/2019,-4000,-176000000,44.05(-0.79 %),349460,16599350000,353460,16775350000,2,49.0
18/06/2019,10,440000,44.05(0.00 %),27010,1272140000,27000,1271700000,8,49.0
19/06/2019,-1420,-62944500,44.65(1.36 %),690000,32499000000,691420,32561944500,5422,48.76
20/06/2019,0,0,45.4(1.68 %),0,0,0,0,0,49.0
21/06/2019,0,0,45.4(0.00 %),0,0,0,0,0,49.0
24/06/2019,0,0,45.15(-0.55 %),0,0,0,0,5422,53.9
25/06/2019,0,0,46.5(2.99 %),20000,966000000,20000,966000000,5422,48.76
26/06/2019,0,0,46.15(-0.75 %),636580,31669860000,636580,31669860000,0,49.0
27/06/2019,0,0,45.4(-1.63 %),143420,7077780000,143420,7077780000,0,49.0
28/06/2019,-2720,-123760000,45.5(0.22 %),0,0,2720,123760000,0,49.0
01/07/2019,-8750,-404430500,47.1(3.52 %),0,0,8750,404430500,16892,53.9
02/07/2019,0,0,46.9(-0.42 %),1783346,89702303800,1783346,89702303800,16892,48.75
03/07/2019,1560,72850000,46.8(-0.21 %),600260,30067720000,598700,29994870000,1,49.0
04/07/2019,8750,411250000,46.95(0.32 %),8750,411250000,0,0,6582,53.9
05/07/2019,0,0,46.6(-0.75 %),0,0,0,0,6582,53.9
08/07/2019,0,0,46.3(-0.64 %),120000,5982000000,120000,5982000000,2,49.0
09/07/2019,-3470,-160660000,46.75(0.97 %),145464,7200470000,148934,7361130000,7,49.0
10/07/2019,0,0,47.05(0.64 %),0,0,0,0,7,49.0
11/07/2019,10,471500,47(-0.11 %),141235,7104089000,141225,7103617500,10042,48.75
12/07/2019,-3720,-175571500,47(0.00 %),3470,163437000,7190,339008500,13762,53.9
15/07/2019,-5000,-235500000,47.3(0.64 %),0,0,5000,235500000,3,49.0
16/07/2019,10,470000,47.3(0.00 %),10,470000,0,0,2,49.0
17/07/2019,7190,340087000,47.05(-0.53 %),7190,340087000,0,0,11562,53.9
18/07/2019,5000,235000000,46.8(-0.53 %),25000,1241000000,20000,1006000000,8,49.0
19/07/2019,-890,-41790000,48.2(2.99 %),0,0,890,41790000,8,49.0
22/07/2019,-230,-11090000,48.35(0.31 %),0,0,230,11090000,8,49.0
23/07/2019,-100,-4850000,48.8(0.93 %),92120,4762600000,92220,4767450000,8,49.0
24/07/2019,480,23913500,48.6(-0.41 %),264410,13707433500,263930,13683520000,7302,48.76
25/07/2019,-650,-31545500,48.65(0.10 %),30240,1571664000,30890,1603209500,7952,48.76
26/07/2019,100,4850000,48.8(0.31 %),100,4850000,0,0,6,49.0
29/07/2019,-1850,-90280000,48.6(-0.41 %),277182,13611480000,279032,13701760000,6,49.0
30/07/2019,-8520,-412678000,47.8(-1.65 %),890,43254000,9410,455932000,18222,53.9
31/07/2019,-11850,-567920000,48.4(1.26 %),50000,2555000000,61850,3122920000,6,49.0
01/08/2019,-10,-490000,48.35(-0.10 %),22260,1143380000,22270,1143870000,6,49.0
02/08/2019,9410,452150500,48.8(0.93 %),9410,452150500,0,0,0,53.9
05/08/2019,11850,580650000,49(0.41 %),11850,580650000,0,0,6,49.0
06/08/2019,2190,105490000,48.95(-0.10 %),495193,25873640000,493003,25768150000,6,49.0
07/08/2019,-1790,-88784000,49.75(1.63 %),0,0,1790,88784000,1796,53.9
08/08/2019,-8060,-405373000,50.3(1.11 %),10,498500,8070,405871500,9856,53.9
09/08/2019,-80,-4080000,51.1(1.59 %),0,0,80,4080000,9936,48.75
12/08/2019,1770,90425000,52.3(2.35 %),3751090,203303529000,3749320,203213104000,8166,48.75
13/08/2019,8070,420450000,52.5(0.38 %),458190,25342090000,450120,24921640000,0,49.0
14/08/2019,-3220,-172640000,53.2(1.33 %),80,4240000,3300,176880000,0,49.0
15/08/2019,-680,-35430000,53(-0.38 %),20,1040000,700,36470000,0,49.0
16/08/2019,0,0,52(-1.89 %),0,0,0,0,3996,49.0
19/08/2019,3300,171600000,52.4(0.77 %),43300,2395600000,40000,2224000000,0,49.0
20/08/2019,-5760,-311424000,54(3.05 %),700,36680000,6460,348104000,6456,49.0
21/08/2019,10,541000,53.6(-0.74 %),1600010,90880541000,1600000,90880000000,6446,44.32
22/08/2019,0,0,53(-1.12 %),0,0,0,0,6446,49.0
23/08/2019,6430,341440000,54.4(2.64 %),6460,343030000,30,1590000,6,49.0
26/08/2019,0,0,53.7(-1.29 %),100000,5820000000,100000,5820000000,6,49.0
27/08/2019,0,0,52.8(-1.68 %),0,0,0,0,6,49.0
28/08/2019,30,1590000,52.1(-1.33 %),279764,15778587600,279734,15776997600,-14,44.32
29/08/2019,-2590,-135474000,52.7(1.15 %),395475,22027957500,398065,22163431500,2596,44.32
30/08/2019,0,0,53.1(0.76 %),50000,2815000000,50000,2815000000,2596,44.32
03/09/2019,0,0,53.7(1.13 %),67681,3749450000,67681,3749450000,8,49.0
04/09/2019,1800,96740000,53.2(-0.93 %),52590,3009080000,50790,2912340000,8,49.0
05/09/2019,0,0,52.6(-1.13 %),304547,17328724300,304547,17328724300,8,49.0
06/09/2019,0,0,52.9(0.57 %),0,0,0,0,8,49.0
09/09/2019,790,41870000,53.8(1.70 %),790,41870000,0,0,8,49.0
10/09/2019,0,0,54(0.37 %),50000,2875000000,50000,2875000000,8,49.0
11/09/2019,-1190,-64020000,54.1(0.19 %),70200,4050540000,71390,4114560000,8,49.0
12/09/2019,-57000,-3164900000,56.5(4.44 %),0,0,57000,3164900000,58198,48.99
13/09/2019,0,0,56.8(0.53 %),2727500,162765650000,2727500,162765650000,8,49.0
16/09/2019,1190,67710000,57.7(1.58 %),1190,67710000,0,0,8,49.0
17/09/2019,-640,-37120000,57.6(-0.17 %),0,0,640,37120000,57648,48.99
18/09/2019,-4690,-266390000,56.4(-2.08 %),1465954,89725810000,1470644,89992200000,8,49.0
19/09/2019,0,0,57.8(2.48 %),0,0,0,0,8,49.0
20/09/2019,-1360,-79270000,58.2(0.69 %),640,36930000,2000,116200000,8,49.0
23/09/2019,4320,250678000,56.5(-2.92 %),1511980,93801702000,1507660,93551024000,59378,48.99
24/09/2019,10,560000,56.2(-0.53 %),1500010,90600560000,1500000,90600000000,6,49.0
25/09/2019,210,11840000,57.4(2.14 %),2010,113160000,1800,101320000,5,49.0
26/09/2019,-570,-32610000,57.7(0.52 %),30661,1881220000,31231,1913830000,5,49.0
27/09/2019,-20,-1170000,58.5(1.39 %),0,0,20,1170000,5,49.0
30/09/2019,1800,106740000,57.7(-1.37 %),171800,10731740000,170000,10625000000,5,49.0
01/10/2019,-2200,-126940000,58.5(1.39 %),940,54240000,3140,181180000,5,49.0
02/10/2019,-680,-39780000,57.2(-2.22 %),96160,6009920000,96840,6049700000,1625,49.0
03/10/2019,0,0,57.2(0.00 %),0,0,0,0,1625,49.0
04/10/2019,-1860,-105240000,56.8(-0.70 %),3140,180550000,5000,285790000,5,49.0
07/10/2019,-1130,-64550000,55.5(-2.29 %),700,39760000,1830,104310000,4615,49.0
08/10/2019,0,0,56.1(1.08 %),0,0,0,0,5,49.0
09/10/2019,5000,281500000,56.4(0.53 %),5000,281500000,0,0,5,49.0
10/10/2019,-910,-51415000,56.4(0.00 %),0,0,910,51415000,915,49.0
11/10/2019,-2410,-136257000,56.5(0.18 %),0,0,2410,136257000,3325,49.0
14/10/2019,-20000,-1150000000,57.7(2.12 %),121400,7332560000,141400,8482560000,23325,49.0
15/10/2019,-25040,-1444720000,57.4(-0.52 %),120910,7456600000,145950,8901320000,0,49.0
16/10/2019,-15280,-882410000,57.5(0.17 %),214410,13156100000,229690,14038510000,0,49.0
17/10/2019,17000,1057800000,56.7(-1.39 %),20000,1230000000,3000,172200000,2,49.0
18/10/2019,25950,1572570000,57.1(0.71 %),25950,1572570000,0,0,2,49.0
21/10/2019,17690,1015410000,56.5(-1.05 %),301710,18340630000,284020,17325220000,2,49.0
22/10/2019,3000,169500000,56.3(-0.35 %),3000,169500000,0,0,2,49.0
23/10/2019,-8610,-484560000,56.4(0.18 %),0,0,8610,484560000,8615,49.0
24/10/2019,-10000,-575000000,58.2(3.19 %),28160,1698050000,38160,2273050000,2,49.0
25/10/2019,-5690,-330020000,58(-0.34 %),20000,1244000000,25690,1574020000,24305,49.0
28/10/2019,-21590,-1259780000,58.1(0.17 %),28610,1739380000,50200,2999160000,2,49.0
29/10/2019,8900,518200000,57.9(-0.34 %),60000,3687000000,51100,3168800000,2,49.0
30/10/2019,4870,281890000,57.8(-0.17 %),496990,30740920000,492120,30459030000,2,49.0
31/10/2019,30200,1866360000,57.9(0.17 %),70200,4338360000,40000,2472000000,1925,49.0
01/11/2019,1100,63800000,58.5(1.04 %),1100,63800000,0,0,1102,49.0
04/11/2019,820,48130000,59.9(2.39 %),820,48130000,0,0,2,49.0
05/11/2019,-590,92828380750,59.8(-0.17 %),1554750,191931237750,1555340,99102857000,872,53.9
06/11/2019,-1000,-59800000,59.5(-0.50 %),0,0,1000,59800000,1872,53.9
07/11/2019,-60,-3570000,59.5(0.00 %),10,595000,70,4165000,1932,53.9
08/11/2019,590,35282000,59.6(0.17 %),590,35282000,0,0,1342,53.9
11/11/2019,1000,59700000,60(0.67 %),1000,59700000,0,0,0,49.0
12/11/2019,70,4200000,61(1.67 %),70,4200000,0,0,0,49.0
13/11/2019,-1500,-90750000,60.5(-0.82 %),4542685,295354125000,4544185,295444875000,1772,53.9
14/11/2019,0,0,58.3(-3.64 %),250000,16175000000,250000,16175000000,1772,53.9
15/11/2019,0,0,58.6(0.51 %),0,0,0,0,1772,53.9
18/11/2019,1500,87600000,57.5(-1.88 %),1500,87600000,0,0,0,49.0
19/11/2019,0,0,58.3(1.39 %),0,0,0,0,272,53.9
20/11/2019,0,0,56.8(-2.57 %),0,0,0,0,272,53.9
21/11/2019,0,0,56(-1.41 %),0,0,0,0,0,49.0
22/11/2019,0,0,56(0.00 %),0,0,0,0,272,53.9
25/11/2019,0,0,56.6(1.07 %),0,0,0,0,0,49.0
26/11/2019,0,0,57.1(0.88 %),25000,1512500000,25000,1512500000,272,53.9
27/11/2019,0,0,57(-0.18 %),0,0,0,0,0,49.0
28/11/2019,-15270,-856770000,56(-1.75 %),0,0,15270,856770000,0,49.0
29/11/2019,-20000,-1127926000,56.4(0.71 %),0,0,20000,1127926000,35542,53.89
02/12/2019,-40000,-2246350000,54.6(-3.19 %),0,0,40000,2246350000,0,49.0
03/12/2019,15270,827630000,54.5(-0.18 %),15270,827630000,0,0,0,49.0
04/12/2019,20000,1166000000,55.4(1.65 %),20000,1166000000,0,0,0,49.0
05/12/2019,39310,2329700000,54.9(-0.90 %),40000,2368000000,690,38300000,0,49.0
06/12/2019,0,0,55(0.18 %),0,0,0,0,0,49.0
09/12/2019,0,0,55.3(0.55 %),128600,7561680000,128600,7561680000,0,49.0
10/12/2019,100,5530000,55.5(0.36 %),690,38160000,590,32630000,0,49.0
11/12/2019,0,0,56.5(1.80 %),72596,4304942800,72596,4304942800,862,53.9
12/12/2019,-17460,-992190000,57(0.88 %),39000,2355600000,56460,3347790000,0,49.0
13/12/2019,-9410,-538150000,57.1(0.18 %),30590,1860750000,40000,2398900000,0,49.0
16/12/2019,0,0,56.5(-1.05 %),165680,10106480000,165680,10106480000,27732,53.89
17/12/2019,14970,841310000,55.4(-1.95 %),46450,2732250000,31480,1890940000,8,49.0
18/12/2019,10000,554000000,55.5(0.18 %),10000,554000000,0,0,8,49.0
19/12/2019,-3000,-166500000,55.8(0.54 %),0,0,3000,166500000,8,49.0
20/12/2019,-3710,-209615000,56.5(1.25 %),2490,140685000,6200,350300000,9472,53.9
23/12/2019,-8980,-508270000,56.1(-0.71 %),0,0,8980,508270000,8,49.0
24/12/2019,3000,169200000,56.4(0.53 %),106700,6391200000,103700,6222000000,8,49.0
25/12/2019,-6800,-383520000,57.5(1.95 %),6200,349680000,13000,733200000,22252,53.9
26/12/2019,1280,74550000,57.4(-0.17 %),118990,7284620000,117710,7210070000,4,49.0
27/12/2019,0,0,57.6(0.35 %),0,0,0,0,20972,53.9
30/12/2019,13000,751400000,58.6(1.74 %),13000,751400000,0,0,4,49.0
31/12/2019,7710,451810000,58.3(-0.51 %),7710,451810000,0,0,4,49.0
02/01/2020,0,0,58.6(0.51 %),0,0,0,0,4,53.9
03/01/2020,0,0,57.6(-1.71 %),0,0,0,0,4,49.0
06/01/2020,-890,-51086000,57(-1.04 %),0,0,890,51086000,894,53.9
07/01/2020,0,0,58.1(1.93 %),0,0,0,0,4,49.0
08/01/2020,-290,-16650000,56.8(-2.24 %),24230,1504680000,24520,1521330000,4,49.0
09/01/2020,890,51000000,57.6(1.41 %),890,51000000,0,0,4,49.0
10/01/2020,0,0,57.5(-0.17 %),0,0,0,0,294,53.9
13/01/2020,290,16650000,57.1(-0.70 %),290,16650000,0,0,4,49.0
14/01/2020,0,0,57(-0.18 %),0,0,0,0,4,53.9
15/01/2020,-1790,-101851000,57(0.00 %),0,0,1790,101851000,1794,53.9
16/01/2020,0,0,58(1.75 %),0,0,0,0,4,49.0
17/01/2020,-80,-4640000,57.6(-0.69 %),0,0,80,4640000,4,49.0
20/01/2020,1790,102930000,57.4(-0.35 %),1790,102930000,0,0,7,49.0
21/01/2020,-230,-13320000,55.5(-3.31 %),99900,6133860000,100130,6147180000,7,49.0
22/01/2020,-540,-29950000,56.5(1.80 %),80,4400000,620,34350000,7,49.0
30/01/2020,-6240,9809584000,54.7(-3.19 %),334000,30324512000,340240,20514928000,6787,53.9
31/01/2020,230,12420000,52(-4.94 %),253130,14807070000,252900,14794650000,7,49.0
03/02/2020,-3820,-199983000,51.5(-0.96 %),620,30752000,4440,230735000,627,53.9
04/02/2020,6240,326980000,51.8(0.58 %),6240,326980000,0,0,7,49.0
05/02/2020,0,0,52(0.39 %),0,0,0,0,7,49.0
06/02/2020,4050,217080000,53.6(3.08 %),29640,1639104000,25590,1422024000,-4043,53.9
07/02/2020,0,0,53.3(-0.56 %),0,0,0,0,7,53.9
10/02/2020,0,0,52.6(-1.31 %),0,0,0,0,7,53.9
11/02/2020,390,20630000,53.6(1.90 %),390,20630000,0,0,7,49.0
12/02/2020,-13670,-735450000,54.1(0.93 %),0,0,13670,735450000,7,49.0
13/02/2020,-710,-38410000,54.3(0.37 %),0,0,710,38410000,7,49.0
14/02/2020,-2810,-153145000,54.5(0.37 %),47000,2730700000,49810,2883845000,17197,53.9
17/02/2020,13600,737120000,54.2(-0.55 %),283670,16481914000,270070,15744794000,3597,53.9
18/02/2020,-3270,-180220000,56(3.32 %),27364,1581860000,30634,1762080000,2,49.0
19/02/2020,2230,124211000,55.7(-0.54 %),78740,4704724000,76510,4580513000,4637,53.9
20/02/2020,70,3930000,55.8(0.18 %),70,3930000,0,0,4,49.0
21/02/2020,2490,139191000,54.7(-1.97 %),3990,223041000,1500,83850000,2077,53.9
24/02/2020,580,30800000,52.5(-4.02 %),580,30800000,0,0,3,49.0
25/02/2020,-1190,-62356000,54(2.86 %),0,0,1190,62356000,2687,53.9
26/02/2020,310,14650000,55(1.85 %),1500,80100000,1190,65450000,8,49.0
27/02/2020,0,0,56(1.82 %),219448,12903542400,219448,12903542400,2377,53.9
28/02/2020,-1810,-99850000,55.1(-1.61 %),232190,13902350000,234000,14002200000,8,49.0
02/03/2020,-1220,-67220000,55.7(1.09 %),64190,3776270000,65410,3843490000,8,49.0
03/03/2020,-15360,-858624000,55.9(0.36 %),119110,7087009000,134470,7945633000,15368,53.9
04/03/2020,1000,55900000,55.5(-0.72 %),155070,9260290000,154070,9204390000,4,49.0
05/03/2020,410,24360000,54.6(-1.62 %),2410,133760000,2000,109400000,4,49.0
06/03/2020,15370,833054000,54(-1.10 %),15370,833054000,0,0,0,53.9
09/03/2020,-4410,-221823000,50.3(-6.85 %),1105190,63754663000,1109600,63976486000,4,53.9
10/03/2020,1410,71910000,51.7(2.78 %),2000,102000000,590,30090000,0,53.9
11/03/2020,-320,4763916760,50.8(-1.74 %),91960,9865560760,92280,5101644000,324,53.9
12/03/2020,-113480,-5490240000,48.1(-5.31 %),405150,21963110000,518630,27453350000,4,49.0
13/03/2020,-19770,-950080000,48.15(0.10 %),381160,19591620000,400930,20541700000,0,49.0
16/03/2020,120,5790000,47.6(-1.14 %),190620,9815860000,190500,9810070000,0,49.0
17/03/2020,111790,5716590000,48.5(1.89 %),318350,16204020000,206560,10487430000,0,49.0
18/03/2020,18230,893270000,48.4(-0.21 %),386510,19965860000,368280,19072590000,0,49.0
19/03/2020,-29050,-1391410000,47.7(-1.45 %),919880,47557800000,948930,48949210000,0,49.0
20/03/2020,6910,329607000,47.7(0.00 %),238100,12116370000,231190,11786763000,0,53.9
23/03/2020,-550,-24420000,44.4(-6.92 %),1391720,70967556000,1392270,70991976000,0,53.9
24/03/2020,26150,1250800000,44.5(0.23 %),1358680,64537300000,1332530,63286500000,0,49.0
25/03/2020,1190,54740000,46(3.37 %),101190,4814740000,100000,4760000000,0,53.9
26/03/2020,2090,95100000,44.2(-3.91 %),179990,8847780000,177900,8752680000,0,49.0
27/03/2020,2900,128760000,43.1(-2.49 %),2900,128760000,0,0,0,49.0
30/03/2020,-690,-27876000,40.4(-6.26 %),2606630,120165643000,2607320,120193519000,3590,53.9
31/03/2020,0,0,41.1(1.73 %),774000,31336800000,774000,31336800000,0,49.0
01/04/2020,0,0,42.3(2.92 %),20000,879000000,20000,879000000,0,49.0
03/04/2020,-9630,-420410000,44.6(5.44 %),597872,27052160000,607502,27472570000,0,49.0
06/04/2020,0,0,47.5(6.50 %),188730,9002420000,188730,9002420000,0,49.0
07/04/2020,-300,-14250000,47.3(-0.42 %),20000,1016000000,20300,1030250000,0,49.0
08/04/2020,0,0,46.85(-0.95 %),81670,0,81670,0,13520,53.9
09/04/2020,0,0,46.85(0.00 %),20000,1002000000,20000,1002000000,9,49.0
10/04/2020,-700,-33020000,46.4(-0.96 %),1543213,67902150000,1543913,67935170000,9,49.0
13/04/2020,0,0,46.5(0.22 %),3107575,145434510000,3107575,145434510000,14220,53.9
14/04/2020,-26570,-1277400000,49.5(6.45 %),58460,2908390000,85030,4185790000,0,49.0
15/04/2020,-11740,-592870000,50.1(1.21 %),1000,50500000,12740,643370000,52530,53.89
16/04/2020,0,0,50.3(0.40 %),20000,1072000000,20000,1072000000,52530,53.89
17/04/2020,26570,1429470000,51.2(1.79 %),46570,2505470000,20000,1076000000,0,49.0
20/04/2020,12740,661206000,51.3(0.20 %),12740,661206000,0,0,13220,53.9
21/04/2020,-5000,-248000000,49.3(-3.90 %),122000,6685600000,127000,6933600000,18220,53.9
22/04/2020,1661980,87566920000,51.1(3.65 %),1761990,92837450000,100010,5270530000,6,49.0
23/04/2020,0,0,51(-0.20 %),27000,1474200000,27000,1474200000,6,49.0
24/04/2020,5000,254500000,51(0.00 %),25000,1344500000,20000,1090000000,6,49.0
27/04/2020,0,0,50.7(-0.59 %),0,0,0,0,6,53.87
28/04/2020,0,0,50.7(0.00 %),225000,12195000000,225000,12195000000,6,53.87
29/04/2020,0,0,50.8(0.20 %),0,0,0,0,6,53.87
04/05/2020,0,0,50.5(-0.59 %),95596,5190862800,95596,5190862800,6,53.87
05/05/2020,-10150,-516010000,50.9(0.79 %),0,0,10150,516010000,0,49.0
06/05/2020,0,0,52.9(3.93 %),721850,39268640000,721850,39268640000,0,49.0
07/05/2020,-20,-1060000,53.5(1.13 %),60000,3396000000,60020,3397060000,2,49.0
08/05/2020,8280,443060000,53.7(0.37 %),10150,544040000,1870,100980000,2,49.0
11/05/2020,-3430,-80836500,54(0.56 %),60000,1077820000,63430,1158656500,5326,53.87
12/05/2020,0,0,54.4(0.74 %),20020,1155080000,20020,1155080000,2,49.0
13/05/2020,1870,88825000,49.35(-9.28 %),21870,1081825000,20000,993000000,3456,53.87
14/05/2020,-200,-8743000,48.7(-1.32 %),1143795,58703104460,1143995,58711847460,3656,53.87
15/05/2020,-2950,-141742500,48(-1.44 %),20,966000,2970,142708500,6606,53.87
18/05/2020,0,0,48.35(0.73 %),20000,1026000000,20000,1026000000,2,49.0
19/05/2020,3630,178600000,49.25(1.86 %),3630,178600000,0,0,2,49.0
20/05/2020,2970,145530000,48.9(-0.71 %),2970,145530000,0,0,2,49.0
21/05/2020,0,0,49.3(0.82 %),0,0,0,0,6,53.87
22/05/2020,0,0,48.45(-1.72 %),0,0,0,0,2,49.0
25/05/2020,-1520,-73040000,48.45(0.00 %),80000,4144000000,81520,4217040000,4,49.0
26/05/2020,0,0,48.8(0.72 %),21890,1133900000,21890,1133900000,4,49.0
27/05/2020,0,0,48(-1.64 %),21890,1142660000,21890,1142660000,4,49.0
28/05/2020,0,0,48(0.00 %),0,0,0,0,1526,49.0
29/05/2020,0,0,47.95(-0.10 %),21890,1122957000,21890,1122957000,1526,49.0
01/06/2020,-3210,-154080000,48.3(0.73 %),322340,16536042000,325550,16690122000,4736,49.0
02/06/2020,-12860,-619940000,48(-0.62 %),46890,2419520000,59750,3039460000,0,49.0
03/06/2020,-500,-24250000,48.65(1.35 %),21890,1122957000,22390,1147207000,18096,49.0
04/06/2020,-4190,-201191000,48.4(-0.51 %),70100,3635249000,74290,3836440000,22286,49.0
05/06/2020,6060,293300000,48.7(0.62 %),460168,23770680000,454108,23477380000,0,49.0
08/06/2020,500,24500000,49.35(1.33 %),22390,1164969000,21890,1140469000,21786,49.0
09/06/2020,0,0,48.95(-0.81 %),0,0,0,0,21786,49.0
10/06/2020,-2500,-122500000,48.8(-0.31 %),27520,1439300000,30020,1561800000,0,49.0
11/06/2020,-1000,-48450000,46(-5.74 %),350000,16870000000,351000,16918450000,7,49.0
12/06/2020,1000,45000000,47(2.17 %),31000,1521000000,30000,1476000000,7,49.0
15/06/2020,0,0,46(-2.13 %),20000,1004000000,20000,1004000000,24286,49.0
16/06/2020,-11790,-549130000,46.6(1.30 %),61600,3030720000,73390,3579850000,0,49.0
17/06/2020,0,0,46.35(-0.54 %),400000,18540000000,400000,18540000000,0,49.0
18/06/2020,0,0,46.6(0.54 %),0,0,0,0,0,49.0
19/06/2020,660,30760000,47(0.86 %),406074,19148120000,405414,19117360000,1,49.0
22/06/2020,0,0,47(0.00 %),146965,6900010000,146965,6900010000,1,49.0
23/06/2020,0,0,47.55(1.17 %),0,0,0,0,35416,49.0
24/06/2020,0,0,47.2(-0.74 %),0,0,0,0,1,49.0
25/06/2020,0,0,46.8(-0.85 %),0,0,0,0,35416,49.0
26/06/2020,-290,-13572000,46.85(0.11 %),0,0,290,13572000,35706,49.0
29/06/2020,0,0,46.05(-1.71 %),0,0,0,0,0,49.0
30/06/2020,-23070,-1062930000,45.65(-0.87 %),0,0,23070,1062930000,0,49.0
01/07/2020,-110,-5060000,46.2(1.20 %),8115332,372244126600,8115442,372249186600,36396,49.0
02/07/2020,-8980,-413331000,46.15(-0.11 %),0,0,8980,413331000,45376,48.99
03/07/2020,17630,819800000,46.25(0.22 %),164595,7609580000,146965,6789780000,3,49.0
06/07/2020,110,-32476985000,46.8(1.19 %),1093158,53182738600,1093048,85659723600,27636,49.0
07/07/2020,0,0,47.45(1.39 %),40700,2035000000,40700,2035000000,0,49.0
08/07/2020,-460,-21760000,47.7(0.53 %),0,0,460,21760000,0,49.0
09/07/2020,-20,-970000,48.35(1.36 %),800000,40080000000,800020,40080970000,0,49.0
10/07/2020,-1030,-49234000,47.8(-1.14 %),4307750,222710675000,4308780,222759909000,29146,49.0
13/07/2020,-1120,-53720000,48.65(1.78 %),1316210,67256910000,1317330,67310630000,0,49.0
14/07/2020,-2430,-117730000,48.55(-0.21 %),800020,40333770000,802450,40451500000,0,49.0
15/07/2020,990,48210000,48.6(0.10 %),1030,50160000,40,1950000,0,49.0
16/07/2020,1580,76710000,48.6(0.00 %),1580,76710000,0,0,0,49.0
17/07/2020,-2440,-117606500,48.1(-1.03 %),2450,118825000,4890,236431500,32566,49.0
20/07/2020,-10690,-508795000,47.4(-1.46 %),40,1924000,10730,510719000,43256,48.99
21/07/2020,-300,-14250000,47.8(0.84 %),0,0,300,14250000,43556,48.99
22/07/2020,4870,233760000,47.4(-0.84 %),4890,234720000,20,960000,38686,49.0
23/07/2020,10740,509080000,47.75(0.74 %),30740,1457080000,20000,948000000,6,49.0
24/07/2020,300,14220000,45.9(-3.87 %),300,14220000,0,0,6,49.0
27/07/2020,20,900000,43.7(-4.79 %),20,900000,0,0,27626,49.0
28/07/2020,0,0,45.7(4.58 %),0,0,0,0,6,49.0
29/07/2020,0,0,44.55(-2.52 %),0,0,0,0,27626,49.0
30/07/2020,0,0,45.15(1.35 %),81780,0,81780,0,27626,49.0
31/07/2020,0,0,44.5(-1.44 %),0,0,0,0,6,49.0
03/08/2020,-3490,-158560000,45.9(3.15 %),0,0,3490,158560000,6,49.0
04/08/2020,-340,-15810000,46.55(1.42 %),0,0,340,15810000,6,49.0
05/08/2020,0,0,47(0.97 %),200270,9973446000,200270,9973446000,346,49.0
06/08/2020,2120,99910000,46.8(-0.43 %),3490,164030000,1370,64120000,7,49.0
07/08/2020,-21320,-1003214500,47.1(0.64 %),0,0,21320,1003214500,21327,49.0
10/08/2020,0,0,47.2(0.21 %),0,0,0,0,21327,49.0
11/08/2020,1370,65006500,47(-0.42 %),1370,65006500,0,0,19957,49.0
12/08/2020,9980,470060000,47.5(1.06 %),9980,470060000,0,0,0,49.0
13/08/2020,-10,-480000,47.95(0.95 %),0,0,10,480000,0,49.0
14/08/2020,0,0,47.8(-0.31 %),0,0,0,0,9987,49.0
17/08/2020,-1080,-50650000,47(-1.67 %),0,0,1080,50650000,2,49.0
18/08/2020,10,470000,46.85(-0.32 %),10,470000,0,0,11057,49.0
19/08/2020,0,0,46.85(0.00 %),0,0,0,0,11057,49.0
20/08/2020,-400,-18840000,47.05(0.43 %),600000,29220000000,600400,29238840000,0,49.0
21/08/2020,0,0,47.4(0.74 %),0,0,0,0,11457,49.0
24/08/2020,0,0,48.45(2.22 %),0,0,0,0,0,49.0
25/08/2020,400,19440000,48.85(0.83 %),600400,29420640000,600000,29401200000,0,49.0
26/08/2020,0,0,48.4(-0.92 %),134490,7020380000,134490,7020380000,0,49.0
27/08/2020,-14860,-741620000,49.85(3.00 %),0,0,14860,741620000,0,49.0
28/08/2020,-6890,-350790000,49.9(0.10 %),404660,21568380000,411550,21919170000,0,49.0
31/08/2020,-10,-502000,49.5(-0.80 %),0,0,10,502000,32817,49.0
01/09/2020,0,0,49.9(0.81 %),44240,2340300000,44240,2340300000,0,49.0
03/09/2020,6890,347260000,50.4(1.00 %),32828,1729760000,25938,1382500000,0,49.0
04/09/2020,10,495000,50(-0.79 %),10,495000,0,0,25917,49.0
07/09/2020,0,0,48.5(-3.00 %),0,0,0,0,0,49.0
08/09/2020,-1900,-93480000,49.5(2.06 %),0,0,1900,93480000,27817,49.0
09/09/2020,0,0,49.2(-0.61 %),0,0,0,0,0,49.0
10/09/2020,-1400,-69300000,49.2(0.00 %),0,0,1400,69300000,29217,49.0
11/09/2020,0,0,49.15(-0.10 %),0,0,0,0,29217,49.0
14/09/2020,-4550,-224087500,49.3(0.31 %),0,0,4550,224087500,33767,49.0
15/09/2020,-870,-43140000,50(1.42 %),0,0,870,43140000,0,49.0
16/09/2020,0,0,50.5(1.00 %),0,0,0,0,34637,49.0
17/09/2020,0,0,50(-0.99 %),20000,1080000000,20000,1080000000,0,49.0
18/09/2020,0,0,51.2(2.40 %),30000,1529790000,30000,1529790000,34637,49.0
21/09/2020,-4590,-235010000,51.2(0.00 %),0,0,4590,235010000,0,49.0
22/09/2020,0,0,51.3(0.20 %),0,0,0,0,0,49.0
23/09/2020,0,0,51.1(-0.39 %),0,0,0,0,3,49.0
24/09/2020,-6900,-350520000,50.5(-1.17 %),20000,1092000000,26900,1442520000,46127,48.99
25/09/2020,0,0,50.8(0.59 %),0,0,0,0,0,49.0
28/09/2020,-1370,-69730000,51.1(0.59 %),0,0,1370,69730000,0,49.0
29/09/2020,0,0,50.2(-1.76 %),0,0,0,0,0,49.0
30/09/2020,0,0,50(-0.40 %),0,0,0,0,0,49.0
01/10/2020,-60,-3040000,50.8(1.60 %),0,0,60,3040000,0,49.0
02/10/2020,-60,-3040000,50.3(-0.98 %),0,0,60,3040000,0,49.0
05/10/2020,0,0,50.5(0.40 %),0,0,0,0,0,49.0
06/10/2020,-960,-48360000,50.5(0.00 %),60,3050000,1020,51410000,0,49.0
07/10/2020,60,3012000,50.4(-0.20 %),60,3012000,0,0,48517,48.99
08/10/2020,0,0,51.1(1.39 %),0,0,0,0,48517,48.99
09/10/2020,-10,-510000,50.8(-0.59 %),0,0,10,510000,48527,48.99
12/10/2020,0,0,50.9(0.20 %),0,0,0,0,0,49.0
13/10/2020,-340,-17306000,50.7(-0.39 %),41481,2256566400,41821,2273872400,48867,48.99
14/10/2020,-13030,-664010000,51(0.59 %),10,510000,13040,664520000,0,49.0
15/10/2020,0,0,51.2(0.39 %),237540,12945930000,237540,12945930000,0,49.0
16/10/2020,320,16380000,53.2(3.91 %),320,16380000,0,0,1,49.0
19/10/2020,9590,514020000,53.3(0.19 %),2247481,127838630000,2237891,127324610000,1,49.0
20/10/2020,0,0,53.2(-0.19 %),1379067,78606819000,1379067,78606819000,51987,48.99
21/10/2020,0,0,52.8(-0.75 %),0,0,0,0,51987,48.99
22/10/2020,-60,-3180000,54(2.27 %),0,0,60,3180000,52047,48.99
23/10/2020,0,0,53.9(-0.19 %),0,0,0,0,0,49.0
26/10/2020,0,0,52.8(-2.04 %),0,0,0,0,0,49.0
27/10/2020,60,0,52.1(-1.33 %),60,0,0,0,51987,48.99
28/10/2020,0,0,50.7(-2.69 %),0,0,0,0,51987,48.99
29/10/2020,0,0,50.9(0.39 %),0,0,0,0,0,49.0
30/10/2020,0,0,51.5(1.18 %),0,0,0,0,0,49.0
02/11/2020,-5800,-298250000,51.7(0.39 %),0,0,5800,298250000,0,49.0
03/11/2020,0,0,52.8(2.13 %),0,0,0,0,57787,48.99
04/11/2020,-1500,-79500000,53(0.38 %),0,0,1500,79500000,59287,48.99
05/11/2020,-18180,-958086000,52(-1.89 %),314545,16655037750,332725,17613123750,77467,48.99
06/11/2020,0,0,52.4(0.77 %),0,0,0,0,0,49.0
09/11/2020,0,0,53.4(1.91 %),0,0,0,0,77467,48.99
10/11/2020,-8470,-454060000,53(-0.75 %),523435,29888140000,531905,30342200000,0,49.0
11/11/2020,0,0,53(0.00 %),0,0,0,0,85937,48.99
12/11/2020,0,0,53.5(0.94 %),0,0,0,0,85937,48.99
13/11/2020,0,0,53.8(0.56 %),0,0,0,0,0,49.0
16/11/2020,-4040,-216140000,53.3(-0.93 %),40631,2336282500,44671,2552422500,89977,48.99
17/11/2020,0,0,54(1.31 %),0,0,0,0,0,49.0
18/11/2020,-60,-3258000,54(0.00 %),0,0,60,3258000,90037,48.99
19/11/2020,-1640,-90354000,55.1(2.04 %),0,0,1640,90354000,91677,48.99
20/11/2020,-46080,-2539008000,55.2(0.18 %),0,0,46080,2539008000,137757,48.98
23/11/2020,60,3312000,55.9(1.27 %),2299690,135681482000,2299630,135678170000,137697,48.98
24/11/2020,-9360,-525224000,0(0.00 %),51640,3081676000,61000,3606900000,147057,48.98
25/11/2020,33810,2050240000,55.2(-0.72 %),46080,2737150000,12270,686910000,4,49.0
26/11/2020,-410,-22755000,55.7(0.91 %),247872,14624448000,248282,14647203000,414,49.0
27/11/2020,11000,614900000,56.2(0.90 %),5606486,333546320000,5595486,332931420000,4,49.0
30/11/2020,11130,631640000,55.4(-1.42 %),125920,7526080000,114790,6894440000,4,49.0
01/12/2020,41,22550000,55.2(-0.36 %),41,22550000,0,0,4,49.0
02/12/2020,0,0,55.6(0.72 %),0,0,0,0,4,49.0
03/12/2020,1100,61050000,55.6(0.00 %),1140,63270000,40,2220000,4,49.0
04/12/2020,-171,-95080000,55.7(0.18 %),8860,5262840000,9031,5357920000,4,49.0
07/12/2020,0,0,55.7(0.00 %),100190,5961305000,100190,5961305000,1714,49.0
08/12/2020,1,560000,56.2(0.90 %),2723,1620040000,2722,1619480000,0,49.0
09/12/2020,0,0,57.5(2.31 %),525070,0,525070,0,1704,49.0
10/12/2020,0,0,56.5(-1.74 %),1536390,93719790000,1536390,93719790000,1704,49.0
11/12/2020,30,1698000,57(0.88 %),26330,1590218000,26300,1588520000,1674,49.0
14/12/2020,0,0,57.2(0.35 %),0,0,0,0,1674,49.0
15/12/2020,0,0,56.7(-0.87 %),0,0,0,0,0,49.0
16/12/2020,0,0,57.1(0.71 %),0,0,0,0,1674,49.0
17/12/2020,-1140,-65090000,56.5(-1.05 %),0,0,1140,65090000,0,49.0
18/12/2020,0,0,56.9(0.71 %),41330,2496332000,41330,2496332000,2814,49.0
21/12/2020,0,0,57.5(1.05 %),0,0,0,0,2814,49.0
22/12/2020,1130,0,58.1(1.04 %),1140,0,10,0,1684,49.0
23/12/2020,-411,-238380000,57.5(-1.03 %),155000,96100000000,155411,96338380000,0,49.0
24/12/2020,0,0,57(-0.87 %),0,0,0,0,5794,49.0
25/12/2020,-5900,-337470000,57.6(1.05 %),0,0,5900,337470000,0,49.0
28/12/2020,560,32420000,57.9(0.52 %),4110,237970000,3550,205550000,1,49.0
29/12/2020,-120,-7008000,58.6(1.21 %),0,0,120,7008000,11254,49.0
30/12/2020,5900,0,58.1(-0.85 %),5900,0,0,0,5354,49.0
31/12/2020,354,205680000,59.1(1.72 %),355,206260000,1,580000,1,49.0
04/01/2021,10,5960000,60.2(1.86 %),28702,18139300000,28692,18133340000,21,49.0
05/01/2021,0,0,62.7(4.15 %),0,0,0,0,21,49.0
06/01/2021,-16600,-1042080000,62.4(-0.48 %),0,0,16600,1042080000,16621,49.0
07/01/2021,-1250,-776000000,62.5(0.16 %),0,0,1250,776000000,31,49.0
08/01/2021,-190,-120270000,63.3(1.28 %),20740,13854320000,20930,13974590000,31,49.0
11/01/2021,660,417240000,64.7(2.21 %),1660,1060740000,1000,643500000,31,49.0
12/01/2021,1300,812550000,65.8(1.70 %),1708500,203389094000,1707200,202576544000,23121,49.0
13/01/2021,-14900,-990940000,66.5(1.06 %),1700724,117930859850,1715624,118921799850,38021,49.0
14/01/2021,1000,665000000,66.4(-0.15 %),11000,7775000000,10000,7110000000,29,49.0
15/01/2021,-520,-342700000,66.6(0.30 %),19720,13956400000,20240,14299100000,29,49.0
18/01/2021,16100,1079120000,66.3(-0.45 %),16800,1125600000,700,46480000,17121,49.0
19/01/2021,0,0,62(-6.49 %),1086500,75445850000,1086500,75445850000,17121,49.0
20/01/2021,14400,902880000,63.3(2.10 %),16400,1028280000,2000,125400000,2721,49.0
21/01/2021,700,45150000,65.6(3.63 %),700,45150000,0,0,2021,42.33
22/01/2021,0,0,66.9(1.98 %),0,0,0,0,36,49.0
25/01/2021,-4900,-328500000,67(0.15 %),42000,2993600000,46900,3322100000,6921,49.0
26/01/2021,-6600,-442140000,66(-1.49 %),64000,4582400000,70600,5024540000,13521,49.0
27/01/2021,-860,-547660000,63(-4.55 %),0,0,860,547660000,36,49.0
28/01/2021,-330,-206740000,58.6(-6.98 %),547430,368916760000,547760,369123500000,35,49.0
29/01/2021,-13400,-864600000,62.7(7.00 %),6600,389400000,20000,1254000000,38821,49.0
01/02/2021,860,553840000,63.5(1.28 %),9860,6583840000,9000,6030000000,30,49.0
02/02/2021,820,516020000,66(3.94 %),8820,5939820000,8000,5423800000,30,49.0
03/02/2021,5300,390130000,70(6.06 %),514000,36288400000,508700,35898270000,-5270,49.0
04/02/2021,-250,-175500000,72.5(3.57 %),290810,217816690000,291060,217992190000,30,49.0
05/02/2021,150,109950000,72.9(0.55 %),55200,42771000000,55050,42661050000,30,49.0
08/02/2021,0,0,71.3(-2.19 %),2290000,178620000000,2290000,178620000000,1030,49.0
09/02/2021,-350,-254410000,74.6(4.63 %),2000,1524000000,2350,1778410000,0,49.0
17/02/2021,-700,-537780000,77.9(4.42 %),7020,5601960000,7720,6139740000,0,49.0
18/02/2021,-11300,-878360000,78.2(0.39 %),0,0,11300,878360000,22830,49.0
19/02/2021,-1100,-849200000,76.6(-2.05 %),157390,131578040000,158490,132427240000,0,49.0
22/02/2021,0,0,76.8(0.26 %),1450200,118771380000,1450200,118771380000,33830,49.0
23/02/2021,0,0,75.5(-1.69 %),0,0,0,0,33830,49.0
24/02/2021,-9400,-715220000,75.4(-0.13 %),1077530,86956671000,1086930,87671891000,43230,48.99
25/02/2021,0,0,76.2(1.06 %),100000,8060000000,100000,8060000000,43230,48.99
26/02/2021,-20400,-1548510000,76.2(0.00 %),0,0,20400,1548510000,63630,48.99
01/03/2021,-1000,-82640000,77.9(2.23 %),9300,714240000,10300,796880000,9395,49.0
02/03/2021,-14000,-1097170000,77.9(0.00 %),520000,43316000000,534000,44413170000,23395,49.0
03/03/2021,-1000,-78000000,77.7(-0.26 %),4314007,359356783100,4315007,359434783100,24395,49.0
04/03/2021,0,0,75.9(-2.32 %),1235000,102628500000,1235000,102628500000,24395,49.0
05/03/2021,-12900,-968900000,75.9(0.00 %),500000,40600000000,512900,41568900000,37295,49.0
08/03/2021,-1730,-1314580000,75.8(-0.13 %),229736,186545790000,231466,187860370000,0,49.0
09/03/2021,-2000,-151000000,75(-1.06 %),1850000,150035000000,1852000,150186000000,56595,48.99
10/03/2021,0,0,76.3(1.73 %),5500,4411000000,5500,4411000000,0,49.0
11/03/2021,0,0,76.7(0.52 %),50300,41044800000,50300,41044800000,0,49.0
12/03/2021,0,0,76.5(-0.26 %),0,0,0,0,56595,48.99
15/03/2021,0,0,76.5(0.00 %),40500,3312900000,40500,3312900000,56595,48.99
16/03/2021,-15400,-1209930000,81(5.88 %),40000,3272000000,55400,4481930000,71995,48.99
17/03/2021,-5700,-464550000,80.8(-0.86 %),1963800,170065080000,1969500,170529630000,77695,48.99
18/03/2021,-40000,-3234140000,81(0.25 %),370000,31968000000,410000,35202140000,117695,48.98
19/03/2021,-5340,-4286610000,79.8(-1.48 %),67570,58515620000,72910,62802230000,0,49.0
22/03/2021,0,0,78.7(-1.38 %),0,0,0,0,0,49.0
23/03/2021,0,0,78.8(0.13 %),131500,11072300000,131500,11072300000,171095,48.98
24/03/2021,26900,2271370000,77(-2.28 %),308400,25998120000,281500,23726750000,144195,48.98
25/03/2021,-3200,-248000000,76.6(-0.52 %),50000,4115000000,53200,4363000000,147395,48.98
26/03/2021,0,0,76.1(-0.65 %),0,0,0,0,147395,48.98
29/03/2021,-7500,-573350000,77.6(1.97 %),400,30600000,7900,603950000,154895,48.98
30/03/2021,2200,172180000,77.1(-0.64 %),203200,16849280000,201000,16677100000,152695,48.98
31/03/2021,-90,-70110000,77.7(0.78 %),4660,3839840000,4750,3909950000,70,49.0
01/04/2021,-7000,-554300000,79.7(2.57 %),0,0,7000,554300000,62,49.0
02/04/2021,-90,-71890000,79.8(0.13 %),4200,3376800000,4290,3448690000,62,49.0
05/04/2021,90,72360000,79.6(-0.25 %),127140,108446010000,127050,108373650000,62,49.0
06/04/2021,6000,473700000,79.4(-0.25 %),114000,9659400000,108000,9185700000,-5938,49.0
07/04/2021,190,150480000,79.6(0.25 %),55370,46998300000,55180,46847820000,62,49.0
08/04/2021,-1500,-1201000000,79.6(0.00 %),50000,42550000000,51500,43751000000,62,49.0
09/04/2021,-390,-314610000,82.1(3.14 %),99549,84710900000,99939,85025510000,23,49.0
12/04/2021,-22800,-1866510000,82.1(0.00 %),97000,8516600000,119800,10383110000,41762,48.99
13/04/2021,0,0,80.7(-1.71 %),1381200,120494160000,1381200,120494160000,41762,48.99
14/04/2021,-3300,-266640000,81(0.37 %),0,0,3300,266640000,45062,48.99
15/04/2021,0,0,80(-1.23 %),0,0,0,0,45062,0.0
16/04/2021,-60,-47790000,79.7(-0.38 %),40100,33972000000,40160,34019790000,0,49.0
19/04/2021,0,0,81.5(2.26 %),116990,99675480000,116990,99675480000,0,49.0
20/04/2021,0,0,82.9(1.72 %),30286,26409390000,30286,26409390000,0,49.0
22/04/2021,60,49200000,80(-3.50 %),15360,13620300000,15300,13571100000,0,49.0
23/04/2021,-550,-443300000,83(3.75 %),4000,3424000000,4550,3867300000,0,49.0
26/04/2021,0,0,81(-2.41 %),565000,50172000000,565000,50172000000,50562,48.99
27/04/2021,0,0,80.7(-0.37 %),525000,45465000000,525000,45465000000,50562,48.99
28/04/2021,-5500,-443090000,80.8(0.12 %),360949,31149898700,366449,31592988700,56062,48.99
29/04/2021,0,0,80.9(0.12 %),13340,11525760000,13340,11525760000,0,49.0
04/05/2021,0,0,82.9(2.47 %),106360,80089080000,106360,80089080000,0,49.0
05/05/2021,0,0,82.9(0.00 %),2590,2297330000,2590,2297330000,0,49.0
06/05/2021,0,0,82.7(-0.24 %),0,0,0,0,56062,48.99
07/05/2021,-100,-83000000,83(0.36 %),4500,3978000000,4600,4061000000,0,49.0
10/05/2021,-3200,-265920000,85.8(3.37 %),77000,6837600000,80200,7103520000,60262,48.99
11/05/2021,-250,-215000000,85.2(-0.70 %),20530,18846540000,20780,19061540000,0,49.0
12/05/2021,-300,-255800000,85.4(0.23 %),2090,1898500000,2390,2154300000,93,49.0
13/05/2021,-3000,-255000000,84(-1.64 %),210900,19255170000,213900,19510170000,68762,48.99
14/05/2021,500,42150000,84.8(0.95 %),52500,4700750000,52000,4658600000,68262,48.99
17/05/2021,2534900,229851240000,85.7(1.06 %),2562100,232307500000,27200,2456260000,-2466638,49.31
18/05/2021,290,250500000,87(1.52 %),12080,11049680000,11790,10799180000,86,49.0
19/05/2021,0,0,90.8(4.37 %),2000,1860000000,2000,1860000000,0,49.0
20/05/2021,-70,-64610000,95.5(5.18 %),60173,58428180000,60243,58492790000,0,49.0
21/05/2021,-2700,-255170000,93.8(-1.78 %),3664800,374175300000,3667500,374430470000,3486,49.0
24/05/2021,0,0,93.5(-0.32 %),75040,75265120000,75040,75265120000,0,49.0
25/05/2021,-40,-37400000,93.8(0.32 %),70,65450000,110,102850000,0,49.0
26/05/2021,0,0,95.3(1.60 %),1229124,125247735600,1229124,125247735600,3886,49.0
27/05/2021,0,0,93.8(-1.57 %),122912,125247740000,122912,125247740000,2,49.0
28/05/2021,100,94000000,94.8(1.07 %),100,94000000,0,0,54,49.0
31/05/2021,0,0,97.9(3.27 %),898106,91067948400,898106,91067948400,86,49.0
01/06/2021,0,0,87.1(-11.03 %),0,0,0,0,0,49.0
02/06/2021,-1500,-130510000,85.5(-1.84 %),2186105,203526375500,2187605,203656885500,1586,49.0
03/06/2021,0,0,85.2(-0.35 %),1304970,119274258000,1304970,119274258000,1586,49.0
04/06/2021,0,0,84.7(-0.59 %),0,0,0,0,1586,49.0
07/06/2021,140,118440000,82.7(-2.36 %),56000,50727600000,55860,50609160000,96,49.0
08/06/2021,0,0,80.8(-2.30 %),140000,123760000000,140000,123760000000,96,49.0
09/06/2021,0,0,81.7(1.11 %),0,0,0,0,96,49.0
10/06/2021,-20,-16340000,81.9(0.24 %),36365,31783530000,36385,31799870000,0,49.0
11/06/2021,0,0,83.5(1.95 %),80000,7008000000,80000,7008000000,386,49.0
14/06/2021,0,0,83.8(0.36 %),196657,175615240000,196657,175615240000,0,49.0
15/06/2021,-3600,-301500000,83.2(-0.72 %),200,16760000,3800,318260000,3986,49.0
16/06/2021,-19600,-1639180000,83.1(-0.12 %),312400,27803600000,332000,29442780000,23586,49.0
17/06/2021,0,0,82.6(-0.60 %),0,0,0,0,0,49.0
18/06/2021,-8000,-665950000,83.8(1.45 %),23700,2073470000,31700,2739420000,31586,49.0
21/06/2021,240,193780000,85.6(2.15 %),2580,2276880000,2340,2083100000,80,49.0
22/06/2021,0,0,85.4(-0.23 %),1415000,129472500000,1415000,129472500000,29186,49.0
23/06/2021,-5000,-424230000,84.9(-0.59 %),1510400,137899520000,1515400,138323750000,34186,49.0
24/06/2021,0,-660000,84.7(-0.24 %),553400,50226620000,553400,50227280000,34186,49.0
25/06/2021,-2940,-2493710000,85.2(0.59 %),0,0,2940,2493710000,0,49.0
28/06/2021,-20,-15180000,85.7(0.59 %),490,421890000,510,437070000,93,49.0
29/06/2021,-4700,-424510000,88.6(3.38 %),677500,62042000000,682200,62466510000,68486,48.99
30/06/2021,-250,-221000000,88(-0.68 %),52333,49611870000,52583,49832870000,0,49.0
01/07/2021,0,0,88.9(1.02 %),0,0,0,0,70986,48.99
02/07/2021,7700,686530000,91.9(3.37 %),43100,4051830000,35400,3365300000,63286,48.99
05/07/2021,150,-92400000,92.7(0.87 %),347142,340995620000,346992,341088020000,0,49.0
06/07/2021,250,231250000,87(-6.15 %),118610,117526010000,118360,117294760000,0,49.0
07/07/2021,-2960,-2575200000,90.5(4.02 %),127230,118321500000,130190,120896700000,0,49.0
08/07/2021,-11200,0,89.8(-0.77 %),241922,0,253122,0,100086,56.34
09/07/2021,0,0,89.7(-0.11 %),1341900,128822400000,1341900,128822400000,100086,56.34
12/07/2021,-200,-177600000,86.1(-4.01 %),85150,81179740000,85350,81357340000,0,49.0
13/07/2021,0,0,87(1.05 %),427500,39372750000,427500,39372750000,102086,48.99
14/07/2021,0,0,85.2(-2.07 %),173700,16154100000,173700,16154100000,102086,48.99
15/07/2021,0,0,85.4(0.23 %),2000,1822000000,2000,1822000000,0,49.0
16/07/2021,0,0,86.8(1.64 %),0,0,0,0,0,49.0
19/07/2021,0,0,84.7(-2.42 %),34000,31552000000,34000,31552000000,0,49.0
20/07/2021,-4700,-405960000,86.8(2.48 %),1088300,98599980000,1093000,99005940000,106786,48.99
21/07/2021,-15800,-1374590000,86.6(-0.23 %),579900,53814720000,595700,55189310000,122586,48.99
22/07/2021,0,0,89.4(3.23 %),2997,2763330000,2997,2763330000,0,49.0
23/07/2021,-1700,-158910000,90.5(1.23 %),994600,95055240000,996300,95214150000,124286,48.99
26/07/2021,-350,-319820000,93.7(3.54 %),167450,153203200000,167800,153523020000,0,49.0
27/07/2021,-2500,-234250000,93.2(-0.53 %),1727600,164915520000,1730100,165149770000,130286,48.99
28/07/2021,180,169290000,92(-1.29 %),2630,2578640000,2450,2409350000,0,49.0
29/07/2021,350,322000000,93.4(1.52 %),15380,15111520000,15030,14789520000,0,49.0
30/07/2021,-5100,-476850000,94(0.64 %),3074300,304128370000,3079400,304605220000,130086,48.99
02/08/2021,1200,107480000,95.6(1.70 %),4500,423000000,3300,315520000,4500,49.0
03/08/2021,-500,-47550000,95.8(0.21 %),0,0,500,47550000,5000,49.0
04/08/2021,-51200,-4901780000,95.6(-0.21 %),7600,728840000,58800,5630620000,56200,48.99
05/08/2021,300,27910000,96.6(1.05 %),3300,314160000,3000,286250000,55900,48.99
06/08/2021,500,48400000,96.6(0.00 %),500,48400000,0,0,55400,48.99
09/08/2021,58800,5703600000,97.5(0.93 %),855800,85722400000,797000,80018800000,-3400,49.0
10/08/2021,-200,-19600000,97.8(0.31 %),300000,30120000000,300200,30139600000,0,49.0
11/08/2021,-2500,-242560000,96.1(-1.74 %),914900,91918430000,917400,92160990000,0,49.0
12/08/2021,0,0,93.8(-2.39 %),524800,51955200000,524800,51955200000,0,49.0
13/08/2021,-900,0,95(1.28 %),514700,49901750000,515600,49901750000,19,49.0
16/08/2021,-61200,-5782550000,94.6(-0.42 %),114300,10915520000,175500,16698070000,19,49.0
17/08/2021,0,0,93.8(-0.85 %),452400,44063760000,452400,44063760000,19,49.0
18/08/2021,100,9380000,94(0.21 %),65100,6375180000,65000,6365800000,-81,49.0
19/08/2021,16900,1629060000,94.5(0.53 %),471000,45695508000,454100,44066448000,19,49.0
20/08/2021,-30800,-2872450000,92.8(-1.80 %),0,0,30800,2872450000,30819,49.0
23/08/2021,1000,92500000,91(-1.94 %),1195600,114296260000,1194600,114203760000,29819,49.0
24/08/2021,13200,1207800000,91.9(0.99 %),13200,1207800000,0,0,16619,49.0
25/08/2021,8800,813120000,91.9(0.00 %),9800,905520000,1000,92400000,7819,49.0
26/08/2021,-3700,-340400000,91.4(-0.54 %),240000,22717680000,243700,23058080000,11519,49.0
27/08/2021,0,0,92(0.66 %),449600,42642787600,449600,42642787600,11519,49.0
30/08/2021,1000,93000000,92.2(0.22 %),167067,15559066000,166067,15466066000,10519,49.0
31/08/2021,-4300,-397790000,92.4(0.22 %),3700,341510000,8000,739300000,14819,49.0
01/09/2021,-7300,-672330000,92.4(0.00 %),240000,22920000000,247300,23592330000,71,49.0
06/09/2021,-200,-18480000,94.9(2.71 %),50400,4869228800,50600,4887708800,271,49.0
07/09/2021,0,0,93.5(-1.48 %),260000,25565000000,260000,25565000000,271,49.0
08/09/2021,7300,682550000,93.1(-0.43 %),7300,682550000,0,0,0,49.0
09/09/2021,200,18620000,93.2(0.11 %),100200,9607920000,100000,9589300000,68,49.0
10/09/2021,0,0,93.5(0.32 %),40000,3910000000,40000,3910000000,68,49.0
13/09/2021,0,0,93(-0.53 %),200000,19450000000,200000,19450000000,68,49.0
14/09/2021,0,0,93.8(0.86 %),20100,1925580000,20100,1925580000,68,49.0
15/09/2021,-1300,-122010000,94.1(0.32 %),0,0,1300,122010000,1368,49.0
16/09/2021,0,0,94.7(0.64 %),504000,49795200000,504000,49795200000,1368,49.0
17/09/2021,0,0,95.7(1.06 %),1036600,103006529400,1036600,103006529400,1368,49.0
20/09/2021,1200,115290000,94.4(-1.36 %),239600,24070375500,238400,23955085500,168,49.0
21/09/2021,0,0,93.5(-0.95 %),220000,21806400000,220000,21806400000,168,49.0
22/09/2021,-1900,-177080000,93.2(-0.32 %),498100,48900967500,500000,49078047500,2068,49.0
23/09/2021,0,0,93.1(-0.11 %),665500,65613266000,665500,65613266000,2068,49.0
24/09/2021,0,0,92.7(-0.43 %),0,0,0,0,2068,49.0
27/09/2021,0,0,92.1(-0.65 %),646600,63784240000,646600,63784240000,2068,49.0
28/09/2021,0,0,93(0.98 %),1000000,98500000000,1000000,98500000000,2068,49.0
29/09/2021,0,0,93.2(0.22 %),440300,43669850000,440300,43669850000,2068,49.0
30/09/2021,-2300,-215510000,93(-0.21 %),20000,1986000000,22300,2201510000,4368,49.0
01/10/2021,0,0,92.9(-0.11 %),2658488,238409212000,2658488,238409212000,4368,49.0
04/10/2021,0,0,94.6(1.83 %),895300,88857820000,895300,88857820000,4368,49.0
05/10/2021,-7100,-670400000,94.4(-0.21 %),466261,47171353200,473361,47841753200,11468,49.0
06/10/2021,-23700,-2228450000,94.4(0.00 %),618100,62428100000,641800,64656550000,35168,0.0
07/10/2021,0,0,94.3(-0.11 %),100000,10100000000,100000,10100000000,35168,0.0
08/10/2021,6400,598100000,98.9(4.88 %),328800,33120460000,322400,32522360000,28768,0.0
11/10/2021,23700,0,99.2(0.30 %),233500,0,209800,0,5068,0.0
12/10/2021,-1200,-118440000,99(-0.20 %),3811139,404361847900,3812339,404480287900,6268,0.0
13/10/2021,-2000,-198400000,99.4(0.40 %),527600,55872840000,529600,56071240000,8268,0.0
14/10/2021,-1000,-99100000,98.8(-0.60 %),624200,66352460000,625200,66451560000,9268,0.0
15/10/2021,1200,119280000,98.9(0.10 %),1200,119280000,0,0,8068,0.0
18/10/2021,-1000,-98940000,99(0.10 %),240000,25392000000,241000,25490940000,9068,0.0
19/10/2021,1000,99000000,98.6(-0.40 %),459600,48664740000,458600,48565740000,8068,0.0
20/10/2021,-100,-9720000,97.6(-1.01 %),0,0,100,9720000,8168,0.0
21/10/2021,1100,108240000,96.7(-0.92 %),31100,3153360000,30000,3045120000,6968,0.0
22/10/2021,0,0,96.2(-0.52 %),697900,72162860000,697900,72162860000,6968,0.0
25/10/2021,0,0,94.9(-1.35 %),623125,64119562500,623125,64119562500,6968,0.0
26/10/2021,-500,-47350000,96.9(2.11 %),50000,5075000000,50500,5122350000,7468,0.0
27/10/2021,-300,-29190000,98.2(1.34 %),67400,6982640000,67700,7011830000,7768,0.0
28/10/2021,0,0,98(-0.20 %),0,0,0,0,7768,49.0
29/10/2021,0,300000,96.9(-1.12 %),194900,20422120000,194900,20421820000,7768,0.0
01/11/2021,300,29220000,95.8(-1.14 %),310600,32176300000,310300,32147080000,0,0.0
02/11/2021,0,0,96.1(0.31 %),0,0,0,0,326,49.0
03/11/2021,0,0,96.1(0.00 %),0,0,0,0,326,49.0
04/11/2021,0,0,96(-0.10 %),199100,0,199100,0,326,0.0
05/11/2021,-100,-9670000,97.6(1.67 %),0,0,100,9670000,426,0.0
08/11/2021,-26200,-2557120000,97.4(-0.20 %),500,48800000,26700,2605920000,26526,49.0
09/11/2021,-100,-9690000,96.4(-1.03 %),201000,20944200000,201100,20953890000,26626,0.0
10/11/2021,-8700,0,97(0.62 %),442200,30641320000,450900,30641320000,35326,0.0
11/11/2021,0,-50000,96(-1.03 %),100,9700000,100,9750000,26626,49.0
12/11/2021,-7100,-687430000,98(2.08 %),50100,5144620000,57200,5832050000,33726,0.0
15/11/2021,8200,808000000,97.3(-0.71 %),8700,856950000,500,48950000,25526,49.0
16/11/2021,-6200,-603710000,98.3(1.03 %),100,9730000,6300,613440000,31726,49.0
17/11/2021,-1900,-186570000,98.3(0.00 %),929400,97679940000,931300,97866510000,33626,0.0
18/11/2021,500,49150000,96.5(-1.83 %),600500,63109150000,600000,63060000000,33126,0.0
19/11/2021,0,0,95.3(-1.24 %),0,0,0,0,33126,49.0
22/11/2021,-2900,-276950000,95(-0.31 %),0,0,2900,276950000,36026,49.0
23/11/2021,-4700,-446500000,96.6(1.68 %),0,0,4700,446500000,40726,49.0
24/11/2021,0,0,97.9(1.35 %),0,0,0,0,40726,49.0
25/11/2021,-21500,-2118500000,100(2.15 %),681800,71384460000,703300,73502960000,62226,0.0
26/11/2021,0,0,98.9(-1.10 %),0,0,0,0,62226,0.0
29/11/2021,0,0,98.1(-0.81 %),0,0,0,0,62226,48.99
30/11/2021,-2100,-206010000,97.1(-1.02 %),20000,2098000000,22100,2304010000,64326,0.0
01/12/2021,-1000,-97500000,98.2(1.13 %),0,0,1000,97500000,65326,48.99
02/12/2021,-4400,-429880000,97.2(-1.02 %),209995,22049475000,214395,22479355000,69726,0.0
03/12/2021,-6900,-669990000,95.5(-1.75 %),0,0,6900,669990000,76626,48.99
06/12/2021,-3500,-333330000,94.5(-1.05 %),824100,84140610000,827600,84473940000,80126,0.0
07/12/2021,4400,418000000,96(1.59 %),4400,418000000,0,0,75726,48.99
08/12/2021,0,0,95.6(-0.42 %),0,0,0,0,75726,48.99
09/12/2021,3500,332850000,97(1.46 %),3500,332850000,0,0,72226,0.0
10/12/2021,0,0,95.8(-1.24 %),464900,48210130000,464900,48210130000,72226,0.0
13/12/2021,0,0,96(0.21 %),0,0,0,0,72226,48.99
14/12/2021,0,0,95.7(-0.31 %),795000,76454000000,795000,76454000000,72226,0.0
15/12/2021,-700,-66990000,95.9(0.21 %),1936800,198134640000,1937500,198201630000,72926,0.0
16/12/2021,-2500,-243750000,95.5(-0.42 %),518600,53208360000,521100,53452110000,75426,0.0
17/12/2021,-1000,-96500000,96.4(0.94 %),0,0,1000,96500000,76426,0.0
20/12/2021,-14200,-1356790000,95.8(-0.62 %),700,67550000,14900,1424340000,90626,0.0
21/12/2021,2500,239250000,95.2(-0.63 %),601918,61679595000,599418,61440345000,88126,0.0
22/12/2021,1000,95000000,95(-0.21 %),401000,40815000000,400000,40720000000,87126,0.0
23/12/2021,-2300,-217580000,93.2(-1.89 %),1585258,161062212800,1587558,161279792800,89426,0.0
24/12/2021,0,0,93.8(0.64 %),1585258,161062212800,1585258,161062212800,87126,0.0
27/12/2021,0,0,94.5(0.75 %),104000,10431200000,104000,10431200000,2230,49.0
28/12/2021,2200,207900000,94.5(0.00 %),2200,207900000,0,0,30,0.0
29/12/2021,-700,-66360000,93.6(-0.95 %),0,0,700,66360000,0,49.0
30/12/2021,0,0,93.6(0.00 %),200000,20020000000,200000,20020000000,79,49.0
31/12/2021,0,0,93(-0.64 %),0,0,0,0,779,49.0
04/01/2022,700,65380000,93.5(0.54 %),215000,21135870000,214300,21070490000,107,49.0
05/01/2022,100,9370000,93.6(0.11 %),460100,46009370000,460000,46000000000,15,49.0
06/01/2022,0,0,93.5(-0.11 %),0,0,0,0,15,49.0
07/01/2022,-900,-83790000,93.4(-0.11 %),341000,34100000000,341900,34183790000,75,49.0
10/01/2022,-13400,-978915000,92(-1.50 %),851000,79338730000,864400,80317645000,75,49.0
11/01/2022,-9000,-824000000,89.5(-2.72 %),105000,10332000000,114000,11156000000,975,49.0
12/01/2022,-30500,-2722220000,89.6(0.11 %),500900,47930190000,531400,50652410000,13475,49.0
13/01/2022,-29000,-2617010000,92.1(2.79 %),13400,1218060000,42400,3835070000,0,49.0
14/01/2022,0,0,91.3(-0.87 %),90300,8894550000,90300,8894550000,0,49.0
17/01/2022,0,0,89(-2.52 %),404300,39459680000,404300,39459680000,6931,49.0
18/01/2022,-800,-71320000,88.1(-1.01 %),0,0,800,71320000,-13969,49.0
19/01/2022,-400,-35320000,88.4(0.34 %),50000,4710000000,50400,4745320000,-13969,49.0
20/01/2022,-12900,-1147900000,90.9(2.94 %),0,0,12900,1147900000,-13169,49.0
21/01/2022,0,0,88.2(-0.68 %),86300,8198500000,86300,8198500000,-12769,49.0
24/01/2022,0,0,85.3(-3.29 %),1807000,170400100000,1807000,170400100000,131,49.0
25/01/2022,-3000,-253550000,86.5(1.41 %),1650100,150488520000,1653100,150742070000,31,49.0
26/01/2022,0,0,86(-0.58 %),636400,0,636400,0,31,49.0
27/01/2022,0,0,85.9(-0.12 %),54900,5050800000,54900,5050800000,0,49.0
28/01/2022,-100,-8600000,89.5(4.19 %),432900,39783510000,433000,39792110000,-6,49.0
07/02/2022,-6200,-556350000,89.5(0.00 %),450800,43141560000,457000,43697910000,-6,49.0
08/02/2022,-5100,-459000000,90.6(1.23 %),0,0,5100,459000000,94,49.0
09/02/2022,-3200,-293410000,90.7(0.11 %),0,0,3200,293410000,0,49.0
10/02/2022,0,0,92(1.43 %),145000,14065000000,145000,14065000000,0,49.0
11/02/2022,0,0,91.6(-0.43 %),145900,14356560000,145900,14356560000,0,49.0
14/02/2022,-2400,-218420000,91(-0.66 %),0,0,2400,218420000,0,49.0
15/02/2022,0,0,91.1(0.11 %),0,0,0,0,0,49.0
16/02/2022,-1100,-100870000,91.3(0.22 %),201000,19577400000,202100,19678270000,0,49.0
17/02/2022,-22100,-2022560000,92.8(1.64 %),57700,5631520000,79800,7654080000,0,49.0
18/02/2022,0,0,92.2(-0.65 %),0,0,0,0,1100,49.0
21/02/2022,-900,-82980000,93.5(1.41 %),1100,101420000,2000,184400000,9200,49.0
22/02/2022,4600,427800000,92.9(-0.64 %),195700,19505600000,191100,19077800000,0,49.0
23/02/2022,0,0,93(0.11 %),0,0,0,0,2000,49.0
24/02/2022,2000,186000000,92(-1.08 %),2000,186000000,0,0,0,49.0
25/02/2022,0,0,92.3(0.33 %),0,0,0,0,0,49.0
28/02/2022,0,0,93.3(1.08 %),56800,5606160000,56800,5606160000,0,49.0
01/03/2022,-4000,-376000000,93.4(0.11 %),0,0,4000,376000000,0,49.0
02/03/2022,-1500,-139350000,93.1(-0.32 %),259500,25924050000,261000,26063400000,0,49.0
03/03/2022,-400,-37340000,93.4(0.32 %),474870,47234746350,475270,47272086350,0,49.0
04/03/2022,-13000,-1214860000,93.5(0.11 %),0,0,13000,1214860000,1500,49.0
07/03/2022,0,-600000,93.8(0.32 %),223800,22369650000,223800,22370250000,0,49.0
08/03/2022,-4700,-441820000,94.8(1.07 %),700000,70210000000,704700,70651820000,0,49.0
09/03/2022,-12200,-1169980000,95.5(0.74 %),1429500,144951300000,1441700,146121280000,0,49.0
10/03/2022,0,0,94.6(-0.94 %),790800,80740680000,790800,80740680000,0,49.0
11/03/2022,0,0,93.2(-1.48 %),399600,40439520000,399600,40439520000,0,49.0
14/03/2022,0,0,91.8(-1.50 %),403200,40199040000,403200,40199040000,6,49.0
15/03/2022,0,0,91(-0.87 %),1879300,184547260000,1879300,184547260000,6,49.0
16/03/2022,-16500,-1502143500,91.6(0.66 %),2026300,374348195700,2042800,375850339200,6,49.0
17/03/2022,-3900,-358020000,92(0.44 %),1571700,154026600000,1575600,154384620000,6,49.0
18/03/2022,0,0,95.1(3.37 %),0,0,0,0,16506,49.0
21/03/2022,15700,1494420000,95.3(0.21 %),461000,46776450000,445300,45282030000,3987,49.0
22/03/2022,1000,95650000,96.4(1.15 %),3900,374400000,2900,278750000,87,49.0
23/03/2022,-19500,-1882210000,96.5(0.10 %),0,0,19500,1882210000,0,49.0
24/03/2022,-200,-19200000,96(-0.52 %),39400,4066080000,39600,4085280000,0,49.0
25/03/2022,-6000,-578000000,95.7(-0.31 %),163400,16781180000,169400,17359180000,0,49.0
28/03/2022,-1500,-146550000,98.1(2.51 %),359400,36766620000,360900,36913170000,200,49.0
29/03/2022,-7900,-812560000,104.9(6.93 %),243900,25583850000,251800,26396410000,6000,49.0
30/03/2022,-10700,-1135400000,106(1.05 %),307300,34440660000,318000,35576060000,1500,49.0
31/03/2022,-8300,-910130000,107(0.94 %),382000,43306950000,390300,44217080000,8100,49.0
01/04/2022,-11100,-1242270000,111(3.74 %),8100,865890000,19200,2108160000,16700,49.0
04/04/2022,16600,1884450000,109.3(-1.53 %),528800,62681720000,512200,60797270000,0,49.0
05/04/2022,-10200,-1122370000,109(-0.27 %),987700,115462130000,997900,116584500000,19200,49.0
06/04/2022,-8700,-952390000,113(3.67 %),405900,44243100000,414600,45195490000,0,49.0
07/04/2022,0,0,113.3(0.27 %),0,0,0,0,0,0.0
08/04/2022,0,0,108.5(-4.24 %),2529800,306611760000,2529800,306611760000,0,49.0
12/04/2022,-5000,-543160000,109.8(1.20 %),0,0,5000,543160000,0,0.0
13/04/2022,-1700,-187000000,115.1(4.83 %),190800,22399920000,192500,22586920000,0,49.0
14/04/2022,-12700,-1489470000,116.6(1.30 %),1588400,195532040000,1601100,197021510000,0,49.0
15/04/2022,-6600,0,115(-1.37 %),953100,0,959700,0,0,49.0
18/04/2022,-2000,-234000000,115.5(0.43 %),491700,60479100000,493700,60713100000,5700,49.0
19/04/2022,-3100,-355050000,112(-3.03 %),3471678,428511533000,3474778,428866583000,6600,49.0
20/04/2022,-12200,-1371750000,112(0.00 %),61600,7328200000,73800,8699950000,6600,0.0
21/04/2022,-2400,-271100000,112(0.00 %),377100,45176580000,379500,45447680000,0,49.0
22/04/2022,-10700,-1187630000,111.1(-0.80 %),6169300,739082140000,6180000,740269770000,18850,49.0
25/04/2022,18600,2048360000,103.4(-6.93 %),1002100,118885920000,983500,116837560000,2450,49.0
26/04/2022,-4500,-461350000,104.3(0.87 %),108400,11964080000,112900,12425430000,10750,49.0
27/04/2022,10700,1096750000,103(-1.25 %),10700,1096750000,0,0,250,49.0
28/04/2022,200,20580000,105.5(2.43 %),617300,68025000000,617100,68004420000,6950,49.0
29/04/2022,6900,724500000,105(-0.47 %),26900,2980500000,20000,2256000000,50,49.0
04/05/2022,0,0,104.5(-0.48 %),480000,53904000000,480000,53904000000,50,49.0
05/05/2022,-2000,-208360000,104.7(0.19 %),0,0,2000,208360000,2050,0.0
06/05/2022,0,0,100.2(-4.30 %),803600,80520720000,803600,80520720000,50,49.0
09/05/2022,0,0,94(-6.19 %),571600,61275520000,571600,61275520000,2050,49.0
10/05/2022,-1000,-98400000,98.4(4.68 %),920600,90587040000,921600,90685440000,50,49.0
11/05/2022,-1000,-97200000,101.9(3.56 %),0,0,1000,97200000,1050,0.0
12/05/2022,0,0,95.6(-6.18 %),0,0,0,0,1050,0.0
13/05/2022,-3500,-337750000,93.6(-2.09 %),82400,8421280000,85900,8759030000,1015,49.0
16/05/2022,1000,93200000,93.2(-0.43 %),1000,93200000,0,0,15,49.0
17/05/2022,-1100,-109670000,99.7(6.97 %),0,0,1100,109670000,3515,49.0
18/05/2022,3500,341950000,97.7(-2.01 %),83500,8157950000,80000,7816000000,24,49.0
19/05/2022,0,0,97(-0.72 %),1328100,128825700000,1328100,128825700000,1124,49.0
20/05/2022,-8900,-867750000,97.5(0.52 %),31100,3032250000,40000,3900000000,24,49.0
23/05/2022,0,-867750000,96.5(-1.03 %),0,3032250000,0,3900000000,24,49.0
24/05/2022,0,0,98.2(1.76 %),20000,1964000000,20000,1964000000,10024,49.0
25/05/2022,-1000,-105000000,105(6.92 %),10000,1050000000,11000,1155000000,24,49.0
26/05/2022,0,0,105.6(0.57 %),300000,31680000000,300000,31680000000,37,49.0
27/05/2022,-4700,-525460000,111.8(5.87 %),616700,68947060000,621400,69472520000,3266726,48.64
30/05/2022,3266700,363583710000,111.3(-0.45 %),8471700,942900210000,5205000,579316500000,26,49.0
31/05/2022,-4100,-450590000,109.9(-1.26 %),658300,72347170000,662400,72797760000,4726,49.0
01/06/2022,4700,525460000,111.8(1.73 %),1319000,147464200000,1314300,146938740000,26,49.0
02/06/2022,-700,-78050000,111.5(-0.27 %),442300,49316450000,443000,49394500000,4126,49.0
03/06/2022,4100,467400000,114(2.24 %),868300,98986200000,864200,98518800000,26,49.0
06/06/2022,-9700,-1105800000,113(-0.88 %),759200,91803090000,768900,92908890000,726,49.0
07/06/2022,700,80920000,115.6(2.30 %),2119200,244979520000,2118500,244898600000,26,49.0
08/06/2022,0,0,115(-0.52 %),337000,38755000000,337000,38755000000,9872,49.0
09/06/2022,9500,1095350000,115.3(0.26 %),718900,82889170000,709400,81793820000,72,49.0
10/06/2022,-300,-33000000,110(-4.60 %),1159100,127501000000,1159400,127534000000,72,49.0
13/06/2022,0,0,86.2(-5.07 %),442300,38126260000,442300,38126260000,0,49.0
14/06/2022,0,0,89.1(3.36 %),587100,52310610000,587100,52310610000,300,49.0
15/06/2022,-9200,-832600000,90.5(1.57 %),1054400,95423200000,1063600,96255800000,0,49.0
16/06/2022,-8900,-818800000,92(1.66 %),870000,80040000000,878900,80858800000,1,49.0
17/06/2022,0,0,92(0.00 %),1704900,156850800000,1704900,156850800000,9501,49.0
20/06/2022,9500,888250000,92(0.00 %),193100,18719050000,183600,17830800000,8901,49.0
21/06/2022,6100,543510000,89.1(-3.15 %),737500,65711250000,731400,65167740000,1,49.0
22/06/2022,-13700,-1157650000,84.5(-5.16 %),554900,46889050000,568600,48046700000,1,49.0
23/06/2022,-269900,-23076450000,85.5(1.18 %),1399625,119667937500,1669525,142744387500,2879,49.0
24/06/2022,-24800,-2120400000,85.5(0.00 %),31800,2718900000,56600,4839300000,13779,49.0
27/06/2022,-81300,-7094480000,86.5(1.17 %),1278000,113644899000,1359300,120739379000,269979,48.97
28/06/2022,269900,24210030000,89.7(3.70 %),1811500,162491550000,1541600,138281520000,27679,49.0
29/06/2022,27600,2453640000,90(0.33 %),1653800,152628124200,1626200,150174484200,95079,48.99
30/06/2022,63700,5490940000,86.2(-4.22 %),519700,44798140000,456000,39307200000,79,49.0
01/07/2022,0,0,88(2.09 %),1040000,91520000000,1040000,91520000000,79,49.0
04/07/2022,0,0,86.7(-1.48 %),0,0,0,0,0,40.84
05/07/2022,-3700,-315980000,85.4(-1.50 %),758500,64775900000,762200,65091880000,79,49.0
06/07/2022,-179900,-15021650000,83.5(-2.22 %),1524000,127254000000,1703900,142275650000,79,49.0
07/07/2022,0,0,83.1(-0.48 %),1109100,92166210000,1109100,92166210000,31361,49.0
08/07/2022,-1000,4943160000,83.6(0.60 %),639800,46674360000,640800,41731200000,32361,40.53
11/07/2022,59700,4943160000,82.8(-0.96 %),563700,46674360000,504000,41731200000,90309,48.99
12/07/2022,-11100,-926850000,83.5(0.85 %),315500,26344250000,326600,27271100000,40509,49.0
13/07/2022,40500,3341250000,82.5(-1.20 %),664500,54821250000,624000,51480000000,103231,48.99
14/07/2022,68100,5638680000,82.8(0.36 %),1385400,114711120000,1317300,109072440000,101431,48.99
15/07/2022,-155600,-12790320000,82.2(-0.72 %),521300,42850860000,676900,55641180000,31,49.0
18/07/2022,-207600,-17230800000,83(0.97 %),100000,8300000000,307600,25530800000,35131,49.0
19/07/2022,-86600,-7187800000,83(0.00 %),1162500,96487500000,1249100,103675300000,257031,48.98
20/07/2022,-712740,-60511626000,84.9(2.29 %),1557340,132218166000,2270080,192729792000,207630,48.98
21/07/2022,34700,2949500000,85(0.12 %),916000,77860000000,881300,74910500000,121730,48.99
22/07/2022,-269900,10356670000,85.1(0.12 %),1399625,81279010000,1669525,70922340000,969770,48.91
25/07/2022,964900,82402460000,85.4(0.35 %),969700,82812380000,4800,409920000,172970,48.98
26/07/2022,169400,14365120000,84.8(-0.70 %),454500,38541600000,285100,24176480000,70,49.0
27/07/2022,0,0,85.2(0.47 %),500132,42611246400,500132,42611246400,0,49.0
28/07/2022,0,0,84.9(-0.35 %),621100,52731390000,621100,52731390000,3500,49.0
29/07/2022,-100,-8350000,83.5(-1.65 %),170500,14236750000,170600,14245100000,0,49.0
01/08/2022,-11000,-924000000,84(0.60 %),589000,49476000000,600000,50400000000,40,49.0
02/08/2022,0,-924000000,85(1.19 %),0,49476000000,0,50400000000,3640,49.0
03/08/2022,3600,305280000,84.8(-0.24 %),197900,16781920000,194300,16476640000,11040,49.0
04/08/2022,11000,947100000,86.1(1.53 %),263700,22704570000,252700,21757470000,-48,49.0
05/08/2022,0,0,85.8(-0.35 %),502000,43071600000,502000,43071600000,-48,49.0
08/08/2022,-10200,-877200000,86(0.23 %),83400,7172400000,93600,8049600000,-48,49.0
09/08/2022,-200,-17240000,86.2(0.23 %),396300,34161060000,396500,34178300000,-48,49.0
10/08/2022,0,0,86(-0.23 %),67700,5822200000,67700,5822200000,10182,49.0
11/08/2022,8300,713800000,86(0.00 %),660100,56768600000,651800,56054800000,372,49.0
12/08/2022,-14800,-1280200000,86.5(0.58 %),300,25950000,15100,1306150000,72,49.0
15/08/2022,-100,-8890000,88.9(2.77 %),245000,21780500000,245100,21789390000,1872,49.0
16/08/2022,1800,159660000,88.7(-0.22 %),1800,159660000,0,0,15266,49.0
17/08/2022,15200,1342160000,88.3(-0.45 %),15200,1342160000,0,0,0,49.0
18/08/2022,0,0,88.3(0.00 %),800000,70640000000,800000,70640000000,0,49.0
19/08/2022,-4800,-417120000,86.9(-1.59 %),110000,9559000000,114800,9976120000,0,49.0
22/08/2022,0,0,86.8(-0.12 %),28100,2439080000,28100,2439080000,0,49.0
23/08/2022,0,0,87(0.23 %),27600,2401200000,27600,2401200000,0,49.0
24/08/2022,-600,-51720000,86.2(0.23 %),59000,5085800000,59600,5137520000,0,49.0
25/08/2022,-400,-34520000,86.3(0.12 %),20900,1803670000,21300,1838190000,64,49.0
26/08/2022,-800,-69760000,87.2(1.04 %),20000,1744000000,20800,1813760000,0,49.0
29/08/2022,0,0,86.5(-0.80 %),291800,25240700000,291800,25240700000,449,49.0
30/08/2022,-1600,-138240000,86.4(-0.12 %),150400,12994560000,152000,13132800000,849,49.0
31/08/2022,-1000,-86600000,86.6(0.23 %),177200,15345520000,178200,15432120000,49,49.0
05/09/2022,-1000,-86200000,86.2(-0.46 %),90000,7758000000,91000,7844200000,2049,49.0
06/09/2022,2000,171600000,85.8(-0.46 %),424300,36404940000,422300,36233340000,0,49.0
07/09/2022,-12800,-1075200000,84(-2.10 %),81800,6871200000,94600,7946400000,1000,49.0
08/09/2022,500,42150000,84.3(0.36 %),140200,11818860000,139700,11776710000,0,49.0
09/09/2022,-100,-8430000,84.3(0.00 %),0,0,100,8430000,12800,49.0
12/09/2022,5952,-8430000,84.6(0.36 %),38800,0,32848,8430000,500,49.0
13/09/2022,160,32994000,84.6(0.00 %),231800,16649280000,231640,16616286000,100,49.0
14/09/2022,100,32994000,84(-0.71 %),165800,16649280000,165700,16616286000,6848,49.0
15/09/2022,6840,8400000,83.7(-0.36 %),165948,13927200000,159108,13918800000,0,49.0
16/09/2022,340,28050000,82.5(-1.43 %),340,28050000,0,0,0,49.0
19/09/2022,-60,-4986000,83.1(0.73 %),0,0,60,4986000,0,49.0
20/09/2022,-4015,-334851000,83.4(0.36 %),1401308,116869087200,1405323,117203938200,0,49.0
21/09/2022,0,-334851000,82.3(-1.32 %),0,116869087200,0,117203938200,60,49.0
22/09/2022,-8240,-683096000,82.9(0.73 %),20060,1662974000,28300,2346070000,4023,49.0
23/09/2022,4023,331495200,82.4(-0.60 %),330223,27210375200,326200,26878880000,0,49.0
26/09/2022,-3485,-284027500,81.5(-1.09 %),260740,21250310000,264225,21534337500,8300,49.0
27/09/2022,-600,-48300000,80.5(-1.23 %),158300,12743150000,158900,12791450000,0,49.0
28/09/2022,-1200,-93600000,78(-3.11 %),317700,24780600000,318900,24874200000,3485,49.0
29/09/2022,3485,268345000,77(-1.28 %),3485,268345000,0,0,8900,49.0
30/09/2022,2082,167601000,80.5(4.55 %),920900,74132450000,918818,73964849000,1200,49.0
03/10/2022,-700,-53900000,77(-4.35 %),1022900,78763300000,1023600,78817200000,0,49.0
04/10/2022,0,0,77.5(0.65 %),26000,2015000000,26000,2015000000,6818,49.0
05/10/2022,6818,534531200,78.4(1.16 %),6818,534531200,0,0,1900,49.0
06/10/2022,-2408,-184212000,76.5(-2.42 %),1900,145350000,4308,329562000,0,49.0
07/10/2022,0,0,74(-3.27 %),20000,1480000000,20000,1480000000,0,49.0
10/10/2022,-5000,-370000000,74(0.00 %),169800,12565200000,174800,12935200000,4308,49.0
11/10/2022,-10035,-712485000,71(-4.05 %),370408,26298968000,380443,27011453000,0,49.0
12/10/2022,0,-712485000,72.4(1.97 %),0,26298968000,0,27011453000,5000,49.0
13/10/2022,1000,73000000,73(0.83 %),5000,365000000,4000,292000000,14343,49.0
14/10/2022,14343,1061382000,74(1.37 %),14343,1061382000,0,0,0,49.0
17/10/2022,-913,-67379400,73.8(-0.27 %),0,0,913,67379400,4000,49.0
18/10/2022,-14800,-1108520000,74.9(1.49 %),25300,1894970000,40100,3003490000,0,49.0
19/10/2022,-3000,-224700000,75.5(0.80 %),0,0,3000,224700000,0,0.0
20/10/2022,900,68220000,77.8(3.05 %),900,68220000,0,0,13,0.0
21/10/2022,18800,1460760000,73.9(-5.01 %),18800,1460760000,0,0,0,0.0
24/10/2022,3000,221700000,71.1(-3.79 %),3000,221700000,0,0,0,0.0
25/10/2022,-5700,-409350000,73.2(2.95 %),0,0,5700,409350000,0,0.0
26/10/2022,0,0,73.8(0.82 %),0,0,0,0,0,0.0
27/10/2022,0,0,75.8(2.71 %),0,0,0,0,5700,49.0
28/10/2022,-2100,-157500000,75(-1.06 %),5700,427500000,7800,585000000,0,49.0
31/10/2022,-4764,-360158400,75.6(0.80 %),0,0,4764,360158400,0,49.0
01/11/2022,-500,-37750000,75.5(-0.13 %),0,0,500,37750000,0,49.0
02/11/2022,-7800,-577200000,74(-1.99 %),0,0,7800,577200000,4764,49.0
03/11/2022,4764,353012400,74.1(0.14 %),4764,353012400,0,0,500,49.0
04/11/2022,500,36450000,72.9(-1.62 %),1076000,78440400000,1075500,78403950000,7800,49.0
07/11/2022,7700,559020000,72.6(-0.41 %),421400,30593640000,413700,30034620000,0,49.0
08/11/2022,0,0,73.3(0.96 %),720000,52776000000,720000,52776000000,0,49.0
09/11/2022,0,0,74(0.95 %),150000,11100000000,150000,11100000000,100,49.0
10/11/2022,100,7300000,73(-1.35 %),1393500,101725500000,1393400,101718200000,0,49.0
11/11/2022,-1000,-72800000,72.8(-0.27 %),393900,28675920000,394900,28748720000,0,49.0
14/11/2022,-31792,-2250873600,70.8(-2.75 %),0,0,31792,2250873600,0,49.0
15/11/2022,0,0,65.9(-6.92 %),5994049,395007829100,5994049,395007829100,1000,49.0
16/11/2022,-2900,-200970000,69.3(5.16 %),268600,18613980000,271500,18814950000,31792,49.0
17/11/2022,31785,2256735000,71(2.45 %),290292,20610732000,258507,18353997000,0,49.0
18/11/2022,0,2256735000,71.5(0.70 %),0,20610732000,0,18353997000,3900,49.0
21/11/2022,3800,266380000,70.1(-1.96 %),3900,273390000,100,7010000,7,49.0
22/11/2022,7,493500,70.5(0.57 %),7,493500,0,0,0,49.0
23/11/2022,0,493500,70.5(0.00 %),0,493500,0,0,100,49.0
24/11/2022,100,7050000,70.5(0.00 %),128100,9031050000,128000,9024000000,0,49.0
25/11/2022,0,0,72(2.13 %),200000,14400000000,200000,14400000000,0,49.0
28/11/2022,-602,-44728600,74.3(3.19 %),0,0,602,44728600,0,49.0
29/11/2022,0,-44728600,74.3(0.00 %),0,0,0,44728600,0,49.0
30/11/2022,0,-44728600,74.6(0.40 %),0,0,0,44728600,0,49.0
01/12/2022,-498,-37200600,74.7(0.13 %),602,44969400,1100,82170000,0,49.0
02/12/2022,0,-37200600,77.4(3.61 %),0,44969400,0,82170000,0,0.0
05/12/2022,0,-37200600,78.3(1.16 %),0,44969400,0,82170000,0,49.0
06/12/2022,1100,83600000,76(-2.94 %),1100,83600000,0,0,0,49.0
07/12/2022,0,0,76.5(0.66 %),69400,5309100000,69400,5309100000,0,0.0
08/12/2022,0,0,77(0.65 %),31400,2417800000,31400,2417800000,0,49.0
09/12/2022,0,0,78(1.30 %),0,2417800000,0,2417800000,0,49.0
12/12/2022,-395,-30415000,77(-1.28 %),1300000,100100000000,1300395,100130415000,0,0.0
13/12/2022,0,-30415000,77.2(0.26 %),0,100100000000,0,100130415000,0,49.0
14/12/2022,-9535,-727520500,76.3(-1.17 %),560000,42728000000,569535,43455520500,0,0.0
15/12/2022,-105,-8158500,77.7(1.83 %),395,30691500,500,38850000,0,49.0
16/12/2022,-5440,-423776000,77.9(0.26 %),216000,16826400000,221440,17250176000,0,0.0
19/12/2022,9458,724482800,76.6(-1.67 %),9535,730381000,77,5898200,0,49.0
20/12/2022,500,38300000,76.6(0.00 %),55900,4281940000,55400,4243640000,0,49.0
21/12/2022,5440,419968000,77.2(0.78 %),179576,13863267200,174136,13443299200,0,49.0
22/12/2022,-884,-68244800,77.2(0.00 %),331900,25622680000,332784,25690924800,0,49.0
23/12/2022,-9558,-745524000,78(1.04 %),552000,43056000000,561558,43801524000,0,0.0
26/12/2022,0,-745524000,76.4(-2.05 %),0,43056000000,0,43801524000,0,49.0
27/12/2022,453,34654500,76.5(0.13 %),593384,45393876000,592931,45359221500,0,49.0
28/12/2022,9558,733098600,76.7(0.26 %),9558,733098600,0,0,0,49.0
29/12/2022,0,0,76.2(-0.65 %),45300,3451860000,45300,3451860000,431,49.0
30/12/2022,431,33143900,76.9(0.92 %),500431,38483143900,500000,38450000000,0,49.0
03/01/2023,0,33143900,80(4.03 %),0,38483143900,0,38450000000,0,49.0
04/01/2023,0,33143900,80(0.00 %),0,38483143900,0,38450000000,0,49.0
05/01/2023,-11900,-959140000,80.6(0.75 %),0,0,11900,959140000,0,49.0
06/01/2023,-800,-64240000,80.3(-0.37 %),0,0,800,64240000,0,49.0
09/01/2023,0,-64240000,80.3(0.00 %),0,0,0,64240000,11900,49.0
10/01/2023,11853,952981200,80.4(0.12 %),3304200,265657680000,3292347,264704698800,800,49.0
11/01/2023,-1900,-153710000,80.9(0.62 %),800,64720000,2700,218430000,0,49.0
12/01/2023,0,-153710000,80.7(-0.25 %),0,64720000,0,218430000,47,49.0
13/01/2023,-1853,-148240000,80(-0.87 %),70747,5659760000,72600,5808000000,2700,49.0
16/01/2023,2200,177760000,80.8(1.00 %),2700,218160000,500,40400000,0,49.0
17/01/2023,-87,-7134000,82(1.49 %),104600,8577200000,104687,8584334000,1900,49.0
18/01/2023,1900,158460000,83.4(1.71 %),154200,12860280000,152300,12701820000,500,49.0
19/01/2023,500,41950000,83.9(0.60 %),161436,13544480400,160936,13502530400,87,49.0
27/01/2023,-9013,-757092000,84(0.12 %),64887,5450508000,73900,6207600000,0,49.0
30/01/2023,-20,-1674000,83.7(-0.36 %),23900,2000430000,23920,2002104000,0,49.0
31/01/2023,-1270,-106045000,83.5(-0.24 %),195300,16307550000,196570,16413595000,9100,49.0
01/02/2023,9100,746200000,82(-1.80 %),29100,2386200000,20000,1640000000,20,49.0
02/02/2023,20,1638000,81.9(-0.12 %),901820,73859058000,901800,73857420000,1270,49.0
03/02/2023,1192,95479200,80.1(-2.20 %),253170,20278917000,251978,20183437800,0,49.0
06/02/2023,0,0,80.5(0.50 %),71324,5741582000,71324,5741582000,0,49.0
07/02/2023,-2521,-203444700,80.7(0.25 %),63900,5156730000,66421,5360174700,78,49.0
08/02/2023,-329,-26714800,81.2(0.62 %),221978,18024613600,222307,18051328400,0,49.0
09/02/2023,-170,-13719000,80.7(-0.62 %),2718500,219382950000,2718670,219396669000,2521,49.0
10/02/2023,2521,203444700,80.7(0.00 %),1949345,157312141500,1946824,157108696800,407,49.0
13/02/2023,307,24774900,80.7(0.00 %),1497907,120881094900,1497600,120856320000,170,49.0
14/02/2023,129,10423200,80.8(0.12 %),166247,13432757600,166118,13422334400,0,49.0
15/02/2023,-1422,-116035200,81.6(0.99 %),4405400,359480640000,4406822,359596675200,100,49.0
16/02/2023,100,8160000,81.6(0.00 %),100,8160000,0,0,41,49.0
17/02/2023,41,3345600,81.6(0.00 %),41,3345600,0,0,1422,49.0
20/02/2023,1422,117741600,82.8(1.47 %),456222,37775181600,454800,37657440000,0,49.0
21/02/2023,-19,-1573200,82.8(0.00 %),0,0,19,1573200,0,49.0
22/02/2023,0,0,81.8(-1.21 %),300000,24540000000,300000,24540000000,0,49.0
23/02/2023,-40,-3256000,81.4(-0.49 %),9329360,759409904000,9329400,759413160000,19,49.0
24/02/2023,-81,-6544800,80.8(-0.74 %),311719,25186895200,311800,25193440000,100,0.0
27/02/2023,-900,-72270000,80.3(-0.62 %),50000,4015000000,50900,4087270000,0,49.0
28/02/2023,-40623,-3270151500,80.5(0.25 %),438600,35307300000,479223,38577451500,0,49.0
01/03/2023,-58000,-4669000000,80.5(0.00 %),111400,8967700000,169400,13636700000,900,49.0
02/03/2023,-49100,-3928000000,80(-0.62 %),1267183,101374640000,1316283,105302640000,0,49.0
03/03/2023,-31434,-2467569000,78.5(-1.88 %),0,0,31434,2467569000,28000,49.0
06/03/2023,-8970,-701454000,78.2(-0.38 %),28000,2189600000,36970,2891054000,6000,49.0
07/03/2023,6000,472800000,78.8(0.77 %),114900,9054120000,108900,8581320000,31434,49.0
08/03/2023,31434,2499003000,79.5(0.89 %),565934,44991753000,534500,42492750000,36970,49.0
09/03/2023,25470,2052882000,80.6(1.38 %),632970,51017382000,607500,48964500000,0,49.0
10/03/2023,0,2052882000,79.5(-1.36 %),0,51017382000,0,48964500000,0,49.0
13/03/2023,0,2052882000,78.9(-0.75 %),0,51017382000,0,48964500000,0,49.0
14/03/2023,8438,664070600,78.7(-0.25 %),281500,22154050000,273062,21489979400,0,49.0
15/03/2023,-1300,-104650000,80.5(2.29 %),608400,48976200000,609700,49080850000,0,49.0
16/03/2023,-2000,-158400000,79.2(-1.61 %),352200,27894240000,354200,28052640000,3062,49.0
17/03/2023,2062,162898000,79(-0.25 %),3062,241898000,1000,79000000,1300,49.0
20/03/2023,-5100,-395760000,77.6(-1.77 %),648444,50319254400,653544,50715014400,0,49.0
21/03/2023,0,-6544800,78.1(0.64 %),423274,25186895200,423274,25193440000,1000,49.0
22/03/2023,1000,78200000,78.5(0.51 %),1000,78200000,0,0,0,0.0
23/03/2023,6400,501760000,78(-0.64 %),6400,501760000,0,0,6400,0.0
24/03/2023,0,0,78.6(0.77 %),0,0,0,0,6400,0.0
27/03/2023,-200,-15820000,79.1(0.64 %),291080,23024428000,291280,23040248000,6600,0.0
28/03/2023,-9988,-791049600,79.2(0.13 %),610812,48376310400,620800,49167360000,16588,0.0
29/03/2023,0,0,79(-0.25 %),445800,35218200000,445800,35218200000,200,49.0
30/03/2023,200,15820000,79.1(0.13 %),560000,44296000000,559800,44280180000,10000,49.0
31/03/2023,2900,229390000,79.1(0.00 %),1082000,85586200000,1079100,85356810000,0,49.0
03/04/2023,-1000,-80900000,80.9(2.28 %),20000,1618000000,21000,1698900000,0,49.0
04/04/2023,0,-80900000,80.5(-0.49 %),0,1618000000,0,1698900000,7100,49.0
05/04/2023,7100,572260000,80.6(0.12 %),7100,572260000,0,0,1000,49.0
06/04/2023,1000,80300000,80.3(-0.37 %),21000,1686300000,20000,1606000000,0,49.0
07/04/2023,0,0,80.5(0.25 %),3808578,306590529000,3808578,306590529000,0,49.0
10/04/2023,0,0,80.3(-0.25 %),0,306590529000,0,306590529000,0,49.0
11/04/2023,0,0,80.3(0.00 %),0,306590529000,0,306590529000,0,49.0
12/04/2023,0,0,80.3(0.00 %),63504,5099371200,63504,5099371200,0,49.0
13/04/2023,0,0,79.6(-0.87 %),20000,1592000000,20000,1592000000,0,49.0
14/04/2023,-4300,-342280000,79.6(0.00 %),163700,13030520000,168000,13372800000,0,49.0
17/04/2023,0,0,79.6(0.00 %),173220,13788312000,173220,13788312000,0,49.0
18/04/2023,-10000,-794000000,79.4(-0.25 %),31300,2485220000,41300,3279220000,4300,49.0
19/04/2023,3235,256535500,79.3(-0.13 %),4300,340990000,1065,84454500,0,49.0
20/04/2023,0,0,79.4(0.13 %),0,0,0,0,0,48.68
21/04/2023,10000,793000000,79.3(-0.13 %),40000,3172000000,30000,2379000000,1065,49.0
24/04/2023,1065,84241500,79.1(-0.25 %),1065,84241500,0,0,0,49.0
25/04/2023,-5600,-439040000,78.4(-0.88 %),0,0,5600,439040000,0,49.0
26/04/2023,0,0,78.3(-0.13 %),518700,40614210000,518700,40614210000,0,49.0
27/04/2023,0,0,78.3(0.00 %),0,0,0,0,0,0.0
28/04/2023,5500,433450000,77.5(-1.02 %),5600,441280000,100,7830000,5600,0.0
04/05/2023,0,0,78.5(1.29 %),0,0,0,0,5600,0.0
05/05/2023,0,0,78.4(-0.13 %),0,0,0,0,100,49.0
08/05/2023,-4400,-346060000,78.5(0.13 %),100,7850000,4500,353910000,0,49.0
09/05/2023,0,0,78.9(0.51 %),0,0,0,0,0,49.0
10/05/2023,-200,-15860000,79(0.13 %),0,0,200,15860000,0,0.0
11/05/2023,-1600,-126560000,79.1(0.13 %),0,0,1600,126560000,0,49.0
12/05/2023,-1900,-152950000,80.5(1.77 %),0,0,1900,152950000,0,49.0
15/05/2023,-500,-40500000,81(0.62 %),0,0,500,40500000,0,48.68
16/05/2023,1600,129600000,81.5(0.62 %),1600,129600000,0,0,1600,48.68
17/05/2023,-8100,-663390000,81.5(0.00 %),1900,155610000,10000,819000000,9700,48.67
18/05/2023,0,0,82.9(1.72 %),0,0,0,0,9700,48.67
19/05/2023,-2000,-165000000,82.8(-0.12 %),0,0,2000,165000000,11700,48.67
22/05/2023,0,0,82.5(-0.36 %),0,0,0,0,11700,48.67
23/05/2023,0,0,82(-0.61 %),0,0,0,0,11700,48.67
24/05/2023,-6500,-529960000,81.3(-0.85 %),0,0,6500,529960000,18200,48.67
25/05/2023,0,0,83.2(2.34 %),0,0,0,0,18200,48.67
26/05/2023,0,0,83.1(-0.12 %),0,0,0,0,18200,48.67
29/05/2023,-1000,-83320000,83.1(0.00 %),0,0,1000,83320000,19200,48.67
30/05/2023,15700,1303010000,84(1.08 %),16000,1328000000,300,24990000,3500,49.0
31/05/2023,0,0,84.1(0.12 %),0,0,0,0,3500,49.0
01/06/2023,-1700,-142800000,83.5(-0.71 %),0,0,1700,142800000,5200,49.0
02/06/2023,-1800,-150220000,83.8(0.36 %),0,0,1800,150220000,7000,49.0
05/06/2023,0,0,85(1.43 %),0,0,0,0,7000,49.0
06/06/2023,800,68690000,85.3(0.35 %),1700,145010000,900,76320000,6200,49.0
07/06/2023,0,0,85(-0.35 %),0,0,0,0,6200,49.0
08/06/2023,0,0,83.6(-1.65 %),0,0,0,0,6200,49.0
09/06/2023,-3500,-295930000,84.6(1.20 %),900,75870000,4400,371800000,9700,49.0
12/06/2023,0,0,84.9(0.35 %),0,0,0,0,9700,49.0
13/06/2023,0,0,84.4(-0.59 %),0,0,0,0,9700,49.0
14/06/2023,0,0,84.2(-0.24 %),0,0,0,0,9700,49.0
15/06/2023,0,0,84.1(-0.12 %),0,0,0,0,9700,49.0
16/06/2023,-100,-8410000,84.5(0.48 %),0,0,100,8410000,0,49.0
19/06/2023,-1400,-118580000,84.7(0.24 %),0,0,1400,118580000,0,49.0
20/06/2023,0,0,85.5(0.94 %),0,0,0,0,0,49.0
21/06/2023,0,0,85.8(0.35 %),0,0,0,0,1444,49.0
22/06/2023,-26000,-2237880000,85.5(-0.35 %),1400,120540000,27400,2358420000,27444,49.0
23/06/2023,-12000,-1019300000,85.1(-0.47 %),0,0,12000,1019300000,39444,42.61
26/06/2023,0,0,85.8(0.82 %),0,0,0,0,27448,49.0
27/06/2023,3400,292400000,87.3(1.75 %),3400,292400000,0,0,24048,49.0
28/06/2023,0,0,87(-0.34 %),0,0,0,0,24048,49.0
29/06/2023,-9000,-780300000,86.5(-0.57 %),0,0,9000,780300000,33048,49.0
30/06/2023,-100,-8630000,86(-0.58 %),0,0,100,8630000,33148,49.0
03/07/2023,-1900,-163640000,86.4(0.47 %),0,0,1900,163640000,35048,49.0
04/07/2023,0,0,87(0.69 %),0,0,0,0,35048,49.0
05/07/2023,-2200,-166140000,74.8(0.00 %),100,7510000,2300,173650000,37248,49.0
06/07/2023,1900,142120000,74.6(-0.27 %),1900,142120000,0,0,7,49.0
07/07/2023,0,0,75.3(0.94 %),0,0,0,0,2350,49.0
10/07/2023,2300,173190000,75.3(0.00 %),2300,173190000,0,0,50,49.0
11/07/2023,-200,-15040000,75(-0.40 %),0,0,200,15040000,250,49.0
12/07/2023,-15100,-1137460000,75.3(0.40 %),0,0,15100,1137460000,15350,49.0
13/07/2023,0,0,75.8(0.66 %),0,0,0,0,15350,49.0
14/07/2023,200,15380000,78.3(3.30 %),200,15380000,0,0,15100,49.0
17/07/2023,15100,1192900000,79(0.89 %),15100,1192900000,0,0,0,42.61
18/07/2023,-1100,-86900000,78.7(-0.38 %),0,0,1100,86900000,0,42.61
19/07/2023,-300,-23640000,78.5(-0.25 %),0,0,300,23640000,0,49.0
20/07/2023,-1000,-79390000,80.3(2.29 %),0,0,1000,79390000,0,42.61
21/07/2023,800,63370000,81(0.87 %),1100,87670000,300,24300000,1100,42.61
24/07/2023,300,24300000,81(0.00 %),300,24300000,0,0,1000,49.0
25/07/2023,900,72880000,81.3(0.37 %),1000,81000000,100,8120000,300,49.0
26/07/2023,-14300,-1182920000,82.7(1.72 %),300,24360000,14600,1207280000,14600,42.61
27/07/2023,-100,-8420000,83.7(1.21 %),0,0,100,8420000,14700,42.61
28/07/2023,-2900,-241610000,84.4(0.84 %),0,0,2900,241610000,17600,42.61
31/07/2023,13900,1176790000,85.6(1.42 %),14600,1236620000,700,59830000,3700,42.61
01/08/2023,0,-10000,84.5(-1.29 %),100,8560000,100,8570000,100,42.61
02/08/2023,2700,228140000,83.5(-1.18 %),2900,245050000,200,16910000,-2600,42.61
03/08/2023,-1400,-117030000,83.7(0.24 %),0,0,1400,117030000,0,49.0
04/08/2023,-100,-8370000,83.3(-0.48 %),0,0,100,8370000,0,49.0
07/08/2023,0,0,84.5(1.44 %),0,0,0,0,0,49.0
08/08/2023,0,0,84.2(-0.36 %),0,0,0,0,0,49.0
09/08/2023,-200,-16840000,83.1(-1.31 %),0,0,200,16840000,0,49.0
10/08/2023,-200,-16620000,82.2(-1.08 %),0,0,200,16620000,0,49.0
11/08/2023,0,0,82(-0.24 %),0,0,0,0,0,49.0
14/08/2023,-200,-16460000,82.6(0.73 %),0,0,200,16460000,0,49.0
15/08/2023,-400,-32940000,84(1.69 %),0,0,400,32940000,-2389,49.0
16/08/2023,-8900,-754340000,85.1(1.31 %),0,0,8900,754340000,-2189,49.0
17/08/2023,-3000,-261600000,86(1.06 %),0,0,3000,261600000,0,49.0
18/08/2023,-2500,-216500000,85.5(-0.58 %),0,0,2500,216500000,7129,49.0
21/08/2023,-7700,-660560000,85.9(0.47 %),0,0,7700,660560000,3012,49.0
22/08/2023,-5500,-462270000,86.5(0.70 %),3000,258900000,8500,721170000,0,49.0
23/08/2023,-11700,-1009280000,86.5(0.00 %),0,0,11700,1009280000,0,49.0
24/08/2023,0,0,90(5.26 %),0,0,0,0,0,49.0
25/08/2023,-7500,-671280000,90.6(0.67 %),0,0,7500,671280000,11779,49.0
28/08/2023,10600,974300000,94(3.75 %),11700,1076400000,1100,102100000,1179,49.0
29/08/2023,-14700,-1378760000,93.6(-0.43 %),0,0,14700,1378760000,0,49.0
30/08/2023,-13000,-1236050000,96.6(3.21 %),0,0,13000,1236050000,0,49.0
31/08/2023,100,9360000,96.7(0.10 %),1100,106260000,1000,96900000,14730,49.0
05/09/2023,8800,852200000,96.8(0.10 %),14700,1427370000,5900,575170000,13060,49.0
06/09/2023,12900,1252400000,99(2.27 %),13000,1262300000,100,9900000,160,49.0
07/09/2023,-28300,-2769950000,97.9(-1.11 %),1000,99000000,29300,2868950000,0,49.0
08/09/2023,-119100,-11622410000,97.6(-0.31 %),0,0,119100,11622410000,0,49.0
11/09/2023,-276700,-26810500000,97.4(-0.20 %),0,0,276700,26810500000,0,49.0
12/09/2023,-6200,-606980000,98.9(1.54 %),0,0,6200,606980000,119288,48.99
13/09/2023,0,0,98(-0.91 %),0,0,0,0,146700,48.99
14/09/2023,71400,6997200000,95.9(-2.14 %),71700,7026600000,300,29400000,6218,49.0
15/09/2023,6200,595200000,97.5(1.67 %),6200,595200000,0,0,0,49.0
18/09/2023,0,0,96.9(-0.62 %),0,0,0,0,0,56.35
19/09/2023,-100,-9800000,98.4(1.55 %),0,0,100,9800000,0,49.0
20/09/2023,-55800,-5517210000,98.5(0.10 %),0,0,55800,5517210000,55,49.0
21/09/2023,22600,2226100000,96.8(-1.73 %),22600,2226100000,0,0,-22545,49.0
22/09/2023,-82600,-7868620000,96.7(-0.10 %),100,9510000,82700,7878130000,55875,49.0
25/09/2023,37500,3648730000,94.3(-2.48 %),55800,5412600000,18300,1763870000,0,49.0
26/09/2023,0,0,93.5(-0.85 %),0,0,0,0,76200,48.99
27/09/2023,64400,6057520000,94.3(0.86 %),76200,7155180000,11800,1097660000,11800,49.0
28/09/2023,18300,1722030000,94(-0.32 %),18300,1722030000,0,0,-6500,49.0
29/09/2023,-118000,-11011350000,92.8(-1.28 %),0,0,118000,11011350000,11800,49.0
02/10/2023,11800,1102120000,93.2(0.43 %),11800,1102120000,0,0,46,49.0
03/10/2023,-10700,-985980000,92.2(-1.07 %),0,0,10700,985980000,118000,48.99
04/10/2023,0,0,92.5(0.33 %),0,0,0,0,118000,48.99
05/10/2023,-3600,-329760000,91.6(-0.97 %),0,0,3600,329760000,10714,49.0
06/10/2023,10700,979050000,92.7(1.20 %),10700,979050000,0,0,14,39.2
09/10/2023,-55300,-5252570000,95.6(3.13 %),0,0,55300,5252570000,55314,39.2
10/10/2023,-37900,-3666450000,96.3(0.73 %),3600,347400000,41500,4013850000,0,49.0
11/10/2023,-192900,-18754230000,97(0.73 %),0,0,192900,18754230000,55300,49.0
12/10/2023,-83700,-8147390000,96.4(-0.62 %),55300,5364100000,139000,13511490000,41585,49.0
13/10/2023,-662400,-63504760000,96.1(-0.31 %),0,0,662400,63504760000,192900,48.98
16/10/2023,-1000500,-98055990000,96.8(0.73 %),151400,14655520000,1151900,112711510000,139030,48.99
17/10/2023,10200,1176970000,93.1(-3.82 %),139000,13594200000,128800,12417230000,662400,48.95
18/10/2023,381600,36251590000,93(-0.11 %),662400,62793350000,280800,26541760000,1151929,48.91
19/10/2023,852500,80249350000,92(-1.08 %),1151900,108340380000,299400,28091030000,128842,48.99
20/10/2023,95500,8871770000,92.9(0.98 %),128800,11914000000,33300,3042230000,280800,48.98
23/10/2023,230800,21758100000,91(-2.05 %),280800,26339040000,50000,4580940000,299400,48.98
24/10/2023,299000,27627680000,92(1.10 %),299400,27664560000,400,36880000,400,39.2
25/10/2023,33300,3056940000,90.9(-1.20 %),33300,3056940000,0,0,33300,49.0
26/10/2023,48200,4259840000,86.8(-4.51 %),50000,4415000000,1800,155160000,0,49.0
27/10/2023,-4500,-391840000,87(0.23 %),0,0,4500,391840000,0,49.0
30/10/2023,-35300,-3039340000,85(-2.30 %),0,0,35300,3039340000,1864,49.0
31/10/2023,-2000,-169230000,83(-2.35 %),1800,153180000,3800,322410000,4500,49.0
01/11/2023,400,34190000,85.4(2.89 %),4500,379350000,4100,345160000,35300,49.0
02/11/2023,-5400,-470430000,89(4.22 %),0,0,5400,470430000,40700,39.2
03/11/2023,-25400,-2242980000,87(-2.25 %),3800,338200000,29200,2581180000,66100,39.2
06/11/2023,-1300,-116280000,88.5(1.72 %),4100,361620000,5400,477900000,67400,39.2
07/11/2023,-28400,-2509900000,88.3(-0.23 %),5400,477900000,33800,2987800000,95800,39.19
08/11/2023,-100,-9000000,92.6(4.87 %),0,0,100,9000000,5430,49.0
09/11/2023,-9500,-879650000,92.5(-0.11 %),5400,496800000,14900,1376450000,33842,49.0
10/11/2023,-1500,-137250000,91.5(-1.08 %),0,0,1500,137250000,-24900,49.0
13/11/2023,-25000,-2288030000,91.4(-0.11 %),0,0,25000,2288030000,-984,49.0
14/11/2023,-11,-1008700,92.6(1.31 %),188500,17266600000,188511,17267608700,0,39.2
15/11/2023,0,0,92.4(-0.22 %),0,0,0,0,0,39.2
16/11/2023,0,0,93(0.65 %),0,0,0,0,16660,56.35
17/11/2023,-1600,-147110000,91(-2.15 %),0,0,1600,147110000,0,49.0
20/11/2023,0,0,90.7(-0.33 %),0,0,0,0,700,49.0
21/11/2023,700,64400000,91.9(1.32 %),700,64400000,0,0,165,49.0
22/11/2023,-14800,-1377160000,93(1.20 %),1600,147040000,16400,1524200000,23,49.0
23/11/2023,0,0,90.8(-2.37 %),0,0,0,0,23,56.35
24/11/2023,0,0,91.2(0.44 %),0,0,0,0,23,56.35
27/11/2023,16400,1498960000,90.7(-0.55 %),16400,1498960000,0,0,-16377,56.35
28/11/2023,0,0,91.1(0.44 %),0,0,0,0,6,56.35
29/11/2023,0,0,91.7(0.66 %),0,0,0,0,6,56.35
30/11/2023,-200,-18500000,91.9(0.22 %),0,0,200,18500000,206,56.35
01/12/2023,0,0,92.4(0.54 %),0,0,0,0,206,56.35
04/12/2023,-1200,-111400000,93.6(1.30 %),0,0,1200,111400000,1406,56.35
05/12/2023,200,18760000,94.8(1.28 %),200,18760000,0,0,1206,56.35
06/12/2023,-800,-75440000,95(0.21 %),0,0,800,75440000,2006,56.35
07/12/2023,-5400,-503280000,94.3(-0.74 %),0,0,5400,503280000,7406,56.35
08/12/2023,-18500,-1739100000,94.2(-0.11 %),0,0,18500,1739100000,25906,56.35
11/12/2023,-4400,-418970000,95(0.85 %),800,76400000,5200,495370000,30306,56.35
12/12/2023,-400,-43340000,96.8(1.89 %),5400,515160000,5800,558500000,30706,56.35
13/12/2023,13600,1330730000,95.2(-1.65 %),18600,1811640000,5000,480910000,17106,56.35
14/12/2023,-4800,-460800000,96.2(1.05 %),0,0,4800,460800000,21906,56.35
15/12/2023,5600,538870000,96.2(0.00 %),5900,567580000,300,28710000,16306,56.35
18/12/2023,-14500,-1373260000,94(-2.29 %),5000,479500000,19500,1852760000,30806,56.35
19/12/2023,4400,413120000,94.6(0.64 %),4800,450720000,400,37600000,26406,56.35
20/12/2023,0,0,94.7(0.11 %),0,0,0,0,26406,56.35
21/12/2023,8400,799770000,95.1(0.42 %),19500,1844700000,11100,1044930000,18006,56.35
22/12/2023,200,19100000,94.6(-0.53 %),400,38000000,200,18900000,17806,56.35
25/12/2023,-27400,-2616330000,96(1.48 %),0,0,27400,2616330000,45206,56.35
26/12/2023,-4100,-408790000,97.2(1.25 %),11100,1071150000,15200,1479940000,49306,56.34
27/12/2023,-17800,-1731710000,96.9(-0.31 %),0,0,17800,1731710000,67106,56.34
28/12/2023,0,0,96.6(-0.31 %),0,0,0,0,67106,56.34
29/12/2023,-400,-38640000,96.1(-0.52 %),0,0,400,38640000,67506,56.34
02/01/2024,15800,1532910000,95.9(-0.21 %),17900,1734510000,2100,201600000,0,49.0
03/01/2024,0,0,96.3(0.42 %),0,0,0,0,17924,56.35
04/01/2024,400,38520000,97.2(0.93 %),400,38520000,0,0,17524,56.35
05/01/2024,2100,204330000,97.4(0.21 %),2100,204330000,0,0,15424,56.35
08/01/2024,-11500,-1121480000,97.3(-0.10 %),0,0,11500,1121480000,26924,56.35
09/01/2024,-200,-19460000,96.6(-0.72 %),0,0,200,19460000,0,49.0
10/01/2024,-500,-47830000,94.7(-1.97 %),0,0,500,47830000,0,49.0
11/01/2024,-43100,-4086450000,95(0.32 %),0,0,43100,4086450000,0,49.0
12/01/2024,0,0,94.7(-0.32 %),0,0,0,0,43801,56.35
15/01/2024,-3500,-334250000,95.4(0.74 %),0,0,3500,334250000,0,49.0
16/01/2024,0,0,95.7(0.31 %),0,0,0,0,0,49.0
17/01/2024,0,0,95.7(0.00 %),0,0,0,0,0,49.0
18/01/2024,-37400,-3579360000,95.6(-0.10 %),0,0,37400,3579360000,84701,56.34
19/01/2024,-1000,-96300000,96.3(0.73 %),0,0,1000,96300000,85701,56.34
22/01/2024,-900,-86580000,96.4(0.10 %),0,0,900,86580000,86601,56.34
23/01/2024,-23900,-2296790000,95.6(-0.83 %),0,0,23900,2296790000,110501,56.34
24/01/2024,-17000,-1614200000,95(-0.63 %),1000,95800000,18000,1710000000,127501,56.34
25/01/2024,0,0,95.1(0.11 %),0,0,0,0,127501,56.34
26/01/2024,-100,-9560000,95.9(0.84 %),0,0,100,9560000,127601,56.34
29/01/2024,-7400,-706800000,95.9(0.00 %),0,0,7400,706800000,0,49.0
30/01/2024,0,0,95.6(-0.31 %),0,0,0,0,170,49.0
31/01/2024,-400,-38240000,95.7(0.10 %),100,9560000,500,47800000,7400,49.0
01/02/2024,-23900,-2356860000,99.9(4.39 %),7400,709660000,31300,3066520000,7400,56.35
02/02/2024,81,8108100,102(2.10 %),972481,72793118100,972400,72785010000,81,49.0
05/02/2024,-6300,-650200000,103.5(1.47 %),295800,28034500000,302100,28684700000,165533,56.33
06/02/2024,12030,-1992488200,104.1(0.58 %),1688602,169566547000,1676572,171559035200,0,49.0
07/02/2024,-18200,-1908210000,104.9(0.77 %),300500,28865850000,318700,30774060000,6800,49.0
15/02/2024,700,71840000,104(-0.86 %),1254020,130793670000,1253320,130721830000,0,49.0
16/02/2024,-12100,-1261260000,105.1(1.06 %),272100,28325310000,284200,29586570000,18200,49.0
19/02/2024,3000,316870000,105(-0.10 %),914500,85411100000,911500,85094230000,6100,49.0
20/02/2024,6100,641720000,104.3(-0.67 %),2046100,213694297100,2040000,213052577100,0,49.0
21/02/2024,-24,-2493600,105.9(1.53 %),683300,64352970000,683324,64355463600,0,49.0
22/02/2024,-63,-6659100,104.6(-1.23 %),492500,44425340000,492563,44431999100,0,49.0
23/02/2024,-40,-4150900,103.9(-0.67 %),1054500,98099500000,1054540,98103650900,174130,56.33
26/02/2024,-2086,-217969600,108(3.95 %),470000,50149000000,472086,50366969600,0,49.0
27/02/2024,-4001,-433568300,107.9(-0.09 %),1696400,184835760000,1700401,185269328300,180217,56.33
28/02/2024,-1340,-145318000,108.5(0.56 %),936200,85073390000,937540,85218708000,181557,56.33
29/02/2024,2086,225705200,109(0.46 %),151386,16313335200,149300,16087630000,0,49.0
01/03/2024,0,0,110.8(1.65 %),942000,104319800000,942000,104319800000,179471,56.33
04/03/2024,-1000,-111260000,111.4(0.54 %),74500,2724400000,75500,2835660000,180471,56.33
05/03/2024,-3219,-357295900,110.7(-0.63 %),1290600,124786020000,1293819,125143315900,0,49.0
06/03/2024,0,0,109(-1.54 %),156700,8674660000,156700,8674660000,183690,56.33
07/03/2024,-13210,-1435925000,111.3(2.02 %),1212150,78380005000,1225360,79815930000,196900,56.33
08/03/2024,-681,-73215300,110(-1.17 %),238019,16277714700,238700,16350930000,197581,56.33
11/03/2024,-5400,-603370000,110(0.00 %),0,0,5400,603370000,202981,56.33
12/03/2024,0,0,111.9(1.73 %),0,0,0,0,3900,49.0
13/03/2024,3800,428420000,117(4.56 %),3900,439920000,100,11500000,5400,49.0
14/03/2024,-1000,-110060000,117(0.00 %),5400,639900000,6400,749960000,6400,56.35
15/03/2024,-5500,-636660000,116(-0.85 %),0,0,5500,636660000,11900,56.35
18/03/2024,100,11580000,113(-2.59 %),100,11580000,0,0,6408,49.0
19/03/2024,6400,723200000,112(-0.88 %),6400,723200000,0,0,0,49.0
20/03/2024,0,0,114.5(2.23 %),0,0,0,0,5400,56.35
21/03/2024,-200,-23040000,116.2(1.48 %),0,0,200,23040000,5600,56.35
22/03/2024,0,0,114.9(-1.12 %),0,0,0,0,5600,56.35
25/03/2024,-2100,-240240000,114(-0.78 %),0,0,2100,240240000,0,49.0
26/03/2024,-6200,-706800000,115(0.88 %),0,0,6200,706800000,13900,56.35
27/03/2024,-1700,-194310000,115.2(0.17 %),0,0,1700,194310000,0,49.0
28/03/2024,0,0,117.1(1.65 %),0,0,0,0,0,49.0
29/03/2024,-200,-23220000,116.5(-0.51 %),0,0,200,23220000,1700,49.0
01/04/2024,-6700,-774740000,116.8(0.26 %),1700,197200000,8400,971940000,0,49.0
02/04/2024,-200,-23360000,117(0.17 %),0,0,200,23360000,1900,56.35
03/04/2024,-4800,-561600000,115.1(-1.62 %),0,0,4800,561600000,8440,49.0
04/04/2024,8400,966000000,114(-0.96 %),8400,966000000,0,0,-1700,56.35
05/04/2024,-800,-90720000,113.7(-0.26 %),0,0,800,90720000,0,49.0
08/04/2024,0,0,112.6(-0.97 %),0,0,0,0,0,56.35
09/04/2024,-13100,-1478920000,113(0.36 %),0,0,13100,1478920000,15,56.35
10/04/2024,700,79410000,113.8(0.71 %),800,90800000,100,11390000,-685,56.35
11/04/2024,0,0,114.9(0.97 %),0,0,0,0,13148,49.0
12/04/2024,13100,1518290000,115.5(0.52 %),13100,1518290000,0,0,100,49.0
15/04/2024,100,11550000,111.6(-3.38 %),100,11550000,0,0,13048,56.35
16/04/2024,-7700,-865770000,113(1.25 %),0,0,7700,865770000,20748,56.35
17/04/2024,-10900,-1225930000,111.8(-1.06 %),0,0,10900,1225930000,23948,56.35
19/04/2024,-6600,-726760000,109(-2.50 %),0,0,6600,726760000,30548,56.35
22/04/2024,-21900,-2416620000,110.3(1.19 %),0,0,21900,2416620000,0,49.0
23/04/2024,0,0,112.3(1.81 %),0,0,0,0,1800,49.0
24/04/2024,-3300,-407800000,120.1(6.95 %),1800,204480000,5100,612280000,55748,56.34
25/04/2024,-3200,-398190000,123.2(2.58 %),0,0,3200,398190000,58948,56.34
26/04/2024,-13000,-1603500000,123.2(0.00 %),0,0,13000,1603500000,5150,49.0
02/05/2024,-14200,-1781350000,127.3(3.33 %),5100,631380000,19300,2412730000,3200,49.0
03/05/2024,3100,397110000,125.9(-1.10 %),3200,409920000,100,12810000,13000,49.0
06/05/2024,13000,1644500000,127.6(1.35 %),13000,1644500000,0,0,19454,49.0
07/05/2024,15200,1936930000,131.3(2.90 %),19400,2483200000,4200,546270000,100,49.0
08/05/2024,100,13010000,131(-0.23 %),100,13010000,0,0,0,49.0
09/05/2024,-3900,-510440000,130.3(-0.53 %),0,0,3900,510440000,0,49.0
10/05/2024,-380200,-49772520000,131(0.54 %),0,0,380200,49772520000,0,49.0
13/05/2024,-39400,-5124480000,129.7(-0.99 %),0,0,39400,5124480000,3969,49.0
14/05/2024,3800,493850000,130.5(0.62 %),3900,507000000,100,13150000,439054,56.31
15/05/2024,-600,-79840000,134.1(2.76 %),200,26300000,800,106140000,439654,56.31
16/05/2024,-272300,-37108160000,135.4(0.97 %),5400,732240000,277700,37840400000,711954,56.28
17/05/2024,-491800,-66020870000,134.5(-0.66 %),100,13540000,491900,66034410000,800,49.0
20/05/2024,-27100,-3661150000,133(-1.12 %),800,108160000,27900,3769310000,277700,48.98
21/05/2024,-330000,-44395090000,136(2.26 %),277700,37211800000,607700,81606890000,455900,48.96
22/05/2024,-550800,-75927420000,138(1.47 %),455800,62845130000,1006600,138772550000,0,49.0
23/05/2024,-1372900,-187149140000,137.5(-0.36 %),0,0,1372900,187149140000,607768,48.95
24/05/2024,-2664600,-355393620000,131.9(-4.07 %),607000,83181790000,3271600,438575410000,5876854,55.82
27/05/2024,220100,29811550000,132.8(0.68 %),1006600,133884610000,786500,104073060000,1372915,48.89
28/05/2024,588000,78893290000,137(3.16 %),1121900,150600520000,533900,71707230000,3271747,48.74
29/05/2024,748900,101479830000,135.7(-0.95 %),2417100,328271530000,1668200,226791700000,1349609,48.89
30/05/2024,-1527200,-202735520000,135(-0.52 %),1348900,179663120000,2876100,382398640000,534061,48.96
31/05/2024,355200,47667170000,134.6(-0.30 %),533900,71756250000,178700,24089080000,1668251,48.87
03/06/2024,-744200,-101790980000,136.9(1.71 %),1244000,169893190000,1988200,271684170000,1668251,56.2
04/06/2024,708900,98518510000,139.1(1.61 %),1943500,270084270000,1234600,171565760000,959351,56.26
05/06/2024,-438200,-61017410000,140.1(0.72 %),1534600,217748290000,1972800,278765700000,1397551,56.22
06/06/2024,-1594106,-224120018900,139.6(-0.36 %),334694,46968591100,1928800,271088610000,2888237,48.77
07/06/2024,-176636,-24946292100,142(1.72 %),1101764,155747057900,1278400,180693350000,3942973,48.69
10/06/2024,-1154019,-165606365300,144(1.41 %),126397,18162516300,1280416,183768881600,5096992,55.89
11/06/2024,-1800964,-260001078700,146.5(1.74 %),244830,35405667400,2045794,295406746100,2888237,48.77
12/06/2024,-3780711,-495299008900,132(4.33 %),547440,71444293400,4328151,566743302300,7300722,48.43
13/06/2024,0,0,130(-1.52 %),0,0,0,0,9000226,48.29
14/06/2024,-1141201,-148496779300,131(0.77 %),1069099,139000866700,2210300,287497646000,12259278,48.03
17/06/2024,-856408,-110976676200,128.8(-1.68 %),293292,37988113800,1149700,148964790000,17816821,47.6
18/06/2024,-2338276,-301813790800,128(-0.62 %),598243,76819211700,2936519,378633002500,19504678,47.46
19/06/2024,-1715424,-221891841100,131.5(2.73 %),513376,66722148900,2228800,288613990000,20070002,47.42
20/06/2024,-1975016,-265360633100,133.3(1.37 %),580798,77690157100,2555814,343050790200,22353923,47.24
21/06/2024,-1676447,-227023815700,136.1(2.10 %),1019553,137329754300,2696000,364353570000,23643170,47.14
24/06/2024,-4412286,-590390251200,132.1(-2.94 %),1487752,198338416600,5900038,788728667800,24711232,47.05
25/06/2024,-2040860,-264910794500,130(-1.59 %),1953461,253329324300,3994321,518240118800,25821114,46.97
26/06/2024,-1921161,-249569134000,131.8(1.38 %),1098839,144047246000,3020000,393616380000,30620913,46.59
27/06/2024,-766659,-101061834500,132.8(0.76 %),780841,103552395500,1547500,204614230000,33491050,46.36
28/06/2024,-1935125,-255848051200,130.5(-1.73 %),826180,108310461300,2761305,364158512500,35594870,46.2
04/07/2024,161400,22328760000,135.8(3.66 %),1283400,172278470000,1122000,149949710000,38528663,0.0
05/07/2024,-1956000,-270990740000,138.7(2.14 %),821000,113399990000,2777000,384390730000,40484663,0.0
08/07/2024,-1895600,-263169750000,139.6(0.65 %),692300,96231760000,2587900,359401510000,42380263,0.0
09/07/2024,-4958300,-679998190000,137.5(-1.50 %),1060600,145458240000,6018900,825456430000,47338563,0.0
10/07/2024,-2525300,-342814020000,134(-2.55 %),386200,52404710000,2911500,395218730000,49863863,0.0
11/07/2024,-2976100,-397359940000,133(-0.75 %),1003900,134241910000,3980000,531601850000,52839963,0.0
12/07/2024,-360600,-48429640000,133.8(0.60 %),559400,74767580000,920000,123197220000,53200563,0.0
15/07/2024,-133900,-18142310000,132.7(-0.82 %),868300,115499930000,1002200,133642240000,53334463,0.0
16/07/2024,460000,61262320000,134(0.98 %),1625500,216555680000,1165500,155293360000,52874463,0.0
17/07/2024,1232100,161527790000,131.9(-1.57 %),2234900,294587320000,1002800,133059530000,51642363,0.0
18/07/2024,-2731000,-351996840000,127.9(-3.03 %),1061600,136942870000,3792600,488939710000,54373363,0.0
19/07/2024,-1792800,-228147950000,126(-1.49 %),428100,54169710000,2220900,282317660000,56166163,0.0
22/07/2024,497200,61307250000,124.1(-1.51 %),1989600,246998670000,1492400,185691420000,55668963,0.0
23/07/2024,11400,1363440000,125.5(1.13 %),1080800,137041280000,1069400,135677840000,55657563,0.0
24/07/2024,-616900,-77382790000,126(0.40 %),851500,106816060000,1468400,184198850000,56274463,0.0
25/07/2024,197200,24700220000,125(-0.79 %),798400,99652660000,601200,74952440000,56077263,0.0
26/07/2024,358600,45574030000,128(2.40 %),1264600,159135140000,906000,113561110000,55718663,0.0
29/07/2024,403200,52377620000,129(0.78 %),2038800,264706210000,1635600,212328590000,55315463,0.0
30/07/2024,403200,52377620000,128(-0.78 %),2038800,264706210000,1635600,212328590000,54912263,0.0
31/07/2024,670700,86017140000,128.6(0.47 %),1427700,182699600000,757000,96682460000,54241563,0.0
01/08/2024,-1283700,-163172310000,124.8(-2.95 %),759000,95998040000,2042700,259170350000,57595364,0.0
02/08/2024,254700,31705780000,123.2(-1.28 %),1436700,176667110000,1182000,144961330000,57340664,0.0
05/08/2024,-737800,-88911780000,118.6(-3.73 %),2134200,256997420000,2872000,345909200000,58078464,0.0
06/08/2024,-916700,-110474210000,120.8(1.85 %),1439000,173727590000,2355700,284201800000,58995164,0.0
07/08/2024,302700,36964530000,122(0.99 %),1007600,122054530000,704900,85090000000,58692464,0.0
08/08/2024,22200,2560740000,121.4(-0.49 %),919200,111771600000,897000,109210860000,58670264,0.0
09/08/2024,1276000,159501370000,126.9(4.53 %),2076800,258798420000,800800,99297050000,57394264,0.0
12/08/2024,1167600,150237850000,130(2.44 %),2168400,279328800000,1000800,129090950000,56226664,0.0
13/08/2024,624300,80910190000,129.7(-0.23 %),1515700,195959650000,891400,115049460000,55602364,0.0
14/08/2024,372800,48414230000,129.5(-0.15 %),952100,123682270000,579300,75268040000,55229564,0.0
15/08/2024,615600,79203460000,128.7(-0.62 %),817300,105192070000,201700,25988610000,54613964,0.0
16/08/2024,200600,26297090000,130.6(1.48 %),847300,110388750000,646700,84091660000,54413364,0.0
19/08/2024,-237900,-31021620000,130.5(-0.08 %),267800,34937490000,505700,65959110000,54651264,0.0
20/08/2024,974900,128144590000,131.5(0.77 %),1186400,155996140000,211500,27851550000,53676364,0.0
21/08/2024,2071000,273846760000,133.5(1.52 %),2677900,353954880000,606900,80108120000,51605364,0.0
22/08/2024,1032900,138344760000,133.8(0.22 %),1354500,181444560000,321600,43099800000,50572464,0.0
23/08/2024,919600,122319180000,133.1(-0.52 %),1496100,198988900000,576500,76669720000,49652864,0.0
26/08/2024,417900,55157890000,131.5(-1.20 %),534200,70571640000,116300,15413750000,49234964,0.0
27/08/2024,923100,121676290000,132.5(0.76 %),1015600,133869380000,92500,12193090000,48311864,0.0
28/08/2024,1040400,139008890000,133.3(0.60 %),1267500,169376970000,227100,30368080000,47271464,0.0
29/08/2024,843900,112449530000,133.7(0.30 %),1082100,144145100000,238200,31695570000,46427564,0.0
30/08/2024,1398100,188057210000,134.8(0.82 %),1422600,191350040000,24500,3292830000,45029464,0.0
04/09/2024,-608000,-80067650000,133(-1.34 %),1154600,153095530000,1762600,233163180000,47396627,0.0
05/09/2024,-2080900,-272208110000,130.6(-1.80 %),1836700,239255790000,3917600,511463900000,49477527,0.0
06/09/2024,1543700,203588380000,132.1(1.15 %),2215700,292081840000,672000,88493460000,47933827,0.0
09/09/2024,-833600,-108790150000,131.3(-0.61 %),606000,79334390000,1439600,188124540000,48767427,0.0
10/09/2024,-802500,-104696660000,130(-0.99 %),1235300,160995160000,2037800,265691820000,49569927,0.0
11/09/2024,1070700,139848420000,130.6(0.46 %),1949700,254324650000,879000,114476230000,48499227,0.0
12/09/2024,883400,116702170000,132.3(1.30 %),2194400,289430090000,1311000,172727920000,47615827,0.0
13/09/2024,1527600,203200070000,133(0.53 %),1695000,225441550000,167400,22241480000,46088227,0.0
16/09/2024,323900,42582000000,131.1(-1.43 %),531200,69887590000,207300,27305590000,45764327,0.0
17/09/2024,1445900,191157710000,132.9(1.37 %),1855300,245341530000,409400,54183820000,44318427,0.0
18/09/2024,848600,113788550000,134.6(1.28 %),2093100,280900560000,1244500,167112010000,43469827,0.0
19/09/2024,262100,35435720000,135.2(0.45 %),1895800,255777050000,1633700,220341330000,43207727,0.0
20/09/2024,-135200,-18384070000,135.3(0.07 %),1183100,160993790000,1318300,179377860000,43342927,0.0
23/09/2024,49500,6799430000,134(-0.96 %),715600,96269150000,666100,89469720000,43293427,0.0
24/09/2024,128900,17325610000,134.5(0.37 %),657100,88096880000,528200,70771270000,43164527,0.0
25/09/2024,332300,44737620000,134.8(0.22 %),2156800,289628020000,1824500,244890400000,42832227,0.0
26/09/2024,4100,579270000,134.3(-0.37 %),900400,120919930000,896300,120340660000,42828127,0.0
27/09/2024,768500,102930130000,134.2(-0.07 %),1880600,251811460000,1112100,148881330000,42059627,0.0
30/09/2024,332900,44807490000,134.5(0.22 %),1788600,239009420000,1455700,194201930000,41726727,0.0
01/10/2024,2420100,328955660000,135.9(1.04 %),2675300,363605240000,255200,34649580000,40171207,0.0
02/10/2024,883000,119593840000,135.4(-0.37 %),1013300,137231920000,130300,17638080000,39288207,0.0
03/10/2024,-416200,-56302020000,134(-1.03 %),162000,21946350000,578200,78248370000,39704407,0.0
04/10/2024,-37600,-5014180000,134.1(0.07 %),190500,25528260000,228100,30542440000,39742007,0.0
07/10/2024,-182700,-24466480000,134.1(0.00 %),143800,19292170000,326500,43758650000,39924707,0.0
08/10/2024,-400900,-53773380000,133.8(-0.22 %),339700,45538660000,740600,99312040000,40325607,0.0
09/10/2024,534500,72295660000,135.4(1.20 %),842100,113873810000,307600,41578150000,39791107,0.0
10/10/2024,2308600,322258610000,141.7(4.65 %),2857700,399425600000,549100,77166990000,37482507,0.0
11/10/2024,-675300,-94732860000,139.6(-1.48 %),708800,99695950000,1384100,194428810000,38157807,0.0
14/10/2024,-1263500,-175774160000,137.6(-1.43 %),947900,131451740000,2211400,307225900000,39421307,0.0
15/10/2024,-858500,-118001410000,137(-0.44 %),220500,30268650000,1079000,148270060000,40279807,0.0
16/10/2024,-512300,-69957590000,136.3(-0.51 %),102700,14008540000,615000,83966130000,40792107,0.0
17/10/2024,-146100,-20073950000,137(0.51 %),675200,91962620000,821300,112036570000,40938207,0.0
18/10/2024,159900,21928060000,137(0.00 %),769000,105433560000,609100,83505500000,40778307,0.0
21/10/2024,-465400,-63262280000,135.5(-1.09 %),673600,92306000000,1139000,155568280000,41243707,0.0
22/10/2024,-74000,-9789750000,133.1(-1.77 %),856700,115352110000,930700,125141860000,41317707,0.0
23/10/2024,280100,37577400000,134.2(0.83 %),679700,91012210000,399600,53434810000,41037607,0.0
24/10/2024,523500,70155540000,134.3(0.07 %),1087600,145789610000,564100,75634070000,40514107,0.0
25/10/2024,34900,4672460000,134(-0.22 %),517000,69219070000,482100,64546610000,40479207,0.0
28/10/2024,370000,49793740000,134.9(0.67 %),404300,54394870000,34300,4601130000,40109207,0.0
29/10/2024,-100200,-13505810000,135.4(0.37 %),887800,119864280000,988000,133370090000,40209407,0.0
30/10/2024,803400,108868160000,135.9(0.37 %),1029100,139444700000,225700,30576540000,39406007,0.0
31/10/2024,-37600,-5085250000,135.9(0.00 %),435100,59013800000,472700,64099050000,39443607,0.0
01/11/2024,-379200,-50859750000,134.6(-0.96 %),594000,79874210000,973200,130733960000,39378372,0.0
04/11/2024,-758800,-101069070000,132.8(-1.34 %),685000,91260080000,1443800,192329150000,40137172,0.0
05/11/2024,-426600,-56625920000,132.6(-0.15 %),174300,23150580000,600900,79776500000,40563772,0.0
06/11/2024,-68100,-9124100000,134.6(1.51 %),282100,37792380000,350200,46916480000,40631872,0.0
07/11/2024,181800,24586420000,135.1(0.37 %),458500,62104750000,276700,37518330000,40450072,0.0
08/11/2024,144200,19572510000,135.8(0.52 %),284200,38585040000,140000,19012530000,40305872,0.0
11/11/2024,35200,4919150000,138.3(1.84 %),343700,47298910000,308500,42379760000,40270672,0.0
12/11/2024,-337000,-45989830000,136.8(-1.08 %),426400,58389680000,763400,104379510000,47595411,45.76
13/11/2024,-207200,-28302680000,137.8(0.73 %),803600,110300850000,1010800,138603530000,40814872,0.0
14/11/2024,-1451100,-199871350000,136(-1.31 %),332800,45898280000,1783900,245769630000,42265972,0.0
15/11/2024,-2526200,-338254200000,133.9(-1.54 %),522800,69858690000,3049000,408112890000,44792172,0.0
18/11/2024,-211700,-28164180000,134(0.07 %),1032500,137839450000,1244200,166003630000,45003872,0.0
19/11/2024,-1682700,-221124090000,130(-2.99 %),1550800,202904810000,3233500,424028900000,46686572,0.0
20/11/2024,-2002300,-250730420000,132.4(1.85 %),1982200,260105680000,3984500,510836100000,48688872,0.0
21/11/2024,-482800,-63263000000,133(0.45 %),643000,85037810000,1125800,148300810000,49171672,0.0
22/11/2024,449600,60115710000,133.9(0.68 %),695200,92936370000,245600,32820660000,48722072,0.0
25/11/2024,520000,69575090000,133.9(0.00 %),779500,104247650000,259500,34672560000,53841432,45.34
26/11/2024,1019700,137625670000,135.2(0.97 %),1580900,213138100000,561200,75512430000,52377059,45.44
27/11/2024,4260400,589443800000,138.9(2.74 %),5092800,704573040000,832400,115129240000,47509483,45.77
28/11/2024,1639800,228312650000,139.4(0.36 %),2265900,315542410000,626100,87229760000,45787877,45.89
29/11/2024,1668400,237042130000,144.3(3.52 %),3286500,467109040000,1618100,230066910000,43334243,46.05
02/12/2024,-1143600,-163730200000,142.2(-0.77 %),1698900,243964110000,2842500,407694310000,42261335,46.13
03/12/2024,-387300,-55627820000,145(1.97 %),1328200,191112060000,1715500,246739880000,42551335,46.11
04/12/2024,-925800,-134202700000,143.5(-1.03 %),733800,106437700000,1659600,240640400000,44708025,45.96
05/12/2024,510300,74372590000,148.5(3.48 %),1495000,218133920000,984700,143761330000,44952775,45.94
09/12/2024,-1808300,-265926700000,147(-1.67 %),616700,90662250000,2425000,356588950000,45404697,45.91
10/12/2024,834000,123749430000,149.5(1.70 %),1267100,187894140000,433100,64144710000,46455326,45.84
16/12/2024,-28200,-4193830000,149.9(0.27 %),1357900,203721080000,1386100,207914910000,47004335,45.8
17/12/2024,-2093700,-311175200000,148(-1.27 %),1902000,283676970000,3995700,594852170000,47054120,45.8
18/12/2024,643600,95934380000,148.7(0.47 %),1441300,214905790000,797700,118971410000,46998953,45.81
19/12/2024,738900,109407780000,148.1(-0.40 %),1922400,284558330000,1183500,175150550000,49099341,45.66
20/12/2024,581900,87014880000,149.5(0.95 %),2507700,375462700000,1925800,288447820000,47396219,45.78
24/12/2024,0,0,150.4(0.40 %),0,0,0,0,48421216,45.71
25/12/2024,-84500,-12757510000,150.8(0.27 %),568800,85720370000,653300,98477880000,49416129,45.64
26/12/2024,-451600,-67691960000,149.8(-0.66 %),678100,101718870000,1129700,169410830000,49825583,45.61
27/12/2024,488800,72928660000,149.6(-0.13 %),787500,117497430000,298700,44568770000,49657280,45.62
30/12/2024,-15200,-2204120000,150.5(0.60 %),450500,67514710000,465700,69718830000,50319543,45.58
31/12/2024,-190300,-28972690000,152.5(1.33 %),211700,32249080000,402000,61221770000,50406417,45.57
02/01/2025,-1473200,-222016910000,152(-0.33 %),349600,52889560000,1822800,274906470000,50522567,45.57
03/01/2025,-1538200,-231252380000,149(-1.97 %),939000,141019380000,2477200,372271760000,49985687,45.6
06/01/2025,-156200,-23319080000,149.3(0.20 %),1241900,185478970000,1398100,208798050000,50581138,45.56
07/01/2025,656500,98831130000,150.1(0.54 %),1664600,250631150000,1008100,151800020000,50581138,45.56
08/01/2025,-1550700,-230496270000,148.3(-1.20 %),822800,122325870000,2373500,352822140000,51935006,45.47
09/01/2025,97800,14543200000,148.8(0.34 %),508500,75537010000,410700,60993810000,52434585,45.44
10/01/2025,215500,31734620000,147.3(-1.01 %),1008200,149379670000,792700,117645050000,53828606,45.34
13/01/2025,-939500,-137993160000,147.6(0.20 %),254600,37429770000,1194100,175422930000,53984687,45.33
14/01/2025,-1295900,-189077220000,145.1(-1.69 %),311200,45382600000,1607100,234459820000,54432120,45.3
15/01/2025,-988700,-143716500000,145.5(0.28 %),659300,95718340000,1648000,239434840000,54950009,45.26
16/01/2025,-1280800,-187261070000,146.5(0.69 %),428500,62689450000,1709300,249950520000,56230809,0.0
17/01/2025,-850700,-125770480000,149(1.71 %),509000,75266690000,1359700,201037170000,57267504,45.11
20/01/2025,502700,75311480000,150(0.67 %),876900,131256290000,374200,55944810000,58063826,45.05
21/01/2025,-124900,-18456210000,149.9(-0.07 %),590200,88672420000,715100,107128630000,58933296,44.99
22/01/2025,-287700,-43140040000,149.7(-0.13 %),934700,139940170000,1222400,183080210000,58372705,45.03
23/01/2025,-167400,-26013540000,154.3(3.07 %),875700,134913040000,1043100,160926580000,58211990,45.04
24/01/2025,-1153800,-177494160000,153.4(-0.58 %),655700,100742070000,1809500,278236230000,58778445,45.0
03/02/2025,-3456200,-508454500000,0(0.00 %),2068100,305037590000,5524300,813492090000,57753449,45.07
04/02/2025,-1086500,-158593960000,146.2(0.48 %),1192100,174144660000,2278600,332738620000,58370948,45.03
05/02/2025,-51200,-7535140000,146.3(0.07 %),2808200,411563520000,2859400,419098660000,61086795,44.85
06/02/2025,-152000,-22235530000,146.5(0.14 %),872600,127566360000,1024600,149801890000,62418144,44.76
07/02/2025,371500,54246710000,146.1(-0.27 %),2302900,336283150000,1931400,282036440000,62974723,44.72
10/02/2025,-69200,-9409510000,142(-2.81 %),2057600,295168540000,2126800,304578050000,61941380,44.79
11/02/2025,-257700,-35488440000,145.4(2.39 %),1858000,265032490000,2115700,300520930000,61984919,44.79
12/02/2025,68100,9859970000,145(-0.28 %),685900,99428950000,617800,89568980000,63395949,44.69
13/02/2025,-208800,-30031080000,143.1(-1.31 %),503200,72249160000,712000,102280240000,64991935,44.58
14/02/2025,836700,120967080000,144.9(1.26 %),1378900,199367610000,542200,78400530000,64230758,44.63
17/02/2025,-489000,-70313720000,143.6(-0.90 %),590400,84918750000,1079400,155232470000,64290417,44.63
18/02/2025,301900,43439650000,143.9(0.21 %),762200,109615070000,460300,66175420000,64088398,44.64
19/02/2025,347800,50154640000,144(0.07 %),1097400,157726950000,749600,107572310000,64027144,44.65
20/02/2025,-1040600,-149214060000,143(-0.69 %),269700,38643270000,1310300,187857330000,64185914,44.64
21/02/2025,-1042000,-147928260000,142(-0.70 %),1271600,180491830000,2313600,328420090000,63651925,44.67
24/02/2025,-1782000,-249656190000,140.5(-1.06 %),1290200,181333800000,3072200,430989990000,63639991,44.67
25/02/2025,-1373400,-190653310000,139(-1.07 %),1784200,247873050000,3157600,438526360000,64158593,44.64
26/02/2025,-89200,-12032300000,141.8(2.01 %),917400,128891880000,1006600,140924180000,66281526,44.49
27/02/2025,79700,11196310000,141.3(-0.35 %),1519100,214414030000,1439400,203217720000,67915166,44.38
28/02/2025,-394300,-55043230000,140.3(-0.71 %),1664900,232570000000,2059200,287613230000,67056896,44.44
03/03/2025,-518400,-72909240000,140.5(0.14 %),959800,135061380000,1478200,207970620000,67537295,44.41
04/03/2025,96000,13539500000,140(-0.36 %),1336300,186988110000,1240300,173448610000,68128490,44.37
05/03/2025,-166200,-23117440000,139.1(-0.64 %),610100,85197810000,776300,108315250000,68996509,44.31
06/03/2025,-341000,-48729870000,141.6(1.80 %),2079100,293499660000,2420100,342229530000,68143836,44.37
07/03/2025,-734000,-103927710000,141.4(-0.14 %),788700,111748690000,1522700,215676400000,68115393,44.37
10/03/2025,-1132400,-158637720000,139.3(-1.49 %),1525700,213768060000,2658100,372405780000,68993757,44.31
11/03/2025,-562900,-77456830000,137.5(-1.29 %),1411500,194553120000,1974400,272009950000,68993757,44.31
12/03/2025,-2161100,-295079370000,135.9(-1.16 %),545200,74590280000,2706300,369669650000,71217375,44.16
13/03/2025,-25293,-3429113100,136.5(0.44 %),869637,119133946400,894930,122563059500,72410558,44.08
14/03/2025,-4805500,-639192930000,131.4(-3.74 %),497800,66018170000,5303300,705211100000,74623325,43.93
17/03/2025,-2146900,-279905450000,130(-1.07 %),474300,61875950000,2621200,341781400000,74930719,43.91
18/03/2025,-2530600,-330512810000,130(0.00 %),831800,108697210000,3362400,439210020000,79451197,43.6
19/03/2025,-8414700,-1061700860000,124.6(-4.15 %),2056200,260012000000,10470900,1321712860000,80029714,43.56
20/03/2025,-2215900,-277712100000,125(0.32 %),2283600,285661330000,4499500,563373430000,81115870,43.49
21/03/2025,222800,28896280000,128(2.40 %),1238700,158282710000,1015900,129386430000,90406186,42.85
24/03/2025,-67900,-8729640000,129(0.78 %),1327800,170241990000,1395700,178971630000,93590157,42.64
25/03/2025,-1199700,-152808490000,126.5(-1.94 %),570700,72779320000,1770400,225587810000,94019652,42.61
26/03/2025,-2450700,-304889750000,123(-2.77 %),888200,110073930000,3338900,414963680000,94535365,42.57
27/03/2025,277800,35190350000,126.2(2.60 %),2199100,272601350000,1921300,237411000000,94066420,42.61
28/03/2025,-656100,-81928780000,124(-1.74 %),425400,53028150000,1081500,134956930000,96986286,42.41
31/03/2025,-891700,-108352360000,121(-2.42 %),1546000,189484760000,2437700,297837120000,97327100,42.38
01/04/2025,-524400,-63731430000,120.5(-0.41 %),2288900,274395760000,2813300,338127190000,96175423,42.46
02/04/2025,-295000,-35910970000,122(1.24 %),807000,98184520000,1102000,134095490000,97775659,42.35
03/04/2025,-2949400,-337274690000,113.5(-6.97 %),1615800,186368790000,4565200,523643480000,98987486,42.27
04/04/2025,-5714000,-612769430000,113(-0.44 %),4597900,497819940000,10311900,1110589370000,95400610,42.51
08/04/2025,-3049900,-321225370000,105.1(-6.99 %),3173700,334692930000,6223600,655918300000,96622576,42.43
09/04/2025,2372100,253085260000,105.3(0.19 %),6537000,679933190000,4164900,426847930000,100227764,42.19
10/04/2025,-297100,-33453460000,112.6(6.93 %),36300,4087380000,333400,37540840000,106237471,41.78
11/04/2025,1016500,118978890000,118.5(5.24 %),6437800,747271880000,5421300,628292990000,103964554,41.93
14/04/2025,-1668400,-193639630000,118.5(0.00 %),2898500,339936990000,4566900,533576620000,101599459,42.09
15/04/2025,-328000,-37420850000,116(-2.11 %),2298100,265715260000,2626100,303136110000,104738157,41.88
16/04/2025,-4529900,-498107810000,107.9(-6.98 %),1269500,140696860000,5799400,638804670000,108035349,41.66
17/04/2025,1032200,110421340000,109.4(1.39 %),2780200,297757920000,1748000,187336580000,107806253,41.67
18/04/2025,2400700,270535780000,111.6(2.01 %),3621800,407707910000,1221100,137172130000,109992985,41.52
21/04/2025,1407100,156726800000,111.7(0.09 %),1870200,208147770000,463100,51420970000,109891588,41.53
22/04/2025,-1152500,-123443260000,110.4(-1.16 %),1525500,163900040000,2678000,287343300000,109587469,41.55
23/04/2025,-1292800,-142002900000,110.4(0.00 %),1478800,163072700000,2771600,305075600000,108582729,41.62
24/04/2025,-84000,-9787570000,112(1.45 %),3078300,344163760000,3162300,353951330000,108182715,41.65
25/04/2025,-1326400,-147376990000,112.4(0.36 %),1070800,119332940000,2397200,266709930000,109883558,41.53
28/04/2025,-945300,-104112670000,109.5(-2.58 %),336600,37203210000,1281900,141315880000,112709231,41.34
29/04/2025,-401800,-44021990000,109.4(-0.09 %),657400,72001200000,1059200,116023190000,114448940,41.22
05/05/2025,2391269,-230687924700,108.6(-0.73 %),2391269,258203493700,0,488891418400,115736245,41.13
06/05/2025,318700,34957570000,109.7(1.01 %),1994400,219476380000,1675700,184518810000,116636980,41.07
07/05/2025,-212400,-23141420000,109.7(0.00 %),1485300,163145780000,1697700,186287200000,118779806,40.93
08/05/2025,270500,31009800000,114.3(4.19 %),3754700,418652260000,3484200,387642460000,118509930,40.94
09/05/2025,609000,70874850000,116(1.49 %),3906700,449860100000,3297700,378985250000,118113149,40.97
12/05/2025,2028200,239215920000,118.3(1.98 %),3261700,384779140000,1233500,145563220000,116084945,41.11
13/05/2025,1280200,153314950000,119.5(1.01 %),3836500,458903960000,2556300,305589010000,114804704,41.2
14/05/2025,4377100,540568750000,126.3(5.69 %),4988400,616569600000,611300,76000850000,110427588,41.49
15/05/2025,4177353,158144490000,125(-1.03 %),4177353,524196696700,0,366052206700,109164204,41.58
16/05/2025,1137632,-228297318600,121(-3.20 %),1137632,138877944800,0,367175263400,109164204,41.58
19/05/2025,2685378,21699329600,118.2(-2.31 %),2685378,319286922800,0,297587593200,108987985,41.59
20/05/2025,859256,-319222706900,119.2(0.85 %),859256,101551355900,0,420774062800,110857162,41.46
21/05/2025,1399290,-123137427800,118.3(-0.76 %),1399290,164712634000,0,287850061800,110857162,41.46
22/05/2025,1411606,-131360902900,116.8(-1.27 %),1411606,164877223800,0,296238126700,113573344,41.28
23/05/2025,-1081400,-126218170000,117.1(0.26 %),568000,66473530000,1649400,192691700000,114618888,41.21
26/05/2025,224945,-39645062000,117.3(0.17 %),224945,26213006000,0,65858068000,115747689,41.13
27/05/2025,1066300,126912470000,119(1.45 %),1793700,213360450000,727400,86447980000,115764413,41.13
28/05/2025,550843,-10208319000,118.4(-0.50 %),550843,65052928000,0,75261247000,116105498,41.11
29/05/2025,230111,-22457939800,117.1(-1.10 %),230111,27155130200,0,49613070000,116105498,41.11
30/05/2025,407710,-24007354800,116.5(-0.51 %),407710,47755822000,0,71763176800,116189790,41.1
02/06/2025,357073,-69113750000,116.1(-0.34 %),357073,41558905500,0,110672655500,116380129,41.09
03/06/2025,462061,-104226962500,117.4(1.12 %),462061,54198875000,0,158425837500,116583890,41.07
04/06/2025,1316543,-33500292100,117.1(-0.26 %),1316543,154237797400,0,187738089500,117178548,41.03
05/06/2025,185615,-32143924700,116.8(-0.26 %),185615,21685067700,0,53828992400,118080064,40.97
06/06/2025,1111889,-83042469700,115(-1.54 %),1111889,128601516000,0,211643985700,118365255,40.95
09/06/2025,813884,25331295400,116.2(1.04 %),813884,94411825400,0,69080530000,118423049,40.95
10/06/2025,460260,-80404862500,115.7(-0.43 %),460260,53742059500,0,134146922000,119138383,40.9
11/06/2025,1005200,117799590000,117.9(1.90 %),1536000,180121960000,530800,62322370000,118133300,40.97
12/06/2025,-361300,-42342410000,117(0.09 %),1142800,133578890000,1504100,175921300000,118823640,40.92
13/06/2025,-516100,-59772800000,115.4(-1.37 %),706000,81518900000,1222100,141291700000,123851500,40.64
16/06/2025,2666300,314224410000,119(3.12 %),3187700,376162870000,521400,61938460000,121456806,40.8
17/06/2025,1836800,218109200000,118.8(-0.17 %),1988300,236131700000,151500,18022500000,120142534,40.89
18/06/2025,-1341200,-157610020000,117(-1.52 %),1500000,177136470000,2841200,334746490000,120142534,40.89
19/06/2025,-3346000,-388883880000,116(-0.85 %),132100,15390790000,3478100,404274670000,120142534,40.89
20/06/2025,-1354600,-157231940000,116.1(0.09 %),981300,113972290000,2335900,271204230000,121443814,40.8
23/06/2025,339200,39444330000,115.9(-0.17 %),1872800,217047850000,1533600,177603520000,124450532,40.6
24/06/2025,390300,45505430000,116.5(0.52 %),1750500,204015730000,1360200,158510300000,125414613,40.53
25/06/2025,455600,54072440000,117.1(0.52 %),1105000,130769180000,649400,76696740000,124958592,40.56
26/06/2025,-1430200,-167435190000,117(-0.09 %),302200,35424470000,1732400,202859660000,124958592,40.56
27/06/2025,-1621500,-191027300000,117.3(0.26 %),438800,51685840000,2060300,242713140000,124958592,40.56
30/06/2025,13900,1754910000,118.2(0.77 %),1219600,144560830000,1205700,142805920000,126375006,40.47
01/07/2025,436900,51949590000,118.8(0.51 %),1150400,136748710000,713500,84799120000,127259359,40.41
02/07/2025,-46900,-5469880000,118.6(-0.17 %),435500,51465480000,482400,56935360000,127259359,40.41
03/07/2025,265300,31692710000,118(-0.51 %),815600,96948080000,550300,65255370000,126993996,40.43
04/07/2025,3732500,452199480000,122.5(3.81 %),4541800,549792710000,809300,97593230000,123458047,40.67
07/07/2025,2324100,287907500000,123.8(1.06 %),3096200,383571930000,772100,95664430000,121133700,40.82
08/07/2025,2769600,345829860000,124.5(0.57 %),4269000,533065920000,1499400,187236060000,118364032,41.01
09/07/2025,-681900,-83512000000,122.8(-1.37 %),3902000,481673600000,4583900,565185600000,118362932,41.01
10/07/2025,410900,51009770000,123.9(0.90 %),1704600,211376860000,1293700,160367090000,118362932,41.01
11/07/2025,330800,41102560000,126.6(2.18 %),2921600,368591430000,2590800,327488870000,118303260,41.01
14/07/2025,514300,64757300000,127.1(0.39 %),1506800,190613900000,992500,125856600000,117788972,41.05
15/07/2025,646300,81958200000,126(-0.87 %),1462000,185526290000,815700,103568090000,117142662,41.09
16/07/2025,19700,2486890000,126.3(0.24 %),882000,111090940000,862300,108604050000,117140440,41.09
17/07/2025,-334600,-42778960000,127(0.55 %),2113200,268885690000,2447800,311664650000,117140440,41.09
18/07/2025,-1280500,-162313890000,126(-0.79 %),199100,25207800000,1479600,187521690000,117105040,41.09
21/07/2025,-1282400,-142553660000,110.3(0.64 %),415800,46337590000,1698200,188891250000,117434891,41.07
22/07/2025,494000,55693810000,112.1(1.63 %),2768500,307618000000,2274500,251924190000,118411056,41.01
23/07/2025,-731400,-82039650000,111.8(-0.27 %),147300,16499620000,878700,98539270000,119691502,40.92
24/07/2025,-985700,-109662830000,111.1(-0.63 %),1978600,220075160000,2964300,329737990000,119691502,40.92
25/07/2025,-2007700,-222278680000,110.7(-0.36 %),112900,12514350000,2120600,234793030000,120424276,40.87
28/07/2025,-1349200,-149731270000,111.3(0.54 %),688600,76489000000,2037800,226220270000,121360046,40.81
29/07/2025,-5638100,-615428290000,106(-4.76 %),551100,60413790000,6189200,675842080000,123364794,40.67
30/07/2025,-1093500,-116483670000,106.1(0.09 %),1226200,130546040000,2319700,247029710000,124714699,40.58
31/07/2025,-2201500,-230059670000,104(-1.98 %),461900,48197590000,2663400,278257260000,130352861,40.2
01/08/2025,-2776900,-287627910000,107(2.88 %),1479500,151795340000,4256400,439423250000,131446621,40.13
04/08/2025,-1037500,-109394990000,106.6(-0.37 %),802700,84989420000,1840200,194384410000,133649324,39.98
05/08/2025,-1246200,-132978200000,105.8(-0.75 %),1877500,200649020000,3123700,333627220000,136426142,39.79
06/08/2025,-7354300,-772275360000,104.9(-0.85 %),1245900,130872650000,8600200,903148010000,137463542,39.72
07/08/2025,-3476000,-367840980000,106.2(1.24 %),1027500,109187180000,4503500,477028160000,138818981,39.63
08/08/2025,-1271100,-134248270000,105.6(-0.56 %),1669900,176278090000,2941000,310526360000,146201362,39.13
11/08/2025,-1152700,-122924640000,106.4(0.76 %),1231900,131841820000,2384600,254766460000,149671971,38.9
12/08/2025,-1598800,-171313160000,107.5(1.03 %),1999200,214619750000,3598000,385932910000,150934514,38.81
13/08/2025,-10207000,-1077589230000,105.1(-2.23 %),1869100,197223500000,12076100,1274812730000,152087212,38.73
14/08/2025,-3602400,-374959130000,103.8(-1.24 %),4045100,421382740000,7647500,796341870000,153682531,38.63
15/08/2025,-4963500,-507676670000,101.4(-2.31 %),1138700,117242090000,6102200,624918760000,163884997,37.94
18/08/2025,-1629300,-164367410000,100.5(-0.89 %),1165400,118073400000,2794700,282440810000,167487306,37.69
19/08/2025,-1570200,-157680300000,100.3(-0.20 %),850000,85379880000,2420200,243060180000,172450582,37.36
20/08/2025,-1818600,-179181390000,97.7(-2.59 %),4663800,462542240000,6482400,641723630000,173994010,37.25
21/08/2025,-130300,-13758860000,101.7(4.09 %),966600,95024700000,1096900,108783560000,175549425,37.15
22/08/2025,-774200,-77394670000,99(-2.65 %),623900,62242620000,1398100,139637290000,175549425,37.15
25/08/2025,-1766800,-176876640000,98.8(-0.20 %),293400,29298230000,2060200,206174870000,177367591,37.03
26/08/2025,-535200,-52632130000,0(-100.00 %),509300,50457150000,1044500,103089280000,195317255,43.16
