Ngay,KLGDRong,GTDGRong,ThayDoi,KLMua,GtMua,KLBan,GtBan,RoomConLai,DangSoHuu
12/07/2006,383060,29878680,0(0.00 %),383060,29878680,0,0,0,0.0
13/07/2006,1026400,82804945,0(0.00 %),1026400,82804945,0,0,0,0.0
14/07/2006,597890,48474075,0(0.00 %),597890,48474075,0,0,0,0.0
17/07/2006,1145500,89288045,0(0.00 %),1145500,89288045,0,0,0,0.0
18/07/2006,755010,57003255,0(0.00 %),763010,57607255,8000,604000,0,0.0
19/07/2006,580840,42759830,0(0.00 %),580840,42759830,0,0,0,0.0
20/07/2006,524420,39576955,0(0.00 %),524420,39576955,0,0,0,0.0
21/07/2006,428730,32264710,0(0.00 %),428730,32264710,0,0,0,0.0
24/07/2006,161850,11951895,0(0.00 %),161850,11951895,0,0,0,0.0
25/07/2006,202400,14395400,0(0.00 %),202400,14395400,0,0,0,0.0
26/07/2006,59680,4089205,0(0.00 %),59680,4089205,0,0,0,0.0
27/07/2006,108580,7437230,0(0.00 %),112580,7709230,4000,272000,0,0.0
28/07/2006,3860,262125,0(0.00 %),5360,364125,1500,102000,0,0.0
31/07/2006,39770,2583265,0(0.00 %),39770,2583265,0,0,0,0.0
01/08/2006,32400,1992600,0(0.00 %),32400,1992600,0,0,0,0.0
02/08/2006,100500,5879250,0(0.00 %),100500,5879250,0,0,0,0.0
03/08/2006,-5200,-317200,0(0.00 %),200,12200,5400,329400,0,0.0
04/08/2006,-1550,-99200,0(0.00 %),0,0,1550,99200,0,0.0
07/08/2006,24310,1593320,0(0.00 %),33710,2171420,9400,578100,0,0.0
08/08/2006,-8090,-506535,0(0.00 %),910,55965,9000,562500,0,0.0
09/08/2006,110410,6636800,0(0.00 %),110410,6636800,0,0,0,0.0
10/08/2006,820,49835,0(0.00 %),820,49835,0,0,0,0.0
11/08/2006,57940,3577480,0(0.00 %),57940,3577480,0,0,0,0.0
14/08/2006,6550,419675,0(0.00 %),7550,483675,1000,64000,0,0.0
15/08/2006,185980,11930375,0(0.00 %),185980,11930375,0,0,0,0.0
16/08/2006,-13300,-862350,0(0.00 %),4700,303150,18000,1165500,0,0.0
17/08/2006,304020,20357390,0(0.00 %),305020,20424390,1000,67000,0,0.0
18/08/2006,196030,13030545,0(0.00 %),196130,13037095,100,6550,0,0.0
21/08/2006,400,26000,0(0.00 %),400,26000,0,0,0,0.0
22/08/2006,2740,172855,0(0.00 %),2770,174745,30,1890,0,0.0
23/08/2006,200,12500,0(0.00 %),200,12500,0,0,0,0.0
24/08/2006,23900,1529600,0(0.00 %),23900,1529600,0,0,0,0.0
25/08/2006,610,39040,0(0.00 %),1110,71040,500,32000,0,0.0
28/08/2006,30,1905,0(0.00 %),30,1905,0,0,0,0.0
29/08/2006,-1070,-69550,0(0.00 %),0,0,1070,69550,0,0.0
31/08/2006,400,26200,0(0.00 %),500,32750,100,6550,0,0.0
05/09/2006,410,28905,0(0.00 %),420,29610,10,705,0,0.0
06/09/2006,650,47450,0(0.00 %),650,47450,0,0,0,0.0
07/09/2006,-5900,-413000,0(0.00 %),100,7000,6000,420000,0,0.0
08/09/2006,-100,-7000,0(0.00 %),0,0,100,7000,0,0.0
11/09/2006,10,705,0(0.00 %),10,705,0,0,0,0.0
14/09/2006,6100,421000,0(0.00 %),6100,421000,0,0,0,0.0
03/10/2006,-420,-30240,0(0.00 %),0,0,420,30240,0,0.0
05/10/2006,-100,-7300,0(0.00 %),0,0,100,7300,0,0.0
09/10/2006,420,30660,0(0.00 %),420,30660,0,0,0,0.0
11/10/2006,100,7100,0(0.00 %),100,7100,0,0,0,0.0
16/10/2006,-3000,-193500,0(0.00 %),0,0,3000,193500,0,0.0
20/10/2006,3000,189000,0(0.00 %),3000,189000,0,0,0,0.0
01/11/2006,-20000,-1210000,0(0.00 %),0,0,20000,1210000,0,0.0
03/11/2006,-200,-12100,0(0.00 %),0,0,200,12100,0,0.0
07/11/2006,20000,1230000,0(0.00 %),20000,1230000,0,0,0,0.0
09/11/2006,200,12200,0(0.00 %),200,12200,0,0,0,0.0
23/11/2006,-24100,-1530500,65(4.84 %),0,0,24100,1530500,0,0.0
24/11/2006,-5150,-350200,68(4.62 %),0,0,5150,350200,0,0.0
27/11/2006,-1000,-65000,65(-4.41 %),0,0,1000,65000,0,0.0
28/11/2006,-440,-29480,66(1.54 %),0,0,440,29480,0,0.0
29/11/2006,24100,1566500,63.5(-3.79 %),24100,1566500,0,0,0,0.0
30/11/2006,3150,201600,64(0.79 %),5150,329600,2000,128000,0,0.0
01/12/2006,1000,64000,64(0.00 %),1000,64000,0,0,0,0.0
04/12/2006,440,28600,64(0.00 %),440,28600,0,0,0,0.0
06/12/2006,-1200,-76150,63.5(0.00 %),2000,127050,3200,203200,0,0.0
07/12/2006,-8160,-532725,66.5(4.72 %),0,0,8160,532725,0,0.0
12/12/2006,3200,217600,66(-2.94 %),3200,217600,0,0,0,0.0
13/12/2006,8160,538560,66(0.00 %),8160,538560,0,0,0,0.0
15/12/2006,-4840,-319440,67(3.08 %),0,0,4840,319440,0,0.0
20/12/2006,-950,-68875,73(4.29 %),0,0,950,68875,0,0.0
21/12/2006,4840,367840,71(-2.74 %),4840,367840,0,0,0,0.0
26/12/2006,950,68875,72(0.70 %),950,68875,0,0,0,0.0
27/12/2006,-1300,-94250,72.5(0.69 %),0,0,1300,94250,0,0.0
29/12/2006,-2000,-142000,72(0.70 %),0,0,2000,142000,0,0.0
01/03/2007,-1430,-160730000,111(2.78 %),0,0,1430,160730000,0,0.0
02/03/2007,-1320,-149160000,116(4.50 %),220,24860000,1540,174020000,0,0.0
05/03/2007,0,0,121(4.31 %),0,0,0,0,0,0.0
06/03/2007,0,0,127(4.96 %),0,0,0,0,0,0.0
07/03/2007,0,0,133(4.72 %),0,0,0,0,0,0.0
08/03/2007,1400,194600000,139(4.51 %),1400,194600000,0,0,0,0.0
09/03/2007,-16430,-2300200000,140(0.72 %),1570,219800000,18000,2520000000,0,0.0
12/03/2007,-660,-97020000,147(5.00 %),0,0,660,97020000,0,0.0
13/03/2007,0,0,154(4.76 %),0,0,0,0,0,0.0
14/03/2007,0,0,147(-4.55 %),0,0,0,0,0,0.0
15/03/2007,18000,2520000000,140(-4.76 %),18000,2520000000,0,0,0,0.0
16/03/2007,460,67620000,147(5.00 %),660,97020000,200,29400000,0,0.0
19/03/2007,-500,-77000000,154(4.76 %),0,0,500,77000000,0,0.0
20/03/2007,-660,-106260000,161(4.55 %),0,0,660,106260000,0,0.0
21/03/2007,0,0,167(3.73 %),0,0,0,0,0,0.0
22/03/2007,200,33400000,165(-1.20 %),200,33400000,0,0,0,0.0
23/03/2007,500,82500000,160(-3.03 %),500,82500000,0,0,0,0.0
26/03/2007,600,92100000,152(-5.00 %),600,92100000,0,0,0,0.0
27/03/2007,60,8700000,145(-4.61 %),60,8700000,0,0,0,0.0
28/03/2007,0,0,152(4.83 %),0,0,0,0,0,0.0
29/03/2007,0,0,154(1.32 %),0,0,0,0,0,0.0
30/03/2007,-13330,-1999500000,148(-3.90 %),0,0,13330,1999500000,0,0.0
02/04/2007,0,0,145(-2.03 %),0,0,0,0,0,0.0
03/04/2007,0,0,144(-0.69 %),0,0,0,0,0,0.0
04/04/2007,-220,-32340000,147(2.08 %),0,0,220,32340000,0,0.0
05/04/2007,13330,1959510000,146(-0.68 %),13330,1959510000,0,0,0,0.0
06/04/2007,0,0,145(-0.68 %),0,0,0,0,0,0.0
09/04/2007,-220,-32340000,147(1.38 %),0,0,220,32340000,0,0.0
10/04/2007,160,23680000,146(-0.68 %),220,32560000,60,8880000,0,0.0
11/04/2007,0,0,146(0.00 %),0,0,0,0,0,0.0
12/04/2007,0,0,145(-0.68 %),0,0,0,0,0,0.0
13/04/2007,220,31680000,142(-2.07 %),220,31680000,0,0,0,0.0
16/04/2007,-240,-32220000,135(-4.93 %),60,8280000,300,40500000,0,0.0
17/04/2007,0,0,134(-0.74 %),0,0,0,0,0,0.0
18/04/2007,-660,-92400000,140(4.48 %),0,0,660,92400000,0,0.0
19/04/2007,0,0,147(5.00 %),0,0,0,0,0,0.0
20/04/2007,300,42900000,141(-4.08 %),300,42900000,0,0,0,0.0
23/04/2007,-40,-5440000,136(-3.55 %),0,0,40,5440000,0,0.0
24/04/2007,660,91080000,138(1.47 %),660,91080000,0,0,0,0.0
25/04/2007,0,0,140(1.45 %),0,0,0,0,0,0.0
02/05/2007,0,0,139(-0.71 %),0,0,0,0,0,0.0
03/05/2007,40,5560000,138(-0.72 %),40,5560000,0,0,0,0.0
04/05/2007,0,0,138(0.00 %),0,0,0,0,0,0.0
07/05/2007,0,0,142(2.90 %),0,0,0,0,0,0.0
08/05/2007,0,0,144(1.41 %),0,0,0,0,0,0.0
09/05/2007,-37990,-5394580000,142(-1.39 %),0,0,37990,5394580000,0,0.0
10/05/2007,0,0,141(-0.70 %),0,0,0,0,0,0.0
11/05/2007,0,0,148(4.96 %),0,0,0,0,0,0.0
14/05/2007,0,0,152(2.70 %),0,0,0,0,0,0.0
15/05/2007,37990,5774480000,150(-1.32 %),37990,5774480000,0,0,0,0.0
16/05/2007,0,0,149(-0.67 %),0,0,0,0,0,0.0
17/05/2007,0,0,154(3.36 %),0,0,0,0,0,0.0
18/05/2007,-6200,-967200000,157(1.95 %),0,0,6200,967200000,0,0.0
21/05/2007,0,0,161(2.55 %),0,0,0,0,0,0.0
22/05/2007,-60,-10140000,168(4.35 %),0,0,60,10140000,0,0.0
23/05/2007,0,0,163(-2.98 %),0,0,0,0,0,0.0
24/05/2007,6200,1004400000,160(-1.84 %),6200,1004400000,0,0,0,0.0
25/05/2007,-4000,-664000000,166(3.75 %),0,0,4000,664000000,0,0.0
28/05/2007,60,10140000,166(0.00 %),60,10140000,0,0,0,0.0
29/05/2007,-2000,-340000000,166(0.00 %),0,0,2000,340000000,0,0.0
30/05/2007,0,0,161(-3.01 %),0,0,0,0,0,0.0
31/05/2007,4000,644000000,161(0.00 %),4000,644000000,0,0,0,0.0
01/06/2007,0,0,156(-3.11 %),0,0,0,0,0,0.0
04/06/2007,0,0,149(-4.49 %),0,0,0,0,0,0.0
05/06/2007,0,0,144(-3.36 %),0,0,0,0,0,0.0
06/06/2007,-110,-15840000,144(0.00 %),0,0,110,15840000,0,0.0
07/06/2007,0,0,78.5(4.67 %),0,0,0,0,0,0.0
08/06/2007,0,0,78.5(0.00 %),0,0,0,0,0,0.0
11/06/2007,0,0,75(-4.46 %),0,0,0,0,0,0.0
12/06/2007,110,8030000,72.5(-3.33 %),110,8030000,0,0,0,0.0
13/06/2007,0,0,74.5(2.76 %),0,0,0,0,0,0.0
14/06/2007,0,0,75(0.67 %),0,0,0,0,0,0.0
15/06/2007,-480,-35520000,74(-1.33 %),0,0,480,35520000,0,0.0
18/06/2007,-440,-32120000,73(-1.35 %),0,0,440,32120000,0,0.0
19/06/2007,-560,-40600000,72(-1.37 %),0,0,560,40600000,0,0.0
20/06/2007,0,0,71(-1.39 %),0,0,0,0,0,0.0
21/06/2007,480,33600000,68.5(-3.52 %),480,33600000,0,0,0,0.0
22/06/2007,440,29920000,67(-2.19 %),440,29920000,0,0,0,0.0
25/06/2007,560,37520000,68.5(2.24 %),560,37520000,0,0,0,0.0
26/06/2007,0,0,69.5(1.46 %),0,0,0,0,0,0.0
27/06/2007,-1110,-75480000,68(-2.16 %),0,0,1110,75480000,0,0.0
28/06/2007,0,0,67(-1.47 %),0,0,0,0,0,0.0
29/06/2007,0,0,66(-1.49 %),0,0,0,0,0,0.0
02/07/2007,0,0,63.5(-3.79 %),0,0,0,0,0,0.0
03/07/2007,1110,68265000,61(-3.94 %),1110,68265000,0,0,0,0.0
04/07/2007,0,0,64(4.92 %),0,0,0,0,0,0.0
05/07/2007,0,0,62.5(-2.34 %),0,0,0,0,0,0.0
06/07/2007,0,0,62(-0.80 %),0,0,0,0,0,0.0
09/07/2007,0,0,63(1.61 %),0,0,0,0,0,0.0
10/07/2007,0,0,63.5(0.79 %),0,0,0,0,0,0.0
11/07/2007,0,0,64(0.79 %),0,0,0,0,0,0.0
12/07/2007,0,0,63(-1.56 %),0,0,0,0,0,0.0
13/07/2007,0,0,63(0.00 %),0,0,0,0,0,0.0
16/07/2007,0,0,61.5(-2.38 %),0,0,0,0,0,0.0
17/07/2007,-260,-16075000,62(0.81 %),0,0,260,16075000,0,0.0
18/07/2007,0,0,62(0.00 %),0,0,0,0,0,0.0
19/07/2007,0,0,61(-1.61 %),0,0,0,0,0,0.0
20/07/2007,0,0,61(0.00 %),0,0,0,0,0,0.0
23/07/2007,260,15860000,60.5(-0.82 %),260,15860000,0,0,0,0.0
24/07/2007,0,0,60(-0.83 %),0,0,0,0,0,0.0
25/07/2007,0,0,59.5(-0.83 %),0,0,0,0,0,0.0
26/07/2007,0,0,58.5(-1.68 %),0,0,0,0,0,0.0
27/07/2007,0,0,58.5(0.00 %),0,0,0,0,0,0.0
30/07/2007,0,0,57(-2.56 %),0,0,0,0,0,0.0
31/07/2007,0,0,54.5(-4.39 %),0,0,0,0,0,0.0
01/08/2007,0,0,57(4.59 %),0,0,0,0,0,0.0
02/08/2007,0,0,57(0.00 %),0,0,0,0,0,0.0
03/08/2007,0,0,56(-1.75 %),0,0,0,0,0,0.0
06/08/2007,0,0,55(-1.79 %),0,0,0,0,0,0.0
07/08/2007,0,0,56(1.82 %),0,0,0,0,0,0.0
08/08/2007,-20,-1120000,56(0.00 %),0,0,20,1120000,0,0.0
09/08/2007,0,0,57.5(2.68 %),0,0,0,0,0,0.0
10/08/2007,0,0,57(-0.87 %),0,0,0,0,0,0.0
13/08/2007,0,0,56(-1.75 %),0,0,0,0,0,0.0
14/08/2007,20,1120000,56.5(0.89 %),20,1120000,0,0,0,0.0
15/08/2007,0,0,56(-0.88 %),0,0,0,0,0,0.0
16/08/2007,-44000,-2420000000,55(-1.79 %),0,0,44000,2420000000,0,0.0
17/08/2007,0,0,53.5(-2.73 %),0,0,0,0,0,0.0
20/08/2007,0,0,52(-2.80 %),0,0,0,0,0,0.0
21/08/2007,1205320,65689940000,52.5(0.96 %),1209380,65911210000,4060,221270000,0,0.0
22/08/2007,0,0,51(-2.86 %),0,0,0,0,0,0.0
23/08/2007,0,0,51(0.00 %),0,0,0,0,0,0.0
24/08/2007,-5170,-268840000,53.5(4.90 %),0,0,5170,268840000,0,0.0
27/08/2007,-620,-33170000,53.5(0.00 %),0,0,620,33170000,0,0.0
28/08/2007,0,0,53(-0.93 %),0,0,0,0,0,0.0
29/08/2007,0,0,53(0.00 %),0,0,0,0,0,0.0
30/08/2007,0,0,53(0.00 %),0,0,0,0,0,0.0
31/08/2007,0,0,53.5(0.94 %),0,0,0,0,0,0.0
04/09/2007,0,0,55(2.80 %),0,0,0,0,0,0.0
05/09/2007,-7490,-419440000,54.5(-0.91 %),0,0,7490,419440000,0,0.0
06/09/2007,0,0,55(0.92 %),0,0,0,0,0,0.0
07/09/2007,0,0,55(0.00 %),0,0,0,0,0,0.0
10/09/2007,-14900,-834400000,55(0.00 %),0,0,14900,834400000,0,0.0
11/09/2007,0,0,54.5(-0.91 %),0,0,0,0,0,0.0
12/09/2007,0,0,55(0.92 %),0,0,0,0,0,0.0
13/09/2007,0,0,55(0.00 %),0,0,0,0,0,0.0
14/09/2007,-5100,-283050000,55.5(0.91 %),0,0,5100,283050000,0,0.0
17/09/2007,-30000,-1680000000,56.5(1.80 %),0,0,30000,1680000000,0,0.0
18/09/2007,0,0,59(4.42 %),0,0,0,0,0,0.0
19/09/2007,0,0,61.5(4.24 %),0,0,0,0,0,0.0
20/09/2007,-1930,-124485000,64.5(4.88 %),0,0,1930,124485000,0,0.0
21/09/2007,0,0,63.5(-1.55 %),0,0,0,0,0,0.0
24/09/2007,0,0,66.5(4.72 %),0,0,0,0,0,0.0
25/09/2007,0,0,69.5(4.51 %),0,0,0,0,0,0.0
26/09/2007,0,0,71(2.16 %),0,0,0,0,0,0.0
27/09/2007,0,0,68.5(-3.52 %),0,0,0,0,0,0.0
28/09/2007,0,0,70(2.19 %),0,0,0,0,0,0.0
01/10/2007,0,0,70.5(0.71 %),0,0,0,0,0,0.0
02/10/2007,0,0,69.5(-1.42 %),0,0,0,0,0,0.0
03/10/2007,0,0,69(-0.72 %),0,0,0,0,0,0.0
04/10/2007,0,0,68.5(-0.72 %),0,0,0,0,0,0.0
05/10/2007,0,0,68(-0.73 %),0,0,0,0,0,0.0
08/10/2007,-600,-41700000,71(4.41 %),0,0,600,41700000,0,0.0
09/10/2007,0,0,74(4.23 %),150000,11175000000,150000,11175000000,0,0.0
10/10/2007,0,0,72.5(-2.03 %),300000,23250000000,300000,23250000000,0,0.0
11/10/2007,0,0,73(0.69 %),149010,11324760000,149010,11324760000,0,0.0
12/10/2007,0,0,73(0.00 %),0,0,0,0,0,0.0
15/10/2007,0,0,72.5(-0.68 %),0,0,0,0,0,0.0
16/10/2007,0,0,71.5(-1.38 %),0,0,0,0,0,0.0
17/10/2007,0,0,71(-0.70 %),0,0,0,0,0,0.0
18/10/2007,0,0,69(-2.82 %),26160,1948920000,26160,1948920000,0,0.0
19/10/2007,0,0,72(4.35 %),0,0,0,0,0,0.0
22/10/2007,0,0,70.5(-2.08 %),0,0,0,0,0,0.0
23/10/2007,0,0,69.5(-1.42 %),0,0,0,0,0,0.0
24/10/2007,0,0,70(0.72 %),0,0,0,0,0,0.0
25/10/2007,0,0,69.5(-0.71 %),0,0,0,0,0,0.0
26/10/2007,0,0,69.5(0.00 %),0,0,0,0,0,0.0
29/10/2007,0,0,68.5(-1.44 %),0,0,0,0,0,0.0
30/10/2007,0,0,68(-0.73 %),0,0,0,0,0,0.0
31/10/2007,0,0,67.5(-0.74 %),0,0,0,0,0,0.0
01/11/2007,0,0,69.5(2.96 %),0,0,0,0,0,0.0
02/11/2007,0,0,68(-2.16 %),0,0,0,0,0,0.0
05/11/2007,0,0,67(-1.47 %),0,0,0,0,0,0.0
06/11/2007,0,0,66(-1.49 %),0,0,0,0,0,0.0
07/11/2007,0,0,67(1.52 %),0,0,0,0,0,0.0
08/11/2007,0,0,67(0.00 %),0,0,0,0,0,0.0
09/11/2007,0,0,66(-1.49 %),0,0,0,0,0,0.0
12/11/2007,0,0,63.5(-3.79 %),0,0,0,0,0,0.0
13/11/2007,0,0,61(-3.94 %),0,0,0,0,0,0.0
14/11/2007,0,0,64(4.92 %),0,0,0,0,0,0.0
15/11/2007,0,0,66.5(3.91 %),0,0,0,0,0,0.0
16/11/2007,0,0,65(-2.26 %),0,0,0,0,0,0.0
19/11/2007,0,0,65(0.00 %),0,0,0,0,0,0.0
20/11/2007,-400,-26000000,64.5(-0.77 %),0,0,400,26000000,0,0.0
21/11/2007,0,0,64(-0.78 %),0,0,0,0,0,0.0
22/11/2007,0,0,65(1.56 %),0,0,0,0,0,0.0
23/11/2007,0,0,67(3.08 %),0,0,0,0,0,0.0
26/11/2007,0,0,69(2.99 %),0,0,0,0,0,0.0
27/11/2007,0,0,67.5(-2.17 %),0,0,0,0,0,0.0
28/11/2007,0,0,68(0.74 %),0,0,0,0,0,0.0
29/11/2007,0,0,68.5(0.74 %),0,0,0,0,0,0.0
30/11/2007,0,0,68.5(0.00 %),0,0,0,0,0,0.0
03/12/2007,0,0,70(2.19 %),0,0,0,0,0,0.0
04/12/2007,0,0,70(0.00 %),0,0,0,0,0,0.0
05/12/2007,0,0,68.5(-2.14 %),0,0,0,0,0,0.0
06/12/2007,0,0,68(-0.73 %),0,0,0,0,0,0.0
07/12/2007,0,0,68.5(0.74 %),0,0,0,0,0,0.0
10/12/2007,0,0,67.5(-1.46 %),0,0,0,0,0,0.0
11/12/2007,0,0,66.5(-1.48 %),0,0,0,0,0,0.0
12/12/2007,0,0,66.5(0.00 %),0,0,0,0,0,0.0
13/12/2007,0,0,65.5(-1.50 %),0,0,0,0,0,0.0
14/12/2007,0,0,66(0.76 %),0,0,0,0,0,0.0
17/12/2007,0,0,65.5(-0.76 %),0,0,0,0,0,0.0
18/12/2007,-60,-3900000,65.5(0.00 %),0,0,60,3900000,0,0.0
19/12/2007,0,0,67.5(3.05 %),0,0,0,0,0,0.0
20/12/2007,0,0,66(-2.22 %),0,0,0,0,0,0.0
21/12/2007,0,0,66.5(0.76 %),0,0,0,0,0,0.0
24/12/2007,0,0,66.5(0.00 %),0,0,0,0,0,0.0
25/12/2007,0,0,64.5(-3.01 %),703170,48870315000,703170,48870315000,0,0.0
26/12/2007,0,0,65.5(1.55 %),0,0,0,0,0,0.0
27/12/2007,0,0,65(-0.76 %),0,0,0,0,0,0.0
28/12/2007,-10,-655000,65.5(0.77 %),0,0,10,655000,0,0.0
02/01/2008,0,0,64.5(-1.53 %),0,0,0,0,0,0.0
03/01/2008,0,0,63.5(-1.55 %),0,0,0,0,0,0.0
04/01/2008,0,0,64(0.79 %),0,0,0,0,0,0.0
07/01/2008,0,0,62.5(-2.34 %),0,0,0,0,0,0.0
08/01/2008,0,0,63(0.80 %),0,0,0,0,0,0.0
09/01/2008,0,0,61.5(-2.38 %),0,0,0,0,0,0.0
10/01/2008,-200,-12100000,60.5(-1.63 %),0,0,200,12100000,0,0.0
11/01/2008,0,0,61.5(1.65 %),0,0,0,0,0,0.0
14/01/2008,0,0,60(-2.44 %),750000,48375000000,750000,48375000000,0,0.0
15/01/2008,-1060,-61860000,58(-3.33 %),0,0,1060,61860000,0,0.0
16/01/2008,0,0,60.5(4.31 %),0,0,0,0,0,0.0
17/01/2008,0,0,61(0.83 %),0,0,0,0,0,0.0
18/01/2008,0,0,62(1.64 %),0,0,0,0,0,0.0
21/01/2008,0,0,61.5(-0.81 %),1500000,97500000000,1500000,97500000000,0,0.0
22/01/2008,0,0,60(-2.44 %),0,0,0,0,0,0.0
23/01/2008,0,0,58.5(-2.50 %),0,0,0,0,0,0.0
24/01/2008,0,0,57.5(-1.71 %),0,0,0,0,0,0.0
25/01/2008,0,0,58.5(1.74 %),0,0,0,0,0,0.0
28/01/2008,0,0,59.5(1.71 %),0,0,0,0,0,0.0
29/01/2008,0,0,61.5(3.36 %),0,0,0,0,0,0.0
30/01/2008,-60,-3810000,64.5(4.88 %),0,0,60,3810000,0,0.0
31/01/2008,0,0,64.5(0.00 %),3000000,202500000000,3000000,202500000000,0,0.0
01/02/2008,0,0,64.5(0.00 %),0,0,0,0,0,0.0
12/02/2008,0,0,62.5(-3.10 %),0,0,0,0,0,0.0
13/02/2008,0,0,61.5(-1.60 %),0,0,0,0,0,0.0
14/02/2008,0,0,62(0.81 %),0,0,0,0,0,0.0
15/02/2008,0,0,61.5(-0.81 %),0,0,0,0,0,0.0
18/02/2008,0,0,59(-4.07 %),0,0,0,0,0,0.0
19/02/2008,-600,-34200000,58.5(-0.85 %),0,0,600,34200000,0,0.0
20/02/2008,0,0,56(-4.27 %),0,0,0,0,0,0.0
21/02/2008,0,0,53.5(-4.46 %),0,0,0,0,0,0.0
22/02/2008,0,0,53(-0.93 %),0,0,0,0,0,0.0
25/02/2008,0,0,55.5(4.72 %),0,0,0,0,0,0.0
26/02/2008,0,0,53(-4.50 %),0,0,0,0,0,0.0
27/02/2008,-630,-33075000,52.5(-0.94 %),0,0,630,33075000,0,0.0
28/02/2008,0,0,52(-0.95 %),0,0,0,0,0,0.0
29/02/2008,0,0,51.5(-0.96 %),0,0,0,0,0,0.0
03/03/2008,-1100,-56100000,49(-4.85 %),0,0,1100,56100000,0,0.0
04/03/2008,0,0,46.6(-4.90 %),0,0,0,0,0,0.0
05/03/2008,0,0,44.3(-4.94 %),0,0,0,0,0,0.0
06/03/2008,0,0,46.5(4.97 %),0,0,0,0,0,0.0
07/03/2008,0,0,48.8(4.95 %),0,0,0,0,0,0.0
10/03/2008,0,0,50.5(3.48 %),0,0,0,0,0,0.0
11/03/2008,0,0,48(-4.95 %),0,0,0,0,0,0.0
12/03/2008,0,0,49(2.08 %),0,0,0,0,0,0.0
13/03/2008,0,0,49.2(0.41 %),0,0,0,0,0,0.0
14/03/2008,0,0,48.8(-0.81 %),0,0,0,0,0,0.0
17/03/2008,0,0,46.4(-4.92 %),0,0,0,0,0,0.0
18/03/2008,0,0,44.1(-4.96 %),0,0,0,0,0,0.0
19/03/2008,0,0,42(-4.76 %),0,0,0,0,0,0.0
20/03/2008,0,0,40.2(-4.29 %),0,0,0,0,0,0.0
21/03/2008,0,0,38.2(-4.98 %),0,0,0,0,0,0.0
24/03/2008,0,0,36.3(-4.97 %),0,0,0,0,0,0.0
25/03/2008,0,0,34.5(-4.96 %),0,0,0,0,0,0.0
26/03/2008,0,0,36.2(4.93 %),0,0,0,0,0,0.0
27/03/2008,0,0,36.5(0.83 %),0,0,0,0,0,0.0
28/03/2008,0,0,36.8(0.82 %),0,0,0,0,0,0.0
31/03/2008,0,0,37.1(0.82 %),0,0,0,0,0,0.0
01/04/2008,0,0,37.4(0.81 %),0,0,0,0,0,0.0
02/04/2008,0,0,37.7(0.80 %),0,0,0,0,0,0.0
03/04/2008,0,0,38(0.80 %),0,0,0,0,0,0.0
04/04/2008,0,0,38.3(0.79 %),0,0,0,0,0,0.0
07/04/2008,0,0,39(1.83 %),0,0,0,0,0,0.0
08/04/2008,0,0,39.7(1.79 %),0,0,0,0,0,0.0
09/04/2008,0,0,40.4(1.76 %),0,0,0,0,0,0.0
10/04/2008,0,0,39.6(-1.98 %),0,0,0,0,0,0.0
11/04/2008,0,0,38.9(-1.77 %),0,0,0,0,0,0.0
16/04/2008,0,0,38.2(-1.80 %),0,0,0,0,0,0.0
17/04/2008,0,0,38.9(1.83 %),0,0,0,0,0,0.0
18/04/2008,0,0,38.2(-1.80 %),0,0,0,0,0,0.0
21/04/2008,0,0,37.5(-1.83 %),0,0,0,0,0,0.0
22/04/2008,0,0,36.8(-1.87 %),0,0,0,0,0,0.0
23/04/2008,0,0,36.1(-1.90 %),0,0,0,0,0,0.0
24/04/2008,0,0,35.4(-1.94 %),0,0,0,0,0,0.0
25/04/2008,0,0,34.7(-1.98 %),0,0,0,0,0,0.0
28/04/2008,0,0,34.1(-1.73 %),0,0,0,0,0,0.0
29/04/2008,0,0,33.5(-1.76 %),0,0,0,0,0,0.0
05/05/2008,0,0,32.9(-1.79 %),0,0,0,0,0,0.0
06/05/2008,0,0,32.3(-1.82 %),0,0,0,0,0,0.0
07/05/2008,0,0,31.7(-1.86 %),0,0,0,0,0,0.0
08/05/2008,0,0,31.1(-1.89 %),0,0,0,0,0,0.0
09/05/2008,0,0,30.5(-1.93 %),0,0,0,0,0,0.0
12/05/2008,0,0,29.9(-1.97 %),0,0,0,0,0,0.0
13/05/2008,0,0,29.4(-1.67 %),0,0,0,0,0,0.0
14/05/2008,-1990,-57511000,28.9(-1.70 %),30000,867000000,31990,924511000,0,0.0
15/05/2008,0,0,28.4(-1.73 %),22000,624800000,22000,624800000,0,0.0
16/05/2008,0,0,27.9(-1.76 %),0,0,0,0,0,0.0
19/05/2008,0,0,27.4(-1.79 %),0,0,0,0,0,0.0
20/05/2008,0,0,26.9(-1.82 %),0,0,0,0,0,0.0
21/05/2008,0,0,26.4(-1.86 %),0,0,0,0,0,0.0
22/05/2008,0,0,25.9(-1.89 %),0,0,0,0,0,0.0
23/05/2008,0,0,25.4(-1.93 %),0,0,0,0,0,0.0
26/05/2008,0,0,24.9(-1.97 %),0,0,0,0,0,0.0
27/05/2008,0,0,24.9(0.00 %),0,0,0,0,0,0.0
28/05/2008,0,0,24.9(0.00 %),0,0,0,0,0,0.0
29/05/2008,0,0,24.9(0.00 %),0,0,0,0,0,0.0
30/05/2008,0,0,24.5(-1.61 %),0,0,0,0,0,0.0
02/06/2008,0,0,24.1(-1.63 %),0,0,0,0,0,0.0
03/06/2008,0,0,23.7(-1.66 %),25245,598306500,25245,598306500,0,0.0
04/06/2008,0,0,23.3(-1.69 %),0,0,0,0,0,0.0
05/06/2008,0,0,22.9(-1.72 %),0,0,0,0,0,0.0
06/06/2008,0,0,22.5(-1.75 %),0,0,0,0,0,0.0
09/06/2008,0,0,22.1(-1.78 %),0,0,0,0,0,0.0
10/06/2008,0,0,21.7(-1.81 %),0,0,0,0,0,0.0
11/06/2008,0,0,21.3(-1.84 %),0,0,0,0,0,0.0
12/06/2008,0,0,20.9(-1.88 %),0,0,0,0,0,0.0
13/06/2008,0,0,20.5(-1.91 %),0,0,0,0,0,0.0
16/06/2008,-4660,-97394000,20.9(1.95 %),0,0,4660,97394000,0,0.0
17/06/2008,0,0,21.3(1.91 %),0,0,0,0,0,0.0
18/06/2008,0,0,20.9(-1.88 %),0,0,0,0,0,0.0
19/06/2008,0,0,20.3(-2.87 %),0,0,0,0,0,0.0
20/06/2008,0,0,19.7(-2.96 %),21200,417640000,21200,417640000,0,0.0
23/06/2008,-2560,-51712000,20.2(2.54 %),0,0,2560,51712000,0,0.0
24/06/2008,0,0,20.8(2.97 %),0,0,0,0,0,0.0
25/06/2008,-30440,-651416000,21.4(2.88 %),0,0,30440,651416000,0,0.0
26/06/2008,-56000,-1184372000,21(-1.87 %),0,0,56000,1184372000,0,0.0
27/06/2008,0,0,21.6(2.86 %),0,0,0,0,0,0.0
30/06/2008,0,0,21.9(1.39 %),0,0,0,0,0,0.0
01/07/2008,0,0,22.5(2.74 %),0,0,0,0,0,0.0
02/07/2008,0,0,23.1(2.67 %),0,0,0,0,0,0.0
03/07/2008,0,0,23.7(2.60 %),0,0,0,0,0,0.0
04/07/2008,0,0,24.4(2.95 %),0,0,0,0,0,0.0
07/07/2008,0,0,23.7(-2.87 %),0,0,0,0,0,0.0
08/07/2008,0,0,24.4(2.95 %),0,0,0,0,0,0.0
09/07/2008,0,0,25.1(2.87 %),0,0,0,0,0,0.0
10/07/2008,0,0,25.8(2.79 %),0,0,0,0,0,0.0
11/07/2008,0,0,26.5(2.71 %),0,0,0,0,0,0.0
14/07/2008,0,0,27.2(2.64 %),0,0,0,0,0,0.0
15/07/2008,0,0,28(2.94 %),0,0,0,0,0,0.0
16/07/2008,0,0,28.8(2.86 %),0,0,0,0,0,0.0
17/07/2008,-81000,-2397600000,29.6(2.78 %),0,0,81000,2397600000,0,0.0
18/07/2008,0,0,29.6(0.00 %),0,0,0,0,0,0.0
21/07/2008,0,0,28.8(-2.70 %),0,0,0,0,0,0.0
22/07/2008,0,0,28(-2.78 %),57000,1596000000,57000,1596000000,0,0.0
23/07/2008,0,0,23.7(-2.67 %),0,0,0,0,0,0.0
24/07/2008,-230,-5290000,23(-2.95 %),0,0,230,5290000,0,0.0
25/07/2008,0,0,22.4(-2.61 %),0,0,0,0,0,0.0
28/07/2008,0,0,23(2.68 %),0,0,0,0,0,0.0
29/07/2008,0,0,23.6(2.61 %),0,0,0,0,0,0.0
30/07/2008,0,0,23.5(-0.42 %),0,0,0,0,0,0.0
31/07/2008,0,0,23.6(0.43 %),0,0,0,0,0,0.0
01/08/2008,0,0,22.9(-2.97 %),0,0,0,0,0,0.0
04/08/2008,0,0,22.3(-2.62 %),0,0,0,0,0,0.0
05/08/2008,0,0,21.7(-2.69 %),0,0,0,0,0,0.0
06/08/2008,0,0,22.3(2.76 %),0,0,0,0,0,0.0
07/08/2008,0,0,21.8(-2.24 %),0,0,0,0,0,0.0
08/08/2008,0,0,22.4(2.75 %),0,0,0,0,0,0.0
11/08/2008,0,0,23(2.68 %),0,0,0,0,0,0.0
12/08/2008,0,0,23.6(2.61 %),0,0,0,0,0,0.0
13/08/2008,0,0,24.3(2.97 %),0,0,0,0,0,0.0
14/08/2008,0,0,25(2.88 %),0,0,0,0,0,0.0
15/08/2008,0,0,25.7(2.80 %),0,0,0,0,0,0.0
18/08/2008,0,0,26.9(4.67 %),0,0,0,0,0,0.0
19/08/2008,0,0,28.2(4.83 %),0,0,0,0,0,0.0
20/08/2008,0,0,27.8(-1.42 %),0,0,0,0,0,0.0
21/08/2008,0,0,29.1(4.68 %),0,0,0,0,0,0.0
22/08/2008,0,0,29.7(2.06 %),0,0,0,0,0,0.0
25/08/2008,0,0,31.1(4.71 %),0,0,0,0,0,0.0
26/08/2008,0,0,32.6(4.82 %),0,0,0,0,0,0.0
27/08/2008,0,0,34.2(4.91 %),0,0,0,0,0,0.0
28/08/2008,0,0,32.5(-4.97 %),0,0,0,0,0,0.0
29/08/2008,0,0,30.9(-4.92 %),0,0,0,0,0,0.0
03/09/2008,0,0,32.4(4.85 %),0,0,0,0,0,0.0
04/09/2008,0,0,32.9(1.54 %),0,0,0,0,0,0.0
05/09/2008,0,0,31.3(-4.86 %),0,0,0,0,0,0.0
08/09/2008,0,0,29.8(-4.79 %),0,0,0,0,0,0.0
09/09/2008,0,0,28.4(-4.70 %),0,0,0,0,0,0.0
10/09/2008,0,0,28(-1.41 %),0,0,0,0,0,0.0
11/09/2008,0,0,26.9(-3.93 %),0,0,0,0,0,0.0
12/09/2008,0,0,25.6(-4.83 %),0,0,0,0,0,0.0
15/09/2008,-14000,-373800000,26.8(4.69 %),0,0,14000,373800000,0,0.0
16/09/2008,-11390,-292145000,25.5(-4.85 %),0,0,11390,292145000,0,0.0
17/09/2008,0,0,24.3(-4.71 %),0,0,0,0,0,0.0
18/09/2008,-4000,-92400000,23.1(-4.94 %),0,0,4000,92400000,0,0.0
19/09/2008,0,0,24.2(4.76 %),0,0,0,0,0,0.0
22/09/2008,0,0,25.4(4.96 %),0,0,0,0,0,0.0
23/09/2008,0,0,25(-1.57 %),0,0,0,0,0,0.0
24/09/2008,0,0,24.2(-3.20 %),0,0,0,0,0,0.0
25/09/2008,0,0,25.4(4.96 %),0,0,0,0,0,0.0
26/09/2008,0,0,26(2.36 %),0,0,0,0,0,0.0
29/09/2008,0,0,25(-3.85 %),0,0,0,0,0,0.0
30/09/2008,0,0,23.8(-4.80 %),0,0,0,0,0,0.0
01/10/2008,0,0,24(0.84 %),0,0,0,0,0,0.0
02/10/2008,0,0,24.9(3.75 %),0,0,0,0,0,0.0
03/10/2008,0,0,24.5(-1.61 %),0,0,0,0,0,0.0
06/10/2008,0,0,23.3(-4.90 %),0,0,0,0,0,0.0
07/10/2008,-15000,-333000000,22.2(-4.72 %),0,0,15000,333000000,0,0.0
08/10/2008,0,0,21.1(-4.95 %),0,0,0,0,0,0.0
09/10/2008,-3000,-63590000,21.2(0.47 %),0,0,3000,63590000,0,0.0
10/10/2008,-14000,-284700000,20.2(-4.72 %),50000,1060000000,64000,1344700000,0,0.0
13/10/2008,0,0,20.5(1.49 %),0,0,0,0,0,0.0
14/10/2008,0,0,21.5(4.88 %),0,0,0,0,0,0.0
15/10/2008,0,0,22.5(4.65 %),0,0,0,0,0,0.0
16/10/2008,-38000,-828400000,21.7(-3.56 %),83360,1917280000,121360,2745680000,0,0.0
17/10/2008,0,0,21.9(0.92 %),0,0,0,0,0,0.0
20/10/2008,0,0,21.4(-2.28 %),0,0,0,0,0,0.0
21/10/2008,0,0,22.4(4.67 %),0,0,0,0,0,0.0
22/10/2008,0,0,22(-1.79 %),0,0,0,0,0,0.0
23/10/2008,0,0,20.9(-5.00 %),0,0,0,0,0,0.0
24/10/2008,0,0,20.2(-3.35 %),0,0,0,0,0,0.0
27/10/2008,0,0,19.2(-4.95 %),0,0,0,0,0,0.0
28/10/2008,-2680,-49044000,19(-1.04 %),0,0,2680,49044000,0,0.0
29/10/2008,0,0,19.9(4.74 %),0,0,0,0,0,0.0
30/10/2008,0,0,20.8(4.52 %),0,0,0,0,0,0.0
31/10/2008,0,0,21.8(4.81 %),0,0,0,0,0,0.0
03/11/2008,0,0,22(0.92 %),0,0,0,0,0,0.0
04/11/2008,0,0,23.1(5.00 %),0,0,0,0,0,0.0
05/11/2008,0,0,24.2(4.76 %),0,0,0,0,0,0.0
06/11/2008,0,0,24.5(1.24 %),0,0,0,0,0,0.0
07/11/2008,0,0,23.3(-4.90 %),0,0,0,0,0,0.0
10/11/2008,0,0,23(-1.29 %),0,0,0,0,0,0.0
11/11/2008,0,0,21.9(-4.78 %),0,0,0,0,0,0.0
12/11/2008,0,0,22.9(4.57 %),0,0,0,0,0,0.0
13/11/2008,0,0,23.1(0.87 %),0,0,0,0,0,0.0
14/11/2008,0,0,23.6(2.16 %),0,0,0,0,0,0.0
17/11/2008,0,0,23.2(-1.69 %),0,0,0,0,0,0.0
18/11/2008,0,0,23.1(-0.43 %),0,0,0,0,0,0.0
19/11/2008,0,0,22.6(-2.16 %),0,0,0,0,0,0.0
20/11/2008,0,0,21.5(-4.87 %),0,0,0,0,0,0.0
21/11/2008,0,0,20.6(-4.19 %),0,0,0,0,0,0.0
24/11/2008,0,0,20.7(0.49 %),0,0,0,0,0,0.0
25/11/2008,0,0,20.8(0.48 %),0,0,0,0,0,0.0
26/11/2008,0,0,19.9(-4.33 %),0,0,0,0,0,0.0
27/11/2008,0,0,19.2(-3.52 %),0,0,0,0,0,0.0
28/11/2008,0,0,20.1(4.69 %),0,0,0,0,0,0.0
01/12/2008,0,0,20.3(1.00 %),0,0,0,0,0,0.0
02/12/2008,0,0,19.8(-2.46 %),0,0,0,0,0,0.0
03/12/2008,0,0,19.7(-0.51 %),0,0,0,0,0,0.0
04/12/2008,-80,-1592000,19.6(-0.51 %),30000,600000000,30080,601592000,0,0.0
05/12/2008,0,0,19(-3.06 %),0,0,0,0,0,0.0
08/12/2008,0,0,18.2(-4.21 %),0,0,0,0,0,0.0
09/12/2008,0,0,18.4(1.10 %),0,0,0,0,0,0.0
10/12/2008,0,0,18(-2.17 %),0,0,0,0,0,0.0
11/12/2008,0,0,18.1(0.56 %),0,0,0,0,0,0.0
12/12/2008,-1800,-34200000,19(4.97 %),0,0,1800,34200000,0,0.0
15/12/2008,0,0,19.9(4.74 %),0,0,0,0,0,0.0
16/12/2008,0,0,19(-4.52 %),0,0,0,0,0,0.0
17/12/2008,-1150,-21850000,19.2(1.05 %),4285000,85271500000,4286150,85293350000,0,0.0
18/12/2008,-290,-5568000,19.3(0.52 %),1000000,20100000000,1000290,20105568000,0,0.0
19/12/2008,0,0,19.2(-0.52 %),0,0,0,0,0,0.0
22/12/2008,0,0,19(-1.04 %),0,0,0,0,0,0.0
23/12/2008,0,0,18.5(-2.63 %),0,0,0,0,0,0.0
24/12/2008,0,0,18.6(0.54 %),0,0,0,0,0,0.0
25/12/2008,0,0,18.3(-1.61 %),0,0,0,0,0,0.0
26/12/2008,0,0,18.3(0.00 %),0,0,0,0,0,0.0
29/12/2008,-83350,-1503930000,17.8(-2.73 %),66000,1188000000,149350,2691930000,0,0.0
30/12/2008,-1330,-23807000,18.4(3.37 %),0,0,1330,23807000,0,0.0
31/12/2008,0,0,18.4(0.00 %),0,0,0,0,0,0.0
02/01/2009,0,0,18.3(-0.54 %),0,0,0,0,0,30.0
05/01/2009,0,0,18.2(-0.55 %),0,0,0,0,0,30.0
06/01/2009,0,0,18.4(1.10 %),500000,9550000000,500000,9550000000,0,30.0
07/01/2009,0,0,18.6(1.09 %),500000,9650000000,500000,9650000000,0,30.0
08/01/2009,0,0,18.4(-1.08 %),1000000,19500000000,1000000,19500000000,0,30.0
09/01/2009,0,0,18.4(0.00 %),0,0,0,0,0,30.0
12/01/2009,0,0,18.2(-1.09 %),0,0,0,0,0,30.0
13/01/2009,0,0,17.9(-1.65 %),1000000,19100000000,1000000,19100000000,0,30.0
14/01/2009,0,0,18(0.56 %),0,0,0,0,0,30.0
15/01/2009,0,0,17.9(-0.56 %),0,0,0,0,0,30.0
16/01/2009,0,0,17.9(0.00 %),0,0,0,0,0,30.0
19/01/2009,0,0,17.7(-1.12 %),0,0,0,0,0,30.0
20/01/2009,0,0,17.4(-1.69 %),0,0,0,0,0,30.0
21/01/2009,0,0,17.1(-1.72 %),0,0,0,0,0,30.0
22/01/2009,0,0,17.3(1.17 %),0,0,0,0,0,30.0
23/01/2009,0,0,17.5(1.16 %),0,0,0,0,0,30.0
02/02/2009,0,0,17.1(-2.29 %),0,0,0,0,0,30.0
03/02/2009,0,0,16.5(-3.51 %),0,0,0,0,0,30.0
04/02/2009,0,0,16.6(0.61 %),0,0,0,0,0,30.0
05/02/2009,0,0,16.2(-2.41 %),0,0,0,0,0,30.0
06/02/2009,0,0,16.2(0.00 %),0,0,0,0,0,30.0
09/02/2009,0,0,16.7(3.09 %),0,0,0,0,0,30.0
10/02/2009,0,0,16.2(-2.99 %),0,0,0,0,0,30.0
11/02/2009,0,0,16(-1.23 %),0,0,0,0,0,30.0
12/02/2009,0,0,15.9(-0.62 %),0,0,0,0,0,30.0
13/02/2009,0,0,15.9(0.00 %),0,0,0,0,0,30.0
16/02/2009,0,0,15.8(-0.63 %),0,0,0,0,0,30.0
17/02/2009,0,0,15.2(-3.80 %),0,0,0,0,0,30.0
18/02/2009,0,0,14.5(-4.61 %),0,0,0,0,0,30.0
19/02/2009,0,0,14.4(-0.69 %),0,0,0,0,0,30.0
20/02/2009,0,0,14.3(-0.69 %),0,0,0,0,0,30.0
23/02/2009,0,0,13.6(-4.90 %),0,0,0,0,0,30.0
24/02/2009,0,0,13(-4.41 %),0,0,0,0,0,30.0
25/02/2009,0,0,13.6(4.62 %),0,0,0,0,0,30.0
26/02/2009,0,0,14.2(4.41 %),0,0,0,0,0,30.0
27/02/2009,0,0,14.8(4.23 %),0,0,0,0,0,30.0
02/03/2009,0,0,15.2(2.70 %),0,0,0,0,0,30.0
03/03/2009,0,0,14.5(-4.61 %),0,0,0,0,0,30.0
04/03/2009,0,0,14.4(-0.69 %),0,0,0,0,0,30.0
05/03/2009,0,0,14.6(1.39 %),0,0,0,0,0,30.0
06/03/2009,0,0,14.5(-0.68 %),0,0,0,0,0,30.0
09/03/2009,0,0,14.7(1.38 %),0,0,0,0,0,30.0
10/03/2009,-53120,-784176000,15.1(2.72 %),350000,5310000000,403120,6094176000,53120,29.99
11/03/2009,0,0,15.8(4.64 %),0,0,0,0,53120,29.99
12/03/2009,0,0,15.4(-2.53 %),0,0,0,0,53120,29.99
13/03/2009,0,0,15.5(0.65 %),0,0,0,0,53120,29.99
16/03/2009,0,0,15.8(1.94 %),0,0,0,0,53120,29.99
17/03/2009,-50000,-818000000,16.5(4.43 %),0,0,50000,818000000,103120,29.98
18/03/2009,0,0,17.3(4.85 %),0,0,0,0,103120,29.98
19/03/2009,-1350,-23355000,16.7(-3.47 %),500000,9050000000,501350,9073355000,104470,29.98
20/03/2009,0,0,16.7(0.00 %),0,0,0,0,104470,29.98
23/03/2009,0,0,16.4(-1.80 %),400000,6800000000,400000,6800000000,104470,29.98
24/03/2009,-912700,-15652445000,17.2(4.88 %),200000,3400000000,1112700,19052445000,1017170,29.8
25/03/2009,0,0,16.9(-1.74 %),750000,12900000000,750000,12900000000,1017170,29.8
26/03/2009,-30000,-516000000,17(0.59 %),0,0,30000,516000000,1047170,29.8
27/03/2009,0,0,16.7(-1.76 %),130000,2236000000,130000,2236000000,1047170,29.8
30/03/2009,111020,1800929000,16.2(-2.99 %),111020,1800929000,0,0,936150,29.82
31/03/2009,149660,2407080000,16.2(0.00 %),149660,2407080000,0,0,786490,29.85
01/04/2009,-833930,-13798564000,16.9(4.32 %),166070,2758452000,1000000,16557016000,1620420,29.68
02/04/2009,-909230,-15283567000,16.8(-0.59 %),90770,1540170000,1000000,16823737000,2529650,29.51
03/04/2009,-1918260,-33536917000,17.6(4.76 %),141740,2454083000,2060000,35991000000,4447910,29.13
07/04/2009,-2049090,-37412829000,18.4(4.55 %),51010,923281000,2100100,38336110000,6497000,28.73
08/04/2009,-919050,-17162374000,18.5(0.54 %),116970,2138744000,1036020,19301118000,7416050,28.55
09/04/2009,51030,959367000,18.9(2.16 %),76490,1439961000,25460,480594000,7365020,28.56
10/04/2009,-1827690,-36188262000,19.8(4.76 %),172410,3413718000,2000100,39601980000,9192710,28.2
13/04/2009,-1991100,-41215770000,20.7(4.55 %),8900,184230000,2000000,41400000000,11183810,27.81
14/04/2009,-503260,-10929882000,21.7(4.83 %),526440,11414608000,1029700,22344490000,11687070,27.72
15/04/2009,-415490,-9783611000,22.4(3.23 %),599110,13244709000,1014600,23028320000,12102560,27.63
16/04/2009,-747780,-17571410000,23.5(4.91 %),29080,681800000,776860,18253210000,12850340,27.49
17/04/2009,140170,3369723000,23(-2.13 %),173270,4129203000,33100,759480000,12710170,27.52
20/04/2009,98130,2149047000,21.9(-4.78 %),98330,2153427000,200,4380000,12612040,27.53
21/04/2009,2510,52459000,20.9(-4.57 %),8610,179949000,6100,127490000,12609530,27.54
22/04/2009,15620,329974000,21.6(3.35 %),93220,1996614000,77600,1666640000,12593910,27.54
23/04/2009,-53300,-1162665000,20.7(-4.17 %),29300,618795000,82600,1781460000,12647210,27.53
24/04/2009,17510,347542000,19.8(-4.35 %),23910,476822000,6400,129280000,12629700,27.53
27/04/2009,60730,1215996000,19.7(-0.51 %),67510,1350240000,6780,134244000,12568970,27.54
28/04/2009,-32210,-656404000,20.2(2.54 %),9490,192396000,41700,848800000,12601180,27.54
29/04/2009,-137190,-2809557000,21(3.96 %),83210,1686603000,220400,4496160000,12738370,27.51
04/05/2009,0,0,22(4.76 %),0,0,0,0,12738370,27.51
05/05/2009,-24000,-554400000,23.1(5.00 %),0,0,24000,554400000,12762370,27.51
06/05/2009,808600,18955730000,22.8(-1.30 %),817300,19161780000,8700,206050000,11953770,27.66
07/05/2009,285030,6808289000,23.9(4.82 %),285130,6810679000,100,2390000,11668740,27.72
08/05/2009,301530,7365107000,24.2(1.26 %),310080,7572772000,8550,207665000,11367210,27.78
11/05/2009,699800,16917579000,24.2(0.00 %),726600,17574339000,26800,656760000,10667410,27.91
12/05/2009,36000,868290000,25(3.31 %),107400,2637870000,71400,1769580000,10631410,27.92
13/05/2009,409840,10138014000,24.3(-2.80 %),595580,14817312000,185740,4679298000,10221570,28.0
14/05/2009,-175910,-4159236000,24(-1.23 %),109470,2593886000,285380,6753122000,10397480,27.97
15/05/2009,-1329690,-33564944000,25.2(5.00 %),778940,19490280000,2108630,53055224000,11727170,27.71
18/05/2009,473400,12139015000,25.6(1.59 %),527940,13518227000,54540,1379212000,11253770,27.8
19/05/2009,-375570,-9892359000,26.8(4.69 %),636600,17035880000,1012170,26928239000,11629340,27.73
20/05/2009,-235870,-6694248000,27.5(2.61 %),1557300,42303712000,1793170,48997960000,11865210,27.68
21/05/2009,2394040,65486502000,27.1(-1.45 %),2479340,67844232000,85300,2357730000,9471170,28.15
22/05/2009,481790,12620531000,26.1(-3.69 %),546090,14317691000,64300,1697160000,8989380,28.24
25/05/2009,-2178150,-59485570000,27.4(4.98 %),40510,1098050000,2218660,60583620000,11167530,27.82
26/05/2009,261000,7300797000,27.7(1.09 %),271000,7582797000,10000,282000000,10906530,27.87
27/05/2009,-206530,-5690717000,27(-2.53 %),87110,2367435000,293640,8058152000,11113060,27.83
28/05/2009,8320,197591000,26.1(-3.33 %),2239476,60361465000,2231156,60163874000,11104740,27.83
29/05/2009,332340,8735431000,26.5(1.53 %),368600,9688914000,36260,953483000,10772400,27.89
01/06/2009,-2710,-78882000,27.8(4.91 %),6090,165568000,8800,244450000,10775110,27.89
02/06/2009,377950,10998945000,29.1(4.68 %),410250,11938175000,32300,939230000,10397160,27.97
03/06/2009,359230,10394570000,28.9(-0.69 %),359930,10414870000,700,20300000,10037930,28.04
04/06/2009,51450,1542397000,30.2(4.50 %),76150,2284617000,24700,742220000,9986480,28.05
05/06/2009,-17300,-548410000,31.7(4.97 %),5400,171180000,22700,719590000,10003780,28.04
08/06/2009,-159560,-5297392000,33.2(4.73 %),76820,2550424000,236380,7847816000,10163340,28.01
09/06/2009,-382580,-13313784000,34.8(4.82 %),180,6264000,382760,13320048000,10545920,27.94
10/06/2009,-474620,-17084039000,36.5(4.89 %),131500,4754823000,606120,21838862000,11020540,27.85
11/06/2009,300110,11291688000,38.3(4.93 %),309920,11659723000,9810,368035000,10720430,27.9
12/06/2009,236390,9485102000,40.2(4.96 %),277490,11129322000,41100,1644220000,10484040,27.95
15/06/2009,-18040,-608063000,39(-2.99 %),119890,4806984000,137930,5415047000,10502080,27.95
16/06/2009,-430850,-16043419000,37.1(-4.87 %),8420,312582000,439270,16356001000,10932930,27.86
17/06/2009,-268770,-9528036000,38(2.43 %),106970,3784761000,375740,13312797000,11201700,27.81
18/06/2009,-49230,-1851167000,38(0.00 %),39270,1525983000,88500,3377150000,11250930,27.8
19/06/2009,25200,940310000,36.8(-3.16 %),81000,3005710000,55800,2065400000,11225730,27.81
22/06/2009,-80270,-2820328000,35(-4.89 %),6980,244422000,87250,3064750000,11306000,27.79
23/06/2009,-56380,-1877454000,33.3(-4.86 %),6620,220446000,63000,2097900000,11362380,27.78
24/06/2009,-226600,-7900586000,34.9(4.80 %),3850,133798000,230450,8034384000,11588980,27.73
25/06/2009,195200,6942243000,34.3(-1.72 %),201200,7155893000,6000,213650000,11393780,27.77
26/06/2009,1394670,48564210000,35.5(3.50 %),1429670,49770710000,35000,1206500000,9999110,28.05
29/06/2009,732840,26317760000,35.9(1.13 %),736870,26460843000,4030,143083000,9266270,28.19
30/06/2009,1361380,48801294000,34.9(-2.79 %),1741250,62178967000,379870,13377673000,7904890,28.45
01/07/2009,942220,31665017000,33.2(-4.87 %),988720,33223467000,46500,1558450000,6962670,28.64
02/07/2009,1413970,46838060000,34(2.41 %),1432670,47465360000,18700,627300000,5548700,28.92
03/07/2009,342110,11537025000,33.9(-0.29 %),355360,11987725000,13250,450700000,5206590,28.98
06/07/2009,261110,9270676000,35.5(4.72 %),282750,10031700000,21640,761024000,4194960,29.18
07/07/2009,489410,17312190000,35(-1.41 %),491410,17382990000,2000,70800000,4456070,29.13
08/07/2009,45470,1610848000,35.3(0.86 %),213470,7536760000,168000,5925912000,4410600,29.14
09/07/2009,106950,3742825000,34.7(-1.70 %),109330,3826601000,2380,83776000,4303650,29.16
10/07/2009,332880,11504830000,34(-2.02 %),402620,13876460000,69740,2371630000,3970770,29.22
13/07/2009,-1110,-51456000,32.4(-4.71 %),10890,355344000,12000,406800000,3971880,29.22
14/07/2009,281120,8904475000,31.5(-2.78 %),339010,10738662000,57890,1834187000,3690760,29.28
15/07/2009,487630,15851081000,32.9(4.44 %),497630,16177081000,10000,326000000,3203130,29.37
16/07/2009,237930,8090954000,33.9(3.04 %),240720,8186930000,2790,95976000,2965200,29.42
17/07/2009,541930,18053519000,33.1(-2.36 %),542190,18062229000,260,8710000,2423270,29.53
20/07/2009,114200,3657025000,31.7(-4.23 %),1020200,32321380000,906000,28664355000,2309070,29.55
21/07/2009,838700,27033012000,32.4(2.21 %),938900,30239492000,100200,3206480000,1470370,29.71
22/07/2009,119030,3878992000,32(-1.23 %),119030,3878992000,0,0,1351340,29.74
23/07/2009,-9740,-315758000,33.6(5.00 %),260,8242000,10000,324000000,1361080,29.73
24/07/2009,300,10560000,35.2(4.76 %),300,10560000,0,0,1360780,29.73
27/07/2009,790460,28900144000,36.9(4.83 %),795730,29092806000,5270,192662000,570320,29.89
28/07/2009,205170,7547756000,36(-2.44 %),210170,7734256000,5000,186500000,365150,29.93
29/07/2009,-29370,-1040319000,35.5(-1.39 %),10000,365000000,39370,1405319000,394520,29.92
30/07/2009,0,0,34.8(-1.97 %),0,0,0,0,394520,29.92
31/07/2009,-35170,-1237038000,36.4(4.60 %),5270,184450000,40440,1421488000,429690,29.92
03/08/2009,4800,172800000,36.3(-0.27 %),5000,180000000,200,7200000,424890,29.92
04/08/2009,36370,1374786000,37.4(3.03 %),39370,1488186000,3000,113400000,388520,29.92
05/08/2009,-200,-7400000,37.4(0.00 %),0,0,200,7400000,388720,29.92
06/08/2009,28540,1071503000,36.8(-1.60 %),40440,1512456000,11900,440953000,360180,29.93
07/08/2009,-100,-3670000,36.7(-0.27 %),200,7400000,300,11070000,360280,29.93
10/08/2009,1700,63350000,37.1(1.09 %),3000,111600000,1300,48250000,358580,29.93
11/08/2009,-7890,-292719000,36.9(-0.54 %),200,7420000,8090,300139000,366470,29.93
12/08/2009,6200,231860000,37.2(0.81 %),11900,443870000,5700,212010000,360270,29.93
13/08/2009,-54700,-2081100000,38(2.15 %),300,11400000,55000,2092500000,414970,29.92
14/08/2009,980,37140000,38.5(1.32 %),41300,1645400000,40320,1608260000,413990,29.92
17/08/2009,6550,252443000,38.1(-1.04 %),8090,311465000,1540,59022000,407440,29.92
18/08/2009,-48500,-1842900000,37.9(-0.52 %),5700,216600000,54200,2059500000,455940,29.91
19/08/2009,55000,2101000000,38.2(0.79 %),55000,2101000000,0,0,400940,29.92
20/08/2009,-1680,-64044000,38(-0.52 %),116290,4434116000,117970,4498160000,402620,29.92
21/08/2009,-102120,-3926920000,38.4(1.05 %),117510,4522538000,219630,8449458000,504740,29.9
24/08/2009,-19470,-757432000,38.6(0.52 %),154200,5986700000,173670,6744132000,524210,29.9
25/08/2009,-43040,-1640224000,38.1(-1.30 %),24230,923163000,67270,2563387000,567250,29.89
26/08/2009,-89780,-3418300000,38(-0.26 %),2000,76400000,91780,3494700000,657030,29.87
27/08/2009,94520,3591616000,37.9(-0.26 %),103660,3939080000,9140,347464000,562510,29.89
28/08/2009,72670,2761460000,38.1(0.53 %),73670,2799460000,1000,38000000,489840,29.9
31/08/2009,-685980,-26693934000,39.1(2.62 %),43040,1665648000,729020,28359582000,1175820,29.77
01/09/2009,2080,37044000,39.2(0.26 %),91780,3561064000,89700,3524020000,1173740,29.77
03/09/2009,2740,106860000,38.8(-1.02 %),9140,356460000,6400,249600000,1171000,29.77
04/09/2009,-850,-33230000,38(-2.06 %),1000,39100000,1850,72330000,1171850,29.77
07/09/2009,222590,8406396000,38.4(1.05 %),657800,24996560000,435210,16590164000,949260,29.81
08/09/2009,-182080,-7037820000,38.7(0.78 %),49900,1939400000,231980,8977220000,1131340,29.78
09/09/2009,18090,697148000,38.2(-1.29 %),18320,705934000,230,8786000,1113250,29.78
10/09/2009,-61530,-2343188000,37.7(-1.31 %),16010,608080000,77540,2951268000,1174780,29.77
11/09/2009,50650,1907644000,37.6(-0.27 %),128110,4838314000,77460,2930670000,1124130,29.78
14/09/2009,-255950,-9661085000,37.8(0.53 %),43510,1638557000,299460,11299642000,1380080,29.73
15/09/2009,-176450,-6689631000,37.7(-0.26 %),15620,591398000,192070,7281029000,1556530,29.7
16/09/2009,-388350,-12271860000,31.6(4.64 %),100,3160000,388450,12275020000,1944880,29.62
17/09/2009,-41210,-1345559000,32.7(3.48 %),56600,1823080000,97810,3168639000,1986090,29.61
18/09/2009,-172120,-5517148000,32.1(-1.83 %),48380,1566462000,220500,7083610000,2125100,29.58
21/09/2009,205230,6433746000,31(-3.43 %),238700,7484306000,33470,1050560000,1952980,29.62
22/09/2009,48740,1506761000,30.8(-0.65 %),50740,1568721000,2000,61960000,1904240,29.63
23/09/2009,69120,2181733000,31.4(1.95 %),78120,2469733000,9000,288000000,1835120,29.64
24/09/2009,-103550,-3223110000,31.4(0.00 %),37440,1176276000,140990,4399386000,1938670,29.62
25/09/2009,0,0,32.9(4.78 %),0,0,0,0,1938670,29.79
28/09/2009,0,0,34.5(4.86 %),0,0,0,0,1729120,29.81
29/09/2009,665730,23506470000,33.5(-2.90 %),843820,29550700000,178090,6044230000,691960,29.86
30/09/2009,136890,4599104000,33(-1.49 %),140990,4737164000,4100,138060000,555070,29.89
01/10/2009,5700,188850000,32.3(-2.12 %),13000,429000000,7300,240150000,549370,29.89
02/10/2009,-244920,-7611989000,31.4(-2.79 %),105000,3358000000,349920,10969989000,794290,29.84
05/10/2009,178090,5645453000,31.4(0.00 %),178090,5645453000,0,0,616200,29.88
06/10/2009,4000,126830000,31.3(-0.32 %),4100,129970000,100,3140000,612200,29.88
07/10/2009,7300,231410000,31.8(1.60 %),7300,231410000,0,0,604900,29.88
08/10/2009,249920,7972448000,32(0.63 %),249920,7972448000,0,0,354980,29.93
09/10/2009,0,0,32.4(1.25 %),0,0,0,0,354980,29.93
12/10/2009,-9900,-325720000,32.9(1.54 %),100,3280000,10000,329000000,364880,29.93
13/10/2009,-1500,-49050000,32.4(-1.52 %),0,0,1500,49050000,366380,29.93
14/10/2009,-10,-332000,33.5(3.40 %),0,0,10,332000,366390,29.93
15/10/2009,-3810,-131369000,34.3(2.39 %),0,0,3810,131369000,370200,29.93
16/10/2009,9000,305300000,33.3(-2.92 %),10000,339000000,1000,33700000,361200,29.93
19/10/2009,-2900,-95700000,32.8(-1.50 %),1500,49500000,4400,145200000,364100,29.93
20/10/2009,-10190,-335231000,32.7(-0.30 %),10,329000,10200,335560000,374290,29.93
21/10/2009,3810,122682000,32.1(-1.83 %),3810,122682000,0,0,370480,29.93
22/10/2009,1000,32500000,32.5(1.25 %),1000,32500000,0,0,369480,29.93
23/10/2009,-41970,-1391029000,33(1.54 %),4400,145200000,46370,1536229000,411450,29.92
26/10/2009,-50760,-1668960000,32.8(-0.61 %),10200,341700000,60960,2010660000,462210,29.91
27/10/2009,-10000,-323000000,32.1(-2.13 %),0,0,10000,323000000,472210,29.91
28/10/2009,-200,-6440000,31.6(-1.56 %),0,0,200,6440000,472410,29.91
29/10/2009,-103630,-3137530000,30.5(-3.48 %),46370,1437470000,150000,4575000000,576040,29.89
30/10/2009,60950,1889450000,31(1.64 %),60960,1889760000,10,310000,515090,29.9
02/11/2009,-25700,-762691000,29.5(-4.84 %),10000,298000000,35700,1060691000,540790,29.89
03/11/2009,-18800,-531800000,28.6(-3.05 %),200,5900000,19000,537700000,559590,29.89
04/11/2009,103400,2959980000,28.6(0.00 %),150000,4305000000,46600,1345020000,456190,29.91
05/11/2009,0,0,29.5(3.15 %),0,0,0,0,456190,29.91
06/11/2009,-62820,-1786070000,29(-1.69 %),35710,1071300000,98530,2857370000,519010,29.9
09/11/2009,15280,429812000,27.7(-4.48 %),19000,535800000,3720,105988000,503730,29.9
10/11/2009,46600,1309460000,27.4(-1.08 %),46600,1309460000,0,0,457130,29.91
11/11/2009,0,0,28(2.19 %),0,0,0,0,457130,29.91
12/11/2009,59430,1691843000,28(0.00 %),194230,5467999000,134800,3776156000,397700,29.92
13/11/2009,-17400,-484216000,27.8(-0.71 %),23720,657788000,41120,1142004000,415100,29.92
16/11/2009,-53900,-1462990000,27.1(-2.52 %),0,0,53900,1462990000,469000,29.91
17/11/2009,-81000,-2187300000,27(-0.37 %),0,0,81000,2187300000,550000,29.89
18/11/2009,39100,1055700000,27(0.00 %),39100,1055700000,0,0,510900,29.9
19/11/2009,13740,372094000,27.4(1.48 %),21120,572352000,7380,200258000,497160,29.9
20/11/2009,53900,1476860000,27.2(-0.73 %),53900,1476860000,0,0,443260,29.91
23/11/2009,81000,2187000000,26.4(-2.94 %),81000,2187000000,0,0,362260,29.93
24/11/2009,0,0,25.5(-3.41 %),0,0,0,0,362260,29.93
25/11/2009,6650,163736000,24.3(-4.71 %),7380,181548000,730,17812000,355610,29.93
26/11/2009,-46040,-1063524000,23.1(-4.94 %),0,0,46040,1063524000,401650,29.92
27/11/2009,-8760,-194672000,24.2(4.76 %),0,0,8760,194672000,410410,29.92
30/11/2009,-150400,-3752130000,25.4(4.96 %),0,0,150400,3752130000,560810,29.89
01/12/2009,320,8500000,26.6(4.72 %),700,18570000,380,10070000,560490,29.89
02/12/2009,46070,1188606000,25.3(-4.89 %),46070,1188606000,0,0,514420,29.9
03/12/2009,940220,23526321000,25.3(0.00 %),1022130,25563791000,81910,2037470000,0,30.08
04/12/2009,543070,13689570000,25(-1.19 %),558330,14075645000,15260,386075000,0,30.14
07/12/2009,433110,10819947000,24.9(-0.40 %),533320,13322076000,100210,2502129000,0,30.21
08/12/2009,11560,286688000,24(-3.61 %),49630,1230824000,38070,944136000,0,30.21
09/12/2009,4910,112830000,22.9(-4.58 %),81910,1883930000,77000,1771100000,0,30.21
10/12/2009,-49640,-1144812000,22.7(-0.87 %),15260,355558000,64900,1500370000,0,30.2
11/12/2009,47560,1100025000,22(-3.08 %),100210,2254725000,52650,1154700000,0,30.21
14/12/2009,-143870,-3302355000,23.1(5.00 %),38070,875610000,181940,4177965000,0,30.19
15/12/2009,-36440,-867364000,23.6(2.16 %),77010,1817436000,113450,2684800000,0,30.18
16/12/2009,63990,1503947000,22.5(-4.66 %),64900,1525150000,910,21203000,0,30.19
17/12/2009,17430,370954000,23.2(3.11 %),52650,1179360000,35220,808406000,0,30.2
18/12/2009,174490,4099025000,24.2(4.31 %),181940,4275590000,7450,176565000,0,30.22
21/12/2009,113000,2825015000,25.1(3.72 %),113450,2836250000,450,11235000,0,30.24
22/12/2009,910,22841000,24.3(-3.19 %),910,22841000,0,0,0,30.24
23/12/2009,-21780,-526520000,24.1(-0.82 %),35220,845280000,57000,1371800000,0,30.24
24/12/2009,-33790,-811264000,24.2(0.41 %),7450,178800000,41240,990064000,0,30.23
25/12/2009,-350,-8780000,24.8(2.48 %),150,3720000,500,12500000,0,30.23
28/12/2009,-56700,-1377810000,24.2(-2.42 %),300,7290000,57000,1385100000,0,30.22
29/12/2009,-441600,-10519776000,23.7(-2.07 %),57000,1368000000,498600,11887776000,0,30.16
30/12/2009,-276760,-6600712000,24(1.27 %),41240,977388000,318000,7578100000,0,30.12
31/12/2009,440,10682000,24.1(0.42 %),440,10682000,0,0,0,30.12
04/01/2010,-64450,-1546601000,25.3(4.98 %),30550,754917000,95000,2301518000,0,30.11
05/01/2010,361590,9553334000,26(2.77 %),525110,13880374000,163520,4327040000,0,30.16
06/01/2010,156650,4014641000,25.4(-2.31 %),215650,5542941000,59000,1528300000,0,30.18
07/01/2010,75800,1910261000,24.9(-1.97 %),75800,1910261000,0,0,0,30.19
08/01/2010,121550,3172455000,25(0.40 %),121550,3172455000,0,0,0,30.21
11/01/2010,163520,4086939000,24.6(-1.60 %),163520,4086939000,0,0,0,30.24
12/01/2010,39000,966458000,23.8(-3.25 %),59000,1457458000,20000,491000000,0,30.24
13/01/2010,-3610,-86335000,24(0.84 %),0,0,3610,86335000,0,30.24
14/01/2010,0,0,23.8(-0.83 %),0,0,0,0,0,30.24
15/01/2010,0,0,23.4(-1.68 %),0,0,0,0,0,30.24
18/01/2010,4260,105306000,22.7(-2.99 %),20000,468000000,15740,362694000,0,30.24
19/01/2010,3610,83030000,23(1.32 %),3610,83030000,0,0,0,30.24
20/01/2010,-16710,-385101000,22.7(-1.30 %),0,0,16710,385101000,0,30.24
21/01/2010,0,0,22.4(-1.32 %),0,0,0,0,0,30.24
22/01/2010,15740,351002000,22.4(0.00 %),15740,351002000,0,0,0,30.24
25/01/2010,0,0,22.3(-0.45 %),0,0,0,0,0,30.24
26/01/2010,-15890,-361223000,23.4(4.93 %),16710,379317000,32600,740540000,0,30.24
27/01/2010,-220,-5003000,22.6(-3.42 %),0,0,220,5003000,0,30.24
28/01/2010,0,0,22.3(-1.33 %),0,0,0,0,0,30.24
29/01/2010,-103240,-2291928000,22.2(-0.45 %),0,0,103240,2291928000,0,30.23
01/02/2010,30600,685440000,22.3(0.45 %),30600,685440000,0,0,0,30.23
02/02/2010,220,4928000,22.3(0.00 %),220,4928000,0,0,0,30.23
03/02/2010,0,0,22.3(0.00 %),0,0,0,0,0,30.23
04/02/2010,103240,2327021000,22.6(1.35 %),103240,2327021000,0,0,0,30.25
05/02/2010,0,0,22.3(-1.33 %),0,0,0,0,0,30.25
08/02/2010,0,0,22.9(2.69 %),0,0,0,0,0,30.25
09/02/2010,-18800,-421380000,22.3(-2.62 %),0,0,18800,421380000,0,30.24
10/02/2010,-19000,-427800000,22.5(0.90 %),0,0,19000,427800000,0,30.24
11/02/2010,-920,-20792000,23.6(4.89 %),0,0,920,20792000,0,30.24
12/02/2010,0,0,23.9(1.27 %),0,0,0,0,0,30.24
22/02/2010,18800,452751000,23.9(0.00 %),18800,452751000,0,0,0,30.24
23/02/2010,6360,154732000,23.4(-2.09 %),19000,450300000,12640,295568000,0,30.24
24/02/2010,920,21344000,23.5(0.43 %),920,21344000,0,0,0,30.24
25/02/2010,-270200,-6292906000,23.2(-1.28 %),200000,4800000000,470200,11092906000,0,30.2
26/02/2010,-200,-4640000,23.5(1.29 %),61230,1353183000,61430,1357823000,0,30.2
01/03/2010,-264360,-6343968000,24(2.13 %),12640,300832000,277000,6644800000,264360,29.96
02/03/2010,-92710,-2198311000,23.7(-1.25 %),0,0,92710,2198311000,357070,29.95
03/03/2010,84200,2014700000,24.1(1.69 %),310200,7464800000,226000,5450100000,272870,29.96
04/03/2010,200,4840000,23.8(-1.24 %),200,4840000,0,0,272670,29.96
05/03/2010,229880,5474055000,23.8(0.00 %),236380,5628755000,6500,154700000,42790,29.99
08/03/2010,133330,3202368000,23.9(0.42 %),133330,3202368000,0,0,0,30.01
09/03/2010,184720,4431796000,24(0.42 %),185270,4444996000,550,13200000,0,30.04
10/03/2010,40,960000,23.9(-0.42 %),730,17520000,690,16560000,0,30.04
11/03/2010,-8800,-210760000,23.7(-0.84 %),6220,149270000,15020,360030000,0,30.04
12/03/2010,280,6692000,23.9(0.84 %),280,6692000,0,0,0,30.04
15/03/2010,550,13255000,23.8(-0.42 %),550,13255000,0,0,0,30.04
16/03/2010,120,2832000,23.1(-2.94 %),690,16284000,570,13452000,0,30.04
17/03/2010,8970,207761000,22.9(-0.87 %),14970,345761000,6000,138000000,0,30.04
18/03/2010,-7550,-173055000,22.9(0.00 %),50,1145000,7600,174200000,0,30.04
19/03/2010,0,0,22.6(-1.31 %),0,0,0,0,0,30.04
22/03/2010,570,12882000,22.6(0.00 %),570,12882000,0,0,0,30.04
23/03/2010,3500,79100000,22.5(-0.44 %),6000,135600000,2500,56500000,0,30.04
24/03/2010,7600,171760000,22.7(0.89 %),7600,171760000,0,0,0,30.04
25/03/2010,0,0,22.4(-1.32 %),0,0,0,0,0,30.04
26/03/2010,0,0,22.2(-0.89 %),0,0,0,0,0,30.04
29/03/2010,2500,55500000,22.1(-0.45 %),2500,55500000,0,0,0,30.04
30/03/2010,-173770,-3823027000,21.8(-1.36 %),0,0,173770,3823027000,0,30.02
31/03/2010,-2550,-55590000,21.7(-0.46 %),0,0,2550,55590000,0,30.02
01/04/2010,-139930,-3028481000,22.2(2.30 %),0,0,139930,3028481000,33210,30.0
02/04/2010,-15600,-346320000,22(-0.90 %),0,0,15600,346320000,48810,29.99
05/04/2010,173770,3875071000,22(0.00 %),173770,3875071000,0,0,0,30.02
06/04/2010,-7000,-154700000,22.2(0.91 %),2560,56576000,9560,211276000,0,30.02
07/04/2010,139930,3114900000,22.3(0.45 %),139930,3114900000,0,0,0,30.04
08/04/2010,15600,345279000,22(-1.35 %),15600,345279000,0,0,0,30.04
09/04/2010,0,0,22.1(0.45 %),0,0,0,0,0,30.04
12/04/2010,-69340,-1524248000,22(-0.45 %),31760,702172000,101100,2226420000,0,30.03
13/04/2010,-17830,-392257000,21.9(-0.45 %),140000,3094000000,157830,3486257000,0,30.03
14/04/2010,0,0,21.9(0.00 %),0,0,0,0,0,30.03
15/04/2010,0,0,21.8(-0.46 %),0,0,0,0,0,30.03
16/04/2010,78900,1735800000,21.7(-0.46 %),78900,1735800000,0,0,0,30.04
19/04/2010,-51160,-1097182000,21.5(-0.92 %),15550,337425000,66710,1434607000,0,30.03
20/04/2010,-9640,-206896000,21.2(-1.40 %),2280,48792000,11920,255688000,0,30.03
21/04/2010,-33690,-717497000,21.4(0.94 %),0,0,33690,717497000,0,30.03
22/04/2010,0,0,22.1(3.27 %),0,0,0,0,0,30.03
26/04/2010,66510,1483173000,22.2(0.45 %),66710,1487633000,200,4460000,0,30.04
27/04/2010,11220,246770000,22.2(0.00 %),11920,262240000,700,15470000,0,30.04
28/04/2010,33690,741180000,22(-0.90 %),33690,741180000,0,0,0,30.04
29/04/2010,0,0,21.8(-0.91 %),0,0,0,0,0,30.04
04/05/2010,200,4440000,22.8(4.59 %),29220,657390000,29020,652950000,0,30.04
05/05/2010,700,15890000,22.6(-0.88 %),700,15890000,0,0,0,30.04
06/05/2010,-4210,-95556000,22.7(0.44 %),0,0,4210,95556000,0,30.04
07/05/2010,-3700,-83250000,22.4(-1.32 %),0,0,3700,83250000,0,30.04
10/05/2010,-12020,-264438000,21.8(-2.68 %),0,0,12020,264438000,0,30.04
11/05/2010,-9200,-202320000,22.1(1.38 %),140000,3080000000,149200,3282320000,0,30.04
12/05/2010,-6720,-146168000,21.7(-1.81 %),101210,2207963000,107930,2354131000,0,30.04
13/05/2010,2620,57116000,21.8(0.46 %),3700,80660000,1080,23544000,0,30.04
14/05/2010,12020,262036000,21.7(-0.46 %),12020,262036000,0,0,0,30.04
17/05/2010,9200,198720000,21.3(-1.84 %),9200,198720000,0,0,0,30.04
18/05/2010,9360,197653000,21.1(-0.94 %),10930,230623000,1570,32970000,0,30.04
19/05/2010,1080,22680000,20.4(-3.32 %),1080,22680000,0,0,0,30.04
20/05/2010,-8800,-183650000,21.4(4.90 %),0,0,8800,183650000,0,30.04
21/05/2010,-1000,-21400000,20.7(-3.27 %),0,0,1000,21400000,0,30.04
24/05/2010,1570,32656000,21(1.45 %),1570,32656000,0,0,0,30.04
25/05/2010,-5030,-104121000,20.8(-0.95 %),0,0,5030,104121000,0,30.04
26/05/2010,-1200,-24660000,20.7(-0.48 %),136800,2871040000,138000,2895700000,0,30.04
27/05/2010,1000,20600000,20.7(0.00 %),131000,2750600000,130000,2730000000,0,30.04
28/05/2010,0,0,20.8(0.48 %),0,0,0,0,0,30.04
31/05/2010,5030,104624000,20.6(-0.96 %),5030,104624000,0,0,0,30.04
01/06/2010,6810,140286000,20.5(-0.49 %),10010,206206000,3200,65920000,0,30.04
02/06/2010,-94900,-1916980000,20.3(-0.98 %),0,0,94900,1916980000,0,30.03
03/06/2010,0,0,20.3(0.00 %),0,0,0,0,0,30.03
04/06/2010,-3500000,-73500000000,20.6(1.48 %),400000,8520000000,3900000,82020000000,3315040,29.51
07/06/2010,-127000,-2588140000,20.4(-0.97 %),203200,4324960000,330200,6913100000,3442040,29.49
08/06/2010,3594890,74773712000,20.5(0.49 %),3594900,74773920000,10,208000,0,30.02
09/06/2010,0,0,20.5(0.00 %),0,0,0,0,0,30.02
10/06/2010,0,0,20.7(0.98 %),0,0,0,0,0,30.02
11/06/2010,129800,2699840000,20.7(0.00 %),632500,12603470000,502700,9903630000,0,30.04
14/06/2010,10,207000,20.8(0.48 %),10,207000,0,0,0,30.04
15/06/2010,-10000,-208000000,20.8(0.00 %),100000,2180000000,110000,2388000000,0,30.04
16/06/2010,-10000,-210000000,21(0.96 %),0,0,10000,210000000,0,30.04
17/06/2010,400,8360000,20.8(-0.95 %),502700,10054360000,502300,10046000000,0,30.04
18/06/2010,-10073480,-211542036000,20.8(0.00 %),330000,7095000000,10403480,218637036000,9810420,28.54
21/06/2010,-17960,-375364000,21.1(1.44 %),10000,209000000,27960,584364000,9828380,28.53
22/06/2010,9549000,206554781000,21.3(0.95 %),10580000,228994081000,1031000,22439300000,279380,29.96
23/06/2010,0,0,21.1(-0.94 %),0,0,0,0,279380,29.96
24/06/2010,3480,73428000,21(-0.47 %),3480,73428000,0,0,275900,29.96
25/06/2010,27960,581568000,20.5(-2.38 %),27960,581568000,0,0,247940,29.96
28/06/2010,521000,10784700000,20.6(0.49 %),531000,10991700000,10000,207000000,0,30.04
29/06/2010,-6240,-130540000,21(1.94 %),0,0,6240,130540000,0,30.04
30/06/2010,-680,-14144000,20.8(-0.95 %),0,0,680,14144000,0,30.04
01/07/2010,-2300,-47840000,20.9(0.48 %),300000,6540000000,302300,6587840000,0,30.04
02/07/2010,-534280,-11148452000,20.9(0.00 %),192370,4145955000,726650,15294407000,270440,29.96
05/07/2010,340,6482000,20.9(0.00 %),6240,129792000,5900,123310000,270100,29.96
06/07/2010,-11720,-243865000,20.7(-0.96 %),200680,4314076000,212400,4557941000,281820,29.96
07/07/2010,2300,39560000,17(-0.58 %),412300,7378560000,410000,7339000000,279520,29.96
08/07/2010,-89240,-1517893000,17(0.00 %),15100,258955000,104340,1776848000,368760,29.94
09/07/2010,40310,686710000,16.9(-0.59 %),40310,686710000,0,0,328450,29.95
12/07/2010,5700,96300000,16.8(-0.59 %),5700,96300000,0,0,322750,29.95
13/07/2010,101970,1721476000,17.2(2.38 %),101970,1721476000,0,0,220780,29.97
14/07/2010,75440,1292867000,17.2(0.00 %),75440,1292867000,0,0,145340,29.98
15/07/2010,-5370,-94971000,17.2(0.00 %),14430,247569000,19800,342540000,150710,29.98
16/07/2010,26750,460100000,17.3(0.58 %),26750,460100000,0,0,123960,29.98
19/07/2010,14900,254895000,17.4(0.58 %),14900,254895000,0,0,109060,29.98
20/07/2010,5700,99180000,17.4(0.00 %),7500,130500000,1800,31320000,103360,29.98
21/07/2010,18000,310140000,17.3(-0.57 %),18700,322320000,700,12180000,85360,29.99
22/07/2010,24840,432102000,17.3(0.00 %),47340,823202000,22500,391100000,60520,29.99
23/07/2010,29440,512081000,17.4(0.58 %),29440,512081000,0,0,31080,30.0
26/07/2010,6140,105068000,17.5(0.57 %),8140,140068000,2000,35000000,24940,30.0
27/07/2010,-1479780,-25746250000,17.4(-0.57 %),20620,360750000,1500400,26107000000,1504720,29.78
28/07/2010,27690,482837000,17.3(-0.57 %),27690,482837000,0,0,1477030,29.78
29/07/2010,-117770,-2021674000,17.1(-1.16 %),79010,1358892000,196780,3380566000,1594800,29.76
30/07/2010,-97200,-1662020000,17.1(0.00 %),2800,47980000,100000,1710000000,1692000,29.75
02/08/2010,26300,446474000,17(-0.58 %),31800,540524000,5500,94050000,1665700,29.75
03/08/2010,-125300,-2130577000,17(0.00 %),2430,41280000,127730,2171857000,1791000,29.73
04/08/2010,-37950,-635725000,16.8(-1.18 %),12730,215820000,50680,851545000,1828950,29.73
05/08/2010,-158090,-2665340000,16.9(0.60 %),30110,505920000,188200,3171260000,1987040,29.7
06/08/2010,3920,65418000,16.6(-1.78 %),11970,200363000,8050,134945000,1983120,29.7
09/08/2010,-8890,-147805000,16.2(-2.41 %),2010,33045000,10900,180850000,1992010,29.7
10/08/2010,-32690,-482019000,15.7(-3.09 %),255650,4087528000,288340,4569547000,2024700,29.7
11/08/2010,657050,10387851000,15.9(1.27 %),659050,10419451000,2000,31600000,1060010,29.84
12/08/2010,512340,8057195000,15.6(-1.89 %),757960,11910139000,245620,3852944000,855310,29.87
13/08/2010,389600,6061650000,15.6(0.00 %),408100,6350250000,18500,288600000,465710,29.93
16/08/2010,22280,349697000,15.9(1.92 %),24480,384017000,2200,34320000,443430,29.93
17/08/2010,32570,519215000,16(0.63 %),33880,540045000,1310,20830000,1595890,29.76
18/08/2010,-244490,-3867573000,15.8(-1.25 %),55510,882427000,300000,4750000000,655350,29.9
19/08/2010,-184210,-2910518000,15.8(0.00 %),17600,278080000,201810,3188598000,839560,29.87
20/08/2010,-788900,-12456120000,15.9(0.63 %),11600,183280000,800500,12639400000,1628460,29.76
23/08/2010,-88600,-1400980000,15.9(0.00 %),11400,179020000,100000,1580000000,1717060,29.74
24/08/2010,-482490,-7599327000,15.7(-1.26 %),3850,60745000,486340,7660072000,2199550,29.67
25/08/2010,344080,5403351000,15.6(-0.64 %),708080,11087248000,364000,5683897000,1855470,29.72
26/08/2010,8120,126614000,15.7(0.64 %),8120,126614000,0,0,1847350,29.72
27/08/2010,333850,5269785000,15.8(0.64 %),333850,5269785000,0,0,1513500,29.77
30/08/2010,-251430,-4083187000,16.2(2.53 %),2570,41071000,254000,4124258000,1764930,29.74
31/08/2010,14850,241170000,16.3(0.62 %),16900,274380000,2050,33210000,1750080,29.74
01/09/2010,33480,546647000,16.2(-0.61 %),34480,562947000,1000,16300000,1716600,29.74
06/09/2010,541620,8940784000,16.5(1.85 %),636620,10496284000,95000,1555500000,2249654,29.82
07/09/2010,25280,436962000,16(-3.03 %),145280,2368248000,120000,1931286000,1149700,29.83
08/09/2010,322530,5116254000,15.8(-1.25 %),325530,5163654000,3000,47400000,827170,29.88
09/09/2010,113300,1806800000,16(1.27 %),113300,1806800000,0,0,713870,29.89
10/09/2010,-76090,-1196090000,15.7(-1.88 %),73910,1168910000,150000,2365000000,789960,29.88
13/09/2010,29600,470503000,15.5(-1.27 %),129600,2024155000,100000,1553652000,760360,29.89
14/09/2010,-40710,-633218000,15.6(0.65 %),110900,1741720000,151610,2374938000,801070,29.88
15/09/2010,55800,870480000,15.6(0.00 %),55800,870480000,0,0,745270,29.89
16/09/2010,-10700,-165810000,15.6(0.00 %),2300,35690000,13000,201500000,755970,29.89
17/09/2010,60000,941900000,15.7(0.64 %),61000,957600000,1000,15700000,695970,29.9
20/09/2010,88260,1403334000,16(1.91 %),88260,1403334000,0,0,607710,29.91
21/09/2010,139150,2218268000,16(0.00 %),150320,2396988000,11170,178720000,468560,29.93
22/09/2010,-95500,-1531000000,16(0.00 %),57500,920000000,153000,2451000000,564060,29.92
23/09/2010,-10000,-160000000,16(0.00 %),0,0,10000,160000000,574060,29.91
24/09/2010,24500,392000000,16(0.00 %),24500,392000000,0,0,549560,29.92
27/09/2010,-219910,-3535251000,16.8(5.00 %),3770,59773000,223680,3595024000,769470,29.89
28/09/2010,205650,3428140000,17(1.19 %),220850,3685540000,15200,257400000,563820,29.92
29/09/2010,330570,5532208000,16.5(-2.94 %),330570,5532208000,0,0,233250,29.97
30/09/2010,146330,2414508000,16.7(1.21 %),146330,2414508000,0,0,1161594,29.99
01/10/2010,324670,5434205000,16.9(1.20 %),354770,5937895000,30100,503690000,836924,29.88
04/10/2010,14100,236880000,16.8(-0.59 %),165200,2745360000,151100,2508480000,822824,29.88
05/10/2010,0,0,16.8(0.00 %),0,0,0,0,822824,29.88
06/10/2010,-10000,-169000000,16.9(0.60 %),0,0,10000,169000000,832824,29.88
07/10/2010,-186900,-3139144000,16.9(0.00 %),16100,271530000,203000,3410674000,1019724,29.85
08/10/2010,4150,69845000,16.8(-0.59 %),9200,154500000,5050,84655000,1015574,29.85
11/10/2010,100,1660000,16.7(-0.60 %),100,1660000,0,0,1015474,29.85
12/10/2010,2700,44950000,16.4(-1.80 %),2700,44950000,0,0,1012774,29.85
13/10/2010,15700,254340000,16.2(-1.22 %),15700,254340000,0,0,997074,29.85
14/10/2010,36980,600940000,16.1(-0.62 %),40700,661360000,3720,60420000,960094,29.86
15/10/2010,33750,550415000,16(-0.62 %),164750,2653315000,131000,2102900000,926344,29.86
18/10/2010,0,0,15.9(-0.62 %),0,0,0,0,926344,29.86
19/10/2010,0,0,15.8(-0.63 %),0,0,0,0,926344,29.86
20/10/2010,200300,3142590000,15.5(-1.90 %),200300,3142590000,0,0,726044,29.89
21/10/2010,237100,3708320000,15.6(0.65 %),347100,5421220000,110000,1712900000,488944,29.93
22/10/2010,-244330,-3758481000,15.4(-1.28 %),40680,626672000,285010,4385153000,3921267,21.47
25/10/2010,67850,1044380000,15.3(-0.65 %),90400,1391650000,22550,347270000,3853417,29.58
26/10/2010,-22650,-349922000,15.6(1.96 %),2510,38805000,25160,388727000,3876067,29.58
27/10/2010,12400,193090000,15.4(-1.28 %),12500,194650000,100,1560000,3863667,29.58
28/10/2010,2290,35416000,15.7(1.95 %),2500,38650000,210,3234000,3861377,29.58
29/10/2010,515430,8196060000,16(1.91 %),2100170,33080038000,1584740,24883978000,3345947,29.64
01/11/2010,13640,217052000,15.8(-1.25 %),16130,256394000,2490,39342000,3332307,29.64
02/11/2010,19490,307073000,15.8(0.00 %),19490,307073000,0,0,3312817,29.64
03/11/2010,1960,30772000,15.5(-1.90 %),1960,30772000,0,0,3310857,29.64
04/11/2010,9820,152210000,15.6(0.65 %),11400,176700000,1580,24490000,3301037,29.64
05/11/2010,1169540,18594154000,15.9(1.92 %),1301000,20660520000,131460,2066366000,2131497,29.77
08/11/2010,697110,11036372000,15.8(-0.63 %),727110,11510372000,30000,474000000,1434387,29.84
09/11/2010,353530,5532021000,15.5(-1.90 %),2055730,32379361000,1702200,26847340000,1080857,29.88
10/11/2010,-154700,-2377870000,15.3(-1.29 %),20000,308630000,174700,2686500000,1235557,29.87
11/11/2010,276230,4213319000,15.2(-0.65 %),301900,4606070000,25670,392751000,959327,29.9
12/11/2010,215080,3221599000,14.9(-1.97 %),404490,6048208000,189410,2826609000,744247,29.92
15/11/2010,107200,1656745000,14.5(-2.68 %),518200,7659992000,411000,6003247000,637047,29.93
16/11/2010,-173410,-2449312000,14.3(-1.38 %),32690,464198000,206100,2913510000,810457,29.91
17/11/2010,-15370,-211796000,14.2(-0.70 %),1728330,24723114000,1743700,24934910000,825827,29.91
18/11/2010,-461700,-6570028000,14(-1.41 %),538300,7636200000,1000000,14206228000,1287527,29.86
19/11/2010,17730,248817000,13.9(-0.71 %),17730,248817000,0,0,1269797,29.86
22/11/2010,-564820,-7851516000,13.9(0.00 %),10450,144210000,575270,7995726000,1834617,29.8
23/11/2010,-930340,-12954060000,13.9(0.00 %),250,3500000,930590,12957560000,2764957,29.7
24/11/2010,-989440,-13856868000,14(0.72 %),10000,139200000,999440,13996068000,3754397,29.59
25/11/2010,103430,1468230000,14.2(1.43 %),103430,1468230000,0,0,3650967,29.6
26/11/2010,-88000,-1244800000,14.1(-0.70 %),1439000,20433600000,1527000,21678400000,3738967,29.59
29/11/2010,119570,1691327000,14.2(0.71 %),311820,4420242000,192250,2728915000,3619397,29.61
30/11/2010,431920,6332560000,14.7(3.52 %),562100,8242170000,130180,1909610000,3187477,29.65
01/12/2010,333980,4854359000,14.5(-1.36 %),838180,12183759000,504200,7329400000,2853497,29.69
02/12/2010,473330,6977726000,15(3.45 %),1540030,22627846000,1066700,15650120000,2380167,29.74
03/12/2010,702370,10895845000,15.6(4.00 %),747670,11602525000,45300,706680000,1677797,29.82
06/12/2010,231490,3595452000,15.4(-1.28 %),1606590,25047032000,1375100,21451580000,1446307,29.84
07/12/2010,134000,2050100000,15.1(-1.95 %),134000,2050100000,0,0,1312307,29.86
08/12/2010,188480,2705504000,14.4(-4.64 %),228060,3293969000,39580,588465000,1123827,29.88
09/12/2010,357300,5330808000,15(4.17 %),412300,6133971000,55000,803163000,766527,29.92
10/12/2010,256000,3937538000,15.5(3.33 %),257500,3960188000,1500,22650000,510527,29.94
13/12/2010,309500,5013900000,16.2(4.52 %),409500,6613900000,100000,1600000000,201027,29.98
14/12/2010,377860,6418008000,16.9(4.32 %),1590826,26147757000,1212966,19729749000,0,30.02
15/12/2010,8000,145170000,17.3(2.37 %),55000,966270000,47000,821100000,0,30.02
16/12/2010,-60500,-1007798000,16.5(-4.62 %),1500,25200000,62000,1032998000,0,30.01
17/12/2010,-2000,-32900000,16.8(1.82 %),0,0,2000,32900000,0,30.01
20/12/2010,4800,79880000,16.3(-2.98 %),14800,246880000,10000,167000000,0,30.01
21/12/2010,80650,1294174000,16(-1.84 %),101150,1616074000,20500,321900000,0,30.02
22/12/2010,-192900,-3086130000,16(0.00 %),7400,118760000,200300,3204890000,0,30.0
23/12/2010,1590,25228000,15.6(-2.50 %),1590,25228000,0,0,0,30.0
24/12/2010,54120,833755000,15.6(0.00 %),113620,1761955000,59500,928200000,0,30.01
27/12/2010,-17550,-271995000,15.7(0.64 %),11600,180960000,29150,452955000,0,30.01
28/12/2010,-1273910,-20094512000,16(1.91 %),113590,1798170000,1387500,21892682000,1220867,29.87
29/12/2010,-1335360,-21329560000,16(0.00 %),2314189,37025024000,3649549,58354584000,2556227,29.72
30/12/2010,-992130,-15774867000,15.9(-0.62 %),870,13833000,993000,15788700000,3548357,29.61
31/12/2010,-247000,-3991900000,16.2(1.89 %),0,0,247000,3991900000,3795357,29.59
04/01/2011,6570,104014000,15.7(-3.09 %),8570,136214000,2000,32200000,3788787,29.59
05/01/2011,-852650,-13233249000,15.5(-1.27 %),2350,37200000,855000,13270449000,4641437,29.49
06/01/2011,10330,160115000,15.6(0.65 %),12000,186000000,1670,25885000,4631107,29.5
07/01/2011,196190,3060064000,15.6(0.00 %),331190,5166064000,135000,2106000000,4434917,29.52
10/01/2011,-362100,-5612610000,15.5(-0.64 %),271400,4206790000,633500,9819400000,4797017,29.48
11/01/2011,-59640,-918756000,15.4(-0.65 %),2000,30800000,61640,949556000,4856657,29.47
12/01/2011,206370,3206523000,15.6(1.30 %),306160,4753268000,99790,1546745000,4650287,29.49
13/01/2011,307690,4832153000,15.6(0.00 %),340000,5340000000,32310,507847000,4342597,29.53
14/01/2011,-14780,-228695000,15.6(0.00 %),218370,3404445000,233150,3633140000,4357377,29.53
17/01/2011,503320,7929285000,15.6(0.00 %),1022860,16064259000,519540,8134974000,3854057,29.58
18/01/2011,6900,108040000,15.6(0.00 %),7000,109600000,100,1560000,4335697,29.53
19/01/2011,20750,323680000,15.6(0.00 %),20750,323680000,0,0,4314947,29.53
20/01/2011,293960,4604768000,15.7(0.64 %),298660,4678288000,4700,73520000,4020987,29.56
21/01/2011,78660,1268693000,15.8(0.64 %),210960,3370072000,132300,2101379000,3942327,29.57
24/01/2011,-692740,-10942052000,15.8(0.00 %),43220,689616000,735960,11631668000,4635067,29.5
25/01/2011,-803660,-12617462000,15.7(-0.63 %),20,314000,803680,12617776000,5438727,29.41
26/01/2011,8200,129520000,15.8(0.64 %),8200,129520000,0,0,5430527,37.71
27/01/2011,-4790,-75303000,15.8(0.00 %),210,3297000,5000,78600000,5443517,29.41
28/01/2011,156520,2468483000,15.8(0.00 %),161830,2552381000,5310,83898000,5286997,29.42
08/02/2011,148920,2394421000,15.9(0.63 %),258000,4117455000,109080,1723034000,5138077,29.44
09/02/2011,8350,133765000,15.9(0.00 %),19500,312180000,11150,178415000,5129727,29.44
10/02/2011,200,3160000,15.9(0.00 %),200,3160000,0,0,5129527,29.44
11/02/2011,100760,1592088000,15.8(-0.63 %),101300,1600620000,540,8532000,5028767,29.45
14/02/2011,-413580,-6492988000,15.7(-0.63 %),17880,282433000,431460,6775421000,5442347,29.41
15/02/2011,-296020,-4599301000,15.5(-1.27 %),59820,931112000,355840,5530413000,5738367,29.37
16/02/2011,-291300,-4503558000,15.4(-0.65 %),16000,248000000,307300,4751558000,6029667,29.34
17/02/2011,-198520,-3057290000,15.4(0.00 %),2300,35420000,200820,3092710000,6228187,29.32
18/02/2011,-338700,-5139840000,15.1(-1.95 %),15300,231160000,354000,5371000000,6566887,29.28
21/02/2011,-1255190,-18123509000,14.4(-4.64 %),4380,64282000,1259570,18187791000,7822077,29.15
22/02/2011,192760,2759284000,14.3(-0.69 %),244000,3473400000,51240,714116000,7629317,29.17
23/02/2011,-901810,-12996078000,14.4(0.70 %),13340,190868000,915150,13186946000,8531127,29.07
24/02/2011,127750,1831590000,14.3(-0.69 %),140100,2009430000,12350,177840000,8403377,29.08
25/02/2011,103450,1501922000,14.7(2.80 %),203450,2954267000,100000,1452345000,8299927,29.1
28/02/2011,31100,464049000,14.4(-2.04 %),131100,1914049000,100000,1450000000,8268827,29.1
01/03/2011,132440,1894892000,14.3(-0.69 %),147520,2110536000,15080,215644000,8136387,29.11
02/03/2011,-268450,-3750210000,13.9(-2.80 %),2550,36095000,271000,3786305000,8404837,29.08
03/03/2011,-352380,-4903159000,14(0.72 %),1140,15769000,353520,4918928000,0,0.0
04/03/2011,927850,13088400000,13.9(-0.71 %),1104350,15559400000,176500,2471000000,0,0.0
07/03/2011,-4400,-61210000,14(0.72 %),700,9730000,5100,70940000,0,0.0
08/03/2011,-80400,-1125620000,13.9(-0.71 %),10000,140000000,90400,1265620000,0,0.0
09/03/2011,3650,50735000,13.9(0.00 %),4800,66720000,1150,15985000,0,0.0
10/03/2011,-361950,-5066626000,14(0.72 %),60,834000,362010,5067460000,0,0.0
11/03/2011,-938320,-13378190000,14.3(2.14 %),72380,1032620000,1010700,14410810000,0,0.0
14/03/2011,-820490,-11405908000,13.9(-2.80 %),11200,156740000,831690,11562648000,0,0.0
15/03/2011,-1247850,-17220404000,13.7(-1.44 %),6120,84838000,1253970,17305242000,0,0.0
16/03/2011,-1046820,-14358295000,13.7(0.00 %),300,4110000,1047120,14362405000,8240418,29.1
17/03/2011,-426620,-5851194000,13.8(0.73 %),1500,20650000,428120,5871844000,8667038,29.06
18/03/2011,900,12510000,14(1.45 %),1000,13900000,100,1390000,8666138,29.06
21/03/2011,-300700,-4209800000,14(0.00 %),100,1400000,300800,4211200000,8966838,29.02
22/03/2011,-219350,-3049000000,13.9(-0.71 %),6000,83700000,225350,3132700000,9186188,29.0
23/03/2011,-17850,-247115000,14(0.72 %),22150,308885000,40000,556000000,9204038,29.0
24/03/2011,-6400,-88960000,13.8(-1.43 %),3200,44480000,9600,133440000,9210438,29.0
25/03/2011,14200,195880000,14(1.45 %),55400,768570000,41200,572690000,9196238,29.0
28/03/2011,-192000,-2688560000,14(0.00 %),9000,125360000,201000,2813920000,9388238,28.98
29/03/2011,9500,133800000,14.1(0.71 %),10000,140800000,500,7000000,9378738,28.98
30/03/2011,4710,65469000,13.9(-1.42 %),4710,65469000,0,0,9374028,28.98
31/03/2011,51350,718130000,14(0.72 %),53050,741830000,1700,23700000,9322678,28.98
01/04/2011,40850,565930000,13.8(-1.43 %),40850,565930000,0,0,13263666,28.56
04/04/2011,178510,2475248000,13.8(0.00 %),179800,2493050000,1290,17802000,13085156,28.57
05/04/2011,-58010,-800378000,13.8(0.00 %),22100,305140000,80110,1105518000,13143166,28.57
06/04/2011,-69500,-967100000,13.9(0.72 %),30500,422900000,100000,1390000000,13212666,28.56
07/04/2011,-81800,-1137480000,14(0.72 %),32500,451300000,114300,1588780000,13294466,28.55
08/04/2011,-331500,-4575432000,13.8(-1.43 %),18500,255300000,350000,4830732000,13625966,28.52
13/04/2011,-329250,-4543650000,13.8(0.00 %),22150,305670000,351400,4849320000,13955216,28.48
14/04/2011,-12970,-178996000,13.9(0.72 %),6100,84180000,19070,263176000,13968186,28.48
15/04/2011,-10900,-149040000,13.8(-0.72 %),8600,118460000,19500,267500000,13979086,28.48
18/04/2011,-786630,-10698072000,13.7(-0.72 %),2060,28112000,788690,10726184000,14765716,28.39
19/04/2011,-59620,-810842000,13.5(-1.46 %),5700,77310000,65320,888152000,14825336,28.38
20/04/2011,4500,59850000,13.4(-0.74 %),4600,61180000,100,1330000,14820836,28.39
21/04/2011,-55320,-741488000,13.5(0.75 %),100,1340000,55420,742828000,14876156,28.38
22/04/2011,-570,-7638000,13.4(-0.74 %),4430,59362000,5000,67000000,14876726,28.38
25/04/2011,-341500,-4590200000,13.5(0.75 %),9900,133640000,351400,4723840000,15218226,28.34
26/04/2011,-38300,-508220000,13.2(-2.22 %),21000,281400000,59300,789620000,15256526,28.34
27/04/2011,-86870,-1136579000,12.8(-3.03 %),27740,359212000,114610,1495791000,15343396,28.33
28/04/2011,-130700,-1686050000,12.9(0.78 %),100300,1293850000,231000,2979900000,15474096,28.31
29/04/2011,85700,1108040000,12.9(0.00 %),135700,1753040000,50000,645000000,15388396,28.32
04/05/2011,-2000,-18300000,13(0.78 %),100800,1307820000,102800,1326120000,14954152,28.37
05/05/2011,-2010,-25929000,12.9(-0.77 %),0,0,2010,25929000,14956162,28.37
06/05/2011,5100,65790000,12.9(0.00 %),105100,1355790000,100000,1290000000,14951062,28.37
09/05/2011,74400,951213000,12.8(-0.78 %),126400,1617989000,52000,666776000,14876662,28.38
10/05/2011,114300,1445870000,12.6(-1.56 %),114300,1445870000,0,0,14762362,28.39
11/05/2011,-108380,-1359438000,12.5(-0.79 %),56620,703162000,165000,2062600000,14870742,28.38
12/05/2011,-19870,-246518000,12.5(0.00 %),2900,36050000,22770,282568000,14890612,28.38
13/05/2011,700,8680000,12.5(0.00 %),700,8680000,0,0,14889912,28.38
16/05/2011,-46060,-571209000,12.4(-0.80 %),940,11661000,47000,582870000,14935972,28.37
17/05/2011,-7700,-96310000,12.4(0.00 %),300,3690000,8000,100000000,14943672,28.37
18/05/2011,-1122010,-13824713000,12.4(0.00 %),52150,641455000,1174160,14466168000,16065682,28.25
19/05/2011,-549900,-6783770000,12.4(0.00 %),50100,616230000,600000,7400000000,16615582,28.19
20/05/2011,-388560,-4779209000,12.3(-0.81 %),36290,446446000,424850,5225655000,17004142,28.15
23/05/2011,-208490,-2547296000,12.2(-0.81 %),87510,1067104000,296000,3614400000,17212632,28.12
24/05/2011,104960,1258434000,12.2(0.00 %),106260,1274294000,1300,15860000,17107672,28.14
25/05/2011,-63790,-760662000,11.9(-2.46 %),37210,441198000,101000,1201860000,17171462,28.13
26/05/2011,-380120,-4479346000,11.9(0.00 %),54560,639208000,434680,5118554000,17551582,28.09
27/05/2011,7130,84990000,12(0.84 %),7130,84990000,0,0,17544452,28.09
30/05/2011,90090,1067354000,11.7(-2.50 %),91090,1079144000,1000,11790000,17454362,28.1
31/05/2011,-51870,-605029000,11.7(0.00 %),22900,270080000,74770,875109000,17506232,28.09
01/06/2011,4320,50010000,11.8(0.85 %),15940,186998000,11620,136988000,17812132,28.06
02/06/2011,-500750,-6004726000,12(1.69 %),6000,71960000,506750,6076686000,18312882,28.0
03/06/2011,2600,31770000,11.9(-0.83 %),4900,59030000,2300,27260000,18310282,28.01
06/06/2011,19500,230450000,11.9(0.00 %),21000,248300000,1500,17850000,18290782,28.01
07/06/2011,32140,383866000,11.9(0.00 %),35700,426230000,3560,42364000,18258642,28.01
08/06/2011,-806650,-9518170000,11.8(-0.84 %),123350,1455830000,930000,10974000000,19065292,27.92
09/06/2011,-176370,-2081182000,11.8(0.00 %),25630,302418000,202000,2383600000,19241662,27.9
10/06/2011,-70620,-841356000,11.9(0.85 %),9580,113044000,80200,954400000,19312282,27.9
13/06/2011,-82700,-984130000,11.9(0.00 %),21300,253470000,104000,1237600000,19394982,27.89
14/06/2011,-45730,-554990000,12(0.84 %),20000,238500000,65730,793490000,19440712,27.88
15/06/2011,-521870,-6210253000,11.9(-0.83 %),3500,41650000,525370,6251903000,19962582,27.83
16/06/2011,11000,130870000,11.9(0.00 %),13000,154670000,2000,23800000,19951582,27.83
17/06/2011,1790,20991000,11.9(0.00 %),3110,36699000,1320,15708000,19949792,27.83
20/06/2011,4800,56640000,11.9(0.00 %),4800,56640000,0,0,19944992,27.83
21/06/2011,-3000,-35400000,11.9(0.00 %),0,0,3000,35400000,19947992,27.83
22/06/2011,810,9639000,11.9(0.00 %),2800,33320000,1990,23681000,19947182,27.83
23/06/2011,-1180,-13924000,11.9(0.00 %),400,4720000,1580,18644000,19948362,27.83
24/06/2011,-100,-1200000,12(0.84 %),0,0,100,1200000,19948462,27.83
27/06/2011,11210,135439000,12(0.00 %),11210,135439000,0,0,19937252,27.83
28/06/2011,-2060,-24720000,12(0.00 %),1450,17400000,3510,42120000,19939312,27.83
29/06/2011,-200,-2420000,12(0.00 %),0,0,200,2420000,19939512,27.83
30/06/2011,-1460,-17520000,12(0.00 %),0,0,1460,17520000,19940972,27.83
01/07/2011,-63810,-793106000,12.6(5.00 %),0,0,63810,793106000,20023193,27.82
04/07/2011,-101700,-1342180000,13(3.17 %),3000,39000000,104700,1381180000,20124893,27.81
05/07/2011,-40000,-518000000,12.9(-0.77 %),0,0,40000,518000000,20164893,27.8
06/07/2011,0,0,12.8(-0.78 %),0,0,0,0,20164893,27.8
07/07/2011,-151650,-1955555000,13(1.56 %),2000,25800000,153650,1981355000,20316543,27.79
08/07/2011,-447270,-5854051000,13.3(2.31 %),2730,35247000,450000,5889298000,20763813,27.74
11/07/2011,-769100,-10474215000,13.6(2.26 %),1100,14630000,770200,10488845000,21532913,27.65
12/07/2011,-1100,-15180000,13.6(0.00 %),0,0,1100,15180000,21534013,27.65
13/07/2011,-166560,-2265217000,13.6(0.00 %),10210,138855000,176770,2404072000,21700573,27.64
14/07/2011,-20950,-280759000,13.5(-0.74 %),100,1350000,21050,282109000,21721523,27.63
15/07/2011,2490,33864000,13.6(0.74 %),2490,33864000,0,0,21719033,27.63
18/07/2011,-23300,-324040000,14(2.94 %),1700,23460000,25000,347500000,21742333,27.63
19/07/2011,-7090,-99260000,13.9(-0.71 %),10,140000,7100,99400000,21749423,27.63
20/07/2011,5300,73900000,13.9(0.00 %),5300,73900000,0,0,21744123,27.63
21/07/2011,-12770,-176445000,13.9(0.00 %),10,139000,12780,176584000,21756893,27.63
22/07/2011,3990,55461000,13.9(0.00 %),4000,55600000,10,139000,21752903,27.63
25/07/2011,11190,151184000,13.8(-0.72 %),11190,151184000,0,0,21741713,27.63
26/07/2011,-68310,-938447000,13.9(0.72 %),0,0,68310,938447000,21810023,27.62
27/07/2011,0,0,13.8(-0.72 %),0,0,0,0,21810023,27.62
28/07/2011,0,0,13.9(0.72 %),0,0,0,0,21810023,27.62
29/07/2011,-320,-4776000,13.9(0.00 %),3280,45264000,3600,50040000,21810343,27.62
01/08/2011,4200,59150000,14.2(2.16 %),4500,63350000,300,4200000,21871233,27.62
02/08/2011,216540,3202456000,14.9(4.93 %),234450,3468135000,17910,265679000,21654693,27.64
03/08/2011,-126260,-1889503000,15.3(2.68 %),8780,131609000,135040,2021112000,21780953,27.63
04/08/2011,-8340,-127760000,15.2(-0.65 %),74774362,1196388318000,74782702,1196516078000,21789293,27.63
05/08/2011,900090,13585769000,15.2(0.00 %),1006200,15191760000,106110,1605991000,20889203,27.72
08/08/2011,1988210,30386166000,15.2(0.00 %),2092210,31975966000,104000,1589800000,18900993,27.94
09/08/2011,5375713,81080044000,15.1(-0.66 %),5428293,81868344000,52580,788300000,13525280,28.53
10/08/2011,14600,191032000,13.2(0.76 %),18640,243560000,4040,52528000,13510680,28.53
11/08/2011,243190,3206308000,13.1(-0.76 %),250000,3295000000,6810,88692000,13267490,28.55
12/08/2011,32630,418927000,12.8(-2.29 %),85700,1102530000,53070,683603000,13234860,28.56
15/08/2011,-199500,-2535413000,12.8(0.00 %),100500,1286350000,300000,3821763000,13434360,28.54
16/08/2011,431240,5601332000,13.1(2.34 %),438540,5695372000,7300,94040000,13003120,28.58
17/08/2011,221500,2942800000,13.4(2.29 %),221500,2942800000,0,0,12781620,28.61
18/08/2011,-100,-1360000,13.5(0.75 %),400,5390000,500,6750000,12781720,28.61
19/08/2011,245600,3314395000,13.6(0.74 %),355930,4801850000,110330,1487455000,12536120,28.63
22/08/2011,251400,3461060000,13.8(1.47 %),381000,5247500000,129600,1786440000,12284720,28.66
23/08/2011,662680,9205184000,13.9(0.72 %),738150,10254170000,75470,1048986000,11622040,28.73
24/08/2011,10240,139886000,14(0.72 %),55740,776886000,45500,637000000,11611800,28.73
25/08/2011,-29580,-414120000,14(0.00 %),40000,560000000,69580,974120000,11641380,28.73
26/08/2011,11700,163800000,14(0.00 %),11700,163800000,0,0,11629680,28.73
29/08/2011,-125320,-1759306000,14.1(0.71 %),2000,28000000,127320,1787306000,11755000,28.72
30/08/2011,-118100,-1655210000,14(-0.71 %),1000,14100000,119100,1669310000,11873100,28.71
31/08/2011,-37640,-524980000,14(0.00 %),25200,354780000,62840,879760000,11910740,28.7
01/09/2011,-572510,-8243351000,14.4(2.86 %),2050,28890000,574560,8272241000,11605380,28.74
05/09/2011,-135640,-1953390000,14.4(0.00 %),1560,22310000,137200,1975700000,11741020,28.72
06/09/2011,-132060,-1903364000,14.4(0.00 %),21000,300700000,153060,2204064000,11873080,28.71
07/09/2011,2250,33397000,14.4(0.00 %),13050,188917000,10800,155520000,11870830,28.71
08/09/2011,1088456,16349490000,14.4(0.00 %),1145756,17180340000,57300,830850000,10782374,28.83
09/09/2011,-10400,-150467000,14.3(-0.69 %),2930,42192000,13330,192659000,10792774,28.82
12/09/2011,0,0,14(-2.10 %),0,0,0,0,10792774,28.82
13/09/2011,-228970,-3210980000,14(0.00 %),0,0,228970,3210980000,11021744,28.8
14/09/2011,-447000,-6299660000,14.1(0.71 %),0,0,447000,6299660000,11468744,28.75
15/09/2011,-1000,-14100000,14.1(0.00 %),0,0,1000,14100000,11469744,28.75
16/09/2011,512750,7266175000,14.1(0.00 %),512900,7268290000,150,2115000,10956994,28.81
19/09/2011,-180840,-2540054000,14.1(0.00 %),69160,974946000,250000,3515000000,11137834,28.79
20/09/2011,-552890,-7815222000,14.1(0.00 %),10430,147900000,563320,7963122000,11690724,28.73
21/09/2011,-450720,-6390224000,14.2(0.71 %),0,0,450720,6390224000,12141444,28.68
22/09/2011,34770,908161000,14.2(0.00 %),600130,8941846000,565360,8033685000,12106674,28.68
23/09/2011,-11610,-164862000,14.2(0.00 %),0,0,11610,164862000,12118284,28.68
26/09/2011,-353130,-5014496000,14.2(0.00 %),1420,20164000,354550,5034660000,12471414,28.64
27/09/2011,-262690,-3705889000,14.1(-0.70 %),4600,64400000,267290,3770289000,12734104,28.61
28/09/2011,-1076530,-15171811000,14.2(0.71 %),1020,14372000,1077550,15186183000,13810634,28.5
29/09/2011,-99000,-1415700000,14.2(0.00 %),0,0,99000,1415700000,13909634,28.48
30/09/2011,-26690,-384196000,14.3(0.70 %),3310,47304000,30000,431500000,13936324,28.48
03/10/2011,-10200,-147860000,14.5(1.40 %),0,0,10200,147860000,14111544,28.46
04/10/2011,-100,-1460000,14.5(0.00 %),0,0,100,1460000,14111644,28.46
05/10/2011,4400,63780000,14.5(0.00 %),4400,63780000,0,0,14107244,28.46
06/10/2011,-150,-2175000,14.5(0.00 %),0,0,150,2175000,14107394,28.46
07/10/2011,17400,252540000,14.7(1.38 %),17400,252540000,0,0,14089994,28.47
10/10/2011,0,0,14.5(-1.36 %),0,0,0,0,14089994,28.47
11/10/2011,493000,7493600000,14.4(-0.69 %),493000,7493600000,0,0,13596994,28.52
12/10/2011,480,6912000,14.4(0.00 %),480,6912000,0,0,13596514,28.52
13/10/2011,0,0,14.4(0.00 %),0,0,0,0,13596514,28.52
14/10/2011,-3490,-49450000,14.2(-1.39 %),1080,15444000,4570,64894000,13600004,28.52
17/10/2011,-455070,-6333243000,13.7(-3.52 %),25050,354600000,480120,6687843000,14055074,28.47
18/10/2011,-95000,-1292900000,13.6(-0.73 %),5000,68000000,100000,1360900000,14150074,28.46
19/10/2011,-42250,-64030000,13.3(-2.21 %),571000,8107100000,613250,8171130000,14192324,28.45
20/10/2011,-224200,-2963351000,13.2(-0.75 %),100,1320000,224300,2964671000,14416524,28.43
21/10/2011,-581950,-7666756000,13.1(-0.76 %),1200,15940000,583150,7682696000,14998474,28.37
24/10/2011,39220,517704000,13.2(0.76 %),91220,1204104000,52000,686400000,14959254,28.37
25/10/2011,69880,923332000,13.4(1.52 %),77880,1029016000,8000,105684000,14889374,28.38
26/10/2011,5000,66200000,13.2(-1.49 %),5000,66200000,0,0,14884374,28.38
27/10/2011,0,0,13.2(0.00 %),0,0,0,0,14884374,28.38
28/10/2011,61560,828745000,13.6(3.03 %),61560,828745000,0,0,14822814,28.39
31/10/2011,-45000,-607500000,13.4(-1.47 %),150,2025000,45150,609525000,14867814,28.38
01/11/2011,0,0,13.3(-0.75 %),0,0,0,0,15539420,28.31
02/11/2011,-59740,-793042000,13.2(-0.75 %),10000,133000000,69740,926042000,15599160,28.3
03/11/2011,-7900,-104280000,13.2(0.00 %),2100,27720000,10000,132000000,15607060,28.3
04/11/2011,3000,39600000,13.2(0.00 %),3000,39600000,0,0,15604060,28.3
07/11/2011,-123000,-1684900000,13.7(3.79 %),7000,96100000,130000,1781000000,15727060,28.29
08/11/2011,31000,426200000,13.7(0.00 %),31000,426200000,0,0,15696060,28.29
09/11/2011,14750,199220000,13.6(-0.73 %),14750,199220000,0,0,15681310,28.29
10/11/2011,3900,52540000,13.7(0.74 %),5000,67500000,1100,14960000,15677410,28.29
11/11/2011,280,3836000,13.9(1.46 %),280,3836000,0,0,15677130,28.29
14/11/2011,-500,-7090000,13.9(0.00 %),86500,1209058000,87000,1216148000,15677630,28.29
15/11/2011,-680,-9452000,13.9(0.00 %),0,0,680,9452000,15678310,28.29
16/11/2011,-348380,-4927178000,14.3(2.88 %),0,0,348380,4927178000,16026690,28.25
17/11/2011,200,2840000,14.5(1.40 %),300,4290000,100,1450000,16026490,28.25
18/11/2011,700,10170000,14.8(2.07 %),700,10170000,0,0,16025790,28.25
21/11/2011,-79970,-1216244000,15.4(4.05 %),4000,60600000,83970,1276844000,16105760,28.25
22/11/2011,-370510,-5685603000,15.5(0.65 %),3000,46300000,373510,5731903000,16476270,28.21
23/11/2011,-4905000,-77495500000,15.1(-2.58 %),0,0,4905000,77495500000,21381270,27.67
24/11/2011,-3051420,-46950468000,14.8(-1.99 %),3000,44600000,3054420,46995068000,24432690,27.34
25/11/2011,-2096900,-30994720000,14.6(-1.35 %),2000,29000000,2098900,31023720000,26529590,27.11
28/11/2011,-4700,-65870000,14.3(-2.05 %),2050,29305000,6750,95175000,26534290,27.11
29/11/2011,-1350390,-19280538000,14.3(0.00 %),0,0,1350390,19280538000,27884680,26.96
30/11/2011,-699800,-10077200000,14.4(0.70 %),200,2800000,700000,10080000000,28584480,26.89
01/12/2011,-397240,-5700306000,14.4(0.00 %),4200,60430000,401440,5760736000,35634206,31.22
02/12/2011,-1025726,-14720134000,13.9(-3.47 %),0,0,1025726,14720134000,36659932,31.11
05/12/2011,0,0,13.7(-1.44 %),0,0,0,0,36659932,31.11
06/12/2011,-17710,-242205000,13.8(0.73 %),0,0,17710,242205000,36677642,31.1
07/12/2011,-191410,-2632901000,13.9(0.72 %),4000,55600000,195410,2688501000,36869052,26.57
08/12/2011,-151510,-2123869000,14(0.72 %),350,4900000,151860,2128769000,37020562,26.55
09/12/2011,-4840,-67770000,14.1(0.71 %),100,1390000,4940,69160000,37025402,26.55
12/12/2011,-1505000,-22148100000,14.8(4.96 %),0,0,1505000,22148100000,38530402,26.41
13/12/2011,-1213283,-18286623000,14.8(0.00 %),100,1460000,1213383,18288083000,39743685,26.3
14/12/2011,-1950593,-27837431000,14.8(0.00 %),0,0,1950593,27837431000,41694278,26.12
15/12/2011,-1249790,-18424252000,14.8(0.00 %),0,0,1249790,18424252000,42944068,26.0
16/12/2011,2800,41140000,14.8(0.00 %),3000,44100000,200,2960000,42941268,26.0
19/12/2011,-36610,-538528000,14.7(-0.68 %),0,0,36610,538528000,42977878,26.0
20/12/2011,-4300,-63535000,14.8(0.68 %),0,0,4300,63535000,42982178,26.0
21/12/2011,-7002100,-105731180000,15(1.35 %),0,0,7002100,105731180000,49984278,25.35
22/12/2011,-147080,-2235312000,15.2(1.33 %),0,0,147080,2235312000,50131358,25.33
23/12/2011,-100100,-1531520000,15.2(0.00 %),0,0,100100,1531520000,50231458,25.32
26/12/2011,-4942670,-74138893000,15.3(0.66 %),10880,165432000,4953550,74304325000,55174128,24.86
27/12/2011,-18701020,-288061188000,15.8(3.27 %),1130,17854000,18702150,288079042000,73875148,23.12
28/12/2011,-4558210,-70399747000,15.1(-4.43 %),0,0,4558210,70399747000,78433358,22.7
29/12/2011,-1136900,-17107250000,15.1(0.00 %),100,1450000,1137000,17108700000,79570258,22.59
30/12/2011,-363020,-5699301000,15.1(0.00 %),1096270,16497478000,1459290,22196779000,79933278,22.56
03/01/2012,-575290,-8837597000,15.5(2.65 %),11430,171234000,586720,9008831000,77633170,22.77
04/01/2012,-317620,-5031692000,16(3.23 %),20,308000,317640,5032000000,77950790,22.74
05/01/2012,-191170,-3022506000,15.8(-1.25 %),0,0,191170,3022506000,78141960,22.72
06/01/2012,-604100,-9575614000,16(1.27 %),266270,4216306000,870370,13791920000,78746060,22.67
09/01/2012,-103600715,-1657721985000,16.8(5.00 %),40950,655200000,103641665,1658377185000,182346775,13.02
10/01/2012,-3142860,-55499308000,17.4(3.57 %),940840,16365397000,4083700,71864705000,195815276,11.77
11/01/2012,-451610,-8133744000,17.9(2.87 %),10000,178380000,461610,8312124000,196266886,11.73
12/01/2012,-1283930,-23042472000,17.7(-1.12 %),135000,2414500000,1418930,25456972000,197550816,11.61
13/01/2012,-118810,-2100478000,17.7(0.00 %),7000,123880000,125810,2224358000,197669626,11.59
16/01/2012,-178440,-3148118000,17.7(0.00 %),560,9862000,179000,3157980000,197848066,11.58
17/01/2012,-50830,-904831000,17.7(0.00 %),2300,40480000,53130,945311000,197898896,11.57
18/01/2012,-152600,-2705643000,17.9(1.13 %),500,8800000,153100,2714443000,198051496,11.56
19/01/2012,-110000,-1983700000,18(0.56 %),0,0,110000,1983700000,198161496,11.55
20/01/2012,-50900,-921150000,18(0.00 %),5500,99050000,56400,1020200000,198212396,11.54
30/01/2012,-93600,-1719550000,18.5(2.78 %),6400,115450000,100000,1835000000,198305996,11.54
31/01/2012,-102920,-1940520000,19(2.70 %),130,2405000,103050,1942925000,198408916,11.53
01/02/2012,1200,22800000,19(0.00 %),1200,22800000,0,0,191953625,12.13
02/02/2012,-1520,-29492000,18.9(-0.53 %),5050,95955000,6570,125447000,191955145,12.13
03/02/2012,-2990,-56332000,18.7(-1.06 %),1010,19068000,4000,75400000,191958135,12.13
06/02/2012,-310,-5796000,19.1(2.14 %),0,0,310,5796000,191958445,12.13
07/02/2012,-1612596,-31413542000,19.2(0.52 %),0,0,1612596,31413542000,193571041,11.98
08/02/2012,904000,18036052000,20.1(4.69 %),975000,19455952000,71000,1419900000,192667041,12.06
09/02/2012,590520,12462318000,21.1(4.98 %),1200000,25292348000,609480,12830030000,192076521,12.12
10/02/2012,-1009040,-22218309000,21.9(3.79 %),33760,718466000,1042800,22936775000,193085561,12.02
13/02/2012,215700,4671720000,20.9(-4.57 %),218700,4737220000,3000,65500000,192869861,12.04
14/02/2012,1032800,20551800000,19.9(-4.78 %),1042000,20735800000,9200,184000000,191837061,12.14
15/02/2012,1250,23750000,19(-4.52 %),1250,23750000,0,0,191835811,12.14
16/02/2012,-1478750,-26765370000,18.1(-4.74 %),144150,2609120000,1622900,29374490000,193314561,12.0
17/02/2012,12080,220677000,18.4(1.66 %),72230,1320197000,60150,1099520000,193302481,12.0
20/02/2012,6540,125322000,19.3(4.89 %),9000,172800000,2460,47478000,193295941,12.0
21/02/2012,-39350,-781518000,19(-1.55 %),160,3008000,39510,784526000,193335291,12.0
22/02/2012,308960,5772048000,19(0.00 %),309000,5772808000,40,760000,193026331,12.03
23/02/2012,244640,4571180000,18.7(-1.58 %),345640,6449580000,101000,1878400000,192781691,12.05
24/02/2012,-165690,-3247948000,19.6(4.81 %),91440,1752418000,257130,5000366000,192947381,12.03
27/02/2012,32330,652213000,20.5(4.59 %),318730,6509373000,286400,5857160000,192915051,12.04
28/02/2012,1852300,39810450000,21.5(4.88 %),1990720,42786480000,138420,2976030000,191062751,12.21
29/02/2012,2108730,46910908000,22.5(4.65 %),2120070,47164936000,11340,254028000,188954021,12.41
01/03/2012,-21087783,-485642439000,22(-2.22 %),1225760,27299346000,22313543,512941785000,187983886,12.5
02/03/2012,879070,19503225000,22.2(0.91 %),1494890,33125429000,615820,13622204000,187104816,12.58
05/03/2012,758710,17770628000,23.3(4.95 %),948480,22066601000,189770,4295973000,186346106,12.65
06/03/2012,471030,10933219000,22.6(-3.00 %),597640,13866118000,126610,2932899000,185875076,12.69
07/03/2012,-754400,-16215146000,21.5(-4.87 %),299310,6449829000,1053710,22664975000,186629476,12.62
08/03/2012,52140,1068870000,20.5(-4.65 %),123070,2522935000,70930,1454065000,186577336,12.63
09/03/2012,-1969550,-38415428000,19.5(-4.88 %),303810,5924898000,2273360,44340326000,188546886,12.44
12/03/2012,-233940,-4269239000,20.3(4.10 %),4466520,86184359000,4700460,90453598000,188780826,12.42
13/03/2012,586630,12456099000,21.3(4.93 %),1778560,37595807000,1191930,25139708000,188194196,12.48
14/03/2012,4106720,91173497000,22.3(4.69 %),4133420,91768307000,26700,594810000,184087476,12.86
15/03/2012,6430100,146756104000,23.3(4.48 %),6786130,154837684000,356030,8081580000,177657376,13.46
16/03/2012,8501420,201689809000,24.1(3.43 %),11362120,270046562000,2860700,68356753000,169155956,14.25
19/03/2012,1535820,36352289000,23.6(-2.07 %),1611420,38142789000,75600,1790500000,167620136,14.39
20/03/2012,1899180,44026799000,23.3(-1.27 %),1899180,44026799000,0,0,165720956,14.57
21/03/2012,1205290,28552227000,23.7(1.72 %),1216620,28821881000,11330,269654000,164515666,14.68
22/03/2012,469300,11012610000,23.5(-0.84 %),503900,11818560000,34600,805950000,164046366,14.73
23/03/2012,669100,15688625000,23.7(0.85 %),696030,16326566000,26930,637941000,163377266,14.79
26/03/2012,1296720,30944697000,24(1.27 %),1297220,30956597000,500,11900000,162080546,14.91
27/03/2012,1909030,45300073000,23.3(-2.92 %),2009790,47691092000,100760,2391019000,160171516,15.09
28/03/2012,1154360,26985795000,23.5(0.86 %),1155360,27009195000,1000,23400000,159017156,15.19
29/03/2012,1022140,23967274000,23.4(-0.43 %),1040370,24394506000,18230,427232000,157995016,15.29
30/03/2012,255720,5962852000,23.2(-0.85 %),655720,15262852000,400000,9300000000,157739296,15.31
03/04/2012,97340,2721677000,23(-0.86 %),638340,14716727000,541000,11995050000,179021451,13.33
04/04/2012,410300,9419170000,23(0.00 %),415300,9533770000,5000,114600000,178611151,13.37
05/04/2012,-2648150,-57931820000,23.3(1.30 %),58050,1340560000,2706200,59272380000,181259301,13.12
06/04/2012,-12080570,-267543846000,24(3.00 %),412260,9820154000,12492830,277364000000,193339871,12.0
09/04/2012,45670,1103253000,24.1(0.42 %),66810,1613621000,21140,510368000,193294201,12.0
10/04/2012,457600,11203584000,24.7(2.49 %),490970,12019101000,33370,815517000,192836601,12.04
11/04/2012,273210,6837849000,25.3(2.43 %),281820,7052599000,8610,214750000,192563391,12.07
12/04/2012,124590,3276335000,26.5(4.74 %),204020,5365230000,79430,2088895000,192438801,12.08
13/04/2012,791750,20705324000,25.5(-3.77 %),799200,20898494000,7450,193170000,191647051,12.16
16/04/2012,102470,2513721000,25(-1.96 %),117490,2885907000,15020,372186000,191544581,12.16
17/04/2012,121560,3025184000,24.8(-0.80 %),160560,3996854000,39000,971670000,191423021,12.18
18/04/2012,-19859720,-496447308000,25.1(1.21 %),257800,6519692000,20117520,502967000000,211282741,10.33
19/04/2012,-13078954,-326940255000,25.2(0.40 %),281000,7066745000,13359954,334007000000,224361695,9.11
20/04/2012,279500,7104667000,25.6(1.59 %),279500,7104667000,0,0,224082195,9.14
23/04/2012,219750,5596376000,25.3(-1.17 %),219750,5596376000,0,0,223862445,9.16
24/04/2012,59790,1488364000,24.8(-1.98 %),59790,1488364000,0,0,223802655,9.16
25/04/2012,106440,2662976000,24.9(0.40 %),126790,3171691000,20350,508715000,223696215,9.17
26/04/2012,172340,4292556000,24.7(-0.80 %),176390,4393121000,4050,100565000,223523875,9.19
27/04/2012,71590,1771491000,24.6(-0.40 %),71590,1771491000,0,0,223452285,9.19
02/05/2012,234890,5737910000,24.4(-0.81 %),307700,7510092000,72810,1772182000,224284967,9.12
03/05/2012,47040,1102080000,23.5(-3.69 %),106670,2544091000,59630,1442011000,224237927,9.12
04/05/2012,3550,106080000,23(-2.13 %),164370,3855450000,160820,3749370000,224234377,0.0
07/05/2012,-275100,-6451085000,23.6(2.61 %),250600,5890944000,525700,12342029000,224509477,0.0
08/05/2012,-64970,-1588247000,24.7(4.66 %),723202,17810390000,788172,19398637000,224574447,0.0
09/05/2012,761750,19587794000,25.9(4.86 %),910300,23398289000,148550,3810495000,223812697,0.0
10/05/2012,925690,23632958000,25.6(-1.16 %),1049710,26802076000,124020,3169118000,222887007,0.0
11/05/2012,-41160,-982050000,24.7(-3.52 %),299410,7552265000,340570,8534315000,222928167,0.0
14/05/2012,-1952290,-48838640000,24.2(-2.02 %),55910,1359865000,2008200,50198505000,224880457,0.0
15/05/2012,-331460,-8138284000,24.6(1.65 %),495800,12212411000,827260,20350695000,225211917,0.0
16/05/2012,404630,10275324000,25.4(3.25 %),622210,15812186000,217580,5536862000,224807287,0.0
17/05/2012,-315390,-7856942000,24.7(-2.76 %),623860,15621419000,939250,23478361000,225122677,0.0
18/05/2012,-408550,-9975712000,24.6(-0.40 %),76740,1884301000,485290,11860013000,225531227,0.0
21/05/2012,-204200,-5093327000,25(1.63 %),3250,80463000,207450,5173790000,225735427,0.0
22/05/2012,-43820,-1101085000,25.2(0.80 %),26280,663600000,70100,1764685000,225779247,0.0
23/05/2012,-146130,-3683476000,25(-0.79 %),30610,765510000,176740,4448986000,225925377,0.0
24/05/2012,-93880,-2339997000,24.9(-0.40 %),0,0,93880,2339997000,226019257,0.0
25/05/2012,-238540,-6012147000,25.5(2.41 %),85740,2182026000,324280,8194173000,226257797,0.0
28/05/2012,46830,1198648000,25.1(-1.57 %),54700,1400120000,7870,201472000,226210967,0.0
29/05/2012,-166310,-4180937000,25.2(0.40 %),18000,450812000,184310,4631749000,226377277,0.0
30/05/2012,-112000,-2838200000,25.4(0.79 %),66000,1683000000,178000,4521200000,226489277,0.0
31/05/2012,-134800,-3412820000,25.3(-0.39 %),1100,27800000,135900,3440620000,226624077,0.0
01/06/2012,-8740,-220952000,25.4(0.40 %),1700,43180000,10440,264132000,64853942,8.96
04/06/2012,-662010,-16469282000,24.9(-1.97 %),13110,328659000,675120,16797941000,65515952,8.9
05/06/2012,-1215500,-30522707000,25.1(0.80 %),150,3765000,1215650,30526472000,66069442,8.85
06/06/2012,-105340,-2653636000,25.2(0.40 %),14080,354308000,119420,3007944000,66174782,8.84
07/06/2012,-544850,-13689240000,25(-0.79 %),10030,250756000,554880,13939996000,66719632,8.79
08/06/2012,-1164610,-29127017000,25(0.00 %),10300,257940000,1174910,29384957000,67884242,8.68
11/06/2012,-2355800,-58533278000,24.7(-1.20 %),40,992000,2355840,58534270000,70240042,8.46
12/06/2012,-2108600,-51884042000,24.5(-0.81 %),0,0,2108600,51884042000,72348642,8.26
13/06/2012,-3513830,-84413537000,23.3(-4.90 %),7000,169700000,3520830,84583237000,75862472,7.94
14/06/2012,-3431200,-76867938000,22.3(-4.29 %),2800,63070000,3434000,76931008000,79293672,7.62
15/06/2012,-11133980,-245435561000,21.5(-3.59 %),638100,13730230000,11772080,259165791000,90427652,6.58
18/06/2012,-2380150,-52516907000,22.4(4.19 %),76670,1646695000,2456820,54163602000,92807802,6.36
19/06/2012,-202720,-4559333000,22.5(0.45 %),1500,33780000,204220,4593113000,93010522,6.34
20/06/2012,-670950,-15171549000,22.8(1.33 %),29050,653071000,700000,15824620000,93681472,6.28
21/06/2012,-647500,-14527500000,22.3(-2.19 %),1000,22560000,648500,14550060000,94328972,6.22
22/06/2012,-18590,-414277000,22.4(0.45 %),8250,184225000,26840,598502000,94347562,6.22
25/06/2012,19400,433960000,22.4(0.00 %),19400,433960000,0,0,94328162,6.22
26/06/2012,-546640,-12189616000,22.3(-0.45 %),0,0,546640,12189616000,94874802,6.17
27/06/2012,-114220,-2540283000,22.2(-0.45 %),4000,89040000,118220,2629323000,94989022,6.16
28/06/2012,-882280,-19548646000,22.2(0.00 %),0,0,882280,19548646000,95871302,6.07
29/06/2012,-119620,-2647302000,22.2(0.00 %),94280,2084888000,213900,4732190000,95990922,6.06
02/07/2012,-212180,-4667960000,22(-0.90 %),100,2200000,212280,4670160000,95947089,6.07
03/07/2012,-3000,-66000000,22(0.00 %),0,0,3000,66000000,95950089,6.07
04/07/2012,-558500,-12350900000,22.2(0.91 %),0,0,558500,12350900000,96508589,6.01
05/07/2012,-5500,-122100000,22.2(0.00 %),0,0,5500,122100000,96514089,6.01
06/07/2012,-76840,-1705264000,22.2(0.00 %),0,0,76840,1705264000,96590929,6.01
09/07/2012,-69860,-1550892000,22.2(0.00 %),0,0,69860,1550892000,96660789,6.0
10/07/2012,-181630,-4031686000,22.3(0.45 %),17970,398934000,199600,4430620000,96842419,5.98
11/07/2012,-200,-4420000,22.1(-0.45 %),0,0,200,4420000,96842619,5.98
12/07/2012,-134700,-2868840000,22.2(0.45 %),300,6660000,135000,2875500000,96977319,5.97
13/07/2012,4300,95480000,22.2(0.00 %),11300,250880000,7000,155400000,96973019,5.97
16/07/2012,7160,159487000,22.3(0.45 %),17160,382668000,10000,223181000,96965859,5.97
17/07/2012,52280,1166047000,22.3(0.00 %),103560,2309388000,51280,1143341000,96913579,5.98
18/07/2012,5410,120513000,22.3(0.00 %),6110,136053000,700,15540000,96908169,5.98
19/07/2012,-43700,-970880000,22.4(0.45 %),0,0,43700,970880000,96951869,5.97
20/07/2012,-68510,-1531574000,22.4(0.00 %),33000,742200000,101510,2273774000,97020379,5.97
23/07/2012,4000,89720000,22.6(0.89 %),5500,123320000,1500,33600000,97016379,5.97
24/07/2012,-1500,-34590000,22.6(0.00 %),7000,157500000,8500,192090000,97017879,5.97
25/07/2012,11470,260022000,22.7(0.44 %),15500,351100000,4030,91078000,97006409,5.97
26/07/2012,-90,-2061000,22.9(0.88 %),0,0,90,2061000,97006499,5.97
27/07/2012,-9800,-223440000,22.9(0.00 %),0,0,9800,223440000,97016299,5.97
30/07/2012,160,3705000,23.2(1.31 %),160,3705000,0,0,97016139,5.97
31/07/2012,-2430,-56619000,23.3(0.43 %),40,932000,2470,57551000,97018569,5.97
01/08/2012,-21880,-509445000,23.2(-0.43 %),1810,42332000,23690,551777000,98431177,5.83
02/08/2012,0,0,23.3(0.43 %),0,0,0,0,98431177,5.83
03/08/2012,-100,-2320000,23.2(-0.43 %),0,0,100,2320000,98431277,5.83
06/08/2012,-34480,-792720000,23(-0.86 %),1600,37120000,36080,829840000,98465757,5.83
07/08/2012,-1000,-23000000,23(0.00 %),0,0,1000,23000000,98466757,5.83
08/08/2012,0,0,23.1(0.43 %),0,0,0,0,98466757,5.83
09/08/2012,-24790,-570470000,23(-0.43 %),100,2300000,24890,572770000,98491547,5.83
10/08/2012,-172790,-3974400000,23(0.00 %),900,20750000,173690,3995150000,98664337,5.81
13/08/2012,0,0,22.8(-0.87 %),0,0,0,0,98664337,5.81
14/08/2012,-17930,-408418000,22.8(0.00 %),1000,22900000,18930,431318000,98682267,5.81
15/08/2012,-93790,-2139948000,22.9(0.44 %),0,0,93790,2139948000,98776057,5.8
16/08/2012,-41180,-939104000,22.8(-0.44 %),0,0,41180,939104000,98817237,5.8
17/08/2012,-33500,-760450000,22.7(-0.44 %),1500,34050000,35000,794500000,98850737,5.8
20/08/2012,1100,24980000,22.8(0.44 %),1100,24980000,0,0,98849637,5.8
21/08/2012,110,2387000,21.7(-4.82 %),110,2387000,0,0,98849527,5.8
22/08/2012,16460,340722000,20.7(-4.61 %),16460,340722000,0,0,98833067,5.8
23/08/2012,-332140,-6543158000,19.7(-4.83 %),2000,39400000,334140,6582558000,99165207,5.77
24/08/2012,9490,174180000,20.1(2.03 %),15940,303330000,6450,129150000,99155717,5.77
27/08/2012,-136840,-2683002000,20(-0.50 %),6800,130894000,143640,2813896000,99292557,5.75
28/08/2012,-287260,-5686336000,20(0.00 %),175000,3428300000,462260,9114636000,99579817,5.73
29/08/2012,-175800,-3452376000,19.6(-2.00 %),30200,600580000,206000,4052956000,99755617,5.71
30/08/2012,-150000,-2985500000,20(2.04 %),0,0,150000,2985500000,99905617,5.7
31/08/2012,-232970,-4655600000,20(0.00 %),2600,52000000,235570,4707600000,100138587,5.68
04/09/2012,47360,947700000,20(0.00 %),68720,1374900000,21360,427200000,99514257,5.73
05/09/2012,61990,1239200000,20(0.00 %),61990,1239200000,0,0,99452267,5.74
06/09/2012,4850,96000000,20(0.00 %),23800,475000000,18950,379000000,99447417,5.74
07/09/2012,-184290,-3652500000,20(0.00 %),24710,491800000,209000,4144300000,99631707,5.72
10/09/2012,-631290,-12532312000,20(0.00 %),23700,469490000,654990,13001802000,100262997,5.66
11/09/2012,40680,809836000,20(0.00 %),46830,931206000,6150,121370000,100222317,5.67
12/09/2012,-309170,-6153383000,20(0.00 %),36700,728430000,345870,6881813000,100531487,5.64
13/09/2012,-214380,-4265246000,20(0.00 %),66460,1326730000,280840,5591976000,100745867,5.62
14/09/2012,7890,156710000,20(0.00 %),8090,160700000,200,3990000,100737977,5.62
17/09/2012,293440,6149450000,21(5.00 %),320340,6713820000,26900,564370000,100444537,5.65
18/09/2012,977750,21178472000,21.5(2.38 %),985550,21350072000,7800,171600000,99466787,5.74
19/09/2012,731120,15130656000,20.7(-3.72 %),878220,18159040000,147100,3028384000,98735667,5.81
20/09/2012,695680,13773772000,20(-3.38 %),958440,18999797000,262760,5226025000,98039987,5.87
21/09/2012,702060,14056478000,20(0.00 %),2551900,50994400000,1849840,36937922000,97337927,5.94
24/09/2012,-71580,-1413486000,20(0.00 %),0,0,71580,1413486000,97409507,5.93
25/09/2012,-258650,-5128409000,20(0.00 %),0,0,258650,5128409000,97668157,5.91
26/09/2012,-98970,-1968894000,20(0.00 %),200,3960000,99170,1972854000,97767127,5.9
27/09/2012,-391870,-7778835000,19.9(-0.50 %),500,9950000,392370,7788785000,98158997,5.86
28/09/2012,-783620,-15558598000,20(0.50 %),13920,278400000,797540,15836998000,98942617,5.79
01/10/2012,-189920,-3792196000,20(0.00 %),80,1584000,190000,3793780000,98266387,5.85
02/10/2012,-359910,-7166909000,20(0.00 %),0,0,359910,7166909000,98626297,5.82
03/10/2012,-174020,-3478796000,20(0.00 %),480,9504000,174500,3488300000,98800317,5.8
04/10/2012,-498050,-9939050000,20(0.00 %),50,985000,498100,9940035000,99298367,5.75
05/10/2012,98270,1947946000,20(0.00 %),98270,1947946000,0,0,99200097,5.76
08/10/2012,110830,2193984000,19.9(-0.50 %),171400,3399213000,60570,1205229000,99089267,5.77
09/10/2012,312670,6193919000,19.9(0.00 %),351090,6955577000,38420,761658000,98776597,5.8
10/10/2012,4500,88650000,19.9(0.00 %),4690,92393000,190,3743000,98772097,5.8
11/10/2012,352240,6987205000,19.9(0.00 %),356740,7075855000,4500,88650000,98419857,5.84
12/10/2012,-227670,-4471332000,19.7(-1.01 %),100,1960000,227770,4473292000,98647527,5.81
15/10/2012,-506400,-9827220000,19.6(-0.51 %),2000,38400000,508400,9865620000,99153927,5.77
16/10/2012,-507080,-10073899000,20(2.04 %),17570,341401000,524650,10415300000,99661007,5.72
17/10/2012,-24420,-483099000,20(0.00 %),2880,57136000,27300,540235000,99685427,5.72
18/10/2012,37910,754500000,20(0.00 %),37910,754500000,0,0,99647517,5.72
19/10/2012,-369090,-7376882000,20(0.00 %),37910,751018000,407000,8127900000,100016607,5.69
22/10/2012,-102100,-2009761000,19.6(-2.00 %),39910,789436000,142010,2799197000,100118707,5.68
23/10/2012,-300270,-5853265000,19.5(-0.51 %),37920,739440000,338190,6592705000,100418977,5.65
24/10/2012,-128090,-2488046000,19.5(0.00 %),42910,831620000,171000,3319666000,100547067,5.64
25/10/2012,-106920,-2071786000,19.5(0.00 %),86080,1669784000,193000,3741570000,100653987,5.63
26/10/2012,14280,276544000,19.5(0.00 %),16280,315144000,2000,38600000,100639707,3.21
29/10/2012,117430,2286690000,19.5(0.00 %),317430,6177748000,200000,3891058000,100522277,5.64
30/10/2012,-25050,-483465000,19.3(-1.03 %),0,0,25050,483465000,100547327,5.64
31/10/2012,-11600,-222460000,19.1(-1.04 %),400,7690000,12000,230150000,100558927,5.64
01/11/2012,0,0,19.3(1.05 %),0,0,0,0,101950965,5.51
02/11/2012,-20750,-381800000,18.7(-3.11 %),100,1840000,20850,383640000,101971715,5.51
05/11/2012,-960880,-17837512000,18.7(0.00 %),2070,38053000,962950,17875565000,102932595,5.42
06/11/2012,-550100,-10154044000,18.7(0.00 %),50,925000,550150,10154969000,103482695,5.36
07/11/2012,-617660,-11422510000,18.6(-0.53 %),400,7400000,618060,11429910000,104100355,5.31
08/11/2012,-6470,-99344000,18.6(0.00 %),156530,2911458000,163000,3010802000,104106825,5.31
09/11/2012,-939000,-17329683000,18.6(0.00 %),0,0,939000,17329683000,105045825,5.22
12/11/2012,-250020,-4625566000,18.5(-0.54 %),2000,36800000,252020,4662366000,105295845,5.2
13/11/2012,-294570,-5448245000,18.5(0.00 %),0,0,294570,5448245000,105590415,5.17
14/11/2012,-175160,-3239854000,18.5(0.00 %),4840,89146000,180000,3329000000,105765575,5.15
15/11/2012,-199910,-3697852000,18.5(0.00 %),37840,699523000,237750,4397375000,105965485,5.13
16/11/2012,-27710,-510691000,18.5(0.00 %),15000,277100000,42710,787791000,105993195,5.13
19/11/2012,-896000,-16501460000,18.5(0.00 %),55000,1004850000,951000,17506310000,106889195,5.05
20/11/2012,-34030,-624255000,18.4(-0.54 %),0,0,34030,624255000,106923225,5.04
21/11/2012,-343480,-6278069000,18.4(0.00 %),31520,576460000,375000,6854529000,107266705,5.01
22/11/2012,-7020,-128596000,18.3(-0.54 %),950,17255000,7970,145851000,107273725,5.01
23/11/2012,-59100,-1077960000,18.3(0.00 %),0,0,59100,1077960000,107332825,5.01
26/11/2012,-25100,-459559000,18.4(0.55 %),1340,24254000,26440,483813000,107357925,5.0
27/11/2012,-11530,-212192000,18.4(0.00 %),200,3640000,11730,215832000,107369455,5.0
28/11/2012,350,6245000,18.4(0.00 %),1000,18140000,650,11895000,107369105,5.0
29/11/2012,300,5460000,18.4(0.00 %),300,5460000,0,0,107368805,5.0
30/11/2012,-24000,-441404000,18.4(0.00 %),6170,113725000,30170,555129000,107392805,5.0
03/12/2012,99550,1841675000,18.5(0.54 %),99550,1841675000,0,0,107349485,5.0
04/12/2012,-49520,-908471000,18.5(0.00 %),880,16124000,50400,924595000,107399005,5.0
05/12/2012,-116360,-2151846000,18.5(0.00 %),0,0,116360,2151846000,107515365,4.99
06/12/2012,-7800,-144300000,18.5(0.00 %),0,0,7800,144300000,107523165,4.99
07/12/2012,-308020,-5686435000,18.5(0.00 %),200,3680000,308220,5690115000,107831185,4.96
10/12/2012,-121580,-2249241000,18.5(0.00 %),13110,242524000,134690,2491765000,107952765,4.95
11/12/2012,88240,1631168000,18.5(0.00 %),243340,4500518000,155100,2869350000,107864525,4.96
12/12/2012,51960,968033000,18.5(0.00 %),61210,1140558000,9250,172525000,107812565,4.96
13/12/2012,35520,658720000,18.5(0.00 %),37670,698495000,2150,39775000,107777045,4.96
14/12/2012,42100,795478000,19(2.70 %),43270,817357000,1170,21879000,107770465,4.97
17/12/2012,406870,8027102000,19.9(4.74 %),678520,13409432000,271650,5382330000,107363595,5.0
18/12/2012,584430,11839254000,20.4(2.51 %),1116370,22618995000,531940,10779741000,106779165,5.06
19/12/2012,989670,20141307000,20.4(0.00 %),989770,20143347000,100,2040000,105789495,5.15
20/12/2012,1102170,22373024000,20.3(-0.49 %),1219470,24755444000,117300,2382420000,104687325,5.25
21/12/2012,1778990,35907444000,20.1(-0.99 %),2044170,41245806000,265180,5338362000,102908335,5.42
24/12/2012,155650,3031978000,19.4(-3.48 %),221900,4331956000,66250,1299978000,102752685,5.43
25/12/2012,23350,452575000,19(-2.06 %),23350,452575000,0,0,102729335,5.43
26/12/2012,-83660,-1572959000,19(0.00 %),40340,757730000,124000,2330689000,102812995,5.43
27/12/2012,76480,1497846000,19.6(3.16 %),76480,1497846000,0,0,102736515,5.43
28/12/2012,55480,1099592000,19.9(1.53 %),55480,1099592000,0,0,102681035,5.44
02/01/2013,57710,1150420000,20.1(1.01 %),57710,1150420000,0,0,102530625,5.45
03/01/2013,175430,3569923000,20.5(1.99 %),203800,4151508000,28370,581585000,102355195,5.47
04/01/2013,188810,3880604000,20.7(0.98 %),208940,4293812000,20130,413208000,102166385,5.49
07/01/2013,620030,13122442000,21.5(3.86 %),720030,15242442000,100000,2120000000,101546355,5.54
08/01/2013,369240,8012243000,21.9(1.86 %),397720,8627695000,28480,615452000,101177115,5.58
09/01/2013,488520,11054855000,22.8(4.11 %),660800,14976527000,172280,3921672000,100688595,5.62
10/01/2013,373660,8582743000,23.1(1.32 %),406650,9333655000,32990,750912000,100314935,5.66
11/01/2013,213570,4886802000,22.8(-1.30 %),214170,4900482000,600,13680000,100101365,5.68
14/01/2013,291290,6514519000,22.4(-1.75 %),371290,8304319000,80000,1789800000,99810075,5.71
15/01/2013,217750,4835843000,22.3(-0.45 %),229040,5084723000,11290,248880000,99592325,5.73
16/01/2013,112500,2492844000,22.3(0.00 %),112500,2492844000,0,0,99479825,5.74
17/01/2013,117100,2588262000,22(-1.35 %),118200,2612612000,1100,24350000,99362725,5.75
18/01/2013,142200,3150796000,22.5(2.27 %),150200,3326646000,8000,175850000,99220525,5.76
21/01/2013,88180,1953022000,22.2(-1.33 %),89280,1977392000,1100,24370000,99132345,5.77
22/01/2013,81190,1791751000,22(-0.90 %),107780,2372231000,26590,580480000,99051155,5.78
23/01/2013,188470,4145850000,22(0.00 %),207090,4555328000,18620,409478000,98862685,5.79
24/01/2013,114160,2514935000,22(0.00 %),118560,2611811000,4400,96876000,98748525,5.81
25/01/2013,275940,6108856000,22.2(0.91 %),277440,6141906000,1500,33050000,98472585,5.83
28/01/2013,252470,5751781000,22.8(2.70 %),253070,5765481000,600,13700000,98220115,5.85
29/01/2013,557520,12752959000,23(0.88 %),594160,13589972000,36640,837013000,97662595,5.91
30/01/2013,558940,12794800000,22.8(-0.87 %),622540,14251070000,63600,1456270000,97103655,5.96
31/01/2013,237990,5402902000,22.8(0.00 %),277220,6292387000,39230,889485000,96865665,5.98
01/02/2013,331530,7518996000,22.8(0.00 %),407000,9239712000,75470,1720716000,96474375,6.02
04/02/2013,106170,2411758000,22.7(-0.44 %),110220,2503788000,4050,92030000,96368205,6.03
05/02/2013,179820,4069918000,22.7(0.00 %),183920,4163088000,4100,93170000,96188385,6.04
06/02/2013,397760,9009722000,22.7(0.00 %),527760,11947722000,130000,2938000000,95790625,6.08
07/02/2013,102640,2312928000,22.4(-1.32 %),108140,2437278000,5500,124350000,95687985,6.09
08/02/2013,132760,3005384000,22.6(0.89 %),135250,3061658000,2490,56274000,95555225,6.1
18/02/2013,1090,26207000,22.5(-0.44 %),19730,446884000,18640,420677000,95554135,6.1
19/02/2013,361760,8035431000,22.3(-0.89 %),386010,8570705000,24250,535274000,95192375,6.14
20/02/2013,217780,4813805000,22.1(-0.90 %),217780,4813805000,0,0,94974595,6.16
21/02/2013,141230,3082060000,21.7(-1.81 %),143700,3136400000,2470,54340000,94833365,6.17
22/02/2013,40930,882263000,21.6(-0.46 %),109200,2348861000,68270,1466598000,94792435,6.17
25/02/2013,110730,2387574000,21.6(0.00 %),110730,2387574000,0,0,94681705,6.18
26/02/2013,93820,1994302000,21.2(-1.85 %),109820,2333502000,16000,339200000,94587885,6.19
27/02/2013,86040,1792446000,21(-0.94 %),108740,2263248000,22700,470802000,94501845,6.2
28/02/2013,90170,1902962000,21.6(2.86 %),136710,2866654000,46540,963692000,94411675,6.21
01/03/2013,216200,4706600000,22(1.85 %),217200,4728300000,1000,21700000,94256995,6.22
04/03/2013,-155030,-3043156000,20.5(-6.82 %),130240,2806299000,285270,5849455000,94412025,6.21
05/03/2013,66770,1425573000,21.4(4.39 %),108040,2273119000,41270,847546000,94345255,6.22
06/03/2013,91160,1955037000,21.9(2.34 %),108060,2317449000,16900,362412000,94254095,6.22
07/03/2013,73720,1634306000,20.8(-5.02 %),154090,3317672000,80370,1683366000,94180375,6.23
08/03/2013,87420,1885883000,21(0.96 %),108360,2329348000,20940,443465000,94092955,6.24
11/03/2013,260590,5659457000,21.9(4.29 %),485990,10576403000,225400,4916946000,93832365,6.26
12/03/2013,231570,5038149000,21.8(-0.46 %),260070,5650899000,28500,612750000,93600795,6.28
13/03/2013,254470,5636794000,21.2(-2.75 %),459810,10014597000,205340,4377803000,93346325,6.31
14/03/2013,121250,2630218000,21.9(3.30 %),154500,3345463000,33250,715245000,93225075,6.32
15/03/2013,921470,20180921000,21.8(-0.46 %),1129910,24737237000,208440,4556316000,92303605,6.41
18/03/2013,61210,1334967000,21.8(0.00 %),69510,1515337000,8300,180370000,92242395,6.41
19/03/2013,72460,1581274000,21.8(0.00 %),112120,2448052000,39660,866778000,92169935,6.42
20/03/2013,92700,2023619000,21.6(-0.92 %),112100,2445015000,19400,421396000,92077235,6.43
21/03/2013,100460,2186833000,21.9(1.39 %),118700,2582752000,18240,395919000,91976775,6.44
22/03/2013,-76710,-1633999000,21.3(-2.74 %),112120,2406289000,188830,4040288000,92053485,6.43
25/03/2013,30310,662524000,21.6(1.41 %),265410,5685541000,235100,5023017000,92023175,6.43
26/03/2013,-96930,-2063133000,21.2(-1.85 %),112180,2386630000,209110,4449763000,92120105,6.42
27/03/2013,-50480,-1058311000,20.9(-1.42 %),122420,2567889000,172900,3626200000,92170585,6.42
28/03/2013,-65720,-1358871000,20.6(-1.44 %),112180,2320443000,177900,3679314000,92236305,6.41
29/03/2013,-3370,-69109000,20.7(0.49 %),0,0,3370,69109000,92239675,6.41
01/04/2013,101380,2135156000,21.7(4.83 %),115180,2422463000,13800,287307000,92080932,6.43
02/04/2013,163610,3552891000,21.7(0.00 %),238600,5176960000,74990,1624069000,91917322,6.44
03/04/2013,18750,429566000,21.2(-2.30 %),118340,2550004000,99590,2120438000,91898572,6.44
04/04/2013,49090,1042629000,21.3(0.47 %),114620,2421325000,65530,1378696000,91849482,6.45
05/04/2013,96980,2083112000,21.4(0.47 %),116480,2501250000,19500,418138000,91752502,6.46
08/04/2013,92100,1999034000,21.8(1.87 %),111840,2423308000,19740,424274000,91660402,6.47
09/04/2013,-86000,-1834219000,21.3(-2.29 %),0,0,86000,1834219000,91746402,6.46
10/04/2013,-345010,-7031191000,20.1(-5.63 %),8560,182260000,353570,7213451000,92091412,6.43
11/04/2013,-212530,-4300074000,21.4(6.47 %),82990,1757986000,295520,6058060000,92303942,6.41
12/04/2013,-111110,-2316199000,21.3(-0.47 %),900,19110000,112010,2335309000,92415052,6.39
15/04/2013,0,0,20.9(-1.88 %),0,0,0,0,92415052,6.39
16/04/2013,-198400,-4049589000,20.4(-2.39 %),0,0,198400,4049589000,92613452,6.38
17/04/2013,-880,-17944000,20.9(2.45 %),0,0,880,17944000,92614332,6.38
18/04/2013,-319190,-6544300000,20.9(0.00 %),2330,48067000,321520,6592367000,92933522,6.35
22/04/2013,-223760,-4574980000,20.8(-0.48 %),0,0,223760,4574980000,93157282,6.33
23/04/2013,-289120,-6023026000,21(0.96 %),0,0,289120,6023026000,93446402,6.3
24/04/2013,-334890,-7034790000,21(0.00 %),8240,173040000,343130,7207830000,93781292,6.27
25/04/2013,-44160,-934305000,21.2(0.95 %),630,13293000,44790,947598000,93825452,6.26
26/04/2013,-249390,-5355846000,21.6(1.89 %),0,0,249390,5355846000,94074842,6.24
02/05/2013,-41560,-895587000,21.6(0.00 %),8240,176960000,49800,1072547000,93572902,6.29
03/05/2013,-15500,-331400000,21.5(-0.46 %),0,0,15500,331400000,93588402,6.29
06/05/2013,-68910,-1494938000,21.8(1.40 %),220,4668000,69130,1499606000,93657312,6.28
07/05/2013,7420,162577000,21.8(0.00 %),105100,2295690000,97680,2133113000,93649892,6.28
08/05/2013,-17360,-381248000,21.9(0.46 %),78390,1715741000,95750,2096989000,93667252,6.28
09/05/2013,-8860,-194648000,21.9(0.00 %),21370,465866000,30230,660514000,93676112,6.28
10/05/2013,-84500,-1855800000,22(0.46 %),24000,523250000,108500,2379050000,93760612,6.27
13/05/2013,-14720,-324212000,22.1(0.45 %),33280,732788000,48000,1057000000,93775332,6.27
14/05/2013,27190,598674000,22.1(0.00 %),149790,3303934000,122600,2705260000,93748142,6.27
15/05/2013,-59500,-1309550000,21.9(-0.90 %),500,11050000,60000,1320600000,93807642,6.27
16/05/2013,-76390,-1674080000,21.9(0.00 %),100610,2210920000,177000,3885000000,93884032,6.26
17/05/2013,-144010,-3142693000,21.8(-0.46 %),3000,65400000,147010,3208093000,94028042,6.24
20/05/2013,-27720,-527599000,19.1(2.69 %),11900,227290000,39620,754889000,94055762,6.24
21/05/2013,-8100,-156030000,19(-0.52 %),3200,60800000,11300,216830000,94063862,6.24
22/05/2013,-47120,-844369000,18.3(-3.68 %),39570,742058000,86690,1586427000,94110982,6.24
23/05/2013,-317800,-5839327000,18.2(-0.55 %),2700,49310000,320500,5888637000,94428782,6.21
24/05/2013,-418680,-7449713000,17.6(-3.30 %),1100,20020000,419780,7469733000,94847462,6.17
27/05/2013,-96900,-1735581000,17.8(1.14 %),3100,55610000,100000,1791191000,94944362,6.16
28/05/2013,-279350,-4938898000,17.6(-1.12 %),42100,753290000,321450,5692188000,95223712,6.13
29/05/2013,15850,279506000,17.6(0.00 %),26850,474106000,11000,194600000,95207862,6.13
30/05/2013,14150,251770000,17.8(1.14 %),14150,251770000,0,0,95193712,6.14
31/05/2013,-161190,-2867715000,17.8(0.00 %),6090,109002000,167280,2976717000,95354902,6.12
03/06/2013,-136400,-2402907000,17.6(-1.12 %),33600,591570000,170000,2994477000,95831171,6.08
04/06/2013,-150620,-2640479000,17.5(-0.57 %),29100,509530000,179720,3150009000,95981791,6.06
05/06/2013,-110160,-1906628000,17.4(-0.57 %),83120,1442176000,193280,3348804000,96091951,6.05
06/06/2013,-4000,-69200000,17.4(0.00 %),0,0,4000,69200000,96095951,6.05
07/06/2013,-21190,-370834000,17.5(0.57 %),90,1566000,21280,372400000,96117141,6.05
10/06/2013,-263970,-4562420000,17.2(-1.71 %),40,700000,264010,4563120000,96381111,6.03
11/06/2013,110570,1912809000,17.3(0.58 %),198090,3426957000,87520,1514148000,96270541,6.04
12/06/2013,-485440,-8278855000,17(-1.73 %),30900,526112000,516340,8804967000,96755981,5.99
13/06/2013,-78980,-1341084000,17.1(0.59 %),860,14620000,79840,1355704000,96834961,5.98
14/06/2013,-708210,-11742862000,16.9(-1.17 %),2360,39490000,710570,11782352000,97543171,5.92
17/06/2013,-652080,-10684596000,17(3.03 %),500,8100000,652580,10692696000,98195251,5.86
18/06/2013,-682850,-11245146000,17(0.00 %),0,0,682850,11245146000,98878101,5.79
19/06/2013,-869130,-14728384000,17.1(0.59 %),600,10080000,869730,14738464000,99747231,5.71
20/06/2013,-1083330,-18891793000,17.5(2.34 %),0,0,1083330,18891793000,100830561,5.61
21/06/2013,-3603670,-63028251000,17.5(0.00 %),220000,3850000000,3823670,66878251000,104434231,5.28
24/06/2013,-822590,-14110552000,17.5(0.00 %),10000,172000000,832590,14282552000,105256821,5.2
25/06/2013,-881990,-15213549000,17.5(0.00 %),0,0,881990,15213549000,106138811,5.12
26/06/2013,-1336760,-22892444000,17.5(0.00 %),1150,19550000,1337910,22911994000,107475571,4.99
27/06/2013,-237460,-4125446000,17.5(0.00 %),150,2625000,237610,4128071000,107713031,6.87
28/06/2013,0,0,17.5(0.00 %),0,0,0,0,107713031,6.87
01/07/2013,-52700,-917980000,17.5(0.00 %),0,0,52700,917980000,117641793,5.95
02/07/2013,-990,-17325000,17.5(0.00 %),0,0,990,17325000,117642783,5.95
03/07/2013,-117760,-2060800000,17.5(0.00 %),0,0,117760,2060800000,117760543,5.94
04/07/2013,-131760,-2302574000,17.5(0.00 %),500,8750000,132260,2311324000,117892303,5.93
05/07/2013,930,16275000,17.5(0.00 %),930,16275000,0,0,117891373,5.93
08/07/2013,-37500,-655400000,17.5(0.00 %),0,0,37500,655400000,117928873,5.26
09/07/2013,-34160,-596524000,17.5(0.00 %),10,174000,34170,596698000,117963033,5.25
10/07/2013,-357840,-6163600000,17(-2.86 %),1000,17000000,358840,6180600000,118320873,5.22
11/07/2013,-98730,-1688904000,17.2(1.18 %),1920,32832000,100650,1721736000,118419603,5.22
12/07/2013,-21000,-361300000,17.2(0.00 %),2000,34400000,23000,395700000,118440603,5.21
15/07/2013,-55200,-945640000,17.1(-0.58 %),23500,405800000,78700,1351440000,118495803,5.21
16/07/2013,-35260,-602961000,17.1(0.00 %),0,0,35260,602961000,118531063,5.21
17/07/2013,-243640,-4143328000,17(-0.58 %),0,0,243640,4143328000,118774703,5.19
18/07/2013,-35989,-608805000,17(0.00 %),8600,146200000,44589,755005000,118810692,5.18
19/07/2013,13320,225620000,16.9(-0.59 %),13320,225620000,0,0,118797372,5.18
22/07/2013,-1830,-30744000,17(0.59 %),0,0,1830,30744000,118799202,5.18
23/07/2013,-8020,-136500000,17(0.00 %),2000,33600000,10020,170100000,118807222,5.18
24/07/2013,-189850,-3194420000,17(0.00 %),2000,34000000,191850,3228420000,118997072,5.17
25/07/2013,-58120,-983668000,17(0.00 %),0,0,58120,983668000,119055192,5.16
26/07/2013,-140600,-2363240000,17(0.00 %),0,0,140600,2363240000,119195792,5.55
29/07/2013,-70,-1176000,17(0.00 %),0,0,70,1176000,119195862,5.55
30/07/2013,1780,30304000,17.1(0.59 %),2000,34000000,220,3696000,119194082,5.55
31/07/2013,-104310,-1754888000,17(-0.58 %),1200,20180000,105510,1775068000,119298392,5.54
01/08/2013,23240,393880000,17(0.00 %),23240,393880000,0,0,125560461,5.02
02/08/2013,17960,306993000,17(0.00 %),53600,909496000,35640,602503000,125542501,5.03
05/08/2013,10890,184688000,17(0.00 %),48690,824508000,37800,639820000,125531611,5.03
06/08/2013,6250,106000000,16.8(-1.18 %),52590,888212000,46340,782212000,125525361,5.03
07/08/2013,-111700,-1891995000,17(1.19 %),900,15120000,112600,1907115000,125637061,5.02
08/08/2013,-9500,-160260000,16.9(-0.59 %),500,8450000,10000,168710000,125646561,5.02
09/08/2013,-47500,-799800000,16.9(0.00 %),500,8400000,48000,808200000,125694061,5.01
12/08/2013,-12580,-211244000,16.8(-0.59 %),0,0,12580,211244000,125706641,5.01
13/08/2013,-15950,-267460000,16.9(0.60 %),1050,17640000,17000,285100000,125722591,5.01
14/08/2013,-15810,-265867000,16.9(0.00 %),2800,47040000,18610,312907000,125738401,5.01
15/08/2013,-9940,-167124000,16.9(0.00 %),3000,50500000,12940,217624000,125748341,5.01
16/08/2013,-113000,-1910200000,16.9(0.00 %),20000,336000000,133000,2246200000,125861341,5.0
19/08/2013,-436610,-7374225000,16.9(0.00 %),43500,731800000,480110,8106025000,126297951,4.96
20/08/2013,-214980,-3628562000,16.9(0.00 %),0,0,214980,3628562000,126512931,4.95
21/08/2013,-13250,-223923000,16.9(0.00 %),1500,25350000,14750,249273000,126526181,4.95
22/08/2013,-174050,-2910335000,16.9(0.00 %),0,0,174050,2910335000,126700231,4.93
23/08/2013,-538690,-9068189000,17.1(1.18 %),39630,661821000,578320,9730010000,127238921,4.89
26/08/2013,-72280,-1217332000,16.9(-1.17 %),0,0,72280,1217332000,127311201,4.88
27/08/2013,-64110,-1080569000,16.9(0.00 %),0,0,64110,1080569000,127375311,4.87
28/08/2013,-159660,-2671270000,16.8(-0.59 %),0,0,159660,2671270000,127534971,4.86
29/08/2013,-592240,-9934057000,16.9(0.60 %),5530,93457000,597770,10027514000,128127211,4.81
30/08/2013,18810,319127000,16.9(0.00 %),75010,1266419000,56200,947292000,128108401,4.81
03/09/2013,-103100,-1730170000,16.9(0.00 %),0,0,103100,1730170000,127400587,4.87
04/09/2013,-120000,-2040000000,17(0.59 %),0,0,120000,2040000000,127520587,4.86
05/09/2013,-43140,-732801000,17(0.00 %),70,1190000,43210,733991000,127563727,4.86
06/09/2013,-43500,-740903000,17.1(0.59 %),0,0,43500,740903000,127607227,4.86
09/09/2013,-23950,-405835000,17(-0.58 %),150,2565000,24100,408400000,127631177,4.85
10/09/2013,-117370,-1992053000,17(0.00 %),0,0,117370,1992053000,127748547,4.84
11/09/2013,-11000,-184820000,17(0.00 %),18000,305900000,29000,490720000,127759547,4.84
12/09/2013,-17590,-298471000,17(0.00 %),5420,91598000,23010,390069000,127777137,4.84
13/09/2013,43580,739967000,17(0.00 %),52700,894095000,9120,154128000,127733557,4.85
16/09/2013,0,0,17.4(2.35 %),0,0,0,0,127733557,4.85
17/09/2013,102180,1813910000,17.8(2.30 %),105380,1870650000,3200,56740000,127631377,4.85
18/09/2013,37690,662344000,17.5(-1.69 %),52690,925844000,15000,263500000,127593687,4.86
19/09/2013,-1340,-23342000,17(-2.86 %),0,0,1340,23342000,127595027,4.86
20/09/2013,2112550,37970010000,18.1(6.47 %),2373550,42687410000,261000,4717400000,125482477,5.03
23/09/2013,-2780,-49314000,17.6(-2.76 %),1040,18300000,3820,67614000,125485257,5.03
24/09/2013,37870,664467000,17.5(-0.57 %),46490,815459000,8620,150992000,125447387,5.03
25/09/2013,74210,1311520000,17.8(1.71 %),78290,1383736000,4080,72216000,125373177,5.04
26/09/2013,-7500,-131544000,17.5(-1.69 %),8000,140700000,15500,272244000,125380677,5.04
27/09/2013,45060,792450000,17.5(0.00 %),128000,2243666000,82940,1451216000,125335617,5.04
30/09/2013,76120,1341912000,17.7(1.14 %),158120,2778422000,82000,1436510000,125259497,5.05
01/10/2013,-26690,-468467000,17.4(-1.69 %),8010,140977000,34700,609444000,126065767,4.98
02/10/2013,18760,328072000,17.5(0.57 %),41760,729872000,23000,401800000,126047007,4.98
03/10/2013,-92240,-1594713000,17.2(-1.71 %),15520,268909000,107760,1863622000,126139247,4.98
04/10/2013,1000,19221000,17.2(0.00 %),10000,175000000,9000,155779000,126138247,4.98
07/10/2013,-19400,-334080000,17.2(0.00 %),10,172000,19410,334252000,126157647,4.98
08/10/2013,-112270,-1922472000,17.1(-0.58 %),6460,110466000,118730,2032938000,126269917,4.97
09/10/2013,-13710,-233467000,17(-0.58 %),125020,2125340000,138730,2358807000,126283627,4.97
10/10/2013,-15000,-257981000,17(0.00 %),45570,774690000,60570,1032671000,126298627,4.96
11/10/2013,-21340,-364801000,17.1(0.59 %),6970,118490000,28310,483291000,126319967,4.96
14/10/2013,69810,1186760000,17(-0.58 %),218810,3719770000,149000,2533010000,126250157,4.97
15/10/2013,-3810,-65030000,17(0.00 %),276090,4693530000,279900,4758560000,126253967,4.97
16/10/2013,92820,1588096000,17.4(2.35 %),182820,3118096000,90000,1530000000,126161147,4.98
17/10/2013,0,0,17.1(-1.72 %),0,0,0,0,126161147,4.98
18/10/2013,123630,2135164000,17.3(1.17 %),123630,2135164000,0,0,126037517,4.99
21/10/2013,130600,2269242000,17.3(0.00 %),130600,2269242000,0,0,125906917,5.0
22/10/2013,117600,2055332000,17.5(1.16 %),153620,2673006000,36020,617674000,125789317,5.01
23/10/2013,269540,4733828000,17.7(1.14 %),269970,4741353000,430,7525000,125519777,5.03
24/10/2013,81730,1440275000,17.5(-1.13 %),131730,2314275000,50000,874000000,125438047,5.04
25/10/2013,-17700,-303796000,17.3(-1.14 %),61800,1075780000,79500,1379576000,125455747,5.03
28/10/2013,-65540,-1124842000,17.1(-1.16 %),0,0,65540,1124842000,125521287,5.03
29/10/2013,-173660,-2969817000,17.1(0.00 %),2270,38590000,175930,3008407000,125694947,5.01
30/10/2013,-52680,-901418000,17(-0.58 %),20010,341062000,72690,1242480000,125747627,5.01
31/10/2013,-170580,-2890823000,16.8(-1.18 %),374770,6369464000,545350,9260287000,125918207,5.0
01/11/2013,-117610,-1986348000,16.9(0.60 %),200,3380000,117810,1989728000,125261177,5.05
04/11/2013,-16800,-282412000,16.8(-0.59 %),1640,27680000,18440,310092000,125277977,5.05
05/11/2013,13630,230410000,16.9(0.60 %),15000,253426000,1370,23016000,125264347,5.05
06/11/2013,61790,1050130000,17(0.59 %),61790,1050130000,0,0,125202557,5.05
07/11/2013,-2210,-37463000,16.9(-0.59 %),0,0,2210,37463000,125204767,5.05
08/11/2013,5780,97682000,16.8(-0.59 %),5780,97682000,0,0,125198987,5.05
11/11/2013,890,14952000,16.9(0.60 %),1000,16800000,110,1848000,125198097,5.05
12/11/2013,-148130,-2493597000,16.7(-1.18 %),0,0,148130,2493597000,125346227,5.04
13/11/2013,-186090,-3097731000,16.6(-0.60 %),250,4175000,186340,3101906000,125532317,5.03
14/11/2013,18400,309134000,16.8(1.20 %),19540,328272000,1140,19138000,125513917,5.03
15/11/2013,-91900,-1561055000,17(1.19 %),1100,18510000,93000,1579565000,125605817,5.02
18/11/2013,-66090,-1147170000,17.4(2.35 %),27960,489300000,94050,1636470000,125671907,5.02
19/11/2013,73450,1280050000,17.4(0.00 %),75450,1315050000,2000,35000000,125598457,5.02
20/11/2013,279090,4908918000,17.7(1.72 %),284260,4999993000,5170,91075000,125319367,5.04
21/11/2013,111490,1981073000,17.7(0.00 %),123720,2197844000,12230,216771000,125207877,5.05
22/11/2013,59800,1061760000,17.8(0.56 %),61800,1097360000,2000,35600000,125148077,5.06
25/11/2013,-190,-3401000,17.8(0.00 %),0,0,190,3401000,125148267,5.06
26/11/2013,-259430,-4540567000,17.3(-2.81 %),14950,266110000,274380,4806677000,125407697,5.04
27/11/2013,-113870,-1991327000,17.4(0.58 %),61800,1090280000,175670,3081607000,125521567,5.03
28/11/2013,500,8800000,18.2(4.60 %),500,8800000,0,0,125521067,5.03
29/11/2013,131050,2300442000,17.3(-0.57 %),315930,5542030000,184880,3241588000,125390017,5.04
02/12/2013,-71290,-1224291000,17.2(-0.58 %),0,0,71290,1224291000,125941253,4.99
03/12/2013,-7380,-124238000,17.2(0.00 %),100240,1724626000,107620,1848864000,125948633,4.99
04/12/2013,-163920,-2905025000,17(-1.16 %),69830,1193793000,233750,4098818000,126112553,4.98
05/12/2013,-55040,-934352000,16.9(-0.59 %),2400,40800000,57440,975152000,126167593,4.97
06/12/2013,10,168000,16.9(0.00 %),10,168000,0,0,126167583,4.97
09/12/2013,124060,2142020000,17.3(2.37 %),124060,2142020000,0,0,126043523,4.99
10/12/2013,8050,138699000,17.1(-1.16 %),13050,224199000,5000,85500000,126035473,4.99
11/12/2013,-90,-1539000,17(-0.58 %),0,0,90,1539000,126035563,4.99
12/12/2013,50670,869350000,17.2(1.18 %),62070,1064290000,11400,194940000,125984893,4.99
13/12/2013,-9900,-168790000,17(-1.16 %),100,1710000,10000,170500000,125994793,4.99
16/12/2013,-235130,-4000526000,17(0.00 %),9330,158610000,244460,4159136000,126229923,4.97
17/12/2013,-33730,-572906000,17(0.00 %),310,5249000,34040,578155000,126263653,4.97
18/12/2013,-17800,-302600000,17(0.00 %),4000,68000000,21800,370600000,126281453,4.97
19/12/2013,-75050,-1269357000,16.9(-0.59 %),30100,514190000,105150,1783547000,126356503,4.96
20/12/2013,-685950,-11592565000,16.9(0.00 %),261510,4419509000,947460,16012074000,127042453,4.9
23/12/2013,45250,768350000,17.1(1.18 %),46660,792320000,1410,23970000,126997203,4.91
24/12/2013,-21170,-357882000,16.9(-1.17 %),43860,742070000,65030,1099952000,127018373,4.9
25/12/2013,0,0,16.9(0.00 %),0,0,0,0,127018373,4.9
26/12/2013,-3710,-62142000,16.9(0.00 %),3000,50700000,6710,112842000,127022083,4.9
27/12/2013,-700,-11830000,17(0.59 %),0,0,700,11830000,127022783,4.9
30/12/2013,15040,256509000,17.1(0.59 %),32500,553529000,17460,297020000,127007743,4.91
31/12/2013,0,0,17.2(0.58 %),0,0,0,0,127007743,4.91
02/01/2014,20,342000,17.1(-0.58 %),20,342000,0,0,127421408,4.87
03/01/2014,55780,958938000,17.2(0.58 %),55780,958938000,0,0,127365628,4.88
06/01/2014,7930,136386000,17.2(0.00 %),7930,136386000,0,0,127357698,4.88
07/01/2014,0,0,17.3(0.58 %),0,0,0,0,127357698,4.88
08/01/2014,-98180,-1703908000,17.5(1.16 %),14750,255445000,112930,1959353000,127455878,4.87
09/01/2014,-148180,-2587167000,17.5(0.00 %),63020,1096033000,211200,3683200000,127604058,4.86
10/01/2014,-62560,-1080188000,17.3(-1.14 %),20330,354809000,82890,1434997000,127666618,4.85
13/01/2014,-27600,-477480000,17.3(0.00 %),0,0,27600,477480000,127694218,4.85
14/01/2014,62990,1085574000,17.3(0.00 %),63000,1085745000,10,171000,127631228,4.85
15/01/2014,61240,1059452000,17.3(0.00 %),93000,1608900000,31760,549448000,127569988,4.86
16/01/2014,78400,1366536000,17.8(2.89 %),129000,2242500000,50600,875964000,127491588,4.87
17/01/2014,822890,15543343000,19(6.74 %),832020,15714547000,9130,171204000,126668698,4.93
20/01/2014,805880,16346385000,20.3(6.84 %),1112530,22560856000,306650,6214471000,125862818,5.0
21/01/2014,1404930,28578972000,21.1(3.94 %),1542240,31415522000,137310,2836550000,124457888,5.12
22/01/2014,1012330,22140818000,21.2(0.47 %),1059390,23171330000,47060,1030512000,123445558,5.2
23/01/2014,306190,6423089000,20.9(-1.42 %),436260,9150319000,130070,2727230000,123139368,5.22
24/01/2014,132080,2698309000,20.2(-3.35 %),154960,3164866000,22880,466557000,123007288,5.24
27/01/2014,101150,2015008000,20(-0.99 %),138990,2768870000,37840,753862000,122906138,5.24
06/02/2014,198590,4111131000,21(5.00 %),353870,7243226000,155280,3132095000,122502642,5.28
07/02/2014,267670,5585276000,20.6(-1.90 %),337100,7031373000,69430,1446097000,122234972,5.3
10/02/2014,226780,4702231000,20.8(0.97 %),226790,4702438000,10,207000,122008192,5.32
11/02/2014,266530,5489814000,20.5(-1.44 %),266530,5489814000,0,0,121741662,5.34
12/02/2014,167720,3442593000,20.6(0.49 %),167720,3442593000,0,0,121573942,5.35
13/02/2014,209690,4300449000,20.5(-0.49 %),212710,4362719000,3020,62270000,121364252,5.37
14/02/2014,201150,4123894000,20.6(0.49 %),204520,4192842000,3370,68948000,121163102,5.39
17/02/2014,10600,226250000,20.5(-0.49 %),136600,2777650000,126000,2551400000,121152502,5.39
18/02/2014,319520,6650770000,20.9(1.95 %),328220,6832840000,8700,182070000,120832982,5.42
19/02/2014,169100,3520906000,20.7(-0.96 %),203120,4228780000,34020,707874000,120663882,5.43
20/02/2014,62020,1289413000,20.6(-0.48 %),126900,2624740000,64880,1335327000,120601862,5.43
21/02/2014,106120,2177932000,20.6(0.00 %),158610,3254708000,52490,1076776000,120495742,5.44
24/02/2014,125900,2592030000,20.6(0.00 %),125900,2592030000,0,0,120369842,5.45
25/02/2014,95110,2011157000,21.9(6.31 %),134080,2827706000,38970,816549000,120274732,5.46
26/02/2014,109580,2455764000,22.3(1.83 %),126500,2837080000,16920,381316000,120165152,5.47
27/02/2014,67900,1492111000,21.7(-2.69 %),126000,2796141000,58100,1304030000,120097252,5.48
28/02/2014,475270,10274017000,21.3(-1.84 %),569000,12270466000,93730,1996449000,119621982,5.52
03/03/2014,-112710,-2311437000,20.2(-5.16 %),147540,3064930000,260250,5376367000,119528774,5.52
04/03/2014,-176550,-3530414000,20(-0.99 %),154930,3100085000,331480,6630499000,119705324,5.51
05/03/2014,-112890,-2265020000,20(0.00 %),156850,3155970000,269740,5420990000,119818214,5.5
06/03/2014,519960,10425054000,20.1(0.50 %),641890,12869500000,121930,2444446000,119298254,20.4
07/03/2014,304300,6304438000,20.8(3.48 %),529640,10971719000,225340,4667281000,118993954,5.57
10/03/2014,372910,7765626000,20.8(0.00 %),451520,9400116000,78610,1634490000,118621044,5.6
11/03/2014,36510,772836000,20.5(-1.44 %),235060,4871545000,198550,4098709000,118584534,5.6
12/03/2014,33520,708579000,20.4(-0.49 %),220060,4526688000,186540,3818109000,118551014,5.6
13/03/2014,119330,2432991000,20.5(0.49 %),153960,3138080000,34630,705089000,118431684,5.61
14/03/2014,150040,3067832000,20.4(-0.49 %),151160,3090680000,1120,22848000,118281644,21.03
17/03/2014,-750,-13272000,19.9(-2.45 %),139020,2771204000,139770,2784476000,118282394,21.03
18/03/2014,-128180,-2522019000,19.7(-1.01 %),39200,777380000,167380,3299399000,118410574,21.01
19/03/2014,-536970,-10722125000,20(1.52 %),51310,1025425000,588280,11747550000,118947544,20.97
20/03/2014,-1275870,-25506106000,20(0.00 %),15000,300000000,1290870,25806106000,120223414,20.87
21/03/2014,-4157270,-84045790000,20(0.00 %),1786110,35758750000,5943380,119804540000,124380684,20.52
24/03/2014,-29550,-616156000,20.9(4.50 %),12840,268356000,42390,884512000,124410234,20.52
25/03/2014,-77120,-1626969000,21.1(0.96 %),47050,994760000,124170,2621729000,124487354,20.51
26/03/2014,-145400,-2949994000,20.1(-4.74 %),59700,1265640000,205100,4215634000,124632754,20.5
27/03/2014,-230380,-4636498000,20.3(1.00 %),25040,505352000,255420,5141850000,124863134,20.48
28/03/2014,-51120,-1027932000,20.3(0.00 %),42960,865892000,94080,1893824000,124914254,20.48
31/03/2014,-119250,-2386021000,19.9(-1.97 %),1900,38030000,121150,2424051000,125033504,20.47
01/04/2014,40730,799894000,19.6(-1.51 %),67800,1335880000,27070,535986000,311300804,5.08
02/04/2014,-297690,-5799664000,19.6(0.00 %),53480,1045408000,351170,6845072000,311598494,5.05
03/04/2014,49850,980711000,19.7(0.51 %),61060,1200782000,11210,220071000,311548644,5.06
04/04/2014,101700,1993302000,19.7(0.00 %),124920,2448572000,23220,455270000,311446944,5.07
07/04/2014,99780,1953188000,19.5(-1.02 %),104800,2051580000,5020,98392000,311347164,5.07
08/04/2014,-71030,-1377734000,19.4(-0.51 %),124280,2416766000,195310,3794500000,311418194,5.07
10/04/2014,226430,4435386000,19.7(1.55 %),251390,4922630000,24960,487244000,311191764,5.09
11/04/2014,101080,1975352000,19.4(-1.52 %),101080,1975352000,0,0,311090684,5.09
14/04/2014,98100,1909140000,19.4(0.00 %),99100,1928540000,1000,19400000,310992584,5.1
15/04/2014,198740,3862495000,19.4(0.00 %),205580,3995419000,6840,132924000,310793844,5.12
16/04/2014,94430,1814001000,19(-2.06 %),110140,2114204000,15710,300203000,310699414,5.13
17/04/2014,98530,1908395000,19.4(2.11 %),184340,3560596000,85810,1652201000,310600884,5.14
18/04/2014,-26740,-514908000,19.1(-1.55 %),0,0,26740,514908000,310627624,5.13
21/04/2014,21090,405522000,19.3(1.05 %),48130,925732000,27040,520210000,310606534,5.13
22/04/2014,24490,480086000,19.5(1.04 %),104400,2027844000,79910,1547758000,310582044,5.14
23/04/2014,132900,2666917000,20.2(3.59 %),168700,3381758000,35800,714841000,310449144,5.15
24/04/2014,-21490,-433893000,20.1(-0.50 %),10770,216817000,32260,650710000,310470634,5.15
25/04/2014,59960,1207937000,20.1(0.00 %),231110,4646481000,171150,3438544000,310410674,5.15
28/04/2014,-224880,-4402895000,19.4(-3.48 %),36480,713657000,261360,5116552000,310635554,5.13
29/04/2014,49950,981155000,19.7(1.55 %),58190,1142176000,8240,161021000,310585604,5.14
05/05/2014,-196730,-3820562000,19.4(-1.52 %),0,0,196730,3820562000,310642574,5.13
06/05/2014,-53490,-1030186000,19.2(-1.03 %),0,0,53490,1030186000,310696064,5.13
07/05/2014,22870,441353000,19.4(1.04 %),68200,1319680000,45330,878327000,310673194,5.13
08/05/2014,-599660,-11350581000,18.9(-2.58 %),100,1910000,599760,11352491000,311272854,5.08
09/05/2014,-9920,-186340000,19(0.53 %),76080,1447812000,86000,1634152000,311282774,5.08
12/05/2014,-300540,-5590760000,18.5(-2.63 %),0,0,300540,5590760000,311583314,5.05
13/05/2014,150090,2773159000,18.5(0.00 %),182870,3379026000,32780,605867000,311433224,5.07
14/05/2014,404880,7644565000,19.2(3.78 %),585800,11076273000,180920,3431708000,311028344,5.1
15/05/2014,398740,7627651000,19(-1.04 %),474400,9068193000,75660,1440542000,310629604,5.13
16/05/2014,407610,7398922000,18.2(-4.21 %),407610,7398922000,0,0,310221994,5.03
19/05/2014,546250,9899811000,18.2(0.00 %),605300,10967972000,59050,1068161000,309675744,5.08
20/05/2014,186060,3375234000,18.2(0.00 %),225600,4092061000,39540,716827000,309489684,5.09
21/05/2014,90360,1656195000,18.4(1.10 %),163260,2987132000,72900,1330937000,309399324,5.1
22/05/2014,139710,2556775000,18.3(-0.54 %),190830,3491846000,51120,935071000,309259614,5.11
23/05/2014,106420,1943299000,18.3(0.00 %),163030,2976420000,56610,1033121000,309153194,5.12
26/05/2014,201420,3673713000,18.3(0.00 %),245220,4472429000,43800,798716000,308951774,5.13
27/05/2014,202880,3770189000,18.8(2.73 %),246340,4580638000,43460,810449000,308748894,5.15
28/05/2014,133720,2576519000,20(6.38 %),202180,3896757000,68460,1320238000,308615174,5.16
29/05/2014,1116790,22892449000,20.4(2.00 %),1393960,28560675000,277170,5668226000,307498384,5.25
30/05/2014,1854800,37993263000,20.5(0.49 %),1956930,40087140000,102130,2093877000,305643584,5.4
02/06/2014,136580,2729304000,19.9(-2.93 %),225920,4516104000,89340,1786800000,305730189,5.39
03/06/2014,336550,6752993000,20.3(2.01 %),415890,8348922000,79340,1595929000,305393639,5.42
04/06/2014,280660,5675985000,20.3(0.00 %),351670,7107030000,71010,1431045000,305112979,5.44
05/06/2014,61400,1227457000,20.2(-0.49 %),152680,3066869000,91280,1839412000,305051579,5.45
06/06/2014,182280,3693280000,20.3(0.50 %),309000,6257700000,126720,2564420000,304869299,5.46
09/06/2014,339710,6829216000,20.2(-0.49 %),439420,8826134000,99710,1996918000,304529589,5.49
10/06/2014,302910,6090724000,20.2(0.00 %),401660,8078320000,98750,1987596000,304226679,5.52
11/06/2014,58010,1178441000,20.8(2.97 %),103280,2095848000,45270,917407000,304168669,5.52
12/06/2014,535450,11075706000,20.7(-0.48 %),547450,11323450000,12000,247744000,303633219,5.56
13/06/2014,47960,990636000,20.6(-0.48 %),50460,1042286000,2500,51650000,303585259,5.57
16/06/2014,758860,16037427000,21(1.94 %),772250,16321336000,13390,283909000,302826399,5.63
17/06/2014,979600,20609450000,21(0.00 %),1096200,23061650000,116600,2452200000,301846799,5.71
18/06/2014,4005410,84113327000,21(0.00 %),4005410,84113327000,0,0,297841389,6.03
19/06/2014,3904380,81489820000,21(0.00 %),4002500,83549176000,98120,2059356000,293937009,6.34
20/06/2014,22811640,487503595000,21.5(2.38 %),23575310,503920000000,763670,16416405000,271125369,8.18
23/06/2014,94670,1969749000,20.6(-4.19 %),94670,1969749000,0,0,271030699,8.4
24/06/2014,82700,1706542000,20.6(0.00 %),445160,9178718000,362460,7472176000,270947999,8.41
25/06/2014,-94480,-1941579000,20.6(0.00 %),205520,4239421000,300000,6181000000,271042479,8.4
26/06/2014,40260,834669000,20.7(0.49 %),290260,5996270000,250000,5161601000,271002219,8.41
27/06/2014,76000,1569840000,20.6(-0.48 %),173930,3596991000,97930,2027151000,270926219,8.2
30/06/2014,-109820,-2262170000,20.6(0.00 %),104220,2147654000,214040,4409824000,271036039,8.19
01/07/2014,250300,5131050000,20.5(-0.49 %),260040,5330820000,9740,199770000,270668364,8.22
02/07/2014,-20,792000,20.3(-0.98 %),84010,1713804000,84030,1713012000,270668384,8.22
03/07/2014,-151980,-3093694000,20.4(0.49 %),300,6090000,152280,3099784000,270820364,8.2
04/07/2014,28360,581218000,20.4(0.00 %),28360,581218000,0,0,270792004,8.21
07/07/2014,160570,3290392000,20.5(0.49 %),162700,3334054000,2130,43662000,270631434,8.22
08/07/2014,-10160,-207264000,20.4(-0.49 %),0,0,10160,207264000,270641594,8.22
09/07/2014,3030,61812000,20.3(-0.49 %),3030,61812000,0,0,270638564,8.22
10/07/2014,62120,1254730000,20.2(-0.49 %),77200,1559526000,15080,304796000,271157984,8.18
11/07/2014,49910,1003263000,20.1(-0.50 %),51400,1033212000,1490,29949000,271031514,0.0
14/07/2014,74800,1514930000,20.3(1.00 %),85700,1734110000,10900,219180000,270956714,8.19
15/07/2014,110220,2237466000,20.3(0.00 %),110220,2237466000,0,0,270846494,8.2
16/07/2014,150500,3052798000,20.3(0.00 %),151580,3074614000,1080,21816000,270709254,0.0
17/07/2014,43480,878444000,20.2(-0.49 %),48000,970200000,4520,91756000,270665774,8.22
18/07/2014,253030,5159678000,20.4(0.99 %),448470,9149254000,195440,3989576000,270673644,8.22
21/07/2014,85070,1733801000,20.3(-0.49 %),85070,1733801000,0,0,270200104,0.0
22/07/2014,0,0,20.2(-0.49 %),0,0,0,0,270201184,0.0
23/07/2014,-28080,-567216000,20.1(-0.50 %),2720,54944000,30800,622160000,270202990,0.0
24/07/2014,249260,5051065000,20.3(1.00 %),384340,7782677000,135080,2731612000,270005270,0.0
25/07/2014,168710,3405342000,20.1(-0.99 %),168710,3405342000,0,0,269785380,0.0
28/07/2014,67500,1345500000,20(-0.50 %),77360,1542700000,9860,197200000,269708020,0.0
29/07/2014,120530,2398547000,19.9(-0.50 %),120530,2398547000,0,0,269618290,0.0
30/07/2014,36900,725430000,19.6(-1.51 %),36900,725430000,0,0,269716470,0.0
31/07/2014,21430,420378000,19.7(0.51 %),31430,616378000,10000,196000000,269685040,0.0
01/08/2014,12720,247110000,19.6(-0.51 %),12720,247110000,0,0,269682180,0.0
04/08/2014,14090,272012000,19.5(-0.51 %),14090,272012000,0,0,269668090,0.0
05/08/2014,19780,375293000,19.5(0.00 %),169780,3300293000,150000,2925000000,269498310,0.0
06/08/2014,2020,38390000,19.5(0.00 %),10000,194000000,7980,155610000,269508310,8.31
07/08/2014,-177520,-3426206000,19.5(0.00 %),47940,927242000,225460,4353448000,269685830,8.3
08/08/2014,-13660,-264999000,19.3(-1.03 %),0,0,13660,264999000,269450370,0.0
11/08/2014,-46990,-895918000,19.1(-1.04 %),169180,3231983000,216170,4127901000,269431190,0.0
12/08/2014,-82110,-1559940000,18.9(-1.05 %),1200,22800000,83310,1582740000,269437970,0.0
13/08/2014,0,0,19.1(1.06 %),0,0,0,0,269663430,0.0
14/08/2014,-113980,-2201657000,19.4(1.57 %),47300,906460000,161280,3108117000,269677090,8.3
15/08/2014,0,0,19.2(-1.03 %),0,0,0,0,269845960,8.28
18/08/2014,0,0,19.2(0.00 %),0,0,0,0,269929270,0.0
19/08/2014,-21490,-414797000,19.2(0.00 %),200,3820000,21690,418617000,269929070,0.0
20/08/2014,4540,87064000,19.1(-0.52 %),4540,87064000,0,0,270085810,0.0
21/08/2014,2780,53041000,19.1(0.00 %),13490,257659000,10710,204618000,270072320,0.0
22/08/2014,53840,1025482000,19(-0.52 %),53840,1025482000,0,0,270072320,8.26
25/08/2014,95120,1816707000,19.2(1.05 %),97790,1867971000,2670,51264000,270040170,8.27
26/08/2014,-173830,-3285760000,18.9(-1.56 %),20930,396595000,194760,3682355000,269942380,8.27
27/08/2014,-7910,-148359000,18.8(-0.53 %),33700,635230000,41610,783589000,269932160,8.28
28/08/2014,20000,378500000,19(1.06 %),405000,7671460000,385000,7292960000,269898460,8.28
29/08/2014,102010,1976580000,19.4(2.11 %),102010,1976580000,0,0,269774120,0.0
03/09/2014,133600,2611878000,19.5(0.52 %),164420,3212889000,30820,601011000,269968880,8.27
04/09/2014,198800,3875875000,19.5(0.00 %),198800,3875875000,0,0,269647270,0.0
05/09/2014,237910,4643745000,19.6(0.51 %),257910,5035745000,20000,392000000,269394360,0.0
08/09/2014,364090,7143094000,19.7(0.51 %),372580,7309468000,8490,166374000,269394360,8.32
09/09/2014,446660,8791085000,19.6(-0.51 %),448690,8831076000,2030,39991000,269052600,8.35
10/09/2014,442410,8741656000,20(2.04 %),462410,9136656000,20000,395000000,268141500,0.0
11/09/2014,40460,803446000,19.8(-1.00 %),151470,3001445000,111010,2197999000,268010030,0.0
12/09/2014,227250,4467564000,19.7(-0.51 %),227250,4467564000,0,0,267791270,0.0
15/09/2014,83500,1629554000,19.5(-1.02 %),182460,3563745000,98960,1934191000,267793300,8.45
16/09/2014,-45720,-878469000,19.2(-1.54 %),39050,749855000,84770,1628324000,267676560,0.0
17/09/2014,39490,752895000,19(-1.04 %),53240,1015520000,13750,262625000,267734330,0.0
18/09/2014,-62900,-1192250000,19.1(0.53 %),48850,931131000,111750,2123381000,267685480,0.0
19/09/2014,-2947550,-54452030000,18.5(-3.14 %),717680,13345530000,3665230,67797560000,266981990,0.0
22/09/2014,51790,965393000,18.6(0.54 %),51790,965393000,0,0,267014970,0.0
23/09/2014,612950,11665708000,19.2(3.23 %),627250,11940268000,14300,274560000,266401470,0.0
24/09/2014,301090,5701757000,18.7(-2.60 %),932370,17582555000,631280,11880798000,266100380,8.58
25/09/2014,18170,340877000,18.8(0.53 %),26170,490477000,8000,149600000,266082210,8.59
26/09/2014,39220,738136000,18.7(-0.53 %),39220,738136000,0,0,266042990,8.59
29/09/2014,189080,3570201000,19(1.60 %),223000,4206181000,33920,635980000,268971990,0.0
30/09/2014,753090,14319690000,19.1(0.53 %),1205950,22944130000,452860,8624440000,268451000,0.0
01/10/2014,174920,3338420000,19.1(0.00 %),291550,5565360000,116630,2226940000,268167450,0.0
02/10/2014,40300,767990000,19.1(0.00 %),600980,11423210000,560680,10655220000,268016470,0.0
03/10/2014,-254480,-4797431000,18.8(-1.57 %),33180,628270000,287660,5425701000,268021210,0.0
06/10/2014,-53300,-1013732000,19.1(1.60 %),26700,502130000,80000,1515862000,268393698,0.0
07/10/2014,67960,1292682000,19(-0.52 %),120300,2285640000,52340,992958000,268390028,0.0
08/10/2014,10490,196895000,18.8(-1.05 %),489830,9225954000,479340,9029059000,268481708,0.0
09/10/2014,156260,2953474000,19(1.06 %),295080,5577782000,138820,2624308000,268608288,0.0
10/10/2014,94140,1783741000,18.8(-1.05 %),246190,4661591000,152050,2877850000,268592098,0.0
13/10/2014,-11250,-209336000,18.6(-1.06 %),2300,42940000,13550,252276000,268603348,8.38
14/10/2014,-60530,-1113828000,18.2(-2.15 %),10300,191580000,70830,1305408000,268663878,8.38
15/10/2014,-116750,-2167517000,18.9(3.85 %),522450,9738295000,639200,11905812000,268780628,8.37
16/10/2014,-353750,-6516026000,18.6(-1.59 %),237510,4381884000,591260,10897910000,269134378,8.34
17/10/2014,-371680,-6793620000,18.3(-1.61 %),197830,3615984000,569510,10409604000,269506058,8.31
20/10/2014,-114120,-2098733000,18.4(0.55 %),353520,6527944000,467640,8626677000,269620178,8.3
21/10/2014,-380300,-6941758000,18.3(-0.54 %),381640,6969902000,761940,13911660000,270000478,8.27
22/10/2014,-139180,-2540248000,18.3(0.00 %),47790,872757000,186970,3413005000,270139658,8.26
23/10/2014,-92760,-1680765000,18.2(-0.55 %),83600,1525180000,176360,3205945000,270232418,8.25
24/10/2014,21300,388225000,18.2(0.00 %),21300,388225000,0,0,270211118,8.25
27/10/2014,-85280,-1541732000,18(-1.10 %),72340,1306328000,157620,2848060000,270296398,8.25
29/10/2014,102420,1883742000,18.5(1.09 %),181230,3322603000,78810,1438861000,270193978,8.25
30/10/2014,138820,2572446000,18.6(0.54 %),239900,4443534000,101080,1871088000,270055158,8.27
31/10/2014,554170,10483951000,19.1(2.69 %),669120,12647649000,114950,2163698000,269500988,8.31
03/11/2014,124400,2414107000,19.1(0.00 %),153310,2965877000,28910,551770000,269055736,8.35
04/11/2014,1250,27567000,18.9(-1.05 %),118290,2247101000,117040,2219534000,269054486,8.35
05/11/2014,68970,1298703000,18.8(-0.53 %),135160,2544004000,66190,1245301000,268985516,8.35
06/11/2014,28120,532098000,18.9(0.53 %),91480,1724866000,63360,1192768000,268957396,8.35
07/11/2014,125550,2382366000,18.9(0.00 %),163850,3107766000,38300,725400000,268831846,8.36
10/11/2014,240500,4586179000,19.2(1.59 %),256540,4891939000,16040,305760000,268591346,8.38
11/11/2014,258350,4963639000,19.1(-0.52 %),268160,5150088000,9810,186449000,268332996,8.4
12/11/2014,58670,1127405000,19.1(0.00 %),210200,4031420000,151530,2904015000,268274326,8.41
13/11/2014,-9810,-184055000,18.8(-1.57 %),28000,529500000,37810,713555000,268284136,8.41
14/11/2014,-75610,-1430269000,19.1(1.60 %),36400,690320000,112010,2120589000,268359746,8.4
17/11/2014,24860,474963000,18.9(-1.05 %),26000,496777000,1140,21814000,268334886,8.4
18/11/2014,-109730,-2057839000,18.5(-2.12 %),50000,933262000,159730,2991101000,268444616,8.4
19/11/2014,12400,229560000,18.6(0.54 %),12400,229560000,0,0,268432216,8.4
20/11/2014,214290,4077420000,19.1(2.69 %),230740,4387120000,16450,309700000,268343545,0.0
21/11/2014,393450,7500110000,19(-0.52 %),394450,7519210000,1000,19100000,267950235,0.0
24/11/2014,32550,615240000,18.7(-1.58 %),32550,615240000,0,0,268077415,0.0
25/11/2014,127760,2411760000,18.8(0.53 %),219630,4140120000,91870,1728360000,267857785,0.0
26/11/2014,493820,9285350000,18.7(-0.53 %),617510,11599010000,123690,2313660000,267256725,0.0
27/11/2014,-4160,-77480000,18.6(-0.53 %),2600,48360000,6760,125840000,267255125,0.0
28/11/2014,-32880,-611580000,18.6(0.00 %),6200,115320000,39080,726900000,267248932,0.0
01/12/2014,70380,1317060000,18.8(1.08 %),100380,1877660000,30000,560600000,267240422,0.0
02/12/2014,-11660,-216440000,18.5(-1.60 %),18000,335200000,29660,551640000,267346112,0.0
03/12/2014,13240,246040000,18.5(0.00 %),33540,622190000,20300,376150000,267319332,0.0
04/12/2014,-13260,-245210000,18.6(0.54 %),500,9250000,13760,254460000,267357912,0.0
05/12/2014,58890,1112530000,18.6(0.00 %),94370,1772460000,35480,659930000,267293542,0.0
08/12/2014,-108020,-2008760000,18.5(-0.54 %),625210,11600150000,733230,13608910000,267323202,0.0
09/12/2014,-104630,-1919950000,18.2(-1.62 %),0,0,104630,1919950000,267343502,0.0
10/12/2014,-76710,-1388930000,18.2(0.00 %),2100,38210000,78810,1427140000,267355162,0.0
11/12/2014,-167810,-3006590000,17.8(-2.20 %),173200,3152220000,341010,6158810000,267217442,0.0
12/12/2014,0,0,18.2(2.25 %),0,0,0,0,267217442,8.49
15/12/2014,-102850,-1858910000,18(-1.10 %),1000,18200000,103850,1877110000,267429092,0.0
16/12/2014,-154930,-2740740000,17.7(-1.67 %),0,0,154930,2740740000,267507902,0.0
17/12/2014,-694680,-12017190000,16.7(-5.65 %),4000,69700000,698680,12086890000,267844912,0.0
18/12/2014,-2791370,-44836070000,16(-4.19 %),1360,21980000,2792730,44858050000,267843552,0.0
19/12/2014,-28378660,-448876940000,15.9(-0.62 %),660600,10305560000,29039260,459182500000,267686802,0.0
22/12/2014,120,2028000,17(6.92 %),120,2028000,0,0,267686682,8.46
23/12/2014,198920,3464640000,17.5(2.94 %),200000,3483000000,1080,18360000,268340292,0.0
24/12/2014,12080,205070000,17.5(0.00 %),15080,256370000,3000,51300000,271117942,0.0
25/12/2014,600,10500000,17.4(-0.57 %),600,10500000,0,0,299756602,0.0
26/12/2014,1800,31100000,17.5(0.57 %),2000,34600000,200,3500000,299754802,5.88
29/12/2014,500,8600000,17.4(-0.57 %),500,8600000,0,0,299754302,5.88
30/12/2014,165350,2875159000,18(3.45 %),165660,2880739000,310,5580000,299588952,5.89
31/12/2014,182620,3275765000,18(0.00 %),182620,3275765000,0,0,299406332,5.9
05/01/2015,219190,3889442000,17.5(-2.78 %),219190,3889442000,0,0,299190914,5.92
06/01/2015,215560,3835536000,17.8(1.71 %),217560,3871136000,2000,35600000,298975354,5.94
07/01/2015,224160,4008490000,17.9(0.56 %),224160,4008490000,0,0,298751194,5.96
08/01/2015,315620,5695415000,18.1(1.12 %),316620,5713215000,1000,17800000,298435574,5.98
09/01/2015,241280,4460307000,18.5(2.21 %),246280,4552807000,5000,92500000,298194294,6.0
12/01/2015,475780,8959402000,19(2.70 %),476000,8963582000,220,4180000,297718514,6.04
13/01/2015,113970,2160211000,18.8(-1.05 %),148220,2807536000,34250,647325000,297604544,6.05
14/01/2015,80500,1493000000,18.5(-1.60 %),102000,1897200000,21500,404200000,297524044,6.05
15/01/2015,28650,524317000,18.5(0.00 %),32570,596345000,3920,72028000,297495394,6.06
16/01/2015,-34290,-628329000,18.4(-0.54 %),1200,22080000,35490,650409000,297529684,6.05
19/01/2015,0,0,18.6(1.09 %),0,0,0,0,297529684,6.05
20/01/2015,-1050,-19425000,18.3(-1.61 %),0,0,1050,19425000,297530734,6.05
21/01/2015,17000,316200000,18.5(1.09 %),17000,316200000,0,0,297513734,6.06
22/01/2015,17580,328210000,18.8(1.62 %),20200,376680000,2620,48470000,297496154,6.06
23/01/2015,-760,-12812000,18.8(0.00 %),12940,244748000,13700,257560000,297496914,6.06
26/01/2015,-17070,-320921000,18.6(-1.06 %),50,935000,17120,321856000,297513984,6.06
27/01/2015,-5470,-103080000,18.3(-1.61 %),3330,60939000,8800,164019000,297519454,6.05
28/01/2015,69000,1267096000,19.4(6.01 %),69000,1267096000,0,0,297450454,6.06
29/01/2015,-36000,-694818000,19.2(-1.03 %),15700,303010000,51700,997828000,297486454,6.06
30/01/2015,15000,285000000,19(-1.04 %),15000,285000000,0,0,297471454,6.06
02/02/2015,-120960,-2239251000,18.4(-3.16 %),31040,572373000,152000,2811624000,297389041,6.07
03/02/2015,-643640,-11378452000,17.2(-6.52 %),42590,766514000,686230,12144966000,298032681,6.01
04/02/2015,-401480,-6959651000,17.9(4.07 %),28760,505514000,430240,7465165000,298434161,5.98
05/02/2015,-115620,-2072638000,17.9(0.00 %),0,0,115620,2072638000,298549781,5.97
06/02/2015,0,0,18(0.56 %),0,0,0,0,298549781,5.97
09/02/2015,119800,2165374000,17.9(-0.56 %),217860,3932268000,98060,1766894000,298429981,5.98
10/02/2015,222780,4022200000,18(0.56 %),222780,4022200000,0,0,298207201,6.0
11/02/2015,217680,4007272000,18.6(3.33 %),217680,4007272000,0,0,297989521,6.02
12/02/2015,532810,10019020000,18.8(1.08 %),567750,10673372000,34940,654352000,297456711,6.06
13/02/2015,829650,15826015000,19.1(1.60 %),836650,15959015000,7000,133000000,296627061,6.13
24/02/2015,208120,3989953000,19.2(0.52 %),258120,4941717000,50000,951764000,296418941,6.14
25/02/2015,631380,12323918000,19.3(0.52 %),632080,12337658000,700,13740000,295787561,6.19
26/02/2015,431840,8434292000,19.6(1.55 %),520050,10151794000,88210,1717502000,295355721,6.23
27/02/2015,453060,8896298000,19.4(-1.02 %),618970,12123150000,165910,3226852000,294902661,6.27
02/03/2015,290590,5646654000,19.4(0.00 %),317590,6171454000,27000,524800000,294533967,6.3
03/03/2015,668070,12978458000,19.4(0.00 %),673070,13075958000,5000,97500000,293865897,6.35
04/03/2015,105760,2052744000,19.5(0.52 %),105760,2052744000,0,0,293760137,6.36
05/03/2015,134740,2610173000,19.3(-1.03 %),150000,2906500000,15260,296327000,293625397,6.37
06/03/2015,-511760,-10037773000,19.6(1.55 %),500,9800000,512260,10047573000,294137157,6.33
09/03/2015,-289500,-5815533000,20(2.04 %),28810,582538000,318310,6398071000,294426657,6.3
10/03/2015,-35560,-708611000,19.8(-1.00 %),52300,1040770000,87860,1749381000,294462217,6.3
11/03/2015,-27040,-550928000,20.4(3.03 %),50000,1020000000,77040,1570928000,294489257,6.3
12/03/2015,-13880,-273280000,20.4(0.00 %),50000,1020000000,63880,1293280000,294503137,6.3
13/03/2015,-11110,-229194000,20(-1.96 %),41700,841580000,52810,1070774000,294514247,6.3
16/03/2015,-222070,-4316205000,19.4(-3.00 %),750,14475000,222820,4330680000,294736317,6.28
17/03/2015,0,0,19.4(0.00 %),0,0,0,0,294736317,6.28
18/03/2015,-1250,-24260000,19.2(-1.03 %),100,1930000,1350,26190000,294737567,6.28
19/03/2015,-2818330,-53598381000,19(-1.04 %),0,0,2818330,53598381000,297555897,6.05
20/03/2015,-3251750,-62433600000,19.2(1.05 %),0,0,3251750,62433600000,300807647,5.79
23/03/2015,-647540,-12441888000,19.2(0.00 %),215600,4172560000,863140,16614448000,301455187,5.74
24/03/2015,-69870,-1321906000,19(-1.04 %),57230,1087774000,127100,2409680000,301525057,5.73
25/03/2015,-69870,-1321906000,19.1(0.53 %),57230,1087774000,127100,2409680000,301594927,5.73
26/03/2015,-459050,-8783511000,19.1(0.00 %),2000,38000000,461050,8821511000,302053977,5.69
27/03/2015,-855830,-16238063000,19.1(0.00 %),30000,573000000,885830,16811063000,302909807,5.62
30/03/2015,-313150,-5897453000,18.7(-2.09 %),0,0,313150,5897453000,303222957,5.6
31/03/2015,133930,2520518000,18.7(0.00 %),233930,4400054000,100000,1879536000,303089027,5.61
01/04/2015,3910,70022000,18.7(0.00 %),16060,295822000,12150,225800000,302110195,5.69
02/04/2015,16200,303144000,18.7(0.00 %),17780,332406000,1580,29262000,302093995,5.69
03/04/2015,350,6510000,18.8(0.53 %),350,6510000,0,0,302093645,5.69
06/04/2015,-245860,-4602385000,18.6(-1.06 %),4700,88260000,250560,4690645000,302339505,5.67
07/04/2015,-699220,-12931554000,18.5(-0.54 %),800,14880000,700020,12946434000,303038725,5.61
08/04/2015,-534680,-9952540000,18.5(0.00 %),28990,541213000,563670,10493753000,303573405,5.57
09/04/2015,-64960,-1209385000,18.6(0.54 %),10,186000,64970,1209571000,303638365,5.56
10/04/2015,6500,121900000,18.7(0.54 %),6500,121900000,0,0,303631865,5.56
13/04/2015,89200,1661040000,18.5(-1.07 %),89200,1661040000,0,0,303542665,5.57
14/04/2015,135530,2522328000,18.5(0.00 %),149740,2784870000,14210,262542000,303407135,5.58
15/04/2015,108660,2001062000,18.3(-1.08 %),125380,2308020000,16720,306958000,303298475,5.59
16/04/2015,398890,7319837000,18.4(0.55 %),420390,7715437000,21500,395600000,302899585,5.62
17/04/2015,269660,4922995000,18.2(-1.09 %),320360,5845280000,50700,922285000,302629925,5.64
20/04/2015,188800,3409080000,17.9(-1.65 %),189800,3427180000,1000,18100000,302441125,5.66
21/04/2015,153640,2744316000,17.8(-0.56 %),186950,3340403000,33310,596087000,302287485,5.67
22/04/2015,219930,3881161000,17.4(-2.25 %),219930,3881161000,0,0,302067555,5.69
23/04/2015,1590,44221000,17(-2.30 %),201730,3462129000,200140,3417908000,302065965,5.69
24/04/2015,286880,4980744000,17.6(3.53 %),286930,4981619000,50,875000,301779085,5.71
27/04/2015,203910,3641006000,17.9(1.70 %),203910,3641006000,0,0,301575175,5.73
04/05/2015,377250,6561541000,17.1(-4.47 %),429250,7462841000,52000,901300000,302256865,5.67
05/05/2015,259720,4472790000,17.5(2.34 %),272890,4702345000,13170,229555000,301997145,5.69
06/05/2015,-19030,-319200000,17.1(-2.29 %),198970,3419276000,218000,3738476000,302016175,6.19
07/05/2015,38720,673508000,17.1(0.00 %),232650,4013112000,193930,3339604000,301977455,6.19
08/05/2015,200670,3477733000,17.1(0.00 %),215670,3737633000,15000,259900000,301776785,6.21
11/05/2015,187200,3229960000,17.1(0.00 %),187200,3229960000,0,0,301589585,6.23
12/05/2015,-125470,-2137387000,17(-0.58 %),7900,134300000,133370,2271687000,301715055,6.22
13/05/2015,8000,135800000,16.8(-1.18 %),8000,135800000,0,0,301707055,6.22
14/05/2015,-15900,-265720000,16.7(-0.60 %),5300,88440000,21200,354160000,301722955,6.22
15/05/2015,11900,196393000,16.4(-1.80 %),19650,324270000,7750,127877000,301711055,6.22
18/05/2015,-64450,-1048253000,16.4(0.00 %),18880,309632000,83330,1357885000,301775505,6.21
19/05/2015,-37330,-614795000,16.4(0.00 %),82670,1368749000,120000,1983544000,301812835,6.21
20/05/2015,70390,1172278000,16.8(2.44 %),70390,1172278000,0,0,301742445,6.22
21/05/2015,127440,2167780000,17(1.19 %),143740,2443250000,16300,275470000,301615005,6.23
22/05/2015,664580,11632188000,17.7(4.12 %),668580,11702988000,4000,70800000,300950425,6.28
25/05/2015,159950,2843875000,17.9(1.13 %),184570,3282289000,24620,438414000,300790475,6.3
26/05/2015,844960,15322056000,18.2(1.68 %),846260,15345326000,1300,23270000,299945515,6.37
27/05/2015,389980,7068427000,18.1(-0.55 %),490480,8879352000,100500,1810925000,299555535,6.41
28/05/2015,542090,10054127000,18.6(2.76 %),547090,10147127000,5000,93000000,299013445,6.45
29/05/2015,342510,6179351000,18.1(-2.69 %),1243690,22616581000,901180,16437230000,298670935,6.48
01/06/2015,1112550,20346999000,18.6(2.76 %),1112550,20346999000,0,0,296803898,6.65
02/06/2015,203400,3735091000,18.1(-2.69 %),218400,4006591000,15000,271500000,296600498,6.67
03/06/2015,65800,1186621000,18.1(0.00 %),65800,1186621000,0,0,296534698,6.67
04/06/2015,-7950,-144090000,18(-0.55 %),0,0,7950,144090000,296542648,6.67
05/06/2015,-1800,-32840000,18.4(2.22 %),600,10800000,2400,43640000,296544448,6.67
08/06/2015,109530,2025711000,18.4(0.00 %),157000,2913200000,47470,887489000,296434918,6.68
09/06/2015,-198000,-3574800000,18.1(-1.63 %),2000,36200000,200000,3611000000,296632918,6.66
10/06/2015,-299000,-5385600000,18.1(0.00 %),1000,17900000,300000,5403500000,296931918,6.64
11/06/2015,0,0,18.2(0.55 %),0,0,0,0,296931918,6.64
12/06/2015,13200,241410000,18.4(1.10 %),16000,292700000,2800,51290000,296918718,6.64
15/06/2015,160290,2970645000,18.5(0.54 %),172190,3190895000,11900,220250000,296758428,6.65
16/06/2015,523670,9720895000,18.5(0.00 %),523670,9720895000,0,0,296234758,6.7
17/06/2015,267990,4932812000,18.5(0.00 %),269840,4966852000,1850,34040000,295966768,6.72
18/06/2015,745980,13777735000,18.5(0.00 %),762930,14089379000,16950,311644000,295220788,6.79
19/06/2015,23629890,447369620000,19(2.70 %),24436760,462650150000,806870,15280530000,271590898,8.85
22/06/2015,3560660,67618732000,18.9(-0.53 %),3571490,67824279000,10830,205547000,268030238,9.17
23/06/2015,615310,11559328000,18.7(-1.06 %),615310,11559328000,0,0,267414928,9.22
24/06/2015,987720,18284512000,18.4(-1.60 %),989720,18321912000,2000,37400000,266427208,9.31
25/06/2015,0,0,18.4(0.00 %),0,0,0,0,266427208,9.31
26/06/2015,76410,1387681000,18.1(-1.63 %),76710,1393201000,300,5520000,266350798,9.31
29/06/2015,1529310,28370734000,18.6(2.76 %),1529910,28381894000,600,11160000,264821488,9.45
30/06/2015,1779630,33391272000,18.6(0.00 %),1809760,33955416000,30130,564144000,263041858,9.6
01/07/2015,408090,7623141000,18.7(0.54 %),408090,7623141000,0,0,263609418,9.55
02/07/2015,1219500,22931462000,18.9(1.07 %),1219500,22931462000,0,0,262389918,8.88
03/07/2015,418230,7907975000,18.9(0.00 %),425920,8053316000,7690,145341000,261971688,8.92
06/07/2015,719580,13617507000,19(0.53 %),737610,13956663000,18030,339156000,261252108,8.97
07/07/2015,383280,7201676000,19.5(2.63 %),644550,12290769000,261270,5089093000,260868828,9.0
08/07/2015,189680,3714724000,19.9(2.05 %),439680,8689724000,250000,4975000000,260679148,9.02
09/07/2015,165610,3289235000,19.8(-0.50 %),845658,16751826000,680048,13462591000,260513538,9.03
10/07/2015,250090,4940154000,19.7(-0.51 %),250090,4940154000,0,0,260263448,9.05
13/07/2015,-105450,-2039683000,19(-3.55 %),5310,104485000,110760,2144168000,260368898,9.04
14/07/2015,-29320,-540643000,19.5(2.63 %),274600,5347201000,303920,5887844000,260398218,9.04
15/07/2015,90230,1748494000,19.1(-2.05 %),91230,1767794000,1000,19300000,260307988,9.05
16/07/2015,387050,7432896000,19.4(1.57 %),467050,8982263000,80000,1549367000,259920938,9.08
17/07/2015,123600,2378769000,19.1(-1.55 %),228300,4378900000,104700,2000131000,259797338,9.09
20/07/2015,50650,956815000,18.8(-1.57 %),150650,2838315000,100000,1881500000,259746688,9.1
21/07/2015,24600,470571000,18.9(0.53 %),179900,3377632000,155300,2907061000,259722088,9.1
22/07/2015,291610,5528442000,19(0.53 %),386800,7339391000,95190,1810949000,259430478,9.12
23/07/2015,-11000,-209000000,18.9(-0.53 %),0,0,11000,209000000,259441478,9.12
24/07/2015,5400,100784000,18.5(-2.12 %),203280,3782884000,197880,3682100000,259436078,9.12
27/07/2015,91920,1727694000,19(2.70 %),203420,3802594000,111500,2074900000,259344158,9.13
28/07/2015,11390,212392000,18.6(-2.11 %),24000,448800000,12610,236408000,259332768,9.13
29/07/2015,-363740,-6705978000,18.3(-1.61 %),28300,523600000,392040,7229578000,259696508,9.1
30/07/2015,-51560,-906940000,18.4(0.55 %),241710,4422800000,293270,5329740000,259748068,9.09
31/07/2015,-226280,-4214010000,19(3.26 %),0,0,226280,4214010000,259974348,9.08
03/08/2015,162390,3101220000,19(0.00 %),314590,5977060000,152200,2875840000,258860287,9.17
04/08/2015,55090,1048860000,19(0.00 %),57690,1098840000,2600,49980000,258805197,9.17
05/08/2015,247450,4753430000,19.5(2.63 %),260450,5004330000,13000,250900000,258557747,9.19
06/08/2015,3060,60020000,19.1(-2.05 %),4260,83020000,1200,23000000,258554687,9.19
07/08/2015,97800,1869120000,19.1(0.00 %),98100,1874910000,300,5790000,258456887,9.2
10/08/2015,-2170,-41000000,19(-0.52 %),130,2470000,2300,43470000,258459057,9.2
11/08/2015,585110,11027550000,18.9(-0.53 %),597970,11270600000,12860,243050000,257873947,9.25
12/08/2015,-84660,-1556510000,18.5(-2.12 %),70500,1322900000,155160,2879410000,257958607,9.24
13/08/2015,56930,1023290000,17.7(-4.32 %),359110,6478650000,302180,5455360000,257901677,9.24
14/08/2015,-77820,-1352300000,17.4(-1.69 %),222940,3852910000,300760,5205210000,257979497,9.24
17/08/2015,133590,2294850000,17.2(-1.15 %),180140,3092360000,46550,797510000,257845907,9.25
18/08/2015,55000,941120000,17.1(-0.58 %),228220,3896460000,173220,2955340000,257790907,9.25
19/08/2015,-430,-7450000,17.1(0.00 %),570,9750000,1000,17200000,257791337,9.25
20/08/2015,-279220,-4744940000,17(-0.58 %),1160,19720000,280380,4764660000,258070557,9.23
21/08/2015,-126670,-2106800000,16.6(-2.35 %),223080,3703990000,349750,5810790000,258197227,9.22
24/08/2015,-112560,-1756430000,15.9(-4.22 %),279200,4527230000,391760,6283660000,258309787,9.21
25/08/2015,-480470,-7660030000,15.5(-2.52 %),3500,55900000,483970,7715930000,258790257,9.17
26/08/2015,-876500,-13749660000,15.8(1.94 %),8440,131540000,884940,13881200000,259666757,9.1
27/08/2015,-282320,-4502930000,16(1.27 %),3070,48840000,285390,4551770000,259949077,9.08
28/08/2015,24730,406090000,17.1(6.88 %),94770,1559030000,70040,1152940000,259924347,9.08
31/08/2015,18300,308920000,16.6(-2.92 %),338050,5662210000,319750,5353290000,259906047,9.08
01/09/2015,11060,184120000,16.6(0.00 %),11560,192520000,500,8400000,260482196,9.04
03/09/2015,-450870,-7259180000,16.5(-0.60 %),2000,32000000,452870,7291180000,260933066,9.0
04/09/2015,-70310,-1136250000,16.2(-1.82 %),26480,430430000,96790,1566680000,261003376,8.99
07/09/2015,-127840,-2053660000,16.1(-0.62 %),2280,36710000,130120,2090370000,261131216,8.98
08/09/2015,-78240,-1266010000,16.3(1.24 %),0,0,78240,1266010000,261209456,8.98
09/09/2015,40220,675570000,16.8(3.07 %),42420,712260000,2200,36690000,261169236,8.98
10/09/2015,195810,3279410000,16.8(0.00 %),211820,3548360000,16010,268950000,260973426,9.0
11/09/2015,-69000,-1140600000,16.4(-2.38 %),1000,16700000,70000,1157300000,261042426,8.99
14/09/2015,-1710,-28040000,16.3(-0.61 %),0,0,1710,28040000,261044136,8.99
15/09/2015,-462760,-7344260000,15.7(-3.68 %),1500,24200000,464260,7368460000,261506896,8.95
16/09/2015,-475200,-7536300000,16.2(3.18 %),0,0,475200,7536300000,261982096,8.92
17/09/2015,12100,195310000,16(-1.23 %),12500,201750000,400,6440000,261969996,8.92
18/09/2015,31550,540490000,16.3(1.88 %),587360,9608050000,555810,9067560000,261938446,8.92
21/09/2015,25800,424960000,16.6(1.84 %),26200,431520000,400,6560000,261912646,8.92
22/09/2015,5360,88970000,16.7(0.60 %),5860,97220000,500,8250000,261907286,8.92
23/09/2015,18110,297670000,16.6(-0.60 %),18310,300970000,200,3300000,261889176,8.92
24/09/2015,-3600,-59390000,16.4(-1.20 %),0,0,3600,59390000,261892776,8.92
25/09/2015,-3100,-51660000,16.7(1.83 %),0,0,3100,51660000,261895876,8.92
28/09/2015,-95520,-1569010000,16.3(-2.40 %),5000,82500000,100520,1651510000,261991396,8.91
29/09/2015,-15880,-258690000,16.3(0.00 %),28660,470930000,44540,729620000,262007276,8.91
30/09/2015,93840,1544170000,16.4(0.61 %),158980,2610660000,65140,1066490000,261913436,8.92
01/10/2015,-2100,-34660000,16.6(1.22 %),0,0,2100,34660000,262098763,8.91
02/10/2015,-139730,-2299560000,16.4(-1.20 %),0,0,139730,2299560000,262238493,8.89
05/10/2015,-2320,-38060000,16.7(1.83 %),0,0,2320,38060000,262240813,8.89
06/10/2015,-770,-13030000,16.9(1.20 %),7400,124320000,8170,137350000,262241583,8.89
07/10/2015,584710,10128690000,17.5(3.55 %),584910,10132120000,200,3430000,261656873,8.94
08/10/2015,528610,9345550000,18(2.86 %),531810,9401260000,3200,55710000,261128263,8.98
09/10/2015,224920,4113700000,18.1(0.56 %),225020,4115540000,100,1840000,260903343,9.0
12/10/2015,538040,9723670000,18.2(0.55 %),538040,9723670000,0,0,260365303,9.05
13/10/2015,208030,3769960000,18.1(-0.55 %),209310,3793160000,1280,23200000,260157273,9.06
14/10/2015,288920,5222720000,17.8(-1.66 %),289020,5224520000,100,1800000,259868353,9.09
15/10/2015,-88410,-1564380000,17.6(-1.12 %),69860,1249840000,158270,2814220000,259956763,9.08
16/10/2015,11350,177930000,14.8(9.31 %),55940,809340000,44590,631410000,259945413,9.08
19/10/2015,86250,1271680000,14.7(-0.68 %),86750,1279080000,500,7400000,259859163,9.09
20/10/2015,-368240,-5290010000,14.2(-3.40 %),19060,274210000,387300,5564220000,260227403,9.06
21/10/2015,1300,18510000,14.1(-0.70 %),1800,25610000,500,7100000,260226103,9.06
22/10/2015,95100,1373260000,14.4(2.13 %),95100,1373260000,0,0,260131003,9.06
23/10/2015,-30950,-444940000,14.3(-0.69 %),2050,29460000,33000,474400000,260161953,9.06
26/10/2015,-158670,-2262120000,14.1(-1.40 %),280000,3994750000,438670,6256870000,260320623,9.05
27/10/2015,-223620,-3101490000,13.7(-2.84 %),40730,569300000,264350,3670790000,260544243,9.03
28/10/2015,-66810,-919070000,13.5(-1.46 %),44500,605850000,111310,1524920000,260611053,9.03
29/10/2015,147590,1998810000,13.7(1.48 %),404570,5486180000,256980,3487370000,260463463,9.04
30/10/2015,1030,33090000,13.6(-0.73 %),519620,7058680000,518590,7025590000,260462433,9.04
02/11/2015,-128290,-1710360000,13.2(-2.94 %),14500,193750000,142790,1904110000,260023360,9.07
03/11/2015,-67970,-904520000,13.2(0.00 %),10,130000,67980,904650000,260091330,9.07
04/11/2015,-60280,-796580000,13.1(-0.76 %),94300,1242880000,154580,2039460000,260151610,9.06
05/11/2015,-88680,-1155470000,12.9(-1.53 %),7500,97450000,96180,1252920000,260240290,9.06
06/11/2015,-176290,-2287000000,12.9(0.00 %),350,4520000,176640,2291520000,260416580,9.04
09/11/2015,22670,292660000,12.9(0.00 %),162490,2101620000,139820,1808960000,260393910,9.04
10/11/2015,-229160,-2932010000,12.8(-0.78 %),21650,277090000,250810,3209100000,260623070,9.02
11/11/2015,-18120,-230940000,12.7(-0.78 %),6880,88060000,25000,319000000,260641190,9.02
12/11/2015,-447820,-5514880000,12.3(-3.15 %),5050,62420000,452870,5577300000,261089010,8.99
13/11/2015,-34080,-428910000,12.5(1.63 %),63590,797170000,97670,1226080000,261123090,8.98
16/11/2015,5030,60430000,12.5(0.00 %),280790,3509880000,275760,3449450000,261118060,17.26
17/11/2015,-44700,-558750000,12.5(0.00 %),18300,228750000,63000,787500000,261162760,20.5
18/11/2015,-109870,-1358010000,12.3(-1.60 %),10500,130150000,120370,1488160000,261272630,20.49
19/11/2015,-34200,-421130000,12.2(-0.81 %),1000,12300000,35200,433430000,261306830,20.49
20/11/2015,-22140,-270240000,12.3(0.82 %),69010,853220000,91150,1123460000,261328970,20.48
23/11/2015,-57770,-709970000,12.4(0.81 %),120830,1490020000,178600,2199990000,261386740,20.48
24/11/2015,-19580,-242990000,12.3(-0.81 %),0,0,19580,242990000,351068699,14.44
25/11/2015,-174420,-2118190000,12.1(-1.63 %),7100,86010000,181520,2204200000,351096799,14.44
26/11/2015,7310,86800000,11.8(-2.48 %),10610,126070000,3300,39270000,351177339,14.43
27/11/2015,-294670,-3417314000,11.7(-0.85 %),5770,66834000,300440,3484148000,351472009,14.41
30/11/2015,-913020,-10103500000,11(-5.98 %),5100,56950000,918120,10160450000,351364649,14.42
01/12/2015,-577010,-6299500000,10.9(-0.91 %),300,3270000,577310,6302770000,351545869,14.41
02/12/2015,-507580,-5629120000,11.2(2.75 %),1000,10800000,508580,5639920000,351548169,14.41
03/12/2015,-433460,-4955050000,11.5(2.68 %),155150,1776910000,588610,6731960000,351693462,14.4
04/12/2015,-472790,-5352670000,11.4(-0.87 %),0,0,472790,5352670000,352611583,14.34
07/12/2015,-812710,-9015580000,11(-3.51 %),4500,50400000,817210,9065980000,353184393,14.3
08/12/2015,-98860,-1104960000,11.4(3.64 %),1100,12110000,99960,1117070000,353691873,14.27
09/12/2015,-1618220,-17744540000,10.8(-5.26 %),149840,1630530000,1768060,19375070000,354279484,14.23
10/12/2015,107230,1211510000,11.3(4.63 %),147350,1661370000,40120,449860000,354604924,14.2
11/12/2015,334480,3934120000,12(6.19 %),349580,4110810000,15100,176690000,355072554,14.17
14/12/2015,-5900,-66480000,11.7(-2.50 %),26300,307050000,32200,373530000,355146214,14.17
15/12/2015,-136730,-1572790000,11.5(-1.71 %),5050,58580000,141780,1631370000,356760389,14.06
16/12/2015,-196290,-2250840000,11.5(0.00 %),1150,13220000,197440,2264060000,356799359,14.06
17/12/2015,-36940,-428790000,11.6(0.87 %),3150,36860000,40090,465650000,356811309,14.06
18/12/2015,224430,2645030000,11.8(1.72 %),3448090,40684150000,3223660,38039120000,353395419,14.29
21/12/2015,145280,1694550000,11.7(-0.85 %),145280,1694550000,0,0,353391919,14.29
22/12/2015,-81620,-963030000,11.9(1.71 %),109540,1284450000,191160,2247480000,353479819,14.28
23/12/2015,53770,628560000,11.8(-0.84 %),53770,628560000,0,0,353466139,14.28
24/12/2015,-41580,-478570000,11.6(-1.69 %),55910,655810000,97490,1134380000,356633895,14.07
25/12/2015,163310,1899730000,11.7(0.86 %),163310,1899730000,0,0,356470585,14.08
28/12/2015,158620,1866870000,11.7(0.00 %),159170,1873360000,550,6490000,356502583,14.08
29/12/2015,146000,1757800000,12(2.56 %),146000,1757800000,0,0,356356583,14.09
30/12/2015,149550,1816580000,12.6(5.00 %),150600,1829660000,1050,13080000,356303473,14.09
31/12/2015,4830,60870000,13.1(3.97 %),5050,63620000,220,2750000,356298423,14.09
04/01/2016,112400,1412410000,12.6(-3.82 %),112400,1412410000,0,0,356186573,14.1
05/01/2016,10010,124120000,12.3(-2.38 %),10010,124120000,0,0,356176563,14.1
06/01/2016,498430,6332330000,12.8(4.07 %),568400,7211090000,69970,878760000,355609213,14.14
07/01/2016,455800,5730670000,12.6(-1.56 %),455800,5730670000,0,0,355153640,14.17
08/01/2016,273090,3416680000,12.6(0.00 %),273090,3416680000,0,0,354880550,14.19
11/01/2016,234860,2942420000,12.3(-2.38 %),234860,2942420000,0,0,354715660,14.2
12/01/2016,2840,35110000,12.5(1.63 %),2840,35110000,0,0,354712820,14.2
13/01/2016,100,1230000,12.4(-0.80 %),100,1230000,0,0,354712720,14.2
14/01/2016,-172780,-2067140000,11.9(-4.03 %),4530,54220000,177310,2121360000,354708190,14.2
15/01/2016,-1008740,-11374040000,11.1(-6.72 %),10210,117070000,1018950,11491110000,354697980,14.2
18/01/2016,-165110,-1788930000,10.7(-3.60 %),2700,29340000,167810,1818270000,354695280,14.2
19/01/2016,-137500,-1524180000,11.2(4.67 %),1100,12000000,138600,1536180000,354871490,14.19
20/01/2016,-118480,-1299140000,10.9(-2.68 %),1389690,15297900000,1508170,16597040000,355889270,14.12
21/01/2016,-457110,-4944220000,10.6(-2.75 %),10,110000,457120,4944330000,356057070,14.11
22/01/2016,-84550,-906760000,10.9(2.83 %),825950,8869770000,910500,9776530000,356192940,14.1
25/01/2016,85590,984270000,11.6(6.42 %),85590,984270000,0,0,356679880,14.06
26/01/2016,-188600,-2116480000,11.1(-4.31 %),4270,48250000,192870,2164730000,356679850,14.06
27/01/2016,-51470,-578900000,11.2(0.90 %),40090,454420000,91560,1033320000,356727040,14.06
28/01/2016,3010,33710000,11.3(0.89 %),3010,33710000,0,0,356724030,14.06
29/01/2016,-209700,-2369810000,11.3(0.00 %),321460,3649800000,531160,6019610000,356915890,14.05
01/02/2016,-95100,-1078300000,11.2(-0.88 %),70700,796140000,165800,1874440000,356936751,14.05
02/02/2016,-113630,-1263590000,11.1(-0.89 %),0,0,113630,1263590000,356936751,14.05
03/02/2016,-194550,-2139300000,11.1(0.00 %),900,9910000,195450,2149210000,357146561,14.03
04/02/2016,-163230,-1812750000,11.2(0.90 %),21330,236930000,184560,2049680000,357291031,14.02
05/02/2016,-109050,-1221360000,11.2(0.00 %),6000,67200000,115050,1288560000,357398661,14.02
15/02/2016,-341390,-3720030000,11(-1.79 %),23800,259340000,365190,3979370000,340522910,15.15
16/02/2016,-394080,-4296550000,10.9(-0.91 %),125400,1366880000,519480,5663430000,340582070,15.15
17/02/2016,-1061830,-11312860000,10.6(-2.75 %),294100,3134770000,1355930,14447630000,340403020,15.16
18/02/2016,-121330,-1336310000,11(3.77 %),126380,1383100000,247710,2719410000,340641830,15.14
19/02/2016,-380920,-4161910000,11(0.00 %),268640,2943710000,649560,7105620000,341016310,15.12
22/02/2016,-523340,-5690160000,10.8(-1.82 %),175000,1904400000,698340,7594560000,342197240,15.04
23/02/2016,-35470,-385540000,10.9(0.93 %),1091200,11834090000,1126670,12219630000,342424940,15.02
24/02/2016,141690,1605120000,11.2(2.75 %),167800,1894360000,26110,289240000,342783060,15.0
25/02/2016,220350,2465290000,11.1(-0.89 %),220350,2465290000,0,0,343261050,14.97
26/02/2016,86360,962640000,11.2(0.90 %),86470,963870000,110,1230000,343230060,14.97
29/02/2016,177540,1955530000,11(-1.79 %),177540,1955530000,0,0,343078630,14.98
01/03/2016,113130,1244190000,10.9(-0.91 %),690280,7589870000,577150,6345680000,342888350,14.99
02/03/2016,89060,980460000,11.1(1.83 %),196680,2164280000,107620,1183820000,342691780,15.01
03/03/2016,5700,62700000,11(-0.90 %),5700,62700000,0,0,342686080,15.01
04/03/2016,20350,223850000,11(0.00 %),40350,443850000,20000,220000000,342729880,15.0
07/03/2016,134500,1478260000,11(0.00 %),158400,1741160000,23900,262900000,342679100,15.01
08/03/2016,221070,2422080000,10.9(-0.91 %),226150,2477450000,5080,55370000,342452950,15.02
09/03/2016,72700,793020000,10.9(0.00 %),72700,793020000,0,0,342400250,15.03
10/03/2016,29500,321550000,10.9(0.00 %),32000,348800000,2500,27250000,342392150,15.03
11/03/2016,8000,87460000,11(0.92 %),25400,277120000,17400,189660000,342371830,15.03
14/03/2016,33400,365100000,11(0.00 %),48400,527600000,15000,162500000,342323430,15.03
15/03/2016,-98880,-1063650000,10.8(-1.82 %),137200,1487210000,236080,2550860000,342188730,15.04
16/03/2016,-243240,-2611000000,10.7(-0.93 %),211710,2280030000,454950,4891030000,342030920,15.05
17/03/2016,73210,791570000,10.8(0.93 %),73210,791570000,0,0,341972710,15.05
18/03/2016,-4648530,-48476390000,10.4(-3.70 %),1933190,20105780000,6581720,68582170000,340275604,15.17
21/03/2016,26030,281030000,10.6(1.92 %),56680,605920000,30650,324890000,340637374,15.14
22/03/2016,80050,848840000,10.6(0.00 %),80050,848840000,0,0,340557324,15.15
23/03/2016,208000,2187500000,10.6(0.00 %),208000,2187500000,0,0,346931044,14.72
24/03/2016,215460,2247320000,10.3(-2.83 %),215460,2247320000,0,0,346746234,14.73
25/03/2016,111530,1152960000,10.4(0.97 %),113000,1168100000,1470,15140000,346633234,14.74
28/03/2016,90000,937000000,10.3(-0.96 %),100000,1040000000,10000,103000000,346533234,14.75
29/03/2016,169000,1726500000,10.1(-1.94 %),2530830,25831430000,2361830,24104930000,346363234,14.76
30/03/2016,231810,2377810000,10.3(1.98 %),422370,4326520000,190560,1948710000,346115894,14.78
31/03/2016,64860,665130000,10.3(0.00 %),208010,2134400000,143150,1469270000,346017884,14.78
01/04/2016,61070,618920000,10.3(0.00 %),61070,618920000,0,0,345957814,14.79
04/04/2016,9040,93160000,10.3(0.00 %),314010,3206720000,304970,3113560000,345934274,14.79
05/04/2016,90900,925680000,10.2(-0.97 %),90900,925680000,0,0,345886524,14.79
06/04/2016,253310,2599090000,10.3(0.98 %),253310,2599090000,0,0,345633214,14.81
07/04/2016,162090,1650110000,10.1(-1.94 %),162090,1650110000,0,0,345502624,14.82
08/04/2016,82820,840000000,10.1(0.00 %),82820,840000000,0,0,345419804,14.82
11/04/2016,115200,1163520000,10.1(0.00 %),115200,1163520000,0,0,345304604,14.83
12/04/2016,196730,1968470000,10.1(0.00 %),203230,2034120000,6500,65650000,345101374,14.84
13/04/2016,-95470,-960940000,10.2(0.99 %),281210,2848200000,376680,3809140000,344820164,14.86
14/04/2016,431100,4421550000,10.2(0.00 %),431100,4421550000,0,0,344389064,14.89
15/04/2016,14000,140800000,10.1(-0.98 %),24000,242800000,10000,102000000,344371564,14.89
19/04/2016,51230,512300000,10(-0.99 %),51230,512300000,0,0,344697014,14.87
20/04/2016,293970,2927730000,10(0.00 %),293970,2927730000,0,0,344403044,14.89
21/04/2016,56740,610980000,10.2(2.00 %),456760,4611190000,400020,4000210000,343956284,14.92
22/04/2016,53000,540900000,10.2(0.00 %),53000,540900000,0,0,343903284,14.92
25/04/2016,39490,403510000,10.3(0.98 %),215490,2200340000,176000,1796830000,343757794,14.93
26/04/2016,125250,1286150000,10.2(-0.97 %),135000,1385600000,9750,99450000,344022823,14.92
27/04/2016,81500,827890000,10.2(0.00 %),81500,827890000,0,0,343941323,14.92
28/04/2016,198580,2048760000,10.3(0.98 %),232010,2390800000,33430,342040000,343815313,14.93
29/04/2016,95120,979690000,10.3(0.00 %),193390,1991870000,98270,1012180000,343631673,14.94
04/05/2016,111760,1140050000,10.2(-0.97 %),170950,1743790000,59190,603740000,343460723,14.95
05/05/2016,158260,1627910000,10.3(0.98 %),405500,4170040000,247240,2542130000,343335873,14.96
06/05/2016,318400,3279520000,10.3(0.00 %),324000,3337200000,5600,57680000,343110143,14.98
09/05/2016,200160,2056560000,10.3(0.00 %),203480,2091090000,3320,34530000,342965853,14.99
10/05/2016,151190,1557310000,10.4(0.97 %),151190,1557310000,0,0,342814683,15.0
11/05/2016,72350,746310000,10.3(-0.96 %),152350,1570310000,80000,824000000,342667933,15.01
12/05/2016,281140,3036010000,11(6.80 %),341180,3687680000,60040,651670000,342370113,15.03
13/05/2016,-490410,-5686930000,11.7(6.36 %),423700,4932210000,914110,10619140000,342105113,15.05
16/05/2016,713470,8685290000,12.1(3.42 %),731020,8897050000,17550,211760000,341454093,15.09
17/05/2016,584190,6915890000,12.7(4.96 %),894930,10848040000,310740,3932150000,340579163,15.15
18/05/2016,184320,2335680000,12.6(-0.79 %),212370,2697620000,28050,361940000,341122211,15.11
19/05/2016,-363740,-4516830000,12.4(-1.59 %),1720,21410000,365460,4538240000,341138041,15.11
20/05/2016,-1136060,-13588620000,11.9(-4.03 %),40,480000,1136100,13589100000,341448741,15.09
23/05/2016,232530,2759770000,11.7(-1.68 %),369950,4392680000,137420,1632910000,341239381,15.1
24/05/2016,-281430,-3286330000,11.5(-1.71 %),15570,183230000,297000,3469560000,341589271,15.08
25/05/2016,6200,71300000,11.2(-2.61 %),6200,71300000,0,0,342719171,15.0
26/05/2016,-792840,-8843540000,11(-1.79 %),45650,502390000,838490,9345930000,342678405,15.01
27/05/2016,-164350,-1811550000,11.3(2.73 %),49330,547560000,213680,2359110000,342926075,14.99
30/05/2016,-548930,-6142015000,11.1(-1.77 %),6810,76273000,555740,6218288000,343475005,14.95
31/05/2016,-771040,-8571856000,11(-0.90 %),610,6831000,771650,8578687000,344246045,14.9
01/06/2016,23810,264292000,11.1(0.91 %),33810,375292000,10000,111000000,343937015,14.92
02/06/2016,-120000,-1340800000,11.2(0.90 %),100000,1120000000,220000,2460800000,344057015,14.91
03/06/2016,-111580,-1241130000,11.3(0.89 %),2600,28670000,114180,1269800000,345161805,14.84
06/06/2016,-500,-5750000,12(6.19 %),0,0,500,5750000,345171805,14.84
07/06/2016,188550,2281860000,11.9(-0.83 %),193640,2343440000,5090,61580000,345198174,14.84
08/06/2016,510810,6146680000,12.1(1.68 %),523820,6302800000,13010,156120000,344788534,14.86
09/06/2016,578990,6936280000,12.1(0.00 %),579000,6936400000,10,120000,344210034,14.9
10/06/2016,33330,400370000,11.5(-4.96 %),33330,400370000,0,0,344181794,14.91
13/06/2016,-306110,-3553800000,11.8(2.61 %),11000,127600000,317110,3681400000,344183804,14.91
14/06/2016,125240,1474570000,11.8(0.00 %),132000,1555010000,6760,80440000,344051814,14.91
15/06/2016,59970,702650000,11.7(-0.85 %),60000,703000000,30,350000,343991814,14.92
16/06/2016,104280,1213660000,11.6(-0.85 %),106050,1234190000,1770,20530000,344202874,14.9
17/06/2016,-374060,-4226510000,11.3(-2.59 %),959370,10841250000,1333430,15067760000,343250264,14.97
20/06/2016,-177070,-2021240000,11.3(0.00 %),89000,1022800000,266070,3044040000,343161295,14.97
21/06/2016,-100870,-1146510000,11.5(1.77 %),10,110000,100880,1146620000,343163055,14.97
22/06/2016,-129170,-1490960000,11.5(0.00 %),13010,149820000,142180,1640780000,344483475,14.89
23/06/2016,-2730,-31400000,11.5(0.00 %),15000,172500000,17730,203900000,344734545,14.87
24/06/2016,49990,561280000,11.3(-1.74 %),109990,1220280000,60000,659000000,344725435,14.87
27/06/2016,96050,1067160000,11.3(0.00 %),101050,1121660000,5000,54500000,344766565,14.87
28/06/2016,20,220000,11.3(0.00 %),20,220000,0,0,344784275,14.87
29/06/2016,-20,-230000,11.4(0.88 %),0,0,20,230000,344844275,14.86
30/06/2016,10,110000,11.3(-0.88 %),10,110000,0,0,344849265,14.86
01/07/2016,138000,1550400000,11.3(0.00 %),138000,1550400000,0,0,344711278,14.87
04/07/2016,5900,66670000,11.3(0.00 %),6100,68930000,200,2260000,344705198,14.87
05/07/2016,-450,-5220000,11.4(0.88 %),250,2850000,700,8070000,344704948,14.87
06/07/2016,44330,503550000,11.3(-0.88 %),48820,554550000,4490,51000000,344656128,14.87
07/07/2016,-43780,-493010000,11.2(-0.88 %),4250,47980000,48030,540990000,344652078,14.87
08/07/2016,1950,21830000,11.2(0.00 %),2000,22400000,50,570000,344650778,14.87
11/07/2016,-3510,-39200000,11.2(0.00 %),2370,26070000,5880,65270000,344650778,14.87
12/07/2016,4500,49900000,11.2(0.00 %),5000,55500000,500,5600000,344695928,14.87
13/07/2016,-390500,-4452280000,11.5(2.68 %),0,0,390500,4452280000,344695978,14.87
14/07/2016,-338160,-3882550000,11.5(0.00 %),1048100,12073740000,1386260,15956290000,344553758,14.88
15/07/2016,61950,789400000,11.9(3.48 %),840000,10206600000,778050,9417200000,343714258,14.94
18/07/2016,561500,6755060000,12.1(1.68 %),561500,6755060000,0,0,343543258,14.95
19/07/2016,42660,498690000,11.6(-4.13 %),43000,502700000,340,4010000,343986518,14.92
20/07/2016,-209540,-2342430000,11.2(-3.45 %),198990,2239600000,408530,4582030000,344565578,14.88
21/07/2016,-126610,-1438350000,11.3(0.89 %),30310,342470000,156920,1780820000,344535268,14.88
22/07/2016,-69810,-772420000,11.1(-1.77 %),149000,1663100000,218810,2435520000,344386608,14.89
25/07/2016,-214290,-2371950000,11(-0.90 %),10800,119900000,225090,2491850000,344784338,14.87
26/07/2016,-28180,-314830000,11.2(1.82 %),120,1330000,28300,316160000,344941138,14.85
27/07/2016,-254910,-2854720000,11.2(0.00 %),10150,113680000,265060,2968400000,345149798,14.84
28/07/2016,-223000,-2482610000,11.2(0.00 %),55160,617280000,278160,3099890000,345319728,14.83
29/07/2016,-144400,-1593520000,11.3(0.89 %),155300,1726850000,299700,3320370000,345192728,14.84
01/08/2016,158220,1775200000,11.2(-0.88 %),164620,1847520000,6400,72320000,345293168,14.83
02/08/2016,59880,664270000,11.1(-0.89 %),100490,1111740000,40610,447470000,345470838,14.82
03/08/2016,155970,1715680000,11(-0.90 %),155970,1715680000,0,0,345614568,14.81
04/08/2016,-312750,-3382380000,10.5(-4.55 %),7010,76410000,319760,3458790000,345613958,14.81
05/08/2016,-450230,-4866830000,11(4.76 %),15010,160110000,465240,5026940000,345639558,14.81
08/08/2016,-247550,-2658300000,10.9(-0.91 %),67330,725390000,314880,3383690000,345572228,14.81
09/08/2016,-29900,-320020000,10.7(-1.83 %),12010,129710000,41910,449730000,345879978,14.79
10/08/2016,-20560,-220390000,10.8(0.93 %),100,1070000,20660,221460000,346345118,14.76
11/08/2016,36860,402730000,10.9(0.93 %),44250,481800000,7390,79070000,346615748,14.74
12/08/2016,-1730,-18690000,10.9(0.00 %),490,5290000,2220,23980000,346657168,14.74
15/08/2016,-6350,-67940000,10.9(0.00 %),150,1610000,6500,69550000,346677678,14.74
16/08/2016,-33080,-356560000,10.7(-1.83 %),12020,129820000,45100,486380000,346673048,14.74
17/08/2016,-456810,-4898130000,10.8(0.93 %),1000,10800000,457810,4908930000,346674268,14.74
18/08/2016,-91690,-979280000,10.6(-1.85 %),310,3320000,92000,982600000,346680458,14.74
19/08/2016,59430,627510000,10.6(0.00 %),139730,1481020000,80300,853510000,346585828,14.74
22/08/2016,1180,12410000,10.6(0.00 %),1200,12620000,20,210000,347042438,14.71
23/08/2016,10,110000,10.5(-0.94 %),10,110000,0,0,347134428,14.71
24/08/2016,-7300,-76580000,10.5(0.00 %),2700,28420000,10000,105000000,347212028,14.7
25/08/2016,67260,693010000,10.3(-1.90 %),67260,693010000,0,0,347144788,14.71
26/08/2016,-25110,-263160000,10.5(1.94 %),0,0,25110,263160000,347144788,14.71
29/08/2016,-2710,-28460000,10.5(0.00 %),3040,31920000,5750,60380000,347151748,14.71
30/08/2016,-12890,-135350000,10.5(0.00 %),0,0,12890,135350000,347151748,14.71
31/08/2016,-26540,-275990000,10.4(-0.95 %),300,3150000,26840,279140000,347176558,14.7
01/09/2016,-843060,-8633720000,10.2(-1.92 %),39000,399800000,882060,9033520000,347143308,14.71
05/09/2016,-878740,-8793310000,10(-1.96 %),73310,733630000,952050,9526940000,347082888,14.71
06/09/2016,-343270,-3447520000,10.2(2.00 %),46760,472280000,390030,3919800000,347062968,14.71
07/09/2016,-587860,-5893770000,10(-1.96 %),50060,500600000,637920,6394370000,347894968,14.66
08/09/2016,-611650,-6104300000,9.9(-1.00 %),29550,293850000,641200,6398150000,348817468,14.59
09/09/2016,-773110,-7642030000,9.9(0.00 %),315790,3116550000,1088900,10758580000,348891708,14.59
12/09/2016,-3318740,-33168250000,10(1.01 %),110100,1091090000,3428840,34259340000,349419528,14.55
13/09/2016,-614040,-6100360000,9.99(-0.10 %),310,3080000,614350,6103440000,350060418,14.51
14/09/2016,-248540,-2479630000,10.1(1.10 %),1000,9920000,249540,2489550000,351148318,14.44
15/09/2016,-1088590,-10887620000,10.1(0.00 %),0,0,1088590,10887620000,354577162,14.21
16/09/2016,-8382360,-79356070000,9.4(-6.93 %),1552640,14596320000,9935000,93952390000,353638878,14.27
19/09/2016,101310,995950000,9.87(5.00 %),101310,995950000,0,0,233787101,14.26
20/09/2016,-34970,-337090000,9.79(-0.81 %),42110,407040000,77080,744130000,234833581,14.19
21/09/2016,5420,51790000,9.52(-2.76 %),15320,146530000,9900,94740000,244753261,13.52
22/09/2016,-104080,-996010000,9.6(0.84 %),34120,326730000,138200,1322740000,244719141,13.52
23/09/2016,-42920,-408970000,9.5(-1.04 %),120,1140000,43040,410110000,244796102,13.52
26/09/2016,-51370,-484270000,9.41(-0.95 %),130,1230000,51500,485500000,244805872,13.52
27/09/2016,-48900,-460730000,9.43(0.21 %),10000,94400000,58900,555130000,244934072,13.51
28/09/2016,-202100,-1910430000,9.43(0.00 %),11000,103730000,213100,2014160000,244966112,13.51
29/09/2016,-207660,-1953520000,9.39(-0.42 %),1020,9590000,208680,1963110000,245016592,13.5
30/09/2016,-117490,-1097400000,9.32(-0.75 %),10,90000,117500,1097490000,245075482,13.5
03/10/2016,-431210,-3949100000,9.2(-1.29 %),670,6200000,431880,3955300000,245287912,13.48
04/10/2016,-99000,-907550000,9.15(-0.54 %),60,550000,99060,908100000,245496532,13.47
05/10/2016,42720,396840000,9.35(2.19 %),83570,775670000,40850,378830000,245530462,13.47
06/10/2016,142070,1363100000,9.61(2.78 %),142070,1363100000,0,0,245820272,13.45
07/10/2016,76710,730860000,9.53(-0.83 %),77010,733710000,300,2850000,245842322,13.45
10/10/2016,0,0,9.37(-1.68 %),0,0,0,0,245883175,13.44
11/10/2016,2000,18440000,9.25(-1.28 %),2000,18440000,0,0,245881175,13.44
12/10/2016,17010,156510000,9.22(-0.32 %),18010,165810000,1000,9300000,245863465,13.45
13/10/2016,69530,640600000,9.2(-0.22 %),69530,640600000,0,0,245793942,13.45
14/10/2016,-116590,-1076650000,9.21(0.11 %),3000,27750000,119590,1104400000,245790944,13.45
17/10/2016,-251890,-2329730000,9.22(0.11 %),10,90000,251900,2329820000,245791934,13.45
18/10/2016,-17310,-159660000,9.24(0.22 %),0,0,17310,159660000,245791938,13.45
19/10/2016,114130,1077120000,9.48(2.60 %),114130,1077120000,0,0,245797207,13.45
20/10/2016,-49020,-456860000,9.32(-1.69 %),31400,292650000,80420,749510000,246017707,13.44
21/10/2016,-180090,-1664270000,9.25(-0.75 %),10000,92650000,190090,1756920000,246025017,13.44
24/10/2016,-2110,-19420000,9.2(-0.54 %),4890,45230000,7000,64650000,246020127,13.44
25/10/2016,0,0,9.1(-1.09 %),0,0,0,0,246100547,13.43
26/10/2016,0,0,9.02(-0.88 %),0,0,0,0,246290637,13.42
27/10/2016,1400,12620000,8.95(-0.78 %),2000,18000000,600,5380000,246295637,13.42
28/10/2016,0,0,8.87(-0.89 %),0,0,0,0,246295637,13.42
31/10/2016,2880,24440000,8.82(-0.56 %),15100,132280000,12220,107840000,246280537,13.42
01/11/2016,110,950000,8.5(-3.63 %),110,950000,0,0,246281029,13.42
02/11/2016,-1190,-9830000,8.25(-2.94 %),0,0,1190,9830000,246281029,13.42
03/11/2016,-99270,-818150000,8.24(-0.12 %),100,830000,99370,818980000,246293149,13.42
04/11/2016,4420,36800000,8.38(1.70 %),5000,41650000,580,4850000,246288149,13.42
07/11/2016,0,0,8.42(0.48 %),0,0,0,0,246289339,13.42
08/11/2016,390,3290000,8.43(0.12 %),390,3290000,0,0,246388319,13.41
09/11/2016,-55750,-460040000,8.25(-2.14 %),0,0,55750,460040000,246388899,13.41
10/11/2016,3200,26940000,8.4(1.82 %),3200,26940000,0,0,246385703,13.41
11/11/2016,-71960,-599630000,8.24(-1.90 %),0,0,71960,599630000,246385703,13.41
14/11/2016,-1012170,-8159030000,8.01(-2.79 %),4550,37490000,1016720,8196520000,246436903,13.41
15/11/2016,-1570,-12650000,8.1(1.12 %),130,1040000,1700,13690000,246436773,13.41
16/11/2016,-1060,-8540000,8.1(0.00 %),100,810000,1160,9350000,246508633,13.4
17/11/2016,-596610,-4769310000,7.91(-2.35 %),20,160000,596630,4769470000,247525333,13.33
18/11/2016,-98980,-779810000,7.88(-0.38 %),50040,394120000,149020,1173930000,247476996,13.34
21/11/2016,-159260,-1269520000,8.3(5.33 %),0,0,159260,1269520000,247478164,13.34
22/11/2016,133150,1096230000,8.27(-0.36 %),133150,1096230000,0,0,247941644,13.31
23/11/2016,122200,1011450000,8.27(0.00 %),122500,1013930000,300,2480000,247968164,13.3
24/11/2016,-323890,-2652690000,8.22(-0.60 %),126870,1045520000,450760,3698210000,248000554,13.3
25/11/2016,20000,162040000,8.1(-1.46 %),50360,408150000,30360,246110000,247950194,13.31
28/11/2016,-1415070,-11180030000,7.8(-3.70 %),4630,36890000,1419700,11216920000,247945864,13.31
29/11/2016,-1442730,-11016720000,7.8(0.00 %),30,220000,1442760,11016940000,248396594,13.28
30/11/2016,-2154340,-16033250000,7.5(-3.85 %),20020,150490000,2174360,16183740000,248406934,13.27
01/12/2016,-477410,-3609570000,7.55(0.67 %),7480,56190000,484890,3665760000,249819154,13.18
02/12/2016,-212820,-1622630000,7.74(2.52 %),6000,45370000,218820,1668000000,251255914,13.08
05/12/2016,-178810,-1339360000,7.5(-3.10 %),39800,300130000,218610,1639490000,253390474,12.94
06/12/2016,-244570,-1830050000,7.51(0.13 %),200,1500000,244770,1831550000,253875164,12.91
07/12/2016,-1094750,-8227420000,7.4(-1.46 %),0,0,1094750,8227420000,254093984,12.89
08/12/2016,-1245100,-9505880000,7.91(6.89 %),0,0,1245100,9505880000,254312594,12.88
09/12/2016,-215520,-1673660000,7.8(-1.39 %),2000,15820000,217520,1689480000,254555364,12.86
12/12/2016,-703590,-5352470000,7.61(-2.44 %),5000,38800000,708590,5391270000,255645114,12.79
13/12/2016,-581520,-4433870000,7.62(0.13 %),1110,8450000,582630,4442320000,256889111,12.7
14/12/2016,-4495040,-34667780000,7.9(3.67 %),558080,4304980000,5053120,38972760000,256548551,12.73
15/12/2016,-1229890,-9856030000,8(1.27 %),558070,4598240000,1787960,14454270000,256699071,12.72
16/12/2016,-19028540,-155491200000,8.2(2.50 %),1319600,10820320000,20348140,166311520000,262796176,12.31
19/12/2016,3520,29390000,8.42(2.68 %),7010,58610000,3490,29220000,261008211,12.43
20/12/2016,-67630,-567420000,8.4(-0.24 %),0,0,67630,567420000,262796176,12.31
21/12/2016,4000,33260000,8.26(-1.67 %),4000,33260000,0,0,283140316,10.94
22/12/2016,1340,10990000,8.2(-0.73 %),1840,15120000,500,4130000,283141966,10.94
23/12/2016,-347010,-2926270000,8.34(1.71 %),0,0,347010,2926270000,283209596,10.93
26/12/2016,0,0,8.35(0.12 %),0,0,0,0,283557056,10.91
27/12/2016,-302320,-2589400000,8.6(2.99 %),20,170000,302340,2589570000,283557056,10.91
28/12/2016,-746900,-6650550000,9.1(5.81 %),40,350000,746940,6650900000,283557046,10.91
29/12/2016,-505970,-4730380000,9.4(3.30 %),140,1280000,506110,4731660000,283556906,10.91
30/12/2016,-51950,-487140000,9.45(0.53 %),50,460000,52000,487600000,283859196,10.89
03/01/2017,38680,340000000,8.79(-6.98 %),38680,340000000,0,0,284567456,10.84
04/01/2017,-1900,-15680000,8.2(-6.71 %),3100,25820000,5000,41500000,285070466,10.81
05/01/2017,0,0,8.58(4.63 %),0,0,0,0,285122466,10.8
06/01/2017,-51080,-432260000,8.78(2.33 %),47800,428630000,98880,860890000,285074669,10.81
09/01/2017,132950,1190570000,8.99(2.39 %),149400,1334410000,16450,143840000,284930269,10.82
10/01/2017,94620,852330000,9(0.11 %),95620,861380000,1000,9050000,284834649,10.82
11/01/2017,351860,3174490000,9.03(0.33 %),371860,3355140000,20000,180650000,284561669,10.84
12/01/2017,395000,3568630000,9.04(0.11 %),402000,3631840000,7000,63210000,284176119,10.87
13/01/2017,550290,4953410000,8.95(-1.00 %),550790,4957940000,500,4530000,283626329,10.9
16/01/2017,140830,1241840000,8.96(0.11 %),203000,1791470000,62170,549630000,283443335,10.92
17/01/2017,-13100,-112910000,9.24(3.12 %),350000,3210750000,363100,3323660000,283200335,10.93
18/01/2017,478340,4526120000,9.45(2.27 %),891860,8434760000,413520,3908640000,282308975,10.99
19/01/2017,-75040,-718800000,9.59(1.48 %),483000,4611170000,558040,5329970000,282188145,11.0
20/01/2017,170360,1621030000,9.5(-0.94 %),481510,4591370000,311150,2970340000,281969735,11.01
23/01/2017,152470,1464850000,9.55(0.53 %),350000,3341890000,197530,1877040000,282033255,11.01
24/01/2017,-255620,-2500970000,9.85(3.14 %),550000,5358900000,805620,7859870000,281741295,11.03
25/01/2017,-176190,-1794460000,10.2(3.55 %),75010,742000000,251200,2536460000,281977435,11.01
02/02/2017,-154500,-1545820000,10.05(-1.47 %),500,5100000,155000,1550920000,282174465,11.0
03/02/2017,-30650,-307620000,10.05(0.00 %),143400,1438970000,174050,1746590000,282836685,10.96
06/02/2017,-123580,-1234600000,9.95(-1.00 %),144920,1449490000,268500,2684090000,282942965,10.95
07/02/2017,-69570,-683450000,9.87(-0.80 %),143430,1416080000,213000,2099530000,282954535,10.95
08/02/2017,51680,507680000,10(1.32 %),417840,4105450000,366160,3597770000,283010745,10.94
09/02/2017,-209320,-2120200000,10.2(2.00 %),50,520000,209370,2120720000,283279196,10.93
10/02/2017,98960,1006890000,10.2(0.00 %),100100,1018530000,1140,11640000,283392104,10.92
13/02/2017,9370,94400000,10(-1.96 %),10050,101300000,680,6900000,283448214,10.92
14/02/2017,10000,101250000,10.1(1.00 %),10000,101250000,0,0,283647584,10.9
15/02/2017,2200,21140000,9.95(-1.49 %),12800,128220000,10600,107080000,283635924,10.9
16/02/2017,58960,613380000,10.45(5.03 %),143740,1483760000,84780,870380000,283492864,10.91
17/02/2017,-296820,-3330830000,11(5.26 %),208830,2205900000,505650,5536730000,283284034,10.93
20/02/2017,49680,547770000,11.05(0.45 %),56130,618740000,6450,70970000,283238504,10.93
21/02/2017,513040,5655980000,10.85(-1.81 %),513040,5655980000,0,0,282810245,10.96
22/02/2017,158440,1710040000,10.95(0.92 %),160940,1737170000,2500,27130000,283154955,10.94
23/02/2017,165840,1837380000,11.05(0.91 %),179860,1998580000,14020,161200000,282981545,10.95
24/02/2017,-44390,-467360000,10.3(-6.79 %),19550,207790000,63940,675150000,282961995,10.95
27/02/2017,-50,-330000,10.45(1.46 %),450,4720000,500,5050000,282950335,10.95
28/02/2017,-98420,-1011890000,10.3(-1.44 %),90470,938640000,188890,1950530000,282887595,10.95
01/03/2017,-35050,-356380000,10.2(-0.97 %),1200,12290000,36250,368670000,282950335,10.95
02/03/2017,-100,-1070000,10.2(0.00 %),400,4080000,500,5150000,282748889,10.96
03/03/2017,61000,626300000,10.9(6.86 %),65330,672650000,4330,46350000,282872449,10.95
06/03/2017,-223930,-2472920000,10.8(-0.92 %),49660,548460000,273590,3021380000,282859039,10.96
07/03/2017,49480,527230000,10.5(-2.78 %),49480,527230000,0,0,282810059,10.96
08/03/2017,-100240,-1034930000,10.6(0.95 %),15210,158600000,115450,1193530000,282799179,10.96
09/03/2017,-10420,-110400000,10.45(-1.42 %),0,0,10420,110400000,283072769,10.94
10/03/2017,28320,299690000,10.45(0.00 %),94000,990150000,65680,690460000,282978769,10.95
13/03/2017,167160,1775540000,10.55(0.96 %),169560,1801010000,2400,25470000,282924659,10.95
14/03/2017,-47580,-495260000,10.45(-0.95 %),21500,227630000,69080,722890000,282913579,10.95
15/03/2017,-331910,-3462870000,10.35(-0.96 %),3500,36400000,335410,3499270000,282975759,10.95
16/03/2017,12830,132790000,10.35(0.00 %),12830,132790000,0,0,282965329,10.95
17/03/2017,-2060380,-21221910000,10.3(-0.48 %),222660,2293400000,2283040,23515310000,282965329,10.95
20/03/2017,3480,36520000,10.55(2.43 %),3500,36730000,20,210000,282965329,10.95
21/03/2017,76000,805530000,10.7(1.42 %),76000,805530000,0,0,282965329,10.95
22/03/2017,153530,1667190000,10.75(0.47 %),154140,1673720000,610,6530000,282965329,10.95
23/03/2017,810060,8882020000,11.4(6.05 %),819710,8989690000,9650,107670000,282965329,10.95
24/03/2017,122030,1430960000,11.4(0.00 %),331050,3889990000,209020,2459030000,282965329,10.95
27/03/2017,703560,8129570000,11.4(0.00 %),704560,8141070000,1000,11500000,282965329,10.95
28/03/2017,523230,5890960000,11.15(-2.19 %),523230,5890960000,0,0,282965329,10.95
29/03/2017,211740,2358790000,11.2(0.45 %),211740,2358790000,0,0,282965329,10.95
30/03/2017,9300,105920000,11.25(0.45 %),11300,128720000,2000,22800000,282965329,10.95
31/03/2017,-202840,-2322180000,11.45(1.78 %),1940,22190000,204780,2344370000,282965329,10.95
03/04/2017,-44550,-541290000,12.25(6.99 %),0,0,44550,541290000,282840882,10.96
04/04/2017,-763230,-9609710000,12.4(1.22 %),200040,2490060000,963270,12099770000,282642842,10.97
05/04/2017,-27890,-344100000,12.3(-0.81 %),110,1350000,28000,345450000,282847513,10.96
07/04/2017,-1574330,-20608420000,13.15(6.91 %),63690,749180000,1638020,21357600000,282828377,10.96
10/04/2017,-173790,-2329570000,12.8(-2.66 %),3110,39860000,176900,2369430000,283788537,10.89
11/04/2017,-7110,-91100000,12.65(-1.17 %),190,2410000,7300,93510000,283816347,10.89
12/04/2017,-46450,-593580000,12.75(0.79 %),10560,132030000,57010,725610000,285443807,10.78
13/04/2017,-282680,-3534420000,11.9(-6.67 %),7200,86740000,289880,3621160000,285613507,10.77
14/04/2017,-38980,-460070000,11.6(-2.52 %),2020,23630000,41000,483700000,285618787,10.77
17/04/2017,335840,3803940000,11.2(-3.45 %),338380,3833410000,2540,29470000,285337417,10.79
18/04/2017,657730,7346080000,11.3(0.89 %),657730,7346080000,0,0,284969567,10.81
19/04/2017,49790,573000000,11.6(2.65 %),50020,575630000,230,2630000,284960547,10.81
20/04/2017,-203970,-2361100000,11.6(0.00 %),70000,833000000,273970,3194100000,284893087,10.82
21/04/2017,216690,2477290000,11.25(-3.02 %),216690,2477290000,0,0,284676397,10.83
24/04/2017,87330,915710000,10.5(-6.67 %),100110,1051190000,12780,135480000,284576517,10.84
25/04/2017,7220,76160000,11.1(5.71 %),22040,234360000,14820,158200000,284828447,10.82
26/04/2017,-30730,-376050000,11.85(6.76 %),45440,521610000,76170,897660000,284783007,10.83
27/04/2017,147510,1830530000,12.4(4.64 %),172760,2144720000,25250,314190000,284623027,10.84
28/04/2017,85170,979730000,11.55(-6.85 %),105170,1224730000,20000,245000000,284532677,10.84
03/05/2017,-31710,-367230000,11.65(0.87 %),30010,348120000,61720,715350000,284578837,10.84
04/05/2017,-24380,-296950000,12.15(4.29 %),0,0,24380,296950000,284604087,10.84
05/05/2017,-140500,-1699120000,12.1(-0.41 %),10500,125480000,151000,1824600000,284613587,10.84
08/05/2017,82800,995220000,11.75(-2.89 %),99590,1195610000,16790,200390000,284575717,10.84
09/05/2017,-1118700,-13171480000,11.9(1.28 %),7000,82250000,1125700,13253730000,284593097,10.84
10/05/2017,992050,12229780000,12.4(4.20 %),1010640,12452050000,18590,222270000,283733457,10.9
11/05/2017,-24050,-298320000,12.35(-0.40 %),2000,24800000,26050,323120000,283748247,10.9
12/05/2017,-85600,-1052160000,12.2(-1.21 %),100,1220000,85700,1053380000,284873847,10.82
15/05/2017,-19580,-248950000,12.65(3.69 %),0,0,19580,248950000,284892437,10.82
16/05/2017,-569410,-7192660000,12.35(-2.37 %),30,380000,569440,7193040000,284918464,10.82
17/05/2017,16710,208620000,12.5(1.21 %),23010,287620000,6300,79000000,284981154,10.81
18/05/2017,141130,1783930000,12.45(-0.40 %),144930,1831740000,3800,47810000,284855804,10.82
19/05/2017,55300,686250000,12.4(-0.40 %),55300,686250000,0,0,285369944,10.79
22/05/2017,47920,600490000,12.7(2.42 %),65860,825970000,17940,225480000,285310384,10.79
23/05/2017,-125480,-1576290000,12.4(-2.36 %),63350,796600000,188830,2372890000,285250834,10.79
24/05/2017,122300,1533400000,12.55(1.21 %),124400,1559970000,2100,26570000,285126434,10.8
25/05/2017,-406500,-5093630000,12.4(-1.20 %),63440,795490000,469940,5889120000,285080934,10.81
26/05/2017,58090,717720000,12.3(-0.81 %),58090,717720000,0,0,285211674,10.8
29/05/2017,73450,928020000,12.7(3.25 %),74530,941760000,1080,13740000,285139244,10.8
30/05/2017,74900,956430000,12.6(-0.79 %),74900,956430000,0,0,285534284,10.77
31/05/2017,986810,12547830000,12.5(-0.79 %),1388640,17576320000,401830,5028490000,284145644,10.87
01/06/2017,-90130,-1127550000,12.65(1.20 %),44080,552430000,134210,1679980000,284102644,10.87
02/06/2017,-32280,-403680000,12.4(-1.98 %),660,8280000,32940,411960000,284101984,10.87
05/06/2017,270950,3439320000,12.7(2.42 %),271600,3447520000,650,8200000,284232214,10.86
06/06/2017,-297800,-4054200000,13.55(6.69 %),248210,3316180000,546010,7370380000,284118214,10.87
07/06/2017,-315210,-4351500000,13.45(-0.74 %),249210,3410860000,564420,7762360000,283901944,10.88
08/06/2017,248050,3393780000,13.8(2.60 %),248310,3397350000,260,3570000,283654284,10.9
09/06/2017,145260,2029090000,13.9(0.72 %),256200,3582380000,110940,1553290000,283944094,10.88
12/06/2017,242160,3353080000,13.8(-0.72 %),650580,9042250000,408420,5689170000,283857934,10.89
13/06/2017,1097620,15128420000,13.9(0.72 %),1097620,15128420000,0,0,282760574,10.96
14/06/2017,317310,4447310000,14(0.72 %),317380,4448290000,70,980000,282554134,10.98
15/06/2017,199290,2765740000,13.75(-1.79 %),292340,4059230000,93050,1293490000,282670214,10.97
16/06/2017,5831000,81111100000,13.9(1.09 %),13257480,184278970000,7426480,103167870000,269412734,11.86
19/06/2017,3090,42960000,14.15(1.80 %),91630,1292840000,88540,1249880000,269321174,11.87
20/06/2017,1352010,19594890000,14.55(2.83 %),2062380,29829940000,710370,10235050000,267351844,12.0
21/06/2017,1633000,23679230000,14.6(0.34 %),1797670,26068350000,164670,2389120000,272980654,11.62
22/06/2017,436050,6282020000,14.3(-2.05 %),486070,7000100000,50020,718080000,272583132,11.65
23/06/2017,62060,879580000,14.2(-0.70 %),99060,1400480000,37000,520900000,273194442,11.61
26/06/2017,346420,4878890000,14.2(0.00 %),366420,5161890000,20000,283000000,272992692,11.62
27/06/2017,107190,1538800000,14.35(1.06 %),111180,1596050000,3990,57250000,272894162,11.63
28/06/2017,-935630,-13177680000,14.2(-1.05 %),74370,1049900000,1010000,14227580000,272894162,11.63
29/06/2017,28970,407550000,14.1(-0.70 %),68210,961230000,39240,553680000,272845952,11.63
30/06/2017,-145250,-2099010000,13.8(-2.13 %),702630,9639620000,847880,11738630000,272147312,11.68
03/07/2017,-33920,-471060000,13.6(-1.45 %),58280,805350000,92200,1276410000,273099032,11.61
04/07/2017,177640,2362550000,13.2(-2.94 %),201930,2687960000,24290,325410000,272936342,11.62
05/07/2017,80900,1067960000,13.45(1.89 %),83000,1095300000,2100,27340000,273701222,11.57
06/07/2017,-419780,-5642680000,13.45(0.00 %),38200,516930000,457980,6159610000,273755222,11.57
07/07/2017,498770,6636060000,13(-3.35 %),611660,8144070000,112890,1508010000,273167852,11.61
10/07/2017,-200850,-2604200000,12.85(-1.15 %),206340,2680040000,407190,5284240000,273528482,11.58
11/07/2017,-77980,-991920000,12.6(-1.95 %),1259310,15867460000,1337290,16859380000,273415592,11.59
12/07/2017,36760,466260000,12.6(0.00 %),61860,784120000,25100,317860000,273466622,11.59
13/07/2017,-71650,-893970000,12.4(-1.59 %),0,0,71650,893970000,273873812,11.56
14/07/2017,-222080,-2711220000,12.1(-2.42 %),4310,53340000,226390,2764560000,273953482,11.55
17/07/2017,-322670,-3711770000,11.7(-3.31 %),1425260,16670490000,1747930,20382260000,273801332,11.56
18/07/2017,-177130,-2110020000,12.1(3.42 %),1246500,15082250000,1423630,17192270000,273871982,11.56
19/07/2017,-51190,-618990000,12.05(-0.41 %),1329680,16026740000,1380870,16645730000,274031372,11.55
20/07/2017,-11000,-130860000,11.8(-2.07 %),300,3600000,11300,134460000,274530992,11.52
21/07/2017,-15900,-187440000,11.7(-0.85 %),3500,41480000,19400,228920000,274705622,11.5
24/07/2017,-346510,-4092730000,11.85(1.28 %),8860,104550000,355370,4197280000,274814952,11.5
25/07/2017,-27750,-335890000,12.5(5.49 %),4320,51840000,32070,387730000,274821932,11.5
26/07/2017,208750,2640710000,12.8(2.40 %),226130,2861060000,17380,220350000,274853012,11.49
27/07/2017,103700,1322160000,12.65(-1.17 %),117560,1497870000,13860,175710000,274853012,11.49
28/07/2017,478530,6110590000,12.8(1.19 %),478530,6110590000,0,0,274406552,11.52
31/07/2017,325170,4226220000,13.1(2.34 %),483500,6295690000,158330,2069470000,273940432,11.56
01/08/2017,-32100,-418070000,13(-0.76 %),200,2600000,32300,420670000,273954092,11.55
02/08/2017,-458280,-5772040000,12.55(-3.46 %),350,4450000,458630,5776490000,273953742,11.55
03/08/2017,200100,2499730000,12.3(-1.99 %),210100,2625230000,10000,125500000,273901972,11.56
04/08/2017,38550,481130000,12.7(3.25 %),38550,481130000,0,0,273895722,11.56
07/08/2017,-1010,-12830000,12.55(-1.18 %),0,0,1010,12830000,274354352,11.53
08/08/2017,0,-120000,12.2(-2.79 %),1500,18630000,1500,18750000,274362852,11.53
09/08/2017,-39540,-466760000,11.8(-3.28 %),80,960000,39620,467720000,274362772,11.53
10/08/2017,2000,23800000,11.95(1.27 %),2000,23800000,0,0,274361782,11.53
11/08/2017,48660,582700000,11.95(0.00 %),48660,582700000,0,0,274314622,11.53
14/08/2017,-166580,-2007070000,12.1(1.26 %),20740,250650000,187320,2257720000,274333502,11.53
15/08/2017,-353120,-4235850000,11.9(-1.65 %),4340,51650000,357460,4287500000,274329162,11.53
16/08/2017,-127960,-1508700000,12(0.84 %),0,0,127960,1508700000,274329162,9.08
17/08/2017,-127820,-1524890000,11.85(-1.25 %),0,0,127820,1524890000,274516482,9.07
18/08/2017,-136000,-1604830000,11.75(-0.84 %),34130,404450000,170130,2009280000,274839812,9.06
21/08/2017,-285280,-3353810000,11.7(-0.43 %),10000,117000000,295280,3470810000,274957780,9.05
22/08/2017,-68590,-804840000,11.7(0.00 %),30610,359400000,99200,1164240000,275054990,9.04
23/08/2017,30570,359970000,11.8(0.85 %),30600,360320000,30,350000,275194520,9.04
24/08/2017,-24060,-280850000,11.75(-0.42 %),45910,541300000,69970,822150000,275443890,9.02
25/08/2017,29110,342400000,11.8(0.43 %),30410,357740000,1300,15340000,275512680,9.02
28/08/2017,26650,314740000,11.75(-0.42 %),31930,377040000,5280,62300000,275480780,9.02
29/08/2017,-474640,-5481020000,11.6(-1.28 %),152820,1797520000,627460,7278540000,275397930,9.03
30/08/2017,152570,1765970000,11.45(-1.29 %),153780,1780190000,1210,14220000,275245450,9.03
31/08/2017,319830,3704680000,11.7(2.18 %),597870,6956150000,278040,3251470000,274652860,9.07
01/09/2017,-13630,-158650000,11.6(-0.85 %),200,2330000,13830,160980000,275280120,9.03
05/09/2017,-744980,-8752030000,11.85(2.16 %),44000,519200000,788980,9271230000,275237330,9.03
06/09/2017,-456740,-5365330000,11.65(-1.69 %),2370,27830000,459110,5393160000,275513000,9.02
07/09/2017,-31430,-369660000,11.75(0.86 %),90,1060000,31520,370720000,275526740,9.02
08/09/2017,-83410,-974370000,11.65(-0.85 %),8730,101710000,92140,1076080000,276306990,8.98
11/09/2017,-79420,-921970000,11.6(-0.43 %),5200,60670000,84620,982640000,276760900,8.95
12/09/2017,-528730,-6099800000,11.45(-1.29 %),10,110000,528740,6099910000,276792410,8.95
13/09/2017,-93220,-1066330000,11.5(0.44 %),83000,951600000,176220,2017930000,276801550,8.95
14/09/2017,-63110,-729430000,11.7(1.74 %),0,0,63110,729430000,276886174,8.95
15/09/2017,-3149170,-36326990000,11.5(-1.71 %),1042940,11993840000,4192110,48320830000,276371974,8.97
18/09/2017,-75310,-884110000,11.8(2.61 %),1050,12390000,76360,896500000,276547144,8.97
19/09/2017,205660,2423970000,11.75(-0.42 %),230200,2712610000,24540,288640000,276380054,8.97
20/09/2017,61600,719410000,11.7(-0.43 %),780630,9124090000,719030,8404680000,280501175,8.76
21/09/2017,464520,5396580000,11.6(-0.85 %),478100,5554150000,13580,157570000,280099435,8.78
22/09/2017,-47830,-554430000,11.55(-0.43 %),453000,5255150000,500830,5809580000,279670975,8.8
25/09/2017,1521240,18090440000,12.3(6.49 %),1600380,19034550000,79140,944110000,278079995,8.88
26/09/2017,571208,7194430000,12.5(1.63 %),691500,8667640000,120292,1473210000,277402083,8.92
27/09/2017,19430,237140000,12.25(-2.00 %),39130,479420000,19700,242280000,277863783,8.9
28/09/2017,1667890,21157720000,12.6(2.86 %),1711330,21701520000,43440,543800000,276231597,8.98
29/09/2017,475440,5950650000,12.5(-0.79 %),551100,6896160000,75660,945510000,275800789,9.01
02/10/2017,9330,116580000,12.3(-1.60 %),11520,143850000,2190,27270000,275808969,11.43
03/10/2017,172560,2097280000,12.15(-1.22 %),172560,2097280000,0,0,275679849,11.44
04/10/2017,-11260,-135990000,12.2(0.41 %),12220,148680000,23480,284670000,275743212,11.43
05/10/2017,2200,26640000,12.1(-0.82 %),2200,26640000,0,0,275743202,11.43
06/10/2017,6570,80720000,12.3(1.65 %),8140,99720000,1570,19000000,275735062,11.43
09/10/2017,10470,130350000,12.45(1.22 %),13470,167700000,3000,37350000,275745072,11.43
10/10/2017,-170,-2130000,12.45(0.00 %),0,0,170,2130000,275745072,11.43
11/10/2017,-681590,-8114140000,11.65(-6.43 %),32730,391690000,714320,8505830000,275713912,11.44
12/10/2017,-1709930,-20095300000,11.6(-0.43 %),10530,122940000,1720460,20218240000,275706382,11.44
13/10/2017,-396830,-4522470000,11.5(-0.86 %),8700,99300000,405530,4621770000,275697852,11.44
16/10/2017,-184620,-2139010000,11.6(0.87 %),1150,13180000,185770,2152190000,276411022,11.39
17/10/2017,-531000,-6117250000,11.45(-1.29 %),70000,805000000,601000,6922250000,278061482,11.28
18/10/2017,20710,237130000,11.4(-0.44 %),20710,237130000,0,0,278446302,11.25
19/10/2017,48030,550930000,11.5(0.88 %),48430,555520000,400,4590000,278583642,11.24
20/10/2017,224470,2584760000,11.55(0.43 %),261320,3008550000,36850,423790000,278923327,11.22
23/10/2017,119370,1360770000,11.3(-2.16 %),119440,1361560000,70,790000,278803892,11.23
24/10/2017,-345040,-3903290000,11.3(0.00 %),126750,1430440000,471790,5333730000,278677542,11.24
25/10/2017,-104220,-1178450000,11.3(0.00 %),64090,727420000,168310,1905870000,278650302,11.24
26/10/2017,-324510,-3647580000,11.35(0.44 %),18460,205160000,342970,3852740000,278631915,11.24
27/10/2017,-229370,-2589650000,11.35(0.00 %),1100,12410000,230470,2602060000,279102605,11.21
30/10/2017,95680,1081180000,11.25(-0.88 %),95680,1081180000,0,0,279175237,11.2
31/10/2017,-27280,-278430000,11(-2.22 %),109340,1224610000,136620,1503040000,279408867,8.81
01/11/2017,425650,4748010000,11.2(1.82 %),554860,6186090000,129210,1438080000,279084477,8.83
02/11/2017,305560,3420190000,11.3(0.89 %),345360,3869930000,39800,449740000,278739117,8.85
03/11/2017,-122030,-1351380000,11.1(-1.77 %),36570,409190000,158600,1760570000,278839171,8.84
06/11/2017,59520,663630000,11.2(0.90 %),63110,703680000,3590,40050000,278905271,8.84
07/11/2017,25410,284590000,11.2(0.00 %),79960,895550000,54550,610960000,278865111,8.84
08/11/2017,-357350,-4002310000,11.2(0.00 %),27730,310580000,385080,4312890000,278995981,8.84
09/11/2017,9000,100400000,11.15(-0.45 %),9000,100400000,0,0,278990571,8.84
10/11/2017,98790,1109530000,11.4(2.24 %),187800,2121740000,89010,1012210000,278857330,8.84
13/11/2017,-208770,-2362860000,11.2(-1.75 %),7020,79130000,215790,2441990000,279235382,8.82
14/11/2017,-259680,-2912280000,11.15(-0.45 %),56810,637810000,316490,3550090000,279178572,8.83
15/11/2017,795070,9010310000,11.45(2.69 %),800690,9074100000,5620,63790000,278466893,8.86
16/11/2017,985680,11697560000,12(4.80 %),1043830,12377970000,58150,680410000,277638853,8.91
17/11/2017,-490660,-5747870000,11.75(-2.08 %),882330,10486220000,1372990,16234090000,277073017,8.94
20/11/2017,-105330,-1238010000,11.85(0.85 %),121720,1430840000,227050,2668850000,276956917,8.94
21/11/2017,267070,3165220000,11.85(0.00 %),541010,6410860000,273940,3245640000,276582237,8.96
22/11/2017,1536440,18758790000,12.4(4.64 %),1825520,22289760000,289080,3530970000,276129707,8.99
23/11/2017,-284400,-3532260000,12.35(-0.40 %),206040,2545240000,490440,6077500000,276150717,8.99
24/11/2017,174370,2141710000,12.4(0.40 %),222400,2734520000,48030,592810000,276094077,8.99
27/11/2017,215220,2696980000,12.55(1.21 %),248520,3112100000,33300,415120000,276134637,8.99
28/11/2017,707150,8869320000,12.6(0.40 %),879740,11020870000,172590,2151550000,275745337,9.01
29/11/2017,2042320,26695530000,13.2(4.76 %),2368800,30969460000,326480,4273930000,273424567,9.13
30/11/2017,191570,2522790000,13.1(-0.76 %),335180,4404500000,143610,1881710000,273122687,9.15
01/12/2017,-24340,-320390000,13(-0.76 %),16900,219670000,41240,540060000,273278377,9.14
04/12/2017,800810,10651060000,13.7(5.38 %),1234630,16517190000,433820,5866130000,272370227,9.19
05/12/2017,148050,1958240000,13(-5.11 %),157050,2081030000,9000,122790000,272356787,9.19
06/12/2017,130210,1696050000,13.25(1.92 %),382100,4985050000,251890,3289000000,272015927,9.21
07/12/2017,-133060,-1724190000,13(-1.89 %),195960,2561030000,329020,4285220000,272253787,9.19
08/12/2017,1290,16620000,12.95(-0.38 %),5740,74250000,4450,57630000,272257047,9.19
11/12/2017,81160,1043890000,12.3(-5.02 %),163660,2074970000,82500,1031080000,272345282,9.19
12/12/2017,123660,1467670000,12.45(1.22 %),232100,2781190000,108440,1313520000,272442202,9.18
13/12/2017,40470,489730000,12(-3.61 %),91270,1108990000,50800,619260000,272355382,9.19
14/12/2017,684290,8441680000,12.5(4.17 %),740880,9134890000,56590,693210000,271697002,9.22
15/12/2017,978250,12354280000,12.7(1.60 %),1364350,17255390000,386100,4901110000,270441092,9.29
18/12/2017,-167160,-2137340000,12.75(0.39 %),12000,153450000,179160,2290790000,270479892,9.29
19/12/2017,159460,2028350000,12.55(-1.57 %),203200,2586100000,43740,557750000,270333282,9.3
20/12/2017,1220,15960000,12.55(0.00 %),10000,126500000,8780,110540000,270709387,9.28
21/12/2017,-114170,-1434620000,12.3(-1.99 %),10170,127590000,124340,1562210000,270878377,9.27
22/12/2017,1043450,13052510000,12.55(2.03 %),1048470,13114760000,5020,62250000,269873652,9.32
25/12/2017,-7910,-99790000,12.35(-1.59 %),2000,24700000,9910,124490000,269880432,9.32
26/12/2017,185150,2307520000,12.6(2.02 %),200330,2496440000,15180,188920000,269804442,9.32
27/12/2017,589930,7572130000,12.85(1.98 %),652010,8372750000,62080,800620000,269157455,9.36
28/12/2017,867200,11201330000,12.95(0.78 %),867280,11202370000,80,1040000,268300085,9.4
29/12/2017,337350,4347860000,12.85(-0.77 %),343580,4428240000,6230,80380000,267971685,9.42
02/01/2018,819920,10768850000,13.4(4.28 %),1092020,14371450000,272100,3602600000,266941745,9.47
03/01/2018,990870,13314820000,13.35(-0.37 %),1021030,13721710000,30160,406890000,265920795,9.53
04/01/2018,212780,2795790000,13.6(1.87 %),764980,10378590000,552200,7582800000,265162045,9.57
05/01/2018,532090,7208850000,13.6(0.00 %),552320,7485750000,20230,276900000,264881825,9.58
08/01/2018,-1950920,-28102780000,14.55(6.99 %),641650,9149410000,2592570,37252190000,264270335,9.62
09/01/2018,320060,4781060000,14.85(2.06 %),1629670,24307980000,1309610,19526920000,263142865,9.68
10/01/2018,318380,4664680000,15.6(5.05 %),581130,8711830000,262750,4047150000,262581965,9.71
11/01/2018,819450,13039010000,16.25(4.17 %),1409390,22518970000,589940,9479960000,263765145,9.64
12/01/2018,-101280,-1677140000,15.5(-4.62 %),240320,3851020000,341600,5528160000,264834435,9.59
15/01/2018,-25960,-376420000,15.35(-0.97 %),254220,3903970000,280180,4280390000,264842965,9.59
16/01/2018,2009160,30022790000,14.95(-2.61 %),2021140,30202170000,11980,179380000,263411765,9.66
17/01/2018,183540,2768260000,14.3(-4.35 %),248770,3712580000,65230,944320000,263504595,9.66
18/01/2018,116740,1623140000,15(4.90 %),214130,3033010000,97390,1409870000,263570650,9.65
19/01/2018,1916350,29440760000,15.45(3.00 %),2124470,32654440000,208120,3213680000,261458160,9.77
22/01/2018,783540,11933570000,15.1(-2.27 %),820770,12495500000,37230,561930000,260702620,12.45
25/01/2018,1423330,22012500000,15.4(1.99 %),1453010,22466920000,29680,454420000,259592357,12.52
26/01/2018,3084630,48306170000,15.7(1.95 %),3139920,49168550000,55290,862380000,256452450,12.73
29/01/2018,3489560,57328090000,16.75(6.69 %),4060070,66844350000,570510,9516260000,252392380,13.01
30/01/2018,1984770,33781120000,17.1(2.09 %),2092790,35583810000,108020,1802690000,250329270,13.15
31/01/2018,136430,2342020000,16.25(-4.97 %),461690,7822660000,325260,5480640000,249922870,13.17
01/02/2018,711140,11393090000,15.7(-3.38 %),1092180,17520400000,381040,6127310000,249401200,13.21
02/02/2018,443130,7018130000,16.25(3.50 %),609140,9651470000,166010,2633340000,248900080,13.24
05/02/2018,1325500,20784130000,15.15(-6.77 %),1633460,25648870000,307960,4864740000,247591880,13.33
06/02/2018,3733280,54242310000,15.4(1.65 %),4487560,65615930000,754280,11373620000,243485360,13.61
07/02/2018,145030,2306250000,15.75(2.27 %),317140,5026330000,172110,2720080000,243334234,13.62
08/02/2018,13350,208330000,14.9(-5.40 %),153350,2353330000,140000,2145000000,243488844,13.61
09/02/2018,-436030,-6390610000,14.95(0.34 %),113980,1694520000,550010,8085130000,244129144,13.56
12/02/2018,691080,10702660000,15.9(6.35 %),1403940,21767580000,712860,11064920000,242897314,13.65
13/02/2018,-136160,-2163980000,15.9(0.00 %),95190,1522900000,231350,3686880000,242942124,13.64
21/02/2018,855760,14047760000,16.3(2.52 %),1066120,17463470000,210360,3415710000,242426014,13.68
22/02/2018,-140000,-2375250000,16.1(-1.23 %),1503870,24555530000,1643870,26930780000,241635004,13.73
23/02/2018,156150,2561670000,16.45(2.17 %),163960,2688300000,7810,126630000,241702394,13.73
26/02/2018,64620,1053660000,16.05(-2.43 %),162060,2665150000,97440,1611490000,241750701,13.72
27/02/2018,-131230,-2132820000,16.15(0.62 %),174310,2810930000,305540,4943750000,243220262,13.62
28/02/2018,-103670,-1666090000,16.1(-0.31 %),437950,7054040000,541620,8720130000,242790122,13.65
01/03/2018,152410,2412470000,15.75(-2.17 %),273830,4349540000,121420,1937070000,242613738,13.66
02/03/2018,-16850,-262630000,15.7(-0.32 %),12700,199090000,29550,461720000,242906578,13.65
05/03/2018,-258330,-4056420000,14.95(-4.78 %),26930,421190000,285260,4477610000,243421268,13.61
06/03/2018,-765790,-11638220000,15.3(2.34 %),23000,348750000,788790,11986970000,243519688,13.6
07/03/2018,549230,8308460000,15.05(-1.63 %),571830,8649390000,22600,340930000,242977408,13.64
08/03/2018,389630,5907490000,15.2(1.00 %),424630,6434240000,35000,526750000,242838038,13.65
09/03/2018,549790,8444600000,15.4(1.32 %),608940,9355500000,59150,910900000,243017888,13.64
12/03/2018,1648400,25951000000,15.95(3.57 %),1805650,28456840000,157250,2505840000,241234838,13.76
13/03/2018,387180,6205850000,16.1(0.94 %),477360,7650150000,90180,1444300000,240792483,13.79
14/03/2018,-1440320,-23260080000,16.05(-0.31 %),1077390,17538990000,2517710,40799070000,239774243,13.86
15/03/2018,180940,2905860000,16.15(0.62 %),211200,3395280000,30260,489420000,239720293,13.86
16/03/2018,-3180100,-51865460000,16.3(0.93 %),190080,3099580000,3370180,54965040000,239620393,13.87
19/03/2018,-197650,-3223230000,16.05(-1.53 %),11550,188530000,209200,3411760000,242126553,13.7
20/03/2018,-1742690,-27837540000,16(-0.31 %),315900,5038610000,2058590,32876150000,241840913,13.72
21/03/2018,-14610,-236870000,16.25(1.56 %),39760,647990000,54370,884860000,245171333,13.49
22/03/2018,-2087860,-33740900000,16(-1.54 %),3540,57330000,2091400,33798230000,245376993,13.48
23/03/2018,22890,360410000,15.75(-1.56 %),45510,712240000,22620,351830000,247390076,13.34
26/03/2018,232860,3614780000,15.65(-0.63 %),235860,3661830000,3000,47050000,247208580,13.36
27/03/2018,8440,132500000,15.5(-0.96 %),10410,163420000,1970,30920000,249289570,13.22
28/03/2018,239960,3692250000,15.35(-0.97 %),282310,4344140000,42350,651890000,249029880,13.23
29/03/2018,197340,3024040000,15.25(-0.65 %),207340,3178790000,10000,154750000,248825540,13.25
30/03/2018,-5300,-83280000,15.5(1.64 %),10200,156100000,15500,239380000,248817310,13.25
02/04/2018,66790,1058350000,15.8(1.94 %),104380,1648160000,37590,589810000,248755280,13.25
03/04/2018,375580,5902980000,15.7(-0.63 %),483800,7603920000,108220,1700940000,248281480,13.28
04/04/2018,-250470,-3939860000,15.6(-0.64 %),872800,13660600000,1123270,17600460000,248288180,13.28
05/04/2018,620920,9700110000,15.7(0.64 %),1245430,19479250000,624510,9779140000,247080340,13.36
06/04/2018,-223990,-3572660000,16.1(2.55 %),52200,840580000,276190,4413240000,247136360,13.36
09/04/2018,1589670,25872480000,16.4(1.86 %),1849900,30126140000,260230,4253660000,245545730,13.47
10/04/2018,799600,13016490000,16.2(-1.22 %),872230,14214980000,72630,1198490000,245298010,13.48
11/04/2018,251630,4190520000,15.65(-3.40 %),2744580,43713210000,2492950,39522690000,244406620,13.54
12/04/2018,798700,12467870000,15.6(-0.32 %),1350080,21041970000,551380,8574100000,243316770,13.62
13/04/2018,78490,1223020000,15.45(-0.96 %),503690,7835290000,425200,6612270000,242885710,13.65
16/04/2018,425330,6612780000,15.5(0.32 %),504200,7834790000,78870,1222010000,243297460,13.62
17/04/2018,497510,7794350000,0(0.00 %),641820,9882300000,144310,2087950000,243348840,13.62
18/04/2018,-344290,-5382210000,15.5(-1.90 %),101400,1587020000,445690,6969230000,243672640,13.59
19/04/2018,-158820,-2408960000,15(-3.23 %),40600,623020000,199420,3031980000,243710910,13.59
20/04/2018,681860,10594930000,15.45(3.00 %),1851680,28372140000,1169820,17777210000,241861725,13.72
23/04/2018,1624050,24673640000,14.4(-6.80 %),1924650,29219020000,300600,4545380000,240447185,13.81
24/04/2018,-549660,-7809870000,14.15(-1.74 %),1560,22290000,551220,7832160000,240645045,13.8
26/04/2018,-144440,-1989720000,13.35(-5.65 %),4980,69610000,149420,2059330000,241809885,13.72
27/04/2018,269480,3703850000,13.85(3.75 %),281910,3872440000,12430,168590000,241764155,13.72
02/05/2018,187420,2567170000,13.3(-3.97 %),257450,3519490000,70030,952320000,242057933,13.7
03/05/2018,1504630,19950160000,13.7(3.01 %),1524530,20216600000,19900,266440000,240682823,13.79
04/05/2018,-1057140,-14259010000,13.45(-1.82 %),10120,137140000,1067260,14396150000,240685142,13.79
07/05/2018,91060,1248060000,13.95(3.72 %),94010,1287740000,2950,39680000,240661162,13.8
08/05/2018,-52280,-713090000,13.65(-2.15 %),2520,34980000,54800,748070000,240678542,13.8
09/05/2018,2470,33560000,13.5(-1.10 %),2510,34110000,40,550000,241743292,13.72
10/05/2018,-1464220,-19272900000,12.9(-4.44 %),9210,121230000,1473430,19394130000,241737032,13.72
11/05/2018,-1525190,-19721880000,13.1(1.55 %),132810,1718130000,1658000,21440010000,241659022,13.73
14/05/2018,-743140,-9681600000,13.1(0.00 %),8800,115130000,751940,9796730000,241650262,13.73
15/05/2018,-50620,-663070000,13.1(0.00 %),10,130000,50630,663200000,243123682,13.63
16/05/2018,10080,131530000,13.05(-0.38 %),10510,137160000,430,5630000,244771164,13.52
17/05/2018,-37520,-477600000,12.75(-2.30 %),18120,233950000,55640,711550000,245504989,13.47
18/05/2018,56260,714420000,12.75(0.00 %),76860,979060000,20600,264640000,245478761,13.47
21/05/2018,-188020,-2393420000,12.6(-1.18 %),27280,347380000,215300,2740800000,245451911,13.47
22/05/2018,24490,284430000,12(-4.76 %),42590,508680000,18100,224250000,245464961,13.47
23/05/2018,522000,6289950000,12.15(1.25 %),631340,7617120000,109340,1327170000,244854221,13.51
24/05/2018,500890,6127050000,12.05(-0.82 %),821310,10013280000,320420,3886230000,244248211,13.55
25/05/2018,33570,402090000,11.65(-3.32 %),39900,476730000,6330,74640000,244226411,13.56
28/05/2018,-376760,-4196510000,10.85(-6.87 %),41950,468710000,418710,4665220000,244293801,13.55
29/05/2018,297370,3399130000,11.6(6.91 %),307870,3515730000,10500,116600000,244306351,13.55
30/05/2018,-163520,-1890170000,11.5(-0.86 %),73040,848540000,236560,2738710000,244239641,13.56
31/05/2018,-391310,-4581830000,11.75(2.17 %),11600,137030000,402910,4718860000,244646751,13.53
01/06/2018,-120870,-1429930000,11.75(0.00 %),24110,284900000,144980,1714830000,244633141,13.53
04/06/2018,-20010,-255990000,12.55(6.81 %),105070,1279700000,125080,1535690000,244764631,13.52
05/06/2018,81260,1046280000,12.9(2.79 %),107790,1391760000,26530,345480000,245059751,13.5
06/06/2018,10490,137570000,13.3(3.10 %),24850,324120000,14360,186550000,245179881,13.49
07/06/2018,22380,291630000,13(-2.26 %),44700,584070000,22320,292440000,245260261,13.49
08/06/2018,63370,824830000,12.9(-0.77 %),99060,1285980000,35690,461150000,245187740,13.49
11/06/2018,-70170,-895960000,12.6(-2.33 %),27700,354480000,97870,1250440000,245174400,13.49
12/06/2018,1043040,12956860000,12.8(1.59 %),1265210,15764380000,222170,2807520000,243931510,13.58
13/06/2018,159770,2044260000,12.8(0.00 %),169820,2173660000,10050,129400000,243797380,13.59
14/06/2018,-5075410,-68509440000,12.55(-1.95 %),155890,1981570000,5231300,70491010000,243739360,13.59
15/06/2018,-2592250,-32156990000,12.4(-1.20 %),997440,12368560000,3589690,44525550000,242964090,13.64
18/06/2018,190930,2336970000,12(-3.23 %),204700,2506790000,13770,169820000,242769440,13.65
19/06/2018,795560,9119220000,11.7(-2.50 %),1221690,14048890000,426130,4929670000,246779050,13.38
20/06/2018,371230,4391850000,12(2.56 %),409760,4846170000,38530,454320000,249958980,13.17
21/06/2018,661340,7781960000,11.7(-2.50 %),681660,8019890000,20320,237930000,249291090,13.22
22/06/2018,1000790,11816260000,12(2.56 %),1018650,12026540000,17860,210280000,248698570,13.26
25/06/2018,830600,10166210000,12.15(1.25 %),863860,10569670000,33260,403460000,247873240,13.31
26/06/2018,257870,3084440000,12(-1.23 %),266370,3186440000,8500,102000000,247627192,13.33
27/06/2018,254050,3057470000,11.8(-1.67 %),256050,3081570000,2000,24100000,247389002,13.34
28/06/2018,40010,464120000,11.55(-2.12 %),40010,464120000,0,0,247382252,13.34
29/06/2018,110320,1270543000,11.55(0.00 %),120320,1386043000,10000,115500000,247271932,10.52
02/07/2018,53550,595880000,11.1(-3.90 %),110550,1236540000,57000,640660000,247161882,13.36
03/07/2018,-2122710,-22643420000,10.35(-6.76 %),15220,165530000,2137930,22808950000,247146662,13.36
04/07/2018,-2107360,-21940690000,10.3(-0.48 %),75950,788180000,2183310,22728870000,247080712,13.36
05/07/2018,-1150280,-11495860000,9.72(-5.63 %),209080,2116110000,1359360,13611970000,246928632,13.37
06/07/2018,-1980360,-19940010000,10.4(7.00 %),1000330,10101350000,2980690,30041360000,248066232,13.3
09/07/2018,-907710,-9578180000,10.4(0.00 %),201860,2135430000,1109570,11713610000,250047682,13.16
10/07/2018,-36750,-368240000,10.4(0.00 %),117160,1232830000,153910,1601070000,251289882,13.08
11/07/2018,22920,229840000,10(-3.85 %),153100,1531260000,130180,1301420000,254117472,12.89
12/07/2018,-40100,-411020000,10.15(1.50 %),0,0,40100,411020000,254157572,10.15
13/07/2018,-18050,-188670000,10.45(2.96 %),2000,20850000,20050,209520000,255378952,12.81
16/07/2018,-111250,-1177180000,10.5(0.48 %),580,6160000,111830,1183340000,255508556,12.8
17/07/2018,64180,652060000,10.75(2.38 %),255600,2682300000,191420,2030240000,255293056,12.81
18/07/2018,-80630,-876424500,11.2(4.19 %),28120,312354000,108750,1188778500,255373686,10.09
19/07/2018,125190,1388380000,11(-1.79 %),149000,1650600000,23810,262220000,255247816,12.81
20/07/2018,-12770,-146150000,11(0.00 %),167580,1836980000,180350,1983130000,255271584,12.81
23/07/2018,-19460,-216522000,11.75(6.82 %),44610,523939500,64070,740461500,255291044,10.09
24/07/2018,-432780,-4973160000,11.4(-2.98 %),42900,496890000,475680,5470050000,255316634,12.81
25/07/2018,-140330,-1555070000,11.2(-1.75 %),131100,1497200000,271430,3052270000,255365884,12.81
26/07/2018,-291410,-3246190000,11.25(0.45 %),86190,961460000,377600,4207650000,255343756,12.81
27/07/2018,37200,419930000,11.2(-0.44 %),37570,424120000,370,4190000,255781866,12.78
30/07/2018,504330,5782290000,11.5(2.68 %),504870,5788400000,540,6110000,255548426,12.79
31/07/2018,431140,5025111500,11.45(-0.43 %),431190,5025691500,50,580000,255117286,10.1
01/08/2018,218410,2505440000,11.3(-1.31 %),235080,2696110000,16670,190670000,255260127,12.81
02/08/2018,-30590,-334330000,11.05(-2.21 %),69410,765670000,100000,1100000000,255191257,12.82
03/08/2018,482450,5373760000,11.05(0.00 %),502890,5601170000,20440,227410000,254688417,12.85
06/08/2018,38180,425572500,11.15(0.90 %),38580,430072500,400,4500000,254650237,10.13
07/08/2018,315620,3531420000,11.15(0.00 %),338800,3790360000,23180,258940000,254427707,12.87
08/08/2018,-14800,-166210000,11.35(1.79 %),5100,57630000,19900,223840000,254443047,12.87
09/08/2018,283520,3241080000,11.3(-0.44 %),600400,6856360000,316880,3615280000,254123047,12.89
10/08/2018,33160,374030000,11.25(-0.44 %),117670,1323400000,84510,949370000,254028557,12.9
13/08/2018,1500730,17468510000,11.8(4.89 %),1579170,18391790000,78440,923280000,252469287,13.0
14/08/2018,-3430,-38700000,11.6(-1.69 %),40330,471580000,43760,510280000,252465837,13.0
15/08/2018,-8020,-106950000,11.4(-1.72 %),250820,2904170000,258840,3011120000,252299527,13.01
16/08/2018,-315480,-3566810000,11.4(0.00 %),70050,791570000,385530,4358380000,252307917,13.01
17/08/2018,22150,242807500,11.2(-1.75 %),81600,920435000,59450,677627500,252285767,10.25
20/08/2018,-1065880,-11943730000,11.15(-0.45 %),0,0,1065880,11943730000,252528925,13.0
21/08/2018,-392630,-4401930000,11.2(0.45 %),38920,437250000,431550,4839180000,252875535,12.97
22/08/2018,-9630,-110310000,11.45(2.23 %),590,6810000,10220,117120000,252934389,12.97
23/08/2018,-256930,-2933040000,11.4(-0.44 %),66950,765080000,323880,3698120000,253933319,12.9
24/08/2018,-18660,-211676000,11.3(-0.88 %),1760,19891000,20420,231567000,253951979,10.16
27/08/2018,33440,382460000,11.4(0.88 %),33640,384760000,200,2300000,254339689,12.88
28/08/2018,-9750,-111980000,11.5(0.88 %),200,2310000,9950,114290000,254663369,12.85
29/08/2018,-320780,-3665540000,11.4(-0.87 %),1220,13980000,322000,3679520000,254682569,12.85
30/08/2018,608710,6997740000,11.5(0.88 %),1108910,12696540000,500200,5698800000,253573859,12.93
31/08/2018,-26450,-302030000,11.35(-1.30 %),3500,39900000,29950,341930000,253580309,12.93
04/09/2018,53740,606850000,11.25(-0.88 %),63580,718060000,9840,111210000,253838729,12.91
05/09/2018,-94020,-1052650000,11.1(-1.33 %),20930,234570000,114950,1287220000,254317999,12.88
06/09/2018,425250,4727040000,11.05(-0.45 %),550080,6116390000,124830,1389350000,253797869,12.91
07/09/2018,-73470,-830484000,11.3(2.26 %),1150,12995000,74620,843479000,253871339,10.17
10/09/2018,132740,1560140000,11.75(3.98 %),426780,4992370000,294040,3432230000,253494729,12.93
11/09/2018,213110,2508490000,11.8(0.43 %),243830,2869010000,30720,360520000,253375729,12.94
12/09/2018,-64260,-777560000,12.1(2.54 %),169460,2063870000,233720,2841430000,253280889,12.95
13/09/2018,23560,285710000,12.05(-0.41 %),70670,856630000,47110,570920000,253504259,12.93
14/09/2018,-51550,-621710000,12(-0.41 %),17140,205870000,68690,827580000,253517842,12.93
17/09/2018,-120600,-1436270000,11.85(-1.25 %),72040,858390000,192640,2294660000,253679522,12.92
18/09/2018,6950,98500000,12.4(4.64 %),33950,419610000,27000,321110000,253692686,12.92
19/09/2018,2406620,30423530000,12.55(1.21 %),2506030,31672080000,99410,1248550000,251255355,13.08
20/09/2018,121100,1520770000,12.65(0.80 %),131650,1653790000,10550,133020000,251316345,13.08
21/09/2018,-198930,-2399350000,12.7(0.40 %),3022430,38512290000,3221360,40911640000,248320915,13.28
24/09/2018,-5500,-69370000,12.55(-1.18 %),2000,25200000,7500,94570000,248418325,13.27
25/09/2018,82090,1035319080,12.65(0.80 %),82090,1035319080,0,0,248336235,10.46
26/09/2018,-115730,-1483860000,12.7(0.40 %),5000,63500000,120730,1547360000,251459155,13.07
27/09/2018,102000,1300470000,12.65(-0.39 %),112770,1437570000,10770,137100000,251353885,13.08
28/09/2018,9689390,129697408500,13.5(6.72 %),9718520,130084340500,29130,386932000,241664495,10.82
01/10/2018,8170000,115901260000,13.85(2.59 %),8290830,117582460000,120830,1681200000,233470176,14.28
02/10/2018,991900,13788149500,13.9(0.36 %),1151810,16003151500,159910,2215002000,232478276,11.3
03/10/2018,2493220,34664560000,13.85(-0.36 %),2529020,35161390000,35800,496830000,229829246,14.53
04/10/2018,294930,4087890000,13.85(0.00 %),338030,4684220000,43100,596330000,229612046,14.54
05/10/2018,-164450,-2269530000,13.8(-0.36 %),7010,96840000,171460,2366370000,229764946,14.53
08/10/2018,2937820,40640800000,13.85(0.36 %),2966010,41030250000,28190,389450000,226834736,14.73
09/10/2018,-106630,-1428750000,13.55(-2.17 %),66230,906580000,172860,2335330000,226811606,14.73
10/10/2018,-310360,-4171420000,13.4(-1.11 %),75440,1013519000,385800,5184939000,227121966,11.59
11/10/2018,46020,576741500,12.5(-6.72 %),196530,2501760000,150510,1925018500,227075946,11.59
12/10/2018,2149400,27711165500,13.05(4.40 %),2154800,27780965500,5400,69800000,224926546,11.7
15/10/2018,2745970,35806010000,12.95(-0.77 %),3035330,39574600000,289360,3768590000,222157816,15.04
16/10/2018,811860,10699810000,13.6(5.02 %),850260,11208440000,38400,508630000,221458066,15.09
17/10/2018,-18330,-224650500,13.55(-0.37 %),101280,1396650000,119610,1621300500,221476396,11.89
18/10/2018,2138580,29167270000,13.5(-0.37 %),2173460,29643720000,34880,476450000,219428086,15.23
19/10/2018,-72440,-979484000,13.45(-0.37 %),64600,860680000,137040,1840164000,219500526,11.99
22/10/2018,119200,1574710000,12.95(-3.72 %),119200,1574710000,0,0,219402296,15.23
23/10/2018,274190,3458581000,12.55(-3.09 %),314220,3962960500,40030,504379500,219128106,12.01
24/10/2018,1573230,19908910000,12.6(0.40 %),1615400,20443050000,42170,534140000,217644596,15.35
25/10/2018,109230,1379800000,12.55(-0.40 %),205400,2572560000,96170,1192760000,217439196,15.36
26/10/2018,682830,8550700000,12.3(-1.99 %),941420,11809830000,258590,3259130000,216537806,15.42
29/10/2018,-34370,-413760000,12(-2.44 %),32000,391650000,66370,805410000,216547976,15.42
30/10/2018,-131680,-1583780000,11.95(-0.42 %),220,2641000,131900,1586421000,216679656,12.14
31/10/2018,-104960,-1289499000,12.5(4.60 %),10800,134880000,115760,1424379000,216784616,12.14
01/11/2018,-28330,-343870000,12.2(-2.40 %),40100,502710000,68430,846580000,216917986,15.39
02/11/2018,-143720,-1780955000,12.4(1.64 %),5500,68390000,149220,1849345000,217061706,12.12
05/11/2018,-34070,-418560000,12.35(-0.40 %),890,10950000,34960,429510000,217159256,15.38
06/11/2018,20010,247874000,12.25(-0.81 %),20010,247874000,0,0,217139246,12.12
07/11/2018,2397070,30246870000,12.7(3.67 %),2536780,32018700000,139710,1771830000,214820116,15.54
08/11/2018,20,260000,12.6(-0.79 %),20,260000,0,0,214855056,15.53
09/11/2018,-26260,-328760000,12.35(-1.98 %),10020,124750000,36280,453510000,214845036,15.53
12/11/2018,6310,76980000,12.2(-1.21 %),6310,76980000,0,0,214978436,15.53
13/11/2018,-78730,-950525000,12(-1.64 %),200,2400000,78930,952925000,215057166,12.23
14/11/2018,68670,827930000,11.95(-0.42 %),68670,827930000,0,0,214945846,15.53
15/11/2018,-131620,-1557790000,12(0.42 %),199430,2393160000,331050,3950950000,214746416,15.54
16/11/2018,-995060,-12059760000,12.1(0.83 %),100,1200000,995160,12060960000,214825246,15.54
19/11/2018,-26990,-329870000,12.3(1.65 %),0,0,26990,329870000,214825251,15.54
20/11/2018,-368490,-4496240000,12.2(-0.81 %),0,0,368490,4496240000,215156301,15.51
21/11/2018,-54320,-659510000,12.25(0.41 %),55870,684380000,110190,1343890000,216095591,15.45
22/11/2018,1252440,15519730000,12.4(1.22 %),1270000,15737000000,17560,217270000,214852581,15.53
23/11/2018,529990,6537150000,12.25(-1.21 %),530000,6537270000,10,120000,214691071,15.54
26/11/2018,331280,4051223120,12.3(0.41 %),331300,4051467700,20,244580,214359791,12.26
27/11/2018,586330,7171180000,12.15(-1.22 %),601000,7350970000,14670,179790000,213859521,15.6
28/11/2018,424370,5172300000,12.25(0.82 %),432200,5267670000,7830,95370000,213427331,15.63
29/11/2018,510800,6254660000,12.15(-0.82 %),518630,6350890000,7830,96230000,212908721,15.66
30/11/2018,410920,5000520000,12.15(0.00 %),676840,8231570000,265920,3231050000,212246551,15.71
03/12/2018,2070740,26088932500,12.8(5.35 %),2151280,27095453000,80540,1006520500,210103101,12.49
04/12/2018,912290,11666140000,12.8(0.00 %),997460,12750510000,85170,1084370000,209113471,15.92
05/12/2018,1223930,15606771000,12.7(-0.78 %),1376060,17526798500,152130,1920027500,207889541,12.61
06/12/2018,25940,327960000,12.6(-0.79 %),30440,384890000,4500,56930000,208053431,15.99
07/12/2018,7100,90870000,12.65(0.40 %),7100,90870000,0,0,208131501,15.99
10/12/2018,-239540,-3007300000,12.5(-1.19 %),74390,929880000,313930,3937180000,208209241,15.98
11/12/2018,-5080,-66550000,12.5(0.00 %),62500,781120000,67580,847670000,208151241,15.99
12/12/2018,-8280,-99035500,12.7(1.60 %),103430,1303320000,111710,1402355500,208159521,12.59
13/12/2018,782720,10119440000,12.9(1.57 %),1166090,15068720000,383370,4949280000,207195651,16.05
14/12/2018,476020,6117920000,12.8(-0.78 %),529830,6810170000,53810,692250000,206733401,16.08
17/12/2018,-143880,-1822520000,12.5(-2.34 %),33880,423500000,177760,2246020000,206811231,16.08
18/12/2018,253560,3122090000,12.4(-0.80 %),541580,6681360000,288020,3559270000,206653010,16.09
19/12/2018,438810,5421080000,12.45(0.40 %),533000,6592800000,94190,1171720000,206173820,16.12
20/12/2018,-154050,-1894660000,12.25(-1.61 %),90,1110000,154140,1895770000,206351490,16.11
21/12/2018,-1727380,-20914580000,12.1(-1.22 %),189700,2295370000,1917080,23209950000,206449810,16.1
24/12/2018,40020,494240000,12.15(0.41 %),40020,494240000,0,0,206503980,16.1
25/12/2018,16030,192380000,11.95(-1.65 %),24240,290580000,8210,98200000,206633887,16.09
26/12/2018,77940,941292000,11.95(0.00 %),80620,973452000,2680,32160000,206555947,12.68
27/12/2018,9800,119560000,12(0.42 %),10000,122000000,200,2440000,208460347,15.96
28/12/2018,220,2640000,11.95(-0.42 %),220,2640000,0,0,208468337,15.96
02/01/2019,-17800,-208479500,11.6(-2.93 %),850,10134500,18650,218614000,208470370,12.58
03/01/2019,-2100,-23285500,11.1(-4.31 %),500,5704500,2600,28990000,208472470,12.58
04/01/2019,-251100,-2820870000,11.15(0.45 %),3000,33000000,254100,2853870000,208466870,15.96
07/01/2019,982220,11260122500,11.5(3.14 %),1017200,11661633000,34980,401510500,207484650,12.63
08/01/2019,-500150,-5706700000,11.35(-1.30 %),64180,730530000,564330,6437230000,207406740,16.04
09/01/2019,16040,184080000,11.4(0.44 %),25330,289990000,9290,105910000,207635510,16.02
10/01/2019,-5970,-70520000,11.4(0.00 %),18610,212150000,24580,282670000,207651879,16.02
11/01/2019,17520,197680000,11.4(0.00 %),72920,833010000,55400,635330000,208143289,15.99
14/01/2019,-119180,-1346170000,11.2(-1.75 %),1020,11580000,120200,1357750000,208151559,15.99
15/01/2019,74500,842500000,11.3(0.89 %),74590,843520000,90,1020000,208101549,15.99
16/01/2019,106940,1216719500,11.3(0.00 %),108940,1239519500,2000,22800000,207994609,12.6
17/01/2019,-4750,-53280000,11.2(-0.88 %),5930,66700000,10680,119980000,208162279,15.98
18/01/2019,208320,2337940000,11.25(0.45 %),214630,2408930000,6310,70990000,207947744,16.0
21/01/2019,915020,10525750000,11.7(4.00 %),1107250,12759930000,192230,2234180000,206842494,16.07
22/01/2019,1924880,22628130000,11.75(0.43 %),1961860,23063700000,36980,435570000,204891315,16.2
23/01/2019,2597590,30835360000,12.15(3.40 %),2602300,30892350000,4710,56990000,202295325,16.38
24/01/2019,1027000,12464504000,12.2(0.41 %),1027000,12464504000,0,0,201266725,12.96
25/01/2019,3573980,43985720500,12.3(0.82 %),3738980,46013724500,165000,2028004000,197692745,13.15
28/01/2019,1002640,12243600000,12.25(-0.41 %),1061900,12967780000,59260,724180000,196701365,16.76
29/01/2019,324490,3944321000,12.15(-0.82 %),774490,9399952000,450000,5455631000,196365615,13.22
30/01/2019,-506140,-6150950000,12(-1.23 %),1269770,15371850000,1775910,21522800000,196007105,16.8
31/01/2019,2179370,26722520500,12.3(2.50 %),2665080,32683253500,485710,5960733000,194692385,13.31
01/02/2019,1601890,19803103000,12.4(0.81 %),1701990,21031421000,100100,1228318000,0,0.0
11/02/2019,2126350,27140537500,12.95(4.44 %),2161770,27593913500,35420,453376000,190022945,13.56
12/02/2019,1860720,24124638000,13(0.39 %),1860820,24125933000,100,1295000,188162225,13.65
13/02/2019,2084250,27114520000,13(0.00 %),2587670,33662000000,503420,6547480000,187165755,17.4
14/02/2019,1716190,22259900500,12.95(-0.38 %),1717090,22271555500,900,11655000,184361785,13.86
15/02/2019,396740,5122272500,13(0.39 %),617210,7980322500,220470,2858050000,183965045,13.88
18/02/2019,433430,5665120000,13.1(0.77 %),449200,5870560000,15770,205440000,184471195,17.58
19/02/2019,814540,10613870000,12.8(-2.29 %),814740,10616490000,200,2620000,183657355,17.63
20/02/2019,1439220,18608040000,12.9(0.78 %),1439220,18608040000,0,0,182438605,17.72
21/02/2019,1178710,15233690000,13(0.78 %),1178710,15233690000,0,0,181275665,17.79
22/02/2019,671530,8762450000,13.05(0.38 %),773990,10081850000,102460,1319400000,180501875,17.85
25/02/2019,736460,9606350000,12.9(-1.15 %),1594340,20763050000,857880,11156700000,178907535,17.95
26/02/2019,-772450,-9912262000,12.8(-0.78 %),710030,9078296680,1482480,18990558680,179463605,14.12
27/02/2019,117590,1504840000,12.7(-0.78 %),167290,2138420000,49700,633580000,178834655,17.96
28/02/2019,-911070,-11356530000,12.3(-3.15 %),160510,2011480000,1071580,13368010000,179621265,17.91
01/03/2019,135850,1713990000,12.65(2.85 %),135850,1713990000,0,0,180401765,14.07
04/03/2019,46180,588200000,12.75(0.79 %),143890,1833010000,97710,1244810000,180171725,17.87
05/03/2019,20280,258476500,12.7(-0.39 %),55680,709366500,35400,450890000,180335305,14.07
06/03/2019,99240,1258859400,12.65(-0.39 %),99250,1258986250,10,126850,180236065,14.07
07/03/2019,328760,4212300000,12.8(1.19 %),329960,4227480000,1200,15180000,180766874,17.83
08/03/2019,-14720,-185900000,12.6(-1.56 %),2200,27790000,16920,213690000,180800074,17.83
11/03/2019,-335900,-4203593000,12.55(-0.40 %),7000,87800000,342900,4291393000,180257925,14.07
12/03/2019,-505660,-6357930000,12.7(1.20 %),53880,677940000,559540,7035870000,180741404,17.83
13/03/2019,280010,3598687500,12.8(0.79 %),281340,3615700000,1330,17012500,180483575,14.06
14/03/2019,-509950,-6579530000,13(1.56 %),0,0,509950,6579530000,180819884,17.83
15/03/2019,-72460,-936850000,12.95(-0.38 %),518000,6709760000,590460,7646610000,180861433,17.82
18/03/2019,-684410,-8827085500,12.85(-0.77 %),7980,102978000,692390,8930063500,181545843,14.0
19/03/2019,154910,1977610000,12.7(-1.17 %),210540,2690870000,55630,713260000,181154193,17.8
20/03/2019,1644800,20943600000,12.8(0.79 %),1644800,20943600000,0,0,180099853,17.87
21/03/2019,850170,10747100000,12.5(-2.34 %),850170,10747100000,0,0,179942082,17.88
22/03/2019,201080,2524120000,12.55(0.40 %),201760,2532620000,680,8500000,179795952,17.89
25/03/2019,-360030,-4413520000,12.25(-2.39 %),787730,9670610000,1147760,14084130000,179715982,17.9
26/03/2019,-220200,-2712590000,12.3(0.41 %),337000,4157569000,557200,6870159000,179275113,14.13
27/03/2019,-391310,-4832341000,12.35(0.41 %),256050,3162056500,647360,7994397500,179666423,14.1
28/03/2019,-1537190,-18765130000,12.15(-1.62 %),2173150,26520070000,3710340,45285200000,180054302,17.88
29/03/2019,-1405160,-17182180000,12.2(0.41 %),2175000,26595100000,3580160,43777280000,180099502,17.87
01/04/2019,75170,925900000,12.4(1.64 %),75500,929960000,330,4060000,180422862,17.85
02/04/2019,-5690,-70456500,12.2(-1.61 %),10,123500,5700,70580000,180504052,14.06
03/04/2019,39270,479840000,12.25(0.41 %),42400,517880000,3130,38040000,183592612,17.64
04/04/2019,510,6910500,12.3(0.41 %),30990,379990500,30480,373080000,180464272,14.06
05/04/2019,100,1230000,12.25(-0.41 %),100,1230000,0,0,183567552,17.64
08/04/2019,59810,730957500,12.25(0.00 %),63610,777392500,3800,46435000,180404362,14.07
09/04/2019,378760,4648970000,12.25(0.00 %),378760,4648970000,0,0,183158792,17.67
10/04/2019,19530,237270000,12.1(-1.22 %),20000,243000000,470,5730000,183138792,17.67
11/04/2019,21270,258140000,12.05(-0.41 %),21270,258140000,0,0,183121322,17.67
12/04/2019,362400,4386140000,12.1(0.41 %),362400,4386140000,0,0,182758922,17.69
16/04/2019,1180460,14215180000,12.05(-0.41 %),1215170,14632690000,34710,417510000,181544222,17.78
17/04/2019,596030,7211963000,11.9(-1.24 %),596030,7211963000,0,0,177845912,14.2
18/04/2019,320,1327000,11.75(-1.26 %),21400,253710000,21080,252383000,177845592,14.2
19/04/2019,1400,16450000,11.75(0.00 %),1400,16450000,0,0,180960096,17.82
22/04/2019,-177730,-2054596000,11.55(-1.70 %),688740,8032979500,866470,10087575500,178021922,14.19
23/04/2019,727440,8656360000,12.05(4.33 %),727440,8656360000,0,0,179564996,17.91
24/04/2019,844950,10265237000,12.05(0.00 %),1849950,22445014580,1005000,12179777580,176449532,14.28
25/04/2019,164260,1945935500,11.85(-1.66 %),2019320,24061459500,1855060,22115524000,176285272,14.28
26/04/2019,19970,238130000,11.95(0.84 %),21190,252650000,1220,14520000,178502124,17.98
02/05/2019,-39810,-476450000,11.9(-0.42 %),132410,1585130000,172220,2061580000,178400734,17.99
03/05/2019,599210,7310674000,12.35(3.78 %),689610,8423364000,90400,1112690000,177933934,14.2
06/05/2019,3200,38520000,12.05(-2.43 %),5200,62920000,2000,24400000,177930734,14.2
07/05/2019,1664570,20117017000,12.1(0.41 %),1942610,23481521140,278040,3364504140,176266164,14.28
08/05/2019,583980,7067100000,12.15(0.41 %),680360,8237470000,96380,1170370000,176258639,18.13
09/05/2019,-20680,-247430000,11.9(-2.06 %),1500,17930000,22180,265360000,176259139,14.51
10/05/2019,-2020,-24140000,12(0.84 %),0,0,2020,24140000,176493269,14.49
13/05/2019,-53290,-637065500,11.95(-0.42 %),19850,236957500,73140,874023000,175758174,14.31
14/05/2019,9700,115446000,11.9(-0.42 %),9700,115446000,0,0,175748474,14.31
15/05/2019,9850,118404000,12.05(1.26 %),10850,130504000,1000,12100000,175738624,14.31
16/05/2019,-113600,-1363140000,12(-0.41 %),5720,68840000,119320,1431980000,176640878,14.49
17/05/2019,89200,1069000000,11.95(-0.42 %),92680,1110710000,3480,41710000,176548198,14.49
20/05/2019,85390,1023090000,11.95(0.00 %),103030,1233980000,17640,210890000,176446168,14.5
21/05/2019,385730,4669920000,12.05(0.84 %),385730,4669920000,0,0,176179758,14.51
22/05/2019,-388780,-4711490000,12.05(0.00 %),200,2400000,388980,4713890000,176183038,14.51
23/05/2019,235310,2833030000,12(-0.41 %),237810,2863160000,2500,30130000,175962868,14.52
24/05/2019,-1959270,-23267710000,11.8(-1.67 %),49530,589080000,2008800,23856790000,175913338,14.52
27/05/2019,-1590,-18820000,11.8(0.00 %),0,0,1590,18820000,176302318,14.5
28/05/2019,166600,2003930000,11.8(0.00 %),639230,7584680000,472630,5580750000,175665588,14.54
29/05/2019,98050,1156820000,11.75(-0.42 %),98050,1156820000,0,0,177576338,14.43
30/05/2019,199200,2340595000,11.8(0.43 %),200000,2350000000,800,9405000,175451078,14.33
31/05/2019,75040,884670000,11.75(-0.42 %),85040,1002670000,10000,118000000,177765518,14.42
03/06/2019,379870,4429530000,11.6(-1.28 %),381970,4454090000,2100,24560000,177383548,14.23
04/06/2019,186910,2175884500,11.6(0.00 %),198170,2306590500,11260,130706000,177196638,14.24
05/06/2019,287450,3375532500,11.65(0.43 %),293520,3446704000,6070,71171500,176909188,14.25
06/06/2019,2500,29200000,11.55(-0.86 %),2500,29200000,0,0,176906688,14.25
07/06/2019,95880,1119010000,11.75(1.73 %),95880,1119010000,0,0,176817638,14.48
10/06/2019,954530,11258230000,11.8(0.43 %),958530,11305630000,4000,47400000,175865183,14.53
11/06/2019,95030,1120120000,11.7(-0.85 %),105020,1237000000,9990,116880000,175760163,14.53
12/06/2019,113260,1325060000,11.65(-0.43 %),113260,1325060000,0,0,175646911,14.54
13/06/2019,124640,1446846000,11.6(-0.43 %),124640,1446846000,0,0,175522263,14.32
14/06/2019,85300,995000000,11.65(0.43 %),85300,995000000,0,0,175450961,14.55
17/06/2019,-15230,-164740000,11.45(-1.72 %),312150,3599609000,327380,3764349000,175452193,14.33
18/06/2019,-473630,-5325980000,11.2(-2.18 %),300710,3392080000,774340,8718060000,174838049,14.58
19/06/2019,128580,1459560000,11.3(0.89 %),369580,4186910000,241000,2727350000,174468469,14.6
20/06/2019,174790,2009418000,11.5(1.77 %),716420,8218063000,541630,6208645000,175622453,14.32
21/06/2019,-11405530,-130711270000,11.45(-0.43 %),1653200,18950240000,13058730,149661510000,173200569,14.67
24/06/2019,-8390,-97510000,11.7(2.18 %),0,0,8390,97510000,173441569,14.66
25/06/2019,89190,1043581500,11.65(-0.43 %),98000,1146550000,8810,102968500,186947183,13.72
26/06/2019,143590,1655320000,11.5(-1.29 %),154960,1787210000,11370,131890000,186788974,13.94
27/06/2019,1900,21800000,11.3(-1.74 %),1900,21800000,0,0,186801693,13.73
28/06/2019,13880,157754000,11.35(0.44 %),31200,353410000,17320,195656000,186787813,13.73
01/07/2019,26460,306565000,11.55(1.76 %),31660,366365000,5200,59800000,186784444,13.73
02/07/2019,-393690,-4508510000,11.45(-0.87 %),265820,3051920000,659510,7560430000,186486964,13.96
03/07/2019,29760,338810000,11.35(-0.87 %),29760,338810000,0,0,186474515,13.96
04/07/2019,25700,294460000,11.45(0.88 %),25700,294460000,0,0,186454015,13.96
05/07/2019,45950,523810000,11.4(-0.44 %),46150,526110000,200,2300000,187076724,13.71
08/07/2019,16380,187840000,11.4(0.00 %),18450,211540000,2070,23700000,187048925,13.92
09/07/2019,208020,2371428000,11.35(-0.44 %),208020,2371428000,0,0,186852324,13.72
10/07/2019,429500,4919225000,11.45(0.88 %),429500,4919225000,0,0,186422824,13.75
11/07/2019,143900,1651930000,11.5(0.44 %),144500,1658800000,600,6870000,186278924,13.75
12/07/2019,1640,18860000,11.4(-0.87 %),1640,18860000,0,0,186277284,13.75
15/07/2019,0,0,11.35(-0.44 %),0,0,0,0,186267535,13.97
16/07/2019,630520,7208530000,11.4(0.44 %),635400,7264340000,4880,55810000,185632735,14.0
17/07/2019,507000,5885706500,11.55(1.32 %),1507000,17394150000,1000000,11508443500,185139764,13.81
18/07/2019,1311410,15186510500,11.55(0.00 %),1515250,17541137500,203840,2354627000,183828354,13.88
19/07/2019,1433520,16728834000,11.7(1.30 %),1858610,21697066500,425090,4968232500,182394834,13.96
22/07/2019,-55130,-636634000,11.5(-1.71 %),1160,13506000,56290,650140000,182449964,13.96
23/07/2019,-2500,-26221500,11.5(0.00 %),71000,820250000,73500,846471500,182452464,13.96
24/07/2019,-1838180,-20990064000,11.35(-1.30 %),49940,569316000,1888120,21559380000,184290644,13.86
25/07/2019,-2951500,-33275061500,11.2(-1.32 %),24000,271500000,2975500,33546561500,187242144,13.7
26/07/2019,-513670,-5758510000,11.15(-0.45 %),430730,4831550000,944400,10590060000,182338658,14.18
29/07/2019,-2909520,-31968422500,10.95(-1.79 %),61870,677570000,2971390,32645992500,190665334,13.52
30/07/2019,-320690,-3506806000,10.85(-0.91 %),11160,122144000,331850,3628950000,190986024,13.5
31/07/2019,-57020,-613500000,10.7(-1.38 %),0,0,57020,613500000,191043044,13.5
01/08/2019,-1939500,-20583807500,10.5(-1.87 %),10500,110375000,1950000,20694182500,190649078,13.52
02/08/2019,100300,1058240000,10.6(0.95 %),100300,1058240000,0,0,190548778,13.53
05/08/2019,-212850,-2224450000,10.45(-1.42 %),3900,40950000,216750,2265400000,190923248,13.72
06/08/2019,-4050,-42170000,10.45(0.00 %),0,0,4050,42170000,192873249,13.61
07/08/2019,-84610,-882410000,10.4(-0.48 %),10,100000,84620,882510000,192873239,13.61
08/08/2019,-30700,-320820000,10.45(0.48 %),0,0,30700,320820000,193089989,13.6
09/08/2019,-1360480,-14135250000,10.35(-0.96 %),4000,41400000,1364480,14176650000,193086109,13.6
12/08/2019,-40,-414000,10.35(0.00 %),0,0,40,414000,192241508,13.44
13/08/2019,-2007190,-20539645000,10.2(-1.45 %),110000,1127500000,2117190,21667145000,194248698,13.33
14/08/2019,-2322210,-23709628500,10.15(-0.49 %),100,1025000,2322310,23710653500,196570908,13.21
15/08/2019,-31710,-319761500,10.35(1.97 %),690,6978500,32400,326740000,196602618,13.21
16/08/2019,159560,1653320000,10.3(-0.48 %),254000,2628700000,94440,975380000,196318349,13.43
19/08/2019,-63260,-651030000,10.25(-0.49 %),600,6180000,63860,657210000,198640067,13.3
20/08/2019,-127360,-1306620000,10.3(0.49 %),1800,18540000,129160,1325160000,196633678,13.2
21/08/2019,-595860,-6111070000,10.25(-0.49 %),25100,257280000,620960,6368350000,198740007,13.3
22/08/2019,6010,62250000,10.3(0.49 %),7000,72450000,990,10200000,198796867,13.29
23/08/2019,544510,5747320000,10.7(3.88 %),584040,6170290000,39530,422970000,198341987,13.32
26/08/2019,-544000,-5716321500,10.55(-1.40 %),286000,3009578500,830000,8725900000,197223018,13.17
27/08/2019,-806170,-8412540000,10.45(-0.95 %),570010,6029340000,1376180,14441880000,198107927,13.33
28/08/2019,34040,351627000,10.35(-0.96 %),595180,6188441000,561140,5836814000,197995148,13.13
29/08/2019,-294650,-3051180000,10.35(0.00 %),49270,511200000,343920,3562380000,198333007,13.32
30/08/2019,-312910,-3242360000,10.4(0.48 %),36750,381060000,349660,3623420000,199672441,13.24
03/09/2019,-76990,-783510000,10.2(-1.92 %),556600,5741270000,633590,6524780000,199676981,13.24
04/09/2019,-893640,-9061270000,10.15(-0.49 %),21730,220570000,915370,9281840000,199999171,13.23
05/09/2019,-578800,-5883386500,10.15(0.00 %),5100,52015000,583900,5935401500,201706021,12.94
06/09/2019,-229220,-2326334000,10.15(0.00 %),24970,254595500,254190,2580929500,201935241,12.92
09/09/2019,-274370,-2789998000,10.1(-0.49 %),5090,51668000,279460,2841666000,202209611,12.91
10/09/2019,-2258330,-22741089500,10.05(-0.50 %),3200,32160000,2261530,22773249500,204467941,12.79
11/09/2019,-382260,-3842213000,10.05(0.00 %),0,0,382260,3842213000,204850201,12.77
12/09/2019,-476180,-4798664500,10.15(1.00 %),0,0,476180,4798664500,205326381,12.74
13/09/2019,22660,231690000,10.35(1.97 %),23500,240240000,840,8550000,205215020,12.95
16/09/2019,-491040,-5066485000,10.35(0.00 %),0,0,491040,5066485000,205794761,12.72
17/09/2019,-491000,-5032250000,10.2(-1.45 %),0,0,491000,5032250000,206285761,12.69
18/09/2019,-1284590,-13119220500,10.2(0.00 %),90000,919000000,1374590,14038220500,207570351,12.62
19/09/2019,587300,6055480000,10.55(3.43 %),587300,6055480000,0,0,205888040,12.91
20/09/2019,-1391500,-14462067000,10.35(-1.90 %),28300,298870000,1419800,14760937000,208374551,12.58
23/09/2019,2034480,21612730000,10.55(1.93 %),2109480,22390730000,75000,778000000,205615850,12.92
24/09/2019,-153890,-1627635000,10.5(-0.47 %),66110,696332000,220000,2323967000,206493961,12.68
25/09/2019,7000,73490000,10.6(0.95 %),7470,78430000,470,4940000,206962075,12.85
26/09/2019,23010,243905500,10.7(0.94 %),30020,318212000,7010,74306500,206463951,12.68
27/09/2019,145490,1567380000,10.65(-0.47 %),702490,7521780000,557000,5954400000,206524565,12.88
30/09/2019,-634940,-6743100000,10.55(-0.94 %),178860,1906240000,813800,8649340000,206346175,12.89
01/10/2019,-776770,-8158728000,10.5(-0.47 %),323340,3410987000,1100110,11569715000,206591985,12.68
02/10/2019,-232230,-2437444500,10.4(-0.95 %),15100,158520500,247330,2595965000,206824215,12.66
03/10/2019,287360,2987250000,10.5(0.96 %),287460,2988300000,100,1050000,207103225,12.84
04/10/2019,157070,1644820500,10.4(-0.95 %),157070,1644820500,0,0,206379785,12.69
07/10/2019,93770,987846500,10.5(0.96 %),119360,1255342000,25590,267495500,206286015,12.69
08/10/2019,-17300,-214310000,11(4.76 %),88710,949300000,106010,1163610000,208085616,12.79
09/10/2019,466380,5128317000,10.9(-0.91 %),468880,5155692000,2500,27375000,205836935,12.72
10/10/2019,21810,237195000,10.8(-0.92 %),29690,323088000,7880,85893000,205815125,12.72
11/10/2019,42700,475850000,11(1.85 %),151240,1670090000,108540,1194240000,207749546,12.81
14/10/2019,792600,8884790000,11.1(0.91 %),1010520,11335600000,217920,2450810000,206741526,12.86
15/10/2019,-34470,-382616000,11.05(-0.45 %),10530,116884000,45000,499500000,205014295,12.76
16/10/2019,-10770,-118449000,11.05(0.00 %),5940,65934000,16710,184383000,205025065,12.76
17/10/2019,43160,472600500,10.9(-1.36 %),111140,1218892500,67980,746292000,204981905,12.76
18/10/2019,-1780,-20000000,10.8(-0.92 %),81160,883680000,82940,903680000,206973036,12.85
21/10/2019,248240,2682140000,10.95(1.39 %),268400,2899980000,20160,217840000,206721346,12.87
22/10/2019,118130,1302230000,11(0.46 %),158010,1741610000,39880,439380000,206631316,12.87
23/10/2019,165000,1816875500,11(0.00 %),165000,1816875500,0,0,204582315,12.78
24/10/2019,78750,862812500,10.95(-0.45 %),100000,1095500000,21250,232687500,204503565,12.79
25/10/2019,5110,56203000,10.9(-0.46 %),13080,143126000,7970,86923000,204498455,12.79
28/10/2019,-668520,-7257560000,10.85(-0.46 %),331480,3618280000,1000000,10875840000,206103798,12.9
29/10/2019,-645570,-6936593500,10.65(-1.84 %),258430,2781307500,904000,9717901000,205812545,12.72
30/10/2019,-561120,-6014119500,10.7(0.47 %),133430,1428065500,694550,7442185000,206373665,12.69
31/10/2019,1356130,14638600000,10.8(0.93 %),1505720,16254170000,149590,1615570000,205235438,12.95
01/11/2019,39910,435500000,10.9(0.93 %),306720,3331060000,266810,2895560000,205857718,12.91
04/11/2019,143750,1571090000,10.9(0.00 %),144060,1574520000,310,3430000,206408208,12.88
05/11/2019,282930,3084380000,10.95(0.46 %),282930,3084380000,0,0,206274871,12.89
06/11/2019,727310,7980900000,11(0.46 %),781400,8571585500,54090,590685500,204985448,12.76
07/11/2019,709730,7746430000,10.9(-0.91 %),738340,8059540000,28610,313110000,205022251,12.96
08/11/2019,626870,6827758000,10.85(-0.46 %),667530,7270952000,40660,443194000,203853848,12.82
11/11/2019,-32460,-348520000,10.8(-0.46 %),157980,1711240000,190440,2059760000,205003831,12.96
12/11/2019,-66000,-746860000,10.75(-0.46 %),164000,1771640000,230000,2518500000,204868441,12.96
13/11/2019,84570,913612000,10.8(0.47 %),84640,914368000,70,756000,203662738,12.83
14/11/2019,-14040,-153660500,10.7(-0.93 %),140470,1508724000,154510,1662384500,203676778,12.83
15/11/2019,30980,330250000,10.7(0.00 %),60420,645850000,29440,315600000,205019018,12.96
18/11/2019,-32760,-351109500,10.6(-0.93 %),7580,81101000,40340,432210500,203678558,12.83
19/11/2019,-469100,-4971710000,10.6(0.00 %),42400,449460000,511500,5421170000,205128861,12.95
20/11/2019,-304410,-3179410000,10.4(-1.89 %),24640,258090000,329050,3437500000,205071711,12.95
21/11/2019,-731180,-7496130000,10.2(-1.92 %),127480,1304790000,858660,8800920000,204984571,12.96
22/11/2019,-611120,-6277130000,10.25(0.49 %),101100,1033880000,712220,7311010000,205394971,12.94
25/11/2019,-601090,-6125429000,10.15(-0.98 %),0,0,601090,6125429000,206395458,12.69
26/11/2019,-1553310,-15745540000,10.15(0.00 %),25480,257760000,1578790,16003300000,206554847,12.87
27/11/2019,-1223910,-12434762500,10.1(-0.49 %),0,0,1223910,12434762500,209172678,12.54
28/11/2019,-730300,-7380429500,10.1(0.00 %),300,3045000,730600,7383474500,209902978,12.5
29/11/2019,-535280,-5417396000,10.1(0.00 %),3270,33027000,538550,5450423000,210438258,12.47
02/12/2019,-711870,-7155090000,10(-0.99 %),10050,101010000,721920,7256100000,210657237,12.65
03/12/2019,-1072510,-10654074500,9.75(-2.50 %),2920,29183000,1075430,10683257500,211739797,12.4
04/12/2019,23120,233480000,10.1(3.59 %),23420,236440000,300,2960000,211900047,12.59
05/12/2019,-10200,-102610000,10.05(-0.50 %),1500,15100000,11700,117710000,212623087,12.55
06/12/2019,-785980,-7884114500,10(-0.50 %),7650,76824000,793630,7960938500,212512857,12.36
09/12/2019,-705930,-7044426900,9.95(-0.50 %),7650,76154100,713580,7120581000,213218787,12.32
10/12/2019,-14040,-136440800,10.05(1.01 %),46870,470436600,60910,606877400,213232827,12.32
11/12/2019,-204540,-2042800000,10.05(0.00 %),49210,494240000,253750,2537040000,214395387,12.45
12/12/2019,-231800,-2326550000,10.1(0.50 %),15010,151320000,246810,2477870000,215093957,12.41
13/12/2019,-258920,-2614860000,10.05(-0.50 %),28080,283640000,287000,2898500000,215126787,12.41
16/12/2019,-303180,-3044740000,10.05(0.00 %),315670,3172770000,618850,6217510000,215360327,12.4
17/12/2019,-350120,-3518706000,10.05(0.00 %),415780,4178589000,765900,7697295000,214581387,12.25
18/12/2019,-924170,-9216410000,9.94(-1.09 %),432010,4298700000,1356180,13515110000,215840578,12.37
19/12/2019,-921480,-9171650000,9.93(-0.10 %),432570,4297420000,1354050,13469070000,216063968,12.36
20/12/2019,313030,3128570000,10(0.70 %),320610,3204370000,7580,75800000,216121878,12.36
23/12/2019,19280,197548000,10.2(2.00 %),42470,433767000,23190,236219000,216094727,12.17
24/12/2019,43310,440490000,10.1(-0.98 %),44960,457190000,1650,16700000,218050688,12.25
25/12/2019,0,0,10.1(0.00 %),0,0,0,0,218058268,12.25
26/12/2019,490,4930000,10.1(0.00 %),490,4930000,0,0,218080968,12.25
27/12/2019,409400,4143270000,10.15(0.50 %),420630,4257250000,11230,113980000,217661988,12.28
30/12/2019,66430,679180000,10.1(-0.49 %),99660,1016400000,33230,337220000,217562328,12.28
31/12/2019,5990,61925000,10.05(-0.50 %),20600,208977500,14610,147052500,215592227,12.2
02/01/2020,81260,828210000,10.2(1.49 %),94560,963220000,13300,135010000,217458398,12.29
03/01/2020,329270,3359060000,10.2(0.00 %),329270,3359060000,0,0,217162358,12.3
06/01/2020,22800,230550000,10.05(-1.47 %),24800,250850000,2000,20300000,217152167,12.3
07/01/2020,276320,2796600000,10.15(1.00 %),465800,4705520000,189480,1908920000,216720317,12.33
08/01/2020,-79790,-796840000,9.98(-1.67 %),71330,713140000,151120,1509980000,216665507,12.33
09/01/2020,41830,424110000,10.15(1.70 %),57300,580610000,15470,156500000,216630857,12.33
10/01/2020,686940,7143397000,10.5(3.45 %),712960,7411453000,26020,268056000,216275588,12.16
13/01/2020,160200,1673920000,10.4(-0.95 %),172190,1798770000,11990,124850000,216098697,12.36
14/01/2020,-245220,-2540610000,10.3(-0.96 %),58270,606620000,303490,3147230000,216055897,12.36
15/01/2020,-426790,-4378818000,10.25(-0.49 %),28210,289748500,455000,4668566500,216787398,12.14
16/01/2020,-1885270,-19666220000,10.4(1.46 %),80000,834160000,1965270,20500380000,215985697,12.37
17/01/2020,-351700,-3647780000,10.6(1.92 %),641420,6730850000,993120,10378630000,215672549,12.38
20/01/2020,529370,5613510000,10.7(0.94 %),536070,5684390000,6700,70880000,215603873,12.39
21/01/2020,527530,5747900000,10.9(1.87 %),557530,6073800000,30000,325900000,217032263,12.31
22/01/2020,658330,7138660000,10.9(0.00 %),665090,7211670000,6760,73010000,217360293,12.29
30/01/2020,116950,1187042500,10.35(-5.05 %),612520,6446091500,495570,5259049000,216256983,12.16
31/01/2020,123320,1275710000,10.2(-1.45 %),149860,1551080000,26540,275370000,216647003,12.33
03/02/2020,251000,2520405900,10.25(0.49 %),277920,2788003300,26920,267597400,216653763,12.14
04/02/2020,-1334320,-13599560000,10.2(-0.49 %),48230,491600000,1382550,14091160000,216823183,12.32
05/02/2020,522570,5388250000,10.25(0.49 %),586190,6045370000,63620,657120000,216263533,12.35
06/02/2020,1271180,13763680000,10.95(6.83 %),1592180,17273130000,321000,3509450000,214718723,12.43
07/02/2020,249460,2780020000,11.15(1.83 %),697170,7809890000,447710,5029870000,215432733,12.4
10/02/2020,672740,7408110000,10.95(-1.79 %),681540,7505090000,8800,96980000,214835263,12.43
11/02/2020,463690,5188630000,11.35(3.65 %),463700,5188740000,10,110000,214692563,12.44
12/02/2020,231600,2706230000,11.55(1.76 %),766980,8893030000,535380,6186800000,214418283,12.45
13/02/2020,-320830,-3677447500,11.5(-0.43 %),238010,2729054000,558840,6406501500,214897673,12.24
14/02/2020,705320,8207754500,11.6(0.87 %),893040,10396027500,187720,2188273000,214192353,12.27
17/02/2020,161060,1883090000,11.65(0.43 %),219540,2568120000,58480,685030000,213681413,12.49
18/02/2020,-41370,-485083000,11.55(-0.86 %),215940,2499242000,257310,2984325000,214072663,12.28
19/02/2020,381320,4340160000,11.4(-1.30 %),385320,4385760000,4000,45600000,213847163,12.48
20/02/2020,-550090,-6203640000,11.3(-0.88 %),249850,2838390000,799940,9042030000,213672153,12.49
21/02/2020,164720,1871890000,11.3(0.00 %),293760,3342620000,129040,1470730000,213652071,12.49
24/02/2020,564040,6182170000,10.85(-3.98 %),616590,6755470000,52550,573300000,213039482,12.52
25/02/2020,83550,936459000,11.15(2.76 %),145330,1601500500,61780,665041500,213429123,12.31
26/02/2020,-36690,-416810000,11.2(0.45 %),137160,1531530000,173850,1948340000,213685972,12.49
27/02/2020,239920,2723993500,11.65(4.02 %),388260,4425357000,148340,1701363500,213225893,12.32
28/02/2020,-221850,-2568350000,11.6(-0.43 %),187100,2169700000,408950,4738050000,213790302,12.48
02/03/2020,-1919030,-23419733000,12.35(6.47 %),370490,4530979500,2289520,27950712500,213593662,12.3
03/03/2020,-1882370,-23252630000,12.25(-0.81 %),483020,6004800000,2365390,29257430000,213258982,12.51
04/03/2020,-898650,-11182922000,12.5(2.04 %),335030,4161765500,1233680,15344687500,216374682,12.16
05/03/2020,-1042820,-13127180000,12.2(-2.40 %),710890,8882380000,1753710,22009560000,214911532,12.42
06/03/2020,-1545450,-18827351500,12.25(0.41 %),322800,3961545000,1868250,22788896500,218962952,12.02
09/03/2020,625710,7138514500,11.4(-6.94 %),728050,8305434500,102340,1166920000,218337242,12.05
10/03/2020,553540,6255350000,11.4(0.00 %),1087430,12254250000,533890,5998900000,218126027,12.25
11/03/2020,-35080,-373602000,10.65(-6.58 %),339600,3616740000,374680,3990342000,217818782,12.08
12/03/2020,231390,2302330500,9.95(-6.57 %),842150,8379392500,610760,6077062000,217587392,12.09
13/03/2020,36890,253230300,10.4(4.52 %),685290,6878443500,648400,6625213200,217550502,12.09
16/03/2020,-154350,-1583480000,9.99(-3.94 %),122190,1258800000,276540,2842280000,218995507,12.2
17/03/2020,-1412300,-13948350000,10.2(2.10 %),133420,1338480000,1545720,15286830000,219472847,12.18
18/03/2020,-656250,-6700367500,10(-1.96 %),38030,386386000,694280,7086753500,219773402,11.98
19/03/2020,-122590,-1188970000,9.75(-2.50 %),150060,1472670000,272650,2661640000,220168797,12.14
20/03/2020,-37100,-358310000,9.8(0.51 %),332940,3270560000,370040,3628870000,221381577,12.08
23/03/2020,-227380,-2075300000,9.12(-6.94 %),30820,282110000,258200,2357410000,222045037,12.04
24/03/2020,-360520,-3241843300,8.8(-3.51 %),112420,1011830500,472940,4253673800,221054652,11.91
25/03/2020,-1719420,-15731306800,9.11(3.52 %),618610,5621655600,2338030,21352962400,222774072,11.82
26/03/2020,-74940,-646781300,8.7(-4.50 %),103760,937344400,178700,1584125700,222849012,11.81
27/03/2020,-2622680,-22289221600,8.21(-5.63 %),90440,778089800,2713120,23067311400,225471692,11.67
30/03/2020,-1478350,-11328410000,7.64(-6.94 %),803790,6164160900,2282140,17492570900,226950042,11.6
31/03/2020,-2827510,-20957750000,7.3(-4.45 %),451500,3385810000,3279010,24343560000,223755077,11.95
01/04/2020,162510,1198407200,7.81(6.99 %),451220,3439279700,288710,2240872500,226468197,11.62
03/04/2020,-918490,-7684210000,8.35(6.91 %),358470,2966510000,1276960,10650720000,227940647,11.72
06/04/2020,-1338020,-11937510000,8.93(6.95 %),484740,4317190000,1822760,16254700000,230734917,11.57
07/04/2020,-1322710,-12142477800,9.18(2.80 %),475520,4365273600,1798230,16507751400,230047417,11.43
08/04/2020,238790,2202953100,9.28(1.09 %),256160,2359971500,17370,157018400,229808627,11.44
09/04/2020,-1151410,-10708640000,9.19(-0.97 %),234670,2195130000,1386080,12903770000,233099737,11.44
10/04/2020,-1734160,-15649850000,9.01(-1.96 %),443300,4040950000,2177460,19690800000,234454667,11.37
13/04/2020,-1759240,-16043830000,9.04(0.33 %),536730,4901920000,2295970,20945750000,233914857,11.4
14/04/2020,-1116000,-10045910000,9.16(1.33 %),282710,2570100000,1398710,12616010000,235018227,11.34
15/04/2020,666110,6363717100,9.7(5.90 %),774110,7400287100,108000,1036570000,234903327,11.17
16/04/2020,-383850,-3735199900,9.72(0.21 %),347260,3399182700,731110,7134382600,235287177,11.15
17/04/2020,-2451140,-23919093900,9.73(0.10 %),35740,350372900,2486880,24269466800,237738317,11.02
20/04/2020,-2134890,-20537990000,9.55(-1.85 %),57880,559430000,2192770,21097420000,239783383,11.08
21/04/2020,-3633640,-33081774700,8.99(-5.86 %),78710,732133500,3712350,33813908200,243506847,10.72
22/04/2020,-3451140,-31242521900,9.17(2.00 %),415870,3792227000,3867010,35034748900,246957987,10.53
23/04/2020,-1320520,-12131120000,9.15(-0.22 %),59730,548180000,1380250,12679300000,244656192,10.82
24/04/2020,-2487570,-22657140000,9.1(-0.55 %),39470,359340000,2527040,23016480000,248329072,10.62
27/04/2020,-4141780,-37391064300,8.99(-1.21 %),99180,905702100,4240960,38296766400,254907857,10.11
28/04/2020,-2190120,-19653590000,8.98(-0.11 %),100900,911270000,2291020,20564860000,253355809,10.35
29/04/2020,63000,578740000,9.1(1.34 %),289090,2637730000,226090,2058990000,255593759,10.23
04/05/2020,-1709160,-15409230000,8.98(-1.32 %),15190,136430000,1724350,15545660000,259819529,10.01
05/05/2020,-2510870,-22519140700,8.97(-0.11 %),16840,151364000,2527710,22670504700,262345589,9.72
06/05/2020,-4519130,-40619620000,9.14(1.90 %),108420,985740000,4627550,41605360000,262211379,9.88
07/05/2020,-1550030,-14397800000,9.34(2.19 %),228450,2124130000,1778480,16521930000,263707279,9.8
08/05/2020,-1011420,-9653170000,9.52(1.93 %),736680,7069810000,1748100,16722980000,265658019,9.69
11/05/2020,90180,529453860,9.69(1.79 %),215050,1734574230,124870,1205120370,269335989,9.35
12/05/2020,51650,505130000,9.7(0.10 %),187300,1816060000,135650,1310930000,271708739,9.36
13/05/2020,197840,1949800000,9.96(2.68 %),267530,2636950900,69690,687150900,269086499,9.36
14/05/2020,580210,5815759500,10.05(0.90 %),731690,7345436200,151480,1529676700,268506289,9.39
15/05/2020,-266370,-2644272400,9.8(-2.49 %),23720,234393900,290090,2878666300,268772659,9.38
18/05/2020,-1040040,-10119670000,9.73(-0.71 %),379820,3697540000,1419860,13817210000,272287299,9.33
19/05/2020,198580,1998990000,9.9(1.75 %),461600,4606520000,263020,2607530000,271977179,9.35
20/05/2020,-762700,-7950753900,10.4(5.05 %),737300,7598391600,1500000,15549145500,270376819,9.29
21/05/2020,-227430,-2371687500,10.5(0.96 %),50870,531900000,278300,2903587500,270604249,9.28
22/05/2020,-410770,-4228460000,10.2(-2.86 %),57300,594050000,468070,4822510000,273155639,9.29
25/05/2020,-118180,-1210347000,10.25(0.49 %),159020,1641331000,277200,2851678000,271133199,9.25
26/05/2020,3850,41600000,10.4(1.46 %),117110,1214540000,113260,1172940000,274697009,9.2
27/05/2020,-135530,-1344550000,10.1(-2.88 %),168120,1749190000,303650,3093740000,274996959,9.19
28/05/2020,540220,5604497000,10.3(1.98 %),840620,8712136000,300400,3107639000,270724659,9.27
29/05/2020,6330,68470000,10.3(0.00 %),159950,1651460000,153620,1582990000,274292769,9.23
01/06/2020,421320,4412080000,10.75(4.37 %),599280,6312180000,177960,1900100000,273957939,9.24
02/06/2020,-448150,-4728691500,10.5(-2.33 %),134420,1447955500,582570,6176647000,275005369,9.05
03/06/2020,69670,737790000,10.65(1.43 %),131700,1395310000,62030,657520000,274114479,9.24
04/06/2020,-44120,-474553000,10.6(-0.47 %),84380,903749000,128500,1378302000,274979819,9.05
05/06/2020,0,0,10.55(-0.47 %),0,0,0,0,274979819,9.05
08/06/2020,470520,5057010000,10.7(1.42 %),498200,5354970000,27680,297960000,274079389,9.24
09/06/2020,288270,3113540000,10.75(0.47 %),326380,3523800000,38110,410260000,273822709,9.25
10/06/2020,526930,5455390000,11.5(6.98 %),2262960,25200410000,1736030,19745020000,273982369,9.1
11/06/2020,-1090630,-12892420000,11.05(-3.91 %),1866240,22502210000,2956870,35394630000,269876239,9.46
12/06/2020,-585960,-6839020000,11.8(6.79 %),865660,10000080000,1451620,16839100000,269048689,9.51
15/06/2020,-2258420,-27569267500,12.05(2.12 %),162300,1967440000,2420720,29536707500,277917379,8.89
16/06/2020,-1853190,-22460550000,11.9(-1.24 %),3920,48220000,1857110,22508770000,273547929,9.27
17/06/2020,-135410,-1736156190,11.6(-2.52 %),33390,248425410,168800,1984581600,279905979,8.79
18/06/2020,-724680,-8314863500,11.4(-1.72 %),531400,6105964000,1256080,14420827500,280630659,8.75
19/06/2020,140440,1409113500,11.9(4.39 %),717920,8268055500,577480,6858942000,280490219,8.76
22/06/2020,-72820,-863510000,11.7(-1.68 %),58540,690290000,131360,1553800000,278089109,9.02
23/06/2020,39000,464890000,11.55(-1.28 %),112200,1313700000,73200,848810000,279232989,8.96
24/06/2020,-30590,-336709500,11.2(-3.03 %),117890,1355645000,148480,1692354500,280554629,8.75
25/06/2020,656600,7391080000,11.45(2.23 %),781790,8799020000,125190,1407940000,279083589,8.97
26/06/2020,58860,679630500,11.3(-1.31 %),211610,2419504000,152750,1739873500,279839169,8.79
29/06/2020,38854,679630500,10.95(-3.10 %),211610,2419504000,172756,1739873500,279800315,8.79
30/06/2020,-56730,-569920000,10.75(-1.83 %),251160,2788410000,307890,3358330000,278703219,8.99
01/07/2020,666960,7403580000,11.2(4.19 %),801010,8858550000,134050,1454970000,278035359,9.02
02/07/2020,-171660,-1894380000,11.05(-1.34 %),63310,705300000,234970,2599680000,278003525,9.03
03/07/2020,-123400,-1362850000,11(-0.45 %),55080,612150000,178480,1975000000,278240642,9.01
06/07/2020,37770,456490000,11.55(5.00 %),220280,2528540000,182510,2072050000,278154421,9.02
07/07/2020,-376520,-4339100000,11.45(-0.87 %),11060,126980000,387580,4466080000,278350891,9.01
08/07/2020,-202640,-2337495500,11.5(0.44 %),8440,97633500,211080,2435129000,279672819,8.8
09/07/2020,-50640,-595370000,11.8(2.61 %),32800,385070000,83440,980440000,278639001,8.99
10/07/2020,117950,1365652000,11.55(-2.12 %),171760,1992612000,53810,626960000,279605509,8.8
13/07/2020,-997110,-11537960000,11.45(-0.87 %),150700,1742360000,1147810,13280320000,278895601,8.98
14/07/2020,25080,278430000,11.55(0.87 %),125080,1433430000,100000,1155000000,278881401,8.98
15/07/2020,526800,6112161000,11.55(0.00 %),551060,6392364000,24260,280203000,280050739,8.78
16/07/2020,105000,1213500000,11.6(0.43 %),105000,1213500000,0,0,279945739,8.79
17/07/2020,157290,1832822000,11.6(0.00 %),295050,3426335000,137760,1593513000,279788449,8.79
20/07/2020,-1234720,-14277190000,11.45(-1.29 %),3500,40300000,1238220,14317490000,279330819,8.95
21/07/2020,828800,9549359500,11.5(0.44 %),850650,9799707000,21850,250347500,280194369,8.77
22/07/2020,-16660,-187450000,11.3(-1.74 %),15000,172500000,31660,359950000,278602929,8.99
23/07/2020,-104260,-1168564000,11.25(-0.44 %),38200,429971000,142460,1598535000,280315289,8.77
24/07/2020,1803890,19584280000,10.9(-3.11 %),2081250,22607150000,277360,3022870000,277743549,9.04
27/07/2020,979910,10164500000,10.15(-6.88 %),1325990,13681330000,346080,3516830000,276488419,9.11
28/07/2020,1093540,11377720000,10.55(3.94 %),1221020,12710790000,127480,1333070000,275415719,9.16
29/07/2020,-142090,-1429530000,10.15(-3.79 %),116200,1181880000,258290,2611410000,275576879,9.16
30/07/2020,-142090,-1429527000,10.2(0.49 %),116200,1181878500,258290,2611405500,276722129,8.96
31/07/2020,304500,3091807100,10.1(-0.98 %),386000,3919481500,81500,827674400,276417629,8.97
03/08/2020,897500,9292390000,10.35(2.48 %),897500,9292390000,0,0,275016419,9.19
04/08/2020,758900,7898740000,10.5(1.45 %),1000000,10409500000,241100,2510760000,274152469,9.23
05/08/2020,546700,5779180000,10.65(1.43 %),596700,6306680000,50000,527500000,273637256,9.26
06/08/2020,340230,3586860000,10.5(-1.41 %),600100,6332120000,259870,2745260000,273037156,9.29
07/08/2020,654840,6837240000,10.45(-0.48 %),768500,8028510000,113660,1191270000,272487556,9.32
10/08/2020,513550,5485737000,10.6(1.44 %),601800,6417445000,88250,931708000,273099699,9.15
11/08/2020,-74900,-792520000,10.65(0.47 %),60150,639120000,135050,1431640000,272116976,9.34
12/08/2020,-48830,-519360000,10.75(0.94 %),178600,1906790000,227430,2426150000,272052036,9.35
13/08/2020,100060,1087399500,10.85(0.93 %),223530,2418695500,123470,1331296000,273123369,9.15
14/08/2020,-173020,-1845662000,10.7(-1.38 %),424700,4575242500,597720,6420904500,273296389,9.14
17/08/2020,115990,1234640000,10.65(-0.47 %),184490,1961665000,68500,727025000,273180399,9.14
18/08/2020,-29710,-311392500,10.75(0.94 %),122390,1312927500,152100,1624320000,273210109,9.14
19/08/2020,465820,5009599500,10.8(0.47 %),499120,5367574500,33300,357975000,272744289,9.17
20/08/2020,94560,1023761000,10.65(-1.39 %),279770,3000768500,185210,1977007500,272649729,9.17
21/08/2020,415830,4561741500,11.05(3.76 %),512650,5611597500,96820,1049856000,272233899,9.19
24/08/2020,164520,1849627000,11.3(2.26 %),424920,4797547000,260400,2947920000,272069379,9.2
25/08/2020,443740,5014300000,11.25(-0.44 %),522610,5905530000,78870,891230000,270661286,9.42
26/08/2020,223020,2499560000,11.2(-0.44 %),223020,2499560000,0,0,270638686,9.42
27/08/2020,106640,1198610000,11.3(0.89 %),197340,2218990000,90700,1020380000,270775746,9.41
28/08/2020,-80660,-901997000,11.35(0.44 %),422540,4813833000,503200,5715830000,271376639,9.24
31/08/2020,-446440,-5053933000,11.2(-1.32 %),908050,10323405500,1354490,15377338500,271823079,9.22
01/09/2020,355620,4014646000,11.3(0.89 %),403330,4550583000,47710,535937000,269603626,9.33
03/09/2020,427680,4864084500,11.4(0.88 %),752830,8567770500,325150,3703686000,269175946,9.36
04/09/2020,45640,520410000,11.3(-0.88 %),638060,7205970000,592420,6685560000,269667096,9.47
07/09/2020,308050,3473029500,11.2(-0.88 %),380080,4283027000,72030,809997500,268822256,9.38
08/09/2020,211270,2368610000,11.25(0.45 %),267670,2997900000,56400,629290000,269409197,9.49
09/09/2020,-35010,-389838000,11.3(0.44 %),328190,3677342000,363200,4067180000,268645996,9.38
10/09/2020,-249080,-2812430000,11.2(-0.88 %),45490,513990000,294570,3326420000,269699967,9.47
11/09/2020,-71710,-802332000,11.15(-0.45 %),50400,564005000,122110,1366337000,268966786,9.37
14/09/2020,-225710,-2555600000,11.3(1.35 %),94890,1065120000,320600,3620720000,269976483,9.46
15/09/2020,-1960570,-22344760000,11.6(2.65 %),67330,785130000,2027900,23129890000,270185223,9.45
16/09/2020,-488960,-5683080000,11.55(-0.43 %),209100,2444020000,698060,8127100000,270098233,9.45
17/09/2020,-433070,-5023083500,11.45(-0.87 %),154090,1782284500,587160,6805368000,272075096,9.2
18/09/2020,17120,208227500,11.65(1.75 %),353640,4105176000,336520,3896948500,272057976,9.2
21/09/2020,-563370,-6717420000,11.75(0.86 %),446100,5291550000,1009470,12008970000,272150265,9.34
22/09/2020,-323460,-4010007500,12.55(6.81 %),454190,5574054000,777650,9584061500,272944806,9.16
23/09/2020,-674060,-8747363000,12.65(0.80 %),85780,1107616500,759840,9854979500,273618866,9.12
24/09/2020,133710,1716224000,12.45(-1.58 %),455310,5732904000,321600,4016680000,273485156,9.13
25/09/2020,-57600,-1063740000,13.3(6.83 %),858500,11044960000,916100,12108700000,272995285,9.3
28/09/2020,-587070,-8182120000,13.8(3.76 %),251510,3486300000,838580,11668420000,273503615,9.27
29/09/2020,271120,3732480000,13.3(-3.62 %),620900,8478800000,349780,4746320000,273204315,9.28
30/09/2020,713330,9518410000,13.8(3.76 %),911530,12207980000,198200,2689570000,273211625,9.28
01/10/2020,-158370,-2176660000,13.75(-0.36 %),198860,2753070000,357230,4929730000,273851345,9.25
02/10/2020,-103220,-1327550000,13.45(-2.18 %),319820,4387840000,423040,5715390000,273881305,9.25
05/10/2020,1044720,14248000000,13.7(1.86 %),1069240,14581800000,24520,333800000,273010265,9.29
06/10/2020,107120,1661170000,14.2(3.65 %),552590,7843780000,445470,6182610000,272814905,9.31
07/10/2020,112560,1628570000,13.7(-3.52 %),443460,6267370000,330900,4638800000,272794485,9.31
08/10/2020,-87440,-1197030000,13.55(-1.09 %),87320,1184870000,174760,2381900000,272726205,9.31
09/10/2020,713620,9741251500,13.55(0.00 %),796880,10869731500,83260,1128480000,272262845,9.19
12/10/2020,-280110,-3776380000,13.3(-1.85 %),95700,1294350000,375810,5070730000,272609995,9.32
13/10/2020,632540,8523139000,13.45(1.13 %),681250,9176397000,48710,653258000,271910415,9.21
14/10/2020,-370090,-4990764500,13.5(0.37 %),23380,316351500,393470,5307116000,272280505,9.19
15/10/2020,134190,1907928000,13.85(2.59 %),725990,10048018000,591800,8140090000,272146315,9.2
16/10/2020,-326400,-4504761000,13.75(-0.72 %),1210,16668000,327610,4521429000,272472715,9.18
19/10/2020,124660,1818820000,14.1(2.55 %),317660,4493060000,193000,2674240000,271943896,9.35
20/10/2020,514630,7319582500,14.2(0.71 %),541400,7701428500,26770,381846000,271833425,9.22
21/10/2020,155090,2280410000,14.4(1.41 %),420880,6164730000,265790,3884320000,271882526,9.36
22/10/2020,-19530,-245770000,14.6(1.39 %),641120,9261270000,660650,9507040000,271420706,9.38
23/10/2020,35650,525295500,14.55(-0.34 %),21585366,315142615600,21549716,314617320100,271662215,9.22
26/10/2020,333540,4840418500,14.1(-3.09 %),444660,6453603000,111120,1613184500,271328675,9.24
27/10/2020,-1286820,-17507350000,13.3(-5.67 %),609850,8351520000,1896670,25858870000,271085076,9.4
28/10/2020,-26150,-355120000,13.1(-1.50 %),448570,6003760000,474720,6358880000,270806806,9.41
29/10/2020,1438530,19174786000,13.5(3.05 %),1495310,19924233000,56780,749447000,271203115,9.25
30/10/2020,-404280,-5341170000,13.3(-1.48 %),212880,2825620000,617160,8166790000,271133786,9.4
02/11/2020,-155590,-2073980000,13.45(1.13 %),66150,884250000,221740,2958230000,271542356,9.37
03/11/2020,-418220,-5644622000,13.6(1.12 %),266450,3615219000,684670,9259841000,272026726,9.21
04/11/2020,-301130,-4134320000,13.65(0.37 %),14960,205700000,316090,4340020000,272200086,9.34
05/11/2020,-249230,-3371951000,13.35(-2.20 %),216300,2956073000,465530,6328024000,272577086,9.18
06/11/2020,58230,776162500,13.35(0.00 %),179570,2392890500,121340,1616728000,272518856,9.18
09/11/2020,347100,4717639000,13.7(2.62 %),347300,4720334000,200,2695000,272171756,9.2
10/11/2020,-59100,-796850000,13.6(-0.73 %),200590,2760820000,259690,3557670000,272929751,9.3
11/11/2020,-13390,-177670000,13.6(0.00 %),40590,553820000,53980,731490000,273010501,9.29
12/11/2020,-292170,-3987949500,13.7(0.74 %),24880,340784500,317050,4328734000,272536416,9.18
13/11/2020,-59380,-822630000,13.9(1.46 %),128230,1786770000,187610,2609400000,273117281,9.29
16/11/2020,15110,238330000,13.65(-1.80 %),267510,3718650000,252400,3480320000,272903757,9.3
17/11/2020,367980,5071586000,13.85(1.47 %),412830,5686033500,44850,614447500,272212706,9.2
18/11/2020,-1237860,-17606580000,14.2(2.53 %),212610,3026940000,1450470,20633520000,272830427,9.3
19/11/2020,-35130,-490153500,14.2(0.00 %),210950,2999983500,246080,3490137000,273485696,9.13
20/11/2020,-20210,-294948000,14.15(-0.35 %),176860,2500400000,197070,2795348000,273505906,9.13
23/11/2020,360580,5239890000,14.6(3.18 %),457880,6653140000,97300,1413250000,273808491,9.25
24/11/2020,-326770,-4691280000,14.5(-0.68 %),107450,1551190000,434220,6242470000,273947121,9.24
25/11/2020,-516500,-7481770000,14.35(-1.03 %),70350,1018840000,586850,8500610000,274092091,9.24
26/11/2020,-176540,-2561940000,14.5(1.05 %),96610,1400600000,273150,3962540000,274107381,9.24
27/11/2020,-63820,-922970000,14.5(0.00 %),208880,3020020000,272700,3942990000,274332721,9.22
30/11/2020,33730,527775500,14.65(1.03 %),595220,8826085000,561490,8298309500,274298991,9.08
01/12/2020,116702,17399830000,15.45(5.46 %),152777,22875460000,36075,5475630000,273069731,9.29
02/12/2020,-5393,-822220000,15.4(-0.32 %),37763,5831320000,43156,6653540000,272966981,9.3
03/12/2020,-313260,-4872810000,15.65(1.62 %),332940,5237050000,646200,10109860000,273195531,9.28
04/12/2020,53810,838103500,15.6(-0.32 %),341210,5363034500,287400,4524931000,274910881,9.05
07/12/2020,485860,7604870000,15.55(-0.32 %),554340,8675010000,68480,1070140000,273054153,9.29
08/12/2020,196890,3101980000,15.85(1.93 %),468330,7356710000,271440,4254730000,273232023,9.28
09/12/2020,36845,5926460000,15.9(0.32 %),91759,14719020000,54914,8792560000,272576283,9.32
10/12/2020,-241210,-3743343500,15.55(-2.20 %),276320,4359484000,517530,8102827500,274100891,9.1
11/12/2020,1770410,27756210000,15.8(1.61 %),1833560,28746290000,63150,990080000,270788073,9.41
14/12/2020,53711,8573190000,15.95(0.95 %),64386,10275190000,10675,1702000000,270693353,9.42
15/12/2020,-424030,-6713790000,15.95(0.00 %),194650,3107227500,618680,9821017500,272217401,9.2
16/12/2020,-247970,-4036610000,16.6(4.08 %),537950,8934360000,785920,12970970000,270541433,9.43
17/12/2020,60324,10186190000,16.6(0.00 %),97327,16326190000,37003,6140000000,269638793,9.48
18/12/2020,937700,15943582000,17(2.41 %),1435620,24377278000,497920,8433696000,270924431,9.26
21/12/2020,208510,3538480000,17(0.00 %),754670,12918745500,546160,9380265500,270720921,9.27
22/12/2020,380930,6575990000,17.15(0.88 %),410550,7088400000,29620,512410000,269009454,9.51
23/12/2020,2530,47660500,16.7(-2.62 %),739820,12698292500,737290,12650632000,270337461,9.29
24/12/2020,315610,5048327000,16.5(-1.20 %),1283720,20962759000,968110,15914432000,270021851,9.31
25/12/2020,42942,7196020000,16.95(2.73 %),61973,10324540000,19031,3128520000,267385021,9.6
28/12/2020,35364,5996620000,16.75(-1.18 %),61649,10400770000,26285,4404150000,267505829,9.59
29/12/2020,-232810,-3898250000,16.7(-0.30 %),399100,6679419000,631910,10577669000,269471601,9.34
30/12/2020,87470,2534234430,16.8(0.60 %),875100,14937081900,787630,12402847470,269384131,9.35
31/12/2020,33011,5611030000,16.9(0.60 %),80532,13629960000,47521,8018930000,266847559,9.63
04/01/2021,-40200,-598245000,17.55(3.85 %),634500,10944985000,674700,11543230000,266844969,9.48
05/01/2021,7380,1332970000,17.7(0.85 %),50060,8922700000,42680,7589730000,267131999,9.61
06/01/2021,712300,12911215000,18(1.69 %),1254700,22689520000,542400,9778305000,266058869,9.52
07/01/2021,-50310,-9058610000,18.45(2.50 %),69090,12513340000,119400,21571950000,266336309,9.65
08/01/2021,-23470,-4483690000,19.4(5.15 %),102200,19491330000,125670,23975020000,265741109,9.69
11/01/2021,-728100,-14550925000,20.1(3.61 %),366000,7377660000,1094100,21928585000,267524769,9.44
12/01/2021,191500,3776895000,19.8(-1.49 %),404700,8008440000,213200,4231545000,267333269,9.45
13/01/2021,-1402300,-27722720000,19.5(-1.52 %),49100,974945000,1451400,28697665000,268735569,9.38
14/01/2021,81830,15973880000,20.1(3.08 %),83870,16374740000,2040,400860000,268365236,9.54
15/01/2021,150940,32146380000,21.1(4.98 %),172230,36672870000,21290,4526490000,266856136,9.63
18/01/2021,-44430,-9931220000,20.6(-2.37 %),115950,23752460000,160380,33683680000,267148036,9.61
19/01/2021,-55710,-11237420000,19.2(-6.80 %),45290,9025690000,101000,20263110000,266715501,9.63
20/01/2021,245200,45878030000,19(-1.04 %),357020,67093260000,111820,21215230000,263358209,9.81
21/01/2021,1064200,20622140000,20(5.26 %),1344500,26091585000,280300,5469445000,263893069,9.64
22/01/2021,-12980,-2444440000,19.95(-0.25 %),147050,29402590000,160030,31847030000,263300111,9.82
25/01/2021,-918400,-17997145000,19.35(-3.01 %),242700,4797505000,1161100,22794650000,264941269,9.58
26/01/2021,575100,10775890000,18.1(-6.46 %),1175400,21872235000,600300,11096345000,264366169,9.61
27/01/2021,1238000,22747310000,17.25(-4.70 %),2216300,40049185000,978300,17301875000,263128169,9.68
28/01/2021,2025300,33932140000,16.05(-6.96 %),3876000,63980280000,1850700,30048140000,261102869,9.78
29/01/2021,2764100,45510610000,16.9(5.30 %),3191500,52593660000,427400,7083050000,258338769,9.93
01/02/2021,-83890,-13760770000,16.1(-4.73 %),104720,17900270000,188610,31661040000,257609799,10.12
02/02/2021,620700,10193360000,17.15(6.52 %),1520000,25242965000,899300,15049605000,256989099,10.0
03/02/2021,-2262400,-39478790000,18(4.96 %),744200,13221035000,3006600,52699825000,259251499,9.88
04/02/2021,-234910,-41619760000,17.6(-2.22 %),25180,4492160000,260090,46111920000,259257999,10.04
05/02/2021,-16930,-2974510000,18.3(3.98 %),22260,4003360000,39190,6977870000,259934699,10.0
08/02/2021,-12930,-1909910000,17.4(-4.92 %),117840,21180240000,130770,23090150000,261582905,9.91
09/02/2021,1153800,20651570000,18.15(4.31 %),1286000,23027085000,132200,2375515000,260745399,9.8
17/02/2021,-657400,-12185095000,18.75(3.31 %),196300,3666315000,853700,15851410000,261402799,9.77
18/02/2021,-1365900,-25333120000,18.6(-0.80 %),252800,4706510000,1618700,30039630000,262768699,9.7
19/02/2021,-587100,-10927800000,18.7(0.54 %),318200,5934095000,905300,16861895000,263355799,9.67
22/02/2021,-114610,-21721810000,18.6(-0.53 %),16830,3136690000,131440,24858500000,264398045,9.76
23/02/2021,-84480,-15866460000,18.8(1.08 %),12260,2317960000,96740,18184420000,265714145,9.69
24/02/2021,-90920,-16937470000,18.35(-2.39 %),13800,2570190000,104720,19507660000,266373378,9.65
25/02/2021,-597400,-10937450000,18.5(0.82 %),334500,6167965000,931900,17105415000,266853299,9.48
26/02/2021,-374500,-6875045000,18.35(-0.81 %),231000,4258890000,605500,11133935000,267227799,9.46
01/03/2021,872600,16531940000,19.1(4.09 %),1040500,19687925000,167900,3155985000,268884878,9.37
02/03/2021,-23330,-4485970000,19.15(0.26 %),42970,8291300000,66300,12777270000,268292578,9.55
03/03/2021,-706900,-13508600000,19(-0.78 %),21500,410635000,728400,13919235000,269825078,9.32
04/03/2021,-67080,-12411810000,18.35(-3.42 %),12780,2456500000,79860,14868310000,268801478,9.52
05/03/2021,-34900,-604055000,18.7(1.91 %),267900,4953090000,302800,5557145000,270530778,9.28
08/03/2021,-539300,-10103090000,18.6(-0.53 %),176000,3321700000,715300,13424790000,271070078,9.26
09/03/2021,-152240,-27918280000,18.55(-0.27 %),14310,2658180000,166550,30576460000,270086658,9.45
10/03/2021,15090,2831690000,18.7(0.81 %),36130,6767850000,21040,3936160000,269848158,9.46
11/03/2021,635700,12171025000,19.3(3.21 %),807100,15439395000,171400,3268370000,271805878,9.22
12/03/2021,-294300,-5663845000,19.2(-0.52 %),38200,738015000,332500,6401860000,272100178,9.2
15/03/2021,-649100,-12345030000,18.9(-1.56 %),143900,2746280000,793000,15091310000,272749278,9.17
16/03/2021,-14030,-2593400000,18.9(0.00 %),27370,5191060000,41400,7784460000,271095938,9.4
17/03/2021,85100,1669460000,19.6(3.16 %),231900,4514610000,146800,2845150000,272804478,9.16
18/03/2021,-4770,-937260000,19.7(0.51 %),10700,2102960000,15470,3040220000,271709738,9.36
19/03/2021,-1951900,-38403415000,19.6(-0.51 %),46900,924995000,1998800,39328410000,274804078,9.06
22/03/2021,-169900,-3251440000,19.2(-2.04 %),660000,12765560000,829900,16017000000,274973978,9.05
23/03/2021,-64410,-12205320000,18.8(-2.08 %),54790,10422530000,119200,22627850000,270722148,9.42
24/03/2021,389800,7260205000,18.4(-2.13 %),754900,14069420000,365100,6809215000,275228278,9.04
25/03/2021,-285900,-5304255000,18.75(1.90 %),224700,4218715000,510600,9522970000,275514178,9.02
26/03/2021,-65340,-12101490000,18.95(1.07 %),39840,7535880000,105180,19637370000,273266743,9.28
29/03/2021,-247800,-4672860000,19.2(1.32 %),357100,6791980000,604900,11464840000,276415378,8.97
30/03/2021,362660,71175050000,20.5(6.77 %),412480,81091280000,49820,9916230000,269710543,9.47
31/03/2021,1629100,35055155000,21.45(4.63 %),2280600,49024955000,651500,13969800000,271159678,9.25
01/04/2021,314180,67330800000,21.6(0.70 %),378830,81222840000,64650,13892040000,265366826,9.71
02/04/2021,3138700,70450355000,22.6(4.63 %),3773800,84735100000,635100,14284745000,266016426,9.52
05/04/2021,209200,48280560000,23.15(2.43 %),277460,63971260000,68260,15690700000,259968126,10.0
06/04/2021,85730,19653510000,22.75(-1.73 %),136490,31235900000,50760,11582390000,259249726,10.04
07/04/2021,1032800,23159970000,22.3(-1.98 %),1515500,33995150000,482700,10835180000,262034326,9.74
08/04/2021,85520,19150580000,22.2(-0.45 %),95520,21393670000,10000,2243090000,258513526,10.08
09/04/2021,1764900,39748250000,22.7(2.25 %),1819300,40971170000,54400,1222920000,259414226,9.87
12/04/2021,408700,94703070000,23.45(3.30 %),448140,103826420000,39440,9123350000,253241833,10.36
13/04/2021,118100,27613870000,22.7(-3.20 %),181530,42188670000,63430,14574800000,251526609,10.45
14/04/2021,-337700,-7575325000,22.9(0.88 %),1049000,23800145000,1386700,31375470000,254483926,10.14
15/04/2021,201200,4724295000,22.35(-2.40 %),917000,20827855000,715800,16103560000,254282726,10.15
16/04/2021,-180300,-3921870000,22.1(-1.12 %),230600,5156540000,410900,9078410000,254463026,10.14
19/04/2021,1691100,38120585000,22.9(3.62 %),2106700,47478565000,415600,9357980000,252771926,10.23
20/04/2021,1240800,28255830000,22.5(-1.75 %),2223900,50689760000,983100,22433930000,251531126,10.29
22/04/2021,-1120500,-24855675000,21(-6.67 %),500900,11053325000,1621400,35909000000,252651626,10.23
23/04/2021,2459600,52828760000,22.45(6.90 %),3104400,66790025000,644800,13961265000,250192026,10.36
26/04/2021,1283600,29274155000,22.55(0.45 %),1926200,43890645000,642600,14616490000,248908426,10.43
27/04/2021,348200,79984670000,23.1(2.44 %),445540,102168510000,97340,22183840000,241477339,10.99
28/04/2021,5806100,139573720000,24.2(4.76 %),7053800,169614705000,1247700,30040985000,239620326,10.92
29/04/2021,1493400,36003205000,23.9(-1.24 %),1987200,47874900000,493800,11871695000,238126926,11.0
04/05/2021,389300,92749630000,24.1(0.84 %),432450,102882070000,43150,10132440000,230297039,11.6
05/05/2021,197250,48869010000,24.7(2.49 %),250380,61944030000,53130,13075020000,229004939,11.66
06/05/2021,4809100,118491485000,24.4(-1.21 %),6153200,151410545000,1344100,32919060000,227839939,11.55
07/05/2021,164200,3921940000,24(-1.64 %),601000,14484675000,436800,10562735000,227675739,11.56
10/05/2021,-224300,-5390655000,24.3(1.25 %),116600,2806865000,340900,8197520000,227900039,11.55
11/05/2021,182230,46075900000,24.65(1.44 %),322140,81249110000,139910,35173210000,221573439,12.07
12/05/2021,1630400,41494685000,26.35(6.90 %),1818400,46354080000,188000,4859395000,224447339,11.73
13/05/2021,-667600,-17685095000,26.3(-0.19 %),771500,20549715000,1439100,38234810000,225114939,11.69
14/05/2021,-147950,-39107880000,26.4(0.38 %),80200,21259560000,228150,60367440000,220464739,12.12
17/05/2021,-130500,-34013280000,25.95(-1.70 %),89380,23359040000,219880,57372320000,219706439,12.17
18/05/2021,1323900,34860875000,27.3(5.20 %),2177900,57437665000,854000,22576790000,226575539,11.62
19/05/2021,-85650,-23915150000,28.5(4.40 %),64770,18179390000,150420,42094540000,220633239,12.12
20/05/2021,-1676400,-48613390000,29.4(3.16 %),104100,3004210000,1780500,51617600000,229108439,11.48
21/05/2021,-1919800,-55906975000,28.85(-1.87 %),498600,14593220000,2418400,70500195000,231028239,11.38
24/05/2021,1321800,38375155000,28.9(0.17 %),2420600,70192165000,1098800,31817010000,229706439,11.45
25/05/2021,217100,6348630000,29.35(1.56 %),850200,25050495000,633100,18701865000,229489339,11.46
26/05/2021,1441800,42658680000,29.5(0.51 %),1986000,58717290000,544200,16058610000,228047539,11.54
27/05/2021,2560,642530000,29.8(1.02 %),97880,28997160000,95320,28354630000,223629598,11.95
28/05/2021,1683400,51644800000,31.85(6.88 %),2238800,68667905000,555400,17023105000,226338539,11.63
31/05/2021,-2509600,-82618950000,33.8(6.12 %),113300,3754510000,2622900,86373460000,228848139,17.86
01/06/2021,-235880,-77904920000,32.4(-4.14 %),29100,9530330000,264980,87435250000,343149508,9.44
02/06/2021,-1530700,-48759940000,32.2(-0.62 %),816600,25992425000,2347300,74752365000,344971208,11.7
03/06/2021,-128910,-42343740000,32.75(1.71 %),5980,1953030000,134890,44296770000,345473308,9.34
04/06/2021,-89320,-28626850000,32.15(-1.83 %),107260,34883480000,196580,63510330000,347082008,9.27
07/06/2021,-1514600,-46346840000,30.7(-4.51 %),1035700,32013730000,2550300,78360570000,348668108,11.51
08/06/2021,-472100,-14145920000,28.6(-6.84 %),769400,22508320000,1241500,36654240000,349140208,11.48
09/06/2021,1977300,56275645000,29.6(3.50 %),2584100,74046780000,606800,17771135000,347162908,11.58
10/06/2021,1459400,43232025000,28.9(-2.36 %),1780900,52616635000,321500,9384610000,345703508,11.66
11/06/2021,2263000,67558285000,30.5(5.54 %),2804100,83940760000,541100,16382475000,343440508,11.78
14/06/2021,4810,1719830000,30.8(0.98 %),141320,43733910000,136510,42014080000,347053691,11.59
15/06/2021,1209400,36714020000,30.1(-2.27 %),1933900,58742890000,724500,22028870000,342183008,11.85
16/06/2021,2112500,62691355000,29.2(-2.99 %),2717300,80516970000,604800,17825615000,340070508,11.96
17/06/2021,73850,21612880000,29.4(0.68 %),112130,32802860000,38280,11189980000,343501391,11.78
18/06/2021,4305900,128327240000,29.65(0.85 %),4450800,132629930000,144900,4302690000,334986108,12.23
21/06/2021,1821000,54411965000,29.85(0.67 %),3115700,93177460000,1294700,38765495000,333165108,12.33
22/06/2021,-15350,-4487980000,30.2(1.17 %),136400,41244590000,151750,45732570000,336384421,12.16
23/06/2021,103510,30928570000,29.75(-1.49 %),173360,51847200000,69850,20918630000,334795721,12.24
24/06/2021,1426800,42276705000,29(-2.52 %),2170900,64298915000,744100,22022210000,330856708,12.45
25/06/2021,191900,5614820000,29.5(1.72 %),285600,8340730000,93700,2725910000,330664808,12.46
28/06/2021,565100,16989960000,30.2(2.37 %),614400,18463920000,49300,1473960000,330099708,12.49
29/06/2021,209140,65349450000,31(2.65 %),238660,74587400000,29520,9237950000,333634597,12.3
30/06/2021,217500,6689765000,30.6(-1.29 %),893100,27519080000,675600,20829315000,327790808,12.61
01/07/2021,804900,24877455000,31(1.31 %),884700,27331190000,79800,2453735000,333024497,12.33
02/07/2021,330760,104568350000,31.5(1.61 %),375700,118769540000,44940,14201190000,328817997,12.56
05/07/2021,287970,90950940000,32.6(3.49 %),307200,97017250000,19230,6066310000,326421597,12.69
06/07/2021,-52730,-17466280000,30.35(-6.90 %),112450,36229730000,165180,53696010000,325376897,12.74
07/07/2021,402810,123258890000,31.05(2.31 %),409630,125330970000,6820,2072080000,321729944,12.93
08/07/2021,151190,46548950000,30.2(-2.74 %),206610,63600430000,55420,17051480000,319891144,13.03
09/07/2021,2100400,62301955000,29.1(-3.64 %),2477900,73555195000,377500,11253240000,319724097,13.04
12/07/2021,12056200,330765255000,28.4(-2.41 %),12933800,354917460000,877600,24152205000,307667897,13.68
13/07/2021,-795100,-22667495000,28.7(1.06 %),912800,26067100000,1707900,48734595000,308462997,13.64
14/07/2021,151540,42060980000,27.4(-4.53 %),266650,74069530000,115110,32008550000,303430844,13.9
15/07/2021,424490,121032530000,28.8(5.11 %),479990,136510630000,55500,15478100000,299316044,14.12
16/07/2021,-661700,-19213020000,28.45(-1.22 %),1489200,42599805000,2150900,61812825000,303364397,13.91
19/07/2021,461310,126159210000,27.5(-3.34 %),477610,130657420000,16300,4498210000,296084744,14.29
20/07/2021,255440,71035280000,28.1(2.18 %),308290,85618300000,52850,14583020000,293675844,14.42
21/07/2021,-1222300,-34170825000,27.85(-0.89 %),694700,19538750000,1917000,53709575000,297419197,14.22
22/07/2021,645800,18074290000,28(0.54 %),961800,26905710000,316000,8831420000,296773397,14.26
23/07/2021,-137040,-40145610000,28.7(2.50 %),113310,33026240000,250350,73171850000,293764194,14.42
26/07/2021,-952000,-27246510000,28.7(0.00 %),135700,3905455000,1087700,31151965000,299095797,14.13
27/07/2021,770,383980000,29.1(1.39 %),119740,35076090000,118970,34692110000,294664094,14.37
28/07/2021,-22500,-655955000,28.9(-0.69 %),34000,986445000,56500,1642400000,299110597,14.13
29/07/2021,-368900,-10710115000,29.3(1.38 %),212700,6219465000,581600,16929580000,299479497,14.11
30/07/2021,4221200,126179510000,29.9(2.05 %),4332000,129458520000,110800,3279010000,295258297,14.34
02/08/2021,462400,13783300000,29.3(-2.01 %),1236100,36798635000,773700,23015335000,295027854,14.35
03/08/2021,2602500,76586885000,29.8(1.71 %),2804100,82519080000,201600,5932195000,292425354,14.49
04/08/2021,10407900,316934700000,30.65(2.85 %),10791600,328631620000,383700,11696920000,282017454,15.04
05/08/2021,6303000,194841090000,31.05(1.31 %),6342900,196073760000,39900,1232670000,275714454,15.37
06/08/2021,3253400,100183940000,30.3(-2.42 %),3748000,115388745000,494600,15204805000,272461054,15.55
09/08/2021,1687800,51509945000,30.7(1.32 %),1918800,58588495000,231000,7078550000,270773254,15.64
10/08/2021,770200,23601495000,30.6(-0.33 %),1535400,46975845000,765200,23374350000,270003054,15.68
11/08/2021,3395600,104034035000,30.4(-0.65 %),3853500,118047860000,457900,14013825000,266607454,15.86
12/08/2021,-563400,-17159055000,29.6(-2.63 %),704400,21168135000,1267800,38327190000,267170854,15.83
13/08/2021,1411800,41637823800,29.7(0.34 %),1738300,50228680500,326500,8590856700,265759054,15.9
16/08/2021,-616500,-18542070000,30.3(2.02 %),116500,3503125000,733000,22045195000,266375554,15.87
17/08/2021,506500,15316040000,30.15(-0.50 %),1179800,35674020000,673300,20357980000,264746054,15.96
18/08/2021,-1118900,-33374065000,29.95(-0.66 %),70100,2094060000,1189000,35468125000,267494454,15.81
19/08/2021,2331100,69754570000,29.95(0.00 %),2491300,74547610000,160200,4793040000,265163354,15.93
20/08/2021,686100,19321805000,28.3(-5.51 %),1976600,56867330000,1290500,37545525000,264477254,15.97
23/08/2021,830300,22789570000,27(-4.59 %),1198100,33067210000,367800,10277640000,263646954,16.02
24/08/2021,-785500,-21374480000,27.25(0.93 %),1336400,36527115000,2121900,57901595000,264432454,15.97
25/08/2021,-544200,-14827010000,27.35(0.37 %),71400,1950290000,615600,16777300000,264976654,15.94
26/08/2021,519900,14356180000,27.1(-0.91 %),1010800,27750700000,490900,13394520000,264456754,15.97
27/08/2021,1467000,39549210000,27.3(0.74 %),1539000,41480725000,72000,1931515000,262989754,16.05
30/08/2021,1010200,27800330000,27.9(2.20 %),1560503,42868301900,550303,15067971900,261979554,16.1
31/08/2021,310700,8347810000,27.35(-1.97 %),970900,26615320000,660200,18267510000,261668854,16.12
01/09/2021,-305000,-8295220000,27.2(-0.55 %),316300,8663040000,621300,16958260000,261711540,16.12
06/09/2021,-116800,-3328985000,27.55(1.29 %),523900,14322125000,640700,17651110000,261828340,16.11
07/09/2021,798800,21950410000,27.9(1.27 %),1547800,43406220000,749000,21455810000,261029540,16.15
08/09/2021,-602700,-16580880000,27.3(-2.15 %),6000,166935000,608700,16747815000,261632240,16.12
09/09/2021,-786700,-21520765000,27.35(0.18 %),625200,17098425000,1411900,38619190000,262418940,16.08
10/09/2021,214400,5849920000,27.2(-0.55 %),560700,15297230000,346300,9447310000,262204540,16.09
13/09/2021,-164700,-4442105000,26.9(-1.10 %),41200,1119755000,205900,5561860000,262369240,16.08
14/09/2021,-3149000,-88276575000,26.65(-0.93 %),74500,1997765000,3223500,90274340000,265518240,15.92
15/09/2021,-517400,-13800995000,26.6(-0.19 %),34700,925935000,552100,14726930000,266035640,15.89
16/09/2021,-196500,-5245285000,26.75(0.56 %),116900,3142190000,313400,8387475000,266232140,15.88
17/09/2021,-4629300,-124064650000,26.8(0.19 %),82000,2200520000,4711300,126265170000,270861440,15.63
20/09/2021,2427200,62016215000,27.1(1.12 %),2528200,64765650000,101000,2749435000,268434240,15.76
21/09/2021,-2504700,-70580970000,26.8(-1.11 %),408400,10922010000,2913100,81502980000,270938940,15.63
22/09/2021,-98100,-2614835000,26.7(-0.37 %),52800,1410460000,150900,4025295000,271037040,15.62
23/09/2021,42500,1146865000,26.6(-0.37 %),145900,3906665000,103400,2759800000,270994540,15.63
24/09/2021,740400,16337905000,26.75(0.56 %),2131700,53539040000,1391300,37201135000,270254140,15.66
27/09/2021,1299600,34783340000,26.5(-0.93 %),1390000,37186060000,90400,2402720000,268954540,15.73
28/09/2021,1186500,31425045000,26.55(0.19 %),1739300,46064805000,552800,14639760000,267768040,15.8
29/09/2021,-1616400,-42080335000,25.8(-2.82 %),455500,11841575000,2071900,53921910000,269384440,15.71
30/09/2021,460900,12009390000,25.7(-0.39 %),606400,15756345000,145500,3746955000,268923540,15.74
01/10/2021,-10900,-283005000,24.7(-3.89 %),659184,16028086800,670084,16311091800,268557369,15.75
04/10/2021,-1531000,-37429435000,24.3(-1.62 %),731500,17896525000,2262500,55325960000,270088369,15.67
05/10/2021,1011300,25179080000,25.75(5.97 %),1299100,32345605000,287800,7166525000,269077069,15.73
06/10/2021,74000,1892695000,25.5(-0.97 %),642300,16399280000,568300,14506585000,269003069,0.0
07/10/2021,-215800,-5483105000,25.5(0.00 %),400300,10182345000,616100,15665450000,269218869,0.0
08/10/2021,-104800,-2685940000,25.7(0.78 %),121600,3112535000,226400,5798475000,269323669,0.0
11/10/2021,1751400,47349000000,26.5(3.11 %),1808100,47512091000,56700,163091000,267572269,0.0
12/10/2021,927100,24725920000,26.6(0.38 %),1502500,39902260000,575400,15176340000,266645169,0.0
13/10/2021,-1379200,-36522720000,26.25(-1.32 %),87900,2338320000,1467100,38861040000,268024369,0.0
14/10/2021,1179800,31212695000,26.4(0.57 %),1788700,47317955000,608900,16105260000,266844569,0.0
15/10/2021,1072500,28673610000,26.85(1.70 %),1676000,44929610000,603500,16256000000,265772069,0.0
18/10/2021,2994500,80901235000,26.9(0.19 %),4259200,115015580000,1264700,34114345000,262777569,0.0
19/10/2021,-819000,-21743770000,26.2(-2.60 %),117500,3117050000,936500,24860820000,263596569,0.0
20/10/2021,-2876400,-75250905000,26.3(0.38 %),524400,13792455000,3400800,89043360000,266472969,0.0
21/10/2021,-362900,-9492170000,26.1(-0.76 %),209700,5533150000,572600,15025320000,263959469,0.0
22/10/2021,-159400,-4172430000,26.2(0.38 %),24800,648290000,184200,4820720000,264118869,0.0
25/10/2021,406200,10433090000,25.6(-2.29 %),1695100,43794080000,1288900,33360990000,263712669,0.0
26/10/2021,604900,15467755000,25.6(0.00 %),1771500,45189595000,1166600,29721840000,263107769,0.0
27/10/2021,5367100,141322555000,26.5(3.52 %),6453100,169883515000,1086000,28560960000,257740669,0.0
28/10/2021,0,0,26.7(0.75 %),0,0,0,0,257740669,16.33
29/10/2021,354800,9466390000,26.6(-0.37 %),662600,17615770000,307800,8149380000,257385869,0.0
01/11/2021,1580500,42411775000,26.6(0.00 %),2431800,65118425000,851300,22706650000,260444398,16.18
02/11/2021,94000,2508060000,26.65(0.19 %),221600,5898400000,127600,3390340000,260350398,16.19
03/11/2021,552300,15654900500,27.9(4.69 %),989400,27471260000,437100,11816359500,259798098,0.0
04/11/2021,0,0,27.45(-1.61 %),0,0,0,0,260350398,16.19
05/11/2021,0,0,27.65(0.73 %),0,0,0,0,260350398,16.19
08/11/2021,2998500,83249150000,27.85(0.72 %),3177600,88179185000,179100,4930035000,257351898,16.35
09/11/2021,1276500,36471730000,28.1(0.90 %),3240000,91847455000,1963500,55375725000,256075398,16.42
10/11/2021,255900,7274213400,28.45(1.25 %),373200,10608583200,117300,3334369800,255819498,0.0
11/11/2021,-90900,-2521645000,27.7(-2.64 %),305200,8553440000,396100,11075085000,256166298,16.41
12/11/2021,2823000,79493555000,28.1(1.44 %),2952600,83091770000,129600,3598215000,253343298,16.56
15/11/2021,1040500,29150275000,27.95(-0.53 %),1294300,36273420000,253800,7123145000,252302798,16.62
16/11/2021,-1905400,-54853865000,28.05(0.36 %),223700,6333385000,2129100,61187250000,254208198,0.0
17/11/2021,144800,4079970000,28(-0.18 %),209800,5902135000,65000,1822165000,253063398,16.58
18/11/2021,61300,1722085000,27.65(-1.25 %),282700,7893235000,221400,6171150000,253002098,16.58
19/11/2021,-344800,-10182855000,27.9(0.90 %),881800,24052920000,1226600,34235775000,253346898,0.0
22/11/2021,-116300,-3957985000,28.8(3.23 %),1682500,47861640000,1798800,51819625000,253963198,0.0
23/11/2021,214700,6163020000,28.5(-1.04 %),669300,19151960000,454600,12988940000,254248498,16.51
24/11/2021,3370700,100846780000,30.45(6.84 %),4591500,137446515000,1220800,36599735000,250877798,16.69
25/11/2021,2359200,72592465000,30.65(0.66 %),2928400,90061795000,569200,17469330000,248518598,16.82
26/11/2021,-213000,-6654655000,30.85(0.65 %),1079000,33352165000,1292000,40006820000,248731598,0.0
29/11/2021,0,0,29.9(-3.08 %),0,0,0,0,248731598,16.81
30/11/2021,876600,25300070000,28.9(-3.34 %),1332800,38875175000,456200,13575105000,247854998,16.85
01/12/2021,657400,19177265000,29.9(3.46 %),1790900,52332080000,1133500,33154815000,240356030,17.25
02/12/2021,96900,3006325000,29.3(-2.01 %),1010200,30051790000,913300,27045465000,240259130,17.26
03/12/2021,470500,13738395000,28(-4.44 %),575800,16755530000,105300,3017135000,239788630,17.28
06/12/2021,827200,22854130000,27(-3.57 %),1040700,28696100000,213500,5841970000,238961430,17.32
07/12/2021,482000,13220980000,28.05(3.89 %),1038100,28453870000,556100,15232890000,238479430,17.35
08/12/2021,517800,14713360000,28.6(1.96 %),760700,21604095000,242900,6890735000,237961630,17.38
09/12/2021,248600,7146375000,28.85(0.87 %),723600,20764075000,475000,13617700000,237713030,0.0
10/12/2021,-449000,-12884695000,28.6(-0.87 %),133200,3836305000,582200,16721000000,238162030,17.37
13/12/2021,-584000,-16666065000,28.65(0.17 %),86400,2485880000,670400,19151945000,238746030,17.34
14/12/2021,-486200,-13744160000,28.1(-1.92 %),48900,1385720000,535100,15129880000,239232230,17.31
15/12/2021,311800,8847230000,28.35(0.89 %),401400,11386900000,89600,2539670000,238920430,17.33
16/12/2021,2236200,63914820000,28.6(0.88 %),2782400,79396100000,546200,15481280000,236684230,17.45
17/12/2021,-1139800,-32259555000,28.3(-1.05 %),107500,3053300000,1247300,35312855000,237824030,17.38
20/12/2021,46400,1346290000,28.65(1.24 %),172500,4924840000,126100,3578550000,237777630,17.39
21/12/2021,27100,788820000,28.2(-1.57 %),84200,2401185000,57100,1612365000,237750530,0.0
22/12/2021,-35600,-986970000,27.65(-1.95 %),137100,3838735000,172700,4825705000,237786130,17.39
23/12/2021,35700,975895200,27.4(-1.08 %),276700,7563871200,241000,6587976000,237750430,0.0
24/12/2021,328700,9127670300,28.2(2.92 %),469500,13037545500,140800,3909875200,237457430,0.0
27/12/2021,-152800,-4293375000,28.1(-0.35 %),118100,3323685000,270900,7617060000,237516066,17.4
28/12/2021,1716100,49401650000,30.05(6.94 %),4692600,138219875000,2976500,88818225000,235799966,17.49
29/12/2021,-6500,-470385000,29.5(-1.99 %),930800,27896450000,937300,28366835000,232445041,17.67
30/12/2021,-737500,-22671420000,30.5(3.39 %),753600,23130495000,1491100,45801915000,234667941,17.55
31/12/2021,876200,27777845000,31.5(3.28 %),1260400,40028610000,384200,12250765000,234344747,17.57
04/01/2022,1926300,62201015000,32.1(1.90 %),3531200,114259885000,1604900,52058870000,232304577,17.68
05/01/2022,436800,13866265000,32.55(1.40 %),2174000,69842795000,1737200,55976530000,230514875,17.77
06/01/2022,-568200,-19278545000,32.7(0.31 %),1235800,41101985000,1804000,60380530000,230883975,17.75
07/01/2022,320300,10282855000,31.95(-2.29 %),1216700,39237735000,896400,28954880000,231428475,17.72
10/01/2022,791000,25424280000,31.6(-1.25 %),1920100,59869152000,1129100,34444872000,231334845,17.73
11/01/2022,127100,4262090000,32.45(2.69 %),1620000,52965510000,1492900,48703420000,230611245,17.77
12/01/2022,381800,12679610000,34.7(6.77 %),2452400,82135655000,2070600,69456045000,229287945,17.84
13/01/2022,-686300,-24028005000,34.3(-1.15 %),1323100,46737325000,2009400,70765330000,229493745,17.83
14/01/2022,3424100,117950800000,35(2.04 %),3792700,130640615000,368600,12689815000,227739645,17.92
17/01/2022,1717200,59224845000,32.6(-6.86 %),2443900,84383125000,726700,25158280000,227329226,17.94
18/01/2022,4031300,135747020000,33.9(3.99 %),4299900,144699525000,268600,8952505000,223393936,18.15
19/01/2022,-2053000,-68112940000,32.85(-3.10 %),1281300,42627355000,3334300,110740295000,223187336,18.16
20/01/2022,-1429400,-46319685000,33(0.30 %),1349800,44904145000,2779200,91223830000,222106136,18.22
21/01/2022,-330900,-11314740000,34.6(2.37 %),1787000,61686380000,2117900,73001120000,223273430,18.16
24/01/2022,697600,23739015000,33.3(-3.76 %),1429800,48833180000,732200,25094165000,224622662,18.09
25/01/2022,3098700,105916835000,34.7(4.20 %),3611300,123254095000,512600,17337260000,223129258,18.16
26/01/2022,1354000,46813387600,35.55(2.45 %),2455000,83308927000,1101000,36495539400,221469658,18.25
27/01/2022,1207500,42513460000,35.4(-0.56 %),1827800,64412030000,620300,21898570000,220138458,18.32
28/01/2022,2541400,90889010000,35.55(0.42 %),2896600,103588410000,355200,12699400000,218317258,18.42
07/02/2022,1143300,40888885000,35.6(0.00 %),1306400,46744810000,163100,5855925000,217599158,18.46
08/02/2022,143700,4982385000,35.85(0.70 %),693000,24638120000,549300,19655735000,217261358,18.48
09/02/2022,-491600,-17664275000,35.05(-2.37 %),1586800,57104890000,2078400,74769165000,216321658,18.53
10/02/2022,-544200,-18991265000,34.75(-1.00 %),378300,13207020000,922500,32198285000,216332658,18.52
11/02/2022,352500,12220805000,35.3(1.44 %),674500,23499125000,322000,11278320000,217108558,18.48
14/02/2022,755900,26412525000,32.85(-6.94 %),1811000,62571510000,1055100,36158985000,216314058,18.53
15/02/2022,4201000,140509490000,33.5(1.82 %),5588500,186715930000,1387500,46206440000,211047558,18.81
16/02/2022,1576400,52836305000,33.6(0.30 %),2418700,81101170000,842300,28264865000,209683958,18.88
17/02/2022,916100,30925140000,33.9(0.89 %),1669100,56347675000,753000,25422535000,209511358,18.89
18/02/2022,-431200,-14348570000,33.35(-1.62 %),598400,20073960000,1029600,34422530000,209755318,18.87
21/02/2022,-382600,-12585740000,33.2(-0.60 %),318100,10567360000,700700,23153100000,210171018,18.85
22/02/2022,484200,15947535000,33.7(1.51 %),860500,28438055000,376300,12490520000,210340118,18.84
23/02/2022,-77100,-2598700000,33.6(-0.30 %),132200,4468545000,209300,7067245000,210908618,18.81
24/02/2022,-282300,-9136960000,32.9(-2.08 %),1013200,33376805000,1295500,42513765000,210207657,18.85
25/02/2022,1813200,60530740000,33(0.30 %),3270200,108889175000,1457000,48358435000,207050757,19.02
28/02/2022,830400,27308860000,32.85(-0.45 %),2064900,68201665000,1234500,40892805000,206127887,19.07
01/03/2022,44800,1501945000,32.65(-0.76 %),1115400,36607550000,1070600,35105605000,206769487,19.03
02/03/2022,-80900,-2697550000,31.25(-4.43 %),2771800,88015435000,2852700,90712985000,205232187,19.11
03/03/2022,2008200,63108830000,31.85(1.76 %),2464200,77447950000,456000,14339120000,203584983,19.2
04/03/2022,249500,8065880000,32(0.31 %),973100,31324185000,723600,23258305000,205764583,19.09
07/03/2022,803900,25476405000,31.5(-1.56 %),2399300,75891585000,1595400,50415180000,203990383,19.18
08/03/2022,-69000,-2143600000,30.85(-2.06 %),1344700,42317025000,1413700,44460625000,204280883,19.16
09/03/2022,185100,5915570000,31.1(0.65 %),572300,17709070000,387200,11793500000,205065583,19.12
10/03/2022,1057700,33540750000,31.55(1.45 %),1456400,46174770000,398700,12634020000,203716383,19.19
11/03/2022,1277000,40662855000,32.05(1.42 %),1461600,46603545000,184600,5940690000,202609983,19.25
14/03/2022,2248300,72584320000,32.5(1.25 %),3624000,117105125000,1375700,44520805000,199524683,19.42
15/03/2022,3762900,123527410000,32.7(0.62 %),4552300,149481210000,789400,25953800000,195156983,19.65
16/03/2022,1483700,48511305000,32.9(0.61 %),1814700,59330865000,331000,10819560000,194577959,19.68
17/03/2022,401700,13192840000,32.8(-0.30 %),649700,21331375000,248000,8138535000,194717659,19.67
18/03/2022,8416500,278305090000,33.1(0.91 %),14933400,493986970000,6516900,215681880000,180115259,20.45
21/03/2022,3518000,116338370000,33.1(0.00 %),3892800,128712315000,374800,12373945000,176470476,20.64
22/03/2022,2827700,96157720000,34.05(2.87 %),3444400,117117745000,616700,20960025000,179542976,20.48
23/03/2022,2546500,86704400000,34(-0.29 %),3459800,117786915000,913300,31082515000,176925976,20.62
24/03/2022,-79700,-2687035000,33.65(-1.03 %),108000,3651920000,187700,6338955000,177386668,20.59
25/03/2022,675000,22765265000,33.65(-0.15 %),1260400,42506470000,585400,19741205000,176491568,20.64
28/03/2022,393800,12903005000,31.85(-5.49 %),1734700,56031495000,1340900,43128490000,174944568,20.72
29/03/2022,138400,4438805000,32.3(1.25 %),696800,22384585000,558400,17945780000,174833168,20.73
30/03/2022,1476900,47687080000,32.25(-0.15 %),1972000,63636050000,495100,15948970000,174202068,20.76
31/03/2022,283300,9077800000,31.7(-1.86 %),572100,18309110000,288800,9231310000,174188368,20.76
01/04/2022,443500,14255050000,32.2(1.58 %),863600,27687000000,420100,13431950000,173866868,20.78
04/04/2022,-211200,-6799760000,32.2(0.00 %),1116100,36183120000,1327300,42982880000,173007568,20.82
05/04/2022,-531800,-17015880000,31.8(-1.24 %),1003500,32194270000,1535300,49210150000,172424233,20.85
06/04/2022,2248800,72502215000,32.35(1.73 %),2604400,83995060000,355600,11492845000,170731133,20.94
07/04/2022,-2242200,-72432580000,31.9(-1.54 %),131200,4237950000,2373400,76670530000,172973333,20.82
08/04/2022,-2712000,-85202105000,31(-2.82 %),157800,4966865000,2869800,90168970000,172253087,20.86
12/04/2022,-718100,-22072970000,30.8(-0.65 %),83100,2563710000,801200,24636680000,172971187,20.82
13/04/2022,-111500,-3241695000,31.35(1.79 %),609400,19071190000,720900,22312885000,174511387,20.74
14/04/2022,-127400,-3891325000,30.8(-1.91 %),225900,7059110000,353300,10950435000,177296087,20.6
15/04/2022,-397800,-5746176700,30.1(-2.27 %),114900,3521949200,512700,9268125900,177892887,20.56
18/04/2022,302900,9155685000,29(-3.65 %),1717900,50566755000,1415000,41411070000,176512287,20.64
19/04/2022,860400,25455850000,27.5(-5.17 %),3226300,93698805000,2365900,68242955000,173856281,20.78
20/04/2022,2342100,65040245000,27.55(0.18 %),2772100,77002530000,430000,11962285000,174953987,20.72
21/04/2022,1343100,37293575000,27.65(0.18 %),1377900,38265510000,34800,971935000,173973362,20.77
22/04/2022,1294000,36981700000,28.8(4.16 %),1493900,42670055000,199900,5688355000,173089762,20.82
25/04/2022,-358200,-9913175000,26.8(-6.94 %),77500,2115735000,435700,12028910000,173271062,20.81
26/04/2022,-880800,-23821165000,27.4(2.24 %),1319600,35521825000,2200400,59342990000,172151362,20.87
27/04/2022,673000,19166465000,28.2(2.92 %),1655500,45703590000,982500,26537125000,171027562,20.93
28/04/2022,343400,9551440000,27.7(-1.77 %),1155200,32079765000,811800,22528325000,172085562,20.87
29/04/2022,-755200,-20863910000,27.7(0.00 %),1069400,29838535000,1824600,50702445000,172021662,20.88
04/05/2022,57900,1525870000,26.75(-3.43 %),498200,13421715000,440300,11895845000,172335262,20.86
05/05/2022,1592700,42004575000,26.9(0.37 %),1898300,50124550000,305600,8119975000,170742562,20.94
06/05/2022,112900,2878950000,25.5(-5.20 %),2234300,56974650000,2121400,54095700000,170467562,20.96
09/05/2022,-449500,-10675625000,23.75(-6.86 %),1102500,26184375000,1552000,36860000000,169670662,21.0
10/05/2022,3008300,71898370000,23.9(0.42 %),3741200,89414680000,732900,17516310000,168050862,21.09
11/05/2022,783600,18342700000,23.55(-1.46 %),1720300,40270165000,936700,21927465000,167267262,21.13
12/05/2022,2216200,49418255000,21.95(-6.79 %),2686100,59860975000,469900,10442720000,165051062,21.24
13/05/2022,-3635100,-74821820000,20.45(-6.83 %),2437000,50694505000,6072100,125516325000,164718263,21.26
16/05/2022,-1698500,-32356425000,19.05(-7.07 %),2749800,52383690000,4448300,84740115000,162490863,21.38
17/05/2022,-7135700,-145211495000,20.35(6.54 %),2167000,44098450000,9302700,189309945000,166091763,21.19
18/05/2022,298800,6498900000,21.75(6.62 %),5212100,113363175000,4913300,106864275000,165412463,21.23
19/05/2022,337200,7334100000,21.75(-0.23 %),3637700,79119975000,3300500,71785875000,171109463,20.92
20/05/2022,-1393200,-30093120000,21.6(-0.92 %),397900,8594640000,1791100,38687760000,175624863,20.68
23/05/2022,-131800,-2682130000,20.35(-5.79 %),1740100,35411035000,1871900,38093165000,177193763,20.6
24/05/2022,3539300,76979775000,21.75(6.62 %),3759500,81769125000,220200,4789350000,175309863,20.7
25/05/2022,490400,11156600000,22.75(4.36 %),1153100,26233025000,662700,15076425000,176145163,20.66
26/05/2022,-1537800,-34446720000,22.4(-1.75 %),359100,8043840000,1896900,42490560000,176006263,20.66
27/05/2022,42500,945625000,22.25(-0.67 %),667400,14849650000,624900,13904025000,176001563,20.66
30/05/2022,1981700,45182760000,22.8(2.24 %),2446000,55768800000,464300,10586040000,175484463,20.69
31/05/2022,-100000,-2235000000,22.35(-1.97 %),858000,19176300000,958000,21411300000,175321763,20.7
01/06/2022,-117400,-2612150000,22.25(-0.67 %),1429600,31808600000,1547000,34420750000,174356463,20.75
02/06/2022,-918200,-19787210000,21.55(-3.36 %),751500,16194825000,1669700,35982035000,174562963,20.74
03/06/2022,-335600,-7097940000,21.15(-2.08 %),409500,8660925000,745100,15758865000,175700463,20.68
06/06/2022,-4023400,-84002630000,20.5(-3.30 %),1210300,25380320000,5233700,109382950000,176159863,20.66
07/06/2022,-1567400,-31661480000,20.2(-1.46 %),879200,17759840000,2446600,49421320000,176025763,20.66
08/06/2022,607500,13122000000,21.6(6.93 %),785900,16975440000,178400,3853440000,180473563,20.43
09/06/2022,3743700,83484510000,22.3(3.24 %),4430200,98793460000,686500,15308950000,178489963,20.53
10/06/2022,2893100,63358890000,21.9(-1.79 %),3400200,74464380000,507100,11105490000,175268188,20.7
13/06/2022,418000,8610800000,20.6(-5.94 %),1272800,26219680000,854800,17608880000,174601959,20.74
14/06/2022,-117200,-2449480000,20.9(1.46 %),1727700,36108930000,1844900,38558410000,173381359,20.8
15/06/2022,58300,1206810000,20.7(-0.96 %),1188500,24601950000,1130200,23395140000,173047659,20.82
16/06/2022,2935800,61651800000,21(1.45 %),3211500,67441500000,275700,5789700000,171729063,20.89
17/06/2022,-1164300,-23577075000,20.25(-3.57 %),324500,6571125000,1488800,30148200000,172598753,20.84
20/06/2022,-441000,-8863930000,18.85(-7.14 %),897400,17684915000,1338400,26548845000,171977053,20.88
21/06/2022,1013200,19453440000,19.2(1.59 %),2011400,38618880000,998200,19165440000,171454453,20.91
22/06/2022,1827200,37457600000,20.5(6.77 %),2298400,47117200000,471200,9659600000,170502959,20.96
23/06/2022,3915200,83393760000,21.3(3.90 %),4213100,89739030000,297900,6345270000,167288059,21.13
24/06/2022,3028000,64193600000,21.2(-0.47 %),3165700,67112840000,137700,2919240000,164641559,21.27
27/06/2022,881700,19021550000,21.5(1.42 %),1805100,38846470000,923400,19824920000,163134359,21.35
28/06/2022,803900,18127945000,22.55(4.88 %),1408300,31757165000,604400,13629220000,161863759,21.41
29/06/2022,1566100,35514380000,22.6(0.00 %),2457400,55785605000,891300,20271225000,160329759,21.5
30/06/2022,2020900,43449350000,21.5(-4.87 %),2723600,58557400000,702700,15108050000,158210559,21.61
01/07/2022,-466000,-10252000000,22(2.33 %),532200,11708400000,998200,21960400000,158569659,21.59
04/07/2022,2954000,66376790000,22.35(1.59 %),3638800,81771425000,684800,15394635000,158448659,21.6
05/07/2022,927700,21383485000,23.05(2.90 %),1744100,40201505000,816400,18818020000,154996659,21.78
06/07/2022,-479900,-10797750000,22.5(-2.60 %),1363600,30681000000,1843500,41478750000,154317859,21.81
07/07/2022,1118100,25269060000,22.6(0.44 %),1647900,37242540000,529800,11973480000,153486359,21.86
08/07/2022,783600,17015985000,22.5(-0.44 %),1720300,25606665000,936700,8590680000,152702759,0.0
11/07/2022,771700,17015985000,22.05(-2.00 %),1161300,25606665000,389600,8590680000,153085359,21.88
12/07/2022,1121700,25350420000,22.6(2.26 %),1584500,35809700000,462800,10459280000,152793659,21.9
13/07/2022,426200,9823910000,23.05(1.99 %),1392400,32094820000,966200,22270910000,151790859,21.95
14/07/2022,1204800,28071840000,23.3(0.87 %),1266300,29504790000,61500,1432950000,150987359,21.99
15/07/2022,-111100,-2555300000,23(-1.29 %),1353100,31121300000,1464200,33676600000,150684459,22.01
18/07/2022,-1026800,-23154340000,22.55(-1.96 %),161000,3630550000,1187800,26784890000,150584958,22.01
19/07/2022,-987900,-22672305000,22.95(1.55 %),707400,16234830000,1695300,38907135000,151341758,21.97
20/07/2022,-1470900,-33904245000,23.05(0.22 %),635300,14643665000,2106200,48547910000,151894252,21.94
21/07/2022,451800,10436580000,23.1(0.00 %),1432900,33099990000,981100,22663410000,152165152,21.93
22/07/2022,3915200,18289600000,23(-0.43 %),4213100,35909900000,297900,17620300000,152710052,21.9
25/07/2022,-320900,-7332565000,22.85(-0.65 %),199400,4556290000,520300,11888855000,153500224,21.86
26/07/2022,-256000,-5875200000,22.95(0.22 %),80900,1856655000,336900,7731855000,154209424,21.82
27/07/2022,-133100,-3067955000,23.05(0.22 %),76200,1756410000,209300,4824365000,154736524,21.79
28/07/2022,3829600,93633720000,24.45(5.84 %),4497000,109951650000,667400,16317930000,150576424,22.01
29/07/2022,2334400,57659680000,24.7(0.82 %),3845600,94986320000,1511200,37326640000,146940124,22.21
01/08/2022,4156700,104748840000,25.2(2.02 %),4555500,114798600000,398800,10049760000,143052024,22.41
02/08/2022,3068300,76554085000,24.95(-0.99 %),3410800,85099460000,342500,8545375000,141152424,22.51
03/08/2022,3831900,97521855000,25.45(1.80 %),5698800,145034460000,1866900,47512605000,137352424,22.71
04/08/2022,1488200,37502640000,25.2(-1.18 %),2198600,55404720000,710400,17902080000,135496324,22.81
05/08/2022,657500,16601875000,25.25(0.20 %),914700,23096175000,257200,6494300000,134948524,22.84
08/08/2022,600200,15185060000,25.3(0.00 %),953000,24110900000,352800,8925840000,134661624,22.86
09/08/2022,-344700,-8703675000,25.25(-0.20 %),177900,4491975000,522600,13195650000,134757424,22.85
10/08/2022,-140400,-3495960000,24.9(-1.58 %),186400,4641360000,326800,8137320000,134892224,22.84
11/08/2022,1304300,32868360000,25.2(1.20 %),2189800,55182960000,885500,22314600000,133225024,22.93
12/08/2022,226900,5819985000,25.65(1.79 %),583600,14969340000,356700,9149355000,132968224,22.95
15/08/2022,-870700,-22333455000,25.65(-0.19 %),359300,9216045000,1230000,31549500000,133494424,22.92
16/08/2022,-726100,-18551855000,25.55(-0.58 %),703200,17966760000,1429300,36518615000,133147924,22.94
17/08/2022,1268700,32224980000,25.4(-0.78 %),2343100,59514740000,1074400,27289760000,131985324,23.0
18/08/2022,1861500,46909800000,25.2(-0.79 %),2779200,70035840000,917700,23126040000,130717924,23.07
19/08/2022,107300,2693230000,25.1(-0.40 %),263300,6608830000,156000,3915600000,131529024,23.02
22/08/2022,-1221300,-30166110000,24.7(-1.59 %),118600,2929420000,1339900,33095530000,132328124,22.98
23/08/2022,-546100,-13652500000,25(1.21 %),429900,10747500000,976000,24400000000,131970220,23.0
24/08/2022,102800,2611120000,25.4(1.60 %),1235200,31374080000,1132400,28762960000,132074920,22.99
25/08/2022,100000,2565000000,25.65(0.98 %),431500,11067975000,331500,8502975000,132619420,22.97
26/08/2022,-316600,-7946660000,25.1(-2.33 %),293900,7376890000,610500,15323550000,133472920,22.92
29/08/2022,-623900,-15503915000,24.85(-1.00 %),657300,16333905000,1281200,31837820000,133147120,22.94
30/08/2022,-576300,-14205795000,24.65(-1.00 %),111100,2738615000,687400,16944410000,133694520,22.91
31/08/2022,241100,5979280000,24.8(0.40 %),548600,13605280000,307500,7626000000,134427120,22.87
05/09/2022,-51500,-1272050000,24.7(-0.40 %),125700,3104790000,177200,4376840000,134988820,22.84
06/09/2022,-871900,-21535930000,24.7(0.00 %),228400,5641480000,1100300,27177410000,135034920,22.84
07/09/2022,-2022700,-49252745000,24.35(-1.42 %),693400,16884290000,2716100,66137035000,134518720,22.86
08/09/2022,-1250800,-29894120000,23.9(-2.05 %),241800,5779020000,1492600,35673140000,135377220,22.82
09/09/2022,-1708600,-40579250000,23.75(-0.63 %),1548600,36779250000,3257200,77358500000,136601720,22.75
12/09/2022,-414566,-40579250000,23.1(-2.94 %),126100,36779250000,540666,77358500000,137968220,22.68
13/09/2022,-1455447,1615013450,23.05(-0.22 %),623700,8922010000,2079147,7306996550,140601720,22.54
14/09/2022,-1719300,1615013450,23.05(-0.22 %),434100,8922010000,2153400,7306996550,140732286,22.53
15/09/2022,-2000072,-39629865000,23.05(-0.22 %),296100,10006005000,2296172,49635870000,0,22.44
16/09/2022,-9923404,-222780419800,22.45(-2.81 %),971896,21819065200,10895300,244599485000,143696837,22.38
19/09/2022,-175190,-3784104000,21.6(-4.00 %),785610,16969176000,960800,20753280000,143872027,0.0
20/09/2022,1063196,23549791400,22.15(2.55 %),1284300,28447245000,221104,4897453600,154842399,21.79
21/09/2022,-342503,-7449440250,21.75(-2.03 %),62600,1361550000,405103,8810990250,155740599,21.74
22/09/2022,-119600,-2625220000,21.95(0.69 %),112300,2464985000,231900,5090205000,155849403,21.73
23/09/2022,-1542400,-33084480000,21.45(-2.50 %),173800,3728010000,1716200,36812490000,156080706,21.72
26/09/2022,3281400,67268700000,20.5(-4.65 %),4839600,99211800000,1558200,31943100000,151473006,21.97
27/09/2022,-781300,-16016650000,20.5(0.00 %),439100,9001550000,1220400,25018200000,152759106,21.9
28/09/2022,-489400,-9934820000,20.3(-0.98 %),256800,5213040000,746200,15147860000,154072506,21.83
29/09/2022,-2612700,-51470190000,19.7(-2.96 %),297900,5868630000,2910600,57338820000,154995006,21.78
30/09/2022,956609,19706145400,20.6(4.57 %),1268000,26120800000,311391,6414654600,154592006,21.8
03/10/2022,-3064055,-58829856000,19.2(-6.80 %),265663,5100729600,3329718,63930585600,157711043,21.63
04/10/2022,-6127855,-114897281250,18.75(-2.34 %),788145,14777718750,6916000,129675000000,157283789,21.66
05/10/2022,-2672900,-51453325000,19.25(2.39 %),1300700,25038475000,3973600,76491800000,159488307,21.54
06/10/2022,-1941400,-34945200000,18(-6.74 %),236700,4260600000,2178100,39205800000,166218607,21.18
07/10/2022,-6442300,-107908525000,16.75(-6.94 %),1793700,30044475000,8236000,137953000000,168577507,21.06
10/10/2022,-1415900,-24070300000,17(1.19 %),2154400,36624800000,3570300,60695100000,168701707,21.05
11/10/2022,-1657724,-26274925400,15.85(-6.76 %),461310,7311763500,2119034,33586688900,176363397,20.64
12/10/2022,1942960,32933172000,16.95(6.60 %),2461900,41729205000,518940,8796033000,177471797,20.59
13/10/2022,2393110,42238391500,17.65(3.82 %),3382110,59694241500,989000,17455850000,176232721,20.65
14/10/2022,-1235300,-21803045000,17.65(-0.28 %),3482100,61459065000,4717400,83262110000,173269561,20.81
17/10/2022,658600,11953590000,18.15(2.54 %),1060300,19244445000,401700,7290855000,173272261,20.81
18/10/2022,-1122200,-19862940000,17.7(-2.75 %),2343500,41479950000,3465700,61342890000,175646161,20.68
19/10/2022,1470400,25919485000,17.3(-2.26 %),4006700,69788935000,2536300,43869450000,174175761,20.76
20/10/2022,3035300,52590115000,17.15(-0.87 %),3446600,59698515000,411300,7108400000,168955861,21.04
21/10/2022,-3477100,-56415595000,15.95(-7.27 %),416800,6926465000,3893900,63342060000,175533305,20.69
24/10/2022,-2731300,-41025905000,14.85(-7.19 %),1641600,24970180000,4372900,65996085000,176939984,20.61
25/10/2022,-1365400,-19806375000,14.9(0.00 %),3104500,46380010000,4469900,66186385000,178305384,20.54
26/10/2022,-569600,-8582790000,15(0.67 %),252000,3773210000,821600,12356000000,174979350,20.72
27/10/2022,-3037000,-47776075000,16.05(7.00 %),1447000,22754025000,4484000,70530100000,180995480,20.4
28/10/2022,-2880760,-46524274000,16.15(0.31 %),934900,15098635000,3815660,61622909000,180915180,20.4
31/10/2022,-66509,-1074120350,16.15(-0.31 %),433200,6996180000,499709,8070300350,184965980,20.19
01/11/2022,-2664600,-45031740000,16.9(4.32 %),3622300,61216870000,6286900,106248610000,184963840,20.19
02/11/2022,-1058000,-17880200000,16.9(0.00 %),1755400,29666260000,2813400,47546460000,183708149,20.26
03/11/2022,643100,11093475000,17.25(2.07 %),787100,13577475000,144000,2484000000,189240949,19.96
04/11/2022,342251,5681366600,16.6(-4.05 %),2601951,43192386600,2259700,37511020000,189485398,19.95
07/11/2022,1739200,26957600000,15.5(-6.63 %),2374300,36801650000,635100,9844050000,187354098,20.06
08/11/2022,1328060,21846587000,16.45(6.13 %),4411300,72565885000,3083240,50719298000,185487498,20.16
09/11/2022,-16617940,-270041525000,16.25(-1.52 %),1368400,22236500000,17986340,292278025000,184820198,20.2
10/11/2022,-6621600,-100317240000,15.15(-7.06 %),612900,9285435000,7234500,109602675000,187253038,20.07
11/11/2022,25344700,395377320000,15.6(2.63 %),25749100,401685960000,404400,6308640000,179635478,20.47
14/11/2022,21865452,346567414200,15.85(1.60 %),23125652,366541584200,1260200,19974170000,163925826,21.3
15/11/2022,9549800,144201980000,15.1(-5.03 %),11483300,173397830000,1933500,29195850000,152846926,21.89
16/11/2022,1514900,24465635000,16.15(6.95 %),2728200,44060430000,1213300,19594795000,151378926,21.97
17/11/2022,17665550,303847460000,17.2(6.17 %),18237150,313678980000,571600,9831520000,135240276,22.83
18/11/2022,-410681,-7022645100,17.1(-0.58 %),4239000,72486900000,4649681,79509545100,132307576,22.98
21/11/2022,-2029200,-33887640000,16.7(-2.34 %),926000,15464200000,2955200,49351840000,131999076,23.0
22/11/2022,-1115806,-18857121400,16.9(1.20 %),2461700,41602730000,3577506,60459851400,134187057,22.88
23/11/2022,4641282,81222435000,17.5(3.55 %),6635200,116116000000,1993918,34893565000,130589557,23.07
24/11/2022,177000,3221400000,18.2(4.00 %),1808000,32905600000,1631000,29684200000,132441563,22.97
25/11/2022,3805900,71931510000,18.9(3.85 %),5781800,109276020000,1975900,37344510000,128736181,23.17
28/11/2022,10014000,197275800000,19.7(4.23 %),11964400,235698680000,1950400,38422880000,118722181,0.0
29/11/2022,4652800,91892800000,19.75(0.25 %),5605800,110714550000,953000,18821750000,114069381,0.0
30/11/2022,4683400,93668000000,20(1.01 %),6563200,131264000000,1879800,37596000000,109385981,0.0
01/12/2022,7125080,138939060000,19.5(-2.50 %),13435752,261997164000,6310672,123058104000,96662233,0.0
02/12/2022,13506850,281617822500,20.85(6.92 %),13591110,283374643500,84260,1756821000,83155383,0.0
05/12/2022,5290963,117988474900,22.3(6.70 %),8084500,180284350000,2793537,62295875100,77864420,0.0
06/12/2022,1691200,35092400000,20.75(-6.95 %),4518400,93756800000,2827200,58664400000,76173220,25.96
07/12/2022,4095503,83138710900,20.3(-2.40 %),4575803,92888800900,480300,9750090000,72077717,26.18
08/12/2022,4626502,100395093400,21.7(6.90 %),4706402,102128923400,79900,1733830000,76083987,25.96
09/12/2022,3198000,71635200000,22.4(3.23 %),3714900,83213760000,516900,11578560000,73024887,26.13
12/12/2022,1254906,26729497800,21.3(-4.91 %),3380300,72000390000,2125394,45270892200,62998309,0.0
13/12/2022,2161462,48740968100,22.55(5.87 %),7416762,167247983100,5255300,118507015000,60836847,0.0
14/12/2022,2097298,48762178500,23.25(2.88 %),4726500,109891125000,2629202,61128946500,58739549,0.0
15/12/2022,-549800,-12782850000,23.25(-0.21 %),1997000,46430250000,2546800,59213100000,59289349,26.86
16/12/2022,-1907000,-43479600000,22.8(-2.15 %),4161000,94870800000,6068000,138350400000,61196349,26.75
19/12/2022,1218410,27292384000,22.4(-1.75 %),3563310,79818144000,2344900,52525760000,59977939,0.0
20/12/2022,5499200,123457040000,22.45(0.22 %),6158700,138262815000,659500,14805775000,54478739,0.0
21/12/2022,-1246500,-29355075000,23.55(4.67 %),2363500,55660425000,3610000,85015500000,55725239,0.0
22/12/2022,-282100,-6601140000,23.4(-0.85 %),2193000,51316200000,2475100,57917340000,56007339,0.0
23/12/2022,1317500,30961250000,23.5(0.43 %),2478300,58240050000,1160800,27278800000,54689839,0.0
26/12/2022,99303,2174735700,21.9(-6.81 %),1566800,34312920000,1467497,32138184300,54590536,0.0
27/12/2022,1637040,36833400000,22.5(2.74 %),2212800,49788000000,575760,12954600000,52953496,0.0
28/12/2022,3228200,73925780000,22.9(1.78 %),3777000,86493300000,548800,12567520000,49725296,27.36
29/12/2022,1452200,32456670000,22.35(-2.40 %),2499300,55859355000,1047100,23402685000,56403968,27.01
30/12/2022,4629590,104165775000,22.5(0.45 %),5065390,113971275000,435800,9805500000,51887378,27.25
03/01/2023,-1251600,-29412600000,23.5(4.44 %),2009600,47225600000,3261200,76638200000,49877778,0.0
04/01/2023,460400,10727320000,23.3(-0.85 %),2879800,67099340000,2419400,56372020000,48546878,27.42
05/01/2023,1655895,40072659000,24.2(3.86 %),2420800,58583360000,764905,18510701000,49480278,27.38
06/01/2023,610113,14825745900,24.3(0.41 %),1985513,48247965900,1375400,33422220000,49914165,27.35
09/01/2023,789900,19471035000,24.65(1.44 %),2379000,58642350000,1589100,39171315000,48393070,27.43
10/01/2023,925600,23093720000,24.95(1.01 %),1289700,32178015000,364100,9084295000,48544770,27.42
11/01/2023,-250620,-6190314000,24.7(-1.20 %),782400,19325280000,1033020,25515594000,49417470,27.38
12/01/2023,60310,1504734500,24.95(1.01 %),172710,4309114500,112400,2804380000,49608860,27.37
13/01/2023,877200,22193160000,25.3(1.20 %),1457600,36877280000,580400,14684120000,49250280,27.39
16/01/2023,543100,13849050000,25.5(0.79 %),1581700,40333350000,1038600,26484300000,47912980,27.46
17/01/2023,2383690,63286969500,26.55(4.12 %),2788900,74045295000,405210,10758325500,45803480,27.57
18/01/2023,397600,10655680000,26.8(0.75 %),1943600,52088480000,1546000,41432800000,45350780,27.59
19/01/2023,1065642,28559205600,26.8(0.00 %),2120750,56836100000,1055108,28276894400,43701240,27.68
27/01/2023,-1051400,-28019810000,26.65(-0.56 %),690100,18391165000,1741500,46410975000,44302840,27.65
30/01/2023,540400,13969340000,25.85(-3.18 %),957200,24743620000,416800,10774280000,44400748,27.64
31/01/2023,527400,14292540000,27.1(4.63 %),2057400,55755540000,1530000,41463000000,44159848,27.66
01/02/2023,1491700,38262105000,25.65(-5.35 %),3063500,78578775000,1571800,40316670000,41513148,27.8
02/02/2023,3861200,100970380000,26.15(1.75 %),5809000,151905350000,1947800,50934970000,37234148,28.02
03/02/2023,6430800,167522340000,26.05(-0.57 %),7132900,185812045000,702100,18289705000,31673048,28.32
06/02/2023,4871500,125197550000,25.7(-1.53 %),5242600,134734820000,371100,9537270000,28378248,28.49
07/02/2023,6767094,174252670500,25.75(0.19 %),7043100,181359825000,276006,7107154500,22037248,28.83
08/02/2023,7977373,199434325000,25(-3.10 %),9640700,241017500000,1663327,41583175000,12767648,29.32
09/02/2023,11322948,276846078600,24.45(-2.20 %),14767648,361068993600,3444700,84222915000,276006,29.99
10/02/2023,-1053694,-24919863100,23.65(-3.47 %),1348306,31887436900,2402000,56807300000,1663327,29.91
13/02/2023,750327,18383011500,24.5(3.38 %),1663327,40751511500,913000,22368500000,1444700,29.92
14/02/2023,-1648236,-40216958400,24.4(-0.41 %),1444700,35250680000,3092936,75467638400,1329700,29.93
15/02/2023,-7545840,-176195364000,23.35(-4.30 %),2005400,46826090000,9551240,223021454000,930000,29.95
16/02/2023,-3504900,-83767110000,23.9(2.14 %),930000,22227000000,4434900,105994110000,3092936,29.84
17/02/2023,-1451895,-35426238000,24.4(2.09 %),1222936,29839638400,2674831,65265876400,10745540,29.43
20/02/2023,-1134300,-29151510000,25.7(5.33 %),1410700,36254990000,2545000,65406500000,13769740,29.27
21/02/2023,40974,1038690900,25.35(-1.36 %),1239016,31409055600,1198042,30370364700,15205555,29.19
22/02/2023,-1488531,-36766715700,24.7(-2.76 %),871600,21528520000,2360131,58295235700,16796455,29.11
23/02/2023,352853,8821325000,25(1.21 %),867852,21696300000,514999,12874975000,17126645,29.09
24/02/2023,878100,21337830000,24.3(-2.80 %),1311300,31864590000,433200,10526760000,16248545,29.14
27/02/2023,-3003795,-70889562000,23.6(-2.88 %),618705,14601438000,3622500,85491000000,17836270,29.05
28/02/2023,362590,8611512500,23.75(0.64 %),1076200,25559750000,713610,16948237500,17067270,29.09
01/03/2023,453660,11522964000,25.4(6.72 %),2585760,65678304000,2132100,54155340000,18104010,29.04
02/03/2023,1103278,28243916800,25.6(0.79 %),1838500,47065600000,735222,18821683200,16888120,29.1
03/03/2023,450600,11265000000,25(-2.34 %),1574400,39360000000,1123800,28095000000,17385820,29.08
06/03/2023,-598692,-14907430800,24.9(-0.40 %),2897600,72150240000,3496292,87057670800,15223442,29.19
07/03/2023,2631938,65798450000,25(0.40 %),2950200,73755000000,318262,7956550000,13397042,29.29
08/03/2023,186559,4729270650,25.35(1.40 %),1302914,33028869900,1116355,28299599250,15590420,29.17
09/03/2023,-5036,-133454000,26.5(4.33 %),2279800,60414700000,2284836,60548154000,13628882,29.28
10/03/2023,-1747835,-45443710000,26(-1.89 %),46400,1206400000,1794235,46650110000,14687337,29.22
13/03/2023,-2105299,-52632475000,25(-3.85 %),1554100,38852500000,3659399,91484975000,16792636,0.0
14/03/2023,-1167802,-28494368800,24.4(-2.40 %),1464300,35728920000,2632102,64223288800,15748008,29.16
15/03/2023,-30500,-773175000,25.35(3.89 %),1128200,28599870000,1158700,29373045000,18111207,29.04
16/03/2023,-3047900,-74978340000,24.6(-3.15 %),1182800,29096880000,4230700,104075220000,19560509,28.96
17/03/2023,-8509300,-213157965000,25.05(1.83 %),5134600,128621730000,13643900,341779695000,15584609,29.17
20/03/2023,-1070132,-25897194400,24.2(-3.59 %),627668,15189565600,1697800,41086760000,19154641,28.98
21/03/2023,186068,21337830000,24.6(1.65 %),750468,31864590000,564400,10526760000,32548073,28.27
22/03/2023,721600,17965365000,24.8(0.81 %),1192400,29668210000,470800,11702845000,31826473,28.31
23/03/2023,542400,13469590000,25(0.81 %),1200300,29805155000,657900,16335565000,31284073,28.34
24/03/2023,266600,6748980000,25.05(0.20 %),471700,11944110000,205100,5195130000,31017473,28.35
27/03/2023,138968,3543684000,25.5(1.59 %),1286168,32797284000,1147200,29253600000,30878505,0.0
28/03/2023,-414332,-10524032800,25.4(-0.39 %),959468,24370487200,1373800,34894520000,31292837,28.34
29/03/2023,-3243730,-82228555500,25.35(-0.20 %),533770,13531069500,3777500,95759625000,31680263,28.32
30/03/2023,-11098033,-288548858000,26(2.36 %),998167,25952342000,12096200,314501200000,32055896,28.3
31/03/2023,-3979316,-104258079200,26.2(0.77 %),832900,21821980000,4812216,126080059200,35000496,28.14
03/04/2023,-5767000,-154267250000,26.75(2.10 %),407000,10887250000,6174000,165154500000,46689696,27.52
04/04/2023,-3895010,-104775769000,26.9(0.37 %),85300,2294570000,3980310,107070339000,51416612,27.27
05/04/2023,-1014060,-26619075000,26.25(-2.42 %),2840600,74565750000,3854660,101184825000,54750012,27.1
06/04/2023,-1554000,-39860100000,25.65(-2.47 %),1346300,34532595000,2900300,74392695000,57384022,26.96
07/04/2023,-3702300,-96259800000,26(1.17 %),79400,2064400000,3781700,98324200000,61159282,26.76
10/04/2023,-2803400,-72748230000,25.95(-0.19 %),765000,19851750000,3568400,92599980000,63294582,26.64
11/04/2023,-4112500,-106719375000,25.95(-0.19 %),434400,11272680000,4546900,117992055000,66641882,26.47
12/04/2023,-152000,-3967200000,26.1(0.38 %),4437000,115805700000,4589000,119772900000,65773782,26.51
13/04/2023,-2195200,-58063040000,26.45(1.34 %),88600,2343470000,2283800,60406510000,70232082,26.27
14/04/2023,-1749100,-44951870000,25.7(-3.02 %),755800,19424060000,2504900,64375930000,74065282,26.07
17/04/2023,-366400,-9489760000,25.9(0.78 %),2816600,72949940000,3183000,82439700000,73532482,26.1
18/04/2023,-2351400,-60901260000,25.9(0.00 %),586800,15198120000,2938200,76099380000,75450582,26.0
19/04/2023,-1360700,-34697850000,25.5(-1.54 %),388700,9911850000,1749400,44609700000,78244882,25.85
20/04/2023,1370000,35163445000,25.7(0.78 %),1446600,37131470000,76600,1968025000,76874882,25.92
21/04/2023,-133780,-3424768000,25.6(-0.39 %),957800,24519680000,1091580,27944448000,80528082,25.73
24/04/2023,-879200,-22463560000,25.55(-0.20 %),476900,12184795000,1356100,34648355000,80127822,25.75
25/04/2023,-1628400,-40791420000,25.05(-2.15 %),320000,8016000000,1948400,48807420000,80833402,25.71
26/04/2023,2181400,55407560000,25.4(1.20 %),2451000,62255400000,269600,6847840000,79738502,25.77
27/04/2023,1414000,35845400000,25.15(-0.98 %),1762300,44661480000,348300,8816080000,78324502,25.85
28/04/2023,1051600,26618685000,25.3(0.60 %),1251100,31658820000,199500,5040135000,77272902,25.9
04/05/2023,-1190200,-29818800000,25.15(-0.59 %),232600,5830635000,1422800,35649435000,78943102,25.81
05/05/2023,-2525900,-63116065000,24.95(-0.80 %),49900,1245025000,2575800,64361090000,79208402,25.8
08/05/2023,-366500,-9248745000,25.65(2.81 %),780000,19861630000,1146500,29110375000,79851206,25.76
09/05/2023,506400,13017010000,25.75(0.19 %),867600,22303970000,361200,9286960000,81328406,25.69
10/05/2023,2438800,63550050000,26.35(2.13 %),2527100,65852405000,88300,2302355000,78889606,25.82
11/05/2023,1402200,37273115000,26.4(0.00 %),1572400,41771040000,170200,4497925000,78703518,25.83
12/05/2023,13000,302540000,26.8(1.52 %),1467000,39076185000,1454000,38773645000,77324818,25.9
15/05/2023,-1383800,-37814725000,27(0.75 %),585700,16005550000,1969500,53820275000,78708618,25.82
16/05/2023,382500,10338170000,27.4(1.48 %),729900,19851750000,347400,9513580000,78326118,25.85
17/05/2023,-1728200,-47122750000,27(-1.46 %),924200,25229825000,2652400,72352575000,80054318,25.75
18/05/2023,-1480800,-40376595000,27.2(0.74 %),1155200,31468710000,2636000,71845305000,81535118,25.68
19/05/2023,-1947200,-53431810000,27.85(2.39 %),1259800,34621120000,3207000,88052930000,83482318,25.57
22/05/2023,-590200,-16583695000,28.15(1.08 %),677000,19113690000,1267200,35697385000,84072518,25.54
23/05/2023,-269800,-7516015000,27.95(-0.71 %),476300,13323835000,746100,20839850000,84342318,25.53
24/05/2023,-1052100,-28943820000,27.4(-1.97 %),1195400,33135020000,2247500,62078840000,85394418,25.47
25/05/2023,-925900,-25141260000,27(-1.46 %),1282500,34756585000,2208400,59897845000,86320318,25.42
26/05/2023,-492900,-13299290000,27.2(0.74 %),959100,25910300000,1452000,39209590000,86813218,25.4
29/05/2023,1839100,50739190000,27.7(1.84 %),1905400,52567780000,66300,1828590000,84974118,25.49
30/05/2023,454700,12598580000,27.7(0.00 %),687900,19051245000,233200,6452665000,84519418,25.52
31/05/2023,-1646400,-45604665000,27.7(0.00 %),998600,27663035000,2645000,73267700000,86165818,25.43
01/06/2023,390500,10874775000,28(1.08 %),643500,17909465000,253000,7034690000,84516289,25.52
02/06/2023,-1345900,-38209770000,28.3(1.07 %),873000,24901470000,2218900,63111240000,85862189,25.45
05/06/2023,-322300,-8954730000,28.05(-0.88 %),853500,24266745000,1175800,33221475000,86184489,25.43
06/06/2023,-615600,-17336285000,28.3(0.89 %),232600,6524945000,848200,23861230000,86800089,25.4
07/06/2023,-649700,-18418720000,28.35(0.18 %),550200,15662185000,1199900,34080905000,87449789,25.36
08/06/2023,-567200,-16123045000,27.6(-2.65 %),872300,24377720000,1439500,40500765000,88016989,25.33
09/06/2023,1626400,45025335000,28.1(1.81 %),1992300,55124725000,365900,10099390000,86390589,25.42
12/06/2023,1178900,32797330000,28.2(0.36 %),1562000,43453495000,383100,10656165000,85211689,25.48
13/06/2023,8100,277590000,28.2(0.00 %),837800,23606020000,829700,23328430000,85203589,25.48
14/06/2023,530300,14932230000,27.8(-1.42 %),1811200,51102710000,1280900,36170480000,84673289,25.51
15/06/2023,973200,27042070000,27.8(0.00 %),1517900,42148110000,544700,15106040000,83700089,25.56
16/06/2023,4564200,131430700000,29(4.32 %),8343200,240952815000,3779000,109522115000,77287047,25.9
19/06/2023,-231100,-6694590000,28.75(-0.86 %),454900,13153845000,686000,19848435000,77376847,25.9
20/06/2023,-1819500,-52866445000,29.25(1.56 %),559600,16162190000,2379100,69028635000,79196347,25.8
21/06/2023,3308200,96816150000,29.4(0.34 %),5603500,164099905000,2295300,67283755000,75666687,25.99
22/06/2023,3545700,105634925000,30(2.04 %),6221300,185845190000,2675600,80210265000,72120987,26.17
23/06/2023,-1433600,-43370805000,30.3(1.00 %),764000,22996525000,2197600,66367330000,73554587,26.1
26/06/2023,-1341100,-39694165000,29.6(-2.31 %),1052100,31071640000,2393200,70765805000,74997672,26.02
27/06/2023,-3100500,-91680280000,29.6(0.00 %),512700,15154870000,3613200,106835150000,78098172,25.86
28/06/2023,-2431600,-72191410000,29.9(1.01 %),134600,3993155000,2566200,76184565000,80529772,25.73
29/06/2023,92700,2637265000,29.55(-1.17 %),624600,18363165000,531900,15725900000,80437072,25.73
30/06/2023,63100,1872170000,29.8(0.68 %),249400,7364425000,186300,5492255000,80373972,25.74
03/07/2023,-147300,-4375995000,29.7(-0.34 %),396000,11761220000,543300,16137215000,84026090,25.54
04/07/2023,-6554600,-192934510000,29.85(0.51 %),520200,15335205000,7074800,208269715000,90580690,25.2
05/07/2023,532100,15963510000,29.9(0.00 %),745800,22374930000,213700,6411420000,90048590,25.22
06/07/2023,-4180100,-122984280000,29.1(-2.68 %),287400,8503110000,4467500,131487390000,90440600,25.2
07/07/2023,1036600,30418665000,29.6(1.72 %),1202900,35290250000,166300,4871585000,89451429,25.26
10/07/2023,328100,9843010000,29.85(0.84 %),691600,20615415000,363500,10772405000,89123329,25.27
11/07/2023,-921800,-27658800000,30(0.33 %),501300,15126125000,1423100,42784925000,90045129,25.22
12/07/2023,-5535100,-163202410000,29.8(-0.67 %),2820400,83199150000,8355500,246401560000,95580229,24.93
13/07/2023,646200,19278360000,30(0.67 %),802600,23937305000,156400,4658945000,94934029,24.96
14/07/2023,-9369900,-266177420000,29(-3.33 %),1390500,40422305000,10760400,306599725000,98070942,24.8
17/07/2023,-1776900,-50253125000,28(-3.45 %),2655900,75224255000,4432800,125477380000,99847842,24.7
18/07/2023,-561000,-15579165000,28.45(1.61 %),2279700,64576420000,2840700,80155585000,100408842,24.67
19/07/2023,832200,23646770000,28.25(-0.88 %),2542200,72126640000,1710000,48479870000,105942864,24.38
20/07/2023,-1889300,-52599000000,27.85(-1.59 %),1143100,31840235000,3032400,84439235000,107832164,24.28
21/07/2023,133800,3889235000,28.75(3.05 %),248400,7111610000,114600,3222375000,107698364,24.29
24/07/2023,-172700,-4923295000,28.7(-0.35 %),368000,10550480000,540700,15473775000,112156774,24.05
25/07/2023,-742800,-21264105000,28.5(-0.70 %),1146600,32822475000,1889400,54086580000,111184722,24.1
26/07/2023,-1412300,-39950145000,28.3(-0.70 %),358200,10132215000,1770500,50082360000,112597022,24.03
27/07/2023,-1775100,-50005480000,28.1(-0.71 %),466600,13125950000,2241700,63131430000,114372122,23.93
28/07/2023,-165600,-4789245000,28.65(1.96 %),1642100,46699900000,1807700,51489145000,114537722,23.92
31/07/2023,279000,7954235000,28.95(0.87 %),777700,22301050000,498700,14346815000,114258722,23.94
01/08/2023,19500,537670000,28.95(-0.17 %),1622200,47667175000,1602700,47129505000,114520822,23.93
02/08/2023,799700,23319275000,29.1(0.34 %),1909600,55543970000,1109900,32224695000,113721122,23.97
03/08/2023,225100,6519825000,28.6(-1.72 %),694700,20046390000,469600,13526565000,113496022,23.98
04/08/2023,464400,13342685000,28.95(1.22 %),926700,26568650000,462300,13225965000,114518605,23.93
07/08/2023,1106300,33070095000,30.05(3.80 %),2717100,81360965000,1610800,48290870000,113412305,23.98
08/08/2023,781600,23420095000,29.8(-0.83 %),1151300,34463290000,369700,11043195000,112630705,24.03
09/08/2023,1016800,30042980000,31.2(4.70 %),2260600,68589310000,1243800,38546330000,111613905,24.08
10/08/2023,311800,9719995000,30.55(-2.08 %),950500,29431545000,638700,19711550000,111302105,24.1
11/08/2023,2272900,71500060000,31.85(4.26 %),4055100,127596930000,1782200,56096870000,109029205,24.22
14/08/2023,-2634400,-83364820000,31.9(0.00 %),1398800,44463210000,4033200,127828030000,106389228,24.36
15/08/2023,-177900,-5642745000,31.5(-1.25 %),225300,7124515000,403200,12767260000,107818128,24.28
16/08/2023,-212200,-6992330000,32.9(4.44 %),1277100,41348770000,1489300,48341100000,110510258,24.14
17/08/2023,48900,1616935000,32.35(-1.67 %),1120600,36439530000,1071700,34822595000,110461358,24.14
18/08/2023,450700,13554205000,31.3(-3.40 %),1663500,52034320000,1212800,38480115000,109534603,24.19
21/08/2023,-2758900,-87642640000,31.8(1.60 %),2997500,96151415000,5756400,183794055000,107640803,24.29
22/08/2023,-6335100,-198610080000,32.15(1.10 %),273600,8566605000,6608700,207176685000,108539203,24.24
23/08/2023,-2380200,-74387090000,30.9(-3.89 %),206500,6419470000,2586700,80806560000,113993109,23.95
24/08/2023,1981000,62093915000,31.55(2.10 %),2386200,74757585000,405200,12663670000,112012109,24.06
25/08/2023,-381300,-11883385000,31.1(-1.43 %),396200,12336675000,777500,24220060000,120315125,23.62
28/08/2023,81000,2723355000,31.65(1.77 %),693100,21932380000,612100,19209025000,120234125,23.62
29/08/2023,-1727700,-54559960000,31.75(0.32 %),374600,11839740000,2102300,66399700000,120398326,23.61
30/08/2023,1251900,40627020000,32.5(2.36 %),1693300,54848200000,441400,14221180000,119146426,23.68
31/08/2023,1492400,48536025000,32.65(0.46 %),2364500,76918385000,872100,28382360000,119175033,23.68
05/09/2023,-1115700,-36772780000,32.7(0.15 %),1119300,36598840000,2235000,73371620000,118497133,23.71
06/09/2023,-1379800,-44794710000,33.05(1.07 %),292700,9532095000,1672500,54326805000,119876933,23.64
07/09/2023,-1520400,-50197760000,33(-0.15 %),391300,12883415000,1911700,63081175000,120920233,23.59
08/09/2023,-1305300,-42793245000,32.5(-1.52 %),472300,15483175000,1777600,58276420000,122088447,23.52
11/09/2023,-1939200,-61926220000,31.6(-2.77 %),601700,19424820000,2540900,81351040000,123334477,23.46
12/09/2023,-1684500,-53360925000,32.35(2.37 %),838600,26663530000,2523100,80024455000,124309477,23.41
13/09/2023,-3940300,-127277720000,31.95(-1.24 %),446400,14405150000,4386700,141682870000,126339977,23.3
14/09/2023,-1669800,-53492420000,31.8(-0.47 %),481900,15447250000,2151700,68939670000,128381127,23.19
15/09/2023,-2549100,-83220440000,32.5(2.20 %),1340500,43890700000,3889600,127111140000,131363327,23.03
18/09/2023,0,0,32.6(0.31 %),0,0,0,0,131363327,23.03
19/09/2023,-2083900,-69214725000,33.3(2.15 %),1199900,40002690000,3283800,109217415000,133892735,22.9
20/09/2023,-583700,-19460180000,33.25(-0.15 %),182400,6076980000,766100,25537160000,134476435,22.87
21/09/2023,-315100,-10566000000,32.35(-2.71 %),473900,15513210000,789000,26079210000,134791535,22.85
22/09/2023,156400,5253500000,32.9(1.70 %),1002800,32418385000,846400,27164885000,138898201,22.63
25/09/2023,-829700,-26772610000,31.65(-3.80 %),545900,17715475000,1375600,44488085000,139077369,22.62
26/09/2023,-964800,-30611620000,31.35(-0.95 %),1137900,36060400000,2102700,66672020000,138774829,22.64
27/09/2023,-517000,-16277410000,31.8(1.44 %),703600,22011720000,1220600,38289130000,139291829,22.61
28/09/2023,-2858000,-88362585000,30.75(-3.30 %),253500,7812840000,3111500,96175425000,142149829,22.46
29/09/2023,-713900,-22019180000,30.65(-0.33 %),70700,2179100000,784600,24198280000,142655202,22.43
02/10/2023,208900,6420165000,30.85(0.65 %),399000,12281195000,190100,5861030000,145367661,22.29
03/10/2023,-131500,-4448245000,29.2(-5.35 %),1651500,48596945000,1783000,53045190000,144500759,22.34
04/10/2023,-187600,-5679235000,30.2(3.42 %),574600,17151980000,762200,22831215000,144688359,22.33
05/10/2023,-669700,-20118135000,29.9(-0.99 %),99600,2991455000,769300,23109590000,145816809,22.27
06/10/2023,1212900,36530135000,30.95(3.51 %),1442200,43406320000,229300,6876185000,144603909,22.33
09/10/2023,102900,3227515000,31.2(0.81 %),349100,10845380000,246200,7617865000,144501009,22.34
10/10/2023,611300,19256295000,31.25(0.16 %),984000,30986110000,372700,11729815000,144814309,22.32
11/10/2023,734100,23182755000,31.75(1.60 %),849000,26771560000,114900,3588805000,144211509,22.35
12/10/2023,79200,2426140000,31.6(-0.47 %),533900,16831195000,454700,14405055000,144050357,22.36
13/10/2023,474000,14980550000,31.5(-0.32 %),757000,23800250000,283000,8819700000,143408257,22.39
16/10/2023,222500,6588220000,30.2(-4.13 %),540700,16339925000,318200,9751705000,143322257,22.4
17/10/2023,729300,22091160000,30(-0.66 %),882000,26719975000,152700,4628815000,138723257,22.64
18/10/2023,2032300,60539215000,29.7(-1.00 %),2396800,71406150000,364500,10866935000,134644680,22.86
19/10/2023,348100,10261320000,29(-2.36 %),2068500,60635505000,1720400,50374185000,130728880,23.07
20/10/2023,3658900,109608355000,30.1(3.79 %),3911400,117054535000,252500,7446180000,125681980,23.33
23/10/2023,-2256800,-66887365000,29.7(-1.33 %),475200,14074840000,2732000,80962205000,124927180,23.37
24/10/2023,-355900,-10492080000,30(1.01 %),1777800,53299155000,2133700,63791235000,125283080,23.35
25/10/2023,-21900,-671895000,29.55(-1.50 %),421700,12647980000,443600,13319875000,123401886,23.45
26/10/2023,2693500,75637690000,28.1(-4.91 %),3288700,92381495000,595200,16743805000,122510069,23.5
27/10/2023,579600,16642620000,28.7(2.14 %),862200,24753415000,282600,8110795000,121091469,23.58
30/10/2023,855600,23312245000,27(-5.92 %),1049400,28774495000,193800,5462250000,120659269,23.6
31/10/2023,-1762500,-47612445000,27(0.00 %),1260500,34005480000,3023000,81617925000,119687969,23.65
01/11/2023,122000,3404555000,27.65(2.41 %),754500,20698755000,632500,17294200000,119127359,23.68
02/11/2023,414300,12064240000,29(4.88 %),1313100,37433885000,898800,25369645000,118713059,23.7
03/11/2023,767300,21951135000,28.5(-1.72 %),1978800,56797850000,1211500,34846715000,117945759,23.74
06/11/2023,4449300,129728110000,29.45(3.33 %),4636200,135173530000,186900,5445420000,113496459,23.98
07/11/2023,600300,17382235000,29(-1.53 %),2133600,61989245000,1533300,44607010000,112896159,24.01
08/11/2023,783000,23525705000,30(3.45 %),1221900,36271000000,438900,12745295000,113052510,24.0
09/11/2023,-769700,-22935325000,29.65(-1.17 %),401800,12015485000,1171500,34950810000,113150980,24.0
10/11/2023,-543000,-16125360000,29.5(-0.51 %),427600,12675635000,970600,28800995000,111208780,24.1
13/11/2023,408500,11909565000,29.25(-0.85 %),1285800,37712770000,877300,25803205000,109994490,24.17
14/11/2023,2448509,73555795950,30(2.56 %),3056309,91765910950,607800,18210115000,108351771,24.25
15/11/2023,-1747500,-52840490000,30(0.00 %),683000,20811090000,2430500,73651580000,110099271,24.16
16/11/2023,0,0,30.2(0.67 %),0,0,0,0,110099271,24.16
17/11/2023,-2899800,-85954355000,29.35(-2.81 %),540200,16022030000,3440000,101976385000,110008914,24.16
20/11/2023,110800,3219055000,29.2(-0.51 %),992500,28874835000,881700,25655780000,110421214,24.14
21/11/2023,260600,7638340000,29.3(0.34 %),456100,13375255000,195500,5736915000,113405114,23.98
22/11/2023,74700,2236685000,29.1(-0.68 %),742700,21608660000,668000,19371975000,110044114,24.16
23/11/2023,-517300,-14947205000,28.2(-3.09 %),355900,10291590000,873200,25238795000,110561414,24.14
24/11/2023,1159800,32356670000,28.3(0.35 %),1505200,41980160000,345400,9623490000,109401614,24.2
27/11/2023,-657200,-18275785000,27.4(-3.18 %),228200,6310805000,885400,24586590000,110058814,24.16
28/11/2023,-413400,-11190105000,28.15(2.74 %),760000,20800000000,1173400,31990105000,110472214,24.14
29/11/2023,-1725600,-48284370000,27.8(-1.24 %),487900,13675410000,2213500,61959780000,112197814,24.05
30/11/2023,-1107900,-30869560000,27.5(-1.08 %),171800,4782600000,1279700,35652160000,113305714,23.99
01/12/2023,-756900,-20699630000,27.5(0.00 %),302400,8262715000,1059300,28962345000,110693014,24.13
04/12/2023,-1276300,-35792135000,28.2(2.55 %),758900,21368115000,2035200,57160250000,111969314,24.06
05/12/2023,-1247500,-35020850000,27.8(-1.42 %),151200,4228050000,1398700,39248900000,113216814,23.99
06/12/2023,-1640600,-45769145000,28.1(1.08 %),709100,19783410000,2349700,65552555000,114857414,23.91
07/12/2023,-3306200,-94208775000,28.55(1.60 %),548800,15625125000,3855000,109833900000,118163614,23.73
08/12/2023,-3079000,-87686685000,28.2(-1.23 %),319500,9094370000,3398500,96781055000,121242614,23.57
11/12/2023,-2352400,-65836550000,27.85(-1.24 %),504600,14129550000,2857000,79966100000,123595014,23.44
12/12/2023,-745500,-20802880000,28(0.54 %),550900,15409760000,1296400,36212640000,124340514,23.4
13/12/2023,-2951600,-81783975000,27.45(-1.96 %),208900,5804815000,3160500,87588790000,127292114,23.25
14/12/2023,-1664400,-45604435000,27.1(-1.28 %),731500,19984180000,2395900,65588615000,128956514,23.16
15/12/2023,-1797300,-48912110000,27.1(0.00 %),661600,18046090000,2458900,66958200000,130753814,23.06
18/12/2023,-2487500,-66171660000,26.3(-2.95 %),792300,21216410000,3279800,87388070000,133241314,22.93
19/12/2023,-2148300,-56406825000,26.6(1.14 %),779700,20422805000,2928000,76829630000,135389614,22.82
20/12/2023,-876700,-23336545000,26.95(1.32 %),363300,9686255000,1240000,33022800000,136266314,22.77
21/12/2023,-2011600,-53538725000,26.6(-1.30 %),949200,25306590000,2960800,78845315000,138277914,22.67
22/12/2023,-867300,-22909035000,27.2(2.26 %),235200,6411030000,1102500,29320065000,139145214,22.62
25/12/2023,285400,7883200000,27.5(1.10 %),341700,9436820000,56300,1553620000,138859814,22.63
26/12/2023,474900,13002140000,27.5(0.00 %),1167400,31961045000,692500,18958905000,138384914,22.66
27/12/2023,479000,13123215000,27.4(-0.36 %),674900,18510615000,195900,5387400000,137905914,22.68
28/12/2023,154600,4266815000,27.6(0.73 %),208300,5741450000,53700,1474635000,137751314,22.69
29/12/2023,1000400,27957830000,27.95(1.27 %),1138100,31812080000,137700,3854250000,136750914,22.75
02/01/2024,-1259800,-35200690000,27.75(-0.72 %),491800,13677515000,1751600,48878205000,140280832,22.56
03/01/2024,1315400,36953060000,28.5(2.70 %),1343800,37749530000,28400,796470000,139372529,22.61
04/01/2024,-876100,-25088050000,28.6(0.35 %),547700,15805430000,1423800,40893480000,140248629,22.56
05/01/2024,-452600,-13129360000,29.3(2.45 %),967000,28228445000,1419600,41357805000,140701229,22.54
08/01/2024,9100,271805000,29.2(-0.34 %),783900,22914265000,774800,22642460000,140692129,22.54
09/01/2024,-128200,-3767365000,29.2(0.00 %),403500,11832480000,531700,15599845000,141246032,22.51
10/01/2024,1502500,44395945000,29.45(0.86 %),2063000,60908905000,560500,16512960000,139957840,22.58
11/01/2024,2425700,71777660000,29.5(0.17 %),2712200,80211530000,286500,8433870000,137864336,22.69
12/01/2024,2630000,78181195000,29.9(1.36 %),3513600,104312300000,883600,26131105000,133770329,22.9
15/01/2024,1937700,58040885000,29.8(-0.33 %),2374900,71134880000,437200,13093995000,132822904,22.95
16/01/2024,2547300,75813175000,29.9(0.34 %),2580400,76797480000,33100,984305000,131126104,23.04
17/01/2024,1616500,48171690000,29.7(-0.67 %),2191900,65349895000,575400,17178205000,129371408,23.14
18/01/2024,675500,20195670000,29.8(0.34 %),710600,21243960000,35100,1048290000,126993329,23.26
19/01/2024,2353100,70993410000,30.3(1.68 %),2488000,75058240000,134900,4064830000,124640229,23.39
22/01/2024,2114100,63983050000,30.25(-0.17 %),2219200,67163295000,105100,3180245000,122526129,23.5
23/01/2024,2428100,73784830000,30.5(0.83 %),2657900,80776315000,229800,6991485000,120098029,23.63
24/01/2024,-36100,-1496905000,30.75(0.82 %),2783300,85718580000,2819400,87215485000,120134129,23.63
25/01/2024,-1277800,-39180255000,30.5(-0.81 %),1782200,54350225000,3060000,93530480000,121411929,23.56
26/01/2024,-2444500,-73941530000,30.3(-0.66 %),2593800,79030305000,5038300,152971835000,123856429,23.43
29/01/2024,1912200,58241775000,30.35(0.17 %),2067900,62988105000,155700,4746330000,114023176,23.95
30/01/2024,3306300,100883800000,30.7(1.15 %),3340900,101942605000,34600,1058805000,115720584,23.86
31/01/2024,277900,7958350000,29.9(-2.61 %),2550700,76580465000,2272800,68622115000,113325584,23.99
01/02/2024,-519400,-15443140000,29.8(-0.33 %),989500,29602095000,1508900,45045235000,113325585,23.99
02/02/2024,-912000,-27243895000,29.9(0.34 %),752800,22472620000,1664800,49716515000,112370680,24.04
05/02/2024,3055900,92953860000,30.6(2.34 %),3417900,103919460000,362000,10965600000,110192125,24.15
06/02/2024,480700,14800285000,30.8(0.65 %),2073100,64054880000,1592400,49254595000,111573376,24.08
07/02/2024,761700,23670855000,31.1(0.97 %),864100,26852265000,102400,3181410000,111071280,24.11
15/02/2024,-1484200,-46471035000,31.25(0.48 %),315300,9877715000,1799500,56348750000,112284376,24.04
16/02/2024,-3840350,-119092535000,30.8(-1.44 %),429150,13287825000,4269500,132380360000,111957632,24.06
19/02/2024,-807197,-24764114900,30.7(-0.32 %),275103,8430945100,1082300,33195060000,113482024,23.98
20/02/2024,-2758604,-84838438200,30.7(0.00 %),758800,23332460000,3517404,108170898200,116928728,23.8
21/02/2024,6049906,191536984600,31.5(2.61 %),6968200,220603740000,918294,29066755400,110978824,24.11
22/02/2024,-2991384,-93242167600,31.05(-1.43 %),65100,2029430000,3056484,95271597600,110978824,24.11
23/02/2024,470200,14836705000,30.65(-1.29 %),1414500,44126455000,944300,29289750000,114311354,23.94
26/02/2024,-5702800,-173210525000,30.5(-0.49 %),522200,15818320000,6225000,189028845000,116473208,23.82
27/02/2024,-2848100,-87185875000,30.75(0.82 %),1491800,45721370000,4339900,132907245000,122862254,23.48
28/02/2024,1083200,33803435000,31.4(2.11 %),1996300,62270615000,913100,28467180000,121779054,23.54
29/02/2024,-5500,6875000,31.55(0.48 %),1923500,60545215000,1929000,60538340000,122440608,23.51
01/03/2024,3360550,107398687500,31.95(1.27 %),3610150,115355157500,249600,7956470000,118830457,23.7
04/03/2024,819500,26166865000,31.75(-0.63 %),1435800,45832770000,616300,19665905000,118010957,23.74
05/03/2024,3123900,99276525000,31.9(0.47 %),3478500,110532665000,354600,11256140000,116815856,23.8
06/03/2024,782200,24832470000,31.55(-1.10 %),1304100,41457020000,521900,16624550000,114104857,23.95
07/03/2024,-770100,-24028950000,31.3(-0.79 %),2340800,73351395000,3110900,97380345000,114874957,23.91
08/03/2024,29500,820440000,30.65(-2.08 %),2301000,70727055000,2271500,69906615000,114845457,23.91
11/03/2024,1263500,38349330000,30.2(-1.47 %),3104100,94472745000,1840600,56123415000,113581957,23.98
12/03/2024,1700200,51620180000,30.25(0.17 %),3058000,92779725000,1357800,41159545000,111048472,24.11
13/03/2024,-45100,-1093715000,30.85(1.98 %),2001800,61171760000,2046900,62265475000,110887271,24.12
14/03/2024,-1290500,-39600090000,30.45(-1.30 %),2349500,72015340000,3640000,111615430000,112177771,24.05
15/03/2024,-3096600,-94350995000,30.5(0.16 %),911800,27792810000,4008400,122143805000,115274371,23.89
18/03/2024,2075400,62485620000,30.25(-0.82 %),4781100,144074785000,2705700,81589165000,109889672,24.17
19/03/2024,-987600,-29635490000,30.4(0.50 %),2856200,86295650000,3843800,115931140000,110977912,24.11
20/03/2024,3251700,101406875000,31.15(2.47 %),5017100,155727285000,1765400,54320410000,110934871,24.12
21/03/2024,2039600,63847985000,31.5(1.12 %),2336100,73132340000,296500,9284355000,108895271,24.22
22/03/2024,1316800,42039260000,31.65(0.48 %),1862100,59465730000,545300,17426470000,107578471,24.29
25/03/2024,1310800,40767410000,30.85(-2.53 %),1931200,60184760000,620400,19417350000,108349024,24.25
26/03/2024,-1516100,-46713625000,31(0.49 %),1048400,32409985000,2564500,79123610000,112352271,24.04
27/03/2024,-1072000,-33054055000,30.9(-0.32 %),135200,4172870000,1207200,37226925000,108245128,24.26
28/03/2024,5864200,182560845000,32(3.56 %),6665600,207977060000,801400,25416215000,104112120,24.48
29/03/2024,-4547300,-145273450000,31.6(-1.25 %),644800,20610530000,5192100,165883980000,104674520,24.45
01/04/2024,1503100,47100370000,31.4(-0.63 %),5418300,169829480000,3915200,122729110000,100057640,24.69
02/04/2024,-9420300,-283066355000,30.2(-3.82 %),5562800,167314545000,14983100,450380900000,114094823,23.95
03/04/2024,-616600,-18422155000,30.1(-0.33 %),4326400,131653160000,4943000,150075315000,99211784,24.74
04/04/2024,1627200,48428820000,29.7(-1.33 %),2484700,74078625000,857500,25649805000,113084223,24.0
05/04/2024,1520200,44949165000,29.6(-0.34 %),4175400,123131890000,2655200,78182725000,112453768,24.03
08/04/2024,-623200,-18202215000,29(-2.03 %),260800,7608025000,884000,25810240000,112187223,24.05
09/04/2024,-417500,-11944520000,29.15(0.52 %),1326000,38540805000,1743500,50485325000,112604723,24.03
10/04/2024,403600,11858915000,29.1(-0.17 %),764100,22426060000,360500,10567145000,112201123,24.05
11/04/2024,143100,4152890000,28.85(-0.86 %),208800,6055220000,65700,1902330000,116036368,23.84
12/04/2024,-1548700,-45128635000,29.1(0.87 %),460400,13416930000,2009100,58545565000,115936472,23.85
15/04/2024,-1578300,-46183580000,27.5(-5.50 %),1457000,40808315000,3035300,86991895000,115185023,23.89
16/04/2024,-1111800,-30599160000,27.3(-0.73 %),1238700,34135835000,2350500,64734995000,116296823,23.83
17/04/2024,-172700,-4801510000,26.8(-1.83 %),705100,19111825000,877800,23913335000,115357723,23.88
19/04/2024,1400800,37410605000,26.8(0.00 %),3162600,84557265000,1761800,47146660000,113956923,23.96
22/04/2024,-691500,-19015695000,27.65(3.17 %),329900,9209010000,1021400,28224705000,117597624,23.76
23/04/2024,-656400,-18245215000,27.8(0.54 %),980000,27320415000,1636400,45565630000,118370688,23.72
24/04/2024,-371900,-10463505000,28.6(2.88 %),1014600,28758065000,1386500,39221570000,115676723,23.86
25/04/2024,23200,646225000,28.45(-0.52 %),394900,11200395000,371700,10554170000,115653523,23.87
26/04/2024,-567400,-16386765000,28.2(-0.88 %),1696500,48134765000,2263900,64521530000,119315088,23.67
02/05/2024,-406100,-11388060000,27.6(-2.13 %),970900,26873855000,1377000,38261915000,118715888,23.7
03/05/2024,-985400,-27341165000,27.55(-0.18 %),888200,24555575000,1873600,51896740000,120091584,23.63
06/05/2024,-993300,-27675345000,28.1(2.00 %),427700,11983355000,1421000,39658700000,121040928,23.58
07/05/2024,-503500,-14211515000,28.3(0.71 %),131100,3706155000,634600,17917670000,122783424,23.49
08/05/2024,-1086200,-30499190000,27.95(-1.24 %),468000,13100925000,1554200,43600115000,123736504,23.44
09/05/2024,-853700,-23869300000,27.8(-0.54 %),172100,4803910000,1025800,28673210000,124044080,23.42
10/05/2024,-1096600,-30353595000,27.6(-0.72 %),236600,6569455000,1333200,36923050000,125206680,23.36
13/05/2024,-2031500,-55872040000,27.25(-1.27 %),205000,5640465000,2236500,61512505000,126027424,23.31
14/05/2024,-1911300,-52185130000,27.25(0.00 %),185700,5085910000,2097000,57271040000,128776585,23.17
15/05/2024,1639500,45433545000,27.8(2.02 %),1740600,48235795000,101100,2802250000,127137085,23.26
16/05/2024,1975500,56098760000,28.4(2.16 %),3055200,86795720000,1079700,30696960000,125161585,23.36
17/05/2024,873500,24875135000,28.5(0.35 %),1397600,39789980000,524100,14914845000,125416288,23.35
20/05/2024,117600,3356235000,28.3(-0.70 %),880000,24983715000,762400,21627480000,125615984,23.34
21/05/2024,-1106400,-31196530000,28.3(0.00 %),29700,841410000,1136100,32037940000,126048384,23.31
22/05/2024,-49800,-1399910000,28(-1.06 %),454300,12782365000,504100,14182275000,126232480,23.3
23/05/2024,-267000,-7167615000,28.55(1.96 %),916800,25864950000,1183800,33032565000,126451920,23.29
24/05/2024,-1050300,-30259695000,28.7(0.53 %),298800,8600750000,1349100,38860445000,128619485,23.18
27/05/2024,-135100,-3857045000,28.7(0.00 %),160800,4597255000,295900,8454300000,128088176,23.21
28/05/2024,816700,23450490000,28.85(0.52 %),1373300,39457290000,556600,16006800000,128093976,23.21
29/05/2024,-631800,-18050920000,28.25(-2.08 %),850400,24317065000,1482200,42367985000,127468680,23.24
30/05/2024,-1146500,-32078105000,27.85(-1.42 %),149700,4173580000,1296200,36251685000,127875584,23.22
31/05/2024,-625300,-17452200000,27.85(0.00 %),175600,4913525000,800900,22365725000,129182184,23.15
03/06/2024,1674400,47306315000,29.75(6.82 %),2737600,78934480000,1063200,31628165000,129182185,23.15
04/06/2024,254100,7339405000,29.95(0.67 %),2001600,60135500000,1747500,52796095000,128928085,23.16
05/06/2024,86900,2621270000,29.6(-1.17 %),356500,10708340000,269600,8087070000,128841185,23.17
06/06/2024,-1049500,-32187695000,30.7(3.72 %),346800,10631210000,1396300,42818905000,128647470,23.18
07/06/2024,-2486774,-76864416600,30.75(0.16 %),195800,6035680000,2682574,82900096600,128659270,23.18
10/06/2024,1259512,39467715600,31.1(1.14 %),1419812,44508545600,160300,5040830000,127399758,23.24
11/06/2024,-1171222,-36294810350,31.2(0.32 %),74800,2321955000,1246022,38616765350,128647470,23.18
12/06/2024,-327144,-10158427200,31.35(0.48 %),211556,6603557800,538700,16761985000,131130276,23.04
13/06/2024,0,0,31.65(0.96 %),0,0,0,0,131401298,23.03
14/06/2024,813300,25307910000,30.55(-3.48 %),1602000,49969965000,788700,24662055000,130337998,23.09
17/06/2024,135900,4046185000,30.5(-0.16 %),1485200,45286745000,1349300,41240560000,129191798,23.15
18/06/2024,-50108,-1532420400,30.55(0.16 %),261900,8111460000,312008,9643880400,129718598,23.12
19/06/2024,-219400,-6731610000,30.9(1.15 %),305500,9440010000,524900,16171620000,130724398,23.07
20/06/2024,-122200,-3615705000,30.75(-0.49 %),1330800,40690350000,1453000,44306055000,129705606,23.12
21/06/2024,95503,2979433000,30.65(-0.33 %),381403,11728703000,285900,8749270000,129969103,23.11
24/06/2024,-400300,-12133820000,29.5(-3.75 %),700300,20870865000,1100600,33004685000,130721803,23.07
25/06/2024,-729606,-21520397000,29.6(0.34 %),2348010,69304720000,3077616,90825117000,128788693,23.17
26/06/2024,1157954,33744293500,29.5(-0.34 %),1705470,49730830500,547516,15986537000,128305623,23.19
27/06/2024,699750,20465054800,29.2(-1.02 %),1000450,29270319800,300700,8805265000,130398289,23.08
28/06/2024,-68288,-2035494000,28.8(-1.37 %),535100,15504515000,603388,17540009000,130441705,23.08
04/07/2024,118700,3556085000,29.9(0.00 %),544500,16240685000,425800,12684600000,130607993,0.0
05/07/2024,734800,22057440000,30.1(0.67 %),839000,25166535000,104200,3109095000,129873193,0.0
08/07/2024,2944700,88501935000,30.15(0.17 %),3297000,99082355000,352300,10580420000,126928493,0.0
09/07/2024,-1516800,-45576370000,30.35(0.66 %),1202600,36440665000,2719400,82017035000,128445293,0.0
10/07/2024,-21400,-745945000,29.85(-1.65 %),549500,16478445000,570900,17224390000,128466693,0.0
11/07/2024,-178100,-5334025000,29.85(0.00 %),375800,11273055000,553900,16607080000,128644793,0.0
12/07/2024,-397400,-11970450000,29.75(-0.34 %),2783600,83299970000,3181000,95270420000,129042193,0.0
15/07/2024,161300,4798890000,29.75(0.00 %),367600,10938180000,206300,6139290000,128880893,0.0
16/07/2024,651700,19528775000,29.9(0.50 %),783900,23489360000,132200,3960585000,128229193,0.0
17/07/2024,1211100,36629710000,30.4(1.67 %),1688400,51229760000,477300,14600050000,127018093,0.0
18/07/2024,255000,7747870000,30.6(0.66 %),715300,21673610000,460300,13925740000,126763093,0.0
19/07/2024,76000,2287040000,30.3(-0.98 %),353400,10722195000,277400,8435155000,126687093,0.0
22/07/2024,110000,3193675000,30(-0.99 %),687000,20634325000,577000,17440650000,126577093,0.0
23/07/2024,-436300,-12691285000,29(-3.33 %),922700,27524510000,1359000,40215795000,127013393,0.0
24/07/2024,1371300,39756500000,29.2(0.69 %),1594200,46264905000,222900,6508405000,125642093,0.0
25/07/2024,154200,4438615000,28.8(-1.37 %),541600,15632595000,387400,11193980000,125487893,0.0
26/07/2024,240400,6972130000,29.1(1.04 %),802500,23265110000,562100,16292980000,125247493,0.0
29/07/2024,248700,7212255000,29.1(0.00 %),445400,12948090000,196700,5735835000,124998793,0.0
30/07/2024,248700,7212255000,28.9(-0.69 %),445400,12948090000,196700,5735835000,124750093,0.0
31/07/2024,-553900,-16095495000,29(0.35 %),502900,14582115000,1056800,30677610000,125303993,0.0
01/08/2024,-423000,-11924595000,28.05(-3.28 %),641200,18563320000,1064200,30487915000,125751098,0.0
02/08/2024,-904200,-25481490000,28.4(1.25 %),378300,10730275000,1282500,36211765000,126655298,0.0
05/08/2024,-2818700,-78903270000,27.2(-4.23 %),570000,15831755000,3388700,94735025000,129473998,0.0
06/08/2024,6200,136500000,28.4(4.41 %),462300,12942520000,456100,12806020000,129467798,0.0
07/08/2024,-2736500,-77131660000,28.4(0.00 %),339100,9626450000,3075600,86758110000,132204298,0.0
08/08/2024,-768600,-21712415000,28.25(-0.53 %),70000,1978970000,838600,23691385000,132972898,0.0
09/08/2024,-1231700,-34481045000,28.85(2.12 %),860800,24697230000,2092500,59178275000,134204598,0.0
12/08/2024,-1124900,-32830725000,29.2(1.21 %),89600,2603845000,1214500,35434570000,135329498,0.0
13/08/2024,-47100,-1385095000,29.15(-0.17 %),172800,5061105000,219900,6446200000,135376598,0.0
14/08/2024,1056800,30941105000,29.2(0.17 %),1171100,34287650000,114300,3346545000,134319798,0.0
15/08/2024,349000,10105390000,28.95(-0.86 %),694400,20097075000,345400,9991685000,133970798,0.0
16/08/2024,347500,10185695000,29.35(1.38 %),397300,11646870000,49800,1461175000,133623298,0.0
19/08/2024,678300,20045370000,29.65(1.02 %),755400,22321205000,77100,2275835000,132944998,0.0
20/08/2024,487500,14456615000,29.65(0.00 %),575300,17053060000,87800,2596445000,132457498,0.0
21/08/2024,715600,21375090000,29.95(1.01 %),882800,26318435000,167200,4943345000,131741898,0.0
22/08/2024,1684600,50346930000,29.9(-0.17 %),1928800,57642480000,244200,7295550000,130057298,0.0
23/08/2024,1860800,55587380000,29.95(0.17 %),2068600,61788200000,207800,6200820000,128196498,0.0
26/08/2024,-20600,-679415000,29.75(-0.67 %),1247800,37224265000,1268400,37903680000,128217098,0.0
27/08/2024,-905200,-26831645000,29.6(-0.50 %),256700,7634865000,1161900,34466510000,129122298,0.0
28/08/2024,-398200,-11819030000,29.55(-0.17 %),118400,3506080000,516600,15325110000,129520498,0.0
29/08/2024,3662700,111652255000,30.45(3.05 %),5399700,164917795000,1737000,53265540000,125857798,0.0
30/08/2024,-427000,-12998825000,30.55(0.33 %),286000,8729225000,713000,21728050000,126284798,0.0
04/09/2024,-481400,-14513495000,30.1(-1.47 %),180500,5458830000,661900,19972325000,125986175,0.0
05/09/2024,-1230100,-36942495000,29.6(-1.66 %),727400,21544580000,1957500,58487075000,127216275,0.0
06/09/2024,1946300,57886870000,29.9(1.01 %),2468300,73349265000,522000,15462395000,125269975,0.0
09/09/2024,-800200,-23689250000,29.5(-1.34 %),249200,7364160000,1049400,31053410000,126070175,0.0
10/09/2024,90100,2607455000,29.2(-1.02 %),587600,17271015000,497500,14663560000,125980075,0.0
11/09/2024,-361400,-10701420000,29.6(1.37 %),805700,23671145000,1167100,34372565000,126341475,0.0
12/09/2024,1127100,33444795000,29.7(0.34 %),1349900,40059320000,222800,6614525000,125214375,0.0
13/09/2024,2796100,83165840000,29.8(0.34 %),2924200,86972625000,128100,3806785000,122418275,0.0
16/09/2024,363400,10769935000,29.55(-0.84 %),449200,13320135000,85800,2550200000,122054875,0.0
17/09/2024,-454700,-13480845000,29.85(1.02 %),193500,5735290000,648200,19216135000,122509575,0.0
18/09/2024,1157100,34933540000,30.25(1.34 %),1567100,47345930000,410000,12412390000,121352475,0.0
19/09/2024,657100,19997250000,30.5(0.83 %),889300,27067270000,232200,7070020000,120695375,0.0
20/09/2024,1900100,59094290000,30.85(1.15 %),2369900,73651880000,469800,14557590000,118795275,0.0
23/09/2024,182800,5649040000,30.8(-0.16 %),277500,8592445000,94700,2943405000,118612475,0.0
24/09/2024,2365500,74616540000,31.85(3.41 %),2398600,75651260000,33100,1034720000,116246975,0.0
25/09/2024,-1891500,-60788490000,32.7(2.67 %),1138600,36522205000,3030100,97310695000,118138475,0.0
26/09/2024,987200,32604515000,32.75(0.15 %),3151800,104100595000,2164600,71496080000,117151275,0.0
27/09/2024,276700,9107520000,33.6(2.60 %),1197700,39650355000,921000,30542835000,116874575,0.0
30/09/2024,-3295900,-110101060000,33.35(-0.74 %),104400,3485305000,3400300,113586365000,120170475,0.0
01/10/2024,-747700,-25457345000,33.5(0.45 %),484300,16449815000,1232000,41907160000,119205083,0.0
02/10/2024,-218000,-7327210000,33.55(0.15 %),1334500,44962625000,1552500,52289835000,119423083,0.0
03/10/2024,4157700,140953540000,33.75(0.60 %),4440400,150570160000,282700,9616620000,115265383,0.0
04/10/2024,666100,22207725000,33.1(-1.93 %),2168300,72397055000,1502200,50189330000,114599283,0.0
07/10/2024,1885500,63366285000,33.8(2.11 %),4916300,165720385000,3030800,102354100000,112713783,0.0
08/10/2024,-1881200,-63401895000,33.7(-0.30 %),2488600,84229950000,4369800,147631845000,114594983,0.0
09/10/2024,-1479100,-49826930000,34.15(1.34 %),3678900,124993825000,5158000,174820755000,116074083,0.0
10/10/2024,-3694100,-126756705000,33.6(-1.61 %),1231600,42163330000,4925700,168920035000,119768183,0.0
11/10/2024,-637300,-21315000000,33.8(0.60 %),974900,32743475000,1612200,54058475000,120405483,0.0
14/10/2024,-1554400,-52840615000,33.9(0.30 %),1841200,62378050000,3395600,115218665000,121959883,0.0
15/10/2024,60200,2142880000,33.7(-0.59 %),550100,18730370000,489900,16587490000,121899683,0.0
16/10/2024,2304500,77164280000,33.6(-0.30 %),2770500,92769620000,466000,15605340000,119595183,0.0
17/10/2024,5224300,175911745000,34.6(2.98 %),5960800,200747990000,736500,24836245000,114370883,0.0
18/10/2024,389300,13604795000,35.55(2.75 %),1708000,60449040000,1318700,46844245000,113981583,0.0
21/10/2024,-3681500,-131420755000,35.25(-0.84 %),1169400,41693250000,4850900,173114005000,117663083,0.0
22/10/2024,-636000,-22668735000,35(-0.71 %),1138100,40340830000,1774100,63009565000,118299083,0.0
23/10/2024,1600400,56257130000,35.8(2.29 %),2051200,72202695000,450800,15945565000,116698683,0.0
24/10/2024,-1738800,-61610415000,33.4(-6.70 %),1007100,34506950000,2745900,96117365000,118437483,0.0
25/10/2024,-24800,-978780000,33.45(0.15 %),1677100,56291460000,1701900,57270240000,118462283,0.0
28/10/2024,1381300,46453190000,33.75(0.90 %),1864200,62798745000,482900,16345555000,117080983,0.0
29/10/2024,916200,31220135000,34.05(0.89 %),1708900,58259900000,792700,27039765000,116164783,0.0
30/10/2024,-2419800,-83670110000,34.8(2.20 %),391500,13499735000,2811300,97169845000,118584583,0.0
31/10/2024,-2016100,-71132270000,35.2(1.15 %),300600,10572125000,2316700,81704395000,120600683,0.0
01/11/2024,-546100,-19182430000,35(-0.57 %),109300,3838970000,655400,23021400000,120670809,0.0
04/11/2024,2382700,83564140000,34.9(-0.29 %),3078300,108061980000,695600,24497840000,118288109,0.0
05/11/2024,-1380300,-48233340000,34.85(-0.14 %),873400,30618325000,2253700,78851665000,119668409,0.0
06/11/2024,729400,25633120000,35.5(1.87 %),910200,31973190000,180800,6340070000,118939009,0.0
07/11/2024,1206200,42948180000,35.6(0.28 %),1967000,69988520000,760800,27040340000,117732809,0.0
08/11/2024,-2236500,-79211980000,35.5(-0.28 %),155200,5522245000,2391700,84734225000,119969309,0.0
11/11/2024,-3154800,-107890135000,33.8(-4.79 %),889400,30102280000,4044200,137992415000,123124109,0.0
12/11/2024,1721200,57619600000,33.55(-0.74 %),2272600,76123865000,551400,18504265000,125401692,23.35
13/11/2024,1432100,46857095000,33.4(-0.45 %),1850200,60787880000,418100,13930785000,119970809,0.0
14/11/2024,-77400,-2660715000,32.5(-2.69 %),562500,18388890000,639900,21049605000,120048209,0.0
15/11/2024,162800,5139230000,32.4(-0.31 %),1892400,61485130000,1729600,56345900000,119885409,0.0
18/11/2024,1007600,32584365000,32.6(0.62 %),1847100,59679860000,839500,27095495000,118877809,0.0
19/11/2024,-404400,-13139605000,31.95(-1.99 %),640600,20498365000,1045000,33637970000,119282209,0.0
20/11/2024,191800,6154685000,32.4(1.41 %),1006900,32525585000,815100,26370900000,119090409,0.0
21/11/2024,572800,18699795000,33.05(2.01 %),1988100,64958360000,1415300,46258565000,118517609,0.0
22/11/2024,-1197700,-39330820000,32.65(-1.21 %),85700,2817065000,1283400,42147885000,119715309,0.0
25/11/2024,-28600,-961080000,32.85(0.61 %),286000,9408690000,314600,10369770000,123580508,23.44
26/11/2024,684900,22719870000,33.2(1.07 %),1324800,43925750000,639900,21205880000,123468567,23.45
27/11/2024,-341700,-11196720000,33.2(0.00 %),430600,14273805000,772300,25470525000,123288567,23.46
28/11/2024,-1017000,-33808775000,33.15(-0.15 %),678100,22505975000,1695100,56314750000,123218367,23.46
29/11/2024,-342200,-11189080000,33.3(0.45 %),728300,24180935000,1070500,35370015000,123262367,23.46
02/12/2024,-1309000,-43282455000,33.1(-0.60 %),430800,14259410000,1739800,57541865000,124526667,23.39
03/12/2024,-555800,-18314570000,32.6(-1.51 %),476100,15546905000,1031900,33861475000,125121067,23.36
04/12/2024,121500,3935415000,32.4(-0.61 %),522000,16899510000,400500,12964095000,126426867,23.29
05/12/2024,1493100,49418430000,33.95(4.78 %),1720900,56903475000,227800,7485045000,125781867,23.33
09/12/2024,161700,5509895000,34(0.59 %),339800,11534930000,178100,6025035000,124871167,23.38
10/12/2024,-520800,-17692130000,33.5(-1.47 %),70900,2409560000,591700,20101690000,125558267,23.34
16/12/2024,341400,11614035000,34.1(0.29 %),692200,23524630000,350800,11910595000,125300940,23.35
17/12/2024,-160100,-5415935000,34.1(0.00 %),236100,8036230000,396200,13452165000,125560740,23.34
18/12/2024,-247200,-8261110000,34.2(0.29 %),620700,21200625000,867900,29461735000,125290826,23.35
19/12/2024,80700,2802180000,33.9(-0.88 %),910500,30849545000,829800,28047365000,124776526,23.38
20/12/2024,66000,2299540000,33.85(-0.15 %),690000,23304655000,624000,21005115000,124954450,23.37
24/12/2024,0,0,34.7(0.58 %),0,0,0,0,124823750,23.38
25/12/2024,2164600,77946900000,36.25(4.47 %),2818600,101504300000,654000,23557400000,123334050,23.46
26/12/2024,-1120800,-41271120000,37.1(2.34 %),1778400,65622475000,2899200,106893595000,121715454,23.54
27/12/2024,4433000,165149660000,37.4(0.81 %),4610500,171734790000,177500,6585130000,117694954,23.76
30/12/2024,4151300,156726070000,37.85(1.20 %),4238900,159983550000,87600,3257480000,116323271,23.83
31/12/2024,-1872400,-69565020000,36.9(-2.51 %),1458600,53890400000,3331000,123455420000,115042195,23.9
02/01/2025,-208900,-7634605000,37(0.27 %),575200,21228770000,784100,28863375000,114554582,23.92
03/01/2025,-483900,-17636845000,36.1(-2.43 %),163400,5957085000,647300,23593930000,117722108,23.76
06/01/2025,2295700,83367190000,36.25(0.42 %),2391300,86838630000,95600,3471440000,116141343,23.84
07/01/2025,875500,32167955000,36.9(1.79 %),1116700,41047455000,241200,8879500000,116141343,23.84
08/01/2025,-1895100,-69567080000,36.7(-0.54 %),311300,11426760000,2206400,80993840000,115392279,23.88
09/01/2025,-2309800,-84635215000,36.4(-0.82 %),294800,10782460000,2604600,95417675000,115338676,23.88
10/01/2025,-2969500,-107230035000,35.2(-3.30 %),862200,30844645000,3831700,138074680000,116735598,23.81
13/01/2025,-339300,-11877385000,35.3(0.28 %),1654300,57865690000,1993600,69743075000,117685898,23.76
14/01/2025,-431100,-15118320000,35.4(0.28 %),364900,12799880000,796000,27918200000,121075364,23.58
15/01/2025,-3781400,-133194670000,35.1(-0.85 %),66800,2354940000,3848200,135549610000,122970243,23.48
16/01/2025,-3588600,-126631385000,35.45(1.00 %),720300,25408440000,4308900,152039825000,126558843,0.0
17/01/2025,-1820700,-64413920000,35.75(0.85 %),176000,6249295000,1996700,70663215000,126718241,23.28
20/01/2025,-815300,-29360205000,35.95(0.56 %),359200,12946585000,1174500,42306790000,130667941,23.07
21/01/2025,-984100,-35462660000,36.05(0.28 %),363400,13154340000,1347500,48617000000,132301241,22.98
22/01/2025,-281200,-10255370000,36.35(0.83 %),383600,13983540000,664800,24238910000,133092189,22.94
23/01/2025,314600,11763775000,37(1.79 %),759100,28308330000,444500,16544555000,133680589,22.91
24/01/2025,184200,6800525000,37(0.00 %),880500,32633835000,696300,25833310000,133464889,22.92
03/02/2025,-118200,-4297705000,0(0.00 %),755800,27620885000,874000,31918590000,133153626,22.94
04/02/2025,-898800,-33524870000,37.3(2.05 %),590300,22026220000,1489100,55551090000,133259623,22.93
05/02/2025,-388100,-14404460000,37.25(-0.13 %),768100,28587395000,1156200,42991855000,133365521,22.93
06/02/2025,-370400,-13839510000,37.35(0.27 %),1161100,43679865000,1531500,57519375000,133543584,22.92
07/02/2025,-975400,-36508760000,37.45(0.27 %),201400,7557725000,1176800,44066485000,134498354,22.87
10/02/2025,2896100,111191730000,38.45(2.67 %),4415500,169479285000,1519400,58287555000,131614353,23.02
11/02/2025,-356800,-13651565000,38.5(0.13 %),326800,12574505000,683600,26226070000,132404353,22.98
12/02/2025,-958100,-37144825000,38.65(0.39 %),704200,27304065000,1662300,64448890000,133139554,22.94
13/02/2025,-799200,-30878740000,38.8(0.39 %),250200,9661150000,1049400,40539890000,133510254,22.92
14/02/2025,-1264500,-49005840000,38.25(-1.42 %),438200,17001880000,1702700,66007720000,134734317,22.85
17/02/2025,86100,3287455000,38.3(0.13 %),444100,17014120000,358000,13726665000,135340617,22.82
18/02/2025,-306900,-11776115000,38.65(0.91 %),925800,35787205000,1232700,47563320000,136150517,22.78
19/02/2025,-183100,-7186655000,38.75(0.26 %),647800,25120260000,830900,32306915000,135830632,22.79
20/02/2025,-312300,-12182425000,38.75(0.00 %),974200,37773240000,1286500,49955665000,136089147,22.78
21/02/2025,-1366100,-52819235000,38.85(0.26 %),77900,2999950000,1444000,55819185000,136842147,22.74
24/02/2025,38100,1426900000,39.4(1.42 %),1188000,46555390000,1149900,45128490000,136940647,22.74
25/02/2025,-227500,-8952470000,39.25(-0.38 %),225000,8871675000,452500,17824145000,138142647,22.67
26/02/2025,-5138000,-199208525000,38.55(-1.78 %),276600,10701535000,5414600,209910060000,139015947,22.63
27/02/2025,-4893600,-187186100000,38.3(-0.65 %),250900,9597320000,5144500,196783420000,139187592,22.62
28/02/2025,-572700,-21967810000,38.25(-0.13 %),253800,9748770000,826500,31716580000,144348392,22.34
03/03/2025,221500,8544525000,38.85(1.57 %),389800,15033530000,168300,6489005000,149103091,22.09
04/03/2025,-1430100,-55723015000,39.2(0.90 %),242200,9436355000,1672300,65159370000,149687391,22.06
05/03/2025,-46000,-1801975000,38.8(-1.02 %),792600,31121605000,838600,32923580000,149063091,22.09
06/03/2025,740900,28996065000,39.5(1.80 %),939300,36759805000,198400,7763740000,149796186,22.05
07/03/2025,215500,8533645000,39.75(0.63 %),499300,19772300000,283800,11238655000,150196486,22.03
10/03/2025,-499000,-19867490000,40(0.63 %),337000,13463230000,836000,33330720000,150057886,22.04
11/03/2025,-8800,-350265000,39.9(-0.25 %),252400,10033700000,261200,10383965000,150057886,22.04
12/03/2025,749100,29718025000,39.75(-0.38 %),1480900,58756895000,731800,29038870000,149444404,22.07
13/03/2025,-43690,-1804315350,39(-1.89 %),1362100,53292350000,1405790,55096665350,148353620,22.13
14/03/2025,-2260300,-87346780000,38.85(-0.38 %),805100,31225670000,3065400,118572450000,148280963,22.13
17/03/2025,-176700,-6882165000,38.85(0.00 %),1154300,44922210000,1331000,51804375000,148532392,22.12
18/03/2025,-550300,-21285780000,38.4(-1.16 %),247600,9528530000,797900,30814310000,151351117,21.97
19/03/2025,-755600,-28763600000,38.4(0.00 %),989600,37856065000,1745200,66619665000,151693240,21.95
20/03/2025,-115900,-4522975000,38.9(1.30 %),651700,25200425000,767600,29723400000,151821888,21.95
21/03/2025,-551500,-21330575000,38.65(-0.64 %),734800,28391470000,1286300,49722045000,152803003,21.89
24/03/2025,-551000,-20992600000,38.6(-0.13 %),678300,26094090000,1229300,47086690000,152892889,21.89
25/03/2025,348100,13449735000,38.65(0.13 %),691900,26704965000,343800,13255230000,153438909,21.86
26/03/2025,1432800,55623765000,38.6(-0.13 %),1615200,62707955000,182400,7084190000,153053757,21.88
27/03/2025,55700,2096075000,38.25(-0.91 %),384200,14698685000,328500,12602610000,152954307,21.89
28/03/2025,161600,6164405000,38.25(0.00 %),415200,15854395000,253600,9689990000,152692440,21.9
31/03/2025,-1840600,-70452010000,38.3(0.13 %),360400,13806675000,2201000,84258685000,152661046,21.9
01/04/2025,-873700,-33765340000,39.7(3.66 %),278600,10797495000,1152300,44562835000,152636546,21.9
02/04/2025,-240600,-9511965000,39.25(-1.13 %),110900,4389695000,351500,13901660000,154667246,21.8
03/04/2025,-6616100,-246440830000,36.55(-6.88 %),5240800,193295670000,11856900,439736500000,150554820,22.01
04/04/2025,-1507400,-54367540000,37.4(2.33 %),450100,16258830000,1957500,70626370000,150396136,22.02
08/04/2025,-6703600,-235745725000,34.8(-6.95 %),1617800,57042900000,8321400,292788625000,160537544,21.48
09/04/2025,-3010100,-105010150000,33.1(-4.89 %),3076500,104413560000,6086600,209423710000,159331544,21.55
10/04/2025,-3900,-138060000,35.4(6.95 %),0,0,3900,138060000,167476319,21.12
11/04/2025,278300,9619655000,37.85(6.92 %),1874200,68650015000,1595900,59030360000,171688577,20.89
14/04/2025,669100,25503445000,37.8(-0.13 %),1799500,68386575000,1130400,42883130000,169892987,20.99
15/04/2025,513100,19097775000,38.45(1.72 %),1394400,52590255000,881300,33492480000,170094373,20.98
16/04/2025,-435600,-16928135000,38.15(-0.78 %),746800,28598110000,1182400,45526245000,170477973,20.96
17/04/2025,-2235000,-85169200000,38.3(0.39 %),1279300,48823280000,3514300,133992480000,170079902,20.98
18/04/2025,-801100,-31036760000,38.55(0.65 %),662500,25769990000,1463600,56806750000,170599800,20.95
21/04/2025,-242200,-10940530000,40.45(4.93 %),1703700,66711420000,1945900,77651950000,172403146,20.85
22/04/2025,4346300,170441940000,40.65(0.49 %),6328000,249285820000,1981700,78843880000,167538581,21.11
23/04/2025,266400,10709665000,40.2(-1.11 %),1172700,47589170000,906300,36879505000,168328781,21.07
24/04/2025,2203900,88324585000,40.2(0.00 %),2558800,102513160000,354900,14188575000,167751681,21.1
25/04/2025,-3191800,-127881145000,39.15(-2.61 %),914900,36021475000,4106700,163902620000,167742993,21.1
28/04/2025,22900,1059420000,39.25(0.26 %),1191100,46626815000,1168200,45567395000,166906795,21.15
29/04/2025,-72200,-2821490000,39.1(-0.38 %),89900,3535380000,162100,6356870000,170923595,20.93
05/05/2025,254512,-13896015800,39.5(1.02 %),254512,9984209200,0,23880225000,172091795,20.87
06/05/2025,26100,991710000,38.85(-1.65 %),823600,32528935000,797500,31537225000,172227879,20.86
07/05/2025,1570300,61205505000,38.85(0.00 %),1584000,61739650000,13700,534145000,171012939,20.93
08/05/2025,1352000,52838680000,39.5(1.67 %),2182700,85399765000,830700,32561085000,169660853,21.0
09/05/2025,-583700,-23192710000,39.75(0.63 %),755500,29968155000,1339200,53160865000,169660853,21.0
12/05/2025,-2851000,-114044480000,40(0.63 %),1448900,57938030000,4299900,171982510000,169660853,21.0
13/05/2025,-3800900,-151053545000,40.1(0.25 %),856400,34159730000,4657300,185213275000,170244553,20.97
14/05/2025,438700,17729925000,40(-0.25 %),2733700,109293030000,2295000,91563105000,172656522,20.84
15/05/2025,2733000,54461015000,40.7(1.75 %),2733000,110647235000,0,56186220000,175114822,20.71
16/05/2025,117315,-56715381350,39.8(-2.21 %),117315,4710823750,0,61426205100,175114822,20.71
19/05/2025,566006,5785286450,39(-2.01 %),566006,22104596450,0,16319310000,174964116,20.72
20/05/2025,988200,7661135000,39.5(1.28 %),988200,38992890000,0,31331755000,176183302,20.65
21/05/2025,9229000,354156585000,41.8(5.82 %),9229000,385626300000,0,31469715000,167711502,21.1
22/05/2025,2787005,90210839250,41.1(-1.67 %),2787005,115938254250,0,25727415000,165542597,21.22
23/05/2025,1478500,61381295000,41.8(1.70 %),1898000,78770950000,419500,17389655000,164064098,21.3
26/05/2025,985100,-20362880000,41.55(-0.60 %),985100,40677555000,0,61040435000,164064098,21.3
27/05/2025,-1717300,-71275215000,41.5(-0.12 %),737600,30760105000,2454900,102035320000,164064098,21.3
28/05/2025,552031,-47333452200,41.05(-1.08 %),552031,22760878750,0,70094330950,164557998,21.27
29/05/2025,1332500,-50985400000,41.3(0.61 %),1332500,54797935000,0,105783335000,166275298,21.18
30/05/2025,427270,-110147117750,40.7(-1.45 %),427270,17419946000,0,127567063750,167420067,21.12
02/06/2025,873000,-65755939000,41.8(2.70 %),873000,36104710000,0,101860649000,168661267,21.05
03/06/2025,7900,-64884200000,41.6(-0.48 %),7900,330575000,0,65214775000,171354621,20.91
04/06/2025,160500,-118469223200,41(-1.44 %),160500,6654575000,0,125123798200,172950291,20.83
05/06/2025,855700,-117286777250,41.35(0.85 %),855700,35467305000,0,152754082250,174507391,20.74
06/06/2025,1180100,-56923350000,41.75(0.97 %),1180100,49639495000,0,106562845000,177371843,20.59
09/06/2025,160600,-16964280000,41.95(0.48 %),160600,6750840000,0,23715120000,180204513,20.44
10/06/2025,1899200,31768293000,42.9(2.26 %),1899200,81380065000,0,49611772000,180815009,20.41
11/06/2025,-1365200,-58655190000,42.85(-0.12 %),249900,10729075000,1615100,69384265000,181219909,20.39
12/06/2025,1204900,53153365000,45(5.02 %),2302600,102210560000,1097700,49057195000,180015022,20.45
13/06/2025,262700,11535015000,44.9(-0.22 %),1245400,55564935000,982700,44029920000,181117539,20.39
16/06/2025,-1457300,-65480375000,45.5(1.34 %),486100,22005050000,1943400,87485425000,181117539,20.39
17/06/2025,-1717900,-78833455000,46(1.10 %),1130700,51876595000,2848600,130710050000,181124539,20.39
18/06/2025,-1175200,-55377630000,47.2(2.61 %),1391300,65511170000,2566500,120888800000,182581771,20.32
19/06/2025,-2161100,-101306255000,47.15(-0.11 %),946300,44592065000,3107400,145898320000,184299602,20.22
20/06/2025,-1201000,-56501030000,46.6(-1.17 %),832600,38753235000,2033600,95254265000,185914797,20.14
23/06/2025,-356200,-16681235000,46.45(-0.32 %),613700,28537585000,969900,45218820000,188075897,20.02
24/06/2025,-1308600,-61393410000,46.5(0.11 %),1128400,52535925000,2437000,113929335000,189276897,19.96
25/06/2025,678100,31859025000,46.8(0.65 %),1070900,50289865000,392800,18430840000,188949491,19.98
26/06/2025,-2225500,-103381925000,46.8(0.00 %),500400,23281915000,2725900,126663840000,190258168,19.91
27/06/2025,-1348200,-62722000000,46.35(-0.96 %),237600,11161390000,1585800,73883390000,190258168,19.91
30/06/2025,573100,26738265000,46.7(0.76 %),979300,45668335000,406200,18930070000,191910578,19.82
01/07/2025,466200,21890730000,46.95(0.54 %),1130500,52915955000,664300,31025225000,192792579,19.77
02/07/2025,-264700,-12581685000,47.55(1.28 %),1569800,74572880000,1834500,87154565000,192792579,19.77
03/07/2025,413500,19734670000,46.65(-1.89 %),2155600,101531325000,1742100,81796655000,192378984,19.8
04/07/2025,511800,24225870000,47.05(0.86 %),1440500,67464890000,928700,43239020000,192131884,19.81
07/07/2025,2064900,98374415000,47.55(1.06 %),2672400,127370810000,607500,28996395000,190066984,19.92
08/07/2025,213300,10220190000,47.65(0.21 %),761500,36283615000,548200,26063425000,189853612,19.93
09/07/2025,1204600,57586775000,47.8(0.31 %),1561800,74640305000,357200,17053530000,188625712,19.99
10/07/2025,568900,27076760000,47.65(-0.31 %),1456700,69188515000,887800,42111755000,188625712,19.99
11/07/2025,732000,34820985000,47.65(0.00 %),1709600,81774150000,977600,46953165000,187324812,20.06
14/07/2025,179700,8654610000,47.95(0.63 %),1093900,52067255000,914200,43412645000,187145112,20.07
15/07/2025,1548700,75016415000,47.7(-0.52 %),1868300,90479220000,319600,15462805000,185596422,20.16
16/07/2025,-667900,-31796955000,47.8(0.21 %),1212700,57734275000,1880600,89531230000,185580422,20.16
17/07/2025,766100,36722765000,47.7(-0.21 %),1268800,60784025000,502700,24061260000,185580422,20.16
18/07/2025,-348700,-15787880000,50.2(5.24 %),3588800,174033670000,3937500,189821550000,185439725,20.16
21/07/2025,-824000,-41033485000,49.5(-1.39 %),1442900,71572760000,2266900,112606245000,185432925,20.16
22/07/2025,-1083000,-52938365000,49.5(0.00 %),521700,25760730000,1604700,78699095000,185781634,20.15
23/07/2025,-768800,-37964770000,48.7(-1.62 %),1081300,52813240000,1850100,90778010000,186604235,20.1
24/07/2025,-791800,-38845905000,49(0.62 %),334800,16389285000,1126600,55235190000,187687277,20.04
25/07/2025,-976300,-47886090000,48.8(-0.41 %),902000,44155525000,1878300,92041615000,188456077,20.0
28/07/2025,-429300,-20943995000,49.1(0.61 %),1013800,49641045000,1443100,70585040000,188952916,19.98
29/07/2025,880200,43008630000,48(-2.24 %),2792400,136714440000,1912200,93705810000,188843433,19.98
30/07/2025,387300,19006755000,49.3(2.71 %),2401600,118752805000,2014300,99746050000,188603907,20.0
31/07/2025,-1702400,-84780015000,49.95(1.32 %),1627300,81182795000,3329700,165962810000,188603907,20.0
01/08/2025,-2690500,-134077080000,49.4(-1.10 %),794400,39385675000,3484900,173462755000,188603907,20.0
04/08/2025,456800,23057535000,50(1.21 %),1533200,75926250000,1076400,52868715000,189849507,19.93
05/08/2025,1401900,68017490000,51.7(3.40 %),4444300,227430880000,3042400,159413390000,191138157,19.86
06/08/2025,4690600,250046890000,54.1(4.64 %),5195200,276982380000,504600,26935490000,186447556,20.11
07/08/2025,1995500,107871830000,54.6(0.92 %),3526400,190291430000,1530900,82419600000,184436056,20.22
08/08/2025,271400,15162650000,54(-1.10 %),2607700,139863810000,2336300,124701160000,184164675,20.23
11/08/2025,447100,24759700000,53.7(-0.56 %),3718200,198702740000,3271100,173943040000,183711175,20.26
12/08/2025,1548300,83525970000,54(0.56 %),2244000,120785950000,695700,37259980000,182154615,20.34
13/08/2025,321500,17575160000,53.9(-0.19 %),1958800,104909740000,1637300,87334580000,181757022,20.36
14/08/2025,497300,27062150000,55.4(2.78 %),2155200,117854020000,1657900,90791870000,181256722,20.39
15/08/2025,-2150400,-116742430000,53.9(-2.71 %),1559900,84450870000,3710300,201193300000,181256722,20.39
18/08/2025,-217800,-11313240000,52.8(-2.04 %),2524200,133532590000,2742000,144845830000,181256722,20.39
19/08/2025,-1057400,-56023950000,53.2(0.76 %),1618900,85722270000,2676300,141746220000,183407165,20.27
20/08/2025,87800,4277550000,54.1(1.69 %),2902000,154162700000,2814200,149885150000,183499365,20.27
21/08/2025,-1217100,-72715130000,57.8(6.84 %),2412200,135531100000,3629300,208246230000,184555865,20.21
22/08/2025,-2104600,-120350290000,55.5(-3.98 %),1300400,73775390000,3405000,194125680000,184555865,20.21
25/08/2025,-4498500,-244556970000,53(-4.50 %),867300,46390250000,5365800,290947220000,184555865,20.21
26/08/2025,-1103200,-58860030000,0(-100.00 %),1152600,61694770000,2255800,120554800000,186172965,20.12
