Ngay,KLGDRong,GTDGRong,ThayDoi,KLMua,GtMua,KLBan,GtBan,RoomConLai,DangSoHuu
31/07/2006,200,4000,0(0.00 %),200,4000,0,0,0,0.0
01/08/2006,10200,193800,0(0.00 %),10200,193800,0,0,0,0.0
02/08/2006,300,5430,0(0.00 %),300,5430,0,0,0,0.0
03/08/2006,13500,250200,0(0.00 %),13500,250200,0,0,0,0.0
04/08/2006,10100,191920,0(0.00 %),10100,191920,0,0,0,0.0
08/08/2006,620,10942,0(0.00 %),620,10942,0,0,0,0.0
10/08/2006,2000,35400,0(0.00 %),2000,35400,0,0,0,0.0
11/08/2006,2510,45682,0(0.00 %),2510,45682,0,0,0,0.0
14/08/2006,-200,-3820,0(0.00 %),0,0,200,3820,0,0.0
15/08/2006,2600,52000,0(0.00 %),3000,60000,400,8000,0,0.0
16/08/2006,-200,-4200,0(0.00 %),0,0,200,4200,0,0.0
17/08/2006,-2200,-48400,0(0.00 %),0,0,2200,48400,0,0.0
18/08/2006,-200,-4620,0(0.00 %),0,0,200,4620,0,0.0
22/08/2006,8800,202000,0(0.00 %),9000,207000,200,5000,0,0.0
23/08/2006,200,-17620,0(0.00 %),10200,223380,10000,241000,0,0.0
24/08/2006,2000,47800,0(0.00 %),2000,47800,0,0,0,0.0
25/08/2006,10,238,0(0.00 %),10,238,0,0,0,0.0
29/08/2006,-200,-4800,0(0.00 %),0,0,200,4800,0,0.0
31/08/2006,-5000,-118637,0(0.00 %),0,0,5000,118637,0,0.0
01/09/2006,-300,-7200,0(0.00 %),0,0,300,7200,0,0.0
05/09/2006,2500,62500,0(0.00 %),2500,62500,0,0,0,0.0
06/09/2006,650,16250,0(0.00 %),650,16250,0,0,0,0.0
07/09/2006,10000,247970,0(0.00 %),10000,247970,0,0,0,0.0
08/09/2006,10000,248000,0(0.00 %),10000,248000,0,0,0,0.0
11/09/2006,10,236,0(0.00 %),10,236,0,0,0,0.0
12/09/2006,-4010,-90225,0(0.00 %),0,0,4010,90225,0,0.0
13/09/2006,-5490,-117486,0(0.00 %),0,0,5490,117486,0,0.0
14/09/2006,-5690,-116076,0(0.00 %),9510,194004,15200,310080,0,0.0
15/09/2006,-15400,-330160,0(0.00 %),8000,170600,23400,500760,0,0.0
18/09/2006,6000,123800,0(0.00 %),6000,123800,0,0,0,0.0
20/09/2006,6000,125600,0(0.00 %),6000,125600,0,0,0,0.0
21/09/2006,6000,125200,0(0.00 %),6000,125200,0,0,0,0.0
22/09/2006,430,8911,0(0.00 %),430,8911,0,0,0,0.0
25/09/2006,2070,43056,0(0.00 %),2070,43056,0,0,0,0.0
26/09/2006,6210,128247,0(0.00 %),6210,128247,0,0,0,0.0
27/09/2006,2870,58548,0(0.00 %),2870,58548,0,0,0,0.0
28/09/2006,-2500,-50500,0(0.00 %),0,0,2500,50500,0,0.0
29/09/2006,-5500,-114200,0(0.00 %),0,0,5500,114200,0,0.0
02/10/2006,-10000,-220000,0(0.00 %),0,0,10000,220000,0,0.0
03/10/2006,-190,-4280,0(0.00 %),10,220,200,4500,0,0.0
04/10/2006,-3000,-63200,0(0.00 %),2000,41800,5000,105000,0,0.0
05/10/2006,-8000,-168000,0(0.00 %),2000,42000,10000,210000,0,0.0
06/10/2006,-970,-20370,0(0.00 %),0,0,970,20370,0,0.0
09/10/2006,-2000,-41800,0(0.00 %),0,0,2000,41800,0,0.0
10/10/2006,-2700,-53870,0(0.00 %),300,6030,3000,59900,0,0.0
11/10/2006,-5070,-103096,0(0.00 %),0,0,5070,103096,0,0.0
12/10/2006,-8450,-171080,0(0.00 %),0,0,8450,171080,0,0.0
13/10/2006,-10960,-221888,0(0.00 %),0,0,10960,221888,0,0.0
16/10/2006,-1570,-31400,0(0.00 %),0,0,1570,31400,0,0.0
17/10/2006,30,585,0(0.00 %),30,585,0,0,0,0.0
20/10/2006,-1000,-20500,0(0.00 %),0,0,1000,20500,0,0.0
23/10/2006,-50,-1080,0(0.00 %),200,4020,250,5100,0,0.0
24/10/2006,-460,-9246,0(0.00 %),0,0,460,9246,0,0.0
25/10/2006,500,9800,0(0.00 %),500,9800,0,0,0,0.0
02/11/2006,-5000,-99500,0(0.00 %),0,0,5000,99500,0,0.0
03/11/2006,100,1990,0(0.00 %),100,1990,0,0,0,0.0
07/11/2006,300,5700,0(0.00 %),300,5700,0,0,0,0.0
09/11/2006,5000,97500,19.4(1.04 %),5000,97500,0,0,0,0.0
10/11/2006,10000,190000,19(-2.06 %),10000,190000,0,0,0,0.0
13/11/2006,-4000,-75400,18.7(-1.58 %),0,0,4000,75400,0,0.0
14/11/2006,2300,42800,18(-3.74 %),2300,42800,0,0,0,0.0
17/11/2006,6000,106400,17.8(0.00 %),6000,106400,0,0,0,0.0
20/11/2006,2100,36750,17.5(-1.69 %),2100,36750,0,0,0,0.0
21/11/2006,6080,105184,17.3(-1.14 %),6080,105184,0,0,0,0.0
22/11/2006,-1000,-18100,18.1(4.62 %),0,0,1000,18100,0,0.0
23/11/2006,-300,-5700,19(4.97 %),0,0,300,5700,0,0.0
24/11/2006,-300,-5970,19.9(4.74 %),0,0,300,5970,0,0.0
27/11/2006,200,3800,19(-4.52 %),200,3800,0,0,0,0.0
28/11/2006,800,14600,18.5(-2.63 %),800,14600,0,0,0,0.0
29/11/2006,80,1416,17.8(-3.78 %),80,1416,0,0,0,0.0
30/11/2006,300,5100,17.5(-1.69 %),300,5100,0,0,0,0.0
01/12/2006,800,14320,17.8(1.71 %),800,14320,0,0,0,0.0
04/12/2006,300,5290,17.5(-1.69 %),300,5290,0,0,0,0.0
05/12/2006,3000,52500,17.4(-0.57 %),3000,52500,0,0,0,0.0
06/12/2006,1000,16900,16.9(-2.87 %),1000,16900,0,0,0,0.0
07/12/2006,320,5152,16.1(-4.73 %),320,5152,0,0,0,0.0
08/12/2006,500,7700,15.4(-4.35 %),500,7700,0,0,0,0.0
11/12/2006,2000,30200,15.1(-1.95 %),2000,30200,0,0,0,0.0
13/12/2006,2000,27800,14.5(-0.68 %),2000,27800,0,0,0,0.0
14/12/2006,-200,-3040,15.2(4.83 %),0,0,200,3040,0,0.0
15/12/2006,3000,47700,15.9(4.61 %),3000,47700,0,0,0,0.0
19/12/2006,2000,33200,17(2.41 %),2000,33200,0,0,0,0.0
20/12/2006,-4500,-74700,16.6(-2.35 %),500,8300,5000,83000,0,0.0
26/12/2006,-2000,-30300,15.1(0.67 %),0,0,2000,30300,0,0.0
28/12/2006,-1000,-15000,15(0.00 %),0,0,1000,15000,0,0.0
29/12/2006,-1080,-16200,15(0.00 %),0,0,1080,16200,0,0.0
01/03/2007,-300,-5700000,19(4.97 %),0,0,300,5700000,0,0.0
02/03/2007,-300,-5970000,19.9(4.74 %),0,0,300,5970000,0,0.0
05/03/2007,0,0,20.8(4.52 %),0,0,0,0,0,0.0
06/03/2007,0,0,21.8(4.81 %),0,0,0,0,0,0.0
07/03/2007,0,0,22.8(4.59 %),0,0,0,0,0,0.0
08/03/2007,0,0,23.9(4.82 %),0,0,0,0,0,0.0
09/03/2007,0,0,25(4.60 %),0,0,0,0,0,0.0
12/03/2007,0,0,26.2(4.80 %),0,0,0,0,0,0.0
13/03/2007,0,0,27.5(4.96 %),0,0,0,0,0,0.0
14/03/2007,-83010,-2390688000,28.8(4.73 %),2010,57888000,85020,2448576000,0,0.0
15/03/2007,-2590,-70966000,27.4(-4.86 %),2900,79460000,5490,150426000,0,0.0
16/03/2007,-53500,-1396350000,26.1(-4.74 %),1500,39150000,55000,1435500000,0,0.0
19/03/2007,250,6750000,27(3.45 %),300,8100000,50,1350000,0,0.0
20/03/2007,2700,75600000,27.5(1.85 %),2700,75600000,0,0,0,0.0
21/03/2007,-40010,-1081821000,27(-1.82 %),0,0,40010,1081821000,0,0.0
22/03/2007,-8000,-208000000,26(-3.70 %),0,0,8000,208000000,0,0.0
23/03/2007,0,0,24.7(-5.00 %),0,0,0,0,0,0.0
26/03/2007,0,0,23.5(-4.86 %),0,0,0,0,0,0.0
27/03/2007,0,0,23(-2.13 %),0,0,0,0,0,0.0
28/03/2007,0,0,21.9(-4.78 %),0,0,0,0,0,0.0
29/03/2007,1200,24970000,22(0.46 %),1300,27170000,100,2200000,0,0.0
30/03/2007,0,0,23(4.55 %),0,0,0,0,0,0.0
02/04/2007,10000,235000000,23(0.00 %),10000,235000000,0,0,0,0.0
03/04/2007,0,0,22(-4.35 %),0,0,0,0,0,0.0
04/04/2007,0,0,21.9(-0.45 %),0,0,0,0,0,0.0
05/04/2007,0,0,21(-4.11 %),0,0,0,0,0,0.0
06/04/2007,500,10100000,20(-4.76 %),500,10100000,0,0,0,0.0
09/04/2007,70,1330000,19.5(-2.50 %),70,1330000,0,0,0,0.0
10/04/2007,0,0,19.1(-2.05 %),0,0,0,0,0,0.0
11/04/2007,0,0,18.8(-1.57 %),0,0,0,0,0,0.0
12/04/2007,1700,30430000,17.9(-4.79 %),1700,30430000,0,0,0,0.0
13/04/2007,0,0,17.1(-4.47 %),0,0,0,0,0,0.0
16/04/2007,100,1630000,16.3(-4.68 %),100,1630000,0,0,0,0.0
17/04/2007,100,1550000,15.5(-4.91 %),100,1550000,0,0,0,0.0
18/04/2007,0,0,16.2(4.52 %),0,0,0,0,0,0.0
19/04/2007,0,0,17(4.94 %),0,0,0,0,0,0.0
20/04/2007,-700,-12460000,17.5(2.94 %),0,0,700,12460000,0,0.0
23/04/2007,0,0,17.5(0.00 %),0,0,0,0,0,0.0
24/04/2007,2500,41750000,16.7(-4.57 %),2500,41750000,0,0,0,0.0
25/04/2007,9500,153800000,16.9(1.20 %),9500,153800000,0,0,0,0.0
02/05/2007,0,0,17(0.59 %),0,0,0,0,0,0.0
03/05/2007,0,0,16.7(-1.76 %),0,0,0,0,0,0.0
04/05/2007,0,0,16.7(0.00 %),0,0,0,0,0,0.0
07/05/2007,0,0,16.6(-0.60 %),0,0,0,0,0,0.0
08/05/2007,-2000,-34800000,17.4(4.82 %),0,0,2000,34800000,0,0.0
09/05/2007,0,0,17(-2.30 %),0,0,0,0,0,0.0
10/05/2007,-560,-9464000,16.9(-0.59 %),0,0,560,9464000,0,0.0
11/05/2007,-4340,-73430000,17(0.59 %),0,0,4340,73430000,0,0.0
14/05/2007,0,0,17(0.00 %),0,0,0,0,0,0.0
15/05/2007,-500,-8500000,16.5(-2.94 %),0,0,500,8500000,0,0.0
16/05/2007,-500,-8250000,16.5(0.00 %),0,0,500,8250000,0,0.0
17/05/2007,0,0,16.5(0.00 %),0,0,0,0,0,0.0
18/05/2007,-14000,-226800000,16.2(-1.82 %),0,0,14000,226800000,0,0.0
21/05/2007,1500,24100000,16.1(-0.62 %),1500,24100000,0,0,0,0.0
22/05/2007,0,0,16.5(2.48 %),0,0,0,0,0,0.0
23/05/2007,-6490,-112277000,17.3(4.85 %),0,0,6490,112277000,0,0.0
24/05/2007,-1000,-17100000,17.1(-1.16 %),0,0,1000,17100000,0,0.0
25/05/2007,0,0,17.1(0.00 %),0,0,0,0,0,0.0
28/05/2007,1200,20400000,17(-0.58 %),1200,20400000,0,0,0,0.0
29/05/2007,0,0,16.7(-1.76 %),0,0,0,0,0,0.0
30/05/2007,-1000,-16800000,16.8(0.60 %),0,0,1000,16800000,0,0.0
31/05/2007,0,0,16.7(-0.60 %),0,0,0,0,0,0.0
01/06/2007,-2000,-34000000,17(1.80 %),0,0,2000,34000000,0,0.0
04/06/2007,100,1650000,16.8(-1.18 %),100,1650000,0,0,0,0.0
05/06/2007,0,0,16.5(-1.79 %),0,0,0,0,0,0.0
06/06/2007,0,0,16.5(0.00 %),0,0,0,0,0,0.0
07/06/2007,5000,86000000,16.8(1.82 %),5000,86000000,0,0,0,0.0
08/06/2007,-3000,-51000000,17(1.19 %),0,0,3000,51000000,0,0.0
11/06/2007,-1000,-17500000,17.8(4.71 %),0,0,1000,17500000,0,0.0
12/06/2007,0,0,18.6(4.49 %),0,0,0,0,0,0.0
13/06/2007,-300,-5850000,19.5(4.84 %),0,0,300,5850000,0,0.0
14/06/2007,-6800,-139120000,20(2.56 %),1700,34280000,8500,173400000,0,0.0
15/06/2007,0,0,19(-5.00 %),0,0,0,0,0,0.0
18/06/2007,0,0,19(0.00 %),0,0,0,0,0,0.0
19/06/2007,-4800,-91200000,19(0.00 %),0,0,4800,91200000,0,0.0
20/06/2007,-4200,-77500000,18.5(-2.63 %),5000,95000000,9200,172500000,0,0.0
21/06/2007,1000,19000000,19(2.70 %),1000,19000000,0,0,0,0.0
22/06/2007,-1550,-28875000,18.5(-2.63 %),800,14600000,2350,43475000,0,0.0
25/06/2007,0,0,18.5(0.00 %),0,0,0,0,0,0.0
26/06/2007,-18000,-322500000,17.7(-4.32 %),0,0,18000,322500000,0,0.0
27/06/2007,-22000,-386800000,17.7(0.00 %),0,0,22000,386800000,0,0.0
28/06/2007,-11570,-200723000,17.1(-3.39 %),0,0,11570,200723000,0,0.0
29/06/2007,-11730,-200003000,17(-0.58 %),200,3400000,11930,203403000,0,0.0
02/07/2007,-6960,-115713000,16.5(-2.94 %),0,0,6960,115713000,0,0.0
03/07/2007,-13500,-218896000,16.2(-1.82 %),400,6440000,13900,225336000,0,0.0
04/07/2007,-20800,-348000000,17(4.94 %),1500,25500000,22300,373500000,0,0.0
05/07/2007,-2000,-33800000,16.5(-2.94 %),0,0,2000,33800000,0,0.0
06/07/2007,0,0,16.5(0.00 %),0,0,0,0,0,0.0
09/07/2007,0,0,16.5(0.00 %),0,0,0,0,0,0.0
10/07/2007,0,0,16.9(2.42 %),0,0,0,0,0,0.0
11/07/2007,0,0,16.8(-0.59 %),0,0,0,0,0,0.0
12/07/2007,500,8250000,16.5(-1.79 %),500,8250000,0,0,0,0.0
13/07/2007,0,0,16.4(-0.61 %),0,0,0,0,0,0.0
16/07/2007,0,0,16.3(-0.61 %),0,0,0,0,0,0.0
17/07/2007,0,0,16.8(3.07 %),0,0,0,0,0,0.0
18/07/2007,-100,-1680000,16.6(-1.19 %),0,0,100,1680000,0,0.0
19/07/2007,-100,-1640000,16.5(-0.60 %),0,0,100,1640000,0,0.0
20/07/2007,2000,33000000,16.5(0.00 %),2000,33000000,0,0,0,0.0
23/07/2007,0,0,17(3.03 %),0,0,0,0,0,0.0
24/07/2007,0,0,17(0.00 %),0,0,0,0,0,0.0
25/07/2007,0,0,16.9(-0.59 %),0,0,0,0,0,0.0
26/07/2007,0,0,16.5(-2.37 %),0,0,0,0,0,0.0
27/07/2007,100,1650000,16.5(0.00 %),100,1650000,0,0,0,0.0
30/07/2007,0,0,16.2(-1.82 %),0,0,0,0,0,0.0
31/07/2007,0,0,16(-1.23 %),0,0,0,0,0,0.0
01/08/2007,0,0,16.4(2.50 %),0,0,0,0,0,0.0
02/08/2007,0,0,16.2(-1.22 %),0,0,0,0,0,0.0
03/08/2007,0,0,15.4(-4.94 %),0,0,0,0,0,0.0
06/08/2007,0,0,15.5(0.65 %),0,0,0,0,0,0.0
07/08/2007,450,7200000,15.5(0.00 %),450,7200000,0,0,0,0.0
08/08/2007,0,0,15.5(0.00 %),0,0,0,0,0,0.0
09/08/2007,0,0,15.8(1.94 %),0,0,0,0,0,0.0
10/08/2007,0,0,16(1.27 %),0,0,0,0,0,0.0
13/08/2007,0,0,15.3(-4.38 %),0,0,0,0,0,0.0
14/08/2007,0,0,15.7(2.61 %),0,0,0,0,0,0.0
15/08/2007,-200,-3060000,15.3(-2.55 %),0,0,200,3060000,0,0.0
16/08/2007,0,0,15.4(0.65 %),0,0,0,0,0,0.0
17/08/2007,0,0,15(-2.60 %),0,0,0,0,0,0.0
20/08/2007,0,0,14.7(-2.00 %),0,0,0,0,0,0.0
21/08/2007,-1000,-15020000,15(2.04 %),1000,14700000,2000,29720000,0,0.0
22/08/2007,-1150,-17120000,14.6(-2.67 %),0,0,1150,17120000,0,0.0
23/08/2007,0,0,14.7(0.68 %),0,0,0,0,0,0.0
24/08/2007,50,725000,14.9(1.36 %),50,725000,0,0,0,0.0
27/08/2007,0,0,15(0.67 %),0,0,0,0,0,0.0
28/08/2007,0,0,14.7(-2.00 %),0,0,0,0,0,0.0
29/08/2007,0,0,14.8(0.68 %),0,0,0,0,0,0.0
30/08/2007,0,0,14.9(0.68 %),0,0,0,0,0,0.0
31/08/2007,0,0,15(0.67 %),0,0,0,0,0,0.0
04/09/2007,-1850,-27565000,15(0.00 %),0,0,1850,27565000,0,0.0
05/09/2007,0,0,14.9(-0.67 %),0,0,0,0,0,0.0
06/09/2007,0,0,15.5(4.03 %),0,0,0,0,0,0.0
07/09/2007,0,0,15.5(0.00 %),0,0,0,0,0,0.0
10/09/2007,0,0,15.3(-1.29 %),0,0,0,0,0,0.0
11/09/2007,0,0,16(4.58 %),0,0,0,0,0,0.0
12/09/2007,0,0,15.7(-1.88 %),0,0,0,0,0,0.0
13/09/2007,0,0,15.3(-2.55 %),0,0,0,0,0,0.0
14/09/2007,0,0,15.4(0.65 %),0,0,0,0,0,0.0
17/09/2007,0,0,15.5(0.65 %),0,0,0,0,0,0.0
18/09/2007,20,310000,15.5(0.00 %),20,310000,0,0,0,0.0
19/09/2007,0,0,15.5(0.00 %),0,0,0,0,0,0.0
20/09/2007,0,0,15.6(0.65 %),0,0,0,0,0,0.0
21/09/2007,180,2754000,15.4(-1.28 %),180,2754000,0,0,0,0.0
24/09/2007,0,0,15.5(0.65 %),0,0,0,0,0,0.0
25/09/2007,-100,-1560000,15.8(1.94 %),0,0,100,1560000,0,0.0
26/09/2007,0,0,16.3(3.16 %),0,0,0,0,0,0.0
27/09/2007,0,0,16.1(-1.23 %),0,0,0,0,0,0.0
28/09/2007,0,0,16.4(1.86 %),0,0,0,0,0,0.0
01/10/2007,0,0,17.2(4.88 %),0,0,0,0,0,0.0
02/10/2007,830,14940000,18(4.65 %),830,14940000,0,0,0,0.0
03/10/2007,-2210,-41769000,18.9(5.00 %),0,0,2210,41769000,0,0.0
04/10/2007,1500,29700000,19.8(4.76 %),2000,39600000,500,9900000,0,0.0
05/10/2007,-500,-10200000,20.6(4.04 %),0,0,500,10200000,0,0.0
08/10/2007,0,0,20.5(-0.49 %),0,0,0,0,0,0.0
09/10/2007,-830,-16185000,19.5(-4.88 %),0,0,830,16185000,0,0.0
10/10/2007,1000,18900000,18.6(-4.62 %),1000,18900000,0,0,0,0.0
11/10/2007,14500,270663000,18.4(-1.08 %),14500,270663000,0,0,0,0.0
12/10/2007,1150,21460000,18.7(1.63 %),1350,25140000,200,3680000,0,0.0
15/10/2007,-2500,-49000000,19.6(4.81 %),0,0,2500,49000000,0,0.0
16/10/2007,-500,-10250000,20.4(4.08 %),0,0,500,10250000,0,0.0
17/10/2007,3200,64483000,19.8(-2.94 %),4200,84483000,1000,20000000,0,0.0
18/10/2007,650,12675000,18.9(-4.55 %),650,12675000,0,0,0,0.0
19/10/2007,-1000,-18800000,19(0.53 %),0,0,1000,18800000,0,0.0
22/10/2007,500,9250000,18.5(-2.63 %),500,9250000,0,0,0,0.0
23/10/2007,1500,27750000,18.3(-1.08 %),1500,27750000,0,0,0,0.0
24/10/2007,300,5400000,18.3(0.00 %),300,5400000,0,0,0,0.0
25/10/2007,3800,70140000,18.9(3.28 %),3800,70140000,0,0,0,0.0
26/10/2007,3900,75196000,19.7(4.23 %),4000,77096000,100,1900000,0,0.0
29/10/2007,1300,25090000,19.3(-2.03 %),1300,25090000,0,0,0,0.0
30/10/2007,3700,70030000,18.7(-3.11 %),3700,70030000,0,0,0,0.0
31/10/2007,500,9000000,18.5(-1.07 %),500,9000000,0,0,0,0.0
01/11/2007,0,0,19(2.70 %),0,0,0,0,0,0.0
02/11/2007,2400,45000000,18.5(-2.63 %),2400,45000000,0,0,0,0.0
05/11/2007,0,0,18.3(-1.08 %),0,0,0,0,0,0.0
06/11/2007,0,0,18(-1.64 %),0,0,0,0,0,0.0
07/11/2007,0,0,18.9(5.00 %),0,0,0,0,0,0.0
08/11/2007,0,0,19.8(4.76 %),0,0,0,0,0,0.0
09/11/2007,-500,-10310000,20.3(2.53 %),0,0,500,10310000,0,0.0
12/11/2007,6700,129909000,19.3(-4.93 %),7000,135759000,300,5850000,0,0.0
13/11/2007,9500,177850000,18.4(-4.66 %),9500,177850000,0,0,0,0.0
14/11/2007,-3000,-57249000,19.3(4.89 %),0,0,3000,57249000,0,0.0
15/11/2007,0,0,18.5(-4.15 %),0,0,0,0,0,0.0
16/11/2007,0,0,18.4(-0.54 %),0,0,0,0,0,0.0
19/11/2007,0,0,18.4(0.00 %),0,0,0,0,0,0.0
20/11/2007,-300,-5490000,18.3(-0.54 %),0,0,300,5490000,0,0.0
21/11/2007,-200,-3680000,17.4(-4.92 %),0,0,200,3680000,0,0.0
22/11/2007,-3000,-52200000,17.7(1.72 %),0,0,3000,52200000,0,0.0
23/11/2007,0,0,17.7(0.00 %),0,0,0,0,0,0.0
26/11/2007,1000,17300000,18(1.69 %),1000,17300000,0,0,0,0.0
27/11/2007,0,0,17.6(-2.22 %),0,0,0,0,0,0.0
28/11/2007,5800,103440000,17.9(1.70 %),5800,103440000,0,0,0,0.0
29/11/2007,23050,415131000,17.9(0.00 %),23050,415131000,0,0,0,0.0
30/11/2007,9350,171640000,18.4(2.79 %),9850,180840000,500,9200000,0,0.0
03/12/2007,13700,261019000,19.3(4.89 %),19200,363269000,5500,102250000,0,0.0
04/12/2007,-200,-3980000,19.5(1.04 %),0,0,200,3980000,0,0.0
05/12/2007,3000,55800000,18.7(-4.10 %),3000,55800000,0,0,0,0.0
06/12/2007,2000,37200000,18.6(-0.53 %),2000,37200000,0,0,0,0.0
07/12/2007,14200,266927000,19(2.15 %),14200,266927000,0,0,0,0.0
10/12/2007,2700,51800000,18.7(-1.58 %),2700,51800000,0,0,0,0.0
11/12/2007,-3120,-57840000,18.4(-1.60 %),0,0,3120,57840000,0,0.0
12/12/2007,300,5500000,18.4(0.00 %),300,5500000,0,0,0,0.0
13/12/2007,0,0,18.1(-1.63 %),0,0,0,0,0,0.0
14/12/2007,1000,18000000,18(-0.55 %),1000,18000000,0,0,0,0.0
17/12/2007,4440,79920000,18(0.00 %),4740,85320000,300,5400000,0,0.0
18/12/2007,800,14322000,17.9(-0.56 %),800,14322000,0,0,0,0.0
19/12/2007,3860,70920000,18.5(3.35 %),3860,70920000,0,0,0,0.0
20/12/2007,2000,37400000,17.9(-3.24 %),2000,37400000,0,0,0,0.0
21/12/2007,100,1800000,18(0.56 %),100,1800000,0,0,0,0.0
24/12/2007,-1000,-18000000,18(0.00 %),0,0,1000,18000000,0,0.0
25/12/2007,0,0,17.8(-1.11 %),0,0,0,0,0,0.0
26/12/2007,0,0,18(1.12 %),0,0,0,0,0,0.0
27/12/2007,50,900000,18(0.00 %),50,900000,0,0,0,0.0
28/12/2007,0,0,18(0.00 %),0,0,0,0,0,0.0
02/01/2008,0,0,17.9(-0.56 %),0,0,0,0,0,0.0
03/01/2008,0,0,17.6(-1.68 %),0,0,0,0,0,0.0
04/01/2008,0,0,17.6(0.00 %),0,0,0,0,0,0.0
07/01/2008,500,8700000,17.2(-2.27 %),1500,26100000,1000,17400000,0,0.0
08/01/2008,500,8750000,17.8(3.49 %),500,8750000,0,0,0,0.0
09/01/2008,-1050,-18780000,17.2(-3.37 %),0,0,1050,18780000,0,0.0
10/01/2008,-2500,-42500000,17(-1.16 %),0,0,2500,42500000,0,0.0
11/01/2008,-7500,-127266000,17.5(2.94 %),500,8450000,8000,135716000,0,0.0
14/01/2008,0,0,16.8(-4.00 %),0,0,0,0,0,0.0
15/01/2008,4000,64000000,16.5(-1.79 %),4000,64000000,0,0,0,0.0
16/01/2008,-1950,-33735000,17.3(4.85 %),550,9515000,2500,43250000,0,0.0
17/01/2008,0,0,17(-1.73 %),0,0,0,0,0,0.0
18/01/2008,1510,25673000,16.9(-0.59 %),1510,25673000,0,0,0,0.0
21/01/2008,0,0,16.4(-2.96 %),0,0,0,0,0,0.0
22/01/2008,-5500,-90595000,16.1(-1.83 %),1000,16100000,6500,106695000,0,0.0
23/01/2008,-9070,-139435000,15.3(-4.97 %),0,0,9070,139435000,0,0.0
24/01/2008,-450,-6975000,15.5(1.31 %),0,0,450,6975000,0,0.0
25/01/2008,50,750000,15.6(0.65 %),50,750000,0,0,0,0.0
28/01/2008,0,0,15.7(0.64 %),0,0,0,0,0,0.0
29/01/2008,990,16243000,16.4(4.46 %),1000,16400000,10,157000,0,0.0
30/01/2008,-1000,-17200000,17.2(4.88 %),0,0,1000,17200000,0,0.0
31/01/2008,0,0,16.8(-2.33 %),0,0,0,0,0,0.0
01/02/2008,-1000,-17600000,17.6(4.76 %),0,0,1000,17600000,0,0.0
12/02/2008,-4710,-82205000,17.6(0.00 %),0,0,4710,82205000,0,0.0
13/02/2008,0,0,17.2(-2.27 %),0,0,0,0,0,0.0
14/02/2008,0,0,17.2(0.00 %),0,0,0,0,0,0.0
15/02/2008,0,0,16.5(-4.07 %),0,0,0,0,0,0.0
18/02/2008,0,0,15.8(-4.24 %),0,0,0,0,0,0.0
19/02/2008,0,0,16.2(2.53 %),0,0,0,0,0,0.0
20/02/2008,0,0,15.6(-3.70 %),0,0,0,0,0,0.0
21/02/2008,2000,29800000,14.9(-4.49 %),2000,29800000,0,0,0,0.0
22/02/2008,21700,314650000,14.9(0.00 %),21700,314650000,0,0,0,0.0
25/02/2008,0,0,15.6(4.70 %),0,0,0,0,0,0.0
26/02/2008,2780,41730000,15(-3.85 %),2780,41730000,0,0,0,0.0
27/02/2008,0,0,15.1(0.67 %),0,0,0,0,0,0.0
28/02/2008,-2650,-39954000,15(-0.66 %),1320,19800000,3970,59754000,0,0.0
29/02/2008,-6000,-85800000,14.3(-4.67 %),1000,14300000,7000,100100000,0,0.0
03/03/2008,-4000,-56100000,13.7(-4.20 %),1000,14000000,5000,70100000,0,0.0
04/03/2008,0,0,13.1(-4.38 %),0,0,0,0,0,0.0
05/03/2008,3300,41250000,12.5(-4.58 %),3300,41250000,0,0,0,0.0
06/03/2008,4300,56330000,13.1(4.80 %),4300,56330000,0,0,0,0.0
07/03/2008,0,0,13.7(4.58 %),0,0,0,0,0,0.0
10/03/2008,-23980,-342914000,14.3(4.38 %),0,0,23980,342914000,0,0.0
11/03/2008,2000,27200000,13.6(-4.90 %),2000,27200000,0,0,0,0.0
12/03/2008,0,0,14(2.94 %),0,0,0,0,0,0.0
13/03/2008,360,5020000,14(0.00 %),360,5020000,0,0,0,0.0
14/03/2008,0,0,14(0.00 %),0,0,0,0,0,0.0
17/03/2008,4000,53200000,13.3(-5.00 %),4000,53200000,0,0,0,0.0
18/03/2008,-50,-635000,12.7(-4.51 %),0,0,50,635000,0,0.0
19/03/2008,-11000,-134240000,12.2(-3.94 %),0,0,11000,134240000,0,0.0
20/03/2008,2140,27342000,12.8(4.92 %),2140,27342000,0,0,0,0.0
21/03/2008,3200,39040000,12.2(-4.69 %),3200,39040000,0,0,0,0.0
24/03/2008,-2700,-31590000,11.7(-4.10 %),300,3510000,3000,35100000,0,0.0
25/03/2008,3200,35299000,11.2(-4.27 %),5200,58240000,2000,22941000,0,0.0
26/03/2008,-2000,-23400000,11.7(4.46 %),0,0,2000,23400000,0,0.0
27/03/2008,0,0,11.8(0.85 %),0,0,0,0,0,0.0
28/03/2008,0,0,11.9(0.85 %),0,0,0,0,0,0.0
31/03/2008,0,0,12(0.84 %),0,0,0,0,0,0.0
01/04/2008,0,0,12.1(0.83 %),0,0,0,0,0,0.0
02/04/2008,0,0,12.2(0.83 %),0,0,0,0,0,0.0
03/04/2008,0,0,12.3(0.82 %),0,0,0,0,0,0.0
04/04/2008,0,0,12.4(0.81 %),0,0,0,0,0,0.0
07/04/2008,0,0,12.6(1.61 %),0,0,0,0,0,0.0
08/04/2008,30,384000,12.6(0.00 %),30,384000,0,0,0,0.0
09/04/2008,10,127000,12.4(-1.59 %),10,127000,0,0,0,0.0
10/04/2008,1000,12200000,12.2(-1.61 %),1000,12200000,0,0,0,0.0
11/04/2008,100,1200000,12(-1.64 %),100,1200000,0,0,0,0.0
16/04/2008,5000,59000000,11.8(-1.67 %),5000,59000000,0,0,0,0.0
17/04/2008,-10,-116000,12(1.69 %),0,0,10,116000,0,0.0
18/04/2008,2500,29500000,11.8(-1.67 %),2500,29500000,0,0,0,0.0
21/04/2008,0,0,12(1.69 %),0,0,0,0,0,0.0
22/04/2008,0,0,12.2(1.67 %),0,0,0,0,0,0.0
23/04/2008,0,0,12(-1.64 %),0,0,0,0,0,0.0
24/04/2008,1910,22536000,12(0.00 %),1920,22656000,10,120000,0,0.0
25/04/2008,0,0,12.2(1.67 %),0,0,0,0,0,0.0
28/04/2008,590,7316000,12.4(1.64 %),590,7316000,0,0,0,0.0
29/04/2008,14900,187440000,12.4(0.00 %),14900,187440000,0,0,0,0.0
05/05/2008,-70,-854000,12.2(-1.61 %),0,0,70,854000,0,0.0
06/05/2008,0,0,12(-1.64 %),0,0,0,0,0,0.0
07/05/2008,0,0,11.8(-1.67 %),0,0,0,0,0,0.0
08/05/2008,-10,-116000,11.6(-1.69 %),0,0,10,116000,0,0.0
09/05/2008,0,0,11.4(-1.72 %),0,0,0,0,0,0.0
12/05/2008,0,0,11.2(-1.75 %),0,0,0,0,0,0.0
13/05/2008,0,0,11(-1.79 %),0,0,0,0,0,0.0
14/05/2008,0,0,10.8(-1.82 %),0,0,0,0,0,0.0
15/05/2008,0,0,10.6(-1.85 %),0,0,0,0,0,0.0
16/05/2008,3100,33440000,10.8(1.89 %),3100,33440000,0,0,0,0.0
19/05/2008,-4820,-51174000,10.6(-1.85 %),1000,10600000,5820,61774000,0,0.0
20/05/2008,-4710,-48926000,10.4(-1.89 %),1000,10500000,5710,59426000,0,0.0
21/05/2008,-3200,-32640000,10.4(0.00 %),200,2040000,3400,34680000,0,0.0
22/05/2008,-750,-7650000,10.2(-1.92 %),0,0,750,7650000,0,0.0
23/05/2008,-1000,-10200000,10.2(0.00 %),0,0,1000,10200000,0,0.0
26/05/2008,300,3000000,10(-1.96 %),300,3000000,0,0,0,0.0
27/05/2008,0,0,10(0.00 %),0,0,0,0,0,0.0
28/05/2008,0,0,10(0.00 %),0,0,0,0,0,0.0
29/05/2008,0,0,10(0.00 %),0,0,0,0,0,0.0
30/05/2008,-2000,-20000000,9.9(-1.00 %),0,0,2000,20000000,0,0.0
02/06/2008,-640,-6272000,9.8(-1.01 %),220,2156000,860,8428000,0,0.0
03/06/2008,240,2328000,9.7(-1.02 %),240,2328000,0,0,0,0.0
04/06/2008,0,0,9.6(-1.03 %),0,0,0,0,0,0.0
05/06/2008,760,7220000,9.5(-1.04 %),760,7220000,0,0,0,0.0
06/06/2008,0,0,9.4(-1.05 %),0,0,0,0,0,0.0
09/06/2008,4000,37200000,9.3(-1.06 %),4000,37200000,0,0,0,0.0
10/06/2008,19000,174800000,9.2(-1.08 %),19000,174800000,0,0,0,0.0
11/06/2008,800,7440000,9.3(1.09 %),800,7440000,0,0,0,0.0
12/06/2008,-310,-2914000,9.4(1.08 %),1690,15886000,2000,18800000,0,0.0
13/06/2008,1290,12255000,9.5(1.06 %),1290,12255000,0,0,0,0.0
16/06/2008,-1000,-9600000,9.6(1.05 %),0,0,1000,9600000,0,0.0
17/06/2008,0,0,9.7(1.04 %),600,5820000,600,5820000,0,0.0
18/06/2008,8080,78326000,9.7(0.00 %),11600,112820000,3520,34494000,0,0.0
19/06/2008,2000,19000000,9.5(-2.06 %),2000,19000000,0,0,0,0.0
20/06/2008,2070,19372000,9.6(1.05 %),2070,19372000,0,0,0,0.0
23/06/2008,4300,42130000,9.8(2.08 %),4300,42130000,0,0,0,0.0
24/06/2008,5490,54766000,10(2.04 %),5490,54766000,0,0,0,0.0
25/06/2008,4690,48307000,10.3(3.00 %),4690,48307000,0,0,0,0.0
26/06/2008,1230,12836000,10.3(0.00 %),2980,31386000,1750,18550000,0,0.0
27/06/2008,3960,41024000,10.6(2.91 %),7210,74824000,3250,33800000,0,0.0
30/06/2008,0,100000,10.7(0.94 %),500,5250000,500,5150000,0,0.0
01/07/2008,10050,110445000,11(2.80 %),10050,110445000,0,0,0,0.0
02/07/2008,3090,34917000,11.3(2.73 %),3090,34917000,0,0,0,0.0
03/07/2008,0,0,11.6(2.65 %),0,0,0,0,0,0.0
04/07/2008,3000,35700000,11.9(2.59 %),3000,35700000,0,0,0,0.0
07/07/2008,-5650,-68930000,11.6(-2.52 %),1000,12200000,6650,81130000,0,0.0
08/07/2008,2800,31640000,11.3(-2.59 %),2800,31640000,0,0,0,0.0
09/07/2008,1190,13516000,11.6(2.65 %),1200,13632000,10,116000,0,0.0
10/07/2008,-1000,-11900000,11.9(2.59 %),0,0,1000,11900000,0,0.0
11/07/2008,0,0,12.2(2.52 %),0,0,0,0,0,0.0
14/07/2008,-2550,-31875000,12.5(2.46 %),2300,28750000,4850,60625000,0,0.0
15/07/2008,0,0,12.8(2.40 %),0,0,0,0,0,0.0
16/07/2008,-5200,-65000000,12.5(-2.34 %),1000,12500000,6200,77500000,0,0.0
17/07/2008,500,6150000,12.2(-2.40 %),500,6150000,0,0,0,0.0
18/07/2008,200,2380000,11.9(-2.46 %),200,2380000,0,0,0,0.0
21/07/2008,0,0,11.6(-2.52 %),0,0,0,0,0,0.0
22/07/2008,0,0,11.3(-2.59 %),0,0,0,0,0,0.0
23/07/2008,0,0,11(-2.65 %),0,0,0,0,0,0.0
24/07/2008,3000,32100000,10.7(-2.73 %),3000,32100000,0,0,0,0.0
25/07/2008,10,104000,10.4(-2.80 %),10,104000,0,0,0,0.0
28/07/2008,960,10134000,10.4(0.00 %),960,10134000,0,0,0,0.0
29/07/2008,-560,-5992000,10.7(2.88 %),0,0,560,5992000,0,0.0
30/07/2008,1310,14410000,11(2.80 %),5000,55000000,3690,40590000,0,0.0
31/07/2008,-3500,-39550000,11.3(2.73 %),0,0,3500,39550000,0,0.0
01/08/2008,10190,118204000,11.6(2.65 %),10200,118320000,10,116000,0,0.0
04/08/2008,0,0,11.9(2.59 %),0,0,0,0,0,0.0
05/08/2008,0,0,12.2(2.52 %),0,0,0,0,0,0.0
06/08/2008,0,0,12.5(2.46 %),0,0,0,0,0,0.0
07/08/2008,0,0,12.8(2.40 %),0,0,0,0,0,0.0
08/08/2008,0,0,13.1(2.34 %),0,0,0,0,0,0.0
11/08/2008,0,0,13.4(2.29 %),0,0,0,0,0,0.0
12/08/2008,0,0,13.8(2.99 %),0,0,0,0,0,0.0
13/08/2008,-16110,-228762000,14.2(2.90 %),0,0,16110,228762000,0,0.0
14/08/2008,0,0,14.6(2.82 %),0,0,0,0,0,0.0
15/08/2008,0,0,15(2.74 %),0,0,0,0,0,0.0
18/08/2008,-2300,-36110000,15.7(4.67 %),0,0,2300,36110000,0,0.0
19/08/2008,-7800,-127920000,16.4(4.46 %),0,0,7800,127920000,0,0.0
20/08/2008,2000,34780000,17.2(4.88 %),10000,171830000,8000,137050000,0,0.0
21/08/2008,0,0,18(4.65 %),0,0,0,0,0,0.0
22/08/2008,0,0,18.9(5.00 %),0,0,0,0,0,0.0
25/08/2008,0,0,19.8(4.76 %),0,0,0,0,0,0.0
26/08/2008,0,0,20.7(4.55 %),0,0,0,0,0,0.0
27/08/2008,40,868000,21.7(4.83 %),40,868000,0,0,0,0.0
28/08/2008,40,908000,20.7(-4.61 %),40,908000,0,0,0,0.0
29/08/2008,2600,51997000,20(-3.38 %),2600,51997000,0,0,0,0.0
03/09/2008,13000,273000000,21(5.00 %),17100,359100000,4100,86100000,0,0.0
04/09/2008,2870,61192000,22(4.76 %),2870,61192000,0,0,0,0.0
05/09/2008,0,0,20.9(-5.00 %),0,0,0,0,0,0.0
08/09/2008,200,3980000,19.9(-4.78 %),200,3980000,0,0,0,0.0
09/09/2008,4300,83500000,19(-4.52 %),4300,83500000,0,0,0,0.0
10/09/2008,-15250,-277661000,18.4(-3.16 %),0,0,15250,277661000,0,0.0
11/09/2008,580,10324000,17.8(-3.26 %),580,10324000,0,0,0,0.0
12/09/2008,1100,18700000,17(-4.49 %),1100,18700000,0,0,0,0.0
15/09/2008,3000,53400000,17.8(4.71 %),3000,53400000,0,0,0,0.0
16/09/2008,-3950,-67450000,17(-4.49 %),6500,110500000,10450,177950000,0,0.0
17/09/2008,-800,-13200000,16.7(-1.76 %),0,0,800,13200000,0,0.0
18/09/2008,1170,18603000,15.9(-4.79 %),2890,45951000,1720,27348000,0,0.0
19/09/2008,0,0,16.6(4.40 %),0,0,0,0,0,0.0
22/09/2008,0,0,17.4(4.82 %),0,0,0,0,0,0.0
23/09/2008,35250,635060000,18.2(4.60 %),35950,647540000,700,12480000,0,0.0
24/09/2008,18830,348635000,18.7(2.75 %),27260,504358000,8430,155723000,0,0.0
25/09/2008,0,0,19.6(4.81 %),0,0,0,0,0,0.0
26/09/2008,15000,307500000,19.8(1.02 %),15000,307500000,0,0,0,0.0
29/09/2008,-10,-190000,18.9(-4.55 %),0,0,10,190000,0,0.0
30/09/2008,0,0,18(-4.76 %),0,0,0,0,0,0.0
01/10/2008,2450,43695000,18(0.00 %),2450,43695000,0,0,0,0.0
02/10/2008,0,0,18.5(2.78 %),0,0,0,0,0,0.0
03/10/2008,0,0,18(-2.70 %),0,0,0,0,0,0.0
06/10/2008,-6500,-111800000,17.1(-5.00 %),0,0,6500,111800000,0,0.0
07/10/2008,320,5216000,16.3(-4.68 %),320,5216000,0,0,0,0.0
08/10/2008,-80,-1240000,15.5(-4.91 %),0,0,80,1240000,0,0.0
09/10/2008,-1700,-25330000,15(-3.23 %),0,0,1700,25330000,0,0.0
10/10/2008,-6050,-86515000,14.3(-4.67 %),0,0,6050,86515000,0,0.0
13/10/2008,50,685000,13.7(-4.20 %),50,685000,0,0,0,0.0
14/10/2008,0,0,14.3(4.38 %),0,0,0,0,0,0.0
15/10/2008,0,0,15(4.90 %),0,0,0,0,0,0.0
16/10/2008,2400,37980000,15(0.00 %),6000,89880000,3600,51900000,0,0.0
17/10/2008,-5000,-78500000,15.7(4.67 %),0,0,5000,78500000,0,0.0
20/10/2008,-150,-2460000,16.4(4.46 %),0,0,150,2460000,0,0.0
21/10/2008,0,0,17.2(4.88 %),0,0,0,0,0,0.0
22/10/2008,0,0,17.2(0.00 %),0,0,0,0,0,0.0
23/10/2008,0,0,16.4(-4.65 %),0,0,0,0,0,0.0
24/10/2008,0,0,15.6(-4.88 %),0,0,0,0,0,0.0
27/10/2008,0,0,14.9(-4.49 %),0,0,0,0,0,0.0
28/10/2008,0,0,14.2(-4.70 %),0,0,0,0,0,0.0
29/10/2008,0,0,14.5(2.11 %),0,0,0,0,0,0.0
30/10/2008,-10000,-141549000,14.5(0.00 %),0,0,10000,141549000,0,0.0
31/10/2008,0,0,14.5(0.00 %),0,0,0,0,0,0.0
03/11/2008,-3900,-53802000,13.8(-4.83 %),1100,15380000,5000,69182000,0,0.0
04/11/2008,0,0,14.3(3.62 %),0,0,0,0,0,0.0
05/11/2008,7790,109118000,13.6(-4.90 %),7800,109260000,10,142000,0,0.0
06/11/2008,100,1360000,13.8(1.47 %),100,1360000,0,0,0,0.0
07/11/2008,0,0,13.2(-4.35 %),0,0,0,0,0,0.0
10/11/2008,-10400,-132030000,12.6(-4.55 %),0,0,10400,132030000,0,0.0
11/11/2008,-4000,-48800000,12(-4.76 %),0,0,4000,48800000,0,0.0
12/11/2008,1710,20265000,11.8(-1.67 %),2000,23600000,290,3335000,0,0.0
13/11/2008,-1000,-11800000,11.9(0.85 %),0,0,1000,11800000,0,0.0
14/11/2008,0,0,12.3(3.36 %),0,0,0,0,0,0.0
17/11/2008,0,0,12.3(0.00 %),0,0,0,0,0,0.0
18/11/2008,-400,-4620000,11.8(-4.07 %),1200,14260000,1600,18880000,0,0.0
19/11/2008,0,0,11.7(-0.85 %),0,0,0,0,0,0.0
20/11/2008,-840,-9408000,11.2(-4.27 %),160,1792000,1000,11200000,0,0.0
21/11/2008,0,0,11(-1.79 %),0,0,0,0,0,0.0
24/11/2008,-3760,-39480000,10.5(-4.55 %),0,0,3760,39480000,0,0.0
25/11/2008,0,0,10.1(-3.81 %),0,0,0,0,0,0.0
26/11/2008,-2900,-27841000,9.6(-4.95 %),0,0,2900,27841000,0,0.0
27/11/2008,-4300,-39724000,9.2(-4.17 %),1000,9200000,5300,48924000,0,0.0
28/11/2008,0,0,9.6(4.35 %),0,0,0,0,0,0.0
01/12/2008,0,0,10(4.17 %),0,0,0,0,0,0.0
02/12/2008,-6000,-57000000,9.5(-5.00 %),0,0,6000,57000000,0,0.0
03/12/2008,-800,-7780000,9.6(1.05 %),1000,9500000,1800,17280000,0,0.0
04/12/2008,0,0,9.8(2.08 %),0,0,0,0,0,0.0
05/12/2008,-880,-8272000,9.4(-4.08 %),0,0,880,8272000,0,0.0
08/12/2008,-4200,-38520000,9.2(-2.13 %),0,0,4200,38520000,0,0.0
09/12/2008,0,0,9.4(2.17 %),0,0,0,0,0,0.0
10/12/2008,0,0,9.1(-3.19 %),0,0,0,0,0,0.0
11/12/2008,0,0,9.4(3.30 %),0,0,0,0,0,0.0
12/12/2008,0,0,9.8(4.26 %),0,0,0,0,0,0.0
15/12/2008,0,0,9.7(-1.02 %),0,0,0,0,0,0.0
16/12/2008,0,0,9.5(-2.06 %),0,0,0,0,0,0.0
17/12/2008,0,0,9.3(-2.11 %),0,0,0,0,0,0.0
18/12/2008,200,1800000,9.3(0.00 %),200,1800000,0,0,0,0.0
19/12/2008,0,0,9.6(3.23 %),0,0,0,0,0,0.0
22/12/2008,0,0,9.6(0.00 %),0,0,0,0,0,0.0
23/12/2008,0,0,9.6(0.00 %),0,0,0,0,0,0.0
24/12/2008,0,0,9.6(0.00 %),0,0,0,0,0,0.0
25/12/2008,0,0,9.5(-1.04 %),0,0,0,0,0,0.0
26/12/2008,-60,-570000,9.5(0.00 %),0,0,60,570000,0,0.0
29/12/2008,0,0,9.5(0.00 %),0,0,0,0,0,0.0
30/12/2008,0,0,9.3(-2.11 %),0,0,0,0,0,0.0
31/12/2008,2000,18200000,9.5(2.15 %),2000,18200000,0,0,0,0.0
02/01/2009,0,0,9.3(-2.11 %),0,0,0,0,479130,24.93
05/01/2009,0,0,9.3(0.00 %),0,0,0,0,479130,24.93
06/01/2009,-1140,-10830000,9.4(1.08 %),0,0,1140,10830000,480270,24.87
07/01/2009,-400,-3880000,9.5(1.06 %),0,0,400,3880000,480670,24.85
08/01/2009,0,0,9.4(-1.05 %),0,0,0,0,480670,24.85
09/01/2009,0,0,9.3(-1.06 %),0,0,0,0,480670,24.85
12/01/2009,-600,-5520000,9.5(2.15 %),0,0,600,5520000,481270,24.82
13/01/2009,-600,-5820000,9.5(0.00 %),0,0,600,5820000,481870,24.79
14/01/2009,0,0,9.5(0.00 %),0,0,0,0,481870,24.79
15/01/2009,0,0,9.3(-2.11 %),0,0,0,0,481870,24.79
16/01/2009,0,0,9.5(2.15 %),0,0,0,0,481870,24.79
19/01/2009,100,950000,9.5(0.00 %),100,950000,0,0,481770,24.8
20/01/2009,0,0,9.5(0.00 %),0,0,0,0,481770,24.8
21/01/2009,0,0,9.1(-4.21 %),0,0,0,0,481770,24.8
22/01/2009,100,950000,9.3(2.20 %),100,950000,0,0,481670,24.8
23/01/2009,100,930000,9.5(2.15 %),100,930000,0,0,481570,24.81
02/02/2009,0,0,9.5(0.00 %),0,0,0,0,481570,24.81
03/02/2009,0,0,9.1(-4.21 %),0,0,0,0,481570,24.81
04/02/2009,0,0,9.3(2.20 %),0,0,0,0,481570,24.81
05/02/2009,100,900000,9.3(0.00 %),100,900000,0,0,481470,24.81
06/02/2009,0,0,9.3(0.00 %),0,0,0,0,481470,24.81
09/02/2009,1200,10920000,9.4(1.08 %),1200,10920000,0,0,480270,24.87
10/02/2009,100,940000,9.3(-1.06 %),100,940000,0,0,480170,24.88
11/02/2009,0,0,8.9(-4.30 %),0,0,0,0,480170,24.88
12/02/2009,0,0,8.5(-4.49 %),0,0,0,0,480170,24.88
13/02/2009,0,0,8.3(-2.35 %),0,0,0,0,480170,24.88
16/02/2009,0,0,8.3(0.00 %),0,0,0,0,480170,24.88
17/02/2009,-11420,-90665000,7.9(-4.82 %),200,1600000,11620,92265000,491590,24.3
18/02/2009,430,3288000,7.6(-3.80 %),1100,8380000,670,5092000,491160,24.33
19/02/2009,-6570,-48813000,7.3(-3.95 %),0,0,6570,48813000,497730,24.0
20/02/2009,-7090,-49805000,7(-4.11 %),100,710000,7190,50515000,504820,23.64
23/02/2009,-3050,-20486000,6.7(-4.29 %),0,0,3050,20486000,507870,23.49
24/02/2009,0,0,6.4(-4.48 %),0,0,0,0,507870,23.49
25/02/2009,-8000,-53600000,6.7(4.69 %),0,0,8000,53600000,515870,23.08
26/02/2009,-200,-1400000,6.9(2.99 %),0,0,200,1400000,516070,23.07
27/02/2009,0,0,7(1.45 %),0,0,0,0,516070,23.07
02/03/2009,0,0,6.8(-2.86 %),0,0,0,0,516070,23.07
03/03/2009,-14810,-96265000,6.5(-4.41 %),100,650000,14910,96915000,530880,22.33
04/03/2009,0,0,6.4(-1.54 %),0,0,0,0,530880,22.33
05/03/2009,0,0,6.7(4.69 %),0,0,0,0,530880,22.33
06/03/2009,0,0,6.7(0.00 %),0,0,0,0,530880,22.33
09/03/2009,0,0,6.8(1.49 %),0,0,0,0,530880,22.33
10/03/2009,80,552000,7.1(4.41 %),80,552000,0,0,530800,22.33
11/03/2009,-14690,-108716000,7.4(4.23 %),100,730000,14790,109446000,545490,21.6
12/03/2009,0,0,7.3(-1.35 %),0,0,0,0,545490,21.6
13/03/2009,0,0,7.5(2.74 %),0,0,0,0,545490,21.6
16/03/2009,-7100,-51120000,7.2(-4.00 %),0,0,7100,51120000,552590,21.24
17/03/2009,-1400,-10230000,7.4(2.78 %),100,720000,1500,10950000,553990,21.17
18/03/2009,0,0,7.7(4.05 %),0,0,0,0,553990,21.17
19/03/2009,-1000,-8000000,7.7(0.00 %),0,0,1000,8000000,554990,21.12
20/03/2009,0,0,7.5(-2.60 %),0,0,0,0,554990,21.12
23/03/2009,-6500,-47100000,7.4(-1.33 %),0,0,6500,47100000,561490,20.79
24/03/2009,0,0,7.6(2.70 %),0,0,0,0,561490,20.79
25/03/2009,-1600,-12060000,7.6(0.00 %),0,0,1600,12060000,563090,20.71
26/03/2009,-1650,-12400000,7.5(-1.32 %),2250,16850000,3900,29250000,564740,20.63
27/03/2009,-180,-1360000,7.5(0.00 %),0,0,180,1360000,564920,20.62
30/03/2009,0,0,7.3(-2.67 %),0,0,0,0,564920,20.62
31/03/2009,-6490,-45430000,7(-4.11 %),100,700000,6590,46130000,571410,20.29
01/04/2009,0,0,7.3(4.29 %),0,0,0,0,571410,20.29
02/04/2009,0,0,7.6(4.11 %),3000,22800000,3000,22800000,571410,20.29
03/04/2009,-1500,-11850000,7.9(3.95 %),0,0,1500,11850000,572910,20.22
07/04/2009,-2000,-16100000,8.2(3.80 %),0,0,2000,16100000,574910,20.12
08/04/2009,-2170,-17994000,7.9(-3.66 %),0,0,2170,17994000,577080,20.01
09/04/2009,0,0,8(1.27 %),0,0,0,0,577080,20.01
10/04/2009,0,0,8.4(5.00 %),0,0,0,0,577080,20.01
13/04/2009,0,0,8.8(4.76 %),0,0,0,0,577080,20.01
14/04/2009,-4920,-45064000,9.2(4.55 %),0,0,4920,45064000,582000,19.76
15/04/2009,-5600,-51000000,8.8(-4.35 %),400,3600000,6000,54600000,587600,19.48
16/04/2009,0,0,9.2(4.55 %),0,0,0,0,587600,19.48
17/04/2009,34850,335660000,9.2(0.00 %),37850,363360000,3000,27700000,552750,21.23
20/04/2009,19900,179100000,8.8(-4.35 %),19900,179100000,0,0,532850,22.23
21/04/2009,15000,126000000,8.6(-2.27 %),15000,126000000,0,0,517850,22.98
22/04/2009,-5010,-43386000,8.9(3.49 %),0,0,5010,43386000,522860,22.73
23/04/2009,0,0,8.8(-1.12 %),0,0,0,0,522860,22.73
24/04/2009,0,0,8.8(0.00 %),0,0,0,0,522860,22.73
27/04/2009,0,0,8.8(0.00 %),0,0,0,0,522860,22.73
28/04/2009,-3000,-25605000,8.4(-4.55 %),0,0,3000,25605000,525860,22.58
29/04/2009,0,0,8.7(3.57 %),0,0,0,0,525860,22.58
04/05/2009,0,0,9.1(4.60 %),0,0,0,0,525860,22.58
05/05/2009,-7000,-66300000,9.4(3.30 %),0,0,7000,66300000,532860,22.23
06/05/2009,-740,-6660000,9(-4.26 %),0,0,740,6660000,533600,22.19
07/05/2009,0,0,9(0.00 %),0,0,0,0,533600,22.19
08/05/2009,-5490,-48065000,8.8(-2.22 %),0,0,5490,48065000,539090,21.92
11/05/2009,-3560,-30826000,8.6(-2.27 %),0,0,3560,30826000,542650,21.74
12/05/2009,-1440,-12528000,9(4.65 %),0,0,1440,12528000,544090,21.67
13/05/2009,0,0,9.4(4.44 %),0,0,0,0,544090,21.67
14/05/2009,-3940,-37836000,9.6(2.13 %),0,0,3940,37836000,548030,21.47
15/05/2009,0,0,10(4.17 %),0,0,0,0,548030,21.47
18/05/2009,0,0,9.6(-4.00 %),0,0,0,0,548030,21.47
19/05/2009,3300,32340000,9.9(3.12 %),3300,32340000,0,0,544730,21.63
20/05/2009,0,0,10.3(4.04 %),0,0,0,0,544730,21.63
21/05/2009,0,0,10.8(4.85 %),0,0,0,0,544730,21.63
22/05/2009,-3500,-36350000,10.3(-4.63 %),0,0,3500,36350000,548230,21.46
25/05/2009,-10000,-105000000,10.8(4.85 %),0,0,10000,105000000,558230,20.96
26/05/2009,-9000,-95145000,10.5(-2.78 %),0,0,9000,95145000,567230,20.5
27/05/2009,0,0,10.4(-0.95 %),0,0,0,0,567230,20.5
28/05/2009,3600,36969000,10.1(-2.88 %),3600,36969000,0,0,563630,20.68
29/05/2009,3680,37446000,9.9(-1.98 %),3680,37446000,0,0,559950,20.87
01/06/2009,-22500,-219196000,10.3(4.04 %),6500,66050000,29000,285246000,582450,19.74
02/06/2009,-5250,-56700000,10.8(4.85 %),0,0,5250,56700000,587700,19.48
03/06/2009,1900,21470000,11.3(4.63 %),13000,143900000,11100,122430000,585800,19.57
04/06/2009,-11850,-139790000,11.8(4.42 %),0,0,11850,139790000,597650,18.98
05/06/2009,-500,-6150000,12.3(4.24 %),0,0,500,6150000,598150,18.95
08/06/2009,-500,-6450000,12.9(4.88 %),0,0,500,6450000,598650,18.93
09/06/2009,9900,133630000,13.5(4.65 %),9900,133630000,0,0,588750,19.42
10/06/2009,1000,13000000,13.5(0.00 %),1000,13000000,0,0,587750,19.47
11/06/2009,0,0,14.1(4.44 %),0,0,0,0,587750,19.47
12/06/2009,0,0,14.5(2.84 %),0,0,0,0,587750,19.47
15/06/2009,1620,22356000,13.8(-4.83 %),2320,32016000,700,9660000,586130,19.55
16/06/2009,0,0,13.2(-4.35 %),0,0,0,0,586130,19.55
17/06/2009,-6200,-78120000,12.6(-4.55 %),2800,35280000,9000,113400000,592330,19.24
18/06/2009,-2500,-31620000,13(3.17 %),300,3660000,2800,35280000,594830,19.12
19/06/2009,0,0,12.4(-4.62 %),0,0,0,0,594830,19.12
22/06/2009,0,0,11.8(-4.84 %),0,0,0,0,594830,19.12
23/06/2009,0,0,11.3(-4.24 %),0,0,0,0,594830,19.12
24/06/2009,0,0,11.8(4.42 %),0,0,0,0,594830,19.12
25/06/2009,0,0,11.3(-4.24 %),0,0,0,0,594830,19.12
26/06/2009,100,1100000,11.4(0.88 %),100,1100000,0,0,594730,19.12
29/06/2009,0,0,11.4(0.00 %),0,0,0,0,594730,19.12
30/06/2009,500,5500000,10.9(-4.39 %),500,5500000,0,0,594230,19.15
01/07/2009,0,0,10.4(-4.59 %),0,0,0,0,594230,19.15
02/07/2009,0,0,10.2(-1.92 %),0,0,0,0,594230,19.15
03/07/2009,500,4850000,9.9(-2.94 %),500,4850000,0,0,593730,19.17
06/07/2009,0,0,10.3(4.04 %),0,0,0,0,593730,19.17
07/07/2009,0,0,10.8(4.85 %),0,0,0,0,593730,19.17
08/07/2009,8850,100605000,11.3(4.63 %),9850,111305000,1000,10700000,584880,19.62
09/07/2009,-1000,-11500000,11.2(-0.88 %),0,0,1000,11500000,585880,19.57
10/07/2009,0,0,11(-1.79 %),0,0,0,0,585880,19.57
13/07/2009,200,2220000,10.5(-4.55 %),200,2220000,0,0,585680,19.58
14/07/2009,0,0,10.7(1.90 %),0,0,0,0,585680,19.58
15/07/2009,0,0,10.7(0.00 %),0,0,0,0,585680,19.58
16/07/2009,0,0,10.8(0.93 %),0,0,0,0,585680,19.58
17/07/2009,0,0,10.7(-0.93 %),0,0,0,0,585680,19.58
20/07/2009,0,0,10.2(-4.67 %),0,0,0,0,585680,19.58
21/07/2009,0,0,9.7(-4.90 %),0,0,0,0,585680,19.58
22/07/2009,-380,-3800000,9.7(0.00 %),0,0,380,3800000,586060,19.56
23/07/2009,200,1880000,9.7(0.00 %),200,1880000,0,0,585860,19.57
24/07/2009,0,0,10.1(4.12 %),0,0,0,0,585860,19.57
27/07/2009,100,1050000,10.2(0.99 %),100,1050000,0,0,585760,19.57
28/07/2009,0,0,9.9(-2.94 %),0,0,0,0,585760,19.57
29/07/2009,0,0,10.1(2.02 %),0,0,0,0,585760,19.57
30/07/2009,0,0,10(-0.99 %),0,0,0,0,585760,19.57
31/07/2009,0,0,10(0.00 %),0,0,0,0,585760,19.57
03/08/2009,0,0,9.9(-1.00 %),0,0,0,0,585760,19.57
04/08/2009,0,0,9.9(0.00 %),0,0,0,0,585760,19.57
05/08/2009,0,0,10.2(3.03 %),0,0,0,0,585760,19.57
06/08/2009,0,0,10.2(0.00 %),0,0,0,0,585760,19.57
07/08/2009,0,0,10.1(-0.98 %),0,0,0,0,585760,19.57
10/08/2009,0,0,10.6(4.95 %),0,0,0,0,585760,19.57
11/08/2009,3350,37240000,11.1(4.72 %),5350,58440000,2000,21200000,582410,19.74
12/08/2009,30,348000,11.5(3.60 %),30,348000,0,0,582380,19.74
13/08/2009,70,833000,11(-4.35 %),70,833000,0,0,582310,19.75
14/08/2009,-1000,-10600000,10.6(-3.64 %),0,0,1000,10600000,583310,19.7
17/08/2009,0,0,11(3.77 %),0,0,0,0,583310,19.7
18/08/2009,0,0,10.8(-1.82 %),0,0,0,0,583310,19.7
19/08/2009,0,0,10.5(-2.78 %),0,0,0,0,583310,19.7
20/08/2009,-5350,-56186000,10.5(0.00 %),0,0,5350,56186000,588660,19.43
21/08/2009,26200,272602000,11(4.76 %),27000,281109000,800,8507000,562460,20.74
24/08/2009,14740,163140000,11(0.00 %),14740,163140000,0,0,547720,21.48
25/08/2009,0,0,10.6(-3.64 %),0,0,0,0,544210,21.66
26/08/2009,3510,37206000,10.9(2.83 %),3510,37206000,0,0,544210,21.66
27/08/2009,1220,12932000,10.9(0.00 %),1220,12932000,0,0,542990,21.72
28/08/2009,8000,86100000,10.7(-1.83 %),8000,86100000,0,0,534990,22.12
31/08/2009,-3000,-32400000,11(2.80 %),0,0,3000,32400000,537990,21.97
01/09/2009,9970,108592000,11(0.00 %),10000,108919000,30,327000,528020,22.47
03/09/2009,2000,22200000,11.5(4.55 %),2000,22200000,0,0,526020,22.57
04/09/2009,-19070,-227633000,11.8(2.61 %),3000,36000000,22070,263633000,545090,21.62
07/09/2009,15000,169500000,11.3(-4.24 %),15000,169500000,0,0,530090,22.37
08/09/2009,0,0,11.5(1.77 %),0,0,0,0,530090,22.37
09/09/2009,10000,110000000,11.1(-3.48 %),10000,110000000,0,0,520090,22.87
10/09/2009,0,0,11(-0.90 %),0,0,0,0,520090,22.87
11/09/2009,0,0,11(0.00 %),0,0,0,0,520090,22.87
14/09/2009,5000,57000000,11.4(3.64 %),5000,57000000,0,0,515090,23.12
15/09/2009,100,1120000,11.1(-2.63 %),100,1120000,0,0,514990,23.13
16/09/2009,4000,44400000,10.9(-1.80 %),4000,44400000,0,0,510990,23.33
17/09/2009,1000,11000000,11(0.92 %),1000,11000000,0,0,509990,23.38
18/09/2009,0,0,10.8(-1.82 %),0,0,0,0,509990,23.38
21/09/2009,0,0,10.8(0.00 %),0,0,0,0,509990,23.38
22/09/2009,-7730,-83484000,10.8(0.00 %),0,0,7730,83484000,517720,22.99
23/09/2009,0,0,10.8(0.00 %),0,0,0,0,517720,22.99
24/09/2009,1000,10800000,10.7(-0.93 %),1000,10800000,0,0,516720,23.04
25/09/2009,0,0,10.6(-0.93 %),0,0,0,0,516720,23.04
28/09/2009,-1000,-46000000,10.6(0.00 %),0,0,1000,46000000,516970,23.03
29/09/2009,0,0,10.4(-1.89 %),0,0,0,0,510970,23.33
30/09/2009,90,927000,10.3(-0.96 %),90,927000,0,0,510880,23.33
01/10/2009,5000,51000000,10.2(-0.97 %),5000,51000000,0,0,505880,23.59
02/10/2009,-1030,-10503000,9.9(-2.94 %),0,0,1030,10503000,506910,23.53
05/10/2009,0,0,9.8(-1.01 %),0,0,0,0,506910,23.53
06/10/2009,1900,18810000,9.9(1.02 %),1900,18810000,0,0,505010,23.63
07/10/2009,0,0,10.2(3.03 %),0,0,0,0,505010,23.63
08/10/2009,100,1020000,10.2(0.00 %),110,1122000,10,102000,504910,23.63
09/10/2009,0,0,10.2(0.00 %),0,0,0,0,504910,23.63
12/10/2009,3080,31116000,10.2(0.00 %),3080,31116000,0,0,501830,23.79
13/10/2009,140,1400000,10(-1.96 %),140,1400000,0,0,501690,23.8
14/10/2009,3000,31500000,10.5(5.00 %),3000,31500000,0,0,498690,23.95
15/10/2009,100,1100000,11(4.76 %),100,1100000,0,0,498590,23.95
16/10/2009,-19100,-218540000,11.5(4.55 %),2000,23000000,21100,241540000,585260,19.6
19/10/2009,-45180,-535070000,12(4.35 %),0,0,45180,535070000,562870,20.72
20/10/2009,5000,63000000,12.6(5.00 %),5000,63000000,0,0,557870,20.97
21/10/2009,-2900,-38280000,13.2(4.76 %),0,0,2900,38280000,560770,20.83
22/10/2009,0,0,12.8(-3.03 %),0,0,0,0,560770,20.83
23/10/2009,-1390,-17814000,12.2(-4.69 %),1500,18600000,2890,36414000,562160,20.76
26/10/2009,-4000,-46400000,11.6(-4.92 %),0,0,4000,46400000,566160,20.56
27/10/2009,-2500,-28000000,11.1(-4.31 %),0,0,2500,28000000,568660,20.43
28/10/2009,0,0,11.6(4.50 %),0,0,0,0,568660,20.43
29/10/2009,-18350,-220200000,11.3(-2.59 %),0,0,18350,220200000,587010,19.51
30/10/2009,0,0,11.8(4.42 %),0,0,0,0,587010,19.51
02/11/2009,0,0,11.3(-4.24 %),0,0,0,0,587010,19.51
03/11/2009,600,6600000,11.1(-1.77 %),600,6600000,0,0,586410,19.54
04/11/2009,-1010,-11110000,11(-0.90 %),0,0,1010,11110000,587420,19.49
05/11/2009,0,0,11.5(4.55 %),0,0,0,0,587420,19.49
06/11/2009,0,0,11.9(3.48 %),0,0,0,0,587420,19.49
09/11/2009,-1000,-11400000,11.4(-4.20 %),0,0,1000,11400000,588420,19.44
10/11/2009,0,0,10.9(-4.39 %),0,0,0,0,588420,19.44
11/11/2009,0,0,10.7(-1.83 %),0,0,0,0,588420,19.44
12/11/2009,0,0,11(2.80 %),0,0,0,0,588420,19.44
13/11/2009,0,0,10.9(-0.91 %),0,0,0,0,588420,19.44
16/11/2009,0,0,10.4(-4.59 %),0,0,0,0,588420,19.44
17/11/2009,-3000,-32700000,10.9(4.81 %),0,0,3000,32700000,591420,19.29
18/11/2009,0,0,10.5(-3.67 %),0,0,0,0,591420,19.29
19/11/2009,0,0,10.5(0.00 %),0,0,0,0,591420,19.29
20/11/2009,40,424000,10.7(1.90 %),40,424000,0,0,591380,19.29
23/11/2009,0,0,10.5(-1.87 %),0,0,0,0,591380,19.29
24/11/2009,0,0,10.3(-1.90 %),0,0,0,0,591380,19.29
25/11/2009,0,0,10(-2.91 %),0,0,0,0,591380,19.29
26/11/2009,10,95000,9.5(-5.00 %),10,95000,0,0,591370,19.29
27/11/2009,6860,62366000,9.9(4.21 %),7060,64246000,200,1880000,584510,19.64
30/11/2009,10,100000,10(1.01 %),10,100000,0,0,584500,19.64
01/12/2009,0,0,10(0.00 %),0,0,0,0,584500,19.64
02/12/2009,0,0,9.5(-5.00 %),0,0,0,0,584500,19.64
03/12/2009,-20,-184000,9.8(3.16 %),0,0,20,184000,584520,19.63
04/12/2009,0,0,9.7(-1.02 %),0,0,0,0,584520,19.63
07/12/2009,1070,10379000,9.9(2.06 %),1070,10379000,0,0,583450,19.69
08/12/2009,0,0,9.5(-4.04 %),0,0,0,0,583450,19.69
09/12/2009,2000,18200000,9.1(-4.21 %),2000,18200000,0,0,581450,19.79
10/12/2009,0,0,8.7(-4.40 %),0,0,0,0,581450,19.79
11/12/2009,0,0,8.4(-3.45 %),0,0,0,0,581450,19.79
14/12/2009,0,0,8.8(4.76 %),0,0,0,0,581450,19.79
15/12/2009,100,880000,8.8(0.00 %),100,880000,0,0,581350,19.79
16/12/2009,0,0,8.4(-4.55 %),0,0,0,0,581350,19.79
17/12/2009,1100,8800000,8(-4.76 %),1100,8800000,0,0,580250,19.85
18/12/2009,0,0,8.4(5.00 %),0,0,0,0,580250,19.85
21/12/2009,0,0,8.6(2.38 %),0,0,0,0,580250,19.85
22/12/2009,0,0,8.2(-4.65 %),0,0,0,0,580250,19.85
23/12/2009,0,0,8.4(2.44 %),0,0,0,0,580250,19.85
24/12/2009,0,0,8.4(0.00 %),0,0,0,0,580250,19.85
25/12/2009,0,0,8.8(4.76 %),0,0,0,0,580250,19.85
28/12/2009,-1070,-9309000,8.7(-1.14 %),0,0,1070,9309000,581320,19.8
29/12/2009,0,0,8.7(0.00 %),0,0,0,0,581320,19.8
30/12/2009,0,0,8.5(-2.30 %),0,0,0,0,581320,19.8
31/12/2009,0,0,8.9(4.71 %),0,0,0,0,581320,19.8
04/01/2010,0,0,9.3(4.49 %),0,0,0,0,581320,19.8
05/01/2010,0,0,9.7(4.30 %),0,0,0,0,581320,19.8
06/01/2010,0,0,9.7(0.00 %),0,0,0,0,581320,19.8
07/01/2010,0,0,9.5(-2.06 %),0,0,0,0,581320,19.8
08/01/2010,0,0,9.5(0.00 %),0,0,0,0,581320,19.8
11/01/2010,830,7719000,9.3(-2.11 %),830,7719000,0,0,580490,19.84
12/01/2010,590,5369000,9.2(-1.08 %),590,5369000,0,0,579900,19.87
13/01/2010,1490,13559000,9.1(-1.09 %),1490,13559000,0,0,578410,19.94
14/01/2010,90,828000,9.3(2.20 %),90,828000,0,0,578320,19.95
15/01/2010,0,0,8.9(-4.30 %),0,0,0,0,578320,19.95
18/01/2010,0,0,8.5(-4.49 %),0,0,0,0,578320,19.95
19/01/2010,0,0,8.8(3.53 %),0,0,0,0,578320,19.95
20/01/2010,0,0,8.7(-1.14 %),0,0,0,0,578320,19.95
21/01/2010,940,7802000,8.5(-2.30 %),940,7802000,0,0,577380,19.99
22/01/2010,0,0,8.8(3.53 %),0,0,0,0,577380,19.99
25/01/2010,0,0,8.8(0.00 %),0,0,0,0,577380,19.99
26/01/2010,0,0,9(2.27 %),0,0,0,0,577380,19.99
27/01/2010,0,0,8.6(-4.44 %),0,0,0,0,577380,19.99
28/01/2010,0,0,8.6(0.00 %),0,0,0,0,577380,19.99
29/01/2010,0,0,8.3(-3.49 %),0,0,0,0,577380,19.99
01/02/2010,0,0,8.6(3.61 %),0,0,0,0,577380,19.99
02/02/2010,0,0,8.6(0.00 %),0,0,0,0,577380,19.99
03/02/2010,0,0,8.5(-1.16 %),0,0,0,0,577380,19.99
04/02/2010,0,0,8.7(2.35 %),0,0,0,0,577380,19.99
05/02/2010,0,0,8.7(0.00 %),0,0,0,0,577380,19.99
08/02/2010,0,0,8.7(0.00 %),0,0,0,0,577380,19.99
09/02/2010,0,0,8.6(-1.15 %),0,0,0,0,577380,19.99
10/02/2010,0,0,8.6(0.00 %),0,0,0,0,577380,19.99
11/02/2010,0,0,8.6(0.00 %),0,0,0,0,577380,19.99
12/02/2010,0,0,8.7(1.16 %),0,0,0,0,577380,19.99
22/02/2010,0,0,8.9(2.30 %),0,0,0,0,577380,19.99
23/02/2010,5000,46000000,9.1(2.25 %),5000,46000000,0,0,572380,20.24
24/02/2010,0,0,9.1(0.00 %),0,0,0,0,572380,20.24
25/02/2010,0,0,8.9(-2.20 %),0,0,0,0,572380,20.24
26/02/2010,0,0,8.5(-4.49 %),0,0,0,0,597819,20.24
01/03/2010,0,0,8.9(4.71 %),0,0,0,0,597819,18.97
02/03/2010,0,0,8.9(0.00 %),0,0,0,0,597819,18.97
03/03/2010,0,0,9(1.12 %),0,0,0,0,597819,18.97
04/03/2010,-100,-900000,9(0.00 %),0,0,100,900000,597919,18.96
05/03/2010,0,0,8.7(-3.33 %),0,0,0,0,597919,18.96
08/03/2010,0,0,8.7(0.00 %),0,0,0,0,597919,18.96
09/03/2010,0,0,8.7(0.00 %),0,0,0,0,597919,18.96
10/03/2010,0,0,8.8(1.15 %),0,0,0,0,597919,18.96
11/03/2010,0,0,8.7(-1.14 %),0,0,0,0,597919,18.96
12/03/2010,1000,8700000,9.1(4.60 %),6000,52200000,5000,43500000,596919,19.01
15/03/2010,1770,16638000,9.4(3.30 %),1810,17014000,40,376000,595149,19.1
16/03/2010,0,0,9.1(-3.19 %),0,0,0,0,595149,19.1
17/03/2010,0,0,8.7(-4.40 %),0,0,0,0,595149,19.1
18/03/2010,0,0,9(3.45 %),0,0,0,0,595149,19.1
19/03/2010,2360,20208000,9(0.00 %),2580,22188000,220,1980000,592789,19.22
22/03/2010,-1590,-13834000,8.6(-4.44 %),0,0,1590,13834000,594379,19.14
23/03/2010,0,0,8.7(1.16 %),0,0,0,0,594379,19.14
24/03/2010,10,84000,8.9(2.30 %),10,84000,0,0,594369,19.14
25/03/2010,0,0,8.9(0.00 %),0,0,0,0,594369,19.14
26/03/2010,0,0,8.7(-2.25 %),0,0,0,0,594369,19.14
29/03/2010,0,0,8.6(-1.15 %),0,0,0,0,594369,19.14
30/03/2010,1000,8500000,8.5(-1.16 %),1000,8500000,0,0,593369,19.19
31/03/2010,1660,13748000,8.5(0.00 %),1660,13748000,0,0,591709,19.27
01/04/2010,0,0,8.5(0.00 %),0,0,0,0,591709,19.27
02/04/2010,1420,11886000,8.4(-1.18 %),1420,11886000,0,0,590289,19.35
05/04/2010,80,644000,8.5(1.19 %),280,2324000,200,1680000,590209,19.35
06/04/2010,0,0,8.4(-1.18 %),0,0,0,0,590209,19.35
07/04/2010,0,0,8.5(1.19 %),0,0,0,0,590209,19.35
08/04/2010,0,0,8.6(1.18 %),0,0,0,0,590209,19.35
09/04/2010,1000,8500000,8.5(-1.16 %),1000,8500000,0,0,589209,19.4
12/04/2010,-3000,-26700000,8.9(4.71 %),0,0,3000,26700000,592209,19.25
13/04/2010,3890,33643000,8.7(-2.25 %),3890,33643000,0,0,588319,19.44
14/04/2010,2110,18357000,8.7(0.00 %),2110,18357000,0,0,586209,19.55
15/04/2010,0,0,8.8(1.15 %),0,0,0,0,586209,19.55
16/04/2010,0,0,8.6(-2.27 %),0,0,0,0,586209,19.55
19/04/2010,0,0,8.6(0.00 %),0,0,0,0,586209,19.55
20/04/2010,-750,-6669000,8.8(2.33 %),2000,17531000,2750,24200000,586959,19.51
21/04/2010,7210,64405000,9.2(4.55 %),7460,66655000,250,2250000,579749,19.87
22/04/2010,-520,-4410000,9.2(0.00 %),3420,32832000,3940,37242000,580269,19.85
26/04/2010,0,0,9(-2.17 %),0,0,0,0,580269,19.85
27/04/2010,400,3560000,9(0.00 %),400,3560000,0,0,579869,19.87
28/04/2010,-500,-4450000,8.9(-1.11 %),0,0,500,4450000,580369,19.84
29/04/2010,-780,-7254000,9.3(4.49 %),0,0,780,7254000,581149,19.8
04/05/2010,-3380,-32786000,9.7(4.30 %),0,0,3380,32786000,584529,19.63
05/05/2010,0,0,10.1(4.12 %),0,0,0,0,584529,19.63
06/05/2010,0,0,10.6(4.95 %),0,0,0,0,584529,19.63
07/05/2010,0,0,11.1(4.72 %),0,0,0,0,584529,19.63
10/05/2010,0,0,11.2(0.90 %),0,0,0,0,584529,19.63
11/05/2010,0,0,10.8(-3.57 %),0,0,0,0,584529,19.63
12/05/2010,0,0,10.3(-4.63 %),0,0,0,0,584529,19.63
13/05/2010,0,0,9.8(-4.85 %),0,0,0,0,584529,19.63
14/05/2010,500,4750000,9.5(-3.06 %),500,4750000,0,0,584029,19.66
17/05/2010,0,0,9.3(-2.11 %),0,0,0,0,584029,19.66
18/05/2010,0,0,9.5(2.15 %),0,0,0,0,584029,19.66
19/05/2010,0,0,9.1(-4.21 %),0,0,0,0,584029,19.66
20/05/2010,0,0,8.8(-3.30 %),0,0,0,0,584029,19.66
21/05/2010,0,0,8.4(-4.55 %),0,0,0,0,584029,19.66
24/05/2010,0,0,8.7(3.57 %),0,0,0,0,584029,19.66
25/05/2010,0,0,8.7(0.00 %),0,0,0,0,584029,19.66
26/05/2010,0,0,9(3.45 %),0,0,0,0,584029,19.66
27/05/2010,0,0,9.1(1.11 %),0,0,0,0,584029,19.66
28/05/2010,0,0,9.4(3.30 %),0,0,0,0,584029,19.66
31/05/2010,0,0,9(-4.26 %),0,0,0,0,584029,19.66
01/06/2010,150,1290000,9.1(1.11 %),150,1290000,0,0,583879,19.67
02/06/2010,0,0,9(-1.10 %),0,0,0,0,583879,19.67
03/06/2010,0,0,8.8(-2.22 %),0,0,0,0,583879,19.67
04/06/2010,0,0,9(2.27 %),0,0,0,0,583879,19.67
07/06/2010,0,0,9(0.00 %),0,0,0,0,583879,19.67
08/06/2010,0,0,9(0.00 %),0,0,0,0,583879,19.67
09/06/2010,6000,53709000,8.7(-3.33 %),6000,53709000,0,0,577879,19.97
10/06/2010,0,0,8.8(1.15 %),0,0,0,0,577879,19.97
11/06/2010,0,0,8.9(1.14 %),0,0,0,0,577879,19.97
14/06/2010,0,0,9.3(4.49 %),0,0,0,0,577879,19.97
15/06/2010,0,0,9.1(-2.15 %),0,0,0,0,577879,19.97
16/06/2010,0,0,9.2(1.10 %),0,0,0,0,577879,19.97
17/06/2010,130,1209000,9(-2.17 %),130,1209000,0,0,577749,19.98
18/06/2010,0,0,9.1(1.11 %),0,0,0,0,577749,19.98
21/06/2010,0,0,9.1(0.00 %),0,0,0,0,577749,19.98
22/06/2010,0,0,9.1(0.00 %),0,0,0,0,577749,19.98
23/06/2010,2000,18600000,9.1(0.00 %),2000,18600000,0,0,575749,20.08
24/06/2010,0,0,9.1(0.00 %),0,0,0,0,575749,20.08
25/06/2010,0,0,9.1(0.00 %),0,0,0,0,575749,20.08
28/06/2010,0,0,9.2(1.10 %),0,0,0,0,575749,20.08
29/06/2010,0,0,9.3(1.09 %),0,0,0,0,575749,20.08
30/06/2010,0,0,9.3(0.00 %),0,0,0,0,575749,20.08
01/07/2010,-6000,-57300000,9.7(4.30 %),0,0,6000,57300000,581749,19.77
02/07/2010,0,0,10.1(4.12 %),0,0,0,0,581749,19.77
05/07/2010,-1000,-10600000,10.6(4.95 %),0,0,1000,10600000,582749,19.72
06/07/2010,-1170,-12987000,10.2(-3.77 %),0,0,1170,12987000,583919,19.67
07/07/2010,4000,42800000,10.7(4.90 %),4000,42800000,0,0,579919,19.87
08/07/2010,0,0,11.1(3.74 %),0,0,0,0,579919,19.87
09/07/2010,0,0,11(-0.90 %),0,0,0,0,579919,19.87
12/07/2010,0,0,10.5(-4.55 %),0,0,0,0,579919,19.87
13/07/2010,0,0,10.6(0.95 %),0,0,0,0,579919,19.87
14/07/2010,-4000,-42000000,10.1(-4.72 %),0,0,4000,42000000,583919,19.67
15/07/2010,0,0,9.8(-2.97 %),0,0,0,0,583919,19.67
16/07/2010,0,0,9.8(0.00 %),0,0,0,0,583919,19.67
19/07/2010,0,0,9.7(-1.02 %),0,0,0,0,583919,19.67
20/07/2010,0,0,10.1(4.12 %),0,0,0,0,583919,19.67
21/07/2010,0,0,10.4(2.97 %),0,0,0,0,583919,19.67
22/07/2010,0,0,9.9(-4.81 %),0,0,0,0,583919,19.67
23/07/2010,0,0,9.7(-2.02 %),0,0,0,0,583919,19.67
26/07/2010,0,0,9.4(-3.09 %),0,0,0,0,583919,19.67
27/07/2010,0,0,9.5(1.06 %),0,0,0,0,583919,19.67
28/07/2010,0,0,9.2(-3.16 %),0,0,0,0,583919,19.67
29/07/2010,-12600,-114660000,9.2(0.00 %),0,0,12600,114660000,596519,19.03
30/07/2010,0,0,9.4(2.17 %),0,0,0,0,596519,19.03
02/08/2010,0,0,9.3(-1.06 %),0,0,0,0,596519,19.03
03/08/2010,0,0,9.2(-1.08 %),0,0,0,0,596519,19.03
04/08/2010,-8800,-80080000,9(-2.17 %),0,0,8800,80080000,605319,18.59
05/08/2010,0,0,9.1(1.11 %),0,0,0,0,605319,18.59
06/08/2010,-6200,-55920000,9(-1.10 %),0,0,6200,55920000,611519,18.28
09/08/2010,0,0,8.9(-1.11 %),0,0,0,0,611519,18.28
10/08/2010,0,0,8.6(-3.37 %),0,0,0,0,611519,18.28
11/08/2010,0,0,8.9(3.49 %),0,0,0,0,0,49.0
12/08/2010,0,0,8.5(-4.49 %),0,0,0,0,611519,18.28
13/08/2010,0,0,8.5(0.00 %),0,0,0,0,611519,18.28
16/08/2010,6000,53400000,8.9(4.71 %),6000,53400000,0,0,605519,18.58
17/08/2010,0,0,8.5(-4.49 %),0,0,0,0,0,49.0
18/08/2010,0,0,8.5(0.00 %),0,0,0,0,605519,18.58
19/08/2010,0,0,8.6(1.18 %),0,0,0,0,605519,0.0
20/08/2010,0,0,8.5(-1.16 %),0,0,0,0,0,0.0
23/08/2010,0,0,8.5(0.00 %),0,0,0,0,0,49.0
24/08/2010,0,0,8.1(-4.71 %),0,0,0,0,0,0.0
25/08/2010,0,0,8.1(0.00 %),0,0,0,0,0,0.0
26/08/2010,0,0,8.1(0.00 %),0,0,0,0,0,49.0
27/08/2010,0,0,8.1(0.00 %),0,0,0,0,0,49.0
30/08/2010,0,0,8.3(2.47 %),0,0,0,0,0,49.0
31/08/2010,0,0,8.3(0.00 %),0,0,0,0,0,49.0
01/09/2010,0,0,8.1(-2.41 %),0,0,0,0,0,49.0
06/09/2010,0,0,8.5(4.94 %),0,0,0,0,579980,49.0
07/09/2010,0,0,8.2(-3.53 %),0,0,0,0,0,49.0
08/09/2010,0,0,8.1(-1.22 %),0,0,0,0,0,49.0
09/09/2010,0,0,8.1(0.00 %),0,0,0,0,0,49.0
10/09/2010,10000,80400000,7.8(-3.70 %),10000,80400000,0,0,0,49.5
13/09/2010,0,0,7.8(0.00 %),0,0,0,0,0,49.5
14/09/2010,0,0,7.9(1.28 %),0,0,0,0,0,49.5
15/09/2010,0,0,7.9(0.00 %),0,0,0,0,0,49.5
16/09/2010,0,0,7.9(0.00 %),0,0,0,0,0,49.5
17/09/2010,0,0,7.8(-1.27 %),0,0,0,0,0,49.5
20/09/2010,2000,15600000,7.8(0.00 %),2000,15600000,0,0,0,49.6
21/09/2010,0,0,7.8(0.00 %),0,0,0,0,0,49.6
22/09/2010,0,0,7.9(1.28 %),0,0,0,0,0,49.6
23/09/2010,0,0,7.7(-2.53 %),0,0,0,0,0,49.6
24/09/2010,0,0,7.7(0.00 %),0,0,0,0,0,49.6
27/09/2010,0,0,7.7(0.00 %),0,0,0,0,0,49.6
28/09/2010,0,0,7.7(0.00 %),0,0,0,0,0,49.6
29/09/2010,0,0,7.6(-1.30 %),0,0,0,0,0,49.6
30/09/2010,0,0,7.4(-2.63 %),0,0,0,0,567980,49.6
01/10/2010,0,0,7.4(0.00 %),0,0,0,0,567980,20.47
04/10/2010,0,0,7.3(-1.35 %),0,0,0,0,567980,20.47
05/10/2010,0,0,7.2(-1.37 %),0,0,0,0,567980,20.47
06/10/2010,-5000,-35000000,7(-2.78 %),0,0,5000,35000000,572980,20.21
07/10/2010,0,0,7(0.00 %),0,0,0,0,572980,20.21
08/10/2010,0,0,6.9(-1.43 %),0,0,0,0,572980,20.21
11/10/2010,0,0,7(1.45 %),0,0,0,0,572980,20.21
12/10/2010,0,0,6.8(-2.86 %),0,0,0,0,572980,20.21
13/10/2010,0,0,6.9(1.47 %),0,0,0,0,572980,20.21
14/10/2010,0,0,7(1.45 %),0,0,0,0,572980,20.21
15/10/2010,0,0,6.8(-2.86 %),0,0,0,0,572980,20.21
18/10/2010,0,0,6.8(0.00 %),0,0,0,0,572980,20.21
19/10/2010,0,0,6.7(-1.47 %),0,0,0,0,572980,20.21
20/10/2010,0,0,6.5(-2.99 %),0,0,0,0,572980,20.21
21/10/2010,0,0,6.6(1.54 %),0,0,0,0,572980,20.21
22/10/2010,1500,10040000,6.6(0.00 %),1500,10040000,0,0,571480,20.29
25/10/2010,0,0,6.7(1.52 %),0,0,0,0,571480,20.29
26/10/2010,0,0,6.4(-4.48 %),0,0,0,0,571480,20.29
27/10/2010,0,0,6.5(1.56 %),0,0,0,0,571480,20.29
28/10/2010,540,3530000,6.6(1.54 %),540,3530000,0,0,570940,20.32
29/10/2010,320,2112000,6.7(1.52 %),320,2112000,0,0,570620,20.33
01/11/2010,0,0,6.6(-1.49 %),0,0,0,0,570620,20.33
02/11/2010,0,0,6.6(0.00 %),0,0,0,0,570620,20.33
03/11/2010,0,0,6.5(-1.52 %),0,0,0,0,570620,20.33
04/11/2010,0,0,6.6(1.54 %),0,0,0,0,570620,20.33
05/11/2010,0,0,6.7(1.52 %),0,0,0,0,570620,20.33
08/11/2010,0,0,6.7(0.00 %),0,0,0,0,570620,20.33
09/11/2010,0,0,6.6(-1.49 %),0,0,0,0,570620,20.33
10/11/2010,0,0,6.4(-3.03 %),0,0,0,0,570620,20.33
11/11/2010,0,0,6.4(0.00 %),0,0,0,0,570620,20.33
12/11/2010,0,0,6.2(-3.12 %),0,0,0,0,570620,20.33
15/11/2010,-10,-64000,6.4(3.23 %),0,0,10,64000,570630,20.33
16/11/2010,0,0,6.1(-4.69 %),0,0,0,0,570630,20.33
17/11/2010,5500,34100000,6.2(1.64 %),5500,34100000,0,0,565130,20.61
18/11/2010,0,0,6.2(0.00 %),0,0,0,0,565130,20.61
19/11/2010,0,0,6.2(0.00 %),0,0,0,0,565130,20.61
22/11/2010,0,0,6.2(0.00 %),0,0,0,0,565130,20.61
23/11/2010,0,0,6.2(0.00 %),0,0,0,0,565130,20.61
24/11/2010,980,6076000,6.2(0.00 %),2480,15376000,1500,9300000,564150,20.66
25/11/2010,-1000,-6200000,6.3(1.61 %),0,0,1000,6200000,565150,20.61
26/11/2010,0,0,6.2(-1.59 %),0,0,0,0,565150,20.61
29/11/2010,0,0,6.3(1.61 %),0,0,0,0,565150,20.61
30/11/2010,1600,10400000,6.6(4.76 %),1600,10400000,0,0,563550,20.69
01/12/2010,0,0,6.6(0.00 %),0,0,0,0,563550,20.69
02/12/2010,0,0,6.9(4.55 %),0,0,0,0,563550,20.69
03/12/2010,2000,14400000,7.2(4.35 %),2000,14400000,0,0,561550,20.79
06/12/2010,1000,7200000,7.5(4.17 %),1000,7200000,0,0,560550,20.84
07/12/2010,1000,7500000,7.6(1.33 %),1000,7500000,0,0,559550,20.89
08/12/2010,100,750000,7.3(-3.95 %),100,750000,0,0,559450,20.89
09/12/2010,0,0,7.2(-1.37 %),0,0,0,0,559450,20.89
10/12/2010,0,0,7.2(0.00 %),0,0,0,0,559450,20.89
13/12/2010,0,0,7.2(0.00 %),0,0,0,0,559450,20.89
14/12/2010,-10,-72000,7(-2.78 %),0,0,10,72000,559460,20.89
15/12/2010,0,0,6.9(-1.43 %),0,0,0,0,559460,20.89
16/12/2010,0,0,6.6(-4.35 %),0,0,0,0,559460,20.89
17/12/2010,0,0,6.6(0.00 %),0,0,0,0,559460,20.89
20/12/2010,-390,-2574000,6.6(0.00 %),0,0,390,2574000,559850,20.87
21/12/2010,0,0,6.6(0.00 %),0,0,0,0,559850,20.87
22/12/2010,0,0,6.6(0.00 %),0,0,0,0,559850,20.87
23/12/2010,0,0,6.4(-3.03 %),0,0,0,0,559850,20.87
24/12/2010,0,0,6.5(1.56 %),0,0,0,0,559850,20.87
27/12/2010,0,0,6.3(-3.08 %),0,0,0,0,559850,20.87
28/12/2010,0,0,6.3(0.00 %),0,0,0,0,559850,20.87
29/12/2010,0,0,6.4(1.59 %),0,0,0,0,559850,20.87
30/12/2010,0,0,6.4(0.00 %),0,0,0,0,559850,20.87
31/12/2010,0,0,6.6(3.12 %),0,0,0,0,559850,20.87
04/01/2011,0,0,6.4(-3.03 %),0,0,0,0,559850,20.87
05/01/2011,0,0,6.3(-1.56 %),0,0,0,0,559850,20.87
06/01/2011,0,0,6.3(0.00 %),0,0,0,0,559850,20.87
07/01/2011,0,0,6.3(0.00 %),0,0,0,0,559850,20.87
10/01/2011,100,640000,6.3(0.00 %),100,640000,0,0,559750,20.88
11/01/2011,0,0,6.5(3.17 %),0,0,0,0,559750,20.88
12/01/2011,0,0,6.2(-4.62 %),0,0,0,0,559750,20.88
13/01/2011,0,0,6.3(1.61 %),0,0,0,0,559750,20.88
14/01/2011,0,0,6.4(1.59 %),0,0,0,0,559750,20.88
17/01/2011,0,0,6.4(0.00 %),0,0,0,0,559750,20.88
18/01/2011,0,0,6.4(0.00 %),0,0,0,0,559750,20.88
19/01/2011,0,0,6.5(1.56 %),0,0,0,0,559750,20.88
20/01/2011,0,0,6.4(-1.54 %),0,0,0,0,559750,20.88
21/01/2011,2000,12200000,6.1(-4.69 %),2000,12200000,0,0,557750,20.98
24/01/2011,0,0,6.1(0.00 %),0,0,0,0,557750,20.98
25/01/2011,0,0,6(-1.64 %),0,0,0,0,557750,20.98
26/01/2011,0,0,6(0.00 %),0,0,0,0,557750,20.98
27/01/2011,0,0,6.1(1.67 %),0,0,0,0,557750,20.98
28/01/2011,0,0,6.3(3.28 %),0,0,0,0,557750,20.98
08/02/2011,0,0,6.4(1.59 %),0,0,0,0,557750,20.98
09/02/2011,0,0,6.2(-3.12 %),0,0,0,0,557750,20.98
10/02/2011,0,0,6.2(0.00 %),0,0,0,0,557750,20.98
11/02/2011,0,0,6.2(0.00 %),0,0,0,0,557750,20.98
14/02/2011,500,3100000,6.1(-1.61 %),500,3100000,0,0,557250,21.0
15/02/2011,0,0,6.1(0.00 %),0,0,0,0,557250,21.0
16/02/2011,0,0,6(-1.64 %),0,0,0,0,557250,21.0
17/02/2011,0,0,5.8(-3.33 %),0,0,0,0,557250,21.0
18/02/2011,0,0,5.8(0.00 %),0,0,0,0,557250,21.0
21/02/2011,0,0,5.6(-3.45 %),0,0,0,0,557250,21.0
22/02/2011,0,0,5.4(-3.57 %),0,0,0,0,557250,21.0
23/02/2011,0,0,5.4(0.00 %),0,0,0,0,557250,21.0
24/02/2011,0,0,5.4(0.00 %),0,0,0,0,557250,21.0
25/02/2011,2000,10400000,5.2(-3.70 %),2000,10400000,0,0,555250,21.11
28/02/2011,0,0,5.3(1.92 %),0,0,0,0,555250,21.11
01/03/2011,0,0,5.3(0.00 %),0,0,0,0,555250,21.11
02/03/2011,1500,7650000,5.1(-3.77 %),1500,7650000,0,0,553750,21.18
03/03/2011,0,0,5(-1.96 %),0,0,0,0,0,0.0
04/03/2011,0,0,5(0.00 %),0,0,0,0,0,0.0
07/03/2011,100,510000,5(0.00 %),100,510000,0,0,0,0.0
08/03/2011,500,2433000,4.8(-4.00 %),500,2433000,0,0,0,0.0
09/03/2011,0,0,4.6(-4.17 %),0,0,0,0,0,0.0
10/03/2011,0,0,4.7(2.17 %),0,0,0,0,0,0.0
11/03/2011,10000,48000000,4.9(4.26 %),10000,48000000,0,0,0,0.0
14/03/2011,0,0,4.9(0.00 %),0,0,0,0,0,0.0
15/03/2011,0,0,4.9(0.00 %),0,0,0,0,0,0.0
16/03/2011,0,0,5(2.04 %),0,0,0,0,568690,20.43
17/03/2011,0,0,4.8(-4.00 %),0,0,0,0,568690,20.43
18/03/2011,0,0,4.9(2.08 %),0,0,0,0,568690,20.43
21/03/2011,0,0,4.9(0.00 %),0,0,0,0,568690,20.43
22/03/2011,2800,13720000,4.9(0.00 %),2800,13720000,0,0,565890,20.57
23/03/2011,0,0,4.9(0.00 %),0,0,0,0,565890,20.57
24/03/2011,0,0,4.9(0.00 %),0,0,0,0,565890,20.57
25/03/2011,0,0,4.8(-2.04 %),0,0,0,0,565890,20.57
28/03/2011,0,0,4.8(0.00 %),0,0,0,0,565890,20.57
29/03/2011,0,0,4.6(-4.17 %),0,0,0,0,565890,20.57
30/03/2011,0,0,4.6(0.00 %),0,0,0,0,565890,20.57
31/03/2011,0,0,4.5(-2.17 %),0,0,0,0,565890,20.57
01/04/2011,0,0,4.4(-2.22 %),0,0,0,0,565890,20.57
04/04/2011,0,0,4.2(-4.55 %),0,0,0,0,565890,20.57
05/04/2011,0,0,4.2(0.00 %),0,0,0,0,565890,20.57
06/04/2011,-4000,-16400000,4.3(2.38 %),0,0,4000,16400000,569890,20.37
07/04/2011,0,0,4.3(0.00 %),0,0,0,0,569890,20.37
08/04/2011,0,0,4.1(-4.65 %),0,0,0,0,569890,20.37
13/04/2011,0,0,4.2(2.44 %),0,0,0,0,569890,20.37
14/04/2011,0,0,4.1(-2.38 %),0,0,0,0,569890,20.37
15/04/2011,0,0,4.1(0.00 %),0,0,0,0,569890,20.37
18/04/2011,0,0,4.2(2.44 %),0,0,0,0,569890,20.37
19/04/2011,0,0,4.2(0.00 %),0,0,0,0,569890,20.37
20/04/2011,0,0,4.2(0.00 %),0,0,0,0,569890,20.37
21/04/2011,0,0,4(-4.76 %),0,0,0,0,569890,20.37
22/04/2011,0,0,3.9(-2.50 %),0,0,0,0,569890,20.37
25/04/2011,0,0,4(2.56 %),0,0,0,0,569890,20.37
26/04/2011,0,0,4.2(5.00 %),0,0,0,0,569890,20.37
27/04/2011,0,0,4.4(4.76 %),0,0,0,0,569890,20.37
28/04/2011,0,0,4.3(-2.27 %),0,0,0,0,569890,20.37
29/04/2011,0,0,4.1(-4.65 %),0,0,0,0,569890,20.37
04/05/2011,0,0,4.3(4.88 %),0,0,0,0,569890,20.37
05/05/2011,0,0,4.3(0.00 %),0,0,0,0,569890,20.37
06/05/2011,0,0,4.2(-2.33 %),0,0,0,0,569890,20.37
09/05/2011,0,0,4.2(0.00 %),0,0,0,0,569890,20.37
10/05/2011,0,0,4.2(0.00 %),0,0,0,0,569890,20.37
11/05/2011,0,0,4.2(0.00 %),0,0,0,0,569890,20.37
12/05/2011,0,0,4.2(0.00 %),0,0,0,0,569890,20.37
13/05/2011,0,0,4(-4.76 %),0,0,0,0,569890,20.37
16/05/2011,0,0,4.1(2.50 %),0,0,0,0,569890,20.37
17/05/2011,0,0,3.9(-4.88 %),0,0,0,0,569890,20.37
18/05/2011,0,0,4(2.56 %),0,0,0,0,569890,20.37
19/05/2011,0,0,4.1(2.50 %),0,0,0,0,569890,20.37
20/05/2011,0,0,3.9(-4.88 %),0,0,0,0,569890,20.37
23/05/2011,0,0,4(2.56 %),0,0,0,0,569890,20.37
24/05/2011,0,0,3.8(-5.00 %),0,0,0,0,569890,20.37
25/05/2011,0,0,3.9(2.63 %),0,0,0,0,569890,20.37
26/05/2011,0,0,3.9(0.00 %),0,0,0,0,569890,20.37
27/05/2011,0,0,4(2.56 %),0,0,0,0,569890,20.37
30/05/2011,0,0,3.8(-5.00 %),0,0,0,0,569890,20.37
31/05/2011,0,0,3.9(2.63 %),0,0,0,0,569890,20.37
01/06/2011,0,0,4(2.56 %),0,0,0,0,569890,20.37
02/06/2011,0,0,4.2(5.00 %),0,0,0,0,569890,20.37
03/06/2011,0,0,4(-4.76 %),0,0,0,0,569890,20.37
06/06/2011,0,0,4(0.00 %),0,0,0,0,569890,20.37
07/06/2011,0,0,4.1(2.50 %),0,0,0,0,569890,20.37
08/06/2011,0,0,3.9(-4.88 %),0,0,0,0,569890,20.37
09/06/2011,0,0,3.8(-2.56 %),0,0,0,0,569890,20.37
10/06/2011,0,0,3.8(0.00 %),0,0,0,0,569890,20.37
13/06/2011,3040,11248000,3.9(2.63 %),3040,11248000,0,0,566850,20.52
14/06/2011,0,0,4(2.56 %),0,0,0,0,566850,20.52
15/06/2011,0,0,4.1(2.50 %),0,0,0,0,566850,20.52
16/06/2011,0,0,3.9(-4.88 %),0,0,0,0,566850,20.52
29/08/2011,0,0,3.2(-17.95 %),0,0,0,0,566850,20.52
30/08/2011,0,0,3.1(-3.12 %),0,0,0,0,566850,20.52
31/08/2011,0,0,3(-3.23 %),0,0,0,0,566850,20.52
01/09/2011,0,0,2.9(-3.33 %),0,0,0,0,566850,20.52
05/09/2011,0,0,2.8(-3.45 %),0,0,0,0,566850,20.52
06/09/2011,-1000,-2700000,2.7(-3.57 %),0,0,1000,2700000,567850,20.47
07/09/2011,-810,-2106000,2.6(-3.70 %),0,0,810,2106000,568660,20.43
08/09/2011,0,0,2.5(-3.85 %),0,0,0,0,568660,20.43
09/09/2011,-4520,-10848000,2.4(-4.00 %),0,0,4520,10848000,573180,20.2
12/09/2011,0,0,2.5(4.17 %),0,0,0,0,573180,20.2
13/09/2011,0,0,2.6(4.00 %),0,0,0,0,573180,20.2
14/09/2011,0,0,2.7(3.85 %),0,0,0,0,573180,20.2
15/09/2011,0,0,2.6(-3.70 %),0,0,0,0,573180,20.2
16/09/2011,0,0,2.7(3.85 %),0,0,0,0,573180,20.2
19/09/2011,0,0,2.8(3.70 %),0,0,0,0,573180,20.2
20/09/2011,0,0,2.9(3.57 %),0,0,0,0,573180,20.2
21/09/2011,0,0,2.9(0.00 %),0,0,0,0,573180,20.2
22/09/2011,0,0,2.9(0.00 %),0,0,0,0,573180,20.2
23/09/2011,0,0,2.9(0.00 %),0,0,0,0,573180,20.2
26/09/2011,0,0,2.8(-3.45 %),0,0,0,0,573180,20.2
27/09/2011,0,0,2.7(-3.57 %),0,0,0,0,573180,20.2
28/09/2011,0,0,2.6(-3.70 %),0,0,0,0,573180,20.2
29/09/2011,0,0,2.5(-3.85 %),0,0,0,0,573180,20.2
30/09/2011,0,0,2.6(4.00 %),0,0,0,0,573180,20.2
03/10/2011,0,0,2.5(-3.85 %),0,0,0,0,573180,20.2
04/10/2011,0,0,2.5(0.00 %),0,0,0,0,573180,20.2
05/10/2011,0,0,2.4(-4.00 %),0,0,0,0,573180,20.2
06/10/2011,0,0,2.5(4.17 %),0,0,0,0,573180,20.2
07/10/2011,0,0,2.5(0.00 %),0,0,0,0,573180,20.2
10/10/2011,0,0,2.5(0.00 %),0,0,0,0,573180,20.2
11/10/2011,0,0,2.5(0.00 %),0,0,0,0,573180,20.2
12/10/2011,0,0,2.4(-4.00 %),0,0,0,0,573180,20.2
13/10/2011,0,0,2.3(-4.17 %),0,0,0,0,573180,20.2
14/10/2011,0,0,2.3(0.00 %),0,0,0,0,573180,20.2
17/10/2011,0,0,2.3(0.00 %),0,0,0,0,573180,20.2
18/10/2011,0,0,2.2(-4.35 %),0,0,0,0,573180,20.2
19/10/2011,0,0,2.2(0.00 %),0,0,0,0,573180,20.2
20/10/2011,-30,-69000,2.3(4.55 %),0,0,30,69000,573210,20.2
21/10/2011,0,0,2.3(0.00 %),0,0,0,0,573210,20.2
24/10/2011,0,0,2.2(-4.35 %),0,0,0,0,573210,20.2
25/10/2011,0,0,2.2(0.00 %),0,0,0,0,573210,20.2
26/10/2011,0,0,2.1(-4.55 %),0,0,0,0,573210,20.2
27/10/2011,0,0,2.1(0.00 %),0,0,0,0,573210,20.2
28/10/2011,0,0,2.2(4.76 %),0,0,0,0,573210,20.2
31/10/2011,-1000,-2100000,2.1(-4.55 %),0,0,1000,2100000,574210,20.15
01/11/2011,0,0,2.2(4.76 %),0,0,0,0,573210,20.2
02/11/2011,-10,-23000,2.3(4.55 %),0,0,10,23000,573220,20.2
03/11/2011,-10,-24000,2.4(4.35 %),0,0,10,24000,573230,20.2
04/11/2011,0,0,2.5(4.17 %),0,0,0,0,573230,20.2
07/11/2011,0,0,2.5(0.00 %),0,0,0,0,573230,20.2
08/11/2011,0,0,2.6(4.00 %),0,0,0,0,573230,20.2
09/11/2011,0,0,2.7(3.85 %),0,0,0,0,573230,20.2
10/11/2011,0,0,2.8(3.70 %),0,0,0,0,573230,20.2
11/11/2011,0,0,2.9(3.57 %),0,0,0,0,573230,20.2
14/11/2011,0,0,3(3.45 %),0,0,0,0,573230,20.2
15/11/2011,0,0,3(0.00 %),0,0,0,0,573230,20.2
16/11/2011,0,0,3(0.00 %),0,0,0,0,573230,20.2
17/11/2011,0,0,3(0.00 %),0,0,0,0,573230,20.2
18/11/2011,0,0,3.1(3.33 %),0,0,0,0,573230,20.2
21/11/2011,0,0,3.1(0.00 %),0,0,0,0,573230,20.2
22/11/2011,0,0,3.1(0.00 %),0,0,0,0,573230,20.2
23/11/2011,0,0,3.1(0.00 %),0,0,0,0,573230,20.2
24/11/2011,1600,4960000,3.1(0.00 %),1600,4960000,0,0,571630,20.28
25/11/2011,0,0,3.1(0.00 %),0,0,0,0,571630,20.28
28/11/2011,0,0,3.1(0.00 %),0,0,0,0,571630,20.28
29/11/2011,0,0,3.1(0.00 %),0,0,0,0,571630,20.28
30/11/2011,0,0,3.1(0.00 %),0,0,0,0,571630,20.28
01/12/2011,0,0,3.1(0.00 %),0,0,0,0,572630,20.23
02/12/2011,0,0,3.2(3.23 %),0,0,0,0,572630,20.23
05/12/2011,0,0,3.1(-3.12 %),0,0,0,0,572630,20.23
06/12/2011,0,0,3.1(0.00 %),0,0,0,0,572630,20.23
07/12/2011,0,0,3.1(0.00 %),0,0,0,0,572630,20.23
08/12/2011,0,0,3.1(0.00 %),0,0,0,0,572630,20.23
09/12/2011,0,0,3.1(0.00 %),0,0,0,0,572630,20.23
12/12/2011,0,0,3.1(0.00 %),0,0,0,0,572630,20.23
13/12/2011,0,0,3.1(0.00 %),0,0,0,0,572630,20.23
14/12/2011,0,0,3.1(0.00 %),0,0,0,0,572630,20.23
15/12/2011,0,0,3.1(0.00 %),0,0,0,0,572630,20.23
16/12/2011,0,0,3.1(0.00 %),0,0,0,0,572630,20.23
19/12/2011,0,0,3.1(0.00 %),0,0,0,0,572630,20.23
20/12/2011,0,0,3.2(3.23 %),0,0,0,0,572630,20.23
21/12/2011,0,0,3.2(0.00 %),0,0,0,0,572630,20.23
22/12/2011,0,0,3.2(0.00 %),0,0,0,0,572630,20.23
23/12/2011,0,0,3.2(0.00 %),0,0,0,0,572630,20.23
26/12/2011,0,0,3.1(-3.12 %),0,0,0,0,572630,20.23
27/12/2011,0,0,3.1(0.00 %),0,0,0,0,572630,20.23
28/12/2011,0,0,3.1(0.00 %),0,0,0,0,572630,20.23
29/12/2011,0,0,3.1(0.00 %),0,0,0,0,572630,20.23
30/12/2011,0,0,3.1(0.00 %),0,0,0,0,572630,20.23
03/01/2012,0,0,3.1(0.00 %),0,0,0,0,572630,20.23
04/01/2012,0,0,3.1(0.00 %),0,0,0,0,572630,20.23
05/01/2012,0,0,3.1(0.00 %),0,0,0,0,572630,20.23
06/01/2012,0,0,3.1(0.00 %),0,0,0,0,572630,20.23
09/01/2012,0,0,3.1(0.00 %),0,0,0,0,572630,20.23
10/01/2012,0,0,3.1(0.00 %),0,0,0,0,572630,20.23
11/01/2012,0,0,3.1(0.00 %),0,0,0,0,572630,20.23
12/01/2012,0,0,3.1(0.00 %),0,0,0,0,572630,20.23
13/01/2012,0,0,3(-3.23 %),0,0,0,0,572630,20.23
16/01/2012,0,0,3(0.00 %),0,0,0,0,572630,20.23
17/01/2012,0,0,3(0.00 %),0,0,0,0,572630,20.23
18/01/2012,0,0,3(0.00 %),0,0,0,0,572630,20.23
19/01/2012,0,0,2.9(-3.33 %),0,0,0,0,572630,20.23
20/01/2012,0,0,2.9(0.00 %),0,0,0,0,572630,20.23
30/01/2012,0,0,2.9(0.00 %),0,0,0,0,572630,20.23
31/01/2012,0,0,2.8(-3.45 %),0,0,0,0,572630,20.23
01/02/2012,0,0,2.8(0.00 %),0,0,0,0,572630,20.23
02/02/2012,0,0,2.8(0.00 %),0,0,0,0,572630,20.23
03/02/2012,0,0,2.8(0.00 %),0,0,0,0,572630,20.23
06/02/2012,0,0,2.8(0.00 %),0,0,0,0,572630,20.23
07/02/2012,0,0,2.8(0.00 %),0,0,0,0,572630,20.23
08/02/2012,0,0,2.8(0.00 %),0,0,0,0,572630,20.23
09/02/2012,0,0,2.8(0.00 %),0,0,0,0,572630,20.23
10/02/2012,0,0,2.8(0.00 %),0,0,0,0,572630,20.23
13/02/2012,0,0,2.8(0.00 %),0,0,0,0,572630,20.23
14/02/2012,0,0,2.7(-3.57 %),0,0,0,0,572630,20.23
15/02/2012,0,0,2.7(0.00 %),0,0,0,0,572630,20.23
16/02/2012,0,0,2.7(0.00 %),0,0,0,0,572630,20.23
17/02/2012,0,0,2.7(0.00 %),0,0,0,0,572630,20.23
20/02/2012,0,0,2.7(0.00 %),0,0,0,0,572630,20.23
21/02/2012,0,0,2.7(0.00 %),0,0,0,0,572630,20.23
22/02/2012,0,0,2.7(0.00 %),0,0,0,0,572630,20.23
23/02/2012,0,0,2.6(-3.70 %),0,0,0,0,572630,20.23
24/02/2012,0,0,2.5(-3.85 %),0,0,0,0,572630,20.23
27/02/2012,0,0,2.5(0.00 %),0,0,0,0,572630,20.23
28/02/2012,0,0,2.4(-4.00 %),0,0,0,0,572630,20.23
29/02/2012,0,0,2.3(-4.17 %),0,0,0,0,572630,20.23
01/03/2012,0,0,2.2(-4.35 %),0,0,0,0,572630,20.23
02/03/2012,0,0,2.1(-4.55 %),0,0,0,0,572630,20.23
05/03/2012,0,0,2.2(4.76 %),0,0,0,0,572630,20.23
06/03/2012,0,0,2.3(4.55 %),0,0,0,0,572630,20.23
07/03/2012,0,0,2.4(4.35 %),0,0,0,0,572630,20.23
08/03/2012,0,0,2.3(-4.17 %),0,0,0,0,572630,20.23
09/03/2012,0,0,2.2(-4.35 %),0,0,0,0,572630,20.23
12/03/2012,0,0,2.1(-4.55 %),0,0,0,0,572630,20.23
13/03/2012,0,0,2(-4.76 %),0,0,0,0,572630,20.23
14/03/2012,0,0,1.9(-5.00 %),0,0,0,0,572630,20.23
15/03/2012,0,0,1.9(0.00 %),0,0,0,0,572630,20.23
16/03/2012,0,0,1.9(0.00 %),0,0,0,0,572630,20.23
19/03/2012,0,0,1.9(0.00 %),0,0,0,0,572630,20.23
20/03/2012,0,0,1.9(0.00 %),0,0,0,0,572630,20.23
21/03/2012,0,0,2(5.26 %),0,0,0,0,572630,20.23
22/03/2012,0,0,2.1(5.00 %),0,0,0,0,572630,20.23
23/03/2012,0,0,2.2(4.76 %),0,0,0,0,572630,20.23
26/03/2012,0,0,2.3(4.55 %),0,0,0,0,572630,20.23
27/03/2012,0,0,2.4(4.35 %),0,0,0,0,572630,20.23
28/03/2012,0,0,2.5(4.17 %),0,0,0,0,572630,20.23
29/03/2012,0,0,2.6(4.00 %),0,0,0,0,572630,20.23
30/03/2012,0,0,2.6(0.00 %),0,0,0,0,572630,20.23
03/04/2012,0,0,2.5(-3.85 %),0,0,0,0,572630,20.23
04/04/2012,0,0,2.5(0.00 %),0,0,0,0,572630,20.23
05/04/2012,0,0,2.6(4.00 %),0,0,0,0,572630,20.23
06/04/2012,0,0,2.6(0.00 %),0,0,0,0,572630,20.23
09/04/2012,0,0,2.6(0.00 %),0,0,0,0,572630,20.23
10/04/2012,0,0,2.6(0.00 %),0,0,0,0,572630,20.23
11/04/2012,0,0,2.6(0.00 %),0,0,0,0,572630,20.23
12/04/2012,0,0,2.6(0.00 %),0,0,0,0,572630,20.23
13/04/2012,0,0,2.5(-3.85 %),0,0,0,0,572630,20.23
16/04/2012,0,0,2.6(4.00 %),0,0,0,0,572630,20.23
17/04/2012,0,0,2.5(-3.85 %),0,0,0,0,572630,20.23
18/04/2012,0,0,2.4(-4.00 %),0,0,0,0,572630,20.23
19/04/2012,0,0,2.3(-4.17 %),0,0,0,0,572630,20.23
20/04/2012,0,0,2.2(-4.35 %),0,0,0,0,572630,20.23
23/04/2012,0,0,2.2(0.00 %),0,0,0,0,572630,20.23
24/04/2012,0,0,2.1(-4.55 %),0,0,0,0,572630,20.23
25/04/2012,0,0,2.2(4.76 %),0,0,0,0,572630,20.23
26/04/2012,0,0,2.2(0.00 %),0,0,0,0,572630,20.23
27/04/2012,2000,4200000,2.1(-4.55 %),2000,4200000,0,0,570630,20.33
02/05/2012,0,0,2.2(4.76 %),0,0,0,0,570630,20.33
03/05/2012,0,0,2.3(4.55 %),0,0,0,0,570630,20.33
04/05/2012,0,0,2.4(4.35 %),0,0,0,0,570630,20.33
07/05/2012,0,0,2.3(-4.17 %),0,0,0,0,570630,20.33
08/05/2012,0,0,2.2(-4.35 %),0,0,0,0,570630,20.33
09/05/2012,0,0,2.1(-4.55 %),0,0,0,0,570630,20.33
10/05/2012,0,0,2.1(0.00 %),0,0,0,0,570630,20.33
11/05/2012,0,0,2.2(4.76 %),0,0,0,0,570630,20.33
14/05/2012,0,0,2.1(-4.55 %),0,0,0,0,570630,20.33
15/05/2012,0,0,2(-4.76 %),0,0,0,0,570630,20.33
16/05/2012,0,0,2(0.00 %),0,0,0,0,570630,20.33
17/05/2012,0,0,2.1(5.00 %),0,0,0,0,570630,20.33
18/05/2012,0,0,2.1(0.00 %),0,0,0,0,570630,20.33
21/05/2012,0,0,2.1(0.00 %),0,0,0,0,570630,20.33
22/05/2012,0,0,2.2(4.76 %),0,0,0,0,570630,20.33
23/05/2012,0,0,2.3(4.55 %),0,0,0,0,570630,20.33
24/05/2012,0,0,2.4(4.35 %),0,0,0,0,570630,20.33
25/05/2012,0,0,2.3(-4.17 %),0,0,0,0,570630,20.33
28/05/2012,0,0,2.3(0.00 %),0,0,0,0,570630,20.33
29/05/2012,0,0,2.3(0.00 %),0,0,0,0,570630,20.33
30/05/2012,0,0,2.2(-4.35 %),0,0,0,0,570630,20.33
31/05/2012,0,0,2.2(0.00 %),0,0,0,0,570630,20.33
01/06/2012,0,0,2.2(0.00 %),0,0,0,0,570630,20.33
04/06/2012,0,0,2.3(4.55 %),0,0,0,0,570630,20.33
05/06/2012,-10,-23000,2.3(0.00 %),0,0,10,23000,570640,20.33
06/06/2012,0,0,2.2(-4.35 %),0,0,0,0,570640,20.33
07/06/2012,0,0,2.1(-4.55 %),0,0,0,0,570640,20.33
08/06/2012,0,0,2(-4.76 %),0,0,0,0,570640,20.33
11/06/2012,0,0,1.9(-5.00 %),0,0,0,0,570640,20.33
12/06/2012,0,0,2(5.26 %),0,0,0,0,570640,20.33
13/06/2012,0,0,2.1(5.00 %),0,0,0,0,570640,20.33
14/06/2012,0,0,2.1(0.00 %),0,0,0,0,570640,20.33
15/06/2012,0,0,2.2(4.76 %),0,0,0,0,570640,20.33
18/06/2012,0,0,2.2(0.00 %),0,0,0,0,570640,20.33
19/06/2012,0,0,2.1(-4.55 %),0,0,0,0,570640,20.33
20/06/2012,0,0,2.1(0.00 %),0,0,0,0,570640,20.33
21/06/2012,0,0,2.2(4.76 %),0,0,0,0,570640,20.33
22/06/2012,0,0,2.3(4.55 %),0,0,0,0,570640,20.33
25/06/2012,0,0,2.4(4.35 %),0,0,0,0,570640,20.33
26/06/2012,0,0,2.3(-4.17 %),0,0,0,0,570640,20.33
27/06/2012,-1830,-4209000,2.3(0.00 %),0,0,1830,4209000,572470,20.24
28/06/2012,0,0,2.3(0.00 %),0,0,0,0,572470,20.24
29/06/2012,-160,-368000,2.3(0.00 %),0,0,160,368000,572630,20.23
02/07/2012,0,0,2.4(4.35 %),0,0,0,0,570640,20.33
03/07/2012,0,0,2.3(-4.17 %),0,0,0,0,570640,20.33
04/07/2012,0,0,2.3(0.00 %),0,0,0,0,570640,20.33
05/07/2012,0,0,2.4(4.35 %),0,0,0,0,570640,20.33
06/07/2012,0,0,2.5(4.17 %),0,0,0,0,570640,20.33
09/07/2012,0,0,2.4(-4.00 %),0,0,0,0,570640,20.33
10/07/2012,0,0,2.4(0.00 %),0,0,0,0,570640,20.33
11/07/2012,0,0,2.3(-4.17 %),0,0,0,0,570640,20.33
12/07/2012,0,0,2.2(-4.35 %),0,0,0,0,570640,20.33
13/07/2012,0,0,2.2(0.00 %),0,0,0,0,570640,20.33
16/07/2012,0,0,2.2(0.00 %),0,0,0,0,570640,20.33
17/07/2012,0,0,2.3(4.55 %),0,0,0,0,570640,20.33
18/07/2012,0,0,2.3(0.00 %),0,0,0,0,570640,20.33
19/07/2012,0,0,2.4(4.35 %),0,0,0,0,570640,20.33
20/07/2012,0,0,2.4(0.00 %),0,0,0,0,570640,20.33
23/07/2012,0,0,2.4(0.00 %),0,0,0,0,570640,20.33
24/07/2012,0,0,2.5(4.17 %),0,0,0,0,570640,20.33
25/07/2012,0,0,2.4(-4.00 %),0,0,0,0,570640,20.33
26/07/2012,0,0,2.4(0.00 %),0,0,0,0,570640,20.33
27/07/2012,0,0,2.3(-4.17 %),0,0,0,0,570640,20.33
30/07/2012,0,0,2.3(0.00 %),0,0,0,0,570640,20.33
31/07/2012,0,0,2.4(4.35 %),0,0,0,0,570640,20.33
01/08/2012,0,0,2.4(0.00 %),0,0,0,0,572630,20.23
02/08/2012,0,0,2.4(0.00 %),0,0,0,0,572630,20.23
03/08/2012,0,0,2.4(0.00 %),0,0,0,0,572630,20.23
06/08/2012,0,0,2.3(-4.17 %),0,0,0,0,572630,20.23
07/08/2012,0,0,2.3(0.00 %),0,0,0,0,572630,20.23
08/08/2012,0,0,2.4(4.35 %),0,0,0,0,572630,20.23
09/08/2012,0,0,2.4(0.00 %),0,0,0,0,572630,20.23
10/08/2012,0,0,2.4(0.00 %),0,0,0,0,572630,20.23
13/08/2012,0,0,2.4(0.00 %),0,0,0,0,572630,20.23
14/08/2012,0,0,2.4(0.00 %),0,0,0,0,572630,20.23
15/08/2012,0,0,2.3(-4.17 %),0,0,0,0,572630,20.23
16/08/2012,0,0,2.3(0.00 %),0,0,0,0,572630,20.23
17/08/2012,0,0,2.4(4.35 %),0,0,0,0,572630,20.23
20/08/2012,0,0,2.4(0.00 %),0,0,0,0,572630,20.23
21/08/2012,0,0,2.4(0.00 %),0,0,0,0,572630,20.23
22/08/2012,0,0,2.3(-4.17 %),0,0,0,0,572630,20.23
23/08/2012,0,0,2.3(0.00 %),0,0,0,0,572630,20.23
24/08/2012,0,0,2.4(4.35 %),0,0,0,0,572630,20.23
27/08/2012,0,0,2.4(0.00 %),0,0,0,0,572630,20.23
28/08/2012,0,0,2.3(-4.17 %),0,0,0,0,572630,20.23
29/08/2012,0,0,2.3(0.00 %),0,0,0,0,572630,20.23
30/08/2012,0,0,2.3(0.00 %),0,0,0,0,572630,20.23
31/08/2012,0,0,2.4(4.35 %),0,0,0,0,572630,20.23
04/09/2012,0,0,2.4(0.00 %),0,0,0,0,572630,20.23
05/09/2012,0,0,2.4(0.00 %),0,0,0,0,572630,20.23
06/09/2012,0,0,2.4(0.00 %),0,0,0,0,572630,20.23
07/09/2012,0,0,2.4(0.00 %),0,0,0,0,572630,20.23
10/09/2012,0,0,2.4(0.00 %),0,0,0,0,572630,20.23
11/09/2012,0,0,2.4(0.00 %),0,0,0,0,572630,20.23
12/09/2012,0,0,2.4(0.00 %),0,0,0,0,572630,20.23
13/09/2012,0,0,2.4(0.00 %),0,0,0,0,572630,20.23
14/09/2012,0,0,2.4(0.00 %),0,0,0,0,572630,20.23
17/09/2012,0,0,2.4(0.00 %),0,0,0,0,572630,20.23
18/09/2012,0,0,2.5(4.17 %),0,0,0,0,572630,20.23
19/09/2012,0,0,2.4(-4.00 %),0,0,0,0,572630,20.23
20/09/2012,0,0,2.4(0.00 %),0,0,0,0,572630,20.23
21/09/2012,0,0,2.4(0.00 %),0,0,0,0,572630,20.23
24/09/2012,0,0,2.4(0.00 %),0,0,0,0,572630,20.23
25/09/2012,0,0,2.4(0.00 %),0,0,0,0,572630,20.23
26/09/2012,0,0,2.3(-4.17 %),0,0,0,0,572630,20.23
27/09/2012,0,0,2.2(-4.35 %),0,0,0,0,572630,20.23
28/09/2012,0,0,2.2(0.00 %),0,0,0,0,572630,20.23
01/10/2012,0,0,2.2(0.00 %),0,0,0,0,572630,20.23
02/10/2012,0,0,2.2(0.00 %),0,0,0,0,572630,20.23
03/10/2012,0,0,2.2(0.00 %),0,0,0,0,572630,20.23
04/10/2012,0,0,2.2(0.00 %),0,0,0,0,572630,20.23
05/10/2012,0,0,2.2(0.00 %),0,0,0,0,572630,20.23
08/10/2012,0,0,2.2(0.00 %),0,0,0,0,572630,20.23
09/10/2012,0,0,2.1(-4.55 %),0,0,0,0,572630,20.23
10/10/2012,0,0,2(-4.76 %),0,0,0,0,572630,20.23
11/10/2012,0,0,2(0.00 %),0,0,0,0,572630,20.23
12/10/2012,0,0,2(0.00 %),0,0,0,0,572630,20.23
15/10/2012,0,0,2(0.00 %),0,0,0,0,572630,20.23
16/10/2012,0,0,2.1(5.00 %),0,0,0,0,572630,20.23
17/10/2012,0,0,2.1(0.00 %),0,0,0,0,572630,20.23
18/10/2012,0,0,2.1(0.00 %),0,0,0,0,572630,20.23
19/10/2012,0,0,2.1(0.00 %),0,0,0,0,572630,20.23
22/10/2012,0,0,2.1(0.00 %),0,0,0,0,572630,20.23
23/10/2012,0,0,2(-4.76 %),0,0,0,0,572630,20.23
24/10/2012,0,0,1.9(-5.00 %),0,0,0,0,572630,20.23
25/10/2012,0,0,2(5.26 %),0,0,0,0,572630,20.23
26/10/2012,0,0,2.1(5.00 %),0,0,0,0,572630,4.45
29/10/2012,0,0,2.2(4.76 %),0,0,0,0,572630,20.23
30/10/2012,0,0,2.1(-4.55 %),0,0,0,0,572630,20.23
31/10/2012,0,0,2.2(4.76 %),0,0,0,0,572630,20.23
01/11/2012,0,0,2.2(0.00 %),0,0,0,0,572630,20.23
02/11/2012,0,0,2.2(0.00 %),0,0,0,0,572630,20.23
05/11/2012,0,0,2.1(-4.55 %),0,0,0,0,572630,20.23
06/11/2012,0,0,2.2(4.76 %),0,0,0,0,572630,20.23
07/11/2012,0,0,2.2(0.00 %),0,0,0,0,572630,20.23
08/11/2012,0,0,2.2(0.00 %),0,0,0,0,572630,20.23
09/11/2012,0,0,2.2(0.00 %),0,0,0,0,572630,20.23
12/11/2012,0,0,2.2(0.00 %),0,0,0,0,572630,20.23
13/11/2012,0,0,2.2(0.00 %),0,0,0,0,572630,20.23
14/11/2012,0,0,2.2(0.00 %),0,0,0,0,572630,20.23
15/11/2012,0,0,2.1(-4.55 %),0,0,0,0,572630,20.23
16/11/2012,0,0,2.2(4.76 %),0,0,0,0,572630,20.23
19/11/2012,0,0,2.3(4.55 %),0,0,0,0,572630,20.23
20/11/2012,0,0,2.3(0.00 %),0,0,0,0,572630,20.23
21/11/2012,0,0,2.3(0.00 %),0,0,0,0,572630,20.23
22/11/2012,0,0,2.3(0.00 %),0,0,0,0,572630,20.23
23/11/2012,0,0,2.3(0.00 %),0,0,0,0,572630,20.23
26/11/2012,0,0,2.3(0.00 %),0,0,0,0,572630,20.23
27/11/2012,0,0,2.4(4.35 %),0,0,0,0,572630,20.23
28/11/2012,0,0,2.4(0.00 %),0,0,0,0,572630,20.23
29/11/2012,0,0,2.3(-4.17 %),0,0,0,0,572630,20.23
30/11/2012,0,0,2.4(4.35 %),0,0,0,0,572630,20.23
03/12/2012,0,0,2.4(0.00 %),0,0,0,0,572630,20.23
04/12/2012,0,0,2.4(0.00 %),0,0,0,0,572630,20.23
05/12/2012,0,0,2.4(0.00 %),0,0,0,0,572630,20.23
06/12/2012,0,0,2.4(0.00 %),0,0,0,0,572630,20.23
07/12/2012,0,0,2.3(-4.17 %),0,0,0,0,572630,20.23
10/12/2012,0,0,2.2(-4.35 %),0,0,0,0,572630,20.23
11/12/2012,0,0,2.3(4.55 %),0,0,0,0,572630,20.23
12/12/2012,0,0,2.3(0.00 %),0,0,0,0,572630,20.23
13/12/2012,0,0,2.2(-4.35 %),0,0,0,0,572630,20.23
14/12/2012,0,0,2.1(-4.55 %),0,0,0,0,572630,20.23
17/12/2012,0,0,2.1(0.00 %),0,0,0,0,572630,20.23
18/12/2012,0,0,2.1(0.00 %),0,0,0,0,572630,20.23
19/12/2012,0,0,2.1(0.00 %),0,0,0,0,572630,20.23
20/12/2012,0,0,2.1(0.00 %),0,0,0,0,572630,20.23
21/12/2012,0,0,2(-4.76 %),0,0,0,0,572630,20.23
24/12/2012,0,0,2.1(5.00 %),0,0,0,0,572630,20.23
25/12/2012,0,0,2.2(4.76 %),0,0,0,0,572630,20.23
26/12/2012,0,0,2.2(0.00 %),0,0,0,0,572630,20.23
27/12/2012,0,0,2.2(0.00 %),0,0,0,0,572630,20.23
28/12/2012,0,0,2.2(0.00 %),0,0,0,0,572630,20.23
02/01/2013,0,0,2.1(-4.55 %),0,0,0,0,572630,20.23
03/01/2013,0,0,2.1(0.00 %),0,0,0,0,572630,20.23
04/01/2013,0,0,2.1(0.00 %),0,0,0,0,572630,20.23
07/01/2013,2200,4840000,2.2(4.76 %),2200,4840000,0,0,570430,20.34
08/01/2013,990,2178000,2.2(0.00 %),990,2178000,0,0,569440,20.39
09/01/2013,310,651000,2.1(-4.55 %),310,651000,0,0,569130,20.41
10/01/2013,-1790,-3938000,2.2(4.76 %),210,462000,2000,4400000,570920,20.32
11/01/2013,0,0,2.2(0.00 %),0,0,0,0,570920,20.32
14/01/2013,5000,11500000,2.3(4.55 %),5000,11500000,0,0,565920,20.57
15/01/2013,0,0,2.4(4.35 %),0,0,0,0,565920,20.57
16/01/2013,-20,-46000,2.3(-4.17 %),0,0,20,46000,565940,20.57
17/01/2013,-4000,-9200000,2.3(0.00 %),0,0,4000,9200000,569940,20.37
18/01/2013,0,0,2.4(4.35 %),0,0,0,0,569940,20.37
21/01/2013,0,0,2.4(0.00 %),0,0,0,0,569940,20.37
22/01/2013,-190,-437000,2.3(-4.17 %),0,0,190,437000,570130,20.36
23/01/2013,0,0,2.4(4.35 %),0,0,0,0,570130,20.36
24/01/2013,0,0,2.5(4.17 %),0,0,0,0,570130,20.36
25/01/2013,-440,-1144000,2.6(4.00 %),0,0,440,1144000,570570,20.34
28/01/2013,-60,-156000,2.6(0.00 %),0,0,60,156000,570630,20.33
29/01/2013,-2000,-5000000,2.5(-3.85 %),0,0,2000,5000000,572630,20.23
30/01/2013,0,0,2.6(4.00 %),0,0,0,0,572630,20.23
31/01/2013,0,0,2.7(3.85 %),0,0,0,0,572630,20.23
01/02/2013,-100,-280000,2.8(3.70 %),0,0,100,280000,570630,20.33
04/02/2013,-1900,-5130000,2.7(-3.57 %),0,0,1900,5130000,572530,20.24
05/02/2013,0,0,2.8(3.70 %),0,0,0,0,572530,20.24
06/02/2013,0,0,2.9(3.57 %),0,0,0,0,572530,20.24
07/02/2013,0,0,2.9(0.00 %),0,0,0,0,572530,20.24
08/02/2013,-2500,-6750000,2.7(-6.90 %),0,0,2500,6750000,575030,20.11
18/02/2013,-12500,-32500000,2.6(-3.70 %),0,0,12500,32500000,587530,19.48
19/02/2013,0,0,2.7(3.85 %),0,0,0,0,587530,19.48
20/02/2013,0,0,2.8(3.70 %),0,0,0,0,587530,19.48
21/02/2013,0,0,2.9(3.57 %),0,0,0,0,587530,19.48
22/02/2013,0,0,2.7(-6.90 %),0,0,0,0,587530,19.48
25/02/2013,0,0,2.8(3.70 %),0,0,0,0,587530,19.48
26/02/2013,0,0,2.8(0.00 %),0,0,0,0,587530,19.48
27/02/2013,0,0,2.8(0.00 %),0,0,0,0,587530,19.48
28/02/2013,0,0,2.8(0.00 %),0,0,0,0,587530,19.48
01/03/2013,0,0,2.8(0.00 %),0,0,0,0,589630,19.38
04/03/2013,0,0,2.8(0.00 %),0,0,0,0,589630,19.38
05/03/2013,0,0,2.8(0.00 %),0,0,0,0,589630,19.38
06/03/2013,0,0,2.7(-3.57 %),0,0,0,0,589630,19.38
07/03/2013,0,0,2.7(0.00 %),0,0,0,0,589630,19.38
08/03/2013,0,0,2.7(0.00 %),0,0,0,0,589630,19.38
11/03/2013,0,0,2.7(0.00 %),0,0,0,0,589630,19.38
12/03/2013,0,0,2.7(0.00 %),0,0,0,0,589630,19.38
13/03/2013,0,0,2.7(0.00 %),0,0,0,0,589630,19.38
14/03/2013,0,0,2.7(0.00 %),0,0,0,0,589630,19.38
15/03/2013,0,0,2.6(-3.70 %),0,0,0,0,589630,19.38
18/03/2013,0,0,2.6(0.00 %),0,0,0,0,589630,19.38
19/03/2013,0,0,2.6(0.00 %),0,0,0,0,589630,19.38
20/03/2013,-50,-135000,2.7(3.85 %),0,0,50,135000,589680,19.38
21/03/2013,0,0,2.7(0.00 %),0,0,0,0,589680,19.38
22/03/2013,0,0,2.7(0.00 %),0,0,0,0,589680,19.38
25/03/2013,0,0,2.6(-3.70 %),0,0,0,0,589680,19.38
26/03/2013,0,0,2.5(-3.85 %),0,0,0,0,589680,19.38
27/03/2013,0,0,2.6(4.00 %),0,0,0,0,589680,19.38
28/03/2013,-150,-405000,2.7(3.85 %),0,0,150,405000,589830,19.37
29/03/2013,0,0,2.7(0.00 %),0,0,0,0,589830,19.37
01/04/2013,0,0,2.8(3.70 %),0,0,0,0,589680,19.38
02/04/2013,0,0,2.8(0.00 %),0,0,0,0,589680,19.38
03/04/2013,0,0,2.7(-3.57 %),0,0,0,0,589680,19.38
04/04/2013,0,0,2.7(0.00 %),0,0,0,0,589680,19.38
05/04/2013,0,0,2.7(0.00 %),0,0,0,0,589680,19.38
08/04/2013,0,0,2.7(0.00 %),0,0,0,0,589680,19.38
09/04/2013,0,0,2.7(0.00 %),0,0,0,0,589680,19.38
10/04/2013,0,0,2.7(0.00 %),0,0,0,0,589680,19.38
11/04/2013,0,0,2.7(0.00 %),0,0,0,0,589680,19.38
12/04/2013,0,0,2.8(3.70 %),0,0,0,0,589680,19.38
15/04/2013,0,0,2.8(0.00 %),0,0,0,0,589680,19.38
16/04/2013,0,0,2.8(0.00 %),0,0,0,0,589680,19.38
17/04/2013,0,0,2.8(0.00 %),0,0,0,0,589680,19.38
18/04/2013,0,0,2.7(-3.57 %),0,0,0,0,589680,19.38
22/04/2013,0,0,2.6(-3.70 %),0,0,0,0,589680,19.38
23/04/2013,0,0,2.6(0.00 %),0,0,0,0,589680,19.38
24/04/2013,0,0,2.6(0.00 %),0,0,0,0,589680,19.38
25/04/2013,0,0,2.6(0.00 %),0,0,0,0,589680,19.38
26/04/2013,0,0,2.6(0.00 %),0,0,0,0,589680,19.38
02/05/2013,0,0,2.6(0.00 %),0,0,0,0,589830,19.37
03/05/2013,0,0,2.6(0.00 %),0,0,0,0,589830,19.37
06/05/2013,0,0,2.6(0.00 %),0,0,0,0,589830,19.37
07/05/2013,0,0,2.6(0.00 %),0,0,0,0,589830,19.37
08/05/2013,0,0,2.5(-3.85 %),0,0,0,0,589830,19.37
09/05/2013,0,0,2.6(4.00 %),0,0,0,0,589830,19.37
10/05/2013,0,0,2.7(3.85 %),0,0,0,0,589830,19.37
13/05/2013,-15000,-39000000,2.6(-3.70 %),0,0,15000,39000000,604830,18.61
14/05/2013,0,0,2.6(0.00 %),0,0,0,0,604830,18.61
15/05/2013,0,0,2.6(0.00 %),0,0,0,0,604830,18.61
16/05/2013,0,0,2.7(3.85 %),0,0,0,0,604830,18.61
17/05/2013,0,0,2.6(-3.70 %),0,0,0,0,604830,18.61
20/05/2013,0,0,2.7(3.85 %),0,0,0,0,604830,18.61
21/05/2013,0,0,2.8(3.70 %),0,0,0,0,604830,18.61
22/05/2013,0,0,2.9(3.57 %),0,0,0,0,604830,18.61
23/05/2013,0,0,3(3.45 %),0,0,0,0,604830,18.61
24/05/2013,0,0,3(0.00 %),0,0,0,0,604830,18.61
27/05/2013,0,0,2.8(-6.67 %),0,0,0,0,604830,18.61
28/05/2013,0,0,2.9(3.57 %),0,0,0,0,604830,18.61
29/05/2013,0,0,2.7(-6.90 %),0,0,0,0,604830,18.61
30/05/2013,0,0,2.7(0.00 %),0,0,0,0,604830,18.61
31/05/2013,0,0,2.8(3.70 %),0,0,0,0,604830,18.61
03/06/2013,0,0,2.8(0.00 %),0,0,0,0,604830,18.61
04/06/2013,0,0,2.8(0.00 %),0,0,0,0,604830,18.61
05/06/2013,0,0,2.9(3.57 %),0,0,0,0,604830,18.61
06/06/2013,0,0,3(3.45 %),0,0,0,0,604830,18.61
07/06/2013,0,0,3(0.00 %),0,0,0,0,604830,18.61
10/06/2013,-10,-30000,2.9(-3.33 %),0,0,10,30000,604840,18.61
11/06/2013,0,0,2.8(-3.45 %),0,0,0,0,604840,18.61
12/06/2013,0,0,2.9(3.57 %),0,0,0,0,604840,18.61
13/06/2013,0,0,3(3.45 %),0,0,0,0,604840,18.61
14/06/2013,0,0,3(0.00 %),0,0,0,0,604840,18.61
17/06/2013,0,0,2.8(-6.67 %),0,0,0,0,604840,18.61
18/06/2013,0,0,2.9(3.57 %),0,0,0,0,604840,18.61
19/06/2013,0,0,2.9(0.00 %),0,0,0,0,604840,18.61
20/06/2013,0,0,3(3.45 %),0,0,0,0,604840,18.61
21/06/2013,0,0,3(0.00 %),0,0,0,0,604840,18.61
24/06/2013,0,0,3(0.00 %),0,0,0,0,604840,18.61
25/06/2013,0,0,3(0.00 %),0,0,0,0,604840,18.61
26/06/2013,0,0,3(0.00 %),0,0,0,0,604840,18.61
27/06/2013,0,0,2.8(-6.67 %),0,0,0,0,604840,18.61
28/06/2013,500,1400000,2.8(0.00 %),500,1400000,0,0,604340,18.64
01/07/2013,0,0,2.9(3.57 %),0,0,0,0,604340,18.64
02/07/2013,0,0,2.9(0.00 %),0,0,0,0,604340,18.64
03/07/2013,0,0,2.9(0.00 %),0,0,0,0,604340,18.64
04/07/2013,0,0,2.7(-6.90 %),0,0,0,0,604340,18.64
05/07/2013,0,0,2.8(3.70 %),0,0,0,0,604340,18.64
08/07/2013,0,0,2.9(3.57 %),0,0,0,0,604340,18.64
09/07/2013,0,0,3(3.45 %),0,0,0,0,604340,18.64
10/07/2013,0,0,2.9(-3.33 %),0,0,0,0,604340,18.64
11/07/2013,0,0,2.9(0.00 %),0,0,0,0,604340,18.64
12/07/2013,-2000,-5800000,2.9(0.00 %),0,0,2000,5800000,606340,18.54
15/07/2013,0,0,2.9(0.00 %),0,0,0,0,606340,18.54
16/07/2013,0,0,2.7(-6.90 %),0,0,0,0,606340,18.54
17/07/2013,0,0,2.8(3.70 %),0,0,0,0,606340,18.54
18/07/2013,0,0,2.9(3.57 %),0,0,0,0,606340,18.54
19/07/2013,0,0,2.9(0.00 %),0,0,0,0,606340,18.54
22/07/2013,0,0,2.9(0.00 %),0,0,0,0,606340,18.54
23/07/2013,0,0,3.1(6.90 %),0,0,0,0,606340,18.54
24/07/2013,0,0,2.9(-6.45 %),0,0,0,0,606340,18.54
25/07/2013,0,0,2.8(-3.45 %),0,0,0,0,606340,18.54
26/07/2013,0,0,2.8(0.00 %),0,0,0,0,606340,18.54
29/07/2013,0,0,2.8(0.00 %),0,0,0,0,606340,18.54
30/07/2013,0,0,2.9(3.57 %),0,0,0,0,606340,18.54
31/07/2013,0,0,3.1(6.90 %),0,0,0,0,606340,18.54
01/08/2013,0,0,3.3(6.45 %),0,0,0,0,606340,18.54
02/08/2013,0,0,3.2(-3.03 %),0,0,0,0,606340,18.54
05/08/2013,0,0,3.4(6.25 %),0,0,0,0,606340,18.54
06/08/2013,0,0,3.4(0.00 %),0,0,0,0,606340,18.54
07/08/2013,0,0,3.4(0.00 %),0,0,0,0,606340,18.54
08/08/2013,-3040,-10640000,3.5(2.94 %),0,0,3040,10640000,609380,18.39
09/08/2013,0,0,3.7(5.71 %),0,0,0,0,609380,18.39
12/08/2013,0,0,3.9(5.41 %),0,0,0,0,609380,18.39
13/08/2013,0,0,3.8(-2.56 %),0,0,0,0,609380,18.39
14/08/2013,0,0,3.6(-5.26 %),0,0,0,0,609380,18.39
15/08/2013,0,0,3.8(5.56 %),0,0,0,0,609380,18.39
16/08/2013,0,0,4(5.26 %),0,0,0,0,609380,18.39
19/08/2013,0,0,4.2(5.00 %),0,0,0,0,609380,18.39
20/08/2013,0,0,4(-4.76 %),0,0,0,0,609380,18.39
21/08/2013,0,0,4.2(5.00 %),0,0,0,0,609380,18.39
22/08/2013,0,0,4.1(-2.38 %),0,0,0,0,609380,18.39
23/08/2013,0,0,4.1(0.00 %),0,0,0,0,609380,18.39
26/08/2013,-2000,-8600000,4.3(4.88 %),0,0,2000,8600000,611380,18.29
27/08/2013,0,0,4.6(6.98 %),0,0,0,0,611380,18.29
28/08/2013,400,1840000,4.5(-2.17 %),400,1840000,0,0,610980,18.31
29/08/2013,-5000,-21000000,4.6(2.22 %),0,0,5000,21000000,615980,18.05
30/08/2013,0,0,4.8(4.35 %),0,0,0,0,615980,18.05
03/09/2013,0,0,4.5(-6.25 %),0,0,0,0,610980,18.31
04/09/2013,-400,-1880000,4.8(6.67 %),0,0,400,1880000,611380,18.29
05/09/2013,0,0,4.5(-6.25 %),0,0,0,0,611380,18.29
06/09/2013,0,0,4.6(2.22 %),0,0,0,0,611380,18.29
09/09/2013,0,0,4.9(6.52 %),0,0,0,0,611380,18.29
10/09/2013,0,0,5.2(6.12 %),0,0,0,0,611380,18.29
11/09/2013,0,0,5.5(5.77 %),0,0,0,0,611380,18.29
12/09/2013,0,0,5.8(5.45 %),0,0,0,0,611380,18.29
13/09/2013,0,0,6(3.45 %),0,0,0,0,611380,18.29
16/09/2013,0,0,6.4(6.67 %),0,0,0,0,611380,18.29
17/09/2013,0,0,6.8(6.25 %),0,0,0,0,611380,18.29
18/09/2013,0,0,7.1(4.41 %),0,0,0,0,611380,18.29
19/09/2013,0,0,7.2(1.41 %),0,0,0,0,611380,18.29
20/09/2013,0,0,7.2(0.00 %),0,0,0,0,611380,18.29
23/09/2013,0,0,6.7(-6.94 %),0,0,0,0,611380,18.29
24/09/2013,0,0,6.5(-2.99 %),0,0,0,0,611380,18.29
25/09/2013,0,0,6.1(-6.15 %),0,0,0,0,611380,18.29
26/09/2013,0,0,5.7(-6.56 %),0,0,0,0,611380,18.29
27/09/2013,0,0,5.4(-5.26 %),0,0,0,0,611380,18.29
30/09/2013,0,0,5.3(-1.85 %),0,0,0,0,611380,18.29
01/10/2013,0,0,5(-5.66 %),0,0,0,0,616380,18.03
02/10/2013,0,0,4.7(-6.00 %),0,0,0,0,616380,18.03
03/10/2013,0,0,4.9(4.26 %),0,0,0,0,616380,18.03
04/10/2013,-1390,-6672000,5.2(6.12 %),0,0,1390,6672000,617770,17.96
07/10/2013,0,0,5.1(-1.92 %),0,0,0,0,617770,17.96
08/10/2013,0,0,5.1(0.00 %),0,0,0,0,617770,17.96
09/10/2013,0,0,5(-1.96 %),0,0,0,0,617770,17.96
10/10/2013,0,0,4.9(-2.00 %),0,0,0,0,617770,17.96
11/10/2013,0,0,4.9(0.00 %),0,0,0,0,617770,17.96
14/10/2013,0,0,4.6(-6.12 %),0,0,0,0,617770,17.96
15/10/2013,0,0,4.3(-6.52 %),0,0,0,0,617770,17.96
16/10/2013,0,0,4.4(2.33 %),0,0,0,0,617770,17.96
17/10/2013,0,0,4.7(6.82 %),0,0,0,0,617770,17.96
18/10/2013,0,0,5(6.38 %),0,0,0,0,617770,17.96
21/10/2013,0,0,5.1(2.00 %),0,0,0,0,617770,17.96
22/10/2013,0,0,5.3(3.92 %),0,0,0,0,617770,17.96
23/10/2013,0,0,5(-5.66 %),0,0,0,0,617770,17.96
24/10/2013,0,0,4.7(-6.00 %),0,0,0,0,617770,17.96
25/10/2013,0,0,4.6(-2.13 %),0,0,0,0,617770,17.96
28/10/2013,2000,8600000,4.3(-6.52 %),2000,8600000,0,0,615770,18.07
29/10/2013,0,0,4.5(4.65 %),0,0,0,0,615770,18.07
30/10/2013,0,0,4.4(-2.22 %),0,0,0,0,615770,18.07
31/10/2013,0,0,4.2(-4.55 %),0,0,0,0,615770,18.07
01/11/2013,0,0,4(-4.76 %),0,0,0,0,615770,18.07
04/11/2013,-200,-800000,4.2(5.00 %),0,0,200,800000,615970,18.05
05/11/2013,0,0,4.1(-2.38 %),0,0,0,0,615970,18.05
06/11/2013,0,0,4.3(4.88 %),0,0,0,0,615970,18.05
07/11/2013,0,0,4.5(4.65 %),0,0,0,0,615970,18.05
08/11/2013,0,0,4.4(-2.22 %),0,0,0,0,615970,18.05
11/11/2013,0,0,4.4(0.00 %),0,0,0,0,615970,18.05
12/11/2013,0,0,4.4(0.00 %),0,0,0,0,615970,18.05
13/11/2013,0,0,4.4(0.00 %),0,0,0,0,615970,18.05
14/11/2013,0,0,4.6(4.55 %),0,0,0,0,615970,18.05
15/11/2013,0,0,4.3(-6.52 %),0,0,0,0,615970,18.05
18/11/2013,0,0,4.2(-2.33 %),0,0,0,0,615970,18.05
19/11/2013,0,0,4.4(4.76 %),0,0,0,0,615970,18.05
20/11/2013,0,0,4.7(6.82 %),0,0,0,0,615970,18.05
21/11/2013,0,0,5(6.38 %),0,0,0,0,615970,18.05
22/11/2013,0,0,5.2(4.00 %),0,0,0,0,615970,18.05
25/11/2013,0,0,5.3(1.92 %),0,0,0,0,615970,18.05
26/11/2013,0,0,5(-5.66 %),0,0,0,0,615970,18.05
27/11/2013,-1010,-5252000,5.2(4.00 %),0,0,1010,5252000,616980,18.0
28/11/2013,-20,-102000,5.1(-1.92 %),0,0,20,102000,617000,18.0
29/11/2013,-10,-50000,5(-1.96 %),0,0,10,50000,617010,18.0
02/12/2013,-960,-4800000,5(0.00 %),0,0,960,4800000,615970,18.05
03/12/2013,0,0,4.7(-6.00 %),0,0,0,0,615970,18.05
04/12/2013,0,0,4.7(0.00 %),0,0,0,0,615970,18.05
05/12/2013,0,0,5(6.38 %),0,0,0,0,615970,18.05
06/12/2013,0,0,5(0.00 %),0,0,0,0,615970,18.05
09/12/2013,0,0,4.9(-2.00 %),0,0,0,0,615970,18.05
10/12/2013,0,0,4.9(0.00 %),0,0,0,0,615970,18.05
11/12/2013,0,0,4.9(0.00 %),0,0,0,0,615970,18.05
12/12/2013,0,0,4.7(-4.08 %),0,0,0,0,615970,18.05
13/12/2013,0,0,4.6(-2.13 %),0,0,0,0,615970,18.05
16/12/2013,0,0,4.5(-2.17 %),0,0,0,0,615970,18.05
17/12/2013,0,0,4.8(6.67 %),0,0,0,0,615970,18.05
18/12/2013,0,0,5(4.17 %),0,0,0,0,615970,18.05
19/12/2013,-20,-100000,5(0.00 %),0,0,20,100000,615990,18.05
20/12/2013,0,0,5(0.00 %),0,0,0,0,615990,18.05
23/12/2013,0,0,5(0.00 %),0,0,0,0,615990,18.05
24/12/2013,0,0,5(0.00 %),0,0,0,0,615990,18.05
25/12/2013,0,0,5(0.00 %),0,0,0,0,615990,18.05
26/12/2013,0,0,5.1(2.00 %),0,0,0,0,615990,18.05
27/12/2013,0,0,5(-1.96 %),0,0,0,0,615990,18.05
30/12/2013,0,0,4.9(-2.00 %),0,0,0,0,615990,18.05
31/12/2013,0,0,4.9(0.00 %),0,0,0,0,615990,18.05
02/01/2014,0,0,5.1(4.08 %),0,0,0,0,617990,17.95
03/01/2014,0,0,5.1(0.00 %),0,0,0,0,617990,17.95
06/01/2014,0,0,5.2(1.96 %),0,0,0,0,617990,17.95
07/01/2014,0,0,5.2(0.00 %),0,0,0,0,617990,17.95
08/01/2014,0,0,5.2(0.00 %),0,0,0,0,617990,17.95
09/01/2014,0,0,5.2(0.00 %),0,0,0,0,617990,17.95
10/01/2014,0,0,5(-3.85 %),0,0,0,0,617990,17.95
13/01/2014,0,0,5.3(6.00 %),0,0,0,0,617990,17.95
14/01/2014,0,0,5(-5.66 %),0,0,0,0,617990,17.95
15/01/2014,0,0,4.7(-6.00 %),0,0,0,0,617990,17.95
16/01/2014,0,0,5(6.38 %),0,0,0,0,617990,17.95
17/01/2014,0,0,4.7(-6.00 %),0,0,0,0,617990,17.95
20/01/2014,0,0,5(6.38 %),0,0,0,0,617990,17.95
21/01/2014,0,0,5.3(6.00 %),0,0,0,0,617990,17.95
22/01/2014,0,0,5.3(0.00 %),0,0,0,0,617990,17.95
23/01/2014,0,0,5.4(1.89 %),0,0,0,0,617990,17.95
24/01/2014,0,0,5.1(-5.56 %),0,0,0,0,617990,17.95
27/01/2014,0,0,5.4(5.88 %),0,0,0,0,617990,17.95
06/02/2014,0,0,5.7(5.56 %),0,0,0,0,617990,17.95
07/02/2014,0,0,6(5.26 %),0,0,0,0,617990,17.95
10/02/2014,0,0,5.8(-3.33 %),0,0,0,0,617990,17.95
11/02/2014,0,0,6.2(6.90 %),0,0,0,0,617990,17.95
12/02/2014,0,0,6.4(3.23 %),0,0,0,0,617990,17.95
13/02/2014,0,0,6.6(3.12 %),0,0,0,0,617990,17.95
14/02/2014,0,0,6.9(4.55 %),0,0,0,0,617990,17.95
17/02/2014,0,0,6.7(-2.90 %),0,0,0,0,617990,17.95
18/02/2014,0,0,6.9(2.99 %),0,0,0,0,617990,17.95
19/02/2014,0,0,6.9(0.00 %),0,0,0,0,617990,17.95
20/02/2014,0,0,6.8(-1.45 %),0,0,0,0,617990,17.95
21/02/2014,0,0,6.6(-2.94 %),0,0,0,0,617990,17.95
24/02/2014,0,0,6.4(-3.03 %),0,0,0,0,617990,17.95
25/02/2014,0,0,6.2(-3.12 %),0,0,0,0,617990,17.95
26/02/2014,0,0,6.4(3.23 %),0,0,0,0,617990,17.95
27/02/2014,0,0,6.8(6.25 %),0,0,0,0,617990,17.95
28/02/2014,0,0,6.8(0.00 %),0,0,0,0,617990,17.95
03/03/2014,0,0,7(2.94 %),0,0,0,0,617990,17.95
04/03/2014,0,0,6.6(-5.71 %),0,0,0,0,617990,17.95
05/03/2014,0,0,7(6.06 %),0,0,0,0,617990,17.95
06/03/2014,0,0,7.3(4.29 %),0,0,0,0,617990,17.95
07/03/2014,0,0,7.3(0.00 %),0,0,0,0,617990,17.95
10/03/2014,0,0,7.4(1.37 %),0,0,0,0,617990,17.95
11/03/2014,0,0,7.8(5.41 %),0,0,0,0,617990,17.95
12/03/2014,0,0,7.8(0.00 %),0,0,0,0,617990,17.95
13/03/2014,0,0,7.3(-6.41 %),0,0,0,0,617990,17.95
14/03/2014,0,0,6.9(-5.48 %),0,0,0,0,617990,17.95
17/03/2014,0,0,7.3(5.80 %),0,0,0,0,617990,17.95
18/03/2014,0,0,7.6(4.11 %),0,0,0,0,617990,17.95
19/03/2014,0,0,7.6(0.00 %),0,0,0,0,617990,17.95
20/03/2014,0,0,8.1(6.58 %),0,0,0,0,617990,17.95
21/03/2014,-60,-456000,8.6(6.17 %),0,0,60,456000,618050,17.95
24/03/2014,0,0,8.6(0.00 %),0,0,0,0,618050,17.95
25/03/2014,0,0,8.6(0.00 %),0,0,0,0,618050,17.95
26/03/2014,0,0,8.4(-2.33 %),0,0,0,0,618050,17.95
27/03/2014,0,0,8(-4.76 %),0,0,0,0,618050,17.95
28/03/2014,0,0,8.5(6.25 %),0,0,0,0,618050,17.95
31/03/2014,0,0,8(-5.88 %),0,0,0,0,618050,17.95
01/04/2014,0,0,7.5(-6.25 %),0,0,0,0,618050,17.95
02/04/2014,0,0,7.6(1.33 %),0,0,0,0,618050,17.95
03/04/2014,0,0,7.8(2.63 %),0,0,0,0,618050,17.95
04/04/2014,0,0,7.3(-6.41 %),0,0,0,0,618050,17.95
07/04/2014,0,0,6.9(-5.48 %),0,0,0,0,618050,17.95
08/04/2014,10,73000,6.9(0.00 %),10,73000,0,0,618040,17.95
10/04/2014,0,0,7.1(2.90 %),0,0,0,0,618040,17.95
11/04/2014,0,0,7.2(1.41 %),0,0,0,0,618040,17.95
14/04/2014,0,0,7.2(0.00 %),0,0,0,0,618040,17.95
15/04/2014,0,0,7.2(0.00 %),0,0,0,0,618040,17.95
16/04/2014,0,0,7(-2.78 %),0,0,0,0,618040,17.95
17/04/2014,0,0,7.1(1.43 %),0,0,0,0,618040,17.95
18/04/2014,0,0,7(-1.41 %),0,0,0,0,618040,17.95
21/04/2014,0,0,7(0.00 %),0,0,0,0,618040,17.95
22/04/2014,0,0,6.6(-5.71 %),0,0,0,0,618040,17.95
23/04/2014,0,0,6.6(0.00 %),0,0,0,0,618040,17.95
24/04/2014,0,0,6.6(0.00 %),0,0,0,0,618040,17.95
25/04/2014,0,0,6.6(0.00 %),0,0,0,0,618040,17.95
28/04/2014,0,0,6.6(0.00 %),0,0,0,0,618040,17.95
29/04/2014,0,0,6.9(4.55 %),0,0,0,0,618040,17.95
05/05/2014,0,0,6.5(-5.80 %),0,0,0,0,618040,17.95
06/05/2014,0,0,6.5(0.00 %),0,0,0,0,618040,17.95
07/05/2014,0,0,6.1(-6.15 %),0,0,0,0,618040,17.95
08/05/2014,0,0,5.9(-3.28 %),0,0,0,0,618040,17.95
09/05/2014,0,0,6(1.69 %),0,0,0,0,618040,17.95
12/05/2014,500,3036000,6.1(1.67 %),500,3036000,0,0,617540,17.98
13/05/2014,0,0,6.1(0.00 %),0,0,0,0,617540,17.98
14/05/2014,0,0,6.3(3.28 %),0,0,0,0,617540,17.98
15/05/2014,0,0,5.9(-6.35 %),0,0,0,0,617540,17.98
16/05/2014,0,0,6(1.69 %),0,0,0,0,617540,17.98
19/05/2014,0,0,5.6(-6.67 %),0,0,0,0,617540,17.98
20/05/2014,500,2800000,5.9(5.36 %),500,2800000,0,0,617040,18.0
21/05/2014,0,0,6.3(6.78 %),0,0,0,0,617040,18.0
22/05/2014,0,0,6.5(3.17 %),0,0,0,0,617040,18.0
23/05/2014,0,0,6.1(-6.15 %),0,0,0,0,617040,18.0
26/05/2014,0,0,6.1(0.00 %),0,0,0,0,617040,18.0
27/05/2014,0,0,6.1(0.00 %),0,0,0,0,617040,18.0
28/05/2014,0,0,6.1(0.00 %),0,0,0,0,617040,18.0
29/05/2014,0,0,5.7(-6.56 %),0,0,0,0,617040,18.0
30/05/2014,0,0,5.9(3.51 %),0,0,0,0,617040,18.0
02/06/2014,0,0,5.9(0.00 %),0,0,0,0,617040,18.0
03/06/2014,0,0,5.9(0.00 %),0,0,0,0,617040,18.0
04/06/2014,0,0,5.5(-6.78 %),0,0,0,0,617040,18.0
05/06/2014,0,0,5.2(-5.45 %),0,0,0,0,617040,18.0
06/06/2014,0,0,5(-3.85 %),0,0,0,0,617040,18.0
09/06/2014,500,2500000,5(0.00 %),500,2500000,0,0,616540,18.03
10/06/2014,0,0,5(0.00 %),0,0,0,0,616540,18.03
11/06/2014,0,0,5(0.00 %),0,0,0,0,616540,18.03
12/06/2014,0,0,5(0.00 %),0,0,0,0,616540,18.03
13/06/2014,0,0,5(0.00 %),0,0,0,0,616540,18.03
16/06/2014,0,0,5(0.00 %),0,0,0,0,616540,18.03
17/06/2014,800,3920000,4.7(-6.00 %),800,3920000,0,0,615740,18.07
18/06/2014,0,0,4.4(-6.38 %),0,0,0,0,615740,18.07
19/06/2014,0,0,4.3(-2.27 %),0,0,0,0,615740,18.07
20/06/2014,0,0,4.6(6.98 %),0,0,0,0,615740,18.07
23/06/2014,0,0,4.4(-4.35 %),0,0,0,0,615740,18.07
24/06/2014,240,1032000,4.3(-2.27 %),240,1032000,0,0,615500,18.08
25/06/2014,0,0,4.6(6.98 %),0,0,0,0,615500,18.08
26/06/2014,0,0,4.3(-6.52 %),0,0,0,0,615500,18.08
27/06/2014,0,0,4.3(0.00 %),0,0,0,0,615500,18.08
30/06/2014,0,0,4.3(0.00 %),0,0,0,0,615500,18.08
01/07/2014,0,0,4.3(0.00 %),0,0,0,0,615500,18.08
02/07/2014,0,0,4.2(-2.33 %),0,0,0,0,615500,18.08
03/07/2014,-240,-1056000,4.4(4.76 %),0,0,240,1056000,615740,18.07
04/07/2014,0,0,4.5(2.27 %),0,0,0,0,615740,18.07
07/07/2014,0,0,4.5(0.00 %),0,0,0,0,615740,18.07
08/07/2014,0,0,4.6(2.22 %),0,0,0,0,615740,18.07
09/07/2014,0,0,4.6(0.00 %),0,0,0,0,615740,18.07
10/07/2014,0,0,4.6(0.00 %),0,0,0,0,615740,18.07
11/07/2014,0,0,4.6(0.00 %),0,0,0,0,615740,0.0
14/07/2014,0,0,4.6(0.00 %),0,0,0,0,615740,18.07
15/07/2014,0,0,4.5(-2.17 %),0,0,0,0,615740,18.07
16/07/2014,0,0,4.5(0.00 %),0,0,0,0,615740,0.0
17/07/2014,0,0,4.4(-2.22 %),0,0,0,0,615740,18.07
18/07/2014,0,0,4.5(2.27 %),0,0,0,0,615740,18.07
21/07/2014,0,0,4.6(2.22 %),0,0,0,0,615740,18.07
22/07/2014,0,0,4.6(0.00 %),0,0,0,0,615740,0.0
23/07/2014,0,0,4.8(4.35 %),0,0,0,0,615740,18.07
24/07/2014,0,0,4.8(0.00 %),0,0,0,0,615740,0.0
25/07/2014,-1000,-4700000,5(4.17 %),0,0,1000,4700000,615740,0.0
28/07/2014,0,0,5(0.00 %),0,0,0,0,615740,0.0
29/07/2014,0,0,5(0.00 %),0,0,0,0,615740,0.0
30/07/2014,0,0,4.7(-6.00 %),0,0,0,0,615740,0.0
31/07/2014,0,0,4.4(-6.38 %),0,0,0,0,616740,0.0
01/08/2014,0,0,4.4(0.00 %),0,0,0,0,616740,0.0
04/08/2014,0,0,4.4(0.00 %),0,0,0,0,616740,0.0
05/08/2014,0,0,4.4(0.00 %),0,0,0,0,616740,0.0
06/08/2014,0,0,4.3(-2.27 %),0,0,0,0,616740,18.02
07/08/2014,0,0,4.5(4.65 %),0,0,0,0,616740,18.02
08/08/2014,0,0,4.5(0.00 %),0,0,0,0,616740,0.0
11/08/2014,0,0,4.5(0.00 %),0,0,0,0,616740,0.0
12/08/2014,0,0,4.5(0.00 %),0,0,0,0,616740,0.0
13/08/2014,0,0,4.5(0.00 %),0,0,0,0,616740,0.0
14/08/2014,0,0,4.2(-6.67 %),0,0,0,0,616740,18.02
15/08/2014,0,0,4(-4.76 %),0,0,0,0,616740,18.02
18/08/2014,-1400,-5600000,3.9(-2.50 %),600,2400000,2000,8000000,616140,0.0
19/08/2014,500,1950000,3.9(0.00 %),500,1950000,0,0,615640,0.0
20/08/2014,0,0,4.1(5.13 %),0,0,0,0,615640,0.0
21/08/2014,0,0,4.2(2.44 %),0,0,0,0,615640,0.0
22/08/2014,-1100,-4620000,4.3(2.38 %),0,0,1100,4620000,617640,17.97
25/08/2014,0,0,4.5(4.65 %),0,0,0,0,617640,17.97
26/08/2014,0,0,4.5(0.00 %),0,0,0,0,617640,17.97
27/08/2014,0,0,4.5(0.00 %),0,0,0,0,617640,17.97
28/08/2014,0,0,4.5(0.00 %),0,0,0,0,618740,17.92
29/08/2014,0,0,4.8(6.67 %),0,0,0,0,618740,0.0
03/09/2014,0,0,4.8(0.00 %),0,0,0,0,618740,17.92
04/09/2014,0,0,4.8(0.00 %),0,0,0,0,618740,0.0
05/09/2014,0,0,4.6(-4.17 %),0,0,0,0,618740,0.0
08/09/2014,0,0,4.7(2.17 %),0,0,0,0,618740,17.92
09/09/2014,0,0,4.7(0.00 %),0,0,0,0,618740,17.92
10/09/2014,0,0,4.7(0.00 %),0,0,0,0,618740,0.0
11/09/2014,0,0,4.7(0.00 %),0,0,0,0,618740,0.0
12/09/2014,0,0,4.7(0.00 %),0,0,0,0,618740,0.0
15/09/2014,0,0,4.7(0.00 %),0,0,0,0,618740,17.92
16/09/2014,0,0,4.6(-2.13 %),0,0,0,0,618740,0.0
17/09/2014,0,0,4.8(4.35 %),0,0,0,0,618740,0.0
18/09/2014,0,0,4.7(-2.08 %),0,0,0,0,618740,0.0
19/09/2014,0,0,4.7(0.00 %),0,0,0,0,618740,0.0
22/09/2014,0,0,4.7(0.00 %),0,0,0,0,618740,0.0
23/09/2014,0,0,4.7(0.00 %),0,0,0,0,618740,0.0
24/09/2014,0,0,4.4(-6.38 %),0,0,0,0,618740,17.92
25/09/2014,0,0,4.5(2.27 %),0,0,0,0,618740,17.92
26/09/2014,0,0,4.7(4.44 %),0,0,0,0,618740,17.92
29/09/2014,0,0,4.7(0.00 %),0,0,0,0,618740,0.0
30/09/2014,0,0,4.7(0.00 %),0,0,0,0,618740,0.0
01/10/2014,0,0,4.7(0.00 %),0,0,0,0,618740,0.0
02/10/2014,0,0,4.7(0.00 %),0,0,0,0,618740,0.0
03/10/2014,0,0,4.7(0.00 %),0,0,0,0,618740,0.0
06/10/2014,0,0,4.5(-4.26 %),0,0,0,0,618740,0.0
07/10/2014,0,0,4.5(0.00 %),0,0,0,0,618740,0.0
08/10/2014,0,0,4.7(4.44 %),0,0,0,0,618740,0.0
09/10/2014,0,0,4.7(0.00 %),0,0,0,0,618740,0.0
10/10/2014,0,0,4.8(2.13 %),0,0,0,0,618740,0.0
13/10/2014,0,0,4.8(0.00 %),0,0,0,0,618740,17.92
14/10/2014,0,0,4.8(0.00 %),0,0,0,0,618740,17.92
15/10/2014,0,0,4.6(-4.17 %),0,0,0,0,618740,17.92
16/10/2014,0,0,4.6(0.00 %),0,0,0,0,618740,17.92
17/10/2014,0,0,4.6(0.00 %),0,0,0,0,618740,17.92
20/10/2014,0,0,4.6(0.00 %),0,0,0,0,618740,17.92
21/10/2014,0,0,4.3(-6.52 %),0,0,0,0,618740,17.92
22/10/2014,0,0,4.6(6.98 %),0,0,0,0,618740,17.92
23/10/2014,0,0,4.3(-6.52 %),0,0,0,0,618740,17.92
24/10/2014,0,0,4.2(-2.33 %),0,0,0,0,618740,17.92
27/10/2014,0,0,4.2(0.00 %),0,0,0,0,618740,17.92
29/10/2014,0,0,4.1(-6.82 %),0,0,0,0,618740,17.92
30/10/2014,0,0,4.3(4.88 %),0,0,0,0,618740,17.92
31/10/2014,0,0,4.6(6.98 %),0,0,0,0,618740,17.92
03/11/2014,0,0,4.6(0.00 %),0,0,0,0,618740,17.92
04/11/2014,0,0,4.6(0.00 %),0,0,0,0,618740,17.92
05/11/2014,0,0,4.5(-2.17 %),0,0,0,0,618740,17.92
06/11/2014,0,0,4.5(0.00 %),0,0,0,0,618740,17.92
07/11/2014,0,0,4.2(-6.67 %),0,0,0,0,618740,17.92
10/11/2014,0,0,4.3(2.38 %),0,0,0,0,618740,17.92
11/11/2014,-7800,-31300000,4(-6.98 %),0,0,7800,31300000,626540,17.52
12/11/2014,600,2400000,4.1(2.50 %),600,2400000,0,0,625940,17.55
13/11/2014,600,2400000,4.2(2.44 %),600,2400000,0,0,625340,17.58
14/11/2014,0,0,4(-4.76 %),0,0,0,0,625340,17.58
17/11/2014,0,0,4(0.00 %),0,0,0,0,625340,17.58
18/11/2014,0,0,4(0.00 %),0,0,0,0,625340,17.58
19/11/2014,-1200,-4920000,4(0.00 %),0,0,1200,4920000,626540,17.52
20/11/2014,-2020,-8080000,4(0.00 %),1000,4000000,3020,12080000,624340,0.0
21/11/2014,-11080,-44120000,4(0.00 %),0,0,11080,44120000,624340,0.0
24/11/2014,0,0,4(0.00 %),0,0,0,0,624340,0.0
25/11/2014,-2890,-11560000,4(0.00 %),0,0,2890,11560000,625540,0.0
26/11/2014,0,0,3.9(-2.50 %),0,0,0,0,628560,0.0
27/11/2014,0,0,3.9(0.00 %),0,0,0,0,639640,0.0
28/11/2014,0,0,3.8(-2.56 %),0,0,0,0,639640,0.0
01/12/2014,0,0,4(5.26 %),0,0,0,0,642530,0.0
02/12/2014,0,0,4.1(2.50 %),0,0,0,0,642530,0.0
03/12/2014,0,0,4.1(0.00 %),0,0,0,0,642530,0.0
04/12/2014,0,0,4(-2.44 %),0,0,0,0,642530,0.0
05/12/2014,0,0,4.1(2.50 %),0,0,0,0,642530,0.0
08/12/2014,0,0,3.9(-4.88 %),0,0,0,0,642530,0.0
09/12/2014,0,0,4.1(5.13 %),0,0,0,0,642530,0.0
10/12/2014,0,0,4(-2.44 %),0,0,0,0,642530,0.0
11/12/2014,0,0,3.9(-2.50 %),0,0,0,0,642530,0.0
12/12/2014,0,0,4(2.56 %),0,0,0,0,642530,16.72
15/12/2014,0,0,4(0.00 %),0,0,0,0,642530,0.0
16/12/2014,0,0,4(0.00 %),0,0,0,0,642530,0.0
17/12/2014,0,0,4(0.00 %),0,0,0,0,642530,0.0
18/12/2014,0,0,3.8(-5.00 %),0,0,0,0,642530,0.0
19/12/2014,0,0,3.9(2.63 %),0,0,0,0,642530,0.0
22/12/2014,0,0,3.8(-2.56 %),0,0,0,0,642530,16.72
23/12/2014,0,0,3.9(2.63 %),0,0,0,0,642530,0.0
24/12/2014,0,0,3.8(-2.56 %),0,0,0,0,642530,0.0
25/12/2014,0,0,3.8(0.00 %),0,0,0,0,642530,0.0
26/12/2014,0,0,3.7(-2.63 %),0,0,0,0,642530,16.72
29/12/2014,0,0,3.6(-2.70 %),0,0,0,0,642530,16.72
30/12/2014,0,0,3.6(0.00 %),0,0,0,0,642530,16.72
31/12/2014,0,0,3.5(-2.78 %),0,0,0,0,642530,16.72
05/01/2015,0,0,3.5(0.00 %),0,0,0,0,642530,16.72
06/01/2015,0,0,3.5(0.00 %),0,0,0,0,642530,16.72
07/01/2015,0,0,3.7(5.71 %),0,0,0,0,642530,16.72
08/01/2015,0,0,3.7(0.00 %),0,0,0,0,642530,16.72
09/01/2015,0,0,3.6(-2.70 %),0,0,0,0,642530,16.72
12/01/2015,0,0,3.8(5.56 %),0,0,0,0,642530,16.72
13/01/2015,0,0,3.8(0.00 %),0,0,0,0,642530,16.72
14/01/2015,0,0,3.7(-2.63 %),0,0,0,0,642530,16.72
15/01/2015,0,0,3.7(0.00 %),0,0,0,0,642530,16.72
16/01/2015,0,0,3.9(5.41 %),0,0,0,0,642530,16.72
19/01/2015,0,0,4(2.56 %),0,0,0,0,642530,16.72
20/01/2015,0,0,4.2(5.00 %),0,0,0,0,642530,16.72
21/01/2015,0,0,4(-4.76 %),0,0,0,0,642530,16.72
22/01/2015,-200,-760000,3.8(-5.00 %),0,0,200,760000,642730,16.71
23/01/2015,0,0,3.7(-2.63 %),0,0,0,0,642730,16.71
26/01/2015,0,0,3.7(0.00 %),0,0,0,0,642730,16.71
27/01/2015,0,0,3.7(0.00 %),0,0,0,0,642730,16.71
28/01/2015,0,0,3.8(2.70 %),0,0,0,0,642730,16.71
29/01/2015,0,0,3.9(2.63 %),0,0,0,0,642730,16.71
30/01/2015,0,0,3.7(-5.13 %),0,0,0,0,642730,16.71
02/02/2015,0,0,3.9(5.41 %),0,0,0,0,642730,16.71
03/02/2015,0,0,3.7(-5.13 %),0,0,0,0,642730,16.71
04/02/2015,0,0,3.5(-5.41 %),0,0,0,0,642730,16.71
05/02/2015,0,0,3.7(5.71 %),0,0,0,0,642730,16.71
06/02/2015,0,0,3.5(-5.41 %),0,0,0,0,642730,16.71
09/02/2015,0,0,3.7(5.71 %),0,0,0,0,642730,16.71
10/02/2015,0,0,3.5(-5.41 %),0,0,0,0,642730,16.71
11/02/2015,0,0,3.3(-5.71 %),0,0,0,0,642730,16.71
12/02/2015,0,0,3.3(0.00 %),0,0,0,0,642730,16.71
13/02/2015,0,0,3.3(0.00 %),0,0,0,0,642730,16.71
24/02/2015,0,0,3.4(3.03 %),0,0,0,0,642730,16.71
25/02/2015,0,0,3.6(5.88 %),0,0,0,0,642730,16.71
26/02/2015,0,0,3.8(5.56 %),0,0,0,0,642730,16.71
27/02/2015,0,0,3.9(2.63 %),0,0,0,0,642730,16.71
02/03/2015,0,0,3.9(0.00 %),0,0,0,0,642730,16.71
03/03/2015,0,0,4(2.56 %),0,0,0,0,642730,16.71
04/03/2015,0,0,3.8(-5.00 %),0,0,0,0,642730,16.71
05/03/2015,0,0,4(5.26 %),0,0,0,0,642730,16.71
06/03/2015,0,0,3.8(-5.00 %),0,0,0,0,642730,16.71
09/03/2015,-2100,-8190000,3.7(-2.63 %),0,0,2100,8190000,644830,16.61
10/03/2015,0,0,3.7(0.00 %),0,0,0,0,644830,16.61
11/03/2015,0,0,3.9(5.41 %),0,0,0,0,644830,16.61
12/03/2015,0,0,3.7(-5.13 %),0,0,0,0,644830,16.61
13/03/2015,0,0,3.9(5.41 %),0,0,0,0,644830,16.61
16/03/2015,0,0,3.9(0.00 %),0,0,0,0,644830,16.61
17/03/2015,0,0,3.9(0.00 %),0,0,0,0,644830,16.61
18/03/2015,0,0,3.9(0.00 %),0,0,0,0,644830,16.61
19/03/2015,0,0,4(2.56 %),0,0,0,0,644830,16.61
20/03/2015,0,0,4(0.00 %),0,0,0,0,644830,16.61
23/03/2015,0,0,3.9(-2.50 %),0,0,0,0,644830,16.61
24/03/2015,0,0,3.9(0.00 %),0,0,0,0,644830,16.61
25/03/2015,0,0,3.9(0.00 %),0,0,0,0,644830,16.61
26/03/2015,0,0,3.8(-2.56 %),0,0,0,0,644830,16.61
27/03/2015,0,0,3.7(-2.63 %),0,0,0,0,644830,16.61
30/03/2015,0,0,3.6(-2.70 %),0,0,0,0,644830,16.61
31/03/2015,0,0,3.6(0.00 %),0,0,0,0,644830,16.61
01/04/2015,0,0,3.5(-2.78 %),0,0,0,0,644830,16.61
02/04/2015,0,0,3.3(-5.71 %),0,0,0,0,644830,16.61
03/04/2015,0,0,3.5(6.06 %),0,0,0,0,644830,16.61
06/04/2015,0,0,3.7(5.71 %),0,0,0,0,644830,16.61
07/04/2015,0,0,3.9(5.41 %),0,0,0,0,644830,16.61
08/04/2015,0,0,3.9(0.00 %),0,0,0,0,644830,16.61
09/04/2015,0,0,3.9(0.00 %),0,0,0,0,644830,16.61
10/04/2015,0,0,3.9(0.00 %),0,0,0,0,644830,16.61
13/04/2015,0,0,3.7(-5.13 %),0,0,0,0,644830,16.61
14/04/2015,0,0,3.7(0.00 %),0,0,0,0,644830,16.61
15/04/2015,0,0,3.6(-2.70 %),0,0,0,0,644830,16.61
16/04/2015,0,0,3.8(5.56 %),0,0,0,0,644830,16.61
17/04/2015,0,0,3.7(-2.63 %),0,0,0,0,644830,16.61
20/04/2015,0,0,3.7(0.00 %),0,0,0,0,644830,16.61
21/04/2015,0,0,3.7(0.00 %),0,0,0,0,644830,16.61
22/04/2015,0,0,3.7(0.00 %),0,0,0,0,644830,16.61
23/04/2015,0,0,3.7(0.00 %),0,0,0,0,644830,16.61
24/04/2015,0,0,3.6(-2.70 %),0,0,0,0,644830,16.61
27/04/2015,0,0,3.6(0.00 %),0,0,0,0,644830,16.61
04/05/2015,0,0,3.6(0.00 %),0,0,0,0,644830,16.61
05/05/2015,0,0,3.6(0.00 %),0,0,0,0,644830,16.61
06/05/2015,0,0,3.8(5.56 %),0,0,0,0,644830,3.65
07/05/2015,0,0,3.8(0.00 %),0,0,0,0,644830,3.65
08/05/2015,0,0,3.8(0.00 %),0,0,0,0,644830,3.65
11/05/2015,0,0,3.9(2.63 %),0,0,0,0,644830,3.65
12/05/2015,0,0,3.9(0.00 %),0,0,0,0,644830,3.65
13/05/2015,0,0,4(2.56 %),0,0,0,0,644830,3.65
14/05/2015,4250,16575000,3.9(-2.50 %),4250,16575000,0,0,640580,3.7
15/05/2015,5000,19000000,3.9(0.00 %),5000,19000000,0,0,635580,3.76
18/05/2015,0,0,3.7(-5.13 %),0,0,0,0,635580,3.76
19/05/2015,0,0,3.7(0.00 %),0,0,0,0,635580,3.76
20/05/2015,0,0,3.8(2.70 %),0,0,0,0,635580,3.76
21/05/2015,0,0,3.8(0.00 %),0,0,0,0,635580,3.76
22/05/2015,0,0,4(5.26 %),0,0,0,0,635580,3.76
25/05/2015,0,0,4(0.00 %),0,0,0,0,635580,3.76
26/05/2015,0,0,4(0.00 %),0,0,0,0,635580,3.76
27/05/2015,0,0,4(0.00 %),0,0,0,0,635580,3.76
28/05/2015,0,0,3.8(-5.00 %),0,0,0,0,635580,3.76
29/05/2015,0,0,3.8(0.00 %),0,0,0,0,635580,3.76
01/06/2015,0,0,3.9(2.63 %),0,0,0,0,635580,3.76
02/06/2015,0,0,3.9(0.00 %),0,0,0,0,635580,3.76
03/06/2015,0,0,3.9(0.00 %),0,0,0,0,635580,3.76
04/06/2015,0,0,3.9(0.00 %),0,0,0,0,635580,3.76
05/06/2015,0,0,3.9(0.00 %),0,0,0,0,635580,3.76
08/06/2015,0,0,3.9(0.00 %),0,0,0,0,635580,3.76
09/06/2015,0,0,3.9(0.00 %),0,0,0,0,635580,3.76
10/06/2015,0,0,4(2.56 %),0,0,0,0,635580,3.76
11/06/2015,0,0,4(0.00 %),0,0,0,0,635580,3.76
12/06/2015,0,0,3.8(-5.00 %),0,0,0,0,635580,3.76
15/06/2015,0,0,3.6(-5.26 %),0,0,0,0,635580,3.76
16/06/2015,0,0,3.8(5.56 %),0,0,0,0,635580,3.76
17/06/2015,0,0,3.8(0.00 %),0,0,0,0,635580,3.76
18/06/2015,0,0,4(5.26 %),0,0,0,0,635580,3.76
19/06/2015,0,0,3.8(-5.00 %),0,0,0,0,635580,3.76
22/06/2015,0,0,4(5.26 %),0,0,0,0,635580,3.76
23/06/2015,0,0,4.1(2.50 %),0,0,0,0,635580,3.76
24/06/2015,0,0,3.9(-4.88 %),0,0,0,0,635580,3.76
25/06/2015,0,0,4(2.56 %),0,0,0,0,635580,3.76
26/06/2015,0,0,4(0.00 %),0,0,0,0,635580,3.76
29/06/2015,0,0,3.8(-5.00 %),0,0,0,0,635580,3.76
30/06/2015,0,0,3.8(0.00 %),0,0,0,0,635580,3.76
01/07/2015,0,0,3.8(0.00 %),0,0,0,0,635580,17.07
02/07/2015,0,0,3.9(2.63 %),0,0,0,0,635580,17.07
03/07/2015,0,0,4.1(5.13 %),0,0,0,0,635580,17.07
06/07/2015,0,0,3.9(-4.88 %),0,0,0,0,635580,17.07
07/07/2015,0,0,4(2.56 %),0,0,0,0,635580,17.07
08/07/2015,0,0,3.9(-2.50 %),0,0,0,0,635580,17.07
09/07/2015,0,0,3.9(0.00 %),0,0,0,0,635580,17.07
10/07/2015,0,0,3.9(0.00 %),0,0,0,0,635580,17.07
13/07/2015,0,0,4(2.56 %),0,0,0,0,635580,17.07
14/07/2015,0,0,4(0.00 %),0,0,0,0,635580,17.07
15/07/2015,0,0,3.8(-5.00 %),0,0,0,0,635580,17.07
16/07/2015,0,0,4(5.26 %),0,0,0,0,635580,17.07
17/07/2015,0,0,4(0.00 %),0,0,0,0,635580,17.07
20/07/2015,0,0,3.8(-5.00 %),0,0,0,0,635580,17.07
21/07/2015,0,0,3.8(0.00 %),0,0,0,0,635580,17.07
22/07/2015,0,0,4(5.26 %),0,0,0,0,635580,17.07
23/07/2015,0,0,4(0.00 %),0,0,0,0,635580,17.07
24/07/2015,0,0,4(0.00 %),0,0,0,0,635580,17.07
27/07/2015,0,0,4(0.00 %),0,0,0,0,635580,17.07
28/07/2015,0,0,4(0.00 %),0,0,0,0,635580,17.07
29/07/2015,0,0,4(0.00 %),0,0,0,0,635580,17.07
30/07/2015,0,0,4(0.00 %),0,0,0,0,635580,17.07
31/07/2015,0,0,3.8(-5.00 %),0,0,0,0,635580,17.07
03/08/2015,0,0,3.6(-5.26 %),0,0,0,0,635580,17.07
04/08/2015,0,0,3.4(-5.56 %),0,0,0,0,635580,17.07
05/08/2015,0,0,3.6(5.88 %),0,0,0,0,635580,17.07
06/08/2015,0,0,3.4(-5.56 %),0,0,0,0,635580,17.07
07/08/2015,0,0,3.6(5.88 %),0,0,0,0,635580,17.07
10/08/2015,0,0,3.5(-2.78 %),0,0,0,0,635580,17.07
11/08/2015,0,0,3.7(5.71 %),0,0,0,0,635580,17.07
12/08/2015,0,0,3.8(2.70 %),0,0,0,0,635580,17.07
13/08/2015,0,0,3.9(2.63 %),0,0,0,0,635580,17.07
14/08/2015,0,0,3.7(-5.13 %),0,0,0,0,635580,17.07
17/08/2015,0,0,3.7(0.00 %),0,0,0,0,635580,17.07
18/08/2015,0,0,3.7(0.00 %),0,0,0,0,635580,17.07
19/08/2015,0,0,3.7(0.00 %),0,0,0,0,635580,17.07
20/08/2015,0,0,3.7(0.00 %),0,0,0,0,635580,17.07
21/08/2015,0,0,3.7(0.00 %),0,0,0,0,635580,17.07
24/08/2015,0,0,3.5(-5.41 %),0,0,0,0,635580,17.07
25/08/2015,0,0,3.6(2.86 %),0,0,0,0,635580,17.07
26/08/2015,0,0,3.6(0.00 %),0,0,0,0,635580,17.07
27/08/2015,0,0,3.6(0.00 %),0,0,0,0,635580,17.07
28/08/2015,0,0,3.6(0.00 %),0,0,0,0,635580,17.07
31/08/2015,0,0,3.7(2.78 %),0,0,0,0,635580,17.07
01/09/2015,0,0,3.7(0.00 %),0,0,0,0,635580,17.07
03/09/2015,0,0,3.5(-5.41 %),0,0,0,0,635580,17.07
04/09/2015,0,0,3.5(0.00 %),0,0,0,0,635580,17.07
07/09/2015,0,0,3.6(2.86 %),0,0,0,0,635580,17.07
08/09/2015,0,0,3.7(2.78 %),0,0,0,0,635580,17.07
09/09/2015,0,0,3.7(0.00 %),0,0,0,0,635580,17.07
10/09/2015,0,0,3.7(0.00 %),0,0,0,0,635580,17.07
11/09/2015,0,0,3.7(0.00 %),0,0,0,0,635580,17.07
14/09/2015,0,0,3.7(0.00 %),0,0,0,0,635580,17.07
15/09/2015,0,0,3.6(-2.70 %),0,0,0,0,635580,17.07
16/09/2015,0,0,3.6(0.00 %),0,0,0,0,635580,17.07
17/09/2015,0,0,3.6(0.00 %),0,0,0,0,635580,17.07
18/09/2015,0,0,3.7(2.78 %),0,0,0,0,635580,17.07
21/09/2015,0,0,3.8(2.70 %),0,0,0,0,635580,17.07
22/09/2015,0,0,3.8(0.00 %),0,0,0,0,635580,17.07
23/09/2015,0,0,3.6(-5.26 %),0,0,0,0,635580,17.07
24/09/2015,0,0,3.4(-5.56 %),0,0,0,0,635580,17.07
25/09/2015,0,0,3.2(-5.88 %),0,0,0,0,635580,17.07
28/09/2015,110,370000,3.4(6.25 %),110,370000,0,0,635470,17.08
29/09/2015,-5000,-16000000,3.2(-5.88 %),0,0,5000,16000000,640470,16.82
30/09/2015,0,0,3.2(0.00 %),0,0,0,0,640470,16.82
01/10/2015,0,0,3.4(6.25 %),0,0,0,0,635470,17.08
02/10/2015,0,0,3.5(2.94 %),0,0,0,0,635470,17.08
05/10/2015,0,0,3.3(-5.71 %),0,0,0,0,635470,17.08
06/10/2015,0,0,3.5(6.06 %),0,0,0,0,635470,17.08
07/10/2015,0,0,3.7(5.71 %),0,0,0,0,635470,17.08
08/10/2015,0,0,3.7(0.00 %),0,0,0,0,635470,17.08
09/10/2015,0,0,3.7(0.00 %),0,0,0,0,635470,17.08
12/10/2015,0,0,3.7(0.00 %),0,0,0,0,635470,17.08
13/10/2015,0,0,3.6(-2.70 %),0,0,0,0,635470,17.08
14/10/2015,0,0,3.7(2.78 %),0,0,0,0,635470,17.08
15/10/2015,0,0,3.7(0.00 %),0,0,0,0,635470,17.08
16/10/2015,0,0,3.7(0.00 %),0,0,0,0,635470,17.08
19/10/2015,0,0,3.7(0.00 %),0,0,0,0,635470,17.08
20/10/2015,0,0,3.7(0.00 %),0,0,0,0,635470,17.08
21/10/2015,0,0,3.7(0.00 %),0,0,0,0,635470,17.08
22/10/2015,0,0,3.9(5.41 %),0,0,0,0,635470,17.08
23/10/2015,0,0,3.7(-5.13 %),0,0,0,0,635470,17.08
26/10/2015,0,0,3.7(0.00 %),0,0,0,0,635470,17.08
27/10/2015,0,0,3.7(0.00 %),0,0,0,0,635470,17.08
28/10/2015,0,0,3.5(-5.41 %),0,0,0,0,635470,17.08
29/10/2015,0,0,3.7(5.71 %),0,0,0,0,635470,17.08
30/10/2015,0,0,3.7(0.00 %),0,0,0,0,635470,17.08
02/11/2015,0,0,3.7(0.00 %),0,0,0,0,640470,16.82
03/11/2015,0,0,3.5(-5.41 %),0,0,0,0,640470,16.82
04/11/2015,0,0,3.6(2.86 %),0,0,0,0,640470,16.82
05/11/2015,0,0,3.6(0.00 %),0,0,0,0,640470,16.82
06/11/2015,0,0,3.6(0.00 %),0,0,0,0,640470,16.82
09/11/2015,0,0,3.7(2.78 %),0,0,0,0,640470,16.82
10/11/2015,0,0,3.7(0.00 %),0,0,0,0,640470,16.82
11/11/2015,0,0,3.6(-2.70 %),0,0,0,0,640470,16.82
12/11/2015,0,0,3.6(0.00 %),0,0,0,0,640470,16.82
13/11/2015,0,0,3.7(2.78 %),0,0,0,0,640470,16.82
16/11/2015,0,0,3.6(-2.70 %),0,0,0,0,640470,16.82
17/11/2015,-100,-340000,3.6(0.00 %),0,0,100,340000,640570,16.82
18/11/2015,0,0,3.6(0.00 %),0,0,0,0,640570,16.82
19/11/2015,0,0,3.4(-5.56 %),0,0,0,0,640570,16.82
20/11/2015,0,0,3.6(5.88 %),0,0,0,0,640570,16.82
23/11/2015,0,0,3.5(-2.78 %),0,0,0,0,640570,16.82
24/11/2015,0,0,3.6(2.86 %),0,0,0,0,640570,16.82
25/11/2015,0,0,3.6(0.00 %),0,0,0,0,640570,16.82
26/11/2015,0,0,3.6(0.00 %),0,0,0,0,640570,16.82
27/11/2015,0,0,3.6(0.00 %),0,0,0,0,640570,16.82
30/11/2015,0,0,3.6(0.00 %),0,0,0,0,640570,16.82
01/12/2015,0,0,3.6(0.00 %),0,0,0,0,640570,16.82
02/12/2015,0,0,3.8(5.56 %),0,0,0,0,640570,16.82
03/12/2015,0,0,3.8(0.00 %),0,0,0,0,640570,16.82
04/12/2015,0,0,3.6(-5.26 %),0,0,0,0,640570,16.82
07/12/2015,0,0,3.6(0.00 %),0,0,0,0,640570,16.82
08/12/2015,0,0,3.6(0.00 %),0,0,0,0,640570,16.82
09/12/2015,0,0,3.6(0.00 %),0,0,0,0,640570,16.82
10/12/2015,0,0,3.7(2.78 %),0,0,0,0,640570,16.82
11/12/2015,0,0,3.7(0.00 %),0,0,0,0,640570,16.82
14/12/2015,0,0,3.6(-2.70 %),0,0,0,0,640570,16.82
15/12/2015,190,680000,3.4(-5.56 %),190,680000,0,0,640380,16.83
16/12/2015,0,0,3.5(2.94 %),0,0,0,0,640380,16.83
17/12/2015,0,0,3.6(2.86 %),0,0,0,0,640380,16.83
18/12/2015,0,0,3.6(0.00 %),0,0,0,0,640380,16.83
21/12/2015,0,0,3.6(0.00 %),0,0,0,0,640380,16.83
22/12/2015,0,0,3.5(-2.78 %),0,0,0,0,640380,16.83
23/12/2015,0,0,3.3(-5.71 %),0,0,0,0,640380,16.83
24/12/2015,200,660000,3.2(-3.03 %),200,660000,0,0,640180,16.84
25/12/2015,0,0,3.4(6.25 %),0,0,0,0,640180,16.84
28/12/2015,0,0,3.6(5.88 %),0,0,0,0,640180,16.84
29/12/2015,0,0,3.6(0.00 %),0,0,0,0,640180,16.84
30/12/2015,90,320000,3.8(5.56 %),90,320000,0,0,640090,16.84
31/12/2015,0,0,3.6(-5.26 %),0,0,0,0,640090,16.84
04/01/2016,0,0,3.6(0.00 %),0,0,0,0,640090,16.84
05/01/2016,0,0,3.7(2.78 %),0,0,0,0,640090,16.84
06/01/2016,0,0,3.5(-5.41 %),0,0,0,0,640090,16.84
07/01/2016,10,40000,3.3(-5.71 %),10,40000,0,0,640080,16.84
08/01/2016,0,0,3.1(-6.06 %),0,0,0,0,640080,16.84
11/01/2016,200,660000,3.3(6.45 %),200,660000,0,0,639880,16.85
12/01/2016,0,0,3.4(3.03 %),0,0,0,0,639880,16.85
13/01/2016,0,0,3.4(0.00 %),0,0,0,0,639880,16.85
14/01/2016,0,0,3.4(0.00 %),0,0,0,0,639880,16.85
15/01/2016,0,0,3.4(0.00 %),0,0,0,0,639880,16.85
18/01/2016,0,0,3.4(0.00 %),0,0,0,0,639880,16.85
19/01/2016,0,0,3.4(0.00 %),0,0,0,0,639880,16.85
20/01/2016,0,0,3.4(0.00 %),0,0,0,0,639880,16.85
21/01/2016,0,0,3.2(-5.88 %),0,0,0,0,639880,16.85
22/01/2016,0,0,3.4(6.25 %),0,0,0,0,639880,16.85
25/01/2016,0,0,3.4(0.00 %),0,0,0,0,639880,16.85
26/01/2016,0,0,3.6(5.88 %),0,0,0,0,639880,16.85
27/01/2016,0,0,3.4(-5.56 %),0,0,0,0,639880,16.85
28/01/2016,0,0,3.4(0.00 %),0,0,0,0,639880,16.85
29/01/2016,0,0,3.2(-5.88 %),0,0,0,0,639880,16.85
01/02/2016,0,0,3.4(6.25 %),0,0,0,0,639880,16.85
02/02/2016,0,0,3.5(2.94 %),0,0,0,0,639880,16.85
03/02/2016,0,0,3.5(0.00 %),0,0,0,0,639880,16.85
04/02/2016,0,0,3.3(-5.71 %),0,0,0,0,639880,16.85
05/02/2016,300,930000,3.5(6.06 %),300,930000,0,0,639580,16.87
15/02/2016,0,0,3.5(0.00 %),0,0,0,0,639580,16.87
16/02/2016,0,0,3.4(-2.86 %),0,0,0,0,639580,16.87
17/02/2016,0,0,3.4(0.00 %),0,0,0,0,639580,16.87
18/02/2016,0,0,3.5(2.94 %),0,0,0,0,639580,16.87
19/02/2016,0,0,3.5(0.00 %),0,0,0,0,639580,16.87
22/02/2016,0,0,3.5(0.00 %),0,0,0,0,639580,16.87
23/02/2016,0,0,3.3(-5.71 %),0,0,0,0,639580,16.87
24/02/2016,0,0,3.5(6.06 %),0,0,0,0,639580,16.87
25/02/2016,0,0,3.3(-5.71 %),0,0,0,0,639580,16.87
26/02/2016,0,0,3.3(0.00 %),0,0,0,0,639580,16.87
29/02/2016,0,0,3.1(-6.06 %),0,0,0,0,639580,16.87
01/03/2016,-200,-600000,3(-3.23 %),0,0,200,600000,639580,16.87
02/03/2016,0,0,3.1(3.33 %),0,0,0,0,639580,16.87
03/03/2016,0,0,3.1(0.00 %),0,0,0,0,639580,16.87
04/03/2016,0,0,2.9(-6.45 %),0,0,0,0,639780,16.86
07/03/2016,0,0,2.9(0.00 %),0,0,0,0,639780,16.86
08/03/2016,0,0,3.1(6.90 %),0,0,0,0,639780,16.86
09/03/2016,0,0,3.1(0.00 %),0,0,0,0,639780,16.86
10/03/2016,0,0,3.2(3.23 %),0,0,0,0,639780,16.86
11/03/2016,0,0,3.2(0.00 %),0,0,0,0,639780,16.86
14/03/2016,0,0,3.2(0.00 %),0,0,0,0,639780,16.86
15/03/2016,0,0,3.2(0.00 %),0,0,0,0,639780,16.86
16/03/2016,0,0,3(-6.25 %),0,0,0,0,639780,16.86
17/03/2016,0,0,2.9(-3.33 %),0,0,0,0,639780,16.86
18/03/2016,0,0,2.9(0.00 %),0,0,0,0,639780,16.86
21/03/2016,0,0,2.9(0.00 %),0,0,0,0,639780,16.86
22/03/2016,0,0,3(3.45 %),0,0,0,0,639780,16.86
23/03/2016,0,0,3(0.00 %),0,0,0,0,639780,16.86
24/03/2016,0,0,3(0.00 %),0,0,0,0,639780,16.86
25/03/2016,0,0,3.2(6.67 %),0,0,0,0,639780,16.86
28/03/2016,0,0,3.2(0.00 %),0,0,0,0,639780,16.86
29/03/2016,0,0,3.1(-3.12 %),0,0,0,0,639780,16.86
30/03/2016,0,0,3.1(0.00 %),0,0,0,0,639780,16.86
31/03/2016,0,0,3(-3.23 %),0,0,0,0,639780,16.86
01/04/2016,0,0,3.2(6.67 %),0,0,0,0,639780,16.86
04/04/2016,0,0,3(-6.25 %),0,0,0,0,639780,16.86
05/04/2016,0,0,3(0.00 %),0,0,0,0,639780,16.86
06/04/2016,0,0,2.9(-3.33 %),0,0,0,0,639780,16.86
28/04/2016,0,0,3(3.45 %),0,0,0,0,639780,16.86
29/04/2016,0,0,3.1(3.33 %),0,0,0,0,639780,16.86
04/05/2016,0,0,3.2(3.23 %),0,0,0,0,639780,16.86
05/05/2016,0,0,3.2(0.00 %),0,0,0,0,639780,16.86
06/05/2016,0,0,3.2(0.00 %),0,0,0,0,639780,16.86
09/05/2016,0,0,3(-6.25 %),0,0,0,0,639780,16.86
10/05/2016,0,0,3.1(3.33 %),0,0,0,0,639780,16.86
11/05/2016,0,0,3.2(3.23 %),0,0,0,0,639780,16.86
12/05/2016,0,0,3(-6.25 %),0,0,0,0,639780,16.86
13/05/2016,0,0,3(0.00 %),0,0,0,0,639780,16.86
16/05/2016,0,0,3.1(3.33 %),0,0,0,0,639780,16.86
17/05/2016,0,0,3.2(3.23 %),0,0,0,0,639780,16.86
18/05/2016,0,0,3(-6.25 %),0,0,0,0,639780,16.86
19/05/2016,0,0,3(0.00 %),0,0,0,0,639780,16.86
20/05/2016,0,0,3.1(3.33 %),0,0,0,0,639780,16.86
23/05/2016,0,0,3.1(0.00 %),0,0,0,0,639780,16.86
24/05/2016,0,0,3.1(0.00 %),0,0,0,0,639780,16.86
25/05/2016,0,0,3.1(0.00 %),0,0,0,0,639780,16.86
26/05/2016,0,0,3.1(0.00 %),0,0,0,0,639780,16.86
27/05/2016,0,0,3.1(0.00 %),0,0,0,0,639780,16.86
30/05/2016,0,0,3(-3.23 %),0,0,0,0,639780,16.86
31/05/2016,0,0,3(0.00 %),0,0,0,0,639780,16.86
01/06/2016,0,0,3(0.00 %),0,0,0,0,639780,16.86
02/06/2016,0,0,3.2(6.67 %),0,0,0,0,639780,16.86
03/06/2016,0,0,3.4(6.25 %),0,0,0,0,639780,16.86
06/06/2016,0,0,3.3(-2.94 %),0,0,0,0,639780,16.86
07/06/2016,0,0,3.3(0.00 %),0,0,0,0,639780,16.86
08/06/2016,0,0,3.5(6.06 %),0,0,0,0,639780,16.86
09/06/2016,0,0,3.4(-2.86 %),0,0,0,0,639780,16.86
10/06/2016,0,0,3.5(2.94 %),0,0,0,0,639780,16.86
13/06/2016,0,0,3.5(0.00 %),0,0,0,0,639780,16.86
14/06/2016,0,0,3.5(0.00 %),0,0,0,0,639780,16.86
15/06/2016,0,0,3.5(0.00 %),0,0,0,0,639780,16.86
16/06/2016,0,0,3.5(0.00 %),0,0,0,0,639780,16.86
17/06/2016,0,0,3.6(2.86 %),0,0,0,0,639780,16.86
20/06/2016,0,0,3.6(0.00 %),0,0,0,0,639780,16.86
21/06/2016,0,0,3.8(5.56 %),0,0,0,0,639780,16.86
22/06/2016,0,0,3.6(-5.26 %),0,0,0,0,639780,16.86
23/06/2016,0,0,3.6(0.00 %),0,0,0,0,639780,16.86
24/06/2016,0,0,3.6(0.00 %),0,0,0,0,639780,16.86
27/06/2016,0,0,3.6(0.00 %),0,0,0,0,639780,16.86
28/06/2016,0,0,3.6(0.00 %),0,0,0,0,639780,16.86
29/06/2016,0,0,3.5(-2.78 %),0,0,0,0,639780,16.86
30/06/2016,0,0,3.5(0.00 %),0,0,0,0,639780,16.86
01/07/2016,0,0,3.5(0.00 %),0,0,0,0,639780,16.86
04/07/2016,0,0,3.5(0.00 %),0,0,0,0,639780,16.86
05/07/2016,0,0,3.5(0.00 %),0,0,0,0,639780,16.86
06/07/2016,0,0,3.3(-5.71 %),0,0,0,0,639780,16.86
07/07/2016,0,0,3.3(0.00 %),0,0,0,0,639780,16.86
08/07/2016,0,0,3.2(-3.03 %),0,0,0,0,639780,16.86
11/07/2016,0,0,3.1(-3.12 %),0,0,0,0,639780,16.86
12/07/2016,0,0,3(-3.23 %),0,0,0,0,639780,16.86
13/07/2016,0,0,3(0.00 %),0,0,0,0,639780,16.86
14/07/2016,0,0,3.2(6.67 %),0,0,0,0,639780,16.86
15/07/2016,0,0,3.2(0.00 %),0,0,0,0,639780,16.86
18/07/2016,0,0,3(-6.25 %),0,0,0,0,639780,16.86
19/07/2016,-400,-1200000,3(0.00 %),0,0,400,1200000,639780,16.86
20/07/2016,0,0,3(0.00 %),0,0,0,0,639780,16.86
21/07/2016,0,0,3.2(6.67 %),0,0,0,0,639780,16.86
22/07/2016,0,0,3(-6.25 %),0,0,0,0,640180,16.84
25/07/2016,0,0,3(0.00 %),0,0,0,0,640180,16.84
26/07/2016,0,0,2.8(-6.67 %),0,0,0,0,640180,16.84
27/07/2016,0,0,2.9(3.57 %),0,0,0,0,640180,16.84
28/07/2016,0,0,3.1(6.90 %),0,0,0,0,640180,16.84
29/07/2016,0,0,3.3(6.45 %),0,0,0,0,640180,16.84
01/08/2016,0,0,3.3(0.00 %),0,0,0,0,640180,16.84
02/08/2016,0,0,3.3(0.00 %),0,0,0,0,640180,16.84
03/08/2016,0,0,3.1(-6.06 %),0,0,0,0,640180,16.84
04/08/2016,0,0,3.1(0.00 %),0,0,0,0,640180,16.84
05/08/2016,0,0,3.1(0.00 %),0,0,0,0,640180,16.84
08/08/2016,0,0,3.1(0.00 %),0,0,0,0,640180,16.84
09/08/2016,0,0,3.1(0.00 %),0,0,0,0,640180,16.84
10/08/2016,0,0,3.1(0.00 %),0,0,0,0,640180,16.84
11/08/2016,0,0,3.1(0.00 %),0,0,0,0,640180,16.84
12/08/2016,0,0,2.9(-6.45 %),0,0,0,0,640180,16.84
15/08/2016,0,0,2.9(0.00 %),0,0,0,0,640180,16.84
16/08/2016,-10,-30000,2.9(0.00 %),0,0,10,30000,640180,16.84
17/08/2016,0,0,3(3.45 %),0,0,0,0,640180,16.84
18/08/2016,0,0,3(0.00 %),0,0,0,0,640180,16.84
19/08/2016,0,0,3(0.00 %),0,0,0,0,640190,16.84
22/08/2016,0,0,3(0.00 %),0,0,0,0,640190,16.84
23/08/2016,0,0,3.2(6.67 %),0,0,0,0,640190,16.84
24/08/2016,0,0,3.2(0.00 %),0,0,0,0,640190,16.84
25/08/2016,0,0,3.2(0.00 %),0,0,0,0,640190,16.84
26/08/2016,0,0,3.4(6.25 %),0,0,0,0,640190,16.84
29/08/2016,0,0,3.6(5.88 %),0,0,0,0,640190,16.84
30/08/2016,0,0,3.8(5.56 %),0,0,0,0,640190,16.84
31/08/2016,0,0,4(5.26 %),0,0,0,0,640190,16.84
01/09/2016,0,0,4(0.00 %),0,0,0,0,640190,16.84
05/09/2016,0,0,4(0.00 %),0,0,0,0,640190,16.84
06/09/2016,0,0,4(0.00 %),0,0,0,0,640190,16.84
07/09/2016,0,0,4.1(2.50 %),0,0,0,0,640190,16.84
08/09/2016,0,0,4(-2.44 %),0,0,0,0,640190,16.84
09/09/2016,0,0,4(0.00 %),0,0,0,0,640190,16.84
12/09/2016,0,0,4(0.00 %),0,0,0,0,640190,16.84
13/09/2016,0,0,4.1(2.50 %),0,0,0,0,640190,16.84
14/09/2016,0,0,4.1(0.00 %),0,0,0,0,640190,16.84
15/09/2016,0,0,4.1(0.00 %),0,0,0,0,640190,16.84
16/09/2016,0,0,4.1(0.00 %),0,0,0,0,640190,16.84
19/09/2016,0,0,4.1(0.00 %),0,0,0,0,640190,16.84
20/09/2016,0,0,4.15(1.22 %),0,0,0,0,640190,16.84
21/09/2016,0,0,4.2(1.20 %),0,0,0,0,640190,16.84
22/09/2016,0,0,4.2(0.00 %),0,0,0,0,640190,16.84
23/09/2016,0,0,4.2(0.00 %),0,0,0,0,640190,16.84
26/09/2016,0,0,4.2(0.00 %),0,0,0,0,640190,16.84
27/09/2016,0,0,4.2(0.00 %),0,0,0,0,640190,16.84
28/09/2016,0,0,4.39(4.52 %),0,0,0,0,640190,16.84
29/09/2016,0,0,4.39(0.00 %),0,0,0,0,640190,16.84
30/09/2016,0,0,4.69(6.83 %),0,0,0,0,640190,16.84
03/10/2016,0,0,4.37(-6.82 %),0,0,0,0,640190,16.84
04/10/2016,0,0,4.2(-3.89 %),0,0,0,0,640190,16.84
05/10/2016,0,0,4.34(3.33 %),0,0,0,0,640190,16.84
06/10/2016,0,0,4.34(0.00 %),0,0,0,0,640190,16.84
07/10/2016,0,0,4.42(1.84 %),0,0,0,0,640190,16.84
10/10/2016,0,0,4.42(0.00 %),0,0,0,0,640190,16.84
11/10/2016,0,0,4.42(0.00 %),0,0,0,0,640190,16.84
12/10/2016,0,0,4.42(0.00 %),0,0,0,0,640190,16.84
13/10/2016,0,0,4.42(0.00 %),0,0,0,0,640190,16.84
14/10/2016,0,0,4.42(0.00 %),0,0,0,0,640190,16.84
17/10/2016,0,0,4.42(0.00 %),0,0,0,0,640190,16.84
18/10/2016,0,0,4.42(0.00 %),0,0,0,0,640190,16.84
19/10/2016,0,0,4.42(0.00 %),0,0,0,0,640190,16.84
20/10/2016,0,0,4.42(0.00 %),0,0,0,0,640190,16.84
21/10/2016,0,0,4.12(-6.79 %),0,0,0,0,640190,16.84
24/10/2016,0,0,4.12(0.00 %),0,0,0,0,640190,16.84
25/10/2016,0,0,3.84(-6.80 %),0,0,0,0,640190,16.84
26/10/2016,0,0,3.84(0.00 %),0,0,0,0,640190,16.84
27/10/2016,0,0,3.84(0.00 %),0,0,0,0,640190,16.84
28/10/2016,0,0,3.84(0.00 %),0,0,0,0,640190,16.84
31/10/2016,0,0,4.08(6.25 %),0,0,0,0,640190,16.84
01/11/2016,0,0,4.08(0.00 %),0,0,0,0,640190,16.84
02/11/2016,0,0,4.08(0.00 %),0,0,0,0,640190,16.84
03/11/2016,0,0,3.8(-6.86 %),0,0,0,0,640190,16.84
04/11/2016,0,0,3.54(-6.84 %),0,0,0,0,640190,16.84
07/11/2016,0,0,3.3(-6.78 %),0,0,0,0,640190,16.84
08/11/2016,0,0,3.07(-6.97 %),0,0,0,0,640190,16.84
09/11/2016,0,0,2.86(-6.84 %),0,0,0,0,640190,16.84
10/11/2016,0,0,3.06(6.99 %),0,0,0,0,640190,16.84
11/11/2016,0,0,3.27(6.86 %),0,0,0,0,640190,16.84
14/11/2016,0,0,3.49(6.73 %),0,0,0,0,640190,16.84
15/11/2016,0,0,3.25(-6.88 %),0,0,0,0,640190,16.84
16/11/2016,0,0,3.4(4.62 %),0,0,0,0,640190,16.84
17/11/2016,0,0,3.17(-6.76 %),0,0,0,0,640190,16.84
18/11/2016,0,0,3.39(6.94 %),0,0,0,0,640190,16.84
21/11/2016,0,0,3.6(6.19 %),0,0,0,0,640190,16.84
22/11/2016,0,0,3.7(2.78 %),0,0,0,0,640190,16.84
23/11/2016,0,0,3.7(0.00 %),0,0,0,0,640190,16.84
24/11/2016,0,0,3.71(0.27 %),0,0,0,0,640190,16.84
25/11/2016,0,0,3.71(0.00 %),0,0,0,0,640190,16.84
28/11/2016,0,0,3.71(0.00 %),0,0,0,0,640190,16.84
29/11/2016,0,0,3.71(0.00 %),0,0,0,0,640190,16.84
30/11/2016,0,0,3.71(0.00 %),0,0,0,0,640190,16.84
01/12/2016,0,0,3.5(-5.66 %),0,0,0,0,640190,16.84
02/12/2016,0,0,3.71(6.00 %),0,0,0,0,640190,16.84
05/12/2016,0,0,3.71(0.00 %),0,0,0,0,640190,16.84
06/12/2016,0,0,3.71(0.00 %),0,0,0,0,640190,16.84
07/12/2016,10,30000,3.46(-6.74 %),10,30000,0,0,640180,16.84
08/12/2016,0,0,3.46(0.00 %),0,0,0,0,640180,16.84
09/12/2016,0,0,3.46(0.00 %),0,0,0,0,640180,16.84
12/12/2016,0,0,3.46(0.00 %),0,0,0,0,640180,16.84
13/12/2016,0,0,3.7(6.94 %),0,0,0,0,640180,16.84
14/12/2016,0,0,3.7(0.00 %),0,0,0,0,640180,16.84
15/12/2016,0,0,3.7(0.00 %),0,0,0,0,640180,16.84
16/12/2016,0,0,3.7(0.00 %),0,0,0,0,640180,16.84
19/12/2016,0,0,3.7(0.00 %),0,0,0,0,640180,16.84
20/12/2016,0,0,3.7(0.00 %),0,0,0,0,640180,16.84
21/12/2016,0,0,3.7(0.00 %),0,0,0,0,640180,16.84
22/12/2016,0,0,3.7(0.00 %),0,0,0,0,640180,16.84
23/12/2016,0,0,3.7(0.00 %),0,0,0,0,640180,16.84
26/12/2016,0,0,3.7(0.00 %),0,0,0,0,640180,16.84
27/12/2016,0,0,3.7(0.00 %),0,0,0,0,640180,16.84
28/12/2016,0,0,3.7(0.00 %),0,0,0,0,640180,16.84
29/12/2016,0,0,3.7(0.00 %),0,0,0,0,640180,16.84
30/12/2016,0,0,3.46(-6.49 %),0,0,0,0,640180,16.84
03/01/2017,0,0,3.68(6.36 %),0,0,0,0,640180,16.84
04/01/2017,0,0,3.68(0.00 %),0,0,0,0,640180,16.84
05/01/2017,0,0,3.68(0.00 %),0,0,0,0,640180,16.84
06/01/2017,0,0,3.68(0.00 %),0,0,0,0,640180,16.84
09/01/2017,0,0,3.66(-0.54 %),0,0,0,0,640180,16.84
10/01/2017,0,0,3.66(0.00 %),0,0,0,0,640180,16.84
11/01/2017,0,0,3.66(0.00 %),0,0,0,0,640180,16.84
12/01/2017,0,0,3.66(0.00 %),0,0,0,0,640180,16.84
13/01/2017,0,0,3.66(0.00 %),0,0,0,0,640180,16.84
16/01/2017,0,0,3.41(-6.83 %),0,0,0,0,640180,16.84
17/01/2017,0,0,3.41(0.00 %),0,0,0,0,640180,16.84
18/01/2017,0,0,3.41(0.00 %),0,0,0,0,640180,16.84
19/01/2017,0,0,3.41(0.00 %),0,0,0,0,640180,16.84
20/01/2017,0,0,3.41(0.00 %),0,0,0,0,640180,16.84
23/01/2017,0,0,3.41(0.00 %),0,0,0,0,640180,16.84
24/01/2017,0,0,3.41(0.00 %),0,0,0,0,640180,16.84
25/01/2017,0,0,3.41(0.00 %),0,0,0,0,640180,16.84
02/02/2017,0,0,3.41(0.00 %),0,0,0,0,640180,16.84
03/02/2017,0,0,3.18(-6.74 %),0,0,0,0,640180,16.84
06/02/2017,0,0,3.18(0.00 %),0,0,0,0,640180,16.84
07/02/2017,0,0,2.96(-6.92 %),0,0,0,0,640180,16.84
08/02/2017,0,0,2.96(0.00 %),0,0,0,0,640180,16.84
09/02/2017,0,0,2.77(-6.42 %),0,0,0,0,640180,16.84
10/02/2017,0,0,2.77(0.00 %),0,0,0,0,640180,16.84
13/02/2017,0,0,2.6(-6.14 %),0,0,0,0,640180,16.84
14/02/2017,0,0,2.6(0.00 %),0,0,0,0,640180,16.84
15/02/2017,0,0,2.77(6.54 %),0,0,0,0,640180,16.84
16/02/2017,0,0,2.95(6.50 %),0,0,0,0,640180,16.84
17/02/2017,0,0,3.14(6.44 %),0,0,0,0,640180,16.84
20/02/2017,0,0,3.14(0.00 %),0,0,0,0,640180,16.84
21/02/2017,0,0,3.35(6.69 %),0,0,0,0,640180,16.84
22/02/2017,0,0,3.57(6.57 %),0,0,0,0,640180,16.84
23/02/2017,0,0,3.55(-0.56 %),0,0,0,0,640180,16.84
24/02/2017,0,0,3.76(5.92 %),0,0,0,0,640180,16.84
27/02/2017,0,0,3.6(-4.26 %),0,0,0,0,640180,16.84
28/02/2017,0,0,3.6(0.00 %),0,0,0,0,640180,16.84
01/03/2017,0,0,3.8(5.56 %),0,0,0,0,640180,16.84
02/03/2017,-10,-40000,4.06(6.84 %),0,0,10,40000,640180,16.84
03/03/2017,0,0,4.07(0.25 %),0,0,0,0,640180,16.84
06/03/2017,0,0,4.2(3.19 %),0,0,0,0,640180,16.84
07/03/2017,0,0,4.49(6.90 %),0,0,0,0,640190,16.84
08/03/2017,-100,-440000,4.55(1.34 %),0,0,100,440000,640190,16.84
09/03/2017,0,0,4.86(6.81 %),0,0,0,0,640190,16.84
10/03/2017,0,0,4.52(-7.00 %),0,0,0,0,640190,16.84
13/03/2017,0,0,4.21(-6.86 %),0,0,0,0,640290,16.83
14/03/2017,0,0,4.5(6.89 %),0,0,0,0,640290,16.83
15/03/2017,0,0,4.19(-6.89 %),0,0,0,0,640290,16.83
16/03/2017,0,0,4.23(0.95 %),0,0,0,0,640290,16.83
17/03/2017,0,0,3.94(-6.86 %),0,0,0,0,640290,16.83
20/03/2017,0,0,3.94(0.00 %),0,0,0,0,640290,16.83
21/03/2017,0,0,4.1(4.06 %),0,0,0,0,640290,16.83
22/03/2017,0,0,4.2(2.44 %),0,0,0,0,640290,16.83
23/03/2017,0,0,4.2(0.00 %),0,0,0,0,640290,16.83
24/03/2017,0,0,3.91(-6.90 %),0,0,0,0,640290,16.83
27/03/2017,0,0,3.91(0.00 %),0,0,0,0,640290,16.83
28/03/2017,0,0,3.64(-6.91 %),0,0,0,0,640290,16.83
29/03/2017,0,0,3.88(6.59 %),0,0,0,0,640290,16.83
30/03/2017,0,0,4.06(4.64 %),0,0,0,0,640290,16.83
31/03/2017,0,0,4.06(0.00 %),0,0,0,0,640290,16.83
03/04/2017,0,0,4.06(0.00 %),0,0,0,0,640290,16.83
04/04/2017,0,0,3.78(-6.90 %),0,0,0,0,640290,16.83
05/04/2017,0,0,3.52(-6.88 %),0,0,0,0,640290,16.83
07/04/2017,0,0,3.28(-6.82 %),0,0,0,0,640290,16.83
10/04/2017,0,0,3.06(-6.71 %),0,0,0,0,640290,16.83
11/04/2017,0,0,2.85(-6.86 %),0,0,0,0,640290,16.83
12/04/2017,0,0,2.67(-6.32 %),0,0,0,0,640290,16.83
13/04/2017,0,0,2.49(-6.74 %),0,0,0,0,640290,16.83
14/04/2017,0,0,2.32(-6.83 %),0,0,0,0,640290,16.83
17/04/2017,0,0,2.16(-6.90 %),0,0,0,0,640290,16.83
18/04/2017,0,0,2.01(-6.94 %),0,0,0,0,640290,16.83
19/04/2017,0,0,1.87(-6.97 %),0,0,0,0,640290,16.83
20/04/2017,7000,12180000,1.75(-6.42 %),7000,12180000,0,0,633290,17.18
21/04/2017,0,0,1.87(6.86 %),0,0,0,0,633290,17.18
24/04/2017,0,0,1.8(-3.74 %),0,0,0,0,633290,17.18
25/04/2017,-50,-90000,1.8(0.00 %),0,0,50,90000,633290,17.18
26/04/2017,-1000,-1680000,1.8(0.00 %),0,0,1000,1680000,633290,17.18
27/04/2017,0,0,1.8(0.00 %),0,0,0,0,633290,17.18
28/04/2017,-2000,-3600000,1.8(0.00 %),0,0,2000,3600000,633340,17.18
03/05/2017,-2000,-3840000,1.92(6.67 %),0,0,2000,3840000,634340,17.13
04/05/2017,20000,41000000,2.05(6.77 %),20000,41000000,0,0,614340,18.14
05/05/2017,0,0,2.19(6.83 %),0,0,0,0,616340,18.04
08/05/2017,-1000,-2340000,2.34(6.85 %),0,0,1000,2340000,618340,17.94
09/05/2017,0,0,2.4(2.56 %),0,0,0,0,618340,17.94
10/05/2017,0,0,2.4(0.00 %),0,0,0,0,618340,17.94
22/05/2017,0,0,3.3(37.50 %),0,0,0,0,619340,17.89
23/05/2017,0,0,1.9(5.56 %),0,0,0,0,619340,17.89
24/05/2017,0,0,1.9(0.00 %),0,0,0,0,619340,17.89
25/05/2017,-1500,-2850000,1.9(-5.00 %),0,0,1500,2850000,619340,17.89
26/05/2017,0,0,2.1(5.00 %),0,0,0,0,619340,17.89
29/05/2017,0,0,2(5.26 %),0,0,0,0,619340,17.89
30/05/2017,0,0,1.9(-5.00 %),0,0,0,0,620840,17.81
31/05/2017,0,0,1.9(0.00 %),0,0,0,0,620840,17.81
01/06/2017,0,0,2(5.26 %),0,0,0,0,620840,17.81
02/06/2017,0,0,2(0.00 %),0,0,0,0,620840,17.81
05/06/2017,0,0,2(0.00 %),0,0,0,0,620840,17.81
06/06/2017,0,0,1.9(-5.00 %),0,0,0,0,620840,17.81
07/06/2017,0,0,1.8(-5.26 %),0,0,0,0,620840,17.81
08/06/2017,0,0,1.9(5.56 %),0,0,0,0,620840,17.81
09/06/2017,0,0,2(11.11 %),0,0,0,0,620840,17.81
12/06/2017,0,0,1.8(-5.26 %),0,0,0,0,620840,17.81
13/06/2017,0,0,1.8(0.00 %),0,0,0,0,620840,17.81
14/06/2017,0,0,1.9(5.56 %),0,0,0,0,620840,17.81
16/06/2017,0,0,1.9(0.00 %),0,0,0,0,620840,17.81
19/06/2017,0,0,1.9(0.00 %),0,0,0,0,620840,17.81
20/06/2017,0,0,1.9(0.00 %),0,0,0,0,620840,17.81
21/06/2017,0,0,1.8(-5.26 %),0,0,0,0,620840,17.81
22/06/2017,0,0,1.8(0.00 %),0,0,0,0,620840,17.81
23/06/2017,0,0,1.8(0.00 %),0,0,0,0,620840,17.81
26/06/2017,0,0,2(11.11 %),0,0,0,0,620840,17.81
27/06/2017,0,0,1.8(0.00 %),0,0,0,0,620840,17.81
28/06/2017,0,0,2(11.11 %),0,0,0,0,620840,17.81
29/06/2017,0,0,2(0.00 %),0,0,0,0,620840,17.81
30/06/2017,0,0,2.3(15.00 %),0,0,0,0,620840,17.81
03/07/2017,0,0,2.3(4.55 %),0,0,0,0,620840,17.81
04/07/2017,0,0,2.5(8.70 %),0,0,0,0,620840,17.81
05/07/2017,0,0,2.3(-8.00 %),0,0,0,0,620840,17.81
06/07/2017,0,0,1.9(-13.64 %),0,0,0,0,620840,17.81
07/07/2017,0,0,2.2(10.00 %),0,0,0,0,620840,17.81
10/07/2017,-100,-190000,1.8(-5.26 %),0,0,100,190000,620840,17.81
11/07/2017,0,0,2(11.11 %),0,0,0,0,620840,17.81
12/07/2017,0,0,1.9(-5.00 %),0,0,0,0,620840,17.81
13/07/2017,0,0,1.9(0.00 %),0,0,0,0,620940,17.81
14/07/2017,0,0,1.9(-5.00 %),0,0,0,0,620940,17.81
17/07/2017,0,0,1.8(-5.26 %),0,0,0,0,620940,17.81
18/07/2017,0,0,1.8(0.00 %),0,0,0,0,620940,17.81
19/07/2017,0,0,2(11.11 %),0,0,0,0,620940,17.81
20/07/2017,0,0,1.8(-10.00 %),0,0,0,0,620940,17.81
21/07/2017,0,0,1.8(0.00 %),0,0,0,0,620940,17.81
24/07/2017,0,0,1.7(-5.56 %),0,0,0,0,620940,17.81
25/07/2017,0,0,1.7(0.00 %),0,0,0,0,620940,17.81
26/07/2017,0,0,1.9(11.76 %),0,0,0,0,620940,17.81
27/07/2017,0,0,1.9(0.00 %),0,0,0,0,620940,17.81
28/07/2017,0,0,1.7(-10.53 %),0,0,0,0,620940,17.81
31/07/2017,0,0,1.9(11.76 %),0,0,0,0,620940,17.81
01/08/2017,0,0,1.9(0.00 %),0,0,0,0,620940,17.81
02/08/2017,0,0,1.9(0.00 %),0,0,0,0,620940,17.81
03/08/2017,0,0,1.8(0.00 %),0,0,0,0,620940,17.81
04/08/2017,0,0,2(11.11 %),0,0,0,0,620940,17.81
07/08/2017,0,0,2.1(5.00 %),0,0,0,0,620940,17.81
08/08/2017,0,0,2.1(0.00 %),0,0,0,0,620940,17.81
09/08/2017,0,0,2.1(0.00 %),0,0,0,0,620940,17.81
10/08/2017,0,0,2.1(0.00 %),0,0,0,0,620940,17.81
11/08/2017,0,0,2.1(0.00 %),0,0,0,0,620940,17.81
14/08/2017,0,0,2.1(0.00 %),0,0,0,0,620940,17.81
15/08/2017,0,0,2.1(0.00 %),0,0,0,0,620940,17.81
16/08/2017,0,0,2.1(0.00 %),0,0,0,0,620940,17.81
17/08/2017,50000,105000000,2.1(0.00 %),50000,105000000,0,0,570940,20.32
18/08/2017,0,0,2.1(0.00 %),0,0,0,0,570940,20.32
21/08/2017,0,0,2(-4.76 %),0,0,0,0,570940,20.32
22/08/2017,0,0,2(0.00 %),0,0,0,0,570940,20.32
23/08/2017,0,0,1.7(-15.00 %),0,0,0,0,570940,20.32
24/08/2017,0,0,1.7(0.00 %),0,0,0,0,570940,20.32
25/08/2017,0,0,1.7(0.00 %),0,0,0,0,570940,20.32
28/08/2017,0,0,1.8(5.88 %),0,0,0,0,570940,20.32
29/08/2017,0,0,1.8(0.00 %),0,0,0,0,570940,20.32
30/08/2017,0,0,1.8(0.00 %),0,0,0,0,570940,20.32
31/08/2017,0,0,1.8(0.00 %),0,0,0,0,570940,20.32
01/09/2017,0,0,1.7(-5.56 %),0,0,0,0,570940,20.32
05/09/2017,0,0,1.7(0.00 %),0,0,0,0,570940,20.32
06/09/2017,0,0,1.7(0.00 %),0,0,0,0,570940,20.32
07/09/2017,0,0,1.7(0.00 %),0,0,0,0,570940,20.32
08/09/2017,0,0,1.7(0.00 %),0,0,0,0,570940,20.32
12/09/2017,0,0,1.7(0.00 %),0,0,0,0,570940,20.32
13/09/2017,0,0,1.8(5.88 %),0,0,0,0,570940,20.32
14/09/2017,0,0,1.8(0.00 %),0,0,0,0,570940,20.32
15/09/2017,0,0,1.7(-5.56 %),0,0,0,0,570940,20.32
18/09/2017,0,0,1.7(-5.56 %),0,0,0,0,570940,20.32
19/09/2017,400,720000,1.8(0.00 %),400,720000,0,0,570540,20.34
20/09/2017,0,0,1.8(0.00 %),0,0,0,0,570540,20.34
21/09/2017,0,0,1.8(0.00 %),0,0,0,0,570540,20.34
22/09/2017,0,0,1.9(5.56 %),0,0,0,0,570540,20.34
25/09/2017,0,0,1.9(0.00 %),0,0,0,0,570540,20.34
26/09/2017,0,0,1.9(0.00 %),0,0,0,0,570540,20.34
27/09/2017,0,0,1.9(0.00 %),0,0,0,0,570540,20.34
28/09/2017,0,0,1.9(0.00 %),0,0,0,0,570540,20.34
29/09/2017,0,0,2(5.26 %),0,0,0,0,570540,20.34
02/10/2017,0,0,2(0.00 %),0,0,0,0,570540,20.34
03/10/2017,0,0,2.1(5.00 %),0,0,0,0,570540,20.34
04/10/2017,0,0,2.1(0.00 %),0,0,0,0,570540,20.34
05/10/2017,0,0,2.1(0.00 %),0,0,0,0,570540,20.34
06/10/2017,0,0,2.1(0.00 %),0,0,0,0,570540,20.34
09/10/2017,0,0,2.1(0.00 %),0,0,0,0,570540,20.34
10/10/2017,0,0,2.1(0.00 %),0,0,0,0,570540,20.34
11/10/2017,0,0,2.4(14.29 %),0,0,0,0,570540,20.34
12/10/2017,0,0,2.4(9.09 %),0,0,0,0,570540,20.34
13/10/2017,0,0,2.5(4.17 %),0,0,0,0,570540,20.34
16/10/2017,0,0,2.1(-4.55 %),0,0,0,0,570540,20.34
17/10/2017,0,0,1.9(-13.64 %),0,0,0,0,570540,20.34
18/10/2017,0,0,2.1(5.00 %),0,0,0,0,570540,20.34
19/10/2017,0,0,1.7(-10.53 %),0,0,0,0,570540,20.34
20/10/2017,0,0,1.9(11.76 %),0,0,0,0,570540,20.34
23/10/2017,0,0,2.1(10.53 %),0,0,0,0,570540,20.34
24/10/2017,0,0,2.1(0.00 %),0,0,0,0,570540,20.34
25/10/2017,0,0,2.3(9.52 %),0,0,0,0,570540,20.34
26/10/2017,0,0,2.3(0.00 %),0,0,0,0,570540,20.34
27/10/2017,0,0,2.2(-4.35 %),0,0,0,0,570540,20.34
30/10/2017,0,0,2.4(14.29 %),0,0,0,0,570540,20.34
31/10/2017,0,0,2.1(-12.50 %),0,0,0,0,570540,20.34
01/11/2017,0,0,2(-13.04 %),0,0,0,0,570540,20.34
02/11/2017,0,0,2.3(15.00 %),0,0,0,0,570540,20.34
03/11/2017,0,0,2.3(0.00 %),0,0,0,0,570540,20.34
06/11/2017,0,0,2.3(0.00 %),0,0,0,0,570540,20.34
07/11/2017,0,0,2.3(0.00 %),0,0,0,0,570540,20.34
08/11/2017,0,0,2.3(0.00 %),0,0,0,0,570540,20.34
09/11/2017,0,0,2.3(0.00 %),0,0,0,0,570540,20.34
10/11/2017,0,0,2.3(0.00 %),0,0,0,0,570540,20.34
13/11/2017,0,0,2.3(0.00 %),0,0,0,0,570540,20.34
14/11/2017,0,0,2.3(0.00 %),0,0,0,0,570540,20.34
15/11/2017,0,0,2.3(0.00 %),0,0,0,0,570540,20.34
16/11/2017,0,0,2.3(0.00 %),0,0,0,0,570540,20.34
17/11/2017,0,0,2.3(0.00 %),0,0,0,0,570540,20.34
20/11/2017,0,0,2.3(0.00 %),0,0,0,0,570540,20.34
21/11/2017,0,0,2.4(4.35 %),0,0,0,0,570540,20.34
22/11/2017,0,0,2.3(0.00 %),0,0,0,0,570540,20.34
23/11/2017,0,0,2(-13.04 %),0,0,0,0,570540,20.34
24/11/2017,0,0,1.7(-15.00 %),0,0,0,0,570540,20.34
27/11/2017,0,0,1.8(5.88 %),0,0,0,0,570540,20.34
28/11/2017,-100,-180000,1.8(5.88 %),0,0,100,180000,570540,20.34
29/11/2017,0,0,1.9(0.00 %),0,0,0,0,570540,20.34
30/11/2017,0,0,1.7(-10.53 %),0,0,0,0,570540,20.34
01/12/2017,0,0,1.8(5.88 %),0,0,0,0,570640,20.33
04/12/2017,0,0,1.9(5.56 %),0,0,0,0,570640,20.33
05/12/2017,0,0,2(5.26 %),0,0,0,0,570640,20.33
06/12/2017,0,0,2(5.26 %),0,0,0,0,570640,20.33
07/12/2017,0,0,1.7(-15.00 %),0,0,0,0,570640,20.33
08/12/2017,400,800000,2.2(10.00 %),400,800000,0,0,570240,20.35
11/12/2017,0,0,2.1(0.00 %),0,0,0,0,570240,20.35
12/12/2017,0,0,2(5.26 %),0,0,0,0,570240,20.35
13/12/2017,0,0,2(0.00 %),0,0,0,0,570240,20.35
14/12/2017,0,0,2(5.26 %),0,0,0,0,570240,20.35
15/12/2017,0,0,2(0.00 %),0,0,0,0,570240,20.35
18/12/2017,0,0,2(0.00 %),0,0,0,0,570240,20.35
19/12/2017,0,0,1.8(-10.00 %),0,0,0,0,570240,20.35
20/12/2017,0,0,1.9(5.56 %),0,0,0,0,570240,20.35
21/12/2017,0,0,1.9(0.00 %),0,0,0,0,570240,20.35
22/12/2017,0,0,2(5.26 %),0,0,0,0,570240,20.35
25/12/2017,0,0,1.9(0.00 %),0,0,0,0,570240,20.35
26/12/2017,0,0,1.9(0.00 %),0,0,0,0,570240,20.35
27/12/2017,0,0,1.9(0.00 %),0,0,0,0,570240,20.35
28/12/2017,0,0,2(5.26 %),0,0,0,0,570240,20.35
29/12/2017,0,0,2(0.00 %),0,0,0,0,570240,20.35
02/01/2018,0,0,1.8(-10.00 %),0,0,0,0,570240,20.35
03/01/2018,-1000,-1900000,2(11.11 %),0,0,1000,1900000,570240,20.35
04/01/2018,0,0,2.1(10.53 %),0,0,0,0,570240,20.35
05/01/2018,0,0,2.2(10.00 %),0,0,0,0,570240,20.35
08/01/2018,0,0,2.3(0.00 %),0,0,0,0,571240,20.3
09/01/2018,0,0,2.3(0.00 %),0,0,0,0,571240,20.3
10/01/2018,0,0,2.2(4.76 %),0,0,0,0,571240,20.3
11/01/2018,500,1050000,2.1(0.00 %),500,1050000,0,0,570740,20.33
15/01/2018,2000,4200000,2(-13.04 %),2000,4200000,0,0,568440,20.44
16/01/2018,0,0,2(0.00 %),0,0,0,0,568440,20.44
17/01/2018,0,0,2(0.00 %),0,0,0,0,568440,20.44
18/01/2018,0,0,1.9(-5.00 %),0,0,0,0,568440,20.44
19/01/2018,0,0,1.8(-5.26 %),0,0,0,0,568440,20.44
22/01/2018,-1200,-2160000,1.8(0.00 %),0,0,1200,2160000,568440,20.44
23/01/2018,-2000,-3430000,1.6(-11.11 %),0,0,2000,3430000,568440,20.44
24/01/2018,0,0,1.9(11.76 %),0,0,0,0,568440,20.44
25/01/2018,0,0,2(5.26 %),0,0,0,0,569640,20.38
26/01/2018,0,0,2.2(10.00 %),0,0,0,0,571640,20.28
29/01/2018,0,0,2.1(0.00 %),0,0,0,0,571640,20.28
30/01/2018,0,0,2.1(0.00 %),0,0,0,0,571640,20.28
31/01/2018,0,0,1.8(-14.29 %),0,0,0,0,571640,20.28
01/02/2018,0,0,2(11.11 %),0,0,0,0,571640,20.28
02/02/2018,0,0,2.1(5.00 %),0,0,0,0,571640,20.28
05/02/2018,0,0,2.1(0.00 %),0,0,0,0,571640,20.28
06/02/2018,0,0,2(-4.76 %),0,0,0,0,571640,20.28
07/02/2018,0,0,2(0.00 %),0,0,0,0,571640,20.28
08/02/2018,0,0,2(0.00 %),0,0,0,0,571640,20.28
09/02/2018,0,0,2.2(10.00 %),0,0,0,0,571640,20.28
12/02/2018,0,0,2.2(0.00 %),0,0,0,0,571640,20.28
13/02/2018,0,0,2.2(0.00 %),0,0,0,0,571640,20.28
21/02/2018,0,0,2.2(0.00 %),0,0,0,0,571640,20.28
22/02/2018,0,0,1.9(-13.64 %),0,0,0,0,571640,20.28
23/02/2018,0,0,1.9(0.00 %),0,0,0,0,571640,20.28
26/02/2018,0,0,1.9(0.00 %),0,0,0,0,571640,20.28
27/02/2018,0,0,1.9(0.00 %),0,0,0,0,571640,20.28
28/02/2018,0,0,1.9(0.00 %),0,0,0,0,571640,20.28
01/03/2018,0,0,1.9(0.00 %),0,0,0,0,571640,20.28
02/03/2018,0,0,1.9(0.00 %),0,0,0,0,571640,20.28
05/03/2018,0,0,1.9(0.00 %),0,0,0,0,571640,20.28
06/03/2018,0,0,1.9(0.00 %),0,0,0,0,571640,20.28
07/03/2018,0,0,1.7(0.00 %),0,0,0,0,571640,20.28
08/03/2018,0,0,1.9(11.76 %),0,0,0,0,571640,20.28
09/03/2018,0,0,1.7(-5.56 %),0,0,0,0,571640,20.28
12/03/2018,0,0,1.7(0.00 %),0,0,0,0,571640,20.28
14/03/2018,0,0,1.9(11.76 %),0,0,0,0,571640,20.28
15/03/2018,0,0,1.7(-10.53 %),0,0,0,0,571640,20.28
16/03/2018,0,0,1.9(11.76 %),0,0,0,0,575640,20.08
19/03/2018,0,0,2(5.26 %),0,0,0,0,575640,20.08
20/03/2018,0,0,2(0.00 %),0,0,0,0,575640,20.08
21/03/2018,0,0,2(0.00 %),0,0,0,0,575640,20.08
22/03/2018,0,0,2(0.00 %),0,0,0,0,575640,20.08
23/03/2018,0,0,2(0.00 %),0,0,0,0,575640,20.08
26/03/2018,0,0,2(0.00 %),0,0,0,0,575640,20.08
27/03/2018,0,0,1.8(-10.00 %),0,0,0,0,575640,20.08
28/03/2018,0,0,1.7(-5.56 %),0,0,0,0,575640,20.08
29/03/2018,0,0,1.8(12.50 %),0,0,0,0,575640,20.08
30/03/2018,0,0,2(11.11 %),0,0,0,0,575640,20.08
02/04/2018,0,0,2(0.00 %),0,0,0,0,575640,20.08
03/04/2018,0,0,1.9(-5.00 %),0,0,0,0,575640,20.08
04/04/2018,0,0,1.9(0.00 %),0,0,0,0,575640,20.08
05/04/2018,0,0,1.9(0.00 %),0,0,0,0,575640,20.08
06/04/2018,0,0,1.9(0.00 %),0,0,0,0,575640,20.08
09/04/2018,0,0,1.9(0.00 %),0,0,0,0,575640,20.08
10/04/2018,0,0,1.9(0.00 %),0,0,0,0,575640,20.08
11/04/2018,0,0,1.7(-10.53 %),0,0,0,0,575640,20.08
12/04/2018,0,0,1.7(0.00 %),0,0,0,0,575640,20.08
13/04/2018,0,0,1.7(0.00 %),0,0,0,0,575640,20.08
16/04/2018,0,0,1.7(0.00 %),0,0,0,0,575640,20.08
17/04/2018,0,0,1.7(0.00 %),0,0,0,0,575640,20.08
18/04/2018,0,0,1.7(0.00 %),0,0,0,0,575640,20.08
19/04/2018,0,0,1.7(0.00 %),0,0,0,0,575640,20.08
20/04/2018,0,0,1.6(-5.88 %),0,0,0,0,575640,20.08
23/04/2018,0,0,1.6(0.00 %),0,0,0,0,575640,20.08
24/04/2018,0,0,1.6(0.00 %),0,0,0,0,575640,20.08
26/04/2018,0,0,1.6(0.00 %),0,0,0,0,575640,20.08
27/04/2018,0,0,1.6(0.00 %),0,0,0,0,575640,20.08
02/05/2018,0,0,1.5(-6.25 %),0,0,0,0,575640,20.08
03/05/2018,0,0,1.5(0.00 %),0,0,0,0,575640,20.08
04/05/2018,0,0,1.5(0.00 %),0,0,0,0,575640,20.08
08/05/2018,0,0,1.5(0.00 %),0,0,0,0,575640,20.08
09/05/2018,0,0,1.5(0.00 %),0,0,0,0,575640,20.08
10/05/2018,0,0,1.5(0.00 %),0,0,0,0,575640,20.08
11/05/2018,0,0,1.5(0.00 %),0,0,0,0,575640,20.08
14/05/2018,0,0,1.5(0.00 %),0,0,0,0,575640,20.08
15/05/2018,0,0,1.5(0.00 %),0,0,0,0,575640,20.08
16/05/2018,0,0,1.7(13.33 %),0,0,0,0,575640,20.08
17/05/2018,0,0,1.7(0.00 %),0,0,0,0,575640,20.08
18/05/2018,0,0,1.7(0.00 %),0,0,0,0,575640,20.08
21/05/2018,0,0,1.7(0.00 %),0,0,0,0,575640,20.08
22/05/2018,0,0,1.7(0.00 %),0,0,0,0,575640,20.08
23/05/2018,0,0,1.7(0.00 %),0,0,0,0,575640,20.08
24/05/2018,0,0,1.7(0.00 %),0,0,0,0,575640,20.08
25/05/2018,0,0,1.7(0.00 %),0,0,0,0,575640,20.08
29/05/2018,0,0,1.7(0.00 %),0,0,0,0,575640,20.08
30/05/2018,0,0,1.7(0.00 %),0,0,0,0,575640,20.08
31/05/2018,0,0,1.7(0.00 %),0,0,0,0,575640,20.08
01/06/2018,0,0,1.9(11.76 %),0,0,0,0,575640,20.08
04/06/2018,0,0,1.9(0.00 %),0,0,0,0,575640,20.08
05/06/2018,0,0,1.9(0.00 %),0,0,0,0,575640,20.08
07/06/2018,0,0,1.9(0.00 %),0,0,0,0,575640,20.08
08/06/2018,0,0,1.9(0.00 %),0,0,0,0,575640,20.08
11/06/2018,0,0,1.9(0.00 %),0,0,0,0,575640,20.08
13/06/2018,0,0,1.9(0.00 %),0,0,0,0,575640,20.08
14/06/2018,0,0,1.9(0.00 %),0,0,0,0,575640,20.08
15/06/2018,0,0,1.9(0.00 %),0,0,0,0,575640,20.08
18/06/2018,0,0,1.9(0.00 %),0,0,0,0,575640,20.08
19/06/2018,0,0,1.9(0.00 %),0,0,0,0,575640,20.08
20/06/2018,0,0,1.9(0.00 %),0,0,0,0,575640,20.08
21/06/2018,0,0,1.9(0.00 %),0,0,0,0,575640,20.08
22/06/2018,0,0,1.9(0.00 %),0,0,0,0,575640,20.08
25/06/2018,0,0,1.9(0.00 %),0,0,0,0,575640,20.08
26/06/2018,0,0,1.9(0.00 %),0,0,0,0,575640,20.08
27/06/2018,0,0,1.8(-5.26 %),0,0,0,0,575640,20.08
28/06/2018,0,0,1.8(0.00 %),0,0,0,0,575640,20.08
29/06/2018,0,0,1.8(0.00 %),0,0,0,0,575640,20.08
02/07/2018,0,0,2(11.11 %),0,0,0,0,575640,20.08
03/07/2018,0,0,1.8(0.00 %),0,0,0,0,575640,20.08
04/07/2018,0,0,1.8(0.00 %),0,0,0,0,575640,20.08
05/07/2018,0,0,1.8(0.00 %),0,0,0,0,575640,20.08
06/07/2018,0,0,1.6(-11.11 %),0,0,0,0,575640,20.08
09/07/2018,0,0,1.6(0.00 %),0,0,0,0,575640,20.08
10/07/2018,0,0,1.6(0.00 %),0,0,0,0,575640,20.08
11/07/2018,0,0,1.6(0.00 %),0,0,0,0,575640,20.08
12/07/2018,0,0,1.6(0.00 %),0,0,0,0,575640,20.08
13/07/2018,0,0,1.6(0.00 %),0,0,0,0,575640,20.08
16/07/2018,0,0,1.6(0.00 %),0,0,0,0,575640,20.08
17/07/2018,0,0,1.6(0.00 %),0,0,0,0,575640,20.08
18/07/2018,0,0,1.6(0.00 %),0,0,0,0,575640,20.08
19/07/2018,0,0,1.6(0.00 %),0,0,0,0,575640,20.08
20/07/2018,0,0,1.6(0.00 %),0,0,0,0,575640,20.08
23/07/2018,0,0,1.6(0.00 %),0,0,0,0,575640,20.08
24/07/2018,0,0,1.8(12.50 %),0,0,0,0,575640,20.08
25/07/2018,0,0,1.6(-11.11 %),0,0,0,0,575640,20.08
26/07/2018,0,0,1.5(-6.25 %),0,0,0,0,575640,20.08
27/07/2018,0,0,1.5(0.00 %),0,0,0,0,575640,20.08
30/07/2018,0,0,1.5(0.00 %),0,0,0,0,575640,20.08
31/07/2018,0,0,1.5(0.00 %),0,0,0,0,575640,20.08
01/08/2018,0,0,1.4(-6.67 %),0,0,0,0,575640,20.08
02/08/2018,0,0,1.5(-6.25 %),0,0,0,0,575640,20.08
03/08/2018,0,0,1.5(0.00 %),0,0,0,0,575640,20.08
06/08/2018,0,0,1.5(0.00 %),0,0,0,0,575640,20.08
07/08/2018,0,0,1.5(0.00 %),0,0,0,0,575640,20.08
08/08/2018,0,0,1.5(0.00 %),0,0,0,0,575640,20.08
09/08/2018,0,0,1.5(0.00 %),0,0,0,0,575640,20.08
10/08/2018,0,0,1.5(0.00 %),0,0,0,0,575640,20.08
13/08/2018,0,0,1.5(0.00 %),0,0,0,0,575640,20.08
14/08/2018,0,0,1.5(0.00 %),0,0,0,0,575640,20.08
15/08/2018,0,0,1.5(0.00 %),0,0,0,0,575640,20.08
16/08/2018,0,0,1.5(0.00 %),0,0,0,0,575640,20.08
17/08/2018,0,0,1.5(0.00 %),0,0,0,0,575640,20.08
20/08/2018,0,0,1.5(0.00 %),0,0,0,0,575640,20.08
21/08/2018,0,0,1.5(0.00 %),0,0,0,0,575640,20.08
22/08/2018,0,0,1.5(0.00 %),0,0,0,0,575640,20.08
23/08/2018,0,0,1.5(0.00 %),0,0,0,0,575640,20.08
24/08/2018,0,0,1.5(0.00 %),0,0,0,0,575640,20.08
27/08/2018,0,0,1.5(0.00 %),0,0,0,0,575640,20.08
28/08/2018,0,0,1.5(0.00 %),0,0,0,0,575640,20.08
29/08/2018,0,0,1.5(0.00 %),0,0,0,0,575640,20.08
30/08/2018,0,0,1.7(13.33 %),0,0,0,0,575640,20.08
31/08/2018,0,0,1.6(0.00 %),0,0,0,0,575640,20.08
04/09/2018,0,0,1.6(0.00 %),0,0,0,0,575640,20.08
05/09/2018,0,0,1.6(0.00 %),0,0,0,0,575640,20.08
07/09/2018,0,0,1.6(0.00 %),0,0,0,0,575640,20.08
11/09/2018,0,0,1.4(-12.50 %),0,0,0,0,575640,20.08
12/09/2018,0,0,1.4(0.00 %),0,0,0,0,575640,20.08
13/09/2018,0,0,1.4(0.00 %),0,0,0,0,0,0.0
14/09/2018,0,0,1.4(0.00 %),0,0,0,0,575640,20.08
17/09/2018,0,0,1.4(0.00 %),0,0,0,0,575640,20.08
18/09/2018,0,0,1.4(0.00 %),0,0,0,0,575640,20.08
19/09/2018,0,0,1.4(0.00 %),0,0,0,0,575640,20.08
20/09/2018,0,0,1.4(0.00 %),0,0,0,0,575640,20.08
21/09/2018,0,0,1.6(14.29 %),0,0,0,0,575640,20.08
24/09/2018,0,0,1.6(0.00 %),0,0,0,0,575640,20.08
25/09/2018,0,0,1.6(0.00 %),0,0,0,0,575640,20.08
26/09/2018,0,0,1.6(0.00 %),0,0,0,0,575640,20.08
27/09/2018,0,0,1.6(0.00 %),0,0,0,0,575640,20.08
28/09/2018,0,0,1.6(0.00 %),0,0,0,0,575640,20.08
01/10/2018,0,0,1.6(0.00 %),0,0,0,0,575640,20.08
02/10/2018,0,0,1.6(0.00 %),0,0,0,0,575640,20.08
03/10/2018,0,0,1.6(0.00 %),0,0,0,0,575640,20.08
04/10/2018,0,0,1.4(-12.50 %),0,0,0,0,575640,20.08
05/10/2018,0,0,1.3(-7.14 %),0,0,0,0,575640,20.08
08/10/2018,0,0,1.3(0.00 %),0,0,0,0,575640,20.08
09/10/2018,0,0,1.4(7.69 %),0,0,0,0,575640,20.08
10/10/2018,191500,248950000,1.3(-7.14 %),191500,248950000,0,0,384140,29.7
11/10/2018,76000,98800000,1.3(0.00 %),76000,98800000,0,0,308140,33.52
12/10/2018,0,0,1.3(0.00 %),0,0,0,0,308140,33.52
15/10/2018,130000,156000000,1.2(-7.69 %),130000,156000000,0,0,178140,40.05
16/10/2018,54400,66580000,1.3(8.33 %),54400,66580000,0,0,123740,42.78
17/10/2018,0,0,1.3(8.33 %),0,0,0,0,123740,42.78
18/10/2018,0,0,1.2(-7.69 %),0,0,0,0,123740,42.78
19/10/2018,0,0,1.3(8.33 %),0,0,0,0,123740,42.78
22/10/2018,0,0,1.3(0.00 %),0,0,0,0,123740,42.78
23/10/2018,0,0,1.3(0.00 %),0,0,0,0,123740,42.78
24/10/2018,0,0,1.2(-7.69 %),0,0,0,0,123740,42.78
25/10/2018,0,0,1.1(-8.33 %),0,0,0,0,123740,42.78
26/10/2018,0,0,1(-9.09 %),0,0,0,0,123740,42.78
29/10/2018,0,0,0.9(-10.00 %),0,0,0,0,123740,42.78
30/10/2018,0,0,1(11.11 %),0,0,0,0,123740,42.78
31/10/2018,0,0,1.1(10.00 %),0,0,0,0,123740,42.78
01/11/2018,0,0,1(-9.09 %),0,0,0,0,123740,42.78
02/11/2018,0,0,1.1(10.00 %),0,0,0,0,123740,42.78
05/11/2018,0,0,1.1(0.00 %),0,0,0,0,123740,42.78
06/11/2018,0,0,1.2(9.09 %),0,0,0,0,123740,42.78
07/11/2018,0,0,1.2(0.00 %),0,0,0,0,123740,42.78
08/11/2018,0,0,1.2(0.00 %),0,0,0,0,123740,42.78
09/11/2018,0,0,1.2(0.00 %),0,0,0,0,123740,42.78
12/11/2018,0,0,1.2(0.00 %),0,0,0,0,123740,42.78
13/11/2018,0,0,1.1(-8.33 %),0,0,0,0,123740,42.78
14/11/2018,0,0,1.2(9.09 %),0,0,0,0,123740,42.78
15/11/2018,0,0,1.1(10.00 %),0,0,0,0,123740,42.78
16/11/2018,0,0,1.2(9.09 %),0,0,0,0,123740,42.78
19/11/2018,0,0,1.1(-8.33 %),0,0,0,0,123740,42.78
20/11/2018,0,0,1(-9.09 %),0,0,0,0,123740,42.78
21/11/2018,0,0,0.9(-10.00 %),0,0,0,0,123740,42.78
22/11/2018,0,0,0.8(-11.11 %),0,0,0,0,123740,42.78
23/11/2018,0,0,0.9(12.50 %),0,0,0,0,123740,42.78
26/11/2018,0,0,1(11.11 %),0,0,0,0,123740,42.78
27/11/2018,0,0,1.1(10.00 %),0,0,0,0,123740,42.78
28/11/2018,0,0,1.1(0.00 %),0,0,0,0,123740,42.78
29/11/2018,0,0,1.1(0.00 %),0,0,0,0,123740,42.78
30/11/2018,0,0,1.2(9.09 %),0,0,0,0,123740,42.78
03/12/2018,0,0,1.1(-8.33 %),0,0,0,0,123740,42.78
04/12/2018,0,0,1(-9.09 %),0,0,0,0,123740,42.78
05/12/2018,0,0,1(0.00 %),0,0,0,0,123740,42.78
06/12/2018,0,0,1.1(10.00 %),0,0,0,0,123740,42.78
07/12/2018,0,0,1.1(0.00 %),0,0,0,0,123740,42.78
10/12/2018,0,0,1.1(0.00 %),0,0,0,0,123740,42.78
11/12/2018,0,0,1.1(0.00 %),0,0,0,0,123740,42.78
12/12/2018,0,0,1.1(0.00 %),0,0,0,0,123740,42.78
13/12/2018,0,0,1.1(0.00 %),0,0,0,0,123740,42.78
14/12/2018,0,0,1.1(0.00 %),0,0,0,0,123740,42.78
17/12/2018,0,0,1.1(0.00 %),0,0,0,0,123740,42.78
18/12/2018,0,0,1.1(0.00 %),0,0,0,0,123740,42.78
19/12/2018,0,0,1.1(0.00 %),0,0,0,0,123740,42.78
20/12/2018,0,0,1.1(0.00 %),0,0,0,0,123740,42.78
21/12/2018,0,0,1.1(0.00 %),0,0,0,0,123740,42.78
24/12/2018,0,0,1.1(0.00 %),0,0,0,0,123740,42.78
25/12/2018,0,0,1.1(0.00 %),0,0,0,0,123740,42.78
26/12/2018,0,0,1.1(0.00 %),0,0,0,0,123740,42.78
27/12/2018,0,0,1.1(0.00 %),0,0,0,0,123740,42.78
28/12/2018,0,0,1.1(0.00 %),0,0,0,0,123740,42.78
02/01/2019,0,0,1.1(0.00 %),0,0,0,0,123740,42.78
03/01/2019,0,0,1.1(0.00 %),0,0,0,0,123740,42.78
04/01/2019,0,0,1.1(0.00 %),0,0,0,0,123740,42.78
07/01/2019,0,0,1.1(0.00 %),0,0,0,0,123740,42.78
08/01/2019,0,0,1.1(0.00 %),0,0,0,0,123740,42.78
09/01/2019,0,0,1.1(0.00 %),0,0,0,0,123740,42.78
10/01/2019,0,0,1.1(0.00 %),0,0,0,0,123740,42.78
11/01/2019,0,0,1.1(0.00 %),0,0,0,0,123740,42.78
14/01/2019,0,0,1.1(0.00 %),0,0,0,0,123740,0.0
15/01/2019,0,0,1.1(0.00 %),0,0,0,0,123740,0.0
16/01/2019,0,0,1.1(0.00 %),0,0,0,0,123740,0.0
17/01/2019,0,0,1.1(0.00 %),0,0,0,0,123740,0.0
18/01/2019,0,0,1.1(0.00 %),0,0,0,0,123740,0.0
21/01/2019,0,0,1(0.00 %),0,0,0,0,123740,0.0
22/01/2019,0,0,1(0.00 %),0,0,0,0,123740,0.0
24/01/2019,0,0,1(0.00 %),0,0,0,0,123740,0.0
25/01/2019,0,0,1(0.00 %),0,0,0,0,123740,0.0
28/01/2019,0,0,1(0.00 %),0,0,0,0,123740,0.0
29/01/2019,0,0,1(0.00 %),0,0,0,0,123740,0.0
30/01/2019,0,0,1(0.00 %),0,0,0,0,123740,0.0
31/01/2019,0,0,1(0.00 %),0,0,0,0,123740,0.0
01/02/2019,0,0,1.1(10.00 %),0,0,0,0,123740,0.0
11/02/2019,0,0,1.1(0.00 %),0,0,0,0,123740,0.0
12/02/2019,0,0,1.1(0.00 %),0,0,0,0,123740,0.0
13/02/2019,0,0,1.1(0.00 %),0,0,0,0,123740,0.0
14/02/2019,0,0,1.1(0.00 %),0,0,0,0,123740,0.0
15/02/2019,0,0,1.1(0.00 %),0,0,0,0,123740,0.0
18/02/2019,0,0,1(-9.09 %),0,0,0,0,123740,0.0
19/02/2019,0,0,1(0.00 %),0,0,0,0,123740,0.0
20/02/2019,0,0,0.9(-10.00 %),0,0,0,0,123740,0.0
21/02/2019,0,0,0.9(0.00 %),0,0,0,0,123740,0.0
22/02/2019,0,0,1(11.11 %),0,0,0,0,123740,0.0
25/02/2019,0,0,1(0.00 %),0,0,0,0,123740,0.0
26/02/2019,0,0,1(0.00 %),0,0,0,0,123740,0.0
27/02/2019,0,0,1(0.00 %),0,0,0,0,123740,0.0
28/02/2019,0,0,1(0.00 %),0,0,0,0,123740,42.78
01/03/2019,0,0,1(0.00 %),0,0,0,0,123740,0.0
04/03/2019,0,0,1(0.00 %),0,0,0,0,123740,0.0
05/03/2019,0,0,1(0.00 %),0,0,0,0,123740,0.0
06/03/2019,0,0,1(0.00 %),0,0,0,0,123740,0.0
07/03/2019,0,0,1.1(10.00 %),0,0,0,0,123740,0.0
08/03/2019,0,0,1.1(0.00 %),0,0,0,0,123740,0.0
11/03/2019,0,0,1.1(0.00 %),0,0,0,0,123740,0.0
12/03/2019,0,0,1.1(0.00 %),0,0,0,0,123740,0.0
13/03/2019,0,0,1.1(0.00 %),0,0,0,0,123740,0.0
14/03/2019,0,0,1.1(0.00 %),0,0,0,0,123740,0.0
15/03/2019,0,0,1.1(0.00 %),0,0,0,0,123740,0.0
18/03/2019,0,0,1.1(0.00 %),0,0,0,0,123740,0.0
19/03/2019,0,0,1.1(0.00 %),0,0,0,0,123740,0.0
20/03/2019,0,0,1.1(0.00 %),0,0,0,0,123740,0.0
21/03/2019,0,0,1.1(0.00 %),0,0,0,0,123740,0.0
22/03/2019,0,0,1(-9.09 %),0,0,0,0,123740,0.0
25/03/2019,0,0,1.1(10.00 %),0,0,0,0,123740,0.0
26/03/2019,0,0,1(0.00 %),0,0,0,0,123740,0.0
27/03/2019,0,0,0.9(-10.00 %),0,0,0,0,123740,0.0
28/03/2019,0,0,1.1(10.00 %),0,0,0,0,123740,0.0
29/03/2019,0,0,1.1(0.00 %),0,0,0,0,123740,0.0
01/04/2019,0,0,1.1(0.00 %),0,0,0,0,123740,0.0
02/04/2019,0,0,1.1(0.00 %),0,0,0,0,123740,0.0
03/04/2019,0,0,1.1(0.00 %),0,0,0,0,123740,0.0
04/04/2019,0,0,1.1(0.00 %),0,0,0,0,123740,0.0
05/04/2019,0,0,1.1(0.00 %),0,0,0,0,123740,0.0
08/04/2019,0,0,1.1(0.00 %),0,0,0,0,123740,0.0
09/04/2019,0,0,1.1(0.00 %),0,0,0,0,123740,0.0
10/04/2019,0,0,1.1(0.00 %),0,0,0,0,123740,0.0
11/04/2019,0,0,1.1(0.00 %),0,0,0,0,123740,0.0
12/04/2019,0,0,1.1(0.00 %),0,0,0,0,123740,0.0
16/04/2019,0,0,1.1(0.00 %),0,0,0,0,123740,0.0
17/04/2019,0,0,1.1(0.00 %),0,0,0,0,123740,0.0
18/04/2019,0,0,1.1(0.00 %),0,0,0,0,123740,0.0
19/04/2019,0,0,1.1(0.00 %),0,0,0,0,123740,0.0
22/04/2019,0,0,1.1(0.00 %),0,0,0,0,123740,0.0
23/04/2019,0,0,1.1(0.00 %),0,0,0,0,123740,0.0
24/04/2019,0,0,1.1(0.00 %),0,0,0,0,123740,0.0
25/04/2019,0,0,1.1(0.00 %),0,0,0,0,123740,0.0
26/04/2019,0,0,1.1(0.00 %),0,0,0,0,123740,0.0
02/05/2019,0,0,1.1(0.00 %),0,0,0,0,123740,0.0
03/05/2019,0,0,1(-9.09 %),0,0,0,0,123740,0.0
06/05/2019,0,0,1(0.00 %),0,0,0,0,123740,0.0
07/05/2019,0,0,1(0.00 %),0,0,0,0,123740,0.0
08/05/2019,0,0,1(0.00 %),0,0,0,0,123740,0.0
09/05/2019,0,0,1(0.00 %),0,0,0,0,123740,0.0
10/05/2019,0,0,0.9(-10.00 %),0,0,0,0,123740,0.0
13/05/2019,0,0,0.9(0.00 %),0,0,0,0,123740,0.0
14/05/2019,0,0,0.9(0.00 %),0,0,0,0,123740,0.0
15/05/2019,0,0,0.9(0.00 %),0,0,0,0,123740,0.0
16/05/2019,0,0,0.9(0.00 %),0,0,0,0,123740,0.0
17/05/2019,0,0,0.9(0.00 %),0,0,0,0,123740,0.0
20/05/2019,0,0,0.9(0.00 %),0,0,0,0,123740,0.0
21/05/2019,0,0,0.9(0.00 %),0,0,0,0,123740,0.0
22/05/2019,0,0,0.9(0.00 %),0,0,0,0,123740,0.0
23/05/2019,0,0,0.9(0.00 %),0,0,0,0,123740,0.0
24/05/2019,0,0,0.9(0.00 %),0,0,0,0,123740,0.0
27/05/2019,0,0,0.8(0.00 %),0,0,0,0,123740,0.0
28/05/2019,0,0,0.8(0.00 %),0,0,0,0,123740,0.0
29/05/2019,0,0,0.8(0.00 %),0,0,0,0,123740,0.0
30/05/2019,0,0,0.8(0.00 %),0,0,0,0,123740,0.0
31/05/2019,0,0,0.8(0.00 %),0,0,0,0,123740,0.0
03/06/2019,0,0,0.8(0.00 %),0,0,0,0,123740,0.0
04/06/2019,0,0,0.8(0.00 %),0,0,0,0,123740,0.0
05/06/2019,0,0,0.8(0.00 %),0,0,0,0,123740,0.0
06/06/2019,0,0,0.8(0.00 %),0,0,0,0,123740,0.0
07/06/2019,0,0,0.8(0.00 %),0,0,0,0,123740,0.0
10/06/2019,0,0,0.8(0.00 %),0,0,0,0,123740,0.0
11/06/2019,0,0,0.8(0.00 %),0,0,0,0,123740,0.0
12/06/2019,0,0,0.8(0.00 %),0,0,0,0,123740,0.0
13/06/2019,0,0,0.8(0.00 %),0,0,0,0,123740,0.0
14/06/2019,0,0,0.8(0.00 %),0,0,0,0,123740,0.0
17/06/2019,0,0,0.8(0.00 %),0,0,0,0,123740,0.0
18/06/2019,0,0,0.8(0.00 %),0,0,0,0,123740,0.0
19/06/2019,0,0,0.8(0.00 %),0,0,0,0,123740,0.0
20/06/2019,0,0,0.8(0.00 %),0,0,0,0,123740,0.0
21/06/2019,0,0,0.8(0.00 %),0,0,0,0,123740,0.0
24/06/2019,0,0,0.9(0.00 %),0,0,0,0,123740,0.0
25/06/2019,0,0,0.9(0.00 %),0,0,0,0,123740,0.0
26/06/2019,0,0,0.9(0.00 %),0,0,0,0,123740,0.0
27/06/2019,0,0,0.9(0.00 %),0,0,0,0,123740,0.0
28/06/2019,0,0,0.9(0.00 %),0,0,0,0,123740,0.0
01/07/2019,0,0,0.9(0.00 %),0,0,0,0,123740,0.0
02/07/2019,0,0,0.9(0.00 %),0,0,0,0,123740,0.0
03/07/2019,0,0,0.9(0.00 %),0,0,0,0,123740,0.0
04/07/2019,0,0,0.9(0.00 %),0,0,0,0,123740,0.0
05/07/2019,0,0,0.8(-11.11 %),0,0,0,0,123740,42.78
08/07/2019,0,0,0.8(0.00 %),0,0,0,0,123740,0.0
09/07/2019,0,0,0.8(0.00 %),0,0,0,0,123740,0.0
10/07/2019,0,0,0.8(0.00 %),0,0,0,0,123740,0.0
11/07/2019,0,0,0.8(0.00 %),0,0,0,0,123740,0.0
12/07/2019,0,0,0.8(0.00 %),0,0,0,0,123740,0.0
15/07/2019,0,0,0.8(0.00 %),0,0,0,0,123740,0.0
16/07/2019,0,0,0.8(0.00 %),0,0,0,0,123740,0.0
17/07/2019,0,0,0.8(0.00 %),0,0,0,0,123740,0.0
18/07/2019,0,0,0.8(0.00 %),0,0,0,0,123740,0.0
19/07/2019,0,0,0.9(12.50 %),0,0,0,0,123740,0.0
22/07/2019,0,0,0.9(0.00 %),0,0,0,0,123740,0.0
23/07/2019,0,0,0.9(0.00 %),0,0,0,0,123740,0.0
24/07/2019,0,0,0.9(0.00 %),0,0,0,0,123740,0.0
25/07/2019,0,0,0.9(0.00 %),0,0,0,0,123740,0.0
26/07/2019,0,0,0.9(0.00 %),0,0,0,0,123740,0.0
29/07/2019,0,0,0.9(0.00 %),0,0,0,0,123740,0.0
30/07/2019,0,0,0.9(0.00 %),0,0,0,0,123740,0.0
31/07/2019,0,0,0.9(0.00 %),0,0,0,0,123740,0.0
01/08/2019,0,0,0.9(0.00 %),0,0,0,0,123740,0.0
02/08/2019,0,0,0.9(0.00 %),0,0,0,0,123740,0.0
05/08/2019,0,0,0.9(0.00 %),0,0,0,0,123740,0.0
06/08/2019,0,0,0.9(0.00 %),0,0,0,0,123740,0.0
07/08/2019,0,0,0.9(0.00 %),0,0,0,0,123740,0.0
08/08/2019,0,0,0.9(0.00 %),0,0,0,0,123740,0.0
09/08/2019,0,0,0.9(0.00 %),0,0,0,0,123740,0.0
12/08/2019,0,0,0.9(0.00 %),0,0,0,0,123740,0.0
13/08/2019,0,0,0.9(0.00 %),0,0,0,0,123740,0.0
14/08/2019,0,0,0.9(0.00 %),0,0,0,0,123740,0.0
15/08/2019,0,0,0.9(0.00 %),0,0,0,0,123740,0.0
16/08/2019,0,0,0.9(0.00 %),0,0,0,0,123740,0.0
19/08/2019,0,0,0.9(0.00 %),0,0,0,0,123740,0.0
20/08/2019,0,0,0.9(0.00 %),0,0,0,0,123740,0.0
21/08/2019,0,0,0.9(0.00 %),0,0,0,0,123740,0.0
22/08/2019,0,0,0.9(0.00 %),0,0,0,0,123740,0.0
23/08/2019,0,0,0.9(0.00 %),0,0,0,0,123740,0.0
26/08/2019,0,0,0.9(0.00 %),0,0,0,0,123740,0.0
27/08/2019,0,0,0.9(0.00 %),0,0,0,0,123740,0.0
28/08/2019,0,0,0.9(0.00 %),0,0,0,0,123740,0.0
29/08/2019,0,0,0.9(0.00 %),0,0,0,0,123740,0.0
30/08/2019,0,0,0.9(0.00 %),0,0,0,0,123740,0.0
03/09/2019,0,0,0.9(0.00 %),0,0,0,0,123740,0.0
04/09/2019,0,0,0.9(0.00 %),0,0,0,0,123740,0.0
05/09/2019,0,0,0.9(0.00 %),0,0,0,0,123740,0.0
06/09/2019,0,0,0.9(0.00 %),0,0,0,0,123740,0.0
09/09/2019,0,0,0.9(0.00 %),0,0,0,0,123740,0.0
10/09/2019,0,0,0.9(0.00 %),0,0,0,0,123740,0.0
11/09/2019,0,0,0.9(0.00 %),0,0,0,0,123740,0.0
12/09/2019,0,0,0.9(0.00 %),0,0,0,0,123740,0.0
13/09/2019,0,0,0.9(0.00 %),0,0,0,0,123740,0.0
16/09/2019,0,0,0.9(0.00 %),0,0,0,0,123740,0.0
17/09/2019,0,0,0.9(0.00 %),0,0,0,0,123740,0.0
18/09/2019,0,0,0.9(0.00 %),0,0,0,0,123740,0.0
19/09/2019,0,0,0.9(0.00 %),0,0,0,0,123740,0.0
20/09/2019,0,0,0.9(0.00 %),0,0,0,0,123740,0.0
23/09/2019,0,0,0.9(0.00 %),0,0,0,0,123740,0.0
24/09/2019,0,0,0.9(0.00 %),0,0,0,0,123740,0.0
25/09/2019,0,0,0.9(0.00 %),0,0,0,0,123740,0.0
26/09/2019,0,0,0.9(0.00 %),0,0,0,0,123740,0.0
27/09/2019,0,0,0.9(0.00 %),0,0,0,0,123740,0.0
30/09/2019,0,0,0.9(0.00 %),0,0,0,0,123740,0.0
01/10/2019,0,0,0.9(0.00 %),0,0,0,0,123740,0.0
02/10/2019,0,0,0.9(0.00 %),0,0,0,0,123740,0.0
03/10/2019,0,0,0.9(0.00 %),0,0,0,0,123740,0.0
04/10/2019,0,0,0.9(0.00 %),0,0,0,0,123740,0.0
07/10/2019,0,0,0.9(0.00 %),0,0,0,0,123740,0.0
08/10/2019,0,0,0.9(0.00 %),0,0,0,0,123740,0.0
09/10/2019,0,0,0.9(0.00 %),0,0,0,0,123740,0.0
10/10/2019,0,0,0.9(0.00 %),0,0,0,0,123740,0.0
11/10/2019,0,0,0.9(0.00 %),0,0,0,0,123740,0.0
14/10/2019,0,0,0.9(0.00 %),0,0,0,0,123740,0.0
15/10/2019,0,0,0.9(0.00 %),0,0,0,0,123740,0.0
16/10/2019,0,0,0.9(0.00 %),0,0,0,0,123740,0.0
17/10/2019,0,0,0.9(0.00 %),0,0,0,0,123740,0.0
18/10/2019,0,0,0.9(0.00 %),0,0,0,0,123740,0.0
21/10/2019,0,0,0.9(0.00 %),0,0,0,0,123740,0.0
22/10/2019,0,0,0.9(0.00 %),0,0,0,0,123740,0.0
23/10/2019,0,0,0.9(0.00 %),0,0,0,0,123740,0.0
24/10/2019,0,0,0.9(0.00 %),0,0,0,0,123740,0.0
25/10/2019,0,0,0.9(0.00 %),0,0,0,0,123740,0.0
28/10/2019,0,0,0.9(0.00 %),0,0,0,0,123740,0.0
29/10/2019,0,0,0.9(0.00 %),0,0,0,0,123740,0.0
30/10/2019,0,0,0.9(0.00 %),0,0,0,0,123740,0.0
31/10/2019,0,0,0.9(0.00 %),0,0,0,0,123740,0.0
01/11/2019,0,0,0.8(-11.11 %),0,0,0,0,123740,0.0
04/11/2019,0,0,0.8(0.00 %),0,0,0,0,123740,0.0
05/11/2019,0,0,0.8(0.00 %),0,0,0,0,123740,0.0
06/11/2019,0,0,0.8(0.00 %),0,0,0,0,123740,0.0
07/11/2019,0,0,0.8(0.00 %),0,0,0,0,123740,0.0
08/11/2019,0,0,0.8(0.00 %),0,0,0,0,123740,0.0
11/11/2019,0,0,0.8(0.00 %),0,0,0,0,123740,0.0
12/11/2019,0,0,0.8(0.00 %),0,0,0,0,123740,0.0
13/11/2019,0,0,0.8(0.00 %),0,0,0,0,123740,0.0
14/11/2019,0,0,0.8(0.00 %),0,0,0,0,123740,0.0
15/11/2019,0,0,0.7(-12.50 %),0,0,0,0,123740,0.0
18/11/2019,0,0,0.7(0.00 %),0,0,0,0,123740,0.0
19/11/2019,0,0,0.7(0.00 %),0,0,0,0,123740,0.0
20/11/2019,0,0,0.7(0.00 %),0,0,0,0,123740,0.0
21/11/2019,0,0,0.7(0.00 %),0,0,0,0,123740,0.0
22/11/2019,0,0,0.7(0.00 %),0,0,0,0,123740,0.0
25/11/2019,0,0,0.7(0.00 %),0,0,0,0,123740,0.0
26/11/2019,0,0,0.7(0.00 %),0,0,0,0,123740,0.0
27/11/2019,0,0,0.7(0.00 %),0,0,0,0,123740,0.0
28/11/2019,0,0,0.7(0.00 %),0,0,0,0,123740,0.0
29/11/2019,0,0,0.7(0.00 %),0,0,0,0,123740,0.0
02/12/2019,0,0,0.7(0.00 %),0,0,0,0,123740,0.0
03/12/2019,0,0,0.7(0.00 %),0,0,0,0,123740,0.0
04/12/2019,0,0,0.7(0.00 %),0,0,0,0,123740,0.0
05/12/2019,0,0,0.7(0.00 %),0,0,0,0,123740,0.0
06/12/2019,-15000,-9000000,0.6(-14.29 %),0,0,15000,9000000,138740,0.0
09/12/2019,0,0,0.6(0.00 %),0,0,0,0,138740,0.0
10/12/2019,0,0,0.6(0.00 %),0,0,0,0,138740,0.0
11/12/2019,0,0,0.6(0.00 %),0,0,0,0,138740,0.0
12/12/2019,0,0,0.6(0.00 %),0,0,0,0,138740,0.0
13/12/2019,0,0,0.6(0.00 %),0,0,0,0,138740,0.0
16/12/2019,0,0,0.5(0.00 %),0,0,0,0,138740,0.0
17/12/2019,0,0,0.5(0.00 %),0,0,0,0,138740,0.0
18/12/2019,0,0,0.5(0.00 %),0,0,0,0,138740,0.0
19/12/2019,0,0,0.5(0.00 %),0,0,0,0,138740,0.0
20/12/2019,0,0,0.5(0.00 %),0,0,0,0,138740,0.0
23/12/2019,0,0,0.4(0.00 %),0,0,0,0,138740,0.0
24/12/2019,0,0,0.4(0.00 %),0,0,0,0,138740,0.0
25/12/2019,0,0,0.4(0.00 %),0,0,0,0,138740,0.0
26/12/2019,0,0,0.4(0.00 %),0,0,0,0,138740,0.0
27/12/2019,0,0,0.5(25.00 %),0,0,0,0,138740,0.0
30/12/2019,0,0,0.5(0.00 %),0,0,0,0,138740,0.0
31/12/2019,0,0,0.5(0.00 %),0,0,0,0,138740,0.0
02/01/2020,0,0,0.5(0.00 %),0,0,0,0,138740,0.0
03/01/2020,0,0,0.5(0.00 %),0,0,0,0,138740,0.0
06/01/2020,0,0,0.5(0.00 %),0,0,0,0,138740,0.0
07/01/2020,0,0,0.5(0.00 %),0,0,0,0,138740,0.0
08/01/2020,0,0,0.5(0.00 %),0,0,0,0,138740,0.0
09/01/2020,0,0,0.5(0.00 %),0,0,0,0,138740,0.0
10/01/2020,0,0,0.6(20.00 %),0,0,0,0,138740,0.0
13/01/2020,0,0,0.6(0.00 %),0,0,0,0,138740,0.0
14/01/2020,0,0,0.6(0.00 %),0,0,0,0,138740,0.0
15/01/2020,0,0,0.6(0.00 %),0,0,0,0,138740,0.0
16/01/2020,0,0,0.6(0.00 %),0,0,0,0,138740,42.03
17/01/2020,0,0,0.6(0.00 %),0,0,0,0,138740,42.03
20/01/2020,0,0,0.6(0.00 %),0,0,0,0,138740,42.03
21/01/2020,0,0,0.6(0.00 %),0,0,0,0,138740,42.03
22/01/2020,0,0,0.6(0.00 %),0,0,0,0,138740,0.0
30/01/2020,0,0,0.6(0.00 %),0,0,0,0,138740,0.0
31/01/2020,0,0,0.6(0.00 %),0,0,0,0,138740,0.0
03/02/2020,0,0,0.6(0.00 %),0,0,0,0,138740,0.0
04/02/2020,0,0,0.6(0.00 %),0,0,0,0,138740,0.0
05/02/2020,0,0,0.6(0.00 %),0,0,0,0,138740,0.0
06/02/2020,0,0,0.6(0.00 %),0,0,0,0,138740,0.0
07/02/2020,0,0,0.7(16.67 %),0,0,0,0,138740,0.0
10/02/2020,0,0,0.7(0.00 %),0,0,0,0,138740,0.0
11/02/2020,0,0,0.7(0.00 %),0,0,0,0,138740,0.0
12/02/2020,0,0,0.7(0.00 %),0,0,0,0,138740,0.0
13/02/2020,0,0,0.7(0.00 %),0,0,0,0,138740,0.0
14/02/2020,0,0,0.7(0.00 %),0,0,0,0,138740,0.0
17/02/2020,0,0,0.7(0.00 %),0,0,0,0,138740,0.0
18/02/2020,0,0,0.7(0.00 %),0,0,0,0,138740,0.0
19/02/2020,0,0,0.7(0.00 %),0,0,0,0,138740,0.0
20/02/2020,0,0,0.7(0.00 %),0,0,0,0,138740,0.0
21/02/2020,0,0,0.8(14.29 %),0,0,0,0,138740,0.0
24/02/2020,0,0,0.8(0.00 %),0,0,0,0,138740,0.0
25/02/2020,0,0,0.8(0.00 %),0,0,0,0,138740,0.0
26/02/2020,0,0,0.8(0.00 %),0,0,0,0,138740,0.0
27/02/2020,0,0,0.8(0.00 %),0,0,0,0,138740,0.0
28/02/2020,0,0,0.8(0.00 %),0,0,0,0,138740,0.0
02/03/2020,0,0,0.8(0.00 %),0,0,0,0,138740,0.0
03/03/2020,0,0,0.8(0.00 %),0,0,0,0,138740,0.0
04/03/2020,0,0,0.8(0.00 %),0,0,0,0,138740,0.0
05/03/2020,0,0,0.8(0.00 %),0,0,0,0,138740,0.0
06/03/2020,0,0,0.8(0.00 %),0,0,0,0,138740,0.0
09/03/2020,0,0,0.8(0.00 %),0,0,0,0,138740,0.0
10/03/2020,0,0,0.8(0.00 %),0,0,0,0,138740,0.0
11/03/2020,0,0,0.8(0.00 %),0,0,0,0,138740,42.03
12/03/2020,0,0,0.8(0.00 %),0,0,0,0,138740,42.03
13/03/2020,0,0,0.8(0.00 %),0,0,0,0,138740,0.0
16/03/2020,0,0,0.8(0.00 %),0,0,0,0,138740,0.0
17/03/2020,0,0,0.8(0.00 %),0,0,0,0,138740,0.0
18/03/2020,0,0,0.8(0.00 %),0,0,0,0,138740,0.0
19/03/2020,0,0,0.8(0.00 %),0,0,0,0,138740,0.0
20/03/2020,0,0,0.8(0.00 %),0,0,0,0,138740,0.0
23/03/2020,0,0,0.8(0.00 %),0,0,0,0,138740,0.0
24/03/2020,0,0,0.8(0.00 %),0,0,0,0,138740,0.0
25/03/2020,0,0,0.8(0.00 %),0,0,0,0,138740,0.0
26/03/2020,0,0,0.8(0.00 %),0,0,0,0,138740,0.0
27/03/2020,0,0,0.8(0.00 %),0,0,0,0,138740,0.0
30/03/2020,0,0,0.8(0.00 %),0,0,0,0,138740,0.0
31/03/2020,0,0,0.8(0.00 %),0,0,0,0,138740,42.03
01/04/2020,0,0,0.8(0.00 %),0,0,0,0,138740,0.0
03/04/2020,0,0,0.8(0.00 %),0,0,0,0,138740,0.0
06/04/2020,0,0,0.8(0.00 %),0,0,0,0,138740,0.0
07/04/2020,0,0,0.8(0.00 %),0,0,0,0,138740,0.0
08/04/2020,0,0,0.8(0.00 %),0,0,0,0,138740,0.0
09/04/2020,0,0,0.8(0.00 %),0,0,0,0,138740,0.0
10/04/2020,0,0,0.7(-12.50 %),0,0,0,0,138740,42.03
13/04/2020,0,0,0.7(0.00 %),0,0,0,0,138740,0.0
14/04/2020,0,0,0.7(0.00 %),0,0,0,0,138740,0.0
15/04/2020,0,0,0.7(0.00 %),0,0,0,0,138740,0.0
16/04/2020,0,0,0.7(0.00 %),0,0,0,0,138740,0.0
17/04/2020,0,0,0.7(0.00 %),0,0,0,0,138740,0.0
20/04/2020,0,0,0.7(0.00 %),0,0,0,0,138740,0.0
21/04/2020,0,0,0.7(0.00 %),0,0,0,0,138740,0.0
22/04/2020,0,0,0.7(0.00 %),0,0,0,0,138740,0.0
23/04/2020,0,0,0.7(0.00 %),0,0,0,0,138740,0.0
24/04/2020,0,0,0.7(0.00 %),0,0,0,0,138740,0.0
27/04/2020,0,0,0.7(0.00 %),0,0,0,0,138740,0.0
28/04/2020,0,0,0.7(0.00 %),0,0,0,0,138740,0.0
29/04/2020,0,0,0.7(0.00 %),0,0,0,0,138740,0.0
04/05/2020,0,0,0.7(0.00 %),0,0,0,0,138740,0.0
05/05/2020,0,0,0.7(0.00 %),0,0,0,0,138740,0.0
06/05/2020,0,0,0.7(0.00 %),0,0,0,0,138740,42.03
07/05/2020,0,0,0.7(0.00 %),0,0,0,0,138740,0.0
08/05/2020,0,0,0.7(0.00 %),0,0,0,0,138740,0.0
11/05/2020,0,0,0.7(0.00 %),0,0,0,0,138740,0.0
12/05/2020,0,0,0.7(0.00 %),0,0,0,0,138740,0.0
13/05/2020,0,0,0.7(0.00 %),0,0,0,0,138740,0.0
14/05/2020,0,0,0.7(0.00 %),0,0,0,0,138740,0.0
15/05/2020,0,0,0.7(0.00 %),0,0,0,0,138740,0.0
18/05/2020,0,0,0.7(0.00 %),0,0,0,0,138740,0.0
19/05/2020,0,0,0.7(0.00 %),0,0,0,0,138740,0.0
20/05/2020,0,0,0.7(0.00 %),0,0,0,0,138740,0.0
21/05/2020,0,0,0.7(0.00 %),0,0,0,0,138740,0.0
22/05/2020,0,0,0.7(0.00 %),0,0,0,0,138740,0.0
25/05/2020,0,0,0.7(0.00 %),0,0,0,0,138740,0.0
26/05/2020,0,0,0.7(0.00 %),0,0,0,0,138740,0.0
27/05/2020,0,0,0.7(0.00 %),0,0,0,0,138740,0.0
28/05/2020,0,0,0.7(0.00 %),0,0,0,0,138740,0.0
29/05/2020,0,0,0.7(0.00 %),0,0,0,0,138740,42.03
01/06/2020,0,0,0.7(0.00 %),0,0,0,0,138740,0.0
02/06/2020,0,0,0.7(0.00 %),0,0,0,0,138740,0.0
03/06/2020,0,0,0.7(0.00 %),0,0,0,0,138740,0.0
04/06/2020,0,0,0.7(0.00 %),0,0,0,0,138740,0.0
05/06/2020,0,0,0.7(0.00 %),0,0,0,0,138740,0.0
08/06/2020,0,0,0.7(0.00 %),0,0,0,0,138740,0.0
09/06/2020,0,0,0.7(0.00 %),0,0,0,0,138740,0.0
10/06/2020,0,0,0.7(0.00 %),0,0,0,0,138740,0.0
11/06/2020,0,0,0.7(0.00 %),0,0,0,0,138740,0.0
12/06/2020,0,0,0.7(0.00 %),0,0,0,0,138740,0.0
15/06/2020,0,0,0.7(0.00 %),0,0,0,0,138740,0.0
16/06/2020,0,0,0.7(0.00 %),0,0,0,0,138740,0.0
17/06/2020,0,0,0.7(0.00 %),0,0,0,0,138740,0.0
18/06/2020,0,0,0.7(0.00 %),0,0,0,0,138740,0.0
19/06/2020,0,0,0.8(14.29 %),0,0,0,0,138740,0.0
22/06/2020,0,0,0.8(0.00 %),0,0,0,0,138740,0.0
23/06/2020,0,0,0.8(0.00 %),0,0,0,0,138740,0.0
24/06/2020,0,0,0.8(0.00 %),0,0,0,0,138740,0.0
26/06/2020,0,0,0.7(-12.50 %),0,0,0,0,138740,0.0
29/06/2020,0,0,0.7(0.00 %),0,0,0,0,138740,0.0
30/06/2020,0,0,0.7(0.00 %),0,0,0,0,138740,0.0
01/07/2020,0,0,0.7(0.00 %),0,0,0,0,138740,0.0
02/07/2020,0,0,0.7(0.00 %),0,0,0,0,138740,0.0
03/07/2020,0,0,0.6(-14.29 %),0,0,0,0,138740,0.0
06/07/2020,0,0,0.6(0.00 %),0,0,0,0,138740,0.0
07/07/2020,0,0,0.6(0.00 %),0,0,0,0,138740,0.0
08/07/2020,0,0,0.6(0.00 %),0,0,0,0,138740,0.0
09/07/2020,0,0,0.6(0.00 %),0,0,0,0,138740,0.0
10/07/2020,0,0,0.6(0.00 %),0,0,0,0,138740,0.0
13/07/2020,0,0,0.6(0.00 %),0,0,0,0,138740,0.0
14/07/2020,0,0,0.6(0.00 %),0,0,0,0,138740,0.0
15/07/2020,0,0,0.6(0.00 %),0,0,0,0,138740,0.0
16/07/2020,0,0,0.6(0.00 %),0,0,0,0,138740,0.0
17/07/2020,0,0,0.6(0.00 %),0,0,0,0,138740,0.0
20/07/2020,0,0,0.6(0.00 %),0,0,0,0,138740,0.0
21/07/2020,0,0,0.6(0.00 %),0,0,0,0,138740,0.0
22/07/2020,0,0,0.6(0.00 %),0,0,0,0,138740,0.0
23/07/2020,0,0,0.6(0.00 %),0,0,0,0,138740,0.0
24/07/2020,0,0,0.6(0.00 %),0,0,0,0,138740,0.0
27/07/2020,0,0,0.6(0.00 %),0,0,0,0,138740,0.0
28/07/2020,0,0,0.6(0.00 %),0,0,0,0,138740,0.0
29/07/2020,0,0,0.6(0.00 %),0,0,0,0,138740,0.0
30/07/2020,0,0,0.6(0.00 %),0,0,0,0,138740,0.0
31/07/2020,0,0,0.7(16.67 %),0,0,0,0,138740,0.0
03/08/2020,0,0,0.7(0.00 %),0,0,0,0,138740,0.0
04/08/2020,0,0,0.7(0.00 %),0,0,0,0,138740,0.0
05/08/2020,0,0,0.7(0.00 %),0,0,0,0,138740,0.0
06/08/2020,0,0,0.7(0.00 %),0,0,0,0,138740,0.0
07/08/2020,0,0,0.7(0.00 %),0,0,0,0,138740,0.0
10/08/2020,0,0,0.7(0.00 %),0,0,0,0,138740,0.0
11/08/2020,0,0,0.7(0.00 %),0,0,0,0,138740,0.0
12/08/2020,0,0,0.7(0.00 %),0,0,0,0,138740,0.0
13/08/2020,0,0,0.7(0.00 %),0,0,0,0,138740,0.0
14/08/2020,0,0,0.8(14.29 %),0,0,0,0,138740,0.0
17/08/2020,0,0,0.8(0.00 %),0,0,0,0,138740,0.0
18/08/2020,0,0,0.8(0.00 %),0,0,0,0,138740,0.0
19/08/2020,0,0,0.8(0.00 %),0,0,0,0,138740,0.0
20/08/2020,0,0,0.8(0.00 %),0,0,0,0,138740,0.0
21/08/2020,0,0,0.8(0.00 %),0,0,0,0,138740,0.0
24/08/2020,0,0,0.8(0.00 %),0,0,0,0,138740,0.0
25/08/2020,0,0,0.8(0.00 %),0,0,0,0,138740,0.0
26/08/2020,0,0,0.8(0.00 %),0,0,0,0,138740,0.0
27/08/2020,0,0,0.8(0.00 %),0,0,0,0,138740,0.0
28/08/2020,0,0,0.9(12.50 %),0,0,0,0,138740,0.0
31/08/2020,0,0,0.9(0.00 %),0,0,0,0,138740,0.0
01/09/2020,0,0,0.9(0.00 %),0,0,0,0,138740,0.0
03/09/2020,0,0,0.9(0.00 %),0,0,0,0,138740,0.0
04/09/2020,0,0,0.9(0.00 %),0,0,0,0,138740,0.0
07/09/2020,0,0,0.9(0.00 %),0,0,0,0,138740,0.0
08/09/2020,0,0,0.9(0.00 %),0,0,0,0,138740,0.0
09/09/2020,0,0,0.9(0.00 %),0,0,0,0,138740,42.03
10/09/2020,0,0,0.9(0.00 %),0,0,0,0,138740,0.0
11/09/2020,0,0,0.9(0.00 %),0,0,0,0,138740,0.0
14/09/2020,0,0,0.9(0.00 %),0,0,0,0,138740,0.0
15/09/2020,0,0,0.9(0.00 %),0,0,0,0,138740,0.0
16/09/2020,0,0,0.9(0.00 %),0,0,0,0,138740,0.0
17/09/2020,0,0,0.9(0.00 %),0,0,0,0,138740,0.0
18/09/2020,0,0,0.9(0.00 %),0,0,0,0,138740,0.0
21/09/2020,0,0,0.9(0.00 %),0,0,0,0,138740,0.0
22/09/2020,0,0,0.9(0.00 %),0,0,0,0,138740,0.0
23/09/2020,0,0,0.9(0.00 %),0,0,0,0,138740,0.0
24/09/2020,0,0,0.9(0.00 %),0,0,0,0,138740,0.0
25/09/2020,0,0,0.9(0.00 %),0,0,0,0,138740,0.0
28/09/2020,0,0,0.9(0.00 %),0,0,0,0,138740,0.0
29/09/2020,0,0,0.9(0.00 %),0,0,0,0,138740,0.0
30/09/2020,0,0,0.9(0.00 %),0,0,0,0,138740,0.0
01/10/2020,0,0,0.9(0.00 %),0,0,0,0,138740,42.03
02/10/2020,0,0,0.9(0.00 %),0,0,0,0,138740,0.0
05/10/2020,0,0,0.9(0.00 %),0,0,0,0,138740,0.0
06/10/2020,0,0,0.9(0.00 %),0,0,0,0,138740,0.0
07/10/2020,0,0,0.9(0.00 %),0,0,0,0,138740,0.0
08/10/2020,0,0,0.9(0.00 %),0,0,0,0,138740,0.0
09/10/2020,0,0,0.9(0.00 %),0,0,0,0,138740,0.0
12/10/2020,0,0,0.9(0.00 %),0,0,0,0,138740,0.0
13/10/2020,0,0,0.9(0.00 %),0,0,0,0,138740,0.0
14/10/2020,0,0,0.9(0.00 %),0,0,0,0,138740,0.0
15/10/2020,0,0,0.9(0.00 %),0,0,0,0,138740,0.0
16/10/2020,0,0,0.9(0.00 %),0,0,0,0,138740,0.0
19/10/2020,0,0,0.9(0.00 %),0,0,0,0,138740,0.0
20/10/2020,0,0,0.9(0.00 %),0,0,0,0,138740,0.0
21/10/2020,0,0,0.9(0.00 %),0,0,0,0,138740,0.0
22/10/2020,0,0,0.9(0.00 %),0,0,0,0,138740,0.0
23/10/2020,0,0,0.9(0.00 %),0,0,0,0,138740,0.0
26/10/2020,0,0,0.9(0.00 %),0,0,0,0,138740,0.0
27/10/2020,0,0,0.9(0.00 %),0,0,0,0,138740,0.0
28/10/2020,0,0,0.9(0.00 %),0,0,0,0,138740,0.0
29/10/2020,0,0,0.9(0.00 %),0,0,0,0,138740,0.0
30/10/2020,0,0,0.9(0.00 %),0,0,0,0,138740,0.0
02/11/2020,0,0,0.9(0.00 %),0,0,0,0,138740,0.0
03/11/2020,0,0,0.9(0.00 %),0,0,0,0,138740,0.0
04/11/2020,0,0,0.9(0.00 %),0,0,0,0,138740,0.0
05/11/2020,0,0,0.9(0.00 %),0,0,0,0,138740,0.0
06/11/2020,0,0,0.9(0.00 %),0,0,0,0,138740,0.0
09/11/2020,0,0,0.9(0.00 %),0,0,0,0,138740,0.0
10/11/2020,0,0,0.9(0.00 %),0,0,0,0,138740,0.0
11/11/2020,0,0,0.9(0.00 %),0,0,0,0,138740,0.0
12/11/2020,0,0,0.9(0.00 %),0,0,0,0,138740,0.0
13/11/2020,0,0,0.9(0.00 %),0,0,0,0,138740,0.0
16/11/2020,0,0,0.9(0.00 %),0,0,0,0,138740,0.0
17/11/2020,0,0,0.9(0.00 %),0,0,0,0,138740,0.0
18/11/2020,0,0,0.9(0.00 %),0,0,0,0,138740,0.0
19/11/2020,0,0,0.9(0.00 %),0,0,0,0,138740,0.0
20/11/2020,0,0,0(0.00 %),0,0,0,0,138740,0.0
25/11/2020,0,0,0.8(0.00 %),0,0,0,0,138740,0.0
26/11/2020,0,0,0.8(0.00 %),0,0,0,0,138740,0.0
27/11/2020,0,0,0.8(0.00 %),0,0,0,0,138740,42.03
30/11/2020,0,0,0.8(0.00 %),0,0,0,0,138740,0.0
01/12/2020,0,0,0.8(0.00 %),0,0,0,0,138740,0.0
02/12/2020,0,0,0.8(0.00 %),0,0,0,0,138740,0.0
03/12/2020,0,0,0.8(0.00 %),0,0,0,0,138740,0.0
04/12/2020,0,0,0.8(0.00 %),0,0,0,0,138740,0.0
07/12/2020,0,0,0.8(0.00 %),0,0,0,0,138740,0.0
08/12/2020,0,0,0.8(0.00 %),0,0,0,0,138740,0.0
09/12/2020,0,0,0.8(0.00 %),0,0,0,0,138740,0.0
10/12/2020,0,0,0.8(0.00 %),0,0,0,0,138740,0.0
11/12/2020,0,0,0.8(0.00 %),0,0,0,0,138740,0.0
14/12/2020,0,0,0.8(0.00 %),0,0,0,0,138740,0.0
15/12/2020,0,0,0.8(0.00 %),0,0,0,0,138740,0.0
17/12/2020,0,0,0.8(0.00 %),0,0,0,0,138740,0.0
18/12/2020,0,0,0.9(12.50 %),0,0,0,0,138740,0.0
21/12/2020,0,0,0.9(0.00 %),0,0,0,0,138740,0.0
22/12/2020,0,0,0.9(0.00 %),0,0,0,0,138740,0.0
23/12/2020,0,0,0.9(0.00 %),0,0,0,0,138740,0.0
24/12/2020,0,0,0.9(0.00 %),0,0,0,0,138740,0.0
25/12/2020,0,0,1(11.11 %),0,0,0,0,138740,0.0
28/12/2020,0,0,1(0.00 %),0,0,0,0,138740,0.0
29/12/2020,0,0,1(0.00 %),0,0,0,0,138740,0.0
30/12/2020,0,0,1(0.00 %),0,0,0,0,138740,42.03
31/12/2020,0,0,1(0.00 %),0,0,0,0,138740,0.0
04/01/2021,0,0,1(0.00 %),0,0,0,0,138740,0.0
05/01/2021,0,0,1(0.00 %),0,0,0,0,138740,0.0
06/01/2021,0,0,1(0.00 %),0,0,0,0,138740,0.0
07/01/2021,0,0,1(0.00 %),0,0,0,0,138740,0.0
08/01/2021,0,0,1.1(10.00 %),0,0,0,0,138740,0.0
11/01/2021,0,0,1.1(0.00 %),0,0,0,0,138740,0.0
12/01/2021,0,0,1.1(0.00 %),0,0,0,0,138740,0.0
13/01/2021,0,0,1.1(0.00 %),0,0,0,0,138740,0.0
14/01/2021,0,0,1.1(0.00 %),0,0,0,0,138740,0.0
15/01/2021,0,0,1.2(9.09 %),0,0,0,0,138740,0.0
18/01/2021,0,0,1.1(0.00 %),0,0,0,0,138740,0.0
19/01/2021,0,0,1.1(0.00 %),0,0,0,0,138740,0.0
20/01/2021,0,0,1.1(0.00 %),0,0,0,0,138740,0.0
21/01/2021,0,0,1.1(0.00 %),0,0,0,0,138740,0.0
22/01/2021,0,0,1.2(9.09 %),0,0,0,0,138740,0.0
25/01/2021,0,0,1.2(0.00 %),0,0,0,0,138740,0.0
26/01/2021,0,0,1.2(0.00 %),0,0,0,0,138740,0.0
27/01/2021,0,0,1.2(0.00 %),0,0,0,0,138740,0.0
28/01/2021,0,0,1.2(0.00 %),0,0,0,0,138740,0.0
29/01/2021,0,0,1.3(8.33 %),0,0,0,0,138740,0.0
01/02/2021,0,0,1.3(0.00 %),0,0,0,0,138740,0.0
02/02/2021,0,0,1.3(0.00 %),0,0,0,0,138740,0.0
03/02/2021,0,0,1.3(0.00 %),0,0,0,0,138740,0.0
04/02/2021,0,0,1.3(0.00 %),0,0,0,0,138740,0.0
05/02/2021,0,0,1.3(0.00 %),0,0,0,0,138740,0.0
17/02/2021,0,0,1.3(0.00 %),0,0,0,0,138740,0.0
18/02/2021,0,0,1.3(0.00 %),0,0,0,0,138740,0.0
19/02/2021,0,0,1.3(0.00 %),0,0,0,0,138740,0.0
22/02/2021,0,0,1.3(0.00 %),0,0,0,0,138740,0.0
23/02/2021,0,0,1.3(0.00 %),0,0,0,0,138740,0.0
24/02/2021,0,0,1.3(0.00 %),0,0,0,0,138740,0.0
25/02/2021,0,0,1.3(0.00 %),0,0,0,0,138740,0.0
26/02/2021,0,0,1.2(-7.69 %),0,0,0,0,138740,0.0
01/03/2021,0,0,1.2(0.00 %),0,0,0,0,138740,0.0
02/03/2021,0,0,1.2(0.00 %),0,0,0,0,138740,0.0
03/03/2021,0,0,1.2(0.00 %),0,0,0,0,138740,0.0
04/03/2021,0,0,1.2(0.00 %),0,0,0,0,138740,0.0
05/03/2021,0,0,1.1(-8.33 %),0,0,0,0,138740,0.0
08/03/2021,0,0,0(0.00 %),0,0,0,0,138740,0.0
09/03/2021,0,0,1.1(0.00 %),0,0,0,0,138740,0.0
10/03/2021,0,0,1.1(0.00 %),0,0,0,0,138740,0.0
11/03/2021,0,0,1.1(0.00 %),0,0,0,0,138740,0.0
12/03/2021,0,0,1.1(0.00 %),0,0,0,0,138740,0.0
15/03/2021,0,0,1.2(0.00 %),0,0,0,0,138740,0.0
16/03/2021,0,0,1.2(0.00 %),0,0,0,0,138740,0.0
17/03/2021,0,0,1.2(0.00 %),0,0,0,0,138740,0.0
18/03/2021,0,0,1.2(0.00 %),0,0,0,0,138740,0.0
19/03/2021,0,0,1.2(0.00 %),0,0,0,0,138740,0.0
22/03/2021,0,0,1.2(0.00 %),0,0,0,0,138740,0.0
23/03/2021,0,0,1.2(0.00 %),0,0,0,0,138740,0.0
24/03/2021,0,0,1.2(0.00 %),0,0,0,0,138740,0.0
25/03/2021,0,0,1.2(0.00 %),0,0,0,0,138740,0.0
26/03/2021,0,0,1.2(0.00 %),0,0,0,0,138740,0.0
29/03/2021,0,0,1.2(0.00 %),0,0,0,0,138740,0.0
30/03/2021,0,0,1.2(0.00 %),0,0,0,0,138740,0.0
31/03/2021,0,0,1.2(0.00 %),0,0,0,0,138740,0.0
01/04/2021,0,0,1.2(0.00 %),0,0,0,0,138740,0.0
02/04/2021,0,0,1.3(8.33 %),0,0,0,0,138740,0.0
05/04/2021,0,0,1.3(0.00 %),0,0,0,0,138740,0.0
06/04/2021,0,0,1.3(0.00 %),0,0,0,0,138740,0.0
07/04/2021,0,0,1.3(0.00 %),0,0,0,0,138740,0.0
08/04/2021,0,0,1.3(0.00 %),0,0,0,0,138740,0.0
09/04/2021,0,0,0(0.00 %),0,0,0,0,138740,0.0
12/04/2021,0,0,1.3(0.00 %),0,0,0,0,138740,0.0
13/04/2021,0,0,1.3(0.00 %),0,0,0,0,138740,0.0
14/04/2021,0,0,1.3(0.00 %),0,0,0,0,138740,0.0
15/04/2021,0,0,1.3(0.00 %),0,0,0,0,138740,42.03
16/04/2021,0,0,1.4(7.69 %),0,0,0,0,138740,0.0
19/04/2021,0,0,1.4(0.00 %),0,0,0,0,138740,0.0
20/04/2021,0,0,1.4(0.00 %),0,0,0,0,138740,0.0
22/04/2021,0,0,1.4(0.00 %),0,0,0,0,138740,0.0
23/04/2021,-20700,-31050000,1.5(7.14 %),0,0,20700,31050000,159440,0.0
26/04/2021,0,0,1.5(0.00 %),0,0,0,0,159440,0.0
27/04/2021,0,0,1.5(0.00 %),0,0,0,0,159440,0.0
28/04/2021,0,0,1.5(0.00 %),0,0,0,0,159440,0.0
29/04/2021,0,0,1.5(0.00 %),0,0,0,0,159440,0.0
04/05/2021,0,0,1.5(0.00 %),0,0,0,0,159440,0.0
05/05/2021,0,0,1.5(0.00 %),0,0,0,0,159440,0.0
06/05/2021,0,0,1.5(0.00 %),0,0,0,0,159440,0.0
07/05/2021,0,0,1.6(6.67 %),0,0,0,0,159440,0.0
10/05/2021,0,0,1.5(0.00 %),0,0,0,0,159440,0.0
11/05/2021,0,0,1.5(0.00 %),0,0,0,0,159440,0.0
12/05/2021,0,0,1.5(0.00 %),0,0,0,0,159440,0.0
13/05/2021,0,0,1.5(0.00 %),0,0,0,0,159440,0.0
14/05/2021,0,0,1.7(13.33 %),0,0,0,0,159440,0.0
17/05/2021,0,0,1.7(0.00 %),0,0,0,0,159440,0.0
18/05/2021,0,0,1.7(0.00 %),0,0,0,0,159440,0.0
19/05/2021,0,0,1.7(0.00 %),0,0,0,0,159440,0.0
20/05/2021,0,0,1.7(0.00 %),0,0,0,0,159440,0.0
21/05/2021,0,0,1.9(11.76 %),0,0,0,0,159440,0.0
24/05/2021,0,0,1.9(0.00 %),0,0,0,0,159440,0.0
25/05/2021,0,0,1.9(0.00 %),0,0,0,0,159440,0.0
26/05/2021,0,0,1.9(0.00 %),0,0,0,0,159440,0.0
27/05/2021,0,0,1.9(0.00 %),0,0,0,0,159440,0.0
28/05/2021,0,0,2(5.26 %),0,0,0,0,159440,0.0
31/05/2021,0,0,2(0.00 %),0,0,0,0,159440,0.0
01/06/2021,0,0,2(0.00 %),0,0,0,0,159440,0.0
02/06/2021,0,0,2(0.00 %),0,0,0,0,159440,0.0
03/06/2021,0,0,2(0.00 %),0,0,0,0,159440,0.0
04/06/2021,0,0,2.3(15.00 %),0,0,0,0,159440,0.0
07/06/2021,0,0,2.3(0.00 %),0,0,0,0,159440,0.0
08/06/2021,0,0,2.3(0.00 %),0,0,0,0,159440,0.0
09/06/2021,0,0,2.3(0.00 %),0,0,0,0,159440,0.0
10/06/2021,0,0,2.3(0.00 %),0,0,0,0,159440,0.0
11/06/2021,0,0,2.5(8.70 %),0,0,0,0,159440,0.0
14/06/2021,0,0,2.4(0.00 %),0,0,0,0,159440,0.0
15/06/2021,0,0,2.4(0.00 %),0,0,0,0,159440,0.0
16/06/2021,0,0,2.4(0.00 %),0,0,0,0,159440,0.0
17/06/2021,0,0,2.4(0.00 %),0,0,0,0,159440,0.0
18/06/2021,0,0,2.6(8.33 %),0,0,0,0,159440,0.0
22/06/2021,0,0,2.5(0.00 %),0,0,0,0,159440,0.0
23/06/2021,0,0,2.5(0.00 %),0,0,0,0,159440,0.0
24/06/2021,0,0,2.5(0.00 %),0,0,0,0,159440,0.0
25/06/2021,-13600,-36720000,2.8(12.00 %),0,0,13600,36720000,173040,0.0
28/06/2021,0,0,2.7(0.00 %),0,0,0,0,173040,0.0
29/06/2021,0,0,2.7(0.00 %),0,0,0,0,173040,0.0
30/06/2021,0,0,2.7(0.00 %),0,0,0,0,173040,0.0
01/07/2021,0,0,2.7(0.00 %),0,0,0,0,173040,0.0
02/07/2021,0,0,2.9(7.41 %),0,0,0,0,173040,0.0
05/07/2021,0,0,2.8(0.00 %),0,0,0,0,173040,0.0
06/07/2021,0,0,2.8(0.00 %),0,0,0,0,173040,0.0
07/07/2021,0,0,2.8(0.00 %),0,0,0,0,173040,0.0
09/07/2021,-10000,-28000000,2.8(0.00 %),0,0,10000,28000000,183040,0.0
12/07/2021,0,0,2.8(0.00 %),0,0,0,0,183040,0.0
13/07/2021,0,0,2.8(0.00 %),0,0,0,0,183040,0.0
14/07/2021,0,0,2.8(0.00 %),0,0,0,0,183040,0.0
15/07/2021,0,0,2.8(0.00 %),0,0,0,0,183040,0.0
16/07/2021,0,0,3(7.14 %),0,0,0,0,183040,0.0
19/07/2021,0,0,3(0.00 %),0,0,0,0,183040,0.0
20/07/2021,0,0,3(0.00 %),0,0,0,0,183040,0.0
21/07/2021,0,0,3(0.00 %),0,0,0,0,183040,0.0
22/07/2021,0,0,3(0.00 %),0,0,0,0,183040,0.0
23/07/2021,0,0,3(0.00 %),0,0,0,0,183040,0.0
26/07/2021,0,0,3.1(0.00 %),0,0,0,0,183040,0.0
27/07/2021,0,0,3.1(0.00 %),0,0,0,0,183040,0.0
28/07/2021,0,0,3.1(0.00 %),0,0,0,0,183040,0.0
29/07/2021,0,0,3.1(0.00 %),0,0,0,0,183040,0.0
30/07/2021,-5000,-15500000,3.1(0.00 %),0,0,5000,15500000,188040,0.0
02/08/2021,0,0,3.1(0.00 %),0,0,0,0,183039,0.0
03/08/2021,0,0,3.1(0.00 %),0,0,0,0,183039,0.0
04/08/2021,0,0,3.1(0.00 %),0,0,0,0,183039,0.25
05/08/2021,0,0,3.1(0.00 %),0,0,0,0,183039,0.25
06/08/2021,0,0,3.5(12.90 %),0,0,0,0,183039,0.25
09/08/2021,0,0,3.5(0.00 %),0,0,0,0,183039,0.25
10/08/2021,0,0,3.5(0.00 %),0,0,0,0,183039,0.25
11/08/2021,0,0,3.5(0.00 %),0,0,0,0,183039,0.25
12/08/2021,0,0,3.5(0.00 %),0,0,0,0,183039,0.25
13/08/2021,0,0,3(-14.29 %),0,0,0,0,188039,39.55
16/08/2021,0,0,3.4(0.00 %),0,0,0,0,188039,0.0
17/08/2021,0,0,3.4(0.00 %),0,0,0,0,188039,0.0
18/08/2021,0,0,3.4(0.00 %),0,0,0,0,188039,0.0
19/08/2021,0,0,3.4(0.00 %),0,0,0,0,188039,0.0
20/08/2021,0,0,3.4(0.00 %),0,0,0,0,188039,0.0
23/08/2021,0,0,3.4(0.00 %),0,0,0,0,188039,0.0
24/08/2021,0,0,3.4(0.00 %),0,0,0,0,188039,0.0
25/08/2021,0,0,3.4(0.00 %),0,0,0,0,188039,0.0
26/08/2021,0,0,3.4(0.00 %),0,0,0,0,188039,0.0
27/08/2021,0,0,3.4(0.00 %),0,0,0,0,188039,0.0
30/08/2021,0,0,3.4(0.00 %),0,0,0,0,188039,0.0
31/08/2021,0,0,3.4(0.00 %),0,0,0,0,188039,0.0
01/09/2021,0,0,3.4(0.00 %),0,0,0,0,188039,0.0
06/09/2021,0,0,3.4(0.00 %),0,0,0,0,188039,0.0
07/09/2021,0,0,3.4(0.00 %),0,0,0,0,188039,0.0
08/09/2021,0,0,3.4(0.00 %),0,0,0,0,188039,0.0
09/09/2021,0,0,3.4(0.00 %),0,0,0,0,188039,0.0
10/09/2021,0,0,3.4(0.00 %),0,0,0,0,188039,0.0
13/09/2021,0,0,3.4(0.00 %),0,0,0,0,188039,0.0
14/09/2021,0,0,3.4(0.00 %),0,0,0,0,188039,0.0
15/09/2021,0,0,3.4(0.00 %),0,0,0,0,188039,39.55
16/09/2021,0,0,3.4(0.00 %),0,0,0,0,188039,0.0
17/09/2021,0,0,3.5(2.94 %),0,0,0,0,188039,0.0
20/09/2021,0,0,3.4(0.00 %),0,0,0,0,188039,0.0
21/09/2021,0,0,3.4(0.00 %),0,0,0,0,188039,0.0
22/09/2021,0,0,3.4(0.00 %),0,0,0,0,188039,0.0
23/09/2021,0,0,3.4(0.00 %),0,0,0,0,188039,0.0
24/09/2021,0,0,3.8(11.76 %),0,0,0,0,188039,0.0
27/09/2021,0,0,3.8(0.00 %),0,0,0,0,188039,0.0
28/09/2021,0,0,3.8(0.00 %),0,0,0,0,188039,0.0
29/09/2021,0,0,3.8(0.00 %),0,0,0,0,188039,0.0
30/09/2021,0,0,3.8(0.00 %),0,0,0,0,188039,0.0
01/10/2021,0,0,3.7(-2.63 %),0,0,0,0,188039,0.0
04/10/2021,0,0,3.4(0.00 %),0,0,0,0,188039,0.0
05/10/2021,0,0,3.4(0.00 %),0,0,0,0,188039,0.0
06/10/2021,0,0,3.4(0.00 %),0,0,0,0,188039,39.55
07/10/2021,0,0,3.4(0.00 %),0,0,0,0,188039,39.55
08/10/2021,0,0,3.3(-2.94 %),0,0,0,0,188039,39.55
11/10/2021,0,0,3.3(0.00 %),0,0,0,0,188039,0.0
12/10/2021,0,0,3.3(0.00 %),0,0,0,0,188039,0.0
13/10/2021,0,0,3.3(0.00 %),0,0,0,0,188039,0.0
14/10/2021,0,0,3.3(0.00 %),0,0,0,0,188039,0.0
15/10/2021,0,0,3.4(3.03 %),0,0,0,0,188039,0.0
18/10/2021,0,0,3.3(0.00 %),0,0,0,0,188039,0.0
19/10/2021,0,0,3.3(0.00 %),0,0,0,0,188039,0.0
20/10/2021,0,0,3.3(0.00 %),0,0,0,0,188039,0.0
21/10/2021,0,0,3.3(0.00 %),0,0,0,0,188039,0.0
22/10/2021,0,0,3.5(6.06 %),0,0,0,0,188039,0.0
25/10/2021,0,0,3.4(0.00 %),0,0,0,0,188039,0.0
26/10/2021,0,0,3.4(0.00 %),0,0,0,0,188039,0.0
27/10/2021,0,0,3.4(0.00 %),0,0,0,0,188039,0.0
28/10/2021,0,0,3.4(0.00 %),0,0,0,0,188039,0.0
29/10/2021,0,0,3.9(14.71 %),0,0,0,0,188039,0.0
01/11/2021,0,0,3.7(0.00 %),0,0,0,0,188039,0.0
02/11/2021,0,0,3.7(0.00 %),0,0,0,0,188039,0.0
03/11/2021,0,0,3.7(0.00 %),0,0,0,0,188039,0.0
04/11/2021,0,0,3.7(0.00 %),0,0,0,0,188039,0.0
05/11/2021,0,0,4.2(13.51 %),0,0,0,0,188039,0.0
08/11/2021,0,0,4.2(0.00 %),0,0,0,0,188039,0.0
09/11/2021,0,0,4.2(0.00 %),0,0,0,0,188039,0.0
10/11/2021,0,0,4.2(0.00 %),0,0,0,0,188039,0.0
11/11/2021,0,0,4.2(0.00 %),0,0,0,0,188039,0.0
12/11/2021,-5200,-24960000,4.8(14.29 %),0,0,5200,24960000,193239,0.0
15/11/2021,0,0,4.8(0.00 %),0,0,0,0,193239,0.0
16/11/2021,0,0,4.8(0.00 %),0,0,0,0,193239,0.0
17/11/2021,0,0,4.8(0.00 %),0,0,0,0,193239,0.0
18/11/2021,0,0,4.8(0.00 %),0,0,0,0,193239,0.0
19/11/2021,0,0,5.3(10.42 %),0,0,0,0,193239,0.0
22/11/2021,0,0,5(0.00 %),0,0,0,0,193239,0.0
23/11/2021,0,0,5(0.00 %),0,0,0,0,193239,0.0
24/11/2021,0,0,5(0.00 %),0,0,0,0,193239,0.0
25/11/2021,0,0,5(0.00 %),0,0,0,0,193239,0.0
26/11/2021,0,0,5.3(6.00 %),0,0,0,0,193239,0.0
29/11/2021,0,0,5.3(0.00 %),0,0,0,0,193239,0.0
30/11/2021,0,0,5.3(0.00 %),0,0,0,0,193239,0.0
01/12/2021,0,0,5.3(0.00 %),0,0,0,0,193239,0.0
02/12/2021,0,0,5.3(0.00 %),0,0,0,0,193239,0.0
03/12/2021,0,0,5.4(1.89 %),0,0,0,0,193239,0.0
06/12/2021,0,0,5.4(0.00 %),0,0,0,0,193239,0.0
07/12/2021,0,0,5.4(0.00 %),0,0,0,0,193239,0.0
08/12/2021,0,0,5.4(0.00 %),0,0,0,0,193239,0.0
09/12/2021,0,0,5.4(0.00 %),0,0,0,0,193239,0.0
10/12/2021,0,0,5.4(0.00 %),0,0,0,0,193239,0.0
13/12/2021,0,0,5.4(0.00 %),0,0,0,0,193239,0.0
14/12/2021,0,0,5.4(0.00 %),0,0,0,0,193239,0.0
15/12/2021,0,0,5.4(0.00 %),0,0,0,0,193239,0.0
16/12/2021,0,0,5.4(0.00 %),0,0,0,0,193239,0.0
17/12/2021,0,0,5.4(0.00 %),0,0,0,0,193239,0.0
20/12/2021,0,0,5.4(0.00 %),0,0,0,0,193239,0.0
21/12/2021,0,0,5.4(0.00 %),0,0,0,0,193239,0.0
22/12/2021,0,0,0(0.00 %),0,0,0,0,193239,0.0
23/12/2021,0,0,5.4(0.00 %),0,0,0,0,193239,39.29
24/12/2021,0,0,5.5(1.85 %),0,0,0,0,193239,39.29
27/12/2021,0,0,5.5(0.00 %),0,0,0,0,193239,39.29
28/12/2021,0,0,5.5(0.00 %),0,0,0,0,193239,0.0
29/12/2021,0,0,5.5(0.00 %),0,0,0,0,193239,39.29
30/12/2021,0,0,5.5(0.00 %),0,0,0,0,193239,39.29
31/12/2021,0,0,6.3(14.55 %),0,0,0,0,193239,39.29
04/01/2022,0,0,6.1(0.00 %),0,0,0,0,193239,39.29
05/01/2022,0,0,6.1(0.00 %),0,0,0,0,193239,39.29
06/01/2022,0,0,6.1(0.00 %),0,0,0,0,193239,39.29
07/01/2022,0,0,6.2(1.64 %),0,0,0,0,193239,39.29
10/01/2022,0,0,6.9(0.00 %),0,0,0,0,193239,39.29
11/01/2022,0,0,6.9(0.00 %),0,0,0,0,193239,39.29
12/01/2022,0,0,6.9(0.00 %),0,0,0,0,193239,39.29
13/01/2022,0,0,6.9(0.00 %),0,0,0,0,193239,39.29
14/01/2022,0,0,6.9(0.00 %),0,0,0,0,193239,39.29
17/01/2022,0,0,6.9(0.00 %),0,0,0,0,193239,39.29
18/01/2022,0,0,6.9(0.00 %),0,0,0,0,193239,39.29
19/01/2022,0,0,6.9(0.00 %),0,0,0,0,193239,39.29
20/01/2022,0,0,6.9(0.00 %),0,0,0,0,193239,39.29
21/01/2022,0,0,6.9(0.00 %),0,0,0,0,193239,39.29
24/01/2022,0,0,6.9(0.00 %),0,0,0,0,193239,39.29
25/01/2022,0,0,6.9(0.00 %),0,0,0,0,193239,39.29
26/01/2022,0,0,6.9(0.00 %),0,0,0,0,193239,39.29
27/01/2022,0,0,6.9(0.00 %),0,0,0,0,193239,39.29
28/01/2022,0,0,6.9(0.00 %),0,0,0,0,193239,39.29
07/02/2022,0,0,6.9(0.00 %),0,0,0,0,193239,39.29
08/02/2022,0,0,6.9(0.00 %),0,0,0,0,193239,39.29
09/02/2022,0,0,6.9(0.00 %),0,0,0,0,193239,39.29
10/02/2022,0,0,6.9(0.00 %),0,0,0,0,193239,39.29
11/02/2022,0,0,6.9(0.00 %),0,0,0,0,193239,39.29
14/02/2022,0,0,6.9(0.00 %),0,0,0,0,193239,39.29
15/02/2022,0,0,6.9(0.00 %),0,0,0,0,193239,39.29
16/02/2022,0,0,6.9(0.00 %),0,0,0,0,193239,39.29
17/02/2022,0,0,6.9(0.00 %),0,0,0,0,193239,39.29
18/02/2022,0,0,6.9(0.00 %),0,0,0,0,193239,39.29
21/02/2022,0,0,6.9(0.00 %),0,0,0,0,193239,39.29
22/02/2022,0,0,6.9(0.00 %),0,0,0,0,193239,39.29
23/02/2022,0,0,6.9(0.00 %),0,0,0,0,193239,39.29
24/02/2022,0,0,6.9(0.00 %),0,0,0,0,193239,39.29
25/02/2022,0,0,5.9(-14.49 %),0,0,0,0,193239,39.29
28/02/2022,0,0,5.9(0.00 %),0,0,0,0,193239,39.29
01/03/2022,0,0,5.9(0.00 %),0,0,0,0,193239,39.29
02/03/2022,0,0,5.9(0.00 %),0,0,0,0,193239,39.29
03/03/2022,0,0,5.9(0.00 %),0,0,0,0,193239,39.29
04/03/2022,0,0,5.9(0.00 %),0,0,0,0,193239,39.29
07/03/2022,0,0,5.9(0.00 %),0,0,0,0,193239,39.29
08/03/2022,0,0,5.9(0.00 %),0,0,0,0,193239,39.29
09/03/2022,0,0,5.9(0.00 %),0,0,0,0,193239,39.29
10/03/2022,0,0,5.9(0.00 %),0,0,0,0,193239,39.29
11/03/2022,0,0,5.9(0.00 %),0,0,0,0,193239,39.29
14/03/2022,0,0,5.9(0.00 %),0,0,0,0,193239,39.29
15/03/2022,0,0,5.9(0.00 %),0,0,0,0,193239,39.29
16/03/2022,0,0,5.9(0.00 %),0,0,0,0,193239,39.29
17/03/2022,0,0,5.9(0.00 %),0,0,0,0,193239,39.29
18/03/2022,0,0,5.9(0.00 %),0,0,0,0,193239,39.29
21/03/2022,0,0,5.9(0.00 %),0,0,0,0,193239,39.29
22/03/2022,0,0,5.9(0.00 %),0,0,0,0,193239,39.29
23/03/2022,0,0,5.9(0.00 %),0,0,0,0,193239,39.29
24/03/2022,0,0,5.9(0.00 %),0,0,0,0,193239,39.29
25/03/2022,0,0,5.9(0.00 %),0,0,0,0,193239,39.29
28/03/2022,0,0,5.9(0.00 %),0,0,0,0,193239,39.29
29/03/2022,0,0,5.9(0.00 %),0,0,0,0,193239,39.29
30/03/2022,0,0,5.9(0.00 %),0,0,0,0,193239,39.29
31/03/2022,0,0,5.9(0.00 %),0,0,0,0,193239,39.29
01/04/2022,0,0,5.9(0.00 %),0,0,0,0,193239,39.29
04/04/2022,0,0,5.9(0.00 %),0,0,0,0,193239,39.29
05/04/2022,0,0,5.9(0.00 %),0,0,0,0,193239,39.29
06/04/2022,0,0,5.9(0.00 %),0,0,0,0,193239,39.29
07/04/2022,0,0,5.9(0.00 %),0,0,0,0,193239,39.29
08/04/2022,0,0,5.9(0.00 %),0,0,0,0,193239,39.29
12/04/2022,0,0,5.9(0.00 %),0,0,0,0,193239,0.0
13/04/2022,0,0,5.9(0.00 %),0,0,0,0,193239,39.29
14/04/2022,0,0,5.9(0.00 %),0,0,0,0,193239,39.29
15/04/2022,0,0,0(0.00 %),0,0,0,0,193239,39.29
18/04/2022,0,0,5.9(0.00 %),0,0,0,0,193239,39.29
19/04/2022,0,0,5.9(0.00 %),0,0,0,0,193239,39.29
20/04/2022,0,0,5.9(0.00 %),0,0,0,0,193239,39.29
21/04/2022,0,0,5.9(0.00 %),0,0,0,0,193239,39.29
22/04/2022,0,0,5.9(0.00 %),0,0,0,0,193239,39.29
25/04/2022,0,0,5.9(0.00 %),0,0,0,0,193239,39.29
26/04/2022,0,0,5.9(0.00 %),0,0,0,0,193239,39.29
27/04/2022,0,0,5.9(0.00 %),0,0,0,0,193239,39.29
28/04/2022,0,0,5.9(0.00 %),0,0,0,0,193239,39.29
29/04/2022,0,0,5.9(0.00 %),0,0,0,0,193239,39.29
04/05/2022,0,0,5.9(0.00 %),0,0,0,0,193239,39.29
05/05/2022,0,0,5.9(0.00 %),0,0,0,0,193239,39.29
06/05/2022,0,0,5.9(0.00 %),0,0,0,0,193239,39.29
09/05/2022,0,0,5.9(0.00 %),0,0,0,0,193239,39.29
10/05/2022,0,0,5.9(0.00 %),0,0,0,0,193239,39.29
11/05/2022,0,0,5.9(0.00 %),0,0,0,0,193239,39.29
12/05/2022,0,0,5.9(0.00 %),0,0,0,0,193239,39.29
13/05/2022,0,0,5.9(0.00 %),0,0,0,0,193239,39.29
16/05/2022,0,0,5.9(0.00 %),0,0,0,0,193239,39.29
17/05/2022,0,0,5.9(0.00 %),0,0,0,0,193239,39.29
18/05/2022,0,0,5.9(0.00 %),0,0,0,0,193239,39.29
19/05/2022,0,0,5.9(0.00 %),0,0,0,0,193239,39.29
20/05/2022,0,0,5.9(0.00 %),0,0,0,0,193239,39.29
23/05/2022,0,0,5.9(0.00 %),0,0,0,0,193239,39.29
24/05/2022,0,0,5.9(0.00 %),0,0,0,0,193239,39.29
25/05/2022,0,0,5.9(0.00 %),0,0,0,0,193239,39.29
26/05/2022,0,0,5.9(0.00 %),0,0,0,0,193239,39.29
27/05/2022,0,0,5.9(0.00 %),0,0,0,0,193239,39.29
30/05/2022,0,0,5.9(0.00 %),0,0,0,0,193239,39.29
31/05/2022,0,0,5.9(0.00 %),0,0,0,0,193239,39.29
01/06/2022,0,0,5.9(0.00 %),0,0,0,0,193239,39.29
02/06/2022,0,0,5.9(0.00 %),0,0,0,0,193239,39.29
03/06/2022,0,0,5.9(0.00 %),0,0,0,0,193239,39.29
06/06/2022,0,0,5.9(0.00 %),0,0,0,0,193239,39.29
07/06/2022,0,0,5.9(0.00 %),0,0,0,0,193239,39.29
08/06/2022,0,0,5.9(0.00 %),0,0,0,0,193239,39.29
09/06/2022,0,0,5.9(0.00 %),0,0,0,0,193239,39.29
10/06/2022,0,0,5.9(0.00 %),0,0,0,0,193239,39.29
13/06/2022,0,0,5.9(0.00 %),0,0,0,0,193239,39.29
14/06/2022,0,0,5.9(0.00 %),0,0,0,0,193239,39.29
15/06/2022,0,0,5.9(0.00 %),0,0,0,0,193239,39.29
16/06/2022,0,0,5.9(0.00 %),0,0,0,0,193239,39.29
17/06/2022,0,0,5.9(0.00 %),0,0,0,0,193239,39.29
20/06/2022,0,0,5.9(0.00 %),0,0,0,0,193239,39.29
21/06/2022,0,0,5.9(0.00 %),0,0,0,0,193239,39.29
22/06/2022,0,0,5.9(0.00 %),0,0,0,0,193239,39.29
23/06/2022,0,0,5.9(0.00 %),0,0,0,0,193239,39.29
24/06/2022,0,0,5.9(0.00 %),0,0,0,0,193239,39.29
27/06/2022,0,0,5.9(0.00 %),0,0,0,0,193239,39.29
28/06/2022,0,0,5.9(0.00 %),0,0,0,0,193239,39.29
29/06/2022,0,0,5.9(0.00 %),0,0,0,0,193239,39.29
30/06/2022,0,0,5.9(0.00 %),0,0,0,0,193239,39.29
01/07/2022,0,0,5.9(0.00 %),0,0,0,0,193239,39.29
04/07/2022,0,0,5.9(0.00 %),0,0,0,0,193239,39.29
05/07/2022,0,0,5.9(0.00 %),0,0,0,0,193239,39.29
06/07/2022,0,0,5.9(0.00 %),0,0,0,0,193239,39.29
07/07/2022,0,0,5.9(0.00 %),0,0,0,0,193239,39.29
08/07/2022,0,0,5.9(0.00 %),0,0,0,0,193239,39.29
11/07/2022,0,0,5.9(0.00 %),0,0,0,0,193239,39.29
12/07/2022,0,0,5.9(0.00 %),0,0,0,0,193239,39.29
13/07/2022,0,0,5.9(0.00 %),0,0,0,0,193239,39.29
14/07/2022,0,0,5.9(0.00 %),0,0,0,0,193239,39.29
15/07/2022,0,0,5.9(0.00 %),0,0,0,0,193239,39.29
18/07/2022,0,0,5.9(0.00 %),0,0,0,0,193239,39.29
19/07/2022,0,0,5.9(0.00 %),0,0,0,0,193239,39.29
20/07/2022,0,0,5.9(0.00 %),0,0,0,0,193239,39.29
21/07/2022,0,0,5.9(0.00 %),0,0,0,0,193239,39.29
22/07/2022,0,0,5.9(0.00 %),0,0,0,0,193239,39.29
25/07/2022,0,0,5.9(0.00 %),0,0,0,0,193239,39.29
26/07/2022,0,0,5.9(0.00 %),0,0,0,0,193239,39.29
27/07/2022,0,0,5.9(0.00 %),0,0,0,0,193239,39.29
28/07/2022,0,0,5.9(0.00 %),0,0,0,0,193239,39.29
29/07/2022,0,0,5.9(0.00 %),0,0,0,0,193239,39.29
01/08/2022,0,0,5.9(0.00 %),0,0,0,0,193239,39.29
02/08/2022,0,0,5.9(0.00 %),0,0,0,0,193239,39.29
03/08/2022,0,0,5.9(0.00 %),0,0,0,0,193239,39.29
04/08/2022,0,0,5.9(0.00 %),0,0,0,0,193239,39.29
05/08/2022,0,0,5.9(0.00 %),0,0,0,0,193239,39.29
08/08/2022,0,0,5.9(0.00 %),0,0,0,0,193239,39.29
09/08/2022,0,0,5.9(0.00 %),0,0,0,0,193239,39.29
10/08/2022,0,0,5.9(0.00 %),0,0,0,0,193239,39.29
11/08/2022,0,0,5.9(0.00 %),0,0,0,0,193239,39.29
12/08/2022,0,0,5.9(0.00 %),0,0,0,0,193239,39.29
15/08/2022,0,0,5.9(0.00 %),0,0,0,0,193239,39.29
16/08/2022,0,0,5.9(0.00 %),0,0,0,0,193239,39.29
17/08/2022,0,0,5.9(0.00 %),0,0,0,0,193239,39.29
18/08/2022,0,0,5.9(0.00 %),0,0,0,0,193239,39.29
19/08/2022,0,0,5.9(0.00 %),0,0,0,0,193239,39.29
22/08/2022,0,0,5.9(0.00 %),0,0,0,0,193239,39.29
23/08/2022,0,0,5.9(0.00 %),0,0,0,0,193239,39.29
24/08/2022,0,0,5.9(0.00 %),0,0,0,0,193239,39.29
25/08/2022,0,0,5.9(0.00 %),0,0,0,0,193239,39.29
26/08/2022,0,0,5.9(0.00 %),0,0,0,0,193239,39.29
29/08/2022,0,0,5.9(0.00 %),0,0,0,0,193239,39.29
30/08/2022,0,0,5.9(0.00 %),0,0,0,0,193239,39.29
31/08/2022,0,0,5.9(0.00 %),0,0,0,0,193239,39.29
05/09/2022,0,0,5.9(0.00 %),0,0,0,0,193239,39.29
06/09/2022,0,0,5.9(0.00 %),0,0,0,0,193239,39.29
07/09/2022,0,0,5.9(0.00 %),0,0,0,0,193239,39.29
08/09/2022,0,0,5.9(0.00 %),0,0,0,0,193239,39.29
09/09/2022,0,0,5.9(0.00 %),0,0,0,0,193239,39.29
12/09/2022,0,0,5.9(0.00 %),0,0,0,0,193239,39.29
13/09/2022,0,0,5.9(0.00 %),0,0,0,0,193239,39.29
14/09/2022,0,0,5.9(0.00 %),0,0,0,0,193239,39.29
15/09/2022,0,0,5.9(0.00 %),0,0,0,0,0,39.29
16/09/2022,0,0,3.8(-35.59 %),0,0,0,0,193239,39.29
19/09/2022,0,0,3.8(0.00 %),0,0,0,0,193239,0.0
20/09/2022,0,0,3.8(0.00 %),0,0,0,0,193239,39.29
21/09/2022,0,0,3.8(0.00 %),0,0,0,0,193239,39.29
22/09/2022,0,0,3.8(0.00 %),0,0,0,0,193239,39.29
23/09/2022,0,0,3.8(0.00 %),0,0,0,0,193239,0.0
26/09/2022,0,0,3.8(0.00 %),0,0,0,0,193239,39.29
27/09/2022,0,0,3.8(0.00 %),0,0,0,0,193239,39.29
28/09/2022,0,0,3.8(0.00 %),0,0,0,0,193239,39.29
29/09/2022,0,0,3.8(0.00 %),0,0,0,0,193239,39.29
30/09/2022,0,0,3.8(0.00 %),0,0,0,0,193239,39.29
03/10/2022,0,0,3.8(0.00 %),0,0,0,0,193239,39.29
04/10/2022,0,0,3.8(0.00 %),0,0,0,0,193239,39.29
05/10/2022,0,0,3.8(0.00 %),0,0,0,0,193239,39.29
06/10/2022,0,0,3.8(0.00 %),0,0,0,0,193239,39.29
07/10/2022,0,0,3.8(0.00 %),0,0,0,0,193239,39.29
10/10/2022,0,0,3.8(0.00 %),0,0,0,0,193239,39.29
11/10/2022,0,0,3.8(0.00 %),0,0,0,0,193239,39.29
12/10/2022,0,0,3.8(0.00 %),0,0,0,0,193239,39.29
13/10/2022,0,0,3.8(0.00 %),0,0,0,0,193239,39.29
14/10/2022,0,0,3.8(0.00 %),0,0,0,0,193239,39.29
17/10/2022,0,0,3.8(0.00 %),0,0,0,0,193239,39.29
18/10/2022,0,0,3.8(0.00 %),0,0,0,0,193239,39.29
19/10/2022,0,0,3.8(0.00 %),0,0,0,0,193239,39.29
20/10/2022,0,0,3.8(0.00 %),0,0,0,0,193239,39.29
21/10/2022,0,0,3.8(0.00 %),0,0,0,0,193239,39.29
24/10/2022,0,0,3.8(0.00 %),0,0,0,0,193239,39.29
25/10/2022,0,0,3.8(0.00 %),0,0,0,0,193239,39.29
26/10/2022,0,0,0(0.00 %),0,0,0,0,193239,39.29
27/10/2022,0,0,3.8(0.00 %),0,0,0,0,193239,39.29
28/10/2022,0,0,3.8(0.00 %),0,0,0,0,193239,39.29
31/10/2022,0,0,3.8(0.00 %),0,0,0,0,193239,39.29
01/11/2022,0,0,3.8(0.00 %),0,0,0,0,193239,39.29
02/11/2022,0,0,3.8(0.00 %),0,0,0,0,193239,39.29
03/11/2022,0,0,3.8(0.00 %),0,0,0,0,193239,39.29
04/11/2022,0,0,3.8(0.00 %),0,0,0,0,193239,39.29
07/11/2022,0,0,3.8(0.00 %),0,0,0,0,193239,39.29
08/11/2022,0,0,3.8(0.00 %),0,0,0,0,193239,39.29
09/11/2022,0,0,3.8(0.00 %),0,0,0,0,193239,39.29
10/11/2022,0,0,3.8(0.00 %),0,0,0,0,193239,39.29
11/11/2022,0,0,3.8(0.00 %),0,0,0,0,193239,39.29
14/11/2022,0,0,3.8(0.00 %),0,0,0,0,193239,39.29
15/11/2022,0,0,3.8(0.00 %),0,0,0,0,193239,39.29
16/11/2022,0,0,3.8(0.00 %),0,0,0,0,193239,39.29
17/11/2022,0,0,3.8(0.00 %),0,0,0,0,193239,39.29
18/11/2022,0,0,3.8(0.00 %),0,0,0,0,193239,39.29
21/11/2022,0,0,3.8(0.00 %),0,0,0,0,193239,39.29
22/11/2022,0,0,3.8(0.00 %),0,0,0,0,193239,39.29
23/11/2022,0,0,3.8(0.00 %),0,0,0,0,193239,39.29
24/11/2022,0,0,3.8(0.00 %),0,0,0,0,193239,39.29
25/11/2022,0,0,3.8(0.00 %),0,0,0,0,193239,39.29
28/11/2022,0,0,3.8(0.00 %),0,0,0,0,193239,0.0
29/11/2022,0,0,3.8(0.00 %),0,0,0,0,193239,0.0
30/11/2022,0,0,3.8(0.00 %),0,0,0,0,193239,0.0
01/12/2022,0,0,3.8(0.00 %),0,0,0,0,193239,0.0
02/12/2022,0,0,3.8(0.00 %),0,0,0,0,193239,0.0
05/12/2022,0,0,3.8(0.00 %),0,0,0,0,193239,0.0
06/12/2022,0,0,3.8(0.00 %),0,0,0,0,193239,0.0
07/12/2022,0,0,3.8(0.00 %),0,0,0,0,193239,0.0
08/12/2022,0,0,3.8(0.00 %),0,0,0,0,193239,39.29
09/12/2022,0,0,3.3(-13.16 %),0,0,0,0,193239,39.29
12/12/2022,0,0,3.3(0.00 %),0,0,0,0,193239,0.0
13/12/2022,0,0,3.3(0.00 %),0,0,0,0,193239,0.0
14/12/2022,0,0,3.3(0.00 %),0,0,0,0,193239,0.0
15/12/2022,0,0,3.3(0.00 %),0,0,0,0,193239,0.0
16/12/2022,0,0,3.3(0.00 %),0,0,0,0,193239,0.0
19/12/2022,0,0,3.3(0.00 %),0,0,0,0,193239,0.0
20/12/2022,0,0,3.3(0.00 %),0,0,0,0,193239,0.0
21/12/2022,0,0,3.3(0.00 %),0,0,0,0,193239,0.0
22/12/2022,0,0,3.3(0.00 %),0,0,0,0,193239,0.0
23/12/2022,0,0,3.3(0.00 %),0,0,0,0,193239,0.0
26/12/2022,0,0,3.3(0.00 %),0,0,0,0,193239,0.0
27/12/2022,0,0,3.3(0.00 %),0,0,0,0,193239,0.0
28/12/2022,0,0,3.3(0.00 %),0,0,0,0,193239,39.29
29/12/2022,0,0,3.3(0.00 %),0,0,0,0,193239,39.29
30/12/2022,0,0,3.3(0.00 %),0,0,0,0,193239,39.29
03/01/2023,0,0,3.3(0.00 %),0,0,0,0,193239,0.0
04/01/2023,0,0,3.3(0.00 %),0,0,0,0,193239,39.29
05/01/2023,0,0,3.3(0.00 %),0,0,0,0,193239,39.29
06/01/2023,0,0,3.3(0.00 %),0,0,0,0,193239,39.29
09/01/2023,0,0,3.3(0.00 %),0,0,0,0,193239,39.29
10/01/2023,0,0,3.3(0.00 %),0,0,0,0,193239,39.29
11/01/2023,0,0,3.3(0.00 %),0,0,0,0,193239,39.29
12/01/2023,0,0,3.3(0.00 %),0,0,0,0,193239,39.29
13/01/2023,0,0,2.9(-12.12 %),0,0,0,0,193239,39.29
16/01/2023,0,0,2.9(0.00 %),0,0,0,0,193239,39.29
17/01/2023,0,0,2.9(0.00 %),0,0,0,0,193239,39.29
18/01/2023,0,0,2.9(0.00 %),0,0,0,0,193239,39.29
19/01/2023,0,0,2.9(0.00 %),0,0,0,0,193239,39.29
27/01/2023,0,0,2.9(0.00 %),0,0,0,0,193239,39.29
30/01/2023,0,0,2.9(0.00 %),0,0,0,0,193239,39.29
31/01/2023,0,0,2.9(0.00 %),0,0,0,0,193239,39.29
01/02/2023,0,0,2.9(0.00 %),0,0,0,0,193239,39.29
02/02/2023,0,0,2.9(0.00 %),0,0,0,0,193239,39.29
03/02/2023,0,0,2.9(0.00 %),0,0,0,0,193239,39.29
06/02/2023,0,0,2.9(0.00 %),0,0,0,0,193239,39.29
07/02/2023,0,0,2.9(0.00 %),0,0,0,0,193239,39.29
08/02/2023,0,0,2.9(0.00 %),0,0,0,0,193239,39.29
09/02/2023,0,0,2.9(0.00 %),0,0,0,0,193239,39.29
10/02/2023,0,0,2.5(-13.79 %),0,0,0,0,193239,39.29
13/02/2023,0,0,2.5(0.00 %),0,0,0,0,193239,39.29
14/02/2023,0,0,2.5(0.00 %),0,0,0,0,193239,39.29
15/02/2023,0,0,2.5(0.00 %),0,0,0,0,193239,39.29
16/02/2023,0,0,2.5(0.00 %),0,0,0,0,193239,39.29
17/02/2023,0,0,2.5(0.00 %),0,0,0,0,193239,39.29
20/02/2023,0,0,2.5(0.00 %),0,0,0,0,193239,39.29
21/02/2023,0,0,2.5(0.00 %),0,0,0,0,193239,39.29
22/02/2023,0,0,2.5(0.00 %),0,0,0,0,193239,39.29
23/02/2023,0,0,2.5(0.00 %),0,0,0,0,193239,39.29
24/02/2023,0,0,2.5(0.00 %),0,0,0,0,193239,0.0
27/02/2023,0,0,2.5(0.00 %),0,0,0,0,193239,39.29
28/02/2023,0,0,2.5(0.00 %),0,0,0,0,193239,39.29
01/03/2023,0,0,2.5(0.00 %),0,0,0,0,193239,39.29
02/03/2023,0,0,2.5(0.00 %),0,0,0,0,193239,39.29
03/03/2023,0,0,2.5(0.00 %),0,0,0,0,193239,39.29
06/03/2023,0,0,2.5(0.00 %),0,0,0,0,193239,39.29
07/03/2023,0,0,2.5(0.00 %),0,0,0,0,193239,39.29
08/03/2023,0,0,2.5(0.00 %),0,0,0,0,193239,39.29
09/03/2023,0,0,2.5(0.00 %),0,0,0,0,193239,39.29
10/03/2023,0,0,2.5(0.00 %),0,0,0,0,193239,39.29
13/03/2023,0,0,2.5(0.00 %),0,0,0,0,193239,0.0
14/03/2023,0,0,2.5(0.00 %),0,0,0,0,193239,39.29
15/03/2023,0,0,2.5(0.00 %),0,0,0,0,193239,39.29
16/03/2023,0,0,2.5(0.00 %),0,0,0,0,193239,39.29
17/03/2023,0,0,2.5(0.00 %),0,0,0,0,193239,39.29
20/03/2023,0,0,2.5(0.00 %),0,0,0,0,193239,39.29
21/03/2023,0,0,2.5(0.00 %),0,0,0,0,193239,39.29
22/03/2023,0,0,2.5(0.00 %),0,0,0,0,193239,39.29
23/03/2023,0,0,2.5(0.00 %),0,0,0,0,193239,39.29
24/03/2023,0,0,2.3(-8.00 %),0,0,0,0,193239,39.29
27/03/2023,0,0,2.3(0.00 %),0,0,0,0,193239,39.29
28/03/2023,0,0,2.3(0.00 %),0,0,0,0,193239,0.0
29/03/2023,0,0,2.3(0.00 %),0,0,0,0,193239,39.29
30/03/2023,0,0,2.3(0.00 %),0,0,0,0,193239,39.29
31/03/2023,0,0,2.3(0.00 %),0,0,0,0,193239,39.29
03/04/2023,0,0,2.3(0.00 %),0,0,0,0,193239,39.29
04/04/2023,0,0,2.3(0.00 %),0,0,0,0,193239,39.29
05/04/2023,0,0,2.3(0.00 %),0,0,0,0,193239,39.29
06/04/2023,0,0,2.3(0.00 %),0,0,0,0,193239,39.29
07/04/2023,0,0,2.3(0.00 %),0,0,0,0,193239,39.29
10/04/2023,0,0,2.3(0.00 %),0,0,0,0,193239,39.29
11/04/2023,0,0,2.3(0.00 %),0,0,0,0,193239,39.29
12/04/2023,0,0,2.3(0.00 %),0,0,0,0,193239,0.0
13/04/2023,0,0,2.3(0.00 %),0,0,0,0,193239,39.29
14/04/2023,0,0,2.3(0.00 %),0,0,0,0,193239,39.29
17/04/2023,0,0,2.3(0.00 %),0,0,0,0,193239,39.29
18/04/2023,0,0,2.3(0.00 %),0,0,0,0,193239,39.29
19/04/2023,0,0,2.3(0.00 %),0,0,0,0,193239,39.29
20/04/2023,0,0,2.3(0.00 %),0,0,0,0,193239,0.0
21/04/2023,0,0,2.3(0.00 %),0,0,0,0,193239,39.29
24/04/2023,0,0,2.3(0.00 %),0,0,0,0,193239,39.29
25/04/2023,0,0,2.3(0.00 %),0,0,0,0,193239,39.29
26/04/2023,0,0,2.3(0.00 %),0,0,0,0,193239,39.29
27/04/2023,0,0,2.3(0.00 %),0,0,0,0,193239,0.0
28/04/2023,0,0,2.6(13.04 %),0,0,0,0,193239,0.0
04/05/2023,0,0,2.4(0.00 %),0,0,0,0,193239,0.0
05/05/2023,0,0,2.4(0.00 %),0,0,0,0,193239,39.29
08/05/2023,0,0,2.4(0.00 %),0,0,0,0,193239,39.29
09/05/2023,0,0,2.4(0.00 %),0,0,0,0,193239,39.29
10/05/2023,0,0,2.4(0.00 %),0,0,0,0,193239,0.0
11/05/2023,0,0,2.4(0.00 %),0,0,0,0,193239,0.0
12/05/2023,0,0,2.5(4.17 %),0,0,0,0,193239,39.29
15/05/2023,0,0,2.5(0.00 %),0,0,0,0,193239,0.0
16/05/2023,0,0,2.5(0.00 %),0,0,0,0,193239,0.0
17/05/2023,0,0,2.5(0.00 %),0,0,0,0,193239,0.0
18/05/2023,0,0,2.5(0.00 %),0,0,0,0,193239,0.0
19/05/2023,0,0,2.5(0.00 %),0,0,0,0,193239,0.0
22/05/2023,0,0,2.5(0.00 %),0,0,0,0,193239,0.0
23/05/2023,0,0,2.5(0.00 %),0,0,0,0,193239,0.0
24/05/2023,0,0,2.5(0.00 %),0,0,0,0,193239,0.0
25/05/2023,0,0,2.5(0.00 %),0,0,0,0,193239,0.0
26/05/2023,0,0,2.5(0.00 %),0,0,0,0,193239,0.0
29/05/2023,0,0,2.5(0.00 %),0,0,0,0,193239,0.0
30/05/2023,0,0,2.5(0.00 %),0,0,0,0,193239,0.0
31/05/2023,0,0,2.5(0.00 %),0,0,0,0,193239,0.0
01/06/2023,0,0,2.5(0.00 %),0,0,0,0,193239,0.0
02/06/2023,0,0,2.5(0.00 %),0,0,0,0,193239,0.0
05/06/2023,0,0,2.5(0.00 %),0,0,0,0,193239,0.0
06/06/2023,0,0,2.5(0.00 %),0,0,0,0,193239,0.0
07/06/2023,0,0,2.5(0.00 %),0,0,0,0,193239,0.0
08/06/2023,0,0,2.5(0.00 %),0,0,0,0,193239,0.0
09/06/2023,0,0,2.6(4.00 %),0,0,0,0,193239,0.0
12/06/2023,0,0,2.6(0.00 %),0,0,0,0,193239,0.0
13/06/2023,0,0,2.6(0.00 %),0,0,0,0,193239,0.0
14/06/2023,0,0,2.6(0.00 %),0,0,0,0,193239,0.0
15/06/2023,0,0,2.6(0.00 %),0,0,0,0,193239,0.0
16/06/2023,0,0,2.6(0.00 %),0,0,0,0,193239,39.29
19/06/2023,0,0,2.6(0.00 %),0,0,0,0,193239,39.29
20/06/2023,0,0,2.6(0.00 %),0,0,0,0,193239,39.29
21/06/2023,0,0,2.6(0.00 %),0,0,0,0,193239,39.29
22/06/2023,0,0,2.6(0.00 %),0,0,0,0,193239,0.0
23/06/2023,0,0,2.6(0.00 %),0,0,0,0,193239,39.29
26/06/2023,0,0,2.6(0.00 %),0,0,0,0,193239,39.29
27/06/2023,0,0,2.6(0.00 %),0,0,0,0,193239,39.29
28/06/2023,0,0,2.6(0.00 %),0,0,0,0,193239,39.29
29/06/2023,0,0,2.6(0.00 %),0,0,0,0,193239,39.29
30/06/2023,0,0,2.6(0.00 %),0,0,0,0,193239,39.29
03/07/2023,0,0,2.6(0.00 %),0,0,0,0,193239,39.29
04/07/2023,0,0,2.6(0.00 %),0,0,0,0,193239,39.29
05/07/2023,0,0,2.6(0.00 %),0,0,0,0,193239,39.29
06/07/2023,0,0,2.6(0.00 %),0,0,0,0,193239,39.29
07/07/2023,0,0,2.6(0.00 %),0,0,0,0,193239,39.29
10/07/2023,0,0,2.6(0.00 %),0,0,0,0,193239,39.29
11/07/2023,0,0,2.6(0.00 %),0,0,0,0,193239,39.29
12/07/2023,0,0,2.6(0.00 %),0,0,0,0,193239,39.29
13/07/2023,0,0,2.6(0.00 %),0,0,0,0,193239,39.29
14/07/2023,0,0,2.3(-11.54 %),0,0,0,0,193239,39.29
17/07/2023,0,0,2.3(0.00 %),0,0,0,0,193239,39.29
18/07/2023,0,0,2.3(0.00 %),0,0,0,0,193239,39.29
19/07/2023,0,0,2.3(0.00 %),0,0,0,0,193239,39.29
20/07/2023,0,0,2.3(0.00 %),0,0,0,0,193239,39.29
21/07/2023,0,0,2.3(0.00 %),0,0,0,0,193239,39.29
24/07/2023,0,0,2.3(0.00 %),0,0,0,0,193239,39.29
25/07/2023,0,0,2.3(0.00 %),0,0,0,0,193239,39.29
26/07/2023,0,0,2.3(0.00 %),0,0,0,0,193239,0.0
27/07/2023,0,0,2.3(0.00 %),0,0,0,0,193239,0.0
28/07/2023,0,0,2.3(0.00 %),0,0,0,0,193239,0.0
31/07/2023,0,0,2.2(0.00 %),0,0,0,0,193239,39.29
01/08/2023,0,0,0(0.00 %),0,0,0,0,193239,39.29
02/08/2023,0,0,2.2(0.00 %),0,0,0,0,193239,39.29
03/08/2023,0,0,2.2(0.00 %),0,0,0,0,193239,39.29
04/08/2023,0,0,2.2(0.00 %),0,0,0,0,193239,39.29
07/08/2023,0,0,2.2(0.00 %),0,0,0,0,193239,0.0
08/08/2023,0,0,2.2(0.00 %),0,0,0,0,193239,0.0
09/08/2023,0,0,2.2(0.00 %),0,0,0,0,193239,0.0
10/08/2023,0,0,2.2(0.00 %),0,0,0,0,193239,0.0
11/08/2023,0,0,2.2(0.00 %),0,0,0,0,193239,0.0
14/08/2023,0,0,2.2(0.00 %),0,0,0,0,193239,39.29
15/08/2023,0,0,2.2(0.00 %),0,0,0,0,193239,39.29
16/08/2023,0,0,2.2(0.00 %),0,0,0,0,193239,39.29
17/08/2023,0,0,2.2(0.00 %),0,0,0,0,193239,39.29
18/08/2023,0,0,2.5(13.64 %),0,0,0,0,193239,39.29
21/08/2023,0,0,2.4(0.00 %),0,0,0,0,193239,39.29
22/08/2023,0,0,2.4(0.00 %),0,0,0,0,193239,39.29
23/08/2023,0,0,2.4(0.00 %),0,0,0,0,193239,39.29
24/08/2023,0,0,2.4(0.00 %),0,0,0,0,193239,39.29
25/08/2023,0,0,2.4(0.00 %),0,0,0,0,193239,39.29
28/08/2023,0,0,2.4(0.00 %),0,0,0,0,193239,39.29
29/08/2023,0,0,2.4(0.00 %),0,0,0,0,193239,39.29
30/08/2023,0,0,2.4(0.00 %),0,0,0,0,193239,39.29
31/08/2023,0,0,2.4(0.00 %),0,0,0,0,193239,39.29
05/09/2023,0,0,2.4(0.00 %),0,0,0,0,193239,39.29
06/09/2023,0,0,2.4(0.00 %),0,0,0,0,193239,0.0
07/09/2023,0,0,2.4(0.00 %),0,0,0,0,193239,39.29
08/09/2023,0,0,2.4(0.00 %),0,0,0,0,193239,39.29
11/09/2023,0,0,2.4(0.00 %),0,0,0,0,193239,39.29
12/09/2023,0,0,2.4(0.00 %),0,0,0,0,193239,39.29
13/09/2023,0,0,2.4(0.00 %),0,0,0,0,193239,39.29
14/09/2023,0,0,2.4(0.00 %),0,0,0,0,193239,39.29
15/09/2023,0,0,2.4(0.00 %),0,0,0,0,193239,39.29
18/09/2023,0,0,2.4(0.00 %),0,0,0,0,193239,0.0
19/09/2023,0,0,2.4(0.00 %),0,0,0,0,193239,0.0
20/09/2023,0,0,2.4(0.00 %),0,0,0,0,193239,0.0
21/09/2023,0,0,2.4(0.00 %),0,0,0,0,193239,0.0
22/09/2023,0,0,2.7(12.50 %),0,0,0,0,193239,39.29
25/09/2023,0,0,2.4(0.00 %),0,0,0,0,193239,39.29
26/09/2023,0,0,2.4(0.00 %),0,0,0,0,193239,39.29
27/09/2023,0,0,2.4(0.00 %),0,0,0,0,193239,0.0
28/09/2023,0,0,2.4(0.00 %),0,0,0,0,193239,0.0
29/09/2023,0,0,2.4(0.00 %),0,0,0,0,193239,39.29
02/10/2023,0,0,2.4(0.00 %),0,0,0,0,193239,39.29
03/10/2023,0,0,2.4(0.00 %),0,0,0,0,193239,39.29
04/10/2023,0,0,2.4(0.00 %),0,0,0,0,193239,39.29
05/10/2023,0,0,2.4(0.00 %),0,0,0,0,193239,39.29
06/10/2023,0,0,2.7(12.50 %),0,0,0,0,193239,39.29
09/10/2023,0,0,2.4(0.00 %),0,0,0,0,193239,39.29
10/10/2023,0,0,2.4(0.00 %),0,0,0,0,193239,39.29
11/10/2023,0,0,2.4(0.00 %),0,0,0,0,193239,39.29
12/10/2023,0,0,2.4(0.00 %),0,0,0,0,193239,39.29
13/10/2023,0,0,2.1(-12.50 %),0,0,0,0,193239,39.29
16/10/2023,0,0,2.1(0.00 %),0,0,0,0,193239,39.29
17/10/2023,0,0,2.1(0.00 %),0,0,0,0,193239,39.29
18/10/2023,0,0,2.1(0.00 %),0,0,0,0,193239,39.29
19/10/2023,0,0,2.1(0.00 %),0,0,0,0,193239,39.29
20/10/2023,0,0,2.2(4.76 %),0,0,0,0,193239,39.29
23/10/2023,0,0,2.1(0.00 %),0,0,0,0,193239,39.29
24/10/2023,0,0,2.1(0.00 %),0,0,0,0,193239,0.0
25/10/2023,0,0,2.1(0.00 %),0,0,0,0,193239,39.29
26/10/2023,0,0,2.1(0.00 %),0,0,0,0,193239,39.29
27/10/2023,0,0,2.2(4.76 %),0,0,0,0,193239,39.29
30/10/2023,0,0,2.1(0.00 %),0,0,0,0,193239,39.29
31/10/2023,0,0,2.1(0.00 %),0,0,0,0,193239,39.29
01/11/2023,0,0,2.1(0.00 %),0,0,0,0,193239,39.29
02/11/2023,0,0,2.1(0.00 %),0,0,0,0,193239,39.29
03/11/2023,0,0,2.4(14.29 %),0,0,0,0,193239,39.29
06/11/2023,0,0,2.2(0.00 %),0,0,0,0,193239,39.29
07/11/2023,0,0,2.2(0.00 %),0,0,0,0,193239,0.0
08/11/2023,0,0,2.2(0.00 %),0,0,0,0,193239,39.29
09/11/2023,0,0,2.2(0.00 %),0,0,0,0,193239,39.29
10/11/2023,0,0,2.5(13.64 %),0,0,0,0,193239,39.29
13/11/2023,0,0,2.5(0.00 %),0,0,0,0,193239,39.29
14/11/2023,0,0,2.5(0.00 %),0,0,0,0,193239,39.29
15/11/2023,0,0,2.5(0.00 %),0,0,0,0,1932,39.29
16/11/2023,0,0,2.5(0.00 %),0,0,0,0,1932,2.11
17/11/2023,0,0,2.3(-8.00 %),0,0,0,0,193239,39.29
20/11/2023,0,0,2.3(0.00 %),0,0,0,0,193239,39.29
21/11/2023,0,0,2.3(0.00 %),0,0,0,0,193239,39.29
22/11/2023,0,0,2.3(0.00 %),0,0,0,0,193239,39.29
23/11/2023,0,0,2.3(0.00 %),0,0,0,0,193239,0.0
24/11/2023,0,0,2.3(0.00 %),0,0,0,0,193239,0.0
27/11/2023,0,0,2.3(0.00 %),0,0,0,0,193239,0.0
28/11/2023,0,0,2.3(0.00 %),0,0,0,0,193239,0.0
29/11/2023,0,0,2.3(0.00 %),0,0,0,0,193239,0.0
30/11/2023,0,0,2.3(0.00 %),0,0,0,0,193239,0.0
01/12/2023,0,0,2.6(13.04 %),0,0,0,0,193239,0.0
04/12/2023,0,0,2.6(0.00 %),0,0,0,0,193239,0.0
05/12/2023,0,0,2.6(0.00 %),0,0,0,0,193239,0.0
06/12/2023,0,0,2.6(0.00 %),0,0,0,0,193239,0.0
07/12/2023,0,0,2.6(0.00 %),0,0,0,0,193239,0.0
08/12/2023,0,0,2.6(0.00 %),0,0,0,0,193239,0.0
11/12/2023,0,0,2.6(0.00 %),0,0,0,0,193239,0.0
12/12/2023,0,0,2.6(0.00 %),0,0,0,0,193239,0.0
13/12/2023,0,0,2.6(0.00 %),0,0,0,0,193239,0.0
14/12/2023,0,0,2.6(0.00 %),0,0,0,0,193239,0.0
15/12/2023,0,0,2.6(0.00 %),0,0,0,0,193239,0.0
18/12/2023,0,0,2.6(0.00 %),0,0,0,0,193239,0.0
19/12/2023,0,0,2.6(0.00 %),0,0,0,0,193239,0.0
20/12/2023,0,0,2.6(0.00 %),0,0,0,0,193239,0.0
21/12/2023,0,0,2.6(0.00 %),0,0,0,0,193239,0.0
22/12/2023,0,0,2.6(0.00 %),0,0,0,0,193239,0.0
25/12/2023,0,0,2.6(0.00 %),0,0,0,0,193239,0.0
26/12/2023,0,0,2.6(0.00 %),0,0,0,0,193239,39.29
27/12/2023,0,0,2.6(0.00 %),0,0,0,0,193239,0.0
28/12/2023,0,0,2.6(0.00 %),0,0,0,0,193239,0.0
29/12/2023,0,0,2.6(0.00 %),0,0,0,0,193239,39.29
02/01/2024,0,0,2.6(0.00 %),0,0,0,0,193239,39.29
03/01/2024,0,0,2.6(0.00 %),0,0,0,0,193239,0.0
04/01/2024,0,0,2.6(0.00 %),0,0,0,0,193239,0.0
05/01/2024,0,0,2.6(0.00 %),0,0,0,0,193239,0.0
08/01/2024,0,0,2.6(0.00 %),0,0,0,0,193239,0.0
09/01/2024,0,0,2.6(0.00 %),0,0,0,0,193239,39.29
10/01/2024,0,0,2.6(0.00 %),0,0,0,0,193239,39.29
11/01/2024,0,0,2.6(0.00 %),0,0,0,0,193239,39.29
12/01/2024,0,0,2.6(0.00 %),0,0,0,0,193239,0.0
15/01/2024,0,0,2.6(0.00 %),0,0,0,0,193239,39.29
16/01/2024,0,0,2.6(0.00 %),0,0,0,0,193239,39.29
17/01/2024,0,0,2.6(0.00 %),0,0,0,0,193239,39.29
18/01/2024,0,0,2.6(0.00 %),0,0,0,0,193239,0.0
19/01/2024,0,0,2.6(0.00 %),0,0,0,0,193239,0.0
22/01/2024,0,0,2.6(0.00 %),0,0,0,0,193239,0.0
23/01/2024,0,0,2.6(0.00 %),0,0,0,0,193239,0.0
24/01/2024,0,0,2.6(0.00 %),0,0,0,0,193239,0.0
25/01/2024,0,0,2.6(0.00 %),0,0,0,0,193239,0.0
26/01/2024,0,0,2.6(0.00 %),0,0,0,0,193239,0.0
29/01/2024,0,0,2.6(0.00 %),0,0,0,0,193239,39.29
30/01/2024,0,0,2.6(0.00 %),0,0,0,0,193239,39.29
31/01/2024,0,0,2.6(0.00 %),0,0,0,0,193239,39.29
01/02/2024,0,0,2.6(0.00 %),0,0,0,0,193239,0.0
02/02/2024,0,0,2.6(0.00 %),0,0,0,0,193239,39.29
05/02/2024,0,0,2.6(0.00 %),0,0,0,0,193239,0.0
06/02/2024,0,0,2.6(0.00 %),0,0,0,0,193239,39.29
07/02/2024,0,0,2.6(0.00 %),0,0,0,0,193239,39.29
15/02/2024,0,0,2.6(0.00 %),0,0,0,0,193239,39.29
16/02/2024,0,0,2.6(0.00 %),0,0,0,0,193239,39.29
19/02/2024,0,0,2.6(0.00 %),0,0,0,0,193239,39.29
20/02/2024,0,0,2.6(0.00 %),0,0,0,0,193239,39.29
21/02/2024,0,0,2.6(0.00 %),0,0,0,0,193239,39.29
22/02/2024,0,0,2.6(0.00 %),0,0,0,0,193239,39.29
23/02/2024,0,0,2.6(0.00 %),0,0,0,0,193239,0.0
26/02/2024,0,0,2.6(0.00 %),0,0,0,0,193239,39.29
27/02/2024,0,0,2.6(0.00 %),0,0,0,0,193239,0.0
28/02/2024,0,0,2.6(0.00 %),0,0,0,0,193239,0.0
29/02/2024,0,0,2.6(0.00 %),0,0,0,0,193239,39.29
01/03/2024,0,0,2.6(0.00 %),0,0,0,0,193239,0.0
04/03/2024,0,0,2.6(0.00 %),0,0,0,0,193239,0.0
05/03/2024,0,0,2.6(0.00 %),0,0,0,0,193239,39.29
06/03/2024,0,0,2.6(0.00 %),0,0,0,0,193239,0.0
07/03/2024,0,0,2.6(0.00 %),0,0,0,0,193239,0.0
08/03/2024,0,0,2.6(0.00 %),0,0,0,0,193239,0.0
11/03/2024,0,0,2.6(0.00 %),0,0,0,0,193239,0.0
12/03/2024,0,0,2.6(0.00 %),0,0,0,0,193239,39.29
13/03/2024,0,0,2.6(0.00 %),0,0,0,0,193239,39.29
14/03/2024,0,0,2.6(0.00 %),0,0,0,0,193239,0.0
15/03/2024,0,0,2.6(0.00 %),0,0,0,0,193239,0.0
18/03/2024,0,0,2.6(0.00 %),0,0,0,0,193239,39.29
19/03/2024,0,0,2.6(0.00 %),0,0,0,0,193239,39.29
20/03/2024,0,0,2.6(0.00 %),0,0,0,0,193239,0.0
21/03/2024,0,0,2.6(0.00 %),0,0,0,0,193239,0.0
22/03/2024,0,0,2.9(11.54 %),0,0,0,0,193239,0.0
25/03/2024,0,0,2.9(0.00 %),0,0,0,0,193239,39.29
26/03/2024,0,0,2.9(0.00 %),0,0,0,0,193239,0.0
27/03/2024,0,0,2.9(0.00 %),0,0,0,0,193239,39.29
28/03/2024,0,0,2.9(0.00 %),0,0,0,0,193239,39.29
29/03/2024,0,0,3.3(13.79 %),0,0,0,0,193239,39.29
01/04/2024,0,0,3.3(0.00 %),0,0,0,0,193239,39.29
02/04/2024,0,0,3.3(0.00 %),0,0,0,0,193239,0.0
03/04/2024,0,0,3.3(0.00 %),0,0,0,0,193239,39.29
04/04/2024,0,0,3.3(0.00 %),0,0,0,0,193239,0.0
05/04/2024,0,0,3.3(0.00 %),0,0,0,0,193239,39.29
08/04/2024,0,0,3.3(0.00 %),0,0,0,0,193239,0.0
09/04/2024,0,0,3.3(0.00 %),0,0,0,0,193239,0.0
10/04/2024,0,0,3.3(0.00 %),0,0,0,0,193239,0.0
11/04/2024,0,0,3.3(0.00 %),0,0,0,0,193239,39.29
12/04/2024,0,0,3.3(0.00 %),0,0,0,0,193239,39.29
15/04/2024,0,0,3.3(0.00 %),0,0,0,0,193239,0.0
16/04/2024,0,0,3.3(0.00 %),0,0,0,0,193239,0.0
17/04/2024,0,0,3.3(0.00 %),0,0,0,0,193239,0.0
19/04/2024,0,0,3.3(0.00 %),0,0,0,0,193239,0.0
22/04/2024,0,0,3.3(0.00 %),0,0,0,0,193239,39.29
23/04/2024,0,0,3.3(0.00 %),0,0,0,0,193239,39.29
24/04/2024,0,0,3.3(0.00 %),0,0,0,0,193239,0.0
25/04/2024,0,0,3.3(0.00 %),0,0,0,0,193239,0.0
26/04/2024,0,0,3.7(12.12 %),0,0,0,0,193239,39.29
02/05/2024,0,0,3.7(0.00 %),0,0,0,0,193239,39.29
03/05/2024,0,0,3.7(0.00 %),0,0,0,0,193239,39.29
06/05/2024,0,0,3.7(0.00 %),0,0,0,0,193239,39.29
07/05/2024,0,0,3.7(0.00 %),0,0,0,0,193239,39.29
08/05/2024,0,0,3.7(0.00 %),0,0,0,0,193239,39.29
09/05/2024,0,0,3.7(0.00 %),0,0,0,0,193239,39.29
10/05/2024,0,0,4.2(13.51 %),0,0,0,0,193239,39.29
13/05/2024,0,0,4.1(0.00 %),0,0,0,0,193239,39.29
14/05/2024,0,0,4.1(0.00 %),0,0,0,0,193239,0.0
15/05/2024,0,0,4.1(0.00 %),0,0,0,0,193239,0.0
16/05/2024,0,0,4.1(0.00 %),0,0,0,0,193239,0.0
17/05/2024,0,0,4.1(0.00 %),0,0,0,0,193239,39.29
20/05/2024,0,0,4.1(0.00 %),0,0,0,0,193239,39.29
21/05/2024,0,0,4.1(0.00 %),0,0,0,0,193239,39.29
22/05/2024,0,0,4.1(0.00 %),0,0,0,0,193239,39.29
23/05/2024,0,0,4.1(0.00 %),0,0,0,0,193239,39.29
24/05/2024,0,0,4.1(0.00 %),0,0,0,0,193239,0.0
27/05/2024,0,0,4.1(0.00 %),0,0,0,0,193239,39.29
28/05/2024,0,0,4.1(0.00 %),0,0,0,0,193239,39.29
29/05/2024,0,0,4.1(0.00 %),0,0,0,0,193239,39.29
30/05/2024,0,0,4.1(0.00 %),0,0,0,0,193239,39.29
31/05/2024,0,0,4.1(0.00 %),0,0,0,0,193239,39.29
03/06/2024,0,0,4.1(0.00 %),0,0,0,0,193239,0.0
04/06/2024,0,0,4.1(0.00 %),0,0,0,0,193239,0.0
05/06/2024,0,0,4.1(0.00 %),0,0,0,0,193239,0.0
06/06/2024,0,0,4.1(0.00 %),0,0,0,0,193239,39.29
07/06/2024,0,0,4.1(0.00 %),0,0,0,0,193239,39.29
10/06/2024,0,0,4.1(0.00 %),0,0,0,0,193239,0.0
11/06/2024,0,0,4.1(0.00 %),0,0,0,0,193239,0.0
12/06/2024,0,0,4.1(0.00 %),0,0,0,0,193239,39.29
13/06/2024,0,0,4.1(0.00 %),0,0,0,0,193239,39.29
14/06/2024,50000,200000000,4.2(2.44 %),50000,200000000,0,0,143239,41.8
17/06/2024,0,0,4.1(0.00 %),0,0,0,0,143239,41.8
18/06/2024,0,0,4.1(0.00 %),0,0,0,0,143239,41.8
19/06/2024,0,0,4.1(0.00 %),0,0,0,0,143239,41.8
20/06/2024,0,0,4.1(0.00 %),0,0,0,0,143239,41.8
21/06/2024,0,0,4.1(0.00 %),0,0,0,0,143239,41.8
24/06/2024,0,0,4.1(0.00 %),0,0,0,0,143239,41.8
25/06/2024,0,0,4.1(0.00 %),0,0,0,0,143239,41.8
26/06/2024,0,0,4.1(0.00 %),0,0,0,0,143239,41.8
27/06/2024,0,0,4.1(0.00 %),0,0,0,0,143239,41.8
28/06/2024,50000,200000000,4.2(2.44 %),50000,200000000,0,0,93239,44.32
03/07/2024,0,0,4.1(0.00 %),0,0,0,0,93239,0.0
04/07/2024,0,0,4.1(0.00 %),0,0,0,0,93239,0.0
05/07/2024,0,0,4.1(0.00 %),0,0,0,0,93239,0.0
08/07/2024,0,0,4.1(0.00 %),0,0,0,0,93239,0.0
09/07/2024,0,0,4.1(0.00 %),0,0,0,0,93239,0.0
10/07/2024,0,0,4.1(0.00 %),0,0,0,0,93239,0.0
11/07/2024,0,0,4.1(0.00 %),0,0,0,0,93239,0.0
12/07/2024,85200,298200000,4.2(2.44 %),85200,298200000,0,0,8039,0.0
15/07/2024,0,0,4.1(0.00 %),0,0,0,0,8039,0.0
16/07/2024,0,0,4.1(0.00 %),0,0,0,0,8039,0.0
17/07/2024,0,0,4.1(0.00 %),0,0,0,0,8039,0.0
18/07/2024,0,0,4.1(0.00 %),0,0,0,0,8039,0.0
19/07/2024,0,0,4.1(0.00 %),0,0,0,0,8039,0.0
22/07/2024,0,0,4.1(0.00 %),0,0,0,0,8039,0.0
23/07/2024,0,0,4.1(0.00 %),0,0,0,0,8039,0.0
24/07/2024,0,0,4.1(0.00 %),0,0,0,0,8039,0.0
25/07/2024,0,0,4.1(0.00 %),0,0,0,0,8039,0.0
26/07/2024,0,0,4.1(0.00 %),0,0,0,0,8039,0.0
29/07/2024,0,0,4.1(0.00 %),0,0,0,0,8039,0.0
30/07/2024,0,0,4.1(0.00 %),0,0,0,0,8039,0.0
31/07/2024,0,0,4.1(0.00 %),0,0,0,0,8039,0.0
01/08/2024,0,0,4.1(0.00 %),0,0,0,0,8039,0.0
02/08/2024,0,0,4.1(0.00 %),0,0,0,0,8039,0.0
05/08/2024,0,0,4.1(0.00 %),0,0,0,0,8039,0.0
06/08/2024,0,0,4.1(0.00 %),0,0,0,0,8039,0.0
07/08/2024,0,0,4.1(0.00 %),0,0,0,0,8039,0.0
08/08/2024,0,0,4.1(0.00 %),0,0,0,0,8039,0.0
09/08/2024,0,0,4.1(0.00 %),0,0,0,0,8039,0.0
12/08/2024,0,0,4.1(0.00 %),0,0,0,0,8039,0.0
13/08/2024,0,0,4.1(0.00 %),0,0,0,0,8039,0.0
14/08/2024,0,0,4.1(0.00 %),0,0,0,0,8039,0.0
15/08/2024,0,0,4.1(0.00 %),0,0,0,0,8039,0.0
16/08/2024,0,0,4.2(2.44 %),0,0,0,0,8039,0.0
19/08/2024,0,0,4.1(0.00 %),0,0,0,0,8039,0.0
20/08/2024,0,0,4.1(0.00 %),0,0,0,0,8039,0.0
21/08/2024,0,0,4.1(0.00 %),0,0,0,0,8039,0.0
22/08/2024,0,0,4.1(0.00 %),0,0,0,0,8039,0.0
23/08/2024,0,0,4.6(12.20 %),0,0,0,0,8039,0.0
26/08/2024,0,0,4.6(0.00 %),0,0,0,0,8039,0.0
27/08/2024,0,0,4.6(0.00 %),0,0,0,0,8039,0.0
28/08/2024,0,0,4.6(0.00 %),0,0,0,0,8039,0.0
29/08/2024,0,0,4.6(0.00 %),0,0,0,0,8039,0.0
30/08/2024,0,0,4.6(0.00 %),0,0,0,0,8039,0.0
04/09/2024,0,0,4.6(0.00 %),0,0,0,0,8039,0.0
05/09/2024,0,0,4.6(0.00 %),0,0,0,0,8039,0.0
06/09/2024,0,0,4.6(0.00 %),0,0,0,0,8039,0.0
09/09/2024,0,0,4.6(0.00 %),0,0,0,0,8039,0.0
10/09/2024,0,0,4.6(0.00 %),0,0,0,0,8039,0.0
11/09/2024,0,0,4.6(0.00 %),0,0,0,0,8039,0.0
12/09/2024,0,0,4.6(0.00 %),0,0,0,0,8039,0.0
13/09/2024,0,0,4.6(0.00 %),0,0,0,0,8039,0.0
16/09/2024,0,0,4.6(0.00 %),0,0,0,0,8039,0.0
17/09/2024,0,0,4.6(0.00 %),0,0,0,0,8039,0.0
18/09/2024,0,0,4.6(0.00 %),0,0,0,0,8039,0.0
19/09/2024,0,0,4.6(0.00 %),0,0,0,0,8039,0.0
20/09/2024,0,0,4(-13.04 %),0,0,0,0,8039,0.0
23/09/2024,0,0,4(0.00 %),0,0,0,0,8039,0.0
24/09/2024,0,0,4(0.00 %),0,0,0,0,8039,0.0
25/09/2024,0,0,4(0.00 %),0,0,0,0,8039,0.0
26/09/2024,0,0,4(0.00 %),0,0,0,0,8039,0.0
27/09/2024,0,0,3.4(-15.00 %),0,0,0,0,8039,0.0
30/09/2024,0,0,3.4(0.00 %),0,0,0,0,8039,0.0
01/10/2024,0,0,3.4(0.00 %),0,0,0,0,8039,0.0
02/10/2024,0,0,3.4(0.00 %),0,0,0,0,8039,0.0
03/10/2024,0,0,3.4(0.00 %),0,0,0,0,8039,0.0
04/10/2024,0,0,3.4(0.00 %),0,0,0,0,8039,0.0
07/10/2024,0,0,3.4(0.00 %),0,0,0,0,8039,0.0
08/10/2024,0,0,3.4(0.00 %),0,0,0,0,8039,0.0
09/10/2024,0,0,3.4(0.00 %),0,0,0,0,8039,0.0
10/10/2024,0,0,3.4(0.00 %),0,0,0,0,8039,0.0
11/10/2024,0,0,3.4(0.00 %),0,0,0,0,8039,0.0
14/10/2024,0,0,3.4(0.00 %),0,0,0,0,8039,0.0
15/10/2024,0,0,3.4(0.00 %),0,0,0,0,8039,0.0
16/10/2024,0,0,3.4(0.00 %),0,0,0,0,8039,0.0
17/10/2024,0,0,3.4(0.00 %),0,0,0,0,8039,0.0
18/10/2024,0,0,3.4(0.00 %),0,0,0,0,8039,0.0
21/10/2024,0,0,3.4(0.00 %),0,0,0,0,8039,0.0
22/10/2024,0,0,3.4(0.00 %),0,0,0,0,8039,0.0
23/10/2024,0,0,3.4(0.00 %),0,0,0,0,8039,0.0
24/10/2024,0,0,3.4(0.00 %),0,0,0,0,8039,0.0
25/10/2024,0,0,3.4(0.00 %),0,0,0,0,8039,0.0
28/10/2024,0,0,3.4(0.00 %),0,0,0,0,8039,0.0
29/10/2024,0,0,3.4(0.00 %),0,0,0,0,8039,0.0
30/10/2024,0,0,3.4(0.00 %),0,0,0,0,8039,0.0
31/10/2024,0,0,3.4(0.00 %),0,0,0,0,8039,0.0
01/11/2024,0,0,2.9(-14.71 %),0,0,0,0,8039,0.0
04/11/2024,0,0,2.9(0.00 %),0,0,0,0,8039,0.0
05/11/2024,0,0,2.9(0.00 %),0,0,0,0,8039,0.0
06/11/2024,0,0,2.9(0.00 %),0,0,0,0,8039,0.0
07/11/2024,0,0,2.9(0.00 %),0,0,0,0,8039,0.0
08/11/2024,0,0,2.9(0.00 %),0,0,0,0,8039,0.0
11/11/2024,0,0,2.9(0.00 %),0,0,0,0,8039,0.0
12/11/2024,0,0,2.9(0.00 %),0,0,0,0,8039,48.6
13/11/2024,0,0,2.9(0.00 %),0,0,0,0,8039,0.0
14/11/2024,0,0,2.9(0.00 %),0,0,0,0,8039,0.0
15/11/2024,0,0,2.5(-13.79 %),0,0,0,0,8039,0.0
18/11/2024,0,0,2.5(0.00 %),0,0,0,0,8039,0.0
19/11/2024,0,0,2.5(0.00 %),0,0,0,0,8039,0.0
20/11/2024,0,0,2.5(0.00 %),0,0,0,0,8039,0.0
21/11/2024,0,0,2.5(0.00 %),0,0,0,0,8039,0.0
22/11/2024,0,0,2.2(-12.00 %),0,0,0,0,8039,0.0
25/11/2024,0,0,2.2(0.00 %),0,0,0,0,8039,48.6
26/11/2024,0,0,2.2(0.00 %),0,0,0,0,8039,48.6
27/11/2024,0,0,2.2(0.00 %),0,0,0,0,8039,48.6
28/11/2024,0,0,2.2(0.00 %),0,0,0,0,8039,48.6
29/11/2024,0,0,2.2(0.00 %),0,0,0,0,8039,48.6
02/12/2024,0,0,2.2(0.00 %),0,0,0,0,8039,48.6
03/12/2024,0,0,2.2(0.00 %),0,0,0,0,8039,48.6
04/12/2024,0,0,2.2(0.00 %),0,0,0,0,8039,48.6
05/12/2024,0,0,2.2(0.00 %),0,0,0,0,8039,48.6
09/12/2024,0,0,2.2(0.00 %),0,0,0,0,8039,48.6
10/12/2024,0,0,2.2(0.00 %),0,0,0,0,8039,48.6
16/12/2024,0,0,2.5(0.00 %),0,0,0,0,8039,48.6
17/12/2024,0,0,2.5(0.00 %),0,0,0,0,8039,48.6
18/12/2024,0,0,2.5(0.00 %),0,0,0,0,8039,48.6
19/12/2024,0,0,2.5(0.00 %),0,0,0,0,8039,48.6
20/12/2024,0,0,2.5(0.00 %),0,0,0,0,8039,48.6
24/12/2024,0,0,2.5(0.00 %),0,0,0,0,8039,48.6
25/12/2024,0,0,2.5(0.00 %),0,0,0,0,8039,48.6
26/12/2024,0,0,2.5(0.00 %),0,0,0,0,8039,48.6
27/12/2024,0,0,2.5(0.00 %),0,0,0,0,8039,48.6
30/12/2024,0,0,2.5(0.00 %),0,0,0,0,8039,48.6
31/12/2024,0,0,2.5(0.00 %),0,0,0,0,8039,48.6
02/01/2025,0,0,2.5(0.00 %),0,0,0,0,8039,48.6
03/01/2025,0,0,2.5(0.00 %),0,0,0,0,8039,48.6
06/01/2025,0,0,2.5(0.00 %),0,0,0,0,8039,48.6
07/01/2025,0,0,2.5(0.00 %),0,0,0,0,8039,0.0
08/01/2025,0,0,2.5(0.00 %),0,0,0,0,8039,48.6
09/01/2025,0,0,2.5(0.00 %),0,0,0,0,8039,48.6
10/01/2025,0,0,2.5(0.00 %),0,0,0,0,8039,48.6
13/01/2025,0,0,2.5(0.00 %),0,0,0,0,8039,48.6
14/01/2025,0,0,2.5(0.00 %),0,0,0,0,8039,48.6
15/01/2025,0,0,2.5(0.00 %),0,0,0,0,8039,48.6
16/01/2025,0,0,2.5(0.00 %),0,0,0,0,8039,0.0
17/01/2025,0,0,2.5(0.00 %),0,0,0,0,8039,48.6
20/01/2025,0,0,2.5(0.00 %),0,0,0,0,8039,48.6
21/01/2025,0,0,2.5(0.00 %),0,0,0,0,8039,48.6
22/01/2025,0,0,2.5(0.00 %),0,0,0,0,8039,48.6
23/01/2025,0,0,2.5(0.00 %),0,0,0,0,8039,48.6
24/01/2025,0,0,2.5(0.00 %),0,0,0,0,8039,48.6
03/02/2025,0,0,0(0.00 %),0,0,0,0,8039,48.6
04/02/2025,0,0,2.5(0.00 %),0,0,0,0,8039,48.6
05/02/2025,0,0,2.5(0.00 %),0,0,0,0,8039,48.6
06/02/2025,0,0,2.5(0.00 %),0,0,0,0,8039,48.6
07/02/2025,0,0,2.5(0.00 %),0,0,0,0,8039,48.6
10/02/2025,0,0,2.5(0.00 %),0,0,0,0,8039,48.6
11/02/2025,0,0,2.5(0.00 %),0,0,0,0,8039,48.6
12/02/2025,0,0,2.5(0.00 %),0,0,0,0,8039,48.6
13/02/2025,0,0,2.5(0.00 %),0,0,0,0,8039,48.6
14/02/2025,0,0,2.5(0.00 %),0,0,0,0,8039,48.6
17/02/2025,0,0,2.5(0.00 %),0,0,0,0,8039,48.6
18/02/2025,0,0,2.5(0.00 %),0,0,0,0,8039,48.6
19/02/2025,0,0,2.5(0.00 %),0,0,0,0,8039,48.6
20/02/2025,0,0,2.5(0.00 %),0,0,0,0,8039,48.6
21/02/2025,0,0,2.5(0.00 %),0,0,0,0,8039,48.6
24/02/2025,0,0,2.5(0.00 %),0,0,0,0,8039,48.6
25/02/2025,0,0,2.5(0.00 %),0,0,0,0,8039,48.6
26/02/2025,0,0,2.5(0.00 %),0,0,0,0,8039,48.6
27/02/2025,0,0,2.5(0.00 %),0,0,0,0,8039,48.6
28/02/2025,0,0,2.5(0.00 %),0,0,0,0,8039,48.6
03/03/2025,0,0,2.5(0.00 %),0,0,0,0,8039,48.6
04/03/2025,0,0,2.5(0.00 %),0,0,0,0,8039,48.6
05/03/2025,0,0,2.5(0.00 %),0,0,0,0,8039,48.6
06/03/2025,0,0,2.5(0.00 %),0,0,0,0,8039,48.6
07/03/2025,0,0,2.5(0.00 %),0,0,0,0,8039,48.6
10/03/2025,0,0,2.5(0.00 %),0,0,0,0,8039,48.6
11/03/2025,0,0,2.5(0.00 %),0,0,0,0,8039,48.6
12/03/2025,0,0,2.5(0.00 %),0,0,0,0,8039,48.6
13/03/2025,0,0,2.5(0.00 %),0,0,0,0,8039,48.6
14/03/2025,0,0,2.5(0.00 %),0,0,0,0,8039,48.6
17/03/2025,0,0,0(0.00 %),0,0,0,0,8039,48.6
18/03/2025,0,0,2.5(0.00 %),0,0,0,0,8039,48.6
19/03/2025,0,0,2.5(0.00 %),0,0,0,0,8039,48.6
20/03/2025,0,0,2.5(0.00 %),0,0,0,0,8039,48.6
21/03/2025,0,0,2.5(0.00 %),0,0,0,0,8039,48.6
24/03/2025,0,0,2.5(0.00 %),0,0,0,0,8039,48.6
25/03/2025,0,0,2.5(0.00 %),0,0,0,0,8039,48.6
26/03/2025,0,0,2.5(0.00 %),0,0,0,0,8039,48.6
27/03/2025,0,0,2.5(0.00 %),0,0,0,0,8039,48.6
28/03/2025,0,0,2.5(0.00 %),0,0,0,0,8039,48.6
31/03/2025,0,0,2.5(0.00 %),0,0,0,0,8039,48.6
01/04/2025,0,0,2.5(0.00 %),0,0,0,0,8039,48.6
02/04/2025,0,0,2.5(0.00 %),0,0,0,0,8039,48.6
03/04/2025,0,0,2.5(0.00 %),0,0,0,0,8039,48.6
04/04/2025,0,0,2.5(0.00 %),0,0,0,0,8039,48.6
08/04/2025,0,0,2.5(0.00 %),0,0,0,0,8039,48.6
09/04/2025,0,0,2.5(0.00 %),0,0,0,0,8039,48.6
10/04/2025,0,0,2.5(0.00 %),0,0,0,0,8039,48.6
11/04/2025,0,0,2.5(0.00 %),0,0,0,0,8039,48.6
14/04/2025,0,0,2.5(0.00 %),0,0,0,0,8039,48.6
15/04/2025,0,0,2.5(0.00 %),0,0,0,0,8039,48.6
16/04/2025,0,0,2.5(0.00 %),0,0,0,0,8039,48.6
17/04/2025,0,0,2.5(0.00 %),0,0,0,0,8039,48.6
18/04/2025,0,0,2.5(0.00 %),0,0,0,0,8039,48.6
21/04/2025,0,0,2.5(0.00 %),0,0,0,0,8039,48.6
22/04/2025,0,0,2.5(0.00 %),0,0,0,0,8039,48.6
23/04/2025,0,0,2.5(0.00 %),0,0,0,0,8039,48.6
24/04/2025,0,0,2.5(0.00 %),0,0,0,0,8039,48.6
25/04/2025,0,0,2.5(0.00 %),0,0,0,0,8039,48.6
28/04/2025,0,0,2.5(0.00 %),0,0,0,0,8039,48.6
29/04/2025,0,0,2.5(0.00 %),0,0,0,0,8039,48.6
05/05/2025,0,0,2.5(0.00 %),0,0,0,0,8039,48.6
06/05/2025,0,0,2.5(0.00 %),0,0,0,0,8039,48.6
07/05/2025,0,0,2.5(0.00 %),0,0,0,0,8039,48.6
08/05/2025,0,0,2.5(0.00 %),0,0,0,0,8039,48.6
09/05/2025,0,0,2.5(0.00 %),0,0,0,0,8039,48.6
12/05/2025,0,0,2.5(0.00 %),0,0,0,0,8039,48.6
13/05/2025,0,0,2.5(0.00 %),0,0,0,0,8039,48.6
14/05/2025,0,0,2.5(0.00 %),0,0,0,0,8039,48.6
15/05/2025,0,0,2.5(0.00 %),0,0,0,0,8039,48.6
16/05/2025,0,0,2.2(-12.00 %),0,0,0,0,8039,48.6
19/05/2025,0,0,2.2(0.00 %),0,0,0,0,8039,48.6
20/05/2025,0,0,2.2(0.00 %),0,0,0,0,8039,48.6
21/05/2025,0,0,2.2(0.00 %),0,0,0,0,8039,48.6
22/05/2025,0,0,2.2(0.00 %),0,0,0,0,8039,48.6
23/05/2025,0,0,1.9(-13.64 %),0,0,0,0,8039,48.6
26/05/2025,0,0,1.9(0.00 %),0,0,0,0,8039,48.6
27/05/2025,0,0,1.9(0.00 %),0,0,0,0,8039,48.6
28/05/2025,0,0,1.9(0.00 %),0,0,0,0,8039,48.6
29/05/2025,0,0,1.9(0.00 %),0,0,0,0,8039,48.6
30/05/2025,0,0,1.7(-10.53 %),0,0,0,0,8039,48.6
02/06/2025,0,0,1.7(0.00 %),0,0,0,0,8039,48.6
03/06/2025,0,0,1.7(0.00 %),0,0,0,0,8039,48.6
04/06/2025,0,0,1.7(0.00 %),0,0,0,0,8039,48.6
05/06/2025,0,0,1.7(0.00 %),0,0,0,0,8039,48.6
06/06/2025,0,0,1.9(11.76 %),0,0,0,0,8039,48.6
09/06/2025,0,0,1.9(0.00 %),0,0,0,0,8039,48.6
10/06/2025,0,0,1.9(0.00 %),0,0,0,0,8039,48.6
11/06/2025,0,0,1.9(0.00 %),0,0,0,0,8039,48.6
12/06/2025,0,0,1.9(0.00 %),0,0,0,0,8039,48.6
13/06/2025,0,0,1.7(-10.53 %),0,0,0,0,8039,48.6
16/06/2025,0,0,1.7(0.00 %),0,0,0,0,8039,48.6
17/06/2025,0,0,1.7(0.00 %),0,0,0,0,8039,48.6
18/06/2025,0,0,1.7(0.00 %),0,0,0,0,8039,48.6
19/06/2025,0,0,1.7(0.00 %),0,0,0,0,8039,48.6
20/06/2025,0,0,1.6(-5.88 %),0,0,0,0,8039,48.6
23/06/2025,0,0,1.7(0.00 %),0,0,0,0,8039,48.6
24/06/2025,0,0,1.7(0.00 %),0,0,0,0,8039,48.6
25/06/2025,0,0,1.7(0.00 %),0,0,0,0,8039,48.6
26/06/2025,0,0,1.7(0.00 %),0,0,0,0,8039,48.6
27/06/2025,0,0,1.7(0.00 %),0,0,0,0,8039,48.6
30/06/2025,0,0,1.7(0.00 %),0,0,0,0,8039,48.6
01/07/2025,0,0,1.7(0.00 %),0,0,0,0,8039,48.6
02/07/2025,0,0,1.7(0.00 %),0,0,0,0,8039,48.6
03/07/2025,0,0,1.7(0.00 %),0,0,0,0,8039,48.6
04/07/2025,0,0,1.7(0.00 %),0,0,0,0,8039,48.6
07/07/2025,0,0,1.7(0.00 %),0,0,0,0,8039,48.6
08/07/2025,0,0,1.7(0.00 %),0,0,0,0,8039,48.6
09/07/2025,0,0,0(0.00 %),0,0,0,0,8039,48.6
11/07/2025,0,0,1.6(-5.88 %),0,0,0,0,8039,48.6
14/07/2025,0,0,1.6(0.00 %),0,0,0,0,8039,48.6
15/07/2025,0,0,1.6(0.00 %),0,0,0,0,8039,48.6
16/07/2025,0,0,1.6(0.00 %),0,0,0,0,8039,48.6
17/07/2025,0,0,1.6(0.00 %),0,0,0,0,8039,48.6
18/07/2025,0,0,1.6(0.00 %),0,0,0,0,8039,48.6
21/07/2025,0,0,1.6(0.00 %),0,0,0,0,8039,48.6
22/07/2025,0,0,1.6(0.00 %),0,0,0,0,8039,48.6
23/07/2025,0,0,1.6(0.00 %),0,0,0,0,8039,48.6
24/07/2025,0,0,1.6(0.00 %),0,0,0,0,8039,48.6
25/07/2025,0,0,1.6(0.00 %),0,0,0,0,8039,48.6
28/07/2025,0,0,1.6(0.00 %),0,0,0,0,8039,48.6
29/07/2025,0,0,1.6(0.00 %),0,0,0,0,8039,48.6
30/07/2025,0,0,1.6(0.00 %),0,0,0,0,8039,48.6
31/07/2025,0,0,1.6(0.00 %),0,0,0,0,8039,48.6
01/08/2025,0,0,1.6(0.00 %),0,0,0,0,8039,48.6
04/08/2025,0,0,1.6(0.00 %),0,0,0,0,8039,48.6
05/08/2025,0,0,1.6(0.00 %),0,0,0,0,8039,48.6
06/08/2025,0,0,1.6(0.00 %),0,0,0,0,8039,48.6
07/08/2025,0,0,1.6(0.00 %),0,0,0,0,8039,48.6
08/08/2025,0,0,1.6(0.00 %),0,0,0,0,8039,48.6
11/08/2025,0,0,1.6(0.00 %),0,0,0,0,8039,48.6
12/08/2025,0,0,1.6(0.00 %),0,0,0,0,8039,48.6
13/08/2025,0,0,1.6(0.00 %),0,0,0,0,8039,48.6
14/08/2025,0,0,1.6(0.00 %),0,0,0,0,8039,48.6
15/08/2025,0,0,1.6(0.00 %),0,0,0,0,8039,48.6
18/08/2025,0,0,1.6(0.00 %),0,0,0,0,8039,48.6
19/08/2025,0,0,1.6(0.00 %),0,0,0,0,8039,48.6
20/08/2025,0,0,1.6(0.00 %),0,0,0,0,8039,48.6
21/08/2025,0,0,1.6(0.00 %),0,0,0,0,8039,48.6
22/08/2025,0,0,1.6(0.00 %),0,0,0,0,8039,48.6
25/08/2025,0,0,1.6(0.00 %),0,0,0,0,0,0.0
