Ngay,KLGDRong,GTDGRong,ThayDoi,KLMua,GtMua,KLBan,GtBan,RoomConLai,DangSoHuu
26/04/2018,915530,137329200000,0(0.00 %),915530,137329200000,0,0,6134370,33.66
27/04/2018,3246370,517954860000,0(0.00 %),3251370,518729860000,5000,775000000,2883000,41.79
02/05/2018,538150,89972740000,0(0.00 %),872660,146670420000,334510,56697680000,2260340,43.35
03/05/2018,127220,19886500000,0(0.00 %),206710,32329520000,79490,12443020000,2053630,43.87
04/05/2018,48660,7290040000,0(0.00 %),51060,7649570000,2400,359530000,2007570,43.98
07/05/2018,55100,8146080000,0(0.00 %),57160,8435970000,2060,289890000,2034920,43.91
08/05/2018,55210,8354260000,150(-1.32 %),55210,8354260000,0,0,2059200,43.85
09/05/2018,94770,14425750000,152.4(1.60 %),94770,14425750000,0,0,1966830,44.08
10/05/2018,75600,11649320000,154.8(1.57 %),75800,11680280000,200,30960000,1893090,44.27
11/05/2018,23320,3636050000,153.1(-1.10 %),23450,3656390000,130,20340000,1869640,44.33
14/05/2018,4600,721870000,150.5(-1.70 %),15700,2417710000,11100,1695840000,1853940,44.37
15/05/2018,40180,6290020000,157(4.32 %),240880,37998420000,200700,31708400000,1813260,44.47
16/05/2018,83650,13375810000,157(0.00 %),83650,13375810000,0,0,1729740,44.68
17/05/2018,27860,4445140000,159.5(1.59 %),28160,4492750000,300,47610000,1712680,44.72
18/05/2018,19120,3049570000,159.5(0.00 %),21640,3452010000,2520,402440000,1691740,44.77
21/05/2018,45740,7217370000,156.1(-2.13 %),45740,7217370000,0,0,1646000,44.89
22/05/2018,134330,21484700000,156.1(0.00 %),173150,27620740000,38820,6136040000,1473150,45.32
23/05/2018,62600,9869990000,157(0.58 %),131010,20639800000,68410,10769810000,1374660,45.56
24/05/2018,97040,9153140000,93.6(1.35 %),149750,14109370000,52710,4956230000,1224910,45.94
25/05/2018,51560,4840890000,93.6(0.00 %),181480,17053170000,129920,12212280000,1082250,46.29
28/05/2018,22500,2055030000,91.3(-2.46 %),26500,2421750000,4000,366720000,1094160,46.26
29/05/2018,32350,2886470000,91(-0.33 %),32350,2886470000,0,0,1114520,46.21
30/05/2018,42060,3701480000,87(-4.40 %),82060,7222300000,40000,3520820000,1162380,46.09
31/05/2018,28870,2546130000,90.4(3.91 %),29370,2589650000,500,43520000,1137010,46.16
01/06/2018,25360,2284440000,90.3(-0.11 %),35360,3184320000,10000,899880000,1101650,46.25
04/06/2018,27300,2435060000,89(-1.44 %),31940,2853000000,4640,417940000,1109710,46.23
05/06/2018,29770,2669480000,89.1(0.11 %),104550,9394300000,74780,6724820000,1075030,46.31
06/06/2018,11440,1018820000,89.3(0.22 %),11490,1023270000,50,4450000,1073540,46.32
07/06/2018,76310,6875790000,90(0.78 %),117730,10603590000,41420,3727800000,960450,46.6
08/06/2018,24890,2237030000,89.9(-0.11 %),29040,2608420000,4150,371390000,936820,46.66
11/06/2018,36280,3264170000,90(0.11 %),106730,9639630000,70450,6375460000,900140,46.75
12/06/2018,30250,2690620000,89(-1.11 %),30250,2690620000,0,0,911310,46.72
13/06/2018,52630,4724740000,90(1.12 %),200100,18018540000,147470,13293800000,1839183,46.3
14/06/2018,3810,336530000,87(-3.33 %),3810,336530000,0,0,1835823,46.3
15/06/2018,-190,-16090000,87.1(0.11 %),50310,4527460000,50500,4543550000,1835513,46.3
18/06/2018,5030,413100000,87.1(0.00 %),5030,413100000,0,0,1870453,46.25
19/06/2018,48210,3911070000,81.1(-6.89 %),50480,4095170000,2270,184100000,1819973,46.32
20/06/2018,14830,1190390000,82.5(1.73 %),34690,2779190000,19860,1588800000,1785783,46.37
21/06/2018,61370,4981300000,80(-3.03 %),62870,5101910000,1500,120610000,1722913,46.47
22/06/2018,12570,1005720000,79(-1.25 %),19120,1526730000,6550,521010000,1706063,46.49
25/06/2018,44660,3539870000,79.2(0.25 %),44800,3550930000,140,11060000,1681123,46.53
26/06/2018,24540,1881130000,79(-0.25 %),25330,1943730000,790,62600000,1657293,46.56
27/06/2018,77850,6264360000,80.5(1.90 %),307750,24877410000,229900,18613050000,1578993,46.68
28/06/2018,107610,8720340000,80.5(0.00 %),107610,8720340000,0,0,1471523,46.84
29/06/2018,13690,1121229000,81(0.62 %),54190,4362969000,40500,3241740000,1457833,46.86
02/07/2018,8310,653357000,78(-3.70 %),9320,731687000,1010,78330000,1449523,46.87
03/07/2018,16200,1264600000,78(0.00 %),16200,1264600000,0,0,1399603,46.94
04/07/2018,8000,619550000,78(0.00 %),122700,9455700000,114700,8836150000,1417403,46.92
05/07/2018,-340,-25330000,74(-5.13 %),0,0,340,25330000,1418413,46.91
06/07/2018,1670,120150000,72(-2.70 %),1970,141450000,300,21300000,1416443,46.92
09/07/2018,370,25460000,69(-4.17 %),700,48930000,330,23470000,1430443,46.9
10/07/2018,12340,875840000,71(2.90 %),162340,11425840000,150000,10550000000,1368443,46.99
11/07/2018,41880,2998330000,73(2.82 %),691440,49117740000,649560,46119410000,1326313,47.05
12/07/2018,6450,470545000,73(0.00 %),47410,3408705000,40960,2938160000,1319863,47.06
13/07/2018,6480,496800000,78(6.85 %),529130,38757670000,522650,38260870000,1341793,47.03
16/07/2018,810,63150000,78(0.00 %),810,63150000,0,0,1341533,47.03
17/07/2018,730,54750000,75(-3.85 %),730,54750000,0,0,1355803,47.01
18/07/2018,6340,472151000,77(2.67 %),6830,506500000,490,34349000,1349463,47.02
19/07/2018,5520,438220000,72(-6.49 %),247340,18331120000,241820,17892900000,1335453,47.04
20/07/2018,1000,74000000,74(2.78 %),10000,740000000,9000,666000000,1325453,47.05
23/07/2018,370,27210000,74(0.00 %),364000,26982342000,363630,26955132000,1325083,47.05
24/07/2018,3480,254880000,73.5(-0.68 %),3710,271740000,230,16860000,1323153,47.05
25/07/2018,5570,409600000,73.5(0.00 %),490550,36498120000,484980,36088520000,1326583,47.05
26/07/2018,9580,700340000,74(0.68 %),9580,700340000,0,0,1330633,47.04
27/07/2018,22750,1636430000,73.9(-0.14 %),22750,1636430000,0,0,1308113,47.08
30/07/2018,22050,1651569000,75(1.49 %),125110,9437703000,103060,7786134000,1286063,47.11
31/07/2018,3890,286341000,74.8(-0.27 %),6100,452091000,2210,165750000,1282173,47.11
01/08/2018,-950,-68108000,73(-2.41 %),1100,79900000,2050,148008000,1283123,47.11
02/08/2018,900,65700000,72(-1.37 %),900,65700000,0,0,1277963,47.12
03/08/2018,710,51670000,70.8(-1.67 %),1900,136160000,1190,84490000,1277253,47.12
06/08/2018,15670,1089140000,71(0.28 %),21670,1501652000,6000,412512000,1261583,47.14
07/08/2018,21790,1519510000,71(0.00 %),216790,15754510000,195000,14235000000,1239793,47.18
08/08/2018,7360,519143000,72(1.41 %),7360,519143000,0,0,1232433,47.19
09/08/2018,15530,1117450000,72(0.00 %),15530,1117450000,0,0,1221163,47.2
10/08/2018,700,49700000,72(0.00 %),700,49700000,0,0,1220463,47.21
13/08/2018,8710,628850000,72.1(0.14 %),8910,643250000,200,14400000,1211553,47.22
14/08/2018,4160,299870000,72.1(0.00 %),4160,299870000,0,0,1207393,47.22
15/08/2018,11700,880510000,74(2.64 %),15470,1159490000,3770,278980000,1191923,47.25
16/08/2018,6400,480090000,74(0.00 %),6400,480090000,0,0,1185723,47.26
17/08/2018,6160,450328000,74(0.00 %),57160,4322028000,51000,3871700000,1179563,47.27
20/08/2018,-80,-5888000,73.6(-0.54 %),200000,15200000000,200080,15205888000,1179643,47.27
21/08/2018,18860,1407881000,76(3.26 %),122710,9293131000,103850,7885250000,1160783,47.29
22/08/2018,14040,1071210000,77(1.32 %),15440,1175890000,1400,104680000,1145189,47.32
23/08/2018,15150,1132630000,77(0.00 %),21050,1568260000,5900,435630000,1124219,47.35
24/08/2018,-520,-38480000,74(-3.90 %),53900,4188600000,54420,4227080000,1124739,47.35
27/08/2018,14600,1092146000,74.7(0.95 %),14900,1114586000,300,22440000,1110139,47.37
28/08/2018,20590,1539451000,75(0.40 %),23970,1792951000,3380,253500000,1089549,47.4
29/08/2018,20090,1530940000,75.9(1.20 %),21290,1622040000,1200,91100000,1075729,47.42
30/08/2018,29760,2225500000,76(0.13 %),39650,2963210000,9890,737710000,1036379,47.48
31/08/2018,7650,582794000,76.4(0.53 %),7950,605630000,300,22836000,1028729,47.49
04/09/2018,5290,399832000,76.4(0.00 %),5290,399832000,0,0,1023439,47.49
05/09/2018,8520,650723000,76.4(0.00 %),8520,650723000,0,0,1014919,47.51
06/09/2018,19810,1501570000,76(-0.52 %),20810,1576570000,1000,75000000,995109,47.54
07/09/2018,15000,1138500000,75.9(-0.13 %),15000,1138500000,0,0,980109,47.56
10/09/2018,-1310,-96450000,74(-2.50 %),2490,183560000,3800,280010000,991089,47.54
11/09/2018,16970,1267890000,75(1.35 %),27470,2044890000,10500,777000000,964619,47.58
12/09/2018,210,15540000,74(-1.33 %),210,15540000,0,0,964409,47.58
13/09/2018,15530,1166430000,75(1.35 %),18930,1421430000,3400,255000000,949279,47.6
14/09/2018,5090,381780000,75(0.00 %),5090,381780000,0,0,954689,47.6
17/09/2018,0,0,75(0.00 %),0,0,0,0,954689,47.6
18/09/2018,11690,876110000,74.6(-0.53 %),13690,1025110000,2000,149000000,944399,47.61
19/09/2018,-1590,-113630000,74.5(-0.13 %),2300,170820000,3890,284450000,942099,47.61
20/09/2018,2590,193880000,74.6(0.13 %),4690,351010000,2100,157130000,937409,47.62
21/09/2018,3150,236790000,75(0.54 %),16800,1258970000,13650,1022180000,922609,47.64
24/09/2018,7660,574470000,75(0.00 %),9780,733500000,2120,159030000,914949,47.65
25/09/2018,4900,371630700,75.9(1.20 %),5000,379215000,100,7584300,910049,47.66
26/09/2018,0,0,75(-1.19 %),0,0,0,0,910049,47.66
27/09/2018,730,54827000,74.5(-0.67 %),760,57104000,30,2277000,909319,47.66
28/09/2018,30920,2346407000,76.1(2.15 %),37100,2815731000,6180,469324000,878399,47.71
01/10/2018,0,0,76(-0.13 %),0,0,0,0,885979,47.7
02/10/2018,3620,274227000,75.9(-0.13 %),4030,305387000,410,31160000,882359,47.7
03/10/2018,7580,568400000,75.5(-0.53 %),31990,2399155000,24410,1830755000,874779,47.71
04/10/2018,16460,1257078000,76(0.66 %),18750,1430507000,2290,173429000,858319,47.74
05/10/2018,-3770,-280777000,74(-2.63 %),3150,233100000,6920,513877000,862089,47.73
08/10/2018,-600,-44460000,74.1(0.14 %),0,0,600,44460000,862089,47.73
09/10/2018,4860,361290000,75(1.21 %),5720,424990000,860,63700000,858659,47.74
10/10/2018,8820,663336000,75.6(0.80 %),8820,663336000,0,0,849839,47.75
11/10/2018,-980,-70296000,73(-3.44 %),9190,656179000,10170,726475000,850819,47.75
12/10/2018,320,24895000,74(1.37 %),1470,106920000,1150,82025000,850499,47.75
15/10/2018,0,0,71.7(-3.11 %),0,0,0,0,847559,47.75
16/10/2018,11930,873722000,73.5(2.51 %),15330,1117171000,3400,243449000,835629,47.77
17/10/2018,30990,2282407000,73.3(-0.27 %),30990,2282407000,0,0,804639,47.82
18/10/2018,-1140,-82650000,72.5(-1.09 %),560,40600000,1700,123250000,811999,47.81
19/10/2018,3430,250175000,73(0.69 %),3540,258150000,110,7975000,808569,47.81
22/10/2018,20590,1523660000,74(1.37 %),20590,1523660000,0,0,787979,47.84
23/10/2018,1600,118480000,74(0.00 %),1600,118480000,0,0,786379,47.84
24/10/2018,6900,510600000,74(0.00 %),6900,510600000,0,0,779479,47.85
25/10/2018,-490,-34770000,73(-1.35 %),10,730000,500,35500000,779969,47.85
26/10/2018,20,1460000,72.9(-0.14 %),20,1460000,0,0,784549,47.85
29/10/2018,650,47450000,70.3(-3.57 %),650,47450000,0,0,783899,47.85
30/10/2018,26250,1805142000,68(-3.27 %),26450,1819342000,200,14200000,757649,47.89
31/10/2018,24880,1749398000,72.7(6.91 %),31930,2234928000,7050,485530000,732769,47.92
01/11/2018,2780,200880000,73.6(1.24 %),2890,208950000,110,8070000,723129,47.94
02/11/2018,370,26281000,71(-3.53 %),1370,97041000,1000,70760000,722759,47.94
05/11/2018,730,51830000,71(0.00 %),730,51830000,0,0,728279,47.93
06/11/2018,2700,192788000,71.7(0.99 %),10800,768400000,8100,575612000,725579,47.93
07/11/2018,4840,344133000,71.1(-0.84 %),30590,2172398000,25750,1828265000,720739,47.94
08/11/2018,199770,14970005000,72.5(1.97 %),199770,14970005000,0,0,520969,48.23
09/11/2018,2950,209530000,71(-2.07 %),2970,210950000,20,1420000,493359,48.27
12/11/2018,4260,304580000,71.4(0.56 %),8510,603150000,4250,298570000,510599,48.25
13/11/2018,19010,1330710000,71(-0.56 %),19010,1330710000,0,0,491589,48.28
14/11/2018,15750,1116790000,68.2(-3.94 %),18200,1293160000,2450,176370000,475839,48.3
15/11/2018,8810,592306000,69.8(2.35 %),13810,928136000,5000,335830000,467029,48.31
16/11/2018,1000,71512000,72(3.15 %),1000,71512000,0,0,466029,48.31
19/11/2018,15930,1115090000,71(-1.39 %),16950,1187510000,1020,72420000,448349,48.34
20/11/2018,6280,439060000,70(-1.41 %),9170,641360000,2890,202300000,444179,48.35
21/11/2018,-30,-2100000,70(0.00 %),0,0,30,2100000,444179,48.35
22/11/2018,7440,526700000,70.5(0.71 %),7570,535800000,130,9100000,437629,48.36
23/11/2018,0,0,68.8(-2.41 %),0,0,0,0,437629,48.36
26/11/2018,5000,345294000,70(1.74 %),5000,345294000,0,0,432629,48.36
27/11/2018,16430,1150813000,70(0.00 %),17220,1205310000,790,54497000,416199,48.39
28/11/2018,28360,2031695000,72.1(3.00 %),55360,3954895000,27000,1923200000,387839,48.43
29/11/2018,18120,1311328000,72.5(0.55 %),18120,1311328000,0,0,369719,48.46
30/11/2018,28690,2093754000,73(0.69 %),85720,6226330000,57030,4132576000,341029,48.5
03/12/2018,21750,1639957000,75.5(3.42 %),35480,2671527000,13730,1031570000,251569,48.63
04/12/2018,16660,1247795000,75.5(0.00 %),25450,1907800000,8790,660005000,234909,48.65
05/12/2018,6690,502345000,75(-0.66 %),39450,2967040000,32760,2464695000,228219,48.66
06/12/2018,11320,850200000,75.4(0.53 %),15320,1150425000,4000,300225000,216899,48.68
07/12/2018,15200,1142175000,75.5(0.13 %),22350,1678850000,7150,536675000,201699,48.7
10/12/2018,0,0,75.4(-0.13 %),0,0,0,0,261309,48.62
11/12/2018,-3710,-248470000,75(-0.53 %),7780,579550000,11490,828020000,257529,48.62
12/12/2018,13130,983501000,75(0.00 %),34000,2547451000,20870,1563950000,244399,48.64
13/12/2018,26270,1970250000,75(0.00 %),26270,1970250000,0,0,218129,48.68
14/12/2018,14960,1121684000,75(0.00 %),15000,1124672000,40,2988000,203169,48.7
17/12/2018,-3650,-256550000,75(0.00 %),18100,1332720000,21750,1589270000,206819,48.7
18/12/2018,1150,86761000,74.9(-0.13 %),22660,1687791000,21510,1601030000,205669,48.7
19/12/2018,-4000,-285665000,74.5(-0.53 %),29800,2218565000,33800,2504230000,209669,48.69
20/12/2018,-25530,-1773010000,74(-0.67 %),60330,4462900000,85860,6235910000,112669,48.83
21/12/2018,1270,93690000,73.8(-0.27 %),14300,1055300000,13030,961610000,119879,48.82
24/12/2018,6140,453640000,74(0.27 %),35710,2641770000,29570,2188130000,117969,48.83
25/12/2018,4280,316620000,73.7(-0.41 %),35020,2579380000,30740,2262760000,168809,48.75
26/12/2018,15920,1176725000,74(0.41 %),56200,4153549000,40280,2976824000,152889,48.78
27/12/2018,98410,7384094000,75.5(2.03 %),128850,9653482000,30440,2269388000,54479,48.92
28/12/2018,54890,4096440000,71.9(-4.77 %),57090,4261520000,2200,165080000,9,49.0
02/01/2019,0,0,71.6(-0.42 %),0,0,0,0,70729,48.9
03/01/2019,0,0,70.7(-1.26 %),0,0,0,0,70729,48.9
04/01/2019,1610,111110000,71(0.42 %),1610,111110000,0,0,71319,48.9
07/01/2019,4380,302200000,70(-1.41 %),4400,303600000,20,1400000,66939,48.9
08/01/2019,2000,140000000,71.7(2.43 %),2000,140000000,0,0,64939,48.9
09/01/2019,64910,4868250000,70.3(-1.95 %),124230,9317250000,59320,4449000000,29,49.0
10/01/2019,20,1420000,70.3(0.00 %),20,1420000,0,0,9,49.0
11/01/2019,0,0,70(-0.43 %),0,0,0,0,9,49.0
14/01/2019,0,0,70.9(1.29 %),0,0,0,0,9,49.0
15/01/2019,0,0,70.9(0.00 %),50000,3545000000,50000,3545000000,9,49.0
16/01/2019,-1700,-119017000,69.9(-1.41 %),108800,7713920000,110500,7832937000,1709,49.0
17/01/2019,0,0,70(0.14 %),0,0,0,0,9,49.0
18/01/2019,0,0,69(-1.43 %),20000,1420000000,20000,1420000000,9,49.0
21/01/2019,150,10790000,69.3(0.43 %),150,10790000,0,0,1559,49.0
22/01/2019,0,0,69(-0.43 %),0,0,0,0,1559,49.0
23/01/2019,1550,111530000,69(0.00 %),1550,111530000,0,0,9,49.0
24/01/2019,0,0,69(0.00 %),0,0,0,0,9,49.0
25/01/2019,-560,-38640000,69(0.00 %),0,0,560,38640000,9,49.0
28/01/2019,-290,-19880000,69(0.00 %),42620,3111260000,42910,3131140000,9,49.0
29/01/2019,0,0,68.9(-0.14 %),0,0,0,0,859,49.0
30/01/2019,550,37724000,68.5(-0.58 %),550,37724000,0,0,309,49.0
31/01/2019,300,20550000,68.4(-0.15 %),300,20550000,0,0,9,49.0
01/02/2019,0,0,66.1(-3.36 %),0,0,0,0,9,49.0
11/02/2019,-1190,-78930000,66(-0.15 %),0,0,1190,78930000,9,49.0
12/02/2019,-10740,-667310000,65.8(-0.30 %),0,0,10740,667310000,9,49.0
13/02/2019,-200,-13160000,65.8(0.00 %),132000,8702880000,132200,8716040000,9,49.0
14/02/2019,140,9837000,65.5(-0.46 %),1190,78272000,1050,68435000,11999,48.98
15/02/2019,6090,393910000,64(-2.29 %),6320,408620000,230,14710000,4429,48.99
18/02/2019,70,4470000,64(0.00 %),480,30880000,410,26410000,4149,48.99
19/02/2019,-4350,-273260000,62.8(-1.88 %),10,640000,4360,273900000,10189,48.99
20/02/2019,890,56626000,62.5(-0.48 %),5090,323206000,4200,266580000,9299,48.99
21/02/2019,-2140,-131296000,60.1(-3.84 %),730,45295000,2870,176591000,11439,48.98
22/02/2019,-8310,-506236000,60.1(0.00 %),4360,262388000,12670,768624000,19749,48.97
25/02/2019,1320,80020000,60.4(0.50 %),4200,253670000,2880,173650000,9,49.0
26/02/2019,2390,145174000,61.4(1.66 %),2870,174496000,480,29322000,16039,48.98
27/02/2019,-500,-30960000,62.8(2.28 %),110000,6820000000,110500,6850960000,12679,48.98
28/02/2019,-2040,-119682000,61.5(-2.07 %),65550,4074800000,67590,4194482000,18579,48.97
01/03/2019,0,0,61.5(0.00 %),0,0,0,0,489,49.0
04/03/2019,-4890,-293400000,60.1(-2.28 %),110,6600000,5000,300000000,879,49.0
05/03/2019,1980,119481000,59.8(-0.50 %),5070,303627000,3090,184146000,3399,49.0
06/03/2019,0,0,59.8(0.00 %),50000,2990000000,50000,2990000000,3399,49.0
07/03/2019,-1980,-116260000,59(-1.34 %),0,0,1980,116260000,5009,48.99
08/03/2019,420,27480000,58(-1.69 %),5000,298500000,4580,271020000,3099,49.0
11/03/2019,500,29000000,57.5(-0.86 %),800,46400000,300,17400000,13799,48.98
12/03/2019,3490,202950000,57.9(0.70 %),15770,914660000,12280,711710000,9,49.0
13/03/2019,-610,-35310000,58(0.17 %),3470,204160000,4080,239470000,1119,49.0
14/03/2019,-4360,-247950000,57(-1.72 %),1410,80940000,5770,328890000,9,49.0
15/03/2019,-6220,-347319000,55.5(-2.63 %),12280,697770000,18500,1045089000,12159,48.98
18/03/2019,170,9742000,55(-0.90 %),54080,3001112000,53910,2991370000,11989,48.98
19/03/2019,-6160,-335270000,54.5(-0.91 %),5770,316350000,11930,651620000,9,49.0
20/03/2019,-1010,-53820000,53(-2.75 %),13550,718160000,14560,771980000,4959,48.99
21/03/2019,-9210,-474844000,51.2(-3.40 %),1780,91533000,10990,566377000,28369,48.96
22/03/2019,-1790,-89390000,51(-0.39 %),18020,919710000,19810,1009100000,999,49.0
25/03/2019,1280,60890000,48(-5.88 %),7910,386090000,6630,325200000,7649,48.99
26/03/2019,-11850,-567148000,48.9(1.88 %),18140,874062000,29990,1441210000,40729,48.94
27/03/2019,-9800,-472085000,47.9(-2.04 %),20300,975494000,30100,1447579000,50529,48.93
28/03/2019,-12460,-598080000,48(0.21 %),50,2410000,12510,600490000,6589,48.99
29/03/2019,-52070,-2531952000,49.7(3.54 %),7020,336960000,59090,2868912000,115059,48.83
01/04/2019,0,0,49.2(-1.01 %),0,0,0,0,59659,48.91
02/04/2019,1900,93670000,52.6(6.91 %),1900,93670000,0,0,63169,48.91
03/04/2019,-9070,-511184000,56(6.46 %),55000,3089550000,64070,3600734000,66829,48.9
04/04/2019,-1080,-61350000,54(-3.57 %),18920,1026441000,20000,1087791000,67909,48.9
05/04/2019,3140,171200000,54.7(1.30 %),3740,203600000,600,32400000,101709,48.85
08/04/2019,16690,914470000,53.8(-1.65 %),369890,20230490000,353200,19316020000,145889,48.79
09/04/2019,7500,410500000,53.8(0.00 %),207500,11210500000,200000,10800000000,158389,48.77
10/04/2019,-790,-36680000,52(-3.35 %),2100,112580000,2890,149260000,156889,48.77
11/04/2019,8620,449670000,53.2(2.31 %),8620,449670000,0,0,151469,48.78
12/04/2019,1010,53480000,54.9(3.20 %),1010,53480000,0,0,150459,48.78
16/04/2019,0,0,53.4(-2.73 %),0,0,0,0,31739,48.95
17/04/2019,6100,326949000,52.6(-1.50 %),6100,326949000,0,0,25639,48.96
18/04/2019,190,9990000,52(-1.14 %),190,9990000,0,0,147059,48.78
19/04/2019,100,5250000,52.9(1.73 %),100,5250000,0,0,146959,48.78
22/04/2019,840,42520000,51(-3.59 %),160840,8362520000,160000,8320000000,146119,48.79
23/04/2019,-20650,-1032606000,51.5(0.98 %),1010,50509000,21660,1083115000,45159,48.93
24/04/2019,-170,-8670000,51(-0.97 %),510,26040000,680,34710000,45329,48.93
25/04/2019,7900,416961000,52.7(3.33 %),160420,8197895000,152520,7780934000,37429,48.94
26/04/2019,-1630,-86966000,51.2(-2.85 %),1320,69384000,2950,156350000,39059,48.94
02/05/2019,0,0,52(1.56 %),0,0,0,0,155204,48.77
03/05/2019,300,15628000,52.1(0.19 %),300,15628000,0,0,154904,48.77
06/05/2019,4080,209550000,52(-0.19 %),131080,6737730000,127000,6528180000,156294,48.77
07/05/2019,3130,159710000,51.8(-0.38 %),3130,159710000,0,0,153164,48.77
08/05/2019,-50,-2650000,51.5(-0.58 %),200200,10010100000,200250,10012750000,147744,48.78
09/05/2019,1280,64090000,51(-0.97 %),201600,10080100000,200320,10016010000,136364,48.8
10/05/2019,-7500,-368330000,48.6(-4.71 %),13270,650470000,20770,1018800000,123094,48.82
13/05/2019,-7130,-342130000,49.5(1.85 %),1000,48480000,8130,390610000,122344,48.82
14/05/2019,1210,58090000,50.4(1.82 %),1210,58090000,0,0,136454,48.8
15/05/2019,1310,65630000,50.1(-0.60 %),1310,65630000,0,0,155914,48.77
16/05/2019,-1010,-50400000,50.1(0.00 %),500,25100000,1510,75500000,159584,48.77
17/05/2019,-500,-24590000,49.3(-1.60 %),10,500000,510,25090000,163534,48.76
20/05/2019,0,0,49.5(0.41 %),0,0,0,0,163534,48.76
21/05/2019,-850,-42080000,50(1.01 %),0,0,850,42080000,498244,48.27
22/05/2019,10,510000,50.6(1.20 %),10,510000,0,0,498744,48.27
23/05/2019,0,-120000,52.4(3.56 %),251890,12821390000,251890,12821510000,496854,48.28
24/05/2019,-2550,-131580000,51(-2.67 %),0,0,2550,131580000,497704,48.28
27/05/2019,-17730,-920236000,51.8(1.57 %),25140,1307142000,42870,2227378000,517134,48.25
28/05/2019,-23290,-1188552000,50.3(-2.90 %),8020,414447000,31310,1602999000,540424,48.21
29/05/2019,-12000,-602120000,50(-0.60 %),100000,5050000000,112000,5652120000,468984,48.32
30/05/2019,-3080,-152699000,50.5(1.00 %),15940,803348000,19020,956047000,555504,48.19
31/05/2019,0,0,50.7(0.40 %),0,0,0,0,527224,48.23
03/06/2019,4740,238438000,50(-1.38 %),4740,238438000,0,0,534484,48.22
04/06/2019,1000,50000000,49.6(-0.80 %),1000,50000000,0,0,552504,48.2
05/06/2019,5010,251470000,50(0.81 %),308360,15416500000,303350,15165030000,528474,47.75
06/06/2019,600,30140000,50(0.00 %),1000,50140000,400,20000000,543144,48.21
07/06/2019,-9510,-480210000,50.1(0.20 %),0,0,9510,480210000,543144,48.21
10/06/2019,-10350,-523430000,52.5(4.79 %),560850,28041920000,571200,28565350000,535644,48.22
11/06/2019,-2580,-133856000,52.3(-0.38 %),35900,1877580000,38480,2011436000,550314,48.2
12/06/2019,-270480,-14704940000,54(3.25 %),64166,3483970000,334646,18188910000,473494,48.31
13/06/2019,-6060,-320340000,54(0.00 %),43940,2376787000,50000,2697127000,776684,47.87
14/06/2019,175070,9283190000,53.3(-1.30 %),193880,10294673000,18810,1011483000,601614,47.64
17/06/2019,54760,2872830000,53(-0.56 %),54760,2872830000,0,0,547234,48.2
18/06/2019,21270,1128560000,53.2(0.38 %),23270,1233080000,2000,104520000,573964,48.16
19/06/2019,17110,905844000,53.2(0.00 %),232380,12238778000,215270,11332934000,508474,47.77
20/06/2019,-17780,-958650000,56(5.26 %),22500,1197000000,40280,2155650000,491274,48.28
21/06/2019,18850,1089462000,58.1(3.75 %),22890,1327355000,4040,237893000,507404,48.26
24/06/2019,6310,365626000,57.9(-0.34 %),59890,3470391500,53580,3104765500,501094,47.79
25/06/2019,-960,-57824000,57.4(-0.86 %),78380,4497244000,79340,4555068000,502054,48.27
26/06/2019,-10860,-615835000,58.8(2.44 %),294530,16701266000,305390,17317101000,512914,47.77
27/06/2019,89610,5330911000,60(2.04 %),167960,9972481000,78350,4641570000,423304,47.9
28/06/2019,131030,8381420000,64(6.67 %),131030,8381420000,0,0,292274,48.09
01/07/2019,-5690,-337051000,60(-6.25 %),3850,246272000,9540,583323000,348114,48.49
02/07/2019,-21130,-1268764000,60(0.00 %),710,42768000,21840,1311532000,369244,48.46
03/07/2019,30640,1842650000,60(0.00 %),50150,3017350000,19510,1174700000,338604,48.51
04/07/2019,550,32970000,58.3(-2.83 %),550,32970000,0,0,315744,48.54
05/07/2019,-5060,-291020000,58.3(0.00 %),1740,99980000,6800,391000000,335844,48.51
08/07/2019,1050,61205000,56.8(-2.57 %),1050,61205000,0,0,342064,48.5
09/07/2019,-3890,-213950000,54.7(-3.70 %),30,1670000,3920,215620000,354274,48.48
10/07/2019,830,46065000,57(4.20 %),200830,10986065000,200000,10940000000,345124,48.01
11/07/2019,45000,2548020000,56(-1.75 %),45000,2548020000,0,0,300124,48.56
12/07/2019,-4280,-239690000,55.7(-0.54 %),0,0,4280,239690000,319164,48.54
15/07/2019,1300,72540000,55(-1.26 %),1300,72540000,0,0,303104,48.56
16/07/2019,1000,53050000,53.7(-2.36 %),1500,80550000,500,27500000,316364,48.54
17/07/2019,100,5370000,53.7(0.00 %),100,5370000,0,0,302004,48.56
18/07/2019,640,34368000,53.8(0.19 %),640,34368000,0,0,301364,48.56
19/07/2019,-340,-19081000,55(2.23 %),510,27438000,850,46519000,301704,48.56
22/07/2019,2190,122490000,56(1.82 %),2410,134890000,220,12400000,317484,48.54
23/07/2019,-16820,-944120000,56.3(0.54 %),13890,779280000,30710,1723400000,303594,48.56
24/07/2019,10650,603380000,56.3(0.00 %),10850,614780000,200,11400000,293594,48.57
25/07/2019,5140,289915000,56.6(0.53 %),5150,290478000,10,563000,300544,48.56
26/07/2019,5450,305260000,55(-2.83 %),5450,305260000,0,0,313924,48.54
29/07/2019,11410,636910000,54.9(-0.18 %),12500,696860000,1090,59950000,301624,48.56
30/07/2019,13620,764004000,55(0.18 %),13790,773354000,170,9350000,270064,48.61
31/07/2019,40,1880000,48(-12.73 %),40,1880000,0,0,287804,48.58
01/08/2019,-800,-40614000,49.9(3.96 %),910,44715000,1710,85329000,288894,48.58
02/08/2019,3810,190130000,50(0.20 %),3810,190130000,0,0,284344,48.59
05/08/2019,-21820,-1118513000,51.6(3.20 %),5760,294514000,27580,1413027000,306904,48.55
06/08/2019,6560,338263000,51.4(-0.39 %),13390,689331000,6830,351068000,300344,48.56
07/08/2019,-1410,-72087000,51.1(-0.58 %),0,0,1410,72087000,301754,48.56
08/08/2019,-5620,-292710000,51.3(0.39 %),0,0,5620,292710000,294484,48.57
09/08/2019,-12010,-625840000,52(1.36 %),50,2630000,12060,628470000,319384,48.05
12/08/2019,3050,157550000,51.8(-0.38 %),3050,157550000,0,0,316334,48.54
13/08/2019,51200,2626260000,50.9(-1.74 %),51200,2626260000,0,0,254044,48.63
14/08/2019,16560,828139000,49.5(-2.75 %),18220,910642000,1660,82503000,248574,48.64
15/08/2019,500,24350000,49(-1.01 %),500,24350000,0,0,247384,48.64
16/08/2019,10,490000,49.6(1.22 %),10,490000,0,0,247374,48.64
19/08/2019,3900,194170000,49.95(0.71 %),4050,201685000,150,7515000,244164,48.64
20/08/2019,-1050,-52170000,49.5(-0.90 %),20,1000000,1070,53170000,288261,48.64
21/08/2019,160,7852000,48.6(-1.82 %),500,24750000,340,16898000,245054,48.69
22/08/2019,8250,400130000,48.2(-0.82 %),8250,400130000,0,0,279661,48.65
23/08/2019,-1390,-66549500,48(-0.41 %),10,480000,1400,67029500,238194,48.7
26/08/2019,-10990,-506010000,45.7(-4.79 %),10800,496330000,21790,1002340000,270261,48.66
27/08/2019,5430,250051500,45.55(-0.33 %),5430,250051500,0,0,243754,48.69
28/08/2019,22800,1008550000,44(-3.40 %),25800,1145200000,3000,136650000,240431,48.7
29/08/2019,-1700,-75211000,44(0.00 %),1900,83980000,3600,159191000,222654,48.72
30/08/2019,-2070,-89950000,44(0.00 %),30000,1319100000,32070,1409050000,230321,48.71
03/09/2019,-14440,-621973000,42.2(-4.09 %),2070,90473000,16510,712446000,233321,48.7
04/09/2019,-21800,-888594000,40(-5.21 %),10060,420622000,31860,1309216000,255121,48.68
05/09/2019,-14800,-612620000,42(5.00 %),30000,1246440000,44800,1859060000,226861,48.71
06/09/2019,-13740,-571143000,41.2(-1.90 %),230,9593500,13970,580736500,283661,48.64
09/09/2019,6610,277420000,42.45(3.03 %),8100,339500000,1490,62080000,266908,48.66
10/09/2019,-8650,-363760000,42(-1.06 %),710,29820000,9360,393580000,310998,48.61
11/09/2019,-16200,-683840000,42.5(1.19 %),0,0,16200,683840000,301901,48.62
12/09/2019,-47510,-2035170000,43(1.18 %),580,24940000,48090,2060110000,325878,48.59
13/09/2019,149040,6523699500,46(6.98 %),149040,6790091500,0,266392000,200371,48.75
16/09/2019,-10760,-510890000,47.5(3.26 %),1240,59120000,12000,570010000,201166,48.75
17/09/2019,140,6460000,46.9(-1.26 %),140,6460000,0,0,249122,48.68
18/09/2019,9970,468420000,47(0.21 %),10490,492760000,520,24340000,298942,48.62
19/09/2019,19780,929379000,46.95(-0.11 %),29780,1399441500,10000,470062500,241551,48.69
20/09/2019,2710,127725000,47.4(0.96 %),11100,523812000,8390,396087000,238841,48.7
23/09/2019,-50,-2370000,46.5(-1.90 %),0,0,50,2370000,270582,48.66
24/09/2019,43770,2039705000,47(1.08 %),53010,2469690000,9240,429985000,195121,48.75
25/09/2019,-7990,-371130000,45.5(-3.19 %),6570,301560000,14560,672690000,229392,48.71
26/09/2019,-6450,-296040000,45.5(0.00 %),1740,79170000,8190,375210000,227702,48.71
27/09/2019,-14820,-673540000,45.9(0.88 %),1360,61920000,16180,735460000,235582,48.7
30/09/2019,35490,1617951500,45.3(-1.31 %),41960,1913527500,6470,295576000,188891,48.76
01/10/2019,1480,66889000,44(-2.87 %),10470,466629000,8990,399740000,216372,48.73
02/10/2019,370,15643500,44(0.00 %),2840,124392000,2470,108748500,216002,48.73
03/10/2019,13620,599023500,44.4(0.91 %),21930,964900000,8310,365876500,202382,48.74
04/10/2019,-4480,-197418000,44(-0.90 %),260,11408000,4740,208826000,206862,48.74
07/10/2019,9640,421170000,43.95(-0.11 %),13720,599690000,4080,178520000,201262,48.75
08/10/2019,4200,182250000,43.3(-1.48 %),11040,478690000,6840,296440000,198532,48.75
09/10/2019,17090,738288000,43.2(-0.23 %),17090,738288000,0,0,175932,48.78
10/10/2019,16340,703682000,43(-0.46 %),16340,703682000,0,0,159592,48.8
11/10/2019,6000,258071000,42.95(-0.12 %),6000,258071000,0,0,153592,48.81
14/10/2019,990,42570000,43.8(1.98 %),990,42570000,0,0,173772,48.78
15/10/2019,2570,110250000,43.2(-1.37 %),2570,110250000,0,0,171202,48.78
16/10/2019,27040,1154210000,43.8(1.39 %),29040,1241130000,2000,86920000,142162,48.82
17/10/2019,-2000,-88200000,43.9(0.23 %),0,0,2000,88200000,142162,48.82
18/10/2019,2390,103860000,44(0.23 %),3390,147960000,1000,44100000,138772,48.82
21/10/2019,-4170,-186570000,44.5(1.14 %),1360,59840000,5530,246410000,139412,48.82
22/10/2019,1290,57387000,43.5(-2.25 %),1510,67221000,220,9834000,125482,48.84
23/10/2019,-2160,-88240000,43.5(0.00 %),7050,308400000,9210,396640000,133852,48.83
24/10/2019,2180,99839000,43.75(0.57 %),7250,317057500,5070,217218500,125462,48.84
25/10/2019,-1600,-68960000,43.1(-1.49 %),310,13560000,1910,82520000,132042,48.83
28/10/2019,1130,47180000,42.8(-0.70 %),8030,342550000,6900,295370000,133222,48.83
29/10/2019,-26080,-1068320000,40.8(-4.67 %),61460,2533590000,87540,3601910000,76832,48.9
30/10/2019,-840,-34130000,40.85(0.12 %),74160,3033170000,75000,3067300000,77582,48.9
31/10/2019,13680,559160000,40.85(0.00 %),21790,891670000,8110,332510000,62692,48.92
01/11/2019,-17550,-696924500,40.4(-1.10 %),69150,2745855000,86700,3442779500,150232,48.81
04/11/2019,5500,221032500,40.6(0.50 %),10030,401326500,4530,180294000,144732,48.82
05/11/2019,-39980,-1640510000,40.8(0.49 %),21470,880080000,61450,2520590000,59692,48.92
06/11/2019,-23310,-956340000,40.9(0.25 %),730,29970000,24040,986310000,145662,48.82
07/11/2019,-71140,-2857916000,39.7(-2.93 %),53050,2123155000,124190,4981071000,279162,48.65
08/11/2019,60,2487000,40.2(1.26 %),1000,40000000,940,37513000,279102,48.65
11/11/2019,1460,58856000,40.8(1.49 %),28410,1164409000,26950,1105553000,277642,48.65
12/11/2019,-6070,-247230000,40.5(-0.74 %),810,32870000,6880,280100000,276618,48.65
13/11/2019,-33320,-1322983000,39.25(-3.09 %),18030,712121000,51350,2035104000,317032,48.6
14/11/2019,-3120,-125385000,39(-0.64 %),23890,937795500,27010,1063180500,320152,48.59
15/11/2019,-18300,-690430000,37(-5.13 %),5750,217180000,24050,907610000,263718,48.67
18/11/2019,-50630,-1753070000,34.45(-6.89 %),7020,246650000,57650,1999720000,308048,48.61
19/11/2019,-73470,-2359000000,32.6(-5.37 %),5820,189830000,79290,2548830000,329238,48.58
20/11/2019,-41740,-1398860000,33.5(2.76 %),102420,3331290000,144160,4730150000,350868,48.56
21/11/2019,-16440,-541490000,32.9(-1.79 %),10030,330990000,26470,872480000,398494,48.5
22/11/2019,-18910,-572530000,30.8(-6.38 %),9000,289600000,27910,862130000,468784,48.41
25/11/2019,-109100,-3152540000,28.8(-6.49 %),12170,351080000,121270,3503620000,500774,48.37
26/11/2019,-178120,-5013555000,27.9(-3.12 %),8750,245704000,186870,5259259000,826862,47.95
27/11/2019,-84070,-2373214500,27.9(0.00 %),37760,1063875500,121830,3437090000,910932,47.85
28/11/2019,-65090,-1817742500,27.8(-0.36 %),65480,1830334000,130570,3648076500,976022,47.76
29/11/2019,-124600,-3374090000,26.9(-3.24 %),53740,1468040000,178340,4842130000,697564,48.12
02/12/2019,17580,475986500,27.7(2.97 %),17690,478978500,110,2992000,819394,47.96
03/12/2019,21100,581721000,27.4(-1.08 %),51770,1421924000,30670,840203000,798294,47.99
04/12/2019,19990,539180000,27.25(-0.55 %),35510,960700000,15520,421520000,1023334,47.7
05/12/2019,790,20640000,26.7(-2.02 %),29990,803200000,29200,782560000,993454,47.74
06/12/2019,-7740,-210215500,27.4(2.62 %),12260,330764500,20000,540980000,785254,48.01
09/12/2019,14550,406920000,27.8(1.46 %),25660,719620000,11110,312700000,1001732,47.73
10/12/2019,11810,320948000,27.1(-2.52 %),24180,660918500,12370,339970500,758894,48.04
11/12/2019,-7870,-214070000,27.1(0.00 %),31050,841240000,38920,1055310000,995702,47.74
12/12/2019,-23330,-633180000,27.05(-0.18 %),59220,1606630000,82550,2239810000,947592,47.8
13/12/2019,-77730,-2112120000,27.05(0.00 %),37270,1010760000,115000,3122880000,922692,47.83
16/12/2019,-11860,-322200000,27.1(0.18 %),18870,510660000,30730,832860000,942742,47.81
17/12/2019,400,11170000,26.65(-1.66 %),46310,1245990000,45910,1234820000,978982,47.76
18/12/2019,3590,94890000,26.6(-0.19 %),37390,994210000,33800,899320000,1056592,47.66
19/12/2019,-15580,-416031000,26.65(0.19 %),47090,1260933000,62670,1676964000,891274,47.87
20/12/2019,6340,168644000,26.6(-0.19 %),39600,1053360000,33260,884716000,884934,47.88
23/12/2019,8880,232200000,25(-6.02 %),64630,1690550000,55750,1458350000,1015712,47.71
24/12/2019,11160,280460000,23.5(-6.00 %),24700,616740000,13540,336280000,1053682,47.67
25/12/2019,-10130,-241512500,23.7(0.85 %),8240,196078500,18370,437591000,875024,47.89
26/12/2019,-22150,-511350500,23.05(-2.74 %),26600,622754500,48750,1134105000,897174,47.86
27/12/2019,15530,358600000,22.6(-1.95 %),27530,632690000,12000,274090000,1093862,47.62
30/12/2019,11160,280462000,22.5(-0.44 %),24700,616740000,13540,336278000,870484,47.9
31/12/2019,-45270,-988610000,21.05(-6.44 %),28960,646600000,74230,1635210000,1095382,47.61
02/01/2020,9360,201070000,21.8(3.56 %),9360,201070000,0,0,1098022,47.61
03/01/2020,5220,118537000,22.7(4.13 %),5300,120285000,80,1748000,1102162,47.6
06/01/2020,-3170,-70434500,22(-3.08 %),26550,586748500,29720,657183000,1105332,47.6
07/01/2020,8160,179402000,21.9(-0.45 %),28190,619353000,20030,439951000,1097172,47.61
08/01/2020,-4010,-85270000,21.3(-2.74 %),13920,297120000,17930,382390000,1109732,47.59
09/01/2020,-54570,-1131465000,20.6(-3.29 %),10110,211434000,64680,1342899000,1155752,47.54
10/01/2020,-209440,-4124640000,19.7(-4.37 %),134060,2674440000,343500,6799080000,1015312,47.71
13/01/2020,-19500,-388060000,19.85(0.76 %),0,0,19500,388060000,1033242,47.69
14/01/2020,-35710,-702090000,19.3(-2.77 %),133970,2614740000,169680,3316830000,963952,47.78
15/01/2020,-173540,-3155210000,18(-6.74 %),31100,589949000,204640,3745159000,1593942,46.98
16/01/2020,-76880,-1398530000,18.05(0.28 %),135070,2433070000,211950,3831600000,1160782,47.53
17/01/2020,-90030,-1660550000,18.4(1.94 %),106300,1963600000,196330,3624150000,1224162,47.45
20/01/2020,-45200,-833100000,18.4(0.00 %),50980,938740000,96180,1771840000,1377822,47.26
21/01/2020,-85910,-1572550000,18.3(-0.54 %),209330,3832760000,295240,5405310000,1380448,47.25
22/01/2020,-39820,-730434000,18.3(0.00 %),190880,3494140500,230700,4224574500,1420268,47.2
30/01/2020,-101660,-1751770000,17.15(-6.28 %),200560,3551660000,302220,5303430000,1281518,47.38
31/01/2020,-178040,-3099186500,17.15(0.00 %),208700,3596548000,386740,6695734500,1699968,46.85
03/02/2020,36200,623090000,16.8(-2.04 %),108840,1827727500,72640,1204637500,1598758,46.98
04/02/2020,-16100,-269280000,16.5(-1.79 %),72210,1194413000,88310,1463693000,1614858,46.96
05/02/2020,-195020,-3462240000,17.5(6.06 %),54800,934740000,249820,4396980000,2051869,46.4
06/02/2020,-148730,-2771238500,18.65(6.57 %),85000,1587467500,233730,4358706000,1958608,46.52
07/02/2020,-186630,-3584660000,18.9(1.34 %),105040,1996440000,291670,5581100000,2022787,46.44
10/02/2020,4620,83490000,18.4(-2.65 %),8130,147240000,3510,63750000,2264477,46.13
11/02/2020,-3020,-53759500,18.2(-1.09 %),100550,1828884500,103570,1882644000,2143638,46.29
12/02/2020,-81020,-1447880000,18.1(-0.55 %),41000,730110000,122020,2177990000,2648327,45.65
13/02/2020,-232450,-4447970000,19.2(6.08 %),32580,617032500,265030,5065002500,2457108,45.89
14/02/2020,-101290,-1986910000,19.35(0.78 %),8980,181530000,110270,2168440000,2713847,45.56
17/02/2020,-7580,-141718000,19.15(-1.03 %),1390,26445000,8970,168163000,2565978,45.75
18/02/2020,-53640,-1014814000,18.95(-1.04 %),14130,268085500,67770,1282899500,2619618,45.68
19/02/2020,-415350,-7977120000,18.9(-0.26 %),6760,132110000,422110,8109230000,3188887,44.96
20/02/2020,-160150,-3141290000,20(5.82 %),32160,612660000,192310,3753950000,3165697,44.99
21/02/2020,-65690,-1386956000,21.4(7.00 %),13000,277925000,78690,1664881000,3260808,44.87
24/02/2020,-226210,-5056850000,22.3(4.21 %),15110,327540000,241320,5384390000,3627467,44.41
25/02/2020,-59690,-1299230000,21.7(-2.69 %),11200,244730000,70890,1543960000,3808582,44.18
26/02/2020,-206680,-4626360000,22.2(2.30 %),7310,164410000,213990,4790770000,3879962,44.09
27/02/2020,-101900,-2318060000,22.6(1.80 %),9480,215320000,111380,2533380000,4111802,43.79
28/02/2020,-3640,-88450000,21.05(-6.86 %),21080,456093000,24720,544543000,3858928,44.11
02/03/2020,-100010,-2016260000,19.6(-6.89 %),1380,27540000,101390,2043800000,4374222,43.46
03/03/2020,-32700,-667310000,19.8(1.02 %),88790,1739880000,121490,2407190000,4396812,43.43
04/03/2020,-17260,-340640000,19.5(-1.52 %),25630,500180000,42890,840820000,4395908,43.43
05/03/2020,-304670,-6096486500,19.8(1.54 %),50740,993923500,355410,7090410000,4728852,43.01
06/03/2020,-34370,-810493000,21.1(6.57 %),88340,1726215500,122710,2536708500,4763222,42.97
09/03/2020,-40500,-805323000,19.65(-6.87 %),8040,159491000,48540,964814000,4803722,42.92
10/03/2020,46260,886290000,19(-3.31 %),50210,961590000,3950,75300000,4819759,42.9
11/03/2020,79660,1455970000,17.7(-6.84 %),84110,1537400000,4450,81430000,4858359,42.85
12/03/2020,63450,1046925000,16.5(-6.78 %),72850,1202025000,9400,155100000,4614352,43.16
13/03/2020,156700,2406994500,15.6(-5.45 %),156700,2406994500,0,0,4457652,43.36
16/03/2020,94670,1422974500,15(-3.85 %),96470,1450250000,1800,27275500,4362982,43.48
17/03/2020,48390,691905000,14.8(-1.33 %),51470,736089000,3080,44184000,4314592,43.54
18/03/2020,42330,642177500,15.4(4.05 %),42330,642177500,0,0,4272262,43.59
19/03/2020,4330,64650000,14.55(-5.52 %),67400,989150000,63070,924500000,4439287,43.38
20/03/2020,81220,1172634000,14.2(-2.41 %),81220,1172634000,0,0,4148712,43.75
23/03/2020,23300,325980000,13.25(-6.69 %),73300,990480000,50000,664500000,4287847,43.57
24/03/2020,9450,114841500,12.7(-4.15 %),22250,276121500,12800,161280000,4115962,43.79
25/03/2020,-75140,-977310000,12.8(0.79 %),3430,44490000,78570,1021800000,4325237,43.52
26/03/2020,-136140,-1641090000,11.95(-6.64 %),9660,122270000,145800,1763360000,4365577,43.47
27/03/2020,23390,303160000,11.15(-6.69 %),143860,1684740000,120470,1381580000,4234517,43.64
30/03/2020,7730,82000000,10.5(-5.83 %),14230,151000000,6500,69000000,4296122,43.56
31/03/2020,29030,320063500,11.15(6.19 %),30640,337532000,1610,17468500,4267092,43.6
01/04/2020,-1190,-14038500,11.9(6.73 %),0,0,1190,14038500,4534487,43.26
03/04/2020,-138600,-1759760000,12.7(6.72 %),200,2520000,138800,1762280000,4540787,43.25
06/04/2020,-202000,-2737100000,13.55(6.69 %),0,0,202000,2737100000,4875087,42.83
07/04/2020,-254410,-3676224500,14.45(6.64 %),2200,31790000,256610,3708014500,5129497,42.51
08/04/2020,-129510,-1952094500,15(3.81 %),27990,410352500,157500,2362447000,5259007,42.34
09/04/2020,-213630,-3346606000,15.85(5.67 %),4080,64594500,217710,3411200500,5472637,42.07
10/04/2020,-119150,-1828650000,15(-5.36 %),14500,224880000,133650,2053530000,5092227,42.55
13/04/2020,-45250,-682120000,15(0.00 %),58840,889510000,104090,1571630000,5190887,42.43
14/04/2020,-22610,-332249000,14.45(-3.67 %),8370,124431000,30980,456680000,5659647,41.83
15/04/2020,-361120,-5564416000,15.45(6.92 %),15570,235946000,376690,5800362000,6020767,41.38
16/04/2020,-315700,-5210160000,16.5(6.80 %),7500,122400000,323200,5332560000,5614897,41.89
17/04/2020,-20200,-356530000,17.65(6.97 %),0,0,20200,356530000,6356667,40.95
20/04/2020,0,0,18.85(6.80 %),0,0,0,0,6022567,41.37
21/04/2020,-491180,-9324449000,18.9(0.27 %),24750,469877000,515930,9794326000,6847847,40.33
22/04/2020,-111910,-2194900000,20.2(6.88 %),10400,204440000,122310,2399340000,6330817,40.98
23/04/2020,1890,40830000,21.6(6.93 %),2760,59620000,870,18790000,6328057,40.99
24/04/2020,20200,447400000,23.1(6.94 %),24890,551650000,4690,104250000,6819097,40.37
27/04/2020,-196690,-4734417000,22.7(-1.73 %),38340,937194500,235030,5671611500,7134357,39.97
28/04/2020,-8830,-187852000,21.15(-6.83 %),39050,848764500,47880,1036616500,7143187,39.96
29/04/2020,-181020,-3882110000,21.25(0.47 %),29980,638781500,211000,4520891500,7324207,39.73
04/05/2020,-123690,-2528158500,19.8(-6.82 %),6010,122543500,129700,2650702000,7074627,40.04
05/05/2020,2380,49640000,19.8(0.00 %),23380,465440000,21000,415800000,7093117,40.02
06/05/2020,29510,580670000,20(1.01 %),36910,726390000,7400,145720000,7267218,39.8
07/05/2020,-207080,-4314500000,20.85(4.25 %),6210,130022000,213290,4444522000,7249817,39.82
08/05/2020,-59510,-1242220000,20.5(-1.68 %),18770,393150000,78280,1635370000,7392938,39.64
11/05/2020,-603570,-12148365910,20.35(-0.73 %),7390,144080850,610960,12292446760,7912897,38.98
12/05/2020,-167080,-3387550000,20.35(0.00 %),24920,506580000,192000,3894130000,7581318,39.4
13/05/2020,-861520,-18615260000,21.75(6.88 %),26630,560180000,888150,19175440000,7632968,39.34
14/05/2020,-412170,-9491600000,22.5(3.45 %),38090,877890000,450260,10369490000,8205838,38.61
15/05/2020,-59070,-1317220000,21.6(-4.00 %),3970,88060000,63040,1405280000,8393868,38.37
18/05/2020,-22580,-493348500,21.75(0.69 %),8400,182389000,30980,675737500,9435317,37.05
19/05/2020,-143260,-3167980000,21.9(0.69 %),8000,176430000,151260,3344410000,9715878,36.7
20/05/2020,-304510,-7041180000,23.4(6.85 %),72190,1651700000,376700,8692880000,9706728,36.71
21/05/2020,-18790,-477550000,25(6.84 %),16350,400130000,35140,877680000,9721358,36.69
22/05/2020,-81420,-2098900000,25(0.00 %),29160,735250000,110580,2834150000,9843458,36.54
25/05/2020,-70510,-1811978000,26.75(7.00 %),18430,475064000,88940,2287042000,10053807,36.27
26/05/2020,-109440,-2997165500,27.3(2.06 %),25910,717426000,135350,3714591500,10163247,36.13
27/05/2020,-126690,-3354376500,25.4(-6.96 %),17780,479835000,144470,3834211500,10289937,35.97
28/05/2020,68930,1723314000,24.9(-1.97 %),85540,2141270000,16610,417956000,10221007,36.06
29/05/2020,13480,359546500,26.2(5.22 %),19370,505968500,5890,146422000,10207527,36.08
01/06/2020,-13390,-362140000,26.5(1.15 %),35780,954660000,49170,1316800000,10531832,35.67
02/06/2020,57940,1505660000,25.55(-3.58 %),88000,2277150000,30060,771490000,10460442,35.76
03/06/2020,-172320,-4440930000,26.2(2.54 %),114330,2944470000,286650,7385400000,10352002,35.89
04/06/2020,-78666,-2021280000,25.7(-1.91 %),49450,1291100000,128116,3312380000,10351722,35.89
05/06/2020,46120,1255850000,27.45(6.81 %),70350,1894910000,24230,639060000,10311432,35.94
08/06/2020,51510,1433900000,28(2.00 %),143810,4069790000,92300,2635890000,10454272,35.76
09/06/2020,0,0,27.4(-2.14 %),0,0,0,0,10709148,35.44
10/06/2020,70290,1942016000,27.75(1.28 %),127600,3500030000,57310,1558014000,10638858,35.53
11/06/2020,-2520,-291654000,25.85(-6.85 %),161790,4267655000,164310,4559309000,10641378,35.53
12/06/2020,-189840,-4673422000,25.7(-0.58 %),30000,733252500,219840,5406674500,10831218,35.29
15/06/2020,-72880,-1824442500,23.95(-6.81 %),1300,31360000,74180,1855802500,10904098,35.19
16/06/2020,-51250,-1268329000,24.4(1.88 %),9040,214431000,60290,1482760000,10955348,35.13
17/06/2020,-17130,-419520000,24.15(-1.02 %),7130,173880000,24260,593400000,10844998,35.27
18/06/2020,-20820,-493938000,23.8(-1.45 %),9180,220062000,30000,714000000,10993298,35.08
19/06/2020,-91660,-2158860000,25(5.04 %),50880,1260650000,142540,3419510000,10919408,35.17
22/06/2020,8180,210370000,25.5(2.00 %),9830,252220000,1650,41850000,10933838,35.16
23/06/2020,-4030,-103516000,25.15(-1.37 %),11550,283231000,15580,386747000,11080808,34.97
24/06/2020,-18290,-467279000,24.1(-4.17 %),63610,1549383500,81900,2016662500,11099098,34.95
25/06/2020,-20070,-477110000,24(-0.41 %),20100,482400000,40170,959510000,11012772,35.06
26/06/2020,-52830,-1265301500,23.7(-1.25 %),550,13200000,53380,1278501500,11171998,34.85
29/06/2020,-52830,-1265301500,22.3(-5.91 %),550,13200000,53380,1278501500,11224828,34.79
30/06/2020,-52830,-1265301500,22(-1.35 %),550,13200000,53380,1278501500,11277658,34.72
01/07/2020,-39200,-905650000,23.5(6.82 %),5100,116720000,44300,1022370000,11175892,34.85
02/07/2020,20790,492144500,23.65(0.64 %),20900,494768000,110,2623500,11160202,34.87
03/07/2020,6000,145680000,23.45(-0.85 %),50250,1179799000,44250,1034119000,11154202,34.88
06/07/2020,55170,1329580000,24.25(3.41 %),56240,1355400000,1070,25820000,11135662,34.9
07/07/2020,16200,391700000,24(-1.03 %),35700,869050000,19500,477350000,11100072,34.95
08/07/2020,52950,1281010000,24.2(0.83 %),53320,1289910000,370,8900000,11091002,34.96
09/07/2020,57290,1399150000,24.5(1.24 %),66960,1634610000,9670,235460000,11025112,35.04
10/07/2020,22620,546310000,24.2(-1.22 %),61720,1501950000,39100,955640000,10982892,35.09
13/07/2020,37950,925620500,24.3(0.41 %),39300,958491500,1350,32871000,10912022,35.18
14/07/2020,-129570,-3115820000,24.3(0.00 %),38500,932110000,168070,4047930000,10915132,35.18
15/07/2020,-153150,-3759899000,25.4(4.53 %),52570,1313234500,205720,5073133500,11194742,34.83
16/07/2020,71430,1841060000,25.8(1.57 %),78650,2027290000,7220,186230000,10824362,35.3
17/07/2020,35310,909460000,25.7(-0.39 %),35310,909460000,0,0,10957122,35.13
20/07/2020,18910,466230000,24.45(-4.86 %),40750,1015040000,21840,548810000,11122092,34.92
21/07/2020,34190,842780000,24.8(1.43 %),36580,901160000,2390,58380000,11092732,34.96
22/07/2020,21490,537102500,24.9(0.40 %),33500,837902500,12010,300800000,11013412,35.06
23/07/2020,42410,1044935000,24.7(-0.80 %),43500,1071844500,1090,26909500,10971002,35.11
24/07/2020,109390,2542501500,23(-6.88 %),112330,2612636500,2940,70135000,10861612,35.25
27/07/2020,50020,1075944500,21.4(-6.96 %),50520,1086794500,500,10850000,10811592,35.31
28/07/2020,54470,1216220000,22.45(4.91 %),55970,1248245000,1500,32025000,10757122,35.38
29/07/2020,39470,828064000,20.9(-6.90 %),39470,828064000,0,0,10717652,35.43
30/07/2020,37470,828064000,21.25(1.67 %),39470,828064000,2000,0,10680182,35.48
31/07/2020,91800,1883821500,20.4(-4.00 %),91800,1883821500,0,0,10588382,35.59
03/08/2020,32150,667100000,21(2.94 %),34740,720970000,2590,53870000,10673142,35.49
04/08/2020,14780,317720000,21.5(2.38 %),17930,385680000,3150,67960000,10657212,35.51
05/08/2020,25380,551110000,21.85(1.63 %),26250,570080000,870,18970000,10630962,35.54
06/08/2020,-28360,-611168000,21.5(-1.60 %),6210,135227500,34570,746395500,10696082,35.46
07/08/2020,-25530,-550600000,21.6(0.47 %),0,0,25530,550600000,10721612,35.43
10/08/2020,27210,612880000,22.8(5.56 %),32110,720310000,4900,107430000,10599252,35.58
11/08/2020,-50290,-1145467000,22.7(-0.44 %),4500,102700000,54790,1248167000,10744692,35.4
12/08/2020,-6330,-143290000,22.5(-0.88 %),220,4984000,6550,148274000,10751022,35.39
13/08/2020,-24550,-562877000,22.75(1.11 %),560,12749000,25110,575626000,10775572,35.36
14/08/2020,4520,105510000,22.9(0.66 %),4580,106880000,60,1370000,10709182,35.44
17/08/2020,-29370,-669131000,22.65(-1.09 %),0,0,29370,669131000,10800422,35.33
18/08/2020,-840,-19255500,22.95(1.32 %),0,0,840,19255500,10801262,35.32
19/08/2020,-3410,-77910000,23.1(0.65 %),4350,100937000,7760,178847000,10804672,35.32
20/08/2020,46070,1060350000,23(-0.43 %),47000,1081840000,930,21490000,10718922,35.43
21/08/2020,3200,74230000,23.15(0.65 %),4200,97330000,1000,23100000,10755402,35.38
24/08/2020,72660,1753509000,24.65(6.48 %),78110,1884149000,5450,130640000,10682742,35.47
25/08/2020,-46960,-1140610000,24.5(-0.61 %),79940,1978470000,126900,3119080000,10566202,35.62
26/08/2020,38410,935110000,24.4(-0.41 %),52240,1272660000,13830,337550000,10514962,35.69
27/08/2020,-8160,-187980000,23.65(-3.07 %),53510,1264370000,61670,1452350000,10466902,35.75
28/08/2020,-13410,-317630500,24.1(1.90 %),38550,929174500,51960,1246805000,10712862,35.44
31/08/2020,98950,2358847000,23.8(-1.24 %),113000,2692755500,14050,333908500,10613912,35.56
01/09/2020,50500,1178631500,23.95(0.63 %),116100,2749911500,65600,1571280000,10517752,35.68
03/09/2020,-9640,-231500000,23.8(-0.63 %),7100,169610000,16740,401110000,10446516,35.77
04/09/2020,6890,162427000,23.4(-1.68 %),8720,205283500,1830,42856500,10520502,35.68
07/09/2020,-7140,-167589500,23(-1.71 %),380,8915000,7520,176504500,10527642,35.67
08/09/2020,58070,1342770000,23.35(1.52 %),63180,1460270000,5110,117500000,10470633,35.74
09/09/2020,-1310,-30400000,23.5(0.64 %),5310,123370000,6620,153770000,10467153,35.75
10/09/2020,-29710,-711462500,24.45(4.04 %),21310,512864500,51020,1224327000,10500592,35.71
11/09/2020,-9330,-226385000,24.1(-1.43 %),2550,62060000,11880,288445000,10509922,35.69
14/09/2020,5020,119886500,25.1(4.15 %),60140,1496270500,55120,1376384000,10504902,35.7
15/09/2020,-29150,-727466500,24.8(-1.20 %),17080,427499500,46230,1154966000,10534052,35.66
16/09/2020,6400,161021500,25.1(1.21 %),19860,497845500,13460,336824000,10527652,35.67
17/09/2020,26910,671600500,24.9(-0.80 %),44110,1098252500,17200,426652000,10500742,35.7
18/09/2020,42150,1049280000,24.9(0.00 %),45150,1123830000,3000,74550000,10440454,35.78
21/09/2020,-39560,-1013744000,25.3(1.61 %),14880,383626500,54440,1397370500,10498152,35.71
22/09/2020,20590,519266500,25.3(0.00 %),41050,1038950500,20460,519684000,10477562,35.73
23/09/2020,-33980,-867319000,25.3(0.00 %),0,0,33980,867319000,10511542,35.69
24/09/2020,-19380,-482130000,24.65(-2.57 %),850,21200000,20230,503330000,10471774,35.74
25/09/2020,-2210,-53829000,24.4(-1.01 %),280,6828000,2490,60657000,10533132,35.66
28/09/2020,-6670,-162424500,24.35(-0.20 %),330,8025500,7000,170450000,10539802,35.66
29/09/2020,1700,41523500,23.8(-2.26 %),2750,66962500,1050,25439000,10538102,35.66
30/09/2020,-890,-20700000,24(0.84 %),4170,99220000,5060,119920000,10541404,35.65
01/10/2020,-9480,-229360000,24.2(0.83 %),520,12640000,10000,242000000,10547884,35.65
02/10/2020,4760,116494500,24.1(-0.41 %),5890,143827000,1130,27332500,10543644,35.65
05/10/2020,110420,2659240000,24.05(-0.21 %),110420,2659240000,0,0,10437684,35.78
06/10/2020,62330,1503882000,24.45(1.66 %),62610,1510630000,280,6748000,10370894,35.87
07/10/2020,21720,549060000,25.05(2.45 %),24720,624810000,3000,75750000,10361484,35.88
08/10/2020,-1960,-48540000,24.6(-1.80 %),1300,32110000,3260,80650000,10351134,35.89
09/10/2020,23370,575520000,24.45(-0.61 %),100400,2462340000,77030,1886820000,10260064,36.01
12/10/2020,-12510,-302290000,23.6(-3.48 %),22620,552410000,35130,854700000,10240444,36.03
13/10/2020,-9280,-223740000,23.9(1.27 %),1640,39180000,10920,262920000,10242064,36.03
14/10/2020,-33070,-784654000,23.7(-0.84 %),114230,2716925000,147300,3501579000,10382624,35.85
15/10/2020,-85270,-2000490000,23.3(-1.69 %),114730,2671910000,200000,4672400000,10125264,36.18
16/10/2020,1250,29809000,23.6(1.29 %),3150,74210000,1900,44401000,10466644,35.75
19/10/2020,4850,113490000,23.4(-0.85 %),4850,113490000,0,0,10275484,35.99
20/10/2020,-2250,-52392500,23.1(-1.28 %),450,10388500,2700,62781000,10464044,35.75
21/10/2020,2100,48720000,23.05(-0.22 %),2100,48720000,0,0,10461944,35.75
22/10/2020,40,924000,23.1(0.22 %),40,924000,0,0,10461904,35.75
23/10/2020,34020,794366000,23.4(1.30 %),34020,794366000,0,0,10427884,35.8
26/10/2020,22470,519230000,22.9(-2.14 %),36850,854100000,14380,334870000,10406624,35.82
27/10/2020,50,1150000,22.1(-3.49 %),50,1150000,0,0,10406574,35.82
28/10/2020,-64600,-1386602500,21.1(-4.52 %),350,7515000,64950,1394117500,10469964,35.74
29/10/2020,-71990,-1494511500,21.2(0.47 %),10010,210916500,82000,1705428000,10541954,35.65
30/10/2020,-30750,-641760000,20.85(-1.65 %),250,5240000,31000,647000000,10410344,35.82
02/11/2020,-50900,-1061941500,21(0.72 %),3450,71899000,54350,1133840500,10475294,35.74
03/11/2020,-61260,-1298910000,22(4.76 %),7490,160440000,68750,1459350000,10546354,35.65
04/11/2020,2640,59430000,22.3(1.36 %),5120,114870000,2480,55440000,10572234,35.61
05/11/2020,-89240,-1977280000,22.4(0.45 %),5890,130730000,95130,2108010000,10620694,35.55
06/11/2020,-28580,-630530000,22.25(-0.67 %),1890,41890000,30470,672420000,10687554,35.47
09/11/2020,2830,65500000,22.6(1.57 %),11790,264860000,8960,199360000,10678244,35.48
10/11/2020,-62850,-1417390000,22.4(-0.88 %),2630,59510000,65480,1476900000,10770744,35.36
11/11/2020,105630,2374780000,22.5(0.45 %),105630,2374780000,0,0,10695584,35.46
12/11/2020,2500,56850000,23.15(2.89 %),3000,68400000,500,11550000,10701544,35.45
13/11/2020,-13730,-316671000,22.95(-0.86 %),100,2305000,13830,318976000,10617354,35.56
16/11/2020,-379020,-8393340000,22.1(-3.70 %),2100,47565000,381120,8440905000,10996374,35.08
17/11/2020,-61950,-1374130000,22.45(1.58 %),13350,298540000,75300,1672670000,10751974,35.39
18/11/2020,-202090,-4477430000,22.2(-1.11 %),7240,162190000,209330,4639620000,10758564,35.38
19/11/2020,111360,2514486500,22.6(1.80 %),212050,4769980000,100690,2255493500,11149054,34.88
20/11/2020,-82270,-1857433500,22.7(0.44 %),1730,39358500,84000,1896792000,11231324,34.78
23/11/2020,-306270,-6869380000,22.4(-1.32 %),1040,23360000,307310,6892740000,11209494,34.81
24/11/2020,-598490,-13411319500,0(0.00 %),210850,4727507500,809340,18138827000,12136084,33.63
25/11/2020,-391960,-8740370000,22.2(-0.89 %),2040,45410000,394000,8785780000,11181294,34.84
26/11/2020,-199470,-4433045500,22.2(0.00 %),740,16446500,200210,4449492000,11380764,34.59
27/11/2020,-149900,-3334750000,22.2(0.00 %),60,1340000,149960,3336090000,12297144,33.43
30/11/2020,-1420980,-33129190000,23.75(6.98 %),47190,1094820000,1468170,34224010000,12643954,32.99
01/12/2020,-104290,-25525110000,24.3(2.32 %),2325,574980000,106615,26100090000,12820914,32.77
02/12/2020,-281300,-6815150000,24.05(-1.03 %),33190,807570000,314490,7622720000,12937684,32.62
03/12/2020,-68848,-17484160000,25.7(6.86 %),4342,1091990000,73190,18576150000,14362446,30.82
04/12/2020,-68070,-1775970000,25.65(-0.19 %),10750,277310000,78820,2053280000,15417846,29.48
07/12/2020,-36020,-959720000,26(1.36 %),22710,590700000,58730,1550420000,15709626,29.11
08/12/2020,21410,554868000,25.65(-1.35 %),25610,662648000,4200,107780000,13896624,31.41
09/12/2020,-121260,-3179610000,25.8(0.58 %),88750,2320950000,210010,5500560000,16405986,28.23
10/12/2020,-256630,-6516948000,25(-3.10 %),24540,631214000,281170,7148162000,14274514,30.93
11/12/2020,-473710,-11990241500,25.45(1.80 %),311290,7814160000,785000,19804401500,14748224,30.33
14/12/2020,-1785340,-48116752500,27.2(6.88 %),88320,2347737500,1873660,50464490000,16533564,28.07
15/12/2020,-1788440,-48186660000,26.8(-1.47 %),68820,1885040000,1857260,50071700000,16467131,28.15
16/12/2020,-59710,-16662280000,28.15(5.04 %),9395,2614990000,69105,19277270000,17158181,27.28
17/12/2020,-80458,-23070430000,28.5(1.24 %),9532,2741930000,89990,25812360000,18936521,25.02
18/12/2020,-43648,-12649030000,29(1.75 %),25518,7294650000,69166,19943680000,20538601,23.0
21/12/2020,-288120,-8438405000,29.1(0.34 %),57380,1669234000,345500,10107639000,20448284,23.11
22/12/2020,-108120,-3137660000,28.9(-0.69 %),60360,1756070000,168480,4893730000,22011811,21.13
23/12/2020,-527780,-15436650000,29.2(1.04 %),15400,445190000,543180,15881840000,22688071,20.27
24/12/2020,-181890,-5318778500,29.3(0.34 %),203600,5693113000,385490,11011891500,21266074,22.07
25/12/2020,-35042,-10857890000,31.35(7.00 %),7991,2470350000,43033,13328240000,22918541,19.98
28/12/2020,-307330,-9820214000,32.9(4.94 %),62870,2046553500,370200,11866767500,21923824,21.24
29/12/2020,-28820,-952310000,32.6(-0.91 %),7690,250230000,36510,1202540000,23776651,18.9
30/12/2020,-14150,-203519240,32(-1.84 %),15100,276643800,29250,480163040,21966794,21.19
31/12/2020,6550,215368500,32(0.00 %),18280,589843000,11730,374474500,24185335,18.38
04/01/2021,630,209700000,32.3(0.94 %),2630,858690000,2000,648990000,24554015,17.91
05/01/2021,970,324770000,32.7(1.24 %),1770,588640000,800,263870000,24565565,17.9
06/01/2021,4310,1428570000,32.5(-0.61 %),9280,3053470000,4970,1624900000,24484495,18.0
07/01/2021,100300,3364950000,34.3(5.54 %),109300,3660440000,9000,295490000,24400915,18.11
08/01/2021,-28690,-9770150000,33.95(-1.02 %),1560,531180000,30250,10301330000,24387595,18.12
11/01/2021,-12400,-413865000,34.15(0.59 %),10400,353310000,22800,767175000,24700215,17.73
12/01/2021,120,42670000,34.2(0.15 %),1670,568850000,1550,526180000,24419195,18.08
13/01/2021,-15010,-5219210000,34.3(0.29 %),8550,2988550000,23560,8207760000,24636195,17.81
14/01/2021,-9300,-319235000,34.25(-0.15 %),800,27525000,10100,346760000,24858415,17.53
15/01/2021,-27300,-931285000,33.9(-1.02 %),25400,877385000,52700,1808670000,24885715,17.49
18/01/2021,-4180,-1400350000,34.35(1.33 %),1960,675920000,6140,2076270000,24864295,17.52
19/01/2021,29710,9584280000,31.95(-6.99 %),34450,11111540000,4740,1527260000,24529895,17.94
20/01/2021,24000,687570000,31.3(-2.03 %),57900,1743735000,33900,1056165000,24606415,17.85
21/01/2021,-61700,-1943195000,32.9(5.11 %),12300,401645000,74000,2344840000,24668115,17.77
22/01/2021,-43400,-1427410000,32.7(-0.61 %),20200,666000000,63600,2093410000,24711515,17.71
25/01/2021,26500,866910000,32.7(0.00 %),39300,1288605000,12800,421695000,24685015,17.75
26/01/2021,-25500,-775950000,30.5(-6.73 %),21300,678165000,46800,1454115000,24710515,17.71
27/01/2021,238300,6978620000,28.4(-6.89 %),246400,7208825000,8100,230205000,24472215,18.02
28/01/2021,-3000,-79350000,26.45(-6.87 %),18000,476100000,21000,555450000,24475215,18.01
29/01/2021,77500,1983130000,26.2(-0.95 %),86000,2205585000,8500,222455000,24397715,18.11
01/02/2021,19030,5019000000,24.4(-6.87 %),23310,6076790000,4280,1057790000,24196007,18.37
02/02/2021,23050,5262780000,24.2(-0.82 %),24400,5589380000,1350,326600000,23973007,18.65
03/02/2021,-31900,-781250000,25.85(6.82 %),12500,312990000,44400,1094240000,24230507,18.32
04/02/2021,-15220,-4081090000,26.8(3.68 %),800,211150000,16020,4292240000,24003817,18.61
05/02/2021,-4220,-1132330000,27(0.75 %),180,48840000,4400,1181170000,24015517,18.59
08/02/2021,22570,5836520000,25.9(-4.07 %),30800,7985840000,8230,2149320000,23751757,18.93
09/02/2021,3940,1026530000,26.3(1.54 %),4300,1120560000,360,94030000,23868957,18.78
17/02/2021,5720,1563150000,27.95(6.27 %),6060,1657270000,340,94120000,23852418,18.8
18/02/2021,5800,164475000,28.2(0.89 %),14100,397345000,8300,232870000,24096807,18.49
19/02/2021,-5010,-1457990000,29.15(3.37 %),250,70430000,5260,1528420000,23921718,18.71
22/02/2021,-7420,-2202860000,29.35(0.69 %),1260,373930000,8680,2576790000,23912488,18.72
23/02/2021,-17000,-496885000,29.05(-1.02 %),0,0,17000,496885000,24238107,18.31
24/02/2021,-19100,-555365000,28.4(-2.24 %),200000,5805770000,219100,6361135000,24257207,18.29
25/02/2021,-17060,-4777500000,28.05(-1.23 %),160,45120000,17220,4822620000,23858588,18.79
26/02/2021,-144400,-4046850000,28(-0.18 %),7400,206840000,151800,4253690000,24572207,17.89
01/03/2021,-28680,-8121960000,28.45(1.61 %),1510,429700000,30190,8551660000,24072188,18.52
02/03/2021,-356500,-10352730000,29(1.93 %),7000,203400000,363500,10556130000,24443788,18.05
03/03/2021,-43310,-12435390000,28.7(-1.03 %),340,98000000,43650,12533390000,24385788,18.12
04/03/2021,-111400,-3181165000,27.8(-3.14 %),2300,65970000,113700,3247135000,24988288,17.36
05/03/2021,-25400,-706505000,27.7(-0.36 %),5800,160875000,31200,867380000,25013688,17.33
08/03/2021,-24300,-6801550000,27.8(0.36 %),700,195150000,25000,6996700000,25472588,16.75
09/03/2021,-48330,-13366180000,27.6(-0.72 %),2100,583740000,50430,13949920000,25565258,16.63
10/03/2021,-468700,-13187990000,28.2(2.17 %),39500,1117265000,508200,14305255000,26208688,15.82
11/03/2021,-490500,-14083465000,28.9(2.48 %),13100,376890000,503600,14460355000,26699188,15.2
12/03/2021,-18020,-5219950000,28.9(0.00 %),1550,447820000,19570,5667770000,26282698,15.72
15/03/2021,-52990,-15164170000,28.55(-1.21 %),80,22920000,53070,15187090000,26790098,15.08
16/03/2021,6300,178020000,28.3(-0.88 %),9900,280080000,3600,102060000,27402988,14.3
17/03/2021,-682500,-20424815000,30.25(4.85 %),28400,855025000,710900,21279840000,28085488,13.44
18/03/2021,-126900,-3894775000,30.4(0.50 %),4300,134025000,131200,4028800000,28212388,13.28
19/03/2021,-390000,-11836920000,30.4(0.00 %),4300,130730000,394300,11967650000,28602388,12.79
22/03/2021,-206300,-6279535000,30.25(-0.49 %),29400,902130000,235700,7181665000,28808688,12.52
23/03/2021,-290600,-8914050000,30.85(1.98 %),400,12080000,291000,8926130000,29099288,12.16
24/03/2021,354000,11073865000,31.5(2.11 %),510400,16078065000,156400,5004200000,28745288,12.61
25/03/2021,60,18780000,31.15(-1.11 %),80,25130000,20,6350000,28907860,12.4
26/03/2021,400,120440000,30(-3.69 %),560,169200000,160,48760000,29193010,12.04
29/03/2021,10600,319545000,30.5(1.67 %),11100,334655000,500,15110000,28730088,12.62
30/03/2021,7940,2397550000,30.25(-0.82 %),8350,2521200000,410,123650000,29255010,11.96
31/03/2021,-69600,-2125200000,30.45(0.66 %),8400,256270000,78000,2381470000,28720288,12.64
01/04/2021,-29940,-9221360000,30.75(0.99 %),880,268390000,30820,9489750000,29239910,11.98
02/04/2021,-4730,-1468160000,30.9(0.49 %),3670,1140340000,8400,2608500000,29207310,12.02
05/04/2021,-2210,-681900000,30.9(0.00 %),2170,668950000,4380,1350850000,29263610,11.95
06/04/2021,-9100,-281200000,31.35(1.46 %),600,18720000,9700,299920000,29327210,11.87
07/04/2021,-2700,-94090000,32.5(3.67 %),41500,1337170000,44200,1431260000,29329910,11.86
08/04/2021,27200,888445000,32.5(0.00 %),35900,1168960000,8700,280515000,29302710,11.9
09/04/2021,23800,758520000,32.3(-0.62 %),42800,1370410000,19000,611890000,29278910,11.93
12/04/2021,-9980,-3164140000,31.9(-1.24 %),320,101570000,10300,3265710000,29629510,11.49
13/04/2021,-5200,-153610000,30.5(-4.39 %),13800,429770000,19000,583380000,29383910,11.8
14/04/2021,990,312720000,30.7(0.66 %),2780,852880000,1790,540160000,29615610,11.5
15/04/2021,40600,1224405000,29.8(-2.93 %),53700,1622065000,13100,397660000,29333410,0.0
16/04/2021,1350,395120000,28.65(-3.86 %),1790,523550000,440,128430000,29666010,11.44
19/04/2021,19200,562970000,29.3(2.27 %),24000,701315000,4800,138345000,29300710,11.9
20/04/2021,21940,6424920000,29.4(0.34 %),24200,7089230000,2260,664310000,29431010,11.74
22/04/2021,210800,6100570000,28(-4.76 %),213900,6189805000,3100,89235000,28870510,12.45
23/04/2021,1770,490470000,28.3(1.07 %),2160,598180000,390,107710000,29204710,12.02
26/04/2021,142600,3938605000,26.8(-5.30 %),164700,4537880000,22100,599275000,28710210,12.65
27/04/2021,1210,324710000,26.8(0.00 %),1320,354220000,110,29510000,29052600,12.22
28/04/2021,16400,446945000,27.25(1.68 %),20200,550275000,3800,103330000,28681710,12.69
29/04/2021,-690,-191570000,27(-0.92 %),480,129840000,1170,321410000,29053600,12.21
04/05/2021,2140,565950000,26.9(-0.37 %),2760,729830000,620,163880000,29027100,12.25
05/05/2021,5100,145710000,28.05(4.28 %),7900,221970000,2800,76260000,29049600,12.22
06/05/2021,-11800,-329995000,27.6(-1.60 %),4000,110860000,15800,440855000,29061400,12.2
07/05/2021,311100,8512840000,27.1(-1.81 %),318900,8724660000,7800,211820000,28750300,12.6
10/05/2021,29800,784325000,26.65(-1.66 %),41700,1099690000,11900,315365000,28720500,12.64
11/05/2021,3040,828460000,27(1.31 %),3040,828460000,0,0,28664500,12.71
12/05/2021,2600,711460000,27.3(1.11 %),3200,874660000,600,163200000,28640300,12.74
13/05/2021,-340,-91960000,26.85(-1.65 %),80,21720000,420,113680000,28651400,12.72
14/05/2021,3850,1037310000,26.95(0.37 %),5930,1595890000,2080,558580000,28592100,12.8
17/05/2021,57700,1549050000,26.55(-1.48 %),91100,2437845000,33400,888795000,28571300,12.83
18/05/2021,9500,257025000,25.9(-2.45 %),19300,514100000,9800,257075000,28561800,12.84
19/05/2021,2190,556800000,25.15(-2.90 %),2310,587220000,120,30420000,28489600,12.93
20/05/2021,-1400,-36125000,24.3(-3.38 %),4800,119190000,6200,155315000,28541300,12.86
21/05/2021,17230,4248230000,25.8(6.17 %),22860,5678430000,5630,1430200000,28299320,13.17
24/05/2021,4500,119955000,25.85(0.19 %),15200,397900000,10700,277945000,28364500,13.09
25/05/2021,27880,7211800000,26(0.58 %),29830,7714330000,1950,502530000,27993220,13.56
26/05/2021,335200,8650690000,25.75(-0.96 %),335400,8655840000,200,5150000,27750500,13.86
27/05/2021,-4400,-110785000,25.1(-2.52 %),2200,55490000,6600,166275000,27754900,13.86
28/05/2021,1960,491360000,25.1(0.00 %),2840,711750000,880,220390000,27713720,13.91
31/05/2021,2200,59550000,24.9(-0.80 %),22600,567155000,20400,507605000,27733100,13.89
01/06/2021,-430,-104600000,24.6(-1.20 %),140,34480000,570,139080000,27696520,13.93
02/06/2021,2300,569390000,25.05(1.83 %),2300,569390000,0,0,27682320,13.95
03/06/2021,14660,3734150000,25.7(2.59 %),14660,3734150000,0,0,27556120,14.11
04/06/2021,11500,2995150000,26(1.17 %),12050,3138770000,550,143620000,27441320,14.26
07/06/2021,870,226280000,25.9(-0.38 %),1300,338870000,430,112590000,27428320,14.27
08/06/2021,-6140,-1599160000,25.9(0.00 %),1100,293080000,7240,1892240000,27417320,14.29
09/06/2021,-140,-38170000,25.8(-0.39 %),700,179320000,840,217490000,27415820,14.29
10/06/2021,22500,5789570000,25.8(0.00 %),23740,6109710000,1240,320140000,27182720,14.58
11/06/2021,5870,1543460000,26.2(1.55 %),6690,1755640000,820,212180000,27188220,14.58
14/06/2021,29400,781655000,27.1(3.44 %),40400,1082100000,11000,300445000,27154320,14.62
15/06/2021,-4690,-1313730000,28(3.32 %),370,103560000,5060,1417290000,27164920,14.61
16/06/2021,-26800,-737430000,27.4(-2.14 %),12900,355650000,39700,1093080000,27228020,14.53
17/06/2021,-5600,-155490000,27.8(1.46 %),200,5400000,5800,160890000,27233620,14.52
18/06/2021,-2230,-643830000,28.6(2.88 %),1390,397210000,3620,1041040000,27207720,14.55
21/06/2021,-119600,-3390875000,28(-2.10 %),4400,124640000,124000,3515515000,27375520,14.34
22/06/2021,39600,1112875000,27.9(-0.36 %),42100,1182850000,2500,69975000,27335920,14.39
23/06/2021,3130,863090000,27.2(-2.51 %),6440,1769450000,3310,906360000,27178520,14.59
24/06/2021,1430,386830000,26.65(-2.02 %),1430,386830000,0,0,27288220,14.45
25/06/2021,700,188730000,26.9(0.94 %),740,199430000,40,10700000,27283320,14.46
28/06/2021,13200,3594060000,27.65(2.79 %),13540,3685730000,340,91670000,27181020,14.59
29/06/2021,175600,4828905000,27.5(-0.54 %),183500,5047120000,7900,218215000,26975720,14.85
30/06/2021,-200,-54300000,27.1(-1.45 %),50,13700000,250,68000000,26997431,14.82
01/07/2021,38000,1041065000,27.55(1.66 %),38300,1049270000,300,8205000,27000831,14.81
02/07/2021,360,99400000,27.5(-0.18 %),480,132700000,120,33300000,26965631,14.86
05/07/2021,610,166890000,29.4(6.91 %),2710,774080000,2100,607190000,26941031,14.89
06/07/2021,-365400,-10876680000,27.35(-6.97 %),1900,56750000,367300,10933430000,27356531,14.36
07/07/2021,64200,1831065000,29.25(6.95 %),65300,1862110000,1100,31045000,27292331,14.44
08/07/2021,-33100,-9777010000,28.9(-1.20 %),120,35250000,33220,9812260000,26895131,14.95
09/07/2021,-463800,-13887175000,29.1(0.69 %),49700,1470045000,513500,15357220000,28087131,13.44
12/07/2021,-484500,-14336985000,30.15(3.61 %),30100,892860000,514600,15229845000,28571631,12.83
13/07/2021,-1500,-47005000,30.95(2.65 %),6900,211225000,8400,258230000,28573131,12.82
14/07/2021,-57300,-1727470000,29.5(-4.68 %),23500,724620000,80800,2452090000,28630431,12.75
15/07/2021,-13200,-392035000,29.5(0.00 %),2800,82985000,16000,475020000,28643631,12.73
16/07/2021,-16010,-4975030000,30.4(3.05 %),15310,4546530000,31320,9521560000,28366131,13.09
19/07/2021,-470100,-14563010000,30.7(0.99 %),39700,1232635000,509800,15795645000,29273831,11.94
20/07/2021,-499000,-15255785000,30.35(-1.14 %),5100,158080000,504100,15413865000,29772831,11.3
21/07/2021,-329000,-10524730000,32.15(5.93 %),10000,308130000,339000,10832860000,30101831,10.89
22/07/2021,10750,3584290000,33.5(4.20 %),11740,3916360000,990,332070000,29113731,12.14
23/07/2021,17230,5791800000,33.8(0.90 %),21280,7143030000,4050,1351230000,29405031,11.77
26/07/2021,110000,3867245000,36.15(6.95 %),347900,12231405000,237900,8364160000,29712031,11.38
27/07/2021,-13860,-4951270000,36.15(0.00 %),22740,8239610000,36600,13190880000,29178631,12.06
28/07/2021,-94300,-3351820000,35(-3.18 %),112000,3947475000,206300,7299295000,29944931,11.09
29/07/2021,31530,11759170000,37.45(7.00 %),33930,12643770000,2400,884600000,29005731,12.28
30/07/2021,35700,1328010000,37.45(0.00 %),196900,7456250000,161200,6128240000,29593931,11.53
02/08/2021,212500,8077650000,37.8(0.93 %),213500,8115010000,1000,37360000,29381131,11.8
03/08/2021,-72900,-2743115000,37.9(0.26 %),59100,2230770000,132000,4973885000,29454031,11.71
04/08/2021,49900,1876795000,37.65(-0.66 %),68800,2588490000,18900,711695000,29404131,11.77
05/08/2021,131500,4908365000,37.35(-0.80 %),141400,5277660000,9900,369295000,29272631,11.94
06/08/2021,204700,7994355000,38.9(4.15 %),221300,8646825000,16600,652470000,29067931,12.2
09/08/2021,52200,2043035000,39.3(1.03 %),58200,2278020000,6000,234985000,29015731,12.26
10/08/2021,81400,3366115000,40.75(3.69 %),146200,5914390000,64800,2548275000,28934331,12.37
11/08/2021,43700,1821855000,41.5(1.72 %),113200,4728865000,69500,2907010000,28890631,12.42
12/08/2021,224100,9302375000,40.8(-1.69 %),239000,9917615000,14900,615240000,28666531,12.7
13/08/2021,375500,14567356000,42(2.94 %),376700,14611966500,1200,44610500,28291031,13.18
16/08/2021,46500,1976865000,42(0.00 %),58300,2474565000,11800,497700000,28244531,13.24
17/08/2021,225300,9643965000,43.4(3.33 %),225300,9643965000,0,0,27840431,13.75
18/08/2021,-114900,-4963450000,43(-0.92 %),28800,1247125000,143700,6210575000,28359431,13.09
19/08/2021,97100,4142010000,42.6(-0.93 %),109700,4677435000,12600,535425000,28262331,13.22
20/08/2021,35200,1429585000,39.95(-6.22 %),74700,3071380000,39500,1641795000,28227131,13.26
23/08/2021,-6500,-336395000,37.8(-5.38 %),133700,5184310000,140200,5520705000,28233631,13.25
24/08/2021,289200,11173520000,39.4(4.23 %),306500,11828555000,17300,655035000,27944431,13.62
25/08/2021,-176000,-6841680000,39(38.79 %),3100,120170000,179100,6961850000,28120431,13.4
26/08/2021,-70400,-2786040000,39.5(1.28 %),15900,635685000,86300,3421725000,28190831,13.31
27/08/2021,23000,911685000,40.9(3.54 %),23300,923655000,300,11970000,28167831,13.34
30/08/2021,267800,11142210000,41.4(1.22 %),294800,12260560000,27000,1118350000,27900031,13.68
31/08/2021,-22300,-901575000,41.2(-0.48 %),43200,1783375000,65500,2684950000,27922331,13.65
01/09/2021,1100,46875000,42.3(2.67 %),3900,162360000,2800,115485000,27573405,14.09
06/09/2021,41700,1792190000,42.85(1.30 %),81200,3485205000,39500,1693015000,27531705,14.14
07/09/2021,-44700,-1874900000,41(-4.32 %),79400,3325165000,124100,5200065000,27576405,14.09
08/09/2021,-97900,-3982720000,39.9(-2.68 %),56900,2298735000,154800,6281455000,27674305,13.96
09/09/2021,246100,9973280000,40.95(2.63 %),251300,10182045000,5200,208765000,27428205,14.27
10/09/2021,32200,1320990000,40.85(-0.24 %),56200,2299270000,24000,978280000,27396005,14.31
13/09/2021,71200,3094200000,43.65(6.85 %),127300,5500725000,56100,2406525000,27324805,14.4
14/09/2021,241000,11030635000,45.6(4.35 %),285600,13071650000,44600,2041015000,27083805,14.71
15/09/2021,263600,11981200000,45.7(0.22 %),275700,12532790000,12100,551590000,26820205,15.04
16/09/2021,46000,2102400000,45.8(0.22 %),46000,2102400000,0,0,26774205,15.1
17/09/2021,266800,12410025000,47(2.62 %),347800,16208530000,81000,3798505000,26507405,15.44
20/09/2021,-61100,-2835985000,45(-4.26 %),38000,1804400000,99100,4640385000,26568505,15.36
21/09/2021,-64600,-2953120000,46.45(3.22 %),82200,3683845000,146800,6636965000,26633105,15.28
22/09/2021,-97100,-4478525000,45.9(-1.18 %),11500,531150000,108600,5009675000,26730205,15.16
23/09/2021,29200,1339460000,45.55(-0.76 %),29200,1339460000,0,0,26701005,15.19
24/09/2021,14600,658280000,44(-3.40 %),16500,744400000,1900,86120000,26686405,15.21
27/09/2021,178000,8028885000,44(0.00 %),197000,8879905000,19000,851020000,26508405,15.44
28/09/2021,91700,4118770000,45(2.27 %),109200,4899465000,17500,780695000,26416705,15.55
29/09/2021,-35300,-1572990000,45.4(0.89 %),300,13425000,35600,1586415000,26452005,15.51
30/09/2021,60500,2871695000,47.55(4.74 %),170400,8080320000,109900,5208625000,26391505,15.59
01/10/2021,87600,4221995000,47.55(0.00 %),847148,37954374000,759548,33732379000,26220850,15.8
04/10/2021,-46300,-2216060000,47(-1.16 %),30000,1423005000,76300,3639065000,26267150,15.74
05/10/2021,-28900,-1358545000,46.95(-0.11 %),500,23400000,29400,1381945000,26296050,15.71
06/10/2021,-2900,-143400000,47.55(1.28 %),29100,1386400000,32000,1529800000,26298950,0.0
07/10/2021,14100,674245000,48.5(2.00 %),71900,3471330000,57800,2797085000,26284850,0.0
08/10/2021,-65700,-3168195000,48(-1.03 %),5500,266620000,71200,3434815000,26350550,0.0
11/10/2021,-46500,-2153367400,47.3(-1.46 %),2000,47431000,48500,2200798400,26397050,0.0
12/10/2021,149900,7129560000,47.55(0.53 %),172600,8202145000,22700,1072585000,26247150,0.0
13/10/2021,-5200,-241515000,46.9(-1.37 %),14900,707530000,20100,949045000,26252350,0.0
14/10/2021,13900,651730000,47(0.21 %),25700,1211510000,11800,559780000,26238450,0.0
15/10/2021,289800,13862855000,47.7(1.49 %),291100,13925340000,1300,62485000,25948650,0.0
18/10/2021,-57000,-2696875000,47.2(-1.05 %),3000,143090000,60000,2839965000,26005650,0.0
19/10/2021,-1400,-64880000,46.95(-0.53 %),3000,141600000,4400,206480000,26007050,0.0
20/10/2021,-5700,-259690000,46(-2.02 %),35200,1632945000,40900,1892635000,26012750,0.0
21/10/2021,47800,2237315000,47.4(3.04 %),79900,3714905000,32100,1477590000,25959250,0.0
22/10/2021,25300,1202940000,47.7(0.63 %),27900,1325455000,2600,122515000,25933950,0.0
25/10/2021,-1000,-48000000,47.3(-0.84 %),0,0,1000,48000000,25934950,0.0
26/10/2021,49100,2322370000,47.85(1.16 %),56100,2649125000,7000,326755000,25885850,0.0
27/10/2021,17000,829810000,51.1(6.79 %),17600,860420000,600,30610000,25868850,0.0
28/10/2021,203400,10567350000,51.9(1.57 %),209800,10903390000,6400,336040000,25665450,16.5
29/10/2021,111900,5807350000,52.1(0.39 %),112400,5833230000,500,25880000,25553550,16.65
01/11/2021,139800,7617690000,54.9(5.37 %),143500,7818550000,3700,200860000,25730784,16.42
02/11/2021,183900,10144740000,56.4(2.73 %),191600,10574280000,7700,429540000,25546884,16.65
03/11/2021,0,0,52.6(-6.74 %),0,0,0,0,25546884,16.65
04/11/2021,0,0,54.4(3.42 %),0,0,0,0,25546884,16.65
05/11/2021,68600,3711700000,55.5(2.02 %),80500,4368530000,11900,656830000,25478284,0.0
08/11/2021,-63500,-3522430000,54.8(-1.26 %),27300,1505920000,90800,5028350000,25610384,16.57
09/11/2021,6400,353370000,54.2(-1.09 %),11400,625500000,5000,272130000,25603984,16.58
10/11/2021,0,0,54.8(1.11 %),0,0,0,0,25603984,16.58
11/11/2021,63500,3483140000,54.5(-0.55 %),73000,4001230000,9500,518090000,25540484,16.66
12/11/2021,97200,5547970000,58.3(6.97 %),100300,5727870000,3100,179900000,25443284,16.79
15/11/2021,31200,1862600000,59.2(1.54 %),78600,4672270000,47400,2809670000,25412084,16.83
16/11/2021,55900,3287200000,58(-2.03 %),72900,4276990000,17000,989790000,25356184,16.9
17/11/2021,391600,23498940000,60.8(4.83 %),428800,25754700000,37200,2255760000,24964584,17.39
18/11/2021,-14600,-895000000,60.5(-0.49 %),4300,261630000,18900,1156630000,24979184,17.37
19/11/2021,-68500,-4072560000,59(-2.48 %),11400,667770000,79900,4740330000,25047684,17.29
22/11/2021,41600,2336260000,55.9(-5.25 %),75500,4288600000,33900,1952340000,25006084,17.34
23/11/2021,271100,15711880000,59(5.55 %),280800,16261200000,9700,549320000,24734984,17.68
24/11/2021,100600,5952200000,58.9(-0.17 %),111700,6607980000,11100,655780000,24634384,17.81
25/11/2021,25400,1506190000,59.4(0.85 %),44000,2608800000,18600,1102610000,24608984,17.84
26/11/2021,10800,601110000,58.2(-2.02 %),73600,4300370000,62800,3699260000,24598184,0.0
29/11/2021,0,0,57.3(-1.55 %),0,0,0,0,24598184,17.86
30/11/2021,157800,9328920000,58(1.22 %),218600,12891800000,60800,3562880000,24440384,18.06
01/12/2021,179000,10726940000,61.5(6.03 %),222800,13360120000,43800,2633180000,23737299,18.95
02/12/2021,158600,10080970000,63(2.44 %),265600,16718390000,107000,6637420000,23578699,19.15
03/12/2021,124800,7816840000,62(-1.59 %),146200,9146290000,21400,1329450000,23453899,19.3
06/12/2021,79500,4787530000,60(-3.23 %),120400,7235270000,40900,2447740000,23374399,19.41
07/12/2021,35600,2190690000,62.1(3.50 %),109100,6697310000,73500,4506620000,23338799,19.45
08/12/2021,1400,91860000,64.3(3.54 %),16000,998890000,14600,907030000,23337399,19.45
09/12/2021,57600,3872190000,68.8(7.00 %),62400,4194340000,4800,322150000,23279799,0.0
10/12/2021,280400,19783820000,71.8(4.36 %),311000,21924100000,30600,2140280000,22999399,19.88
13/12/2021,140900,10602580000,75.7(5.43 %),155600,11706890000,14700,1104310000,22858499,20.06
14/12/2021,700,18920000,76.5(1.06 %),27500,2098580000,26800,2079660000,22857799,0.0
15/12/2021,31700,2441510000,77(0.65 %),39500,3043000000,7800,601490000,22826099,0.0
16/12/2021,24000,1849970000,76.2(-1.04 %),26700,2057520000,2700,207550000,22802099,0.0
17/12/2021,-107100,-8512780000,81.5(6.96 %),120700,9517920000,227800,18030700000,22909199,0.0
20/12/2021,7500,649170000,87.2(6.99 %),33500,2890180000,26000,2241010000,22901699,0.0
21/12/2021,-345300,-30441700000,86.7(-0.57 %),16300,1462050000,361600,31903750000,23246999,0.0
22/12/2021,-38100,-3314830000,87.5(0.92 %),27700,2415310000,65800,5730140000,23285099,0.0
23/12/2021,-212000,-18632044000,88(0.57 %),23300,2047767100,235300,20679811100,23497099,0.0
24/12/2021,-93300,-8595355800,94.1(6.93 %),24200,2229449200,117500,10824805000,23378399,0.0
27/12/2021,-177600,-17621650000,98(4.14 %),8200,811520000,185800,18433170000,23387682,19.39
28/12/2021,-62000,-6196320000,101(3.06 %),17700,1765060000,79700,7961380000,23449682,0.0
29/12/2021,-103900,-10700360000,104(2.97 %),21000,2165860000,124900,12866220000,23652282,19.05
30/12/2021,-98700,-10408200000,104.5(0.48 %),15200,1599370000,113900,12007570000,23716782,18.97
31/12/2021,39900,3856380000,100.2(-4.11 %),100900,9980790000,61000,6124410000,23740782,18.94
04/01/2022,103900,9985820000,95(-5.19 %),361200,34999680000,257300,25013860000,23493482,19.25
05/01/2022,32000,3085790000,94(-1.05 %),133600,12727960000,101600,9642170000,23420882,19.35
06/01/2022,-27100,-2331850000,87.5(-6.91 %),248400,22181770000,275500,24513620000,23429782,19.34
07/01/2022,86000,7409710000,88.8(1.49 %),250800,21362060000,164800,13952350000,23280582,19.52
10/01/2022,17000,1152118800,85.8(-3.38 %),108200,9129002400,91200,7976883600,23447882,19.31
11/01/2022,172900,14122030000,79.8(-6.99 %),198400,16233180000,25500,2111150000,23414282,19.35
12/01/2022,218000,16638580000,80.6(1.00 %),246200,18812230000,28200,2173650000,23259282,19.55
13/01/2022,-9400,-716050000,83(2.98 %),30200,2472210000,39600,3188260000,23254582,19.56
14/01/2022,-57300,-5093250000,88(6.02 %),22300,1876080000,79600,6969330000,23260482,19.55
17/01/2022,-112100,-9575320000,81.9(-6.93 %),38200,3206930000,150300,12782250000,23261882,19.55
18/01/2022,84800,6601970000,78(-4.76 %),116600,9057360000,31800,2455390000,23224882,19.59
19/01/2022,100200,7781760000,81.5(4.49 %),118900,9268700000,18700,1486940000,23256282,19.55
20/01/2022,-100800,-8319110000,82.9(0.36 %),4800,396770000,105600,8715880000,23283282,19.52
21/01/2022,-32200,-2667120000,83(0.00 %),10600,879930000,42800,3547050000,23291382,19.51
24/01/2022,-18200,-1478680000,79.7(-3.98 %),25100,1997350000,43300,3476030000,23371882,19.41
25/01/2022,-89800,-6987370000,80.6(1.13 %),50500,3967310000,140300,10954680000,23364182,19.42
26/01/2022,-31600,-2474482000,80.6(0.00 %),16200,949881800,47800,3424363800,23391282,19.38
27/01/2022,149300,12435270000,83(2.98 %),169600,14063420000,20300,1628150000,23361982,19.42
28/01/2022,184800,16040420000,87.7(5.66 %),228200,19802180000,43400,3761760000,23181582,19.65
07/02/2022,64200,6017590000,93.8(6.96 %),80500,7546370000,16300,1528780000,23121382,19.73
08/02/2022,34100,3266830000,94(0.21 %),119100,11395110000,85000,8128280000,23045682,19.82
09/02/2022,1800,152610000,95.8(1.91 %),64800,6123340000,63000,5970730000,22997182,19.88
10/02/2022,-86800,-8390850000,97(1.25 %),11000,1054400000,97800,9445250000,23071182,19.79
11/02/2022,22000,2168320000,99(2.06 %),61600,6067980000,39600,3899660000,23072582,19.79
14/02/2022,-71100,-7024360000,98.1(-0.91 %),4600,458140000,75700,7482500000,23165782,19.67
15/02/2022,-60300,-6010050000,98.2(0.10 %),7100,703410000,67400,6713460000,23198282,19.63
16/02/2022,-183500,-17550670000,94.2(-4.07 %),11500,1124600000,195000,18675270000,23262482,19.55
17/02/2022,28900,2742370000,95.8(1.70 %),31800,3016710000,2900,274340000,23298082,19.5
18/02/2022,-79800,-8122100000,102.5(6.99 %),32300,3255230000,112100,11377330000,23460782,19.3
21/02/2022,-70800,-7652170000,108.5(5.85 %),25400,2772530000,96200,10424700000,23438282,19.32
22/02/2022,-283100,-31060680000,116(6.91 %),76300,8737030000,359400,39797710000,23474082,19.28
23/02/2022,9600,1104680000,116.6(0.52 %),32600,3842030000,23000,2737350000,23537682,19.2
24/02/2022,-28400,-3367240000,124.7(6.95 %),102800,12253430000,131200,15620670000,23794282,18.87
25/02/2022,-31800,-4003280000,125(0.24 %),64500,8257990000,96300,12261270000,23752782,18.93
28/02/2022,-224300,-26897330000,122.3(-2.16 %),4200,522290000,228500,27419620000,23879782,18.77
01/03/2022,56900,7124970000,124(1.39 %),133600,16681100000,76700,9556130000,23842482,18.81
02/03/2022,-60300,-7512630000,127(2.42 %),19800,2490450000,80100,10003080000,24051182,18.55
03/03/2022,-37600,-4734200000,127.4(0.31 %),7900,998570000,45500,5732770000,24119982,18.46
04/03/2022,14300,1643570000,130(2.04 %),32800,4057900000,18500,2414330000,24167282,18.4
07/03/2022,-15200,-1947620000,130(0.00 %),11900,1549650000,27100,3497270000,24200882,18.36
08/03/2022,28100,3622400000,120.9(-7.00 %),68100,8708490000,40000,5086090000,24151282,18.42
09/03/2022,-43600,-5224060000,119.9(-0.83 %),173700,20757380000,217300,25981440000,24004682,18.61
10/03/2022,73800,9246350000,128.2(6.92 %),110300,13875920000,36500,4629570000,23934382,18.7
11/03/2022,-20300,-2623760000,128.7(0.39 %),34100,4527380000,54400,7151140000,24117582,18.46
14/03/2022,-159900,-19738800000,124.8(-3.03 %),44800,5605970000,204700,25344770000,24109282,18.47
15/03/2022,-19100,-2388840000,127.5(2.16 %),20500,2585530000,39600,4974370000,24143182,18.43
16/03/2022,-34900,-4766040000,136.4(6.98 %),35500,4719520000,70400,9485560000,24312382,18.22
17/03/2022,158800,22460520000,145.8(6.89 %),233900,33269220000,75100,10808700000,24118082,18.46
18/03/2022,102900,14827280000,144.8(-0.69 %),103900,14972280000,1000,145000000,24084582,18.51
21/03/2022,31300,4615870000,147.1(1.59 %),87200,12805560000,55900,8189690000,24072482,18.52
22/03/2022,-87100,-12501010000,143(-2.79 %),18000,2589510000,105100,15090520000,24055482,18.54
23/03/2022,-35200,-5284390000,149(4.20 %),36600,5429820000,71800,10714210000,24074782,18.52
24/03/2022,-9700,-1442750000,150(0.67 %),8900,1316980000,18600,2759730000,24170982,18.4
25/03/2022,9100,1422180000,155.5(3.67 %),47000,7274290000,37900,5852110000,24195782,18.37
28/03/2022,-30000,-4594070000,154.5(-0.64 %),15900,2439140000,45900,7033210000,24198482,18.36
29/03/2022,-36300,-5615250000,156(0.97 %),4300,664090000,40600,6279340000,24232082,18.32
30/03/2022,-12000,-1870540000,156(0.00 %),38000,5948630000,50000,7819170000,24239982,18.31
31/03/2022,-18300,-2752700000,150.1(-3.78 %),2500,378370000,20800,3131070000,24278082,18.26
01/04/2022,51400,7800290000,152.2(1.40 %),69300,10506210000,17900,2705920000,24258782,18.29
04/04/2022,-7600,-1176540000,153(0.53 %),25900,3960160000,33500,5136700000,24253682,18.29
05/04/2022,-4100,-626080000,153.5(0.33 %),43900,6762180000,48000,7388260000,24227682,18.32
06/04/2022,-41900,-6563350000,156.4(1.89 %),4000,613920000,45900,7177270000,24257182,18.29
07/04/2022,-48300,-7500370000,152(-2.81 %),20500,3214220000,68800,10714590000,24305482,0.0
08/04/2022,33800,5001460000,147.7(-2.83 %),92300,13667730000,58500,8666270000,24238282,18.31
12/04/2022,-2000,-257180000,145(-1.83 %),22800,3295940000,24800,3553120000,24240282,0.0
13/04/2022,24200,3536850000,155(6.90 %),30800,4536690000,6600,999840000,24284282,18.25
14/04/2022,18700,3125470000,165.3(6.65 %),53100,8682560000,34400,5557090000,24283682,18.25
15/04/2022,3100,524160000,164.5(-0.48 %),31000,5101880000,27900,4577720000,24259282,18.28
18/04/2022,-88200,-13970100000,161.5(-1.82 %),49300,7881940000,137500,21852040000,24244382,18.3
19/04/2022,29700,4942040000,169.8(5.14 %),78800,13124280000,49100,8182240000,24193492,18.37
20/04/2022,15500,2748720000,168.1(-1.00 %),80400,13874210000,64900,11125490000,24265082,0.0
21/04/2022,122200,19889530000,166(-1.25 %),163700,26715340000,41500,6825810000,24135992,18.44
22/04/2022,-78800,-12644380000,154.4(-6.99 %),48200,7553530000,127000,20197910000,24152692,18.42
25/04/2022,-42500,-6343060000,143.6(-6.99 %),18500,2746970000,61000,9090030000,24175692,18.39
26/04/2022,68000,9058570000,145(0.97 %),113200,15230260000,45200,6171690000,24189492,18.37
27/04/2022,-76300,-10798470000,146(0.69 %),38600,5465880000,114900,16264350000,24211892,18.34
28/04/2022,-75100,-11193110000,149.3(2.26 %),36100,5385050000,111200,16578160000,24220992,18.33
29/04/2022,-44100,-6627260000,156.5(4.82 %),5000,770190000,49100,7397450000,24330892,18.19
04/05/2022,-57900,-9108240000,157.7(0.77 %),13400,2119110000,71300,11227350000,24428692,18.07
05/05/2022,-90700,-13956570000,152.5(-3.30 %),13100,2041380000,103800,15997950000,24519392,0.0
06/05/2022,-66300,-9407970000,141.9(-6.95 %),14600,2071740000,80900,11479710000,24521392,17.95
09/05/2022,104300,13767600000,132(-6.98 %),107800,14229600000,3500,462000000,24517392,17.96
10/05/2022,223300,27465900000,123(-6.82 %),231700,28499100000,8400,1033200000,24366592,18.15
11/05/2022,-31200,-3881170000,126.2(2.60 %),46900,5879980000,78100,9761150000,24397792,0.0
12/05/2022,-300,-171050000,117.4(-6.97 %),21400,2524640000,21700,2695690000,24398092,0.0
13/05/2022,117700,12856870000,109.2(-6.98 %),128400,14028300000,10700,1171430000,24259892,18.28
16/05/2022,91100,9255760000,101.6(-6.96 %),129100,13116560000,38000,3860800000,24152492,18.42
17/05/2022,37100,4032770000,108.7(6.99 %),160100,17402870000,123000,13370100000,24003092,18.61
18/05/2022,26900,3053150000,113.5(4.42 %),214900,24391150000,188000,21338000000,23826192,18.83
19/05/2022,-28700,-3157000000,110(-3.08 %),288030,31683300000,316730,34840300000,23917392,18.72
20/05/2022,66700,7236950000,108.5(-1.36 %),166700,18086950000,100000,10850000000,23938692,18.69
23/05/2022,146000,16279000000,111.5(2.76 %),210300,23448450000,64300,7169450000,23788892,18.88
24/05/2022,107700,12267030000,113.9(2.15 %),138700,15797930000,31000,3530900000,23750192,18.93
25/05/2022,65300,7953540000,121.8(6.94 %),81700,9951060000,16400,1997520000,23732792,18.95
26/05/2022,-1900,-236550000,124.5(2.22 %),107300,13358850000,109200,13595400000,23656492,19.05
27/05/2022,343400,45603520000,132.8(6.67 %),354900,47130720000,11500,1527200000,23317992,19.48
30/05/2022,-16500,-2158200000,130.8(-1.51 %),79600,10411680000,96100,12569880000,23347592,19.44
31/05/2022,-111600,-13827240000,123.9(-5.28 %),92500,11460750000,204100,25287990000,23266592,19.54
01/06/2022,69200,9099800000,131.5(6.13 %),119200,15674800000,50000,6575000000,23243492,19.57
02/06/2022,47500,6460000000,136(3.42 %),151200,20563200000,103700,14103200000,23296392,19.5
03/06/2022,60400,8226480000,136.2(0.15 %),98500,13415700000,38100,5189220000,23247892,19.57
06/06/2022,84700,11668960000,135.3(-0.66 %),131600,18105510000,46900,6436550000,23219992,19.6
07/06/2022,-307600,-29560360000,96.1(-28.97 %),14100,1355010000,321700,30915370000,23243992,19.57
08/06/2022,-1900,-195130000,102.7(6.87 %),214700,22049690000,216600,22244820000,23076192,19.78
09/06/2022,-139100,-13965640000,100.4(-2.24 %),20400,2048160000,159500,16013800000,23377492,19.4
10/06/2022,82800,8197200000,99(-1.39 %),177900,17612100000,95100,9414900000,23416192,19.35
13/06/2022,-37500,-3453750000,92.1(-6.97 %),15400,1418340000,52900,4872090000,23560292,19.17
14/06/2022,-70100,-6309000000,90(-2.28 %),70500,6345000000,140600,12654000000,23584892,19.14
15/06/2022,-131600,-12028240000,91.4(1.56 %),15600,1425840000,147200,13454080000,23622192,19.09
16/06/2022,-19100,-1866070000,97.7(6.89 %),14700,1436190000,33800,3302260000,23748092,18.93
17/06/2022,-104500,-10659000000,102(4.40 %),22200,2264400000,126700,12923400000,23873092,18.77
20/06/2022,-1600,-284390000,97(-4.90 %),80100,7954900000,81700,8239290000,23826792,18.83
21/06/2022,-38600,-3485580000,90.3(-6.91 %),6700,605010000,45300,4090590000,23946792,18.68
22/06/2022,-24600,-2066400000,84(-6.98 %),27500,2310000000,52100,4376400000,24000992,18.61
23/06/2022,-3800,-341240000,89.8(6.90 %),10100,906980000,13900,1248220000,24036192,18.57
24/06/2022,-94500,-8571150000,90.7(1.00 %),111800,10140260000,206300,18711410000,23976492,18.64
27/06/2022,-10800,-974860000,89(-1.87 %),9200,827840000,20000,1802700000,23981192,18.64
28/06/2022,242400,22785600000,94(5.62 %),272100,25577400000,29700,2791800000,23915392,18.72
29/06/2022,-58000,-5244650000,91.2(-2.98 %),9200,831880000,67200,6076530000,23926192,18.71
30/06/2022,28700,2617440000,91.2(0.00 %),34700,3164640000,6000,547200000,23921192,18.71
01/07/2022,-40400,-3587520000,88.8(-2.63 %),42900,3809520000,83300,7397040000,23945492,18.68
04/07/2022,-3100,-291280000,86(-3.15 %),23500,2046510000,26600,2337790000,23949492,28.78
05/07/2022,-183700,-14696000000,80(-6.98 %),30800,2464000000,214500,17160000000,35632932,18.92
06/07/2022,-42400,-3154560000,74.4(-7.00 %),26000,1934400000,68400,5088960000,35633532,18.92
07/07/2022,60400,4741400000,78.5(5.51 %),62300,4890550000,1900,149150000,35785732,18.79
08/07/2022,-31200,-9536000000,79.1(0.76 %),46900,432100000,78100,9968100000,35816932,0.0
11/07/2022,-128000,-9536000000,74.5(-5.82 %),5800,432100000,133800,9968100000,35844632,18.74
12/07/2022,-12400,-967200000,78(4.70 %),11100,865800000,23500,1833000000,35919432,18.68
13/07/2022,-58300,-4436630000,76.1(-2.44 %),7600,578360000,65900,5014990000,36045622,18.57
14/07/2022,-36500,-2774000000,76(-0.13 %),18400,1398400000,54900,4172400000,36050722,18.57
15/07/2022,-461600,-33835280000,73.3(-3.55 %),4500,329850000,466100,34165130000,36112122,18.52
18/07/2022,-104900,-7605250000,72.5(-1.09 %),13000,942500000,117900,8547750000,36154022,18.48
19/07/2022,-35800,-2527480000,70.6(-2.62 %),91400,6452840000,127200,8980320000,36528722,18.17
20/07/2022,1100,83050000,75.5(6.94 %),23500,1774250000,22400,1691200000,36623122,18.09
21/07/2022,130700,10325300000,79(4.64 %),136500,10783500000,5800,458200000,36613822,18.1
22/07/2022,-3800,734400000,76.5(-3.16 %),10100,1338750000,13900,604350000,36618722,18.09
25/07/2022,-9000,-688500000,76.5(0.00 %),4700,359550000,13700,1048050000,36619822,18.09
26/07/2022,81200,6252400000,77(0.65 %),96700,7445900000,15500,1193500000,36531022,18.16
27/07/2022,16500,1287000000,78(1.30 %),20100,1567800000,3600,280800000,36524622,18.17
28/07/2022,-11300,-864450000,76.5(-1.92 %),19500,1491750000,30800,2356200000,36520622,18.17
29/07/2022,44700,3218400000,72(-5.88 %),58000,4176000000,13300,957600000,36466222,18.22
01/08/2022,-176600,-13068400000,74(2.78 %),34800,2575200000,211400,15643600000,36462272,18.22
02/08/2022,-38800,-2828520000,72.9(-1.49 %),64700,4716630000,103500,7545150000,36410872,18.27
03/08/2022,-108000,-7830000000,72.5(-0.55 %),12800,928000000,120800,8758000000,36609472,18.1
04/08/2022,45700,3390940000,74.2(2.34 %),49100,3643220000,3400,252280000,36663822,18.05
05/08/2022,32700,2452500000,75(1.08 %),39000,2925000000,6300,472500000,36745622,17.98
08/08/2022,174400,13986880000,80.2(6.93 %),181000,14516200000,6600,529320000,36568022,18.13
09/08/2022,129600,10380960000,80.1(-0.12 %),144500,11574450000,14900,1193490000,36429822,18.25
10/08/2022,13400,1053240000,78.6(-1.87 %),32600,2562360000,19200,1509120000,36403822,18.27
11/08/2022,6700,529970000,79.1(0.64 %),10500,830550000,3800,300580000,36408222,18.27
12/08/2022,-30100,-2546460000,84.6(6.95 %),36800,3113280000,66900,5659740000,36390622,18.28
15/08/2022,48800,4284640000,87.8(3.78 %),72000,6321600000,23200,2036960000,36322422,18.34
16/08/2022,19300,1661730000,86.1(-1.94 %),37800,3254580000,18500,1592850000,36351553,18.32
17/08/2022,19600,1675800000,85.5(-0.70 %),52500,4488750000,32900,2812950000,36321353,18.34
18/08/2022,21400,1827560000,85.4(-0.12 %),38000,3245200000,16600,1417640000,36301853,18.36
19/08/2022,-21500,-1851150000,86.1(0.82 %),12800,1102080000,34300,2953230000,36321953,18.34
22/08/2022,-15100,-1336350000,88.5(2.79 %),8400,743400000,23500,2079750000,36330153,18.33
23/08/2022,-25200,-2242800000,89(0.56 %),4200,373800000,29400,2616600000,36360253,18.31
24/08/2022,-46200,-4079460000,88.3(-0.79 %),19000,1677700000,65200,5757160000,36364753,18.31
25/08/2022,-24300,-2165130000,89.1(0.91 %),18800,1675080000,43100,3840210000,36375353,18.3
26/08/2022,-18100,-1610900000,89(-0.11 %),20200,1797800000,38300,3408700000,36420353,18.26
29/08/2022,-13200,-1169520000,88.6(-0.45 %),62400,5528640000,75600,6698160000,36401053,18.27
30/08/2022,24900,2216100000,89(0.45 %),54500,4850500000,29600,2634400000,36384853,18.29
31/08/2022,-38900,-3539900000,91(2.25 %),98300,8945300000,137200,12485200000,36362153,18.31
05/09/2022,-239700,-22004460000,91.8(0.88 %),25400,2331720000,265100,24336180000,36366353,18.3
06/09/2022,-98600,-8952880000,90.8(-1.09 %),46000,4176800000,144600,13129680000,36457553,18.23
07/09/2022,-119200,-10132000000,85(-6.39 %),23900,2031500000,143100,12163500000,36698753,18.02
08/09/2022,35400,3051480000,86.2(1.41 %),42500,3663500000,7100,612020000,36800853,17.94
09/09/2022,-17100,-1508220000,88.2(2.32 %),18700,1649340000,35800,3157560000,36925253,17.83
12/09/2022,35344,-1508220000,91.9(4.20 %),45300,1649340000,9956,3157560000,36887053,17.86
13/09/2022,-73850,-2976975000,91.2(-0.76 %),9500,481770000,83350,3458745000,36913353,17.84
14/09/2022,135424,-2976975000,91.7(0.55 %),143424,481770000,8000,3458745000,36779885,17.95
15/09/2022,48693,12418380800,91(-0.76 %),79300,13151980800,30607,733600000,0,17.95
16/09/2022,-11900,-1050770000,88.3(-2.97 %),1900,167770000,13800,1218540000,36790035,17.95
19/09/2022,-79999,-6719916000,84(-4.87 %),6301,529284000,86300,7249200000,36870034,17.88
20/09/2022,-35250,-3049125000,86.5(2.98 %),14300,1236950000,49550,4286075000,36813841,17.93
21/09/2022,-7200,-610560000,84.8(-1.97 %),9100,771680000,16300,1382240000,36891041,17.86
22/09/2022,226300,19620210000,86.7(2.24 %),277400,24050580000,51100,4430370000,36663191,18.05
23/09/2022,-29800,-2544920000,85.4(-1.50 %),4100,350140000,33900,2895060000,36675391,18.04
26/09/2022,9810,779895000,79.5(-6.91 %),28510,2266545000,18700,1486650000,36697981,18.02
27/09/2022,97200,7649640000,78.7(-1.01 %),160200,12607740000,63000,4958100000,36571681,18.13
28/09/2022,66482,4866482400,73.2(-6.99 %),156250,11437500000,89768,6571017600,36434131,18.25
29/09/2022,109100,7746100000,71(-3.01 %),189100,13426100000,80000,5680000000,36308031,18.35
30/09/2022,227260,16658158000,73.3(3.24 %),289610,21228413000,62350,4570255000,36108189,18.52
03/10/2022,-25664,-1750284800,68.2(-6.96 %),52100,3553220000,77764,5303504800,36136089,18.5
04/10/2022,-24500,-1641500000,67(-1.76 %),46000,3082000000,70500,4723500000,36152439,18.48
05/10/2022,53500,3798500000,71(5.97 %),101900,7234900000,48400,3436400000,36128303,18.5
06/10/2022,-19800,-1326600000,67(-5.63 %),61900,4147300000,81700,5473900000,36136903,18.5
07/10/2022,154381,9803193500,63.5(-5.22 %),180581,11466893500,26200,1663700000,36004722,18.61
10/10/2022,139700,9485630000,67.9(6.93 %),191700,13016430000,52000,3530800000,35894722,18.7
11/10/2022,-186402,-12209331000,65.5(-3.53 %),13000,851500000,199402,13060831000,35907922,18.69
12/10/2022,157800,11046000000,70(6.87 %),303400,21238000000,145600,10192000000,35676522,18.89
13/10/2022,436700,31835430000,72.9(4.14 %),524400,38228760000,87700,6393330000,35351524,19.16
14/10/2022,757800,59108400000,78(7.00 %),851000,66378000000,93200,7269600000,34626124,19.77
17/10/2022,246400,19662720000,79.8(2.31 %),374900,29917020000,128500,10254300000,34338924,20.02
18/10/2022,-10700,-834600000,78(-2.26 %),19600,1528800000,30300,2363400000,34412524,19.95
19/10/2022,589900,47564170000,80.8(3.59 %),692800,55776470000,102900,8212300000,33822624,0.0
20/10/2022,-152200,-12071400000,78.8(-2.48 %),7300,579060000,159500,12650460000,34000424,0.0
21/10/2022,535200,39838390000,73.3(-6.98 %),541600,40315790000,6400,477400000,33336024,0.0
24/10/2022,516200,38684910000,74.5(1.64 %),638800,47812680000,122600,9127770000,32916324,0.0
25/10/2022,185300,14354730000,77(3.36 %),228400,17609480000,43100,3254750000,32731024,0.0
26/10/2022,15700,1231150000,75.5(-1.95 %),74800,5735080000,59100,4503930000,32752224,0.0
27/10/2022,752700,59900150000,80.7(6.89 %),811200,64395310000,58500,4495160000,32010974,21.98
28/10/2022,413943,33943326000,82(1.61 %),559400,45870800000,145457,11927474000,31510674,22.4
31/10/2022,194821,15936357800,81.8(-0.24 %),305580,24996444000,110759,9060086200,31263594,22.61
01/11/2022,177691,14339663700,80.7(-1.34 %),324600,26195220000,146909,11855556300,31084451,22.76
02/11/2022,191820,14866050000,77.5(-3.97 %),211920,16423800000,20100,1557750000,30983290,22.85
03/11/2022,160400,12286640000,76.6(-1.16 %),190500,14592300000,30100,2305660000,30939699,22.88
04/11/2022,12900,937830000,72.7(-5.09 %),45100,3278770000,32200,2340940000,30914699,22.91
07/11/2022,177806,12659787200,71.2(-2.06 %),178206,12688267200,400,28480000,30766593,23.03
08/11/2022,63155,4673470000,74(3.93 %),67450,4991300000,4295,317830000,30731343,23.06
09/11/2022,342325,25605910000,74.8(1.08 %),356900,26696120000,14575,1090210000,30374843,23.36
10/11/2022,221250,15399000000,69.6(-6.95 %),228050,15872280000,6800,473280000,30151088,23.55
11/11/2022,230888,15931272000,69(-0.86 %),235750,16266750000,4862,335478000,29929913,23.74
14/11/2022,325200,20877840000,64.2(-6.96 %),382600,24562920000,57400,3685080000,29554113,24.05
15/11/2022,-9991,-597461800,59.8(-6.85 %),18709,1118798200,28700,1716260000,29540266,24.07
16/11/2022,51430,3286377000,63.9(6.86 %),237730,15190947000,186300,11904570000,29359936,24.22
17/11/2022,168598,11026309200,65.4(2.35 %),171300,11203020000,2702,176710800,29217336,24.34
18/11/2022,273129,17808010800,65.2(-0.31 %),277229,18075330800,4100,267320000,29126407,24.42
21/11/2022,-6950,-435765000,62.7(-3.83 %),21750,1363725000,28700,1799490000,29107359,24.43
22/11/2022,158500,10048900000,63.4(1.12 %),250500,15881700000,92000,5832800000,28860959,24.64
23/11/2022,8950,555795000,62.1(-2.05 %),9950,617895000,1000,62100000,28879709,24.62
24/11/2022,-112670,-6512326000,57.8(-6.92 %),122630,7088014000,235300,13600340000,28849079,24.65
25/11/2022,4200,247800000,59(2.08 %),17400,1026600000,13200,778800000,28832679,24.66
28/11/2022,6300,397530000,63.1(6.95 %),9700,612070000,3400,214540000,28826379,0.0
29/11/2022,255800,16985120000,66.4(5.23 %),273700,18173680000,17900,1188560000,28570579,24.88
30/11/2022,298117,21166307000,71(6.93 %),327620,23261020000,29503,2094713000,28272462,25.14
01/12/2022,-54900,-3733200000,68(-4.23 %),12600,856800000,67500,4590000000,28460959,0.0
02/12/2022,-47110,-3297700000,70(2.94 %),21300,1491000000,68410,4788700000,28508069,24.94
05/12/2022,25142,1767482600,70.3(0.43 %),45760,3216928000,20618,1449445400,28482927,24.96
06/12/2022,-62320,-4287616000,68.8(-2.13 %),21580,1484704000,83900,5772320000,28545247,24.91
07/12/2022,281400,19698000000,70(1.74 %),371300,25991000000,89900,6293000000,28263847,0.0
08/12/2022,197900,14426910000,72.9(4.14 %),216200,15760980000,18300,1334070000,28072650,25.3
09/12/2022,397500,29256000000,73.6(0.96 %),433700,31920320000,36200,2664320000,27728850,25.59
12/12/2022,474200,35090800000,74(0.54 %),502000,37148000000,27800,2057200000,27194247,26.05
13/12/2022,343000,25725000000,75(1.35 %),343000,25725000000,0,0,26851247,26.34
14/12/2022,194400,14482800000,74.5(-0.67 %),279500,20822750000,85100,6339950000,26656847,26.5
15/12/2022,374000,28012600000,74.9(0.54 %),379500,28424550000,5500,411950000,26282847,0.0
16/12/2022,89900,6715530000,74.7(-0.27 %),103100,7701570000,13200,986040000,26192947,0.0
19/12/2022,137500,10106250000,73.5(-1.61 %),152100,11179350000,14600,1073100000,26055447,27.01
20/12/2022,251000,18072000000,72(-2.04 %),345300,24861600000,94300,6789600000,25804447,0.0
21/12/2022,230200,16574400000,72(0.00 %),242700,17474400000,12500,900000000,25574247,27.41
22/12/2022,91900,6598420000,71.8(-0.28 %),116600,8371880000,24700,1773460000,25482347,27.49
23/12/2022,-21500,-1526500000,71(-1.11 %),11000,781000000,32500,2307500000,25503847,27.47
26/12/2022,17900,1197510000,66.9(-5.77 %),29100,1946790000,11200,749280000,25485947,27.49
27/12/2022,-1900,-131100000,69(3.14 %),30900,2132100000,32800,2263200000,25487847,27.49
28/12/2022,178300,12516660000,70.2(1.74 %),178300,12516660000,0,0,25309547,27.64
29/12/2022,42050,2880425000,68.5(-2.42 %),57650,3949025000,15600,1068600000,25366800,27.59
30/12/2022,135900,9377100000,69(0.73 %),157800,10888200000,21900,1511100000,25209000,27.72
03/01/2023,-255650,-18048890000,70.6(2.32 %),141100,9961660000,396750,28010550000,25067900,0.0
04/01/2023,6000,416400000,69.4(-1.70 %),51400,3567160000,45400,3150760000,25054000,27.85
05/01/2023,49700,3474030000,69.9(0.72 %),70200,4906980000,20500,1432950000,25380550,27.58
06/01/2023,42880,2958720000,69(-1.29 %),84300,5816700000,41420,2857980000,25341650,27.61
09/01/2023,-256150,-17162050000,67(-2.90 %),46800,3135600000,302950,20297650000,25315350,27.63
10/01/2023,-10550,-708960000,67.2(0.30 %),4150,278880000,14700,987840000,25352620,27.6
11/01/2023,-220200,-14577240000,66.2(-1.49 %),114300,7566660000,334500,22143900000,25541270,27.44
12/01/2023,110100,7266600000,66(-0.30 %),129100,8520600000,19000,1254000000,25426870,27.54
13/01/2023,64250,4208375000,65.5(-0.76 %),94600,6196300000,30350,1987925000,25666770,27.34
16/01/2023,35190,2252160000,64(-2.29 %),202890,12984960000,167700,10732800000,25534880,27.45
17/01/2023,-40078,-2645148000,66(3.12 %),33300,2197800000,73378,4842948000,25531930,27.45
18/01/2023,60111,4123614600,68.6(3.94 %),127621,8754800600,67510,4631186000,25520009,27.46
19/01/2023,209760,14578320000,69.5(1.31 %),248400,17263800000,38640,2685480000,25344987,27.61
27/01/2023,486600,35521800000,73(5.04 %),556400,40617200000,69800,5095400000,24856097,28.02
30/01/2023,327465,24265156500,74.1(1.51 %),350615,25980571500,23150,1715415000,24544122,28.28
31/01/2023,123300,9099540000,73.8(-0.40 %),168800,12457440000,45500,3357900000,24445122,28.37
01/02/2023,104400,7339320000,70.3(-4.74 %),141600,9954480000,37200,2615160000,24326672,28.47
02/02/2023,-8800,-621280000,70.6(0.43 %),15500,1094300000,24300,1715580000,24356672,28.44
03/02/2023,-1545,-110313000,71.4(1.13 %),29410,2099874000,30955,2210187000,24364462,28.43
06/02/2023,-19600,-1430800000,73(2.24 %),45800,3343400000,65400,4774200000,24342962,28.45
07/02/2023,36450,2773845000,76.1(4.25 %),180600,13743660000,144150,10969815000,24193317,28.58
08/02/2023,15750,1185975000,75.3(-1.05 %),57350,4318455000,41600,3132480000,24201367,28.57
09/02/2023,-75550,-5568035000,73.7(-2.12 %),45150,3327555000,120700,8895590000,24300367,28.49
10/02/2023,-53750,-3853875000,71.7(-2.71 %),51850,3717645000,105600,7571520000,24290117,28.5
13/02/2023,45152,3246428800,71.9(0.28 %),62152,4468728800,17000,1222300000,24348665,28.45
14/02/2023,-19990,-1459270000,73(1.53 %),7300,532900000,27290,1992170000,24446965,28.36
15/02/2023,20700,1521450000,73.5(0.68 %),37400,2748900000,16700,1227450000,24427565,28.38
16/02/2023,23400,1715220000,73.3(-0.27 %),38200,2800060000,14800,1084840000,24416655,28.39
17/02/2023,92488,6844112000,74(0.95 %),111100,8221400000,18612,1377288000,24322255,28.47
20/02/2023,-3100,-235600000,76(2.70 %),42400,3222400000,45500,3458000000,24294655,28.49
21/02/2023,-154759,-11730732200,75.8(-0.26 %),13400,1015720000,168159,12746452200,24299867,28.49
22/02/2023,250800,18860160000,75.2(-0.79 %),260300,19574560000,9500,714400000,24085067,28.67
23/02/2023,-5200,-392080000,75.4(0.27 %),40300,3038620000,45500,3430700000,24212926,28.56
24/02/2023,-999,-72627300,72.7(-3.58 %),52501,3816822700,53500,3889450000,24213925,28.56
27/02/2023,9400,663640000,70.6(-2.89 %),63800,4504280000,54400,3840640000,24151625,28.61
28/02/2023,-15132,-1044108000,69(-2.27 %),55127,3803763000,70259,4847871000,24149998,28.62
01/03/2023,-500,-35850000,71.7(3.91 %),11000,788700000,11500,824550000,24193398,28.58
02/03/2023,-9200,-652280000,70.9(-1.12 %),40900,2899810000,50100,3552090000,24222757,28.55
03/03/2023,82500,5733750000,69.5(-1.97 %),150100,10431950000,67600,4698200000,24084157,28.67
06/03/2023,17900,1251210000,69.9(0.58 %),55500,3879450000,37600,2628240000,24078757,28.68
07/03/2023,71562,5002183800,69.9(0.00 %),111950,7825305000,40388,2823121200,24034407,28.71
08/03/2023,371528,26898627200,72.4(3.58 %),391900,28373560000,20372,1474932800,23680107,29.01
09/03/2023,5200,377000000,72.5(0.14 %),47500,3443750000,42300,3066750000,23672995,29.02
10/03/2023,91571,6593112000,72(-0.69 %),95200,6854400000,3629,261288000,23598167,29.08
13/03/2023,56099,3971809200,70.8(-1.67 %),115600,8184480000,59501,4212670800,23542068,0.0
14/03/2023,121885,8483196000,69.6(-1.69 %),142100,9890160000,20215,1406964000,23386396,29.26
15/03/2023,-29600,-2116400000,71.5(2.73 %),70400,5033600000,100000,7150000000,23375497,29.27
16/03/2023,82000,5740000000,70(-2.10 %),112000,7840000000,30000,2100000000,23283712,29.35
17/03/2023,-49200,-3389880000,68.9(-1.57 %),62000,4271800000,111200,7661680000,23321712,29.31
20/03/2023,-90215,-5954190000,66(-4.21 %),21100,1392600000,111315,7346790000,23330612,29.31
21/03/2023,68710,-72627300,66.9(1.36 %),109310,3816822700,40600,3889450000,23332502,29.31
22/03/2023,-105800,-6966350000,65.3(-2.39 %),33300,2195440000,139100,9161790000,23438302,0.0
23/03/2023,-188400,-12215240000,63.9(-2.14 %),2200,141790000,190600,12357030000,23626702,0.0
24/03/2023,1200,80040000,65(1.72 %),76200,4947590000,75000,4867550000,23625502,0.0
27/03/2023,-18900,-1230390000,65.1(0.15 %),5200,338520000,24100,1568910000,23644402,0.0
28/03/2023,-58600,-3803140000,64.9(-0.31 %),12100,785290000,70700,4588430000,23703002,28.99
29/03/2023,-11090,-701997000,63.3(-2.47 %),4910,310803000,16000,1012800000,23779397,28.93
30/03/2023,-107240,-6616708000,61.7(-2.53 %),10660,657722000,117900,7274430000,23839437,28.88
31/03/2023,-153600,-9369600000,61(-1.13 %),105800,6453800000,259400,15823400000,23749637,28.95
03/04/2023,-82180,-5054070000,61.5(0.82 %),252920,15554580000,335100,20608650000,23614617,29.07
04/04/2023,-98955,-6432075000,65(5.69 %),104800,6812000000,203755,13244075000,23769217,28.94
05/04/2023,5104,329718400,64.6(-0.62 %),5604,362018400,500,32300000,24098713,28.66
06/04/2023,102650,6569600000,64(-0.93 %),108250,6928000000,5600,358400000,24194218,28.58
07/04/2023,-63722,-4039974800,63.4(-0.94 %),7200,456480000,70922,4496454800,24187518,28.58
10/04/2023,39996,2639736000,66(4.10 %),70000,4620000000,30004,1980264000,24123118,28.64
11/04/2023,44899,2940884500,65.5(-0.76 %),74200,4860100000,29301,1919215500,24119840,28.64
12/04/2023,-12750,-828750000,65(-0.76 %),4300,279500000,17050,1108250000,24145544,28.62
13/04/2023,3500,233450000,66.7(2.62 %),5600,373520000,2100,140070000,24169245,28.6
14/04/2023,117700,7650500000,65(-2.55 %),157600,10244000000,39900,2593500000,24028695,28.72
17/04/2023,152250,9972375000,65.5(0.77 %),153000,10021500000,750,49125000,23877795,28.85
18/04/2023,100960,6663360000,66(0.76 %),103600,6837600000,2640,174240000,23814095,28.9
19/04/2023,258090,17446884000,67.6(2.42 %),277100,18731960000,19010,1285076000,23537745,29.13
20/04/2023,9600,651710000,66.7(-1.33 %),10600,718910000,1000,67200000,23528145,29.14
21/04/2023,73100,4795360000,65.6(-1.65 %),83800,5497280000,10700,701920000,23464995,29.19
24/04/2023,83252,5311477600,63.8(-2.74 %),110600,7056280000,27348,1744802400,23355395,29.29
25/04/2023,68700,4328100000,63(-1.25 %),84000,5292000000,15300,963900000,23282095,29.35
26/04/2023,66200,4243420000,64.1(1.75 %),68500,4390850000,2300,147430000,23240943,29.38
27/04/2023,7200,465600000,63.7(-0.62 %),21200,1357050000,14000,891450000,23233743,0.0
28/04/2023,6500,416860000,63.8(0.16 %),7900,506620000,1400,89760000,23227243,0.0
04/05/2023,141800,9088050000,64.1(0.47 %),153400,9832010000,11600,743960000,23229443,0.0
05/05/2023,78300,5011160000,64(-0.16 %),83300,5331160000,5000,320000000,23008143,29.58
08/05/2023,13700,875850000,63.5(-0.78 %),13700,875850000,0,0,23006031,29.58
09/05/2023,-35200,-2236830000,63.5(0.00 %),5300,340750000,40500,2577580000,23005731,29.58
10/05/2023,-10800,-689830000,64(0.79 %),7600,486270000,18400,1176100000,23016531,0.0
11/05/2023,-9100,-590910000,64.3(0.47 %),13600,875630000,22700,1466540000,23025031,29.57
12/05/2023,-9000,-577270000,64.1(-0.31 %),1100,70410000,10100,647680000,23042331,29.55
15/05/2023,4100,262350000,63.7(-0.62 %),6100,390240000,2000,127890000,23038231,25.7
16/05/2023,-20600,-1310150000,63.2(-0.78 %),100,6370000,20700,1316520000,23058831,25.68
17/05/2023,-110500,-6898090000,62(-1.90 %),5900,369700000,116400,7267790000,23169331,25.6
18/05/2023,-2600,-161290000,62.5(0.81 %),1100,68210000,3700,229500000,23171931,25.6
19/05/2023,14000,872510000,62.3(-0.32 %),20000,1246000000,6000,373490000,23157931,25.61
22/05/2023,29300,1842560000,63(1.12 %),39600,2486790000,10300,644230000,23128631,25.63
23/05/2023,-26300,-1654740000,62.7(-0.48 %),33700,2124260000,60000,3779000000,23154931,25.61
24/05/2023,127600,8019820000,62.8(0.16 %),130800,8220800000,3200,200980000,23027331,25.71
25/05/2023,28500,1784600000,62.8(0.00 %),142900,8916170000,114400,7131570000,22998831,25.73
26/05/2023,162300,10191320000,63(0.32 %),164300,10316720000,2000,125400000,22836531,25.85
29/05/2023,-32100,-2028850000,63.2(0.32 %),125200,7918310000,157300,9947160000,22868631,25.82
30/05/2023,349500,22588950000,64.9(2.69 %),467400,30230560000,117900,7641610000,22519131,26.08
31/05/2023,-35800,-2188890000,63.7(-1.85 %),109600,7073870000,145400,9262760000,22554931,26.05
01/06/2023,351500,22586920000,64.9(1.88 %),360200,23145450000,8700,558530000,22327346,26.22
02/06/2023,135500,8843570000,66(1.69 %),135800,8863110000,300,19540000,22191846,26.32
05/06/2023,9600,640580000,65.6(-0.61 %),13900,926210000,4300,285630000,22182246,26.33
06/06/2023,-184900,-10661130000,57.3(-12.65 %),33400,1922750000,218300,12583880000,22367146,26.19
07/06/2023,-166000,-9497610000,57.5(0.35 %),6300,361120000,172300,9858730000,22533146,26.07
08/06/2023,-18300,-1057400000,57.2(-0.52 %),228200,13124660000,246500,14182060000,22551446,26.06
09/06/2023,-148500,-8485870000,58.1(1.57 %),22500,1279340000,171000,9765210000,22699946,25.95
12/06/2023,41600,2500720000,62.1(6.88 %),106700,6400760000,65100,3900040000,22658346,25.98
13/06/2023,-28700,-1789770000,61.9(-0.32 %),51100,3182750000,79800,4972520000,22687046,25.96
14/06/2023,498500,30795280000,61.7(-0.32 %),579300,35768500000,80800,4973220000,22188546,26.32
15/06/2023,240900,15034420000,62.5(1.30 %),334500,20835740000,93600,5801320000,21947646,26.5
16/06/2023,282400,17901840000,62(-0.80 %),342800,21728010000,60400,3826170000,21398742,30.94
19/06/2023,119500,7471970000,62.8(1.29 %),158700,9927660000,39200,2455690000,21333687,30.99
20/06/2023,326200,20793620000,64.2(2.23 %),346200,22066000000,20000,1272380000,21007487,27.19
21/06/2023,580900,38235130000,66.7(3.89 %),615100,40477370000,34200,2242240000,20471972,31.72
22/06/2023,117200,7789450000,66.5(-0.30 %),128600,8547360000,11400,757910000,20354772,27.67
23/06/2023,402100,27040240000,67.8(1.95 %),427800,28761300000,25700,1721060000,19952672,27.96
26/06/2023,386600,26306090000,69(1.77 %),421600,28688940000,35000,2382850000,22873362,32.21
27/06/2023,260200,17940060000,68.6(-0.58 %),303200,20909690000,43000,2969630000,22613162,32.4
28/06/2023,172700,11820410000,68(-0.87 %),222900,15257820000,50200,3437410000,22440462,32.53
29/06/2023,310500,20946790000,67(-1.47 %),360000,24290960000,49500,3344170000,22129962,32.76
30/06/2023,162900,11162810000,71.6(6.87 %),317800,22116530000,154900,10953720000,21967062,32.88
03/07/2023,-8300,-612160000,71.2(-0.56 %),29800,2128740000,38100,2740900000,21823467,32.98
04/07/2023,27400,1984980000,72.8(2.25 %),177300,12874720000,149900,10889740000,21796067,33.0
05/07/2023,188600,14093990000,75(3.02 %),266900,20007050000,78300,5913060000,21607467,33.14
06/07/2023,-77200,-5803410000,74.5(-0.67 %),442600,33379590000,519800,39183000000,21299144,33.37
07/07/2023,49700,3713740000,75.2(0.94 %),223700,16803090000,174000,13089350000,21153694,33.47
10/07/2023,286000,21544760000,75.5(0.40 %),366700,27647520000,80700,6102760000,20867694,33.68
11/07/2023,-186000,-14220420000,76.8(1.72 %),197900,15163780000,383900,29384200000,21053694,33.55
12/07/2023,67300,5103650000,76(-1.04 %),168400,12800500000,101100,7696850000,20986394,33.6
13/07/2023,-122500,-9451720000,76.4(0.53 %),43300,3333160000,165800,12784880000,21108894,33.51
14/07/2023,171300,13142210000,77.2(1.05 %),278900,21436630000,107600,8294420000,21358375,33.32
17/07/2023,-76700,-6086940000,79.3(2.72 %),15600,1233520000,92300,7320460000,21435075,33.27
18/07/2023,-23000,-1756940000,78(-1.64 %),169800,13407000000,192800,15163940000,21458075,33.25
19/07/2023,-145200,-11255760000,77(-1.28 %),115700,8986330000,260900,20242090000,21422945,33.28
20/07/2023,-103600,-7883920000,76.5(-0.65 %),345200,26816630000,448800,34700550000,21526545,33.2
21/07/2023,-242100,-18644110000,77.2(0.92 %),56000,4331790000,298100,22975900000,21768645,33.02
24/07/2023,-218700,-16698700000,77(-0.26 %),91600,7027010000,310300,23725710000,21832740,32.98
25/07/2023,-29400,-2251940000,76.7(-0.39 %),238100,18496670000,267500,20748610000,21892860,32.93
26/07/2023,22500,1725770000,76.5(-0.26 %),175900,13491560000,153400,11765790000,21870360,32.95
27/07/2023,-83900,-6454030000,78(1.96 %),53100,4128040000,137000,10582070000,21954260,32.89
28/07/2023,-92500,-7277410000,78.3(0.38 %),14200,1124730000,106700,8402140000,22046760,32.82
31/07/2023,213300,16185790000,76.4(-2.43 %),469700,35590780000,256400,19404990000,21833460,32.97
01/08/2023,-28900,-2243520000,76.2(-0.26 %),86900,6665790000,115800,8909310000,22050396,32.82
02/08/2023,34700,2652320000,76.4(0.26 %),224100,17042830000,189400,14390510000,22015696,32.84
03/08/2023,385400,30242660000,79(3.40 %),516000,40534840000,130600,10292180000,21630296,33.12
04/08/2023,24400,1952120000,79(0.00 %),160800,12749300000,136400,10797180000,21731076,33.05
07/08/2023,-8900,-753160000,81(2.53 %),129900,10426990000,138800,11180150000,21739976,33.04
08/08/2023,-239800,-19119050000,79.1(-2.35 %),8100,649120000,247900,19768170000,21979776,32.87
09/08/2023,-326400,-25541040000,77.5(-2.02 %),12900,1010130000,339300,26551170000,22306176,32.63
10/08/2023,-190700,-14470730000,74(-4.52 %),5500,414700000,196200,14885430000,22496876,32.49
11/08/2023,344700,25513970000,75(1.35 %),471300,34868930000,126600,9354960000,22152176,32.74
14/08/2023,-74800,-5550490000,74.2(-1.07 %),200,14890000,75000,5565380000,22292369,32.64
15/08/2023,-84600,-6280360000,74.3(0.13 %),5600,417070000,90200,6697430000,22413394,32.55
16/08/2023,-133600,-9842500000,73.2(-1.48 %),13500,999580000,147100,10842080000,22475404,32.5
17/08/2023,-242300,-17499900000,71.6(-2.19 %),4300,310460000,246600,17810360000,22717704,32.33
18/08/2023,112400,7794090000,68.2(-4.75 %),152200,10546200000,39800,2752110000,22557117,32.44
21/08/2023,334700,23753600000,72.7(6.60 %),407600,28893950000,72900,5140350000,22396117,32.56
22/08/2023,417300,30598700000,74.8(2.89 %),704100,51715210000,286800,21116510000,21731862,33.05
23/08/2023,126200,9316570000,74(-1.07 %),219100,16214840000,92900,6898270000,21585662,33.16
24/08/2023,525900,39948820000,77(4.05 %),544600,41359680000,18700,1410860000,21059762,33.54
25/08/2023,92700,7146260000,77(0.00 %),151500,11672010000,58800,4525750000,21270373,33.39
28/08/2023,555500,43939770000,80.8(4.94 %),584500,46236130000,29000,2296360000,20714873,33.8
29/08/2023,106300,8540640000,81(0.25 %),403400,32412510000,297100,23871870000,20360246,34.06
30/08/2023,454700,37680070000,83.3(2.84 %),539500,44668540000,84800,6988470000,19905546,34.39
31/08/2023,121000,10085100000,83.5(0.24 %),320400,26702970000,199400,16617870000,19826777,34.45
05/09/2023,-79100,-6527870000,82.6(-1.08 %),61400,5087930000,140500,11615800000,19850193,34.43
06/09/2023,108900,9279900000,84.8(2.66 %),456100,38794370000,347200,29514470000,19741293,34.51
07/09/2023,49000,4141390000,84.2(-0.71 %),214600,18160700000,165600,14019310000,19520039,34.67
08/09/2023,118800,10268670000,86(2.14 %),382500,32504500000,263700,22235830000,19484744,34.7
11/09/2023,135900,11657320000,85(-1.16 %),346700,29877460000,210800,18220140000,19303644,34.83
12/09/2023,-48200,-4035040000,86.5(1.76 %),165700,14160210000,213900,18195250000,19401723,34.76
13/09/2023,-297400,-25507140000,84.4(-2.43 %),30800,2663820000,328200,28170960000,19581723,34.63
14/09/2023,131500,11076250000,84.4(0.00 %),200000,16841540000,68500,5765290000,19595747,34.62
15/09/2023,208000,17739420000,86(1.90 %),223300,19045670000,15300,1306250000,19700647,34.54
18/09/2023,0,0,86.5(0.58 %),0,0,0,0,19700647,34.54
19/09/2023,10900,948280000,87(0.58 %),125800,10806430000,114900,9858150000,19528400,34.67
20/09/2023,6100,371580000,89.2(2.53 %),228500,20429160000,222400,20057580000,19522300,34.67
21/09/2023,-78100,-6992600000,88.5(-0.78 %),105900,9425480000,184000,16418080000,19600400,34.61
22/09/2023,239500,20708310000,89(0.56 %),588000,50598230000,348500,29889920000,18895351,35.13
25/09/2023,575500,50316240000,86.5(-2.81 %),611400,53497620000,35900,3181380000,18468011,35.44
26/09/2023,27100,2301490000,83.9(-3.01 %),56100,4754080000,29000,2452590000,18780463,35.22
27/09/2023,-7700,-529980000,85(1.31 %),121800,10142890000,129500,10672870000,18788163,35.21
28/09/2023,-40800,-3456320000,85.2(0.24 %),600,51000000,41400,3507320000,18828963,35.18
29/09/2023,87400,7807840000,89(4.46 %),458700,40916070000,371300,33108230000,18375503,35.51
02/10/2023,-23600,-2100020000,90(1.12 %),14200,1283230000,37800,3383250000,18402558,35.49
03/10/2023,10900,966760000,89(-1.11 %),107100,9573140000,96200,8606380000,18666848,35.3
04/10/2023,20100,2222490000,95.2(6.97 %),245800,22617170000,225700,20394680000,18646748,35.31
05/10/2023,-242100,-22993030000,94.4(-0.84 %),7800,741330000,249900,23734360000,18550559,35.38
06/10/2023,-11800,-1109190000,97.5(3.28 %),52700,5071060000,64500,6180250000,18562359,35.38
09/10/2023,-338400,-32513300000,96(-1.54 %),7500,720140000,345900,33233440000,18900759,35.13
10/10/2023,-413100,-39324480000,95.1(-0.94 %),19700,1885960000,432800,41210440000,19011824,35.05
11/10/2023,-44700,-4278920000,96(0.95 %),37500,3590700000,82200,7869620000,19320274,34.82
12/10/2023,-27500,-2670150000,96(0.00 %),9700,935600000,37200,3605750000,19743763,34.51
13/10/2023,42600,4106270000,97.4(1.46 %),53000,5108020000,10400,1001750000,19775056,34.49
16/10/2023,34100,3265520000,97(-0.41 %),92000,8922350000,57900,5656830000,19720256,34.53
17/10/2023,82700,7916140000,94.5(-2.58 %),110300,10593930000,27600,2677790000,19620456,34.6
18/10/2023,276800,25576370000,95(0.53 %),429900,39764780000,153100,14188410000,19248441,34.87
19/10/2023,205800,19259950000,94(-1.05 %),262900,24588730000,57100,5328780000,19013176,35.04
20/10/2023,235600,22222190000,94.7(0.74 %),412300,38320100000,176700,16097910000,18756001,35.23
23/10/2023,106300,9822670000,92.9(-1.90 %),159200,14699000000,52900,4876330000,18653901,35.31
24/10/2023,66800,6237380000,93.9(1.08 %),77100,7194690000,10300,957310000,18587101,35.36
25/10/2023,84500,8069450000,95(1.17 %),105400,10022680000,20900,1953230000,18753526,35.24
26/10/2023,157300,14346680000,92.9(-2.21 %),307700,28079560000,150400,13732880000,18404727,35.49
27/10/2023,45900,4206110000,92.8(-0.11 %),69300,6344920000,23400,2138810000,18358411,35.53
30/10/2023,147200,12906050000,86.4(-6.90 %),173100,15247410000,25900,2341360000,18337861,35.54
31/10/2023,578400,49815710000,87(0.69 %),641700,55268430000,63300,5452720000,17720518,35.99
01/11/2023,359900,30802860000,88(1.15 %),379800,32508760000,19900,1705900000,17367618,36.25
02/11/2023,113600,10442790000,92.8(5.45 %),115900,10650300000,2300,207510000,17254018,36.34
03/11/2023,67200,6322660000,96(3.45 %),124000,11537750000,56800,5215090000,17186818,36.39
06/11/2023,-226800,-21739810000,97(1.04 %),11000,1056540000,237800,22796350000,17413618,36.22
07/11/2023,8200,806260000,96(-1.03 %),147100,14232870000,138900,13426610000,17405418,36.22
08/11/2023,-150700,-15184060000,100(4.17 %),149000,14564630000,299700,29748690000,17201110,36.37
09/11/2023,14600,1886650000,104.5(4.50 %),225000,23054720000,210400,21168070000,17115456,36.44
10/11/2023,-5600,-575400000,103.3(-1.15 %),35000,3630040000,40600,4205440000,17380271,36.24
13/11/2023,31000,3233550000,103.3(0.00 %),42400,4412480000,11400,1178930000,17548276,36.12
14/11/2023,32801,3428174300,104(0.68 %),59400,6189340000,26599,2761165700,17316470,36.29
15/11/2023,144800,15098420000,104.9(0.87 %),164000,17100790000,19200,2002370000,17171670,36.4
16/11/2023,0,0,103.5(-1.33 %),0,0,0,0,17171670,36.4
17/11/2023,132000,13547390000,102.9(-0.58 %),188100,19243380000,56100,5695990000,17190275,36.38
20/11/2023,3900,395050000,101.5(-1.36 %),15800,1604260000,11900,1209210000,17551800,36.12
21/11/2023,5000,508120000,102(0.49 %),13500,1375300000,8500,867180000,17594400,36.09
22/11/2023,31700,3216040000,101.7(-0.29 %),38500,3907910000,6800,691870000,17567775,36.11
23/11/2023,14500,1432220000,99.9(-1.77 %),26500,2653630000,12000,1221410000,17553275,36.12
24/11/2023,231600,22902130000,102(2.10 %),361100,35679780000,129500,12777650000,17321675,36.29
27/11/2023,20100,2036550000,99(-2.94 %),26100,2642400000,6000,605850000,17301575,36.3
28/11/2023,-63300,-6100240000,98.8(-0.20 %),70100,6806760000,133400,12907000000,17364875,36.25
29/11/2023,33900,3410390000,99.8(1.01 %),47200,4724500000,13300,1314110000,17330975,36.28
30/11/2023,362700,37254300000,102.4(2.61 %),383000,39334680000,20300,2080380000,16968275,36.55
01/12/2023,26800,2778580000,103(0.59 %),63900,6555240000,37100,3776660000,16951275,36.56
04/12/2023,76400,7850380000,103(0.00 %),138300,14225380000,61900,6375000000,16874875,36.61
05/12/2023,-122800,-12546070000,101.8(-1.17 %),111900,11452680000,234700,23998750000,16997675,36.52
06/12/2023,-146900,-14695440000,101.8(0.00 %),44600,4532110000,191500,19227550000,17144575,36.42
07/12/2023,-34800,-3397760000,101.9(0.10 %),99400,9977510000,134200,13375270000,17179375,36.39
08/12/2023,-38900,-3834300000,101.1(-0.79 %),71400,7219740000,110300,11054040000,17218275,36.36
11/12/2023,-176600,-17501120000,99.1(-1.98 %),37100,3678970000,213700,21180090000,17394875,36.23
12/12/2023,94900,9591630000,101.5(2.42 %),160700,16146180000,65800,6554550000,17299975,36.3
13/12/2023,-81000,-8102440000,100(-1.48 %),45900,4604760000,126900,12707200000,17380975,36.24
14/12/2023,-7200,-673010000,100(0.00 %),96900,9661190000,104100,10334200000,17388175,36.24
15/12/2023,108800,11008020000,100.8(0.80 %),155800,15675670000,47000,4667650000,17279375,36.32
18/12/2023,27800,2809110000,100.6(-0.20 %),58900,5900740000,31100,3091630000,17251575,36.34
19/12/2023,12600,1256670000,99.7(-0.89 %),80800,8019550000,68200,6762880000,17238975,36.35
20/12/2023,34300,3463450000,101.5(1.81 %),86200,8690340000,51900,5226890000,17204675,36.37
21/12/2023,-154500,-15735100000,101.9(0.39 %),11600,1184040000,166100,16919140000,17359175,36.26
22/12/2023,-43400,-4428840000,102.5(0.59 %),20100,2050350000,63500,6479190000,17402575,36.23
25/12/2023,-38300,-3934740000,103.9(1.37 %),25500,2645870000,63800,6580610000,17440875,36.2
26/12/2023,-1400,-141570000,103.4(-0.48 %),35700,3691500000,37100,3833070000,17442275,36.2
27/12/2023,-96000,-10025010000,103.1(-0.29 %),29900,3133340000,125900,13158350000,17538275,36.13
28/12/2023,120000,12664060000,105.2(2.04 %),207200,21629020000,87200,8964960000,17418275,36.22
29/12/2023,144200,15485520000,107(1.71 %),200700,21419000000,56500,5933480000,17274075,36.32
02/01/2024,28400,2996610000,105.3(-1.59 %),50400,5306180000,22000,2309570000,17178624,36.39
03/01/2024,-194100,-20135630000,105(-0.28 %),81000,8486420000,275100,28622050000,17335838,36.28
04/01/2024,-1400,-207720000,103.5(-1.43 %),185300,19123630000,186700,19331350000,17337238,36.27
05/01/2024,-4700,-464680000,103(-0.48 %),90900,9339140000,95600,9803820000,17341938,36.27
08/01/2024,-134500,-13647960000,101.1(-1.84 %),5500,562000000,140000,14209960000,17476438,36.17
09/01/2024,-119900,-12114140000,100.5(-0.59 %),61100,6175800000,181000,18289940000,17390700,36.24
10/01/2024,-312200,-31060190000,98.9(-1.59 %),141200,13977330000,453400,45037520000,17395540,36.23
11/01/2024,-207500,-20472680000,98.1(-0.81 %),16600,1639610000,224100,22112290000,17560140,36.11
12/01/2024,-129100,-12676480000,97.8(-0.31 %),21100,2079390000,150200,14755870000,18194738,35.65
15/01/2024,-230400,-22450800000,96.9(-0.92 %),64700,6332470000,295100,28783270000,18151948,35.68
16/01/2024,-150100,-14654350000,98.2(1.34 %),162400,15897120000,312500,30551470000,18139716,35.69
17/01/2024,-36900,-3663730000,99.5(1.32 %),149300,14860860000,186200,18524590000,18285516,35.58
18/01/2024,-171800,-17093980000,99.7(0.20 %),3600,359230000,175400,17453210000,18783938,35.21
19/01/2024,-303100,-30198630000,99.9(0.20 %),88400,8827880000,391500,39026510000,19087038,34.99
22/01/2024,-141100,-14084480000,100.8(0.90 %),88900,8862580000,230000,22947060000,19228138,34.89
23/01/2024,-142200,-14260850000,100.1(-0.69 %),65200,6513500000,207400,20774350000,19370338,34.78
24/01/2024,-120600,-11973610000,99.4(-0.70 %),105500,10537900000,226100,22511510000,19490938,34.69
25/01/2024,-279600,-28738710000,106.3(6.94 %),258700,26269880000,538300,55008590000,19770538,34.49
26/01/2024,17000,1816880000,105(-1.22 %),331500,34990020000,314500,33173140000,19753538,34.5
29/01/2024,67100,7242260000,108.5(3.33 %),344800,36683930000,277700,29441670000,19266556,34.86
30/01/2024,-21100,-1982690000,113.7(4.79 %),246500,27396480000,267600,29379170000,19334572,34.81
31/01/2024,127600,14714900000,114.6(0.79 %),266900,30719380000,139300,16004480000,19345362,34.8
01/02/2024,-1000,-87090000,118.2(3.14 %),125800,14774450000,126800,14861540000,19345362,34.8
02/02/2024,147765,17513124600,119(0.68 %),267020,31625242000,119255,14112117400,19487460,34.7
05/02/2024,382900,45659620000,119.5(0.42 %),989700,118035930000,606800,72376310000,18688880,35.28
06/02/2024,318259,38515646100,123.5(3.35 %),974720,117279264000,656461,78763617900,18056476,35.75
07/02/2024,-19500,-2442670000,125(1.21 %),39300,4907970000,58800,7350640000,18108276,35.71
15/02/2024,75900,9405000000,125.4(0.32 %),148700,18432790000,72800,9027790000,18616036,35.34
16/02/2024,41190,5188250500,124.5(-0.72 %),253090,31482900500,211900,26294650000,18421746,35.48
19/02/2024,194224,23909204100,123.5(-0.80 %),472724,58280584100,278500,34371380000,18191822,35.65
20/02/2024,18755,2304077500,122.6(-0.73 %),215709,26434592500,196954,24130515000,18188012,35.65
21/02/2024,-21372,-2725642000,126.8(3.43 %),64400,8130390000,85772,10856032000,18234112,35.62
22/02/2024,-12900,-1682470000,126.5(-0.24 %),61900,7820300000,74800,9502770000,18234112,35.62
23/02/2024,136600,17956660000,130.9(3.48 %),303500,39336020000,166900,21379360000,17957724,35.82
26/02/2024,19100,2589160000,134.5(2.75 %),95900,12726500000,76800,10137340000,18130340,35.69
27/02/2024,-132050,-17723715000,135.9(1.04 %),151800,20262280000,283850,37985995000,18070674,35.74
28/02/2024,23320,3387500000,136.3(0.29 %),403320,54200060000,380000,50812560000,18047354,35.75
29/02/2024,-151569,-21326815000,145(6.38 %),95080,13355068000,246649,34681883000,17961288,35.82
01/03/2024,-281045,-40995256500,141(-2.76 %),25900,3720820000,306945,44716076500,17935389,35.84
04/03/2024,-139887,-19602164400,141.8(0.57 %),139908,19609557600,279795,39211722000,18075276,35.73
05/03/2024,19271,2789582400,145(2.26 %),78200,11241120000,58929,8451537600,18623976,35.33
06/03/2024,41900,6112830000,143.9(-0.76 %),117200,16990510000,75300,10877680000,18014105,35.78
07/03/2024,98599,14459102700,147(1.31 %),260600,38076210000,162001,23617107300,17915506,35.85
08/03/2024,156415,22751165000,146(-0.68 %),302800,44058110000,146385,21306945000,17759091,35.97
11/03/2024,630300,97341750000,154.5(5.82 %),801400,123796280000,171100,26454530000,17128791,36.43
12/03/2024,308200,49380830000,158(2.27 %),747700,119165240000,439500,69784410000,17062736,36.48
13/03/2024,-131800,-20659320000,158(0.00 %),129900,20389800000,261700,41049120000,17103990,36.45
14/03/2024,-671900,-104332600000,154(-2.53 %),157000,24273310000,828900,128605910000,17775890,35.95
15/03/2024,-451900,-66192700000,147(-4.55 %),1376800,205528010000,1828700,271720710000,18227790,35.62
18/03/2024,634100,93546140000,149.9(1.97 %),1250600,184600340000,616500,91054200000,15849988,37.37
19/03/2024,283100,42494830000,149.7(-0.13 %),605700,90790470000,322600,48295640000,17073056,36.47
20/03/2024,33500,5218690000,150(0.20 %),148400,22161130000,114900,16942440000,17277090,36.32
21/03/2024,-167600,-24704710000,150(0.00 %),106100,15778100000,273700,40482810000,17444690,36.2
22/03/2024,-168100,-24703980000,149.7(-0.20 %),116300,17342560000,284400,42046540000,17612790,36.07
25/03/2024,-177800,-26127930000,148(-1.14 %),92000,13607580000,269800,39735510000,17938094,35.83
26/03/2024,-80300,-11160490000,147.9(-0.07 %),156100,23073220000,236400,34233710000,17736290,35.98
27/03/2024,-221600,-31076120000,147(-0.61 %),340600,49837160000,562200,80913280000,17995644,35.79
28/03/2024,141000,21498410000,156.9(6.73 %),359900,54660980000,218900,33162570000,17872224,35.88
29/03/2024,150900,23869910000,156(-0.57 %),465900,72279460000,315000,48409550000,17968556,35.81
01/04/2024,-700,-17020000,153.5(-1.60 %),199600,30609920000,200300,30626940000,17987856,35.8
02/04/2024,-132800,-19137290000,153(-0.33 %),258400,39506270000,391200,58643560000,18101357,35.71
03/04/2024,-312700,-46751960000,148.4(-3.01 %),86200,12859230000,398900,59611190000,18158664,35.67
04/04/2024,263000,39300030000,149(0.40 %),346400,51448240000,83400,12148210000,18151057,35.68
05/04/2024,157400,23487650000,148(-0.67 %),229300,34104750000,71900,10617100000,18373144,35.51
08/04/2024,-123700,-17970570000,142.9(-3.45 %),193100,27587600000,316800,45558170000,18117357,35.7
09/04/2024,49700,7078420000,140(-2.03 %),654300,90986580000,604600,83908160000,18067657,35.74
10/04/2024,15100,2098480000,140(0.00 %),134900,18899850000,119800,16801370000,18052557,35.75
11/04/2024,207400,30053760000,145.2(3.71 %),288500,41637250000,81100,11583490000,18179788,35.66
12/04/2024,12800,1880700000,144.9(-0.21 %),62000,8982660000,49200,7101960000,18237788,35.61
15/04/2024,-54900,-7949200000,138.9(-4.14 %),87000,12071420000,141900,20020620000,17887257,35.87
16/04/2024,-32600,-4346240000,141(1.51 %),113500,15660840000,146100,20007080000,17919857,35.85
17/04/2024,29000,4141410000,141(0.00 %),104200,14687820000,75200,10546410000,17858257,35.89
19/04/2024,50200,7210250000,141(0.00 %),152000,21405220000,101800,14194970000,17808057,35.93
22/04/2024,-21600,-2923290000,145(2.84 %),156400,22705810000,178000,25629100000,18119080,35.7
23/04/2024,-58700,-8499410000,145(0.00 %),156400,22649310000,215100,31148720000,18064552,35.74
24/04/2024,96900,14825510000,151(4.14 %),379000,57416800000,282100,42591290000,17791457,35.94
25/04/2024,-65800,-10057120000,153(1.32 %),40400,6169080000,106200,16226200000,17857257,35.89
26/04/2024,-45000,-7061110000,161(5.23 %),300500,48144780000,345500,55205890000,18019932,35.77
02/05/2024,6000,1076770000,164(1.86 %),272800,44589850000,266800,43513080000,17853332,35.9
03/05/2024,-116200,-18772820000,164(0.00 %),85000,13904400000,201200,32677220000,18113688,35.7
06/05/2024,-101000,-16362760000,162.2(-1.10 %),20600,3340920000,121600,19703680000,18359868,35.52
07/05/2024,-115100,-18657030000,164(1.11 %),95200,15546740000,210300,34203770000,18465868,35.45
08/05/2024,-108600,-17653540000,162.5(-0.91 %),62600,10186990000,171200,27840530000,18524904,35.4
09/05/2024,56900,9306380000,166.9(2.71 %),130800,21599790000,73900,12293410000,18604510,35.34
10/05/2024,-42600,-7029840000,164.5(-1.44 %),19700,3270250000,62300,10300090000,18756000,35.23
13/05/2024,-195700,-31350250000,160.8(-2.25 %),190000,30320990000,385700,61671240000,18639348,35.32
14/05/2024,16600,2679090000,162.3(0.93 %),140000,22398820000,123400,19719730000,18625631,35.33
15/05/2024,108400,17759410000,163.9(0.99 %),187100,30633880000,78700,12874470000,18517231,35.41
16/05/2024,249700,41115250000,165.6(1.04 %),342000,56224850000,92300,15109600000,18267531,35.59
17/05/2024,-51600,-8464930000,165.7(0.06 %),179200,29637730000,230800,38102660000,18441446,35.46
20/05/2024,-22500,-3724580000,164.6(-0.66 %),296300,49198400000,318800,52922980000,18237548,35.61
21/05/2024,-78000,-12381020000,164(-0.36 %),251100,41009500000,329100,53390520000,18217248,35.63
22/05/2024,-194400,-31428850000,162(-1.22 %),52600,8517840000,247000,39946690000,18483492,35.43
23/05/2024,-33700,-5151650000,162.3(0.19 %),193000,31097590000,226700,36249240000,18619618,35.33
24/05/2024,58300,9646080000,161(-0.80 %),261400,41888240000,203100,32242160000,18839131,35.17
27/05/2024,92900,14979890000,160.8(-0.12 %),170800,27363860000,77900,12383970000,18661148,35.3
28/05/2024,49400,8041400000,162.4(1.00 %),80200,13014490000,30800,4973090000,18784048,35.21
29/05/2024,101300,16581400000,164(0.99 %),147800,24152330000,46500,7570930000,18714248,35.26
30/05/2024,22000,3705260000,165(0.61 %),59200,9757010000,37200,6051750000,18685962,35.28
31/05/2024,-38200,-6505880000,170.5(3.33 %),237600,41064280000,275800,47570160000,18494952,35.42
03/06/2024,-86200,-14849100000,170.6(0.06 %),41900,7160490000,128100,22009590000,18494952,35.42
04/06/2024,99600,17013240000,171(0.23 %),121000,20672130000,21400,3658890000,18395352,35.5
05/06/2024,-119800,-20494960000,168.8(-1.29 %),72200,12190010000,192000,32684970000,18515152,35.41
06/06/2024,-35200,-5851450000,169(0.12 %),133700,22455710000,168900,28307160000,18518533,35.41
07/06/2024,-9900,-1649690000,170(0.59 %),16700,2851240000,26600,4500930000,18693946,35.28
10/06/2024,255444,44144844000,172.5(1.47 %),368394,63587769000,112950,19442925000,18438502,35.47
11/06/2024,-80684,-13806081400,172.5(0.00 %),43651,7510232100,124335,21316313500,18518533,35.41
12/06/2024,142897,25045462600,176(2.03 %),174397,30561402600,31500,5515940000,18404054,35.49
13/06/2024,0,0,177(0.57 %),0,0,0,0,18189989,35.65
14/06/2024,7000,1183170000,174(-1.69 %),169800,29592170000,162800,28409000000,18051689,35.75
17/06/2024,25401,5040331400,175(0.57 %),229601,40079761400,204200,35039430000,17947488,35.83
18/06/2024,-167262,-28836309000,172.9(-1.20 %),134200,23193620000,301462,52029929000,17976088,35.81
19/06/2024,102450,17910180000,174(0.64 %),175150,30454500000,72700,12544320000,17999738,35.79
20/06/2024,124320,21796535000,175.1(0.63 %),153090,26778855000,28770,4982320000,18148110,35.68
21/06/2024,-25890,-4897105000,179(2.23 %),213910,38090675000,239800,42987780000,18006900,35.78
24/06/2024,-2030,-432846000,176(-1.68 %),65200,11482960000,67230,11915806000,17970470,35.81
25/06/2024,49560,8951084000,176(0.00 %),160012,28126306400,110452,19175222400,18039058,35.76
26/06/2024,-7295,-1149993000,180(2.27 %),107500,18941500000,114795,20091493000,17917988,35.85
27/06/2024,128100,23058340000,180(0.00 %),183400,32959790000,55300,9901450000,17845040,35.9
28/06/2024,150507,26652803000,177(-1.67 %),191300,33903380000,40793,7250577000,17769735,35.96
04/07/2024,-85900,-15269020000,179.2(0.11 %),126900,22696790000,212800,37965810000,17705248,0.0
05/07/2024,89600,16132340000,180(0.45 %),207300,37269130000,117700,21136790000,17615648,0.0
08/07/2024,188200,34284240000,183(1.67 %),259400,47085570000,71200,12801330000,17427448,0.0
09/07/2024,-208800,-37509430000,181.9(-0.60 %),104500,18969850000,313300,56479280000,17636248,0.0
10/07/2024,-42400,-7500860000,179.5(-1.32 %),158500,28439880000,200900,35940740000,17678648,0.0
11/07/2024,68100,12304860000,179(-0.28 %),177200,31705300000,109100,19400440000,17610548,0.0
12/07/2024,-18100,-3307760000,175.5(-1.96 %),114400,20081430000,132500,23389190000,17628648,0.0
15/07/2024,-154400,-26705780000,173(-1.42 %),106200,18354910000,260600,45060690000,17783048,0.0
16/07/2024,58100,10245630000,175.5(1.45 %),111200,19470320000,53100,9224690000,17724948,0.0
17/07/2024,103300,17990930000,173.8(-0.97 %),171600,29801840000,68300,11810910000,17621648,0.0
18/07/2024,137800,23993430000,174(0.12 %),211400,36662220000,73600,12668790000,17483848,0.0
19/07/2024,55600,9800230000,176(1.15 %),88000,15450210000,32400,5649980000,17428248,0.0
22/07/2024,108200,19150530000,175.9(-0.06 %),165900,29111540000,57700,9961010000,17320048,0.0
23/07/2024,70300,12244800000,174.1(-1.02 %),120800,21034610000,50500,8789810000,17249748,0.0
24/07/2024,125500,22058440000,174(-0.06 %),222900,38488650000,97400,16430210000,17124248,0.0
25/07/2024,79500,13869370000,172(-1.15 %),139400,23905200000,59900,10035830000,17044748,0.0
26/07/2024,-78700,-13324610000,169.1(-1.69 %),38300,6503170000,117000,19827780000,17123448,0.0
29/07/2024,2300,501460000,169.9(0.47 %),105100,17813010000,102800,17311550000,17121148,0.0
30/07/2024,2300,501460000,169.3(-0.35 %),105100,17813010000,102800,17311550000,17118848,0.0
31/07/2024,131400,22689330000,172.8(2.07 %),167700,28880750000,36300,6191420000,16987448,0.0
01/08/2024,71200,12248110000,170(-1.62 %),220700,37577920000,149500,25329810000,17216737,0.0
02/08/2024,-32200,-4871730000,169.9(-0.06 %),165500,27900710000,197700,32772440000,17248937,0.0
05/08/2024,-41800,-7103580000,162.5(-4.36 %),185400,30269920000,227200,37373500000,17290737,0.0
06/08/2024,-124800,-19318250000,166.9(2.71 %),313300,51864290000,438100,71182540000,17415537,0.0
07/08/2024,177700,29898650000,168.6(1.02 %),192300,32331080000,14600,2432430000,17237837,0.0
08/08/2024,171600,29042650000,169.5(0.53 %),190900,32298510000,19300,3255860000,17066237,0.0
09/08/2024,-123900,-20497220000,172.9(2.01 %),136900,23525290000,260800,44022510000,17190137,0.0
12/08/2024,-39400,-6722220000,173.8(0.52 %),104900,18157950000,144300,24880170000,17229537,0.0
13/08/2024,121300,21295390000,175(0.69 %),339400,59162270000,218100,37866880000,17108237,0.0
14/08/2024,-256700,-44412500000,173(-1.14 %),135700,23492460000,392400,67904960000,17364937,0.0
15/08/2024,-74000,-12644260000,172.3(-0.40 %),25400,4372810000,99400,17017070000,17438937,0.0
16/08/2024,-178400,-31295910000,174.3(1.16 %),59100,10307270000,237500,41603180000,17617337,0.0
19/08/2024,-63500,-11069080000,174(-0.17 %),101700,17693880000,165200,28762960000,17680837,0.0
20/08/2024,17600,3096180000,176(1.15 %),63600,11101210000,46000,8005030000,17663237,0.0
21/08/2024,87800,15902420000,188(6.82 %),397700,73439340000,309900,57536920000,17575437,0.0
22/08/2024,130100,24459930000,188(0.00 %),304500,57132250000,174400,32672320000,17445337,0.0
23/08/2024,-42800,-7884110000,185.8(-1.17 %),106500,19778850000,149300,27662960000,17488137,0.0
26/08/2024,76300,13893400000,182.9(-1.56 %),183200,33504430000,106900,19611030000,17411837,0.0
27/08/2024,-245000,-43325280000,179.2(-2.02 %),148900,26626050000,393900,69951330000,17656837,0.0
28/08/2024,13300,2608030000,179.2(0.00 %),133100,23818340000,119800,21210310000,17643537,0.0
29/08/2024,188600,33992000000,180(0.45 %),239900,43114220000,51300,9122220000,17454937,0.0
30/08/2024,190200,34621090000,181.7(0.94 %),260800,47313050000,70600,12691960000,17264737,0.0
04/09/2024,93500,17069540000,182.5(0.44 %),157400,28567580000,63900,11498040000,17242455,0.0
05/09/2024,83400,15272270000,182.5(0.00 %),136000,24778580000,52600,9506310000,17159055,0.0
06/09/2024,12700,2450250000,182.4(-0.05 %),106200,19351910000,93500,16901660000,17146355,0.0
09/09/2024,32100,5959900000,182(-0.22 %),152000,27604850000,119900,21644950000,17114255,0.0
10/09/2024,123900,22446840000,181(-0.55 %),207200,37491520000,83300,15044680000,16990355,0.0
11/09/2024,56600,10272440000,180.5(-0.28 %),179700,32367270000,123100,22094830000,16933755,0.0
12/09/2024,-137200,-24530390000,178.9(-0.89 %),136500,24436010000,273700,48966400000,17070955,0.0
13/09/2024,62400,11262160000,179(0.06 %),181600,32409590000,119200,21147430000,17008555,0.0
16/09/2024,81700,14473770000,177(-1.12 %),124300,22048830000,42600,7575060000,16926855,0.0
17/09/2024,-27400,-4826410000,177.2(0.11 %),86900,15372410000,114300,20198820000,16954255,0.0
18/09/2024,-42900,-7571750000,179.8(1.47 %),97900,17565490000,140800,25137240000,16997155,0.0
19/09/2024,98300,17715930000,180.5(0.39 %),112900,20329480000,14600,2613550000,16898855,0.0
20/09/2024,20800,3689250000,178.9(-0.89 %),381700,68291290000,360900,64602040000,16878055,0.0
23/09/2024,113200,20251500000,178.9(0.00 %),120900,21621790000,7700,1370290000,16764855,0.0
24/09/2024,94900,16986810000,178.9(0.00 %),107000,19141270000,12100,2154460000,16669955,0.0
25/09/2024,22400,4043030000,178.6(-0.17 %),107300,19160330000,84900,15117300000,16647555,0.0
26/09/2024,74300,13315460000,179(0.22 %),119200,21313620000,44900,7998160000,16573255,0.0
27/09/2024,77100,13737600000,178(-0.56 %),125500,22337790000,48400,8600190000,16496155,0.0
30/09/2024,16900,3287350000,178(0.00 %),215800,38401250000,198900,35113900000,16479255,0.0
01/10/2024,44600,7886820000,177.1(-0.51 %),81000,14349470000,36400,6462650000,16166519,0.0
02/10/2024,44100,7824710000,177(-0.06 %),112800,19939390000,68700,12114680000,16122419,0.0
03/10/2024,-37700,-6614480000,176(-0.56 %),119600,21041320000,157300,27655800000,16160119,0.0
04/10/2024,51100,9072440000,177(0.57 %),90200,15939310000,39100,6866870000,16109019,0.0
07/10/2024,122900,21753350000,176.9(-0.06 %),141500,25029470000,18600,3276120000,15986119,0.0
08/10/2024,-17800,-3056520000,177(0.06 %),91000,16105590000,108800,19162110000,16003919,0.0
09/10/2024,165100,29208460000,177.1(0.06 %),215800,38139160000,50700,8930700000,15838819,0.0
10/10/2024,14900,2604820000,179.5(1.36 %),129500,23126720000,114600,20521900000,15823919,0.0
11/10/2024,67100,12244310000,180(0.28 %),183900,33391250000,116800,21146940000,15756819,0.0
14/10/2024,-2400,-402310000,179.9(-0.06 %),46500,8363230000,48900,8765540000,15759219,0.0
15/10/2024,56200,10065960000,179(-0.50 %),96600,17289620000,40400,7223660000,15703019,0.0
16/10/2024,-85900,-15248980000,178(-0.56 %),51400,9149170000,137300,24398150000,15788919,0.0
17/10/2024,16900,3081350000,178(0.00 %),99400,17691370000,82500,14610020000,15772019,0.0
18/10/2024,-59700,-10534230000,177.3(-0.39 %),64700,11487730000,124400,22021960000,15831719,0.0
21/10/2024,-6200,-1099130000,175.9(-0.79 %),76600,13475960000,82800,14575090000,15837919,0.0
22/10/2024,-205100,-35236340000,174(-1.08 %),144900,25207680000,350000,60444020000,16043019,0.0
23/10/2024,58600,10088840000,172(-1.15 %),133000,22875460000,74400,12786620000,15984419,0.0
24/10/2024,3900,654240000,170.8(-0.70 %),85000,14518070000,81100,13863830000,15980519,0.0
25/10/2024,-18700,-3178640000,168.5(-1.35 %),33500,5646380000,52200,8825020000,15999219,0.0
28/10/2024,44000,7524450000,169(0.30 %),110200,18594160000,66200,11069710000,15955219,0.0
29/10/2024,5600,1000770000,171.9(1.72 %),65100,11184890000,59500,10184120000,15949619,0.0
30/10/2024,50100,8565870000,171.2(-0.41 %),83800,14322360000,33700,5756490000,15899519,0.0
31/10/2024,64800,11286870000,173.8(1.52 %),100200,17414590000,35400,6127720000,15834719,0.0
01/11/2024,57400,9782810000,169.9(-2.24 %),116800,19955530000,59400,10172720000,15969078,0.0
04/11/2024,86200,14690240000,170.9(0.59 %),107700,18325850000,21500,3635610000,15882878,0.0
05/11/2024,-97300,-16390820000,170.9(0.00 %),47600,8096520000,144900,24487340000,15980178,0.0
06/11/2024,65300,11270670000,172.5(0.94 %),70500,12160460000,5200,889790000,15914878,0.0
07/11/2024,-81800,-13974300000,170(-1.45 %),102900,17497950000,184700,31472250000,15996678,0.0
08/11/2024,7500,1274090000,170(0.00 %),44300,7532680000,36800,6258590000,15989178,0.0
11/11/2024,13000,2197240000,169(-0.59 %),75100,12708730000,62100,10511490000,15976178,0.0
12/11/2024,-99800,-16761880000,169(0.00 %),100400,16961340000,200200,33723220000,17153082,36.41
13/11/2024,-61200,-10259930000,167.1(-1.12 %),45900,7671990000,107100,17931920000,16137178,0.0
14/11/2024,-136500,-22767420000,166(-0.66 %),65200,10828870000,201700,33596290000,16273678,0.0
15/11/2024,114400,18921600000,166(0.00 %),153700,25358970000,39300,6437370000,16159278,0.0
18/11/2024,30300,5121800000,166(0.00 %),72300,11999640000,42000,6877840000,16128978,0.0
19/11/2024,-77500,-12700930000,163(-1.81 %),82300,13426790000,159800,26127720000,16206478,0.0
20/11/2024,74800,12309230000,165(1.23 %),102600,16830460000,27800,4521230000,16131678,0.0
21/11/2024,-130400,-22201030000,169.9(2.97 %),98100,16559150000,228500,38760180000,16262078,0.0
22/11/2024,-62900,-10874460000,173.2(1.94 %),101400,17536780000,164300,28411240000,16324978,0.0
25/11/2024,-183700,-31884440000,173.5(0.17 %),102100,17846650000,285800,49731090000,16280432,37.05
26/11/2024,-115300,-19949720000,173.1(-0.23 %),69000,11956060000,184300,31905780000,16375778,36.98
27/11/2024,-322400,-55929500000,173.6(0.29 %),146500,25441050000,468900,81370550000,16235078,37.08
28/11/2024,-53800,-9457930000,176.9(1.90 %),171400,30122690000,225200,39580620000,16248017,37.07
29/11/2024,-90900,-16338570000,178.5(0.90 %),44100,7898930000,135000,24237500000,16672768,36.76
02/12/2024,-20000,-3444080000,179.8(0.73 %),88300,15826370000,108300,19270450000,16809645,36.66
03/12/2024,25800,4620980000,179.6(-0.11 %),83500,14986370000,57700,10365390000,16861189,36.62
04/12/2024,-93700,-16824750000,179(-0.33 %),76600,13742950000,170300,30567700000,16892954,36.6
05/12/2024,37600,6749500000,181(1.12 %),202400,36573380000,164800,29823880000,16748307,36.71
09/12/2024,48200,8780290000,181.9(0.22 %),64200,11662650000,16000,2882360000,16961182,36.55
10/12/2024,-43800,-7850750000,181.9(0.00 %),60300,10954970000,104100,18805720000,17196982,36.38
16/12/2024,67900,12637960000,186(2.25 %),105500,19510550000,37600,6872590000,17454039,36.19
17/12/2024,-5800,-1102900000,185.6(-0.22 %),19800,3674090000,25600,4776990000,17452439,36.19
18/12/2024,37900,7080880000,185.9(0.16 %),63200,11735270000,25300,4654390000,17376914,36.25
19/12/2024,91300,17001880000,184.2(-0.91 %),206500,38031840000,115200,21029960000,17196039,36.38
20/12/2024,98600,18156390000,184(-0.11 %),191500,35135530000,92900,16979140000,17029839,36.5
24/12/2024,0,0,182.6(-0.60 %),0,0,0,0,16918321,36.58
25/12/2024,82400,15120930000,183.5(0.49 %),86000,15780130000,3600,659200000,16985421,36.53
26/12/2024,108700,19970700000,183.8(0.16 %),124000,22768680000,15300,2797980000,16935445,36.57
27/12/2024,8900,1813320000,183.8(0.00 %),170100,31221920000,161200,29408600000,16768945,36.69
30/12/2024,187600,34747930000,185(0.65 %),240200,44420580000,52600,9672650000,16544045,36.86
31/12/2024,337400,62612760000,185.6(0.32 %),343200,63682890000,5800,1070130000,16312045,37.03
02/01/2025,97100,18138540000,186.8(0.65 %),120300,22459140000,23200,4320600000,16244345,37.08
03/01/2025,-46500,-8675220000,187.5(0.37 %),149200,28063390000,195700,36738610000,16100945,37.18
06/01/2025,-12900,-2519100000,186(-0.80 %),191800,36382430000,204700,38901530000,15932365,37.31
07/01/2025,-53500,-9885290000,185.5(-0.27 %),201400,37239580000,254900,47124870000,15932365,37.31
08/01/2025,-14500,-2675450000,184(-0.81 %),31200,5741180000,45700,8416630000,16100215,37.18
09/01/2025,-66500,-12228270000,184.5(0.27 %),30300,5559010000,96800,17787280000,16324835,37.02
10/01/2025,200,10810000,183.5(-0.54 %),37300,6851820000,37100,6841010000,16333235,37.01
13/01/2025,40900,7536220000,185(0.82 %),78000,14335550000,37100,6799330000,16352035,37.0
14/01/2025,100100,18495950000,185(0.00 %),138900,25697330000,38800,7201380000,16250300,37.07
15/01/2025,-69300,-12737490000,185(0.00 %),36700,6781950000,106000,19519440000,16250700,37.07
16/01/2025,-54300,-9975440000,184.3(-0.38 %),13000,2394800000,67300,12370240000,16305000,0.0
17/01/2025,-180400,-33264050000,187(1.47 %),59900,11133300000,240300,44397350000,16322581,37.02
20/01/2025,-191200,-35728090000,188(0.53 %),11500,2146030000,202700,37874120000,16378401,36.98
21/01/2025,-193800,-36696540000,192.5(2.39 %),84600,16038760000,278400,52735300000,16534101,36.86
22/01/2025,-237800,-46536540000,201(4.42 %),153400,30092700000,391200,76629240000,16583463,36.83
23/01/2025,-452500,-89603300000,198.5(-1.24 %),164800,32772190000,617300,122375490000,16717088,36.73
24/01/2025,-267700,-54576500000,206(3.78 %),182100,37077700000,449800,91654200000,16926188,36.58
03/02/2025,36400,7460390000,0(0.00 %),92100,18797740000,55700,11337350000,17561460,36.11
04/02/2025,-213400,-43125580000,201.4(-1.76 %),38900,7859960000,252300,50985540000,17972360,35.81
05/02/2025,-311200,-61336990000,197.8(-1.79 %),170900,33827310000,482100,95164300000,17857185,35.89
06/02/2025,-311600,-59798520000,188(-4.95 %),38000,7236330000,349600,67034850000,18071602,35.74
07/02/2025,-189800,-35799210000,188.4(0.21 %),244400,46091910000,434200,81891120000,18309292,35.56
10/02/2025,-105200,-19700220000,188.6(0.11 %),150100,28208780000,255300,47909000000,18508797,35.41
11/02/2025,6700,1270710000,192.9(2.28 %),209700,40307880000,203000,39037170000,18733262,35.25
12/02/2025,-140100,-26857360000,191.8(-0.57 %),5800,1112880000,145900,27970240000,18982762,35.07
13/02/2025,-132800,-25306850000,190(-0.94 %),33500,6389000000,166300,31695850000,19152312,34.94
14/02/2025,-77700,-14824420000,190.5(0.26 %),28300,5408560000,106000,20232980000,19269912,34.86
17/02/2025,-139200,-26365440000,189.2(-0.68 %),2800,531800000,142000,26897240000,19433412,34.74
18/02/2025,-128300,-24282150000,190.5(0.69 %),14300,2705060000,142600,26987210000,19523112,34.67
19/02/2025,-15400,-2907570000,191(0.26 %),67800,12928420000,83200,15835990000,19597312,34.62
20/02/2025,-85000,-16053970000,188.5(-1.31 %),43000,8131720000,128000,24185690000,19696993,34.54
21/02/2025,-192800,-35870780000,184(-2.39 %),14000,2607000000,206800,38477780000,19766183,34.49
24/02/2025,-398200,-70786680000,178.8(-2.83 %),61400,10958880000,459600,81745560000,19832983,34.44
25/02/2025,-80800,-14208680000,175.3(-1.96 %),155400,27258630000,236200,41467310000,19883510,34.41
26/02/2025,-86000,-15146860000,180.5(2.97 %),106600,19216370000,192600,34363230000,20236510,34.15
27/02/2025,-27100,-4804070000,184.5(2.22 %),234200,42848030000,261300,47652100000,20238590,34.15
28/02/2025,-206700,-37718500000,183(-0.81 %),44600,8149840000,251300,45868340000,20386590,34.04
03/03/2025,-200900,-36432870000,181.5(-0.82 %),37900,6878670000,238800,43311540000,20609995,33.87
04/03/2025,-162200,-29376940000,179.5(-1.10 %),15500,2796680000,177700,32173620000,20845665,33.7
05/03/2025,22000,4037440000,181.5(1.11 %),70400,12858490000,48400,8821050000,21014065,33.58
06/03/2025,-71800,-13055900000,182(0.28 %),166700,30357280000,238500,43413180000,21025095,33.57
07/03/2025,8500,1551830000,182.5(0.27 %),56400,10282340000,47900,8730510000,21017095,33.57
10/03/2025,-462800,-82628170000,177.5(-2.74 %),29000,5190100000,491800,87818270000,21226535,33.42
11/03/2025,-163900,-29026380000,178.8(0.73 %),87000,15520240000,250900,44546620000,21226535,33.42
12/03/2025,3800,648360000,177.1(-0.95 %),91300,16180230000,87500,15531870000,21587885,33.15
13/03/2025,113500,20461880000,180(1.64 %),167100,30089740000,53600,9627860000,21672710,33.09
14/03/2025,60000,10760830000,180.1(0.06 %),150800,27051080000,90800,16290250000,21610010,33.14
17/03/2025,52200,9520700000,182.8(1.50 %),123800,22505460000,71600,12984760000,21539599,33.19
18/03/2025,-96500,-17633030000,180(-1.53 %),32000,5794790000,128500,23427820000,21598398,33.15
19/03/2025,-28100,-4930200000,180(0.00 %),52000,9332590000,80100,14262790000,21618088,33.13
20/03/2025,-246200,-43205390000,176(-2.22 %),143600,25240340000,389800,68445730000,21603138,33.14
21/03/2025,-52800,-9264280000,176(0.00 %),12600,2217940000,65400,11482220000,21670988,33.09
24/03/2025,-52300,-9150840000,172(-2.27 %),81700,14057140000,134000,23207980000,21980088,32.87
25/03/2025,-128400,-21719490000,170(-1.16 %),112000,19072910000,240400,40792400000,21933911,32.9
26/03/2025,-11100,-1890490000,169.8(-0.12 %),28300,4808620000,39400,6699110000,22040411,32.82
27/03/2025,21800,3763630000,171(0.71 %),62000,10584490000,40200,6820860000,22219039,32.69
28/03/2025,-14800,-2487840000,169(-1.17 %),61000,10308380000,75800,12796220000,22197739,32.71
31/03/2025,-516800,-83977070000,165(-2.37 %),165100,27212240000,681900,111189310000,22073034,32.8
01/04/2025,-655600,-104236070000,154(-6.67 %),13300,2085510000,668900,106321580000,22135984,32.75
02/04/2025,-431500,-64912200000,151(-1.95 %),330800,49445260000,762300,114357460000,22488184,32.49
03/04/2025,-6900,-1082230000,140.5(-6.95 %),154000,21750620000,160900,22832850000,23002628,32.12
04/04/2025,-32700,-4251070000,140(-0.36 %),431500,58894520000,464200,63145590000,23333478,31.87
08/04/2025,54200,6942240000,130.2(-7.00 %),260400,33931290000,206200,26989050000,23233978,31.95
09/04/2025,1900,129560000,124.1(-4.69 %),600900,75513600000,599000,75384040000,23097278,32.05
10/04/2025,-16000,-2123200000,132.7(6.93 %),500,66350000,16500,2189550000,23301078,31.9
11/04/2025,285300,40393510000,141.9(6.93 %),367500,51935920000,82200,11542410000,23532755,31.73
14/04/2025,3000,753150000,151(6.41 %),294000,43885950000,291000,43132800000,23255245,31.93
15/04/2025,14500,2226200000,148.5(-1.66 %),146300,21800720000,131800,19574520000,23191232,31.98
16/04/2025,-40000,-5857950000,145(-2.36 %),94400,13872620000,134400,19730570000,23387907,31.83
17/04/2025,-27900,-3999000000,143(-1.38 %),18400,2641010000,46300,6640010000,23501307,31.75
18/04/2025,-80500,-11880890000,146.5(2.45 %),28700,4209290000,109200,16090180000,23607007,31.67
21/04/2025,143300,21542570000,151(3.07 %),194300,29059630000,51000,7517060000,23459007,31.78
22/04/2025,212800,33389650000,159.8(5.83 %),680200,104685920000,467400,71296270000,22888037,32.2
23/04/2025,168500,27825920000,168(5.13 %),346800,57186330000,178300,29360410000,22593237,32.42
24/04/2025,41100,6868960000,168.1(0.06 %),183500,30835350000,142400,23966390000,22877147,32.21
25/04/2025,-87700,-14459700000,163(-3.03 %),22900,3775600000,110600,18235300000,23032547,32.09
28/04/2025,105900,17561130000,165.9(1.78 %),333600,54613520000,227700,37052390000,22841347,32.23
29/04/2025,95400,15965150000,167.8(1.15 %),246600,41143830000,151200,25178680000,22668047,32.36
05/05/2025,374800,11177930000,172.5(2.80 %),374800,64293750000,0,53115820000,22830617,32.24
06/05/2025,113800,19584530000,171.8(-0.41 %),133500,22982400000,19700,3397870000,22868017,32.22
07/05/2025,180300,30989250000,173.2(0.81 %),336700,57768940000,156400,26779690000,22687757,32.35
08/05/2025,-26900,-4655400000,170.5(-1.56 %),78000,13368560000,104900,18023960000,22687757,32.35
09/05/2025,15600,2660450000,170.5(0.00 %),145100,24758700000,129500,22098250000,22672057,32.36
12/05/2025,56300,9666230000,172.6(1.23 %),181800,31213650000,125500,21547420000,22618262,32.4
13/05/2025,97700,17024290000,175(1.39 %),202600,35355960000,104900,18331670000,22490580,32.49
14/05/2025,3000,543300000,175(0.00 %),204200,35752280000,201200,35208980000,22487601,32.49
15/05/2025,126200,8127560000,175(0.00 %),126200,22037430000,0,13909870000,22441201,32.53
16/05/2025,64900,4514130000,171.8(-1.83 %),64900,11228400000,0,6714270000,22415101,32.55
19/05/2025,327830,-1467680500,168(-2.21 %),327830,55349740800,0,56817421300,22415101,32.55
20/05/2025,106112,12306291500,170.4(1.43 %),106112,18025048800,0,5718757300,22342726,32.6
21/05/2025,277500,2405577800,167.2(-1.88 %),277500,46633010000,0,44227432200,22337039,32.6
22/05/2025,422800,12711850000,164.6(-1.56 %),422800,69757103000,0,57045253000,22259809,32.66
23/05/2025,-25500,-4174560000,163.3(-0.79 %),10000,1639420000,35500,5813980000,22259809,32.66
26/05/2025,156800,-24709891800,162.2(-0.67 %),156800,25273780200,0,49983672000,22259809,32.66
27/05/2025,99300,16774300000,168.1(3.64 %),227600,38076100000,128300,21301800000,22186066,32.72
28/05/2025,74800,-7552458700,167.5(-0.36 %),74800,12494370000,0,20046828700,22339374,32.6
29/05/2025,221500,1542660000,167.5(0.00 %),221500,36815430000,0,35272770000,22330974,32.61
30/05/2025,168544,6944301700,168(0.30 %),168544,28082220000,0,21137918300,22335568,32.61
02/06/2025,16207,-15099568800,164.9(-1.85 %),16207,2666158500,0,17765727300,22335568,32.61
03/06/2025,346700,31478961100,169.5(2.79 %),346700,58594944000,0,27115982900,22149638,32.74
04/06/2025,6200,-10258181000,168(-0.88 %),6200,1055620000,0,11313801000,22241086,32.68
05/06/2025,106100,6756497500,168(0.00 %),106100,17737650000,0,10981152500,22200741,32.7
06/06/2025,112000,-13253510000,165(-1.79 %),112000,18608490000,0,31862000000,22261356,32.66
09/06/2025,214610,-5978238000,170.4(3.27 %),214610,36421800000,0,42400038000,22261356,32.66
10/06/2025,304300,18813151200,179.9(5.58 %),304300,54116640000,0,35303488800,22234337,32.68
11/06/2025,-39700,-7142570000,178(-1.06 %),33700,5989220000,73400,13131790000,22209503,32.7
12/06/2025,-129400,-22810900000,176(-1.12 %),5700,1008320000,135100,23819220000,22209503,32.7
13/06/2025,-126000,-21823250000,171.1(-2.78 %),19300,3345960000,145300,25169210000,22209503,32.7
16/06/2025,-61100,-10501170000,173.9(1.64 %),14700,2525080000,75800,13026250000,22338853,32.6
17/06/2025,58800,10341740000,177.4(2.01 %),115200,20140740000,56400,9799000000,22406123,32.55
18/06/2025,-204000,-35558970000,173.9(-1.97 %),108800,18920820000,312800,54479790000,22467253,32.51
19/06/2025,-113400,-19537710000,174(0.06 %),53500,9245680000,166900,28783390000,22467253,32.51
20/06/2025,-24800,-4248540000,172.2(-1.03 %),70400,12175320000,95200,16423860000,22671253,32.36
23/06/2025,-63800,-10882620000,172.2(0.00 %),24600,4193390000,88400,15076010000,22784653,32.28
24/06/2025,-71900,-12321140000,172(-0.12 %),27200,4652590000,99100,16973730000,22809453,32.26
25/06/2025,-29300,-5031680000,172.5(0.29 %),26300,4507640000,55600,9539320000,22873241,32.21
26/06/2025,-44600,-7736030000,174.5(1.16 %),142800,24884810000,187400,32620840000,22945181,32.16
27/06/2025,-87900,-15297150000,175.5(0.57 %),87600,15359390000,175500,30656540000,22974581,32.14
30/06/2025,153300,27245000000,179.2(2.11 %),215200,38203470000,61900,10958470000,22865855,32.22
01/07/2025,-162100,-29139500000,179.6(0.22 %),436400,78844710000,598500,107984210000,22903755,32.19
02/07/2025,-2500,-434560000,181(0.78 %),82800,14854180000,85300,15288740000,22903755,32.19
03/07/2025,318300,58838100000,186(2.76 %),339300,62703540000,21000,3865440000,22747742,32.3
04/07/2025,21600,4026960000,188.4(1.29 %),101800,19139510000,80200,15112550000,22728658,32.32
07/07/2025,-54900,-10260020000,186.4(-1.06 %),54200,10108230000,109100,20368250000,22728658,32.32
08/07/2025,5300,1027060000,186.3(-0.05 %),164100,30731020000,158800,29703960000,22723358,32.32
09/07/2025,-270800,-49823290000,186.8(0.27 %),57000,10495870000,327800,60319160000,22778158,32.28
10/07/2025,-232500,-42890390000,183.6(-1.71 %),43800,8081980000,276300,50972370000,22778158,32.28
11/07/2025,-90500,-16648910000,183.1(-0.27 %),36000,6621300000,126500,23270210000,23048958,32.08
14/07/2025,41000,7751790000,190.5(4.04 %),158600,29496970000,117600,21745180000,23240508,31.94
15/07/2025,63900,12002640000,188.9(-0.84 %),251500,47481870000,187600,35479230000,23217270,31.96
16/07/2025,-274300,-41760910000,152(0.60 %),115900,17642110000,390200,59403020000,23217270,31.96
17/07/2025,-26900,-4147350000,152.4(0.26 %),188600,28738560000,215500,32885910000,23217270,31.96
18/07/2025,92300,14107390000,152.3(-0.07 %),243900,37259270000,151600,23151880000,23398920,31.83
21/07/2025,18200,2765820000,152(-0.20 %),168600,25657460000,150400,22891640000,23057289,32.08
22/07/2025,-101600,-15368860000,151(-0.66 %),66900,10124770000,168500,25493630000,23009039,32.11
23/07/2025,93400,14338270000,157.5(4.30 %),325100,49834130000,231700,35495860000,20843089,33.7
24/07/2025,-104100,-16314760000,156.6(-0.57 %),16100,2527970000,120200,18842730000,20843089,33.7
25/07/2025,-130900,-20557340000,158(0.89 %),40400,6350440000,171300,26907780000,20843089,33.7
28/07/2025,-71700,-11223180000,156.6(-0.89 %),55900,8754090000,127600,19977270000,20947079,33.63
29/07/2025,-315600,-48300790000,152.9(-2.36 %),70100,10675910000,385700,58976700000,21077679,33.53
30/07/2025,35700,5471920000,154.7(1.18 %),386100,58556150000,350400,53084230000,21113760,33.5
31/07/2025,-51400,-7381690000,154.7(0.00 %),384500,58677260000,435900,66058950000,21335932,33.34
01/08/2025,-30800,-4522350000,154.5(-0.13 %),463400,70657340000,494200,75179690000,21335932,33.34
04/08/2025,-88400,-13411960000,154.2(-0.19 %),148500,22642790000,236900,36054750000,21335932,33.34
05/08/2025,-394400,-59873960000,151(-2.08 %),431400,65495440000,825800,125369400000,21366732,33.32
06/08/2025,126200,19382870000,154(1.99 %),281500,42931470000,155300,23548600000,21234957,33.41
07/08/2025,-7700,-1162080000,152(-1.30 %),53500,8160390000,61200,9322470000,21546859,33.18
08/08/2025,-80900,-12279650000,151.5(-0.33 %),277600,42080470000,358500,54360120000,21546859,33.18
11/08/2025,-98100,-14849990000,151(-0.33 %),362200,54718740000,460300,69568730000,21546459,33.19
12/08/2025,-221200,-33063850000,150(-0.66 %),374300,56114830000,595500,89178680000,27370828,32.93
13/08/2025,-12900,-1908370000,148.2(-1.20 %),221500,32899640000,234400,34808010000,27421665,32.9
14/08/2025,-436800,-63049320000,143.1(-3.44 %),163800,23752230000,600600,86801550000,27642932,32.77
15/08/2025,-432800,-60197350000,142.5(-0.42 %),204700,28819660000,637500,89017010000,27642932,32.77
18/08/2025,-155100,-21549630000,138.3(-2.95 %),33400,4650780000,188500,26200410000,28079704,32.51
19/08/2025,-194700,-26946010000,138.1(-0.14 %),157200,21768540000,351900,48714550000,28512504,32.26
20/08/2025,-187200,-25132740000,133.2(-3.55 %),107700,14603480000,294900,39736220000,28667304,32.17
21/08/2025,-202000,-26266030000,128.5(-3.53 %),219600,28564980000,421600,54831010000,28861484,32.05
22/08/2025,-129400,-16823620000,130.6(1.63 %),113600,14788330000,243000,31611950000,28861484,32.05
25/08/2025,-98000,-12594270000,128.9(-1.30 %),123000,16019220000,221000,28613490000,29048677,31.94
26/08/2025,-143100,-17895750000,0(-100.00 %),90700,11741360000,233800,29637110000,29252702,31.82
