Ngay,GiaDieuChinh,GiaDongCua,ThayDoi,KhoiLuongKhopLenh,GiaTriKhopLenh,KLThoaThuan,GtThoaThuan,GiaMoCua,GiaCaoNhat,GiaThapNhat
25/08/2025,128.9,0.0,-130.6(-100.00 %),372900,128900,0,0,132.1,132.8,128.5
22/08/2025,130.6,130.6,2.1(1.63 %),569300,74095970000,30600,4204440000,130.0,132.9,129.0
21/08/2025,128.5,128.5,-4.7(-3.53 %),902900,117530590000,188700,26040600000,131.0,134.4,128.4
20/08/2025,133.2,133.2,-4.9(-3.55 %),563500,76047740000,0,0,138.7,138.7,133.2
19/08/2025,138.1,138.1,-0.2(-0.14 %),573900,79549480000,0,0,138.3,141.8,138.0
18/08/2025,138.3,138.3,-4.2(-2.95 %),360400,50103140000,0,0,142.1,142.1,138.2
15/08/2025,142.5,142.5,-0.6(-0.42 %),1028800,144131820000,0,0,143.3,145.0,138.0
14/08/2025,143.1,143.1,-5.1(-3.44 %),1097300,158780220000,0,0,147.8,148.0,143.1
13/08/2025,148.2,148.2,-1.8(-1.20 %),670900,99587490000,100000,14810000000,151.0,151.0,147.5
12/08/2025,150.0,150.0,-1(-0.66 %),920300,137869160000,92000,12926000000,151.0,151.0,149.0
11/08/2025,151.0,151.0,-0.5(-0.33 %),846000,127841690000,0,0,151.3,152.5,150.5
08/08/2025,151.5,151.5,-0.5(-0.33 %),559700,84891700000,441000,67905000000,152.0,153.0,151.1
07/08/2025,152.0,152.0,-2(-1.30 %),271300,41334210000,725000,114916000000,152.8,153.5,152.0
06/08/2025,154.0,154.0,3(1.99 %),564300,85864060000,0,0,151.0,154.0,150.6
05/08/2025,151.0,151.0,-3.2(-2.08 %),1142100,173367380000,0,0,152.1,153.4,151.0
04/08/2025,154.2,154.2,-0.3(-0.19 %),415400,63342360000,0,0,153.9,154.2,151.8
01/08/2025,154.5,154.5,-0.2(-0.13 %),722400,110111480000,150000,22800000000,153.0,154.5,151.8
31/07/2025,154.7,154.7,0(0.00 %),694300,105638530000,100000,15100000000,154.6,154.7,150.8
30/07/2025,154.7,154.7,1.8(1.18 %),843900,127984590000,0,0,152.0,154.7,150.3
29/07/2025,152.9,152.9,-3.7(-2.36 %),782200,119677420000,0,0,155.8,156.9,151.0
28/07/2025,156.6,156.6,-1.4(-0.89 %),317900,49792280000,0,0,158.0,158.0,155.9
25/07/2025,158.0,158.0,1.4(0.89 %),463500,72860290000,0,0,156.6,159.0,155.6
24/07/2025,156.6,156.6,-0.9(-0.57 %),360500,56533510000,0,0,157.7,157.7,156.0
23/07/2025,157.5,157.5,6.5(4.30 %),944000,145709640000,2000000,318000000000,151.0,158.3,151.0
22/07/2025,151.0,151.0,-1(-0.66 %),324200,49039400000,0,0,151.6,152.1,150.9
21/07/2025,152.0,152.0,-0.3(-0.20 %),432100,65780720000,0,0,152.0,153.0,151.9
18/07/2025,152.3,152.3,-0.1(-0.07 %),434100,66297090000,110000,17600000000,152.2,154.9,151.9
17/07/2025,152.4,152.4,0.4(0.26 %),530300,80958970000,0,0,154.0,155.0,151.7
16/07/2025,152.0,152.0,0.9(0.60 %),832200,126643380000,200000,28120000000,154.0,155.5,150.3
15/07/2025,151.12,188.9,-1.6(-0.84 %),533900,100855400000,250000,47275000000,190.6,191.2,187.7
14/07/2025,152.4,190.5,7.4(4.04 %),696300,130114510000,0,0,183.7,190.5,183.3
11/07/2025,146.48,183.1,-0.5(-0.27 %),327000,60202530000,50000,9212200000,183.7,186.0,183.1
10/07/2025,146.88,183.6,-3.2(-1.71 %),412300,76019210000,55000,10615000000,186.8,186.8,183.6
09/07/2025,149.44,186.8,0.5(0.27 %),760100,140211690000,435000,82650000000,186.6,187.1,182.8
08/07/2025,149.04,186.3,-0.1(-0.05 %),395800,74069280000,0,0,186.2,188.3,186.1
07/07/2025,149.12,186.4,-2(-1.06 %),266700,49770030000,1055000,208885000000,188.5,189.8,185.7
04/07/2025,150.72,188.4,2.4(1.29 %),511500,96424760000,599800,118224310000,186.1,190.0,185.2
03/07/2025,148.8,186.0,5(2.76 %),800800,147797950000,0,0,182.5,186.9,180.1
02/07/2025,144.8,181.0,1.4(0.78 %),240800,43209430000,710000,129066437000,179.6,181.0,178.1
01/07/2025,143.68,179.6,0.4(0.22 %),1059200,191438910000,155000,28210000000,179.3,184.6,178.8
30/06/2025,143.36,179.2,3.7(2.11 %),667700,118456600000,0,0,176.8,179.8,175.1
27/06/2025,140.4,175.5,1(0.57 %),381900,66775850000,168500,29527266000,174.5,176.7,172.6
26/06/2025,139.6,174.5,2(1.16 %),655100,114240660000,0,0,171.7,176.9,171.2
25/06/2025,138.0,172.5,0.5(0.29 %),256700,44073870000,0,0,170.5,172.8,170.5
24/06/2025,137.6,172.0,-0.2(-0.12 %),357500,61205200000,0,0,172.2,173.0,170.1
23/06/2025,137.76,172.2,0(0.00 %),265200,45238110000,0,0,170.9,172.2,168.6
20/06/2025,137.76,172.2,-1.8(-1.03 %),226300,39114630000,305000,56730000000,172.5,174.8,172.0
19/06/2025,139.2,174.0,0.1(0.06 %),375000,64809960000,0,0,174.2,174.2,171.5
18/06/2025,139.12,173.9,-3.5(-1.97 %),473400,82481500000,305000,30525000000,177.4,177.4,173.1
17/06/2025,141.92,177.4,3.5(2.01 %),267900,46717870000,0,0,175.0,177.4,172.0
16/06/2025,139.12,173.9,2.8(1.64 %),224000,38516800000,0,0,171.5,173.9,170.0
13/06/2025,136.88,171.1,-4.9(-2.78 %),570800,98484560000,0,0,175.9,176.4,165.0
12/06/2025,140.8,176.0,-2(-1.12 %),349900,61663460000,0,0,178.9,178.9,175.0
11/06/2025,142.4,178.0,-1.9(-1.06 %),242100,43190080000,0,0,180.0,180.0,176.4
10/06/2025,143.92,179.9,9.5(5.58 %),1068200,189920340000,291000,50925000000,170.9,180.9,170.9
09/06/2025,136.32,170.4,5.4(3.27 %),907000,154017060000,0,0,165.0,171.9,165.0
06/06/2025,132.0,165.0,-3(-1.79 %),186200,30936690000,0,0,168.0,168.0,165.0
05/06/2025,134.4,168.0,0(0.00 %),226100,37778750000,0,0,169.0,169.0,166.0
04/06/2025,134.4,168.0,-1.5(-0.88 %),161900,27416030000,0,0,170.1,171.0,168.0
03/06/2025,135.6,169.5,4.6(2.79 %),535900,90484220000,0,0,164.1,169.9,164.1
02/06/2025,131.92,164.9,-3.1(-1.85 %),219000,36201710000,0,0,164.0,168.0,164.0
30/05/2025,134.4,168.0,0.5(0.30 %),306000,50887530000,0,0,168.1,168.1,165.0
29/05/2025,134.0,167.5,0(0.00 %),412900,68536260000,0,0,166.9,167.5,164.0
28/05/2025,134.0,167.5,-0.6(-0.36 %),235600,39292140000,0,0,170.0,170.0,165.5
27/05/2025,134.48,168.1,5.9(3.64 %),428500,71482860000,0,0,162.8,169.4,162.8
26/05/2025,129.76,162.2,-1.1(-0.67 %),366500,59131990000,0,0,163.0,164.0,160.4
23/05/2025,130.64,163.3,-1.3(-0.79 %),140200,22942380000,0,0,163.5,166.4,163.1
22/05/2025,131.68,164.6,-2.6(-1.56 %),427800,70573600000,0,0,167.0,167.7,163.8
21/05/2025,133.76,167.2,-3.2(-1.88 %),347600,58415540000,0,0,170.7,170.7,167.0
20/05/2025,136.32,170.4,2.4(1.43 %),175600,29811390000,0,0,168.6,170.7,168.5
19/05/2025,134.4,168.0,-3.8(-2.21 %),323500,54675570000,69000,12282000000,170.0,171.5,168.0
16/05/2025,137.44,171.8,-3.2(-1.83 %),206800,35784460000,0,0,175.2,175.2,171.8
15/05/2025,140.0,175.0,0(0.00 %),276200,48209500000,69000,12420000000,176.0,176.9,172.0
14/05/2025,140.0,175.0,0(0.00 %),484700,84840780000,195500,31827400000,175.0,176.9,174.0
13/05/2025,140.0,175.0,2.4(1.39 %),396900,69314680000,0,0,172.6,179.6,172.6
12/05/2025,138.08,172.6,2.1(1.23 %),306400,52606140000,0,0,170.6,172.6,169.5
09/05/2025,136.4,170.5,0(0.00 %),332600,56715130000,0,0,171.3,172.0,169.9
08/05/2025,136.4,170.5,-2.7(-1.56 %),333500,57184960000,0,0,173.2,173.2,170.9
07/05/2025,138.56,173.2,1.4(0.81 %),497200,85285200000,0,0,171.4,173.0,170.0
06/05/2025,137.44,171.8,-0.7(-0.41 %),247700,42652200000,24000,4428000000,173.4,173.4,171.6
05/05/2025,138.0,172.5,4.7(2.80 %),626200,107304050000,0,0,168.6,173.9,167.0
29/04/2025,134.24,167.8,1.9(1.15 %),473700,79104000000,277300,46306327000,166.2,168.8,163.8
28/04/2025,132.72,165.9,2.9(1.78 %),725500,118615000000,0,0,164.6,166.9,160.5
25/04/2025,130.4,163.0,-5.1(-3.03 %),352800,57958000000,0,0,170.0,170.0,163.0
24/04/2025,134.48,168.1,0.1(0.06 %),447400,75205000000,0,0,166.9,171.5,165.2
23/04/2025,134.4,168.0,8.2(5.13 %),719800,118748000000,34400,5711776000,164.5,168.0,161.1
22/04/2025,127.84,159.8,8.8(5.83 %),1323500,203272000000,90000,13809600000,151.9,159.8,142.5
21/04/2025,120.8,151.0,4.5(3.07 %),421900,62531000000,57000,8545440000,146.5,151.8,143.1
18/04/2025,117.2,146.5,3.5(2.45 %),362400,53723000000,0,0,144.0,152.0,144.0
17/04/2025,114.4,143.0,-2(-1.38 %),131800,18921000000,0,0,143.0,145.9,141.0
16/04/2025,116.0,145.0,-3.5(-2.36 %),442500,64483000000,0,0,148.5,150.9,141.7
15/04/2025,118.8,148.5,-2.5(-1.66 %),412300,61342000000,20000,2975600000,150.0,151.0,147.9
14/04/2025,120.8,151.0,9.1(6.41 %),817500,121444000000,30000,4449900000,149.9,151.5,145.0
11/04/2025,113.52,141.9,9.2(6.93 %),726700,102466000000,0,0,141.9,141.9,137.9
10/04/2025,106.16,132.7,8.6(6.93 %),54500,7232000000,0,0,132.7,132.7,132.7
09/04/2025,99.28,124.1,-6.1(-4.69 %),1144300,143312000000,0,0,121.1,131.0,121.1
08/04/2025,104.16,130.2,-9.8(-7.00 %),821700,107205000000,0,0,135.0,136.0,130.2
04/04/2025,112.0,140.0,-0.5(-0.36 %),963900,131056000000,0,0,131.0,140.4,131.0
03/04/2025,112.4,140.5,-10.5(-6.95 %),794800,112942000000,0,0,145.0,149.0,140.5
02/04/2025,120.8,151.0,-3(-1.95 %),1040500,156228000000,0,0,157.0,157.0,147.6
01/04/2025,123.2,154.0,-11(-6.67 %),836000,132667000000,0,0,162.6,162.9,154.0
31/03/2025,132.0,165.0,-4(-2.37 %),957600,156217000000,0,0,167.1,167.1,161.4
28/03/2025,135.2,169.0,-2(-1.17 %),239500,40389000000,75,12600000,171.3,171.3,168.0
27/03/2025,136.8,171.0,1.2(0.71 %),200400,34072000000,0,0,169.0,171.0,168.9
26/03/2025,135.84,169.8,-0.2(-0.12 %),175600,29839000000,0,0,171.0,171.0,169.0
25/03/2025,136.0,170.0,-2(-1.16 %),645800,109755000000,0,0,171.9,172.5,167.5
24/03/2025,137.6,172.0,-4(-2.27 %),391300,67548000000,0,0,175.3,176.0,171.8
21/03/2025,140.8,176.0,0(0.00 %),168900,29651000000,0,0,176.1,177.0,174.7
20/03/2025,140.8,176.0,-4(-2.22 %),760100,133380000000,0,0,179.7,179.7,173.6
19/03/2025,144.0,180.0,0(0.00 %),331000,59005000000,0,0,179.3,181.0,177.0
18/03/2025,144.0,180.0,-2.8(-1.53 %),528800,96626000000,0,0,183.7,185.5,179.5
17/03/2025,146.24,182.8,2.7(1.50 %),401700,73091000000,0,0,180.2,183.0,180.1
14/03/2025,144.08,180.1,0.1(0.06 %),397600,71377000000,0,0,180.8,181.5,178.3
13/03/2025,144.0,180.0,2.9(1.64 %),522200,93996000000,0,0,177.1,181.5,177.1
12/03/2025,141.68,177.1,-1.7(-0.95 %),285600,50704000000,0,0,178.8,178.8,177.0
11/03/2025,143.04,178.8,1.3(0.73 %),412200,73233000000,0,0,176.5,178.8,176.0
10/03/2025,142.0,177.5,-5(-2.74 %),759700,135865000000,0,0,182.5,182.5,177.0
07/03/2025,146.0,182.5,0.5(0.27 %),197400,35974000000,0,0,182.2,183.5,181.5
06/03/2025,145.6,182.0,0.5(0.28 %),423400,77090000000,0,0,183.0,183.5,181.5
05/03/2025,145.2,181.5,2(1.11 %),429200,78359000000,0,0,181.1,183.7,180.0
04/03/2025,143.6,179.5,-2(-1.10 %),381100,68899000000,0,0,181.5,183.0,179.5
03/03/2025,145.2,181.5,-1.5(-0.82 %),403700,73229000000,0,0,183.4,183.4,180.2
28/02/2025,146.4,183.0,-1.5(-0.81 %),425900,77761000000,155000,28299900000,184.4,184.5,181.7
27/02/2025,147.6,184.5,4(2.22 %),633900,115736000000,500000,91285000000,181.2,184.9,180.1
26/02/2025,144.4,180.5,5.2(2.97 %),452000,80768000000,0,0,177.3,180.9,176.0
25/02/2025,140.24,175.3,-3.5(-1.96 %),710000,124621000000,35000,6140050000,178.7,178.7,175.0
24/02/2025,143.04,178.8,-5.2(-2.83 %),1066900,189876000000,0,0,184.0,184.0,175.0
21/02/2025,147.2,184.0,-4.5(-2.39 %),708300,131560000000,94000,17421020000,188.5,188.5,183.7
20/02/2025,150.8,188.5,-2.5(-1.31 %),257600,48646000000,0,0,191.0,191.0,188.3
19/02/2025,152.8,191.0,0.5(0.26 %),350600,66669000000,0,0,191.5,191.8,188.5
18/02/2025,152.4,190.5,1.3(0.69 %),387100,73335000000,0,0,189.0,192.0,188.0
17/02/2025,151.36,189.2,-1.3(-0.68 %),428400,81089000000,0,0,190.5,191.0,188.5
14/02/2025,152.4,190.5,0.5(0.26 %),274800,52433000000,0,0,191.0,192.5,189.7
13/02/2025,152.0,190.0,-1.8(-0.94 %),453600,86454000000,0,0,190.3,193.0,188.8
12/02/2025,153.44,191.8,-1.1(-0.57 %),275500,52840000000,180000,32400000000,192.9,193.6,190.4
11/02/2025,154.32,192.9,4.3(2.28 %),673900,129490000000,0,0,188.0,193.6,188.0
10/02/2025,150.88,188.6,0.2(0.11 %),768100,144229000000,0,0,187.5,190.0,186.2
07/02/2025,150.72,188.4,0.4(0.21 %),1027200,193703000000,0,0,189.3,190.0,187.7
06/02/2025,150.4,188.0,-9.8(-4.95 %),807500,154276000000,0,0,196.2,197.0,188.0
05/02/2025,158.24,197.8,-3.6(-1.79 %),1006500,198670000000,0,0,202.1,203.0,194.1
04/02/2025,161.12,201.4,-3.6(-1.76 %),389100,78588000000,115,22061000,204.7,204.7,201.1
24/01/2025,164.8,206.0,7.5(3.78 %),883400,180549000000,0,0,200.0,209.4,200.0
23/01/2025,158.8,198.5,-2.5(-1.24 %),862800,171245000000,110000,21814400000,203.0,203.3,197.3
22/01/2025,160.8,201.0,8.5(4.42 %),945800,186294000000,0,0,194.0,201.7,193.1
21/01/2025,154.0,192.5,4.5(2.39 %),705400,134085000000,20000,3772000000,189.5,192.5,187.9
20/01/2025,150.4,188.0,1(0.53 %),418100,78250000000,30000,5220000000,186.2,188.5,185.9
17/01/2025,149.6,187.0,2.7(1.47 %),431400,79994000000,0,0,184.6,187.0,183.5
16/01/2025,147.44,184.3,-0.7(-0.38 %),341900,62942000000,0,0,183.2,185.6,182.8
15/01/2025,148.0,185.0,0(0.00 %),579800,107118000000,0,0,185.0,185.1,182.8
14/01/2025,148.0,185.0,0(0.00 %),438300,81139000000,0,0,184.0,187.5,172.1
13/01/2025,148.0,185.0,1.5(0.82 %),241700,44402000000,0,0,183.4,185.0,182.2
10/01/2025,146.8,183.5,-1(-0.54 %),324500,59738000000,0,0,184.0,185.7,182.6
09/01/2025,147.6,184.5,0.5(0.27 %),348700,64272000000,0,0,182.5,185.1,182.5
08/01/2025,147.2,184.0,-1.5(-0.81 %),392800,72352000000,0,0,185.3,187.0,182.5
07/01/2025,148.4,185.5,-0.5(-0.27 %),723800,133786000000,0,0,186.0,186.0,184.1
06/01/2025,148.8,186.0,-1.5(-0.80 %),631100,119574000000,0,0,189.8,193.8,186.0
03/01/2025,150.0,187.5,0.7(0.37 %),1170300,220697000000,0,0,187.5,195.0,186.0
02/01/2025,149.44,186.8,1.2(0.65 %),481600,89677000000,35600,6635840000,185.6,187.4,184.6
31/12/2024,148.48,185.6,0.6(0.32 %),643900,119248000000,50000,9190000000,184.0,186.0,183.1
30/12/2024,148.0,185.0,1.2(0.65 %),491000,90353000000,0,0,183.8,185.0,181.8
27/12/2024,147.04,183.8,0(0.00 %),523900,95806000000,30000,5519400000,183.4,183.8,181.7
26/12/2024,147.04,183.8,0.3(0.16 %),228700,41918000000,0,0,183.2,183.8,182.6
25/12/2024,146.8,183.5,0.9(0.49 %),271500,49725000000,0,0,182.6,183.5,182.4
24/12/2024,146.08,182.6,-1.1(-0.60 %),294800,53859000000,0,0,183.7,183.7,182.0
23/12/2024,146.96,183.7,-0.3(-0.16 %),442200,80914000000,0,0,184.0,184.0,181.8
20/12/2024,147.2,184.0,-0.2(-0.11 %),373800,68435000000,0,0,183.0,184.0,182.0
19/12/2024,147.36,184.2,-1.7(-0.91 %),753900,138051000000,50000,9153000000,183.5,184.5,181.0
18/12/2024,148.72,185.9,0.3(0.16 %),367100,67715000000,50000,9225000000,184.5,185.9,183.2
17/12/2024,148.48,185.6,-0.4(-0.22 %),414900,77178000000,50000,9272500000,187.0,188.5,183.0
16/12/2024,148.8,186.0,4.1(2.25 %),649500,120097000000,45000,8365050000,182.0,186.0,181.2
13/12/2024,145.52,181.9,-0.6(-0.33 %),219200,39683000000,0,0,181.0,182.2,180.1
12/12/2024,146.0,182.5,1(0.55 %),1168400,216110000000,50000,9211000000,181.6,188.9,181.6
11/12/2024,145.2,181.5,-0.4(-0.22 %),378800,68440000000,0,0,181.0,181.9,179.7
10/12/2024,145.52,181.9,0(0.00 %),302100,54670000000,0,0,181.3,181.9,179.5
09/12/2024,145.52,181.9,0.4(0.22 %),325500,58852000000,0,0,181.5,181.9,179.3
06/12/2024,145.2,181.5,0.5(0.28 %),589600,106848000000,0,0,182.5,183.0,179.6
05/12/2024,144.8,181.0,2(1.12 %),755700,136704000000,0,0,178.8,182.0,178.0
04/12/2024,143.2,179.0,-0.6(-0.33 %),424600,76442000000,0,0,179.7,182.5,178.5
03/12/2024,143.68,179.6,-0.2(-0.11 %),393400,70621000000,0,0,180.0,181.5,178.0
02/12/2024,143.84,179.8,1.3(0.73 %),418900,74765000000,0,0,178.6,181.0,176.6
29/11/2024,142.8,178.5,1.6(0.90 %),777900,139740000000,0,0,178.0,180.4,176.5
28/11/2024,141.52,176.9,3.3(1.90 %),981100,172495000000,0,0,173.1,176.9,172.5
27/11/2024,138.88,173.6,0.5(0.29 %),743400,129068000000,280000,45360000000,172.5,174.5,172.5
26/11/2024,138.48,173.1,-0.4(-0.23 %),357500,61868000000,82000,13243000000,173.4,174.0,171.0
25/11/2024,138.8,173.5,0.3(0.17 %),816000,142310000000,47000,8173300000,173.6,176.8,173.0
22/11/2024,138.56,173.2,3.3(1.94 %),1204100,208171000000,82000,14760000000,170.9,173.8,169.8
21/11/2024,135.92,169.9,4.9(2.97 %),926100,157423000000,0,0,165.0,172.0,164.0
20/11/2024,132.0,165.0,2(1.23 %),375400,61173000000,280000,48720000000,161.2,165.0,159.5
19/11/2024,130.4,163.0,-3(-1.81 %),292900,47885000000,0,0,164.1,165.9,163.0
18/11/2024,132.8,166.0,0(0.00 %),204700,33691000000,0,0,165.8,166.0,163.0
15/11/2024,132.8,166.0,0(0.00 %),476100,78167000000,0,0,164.5,166.0,162.8
14/11/2024,132.8,166.0,-1.1(-0.66 %),428300,71248000000,0,0,167.1,167.6,165.2
13/11/2024,133.68,167.1,-1.9(-1.12 %),301400,50461000000,0,0,168.6,168.7,167.1
12/11/2024,135.2,169.0,0(0.00 %),380000,63985000000,0,0,168.6,169.0,167.0
11/11/2024,135.2,169.0,-1(-0.59 %),208900,35365000000,0,0,170.0,170.1,168.8
08/11/2024,136.0,170.0,0(0.00 %),134900,22955000000,0,0,170.0,171.4,169.7
07/11/2024,136.0,170.0,-2.5(-1.45 %),398600,67965000000,50000,8568500000,172.4,172.4,169.8
06/11/2024,138.0,172.5,1.6(0.94 %),191700,32928000000,0,0,173.8,173.8,169.4
05/11/2024,136.72,170.9,0(0.00 %),279500,47367000000,20000,3389000000,169.0,170.9,168.1
04/11/2024,136.72,170.9,1(0.59 %),328500,55646000000,0,0,169.9,171.3,167.7
01/11/2024,135.92,169.9,-3.9(-2.24 %),300700,51423000000,0,0,172.1,173.0,169.9
31/10/2024,139.04,173.8,2.6(1.52 %),321400,55578000000,0,0,172.2,174.0,170.9
30/10/2024,136.96,171.2,-0.7(-0.41 %),164300,28072000000,0,0,172.7,172.7,170.1
29/10/2024,137.52,171.9,2.9(1.72 %),330600,56628000000,0,0,169.0,172.1,169.0
28/10/2024,135.2,169.0,0.5(0.30 %),399000,67039000000,0,0,168.8,169.0,166.7
25/10/2024,134.8,168.5,-2.3(-1.35 %),267400,45175000000,0,0,169.0,169.9,168.5
24/10/2024,136.64,170.8,-1.2(-0.70 %),347100,59251000000,0,0,171.8,171.9,169.8
23/10/2024,137.6,172.0,-2(-1.15 %),363200,62427000000,0,0,171.5,172.6,171.5
22/10/2024,139.2,174.0,-1.9(-1.08 %),846600,146362000000,0,0,175.5,175.8,170.7
21/10/2024,140.72,175.9,-1.4(-0.79 %),261200,45967000000,0,0,176.2,176.9,175.6
18/10/2024,141.84,177.3,-0.7(-0.39 %),292800,51859000000,0,0,179.3,179.3,176.7
17/10/2024,142.4,178.0,0(0.00 %),265500,47104000000,0,0,177.4,178.0,176.4
16/10/2024,142.4,178.0,-1(-0.56 %),298700,53105000000,0,0,178.0,178.6,177.2
15/10/2024,143.2,179.0,-0.9(-0.50 %),228800,40917000000,0,0,179.9,179.9,178.4
14/10/2024,143.92,179.9,-0.1(-0.06 %),269100,48287000000,0,0,180.0,180.1,178.4
11/10/2024,144.0,180.0,0.5(0.28 %),475900,86397000000,0,0,180.0,183.5,179.6
10/10/2024,143.6,179.5,2.4(1.36 %),755100,135104000000,0,0,177.0,181.0,175.6
09/10/2024,141.68,177.1,0.1(0.06 %),520600,91715000000,0,0,177.0,177.1,174.8
08/10/2024,141.6,177.0,0.1(0.06 %),304100,53677000000,0,0,176.5,177.2,175.5
07/10/2024,141.52,176.9,-0.1(-0.06 %),341700,60285000000,0,0,176.6,177.0,175.6
04/10/2024,141.6,177.0,1(0.57 %),293700,51757000000,0,0,175.2,177.1,175.1
03/10/2024,140.8,176.0,-1(-0.56 %),434200,76371000000,0,0,176.5,176.9,175.4
02/10/2024,141.6,177.0,-0.1(-0.06 %),357400,63087000000,355200,62905920000,176.0,177.7,175.9
01/10/2024,141.68,177.1,-0.9(-0.51 %),347100,61551000000,0,0,177.0,178.0,177.0
30/09/2024,142.4,178.0,0(0.00 %),651500,115455000000,0,0,177.1,178.0,176.0
27/09/2024,142.4,178.0,-1(-0.56 %),448800,79808000000,0,0,178.9,178.9,177.3
26/09/2024,143.2,179.0,0.4(0.22 %),361900,64577000000,113000,20163720000,178.0,179.0,177.8
25/09/2024,142.88,178.6,-0.3(-0.17 %),431400,76828000000,0,0,178.9,179.1,177.3
24/09/2024,143.12,178.9,0(0.00 %),253100,45194000000,374000,62271000000,178.9,179.0,177.7
23/09/2024,143.12,178.9,0(0.00 %),250100,44592000000,0,0,178.9,178.9,176.8
20/09/2024,143.12,178.9,-1.6(-0.89 %),698800,125233000000,0,0,181.4,181.5,178.9
19/09/2024,144.4,180.5,0.7(0.39 %),306200,55001000000,0,0,179.8,180.5,178.5
18/09/2024,143.84,179.8,2.6(1.47 %),442400,79007000000,0,0,177.3,180.3,177.2
17/09/2024,141.76,177.2,0.2(0.11 %),240400,42504000000,0,0,178.5,178.5,176.3
16/09/2024,141.6,177.0,-2(-1.12 %),257100,45640000000,0,0,179.4,179.4,177.0
13/09/2024,143.2,179.0,0.1(0.06 %),323000,57489000000,0,0,178.6,179.0,176.9
12/09/2024,143.12,178.9,-1.6(-0.89 %),515200,92195000000,0,0,180.7,181.0,178.1
11/09/2024,144.4,180.5,-0.5(-0.28 %),357400,64251000000,0,0,179.9,180.5,179.0
10/09/2024,144.8,181.0,-1(-0.55 %),323500,58520000000,0,0,181.9,182.2,180.3
09/09/2024,145.6,182.0,-0.4(-0.22 %),293100,53093000000,0,0,180.1,182.0,180.1
06/09/2024,145.92,182.4,-0.1(-0.05 %),383500,69485000000,0,0,180.4,182.4,180.0
05/09/2024,146.0,182.5,0(0.00 %),428200,77654000000,0,0,182.5,182.6,179.7
04/09/2024,146.0,182.5,0.8(0.44 %),379900,68775000000,0,0,179.0,183.0,178.5
30/08/2024,145.36,181.7,1.7(0.94 %),501800,90682000000,0,0,179.0,181.7,178.1
29/08/2024,144.0,180.0,0.8(0.45 %),383500,68616000000,0,0,176.3,180.0,176.3
28/08/2024,143.36,179.2,0(0.00 %),377200,66977000000,0,0,178.0,179.2,176.2
27/08/2024,143.36,179.2,-3.7(-2.02 %),1168100,207840000000,180000,30618000000,182.0,182.0,176.0
26/08/2024,146.32,182.9,-2.9(-1.56 %),659500,120726000000,140000,24192000000,186.1,186.1,180.6
23/08/2024,148.64,185.8,-2.2(-1.17 %),693900,128426000000,0,0,188.0,188.0,183.6
22/08/2024,150.4,188.0,0(0.00 %),528000,99107000000,220000,38478000000,188.3,189.1,185.7
21/08/2024,150.4,188.0,12(6.82 %),2167800,401187000000,0,0,178.0,188.3,178.0
20/08/2024,140.8,176.0,2(1.15 %),489500,85443000000,0,0,174.0,176.0,173.4
19/08/2024,139.2,174.0,-0.3(-0.17 %),387500,67476000000,20000,3486000000,175.1,175.4,173.0
16/08/2024,139.44,174.3,2(1.16 %),664700,116298000000,0,0,172.6,178.0,171.3
15/08/2024,137.84,172.3,-0.7(-0.40 %),356500,61143000000,0,0,173.0,173.0,170.7
14/08/2024,138.4,173.0,-2(-1.14 %),625600,108344000000,0,0,175.0,176.0,172.1
13/08/2024,140.0,175.0,1.2(0.69 %),652000,113723000000,0,0,173.6,175.9,172.2
12/08/2024,139.04,173.8,0.9(0.52 %),445200,76954000000,30000,4824000000,172.9,174.8,171.5
09/08/2024,138.32,172.9,3.4(2.01 %),627500,106772000000,0,0,169.0,173.0,168.1
08/08/2024,135.6,169.5,0.9(0.53 %),327200,55273000000,0,0,166.0,169.5,166.0
07/08/2024,134.88,168.6,1.7(1.02 %),260200,43565000000,0,0,166.8,168.6,163.9
06/08/2024,133.52,166.9,4.4(2.71 %),880200,143594000000,0,0,163.0,168.0,160.5
05/08/2024,130.0,162.5,-7.4(-4.36 %),722400,118434000000,0,0,165.2,166.4,162.5
02/08/2024,135.92,169.9,-0.1(-0.06 %),471800,78712000000,0,0,165.7,169.9,164.0
01/08/2024,136.0,170.0,-2.8(-1.62 %),501700,85084000000,20000,3500000000,172.6,172.8,167.5
31/07/2024,138.24,172.8,3.5(2.07 %),397800,68284000000,0,0,169.1,173.0,169.1
30/07/2024,135.44,169.3,-0.6(-0.35 %),309700,52064000000,0,0,169.0,169.3,167.1
29/07/2024,135.92,169.9,0.8(0.47 %),315000,53187000000,0,0,170.0,170.5,167.1
26/07/2024,135.28,169.1,-2.9(-1.69 %),231000,39189000000,0,0,171.3,171.9,169.0
25/07/2024,137.6,172.0,-2(-1.15 %),279800,47576000000,0,0,166.2,172.6,166.2
24/07/2024,139.2,174.0,-0.1(-0.06 %),772000,131205000000,0,0,174.0,174.0,164.3
23/07/2024,139.28,174.1,-1.8(-1.02 %),392600,68393000000,0,0,176.0,176.2,171.5
22/07/2024,140.72,175.9,-0.1(-0.06 %),517900,90002000000,0,0,175.8,175.9,170.8
19/07/2024,140.8,176.0,2(1.15 %),307400,53851000000,0,0,174.0,177.0,172.9
18/07/2024,139.2,174.0,0.2(0.12 %),469300,80994000000,0,0,173.7,174.0,170.7
17/07/2024,139.04,173.8,-1.7(-0.97 %),399900,69228000000,0,0,174.3,175.5,170.2
16/07/2024,140.4,175.5,2.5(1.45 %),338400,58959000000,0,0,173.0,175.5,172.0
15/07/2024,138.4,173.0,-2.5(-1.42 %),674600,116911000000,0,0,175.5,175.5,172.0
12/07/2024,140.4,175.5,-3.5(-1.96 %),612100,107848000000,0,0,177.5,178.0,175.2
11/07/2024,143.2,179.0,-0.5(-0.28 %),466100,83087000000,138400,23112800000,177.3,179.4,177.0
10/07/2024,143.6,179.5,-2.4(-1.32 %),561600,100558000000,0,0,181.8,181.8,178.5
09/07/2024,145.52,181.9,-1.1(-0.60 %),650500,117385000000,0,0,183.0,183.0,179.1
08/07/2024,146.4,183.0,3(1.67 %),543300,98424000000,0,0,179.0,183.0,178.1
05/07/2024,144.0,180.0,0.8(0.45 %),542400,97272000000,0,0,179.2,182.0,177.8
04/07/2024,143.36,179.2,0.2(0.11 %),390300,69687000000,0,0,179.0,179.9,177.1
03/07/2024,143.2,179.0,1(0.56 %),629200,113587000000,87000,14407200000,178.0,184.0,178.0
02/07/2024,142.4,178.0,0.8(0.45 %),313400,55695000000,50000,8240000000,177.2,179.0,176.9
01/07/2024,141.76,177.2,0.2(0.11 %),611300,106760000000,130000,21411000000,175.2,177.8,172.0
28/06/2024,141.6,177.0,-3(-1.67 %),529800,93958000000,0,0,178.1,179.7,176.0
27/06/2024,144.0,180.0,0(0.00 %),384500,69003000000,0,0,179.0,181.0,177.0
26/06/2024,144.0,180.0,4(2.27 %),450500,79566000000,0,0,176.4,180.0,173.5
25/06/2024,140.8,176.0,0(0.00 %),523700,91405000000,0,0,176.1,176.1,172.0
24/06/2024,140.8,176.0,-3(-1.68 %),482700,85126000000,0,0,178.0,180.0,175.0
21/06/2024,143.2,179.0,3.9(2.23 %),1160400,207854000000,0,0,175.5,182.8,174.9
20/06/2024,140.08,175.1,1.1(0.63 %),381500,66521000000,0,0,172.0,175.2,172.0
19/06/2024,139.2,174.0,1.1(0.64 %),438700,75914000000,0,0,171.2,174.5,171.2
18/06/2024,138.32,172.9,-2.1(-1.20 %),539100,93076000000,0,0,173.9,174.0,172.0
17/06/2024,140.0,175.0,1(0.57 %),718800,124043000000,0,0,174.4,175.0,170.5
14/06/2024,139.2,174.0,-3(-1.69 %),793700,138430000000,0,0,176.4,176.5,173.7
13/06/2024,141.6,177.0,1(0.57 %),568900,100231000000,0,0,177.7,177.7,174.5
12/06/2024,140.8,176.0,3.5(2.03 %),798200,139878000000,0,0,171.1,176.8,171.0
11/06/2024,138.0,172.5,0(0.00 %),491500,84415000000,0,0,173.1,173.5,170.1
10/06/2024,138.0,172.5,2.5(1.47 %),800700,138165000000,0,0,171.1,174.0,170.3
07/06/2024,136.0,170.0,1(0.59 %),396700,67464000000,0,0,168.0,172.6,167.0
06/06/2024,135.2,169.0,0.2(0.12 %),815700,136917000000,0,0,167.5,170.0,166.6
05/06/2024,135.04,168.8,-2.2(-1.29 %),917200,156136000000,0,0,172.0,173.3,168.8
04/06/2024,136.8,171.0,0.4(0.23 %),586200,100068000000,0,0,172.0,172.5,169.0
03/06/2024,136.48,170.6,0.1(0.06 %),509900,87554000000,0,0,172.0,173.5,170.5
31/05/2024,136.4,170.5,5.5(3.33 %),2071700,356242000000,0,0,165.0,176.5,164.8
30/05/2024,132.0,165.0,1(0.61 %),744200,121419000000,0,0,163.0,165.2,161.1
29/05/2024,131.2,164.0,1.6(0.99 %),1091000,178814000000,70000,11480000000,163.3,166.0,161.0
28/05/2024,129.92,162.4,1.6(1.00 %),554800,90141000000,40000,5984000000,161.0,163.9,159.5
27/05/2024,128.64,160.8,-0.2(-0.12 %),450500,71972000000,250000,40250000000,161.0,161.1,158.1
24/05/2024,128.8,161.0,-1.3(-0.80 %),1254300,199573000000,0,0,160.1,163.0,156.0
23/05/2024,129.84,162.3,0.3(0.19 %),786000,126018000000,40000,6028000000,161.9,162.3,158.8
22/05/2024,129.6,162.0,-2(-1.22 %),833900,134859000000,95000,14497000000,163.9,164.5,160.5
21/05/2024,131.2,164.0,-0.6(-0.36 %),828000,134725000000,110400,18171840000,164.0,164.6,161.3
20/05/2024,131.68,164.6,-1.1(-0.66 %),996300,166260000000,32000,5248000000,169.0,170.9,164.6
17/05/2024,132.56,165.7,0.1(0.06 %),600800,99254000000,100000,15410000000,166.0,166.0,164.5
16/05/2024,132.48,165.6,1.7(1.04 %),823100,135059000000,30000,4575000000,164.1,165.6,162.0
15/05/2024,131.12,163.9,1.6(0.99 %),460900,75502000000,150000,22650000000,163.0,166.0,160.3
14/05/2024,129.84,162.3,1.5(0.93 %),439500,70395000000,0,0,160.4,162.3,158.0
13/05/2024,128.64,160.8,-3.7(-2.25 %),1250600,199997000000,0,0,165.3,165.3,156.5
10/05/2024,131.6,164.5,-2.4(-1.44 %),628100,103536000000,0,0,167.2,168.0,163.2
09/05/2024,133.52,166.9,4.4(2.71 %),840100,139441000000,30000,4833300000,162.4,169.9,162.0
08/05/2024,130.0,162.5,-1.5(-0.91 %),581600,94576000000,0,0,163.2,164.3,161.7
07/05/2024,131.2,164.0,1.8(1.11 %),832900,135697000000,0,0,163.0,164.3,161.1
06/05/2024,129.76,162.2,-1.8(-1.10 %),530500,85981000000,0,0,164.4,164.5,160.6
03/05/2024,131.2,164.0,0(0.00 %),965600,156898000000,0,0,165.5,166.0,160.0
02/05/2024,131.2,164.0,3(1.86 %),665800,108634000000,0,0,161.0,165.0,160.0
26/04/2024,128.8,161.0,8(5.23 %),2083100,333651000000,0,0,153.0,163.7,151.5
25/04/2024,122.4,153.0,2(1.32 %),497300,76013000000,20000,3200000000,152.0,154.7,150.8
24/04/2024,120.8,151.0,6(4.14 %),2011700,304860000000,0,0,142.5,155.0,142.5
23/04/2024,116.0,145.0,0(0.00 %),538900,78130000000,0,0,145.0,146.8,143.9
22/04/2024,116.0,145.0,4(2.84 %),899500,130038000000,0,0,141.0,146.2,140.3
19/04/2024,112.8,141.0,0(0.00 %),488100,68250000000,0,0,140.0,141.0,137.0
17/04/2024,112.8,141.0,0(0.00 %),414000,58110000000,0,0,140.0,141.4,138.0
16/04/2024,112.8,141.0,2.1(1.51 %),537600,73862000000,185000,23902000000,138.0,141.0,135.3
15/04/2024,111.12,138.9,-6(-4.14 %),738900,103496000000,180000,24264000000,142.6,143.3,135.0
12/04/2024,115.92,144.9,-0.3(-0.21 %),182800,26381000000,0,0,144.9,145.4,142.5
11/04/2024,116.16,145.2,5.2(3.71 %),748500,107454000000,280000,36456000000,138.0,145.6,137.8
10/04/2024,112.0,140.0,0(0.00 %),437100,61280000000,0,0,140.2,143.5,139.0
09/04/2024,112.0,140.0,-2.9(-2.03 %),1555200,215949000000,0,0,142.9,143.2,137.7
08/04/2024,114.32,142.9,-5.1(-3.45 %),805400,115525000000,0,0,145.2,147.4,141.9
05/04/2024,118.4,148.0,-1(-0.67 %),398200,59054000000,0,0,147.8,150.0,145.2
04/04/2024,119.2,149.0,0.6(0.40 %),1018200,149429000000,0,0,148.4,150.0,143.7
03/04/2024,118.72,148.4,-4.6(-3.01 %),849100,126963000000,0,0,150.0,150.8,148.4
02/04/2024,122.4,153.0,-0.5(-0.33 %),790300,119046000000,0,0,151.8,154.9,148.3
01/04/2024,122.8,153.5,-2.5(-1.60 %),530900,81270000000,0,0,152.6,154.4,152.2
29/03/2024,124.8,156.0,-0.9(-0.57 %),888900,137208000000,38000,5548000000,156.9,157.5,152.1
28/03/2024,125.52,156.9,9.9(6.73 %),1260500,191229000000,65000,9322950000,147.0,156.9,147.0
27/03/2024,117.6,147.0,-0.9(-0.61 %),1187100,171849000000,38000,5434000000,146.0,147.0,141.6
26/03/2024,118.32,147.9,-0.1(-0.07 %),568800,82865000000,65000,9379500000,146.5,147.9,144.2
25/03/2024,118.4,148.0,-1.7(-1.14 %),465400,68577000000,0,0,147.6,149.0,146.2
22/03/2024,119.76,149.7,-0.3(-0.20 %),599000,88730000000,222700,31178000000,149.8,149.8,147.5
21/03/2024,120.0,150.0,0(0.00 %),569200,84437000000,0,0,150.0,150.3,147.2
20/03/2024,120.0,150.0,0.3(0.20 %),419500,62189000000,0,0,148.9,150.3,146.0
19/03/2024,119.76,149.7,-0.2(-0.13 %),871600,130526000000,0,0,150.0,151.2,146.5
18/03/2024,119.92,149.9,2.9(1.97 %),1828000,269755000000,0,0,148.0,150.4,139.3
15/03/2024,117.6,147.0,-7(-4.55 %),2428800,361934000000,0,0,153.9,155.5,147.0
14/03/2024,123.2,154.0,-4(-2.53 %),1356300,209914000000,0,0,158.0,159.7,150.0
13/03/2024,126.4,158.0,0(0.00 %),668900,104879000000,0,0,159.0,159.0,155.5
12/03/2024,126.4,158.0,3.5(2.27 %),1210300,192134000000,140000,22043000000,154.1,162.1,154.1
11/03/2024,123.6,154.5,8.5(5.82 %),1364000,210402000000,0,0,147.5,156.2,146.5
08/03/2024,116.8,146.0,-1(-0.68 %),625200,90989000000,0,0,146.1,148.5,144.0
07/03/2024,117.6,147.0,1.9(1.31 %),612500,89441000000,0,0,145.0,147.5,144.0
06/03/2024,115.12,143.9,-1.1(-0.76 %),245200,35534000000,0,0,145.0,146.5,143.9
05/03/2024,116.0,145.0,3.2(2.26 %),232100,33353000000,0,0,141.8,145.1,141.8
04/03/2024,113.44,141.8,0.8(0.57 %),739500,103864000000,0,0,141.3,144.8,138.6
01/03/2024,112.8,141.0,-4(-2.76 %),834200,121174000000,0,0,144.8,151.6,140.0
29/02/2024,116.0,145.0,8.7(6.38 %),750600,105435000000,0,0,135.0,145.7,134.0
28/02/2024,109.04,136.3,0.4(0.29 %),777900,104213000000,0,0,135.9,136.5,132.2
27/02/2024,108.72,135.9,1.4(1.04 %),585700,78183000000,0,0,135.0,138.9,131.0
26/02/2024,107.6,134.5,3.6(2.75 %),338900,44805000000,0,0,130.9,135.0,128.0
23/02/2024,104.72,130.9,4.4(3.48 %),624900,80730000000,0,0,124.8,131.8,124.8
22/02/2024,101.2,126.5,-0.3(-0.24 %),234500,29681000000,60000,7080000000,126.8,128.0,125.0
21/02/2024,101.44,126.8,4.2(3.43 %),462000,58381000000,60000,6846000000,122.1,129.0,122.1
20/02/2024,98.08,122.6,-0.9(-0.73 %),540400,66136000000,195000,22405500000,122.0,123.3,121.7
19/02/2024,98.8,123.5,-1(-0.80 %),465400,57303000000,170000,20959300000,122.5,123.9,122.1
16/02/2024,99.6,124.5,-0.9(-0.72 %),422300,52465000000,0,0,125.4,125.4,123.0
15/02/2024,100.32,125.4,0.4(0.32 %),421600,52287000000,0,0,125.0,125.4,122.4
07/02/2024,100.0,125.0,1.5(1.21 %),296700,37086000000,0,0,124.6,126.9,123.6
06/02/2024,98.8,123.5,4(3.35 %),1159200,139803000000,40000,4780000000,119.5,124.3,119.0
05/02/2024,95.6,119.5,0.5(0.42 %),732500,87373000000,515700,61305160000,119.0,119.9,118.0
02/02/2024,95.2,119.0,0.8(0.68 %),549300,65038000000,0,0,118.5,119.3,117.1
01/02/2024,94.56,118.2,3.6(3.14 %),442400,51872000000,0,0,114.6,118.5,114.6
31/01/2024,91.68,114.6,0.9(0.79 %),735700,84423000000,0,0,113.8,116.0,112.5
30/01/2024,90.96,113.7,5.2(4.79 %),966600,106810000000,0,0,108.5,115.0,106.5
29/01/2024,86.8,108.5,3.5(3.33 %),1199400,127577000000,0,0,105.0,108.5,102.7
26/01/2024,84.0,105.0,-1.3(-1.22 %),726300,76729000000,0,0,106.2,106.8,104.1
25/01/2024,85.04,106.3,6.9(6.94 %),1645100,169609000000,40000,3996000000,99.0,106.3,99.0
24/01/2024,79.52,99.4,-0.7(-0.70 %),454300,45303000000,50000,4995000000,100.1,100.4,99.1
23/01/2024,80.08,100.1,-0.7(-0.69 %),391600,39225000000,0,0,100.8,100.8,99.6
22/01/2024,80.64,100.8,0.9(0.90 %),593100,59202000000,90000,8883000000,99.9,101.3,97.8
19/01/2024,79.92,99.9,0.2(0.20 %),620300,61852000000,0,0,100.4,100.4,98.8
18/01/2024,79.76,99.7,0.2(0.20 %),460200,45792000000,90000,8937000000,99.5,100.0,99.0
17/01/2024,79.6,99.5,1.3(1.32 %),511000,50831000000,600000,58800000000,99.2,99.8,98.4
16/01/2024,78.56,98.2,1.3(1.34 %),484700,47340000000,0,0,95.7,98.5,95.7
15/01/2024,77.52,96.9,-0.9(-0.92 %),444700,43379000000,0,0,97.7,99.5,96.9
12/01/2024,78.24,97.8,-0.3(-0.31 %),332400,32633000000,0,0,98.1,99.8,97.4
11/01/2024,78.48,98.1,-0.8(-0.81 %),344900,34034000000,65000,6525350000,99.0,100.0,98.0
10/01/2024,79.12,98.9,-1.6(-1.59 %),1153100,114499000000,0,0,100.2,101.8,97.4
09/01/2024,80.4,100.5,-0.6(-0.59 %),438400,44333000000,105000,10679800000,101.5,102.3,100.5
08/01/2024,80.88,101.1,-1.9(-1.84 %),488400,49630000000,0,0,103.1,103.3,101.0
05/01/2024,82.4,103.0,-0.5(-0.48 %),320100,32849000000,40000,4140000000,102.8,104.0,102.2
04/01/2024,82.8,103.5,-1.5(-1.43 %),775200,80107000000,0,0,105.9,105.9,102.7
03/01/2024,84.0,105.0,-0.3(-0.28 %),452800,47163000000,0,0,105.0,105.3,103.2
02/01/2024,84.24,105.3,-1.7(-1.59 %),235200,24658000000,75000,7678500000,106.9,106.9,104.0
29/12/2023,85.6,107.0,1.8(1.71 %),415700,43968000000,0,0,105.2,107.0,103.3
28/12/2023,84.16,105.2,2.1(2.04 %),462900,47888000000,235000,24441000000,103.1,105.2,101.7
27/12/2023,82.48,103.1,-0.3(-0.29 %),545100,56930000000,0,0,103.4,105.3,103.0
26/12/2023,82.72,103.4,-0.5(-0.48 %),207800,21490000000,0,0,103.9,104.2,102.9
25/12/2023,83.12,103.9,1.4(1.37 %),533200,55277000000,0,0,102.6,104.3,102.0
22/12/2023,82.0,102.5,0.6(0.59 %),382100,39015000000,0,0,101.8,102.8,101.4
21/12/2023,81.52,101.9,0.4(0.39 %),704300,71909000000,0,0,101.5,103.5,100.9
20/12/2023,81.2,101.5,1.8(1.81 %),412900,41551000000,0,0,99.0,101.7,99.0
19/12/2023,79.76,99.7,-0.9(-0.89 %),233300,23149000000,0,0,100.0,100.0,98.7
18/12/2023,80.48,100.6,-0.2(-0.20 %),111200,11089000000,0,0,100.0,100.6,98.8
15/12/2023,80.64,100.8,0.8(0.80 %),222200,22245000000,0,0,98.9,100.8,98.6
14/12/2023,80.0,100.0,0(0.00 %),297300,29530000000,360000,37080000000,100.0,100.0,98.4
13/12/2023,80.0,100.0,-1.5(-1.48 %),287700,28829000000,0,0,101.5,101.5,99.0
12/12/2023,81.2,101.5,2.4(2.42 %),390100,38966000000,0,0,99.0,101.5,98.9
11/12/2023,79.28,99.1,-2(-1.98 %),295700,29314000000,0,0,99.0,101.0,98.8
08/12/2023,80.88,101.1,-0.8(-0.79 %),261300,26287000000,0,0,101.8,101.8,99.5
07/12/2023,81.52,101.9,0.1(0.10 %),397400,39668000000,0,0,101.7,101.9,98.4
06/12/2023,81.44,101.8,0(0.00 %),553800,55650000000,0,0,101.8,101.8,99.5
05/12/2023,81.44,101.8,-1.2(-1.17 %),414200,42363000000,0,0,104.0,104.0,101.8
04/12/2023,82.4,103.0,0(0.00 %),461200,47445000000,0,0,103.0,103.5,101.5
01/12/2023,82.4,103.0,0.6(0.59 %),163100,16701000000,0,0,103.5,103.6,100.8
30/11/2023,81.92,102.4,2.6(2.61 %),586700,60219000000,0,0,100.6,104.8,100.0
29/11/2023,79.84,99.8,1(1.01 %),221300,22032000000,0,0,98.6,100.9,98.0
28/11/2023,79.04,98.8,-0.2(-0.20 %),361000,35009000000,0,0,97.9,99.0,96.0
27/11/2023,79.2,99.0,-3(-2.94 %),100400,10087000000,0,0,102.8,102.8,99.0
24/11/2023,81.6,102.0,2.1(2.10 %),731900,72277000000,0,0,99.8,102.0,96.8
23/11/2023,79.92,99.9,-1.8(-1.77 %),318800,32493000000,0,0,102.0,104.5,99.9
22/11/2023,81.36,101.7,-0.3(-0.29 %),185600,18838000000,0,0,102.0,102.3,100.2
21/11/2023,81.6,102.0,0.5(0.49 %),188800,19265000000,0,0,102.5,102.9,100.7
20/11/2023,81.2,101.5,-1.4(-1.36 %),180400,18279000000,100000,10189000000,100.0,102.9,100.0
17/11/2023,82.32,102.9,-0.6(-0.58 %),722100,73218000000,0,0,102.1,103.5,99.0
16/11/2023,82.8,103.5,-1.4(-1.33 %),515100,53094000000,0,0,104.0,104.4,101.0
15/11/2023,83.92,104.9,0.9(0.87 %),375800,39108000000,115000,11948500000,105.0,105.0,102.7
14/11/2023,83.2,104.0,0.7(0.68 %),164700,17138000000,0,0,104.5,104.6,103.0
13/11/2023,82.64,103.3,0(0.00 %),295000,30627000000,0,0,103.3,105.5,102.0
10/11/2023,82.64,103.3,-1.2(-1.15 %),333000,34638000000,0,0,103.2,106.9,102.7
09/11/2023,83.6,104.5,4.5(4.50 %),672300,68248000000,0,0,100.2,104.8,99.3
08/11/2023,80.0,100.0,4(4.17 %),907800,89738000000,0,0,96.0,101.0,95.3
07/11/2023,76.8,96.0,-1(-1.03 %),447900,43387000000,25000,2416250000,97.0,98.0,95.6
06/11/2023,77.6,97.0,1(1.04 %),494400,47418000000,0,0,95.1,97.0,95.0
03/11/2023,76.8,96.0,3.2(3.45 %),516000,48409000000,0,0,92.4,96.2,90.2
02/11/2023,74.24,92.8,4.8(5.45 %),302500,27627000000,0,0,90.5,93.0,88.1
01/11/2023,70.4,88.0,1(1.15 %),616100,52659000000,0,0,87.0,88.0,84.4
31/10/2023,69.6,87.0,0.6(0.69 %),962700,82867000000,0,0,84.6,87.9,84.6
30/10/2023,69.12,86.4,-6.4(-6.90 %),443900,39042000000,0,0,92.5,92.5,86.4
27/10/2023,74.24,92.8,-0.1(-0.11 %),332600,30465000000,0,0,91.0,93.0,90.0
26/10/2023,74.32,92.9,-2.1(-2.21 %),882800,80258000000,0,0,92.8,92.9,89.0
25/10/2023,76.0,95.0,1.1(1.17 %),420700,40033000000,0,0,94.0,97.0,92.9
24/10/2023,75.12,93.9,1(1.08 %),348800,32554000000,0,0,93.0,94.1,92.5
23/10/2023,74.32,92.9,-1.8(-1.90 %),389100,35901000000,0,0,94.2,94.2,91.0
20/10/2023,75.76,94.7,0.7(0.74 %),1062100,97666000000,0,0,92.0,95.0,89.0
19/10/2023,75.2,94.0,-1(-1.05 %),504500,47102000000,0,0,94.0,94.7,92.0
18/10/2023,76.0,95.0,0.5(0.53 %),1431300,132453000000,0,0,95.1,96.0,89.0
17/10/2023,75.6,94.5,-2.5(-2.58 %),614900,59473000000,50000,4825000000,97.0,98.5,94.5
16/10/2023,77.6,97.0,-0.4(-0.41 %),701500,68554000000,0,0,97.4,99.3,96.0
13/10/2023,77.92,97.4,1.4(1.46 %),525400,50690000000,0,0,95.5,97.4,95.0
12/10/2023,76.8,96.0,0(0.00 %),560700,54031000000,0,0,97.5,98.4,95.0
11/10/2023,76.8,96.0,0.9(0.95 %),321900,30857000000,0,0,95.1,97.0,95.1
10/10/2023,76.08,95.1,-0.9(-0.94 %),1076900,102494000000,0,0,96.0,96.5,94.0
09/10/2023,76.8,96.0,-1.5(-1.54 %),637500,61302000000,0,0,95.6,97.4,95.3
06/10/2023,78.0,97.5,3.1(3.28 %),625400,60265000000,0,0,95.0,99.0,93.2
05/10/2023,75.52,94.4,-0.8(-0.84 %),904900,85955000000,0,0,95.0,96.0,94.2
04/10/2023,76.16,95.2,6.2(6.97 %),1281500,116972000000,0,0,87.0,95.2,87.0
03/10/2023,71.2,89.0,-1(-1.11 %),1039200,92684000000,0,0,88.0,91.0,86.1
02/10/2023,72.0,90.0,1(1.12 %),465000,41803000000,0,0,89.0,90.9,88.8
29/09/2023,71.2,89.0,3.8(4.46 %),1622000,144389000000,0,0,86.1,90.5,85.7
28/09/2023,68.16,85.2,0.2(0.24 %),490700,41662000000,0,0,85.0,86.5,83.9
27/09/2023,68.0,85.0,1.1(1.31 %),898100,74141000000,20000,1758000000,84.0,85.0,80.7
26/09/2023,67.12,83.9,-2.6(-3.01 %),641800,54238000000,0,0,83.5,86.5,83.5
25/09/2023,69.2,86.5,-2.5(-2.81 %),1095000,95710000000,0,0,88.0,89.3,84.1
22/09/2023,71.2,89.0,0.5(0.56 %),1604600,138033000000,0,0,86.0,89.5,83.9
21/09/2023,70.8,88.5,-0.7(-0.78 %),569800,50761000000,0,0,88.8,90.2,88.0
20/09/2023,71.36,89.2,2.2(2.53 %),1004300,89765000000,0,0,87.3,92.0,87.0
19/09/2023,69.6,87.0,0.5(0.58 %),698400,60032000000,0,0,86.5,87.1,84.1
18/09/2023,69.2,86.5,0.5(0.58 %),484400,41615000000,0,0,85.0,86.5,85.0
15/09/2023,68.8,86.0,1.6(1.90 %),796400,68187000000,0,0,85.0,87.1,84.6
14/09/2023,67.52,84.4,0(0.00 %),847500,71376000000,0,0,84.4,85.3,83.7
13/09/2023,67.52,84.4,-2.1(-2.43 %),1310800,112648000000,0,0,86.5,89.0,82.9
12/09/2023,69.2,86.5,1.5(1.76 %),736700,62808000000,0,0,84.9,86.5,84.6
11/09/2023,68.0,85.0,-1(-1.16 %),944200,81437000000,0,0,86.2,87.0,85.0
08/09/2023,68.8,86.0,1.8(2.14 %),876300,74266000000,0,0,84.0,86.0,83.6
07/09/2023,67.36,84.2,-0.6(-0.71 %),559300,47327000000,0,0,84.0,85.1,84.0
06/09/2023,67.84,84.8,2.2(2.66 %),1148800,97504000000,0,0,83.0,86.0,82.5
05/09/2023,66.08,82.6,-0.9(-1.08 %),1092100,90334000000,0,0,83.0,83.7,82.0
31/08/2023,66.8,83.5,0.2(0.24 %),942900,78378000000,0,0,83.0,83.8,82.4
30/08/2023,66.64,83.3,2.3(2.84 %),1781900,147867000000,0,0,81.0,84.5,80.8
29/08/2023,64.8,81.0,0.2(0.25 %),1324900,106317000000,0,0,80.5,81.5,79.1
28/08/2023,64.64,80.8,3.8(4.94 %),1910300,151742000000,0,0,77.1,82.0,77.1
25/08/2023,61.6,77.0,0(0.00 %),682100,52539000000,0,0,76.5,77.6,76.1
24/08/2023,61.6,77.0,3(4.05 %),1984400,150605000000,0,0,74.0,77.4,73.5
23/08/2023,59.2,74.0,-0.8(-1.07 %),629900,46640000000,0,0,74.8,74.8,73.0
22/08/2023,59.84,74.8,2.1(2.89 %),1676500,122434000000,0,0,72.6,74.8,70.0
21/08/2023,58.16,72.7,4.5(6.60 %),1172600,82894000000,0,0,68.0,72.9,68.0
18/08/2023,54.56,68.2,-3.4(-4.75 %),1519700,106087000000,0,0,71.3,71.5,68.0
17/08/2023,57.28,71.6,-1.6(-2.19 %),1375600,99330000000,0,0,73.1,73.1,71.6
16/08/2023,58.56,73.2,-1.1(-1.48 %),810000,59602000000,20000,1590000000,74.5,74.6,73.1
15/08/2023,59.44,74.3,0.1(0.13 %),546600,40601000000,400000,30000000000,74.0,75.0,74.0
14/08/2023,59.36,74.2,-0.8(-1.07 %),994200,73797000000,0,0,74.5,75.5,73.9
11/08/2023,60.0,75.0,1(1.35 %),1419400,104869000000,0,0,73.0,75.0,73.0
10/08/2023,59.2,74.0,-3.5(-4.52 %),2405400,182363000000,220000,17050000000,78.4,78.5,74.0
09/08/2023,62.0,77.5,-1.6(-2.02 %),1211600,94700000000,0,0,78.7,79.1,77.5
08/08/2023,63.28,79.1,-1.9(-2.35 %),1010900,80616000000,0,0,81.5,81.5,79.1
07/08/2023,64.8,81.0,2(2.53 %),1634100,132236000000,0,0,79.1,82.5,78.7
04/08/2023,63.2,79.0,0(0.00 %),761000,60312000000,0,0,78.6,80.2,78.6
03/08/2023,63.2,79.0,2.6(3.40 %),2777400,218563000000,0,0,76.1,80.7,76.1
02/08/2023,61.12,76.4,0.2(0.26 %),932900,70906000000,60000,4254000000,75.6,77.0,75.6
01/08/2023,60.96,76.2,-0.2(-0.26 %),1091900,83839000000,0,0,76.5,78.0,75.7
31/07/2023,61.12,76.4,-1.9(-2.43 %),3082800,233629000000,0,0,76.0,77.0,75.0
28/07/2023,62.64,78.3,0.3(0.38 %),1091100,86072000000,0,0,78.8,79.7,78.3
27/07/2023,62.4,78.0,1.5(1.96 %),1718000,132976000000,0,0,77.0,78.3,76.3
26/07/2023,61.2,76.5,-0.2(-0.26 %),890200,68241000000,0,0,77.0,77.6,76.1
25/07/2023,61.36,76.7,-0.3(-0.39 %),1147700,88890000000,0,0,77.0,79.4,76.0
24/07/2023,61.6,77.0,-0.2(-0.26 %),2015000,154214000000,220000,18040000000,77.2,77.9,75.8
21/07/2023,61.76,77.2,0.7(0.92 %),2519100,194129000000,0,0,76.1,78.4,75.8
20/07/2023,61.2,76.5,-0.5(-0.65 %),1627900,126036000000,0,0,76.6,78.4,76.5
19/07/2023,61.6,77.0,-1(-1.28 %),1011300,78418000000,0,0,78.0,79.2,76.9
18/07/2023,62.4,78.0,-1.3(-1.64 %),718300,56683000000,0,0,79.1,80.0,77.7
17/07/2023,63.44,79.3,2.1(2.72 %),995300,78992000000,0,0,77.4,81.3,77.3
14/07/2023,61.76,77.2,0.8(1.05 %),1071000,82372000000,0,0,76.2,77.6,76.2
13/07/2023,61.12,76.4,0.4(0.53 %),1011400,77801000000,0,0,76.2,78.1,76.0
12/07/2023,60.8,76.0,-0.8(-1.04 %),978400,74406000000,0,0,77.5,77.5,75.5
11/07/2023,61.44,76.8,1.3(1.72 %),1286000,98393000000,0,0,75.6,77.0,75.2
10/07/2023,60.4,75.5,0.3(0.40 %),1164800,87921000000,0,0,74.9,76.5,74.6
07/07/2023,60.16,75.2,0.7(0.94 %),703700,52852000000,35000,2660000000,74.2,76.5,74.2
06/07/2023,59.6,74.5,-0.5(-0.67 %),1518700,114367000000,0,0,75.0,76.3,74.5
05/07/2023,60.0,75.0,2.2(3.02 %),934800,70061000000,35000,2450000000,73.8,77.0,73.0
04/07/2023,58.24,72.8,1.6(2.25 %),812700,59065000000,0,0,71.3,73.4,71.0
03/07/2023,56.96,71.2,-0.4(-0.56 %),634200,45427000000,0,0,72.5,73.4,70.2
30/06/2023,57.28,71.6,4.6(6.87 %),2851500,201512000000,0,0,67.1,71.6,67.1
29/06/2023,53.6,67.0,-1(-1.47 %),1085100,73185000000,169950,10757835000,68.0,68.1,67.0
28/06/2023,54.4,68.0,-0.6(-0.87 %),659800,45071000000,0,0,68.5,69.0,67.8
27/06/2023,54.88,68.6,-0.4(-0.58 %),733200,50587000000,0,0,69.5,69.9,68.5
26/06/2023,55.2,69.0,1.2(1.77 %),1266700,86089000000,0,0,67.5,69.1,66.0
23/06/2023,54.24,67.8,1.3(1.95 %),870100,58514000000,0,0,66.0,68.2,66.0
22/06/2023,53.2,66.5,-0.2(-0.30 %),618200,41077000000,0,0,66.6,66.9,66.0
21/06/2023,53.36,66.7,2.5(3.89 %),1549300,102066000000,0,0,64.2,67.2,64.2
20/06/2023,51.36,64.2,1.4(2.23 %),860000,54818000000,0,0,62.4,64.3,62.4
19/06/2023,50.24,62.8,0.8(1.29 %),886400,55416000000,0,0,62.3,63.5,61.8
16/06/2023,49.6,62.0,-0.5(-0.80 %),1288200,81474000000,0,0,63.0,64.0,61.8
15/06/2023,50.0,62.5,0.8(1.30 %),1087900,67812000000,0,0,61.4,63.2,61.4
14/06/2023,49.36,61.7,-0.2(-0.32 %),1234500,76147000000,0,0,62.2,62.4,61.0
13/06/2023,49.52,61.9,-0.2(-0.32 %),1073500,66892000000,0,0,62.7,63.1,61.7
12/06/2023,49.68,62.1,4(6.88 %),2635300,158715000000,0,0,58.3,62.1,58.2
09/06/2023,46.48,58.1,0.9(1.57 %),940500,53786000000,25000,1430000000,57.4,58.1,56.6
08/06/2023,45.76,57.2,-0.3(-0.52 %),1041400,59894000000,0,0,57.5,57.9,57.1
07/06/2023,46.0,57.5,0.2(0.35 %),754600,43163000000,0,0,57.7,57.9,56.7
06/06/2023,45.84,57.3,-8.3(-12.65 %),1129200,65142000000,0,0,57.3,58.6,57.0
05/06/2023,45.28,65.6,-0.4(-0.61 %),1029600,68437000000,0,0,67.5,67.5,65.6
02/06/2023,45.56,66.0,1.1(1.69 %),1380900,90418000000,0,0,65.0,66.5,64.5
01/06/2023,44.8,64.9,1.2(1.88 %),704500,45258000000,0,0,64.0,64.9,63.7
31/05/2023,43.97,63.7,-1.2(-1.85 %),558900,36047000000,0,0,64.9,65.2,63.7
30/05/2023,44.8,64.9,1.7(2.69 %),1244200,80434000000,0,0,63.3,65.3,63.3
29/05/2023,43.63,63.2,0.2(0.32 %),417800,26428000000,0,0,63.7,63.7,63.0
26/05/2023,43.49,63.0,0.2(0.32 %),388000,24383000000,3000,189000000,63.0,63.5,62.5
25/05/2023,43.35,62.8,0(0.00 %),434300,27097000000,0,0,62.8,62.9,62.0
24/05/2023,43.35,62.8,0.1(0.16 %),308500,19386000000,0,0,62.7,63.0,62.7
23/05/2023,43.28,62.7,-0.3(-0.48 %),416200,26214000000,0,0,63.4,63.4,62.7
22/05/2023,43.49,63.0,0.7(1.12 %),337800,21206000000,0,0,62.3,63.3,62.3
19/05/2023,43.01,62.3,-0.2(-0.32 %),305100,18960000000,0,0,62.0,62.9,61.9
18/05/2023,43.14,62.5,0.5(0.81 %),362800,22509000000,0,0,62.0,62.5,61.7
17/05/2023,42.8,62.0,-1.2(-1.90 %),1040800,64980000000,0,0,63.2,63.2,62.0
16/05/2023,43.63,63.2,-0.5(-0.78 %),577800,36631000000,0,0,63.9,64.0,62.9
15/05/2023,43.97,63.7,-0.4(-0.62 %),602000,38494000000,0,0,64.2,64.5,63.7
12/05/2023,44.25,64.1,-0.2(-0.31 %),546100,34959000000,0,0,64.0,64.5,63.9
11/05/2023,44.39,64.3,0.3(0.47 %),550900,35596000000,0,0,64.2,65.4,64.0
10/05/2023,44.18,64.0,0.5(0.79 %),421200,26962000000,0,0,63.9,64.4,63.7
09/05/2023,43.84,63.5,0(0.00 %),324200,20639000000,0,0,63.6,64.4,63.0
08/05/2023,43.84,63.5,-0.5(-0.78 %),527200,33637000000,0,0,64.0,64.2,63.5
05/05/2023,44.18,64.0,-0.1(-0.16 %),254700,16310000000,0,0,64.1,64.5,63.8
04/05/2023,44.25,64.1,0.3(0.47 %),471300,30167000000,20000,1268000000,62.9,64.7,62.9
28/04/2023,44.04,63.8,0.1(0.16 %),516900,33096000000,0,0,64.3,64.6,63.5
27/04/2023,43.97,63.7,-0.4(-0.62 %),298700,19078000000,0,0,64.6,64.6,63.6
26/04/2023,44.25,64.1,1.1(1.75 %),597300,37915000000,0,0,62.6,64.2,62.3
25/04/2023,43.49,63.0,-0.8(-1.25 %),758900,48253000000,0,0,64.0,64.4,62.7
24/04/2023,44.04,63.8,-1.8(-2.74 %),945700,60780000000,0,0,65.7,66.0,63.5
21/04/2023,45.28,65.6,-1.1(-1.65 %),998900,65882000000,0,0,67.2,67.2,65.0
20/04/2023,46.04,66.7,-0.9(-1.33 %),591400,39809000000,0,0,67.8,68.2,66.7
19/04/2023,46.67,67.6,1.6(2.42 %),2111000,142701000000,0,0,66.1,69.0,66.1
18/04/2023,45.56,66.0,0.5(0.76 %),754100,50034000000,0,0,66.8,66.8,65.8
17/04/2023,45.22,65.5,0.5(0.77 %),649900,42736000000,0,0,65.3,66.9,64.6
14/04/2023,44.87,65.0,-1.7(-2.55 %),1035000,68639000000,0,0,66.9,67.5,65.0
13/04/2023,46.04,66.7,1.7(2.62 %),1578000,104351000000,0,0,65.4,67.0,64.9
12/04/2023,44.87,65.0,-0.5(-0.76 %),686600,45007000000,0,0,65.5,66.3,65.0
11/04/2023,45.22,65.5,-0.5(-0.76 %),733200,48134000000,0,0,66.0,66.3,65.0
10/04/2023,45.56,66.0,2.6(4.10 %),2271400,150301000000,0,0,64.0,67.4,63.9
07/04/2023,43.77,63.4,-0.6(-0.94 %),506600,32232000000,0,0,64.0,64.3,63.2
06/04/2023,44.18,64.0,-0.6(-0.93 %),1146600,73804000000,0,0,64.6,65.4,63.9
05/04/2023,44.59,64.6,-0.4(-0.62 %),609400,39461000000,0,0,65.0,65.5,64.2
04/04/2023,44.87,65.0,3.5(5.69 %),1710500,108712000000,0,0,61.6,65.0,61.6
03/04/2023,42.45,61.5,0.5(0.82 %),1273700,78285000000,0,0,62.3,62.3,61.0
31/03/2023,42.11,61.0,-0.7(-1.13 %),858300,53005000000,0,0,61.7,62.5,61.0
30/03/2023,42.59,61.7,-1.6(-2.53 %),1595700,99211000000,0,0,63.6,64.0,61.0
29/03/2023,43.7,63.3,-1.6(-2.47 %),1610200,102593000000,0,0,65.5,65.5,62.5
28/03/2023,44.8,64.9,-0.2(-0.31 %),631500,41315000000,0,0,66.0,66.1,64.9
27/03/2023,44.94,65.1,0.1(0.15 %),867200,56642000000,0,0,65.0,66.2,64.9
24/03/2023,44.87,65.0,1.1(1.72 %),822600,53443000000,0,0,64.9,65.5,64.4
23/03/2023,44.11,63.9,-1.4(-2.14 %),1079500,69768000000,0,0,65.3,66.1,63.9
22/03/2023,45.08,65.3,-1.6(-2.39 %),931900,61389000000,0,0,67.1,67.1,65.3
21/03/2023,46.18,66.9,0.9(1.36 %),821200,54390000000,0,0,66.9,67.0,65.3
20/03/2023,45.56,66.0,-2.9(-4.21 %),1736500,116583000000,0,0,69.0,69.5,65.8
17/03/2023,47.56,68.9,-1.1(-1.57 %),639100,44460000000,34400,2466480000,70.4,71.0,68.9
16/03/2023,48.32,70.0,-1.5(-2.10 %),615200,43171000000,0,0,70.5,71.0,69.6
15/03/2023,49.36,71.5,1.9(2.73 %),480100,34270000000,34400,2476800000,71.7,72.0,70.5
14/03/2023,48.05,69.6,-1.2(-1.69 %),759200,53063000000,0,0,70.8,70.9,69.1
13/03/2023,48.87,70.8,-1.2(-1.67 %),452000,32135000000,0,0,71.0,71.5,70.8
10/03/2023,49.7,72.0,-0.5(-0.69 %),342000,24636000000,0,0,72.3,72.7,71.6
09/03/2023,50.05,72.5,0.1(0.14 %),535100,38923000000,0,0,72.4,73.4,72.0
08/03/2023,49.98,72.4,2.5(3.58 %),668700,47740000000,0,0,69.9,72.4,69.6
07/03/2023,48.25,69.9,0(0.00 %),389900,27323000000,0,0,70.1,70.7,69.7
06/03/2023,48.25,69.9,0.4(0.58 %),385400,27213000000,0,0,69.9,71.4,69.9
03/03/2023,47.98,69.5,-1.4(-1.97 %),485500,34140000000,0,0,71.3,71.3,69.5
02/03/2023,48.94,70.9,-0.8(-1.12 %),384000,27365000000,0,0,71.8,71.9,70.6
01/03/2023,49.5,71.7,2.7(3.91 %),425200,29927000000,0,0,69.0,71.7,68.0
28/02/2023,47.63,69.0,-1.6(-2.27 %),710400,49993000000,0,0,71.0,71.5,68.6
27/02/2023,48.74,70.6,-2.1(-2.89 %),902700,64232000000,0,0,71.0,72.5,70.5
24/02/2023,50.19,72.7,-2.7(-3.58 %),852200,62545000000,0,0,75.4,75.5,72.7
23/02/2023,52.05,75.4,0.2(0.27 %),1045700,77584000000,0,0,75.2,75.9,72.8
22/02/2023,51.91,75.2,-0.6(-0.79 %),2170100,165462000000,0,0,75.1,78.5,74.7
21/02/2023,52.33,75.8,-0.2(-0.26 %),1332200,101880000000,0,0,76.8,77.8,75.8
20/02/2023,52.46,76.0,2(2.70 %),1320400,99261000000,0,0,74.1,76.9,73.8
17/02/2023,51.08,74.0,0.7(0.95 %),726700,53960000000,0,0,73.3,75.7,73.0
16/02/2023,50.6,73.3,-0.2(-0.27 %),497700,36578000000,0,0,73.6,74.3,73.0
15/02/2023,50.74,73.5,0.5(0.68 %),543400,40166000000,0,0,72.7,74.9,72.6
14/02/2023,50.39,73.0,1.1(1.53 %),634800,46062000000,0,0,72.6,73.2,71.9
13/02/2023,49.63,71.9,0.2(0.28 %),850700,60529000000,0,0,71.7,72.7,70.1
10/02/2023,49.5,71.7,-2(-2.71 %),1124500,81042000000,0,0,73.0,74.6,70.6
09/02/2023,50.88,73.7,-1.6(-2.12 %),779400,58691000000,0,0,75.3,76.8,73.7
08/02/2023,51.98,75.3,-0.8(-1.05 %),1083700,81819000000,0,0,75.8,77.7,73.8
07/02/2023,52.53,76.1,3.1(4.25 %),2864400,217573000000,0,0,73.5,77.2,73.1
06/02/2023,50.39,73.0,1.6(2.24 %),1814500,131214000000,0,0,71.4,73.4,70.7
03/02/2023,49.29,71.4,0.8(1.13 %),1259500,89237000000,0,0,71.4,71.4,70.0
02/02/2023,48.74,70.6,0.3(0.43 %),529100,37269000000,0,0,70.7,71.5,69.9
01/02/2023,48.53,70.3,-3.5(-4.74 %),1292900,93928000000,0,0,74.5,74.5,70.0
31/01/2023,50.95,73.8,-0.3(-0.40 %),797100,58516000000,0,0,73.5,74.2,72.5
30/01/2023,51.15,74.1,1.1(1.51 %),1348300,100402000000,0,0,74.0,75.4,73.0
27/01/2023,50.39,73.0,3.5(5.04 %),1677100,121182000000,0,0,69.8,73.4,69.8
19/01/2023,47.98,69.5,0.9(1.31 %),777100,53426000000,0,0,67.8,69.5,67.7
18/01/2023,47.36,68.6,2.6(3.94 %),837300,57002000000,0,0,66.0,69.3,66.0
17/01/2023,45.56,66.0,2(3.12 %),398400,25947000000,0,0,64.0,66.0,64.0
16/01/2023,44.18,64.0,-1.5(-2.29 %),577100,37192000000,0,0,65.5,65.5,64.0
13/01/2023,45.22,65.5,-0.5(-0.76 %),490100,32327000000,0,0,66.0,66.6,65.5
12/01/2023,45.56,66.0,-0.2(-0.30 %),377600,24993000000,0,0,67.1,67.1,65.8
11/01/2023,45.7,66.2,-1(-1.49 %),661000,44336000000,0,0,67.5,67.8,66.2
10/01/2023,46.39,67.2,0.2(0.30 %),315300,21160000000,0,0,67.4,68.1,66.8
09/01/2023,46.25,67.0,-2(-2.90 %),702000,47666000000,0,0,70.0,70.0,67.0
06/01/2023,47.63,69.0,-0.9(-1.29 %),416700,29070000000,0,0,69.9,70.5,68.6
05/01/2023,48.25,69.9,0.5(0.72 %),284500,19883000000,0,0,69.4,70.9,69.2
04/01/2023,47.91,69.4,-1.2(-1.70 %),337000,23603000000,0,0,70.6,70.8,69.4
03/01/2023,48.74,70.6,1.6(2.32 %),909500,63323000000,0,0,69.0,70.7,68.2
30/12/2022,47.63,69.0,0.5(0.73 %),345300,23673000000,0,0,69.3,69.3,67.6
29/12/2022,47.29,68.5,-1.7(-2.42 %),248400,17041000000,0,0,68.2,69.4,68.1
28/12/2022,48.46,70.2,1.2(1.74 %),318300,22057000000,30000,1935000000,69.8,70.2,68.0
27/12/2022,47.63,69.0,2.1(3.14 %),366400,24952000000,0,0,66.7,69.0,66.7
26/12/2022,46.18,66.9,-4.1(-5.77 %),506300,34681000000,0,0,70.5,70.5,66.9
23/12/2022,49.01,71.0,-0.8(-1.11 %),363300,25707000000,0,0,70.5,71.4,70.2
22/12/2022,49.56,71.8,-0.2(-0.28 %),331600,23629000000,0,0,72.0,72.6,69.6
21/12/2022,49.7,72.0,0(0.00 %),581900,41083000000,0,0,71.0,72.0,68.2
20/12/2022,49.7,72.0,-1.5(-2.04 %),1731400,121188000000,0,0,72.1,73.0,68.5
19/12/2022,50.74,73.5,-1.2(-1.61 %),710200,52808000000,0,0,74.3,76.0,73.4
16/12/2022,51.57,74.7,-0.2(-0.27 %),480900,35625000000,0,0,74.0,74.9,73.2
15/12/2022,51.7,74.9,0.4(0.54 %),845000,62787000000,0,0,74.4,75.0,73.1
14/12/2022,51.43,74.5,-0.5(-0.67 %),685000,50996000000,0,0,75.0,75.5,73.5
13/12/2022,51.77,75.0,1(1.35 %),775700,56752000000,0,0,73.5,75.0,71.4
12/12/2022,51.08,74.0,0.4(0.54 %),1197700,88020000000,0,0,73.5,74.8,72.5
09/12/2022,50.81,73.6,0.7(0.96 %),916800,66666000000,0,0,72.0,73.6,71.3
08/12/2022,50.32,72.9,2.9(4.14 %),1371000,99248000000,0,0,71.4,73.5,71.0
07/12/2022,48.32,70.0,1.2(1.74 %),1472800,102888000000,0,0,68.8,71.3,67.9
06/12/2022,47.49,68.8,-1.5(-2.13 %),1897200,133779000000,0,0,70.3,73.0,67.8
05/12/2022,48.53,70.3,0.3(0.43 %),1072500,76147000000,0,0,70.5,72.5,69.8
02/12/2022,48.32,70.0,2(2.94 %),1111800,75585000000,0,0,68.0,70.0,66.3
01/12/2022,46.94,68.0,-3(-4.23 %),1634400,114076000000,0,0,71.5,73.0,67.5
30/11/2022,49.01,71.0,4.6(6.93 %),1302500,89758000000,0,0,66.4,71.0,65.5
29/11/2022,45.84,66.4,3.3(5.23 %),1824300,118420000000,0,0,66.0,66.5,63.0
28/11/2022,43.56,63.1,4.1(6.95 %),1114000,69758000000,0,0,61.0,63.1,60.0
25/11/2022,40.73,59.0,1.2(2.08 %),1191200,68897000000,0,0,57.8,59.1,56.6
24/11/2022,39.9,57.8,-4.3(-6.92 %),1962300,114786000000,0,0,61.2,62.0,57.8
23/11/2022,42.87,62.1,-1.3(-2.05 %),657400,41272000000,0,0,63.1,64.2,61.8
22/11/2022,43.77,63.4,0.7(1.12 %),1491500,94042000000,0,0,61.5,65.2,60.1
21/11/2022,43.28,62.7,-2.5(-3.83 %),1179800,75373000000,0,0,65.6,65.6,62.7
18/11/2022,45.01,65.2,-0.2(-0.31 %),1543300,97871000000,0,0,64.1,66.0,60.9
17/11/2022,45.15,65.4,1.5(2.35 %),856400,56378000000,0,0,64.5,67.6,64.5
16/11/2022,44.11,63.9,4.1(6.86 %),2798200,164889000000,0,0,55.7,63.9,55.7
15/11/2022,41.28,59.8,-4.4(-6.85 %),654500,39152000000,0,0,59.8,62.0,59.8
14/11/2022,44.32,64.2,-4.8(-6.96 %),2155700,139448000000,0,0,67.0,68.0,64.2
11/11/2022,47.63,69.0,-0.6(-0.86 %),1113900,78717000000,0,0,72.1,72.1,69.0
10/11/2022,48.05,69.6,-5.2(-6.95 %),2049000,144948000000,0,0,74.0,74.2,69.6
09/11/2022,51.64,74.8,0.8(1.08 %),936700,70123000000,0,0,75.2,75.9,73.5
08/11/2022,51.08,74.0,2.8(3.93 %),875200,63931000000,0,0,71.2,74.7,70.0
07/11/2022,49.15,71.2,-1.5(-2.06 %),1474600,106042000000,0,0,73.0,75.0,68.6
04/11/2022,50.19,72.7,-3.9(-5.09 %),2319100,170157000000,0,0,76.0,76.6,72.0
03/11/2022,52.88,76.6,-0.9(-1.16 %),1079600,83824000000,0,0,76.0,79.2,76.0
02/11/2022,53.5,77.5,-3.2(-3.97 %),1761400,138384000000,0,0,80.7,80.8,77.0
01/11/2022,55.71,80.7,-1.1(-1.34 %),1615000,133844000000,0,0,82.4,84.5,80.7
31/10/2022,56.47,81.8,-0.2(-0.24 %),2824900,224681000000,0,0,82.0,82.4,77.3
28/10/2022,56.61,82.0,1.3(1.61 %),2178300,179254000000,0,0,81.5,84.0,80.5
27/10/2022,55.71,80.7,5.2(6.89 %),2233100,175602000000,0,0,75.0,80.7,75.0
26/10/2022,52.12,75.5,-1.5(-1.95 %),837400,64080000000,0,0,78.0,78.3,75.3
25/10/2022,53.15,77.0,2.5(3.36 %),1665000,126773000000,0,0,75.1,78.5,72.5
24/10/2022,51.43,74.5,1.2(1.64 %),2130200,159062000000,0,0,74.0,77.8,72.0
21/10/2022,50.6,73.3,-5.5(-6.98 %),3679600,275529000000,0,0,78.7,78.8,73.3
20/10/2022,54.4,78.8,-2(-2.48 %),1089400,86418000000,50,3760000,79.8,81.0,78.4
19/10/2022,55.78,80.8,2.8(3.59 %),2073000,166372000000,0,0,78.2,81.3,77.4
18/10/2022,53.84,78.0,-1.8(-2.26 %),1718900,135230000000,0,0,81.5,81.5,76.8
17/10/2022,55.09,79.8,1.8(2.31 %),2511200,198186000000,0,0,78.1,80.2,76.0
14/10/2022,53.84,78.0,5.1(7.00 %),2934900,224868000000,0,0,74.1,78.0,73.3
13/10/2022,50.32,72.9,2.9(4.14 %),1935400,138930000000,0,0,70.5,73.3,70.3
12/10/2022,48.32,70.0,4.5(6.87 %),2023400,140317000000,20000,1399000000,66.0,70.0,66.0
11/10/2022,45.22,65.5,-2.4(-3.53 %),1810200,121121000000,0,0,68.3,69.4,64.3
10/10/2022,46.87,67.9,4.4(6.93 %),1511100,99161000000,0,0,61.1,67.9,61.1
07/10/2022,43.84,63.5,-3.5(-5.22 %),1829200,117534000000,0,0,66.6,66.6,62.8
06/10/2022,46.25,67.0,-4(-5.63 %),1560600,107314000000,0,0,71.8,71.8,66.5
05/10/2022,49.01,71.0,4(5.97 %),1078200,75422000000,0,0,68.6,71.5,68.0
04/10/2022,46.25,67.0,-1.2(-1.76 %),1282300,87361000000,0,0,69.9,70.5,66.4
03/10/2022,47.08,68.2,-5.1(-6.96 %),1349600,94291000000,0,0,72.5,72.9,68.2
30/09/2022,50.6,73.3,2.3(3.24 %),2320800,160257000000,470000,31443000000,70.0,73.5,66.3
29/09/2022,49.01,71.0,-2.2(-3.01 %),1636900,120240000000,0,0,75.0,75.6,70.5
28/09/2022,50.53,73.2,-5.5(-6.99 %),2645300,199877000000,60000,5040000000,77.4,79.0,73.2
27/09/2022,54.33,78.7,-0.8(-1.01 %),1246600,99158000000,0,0,80.0,80.5,78.7
26/09/2022,54.88,79.5,-5.9(-6.91 %),4080500,327552000000,20000,1826000000,82.7,84.0,79.5
23/09/2022,58.95,85.4,-1.3(-1.50 %),745600,64185000000,20000,1740000000,86.7,87.0,85.0
22/09/2022,59.85,86.7,1.9(2.24 %),1435000,122119000000,0,0,83.6,86.9,83.2
21/09/2022,58.54,84.8,-1.7(-1.97 %),664800,56634000000,20000,1740000000,85.0,86.4,84.1
20/09/2022,59.71,86.5,2.5(2.98 %),1584600,132971000000,0,0,85.0,86.5,81.7
19/09/2022,57.99,84.0,-4.3(-4.87 %),2560200,218598000000,0,0,88.1,88.5,83.5
16/09/2022,60.96,88.3,-2.7(-2.97 %),1831300,163214000000,0,0,90.6,91.0,87.5
15/09/2022,62.82,91.0,-0.7(-0.76 %),1216400,111587000000,0,0,92.1,92.5,91.0
14/09/2022,63.3,91.7,0.5(0.55 %),1959500,177067000000,0,0,88.8,91.9,88.8
13/09/2022,62.96,91.2,-0.7(-0.76 %),1214600,110615000000,25000,2375000000,92.0,92.0,90.4
12/09/2022,63.44,91.9,3.7(4.20 %),3144900,287675000000,0,0,89.0,93.5,88.3
09/09/2022,60.89,88.2,2(2.32 %),976700,84827000000,0,0,87.4,88.2,85.8
08/09/2022,59.51,86.2,1.2(1.41 %),1763400,151685000000,0,0,86.6,87.9,84.1
07/09/2022,58.68,85.0,-5.8(-6.39 %),3605600,317583000000,60000,5700000000,90.2,90.8,85.0
06/09/2022,62.68,90.8,-1(-1.09 %),1906200,173560000000,0,0,91.5,92.0,90.3
05/09/2022,63.37,91.8,0.8(0.88 %),1620700,149058000000,120000,10425000000,92.0,92.8,91.0
31/08/2022,62.82,91.0,2(2.25 %),2168900,195198000000,0,0,88.1,91.8,88.1
30/08/2022,61.44,89.0,0.4(0.45 %),1722300,154605000000,60000,5340000000,89.0,91.3,88.6
29/08/2022,61.16,88.6,-0.4(-0.45 %),3025100,262050000000,0,0,87.2,89.2,83.8
26/08/2022,61.44,89.0,-0.1(-0.11 %),1754700,158388000000,0,0,89.0,91.9,88.9
25/08/2022,61.51,89.1,0.8(0.91 %),3260600,286958000000,0,0,88.0,91.0,86.6
24/08/2022,60.96,88.3,-0.7(-0.79 %),1556900,138510000000,0,0,90.0,90.4,87.8
23/08/2022,61.44,89.0,0.5(0.56 %),1074800,94553000000,110000,9940000000,87.1,89.0,86.8
22/08/2022,61.09,88.5,2.4(2.79 %),2155400,189520000000,0,0,86.0,89.9,86.0
19/08/2022,59.44,86.1,0.7(0.82 %),1945900,168640000000,0,0,85.9,88.1,85.0
18/08/2022,58.95,85.4,-0.1(-0.12 %),1510500,129348000000,110000,9100000000,85.2,86.9,84.6
17/08/2022,59.02,85.5,-0.6(-0.70 %),1401400,120774000000,0,0,86.0,87.8,85.1
16/08/2022,59.44,86.1,-1.7(-1.94 %),1595500,138989000000,0,0,87.9,88.2,85.9
15/08/2022,60.61,87.8,3.2(3.78 %),1376100,118423000000,0,0,85.6,87.8,84.9
12/08/2022,58.4,84.6,5.5(6.95 %),4172600,346103000000,0,0,79.1,84.6,78.2
11/08/2022,54.6,79.1,0.5(0.64 %),2018500,160793000000,0,0,80.0,81.7,77.0
10/08/2022,54.26,78.6,-1.5(-1.87 %),1385400,109896000000,0,0,80.0,80.4,78.6
09/08/2022,55.29,80.1,-0.1(-0.12 %),1686000,136336000000,0,0,81.8,82.0,79.4
08/08/2022,55.36,80.2,5.2(6.93 %),2922800,228237000000,26600,1856680000,75.5,80.2,75.2
05/08/2022,51.77,75.0,0.8(1.08 %),1258100,93737000000,0,0,74.4,75.0,73.4
04/08/2022,51.22,74.2,1.7(2.34 %),1796100,133021000000,0,0,72.9,75.0,72.5
03/08/2022,50.05,72.5,-0.4(-0.55 %),869000,62888000000,0,0,71.9,73.4,71.8
02/08/2022,50.32,72.9,-1.1(-1.49 %),854500,62798000000,0,0,73.6,74.8,72.6
01/08/2022,51.08,74.0,2(2.78 %),3777500,263262000000,0,0,70.0,75.5,67.6
29/07/2022,49.7,72.0,-4.5(-5.88 %),2589200,191816000000,0,0,76.6,77.4,72.0
28/07/2022,52.81,76.5,-1.5(-1.92 %),1686900,131451000000,0,0,79.4,79.4,76.2
27/07/2022,53.84,78.0,1(1.30 %),1188400,91931000000,0,0,76.9,78.5,75.7
26/07/2022,53.15,77.0,0.5(0.65 %),857300,65974000000,0,0,77.4,78.5,76.1
25/07/2022,52.81,76.5,0(0.00 %),1033000,79281000000,0,0,76.3,78.6,75.2
22/07/2022,52.81,76.5,-2.5(-3.16 %),948500,73760000000,0,0,79.0,79.5,76.5
21/07/2022,54.54,79.0,3.5(4.64 %),2558600,203331000000,0,0,77.0,80.6,77.0
20/07/2022,52.12,75.5,4.9(6.94 %),1222000,90990000000,0,0,71.5,75.5,71.2
19/07/2022,48.74,70.6,-1.9(-2.62 %),1101500,78149000000,0,0,72.0,72.5,70.3
18/07/2022,50.05,72.5,-0.8(-1.09 %),1522700,110058000000,0,0,73.3,74.9,70.0
15/07/2022,50.6,73.3,-2.7(-3.55 %),1607400,120163000000,0,0,76.0,78.6,70.9
14/07/2022,52.46,76.0,-0.1(-0.13 %),1170500,87277000000,0,0,74.1,76.0,73.6
13/07/2022,52.53,76.1,-1.9(-2.44 %),473100,36589000000,40000,3320000000,78.5,78.8,75.5
12/07/2022,53.84,78.0,3.5(4.70 %),687400,52258000000,0,0,74.4,78.0,74.4
11/07/2022,51.43,74.5,-4.6(-5.82 %),1036300,78373000000,0,0,77.8,78.1,73.6
08/07/2022,54.6,79.1,0.6(0.76 %),503800,40184000000,0,0,79.5,81.1,77.9
07/07/2022,54.19,78.5,4.1(5.51 %),948200,72832000000,40000,2920000000,74.0,79.4,74.0
06/07/2022,51.36,74.4,-5.6(-7.00 %),1511800,114977000000,0,0,77.0,78.9,74.4
05/07/2022,55.23,80.0,-6(-6.98 %),2376400,194444000000,0,0,85.5,86.0,80.0
04/07/2022,59.37,86.0,-2.8(-3.15 %),637400,56009000000,0,0,89.3,90.2,85.5
01/07/2022,61.3,88.8,-2.4(-2.63 %),1912900,166588000000,0,0,90.3,90.9,84.9
30/06/2022,62.96,91.2,0(0.00 %),737200,67621000000,0,0,92.2,93.0,90.5
29/06/2022,62.96,91.2,-2.8(-2.98 %),1124900,102570000000,0,0,92.1,94.5,89.3
28/06/2022,64.89,94.0,5(5.62 %),2018600,186823000000,0,0,89.0,94.9,88.5
27/06/2022,61.44,89.0,-1.7(-1.87 %),1136000,102185000000,0,0,90.4,92.0,88.2
24/06/2022,62.61,90.7,0.9(1.00 %),866600,79351000000,0,0,91.5,93.5,90.0
23/06/2022,61.99,89.8,5.8(6.90 %),1464400,124790000000,0,0,81.0,89.8,80.7
22/06/2022,57.99,84.0,-6.3(-6.98 %),3469500,296928000000,0,0,92.0,92.3,84.0
21/06/2022,62.34,90.3,-6.7(-6.91 %),1458400,137384000000,0,0,96.7,98.7,90.3
20/06/2022,66.96,97.0,-5(-4.90 %),1917000,191933000000,0,0,103.0,103.9,96.5
17/06/2022,70.41,102.0,4.3(4.40 %),2141300,208643000000,0,0,94.5,102.0,93.0
16/06/2022,67.44,97.7,6.3(6.89 %),1878500,180360000000,0,0,94.5,97.7,92.1
15/06/2022,63.1,91.4,1.4(1.56 %),1122200,102100000000,0,0,90.0,94.0,88.9
14/06/2022,62.13,90.0,-2.1(-2.28 %),1729800,153452000000,0,0,86.1,92.0,86.1
13/06/2022,63.58,92.1,-6.9(-6.97 %),2152900,200684000000,40000,4220000000,94.8,96.8,92.1
10/06/2022,68.34,99.0,-1.4(-1.39 %),1621800,164065000000,0,0,99.0,103.8,98.0
09/06/2022,69.31,100.4,-2.3(-2.24 %),1175500,118605000000,0,0,101.0,103.5,99.5
08/06/2022,70.9,102.7,6.6(6.87 %),1998000,202954000000,40000,3612000000,99.0,102.8,98.3
07/06/2022,66.34,96.1,-39.2(-28.97 %),1849800,174641000000,0,0,96.0,96.1,91.1
06/06/2022,62.04,135.3,-0.9(-0.66 %),1539100,211408000000,0,0,135.5,139.2,135.1
03/06/2022,62.45,136.2,0.2(0.15 %),951600,129078000000,0,0,138.0,138.0,133.3
02/06/2022,62.36,136.0,4.5(3.42 %),954100,129744000000,0,0,133.0,138.7,132.0
01/06/2022,60.29,131.5,7.6(6.13 %),882300,112159000000,0,0,125.0,131.5,124.5
31/05/2022,56.81,123.9,-6.9(-5.28 %),1580800,200697000000,38000,4636000000,131.0,131.0,122.0
30/05/2022,59.97,130.8,-2(-1.51 %),714900,94111000000,0,0,133.0,133.2,130.0
27/05/2022,60.89,132.8,8.3(6.67 %),1240000,161360000000,0,0,126.0,133.2,124.5
26/05/2022,57.08,124.5,2.7(2.22 %),1092000,137166000000,38000,4305400000,124.0,127.5,123.5
25/05/2022,55.85,121.8,7.9(6.94 %),1066700,126612000000,0,0,114.5,121.8,113.5
24/05/2022,52.22,113.9,2.4(2.15 %),843100,93827000000,20000,2384000000,113.0,113.9,108.0
23/05/2022,51.12,111.5,3(2.76 %),1032600,115500000000,0,0,110.5,114.9,107.8
20/05/2022,49.75,108.5,-1.5(-1.36 %),1241100,135724000000,38000,4180000000,109.8,111.9,107.5
19/05/2022,50.44,110.0,-3.5(-3.08 %),821600,89169000000,256230,27057888000,105.6,111.0,105.6
18/05/2022,52.04,113.5,4.8(4.42 %),1177800,131512000000,0,0,110.7,114.0,109.0
17/05/2022,49.84,108.7,7.1(6.99 %),2288200,223430000000,38000,3800000000,94.5,108.7,94.5
16/05/2022,46.58,101.6,-7.6(-6.96 %),1241400,130149000000,0,0,110.0,114.0,101.6
13/05/2022,50.07,109.2,-8.2(-6.98 %),1353700,147960000000,0,0,109.2,111.9,109.2
12/05/2022,53.83,117.4,-8.8(-6.97 %),1006700,119676000000,38000,5092000000,125.6,126.0,117.4
11/05/2022,57.86,126.2,3.2(2.60 %),566100,70962000000,0,0,124.2,128.7,123.0
10/05/2022,56.4,123.0,-9(-6.82 %),2124400,262747000000,0,0,122.8,130.0,122.8
09/05/2022,60.52,132.0,-9.9(-6.98 %),1169600,154902000000,58000,8274000000,136.5,138.9,132.0
06/05/2022,65.06,141.9,-10.6(-6.95 %),949800,139213000000,0,0,148.0,150.9,141.9
05/05/2022,69.92,152.5,-5.2(-3.30 %),699700,108118000000,296540,43502418000,158.1,159.5,149.3
04/05/2022,72.31,157.7,1.2(0.77 %),917400,144563000000,58000,9000000000,155.0,159.5,154.3
29/04/2022,71.76,156.5,7.2(4.82 %),735400,112246000000,0,0,147.0,158.0,146.8
28/04/2022,68.46,149.3,3.3(2.26 %),504500,75503000000,0,0,146.5,153.0,146.0
27/04/2022,66.94,146.0,1(0.69 %),528500,74990000000,58000,8992000000,142.0,148.0,136.2
26/04/2022,66.48,145.0,1.4(0.97 %),1477500,201248000000,0,0,133.7,147.0,133.6
25/04/2022,65.84,143.6,-10.8(-6.99 %),1105900,163627000000,0,0,150.0,155.0,143.6
22/04/2022,70.79,154.4,-11.6(-6.99 %),2374600,373572000000,58000,9848800000,165.6,168.0,154.4
21/04/2022,76.11,166.0,-2.1(-1.25 %),1229000,201795000000,0,0,164.5,169.5,157.6
20/04/2022,77.08,168.1,-1.7(-1.00 %),578300,98902000000,0,0,169.8,175.0,167.2
19/04/2022,77.86,169.8,8.3(5.14 %),1464200,245084000000,61300,9655660000,162.5,172.8,161.0
18/04/2022,74.05,161.5,-3(-1.82 %),2006900,319735000000,0,0,160.1,163.9,154.5
15/04/2022,75.42,164.5,-0.8(-0.48 %),798800,131488000000,0,0,163.5,169.9,162.1
14/04/2022,75.79,165.3,10.3(6.65 %),1663800,272384000000,0,0,156.0,165.8,156.0
13/04/2022,71.07,155.0,10(6.90 %),610500,91000000000,0,0,144.9,155.0,143.8
12/04/2022,66.48,145.0,-2.7(-1.83 %),988600,141528000000,0,0,143.0,147.0,138.9
08/04/2022,67.72,147.7,-4.3(-2.83 %),856700,127345000000,0,0,153.0,154.5,142.0
07/04/2022,69.69,152.0,-4.4(-2.81 %),840700,130556000000,157930,22978815000,159.9,160.0,152.0
06/04/2022,71.71,156.4,2.9(1.89 %),912800,142741000000,0,0,152.5,160.0,152.0
05/04/2022,70.38,153.5,0.5(0.33 %),518500,80033000000,0,0,152.5,156.5,152.0
04/04/2022,70.15,153.0,0.8(0.53 %),406500,62282000000,0,0,153.5,154.9,151.8
01/04/2022,69.79,152.2,2.1(1.40 %),720900,108896000000,0,0,150.0,153.5,146.5
31/03/2022,68.82,150.1,-5.9(-3.78 %),1587400,240161000000,0,0,155.6,155.6,148.0
30/03/2022,71.53,156.0,0(0.00 %),700000,109518000000,0,0,156.0,159.5,153.2
29/03/2022,71.53,156.0,1.5(0.97 %),666400,103317000000,0,0,156.3,156.9,153.0
28/03/2022,70.84,154.5,-1(-0.64 %),986800,151257000000,0,0,151.2,156.5,151.2
25/03/2022,71.3,155.5,5.5(3.67 %),1116000,172013000000,0,0,152.0,157.0,151.0
24/03/2022,68.78,150.0,1(0.67 %),466900,69411000000,0,0,148.0,151.9,147.0
23/03/2022,68.32,149.0,6(4.20 %),1126200,167573000000,0,0,143.2,153.0,143.2
22/03/2022,65.57,143.0,-4.1(-2.79 %),1566800,224269000000,0,0,145.5,147.0,140.0
21/03/2022,67.45,147.1,2.3(1.59 %),796900,116871000000,0,0,144.0,149.5,142.1
18/03/2022,66.39,144.8,-1(-0.69 %),855400,123322000000,0,0,145.0,145.8,142.0
17/03/2022,66.85,145.8,9.4(6.89 %),1650700,235778000000,0,0,143.6,145.8,139.0
16/03/2022,62.54,136.4,8.9(6.98 %),1145300,153898000000,0,0,132.0,136.4,130.1
15/03/2022,58.46,127.5,2.7(2.16 %),665700,83574000000,0,0,126.4,127.5,123.8
14/03/2022,57.22,124.8,-3.9(-3.03 %),1322400,164363000000,0,0,126.3,128.0,121.3
11/03/2022,59.01,128.7,0.5(0.39 %),1070400,140971000000,40000,4846000000,131.0,134.4,127.0
10/03/2022,58.78,128.2,8.3(6.92 %),638100,80085000000,0,0,120.2,128.2,120.2
09/03/2022,54.98,119.9,-1(-0.83 %),1860000,222024000000,0,0,122.0,123.9,115.5
08/03/2022,55.43,120.9,-9.1(-7.00 %),1882800,237440000000,0,0,129.0,130.9,120.9
07/03/2022,59.61,130.0,0(0.00 %),693100,89803000000,0,0,130.3,133.0,128.0
04/03/2022,59.61,130.0,2.6(2.04 %),1154400,150551000000,20000,2380000000,127.1,134.4,126.0
03/03/2022,58.41,127.4,0.4(0.31 %),964100,121809000000,0,0,127.0,129.2,124.8
02/03/2022,58.23,127.0,3(2.42 %),903500,113735000000,0,0,124.0,128.7,123.0
01/03/2022,56.86,124.0,1.7(1.39 %),1289300,158889000000,0,0,120.7,126.8,118.9
28/02/2022,56.08,122.3,-2.7(-2.16 %),1669800,202063000000,0,0,125.0,125.0,116.3
25/02/2022,57.31,125.0,0.3(0.24 %),1226000,156342000000,0,0,127.5,131.9,123.5
24/02/2022,57.18,124.7,8.1(6.95 %),2302800,275381000000,0,0,115.0,124.7,115.0
23/02/2022,53.46,116.6,0.6(0.52 %),1292500,152156000000,0,0,117.0,121.4,114.0
22/02/2022,53.19,116.0,7.5(6.91 %),2234500,251965000000,0,0,106.0,116.0,104.0
21/02/2022,49.75,108.5,6(5.85 %),2471500,269614000000,0,0,109.6,109.6,107.0
18/02/2022,47.0,102.5,6.7(6.99 %),1778700,179198000000,0,0,98.0,102.5,97.0
17/02/2022,43.93,95.8,1.6(1.70 %),847400,80363000000,0,0,93.2,96.9,92.7
16/02/2022,43.19,94.2,-4(-4.07 %),1612400,155495000000,0,0,99.6,99.6,94.0
15/02/2022,45.03,98.2,0.1(0.10 %),1062500,105645000000,0,0,98.7,101.0,98.1
14/02/2022,44.98,98.1,-0.9(-0.91 %),1159500,114076000000,0,0,97.0,101.0,96.8
11/02/2022,45.39,99.0,2(2.06 %),983600,97151000000,0,0,97.0,101.8,97.0
10/02/2022,44.48,97.0,1.2(1.25 %),952400,91720000000,100000,9000000000,96.8,97.6,94.7
09/02/2022,43.93,95.8,1.8(1.91 %),1019800,96432000000,0,0,94.0,97.0,91.0
08/02/2022,43.1,94.0,0.2(0.21 %),1232300,117926000000,0,0,95.0,98.6,93.7
07/02/2022,43.01,93.8,6.1(6.96 %),1768500,165796000000,0,0,93.8,93.8,93.0
28/01/2022,40.21,87.7,4.7(5.66 %),1194100,103493000000,0,0,83.2,88.1,83.2
27/01/2022,38.06,83.0,2.4(2.98 %),787100,64876000000,0,0,80.0,84.0,79.5
26/01/2022,36.96,80.6,0(0.00 %),275800,22071000000,0,0,81.0,81.2,79.0
25/01/2022,36.96,80.6,0.9(1.13 %),541100,42537000000,0,0,79.6,80.6,76.2
24/01/2022,36.54,79.7,-3.3(-3.98 %),723000,57188000000,0,0,82.0,82.0,77.2
21/01/2022,38.06,83.0,0(0.00 %),529700,43888000000,0,0,83.0,83.9,81.4
20/01/2022,38.01,82.9,0.3(0.36 %),404000,33334000000,0,0,84.0,84.0,80.6
19/01/2022,37.37,81.5,3.5(4.49 %),698000,53622000000,0,0,77.9,81.8,73.1
18/01/2022,35.76,78.0,-3.9(-4.76 %),1413600,109424000000,0,0,78.8,80.0,76.2
17/01/2022,37.55,81.9,-6.1(-6.93 %),1181600,99411000000,0,0,86.9,87.4,81.9
14/01/2022,40.35,88.0,5(6.02 %),1350800,115493000000,0,0,80.0,88.2,80.0
13/01/2022,38.06,83.0,2.4(2.98 %),966200,79777000000,0,0,80.0,85.5,80.0
12/01/2022,36.96,80.6,0.8(1.00 %),2320800,175060000000,0,0,77.5,80.6,74.3
11/01/2022,36.59,79.8,-6(-6.99 %),2421300,197567000000,0,0,84.5,85.5,79.8
10/01/2022,39.34,85.8,-3(-3.38 %),1284200,112754000000,0,0,91.4,91.4,84.1
07/01/2022,40.72,88.8,1.3(1.49 %),2288900,194097000000,500000,40750000000,84.1,88.8,82.7
06/01/2022,40.12,87.5,-6.5(-6.91 %),3625100,322259000000,0,0,92.6,93.6,87.5
05/01/2022,43.1,94.0,-1(-1.05 %),1543900,146848000000,80000,8128000000,93.7,99.0,92.5
04/01/2022,43.56,95.0,-5.2(-5.19 %),2197800,213078000000,0,0,98.6,99.0,95.0
31/12/2021,45.94,100.2,-4.3(-4.11 %),2483400,247892000000,0,0,105.3,105.3,97.2
30/12/2021,47.91,104.5,0.5(0.48 %),972300,102719000000,0,0,104.5,107.5,103.0
29/12/2021,47.69,104.0,3(2.97 %),574100,58873000000,0,0,100.1,104.5,99.5
28/12/2021,46.31,101.0,3(3.06 %),705900,70044000000,0,0,99.0,101.0,96.1
27/12/2021,44.93,98.0,3.9(4.14 %),1364500,135542000000,0,0,97.9,100.6,95.4
24/12/2021,43.15,94.1,6.1(6.93 %),1421400,131221000000,0,0,88.0,94.1,87.3
23/12/2021,40.35,88.0,0.5(0.57 %),1146600,100772000000,0,0,87.3,89.9,86.3
22/12/2021,40.12,87.5,0.8(0.92 %),993500,86621000000,0,0,85.3,89.9,85.3
21/12/2021,39.75,86.7,-0.5(-0.57 %),1554800,137455000000,0,0,91.3,92.2,85.1
20/12/2021,39.98,87.2,5.7(6.99 %),1032100,89415000000,0,0,83.9,87.2,82.0
17/12/2021,37.37,81.5,5.3(6.96 %),1638700,127881000000,0,0,76.1,81.5,75.0
16/12/2021,34.94,76.2,-0.8(-1.04 %),1083600,83039000000,0,0,77.8,77.9,75.6
15/12/2021,35.31,77.0,0.5(0.65 %),1146100,88105000000,0,0,76.5,78.8,75.5
14/12/2021,35.08,76.5,0.8(1.06 %),1646200,126392000000,20000,1440000000,75.9,79.0,73.9
13/12/2021,34.71,75.7,3.9(5.43 %),1787200,133367000000,0,0,71.9,76.8,71.9
10/12/2021,32.92,71.8,3(4.36 %),2154000,151835000000,0,0,70.9,71.8,69.4
09/12/2021,31.55,68.8,4.5(7.00 %),1729900,116457000000,0,0,64.5,68.8,63.4
08/12/2021,29.48,64.3,2.2(3.54 %),1102600,69315000000,0,0,62.3,64.3,61.5
07/12/2021,28.47,62.1,2.1(3.50 %),1086100,66098000000,0,0,61.0,62.3,59.7
06/12/2021,27.51,60.0,-2(-3.23 %),1466100,88583000000,0,0,61.5,62.1,58.5
03/12/2021,28.43,62.0,-1(-1.59 %),1117900,69704000000,30000,2022000000,63.0,63.8,61.1
02/12/2021,28.89,63.0,1.5(2.44 %),1696900,106261000000,0,0,61.7,64.2,61.0
01/12/2021,28.2,61.5,3.5(6.03 %),2008300,120988000000,0,0,58.8,61.6,58.0
30/11/2021,26.59,58.0,0.7(1.22 %),1094400,64386000000,0,0,58.2,59.8,57.7
29/11/2021,26.27,57.3,-0.9(-1.55 %),1112200,63661000000,0,0,57.0,58.0,56.7
26/11/2021,26.69,58.2,-1.2(-2.02 %),1175600,69033000000,0,0,60.3,60.3,58.0
25/11/2021,27.24,59.4,0.5(0.85 %),988200,58596000000,0,0,59.0,60.0,58.8
24/11/2021,27.01,58.9,-0.1(-0.17 %),838900,49735000000,0,0,60.0,60.3,58.5
23/11/2021,27.05,59.0,3.1(5.55 %),1137900,66009000000,0,0,55.9,59.5,55.9
22/11/2021,25.63,55.9,-3.1(-5.25 %),1801000,102558000000,0,0,57.9,59.0,55.5
19/11/2021,27.05,59.0,-1.5(-2.48 %),1671900,98798000000,0,0,60.3,61.3,56.8
18/11/2021,27.74,60.5,-0.3(-0.49 %),811000,49335000000,0,0,61.3,61.4,60.0
17/11/2021,27.88,60.8,2.8(4.83 %),1836300,109277000000,0,0,58.1,61.0,57.5
16/11/2021,26.59,58.0,-1.2(-2.03 %),1167200,68292000000,25000,1450000000,58.6,59.2,57.5
15/11/2021,27.14,59.2,0.9(1.54 %),1373100,81689000000,41500,2357200000,60.0,60.9,58.1
12/11/2021,26.73,58.3,3.8(6.97 %),2069400,117132000000,0,0,55.0,58.3,54.2
11/11/2021,24.99,54.5,-0.3(-0.55 %),1541400,84640000000,0,0,55.2,56.0,53.9
10/11/2021,25.13,54.8,0.6(1.11 %),1332000,72766000000,0,0,53.9,55.8,53.7
09/11/2021,24.85,54.2,-0.6(-1.09 %),1082000,58940000000,44000,2244000000,55.0,55.5,54.0
08/11/2021,25.13,54.8,-0.7(-1.26 %),1057100,58343000000,0,0,55.5,56.1,54.5
05/11/2021,25.45,55.5,1.1(2.02 %),1251700,68428000000,0,0,54.4,56.3,53.5
04/11/2021,24.94,54.4,1.8(3.42 %),1862800,100252000000,0,0,52.6,55.4,52.5
03/11/2021,24.12,52.6,-3.8(-6.74 %),2407900,132071000000,0,0,57.0,57.0,52.5
02/11/2021,25.86,56.4,1.5(2.73 %),1907600,105317000000,0,0,55.0,57.1,53.0
01/11/2021,25.17,54.9,2.8(5.37 %),3028900,165610000000,0,0,53.0,55.7,52.6
29/10/2021,23.89,52.1,0.2(0.39 %),1247900,64631000000,0,0,52.0,52.5,51.3
28/10/2021,23.8,51.9,0.8(1.57 %),1597400,83010000000,0,0,52.8,52.8,51.1
27/10/2021,23.43,51.1,3.25(6.79 %),3971100,199090000000,50000,2250000000,47.85,51.1,47.85
26/10/2021,21.94,47.85,0.55(1.16 %),807600,37975000000,0,0,47.0,47.85,46.1
25/10/2021,21.69,47.3,-0.4(-0.84 %),1122700,53788000000,0,0,48.0,48.55,47.3
22/10/2021,21.87,47.7,0.3(0.63 %),1360900,64845000000,0,0,47.4,48.3,47.0
21/10/2021,21.73,47.4,1.4(3.04 %),1273100,58870000000,0,0,46.0,47.4,45.6
20/10/2021,21.09,46.0,-0.95(-2.02 %),2201200,101954000000,0,0,46.95,46.95,45.3
19/10/2021,21.53,46.95,-0.25(-0.53 %),722600,33956000000,0,0,47.2,47.2,46.85
18/10/2021,21.64,47.2,-0.5(-1.05 %),981300,46522000000,0,0,47.8,47.95,47.05
15/10/2021,21.87,47.7,0.7(1.49 %),2016500,96544000000,0,0,47.1,48.6,47.0
14/10/2021,21.55,47.0,0.1(0.21 %),989600,46637000000,0,0,46.8,47.8,46.8
13/10/2021,21.5,46.9,-0.65(-1.37 %),1262900,59702000000,0,0,47.8,47.8,46.9
12/10/2021,21.8,47.55,0.25(0.53 %),1282600,60755000000,0,0,47.1,48.0,46.9
11/10/2021,21.69,47.3,-0.7(-1.46 %),2131600,100891000000,0,0,47.95,47.95,46.9
08/10/2021,22.01,48.0,-0.5(-1.03 %),1390500,66864000000,0,0,48.6,48.6,47.6
07/10/2021,22.24,48.5,0.95(2.00 %),1492100,71941000000,0,0,47.95,48.6,47.9
06/10/2021,21.8,47.55,0.6(1.28 %),1583300,75243000000,0,0,47.4,48.4,46.5
05/10/2021,21.53,46.95,-0.05(-0.11 %),1534300,72511000000,0,0,46.8,48.0,46.75
04/10/2021,21.55,47.0,-0.55(-1.16 %),1272600,60371000000,0,0,47.2,48.3,46.6
01/10/2021,21.8,47.55,0(0.00 %),1736100,83402000000,726648,32154174000,47.8,49.0,47.4
30/09/2021,21.8,47.55,2.15(4.74 %),3730500,176491000000,0,0,45.9,47.9,45.8
29/09/2021,20.82,45.4,0.4(0.89 %),919600,41404000000,0,0,44.8,45.8,44.2
28/09/2021,20.63,45.0,1(2.27 %),1039800,46415000000,0,0,44.5,45.3,43.95
27/09/2021,20.17,44.0,0(0.00 %),1862300,83247000000,0,0,44.0,45.8,44.0
24/09/2021,20.17,44.0,-1.55(-3.40 %),1857100,83130000000,0,0,45.65,46.0,44.0
23/09/2021,20.89,45.55,-0.35(-0.76 %),1519000,69682000000,0,0,45.9,46.5,45.25
22/09/2021,21.05,45.9,-0.55(-1.18 %),1521000,69825000000,100000,4900000000,46.45,46.85,45.2
21/09/2021,21.3,46.45,1.45(3.22 %),2681400,120211000000,0,0,44.0,46.45,44.0
20/09/2021,20.63,45.0,-2(-4.26 %),2556800,118404000000,0,0,47.3,47.9,44.9
17/09/2021,21.55,47.0,1.2(2.62 %),2318600,108089000000,0,0,45.85,47.4,45.85
16/09/2021,21.0,45.8,0.1(0.22 %),2753100,126114000000,0,0,45.75,47.0,45.0
15/09/2021,20.95,45.7,0.1(0.22 %),1761400,80349000000,0,0,45.6,46.8,44.5
14/09/2021,20.91,45.6,1.9(4.35 %),3390400,155034000000,0,0,45.0,46.5,44.5
13/09/2021,20.01,43.65,2.8(6.85 %),5845200,250847000000,0,0,41.0,43.7,40.9
10/09/2021,18.73,40.85,-0.1(-0.24 %),1213600,49621000000,0,0,41.2,41.4,40.5
09/09/2021,18.78,40.95,1.05(2.63 %),1415800,57157000000,0,0,39.6,41.0,39.6
08/09/2021,18.29,39.9,-1.1(-2.68 %),2467600,99685000000,0,0,40.9,41.2,39.5
07/09/2021,18.8,41.0,-1.85(-4.32 %),2611200,109380000000,0,0,42.85,43.0,41.0
06/09/2021,19.65,42.85,0.55(1.30 %),1571400,67532000000,0,0,43.4,43.5,42.7
01/09/2021,19.4,42.3,1.1(2.67 %),3082500,128511000000,0,0,41.0,42.5,40.6
31/08/2021,18.89,41.2,-0.2(-0.48 %),2560700,105478000000,0,0,41.4,41.95,40.5
30/08/2021,18.98,41.4,0.5(1.22 %),1972100,81917000000,0,0,41.8,41.8,41.1
27/08/2021,18.75,40.9,1.4(3.54 %),2033100,80968000000,0,0,38.9,40.9,38.6
26/08/2021,18.11,39.5,0.5(1.28 %),1854400,73707000000,0,0,38.7,40.45,38.7
25/08/2021,17.88,39.0,10.9(38.79 %),1163500,45170000000,0,0,39.5,39.5,38.2
24/08/2021,18.07,39.4,1.6(4.23 %),2385900,91814000000,90000,3204000000,37.8,39.5,37.5
23/08/2021,17.33,37.8,-2.15(-5.38 %),3517500,136000000000,0,0,39.5,39.9,37.8
20/08/2021,18.32,39.95,-2.65(-6.22 %),4557100,187904000000,0,0,42.3,42.9,39.8
19/08/2021,19.53,42.6,-0.4(-0.93 %),1636500,69615000000,0,0,42.5,43.0,42.3
18/08/2021,19.72,43.0,-0.4(-0.92 %),1890400,81424000000,0,0,42.6,43.75,42.5
17/08/2021,19.9,43.4,1.4(3.33 %),3187400,134920000000,0,0,42.0,43.8,41.2
16/08/2021,19.26,42.0,0(0.00 %),2135300,90314000000,0,0,42.0,42.9,41.0
13/08/2021,19.26,42.0,1.2(2.94 %),4618300,187502000000,0,0,40.2,42.0,39.5
12/08/2021,18.71,40.8,-0.7(-1.69 %),3528800,145849000000,0,0,41.4,42.5,40.0
11/08/2021,19.03,41.5,0.7(1.72 %),3390000,141455000000,0,0,41.0,42.6,40.5
10/08/2021,18.68,40.75,1.45(3.69 %),3581700,142988000000,0,0,39.4,41.2,38.9
09/08/2021,18.02,39.3,0.4(1.03 %),2368400,92685000000,0,0,38.9,39.7,38.55
06/08/2021,17.84,38.9,1.55(4.15 %),4607500,179817000000,0,0,37.35,39.9,37.35
05/08/2021,17.13,37.35,-0.3(-0.80 %),2839600,105917000000,0,0,37.45,37.65,37.0
04/08/2021,17.26,37.65,-0.25(-0.66 %),3038200,114489000000,0,0,37.95,38.3,37.4
03/08/2021,17.38,37.9,0.1(0.26 %),3300400,124454000000,0,0,37.65,38.4,37.25
02/08/2021,17.33,37.8,0.35(0.93 %),3504500,132083000000,300000,10470000000,37.0,38.7,36.55
30/07/2021,17.17,37.45,0(0.00 %),3453800,131153000000,0,0,37.9,38.5,37.45
29/07/2021,17.17,37.45,2.45(7.00 %),4458800,163809000000,0,0,35.2,37.45,34.85
28/07/2021,16.05,35.0,-1.15(-3.18 %),4231000,149516000000,0,0,35.65,36.0,34.8
27/07/2021,16.58,36.15,0(0.00 %),5080400,184147000000,0,0,36.8,37.2,35.6
26/07/2021,16.58,36.15,2.35(6.95 %),5466800,191768000000,0,0,34.1,36.15,33.8
23/07/2021,15.5,33.8,0.3(0.90 %),3779200,127354000000,0,0,33.3,34.85,32.5
22/07/2021,15.36,33.5,1.35(4.20 %),3807700,127149000000,0,0,32.4,33.95,32.2
21/07/2021,14.74,32.15,1.8(5.93 %),4276800,135167000000,0,0,30.4,32.45,30.2
20/07/2021,13.92,30.35,-0.35(-1.14 %),2082800,63921000000,0,0,31.3,31.3,30.3
19/07/2021,14.08,30.7,0.3(0.99 %),4585000,141981000000,0,0,29.6,31.5,29.6
16/07/2021,13.94,30.4,0.9(3.05 %),3133600,94362000000,0,0,29.6,30.75,29.3
15/07/2021,13.53,29.5,0(0.00 %),1839100,54404000000,0,0,29.0,30.2,29.0
14/07/2021,13.53,29.5,-1.45(-4.68 %),2669000,80074000000,0,0,30.5,31.0,28.9
13/07/2021,14.19,30.95,0.8(2.65 %),2130500,65769000000,0,0,31.0,31.3,30.3
12/07/2021,13.82,30.15,1.05(3.61 %),4518900,133839000000,0,0,29.4,30.75,28.8
09/07/2021,13.34,29.1,0.2(0.69 %),3576300,106152000000,0,0,28.5,30.25,28.5
08/07/2021,13.25,28.9,-0.35(-1.20 %),2538600,74747000000,0,0,29.9,29.9,28.8
07/07/2021,13.41,29.25,1.9(6.95 %),1871400,52885000000,0,0,28.0,29.25,27.1
06/07/2021,12.54,27.35,-2.05(-6.97 %),2503400,74252000000,0,0,30.2,30.5,27.35
05/07/2021,13.48,29.4,1.9(6.91 %),4190200,121655000000,0,0,27.8,29.4,27.8
02/07/2021,12.61,27.5,-0.05(-0.18 %),1061800,29301000000,0,0,27.55,27.75,27.4
01/07/2021,12.63,27.55,0.45(1.66 %),874300,23904000000,0,0,27.1,27.7,27.0
30/06/2021,12.43,27.1,-0.4(-1.45 %),436400,11878000000,0,0,27.6,27.6,27.0
29/06/2021,12.61,27.5,-0.15(-0.54 %),934200,25832000000,0,0,27.8,27.9,27.45
28/06/2021,12.68,27.65,0.75(2.79 %),1210700,32831000000,0,0,26.8,27.95,26.4
25/06/2021,12.33,26.9,0.25(0.94 %),460100,12346000000,0,0,26.6,27.5,26.6
24/06/2021,12.22,26.65,-0.55(-2.02 %),951900,25612000000,0,0,27.0,27.2,26.55
23/06/2021,12.47,27.2,-0.7(-2.51 %),1517900,41609000000,0,0,28.0,28.0,27.05
22/06/2021,12.79,27.9,-0.1(-0.36 %),827400,23165000000,0,0,28.15,28.25,27.85
21/06/2021,12.84,28.0,-0.6(-2.10 %),1191300,33620000000,0,0,28.65,28.65,27.8
18/06/2021,13.11,28.6,0.8(2.88 %),2428300,69233000000,0,0,28.0,29.0,27.8
17/06/2021,12.75,27.8,0.4(1.46 %),1095400,30090000000,0,0,27.0,27.95,26.7
16/06/2021,12.56,27.4,-0.6(-2.14 %),1038300,28610000000,0,0,28.0,28.0,27.05
15/06/2021,12.84,28.0,0.9(3.32 %),2006000,56243000000,0,0,27.5,28.4,27.25
14/06/2021,12.43,27.1,0.9(3.44 %),1906300,51424000000,0,0,26.35,27.5,26.35
11/06/2021,12.01,26.2,0.4(1.55 %),1275300,33423000000,0,0,25.7,26.45,25.7
10/06/2021,11.83,25.8,0(0.00 %),809900,20865000000,0,0,25.7,26.0,25.5
09/06/2021,11.83,25.8,-0.1(-0.39 %),707400,18259000000,0,0,26.1,26.2,25.4
08/06/2021,11.88,25.9,0(0.00 %),1670100,44080000000,0,0,26.4,26.75,25.9
07/06/2021,11.88,25.9,-0.1(-0.38 %),903300,23568000000,0,0,26.0,26.3,25.6
04/06/2021,11.92,26.0,0.3(1.17 %),1157200,30282000000,0,0,26.0,26.5,25.9
03/06/2021,11.78,25.7,0.65(2.59 %),1240300,31727000000,0,0,25.5,26.0,25.35
02/06/2021,11.49,25.05,0.45(1.83 %),865100,21661000000,0,0,24.65,25.4,24.65
01/06/2021,11.28,24.6,-0.3(-1.20 %),838900,20579000000,20000,524000000,24.85,24.85,24.0
31/05/2021,11.42,24.9,-0.2(-0.80 %),874600,21824000000,0,0,25.1,25.3,24.8
28/05/2021,11.51,25.1,0(0.00 %),1069700,26740000000,0,0,25.1,25.3,24.8
27/05/2021,11.51,25.1,-0.65(-2.52 %),986200,25134000000,20000,528000000,25.75,26.0,24.9
26/05/2021,11.81,25.75,-0.25(-0.96 %),930400,23978000000,0,0,25.9,26.0,25.4
25/05/2021,11.92,26.0,0.15(0.58 %),941800,24419000000,0,0,25.7,26.2,25.3
24/05/2021,11.85,25.85,0.05(0.19 %),776800,20229000000,0,0,25.8,26.5,25.6
21/05/2021,11.83,25.8,1.5(6.17 %),1126500,28539000000,0,0,24.3,26.0,24.05
20/05/2021,11.14,24.3,-0.85(-3.38 %),1427600,35014000000,0,0,24.95,25.2,24.15
19/05/2021,11.53,25.15,-0.75(-2.90 %),1234700,31179000000,0,0,25.6,25.95,25.05
18/05/2021,11.88,25.9,-0.65(-2.45 %),1280400,33393000000,0,0,26.8,26.8,25.75
17/05/2021,12.17,26.55,-0.4(-1.48 %),818900,21835000000,0,0,26.9,26.95,26.5
14/05/2021,12.36,26.95,0.1(0.37 %),830400,22359000000,0,0,26.85,27.15,26.8
13/05/2021,12.31,26.85,-0.45(-1.65 %),852600,23072000000,0,0,27.3,27.3,26.85
12/05/2021,12.52,27.3,0.3(1.11 %),486200,13251000000,20000,546000000,27.0,27.5,27.0
11/05/2021,12.38,27.0,0.35(1.31 %),841500,22738000000,0,0,26.7,27.6,26.65
10/05/2021,12.22,26.65,-0.45(-1.66 %),1113100,29499000000,0,0,26.1,26.8,26.1
07/05/2021,12.43,27.1,-0.5(-1.81 %),936200,25537000000,20000,552000000,27.15,27.65,27.1
06/05/2021,12.65,27.6,-0.45(-1.60 %),691200,19274000000,0,0,28.0,28.5,27.5
05/05/2021,12.86,28.05,1.15(4.28 %),1067800,29675000000,0,0,27.0,28.6,27.0
04/05/2021,12.33,26.9,-0.1(-0.37 %),855800,22758000000,0,0,26.5,27.0,26.0
29/04/2021,12.38,27.0,-0.25(-0.92 %),592000,16252000000,0,0,27.4,27.8,27.0
28/04/2021,12.49,27.25,0.45(1.68 %),507500,13842000000,0,0,26.95,27.7,26.95
27/04/2021,12.29,26.8,0(0.00 %),899800,24274000000,0,0,26.8,27.45,26.5
26/04/2021,12.29,26.8,-1.5(-5.30 %),1719100,47099000000,0,0,28.35,28.45,26.8
23/04/2021,12.98,28.3,0.3(1.07 %),1063300,29430000000,0,0,27.8,28.3,27.0
22/04/2021,12.84,28.0,-1.4(-4.76 %),1394400,40022000000,0,0,29.3,29.3,28.0
20/04/2021,13.48,29.4,0.1(0.34 %),1210100,35467000000,0,0,29.7,29.7,29.0
19/04/2021,13.43,29.3,0.65(2.27 %),1224600,35546000000,0,0,28.8,29.45,28.4
16/04/2021,13.14,28.65,-1.15(-3.86 %),2199000,63472000000,0,0,29.0,29.8,28.0
15/04/2021,13.66,29.8,-0.9(-2.93 %),1535700,46384000000,0,0,30.9,30.9,29.8
14/04/2021,14.08,30.7,0.2(0.66 %),1557000,47325000000,0,0,30.2,30.9,29.6
13/04/2021,13.98,30.5,-1.4(-4.39 %),2111500,65846000000,0,0,32.05,32.05,30.5
12/04/2021,14.63,31.9,-0.4(-1.24 %),2217300,70411000000,0,0,32.0,32.3,31.5
09/04/2021,14.81,32.3,-0.2(-0.62 %),1601800,51431000000,0,0,32.0,32.45,31.95
08/04/2021,14.9,32.5,0(0.00 %),1396200,44989000000,0,0,32.5,32.8,31.8
07/04/2021,14.9,32.5,1.15(3.67 %),2913400,94049000000,0,0,31.65,32.6,31.55
06/04/2021,14.37,31.35,0.45(1.46 %),2362700,73527000000,0,0,30.9,31.9,30.5
05/04/2021,14.17,30.9,0(0.00 %),1408000,43369000000,0,0,31.1,31.2,30.6
02/04/2021,14.17,30.9,0.15(0.49 %),1759100,54613000000,0,0,31.3,31.5,30.7
01/04/2021,14.1,30.75,0.3(0.99 %),2036400,62594000000,0,0,30.6,31.1,30.4
31/03/2021,13.96,30.45,0.2(0.66 %),1673400,51337000000,0,0,30.0,31.3,30.0
30/03/2021,13.87,30.25,-0.25(-0.82 %),1460500,44030000000,0,0,30.5,30.7,29.95
29/03/2021,13.98,30.5,0.5(1.67 %),1971000,59386000000,0,0,30.0,30.6,29.75
26/03/2021,13.76,30.0,-1.15(-3.69 %),3237300,96487000000,0,0,30.4,31.0,29.0
25/03/2021,14.28,31.15,-0.35(-1.11 %),2080100,65784000000,0,0,32.25,32.35,30.8
24/03/2021,14.44,31.5,0.65(2.11 %),4331100,136283000000,0,0,30.3,32.5,30.0
23/03/2021,14.15,30.85,0.6(1.98 %),3562500,109302000000,0,0,30.2,31.9,29.9
22/03/2021,13.87,30.25,-0.15(-0.49 %),2277200,69203000000,0,0,30.2,30.9,30.0
19/03/2021,13.94,30.4,0(0.00 %),1563100,47435000000,0,0,30.4,30.9,30.0
18/03/2021,13.94,30.4,0.15(0.50 %),2447300,75909000000,0,0,31.25,31.5,30.35
17/03/2021,13.87,30.25,1.4(4.85 %),5340300,159214000000,150000,4350000000,28.85,30.25,28.7
16/03/2021,12.98,28.3,-0.25(-0.88 %),1237600,34933000000,0,0,28.55,28.55,28.0
15/03/2021,13.09,28.55,-0.35(-1.21 %),1808700,51845000000,0,0,29.0,29.1,28.45
12/03/2021,13.25,28.9,0(0.00 %),1482700,42942000000,0,0,29.1,29.4,28.5
11/03/2021,13.25,28.9,0.7(2.48 %),1944100,56066000000,0,0,28.9,29.15,28.45
10/03/2021,12.93,28.2,0.6(2.17 %),1692900,47552000000,0,0,27.6,28.5,27.5
09/03/2021,12.65,27.6,-0.2(-0.72 %),1236000,34142000000,0,0,27.65,28.0,27.25
08/03/2021,12.75,27.8,0.1(0.36 %),1346700,37644000000,0,0,28.5,28.5,27.7
05/03/2021,12.7,27.7,-0.1(-0.36 %),1268900,34707000000,0,0,27.5,27.9,26.9
04/03/2021,12.75,27.8,-0.9(-3.14 %),1403100,39688000000,0,0,28.8,28.9,27.5
03/03/2021,13.16,28.7,-0.3(-1.03 %),1346400,38635000000,0,0,29.0,29.05,28.5
02/03/2021,13.3,29.0,0.55(1.93 %),2449700,71004000000,0,0,29.0,29.5,28.45
01/03/2021,13.04,28.45,0.45(1.61 %),992000,28117000000,0,0,28.5,28.55,28.1
26/02/2021,12.84,28.0,-0.05(-0.18 %),929400,25978000000,0,0,27.5,28.7,27.4
25/02/2021,12.86,28.05,-0.35(-1.23 %),1280200,36023000000,0,0,28.7,28.8,27.5
24/02/2021,13.02,28.4,-0.65(-2.24 %),1976300,56769000000,0,0,29.1,29.4,27.05
23/02/2021,13.32,29.05,-0.3(-1.02 %),1274700,37175000000,0,0,29.15,29.6,28.9
22/02/2021,13.46,29.35,0.2(0.69 %),1566600,46372000000,0,0,29.8,29.95,28.95
19/02/2021,13.37,29.15,0.95(3.37 %),1686300,48829000000,0,0,28.2,29.8,27.8
18/02/2021,12.93,28.2,0.25(0.89 %),1353000,38031000000,0,0,28.0,28.5,27.7
17/02/2021,12.82,27.95,1.65(6.27 %),1211100,33140000000,0,0,26.4,27.95,26.4
09/02/2021,12.06,26.3,0.4(1.54 %),1217600,31452000000,0,0,25.9,26.5,24.9
08/02/2021,11.88,25.9,-1.1(-4.07 %),1833600,47935000000,0,0,25.9,27.15,25.15
05/02/2021,12.38,27.0,0.2(0.75 %),938100,25233000000,0,0,26.8,27.5,26.4
04/02/2021,12.29,26.8,0.95(3.68 %),1648100,44306000000,0,0,26.4,27.45,26.0
03/02/2021,11.85,25.85,1.65(6.82 %),1187500,29826000000,0,0,25.0,25.85,24.2
02/02/2021,11.1,24.2,-0.2(-0.82 %),2015200,46834000000,0,0,23.05,25.0,22.75
01/02/2021,11.19,24.4,-1.8(-6.87 %),2543500,64046000000,0,0,26.05,26.5,24.4
29/01/2021,12.01,26.2,-0.25(-0.95 %),2478800,62960000000,0,0,24.6,27.5,24.6
28/01/2021,12.13,26.45,-1.95(-6.87 %),675200,17859000000,0,0,26.45,26.45,26.45
27/01/2021,13.02,28.4,-2.1(-6.89 %),2225200,64761000000,0,0,30.3,30.5,28.4
26/01/2021,13.98,30.5,-2.2(-6.73 %),1818900,56715000000,0,0,32.6,32.6,30.45
25/01/2021,14.99,32.7,0(0.00 %),1131500,37275000000,0,0,32.7,33.65,32.15
22/01/2021,14.99,32.7,-0.2(-0.61 %),1475400,48625000000,0,0,32.9,33.8,32.05
21/01/2021,15.08,32.9,1.6(5.11 %),1604900,51449000000,0,0,32.0,33.3,31.2
20/01/2021,14.35,31.3,-0.65(-2.03 %),1924400,58975000000,0,0,32.0,32.5,29.75
19/01/2021,14.65,31.95,-2.4(-6.99 %),2406400,80235000000,0,0,34.35,35.4,31.95
18/01/2021,15.75,34.35,0.45(1.33 %),3107300,105227000000,0,0,34.0,35.5,32.9
15/01/2021,15.54,33.9,-0.35(-1.02 %),1573900,54125000000,0,0,34.25,34.9,33.9
14/01/2021,15.7,34.25,-0.05(-0.15 %),1277200,43860000000,0,0,34.8,34.9,34.0
13/01/2021,15.73,34.3,0.1(0.29 %),2459600,85432000000,0,0,34.75,35.25,34.2
12/01/2021,15.68,34.2,0.05(0.15 %),1629000,55282000000,0,0,34.15,34.25,33.5
11/01/2021,15.66,34.15,0.2(0.59 %),1875400,63792000000,0,0,33.95,34.45,33.5
08/01/2021,15.57,33.95,-0.35(-1.02 %),2531800,86225000000,0,0,34.3,34.5,33.6
07/01/2021,15.73,34.3,1.8(5.54 %),3163300,105047000000,0,0,32.5,34.35,32.05
06/01/2021,14.9,32.5,-0.2(-0.61 %),2525900,82748000000,0,0,33.1,33.3,32.4
05/01/2021,14.99,32.7,0.4(1.24 %),2391600,79079000000,0,0,32.0,33.8,31.9
04/01/2021,14.81,32.3,0.3(0.94 %),1591800,51912000000,0,0,32.2,32.9,32.2
31/12/2020,14.67,32.0,0(0.00 %),1780550,57173000000,0,0,32.0,32.7,31.7
30/12/2020,14.67,32.0,-0.6(-1.84 %),3619030,116694000000,0,0,32.0,33.15,31.6
29/12/2020,14.95,32.6,-0.3(-0.91 %),1924500,63152000000,0,0,32.7,33.3,32.0
28/12/2020,15.08,32.9,1.55(4.94 %),3126960,100871000000,0,0,32.5,33.3,31.35
25/12/2020,14.37,31.35,2.05(7.00 %),4318930,133046000000,0,0,29.5,31.35,29.45
24/12/2020,13.43,29.3,0.1(0.34 %),2844200,81565000000,0,0,29.2,29.8,27.5
23/12/2020,13.39,29.2,0.3(1.04 %),3123300,90753000000,0,0,29.0,30.5,28.5
22/12/2020,13.25,28.9,-0.2(-0.69 %),2618660,75804000000,0,0,29.1,29.35,28.6
21/12/2020,13.34,29.1,0.1(0.34 %),3266210,95428000000,0,0,29.2,29.9,28.6
18/12/2020,13.3,29.0,0.5(1.75 %),3063530,88035000000,0,0,28.65,29.15,28.05
17/12/2020,13.07,28.5,0.35(1.24 %),3649450,104613000000,0,0,27.9,29.5,27.8
16/12/2020,12.91,28.15,1.35(5.04 %),3612500,100120000000,0,0,27.0,28.5,26.9
15/12/2020,12.29,26.8,-0.4(-1.47 %),4190310,114003000000,0,0,27.2,28.05,26.35
14/12/2020,12.47,27.2,1.75(6.88 %),4176460,111764000000,0,0,25.8,27.2,25.55
11/12/2020,11.67,25.45,0.45(1.80 %),2141340,53945000000,0,0,25.3,25.5,24.65
10/12/2020,11.46,25.0,-0.8(-3.10 %),2241020,57003000000,0,0,26.0,26.0,25.0
09/12/2020,11.83,25.8,0.15(0.58 %),1936630,50664000000,0,0,25.7,26.5,25.7
08/12/2020,11.76,25.65,-0.35(-1.35 %),1942660,49964000000,0,0,26.0,26.0,25.3
07/12/2020,11.92,26.0,0.35(1.36 %),1485750,38816000000,0,0,26.0,26.5,25.75
04/12/2020,11.76,25.65,-0.05(-0.19 %),1721770,44843000000,0,0,26.0,26.9,25.3
03/12/2020,11.78,25.7,1.65(6.86 %),4377080,110057000000,0,0,24.0,25.7,23.95
02/12/2020,11.03,24.05,-0.25(-1.03 %),988630,23934000000,0,0,24.3,24.7,24.0
01/12/2020,11.14,24.3,0.55(2.32 %),3069250,75604000000,20000,500000000,24.4,25.1,24.15
30/11/2020,10.89,23.75,1.55(6.98 %),3842830,89373000000,0,0,22.4,23.75,22.4
27/11/2020,10.18,22.2,0(0.00 %),392140,8730000000,0,0,22.3,22.4,22.2
26/11/2020,10.18,22.2,0(0.00 %),429540,9552000000,0,0,22.35,22.45,22.15
25/11/2020,10.18,22.2,-0.2(-0.89 %),561330,12528000000,0,0,22.7,22.7,22.2
23/11/2020,10.27,22.4,-0.3(-1.32 %),517710,11623000000,0,0,22.65,22.9,22.35
20/11/2020,10.41,22.7,0.1(0.44 %),351500,7971000000,0,0,22.8,22.95,22.4
19/11/2020,10.36,22.6,0.4(1.80 %),554890,12444000000,0,0,22.2,22.7,22.05
18/11/2020,10.18,22.2,-0.25(-1.11 %),507300,11272000000,0,0,22.45,22.55,22.05
17/11/2020,10.29,22.45,0.35(1.58 %),416370,9273000000,0,0,22.3,22.5,22.1
16/11/2020,10.13,22.1,-0.85(-3.70 %),758280,16956000000,0,0,22.95,23.2,21.35
13/11/2020,10.52,22.95,-0.2(-0.86 %),284390,6564000000,0,0,23.4,23.4,22.9
12/11/2020,10.61,23.15,0.65(2.89 %),496510,11407000000,0,0,22.8,23.4,22.5
11/11/2020,10.32,22.5,0.1(0.45 %),195520,4394000000,0,0,22.4,22.65,22.25
10/11/2020,10.27,22.4,-0.2(-0.88 %),236010,5333000000,0,0,22.75,22.9,22.4
09/11/2020,10.36,22.6,0.35(1.57 %),247520,5589000000,33230,687861000,22.25,22.75,22.25
06/11/2020,10.2,22.25,-0.15(-0.67 %),142010,3141000000,0,0,22.0,22.4,22.0
05/11/2020,10.27,22.4,0.1(0.45 %),423050,9404000000,0,0,22.3,22.5,21.95
04/11/2020,10.22,22.3,0.3(1.36 %),219590,4911000000,0,0,22.0,22.5,22.0
03/11/2020,10.09,22.0,1(4.76 %),318620,6861000000,0,0,21.5,22.1,21.15
02/11/2020,9.63,21.0,0.15(0.72 %),157280,3284000000,0,0,20.8,21.0,20.8
30/10/2020,9.56,20.85,-0.35(-1.65 %),377080,7871000000,0,0,21.2,21.2,20.75
29/10/2020,9.72,21.2,0.1(0.47 %),476710,9969000000,0,0,20.7,21.45,20.65
28/10/2020,9.67,21.1,-1(-4.52 %),594300,12770000000,0,0,21.5,22.2,21.0
27/10/2020,10.13,22.1,-0.8(-3.49 %),538110,12085000000,0,0,22.9,22.95,22.1
26/10/2020,10.5,22.9,-0.5(-2.14 %),391240,9072000000,0,0,23.5,23.5,22.9
23/10/2020,10.73,23.4,0.3(1.30 %),323350,7543000000,0,0,23.2,23.45,23.2
22/10/2020,10.59,23.1,0.05(0.22 %),139600,3226000000,0,0,23.1,23.3,23.0
21/10/2020,10.57,23.05,-0.05(-0.22 %),504460,11672000000,0,0,23.0,23.4,23.0
20/10/2020,10.59,23.1,-0.3(-1.28 %),547670,12688000000,0,0,23.4,23.45,22.9
19/10/2020,10.73,23.4,-0.2(-0.85 %),243770,5699000000,0,0,23.6,23.6,23.25
16/10/2020,10.82,23.6,0.3(1.29 %),355910,8361000000,0,0,23.3,23.85,23.15
15/10/2020,10.68,23.3,-0.4(-1.69 %),812630,19007000000,0,0,23.7,23.8,23.1
14/10/2020,10.87,23.7,-0.2(-0.84 %),437850,10406000000,0,0,24.1,24.1,23.65
13/10/2020,10.96,23.9,0.3(1.27 %),496240,11814000000,0,0,23.9,24.1,23.5
12/10/2020,10.82,23.6,-0.85(-3.48 %),916090,22117000000,0,0,24.5,24.75,23.6
09/10/2020,11.21,24.45,-0.15(-0.61 %),460110,11250000000,0,0,24.5,24.7,24.0
08/10/2020,11.28,24.6,-0.45(-1.80 %),422260,10468000000,0,0,25.15,25.25,24.45
07/10/2020,11.49,25.05,0.6(2.45 %),1545270,38870000000,0,0,24.5,25.5,24.5
06/10/2020,11.21,24.45,0.4(1.66 %),630260,15272000000,0,0,24.1,24.45,24.0
05/10/2020,11.03,24.05,-0.05(-0.21 %),434310,10459000000,0,0,24.4,24.4,23.95
02/10/2020,11.05,24.1,-0.1(-0.41 %),644280,15591000000,0,0,24.3,24.55,23.6
01/10/2020,11.1,24.2,0.2(0.83 %),292600,7078000000,0,0,24.0,24.35,24.0
30/09/2020,11.0,24.0,0.2(0.84 %),560360,13305000000,0,0,23.8,24.0,23.6
29/09/2020,10.91,23.8,-0.55(-2.26 %),768700,18563000000,0,0,24.35,24.5,23.8
28/09/2020,11.16,24.35,-0.05(-0.20 %),480890,11716000000,0,0,24.7,24.75,24.25
25/09/2020,11.19,24.4,-0.25(-1.01 %),756710,18492000000,0,0,24.75,24.9,24.25
24/09/2020,11.3,24.65,-0.65(-2.57 %),1116140,27827000000,0,0,25.0,25.4,24.6
23/09/2020,11.6,25.3,0(0.00 %),493470,12568000000,0,0,25.3,25.8,25.3
22/09/2020,11.6,25.3,0(0.00 %),807490,20396000000,0,0,24.95,25.5,24.95
21/09/2020,11.6,25.3,0.4(1.61 %),1352890,34682000000,0,0,25.05,26.0,25.0
18/09/2020,11.42,24.9,0(0.00 %),374600,9311000000,0,0,24.8,24.95,24.8
17/09/2020,11.42,24.9,-0.2(-0.80 %),863830,21438000000,0,0,25.15,25.15,24.45
16/09/2020,11.51,25.1,0.3(1.21 %),630940,15821000000,0,0,25.0,25.2,24.8
15/09/2020,11.37,24.8,-0.3(-1.20 %),773140,19279000000,0,0,25.1,25.3,24.55
14/09/2020,11.51,25.1,1(4.15 %),1407980,34983000000,0,0,24.1,25.25,24.1
11/09/2020,11.05,24.1,-0.35(-1.43 %),482110,11716000000,0,0,24.45,24.5,24.1
10/09/2020,11.21,24.45,0.95(4.04 %),1759610,42732000000,0,0,24.0,24.6,23.7
09/09/2020,10.78,23.5,0.15(0.64 %),225680,5238000000,0,0,23.0,23.5,23.0
08/09/2020,10.71,23.35,0.35(1.52 %),482070,11100000000,0,0,23.0,23.35,22.75
07/09/2020,10.55,23.0,-0.4(-1.71 %),644170,15026000000,0,0,23.4,23.65,23.0
04/09/2020,10.73,23.4,-0.4(-1.68 %),673930,15860000000,0,0,23.0,23.8,23.0
03/09/2020,10.91,23.8,-0.15(-0.63 %),528970,12638000000,0,0,24.0,24.15,23.75
01/09/2020,10.98,23.95,0.15(0.63 %),703490,16797000000,0,0,23.6,24.2,23.5
31/08/2020,10.91,23.8,-0.3(-1.24 %),516170,12315000000,77320,1803102400,24.1,24.5,23.6
28/08/2020,11.05,24.1,0.45(1.90 %),956100,23005000000,0,0,23.95,24.5,23.7
27/08/2020,10.84,23.65,-0.75(-3.07 %),657700,15532000000,0,0,23.9,23.9,23.4
26/08/2020,10.73,24.4,-0.1(-0.41 %),653910,15889000000,77320,1886608000,24.5,24.5,24.0
25/08/2020,10.77,24.5,-0.15(-0.61 %),722290,17891000000,0,0,24.75,25.3,24.4
24/08/2020,10.84,24.65,1.5(6.48 %),1249010,30095000000,0,0,23.2,24.65,23.2
21/08/2020,10.18,23.15,0.15(0.65 %),398740,9206000000,0,0,23.2,23.2,22.85
20/08/2020,10.11,23.0,-0.1(-0.43 %),304190,7003000000,0,0,23.2,23.25,22.85
19/08/2020,10.16,23.1,0.15(0.65 %),504420,11644000000,0,0,22.95,23.3,22.9
18/08/2020,10.09,22.95,0.3(1.32 %),217140,4985000000,0,0,22.65,23.3,22.65
17/08/2020,9.96,22.65,-0.25(-1.09 %),529100,11977000000,0,0,22.65,23.1,22.0
14/08/2020,10.07,22.9,0.15(0.66 %),897040,20760000000,0,0,23.0,23.45,22.8
13/08/2020,10.0,22.75,0.25(1.11 %),337190,7665000000,0,0,22.7,23.0,22.55
12/08/2020,9.89,22.5,-0.2(-0.88 %),367750,8280000000,0,0,22.7,22.8,22.3
11/08/2020,9.98,22.7,-0.1(-0.44 %),505470,11558000000,0,0,22.8,23.2,22.6
10/08/2020,10.03,22.8,1.2(5.56 %),670620,15047000000,0,0,21.7,23.0,21.6
07/08/2020,9.5,21.6,0.1(0.47 %),425340,9198000000,0,0,21.5,21.9,21.4
06/08/2020,9.45,21.5,-0.35(-1.60 %),486580,10535000000,0,0,21.85,21.9,21.5
05/08/2020,9.61,21.85,0.35(1.63 %),443320,9626000000,0,0,21.5,21.85,21.2
04/08/2020,9.45,21.5,0.5(2.38 %),437260,9427000000,0,0,21.5,21.9,21.4
03/08/2020,9.23,21.0,0.6(2.94 %),528710,10947000000,0,0,20.1,21.2,20.1
31/07/2020,8.97,20.4,-0.85(-4.00 %),611830,12561000000,0,0,20.4,21.1,20.25
30/07/2020,9.34,21.25,0.35(1.67 %),323840,6883000000,0,0,21.25,21.8,20.9
29/07/2020,9.19,20.9,-1.55(-6.90 %),903710,18990000000,0,0,21.5,21.6,20.9
28/07/2020,9.87,22.45,1.05(4.91 %),901910,19597000000,0,0,21.2,22.6,20.7
27/07/2020,9.41,21.4,-1.6(-6.96 %),781940,16855000000,0,0,21.4,22.25,21.4
24/07/2020,10.11,23.0,-1.7(-6.88 %),1392750,32605000000,0,0,24.5,24.5,23.0
23/07/2020,10.86,24.7,-0.2(-0.80 %),372790,9162000000,0,0,24.8,24.9,24.4
22/07/2020,10.95,24.9,0.1(0.40 %),429340,10713000000,0,0,25.0,25.2,24.5
21/07/2020,10.9,24.8,0.35(1.43 %),595920,14614000000,0,0,24.45,24.85,24.3
20/07/2020,10.75,24.45,-1.25(-4.86 %),993570,24810000000,0,0,24.45,25.65,24.45
17/07/2020,11.3,25.7,-0.1(-0.39 %),629200,16234000000,0,0,25.75,26.35,25.5
16/07/2020,11.34,25.8,0.4(1.57 %),961950,24806000000,0,0,25.55,26.1,25.55
15/07/2020,11.17,25.4,1.1(4.53 %),1558740,38832000000,0,0,24.5,25.4,24.3
14/07/2020,10.68,24.3,0(0.00 %),481320,11623000000,0,0,24.2,24.55,24.0
13/07/2020,10.68,24.3,0.1(0.41 %),398470,9714000000,0,0,24.2,24.7,24.0
10/07/2020,10.64,24.2,-0.3(-1.22 %),550270,13413000000,0,0,24.45,24.8,24.0
09/07/2020,10.77,24.5,0.3(1.24 %),623010,15166000000,0,0,24.0,24.5,23.9
08/07/2020,10.64,24.2,0.2(0.83 %),417170,10079000000,0,0,24.0,24.45,23.9
07/07/2020,10.55,24.0,-0.25(-1.03 %),660910,16176000000,0,0,24.6,24.8,24.0
06/07/2020,10.66,24.25,0.8(3.41 %),671350,16117000000,0,0,23.7,24.7,23.2
03/07/2020,10.31,23.45,-0.2(-0.85 %),311980,7340000000,0,0,23.8,24.0,23.25
02/07/2020,10.4,23.65,0.15(0.64 %),423870,10041000000,0,0,23.5,24.2,23.4
01/07/2020,10.33,23.5,1.5(6.82 %),739900,16908000000,0,0,21.7,23.5,21.7
30/06/2020,9.67,22.0,-0.3(-1.35 %),491930,10838000000,0,0,22.55,23.0,21.1
29/06/2020,9.81,22.3,-1.4(-5.91 %),1046750,23596000000,0,0,23.5,23.5,22.05
26/06/2020,10.42,23.7,-0.3(-1.25 %),417210,9986000000,0,0,24.5,24.55,23.7
25/06/2020,10.55,24.0,-0.1(-0.41 %),451900,10782000000,0,0,24.0,24.25,23.1
24/06/2020,10.6,24.1,-1.05(-4.17 %),773200,19018000000,0,0,25.1,25.15,24.1
23/06/2020,11.06,25.15,-0.35(-1.37 %),533370,13380000000,0,0,25.3,25.65,24.3
22/06/2020,11.21,25.5,0.5(2.00 %),643150,16342000000,0,0,25.3,25.8,25.15
19/06/2020,10.99,25.0,1.2(5.04 %),1063310,26160000000,0,0,23.85,25.2,23.85
18/06/2020,10.47,23.8,-0.35(-1.45 %),350840,8357000000,0,0,24.1,24.1,23.5
17/06/2020,10.62,24.15,-0.25(-1.02 %),543500,13080000000,0,0,24.45,24.5,23.5
16/06/2020,10.73,24.4,0.45(1.88 %),1210890,29011000000,0,0,24.25,24.75,22.5
15/06/2020,10.53,23.95,-1.75(-6.81 %),1389690,33871000000,0,0,25.7,26.3,23.95
12/06/2020,11.3,25.7,-0.15(-0.58 %),1362720,33742000000,0,0,24.05,25.7,24.05
11/06/2020,11.37,25.85,-1.9(-6.85 %),2198340,59759000000,0,0,27.75,28.65,25.85
10/06/2020,12.2,27.75,0.35(1.28 %),1583200,43455000000,0,0,27.05,28.3,26.65
09/06/2020,12.05,27.4,-0.6(-2.14 %),1124260,31134000000,0,0,28.0,28.5,27.35
08/06/2020,12.31,28.0,0.55(2.00 %),1397290,39505000000,0,0,28.1,28.95,27.6
05/06/2020,12.07,27.45,1.75(6.81 %),2363450,63758000000,0,0,25.7,27.45,25.25
04/06/2020,11.3,25.7,-0.5(-1.91 %),1053650,27290000000,20006,510153000,26.3,26.45,25.5
03/06/2020,11.52,26.2,0.65(2.54 %),1262910,32586000000,0,0,25.55,26.35,25.0
02/06/2020,11.23,25.55,-0.95(-3.58 %),1442790,37290000000,0,0,26.45,26.45,25.55
01/06/2020,11.65,26.5,0.3(1.15 %),1090850,29189000000,0,0,26.7,27.2,26.45
29/05/2020,11.52,26.2,1.3(5.22 %),1169940,30229000000,0,0,24.8,26.6,24.4
28/05/2020,10.95,24.9,-0.5(-1.97 %),1297870,32642000000,0,0,25.3,25.9,24.2
27/05/2020,11.17,25.4,-1.9(-6.96 %),2269610,59773000000,0,0,27.3,27.5,25.4
26/05/2020,12.0,27.3,0.55(2.06 %),1335350,36802000000,0,0,27.3,28.25,26.85
25/05/2020,11.76,26.75,1.75(7.00 %),1898420,47786000000,25000,581250000,24.7,26.75,23.9
22/05/2020,10.99,25.0,0(0.00 %),1546590,39378000000,0,0,25.1,26.0,24.9
21/05/2020,10.99,25.0,1.6(6.84 %),1689040,41959000000,0,0,24.2,25.0,24.0
20/05/2020,10.29,23.4,1.5(6.85 %),2178110,49958000000,0,0,21.9,23.4,21.65
19/05/2020,9.63,21.9,0.15(0.69 %),1219380,26887000000,25000,506250000,22.1,22.4,21.7
18/05/2020,9.56,21.75,0.15(0.69 %),877700,18821000000,50000,1005000000,21.5,22.2,20.8
15/05/2020,9.5,21.6,-0.9(-4.00 %),773060,17072000000,25000,523750000,22.5,23.0,21.5
14/05/2020,9.89,22.5,0.75(3.45 %),1693300,38907000000,0,0,22.5,23.25,22.25
13/05/2020,9.56,21.75,1.4(6.88 %),1705810,36541000000,125000,2368750000,20.35,21.75,20.2
12/05/2020,8.95,20.35,0(0.00 %),727730,14760000000,0,0,20.35,20.55,20.05
11/05/2020,8.95,20.35,-0.15(-0.73 %),1075550,21978000000,0,0,20.35,20.85,20.2
08/05/2020,9.01,20.5,-0.35(-1.68 %),773140,16073000000,0,0,21.2,21.2,20.5
07/05/2020,9.17,20.85,0.85(4.25 %),714630,14863000000,0,0,20.3,21.2,20.3
06/05/2020,8.79,20.0,0.2(1.01 %),662280,12993000000,0,0,20.1,20.1,19.0
05/05/2020,8.71,19.8,0(0.00 %),429680,8448000000,0,0,19.2,20.3,19.2
04/05/2020,8.71,19.8,-1.45(-6.82 %),793320,16018000000,0,0,20.2,21.0,19.8
29/04/2020,9.34,21.25,0.1(0.47 %),863970,18184000000,0,0,21.25,22.0,19.8
28/04/2020,9.3,21.15,-1.55(-6.83 %),1052020,22637000000,0,0,22.7,22.9,21.15
27/04/2020,9.98,22.7,-0.4(-1.73 %),1585880,37947000000,0,0,24.7,24.7,21.8
24/04/2020,10.16,23.1,1.5(6.94 %),1874820,42257000000,0,0,22.0,23.1,21.6
23/04/2020,9.5,21.6,1.4(6.93 %),202070,4365000000,0,0,21.6,21.6,21.6
22/04/2020,8.88,20.2,1.3(6.88 %),763260,14967000000,0,0,17.8,20.2,17.8
21/04/2020,8.31,18.9,0.05(0.27 %),3081790,58697000000,0,0,19.0,20.15,17.55
20/04/2020,8.29,18.85,1.2(6.80 %),200540,3780000000,0,0,18.85,18.85,18.85
17/04/2020,7.76,17.65,1.15(6.97 %),189040,3337000000,0,0,17.65,17.65,17.65
16/04/2020,7.26,16.5,1.05(6.80 %),782750,12865000000,0,0,16.1,16.5,16.0
15/04/2020,6.79,15.45,1(6.92 %),741410,11371000000,0,0,14.95,15.45,14.65
14/04/2020,6.35,14.45,-0.55(-3.67 %),383040,5595000000,0,0,15.0,15.2,14.2
13/04/2020,6.6,15.0,0(0.00 %),355070,5349000000,0,0,15.0,15.45,14.5
10/04/2020,6.6,15.0,-0.85(-5.36 %),617040,9511000000,0,0,15.9,15.9,15.0
09/04/2020,6.97,15.85,0.85(5.67 %),506710,7928000000,0,0,15.0,15.85,15.0
08/04/2020,6.6,15.0,0.55(3.81 %),671200,9977000000,0,0,14.8,15.3,14.2
07/04/2020,6.35,14.45,0.9(6.64 %),768130,11073000000,0,0,14.45,14.45,14.1
06/04/2020,5.96,13.55,0.85(6.69 %),453350,6143000000,0,0,13.55,13.55,13.55
03/04/2020,5.58,12.7,0.8(6.72 %),352350,4470000000,0,0,12.55,12.7,12.5
01/04/2020,5.23,11.9,0.75(6.73 %),147630,1743000000,0,0,11.35,11.9,11.0
31/03/2020,4.9,11.15,0.65(6.19 %),259760,2839000000,0,0,10.7,11.2,10.5
30/03/2020,4.62,10.5,-0.65(-5.83 %),250210,2640000000,0,0,10.7,11.0,10.4
27/03/2020,4.9,11.15,-0.8(-6.69 %),454180,5177000000,0,0,11.9,12.2,11.15
26/03/2020,5.25,11.95,-0.85(-6.64 %),351680,4276000000,0,0,12.8,12.8,11.95
25/03/2020,5.63,12.8,0.1(0.79 %),210860,2725000000,0,0,13.2,13.2,12.5
24/03/2020,5.58,12.7,-0.55(-4.15 %),311670,3887000000,0,0,12.6,13.0,12.35
23/03/2020,5.83,13.25,-0.95(-6.69 %),280390,3738000000,0,0,13.35,14.0,13.25
20/03/2020,6.24,14.2,-0.35(-2.41 %),214110,3080000000,0,0,15.0,15.0,14.2
19/03/2020,6.4,14.55,-0.85(-5.52 %),259490,3810000000,0,0,15.0,15.15,14.5
18/03/2020,6.77,15.4,0.6(4.05 %),182730,2764000000,0,0,14.8,15.6,14.8
17/03/2020,6.51,14.8,-0.2(-1.33 %),216010,3106000000,0,0,14.8,14.95,14.1
16/03/2020,6.6,15.0,-0.6(-3.85 %),291300,4416000000,0,0,15.8,15.8,14.7
13/03/2020,6.86,15.6,-0.9(-5.45 %),529860,8176000000,0,0,15.35,16.2,15.35
12/03/2020,7.26,16.5,-1.2(-6.78 %),400950,6616000000,0,0,16.5,17.0,16.5
11/03/2020,7.78,17.7,-1.3(-6.84 %),616670,11136000000,0,0,19.0,19.4,17.7
10/03/2020,8.35,19.0,-0.65(-3.31 %),438940,8226000000,0,0,18.4,19.6,18.3
09/03/2020,8.64,19.65,-1.45(-6.87 %),431440,8548000000,0,0,19.9,20.3,19.65
06/03/2020,9.28,21.1,1.3(6.57 %),531260,10812000000,0,0,19.75,21.15,19.4
05/03/2020,8.71,19.8,0.3(1.54 %),722910,14364000000,0,0,19.75,20.3,19.5
04/03/2020,8.57,19.5,-0.3(-1.52 %),212110,4143000000,0,0,19.6,19.8,19.2
03/03/2020,8.71,19.8,0.2(1.02 %),546590,10687000000,0,0,19.5,20.25,19.0
02/03/2020,8.62,19.6,-1.45(-6.89 %),794290,15776000000,0,0,20.3,21.05,19.6
28/02/2020,9.26,21.05,-1.55(-6.86 %),627820,13471000000,0,0,22.15,22.3,21.05
27/02/2020,9.94,22.6,0.4(1.80 %),459570,10437000000,0,0,22.7,23.35,22.4
26/02/2020,9.76,22.2,0.5(2.30 %),664900,14844000000,0,0,21.5,22.8,21.2
25/02/2020,9.54,21.7,-0.6(-2.69 %),350230,7653000000,0,0,21.85,22.5,21.4
24/02/2020,9.81,22.3,0.9(4.21 %),1096590,24264000000,0,0,21.4,22.85,20.6
21/02/2020,9.41,21.4,1.4(7.00 %),630030,13373000000,0,0,20.35,21.4,20.0
20/02/2020,8.79,20.0,1.1(5.82 %),429210,8388000000,0,0,19.0,20.0,18.85
19/02/2020,8.31,18.9,-0.05(-0.26 %),561750,10815000000,0,0,18.95,19.9,18.9
18/02/2020,8.33,18.95,-0.2(-1.04 %),225520,4261000000,0,0,19.15,19.15,18.7
17/02/2020,8.42,19.15,-0.2(-1.03 %),146990,2789000000,0,0,19.25,19.35,18.7
14/02/2020,8.51,19.35,0.15(0.78 %),235120,4653000000,0,0,19.3,20.3,19.3
13/02/2020,8.44,19.2,1.1(6.08 %),542280,10332000000,0,0,18.1,19.35,18.1
12/02/2020,7.96,18.1,-0.1(-0.55 %),270270,4829000000,0,0,18.2,18.4,17.7
11/02/2020,8.0,18.2,-0.2(-1.09 %),305540,5543000000,0,0,18.4,18.6,17.6
10/02/2020,8.09,18.4,-0.5(-2.65 %),212440,3864000000,0,0,18.0,18.85,17.8
07/02/2020,8.31,18.9,0.25(1.34 %),424280,8132000000,0,0,18.95,19.65,18.9
06/02/2020,8.2,18.65,1.15(6.57 %),414820,7718000000,0,0,17.5,18.7,17.5
05/02/2020,7.7,17.5,1(6.06 %),639820,11150000000,0,0,16.45,17.65,16.45
04/02/2020,7.26,16.5,-0.3(-1.79 %),136260,2266000000,0,0,16.8,17.0,16.5
03/02/2020,7.39,16.8,-0.35(-2.04 %),205250,3430000000,0,0,16.8,17.15,16.2
31/01/2020,7.54,17.15,0(0.00 %),549970,9510000000,0,0,17.15,17.7,17.05
30/01/2020,7.54,17.15,-1.15(-6.28 %),400970,7047000000,0,0,18.0,18.0,17.05
22/01/2020,8.05,18.3,0(0.00 %),262420,4807000000,60000,1110000000,18.65,18.65,18.25
21/01/2020,8.05,18.3,-0.1(-0.54 %),326150,5971000000,0,0,18.4,18.45,18.15
20/01/2020,8.09,18.4,0(0.00 %),119940,2211000000,0,0,18.65,18.8,18.3
17/01/2020,8.09,18.4,0.35(1.94 %),216410,3996000000,0,0,18.05,18.75,18.05
16/01/2020,7.94,18.05,0.05(0.28 %),251910,4552000000,0,0,18.0,18.8,17.8
15/01/2020,7.91,18.0,-1.3(-6.74 %),239640,4383000000,0,0,19.3,19.3,17.95
14/01/2020,8.49,19.3,-0.55(-2.77 %),194640,3805000000,0,0,20.0,20.15,19.0
13/01/2020,8.73,19.85,0.15(0.76 %),27480,547000000,0,0,19.8,20.0,19.8
10/01/2020,8.66,19.7,-0.9(-4.37 %),364640,7216000000,0,0,20.6,20.75,19.5
09/01/2020,9.06,20.6,-0.7(-3.29 %),81390,1691000000,0,0,21.3,21.3,20.6
08/01/2020,9.37,21.3,-0.6(-2.74 %),54500,1163000000,0,0,21.9,21.9,21.25
07/01/2020,9.63,21.9,-0.1(-0.45 %),39120,859000000,0,0,22.15,22.15,21.8
06/01/2020,9.67,22.0,-0.7(-3.08 %),53810,1196000000,0,0,22.7,22.7,21.8
03/01/2020,9.98,22.7,0.9(4.13 %),25600,577000000,0,0,21.6,23.25,21.6
02/01/2020,9.59,21.8,0.75(3.56 %),45800,984000000,0,0,21.05,21.8,21.05
31/12/2019,9.26,21.05,-1.45(-6.44 %),156810,3397000000,0,0,23.0,23.0,21.05
30/12/2019,9.89,22.5,-0.1(-0.44 %),69940,1575000000,0,0,22.6,22.7,22.4
27/12/2019,9.94,22.6,-0.45(-1.95 %),62570,1430000000,0,0,23.0,23.05,22.5
26/12/2019,10.14,23.05,-0.65(-2.74 %),130110,3037000000,0,0,23.8,24.0,23.0
25/12/2019,10.42,23.7,0.2(0.85 %),69460,1649000000,0,0,23.5,24.05,23.4
24/12/2019,10.33,23.5,-1.5(-6.00 %),103030,2485000000,0,0,25.0,25.05,23.25
23/12/2019,10.99,25.0,-1.6(-6.02 %),110130,2842000000,0,0,26.6,26.6,25.0
20/12/2019,11.7,26.6,-0.05(-0.19 %),54260,1446000000,0,0,26.65,26.8,26.6
19/12/2019,11.72,26.65,0.05(0.19 %),98550,2635000000,0,0,27.0,27.1,26.65
18/12/2019,11.7,26.6,-0.05(-0.19 %),57180,1521000000,0,0,27.0,27.0,26.5
17/12/2019,11.72,26.65,-0.45(-1.66 %),83100,2232000000,0,0,27.05,27.4,26.65
16/12/2019,11.92,27.1,0.05(0.18 %),40640,1102000000,0,0,27.05,27.5,27.05
13/12/2019,11.89,27.05,0(0.00 %),142640,3874000000,0,0,27.1,27.5,27.05
12/12/2019,11.89,27.05,-0.05(-0.18 %),98960,2685000000,0,0,27.1,27.4,27.05
11/12/2019,11.92,27.1,0(0.00 %),46440,1259000000,0,0,27.95,27.95,27.05
10/12/2019,11.92,27.1,-0.7(-2.52 %),42710,1166000000,0,0,27.8,27.8,27.05
09/12/2019,12.22,27.8,0.4(1.46 %),95480,2687000000,0,0,27.8,28.85,27.75
06/12/2019,12.05,27.4,0.7(2.62 %),30210,817000000,0,0,26.8,27.45,26.7
05/12/2019,11.74,26.7,-0.55(-2.02 %),67690,1814000000,0,0,27.35,27.35,26.6
04/12/2019,11.98,27.25,-0.15(-0.55 %),91210,2476000000,0,0,27.4,27.4,26.9
03/12/2019,12.05,27.4,-0.3(-1.08 %),80360,2207000000,0,0,27.7,27.75,27.25
02/12/2019,12.18,27.7,0.8(2.97 %),44190,1207000000,0,0,27.0,27.9,26.9
29/11/2019,11.83,26.9,-0.9(-3.24 %),239980,6522000000,0,0,27.8,27.8,26.75
28/11/2019,12.22,27.8,-0.1(-0.36 %),152330,4259000000,0,0,28.5,28.5,27.8
27/11/2019,12.27,27.9,0(0.00 %),130700,3688000000,0,0,29.0,29.0,27.9
26/11/2019,12.27,27.9,-0.9(-3.12 %),206330,5810000000,0,0,28.8,29.9,27.85
25/11/2019,12.66,28.8,-2(-6.49 %),187600,5417000000,0,0,30.8,30.8,28.65
22/11/2019,13.54,30.8,-2.1(-6.38 %),121470,3786000000,0,0,32.9,32.9,30.8
21/11/2019,14.47,32.9,-0.6(-1.79 %),44600,1469000000,0,0,32.8,33.35,32.8
20/11/2019,14.73,33.5,0.9(2.76 %),57450,1925000000,100000,3250000000,32.55,34.1,32.5
19/11/2019,14.33,32.6,-1.85(-5.37 %),142100,4573000000,0,0,34.45,34.45,32.05
18/11/2019,15.15,34.45,-2.55(-6.89 %),110990,3854000000,0,0,37.0,37.0,34.45
15/11/2019,16.27,37.0,-2(-5.13 %),73100,2753000000,0,0,39.0,39.0,37.0
14/11/2019,17.15,39.0,-0.25(-0.64 %),58000,2280000000,0,0,39.25,40.25,39.0
13/11/2019,17.26,39.25,-1.25(-3.09 %),70680,2802000000,0,0,40.5,40.5,39.25
12/11/2019,17.81,40.5,-0.3(-0.74 %),20470,830000000,0,0,40.6,40.9,40.2
11/11/2019,17.94,40.8,0.6(1.49 %),62730,2567000000,0,0,40.2,41.4,40.2
08/11/2019,17.68,40.2,0.5(1.26 %),12340,493000000,0,0,40.0,40.25,39.7
07/11/2019,17.46,39.7,-1.2(-2.93 %),137370,5509000000,0,0,40.85,40.85,39.7
06/11/2019,17.98,40.9,0.1(0.25 %),39660,1627000000,0,0,40.8,41.5,40.7
05/11/2019,17.94,40.8,0.2(0.49 %),110510,4533000000,0,0,40.8,41.9,40.8
04/11/2019,17.85,40.6,0.2(0.50 %),40490,1617000000,0,0,39.2,40.8,39.2
01/11/2019,17.76,40.4,-0.45(-1.10 %),113390,4517000000,0,0,41.0,41.0,38.5
31/10/2019,17.96,40.85,0(0.00 %),30320,1241000000,0,0,41.9,41.9,40.85
30/10/2019,17.96,40.85,0.05(0.12 %),20560,841000000,73000,2985700000,41.0,41.5,40.8
29/10/2019,17.94,40.8,-2(-4.67 %),124600,5154000000,0,0,42.6,42.8,40.8
28/10/2019,18.82,42.8,-0.3(-0.70 %),27480,1176000000,0,0,43.2,43.4,42.5
25/10/2019,18.95,43.1,-0.65(-1.49 %),7420,323000000,0,0,43.75,43.75,43.05
24/10/2019,19.24,43.75,0.25(0.57 %),41360,1789000000,0,0,42.6,43.9,42.6
23/10/2019,19.13,43.5,0(0.00 %),21830,947000000,0,0,44.0,44.0,42.7
22/10/2019,19.13,43.5,-1(-2.25 %),24280,1073000000,0,0,44.5,44.95,43.4
21/10/2019,19.57,44.5,0.5(1.14 %),38650,1722000000,0,0,44.0,45.1,44.0
18/10/2019,19.35,44.0,0.1(0.23 %),21620,950000000,0,0,43.9,44.2,43.5
17/10/2019,19.3,43.9,0.1(0.23 %),43480,1915000000,0,0,44.0,44.5,43.8
16/10/2019,19.26,43.8,0.6(1.39 %),42790,1836000000,0,0,43.5,44.0,42.5
15/10/2019,19.0,43.2,-0.6(-1.37 %),35330,1549000000,0,0,43.9,44.2,42.9
14/10/2019,19.26,43.8,0.85(1.98 %),55340,2394000000,0,0,43.0,44.0,42.9
11/10/2019,18.89,42.95,-0.05(-0.12 %),12200,525000000,0,0,43.0,43.2,42.9
10/10/2019,18.91,43.0,-0.2(-0.46 %),34050,1468000000,0,0,43.25,43.25,43.0
09/10/2019,19.0,43.2,-0.1(-0.23 %),54550,2362000000,0,0,43.3,43.8,43.15
08/10/2019,19.04,43.3,-0.65(-1.48 %),23790,1037000000,0,0,43.95,44.0,43.25
07/10/2019,19.33,43.95,-0.05(-0.11 %),24870,1092000000,0,0,44.1,44.3,43.55
04/10/2019,19.35,44.0,-0.4(-0.90 %),28320,1252000000,0,0,44.4,44.5,43.75
03/10/2019,19.52,44.4,0.4(0.91 %),33680,1483000000,0,0,44.3,44.4,43.85
02/10/2019,19.35,44.0,0(0.00 %),15400,677000000,0,0,44.0,44.85,43.8
01/10/2019,19.35,44.0,-1.3(-2.87 %),60620,2706000000,0,0,45.3,45.4,43.9
30/09/2019,19.92,45.3,-0.6(-1.31 %),50070,2285000000,0,0,46.45,46.5,45.3
27/09/2019,20.18,45.9,0.4(0.88 %),39810,1817000000,0,0,46.5,46.5,45.3
26/09/2019,20.01,45.5,0(0.00 %),31170,1431000000,0,0,46.0,46.65,45.5
25/09/2019,20.01,45.5,-1.5(-3.19 %),27640,1272000000,0,0,46.7,46.7,45.5
24/09/2019,20.67,47.0,0.5(1.08 %),69720,3249000000,0,0,47.2,47.2,46.0
23/09/2019,20.45,46.5,-0.9(-1.90 %),33020,1558000000,0,0,47.4,48.0,46.5
20/09/2019,20.84,47.4,0.45(0.96 %),58800,2777000000,0,0,47.1,47.4,46.95
19/09/2019,20.64,46.95,-0.05(-0.11 %),69390,3262000000,0,0,47.4,47.4,46.1
18/09/2019,20.67,47.0,0.1(0.21 %),66950,3145000000,0,0,46.05,47.3,46.05
17/09/2019,20.62,46.9,-0.6(-1.26 %),64580,3034000000,0,0,47.5,47.5,46.0
16/09/2019,20.89,47.5,1.5(3.26 %),114190,5425000000,0,0,43.5,48.1,46.6
13/09/2019,20.23,46.0,3(6.98 %),243920,11033000000,0,0,43.5,46.0,43.5
12/09/2019,18.91,43.0,0.5(1.18 %),91740,3937000000,0,0,43.0,43.8,41.6
11/09/2019,18.69,42.5,0.5(1.19 %),77530,3270000000,0,0,41.35,42.5,41.35
10/09/2019,18.47,42.0,-0.45(-1.06 %),70400,2960000000,0,0,42.4,42.45,41.8
09/09/2019,18.67,42.45,1.25(3.03 %),30230,1271000000,0,0,42.0,42.5,41.5
06/09/2019,18.12,41.2,-0.8(-1.90 %),52000,2180000000,0,0,42.0,42.5,41.2
05/09/2019,18.47,42.0,2(5.00 %),112630,4676000000,0,0,40.0,42.8,40.0
04/09/2019,17.59,40.0,-2.2(-5.21 %),59130,2426000000,0,0,44.0,42.2,40.0
03/09/2019,18.56,42.2,-1.8(-4.09 %),41280,1776000000,0,0,44.0,45.7,41.0
30/08/2019,19.35,44.0,0(0.00 %),69540,3057000000,0,0,44.0,44.2,43.45
29/08/2019,19.35,44.0,0(0.00 %),52270,2315000000,0,0,44.0,44.8,44.0
28/08/2019,19.35,44.0,-1.55(-3.40 %),59300,2622000000,0,0,45.55,45.55,43.6
27/08/2019,20.03,45.55,-0.15(-0.33 %),21670,995000000,0,0,45.7,46.5,45.55
26/08/2019,20.09,45.7,-2.3(-4.79 %),66940,3084000000,0,0,47.3,47.3,45.7
23/08/2019,21.11,48.0,-0.2(-0.41 %),26970,1294000000,0,0,48.2,48.2,47.8
22/08/2019,21.19,48.2,-0.4(-0.82 %),24500,1186000000,0,0,48.3,49.0,48.05
21/08/2019,21.37,48.6,-0.9(-1.82 %),47930,2340000000,0,0,49.7,49.7,48.0
20/08/2019,21.77,49.5,-0.45(-0.90 %),35120,1743000000,0,0,49.7,50.0,49.4
19/08/2019,21.96,49.95,0.35(0.71 %),36850,1841000000,0,0,49.6,50.5,49.6
16/08/2019,21.81,49.6,0.6(1.22 %),102290,5072000000,0,0,48.7,50.2,48.5
15/08/2019,21.55,49.0,-0.5(-1.01 %),38470,1874000000,0,0,49.0,49.0,48.1
14/08/2019,21.77,49.5,-1.4(-2.75 %),58040,2918000000,0,0,51.0,51.0,49.2
13/08/2019,22.38,50.9,-0.9(-1.74 %),122850,6231000000,0,0,51.8,51.8,49.5
12/08/2019,22.78,51.8,-0.2(-0.38 %),17220,883000000,0,0,52.0,52.0,50.8
09/08/2019,22.86,52.0,0.7(1.36 %),101830,5310000000,0,0,51.3,52.7,51.3
08/08/2019,22.56,51.3,0.2(0.39 %),89470,4630000000,0,0,51.1,52.5,50.0
07/08/2019,22.47,51.1,-0.3(-0.58 %),17090,874000000,0,0,50.5,51.9,50.8
06/08/2019,22.6,51.4,-0.2(-0.39 %),64650,3306000000,0,0,50.5,51.6,50.5
05/08/2019,22.69,51.6,1.6(3.20 %),157420,8018000000,0,0,49.8,51.9,49.7
02/08/2019,21.99,50.0,0.1(0.20 %),32030,1600000000,0,0,50.8,50.8,49.5
01/08/2019,21.94,49.9,1.9(3.96 %),113270,5547000000,0,0,48.0,50.0,48.0
31/07/2019,21.11,48.0,-7(-12.73 %),55100,2633000000,0,0,47.0,48.0,47.0
30/07/2019,21.03,55.0,0.1(0.18 %),25840,1435000000,0,0,56.3,56.3,54.2
29/07/2019,20.99,54.9,-0.1(-0.18 %),25430,1409000000,0,0,56.0,56.0,54.9
26/07/2019,21.03,55.0,-1.6(-2.83 %),30440,1698000000,0,0,56.4,56.8,55.0
25/07/2019,21.64,56.6,0.3(0.53 %),28560,1608000000,30000,1575000000,56.0,56.9,55.8
24/07/2019,21.53,56.3,0(0.00 %),26450,1493000000,50000,2625000000,57.0,57.0,55.9
23/07/2019,21.53,56.3,0.3(0.54 %),40870,2297000000,0,0,56.0,56.8,56.0
22/07/2019,21.41,56.0,1(1.82 %),87020,4889000000,50000,2575000000,55.9,56.9,55.0
19/07/2019,21.03,55.0,1.2(2.23 %),10860,596000000,50000,2525000000,53.8,55.7,53.8
18/07/2019,20.57,53.8,0.1(0.19 %),17230,926000000,0,0,53.4,56.0,53.3
17/07/2019,20.53,53.7,0(0.00 %),23850,1280000000,50000,2525000000,53.7,54.0,53.3
16/07/2019,20.53,53.7,-1.3(-2.36 %),27140,1468000000,0,0,54.5,55.5,53.7
15/07/2019,21.03,55.0,-0.7(-1.26 %),30740,1706000000,0,0,56.0,56.0,54.7
12/07/2019,21.3,55.7,-0.3(-0.54 %),14660,820000000,0,0,56.0,56.2,55.7
11/07/2019,21.41,56.0,-1(-1.75 %),79380,4494000000,0,0,57.0,58.0,56.0
10/07/2019,21.8,57.0,2.3(4.20 %),54040,2982000000,200000,10940000000,54.7,57.0,54.7
09/07/2019,20.92,54.7,-2.1(-3.70 %),40780,2259000000,0,0,56.8,56.8,54.2
08/07/2019,21.72,56.8,-1.5(-2.57 %),17130,980000000,0,0,59.9,59.9,56.8
05/07/2019,22.29,58.3,0(0.00 %),48610,2797000000,0,0,58.3,58.5,56.5
04/07/2019,22.29,58.3,-1.7(-2.83 %),43750,2595000000,0,0,60.0,60.1,58.1
03/07/2019,22.94,60.0,0(0.00 %),65420,3939000000,0,0,61.8,61.8,59.9
02/07/2019,22.94,60.0,0(0.00 %),45480,2730000000,0,0,60.0,60.9,59.9
01/07/2019,22.94,60.0,-4(-6.25 %),52810,3239000000,0,0,60.0,64.0,60.0
28/06/2019,24.47,64.0,4(6.67 %),141910,9034000000,0,0,64.0,64.0,58.8
27/06/2019,22.94,60.0,1.2(2.04 %),112390,6668000000,65000,3855800000,60.0,60.0,58.3
26/06/2019,22.48,58.8,1.4(2.44 %),163770,9494000000,192900,10810116000,57.4,59.0,56.9
25/06/2019,21.95,57.4,-0.5(-0.86 %),120460,6912000000,0,0,57.0,57.6,57.0
24/06/2019,22.14,57.9,-0.2(-0.34 %),103000,5974000000,22850,1325071500,58.2,59.7,57.5
21/06/2019,22.22,58.1,2.1(3.75 %),127020,7317000000,0,0,56.0,59.0,56.0
20/06/2019,21.41,56.0,2.8(5.26 %),139500,7532000000,0,0,53.2,56.9,53.1
19/06/2019,20.34,53.2,0(0.00 %),120860,6391000000,153380,8062788000,53.2,53.5,52.5
18/06/2019,20.34,53.2,0.2(0.38 %),45530,2397000000,0,0,52.1,53.2,52.0
17/06/2019,20.27,53.0,-0.3(-0.56 %),88490,4631000000,0,0,53.3,53.3,51.6
14/06/2019,20.38,53.3,-0.7(-1.30 %),45880,2469000000,170950,9060350000,53.5,54.4,53.1
13/06/2019,20.27,54.0,0(0.00 %),79960,4320000000,0,0,54.9,54.9,53.5
12/06/2019,20.27,54.0,1.7(3.25 %),565600,30809000000,28006,1512324000,52.3,55.3,52.3
11/06/2019,19.63,52.3,-0.2(-0.38 %),62110,3245000000,0,0,52.5,52.7,52.0
10/06/2019,19.7,52.5,2.4(4.79 %),79560,4074000000,550000,27500000000,50.1,52.9,49.6
07/06/2019,18.8,50.1,0.1(0.20 %),54330,2742000000,0,0,50.0,51.5,50.0
06/06/2019,18.76,50.0,0(0.00 %),6220,311000000,0,0,50.0,50.2,50.0
05/06/2019,18.76,50.0,0.4(0.81 %),61150,3047000000,300000,15000000000,49.0,50.3,49.0
04/06/2019,18.61,49.6,-0.4(-0.80 %),12320,612000000,0,0,50.0,50.0,49.5
03/06/2019,18.76,50.0,-0.7(-1.38 %),15240,764000000,0,0,50.1,50.5,49.4
31/05/2019,19.03,50.7,0.2(0.40 %),22090,1117000000,0,0,50.1,51.0,50.1
30/05/2019,18.95,50.5,0.5(1.00 %),55080,2770000000,53000,2650000000,50.0,50.5,49.6
29/05/2019,18.76,50.0,-0.3(-0.60 %),42960,2163000000,100000,5050000000,50.3,51.0,50.0
28/05/2019,18.88,50.3,-1.5(-2.90 %),78140,3982000000,0,0,51.8,51.8,50.3
27/05/2019,19.44,51.8,0.8(1.57 %),89890,4667000000,0,0,52.1,52.5,50.8
24/05/2019,19.14,51.0,-1.4(-2.67 %),14550,746000000,0,0,51.6,52.0,51.0
23/05/2019,19.67,52.4,1.8(3.56 %),41460,2130000000,250000,12725000000,50.5,52.4,50.5
22/05/2019,18.99,50.6,0.6(1.20 %),27130,1378000000,0,0,50.6,52.0,50.1
21/05/2019,18.76,50.0,0.5(1.01 %),15320,760000000,0,0,49.45,50.0,49.4
20/05/2019,18.58,49.5,0.2(0.41 %),7170,356000000,0,0,49.3,50.3,49.3
17/05/2019,18.5,49.3,-0.8(-1.60 %),4950,245000000,0,0,50.5,50.5,49.2
16/05/2019,18.8,50.1,0(0.00 %),8840,437000000,0,0,49.0,50.2,49.0
15/05/2019,18.8,50.1,-0.3(-0.60 %),5410,271000000,0,0,50.3,50.6,49.0
14/05/2019,18.92,50.4,0.9(1.82 %),5940,293000000,0,0,49.0,50.5,48.0
13/05/2019,18.58,49.5,0.9(1.85 %),17580,846000000,0,0,48.6,49.5,47.6
10/05/2019,18.24,48.6,-2.4(-4.71 %),33040,1622000000,0,0,51.0,51.0,48.6
09/05/2019,19.14,51.0,-0.5(-0.97 %),20860,1044000000,185000,9250000000,51.0,51.7,50.0
08/05/2019,19.33,51.5,-0.3(-0.58 %),4960,250000000,200000,10000000000,51.5,51.5,50.0
07/05/2019,19.44,51.8,-0.2(-0.38 %),6370,326000000,0,0,52.0,52.0,51.0
06/05/2019,19.52,52.0,-0.1(-0.19 %),7760,399000000,127000,6527800000,51.4,52.0,51.0
03/05/2019,19.55,52.1,0.1(0.19 %),3330,173000000,0,0,52.5,52.5,52.0
02/05/2019,19.52,52.0,0.8(1.56 %),920,48000000,0,0,52.0,52.9,52.0
26/04/2019,19.22,51.2,-1.5(-2.85 %),7540,398000000,0,0,53.8,53.8,51.2
25/04/2019,19.78,52.7,1.7(3.33 %),20780,1087000000,150000,7650000000,51.0,54.0,51.0
24/04/2019,19.14,51.0,-0.5(-0.97 %),6040,309000000,0,0,52.0,52.0,50.8
23/04/2019,19.33,51.5,0.5(0.98 %),30090,1509000000,0,0,50.5,51.5,49.8
22/04/2019,19.14,51.0,-1.9(-3.59 %),7560,388000000,160000,8320000000,52.1,52.1,50.1
19/04/2019,19.85,52.9,0.9(1.73 %),1230,65000000,0,0,53.5,53.5,52.3
18/04/2019,19.52,52.0,-0.6(-1.14 %),2920,152000000,0,0,53.9,53.9,52.0
17/04/2019,19.74,52.6,-0.8(-1.50 %),9180,490000000,0,0,54.0,54.5,52.6
16/04/2019,20.04,53.4,-1.5(-2.73 %),7390,390000000,0,0,54.9,54.9,52.1
12/04/2019,20.6,54.9,1.7(3.20 %),20020,1076000000,0,0,52.8,55.0,52.8
11/04/2019,19.97,53.2,1.2(2.31 %),37560,1968000000,0,0,52.8,53.2,51.6
10/04/2019,19.52,52.0,-1.8(-3.35 %),41390,2146000000,0,0,53.8,53.8,51.1
09/04/2019,20.19,53.8,0(0.00 %),24310,1305000000,200000,10800000000,55.0,55.0,53.0
08/04/2019,20.19,53.8,-0.9(-1.65 %),38890,2125000000,350000,19140000000,56.0,56.0,53.3
05/04/2019,20.53,54.7,0.7(1.30 %),24390,1323000000,0,0,53.1,55.0,53.1
04/04/2019,20.27,54.0,-2(-3.57 %),75280,4136000000,0,0,57.0,57.3,54.0
03/04/2019,21.02,56.0,3.4(6.46 %),142840,7994000000,0,0,54.6,56.2,54.4
02/04/2019,19.74,52.6,3.4(6.91 %),54610,2788000000,0,0,49.2,52.6,49.2
01/04/2019,18.46,49.2,-0.5(-1.01 %),67500,3353000000,0,0,49.75,50.0,49.0
29/03/2019,18.65,49.7,1.7(3.54 %),66940,3254000000,0,0,48.0,49.8,48.0
28/03/2019,18.01,48.0,0.1(0.21 %),13090,628000000,0,0,48.1,48.1,48.0
27/03/2019,17.98,47.9,-1(-2.04 %),31960,1537000000,0,0,48.9,48.9,47.85
26/03/2019,18.35,48.9,0.9(1.88 %),35570,1710000000,0,0,47.0,48.9,47.0
25/03/2019,18.01,48.0,-3(-5.88 %),16020,783000000,0,0,51.0,51.0,48.0
22/03/2019,19.14,51.0,-0.2(-0.39 %),20370,1038000000,0,0,51.9,51.9,50.1
21/03/2019,19.22,51.2,-1.8(-3.40 %),15770,813000000,0,0,52.0,53.0,51.2
20/03/2019,19.89,53.0,-1.5(-2.75 %),25750,1367000000,0,0,54.0,56.0,52.9
19/03/2019,20.45,54.5,-0.5(-0.91 %),15450,844000000,0,0,55.0,55.3,53.8
18/03/2019,20.64,55.0,-0.5(-0.90 %),11530,638000000,50000,2775000000,55.7,55.7,55.0
15/03/2019,20.83,55.5,-1.5(-2.63 %),20760,1173000000,0,0,56.6,57.0,55.5
14/03/2019,21.39,57.0,-1(-1.72 %),13680,777000000,0,0,56.1,57.9,56.1
13/03/2019,21.77,58.0,0.1(0.17 %),6220,365000000,0,0,58.5,59.3,57.7
12/03/2019,21.73,57.9,0.4(0.70 %),25290,1466000000,0,0,58.0,58.1,57.4
11/03/2019,21.58,57.5,-0.5(-0.86 %),1920,111000000,0,0,58.0,58.1,57.5
08/03/2019,21.77,58.0,-1(-1.69 %),7960,473000000,0,0,59.9,60.0,58.0
07/03/2019,22.14,59.0,-0.8(-1.34 %),2740,161000000,0,0,58.6,59.0,58.6
06/03/2019,22.44,59.8,0(0.00 %),15960,962000000,50000,2990000000,61.5,61.5,59.8
05/03/2019,22.44,59.8,-0.3(-0.50 %),7810,464000000,0,0,58.6,60.1,58.5
04/03/2019,22.56,60.1,-1.4(-2.28 %),10700,643000000,0,0,60.0,60.9,58.0
01/03/2019,23.08,61.5,0(0.00 %),720,44000000,0,0,61.5,61.5,61.5
28/02/2019,23.08,61.5,-1.3(-2.07 %),24620,1541000000,50000,3100000000,63.8,63.8,61.0
27/02/2019,23.57,62.8,1.4(2.28 %),1200,74000000,110000,6820000000,61.7,62.8,61.7
26/02/2019,23.04,61.4,1(1.66 %),8100,493000000,0,0,60.8,61.4,60.8
25/02/2019,22.67,60.4,0.3(0.50 %),20000,1208000000,0,0,60.2,60.9,60.2
22/02/2019,22.56,60.1,0(0.00 %),18280,1108000000,0,0,60.1,61.7,60.1
21/02/2019,22.56,60.1,-2.4(-3.84 %),6670,412000000,0,0,62.0,62.5,60.1
20/02/2019,23.46,62.5,-0.3(-0.48 %),5910,375000000,0,0,63.5,63.5,62.5
19/02/2019,23.57,62.8,-1.2(-1.88 %),10640,670000000,0,0,64.0,64.0,62.8
18/02/2019,24.02,64.0,0(0.00 %),1330,85000000,0,0,64.4,64.7,64.0
15/02/2019,24.02,64.0,-1.5(-2.29 %),13240,853000000,0,0,65.0,65.1,63.4
14/02/2019,24.58,65.5,-0.3(-0.46 %),11390,743000000,0,0,65.0,65.9,65.0
13/02/2019,24.69,65.8,0(0.00 %),12690,834000000,132000,8702880000,65.8,65.8,65.5
12/02/2019,24.69,65.8,-0.2(-0.30 %),12010,749000000,0,0,62.1,66.1,62.1
11/02/2019,24.77,66.0,-0.1(-0.15 %),1500,99000000,0,0,66.1,66.9,66.0
01/02/2019,24.81,66.1,-2.3(-3.36 %),4060,271000000,0,0,64.3,68.1,64.3
31/01/2019,25.67,68.4,-0.1(-0.15 %),370,25000000,0,0,69.9,69.9,68.4
30/01/2019,25.71,68.5,-0.4(-0.58 %),930,64000000,0,0,68.9,71.0,68.5
29/01/2019,25.86,68.9,-0.1(-0.14 %),3580,236000000,0,0,68.5,69.0,64.2
28/01/2019,25.9,69.0,0(0.00 %),1320,91000000,42620,3111260000,68.8,69.5,68.5
25/01/2019,25.9,69.0,0(0.00 %),570,39000000,0,0,68.7,69.0,68.7
24/01/2019,25.9,69.0,0(0.00 %),1000,69000000,0,0,68.6,71.4,68.6
23/01/2019,25.9,69.0,0(0.00 %),3780,265000000,0,0,69.0,72.0,68.0
22/01/2019,25.9,69.0,-0.3(-0.43 %),100,7000000,0,0,69.0,69.0,67.7
21/01/2019,26.01,69.3,0.3(0.43 %),2680,184000000,0,0,71.9,71.9,66.0
18/01/2019,25.9,69.0,-1(-1.43 %),2040,141000000,20000,1420000000,69.0,72.0,69.0
17/01/2019,26.27,70.0,0.1(0.14 %),30,2000000,0,0,66.0,70.0,66.0
16/01/2019,26.23,69.9,-1(-1.41 %),4060,284000000,108800,7713920000,70.9,72.9,69.3
15/01/2019,26.61,70.9,0(0.00 %),1080,76000000,50000,3545000000,67.1,70.9,67.1
14/01/2019,26.61,70.9,0.9(1.29 %),1540,109000000,0,0,73.3,73.3,70.1
11/01/2019,26.27,70.0,-0.3(-0.43 %),30,2000000,0,0,66.0,72.0,66.0
10/01/2019,26.38,70.3,0(0.00 %),1320,93000000,0,0,70.9,70.9,70.0
09/01/2019,26.38,70.3,-1.4(-1.95 %),64920,4869000000,59320,4449000000,75.0,75.0,70.3
08/01/2019,26.91,71.7,1.7(2.43 %),2430,170000000,0,0,70.0,72.5,69.1
07/01/2019,26.27,70.0,-1(-1.41 %),8280,571000000,0,0,69.0,70.0,69.0
04/01/2019,26.65,71.0,0.3(0.42 %),2590,180000000,0,0,69.4,73.9,69.0
03/01/2019,26.53,70.7,-0.9(-1.26 %),3810,271000000,0,0,74.0,74.0,70.7
02/01/2019,26.87,71.6,-0.3(-0.42 %),590,43000000,0,0,71.6,75.0,68.0
28/12/2018,26.98,71.9,-3.6(-4.77 %),38810,2907000000,20230,1497020000,75.5,75.5,71.9
27/12/2018,28.34,75.5,1.5(2.03 %),131750,9872000000,0,0,74.5,75.5,74.0
26/12/2018,27.77,74.0,0.3(0.41 %),56310,4161000000,0,0,73.9,74.0,71.6
25/12/2018,27.66,73.7,-0.3(-0.41 %),55860,4109000000,0,0,74.0,74.0,71.0
24/12/2018,27.77,74.0,0.2(0.27 %),35760,2645000000,0,0,73.8,74.0,73.0
21/12/2018,27.7,73.8,-0.2(-0.27 %),14310,1056000000,0,0,74.0,74.0,73.6
20/12/2018,27.77,74.0,-0.5(-0.67 %),92690,6739000000,0,0,69.3,74.0,69.3
19/12/2018,27.96,74.5,-0.4(-0.53 %),34790,2578000000,0,0,72.0,74.5,72.0
18/12/2018,28.11,74.9,-0.1(-0.13 %),24190,1798000000,0,0,75.0,75.0,71.6
17/12/2018,28.15,75.0,0(0.00 %),23970,1755000000,0,0,75.0,75.0,72.0
14/12/2018,28.15,75.0,0(0.00 %),15090,1131000000,0,0,74.7,75.0,74.0
13/12/2018,28.15,75.0,0(0.00 %),26270,1970000000,0,0,75.0,75.0,75.0
12/12/2018,28.15,75.0,0(0.00 %),62170,4658000000,0,0,74.9,75.0,74.8
11/12/2018,28.15,75.0,-0.4(-0.53 %),14890,1083000000,0,0,70.5,75.0,70.5
10/12/2018,28.3,75.4,-0.1(-0.13 %),130,10000000,0,0,75.5,75.5,70.3
07/12/2018,28.34,75.5,0.1(0.13 %),22400,1683000000,0,0,75.0,75.5,75.0
06/12/2018,28.3,75.4,0.4(0.53 %),15320,1150000000,0,0,74.0,75.4,74.0
05/12/2018,28.15,75.0,-0.5(-0.66 %),39510,2971000000,0,0,74.0,75.5,74.0
04/12/2018,28.34,75.5,0(0.00 %),25450,1908000000,0,0,75.0,75.5,74.0
03/12/2018,28.34,75.5,2.5(3.42 %),36380,2739000000,0,0,76.0,76.0,73.0
30/11/2018,27.4,73.0,0.5(0.69 %),86220,6262000000,0,0,73.0,73.0,71.0
29/11/2018,27.21,72.5,0.4(0.55 %),18120,1311000000,0,0,72.9,72.9,72.1
28/11/2018,27.06,72.1,2.1(3.00 %),55370,3956000000,0,0,71.8,72.1,69.0
27/11/2018,26.27,70.0,0(0.00 %),17890,1251000000,0,0,69.5,70.0,68.9
26/11/2018,26.27,70.0,1.2(1.74 %),6050,418000000,0,0,70.0,70.0,68.8
23/11/2018,25.82,68.8,-1.7(-2.41 %),10,1000000,0,0,68.8,68.8,68.8
22/11/2018,26.46,70.5,0.5(0.71 %),10340,730000000,0,0,70.0,71.0,67.9
21/11/2018,26.27,70.0,0(0.00 %),30,2000000,0,0,70.0,70.0,70.0
20/11/2018,26.27,70.0,-1(-1.41 %),9690,677000000,0,0,69.9,70.0,69.2
19/11/2018,26.65,71.0,-1(-1.39 %),18530,1298000000,0,0,70.0,71.0,70.0
16/11/2018,27.02,72.0,2.2(3.15 %),1000,72000000,0,0,71.4,72.0,71.4
15/11/2018,26.2,69.8,1.6(2.35 %),20250,1361000000,0,0,67.1,69.9,67.1
14/11/2018,25.6,68.2,-2.8(-3.94 %),18230,1295000000,0,0,72.1,72.1,68.2
13/11/2018,26.65,71.0,-0.4(-0.56 %),19010,1331000000,0,0,70.0,71.0,70.0
12/11/2018,26.8,71.4,0.4(0.56 %),8770,621000000,0,0,71.8,71.8,69.0
09/11/2018,26.65,71.0,-1.5(-2.07 %),4830,340000000,0,0,71.0,72.4,68.2
08/11/2018,27.21,72.5,1.4(1.97 %),3790,271000000,196000,14700000000,71.0,72.8,71.0
07/11/2018,26.68,71.1,-0.6(-0.84 %),30990,2201000000,0,0,71.8,71.8,71.0
06/11/2018,26.91,71.7,0.7(0.99 %),11200,797000000,0,0,71.0,72.0,71.0
05/11/2018,26.65,71.0,0(0.00 %),730,52000000,0,0,71.0,71.0,71.0
02/11/2018,26.65,71.0,-2.6(-3.53 %),1970,139000000,0,0,73.2,73.2,70.1
01/11/2018,27.62,73.6,0.9(1.24 %),2950,213000000,0,0,70.6,73.6,70.6
31/10/2018,27.28,72.7,4.7(6.91 %),33170,2317000000,0,0,65.8,72.7,65.8
30/10/2018,25.52,68.0,-2.3(-3.27 %),30850,2120000000,0,0,69.6,71.9,65.5
29/10/2018,26.38,70.3,-2.6(-3.57 %),11590,824000000,0,0,73.0,73.0,69.1
26/10/2018,27.36,72.9,-0.1(-0.14 %),130,9000000,0,0,73.0,73.0,72.9
25/10/2018,27.4,73.0,-1(-1.35 %),1360,97000000,0,0,71.6,73.0,71.0
24/10/2018,27.77,74.0,0(0.00 %),6900,511000000,0,0,74.0,74.0,74.0
23/10/2018,27.77,74.0,0(0.00 %),1910,141000000,0,0,74.0,74.8,70.8
22/10/2018,27.77,74.0,1(1.37 %),20620,1526000000,0,0,73.0,74.8,73.0
19/10/2018,27.4,73.0,0.5(0.69 %),4710,343000000,0,0,72.5,73.0,72.5
18/10/2018,27.21,72.5,-0.8(-1.09 %),1700,123000000,0,0,72.5,72.5,72.5
17/10/2018,27.51,73.3,-0.2(-0.27 %),31600,2327000000,0,0,73.3,76.0,73.0
16/10/2018,27.58,73.5,1.8(2.51 %),16370,1192000000,0,0,71.8,73.7,71.5
15/10/2018,26.91,71.7,-2.3(-3.11 %),2940,212000000,0,0,72.0,72.2,71.7
12/10/2018,27.77,74.0,1(1.37 %),2920,212000000,0,0,71.0,74.0,71.0
11/10/2018,27.4,73.0,-2.6(-3.44 %),11320,810000000,0,0,73.0,75.9,71.1
10/10/2018,28.37,75.6,0.6(0.80 %),9980,746000000,0,0,75.8,75.8,70.7
09/10/2018,28.15,75.0,0.9(1.21 %),6540,486000000,0,0,74.0,75.0,74.0
08/10/2018,27.81,74.1,0.1(0.14 %),630,47000000,0,0,76.2,76.2,74.1
05/10/2018,27.77,74.0,-2(-2.63 %),7160,532000000,0,0,76.0,76.0,74.0
04/10/2018,28.52,76.0,0.5(0.66 %),19150,1461000000,0,0,75.0,77.9,75.0
03/10/2018,28.34,75.5,-0.4(-0.53 %),32660,2449000000,0,0,75.0,75.5,74.5
02/10/2018,28.49,75.9,-0.1(-0.13 %),5920,447000000,0,0,76.0,76.0,74.5
01/10/2018,28.52,76.0,-0.1(-0.13 %),7800,592000000,0,0,77.9,77.9,75.0
28/09/2018,28.56,76.1,1.6(2.15 %),39560,3003000000,0,0,75.0,76.3,75.0
27/09/2018,27.96,74.5,-0.5(-0.67 %),1740,130000000,0,0,75.9,75.9,74.5
26/09/2018,28.15,75.0,-0.9(-1.19 %),430,33000000,0,0,75.9,75.9,75.0
25/09/2018,28.49,75.9,0.9(1.20 %),5320,405000000,196000,13720000000,75.9,76.1,74.9
24/09/2018,28.15,75.0,0(0.00 %),13710,1028000000,0,0,75.0,75.1,75.0
21/09/2018,28.15,75.0,0.4(0.54 %),22400,1677000000,0,0,74.9,75.4,74.6
20/09/2018,28.0,74.6,0.1(0.13 %),4770,357000000,0,0,74.4,75.0,74.4
19/09/2018,27.96,74.5,-0.1(-0.13 %),9430,701000000,0,0,72.1,75.5,72.1
18/09/2018,28.0,74.6,-0.4(-0.53 %),14040,1051000000,0,0,75.0,75.0,73.1
17/09/2018,28.15,75.0,0(0.00 %),10,1000000,0,0,75.0,75.0,75.0
14/09/2018,28.15,75.0,0(0.00 %),5580,419000000,0,0,75.5,75.5,75.0
13/09/2018,28.15,75.0,1(1.35 %),19000,1427000000,0,0,75.0,75.5,74.5
12/09/2018,27.77,74.0,-1(-1.33 %),320,24000000,0,0,73.1,74.0,73.1
11/09/2018,28.15,75.0,1(1.35 %),27520,2049000000,0,0,74.0,75.0,74.0
10/09/2018,27.77,74.0,-1.9(-2.50 %),4200,310000000,0,0,75.0,75.0,73.0
07/09/2018,28.49,75.9,-0.1(-0.13 %),15540,1179000000,0,0,76.0,76.0,74.5
06/09/2018,28.52,76.0,-0.4(-0.52 %),21550,1632000000,0,0,76.0,76.0,75.0
05/09/2018,28.67,76.4,0(0.00 %),9090,694000000,0,0,76.4,76.4,75.1
04/09/2018,28.67,76.4,0(0.00 %),5360,405000000,0,0,76.0,76.4,75.0
31/08/2018,28.67,76.4,0.4(0.53 %),8680,660000000,0,0,76.0,76.4,74.5
30/08/2018,28.52,76.0,0.1(0.13 %),47390,3542000000,0,0,75.9,76.0,74.0
29/08/2018,28.49,75.9,0.9(1.20 %),23490,1787000000,0,0,80.0,80.0,74.7
28/08/2018,28.15,75.0,0.3(0.40 %),24020,1797000000,0,0,74.7,75.0,74.0
27/08/2018,28.03,74.7,0.7(0.95 %),21140,1581000000,0,0,75.0,75.0,74.6
24/08/2018,27.77,74.0,-3(-3.90 %),4430,328000000,50000,3900000000,74.0,76.5,74.0
23/08/2018,28.9,77.0,0(0.00 %),27060,2011000000,0,0,77.0,77.0,73.0
22/08/2018,28.9,77.0,1(1.32 %),17480,1326000000,0,0,74.0,77.0,72.0
21/08/2018,28.52,76.0,2.4(3.26 %),28170,2086000000,100000,7600000000,73.6,76.0,71.0
20/08/2018,27.62,73.6,-0.4(-0.54 %),260,19000000,200000,15200000000,71.2,73.6,71.2
17/08/2018,27.77,74.0,0(0.00 %),9180,667000000,50000,3800000000,70.2,74.0,70.2
16/08/2018,27.77,74.0,0(0.00 %),6470,485000000,0,0,75.0,76.0,73.1
15/08/2018,27.77,74.0,1.9(2.64 %),18660,1396000000,0,0,76.9,76.9,73.0
14/08/2018,27.06,72.1,0(0.00 %),4290,309000000,0,0,72.0,72.2,72.0
13/08/2018,27.06,72.1,0.1(0.14 %),8960,647000000,0,0,72.0,72.4,72.0
10/08/2018,27.02,72.0,0(0.00 %),860,61000000,0,0,71.0,72.0,71.0
09/08/2018,27.02,72.0,0(0.00 %),15530,1117000000,0,0,71.6,72.0,71.6
08/08/2018,27.02,72.0,1(1.41 %),7530,531000000,0,0,68.0,72.0,68.0
07/08/2018,26.65,71.0,0(0.00 %),23730,1654000000,195000,14235000000,69.0,73.8,68.0
06/08/2018,26.65,71.0,0.2(0.28 %),37050,2548000000,0,0,70.3,71.0,66.1
03/08/2018,26.57,70.8,-1.2(-1.67 %),5000,357000000,0,0,72.9,72.9,70.8
02/08/2018,27.02,72.0,-1(-1.37 %),1420,103000000,0,0,74.0,74.0,72.0
01/08/2018,27.4,73.0,-1.8(-2.41 %),2430,176000000,0,0,73.0,74.8,72.0
31/07/2018,28.07,74.8,-0.2(-0.27 %),15950,1146000000,0,0,70.1,75.0,70.1
30/07/2018,28.15,75.0,1.1(1.49 %),25240,1887000000,100000,7560000000,73.9,78.0,73.9
27/07/2018,27.73,73.9,-0.1(-0.14 %),25420,1831000000,0,0,70.0,78.0,70.0
26/07/2018,27.77,74.0,0.5(0.68 %),9830,719000000,0,0,74.0,74.0,73.0
25/07/2018,27.58,73.5,0(0.00 %),5600,412000000,484980,36088520000,73.5,74.0,73.5
24/07/2018,27.58,73.5,-0.5(-0.68 %),4080,299000000,0,0,72.8,73.5,72.8
23/07/2018,27.77,74.0,0(0.00 %),14610,1087000000,350000,25940000000,74.0,75.0,74.0
20/07/2018,27.77,74.0,2(2.78 %),10370,767000000,0,0,72.5,74.0,72.5
19/07/2018,27.02,72.0,-5(-6.49 %),23540,1766000000,226900,16790600000,77.0,78.8,72.0
18/07/2018,28.9,77.0,2(2.67 %),7960,588000000,0,0,70.1,77.0,70.1
17/07/2018,28.15,75.0,-3(-3.85 %),750,56000000,0,0,75.0,75.0,75.0
16/07/2018,29.27,78.0,0(0.00 %),940,73000000,0,0,78.1,78.1,75.0
13/07/2018,29.27,78.0,5(6.85 %),13610,1026000000,515730,37748290000,74.0,78.0,73.0
12/07/2018,27.4,73.0,0(0.00 %),21480,1568000000,25960,1843160000,73.0,73.8,72.0
11/07/2018,27.4,73.0,2(2.82 %),44430,3180000000,649010,46079710000,71.5,73.0,71.0
10/07/2018,26.65,71.0,2(2.90 %),62420,4432000000,100000,7000000000,71.0,71.0,70.8
09/07/2018,25.9,69.0,-3(-4.17 %),1500,104000000,0,0,67.1,73.0,67.1
06/07/2018,27.02,72.0,-2(-2.70 %),7600,544000000,0,0,72.0,72.0,70.0
05/07/2018,27.77,74.0,-4(-5.13 %),680,51000000,0,0,75.0,77.0,74.0
04/07/2018,29.27,78.0,0(0.00 %),23410,1808000000,100000,7700000000,72.6,78.0,72.6
03/07/2018,29.27,78.0,0(0.00 %),16480,1286000000,0,0,80.0,80.0,77.5
02/07/2018,29.27,78.0,-3(-3.70 %),10350,812000000,0,0,81.5,81.5,76.0
29/06/2018,30.4,81.0,0.5(0.62 %),54370,4378000000,0,0,80.5,83.0,79.5
28/06/2018,30.21,80.5,0(0.00 %),109760,8894000000,0,0,80.5,83.0,80.0
27/06/2018,30.21,80.5,1.5(1.90 %),88550,7118000000,222900,18054900000,78.0,81.0,78.0
26/06/2018,29.65,79.0,-0.2(-0.25 %),27380,2102000000,0,0,79.9,79.9,75.0
25/06/2018,29.72,79.2,0.2(0.25 %),51350,4064000000,0,0,78.0,80.8,77.5
22/06/2018,29.65,79.0,-1(-1.25 %),20150,1606000000,0,0,74.5,81.0,74.5
21/06/2018,30.02,80.0,-2.5(-3.03 %),65370,5302000000,0,0,83.5,83.5,79.9
20/06/2018,30.96,82.5,1.4(1.73 %),44480,3537000000,0,0,75.5,82.5,75.5
19/06/2018,30.44,81.1,-6(-6.89 %),59070,4798000000,0,0,86.0,86.0,81.1
18/06/2018,32.69,87.1,0(0.00 %),10520,889000000,0,0,86.8,87.1,82.1
15/06/2018,32.69,87.1,0.1(0.11 %),1690,148000000,50000,4500000000,89.0,89.0,87.1
14/06/2018,32.65,87.0,-3(-3.33 %),18400,1622000000,0,0,91.0,91.0,87.0
13/06/2018,33.78,90.0,1(1.12 %),92830,8342000000,107500,9696500000,88.5,90.7,88.5
12/06/2018,33.4,89.0,-1(-1.11 %),31120,2768000000,0,0,90.1,90.1,88.0
11/06/2018,33.78,90.0,0.1(0.11 %),43460,3910000000,70000,6335000000,90.0,90.0,89.8
08/06/2018,33.74,89.9,-0.1(-0.11 %),31310,2811000000,0,0,90.0,90.0,89.0
07/06/2018,33.78,90.0,0.7(0.78 %),120650,10866000000,0,0,90.0,91.0,89.3
06/06/2018,33.51,89.3,0.2(0.22 %),14560,1297000000,0,0,89.1,89.3,89.0
05/06/2018,33.44,89.1,0.1(0.11 %),41780,3743000000,69370,6243300000,89.0,90.0,89.0
04/06/2018,33.4,89.0,-1.3(-1.44 %),36140,3228000000,0,0,90.3,90.3,88.5
01/06/2018,33.89,90.3,-0.1(-0.11 %),37140,3345000000,0,0,90.4,90.4,89.5
31/05/2018,33.93,90.4,3.4(3.91 %),30530,2692000000,0,0,87.0,90.5,87.0
30/05/2018,32.65,87.0,-4(-4.40 %),89010,7833000000,0,0,91.0,91.0,87.0
29/05/2018,34.15,91.0,-0.3(-0.33 %),48230,4284000000,0,0,92.0,92.0,87.0
28/05/2018,34.26,91.3,-2.3(-2.46 %),31840,2912000000,0,0,93.6,93.6,90.5
25/05/2018,35.13,93.6,0(0.00 %),185010,17385000000,0,0,93.6,94.1,93.6
24/05/2018,35.13,93.6,1.25(1.35 %),186210,17600000000,0,0,98.8,98.8,93.0
23/05/2018,34.66,157.0,0.9(0.58 %),148490,23355000000,30000,4726500000,154.5,160.0,154.5
22/05/2018,34.46,156.1,0(0.00 %),188830,30099000000,0,0,160.0,163.0,156.1
21/05/2018,34.46,156.1,-3.4(-2.13 %),58530,9228000000,0,0,159.9,159.9,156.0
18/05/2018,35.21,159.5,0(0.00 %),35230,5619000000,0,0,159.5,160.0,158.2
17/05/2018,35.21,159.5,2.5(1.59 %),40650,6478000000,0,0,160.0,160.0,158.0
16/05/2018,34.66,157.0,0(0.00 %),113000,18062000000,0,0,160.0,160.0,157.0
15/05/2018,34.66,157.0,6.5(4.32 %),82190,12841000000,200000,31600000000,155.0,159.9,151.0
14/05/2018,33.22,150.5,-2.6(-1.70 %),40720,6263000000,0,0,153.1,159.5,150.5
11/05/2018,33.8,153.1,-1.7(-1.10 %),23700,3695000000,0,0,156.0,156.5,153.1
10/05/2018,34.17,154.8,2.4(1.57 %),89910,13861000000,0,0,154.0,154.8,152.5
09/05/2018,33.64,152.4,2.4(1.60 %),96890,14749000000,0,0,150.0,153.5,149.0
08/05/2018,33.11,150.0,-2(-1.32 %),59090,8941000000,0,0,155.0,155.0,149.0
07/05/2018,33.55,152.0,3(2.01 %),67180,9917000000,0,0,154.8,154.8,140.2
04/05/2018,32.89,149.0,-8(-5.10 %),57020,8541000000,0,0,147.0,154.0,147.0
03/05/2018,34.66,157.0,-11(-6.55 %),261780,40951000000,0,0,156.3,167.5,156.3
02/05/2018,37.09,168.0,7.5(4.67 %),657340,109973000000,250000,42500000000,168.0,168.0,166.5
27/04/2018,35.43,160.5,10.5(7.00 %),2520730,401315000000,800000,128400000000,160.5,160.5,153.5
26/04/2018,33.11,150.0,25(20.00 %),948210,142227000000,0,0,150.0,150.0,140.0
