Ngay,KLGDRong,GTDGRong,ThayDoi,KLMua,GtMua,KLBan,GtBan,RoomConLai,DangSoHuu
06/12/2016,0,0,0(0.00 %),0,0,0,0,254002692,9.39
07/12/2016,0,0,0(0.00 %),0,0,0,0,254002692,9.39
08/12/2016,0,0,0(0.00 %),0,0,0,0,254002692,9.39
09/12/2016,-584860,-87727460000,0(0.00 %),2301540,345232540000,2886400,432960000000,254001152,9.39
12/12/2016,25280,4368380000,0(0.00 %),26280,4541180000,1000,172800000,253974872,9.4
13/12/2016,51960,9602210000,0(0.00 %),51960,9602210000,0,0,253922912,9.4
14/12/2016,247240,47493350000,0(0.00 %),247240,47493350000,0,0,254262072,9.35
15/12/2016,141390,29891880000,211.5(6.98 %),141390,29891880000,0,0,254121682,9.37
16/12/2016,175480,39505870000,225(6.38 %),250860,56538110000,75380,17032240000,253688682,9.44
19/12/2016,84730,18597940000,212(-5.78 %),84730,18597940000,0,0,253786092,9.43
20/12/2016,159380,32565050000,197.2(-6.98 %),266380,53763050000,107000,21198000000,253619712,9.45
21/12/2016,135830,26055210000,200.8(1.83 %),144910,27765530000,9080,1710320000,253550182,9.46
22/12/2016,26070,5424030000,203(1.10 %),26070,5424030000,0,0,253524112,9.47
23/12/2016,19010,3792210000,200(-1.48 %),24420,4860160000,5410,1067950000,253506692,9.47
26/12/2016,115110,22623070000,197(0.00 %),165310,32661870000,50200,10038800000,253382752,9.49
27/12/2016,20630,4043670000,198(0.51 %),20630,4043670000,0,0,253382752,9.49
28/12/2016,2500,497150000,198.9(0.45 %),2500,497150000,0,0,253382742,9.49
29/12/2016,67320,13257070000,197(-0.96 %),67330,13259040000,10,1970000,253315612,9.5
30/12/2016,63620,12476940000,197.7(0.36 %),63620,12476940000,0,0,253251992,9.51
03/01/2017,13950,2748290000,197(-0.35 %),14000,2758150000,50,9860000,253237992,9.51
04/01/2017,34090,6714340000,197(0.00 %),35090,6912340000,1000,198000000,253202912,9.52
05/01/2017,2330,459620000,197.1(0.05 %),2330,459620000,0,0,253200582,9.52
06/01/2017,539520,108056430000,206(4.52 %),541520,108456430000,2000,400000000,252659112,9.6
09/01/2017,1500,308570000,205(-0.49 %),1500,308570000,0,0,252658612,9.6
10/01/2017,5520,1126070000,204.5(-0.24 %),5520,1126070000,0,0,252653092,9.6
11/01/2017,85940,17813360000,210(2.69 %),85940,17813360000,0,0,252569152,9.61
12/01/2017,10760,2270800000,210.6(0.29 %),11160,2354940000,400,84140000,252557992,9.62
13/01/2017,18300,3875450000,211.8(0.57 %),18820,3985490000,520,110040000,252539172,9.62
16/01/2017,16380,3427880000,209(-1.32 %),16480,3448980000,100,21100000,252522692,9.62
17/01/2017,96760,20859140000,216.5(3.59 %),96760,20859140000,0,0,252426332,9.64
18/01/2017,56470,12513900000,223.8(3.37 %),56470,12513900000,0,0,252370382,9.65
19/01/2017,7540,1683190000,223.8(0.00 %),7540,1683190000,0,0,252362942,9.65
20/01/2017,30860,6926560000,223.8(0.00 %),31460,7060360000,600,133800000,252331482,9.65
23/01/2017,16500,3663320000,222(-0.80 %),16500,3663320000,0,0,252314982,9.65
24/01/2017,76360,16885600000,222(0.00 %),77360,17107670000,1000,222070000,252237622,9.67
25/01/2017,8400,1856100000,223.8(0.81 %),8400,1856100000,0,0,252229822,9.67
02/02/2017,8160,1800220000,219(-2.14 %),8960,1978950000,800,178730000,252220862,9.67
03/02/2017,26920,5841930000,217(-0.91 %),27020,5863740000,100,21810000,252194842,9.67
06/02/2017,4340,936870000,215(-0.92 %),5340,1151870000,1000,215000000,252189502,9.67
07/02/2017,10,1040000,216(0.47 %),1001010,215217540000,1001000,215216500000,252189292,9.67
08/02/2017,10620,2286210000,215.3(-0.32 %),12620,2718210000,2000,432000000,252176772,9.68
09/02/2017,42860,9010020000,211(-2.00 %),45860,9643400000,3000,633380000,252131912,9.68
10/02/2017,14310,3049430000,213.2(1.04 %),264310,56229430000,250000,53180000000,252118602,9.69
13/02/2017,5790,1238820000,213.4(0.09 %),5790,1238820000,0,0,252114812,9.69
14/02/2017,49740,10653670000,216(1.22 %),49850,10677490000,110,23820000,252067962,9.69
15/02/2017,29230,6232220000,213.9(-0.97 %),31000,6612140000,1770,379920000,252036962,9.7
16/02/2017,18760,4040220000,215.4(0.70 %),18780,4044540000,20,4320000,252018182,9.7
17/02/2017,4340,931610000,214.7(-0.32 %),7640,1639760000,3300,708150000,252010652,9.7
20/02/2017,71610,15414530000,218(1.54 %),73610,15842880000,2000,428350000,251938812,9.71
21/02/2017,18330,4021780000,219.6(0.73 %),24430,5360410000,6100,1338630000,251914402,9.72
22/02/2017,45200,10057160000,224.3(2.14 %),123480,27443070000,78280,17385910000,251870092,9.72
23/02/2017,51350,11596450000,227(1.20 %),51350,11596450000,0,0,251820742,9.73
24/02/2017,33240,7564520000,227(0.00 %),33240,7564520000,0,0,251793602,9.74
27/02/2017,26730,6033980000,225.1(-0.84 %),26730,6033980000,0,0,251685162,9.75
28/02/2017,32500,7332040000,225.1(0.00 %),32500,7332040000,0,0,251736782,9.74
01/03/2017,36620,8257230000,225.9(0.36 %),113720,25612440000,77100,17355210000,251685162,9.75
02/03/2017,1120,250100000,224.9(-0.44 %),1170,261450000,50,11350000,251683992,9.75
03/03/2017,-4140,-927370000,225.4(0.22 %),10,2230000,4150,929600000,251683982,9.75
06/03/2017,24770,5561920000,224.5(-0.40 %),24950,5602420000,180,40500000,251674032,9.75
07/03/2017,20430,4593010000,222.6(-0.85 %),22210,4993330000,1780,400320000,251651872,9.76
08/03/2017,2150,472320000,218.9(-1.66 %),2150,472320000,0,0,251653872,9.76
09/03/2017,-470,-105410000,216(-1.32 %),1030,218440000,1500,323850000,251653022,9.76
10/03/2017,50,10700000,211(-2.31 %),50,10700000,0,0,251654752,9.76
13/03/2017,1480,308530000,207(-1.90 %),1680,349830000,200,41300000,251653072,9.76
14/03/2017,29400,6252540000,214(3.38 %),29900,6355040000,500,102500000,251624672,9.76
15/03/2017,1460,309600000,211.6(-1.12 %),1460,309600000,0,0,251623212,9.76
16/03/2017,2010,427920000,212.9(0.61 %),2010,427920000,0,0,251621402,9.76
17/03/2017,-2550,-529070000,208(-2.30 %),750,157330000,3300,686400000,251621402,9.76
20/03/2017,1730,360380000,209(0.48 %),1730,360380000,0,0,251621402,9.76
21/03/2017,10,5460000,205.2(-1.82 %),4640,955410000,4630,949950000,251621402,9.76
22/03/2017,8360,1703990000,203(-1.07 %),18830,3850460000,10470,2146470000,251621402,9.76
23/03/2017,-5990,-1207200000,202(-0.49 %),6100,1233380000,12090,2440580000,251621402,9.76
24/03/2017,-9760,-1950750000,200(-0.99 %),17440,3497210000,27200,5447960000,251621402,9.76
27/03/2017,-11770,-2351230000,200(0.00 %),90,17980000,11860,2369210000,251621402,9.76
28/03/2017,-9720,-1946760000,199(-0.50 %),210210,41638500000,219930,43585260000,251621402,9.76
29/03/2017,3410,661360000,200(0.50 %),17410,3479930000,14000,2818570000,251621402,9.76
30/03/2017,3990,801810000,202(1.00 %),43240,8729900000,39250,7928090000,251621402,9.76
31/03/2017,3580,718820000,200(-0.99 %),4650,934960000,1070,216140000,251621402,9.76
03/04/2017,-45240,-9050130000,200.4(0.20 %),44760,8953610000,90000,18003740000,251630532,9.76
04/04/2017,4760,952320000,200.4(0.00 %),24960,5000320000,20200,4048000000,251629822,9.76
05/04/2017,11600,2344640000,203(1.30 %),11600,2344640000,0,0,251619292,9.76
07/04/2017,13070,2659430000,205(0.99 %),13070,2659430000,0,0,251656222,9.76
10/04/2017,19510,4027210000,209(1.95 %),20510,4232210000,1000,205000000,251635912,9.76
11/04/2017,14410,3004470000,207.5(-0.72 %),15610,3255270000,1200,250800000,251620302,9.76
12/04/2017,4050,827450000,203(-2.17 %),4080,833590000,30,6140000,251616222,9.76
13/04/2017,16910,3464660000,205(0.99 %),96670,19735700000,79760,16271040000,251600312,9.77
14/04/2017,10860,2214390000,204(-0.49 %),12770,2604900000,1910,390510000,251588742,9.77
17/04/2017,57880,11872950000,207(1.47 %),57980,11893650000,100,20700000,251530792,9.78
18/04/2017,-1420,-293590000,205(-0.97 %),33860,6938170000,35280,7231760000,251496932,9.78
19/04/2017,760,151130000,201.5(-1.71 %),2230,447480000,1470,296350000,251496612,9.78
20/04/2017,-10320,-2062590000,200(-0.74 %),3450,692480000,13770,2755070000,251493262,9.78
21/04/2017,-20410,-4067300000,201(0.50 %),2010,400110000,22420,4467410000,251526532,9.78
24/04/2017,24130,4851060000,200(-0.50 %),52170,10484540000,28040,5633480000,251475832,9.79
25/04/2017,-1390,-276710000,199(-0.50 %),9580,1909350000,10970,2186060000,251480022,9.78
26/04/2017,8960,1794040000,200.5(0.75 %),13660,2734240000,4700,940200000,251488782,9.78
27/04/2017,46060,9220140000,199.9(-0.30 %),123130,23613370000,77070,14393230000,251469362,9.79
28/04/2017,2700,539690000,199.9(0.00 %),5610,1121610000,2910,581920000,251474722,9.79
03/05/2017,1310,261860000,199.9(0.00 %),1890,377490000,580,115630000,251477532,9.79
04/05/2017,7710,1534340000,199(-0.45 %),10710,2131400000,3000,597060000,251468222,9.79
05/05/2017,-200,-39800000,199.3(0.15 %),0,0,200,39800000,251471132,9.79
08/05/2017,10470,2085320000,199(-0.15 %),10470,2085320000,0,0,251461242,9.79
09/05/2017,-4210,-831700000,196.7(-1.16 %),5650,1114800000,9860,1946500000,251458592,9.79
10/05/2017,4420,870590000,196.8(0.05 %),4520,890270000,100,19680000,251454272,9.79
11/05/2017,6200,1215240000,195.9(-0.46 %),10800,2117070000,4600,901830000,251443472,9.79
12/05/2017,2930,576680000,196.5(0.31 %),3930,772990000,1000,196310000,251449402,9.79
15/05/2017,15820,3087860000,194(-1.27 %),15850,3093710000,30,5850000,251433652,9.79
16/05/2017,940,179720000,191.1(-1.49 %),1390,266300000,450,86580000,251436862,9.79
17/05/2017,-3750,-677530000,188.7(-1.26 %),6880,1335710000,10630,2013240000,251430982,9.79
18/05/2017,3250,616000000,189.9(0.64 %),5100,967500000,1850,351500000,251425912,9.79
19/05/2017,11560,2193870000,190(0.05 %),13270,2518530000,1710,324660000,251413092,9.8
22/05/2017,17990,3421750000,190.4(0.21 %),38190,7266560000,20200,3844810000,251385532,9.8
23/05/2017,-103130,-19975490000,194(1.89 %),72860,14105150000,175990,34080640000,251314522,9.81
24/05/2017,1590,300060000,191(-1.55 %),6610,1272870000,5020,972810000,251309622,9.81
25/05/2017,-12630,-2401570000,191(0.00 %),2015420,384932360000,2028050,387333930000,251312452,9.81
26/05/2017,-2610,-495350000,189.5(-0.79 %),7420,1409950000,10030,1905300000,251481022,9.78
29/05/2017,-17840,-3394980000,190(0.26 %),202550,38658530000,220390,42053510000,251453492,9.79
30/05/2017,-17850,-3404240000,191(0.53 %),48250,9211410000,66100,12615650000,251475242,9.79
31/05/2017,-19460,-3715330000,189.1(-0.99 %),1544280,296364330000,1563740,300079660000,251402992,9.8
01/06/2017,5560,1057870000,190(0.48 %),59130,11287460000,53570,10229590000,251448822,9.79
02/06/2017,8680,1648440000,191(0.53 %),8680,1648440000,0,0,251466242,9.79
05/06/2017,10,2330000,191(0.00 %),1010,192440000,1000,190110000,251566972,9.77
06/06/2017,-1400,-265990000,191.3(0.16 %),200,38060000,1600,304050000,251568772,9.77
07/06/2017,13430,2562130000,191.9(0.31 %),25450,4857960000,12020,2295830000,251543322,9.77
08/06/2017,1290,246450000,191(-0.47 %),1400,267510000,110,21060000,251542922,9.77
09/06/2017,-920,-174070000,191(0.00 %),120,22890000,1040,196960000,251544402,9.77
12/06/2017,41970,8030580000,193.9(1.52 %),43350,8295120000,1380,264540000,251513072,9.78
13/06/2017,12330,2393070000,194.9(0.52 %),16920,3283730000,4590,890660000,251496262,9.78
14/06/2017,49200,9722810000,200(2.62 %),77510,15272380000,28310,5549570000,251419792,9.79
15/06/2017,-4680,-937340000,200(0.00 %),2980,596640000,7660,1533980000,251418192,9.79
16/06/2017,-440,-88400000,200.3(0.15 %),1400,280150000,1840,368550000,251421382,9.79
19/06/2017,33970,6799580000,201(0.35 %),34490,6903810000,520,104230000,251415202,9.79
20/06/2017,34380,6777220000,203(1.00 %),35410,6984420000,1030,207200000,251387452,9.8
21/06/2017,-1150,-232780000,204.9(0.94 %),130,26380000,1280,259160000,251389162,9.8
22/06/2017,180,36780000,205(0.05 %),240,49020000,60,12240000,251389442,9.8
23/06/2017,8170,1682170000,206.9(0.93 %),9420,1939900000,1250,257730000,251381052,9.8
26/06/2017,0,0,207.4(0.24 %),0,0,0,0,251382332,9.8
27/06/2017,1380,287220000,207.4(0.00 %),21700,4503800000,20320,4216580000,251380512,9.8
28/06/2017,20,3920000,206.8(-0.29 %),1430,295610000,1410,291690000,251380512,9.8
29/06/2017,65020,13444340000,206.5(-0.15 %),65020,13444340000,0,0,251315492,9.81
30/06/2017,43990,9173380000,208.3(0.87 %),62770,13088940000,18780,3915560000,251253042,9.82
03/07/2017,32570,6834320000,210(0.82 %),82870,17397320000,50300,10563000000,251221582,9.83
04/07/2017,94740,19965460000,210.9(0.43 %),95240,20070660000,500,105200000,251126342,9.84
05/07/2017,-950,-199180000,210(-0.43 %),640,134370000,1590,333550000,251144482,9.84
06/07/2017,1620,340200000,210(0.00 %),1660,348520000,40,8320000,251143122,9.84
07/07/2017,910,191060000,210(0.00 %),1410,296050000,500,104990000,251142212,9.84
10/07/2017,22700,4767310000,210(0.00 %),51980,10912000000,29280,6144690000,251016862,9.86
11/07/2017,58260,12232990000,210.5(0.24 %),141500,29715630000,83240,17482640000,251016362,9.86
12/07/2017,3500,737930000,210.2(-0.14 %),4080,859960000,580,122030000,251012782,9.86
13/07/2017,18090,3798350000,210.5(0.14 %),42220,8865740000,24130,5067390000,250999842,9.86
14/07/2017,25090,5306340000,211.5(0.48 %),47940,10138860000,22850,4832520000,250969142,9.86
17/07/2017,-7450,-1622130000,219.5(3.78 %),210,45980000,7660,1668110000,250969512,9.86
18/07/2017,-19290,-4390950000,226(2.96 %),52980,11791360000,72270,16182310000,250970662,9.86
19/07/2017,-5550,-1325100000,232.1(2.70 %),80540,18692120000,86090,20017220000,250912972,9.87
20/07/2017,3810,838850000,234(0.82 %),29270,6776400000,25460,5937550000,250891362,9.88
21/07/2017,-38350,-9046950000,235.5(0.64 %),17730,4177430000,56080,13224380000,250915902,9.87
24/07/2017,122920,28940130000,235.5(0.00 %),258470,60926930000,135550,31986800000,250793522,9.89
25/07/2017,13770,3230770000,235.5(0.00 %),14720,3454040000,950,223270000,250804262,9.89
26/07/2017,79640,18770540000,235.2(-0.13 %),79640,18770540000,0,0,250842632,9.88
27/07/2017,23620,5550750000,235.2(0.00 %),23620,5550750000,0,0,250842632,9.88
28/07/2017,9290,2183270000,235.5(0.13 %),9440,2218520000,150,35250000,250834142,9.89
31/07/2017,21560,5087240000,236.9(0.59 %),90660,21403030000,69100,16315790000,250743482,9.9
01/08/2017,9460,2261700000,244.9(3.38 %),89460,21628110000,80000,19366410000,250691952,9.91
02/08/2017,9530,2333680000,245.4(0.20 %),9530,2333680000,0,0,250682572,9.91
03/08/2017,4430,1085580000,245(-0.16 %),4860,1190940000,430,105360000,250746812,9.9
04/08/2017,12550,3074780000,245.8(0.33 %),12950,3172780000,400,98000000,250775932,9.89
07/08/2017,9040,2244280000,249.1(1.34 %),169040,41642780000,160000,39398500000,250756892,9.9
08/08/2017,23980,6007280000,253(1.57 %),136680,34410320000,112700,28403040000,250720642,9.9
09/08/2017,21010,5326660000,242(-4.35 %),47010,11832210000,26000,6505550000,250674032,9.91
10/08/2017,5810,1462940000,249(2.89 %),10660,2657120000,4850,1194180000,250673372,9.91
11/08/2017,180,44370000,248(-0.40 %),680,169370000,500,125000000,250685392,9.91
14/08/2017,7630,1885810000,244(-1.61 %),7630,1885810000,0,0,250703762,9.91
15/08/2017,-37390,-9010060000,242.9(-0.45 %),260,63220000,37650,9073280000,250708352,9.91
16/08/2017,-2850,-692060000,248.9(2.47 %),400,96580000,3250,788640000,250708452,9.91
17/08/2017,-2050,-511320000,253(1.65 %),990,256910000,3040,768230000,250707462,9.91
18/08/2017,5600,1408530000,253(0.00 %),5600,1408530000,0,0,250739512,9.9
21/08/2017,-450,-115650000,257(1.58 %),60000,15180000000,60450,15295650000,250742762,9.9
22/08/2017,9580,2383910000,246.2(-4.20 %),9580,2383910000,0,0,250736222,9.9
23/08/2017,12280,3055160000,254.7(3.45 %),18280,4553660000,6000,1498500000,250717942,9.9
24/08/2017,61640,15662350000,254.7(0.00 %),69210,17544470000,7570,1882120000,250649182,9.91
25/08/2017,4450,1122050000,253(-0.67 %),4950,1247700000,500,125650000,250644232,9.92
28/08/2017,2320,581080000,252.5(-0.20 %),2720,681080000,400,100000000,250647512,9.91
29/08/2017,-220,-51310000,249(-1.39 %),4580,1137560000,4800,1188870000,250650502,9.91
30/08/2017,6070,1511980000,250(0.40 %),7470,1860480000,1400,348500000,250643532,9.92
31/08/2017,-4990,-1238410000,251(0.40 %),17320,4350830000,22310,5589240000,250626612,9.92
01/09/2017,8990,2279100000,254.5(1.39 %),11460,2901670000,2470,622570000,250619952,9.92
05/09/2017,7580,1991510000,255(0.20 %),24290,6295840000,16710,4304330000,250597062,9.92
06/09/2017,12820,3365890000,263(3.14 %),14880,3894610000,2060,528720000,250604492,9.92
07/09/2017,14830,3975960000,271.2(3.12 %),91530,24681440000,76700,20705480000,250515432,9.94
08/09/2017,20670,5764100000,281.7(3.87 %),22500,6270460000,1830,506360000,250509642,9.94
11/09/2017,8540,2437470000,285(1.17 %),9720,2773350000,1180,335880000,250501982,9.94
12/09/2017,9610,2730330000,281(-1.40 %),14340,4063620000,4730,1333290000,250564342,9.93
13/09/2017,-4230,-1196260000,277.3(-1.32 %),8200,2292300000,12430,3488560000,250557972,9.93
14/09/2017,-3430,-929030000,272.5(-1.73 %),14390,3922840000,17820,4851870000,250544762,9.93
15/09/2017,-9640,-2592650000,272(-0.18 %),5540,1497700000,15180,4090350000,250543952,9.93
18/09/2017,-12120,-3313090000,276.5(1.65 %),2210,605550000,14330,3918640000,250554172,9.93
19/09/2017,-7870,-2170200000,275(-0.54 %),7580,2072420000,15450,4242620000,250564412,9.93
20/09/2017,-600,-158910000,273(-0.73 %),5040,1379560000,5640,1538470000,250574552,9.93
21/09/2017,-3780,-1002330000,265(-2.93 %),41770,11354340000,45550,12356670000,250547112,9.93
22/09/2017,480,128050000,266.2(0.45 %),1130,300340000,650,172290000,250561432,9.93
25/09/2017,-1260,-329200000,261.5(-1.77 %),80,20890000,1340,350090000,250566992,9.93
26/09/2017,1900,495530000,258(-1.34 %),2040,531960000,140,36430000,250610502,9.92
27/09/2017,-3480,-886490000,255(-1.16 %),2120,540050000,5600,1426540000,250609032,9.92
28/09/2017,-470,-122030000,266.1(4.35 %),50,13130000,520,135160000,250610322,9.92
29/09/2017,-7730,-2037610000,260(-2.29 %),1140,302510000,8870,2340120000,250609322,9.92
02/10/2017,-430,-111130000,258(-0.77 %),60,15590000,490,126720000,250614862,9.92
03/10/2017,-170,-43070000,256.8(-0.47 %),980,253710000,1150,296780000,250614402,9.92
04/10/2017,-990,-257600000,260.4(1.40 %),80,20700000,1070,278300000,250623192,9.92
05/10/2017,-470,-122570000,260(-0.15 %),0,0,470,122570000,250623682,9.92
06/10/2017,-400,-103990000,260.1(0.04 %),0,0,400,103990000,250624832,9.92
09/10/2017,-6820,-1776100000,260.1(0.00 %),140,36270000,6960,1812370000,250625762,9.92
10/10/2017,-11920,-3102260000,260.1(0.00 %),180,47020000,12100,3149280000,250626052,9.92
11/10/2017,-30530,-7940930000,261.8(0.65 %),620,161230000,31150,8102160000,250625832,9.92
12/10/2017,-12320,-3263040000,266(1.60 %),1770,466180000,14090,3729220000,250631022,9.92
13/10/2017,-1600,-436680000,272(2.26 %),29940,8096320000,31540,8533000000,250613182,9.92
16/10/2017,3940,1071330000,272(0.00 %),40300,10960650000,36360,9889320000,250604032,9.92
17/10/2017,-12950,-3590570000,279(2.57 %),15180,4179780000,28130,7770350000,250602942,9.92
18/10/2017,-79640,-22345730000,281.5(0.90 %),51330,14452820000,130970,36798550000,250583152,9.92
19/10/2017,-18730,-5255760000,278(-1.24 %),5100,1437560000,23830,6693320000,250614412,9.92
20/10/2017,-12340,-3362440000,270(-2.88 %),5500,1518540000,17840,4880980000,250637042,9.92
23/10/2017,1010,271170000,280(3.70 %),4290,1189570000,3280,918400000,250763722,9.9
24/10/2017,-41050,-11505360000,280.5(0.18 %),230,64370000,41280,11569730000,250787322,9.89
25/10/2017,-2610,-730020000,279.4(-0.39 %),100,27940000,2710,757960000,250805062,9.89
26/10/2017,-5940,-1681440000,282(0.93 %),21820,6109570000,27760,7791010000,250786522,9.89
27/10/2017,-19290,-5410120000,280.5(-0.53 %),500,140110000,19790,5550230000,250827302,9.89
30/10/2017,47530,13424240000,287(2.32 %),94250,26641630000,46720,13217390000,250735762,9.9
31/10/2017,1190,341300000,285.6(-0.49 %),1530,437760000,340,96460000,250761992,9.9
01/11/2017,7290,2083890000,286.9(0.46 %),10640,3044120000,3350,960230000,250771142,9.9
02/11/2017,7720,2219530000,289(0.73 %),11220,3223950000,3500,1004420000,250806642,9.89
03/11/2017,4090,1183610000,290(0.35 %),4560,1319860000,470,136250000,250802422,9.89
06/11/2017,-4890,-1417920000,290(0.00 %),2290,663810000,7180,2081730000,250803482,9.89
07/11/2017,-3190,-911310000,285.1(-1.69 %),41560,11864190000,44750,12775500000,250765422,9.9
08/11/2017,-65890,-18751380000,281.5(-1.26 %),2330,664810000,68220,19416190000,250763562,9.9
09/11/2017,300,83840000,278.1(-1.21 %),470,131140000,170,47300000,250770272,9.9
10/11/2017,-6570,-1814040000,276.5(-0.58 %),660,182110000,7230,1996150000,250814362,9.89
13/11/2017,-49720,-13895370000,276.2(-0.11 %),9540,2643430000,59260,16538800000,250873042,9.88
14/11/2017,-3990,-1095310000,274.2(-0.72 %),4420,1228750000,8410,2324060000,250868792,9.88
15/11/2017,-11650,-3193310000,270.9(-1.20 %),95530,25677200000,107180,28870510000,250860492,9.88
16/11/2017,-10260,-2776530000,280(3.36 %),309310,82900940000,319570,85677470000,250917272,9.87
17/11/2017,39450,11034870000,280(0.00 %),51970,14542260000,12520,3507390000,250873712,9.88
20/11/2017,8850,2473330000,280.6(0.21 %),8850,2473330000,0,0,250892042,9.88
21/11/2017,5810,1826120000,293(4.42 %),40500,11990860000,34690,10164740000,250864282,9.88
22/11/2017,-18580,-5772910000,308.4(5.26 %),24050,7254080000,42630,13026990000,250852752,9.88
23/11/2017,-4550,-1409080000,309(0.19 %),4240,1305140000,8790,2714220000,250848512,9.88
24/11/2017,11250,3455590000,318.8(3.17 %),21620,6657580000,10370,3201990000,250861582,9.88
27/11/2017,-3810,-1177810000,303(-4.96 %),2000,623920000,5810,1801730000,250902212,9.87
28/11/2017,8020,2460200000,320(5.61 %),10490,3207920000,2470,747720000,250900512,9.88
29/11/2017,-28470,-9684000000,339(5.94 %),52130,17643630000,80600,27327630000,250909072,9.87
30/11/2017,-5430,-1746130000,329(-2.95 %),23110,7882710000,28540,9628840000,250891772,9.88
01/12/2017,-14680,-4839940000,330(0.30 %),9540,3147940000,24220,7987880000,250884702,9.88
04/12/2017,-58510,-19454680000,332.3(0.70 %),2250,749360000,60760,20204040000,250912732,9.87
05/12/2017,-38010,-12639780000,330(-0.69 %),3180,1064400000,41190,13704180000,250938092,9.87
06/12/2017,-36620,-11916550000,328(-0.61 %),4310,1418320000,40930,13334870000,250958002,9.87
07/12/2017,-2540,-701180000,319.4(-2.62 %),15230,5014060000,17770,5715240000,251003532,9.86
08/12/2017,-34360,-10621060000,309(-3.26 %),4180,1306740000,38540,11927800000,251040542,9.85
11/12/2017,-46760,-13971120000,293(-5.18 %),10210,3114920000,56970,17086040000,251071262,9.85
12/12/2017,-126340,-39497180000,313(6.83 %),98860,30950050000,225200,70447230000,250990172,9.86
13/12/2017,-50230,-15955930000,314(0.32 %),34560,10942410000,84790,26898340000,250994152,9.86
14/12/2017,-65330,-20393610000,309(-1.59 %),45370,14161830000,110700,34555440000,251005752,9.86
15/12/2017,-50460,-15596170000,309.2(0.06 %),17130,5293280000,67590,20889450000,251213822,9.83
18/12/2017,-66460,-20682020000,309.2(0.00 %),102250,31695910000,168710,52377930000,251196362,9.83
19/12/2017,-226090,-65737280000,287.6(-6.99 %),12540,3637480000,238630,69374760000,251294522,9.81
20/12/2017,-132260,-35526700000,267.5(-6.99 %),2770,743520000,135030,36270220000,251359342,9.8
21/12/2017,-397430,-100289110000,249.2(-6.84 %),15010,3803690000,412440,104092800000,251513042,9.78
22/12/2017,-103060,-26203360000,251(0.72 %),12460,3168300000,115520,29371660000,251739212,9.74
25/12/2017,-1150,-330680000,264.6(5.42 %),4900,1269950000,6050,1600630000,251869342,9.72
26/12/2017,4020,1124570000,257(-2.87 %),28390,7396820000,24370,6272250000,252253392,9.66
27/12/2017,-2300,-581330000,252.2(-1.87 %),52750,13402650000,55050,13983980000,252363162,9.65
28/12/2017,-28920,-7219500000,249.2(-1.19 %),31170,7829110000,60090,15048610000,252338042,9.65
29/12/2017,-86800,-21704730000,249.3(0.04 %),6930,1738230000,93730,23442960000,252355482,9.65
02/01/2018,-32090,-8070070000,252.3(1.20 %),3410,856780000,35500,8926850000,252360122,9.65
03/01/2018,75300,19560960000,265(5.03 %),79890,20753810000,4590,1192850000,252340322,9.65
04/01/2018,7720,2043710000,267.5(0.94 %),84160,22417590000,76440,20373880000,252349892,9.65
05/01/2018,13670,3641310000,264.3(-1.20 %),35210,9374220000,21540,5732910000,252350182,9.65
08/01/2018,-4740,-1218000000,261(-1.25 %),27400,7141320000,32140,8359320000,252327372,9.65
09/01/2018,28250,7359280000,261(0.00 %),69070,18010650000,40820,10651370000,252334742,9.65
10/01/2018,24340,6331730000,259.5(-0.57 %),31030,8076900000,6690,1745170000,252325252,9.65
11/01/2018,380,82890000,261(0.58 %),61620,16067600000,61240,15984710000,252295772,9.66
12/01/2018,14160,3677850000,260.7(-0.11 %),23280,6060710000,9120,2382860000,252313312,9.65
15/01/2018,9060,2341010000,260.5(-0.08 %),9430,2437360000,370,96350000,252310572,9.66
16/01/2018,16990,4400260000,259(-0.58 %),63640,16469970000,46650,12069710000,252308172,9.66
17/01/2018,38230,9865760000,258(-0.39 %),73980,19146830000,35750,9281070000,252243312,9.67
18/01/2018,12900,3262270000,257.8(-0.08 %),43970,11189190000,31070,7926920000,252199712,9.67
19/01/2018,55210,14102650000,255.5(-0.89 %),119970,30659050000,64760,16556400000,252126392,9.68
22/01/2018,72370,18540640000,261(2.15 %),89830,23033560000,17460,4492920000,252072312,9.69
25/01/2018,37680,9772880000,258(-1.15 %),39330,10199090000,1650,426210000,252146272,9.68
26/01/2018,-16510,-4211250000,252.1(-2.29 %),31440,8079150000,47950,12290400000,252114832,9.69
29/01/2018,-23580,-5831030000,245(-2.82 %),25370,6301570000,48950,12132600000,252089462,9.69
30/01/2018,-2500,-628290000,246(0.41 %),30930,7568350000,33430,8196640000,252060182,9.69
31/01/2018,-25160,-6241850000,247(0.41 %),57260,14251350000,82420,20493200000,252050872,9.7
01/02/2018,-1500,-358240000,245(-0.81 %),85920,21114550000,87420,21472790000,252013902,9.7
02/02/2018,-6880,-1699500000,247(0.82 %),31910,7763940000,38790,9463440000,252015422,9.7
05/02/2018,-44900,-10784110000,238.9(-3.28 %),9620,2299950000,54520,13084060000,252088222,9.69
06/02/2018,-2090,-484330000,232.7(-2.60 %),6870,1565940000,8960,2050270000,252168772,9.68
07/02/2018,16520,3881080000,232.8(0.04 %),22260,5220430000,5740,1339350000,252185302,9.67
08/02/2018,22270,5090920000,225(-3.35 %),22370,5113500000,100,22580000,252217452,9.67
09/02/2018,36250,7945390000,225(0.00 %),39180,8588350000,2930,642960000,252187232,9.67
12/02/2018,-13440,-3077980000,233(3.56 %),930,213460000,14370,3291440000,252192042,9.67
13/02/2018,-250,-56750000,233.9(0.39 %),3480,815690000,3730,872440000,252188662,9.67
21/02/2018,-870,-222920000,241(3.04 %),4980,1180340000,5850,1403260000,252186612,9.67
22/02/2018,22200,5318160000,237.8(-1.33 %),90840,21855760000,68640,16537600000,252110142,9.69
23/02/2018,-5120,-1225820000,240(0.93 %),3760,902090000,8880,2127910000,252110112,9.69
26/02/2018,-65900,-15845870000,242.7(1.13 %),58980,14228310000,124880,30074180000,252056982,9.69
27/02/2018,2130,475620000,241.5(-0.49 %),136080,32902630000,133950,32427010000,251989542,9.71
28/02/2018,-15710,-3704350000,235.2(-2.61 %),240100,57612550000,255810,61316900000,251958322,9.71
01/03/2018,3280,762900000,232(-1.36 %),4730,1096840000,1450,333940000,252078472,9.69
02/03/2018,16620,3795470000,228(-1.72 %),18150,4144640000,1530,349170000,252194272,9.67
05/03/2018,-340,-76640000,226(-0.88 %),34720,7922040000,35060,7998680000,252215362,9.67
06/03/2018,48760,10822650000,220.5(-2.43 %),154430,34266980000,105670,23444330000,252062382,9.69
07/03/2018,-45490,-10049470000,221(0.23 %),16200,3576190000,61690,13625660000,252047712,9.7
08/03/2018,-17810,-3934780000,220.1(-0.41 %),15430,3409640000,33240,7344420000,252067342,9.69
09/03/2018,-4740,-1039940000,220.4(0.14 %),8810,1943430000,13550,2983370000,252164202,9.68
12/03/2018,1310,290620000,220.2(-0.09 %),13730,3034340000,12420,2743720000,252212162,9.67
13/03/2018,-10380,-2250890000,217(-1.45 %),16480,3585290000,26860,5836180000,252228922,9.67
14/03/2018,-28710,-6051550000,214.6(-1.11 %),38240,8178990000,66950,14230540000,252204232,9.67
15/03/2018,7300,1872750000,214(-0.28 %),72570,15504200000,65270,13631450000,252144082,9.68
16/03/2018,-158150,-34502120000,228.5(6.78 %),746470,160573170000,904620,195075290000,252039472,9.7
19/03/2018,-64160,-14546510000,225(-1.53 %),262860,59865120000,327020,74411630000,252083562,9.69
20/03/2018,33610,7593980000,226(0.44 %),259130,57651850000,225520,50057870000,252108222,9.69
21/03/2018,19580,4408880000,226(0.00 %),70090,15728270000,50510,11319390000,252352752,9.65
22/03/2018,105100,24354660000,231(2.21 %),110930,25678880000,5830,1324220000,252328842,9.65
23/03/2018,1960,472490000,235.4(1.90 %),13740,3202610000,11780,2730120000,252322102,9.65
26/03/2018,20240,4865630000,244.2(3.74 %),47920,11532680000,27680,6667050000,252299692,9.66
27/03/2018,-5140,-1253600000,244(-0.08 %),5230,1275600000,10370,2529200000,252300292,9.66
28/03/2018,4850,1199400000,239.1(-2.01 %),15530,3773270000,10680,2573870000,252296542,9.66
29/03/2018,40150,9630020000,239.1(0.00 %),90390,21659980000,50240,12029960000,252274942,9.66
30/03/2018,-24160,-5842930000,240.6(0.63 %),15990,3830440000,40150,9673370000,252269322,9.66
02/04/2018,-21820,-5249930000,238(-1.08 %),10000,2403010000,31820,7652940000,252270002,9.66
03/04/2018,-13660,-3221000000,229(-3.78 %),1600,380910000,15260,3601910000,252277532,9.66
04/04/2018,2550,574440000,226(-1.31 %),2810,632840000,260,58400000,252314872,9.65
05/04/2018,14980,3416010000,227.2(0.53 %),16100,3670610000,1120,254600000,252330592,9.65
06/04/2018,4900,1115870000,227.2(0.00 %),88960,20449670000,84060,19333800000,252340892,9.65
09/04/2018,9620,2190560000,225(-0.97 %),11240,2554600000,1620,364040000,252329912,9.65
10/04/2018,18400,4223850000,230(2.22 %),18700,4292490000,300,68640000,252312332,9.65
11/04/2018,-11420,-2645700000,230(0.00 %),63640,14765810000,75060,17411510000,252310072,9.66
12/04/2018,7350,1684090000,230(0.00 %),7550,1730070000,200,45980000,252304142,9.66
13/04/2018,25010,5702030000,227.8(-0.96 %),25050,5711180000,40,9150000,252279392,9.66
16/04/2018,13570,3099910000,229.5(0.75 %),79740,18318890000,66170,15218980000,252278682,9.66
17/04/2018,9690,2221350000,229(-0.22 %),99010,22353650000,89320,20132300000,252267242,9.66
18/04/2018,-8560,-1952540000,228(-0.44 %),1640,374520000,10200,2327060000,252265642,9.66
19/04/2018,-1540,-347200000,212.2(-6.93 %),2560,577070000,4100,924270000,252263962,9.66
20/04/2018,-12450,-2753070000,222(4.62 %),6580,1459490000,19030,4212560000,252308571,9.66
23/04/2018,990,214150000,217.5(-2.03 %),1830,404630000,840,190480000,252316941,9.65
24/04/2018,-280,-53380000,217(-0.23 %),3550,777960000,3830,831340000,252317491,9.65
26/04/2018,5590,1227240000,219(0.92 %),6540,1435210000,950,207970000,252329981,9.65
27/04/2018,-28520,-6112970000,213(-2.74 %),32060,6928730000,60580,13041700000,252298761,9.66
02/05/2018,5010,1075340000,213.1(0.05 %),18220,3907380000,13210,2832040000,252284371,9.66
03/05/2018,-6960,-1492180000,217.3(1.97 %),380,81610000,7340,1573790000,252284941,9.66
04/05/2018,5860,1278300000,219(0.78 %),9860,2150110000,4000,871810000,252335661,9.65
07/05/2018,-24770,-5526710000,234.3(6.99 %),33100,7366540000,57870,12893250000,252340771,9.65
08/05/2018,12670,2967660000,234.9(0.26 %),180040,41563910000,167370,38596250000,252317851,9.65
09/05/2018,2520,594360000,234(-0.38 %),14510,3444410000,11990,2850050000,252307341,9.66
10/05/2018,20,5940000,234(0.00 %),1080,251150000,1060,245210000,252339131,9.65
11/05/2018,4440,1035630000,236(0.85 %),456580,106839600000,452140,105803970000,252350141,9.65
14/05/2018,-4600,-1081940000,246(4.24 %),8210,1953830000,12810,3035770000,252353921,9.65
15/05/2018,26050,6492300000,250(1.63 %),37700,9396870000,11650,2904570000,252317281,9.65
16/05/2018,13560,3371680000,252(0.80 %),299770,74920390000,286210,71548710000,252299651,9.66
17/05/2018,-12420,-3058610000,241.5(-4.17 %),12370,3062030000,24790,6120640000,252300091,9.66
18/05/2018,11830,2922870000,252.4(4.51 %),12450,3075860000,620,152990000,252299291,9.66
21/05/2018,1290,316820000,251(-0.55 %),27600,6922430000,26310,6605610000,252277901,9.66
22/05/2018,-5860,-1454490000,247.9(-1.24 %),19600,4859190000,25460,6313680000,252283091,9.66
23/05/2018,5100,1240180000,243(-1.98 %),54190,13400180000,49090,12160000000,252249521,9.66
24/05/2018,37570,8993440000,242.8(-0.08 %),37850,9060740000,280,67300000,252237981,9.67
25/05/2018,27080,6521710000,234(-3.62 %),36170,8720980000,9090,2199270000,252227271,9.67
28/05/2018,12840,3000890000,232(-0.85 %),124750,28992810000,111910,25991920000,252231611,9.67
29/05/2018,-14170,-3166430000,229(-1.29 %),12930,2961470000,27100,6127900000,252218961,9.67
30/05/2018,48410,11039710000,229(0.00 %),64130,14596450000,15720,3556740000,252163921,9.68
31/05/2018,46220,11038340000,240(4.80 %),193380,46338790000,147160,35300450000,251982451,9.71
01/06/2018,34040,8203900000,245(2.08 %),49830,12035110000,15790,3831210000,251959721,9.71
04/06/2018,10250,2486890000,241.6(-1.39 %),21490,5204530000,11240,2717640000,251953951,9.71
05/06/2018,-3580,-859760000,247.6(2.48 %),5590,1353750000,9170,2213510000,252095521,9.69
06/06/2018,-19900,-4904930000,247(-0.24 %),110,27040000,20010,4931970000,252111201,9.69
07/06/2018,-790,-188030000,248(0.40 %),6520,1611050000,7310,1799080000,252115921,9.69
08/06/2018,-1120,-277270000,245(-1.21 %),6260,1541880000,7380,1819150000,252118831,9.69
11/06/2018,-9760,-2386910000,243(-0.82 %),51070,12512530000,60830,14899440000,252137771,9.68
12/06/2018,-1270,-300970000,239(-1.65 %),8040,1926090000,9310,2227060000,252137041,9.68
13/06/2018,-4600,-1092360000,235.1(-1.63 %),2410,569120000,7010,1661480000,252142011,9.68
14/06/2018,-14820,-3482340000,233.1(-0.85 %),4330,1020010000,19150,4502350000,252148511,9.68
15/06/2018,-27890,-6423050000,234.6(0.64 %),58250,13436990000,86140,19860040000,252149571,9.68
18/06/2018,-15780,-3711170000,232(-1.11 %),900,211030000,16680,3922200000,252155681,9.68
19/06/2018,1260,284870000,225(-3.02 %),23650,5320030000,22390,5035160000,252151181,9.68
20/06/2018,-25070,-5465670000,227.9(1.29 %),323290,71285000000,348360,76750670000,252164031,9.68
21/06/2018,-6060,-1355640000,226(-0.83 %),27020,6072640000,33080,7428280000,252153691,9.68
22/06/2018,2560,572990000,226(0.00 %),52690,11840400000,50130,11267410000,252173391,9.68
25/06/2018,-4990,-1123900000,225.3(-0.31 %),4110,924780000,9100,2048680000,252217641,9.67
26/06/2018,1720,384900000,222.7(-1.15 %),10520,2345030000,8800,1960130000,252240201,9.67
27/06/2018,-7230,-1594710000,222.7(0.00 %),14270,3177570000,21500,4772280000,252226061,9.67
28/06/2018,1290,282680000,219.4(-1.48 %),16080,3529110000,14790,3246430000,252219081,9.67
29/06/2018,23900,5403647000,225.5(2.78 %),95960,21384998000,72060,15981351000,252195181,9.67
02/07/2018,40650,9153700000,230(2.00 %),43230,9732680000,2580,578980000,252160191,9.68
03/07/2018,17360,3958410000,228.1(-0.83 %),80990,18478620000,63630,14520210000,252143991,9.68
04/07/2018,-4080,-923340000,226(-0.92 %),69650,15672630000,73730,16595970000,252146401,9.68
05/07/2018,1520,343720000,220(-2.65 %),51490,11482170000,49970,11138450000,252144491,9.68
06/07/2018,-13840,-3024260000,220(0.00 %),2370,518840000,16210,3543100000,252155751,9.68
09/07/2018,4530,1008110000,220.7(0.32 %),4930,1096630000,400,88520000,252174551,9.68
10/07/2018,-29970,-6566620000,220(-0.32 %),42190,9249760000,72160,15816380000,252135331,9.68
11/07/2018,11220,2470030000,220(0.00 %),157250,34510390000,146030,32040360000,252094291,9.69
12/07/2018,7840,1716298000,218.1(-0.86 %),34100,7490993000,26260,5774695000,252086451,9.69
13/07/2018,-43040,-9276390000,218(-0.05 %),36040,7845240000,79080,17121630000,252116711,9.69
16/07/2018,-10910,-2346110000,217.9(-0.05 %),27590,6008730000,38500,8354840000,252135151,9.68
17/07/2018,-6350,-1335810000,218(0.05 %),22500,4902140000,28850,6237950000,252118911,9.69
18/07/2018,-3610,-766854000,217.9(-0.05 %),14710,3200459000,18320,3967313000,252122521,9.68
19/07/2018,-26890,-5790150000,215(-1.33 %),2270,489190000,29160,6279340000,252219511,9.67
20/07/2018,-34880,-7474320000,200(-6.98 %),5080,1030360000,39960,8504680000,252243281,9.67
23/07/2018,-11760,-2402769000,210.5(5.25 %),69770,14635659000,81530,17038428000,252255041,9.66
24/07/2018,-37310,-7694560000,210(-0.24 %),145650,30363830000,182960,38058390000,252175341,9.68
25/07/2018,-8170,-1671850000,207(-1.43 %),50390,10418880000,58560,12090730000,252164911,9.68
26/07/2018,-26780,-5392920000,207(0.00 %),36980,7596820000,63760,12989740000,252209461,9.67
27/07/2018,23380,4834330000,207(0.00 %),36180,7465850000,12800,2631520000,252256241,9.66
30/07/2018,5470,1135540000,206.8(-0.10 %),14770,3052020000,9300,1916480000,252300031,9.66
31/07/2018,-24300,-4983445000,205.5(-0.63 %),29040,5967859000,53340,10951304000,252324331,9.65
01/08/2018,1600,332190000,205(-0.24 %),7920,1623600000,6320,1291410000,252339631,9.65
02/08/2018,-3450,-701120000,204(-0.49 %),8960,1827220000,12410,2528340000,252339971,9.65
03/08/2018,-3610,-732810000,199.9(-2.01 %),81370,16274430000,84980,17007240000,252381941,9.64
06/08/2018,18840,3748506000,199(-0.45 %),27820,5532297000,8980,1783791000,252363101,9.65
07/08/2018,32240,6412690000,199(0.00 %),45550,9034530000,13310,2621840000,252327301,9.65
08/08/2018,22100,4423880000,200(0.50 %),37560,7484660000,15460,3060780000,252304721,9.66
09/08/2018,51030,10617830000,208(4.00 %),125530,26058580000,74500,15440750000,252238171,9.67
10/08/2018,52650,10963520000,209(0.48 %),54530,11355150000,1880,391630000,252196951,9.67
13/08/2018,46380,9730950000,210(0.48 %),55950,11730550000,9570,1999600000,252156461,9.68
14/08/2018,21410,4489650000,210(0.00 %),22540,4726680000,1130,237030000,252158421,9.68
15/08/2018,18850,3971210000,211(0.48 %),19830,4176970000,980,205760000,252140471,9.68
16/08/2018,5110,1077080000,212(0.47 %),8940,1888040000,3830,810960000,252141101,9.68
17/08/2018,37110,7896888000,213(0.47 %),37320,7941583000,210,44695000,252103991,9.69
20/08/2018,-3070,-632900000,213(0.00 %),15360,3254930000,18430,3887830000,252090531,9.69
21/08/2018,-2450,-451890000,213(0.00 %),32500,6911450000,34950,7363340000,252061861,9.69
22/08/2018,22000,4684890000,213(0.00 %),68120,14491890000,46120,9807000000,252023951,9.7
23/08/2018,16740,3545060000,212.5(-0.23 %),61340,12998980000,44600,9453920000,251981041,9.71
24/08/2018,46160,9809367000,213(0.24 %),77410,16436299000,31250,6626932000,251934881,9.71
27/08/2018,42030,9132070000,219(2.82 %),44640,9703690000,2610,571620000,251910061,9.72
28/08/2018,19000,4217260000,222(1.37 %),19400,4305510000,400,88250000,251935261,9.71
29/08/2018,4490,1012790000,226(1.80 %),4770,1075020000,280,62230000,251961741,9.71
30/08/2018,-30,37190000,226(0.00 %),15960,3604470000,15990,3567280000,251948391,9.71
31/08/2018,31680,7151110000,226(0.00 %),43210,9756820000,11530,2605710000,251905581,9.72
04/09/2018,17820,3987953000,223.8(-0.97 %),33800,7572217000,15980,3584264000,251621402,9.76
05/09/2018,2680,596800000,222.9(-0.40 %),15980,3561900000,13300,2965100000,251872071,9.72
06/09/2018,23920,5310190000,222.8(-0.04 %),182880,40586670000,158960,35276480000,251850721,9.73
07/09/2018,16170,3599921000,222.8(0.00 %),21900,4876565000,5730,1276644000,251834551,9.73
10/09/2018,25660,5706990000,223(0.09 %),126650,28149730000,100990,22442740000,251831451,9.73
11/09/2018,14070,3134790000,223(0.00 %),42460,9459080000,28390,6324290000,251825771,9.73
12/09/2018,5570,1241220000,222.8(-0.09 %),8610,1918240000,3040,677020000,251822891,9.73
13/09/2018,1180,262060000,222(-0.36 %),1700,377510000,520,115450000,251822181,9.73
14/09/2018,540,124010000,222.8(0.36 %),45070,10065430000,44530,9941420000,251817681,9.73
17/09/2018,-3240,-721260000,222.1(-0.31 %),0,0,3240,721260000,251820721,9.73
18/09/2018,-11440,-2542290000,223(0.41 %),4910,1093780000,16350,3636070000,251816331,9.73
19/09/2018,-10440,-2312370000,220(-1.35 %),590,131340000,11030,2443710000,251820271,9.73
20/09/2018,-4030,-883280000,219.9(-0.05 %),360,79200000,4390,962480000,251823151,9.73
21/09/2018,-2130,-459720000,219(-0.41 %),55830,12205170000,57960,12664890000,251828671,9.73
24/09/2018,1450,321482000,218.9(-0.05 %),14550,3184990000,13100,2863508000,251827221,9.73
25/09/2018,-110,-24053370,219(0.05 %),0,0,110,24053370,251827331,9.73
26/09/2018,2660,583010000,218.9(-0.05 %),6760,1479940000,4100,896930000,251829421,9.73
27/09/2018,470,105540000,220(0.50 %),108070,23865010000,107600,23759470000,251834451,9.73
28/09/2018,41390,9189352000,222.5(1.14 %),397250,88141466000,355860,78952114000,251793061,9.74
01/10/2018,6920,1537400000,222.2(-0.13 %),6950,1544070000,30,6670000,251786811,9.74
02/10/2018,70100,15656634000,225(1.26 %),520840,116350214000,450740,100693580000,251716711,9.75
03/10/2018,-20,-4510000,225.7(0.31 %),0,0,20,4510000,251729431,9.75
04/10/2018,-1680,-379740000,226(0.13 %),320,72260000,2000,452000000,251729141,9.75
05/10/2018,-1720,-383910000,223.2(-1.24 %),1560,347930000,3280,731840000,251728321,9.75
08/10/2018,2540,570020000,223.2(0.00 %),8130,1802640000,5590,1232620000,251720211,9.75
09/10/2018,10440,2329420000,223.2(0.00 %),20230,4502060000,9790,2172640000,251701981,9.75
10/10/2018,2330,520698000,226(1.25 %),4340,969977000,2010,449279000,251699651,9.75
11/10/2018,2110,465013000,222(-1.77 %),6150,1364793000,4040,899780000,251697541,9.75
12/10/2018,30560,6781518000,222.5(0.23 %),33160,7358678000,2600,577160000,251666981,9.76
15/10/2018,41400,9201330000,223(0.22 %),41400,9201330000,0,0,251637601,9.76
16/10/2018,14440,3204960000,222(0.22 %),14440,3204960000,0,0,251627201,9.76
17/10/2018,6980,1556205000,223(0.45 %),7760,1730017000,780,173812000,251620221,9.76
18/10/2018,-3110,-690720000,222(-0.45 %),490,108800000,3600,799520000,251621551,9.76
19/10/2018,62980,13855483000,220(-0.90 %),69110,15204093000,6130,1348610000,251558571,9.77
22/10/2018,11830,2630410000,222(0.91 %),18040,4004870000,6210,1374460000,251535181,9.78
23/10/2018,1430,323678000,222.9(0.41 %),10320,2299971000,8890,1976293000,251533751,9.78
24/10/2018,5300,1179990000,222(-0.40 %),18780,4178020000,13480,2998030000,251515811,9.78
25/10/2018,7890,1742410000,222(0.00 %),114880,25291110000,106990,23548700000,251507141,9.78
26/10/2018,3280,732677000,221.2(-0.36 %),145020,32182368000,141740,31449691000,251503861,9.78
29/10/2018,34040,7556230000,222(0.36 %),79620,17675120000,45580,10118890000,251467371,9.79
30/10/2018,29570,6560334000,222.2(0.09 %),51120,11333688000,21550,4773354000,251437801,9.79
31/10/2018,12980,2904037000,222.5(0.14 %),471140,104590569000,458160,101686532000,251424821,9.79
01/11/2018,-1200,-267130000,222(-0.22 %),202500,44555170000,203700,44822300000,251407241,9.8
02/11/2018,-27320,-6024712000,222(0.00 %),344300,75922745000,371620,81947457000,251434561,9.79
05/11/2018,27680,6137520000,223(0.45 %),29630,6565670000,1950,428150000,251380201,9.8
06/11/2018,21110,4705029000,223.3(0.13 %),21590,4811109000,480,106080000,251359091,9.8
07/11/2018,26130,5848910000,225(0.76 %),47190,10546950000,21060,4698040000,251407741,9.8
08/11/2018,3560,805440000,225.9(0.40 %),8170,1845310000,4610,1039870000,251401521,9.8
09/11/2018,14080,3180520000,225.9(0.00 %),114110,25650600000,100030,22470080000,251387891,9.8
12/11/2018,15620,3546070000,233(3.14 %),70100,16034570000,54480,12488500000,251365851,9.8
13/11/2018,-93460,-22275358080,237.6(1.97 %),125610,29819782000,219070,52095140080,251459311,9.79
14/11/2018,15450,3691660000,243(2.27 %),84050,20321994000,68600,16630334000,251443861,9.79
15/11/2018,2510,605050000,245(0.82 %),244230,59934010000,241720,59328960000,251328081,9.81
16/11/2018,12900,3152740000,245(0.00 %),71930,17613500000,59030,14460760000,251405221,9.8
19/11/2018,4000,974650000,245.5(0.20 %),57930,14205610000,53930,13230960000,251415891,9.79
20/11/2018,-1920,-471670000,243.5(-0.81 %),7570,1838490000,9490,2310160000,251415041,9.79
21/11/2018,-2170,-496060000,242(-0.62 %),65760,15804690000,67930,16300750000,251388311,9.8
22/11/2018,-1200,-289450000,242(0.00 %),2750,665500000,3950,954950000,251389491,9.8
23/11/2018,-4470,-1071968580,241.5(-0.21 %),40,9592560,4510,1081561140,251393961,9.8
26/11/2018,-2120,-505514000,238.1(-0.58 %),104980,25034581000,107100,25540095000,251396081,9.8
27/11/2018,-11450,-2773276000,242(1.64 %),105880,25540662000,117330,28313938000,251407531,9.8
28/11/2018,-19370,-4750650000,250(3.31 %),10,2470000,19380,4753120000,251429451,9.79
29/11/2018,-66190,-16604630000,250(0.00 %),40830,10256940000,107020,26861570000,251428431,9.79
30/11/2018,-35040,-8681000000,250(0.00 %),42370,10533380000,77410,19214380000,251433391,9.79
03/12/2018,1440,361493000,251(0.40 %),5430,1364890000,3990,1003397000,251447341,9.79
04/12/2018,-3380,-845410000,248(-1.20 %),38670,9703260000,42050,10548670000,251515691,9.78
05/12/2018,4480,1103535000,245.5(-1.01 %),10490,2585182000,6010,1481647000,251511211,9.78
06/12/2018,-600,-144156000,247(0.61 %),3560,875008000,4160,1019164000,251511811,9.78
07/12/2018,-17690,-4408240000,247.3(0.12 %),100360,25003190000,118050,29411430000,251564731,9.77
10/12/2018,-26130,-6448640000,248(0.28 %),10020,2477330000,36150,8925970000,251560721,9.77
11/12/2018,-6620,-1648070000,253(2.02 %),6470,1622480000,13090,3270550000,578611816,4.79
12/12/2018,-16450,-4175762000,253(0.00 %),11360,2879212000,27810,7054974000,578628266,9.77
13/12/2018,-1990,-506100000,250.2(-1.11 %),14930,3762200000,16920,4268300000,578630256,9.77
14/12/2018,-14960,-3748770000,250.4(0.08 %),2230,558570000,17190,4307340000,578650586,9.77
17/12/2018,-21610,-5353790000,250.4(0.00 %),19820,4944480000,41430,10298270000,578658576,9.77
18/12/2018,-5140,-1263300000,250.4(0.00 %),26330,6564830000,31470,7828130000,578649166,9.77
19/12/2018,-9180,-2248000000,250(-0.16 %),52920,13140610000,62100,15388610000,578613436,9.77
20/12/2018,10480,2590570000,247(-1.20 %),74950,18515450000,64470,15924880000,578579916,9.78
21/12/2018,-16050,-3910520000,247(0.00 %),31000,7638700000,47050,11549220000,578580386,9.78
24/12/2018,-9360,-2292010000,246.9(-0.04 %),24440,6033930000,33800,8325940000,578618046,9.77
25/12/2018,-9700,-2332130000,246.9(0.00 %),16880,4167630000,26580,6499760000,578665636,9.76
26/12/2018,1550,389890000,249(0.85 %),3000,747000000,1450,357110000,578664086,9.76
27/12/2018,-430,-106500000,250.8(0.72 %),570,142500000,1000,249000000,578742916,9.75
28/12/2018,-3430,-901230000,267.5(6.66 %),1140,302590000,4570,1203820000,578768356,9.75
02/01/2019,23550,5875619000,248.8(-6.99 %),28310,7070276000,4760,1194657000,578742496,9.75
03/01/2019,18400,4360559000,245.5(-1.33 %),49510,11945138000,31110,7584579000,578724096,9.76
04/01/2019,4600,1118810000,243.2(-0.94 %),7310,1777760000,2710,658950000,578690246,9.76
07/01/2019,-1210,-294857000,244(0.33 %),1220,298195000,2430,593052000,578691456,9.76
08/01/2019,-510,-116860000,244(0.00 %),2210,539230000,2720,656090000,578722686,9.76
09/01/2019,-6000,-1459080000,244(0.00 %),10850,2645460000,16850,4104540000,578714546,9.76
10/01/2019,-12790,-3071090000,240(-1.64 %),11010,2642250000,23800,5713340000,578705966,9.76
11/01/2019,-4020,-960071000,240(0.00 %),3980,953619000,8000,1913690000,578709986,9.76
14/01/2019,-9450,-2252890000,240(0.00 %),18530,4436510000,27980,6689400000,578703026,9.76
15/01/2019,12450,2976190000,239.6(-0.17 %),19130,4576060000,6680,1599870000,578707696,9.76
16/01/2019,10720,2560393000,239(-0.25 %),17500,4179613000,6780,1619220000,578696976,9.76
17/01/2019,13650,3197380000,234.5(-1.88 %),16250,3816100000,2600,618720000,578709926,9.76
18/01/2019,-5230,-1228120000,234.5(0.00 %),5530,1297070000,10760,2525190000,578711076,9.76
21/01/2019,-520,-122300000,234.5(0.00 %),51100,12057960000,51620,12180260000,578716756,9.76
22/01/2019,-1050,-243820000,233.8(-0.30 %),8060,1884440000,9110,2128260000,578711296,9.76
23/01/2019,-2060,-481900000,233.8(0.00 %),7960,1862490000,10020,2344390000,578714096,9.76
24/01/2019,-10350,-2420600000,233(-0.34 %),21620,5038150000,31970,7458750000,578694096,9.76
25/01/2019,-6880,-1602460000,233(0.00 %),3740,870970000,10620,2473430000,578699466,9.76
28/01/2019,-730,-168319000,233(0.00 %),8050,1875641000,8780,2043960000,578731316,9.75
29/01/2019,470,110786000,233(0.00 %),8100,1883376000,7630,1772590000,578730846,9.75
30/01/2019,1770,411270000,233(0.00 %),68990,16058930000,67220,15647660000,578716936,9.76
31/01/2019,-8670,-2017870000,233(0.00 %),35600,8295060000,44270,10312930000,578720176,9.76
01/02/2019,41720,9718620000,233(0.00 %),629220,147743280000,587500,138024660000,578668586,9.76
11/02/2019,-11680,-2728620000,233.3(0.13 %),26900,6284700000,38580,9013320000,578658906,9.77
12/02/2019,-740,-168169000,237.8(1.93 %),2890,683857000,3630,852026000,578681006,9.76
13/02/2019,-6880,-1628894000,236.1(-0.71 %),103500,24603553000,110380,26232447000,578687886,9.76
14/02/2019,-7900,-1876030000,238(0.80 %),88600,21066210000,96500,22942240000,578534206,9.78
15/02/2019,-7150,-1707397000,238.4(0.17 %),31970,7631623000,39120,9339020000,578702936,9.76
18/02/2019,-4080,-978232000,240(0.67 %),1000,239620000,5080,1217852000,578707016,9.76
19/02/2019,12240,2955005000,241(0.42 %),38630,9291045000,26390,6336040000,578694776,9.76
20/02/2019,-21150,-5056454000,244(1.24 %),24280,5876735000,45430,10933189000,578715926,9.76
21/02/2019,12070,2963860000,248(1.64 %),12680,3113450000,610,149590000,578705356,9.76
22/02/2019,-590,-146680000,247(-0.40 %),2310,572520000,2900,719200000,578704436,9.76
25/02/2019,-14750,-3642320000,247.8(0.32 %),0,0,14750,3642320000,578719196,9.76
26/02/2019,-2450,-609860000,247(-0.32 %),26660,6599610000,29110,7209470000,578743816,9.75
27/02/2019,410,101577000,247.5(0.20 %),3000,741394000,2590,639817000,578721236,9.76
28/02/2019,-2550,-605100000,240(-3.03 %),22300,5435300000,24850,6040400000,578736166,9.75
01/03/2019,2460,602770000,242(0.83 %),58000,14046410000,55540,13443640000,578719316,9.76
04/03/2019,-33910,-8260501000,242(0.00 %),7250,1764597000,41160,10025098000,578779186,9.75
05/03/2019,1250,304760000,243.5(0.62 %),1250,304760000,0,0,578738256,9.75
06/03/2019,-240,-58098960,243.9(0.16 %),405050,98338298950,405290,98396397910,578778176,9.75
07/03/2019,0,0,241.1(-1.15 %),0,0,0,0,578778176,9.75
08/03/2019,11470,2780031000,245(1.62 %),18480,4478472000,7010,1698441000,578766706,9.75
11/03/2019,9100,2228660000,245(0.00 %),9750,2388590000,650,159930000,578759596,9.75
12/03/2019,12670,3149260000,252(2.86 %),15040,3741470000,2370,592210000,578749446,9.75
13/03/2019,39410,9904120000,255(1.19 %),43960,11050720000,4550,1146600000,578712496,9.76
14/03/2019,11000,2806940000,253(-0.78 %),22960,5873640000,11960,3066700000,578690186,9.76
15/03/2019,-27320,-6850320000,253.8(0.32 %),10490,2639350000,37810,9489670000,235039479,63.35
18/03/2019,-50830,-12689238000,245.1(-3.43 %),18130,4548752000,68960,17237990000,235090309,63.34
19/03/2019,5920,1459890000,248(1.18 %),86620,21421380000,80700,19961490000,235006519,63.35
20/03/2019,-2470,-612070000,249.5(0.60 %),1950,484500000,4420,1096570000,235042379,63.35
21/03/2019,8130,2027620000,249.4(-0.04 %),8230,2052620000,100,25000000,235103109,63.34
22/03/2019,7460,1865120000,251(0.64 %),10620,2641120000,3160,776000000,235117909,63.34
25/03/2019,200,50000000,248.8(-0.88 %),200,50000000,0,0,235071069,63.34
26/03/2019,-24310,-6032933000,250.8(0.80 %),6150,1533381000,30460,7566314000,235095379,63.34
27/03/2019,-230,-57541000,250.8(0.00 %),70,17549000,300,75090000,235095609,63.34
28/03/2019,-770,-193260000,250(-0.32 %),42940,10731400000,43710,10924660000,235116369,63.34
29/03/2019,25930,6476800000,249.7(-0.12 %),104350,26072670000,78420,19595870000,235042479,63.35
01/04/2019,0,0,249.7(0.00 %),0,0,0,0,235042779,63.35
02/04/2019,-8850,-2185097000,246(-1.48 %),300,73875000,9150,2258972000,235051629,63.35
03/04/2019,-190,-47030000,246.9(0.37 %),50,12340000,240,59370000,235112419,63.34
04/04/2019,330,83600000,249.8(1.17 %),20440,5062220000,20110,4978620000,235092819,63.34
05/04/2019,480,119040000,248(-0.72 %),85480,21352040000,85000,21233000000,235101489,63.34
08/04/2019,80,19950000,249.4(0.56 %),135870,33804350000,135790,33784400000,235101499,63.34
09/04/2019,10410,2554210000,245.1(-1.72 %),594910,147259260000,584500,144705050000,235110699,63.34
10/04/2019,31110,7612128000,247(0.78 %),31300,7658737000,190,46609000,235009409,63.35
11/04/2019,200,48780000,247.5(0.20 %),142970,35170320000,142770,35121540000,235057579,63.35
12/04/2019,-120,-29123000,244.2(-1.33 %),100230,24678773000,100350,24707896000,235009329,63.35
16/04/2019,9330,2281121000,246.2(0.82 %),188430,46054336800,179100,43773215800,234999999,63.35
17/04/2019,5620,1385000000,246.8(0.24 %),172390,42462440000,166770,41077440000,235060759,63.35
18/04/2019,12310,3028880000,231(-6.40 %),110820,26407540000,98510,23378660000,235047799,63.35
19/04/2019,-990,-238440000,240.5(4.11 %),100,24000000,1090,262440000,235048699,63.35
22/04/2019,1340,323760000,243(1.04 %),3530,854280000,2190,530520000,235048269,63.35
23/04/2019,1490,363077000,240.5(-1.03 %),13300,3202328000,11810,2839251000,234980229,63.36
24/04/2019,44910,10781843000,240(-0.21 %),94910,22786043000,50000,12004200000,234935319,63.36
25/04/2019,230,56450000,239(-0.42 %),10270,2454880000,10040,2398430000,234984069,63.36
26/04/2019,46070,10994929000,239.2(0.08 %),56070,13370622000,10000,2375693000,234889019,63.37
02/05/2019,28160,6779419000,243.7(1.88 %),42820,10302248000,14660,3522829000,234939809,63.36
03/05/2019,74320,18075440000,243.7(0.00 %),77880,18941480000,3560,866040000,234829149,63.38
06/05/2019,18210,4381961000,240.5(-1.31 %),218800,52924671000,200590,48542710000,234847279,63.38
07/05/2019,6380,1543273000,241.6(0.46 %),166520,40377223000,160140,38833950000,234840899,63.38
08/05/2019,340,79830000,242.2(0.25 %),149160,36178230000,148820,36098400000,234822579,63.38
09/05/2019,-1900,-463150000,246(1.57 %),347940,85516550000,349840,85979700000,234820809,63.38
10/05/2019,-4230,-1050880000,248(0.81 %),170000,42245160000,174230,43296040000,234820809,63.38
13/05/2019,-1250,-311518000,248(0.00 %),152960,38338565600,154210,38650083600,234847939,63.38
14/05/2019,1150,293070000,253(2.02 %),193650,48700690000,192500,48407620000,234846789,63.38
15/05/2019,1420,365442000,253(0.00 %),100900,25534319000,99480,25168877000,234845369,63.38
16/05/2019,-6400,-1619866000,245(-3.16 %),1200,304222000,7600,1924088000,234851769,63.38
17/05/2019,7150,1840830000,257(4.90 %),26480,6747060000,19330,4906230000,234710089,63.4
20/05/2019,-63180,-16517790000,263(2.33 %),730660,186085490000,793840,202603280000,234799909,63.39
21/05/2019,7980,2101640000,263.7(0.27 %),83570,21973950000,75590,19872310000,234793939,63.39
22/05/2019,14320,3760630000,263.7(0.00 %),45010,11853440000,30690,8092810000,234798259,63.39
23/05/2019,4030,1052300000,261.1(-0.99 %),110110,28953930000,106080,27901630000,234860989,63.38
24/05/2019,8490,2228370000,261.2(0.04 %),12860,3376170000,4370,1147800000,234853719,63.38
27/05/2019,9800,2582740000,265(1.45 %),16480,4346142000,6680,1763402000,234843919,63.38
28/05/2019,38810,10373460000,260(-1.89 %),147440,38996130000,108630,28622670000,234786569,63.39
29/05/2019,640,174080000,260.3(0.12 %),101110,26578060000,100470,26403980000,234784979,63.39
30/05/2019,-7860,-2072679000,263.5(1.23 %),2250,590553000,10110,2663232000,234864329,63.38
31/05/2019,5060,1345680000,267(1.33 %),6340,1686010000,1280,340330000,234801699,63.39
03/06/2019,-11160,-2993160000,270(1.12 %),624090,168098320000,635250,171091480000,234742929,63.39
04/06/2019,5810,1559410000,273(1.11 %),20620,5548778000,14810,3989368000,234737119,63.4
05/06/2019,-14270,-3856215000,274(0.37 %),6070,1637789000,20340,5494004000,234751389,63.39
06/06/2019,1680,441730000,274(0.00 %),66250,17999950000,64570,17558220000,234792629,63.39
07/06/2019,-7650,-2110240000,276.4(0.88 %),17310,4737680000,24960,6847920000,234790129,63.39
10/06/2019,-16540,-4597630000,281.8(1.95 %),69820,19558670000,86360,24156300000,234740649,63.4
11/06/2019,-26990,-7499300000,276(-2.06 %),11330,3156030000,38320,10655330000,234737889,63.4
12/06/2019,-33970,-9183700000,274(-0.72 %),29920,8065280000,63890,17248980000,234732929,63.4
13/06/2019,3640,996180000,274(0.00 %),6170,1689310000,2530,693130000,234813119,63.38
14/06/2019,4790,1304028000,273(-0.36 %),151690,41379763100,146900,40075735100,234763429,63.39
17/06/2019,25100,6765130000,273(0.00 %),111200,29985350000,86100,23220220000,234870499,63.37
18/06/2019,1450,394993000,273(0.00 %),51450,13844993000,50000,13450000000,234736879,63.4
19/06/2019,12920,3531745000,275.5(0.92 %),38010,10392113000,25090,6860368000,234723959,63.4
20/06/2019,20370,5676420000,275(-0.18 %),73830,20634640000,53460,14958220000,234818179,63.38
21/06/2019,350,96796000,278(1.09 %),27040,7512940000,26690,7416144000,234703239,63.4
24/06/2019,-10700,-2970820000,281(1.08 %),10830,3038210000,21530,6009030000,234801899,63.39
25/06/2019,6130,1726710000,281.8(0.28 %),114370,32120450000,108240,30393740000,234800989,63.39
26/06/2019,1690,478970000,282(0.07 %),65610,18483250000,63920,18004280000,234802069,63.39
27/06/2019,-9000,-2447155000,272(-3.55 %),25470,7111407000,34470,9558562000,234715119,63.4
28/06/2019,-4330,-1188080000,275(1.10 %),4510,1230890000,8840,2418970000,234821859,63.38
01/07/2019,5680,1574143000,277.9(1.05 %),12490,3467325000,6810,1893182000,234825779,63.38
02/07/2019,-1180,-327236000,275.2(-0.97 %),5310,1464855000,6490,1792091000,234826959,63.38
03/07/2019,11280,3115810000,276(0.29 %),63490,17529430000,52210,14413620000,234827799,63.38
04/07/2019,-7620,-2111670000,279(1.09 %),2130,586930000,9750,2698600000,234823299,63.38
05/07/2019,1700,473220000,280(0.36 %),13900,3877020000,12200,3403800000,234825069,63.38
08/07/2019,25020,7010150000,281(0.36 %),152840,42802890000,127820,35792740000,234770889,63.39
09/07/2019,15660,4386750000,281(0.00 %),53820,15069190000,38160,10682440000,234726819,63.4
10/07/2019,13410,3797025000,285(1.42 %),379060,107346320400,365650,103549295400,234767509,63.39
11/07/2019,15700,4493395000,286(0.35 %),82180,23506345000,66480,19012950000,234751809,63.39
12/07/2019,16520,4768350000,289(1.05 %),68050,19707130000,51530,14938780000,234759559,63.39
15/07/2019,-6620,-1843890000,282(-2.42 %),51460,14865300000,58080,16709190000,234746559,63.39
16/07/2019,10,2469000,285(1.06 %),95960,27311812880,95950,27309343880,234741899,63.39
17/07/2019,-120,-34910000,286(0.35 %),34750,9924130000,34870,9959040000,234715849,63.4
18/07/2019,35440,10050480000,284(-0.70 %),39000,11060550000,3560,1010070000,234701819,63.4
19/07/2019,-9480,-2638150000,277.1(-2.43 %),8270,2306380000,17750,4944530000,234697509,63.4
22/07/2019,8260,2289290000,277.2(0.04 %),25230,6994820000,16970,4705530000,234707149,63.4
23/07/2019,230,65090000,277.3(0.04 %),4110,1143670000,3880,1078580000,234706599,63.4
24/07/2019,-990,-273310000,277.5(0.07 %),79750,22219780000,80740,22493090000,234674599,63.41
25/07/2019,6850,1922944000,283(1.98 %),17530,4906436000,10680,2983492000,234701709,63.4
26/07/2019,180,67440000,278.9(-1.45 %),32540,9180350000,32360,9112910000,234668739,63.41
29/07/2019,-1900,-530950000,278(-0.32 %),9040,2531990000,10940,3062940000,234710439,63.4
30/07/2019,12220,3431001000,281(1.08 %),21870,6139509000,9650,2708508000,234691209,63.4
31/07/2019,13580,3827798000,279(-0.71 %),42170,11811581000,28590,7983783000,234677629,63.4
01/08/2019,9560,2684060000,281.5(0.90 %),10330,2900510000,770,216450000,234666859,63.41
02/08/2019,14090,3934310000,280(-0.53 %),22910,6392760000,8820,2458450000,234653599,63.41
05/08/2019,4910,1377097000,280.2(0.07 %),29290,8225397000,24380,6848300000,234658189,63.41
06/08/2019,700,197523000,279.2(-0.36 %),31350,8800459000,30650,8602936000,234657489,63.41
07/08/2019,-1020,-280820000,280(0.29 %),60070,16709240000,61090,16990060000,234614109,63.41
08/08/2019,6290,1746838000,280(0.00 %),50360,13961246000,44070,12214408000,234652219,63.41
09/08/2019,620,176438000,275.7(-1.54 %),1280,358400000,660,181962000,234651599,63.41
12/08/2019,450,125860000,274.4(-0.47 %),480,134110000,30,8250000,234634909,63.41
13/08/2019,22810,6366146000,277(0.95 %),30160,8390664000,7350,2024518000,234628339,63.41
14/08/2019,-1350,-369540000,277(0.00 %),21050,5837720000,22400,6207260000,234628429,63.41
15/08/2019,-2010,-572850000,285(2.89 %),0,0,2010,572850000,234631699,63.41
16/08/2019,-54410,-15151991000,276(-3.16 %),15580,4329857000,69990,19481848000,234686109,63.4
19/08/2019,-2890,-798250000,276.5(0.18 %),880,243150000,3770,1041400000,234641749,63.41
20/08/2019,4560,1269240000,276.5(0.00 %),20010,5545510000,15450,4276270000,234623749,63.41
21/08/2019,-1060,-292881000,277.9(0.51 %),52070,14397154000,53130,14690035000,234685499,63.4
22/08/2019,-740,-202665000,276(-0.68 %),12220,3389182000,12960,3591847000,234686239,63.4
23/08/2019,250,75970000,275.6(-0.14 %),30420,8446170000,30170,8370200000,234668249,63.41
26/08/2019,15320,4209430000,273.4(-0.80 %),74600,20478800000,59280,16269370000,234626779,63.41
27/08/2019,-14700,-3993370000,270.1(-1.21 %),40210,10929530000,54910,14922900000,234599529,63.42
28/08/2019,3090,842171000,272(0.70 %),3100,844906000,10,2735000,234682279,63.4
29/08/2019,1900,519970000,273(0.37 %),34810,9506260000,32910,8986290000,234621069,63.41
30/08/2019,-280,-77360000,273(0.00 %),48680,13290588000,48960,13367948000,234680659,63.4
03/09/2019,2070,564010000,272.4(-0.22 %),3070,836410000,1000,272400000,234649239,63.41
04/09/2019,-19490,-5218229000,263.5(-3.27 %),39550,10500525000,59040,15718754000,234671799,63.41
05/09/2019,2080,552140000,266(0.95 %),40660,10795430000,38580,10243290000,234651499,63.41
06/09/2019,-840,-223920000,266(0.00 %),49910,13279980000,50750,13503900000,234647589,63.41
09/09/2019,-10,-2876000,266(0.00 %),11790,3135869000,11800,3138745000,234670569,63.41
10/09/2019,-860,-226670000,263(-1.13 %),5300,1395230000,6160,1621900000,234702519,63.4
11/09/2019,570,149803000,262.5(-0.19 %),11850,3113102000,11280,2963299000,234670859,63.41
12/09/2019,5670,1480950000,261.2(-0.50 %),6670,1741950000,1000,261000000,234701549,63.4
13/09/2019,17520,4569998000,264(1.07 %),17520,4569998000,0,0,234647669,63.41
16/09/2019,-580,-152501000,264(0.00 %),1220,322430000,1800,474931000,234654119,63.41
17/09/2019,1830,482910000,265.9(0.72 %),2050,541190000,220,58280000,234699199,63.4
18/09/2019,5360,1420820000,265.3(-0.23 %),6730,1784320000,1370,363500000,234698339,63.4
19/09/2019,-870,-236498000,265.1(-0.08 %),11730,3093392000,12600,3329890000,234647799,63.41
20/09/2019,7970,2124879000,267(0.72 %),21110,5619541000,13140,3494662000,234639829,63.41
23/09/2019,2520,673320000,265.6(-0.52 %),3250,867480000,730,194160000,234665639,63.41
24/09/2019,1510,408771000,263(-0.98 %),18100,4829126000,16590,4420355000,234635799,63.41
25/09/2019,1890,532760000,263(0.00 %),60130,16262240000,58240,15729480000,234653149,63.41
26/09/2019,-11650,-3074530000,263.5(0.19 %),70,18820000,11720,3093350000,234653809,63.41
27/09/2019,210,54980000,266.5(1.14 %),22130,5846410000,21920,5791430000,234668269,63.41
30/09/2019,-4240,-1121836000,263.6(-1.09 %),1150,305245000,5390,1427081000,234649589,63.41
01/10/2019,-5060,-1328261000,262(-0.61 %),33010,8709942000,38070,10038203000,234696189,63.4
02/10/2019,-1650,-435208000,264.9(1.11 %),2350,620063000,4000,1055271000,234697839,63.4
03/10/2019,-3110,-815082000,262(-1.09 %),50,13222000,3160,828304000,234700949,63.4
04/10/2019,-3320,-859813000,258(-1.53 %),1590,413908000,4910,1273721000,234704269,63.4
07/10/2019,-8160,-2121240000,260(0.78 %),10,2600000,8170,2123840000,234709649,63.4
08/10/2019,-1390,-360950000,258.5(-0.58 %),51420,13367350000,52810,13728300000,234711389,63.4
09/10/2019,-930,-235230000,255.3(-1.24 %),1570,404580000,2500,639810000,234714729,63.4
10/10/2019,70,22832000,255.3(0.00 %),41160,10514815000,41090,10491983000,234714679,63.4
11/10/2019,2650,675623000,257.7(0.94 %),9340,2391916000,6690,1716293000,234712029,63.4
14/10/2019,9750,2515596000,258.5(0.31 %),23060,5941683000,13310,3426087000,234702279,63.4
15/10/2019,-2710,-696690000,256.8(-0.66 %),6550,1685210000,9260,2381900000,234688869,63.4
16/10/2019,4620,1193380000,256(-0.31 %),9430,2430880000,4810,1237500000,234686129,63.4
17/10/2019,-6890,-1753782000,253(-1.17 %),6160,1568536000,13050,3322318000,234707259,63.4
18/10/2019,-4160,-1052096000,252.1(-0.36 %),2350,594804000,6510,1646900000,234711419,63.4
21/10/2019,-12340,-3033340000,245(-2.82 %),160,40500000,12500,3073840000,234704839,63.4
22/10/2019,2490,616399000,251.9(2.82 %),8990,2238573000,6500,1622174000,234721269,63.4
23/10/2019,5740,1446040000,252(0.04 %),22350,5631730000,16610,4185690000,234693059,63.4
24/10/2019,3570,898839000,253(0.40 %),9130,2303038000,5560,1404199000,234711959,63.4
25/10/2019,14350,3681400000,256(1.19 %),82010,21209140000,67660,17527740000,234670919,63.41
28/10/2019,9200,2377990000,257.5(0.59 %),63390,16397040000,54190,14019050000,234674139,63.41
29/10/2019,5480,1451730000,260(0.97 %),208310,54244650000,202830,52792920000,234631389,63.41
30/10/2019,130,30825000,261(0.38 %),15660,4080316000,15530,4049491000,234682799,63.4
31/10/2019,-360,-88638000,260.5(-0.19 %),20360,5319066000,20720,5407704000,234683159,63.4
01/11/2019,390,103110000,260(-0.19 %),4870,1268530000,4480,1165420000,234655179,63.41
04/11/2019,-9980,-2594997000,260(0.00 %),330,86172000,10310,2681169000,234670029,63.41
05/11/2019,-1620,-420370000,260(0.00 %),72610,18945870000,74230,19366240000,234683469,63.4
06/11/2019,-5080,-1320100000,260(0.00 %),52440,13687020000,57520,15007120000,234677379,63.4
07/11/2019,-2440,-624195000,260(0.00 %),18690,4885528000,21130,5509723000,234679169,63.4
08/11/2019,13270,3465020000,260(0.00 %),36290,9461750000,23020,5996730000,234641959,63.41
11/11/2019,-78360,-20313200000,255.1(-1.88 %),4450,1156210000,82810,21469410000,234653159,63.41
12/11/2019,-7750,-1980877000,255(-0.04 %),4310,1109209000,12060,3090086000,234687009,63.4
13/11/2019,-18060,-4568770000,252(-1.18 %),73460,18645570000,91520,23214340000,234669539,63.41
14/11/2019,-24350,-6166390000,252(0.00 %),1460,369510000,25810,6535900000,234750889,63.39
15/11/2019,-16270,-4049980000,252(0.00 %),5329250,1251669620000,5345520,1255719600000,234747899,63.39
18/11/2019,540,137870000,253(0.40 %),7560,1914580000,7020,1776710000,234781859,63.39
19/11/2019,-5260,-1324260000,251(-0.79 %),2520,635920000,7780,1960180000,234805349,63.38
20/11/2019,-12910,-3200650000,246.3(-1.87 %),78670,19508660000,91580,22709310000,234833599,63.38
21/11/2019,-29480,-7104680000,241(-2.15 %),77310,19136710000,106790,26241390000,234792799,63.39
22/11/2019,-43480,-10322158000,235(-2.49 %),660,160415000,44140,10482573000,234836279,63.38
25/11/2019,-16010,-3766542000,233(-0.85 %),7460,1765149000,23470,5531691000,234852289,63.38
26/11/2019,-46260,-10676526000,230(-1.29 %),40180,9423419000,86440,20099945000,234898549,63.37
27/11/2019,-6400,-1477860000,230.5(0.22 %),36580,8470860000,42980,9948720000,234850719,63.38
28/11/2019,-6680,-1532773000,230(-0.22 %),75450,17448803000,82130,18981576000,234911629,63.37
29/11/2019,-42240,-9583860000,226(-1.74 %),216490,49798720000,258730,59382580000,234870779,63.37
02/12/2019,12180,2787803000,229(1.33 %),16570,3792652000,4390,1004849000,234913759,63.37
03/12/2019,-4980,-1140918000,229.1(0.04 %),92750,21260500000,97730,22401418000,234918739,63.37
04/12/2019,-10450,-2410815000,230.7(0.70 %),291940,67155713000,302390,69566528000,234929189,63.37
05/12/2019,5340,1237812000,231.8(0.48 %),92650,21486748880,87310,20248936880,234923849,63.37
06/12/2019,1000,233000000,233(0.52 %),64120,15001765160,63120,14768765160,234922849,63.37
09/12/2019,-10080,-2396864000,235.8(1.20 %),126160,29772836000,136240,32169700000,234932929,63.37
10/12/2019,7390,1722609000,233.1(-1.15 %),55710,13059501000,48320,11336892000,234925539,63.37
11/12/2019,-2380,-554778000,233.1(0.00 %),59130,13835646000,61510,14390424000,234927919,63.37
12/12/2019,-3850,-898187000,233.2(0.04 %),5720,1348558000,9570,2246745000,234931769,63.37
13/12/2019,10,3100000,233.2(0.00 %),5910,1380420000,5900,1377320000,235039839,63.35
16/12/2019,-780,-182100000,233(-0.09 %),2010,469080000,2790,651180000,235041069,63.35
17/12/2019,2090,486970000,233(0.00 %),138770,32453510000,136680,31966540000,234930449,63.37
18/12/2019,-4320,-1007014000,233(0.00 %),15740,3667464000,20060,4674478000,234934769,63.36
19/12/2019,10920,2544570000,233(0.00 %),10920,2544570000,0,0,234923849,63.37
20/12/2019,-7860,-1840026000,234.1(0.47 %),87340,9008168000,95200,10848194000,234931709,63.37
23/12/2019,-14560,-3421410000,234.6(0.21 %),2200,517620000,16760,3939030000,235011719,63.35
24/12/2019,-9030,-2122353000,233(-0.68 %),8590,2003450000,17620,4125803000,234955299,63.36
25/12/2019,-26500,-6161250000,232.5(-0.21 %),43840,10202800000,70340,16364050000,234981799,63.36
26/12/2019,-15340,-3575380000,233.4(0.39 %),750,174077000,16090,3749457000,234997139,63.36
27/12/2019,-30440,-7084750000,230.5(-1.24 %),350,81170000,30790,7165920000,235058909,63.35
30/12/2019,-19380,-4432810000,230(-0.22 %),370,85540000,19750,4518350000,235108879,63.34
31/12/2019,-17960,-4048650000,228(-0.87 %),40,9030000,18000,4057680000,235124929,63.34
02/01/2020,-13430,-3023050000,224(-1.75 %),1220,274270000,14650,3297320000,235154499,63.33
03/01/2020,7760,1755510000,224.6(0.27 %),10780,2436130000,3020,680620000,235163469,63.33
06/01/2020,10550,2361090000,223.8(-0.36 %),306770,68559216000,296220,66198126000,235137409,63.33
07/01/2020,8630,1933120000,224(0.09 %),130730,29297560000,122100,27364440000,235128779,63.33
08/01/2020,13380,2992040000,223.2(-0.36 %),15860,3545960000,2480,553920000,235145219,63.33
09/01/2020,38550,8750850000,227(1.70 %),144550,32612850000,106000,23862000000,235076849,63.34
10/01/2020,43400,10133900000,233.5(2.86 %),80840,18801140000,37440,8667240000,235033449,63.35
13/01/2020,19760,4623263000,233.9(0.17 %),20760,4857163000,1000,233900000,235013689,63.35
14/01/2020,890,206880000,233(-0.38 %),8690,2026170000,7800,1819290000,235050459,63.35
15/01/2020,14370,3354732000,234(0.43 %),19650,4590252000,5280,1235520000,234998429,63.35
16/01/2020,150,36870000,233.3(-0.30 %),6350,1483570000,6200,1446700000,235032899,63.35
17/01/2020,8750,2049420000,234.5(0.51 %),11760,2755250000,3010,705830000,235029899,63.35
20/01/2020,6580,1541640000,236(0.64 %),12610,2963190000,6030,1421550000,235023049,63.35
21/01/2020,2370,562490000,233(-1.27 %),112020,26315790000,109650,25753300000,234980409,63.36
22/01/2020,1380,321100000,232.5(-0.21 %),37660,8772100000,36280,8451000000,234974559,63.36
30/01/2020,-22760,-5149510000,218(-6.24 %),6010,1349380000,28770,6498890000,234974579,63.36
31/01/2020,-9750,-2095910000,212(-2.75 %),8540,1831670000,18290,3927580000,235013789,63.35
03/02/2020,-5880,-1217209000,208.9(-1.46 %),6450,1313271000,12330,2530480000,235021269,63.35
04/02/2020,-19270,-3901000000,203(-2.82 %),133590,27124100000,152860,31025100000,234909999,63.37
05/02/2020,-3650,-703860000,194(-4.43 %),1317240,259934010000,1320890,260637870000,234917049,63.37
06/02/2020,-49920,-9507040000,190(-2.06 %),270550,51942050000,320470,61449090000,234827749,63.38
07/02/2020,16000,3159477000,195(2.63 %),242080,47276438000,226080,44116961000,235098329,63.34
10/02/2020,19230,3767790000,195(0.00 %),160110,31272020000,140880,27504230000,234904229,63.37
11/02/2020,9230,1799735000,194(-0.51 %),18210,3548376000,8980,1748641000,235069869,63.34
12/02/2020,-15380,-2951265000,191(-1.55 %),318450,62093482000,333830,65044747000,235085249,63.34
13/02/2020,-6860,-1310016000,191(0.00 %),50790,9701939000,57650,11011955000,235092109,63.34
14/02/2020,-3910,-742118000,189.8(-0.63 %),333900,63509065500,337810,64251183500,235096019,63.34
17/02/2020,-4100,-762600000,186(-2.00 %),193290,36299400000,197390,37062000000,235100119,63.34
18/02/2020,-13970,-2539290000,178(-4.30 %),248150,44665280000,262120,47204570000,235051549,63.35
19/02/2020,-26990,-4811750000,178(0.00 %),208230,36937580000,235220,41749330000,235027379,63.35
20/02/2020,-4470,-807740000,180(1.12 %),306540,55140520000,311010,55948260000,234798819,63.39
21/02/2020,6940,1253364000,180.6(0.33 %),182280,32881612000,175340,31628248000,235138609,63.33
24/02/2020,20370,3625860000,178(-1.44 %),606420,108686800000,586050,105060940000,235118239,63.34
25/02/2020,3090,553040000,178(0.00 %),6490,1158840000,3400,605800000,235115149,63.34
26/02/2020,21350,3778950000,177(-0.56 %),174730,31147370000,153380,27368420000,235093799,63.34
27/02/2020,10450,1857280000,173.2(-2.15 %),29620,5233270000,19170,3375990000,235059479,63.35
28/02/2020,-17650,-2859660000,162(-6.47 %),74800,12676920000,92450,15536580000,235034519,63.35
02/03/2020,-2460,-418200000,170(4.94 %),164440,27954800000,166900,28373000000,234935379,63.36
03/03/2020,-8060,-1370200000,170(0.00 %),284980,48471600000,293040,49841800000,234943439,63.36
04/03/2020,4440,748080000,169(-0.59 %),53390,9056650000,48950,8308570000,234890579,63.37
05/03/2020,13010,2198910000,169(0.00 %),63510,10734180000,50500,8535270000,234971969,63.36
06/03/2020,-4240,-679904000,162.6(-3.79 %),18110,2989377000,22350,3669281000,234930229,63.37
09/03/2020,1680,260904000,155.3(-4.49 %),224860,34875758000,223180,34614854000,234928549,63.37
10/03/2020,-1820,-285760000,155.3(0.00 %),201910,31344610000,203730,31630370000,235036579,63.35
11/03/2020,36320,5652460000,152(-2.12 %),279820,42720880000,243500,37068420000,235006489,63.35
12/03/2020,-760,-108670000,144.6(-4.87 %),326900,47436880000,327660,47545550000,235052769,63.35
13/03/2020,1950,234610000,144(-0.41 %),293190,41480460000,291240,41245850000,235046299,63.35
16/03/2020,15950,2392500000,150(4.17 %),99370,14401556700,83420,12009056700,234876909,63.37
17/03/2020,-10140,-1477250000,141.1(-5.93 %),6170,888450000,16310,2365700000,235043069,63.35
18/03/2020,6470,889840000,136(-3.61 %),30180,4148710000,23710,3258870000,235044339,63.35
19/03/2020,-11500,-1493930000,127(-6.62 %),7350,955130000,18850,2449060000,235060279,63.35
20/03/2020,-18030,-2270750000,126(-0.79 %),18330,2293800000,36360,4564550000,235058259,63.35
23/03/2020,-15450,-1810740000,117.2(-6.98 %),215730,25283556000,231180,27094296000,234907589,63.37
24/03/2020,-11070,-1312910000,115.5(-1.45 %),4120,485130000,15190,1798040000,235080969,63.34
25/03/2020,-23380,-2682536000,120(3.90 %),84350,10046562000,107730,12729098000,234942039,63.36
26/03/2020,60110,7541310000,125(4.17 %),352720,44090540000,292610,36549230000,234899329,63.37
27/03/2020,50620,6604886000,129.6(3.68 %),118080,15349896000,67460,8745010000,234831309,63.38
30/03/2020,3440,416584000,121.1(-6.56 %),109210,13207631000,105770,12791047000,234827869,63.38
31/03/2020,-3530,-439383000,123(1.57 %),7120,889162000,10650,1328545000,234831399,63.38
01/04/2020,1860,222400000,123.1(0.08 %),114100,14060700000,112240,13838300000,235042009,63.35
03/04/2020,6560,855100000,125(1.54 %),49780,6342640000,43220,5487540000,234997999,63.35
06/04/2020,29110,3835770000,132(5.60 %),75370,9931313000,46260,6095543000,235006339,63.35
07/04/2020,640,87680000,137(3.79 %),39540,5416980000,38900,5329300000,235005699,63.35
08/04/2020,-3240,-434300000,138(0.73 %),50880,7045340000,54120,7479640000,235008939,63.35
09/04/2020,-85160,-12463020000,140(1.45 %),130820,19044580000,215980,31507600000,234815429,63.38
10/04/2020,-17970,-2572950000,141(0.71 %),102170,14650300000,120140,17223250000,234852109,63.38
13/04/2020,-11460,-1611652000,141(0.00 %),14210,2042454000,25670,3654106000,235123529,63.34
14/04/2020,17210,2470550000,143.4(1.70 %),42080,6037610000,24870,3567060000,235065119,63.34
15/04/2020,10940,1607460000,153(6.69 %),141210,21451905000,130270,19844445000,235095379,63.34
16/04/2020,-34170,-5441770000,157.6(3.01 %),68770,11036120000,102940,16477890000,234900999,63.37
17/04/2020,-29260,584442080,165.4(4.95 %),56460,12605398760,85720,12020956680,235158809,63.33
20/04/2020,19550,3435220000,176.9(6.95 %),33670,5894000000,14120,2458780000,234966009,63.36
21/04/2020,-8190,-1344177000,170(-3.90 %),273510,50426092000,281700,51770269000,235147449,63.33
22/04/2020,100,124740000,175(2.94 %),94800,16344197000,94700,16219457000,235147349,63.33
23/04/2020,-6610,-1204546000,180.6(3.20 %),58650,10592757000,65260,11797303000,235153959,63.33
24/04/2020,-950,-156217000,180(-0.33 %),108150,19442355240,109100,19598572240,235154909,63.33
27/04/2020,40570,7257406000,180(0.00 %),51710,9240719000,11140,1983313000,235114339,63.34
28/04/2020,-1570,-273820000,170(-5.56 %),44270,7825990000,45840,8099810000,235047419,63.35
29/04/2020,-19310,-3246890000,163(-4.12 %),77930,13322530000,97240,16569420000,235010369,63.35
04/05/2020,-23350,-3682531000,155(-4.91 %),781150,126024699000,804500,129707230000,234986199,63.36
05/05/2020,-31140,-4739210000,151.7(-2.13 %),50850,7730010000,81990,12469220000,234935349,63.36
06/05/2020,-30870,-4903082000,158(4.15 %),14960,2362720000,45830,7265802000,235048209,63.35
07/05/2020,26590,4444084000,169(6.96 %),29210,4882845000,2620,438761000,235021619,63.35
08/05/2020,-69740,-12205816000,172(1.78 %),146030,25884215000,215770,38090031000,235091359,63.34
11/05/2020,-2530,-448050000,173.1(0.64 %),89800,15490450000,92330,15938500000,235091769,63.34
12/05/2020,19370,3380228000,173.5(0.23 %),30710,5351375000,11340,1971147000,235074519,63.34
13/05/2020,11830,2064694000,172(-0.86 %),79240,13672243000,67410,11607549000,235062689,63.34
14/05/2020,26430,4546098000,172.2(0.12 %),108460,18663803430,82030,14117705430,235036259,63.35
15/05/2020,30530,5309780000,172.2(0.00 %),105230,18273440000,74700,12963660000,235148059,63.33
18/05/2020,23220,4024670000,173(0.46 %),193780,33566970000,170560,29542300000,235098689,63.34
19/05/2020,-4940,-767740000,172(-0.58 %),190360,33493710000,195300,34261450000,235012269,63.35
20/05/2020,-11430,-1969800000,172.5(0.29 %),30870,5363990000,42300,7333790000,234991659,63.36
21/05/2020,-49190,-8623690000,176(2.03 %),130480,23012540000,179670,31636230000,235032189,63.35
22/05/2020,4930,862030000,174(-1.14 %),13310,2322830000,8380,1460800000,235120679,63.34
25/05/2020,13820,2416652000,175(0.57 %),17520,3063780000,3700,647128000,235029319,63.35
26/05/2020,30320,5327320000,175.3(0.17 %),122980,21561100000,92660,16233780000,235170149,63.33
27/05/2020,26350,4621032000,175.2(-0.06 %),101450,17788036000,75100,13167004000,234972649,63.36
28/05/2020,48000,8459460000,175.2(0.00 %),101030,17815460000,53030,9356000000,235064449,63.34
29/05/2020,29130,5137780000,176.4(0.68 %),36050,6357580000,6920,1219800000,235053959,63.35
01/06/2020,24930,4450870000,177.7(0.74 %),55230,9827620000,30300,5376750000,235022329,63.35
02/06/2020,13940,2527846000,183(2.98 %),132290,24160932000,118350,21633086000,235063619,63.34
03/06/2020,10010,1844750000,180(-1.64 %),30010,5491720000,20000,3646970000,234931079,63.37
04/06/2020,7790,1441734000,179(-0.56 %),63450,11510275000,55660,10068541000,235045819,63.35
05/06/2020,-2330,-414230000,179(0.00 %),5860,1052960000,8190,1467190000,234989669,63.36
08/06/2020,1810,323060000,182(1.68 %),60540,11033760000,58730,10710700000,234949129,63.36
09/06/2020,-20700,-3721740000,178.7(-1.81 %),15030,2715230000,35730,6436970000,234957509,63.36
10/06/2020,-3350,-595020000,178(-0.39 %),80720,14424650000,84070,15019670000,234959769,63.36
11/06/2020,19060,3398488000,177(-0.56 %),133790,24022574000,114730,20624086000,235028299,63.35
12/06/2020,-4870,-831204000,172(-2.82 %),28820,5044555000,33690,5875759000,235033169,63.35
15/06/2020,-11950,-1992640000,166(-3.49 %),13690,2340550000,25640,4333190000,234985709,63.36
16/06/2020,-11410,-1898860000,166.1(0.06 %),14490,2448440000,25900,4347300000,234985649,63.36
17/06/2020,-10590,-281369950,166.1(0.00 %),6710,815467400,17300,1096837350,235067119,63.34
18/06/2020,-8990,-1497290000,166.3(0.12 %),9400,1578430000,18390,3075720000,235027969,63.35
19/06/2020,-7170,-1191850000,166.3(0.00 %),27100,4535265310,34270,5727115310,235083279,63.34
22/06/2020,-29510,-4908638000,166(-0.18 %),253860,42698910000,283370,47607548000,235112789,63.34
23/06/2020,-12470,-2051110000,164(-1.20 %),68690,11427360000,81160,13478470000,235074879,63.34
24/06/2020,-27860,-4496883000,160(-2.44 %),28850,4737224000,56710,9234107000,235153119,63.33
25/06/2020,1360,228081000,160(0.00 %),31330,5051043000,29970,4822962000,235151759,63.33
26/06/2020,31970,5262910000,164.8(3.00 %),221200,36165440000,189230,30902530000,235012219,63.35
29/06/2020,8940,1455350000,160.5(-2.61 %),81610,13307560000,72670,11852210000,235027269,63.35
30/06/2020,31970,5262913000,157(-2.18 %),221200,36165444000,189230,30902531000,235055849,63.35
01/07/2020,18590,3009485000,163(3.82 %),42380,6871683000,23790,3862198000,235088139,63.34
02/07/2020,9700,1607932000,166.9(2.39 %),183040,30214117000,173340,28606185000,235078439,63.34
03/07/2020,10250,1745477000,175(4.85 %),94450,16481881000,84200,14736404000,235068189,63.34
06/07/2020,-25080,-4519170000,180.5(3.14 %),107110,19305510000,132190,23824680000,234941019,63.36
07/07/2020,-6300,-1164979000,185.1(2.55 %),208980,39227506000,215280,40392485000,235099569,63.34
08/07/2020,-12280,-2448970000,193(4.27 %),181330,34439390000,193610,36888360000,234726149,63.4
09/07/2020,-106070,-21866648000,205(6.22 %),83620,17134758000,189690,39001406000,235217919,63.32
10/07/2020,-92740,-19375540000,206(0.49 %),45280,9499850000,138020,28875390000,234865569,63.38
13/07/2020,-13640,-2739190000,200(-2.91 %),38530,7754880000,52170,10494070000,235049279,63.35
14/07/2020,-29970,-5868851000,195(-2.50 %),34150,6599728000,64120,12468579000,235354269,63.3
15/07/2020,-71070,-13907050000,191.5(-1.79 %),97430,19127050000,168500,33034100000,235217509,63.32
16/07/2020,-61300,-11786370000,193(0.78 %),197320,37705870000,258620,49492240000,235045679,63.35
17/07/2020,-24270,-4720280000,192(-0.52 %),58430,11281510000,82700,16001790000,235101369,63.34
20/07/2020,35370,6754720000,191(-0.52 %),128090,24470760000,92720,17716040000,235181779,63.33
21/07/2020,9810,1894298000,190.3(-0.37 %),44190,8480144040,34380,6585846040,235465729,63.28
22/07/2020,-13690,-2601090000,190.1(-0.11 %),37500,7171840000,51190,9772930000,235415749,63.29
23/07/2020,24510,4605740000,187.8(-1.21 %),64220,12067666000,39710,7461926000,235454909,63.28
24/07/2020,54980,10001073000,181.1(-3.57 %),181620,33203603000,126640,23202530000,235399929,63.29
27/07/2020,67430,11580141000,173(-4.47 %),296350,50660134200,228920,39079993200,235332499,63.3
28/07/2020,38860,6948380000,180(4.05 %),163210,29116250000,124350,22167870000,235121339,63.34
29/07/2020,16460,3373600000,171(-5.00 %),124200,22187130000,107740,18813530000,235033779,63.35
30/07/2020,16460,3373601000,170.1(-0.53 %),309220,22187131000,292760,18813530000,235260719,63.31
31/07/2020,-127860,-21733520000,168(-1.23 %),116710,19825910000,244570,41559430000,235188499,63.33
03/08/2020,-113410,-19226068000,169(0.60 %),298490,50579640000,411900,69805708000,235277749,63.31
04/08/2020,-386520,-66136870000,171.2(1.30 %),141860,24270660000,528380,90407530000,235275669,63.31
05/08/2020,-56430,-10001410000,176(2.80 %),416640,74014770000,473070,84016180000,235720699,63.24
06/08/2020,-3930,-762520000,182.5(3.69 %),24080,4325390000,28010,5087910000,235461419,63.28
07/08/2020,82560,15094234000,184(0.82 %),94710,17321133000,12150,2226899000,235642069,63.25
10/08/2020,6110,1139140000,179.9(-2.23 %),29210,5342520000,23100,4203380000,235912999,63.21
11/08/2020,27550,4946697000,178.5(-0.78 %),51320,9196575000,23770,4249878000,235608409,63.26
12/08/2020,5760,1032251000,178.9(0.22 %),62840,11260959000,57080,10228708000,235602649,63.26
13/08/2020,3270,589280000,183(2.29 %),23280,4235970000,20010,3646690000,235838819,63.22
14/08/2020,114930,21358776000,185(1.09 %),219690,40793811600,104760,19435035600,235484449,63.28
17/08/2020,37710,6880480000,183.8(-0.65 %),44550,8130450000,6840,1249970000,235699529,63.25
18/08/2020,-17500,-1896007120,180.6(-1.74 %),207620,5929794080,225120,7825801200,235464239,63.28
19/08/2020,-33440,-6046736000,180.6(0.00 %),7360,1331571000,40800,7378307000,235497679,63.28
20/08/2020,3380,617566000,179.6(-0.55 %),37330,6731718000,33950,6114152000,235494299,63.28
21/08/2020,-2190,-388550000,179.6(0.00 %),60910,10959340000,63100,11347890000,235726739,63.24
24/08/2020,25680,4657200000,183(1.89 %),62900,11440480000,37220,6783280000,235734639,63.24
25/08/2020,10460,1942450000,186.5(1.91 %),64540,12024990000,54080,10082540000,235734049,63.24
26/08/2020,46360,8665090000,184.2(-1.23 %),88070,16437660000,41710,7772570000,235722159,63.24
27/08/2020,5160,967624000,183(-0.65 %),22160,4089361000,17000,3121737000,235408829,63.29
28/08/2020,-63650,-11692239360,182(-0.55 %),46190,8495554000,109840,20187793360,235472479,63.28
31/08/2020,-53010,-10097680000,191.5(5.22 %),39080,7427560000,92090,17525240000,235688859,63.25
01/09/2020,-64120,-12226542000,190(-0.78 %),6490,1245832000,70610,13472374000,235705409,63.24
03/09/2020,-130,11530000,193.8(2.00 %),155910,30203640000,156040,30192110000,235719889,63.24
04/09/2020,26250,5083720000,192.2(-0.83 %),83180,16051630000,56930,10967910000,235728799,63.24
07/09/2020,-7810,-1417104000,192.2(0.00 %),54350,10564431000,62160,11981535000,235687099,63.25
08/09/2020,45570,8760700000,191.2(-0.52 %),72290,13874510000,26720,5113810000,235735459,63.24
09/09/2020,12030,2306480000,190(-0.63 %),62060,11818939000,50030,9512459000,235629499,63.26
10/09/2020,-25200,-4767410000,189(-0.53 %),70510,13384830000,95710,18152240000,235784679,63.23
11/09/2020,-22070,-4144730000,188(-0.53 %),28760,5415610000,50830,9560340000,235805659,63.23
14/09/2020,-11860,-2232960000,188.2(0.11 %),2440,459920000,14300,2692880000,235853249,63.22
15/09/2020,-99960,-18895620000,188.2(0.00 %),7690,1460170000,107650,20355790000,235877819,63.22
16/09/2020,-31190,-5877361000,188.2(0.00 %),1110,210252000,32300,6087613000,235730879,63.24
17/09/2020,-53920,-10152448000,188.2(0.00 %),22890,4322614000,76810,14475062000,235784799,63.23
18/09/2020,-148810,-28100960000,188.8(0.32 %),182570,34476310000,331380,62577270000,235994719,63.2
21/09/2020,-25250,-4785888000,190(0.64 %),124000,23618182000,149250,28404070000,235958859,63.21
22/09/2020,-28860,-5438754000,189(-0.53 %),75640,14474222000,104500,19912976000,235987719,63.2
23/09/2020,-21740,-4131700000,190(0.53 %),870,165450000,22610,4297150000,236159879,63.17
24/09/2020,-30840,-5806170000,187(-1.58 %),103840,19612547000,134680,25418717000,236040299,63.19
25/09/2020,-14990,-2793330000,187(0.00 %),95600,17970590000,110590,20763920000,236243259,63.16
28/09/2020,-7320,-1375890000,188(0.53 %),45530,8555980000,52850,9931870000,236220339,63.16
29/09/2020,-38500,-7167870000,185(-1.60 %),17060,3191620000,55560,10359490000,236237959,63.16
30/09/2020,-1430,-251700000,183.3(-0.92 %),89490,16476570000,90920,16728270000,236229169,63.16
01/10/2020,5010,924101000,184.5(0.65 %),108880,20083440000,103870,19159339000,236273139,63.16
02/10/2020,16580,3055870000,184.5(0.00 %),27650,5093790000,11070,2037920000,236301049,63.15
05/10/2020,-1360,-248430000,184.5(0.00 %),49040,9081030000,50400,9329460000,236342929,63.15
06/10/2020,23470,4373500000,186.3(0.98 %),46720,8704290000,23250,4330790000,236300079,63.15
07/10/2020,31470,5887430000,190(1.99 %),36470,6835100000,5000,947670000,236274679,63.16
08/10/2020,17820,3376730000,188(-1.05 %),24540,4642750000,6720,1266020000,236300319,63.15
09/10/2020,-4640,-881367000,193(2.66 %),74810,14230543000,79450,15111910000,236189799,63.17
12/10/2020,-22810,-4475060000,188.1(-2.54 %),186030,35758000000,208840,40233060000,236201629,63.17
13/10/2020,19220,3611235000,184(-2.18 %),34360,6431118000,15140,2819883000,236193389,63.17
14/10/2020,-3920,-743570000,190(3.26 %),26640220,4901941920000,26644140,4902685490000,236184559,63.17
15/10/2020,-302560,-55964800000,190(0.00 %),114390,21743720000,416950,77708520000,236191109,63.17
16/10/2020,-49540,-8892400000,188.5(-0.79 %),95830,18114540000,145370,27006940000,236110419,63.18
19/10/2020,1870,457940000,187.7(-0.42 %),195120,36670529000,193250,36212589000,236547539,63.11
20/10/2020,-20290,-3721431000,185.6(-1.12 %),140970,26172112700,161260,29893543700,236567829,63.11
21/10/2020,-12780,-2374830000,185.7(0.05 %),35900,6669570000,48680,9044400000,236499769,63.12
22/10/2020,-12900,-2388440000,185(-0.38 %),5960,1101980000,18860,3490420000,236586509,63.11
23/10/2020,-64960,-12066375000,185.8(0.43 %),146260,27158522000,211220,39224897000,236658469,63.1
26/10/2020,-14590,-2719690000,185(-0.43 %),3280,615430000,17870,3335120000,236664019,63.1
27/10/2020,-7810,-1445910000,185.1(0.05 %),10050,1862720000,17860,3308630000,236672829,63.09
28/10/2020,6300,1175017000,184.5(-0.32 %),74080,13715701420,67780,12540684420,236674569,63.09
29/10/2020,11170,2066320000,184.5(0.00 %),42890,7930340000,31720,5864020000,236715949,63.09
30/10/2020,420,76970000,184.3(-0.11 %),42790,7892370000,42370,7815400000,236691769,63.09
02/11/2020,17050,3163670000,185.5(0.65 %),52990,9809850000,35940,6646180000,236684629,63.09
03/11/2020,-21300,-3930617000,185.5(0.00 %),146820,27123457990,168120,31054074990,236758919,63.08
04/11/2020,13850,2562560000,185.5(0.00 %),37770,6994560000,23920,4432000000,236691839,63.09
05/11/2020,-5620,-1038751000,184.5(-0.54 %),13010,2416732000,18630,3455483000,236750689,63.08
06/11/2020,13310,2454470000,184.1(-0.22 %),59860,11037300000,46550,8582830000,236714919,63.09
09/11/2020,-27310,-5039440000,183.7(-0.22 %),183130,33705620000,210440,38745060000,236705709,63.09
10/11/2020,26620,4892390000,182(-0.93 %),80230,14756470000,53610,9864080000,236685539,63.09
11/11/2020,-40640,-7387570000,181.8(-0.11 %),12080,2210000000,52720,9597570000,236720009,63.09
12/11/2020,10330,1890470000,183.4(0.88 %),16450,3010894000,6120,1120424000,236768379,63.08
13/11/2020,17040,3144310000,185(0.87 %),20520,3788070000,3480,643760000,236755659,63.08
16/11/2020,-82840,-15231180000,181.8(-1.73 %),24400,4517094000,107240,19748274000,236834179,63.07
17/11/2020,-139920,-25481160000,182.2(0.22 %),5340,972530000,145260,26453690000,236786709,63.08
18/11/2020,1880,374940000,183.6(0.77 %),109310,20159591000,107430,19784651000,236972219,63.05
19/11/2020,73070,13584916000,193.7(5.50 %),123040,23075461000,49970,9490545000,236899149,63.06
20/11/2020,84840,16289180000,192(-0.88 %),111740,21450315000,26900,5161135000,236814309,63.07
23/11/2020,30860,5874210000,190.5(-0.78 %),50150,9554640000,19290,3680430000,236760229,63.08
24/11/2020,35040,6640300000,189.2(-0.68 %),48320,9161100000,13280,2520800000,236761879,63.08
25/11/2020,36370,6998840000,192.2(1.59 %),79570,15298810000,43200,8299970000,236709959,63.09
26/11/2020,39870,7796820000,195(1.46 %),168800,32968880000,128930,25172060000,236561049,63.11
27/11/2020,-1040,-204120000,193.5(-0.77 %),223270,43526300000,224310,43730420000,236551059,63.11
30/11/2020,22500,4314760000,191.5(-1.03 %),199900,38303805000,177400,33989045000,236528559,63.12
01/12/2020,58940,11244780000,193.5(1.04 %),75670,14462390000,16730,3217610000,236498349,63.12
02/12/2020,5774,11230230000,196.8(1.71 %),11808,23086250000,6034,11856020000,236404669,63.14
03/12/2020,6583,12885210000,195(-0.91 %),7456,14590150000,873,1704940000,236456779,63.13
04/12/2020,60440,12169430000,202(3.59 %),78180,15758520000,17740,3589090000,236395329,63.14
07/12/2020,39970,8249770000,207(2.48 %),49180,10140080000,9210,1890310000,236405739,63.14
08/12/2020,30160,6255289000,206(-0.48 %),214510,44459175350,184350,38203886350,236319879,63.15
09/12/2020,-28190,-5398297200,200.5(-2.67 %),77430,4830267420,105620,10228564620,236348069,63.14
10/12/2020,5330,1082480000,198.1(-1.20 %),10710,2151700000,5380,1069220000,236302839,63.15
11/12/2020,22520,4561630000,204.7(3.33 %),30640,6210480000,8120,1648850000,236340679,63.15
14/12/2020,22160,4522336000,204(-0.34 %),85450,17438931000,63290,12916595000,236298059,63.15
15/12/2020,-6489,-12922320000,199(-2.45 %),6866,13801720000,13355,26724040000,236347569,63.14
16/12/2020,-704,-1408050000,199.1(0.05 %),2732,5471900000,3436,6879950000,236348369,63.14
17/12/2020,13390,2671695000,198(-0.55 %),68290,13517609000,54900,10845914000,236356599,63.14
18/12/2020,2290,489020000,201.8(1.92 %),57720,11481690000,55430,10992670000,236318799,63.15
21/12/2020,13120,2630896000,200(-0.89 %),35860,7179194000,22740,4548298000,236341189,63.15
22/12/2020,-4460,-1105199400,199.5(-0.25 %),42120,7907037000,46580,9012236400,236345649,63.14
23/12/2020,-5570,-1108014000,197(-1.25 %),49010,9764234000,54580,10872248000,236351219,63.14
24/12/2020,3150,6213690000,198(0.51 %),4388,8660110000,1238,2446420000,236300709,63.15
25/12/2020,-265,-523230000,198(0.00 %),718,1419950000,983,1943180000,236339359,63.15
28/12/2020,-51850,-10225050000,197.1(-0.45 %),8390,1652740000,60240,11877790000,236385549,63.14
29/12/2020,48610,9948232960,199.9(1.42 %),53710,10528660100,5100,580427140,236325609,63.15
30/12/2020,3290,671825280,200(0.05 %),43540,8705735920,40250,8033910640,236322319,63.15
31/12/2020,8710,1795740000,195(-2.50 %),57900,11421616000,49190,9625876000,236301799,63.15
04/01/2021,-16900,-3192290000,199.4(2.26 %),66600,13235910000,83500,16428200000,236251349,63.16
05/01/2021,48200,9612050000,199(-0.20 %),101300,20196570000,53100,10584520000,236203149,63.17
06/01/2021,-26800,-5235550000,198.5(-0.25 %),57800,11427330000,84600,16662880000,236229949,63.16
07/01/2021,-26900,-5280810000,197.8(-0.35 %),52400,10365280000,79300,15646090000,236256849,63.16
08/01/2021,-18900,-3742560000,198.2(0.20 %),73100,14523030000,92000,18265590000,236275749,63.16
11/01/2021,-17300,-3487610000,202.3(2.07 %),46300,9386970000,63600,12874580000,236293049,63.15
12/01/2021,-5440,-11098560000,205.5(1.58 %),6020,12350950000,11460,23449510000,236275389,63.16
13/01/2021,-14400,-3004750000,207.1(0.78 %),73700,15398860000,88100,18403610000,236361849,63.14
14/01/2021,11900,2514710000,205(-1.01 %),114800,23832820000,102900,21318110000,236349949,63.14
15/01/2021,-11320,-22797740000,200.5(-2.20 %),620,1256130000,11940,24053870000,236352189,63.14
18/01/2021,-50000,-9917350000,200.4(-0.05 %),5800,1148710000,55800,11066060000,236513149,63.12
19/01/2021,-4950,-9532670000,193(-3.69 %),18373,36740090000,23323,46272760000,236506989,63.12
20/01/2021,34600,6678660000,194.7(0.88 %),1215260,241744700000,1180660,235066040000,236528049,63.12
21/01/2021,-31400,-6056950000,194(-0.36 %),82900,16014510000,114300,22071460000,236559449,63.11
22/01/2021,-170,-333750000,194(0.00 %),7620,14726490000,7790,15060240000,236434219,63.13
25/01/2021,-950,-1802250000,194(0.00 %),7620,14738690000,8570,16540940000,236476239,63.12
26/01/2021,-30300,-5741120000,190(-2.06 %),144000,27125580000,174300,32866700000,236600949,63.1
27/01/2021,-22600,-4195350000,186.8(-1.68 %),147600,27350250000,170200,31545600000,236623549,63.1
28/01/2021,70700,12486910000,173.8(-6.96 %),122200,21632560000,51500,9145650000,236552849,63.11
29/01/2021,224300,37414340000,161.7(-6.96 %),230900,38560520000,6600,1146180000,236328549,63.15
01/02/2021,-4500,-778500000,173(6.99 %),107800,18649400000,112300,19427900000,236187839,63.17
02/02/2021,7200,1296930000,179(3.47 %),540700,96595903500,533500,95298973500,236386939,63.14
03/02/2021,-52800,-9449310000,179(0.00 %),133700,23872125500,186500,33321435500,236439739,63.13
04/02/2021,930,1696930000,182.1(1.73 %),28330,51472050000,27400,49775120000,235787339,63.23
05/02/2021,5100,924480000,181.9(-0.11 %),267300,48631647200,262200,47707167200,236425339,63.13
08/02/2021,-2520,-4464560000,174(-4.34 %),6240,10946200000,8760,15410760000,236212439,63.17
09/02/2021,32400,5789600000,180.2(3.56 %),66700,11833190000,34300,6043590000,236418139,63.13
17/02/2021,-1020,-1854480000,181.4(0.67 %),9170,16571120000,10190,18425600000,236336439,63.15
18/02/2021,8580,16019090000,192.5(6.12 %),14560,27046980000,5980,11027890000,236278439,63.16
19/02/2021,63800,12177300000,191.7(-0.42 %),124900,23793930000,61100,11616630000,236278739,63.16
22/02/2021,-4000,-755610000,190(-0.89 %),75700,14288799800,79700,15044409800,236282739,63.15
23/02/2021,-10500,-19583410000,186(-2.11 %),7370,13792690000,17870,33376100000,236231859,63.16
24/02/2021,16800,3109200000,185.3(-0.38 %),116900,21710423200,100100,18601223200,236370939,63.14
25/02/2021,40,81850000,187.5(1.19 %),6190,11575130000,6150,11493280000,236246559,63.16
26/02/2021,-220,-399790000,188(0.27 %),4150,7739070000,4370,8138860000,236383759,63.14
01/03/2021,-60800,-11262800000,187.8(-0.11 %),33100,6158280000,93900,17421080000,236399459,63.14
02/03/2021,-2700,-4976150000,185.4(-1.28 %),5250,9695250000,7950,14671400000,236375359,63.14
03/03/2021,-3450,-6316000000,182.8(-1.40 %),21790,39836990000,25240,46152990000,236378349,63.14
04/03/2021,-77900,-13893420000,178(-2.63 %),102100,18512770000,180000,32406190000,236538859,63.11
05/03/2021,-6080,-10723400000,176.5(-0.84 %),9700,17096110000,15780,27819510000,236372709,63.14
08/03/2021,-10160,-17824110000,175(-0.85 %),6660,11676490000,16820,29500600000,236381409,63.14
09/03/2021,-100900,-17470270000,173(-1.14 %),37200,6437490000,138100,23907760000,236802159,63.07
10/03/2021,-102500,-17764160000,173.3(0.17 %),65800,11396970000,168300,29161130000,236904659,63.06
11/03/2021,-53700,-9413160000,176(1.56 %),98700,17296330000,152400,26709490000,236958359,63.05
12/03/2021,3100,547240000,178(1.14 %),101600,17992870000,98500,17445630000,236955259,63.05
15/03/2021,1490,2642980000,177(-0.56 %),7750,13732170000,6260,11089190000,236863129,63.06
16/03/2021,4760,8477040000,180.6(2.03 %),5450,9706590000,690,1229550000,236961059,63.05
17/03/2021,-1150,-2057870000,179.2(0.11 %),5750,10309160000,6900,12367030000,236932009,63.05
18/03/2021,2700,4873640000,180.6(0.78 %),3930,7091110000,1230,2217470000,236955369,63.05
19/03/2021,-11200,-1993840000,180(-0.33 %),32400,5770930000,43600,7764770000,236888459,63.06
22/03/2021,-260,-460320000,179(-0.56 %),1270,2261120000,1530,2721440000,236986189,63.04
23/03/2021,-21800,-3840150000,178(-0.56 %),800,140590000,22600,3980740000,236912859,63.06
24/03/2021,9500,1675820000,175.5(-1.40 %),25300,4444900000,15800,2769080000,236903359,63.06
25/03/2021,-4620,-8086190000,175(-0.28 %),6740,11797580000,11360,19883770000,236963919,63.05
26/03/2021,-2400,-4162440000,173(-1.14 %),2310,4006810000,4710,8169250000,236963329,63.05
29/03/2021,-4570,-7913530000,173.3(0.17 %),2830,4901890000,7400,12815420000,236950879,63.05
30/03/2021,-4190,-7259790000,175(0.98 %),3220,5585260000,7410,12845050000,237032279,63.04
31/03/2021,-920,-1567880000,180(2.86 %),8970,15604330000,9890,17172210000,236989829,63.04
01/04/2021,5900,1060050000,179(-0.56 %),116800,20911330000,110900,19851280000,237063829,63.03
02/04/2021,2650,4744380000,180(0.56 %),4660,8344250000,2010,3599870000,236974529,63.05
05/04/2021,3990,8152510000,179.5(-0.28 %),14700,27573010000,10710,19420500000,236926429,63.05
06/04/2021,-113800,-20030800000,178(-0.84 %),33200,5888280000,147000,25919080000,237111229,63.03
07/04/2021,1360,2422460000,177(-0.56 %),21330,37896410000,19970,35473950000,236910929,63.06
08/04/2021,-33500,-5811270000,174(-1.69 %),66800,11757980000,100300,17569250000,237131129,63.02
09/04/2021,-5980,-10459470000,174(0.00 %),11260,19716160000,17240,30175630000,237086029,63.03
12/04/2021,-24000,-4163910000,175(0.57 %),125000,21939520000,149000,26103430000,237214929,63.01
13/04/2021,-2910,-5064160000,173.4(-0.91 %),30500,53103570000,33410,58167730000,237111029,63.03
14/04/2021,-9700,-16731490000,172.7(-0.40 %),11270,19457130000,20970,36188620000,237223529,63.01
15/04/2021,-23800,-4091610000,171.7(-0.58 %),65800,11391380000,89600,15482990000,237364829,62.99
16/04/2021,20000,3429490000,169.1(-1.51 %),65100,11114180000,45100,7684690000,237344829,62.99
19/04/2021,-15100,-2503960000,170(0.53 %),66600,11240780000,81700,13744740000,237359929,62.99
20/04/2021,-67600,-11507990000,170(0.00 %),145600,24766180000,213200,36274170000,237427529,62.98
22/04/2021,1700,289130000,167.6(-1.41 %),60900,10301810000,59200,10012680000,237425829,62.98
23/04/2021,1260,2129010000,170(1.43 %),9920,16667520000,8660,14538510000,237351829,62.99
26/04/2021,1670,2976170000,170(0.00 %),17490,29728970000,15820,26752800000,237388739,62.98
27/04/2021,36100,6139710000,169.8(-0.12 %),72400,12292430000,36300,6152720000,237360429,62.99
28/04/2021,3080,5230590000,169.8(0.00 %),11760,19937270000,8680,14706680000,237384669,62.98
29/04/2021,-4080,-6747760000,167.1(-1.59 %),29870,49815780000,33950,56563540000,237397469,62.98
04/05/2021,-490,-718040000,161.2(-3.53 %),15850,26006580000,16340,26724620000,237275269,63.0
05/05/2021,-35900,-5775670000,160.4(-0.50 %),145200,23314220000,181100,29089890000,237469669,62.97
06/05/2021,-9020,-14113010000,156(-2.74 %),21540,34164060000,30560,48277070000,237179079,63.01
07/05/2021,-3550,-5463450000,153(-1.92 %),9110,13940470000,12660,19403920000,237251379,63.0
10/05/2021,-158000,-23905900000,150.5(-1.63 %),117800,17817510000,275800,41723410000,237753369,62.93
11/05/2021,-15300,-23408340000,152.2(1.13 %),8500,13013140000,23800,36421480000,237572279,62.95
12/05/2021,-40000,-6074450000,151.7(-0.33 %),5100,773870000,45100,6848320000,237946369,62.9
13/05/2021,-97900,-14980980000,154.2(1.65 %),213300,32686660000,311200,47667640000,238044269,62.88
14/05/2021,-11670,-18063790000,154.9(0.45 %),16050,24819150000,27720,42882940000,237831779,62.91
17/05/2021,-4740,-7345730000,154.5(-0.26 %),13180,20435320000,17920,27781050000,237795079,62.92
18/05/2021,57600,8880140000,154(-0.32 %),208900,32217280000,151300,23337140000,238150769,62.86
19/05/2021,-4070,-6254000000,153.5(-0.32 %),25450,39040620000,29520,45294620000,238036779,62.88
20/05/2021,3120,4747620000,152.1(-0.91 %),20620,31363160000,17500,26615540000,238081779,62.87
21/05/2021,-3520,-5276120000,150.2(-1.25 %),12690,19116810000,16210,24392930000,238126179,62.87
24/05/2021,-13400,-2049040000,153.9(2.46 %),123800,19003180800,137200,21052220800,238208869,62.85
25/05/2021,-2370,-3702910000,157.9(2.60 %),11680,18295450000,14050,21998360000,238122779,62.87
26/05/2021,5990,9634980000,163.8(3.74 %),7750,12454080000,1760,2819100000,238127379,62.87
27/05/2021,9750,15883380000,163(-0.49 %),28590,46577720000,18840,30694340000,238048079,62.88
28/05/2021,45400,7406590000,161.5(-0.92 %),151600,24664190000,106200,17257600000,238029769,62.88
31/05/2021,-38000,-5944320000,155.5(-3.72 %),56600,8840500000,94600,14784820000,238067769,62.88
01/06/2021,1150,1793940000,154(-0.96 %),11250,17474060000,10100,15680120000,237948879,62.89
02/06/2021,-800,-124500000,152(-1.30 %),113100,17255440000,113900,17379940000,237949679,62.89
03/06/2021,8500,1311890000,153.9(1.25 %),239000,36571350800,230500,35259460800,237941179,62.9
04/06/2021,-46400,-7084080000,153.7(-0.13 %),108000,16630250000,154400,23714330000,237987579,62.89
07/06/2021,6910,10667570000,155.1(0.91 %),7400,11419990000,490,752420000,237914879,62.9
08/06/2021,-26300,-4146490000,156.8(1.10 %),157400,24885220000,183700,29031710000,237944779,62.9
09/06/2021,900,1415780000,156.9(0.06 %),10600,16637670000,9700,15221890000,237966979,62.89
10/06/2021,-34440,-55259300000,160(1.98 %),43910,70371700000,78350,125631000000,237795879,62.92
11/06/2021,35200,5799030000,164.1(2.56 %),383100,62860730000,347900,57061700000,238244979,62.85
14/06/2021,1000,170710000,165.5(0.85 %),167300,27703840000,166300,27533130000,238243979,62.85
15/06/2021,79500,13315550000,168.5(1.81 %),375200,62927860000,295700,49612310000,238164479,62.86
16/06/2021,-163000,-27389581600,169(0.30 %),155000,26066450000,318000,53456031600,238327479,62.84
17/06/2021,-3966,-6610380000,166(-1.78 %),26550,44259140000,30516,50869520000,238175169,62.86
18/06/2021,70400,11956790000,171.2(3.13 %),135500,23056448000,65100,11099658000,238087279,62.87
21/06/2021,-1310,-2235210000,170(-0.70 %),5330,9077960000,6640,11313170000,238434069,62.82
22/06/2021,-25200,-4291280000,167.1(-1.71 %),128900,22002767200,154100,26294047200,238125579,62.87
23/06/2021,49400,8404290000,170.2(1.86 %),217800,37037730000,168400,28633440000,238076179,62.87
24/06/2021,39600,6792730000,171.9(1.00 %),91300,15685200000,51700,8892470000,238036579,62.88
25/06/2021,5380,9241040000,171.9(0.00 %),7220,12404740000,1840,3163700000,238300669,62.84
28/06/2021,58700,10055210000,171.1(-0.47 %),214900,36917730000,156200,26862520000,237924079,62.9
29/06/2021,35200,5986160000,169.6(-0.88 %),159300,27084510000,124100,21098350000,237888879,62.9
30/06/2021,48400,8175180000,169.1(-0.29 %),70500,11910520000,22100,3735340000,237840479,62.91
01/07/2021,1280,2177910000,167.7(-0.83 %),8980,15092060000,7700,12914150000,238190919,62.86
02/07/2021,-23400,-3908440000,169.2(0.89 %),106900,17874030000,130300,21782470000,238304119,62.84
05/07/2021,-3650,-6078510000,166.5(-1.60 %),15250,25373340000,18900,31451850000,238187719,62.86
06/07/2021,620,1021810000,164(-1.50 %),7250,11954980000,6630,10933170000,238232219,62.85
07/07/2021,2800,4559750000,162.5(-0.91 %),31300,50901880000,28500,46342130000,238098819,62.87
08/07/2021,-29400,-2788034000,162.5(0.00 %),248450,16517480500,277850,19305514500,238335819,62.83
09/07/2021,600,91390000,160(-1.54 %),34700,5600940000,34100,5509550000,238335219,62.83
12/07/2021,3690,5853480000,158.8(-0.75 %),10050,15919920000,6360,10066440000,238113819,62.87
13/07/2021,26400,4156250000,157(-1.13 %),69500,10941720000,43100,6785470000,238271919,62.84
14/07/2021,22600,3664870000,160(1.91 %),133200,21257020000,110600,17592150000,238249319,62.85
15/07/2021,-6510,-10283740000,159.9(-0.06 %),9170,14539470000,15680,24823210000,238097319,62.87
16/07/2021,2060,3318390000,158(-1.19 %),6040,9628810000,3980,6310420000,238080019,62.87
19/07/2021,1330,2057710000,154.5(-2.22 %),6510,10054220000,5180,7996510000,238125519,62.87
20/07/2021,-11520,-17825200000,155(0.32 %),4060,6282100000,15580,24107300000,238181739,62.86
21/07/2021,-270,-423520000,156.8(1.16 %),9050,14212180000,9320,14635700000,238131039,62.87
22/07/2021,-68400,-10672960000,156.3(-0.32 %),175000,27275621200,243400,37948581200,238466819,62.81
23/07/2021,-17680,-27376300000,153.6(-1.73 %),3730,5804400000,21410,33180700000,238265249,62.85
26/07/2021,-51100,-7842890000,153.5(-0.07 %),16100,2470800000,67200,10313690000,238694719,62.78
27/07/2021,-4230,-6542680000,154.5(0.65 %),1310,2027270000,5540,8569950000,238433749,62.82
28/07/2021,-15100,-2343100000,154.5(0.00 %),6300,973590000,21400,3316690000,238752119,62.77
29/07/2021,-2620,-4081520000,157(1.62 %),930,1450500000,3550,5532020000,238699449,62.78
30/07/2021,-281700,-44813700000,159(1.27 %),24000,3818280000,305700,48631980000,239060019,62.72
02/08/2021,-172100,-26870240000,155.1(-2.45 %),9400,1467720000,181500,28337960000,238752249,62.77
03/08/2021,-49400,-7683440000,155.3(0.13 %),26600,4142230000,76000,11825670000,238801649,62.76
04/08/2021,-3200,-503530000,157.3(1.29 %),8000,1258340000,11200,1761870000,238804849,62.76
05/08/2021,-104500,-16244860000,155.7(-1.02 %),48900,7597770000,153400,23842630000,238909349,62.74
06/08/2021,-49400,-7683450000,155.2(-0.32 %),30400,4734860000,79800,12418310000,238958749,62.74
09/08/2021,-67600,-10518740000,155.1(-0.06 %),14100,2199630000,81700,12718370000,239026349,62.73
10/08/2021,-162500,-25190710000,154.1(-0.64 %),56600,8803050000,219100,33993760000,239188849,62.7
11/08/2021,-93700,-14483200000,154.2(0.06 %),24600,3801650000,118300,18284850000,239282549,62.69
12/08/2021,-100000,-15358010000,153.1(-0.71 %),20300,3112490000,120300,18470500000,239382549,62.67
13/08/2021,-42700,-5838835000,151.8(-0.85 %),24200,3460615000,66900,9299450000,239425249,62.66
16/08/2021,-51100,-7750160000,151.6(-0.13 %),25100,3811130000,76200,11561290000,239476349,62.66
17/08/2021,-261700,-38708700000,145.5(-4.02 %),59700,8817240000,321400,47525940000,239948649,62.58
18/08/2021,-105500,-15455930000,146(0.34 %),196210,28959710000,301710,44415640000,240054149,62.57
19/08/2021,-176100,-25749520000,148(1.37 %),239500,35093200000,415600,60842720000,240230249,62.54
20/08/2021,-96100,-13924630000,143(-3.38 %),93400,13539310000,189500,27463940000,240326349,62.52
23/08/2021,-9400,-1332810000,140(-2.10 %),160600,22599570000,170000,23932380000,240335749,62.52
24/08/2021,106300,15017290000,142.4(1.71 %),112500,15891120000,6200,873830000,240229449,62.54
25/08/2021,95000,13856880000,147.2(3.37 %),115800,16882520000,20800,3025640000,240134449,62.55
26/08/2021,108400,15983700000,147.6(0.27 %),194500,28708480000,86100,12724780000,240026049,62.57
27/08/2021,36500,5386290000,148.5(0.61 %),75500,11109340000,39000,5723050000,239989549,62.58
30/08/2021,40100,5937110000,147.2(-0.88 %),274380,40626070000,234280,34688960000,239949449,62.58
31/08/2021,111300,16584050000,150(1.90 %),123100,18343280000,11800,1759230000,239838149,62.6
01/09/2021,10400,1548040000,148.7(-0.87 %),93100,13867310000,82700,12319270000,240083689,62.56
06/09/2021,14800,2216200000,149.2(0.34 %),54700,8156010000,39900,5939810000,240068889,62.56
07/09/2021,68600,10312310000,148.7(-0.34 %),93300,13999460000,24700,3687150000,240000289,62.57
08/09/2021,-8100,-1198660000,149.9(0.81 %),80200,11958743000,88300,13157403000,240008389,62.57
09/09/2021,-14800,-2197030000,148.8(-0.73 %),153400,22842230000,168200,25039260000,240023189,62.57
10/09/2021,61200,9212570000,151.4(1.75 %),114600,17269750000,53400,8057180000,239961989,62.58
13/09/2021,417600,66999780000,161.5(6.67 %),632000,101619560000,214400,34619780000,239544389,62.65
14/09/2021,166000,27903850000,166(2.79 %),310200,51978674800,144200,24074824800,239378389,62.67
15/09/2021,74200,12153040000,166(0.00 %),180700,29584490000,106500,17431450000,239304189,62.68
16/09/2021,21000,3425510000,161(-3.01 %),128700,20857600000,107700,17432090000,239283189,62.69
17/09/2021,131000,21085450000,161(0.00 %),1681500,270557420000,1550500,249471970000,239152189,62.71
20/09/2021,7700,1237540000,158.3(-1.68 %),31800,5077380000,24100,3839840000,239144489,62.71
21/09/2021,19300,3042930000,158(-0.19 %),47600,7509440000,28300,4466510000,239125189,62.71
22/09/2021,-11700,-1851530000,158(0.00 %),39900,6327230000,51600,8178760000,239136889,62.71
23/09/2021,34500,5456500000,158.2(0.13 %),56200,8900900000,21700,3444400000,239102389,62.71
24/09/2021,37000,5887780000,160(1.14 %),43000,6838760000,6000,950980000,239065389,62.72
27/09/2021,-3700,-584120000,159(-0.62 %),46500,7404200000,50200,7988320000,239069089,62.72
28/09/2021,-59000,-9276440000,157.1(-1.19 %),80900,12719852500,139900,21996292500,239128089,62.71
29/09/2021,10300,1588100000,156.8(-0.19 %),129200,20056580000,118900,18468480000,239117789,62.71
30/09/2021,-17600,-2758760000,156.4(-0.26 %),41300,6474970000,58900,9233730000,239135389,62.71
01/10/2021,-12500,-1910280000,154.2(-1.41 %),187250,28087985000,199750,29998265000,239009119,62.73
04/10/2021,-4600,-707840000,155(0.52 %),7100,1118720000,11700,1826560000,239013719,62.73
05/10/2021,-33500,-5272070000,160.5(3.55 %),21100,3352330000,54600,8624400000,239047219,62.72
06/10/2021,-4500,-712050000,158.4(-1.31 %),4300,679340000,8800,1391390000,239051719,0.0
07/10/2021,8300,1319110000,158.6(0.13 %),21800,3456820000,13500,2137710000,239043419,0.0
08/10/2021,81000,13096810000,162.7(2.59 %),93500,15111550000,12500,2014740000,238962419,0.0
11/10/2021,-3600,360305000,163(0.18 %),8300,1162802500,11900,802497500,238966019,0.0
12/10/2021,1300,220370000,163(0.00 %),27800,4546440000,26500,4326070000,238964719,0.0
13/10/2021,-44800,-7261040000,161(-1.23 %),59100,9654510000,103900,16915550000,239009519,0.0
14/10/2021,-43500,-6997170000,160(-0.62 %),53200,8584870000,96700,15582040000,239053019,0.0
15/10/2021,-1200,-194170000,162.8(1.75 %),21000,3412050000,22200,3606220000,239054219,0.0
18/10/2021,-86300,-13816210000,160(-1.72 %),203400,32575520000,289700,46391730000,239140519,0.0
19/10/2021,-58700,-9266040000,158.5(-0.94 %),151500,24018360000,210200,33284400000,239199219,0.0
20/10/2021,-94700,-14863120000,155.2(-2.08 %),344900,54769631000,439600,69632751000,239293919,0.0
21/10/2021,-143900,-22059060000,152(-2.06 %),19100,2974750000,163000,25033810000,239343119,0.0
22/10/2021,12800,1990770000,156.5(2.96 %),23000,3585640000,10200,1594870000,239330319,0.0
25/10/2021,-600,-91340000,156.7(0.13 %),6500,1021990000,7100,1113330000,239330919,0.0
26/10/2021,10900,1719190000,155.4(-0.83 %),21100,3305560000,10200,1586370000,239320019,0.0
27/10/2021,43900,6965380000,159.9(2.90 %),115900,18375765600,72000,11410385600,239276119,0.0
28/10/2021,121300,19723060000,164.6(2.94 %),140500,22864450000,19200,3141390000,239154819,62.71
29/10/2021,39900,6598690000,160.5(-2.49 %),121800,19861200000,81900,13262510000,239114919,62.71
01/11/2021,11600,1885090000,162(0.93 %),82500,13403230000,70900,11518140000,239355899,62.68
02/11/2021,76600,12595920000,165.2(1.98 %),107400,17669220000,30800,5073300000,239279299,62.69
03/11/2021,222900,37596000000,172.6(4.48 %),266000,44866520000,43100,7270520000,239056399,0.0
04/11/2021,67600,11582178400,171.8(-0.46 %),83700,14237855400,16100,2655677000,239211699,0.0
05/11/2021,0,0,172(0.12 %),0,0,0,0,239279299,62.69
08/11/2021,60200,10372810000,173.7(0.99 %),173800,30005640000,113600,19632830000,239219099,0.0
09/11/2021,19600,3407570000,174(0.17 %),204500,35317280000,184900,31909710000,239199499,0.0
10/11/2021,19300,3347121800,174(0.00 %),77900,13521972300,58600,10174850500,239180199,0.0
11/11/2021,14900,2591820000,172(-1.15 %),128200,22228590000,113300,19636770000,239184599,0.0
12/11/2021,5200,903630000,172(0.00 %),17200,2971690000,12000,2068060000,239179399,62.7
15/11/2021,-9400,-1608590000,170(-1.16 %),1500,257600000,10900,1866190000,239188799,62.7
16/11/2021,-3400,-545080000,170.6(0.35 %),22700,3837980000,26100,4383060000,239192199,62.7
17/11/2021,16300,2773090000,170.5(-0.06 %),28500,4852980000,12200,2079890000,239175899,62.7
18/11/2021,31100,5285940000,168.2(-1.35 %),77600,13180380000,46500,7894440000,239144799,62.71
19/11/2021,5400,904270000,167.1(-0.65 %),71500,12034070000,66100,11129800000,239139399,0.0
22/11/2021,53000,8954240000,168(0.54 %),299600,50561586000,246600,41607346000,239086399,0.0
23/11/2021,13600,2281890000,168(0.00 %),122800,20625330000,109200,18343440000,239072799,0.0
24/11/2021,-4300,-721290000,168(0.00 %),71700,12030430000,76000,12751720000,239077099,62.72
25/11/2021,-51900,-8607030000,165(-1.79 %),32400,5384140000,84300,13991170000,239128999,62.71
26/11/2021,-116000,-18686770000,160.2(-2.91 %),62600,10138930000,178600,28825700000,239244999,0.0
29/11/2021,-121100,-17307917500,156.1(-2.56 %),39300,5837675000,160400,23145592500,239366099,0.0
30/11/2021,-260500,-40451020000,154(-1.35 %),182200,28233290000,442700,68684310000,239505499,0.0
01/12/2021,-17000,-2659450000,156.5(1.62 %),19100,2986740000,36100,5646190000,238853369,62.75
02/12/2021,-46100,-7337090000,159(1.60 %),139600,22239036000,185700,29576126000,238899469,0.0
03/12/2021,-40600,-6404470000,157(-1.26 %),190700,30056780000,231300,36461250000,238940069,0.0
06/12/2021,-62600,-9697850000,151.6(-3.44 %),16600,2577060000,79200,12274910000,239002669,62.73
07/12/2021,-79100,-12095450000,153(0.92 %),82500,12622290000,161600,24717740000,239081769,62.72
08/12/2021,-45700,-6990020000,152.9(-0.07 %),87300,13352420000,133000,20342440000,239127469,62.71
09/12/2021,-154000,-23493660000,152.5(-0.26 %),120800,18425390000,274800,41919050000,239281469,0.0
10/12/2021,-91800,-13972950000,152.3(-0.13 %),32700,4977430000,124500,18950380000,239373269,62.67
13/12/2021,-87700,-13391200000,152.3(0.00 %),74400,11357120000,162100,24748320000,239460969,62.66
14/12/2021,-44900,-6852250000,152.8(0.33 %),38800,5930300000,83700,12782550000,239505869,62.65
15/12/2021,-43900,-6708900000,152.5(-0.20 %),13900,2123640000,57800,8832540000,239549769,62.65
16/12/2021,-37600,-5696670000,151(-0.98 %),12800,1942020000,50400,7638690000,239587369,62.64
17/12/2021,-95400,-14325620000,150(-0.66 %),23000,3469630000,118400,17795250000,239682769,62.62
20/12/2021,-5200,-774660000,149(-0.67 %),228300,34033440000,233500,34808100000,239687969,0.0
21/12/2021,-80100,-11935800000,148.9(-0.07 %),11600,1727830000,91700,13663630000,239768069,0.0
22/12/2021,-34900,-5165130000,147.6(-0.87 %),14700,2176710000,49600,7341840000,239802969,62.61
23/12/2021,-76100,-11195070000,146.9(-0.47 %),11200,1648870000,87300,12843940000,239879069,0.0
24/12/2021,-53100,-7805753100,147(0.07 %),34800,5115634800,87900,12921387900,239856069,0.0
27/12/2021,-52800,-7822890000,147.9(0.61 %),7000,1041990000,59800,8864880000,240357259,62.52
28/12/2021,-42400,-6295350000,148.3(0.27 %),33300,4940820000,75700,11236170000,240399659,62.51
29/12/2021,3400,503390000,148.3(0.00 %),125600,18599750000,122200,18096360000,240453339,62.5
30/12/2021,-24300,-3620710000,148.9(0.40 %),32400,4825830000,56700,8446540000,240496639,62.5
31/12/2021,103500,16022460000,151(1.41 %),155000,23826510000,51500,7804050000,240363839,62.52
04/01/2022,31000,5071610000,157(3.97 %),246800,38529930000,215800,33458320000,240173739,62.55
05/01/2022,114000,18153110000,159.3(1.46 %),294600,46927830000,180600,28774720000,240003639,62.57
06/01/2022,28100,4438550000,156.6(-1.69 %),39700,6259690000,11600,1821140000,240179739,62.55
07/01/2022,-30300,-4636740000,153.2(-0.91 %),12500,1920580000,42800,6557320000,240273839,62.53
10/01/2022,24700,3363376900,152(-0.78 %),83500,11109797000,58800,7746420100,240202139,62.54
11/01/2022,-2700,-422730000,152.9(0.59 %),81200,12336200000,83900,12758930000,240163739,62.55
12/01/2022,-6900,-1041140000,152.8(-0.07 %),87300,13234590000,94200,14275730000,240135329,62.55
13/01/2022,7900,1213310000,151(-1.18 %),80900,12297970000,73000,11084660000,240138329,62.55
14/01/2022,15000,2277270000,151.9(0.60 %),50100,7602930000,35100,5325660000,240181429,62.55
17/01/2022,-57800,-8822550000,150(-1.25 %),62300,9456190000,120100,18278740000,240191139,62.55
18/01/2022,-55500,-8384330000,151(0.67 %),147200,22230530000,202700,30614860000,240079109,62.56
19/01/2022,-56400,-8480210000,150(-0.66 %),29900,4493890000,86300,12974100000,240170809,62.55
20/01/2022,-25100,-3586170000,148(-1.33 %),107900,16170650000,133000,19756820000,240265609,62.53
21/01/2022,-6200,-917160000,148(-1.33 %),62100,9245710000,68300,10162870000,240287309,62.53
24/01/2022,-49500,-7195320000,145(-2.03 %),63400,9203070000,112900,16398390000,240356909,62.52
25/01/2022,-87100,-12500210000,145(0.00 %),34600,4983750000,121700,17483960000,240390609,62.51
26/01/2022,-21300,-3450466900,143.7(-0.90 %),103000,10957758900,124300,14408225800,240443109,62.51
27/01/2022,-61000,-8949260000,148.8(3.55 %),147000,21690610000,208000,30639870000,240517309,62.49
28/01/2022,-27200,-3945740000,148.7(-0.07 %),76400,11346110000,103600,15291850000,240522409,62.49
07/02/2022,10300,1568190000,152.1(2.29 %),190200,28944850000,179900,27376660000,240609209,62.48
08/02/2022,18200,2813570000,154.8(1.78 %),25500,3928210000,7300,1114640000,240687309,62.47
09/02/2022,22800,3524910000,153.8(-0.65 %),117200,17991319200,94400,14466409200,240654109,62.47
10/02/2022,134600,20897960000,157(2.08 %),199100,30824670000,64500,9926710000,240509909,62.5
11/02/2022,106700,16832150000,159.6(1.66 %),217200,34288510700,110500,17456360700,240407209,62.51
14/02/2022,185800,30404250000,167.9(5.20 %),208400,34105410000,22600,3701160000,240210709,62.54
15/02/2022,263400,44576230000,170(1.25 %),358500,60680520000,95100,16104290000,239864009,62.6
16/02/2022,25600,4260990000,168.4(-0.94 %),35800,5969620000,10200,1708630000,239850809,62.6
17/02/2022,79500,13579470000,170.5(1.25 %),207100,35303443600,127600,21723973600,239773609,62.61
18/02/2022,122100,20548080000,169.4(-0.65 %),125100,21053790000,3000,505710000,239658709,62.63
21/02/2022,45700,7732460000,169.6(0.12 %),70900,11989920000,25200,4257460000,239681009,62.62
22/02/2022,61600,10336720000,168.4(-0.71 %),145600,24444887600,84000,14108167600,239579209,62.64
23/02/2022,-11100,-1882880000,169.8(0.83 %),194850,33035246500,205950,34918126500,239532309,62.65
24/02/2022,59200,9999710000,169.7(-0.06 %),238600,40148829200,179400,30149119200,239480209,62.66
25/02/2022,31100,5271660000,169.6(-0.06 %),65800,11150820000,34700,5879160000,239494609,62.65
28/02/2022,4900,827910000,169.8(0.12 %),24700,4161110000,19800,3333200000,239499559,62.65
01/03/2022,-800,-132550000,168(-1.06 %),12000,2021330000,12800,2153880000,239522259,62.65
02/03/2022,2600,446070000,169(1.50 %),35700,5977790000,33100,5531720000,239506359,62.65
03/03/2022,-7200,-1207020000,167.1(-1.12 %),1700,285430000,8900,1492450000,239517459,62.65
04/03/2022,-28800,-4689710000,160(-4.25 %),500,82420000,29300,4772130000,239550059,62.65
07/03/2022,-90200,-13949630000,154.6(-3.38 %),18500,2863080000,108700,16812710000,239539759,62.65
08/03/2022,-13100,-2018010000,155.6(0.65 %),39600,6107840000,52700,8125850000,239528259,62.65
09/03/2022,-91700,-14241770000,155(-0.39 %),17500,2747950000,109200,16989720000,239618259,62.63
10/03/2022,22200,3491400000,157(1.29 %),87900,13830660000,65700,10339260000,239581559,62.64
11/03/2022,-93800,-14476230000,154(-1.91 %),85900,13225350000,179700,27701580000,239683859,62.62
14/03/2022,-79600,-12092660000,154(0.00 %),35800,5457540000,115400,17550200000,239713779,62.62
15/03/2022,-71800,-10860800000,151.3(-1.75 %),27400,4147160000,99200,15007960000,239786079,62.61
16/03/2022,-56500,-8415025800,154(1.78 %),76400,11121874400,132900,19536900200,239825079,62.6
17/03/2022,-39400,-6037412200,154(0.00 %),22200,3403140000,61600,9440552200,239902079,62.59
18/03/2022,-170300,-25815820000,151.5(-1.62 %),36500,5532170000,206800,31347990000,239998479,62.58
21/03/2022,-33400,-5099340000,152.2(0.46 %),12400,1894370000,45800,6993710000,240047709,62.57
22/03/2022,-63700,-9749580000,154(1.18 %),27700,4239510000,91400,13989090000,240226809,62.54
23/03/2022,31500,4949540000,157.5(2.27 %),86500,13551170000,55000,8601630000,240185109,62.55
24/03/2022,22700,3562130000,157.8(0.19 %),34200,5363100000,11500,1800970000,240240809,62.54
25/03/2022,-35800,-5612440000,157.5(-0.19 %),16500,2584530000,52300,8196970000,240277809,62.53
28/03/2022,5600,871330000,157.6(0.06 %),9300,1447770000,3700,576440000,240280009,62.53
29/03/2022,28000,4415120000,158(0.25 %),95900,15008350000,67900,10593230000,240236409,62.54
30/03/2022,50900,7998540000,157.9(-0.06 %),140200,22033920000,89300,14035380000,240099909,62.56
31/03/2022,27100,4300840000,159(0.70 %),118300,18722310000,91200,14421470000,240049509,62.57
01/04/2022,159600,26245530000,165.3(3.96 %),177100,29123240000,17500,2877710000,239961709,62.58
04/04/2022,144100,24036710000,166.5(0.73 %),161700,26965530000,17600,2928820000,239890209,62.59
05/04/2022,53100,8834860000,166.2(-0.18 %),57400,9550650000,4300,715790000,239850329,62.6
06/04/2022,112400,18860080000,169.5(1.99 %),167300,27898330000,54900,9038250000,239687629,62.62
07/04/2022,29300,4889820000,166.5(-1.77 %),50900,8494660000,21600,3604840000,239658329,62.63
08/04/2022,58200,9539490000,164.2(-1.38 %),65000,10656320000,6800,1116830000,239628449,62.63
12/04/2022,24200,3953190000,163.3(-0.55 %),44300,7259260000,20100,3306070000,239604249,62.64
13/04/2022,-18500,-3037230000,163.5(0.12 %),41900,6844570000,60400,9881800000,239604749,62.64
14/04/2022,4900,806790000,166.9(2.08 %),11200,1852950000,6300,1046160000,239577509,62.64
15/04/2022,12900,2554255600,168.6(1.02 %),20200,3349288800,7300,795033200,239617309,62.63
18/04/2022,-30000,-5114500000,170(0.83 %),34300,5859680000,64300,10974180000,239588809,62.64
19/04/2022,4000,722680000,168.9(-0.65 %),65700,11097460000,61700,10374780000,239532209,62.65
20/04/2022,39900,6744280000,172(1.84 %),111500,18947230000,71600,12202950000,239537609,62.65
21/04/2022,-103700,-17398230000,169.7(-1.34 %),136800,23018890000,240500,40417120000,239423959,62.66
22/04/2022,190900,32786660000,170.3(0.35 %),250100,42877490000,59200,10090830000,239251359,62.69
25/04/2022,57200,9249340000,158.4(-6.99 %),128300,20779810000,71100,11530470000,239420559,62.67
26/04/2022,109500,17335530000,169(6.69 %),280700,45296990000,171200,27961460000,239199059,62.7
27/04/2022,42900,7197310000,169(0.00 %),110600,18368250000,67700,11170940000,239112559,62.71
28/04/2022,-15500,-2560790000,165(-2.37 %),2500,412560000,18000,2973350000,239281659,62.69
29/04/2022,-98700,-16013870000,162.1(-1.76 %),15400,2502000000,114100,18515870000,239334959,62.68
04/05/2022,24800,4021400000,163.5(0.86 %),26800,4344060000,2000,322660000,239326159,62.68
05/05/2022,58000,9731540000,169.4(3.61 %),70200,11738320000,12200,2006780000,239268159,62.69
06/05/2022,7100,1189250000,167.5(-1.12 %),74200,12428500000,67100,11239250000,239297859,62.68
09/05/2022,-3800,-608380000,160.1(-4.42 %),62700,10038270000,66500,10646650000,239247359,62.69
10/05/2022,-20700,-3413430000,164.9(3.00 %),56000,9234400000,76700,12647830000,239258459,62.69
11/05/2022,200,32560000,163.5(-0.85 %),78000,12854290000,77800,12821730000,239258259,62.69
12/05/2022,57600,9440660000,164.9(0.86 %),119700,19607970000,62100,10167310000,239200659,62.7
13/05/2022,-181100,-28445280000,162.7(-1.33 %),68300,10939430000,249400,39384710000,239212959,62.7
16/05/2022,-10900,-1720020000,157.8(-3.01 %),44900,7085220000,55800,8805240000,239230159,62.69
17/05/2022,7900,1307450000,165.5(4.88 %),113500,18784250000,105600,17476800000,239366559,62.67
18/05/2022,29400,4748100000,161.5(-2.42 %),83500,13485250000,54100,8737150000,239339859,62.68
19/05/2022,17800,2899620000,162.9(0.87 %),142100,23148090000,124300,20248470000,239357659,62.68
20/05/2022,-63200,-9890800000,156.5(-3.93 %),48700,7621550000,111900,17512350000,239363059,62.67
23/05/2022,-46700,-7196470000,154.1(-1.53 %),14800,2280680000,61500,9477150000,239419759,62.67
24/05/2022,-45800,-7053200000,154(-0.06 %),40100,6175400000,85900,13228600000,239492559,62.65
25/05/2022,-110900,-17078600000,154(0.00 %),44400,6837600000,155300,23916200000,239511659,62.65
26/05/2022,-102300,-15651900000,153(-0.65 %),44100,6747300000,146400,22399200000,239553459,62.64
27/05/2022,-141200,-21744800000,154(0.65 %),55800,8593200000,197000,30338000000,239652959,62.63
30/05/2022,-33300,-5108220000,153.4(-0.39 %),32500,4985500000,65800,10093720000,239767859,62.61
31/05/2022,5900,905650000,153.5(0.07 %),92300,14168050000,86400,13262400000,239898459,62.59
01/06/2022,105000,16075500000,153.1(-0.26 %),225900,34585290000,120900,18509790000,239738359,62.62
02/06/2022,41400,6334200000,153(-0.07 %),55300,8460900000,13900,2126700000,239745759,62.61
03/06/2022,68500,10631200000,155.2(1.44 %),152800,23714560000,84300,13083360000,239733859,62.62
06/06/2022,53700,8486380000,158.5(2.13 %),75100,11862410000,21400,3376030000,239672659,62.63
07/06/2022,22300,3565770000,159.9(0.88 %),37400,5980260000,15100,2414490000,239699559,62.62
08/06/2022,51100,8160670000,159.7(-0.13 %),145100,23172470000,94000,15011800000,239575859,62.64
09/06/2022,8700,1365900000,157(-1.69 %),49100,7708700000,40400,6342800000,239541859,62.65
10/06/2022,49300,7774610000,157.7(0.45 %),50700,7995390000,1400,220780000,239585159,62.64
13/06/2022,67200,10281600000,153(-2.98 %),81700,12500100000,14500,2218500000,239541409,62.65
14/06/2022,-4700,-705000000,150(-1.96 %),112400,16860000000,117100,17565000000,239430409,62.66
15/06/2022,-36200,-5502400000,152(1.33 %),97000,14744000000,133200,20246400000,239402909,62.67
16/06/2022,47000,7350800000,156.4(2.89 %),144000,22521600000,97000,15170800000,239398509,62.67
17/06/2022,22800,3556800000,156(-0.26 %),97800,15256800000,75000,11700000000,239380909,62.67
20/06/2022,-20700,-3154460000,152(-2.56 %),21100,3213870000,41800,6368330000,239435809,62.66
21/06/2022,32800,5084000000,155(1.97 %),132100,20475500000,99300,15391500000,239378709,62.67
22/06/2022,-20600,-3213600000,156(0.65 %),67500,10530000000,88100,13743600000,239353509,62.68
23/06/2022,3900,598260000,153.4(-1.67 %),8300,1273220000,4400,674960000,239444509,62.66
24/06/2022,-2300,-357880000,155.6(1.43 %),51600,8028960000,53900,8386840000,239485009,62.66
27/06/2022,12400,1938410000,156.8(0.77 %),30100,4694080000,17700,2755670000,239459309,62.66
28/06/2022,44700,7022370000,157.1(0.19 %),53100,8342010000,8400,1319640000,239460109,62.66
29/06/2022,-6400,-981080000,154(-1.97 %),5200,813670000,11600,1794750000,239472629,62.66
30/06/2022,12000,1855200000,154.6(0.39 %),16200,2504520000,4200,649320000,239464829,62.66
01/07/2022,-10700,-1646730000,153.9(-0.45 %),29200,4493880000,39900,6140610000,239447229,62.66
04/07/2022,-10300,-1577760000,153.5(-0.26 %),1600,246010000,11900,1823770000,239450229,62.66
05/07/2022,-107300,-16180840000,150.8(-1.76 %),20100,3031080000,127400,19211920000,239474129,62.66
06/07/2022,-13100,-1999060000,152.6(1.19 %),14900,2273740000,28000,4272800000,239471129,62.66
07/07/2022,23000,3592600000,156.2(2.36 %),26700,4170540000,3700,577940000,239571829,62.64
08/07/2022,200,6048900000,155.1(-0.70 %),78000,6746850000,77800,697950000,239571629,0.0
11/07/2022,39000,6048900000,155.1(0.00 %),43500,6746850000,4500,697950000,239477729,62.66
12/07/2022,3900,599040000,153.6(-0.97 %),16500,2534400000,12600,1935360000,239484129,62.66
13/07/2022,19600,3010560000,153.6(0.00 %),27100,4162560000,7500,1152000000,239461529,62.66
14/07/2022,14000,2168600000,154.9(0.85 %),19400,3005060000,5400,836460000,239454729,62.66
15/07/2022,2800,431200000,154(-0.58 %),9500,1463000000,6700,1031800000,239459729,62.66
18/07/2022,-1600,-246720000,154.2(0.13 %),100,15420000,1700,262140000,239465029,62.66
19/07/2022,80900,12685120000,156.8(1.69 %),92300,14472640000,11400,1787520000,239379429,62.67
20/07/2022,70300,11233940000,159.8(1.91 %),83800,13391240000,13500,2157300000,239297329,62.68
21/07/2022,99700,16450500000,165(3.25 %),172500,28462500000,72800,12012000000,239186729,62.7
22/07/2022,3900,19920000000,166(0.61 %),8300,26858800000,4400,6938800000,239038429,62.72
25/07/2022,-48600,-8019000000,165(-0.60 %),377300,62254500000,425900,70273500000,239020429,62.73
26/07/2022,64800,10866960000,167.7(1.64 %),101300,16988010000,36500,6121050000,238962929,62.74
27/07/2022,1300,218010000,167.7(0.00 %),106700,17893590000,105400,17675580000,238948629,62.74
28/07/2022,-75200,-13009600000,173(3.16 %),260800,45118400000,336000,58128000000,238954329,62.74
29/07/2022,75900,13662000000,180(4.05 %),377900,68022000000,302000,54360000000,238956829,62.74
01/08/2022,82500,15097500000,183(1.67 %),151600,27742800000,69100,12645300000,238911229,62.74
02/08/2022,105700,19850460000,187.8(2.62 %),194300,36489540000,88600,16639080000,238776369,62.77
03/08/2022,139700,26529030000,189.9(1.12 %),341800,64907820000,202100,38378790000,238619869,62.79
04/08/2022,21400,3959000000,185(-2.58 %),223300,41310500000,201900,37351500000,238452789,62.82
05/08/2022,18300,3341580000,182.6(-1.30 %),149900,27371740000,131600,24030160000,238413789,62.82
08/08/2022,-31100,-5629100000,181(-0.88 %),74600,13502600000,105700,19131700000,238538589,62.8
09/08/2022,-26300,-4739260000,180.2(-0.44 %),94300,16992860000,120600,21732120000,238551389,62.8
10/08/2022,28300,5150600000,182(1.00 %),87900,15997800000,59600,10847200000,238569389,62.8
11/08/2022,87300,15888600000,182(0.00 %),135100,24588200000,47800,8699600000,238554889,62.8
12/08/2022,14000,2548000000,182(0.00 %),45900,8353800000,31900,5805800000,238568589,62.8
15/08/2022,5900,1097400000,186(2.20 %),98300,18283800000,92400,17186400000,238518089,62.81
16/08/2022,17300,3252400000,188(1.08 %),134800,25342400000,117500,22090000000,238415189,62.82
17/08/2022,-79700,-15023450000,188.5(0.27 %),74800,14099800000,154500,29123250000,238431289,62.82
18/08/2022,104800,20278800000,193.5(2.65 %),228900,44292150000,124100,24013350000,238349589,62.83
19/08/2022,57600,11232000000,195(0.78 %),84800,16536000000,27200,5304000000,238419289,62.82
22/08/2022,39500,7663000000,194(-0.51 %),59600,11562400000,20100,3899400000,238459589,62.82
23/08/2022,5100,969000000,190(-2.06 %),31700,6023000000,26600,5054000000,238451089,62.82
24/08/2022,-2700,-504900000,187(-1.58 %),28000,5236000000,30700,5740900000,238443189,62.82
25/08/2022,8500,1593750000,187.5(0.27 %),24200,4537500000,15700,2943750000,238445589,62.82
26/08/2022,18400,3459200000,188(0.27 %),28700,5395600000,10300,1936400000,238450589,62.82
29/08/2022,19000,3572000000,188(0.00 %),52000,9776000000,33000,6204000000,238414289,62.82
30/08/2022,14900,2799710000,187.9(-0.05 %),35700,6708030000,20800,3908320000,238388889,62.83
31/08/2022,8300,1559570000,187.9(0.00 %),226700,42596930000,218400,41037360000,238345189,62.83
05/09/2022,-17800,-3346400000,188(0.05 %),33500,6298000000,51300,9644400000,238332499,62.83
06/09/2022,2700,509220000,188.6(0.32 %),35900,6770740000,33200,6261520000,238363999,62.83
07/09/2022,-9400,-1767200000,188(-0.32 %),47000,8836000000,56400,10603200000,238368359,62.83
08/09/2022,5300,1016010000,191.7(1.97 %),139800,26799660000,134500,25783650000,238361759,62.83
09/09/2022,-63700,-12345060000,193.8(1.10 %),89900,17422620000,153600,29767680000,238352059,62.83
12/09/2022,-92970,-12345060000,195(0.62 %),28600,17422620000,121570,29767680000,238357959,62.83
13/09/2022,-67930,-682500000,191(-2.05 %),46020,1875900000,113950,2558400000,238442239,62.82
14/09/2022,-115460,-682500000,184(-3.66 %),21700,1875900000,137160,2558400000,238544109,62.8
15/09/2022,-70100,-21244640000,185.3(0.71 %),6100,3992800000,76200,25237440000,0,62.79
16/09/2022,58700,10877110000,185.3(0.00 %),149200,27646760000,90500,16769650000,238639919,62.79
19/09/2022,30770,5701681000,185.3(0.00 %),92400,17121720000,61630,11420039000,238609149,0.0
20/09/2022,46940,8801250000,187.5(1.19 %),48900,9168750000,1960,367500000,238667319,62.78
21/09/2022,8480,1594240000,188(0.27 %),24200,4549600000,15720,2955360000,238704749,62.78
22/09/2022,-36459,-6817833000,187(-0.53 %),89000,16643000000,125459,23460833000,238654809,62.78
23/09/2022,-56300,-10528100000,187(0.00 %),77300,14455100000,133600,24983200000,238650029,62.79
26/09/2022,1160,214600000,185(-1.07 %),27800,5143000000,26640,4928400000,238710588,62.78
27/09/2022,-39770,-7369381000,185.3(0.16 %),14400,2668320000,54170,10037701000,238773488,62.77
28/09/2022,9600,1756800000,183(-1.24 %),25200,4611600000,15600,2854800000,238775928,62.77
29/09/2022,-21221,-3879198800,182.8(-0.11 %),222000,40581600000,243221,44460798800,238791198,62.76
30/09/2022,12961,2397785000,185(1.20 %),33400,6179000000,20439,3781215000,238776998,62.77
03/10/2022,-7000,-1275400000,182.2(-1.51 %),18800,3425360000,25800,4700760000,238828519,62.76
04/10/2022,-27328,-5137664000,188(3.18 %),293400,55159200000,320728,60296864000,238768658,62.77
05/10/2022,-32202,-6086178000,189(0.53 %),156220,29525580000,188422,35611758000,238646738,62.79
06/10/2022,2300,427340000,185.8(-1.69 %),17700,3288660000,15400,2861320000,238740666,62.77
07/10/2022,52606,9837322000,187(0.65 %),123906,23170422000,71300,13333100000,238807182,62.76
10/10/2022,-45750,-8440875000,184.5(-1.34 %),192650,35543925000,238400,43984800000,238707932,62.78
11/10/2022,58890,10806315000,183.5(-0.54 %),132800,24368800000,73910,13562485000,238646432,62.79
12/10/2022,5400,990900000,183.5(0.00 %),535900,98337650000,530500,97346750000,238774432,62.77
13/10/2022,-85500,-16245000000,190(3.54 %),26500,5035000000,112000,21280000000,238823842,62.76
14/10/2022,-75500,-14224200000,188.4(-0.84 %),4700,885480000,80200,15109680000,238849642,62.75
17/10/2022,13303,2462385300,185.1(-1.75 %),31903,5905245300,18600,3442860000,238931739,62.74
18/10/2022,20490,3889002000,189.8(2.54 %),646000,122610800000,625510,118721798000,238865939,62.75
19/10/2022,-19800,-3768510000,190.9(0.58 %),37600,7134770000,57400,10903280000,238885739,62.75
20/10/2022,-57700,-11001990000,191.3(0.21 %),6700,1278830000,64400,12280820000,238904569,62.75
21/10/2022,37400,7173720000,193(0.89 %),115800,22270210000,78400,15096490000,238930279,62.74
24/10/2022,-131100,-25646860000,181(-6.22 %),32200,6292920000,163300,31939780000,239041403,62.72
25/10/2022,-128500,-24342980000,187.8(3.76 %),28900,5438790000,157400,29781770000,239169903,62.7
26/10/2022,-32800,-6211380000,186.1(-0.91 %),64100,12121530000,96900,18332910000,239105783,62.71
27/10/2022,15100,2836740000,187.9(0.97 %),181400,34073050000,166300,31236310000,239067293,62.72
28/10/2022,-1236,-230019600,186.1(-0.96 %),179664,33435470400,180900,33665490000,239118729,62.71
31/10/2022,-18200,-3372460000,185.3(-0.43 %),26200,4854860000,44400,8227320000,239258889,62.69
01/11/2022,-49490,-9086364000,183.6(-0.92 %),69010,12670236000,118500,21756600000,239229079,62.7
02/11/2022,-34200,-6275700000,183.5(-0.05 %),217400,39892900000,251600,46168600000,239225779,62.7
03/11/2022,-3795,-690690000,182(-0.82 %),148405,27009710000,152200,27700400000,239310374,62.68
04/11/2022,-24002,-4368364000,182(0.00 %),241208,43899856000,265210,48268220000,239351566,62.68
07/11/2022,31860,5862240000,184(1.10 %),123500,22724000000,91640,16861760000,239298666,62.68
08/11/2022,-37916,-6938628000,183(-0.54 %),209204,38284332000,247120,45222960000,239273672,62.69
09/11/2022,18283,3373213500,184.5(0.82 %),87383,16122163500,69100,12748950000,239251029,62.69
10/11/2022,-44797,-8265046500,184.5(0.00 %),147003,27122053500,191800,35387100000,239340146,62.68
11/11/2022,8650,1624470000,187.8(1.79 %),55110,10349658000,46460,8725188000,239358536,62.67
14/11/2022,1100,214500000,195(3.83 %),254700,49666500000,253600,49452000000,239321136,62.68
15/11/2022,-38920,-7258580000,186.5(-4.36 %),56900,10611850000,95820,17870430000,239310696,62.68
16/11/2022,-111860,-20224288000,180.8(-3.06 %),193800,35039040000,305660,55263328000,239350496,62.68
17/11/2022,-47500,-8692500000,183(1.22 %),167000,30561000000,214500,39253500000,239284316,62.69
18/11/2022,-84735,-15184512000,179.2(-2.08 %),171365,30708608000,256100,45893120000,239322611,62.68
21/11/2022,31500,5751900000,182.6(1.90 %),38200,6975320000,6700,1223420000,239500011,62.65
22/11/2022,32300,5852760000,181.2(-0.77 %),66400,12031680000,34100,6178920000,239689711,62.62
23/11/2022,24036,4374552000,182(0.44 %),43736,7959952000,19700,3585400000,239655175,62.63
24/11/2022,-48960,-8837280000,180.5(-0.82 %),51700,9331850000,100660,18169130000,239640075,62.63
25/11/2022,3856,694080000,180(-0.28 %),82566,14861880000,78710,14167800000,239579709,62.64
28/11/2022,-40086,-7099230600,177.1(-1.61 %),174414,30888719400,214500,37987950000,239619795,0.0
29/11/2022,-116628,-20526528000,176(-0.62 %),194231,34184656000,310859,54711184000,239736423,0.0
30/11/2022,19453,3501540000,180(2.27 %),213493,38428740000,194040,34927200000,239716970,0.0
01/12/2022,-83300,-14610820000,175.4(-2.56 %),202100,35448340000,285400,50059160000,239186641,0.0
02/12/2022,73520,13013040000,177(0.91 %),280520,49652040000,207000,36639000000,239113121,0.0
05/12/2022,42220,7586934000,179.7(1.53 %),119900,21546030000,77680,13959096000,239070901,0.0
06/12/2022,32900,5872650000,178.5(-0.67 %),199000,35521500000,166100,29648850000,239038001,62.72
07/12/2022,-46800,-8377200000,179(0.28 %),108400,19403600000,155200,27780800000,239084801,0.0
08/12/2022,19608,3490224000,178(-0.56 %),95008,16911424000,75400,13421200000,239626392,62.63
09/12/2022,-56400,-10039200000,178(0.00 %),100100,17817800000,156500,27857000000,239683992,62.62
12/12/2022,140381,25029932300,178.3(0.17 %),291781,52024552300,151400,26994620000,238981212,0.0
13/12/2022,-14550,-2589900000,178(-0.17 %),307100,54663800000,321650,57253700000,238995762,62.73
14/12/2022,-75000,-13425000000,179(0.56 %),114800,20549200000,189800,33974200000,239070762,62.72
15/12/2022,-35000,-6265000000,179(0.00 %),34900,6247100000,69900,12512100000,239105762,0.0
16/12/2022,73300,12981430000,177.1(-1.06 %),383800,67970980000,310500,54989550000,239032462,0.0
19/12/2022,-36633,-6410775000,175(-1.19 %),57300,10027500000,93933,16438275000,239069095,62.72
20/12/2022,-23148,-4004604000,173(0.29 %),82400,14255200000,105548,18259804000,239092243,62.72
21/12/2022,36000,6300000000,175(1.16 %),137700,24097500000,101700,17797500000,239056243,62.72
22/12/2022,22200,3891660000,175.3(0.17 %),108800,19072640000,86600,15180980000,239034043,62.73
23/12/2022,-284100,-49717500000,175(-0.17 %),112000,19600000000,396100,69317500000,239318143,0.0
26/12/2022,5100,882300000,173(-1.14 %),194500,33648500000,189400,32766200000,239313043,62.68
27/12/2022,16620,2850330000,171.5(-0.87 %),102350,17553025000,85730,14702695000,239296423,62.68
28/12/2022,343086,60554679000,176.5(2.92 %),428600,75647900000,85514,15093221000,238953337,0.0
29/12/2022,2800,484120000,172.9(-2.04 %),92400,15975960000,89600,15491840000,239586522,62.64
30/12/2022,-23600,-3938840000,166.9(-3.47 %),107700,17975130000,131300,21913970000,239564336,62.64
03/01/2023,-15700,-2653300000,169(1.26 %),72400,12235600000,88100,14888900000,239491936,0.0
04/01/2023,76894,13187321000,171.5(1.48 %),81200,13925800000,4306,738479000,239633636,62.63
05/01/2023,-6190,-1078298000,174.2(1.57 %),142110,24755562000,148300,25833860000,239579626,62.64
06/01/2023,79600,14383720000,180.7(3.73 %),124100,22424870000,44500,8041150000,239459832,62.66
09/01/2023,31651,5684519600,179.6(-0.61 %),34151,6133519600,2500,449000000,239573981,62.64
10/01/2023,-12913,-2273979300,176.1(-1.95 %),89220,15711642000,102133,17985621300,239561861,62.64
11/01/2023,29800,5393800000,181(2.78 %),137800,24941800000,108000,19548000000,239428561,62.66
12/01/2023,-1300,-233740000,179.8(-0.66 %),31800,5717640000,33100,5951380000,239488694,62.65
13/01/2023,-67350,-12520365000,185.9(3.39 %),86750,16126825000,154100,28647190000,239511944,62.65
16/01/2023,-36040,-6793540000,188.5(1.40 %),38400,7238400000,74440,14031940000,239490244,62.65
17/01/2023,-14950,-2795650000,187(-0.80 %),147500,27582500000,162450,30378150000,239588244,62.64
18/01/2023,-24800,-4637600000,187(0.00 %),130400,24384800000,155200,29022400000,239629084,62.63
19/01/2023,13880,2577516000,185.7(-0.70 %),149400,27743580000,135520,25166064000,239555734,62.64
27/01/2023,40200,7762620000,193.1(3.98 %),115100,22225810000,74900,14463190000,239505034,62.65
30/01/2023,3900,741000000,190(-1.61 %),153100,29089000000,149200,28348000000,239487454,62.65
31/01/2023,-1360,-257040000,189(-0.53 %),34200,6463800000,35560,6720840000,239530654,62.65
01/02/2023,39110,7313570000,187(-1.06 %),149900,28031300000,110790,20717730000,239529954,62.65
02/02/2023,-1300,-243750000,187.5(0.27 %),63900,11981250000,65200,12225000000,239501614,62.65
03/02/2023,-8514,-1641499200,192.8(2.83 %),64801,12493632800,73315,14135132000,239547603,62.65
06/02/2023,49905,9751437000,195.4(1.35 %),63005,12311177000,13100,2559740000,239549798,62.65
07/02/2023,-5800,-1108960000,191.2(-2.15 %),6000,1147200000,11800,2256160000,239617113,62.63
08/02/2023,10416,2054035200,197.2(3.14 %),71000,14001200000,60584,11947164800,239559213,62.64
09/02/2023,14820,2872116000,193.8(-1.72 %),23900,4631820000,9080,1759704000,239547113,62.65
10/02/2023,-7600,-1439440000,189.4(-2.27 %),35700,6761580000,43300,8201020000,239571997,62.64
13/02/2023,6250,1199375000,191.9(1.32 %),72800,13970320000,66550,12770945000,239508277,62.65
14/02/2023,10782,2027016000,188(-2.03 %),38702,7275976000,27920,5248960000,239512875,62.65
15/02/2023,-1500,-283500000,189(0.53 %),52100,9846900000,53600,10130400000,239533325,62.65
16/02/2023,17400,3300780000,189.7(0.37 %),21200,4021640000,3800,720860000,239540045,62.65
17/02/2023,-9760,-1826096000,187.1(-1.37 %),50900,9523390000,60660,11349486000,239573645,62.64
20/02/2023,-25103,-4774590600,190.2(1.66 %),33297,6333089400,58400,11107680000,239544148,62.65
21/02/2023,14760,2811780000,190.5(0.16 %),67500,12858750000,52740,10046970000,239506408,62.65
22/02/2023,-3401,-635987000,187(-1.84 %),62300,11650100000,65701,12286087000,239500008,62.65
23/02/2023,-28738,-5376879800,187.1(0.05 %),18202,3405594200,46940,8782474000,239534546,62.65
24/02/2023,-41110,-7769790000,189(1.02 %),49400,9336600000,90510,17106390000,239575656,0.0
27/02/2023,-33485,-6204770500,185.3(-1.96 %),9115,1689009500,42600,7893780000,239600172,62.64
28/02/2023,-16500,-3102000000,188(1.46 %),142900,26865200000,159400,29967200000,239619282,62.63
01/03/2023,3600,693000000,192.5(2.39 %),140700,27084750000,137100,26391750000,239653082,62.63
02/03/2023,-44200,-8314020000,188.1(-1.78 %),26100,4909410000,70300,13223430000,239711382,62.62
03/03/2023,-64826,-12122462000,187(-0.58 %),16200,3029400000,81026,15151862000,239695382,62.62
06/03/2023,-41617,-7699145000,185(-1.07 %),9883,1828355000,51500,9527500000,239730799,62.62
07/03/2023,-63800,-11924220000,186.9(1.03 %),22600,4223940000,86400,16148160000,239789225,62.61
08/03/2023,-23470,-4377155000,186.5(-0.21 %),69200,12905800000,92670,17282955000,239791525,62.61
09/03/2023,-66500,-12402250000,186.5(0.00 %),208300,38847950000,274800,51250200000,239750125,62.61
10/03/2023,8887,1649427200,185.6(-0.48 %),390100,72402560000,381213,70753132800,239582695,62.64
13/03/2023,-21938,-4102406000,187(0.75 %),391662,73240794000,413600,77343200000,239604633,0.0
14/03/2023,41103,7809570000,190(1.60 %),245683,46679770000,204580,38870200000,239490363,62.65
15/03/2023,-27499,-5211060500,189.5(-0.26 %),164001,31078189500,191500,36289250000,239632962,62.63
16/03/2023,49296,9415536000,191(0.79 %),278309,53157019000,229013,43741483000,239539233,62.65
17/03/2023,62300,11961600000,192(0.52 %),479700,92102400000,417400,80140800000,239351033,62.68
20/03/2023,-6162,-1164618000,189(-1.56 %),4010,757890000,10172,1922508000,239575036,62.64
21/03/2023,-16500,-7769790000,186(-1.59 %),75000,9336600000,91500,17106390000,239817436,62.6
22/03/2023,43900,8194710000,187.5(0.81 %),128500,23886440000,84600,15691730000,239773536,62.61
23/03/2023,48600,9097050000,188(0.27 %),75400,14075410000,26800,4978360000,239724936,62.62
24/03/2023,-42600,-8013640000,187.8(-0.11 %),24600,4620920000,67200,12634560000,239767536,62.61
27/03/2023,-11100,-2064600000,186(-0.96 %),32900,6119400000,44000,8184000000,239778636,0.0
28/03/2023,10849,2017914000,186(0.00 %),46400,8630400000,35551,6612486000,239767787,62.61
29/03/2023,-4521,-838193400,185.4(-0.32 %),24040,4457016000,28561,5295209400,239810868,62.6
30/03/2023,-35700,-6604500000,185(-0.22 %),6100,1128500000,41800,7733000000,239840319,62.6
31/03/2023,-9545,-1762961500,184.7(-0.16 %),19900,3675530000,29445,5438491500,239848980,62.6
03/04/2023,-65300,-11819300000,181(-2.00 %),3500,633500000,68800,12452800000,239887280,62.59
04/04/2023,-83690,-14896820000,178(-1.66 %),6710,1194380000,90400,16091200000,239910015,62.59
05/04/2023,-64500,-11384250000,176.5(-0.84 %),49800,8789700000,114300,20173950000,239929015,62.59
06/04/2023,-53140,-9400466000,176.9(0.23 %),81126,14351189400,134266,23751655400,239955515,62.58
07/04/2023,-29221,-5172117000,177(0.06 %),4579,810483000,33800,5982600000,240065236,62.56
10/04/2023,-69569,-12285885400,176.6(-0.23 %),56005,9890483000,125574,22176368400,240126271,62.56
11/04/2023,-48770,-8534750000,175(-0.91 %),164700,28822500000,213470,37357250000,240115371,62.56
12/04/2023,-68375,-11692125000,171(-2.29 %),133025,22747275000,201400,34439400000,240107920,62.56
13/04/2023,-45795,-7762252500,169.5(-0.88 %),63605,10781047500,109400,18543300000,240137785,62.55
14/04/2023,-62280,-10400760000,167(-1.47 %),118940,19862980000,181220,30263740000,240220245,62.54
17/04/2023,-86335,-14158940000,164(-1.80 %),113005,18532820000,199340,32691760000,240216640,62.54
18/04/2023,-43885,-7276133000,165.8(1.10 %),57505,9534329000,101390,16810462000,240340355,62.52
19/04/2023,31600,5384640000,170.4(2.77 %),153000,26071200000,121400,20686560000,240386695,62.51
20/04/2023,50000,8688880000,170.5(0.06 %),151400,26184890000,101400,17496010000,240336695,62.52
21/04/2023,53200,9070600000,170.5(0.00 %),116800,19914400000,63600,10843800000,240341285,62.52
24/04/2023,51892,8878721200,171.1(0.35 %),106702,18256712200,54810,9377991000,240335983,62.52
25/04/2023,92910,15887610000,171(-0.06 %),156200,26710200000,63290,10822590000,240241383,62.54
26/04/2023,35900,6138900000,171(0.00 %),153500,26248500000,117600,20109600000,240142693,62.55
27/04/2023,86500,14851090000,174(1.75 %),138100,23693660000,51600,8842570000,240056193,62.57
28/04/2023,37200,6476780000,172(-1.15 %),41500,7227130000,4300,750350000,240018993,62.57
04/05/2023,-46100,-7741150000,166.6(-3.14 %),6500,1100980000,52600,8842130000,240143983,62.55
05/05/2023,-3000,-495500000,165.5(-0.66 %),35200,5861810000,38200,6357310000,240158223,62.55
08/05/2023,-27300,-4543750000,166.5(0.60 %),23500,3912280000,50800,8456030000,240187333,62.55
09/05/2023,-22800,-3774860000,165.1(-0.84 %),23300,3857650000,46100,7632510000,240195223,62.54
10/05/2023,-23700,-3918470000,165.2(0.06 %),50900,8413880000,74600,12332350000,240218923,62.54
11/05/2023,-76300,-12601060000,164.5(-0.42 %),45900,7605650000,122200,20206710000,240194335,62.54
12/05/2023,-62200,-10182130000,163.9(-0.36 %),21600,3542140000,83800,13724270000,240247335,62.54
15/05/2023,-12900,-2112080000,164.1(0.12 %),55300,9097840000,68200,11209920000,240260235,62.53
16/05/2023,-21700,-3538000000,163(-0.67 %),12300,2011330000,34000,5549330000,240281935,62.53
17/05/2023,18800,3053010000,162.5(-0.31 %),54900,8921650000,36100,5868640000,240263135,62.53
18/05/2023,-40300,-6528610000,162.3(-0.12 %),26600,4316090000,66900,10844700000,240303435,62.53
19/05/2023,-1300,-209960000,160.7(-0.99 %),2300,370790000,3600,580750000,240304735,62.53
22/05/2023,-6400,-1030090000,160.7(0.00 %),26600,4283380000,33000,5313470000,240311135,62.53
23/05/2023,-27500,-4399340000,159(-1.06 %),68300,10926440000,95800,15325780000,240338635,62.52
24/05/2023,14900,2379940000,158.5(-0.31 %),75600,12017200000,60700,9637260000,240323735,62.52
25/05/2023,-14900,-2334860000,158(-0.32 %),28000,4405360000,42900,6740220000,240338635,62.52
26/05/2023,11100,1726380000,155.5(-1.58 %),12900,2008380000,1800,282000000,240327535,62.52
29/05/2023,-42200,-6563650000,155.3(-0.13 %),3200,498070000,45400,7061720000,240369735,62.52
30/05/2023,-10200,-1585520000,156(0.45 %),55700,8675870000,65900,10261390000,240379935,62.52
31/05/2023,-28900,-4565790000,158(1.28 %),53200,8405030000,82100,12970820000,240408835,62.51
01/06/2023,6200,980690000,158.2(0.13 %),59700,9440510000,53500,8459820000,240454995,62.5
02/06/2023,-40100,-6333370000,158(-0.13 %),1300,205600000,41400,6538970000,240495095,62.5
05/06/2023,8600,1376360000,159.4(0.89 %),53800,8594580000,45200,7218220000,240486495,62.5
06/06/2023,-27500,-4386820000,160(0.38 %),54800,8754630000,82300,13141450000,240513995,62.49
07/06/2023,-60700,-9694820000,159.8(-0.12 %),6500,1039930000,67200,10734750000,240574695,62.49
08/06/2023,-32800,-5238750000,159.8(0.00 %),25500,4074670000,58300,9313420000,240607495,62.48
09/06/2023,6100,967350000,158(-1.13 %),8100,1284170000,2000,316820000,240601395,62.48
12/06/2023,-31800,-5104250000,162(2.53 %),5800,925700000,37600,6029950000,240633195,62.48
13/06/2023,24400,3956510000,161.8(-0.12 %),56100,9078850000,31700,5122340000,240608795,62.48
14/06/2023,-600,-39940000,162(0.12 %),69600,11274810000,70200,11314750000,240609395,62.48
15/06/2023,3600,590270000,159(-1.85 %),24500,3937510000,20900,3347240000,240605795,62.48
16/06/2023,-136500,-21247100000,155(-2.52 %),37500,5873800000,174000,27120900000,240687052,62.47
19/06/2023,5900,924240000,156.8(1.16 %),55900,8747060000,50000,7822820000,240652042,62.47
20/06/2023,-12900,-2015420000,155.3(-0.96 %),2700,420250000,15600,2435670000,240664942,62.47
21/06/2023,-21600,-3348320000,155(-0.19 %),40200,6225270000,61800,9573590000,240832082,62.45
22/06/2023,-94000,-14561620000,154.8(-0.13 %),9200,1425340000,103200,15986960000,240926082,62.43
23/06/2023,-101200,-15655580000,156.5(1.10 %),2400,371300000,103600,16026880000,241027282,62.41
26/06/2023,-48100,-7528870000,156(-0.32 %),42600,6669500000,90700,14198370000,240958482,62.43
27/06/2023,-130700,-20236990000,154.4(-1.03 %),20300,3143120000,151000,23380110000,241089182,62.41
28/06/2023,-31700,-4904520000,154.7(0.19 %),13300,2058350000,45000,6962870000,241120882,62.4
29/06/2023,-104000,-16045720000,154(-0.45 %),14900,2301440000,118900,18347160000,241224882,62.38
30/06/2023,-71500,-10992620000,153.6(-0.26 %),6300,968390000,77800,11961010000,241296382,62.37
03/07/2023,18800,2898960000,153.7(0.07 %),33100,5100050000,14300,2201090000,241285963,62.37
04/07/2023,-4800,-734460000,153.6(-0.07 %),27800,4276160000,32600,5010620000,241290763,62.37
05/07/2023,6000,923140000,153.8(0.13 %),16000,2461440000,10000,1538300000,241284763,62.37
06/07/2023,2800,431630000,153.4(-0.26 %),18400,2828210000,15600,2396580000,241434263,62.35
07/07/2023,-135500,-20576000000,151(-1.56 %),6700,1022600000,142200,21598600000,241437563,62.35
10/07/2023,-134900,-20269000000,150.3(-0.46 %),8900,1336880000,143800,21605880000,241572463,62.33
11/07/2023,-61400,-9215240000,150(-0.20 %),64600,9709130000,126000,18924370000,241633863,62.32
12/07/2023,-35400,-5349950000,151(0.67 %),13300,2010210000,48700,7360160000,241669263,62.31
13/07/2023,-10200,-1564680000,153.5(1.66 %),43700,6656350000,53900,8221030000,241679463,62.31
14/07/2023,43100,6612310000,153.8(0.20 %),45600,6996570000,2500,384260000,241737503,62.3
17/07/2023,-7700,-1179460000,153.5(-0.20 %),15100,2329290000,22800,3508750000,241745203,62.3
18/07/2023,-8400,-1276530000,153.1(-0.26 %),52500,8057970000,60900,9334500000,241753603,62.3
19/07/2023,-15700,-2403260000,152.8(-0.20 %),16800,2572280000,32500,4975540000,241732313,62.3
20/07/2023,5600,855520000,153.2(0.26 %),34600,5296600000,29000,4441080000,241726713,62.31
21/07/2023,-49800,-7593960000,153.1(-0.07 %),6900,1054440000,56700,8648400000,241776513,62.3
24/07/2023,-44000,-6817960000,155(1.24 %),34600,5345050000,78600,12163010000,241803693,62.29
25/07/2023,-67900,-10691070000,158(1.94 %),59100,9297250000,127000,19988320000,241806298,62.29
26/07/2023,67500,10853100000,161.6(2.28 %),94300,15127390000,26800,4274290000,241738798,62.3
27/07/2023,65900,10541910000,160.2(-0.87 %),74200,11870800000,8300,1328890000,241672898,62.31
28/07/2023,-73500,-11608390000,157(-2.00 %),114100,18125020000,187600,29733410000,241746398,62.3
31/07/2023,-104300,-16369340000,156.8(-0.13 %),28000,4412290000,132300,20781630000,241850698,62.29
01/08/2023,5500,869290000,158.4(1.02 %),37700,5985570000,32200,5116280000,241744316,62.3
02/08/2023,15400,2459100000,158.9(0.32 %),58500,9276270000,43100,6817170000,241728916,62.31
03/08/2023,125900,20140600000,161.5(1.64 %),151600,24246880000,25700,4106280000,241603016,62.32
04/08/2023,-76100,-12233180000,160.5(-0.62 %),32200,5200290000,108300,17433470000,241863566,62.28
07/08/2023,-89000,-14300130000,161(0.31 %),78400,12595210000,167400,26895340000,241952566,62.27
08/08/2023,22400,3621380000,161.6(0.37 %),76400,12347290000,54000,8725910000,241930166,62.27
09/08/2023,67600,10892750000,161(-0.37 %),79800,12859540000,12200,1966790000,241862566,62.28
10/08/2023,73500,11802830000,160.6(-0.25 %),120300,19318660000,46800,7515830000,241789066,62.3
11/08/2023,48200,7712680000,159.5(-0.68 %),118700,18948050000,70500,11235370000,241740866,62.3
14/08/2023,-52700,-8349980000,158(-0.94 %),19500,3093090000,72200,11443070000,241772099,62.3
15/08/2023,-55800,-8766390000,157.3(-0.44 %),11500,1807660000,67300,10574050000,241827099,62.29
16/08/2023,-42000,-6641210000,157.3(0.00 %),36500,5751690000,78500,12392900000,241860839,62.28
17/08/2023,-117400,-18315520000,155.7(-1.02 %),74000,11590880000,191400,29906400000,241978239,62.27
18/08/2023,-26700,-4235720000,153.6(-1.35 %),99600,15509720000,126300,19745440000,241831004,62.29
21/08/2023,-73500,-11259110000,152.7(-0.59 %),71900,11021650000,145400,22280760000,241951527,62.27
22/08/2023,-261900,-39409310000,150(-1.77 %),36400,5485380000,298300,44894690000,242040106,62.26
23/08/2023,-213900,-32179410000,150.1(0.07 %),62600,9442200000,276500,41621610000,242119906,62.24
24/08/2023,-216000,-33302870000,153.5(2.27 %),121300,18714790000,337300,52017660000,242335906,62.21
25/08/2023,-98800,-15431770000,156.2(1.76 %),79900,12453310000,178700,27885080000,242490615,62.19
28/08/2023,-134200,-21005980000,156.3(0.06 %),10000,1566020000,144200,22572000000,242624815,62.17
29/08/2023,17400,2748030000,158.1(1.15 %),54300,8552760000,36900,5804730000,242941502,62.12
30/08/2023,50700,8093700000,159.8(1.08 %),118100,18897600000,67400,10803900000,242890802,62.12
31/08/2023,-130400,-20671230000,158(-1.13 %),25600,4066740000,156000,24737970000,242978925,62.11
05/09/2023,-83900,-13365070000,158.8(0.51 %),40200,6416310000,124100,19781380000,243006115,62.11
06/09/2023,-72100,-11457280000,159(0.13 %),31500,5017510000,103600,16474790000,243078215,62.09
07/09/2023,-15800,-2531000000,160.5(0.94 %),30100,4823640000,45900,7354640000,243224565,62.07
08/09/2023,-3100,-488400000,160.6(0.06 %),34000,5475800000,37100,5964200000,243293165,62.06
11/09/2023,-22000,-3748810000,167.5(4.30 %),112100,18516840000,134100,22265650000,243224975,62.07
12/09/2023,52800,9031250000,168.9(0.84 %),219700,37212260000,166900,28181010000,243045435,62.1
13/09/2023,-44200,-7385130000,166.8(-1.24 %),89100,14989860000,133300,22374990000,243088435,62.09
14/09/2023,-594200,-51063950000,85.2(2.16 %),59900,5127250000,654100,56191200000,243195407,62.08
15/09/2023,-196000,-16321200000,83.1(-2.46 %),91800,7741350000,287800,24062550000,243234907,62.07
18/09/2023,0,0,80.8(-2.77 %),0,0,0,0,243234907,62.07
19/09/2023,-125900,-10044400000,79(-2.23 %),177500,14025820000,303400,24070220000,244006412,30.98
20/09/2023,-22000,-1674020000,80.5(1.90 %),232000,18477750000,254000,20151770000,244028412,30.97
21/09/2023,-94200,-7584140000,80(-0.62 %),132900,10716450000,227100,18300590000,244122612,30.97
22/09/2023,65900,5138010000,78.6(-1.75 %),106000,8280030000,40100,3142020000,244059683,61.94
25/09/2023,89300,6989290000,76(-3.31 %),115300,9028380000,26000,2039090000,244167418,61.93
26/09/2023,-43200,-3226470000,75.3(-0.92 %),104100,7892500000,147300,11118970000,244102396,61.94
27/09/2023,38500,2902930000,74.1(-1.59 %),168500,12576410000,130000,9673480000,244063896,30.97
28/09/2023,-201900,-14800270000,72.4(-2.29 %),20300,1485580000,222200,16285850000,244265796,30.95
29/09/2023,-84800,-6178590000,72.5(0.14 %),66700,4848670000,151500,11027260000,244164548,61.93
02/10/2023,-22300,-1625950000,73(0.69 %),55500,4052460000,77800,5678410000,244331346,61.9
03/10/2023,-41700,-2969710000,70.3(-3.70 %),80800,5773280000,122500,8742990000,244402031,61.89
04/10/2023,-4400,-307000000,70(-0.43 %),50900,3557230000,55300,3864230000,244406431,30.94
05/10/2023,-60500,-4259170000,69.5(-0.71 %),10900,763470000,71400,5022640000,244542533,61.87
06/10/2023,-33300,-2293040000,69.6(0.14 %),64300,4450710000,97600,6743750000,244575833,30.93
09/10/2023,-129000,-8922630000,68.8(-1.15 %),133000,9181650000,262000,18104280000,244704833,30.92
10/10/2023,-313700,-21568640000,68.8(0.00 %),76900,5327020000,390600,26895660000,244493620,61.87
11/10/2023,-370100,-25231850000,68(-1.16 %),37400,2549540000,407500,27781390000,244718220,61.84
12/10/2023,-209700,-14383770000,68.9(1.32 %),131300,9025730000,341000,23409500000,244977600,61.8
13/10/2023,-16600,-1236760000,70.1(1.74 %),255900,17684960000,272500,18921720000,488515835,61.91
16/10/2023,32300,2329210000,70.9(1.14 %),183100,13022700000,150800,10693490000,488673735,61.9
17/10/2023,-18200,-1287200000,69.9(-1.41 %),32000,2260630000,50200,3547830000,488914231,61.88
18/10/2023,101000,6932060000,68.3(-2.29 %),104700,7183850000,3700,251790000,488960281,61.88
19/10/2023,60800,4155160000,68.3(0.00 %),136500,9328770000,75700,5173610000,488873981,61.88
20/10/2023,24700,1689060000,70(2.49 %),35500,2429280000,10800,740220000,488842181,61.89
23/10/2023,-98800,-6781070000,67.8(-3.14 %),46400,3177770000,145200,9958840000,488871471,61.88
24/10/2023,74900,5156920000,69.1(1.92 %),92100,6338030000,17200,1181110000,488796571,61.89
25/10/2023,98300,6826510000,69.2(0.14 %),127500,8839010000,29200,2012500000,488790171,61.89
26/10/2023,51200,3448720000,66.2(-4.34 %),110900,7435910000,59700,3987190000,488712168,61.9
27/10/2023,-168600,-10758240000,63.1(-4.68 %),148700,9324020000,317300,20082260000,488592618,61.9
30/10/2023,-29900,-1862620000,60.8(-3.65 %),122000,7593800000,151900,9456420000,488531318,61.91
31/10/2023,-140400,-8246040000,56.7(-6.74 %),198600,11535640000,339000,19781680000,488650338,61.9
01/11/2023,-189600,-10700920000,57.4(1.23 %),215500,12095650000,405100,22796570000,488586758,61.91
02/11/2023,-49700,-2840490000,61.4(6.97 %),171100,10273430000,220800,13113920000,488636458,61.9
03/11/2023,46200,2957370000,63.9(4.07 %),223100,14194640000,176900,11237270000,488590258,61.91
06/11/2023,170400,11190010000,66.2(3.60 %),234800,15400380000,64400,4210370000,488419858,61.92
07/11/2023,34700,2291940000,65.1(-1.66 %),110100,7239130000,75400,4947190000,488385158,61.92
08/11/2023,-422800,-26967320000,65.1(0.00 %),95600,6136380000,518400,33103700000,488974237,61.88
09/11/2023,-480900,-31108140000,63.9(-1.84 %),69400,4490410000,550300,35598550000,488994237,61.87
10/11/2023,-187900,-11834930000,62.4(-2.35 %),56300,3535510000,244200,15370440000,489459343,61.84
13/11/2023,-237600,-14813970000,61.3(-1.76 %),55700,3470030000,293300,18284000000,489948943,61.8
14/11/2023,-358300,-22327680000,62(1.14 %),113900,7120940000,472200,29448620000,490055243,61.79
15/11/2023,-442700,-28283330000,63.2(1.94 %),279400,17824990000,722100,46108320000,490497943,61.76
16/11/2023,0,0,64.2(1.58 %),0,0,0,0,490497943,123.51
17/11/2023,-57900,-3697270000,63.7(-0.78 %),21100,1358010000,79000,5055280000,491044955,61.71
20/11/2023,-39000,-2457280000,63(-1.10 %),78700,4960160000,117700,7417440000,491216355,61.7
21/11/2023,62100,3900700000,63.1(0.16 %),254600,16073460000,192500,12172760000,491240715,61.7
22/11/2023,79100,5034850000,63.5(0.63 %),187000,11886070000,107900,6851220000,491171375,61.7
23/11/2023,-105300,-6627450000,60.4(-4.88 %),15900,1000110000,121200,7627560000,491276675,123.39
24/11/2023,389400,24004230000,63(4.30 %),493300,30398620000,103900,6394390000,490887275,123.45
27/11/2023,376400,24044320000,64.3(2.06 %),427100,27282210000,50700,3237890000,490510875,123.51
28/11/2023,106700,6834450000,64.9(0.93 %),204300,13064490000,97600,6230040000,490404175,123.53
29/11/2023,449700,29660720000,66.2(2.00 %),471500,31099490000,21800,1438770000,489954475,123.6
30/11/2023,-88300,-5783740000,65(-1.81 %),85800,5627650000,174100,11411390000,490042775,123.58
01/12/2023,-30100,-1952860000,65(0.00 %),24400,1576240000,54500,3529100000,490348200,123.54
04/12/2023,-187200,-12130150000,64.7(-0.46 %),56400,3657530000,243600,15787680000,490535400,123.51
05/12/2023,-135500,-8730530000,64(-1.08 %),28400,1824590000,163900,10555120000,490670900,123.49
06/12/2023,104400,6777830000,65.2(1.88 %),130300,8459060000,25900,1681230000,490566500,123.5
07/12/2023,61700,4005080000,65.6(0.61 %),116500,7590780000,54800,3585700000,490504800,123.51
08/12/2023,-1300,-83140000,65.6(0.00 %),14900,975990000,16200,1059130000,490506100,123.51
11/12/2023,-81800,-5364420000,65.5(-0.15 %),20100,1313640000,101900,6678060000,490587900,123.5
12/12/2023,-28100,-1828420000,65(-0.76 %),16500,1077360000,44600,2905780000,490616000,123.49
13/12/2023,-186500,-12053990000,64(-1.54 %),129700,8424560000,316200,20478550000,490802500,123.47
14/12/2023,-66400,-4240120000,63(-1.56 %),36100,2308100000,102500,6548220000,490868900,123.45
15/12/2023,-78400,-4871800000,62.8(-0.32 %),416300,26221020000,494700,31092820000,490947300,123.44
18/12/2023,-95400,-5906710000,61.5(-2.07 %),53000,3284250000,148400,9190960000,491042700,123.43
19/12/2023,170700,10561630000,62.2(1.14 %),303800,18799250000,133100,8237620000,490872000,123.45
20/12/2023,81900,5110690000,62(-0.32 %),200800,12495230000,118900,7384540000,490790100,123.47
21/12/2023,-19400,-1198600000,62(0.00 %),119200,7382440000,138600,8581040000,490809500,123.46
22/12/2023,26600,1643290000,61.5(-0.81 %),227500,14074860000,200900,12431570000,490782900,123.47
25/12/2023,48300,3112530000,62(0.81 %),125300,7888230000,77000,4775700000,490734600,123.48
26/12/2023,-48100,-3003320000,62.7(1.13 %),62400,3911770000,110500,6915090000,490782700,123.47
27/12/2023,86800,5500980000,62.1(-0.96 %),200500,12574910000,113700,7073930000,490695900,123.48
28/12/2023,-262800,-16355500000,62.2(0.16 %),202500,12731700000,465300,29087200000,490958700,123.44
29/12/2023,68700,4335930000,63(1.29 %),1059000,66750900000,990300,62414970000,490890000,123.45
02/01/2024,-281700,-17912030000,63.5(0.79 %),80600,5120900000,362300,23032930000,489634784,61.82
03/01/2024,-258800,-16417960000,63.5(0.00 %),12300,780620000,271100,17198580000,489506882,123.67
04/01/2024,-149900,-9358490000,62.4(-1.73 %),222200,13863570000,372100,23222060000,489656782,123.64
05/01/2024,-41600,-2576010000,61.9(-0.80 %),184600,11413490000,226200,13989500000,489698382,123.64
08/01/2024,127000,7877190000,62.1(0.32 %),184400,11432910000,57400,3555720000,489571382,123.66
09/01/2024,-40200,-2473810000,61.6(-0.81 %),108800,6737920000,149000,9211730000,491150500,61.71
10/01/2024,-40000,-2447680000,60.8(-1.30 %),80000,4890340000,120000,7338020000,491127936,61.71
11/01/2024,61700,3794770000,61.4(0.99 %),226100,13888350000,164400,10093580000,491050800,61.71
12/01/2024,135400,8254160000,61.1(-0.49 %),139000,8473340000,3600,219180000,489373882,123.69
15/01/2024,17400,1052650000,60.4(-1.15 %),99800,6065000000,82400,5012350000,491096448,61.71
16/01/2024,-70100,-4232050000,60.4(0.00 %),6700,405200000,76800,4637250000,491093344,61.71
17/01/2024,36100,2171460000,60.4(0.00 %),166500,10055470000,130400,7884010000,491009248,61.72
18/01/2024,39100,2366640000,60.5(0.17 %),270300,16370010000,231200,14003370000,489351382,123.69
19/01/2024,42000,2581140000,61.4(1.49 %),405800,24867550000,363800,22286410000,489309382,123.7
22/01/2024,-69700,-4243300000,60.9(-0.81 %),72900,4453490000,142600,8696790000,489379082,123.69
23/01/2024,-99400,-6026020000,60.3(-0.99 %),11200,678570000,110600,6704590000,489478482,123.67
24/01/2024,-311800,-18792110000,60.3(0.00 %),14200,856970000,326000,19649080000,489790282,123.62
25/01/2024,-1022200,-60628410000,58.8(-2.49 %),10900,650580000,1033100,61278990000,490812482,123.46
26/01/2024,-1470000,-84698370000,57.3(-2.55 %),97300,5675890000,1567300,90374260000,492282482,123.23
29/01/2024,-318500,-18461630000,57.9(1.05 %),139300,8065830000,457800,26527460000,492393600,61.61
30/01/2024,-429300,-24678920000,57.2(-1.21 %),42900,2467940000,472200,27146860000,493918048,61.49
31/01/2024,-489500,-27873080000,56.3(-1.57 %),47600,2709320000,537100,30582400000,494328224,61.46
01/02/2024,30400,1739410000,57.5(2.13 %),115400,6610760000,85000,4871350000,494328220,122.92
02/02/2024,-193200,-11067030000,57(-0.87 %),61700,3527730000,254900,14594760000,494685056,61.43
05/02/2024,116000,6635860000,57(0.00 %),460700,26317140000,344700,19681280000,494289986,122.92
06/02/2024,81400,4654560000,57.3(0.53 %),307500,17548990000,226100,12894430000,494732160,61.43
07/02/2024,102490,5896352000,57.8(0.87 %),109600,6305610000,7110,409258000,494967264,61.41
15/02/2024,210460,12308509600,58.4(1.04 %),290700,16988840000,80240,4680330400,494898656,61.41
16/02/2024,-120690,-7003443400,58(-0.68 %),452210,26245316600,572900,33248760000,494453568,61.45
19/02/2024,-411825,-23799109500,57.9(-0.17 %),74675,4308720500,486500,28107830000,494459136,61.45
20/02/2024,-477420,-27984284000,58.6(1.21 %),322700,18965330000,800120,46949614000,494705344,61.43
21/02/2024,-522487,-30404863700,58.1(-0.85 %),59513,3460036300,582000,33864900000,495128320,61.4
22/02/2024,-387590,-22530607000,58(-0.17 %),26510,1542253000,414100,24072860000,495128320,61.4
23/02/2024,-422680,-24319440000,57(-1.72 %),171520,9856600000,594200,34176040000,496238328,122.62
26/02/2024,-261000,-14813299000,56.6(-0.70 %),106620,6072033000,367620,20885332000,496613900,61.28
27/02/2024,-855980,-47985820000,56.3(-0.53 %),298700,16744120000,1154680,64729940000,497355308,122.44
28/02/2024,-22500,-1298190000,57.7(2.49 %),149600,8554520000,172100,9852710000,497377808,122.44
29/02/2024,233483,13661333500,58.5(1.39 %),638223,37422731500,404740,23761398000,497630880,61.2
01/03/2024,-79800,-4674500000,58.6(0.17 %),50800,2975670000,130600,7650170000,497580065,122.41
04/03/2024,-270810,-15901260000,58.3(-0.51 %),37100,2176380000,307910,18077640000,497850875,122.37
05/03/2024,-338400,-19701730000,58.9(1.03 %),53600,3125490000,392000,22827220000,498192600,61.16
06/03/2024,466400,28394600000,61.1(3.74 %),1227300,75027720000,760900,46633120000,497722875,122.39
07/03/2024,-1167698,-71089689900,60.6(-1.14 %),117100,7150360000,1284798,78240049900,498890573,122.2
08/03/2024,-668600,-40191100000,60(-0.99 %),35400,2132150000,704000,42323250000,499559173,122.1
11/03/2024,-684200,-40999130000,59.3(-1.17 %),361400,21671190000,1045600,62670320000,500243373,121.99
12/03/2024,-384300,-22888600000,59.1(-0.34 %),11500,683720000,395800,23572320000,499989100,61.02
13/03/2024,-573900,-33930570000,59.6(0.85 %),159200,9429510000,733100,43360080000,500875478,60.95
14/03/2024,-403200,-23863770000,58.7(-1.51 %),98100,5802440000,501300,29666210000,501278678,121.83
15/03/2024,-830500,-48241520000,58(-1.19 %),217400,12609250000,1047900,60850770000,502109178,121.7
18/03/2024,-478900,-27286300000,56.7(-2.24 %),81300,4647720000,560200,31934020000,502108864,60.85
19/03/2024,-304900,-17369180000,56.9(0.35 %),15200,863430000,320100,18232610000,503137568,60.77
20/03/2024,-190200,-10805850000,56.9(0.00 %),18900,1071640000,209100,11877490000,503083178,121.55
21/03/2024,-163900,-9413720000,57.2(0.53 %),68600,3936990000,232500,13350710000,503247078,121.52
22/03/2024,-200000,-11470870000,57.3(0.17 %),48600,2785000000,248600,14255870000,503447078,121.49
25/03/2024,-164600,-9454270000,57(-0.52 %),172200,9815030000,336800,19269300000,504145440,60.69
26/03/2024,-331900,-18865610000,56.9(-0.18 %),211700,12042310000,543600,30907920000,503553378,121.48
27/03/2024,-126200,-7256110000,57.5(1.05 %),31700,1820150000,157900,9076260000,504482432,60.67
28/03/2024,-466600,-26661250000,57.2(-0.52 %),100600,5751510000,567200,32412760000,504923456,60.63
29/03/2024,-150800,-8559790000,56.7(-0.87 %),39500,2251010000,190300,10810800000,505041856,60.62
01/04/2024,65200,3703040000,56.8(0.18 %),137900,7837420000,72700,4134380000,505471168,60.59
02/04/2024,-576400,-32552500000,56.4(-0.70 %),55700,3142610000,632100,35695110000,505618248,121.15
03/04/2024,-457700,-25723620000,56(-0.71 %),109200,6161380000,566900,31885000000,505565400,60.58
04/04/2024,-352200,-19898840000,56.5(0.89 %),77800,4392590000,430000,24291430000,506428148,121.03
05/04/2024,-391900,-22051120000,56.1(-0.71 %),13000,731360000,404900,22782480000,506673248,60.5
08/04/2024,-426200,-23700050000,55.3(-1.43 %),44300,2462120000,470500,26162170000,507246248,120.9
09/04/2024,-409100,-22539280000,55(-0.54 %),230500,12682900000,639600,35222180000,507655348,120.84
10/04/2024,-49000,-2712630000,55.3(0.55 %),136300,7533030000,185300,10245660000,507704348,120.83
11/04/2024,4600,256470000,55.4(0.18 %),164400,9094590000,159800,8838120000,508042720,60.39
12/04/2024,-135100,-7555350000,56(1.08 %),463700,25933180000,598800,33488530000,507764320,60.41
15/04/2024,179000,9889110000,55(-1.79 %),323700,17950760000,144700,8061650000,507655848,120.84
16/04/2024,139300,7518470000,54.8(-0.36 %),193700,10464510000,54400,2946040000,507516548,120.86
17/04/2024,35100,1915660000,54(-1.46 %),111900,6075850000,76800,4160190000,507620748,120.84
19/04/2024,336400,17697810000,52.5(-2.78 %),362000,19048090000,25600,1350280000,507284348,120.9
22/04/2024,50600,2696630000,53.2(1.33 %),99400,5295510000,48800,2598880000,507725248,60.41
23/04/2024,27700,1480450000,53(-0.38 %),144800,7694360000,117100,6213910000,507605152,60.42
24/04/2024,23100,1219130000,53.6(1.13 %),151200,8068970000,128100,6849840000,507182948,120.91
25/04/2024,19100,1114280000,54.4(1.49 %),392700,21562310000,373600,20448030000,507163848,120.91
26/04/2024,25500,1426830000,54.4(0.00 %),268100,14686390000,242600,13259560000,507087600,60.46
02/05/2024,617800,34754310000,56.6(4.04 %),853300,48033080000,235500,13278770000,506607968,60.5
03/05/2024,203100,11531400000,56.7(0.18 %),241400,13708180000,38300,2176780000,506609184,60.5
06/05/2024,24000,1352520000,57(0.53 %),94400,5366090000,70400,4013570000,506750240,60.49
07/05/2024,128100,7343340000,57.7(1.23 %),162500,9310740000,34400,1967400000,506626048,60.5
08/05/2024,604100,35500530000,58.9(2.08 %),896200,52681900000,292100,17181370000,505800256,60.56
09/05/2024,-62600,-3700420000,57.6(-2.21 %),89400,5197300000,152000,8897720000,505735264,60.57
10/05/2024,129900,7509360000,57.6(0.00 %),273100,15761930000,143200,8252570000,505744256,60.57
13/05/2024,-8400,-484990000,56.9(-1.22 %),109000,6227120000,117400,6712110000,505787264,60.56
14/05/2024,113000,6464010000,57.1(0.35 %),170600,9753850000,57600,3289840000,505956405,121.1
15/05/2024,213300,12350410000,57.6(0.88 %),334400,19330000000,121100,6979590000,505743105,121.14
16/05/2024,23700,1408150000,57.5(-0.17 %),198300,11473060000,174600,10064910000,505719405,121.14
17/05/2024,-140500,-8166870000,58.1(1.04 %),89600,5209680000,230100,13376550000,505433632,60.59
20/05/2024,-55500,-3212960000,57.8(-0.52 %),30100,1750910000,85600,4963870000,505578144,60.58
21/05/2024,-214600,-12462920000,58(0.35 %),71400,4152330000,286000,16615250000,505732832,60.57
22/05/2024,-122000,-7038440000,57.5(-0.86 %),17000,982560000,139000,8021000000,505793344,60.56
23/05/2024,167300,9713470000,59.5(3.48 %),282900,16563850000,115600,6850380000,505796576,60.56
24/05/2024,14200,853460000,58(-2.52 %),77600,4562420000,63400,3708960000,506094205,121.08
27/05/2024,72600,4231090000,58.5(0.86 %),97400,5675070000,24800,1443980000,505910100,60.55
28/05/2024,58000,3605270000,61(4.27 %),173500,10489170000,115500,6883900000,505802500,60.56
29/05/2024,70000,4248250000,60.5(-0.82 %),160900,9766770000,90900,5518520000,505661536,60.57
30/05/2024,84100,4927810000,59.3(-1.98 %),138100,8132490000,54000,3204680000,505639040,60.58
31/05/2024,8200,484380000,58.3(-1.69 %),96500,5652870000,88300,5168490000,505633500,60.58
03/06/2024,102500,6065010000,59.4(1.89 %),111700,6613520000,9200,548510000,505633499,121.15
04/06/2024,456200,27793030000,61.4(3.37 %),500200,30458900000,44000,2665870000,505177299,121.22
05/06/2024,286400,17902770000,65.6(6.84 %),409000,25825470000,122600,7922700000,504890899,121.27
06/06/2024,115700,7658840000,65.5(-0.15 %),255500,17004080000,139800,9345240000,504552679,60.66
07/06/2024,267000,17763550000,67.9(3.66 %),664900,44577520000,397900,26813970000,504006379,60.7
10/06/2024,125729,8417471700,67.7(-0.29 %),755929,50832481700,630200,42415010000,503880650,121.43
11/06/2024,451080,30279200000,67.6(-0.15 %),600500,40365840000,149420,10086640000,504552679,60.66
12/06/2024,-99685,-6648502000,67(-0.89 %),424915,28454298000,524600,35102800000,503523335,60.74
13/06/2024,0,0,65.6(-2.09 %),0,0,0,0,503575655,60.74
14/06/2024,-262140,-16531270000,63.4(-3.35 %),299500,19039490000,561640,35570760000,503700755,60.73
17/06/2024,1411600,89803860000,63.6(0.32 %),1508500,95977430000,96900,6173570000,502641855,60.81
18/06/2024,-53320,-3394170000,63.6(0.00 %),4400,279380000,57720,3673550000,503199095,60.77
19/06/2024,-165590,-10365709700,62(-2.52 %),69350,4332001000,234940,14697710700,503224645,60.76
20/06/2024,-2600,-192660000,62.1(0.16 %),82000,5035570000,84600,5228230000,503200365,60.77
21/06/2024,-164000,-10069990000,61.5(-0.97 %),232700,14477240000,396700,24547230000,502762605,60.8
24/06/2024,656700,40430190000,61.5(0.00 %),734600,45258520000,77900,4828330000,502112605,60.85
25/06/2024,-226831,-13788643100,60.6(-1.46 %),72600,4410460000,299431,18199103100,502445705,60.82
26/06/2024,52909,3214985400,60(-0.99 %),247300,14888980000,194391,11673994600,502284105,60.84
27/06/2024,17300,1088430000,60.6(1.00 %),297700,18143920000,280400,17055490000,502286836,60.84
28/06/2024,-69004,-4065047000,60(-0.99 %),276270,16778447000,345274,20843494000,502206957,60.84
04/07/2024,-7500,-463870000,61(-0.81 %),173200,10647840000,180700,11111710000,502820991,0.0
05/07/2024,-178300,-10445920000,58(-1.69 %),183400,10650920000,361700,21096840000,502999291,0.0
08/07/2024,-351400,-19851440000,56.4(-2.76 %),12200,689980000,363600,20541420000,503350691,0.0
09/07/2024,584200,33548130000,57.3(1.60 %),889400,51086290000,305200,17538160000,502766491,0.0
10/07/2024,-84500,-4808850000,56.4(-1.57 %),35400,2014640000,119900,6823490000,502850991,0.0
11/07/2024,-134500,-7590660000,56.3(-0.18 %),64900,3664750000,199400,11255410000,502985491,0.0
12/07/2024,-110100,-6177370000,56(-0.53 %),35800,2012480000,145900,8189850000,503095591,0.0
15/07/2024,-75800,-4243410000,55.8(-0.36 %),31800,1780340000,107600,6023750000,503171391,0.0
16/07/2024,72500,4049080000,55.8(0.00 %),278000,15543610000,205500,11494530000,503098891,0.0
17/07/2024,15300,813950000,54(-3.23 %),77600,4256140000,62300,3442190000,503083591,0.0
18/07/2024,-112500,-6072900000,54.3(0.56 %),431900,23368990000,544400,29441890000,503196091,0.0
19/07/2024,319700,17596750000,55.2(1.66 %),328800,18098050000,9100,501300000,502876391,0.0
22/07/2024,-16500,-955110000,55.7(0.91 %),161700,9012670000,178200,9967780000,502892891,0.0
23/07/2024,-55000,-3047860000,54.7(-1.80 %),139600,7674870000,194600,10722730000,502947891,0.0
24/07/2024,-20300,-1105880000,54.6(-0.18 %),49900,2709270000,70200,3815150000,502968191,0.0
25/07/2024,-211800,-11434470000,54(-1.10 %),12200,658930000,224000,12093400000,503179991,0.0
26/07/2024,31300,1770350000,55(1.85 %),368100,20311710000,336800,18541360000,503148691,0.0
29/07/2024,-151700,-8361290000,54.9(-0.18 %),7900,436170000,159600,8797460000,503300391,0.0
30/07/2024,-151700,-8361290000,54.8(-0.18 %),7900,436170000,159600,8797460000,503452091,0.0
31/07/2024,-125300,-6906980000,55.4(1.09 %),16000,883600000,141300,7790580000,503577391,0.0
01/08/2024,-53700,-2932940000,55(-0.72 %),172700,9708960000,226400,12641900000,503281898,0.0
02/08/2024,-18400,-1013180000,55.1(0.18 %),20500,1124590000,38900,2137770000,503300298,0.0
05/08/2024,98600,5220250000,52(-5.63 %),175100,9308440000,76500,4088190000,503201698,0.0
06/08/2024,-67800,-3591970000,53.3(2.50 %),74700,3969920000,142500,7561890000,503269498,0.0
07/08/2024,-161200,-8538710000,52.9(-0.75 %),71400,3789190000,232600,12327900000,503430698,0.0
08/08/2024,-299700,-15955980000,52.8(-0.19 %),70100,3744640000,369800,19700620000,503730398,0.0
09/08/2024,-159600,-8547500000,53.6(1.52 %),26800,1436160000,186400,9983660000,503889998,0.0
12/08/2024,-49100,-2649980000,54(0.75 %),115300,6220360000,164400,8870340000,503939098,0.0
13/08/2024,8600,436420000,54.3(0.56 %),134000,7244210000,125400,6807790000,503930498,0.0
14/08/2024,297300,16496090000,55.7(2.58 %),419200,23276160000,121900,6780070000,503633198,0.0
15/08/2024,62400,3522760000,55.7(0.00 %),263000,14748990000,200600,11226230000,503570798,0.0
16/08/2024,211600,11877370000,56.3(1.08 %),281500,15808380000,69900,3931010000,503359198,0.0
19/08/2024,15800,940980000,57.8(2.66 %),215200,12282420000,199400,11341440000,503343398,0.0
20/08/2024,53600,3095860000,58(0.35 %),173300,10023930000,119700,6928070000,503289798,0.0
21/08/2024,-21600,-1243460000,57.4(-1.03 %),24100,1385610000,45700,2629070000,503311398,0.0
22/08/2024,-151900,-8671000000,57(-0.70 %),13700,780710000,165600,9451710000,503463298,0.0
23/08/2024,-29500,-1667550000,56.9(-0.18 %),160400,9151210000,189900,10818760000,503492798,0.0
26/08/2024,-33300,-1885740000,56.7(-0.35 %),44800,2553720000,78100,4439460000,503526098,0.0
27/08/2024,-71300,-4063860000,57(0.53 %),4000,228860000,75300,4292720000,503597398,0.0
28/08/2024,-114900,-6598620000,57.4(0.70 %),59500,3421480000,174400,10020100000,503712298,0.0
29/08/2024,-55200,-3155820000,57.4(0.00 %),163400,9429360000,218600,12585180000,503767498,0.0
30/08/2024,-173100,-9935400000,57.5(0.17 %),126300,7304440000,299400,17239840000,503940598,0.0
04/09/2024,-70900,-4055910000,57.2(-0.52 %),33600,1925780000,104500,5981690000,503902126,0.0
05/09/2024,-78300,-4475110000,57(-0.35 %),17900,1020580000,96200,5495690000,503980426,0.0
06/09/2024,20400,1164100000,56.7(-0.53 %),38200,2175380000,17800,1011280000,503960026,0.0
09/09/2024,128200,7214480000,56.2(-0.88 %),164000,9222010000,35800,2007530000,503831826,0.0
10/09/2024,-271800,-15163070000,55.3(-1.60 %),92900,5212420000,364700,20375490000,504103626,0.0
11/09/2024,43000,2380440000,55.4(0.18 %),64900,3591410000,21900,1210970000,504060626,0.0
12/09/2024,-182800,-10185790000,55.4(0.00 %),50300,2801020000,233100,12986810000,504243426,0.0
13/09/2024,242000,13559380000,56.1(1.26 %),305500,17116030000,63500,3556650000,504001426,0.0
16/09/2024,171100,9583080000,55.8(-0.53 %),247900,13874240000,76800,4291160000,503830326,0.0
17/09/2024,106000,5925400000,56.5(1.25 %),115100,6433270000,9100,507870000,503724326,0.0
18/09/2024,-47800,-2689920000,56.1(-0.71 %),137800,7763960000,185600,10453880000,503772126,0.0
19/09/2024,155200,8764490000,56.5(0.71 %),163200,9215350000,8000,450860000,503616926,0.0
20/09/2024,365300,20913350000,57.4(1.59 %),492400,28170550000,127100,7257200000,503251626,0.0
23/09/2024,99900,5735070000,57.4(0.00 %),217700,12499430000,117800,6764360000,503151726,0.0
24/09/2024,147500,8500570000,57.5(0.17 %),275500,15866810000,128000,7366240000,503004226,0.0
25/09/2024,91400,5253680000,57.4(-0.17 %),141100,8107380000,49700,2853700000,502912826,0.0
26/09/2024,211600,12312460000,58.1(1.22 %),248300,14445280000,36700,2132820000,502701226,0.0
27/09/2024,127300,7390330000,58.5(0.69 %),259500,15102410000,132200,7712080000,502573926,0.0
30/09/2024,8500,498570000,57.8(-1.20 %),123500,7169920000,115000,6671350000,502565426,0.0
01/10/2024,-84400,-4879950000,57.8(0.00 %),113100,6539050000,197500,11419000000,502911451,0.0
02/10/2024,-76400,-4365600000,56.9(-1.56 %),51700,2964060000,128100,7329660000,502987851,0.0
03/10/2024,12700,735510000,56.8(-0.18 %),77900,4456550000,65200,3721040000,502975151,0.0
04/10/2024,-79700,-4522590000,56.6(-0.35 %),48000,2728370000,127700,7250960000,503054851,0.0
07/10/2024,154700,8800450000,56.7(0.18 %),186700,10619220000,32000,1818770000,502900151,0.0
08/10/2024,-29100,-1644000000,56.3(-0.71 %),67300,3799660000,96400,5443660000,502929251,0.0
09/10/2024,-71500,-4016480000,56.4(0.18 %),141200,7946460000,212700,11962940000,503000751,0.0
10/10/2024,129900,7429000000,57.7(2.30 %),244200,13968410000,114300,6539410000,502870851,0.0
11/10/2024,91500,5267380000,57.5(-0.35 %),92700,5336590000,1200,69210000,502779351,0.0
14/10/2024,4000,232230000,57.2(-0.52 %),39000,2242660000,35000,2010430000,502775351,0.0
15/10/2024,-159300,-9157200000,57.1(-0.17 %),4600,265000000,163900,9422200000,502934651,0.0
16/10/2024,210600,12100120000,57.8(1.23 %),218700,12566020000,8100,465900000,502724051,0.0
17/10/2024,-15500,-889270000,57.3(-0.87 %),9200,528390000,24700,1417660000,502739551,0.0
18/10/2024,-36100,-2078510000,57.4(0.17 %),5800,333140000,41900,2411650000,502775651,0.0
21/10/2024,-215800,-12254680000,56.6(-1.39 %),7900,448230000,223700,12702910000,502991451,0.0
22/10/2024,-97200,-5473670000,56(-1.06 %),11600,653020000,108800,6126690000,503088651,0.0
23/10/2024,-113600,-6339530000,56(0.00 %),14300,799190000,127900,7138720000,503202251,0.0
24/10/2024,-8500,-474370000,55.9(-0.18 %),14200,793880000,22700,1268250000,503210751,0.0
25/10/2024,-105500,-5871210000,55.5(-0.72 %),21800,1211840000,127300,7083050000,503316251,0.0
28/10/2024,-78000,-4325210000,55.5(0.00 %),43300,2401290000,121300,6726500000,503394251,0.0
29/10/2024,-42800,-2375100000,55.4(-0.18 %),29000,1608330000,71800,3983430000,503437051,0.0
30/10/2024,-118000,-6539740000,55.2(-0.36 %),31300,1733360000,149300,8273100000,503555051,0.0
31/10/2024,-195600,-10849750000,55.2(0.00 %),67500,3753760000,263100,14603510000,503750651,0.0
01/11/2024,22500,1295650000,55.3(0.18 %),126300,7055300000,103800,5759650000,503675113,0.0
04/11/2024,8900,522620000,55.5(0.36 %),93100,5201990000,84200,4679370000,503666213,0.0
05/11/2024,-112400,-6241210000,55.5(0.00 %),37300,2073410000,149700,8314620000,503778613,0.0
06/11/2024,-89600,-4988960000,55.8(0.54 %),51300,2858180000,140900,7847140000,503868213,0.0
07/11/2024,-6500,-356150000,55.6(-0.36 %),41600,2324950000,48100,2681100000,503874713,0.0
08/11/2024,-96700,-5338680000,55.2(-0.72 %),62500,3473120000,159200,8811800000,503971413,0.0
11/11/2024,-100600,-5562720000,55.3(0.18 %),116100,6432200000,216700,11994920000,504072013,0.0
12/11/2024,473400,26896490000,56.6(2.35 %),607600,34526870000,134200,7630380000,503635426,60.73
13/11/2024,-10400,-585330000,56.8(0.35 %),37100,2101180000,47500,2686510000,503609013,0.0
14/11/2024,-19900,-1119540000,56.1(-1.23 %),27700,1560470000,47600,2680010000,503628913,0.0
15/11/2024,-41500,-2302270000,55.5(-1.07 %),35200,1961360000,76700,4263630000,503670413,0.0
18/11/2024,-74600,-4139900000,55.5(0.00 %),73300,4080310000,147900,8220210000,503745013,0.0
19/11/2024,-85300,-4716420000,55(-0.90 %),79900,4417220000,165200,9133640000,503830313,0.0
20/11/2024,-34200,-1880710000,55.5(0.91 %),54300,2994740000,88500,4875450000,503864513,0.0
21/11/2024,-31900,-1761970000,55.3(-0.36 %),29500,1632400000,61400,3394370000,503896413,0.0
22/11/2024,-66700,-3696310000,55.4(0.18 %),40700,2262500000,107400,5958810000,503963113,0.0
25/11/2024,51500,2886260000,55.5(0.18 %),168000,9356550000,116500,6470290000,504063615,60.7
26/11/2024,-36100,-2020210000,56.1(1.08 %),205600,11525960000,241700,13546170000,503960855,60.71
27/11/2024,12800,732020000,56.1(0.00 %),71700,4038740000,58900,3306720000,504001655,60.7
28/11/2024,-30200,-1686500000,55.5(-1.07 %),48300,2709820000,78500,4396320000,504193115,60.69
29/11/2024,56800,3170820000,56.1(1.08 %),64700,3609650000,7900,438830000,504187315,60.69
02/12/2024,8200,468110000,56.2(0.18 %),47900,2701180000,39700,2233070000,504217915,60.69
03/12/2024,-6100,-346490000,56.2(0.00 %),62800,3524610000,68900,3871100000,504163015,60.69
04/12/2024,159200,9018830000,57.4(2.14 %),206600,11741450000,47400,2722620000,504004115,60.7
05/12/2024,-68200,-3909780000,57.5(0.17 %),36600,2099040000,104800,6008820000,504040415,60.7
09/12/2024,56300,3228930000,57.5(-0.35 %),92800,5328320000,36500,2099390000,503991986,60.7
10/12/2024,173600,10038860000,58.1(1.04 %),245400,14203360000,71800,4164500000,503897036,60.71
16/12/2024,-22800,-1305010000,57.3(-0.17 %),22200,1275870000,45000,2580880000,503357086,60.75
17/12/2024,24100,1384880000,57.3(0.00 %),94400,5413370000,70300,4028490000,503304966,60.76
18/12/2024,27300,1568800000,57.4(0.17 %),106800,6131430000,79500,4562630000,503243166,60.76
19/12/2024,-68900,-3924610000,56.9(-0.87 %),18100,1030040000,87000,4954650000,503295426,60.76
20/12/2024,-446900,-25286770000,56.5(-0.70 %),28500,1616120000,475400,26902890000,503346424,60.75
24/12/2024,0,0,57.2(0.00 %),0,0,0,0,503797644,60.72
25/12/2024,13000,754340000,57.4(0.35 %),61000,3512390000,48000,2758050000,503855916,60.71
26/12/2024,-34200,-1914070000,55.7(0.54 %),54300,3020620000,88500,4934690000,503981376,60.71
27/12/2024,197800,11004310000,55.8(0.18 %),303200,16863140000,105400,5858830000,503722181,60.73
30/12/2024,187400,10499650000,56.1(0.54 %),245700,13754380000,58300,3254730000,503562925,60.74
31/12/2024,-29400,-1628800000,55.5(-1.07 %),89900,5000270000,119300,6629070000,503578505,60.74
02/01/2025,72900,4057990000,55.6(0.18 %),194600,10799830000,121700,6741840000,503442205,60.75
03/01/2025,147500,8186200000,55(-1.08 %),209000,11595170000,61500,3408970000,503352505,60.75
06/01/2025,-115200,-6306250000,53.6(-2.55 %),60800,3317810000,176000,9624060000,503414609,60.75
07/01/2025,-11800,-635410000,53.7(0.19 %),44400,2395670000,56200,3031080000,503414609,60.75
08/01/2025,-40900,-2197340000,53.7(0.00 %),73400,3941820000,114300,6139160000,503530443,60.74
09/01/2025,-20100,-1077500000,53.6(-0.19 %),46500,2498540000,66600,3576040000,503540143,60.74
10/01/2025,391400,21075230000,53.6(0.00 %),426500,22964700000,35100,1889470000,503232723,60.76
13/01/2025,174900,9419660000,54.1(0.93 %),206600,11126140000,31700,1706480000,503092723,60.77
14/01/2025,102100,5532190000,54.5(0.74 %),169100,9165510000,67000,3633320000,502954723,60.79
15/01/2025,-50000,-2730380000,55(0.92 %),23000,1255970000,73000,3986350000,502961423,60.78
16/01/2025,-328800,-17869860000,54(-1.82 %),52700,2858730000,381500,20728590000,503290223,0.0
17/01/2025,-411200,-21993870000,53.4(-1.11 %),55300,2960790000,466500,24954660000,502993398,60.78
20/01/2025,64600,3484880000,54.1(1.31 %),93200,5026560000,28600,1541680000,503281698,60.76
21/01/2025,39900,2164460000,53.6(-0.92 %),95500,5162280000,55600,2997820000,503652698,60.73
22/01/2025,400,25090000,53.7(0.19 %),30200,1625640000,29800,1600550000,503651148,60.73
23/01/2025,23900,1286300000,54(0.56 %),42000,2263310000,18100,977010000,503664748,60.73
24/01/2025,-59100,-3188420000,53.8(-0.37 %),51500,2774080000,110600,5962500000,503643048,60.73
03/02/2025,-296100,-15714620000,0(0.00 %),65600,3490620000,361700,19205240000,503595548,60.74
04/02/2025,-100200,-5289610000,52.7(0.00 %),95500,5030650000,195700,10320260000,503610648,60.73
05/02/2025,-61500,-3253260000,53.1(0.76 %),11900,629470000,73400,3882730000,503961648,60.71
06/02/2025,-61500,-3247340000,52.7(-0.75 %),36500,1931640000,98000,5178980000,504111508,60.69
07/02/2025,-299200,-15722910000,52.4(-0.57 %),16300,856800000,315500,16579710000,504168958,60.69
10/02/2025,-284400,-14835800000,52.2(-0.38 %),3300,172160000,287700,15007960000,504264058,60.68
11/02/2025,-386000,-19980750000,51.6(-1.15 %),6500,336680000,392500,20317430000,504569257,60.66
12/02/2025,-11900,-616970000,51.9(0.58 %),8500,441200000,20400,1058170000,504844457,60.64
13/02/2025,-78000,-4041130000,51.7(-0.39 %),118600,6156510000,196600,10197640000,505117257,60.62
14/02/2025,-348000,-17978680000,51.6(-0.19 %),39400,2039080000,387400,20017760000,505098257,60.62
17/02/2025,-541300,-27761340000,51.1(-0.97 %),17600,903650000,558900,28664990000,505273257,60.6
18/02/2025,-246300,-12599130000,51.2(0.20 %),14300,732440000,260600,13331570000,505649433,60.58
19/02/2025,-479100,-24536460000,51.3(0.20 %),14800,758030000,493900,25294490000,506191533,60.53
20/02/2025,-316900,-16289990000,51.4(0.19 %),9500,488320000,326400,16778310000,506442633,60.51
21/02/2025,-229500,-11910890000,51.8(0.78 %),26500,1376980000,256000,13287870000,506910033,60.48
24/02/2025,-239900,-12481600000,52.4(1.16 %),37000,1926480000,276900,14408080000,507199433,60.45
25/02/2025,-206300,-10811800000,52.4(0.00 %),19300,1011780000,225600,11823580000,507435133,60.44
26/02/2025,-126800,-6614260000,52.2(-0.38 %),213600,11139610000,340400,17753870000,507498508,60.43
27/02/2025,-266300,-13847290000,52.2(0.00 %),13500,704220000,279800,14551510000,507708608,60.41
28/02/2025,-34800,-1812200000,51.5(-1.34 %),13300,687260000,48100,2499460000,508035708,60.39
03/03/2025,-321000,-16569220000,51.7(0.39 %),16900,872870000,337900,17442090000,508298608,60.37
04/03/2025,-101300,-5236330000,52(0.58 %),189400,9818750000,290700,15055080000,508157308,60.38
05/03/2025,-226300,-11730530000,51.8(-0.38 %),44000,2276840000,270300,14007370000,508451208,60.36
06/03/2025,-284200,-14642160000,51.4(-0.77 %),43000,2218600000,327200,16860760000,508698908,60.34
07/03/2025,-248600,-12766480000,51.2(-0.39 %),154200,7930630000,402800,20697110000,508815034,60.33
10/03/2025,-469600,-24026520000,51.4(0.39 %),21500,1102380000,491100,25128900000,509120734,60.3
11/03/2025,-599800,-30638790000,51.2(-0.39 %),13200,674230000,613000,31313020000,509120734,60.3
12/03/2025,-542600,-27786280000,51.1(-0.20 %),150400,7699540000,693000,35485820000,509852734,60.25
13/03/2025,-610700,-31252460000,51.1(0.00 %),72000,3689370000,682700,34941830000,510394395,60.21
14/03/2025,-185500,-9612650000,51.6(0.98 %),154800,8018660000,340300,17631310000,510932633,60.16
17/03/2025,-440100,-22737350000,51.6(0.00 %),1200,62100000,441300,22799450000,511614083,60.11
18/03/2025,-985600,-50634330000,51.1(-0.97 %),12900,661250000,998500,51295580000,511942183,60.08
19/03/2025,-1157200,-59088560000,50.8(-0.59 %),32500,1659850000,1189700,60748410000,512351183,60.05
20/03/2025,-797400,-40420290000,50.6(-0.39 %),19300,978580000,816700,41398870000,513330313,59.98
21/03/2025,-508600,-25644390000,50.3(-0.59 %),337800,17033790000,846400,42678180000,514180718,59.91
24/03/2025,-995200,-49803845000,49.9(-0.80 %),11900,596220000,1007100,50400065000,514985728,59.85
25/03/2025,-904300,-44926910000,49.55(-0.70 %),57100,2836525000,961400,47763435000,515772251,59.79
26/03/2025,-841700,-41767470000,49.55(0.00 %),16200,804220000,857900,42571690000,516764121,59.71
27/03/2025,-785600,-38903350000,49.55(0.00 %),9300,460680000,794900,39364030000,517714321,59.63
28/03/2025,-610400,-30125100000,49.3(-0.50 %),33200,1636665000,643600,31761765000,518538993,59.57
31/03/2025,-450600,-22123765000,48.9(-0.81 %),16900,830890000,467500,22954655000,519317023,59.51
01/04/2025,-568600,-27908905000,49.35(0.92 %),35000,1722435000,603600,29631340000,519927823,59.46
02/04/2025,-175600,-8650830000,49.3(-0.10 %),147700,7279620000,323300,15930450000,520244823,59.44
03/04/2025,-1139400,-53480205000,45.85(-7.00 %),62200,2931235000,1201600,56411440000,520787423,59.39
04/04/2025,-1694500,-73208530000,43.35(-5.45 %),357200,15529865000,2051700,88738395000,520749523,59.4
08/04/2025,673300,29321885000,42.6(-1.73 %),1039300,45199090000,366000,15877205000,520906675,59.39
09/04/2025,142200,6204165000,44.1(3.52 %),1388500,60698210000,1246300,54494045000,521565071,59.33
10/04/2025,-232600,-10967090000,47.15(6.92 %),109100,5144065000,341700,16111155000,521812971,59.31
11/04/2025,1516800,73323965000,49(3.92 %),2440600,117936250000,923800,44612285000,520618696,59.41
14/04/2025,766900,37845780000,49.5(1.02 %),1522600,75005180000,755700,37159400000,519437876,59.5
15/04/2025,-266000,-12703630000,48.7(-1.62 %),665600,32370625000,931600,45074255000,519696076,59.48
16/04/2025,-716200,-34343060000,47.6(-2.26 %),32000,1539445000,748200,35882505000,520419772,59.42
17/04/2025,-756200,-35656245000,47(-1.26 %),175700,8288080000,931900,43944325000,521175672,59.36
18/04/2025,-421600,-20049780000,47.35(0.74 %),28900,1377375000,450500,21427155000,521894972,59.31
21/04/2025,-262500,-12412350000,47.1(-0.53 %),7700,364105000,270200,12776455000,522819172,59.24
22/04/2025,-47500,-2269555000,46.6(-1.06 %),192100,8837670000,239600,11107225000,523077570,59.22
23/04/2025,510200,24530835000,48.6(4.29 %),544100,26166085000,33900,1635250000,522804670,59.24
24/04/2025,867500,42582635000,49.2(1.23 %),928500,45577675000,61000,2995040000,522115790,59.29
25/04/2025,434600,21361470000,49.5(0.61 %),944300,46444085000,509700,25082615000,521205390,59.36
28/04/2025,1159300,58432625000,51.2(3.43 %),1265100,63795985000,105800,5363360000,520001290,59.46
29/04/2025,-2036600,-99755600000,48.1(-6.05 %),1163700,57129690000,3200300,156885290000,519347290,59.51
05/05/2025,55200,-25004440000,47.9(-0.42 %),55200,2629990000,0,27634430000,519453090,59.5
06/05/2025,-244400,-11764080000,47.85(-0.10 %),7400,356490000,251800,12120570000,522653390,59.25
07/05/2025,-42300,-2036170000,48.05(0.42 %),123500,5955970000,165800,7992140000,523181090,59.21
08/05/2025,64800,3141435000,48.55(1.04 %),314000,15187410000,249200,12045975000,523360672,59.19
09/05/2025,65600,3209455000,49(0.93 %),322400,15801890000,256800,12592435000,523337372,59.2
12/05/2025,224800,11067955000,49.45(0.92 %),666300,32756520000,441500,21688565000,523112572,59.21
13/05/2025,-280700,-13839845000,49.25(-0.40 %),150500,7426020000,431200,21265865000,523112572,59.21
14/05/2025,28000,1394055000,49.5(0.51 %),345800,17114370000,317800,15720315000,523084613,59.22
15/05/2025,414100,10451300000,50.3(1.62 %),414100,20665940000,0,10214640000,523155823,59.21
16/05/2025,173300,1995370000,50.5(0.40 %),173300,8747520000,0,6752150000,523116423,59.21
19/05/2025,110800,401620000,49.7(-1.58 %),110800,5517275000,0,5115655000,523108323,59.21
20/05/2025,199199,4667755300,49.8(0.20 %),199199,9898545300,0,5230790000,523014424,59.22
21/05/2025,125100,-925309000,49.6(-0.40 %),125100,6211075000,0,7136384000,523014424,59.22
22/05/2025,158400,-1001190000,49.65(0.10 %),158400,7850375000,0,8851565000,523014424,59.22
23/05/2025,-75100,-3709750000,49.45(-0.40 %),62200,3074800000,137300,6784550000,523032944,59.22
26/05/2025,137950,-9336065000,49.45(0.00 %),137950,6761865000,0,16097930000,523053144,59.22
27/05/2025,-46700,-2316490000,49.45(0.00 %),136600,6756550000,183300,9073040000,523128244,59.21
28/05/2025,179700,-1947205000,49.45(0.00 %),179700,8887435000,0,10834640000,523318694,59.2
29/05/2025,227200,-8974105000,49.25(-0.40 %),227200,11238980000,0,20213085000,523365394,59.19
30/05/2025,654300,-38507275000,48.75(-1.02 %),654300,32027512900,0,70534787900,523404794,59.19
02/06/2025,138400,-7455395000,49.15(0.82 %),138400,6784170000,0,14239565000,523586294,59.18
03/06/2025,264900,1299480000,49.5(0.71 %),264900,13101919500,0,11802439500,524346694,59.12
04/06/2025,503000,5106190000,50.1(1.21 %),503000,25150600000,0,20044410000,524396194,59.11
05/06/2025,349700,-12142655000,49.5(-1.20 %),349700,17384430000,0,29527085000,524396394,59.11
06/06/2025,151850,-10327158500,49.05(-0.91 %),151850,7490920000,0,17818078500,524396394,59.11
09/06/2025,269500,-18696650000,48.85(-0.41 %),269500,13226815000,0,31923465000,524641194,59.09
10/06/2025,307700,-18679395000,48.85(0.00 %),307700,15067385000,0,33746780000,524850949,59.08
11/06/2025,-49600,-2430205000,49(0.31 %),83000,4065425000,132600,6495630000,525232049,59.05
12/06/2025,-45300,-2237130000,49.45(0.92 %),227100,11225770000,272400,13462900000,525613549,59.02
13/06/2025,-80200,-3937470000,49.1(-0.71 %),270600,13276495000,350800,17213965000,525663149,59.01
16/06/2025,-124500,-6140335000,49.55(0.92 %),341100,16847385000,465600,22987720000,525708448,59.01
17/06/2025,61300,3028385000,49.95(0.81 %),670800,33538770000,609500,30510385000,525729687,59.01
18/06/2025,-433700,-21564095000,49.5(-0.90 %),310300,15454595000,744000,37018690000,525854187,59.0
19/06/2025,-136400,-6747230000,49.45(-0.10 %),190800,9419440000,327200,16166670000,525854187,59.0
20/06/2025,-129500,-6382585000,49.5(0.10 %),309800,15320285000,439300,21702870000,526287886,58.97
23/06/2025,-380500,-18734045000,49.25(-0.51 %),93500,4606405000,474000,23340450000,526424346,58.96
24/06/2025,2300,115660000,49.65(0.81 %),142900,7077575000,140600,6961915000,526551540,58.95
25/06/2025,34400,1738760000,50.3(1.31 %),407200,20419165000,372800,18680405000,526896840,58.92
26/06/2025,129500,6551340000,50.5(0.40 %),418300,21135430000,288800,14584090000,526767370,58.93
27/06/2025,293500,14830230000,50.6(0.20 %),1108800,56092910000,815300,41262680000,526473820,58.95
30/06/2025,-623700,-29448515000,47(-1.26 %),42800,2028410000,666500,31476925000,526473820,58.95
01/07/2025,-302300,-14124995000,46.55(-0.96 %),7300,340740000,309600,14465735000,526473820,58.95
02/07/2025,-284400,-13140305000,46.4(-0.32 %),164400,7599750000,448800,20740055000,527097470,58.9
03/07/2025,-244300,-11322030000,46.25(-0.32 %),400300,18578540000,644600,29900570000,527399730,58.88
04/07/2025,-93100,-4316470000,46.4(0.32 %),215100,9981495000,308200,14297965000,527684130,58.86
07/07/2025,-128700,-5976395000,46.4(0.00 %),386200,17920265000,514900,23896660000,527928490,58.84
08/07/2025,27800,1276625000,46.85(0.97 %),498600,23228975000,470800,21952350000,527993840,58.83
09/07/2025,6400,313355000,47.65(1.71 %),506400,23990175000,500000,23676820000,528116040,58.82
10/07/2025,-110100,-5274380000,48.1(0.94 %),404400,19424265000,514500,24698645000,528116040,58.82
11/07/2025,282700,13629560000,48.15(0.10 %),923100,44327305000,640400,30697745000,527833318,58.85
14/07/2025,-70400,-3366030000,48(-0.31 %),242400,11623910000,312800,14989940000,527943419,58.84
15/07/2025,127200,6145145000,48.05(0.10 %),773700,37420835000,646500,31275690000,527816263,58.85
16/07/2025,-224700,-10777915000,48(-0.10 %),161500,7733590000,386200,18511505000,527889223,58.84
17/07/2025,195000,9395935000,48.4(0.83 %),706900,34108500000,511900,24712565000,527889223,58.84
18/07/2025,-317000,-15264660000,48.2(-0.41 %),140200,6741860000,457200,22006520000,527914023,58.84
21/07/2025,-50000,-2396305000,47.7(-1.04 %),521200,25019420000,571200,27415725000,527913223,58.84
22/07/2025,-50800,-2422260000,47.8(0.21 %),159800,7612985000,210600,10035245000,528230263,58.81
23/07/2025,862300,41804775000,48.6(1.67 %),1260900,61128590000,398600,19323815000,527417783,58.88
24/07/2025,-288100,-14212770000,49(0.82 %),407200,20014515000,695300,34227285000,527468533,58.87
25/07/2025,277200,13586600000,49.1(0.20 %),578100,28319175000,300900,14732575000,527191233,58.9
28/07/2025,474700,23326350000,49.3(0.41 %),1046200,51443935000,571500,28117585000,526999153,58.91
29/07/2025,-67100,-3153000000,47.35(-3.96 %),557200,27098590000,624300,30251590000,526998653,58.91
30/07/2025,471400,22378320000,47.6(0.53 %),1078400,51225685000,607000,28847365000,526527249,58.95
31/07/2025,-103200,-4921465000,47.65(0.11 %),861500,41057825000,964700,45979290000,526594389,58.94
01/08/2025,356600,17107650000,47.95(0.63 %),626600,30062580000,270000,12954930000,526237839,58.97
04/08/2025,-45400,-2182235000,48.1(0.31 %),209500,10048490000,254900,12230725000,526341039,58.96
05/08/2025,-756300,-36108820000,47.5(-1.25 %),14900,711550000,771200,36820370000,526341039,58.96
06/08/2025,-46400,-2201785000,47.8(0.63 %),258300,12352700000,304700,14554485000,526386479,58.96
07/08/2025,-254000,-12123355000,47.7(-0.21 %),39500,1888680000,293500,14012035000,527140779,58.9
08/08/2025,-126200,-6040530000,47.85(0.31 %),117200,5607725000,243400,11648255000,527187279,58.9
11/08/2025,-132000,-6372035000,48.2(0.73 %),185000,8919945000,317000,15291980000,527440449,58.88
12/08/2025,-155200,-7492850000,48.3(0.21 %),154000,7460580000,309200,14953430000,527565549,58.87
13/08/2025,-287300,-13816480000,47.95(-0.72 %),6400,307535000,293700,14124015000,527697549,58.86
14/08/2025,-220600,-10576830000,47.9(-0.10 %),7900,378665000,228500,10955495000,527852404,58.84
15/08/2025,-199000,-9482930000,47.5(-0.84 %),34000,1619100000,233000,11102030000,528139704,58.82
18/08/2025,-145200,-6892590000,47.15(-0.74 %),19000,901020000,164200,7793610000,528360304,58.8
19/08/2025,-220500,-10399420000,47.15(0.00 %),63300,2986645000,283800,13386065000,528559274,58.79
20/08/2025,-146100,-6850030000,46.75(-0.85 %),36200,1702505000,182300,8552535000,528699634,58.78
21/08/2025,-534800,-24899400000,46.6(-0.32 %),11700,545010000,546500,25444410000,528919234,58.76
22/08/2025,-753800,-34656965000,45.8(-1.72 %),31700,1459370000,785500,36116335000,528919234,58.76
25/08/2025,-412000,-18818060000,45.6(-0.44 %),23700,1083795000,435700,19901855000,529065284,58.75
26/08/2025,-304800,-13930990000,0(-100.00 %),7600,347425000,312400,14278415000,529624084,58.71
