Ngay,KLGDRong,GTDGRong,ThayDoi,KLMua,GtMua,KLBan,GtBan,RoomConLai,DangSoHuu
07/11/2001,3000,84900,0(0.00 %),3000,84900,0,0,0,0.0
14/11/2001,1200,35760,0(0.00 %),1200,35760,0,0,0,0.0
21/11/2001,7500,227250,0(0.00 %),7500,227250,0,0,0,0.0
17/12/2001,7000,179200,0(0.00 %),7000,179200,0,0,0,0.0
24/12/2001,5600,143920,0(0.00 %),5600,143920,0,0,0,0.0
26/12/2001,11400,287280,0(0.00 %),11400,287280,0,0,0,0.0
22/02/2002,-1300,-30550,0(0.00 %),0,0,1300,30550,0,0.0
01/03/2002,-5000,-117500,0(0.00 %),0,0,5000,117500,0,0.0
07/03/2002,9900,216810,0(0.00 %),9900,216810,0,0,0,0.0
08/03/2002,15300,328950,0(0.00 %),15300,328950,0,0,0,0.0
29/03/2002,6000,144600,0(0.00 %),6000,144600,0,0,0,0.0
26/04/2002,3000,69000,0(0.00 %),3000,69000,0,0,0,0.0
19/05/2003,100,1290,0(0.00 %),100,1290,0,0,0,0.0
08/10/2003,-520,-6500,0(0.00 %),0,0,520,6500,0,0.0
13/10/2003,250,3100,0(0.00 %),250,3100,0,0,0,0.0
04/11/2003,420,4998,0(0.00 %),420,4998,0,0,0,0.0
10/11/2003,-200,-2460,0(0.00 %),0,0,200,2460,0,0.0
19/11/2003,-20,-290,0(0.00 %),0,0,20,290,0,0.0
20/11/2003,18900,287280,0(0.00 %),18900,287280,0,0,0,0.0
21/11/2003,10000,155000,0(0.00 %),10000,155000,0,0,0,0.0
23/12/2003,-1440,-20304,0(0.00 %),100,1410,1540,21714,0,0.0
24/12/2003,-970,-13677,0(0.00 %),0,0,970,13677,0,0.0
25/12/2003,-1000,-14100,0(0.00 %),0,0,1000,14100,0,0.0
08/01/2004,-500,-7050,0(0.00 %),0,0,500,7050,0,0.0
10/02/2004,-910,-13499,0(0.00 %),0,0,910,13499,0,0.0
12/02/2004,-10,-149,0(0.00 %),0,0,10,149,0,0.0
24/02/2004,-5000,-81500,0(0.00 %),0,0,5000,81500,0,0.0
25/05/2004,-3000,-40500,0(0.00 %),0,0,3000,40500,0,0.0
27/05/2004,-2380,-32130,0(0.00 %),0,0,2380,32130,0,0.0
02/06/2004,-570,-7695,0(0.00 %),0,0,570,7695,0,0.0
15/06/2004,200,2800,0(0.00 %),200,2800,0,0,0,0.0
09/07/2004,100,1380,0(0.00 %),100,1380,0,0,0,0.0
02/03/2005,-3100,-41540,0(0.00 %),0,0,3100,41540,0,0.0
03/03/2005,-460,-6210,0(0.00 %),0,0,460,6210,0,0.0
25/03/2005,-200,-2820,0(0.00 %),0,0,200,2820,0,0.0
12/04/2005,-1380,-19182,0(0.00 %),0,0,1380,19182,0,0.0
15/04/2005,-510,-7038,0(0.00 %),0,0,510,7038,0,0.0
14/07/2005,-80,-1136,0(0.00 %),0,0,80,1136,0,0.0
15/07/2005,-3640,-51688,0(0.00 %),0,0,3640,51688,0,0.0
19/07/2005,-2280,-32148,0(0.00 %),0,0,2280,32148,0,0.0
20/07/2005,-4000,-58000,0(0.00 %),0,0,4000,58000,0,0.0
22/07/2005,-1010,-14443,0(0.00 %),0,0,1010,14443,0,0.0
25/07/2005,-5990,-85657,0(0.00 %),0,0,5990,85657,0,0.0
23/08/2005,100,1620,0(0.00 %),100,1620,0,0,0,0.0
31/08/2005,500,9300,0(0.00 %),500,9300,0,0,0,0.0
05/09/2005,1020,18870,0(0.00 %),1020,18870,0,0,0,0.0
07/09/2005,400,7480,0(0.00 %),400,7480,0,0,0,0.0
22/09/2005,10,215,0(0.00 %),10,215,0,0,0,0.0
27/09/2005,100,2100,0(0.00 %),100,2100,0,0,0,0.0
28/09/2005,20,400,0(0.00 %),20,400,0,0,0,0.0
03/10/2005,400,8800,0(0.00 %),400,8800,0,0,0,0.0
10/10/2005,-1020,-21216,0(0.00 %),0,0,1020,21216,0,0.0
17/10/2005,1000,20900,0(0.00 %),1000,20900,0,0,0,0.0
18/10/2005,910,18200,0(0.00 %),910,18200,0,0,0,0.0
31/10/2005,2300,45736,0(0.00 %),2300,45736,0,0,0,0.0
03/11/2005,2400,46800,0(0.00 %),2400,46800,0,0,0,0.0
08/11/2005,2400,46800,0(0.00 %),2400,46800,0,0,0,0.0
09/11/2005,2400,46800,0(0.00 %),2400,46800,0,0,0,0.0
15/11/2005,100,1900,0(0.00 %),100,1900,0,0,0,0.0
16/11/2005,2560,48640,0(0.00 %),2560,48640,0,0,0,0.0
17/11/2005,1000,19000,0(0.00 %),1000,19000,0,0,0,0.0
29/11/2005,200,3580,0(0.00 %),200,3580,0,0,0,0.0
05/12/2005,2390,42064,0(0.00 %),2390,42064,0,0,0,0.0
07/12/2005,2530,45287,0(0.00 %),2530,45287,0,0,0,0.0
09/12/2005,2800,50400,0(0.00 %),2800,50400,0,0,0,0.0
21/12/2005,800,14320,0(0.00 %),800,14320,0,0,0,0.0
22/12/2005,350,6294,0(0.00 %),350,6294,0,0,0,0.0
23/12/2005,2600,46800,0(0.00 %),2600,46800,0,0,0,0.0
26/12/2005,2600,46800,0(0.00 %),2600,46800,0,0,0,0.0
29/12/2005,900,16200,0(0.00 %),900,16200,0,0,0,0.0
30/12/2005,500,9000,0(0.00 %),500,9000,0,0,0,0.0
03/01/2006,480,8640,0(0.00 %),480,8640,0,0,0,0.0
04/01/2006,720,12960,0(0.00 %),720,12960,0,0,0,0.0
10/01/2006,500,9100,0(0.00 %),500,9100,0,0,0,0.0
11/01/2006,200,3600,0(0.00 %),200,3600,0,0,0,0.0
26/01/2006,550,10175,0(0.00 %),550,10175,0,0,0,0.0
14/02/2006,-100,-1890,0(0.00 %),0,0,100,1890,0,0.0
13/03/2006,550,10120,0(0.00 %),550,10120,0,0,0,0.0
14/03/2006,-550,-10615,0(0.00 %),0,0,550,10615,0,0.0
16/03/2006,-550,-10795,0(0.00 %),0,0,550,10795,0,0.0
17/03/2006,-500,-10600,0(0.00 %),0,0,500,10600,0,0.0
24/03/2006,5000,133500,0(0.00 %),5000,133500,0,0,0,0.0
27/03/2006,6100,170800,0(0.00 %),6100,170800,0,0,0,0.0
28/03/2006,2970,87318,0(0.00 %),2970,87318,0,0,0,0.0
29/03/2006,9000,277200,0(0.00 %),9000,277200,0,0,0,0.0
05/04/2006,2700,105300,0(0.00 %),2700,105300,0,0,0,0.0
11/04/2006,400,18880,0(0.00 %),400,18880,0,0,0,0.0
12/04/2006,400,19800,0(0.00 %),400,19800,0,0,0,0.0
13/04/2006,900,44550,0(0.00 %),900,44550,0,0,0,0.0
14/04/2006,-17630,-810980,0(0.00 %),1270,58420,18900,869400,0,0.0
17/04/2006,1000,48000,0(0.00 %),1000,48000,0,0,0,0.0
18/04/2006,1200,57960,0(0.00 %),1200,57960,0,0,0,0.0
20/04/2006,0,0,46.9(2.18 %),400,18040,400,18040,0,0.0
25/04/2006,6700,330310,49.3(4.89 %),6700,330310,0,0,0,0.0
26/04/2006,6700,345050,51.5(4.46 %),6700,345050,0,0,0,0.0
27/04/2006,6100,314150,51(-0.97 %),6100,314150,0,0,0,0.0
03/05/2006,13100,633910,46.1(-4.95 %),13100,633910,0,0,0,0.0
08/05/2006,3500,153901,43.7(-5.00 %),3500,153901,0,0,0,0.0
25/05/2006,800,24800,30.8(-4.64 %),800,24800,0,0,0,0.0
01/06/2006,-1000,-24100,25.3(0.00 %),0,0,1000,24100,0,0.0
12/06/2006,-800,-28160,35.2(4.76 %),0,0,800,28160,0,0.0
16/06/2006,2550,84150,33(-1.20 %),2550,84150,0,0,0,0.0
20/06/2006,10,327,33.1(-2.65 %),10,327,0,0,0,0.0
22/06/2006,-4200,-132078,33(4.76 %),0,0,4200,132078,0,0.0
26/06/2006,8130,255282,31.4(0.00 %),8130,255282,0,0,0,0.0
28/06/2006,2080,65936,31.7(-0.94 %),2080,65936,0,0,0,0.0
29/06/2006,4290,139240,32.7(3.15 %),4290,139240,0,0,0,0.0
03/07/2006,5600,182000,32.5(1.56 %),5600,182000,0,0,0,0.0
04/07/2006,11520,383920,33.5(3.08 %),11520,383920,0,0,0,0.0
05/07/2006,6250,212995,34.5(2.99 %),6250,212995,0,0,0,0.0
06/07/2006,2100,72494,34.6(0.29 %),2100,72494,0,0,0,0.0
07/07/2006,3610,128155,36(4.05 %),3610,128155,0,0,0,0.0
10/07/2006,1500,56250,37.8(5.00 %),1500,56250,0,0,0,0.0
11/07/2006,11240,431662,38.6(2.12 %),11240,431662,0,0,0,0.0
12/07/2006,4070,157430,38.8(0.52 %),4070,157430,0,0,0,0.0
13/07/2006,21800,846840,38.8(0.00 %),21800,846840,0,0,0,0.0
19/07/2006,-680,-21896,32.2(-4.73 %),0,0,680,21896,0,0.0
20/07/2006,-1320,-42240,33.8(4.97 %),0,0,1320,42240,0,0.0
31/07/2006,5380,178616,33.2(-0.90 %),5380,178616,0,0,0,0.0
01/08/2006,5000,166000,33.2(0.00 %),5000,166000,0,0,0,0.0
03/08/2006,4700,155100,33(4.10 %),4700,155100,0,0,0,0.0
07/08/2006,6900,236345,34(3.03 %),6900,236345,0,0,0,0.0
08/08/2006,520,17160,33(-2.94 %),520,17160,0,0,0,0.0
14/08/2006,500,17100,34.2(4.91 %),500,17100,0,0,0,0.0
30/08/2006,310,10850,35(-0.57 %),310,10850,0,0,0,0.0
05/09/2006,500,17700,35.5(2.90 %),500,17700,0,0,0,0.0
07/09/2006,100,3500,35(-2.51 %),100,3500,0,0,0,0.0
15/09/2006,-7530,-252255,33.5(-2.90 %),0,0,7530,252255,0,0.0
18/09/2006,-17670,-564388,31.9(-4.78 %),0,0,17670,564388,0,0.0
26/09/2006,100,3400,34(0.00 %),100,3400,0,0,0,0.0
27/09/2006,910,31577,34.7(2.06 %),1110,38517,200,6940,0,0.0
28/09/2006,3500,121109,34.6(-0.29 %),3500,121109,0,0,0,0.0
29/09/2006,1250,43125,34.5(-0.29 %),1250,43125,0,0,0,0.0
02/10/2006,10,345,34.5(0.00 %),10,345,0,0,0,0.0
03/10/2006,-400,-13600,34(-1.45 %),0,0,400,13600,0,0.0
10/10/2006,500,17500,35(1.45 %),500,17500,0,0,0,0.0
17/10/2006,7820,272492,34.6(0.00 %),7820,272492,0,0,0,0.0
18/10/2006,2680,93800,35(1.16 %),2680,93800,0,0,0,0.0
19/10/2006,12790,450720,35.5(1.43 %),12790,450720,0,0,0,0.0
20/10/2006,8220,291810,35.5(0.00 %),8220,291810,0,0,0,0.0
23/10/2006,7400,266400,36(1.41 %),7400,266400,0,0,0,0.0
25/10/2006,12270,450309,36.7(4.86 %),12270,450309,0,0,0,0.0
26/10/2006,8330,308210,37(0.82 %),8330,308210,0,0,0,0.0
27/10/2006,5000,185000,37(0.00 %),5000,185000,0,0,0,0.0
30/10/2006,3730,138010,37(0.00 %),4530,167610,800,29600,0,0.0
31/10/2006,4470,166680,37.5(1.35 %),4470,166680,0,0,0,0.0
01/11/2006,3520,135466,38.5(2.67 %),3520,135466,0,0,0,0.0
02/11/2006,5850,225225,38.5(0.00 %),5850,225225,0,0,0,0.0
03/11/2006,1190,46053,38.7(0.52 %),1190,46053,0,0,0,0.0
06/11/2006,2010,77586,38.6(-0.26 %),2010,77586,0,0,0,0.0
07/11/2006,100,3850,39.5(2.33 %),100,3850,0,0,0,0.0
08/11/2006,2630,108882,41.4(4.81 %),2630,108882,0,0,0,0.0
09/11/2006,3100,134340,43.4(4.83 %),3100,134340,0,0,0,0.0
10/11/2006,3440,156520,45.5(4.84 %),3440,156520,0,0,0,0.0
14/11/2006,100,4900,48(0.63 %),100,4900,0,0,0,0.0
16/11/2006,260,11856,45.6(0.00 %),260,11856,0,0,0,0.0
17/11/2006,4530,196602,43.4(-4.82 %),4530,196602,0,0,0,0.0
20/11/2006,4940,224770,45.5(4.84 %),4940,224770,0,0,0,0.0
21/11/2006,11010,525177,47.7(4.84 %),11010,525177,0,0,0,0.0
22/11/2006,9400,470000,50(4.82 %),9600,480000,200,10000,0,0.0
23/11/2006,5890,309225,52.5(5.00 %),5890,309225,0,0,0,0.0
24/11/2006,6700,368500,55(4.76 %),6700,368500,0,0,0,0.0
27/11/2006,400,21000,52.5(-4.55 %),400,21000,0,0,0,0.0
04/12/2006,6000,299000,49(-2.00 %),6000,299000,0,0,0,0.0
05/12/2006,570,27190,47(-4.08 %),570,27190,0,0,0,0.0
06/12/2006,6360,298920,47(0.00 %),6360,298920,0,0,0,0.0
08/12/2006,470,22325,47.5(0.00 %),470,22325,0,0,0,0.0
11/12/2006,2550,121125,47.5(0.00 %),2550,121125,0,0,0,0.0
12/12/2006,510,24225,47.5(0.00 %),510,24225,0,0,0,0.0
13/12/2006,7000,332500,47.5(0.00 %),7000,332500,0,0,0,0.0
14/12/2006,1020,48450,47.5(0.00 %),1020,48450,0,0,0,0.0
15/12/2006,1330,63175,47.5(0.00 %),1330,63175,0,0,0,0.0
18/12/2006,3010,149448,49.8(4.84 %),3010,149448,0,0,0,0.0
20/12/2006,-11360,-527320,54.5(4.81 %),7140,389130,18500,916450,0,0.0
21/12/2006,4940,269230,54.5(0.00 %),4940,269230,0,0,0,0.0
22/12/2006,7610,414745,54.5(0.00 %),7610,414745,0,0,0,0.0
26/12/2006,2100,112350,53.5(-1.83 %),2100,112350,0,0,0,0.0
27/12/2006,3490,185970,53(-0.93 %),3490,185970,0,0,0,0.0
28/12/2006,440,23320,53(0.00 %),850,45050,410,21730,0,0.0
29/12/2006,2700,147045,55.5(4.72 %),2700,147045,0,0,0,0.0
01/03/2007,-630,-63920000,100(-3.85 %),0,0,630,63920000,0,0.0
02/03/2007,-3400,-333250000,95(-5.00 %),0,0,3400,333250000,0,0.0
05/03/2007,-100,-9500000,95(0.00 %),0,0,100,9500000,0,0.0
06/03/2007,0,0,91(-4.21 %),0,0,0,0,0,0.0
07/03/2007,100,9100000,95(4.40 %),100,9100000,0,0,0,0.0
08/03/2007,-900,-87800000,99.5(4.74 %),100,9300000,1000,97100000,0,0.0
09/03/2007,-440,-45760000,104(4.52 %),0,0,440,45760000,0,0.0
12/03/2007,19000,1884000000,99(-4.81 %),19000,1884000000,0,0,0,0.0
13/03/2007,21360,2018520000,94.5(-4.55 %),23830,2251935000,2470,233415000,0,0.0
14/03/2007,-60,-5700000,95(0.53 %),0,0,60,5700000,0,0.0
15/03/2007,-4870,-440735000,90.5(-4.74 %),0,0,4870,440735000,0,0.0
16/03/2007,-100,-8600000,86(-4.97 %),0,0,100,8600000,0,0.0
19/03/2007,-20,-1720000,88(2.33 %),0,0,20,1720000,0,0.0
20/03/2007,-100,-8800000,92(4.55 %),0,0,100,8800000,0,0.0
21/03/2007,-100,-9500000,95(3.26 %),0,0,100,9500000,0,0.0
22/03/2007,-100,-9500000,95(0.00 %),0,0,100,9500000,0,0.0
23/03/2007,-900,-81000000,90.5(-4.74 %),100,9500000,1000,90500000,0,0.0
26/03/2007,1950,176475000,90.5(0.00 %),1950,176475000,0,0,0,0.0
27/03/2007,0,0,86(-4.97 %),0,0,0,0,0,0.0
28/03/2007,0,0,82(-4.65 %),0,0,0,0,0,0.0
29/03/2007,0,0,82(0.00 %),0,0,0,0,0,0.0
30/03/2007,0,0,86(4.88 %),0,0,0,0,0,0.0
02/04/2007,1110,94020000,86(0.00 %),1110,94020000,0,0,0,0.0
03/04/2007,800,68800000,86(0.00 %),900,77400000,100,8600000,0,0.0
04/04/2007,6740,573730000,85(-1.16 %),6740,573730000,0,0,0,0.0
05/04/2007,4000,340000000,85(0.00 %),4000,340000000,0,0,0,0.0
06/04/2007,470,39700000,86(1.18 %),470,39700000,0,0,0,0.0
09/04/2007,900,77260000,87(1.16 %),1000,85960000,100,8700000,0,0.0
10/04/2007,1320,112200000,85(-2.30 %),1320,112200000,0,0,0,0.0
11/04/2007,990,84150000,85(0.00 %),990,84150000,0,0,0,0.0
12/04/2007,1380,117300000,85(0.00 %),1480,125800000,100,8500000,0,0.0
13/04/2007,50,4050000,81(-4.71 %),50,4050000,0,0,0,0.0
16/04/2007,180,13860000,77(-4.94 %),180,13860000,0,0,0,0.0
17/04/2007,990,72870000,74(-3.90 %),990,72870000,0,0,0,0.0
18/04/2007,0,0,0(0.00 %),0,0,0,0,0,0.0
19/04/2007,40,3100000,77.5(4.73 %),40,3100000,0,0,0,0.0
20/04/2007,0,0,0(0.00 %),0,0,0,0,0,0.0
23/04/2007,0,0,80(3.23 %),0,0,0,0,0,0.0
24/04/2007,-200,-16000000,80(0.00 %),0,0,200,16000000,0,0.0
25/04/2007,0,0,76.5(-4.38 %),0,0,0,0,0,0.0
02/05/2007,1150,92000000,80(4.58 %),1150,92000000,0,0,0,0.0
03/05/2007,5220,435680000,84(5.00 %),5220,435680000,0,0,0,0.0
04/05/2007,9370,824560000,88(4.76 %),9370,824560000,0,0,0,0.0
07/05/2007,0,0,90(2.27 %),100,9000000,100,9000000,0,0.0
08/05/2007,10,915000,93(3.33 %),10,915000,0,0,0,0.0
09/05/2007,3710,355980000,96(3.23 %),3710,355980000,0,0,0,0.0
10/05/2007,16830,1683000000,100(4.17 %),16830,1683000000,0,0,0,0.0
11/05/2007,500,49000000,98(-2.00 %),500,49000000,0,0,0,0.0
14/05/2007,13700,1397400000,102(4.08 %),13700,1397400000,0,0,0,0.0
15/05/2007,-100,-10700000,107(4.90 %),0,0,100,10700000,0,0.0
16/05/2007,2830,316960000,112(4.67 %),3230,361760000,400,44800000,0,0.0
17/05/2007,7880,921960000,117(4.46 %),7880,921960000,0,0,0,0.0
18/05/2007,0,0,122(4.27 %),0,0,0,0,0,0.0
21/05/2007,500,64000000,128(4.92 %),500,64000000,0,0,0,0.0
22/05/2007,0,0,134(4.69 %),0,0,0,0,0,0.0
23/05/2007,0,0,140(4.48 %),0,0,0,0,0,0.0
24/05/2007,0,0,147(5.00 %),0,0,0,0,0,0.0
25/05/2007,500,73500000,147(0.00 %),500,73500000,0,0,0,0.0
28/05/2007,-960,-135780000,140(-4.76 %),0,0,960,135780000,0,0.0
29/05/2007,0,0,133(-5.00 %),0,0,0,0,0,0.0
30/05/2007,1000,127000000,127(-4.51 %),1000,127000000,0,0,0,0.0
31/05/2007,0,0,133(4.72 %),0,0,0,0,0,0.0
01/06/2007,0,0,139(4.51 %),0,0,0,0,0,0.0
04/06/2007,0,0,145(4.32 %),0,0,0,0,0,0.0
05/06/2007,0,0,152(4.83 %),0,0,0,0,0,0.0
06/06/2007,0,0,159(4.61 %),0,0,0,0,0,0.0
07/06/2007,0,0,166(4.40 %),0,0,0,0,0,0.0
08/06/2007,30000,5220000000,174(4.82 %),30000,5220000000,0,0,0,0.0
11/06/2007,24400,4444300000,182(4.60 %),25400,4622800000,1000,178500000,0,0.0
12/06/2007,0,0,191(4.95 %),0,0,0,0,0,0.0
13/06/2007,0,0,200(4.71 %),0,0,0,0,0,0.0
14/06/2007,0,0,190(-5.00 %),0,0,0,0,0,0.0
15/06/2007,0,0,181(-4.74 %),0,0,0,0,0,0.0
18/06/2007,0,0,190(4.97 %),0,0,0,0,0,0.0
19/06/2007,-1750,-323750000,185(-2.63 %),0,0,1750,323750000,0,0.0
20/06/2007,0,0,182(-1.62 %),0,0,0,0,0,0.0
21/06/2007,-2870,-531750000,182(0.00 %),0,0,2870,531750000,0,0.0
22/06/2007,-10610,-1835530000,173(-4.95 %),100,17300000,10710,1852830000,0,0.0
25/06/2007,-4670,-770550000,165(-4.62 %),0,0,4670,770550000,0,0.0
26/06/2007,-15600,-2454500000,170(3.03 %),0,0,15600,2454500000,0,0.0
27/06/2007,17030,2994510000,177(4.12 %),17030,2994510000,0,0,0,0.0
28/06/2007,2970,509850000,170(-3.95 %),2970,509850000,0,0,0,0.0
29/06/2007,23000,4002000000,169(-0.59 %),23000,4002000000,0,0,0,0.0
02/07/2007,-17990,-2896390000,161(-4.73 %),2010,323610000,20000,3220000000,0,0.0
03/07/2007,-10310,-1577430000,153(-4.97 %),1000,153000000,11310,1730430000,0,0.0
04/07/2007,-13690,-2053500000,159(3.92 %),0,0,13690,2053500000,0,0.0
05/07/2007,2890,439280000,152(-4.40 %),2890,439280000,0,0,0,0.0
06/07/2007,0,0,153(0.66 %),0,0,0,0,0,0.0
09/07/2007,6910,1029830000,148(-3.27 %),6920,1031310000,10,1480000,0,0.0
10/07/2007,-100,-15500000,155(4.73 %),0,0,100,15500000,0,0.0
11/07/2007,-660,-102960000,156(0.65 %),50,7800000,710,110760000,0,0.0
12/07/2007,0,0,153(-1.92 %),0,0,0,0,0,0.0
13/07/2007,0,0,153(0.00 %),0,0,0,0,0,0.0
16/07/2007,-100,-14800000,148(-3.27 %),100,14800000,200,29600000,0,0.0
17/07/2007,-9840,-1456320000,148(0.00 %),0,0,9840,1456320000,0,0.0
18/07/2007,0,0,145(-2.03 %),0,0,0,0,0,0.0
19/07/2007,4580,645780000,141(-2.76 %),5680,800880000,1100,155100000,0,0.0
20/07/2007,0,0,138(-2.13 %),0,0,0,0,0,0.0
23/07/2007,0,0,138(0.00 %),0,0,0,0,0,0.0
24/07/2007,0,0,141(2.17 %),0,0,0,0,0,0.0
25/07/2007,1090,151510000,139(-1.42 %),1090,151510000,0,0,0,0.0
26/07/2007,0,0,137(-1.44 %),0,0,0,0,0,0.0
27/07/2007,2230,300770000,133(-2.92 %),2230,300770000,0,0,0,0.0
30/07/2007,0,0,128(-3.76 %),0,0,0,0,0,0.0
31/07/2007,3600,439200000,122(-4.69 %),3600,439200000,0,0,0,0.0
01/08/2007,-3000,-378000000,128(4.92 %),0,0,3000,378000000,0,0.0
02/08/2007,0,0,122(-4.69 %),0,0,0,0,0,0.0
03/08/2007,0,0,116(-4.92 %),0,0,0,0,0,0.0
06/08/2007,0,0,111(-4.31 %),0,0,0,0,0,0.0
07/08/2007,600,64200000,107(-3.60 %),600,64200000,0,0,0,0.0
08/08/2007,0,0,112(4.67 %),0,0,0,0,0,0.0
09/08/2007,0,0,117(4.46 %),0,0,0,0,0,0.0
10/08/2007,-600,-73200000,122(4.27 %),0,0,600,73200000,0,0.0
13/08/2007,-150,-17750000,117(-4.10 %),0,0,150,17750000,0,0.0
14/08/2007,-50,-6000000,122(4.27 %),0,0,50,6000000,0,0.0
15/08/2007,-400,-50300000,128(4.92 %),0,0,400,50300000,0,0.0
16/08/2007,-17560,-2212760000,126(-1.56 %),0,0,17560,2212760000,0,0.0
17/08/2007,14130,1851030000,131(4.38 %),14130,1851030000,0,0,0,0.0
20/08/2007,0,0,137(4.58 %),0,0,0,0,0,0.0
21/08/2007,9520,1350640000,143(4.38 %),9520,1350640000,0,0,0,0.0
22/08/2007,3480,522000000,150(4.90 %),3480,522000000,0,0,0,0.0
23/08/2007,0,0,157(4.67 %),0,0,0,0,0,0.0
24/08/2007,5000,816000000,164(4.46 %),5000,816000000,0,0,0,0.0
27/08/2007,0,0,156(-4.88 %),0,0,0,0,0,0.0
28/08/2007,9980,1495000000,150(-3.85 %),9980,1495000000,0,0,0,0.0
29/08/2007,-5000,-785000000,157(4.67 %),0,0,5000,785000000,0,0.0
30/08/2007,0,0,160(1.91 %),0,0,0,0,0,0.0
31/08/2007,0,0,159(-0.62 %),0,0,0,0,0,0.0
04/09/2007,-3450,-544430000,158(-0.63 %),0,0,3450,544430000,0,0.0
05/09/2007,0,0,154(-2.53 %),0,0,0,0,0,0.0
06/09/2007,50,7700000,157(1.95 %),50,7700000,0,0,0,0.0
07/09/2007,0,0,153(-2.55 %),0,0,0,0,0,0.0
10/09/2007,0,0,153(0.00 %),0,0,0,0,0,0.0
11/09/2007,20,3060000,151(-1.31 %),20,3060000,0,0,0,0.0
12/09/2007,0,0,151(0.00 %),0,0,0,0,0,0.0
13/09/2007,0,0,149(-1.32 %),0,0,0,0,0,0.0
14/09/2007,0,0,149(0.00 %),0,0,0,0,0,0.0
17/09/2007,0,0,148(-0.67 %),0,0,0,0,0,0.0
18/09/2007,0,0,149(0.68 %),0,0,0,0,0,0.0
19/09/2007,0,0,154(3.36 %),0,0,0,0,0,0.0
20/09/2007,0,0,154(0.00 %),0,0,0,0,0,0.0
21/09/2007,0,0,151(-1.95 %),0,0,0,0,0,0.0
24/09/2007,0,0,150(-0.66 %),0,0,0,0,0,0.0
25/09/2007,0,0,152(1.33 %),0,0,0,0,0,0.0
26/09/2007,0,0,150(-1.32 %),0,0,0,0,0,0.0
27/09/2007,600,89400000,149(-0.67 %),600,89400000,0,0,0,0.0
28/09/2007,50,7500000,150(0.67 %),50,7500000,0,0,0,0.0
01/10/2007,0,0,153(2.00 %),0,0,0,0,0,0.0
02/10/2007,300,45300000,151(-1.31 %),300,45300000,0,0,0,0.0
03/10/2007,400,60500000,149(-1.32 %),500,75500000,100,15000000,0,0.0
04/10/2007,0,0,149(0.00 %),0,0,0,0,0,0.0
05/10/2007,0,0,150(0.67 %),0,0,0,0,0,0.0
08/10/2007,0,0,156(4.00 %),0,0,0,0,0,0.0
09/10/2007,190,30020000,154(-1.28 %),190,30020000,0,0,0,0.0
10/10/2007,0,0,153(-0.65 %),0,0,0,0,0,0.0
11/10/2007,-50,-7700000,152(-0.65 %),0,0,50,7700000,0,0.0
12/10/2007,0,0,154(1.32 %),0,0,0,0,0,0.0
15/10/2007,1000,161000000,161(4.55 %),1000,161000000,0,0,0,0.0
16/10/2007,0,0,169(4.97 %),2000,338000000,2000,338000000,0,0.0
17/10/2007,9800,1656450000,163(-3.55 %),10300,1737450000,500,81000000,0,0.0
18/10/2007,2310,362520000,156(-4.29 %),2500,392160000,190,29640000,0,0.0
19/10/2007,0,0,157(0.64 %),0,0,0,0,0,0.0
22/10/2007,-2000,-303950000,153(-2.55 %),0,0,2000,303950000,0,0.0
23/10/2007,0,0,151(-1.31 %),0,0,0,0,0,0.0
24/10/2007,-200,-31100000,155(2.65 %),100,15400000,300,46500000,0,0.0
25/10/2007,1210,185130000,153(-1.29 %),1210,185130000,0,0,0,0.0
26/10/2007,1900,290700000,153(0.00 %),1900,290700000,0,0,0,0.0
29/10/2007,960,144460000,151(-1.31 %),960,144460000,0,0,0,0.0
30/10/2007,0,0,149(-1.32 %),0,0,0,0,0,0.0
31/10/2007,-360,-55120000,150(0.67 %),140,21380000,500,76500000,0,0.0
01/11/2007,-170,-25500000,150(0.00 %),0,0,170,25500000,0,0.0
02/11/2007,-910,-136580000,151(0.67 %),0,0,910,136580000,0,0.0
05/11/2007,30,-170000,145(-3.97 %),1950,282750000,1920,282920000,0,0.0
06/11/2007,0,0,141(-2.76 %),0,0,0,0,0,0.0
07/11/2007,0,0,143(1.42 %),0,0,0,0,0,0.0
08/11/2007,-1750,-261350000,150(4.90 %),200,29200000,1950,290550000,0,0.0
09/11/2007,0,0,149(-0.67 %),0,0,0,0,0,0.0
12/11/2007,0,0,143(-4.03 %),0,0,0,0,0,0.0
13/11/2007,20,2860000,137(-4.20 %),20,2860000,0,0,0,0.0
14/11/2007,0,0,142(3.65 %),0,0,0,0,0,0.0
15/11/2007,0,0,139(-2.11 %),0,0,0,0,0,0.0
16/11/2007,0,0,139(0.00 %),0,0,0,0,0,0.0
19/11/2007,0,0,138(-0.72 %),0,0,0,0,0,0.0
20/11/2007,0,0,134(-2.90 %),0,0,0,0,0,0.0
21/11/2007,-200,-26400000,132(-1.49 %),0,0,200,26400000,0,0.0
22/11/2007,0,0,133(0.76 %),0,0,0,0,0,0.0
23/11/2007,500,68520000,136(2.26 %),500,68520000,0,0,0,0.0
26/11/2007,0,0,136(0.00 %),0,0,0,0,0,0.0
27/11/2007,0,0,138(1.47 %),0,0,0,0,0,0.0
28/11/2007,0,0,138(0.00 %),0,0,0,0,0,0.0
29/11/2007,0,0,138(0.00 %),0,0,0,0,0,0.0
30/11/2007,0,0,137(-0.72 %),0,0,0,0,0,0.0
03/12/2007,-100,-13500000,136(-0.73 %),0,0,100,13500000,0,0.0
04/12/2007,0,0,136(0.00 %),0,0,0,0,0,0.0
05/12/2007,0,0,133(-2.21 %),0,0,0,0,0,0.0
06/12/2007,-50,-6650000,133(0.00 %),0,0,50,6650000,0,0.0
07/12/2007,0,0,139(4.51 %),0,0,0,0,0,0.0
10/12/2007,0,0,135(-2.88 %),0,0,0,0,0,0.0
11/12/2007,0,0,130(-3.70 %),0,0,0,0,0,0.0
12/12/2007,0,0,134(3.08 %),0,0,0,0,0,0.0
13/12/2007,0,0,128(-4.48 %),0,0,0,0,0,0.0
14/12/2007,0,0,131(2.34 %),0,0,0,0,0,0.0
17/12/2007,10,1250000,127(-3.05 %),10,1250000,0,0,0,0.0
18/12/2007,0,0,122(-3.94 %),0,0,0,0,0,0.0
19/12/2007,0,0,128(4.92 %),0,0,0,0,0,0.0
20/12/2007,0,0,128(0.00 %),0,0,0,0,0,0.0
21/12/2007,0,0,128(0.00 %),0,0,0,0,0,0.0
24/12/2007,0,0,129(0.78 %),0,0,0,0,0,0.0
25/12/2007,1000,129000000,127(-1.55 %),1000,129000000,0,0,0,0.0
26/12/2007,0,0,126(-0.79 %),0,0,0,0,0,0.0
27/12/2007,0,0,126(0.00 %),0,0,0,0,0,0.0
28/12/2007,0,0,126(0.00 %),0,0,0,0,0,0.0
02/01/2008,0,0,126(0.00 %),0,0,0,0,0,0.0
03/01/2008,0,0,125(-0.79 %),0,0,0,0,0,0.0
04/01/2008,0,0,126(0.80 %),0,0,0,0,0,0.0
07/01/2008,0,0,124(-1.59 %),0,0,0,0,0,0.0
08/01/2008,-500,-62000000,122(-1.61 %),0,0,500,62000000,0,0.0
09/01/2008,0,0,119(-2.46 %),0,0,0,0,0,0.0
10/01/2008,-540,-62100000,114(-4.20 %),0,0,540,62100000,0,0.0
11/01/2008,0,0,115(0.88 %),0,0,0,0,0,0.0
14/01/2008,60,6840000,110(-4.35 %),60,6840000,0,0,0,0.0
15/01/2008,500,52500000,105(-4.55 %),500,52500000,0,0,0,0.0
16/01/2008,0,0,110(4.76 %),0,0,0,0,0,0.0
17/01/2008,0,0,112(1.82 %),0,0,0,0,0,0.0
18/01/2008,0,0,114(1.79 %),0,0,0,0,0,0.0
21/01/2008,0,0,114(0.00 %),0,0,0,0,0,0.0
22/01/2008,0,0,109(-4.39 %),0,0,0,0,0,0.0
23/01/2008,0,0,104(-4.59 %),0,0,0,0,0,0.0
24/01/2008,0,0,99(-4.81 %),0,0,0,0,0,0.0
25/01/2008,50,4900000,100(1.01 %),50,4900000,0,0,0,0.0
28/01/2008,0,0,100(0.00 %),0,0,0,0,0,0.0
29/01/2008,-2000,-200000000,103(3.00 %),0,0,2000,200000000,0,0.0
30/01/2008,0,0,108(4.85 %),0,0,0,0,0,0.0
31/01/2008,0,0,109(0.93 %),0,0,0,0,0,0.0
01/02/2008,-2000,-228000000,114(4.59 %),0,0,2000,228000000,0,0.0
12/02/2008,0,0,109(-4.39 %),0,0,0,0,0,0.0
13/02/2008,-2000,-210050000,104(-4.59 %),0,0,2000,210050000,0,0.0
14/02/2008,-4270,-452620000,106(1.92 %),0,0,4270,452620000,0,0.0
15/02/2008,-940,-95880000,102(-3.77 %),0,0,940,95880000,0,0.0
18/02/2008,0,0,98(-3.92 %),0,0,0,0,0,0.0
19/02/2008,380,36290000,98(0.00 %),380,36290000,0,0,0,0.0
20/02/2008,1240,118420000,95.5(-2.55 %),1240,118420000,0,0,0,0.0
21/02/2008,6180,577830000,91(-4.71 %),6180,577830000,0,0,0,0.0
22/02/2008,0,0,94(3.30 %),0,0,0,0,0,0.0
25/02/2008,4680,460980000,98.5(4.79 %),4680,460980000,0,0,0,0.0
26/02/2008,26320,2710960000,103(4.57 %),26320,2710960000,0,0,0,0.0
27/02/2008,0,0,100(-2.91 %),0,0,0,0,0,0.0
28/02/2008,0,0,96(-4.00 %),0,0,0,0,0,0.0
29/02/2008,0,0,94(-2.08 %),0,0,0,0,0,0.0
03/03/2008,0,0,89.5(-4.79 %),0,0,0,0,0,0.0
04/03/2008,0,0,85.5(-4.47 %),0,0,0,0,0,0.0
05/03/2008,0,0,81.5(-4.68 %),0,0,0,0,0,0.0
06/03/2008,1100,94050000,85.5(4.91 %),1100,94050000,0,0,0,0.0
07/03/2008,0,0,89.5(4.68 %),0,0,0,0,0,0.0
10/03/2008,2300,215050000,93.5(4.47 %),2300,215050000,0,0,0,0.0
11/03/2008,0,0,89(-4.81 %),0,0,0,0,0,0.0
12/03/2008,0,0,93(4.49 %),0,0,0,0,0,0.0
13/03/2008,0,0,94(1.08 %),0,0,0,0,0,0.0
14/03/2008,0,0,95(1.06 %),0,0,0,0,0,0.0
17/03/2008,200,19000000,90.5(-4.74 %),200,19000000,0,0,0,0.0
18/03/2008,0,0,86(-4.97 %),0,0,0,0,0,0.0
19/03/2008,0,0,88(2.33 %),0,0,0,0,0,0.0
20/03/2008,0,0,85.5(-2.84 %),0,0,0,0,0,0.0
21/03/2008,0,0,82.5(-3.51 %),0,0,0,0,0,0.0
24/03/2008,19360,1605015000,86.5(4.85 %),32360,2729515000,13000,1124500000,0,0.0
25/03/2008,0,0,82.5(-4.62 %),0,0,0,0,0,0.0
26/03/2008,0,0,83(0.61 %),0,0,0,0,0,0.0
27/03/2008,100,8340000,83.5(0.60 %),100,8340000,0,0,0,0.0
28/03/2008,1160,97440000,84(0.60 %),1160,97440000,0,0,0,0.0
31/03/2008,0,0,84.5(0.60 %),0,0,0,0,0,0.0
01/04/2008,0,0,85(0.59 %),0,0,0,0,0,0.0
02/04/2008,0,0,85.5(0.59 %),0,0,0,0,0,0.0
03/04/2008,0,0,86(0.58 %),0,0,0,0,0,0.0
04/04/2008,20,1730000,86.5(0.58 %),20,1730000,0,0,0,0.0
07/04/2008,0,0,88(1.73 %),0,0,0,0,0,0.0
08/04/2008,4710,420775000,89.5(1.70 %),4950,442255000,240,21480000,0,0.0
09/04/2008,3150,286650000,91(1.68 %),3150,286650000,0,0,0,0.0
10/04/2008,100,8950000,89.5(-1.65 %),100,8950000,0,0,0,0.0
11/04/2008,5400,482940000,91(1.68 %),5400,482940000,0,0,0,0.0
16/04/2008,8430,765675000,92.5(1.65 %),8430,765675000,0,0,0,0.0
17/04/2008,2430,226680000,94(1.62 %),2430,226680000,0,0,0,0.0
18/04/2008,1150,109825000,95.5(1.60 %),5250,501375000,4100,391550000,0,0.0
21/04/2008,4530,437095000,97(1.57 %),5000,482685000,470,45590000,0,0.0
22/04/2008,-1280,-125440000,95.5(-1.55 %),0,0,1280,125440000,0,0.0
23/04/2008,0,0,94(-1.57 %),0,0,0,0,0,0.0
24/04/2008,2670,249270000,95(1.06 %),2670,249270000,0,0,0,0.0
25/04/2008,0,0,96.5(1.58 %),0,0,0,0,0,0.0
28/04/2008,0,0,96(-0.52 %),0,0,0,0,0,0.0
29/04/2008,0,0,96(0.00 %),0,0,0,0,0,0.0
05/05/2008,270,25515000,95(-1.04 %),270,25515000,0,0,0,0.0
06/05/2008,0,0,94.5(-0.53 %),0,0,0,0,0,0.0
07/05/2008,0,0,93(-1.59 %),0,0,0,0,0,0.0
08/05/2008,0,0,91.5(-1.61 %),0,0,0,0,0,0.0
09/05/2008,0,0,90(-1.64 %),0,0,0,0,0,0.0
12/05/2008,-20,-1770000,88.5(-1.67 %),300,26550000,320,28320000,0,0.0
13/05/2008,-100,-8700000,87(-1.69 %),0,0,100,8700000,0,0.0
14/05/2008,0,0,85.5(-1.72 %),0,0,0,0,0,0.0
15/05/2008,-10,-840000,84(-1.75 %),0,0,10,840000,0,0.0
16/05/2008,570,47025000,82.5(-1.79 %),570,47025000,0,0,0,0.0
19/05/2008,50,4075000,82.5(0.00 %),50,4075000,0,0,0,0.0
20/05/2008,1410,114210000,84(1.82 %),1410,114210000,0,0,0,0.0
21/05/2008,-660,-54450000,82.5(-1.79 %),0,0,660,54450000,0,0.0
22/05/2008,0,0,81(-1.82 %),0,0,0,0,0,0.0
23/05/2008,-1790,-142205000,79.5(-1.85 %),200,16000000,1990,158205000,0,0.0
26/05/2008,0,0,78(-1.89 %),0,0,0,0,0,0.0
27/05/2008,0,0,78(0.00 %),0,0,0,0,0,0.0
28/05/2008,0,0,78(0.00 %),0,0,0,0,0,0.0
29/05/2008,0,0,78(0.00 %),0,0,0,0,0,0.0
30/05/2008,-6000,-459000000,76.5(-1.92 %),0,0,6000,459000000,0,0.0
02/06/2008,0,0,75(-1.96 %),0,0,0,0,0,0.0
03/06/2008,0,0,76.5(2.00 %),0,0,0,0,0,0.0
04/06/2008,300,23400000,78(1.96 %),300,23400000,0,0,0,0.0
05/06/2008,0,0,79.5(1.92 %),0,0,0,0,0,0.0
06/06/2008,0,0,81(1.89 %),0,0,0,0,0,0.0
09/06/2008,0,0,81(0.00 %),0,0,0,0,0,0.0
10/06/2008,0,0,82.5(1.85 %),0,0,0,0,0,0.0
11/06/2008,200,16500000,84(1.82 %),200,16500000,0,0,0,0.0
12/06/2008,1010,86355000,85.5(1.79 %),1010,86355000,0,0,0,0.0
13/06/2008,0,0,87(1.75 %),0,0,0,0,0,0.0
16/06/2008,420,36750000,87.5(1.74 %),420,36750000,0,0,0,0.0
17/06/2008,910,80990000,89(1.71 %),910,80990000,0,0,0,0.0
18/06/2008,2660,240730000,90.5(1.69 %),2660,240730000,0,0,0,0.0
19/06/2008,0,0,90.5(0.00 %),0,0,0,0,0,0.0
20/06/2008,0,0,90(-0.55 %),0,0,0,0,0,0.0
23/06/2008,0,0,90(0.00 %),0,0,0,0,0,0.0
24/06/2008,420,37815000,90(0.00 %),420,37815000,0,0,0,0.0
25/06/2008,470,42300000,92(2.22 %),470,42300000,0,0,0,0.0
26/06/2008,150,13800000,94.5(2.72 %),150,13800000,0,0,0,0.0
27/06/2008,0,0,94.5(0.00 %),0,0,0,0,0,0.0
30/06/2008,0,0,96.5(2.12 %),0,0,0,0,0,0.0
01/07/2008,200,18800000,99(2.59 %),200,18800000,0,0,0,0.0
02/07/2008,550,55550000,99(0.00 %),550,55550000,0,0,0,0.0
03/07/2008,-300,-29400000,100(1.01 %),0,0,300,29400000,0,0.0
04/07/2008,110,11000000,97.5(-2.50 %),110,11000000,0,0,0,0.0
07/07/2008,-300,-28500000,97.5(0.00 %),90,8550000,390,37050000,0,0.0
08/07/2008,-100,-9500000,95(-2.56 %),100,9500000,200,19000000,0,0.0
09/07/2008,-1540,-142450000,92.5(-2.63 %),210,19425000,1750,161875000,0,0.0
10/07/2008,-10,-950000,92.5(0.00 %),0,0,10,950000,0,0.0
11/07/2008,120,11100000,90(-2.70 %),120,11100000,0,0,0,0.0
14/07/2008,850,78625000,92.5(2.78 %),1000,92500000,150,13875000,0,0.0
15/07/2008,0,0,95(2.70 %),0,0,0,0,0,0.0
16/07/2008,-100,-9750000,97.5(2.63 %),0,0,100,9750000,0,0.0
17/07/2008,-100,-9500000,98.5(1.03 %),0,0,100,9500000,0,0.0
18/07/2008,0,0,96(-2.54 %),0,0,0,0,0,0.0
21/07/2008,0,0,96(0.00 %),0,0,0,0,0,0.0
22/07/2008,0,0,93.5(-2.60 %),0,0,0,0,0,0.0
23/07/2008,0,0,91(-2.67 %),0,0,0,0,0,0.0
24/07/2008,200,17700000,88.5(-2.75 %),200,17700000,0,0,0,0.0
25/07/2008,100,8600000,86(-2.82 %),100,8600000,0,0,0,0.0
28/07/2008,10,885000,88.5(2.91 %),10,885000,0,0,0,0.0
29/07/2008,0,0,91(2.82 %),0,0,0,0,0,0.0
30/07/2008,100,9300000,93(2.20 %),100,9300000,0,0,0,0.0
31/07/2008,0,0,94(1.08 %),0,0,0,0,0,0.0
01/08/2008,0,0,91.5(-2.66 %),0,0,0,0,0,0.0
04/08/2008,0,0,89(-2.73 %),0,0,0,0,0,0.0
05/08/2008,30,2595000,89(0.00 %),30,2595000,0,0,0,0.0
06/08/2008,0,0,89(0.00 %),0,0,0,0,0,0.0
07/08/2008,0,0,86.5(-2.81 %),0,0,0,0,0,0.0
08/08/2008,200,17800000,89(2.89 %),200,17800000,0,0,0,0.0
11/08/2008,-10,-915000,91(2.25 %),0,0,10,915000,0,0.0
12/08/2008,0,0,90.5(0.33 %),0,0,0,0,0,0.0
13/08/2008,20,1760000,90(-0.55 %),20,1760000,0,0,0,0.0
14/08/2008,-120,-11100000,92.5(2.78 %),0,0,120,11100000,0,0.0
15/08/2008,-1300,-123500000,95(2.70 %),0,0,1300,123500000,0,0.0
18/08/2008,330,29865000,90.5(-4.74 %),330,29865000,0,0,0,0.0
19/08/2008,0,0,92(1.66 %),0,0,0,0,0,0.0
20/08/2008,1040,91000000,88(-4.35 %),1040,91000000,0,0,0,0.0
21/08/2008,0,0,92(4.55 %),0,0,0,0,0,0.0
22/08/2008,8860,854540000,96.5(4.89 %),9410,907415000,550,52875000,0,0.0
25/08/2008,3140,314750000,101(4.66 %),3240,324850000,100,10100000,0,0.0
26/08/2008,5510,584060000,106(4.95 %),6510,690060000,1000,106000000,0,0.0
27/08/2008,11660,1257060000,111(4.72 %),11710,1262560000,50,5500000,0,0.0
28/08/2008,3550,411440000,106(-4.50 %),3710,430000000,160,18560000,0,0.0
29/08/2008,-300,-30300000,101(-4.72 %),0,0,300,30300000,0,0.0
03/09/2008,0,0,105(3.96 %),0,0,0,0,0,0.0
04/09/2008,0,0,100(-4.76 %),0,0,0,0,0,0.0
05/09/2008,-460,-43700000,95(-5.00 %),0,0,460,43700000,0,0.0
08/09/2008,0,0,92(-3.16 %),0,0,0,0,0,0.0
09/09/2008,50,4825000,96.5(4.89 %),50,4825000,0,0,0,0.0
10/09/2008,0,0,93(-3.63 %),0,0,0,0,0,0.0
11/09/2008,10,890000,89(-4.30 %),10,890000,0,0,0,0.0
12/09/2008,0,0,92(3.37 %),0,0,0,0,0,0.0
15/09/2008,-5700,-499345000,87.5(-4.89 %),600,52500000,6300,551845000,0,0.0
16/09/2008,0,0,87.5(0.00 %),0,0,0,0,0,0.0
17/09/2008,40,3400000,84(-4.00 %),40,3400000,0,0,0,0.0
18/09/2008,-5220,-417600000,80(-4.76 %),290,23200000,5510,440800000,0,0.0
19/09/2008,0,0,84(5.00 %),0,0,0,0,0,0.0
22/09/2008,440,38720000,88(4.76 %),440,38720000,0,0,0,0.0
23/09/2008,980,90160000,92(4.55 %),980,90160000,0,0,0,0.0
24/09/2008,2000,193000000,96.5(4.89 %),2100,202650000,100,9650000,0,0.0
25/09/2008,0,0,100(3.63 %),0,0,0,0,0,0.0
26/09/2008,0,0,102(2.00 %),0,0,0,0,0,0.0
29/09/2008,-40,-3880000,97(-4.90 %),0,0,40,3880000,0,0.0
30/09/2008,0,0,92.5(-4.39 %),0,0,0,0,0,0.0
01/10/2008,0,0,90(-2.70 %),0,0,0,0,0,0.0
02/10/2008,0,0,90(0.00 %),0,0,0,0,0,0.0
03/10/2008,-110,-9570000,90(0.00 %),0,0,110,9570000,0,0.0
06/10/2008,0,0,90(0.00 %),0,0,0,0,0,0.0
07/10/2008,0,0,85.5(-5.00 %),0,0,0,0,0,0.0
08/10/2008,0,0,89(4.09 %),0,0,0,0,0,0.0
09/10/2008,0,0,89(0.00 %),0,0,0,0,0,0.0
10/10/2008,0,0,85(-4.49 %),0,0,0,0,0,0.0
13/10/2008,0,0,83(-2.35 %),0,0,0,0,0,0.0
14/10/2008,0,0,87(4.82 %),0,0,0,0,0,0.0
15/10/2008,0,0,88(1.15 %),0,0,0,0,0,0.0
16/10/2008,0,0,85(-3.41 %),0,0,0,0,0,0.0
17/10/2008,0,0,88(3.53 %),0,0,0,0,0,0.0
20/10/2008,0,0,88(0.00 %),0,0,0,0,0,0.0
21/10/2008,0,0,84(-4.55 %),0,0,0,0,0,0.0
22/10/2008,0,0,87(3.57 %),0,0,0,0,0,0.0
23/10/2008,0,0,83(-4.60 %),0,0,0,0,0,0.0
24/10/2008,0,0,84(1.20 %),0,0,0,0,0,0.0
27/10/2008,0,0,80(-4.76 %),0,0,0,0,0,0.0
28/10/2008,-290,-22040000,76(-5.00 %),0,0,290,22040000,0,0.0
29/10/2008,1300,99115000,79(3.95 %),1300,99115000,0,0,0,0.0
30/10/2008,0,0,79(0.00 %),0,0,0,0,0,0.0
31/10/2008,0,0,79(0.00 %),0,0,0,0,0,0.0
03/11/2008,0,0,79(0.00 %),0,0,0,0,0,0.0
04/11/2008,0,0,82.5(4.43 %),0,0,0,0,0,0.0
05/11/2008,-10,-865000,86.5(4.85 %),0,0,10,865000,0,0.0
06/11/2008,-290,-23925000,89(2.89 %),0,0,290,23925000,0,0.0
07/11/2008,0,0,85(-4.49 %),0,0,0,0,0,0.0
10/11/2008,0,0,81.5(-4.12 %),0,0,0,0,0,0.0
11/11/2008,-200,-16200000,85(4.29 %),0,0,200,16200000,0,0.0
12/11/2008,0,0,81(-4.71 %),0,0,0,0,0,0.0
13/11/2008,0,0,80(-1.23 %),0,0,0,0,0,0.0
14/11/2008,0,0,80(0.00 %),0,0,0,0,0,0.0
17/11/2008,0,0,81.5(1.88 %),0,0,0,0,0,0.0
18/11/2008,0,0,81.5(0.00 %),0,0,0,0,0,0.0
19/11/2008,0,0,81.5(0.00 %),0,0,0,0,0,0.0
20/11/2008,0,0,81(-0.61 %),0,0,0,0,0,0.0
21/11/2008,0,0,81(0.00 %),0,0,0,0,0,0.0
24/11/2008,0,0,82(1.23 %),0,0,0,0,0,0.0
25/11/2008,0,0,82(0.00 %),0,0,0,0,0,0.0
26/11/2008,0,0,82(0.00 %),0,0,0,0,0,0.0
27/11/2008,0,0,82(0.00 %),0,0,0,0,0,0.0
28/11/2008,0,0,82(0.00 %),0,0,0,0,0,0.0
01/12/2008,0,0,78(-4.88 %),0,0,0,0,0,0.0
02/12/2008,-210,-15645000,74.5(-4.49 %),0,0,210,15645000,0,0.0
03/12/2008,-570,-40470000,71(-4.70 %),100,7100000,670,47570000,0,0.0
04/12/2008,-110,-7425000,67.5(-4.93 %),0,0,110,7425000,0,0.0
05/12/2008,-11020,-710790000,64.5(-4.44 %),0,0,11020,710790000,0,0.0
08/12/2008,0,0,61.5(-4.65 %),0,0,0,0,0,0.0
09/12/2008,-220,-12870000,58.5(-4.88 %),0,0,220,12870000,0,0.0
10/12/2008,-190,-10640000,56(-4.27 %),0,0,190,10640000,0,0.0
11/12/2008,0,0,53.5(-4.46 %),0,0,0,0,0,0.0
12/12/2008,0,0,56(4.67 %),0,0,0,0,0,0.0
15/12/2008,50,2675000,58.5(4.46 %),50,2675000,0,0,0,0.0
16/12/2008,0,0,58(-0.85 %),0,0,0,0,0,0.0
17/12/2008,0,0,60(3.45 %),0,0,0,0,0,0.0
18/12/2008,0,0,63(5.00 %),0,0,0,0,0,0.0
19/12/2008,0,0,60(-4.76 %),0,0,0,0,0,0.0
22/12/2008,0,0,63(5.00 %),0,0,0,0,0,0.0
23/12/2008,0,0,66(4.76 %),0,0,0,0,0,0.0
24/12/2008,0,0,69(4.55 %),0,0,0,0,0,0.0
25/12/2008,0,0,72(4.35 %),0,0,0,0,0,0.0
26/12/2008,0,0,75(4.17 %),0,0,0,0,0,0.0
29/12/2008,0,0,74.5(-0.67 %),0,0,0,0,0,0.0
30/12/2008,1860,138935000,75(0.67 %),1860,138935000,0,0,0,0.0
31/12/2008,2020,152360000,77(2.67 %),2020,152360000,0,0,0,0.0
02/01/2009,0,0,77(0.00 %),0,0,0,0,188837,38.31
05/01/2009,0,0,80(3.90 %),0,0,0,0,188837,38.31
06/01/2009,0,0,76(-5.00 %),0,0,0,0,188837,38.31
07/01/2009,0,0,77.5(1.97 %),0,0,0,0,188837,38.31
08/01/2009,0,0,77.5(0.00 %),0,0,0,0,188837,38.31
09/01/2009,10,740000,77(-0.65 %),10,740000,0,0,188827,38.31
12/01/2009,0,0,77(0.00 %),0,0,0,0,188827,38.31
13/01/2009,0,0,76(-1.30 %),0,0,0,0,188827,38.31
14/01/2009,0,0,73(-3.95 %),0,0,0,0,188827,38.31
15/01/2009,0,0,71(-2.74 %),0,0,0,0,188827,38.31
16/01/2009,0,0,71(0.00 %),0,0,0,0,188827,38.31
19/01/2009,0,0,67.5(-4.93 %),0,0,0,0,188827,38.31
20/01/2009,0,0,67.5(0.00 %),0,0,0,0,188827,38.31
21/01/2009,0,0,66(-2.22 %),0,0,0,0,188827,38.31
22/01/2009,0,0,69(4.55 %),0,0,0,0,188827,38.31
23/01/2009,0,0,70(1.45 %),0,0,0,0,188827,38.31
02/02/2009,0,0,70(0.00 %),0,0,0,0,188827,38.31
03/02/2009,0,0,68(-2.86 %),0,0,0,0,188827,38.31
04/02/2009,0,0,65(-4.41 %),0,0,0,0,188827,38.31
05/02/2009,0,0,64(-1.54 %),0,0,0,0,188827,38.31
06/02/2009,0,0,66(3.12 %),0,0,0,0,188827,38.31
09/02/2009,0,0,66(0.00 %),0,0,0,0,188827,38.31
10/02/2009,0,0,66(0.00 %),0,0,0,0,188827,38.31
11/02/2009,0,0,66(0.00 %),0,0,0,0,188827,38.31
12/02/2009,0,0,68(3.03 %),0,0,0,0,188827,38.31
13/02/2009,0,0,68(0.00 %),0,0,0,0,188827,38.31
16/02/2009,0,0,68(0.00 %),0,0,0,0,188827,38.31
17/02/2009,0,0,68(0.00 %),0,0,0,0,188827,38.31
18/02/2009,0,0,65(-4.41 %),0,0,0,0,188827,38.31
19/02/2009,-9340,-580280000,64(-1.54 %),0,0,9340,580280000,198167,37.78
20/02/2009,-4400,-268400000,63(-1.56 %),0,0,4400,268400000,202567,37.53
23/02/2009,-4000,-240000000,60(-4.76 %),0,0,4000,240000000,206567,37.31
24/02/2009,0,0,57(-5.00 %),0,0,0,0,206567,37.31
25/02/2009,-700,-39900000,56.5(-0.88 %),100,5700000,800,45600000,207267,37.27
26/02/2009,0,0,56.5(0.00 %),0,0,0,0,207267,37.27
27/02/2009,0,0,56(-0.88 %),0,0,0,0,207267,37.27
02/03/2009,-4080,-228480000,56(0.00 %),0,0,4080,228480000,211347,37.03
03/03/2009,-3000,-168000000,58(3.57 %),0,0,3000,168000000,214347,36.86
04/03/2009,0,0,60(3.45 %),0,0,0,0,214347,36.86
05/03/2009,0,0,61(1.67 %),0,0,0,0,214347,36.86
06/03/2009,0,0,61(0.00 %),0,0,0,0,214347,36.86
09/03/2009,0,0,61(0.00 %),0,0,0,0,214347,36.86
10/03/2009,0,0,62(1.64 %),0,0,0,0,214347,36.86
11/03/2009,0,0,62.5(0.81 %),0,0,0,0,214347,36.86
12/03/2009,0,0,62.5(0.00 %),0,0,0,0,214347,36.86
13/03/2009,210,13125000,62(-0.80 %),210,13125000,0,0,214137,36.88
16/03/2009,90,5580000,62(0.00 %),90,5580000,0,0,214047,36.88
17/03/2009,0,0,64(3.23 %),0,0,0,0,214047,36.88
18/03/2009,0,0,67(4.69 %),0,0,0,0,214047,36.88
19/03/2009,0,0,69.5(3.73 %),0,0,0,0,214047,36.88
20/03/2009,0,0,69.5(0.00 %),0,0,0,0,214047,36.88
23/03/2009,0,0,69.5(0.00 %),0,0,0,0,214047,36.88
24/03/2009,0,0,70(0.72 %),0,0,0,0,214047,36.88
25/03/2009,-200,-13400000,67(-4.29 %),0,0,200,13400000,214247,36.87
26/03/2009,0,0,69(2.99 %),0,0,0,0,214247,36.87
27/03/2009,0,0,66(-4.35 %),0,0,0,0,214247,36.87
30/03/2009,0,0,68(3.03 %),0,0,0,0,214247,36.87
31/03/2009,0,0,68(0.00 %),0,0,0,0,214247,36.87
01/04/2009,160,10720000,70(2.94 %),160,10720000,0,0,214087,36.88
02/04/2009,0,0,71.5(2.14 %),0,0,0,0,214087,36.88
03/04/2009,0,0,68.5(-4.20 %),0,0,0,0,214087,36.88
07/04/2009,100,6550000,68.5(0.00 %),100,6550000,0,0,213987,36.89
08/04/2009,0,0,65.5(-4.38 %),0,0,0,0,213987,36.89
09/04/2009,30,1965000,68(3.82 %),30,1965000,0,0,213957,36.89
10/04/2009,0,0,67(-1.47 %),0,0,0,0,213957,36.89
13/04/2009,0,0,67(0.00 %),0,0,0,0,213957,36.89
14/04/2009,-100,-6700000,69(2.99 %),0,0,100,6700000,214057,36.88
15/04/2009,0,0,67(-2.90 %),0,0,0,0,214057,36.88
16/04/2009,0,0,67(0.00 %),0,0,0,0,214057,36.88
17/04/2009,0,0,64(-4.48 %),0,0,0,0,214057,36.88
20/04/2009,0,0,64(0.00 %),0,0,0,0,214057,36.88
21/04/2009,0,0,62(-3.12 %),0,0,0,0,214057,36.88
22/04/2009,0,0,65(4.84 %),0,0,0,0,214057,36.88
23/04/2009,0,0,65(0.00 %),0,0,0,0,214057,36.88
24/04/2009,0,0,63(-3.08 %),0,0,0,0,214057,36.88
27/04/2009,0,0,64(1.59 %),0,0,0,0,214057,36.88
28/04/2009,0,0,66(3.12 %),0,0,0,0,214057,36.88
29/04/2009,0,0,65.5(-0.76 %),0,0,0,0,214057,36.88
04/05/2009,0,0,68(3.82 %),0,0,0,0,214057,36.88
05/05/2009,0,0,69(1.47 %),0,0,0,0,214057,36.88
06/05/2009,0,0,66(-4.35 %),0,0,0,0,214057,36.88
07/05/2009,0,0,67.5(2.27 %),0,0,0,0,214057,36.88
08/05/2009,100,6450000,68(0.74 %),100,6450000,0,0,213957,36.89
11/05/2009,0,0,67(-1.47 %),0,0,0,0,213957,36.89
12/05/2009,180,11820000,67(0.00 %),180,11820000,0,0,213777,36.9
13/05/2009,0,0,67(0.00 %),0,0,0,0,213777,36.9
14/05/2009,-260,-18440000,70(4.48 %),40,2560000,300,21000000,214037,36.88
15/05/2009,-280,-20580000,73.5(5.00 %),0,0,280,20580000,214317,36.87
18/05/2009,0,0,70(-4.76 %),0,0,0,0,214317,36.87
19/05/2009,1080,72360000,72.5(3.57 %),1080,72360000,0,0,213237,36.93
20/05/2009,20,1380000,69(-4.83 %),20,1380000,0,0,213217,36.93
21/05/2009,30,1980000,69(0.00 %),30,1980000,0,0,213187,36.93
22/05/2009,0,0,67(-2.90 %),0,0,0,0,213187,36.93
25/05/2009,-500,-35000000,70(4.48 %),0,0,500,35000000,213687,36.9
26/05/2009,-500,-34050000,67.5(-3.57 %),0,0,500,34050000,214187,36.87
27/05/2009,0,0,69(2.22 %),0,0,0,0,214187,36.87
28/05/2009,10,680000,68(-1.45 %),10,680000,0,0,214177,36.87
29/05/2009,-500,-34000000,68(0.00 %),0,0,500,34000000,214677,36.85
01/06/2009,10,690000,69(1.47 %),10,690000,0,0,214667,36.85
02/06/2009,-60,-4230000,69.5(0.72 %),0,0,60,4230000,214727,36.84
03/06/2009,220,15185000,69.5(0.00 %),220,15185000,0,0,214507,36.86
04/06/2009,-320,-23275000,72.5(4.32 %),30,2100000,350,25375000,214827,36.84
05/06/2009,1150,86400000,76(4.83 %),1400,105400000,250,19000000,213677,36.9
08/06/2009,-300,-23850000,79.5(4.61 %),0,0,300,23850000,213977,36.89
09/06/2009,6700,556000000,83(4.40 %),6700,556000000,0,0,207277,37.26
10/06/2009,4280,357410000,82(-1.20 %),4280,357410000,0,0,202997,37.51
11/06/2009,-1000,-82000000,82(0.00 %),0,0,1000,82000000,203997,37.45
12/06/2009,-640,-51200000,78.5(-4.27 %),0,0,640,51200000,204637,37.41
15/06/2009,0,0,75(-4.46 %),0,0,0,0,204637,37.41
16/06/2009,-10,-785000,78.5(4.67 %),0,0,10,785000,204647,37.41
17/06/2009,6200,508400000,82(4.46 %),6200,508400000,0,0,198447,37.76
18/06/2009,0,0,86(4.88 %),0,0,0,0,198447,37.76
19/06/2009,80,6260000,82(-4.65 %),130,10660000,50,4400000,198367,37.77
22/06/2009,0,0,78(-4.88 %),0,0,0,0,198367,37.77
23/06/2009,10,810000,74.5(-4.49 %),10,810000,0,0,198357,37.77
24/06/2009,0,0,77.5(4.03 %),0,0,0,0,198357,37.77
25/06/2009,100,8000000,74(-4.52 %),100,8000000,0,0,198257,37.78
26/06/2009,0,0,70.5(-4.73 %),0,0,0,0,198257,37.78
29/06/2009,0,0,70.5(0.00 %),0,0,0,0,198257,37.78
30/06/2009,0,0,67(-4.96 %),0,0,0,0,198257,37.78
01/07/2009,0,0,70(4.48 %),0,0,0,0,198257,37.78
02/07/2009,0,0,70(0.00 %),0,0,0,0,198257,37.78
03/07/2009,0,0,70(0.00 %),0,0,0,0,198257,37.78
06/07/2009,0,0,72(2.86 %),0,0,0,0,198257,37.78
07/07/2009,0,0,72(0.00 %),0,0,0,0,198257,37.78
08/07/2009,1000,68500000,70(-2.78 %),1000,68500000,0,0,197257,37.83
09/07/2009,0,0,67(-4.29 %),0,0,0,0,197257,37.83
10/07/2009,0,0,67(0.00 %),0,0,0,0,197257,37.83
13/07/2009,0,0,64.5(-3.73 %),0,0,0,0,197257,37.83
14/07/2009,0,0,62(-3.88 %),0,0,0,0,197257,37.83
15/07/2009,-290,-18705000,64.5(4.03 %),0,0,290,18705000,197547,37.82
16/07/2009,0,0,63.5(-1.55 %),0,0,0,0,197547,37.82
17/07/2009,0,0,63.5(0.00 %),0,0,0,0,197547,37.82
20/07/2009,-100,-6400000,62(-2.36 %),0,0,100,6400000,197647,37.81
30/07/2009,0,0,66.5(5.39 %),0,0,0,0,197647,37.81
31/07/2009,0,0,68(2.72 %),0,0,0,0,197647,37.81
03/08/2009,0,0,69(1.47 %),0,0,0,0,197647,37.81
04/08/2009,0,0,65(-3.70 %),0,0,0,0,197647,37.81
05/08/2009,0,0,62(-5.34 %),0,0,0,0,197647,37.81
06/08/2009,0,0,65(4.67 %),0,0,0,0,197647,37.81
07/08/2009,0,0,67.5(5.97 %),0,0,0,0,197647,37.81
10/08/2009,0,0,70.4(6.02 %),0,0,0,0,197647,37.81
11/08/2009,0,0,69(0.29 %),0,0,0,0,197647,37.81
12/08/2009,0,0,70.5(1.29 %),0,0,0,0,197647,37.81
13/08/2009,0,0,72.5(4.17 %),0,0,0,0,197647,37.81
14/08/2009,0,0,70(-0.85 %),0,0,0,0,197647,37.81
17/08/2009,0,0,69(-1.43 %),0,0,0,0,197647,37.81
18/08/2009,0,0,69(0.00 %),0,0,0,0,197647,37.81
19/08/2009,0,0,71(2.75 %),0,0,0,0,197647,37.81
20/08/2009,0,0,71(1.57 %),0,0,0,0,197647,37.81
21/08/2009,0,0,71(0.00 %),0,0,0,0,197647,37.81
24/08/2009,800,56800000,71(0.00 %),800,56800000,0,0,196847,37.86
25/08/2009,0,0,70(-1.41 %),0,0,0,0,196847,37.86
26/08/2009,200,14040000,70.5(-0.42 %),200,14040000,0,0,196647,37.87
27/08/2009,0,0,70.6(0.00 %),0,0,0,0,196647,37.87
28/08/2009,0,0,69(-2.27 %),0,0,0,0,196647,37.87
31/08/2009,0,0,70(1.45 %),0,0,0,0,196647,37.87
01/09/2009,0,0,74.9(7.00 %),0,0,0,0,196647,37.87
03/09/2009,0,0,70(-1.13 %),0,0,0,0,196647,37.87
04/09/2009,0,0,70(-3.18 %),0,0,0,0,196647,37.87
07/09/2009,0,0,70(-1.41 %),0,0,0,0,196647,37.87
08/09/2009,0,0,70(-0.28 %),0,0,0,0,196647,37.87
09/09/2009,0,0,72(1.84 %),0,0,0,0,196647,37.87
10/09/2009,0,0,70(-1.82 %),0,0,0,0,196647,37.87
11/09/2009,0,0,71.5(2.00 %),0,0,0,0,196647,37.87
14/09/2009,0,0,71.5(0.00 %),0,0,0,0,196647,37.87
15/09/2009,500,35750000,71.5(0.00 %),500,35750000,0,0,196147,37.9
16/09/2009,0,0,70(-2.10 %),0,0,0,0,196147,37.9
17/09/2009,0,0,70(0.00 %),0,0,0,0,196147,37.9
18/09/2009,0,0,71(1.43 %),0,0,0,0,196147,37.9
21/09/2009,400,28200000,70.5(-0.70 %),400,28200000,0,0,195747,37.92
22/09/2009,500,35350000,66.2(-6.36 %),500,35350000,0,0,195247,37.95
23/09/2009,0,0,68(-1.02 %),0,0,0,0,195247,37.95
24/09/2009,0,0,68(0.00 %),0,0,0,0,195247,37.95
25/09/2009,0,0,72(5.88 %),0,0,0,0,195247,37.95
28/09/2009,0,0,68(-6.08 %),0,0,0,0,195247,37.95
29/09/2009,0,0,70(2.04 %),0,0,0,0,195247,37.95
30/09/2009,0,0,67(-4.29 %),0,0,0,0,195247,37.95
01/10/2009,0,0,71(6.45 %),0,0,0,0,195247,37.95
02/10/2009,0,0,71.2(0.00 %),0,0,0,0,195247,37.95
05/10/2009,0,0,68(-4.49 %),0,0,0,0,195247,37.95
06/10/2009,0,0,68(0.00 %),0,0,0,0,195247,37.95
07/10/2009,0,0,69.9(0.00 %),0,0,0,0,195247,37.95
08/10/2009,0,0,68(-2.72 %),0,0,0,0,195247,37.95
09/10/2009,0,0,63.4(-6.76 %),0,0,0,0,195247,37.95
12/10/2009,0,0,67.8(6.94 %),0,0,0,0,195247,37.95
13/10/2009,100,7000000,70(4.32 %),100,7000000,0,0,195147,37.95
14/10/2009,0,0,70(0.00 %),0,0,0,0,195147,37.95
15/10/2009,0,0,67(-4.29 %),0,0,0,0,195147,37.95
16/10/2009,0,0,70(4.48 %),0,0,0,0,195447,37.93
19/10/2009,0,0,70(4.48 %),0,0,0,0,195447,37.93
20/10/2009,0,0,70(0.00 %),0,0,0,0,195147,37.95
21/10/2009,0,0,68(-2.86 %),0,0,0,0,195147,37.95
22/10/2009,0,0,68(0.00 %),0,0,0,0,195147,37.95
23/10/2009,-100,-7270000,72.7(6.91 %),0,0,100,7270000,195247,37.95
26/10/2009,-200,-13560000,70(-3.71 %),0,0,200,13560000,195447,37.93
27/10/2009,0,0,71(2.45 %),0,0,0,0,195447,37.93
28/10/2009,0,0,70.3(0.00 %),0,0,0,0,195447,37.93
29/10/2009,0,0,70.5(0.28 %),0,0,0,0,195447,37.93
30/10/2009,0,0,70.5(0.00 %),0,0,0,0,195447,37.93
02/11/2009,0,0,67(-4.96 %),0,0,0,0,195447,37.93
03/11/2009,0,0,65(-2.99 %),0,0,0,0,195447,37.93
04/11/2009,0,0,69.5(6.92 %),0,0,0,0,195447,37.93
05/11/2009,0,0,71(2.16 %),0,0,0,0,195447,37.93
06/11/2009,0,0,76.6(6.98 %),0,0,0,0,195447,37.93
09/11/2009,0,0,76.6(0.00 %),0,0,0,0,195447,37.93
10/11/2009,0,0,71.3(-6.92 %),0,0,0,0,195447,37.93
11/11/2009,0,0,71.3(0.00 %),0,0,0,0,195447,37.93
12/11/2009,0,0,70(0.29 %),0,0,0,0,195447,37.93
13/11/2009,0,0,71(1.00 %),0,0,0,0,195447,37.93
16/11/2009,0,0,71(0.00 %),0,0,0,0,195447,37.93
17/11/2009,0,0,71(0.00 %),0,0,0,0,195447,37.93
18/11/2009,0,0,71(0.00 %),0,0,0,0,195447,37.93
19/11/2009,0,0,67(-5.63 %),0,0,0,0,195447,37.93
20/11/2009,0,0,71(4.26 %),0,0,0,0,195447,37.93
23/11/2009,300,22310000,75.9(6.90 %),300,22310000,0,0,195147,37.95
24/11/2009,0,0,74.4(0.00 %),0,0,0,0,195147,37.95
25/11/2009,0,0,69.2(-6.99 %),0,0,0,0,195147,37.95
26/11/2009,0,0,69.2(0.00 %),0,0,0,0,195147,37.95
27/11/2009,0,0,73(5.49 %),0,0,0,0,195147,37.95
30/11/2009,0,0,73(0.00 %),0,0,0,0,195147,37.95
01/12/2009,0,0,73(0.00 %),0,0,0,0,195147,37.95
02/12/2009,0,0,75(2.74 %),0,0,0,0,195147,37.95
03/12/2009,0,0,75(0.00 %),0,0,0,0,195147,37.95
04/12/2009,0,0,75(0.00 %),0,0,0,0,195147,37.95
07/12/2009,0,0,75(0.00 %),0,0,0,0,195147,37.95
08/12/2009,0,0,75(0.00 %),0,0,0,0,195147,37.95
09/12/2009,0,0,75(0.00 %),0,0,0,0,195147,37.95
10/12/2009,0,0,75(0.00 %),0,0,0,0,195147,37.95
11/12/2009,0,0,75(0.00 %),0,0,0,0,195147,37.95
14/12/2009,0,0,75(0.00 %),0,0,0,0,195147,37.95
15/12/2009,0,0,69.8(-6.93 %),0,0,0,0,195147,37.95
16/12/2009,0,0,65(-6.88 %),0,0,0,0,195147,37.95
17/12/2009,-600,-39600000,66(-0.30 %),0,0,600,39600000,195747,37.92
18/12/2009,0,0,66(0.00 %),0,0,0,0,195747,37.92
21/12/2009,0,0,70.6(6.97 %),0,0,0,0,195747,37.92
22/12/2009,0,0,70.6(0.00 %),0,0,0,0,195747,37.92
23/12/2009,0,0,74.5(5.52 %),0,0,0,0,195747,37.92
24/12/2009,0,0,74.5(0.00 %),0,0,0,0,195747,37.92
25/12/2009,0,0,69.3(-6.98 %),0,0,0,0,195747,37.92
28/12/2009,0,0,64.5(-6.93 %),0,0,0,0,195747,37.92
29/12/2009,0,0,64.5(0.00 %),0,0,0,0,195747,37.92
30/12/2009,0,0,69(6.98 %),0,0,0,0,195747,37.92
31/12/2009,0,0,69(0.00 %),0,0,0,0,195747,37.92
04/01/2010,0,0,69(0.00 %),0,0,0,0,195747,37.92
05/01/2010,0,0,64.5(-6.52 %),0,0,0,0,195747,37.92
06/01/2010,0,0,64.5(0.00 %),0,0,0,0,195747,37.92
07/01/2010,0,0,64.5(0.00 %),0,0,0,0,195747,37.92
08/01/2010,0,0,66(2.33 %),0,0,0,0,195747,37.92
11/01/2010,0,0,66(0.00 %),0,0,0,0,195747,37.92
12/01/2010,0,0,66(0.00 %),0,0,0,0,195747,37.92
13/01/2010,0,0,70.4(6.67 %),0,0,0,0,195747,37.92
14/01/2010,0,0,65.5(-6.96 %),0,0,0,0,195747,37.92
15/01/2010,0,0,70(6.87 %),0,0,0,0,195747,37.92
18/01/2010,0,0,66(-5.71 %),0,0,0,0,195747,37.92
19/01/2010,0,0,69(4.55 %),0,0,0,0,195747,37.92
20/01/2010,0,0,69(0.00 %),0,0,0,0,195747,37.92
21/01/2010,0,0,69(0.00 %),0,0,0,0,195747,37.92
22/01/2010,0,0,73.8(6.96 %),0,0,0,0,195747,37.92
25/01/2010,0,0,73.8(0.00 %),0,0,0,0,195747,37.92
26/01/2010,0,0,73.8(0.00 %),0,0,0,0,195747,37.92
27/01/2010,0,0,68.7(-6.91 %),0,0,0,0,195747,37.92
28/01/2010,0,0,69.5(-5.31 %),0,0,0,0,195747,37.92
29/01/2010,0,0,69.5(0.00 %),0,0,0,0,195747,37.92
01/02/2010,0,0,69.5(0.00 %),0,0,0,0,195747,37.92
02/02/2010,0,0,73.4(5.61 %),0,0,0,0,195747,37.92
03/02/2010,0,0,72.8(-0.82 %),0,0,0,0,195747,37.92
04/02/2010,0,0,72.8(0.00 %),0,0,0,0,195747,37.92
05/02/2010,0,0,67.8(-6.87 %),0,0,0,0,195747,37.92
08/02/2010,0,0,71(4.72 %),0,0,0,0,195747,37.92
09/02/2010,0,0,71(0.00 %),0,0,0,0,195747,37.92
10/02/2010,0,0,71(0.00 %),0,0,0,0,195747,37.92
11/02/2010,0,0,71(0.00 %),0,0,0,0,195747,37.92
12/02/2010,0,0,71(0.00 %),0,0,0,0,195747,37.92
22/02/2010,0,0,71(0.00 %),0,0,0,0,195747,37.92
23/02/2010,0,0,71(0.00 %),0,0,0,0,195747,37.92
24/02/2010,0,0,71(0.00 %),0,0,0,0,195747,37.92
25/02/2010,0,0,66.9(-5.77 %),0,0,0,0,195747,37.92
26/02/2010,0,0,70(5.74 %),0,0,0,0,195747,37.92
01/03/2010,0,0,70(0.00 %),0,0,0,0,195747,37.92
02/03/2010,0,0,70(0.00 %),0,0,0,0,195747,37.92
03/03/2010,0,0,70(0.00 %),0,0,0,0,195747,37.92
04/03/2010,0,0,70(0.00 %),0,0,0,0,195747,37.92
05/03/2010,0,0,70(0.00 %),0,0,0,0,195747,37.92
08/03/2010,6800,489600000,72(2.86 %),6800,489600000,0,0,188947,38.3
09/03/2010,6600,488400000,77(6.94 %),6600,488400000,0,0,182347,38.68
10/03/2010,0,0,74(0.00 %),0,0,0,0,182347,38.68
11/03/2010,0,0,74(0.00 %),0,0,0,0,182347,38.68
12/03/2010,0,0,74(0.00 %),0,0,0,0,182347,38.68
15/03/2010,0,0,79.1(6.89 %),0,0,0,0,182347,38.68
16/03/2010,0,0,73.6(-6.95 %),0,0,0,0,182347,38.68
17/03/2010,0,0,81(4.11 %),0,0,0,0,182347,38.68
18/03/2010,0,0,86(6.17 %),0,0,0,0,182347,38.68
19/03/2010,0,0,86(0.00 %),0,0,0,0,182347,38.68
22/03/2010,0,0,86(0.00 %),0,0,0,0,182347,38.68
23/03/2010,0,0,86(0.00 %),0,0,0,0,182347,38.68
24/03/2010,0,0,86(0.00 %),0,0,0,0,182347,38.68
25/03/2010,0,0,80(-6.98 %),0,0,0,0,182347,38.68
26/03/2010,0,0,82.5(3.12 %),0,0,0,0,182347,38.68
29/03/2010,0,0,88(6.67 %),0,0,0,0,182347,38.68
30/03/2010,0,0,88(0.00 %),0,0,0,0,182347,38.68
31/03/2010,0,0,88(0.00 %),0,0,0,0,182347,38.68
01/04/2010,0,0,90(2.27 %),0,0,0,0,182347,38.68
02/04/2010,100,9000000,90(0.00 %),100,9000000,0,0,182247,38.68
05/04/2010,0,0,88(-2.22 %),0,0,0,0,182247,38.68
06/04/2010,0,0,88(0.00 %),0,0,0,0,182247,38.68
07/04/2010,0,0,88(0.00 %),0,0,0,0,182247,38.68
08/04/2010,0,0,88(0.00 %),0,0,0,0,182247,38.68
09/04/2010,100,8800000,88(0.00 %),100,8800000,0,0,182147,38.69
12/04/2010,0,0,82(-6.82 %),0,0,0,0,182147,38.69
13/04/2010,0,0,77(-6.10 %),0,0,0,0,182147,38.69
14/04/2010,0,0,74(-4.88 %),0,0,0,0,182147,38.69
15/04/2010,0,0,74(0.00 %),0,0,0,0,182147,38.69
16/04/2010,0,0,70.5(-4.73 %),0,0,0,0,182147,38.69
19/04/2010,0,0,69.5(0.00 %),0,0,0,0,182147,38.69
20/04/2010,0,0,69.5(0.00 %),0,0,0,0,182147,38.69
21/04/2010,0,0,69.5(0.00 %),0,0,0,0,182147,38.69
22/04/2010,0,0,70(0.72 %),0,0,0,0,182147,38.69
26/04/2010,0,0,74.9(7.00 %),0,0,0,0,182147,38.69
27/04/2010,0,0,77.5(3.47 %),0,0,0,0,182147,38.69
28/04/2010,0,0,72.1(-6.97 %),0,0,0,0,182147,38.69
29/04/2010,0,0,78(6.41 %),0,0,0,0,182147,38.69
04/05/2010,0,0,78(0.00 %),0,0,0,0,182147,38.69
05/05/2010,0,0,72.6(-6.92 %),0,0,0,0,182147,38.69
06/05/2010,0,0,72.6(0.00 %),0,0,0,0,182147,38.69
07/05/2010,0,0,72.6(0.00 %),0,0,0,0,182147,38.69
10/05/2010,0,0,77(6.06 %),0,0,0,0,182147,38.69
11/05/2010,0,0,71.7(-6.88 %),0,0,0,0,182147,38.69
12/05/2010,0,0,71.7(0.00 %),0,0,0,0,182147,38.69
13/05/2010,0,0,71.7(0.00 %),0,0,0,0,182147,38.69
14/05/2010,0,0,71.7(0.00 %),0,0,0,0,182147,38.69
17/05/2010,1900,136820000,72(0.42 %),1900,136820000,0,0,180247,38.8
18/05/2010,0,0,72.5(0.69 %),0,0,0,0,180247,38.8
19/05/2010,0,0,72.5(0.00 %),0,0,0,0,180247,38.8
20/05/2010,300,21750000,75(3.45 %),300,21750000,0,0,179947,38.81
21/05/2010,700,51350000,73(-0.68 %),700,51350000,0,0,179247,38.85
24/05/2010,600,44100000,73.5(0.14 %),600,44100000,0,0,178647,38.89
25/05/2010,5100,400860000,78.6(6.94 %),5100,400860000,0,0,173547,39.17
26/05/2010,900,71550000,79.5(1.27 %),900,71550000,0,0,172647,39.23
27/05/2010,600,47760000,79.6(0.13 %),600,47760000,0,0,172047,39.26
28/05/2010,0,0,79.6(0.00 %),0,0,0,0,172047,39.26
31/05/2010,0,0,79.6(0.00 %),0,0,0,0,172047,39.26
01/06/2010,0,0,79.6(0.00 %),0,0,0,0,172047,39.26
02/06/2010,200,16950000,84.5(6.16 %),200,16950000,0,0,171847,39.27
03/06/2010,11000,996510000,90.7(6.96 %),11000,996510000,0,0,160847,39.89
04/06/2010,0,0,84.3(-6.95 %),0,0,0,0,160847,39.89
07/06/2010,0,0,84.3(0.00 %),0,0,0,0,160847,39.89
08/06/2010,0,0,84.3(0.00 %),0,0,0,0,160847,39.89
09/06/2010,0,0,84(-0.36 %),0,0,0,0,160847,39.89
10/06/2010,0,0,80(-4.76 %),0,0,0,0,160847,39.89
11/06/2010,0,0,80(0.00 %),0,0,0,0,160847,39.89
14/06/2010,0,0,80(0.00 %),0,0,0,0,160847,39.89
15/06/2010,0,0,81.5(0.00 %),0,0,0,0,160847,39.89
16/06/2010,0,0,81.5(0.00 %),0,0,0,0,160947,39.89
17/06/2010,0,0,80.5(-1.23 %),0,0,0,0,160847,39.89
18/06/2010,-100,-7900000,86.1(6.96 %),0,0,100,7900000,160947,39.89
22/06/2010,0,0,82.3(0.00 %),0,0,0,0,160947,39.89
23/06/2010,0,0,82.3(0.00 %),0,0,0,0,160947,39.89
24/06/2010,0,0,78.5(-4.62 %),0,0,0,0,160947,39.89
25/06/2010,0,0,78.5(0.00 %),0,0,0,0,160947,39.89
28/06/2010,0,0,78.5(0.00 %),0,0,0,0,160947,39.89
29/06/2010,0,0,78.5(0.00 %),0,0,0,0,160947,39.89
30/06/2010,0,0,83(5.73 %),0,0,0,0,160947,39.89
01/07/2010,0,0,83(0.00 %),0,0,0,0,160947,39.89
02/07/2010,0,0,83(0.00 %),0,0,0,0,160947,39.89
05/07/2010,0,0,83(0.00 %),0,0,0,0,160947,39.89
06/07/2010,0,0,83(0.00 %),0,0,0,0,160947,39.89
07/07/2010,0,0,77.2(-6.99 %),0,0,0,0,160947,39.89
08/07/2010,0,0,72(-6.74 %),0,0,0,0,160947,39.89
09/07/2010,0,0,74.6(0.00 %),0,0,0,0,160947,39.89
12/07/2010,0,0,79.8(6.97 %),0,0,0,0,160947,39.89
13/07/2010,0,0,80(0.25 %),0,0,0,0,160947,39.89
14/07/2010,0,0,84.8(6.53 %),0,0,0,0,160947,39.89
15/07/2010,0,0,84.8(0.00 %),0,0,0,0,160947,39.89
16/07/2010,600,48000000,80.9(-4.60 %),600,48000000,0,0,160347,39.92
19/07/2010,0,0,84.9(5.99 %),0,0,0,0,160347,39.92
20/07/2010,0,0,84.9(0.00 %),0,0,0,0,160347,39.92
21/07/2010,0,0,84.9(0.00 %),0,0,0,0,160347,39.92
22/07/2010,0,0,84.9(0.00 %),0,0,0,0,160347,39.92
23/07/2010,0,0,84.9(0.00 %),0,0,0,0,160347,39.92
26/07/2010,300,24000000,80(-5.77 %),300,24000000,0,0,160047,39.94
27/07/2010,300,24000000,80(0.00 %),300,24000000,0,0,159747,39.96
28/07/2010,200,16000000,80(0.00 %),200,16000000,0,0,159547,39.97
29/07/2010,0,0,80(0.00 %),0,0,0,0,159547,39.97
30/07/2010,0,0,80(0.00 %),0,0,0,0,159547,39.97
02/08/2010,0,0,80(0.00 %),0,0,0,0,159547,39.97
03/08/2010,0,0,80(0.00 %),0,0,0,0,159547,39.97
04/08/2010,0,0,80(0.00 %),0,0,0,0,159547,39.97
05/08/2010,0,0,80(0.00 %),0,0,0,0,159547,39.97
06/08/2010,0,0,80(0.00 %),0,0,0,0,159547,39.97
09/08/2010,0,0,80(0.00 %),0,0,0,0,159547,39.97
10/08/2010,0,0,80(0.00 %),0,0,0,0,159547,39.97
11/08/2010,0,0,80(0.00 %),0,0,0,0,159547,39.97
12/08/2010,0,0,80(0.00 %),0,0,0,0,159547,39.97
13/08/2010,100,7900000,79(-1.25 %),100,7900000,0,0,159447,39.97
16/08/2010,0,0,79(0.00 %),0,0,0,0,159447,39.97
17/08/2010,0,0,79(0.00 %),0,0,0,0,159447,39.97
18/08/2010,200,15800000,79(0.00 %),200,15800000,0,0,159247,39.98
19/08/2010,700,54600000,78(-1.27 %),700,54600000,0,0,158547,40.02
20/08/2010,0,0,78(0.00 %),0,0,0,0,158547,40.02
23/08/2010,0,0,78(0.00 %),0,0,0,0,158547,40.02
24/08/2010,0,0,78(0.00 %),0,0,0,0,158547,40.02
25/08/2010,500,38300000,76(-2.56 %),500,38300000,0,0,158047,40.05
26/08/2010,0,0,76.6(0.00 %),0,0,0,0,158047,40.05
27/08/2010,0,0,81(5.74 %),0,0,0,0,158047,40.05
30/08/2010,0,0,81(0.00 %),0,0,0,0,158047,40.05
31/08/2010,0,0,81(0.00 %),0,0,0,0,158047,40.05
01/09/2010,0,0,81(0.00 %),0,0,0,0,158047,40.05
06/09/2010,0,0,82(1.23 %),0,0,0,0,158047,40.05
07/09/2010,0,0,82(0.00 %),0,0,0,0,158047,40.05
08/09/2010,-200,-15400000,76.3(-6.95 %),4800,370950000,5000,386350000,158247,40.04
09/09/2010,-600,-43200000,71.9(-6.99 %),4400,317310000,5000,360510000,158847,40.01
10/09/2010,0,0,72.1(0.00 %),0,0,0,0,158847,40.01
13/09/2010,0,0,72.1(0.00 %),0,0,0,0,158847,40.01
14/09/2010,-1000,-68390000,68(-5.69 %),2000,136400000,3000,204790000,159847,39.95
15/09/2010,0,0,68.3(0.00 %),0,0,0,0,159847,39.95
16/09/2010,0,0,68.3(0.00 %),0,0,0,0,159847,39.95
17/09/2010,0,0,69(1.02 %),0,0,0,0,159847,39.95
20/09/2010,500,35950000,72(4.35 %),500,35950000,0,0,159347,39.98
21/09/2010,200,14420000,72.1(0.42 %),200,14420000,0,0,159147,39.99
22/09/2010,0,0,72(0.00 %),0,0,0,0,159147,39.99
23/09/2010,0,0,72(0.00 %),0,0,0,0,159147,39.99
24/09/2010,100,7300000,73(1.39 %),100,7300000,0,0,159047,40.0
27/09/2010,0,0,74.5(0.00 %),0,0,0,0,159047,40.0
28/09/2010,0,0,79(6.04 %),0,0,0,0,159047,40.0
29/09/2010,0,0,79(0.00 %),0,0,0,0,159047,0.0
30/09/2010,100,7800000,83(5.06 %),100,7800000,0,0,158947,40.0
01/10/2010,0,0,80.5(0.00 %),0,0,0,0,158947,40.0
04/10/2010,300,23400000,86(6.83 %),300,23400000,0,0,158647,40.02
05/10/2010,0,0,88.8(6.99 %),0,0,0,0,158647,40.02
06/10/2010,0,0,83(-6.53 %),0,0,0,0,158647,40.02
07/10/2010,0,0,83(0.00 %),0,0,0,0,158647,40.02
08/10/2010,0,0,88.4(6.51 %),0,0,0,0,158647,40.02
11/10/2010,0,0,88.4(0.00 %),0,0,0,0,158647,40.02
12/10/2010,500,44160000,88(-0.45 %),500,44160000,0,0,158147,40.05
13/10/2010,0,0,88.4(0.00 %),0,0,0,0,158147,40.05
14/10/2010,0,0,88.4(0.00 %),0,0,0,0,158147,40.05
15/10/2010,0,0,88.4(0.00 %),0,0,0,0,158147,40.05
18/10/2010,0,0,88.4(0.00 %),0,0,0,0,158147,40.05
19/10/2010,0,0,88.4(0.00 %),0,0,0,0,158147,40.05
20/10/2010,0,0,88.4(0.00 %),0,0,0,0,158147,40.05
21/10/2010,0,0,88.4(0.00 %),0,0,0,0,158147,40.05
22/10/2010,0,0,88.4(0.00 %),0,0,0,0,158147,40.05
25/10/2010,0,0,88.4(0.00 %),0,0,0,0,158147,40.05
26/10/2010,-300,-26400000,82.3(-6.90 %),0,0,300,26400000,158447,40.03
27/10/2010,0,0,86.6(0.00 %),0,0,0,0,158447,40.03
28/10/2010,0,0,89.9(3.81 %),0,0,0,0,158447,40.03
29/10/2010,0,0,89.9(0.00 %),0,0,0,0,158447,40.03
01/11/2010,0,0,89.9(0.00 %),0,0,0,0,158447,40.03
02/11/2010,0,0,89.9(0.00 %),0,0,0,0,158447,40.03
03/11/2010,0,0,89.9(0.00 %),0,0,0,0,158447,40.03
04/11/2010,0,0,89.9(0.00 %),0,0,0,0,158447,40.03
05/11/2010,0,0,89.9(0.00 %),0,0,0,0,158447,40.03
08/11/2010,0,0,89.9(0.00 %),0,0,0,0,158447,40.03
09/11/2010,0,0,89.9(0.00 %),0,0,0,0,158447,40.03
10/11/2010,0,0,89.9(0.00 %),0,0,0,0,158447,40.03
11/11/2010,0,0,89.9(0.00 %),0,0,0,0,158447,40.03
12/11/2010,0,0,89.9(0.00 %),0,0,0,0,158447,40.03
15/11/2010,0,0,89.9(0.00 %),0,0,0,0,158447,40.03
16/11/2010,0,0,89.9(0.00 %),0,0,0,0,158447,40.03
17/11/2010,0,0,89.9(0.00 %),0,0,0,0,158447,40.03
18/11/2010,0,0,89.9(0.00 %),0,0,0,0,158447,40.03
19/11/2010,0,0,89.9(0.00 %),0,0,0,0,158447,40.03
22/11/2010,0,0,89.9(0.00 %),0,0,0,0,158447,40.03
23/11/2010,0,0,89.9(0.00 %),0,0,0,0,158447,40.03
24/11/2010,100,9610000,96.1(6.90 %),100,9610000,0,0,158347,40.04
25/11/2010,0,0,96.1(0.00 %),0,0,0,0,158347,40.04
26/11/2010,0,0,96.1(0.00 %),0,0,0,0,158347,40.04
29/11/2010,0,0,99.9(3.95 %),0,0,0,0,158347,40.04
30/11/2010,0,0,99.9(0.00 %),0,0,0,0,158347,40.04
01/12/2010,0,0,93(-6.91 %),0,0,0,0,158347,40.04
02/12/2010,0,0,93(0.00 %),0,0,0,0,158347,40.04
03/12/2010,-15700,-1358050000,86.5(-6.99 %),0,0,15700,1358050000,174047,39.15
06/12/2010,0,0,86.5(0.00 %),0,0,0,0,174047,39.15
07/12/2010,0,0,83.5(-3.47 %),0,0,0,0,174047,39.15
08/12/2010,0,0,80.5(-3.59 %),0,0,0,0,174047,39.15
09/12/2010,0,0,80.5(0.00 %),50000,4025000000,50000,4025000000,174047,39.15
10/12/2010,0,0,80.5(0.00 %),0,0,0,0,174047,39.15
13/12/2010,0,0,86.1(6.96 %),0,0,0,0,174047,39.15
14/12/2010,0,0,86.1(0.00 %),0,0,0,0,174047,39.15
15/12/2010,0,0,80.2(-6.85 %),0,0,0,0,174047,39.15
16/12/2010,0,0,77(-3.99 %),0,0,0,0,174047,39.15
17/12/2010,0,0,80(3.90 %),110350,8828000000,110350,8828000000,174047,39.15
20/12/2010,0,0,82(2.50 %),0,0,0,0,171947,39.27
21/12/2010,2100,172200000,82(0.00 %),4500,369000000,2400,196800000,171947,39.27
22/12/2010,1000,82000000,82(0.00 %),2000,164000000,1000,82000000,170947,39.32
23/12/2010,2000,164000000,82(0.00 %),2000,164000000,0,0,168947,39.43
24/12/2010,2100,173200000,84(2.44 %),4500,370000000,2400,196800000,166847,39.55
27/12/2010,0,0,82.2(0.00 %),0,0,0,0,166847,39.55
28/12/2010,200,17580000,87.9(6.93 %),200,17580000,0,0,166647,39.57
29/12/2010,4500,395550000,87.9(0.00 %),4500,395550000,0,0,162147,39.82
30/12/2010,0,0,87.9(0.00 %),0,0,0,0,162147,39.82
31/12/2010,2200,199050000,90.5(2.96 %),2200,199050000,0,0,159947,39.94
04/01/2011,0,0,90.5(0.00 %),0,0,0,0,159947,39.94
05/01/2011,0,0,90.5(0.00 %),0,0,0,0,159947,39.94
06/01/2011,0,0,90.5(0.00 %),0,0,0,0,159947,39.94
07/01/2011,0,0,90.5(0.00 %),0,0,0,0,159947,39.94
10/01/2011,0,0,90.5(0.00 %),0,0,0,0,159947,39.94
11/01/2011,200,17000000,85(-6.08 %),200,17000000,0,0,159747,39.96
12/01/2011,0,0,85(0.00 %),0,0,0,0,159747,39.96
13/01/2011,0,0,85(0.00 %),0,0,0,0,159747,39.96
14/01/2011,0,0,85(0.00 %),0,0,0,0,159747,39.96
17/01/2011,0,0,85(0.00 %),0,0,0,0,159747,39.96
18/01/2011,0,0,85(0.00 %),0,0,0,0,159747,39.96
19/01/2011,0,0,85(0.00 %),0,0,0,0,159747,39.96
20/01/2011,0,0,85(0.00 %),0,0,0,0,159747,39.96
21/01/2011,0,0,85(0.00 %),0,0,0,0,159747,39.96
24/01/2011,0,0,85(0.00 %),0,0,0,0,159747,39.96
25/01/2011,0,0,85(0.00 %),0,0,0,0,159747,39.96
26/01/2011,0,0,85(0.00 %),0,0,0,0,159747,39.96
27/01/2011,0,0,85(0.00 %),0,0,0,0,159747,39.96
28/01/2011,0,0,85(0.00 %),0,0,0,0,159747,39.96
08/02/2011,0,0,85(0.00 %),0,0,0,0,159747,39.96
09/02/2011,0,0,85(0.00 %),0,0,0,0,159747,39.96
10/02/2011,0,0,79.1(-6.94 %),0,0,0,0,159747,39.96
11/02/2011,0,0,75(-5.18 %),0,0,0,0,159747,39.96
14/02/2011,100,7500000,75(0.00 %),100,7500000,0,0,159647,39.96
15/02/2011,0,0,75.5(0.00 %),0,0,0,0,159647,39.96
16/02/2011,0,0,75.6(0.13 %),0,0,0,0,159647,39.96
17/02/2011,0,0,73(0.00 %),0,0,0,0,159647,39.96
18/02/2011,0,0,73(0.00 %),0,0,0,0,159647,39.96
21/02/2011,0,0,73(0.00 %),0,0,0,0,159647,39.96
22/02/2011,0,0,73(0.00 %),0,0,0,0,159647,39.96
23/02/2011,0,0,73(0.00 %),0,0,0,0,159647,39.96
24/02/2011,0,0,73(0.00 %),0,0,0,0,159647,39.96
25/02/2011,0,0,73(0.00 %),0,0,0,0,159647,39.96
28/02/2011,0,0,73(0.00 %),0,0,0,0,159647,39.96
01/03/2011,0,0,73(0.00 %),0,0,0,0,159647,39.96
02/03/2011,0,0,67.9(-6.99 %),0,0,0,0,159647,39.96
03/03/2011,0,0,67.9(0.00 %),0,0,0,0,0,0.0
04/03/2011,0,0,72.5(6.77 %),0,0,0,0,0,0.0
07/03/2011,0,0,67.5(-6.90 %),0,0,0,0,0,0.0
08/03/2011,0,0,77(6.21 %),0,0,0,0,0,0.0
09/03/2011,0,0,77(0.00 %),0,0,0,0,0,0.0
10/03/2011,0,0,82.3(6.88 %),0,0,0,0,0,0.0
11/03/2011,0,0,87.9(6.80 %),0,0,0,0,0,0.0
14/03/2011,0,0,87.9(0.00 %),0,0,0,0,0,0.0
15/03/2011,0,0,87.9(0.00 %),0,0,0,0,0,0.0
16/03/2011,0,0,87.9(0.00 %),0,0,0,0,159657,39.96
17/03/2011,0,0,87.9(0.00 %),0,0,0,0,159657,39.96
18/03/2011,0,0,82(-6.71 %),0,0,0,0,159657,39.96
21/03/2011,0,0,82(0.00 %),0,0,0,0,159657,39.96
22/03/2011,0,0,82(0.00 %),0,0,0,0,159657,39.96
23/03/2011,0,0,82(0.00 %),0,0,0,0,159657,39.96
24/03/2011,0,0,82(0.00 %),0,0,0,0,159657,39.96
25/03/2011,0,0,76.3(-6.95 %),0,0,0,0,159657,39.96
28/03/2011,0,0,71(-6.95 %),0,0,0,0,159657,39.96
29/03/2011,0,0,71(0.00 %),0,0,0,0,159657,39.96
30/03/2011,0,0,71(0.00 %),0,0,0,0,159657,39.96
31/03/2011,0,0,71(0.00 %),0,0,0,0,159657,39.96
01/04/2011,0,0,71(0.00 %),0,0,0,0,159657,39.96
04/04/2011,0,0,71(0.00 %),0,0,0,0,159657,39.96
05/04/2011,0,0,71(0.00 %),0,0,0,0,159657,39.96
06/04/2011,0,0,71(0.00 %),0,0,0,0,159657,39.96
07/04/2011,0,0,71(0.00 %),0,0,0,0,159657,39.96
08/04/2011,0,0,71(0.00 %),0,0,0,0,159657,39.96
13/04/2011,0,0,71(0.00 %),0,0,0,0,159657,39.96
14/04/2011,0,0,71(0.00 %),0,0,0,0,159657,39.96
15/04/2011,0,0,71(0.00 %),0,0,0,0,159657,39.96
18/04/2011,0,0,71(0.00 %),0,0,0,0,159657,39.96
19/04/2011,0,0,66.1(-6.90 %),0,0,0,0,159657,39.96
20/04/2011,0,0,66.1(0.00 %),0,0,0,0,159657,39.96
21/04/2011,0,0,66.1(0.00 %),0,0,0,0,159657,39.96
22/04/2011,0,0,66.1(0.00 %),0,0,0,0,159657,39.96
25/04/2011,0,0,66.1(0.00 %),0,0,0,0,159657,39.96
26/04/2011,0,0,66.1(0.00 %),0,0,0,0,159657,39.96
27/04/2011,0,0,66.1(0.00 %),0,0,0,0,159657,39.96
28/04/2011,0,0,66.1(0.00 %),0,0,0,0,159657,39.96
29/04/2011,0,0,66.1(0.00 %),0,0,0,0,159657,39.96
04/05/2011,0,0,66.1(0.00 %),0,0,0,0,159657,39.96
05/05/2011,0,0,66.1(0.00 %),0,0,0,0,159657,39.96
06/05/2011,0,0,66.1(0.00 %),0,0,0,0,159657,39.96
09/05/2011,0,0,66.1(0.00 %),0,0,0,0,159657,39.96
10/05/2011,0,0,66.1(0.00 %),0,0,0,0,159657,39.96
11/05/2011,0,0,66.1(0.00 %),0,0,0,0,159657,39.96
12/05/2011,0,0,66.1(0.00 %),0,0,0,0,159657,39.96
13/05/2011,0,0,66.1(0.00 %),0,0,0,0,159657,39.96
16/05/2011,0,0,66.1(0.00 %),0,0,0,0,159657,39.96
17/05/2011,0,0,66.1(0.00 %),0,0,0,0,159657,39.96
18/05/2011,0,0,66.1(0.00 %),0,0,0,0,159657,39.96
19/05/2011,0,0,66.1(0.00 %),0,0,0,0,159657,39.96
20/05/2011,0,0,66.1(0.00 %),0,0,0,0,159657,39.96
23/05/2011,0,0,66.1(0.00 %),0,0,0,0,159657,39.96
24/05/2011,0,0,66.1(0.00 %),0,0,0,0,159657,39.96
25/05/2011,0,0,66.1(0.00 %),0,0,0,0,159657,39.96
26/05/2011,0,0,66.1(0.00 %),0,0,0,0,159657,39.96
27/05/2011,0,0,66.1(0.00 %),0,0,0,0,159657,39.96
30/05/2011,0,0,66.1(0.00 %),0,0,0,0,159657,39.96
31/05/2011,0,0,66.1(0.00 %),0,0,0,0,159657,39.96
01/06/2011,0,0,70.7(6.96 %),0,0,0,0,159657,39.96
02/06/2011,0,0,75.5(6.79 %),0,0,0,0,159657,39.96
03/06/2011,0,0,79(4.64 %),0,0,0,0,159657,39.96
06/06/2011,0,0,79(0.00 %),0,0,0,0,159657,39.96
07/06/2011,0,0,83(5.06 %),0,0,0,0,159657,39.96
08/06/2011,0,0,83(0.00 %),0,0,0,0,159657,39.96
09/06/2011,0,0,83(0.00 %),0,0,0,0,159657,39.96
10/06/2011,0,0,77.2(-6.99 %),0,0,0,0,159657,39.96
13/06/2011,0,0,77.2(0.00 %),0,0,0,0,159657,39.96
14/06/2011,0,0,77.2(0.00 %),0,0,0,0,159657,39.96
15/06/2011,0,0,77.2(0.00 %),0,0,0,0,159657,39.96
16/06/2011,0,0,71.8(-6.99 %),0,0,0,0,159657,39.96
17/06/2011,0,0,72(0.28 %),0,0,0,0,159657,39.96
20/06/2011,0,0,74.4(0.00 %),0,0,0,0,159657,39.96
21/06/2011,0,0,79(6.18 %),0,0,0,0,159657,39.96
22/06/2011,0,0,79(0.00 %),0,0,0,0,159657,39.96
23/06/2011,0,0,79(0.00 %),0,0,0,0,159657,39.96
24/06/2011,0,0,79(0.00 %),0,0,0,0,159657,39.96
27/06/2011,0,0,79(0.00 %),0,0,0,0,159657,39.96
28/06/2011,0,0,79(0.00 %),0,0,0,0,159657,39.96
29/06/2011,0,0,79(0.00 %),0,0,0,0,159657,39.96
30/06/2011,0,0,79(0.00 %),0,0,0,0,159657,39.96
01/07/2011,0,0,79(0.00 %),0,0,0,0,159657,39.96
04/07/2011,0,0,79(0.00 %),0,0,0,0,159657,39.96
05/07/2011,0,0,73.5(-6.96 %),0,0,0,0,159657,39.96
06/07/2011,0,0,78.5(6.80 %),0,0,0,0,159657,39.96
07/07/2011,0,0,78.5(0.00 %),0,0,0,0,159657,39.96
08/07/2011,0,0,78.5(0.00 %),0,0,0,0,159657,39.96
11/07/2011,0,0,78.5(0.00 %),0,0,0,0,159657,39.96
12/07/2011,0,0,78.5(0.00 %),0,0,0,0,159657,39.96
13/07/2011,0,0,82.3(4.84 %),0,0,0,0,159657,39.96
14/07/2011,0,0,82.3(0.00 %),0,0,0,0,159657,39.96
15/07/2011,0,0,82.3(0.00 %),0,0,0,0,159657,39.96
18/07/2011,0,0,82.3(0.00 %),0,0,0,0,159657,39.96
19/07/2011,0,0,82.3(0.00 %),0,0,0,0,159657,39.96
20/07/2011,0,0,82.3(0.00 %),0,0,0,0,159657,39.96
21/07/2011,0,0,82.3(0.00 %),0,0,0,0,159657,39.96
22/07/2011,0,0,82.3(0.00 %),0,0,0,0,159657,39.96
25/07/2011,0,0,82.3(0.00 %),0,0,0,0,159657,39.96
26/07/2011,0,0,82.3(0.00 %),0,0,0,0,159657,39.96
27/07/2011,0,0,82.3(0.00 %),0,0,0,0,159657,39.96
28/07/2011,0,0,82.3(0.00 %),0,0,0,0,159657,39.96
29/07/2011,0,0,82.3(0.00 %),0,0,0,0,159657,39.96
01/08/2011,0,0,82.3(0.00 %),0,0,0,0,159657,39.96
02/08/2011,0,0,82.3(0.00 %),0,0,0,0,159657,39.96
03/08/2011,0,0,86(4.50 %),0,0,0,0,159657,39.96
04/08/2011,0,0,86(0.00 %),0,0,0,0,159657,39.96
05/08/2011,0,0,86(0.00 %),0,0,0,0,159657,39.96
08/08/2011,0,0,86(0.00 %),0,0,0,0,159657,39.96
09/08/2011,0,0,86(0.00 %),0,0,0,0,159657,39.96
10/08/2011,0,0,86(0.00 %),0,0,0,0,159657,39.96
11/08/2011,0,0,86(0.00 %),0,0,0,0,159657,39.96
12/08/2011,0,0,86(0.00 %),0,0,0,0,159657,39.96
15/08/2011,0,0,86(0.00 %),0,0,0,0,159657,39.96
16/08/2011,0,0,86(0.00 %),0,0,0,0,159657,39.96
17/08/2011,0,0,86(0.00 %),0,0,0,0,159657,39.96
18/08/2011,0,0,86(0.00 %),0,0,0,0,159657,39.96
19/08/2011,0,0,86(0.00 %),0,0,0,0,159657,39.96
22/08/2011,0,0,86(0.00 %),0,0,0,0,159657,39.96
23/08/2011,0,0,86(0.00 %),0,0,0,0,159657,39.96
24/08/2011,0,0,89.5(4.07 %),0,0,0,0,159657,39.96
25/08/2011,0,0,89.2(0.00 %),0,0,0,0,159657,39.96
26/08/2011,0,0,89.2(0.00 %),0,0,0,0,159657,39.96
29/08/2011,0,0,89.2(0.00 %),0,0,0,0,159657,39.96
30/08/2011,0,0,89.2(0.00 %),0,0,0,0,159657,39.96
31/08/2011,0,0,89.2(0.00 %),0,0,0,0,159657,39.96
01/09/2011,0,0,89.2(0.00 %),0,0,0,0,159657,39.96
05/09/2011,0,0,89.2(0.00 %),0,0,0,0,159657,39.96
06/09/2011,0,0,89.2(0.00 %),0,0,0,0,159657,39.96
07/09/2011,0,0,89.2(0.00 %),0,0,0,0,159657,39.96
08/09/2011,0,0,89.2(0.00 %),0,0,0,0,159657,39.96
09/09/2011,0,0,89.2(0.00 %),0,0,0,0,159657,39.96
12/09/2011,0,0,89.2(0.00 %),0,0,0,0,159657,39.96
13/09/2011,0,0,95(6.50 %),0,0,0,0,159657,39.96
14/09/2011,0,0,95(0.00 %),0,0,0,0,159657,39.96
15/09/2011,0,0,95(0.00 %),0,0,0,0,159657,39.96
16/09/2011,0,0,101.6(6.95 %),0,0,0,0,159657,39.96
19/09/2011,0,0,101.6(0.00 %),0,0,0,0,159657,39.96
20/09/2011,0,0,101.6(0.00 %),0,0,0,0,159657,39.96
21/09/2011,0,0,101.6(0.00 %),0,0,0,0,159657,39.96
22/09/2011,0,0,101.6(0.00 %),0,0,0,0,159657,39.96
23/09/2011,0,0,101.6(0.00 %),0,0,0,0,159657,39.96
26/09/2011,0,0,101.6(0.00 %),0,0,0,0,159657,39.96
27/09/2011,0,0,101.6(0.00 %),0,0,0,0,159657,39.96
28/09/2011,0,0,101.6(0.00 %),0,0,0,0,159657,39.96
29/09/2011,0,0,101.6(0.00 %),0,0,0,0,159657,39.96
30/09/2011,0,0,101.6(0.00 %),0,0,0,0,159657,39.96
03/10/2011,0,0,101.6(0.00 %),0,0,0,0,159657,39.96
04/10/2011,0,0,101.6(0.00 %),0,0,0,0,159657,39.96
05/10/2011,0,0,101.6(0.00 %),0,0,0,0,159657,39.96
06/10/2011,0,0,101.6(0.00 %),0,0,0,0,159657,39.96
07/10/2011,100,9450000,94.5(-6.99 %),100,9450000,0,0,159557,39.97
10/10/2011,0,0,94.5(0.00 %),0,0,0,0,159557,39.97
11/10/2011,0,0,94.5(0.00 %),0,0,0,0,159557,39.97
12/10/2011,0,0,94.5(0.00 %),0,0,0,0,159557,39.97
13/10/2011,0,0,94.5(0.00 %),0,0,0,0,159557,39.97
14/10/2011,0,0,94.5(0.00 %),0,0,0,0,159557,39.97
17/10/2011,0,0,94.5(0.00 %),0,0,0,0,159557,39.97
18/10/2011,0,0,94.5(0.00 %),0,0,0,0,159557,39.97
19/10/2011,0,0,94.5(0.00 %),0,0,0,0,159557,39.97
20/10/2011,0,0,94.5(0.00 %),0,0,0,0,159557,39.97
21/10/2011,0,0,94.5(0.00 %),0,0,0,0,159557,39.97
24/10/2011,0,0,94.5(0.00 %),0,0,0,0,159557,39.97
25/10/2011,0,0,94.5(0.00 %),0,0,0,0,159557,39.97
26/10/2011,0,0,94.5(0.00 %),0,0,0,0,159557,39.97
27/10/2011,0,0,94.5(0.00 %),0,0,0,0,159557,39.97
28/10/2011,0,0,94.5(0.00 %),0,0,0,0,159557,39.97
31/10/2011,0,0,94.5(0.00 %),0,0,0,0,159557,39.97
01/11/2011,0,0,87.9(-6.98 %),0,0,0,0,159557,39.97
02/11/2011,0,0,87.9(0.00 %),0,0,0,0,159557,39.97
03/11/2011,0,0,87.9(0.00 %),0,0,0,0,159557,39.97
04/11/2011,0,0,87.9(0.00 %),0,0,0,0,159557,39.97
07/11/2011,0,0,81.8(-6.94 %),0,0,0,0,159557,39.97
08/11/2011,-100,-7610000,76.1(-6.97 %),0,0,100,7610000,159657,39.96
09/11/2011,0,0,76.1(0.00 %),0,0,0,0,159657,39.96
10/11/2011,0,0,76.1(0.00 %),0,0,0,0,159657,39.96
11/11/2011,0,0,76.1(0.00 %),0,0,0,0,159657,39.96
14/11/2011,0,0,76.1(0.00 %),0,0,0,0,159657,39.96
15/11/2011,0,0,76.1(0.00 %),0,0,0,0,159657,39.96
16/11/2011,0,0,76.1(0.00 %),0,0,0,0,159657,39.96
17/11/2011,0,0,70.8(-6.96 %),0,0,0,0,159657,39.96
18/11/2011,0,0,65.9(-6.92 %),0,0,0,0,159657,39.96
21/11/2011,0,0,69(4.70 %),0,0,0,0,159657,39.96
22/11/2011,-800,-55200000,69(0.00 %),0,0,800,55200000,160457,39.92
23/11/2011,0,0,69(0.00 %),0,0,0,0,160457,39.92
24/11/2011,0,0,69(0.00 %),0,0,0,0,160457,39.92
25/11/2011,0,0,73.8(6.96 %),0,0,0,0,160457,39.92
28/11/2011,0,0,73.5(4.11 %),0,0,0,0,160457,39.92
29/11/2011,0,0,73.5(0.00 %),0,0,0,0,160457,39.92
30/11/2011,0,0,73.5(0.00 %),0,0,0,0,160457,39.92
01/12/2011,0,0,73.5(0.00 %),0,0,0,0,160457,39.92
02/12/2011,0,0,68.4(-6.94 %),0,0,0,0,160457,39.92
05/12/2011,0,0,64.1(-6.29 %),0,0,0,0,160457,39.92
06/12/2011,-100,-6000000,68.5(6.86 %),0,0,100,6000000,160557,39.91
07/12/2011,0,0,68(5.75 %),0,0,0,0,160557,39.91
08/12/2011,0,0,68(0.00 %),0,0,0,0,160557,39.91
09/12/2011,0,0,68(0.00 %),0,0,0,0,160557,39.91
12/12/2011,0,0,68(0.00 %),0,0,0,0,160557,39.91
13/12/2011,0,0,68(0.00 %),0,0,0,0,160557,39.91
14/12/2011,0,0,68(0.00 %),0,0,0,0,160557,39.91
15/12/2011,0,0,68(0.00 %),0,0,0,0,160557,39.91
16/12/2011,0,0,68(0.00 %),0,0,0,0,160557,39.91
19/12/2011,0,0,68(0.00 %),0,0,0,0,160557,39.91
20/12/2011,0,0,63.3(-6.91 %),0,0,0,0,160557,39.91
21/12/2011,0,0,63.3(0.00 %),0,0,0,0,160557,39.91
22/12/2011,0,0,63.3(0.00 %),0,0,0,0,160557,39.91
23/12/2011,0,0,63.3(0.00 %),0,0,0,0,160557,39.91
26/12/2011,0,0,63.3(0.00 %),0,0,0,0,160557,39.91
27/12/2011,0,0,63.3(0.00 %),0,0,0,0,160557,39.91
28/12/2011,0,0,63.3(0.00 %),0,0,0,0,160557,39.91
29/12/2011,0,0,63.3(0.00 %),0,0,0,0,160557,39.91
30/12/2011,0,0,63.3(0.00 %),0,0,0,0,160557,39.91
03/01/2012,0,0,63.3(0.00 %),0,0,0,0,160607,39.91
04/01/2012,0,0,63.3(0.00 %),0,0,0,0,160607,39.91
05/01/2012,0,0,63.3(0.00 %),0,0,0,0,160607,39.91
06/01/2012,0,0,63.3(0.00 %),0,0,0,0,160607,39.91
09/01/2012,0,0,63.3(0.00 %),0,0,0,0,160607,39.91
10/01/2012,0,0,63.3(0.00 %),0,0,0,0,160607,39.91
11/01/2012,0,0,63.3(0.00 %),0,0,0,0,160607,39.91
12/01/2012,0,0,63.3(0.00 %),0,0,0,0,160607,39.91
13/01/2012,0,0,63.3(0.00 %),0,0,0,0,160607,39.91
16/01/2012,0,0,63.3(0.00 %),0,0,0,0,160607,39.91
17/01/2012,0,0,63.3(0.00 %),0,0,0,0,160607,39.91
18/01/2012,0,0,63.3(0.00 %),0,0,0,0,160607,39.91
19/01/2012,0,0,63.3(0.00 %),0,0,0,0,160607,39.91
20/01/2012,0,0,63.3(0.00 %),0,0,0,0,160607,39.91
30/01/2012,0,0,63.3(0.00 %),0,0,0,0,160607,39.91
31/01/2012,0,0,63.3(0.00 %),0,0,0,0,160607,39.91
01/02/2012,0,0,63.3(0.00 %),0,0,0,0,160607,39.91
02/02/2012,0,0,63.3(0.00 %),0,0,0,0,160607,39.91
03/02/2012,0,0,63.3(0.00 %),0,0,0,0,160607,39.91
06/02/2012,0,0,63.3(0.00 %),0,0,0,0,160607,39.91
07/02/2012,0,0,63.3(0.00 %),0,0,0,0,160607,39.91
08/02/2012,0,0,63.3(0.00 %),0,0,0,0,160607,39.91
09/02/2012,0,0,63.3(0.00 %),0,0,0,0,160607,39.91
10/02/2012,0,0,63.3(0.00 %),0,0,0,0,160607,39.91
13/02/2012,0,0,63.3(0.00 %),0,0,0,0,160607,39.91
14/02/2012,0,0,63.3(0.00 %),0,0,0,0,160607,39.91
15/02/2012,0,0,63.3(0.00 %),0,0,0,0,160607,39.91
16/02/2012,600,39600000,63.3(0.00 %),600,39600000,0,0,160007,39.94
17/02/2012,100,6250000,62.5(-5.30 %),100,6250000,0,0,159907,39.95
20/02/2012,0,0,62.5(0.00 %),0,0,0,0,159907,39.95
21/02/2012,0,0,62.5(0.00 %),0,0,0,0,159907,39.95
22/02/2012,0,0,62.5(0.00 %),0,0,0,0,159907,39.95
23/02/2012,0,0,62.5(0.00 %),0,0,0,0,159907,39.95
24/02/2012,0,0,62.5(0.00 %),0,0,0,0,159907,39.95
27/02/2012,0,0,62.5(0.00 %),0,0,0,0,159907,39.95
28/02/2012,0,0,62.5(0.00 %),0,0,0,0,159907,39.95
29/02/2012,0,0,62.5(0.00 %),0,0,0,0,159907,39.95
01/03/2012,0,0,62.5(0.00 %),0,0,0,0,159907,39.95
02/03/2012,100,6500000,65(4.00 %),100,6500000,0,0,159807,39.95
05/03/2012,0,0,65.2(0.31 %),0,0,0,0,159807,39.95
06/03/2012,0,0,65.2(0.00 %),0,0,0,0,159807,39.95
07/03/2012,0,0,65.2(0.00 %),0,0,0,0,159807,39.95
08/03/2012,0,0,65.2(0.00 %),0,0,0,0,159807,39.95
09/03/2012,0,0,65.2(0.00 %),0,0,0,0,159807,39.95
12/03/2012,0,0,60.7(-6.90 %),0,0,0,0,159807,39.95
13/03/2012,0,0,60.7(0.00 %),0,0,0,0,159807,39.95
14/03/2012,0,0,60.7(0.00 %),0,0,0,0,159807,39.95
15/03/2012,0,0,60.7(0.00 %),0,0,0,0,159807,39.95
16/03/2012,0,0,60.7(0.00 %),0,0,0,0,159807,39.95
19/03/2012,0,0,56.5(-6.92 %),0,0,0,0,159807,39.95
20/03/2012,0,0,56.5(0.00 %),0,0,0,0,159807,39.95
21/03/2012,0,0,56.5(0.00 %),0,0,0,0,159807,39.95
22/03/2012,0,0,52.6(-6.90 %),0,0,0,0,159807,39.95
23/03/2012,0,0,52.6(0.00 %),0,0,0,0,159807,39.95
26/03/2012,0,0,52.6(0.00 %),0,0,0,0,159807,39.95
27/03/2012,0,0,52.6(0.00 %),0,0,0,0,159807,39.95
28/03/2012,0,0,52.6(0.00 %),0,0,0,0,159807,39.95
29/03/2012,0,0,52.6(0.00 %),0,0,0,0,159807,39.95
30/03/2012,0,0,49(-6.84 %),0,0,0,0,159807,39.95
03/04/2012,0,0,49(0.00 %),0,0,0,0,159807,39.95
04/04/2012,0,0,49(0.00 %),0,0,0,0,159807,39.95
05/04/2012,0,0,49(0.00 %),0,0,0,0,159807,39.95
06/04/2012,0,0,49(0.00 %),0,0,0,0,159807,39.95
09/04/2012,0,0,50(2.04 %),0,0,0,0,159807,39.95
10/04/2012,0,0,50(0.00 %),0,0,0,0,159807,39.95
11/04/2012,0,0,48(0.00 %),0,0,0,0,159807,39.95
12/04/2012,0,0,48(0.00 %),0,0,0,0,159807,39.95
13/04/2012,0,0,48(0.00 %),0,0,0,0,159807,39.95
16/04/2012,0,0,48(0.00 %),0,0,0,0,159807,39.95
17/04/2012,0,0,48(0.00 %),0,0,0,0,159807,39.95
18/04/2012,0,0,48(0.00 %),0,0,0,0,159807,39.95
19/04/2012,0,0,48(0.00 %),0,0,0,0,159807,39.95
20/04/2012,0,0,48(0.00 %),0,0,0,0,159807,39.95
23/04/2012,0,0,48(0.00 %),0,0,0,0,159807,39.95
24/04/2012,0,0,51.3(6.87 %),100,5130000,100,5130000,159807,39.95
25/04/2012,200,10800000,54(5.26 %),300,16200000,100,5400000,159607,39.96
26/04/2012,100,5600000,56(3.70 %),100,5600000,0,0,159507,39.97
27/04/2012,0,0,56(0.00 %),0,0,0,0,159507,39.97
02/05/2012,0,0,56(0.00 %),0,0,0,0,159407,39.98
03/05/2012,0,0,59.9(6.96 %),0,0,0,0,159407,39.98
04/05/2012,0,0,64(6.84 %),0,0,0,0,159407,39.98
07/05/2012,100,6500000,65(1.56 %),100,6500000,0,0,159307,39.98
08/05/2012,100,6800000,68(4.62 %),100,6800000,0,0,159207,39.99
09/05/2012,500,34500000,69(1.47 %),500,34500000,0,0,158707,40.01
10/05/2012,1000,69000000,69(0.00 %),1000,69000000,0,0,157707,40.07
11/05/2012,500,34500000,69(0.00 %),500,34500000,0,0,157207,40.1
14/05/2012,0,0,69(0.00 %),0,0,0,0,157207,40.1
15/05/2012,0,0,69(0.00 %),0,0,0,0,157207,40.1
16/05/2012,0,0,69(0.00 %),0,0,0,0,157207,40.1
17/05/2012,0,0,69(0.00 %),0,0,0,0,157207,40.1
18/05/2012,0,0,64.2(-6.96 %),100,6420000,100,6420000,157207,40.1
21/05/2012,0,0,62(-3.43 %),100,6200000,100,6200000,157207,40.1
22/05/2012,0,0,62(0.00 %),100,6200000,100,6200000,157207,40.1
23/05/2012,100,6630000,66.3(6.94 %),100,6630000,0,0,157107,40.11
24/05/2012,0,0,66.3(0.00 %),0,0,0,0,157107,40.11
25/05/2012,0,0,66.3(0.00 %),0,0,0,0,157107,40.11
28/05/2012,0,0,66.3(0.00 %),0,0,0,0,157107,40.11
29/05/2012,0,0,66.3(0.00 %),0,0,0,0,157107,40.11
30/05/2012,0,0,66.3(0.00 %),0,0,0,0,157107,40.11
31/05/2012,0,0,66.3(0.00 %),0,0,0,0,157107,40.11
01/06/2012,0,0,70.9(6.94 %),0,0,0,0,157207,40.1
04/06/2012,0,0,70.9(0.00 %),0,0,0,0,157207,40.1
05/06/2012,0,0,70.9(0.00 %),0,0,0,0,157207,40.1
06/06/2012,0,0,70.9(0.00 %),0,0,0,0,157207,40.1
07/06/2012,0,0,70.9(0.00 %),0,0,0,0,157207,40.1
08/06/2012,0,0,70.9(0.00 %),0,0,0,0,157207,40.1
11/06/2012,0,0,70.9(0.00 %),0,0,0,0,157207,40.1
12/06/2012,100,7580000,75.8(6.91 %),100,7580000,0,0,157107,40.11
13/06/2012,0,0,75.8(0.00 %),0,0,0,0,157107,40.11
14/06/2012,0,0,75.8(0.00 %),0,0,0,0,157107,40.11
15/06/2012,-100,-8110000,81.1(6.99 %),0,0,100,8110000,157207,40.1
18/06/2012,0,0,86.7(6.91 %),0,0,0,0,157207,40.1
19/06/2012,0,0,86.7(0.00 %),0,0,0,0,157207,40.1
20/06/2012,0,0,86.7(0.00 %),0,0,0,0,157207,40.1
21/06/2012,0,0,86.7(0.00 %),0,0,0,0,157207,40.1
22/06/2012,0,0,86.7(0.00 %),0,0,0,0,157207,40.1
25/06/2012,0,0,86.7(0.00 %),0,0,0,0,157207,40.1
26/06/2012,0,0,86.7(0.00 %),0,0,0,0,157207,40.1
27/06/2012,0,0,86.7(0.00 %),0,0,0,0,157207,40.1
28/06/2012,0,0,86.7(0.00 %),0,0,0,0,157207,40.1
29/06/2012,0,0,86.7(0.00 %),0,0,0,0,157207,40.1
02/07/2012,0,0,86.7(0.00 %),0,0,0,0,157207,40.1
03/07/2012,0,0,86.7(0.00 %),0,0,0,0,157207,40.1
04/07/2012,0,0,86.7(0.00 %),0,0,0,0,157207,40.1
05/07/2012,0,0,86.7(0.00 %),0,0,0,0,157207,40.1
06/07/2012,0,0,86.7(0.00 %),0,0,0,0,157207,40.1
09/07/2012,0,0,86.7(0.00 %),0,0,0,0,157207,40.1
10/07/2012,0,0,86.7(0.00 %),0,0,0,0,157207,40.1
11/07/2012,0,0,86.7(0.00 %),0,0,0,0,157207,40.1
12/07/2012,0,0,86.7(0.00 %),0,0,0,0,157207,40.1
13/07/2012,0,0,86.7(0.00 %),0,0,0,0,157207,40.1
16/07/2012,0,0,86.7(0.00 %),0,0,0,0,157207,40.1
17/07/2012,0,0,86.7(0.00 %),0,0,0,0,157207,40.1
18/07/2012,0,0,86.7(0.00 %),0,0,0,0,157207,40.1
19/07/2012,0,0,86.7(0.00 %),0,0,0,0,157207,40.1
20/07/2012,0,0,86.7(0.00 %),0,0,0,0,157207,40.1
23/07/2012,0,0,86.7(0.00 %),0,0,0,0,157207,40.1
24/07/2012,0,0,86.7(0.00 %),0,0,0,0,157207,40.1
25/07/2012,0,0,86.7(0.00 %),0,0,0,0,157207,40.1
26/07/2012,0,0,86.7(0.00 %),0,0,0,0,157207,40.1
27/07/2012,0,0,86.7(0.00 %),0,0,0,0,157207,40.1
30/07/2012,0,0,86.7(0.00 %),0,0,0,0,157207,40.1
31/07/2012,0,0,86.7(0.00 %),0,0,0,0,157207,40.1
01/08/2012,0,0,86.7(0.00 %),0,0,0,0,157207,40.1
02/08/2012,0,0,86.7(0.00 %),0,0,0,0,157207,40.1
03/08/2012,0,0,86.7(0.00 %),0,0,0,0,157207,40.1
06/08/2012,0,0,86.7(0.00 %),0,0,0,0,157207,40.1
07/08/2012,0,0,86.7(0.00 %),0,0,0,0,157207,40.1
08/08/2012,0,0,86.7(0.00 %),0,0,0,0,157207,40.1
09/08/2012,0,0,86.7(0.00 %),0,0,0,0,157207,40.1
10/08/2012,0,0,86.7(0.00 %),0,0,0,0,157207,40.1
13/08/2012,0,0,86.7(0.00 %),0,0,0,0,157207,40.1
14/08/2012,0,0,86.7(0.00 %),0,0,0,0,157207,40.1
15/08/2012,0,0,86.7(0.00 %),0,0,0,0,157207,40.1
16/08/2012,0,0,86.7(0.00 %),0,0,0,0,157207,40.1
17/08/2012,0,0,86.7(0.00 %),0,0,0,0,157207,40.1
20/08/2012,0,0,86.7(0.00 %),0,0,0,0,157207,40.1
21/08/2012,0,0,86.7(0.00 %),0,0,0,0,157207,40.1
22/08/2012,0,0,86.7(0.00 %),0,0,0,0,157207,40.1
23/08/2012,12600,1016820000,80.7(-6.92 %),12600,1016820000,0,0,144607,40.81
24/08/2012,0,0,80.7(0.00 %),0,0,0,0,144607,40.81
27/08/2012,0,0,80.7(0.00 %),0,0,0,0,144607,40.81
28/08/2012,0,0,80.7(0.00 %),0,0,0,0,144607,40.81
29/08/2012,0,0,80.7(0.00 %),0,0,0,0,144607,40.81
30/08/2012,0,0,80.7(0.00 %),0,0,0,0,144607,40.81
31/08/2012,0,0,80.7(0.00 %),0,0,0,0,144607,40.81
04/09/2012,0,0,80.7(0.00 %),0,0,0,0,144607,40.81
05/09/2012,0,0,80.7(0.00 %),0,0,0,0,144607,40.81
06/09/2012,0,0,80.7(0.00 %),0,0,0,0,144607,40.81
07/09/2012,0,0,80.7(0.00 %),0,0,0,0,144607,40.81
10/09/2012,0,0,80.7(0.00 %),0,0,0,0,144607,40.81
11/09/2012,0,0,80.7(0.00 %),0,0,0,0,144607,40.81
12/09/2012,0,0,80.7(0.00 %),0,0,0,0,144607,40.81
13/09/2012,0,0,80.7(0.00 %),0,0,0,0,144607,40.81
14/09/2012,0,0,80.7(0.00 %),0,0,0,0,144607,40.81
17/09/2012,0,0,75.1(-6.94 %),0,0,0,0,144607,40.81
18/09/2012,0,0,69.9(-6.92 %),0,0,0,0,144607,40.81
19/09/2012,0,0,69.9(0.00 %),0,0,0,0,144607,40.81
20/09/2012,0,0,65.1(-6.87 %),0,0,0,0,144607,40.81
21/09/2012,0,0,62(-4.76 %),0,0,0,0,144607,40.81
24/09/2012,-100,-6500000,65(4.84 %),0,0,100,6500000,144707,40.81
25/09/2012,0,0,68(4.62 %),100,6800000,100,6800000,144707,40.81
26/09/2012,0,0,68(0.00 %),0,0,0,0,144707,40.81
27/09/2012,0,0,68(0.00 %),0,0,0,0,144707,40.81
28/09/2012,0,0,68(0.00 %),0,0,0,0,144707,40.81
01/10/2012,0,0,68(0.00 %),0,0,0,0,144707,40.81
02/10/2012,900,61200000,68(0.00 %),900,61200000,0,0,143807,40.86
03/10/2012,0,0,68(0.00 %),0,0,0,0,143807,40.86
04/10/2012,0,0,68(0.00 %),0,0,0,0,143807,40.86
05/10/2012,0,0,68(0.00 %),0,0,0,0,143807,40.86
08/10/2012,0,0,68(0.00 %),0,0,0,0,143807,40.86
09/10/2012,0,0,68(0.00 %),0,0,0,0,143807,40.86
10/10/2012,0,0,68(0.00 %),0,0,0,0,143807,40.86
11/10/2012,0,0,68(0.00 %),0,0,0,0,143807,40.86
12/10/2012,400,26800000,67(-1.47 %),400,26800000,0,0,143407,40.88
15/10/2012,100,6700000,67(0.00 %),100,6700000,0,0,143307,40.89
16/10/2012,0,0,67(0.00 %),0,0,0,0,143307,40.89
17/10/2012,0,0,67(0.00 %),0,0,0,0,143307,40.89
18/10/2012,0,0,67(0.00 %),0,0,0,0,143307,40.89
19/10/2012,500,33500000,67(0.00 %),500,33500000,0,0,142807,40.91
22/10/2012,1500,100500000,67(0.00 %),1500,100500000,0,0,141307,41.0
23/10/2012,0,0,67(0.00 %),0,0,0,0,141307,41.0
24/10/2012,0,0,67(0.00 %),0,0,0,0,141307,41.0
25/10/2012,0,0,67(0.00 %),0,0,0,0,141307,41.0
26/10/2012,0,0,67(0.00 %),0,0,0,0,141307,41.0
29/10/2012,0,0,67(0.00 %),0,0,0,0,141307,41.0
30/10/2012,0,0,67(0.00 %),0,0,0,0,141307,41.0
31/10/2012,0,0,67(0.00 %),0,0,0,0,141307,41.0
01/11/2012,0,0,67(0.00 %),0,0,0,0,141307,41.0
02/11/2012,0,0,67(0.00 %),0,0,0,0,141307,41.0
05/11/2012,0,0,67(0.00 %),0,0,0,0,141307,41.0
06/11/2012,0,0,67(0.00 %),0,0,0,0,141307,41.0
07/11/2012,0,0,67(0.00 %),0,0,0,0,141307,41.0
08/11/2012,0,0,67(0.00 %),0,0,0,0,141307,41.0
09/11/2012,0,0,67(0.00 %),0,0,0,0,141307,41.0
12/11/2012,0,0,67(0.00 %),0,0,0,0,141307,41.0
13/11/2012,0,0,67(0.00 %),0,0,0,0,141307,41.0
14/11/2012,0,0,67(0.00 %),0,0,0,0,141307,41.0
15/11/2012,0,0,67(0.00 %),0,0,0,0,141307,41.0
16/11/2012,0,0,67(0.00 %),0,0,0,0,141307,41.0
19/11/2012,0,0,67(0.00 %),0,0,0,0,141307,41.0
20/11/2012,0,0,67(0.00 %),0,0,0,0,141307,41.0
21/11/2012,0,0,67(0.00 %),0,0,0,0,141307,41.0
22/11/2012,0,0,67(0.00 %),0,0,0,0,141307,41.0
23/11/2012,0,0,67(0.00 %),0,0,0,0,141307,41.0
26/11/2012,0,0,67(0.00 %),0,0,0,0,141307,41.0
27/11/2012,0,0,67(0.00 %),0,0,0,0,141307,41.0
28/11/2012,0,0,67(0.00 %),79200,4942080000,79200,4942080000,141307,41.0
29/11/2012,0,0,67(0.00 %),0,0,0,0,141307,41.0
30/11/2012,0,0,67(0.00 %),0,0,0,0,141307,41.0
03/12/2012,0,0,67(0.00 %),0,0,0,0,141307,41.0
04/12/2012,0,0,67(0.00 %),0,0,0,0,141307,41.0
05/12/2012,0,0,67(0.00 %),0,0,0,0,141307,41.0
06/12/2012,0,0,67(0.00 %),0,0,0,0,141307,41.0
07/12/2012,0,0,67(0.00 %),0,0,0,0,141307,41.0
10/12/2012,0,0,67(0.00 %),0,0,0,0,141307,41.0
11/12/2012,0,0,67(0.00 %),0,0,0,0,141307,41.0
12/12/2012,0,0,67(0.00 %),0,0,0,0,141307,41.0
13/12/2012,0,0,67(0.00 %),0,0,0,0,141307,41.0
14/12/2012,0,0,67(0.00 %),0,0,0,0,141307,41.0
17/12/2012,0,0,67(0.00 %),0,0,0,0,141307,41.0
18/12/2012,0,0,67(0.00 %),0,0,0,0,141307,41.0
19/12/2012,0,0,67(0.00 %),0,0,0,0,141307,41.0
20/12/2012,0,0,67(0.00 %),0,0,0,0,141307,41.0
21/12/2012,0,0,67(0.00 %),0,0,0,0,141307,41.0
24/12/2012,0,0,67(0.00 %),0,0,0,0,141307,41.0
25/12/2012,0,0,67(0.00 %),0,0,0,0,141307,41.0
26/12/2012,0,0,67(0.00 %),0,0,0,0,141307,41.0
27/12/2012,0,0,67(0.00 %),0,0,0,0,141307,41.0
28/12/2012,0,0,67(0.00 %),0,0,0,0,141307,41.0
02/01/2013,0,0,67(0.00 %),0,0,0,0,141307,41.0
03/01/2013,0,0,67(0.00 %),0,0,0,0,141307,41.0
04/01/2013,0,0,67(0.00 %),0,0,0,0,141307,41.0
07/01/2013,0,0,67(0.00 %),0,0,0,0,141307,41.0
08/01/2013,0,0,67(0.00 %),0,0,0,0,141307,41.0
09/01/2013,0,0,67(0.00 %),0,0,0,0,141307,41.0
10/01/2013,0,0,62.4(-6.87 %),0,0,0,0,141307,41.0
11/01/2013,0,0,62.4(0.00 %),0,0,0,0,141307,41.0
14/01/2013,0,0,62.4(0.00 %),0,0,0,0,141307,41.0
15/01/2013,0,0,62.4(0.00 %),0,0,0,0,141307,41.0
16/01/2013,0,0,62.4(0.00 %),0,0,0,0,141307,41.0
17/01/2013,0,0,62.4(0.00 %),0,0,0,0,141307,41.0
18/01/2013,0,0,62.4(0.00 %),0,0,0,0,141307,41.0
21/01/2013,0,0,62.4(0.00 %),0,0,0,0,141307,41.0
22/01/2013,0,0,62.4(0.00 %),0,0,0,0,141307,41.0
23/01/2013,0,0,62.4(0.00 %),0,0,0,0,141307,41.0
24/01/2013,0,0,62.4(0.00 %),0,0,0,0,141307,41.0
25/01/2013,0,0,62.4(0.00 %),0,0,0,0,141307,41.0
28/01/2013,0,0,62.4(0.00 %),0,0,0,0,141307,41.0
29/01/2013,0,0,62.4(0.00 %),0,0,0,0,141307,41.0
30/01/2013,2000,137200000,68.6(9.94 %),2000,137200000,0,0,139307,41.11
31/01/2013,8000,573000000,72(4.96 %),8000,573000000,0,0,131307,41.57
01/02/2013,0,0,72(0.00 %),0,0,0,0,131307,41.57
04/02/2013,0,0,72(0.00 %),0,0,0,0,131307,41.57
05/02/2013,0,0,72(0.00 %),0,0,0,0,131307,41.57
06/02/2013,0,0,72(0.00 %),0,0,0,0,131307,41.57
07/02/2013,0,0,72(0.00 %),0,0,0,0,131307,41.57
08/02/2013,0,0,72(0.00 %),0,0,0,0,131307,41.57
18/02/2013,0,0,72(0.00 %),0,0,0,0,131307,41.57
19/02/2013,0,0,72(0.00 %),0,0,0,0,131307,41.57
20/02/2013,0,0,72(0.00 %),0,0,0,0,131307,41.57
21/02/2013,0,0,72(0.00 %),0,0,0,0,131307,41.57
22/02/2013,0,0,72(0.00 %),0,0,0,0,131307,41.57
25/02/2013,500,36500000,73(1.39 %),500,36500000,0,0,130807,41.59
26/02/2013,0,0,73(0.00 %),0,0,0,0,130807,41.59
27/02/2013,0,0,73(0.00 %),0,0,0,0,130807,41.59
28/02/2013,0,0,73(0.00 %),92380,6651360000,92380,6651360000,130807,41.59
01/03/2013,0,0,73(0.00 %),0,0,0,0,130807,41.59
04/03/2013,0,0,73(0.00 %),0,0,0,0,130807,41.59
05/03/2013,0,0,73(0.00 %),0,0,0,0,130807,41.59
06/03/2013,0,0,73(0.00 %),0,0,0,0,130807,41.59
07/03/2013,0,0,73(0.00 %),0,0,0,0,130807,41.59
08/03/2013,0,0,73(0.00 %),0,0,0,0,130807,41.59
11/03/2013,0,0,73(0.00 %),292000,21024000000,292000,21024000000,130807,41.59
12/03/2013,0,0,73(0.00 %),0,0,0,0,130807,41.59
13/03/2013,0,0,73(0.00 %),0,0,0,0,130807,41.59
14/03/2013,0,0,73(0.00 %),0,0,0,0,130807,41.59
15/03/2013,0,0,73(0.00 %),0,0,0,0,130807,41.59
18/03/2013,0,0,73(0.00 %),0,0,0,0,130807,41.59
19/03/2013,0,0,73(0.00 %),0,0,0,0,130807,41.59
20/03/2013,0,0,73(0.00 %),0,0,0,0,130807,41.59
21/03/2013,0,0,73(0.00 %),0,0,0,0,130807,41.59
22/03/2013,0,0,73(0.00 %),0,0,0,0,130807,41.59
25/03/2013,0,0,73(0.00 %),0,0,0,0,130807,41.59
26/03/2013,0,0,73(0.00 %),0,0,0,0,130807,41.59
27/03/2013,0,0,73(0.00 %),0,0,0,0,130807,41.59
28/03/2013,0,0,73(0.00 %),0,0,0,0,130807,41.59
29/03/2013,0,0,73(0.00 %),0,0,0,0,130807,41.59
01/04/2013,0,0,73(0.00 %),0,0,0,0,130807,41.59
02/04/2013,0,0,73(0.00 %),0,0,0,0,130807,41.59
03/04/2013,0,0,73(0.00 %),0,0,0,0,130807,41.59
04/04/2013,0,0,73(0.00 %),0,0,0,0,130807,41.59
05/04/2013,0,0,73(0.00 %),0,0,0,0,130807,41.59
08/04/2013,0,0,73(0.00 %),0,0,0,0,130807,41.59
09/04/2013,0,0,72(0.00 %),0,0,0,0,130807,41.59
10/04/2013,0,0,72(0.00 %),0,0,0,0,130807,41.59
11/04/2013,0,0,72(0.00 %),0,0,0,0,130807,41.59
12/04/2013,0,0,72(0.00 %),0,0,0,0,130807,41.59
15/04/2013,0,0,72(0.00 %),0,0,0,0,130807,41.59
16/04/2013,0,0,72(0.00 %),0,0,0,0,130807,41.59
17/04/2013,0,0,72(0.00 %),0,0,0,0,130807,41.59
18/04/2013,0,0,72(0.00 %),0,0,0,0,130807,41.59
22/04/2013,0,0,72(0.00 %),0,0,0,0,130807,41.59
23/04/2013,0,0,72(0.00 %),0,0,0,0,130807,41.59
24/04/2013,0,0,72(0.00 %),0,0,0,0,130807,41.59
25/04/2013,0,0,72(0.00 %),0,0,0,0,130807,41.59
26/04/2013,0,0,72(0.00 %),0,0,0,0,130807,41.59
02/05/2013,0,0,72(0.00 %),0,0,0,0,130807,41.59
03/05/2013,0,0,72(0.00 %),0,0,0,0,130807,41.59
06/05/2013,0,0,72(0.00 %),0,0,0,0,130807,41.59
07/05/2013,0,0,72(0.00 %),0,0,0,0,130807,41.59
08/05/2013,0,0,72(0.00 %),0,0,0,0,130807,41.59
09/05/2013,0,0,72(0.00 %),0,0,0,0,130807,41.59
10/05/2013,0,0,72(0.00 %),0,0,0,0,130807,41.59
13/05/2013,0,0,72(0.00 %),0,0,0,0,130807,41.59
14/05/2013,0,0,72(0.00 %),0,0,0,0,130807,41.59
15/05/2013,0,0,72(0.00 %),0,0,0,0,130807,41.59
16/05/2013,0,0,72(0.00 %),0,0,0,0,130807,41.59
17/05/2013,0,0,72(0.00 %),0,0,0,0,130807,41.59
20/05/2013,0,0,0(0.00 %),0,0,0,0,130807,41.59
21/05/2013,0,0,72(0.00 %),0,0,0,0,130807,41.59
22/05/2013,0,0,72(0.00 %),0,0,0,0,130807,41.59
23/05/2013,0,0,72(0.00 %),0,0,0,0,130807,41.59
24/05/2013,0,0,72(0.00 %),0,0,0,0,130807,41.59
27/05/2013,0,0,72(0.00 %),0,0,0,0,130807,41.59
28/05/2013,0,0,72(0.00 %),0,0,0,0,130807,41.59
29/05/2013,0,0,72(0.00 %),0,0,0,0,130807,41.59
30/05/2013,0,0,72(0.00 %),0,0,0,0,130807,41.59
31/05/2013,0,0,72(0.00 %),0,0,0,0,130807,41.59
03/06/2013,0,0,72(0.00 %),0,0,0,0,130807,41.59
04/06/2013,0,0,72(0.00 %),0,0,0,0,130807,41.59
05/06/2013,0,0,72(0.00 %),0,0,0,0,130807,41.59
06/06/2013,0,0,72(0.00 %),0,0,0,0,130807,41.59
07/06/2013,0,0,72(0.00 %),0,0,0,0,130807,41.59
10/06/2013,0,0,72(0.00 %),0,0,0,0,130807,41.59
11/06/2013,0,0,72(0.00 %),0,0,0,0,130807,41.59
12/06/2013,0,0,72(0.00 %),0,0,0,0,130807,41.59
13/06/2013,0,0,72(0.00 %),0,0,0,0,130807,41.59
14/06/2013,0,0,72(0.00 %),0,0,0,0,130807,41.59
17/06/2013,0,0,72(0.00 %),0,0,0,0,130807,41.59
18/06/2013,0,0,72(0.00 %),0,0,0,0,130807,41.59
19/06/2013,0,0,72(0.00 %),0,0,0,0,130807,41.59
20/06/2013,0,0,72(0.00 %),0,0,0,0,130807,41.59
21/06/2013,0,0,72(0.00 %),0,0,0,0,130807,41.59
24/06/2013,0,0,72(0.00 %),0,0,0,0,130807,41.59
25/06/2013,0,0,72(0.00 %),0,0,0,0,130807,41.59
26/06/2013,0,0,72(0.00 %),0,0,0,0,130807,41.59
27/06/2013,0,0,72(0.00 %),0,0,0,0,130807,41.59
28/06/2013,0,0,72(0.00 %),0,0,0,0,130807,41.59
01/07/2013,0,0,72(0.00 %),0,0,0,0,130807,41.59
02/07/2013,0,0,72(0.00 %),0,0,0,0,130807,41.59
03/07/2013,0,0,72(0.00 %),0,0,0,0,130807,41.59
04/07/2013,0,0,0(0.00 %),0,0,0,0,130807,41.59
05/07/2013,0,0,72(0.00 %),0,0,0,0,130807,41.59
08/07/2013,0,0,72(0.00 %),0,0,0,0,130807,41.59
09/07/2013,0,0,72(0.00 %),0,0,0,0,130807,41.59
10/07/2013,0,0,79.2(10.00 %),0,0,0,0,130807,41.59
11/07/2013,0,0,79.2(0.00 %),0,0,0,0,130807,41.59
12/07/2013,0,0,87.1(9.97 %),0,0,0,0,130807,41.59
15/07/2013,0,0,93.5(7.35 %),0,0,0,0,130807,41.59
16/07/2013,0,0,93.5(0.00 %),0,0,0,0,130807,41.59
17/07/2013,0,0,93.5(0.00 %),0,0,0,0,130807,41.59
18/07/2013,0,0,93.5(0.00 %),0,0,0,0,130807,41.59
19/07/2013,0,0,93.5(0.00 %),0,0,0,0,130807,41.59
22/07/2013,0,0,93.5(0.00 %),0,0,0,0,130807,41.59
23/07/2013,0,0,93.5(0.00 %),0,0,0,0,130807,41.59
24/07/2013,0,0,93.5(0.00 %),0,0,0,0,130807,41.59
25/07/2013,0,0,93.5(0.00 %),0,0,0,0,130807,41.59
26/07/2013,0,0,93.5(0.00 %),0,0,0,0,130807,41.59
29/07/2013,0,0,93.5(0.00 %),0,0,0,0,130807,41.59
30/07/2013,0,0,93.5(0.00 %),0,0,0,0,130807,41.59
31/07/2013,0,0,93.5(0.00 %),0,0,0,0,130807,41.59
01/08/2013,0,0,93.5(0.00 %),0,0,0,0,130807,41.59
02/08/2013,0,0,93.5(0.00 %),0,0,0,0,130807,41.59
05/08/2013,0,0,93.5(0.00 %),0,0,0,0,130807,41.59
06/08/2013,0,0,93.5(0.00 %),0,0,0,0,130807,41.59
07/08/2013,0,0,99(5.88 %),0,0,0,0,130807,41.59
08/08/2013,0,0,0(0.00 %),0,0,0,0,130807,41.59
09/08/2013,0,0,0(0.00 %),0,0,0,0,130807,41.59
12/08/2013,0,0,99(0.00 %),0,0,0,0,130807,41.59
13/08/2013,0,0,99(0.00 %),0,0,0,0,130807,41.59
14/08/2013,0,0,0(0.00 %),0,0,0,0,130807,41.59
15/08/2013,0,0,0(0.00 %),0,0,0,0,130807,41.59
16/08/2013,0,0,0(0.00 %),0,0,0,0,130807,41.59
19/08/2013,0,0,0(0.00 %),0,0,0,0,130807,41.59
20/08/2013,0,0,0(0.00 %),0,0,0,0,130807,41.59
21/08/2013,0,0,0(0.00 %),0,0,0,0,130807,41.59
22/08/2013,0,0,0(0.00 %),0,0,0,0,130807,41.59
23/08/2013,0,0,0(0.00 %),0,0,0,0,130807,41.59
26/08/2013,0,0,0(0.00 %),0,0,0,0,130807,41.59
27/08/2013,0,0,0(0.00 %),0,0,0,0,130807,41.59
28/08/2013,0,0,0(0.00 %),0,0,0,0,130807,41.59
29/08/2013,0,0,0(0.00 %),0,0,0,0,130807,41.59
30/08/2013,0,0,0(0.00 %),0,0,0,0,130807,41.59
04/09/2013,0,0,0(0.00 %),0,0,0,0,130807,41.59
05/09/2013,0,0,0(0.00 %),0,0,0,0,130807,41.59
06/09/2013,0,0,0(0.00 %),0,0,0,0,130807,41.59
09/09/2013,0,0,0(0.00 %),0,0,0,0,130807,41.59
10/09/2013,0,0,0(0.00 %),0,0,0,0,130807,41.59
11/09/2013,0,0,0(0.00 %),0,0,0,0,130807,41.59
12/09/2013,0,0,0(0.00 %),0,0,0,0,130807,41.59
13/09/2013,0,0,0(0.00 %),0,0,0,0,130807,41.59
16/09/2013,0,0,0(0.00 %),0,0,0,0,130807,41.59
17/09/2013,0,0,0(0.00 %),0,0,0,0,130807,41.59
18/09/2013,0,0,0(0.00 %),0,0,0,0,130807,41.59
19/09/2013,0,0,0(0.00 %),0,0,0,0,130807,41.59
20/09/2013,0,0,0(0.00 %),0,0,0,0,130807,41.59
23/09/2013,0,0,0(0.00 %),0,0,0,0,130807,41.59
24/09/2013,0,0,0(0.00 %),0,0,0,0,130807,41.59
25/09/2013,0,0,0(0.00 %),0,0,0,0,130807,41.59
26/09/2013,0,0,0(0.00 %),0,0,0,0,130807,41.59
30/09/2013,0,0,0(0.00 %),0,0,0,0,130807,41.59
01/10/2013,0,0,0(0.00 %),0,0,0,0,130807,41.59
02/10/2013,0,0,0(0.00 %),0,0,0,0,130807,41.59
03/10/2013,0,0,0(0.00 %),0,0,0,0,130807,41.59
04/10/2013,0,0,0(0.00 %),0,0,0,0,130807,41.59
07/10/2013,0,0,0(0.00 %),0,0,0,0,130807,41.59
08/10/2013,0,0,0(0.00 %),0,0,0,0,130807,41.59
09/10/2013,0,0,0(0.00 %),0,0,0,0,130807,41.59
10/10/2013,0,0,0(0.00 %),0,0,0,0,130807,41.59
11/10/2013,0,0,0(0.00 %),0,0,0,0,130807,41.59
15/10/2013,0,0,0(0.00 %),0,0,0,0,130807,41.59
16/10/2013,0,0,0(0.00 %),0,0,0,0,130807,41.59
17/10/2013,0,0,0(0.00 %),0,0,0,0,130807,41.59
18/10/2013,0,0,0(0.00 %),0,0,0,0,130807,41.59
21/10/2013,0,0,99(0.00 %),0,0,0,0,130807,41.59
22/10/2013,0,0,99(0.00 %),0,0,0,0,130807,41.59
23/10/2013,0,0,99(0.00 %),0,0,0,0,130807,41.59
24/10/2013,0,0,99(0.00 %),0,0,0,0,130807,41.59
25/10/2013,0,0,99(0.00 %),0,0,0,0,130807,41.59
28/10/2013,0,0,99(0.00 %),0,0,0,0,130807,41.59
29/10/2013,0,0,99(0.00 %),0,0,0,0,130807,41.59
30/10/2013,0,0,99(0.00 %),0,0,0,0,130807,41.59
31/10/2013,0,0,99(0.00 %),0,0,0,0,130807,41.59
01/11/2013,0,0,99(0.00 %),0,0,0,0,130807,41.59
04/11/2013,0,0,99(0.00 %),0,0,0,0,130807,41.59
05/11/2013,0,0,99(0.00 %),0,0,0,0,130807,41.59
06/11/2013,0,0,99(0.00 %),0,0,0,0,130807,41.59
07/11/2013,0,0,99(0.00 %),0,0,0,0,130807,41.59
08/11/2013,0,0,99(0.00 %),0,0,0,0,130807,41.59
11/11/2013,0,0,99(0.00 %),0,0,0,0,130807,41.59
12/11/2013,0,0,99(0.00 %),0,0,0,0,130807,41.59
13/11/2013,0,0,99(0.00 %),0,0,0,0,130807,41.59
14/11/2013,0,0,99(0.00 %),0,0,0,0,130807,41.59
15/11/2013,0,0,99(0.00 %),0,0,0,0,130807,41.59
18/11/2013,0,0,99(0.00 %),0,0,0,0,130807,41.59
19/11/2013,0,0,99(0.00 %),0,0,0,0,130807,41.59
20/11/2013,0,0,99(0.00 %),0,0,0,0,130807,41.59
21/11/2013,0,0,99(0.00 %),0,0,0,0,130807,41.59
22/11/2013,0,0,99(0.00 %),0,0,0,0,130807,41.59
25/11/2013,0,0,99(0.00 %),0,0,0,0,130807,41.59
26/11/2013,0,0,99(0.00 %),0,0,0,0,130807,41.59
27/11/2013,0,0,99(0.00 %),0,0,0,0,130807,41.59
28/11/2013,0,0,99(0.00 %),0,0,0,0,130807,41.59
29/11/2013,0,0,99(0.00 %),0,0,0,0,130807,41.59
03/12/2013,0,0,99(0.00 %),0,0,0,0,130807,41.59
04/12/2013,0,0,99(0.00 %),0,0,0,0,130807,41.59
05/12/2013,0,0,99(0.00 %),0,0,0,0,130807,41.59
06/12/2013,0,0,99(0.00 %),0,0,0,0,130807,41.59
09/12/2013,0,0,99(0.00 %),0,0,0,0,130807,41.59
10/12/2013,0,0,99(0.00 %),0,0,0,0,130807,41.59
11/12/2013,0,0,99(0.00 %),0,0,0,0,130807,41.59
12/12/2013,0,0,99(0.00 %),0,0,0,0,130807,41.59
13/12/2013,0,0,99(0.00 %),0,0,0,0,130807,41.59
16/12/2013,0,0,99(0.00 %),0,0,0,0,130807,41.59
17/12/2013,0,0,99(0.00 %),0,0,0,0,130807,41.59
18/12/2013,0,0,99(0.00 %),0,0,0,0,130807,41.59
19/12/2013,0,0,99(0.00 %),0,0,0,0,130807,41.59
20/12/2013,0,0,99(0.00 %),0,0,0,0,130807,41.59
23/12/2013,0,0,99(0.00 %),0,0,0,0,130807,41.59
25/12/2013,0,0,99(0.00 %),0,0,0,0,130807,41.59
26/12/2013,0,0,99(0.00 %),0,0,0,0,130807,41.59
27/12/2013,0,0,99(0.00 %),0,0,0,0,130807,41.59
30/12/2013,100,8910000,89.1(-10.00 %),100,8910000,0,0,130707,41.6
31/12/2013,0,0,89.1(0.00 %),0,0,0,0,130707,41.6
02/01/2014,0,0,89.1(0.00 %),0,0,0,0,130807,41.59
03/01/2014,0,0,89.1(0.00 %),0,0,0,0,130807,41.59
06/01/2014,0,0,89.1(0.00 %),0,0,0,0,130807,41.59
07/01/2014,0,0,89.1(0.00 %),0,0,0,0,130807,41.59
08/01/2014,0,0,89.1(0.00 %),0,0,0,0,130807,41.59
09/01/2014,0,0,89.1(0.00 %),0,0,0,0,130807,41.59
10/01/2014,0,0,89.1(0.00 %),0,0,0,0,130807,41.59
13/01/2014,0,0,89.1(0.00 %),0,0,0,0,130807,41.59
14/01/2014,0,0,89.1(0.00 %),0,0,0,0,130807,41.59
15/01/2014,0,0,89.1(0.00 %),0,0,0,0,130807,41.59
16/01/2014,0,0,89.1(0.00 %),0,0,0,0,130807,41.59
17/01/2014,2000,184000000,92(3.25 %),2000,184000000,0,0,128807,41.71
20/01/2014,5000,459960000,92(0.00 %),5000,459960000,0,0,123807,41.99
21/01/2014,5000,460000000,92(0.00 %),5000,460000000,0,0,118807,42.27
22/01/2014,0,0,92(0.00 %),0,0,0,0,118807,42.27
23/01/2014,0,0,92(0.00 %),0,0,0,0,118807,42.27
24/01/2014,0,0,92(0.00 %),0,0,0,0,118807,42.27
27/01/2014,0,0,92(0.00 %),0,0,0,0,118807,42.27
06/02/2014,0,0,92(0.00 %),0,0,0,0,130807,41.59
07/02/2014,0,0,92(0.00 %),0,0,0,0,130807,41.59
10/02/2014,0,0,92(0.00 %),0,0,0,0,130807,41.59
11/02/2014,0,0,92(0.00 %),0,0,0,0,130807,41.59
12/02/2014,0,0,92(0.00 %),0,0,0,0,130807,41.59
13/02/2014,0,0,92(0.00 %),0,0,0,0,130807,41.59
14/02/2014,0,0,92(0.00 %),0,0,0,0,130807,41.59
17/02/2014,0,0,92(0.00 %),0,0,0,0,130807,41.59
18/02/2014,1600,146800000,94(2.17 %),1800,165600000,200,18800000,129207,41.68
19/02/2014,300,28200000,94(0.00 %),800,75200000,500,47000000,128907,41.7
20/02/2014,100,9400000,94(0.00 %),100,9400000,0,0,128807,41.71
21/02/2014,200,18800000,94(0.00 %),200,18800000,0,0,128607,41.72
24/02/2014,0,0,94(0.00 %),0,0,0,0,128607,41.72
25/02/2014,0,0,94(0.00 %),0,0,0,0,128607,41.72
26/02/2014,400,37600000,94(0.00 %),400,37600000,0,0,128207,41.74
27/02/2014,0,0,94(0.00 %),0,0,0,0,128607,41.72
28/02/2014,400,37600000,94(0.00 %),400,37600000,0,0,128207,41.74
03/03/2014,500,47000000,94(0.00 %),500,47000000,0,0,130807,41.59
04/03/2014,0,0,94(0.00 %),0,0,0,0,130807,41.59
05/03/2014,0,0,94(0.00 %),0,0,0,0,130807,41.59
06/03/2014,0,0,94(0.00 %),0,0,0,0,130807,41.59
07/03/2014,0,0,94(0.00 %),0,0,0,0,130807,41.59
10/03/2014,0,0,94(0.00 %),0,0,0,0,130807,41.59
11/03/2014,0,0,94(0.00 %),0,0,0,0,130807,41.59
12/03/2014,0,0,94(0.00 %),0,0,0,0,130807,41.59
13/03/2014,1000,97000000,97(3.19 %),1000,97000000,0,0,129807,41.65
14/03/2014,0,0,97(0.00 %),0,0,0,0,129807,41.65
17/03/2014,0,0,97(0.00 %),0,0,0,0,129807,41.65
18/03/2014,0,0,97(0.00 %),0,0,0,0,129807,41.65
19/03/2014,0,0,97(0.00 %),0,0,0,0,129807,41.65
20/03/2014,0,0,97(0.00 %),0,0,0,0,129807,41.65
21/03/2014,0,0,97(0.00 %),0,0,0,0,129807,41.65
24/03/2014,0,0,97(0.00 %),0,0,0,0,129807,41.65
25/03/2014,0,0,97(0.00 %),0,0,0,0,129807,41.65
26/03/2014,0,0,97(0.00 %),0,0,0,0,129807,41.65
27/03/2014,0,0,97(0.00 %),0,0,0,0,129807,41.65
28/03/2014,0,0,97(0.00 %),0,0,0,0,129807,41.65
31/03/2014,0,0,97(0.00 %),0,0,0,0,129807,41.65
01/04/2014,0,0,97(0.00 %),0,0,0,0,130807,41.59
02/04/2014,0,0,97(0.00 %),0,0,0,0,130807,41.59
03/04/2014,0,0,97(0.00 %),0,0,0,0,130807,41.59
04/04/2014,0,0,97(0.00 %),0,0,0,0,130807,41.59
07/04/2014,0,0,97(0.00 %),0,0,0,0,130807,41.59
08/04/2014,0,0,97(0.00 %),500,48500000,500,48500000,130807,41.59
10/04/2014,0,0,97(0.00 %),0,0,0,0,130807,41.59
11/04/2014,0,0,97(0.00 %),0,0,0,0,130807,41.59
14/04/2014,0,0,97(0.00 %),0,0,0,0,130807,41.59
15/04/2014,0,0,97(0.00 %),0,0,0,0,130807,41.59
16/04/2014,0,0,97(0.00 %),0,0,0,0,130807,41.59
17/04/2014,0,0,97(0.00 %),0,0,0,0,130807,41.59
18/04/2014,0,0,97(100.00 %),0,0,0,0,130807,41.59
21/04/2014,0,0,97(100.00 %),0,0,0,0,130807,41.59
22/04/2014,0,0,97(100.00 %),0,0,0,0,130807,41.59
23/04/2014,0,0,97(100.00 %),0,0,0,0,130807,41.59
24/04/2014,0,0,97(100.00 %),0,0,0,0,130807,41.59
25/04/2014,0,0,48.5(0.00 %),0,0,0,0,130807,41.59
28/04/2014,0,0,97(100.00 %),0,0,0,0,130807,41.59
29/04/2014,0,0,97(100.00 %),0,0,0,0,130807,41.59
06/05/2014,0,0,97(100.00 %),0,0,0,0,130807,41.59
07/05/2014,0,0,97(100.00 %),0,0,0,0,130807,41.59
08/05/2014,0,0,97(100.00 %),0,0,0,0,130807,41.59
09/05/2014,0,0,97(100.00 %),0,0,0,0,130807,41.59
12/05/2014,0,0,97(100.00 %),0,0,0,0,130807,41.59
13/05/2014,0,0,97(100.00 %),0,0,0,0,130807,41.59
14/05/2014,0,0,97(100.00 %),0,0,0,0,130807,41.59
15/05/2014,0,0,97(100.00 %),0,0,0,0,130807,41.59
16/05/2014,0,0,97(100.00 %),0,0,0,0,130807,41.59
19/05/2014,0,0,97(100.00 %),0,0,0,0,130807,41.59
20/05/2014,0,0,97(100.00 %),0,0,0,0,130807,41.59
21/05/2014,0,0,97(100.00 %),0,0,0,0,130807,41.59
22/05/2014,0,0,97(100.00 %),0,0,0,0,130807,41.59
23/05/2014,0,0,97(100.00 %),0,0,0,0,130807,41.59
26/05/2014,0,0,97(100.00 %),0,0,0,0,130807,41.59
27/05/2014,0,0,97(100.00 %),0,0,0,0,114207,42.53
28/05/2014,0,0,97(100.00 %),0,0,0,0,114207,42.53
29/05/2014,0,0,97(100.00 %),0,0,0,0,114207,42.53
30/05/2014,0,0,97(100.00 %),0,0,0,0,228414,36.07
02/06/2014,0,0,97(100.00 %),0,0,0,0,228414,36.07
03/06/2014,0,0,97(100.00 %),0,0,0,0,228414,36.07
04/06/2014,0,0,97(100.00 %),0,0,0,0,228414,36.07
05/06/2014,0,0,97(100.00 %),0,0,0,0,228414,36.07
06/06/2014,0,0,97(100.00 %),0,0,0,0,228414,36.07
09/06/2014,0,0,97(100.00 %),0,0,0,0,228414,36.07
10/06/2014,0,0,97(100.00 %),0,0,0,0,228414,36.07
11/06/2014,0,0,97(100.00 %),0,0,0,0,228414,42.53
12/06/2014,0,0,97(100.00 %),0,0,0,0,228414,42.53
13/06/2014,100,4850000,48.5(0.00 %),100,4850000,0,0,228414,42.53
16/06/2014,0,0,48.5(0.00 %),0,0,0,0,228314,42.54
17/06/2014,100,4850000,48.5(0.00 %),100,4850000,0,0,228214,42.54
18/06/2014,0,0,48.5(0.00 %),0,0,0,0,228214,42.54
19/06/2014,0,0,48.5(0.00 %),0,0,0,0,228214,42.54
20/06/2014,0,0,48.5(0.00 %),0,0,0,0,228214,42.54
23/06/2014,0,0,48.5(0.00 %),0,0,0,0,228214,42.54
24/06/2014,0,0,48.5(0.00 %),0,0,0,0,228214,42.54
25/06/2014,0,0,48.5(0.00 %),0,0,0,0,228214,42.54
26/06/2014,0,0,48.5(0.00 %),0,0,0,0,228214,42.54
27/06/2014,0,0,48.5(0.00 %),0,0,0,0,228214,42.54
30/06/2014,100,4850000,48.5(0.00 %),100,4850000,0,0,228114,42.54
01/07/2014,0,0,49.1(1.24 %),0,0,0,0,228114,42.54
02/07/2014,0,0,49.1(0.00 %),0,0,0,0,228114,42.54
03/07/2014,0,0,49.1(0.00 %),0,0,0,0,228114,42.54
04/07/2014,0,0,48.7(-0.81 %),0,0,0,0,228114,42.54
07/07/2014,0,0,48.7(0.00 %),0,0,0,0,228114,42.54
08/07/2014,0,0,48.7(0.00 %),0,0,0,0,228114,42.54
09/07/2014,0,0,48.7(0.00 %),0,0,0,0,228114,42.54
10/07/2014,0,0,48.7(0.00 %),0,0,0,0,228114,42.54
11/07/2014,0,0,48.6(-0.21 %),0,0,0,0,228114,42.54
14/07/2014,0,0,48.6(0.00 %),0,0,0,0,228114,42.54
16/07/2014,0,0,48.5(-0.21 %),200,9700000,200,9700000,227914,42.55
17/07/2014,0,0,48.5(0.00 %),0,0,0,0,227914,42.55
18/07/2014,0,0,48.5(0.00 %),400,19400000,400,19400000,227514,42.56
21/07/2014,0,0,53.3(9.90 %),0,0,0,0,227514,42.56
22/07/2014,0,0,53.3(0.00 %),0,0,0,0,227714,42.55
23/07/2014,0,0,53.3(0.00 %),0,0,0,0,227714,42.55
24/07/2014,0,0,53.3(0.00 %),0,0,0,0,228114,42.54
25/07/2014,0,0,58.5(9.76 %),0,0,0,0,228114,42.54
28/07/2014,0,0,57(-2.56 %),0,0,0,0,228114,42.54
29/07/2014,0,0,57(0.00 %),0,0,0,0,228114,42.54
30/07/2014,0,0,59.3(4.04 %),0,0,0,0,228114,42.54
31/07/2014,0,0,59.3(0.00 %),0,0,0,0,228114,42.54
01/08/2014,0,0,59.3(0.00 %),0,0,0,0,228114,42.54
04/08/2014,0,0,55(-7.25 %),0,0,0,0,228114,42.54
05/08/2014,0,0,60.5(10.00 %),0,0,0,0,228114,42.54
06/08/2014,0,0,66(9.09 %),0,0,0,0,228114,42.54
07/08/2014,0,0,61(-7.58 %),0,0,0,0,228114,42.54
08/08/2014,0,0,67.1(10.00 %),0,0,0,0,228114,42.54
11/08/2014,0,0,67.1(0.00 %),0,0,0,0,228114,42.54
12/08/2014,0,0,72.8(8.49 %),0,0,0,0,228114,42.54
13/08/2014,0,0,72.8(0.00 %),0,0,0,0,228114,42.54
15/08/2014,-40,-2628000,73(0.00 %),0,0,40,2628000,228114,42.54
18/08/2014,0,0,73(0.00 %),0,0,0,0,228114,42.54
19/08/2014,0,0,73(0.00 %),0,0,0,0,228114,42.54
20/08/2014,0,0,65.7(-10.00 %),0,0,0,0,228114,42.54
21/08/2014,0,0,65.7(0.00 %),0,0,0,0,228154,42.54
26/08/2014,0,0,66(-8.59 %),0,0,0,0,228154,42.54
29/08/2014,0,0,66(0.00 %),0,0,0,0,228154,42.54
04/09/2014,0,0,66(0.00 %),0,0,0,0,228154,42.54
05/09/2014,0,0,66(0.00 %),0,0,0,0,228154,42.54
10/09/2014,0,0,66(0.00 %),0,0,0,0,228154,42.54
11/09/2014,0,0,66(0.00 %),0,0,0,0,228154,42.54
12/09/2014,0,0,66(0.00 %),0,0,0,0,228154,42.54
15/09/2014,0,0,66(0.00 %),0,0,0,0,228154,42.54
16/09/2014,0,0,66(0.00 %),0,0,0,0,228154,42.54
17/09/2014,0,0,66(0.00 %),0,0,0,0,228154,42.54
18/09/2014,0,0,66(0.00 %),0,0,0,0,228154,42.54
19/09/2014,0,0,66(0.00 %),0,0,0,0,228154,42.54
22/09/2014,0,0,66(0.00 %),0,0,0,0,228154,42.54
23/09/2014,0,0,66(0.00 %),0,0,0,0,228154,42.54
24/09/2014,0,0,66(0.00 %),0,0,0,0,228154,42.54
25/09/2014,0,0,66(0.00 %),0,0,0,0,228154,42.54
26/09/2014,0,0,72.6(10.00 %),0,0,0,0,228154,42.54
29/09/2014,0,0,72.6(0.00 %),0,0,0,0,228154,42.54
30/09/2014,0,0,72.6(0.00 %),0,0,0,0,228154,42.54
01/10/2014,0,0,72.6(0.00 %),0,0,0,0,228154,42.54
02/10/2014,0,0,65.4(-9.92 %),0,0,0,0,228154,42.54
03/10/2014,0,0,65.4(0.00 %),0,0,0,0,228154,42.54
06/10/2014,0,0,58.9(-9.94 %),0,0,0,0,228154,42.54
07/10/2014,0,0,58.9(0.00 %),0,0,0,0,228154,42.54
08/10/2014,0,0,58.9(0.00 %),0,0,0,0,228154,42.54
09/10/2014,0,0,64.7(9.85 %),0,0,0,0,228154,42.54
10/10/2014,0,0,64.7(0.00 %),0,0,0,0,228154,42.54
13/10/2014,0,0,64.7(0.00 %),0,0,0,0,228154,42.54
14/10/2014,0,0,64.7(0.00 %),0,0,0,0,228154,42.54
15/10/2014,0,0,64.7(0.00 %),0,0,0,0,228154,42.54
16/10/2014,0,0,64.7(0.00 %),0,0,0,0,228154,42.54
20/10/2014,0,0,64.7(0.00 %),0,0,0,0,228154,42.54
21/10/2014,0,0,64.7(0.00 %),0,0,0,0,228154,42.54
22/10/2014,0,0,64.7(0.00 %),0,0,0,0,228154,42.54
23/10/2014,0,0,64.7(0.00 %),0,0,0,0,228154,42.54
24/10/2014,0,0,64.7(0.00 %),0,0,0,0,228154,42.54
27/10/2014,0,0,64.7(0.00 %),0,0,0,0,228154,42.54
29/10/2014,0,0,64.7(0.00 %),0,0,0,0,228154,42.54
30/10/2014,0,0,64.7(0.00 %),0,0,0,0,228154,42.54
31/10/2014,0,0,70.2(8.50 %),0,0,0,0,228154,42.54
03/11/2014,0,0,70.2(0.00 %),0,0,0,0,228154,42.54
04/11/2014,0,0,70.2(0.00 %),0,0,0,0,228154,42.54
05/11/2014,0,0,70.2(0.00 %),0,0,0,0,228154,42.54
06/11/2014,0,0,70.2(0.00 %),0,0,0,0,228154,42.54
07/11/2014,0,0,70.2(0.00 %),0,0,0,0,228154,42.54
10/11/2014,0,0,65(-7.41 %),0,0,0,0,228154,42.54
11/11/2014,0,0,65(0.00 %),0,0,0,0,228154,42.54
12/11/2014,0,0,65(0.00 %),0,0,0,0,228154,42.54
13/11/2014,0,0,65(0.00 %),0,0,0,0,228154,42.54
14/11/2014,0,0,65(0.00 %),0,0,0,0,228154,42.54
17/11/2014,200,12600000,63(-3.08 %),200,12600000,0,0,227954,42.55
18/11/2014,0,0,63(0.00 %),0,0,0,0,227954,42.55
19/11/2014,0,0,63(0.00 %),0,0,0,0,227954,42.55
20/11/2014,0,0,63(0.00 %),0,0,0,0,227954,42.55
21/11/2014,0,0,63(0.00 %),0,0,0,0,227954,42.55
24/11/2014,0,0,63(0.00 %),0,0,0,0,227954,42.55
25/11/2014,0,0,63(0.00 %),0,0,0,0,227954,42.55
26/11/2014,0,0,63(0.00 %),0,0,0,0,227954,42.55
27/11/2014,0,0,63(0.00 %),0,0,0,0,227954,42.55
28/11/2014,0,0,63(0.00 %),0,0,0,0,227954,42.55
01/12/2014,0,0,63(0.00 %),0,0,0,0,227954,42.55
02/12/2014,0,0,68.9(9.37 %),0,0,0,0,227954,42.55
03/12/2014,0,0,68.9(0.00 %),0,0,0,0,227954,42.55
04/12/2014,0,0,68.9(0.00 %),0,0,0,0,227954,42.55
05/12/2014,0,0,68.9(0.00 %),0,0,0,0,227954,42.55
08/12/2014,0,0,68.9(0.00 %),0,0,0,0,227954,42.55
09/12/2014,0,0,68.9(0.00 %),0,0,0,0,227954,42.55
10/12/2014,0,0,68.9(0.00 %),0,0,0,0,227954,42.55
11/12/2014,0,0,68.9(0.00 %),0,0,0,0,227954,42.55
12/12/2014,0,0,68.9(0.00 %),0,0,0,0,227954,42.55
15/12/2014,0,0,68.9(0.00 %),0,0,0,0,227954,42.55
16/12/2014,0,0,68.9(0.00 %),0,0,0,0,227954,42.55
17/12/2014,0,0,68.9(0.00 %),0,0,0,0,227954,42.55
18/12/2014,0,0,68.9(0.00 %),0,0,0,0,227954,42.55
19/12/2014,0,0,68.9(0.00 %),0,0,0,0,227954,42.55
22/12/2014,0,0,68.9(0.00 %),0,0,0,0,227954,42.55
23/12/2014,0,0,68.9(0.00 %),0,0,0,0,227954,42.55
24/12/2014,0,0,68.9(0.00 %),0,0,0,0,227954,42.55
25/12/2014,0,0,62.1(-9.87 %),0,0,0,0,227954,42.55
26/12/2014,-800,-51040000,63.8(2.74 %),0,0,800,51040000,227954,42.55
29/12/2014,0,0,63.8(0.00 %),0,0,0,0,227954,42.55
30/12/2014,0,0,63.8(0.00 %),0,0,0,0,227954,42.55
31/12/2014,0,0,63.8(0.00 %),0,0,0,0,227954,42.55
05/01/2015,0,0,63.8(0.00 %),0,0,0,0,228754,42.52
06/01/2015,0,0,63.8(0.00 %),0,0,0,0,228754,42.52
07/01/2015,0,0,63.8(0.00 %),0,0,0,0,228754,42.52
08/01/2015,0,0,63.8(0.00 %),0,0,0,0,228754,42.52
09/01/2015,0,0,63.8(0.00 %),0,0,0,0,228754,42.52
12/01/2015,0,0,63.8(0.00 %),0,0,0,0,228754,42.52
13/01/2015,0,0,63.8(0.00 %),0,0,0,0,228754,42.52
14/01/2015,0,0,63.8(0.00 %),0,0,0,0,228754,42.52
15/01/2015,0,0,63.8(0.00 %),0,0,0,0,228754,42.52
16/01/2015,0,0,63.8(0.00 %),0,0,0,0,228754,42.52
19/01/2015,0,0,63.8(0.00 %),0,0,0,0,228754,42.52
20/01/2015,0,0,63.8(0.00 %),0,0,0,0,228754,42.52
21/01/2015,0,0,63.8(0.00 %),0,0,0,0,228754,42.52
22/01/2015,0,0,63.8(0.00 %),0,0,0,0,228754,42.52
23/01/2015,0,0,63.8(0.00 %),0,0,0,0,228754,42.52
26/01/2015,0,0,63.8(0.00 %),0,0,0,0,228754,42.52
27/01/2015,0,0,63.8(0.00 %),0,0,0,0,228754,42.52
28/01/2015,0,0,63.8(0.00 %),0,0,0,0,228754,42.52
29/01/2015,0,0,63.8(0.00 %),0,0,0,0,228754,42.52
30/01/2015,0,0,63.8(0.00 %),0,0,0,0,228754,42.52
02/02/2015,0,0,63.8(0.00 %),0,0,0,0,228754,42.52
03/02/2015,0,0,63.8(0.00 %),0,0,0,0,228754,42.52
04/02/2015,0,0,63.8(0.00 %),0,0,0,0,228754,42.52
05/02/2015,0,0,63.8(0.00 %),0,0,0,0,228754,42.52
06/02/2015,0,0,63.8(0.00 %),0,0,0,0,228754,42.52
09/02/2015,0,0,63.8(0.00 %),0,0,0,0,228754,42.52
10/02/2015,0,0,63.8(0.00 %),0,0,0,0,228754,42.52
11/02/2015,0,0,63.8(0.00 %),0,0,0,0,228754,42.52
12/02/2015,0,0,63.8(0.00 %),0,0,0,0,228754,42.52
13/02/2015,0,0,63.8(0.00 %),0,0,0,0,228754,42.52
24/02/2015,0,0,63.8(0.00 %),0,0,0,0,228754,42.52
25/02/2015,0,0,63.8(0.00 %),0,0,0,0,228754,42.52
26/02/2015,0,0,63.8(0.00 %),0,0,0,0,228754,42.52
27/02/2015,0,0,63.8(0.00 %),0,0,0,0,228754,42.52
02/03/2015,0,0,63.8(0.00 %),0,0,0,0,228754,42.52
03/03/2015,0,0,63.8(0.00 %),0,0,0,0,228754,42.52
04/03/2015,0,0,63.8(0.00 %),0,0,0,0,228754,42.52
05/03/2015,0,0,63.8(0.00 %),0,0,0,0,228754,42.52
06/03/2015,0,0,63.8(0.00 %),0,0,0,0,228754,42.52
09/03/2015,0,0,63.8(0.00 %),0,0,0,0,228754,42.52
10/03/2015,0,0,63.8(0.00 %),0,0,0,0,228754,42.52
11/03/2015,0,0,63.8(0.00 %),0,0,0,0,228754,42.52
12/03/2015,0,0,59.5(-6.74 %),0,0,0,0,228754,42.52
13/03/2015,0,0,59.5(0.00 %),0,0,0,0,228754,42.52
16/03/2015,100,5900000,59(-0.84 %),100,5900000,0,0,228654,42.53
17/03/2015,0,0,59(0.00 %),0,0,0,0,228654,42.53
18/03/2015,0,0,59(0.00 %),0,0,0,0,228654,42.53
19/03/2015,0,0,59(0.00 %),0,0,0,0,228654,42.53
20/03/2015,0,0,59(0.00 %),0,0,0,0,228654,42.53
23/03/2015,0,0,59(0.00 %),0,0,0,0,228654,42.53
24/03/2015,0,0,59(0.00 %),0,0,0,0,228654,42.53
25/03/2015,0,0,59(0.00 %),0,0,0,0,228654,42.53
26/03/2015,0,0,59(0.00 %),0,0,0,0,228654,42.53
27/03/2015,0,0,59(0.00 %),0,0,0,0,228654,42.53
30/03/2015,0,0,59(0.00 %),0,0,0,0,228654,42.53
31/03/2015,0,0,59(0.00 %),0,0,0,0,228654,42.53
01/04/2015,0,0,59(0.00 %),0,0,0,0,228654,42.53
02/04/2015,0,0,59(0.00 %),0,0,0,0,228654,42.53
03/04/2015,0,0,59(0.00 %),0,0,0,0,228654,42.53
06/04/2015,0,0,59(0.00 %),0,0,0,0,228654,42.53
07/04/2015,0,0,59(0.00 %),0,0,0,0,228654,42.53
08/04/2015,100,5800000,58(-1.69 %),100,5800000,0,0,228554,42.53
09/04/2015,0,0,58(0.00 %),0,0,0,0,228554,42.53
10/04/2015,0,0,58(0.00 %),0,0,0,0,228554,42.53
13/04/2015,0,0,58(0.00 %),0,0,0,0,228554,42.53
14/04/2015,0,0,58(0.00 %),0,0,0,0,228554,42.53
15/04/2015,0,0,58(0.00 %),0,0,0,0,228554,42.53
16/04/2015,0,0,58(0.00 %),0,0,0,0,228554,42.53
17/04/2015,0,0,58(0.00 %),0,0,0,0,228554,42.53
20/04/2015,0,0,58(0.00 %),0,0,0,0,228554,42.53
21/04/2015,0,0,58(0.00 %),0,0,0,0,228554,42.53
22/04/2015,0,0,58(0.00 %),0,0,0,0,228554,42.53
23/04/2015,0,0,58(0.00 %),0,0,0,0,228554,42.53
24/04/2015,0,0,58(0.00 %),0,0,0,0,228554,42.53
27/04/2015,0,0,58(0.00 %),0,0,0,0,228554,42.53
04/05/2015,0,0,58(0.00 %),0,0,0,0,228554,42.53
05/05/2015,0,0,58(0.00 %),0,0,0,0,228554,42.53
06/05/2015,0,0,58(0.00 %),0,0,0,0,228554,42.53
07/05/2015,0,0,58(0.00 %),0,0,0,0,228554,42.53
08/05/2015,0,0,58(0.00 %),0,0,0,0,228554,42.53
11/05/2015,0,0,58(0.00 %),0,0,0,0,228554,42.53
12/05/2015,0,0,58(0.00 %),0,0,0,0,228554,42.53
13/05/2015,0,0,58(0.00 %),0,0,0,0,228554,42.53
14/05/2015,0,0,58(0.00 %),0,0,0,0,228554,42.53
15/05/2015,0,0,58(0.00 %),0,0,0,0,228554,42.53
18/05/2015,0,0,58(0.00 %),0,0,0,0,228554,42.53
19/05/2015,0,0,58(0.00 %),0,0,0,0,228554,42.53
20/05/2015,0,0,52.2(-10.00 %),0,0,0,0,228554,42.53
21/05/2015,0,0,52.2(0.00 %),0,0,0,0,228554,42.53
22/05/2015,0,0,52.2(0.00 %),0,0,0,0,228554,42.53
25/05/2015,100,5100000,47(-9.96 %),100,5100000,0,0,228454,42.53
26/05/2015,0,0,47(0.00 %),0,0,0,0,228454,42.53
27/05/2015,0,0,47(0.00 %),0,0,0,0,228454,42.53
28/05/2015,0,0,47(0.00 %),0,0,0,0,228454,42.53
29/05/2015,0,0,47(0.00 %),0,0,0,0,228454,42.53
01/06/2015,0,0,47(0.00 %),0,0,0,0,228454,42.53
02/06/2015,0,0,47(0.00 %),0,0,0,0,228454,42.53
03/06/2015,0,0,47(0.00 %),0,0,0,0,228454,42.53
04/06/2015,0,0,47(0.00 %),0,0,0,0,228454,42.53
05/06/2015,0,0,47(0.00 %),0,0,0,0,228454,42.53
08/06/2015,0,0,42.3(-10.00 %),0,0,0,0,228454,42.53
09/06/2015,0,0,42.3(0.00 %),0,0,0,0,228454,42.53
10/06/2015,0,0,46.5(9.93 %),0,0,0,0,228454,42.53
11/06/2015,0,0,44(-5.38 %),0,0,0,0,228454,42.53
12/06/2015,0,0,44(0.00 %),0,0,0,0,228454,42.53
15/06/2015,0,0,44(0.00 %),0,0,0,0,228454,42.53
16/06/2015,0,0,44(0.00 %),0,0,0,0,228454,42.53
17/06/2015,0,0,44(0.00 %),0,0,0,0,228454,42.53
18/06/2015,0,0,44(0.00 %),0,0,0,0,228454,42.53
19/06/2015,0,0,44(0.00 %),0,0,0,0,228454,42.53
22/06/2015,0,0,44(0.00 %),0,0,0,0,228454,42.53
23/06/2015,0,0,44(0.00 %),0,0,0,0,228454,42.53
24/06/2015,0,0,44(0.00 %),0,0,0,0,228454,42.53
25/06/2015,0,0,44(0.00 %),0,0,0,0,228454,42.53
26/06/2015,100,4400000,44(0.00 %),100,4400000,0,0,228354,42.54
29/06/2015,0,0,47(6.82 %),0,0,0,0,228354,42.54
30/06/2015,0,0,47(0.00 %),0,0,0,0,228354,42.54
01/07/2015,0,0,47(0.00 %),0,0,0,0,228354,42.54
02/07/2015,0,0,51.7(10.00 %),0,0,0,0,228354,42.54
03/07/2015,0,0,51.7(0.00 %),0,0,0,0,228354,42.54
06/07/2015,0,0,46.7(-9.67 %),0,0,0,0,228354,42.54
07/07/2015,0,0,42.2(-9.64 %),0,0,0,0,228354,42.54
08/07/2015,100,4230000,42.3(0.24 %),100,4230000,0,0,228254,42.54
09/07/2015,100,4230000,42.3(0.00 %),100,4230000,0,0,228154,42.54
10/07/2015,0,0,45.7(8.04 %),0,0,0,0,228254,42.54
13/07/2015,0,0,45.7(0.00 %),0,0,0,0,228254,42.54
14/07/2015,0,0,45.7(0.00 %),0,0,0,0,228254,42.54
15/07/2015,0,0,45.7(0.00 %),0,0,0,0,228254,42.54
16/07/2015,0,0,45.7(0.00 %),0,0,0,0,228254,42.54
17/07/2015,0,0,45.7(0.00 %),0,0,0,0,228254,42.54
20/07/2015,0,0,41.5(-9.19 %),0,0,0,0,228254,42.54
21/07/2015,300,12480000,41.6(0.24 %),300,12480000,0,0,227954,42.55
22/07/2015,0,0,45(8.17 %),0,0,0,0,227954,42.55
23/07/2015,0,0,45(0.00 %),0,0,0,0,227954,42.55
24/07/2015,0,0,45(0.00 %),0,0,0,0,227954,42.55
27/07/2015,0,0,45(0.00 %),0,0,0,0,227954,42.55
28/07/2015,0,0,45(0.00 %),0,0,0,0,227954,42.55
29/07/2015,0,0,45(0.00 %),0,0,0,0,227954,42.55
30/07/2015,0,0,45(0.00 %),0,0,0,0,227954,42.55
31/07/2015,0,0,45(0.00 %),0,0,0,0,227954,42.55
03/08/2015,0,0,45(0.00 %),0,0,0,0,227954,42.55
04/08/2015,0,0,45(0.00 %),0,0,0,0,227954,42.55
05/08/2015,0,0,45(0.00 %),0,0,0,0,227954,42.55
06/08/2015,0,0,45(0.00 %),0,0,0,0,227954,42.55
07/08/2015,0,0,45(0.00 %),0,0,0,0,227954,42.55
10/08/2015,0,0,45(0.00 %),0,0,0,0,227954,42.55
11/08/2015,0,0,45(0.00 %),0,0,0,0,227954,42.55
12/08/2015,0,0,45(0.00 %),0,0,0,0,227954,42.55
13/08/2015,0,0,45(0.00 %),0,0,0,0,227954,42.55
14/08/2015,0,0,45(0.00 %),0,0,0,0,227954,42.55
17/08/2015,0,0,45(0.00 %),0,0,0,0,227954,42.55
18/08/2015,0,0,45(0.00 %),0,0,0,0,227954,42.55
19/08/2015,0,0,45(0.00 %),0,0,0,0,227954,42.55
20/08/2015,0,0,45(0.00 %),0,0,0,0,227954,42.55
21/08/2015,-200,-8200000,41(-8.89 %),0,0,200,8200000,227954,42.55
24/08/2015,0,0,38(-7.32 %),0,0,0,0,227954,42.55
25/08/2015,100,3800000,38(0.00 %),100,3800000,0,0,227854,42.55
26/08/2015,0,0,38(0.00 %),0,0,0,0,227854,42.55
27/08/2015,0,0,38(0.00 %),0,0,0,0,228054,42.54
28/08/2015,0,0,39.5(3.95 %),300,11850000,300,11850000,227754,42.55
31/08/2015,-300,-12200000,41(3.80 %),100,4000000,400,16200000,227654,42.56
01/09/2015,0,0,41(0.00 %),0,0,0,0,227654,42.56
03/09/2015,0,0,41(0.00 %),0,0,0,0,227654,42.56
04/09/2015,0,0,41(0.00 %),0,0,0,0,227954,42.55
07/09/2015,0,0,41(0.00 %),0,0,0,0,228354,42.54
08/09/2015,0,0,41(0.00 %),0,0,0,0,228354,42.54
09/09/2015,0,0,41(0.00 %),0,0,0,0,228354,42.54
10/09/2015,-300,-11700000,39(-4.88 %),0,0,300,11700000,228354,42.54
11/09/2015,0,0,39(0.00 %),0,0,0,0,228354,42.54
14/09/2015,0,0,39(0.00 %),0,0,0,0,228354,42.54
15/09/2015,-500,-18500000,37(-5.13 %),0,0,500,18500000,228354,42.54
16/09/2015,0,0,37(0.00 %),0,0,0,0,228654,42.53
17/09/2015,0,0,37(0.00 %),0,0,0,0,228654,42.53
18/09/2015,0,0,33.6(-9.19 %),0,0,0,0,228654,42.53
21/09/2015,-600,-18600000,31(-7.74 %),0,0,600,18600000,229154,42.51
22/09/2015,-200,-6000000,30(-3.23 %),0,0,200,6000000,229154,42.51
23/09/2015,0,0,27(-10.00 %),0,0,0,0,229154,42.51
24/09/2015,0,0,27(0.00 %),0,0,0,0,229154,42.51
25/09/2015,-2500,-67500000,27(0.00 %),0,0,2500,67500000,229754,42.5
28/09/2015,0,0,26.1(-3.33 %),0,0,0,0,229954,42.49
29/09/2015,0,0,28(7.28 %),0,0,0,0,229954,42.49
30/09/2015,0,0,30.8(10.00 %),0,0,0,0,229954,42.49
01/10/2015,0,0,30.8(0.00 %),0,0,0,0,232454,42.42
02/10/2015,0,0,33.8(9.74 %),0,0,0,0,232454,42.42
05/10/2015,0,0,30.5(-9.76 %),0,0,0,0,232454,42.42
06/10/2015,0,0,27.5(-9.84 %),0,0,0,0,232454,42.42
07/10/2015,0,0,30(9.09 %),0,0,0,0,232454,42.42
08/10/2015,300,9000000,30(0.00 %),300,9000000,0,0,232154,42.43
09/10/2015,0,0,27.1(-9.67 %),0,0,0,0,232154,42.43
12/10/2015,0,0,26.1(-3.69 %),0,0,0,0,232154,42.43
13/10/2015,0,0,28.3(8.43 %),0,0,0,0,232154,42.43
14/10/2015,0,0,30.9(9.19 %),0,0,0,0,232154,42.43
15/10/2015,0,0,31(0.32 %),0,0,0,0,232154,42.43
16/10/2015,0,0,31(0.00 %),0,0,0,0,232154,42.43
19/10/2015,600,18000000,30(-3.23 %),600,18000000,0,0,231554,42.45
20/10/2015,0,0,30(0.00 %),0,0,0,0,231554,42.45
21/10/2015,0,0,30(0.00 %),0,0,0,0,231554,42.45
22/10/2015,0,0,30(0.00 %),0,0,0,0,231554,42.45
23/10/2015,0,0,30(0.00 %),0,0,0,0,231554,42.45
26/10/2015,0,0,30(0.00 %),0,0,0,0,231554,42.45
27/10/2015,0,0,30(0.00 %),0,0,0,0,231554,42.45
28/10/2015,0,0,30(0.00 %),0,0,0,0,231554,42.45
29/10/2015,0,0,30(0.00 %),0,0,0,0,231554,42.45
30/10/2015,0,0,30(0.00 %),0,0,0,0,231554,42.45
02/11/2015,0,0,30(0.00 %),0,0,0,0,231554,42.45
03/11/2015,0,0,30(0.00 %),0,0,0,0,231554,42.45
04/11/2015,0,0,30(0.00 %),0,0,0,0,231554,42.45
05/11/2015,0,0,30(0.00 %),0,0,0,0,231554,42.45
06/11/2015,0,0,30(0.00 %),0,0,0,0,231554,42.45
09/11/2015,0,0,30(0.00 %),0,0,0,0,231554,42.45
10/11/2015,0,0,27.1(-9.67 %),0,0,0,0,231554,42.45
11/11/2015,0,0,29.8(9.96 %),0,0,0,0,231554,42.45
12/11/2015,0,0,32.7(9.73 %),0,0,0,0,231554,42.45
13/11/2015,0,0,32.7(0.00 %),0,0,0,0,231554,42.45
16/11/2015,0,0,35.9(9.79 %),0,0,0,0,231554,42.45
17/11/2015,0,0,39.4(9.75 %),0,0,0,0,231554,42.45
18/11/2015,0,0,43(9.14 %),0,0,0,0,231554,42.45
19/11/2015,0,0,38.7(-10.00 %),0,0,0,0,231554,42.45
20/11/2015,0,0,38.7(0.00 %),0,0,0,0,231554,42.45
23/11/2015,0,0,39.8(2.84 %),0,0,0,0,231554,42.45
24/11/2015,0,0,39.8(0.00 %),0,0,0,0,231554,42.45
25/11/2015,0,0,39.8(0.00 %),0,0,0,0,231554,42.45
26/11/2015,0,0,40(0.50 %),0,0,0,0,231554,42.45
27/11/2015,-100,-4000000,42(5.00 %),0,0,100,4000000,231554,42.45
30/11/2015,0,0,46(9.52 %),0,0,0,0,231554,42.45
01/12/2015,0,0,41.4(-10.00 %),0,0,0,0,231554,42.45
02/12/2015,0,0,45.5(9.90 %),0,0,0,0,231554,42.45
03/12/2015,-200,-9100000,41.3(-9.23 %),0,0,200,9100000,231654,42.44
04/12/2015,0,0,41.3(0.00 %),0,0,0,0,231654,42.44
07/12/2015,0,0,37.3(-9.69 %),0,0,0,0,231654,42.44
08/12/2015,0,0,33.6(-9.92 %),0,0,0,0,231654,42.44
09/12/2015,0,0,36.9(9.82 %),0,0,0,0,231854,42.44
10/12/2015,0,0,40.5(9.76 %),0,0,0,0,231854,42.44
11/12/2015,0,0,44.4(9.63 %),0,0,0,0,231854,42.44
14/12/2015,0,0,48.8(9.91 %),0,0,0,0,231854,42.44
15/12/2015,-1464980,-73248880000,44.1(-9.63 %),0,0,1464980,73248880000,231854,42.44
16/12/2015,0,0,40.1(-9.07 %),0,0,0,0,231854,42.44
17/12/2015,0,0,36.1(-9.98 %),0,0,0,0,231854,42.44
18/12/2015,0,0,32.6(-9.70 %),0,0,0,0,231854,42.44
21/12/2015,0,0,32.6(0.00 %),0,0,0,0,1696834,0.97
22/12/2015,0,0,32.6(0.00 %),0,0,0,0,1696834,0.97
23/12/2015,0,0,32.6(0.00 %),0,0,0,0,1696834,0.97
24/12/2015,0,0,29.6(-9.20 %),0,0,0,0,1696834,0.97
25/12/2015,0,0,28.1(-5.07 %),0,0,0,0,1696834,0.97
28/12/2015,0,0,28.1(0.00 %),0,0,0,0,1696834,0.97
29/12/2015,0,0,28.1(0.00 %),0,0,0,0,1696834,0.97
30/12/2015,0,0,25.6(-8.90 %),0,0,0,0,1696834,0.97
31/12/2015,0,0,25.6(0.00 %),0,0,0,0,1696834,0.97
04/01/2016,0,0,25.6(0.00 %),0,0,0,0,1696834,0.97
05/01/2016,0,0,25.6(0.00 %),0,0,0,0,1696834,0.97
06/01/2016,0,0,23.1(-9.77 %),0,0,0,0,1696834,0.97
07/01/2016,0,0,23.1(0.00 %),0,0,0,0,1696834,0.97
08/01/2016,0,0,21(-9.09 %),0,0,0,0,1696834,0.97
11/01/2016,0,0,21(0.00 %),0,0,0,0,1696834,0.97
12/01/2016,0,0,21(0.00 %),0,0,0,0,1696834,0.97
13/01/2016,0,0,21(0.00 %),0,0,0,0,1696834,0.97
14/01/2016,0,0,21(0.00 %),0,0,0,0,1696834,0.97
15/01/2016,0,0,19(-9.52 %),0,0,0,0,1696834,0.97
18/01/2016,0,0,17.3(-8.95 %),0,0,0,0,1696834,0.97
19/01/2016,0,0,16.1(-6.94 %),0,0,0,0,1696834,0.97
20/01/2016,0,0,15.6(-3.11 %),0,0,0,0,1696834,0.97
21/01/2016,0,0,15.6(0.00 %),0,0,0,0,1696834,0.97
22/01/2016,-300,-4680000,15.6(0.00 %),0,0,300,4680000,1696834,0.97
25/01/2016,0,0,15.6(0.00 %),0,0,0,0,1696834,0.97
26/01/2016,0,0,15.6(0.00 %),0,0,0,0,1696834,0.97
27/01/2016,0,0,15.6(0.00 %),0,0,0,0,1697134,0.96
28/01/2016,0,0,15.6(0.00 %),0,0,0,0,1697134,0.96
29/01/2016,0,0,15.6(0.00 %),0,0,0,0,1697134,0.96
01/02/2016,0,0,15.6(0.00 %),0,0,0,0,1697134,0.96
02/02/2016,-1020,-17442000,17.1(9.62 %),0,0,1020,17442000,1697134,0.96
03/02/2016,0,0,18.8(9.94 %),0,0,0,0,1697134,0.96
04/02/2016,0,0,18.8(0.00 %),0,0,0,0,1697134,0.96
05/02/2016,0,0,20.6(9.57 %),0,0,0,0,1698154,0.93
15/02/2016,0,0,22.6(9.71 %),0,0,0,0,1698154,0.93
16/02/2016,0,0,24.8(9.73 %),0,0,0,0,1698154,0.93
17/02/2016,0,0,27.2(9.68 %),0,0,0,0,1698154,0.93
18/02/2016,0,0,25(-8.09 %),0,0,0,0,1698154,0.93
19/02/2016,0,0,25(0.00 %),0,0,0,0,1698154,0.93
22/02/2016,0,0,25(0.00 %),0,0,0,0,1698154,0.93
23/02/2016,0,0,25(0.00 %),0,0,0,0,1698154,0.93
24/02/2016,0,0,23.1(-7.60 %),0,0,0,0,1698154,0.93
25/02/2016,0,0,21.2(-8.23 %),0,0,0,0,1698154,0.93
26/02/2016,0,0,22(3.77 %),0,0,0,0,1698154,0.93
29/02/2016,0,0,22.1(0.45 %),0,0,0,0,1698154,0.93
01/03/2016,0,0,19.9(-9.95 %),0,0,0,0,1698154,0.93
02/03/2016,0,0,19.9(0.00 %),0,0,0,0,1698154,0.93
03/03/2016,0,0,19.9(0.00 %),0,0,0,0,1698154,0.93
04/03/2016,0,0,19.9(0.00 %),0,0,0,0,1698154,0.93
07/03/2016,0,0,19.9(0.00 %),0,0,0,0,1698154,0.93
08/03/2016,0,0,19.9(0.00 %),0,0,0,0,1698154,0.93
09/03/2016,0,0,19.9(0.00 %),0,0,0,0,1698154,0.93
10/03/2016,0,0,19.1(-4.02 %),0,0,0,0,1698154,0.93
11/03/2016,0,0,19.1(0.00 %),0,0,0,0,1698154,0.93
14/03/2016,0,0,19.1(0.00 %),0,0,0,0,1698154,0.93
15/03/2016,0,0,19.1(0.00 %),0,0,0,0,1698154,0.93
16/03/2016,0,0,19.1(0.00 %),0,0,0,0,1698154,0.93
17/03/2016,0,0,19.1(0.00 %),0,0,0,0,1698154,0.93
18/03/2016,0,0,19.1(0.00 %),0,0,0,0,1698154,0.93
21/03/2016,0,0,21(9.95 %),0,0,0,0,1698154,0.93
22/03/2016,0,0,21(0.00 %),0,0,0,0,1698154,0.93
23/03/2016,0,0,23.1(10.00 %),0,0,0,0,1698154,0.93
24/03/2016,0,0,23.1(0.00 %),0,0,0,0,1698154,0.93
25/03/2016,0,0,23.1(0.00 %),0,0,0,0,1698154,0.93
28/03/2016,0,0,23.1(0.00 %),0,0,0,0,1698154,0.93
29/03/2016,0,0,22.5(-2.60 %),0,0,0,0,1698154,0.93
30/03/2016,0,0,22.5(0.00 %),0,0,0,0,1698154,0.93
31/03/2016,0,0,23.1(2.67 %),0,0,0,0,1698154,0.93
01/04/2016,0,0,23.1(0.00 %),0,0,0,0,1698154,0.93
04/04/2016,0,0,23.2(0.43 %),0,0,0,0,1698154,0.93
05/04/2016,0,0,24.5(5.60 %),0,0,0,0,1698154,0.93
06/04/2016,0,0,24.5(0.00 %),0,0,0,0,1698154,0.93
07/04/2016,0,0,24.5(0.00 %),0,0,0,0,1698154,0.93
08/04/2016,0,0,26.9(9.80 %),0,0,0,0,1698154,0.93
11/04/2016,0,0,24.7(-8.18 %),0,0,0,0,1698154,0.93
12/04/2016,0,0,25(1.21 %),0,0,0,0,1698154,0.93
13/04/2016,0,0,25.5(2.00 %),0,0,0,0,1698154,0.93
14/04/2016,0,0,25.5(0.00 %),0,0,0,0,1698154,0.93
15/04/2016,0,0,25.5(0.00 %),0,0,0,0,1698154,0.93
19/04/2016,0,0,25.5(0.00 %),0,0,0,0,1698154,0.93
20/04/2016,0,0,25.5(0.00 %),0,0,0,0,1698154,0.93
21/04/2016,0,0,25.5(0.00 %),0,0,0,0,1698154,0.93
22/04/2016,0,0,28(9.80 %),0,0,0,0,1698154,0.93
25/04/2016,0,0,25.5(-8.93 %),0,0,0,0,1698154,0.93
26/04/2016,0,0,26.4(3.53 %),0,0,0,0,1698154,0.93
27/04/2016,0,0,26.4(0.00 %),0,0,0,0,1698154,0.93
28/04/2016,0,0,27.1(2.65 %),0,0,0,0,1698154,0.93
29/04/2016,0,0,27.1(0.00 %),0,0,0,0,1698154,0.93
04/05/2016,0,0,25(-7.75 %),0,0,0,0,1698154,0.93
05/05/2016,0,0,25(0.00 %),0,0,0,0,1698154,0.93
06/05/2016,0,0,25(0.00 %),0,0,0,0,1698154,0.93
09/05/2016,0,0,25(0.00 %),0,0,0,0,1698154,0.93
10/05/2016,0,0,22.5(-10.00 %),0,0,0,0,1698154,0.93
11/05/2016,0,0,22.5(0.00 %),0,0,0,0,1698154,0.93
12/05/2016,0,0,22.5(0.00 %),0,0,0,0,1698154,0.93
13/05/2016,0,0,20.7(-8.00 %),0,0,0,0,1698154,0.93
16/05/2016,0,0,20.7(0.00 %),0,0,0,0,1698154,0.93
17/05/2016,200,4180000,19.2(-7.25 %),200,4180000,0,0,1697954,0.93
18/05/2016,0,0,17.7(-7.81 %),0,0,0,0,1697954,0.93
19/05/2016,0,0,17.4(-1.69 %),0,0,0,0,1697954,0.93
20/05/2016,0,0,17.4(0.00 %),0,0,0,0,1697954,0.93
23/05/2016,0,0,19.1(9.77 %),0,0,0,0,1697954,0.93
24/05/2016,0,0,19.1(0.00 %),0,0,0,0,1697954,0.93
25/05/2016,0,0,21(9.95 %),0,0,0,0,1697954,0.93
26/05/2016,0,0,21(0.00 %),0,0,0,0,1697954,0.93
27/05/2016,0,0,21(0.00 %),0,0,0,0,1697954,0.93
30/05/2016,0,0,21(2.44 %),0,0,0,0,1697954,0.93
31/05/2016,0,0,21(2.44 %),0,0,0,0,1697954,0.93
01/06/2016,0,0,21(2.44 %),0,0,0,0,1697954,0.93
02/06/2016,0,0,22.5(9.76 %),0,0,0,0,1697954,0.93
03/06/2016,0,0,22.5(0.00 %),0,0,0,0,1697954,0.93
06/06/2016,0,0,22.5(0.00 %),0,0,0,0,1697954,0.93
07/06/2016,0,0,22.5(0.00 %),0,0,0,0,1697954,0.93
08/06/2016,0,0,24.7(9.78 %),0,0,0,0,1697954,0.93
09/06/2016,0,0,24.7(0.00 %),0,0,0,0,1697954,0.93
10/06/2016,0,0,24.7(0.00 %),0,0,0,0,1697954,0.93
13/06/2016,0,0,24.7(0.00 %),0,0,0,0,1697954,0.93
14/06/2016,0,0,24.7(0.00 %),0,0,0,0,1697954,0.93
15/06/2016,0,0,24.7(0.00 %),0,0,0,0,1697954,0.93
16/06/2016,0,0,24.7(0.00 %),0,0,0,0,1697954,0.93
17/06/2016,0,0,24.7(0.00 %),0,0,0,0,1697954,0.93
20/06/2016,0,0,24.7(0.00 %),0,0,0,0,1697954,0.93
21/06/2016,-100,-2400000,24(-2.83 %),0,0,100,2400000,1697954,0.93
22/06/2016,-1000,-23000000,23(-4.17 %),0,0,1000,23000000,1697954,0.93
23/06/2016,0,0,22(-4.35 %),0,0,0,0,1697954,0.93
24/06/2016,0,0,22(0.00 %),0,0,0,0,1698054,0.93
27/06/2016,0,0,23(4.55 %),0,0,0,0,1699054,0.9
28/06/2016,0,0,24(4.35 %),0,0,0,0,1699054,0.9
29/06/2016,0,0,24(0.00 %),0,0,0,0,1699054,0.9
30/06/2016,0,0,24(0.00 %),0,0,0,0,1699054,0.9
01/07/2016,0,0,24(0.00 %),0,0,0,0,1699054,0.9
04/07/2016,0,0,24(0.00 %),0,0,0,0,1699054,0.9
05/07/2016,0,0,24(0.00 %),0,0,0,0,1699054,0.9
06/07/2016,0,0,24(0.00 %),0,0,0,0,1699054,0.9
07/07/2016,0,0,22(-8.33 %),0,0,0,0,1699054,0.9
08/07/2016,0,0,22(0.00 %),0,0,0,0,1699054,0.9
11/07/2016,0,0,22(0.00 %),0,0,0,0,1699054,0.9
12/07/2016,0,0,24(9.09 %),0,0,0,0,1699054,0.9
13/07/2016,0,0,24(0.00 %),0,0,0,0,1699054,0.9
14/07/2016,0,0,25.2(5.00 %),0,0,0,0,1699054,0.9
15/07/2016,0,0,25.2(0.00 %),0,0,0,0,1699054,0.9
18/07/2016,0,0,25.2(0.00 %),0,0,0,0,1699054,0.9
19/07/2016,0,0,22.7(-9.92 %),0,0,0,0,1699054,0.9
20/07/2016,0,0,23(1.32 %),0,0,0,0,1699054,0.9
21/07/2016,0,0,23(0.00 %),0,0,0,0,1699054,0.9
22/07/2016,0,0,22(-4.35 %),0,0,0,0,1699054,0.9
25/07/2016,0,0,22(0.00 %),0,0,0,0,1699054,0.9
26/07/2016,0,0,22(0.00 %),0,0,0,0,1699054,0.9
27/07/2016,0,0,22(0.00 %),0,0,0,0,1699054,0.9
28/07/2016,0,0,22(0.00 %),0,0,0,0,1699054,0.9
29/07/2016,0,0,22(0.00 %),0,0,0,0,1699054,0.9
01/08/2016,0,0,22(0.00 %),0,0,0,0,1699054,0.9
02/08/2016,0,0,22(0.00 %),0,0,0,0,1699054,0.9
03/08/2016,0,0,22(0.00 %),0,0,0,0,1699054,0.9
04/08/2016,0,0,24.2(10.00 %),0,0,0,0,1699054,0.9
05/08/2016,0,0,24.2(0.00 %),0,0,0,0,1699054,0.9
08/08/2016,0,0,24.2(0.00 %),0,0,0,0,1699054,0.9
09/08/2016,0,0,24.2(0.00 %),0,0,0,0,1699054,0.9
10/08/2016,0,0,24.2(0.00 %),0,0,0,0,1699054,0.9
11/08/2016,0,0,24.2(0.00 %),0,0,0,0,1699054,0.9
12/08/2016,0,0,24.2(0.00 %),0,0,0,0,1699054,0.9
15/08/2016,0,0,24.2(0.00 %),0,0,0,0,1699054,0.9
16/08/2016,0,0,24.2(0.00 %),0,0,0,0,1699054,0.9
17/08/2016,0,0,24.2(0.00 %),0,0,0,0,1699054,0.9
18/08/2016,0,0,24.2(0.00 %),0,0,0,0,1699054,0.9
19/08/2016,0,0,24.2(0.00 %),0,0,0,0,1699054,0.9
22/08/2016,0,0,24.2(0.00 %),0,0,0,0,1699054,0.9
23/08/2016,0,0,24.2(0.00 %),0,0,0,0,1699054,0.9
24/08/2016,0,0,24.2(0.00 %),0,0,0,0,1699054,0.9
25/08/2016,0,0,24.2(0.00 %),0,0,0,0,1699054,0.9
26/08/2016,0,0,24.2(0.00 %),0,0,0,0,1699054,0.9
29/08/2016,-1000,-23000000,23(-4.96 %),0,0,1000,23000000,1699054,0.9
30/08/2016,0,0,25(8.70 %),0,0,0,0,1699054,0.9
31/08/2016,0,0,22.5(-10.00 %),0,0,0,0,1699054,0.9
01/09/2016,0,0,22.5(0.00 %),0,0,0,0,1700054,0.88
05/09/2016,0,0,22.5(0.00 %),0,0,0,0,1700054,0.88
06/09/2016,0,0,22.5(0.00 %),0,0,0,0,1700054,0.88
07/09/2016,0,0,22.5(0.00 %),0,0,0,0,1700054,0.88
08/09/2016,0,0,22.5(0.00 %),0,0,0,0,1700054,0.88
09/09/2016,0,0,24.7(9.78 %),0,0,0,0,1700054,0.88
12/09/2016,0,0,27.1(9.72 %),0,0,0,0,1700054,0.88
13/09/2016,0,0,29.7(9.59 %),0,0,0,0,1700054,0.88
14/09/2016,0,0,27(-9.09 %),0,0,0,0,1700054,0.88
15/09/2016,0,0,29.7(10.00 %),0,0,0,0,1700054,0.88
16/09/2016,-2000,-65200000,32.6(9.76 %),0,0,2000,65200000,1700054,0.88
19/09/2016,0,0,35.8(9.82 %),0,0,0,0,1700054,0.88
20/09/2016,0,0,39(8.94 %),0,0,0,0,1700054,0.88
21/09/2016,0,0,41(5.13 %),0,0,0,0,1702054,0.82
22/09/2016,0,0,20.6(8.99 %),0,0,0,0,1702054,0.82
23/09/2016,0,0,22.5(9.22 %),0,0,0,0,1702054,0.82
26/09/2016,0,0,24.6(9.33 %),0,0,0,0,1702054,0.82
27/09/2016,0,0,27(9.76 %),0,0,0,0,1702054,0.82
28/09/2016,0,0,28.9(7.04 %),0,0,0,0,1702054,0.82
29/09/2016,0,0,28.4(-1.73 %),0,0,0,0,1702054,0.82
30/09/2016,0,0,28(-1.41 %),0,0,0,0,1702054,0.82
03/10/2016,0,0,30.6(9.29 %),0,0,0,0,1702054,0.82
04/10/2016,0,0,33.6(9.80 %),0,0,0,0,1702054,0.82
05/10/2016,0,0,36.8(9.52 %),0,0,0,0,1702054,0.82
06/10/2016,0,0,39.9(8.42 %),0,0,0,0,1702054,0.82
07/10/2016,0,0,36.8(-7.77 %),0,0,0,0,1702054,0.82
10/10/2016,0,0,40.2(9.24 %),0,0,0,0,1702054,0.82
11/10/2016,0,0,40.2(0.00 %),0,0,0,0,1702054,0.82
12/10/2016,0,0,44(9.45 %),0,0,0,0,1702054,0.82
13/10/2016,0,0,43.3(-1.59 %),0,0,0,0,1702054,0.82
14/10/2016,0,0,43.3(0.00 %),0,0,0,0,1702054,0.82
17/10/2016,0,0,39(-9.93 %),0,0,0,0,1702054,0.82
18/10/2016,0,0,39(0.00 %),0,0,0,0,1702054,0.82
19/10/2016,0,0,39(0.00 %),0,0,0,0,1702054,0.82
20/10/2016,-20,-702000,35.1(-10.00 %),0,0,20,702000,1702054,0.82
21/10/2016,0,0,38.5(9.69 %),0,0,0,0,1702054,0.82
24/10/2016,0,0,38.5(0.00 %),0,0,0,0,1702054,0.82
25/10/2016,0,0,38.5(0.00 %),0,0,0,0,1702074,0.82
26/10/2016,0,0,34.7(-9.87 %),0,0,0,0,1702074,0.82
27/10/2016,0,0,34.7(0.00 %),0,0,0,0,1702074,0.82
28/10/2016,0,0,35(0.86 %),0,0,0,0,1702074,0.82
31/10/2016,0,0,31.5(-10.00 %),0,0,0,0,1702074,0.82
01/11/2016,0,0,34.5(9.52 %),0,0,0,0,1702074,0.82
02/11/2016,0,0,34.5(0.00 %),0,0,0,0,1702074,0.82
03/11/2016,0,0,37.8(9.57 %),0,0,0,0,1702074,0.82
04/11/2016,0,0,40.9(8.20 %),0,0,0,0,1702074,0.82
07/11/2016,0,0,40.9(0.00 %),0,0,0,0,1702074,0.82
08/11/2016,0,0,40.9(0.00 %),0,0,0,0,1702074,0.82
09/11/2016,0,0,40.9(0.00 %),0,0,0,0,1702074,0.82
10/11/2016,0,0,40.8(-0.24 %),0,0,0,0,1702074,0.82
11/11/2016,0,0,40.8(0.00 %),0,0,0,0,1702074,0.82
14/11/2016,0,0,40.8(0.00 %),0,0,0,0,1702074,0.82
15/11/2016,0,0,40.8(0.00 %),0,0,0,0,1702074,0.82
16/11/2016,0,0,40.8(0.00 %),0,0,0,0,1702074,0.82
17/11/2016,0,0,40.8(0.00 %),0,0,0,0,1702074,0.82
18/11/2016,0,0,40.8(0.00 %),0,0,0,0,1702074,0.82
21/11/2016,0,0,40.8(0.00 %),0,0,0,0,1702074,0.82
22/11/2016,0,0,36.8(-9.80 %),0,0,0,0,1702074,0.82
23/11/2016,0,0,36.8(0.00 %),0,0,0,0,1702074,0.82
24/11/2016,0,0,36.8(0.00 %),0,0,0,0,1702074,0.82
25/11/2016,0,0,34.9(-5.16 %),0,0,0,0,1702074,0.82
28/11/2016,0,0,34.9(0.00 %),0,0,0,0,1702074,0.82
29/11/2016,0,0,31.5(-9.74 %),0,0,0,0,1702074,0.82
30/11/2016,0,0,31.5(0.00 %),0,0,0,0,1702074,0.82
01/12/2016,0,0,28.4(-9.84 %),0,0,0,0,1702074,0.82
02/12/2016,0,0,30(5.63 %),0,0,0,0,1702074,0.82
05/12/2016,0,0,27(-10.00 %),0,0,0,0,1702074,0.82
06/12/2016,0,0,24.6(-8.89 %),0,0,0,0,1702074,0.82
07/12/2016,0,0,24.6(0.00 %),0,0,0,0,1702074,0.82
08/12/2016,0,0,25.9(5.28 %),0,0,0,0,1702074,0.82
09/12/2016,0,0,25.8(-0.39 %),0,0,0,0,1702074,0.82
12/12/2016,0,0,23.3(-9.69 %),0,0,0,0,1702074,0.82
13/12/2016,0,0,21.1(-9.44 %),0,0,0,0,1702074,0.82
14/12/2016,0,0,21.1(0.00 %),0,0,0,0,1702074,0.82
15/12/2016,0,0,21.1(0.00 %),0,0,0,0,1702074,0.82
16/12/2016,0,0,19(-9.95 %),0,0,0,0,1702074,0.82
19/12/2016,0,0,17.5(-7.89 %),0,0,0,0,1702074,0.82
20/12/2016,0,0,18.9(8.00 %),0,0,0,0,1702074,0.82
21/12/2016,0,0,20(5.82 %),0,0,0,0,1702074,0.82
22/12/2016,0,0,21.6(8.00 %),0,0,0,0,1702074,0.82
23/12/2016,200,4000000,23.4(8.33 %),200,4000000,0,0,1701874,0.82
26/12/2016,0,0,23.2(-0.85 %),0,0,0,0,1701874,0.82
27/12/2016,0,0,20.9(-9.91 %),0,0,0,0,6004559,-120.98
28/12/2016,0,0,20.9(0.00 %),0,0,0,0,6004559,-120.98
29/12/2016,0,0,22.7(8.61 %),0,0,0,0,6004559,-120.98
30/12/2016,0,0,22.7(0.00 %),0,0,0,0,6004559,-120.98
03/01/2017,0,0,20.5(-9.69 %),0,0,0,0,6004559,-120.98
04/01/2017,0,0,22.3(8.78 %),0,0,0,0,6004559,-120.98
05/01/2017,0,0,22.3(0.00 %),0,0,0,0,6004559,-120.98
06/01/2017,0,0,22.3(0.00 %),0,0,0,0,6004559,-120.98
09/01/2017,0,0,22.3(0.00 %),0,0,0,0,6004559,-120.98
10/01/2017,0,0,20.1(-9.87 %),0,0,0,0,6004559,-120.98
11/01/2017,0,0,20.1(0.00 %),0,0,0,0,6004559,-120.98
12/01/2017,0,0,20.1(0.00 %),0,0,0,0,6004559,-120.98
13/01/2017,0,0,20.1(0.00 %),0,0,0,0,6004559,-120.98
16/01/2017,0,0,18.3(-8.96 %),0,0,0,0,6004559,-120.98
17/01/2017,0,0,17(-7.10 %),0,0,0,0,6004559,-120.98
18/01/2017,0,0,15.3(-10.00 %),0,0,0,0,6004559,0.44
19/01/2017,0,0,14.9(-2.61 %),0,0,0,0,6004559,0.44
20/01/2017,0,0,16.1(8.05 %),0,0,0,0,6004559,0.44
23/01/2017,0,0,14.6(-9.32 %),0,0,0,0,6004559,0.44
24/01/2017,0,0,14.6(0.00 %),0,0,0,0,6004559,0.44
25/01/2017,0,0,13.2(-9.59 %),0,0,0,0,6004559,0.44
02/02/2017,0,0,14.4(9.09 %),0,0,0,0,6004559,0.44
03/02/2017,0,0,13(-9.72 %),0,0,0,0,6004559,0.44
06/02/2017,0,0,14.3(10.00 %),0,0,0,0,6004559,0.44
07/02/2017,0,0,15.5(8.39 %),0,0,0,0,6004559,0.44
08/02/2017,200,3100000,15.5(0.00 %),200,3100000,0,0,6004359,0.44
09/02/2017,0,0,15.5(0.00 %),0,0,0,0,6004359,0.44
10/02/2017,0,0,14.5(-6.45 %),0,0,0,0,6004359,0.44
13/02/2017,0,0,13.5(-6.90 %),0,0,0,0,6004359,0.44
14/02/2017,0,0,13.5(0.00 %),0,0,0,0,6004359,0.44
15/02/2017,0,0,14.8(9.63 %),0,0,0,0,6004359,0.44
16/02/2017,0,0,15(1.35 %),0,0,0,0,6004359,0.44
17/02/2017,0,0,16.5(10.00 %),0,0,0,0,6004359,0.44
20/02/2017,0,0,17.5(6.06 %),0,0,0,0,6004359,0.44
21/02/2017,0,0,18.5(5.71 %),0,0,0,0,6004359,0.44
22/02/2017,0,0,18.5(0.00 %),0,0,0,0,6004359,0.44
23/02/2017,0,0,19.9(7.57 %),0,0,0,0,6004359,0.44
24/02/2017,0,0,19.9(0.00 %),0,0,0,0,6004359,0.44
27/02/2017,300,5880000,19.7(-1.01 %),300,5880000,0,0,6004059,0.44
28/02/2017,0,0,17.8(-9.64 %),0,0,0,0,6004059,0.44
01/03/2017,0,0,17.8(0.00 %),0,0,0,0,6004059,0.44
02/03/2017,0,0,17.6(0.00 %),0,0,0,0,6004059,0.44
03/03/2017,0,0,17.5(-0.57 %),0,0,0,0,6004059,0.44
06/03/2017,0,0,19(8.57 %),0,0,0,0,6004059,0.44
07/03/2017,0,0,19(0.00 %),0,0,0,0,6004059,0.44
08/03/2017,100,1720000,17.3(-8.95 %),100,1720000,0,0,6003959,0.44
09/03/2017,0,0,16.3(-5.78 %),0,0,0,0,6003959,0.44
10/03/2017,0,0,16.4(0.61 %),0,0,0,0,6003959,0.44
13/03/2017,0,0,15(-8.54 %),0,0,0,0,6003959,0.44
14/03/2017,0,0,16(6.67 %),0,0,0,0,6003959,0.44
15/03/2017,0,0,16.5(3.12 %),0,0,0,0,6003959,0.44
16/03/2017,0,0,16(-3.03 %),0,0,0,0,6003959,0.44
17/03/2017,0,0,17.5(9.38 %),0,0,0,0,6003959,0.44
20/03/2017,0,0,17.5(0.00 %),0,0,0,0,6003959,0.44
21/03/2017,0,0,19.2(9.71 %),0,0,0,0,6003959,0.44
22/03/2017,0,0,21(9.38 %),0,0,0,0,6003959,0.44
23/03/2017,0,0,23(9.52 %),0,0,0,0,6003959,0.44
24/03/2017,0,0,25.3(10.00 %),0,0,0,0,6003959,0.44
27/03/2017,-200,-5000000,27(6.72 %),0,0,200,5000000,6003959,0.44
28/03/2017,0,0,27(0.00 %),0,0,0,0,6003959,0.44
29/03/2017,0,0,27(0.00 %),0,0,0,0,6003959,0.44
30/03/2017,0,0,27(0.00 %),0,0,0,0,6004159,0.44
31/03/2017,0,0,29.5(9.26 %),0,0,0,0,6004159,0.44
03/04/2017,0,0,29.5(0.00 %),0,0,0,0,6004159,0.44
04/04/2017,0,0,29.5(0.00 %),0,0,0,0,6004159,0.44
05/04/2017,0,0,31(5.08 %),0,0,0,0,6004159,0.44
07/04/2017,0,0,31(0.00 %),0,0,0,0,6004159,0.44
10/04/2017,0,0,31(0.00 %),0,0,0,0,6004159,0.44
11/04/2017,0,0,33.5(8.06 %),0,0,0,0,6004159,0.44
12/04/2017,0,0,35(4.48 %),0,0,0,0,6004159,0.44
13/04/2017,0,0,37(5.71 %),0,0,0,0,6004159,0.44
14/04/2017,0,0,37(0.00 %),0,0,0,0,6004159,0.44
17/04/2017,0,0,37(0.00 %),0,0,0,0,6004159,0.44
18/04/2017,0,0,37(0.00 %),0,0,0,0,6004159,0.44
19/04/2017,0,0,37(0.00 %),0,0,0,0,6004159,0.44
20/04/2017,0,0,37(0.00 %),0,0,0,0,6004159,0.44
21/04/2017,0,0,37(0.00 %),0,0,0,0,6004159,0.44
24/04/2017,0,0,37(0.00 %),0,0,0,0,6004159,0.44
25/04/2017,0,0,37(0.00 %),0,0,0,0,6004159,0.44
26/04/2017,0,0,37(0.00 %),0,0,0,0,6004159,0.44
27/04/2017,0,0,37(0.00 %),0,0,0,0,6004159,0.44
28/04/2017,0,0,37(0.00 %),0,0,0,0,6004159,0.44
03/05/2017,0,0,37(0.00 %),0,0,0,0,6004159,0.44
04/05/2017,0,0,34.8(-5.95 %),0,0,0,0,6004159,0.44
05/05/2017,0,0,35(0.57 %),0,0,0,0,6004159,0.44
08/05/2017,1000,33800000,34(-2.86 %),1000,33800000,0,0,6003159,0.45
09/05/2017,0,0,34(0.00 %),0,0,0,0,6003159,0.45
10/05/2017,0,0,34(0.00 %),0,0,0,0,6003159,0.45
11/05/2017,0,0,30.7(-9.71 %),0,0,0,0,6003159,0.45
12/05/2017,0,0,27.8(-9.45 %),0,0,0,0,6003159,0.45
15/05/2017,0,0,27.8(0.00 %),0,0,0,0,6003159,0.45
16/05/2017,0,0,25.2(-9.35 %),0,0,0,0,6003159,0.45
17/05/2017,0,0,23(-8.73 %),0,0,0,0,6003159,0.45
18/05/2017,0,0,22.1(-3.91 %),0,0,0,0,6003159,0.45
19/05/2017,0,0,20.2(-8.60 %),0,0,0,0,6003159,0.45
22/05/2017,0,0,20.2(0.00 %),0,0,0,0,6003159,0.45
23/05/2017,0,0,22(8.91 %),0,0,0,0,6003159,0.45
24/05/2017,0,0,24.1(9.55 %),0,0,0,0,6003159,0.45
25/05/2017,0,0,26.3(9.13 %),0,0,0,0,6003159,0.45
26/05/2017,0,0,24(-8.75 %),0,0,0,0,6003159,0.45
29/05/2017,0,0,26.3(9.58 %),0,0,0,0,6003159,0.45
30/05/2017,0,0,28.8(9.51 %),0,0,0,0,6003159,0.45
31/05/2017,0,0,29.9(3.82 %),0,0,0,0,6003159,0.45
01/06/2017,0,0,29.9(0.00 %),0,0,0,0,6003159,0.45
02/06/2017,0,0,29.9(0.00 %),0,0,0,0,6003159,0.45
05/06/2017,0,0,32.2(7.69 %),0,0,0,0,6003159,0.45
06/06/2017,0,0,33.9(5.28 %),0,0,0,0,6003159,0.45
07/06/2017,0,0,33.9(0.00 %),0,0,0,0,6003159,0.45
08/06/2017,0,0,33.9(0.00 %),0,0,0,0,6003159,0.45
09/06/2017,0,0,33.9(0.00 %),0,0,0,0,6003159,0.45
12/06/2017,0,0,33.9(0.00 %),0,0,0,0,6003159,0.45
13/06/2017,0,0,37(9.14 %),0,0,0,0,6003159,0.45
14/06/2017,0,0,37(0.00 %),0,0,0,0,6003159,0.45
15/06/2017,0,0,37(0.00 %),0,0,0,0,6003159,0.45
16/06/2017,0,0,37(0.00 %),0,0,0,0,6003159,0.45
19/06/2017,0,0,37(0.00 %),0,0,0,0,6003159,0.45
20/06/2017,0,0,37(0.00 %),0,0,0,0,6003159,0.45
21/06/2017,0,0,37(0.00 %),0,0,0,0,6003159,0.45
22/06/2017,0,0,37(0.00 %),0,0,0,0,6003159,0.45
23/06/2017,0,0,37(0.00 %),0,0,0,0,6003159,0.45
26/06/2017,0,0,37(0.00 %),0,0,0,0,6003159,0.45
27/06/2017,0,0,37(0.00 %),0,0,0,0,6003159,0.45
28/06/2017,0,0,37(0.00 %),0,0,0,0,6003159,0.45
29/06/2017,0,0,37(0.00 %),0,0,0,0,6003159,0.45
30/06/2017,0,0,37(0.00 %),0,0,0,0,6003159,0.45
03/07/2017,0,0,34.8(-5.95 %),0,0,0,0,6003159,0.45
04/07/2017,0,0,34.8(0.00 %),0,0,0,0,6003159,0.45
05/07/2017,0,0,34.8(0.00 %),0,0,0,0,6003159,0.45
06/07/2017,0,0,34.8(0.00 %),0,0,0,0,6003159,0.45
07/07/2017,0,0,36.9(6.03 %),0,0,0,0,6003159,0.45
10/07/2017,0,0,33.3(-9.76 %),0,0,0,0,6003159,0.45
11/07/2017,0,0,33.3(0.00 %),0,0,0,0,6003159,0.45
12/07/2017,0,0,33.3(0.00 %),0,0,0,0,6003159,0.45
13/07/2017,0,0,33.3(0.00 %),0,0,0,0,6003159,0.45
14/07/2017,0,0,30(-9.91 %),0,0,0,0,6003159,0.45
17/07/2017,0,0,27(-10.00 %),0,0,0,0,6003159,0.45
18/07/2017,0,0,24.3(-10.00 %),0,0,0,0,6003159,0.45
19/07/2017,0,0,26.6(9.47 %),0,0,0,0,6003159,0.45
20/07/2017,0,0,28.9(8.65 %),0,0,0,0,6003159,0.45
21/07/2017,0,0,31.5(9.00 %),0,0,0,0,6003159,0.45
24/07/2017,0,0,31.5(0.00 %),0,0,0,0,6003159,0.45
25/07/2017,0,0,31.5(0.00 %),0,0,0,0,6003159,0.45
26/07/2017,0,0,28.4(-9.84 %),0,0,0,0,6003159,0.45
27/07/2017,0,0,25.6(-9.86 %),0,0,0,0,6003159,0.45
28/07/2017,0,0,23.1(-9.77 %),0,0,0,0,6003159,0.45
31/07/2017,0,0,23.1(0.00 %),0,0,0,0,6003159,0.45
01/08/2017,0,0,25.3(9.52 %),0,0,0,0,6003159,0.45
02/08/2017,0,0,26.9(6.32 %),0,0,0,0,6003159,0.45
03/08/2017,0,0,29.3(8.92 %),0,0,0,0,6003159,0.45
04/08/2017,0,0,26.6(-9.22 %),0,0,0,0,6003159,0.45
07/08/2017,0,0,29(9.02 %),0,0,0,0,6003159,0.45
08/08/2017,0,0,29(0.00 %),0,0,0,0,6003159,0.45
09/08/2017,0,0,26.2(-9.66 %),0,0,0,0,6003159,0.45
10/08/2017,0,0,28.7(9.54 %),0,0,0,0,6003159,0.45
11/08/2017,0,0,28.7(0.00 %),0,0,0,0,6003159,0.45
14/08/2017,0,0,31.5(9.76 %),0,0,0,0,6003159,0.45
15/08/2017,0,0,34.3(8.89 %),0,0,0,0,6003159,0.45
16/08/2017,0,0,34.3(0.00 %),0,0,0,0,6003159,0.45
17/08/2017,0,0,37(7.87 %),0,0,0,0,6003159,0.45
18/08/2017,0,0,37(0.00 %),0,0,0,0,6003159,0.45
21/08/2017,0,0,37(0.00 %),0,0,0,0,6003159,0.45
22/08/2017,0,0,37(0.00 %),0,0,0,0,6003159,0.45
23/08/2017,0,0,37(0.00 %),0,0,0,0,6003159,0.45
24/08/2017,0,0,37(0.00 %),0,0,0,0,6003159,0.45
25/08/2017,0,0,37(0.00 %),0,0,0,0,6003159,0.45
28/08/2017,0,0,37(0.00 %),0,0,0,0,6003159,0.45
29/08/2017,0,0,37(0.00 %),0,0,0,0,6003159,0.45
30/08/2017,0,0,39.5(6.76 %),0,0,0,0,6003159,0.45
31/08/2017,0,0,39.5(0.00 %),0,0,0,0,6003159,0.45
01/09/2017,0,0,39.5(0.00 %),0,0,0,0,6003159,0.45
05/09/2017,0,0,35.6(-9.87 %),0,0,0,0,6003159,0.45
06/09/2017,0,0,35.6(0.00 %),0,0,0,0,6003159,0.45
07/09/2017,0,0,35.6(0.00 %),0,0,0,0,6003159,0.45
08/09/2017,0,0,35.6(0.00 %),0,0,0,0,6003159,0.45
11/09/2017,0,0,35.6(0.00 %),0,0,0,0,6003159,0.45
12/09/2017,0,0,33.3(-6.46 %),0,0,0,0,6003159,0.45
13/09/2017,0,0,33.3(0.00 %),0,0,0,0,6003159,0.45
14/09/2017,0,0,33.3(0.00 %),0,0,0,0,6003159,0.45
15/09/2017,0,0,33.3(0.00 %),0,0,0,0,6003159,0.45
18/09/2017,0,0,33.3(0.00 %),0,0,0,0,6003159,0.45
19/09/2017,0,0,34.3(3.00 %),0,0,0,0,6003159,0.45
20/09/2017,0,0,34.3(0.00 %),0,0,0,0,6003159,0.45
21/09/2017,0,0,36.2(5.54 %),0,0,0,0,6003159,0.45
22/09/2017,0,0,36.2(0.00 %),0,0,0,0,6003159,0.45
25/09/2017,0,0,36.2(0.00 %),0,0,0,0,6003159,0.45
26/09/2017,0,0,36.2(0.00 %),0,0,0,0,6003159,0.45
27/09/2017,0,0,36.2(0.00 %),0,0,0,0,6003159,0.45
28/09/2017,0,0,36.2(0.00 %),0,0,0,0,6003159,0.45
29/09/2017,0,0,36.2(0.00 %),0,0,0,0,6003159,0.45
02/10/2017,0,0,36.2(0.00 %),0,0,0,0,6003159,0.45
03/10/2017,0,0,36.2(0.00 %),0,0,0,0,6003159,0.45
04/10/2017,0,0,36.2(0.00 %),0,0,0,0,6003159,0.45
05/10/2017,0,0,36.2(0.00 %),0,0,0,0,6003159,0.45
06/10/2017,0,0,36.2(0.00 %),0,0,0,0,6003159,0.45
09/10/2017,0,0,36.2(0.00 %),0,0,0,0,6003159,0.45
10/10/2017,0,0,36.2(0.00 %),0,0,0,0,6003159,0.45
11/10/2017,0,0,36.2(0.00 %),0,0,0,0,6003159,0.45
12/10/2017,0,0,36.2(0.00 %),0,0,0,0,6003159,0.45
13/10/2017,0,0,36.2(0.00 %),0,0,0,0,6003159,0.45
16/10/2017,0,0,36.2(0.00 %),0,0,0,0,6003159,0.45
17/10/2017,0,0,39.3(8.56 %),0,0,0,0,6003159,0.45
18/10/2017,0,0,39.3(0.00 %),0,0,0,0,6003159,0.45
19/10/2017,0,0,39.3(0.00 %),0,0,0,0,6003159,0.45
20/10/2017,0,0,39.3(0.00 %),0,0,0,0,6003159,0.45
23/10/2017,0,0,39.3(0.00 %),0,0,0,0,6003159,0.45
24/10/2017,0,0,39.3(0.00 %),0,0,0,0,6003159,0.45
25/10/2017,0,0,39.3(0.00 %),0,0,0,0,6003159,0.45
26/10/2017,0,0,39.3(0.00 %),0,0,0,0,6003159,0.45
27/10/2017,0,0,39.3(0.00 %),0,0,0,0,6003159,0.45
30/10/2017,0,0,39.3(0.00 %),0,0,0,0,6003159,0.45
31/10/2017,0,0,39.3(0.00 %),0,0,0,0,6003159,0.45
01/11/2017,0,0,39.3(0.00 %),0,0,0,0,6003159,0.45
02/11/2017,0,0,39.3(0.00 %),0,0,0,0,6003159,0.45
03/11/2017,0,0,39.3(0.00 %),0,0,0,0,6003159,0.45
06/11/2017,0,0,39.3(0.00 %),0,0,0,0,6003159,0.45
07/11/2017,0,0,39.3(0.00 %),0,0,0,0,6003159,0.45
08/11/2017,0,0,39.3(0.00 %),0,0,0,0,6003159,0.45
09/11/2017,0,0,39.3(0.00 %),0,0,0,0,6003159,0.45
10/11/2017,0,0,39.3(0.00 %),0,0,0,0,6003159,0.45
13/11/2017,0,0,39.3(0.00 %),0,0,0,0,6003159,0.45
14/11/2017,0,0,39.3(0.00 %),0,0,0,0,6003159,0.45
15/11/2017,0,0,39.3(0.00 %),0,0,0,0,6003159,0.45
16/11/2017,0,0,39.3(0.00 %),0,0,0,0,6003159,0.45
17/11/2017,0,0,39.3(0.00 %),0,0,0,0,6003159,0.45
20/11/2017,0,0,39.3(0.00 %),0,0,0,0,6003159,0.45
21/11/2017,0,0,39.3(0.00 %),0,0,0,0,6003159,0.45
22/11/2017,0,0,39.3(0.00 %),0,0,0,0,6003159,0.45
23/11/2017,0,0,39.3(0.00 %),0,0,0,0,6003159,0.45
24/11/2017,0,0,39.3(0.00 %),0,0,0,0,6003159,0.45
27/11/2017,0,0,39.3(0.00 %),0,0,0,0,6003159,0.45
28/11/2017,0,0,39.3(0.00 %),0,0,0,0,6003159,0.45
29/11/2017,0,0,39.3(0.00 %),0,0,0,0,6003159,0.45
30/11/2017,0,0,39.3(0.00 %),0,0,0,0,6003159,0.45
01/12/2017,0,0,39.3(0.00 %),0,0,0,0,6003159,0.45
04/12/2017,0,0,39.3(0.00 %),0,0,0,0,6003159,0.45
05/12/2017,0,0,39.3(0.00 %),0,0,0,0,6003159,0.45
06/12/2017,0,0,39.3(0.00 %),0,0,0,0,6003159,0.45
07/12/2017,0,0,39.3(0.00 %),0,0,0,0,6003159,0.45
08/12/2017,0,0,39.3(0.00 %),0,0,0,0,6003159,0.45
11/12/2017,0,0,39.3(0.00 %),0,0,0,0,6003159,0.45
12/12/2017,0,0,39.3(0.00 %),0,0,0,0,6003159,0.45
13/12/2017,0,0,39.3(0.00 %),0,0,0,0,6003159,0.45
14/12/2017,0,0,39.3(0.00 %),0,0,0,0,6003159,0.45
15/12/2017,0,0,39.3(0.00 %),0,0,0,0,6003159,0.45
18/12/2017,0,0,39.3(0.00 %),0,0,0,0,6003159,0.45
19/12/2017,5,197500,39.3(0.00 %),5,197500,0,0,6003154,0.45
20/12/2017,0,0,39.3(0.00 %),0,0,0,0,6003154,0.45
21/12/2017,0,0,39.3(0.00 %),0,0,0,0,6003154,0.45
22/12/2017,0,0,39.3(0.00 %),0,0,0,0,6003154,0.45
25/12/2017,0,0,39.3(0.00 %),0,0,0,0,6003154,0.45
26/12/2017,0,0,39.3(0.00 %),0,0,0,0,6003154,0.45
27/12/2017,0,0,39.3(0.00 %),0,0,0,0,6003154,0.45
28/12/2017,0,0,39.3(0.00 %),0,0,0,0,6003154,0.45
29/12/2017,0,0,39.3(0.00 %),0,0,0,0,6003154,0.45
02/01/2018,0,0,39.3(0.00 %),0,0,0,0,6003154,0.45
03/01/2018,40,1600000,39.3(0.00 %),40,1600000,0,0,6003114,0.45
04/01/2018,600,22540000,38(-3.31 %),600,22540000,0,0,6002514,0.45
05/01/2018,0,0,38(0.00 %),0,0,0,0,6002514,0.45
08/01/2018,40,1480000,38(0.00 %),40,1480000,0,0,6002474,0.45
09/01/2018,0,0,38(0.00 %),0,0,0,0,6002474,0.45
10/01/2018,0,0,39.3(3.42 %),0,0,0,0,6002474,0.45
11/01/2018,0,0,35.4(-9.92 %),0,0,0,0,6002474,0.45
12/01/2018,0,0,35.4(0.00 %),0,0,0,0,6002474,0.45
15/01/2018,0,0,35.4(0.00 %),0,0,0,0,6002474,0.45
16/01/2018,-700,-24500000,31.9(-9.89 %),0,0,700,24500000,6002474,0.45
17/01/2018,0,0,31.9(0.00 %),0,0,0,0,6002474,0.45
18/01/2018,0,0,31.9(0.00 %),0,0,0,0,6002474,0.45
19/01/2018,0,0,31.9(0.00 %),0,0,0,0,6003174,0.45
22/01/2018,0,0,31.9(0.00 %),0,0,0,0,6003174,0.45
23/01/2018,0,0,31.9(0.00 %),0,0,0,0,6003174,0.45
24/01/2018,0,0,31.9(0.00 %),0,0,0,0,6003174,0.45
25/01/2018,0,0,31.9(0.00 %),0,0,0,0,6003174,0.45
26/01/2018,0,0,31.9(0.00 %),0,0,0,0,6003174,0.45
29/01/2018,0,0,32(0.31 %),0,0,0,0,6003174,0.45
30/01/2018,0,0,28.8(-10.00 %),0,0,0,0,6003174,0.45
31/01/2018,0,0,26(-9.72 %),0,0,0,0,6003174,0.45
01/02/2018,0,0,26(0.00 %),0,0,0,0,6003174,0.45
02/02/2018,0,0,28.6(10.00 %),0,0,0,0,6003174,0.45
05/02/2018,0,0,26(-9.09 %),0,0,0,0,6003174,0.45
06/02/2018,0,0,23.7(-8.85 %),0,0,0,0,6003174,0.45
07/02/2018,0,0,26(9.70 %),0,0,0,0,6003174,0.45
08/02/2018,0,0,28.6(10.00 %),0,0,0,0,6003174,0.45
09/02/2018,0,0,31.3(9.44 %),0,0,0,0,6003174,0.45
12/02/2018,0,0,34.2(9.27 %),0,0,0,0,6003174,0.45
13/02/2018,0,0,36.5(6.73 %),0,0,0,0,6003174,0.45
21/02/2018,0,0,36.5(0.00 %),0,0,0,0,6003174,0.45
22/02/2018,0,0,36.5(0.00 %),0,0,0,0,6003174,0.45
23/02/2018,0,0,36.5(0.00 %),0,0,0,0,6003174,0.45
26/02/2018,0,0,36.5(0.00 %),0,0,0,0,6003174,0.45
27/02/2018,0,0,40(9.59 %),0,0,0,0,6003174,0.45
28/02/2018,0,0,36(-10.00 %),0,0,0,0,6003174,0.45
01/03/2018,0,0,36(0.00 %),0,0,0,0,6003174,0.45
02/03/2018,0,0,36(0.00 %),0,0,0,0,6003174,0.45
05/03/2018,0,0,36(0.00 %),0,0,0,0,6003174,0.45
06/03/2018,0,0,36(0.00 %),0,0,0,0,6003174,0.45
07/03/2018,0,0,36(0.00 %),0,0,0,0,6003174,0.45
08/03/2018,0,0,37.5(4.17 %),0,0,0,0,6003174,0.45
09/03/2018,0,0,37.5(0.00 %),0,0,0,0,6003174,0.45
12/03/2018,0,0,39.5(5.33 %),0,0,0,0,6003174,0.45
13/03/2018,0,0,39.5(0.00 %),0,0,0,0,6003174,0.45
14/03/2018,0,0,39.5(0.00 %),0,0,0,0,6003174,0.45
15/03/2018,0,0,39.5(0.00 %),0,0,0,0,6003174,0.45
16/03/2018,0,0,39.5(0.00 %),0,0,0,0,6003174,0.45
19/03/2018,0,0,39.5(0.00 %),0,0,0,0,6003174,0.45
20/03/2018,100,3980000,39.8(0.76 %),100,3980000,0,0,6003074,0.45
21/03/2018,0,0,37(-7.04 %),0,0,0,0,6003074,0.45
22/03/2018,0,0,37(0.00 %),0,0,0,0,6003074,0.45
23/03/2018,0,0,37(0.00 %),0,0,0,0,6003074,0.45
26/03/2018,0,0,37(0.00 %),0,0,0,0,6003074,0.45
27/03/2018,0,0,37(0.00 %),0,0,0,0,6003074,0.45
28/03/2018,0,0,33.3(-10.00 %),0,0,0,0,6003074,0.45
29/03/2018,0,0,30(-9.91 %),0,0,0,0,6003074,0.45
30/03/2018,-600,-16210000,27(-10.00 %),0,0,600,16210000,6003074,0.45
02/04/2018,0,0,29.7(10.00 %),0,0,0,0,6003074,0.45
03/04/2018,0,0,32.5(9.43 %),0,0,0,0,6003074,0.45
04/04/2018,0,0,35.2(8.31 %),0,0,0,0,6003674,0.44
05/04/2018,0,0,35.2(0.00 %),0,0,0,0,6003674,0.44
06/04/2018,0,0,37.3(5.97 %),0,0,0,0,6003674,0.44
09/04/2018,0,0,37.3(0.00 %),0,0,0,0,6003674,0.44
10/04/2018,0,0,34.9(-6.43 %),0,0,0,0,6003674,0.44
11/04/2018,1000,33000000,31.6(-9.46 %),1000,33000000,0,0,6002674,0.45
12/04/2018,0,0,28.7(-9.18 %),0,0,0,0,6002674,0.45
13/04/2018,0,0,31.5(9.76 %),0,0,0,0,6002674,0.45
16/04/2018,0,0,34.5(9.52 %),0,0,0,0,6002674,0.45
17/04/2018,0,0,37(7.25 %),0,0,0,0,6002674,0.45
18/04/2018,0,0,37.4(1.08 %),0,0,0,0,6002674,0.45
19/04/2018,0,0,36.4(-2.67 %),0,0,0,0,6002674,0.45
20/04/2018,0,0,36.4(0.00 %),0,0,0,0,6002674,0.45
23/04/2018,0,0,36.4(0.00 %),0,0,0,0,6002674,0.45
24/04/2018,0,0,36.4(0.00 %),0,0,0,0,6002674,0.45
26/04/2018,0,0,36.4(0.00 %),0,0,0,0,6002674,0.45
27/04/2018,0,0,36.6(0.55 %),0,0,0,0,6002674,0.45
02/05/2018,0,0,40(9.29 %),0,0,0,0,6002674,0.45
03/05/2018,0,0,40(0.00 %),0,0,0,0,6002674,0.45
04/05/2018,0,0,43.8(9.50 %),0,0,0,0,6002674,0.45
07/05/2018,0,0,47.3(7.99 %),0,0,0,0,6002674,0.45
08/05/2018,200,9760000,48.8(3.17 %),200,9760000,0,0,6002474,0.45
09/05/2018,0,0,49.4(1.23 %),0,0,0,0,6002474,0.45
10/05/2018,0,0,49.4(0.00 %),0,0,0,0,6002474,0.45
11/05/2018,0,0,49.4(0.00 %),0,0,0,0,6002474,0.45
14/05/2018,0,0,49.4(0.00 %),0,0,0,0,6002474,0.45
15/05/2018,0,0,53.5(8.30 %),0,0,0,0,6002474,0.45
16/05/2018,0,0,53.5(0.00 %),0,0,0,0,6002474,0.45
17/05/2018,200,11000000,55(2.80 %),200,11000000,0,0,6002274,0.45
18/05/2018,0,0,55(0.00 %),0,0,0,0,6002274,0.45
21/05/2018,0,0,55(0.00 %),0,0,0,0,6002274,0.45
22/05/2018,-1,-55000,55(0.00 %),0,0,1,55000,6002274,0.45
23/05/2018,0,0,55(0.00 %),0,0,0,0,6002274,0.45
24/05/2018,0,0,55(0.00 %),0,0,0,0,6002274,0.45
25/05/2018,0,0,55.5(0.91 %),0,0,0,0,6002275,0.45
28/05/2018,0,0,55.5(0.00 %),0,0,0,0,6002275,0.45
29/05/2018,0,0,55.5(0.00 %),0,0,0,0,6002275,0.45
30/05/2018,0,0,60(8.11 %),0,0,0,0,6002275,0.45
31/05/2018,0,0,60(0.00 %),0,0,0,0,6002275,0.45
01/06/2018,0,0,64(6.67 %),0,0,0,0,6002275,0.45
04/06/2018,0,0,64(0.00 %),0,0,0,0,6002275,0.45
05/06/2018,0,0,64(0.00 %),0,0,0,0,6002275,0.45
06/06/2018,0,0,64(0.00 %),0,0,0,0,6002275,0.45
07/06/2018,0,0,64(0.00 %),0,0,0,0,6002275,0.45
08/06/2018,0,0,64(0.00 %),0,0,0,0,6002275,0.45
11/06/2018,0,0,64(0.00 %),0,0,0,0,6002275,0.45
12/06/2018,0,0,64(0.00 %),0,0,0,0,6002275,0.45
13/06/2018,0,0,64(0.00 %),0,0,0,0,6002275,0.45
14/06/2018,0,0,64(0.00 %),0,0,0,0,6002275,0.45
15/06/2018,0,0,64(0.00 %),0,0,0,0,6002275,0.45
18/06/2018,-300,-18900000,70(9.38 %),0,0,300,18900000,6002275,0.45
19/06/2018,100,7000000,70(0.00 %),100,7000000,0,0,6002175,0.45
20/06/2018,0,0,70(0.00 %),0,0,0,0,6002175,0.45
21/06/2018,0,0,70(0.00 %),0,0,0,0,6002475,0.45
22/06/2018,0,0,75(7.14 %),0,0,0,0,6002475,0.45
25/06/2018,0,0,75(0.00 %),0,0,0,0,6002475,0.45
26/06/2018,0,0,75(0.00 %),0,0,0,0,6002475,0.45
27/06/2018,0,0,75(0.00 %),0,0,0,0,6002475,0.45
28/06/2018,0,0,75(0.00 %),0,0,0,0,6002475,0.45
29/06/2018,0,0,75(0.00 %),0,0,0,0,6002475,0.45
02/07/2018,0,0,75(0.00 %),0,0,0,0,6002475,0.45
03/07/2018,0,0,75(0.00 %),0,0,0,0,6002475,0.45
04/07/2018,0,0,75(0.00 %),0,0,0,0,6002475,0.45
05/07/2018,0,0,75(0.00 %),0,0,0,0,6002475,0.45
06/07/2018,0,0,75(0.00 %),0,0,0,0,6002475,0.45
09/07/2018,0,0,75(0.00 %),0,0,0,0,6002475,0.45
10/07/2018,0,0,75(0.00 %),0,0,0,0,6002475,0.45
11/07/2018,0,0,75(0.00 %),0,0,0,0,6002475,0.45
12/07/2018,0,0,75(0.00 %),0,0,0,0,6002475,0.45
13/07/2018,0,0,75(0.00 %),0,0,0,0,6002475,0.45
16/07/2018,0,0,75(0.00 %),0,0,0,0,6002475,0.45
17/07/2018,0,0,75(0.00 %),0,0,0,0,6002475,0.45
18/07/2018,0,0,75(0.00 %),0,0,0,0,6002475,0.45
19/07/2018,0,0,75(0.00 %),0,0,0,0,6002475,0.45
20/07/2018,0,0,74.4(0.00 %),0,0,0,0,6002475,0.45
23/07/2018,0,0,74.4(0.00 %),0,0,0,0,6002475,0.45
24/07/2018,0,0,74.4(0.00 %),0,0,0,0,6002475,0.45
25/07/2018,0,0,67(-9.95 %),0,0,0,0,6002475,0.45
26/07/2018,0,0,73.3(9.40 %),0,0,0,0,6002475,0.45
27/07/2018,0,0,73.3(0.00 %),0,0,0,0,6002475,0.45
30/07/2018,0,0,66(-9.96 %),0,0,0,0,6002475,0.45
31/07/2018,0,0,59.4(-10.00 %),0,0,0,0,6002475,0.45
01/08/2018,0,0,59.4(0.00 %),0,0,0,0,6002475,0.45
02/08/2018,0,0,59.4(0.00 %),0,0,0,0,6002475,0.45
03/08/2018,-200,-10700000,53.5(-9.93 %),0,0,200,10700000,6002475,0.45
06/08/2018,0,0,48.2(-9.91 %),0,0,0,0,6002475,0.45
07/08/2018,0,0,52.9(9.75 %),0,0,0,0,6002475,0.45
08/08/2018,0,0,52.9(0.00 %),0,0,0,0,6002675,0.45
09/08/2018,0,0,52.9(0.00 %),0,0,0,0,6002675,0.45
10/08/2018,0,0,58(9.64 %),0,0,0,0,6002675,0.45
13/08/2018,0,0,63.7(9.83 %),0,0,0,0,6002675,0.45
14/08/2018,0,0,63.7(0.00 %),0,0,0,0,6002675,0.45
15/08/2018,0,0,63.7(0.00 %),0,0,0,0,6002675,0.45
16/08/2018,0,0,57.4(-9.89 %),0,0,0,0,6002675,0.45
17/08/2018,0,0,63(9.76 %),0,0,0,0,6002675,0.45
20/08/2018,0,0,63(0.00 %),0,0,0,0,6002675,0.45
21/08/2018,0,0,56.7(-10.00 %),0,0,0,0,6002675,0.45
22/08/2018,0,0,56.7(0.00 %),0,0,0,0,6002675,0.45
23/08/2018,-10,-567000,56.6(-0.18 %),0,0,10,567000,6002675,0.45
24/08/2018,0,0,51(-9.89 %),0,0,0,0,6002675,0.45
27/08/2018,0,0,51.5(0.98 %),0,0,0,0,6002675,0.45
28/08/2018,0,0,56.4(9.51 %),0,0,0,0,6002685,0.45
29/08/2018,0,0,57.9(2.66 %),0,0,0,0,6002685,0.45
30/08/2018,0,0,57.9(0.00 %),0,0,0,0,6002685,0.45
31/08/2018,0,0,57.9(0.00 %),0,0,0,0,6002685,0.45
04/09/2018,0,0,52.2(-9.84 %),0,0,0,0,6002685,0.45
05/09/2018,0,0,47.1(-9.77 %),0,0,0,0,6002685,0.45
06/09/2018,0,0,42.5(-9.77 %),0,0,0,0,6002685,0.45
07/09/2018,0,0,46.3(8.94 %),0,0,0,0,6002685,0.45
10/09/2018,0,0,46.3(0.00 %),0,0,0,0,6002685,0.45
11/09/2018,0,0,46.3(0.00 %),0,0,0,0,6002685,0.45
12/09/2018,0,0,46.3(0.00 %),0,0,0,0,6002685,0.45
13/09/2018,0,0,46.3(0.00 %),0,0,0,0,6002685,0.45
14/09/2018,0,0,46.3(0.00 %),0,0,0,0,6002685,0.45
17/09/2018,0,0,41.7(-9.94 %),0,0,0,0,6002685,0.45
18/09/2018,0,0,44.9(7.67 %),0,0,0,0,6002685,0.45
19/09/2018,0,0,44.9(0.00 %),0,0,0,0,6002685,0.45
20/09/2018,0,0,44.9(0.00 %),0,0,0,0,6002685,0.45
21/09/2018,0,0,40.5(-9.80 %),0,0,0,0,6002685,0.45
24/09/2018,0,0,43.8(8.15 %),0,0,0,0,6002685,0.45
25/09/2018,0,0,46.2(5.48 %),0,0,0,0,6002685,0.45
26/09/2018,-20,-832000,46.2(0.00 %),0,0,20,832000,6002685,0.45
27/09/2018,0,0,46.2(0.00 %),0,0,0,0,6002685,0.45
28/09/2018,0,0,46.2(0.00 %),0,0,0,0,6002685,0.45
01/10/2018,0,0,46.2(0.00 %),0,0,0,0,6002705,0.45
02/10/2018,0,0,46.2(0.00 %),0,0,0,0,6002705,0.45
03/10/2018,0,0,41.6(-9.96 %),0,0,0,0,6002705,0.45
04/10/2018,0,0,37.7(-9.38 %),0,0,0,0,6002705,0.45
05/10/2018,0,0,41.3(9.55 %),0,0,0,0,6002705,0.45
08/10/2018,0,0,45.3(9.69 %),0,0,0,0,6002705,0.45
09/10/2018,0,0,49.7(9.71 %),0,0,0,0,6002705,0.45
10/10/2018,0,0,49.7(0.00 %),0,0,0,0,6002705,0.45
11/10/2018,0,0,49.7(0.00 %),0,0,0,0,6002705,0.45
12/10/2018,0,0,49.7(0.00 %),0,0,0,0,6002705,0.45
15/10/2018,0,0,49.7(0.00 %),0,0,0,0,6002705,0.45
16/10/2018,0,0,49.7(0.00 %),0,0,0,0,6002705,0.45
17/10/2018,0,0,49.7(0.00 %),0,0,0,0,6002705,0.45
18/10/2018,0,0,49.7(0.00 %),0,0,0,0,6002705,0.45
19/10/2018,0,0,49.7(0.00 %),0,0,0,0,6002705,0.45
22/10/2018,0,0,49.7(0.00 %),0,0,0,0,6002705,0.45
23/10/2018,0,0,49.7(0.00 %),0,0,0,0,6002705,0.45
24/10/2018,0,0,49.7(0.00 %),0,0,0,0,6002705,0.45
25/10/2018,0,0,49.7(0.00 %),0,0,0,0,6002705,0.45
26/10/2018,0,0,49.7(0.00 %),0,0,0,0,6002705,0.45
29/10/2018,0,0,49.7(0.00 %),0,0,0,0,6002705,0.45
30/10/2018,0,0,49.7(0.00 %),0,0,0,0,6002705,0.45
31/10/2018,0,0,49.7(0.00 %),0,0,0,0,6002705,0.45
01/11/2018,0,0,49.7(0.00 %),0,0,0,0,6002705,0.45
02/11/2018,0,0,49.7(0.00 %),0,0,0,0,6002705,0.45
05/11/2018,0,0,49.7(0.00 %),0,0,0,0,6002705,0.45
06/11/2018,0,0,49.7(0.00 %),0,0,0,0,6002705,0.45
07/11/2018,0,0,49.7(0.00 %),0,0,0,0,6002705,0.45
08/11/2018,0,0,44.8(-9.86 %),0,0,0,0,6002705,0.45
09/11/2018,0,0,40.4(-9.82 %),0,0,0,0,6002705,0.45
12/11/2018,0,0,36.4(-9.90 %),0,0,0,0,6002705,0.45
13/11/2018,0,0,39.9(9.62 %),0,0,0,0,6002705,0.45
14/11/2018,0,0,43.6(9.27 %),0,0,0,0,6002705,0.45
15/11/2018,0,0,47.8(9.63 %),0,0,0,0,6002705,0.45
16/11/2018,0,0,50(4.60 %),0,0,0,0,6002705,0.45
19/11/2018,0,0,51.5(3.00 %),0,0,0,0,6002705,0.45
20/11/2018,0,0,51.5(0.00 %),0,0,0,0,6002705,0.45
21/11/2018,0,0,51.5(0.00 %),0,0,0,0,6002705,0.45
22/11/2018,0,0,51.5(0.00 %),0,0,0,0,6002705,0.45
23/11/2018,0,0,51.5(0.00 %),0,0,0,0,6002705,0.45
26/11/2018,0,0,51.5(0.00 %),0,0,0,0,6002705,0.45
27/11/2018,0,0,56.5(9.71 %),0,0,0,0,6002705,0.45
28/11/2018,0,0,56.5(0.00 %),0,0,0,0,6002705,0.45
29/11/2018,0,0,56.5(0.00 %),0,0,0,0,6002705,0.45
03/12/2018,0,0,56.5(0.00 %),0,0,0,0,6002705,0.45
04/12/2018,0,0,56.5(0.00 %),0,0,0,0,6002705,0.45
05/12/2018,-200,-11200000,62(9.73 %),0,0,200,11200000,6002705,0.45
06/12/2018,0,0,62(0.00 %),0,0,0,0,6002705,0.45
07/12/2018,0,0,62(0.00 %),0,0,0,0,6002705,0.45
10/12/2018,0,0,62(0.00 %),0,0,0,0,6002905,0.45
11/12/2018,0,0,68(9.68 %),0,0,0,0,6002905,0.45
12/12/2018,0,0,68(0.00 %),0,0,0,0,6002905,0.45
13/12/2018,0,0,68(0.00 %),0,0,0,0,6002905,0.45
14/12/2018,0,0,68(0.00 %),0,0,0,0,6002905,0.45
17/12/2018,0,0,68(0.00 %),0,0,0,0,6002905,0.45
18/12/2018,0,0,68(0.00 %),0,0,0,0,6002905,0.45
19/12/2018,0,0,68(0.00 %),0,0,0,0,6002905,0.45
20/12/2018,0,0,68(0.00 %),0,0,0,0,6002905,0.45
21/12/2018,0,0,68(0.00 %),0,0,0,0,6002905,0.45
24/12/2018,0,0,68(0.00 %),0,0,0,0,6002905,0.45
25/12/2018,0,0,68(0.00 %),0,0,0,0,6002905,0.45
26/12/2018,0,0,68(0.00 %),0,0,0,0,6002905,0.45
27/12/2018,0,0,68(0.00 %),0,0,0,0,6002905,0.45
28/12/2018,0,0,68(0.00 %),0,0,0,0,6002905,0.45
02/01/2019,0,0,68(0.00 %),0,0,0,0,6002905,0.45
03/01/2019,0,0,68(0.00 %),0,0,0,0,6002905,0.45
04/01/2019,0,0,68(0.00 %),0,0,0,0,6002905,0.45
07/01/2019,0,0,68(0.00 %),0,0,0,0,6002905,0.45
08/01/2019,0,0,68(0.00 %),0,0,0,0,6002905,0.45
09/01/2019,0,0,68(0.00 %),0,0,0,0,6002905,0.45
10/01/2019,0,0,68(0.00 %),0,0,0,0,6002905,0.45
11/01/2019,0,0,68(0.00 %),0,0,0,0,6002905,0.45
14/01/2019,0,0,68(0.00 %),0,0,0,0,6002905,0.45
15/01/2019,0,0,68(0.00 %),0,0,0,0,6002905,0.45
16/01/2019,0,0,68(0.00 %),0,0,0,0,6002905,0.45
17/01/2019,0,0,68(0.00 %),0,0,0,0,6002905,0.45
18/01/2019,0,0,68(0.00 %),0,0,0,0,6002905,0.45
21/01/2019,0,0,68(0.00 %),0,0,0,0,6002905,0.0
22/01/2019,0,0,68(0.00 %),0,0,0,0,6002905,0.45
23/01/2019,0,0,68(0.00 %),0,0,0,0,6002905,0.45
24/01/2019,0,0,68(0.00 %),0,0,0,0,6002905,0.0
25/01/2019,0,0,68(0.00 %),0,0,0,0,6002905,0.45
28/01/2019,0,0,68(0.00 %),0,0,0,0,6002905,0.0
29/01/2019,0,0,68(0.00 %),0,0,0,0,6002905,0.45
30/01/2019,0,0,68(0.00 %),0,0,0,0,6002905,0.0
31/01/2019,0,0,68(0.00 %),0,0,0,0,6002905,0.45
01/02/2019,0,0,68(0.00 %),0,0,0,0,6002905,0.45
11/02/2019,0,0,68(0.00 %),0,0,0,0,6002905,0.45
12/02/2019,0,0,68(0.00 %),0,0,0,0,6002905,0.45
13/02/2019,0,0,68(0.00 %),0,0,0,0,6002905,0.45
14/02/2019,0,0,68(0.00 %),0,0,0,0,6002905,0.45
15/02/2019,0,0,68(0.00 %),0,0,0,0,6002905,0.45
18/02/2019,0,0,68(0.00 %),0,0,0,0,6002905,0.45
19/02/2019,0,0,68(0.00 %),0,0,0,0,6002905,0.45
20/02/2019,0,0,68(0.00 %),0,0,0,0,6002905,0.45
21/02/2019,0,0,68(0.00 %),0,0,0,0,6002905,0.45
22/02/2019,0,0,68(0.00 %),0,0,0,0,6002905,0.0
25/02/2019,0,0,68(0.00 %),0,0,0,0,6002905,0.45
26/02/2019,0,0,68(0.00 %),0,0,0,0,6002905,0.45
27/02/2019,0,0,68(0.00 %),0,0,0,0,6002905,0.45
28/02/2019,0,0,68(0.00 %),0,0,0,0,6002905,0.45
01/03/2019,0,0,68(0.00 %),0,0,0,0,6002905,0.45
04/03/2019,0,0,68(0.00 %),0,0,0,0,6002905,0.45
05/03/2019,0,0,61.2(-10.00 %),0,0,0,0,6002905,0.0
06/03/2019,0,0,61.2(0.00 %),0,0,0,0,6002905,0.45
07/03/2019,0,0,55.1(-9.97 %),0,0,0,0,6002905,0.0
08/03/2019,0,0,55.1(0.00 %),0,0,0,0,6002905,0.0
11/03/2019,0,0,49.6(-9.98 %),0,0,0,0,6002905,0.0
12/03/2019,0,0,45(-9.27 %),0,0,0,0,6002905,0.45
13/03/2019,0,0,45(0.00 %),0,0,0,0,6002905,0.45
14/03/2019,0,0,45(0.00 %),0,0,0,0,6002905,0.45
15/03/2019,0,0,49.5(10.00 %),0,0,0,0,6002905,0.0
18/03/2019,0,0,49.5(0.00 %),0,0,0,0,6002905,0.45
19/03/2019,-200,-9900000,54(9.09 %),0,0,200,9900000,6003105,0.45
20/03/2019,0,0,59.3(9.81 %),0,0,0,0,6003105,0.0
21/03/2019,0,0,59.3(0.00 %),0,0,0,0,6003105,0.45
22/03/2019,0,0,59.3(0.00 %),0,0,0,0,6003105,0.45
25/03/2019,0,0,59.3(0.00 %),0,0,0,0,6003105,0.0
26/03/2019,0,0,59.3(0.00 %),0,0,0,0,6003105,0.45
27/03/2019,0,0,59.3(0.00 %),0,0,0,0,6003105,0.45
28/03/2019,0,0,59.3(0.00 %),0,0,0,0,6003105,0.45
29/03/2019,0,0,59.3(0.00 %),0,0,0,0,6003105,0.45
01/04/2019,0,0,59.3(0.00 %),0,0,0,0,6003105,0.45
02/04/2019,0,0,59.3(0.00 %),0,0,0,0,6003105,0.45
03/04/2019,0,0,59.3(0.00 %),0,0,0,0,6003105,0.45
04/04/2019,0,0,59.3(0.00 %),0,0,0,0,6003105,0.45
05/04/2019,0,0,59.3(0.00 %),0,0,0,0,6003105,0.45
08/04/2019,0,0,59.3(0.00 %),0,0,0,0,6003105,0.45
09/04/2019,0,0,59.3(0.00 %),0,0,0,0,6003105,0.45
10/04/2019,0,0,59.3(0.00 %),0,0,0,0,6003105,0.45
11/04/2019,0,0,59.3(0.00 %),0,0,0,0,6003105,0.45
12/04/2019,0,0,59.3(0.00 %),0,0,0,0,6003105,0.45
16/04/2019,0,0,59.3(0.00 %),0,0,0,0,6003105,0.0
17/04/2019,0,0,64(7.93 %),0,0,0,0,6003105,0.45
18/04/2019,0,0,64(0.00 %),0,0,0,0,6003105,0.45
19/04/2019,0,0,64(0.00 %),0,0,0,0,6003105,0.45
22/04/2019,0,0,64(0.00 %),0,0,0,0,6003105,0.45
23/04/2019,0,0,64(0.00 %),0,0,0,0,6003105,0.45
24/04/2019,0,0,64(0.00 %),0,0,0,0,6003105,0.45
25/04/2019,0,0,64(0.00 %),0,0,0,0,6003105,0.45
26/04/2019,0,0,57.6(-10.00 %),0,0,0,0,6003105,0.45
02/05/2019,0,0,57.6(0.00 %),0,0,0,0,6003105,0.0
03/05/2019,0,0,57.6(0.00 %),0,0,0,0,6003105,0.45
06/05/2019,0,0,57.6(0.00 %),0,0,0,0,6003105,0.45
07/05/2019,0,0,57.6(0.00 %),0,0,0,0,6003105,0.45
08/05/2019,0,0,57(0.00 %),0,0,0,0,6003105,0.45
09/05/2019,0,0,57(0.00 %),0,0,0,0,6003105,0.45
10/05/2019,0,0,57(0.00 %),0,0,0,0,6003105,0.45
13/05/2019,0,0,57(0.00 %),0,0,0,0,6003105,0.45
14/05/2019,0,0,57(0.00 %),0,0,0,0,6003105,0.45
15/05/2019,0,0,57(0.00 %),0,0,0,0,6003105,0.45
16/05/2019,0,0,57(0.00 %),0,0,0,0,6003105,0.45
17/05/2019,0,0,57(0.00 %),0,0,0,0,6003105,0.45
20/05/2019,0,0,57(0.00 %),0,0,0,0,6003105,0.45
27/05/2019,0,0,57(0.00 %),0,0,0,0,6003105,0.45
28/05/2019,0,0,57(0.00 %),0,0,0,0,6003105,0.45
29/05/2019,0,0,57(0.00 %),0,0,0,0,6003105,0.45
30/05/2019,0,0,57(0.00 %),0,0,0,0,6003105,0.45
31/05/2019,0,0,57(0.00 %),0,0,0,0,6003105,0.45
03/06/2019,0,0,57(0.00 %),0,0,0,0,6003105,0.45
04/06/2019,0,0,57(0.00 %),0,0,0,0,6003105,0.45
05/06/2019,0,0,57(0.00 %),0,0,0,0,6003105,0.45
06/06/2019,0,0,57(0.00 %),0,0,0,0,6003105,0.45
07/06/2019,0,0,57(0.00 %),0,0,0,0,6003105,0.45
10/06/2019,0,0,57(0.00 %),0,0,0,0,6003105,0.45
11/06/2019,0,0,57(0.00 %),0,0,0,0,6003105,0.45
12/06/2019,0,0,57(0.00 %),0,0,0,0,6003105,0.45
13/06/2019,0,0,57(0.00 %),0,0,0,0,6003105,0.45
14/06/2019,0,0,57(0.00 %),0,0,0,0,6003105,0.45
17/06/2019,0,0,57(0.00 %),0,0,0,0,6003105,0.45
18/06/2019,0,0,57(0.00 %),0,0,0,0,6003105,0.45
19/06/2019,0,0,60.5(6.14 %),0,0,0,0,6003105,0.45
20/06/2019,0,0,60.5(0.00 %),0,0,0,0,6003105,0.45
21/06/2019,0,0,59.5(-1.65 %),0,0,0,0,6003105,0.45
24/06/2019,0,0,59.5(0.00 %),0,0,0,0,6003105,0.45
25/06/2019,0,0,59.5(0.00 %),0,0,0,0,6003105,0.45
26/06/2019,0,0,59.5(0.00 %),0,0,0,0,6003105,0.45
27/06/2019,0,0,59.5(0.00 %),0,0,0,0,6003105,0.45
28/06/2019,0,0,59.5(0.00 %),0,0,0,0,6003105,0.0
01/07/2019,0,0,59.5(0.00 %),0,0,0,0,6003105,0.45
02/07/2019,0,0,59.5(0.00 %),0,0,0,0,6003105,0.45
03/07/2019,0,0,59.5(0.00 %),0,0,0,0,6003105,0.45
04/07/2019,0,0,59.5(0.00 %),0,0,0,0,6003105,0.0
05/07/2019,0,0,59.5(0.00 %),0,0,0,0,6003105,0.45
08/07/2019,0,0,59.5(0.00 %),0,0,0,0,6003105,0.45
09/07/2019,0,0,59.5(0.00 %),0,0,0,0,6003105,0.45
10/07/2019,0,0,59.5(0.00 %),0,0,0,0,6003105,0.45
11/07/2019,0,0,59.5(0.00 %),0,0,0,0,6003105,0.45
12/07/2019,0,0,59.5(0.00 %),0,0,0,0,6003105,0.45
15/07/2019,0,0,59.5(0.00 %),0,0,0,0,6003105,0.45
16/07/2019,0,0,59.5(0.00 %),0,0,0,0,6003105,0.45
17/07/2019,0,0,59.5(0.00 %),0,0,0,0,6003105,0.45
18/07/2019,0,0,59.5(0.00 %),0,0,0,0,6003105,0.45
19/07/2019,0,0,59.5(0.00 %),0,0,0,0,6003105,0.45
22/07/2019,0,0,59.5(0.00 %),0,0,0,0,6003105,0.45
23/07/2019,0,0,59.5(0.00 %),0,0,0,0,6003105,0.45
24/07/2019,0,0,59.5(0.00 %),0,0,0,0,6003105,0.45
25/07/2019,0,0,59.5(0.00 %),0,0,0,0,6003105,0.45
26/07/2019,0,0,59.5(0.00 %),0,0,0,0,6003105,0.45
29/07/2019,0,0,59.5(0.00 %),0,0,0,0,6003105,0.45
30/07/2019,0,0,59.5(0.00 %),0,0,0,0,6003105,0.45
31/07/2019,0,0,59.5(0.00 %),0,0,0,0,6003105,0.45
01/08/2019,0,0,59.5(0.00 %),0,0,0,0,6003105,0.45
02/08/2019,0,0,59.5(0.00 %),0,0,0,0,6003105,0.45
05/08/2019,0,0,59.5(0.00 %),0,0,0,0,6003105,0.45
06/08/2019,0,0,59.5(0.00 %),0,0,0,0,6003105,0.45
07/08/2019,0,0,59.5(0.00 %),0,0,0,0,6003105,0.45
08/08/2019,0,0,59.5(0.00 %),0,0,0,0,6003105,0.45
09/08/2019,0,0,59.5(0.00 %),0,0,0,0,6003105,0.45
12/08/2019,0,0,59.5(0.00 %),0,0,0,0,6003105,0.45
13/08/2019,0,0,59.5(0.00 %),0,0,0,0,6003105,0.0
14/08/2019,0,0,53.6(-9.92 %),0,0,0,0,6003105,0.0
15/08/2019,0,0,53.6(0.00 %),0,0,0,0,6003105,0.0
16/08/2019,0,0,53.6(0.00 %),0,0,0,0,6003105,0.45
19/08/2019,0,0,53.6(0.00 %),0,0,0,0,6003105,0.45
20/08/2019,0,0,53.6(0.00 %),0,0,0,0,6003105,0.45
21/08/2019,0,0,53.6(0.00 %),0,0,0,0,6003105,0.45
22/08/2019,0,0,48.3(-9.89 %),0,0,0,0,6003105,0.45
23/08/2019,0,0,53(9.73 %),0,0,0,0,6003105,0.45
26/08/2019,0,0,53(0.00 %),0,0,0,0,6003105,0.45
27/08/2019,0,0,53(0.00 %),0,0,0,0,6003105,0.45
28/08/2019,0,0,53(0.00 %),0,0,0,0,6003105,0.0
29/08/2019,0,0,53(0.00 %),0,0,0,0,6003105,0.45
30/08/2019,0,0,47.7(-10.00 %),0,0,0,0,6003105,0.45
03/09/2019,0,0,52.3(9.64 %),0,0,0,0,6003105,0.45
04/09/2019,0,0,56.5(8.03 %),0,0,0,0,6003105,0.45
05/09/2019,0,0,50.9(-9.91 %),0,0,0,0,6003105,0.45
06/09/2019,0,0,54.5(7.07 %),0,0,0,0,6003105,0.45
09/09/2019,0,0,54.5(0.00 %),0,0,0,0,6003105,0.45
10/09/2019,0,0,54.5(0.00 %),0,0,0,0,6003105,0.45
11/09/2019,0,0,54.5(0.00 %),0,0,0,0,6003105,0.45
12/09/2019,0,0,54.5(0.00 %),0,0,0,0,6003105,0.45
13/09/2019,0,0,54.5(0.00 %),0,0,0,0,6003105,0.0
16/09/2019,0,0,51(-6.42 %),0,0,0,0,6003105,0.45
17/09/2019,0,0,51(0.00 %),0,0,0,0,6003105,0.45
18/09/2019,0,0,51(0.00 %),0,0,0,0,6003105,0.45
19/09/2019,0,0,55.5(8.82 %),0,0,0,0,6003105,0.45
20/09/2019,0,0,55.5(0.00 %),0,0,0,0,6003105,0.45
23/09/2019,0,0,55.5(0.00 %),0,0,0,0,6003105,0.45
24/09/2019,0,0,55.5(0.00 %),0,0,0,0,6003105,0.45
25/09/2019,0,0,55.5(0.00 %),0,0,0,0,6003105,0.45
26/09/2019,0,0,57.5(3.60 %),0,0,0,0,6003105,0.45
27/09/2019,0,0,62.5(8.70 %),0,0,0,0,6003105,0.45
30/09/2019,0,0,62.5(0.00 %),0,0,0,0,6003105,0.45
01/10/2019,0,0,62.5(0.00 %),0,0,0,0,6003105,0.45
02/10/2019,0,0,62.5(0.00 %),0,0,0,0,6003105,0.45
03/10/2019,0,0,62.5(0.00 %),0,0,0,0,6003105,0.45
04/10/2019,0,0,62.5(0.00 %),0,0,0,0,6003105,0.45
07/10/2019,0,0,62.5(0.00 %),0,0,0,0,6003105,0.45
08/10/2019,0,0,62.5(0.00 %),0,0,0,0,6003105,0.45
09/10/2019,0,0,56.3(-9.92 %),0,0,0,0,6003105,0.45
10/10/2019,0,0,50.7(-9.95 %),0,0,0,0,6003105,0.45
11/10/2019,0,0,45.7(-9.86 %),0,0,0,0,6003105,0.45
14/10/2019,0,0,41.3(-9.63 %),0,0,0,0,6003105,0.45
15/10/2019,0,0,40.3(-2.42 %),0,0,0,0,6003105,0.45
16/10/2019,0,0,36.5(-9.43 %),0,0,0,0,6003105,0.45
17/10/2019,0,0,36.5(0.00 %),0,0,0,0,6003105,0.45
18/10/2019,0,0,40.1(9.86 %),0,0,0,0,6003105,0.45
21/10/2019,0,0,40.1(0.00 %),0,0,0,0,6003105,0.45
22/10/2019,0,0,43.8(9.23 %),0,0,0,0,6003105,0.45
23/10/2019,0,0,43.8(0.00 %),0,0,0,0,6003105,0.45
24/10/2019,0,0,45.8(4.57 %),0,0,0,0,6003105,0.45
25/10/2019,0,0,50(9.17 %),0,0,0,0,6003105,0.45
28/10/2019,0,0,52(4.00 %),0,0,0,0,6003105,0.45
29/10/2019,100,5130000,51.3(-1.35 %),100,5130000,0,0,6003005,0.45
30/10/2019,0,0,51.3(0.00 %),0,0,0,0,6003005,0.45
31/10/2019,100,5090000,50.9(-0.78 %),100,5090000,0,0,6002905,0.45
01/11/2019,0,0,50.9(0.00 %),0,0,0,0,6002905,0.45
04/11/2019,0,0,46(-9.63 %),0,0,0,0,6002905,0.45
05/11/2019,0,0,44(-4.35 %),0,0,0,0,6002905,0.45
06/11/2019,0,0,39.6(-10.00 %),0,0,0,0,6002905,0.45
07/11/2019,0,0,39.6(0.00 %),0,0,0,0,6002905,0.45
08/11/2019,0,0,39.6(0.00 %),0,0,0,0,6002905,0.45
11/11/2019,0,0,37.3(-5.81 %),0,0,0,0,6002905,0.45
12/11/2019,0,0,37.3(0.00 %),0,0,0,0,6002905,0.45
13/11/2019,0,0,34.2(-8.31 %),0,0,0,0,6002905,0.45
14/11/2019,0,0,37.4(9.36 %),0,0,0,0,6002905,0.45
15/11/2019,0,0,34.5(-7.75 %),0,0,0,0,6002905,0.45
18/11/2019,0,0,37.8(9.57 %),0,0,0,0,6002905,0.45
19/11/2019,0,0,34.1(-9.79 %),0,0,0,0,6002905,0.45
20/11/2019,0,0,34.1(0.00 %),0,0,0,0,6002905,0.45
21/11/2019,0,0,37.3(9.38 %),0,0,0,0,6002905,0.45
22/11/2019,0,0,40.6(8.85 %),0,0,0,0,6002905,0.45
25/11/2019,0,0,40.6(0.00 %),0,0,0,0,6002905,0.45
26/11/2019,0,0,40.6(0.00 %),0,0,0,0,6002905,0.45
27/11/2019,0,0,44.5(9.61 %),0,0,0,0,6002905,0.45
28/11/2019,0,0,44.5(0.00 %),0,0,0,0,6002905,0.45
29/11/2019,0,0,44.5(0.00 %),0,0,0,0,6002905,0.45
02/12/2019,0,0,44.5(0.00 %),0,0,0,0,6002905,0.45
03/12/2019,0,0,48.9(9.89 %),0,0,0,0,6002905,0.45
04/12/2019,0,0,44.5(-9.00 %),0,0,0,0,6002905,0.0
05/12/2019,0,0,44.5(0.00 %),0,0,0,0,6002905,0.45
06/12/2019,0,0,44.5(0.00 %),0,0,0,0,6002905,0.45
09/12/2019,0,0,44.5(0.00 %),0,0,0,0,6002905,0.45
10/12/2019,0,0,44.6(0.22 %),0,0,0,0,6002905,0.45
11/12/2019,0,0,44.6(0.00 %),0,0,0,0,6002905,0.45
12/12/2019,0,0,44.6(0.00 %),0,0,0,0,6002905,0.45
13/12/2019,0,0,44.6(0.00 %),0,0,0,0,6002905,0.45
16/12/2019,0,0,44.6(0.00 %),0,0,0,0,6002905,0.45
17/12/2019,0,0,44.6(0.00 %),0,0,0,0,6002905,0.45
18/12/2019,0,0,44.6(0.00 %),0,0,0,0,6002905,0.45
19/12/2019,0,0,44.6(0.00 %),0,0,0,0,6002905,0.45
20/12/2019,0,0,44.6(0.00 %),0,0,0,0,6002905,0.45
23/12/2019,100,4020000,40.2(-9.87 %),100,4020000,0,0,6002805,0.0
24/12/2019,0,0,44.2(9.95 %),0,0,0,0,6002805,0.45
25/12/2019,-100,-4010000,47.9(8.37 %),100,4010000,200,8020000,6002905,0.45
26/12/2019,100,4320000,43.2(-9.81 %),100,4320000,0,0,6002805,0.45
27/12/2019,0,0,47.5(9.95 %),0,0,0,0,6002805,0.45
30/12/2019,0,0,47.5(0.00 %),0,0,0,0,6002805,0.45
31/12/2019,0,0,47.2(-0.63 %),0,0,0,0,6002805,0.45
02/01/2020,0,0,47.2(0.00 %),0,0,0,0,6002805,0.45
03/01/2020,0,0,47.2(0.00 %),0,0,0,0,6002805,0.45
06/01/2020,0,0,47.2(0.00 %),0,0,0,0,6002805,0.45
07/01/2020,0,0,47.2(0.00 %),0,0,0,0,6002805,0.45
08/01/2020,0,0,47.2(0.00 %),0,0,0,0,6002805,0.45
09/01/2020,0,0,47.2(0.00 %),0,0,0,0,6002805,0.45
10/01/2020,0,0,47.2(0.00 %),0,0,0,0,6002805,0.45
13/01/2020,0,0,47.2(0.00 %),0,0,0,0,6002805,0.45
14/01/2020,0,0,42.6(-9.75 %),0,0,0,0,6002805,0.45
15/01/2020,0,0,38.5(-9.62 %),0,0,0,0,6002805,0.45
16/01/2020,0,0,38.6(0.26 %),0,0,0,0,6002805,0.45
17/01/2020,0,0,38.6(0.00 %),0,0,0,0,6002805,0.45
20/01/2020,700,26950000,38.5(-0.26 %),700,26950000,0,0,6002105,0.46
21/01/2020,0,0,38.5(0.00 %),0,0,0,0,6002105,0.46
22/01/2020,0,0,38.5(0.00 %),0,0,0,0,6002105,0.46
30/01/2020,0,0,38.5(0.00 %),0,0,0,0,6002105,0.46
31/01/2020,0,0,38.5(0.00 %),0,0,0,0,6002105,0.46
03/02/2020,0,0,38.5(0.00 %),0,0,0,0,6002105,0.46
04/02/2020,0,0,38.5(0.00 %),0,0,0,0,6002105,0.46
05/02/2020,0,0,38.5(0.00 %),0,0,0,0,6002105,0.46
06/02/2020,0,0,38.5(0.00 %),0,0,0,0,6002105,0.46
07/02/2020,0,0,38.5(0.00 %),0,0,0,0,6002105,0.46
10/02/2020,0,0,38.5(0.00 %),0,0,0,0,6002105,0.46
11/02/2020,0,0,38.5(0.00 %),0,0,0,0,6002105,0.46
12/02/2020,0,0,38.5(0.00 %),0,0,0,0,6002105,0.46
13/02/2020,0,0,38.5(0.00 %),0,0,0,0,6002105,0.46
14/02/2020,0,0,38.5(0.00 %),0,0,0,0,6002105,0.46
17/02/2020,0,0,38.5(0.00 %),0,0,0,0,6002105,0.46
18/02/2020,300,11550000,38.5(0.00 %),300,11550000,0,0,6001805,0.46
19/02/2020,0,0,38.5(0.00 %),0,0,0,0,6001805,0.46
20/02/2020,0,0,38.5(0.00 %),0,0,0,0,6001805,0.46
21/02/2020,0,0,38.5(0.00 %),0,0,0,0,6001805,0.0
24/02/2020,0,0,38.5(0.00 %),0,0,0,0,6001805,0.0
25/02/2020,0,0,38.5(0.00 %),0,0,0,0,6001805,0.46
26/02/2020,0,0,38.5(0.00 %),0,0,0,0,6001805,0.46
27/02/2020,0,0,38.5(0.00 %),0,0,0,0,6001805,0.46
28/02/2020,0,0,38.5(0.00 %),0,0,0,0,6001805,0.46
02/03/2020,0,0,38.5(0.00 %),0,0,0,0,6001805,0.0
03/03/2020,0,0,38.5(0.00 %),0,0,0,0,6001805,0.46
04/03/2020,0,0,38.5(0.00 %),0,0,0,0,6001805,0.46
05/03/2020,0,0,38.5(0.00 %),0,0,0,0,6001805,0.46
06/03/2020,0,0,38.5(0.00 %),0,0,0,0,6001805,0.46
09/03/2020,0,0,38.5(0.00 %),0,0,0,0,6001805,0.46
10/03/2020,0,0,38.5(0.00 %),0,0,0,0,6001805,0.46
11/03/2020,0,0,38.5(0.00 %),0,0,0,0,6001805,0.46
12/03/2020,0,0,38.5(0.00 %),0,0,0,0,6001805,0.46
13/03/2020,0,0,38.5(0.00 %),0,0,0,0,6001805,0.46
16/03/2020,0,0,38.5(0.00 %),0,0,0,0,6001805,0.46
17/03/2020,0,0,38.5(0.00 %),0,0,0,0,6001805,0.46
18/03/2020,0,0,38.5(0.00 %),0,0,0,0,6001805,0.46
19/03/2020,0,0,38.5(0.00 %),0,0,0,0,6001805,0.46
20/03/2020,0,0,38.5(0.00 %),0,0,0,0,6001805,0.46
23/03/2020,0,0,38.5(0.00 %),0,0,0,0,6001805,0.46
24/03/2020,0,0,38.5(0.00 %),0,0,0,0,6001805,0.46
25/03/2020,0,0,38.5(0.00 %),0,0,0,0,6001805,0.46
26/03/2020,0,0,38.5(0.00 %),0,0,0,0,6001805,0.46
27/03/2020,0,0,38.5(0.00 %),0,0,0,0,6001805,0.46
30/03/2020,0,0,38.5(0.00 %),0,0,0,0,6001805,0.46
31/03/2020,0,0,38.5(0.00 %),0,0,0,0,6001805,0.0
01/04/2020,0,0,38.5(0.00 %),0,0,0,0,6001805,0.46
03/04/2020,0,0,38.5(0.00 %),0,0,0,0,6001805,0.46
06/04/2020,0,0,38.4(-0.26 %),0,0,0,0,6001805,0.46
07/04/2020,0,0,38.4(0.00 %),0,0,0,0,6001805,0.46
08/04/2020,0,0,38.4(0.00 %),0,0,0,0,6001805,0.46
09/04/2020,0,0,38.4(0.00 %),0,0,0,0,6001805,0.46
10/04/2020,0,0,38.4(0.00 %),0,0,0,0,6001805,0.0
13/04/2020,0,0,38.4(0.00 %),0,0,0,0,6001805,0.46
14/04/2020,0,0,38.4(0.00 %),0,0,0,0,6001805,0.46
15/04/2020,0,0,38.4(0.00 %),0,0,0,0,6001805,0.46
16/04/2020,0,0,38.4(0.00 %),0,0,0,0,6001805,0.46
17/04/2020,0,0,38.4(0.00 %),0,0,0,0,6001805,0.46
20/04/2020,0,0,38.4(0.00 %),0,0,0,0,6001805,0.46
21/04/2020,0,0,38.4(0.00 %),0,0,0,0,6001805,0.46
22/04/2020,0,0,38.4(0.00 %),0,0,0,0,6001805,0.46
23/04/2020,0,0,38.4(0.00 %),0,0,0,0,6001805,0.46
24/04/2020,0,0,38.4(0.00 %),0,0,0,0,6001805,0.46
28/04/2020,0,0,38.4(0.00 %),0,0,0,0,6001805,0.46
29/04/2020,0,0,38.4(0.00 %),0,0,0,0,6001805,0.46
04/05/2020,0,0,38.4(0.00 %),0,0,0,0,6001805,0.46
05/05/2020,0,0,38(-1.04 %),0,0,0,0,6001805,0.46
06/05/2020,0,0,38(0.00 %),0,0,0,0,6001805,0.46
07/05/2020,0,0,37.5(-1.32 %),0,0,0,0,6001805,0.46
08/05/2020,0,0,41.2(9.87 %),0,0,0,0,6001805,0.46
11/05/2020,0,0,41.2(0.00 %),0,0,0,0,6001805,0.0
12/05/2020,0,0,41.4(0.49 %),0,0,0,0,6001805,0.46
13/05/2020,0,0,41.4(0.00 %),0,0,0,0,6001805,0.46
14/05/2020,0,0,41.4(0.00 %),0,0,0,0,6001805,0.46
15/05/2020,0,0,41.4(0.00 %),0,0,0,0,6001805,0.0
18/05/2020,0,0,41.4(0.00 %),0,0,0,0,6001805,0.46
19/05/2020,0,0,41.4(0.00 %),0,0,0,0,6001805,0.46
20/05/2020,0,0,41.4(0.00 %),0,0,0,0,6001805,0.46
21/05/2020,0,0,41.4(0.00 %),0,0,0,0,6001805,0.46
22/05/2020,0,0,41.4(0.00 %),0,0,0,0,6001805,0.46
25/05/2020,0,0,41.4(0.00 %),0,0,0,0,6001805,0.46
26/05/2020,0,0,41.4(0.00 %),0,0,0,0,6001805,0.46
28/05/2020,0,0,41.4(0.00 %),0,0,0,0,6001805,0.46
29/05/2020,0,0,37.8(-8.70 %),0,0,0,0,6001805,0.0
01/06/2020,-700,-26460000,37.8(0.00 %),0,0,700,26460000,6001805,0.46
02/06/2020,0,0,37.8(0.00 %),0,0,0,0,6001805,0.46
03/06/2020,0,0,37.8(0.00 %),0,0,0,0,6001805,0.46
04/06/2020,0,0,37.8(0.00 %),0,0,0,0,6001805,0.46
05/06/2020,0,0,37.9(0.26 %),0,0,0,0,6001805,0.46
08/06/2020,0,0,37.9(0.00 %),0,0,0,0,6001805,0.01
09/06/2020,0,0,37.9(0.00 %),0,0,0,0,6001805,0.01
10/06/2020,0,0,38(0.26 %),0,0,0,0,6001805,0.46
11/06/2020,0,0,38(0.00 %),0,0,0,0,6001805,0.46
12/06/2020,0,0,38(0.00 %),0,0,0,0,6001805,0.46
15/06/2020,0,0,38(0.00 %),0,0,0,0,6001805,0.46
16/06/2020,0,0,38(0.00 %),0,0,0,0,6001805,0.46
18/06/2020,0,0,38(0.00 %),0,0,0,0,6001805,0.46
19/06/2020,0,0,38(0.00 %),0,0,0,0,6001805,0.46
22/06/2020,-600,-22860000,38.1(0.26 %),0,0,600,22860000,6002405,0.45
23/06/2020,0,0,38.1(0.00 %),0,0,0,0,6002405,0.45
24/06/2020,0,0,38.1(0.00 %),0,0,0,0,6002405,0.45
25/06/2020,0,0,38.1(0.00 %),0,0,0,0,6002405,0.45
26/06/2020,0,0,38.1(0.00 %),0,0,0,0,6003105,0.45
29/06/2020,0,0,34.4(-9.71 %),0,0,0,0,6003105,0.0
30/06/2020,0,0,34.4(0.00 %),0,0,0,0,6003105,0.45
01/07/2020,0,0,34.4(0.00 %),0,0,0,0,6003105,0.45
02/07/2020,0,0,34.4(0.00 %),0,0,0,0,6003105,0.45
03/07/2020,0,0,34.4(0.00 %),0,0,0,0,6003105,0.45
06/07/2020,0,0,34.4(0.00 %),0,0,0,0,6003105,0.45
07/07/2020,0,0,34.4(0.00 %),0,0,0,0,6003105,0.45
08/07/2020,0,0,34.4(0.00 %),0,0,0,0,6003105,0.45
09/07/2020,0,0,34.4(0.00 %),0,0,0,0,6003105,0.0
10/07/2020,0,0,34.4(0.00 %),0,0,0,0,6003105,0.45
13/07/2020,0,0,34.4(0.00 %),0,0,0,0,6003105,0.45
14/07/2020,0,0,34.4(0.00 %),0,0,0,0,6003105,0.45
15/07/2020,0,0,34.4(0.00 %),0,0,0,0,6003105,0.45
16/07/2020,0,0,34.4(0.00 %),0,0,0,0,6003105,0.45
17/07/2020,0,0,34.4(0.00 %),0,0,0,0,6003105,0.45
20/07/2020,0,0,35(1.74 %),0,0,0,0,6003105,0.0
21/07/2020,0,0,35(0.00 %),0,0,0,0,6003105,0.45
22/07/2020,0,0,35(0.00 %),0,0,0,0,6003105,0.45
23/07/2020,0,0,35(0.00 %),0,0,0,0,6003105,0.45
24/07/2020,0,0,35(0.00 %),0,0,0,0,6003105,0.45
27/07/2020,0,0,35(0.00 %),0,0,0,0,6003105,0.0
28/07/2020,0,0,35(0.00 %),0,0,0,0,6003105,0.45
29/07/2020,0,0,35(0.00 %),0,0,0,0,6003105,0.45
30/07/2020,0,0,35(0.00 %),0,0,0,0,6003105,0.45
31/07/2020,0,0,35(0.00 %),0,0,0,0,6003105,0.45
03/08/2020,0,0,35(0.00 %),0,0,0,0,6003105,0.45
04/08/2020,0,0,38.3(9.43 %),0,0,0,0,6003105,0.45
05/08/2020,0,0,38.3(0.00 %),0,0,0,0,6003105,0.45
06/08/2020,0,0,38.3(0.00 %),0,0,0,0,6003105,0.0
07/08/2020,0,0,41.9(9.40 %),0,0,0,0,6003105,0.45
10/08/2020,0,0,38(-9.31 %),0,0,0,0,6003105,0.0
11/08/2020,0,0,38(0.00 %),0,0,0,0,6003105,0.45
12/08/2020,0,0,38(0.00 %),0,0,0,0,6003105,0.45
13/08/2020,0,0,41(7.89 %),0,0,0,0,6003105,0.45
14/08/2020,0,0,38(-7.32 %),0,0,0,0,6003105,0.45
17/08/2020,0,0,38(0.00 %),0,0,0,0,6003105,0.45
18/08/2020,0,0,38(0.00 %),0,0,0,0,6003105,0.45
19/08/2020,0,0,37.4(0.00 %),0,0,0,0,6003105,0.45
20/08/2020,0,0,37.4(0.00 %),0,0,0,0,6003105,0.45
21/08/2020,0,0,37.4(0.00 %),0,0,0,0,6003105,0.45
24/08/2020,0,0,37.4(0.00 %),0,0,0,0,6003105,0.45
25/08/2020,0,0,37.4(0.00 %),0,0,0,0,6003105,0.45
26/08/2020,0,0,37.4(0.00 %),0,0,0,0,6003105,0.45
27/08/2020,0,0,37.4(0.00 %),0,0,0,0,6003105,0.45
28/08/2020,0,0,37.4(0.00 %),0,0,0,0,6003105,0.45
31/08/2020,0,0,37.4(0.00 %),0,0,0,0,6003105,0.45
01/09/2020,0,0,37.4(0.00 %),0,0,0,0,6003105,0.45
03/09/2020,0,0,37(-1.07 %),0,0,0,0,6003105,0.45
04/09/2020,0,0,37(0.00 %),0,0,0,0,6003105,0.45
07/09/2020,0,0,37(0.00 %),0,0,0,0,6003105,0.45
08/09/2020,0,0,37(0.00 %),0,0,0,0,6003105,0.45
09/09/2020,0,0,37(0.00 %),0,0,0,0,6003105,0.45
10/09/2020,0,0,37(0.00 %),0,0,0,0,6003105,0.45
11/09/2020,0,0,37(0.00 %),0,0,0,0,6003105,0.45
14/09/2020,0,0,37(0.00 %),0,0,0,0,6003105,0.45
15/09/2020,0,0,37(0.00 %),0,0,0,0,6003105,0.45
16/09/2020,0,0,40.7(10.00 %),0,0,0,0,6003105,0.45
17/09/2020,0,0,40.7(0.00 %),0,0,0,0,6003105,0.45
18/09/2020,0,0,40.7(0.00 %),0,0,0,0,6003105,0.45
21/09/2020,0,0,40.7(0.00 %),0,0,0,0,6003105,0.45
22/09/2020,0,0,37(-9.09 %),0,0,0,0,6003105,0.0
23/09/2020,0,0,37(0.00 %),0,0,0,0,6003105,0.45
24/09/2020,0,0,37(0.00 %),0,0,0,0,6003105,0.45
25/09/2020,0,0,37(0.00 %),0,0,0,0,6003105,0.45
28/09/2020,-200,-7400000,37(0.00 %),0,0,200,7400000,6003305,0.45
29/09/2020,0,0,37(0.00 %),0,0,0,0,6003305,0.45
30/09/2020,0,0,37(0.00 %),0,0,0,0,6003305,0.45
01/10/2020,0,0,37(0.00 %),0,0,0,0,6003305,0.45
02/10/2020,0,0,37(0.00 %),0,0,0,0,6003305,0.45
05/10/2020,0,0,37(0.00 %),0,0,0,0,6003305,0.45
06/10/2020,0,0,37(0.00 %),0,0,0,0,6003305,0.0
07/10/2020,0,0,37(0.00 %),0,0,0,0,6003305,0.45
08/10/2020,-800,-29600000,37(0.00 %),0,0,800,29600000,6004105,0.44
09/10/2020,0,0,37(0.00 %),0,0,0,0,6004105,0.44
12/10/2020,0,0,37(0.00 %),0,0,0,0,6004105,0.44
13/10/2020,-200,-7400000,37(0.00 %),0,0,200,7400000,6004305,0.44
14/10/2020,0,0,37(0.00 %),0,0,0,0,6004305,0.44
15/10/2020,0,0,37(0.00 %),0,0,0,0,6004305,0.44
16/10/2020,0,0,37(0.00 %),0,0,0,0,6004305,0.44
19/10/2020,0,0,34.2(-7.57 %),0,0,0,0,6004305,0.44
20/10/2020,0,0,34.2(0.00 %),0,0,0,0,6004305,0.44
21/10/2020,0,0,34.2(0.00 %),0,0,0,0,6004305,0.44
22/10/2020,0,0,37.6(9.94 %),0,0,0,0,6004305,0.44
23/10/2020,0,0,37.6(0.00 %),0,0,0,0,6004305,0.44
26/10/2020,0,0,37.6(0.00 %),0,0,0,0,6004305,0.44
27/10/2020,0,0,40.5(7.71 %),0,0,0,0,6004305,0.0
28/10/2020,0,0,40.5(0.00 %),0,0,0,0,6004305,0.0
29/10/2020,0,0,40.5(0.00 %),0,0,0,0,6004305,0.44
30/10/2020,0,0,44(8.64 %),0,0,0,0,6004305,0.44
02/11/2020,0,0,44(0.00 %),0,0,0,0,6004305,0.44
03/11/2020,0,0,44(0.00 %),0,0,0,0,6004305,0.44
04/11/2020,0,0,44(0.00 %),0,0,0,0,6004305,0.44
05/11/2020,0,0,39.6(-10.00 %),0,0,0,0,6004305,0.44
06/11/2020,0,0,39.2(-1.01 %),0,0,0,0,6004305,0.44
09/11/2020,0,0,39.2(0.00 %),0,0,0,0,6004305,0.44
10/11/2020,0,0,39.2(0.00 %),0,0,0,0,6004305,0.44
11/11/2020,0,0,39.2(0.00 %),0,0,0,0,6004305,0.44
12/11/2020,0,0,39.2(0.00 %),0,0,0,0,6004305,0.44
13/11/2020,0,0,39.2(0.00 %),0,0,0,0,6004305,0.44
16/11/2020,0,0,39.2(0.00 %),0,0,0,0,6004305,0.44
17/11/2020,0,0,35.3(-9.95 %),0,0,0,0,6004305,0.44
18/11/2020,0,0,35.3(0.00 %),0,0,0,0,6004305,0.0
19/11/2020,0,0,35.3(0.00 %),0,0,0,0,6004305,0.44
20/11/2020,0,0,36.7(3.97 %),0,0,0,0,6004305,0.44
24/11/2020,0,0,36.7(0.00 %),0,0,0,0,6004305,0.44
25/11/2020,0,0,36.8(0.27 %),0,0,0,0,6004305,0.44
26/11/2020,0,0,36.8(0.00 %),0,0,0,0,6004305,0.44
27/11/2020,0,0,36.8(0.00 %),0,0,0,0,6004305,0.44
30/11/2020,0,0,36.8(0.00 %),0,0,0,0,6004305,0.44
01/12/2020,0,0,36.8(0.00 %),0,0,0,0,6004305,0.44
02/12/2020,0,0,36.8(0.00 %),0,0,0,0,6004305,0.44
03/12/2020,0,0,36.8(0.00 %),0,0,0,0,6004305,0.44
04/12/2020,0,0,36.8(0.00 %),0,0,0,0,6004305,0.44
07/12/2020,0,0,36.8(0.00 %),0,0,0,0,6004305,0.44
08/12/2020,0,0,36.8(0.00 %),0,0,0,0,6004305,0.44
09/12/2020,0,0,36.8(0.00 %),0,0,0,0,6004305,0.44
10/12/2020,0,0,36.8(0.00 %),0,0,0,0,6004305,0.44
11/12/2020,0,0,36.8(0.00 %),0,0,0,0,6004305,0.44
14/12/2020,0,0,36.6(-0.54 %),0,0,0,0,6004305,0.44
15/12/2020,0,0,36.7(0.27 %),0,0,0,0,6004305,0.44
16/12/2020,0,0,36.7(0.00 %),0,0,0,0,6004305,0.44
17/12/2020,0,0,36.7(0.00 %),0,0,0,0,6004305,0.44
18/12/2020,0,0,36.7(0.00 %),0,0,0,0,6004305,0.44
21/12/2020,0,0,40(8.99 %),0,0,0,0,6004305,0.44
22/12/2020,-400,-17140000,43.8(9.50 %),0,0,400,17140000,6004705,0.0
23/12/2020,0,0,43.8(0.00 %),0,0,0,0,6004705,0.43
25/12/2020,0,0,48(0.00 %),0,0,0,0,6004705,0.43
28/12/2020,0,0,52.8(10.00 %),0,0,0,0,6004705,0.43
29/12/2020,0,0,52.8(0.00 %),0,0,0,0,6004705,0.0
30/12/2020,0,0,54(2.27 %),0,0,0,0,6004705,0.43
31/12/2020,-100,-5590000,55.9(3.52 %),0,0,100,5590000,6004805,0.0
04/01/2021,0,0,55.9(0.00 %),0,0,0,0,6004705,0.0
05/01/2021,0,0,55.9(0.00 %),0,0,0,0,6004705,0.43
06/01/2021,0,0,55.9(0.00 %),0,0,0,0,6004705,0.43
07/01/2021,0,0,55.9(0.00 %),0,0,0,0,6004705,0.43
08/01/2021,0,0,55.9(0.00 %),0,0,0,0,6004705,0.43
11/01/2021,0,0,55.9(0.00 %),0,0,0,0,6004705,0.43
12/01/2021,0,0,55.9(0.00 %),0,0,0,0,6004705,0.43
13/01/2021,0,0,55.9(0.00 %),0,0,0,0,6004705,0.43
14/01/2021,0,0,55.9(0.00 %),0,0,0,0,6004705,0.43
15/01/2021,0,0,55.9(0.00 %),0,0,0,0,6004705,0.43
18/01/2021,0,0,55.9(0.00 %),0,0,0,0,6004705,0.43
19/01/2021,0,0,55.9(0.00 %),0,0,0,0,6004705,0.43
20/01/2021,0,0,55.9(0.00 %),0,0,0,0,6004705,0.43
21/01/2021,0,0,55.9(0.00 %),0,0,0,0,6004705,0.43
22/01/2021,0,0,55.9(0.00 %),0,0,0,0,6004705,0.43
25/01/2021,0,0,55.9(0.00 %),0,0,0,0,6004705,0.43
26/01/2021,0,0,55.9(0.00 %),0,0,0,0,6004705,0.43
27/01/2021,0,0,55.9(0.00 %),0,0,0,0,6004705,0.43
28/01/2021,-100,-5040000,50.4(-9.84 %),0,0,100,5040000,6004805,0.43
29/01/2021,0,0,50.4(0.00 %),0,0,0,0,6004805,0.43
01/02/2021,0,0,45.4(-9.92 %),0,0,0,0,6004805,0.43
02/02/2021,0,0,45.4(0.00 %),0,0,0,0,6004805,0.43
03/02/2021,0,0,45.4(0.00 %),0,0,0,0,6004805,0.43
04/02/2021,0,0,45.4(0.00 %),0,0,0,0,6004805,0.43
05/02/2021,0,0,45.4(0.00 %),0,0,0,0,6004805,0.43
08/02/2021,0,0,45.4(0.00 %),0,0,0,0,6004905,0.43
09/02/2021,0,0,45.4(0.00 %),0,0,0,0,6004905,0.43
17/02/2021,0,0,45.4(0.00 %),0,0,0,0,6004905,0.0
18/02/2021,0,0,45.4(0.00 %),0,0,0,0,6004905,0.43
19/02/2021,0,0,45.4(0.00 %),0,0,0,0,6004905,0.43
22/02/2021,0,0,40.9(-9.91 %),0,0,0,0,6004905,0.43
23/02/2021,0,0,40.9(0.00 %),0,0,0,0,6004905,0.43
24/02/2021,0,0,40.9(0.00 %),0,0,0,0,6004905,0.43
25/02/2021,0,0,40.9(0.00 %),0,0,0,0,6004905,0.43
26/02/2021,0,0,40.9(0.00 %),0,0,0,0,6004905,0.43
01/03/2021,0,0,40.9(0.00 %),0,0,0,0,6004905,0.43
02/03/2021,0,0,40.9(0.00 %),0,0,0,0,6004905,0.43
03/03/2021,0,0,40.9(0.00 %),0,0,0,0,6004905,0.43
04/03/2021,0,0,40.9(0.00 %),0,0,0,0,6004905,0.43
05/03/2021,0,0,40.9(0.00 %),0,0,0,0,6004905,0.43
08/03/2021,0,0,40.9(0.00 %),0,0,0,0,6004905,0.43
09/03/2021,-1300,-48010000,37(-9.54 %),0,0,1300,48010000,6006205,0.42
10/03/2021,-30,-999000,37(0.00 %),0,0,30,999000,6006235,0.42
11/03/2021,0,0,37(0.00 %),0,0,0,0,6006235,0.42
12/03/2021,0,0,37(0.00 %),0,0,0,0,6006235,0.42
15/03/2021,0,0,37(0.00 %),0,0,0,0,6006235,0.42
16/03/2021,0,0,37(0.00 %),0,0,0,0,6006235,0.42
17/03/2021,0,0,37(0.00 %),0,0,0,0,6006235,0.42
18/03/2021,0,0,37(0.00 %),0,0,0,0,6006235,0.42
19/03/2021,0,0,37(0.00 %),0,0,0,0,6006235,0.42
22/03/2021,0,0,40.7(10.00 %),0,0,0,0,6006235,0.42
23/03/2021,0,0,40.7(0.00 %),0,0,0,0,6006235,0.42
24/03/2021,0,0,40.7(0.00 %),0,0,0,0,6006235,0.42
25/03/2021,0,0,40.7(0.00 %),0,0,0,0,6006235,0.42
26/03/2021,0,0,40.7(0.00 %),0,0,0,0,6006235,0.42
29/03/2021,0,0,40.7(0.00 %),0,0,0,0,6006235,0.42
30/03/2021,0,0,40.7(0.00 %),0,0,0,0,6006235,0.42
31/03/2021,0,0,40.7(0.00 %),0,0,0,0,6006235,0.42
01/04/2021,0,0,40.7(0.00 %),0,0,0,0,6006235,0.42
02/04/2021,0,0,40.7(0.00 %),0,0,0,0,6006235,0.42
05/04/2021,0,0,40.7(0.00 %),0,0,0,0,6006235,0.42
06/04/2021,0,0,40.7(0.00 %),0,0,0,0,6006235,0.42
07/04/2021,0,0,40.7(0.00 %),0,0,0,0,6006235,0.42
08/04/2021,0,0,36.7(-9.83 %),0,0,0,0,6006235,0.42
09/04/2021,0,0,36.7(0.00 %),0,0,0,0,6006235,0.42
12/04/2021,0,0,36.7(0.00 %),0,0,0,0,6006235,0.42
13/04/2021,0,0,36.7(0.00 %),0,0,0,0,6006235,0.42
14/04/2021,0,0,36.7(0.00 %),0,0,0,0,6006235,0.42
15/04/2021,0,0,36.7(0.00 %),0,0,0,0,6006235,0.42
16/04/2021,0,0,36.7(0.00 %),0,0,0,0,6006235,0.42
19/04/2021,0,0,36.7(0.00 %),0,0,0,0,6006235,0.42
20/04/2021,0,0,36.7(0.00 %),0,0,0,0,6006235,0.42
22/04/2021,0,0,36.7(0.00 %),0,0,0,0,6006235,0.42
23/04/2021,0,0,36.7(0.00 %),0,0,0,0,6006235,0.42
26/04/2021,0,0,36.7(0.00 %),0,0,0,0,6006235,0.42
27/04/2021,0,0,36.7(0.00 %),0,0,0,0,6006235,0.42
28/04/2021,0,0,36.7(0.00 %),0,0,0,0,6006235,0.42
29/04/2021,0,0,36.7(0.00 %),0,0,0,0,6006235,0.42
04/05/2021,0,0,36.7(0.00 %),0,0,0,0,6006235,0.42
05/05/2021,0,0,36.5(-0.54 %),0,0,0,0,6006235,0.42
06/05/2021,0,0,36.5(0.00 %),0,0,0,0,6006235,0.42
07/05/2021,0,0,36.5(0.00 %),0,0,0,0,6006235,0.42
10/05/2021,0,0,36.5(0.00 %),0,0,0,0,6006235,0.42
11/05/2021,0,0,38.5(5.48 %),0,0,0,0,6006235,0.42
12/05/2021,0,0,38.5(0.00 %),0,0,0,0,6006235,0.42
13/05/2021,0,0,38.5(0.00 %),0,0,0,0,6006235,0.42
14/05/2021,0,0,38.5(0.00 %),0,0,0,0,6006235,0.42
17/05/2021,0,0,38.5(0.00 %),0,0,0,0,6006235,0.42
18/05/2021,0,0,38.5(0.00 %),0,0,0,0,6006235,0.42
19/05/2021,0,0,38.5(0.00 %),0,0,0,0,6006235,0.42
20/05/2021,0,0,38.5(0.00 %),0,0,0,0,6006235,0.42
21/05/2021,0,0,39.8(3.38 %),0,0,0,0,6006235,0.42
24/05/2021,0,0,39.8(0.00 %),0,0,0,0,6006235,0.42
25/05/2021,0,0,39.8(0.00 %),0,0,0,0,6006235,0.42
26/05/2021,0,0,41.9(5.28 %),0,0,0,0,6006235,0.42
27/05/2021,-100,-3800000,38(-9.31 %),0,0,100,3800000,6006335,0.42
28/05/2021,-200,-7600000,38(0.00 %),0,0,200,7600000,6006535,0.42
31/05/2021,0,0,39.9(5.00 %),0,0,0,0,6006535,0.42
01/06/2021,0,0,39.9(0.00 %),0,0,0,0,6006235,0.42
02/06/2021,0,0,39.9(0.00 %),0,0,0,0,6006235,0.42
03/06/2021,0,0,39.9(0.00 %),0,0,0,0,6006235,0.42
04/06/2021,-40,-1460000,39.9(0.00 %),0,0,40,1460000,6006275,0.42
07/06/2021,-2101,-82016000,42(5.26 %),0,0,2101,82016000,6008376,0.4
08/06/2021,-900,-35100000,39(-7.14 %),0,0,900,35100000,6009276,0.4
09/06/2021,-9,-351000,39.5(1.28 %),0,0,9,351000,6009285,0.4
10/06/2021,0,0,39.4(-0.25 %),0,0,0,0,6009285,0.4
11/06/2021,500,19700000,40.9(3.81 %),500,19700000,0,0,6008785,0.4
14/06/2021,0,0,41(0.24 %),0,0,0,0,6008785,0.4
15/06/2021,-100,-4100000,41(0.00 %),0,0,100,4100000,6008885,0.4
16/06/2021,0,0,41(0.00 %),0,0,0,0,6008885,0.4
17/06/2021,0,0,41(0.00 %),0,0,0,0,6008885,0.4
18/06/2021,0,0,41(0.00 %),0,0,0,0,6008885,0.4
22/06/2021,0,0,40.9(-0.24 %),0,0,0,0,6008885,0.4
23/06/2021,0,0,40.9(0.00 %),0,0,0,0,6008885,0.4
24/06/2021,0,0,40.9(0.00 %),0,0,0,0,6008885,0.4
25/06/2021,0,0,40.9(0.00 %),0,0,0,0,6008885,0.4
28/06/2021,0,0,40.9(0.00 %),0,0,0,0,6008885,0.4
29/06/2021,0,0,40.9(0.00 %),0,0,0,0,6008885,0.4
30/06/2021,0,0,40.9(0.00 %),0,0,0,0,6008885,0.4
01/07/2021,0,0,40.9(0.00 %),0,0,0,0,6009185,0.4
02/07/2021,0,0,40.9(0.00 %),0,0,0,0,6009185,0.0
05/07/2021,0,0,40.9(0.00 %),0,0,0,0,6009185,0.0
06/07/2021,0,0,40.9(0.00 %),0,0,0,0,6009185,0.0
07/07/2021,0,0,40.9(0.00 %),0,0,0,0,6009185,0.4
08/07/2021,0,0,37.1(-9.29 %),0,0,0,0,6009185,0.4
09/07/2021,0,0,39(5.12 %),0,0,0,0,6009185,0.4
12/07/2021,0,0,35.1(-10.00 %),0,0,0,0,6009185,0.4
13/07/2021,0,0,38.5(9.69 %),0,0,0,0,6009185,0.4
14/07/2021,0,0,38.5(0.00 %),0,0,0,0,6009185,0.4
15/07/2021,0,0,38.5(0.00 %),0,0,0,0,6009185,0.4
16/07/2021,0,0,38.5(0.00 %),0,0,0,0,6009185,0.4
19/07/2021,0,0,38.5(0.00 %),0,0,0,0,6009185,0.4
20/07/2021,0,0,38.5(0.00 %),0,0,0,0,6009185,0.4
21/07/2021,0,0,38.5(0.00 %),0,0,0,0,6009185,0.4
22/07/2021,0,0,38.5(0.00 %),0,0,0,0,6009185,0.4
23/07/2021,0,0,38.5(0.00 %),0,0,0,0,6009185,0.4
26/07/2021,0,0,38.5(0.00 %),0,0,0,0,6009185,0.4
27/07/2021,0,0,38.5(0.00 %),0,0,0,0,6009185,0.4
28/07/2021,0,0,38.5(0.00 %),0,0,0,0,6009185,0.4
29/07/2021,0,0,38.5(0.00 %),0,0,0,0,6009185,0.4
30/07/2021,0,0,38.5(0.00 %),0,0,0,0,6009185,0.4
02/08/2021,0,0,38.5(0.00 %),0,0,0,0,6009185,0.4
03/08/2021,0,0,38.5(0.00 %),0,0,0,0,6009185,0.4
04/08/2021,0,0,38.5(0.00 %),0,0,0,0,6009185,0.4
05/08/2021,0,0,0(0.00 %),0,0,0,0,6009185,0.4
06/08/2021,0,0,35.1(0.00 %),0,0,0,0,6009185,0.4
09/08/2021,0,0,35.1(0.00 %),0,0,0,0,6009185,0.4
10/08/2021,0,0,35.1(0.00 %),0,0,0,0,6009185,0.4
11/08/2021,0,0,32(-8.83 %),0,0,0,0,6009185,0.4
12/08/2021,0,0,32(0.00 %),0,0,0,0,6009185,0.4
13/08/2021,0,0,34.8(8.75 %),0,0,0,0,6009185,0.0
16/08/2021,0,0,37.7(8.33 %),0,0,0,0,6009185,0.4
17/08/2021,0,0,37.7(0.00 %),0,0,0,0,6009185,0.4
18/08/2021,200,7400000,37(-1.86 %),200,7400000,0,0,6008985,0.4
19/08/2021,0,0,37(0.00 %),0,0,0,0,6008985,0.4
20/08/2021,-100,-3400000,34(-8.11 %),0,0,100,3400000,6009085,0.4
23/08/2021,0,0,34(0.00 %),0,0,0,0,6009085,0.4
24/08/2021,0,0,34(0.00 %),0,0,0,0,6009085,0.4
25/08/2021,0,0,34(0.00 %),0,0,0,0,6009085,0.4
26/08/2021,0,0,34(0.00 %),0,0,0,0,6009085,0.4
27/08/2021,0,0,36.8(8.24 %),0,0,0,0,6009085,0.4
30/08/2021,0,0,36.8(0.00 %),0,0,0,0,6009085,0.4
31/08/2021,0,0,36.8(0.00 %),0,0,0,0,6009085,0.4
01/09/2021,0,0,36.7(-0.27 %),0,0,0,0,6009085,0.0
06/09/2021,0,0,36.7(0.00 %),0,0,0,0,6009085,0.4
07/09/2021,0,0,36.7(0.00 %),0,0,0,0,6009085,0.0
08/09/2021,0,0,33.3(-9.26 %),0,0,0,0,6009085,0.0
09/09/2021,0,0,33.3(0.00 %),0,0,0,0,6009085,0.4
10/09/2021,0,0,33.3(0.00 %),0,0,0,0,6009085,0.4
13/09/2021,0,0,34.9(4.80 %),0,0,0,0,6009085,0.4
14/09/2021,0,0,34.9(0.00 %),0,0,0,0,6009085,0.4
15/09/2021,0,0,34.9(0.00 %),0,0,0,0,6009085,0.4
16/09/2021,0,0,34.9(0.00 %),0,0,0,0,6009085,0.4
17/09/2021,0,0,37.9(8.60 %),0,0,0,0,6009085,0.4
20/09/2021,0,0,34.3(-9.50 %),0,0,0,0,6009085,0.4
21/09/2021,0,0,34.3(0.00 %),0,0,0,0,6009085,0.4
22/09/2021,0,0,37.6(9.62 %),0,0,0,0,6009085,0.4
23/09/2021,0,0,37.6(0.00 %),0,0,0,0,6009085,0.4
24/09/2021,0,0,37.6(0.00 %),0,0,0,0,6009085,0.0
27/09/2021,0,0,37.6(0.00 %),0,0,0,0,6009085,0.4
28/09/2021,0,0,37.6(0.00 %),0,0,0,0,6009085,0.4
29/09/2021,0,0,37.6(0.00 %),0,0,0,0,6009085,0.0
30/09/2021,0,0,37.6(0.00 %),0,0,0,0,6009085,0.4
01/10/2021,0,0,37.6(0.00 %),0,0,0,0,6009085,0.4
04/10/2021,0,0,37.6(0.00 %),0,0,0,0,6009085,0.4
05/10/2021,0,0,37.4(-0.53 %),0,0,0,0,6009085,0.4
06/10/2021,-100,-3740000,37.4(0.00 %),0,0,100,3740000,6009085,0.4
07/10/2021,0,0,37.4(0.00 %),0,0,0,0,6009085,0.4
08/10/2021,0,0,37.4(0.00 %),0,0,0,0,6009085,0.4
11/10/2021,180,6732000,37.4(0.00 %),400,14960000,220,8228000,6008785,0.4
12/10/2021,100,5020000,34.2(-8.56 %),500,18700000,400,13680000,6008285,0.41
13/10/2021,0,0,37.6(9.94 %),0,0,0,0,6008285,0.0
14/10/2021,0,0,37.6(0.00 %),0,0,0,0,6008285,0.0
15/10/2021,500,18500000,37(-1.60 %),500,18500000,0,0,6007785,0.0
19/10/2021,0,0,40.2(0.00 %),0,0,0,0,6007785,0.0
20/10/2021,0,0,40.2(0.00 %),0,0,0,0,6007785,0.0
21/10/2021,1000,40060000,40.2(0.00 %),1000,40060000,0,0,6006785,0.0
22/10/2021,0,0,43.7(8.71 %),0,0,0,0,6006785,0.0
25/10/2021,0,0,46.7(6.86 %),0,0,0,0,6006785,0.0
26/10/2021,0,0,0(0.00 %),0,0,0,0,6006785,0.0
27/10/2021,0,0,42(-0.24 %),0,0,0,0,6006785,0.42
28/10/2021,0,0,37.8(-10.00 %),0,0,0,0,6006785,0.01
29/10/2021,0,0,37.8(0.00 %),200,7560000,200,7560000,6006785,0.42
01/11/2021,-500,-18500000,37(-2.12 %),0,0,500,18500000,6007405,0.41
02/11/2021,-300,-11090000,37(0.00 %),0,0,300,11090000,6007705,0.41
03/11/2021,-200,-7380000,36.9(-0.27 %),0,0,200,7380000,6007905,0.41
04/11/2021,0,0,38.8(5.15 %),0,0,0,0,6007905,0.0
05/11/2021,0,0,39.8(2.58 %),0,0,0,0,6007905,0.41
08/11/2021,0,0,37(-7.04 %),0,0,0,0,6007905,0.41
09/11/2021,0,0,37(0.00 %),0,0,0,0,6007905,0.41
10/11/2021,0,0,37(0.00 %),0,0,0,0,6007905,0.41
11/11/2021,0,0,37(0.00 %),0,0,0,0,6007905,0.41
12/11/2021,0,0,37(0.00 %),0,0,0,0,6007905,0.41
15/11/2021,0,0,37(0.00 %),0,0,0,0,6007905,0.41
16/11/2021,0,0,37.5(1.35 %),0,0,0,0,6007905,0.41
17/11/2021,100,3750000,37.5(0.00 %),100,3750000,0,0,6007805,0.41
18/11/2021,200,7500000,37.5(0.00 %),200,7500000,0,0,6007605,0.41
19/11/2021,0,0,37.5(0.00 %),0,0,0,0,6007605,0.41
22/11/2021,-4200,-142160000,37(-1.33 %),200,7400000,4400,149560000,6011805,0.38
23/11/2021,0,0,37(0.00 %),0,0,0,0,6011805,0.38
24/11/2021,0,0,37(0.00 %),0,0,0,0,6011805,0.38
25/11/2021,0,0,37(0.00 %),0,0,0,0,6011805,0.38
26/11/2021,0,0,36.9(-0.27 %),0,0,0,0,6011805,0.0
29/11/2021,0,0,36.8(-0.27 %),0,0,0,0,6011805,0.38
30/11/2021,0,0,37(0.54 %),0,0,0,0,6011805,0.38
01/12/2021,0,0,37(0.00 %),0,0,0,0,6012305,0.37
02/12/2021,0,0,37(0.00 %),0,0,0,0,6012305,0.37
03/12/2021,0,0,37(0.00 %),0,0,0,0,6012305,0.37
06/12/2021,0,0,37(0.00 %),0,0,0,0,6012305,0.37
07/12/2021,0,0,37(0.00 %),0,0,0,0,6012305,0.37
08/12/2021,0,0,37(0.00 %),0,0,0,0,6012305,0.37
09/12/2021,0,0,37(0.00 %),0,0,0,0,6012305,0.37
10/12/2021,0,0,37(0.00 %),0,0,0,0,6012305,0.37
13/12/2021,0,0,37(0.00 %),0,0,0,0,6012305,0.37
14/12/2021,0,0,37(0.00 %),0,0,0,0,6012305,0.37
15/12/2021,0,0,37(0.00 %),0,0,0,0,6012305,0.37
16/12/2021,0,0,37(0.00 %),0,0,0,0,6012305,0.37
17/12/2021,0,0,37(0.00 %),0,0,0,0,6012305,0.37
20/12/2021,0,0,36.9(-0.27 %),0,0,0,0,6012305,0.37
21/12/2021,0,0,38(2.98 %),0,0,0,0,6012305,0.37
22/12/2021,0,0,41.8(10.00 %),0,0,0,0,6012305,0.37
23/12/2021,0,0,45.8(9.57 %),0,0,0,0,6012305,0.0
24/12/2021,0,0,41.3(-9.83 %),0,0,0,0,6012305,0.0
27/12/2021,0,0,43.9(6.30 %),0,0,0,0,6012305,0.37
28/12/2021,0,0,48.1(9.57 %),0,0,0,0,6012305,0.37
29/12/2021,0,0,52.6(9.36 %),0,0,0,0,6012305,0.37
30/12/2021,0,0,55(4.56 %),0,0,0,0,6012305,0.37
31/12/2021,0,0,55(0.00 %),0,0,0,0,6012305,0.37
04/01/2022,0,0,55(0.00 %),0,0,0,0,6012305,0.37
05/01/2022,0,0,55(0.00 %),0,0,0,0,6012305,0.37
06/01/2022,0,0,55(0.00 %),0,0,0,0,6012305,0.37
07/01/2022,0,0,55(0.00 %),0,0,0,0,6012305,0.37
10/01/2022,0,0,55(0.00 %),0,0,0,0,6012305,0.37
11/01/2022,0,0,55(0.00 %),0,0,0,0,6012305,0.37
12/01/2022,0,0,55(0.00 %),0,0,0,0,6012305,0.37
13/01/2022,0,0,55(0.00 %),0,0,0,0,6012305,0.37
14/01/2022,0,0,55(0.00 %),0,0,0,0,6012305,0.37
17/01/2022,0,0,55(0.00 %),0,0,0,0,6012305,0.37
18/01/2022,0,0,55(0.00 %),0,0,0,0,6012305,0.37
19/01/2022,0,0,55(0.00 %),0,0,0,0,6012305,0.37
20/01/2022,0,0,55(0.00 %),0,0,0,0,6012305,0.37
21/01/2022,0,0,55(0.00 %),0,0,0,0,6012305,0.37
24/01/2022,0,0,55(0.00 %),0,0,0,0,6012305,0.37
25/01/2022,0,0,55(0.00 %),0,0,0,0,6012305,0.37
26/01/2022,0,0,54(-1.82 %),0,0,0,0,6012305,0.37
27/01/2022,0,0,54(0.00 %),0,0,0,0,6012305,0.37
28/01/2022,0,0,54(0.00 %),0,0,0,0,6012305,0.37
07/02/2022,0,0,55(1.85 %),0,0,0,0,6012305,0.37
08/02/2022,0,0,55(0.00 %),0,0,0,0,6012305,0.37
09/02/2022,0,0,49.5(-10.00 %),0,0,0,0,6012305,0.37
10/02/2022,0,0,49.5(0.00 %),0,0,0,0,6012305,0.37
11/02/2022,0,0,49.5(0.00 %),0,0,0,0,6012305,0.37
14/02/2022,0,0,49.5(0.00 %),0,0,0,0,6012305,0.37
15/02/2022,0,0,49.5(0.00 %),0,0,0,0,6012305,0.37
16/02/2022,0,0,49.5(0.00 %),0,0,0,0,6012305,0.37
17/02/2022,0,0,49.5(0.00 %),0,0,0,0,6012305,0.37
18/02/2022,0,0,49.5(0.00 %),0,0,0,0,6012305,0.37
21/02/2022,0,0,49.5(0.00 %),0,0,0,0,6012305,0.37
22/02/2022,0,0,47(-5.05 %),0,0,0,0,6012305,0.37
23/02/2022,0,0,47(0.00 %),0,0,0,0,6012305,0.37
24/02/2022,0,0,47(0.00 %),0,0,0,0,6012305,0.37
25/02/2022,0,0,47(0.00 %),0,0,0,0,6012305,0.37
28/02/2022,0,0,47(0.00 %),0,0,0,0,6012305,0.37
01/03/2022,0,0,47(0.00 %),0,0,0,0,6012305,0.37
02/03/2022,0,0,47(0.00 %),0,0,0,0,6012305,0.37
03/03/2022,0,0,42.5(-9.57 %),0,0,0,0,6012305,0.37
04/03/2022,0,0,42.5(0.00 %),0,0,0,0,6012305,0.37
07/03/2022,0,0,40(-5.88 %),0,0,0,0,6012305,0.37
08/03/2022,0,0,40(0.00 %),0,0,0,0,6012305,0.37
09/03/2022,0,0,37.1(-7.25 %),0,0,0,0,6012305,0.37
10/03/2022,0,0,40(7.82 %),0,0,0,0,6012305,0.37
11/03/2022,0,0,40(0.00 %),0,0,0,0,6012305,0.37
14/03/2022,0,0,39(-2.50 %),0,0,0,0,6012305,0.37
15/03/2022,0,0,38.5(-1.28 %),0,0,0,0,6012305,0.37
16/03/2022,0,0,38.5(0.00 %),0,0,0,0,6012305,0.37
17/03/2022,0,0,38.5(0.00 %),0,0,0,0,6012305,0.37
18/03/2022,0,0,39(1.30 %),0,0,0,0,6012305,0.37
21/03/2022,0,0,42(7.69 %),0,0,0,0,6012305,0.37
22/03/2022,0,0,42(0.00 %),0,0,0,0,6012305,0.37
23/03/2022,0,0,42(0.00 %),0,0,0,0,6012305,0.37
24/03/2022,0,0,42(0.00 %),0,0,0,0,6012305,0.37
25/03/2022,0,0,42(0.00 %),0,0,0,0,6012305,0.37
28/03/2022,0,0,40(-4.76 %),0,0,0,0,6012305,0.37
29/03/2022,0,0,40(0.00 %),0,0,0,0,6012305,0.37
30/03/2022,0,0,40(0.00 %),0,0,0,0,6012305,0.37
31/03/2022,0,0,40(0.00 %),0,0,0,0,6012305,0.37
01/04/2022,0,0,0(0.00 %),0,0,0,0,6012305,0.37
04/04/2022,0,0,36(0.00 %),0,0,0,0,6012305,0.37
05/04/2022,0,0,38(5.56 %),0,0,0,0,6012305,0.37
06/04/2022,0,0,38(0.00 %),0,0,0,0,6012305,0.37
07/04/2022,0,0,38(0.00 %),0,0,0,0,6012305,0.37
08/04/2022,0,0,38(0.00 %),0,0,0,0,6012305,0.37
12/04/2022,0,0,38(0.00 %),0,0,0,0,6012305,0.37
13/04/2022,0,0,38(0.00 %),0,0,0,0,6012305,0.37
14/04/2022,0,0,38(0.00 %),0,0,0,0,6012305,0.37
15/04/2022,0,0,0(0.00 %),0,0,0,0,6012305,0.37
18/04/2022,0,0,38(0.00 %),0,0,0,0,6012305,0.37
19/04/2022,0,0,38(0.00 %),0,0,0,0,6012305,0.37
20/04/2022,0,0,38(0.00 %),0,0,0,0,6012305,0.37
21/04/2022,0,0,38(0.00 %),0,0,0,0,6012305,0.37
22/04/2022,0,0,38(0.00 %),0,0,0,0,6012305,0.37
25/04/2022,0,0,38(0.00 %),0,0,0,0,6012305,0.37
26/04/2022,0,0,37(-2.63 %),0,0,0,0,6012305,0.37
27/04/2022,0,0,37(0.00 %),0,0,0,0,6012305,0.37
28/04/2022,0,0,37(0.00 %),0,0,0,0,6012305,0.37
29/04/2022,0,0,37(0.00 %),0,0,0,0,6012305,0.37
04/05/2022,0,0,37(0.00 %),0,0,0,0,6012305,0.37
05/05/2022,0,0,37(0.00 %),0,0,0,0,6012305,0.37
06/05/2022,0,0,37(0.00 %),0,0,0,0,6012305,0.37
09/05/2022,0,0,37(0.00 %),0,0,0,0,6012305,0.37
10/05/2022,0,0,37(0.00 %),0,0,0,0,6012305,0.37
11/05/2022,0,0,37(0.00 %),0,0,0,0,6012305,0.37
12/05/2022,0,0,37(0.00 %),0,0,0,0,6012305,0.37
13/05/2022,0,0,37(0.00 %),0,0,0,0,6012305,0.37
16/05/2022,0,0,33.6(-9.19 %),0,0,0,0,6012305,0.37
17/05/2022,0,0,33.6(0.00 %),0,0,0,0,6012305,0.37
18/05/2022,0,0,33.6(0.00 %),0,0,0,0,6012305,0.37
19/05/2022,0,0,36.9(9.82 %),0,0,0,0,6012305,0.37
20/05/2022,0,0,36.9(0.00 %),0,0,0,0,6012305,0.37
23/05/2022,0,0,36.9(0.00 %),0,0,0,0,6012305,0.37
24/05/2022,0,0,33.6(-8.94 %),0,0,0,0,6012305,0.37
25/05/2022,0,0,33.6(0.00 %),0,0,0,0,6012305,0.37
26/05/2022,0,0,33.6(0.00 %),0,0,0,0,6012305,0.37
27/05/2022,0,0,33.6(0.00 %),0,0,0,0,6012305,0.37
30/05/2022,0,0,33.6(0.00 %),0,0,0,0,6012305,0.37
31/05/2022,0,0,33.6(0.00 %),0,0,0,0,6012305,0.37
01/06/2022,0,0,33.6(0.00 %),0,0,0,0,6012305,0.37
02/06/2022,0,0,33.6(0.00 %),0,0,0,0,6012305,0.37
03/06/2022,0,0,33.6(0.00 %),0,0,0,0,6012305,0.37
06/06/2022,0,0,33.6(0.00 %),0,0,0,0,6012305,0.37
07/06/2022,0,0,33.6(0.00 %),0,0,0,0,6012305,0.37
08/06/2022,0,0,33.6(0.00 %),0,0,0,0,6012305,0.37
09/06/2022,0,0,33.6(0.00 %),0,0,0,0,6012305,0.37
10/06/2022,0,0,33.6(0.00 %),0,0,0,0,6012305,0.37
13/06/2022,0,0,33.6(0.00 %),0,0,0,0,6012305,0.37
14/06/2022,0,0,33.6(0.00 %),0,0,0,0,6012305,0.37
15/06/2022,0,0,33.6(0.00 %),0,0,0,0,6012305,0.37
16/06/2022,0,0,33.6(0.00 %),0,0,0,0,6012305,0.37
17/06/2022,0,0,33.6(0.00 %),0,0,0,0,6012305,0.37
20/06/2022,0,0,33.6(0.00 %),0,0,0,0,6012305,0.37
21/06/2022,0,0,33.6(0.00 %),0,0,0,0,6012305,0.37
22/06/2022,0,0,33.6(0.00 %),0,0,0,0,6012305,0.37
23/06/2022,0,0,33.6(0.00 %),0,0,0,0,6012305,0.37
24/06/2022,0,0,33.6(0.00 %),0,0,0,0,6012305,0.37
27/06/2022,0,0,31(-7.74 %),2000,62000000,2000,62000000,6010305,0.39
28/06/2022,0,0,31(0.00 %),0,0,0,0,6010305,0.39
29/06/2022,0,0,31(0.00 %),0,0,0,0,6012305,0.37
30/06/2022,-1240,-35566900,28(-9.68 %),2000,58400000,3240,93966900,6010305,0.39
01/07/2022,0,0,28(0.00 %),0,0,0,0,6010305,0.39
04/07/2022,0,0,28(0.00 %),0,0,0,0,6013545,0.36
05/07/2022,0,0,25.2(-10.00 %),0,0,0,0,6013545,0.36
06/07/2022,0,0,25.2(0.00 %),0,0,0,0,6013545,0.36
07/07/2022,0,0,25.2(0.00 %),0,0,0,0,6013545,0.36
08/07/2022,0,0,25.2(0.00 %),0,0,0,0,6013545,0.36
11/07/2022,0,0,25.2(0.00 %),0,0,0,0,6013545,0.36
12/07/2022,0,0,25.2(0.00 %),0,0,0,0,6013545,0.36
13/07/2022,0,0,25.2(0.00 %),0,0,0,0,6013545,0.36
14/07/2022,0,0,27.7(9.92 %),0,0,0,0,6013545,0.36
15/07/2022,0,0,27.7(0.00 %),0,0,0,0,6013545,0.36
18/07/2022,0,0,27.7(0.00 %),0,0,0,0,6013545,0.36
19/07/2022,0,0,27.7(0.00 %),0,0,0,0,6013545,0.36
20/07/2022,0,0,27.7(0.00 %),0,0,0,0,6013545,0.36
21/07/2022,0,0,27.7(0.00 %),0,0,0,0,6013545,0.36
22/07/2022,0,0,27.7(0.00 %),0,0,0,0,6013545,0.36
25/07/2022,0,0,27.7(0.00 %),0,0,0,0,6013545,0.36
26/07/2022,0,0,27.7(0.00 %),0,0,0,0,6013545,0.36
27/07/2022,0,0,27.7(0.00 %),0,0,0,0,6013545,0.36
28/07/2022,0,0,27.7(0.00 %),0,0,0,0,6013545,0.36
29/07/2022,0,0,27.7(0.00 %),0,0,0,0,6013545,0.36
01/08/2022,0,0,27.7(0.00 %),0,0,0,0,6013545,0.36
02/08/2022,0,0,27.7(0.00 %),0,0,0,0,6013545,0.36
03/08/2022,0,0,27.7(0.00 %),0,0,0,0,6013545,0.36
04/08/2022,0,0,27.7(0.00 %),0,0,0,0,6013545,0.36
05/08/2022,0,0,27.7(0.00 %),0,0,0,0,6013545,0.36
08/08/2022,0,0,27.7(0.00 %),0,0,0,0,6013545,0.36
09/08/2022,0,0,27.7(0.00 %),0,0,0,0,6013545,0.36
10/08/2022,0,0,27.7(0.00 %),0,0,0,0,6013545,0.36
11/08/2022,0,0,27.7(0.00 %),0,0,0,0,6013545,0.36
12/08/2022,-2100,-63000000,30(8.30 %),0,0,2100,63000000,6013545,0.36
15/08/2022,-100,-3050000,30.5(1.67 %),0,0,100,3050000,6013545,0.36
16/08/2022,0,0,30.5(0.00 %),0,0,0,0,6015645,0.35
17/08/2022,0,0,30.5(0.00 %),0,0,0,0,6015745,0.35
18/08/2022,0,0,30.5(0.00 %),0,0,0,0,6015745,0.35
19/08/2022,0,0,30.5(0.00 %),0,0,0,0,6015745,0.35
22/08/2022,0,0,30.5(0.00 %),0,0,0,0,6015745,0.35
23/08/2022,0,0,30.5(0.00 %),0,0,0,0,6015745,0.35
24/08/2022,0,0,30.5(0.00 %),0,0,0,0,6015745,0.35
25/08/2022,0,0,30.5(0.00 %),0,0,0,0,6015745,0.35
26/08/2022,400,12200000,30.5(0.00 %),400,12200000,0,0,6015345,0.35
29/08/2022,0,0,30.5(0.00 %),0,0,0,0,6015345,0.35
30/08/2022,0,0,30.5(0.00 %),400,12200000,400,12200000,6014945,0.35
31/08/2022,0,0,30.5(0.00 %),0,0,0,0,6014945,0.35
05/09/2022,0,0,30.5(0.00 %),0,0,0,0,6015345,0.35
06/09/2022,0,0,30(-1.64 %),0,0,0,0,6015345,0.35
07/09/2022,0,0,30(0.00 %),0,0,0,0,6015345,0.35
08/09/2022,0,0,30(0.00 %),0,0,0,0,6015345,0.35
09/09/2022,0,0,30(0.00 %),0,0,0,0,6015345,0.35
12/09/2022,0,0,30(0.00 %),0,0,0,0,6015345,0.35
13/09/2022,0,0,30(0.00 %),0,0,0,0,6015345,0.35
14/09/2022,0,0,30(0.00 %),0,0,0,0,6015345,0.35
15/09/2022,0,0,30(0.00 %),0,0,0,0,0,0.35
16/09/2022,0,0,30(0.00 %),0,0,0,0,6015345,0.35
19/09/2022,0,0,30(0.00 %),0,0,0,0,6015345,0.0
20/09/2022,0,0,30(0.00 %),0,0,0,0,6015345,0.35
21/09/2022,0,0,30(0.00 %),0,0,0,0,6015345,0.35
22/09/2022,-500,-14950000,29.9(-0.33 %),0,0,500,14950000,6015345,0.35
23/09/2022,0,0,29.9(0.00 %),0,0,0,0,6015345,0.35
26/09/2022,0,0,29.9(0.00 %),0,0,0,0,6015845,0.34
27/09/2022,0,0,29.9(0.00 %),0,0,0,0,6015845,0.34
28/09/2022,0,0,29.9(0.00 %),0,0,0,0,6015845,0.34
29/09/2022,0,0,29.9(0.00 %),0,0,0,0,6015845,0.34
30/09/2022,0,0,29.9(0.00 %),0,0,0,0,6015845,0.34
03/10/2022,0,0,29.9(0.00 %),0,0,0,0,6015845,0.34
04/10/2022,0,0,29.9(0.00 %),0,0,0,0,6015845,0.34
05/10/2022,0,0,29.9(0.00 %),0,0,0,0,6015845,0.34
06/10/2022,0,0,29.9(0.00 %),0,0,0,0,6015845,0.34
07/10/2022,0,0,29.9(0.00 %),0,0,0,0,6015845,0.34
10/10/2022,0,0,29.9(0.00 %),0,0,0,0,6015845,0.34
11/10/2022,0,0,29.9(0.00 %),0,0,0,0,6015845,0.34
12/10/2022,0,0,29.9(0.00 %),0,0,0,0,6015845,0.34
13/10/2022,0,0,27.1(-9.36 %),0,0,0,0,6015845,0.34
14/10/2022,0,0,27.1(0.00 %),0,0,0,0,6015845,0.34
17/10/2022,0,0,27.1(0.00 %),0,0,0,0,6015845,0.34
18/10/2022,0,0,27.1(0.00 %),0,0,0,0,6015845,0.34
19/10/2022,0,0,27.1(0.00 %),0,0,0,0,6015845,0.34
20/10/2022,0,0,27.1(0.00 %),0,0,0,0,6015845,0.34
21/10/2022,0,0,27.1(0.00 %),0,0,0,0,6015845,0.34
24/10/2022,0,0,27.1(0.00 %),0,0,0,0,6015845,0.34
25/10/2022,0,0,27.1(0.00 %),0,0,0,0,6015845,0.34
26/10/2022,0,0,27.1(0.00 %),0,0,0,0,6015845,0.34
27/10/2022,0,0,27.1(0.00 %),0,0,0,0,6015845,0.34
28/10/2022,0,0,27.1(0.00 %),0,0,0,0,6015845,0.34
31/10/2022,0,0,27.1(0.00 %),0,0,0,0,6015845,0.34
01/11/2022,0,0,27.1(0.00 %),0,0,0,0,6015845,0.34
02/11/2022,0,0,27.1(0.00 %),0,0,0,0,6015845,0.34
03/11/2022,0,0,27.1(0.00 %),0,0,0,0,6015845,0.34
04/11/2022,0,0,27.1(0.00 %),0,0,0,0,6015845,0.34
07/11/2022,0,0,27.1(0.00 %),0,0,0,0,6015845,0.34
08/11/2022,0,0,27.1(0.00 %),0,0,0,0,6015845,0.34
09/11/2022,0,0,27.1(0.00 %),0,0,0,0,6015845,0.34
10/11/2022,0,0,27.1(0.00 %),0,0,0,0,6015845,0.34
11/11/2022,0,0,29.6(9.23 %),0,0,0,0,6015845,0.34
14/11/2022,0,0,29.6(0.00 %),0,0,0,0,6015845,0.34
15/11/2022,0,0,29.6(0.00 %),0,0,0,0,6015845,0.34
16/11/2022,-1100,-29700000,27(-8.78 %),0,0,1100,29700000,6015845,0.34
17/11/2022,0,0,27(0.00 %),0,0,0,0,6015845,0.34
18/11/2022,0,0,27(0.00 %),0,0,0,0,6016945,0.34
21/11/2022,0,0,27(0.00 %),0,0,0,0,6016945,0.34
22/11/2022,0,0,27(0.00 %),0,0,0,0,6016945,0.34
23/11/2022,0,0,27(0.00 %),0,0,0,0,6016945,0.34
24/11/2022,0,0,28(3.70 %),0,0,0,0,6016945,0.34
25/11/2022,0,0,28(0.00 %),0,0,0,0,6016945,0.34
28/11/2022,0,0,28(0.00 %),0,0,0,0,6016945,0.0
29/11/2022,0,0,28(0.00 %),0,0,0,0,6016945,0.0
30/11/2022,0,0,28(0.00 %),0,0,0,0,6016945,0.0
01/12/2022,0,0,28(0.00 %),0,0,0,0,6016945,0.0
02/12/2022,0,0,28(0.00 %),0,0,0,0,6016945,0.0
05/12/2022,0,0,28(0.00 %),0,0,0,0,6016945,0.0
06/12/2022,0,0,29(3.57 %),0,0,0,0,6016945,0.0
07/12/2022,0,0,29(0.00 %),0,0,0,0,6016945,0.0
08/12/2022,0,0,29(0.00 %),0,0,0,0,6016945,0.34
09/12/2022,0,0,29(0.00 %),0,0,0,0,6016945,0.34
12/12/2022,0,0,29(0.00 %),0,0,0,0,6016945,0.0
13/12/2022,0,0,29(0.00 %),0,0,0,0,6016945,0.0
14/12/2022,0,0,29(0.00 %),0,0,0,0,6016945,0.0
15/12/2022,0,0,31.9(10.00 %),0,0,0,0,6016945,0.0
16/12/2022,0,0,35(9.72 %),0,0,0,0,6016945,0.0
19/12/2022,0,0,35(0.00 %),0,0,0,0,6016945,0.0
20/12/2022,0,0,35(0.00 %),0,0,0,0,6016945,0.0
21/12/2022,0,0,35(0.00 %),0,0,0,0,6016945,0.0
22/12/2022,0,0,35(0.00 %),0,0,0,0,6016945,0.0
23/12/2022,0,0,38.5(10.00 %),0,0,0,0,6016945,0.0
26/12/2022,0,0,38.5(0.00 %),0,0,0,0,6016945,0.0
27/12/2022,0,0,42.2(9.61 %),0,0,0,0,6016945,0.0
28/12/2022,0,0,46.4(9.95 %),0,0,0,0,6016945,0.34
29/12/2022,0,0,51(9.91 %),0,0,0,0,6016945,0.34
30/12/2022,0,0,55(7.84 %),0,0,0,0,6016945,0.34
03/01/2023,0,0,55(0.00 %),0,0,0,0,6016945,0.0
04/01/2023,0,0,55(0.00 %),0,0,0,0,6016945,0.34
05/01/2023,0,0,55(0.00 %),0,0,0,0,6016945,0.34
06/01/2023,0,0,60(9.09 %),0,0,0,0,6016945,0.34
09/01/2023,0,0,60(0.00 %),0,0,0,0,6016945,0.34
10/01/2023,0,0,65(8.33 %),0,0,0,0,6016945,0.34
11/01/2023,0,0,70.9(9.08 %),0,0,0,0,6016945,0.34
12/01/2023,0,0,70.9(0.00 %),0,0,0,0,6016945,0.34
13/01/2023,0,0,70.9(0.00 %),0,0,0,0,6016945,0.34
16/01/2023,0,0,70.9(0.00 %),0,0,0,0,6016945,0.34
17/01/2023,0,0,70.9(0.00 %),0,0,0,0,6016945,0.34
18/01/2023,0,0,70.9(0.00 %),0,0,0,0,6016945,0.34
19/01/2023,0,0,71(0.14 %),0,0,0,0,6016945,0.34
27/01/2023,0,0,71(0.00 %),0,0,0,0,6016945,0.34
30/01/2023,0,0,71(0.00 %),0,0,0,0,6016945,0.34
31/01/2023,0,0,71(0.00 %),0,0,0,0,6016945,0.34
01/02/2023,0,0,71(0.00 %),0,0,0,0,6016945,0.34
02/02/2023,0,0,71(0.00 %),0,0,0,0,6016945,0.34
03/02/2023,0,0,71(0.00 %),0,0,0,0,6016945,0.34
06/02/2023,0,0,71(0.00 %),0,0,0,0,6016945,0.34
07/02/2023,0,0,71(0.00 %),0,0,0,0,6016945,0.34
08/02/2023,0,0,63.9(-10.00 %),0,0,0,0,6016945,0.34
09/02/2023,0,0,57.6(-9.86 %),0,0,0,0,6016945,0.34
10/02/2023,0,0,57.6(0.00 %),0,0,0,0,6016945,0.34
13/02/2023,0,0,51.9(-9.90 %),0,0,0,0,6016945,0.34
14/02/2023,0,0,51.9(0.00 %),0,0,0,0,6016945,0.34
15/02/2023,0,0,51.9(0.00 %),0,0,0,0,6016945,0.34
16/02/2023,0,0,51.9(0.00 %),0,0,0,0,6016945,0.34
17/02/2023,0,0,51.9(0.00 %),0,0,0,0,6016945,0.34
20/02/2023,0,0,47(-9.44 %),0,0,0,0,6016945,0.34
21/02/2023,0,0,47(0.00 %),0,0,0,0,6016945,0.34
22/02/2023,0,0,43.2(-8.09 %),0,0,0,0,6016945,0.34
23/02/2023,0,0,43.2(0.00 %),0,0,0,0,6016945,0.34
24/02/2023,0,0,43.2(0.00 %),0,0,0,0,6016945,0.0
27/02/2023,0,0,39(-9.72 %),0,0,0,0,6016945,0.34
28/02/2023,0,0,36.5(-6.41 %),0,0,0,0,6016945,0.34
01/03/2023,0,0,33.5(-8.22 %),0,0,0,0,6016945,0.34
02/03/2023,0,0,31(-7.46 %),0,0,0,0,6016945,0.34
03/03/2023,0,0,31(0.00 %),0,0,0,0,6016945,0.34
06/03/2023,-400,-11230000,27.9(-10.00 %),0,0,400,11230000,6016945,0.34
07/03/2023,0,0,27.9(0.00 %),0,0,0,0,6016945,0.34
08/03/2023,0,0,27.9(0.00 %),0,0,0,0,6017345,0.33
09/03/2023,-100,-3050000,26.5(-5.02 %),0,0,100,3050000,6017345,0.33
10/03/2023,0,0,26.5(0.00 %),0,0,0,0,6017345,0.33
13/03/2023,0,0,24.5(-7.55 %),0,0,0,0,6017345,0.0
14/03/2023,0,0,23.9(-2.45 %),0,0,0,0,6017445,0.33
15/03/2023,0,0,24.1(0.84 %),0,0,0,0,6017445,0.33
16/03/2023,0,0,26.4(9.54 %),0,0,0,0,6017445,0.33
17/03/2023,0,0,25(-5.30 %),0,0,0,0,6017445,0.33
20/03/2023,0,0,25(0.00 %),0,0,0,0,6017445,0.33
21/03/2023,0,0,26.9(7.60 %),0,0,0,0,6017445,0.33
22/03/2023,0,0,26.9(0.00 %),0,0,0,0,6017445,0.33
23/03/2023,0,0,26.9(0.00 %),0,0,0,0,6017445,0.33
24/03/2023,0,0,26.9(0.00 %),0,0,0,0,6017445,0.33
27/03/2023,0,0,24.4(-9.29 %),0,0,0,0,6017445,0.33
28/03/2023,0,0,23.5(-3.69 %),0,0,0,0,6017445,0.0
29/03/2023,0,0,25.5(8.51 %),0,0,0,0,6017445,0.33
30/03/2023,0,0,24.8(-2.75 %),0,0,0,0,6017445,0.33
31/03/2023,0,0,24.8(0.00 %),0,0,0,0,6017445,0.33
03/04/2023,0,0,24.8(0.00 %),0,0,0,0,6017445,0.33
04/04/2023,0,0,26(4.84 %),0,0,0,0,6017445,0.33
05/04/2023,0,0,25.9(-0.38 %),0,0,0,0,6017445,0.33
06/04/2023,-2000,-49710000,24.9(-3.86 %),0,0,2000,49710000,6017445,0.33
07/04/2023,0,0,24.5(-1.61 %),0,0,0,0,6017445,0.33
10/04/2023,0,0,24.8(1.22 %),0,0,0,0,6019445,0.32
11/04/2023,0,0,24.8(0.00 %),0,0,0,0,6019445,0.32
12/04/2023,0,0,24.8(0.00 %),0,0,0,0,6019445,0.32
13/04/2023,0,0,24.8(0.00 %),0,0,0,0,6019445,0.32
14/04/2023,0,0,25.8(4.03 %),0,0,0,0,6019445,0.32
17/04/2023,0,0,25.9(0.39 %),0,0,0,0,6019445,0.32
18/04/2023,300,7710000,25.7(-0.77 %),300,7710000,0,0,6019145,0.32
19/04/2023,0,0,25.7(0.00 %),0,0,0,0,6019145,0.32
20/04/2023,0,0,25.5(-0.78 %),0,0,0,0,6019145,0.32
21/04/2023,500,12770000,25.6(0.39 %),500,12770000,0,0,6018645,0.32
24/04/2023,0,0,25.6(0.00 %),0,0,0,0,6018645,0.32
25/04/2023,500,12850000,25.9(1.17 %),500,12850000,0,0,6018145,0.33
26/04/2023,0,0,25.9(0.00 %),0,0,0,0,6018145,0.33
27/04/2023,500,12900000,25.8(-0.39 %),500,12900000,0,0,6017645,0.33
28/04/2023,0,0,25.8(0.00 %),0,0,0,0,6017645,0.33
04/05/2023,100,2550000,25.5(-1.16 %),100,2550000,0,0,6017645,0.33
05/05/2023,0,0,25.5(0.00 %),0,0,0,0,6017545,0.33
08/05/2023,0,0,25.5(0.00 %),0,0,0,0,6017545,0.33
09/05/2023,0,0,25.6(0.39 %),0,0,0,0,6017545,0.33
10/05/2023,0,0,25.6(0.00 %),0,0,0,0,6017545,0.33
11/05/2023,0,0,25.6(0.00 %),0,0,0,0,6017545,0.33
12/05/2023,0,0,25.8(0.78 %),0,0,0,0,6017545,0.33
15/05/2023,500,12800000,25.1(-2.71 %),500,12800000,0,0,6017045,0.33
16/05/2023,0,0,25.1(0.00 %),0,0,0,0,6017045,0.33
17/05/2023,0,0,25.6(1.99 %),0,0,0,0,6017045,0.33
18/05/2023,400,10240000,25.6(0.00 %),400,10240000,0,0,6016645,0.34
19/05/2023,0,0,23.4(-8.59 %),0,0,0,0,6016645,0.34
22/05/2023,0,0,25.7(9.83 %),0,0,0,0,6016645,0.34
23/05/2023,0,0,25.7(0.00 %),0,0,0,0,6016645,0.34
24/05/2023,0,0,25.7(0.00 %),0,0,0,0,6016645,0.34
25/05/2023,0,0,25.7(0.00 %),0,0,0,0,6016645,0.34
26/05/2023,0,0,25.7(0.00 %),0,0,0,0,6016645,0.34
29/05/2023,0,0,25.7(0.00 %),0,0,0,0,6016645,0.34
30/05/2023,0,0,25.7(0.00 %),0,0,0,0,6016645,0.34
31/05/2023,0,0,26(1.17 %),0,0,0,0,6016645,0.34
01/06/2023,0,0,25(-3.85 %),0,0,0,0,6016645,0.34
02/06/2023,0,0,25(0.00 %),0,0,0,0,6016645,0.34
05/06/2023,0,0,25.6(2.40 %),0,0,0,0,6016645,0.34
06/06/2023,0,0,25.6(0.00 %),0,0,0,0,6016645,0.34
07/06/2023,0,0,25.6(0.00 %),0,0,0,0,6016645,0.34
08/06/2023,0,0,25.6(0.00 %),0,0,0,0,6016645,0.34
09/06/2023,0,0,25.2(-1.56 %),0,0,0,0,6016645,0.34
12/06/2023,0,0,25.2(0.00 %),0,0,0,0,6016645,0.34
13/06/2023,0,0,25.2(0.00 %),0,0,0,0,6016645,0.34
14/06/2023,0,0,25.2(0.00 %),0,0,0,0,6016645,0.34
15/06/2023,0,0,24(-4.76 %),0,0,0,0,6016645,0.34
16/06/2023,0,0,25(4.17 %),0,0,0,0,6016645,0.34
19/06/2023,0,0,25(0.00 %),0,0,0,0,6016645,0.34
20/06/2023,0,0,0(0.00 %),0,0,0,0,6016645,0.34
21/06/2023,0,0,26.1(4.40 %),0,0,0,0,6016645,0.34
22/06/2023,0,0,26.1(0.00 %),0,0,0,0,6016645,0.34
23/06/2023,0,0,26.1(0.00 %),0,0,0,0,6016645,0.34
26/06/2023,0,0,26.1(0.00 %),0,0,0,0,6016645,0.34
27/06/2023,0,0,26.1(0.00 %),0,0,0,0,6016645,0.34
28/06/2023,0,0,26.1(0.00 %),0,0,0,0,6016645,0.34
29/06/2023,0,0,26.1(0.00 %),0,0,0,0,6016645,0.34
30/06/2023,0,0,0(0.00 %),0,0,0,0,6016645,0.34
03/07/2023,0,0,25(-4.21 %),0,0,0,0,6016645,0.34
04/07/2023,0,0,25(0.00 %),0,0,0,0,6016645,0.34
05/07/2023,0,0,25(0.00 %),0,0,0,0,6016645,0.34
06/07/2023,0,0,26(4.00 %),0,0,0,0,6016645,0.34
07/07/2023,0,0,23.6(-9.23 %),0,0,0,0,6016645,0.34
10/07/2023,0,0,0(0.00 %),0,0,0,0,6016645,0.34
11/07/2023,-300,-7890000,26.1(0.77 %),0,0,300,7890000,6016645,0.34
12/07/2023,0,0,26.1(0.00 %),0,0,0,0,6016645,0.34
13/07/2023,0,0,25.6(-1.92 %),0,0,0,0,6016945,0.34
14/07/2023,0,0,25.6(0.00 %),0,0,0,0,6016945,0.34
17/07/2023,0,0,25.2(0.00 %),0,0,0,0,6016945,0.34
18/07/2023,0,0,25.6(1.59 %),0,0,0,0,6016945,0.34
19/07/2023,0,0,25.2(0.00 %),0,0,0,0,6016945,0.34
20/07/2023,0,0,25.2(0.00 %),0,0,0,0,6016945,0.34
21/07/2023,0,0,25.2(0.00 %),0,0,0,0,6016945,0.34
24/07/2023,0,0,25.2(0.00 %),0,0,0,0,6016945,0.34
25/07/2023,0,0,25.2(0.00 %),0,0,0,0,6016945,0.34
26/07/2023,0,0,25.2(0.00 %),0,0,0,0,6016945,0.34
27/07/2023,0,0,24.3(-3.57 %),0,0,0,0,6016945,0.34
28/07/2023,0,0,24.3(0.00 %),0,0,0,0,6016945,0.0
31/07/2023,0,0,24.3(0.00 %),0,0,0,0,6016945,0.34
01/08/2023,0,0,24.3(0.00 %),0,0,0,0,6016945,0.34
02/08/2023,0,0,24.3(0.00 %),0,0,0,0,6016945,0.34
03/08/2023,0,0,24.3(0.00 %),0,0,0,0,6016945,0.34
04/08/2023,0,0,24.3(0.00 %),0,0,0,0,6016945,0.34
07/08/2023,0,0,24.3(0.00 %),0,0,0,0,6016945,0.34
08/08/2023,0,0,24.3(0.00 %),0,0,0,0,6016945,0.34
09/08/2023,0,0,24.3(0.00 %),0,0,0,0,6016945,0.34
10/08/2023,0,0,24.3(0.00 %),0,0,0,0,6016945,0.34
11/08/2023,0,0,24.3(0.00 %),0,0,0,0,6016945,0.34
14/08/2023,0,0,24.3(0.00 %),0,0,0,0,6016945,0.34
15/08/2023,0,0,24.3(0.00 %),0,0,0,0,6016945,0.34
16/08/2023,0,0,24.3(0.00 %),0,0,0,0,6016945,0.34
17/08/2023,0,0,24.3(0.00 %),0,0,0,0,6016945,0.34
18/08/2023,100,2430000,24.3(0.00 %),100,2430000,0,0,6016845,0.34
21/08/2023,0,0,24.3(0.00 %),0,0,0,0,6016845,0.34
22/08/2023,0,0,24.3(0.00 %),0,0,0,0,6016845,0.34
23/08/2023,0,0,24.3(0.00 %),0,0,0,0,6016845,0.34
24/08/2023,0,0,24.3(0.00 %),0,0,0,0,6016845,0.34
25/08/2023,0,0,24.3(0.00 %),0,0,0,0,6016845,0.0
28/08/2023,0,0,23.5(-3.29 %),0,0,0,0,6016845,0.34
29/08/2023,0,0,23.5(0.00 %),0,0,0,0,6016845,0.34
30/08/2023,0,0,25.8(9.79 %),0,0,0,0,6016845,0.34
31/08/2023,0,0,26(0.78 %),0,0,0,0,6016845,0.34
05/09/2023,-100,-2570000,25.6(-1.54 %),500,12800000,600,15370000,6016345,0.34
06/09/2023,0,0,25.6(0.00 %),0,0,0,0,6016345,0.0
07/09/2023,0,0,25.5(-0.39 %),0,0,0,0,6016945,0.34
08/09/2023,0,0,26.7(4.71 %),0,0,0,0,6016945,0.34
11/09/2023,0,0,26.8(0.37 %),0,0,0,0,6016945,0.34
12/09/2023,0,0,26.5(-1.12 %),0,0,0,0,6016945,0.34
13/09/2023,0,0,26(-1.89 %),0,0,0,0,6016945,0.34
14/09/2023,0,0,26(0.00 %),0,0,0,0,6016945,0.34
15/09/2023,0,0,0(0.00 %),0,0,0,0,6016945,0.34
18/09/2023,200,5220000,26.1(0.38 %),200,5220000,0,0,6016745,0.34
19/09/2023,0,0,0(0.00 %),0,0,0,0,6016745,0.34
20/09/2023,0,0,26.1(0.00 %),0,0,0,0,6016745,0.34
21/09/2023,0,0,26.1(0.00 %),0,0,0,0,6016745,0.34
22/09/2023,0,0,26.5(1.53 %),0,0,0,0,6016745,0.34
25/09/2023,0,0,26.5(0.00 %),0,0,0,0,6016745,0.34
26/09/2023,0,0,26.5(0.00 %),0,0,0,0,6016745,0.34
27/09/2023,0,0,26.5(0.00 %),0,0,0,0,6016745,0.0
28/09/2023,0,0,26.8(1.13 %),0,0,0,0,6016745,0.0
29/09/2023,0,0,26.8(0.00 %),0,0,0,0,6016745,0.34
02/10/2023,0,0,27(0.75 %),0,0,0,0,6016745,0.34
03/10/2023,0,0,27(0.00 %),0,0,0,0,6016745,0.34
04/10/2023,0,0,27(0.00 %),0,0,0,0,6016745,0.34
05/10/2023,0,0,27(0.00 %),0,0,0,0,6016745,0.34
06/10/2023,300,8130000,27.4(1.48 %),300,8130000,0,0,6016445,0.34
09/10/2023,0,0,27.4(0.00 %),0,0,0,0,6016445,0.34
10/10/2023,0,0,27.4(0.00 %),0,0,0,0,6016445,0.34
11/10/2023,0,0,27.4(0.00 %),0,0,0,0,6016445,0.34
12/10/2023,0,0,27.4(0.00 %),0,0,0,0,6016445,0.34
13/10/2023,0,0,27.4(0.00 %),0,0,0,0,6016445,0.34
16/10/2023,0,0,27.4(0.00 %),0,0,0,0,6016445,0.34
17/10/2023,0,0,27.4(0.00 %),0,0,0,0,6016445,0.34
18/10/2023,0,0,27.4(0.00 %),0,0,0,0,6016445,0.34
19/10/2023,0,0,27.4(0.00 %),0,0,0,0,6016445,0.34
20/10/2023,0,0,27.4(0.00 %),0,0,0,0,6016445,0.34
23/10/2023,0,0,27.4(0.00 %),0,0,0,0,6016445,0.34
24/10/2023,0,0,27.4(0.00 %),0,0,0,0,6016445,0.0
25/10/2023,0,0,27.4(0.00 %),0,0,0,0,6016445,0.34
26/10/2023,0,0,27.4(0.00 %),0,0,0,0,6016445,0.34
27/10/2023,0,0,0(0.00 %),0,0,0,0,6016445,0.34
30/10/2023,0,0,27.4(0.00 %),0,0,0,0,6016445,0.34
31/10/2023,0,0,27.4(0.00 %),0,0,0,0,6016445,0.34
01/11/2023,0,0,27.4(0.00 %),0,0,0,0,6016445,0.34
02/11/2023,0,0,27.4(0.00 %),0,0,0,0,6016445,0.34
03/11/2023,0,0,27.4(0.00 %),0,0,0,0,6016445,0.34
06/11/2023,0,0,27.4(0.00 %),0,0,0,0,6016445,0.34
07/11/2023,0,0,28(2.19 %),0,0,0,0,6016445,0.34
08/11/2023,0,0,28(0.00 %),0,0,0,0,6016445,0.34
09/11/2023,0,0,27.5(-1.79 %),0,0,0,0,6016445,0.34
10/11/2023,0,0,27.5(0.00 %),0,0,0,0,6016445,0.34
13/11/2023,0,0,28(1.82 %),0,0,0,0,6016445,0.34
14/11/2023,0,0,28(0.00 %),0,0,0,0,6016445,0.34
15/11/2023,0,0,28(0.00 %),0,0,0,0,6016445,0.34
16/11/2023,0,0,28(0.00 %),0,0,0,0,6016445,0.34
17/11/2023,200,5700000,28.5(1.79 %),200,5700000,0,0,6016245,0.34
20/11/2023,0,0,28.5(0.00 %),0,0,0,0,6016245,0.34
21/11/2023,0,0,28.5(0.00 %),0,0,0,0,6016245,0.34
22/11/2023,0,0,28.5(0.00 %),0,0,0,0,6016245,0.34
23/11/2023,0,0,28.5(0.00 %),0,0,0,0,6016245,0.34
24/11/2023,0,0,28.5(0.00 %),0,0,0,0,6016245,0.34
27/11/2023,0,0,28.5(0.00 %),0,0,0,0,6016245,0.34
28/11/2023,0,0,28.5(0.00 %),0,0,0,0,6016245,0.34
29/11/2023,0,0,30(5.26 %),0,0,0,0,6016245,0.34
30/11/2023,0,0,30(0.00 %),0,0,0,0,6016245,0.34
01/12/2023,0,0,30(0.00 %),0,0,0,0,6016245,0.34
04/12/2023,0,0,30(0.00 %),0,0,0,0,6016245,0.34
05/12/2023,0,0,30(0.00 %),0,0,0,0,6016245,0.34
06/12/2023,0,0,30(0.00 %),0,0,0,0,6016245,0.34
07/12/2023,0,0,30(0.00 %),0,0,0,0,6016245,0.34
08/12/2023,0,0,30(0.00 %),0,0,0,0,6016245,0.34
11/12/2023,0,0,30(0.00 %),0,0,0,0,6016245,0.34
12/12/2023,0,0,30(0.00 %),0,0,0,0,6016245,0.34
13/12/2023,0,0,30(0.00 %),0,0,0,0,6016245,0.34
14/12/2023,0,0,30(0.00 %),0,0,0,0,6016245,0.34
15/12/2023,0,0,30(0.00 %),0,0,0,0,6016245,0.34
18/12/2023,0,0,30(0.00 %),0,0,0,0,6016245,0.34
19/12/2023,0,0,30(0.00 %),0,0,0,0,6016245,0.34
20/12/2023,0,0,30(0.00 %),0,0,0,0,6016245,0.0
21/12/2023,0,0,30(0.00 %),0,0,0,0,6016245,0.34
22/12/2023,0,0,30(0.00 %),0,0,0,0,6016245,0.34
25/12/2023,0,0,30(0.00 %),0,0,0,0,6016245,0.34
26/12/2023,0,0,30(0.00 %),0,0,0,0,6016245,0.34
27/12/2023,0,0,30(0.00 %),0,0,0,0,6016245,0.0
28/12/2023,0,0,30(0.00 %),0,0,0,0,6016245,0.0
29/12/2023,0,0,33(10.00 %),0,0,0,0,6016245,0.34
02/01/2024,0,0,33(0.00 %),0,0,0,0,6016245,0.34
03/01/2024,0,0,36.3(10.00 %),0,0,0,0,6016245,0.34
04/01/2024,0,0,36.3(0.00 %),0,0,0,0,6016245,0.34
05/01/2024,0,0,36.3(0.00 %),0,0,0,0,6016245,0.34
08/01/2024,0,0,32.7(-9.92 %),0,0,0,0,6016245,0.34
09/01/2024,0,0,32.7(0.00 %),0,0,0,0,6016245,0.34
10/01/2024,0,0,32.7(0.00 %),0,0,0,0,6016245,0.34
11/01/2024,0,0,32.7(0.00 %),0,0,0,0,6016245,0.34
12/01/2024,0,0,32.7(0.00 %),0,0,0,0,6016245,0.34
15/01/2024,0,0,32.7(0.00 %),0,0,0,0,6016245,0.34
16/01/2024,0,0,32.7(0.00 %),0,0,0,0,6016245,0.34
17/01/2024,0,0,32.7(0.00 %),0,0,0,0,6016245,0.34
18/01/2024,0,0,32.7(0.00 %),0,0,0,0,6016245,0.34
19/01/2024,0,0,32.7(0.00 %),0,0,0,0,6016245,0.34
22/01/2024,0,0,32.7(0.00 %),0,0,0,0,6016245,0.34
23/01/2024,0,0,32.7(0.00 %),0,0,0,0,6016245,0.34
24/01/2024,0,0,32.7(0.00 %),0,0,0,0,6016245,0.34
25/01/2024,0,0,32.7(0.00 %),0,0,0,0,6016245,0.34
26/01/2024,0,0,32.7(0.00 %),0,0,0,0,6016245,0.34
29/01/2024,0,0,32.7(0.00 %),0,0,0,0,6016245,0.34
30/01/2024,0,0,32.7(0.00 %),0,0,0,0,6016245,0.34
31/01/2024,0,0,32.7(0.00 %),0,0,0,0,6016245,0.34
01/02/2024,0,0,32.7(0.00 %),0,0,0,0,6016245,0.34
02/02/2024,0,0,32.7(0.00 %),0,0,0,0,6016245,0.34
05/02/2024,0,0,29.5(-9.79 %),0,0,0,0,6016245,0.0
06/02/2024,0,0,29.5(0.00 %),0,0,0,0,6016245,0.34
07/02/2024,0,0,29.5(0.00 %),0,0,0,0,6016245,0.34
15/02/2024,0,0,29.5(0.00 %),0,0,0,0,6016245,0.34
16/02/2024,0,0,29.5(0.00 %),0,0,0,0,6016245,0.34
19/02/2024,0,0,29.5(0.00 %),0,0,0,0,6016245,0.34
20/02/2024,-2000,-53200000,26.6(-9.83 %),0,0,2000,53200000,6016245,0.34
21/02/2024,-100,-2420000,24.2(-9.02 %),0,0,100,2420000,6016245,0.34
22/02/2024,0,0,24.2(0.00 %),0,0,0,0,6016245,0.34
23/02/2024,0,0,24.2(0.00 %),0,0,0,0,6018245,0.0
26/02/2024,0,0,24.2(0.00 %),0,0,0,0,6018345,0.32
27/02/2024,0,0,24.2(0.00 %),0,0,0,0,6018345,0.0
28/02/2024,0,0,24.2(0.00 %),0,0,0,0,6018345,0.0
29/02/2024,0,0,24.2(0.00 %),0,0,0,0,6018345,0.32
01/03/2024,0,0,24.2(0.00 %),0,0,0,0,6018345,0.0
04/03/2024,0,0,24.2(0.00 %),0,0,0,0,6018345,0.0
05/03/2024,0,0,24.2(0.00 %),0,0,0,0,6018345,0.32
06/03/2024,0,0,24.2(0.00 %),0,0,0,0,6018345,0.0
07/03/2024,0,0,24.2(0.00 %),0,0,0,0,6018345,0.0
08/03/2024,0,0,24.2(0.00 %),0,0,0,0,6018345,0.0
11/03/2024,0,0,24.2(0.00 %),0,0,0,0,6018345,0.0
12/03/2024,0,0,24.2(0.00 %),0,0,0,0,6018345,0.32
13/03/2024,0,0,24.2(0.00 %),0,0,0,0,6018345,0.32
14/03/2024,0,0,24.2(0.00 %),0,0,0,0,6018345,0.0
15/03/2024,0,0,24.2(0.00 %),0,0,0,0,6018345,0.0
18/03/2024,0,0,24.2(0.00 %),0,0,0,0,6018345,0.32
19/03/2024,0,0,24.2(0.00 %),0,0,0,0,6018345,0.32
20/03/2024,0,0,24.2(0.00 %),0,0,0,0,6018345,0.0
21/03/2024,0,0,24.2(0.00 %),0,0,0,0,6018345,0.0
22/03/2024,0,0,24.2(0.00 %),0,0,0,0,6018345,0.0
25/03/2024,0,0,24.2(0.00 %),0,0,0,0,6018345,0.32
26/03/2024,0,0,24.2(0.00 %),0,0,0,0,6018345,0.0
27/03/2024,0,0,24.2(0.00 %),0,0,0,0,6018345,0.32
28/03/2024,0,0,24.2(0.00 %),0,0,0,0,6018345,0.32
29/03/2024,0,0,24.2(0.00 %),0,0,0,0,6018345,0.32
01/04/2024,0,0,24.2(0.00 %),0,0,0,0,6018345,0.32
02/04/2024,0,0,24.2(0.00 %),0,0,0,0,6018345,0.0
03/04/2024,0,0,24.2(0.00 %),0,0,0,0,6018345,0.32
04/04/2024,0,0,24.2(0.00 %),0,0,0,0,6018345,0.0
05/04/2024,0,0,24.2(0.00 %),0,0,0,0,6018345,0.32
08/04/2024,0,0,24.2(0.00 %),0,0,0,0,6018345,0.0
09/04/2024,0,0,24.2(0.00 %),0,0,0,0,6018345,0.0
10/04/2024,0,0,24.2(0.00 %),0,0,0,0,6018345,0.0
11/04/2024,0,0,24.2(0.00 %),0,0,0,0,6018345,0.32
12/04/2024,0,0,24.2(0.00 %),0,0,0,0,6018345,0.32
15/04/2024,0,0,24.2(0.00 %),0,0,0,0,6018345,0.0
16/04/2024,0,0,24.2(0.00 %),0,0,0,0,6018345,0.0
17/04/2024,0,0,24.2(0.00 %),0,0,0,0,6018345,0.0
19/04/2024,0,0,24.2(0.00 %),0,0,0,0,6018345,0.0
22/04/2024,0,0,24.2(0.00 %),0,0,0,0,6018345,0.32
23/04/2024,0,0,24.2(0.00 %),0,0,0,0,6018345,0.32
24/04/2024,0,0,24.2(0.00 %),0,0,0,0,6018345,0.0
25/04/2024,0,0,24.2(0.00 %),0,0,0,0,6018345,0.0
26/04/2024,0,0,24.2(0.00 %),0,0,0,0,6018345,0.32
02/05/2024,0,0,24.2(0.00 %),0,0,0,0,6018345,0.32
03/05/2024,0,0,24.2(0.00 %),0,0,0,0,6018345,0.32
06/05/2024,0,0,24.2(0.00 %),0,0,0,0,6018345,0.32
07/05/2024,0,0,26.6(9.92 %),0,0,0,0,6018345,0.32
08/05/2024,0,0,26.6(0.00 %),0,0,0,0,6018345,0.32
09/05/2024,0,0,26.6(0.00 %),0,0,0,0,6018345,0.32
10/05/2024,0,0,26.6(0.00 %),0,0,0,0,6018345,0.32
13/05/2024,0,0,26.6(0.00 %),0,0,0,0,6018345,0.32
14/05/2024,0,0,26.6(0.00 %),0,0,0,0,6018345,0.0
15/05/2024,0,0,26.6(0.00 %),0,0,0,0,6018345,0.0
16/05/2024,0,0,26.6(0.00 %),0,0,0,0,6018345,0.0
17/05/2024,0,0,26.6(0.00 %),0,0,0,0,6018345,0.32
20/05/2024,0,0,26.6(0.00 %),0,0,0,0,6018345,0.32
21/05/2024,0,0,26.6(0.00 %),0,0,0,0,6018345,0.32
22/05/2024,0,0,26.6(0.00 %),0,0,0,0,6018345,0.32
23/05/2024,0,0,26.6(0.00 %),0,0,0,0,6018345,0.32
24/05/2024,0,0,26.6(0.00 %),0,0,0,0,6018345,0.0
27/05/2024,0,0,26.6(0.00 %),0,0,0,0,6018345,0.32
28/05/2024,0,0,26.6(0.00 %),0,0,0,0,6018345,0.32
29/05/2024,0,0,26.6(0.00 %),0,0,0,0,6018345,0.32
30/05/2024,0,0,26.6(0.00 %),0,0,0,0,6018345,0.32
31/05/2024,0,0,26.6(0.00 %),0,0,0,0,6018345,0.32
03/06/2024,0,0,26.6(0.00 %),0,0,0,0,6018345,0.0
04/06/2024,0,0,26.6(0.00 %),0,0,0,0,6018345,0.0
05/06/2024,0,0,26.6(0.00 %),0,0,0,0,6018345,0.0
06/06/2024,0,0,26.6(0.00 %),0,0,0,0,6018345,0.32
07/06/2024,0,0,29.2(9.77 %),0,0,0,0,6018345,0.32
10/06/2024,0,0,29.2(0.00 %),0,0,0,0,6018345,0.0
11/06/2024,0,0,29.2(0.00 %),0,0,0,0,6018345,0.32
12/06/2024,0,0,29.2(0.00 %),0,0,0,0,6018345,0.32
13/06/2024,0,0,29.2(0.00 %),0,0,0,0,6018345,0.32
14/06/2024,0,0,29.2(0.00 %),0,0,0,0,6018345,0.32
17/06/2024,0,0,29.2(0.00 %),0,0,0,0,6018345,0.32
18/06/2024,0,0,29.2(0.00 %),0,0,0,0,6018345,0.32
19/06/2024,0,0,29.2(0.00 %),0,0,0,0,6018345,0.32
20/06/2024,0,0,29.2(0.00 %),0,0,0,0,6018345,0.32
21/06/2024,0,0,29.2(0.00 %),0,0,0,0,6018345,0.32
24/06/2024,0,0,29.2(0.00 %),0,0,0,0,6018345,0.32
25/06/2024,0,0,29.2(0.00 %),0,0,0,0,6018345,0.32
26/06/2024,0,0,29.2(0.00 %),0,0,0,0,6018345,0.32
27/06/2024,0,0,29.2(0.00 %),0,0,0,0,6018345,0.32
28/06/2024,0,0,29.2(0.00 %),0,0,0,0,6018345,0.32
03/07/2024,0,0,38.7(9.94 %),0,0,0,0,6018345,0.32
04/07/2024,0,0,42.5(9.82 %),0,0,0,0,6018345,0.0
05/07/2024,0,0,44.4(4.47 %),0,0,0,0,6018345,0.0
08/07/2024,400,17490000,40.3(-9.23 %),400,17490000,0,0,6017945,0.0
09/07/2024,3000,132900000,44.3(9.93 %),3000,132900000,0,0,6014945,0.0
10/07/2024,0,0,43.8(-1.13 %),0,0,0,0,6014945,0.0
11/07/2024,0,0,35.2(-9.74 %),0,0,0,0,6014945,0.0
12/07/2024,0,0,35.2(0.00 %),0,0,0,0,6014945,0.0
15/07/2024,0,0,35.2(0.00 %),0,0,0,0,6014945,0.0
16/07/2024,0,0,35.2(0.00 %),0,0,0,0,6014945,0.0
17/07/2024,0,0,35.2(0.00 %),0,0,0,0,6014945,0.0
18/07/2024,0,0,35.2(0.00 %),0,0,0,0,6014945,0.0
19/07/2024,0,0,35.2(0.00 %),0,0,0,0,6014945,0.0
22/07/2024,0,0,35.2(0.00 %),0,0,0,0,6014945,0.0
23/07/2024,0,0,35.2(0.00 %),0,0,0,0,6014945,0.0
24/07/2024,0,0,35.2(0.00 %),0,0,0,0,6014945,0.0
25/07/2024,0,0,35.2(0.00 %),0,0,0,0,6014945,0.0
26/07/2024,0,0,31.7(-9.94 %),0,0,0,0,6014945,0.0
29/07/2024,0,0,28.6(-9.78 %),0,0,0,0,6014945,0.0
30/07/2024,1200,30960000,25.8(-9.79 %),1200,30960000,0,0,6013745,0.0
31/07/2024,0,0,24.5(-5.04 %),0,0,0,0,6013745,0.0
01/08/2024,300,6900000,23(-6.12 %),300,6900000,0,0,6013945,0.0
02/08/2024,0,0,20.8(-9.57 %),0,0,0,0,6013945,0.0
05/08/2024,0,0,20.8(0.00 %),0,0,0,0,6013945,0.0
06/08/2024,0,0,20.8(0.00 %),0,0,0,0,6013945,0.0
07/08/2024,0,0,20.8(0.00 %),0,0,0,0,6013945,0.0
08/08/2024,0,0,20.8(0.00 %),0,0,0,0,6013945,0.0
09/08/2024,0,0,20.8(0.00 %),0,0,0,0,6013945,0.0
12/08/2024,-1000,-20800000,20.8(0.00 %),0,0,1000,20800000,6014945,0.0
13/08/2024,0,0,20.8(0.00 %),0,0,0,0,6014945,0.0
14/08/2024,0,0,22.8(9.62 %),0,0,0,0,6014945,0.0
15/08/2024,0,0,25(9.65 %),0,0,0,0,6014945,0.0
16/08/2024,0,0,25(0.00 %),0,0,0,0,6014945,0.0
19/08/2024,0,0,27(8.00 %),0,0,0,0,6014945,0.0
20/08/2024,0,0,24.5(-9.26 %),0,0,0,0,6014945,0.0
21/08/2024,0,0,24.5(0.00 %),0,0,0,0,6014945,0.0
22/08/2024,0,0,24.5(0.00 %),0,0,0,0,6014945,0.0
23/08/2024,0,0,25(2.04 %),0,0,0,0,6014945,0.0
26/08/2024,0,0,26(4.00 %),0,0,0,0,6014945,0.0
27/08/2024,0,0,26(0.00 %),0,0,0,0,6014945,0.0
28/08/2024,0,0,24.2(-6.92 %),0,0,0,0,6014945,0.0
29/08/2024,0,0,26(7.44 %),0,0,0,0,6014945,0.0
30/08/2024,0,0,26(0.00 %),0,0,0,0,6014945,0.0
04/09/2024,0,0,26(0.00 %),0,0,0,0,6014645,0.0
05/09/2024,-100,-2850000,28.6(10.00 %),0,0,100,2850000,6014745,0.0
06/09/2024,0,0,31.2(9.09 %),0,0,0,0,6014745,0.0
09/09/2024,0,0,31.2(0.00 %),0,0,0,0,6014745,0.0
10/09/2024,0,0,31.9(2.24 %),0,0,0,0,6014745,0.0
11/09/2024,0,0,35(9.72 %),0,0,0,0,6014745,0.0
12/09/2024,0,0,35(0.00 %),0,0,0,0,6014745,0.0
13/09/2024,0,0,35(0.00 %),0,0,0,0,6014745,0.0
16/09/2024,0,0,35(0.00 %),0,0,0,0,6014745,0.0
17/09/2024,0,0,35(0.00 %),0,0,0,0,6014745,0.0
18/09/2024,0,0,35(0.00 %),0,0,0,0,6014745,0.0
19/09/2024,0,0,33(-5.71 %),0,0,0,0,6014745,0.0
20/09/2024,0,0,29.7(-10.00 %),0,0,0,0,6014745,0.0
23/09/2024,0,0,26.8(-9.76 %),0,0,0,0,6014745,0.0
24/09/2024,0,0,26.8(0.00 %),0,0,0,0,6014745,0.0
25/09/2024,0,0,26.8(0.00 %),0,0,0,0,6014745,0.0
26/09/2024,0,0,26.8(0.00 %),0,0,0,0,6014745,0.0
27/09/2024,0,0,26.8(0.00 %),0,0,0,0,6014745,0.0
30/09/2024,0,0,26.8(0.00 %),0,0,0,0,6014745,0.0
01/10/2024,0,0,26.8(0.00 %),0,0,0,0,6014745,0.0
02/10/2024,0,0,26.8(0.00 %),0,0,0,0,6014745,0.0
03/10/2024,0,0,26.8(0.00 %),0,0,0,0,6014745,0.0
04/10/2024,0,0,26.8(0.00 %),0,0,0,0,6014745,0.0
07/10/2024,0,0,26.8(0.00 %),0,0,0,0,6014745,0.0
08/10/2024,0,0,26.8(0.00 %),0,0,0,0,6014745,0.0
09/10/2024,0,0,26.8(0.00 %),0,0,0,0,6014745,0.0
10/10/2024,0,0,24.7(-7.84 %),0,0,0,0,6014745,0.0
11/10/2024,0,0,24.7(0.00 %),0,0,0,0,6014745,0.0
14/10/2024,0,0,24.7(0.00 %),0,0,0,0,6014745,0.0
15/10/2024,0,0,24.7(0.00 %),0,0,0,0,6014745,0.0
16/10/2024,0,0,24.7(0.00 %),0,0,0,0,6014745,0.0
17/10/2024,0,0,24.7(0.00 %),0,0,0,0,6014745,0.0
18/10/2024,0,0,24.7(0.00 %),0,0,0,0,6014745,0.0
21/10/2024,0,0,24.7(0.00 %),0,0,0,0,6014745,0.0
22/10/2024,0,0,24.7(0.00 %),0,0,0,0,6014745,0.0
23/10/2024,0,0,24.7(0.00 %),0,0,0,0,6014745,0.0
24/10/2024,0,0,24.7(0.00 %),0,0,0,0,6014745,0.0
25/10/2024,0,0,24.7(0.00 %),0,0,0,0,6014745,0.0
28/10/2024,0,0,24.7(0.00 %),0,0,0,0,6014745,0.0
29/10/2024,0,0,24.7(0.00 %),0,0,0,0,6014745,0.0
30/10/2024,0,0,24.7(0.00 %),0,0,0,0,6014745,0.0
31/10/2024,0,0,24.7(0.00 %),0,0,0,0,6014745,0.0
01/11/2024,0,0,27(9.31 %),0,0,0,0,6014745,0.0
04/11/2024,0,0,27(0.00 %),0,0,0,0,6014745,0.0
05/11/2024,0,0,29(7.41 %),0,0,0,0,6014745,0.0
06/11/2024,0,0,31.5(8.62 %),0,0,0,0,6014745,0.0
07/11/2024,0,0,31.5(0.00 %),0,0,0,0,6014745,0.0
08/11/2024,0,0,31.5(0.00 %),0,0,0,0,6014745,0.0
11/11/2024,0,0,31.5(0.00 %),0,0,0,0,6014745,0.0
12/11/2024,0,0,31.5(0.00 %),0,0,0,0,6014745,0.35
13/11/2024,0,0,31.5(0.00 %),0,0,0,0,6014745,0.0
14/11/2024,0,0,31.5(0.00 %),0,0,0,0,6014745,0.0
15/11/2024,0,0,31.5(0.00 %),0,0,0,0,6014745,0.0
18/11/2024,0,0,31.5(0.00 %),0,0,0,0,6014745,0.0
19/11/2024,0,0,33.9(7.62 %),0,0,0,0,6014745,0.0
20/11/2024,0,0,33.9(0.00 %),0,0,0,0,6014745,0.0
21/11/2024,0,0,33.9(0.00 %),0,0,0,0,6014745,0.0
22/11/2024,0,0,33.9(0.00 %),0,0,0,0,6014745,0.0
25/11/2024,0,0,33.9(0.00 %),0,0,0,0,6014745,0.35
26/11/2024,0,0,33.9(0.00 %),0,0,0,0,6014745,0.35
27/11/2024,0,0,36(6.19 %),0,0,0,0,6014745,0.35
28/11/2024,0,0,0(0.00 %),0,0,0,0,6014745,0.35
29/11/2024,0,0,0(0.00 %),0,0,0,0,6014745,0.35
02/12/2024,0,0,0(0.00 %),0,0,0,0,6014745,0.35
03/12/2024,0,0,0(0.00 %),0,0,0,0,6014745,0.35
04/12/2024,0,0,0(0.00 %),0,0,0,0,6014745,0.35
05/12/2024,0,0,0(0.00 %),0,0,0,0,6014745,0.35
09/12/2024,0,0,36(0.00 %),0,0,0,0,6014745,0.35
10/12/2024,0,0,36(0.00 %),0,0,0,0,6014745,0.35
16/12/2024,0,0,36(0.00 %),0,0,0,0,6014745,0.35
17/12/2024,0,0,36(0.00 %),0,0,0,0,6014745,0.35
18/12/2024,0,0,36(0.00 %),0,0,0,0,6014745,0.35
19/12/2024,0,0,36(0.00 %),0,0,0,0,6014745,0.35
20/12/2024,0,0,36(0.00 %),0,0,0,0,6014745,0.35
24/12/2024,0,0,36(0.00 %),0,0,0,0,6014745,0.35
25/12/2024,0,0,36(0.00 %),0,0,0,0,6014745,0.35
26/12/2024,0,0,36(0.00 %),0,0,0,0,6014745,0.35
27/12/2024,0,0,36(0.00 %),0,0,0,0,6014745,0.35
30/12/2024,0,0,36(0.00 %),0,0,0,0,6014745,0.35
31/12/2024,0,0,36(0.00 %),0,0,0,0,6014745,0.35
02/01/2025,0,0,36(0.00 %),0,0,0,0,6014745,0.35
03/01/2025,0,0,32.4(-10.00 %),0,0,0,0,6014745,0.35
06/01/2025,0,0,32.4(0.00 %),0,0,0,0,6014745,0.35
07/01/2025,0,0,32.4(0.00 %),0,0,0,0,6014745,0.0
08/01/2025,0,0,31.9(-1.54 %),0,0,0,0,6014745,0.35
09/01/2025,0,0,31.9(0.00 %),0,0,0,0,6014745,0.35
10/01/2025,0,0,31.9(0.00 %),0,0,0,0,6014745,0.35
13/01/2025,0,0,31.9(0.00 %),0,0,0,0,6014745,0.35
14/01/2025,0,0,31.9(0.00 %),0,0,0,0,6014745,0.35
15/01/2025,0,0,31.9(0.00 %),0,0,0,0,6014745,0.35
16/01/2025,0,0,35(9.72 %),0,0,0,0,6014745,0.0
17/01/2025,0,0,35(0.00 %),0,0,0,0,6014745,0.35
20/01/2025,0,0,35(0.00 %),0,0,0,0,6014745,0.35
21/01/2025,0,0,35(0.00 %),0,0,0,0,6014745,0.35
22/01/2025,0,0,35(0.00 %),0,0,0,0,6014745,0.35
23/01/2025,0,0,35(0.00 %),0,0,0,0,6014745,0.35
24/01/2025,0,0,35(0.00 %),0,0,0,0,6014745,0.35
03/02/2025,0,0,0(0.00 %),0,0,0,0,6014745,0.35
04/02/2025,0,0,35(0.00 %),0,0,0,0,6014745,0.35
05/02/2025,0,0,35(0.00 %),0,0,0,0,6014745,0.35
06/02/2025,0,0,35(0.00 %),0,0,0,0,6014745,0.35
07/02/2025,0,0,35(0.00 %),0,0,0,0,6014745,0.35
10/02/2025,0,0,35(0.00 %),0,0,0,0,6014745,0.35
11/02/2025,-100,-3440000,34.4(-1.71 %),0,0,100,3440000,6014745,0.35
12/02/2025,0,0,34.4(0.00 %),0,0,0,0,6014745,0.35
13/02/2025,0,0,34.4(0.00 %),0,0,0,0,6014845,0.35
14/02/2025,0,0,34.4(0.00 %),0,0,0,0,6014845,0.35
17/02/2025,0,0,34.4(0.00 %),0,0,0,0,6014845,0.35
18/02/2025,-200,-6760000,33.8(-1.74 %),0,0,200,6760000,6014845,0.35
19/02/2025,0,0,33.5(-0.89 %),0,0,0,0,6014845,0.35
20/02/2025,0,0,33.5(0.00 %),0,0,0,0,6015045,0.35
21/02/2025,0,0,33.5(0.00 %),0,0,0,0,6015045,0.35
24/02/2025,0,0,33.5(0.00 %),0,0,0,0,6015045,0.35
25/02/2025,0,0,33.5(0.00 %),0,0,0,0,6015045,0.35
26/02/2025,0,0,36(7.46 %),0,0,0,0,6015045,0.35
27/02/2025,0,0,36(0.00 %),0,0,0,0,6015045,0.35
28/02/2025,0,0,36(0.00 %),0,0,0,0,6015045,0.35
03/03/2025,0,0,36(0.00 %),0,0,0,0,6015045,0.35
04/03/2025,0,0,36(0.00 %),0,0,0,0,6015045,0.35
05/03/2025,0,0,36(0.00 %),0,0,0,0,6015045,0.35
06/03/2025,0,0,36(0.00 %),0,0,0,0,6015045,0.35
07/03/2025,0,0,36(0.00 %),0,0,0,0,6015045,0.35
10/03/2025,0,0,35(-2.78 %),0,0,0,0,6015045,0.35
11/03/2025,0,0,34.5(-1.43 %),0,0,0,0,6015045,0.35
12/03/2025,0,0,34.4(-0.29 %),0,0,0,0,6015045,0.35
13/03/2025,0,0,34.4(0.00 %),0,0,0,0,6015045,0.35
14/03/2025,0,0,34.4(0.00 %),0,0,0,0,6015045,0.35
17/03/2025,0,0,0(0.00 %),0,0,0,0,6015045,0.35
18/03/2025,0,0,34.4(0.00 %),0,0,0,0,6015045,0.35
19/03/2025,-200,-6200000,31(-9.88 %),0,0,200,6200000,6015045,0.35
20/03/2025,2200,68200000,31(0.00 %),2200,68200000,0,0,6012845,0.37
21/03/2025,0,0,31(0.00 %),0,0,0,0,6013045,0.37
24/03/2025,0,0,31(0.00 %),0,0,0,0,6013045,0.37
25/03/2025,0,0,31(0.00 %),0,0,0,0,6013045,0.37
26/03/2025,0,0,31(0.00 %),0,0,0,0,6013045,0.37
27/03/2025,1100,33000000,30(-3.23 %),1100,33000000,0,0,6011945,0.38
28/03/2025,0,0,30(0.00 %),0,0,0,0,6011945,0.38
31/03/2025,0,0,30(0.00 %),0,0,0,0,6011945,0.38
01/04/2025,0,0,30(0.00 %),0,0,0,0,6011945,0.38
02/04/2025,0,0,30(0.00 %),0,0,0,0,6011945,0.38
03/04/2025,0,0,30(0.00 %),0,0,0,0,6011945,0.38
04/04/2025,0,0,30(0.00 %),0,0,0,0,6011945,0.38
08/04/2025,0,0,30(0.00 %),0,0,0,0,6011945,0.38
09/04/2025,0,0,30(0.00 %),0,0,0,0,6011945,0.38
10/04/2025,0,0,30(0.00 %),0,0,0,0,6011945,0.38
11/04/2025,0,0,30(0.00 %),0,0,0,0,6011945,0.38
14/04/2025,2400,74400000,31(3.33 %),2400,74400000,0,0,6009545,0.4
15/04/2025,0,0,31(0.00 %),0,0,0,0,6009545,0.4
16/04/2025,0,0,31(0.00 %),0,0,0,0,6009545,0.4
17/04/2025,0,0,31(0.00 %),0,0,0,0,6009545,0.4
18/04/2025,0,0,31(0.00 %),0,0,0,0,6009545,0.4
21/04/2025,0,0,31(0.00 %),0,0,0,0,6009545,0.4
22/04/2025,0,0,31(0.00 %),0,0,0,0,6009545,0.4
23/04/2025,0,0,31(0.00 %),0,0,0,0,6009545,0.4
24/04/2025,0,0,31(0.00 %),0,0,0,0,6009545,0.4
25/04/2025,0,0,31(0.00 %),0,0,0,0,6009545,0.4
28/04/2025,0,0,31(0.00 %),0,0,0,0,6009545,0.4
29/04/2025,0,0,31(0.00 %),0,0,0,0,6009545,0.4
05/05/2025,0,0,31(0.00 %),0,0,0,0,6009545,0.4
06/05/2025,0,0,31(0.00 %),0,0,0,0,6009545,0.4
07/05/2025,0,0,31(0.00 %),0,0,0,0,6009545,0.4
08/05/2025,0,0,31(0.00 %),0,0,0,0,6009545,0.4
09/05/2025,0,0,28(-9.68 %),0,0,0,0,6009545,0.4
12/05/2025,0,0,26(-7.14 %),0,0,0,0,6009545,0.4
13/05/2025,0,0,26(0.00 %),0,0,0,0,6009545,0.4
14/05/2025,0,0,24(-7.69 %),0,0,0,0,6009545,0.4
15/05/2025,0,0,24(0.00 %),0,0,0,0,6009545,0.4
16/05/2025,0,0,24(0.00 %),0,0,0,0,6009545,0.4
19/05/2025,0,0,24(0.00 %),0,0,0,0,6009545,0.4
20/05/2025,0,0,24(0.00 %),0,0,0,0,6009545,0.4
21/05/2025,0,0,24(0.00 %),0,0,0,0,6009545,0.4
22/05/2025,0,0,21.7(-9.58 %),0,0,0,0,6009545,0.4
23/05/2025,0,0,21.7(0.00 %),0,0,0,0,6009545,0.4
26/05/2025,0,0,21.7(0.00 %),0,0,0,0,6009545,0.4
27/05/2025,0,0,22(1.38 %),0,0,0,0,6009545,0.4
28/05/2025,0,0,22(0.00 %),0,0,0,0,6009545,0.4
29/05/2025,0,0,24.2(10.00 %),0,0,0,0,6009545,0.4
30/05/2025,0,0,24.2(0.00 %),0,0,0,0,6009545,0.4
02/06/2025,0,0,24.2(0.00 %),0,0,0,0,6009545,0.4
03/06/2025,0,0,24.2(0.00 %),0,0,0,0,6009545,0.4
04/06/2025,0,0,24.2(0.00 %),0,0,0,0,6009545,0.4
05/06/2025,0,0,24.2(0.00 %),0,0,0,0,6009545,0.4
06/06/2025,0,0,24.2(0.00 %),0,0,0,0,6009545,0.4
09/06/2025,0,0,26.6(9.92 %),0,0,0,0,6009545,0.4
10/06/2025,0,0,26.6(0.00 %),0,0,0,0,6009545,0.4
11/06/2025,0,0,27(1.50 %),0,0,0,0,6009545,0.4
12/06/2025,0,0,27(0.00 %),0,0,0,0,6009545,0.4
13/06/2025,0,0,27(0.00 %),0,0,0,0,6009545,0.4
16/06/2025,0,0,27(0.00 %),0,0,0,0,6009545,0.4
17/06/2025,0,0,24.3(-10.00 %),0,0,0,0,6009545,0.4
18/06/2025,0,0,24.3(0.00 %),0,0,0,0,6009545,0.4
19/06/2025,0,0,24.3(0.00 %),0,0,0,0,6009545,0.4
20/06/2025,0,0,22(-9.47 %),0,0,0,0,6009545,0.4
23/06/2025,0,0,22(0.00 %),0,0,0,0,6009545,0.4
24/06/2025,0,0,22(0.00 %),0,0,0,0,6009545,0.4
25/06/2025,0,0,22(0.00 %),0,0,0,0,6009545,0.4
26/06/2025,0,0,22(0.00 %),0,0,0,0,6009545,0.4
27/06/2025,0,0,22(0.00 %),0,0,0,0,6009545,0.4
30/06/2025,0,0,22(0.00 %),0,0,0,0,6009545,0.4
01/07/2025,0,0,22(0.00 %),0,0,0,0,6009545,0.4
02/07/2025,0,0,24.2(10.00 %),0,0,0,0,6009545,0.4
03/07/2025,0,0,24.2(0.00 %),0,0,0,0,6009545,0.4
04/07/2025,0,0,24.2(0.00 %),0,0,0,0,6009545,0.4
07/07/2025,0,0,26.4(9.09 %),0,0,0,0,6009545,0.4
08/07/2025,0,0,25.7(0.00 %),0,0,0,0,6009545,0.4
09/07/2025,0,0,25.7(0.00 %),0,0,0,0,6009545,0.4
10/07/2025,0,0,25.7(0.00 %),0,0,0,0,6009545,0.4
11/07/2025,0,0,25.7(0.00 %),0,0,0,0,6009545,0.4
14/07/2025,0,0,25.7(0.00 %),0,0,0,0,6009545,0.4
15/07/2025,0,0,25.7(0.00 %),0,0,0,0,6009545,0.4
16/07/2025,0,0,25.7(0.00 %),0,0,0,0,6009545,0.4
17/07/2025,0,0,27.7(7.78 %),0,0,0,0,6009545,0.4
18/07/2025,0,0,27.7(0.00 %),0,0,0,0,6009545,0.4
21/07/2025,0,0,27.7(0.00 %),0,0,0,0,6009545,0.4
22/07/2025,0,0,27.7(0.00 %),0,0,0,0,6009545,0.4
23/07/2025,0,0,27.7(0.00 %),0,0,0,0,6009545,0.4
24/07/2025,0,0,27.7(0.00 %),0,0,0,0,6009545,0.4
25/07/2025,0,0,27.7(0.00 %),0,0,0,0,6009545,0.4
28/07/2025,0,0,27.7(0.00 %),0,0,0,0,6009545,0.4
29/07/2025,0,0,27.7(0.00 %),0,0,0,0,6009545,0.4
30/07/2025,0,0,27.7(0.00 %),0,0,0,0,6009545,0.4
31/07/2025,0,0,27.7(0.00 %),0,0,0,0,6009545,0.4
01/08/2025,0,0,27.7(0.00 %),0,0,0,0,6009545,0.4
04/08/2025,0,0,27.7(0.00 %),0,0,0,0,6009545,0.4
05/08/2025,0,0,27.7(0.00 %),0,0,0,0,6009545,0.4
06/08/2025,0,0,28.7(3.61 %),0,0,0,0,6009545,0.4
07/08/2025,0,0,28.7(0.00 %),0,0,0,0,6009545,0.4
08/08/2025,0,0,28.7(0.00 %),0,0,0,0,6009545,0.4
11/08/2025,0,0,28.7(0.00 %),0,0,0,0,6009545,0.4
12/08/2025,0,0,28.7(0.00 %),0,0,0,0,6009545,0.4
13/08/2025,0,0,28.7(0.00 %),0,0,0,0,6009545,0.4
14/08/2025,0,0,29.5(2.79 %),0,0,0,0,6009545,0.4
15/08/2025,0,0,29(-1.69 %),0,0,0,0,6009545,0.4
18/08/2025,0,0,29(0.00 %),0,0,0,0,6009545,0.4
19/08/2025,0,0,29(0.00 %),0,0,0,0,6009545,0.4
20/08/2025,0,0,29(0.00 %),0,0,0,0,6009545,0.4
21/08/2025,0,0,27(-6.90 %),0,0,0,0,6009545,0.4
22/08/2025,0,0,27(0.00 %),0,0,0,0,6009545,0.4
25/08/2025,0,0,27.5(1.85 %),0,0,0,0,6009545,0.4
