Ngay,KLGDRong,GTDGRong,ThayDoi,KLMua,GtMua,KLBan,GtBan,RoomConLai,DangSoHuu
24/11/2006,2000,136000,0(0.00 %),2000,136000,0,0,0,0.0
27/11/2006,9040,587600,0(0.00 %),9040,587600,0,0,0,0.0
28/11/2006,2400,148800,0(0.00 %),2400,148800,0,0,0,0.0
29/11/2006,300,17700,0(0.00 %),300,17700,0,0,0,0.0
30/11/2006,2850,161025,0(0.00 %),2850,161025,0,0,0,0.0
01/12/2006,1700,91800,0(0.00 %),1700,91800,0,0,0,0.0
04/12/2006,5300,272950,0(0.00 %),5300,272950,0,0,0,0.0
05/12/2006,13500,661500,0(0.00 %),13500,661500,0,0,0,0.0
06/12/2006,-400,-20400,0(0.00 %),200,10200,600,30600,0,0.0
08/12/2006,27000,1512000,0(0.00 %),36000,2016000,9000,504000,0,0.0
11/12/2006,7480,437580,0(0.00 %),7580,443430,100,5850,0,0.0
12/12/2006,84730,4744880,0(0.00 %),88830,4974480,4100,229600,0,0.0
13/12/2006,124000,7254000,0(0.00 %),124000,7254000,0,0,0,0.0
14/12/2006,159100,9691200,0(0.00 %),161800,9855900,2700,164700,0,0.0
15/12/2006,133250,8072975,0(0.00 %),133250,8072975,0,0,0,0.0
18/12/2006,81650,4915700,0(0.00 %),94650,5669700,13000,754000,0,0.0
19/12/2006,7220,418760,0(0.00 %),12220,708760,5000,290000,0,0.0
20/12/2006,50520,3029640,0(0.00 %),50520,3029640,0,0,0,0.0
21/12/2006,63980,3760640,0(0.00 %),65380,3843940,1400,83300,0,0.0
22/12/2006,7330,392155,0(0.00 %),7330,392155,0,0,0,0.0
27/12/2006,50700,2976585,0(0.00 %),50700,2976585,0,0,0,0.0
28/12/2006,224300,13458000,0(0.00 %),228300,13698000,4000,240000,0,0.0
29/12/2006,-5080,-296650,0(0.00 %),0,0,5080,296650,0,0.0
01/03/2007,-18280,-1447560000,77(-3.75 %),1720,132440000,20000,1580000000,0,0.0
02/03/2007,-13550,-1090775000,80.5(4.55 %),31210,2512405000,44760,3603180000,0,0.0
05/03/2007,-31440,-2656680000,84.5(4.97 %),19760,1669720000,51200,4326400000,0,0.0
06/03/2007,-190,-16815000,88.5(4.73 %),0,0,190,16815000,0,0.0
07/03/2007,-20290,-1882100000,90(1.69 %),4710,430400000,25000,2312500000,0,0.0
08/03/2007,-7500,-654550000,87.5(-2.78 %),3000,265250000,10500,919800000,0,0.0
09/03/2007,-32860,-2813100000,85(-2.86 %),710,60350000,33570,2873450000,0,0.0
12/03/2007,-280,-24360000,87(2.35 %),20,1740000,300,26100000,0,0.0
13/03/2007,-22700,-1930900000,85(-2.30 %),0,0,22700,1930900000,0,0.0
14/03/2007,-33630,-2750590000,81(-4.71 %),200,16200000,33830,2766790000,0,0.0
15/03/2007,0,0,77(-4.94 %),0,0,0,0,0,0.0
16/03/2007,-23290,-1783180000,77(0.00 %),110,8120000,23400,1791300000,0,0.0
19/03/2007,-28000,-2254000000,80.5(4.55 %),32000,2576000000,60000,4830000000,0,0.0
20/03/2007,-4050,-326150000,80(-0.62 %),950,76350000,5000,402500000,0,0.0
21/03/2007,11370,864120000,76(-5.00 %),11370,864120000,0,0,0,0.0
22/03/2007,1960,144800000,73(-3.95 %),1960,144800000,0,0,0,0.0
23/03/2007,0,0,73(0.00 %),0,0,0,0,0,0.0
26/03/2007,29760,2129150000,69.5(-4.79 %),33290,2386840000,3530,257690000,0,0.0
27/03/2007,52940,3520510000,66.5(-4.32 %),52940,3520510000,0,0,0,0.0
28/03/2007,-1900,-120650000,63.5(-4.51 %),100,6350000,2000,127000000,0,0.0
29/03/2007,-82390,-5478935000,66.5(4.72 %),2100,139650000,84490,5618585000,0,0.0
30/03/2007,600,41700000,69.5(4.51 %),600,41700000,0,0,0,0.0
02/04/2007,1000,69000000,67(-3.60 %),1000,69000000,0,0,0,0.0
03/04/2007,100,6400000,64(-4.48 %),100,6400000,0,0,0,0.0
04/04/2007,-300,-20100000,67(4.69 %),0,0,300,20100000,0,0.0
05/04/2007,83560,5598520000,67(0.00 %),83560,5598520000,0,0,0,0.0
06/04/2007,300,19500000,65(-2.99 %),300,19500000,0,0,0,0.0
09/04/2007,27260,1827790000,66.5(2.31 %),27260,1827790000,0,0,0,0.0
10/04/2007,20100,1336650000,66.5(0.00 %),20100,1336650000,0,0,0,0.0
11/04/2007,0,0,65(-2.26 %),0,0,0,0,0,0.0
12/04/2007,12000,771805000,63.5(-2.31 %),12050,775005000,50,3200000,0,0.0
13/04/2007,-8700,-528275000,61(-3.94 %),6250,381200000,14950,909475000,0,0.0
16/04/2007,6630,398490000,58(-4.92 %),90030,5310090000,83400,4911600000,0,0.0
17/04/2007,49170,2851860000,58(0.00 %),57650,3343700000,8480,491840000,0,0.0
18/04/2007,-30,-1815000,60.5(4.31 %),0,0,30,1815000,0,0.0
19/04/2007,-13310,-847545000,61.5(1.65 %),6690,412455000,20000,1260000000,0,0.0
20/04/2007,7860,477390000,60.5(-1.63 %),12000,732000000,4140,254610000,0,0.0
23/04/2007,30,1780000,58(-4.13 %),30,1780000,0,0,0,0.0
24/04/2007,0,0,56(-3.45 %),0,0,0,0,0,0.0
25/04/2007,-12370,-693905000,56.5(0.89 %),500,28000000,12870,721905000,0,0.0
02/05/2007,-9260,-509300000,55(-2.65 %),6700,368500000,15960,877800000,0,0.0
03/05/2007,7320,409920000,56(1.82 %),19000,1064000000,11680,654080000,0,0.0
04/05/2007,5170,290640000,56.5(0.89 %),10000,563535000,4830,272895000,0,0.0
07/05/2007,-14980,-838880000,56(-0.88 %),190,10640000,15170,849520000,0,0.0
08/05/2007,5630,334485000,58.5(4.46 %),46630,2726105000,41000,2391620000,0,0.0
09/05/2007,25010,1525610000,61(4.27 %),45010,2745610000,20000,1220000000,0,0.0
10/05/2007,19200,1181400000,59(-3.28 %),24300,1482300000,5100,300900000,0,0.0
11/05/2007,5000,293250000,59(0.00 %),5000,293250000,0,0,0,0.0
14/05/2007,-2110,-124490000,58.5(-0.85 %),0,0,2110,124490000,0,0.0
15/05/2007,-92110,-5201990000,56(-4.27 %),30050,1712850000,122160,6914840000,0,0.0
16/05/2007,-8900,-507300000,57(1.79 %),100,5700000,9000,513000000,0,0.0
17/05/2007,-72880,-4045465000,55.5(-2.63 %),0,0,72880,4045465000,0,0.0
18/05/2007,-90430,-5029515000,56(0.90 %),950,52875000,91380,5082390000,0,0.0
21/05/2007,-100,-5750000,57.5(2.68 %),0,0,100,5750000,0,0.0
22/05/2007,10980,637240000,59(2.61 %),11030,640140000,50,2900000,0,0.0
23/05/2007,-2360,-141750000,60(1.69 %),1100,66100000,3460,207850000,0,0.0
24/05/2007,0,0,57(-5.00 %),0,0,0,0,0,0.0
25/05/2007,-122460,-6828660000,55.5(-2.63 %),350,19450000,122810,6848110000,0,0.0
28/05/2007,9680,561440000,58(4.50 %),11680,677440000,2000,116000000,0,0.0
29/05/2007,-61330,-3507140000,57(-1.72 %),0,0,61330,3507140000,0,0.0
30/05/2007,42600,2468150000,58(1.75 %),42600,2468150000,0,0,0,0.0
31/05/2007,35300,2029050000,57.5(-0.86 %),37700,2167050000,2400,138000000,0,0.0
01/06/2007,36000,2082000000,57.5(0.00 %),36000,2082000000,0,0,0,0.0
04/06/2007,31500,1807500000,57(-0.87 %),36500,2092500000,5000,285000000,0,0.0
05/06/2007,28780,1597490000,55.5(-2.63 %),30780,1708490000,2000,111000000,0,0.0
06/06/2007,-21320,-1187235000,57(2.70 %),600,34200000,21920,1221435000,0,0.0
07/06/2007,0,0,56.5(-0.88 %),0,0,0,0,0,0.0
08/06/2007,-47400,-2607470000,55(-2.65 %),2600,144000000,50000,2751470000,0,0.0
11/06/2007,900,49500000,55(0.00 %),1400,77000000,500,27500000,0,0.0
12/06/2007,400,22000000,55(0.00 %),400,22000000,0,0,0,0.0
13/06/2007,17100,940500000,55(0.00 %),17590,967450000,490,26950000,0,0.0
14/06/2007,25000,1383330000,55(0.00 %),25000,1383330000,0,0,0,0.0
15/06/2007,30000,1668750000,56(1.82 %),30000,1668750000,0,0,0,0.0
18/06/2007,27850,1561500000,55(-1.79 %),30000,1680000000,2150,118500000,0,0.0
19/06/2007,54210,3053830000,56.5(2.73 %),54210,3053830000,0,0,0,0.0
20/06/2007,25400,1430725000,56.5(0.00 %),35400,1995725000,10000,565000000,0,0.0
21/06/2007,35000,1960000000,56(-0.88 %),35000,1960000000,0,0,0,0.0
22/06/2007,29800,1668800000,56(0.00 %),35000,1960000000,5200,291200000,0,0.0
25/06/2007,35000,1948320000,55(-1.79 %),35000,1948320000,0,0,0,0.0
26/06/2007,35300,1959000000,55.5(0.91 %),35300,1959000000,0,0,0,0.0
27/06/2007,-400,-22050000,54.5(-1.80 %),600,32950000,1000,55000000,0,0.0
28/06/2007,-17590,-942695000,54(-0.92 %),8140,439510000,25730,1382205000,0,0.0
29/06/2007,-11380,-591760000,52.5(-2.78 %),0,0,11380,591760000,0,0.0
02/07/2007,29580,1612950000,51.5(-1.90 %),30000,1635000000,420,22050000,0,0.0
03/07/2007,38900,2059900000,51(-0.97 %),40900,2165900000,2000,106000000,0,0.0
04/07/2007,52000,2756000000,52.5(2.94 %),52000,2756000000,0,0,0,0.0
05/07/2007,50050,2727625000,52.5(0.00 %),50050,2727625000,0,0,0,0.0
06/07/2007,52300,2821900000,53(0.95 %),52300,2821900000,0,0,0,0.0
09/07/2007,27410,1508590000,53(0.00 %),42410,2303590000,15000,795000000,0,0.0
10/07/2007,40000,2180000000,54(1.89 %),40000,2180000000,0,0,0,0.0
11/07/2007,59240,3347060000,56.5(4.63 %),61200,3457800000,1960,110740000,0,0.0
12/07/2007,48280,2814720000,56(-0.88 %),48450,2824750000,170,10030000,0,0.0
13/07/2007,35000,1995000000,56.5(0.89 %),35000,1995000000,0,0,0,0.0
16/07/2007,36520,2099325000,55.5(-1.77 %),37350,2147050000,830,47725000,0,0.0
17/07/2007,22300,1279740000,56(0.90 %),40000,2275000000,17700,995260000,0,0.0
18/07/2007,34840,1985880000,56(0.00 %),35000,1995000000,160,9120000,0,0.0
19/07/2007,35500,2040750000,56.5(0.89 %),35500,2040750000,0,0,0,0.0
20/07/2007,30100,1715650000,56.5(0.00 %),30100,1715650000,0,0,0,0.0
23/07/2007,17060,980675000,56(-0.88 %),28060,1596675000,11000,616000000,0,0.0
24/07/2007,-7640,-409220000,54.5(-2.68 %),21360,1171280000,29000,1580500000,0,0.0
25/07/2007,10940,602820000,55(0.92 %),20940,1146650000,10000,543830000,0,0.0
26/07/2007,5860,315370000,54(-1.82 %),8770,473965000,2910,158595000,0,0.0
27/07/2007,-6990,-365210000,53(-1.85 %),10100,535300000,17090,900510000,0,0.0
30/07/2007,0,0,51(-3.77 %),0,0,0,0,0,0.0
31/07/2007,-26270,-1294115000,50.5(-0.98 %),37030,1853030000,63300,3147145000,0,0.0
01/08/2007,16540,844140000,53(4.95 %),16540,844140000,0,0,0,0.0
02/08/2007,-85520,-4343000000,50.5(-4.72 %),32110,1629000000,117630,5972000000,0,0.0
03/08/2007,-9610,-475000000,49.5(-1.98 %),8390,414185000,18000,889185000,0,0.0
06/08/2007,-1720,-84820000,49.1(-0.81 %),1520,74600000,3240,159420000,0,0.0
07/08/2007,0,0,49.1(0.00 %),0,0,0,0,0,0.0
08/08/2007,32000,1618130000,50.5(2.85 %),32000,1618130000,0,0,0,0.0
09/08/2007,7020,388585000,51.5(1.98 %),33600,1704295000,26580,1315710000,0,0.0
10/08/2007,-6070,-304670000,50(-2.91 %),100,5000000,6170,309670000,0,0.0
13/08/2007,170,8580000,49.5(-1.00 %),670,33330000,500,24750000,0,0.0
14/08/2007,-6160,-301840000,49.7(0.40 %),600,29400000,6760,331240000,0,0.0
15/08/2007,-4950,-242550000,49(-1.41 %),50,2450000,5000,245000000,0,0.0
16/08/2007,0,0,49(0.00 %),0,0,0,0,0,0.0
17/08/2007,0,0,48.8(-0.41 %),0,0,0,0,0,0.0
20/08/2007,0,0,48(-1.64 %),0,0,0,0,0,0.0
21/08/2007,64100,3189702000,50(4.17 %),64100,3189702000,0,0,0,0.0
22/08/2007,0,0,49(-2.00 %),0,0,0,0,0,0.0
23/08/2007,200,9800000,49.5(1.02 %),200,9800000,0,0,0,0.0
24/08/2007,64000,3209159000,50.5(2.02 %),64000,3209159000,0,0,0,0.0
27/08/2007,100,5000000,50(-0.99 %),100,5000000,0,0,0,0.0
28/08/2007,0,0,49.5(-1.00 %),0,0,0,0,0,0.0
29/08/2007,0,0,49.3(-0.40 %),0,0,0,0,0,0.0
30/08/2007,2150,105755000,49.2(-0.20 %),2150,105755000,0,0,0,0.0
31/08/2007,-80730,-3897339000,48.2(-2.03 %),300,14460000,81030,3911799000,0,0.0
04/09/2007,1680,82824000,49.3(2.28 %),1680,82824000,0,0,0,0.0
05/09/2007,1480,72625000,49(-0.61 %),1480,72625000,0,0,0,0.0
06/09/2007,0,0,49(0.00 %),0,0,0,0,0,0.0
07/09/2007,100,4900000,49(0.00 %),100,4900000,0,0,0,0.0
10/09/2007,400,19830000,49.8(1.63 %),400,19830000,0,0,0,0.0
11/09/2007,-50,-2500000,51(2.41 %),1000,50000000,1050,52500000,0,0.0
12/09/2007,0,0,51(0.00 %),0,0,0,0,0,0.0
13/09/2007,0,0,50(-1.96 %),0,0,0,0,0,0.0
14/09/2007,300,14880000,49.6(-0.80 %),300,14880000,0,0,0,0.0
17/09/2007,-750,-37125000,49.5(-0.20 %),0,0,750,37125000,0,0.0
18/09/2007,770,38113000,49.4(-0.20 %),1020,50488000,250,12375000,0,0.0
19/09/2007,-1770,-87461000,49.4(0.00 %),230,11339000,2000,98800000,0,0.0
20/09/2007,-3000,-150000000,50(1.21 %),0,0,3000,150000000,0,0.0
21/09/2007,-5100,-252740000,49.6(-0.80 %),750,37420000,5850,290160000,0,0.0
24/09/2007,-8980,-444520000,49.5(-0.20 %),300,14850000,9280,459370000,0,0.0
25/09/2007,3000,154500000,51.5(4.04 %),3000,154500000,0,0,0,0.0
26/09/2007,4600,248400000,53.5(3.88 %),4900,264600000,300,16200000,0,0.0
27/09/2007,150200,8161745000,55(2.80 %),150200,8161745000,0,0,0,0.0
28/09/2007,65240,3750475000,57.5(4.55 %),65540,3767725000,300,17250000,0,0.0
01/10/2007,-780,-46800000,60(4.35 %),0,0,780,46800000,0,0.0
02/10/2007,83230,5204415000,63(5.00 %),88530,5533415000,5300,329000000,0,0.0
03/10/2007,151150,9826350000,66(4.76 %),151450,9846150000,300,19800000,0,0.0
04/10/2007,2610,169750000,63(-4.55 %),2610,169750000,0,0,0,0.0
05/10/2007,122990,8019590000,66(4.76 %),124990,8145590000,2000,126000000,0,0.0
08/10/2007,2000,126000000,63(-4.55 %),2000,126000000,0,0,0,0.0
09/10/2007,99100,6412210000,65(3.17 %),100100,6475210000,1000,63000000,0,0.0
10/10/2007,150040,10122270000,68(4.62 %),151540,10222770000,1500,100500000,0,0.0
11/10/2007,4660,316690000,67(-1.47 %),4660,316690000,0,0,0,0.0
12/10/2007,-45350,-2924195000,65.5(-2.24 %),0,0,45350,2924195000,0,0.0
15/10/2007,550,35225000,64(-2.29 %),550,35225000,0,0,0,0.0
16/10/2007,20600,1340860000,64.5(0.78 %),20600,1340860000,0,0,0,0.0
17/10/2007,-60,-2840000,64(-0.78 %),2000,129000000,2060,131840000,0,0.0
18/10/2007,650,40950000,61.5(-3.91 %),650,40950000,0,0,0,0.0
19/10/2007,-450,-27450000,62(0.81 %),550,33550000,1000,61000000,0,0.0
22/10/2007,-5900,-356950000,61(-1.61 %),100,6050000,6000,363000000,0,0.0
23/10/2007,600,36250000,60(-1.64 %),600,36250000,0,0,0,0.0
24/10/2007,36520,2306760000,63(5.00 %),41520,2606760000,5000,300000000,0,0.0
25/10/2007,58560,3804880000,65(3.17 %),58560,3804880000,0,0,0,0.0
26/10/2007,0,0,62.5(-3.85 %),0,0,0,0,0,0.0
29/10/2007,0,0,60.5(-3.20 %),0,0,0,0,0,0.0
30/10/2007,4850,295850000,61(0.83 %),4850,295850000,0,0,0,0.0
31/10/2007,4770,295440000,60.5(-0.82 %),4770,295440000,0,0,0,0.0
01/11/2007,2180,132140000,60.5(0.00 %),2300,139400000,120,7260000,0,0.0
02/11/2007,50,3000000,60(-0.83 %),50,3000000,0,0,0,0.0
05/11/2007,0,0,58(-3.33 %),0,0,0,0,0,0.0
06/11/2007,-74020,-4149065000,55.5(-4.31 %),5430,308010000,79450,4457075000,0,0.0
07/11/2007,-75570,-4160435000,55(-0.90 %),5440,301420000,81010,4461855000,0,0.0
08/11/2007,-66300,-3554675000,53(-3.64 %),0,0,66300,3554675000,0,0.0
09/11/2007,-73960,-3847265000,51.5(-2.83 %),0,0,73960,3847265000,0,0.0
12/11/2007,-93410,-4773680000,50(-2.91 %),300,15450000,93710,4789130000,0,0.0
13/11/2007,-37050,-1833405000,49(-2.00 %),7480,374000000,44530,2207405000,0,0.0
14/11/2007,-300,-15300000,51(4.08 %),0,0,300,15300000,0,0.0
15/11/2007,36420,1948205000,53.5(4.90 %),41420,2215705000,5000,267500000,0,0.0
16/11/2007,-59850,-3155570000,52(-2.80 %),250,13600000,60100,3169170000,0,0.0
19/11/2007,-147210,-7434950000,50.5(-2.88 %),290,14645000,147500,7449595000,0,0.0
20/11/2007,20000,1050000000,52(2.97 %),100000,5210000000,80000,4160000000,0,0.0
21/11/2007,19370,1007240000,51.5(-0.96 %),100000,5160000000,80630,4152760000,0,0.0
22/11/2007,53700,2835175000,53(2.91 %),53700,2835175000,0,0,0,0.0
23/11/2007,3800,197700000,52.5(-0.94 %),3800,197700000,0,0,0,0.0
26/11/2007,380,19950000,53(0.95 %),380,19950000,0,0,0,0.0
27/11/2007,-20,-1060000,52.5(-0.94 %),480,25440000,500,26500000,0,0.0
28/11/2007,0,0,52(-0.95 %),0,0,0,0,0,0.0
29/11/2007,200,10500000,52.5(0.96 %),200,10500000,0,0,0,0.0
30/11/2007,-200,-10500000,52.5(0.00 %),0,0,200,10500000,0,0.0
03/12/2007,2000,105000000,52.5(0.00 %),2000,105000000,0,0,0,0.0
04/12/2007,200,10500000,52(-0.95 %),200,10500000,0,0,0,0.0
05/12/2007,100,5200000,51.5(-0.96 %),100,5200000,0,0,0,0.0
06/12/2007,0,0,52(0.97 %),0,0,0,0,0,0.0
07/12/2007,0,0,51.5(-0.96 %),0,0,0,0,0,0.0
10/12/2007,0,0,51(-0.97 %),0,0,0,0,0,0.0
11/12/2007,0,0,50.5(-0.98 %),0,0,0,0,0,0.0
12/12/2007,100,5000000,50.5(0.00 %),100,5000000,0,0,0,0.0
13/12/2007,390,19500000,50(-0.99 %),390,19500000,0,0,0,0.0
14/12/2007,0,0,50(0.00 %),0,0,0,0,0,0.0
17/12/2007,7370,372185000,49.2(-1.60 %),7370,372185000,0,0,0,0.0
18/12/2007,0,0,50(1.63 %),0,0,0,0,0,0.0
19/12/2007,2700,137700000,51(2.00 %),2700,137700000,0,0,0,0.0
20/12/2007,930,47930000,50(-1.96 %),1000,51500000,70,3570000,0,0.0
21/12/2007,5300,269330000,50(0.00 %),5400,274260000,100,4930000,0,0.0
24/12/2007,-900,-45000000,49.6(-0.80 %),100,5000000,1000,50000000,0,0.0
25/12/2007,-120,-5940000,49.5(-0.20 %),0,0,120,5940000,0,0.0
26/12/2007,-500,-25000000,50(1.01 %),0,0,500,25000000,0,0.0
27/12/2007,-1000,-50000000,50(0.00 %),0,0,1000,50000000,0,0.0
28/12/2007,-2000,-100000000,50(0.00 %),0,0,2000,100000000,0,0.0
02/01/2008,-1600,-80000000,49(-2.00 %),400,20000000,2000,100000000,0,0.0
03/01/2008,0,0,48.8(-0.41 %),0,0,0,0,0,0.0
04/01/2008,0,0,49(0.41 %),0,0,0,0,0,0.0
07/01/2008,0,0,47(-4.08 %),0,0,0,0,0,0.0
08/01/2008,8820,426888000,48(2.13 %),9520,460768000,700,33880000,0,0.0
09/01/2008,-230,-11290000,46(-4.17 %),500,23750000,730,35040000,0,0.0
10/01/2008,3130,145285000,43.7(-5.00 %),4000,184000000,870,38715000,0,0.0
11/01/2008,0,0,44.7(2.29 %),0,0,0,0,0,0.0
14/01/2008,0,0,42.5(-4.92 %),0,0,0,0,0,0.0
15/01/2008,500,20200000,40.4(-4.94 %),500,20200000,0,0,0,0.0
16/01/2008,-170,-7208000,42.4(4.95 %),0,0,170,7208000,0,0.0
17/01/2008,4260,179605000,42.4(0.00 %),4260,179605000,0,0,0,0.0
18/01/2008,300,12720000,43.5(2.59 %),300,12720000,0,0,0,0.0
21/01/2008,0,0,43(-1.15 %),0,0,0,0,0,0.0
22/01/2008,-250,-10815000,42(-2.33 %),50,2085000,300,12900000,0,0.0
23/01/2008,50,2025000,40.5(-3.57 %),50,2025000,0,0,0,0.0
24/01/2008,-300,-12000000,40(-1.23 %),0,0,300,12000000,0,0.0
25/01/2008,0,0,41(2.50 %),0,0,0,0,0,0.0
28/01/2008,7700,315700000,41.2(0.49 %),7700,315700000,0,0,0,0.0
29/01/2008,100,4100000,43(4.37 %),100,4100000,0,0,0,0.0
30/01/2008,0,0,45.1(4.88 %),0,0,0,0,0,0.0
31/01/2008,50,2150000,45(-0.22 %),50,2150000,0,0,0,0.0
01/02/2008,0,0,46(2.22 %),0,0,0,0,0,0.0
12/02/2008,100,4600000,45(-2.17 %),100,4600000,0,0,0,0.0
13/02/2008,50,2250000,43(-4.44 %),50,2250000,0,0,0,0.0
14/02/2008,-2000,-86000000,43(0.00 %),0,0,2000,86000000,0,0.0
15/02/2008,50,2100000,42.5(-1.16 %),50,2100000,0,0,0,0.0
18/02/2008,150,6150000,40.5(-4.71 %),150,6150000,0,0,0,0.0
19/02/2008,100,3990000,41(1.23 %),100,3990000,0,0,0,0.0
20/02/2008,0,0,39(-4.88 %),0,0,0,0,0,0.0
21/02/2008,0,0,37.1(-4.87 %),0,0,0,0,0,0.0
22/02/2008,250,8825000,35.3(-4.85 %),250,8825000,0,0,0,0.0
25/02/2008,4750,175750000,37(4.82 %),4750,175750000,0,0,0,0.0
26/02/2008,100,3600000,35.2(-4.86 %),100,3600000,0,0,0,0.0
27/02/2008,540,19008000,35.2(0.00 %),540,19008000,0,0,0,0.0
28/02/2008,0,0,35.5(0.85 %),0,0,0,0,0,0.0
29/02/2008,0,0,34.5(-2.82 %),0,0,0,0,0,0.0
03/03/2008,5200,164840000,31.7(-4.80 %),5200,164840000,0,0,0,0.0
04/03/2008,4000,120800000,30.2(-4.73 %),4000,120800000,0,0,0,0.0
05/03/2008,0,0,28.7(-4.97 %),0,0,0,0,0,0.0
06/03/2008,-3000,-90300000,30.1(4.88 %),0,0,3000,90300000,0,0.0
07/03/2008,0,0,31.6(4.98 %),0,0,0,0,0,0.0
10/03/2008,200,6600000,30.1(-4.75 %),200,6600000,0,0,0,0.0
11/03/2008,0,0,29(-3.65 %),0,0,0,0,0,0.0
12/03/2008,100,2810000,30(3.45 %),100,2810000,0,0,0,0.0
13/03/2008,3890,119645000,30.5(1.67 %),3890,119645000,0,0,0,0.0
14/03/2008,5200,160680000,30.5(0.00 %),5200,160680000,0,0,0,0.0
17/03/2008,-240,-6960000,29(-4.92 %),0,0,240,6960000,0,0.0
18/03/2008,0,0,27.6(-4.83 %),0,0,0,0,0,0.0
19/03/2008,50,1315000,26.3(-4.71 %),50,1315000,0,0,0,0.0
20/03/2008,0,0,25.3(-3.80 %),0,0,0,0,0,0.0
21/03/2008,0,0,24.2(-4.35 %),0,0,0,0,0,0.0
24/03/2008,50,1150000,23(-4.96 %),50,1150000,0,0,0,0.0
25/03/2008,-700,-15330000,21.9(-4.78 %),0,0,700,15330000,0,0.0
26/03/2008,-1450,-30455000,21.2(-3.20 %),50,1045000,1500,31500000,0,0.0
27/03/2008,0,0,21.4(0.94 %),0,0,0,0,0,0.0
28/03/2008,0,0,21.6(0.93 %),0,0,0,0,0,0.0
31/03/2008,20,436000,21.8(0.93 %),20,436000,0,0,0,0.0
01/04/2008,0,0,22(0.92 %),0,0,0,0,0,0.0
02/04/2008,0,0,22.2(0.91 %),0,0,0,0,0,0.0
03/04/2008,0,0,22.4(0.90 %),0,0,0,0,0,0.0
04/04/2008,0,0,22.6(0.89 %),0,0,0,0,0,0.0
07/04/2008,0,0,23(1.77 %),0,0,0,0,0,0.0
08/04/2008,800,18720000,23(0.00 %),800,18720000,0,0,0,0.0
09/04/2008,100,2288000,22.7(-1.30 %),100,2288000,0,0,0,0.0
10/04/2008,1000,22300000,22.3(-1.76 %),1000,22300000,0,0,0,0.0
11/04/2008,200,4380000,21.9(-1.79 %),200,4380000,0,0,0,0.0
16/04/2008,0,0,21.5(-1.83 %),0,0,0,0,0,0.0
17/04/2008,-90,-1899000,21.9(1.86 %),10,211000,100,2110000,0,0.0
18/04/2008,500,10750000,21.5(-1.83 %),500,10750000,0,0,0,0.0
21/04/2008,0,0,21.1(-1.86 %),0,0,0,0,0,0.0
22/04/2008,600,12420000,20.7(-1.90 %),600,12420000,0,0,0,0.0
23/04/2008,300,6090000,20.3(-1.93 %),300,6090000,0,0,0,0.0
24/04/2008,100,1990000,19.9(-1.97 %),100,1990000,0,0,0,0.0
25/04/2008,0,0,19.6(-1.51 %),0,0,0,0,0,0.0
28/04/2008,11520,229037000,19.9(1.53 %),11520,229037000,0,0,0,0.0
29/04/2008,5700,114180000,19.8(-0.50 %),5700,114180000,0,0,0,0.0
05/05/2008,130,2575000,19.5(-1.52 %),130,2575000,0,0,0,0.0
06/05/2008,50,965000,19.2(-1.54 %),50,965000,0,0,0,0.0
07/05/2008,30000,567000000,18.9(-1.56 %),30000,567000000,0,0,0,0.0
08/05/2008,35100,652890000,18.6(-1.59 %),40100,745890000,5000,93000000,0,0.0
09/05/2008,10550,193065000,18.3(-1.61 %),10550,193065000,0,0,0,0.0
12/05/2008,50,900000,18(-1.64 %),50,900000,0,0,0,0.0
13/05/2008,0,0,17.7(-1.67 %),0,0,0,0,0,0.0
14/05/2008,0,0,17.4(-1.69 %),0,0,0,0,0,0.0
15/05/2008,0,0,17.1(-1.72 %),0,0,0,0,0,0.0
16/05/2008,150,2520000,16.8(-1.75 %),150,2520000,0,0,0,0.0
19/05/2008,0,0,16.5(-1.79 %),0,0,0,0,0,0.0
20/05/2008,20000,324000000,16.2(-1.82 %),20000,324000000,0,0,0,0.0
21/05/2008,0,0,15.9(-1.85 %),0,0,0,0,0,0.0
22/05/2008,10000,156000000,15.6(-1.89 %),10000,156000000,0,0,0,0.0
23/05/2008,15980,244494000,15.3(-1.92 %),20200,309060000,4220,64566000,0,0.0
26/05/2008,1660,24900000,15(-1.96 %),10000,150000000,8340,125100000,0,0.0
27/05/2008,0,0,15(0.00 %),0,0,0,0,0,0.0
28/05/2008,0,0,15(0.00 %),0,0,0,0,0,0.0
29/05/2008,0,0,15(0.00 %),0,0,0,0,0,0.0
30/05/2008,0,0,14.7(-2.00 %),0,0,0,0,0,0.0
02/06/2008,100,1450000,14.5(-1.36 %),100,1450000,0,0,0,0.0
03/06/2008,37000,529100000,14.3(-1.38 %),52000,743600000,15000,214500000,0,0.0
04/06/2008,12000,169200000,14.1(-1.40 %),12000,169200000,0,0,0,0.0
05/06/2008,18100,251590000,13.9(-1.42 %),18100,251590000,0,0,0,0.0
06/06/2008,22310,305647000,13.7(-1.44 %),22310,305647000,0,0,0,0.0
09/06/2008,3000,40500000,13.5(-1.46 %),3000,40500000,0,0,0,0.0
10/06/2008,0,0,13.3(-1.48 %),0,0,0,0,0,0.0
11/06/2008,-14850,-200535000,13.5(1.50 %),150,1965000,15000,202500000,0,0.0
12/06/2008,-39000,-534300000,13.7(1.48 %),1000,13700000,40000,548000000,0,0.0
13/06/2008,-8020,-111478000,13.9(1.46 %),4420,61438000,12440,172916000,0,0.0
16/06/2008,9800,138180000,14.1(1.44 %),9800,138180000,0,0,0,0.0
17/06/2008,10800,154440000,14.3(1.42 %),10800,154440000,0,0,0,0.0
18/06/2008,14940,212820000,14.1(-1.40 %),14940,212820000,0,0,0,0.0
19/06/2008,0,0,13.7(-2.84 %),0,0,0,0,0,0.0
20/06/2008,300,3990000,13.3(-2.92 %),300,3990000,0,0,0,0.0
23/06/2008,1100,14300000,13(-2.26 %),1100,14300000,0,0,0,0.0
24/06/2008,150,2000000,13.3(2.31 %),200,2660000,50,660000,0,0.0
25/06/2008,0,0,13.6(2.26 %),0,0,0,0,0,0.0
26/06/2008,900,12360000,13.6(0.00 %),900,12360000,0,0,0,0.0
27/06/2008,5000,67600000,14(2.94 %),5000,67600000,0,0,0,0.0
30/06/2008,810,11249000,14(0.00 %),3100,43080000,2290,31831000,0,0.0
01/07/2008,300,4320000,14.4(2.86 %),300,4320000,0,0,0,0.0
02/07/2008,-54510,-776578000,14.3(-0.69 %),5490,80112000,60000,856690000,0,0.0
03/07/2008,-179800,-2622039000,14.7(2.80 %),20200,292150000,200000,2914189000,0,0.0
04/07/2008,-162000,-2446200000,15.1(2.72 %),38000,573800000,200000,3020000000,0,0.0
07/07/2008,11900,176450000,14.7(-2.65 %),11900,176450000,0,0,0,0.0
08/07/2008,10000,143000000,14.3(-2.72 %),10000,143000000,0,0,0,0.0
09/07/2008,0,0,14.7(2.80 %),0,0,0,0,0,0.0
10/07/2008,-149000,-2163431000,14.3(-2.72 %),0,0,149000,2163431000,0,0.0
11/07/2008,-447820,-6454656000,14.7(2.80 %),12180,174384000,460000,6629040000,0,0.0
14/07/2008,-57550,-868642000,15.1(2.72 %),2160,32616000,59710,901258000,0,0.0
15/07/2008,-600,-9300000,15.5(2.65 %),0,0,600,9300000,0,0.0
16/07/2008,23260,369182000,15.9(2.58 %),23260,369182000,0,0,0,0.0
17/07/2008,15400,249728000,16.3(2.52 %),15400,249728000,0,0,0,0.0
18/07/2008,10100,160610000,15.9(-2.45 %),10100,160610000,0,0,0,0.0
21/07/2008,16160,250480000,15.5(-2.52 %),16160,250480000,0,0,0,0.0
22/07/2008,6500,98950000,15.1(-2.58 %),6500,98950000,0,0,0,0.0
23/07/2008,0,0,14.7(-2.65 %),0,0,0,0,0,0.0
24/07/2008,-2400,-34320000,14.3(-2.72 %),0,0,2400,34320000,0,0.0
25/07/2008,11140,154846000,13.9(-2.80 %),13140,182646000,2000,27800000,0,0.0
28/07/2008,-53100,-716850000,13.5(-2.88 %),10000,135000000,63100,851850000,0,0.0
29/07/2008,3600,50040000,13.9(2.96 %),3600,50040000,0,0,0,0.0
30/07/2008,7000,100100000,13.5(-2.88 %),7000,100100000,0,0,0,0.0
31/07/2008,0,0,13.2(-2.22 %),0,0,0,0,0,0.0
01/08/2008,68680,888012000,13.5(2.27 %),68680,888012000,0,0,0,0.0
04/08/2008,14320,193920000,13.5(0.00 %),14320,193920000,0,0,0,0.0
05/08/2008,0,0,13.1(-2.96 %),0,0,0,0,0,0.0
06/08/2008,0,0,13.3(1.53 %),0,0,0,0,0,0.0
07/08/2008,8860,118152000,13.2(-0.75 %),8860,118152000,0,0,0,0.0
08/08/2008,-100,-1320000,13.4(1.52 %),0,0,100,1320000,0,0.0
11/08/2008,3650,50370000,13.8(2.99 %),3650,50370000,0,0,0,0.0
12/08/2008,77760,1103162000,14.2(2.90 %),77760,1103162000,0,0,0,0.0
13/08/2008,53850,778109000,14.6(2.82 %),54850,792509000,1000,14400000,0,0.0
14/08/2008,35250,528750000,15(2.74 %),35300,529500000,50,750000,0,0.0
15/08/2008,15950,245630000,15.4(2.67 %),18000,277200000,2050,31570000,0,0.0
18/08/2008,0,0,16.1(4.55 %),0,0,0,0,0,0.0
19/08/2008,0,0,15.3(-4.97 %),0,0,0,0,0,0.0
20/08/2008,5840,85264000,14.6(-4.58 %),5840,85264000,0,0,0,0.0
21/08/2008,0,0,15.1(3.42 %),0,0,0,0,0,0.0
22/08/2008,100,1540000,15(-0.66 %),100,1540000,0,0,0,0.0
25/08/2008,31330,491106000,15.7(4.67 %),32100,502910000,770,11804000,0,0.0
26/08/2008,-810,-13284000,16.4(4.46 %),0,0,810,13284000,0,0.0
27/08/2008,11500,195500000,17.2(4.88 %),11500,195500000,0,0,0,0.0
28/08/2008,-940,-15416000,16.4(-4.65 %),1360,22304000,2300,37720000,0,0.0
29/08/2008,-3480,-54288000,15.6(-4.88 %),800,12480000,4280,66768000,0,0.0
03/09/2008,0,0,16.3(4.49 %),0,0,0,0,0,0.0
04/09/2008,-9900,-169350000,16.9(3.68 %),100,1650000,10000,171000000,0,0.0
05/09/2008,2200,37411000,17.7(4.73 %),2200,37411000,0,0,0,0.0
08/09/2008,1500,25500000,18.4(3.95 %),317500,5840500000,316000,5815000000,0,0.0
09/09/2008,1200,21360000,17.8(-3.26 %),1200,21360000,0,0,0,0.0
10/09/2008,-1000,-17500000,17(-4.49 %),0,0,1000,17500000,0,0.0
11/09/2008,-19940,-323028000,16.2(-4.71 %),1300,21060000,21240,344088000,0,0.0
12/09/2008,-12850,-197890000,15.4(-4.94 %),200,3080000,13050,200970000,0,0.0
15/09/2008,-131870,-1960439000,14.7(-4.55 %),0,0,131870,1960439000,0,0.0
16/09/2008,-17530,-247715000,14(-4.76 %),11050,154705000,28580,402420000,0,0.0
17/09/2008,-25800,-346640000,13.5(-3.57 %),0,0,25800,346640000,0,0.0
18/09/2008,4760,61404000,12.9(-4.44 %),5760,74304000,1000,12900000,0,0.0
19/09/2008,0,0,13.5(4.65 %),0,0,0,0,0,0.0
22/09/2008,-540,-7614000,14.1(4.44 %),0,0,540,7614000,0,0.0
23/09/2008,1200,16200000,14.1(0.00 %),1200,16200000,0,0,0,0.0
24/09/2008,-3280,-44426000,13.8(-2.13 %),5200,71750000,8480,116176000,0,0.0
25/09/2008,7130,102042000,14.4(4.35 %),7130,102042000,0,0,0,0.0
26/09/2008,5000,75000000,14.7(2.08 %),5000,75000000,0,0,0,0.0
29/09/2008,2000,28000000,14.3(-2.72 %),2000,28000000,0,0,0,0.0
30/09/2008,0,0,13.6(-4.90 %),0,0,0,0,0,0.0
01/10/2008,0,0,13.9(2.21 %),0,0,0,0,0,0.0
02/10/2008,-8420,-119964000,14.3(2.88 %),0,0,8420,119964000,0,0.0
03/10/2008,0,0,14.3(0.00 %),520000,7436000000,520000,7436000000,0,0.0
06/10/2008,-1740,-23664000,13.6(-4.90 %),0,0,1740,23664000,0,0.0
07/10/2008,-23770,-309010000,13(-4.41 %),0,0,23770,309010000,0,0.0
08/10/2008,-55260,-686827000,12.5(-3.85 %),970,12125000,56230,698952000,0,0.0
09/10/2008,0,0,12.6(0.80 %),0,0,0,0,0,0.0
10/10/2008,0,0,12(-4.76 %),0,0,0,0,0,0.0
13/10/2008,-3050,-37210000,12.1(0.83 %),350,4270000,3400,41480000,0,0.0
14/10/2008,-8000,-101600000,12.7(4.96 %),0,0,8000,101600000,0,0.0
15/10/2008,10000,133000000,13.3(4.72 %),10000,133000000,0,0,0,0.0
16/10/2008,0,100000,12.7(-4.51 %),1000,12800000,1000,12700000,0,0.0
17/10/2008,0,0,12.7(0.00 %),0,0,0,0,0,0.0
20/10/2008,0,0,12.1(-4.72 %),0,0,0,0,0,0.0
21/10/2008,0,0,12.6(4.13 %),0,0,0,0,0,0.0
22/10/2008,3000,36300000,12.3(-2.38 %),3000,36300000,0,0,0,0.0
23/10/2008,-150,-1770000,11.7(-4.88 %),0,0,150,1770000,0,0.0
24/10/2008,0,0,11.5(-1.71 %),0,0,0,0,0,0.0
27/10/2008,0,0,11(-4.35 %),0,0,0,0,0,0.0
28/10/2008,-19380,-203520000,10.5(-4.55 %),3000,31500000,22380,235020000,0,0.0
29/10/2008,2360,25960000,11(4.76 %),3000,33000000,640,7040000,0,0.0
30/10/2008,1500,17250000,11.5(4.55 %),3000,34500000,1500,17250000,0,0.0
31/10/2008,-1500,-18000000,12(4.35 %),0,0,1500,18000000,0,0.0
03/11/2008,1000,12400000,12.4(3.33 %),1000,12400000,0,0,0,0.0
04/11/2008,0,0,12.9(4.03 %),0,0,0,0,0,0.0
05/11/2008,0,0,13.2(2.33 %),0,0,0,0,0,0.0
06/11/2008,0,0,12.6(-4.55 %),0,0,0,0,0,0.0
07/11/2008,-4000,-48000000,12(-4.76 %),0,0,4000,48000000,0,0.0
10/11/2008,0,0,11.5(-4.17 %),0,0,0,0,0,0.0
11/11/2008,0,0,11.3(-1.74 %),0,0,0,0,0,0.0
12/11/2008,0,0,11.8(4.42 %),0,0,0,0,0,0.0
13/11/2008,0,0,11.8(0.00 %),0,0,0,0,0,0.0
14/11/2008,1400,16960000,11.6(-1.69 %),1400,16960000,0,0,0,0.0
17/11/2008,0,0,11.2(-3.45 %),0,0,0,0,0,0.0
18/11/2008,0,0,11.2(0.00 %),0,0,0,0,0,0.0
19/11/2008,800,8960000,11.2(0.00 %),800,8960000,0,0,0,0.0
20/11/2008,0,0,11(-1.79 %),0,0,0,0,0,0.0
21/11/2008,0,0,10.6(-3.64 %),0,0,0,0,0,0.0
24/11/2008,-11820,-123310000,10.4(-1.89 %),100,1060000,11920,124370000,0,0.0
25/11/2008,-5280,-56496000,10.6(1.92 %),0,0,5280,56496000,0,0.0
26/11/2008,0,0,10.5(-0.94 %),0,0,0,0,0,0.0
27/11/2008,0,0,10.4(-0.95 %),0,0,0,0,0,0.0
28/11/2008,0,0,10.6(1.92 %),0,0,0,0,0,0.0
01/12/2008,9500,100700000,10.5(-0.94 %),9500,100700000,0,0,0,0.0
02/12/2008,0,0,10.1(-3.81 %),0,0,0,0,0,0.0
03/12/2008,0,0,10.2(0.99 %),0,0,0,0,0,0.0
04/12/2008,0,0,10.3(0.98 %),0,0,0,0,0,0.0
05/12/2008,0,0,10.2(-0.97 %),0,0,0,0,0,0.0
08/12/2008,0,0,9.7(-4.90 %),0,0,0,0,0,0.0
09/12/2008,-2000,-19400000,9.7(0.00 %),0,0,2000,19400000,0,0.0
10/12/2008,0,0,9.3(-4.12 %),0,0,0,0,0,0.0
11/12/2008,0,0,9.6(3.23 %),0,0,0,0,0,0.0
12/12/2008,0,0,10(4.17 %),0,0,0,0,0,0.0
15/12/2008,0,0,10.2(2.00 %),0,0,0,0,0,0.0
16/12/2008,-1600,-16480000,10.3(0.98 %),0,0,1600,16480000,0,0.0
17/12/2008,0,0,10.2(-0.97 %),0,0,0,0,0,0.0
18/12/2008,0,0,10(-1.96 %),0,0,0,0,0,0.0
19/12/2008,0,0,10(0.00 %),0,0,0,0,0,0.0
22/12/2008,0,0,10(0.00 %),0,0,0,0,0,0.0
23/12/2008,0,0,9.8(-2.00 %),0,0,0,0,0,0.0
24/12/2008,1030,10094000,9.8(0.00 %),1030,10094000,0,0,0,0.0
25/12/2008,0,0,9.8(0.00 %),0,0,0,0,0,0.0
26/12/2008,0,0,9.9(1.02 %),0,0,0,0,0,0.0
29/12/2008,0,0,9.9(0.00 %),0,0,0,0,0,0.0
30/12/2008,0,0,9.9(0.00 %),0,0,0,0,0,0.0
31/12/2008,13640,136910000,10(1.01 %),13940,139900000,300,2990000,0,0.0
02/01/2009,0,0,9.9(-1.00 %),0,0,0,0,8768479,13.93
05/01/2009,20,199000,10(1.01 %),20,199000,0,0,8768459,13.93
06/01/2009,40,400000,10(0.00 %),40,400000,0,0,8768419,13.93
07/01/2009,18070,187904000,10.5(5.00 %),18070,187904000,0,0,8750349,14.0
08/01/2009,2010,21108000,10.8(2.86 %),2010,21108000,0,0,8748339,14.01
09/01/2009,690,7179000,10.4(-3.70 %),690,7179000,0,0,8747649,14.01
12/01/2009,10,106000,10.3(-0.96 %),10,106000,0,0,8747639,14.01
13/01/2009,20,208000,10.5(1.94 %),20,208000,0,0,8747619,14.01
14/01/2009,40,420000,10.3(-1.90 %),40,420000,0,0,8747579,14.01
15/01/2009,250,2557000,10.2(-0.97 %),250,2557000,0,0,8747329,14.01
16/01/2009,300,3060000,10.1(-0.98 %),300,3060000,0,0,8747029,14.01
19/01/2009,0,0,10.2(0.99 %),0,0,0,0,8747029,14.01
20/01/2009,5040,51409000,10.2(0.00 %),5040,51409000,0,0,8741989,14.03
21/01/2009,20,204000,10.1(-0.98 %),20,204000,0,0,8741969,14.03
22/01/2009,-69930,-693304000,9.8(-2.97 %),70,716000,70000,694020000,8811899,13.75
23/01/2009,-19950,-193496000,9.7(-1.02 %),50,504000,20000,194000000,8831849,13.67
02/02/2009,20,201000,10(3.09 %),20,201000,0,0,8831829,13.67
03/02/2009,0,0,9.7(-3.00 %),0,0,0,0,8831829,13.67
04/02/2009,40,395000,9.7(0.00 %),40,395000,0,0,8831789,13.67
05/02/2009,0,0,9.4(-3.09 %),0,0,0,0,8831789,13.67
06/02/2009,3050,29288000,9.8(4.26 %),3050,29288000,0,0,8828739,13.69
09/02/2009,10,100000,10(2.04 %),10,100000,0,0,8828729,13.69
10/02/2009,3200,32000000,10(0.00 %),3200,32000000,0,0,8825529,13.7
11/02/2009,0,0,9.7(-3.00 %),0,0,0,0,8825529,13.7
12/02/2009,-30000,-283400000,9.4(-3.09 %),0,0,30000,283400000,8855529,13.58
13/02/2009,0,0,9.5(1.06 %),0,0,0,0,8855529,13.58
16/02/2009,0,0,9.5(0.00 %),0,0,0,0,8855529,13.58
17/02/2009,0,0,9.4(-1.05 %),0,0,0,0,8855529,13.58
18/02/2009,0,0,9(-4.26 %),0,0,0,0,8855529,13.58
19/02/2009,0,0,8.6(-4.44 %),0,0,0,0,8855529,13.58
20/02/2009,0,0,8.2(-4.65 %),0,0,0,0,8855529,13.58
23/02/2009,-2510,-20080000,8(-2.44 %),0,0,2510,20080000,8858039,13.57
24/02/2009,950,7220000,7.6(-5.00 %),1300,9880000,350,2660000,8857089,13.57
25/02/2009,6000,45600000,7.9(3.95 %),6000,45600000,0,0,8851089,13.6
26/02/2009,2000,15500000,8(1.27 %),2000,15500000,0,0,8849089,13.6
27/02/2009,0,0,8.1(1.25 %),0,0,0,0,8849089,13.6
02/03/2009,-6000,-48914000,8.2(1.23 %),0,0,6000,48914000,8855089,13.58
03/03/2009,0,0,8(-2.44 %),0,0,0,0,8855089,13.58
04/03/2009,0,0,8(0.00 %),0,0,0,0,8855089,13.58
05/03/2009,0,0,8.2(2.50 %),0,0,0,0,8855089,13.58
06/03/2009,-20000,-162669000,8.1(-1.22 %),0,0,20000,162669000,8875089,13.5
09/03/2009,-3200,-25920000,8.1(0.00 %),0,0,3200,25920000,8878289,13.49
10/03/2009,0,0,8.5(4.94 %),0,0,0,0,8878289,13.49
11/03/2009,0,0,8.9(4.71 %),0,0,0,0,8878289,13.49
12/03/2009,0,0,8.5(-4.49 %),0,0,0,0,8878289,13.49
13/03/2009,0,0,8.7(2.35 %),0,0,0,0,8878289,13.49
16/03/2009,-5690,-49440000,8.7(0.00 %),0,0,5690,49440000,8883979,13.46
17/03/2009,20,180000,9(3.45 %),20,180000,0,0,8883959,13.46
18/03/2009,3000,27599000,9(0.00 %),3000,27599000,0,0,8880959,13.48
19/03/2009,0,0,8.7(-3.33 %),0,0,0,0,8880959,13.48
20/03/2009,0,0,8.8(1.15 %),0,0,0,0,8880959,13.48
23/03/2009,0,0,8.7(-1.14 %),0,0,0,0,8880959,13.48
24/03/2009,-1250,-11125000,9.1(4.60 %),0,0,1250,11125000,8882209,13.47
25/03/2009,0,0,9.1(0.00 %),0,0,0,0,8882209,13.47
26/03/2009,0,0,9(-1.10 %),0,0,0,0,8882209,13.47
27/03/2009,0,0,9(0.00 %),0,0,0,0,8882209,13.47
30/03/2009,0,0,9(0.00 %),0,0,0,0,8882209,13.47
31/03/2009,0,0,8.9(-1.11 %),0,0,0,0,8882209,13.47
01/04/2009,0,0,9(1.12 %),0,0,0,0,8882209,13.47
02/04/2009,-1900,-17100000,9(0.00 %),100,900000,2000,18000000,8884109,13.46
03/04/2009,5000,45000000,9.4(4.44 %),5000,45000000,0,0,8879109,13.48
07/04/2009,-5000,-49000000,9.8(4.26 %),0,0,5000,49000000,8884109,13.46
08/04/2009,230,2260000,9.7(-1.02 %),230,2260000,0,0,8883879,13.46
09/04/2009,-990,-10501000,10.1(4.12 %),1010,9699000,2000,20200000,8884869,13.46
10/04/2009,0,0,10.6(4.95 %),0,0,0,0,8884869,13.46
13/04/2009,0,0,11.1(4.72 %),0,0,0,0,8884869,13.46
14/04/2009,-3100,-35960000,11.6(4.50 %),0,0,3100,35960000,8887969,13.45
15/04/2009,-36690,-439134000,12.1(4.31 %),40,480000,36730,439614000,8924659,13.3
16/04/2009,0,0,12.7(4.96 %),0,0,0,0,8924659,13.3
17/04/2009,0,0,13(2.36 %),0,0,0,0,8924659,13.3
20/04/2009,100,1240000,12.4(-4.62 %),100,1240000,0,0,8924559,13.3
21/04/2009,80,960000,11.8(-4.84 %),80,960000,0,0,8924479,13.3
22/04/2009,-30,-360000,11.4(-3.39 %),80,960000,110,1320000,8924509,13.3
23/04/2009,80,872000,10.9(-4.39 %),80,872000,0,0,8924429,13.3
24/04/2009,90,954000,10.4(-4.59 %),90,954000,0,0,8924339,13.3
27/04/2009,0,0,10.6(1.92 %),0,0,0,0,8924339,13.3
28/04/2009,-30,-266000,10.5(-0.94 %),100,1060000,130,1326000,8924369,13.3
29/04/2009,0,0,10.7(1.90 %),0,0,0,0,8924369,13.3
04/05/2009,-40,-448000,11.2(4.67 %),0,0,40,448000,8924409,13.3
05/05/2009,0,0,11.7(4.46 %),0,0,0,0,8924409,13.3
06/05/2009,20520,232514000,11.2(-4.27 %),20520,232514000,0,0,8903889,13.38
07/05/2009,34920,404080000,11.7(4.46 %),34920,404080000,0,0,8868969,13.52
08/05/2009,25340,292962000,11.6(-0.85 %),25340,292962000,0,0,8843629,13.63
11/05/2009,-20,-208000,11.3(-2.59 %),90,1035000,110,1243000,8843649,13.63
12/05/2009,-3000,-33000000,11.8(4.42 %),0,0,3000,33000000,8846649,13.61
13/05/2009,13000,154900000,12.3(4.24 %),15000,179500000,2000,24600000,8833649,13.67
14/05/2009,5000,61000000,12.9(4.88 %),5000,61000000,0,0,8828649,13.69
15/05/2009,580,7714000,13.5(4.65 %),580,7714000,0,0,8828069,13.69
18/05/2009,-4430,-59784000,13.1(-2.96 %),680,9164000,5110,68948000,8832499,13.67
19/05/2009,80,1096000,13.6(3.82 %),80,1096000,0,0,8832419,13.67
20/05/2009,-4920,-69912000,14.2(4.41 %),80,1088000,5000,71000000,8837339,13.65
21/05/2009,0,0,14.9(4.93 %),0,0,0,0,8837339,13.65
22/05/2009,-5070,-75994000,14.2(-4.70 %),0,0,5070,75994000,8842409,13.63
25/05/2009,5000,73000000,14.9(4.93 %),5000,73000000,0,0,8837409,13.65
26/05/2009,-5000,-78000000,15.6(4.70 %),0,0,5000,78000000,8842409,13.63
27/05/2009,3470,54763000,14.9(-4.49 %),3470,54763000,0,0,8838939,13.64
28/05/2009,5070,71994000,14.2(-4.70 %),5070,71994000,0,0,8833869,13.66
29/05/2009,-4930,-71541000,14.2(0.00 %),70,959000,5000,72500000,8838799,13.64
01/06/2009,0,0,14.9(4.93 %),0,0,0,0,8838799,13.64
02/06/2009,0,0,15.6(4.70 %),0,0,0,0,8838799,13.64
03/06/2009,-60,-978000,16.3(4.49 %),0,0,60,978000,8838859,13.64
04/06/2009,0,0,17.1(4.91 %),0,0,0,0,8838859,13.64
05/06/2009,0,0,17.9(4.68 %),0,0,0,0,8838859,13.64
08/06/2009,1300,24310000,18.7(4.47 %),5000,93500000,3700,69190000,8837559,13.65
09/06/2009,-67720,-1320136000,19.6(4.81 %),280,5464000,68000,1325600000,8905279,13.38
10/06/2009,-2920,-55680000,18.7(-4.59 %),1080,20320000,4000,76000000,8908199,13.37
11/06/2009,80,1560000,19.6(4.81 %),80,1560000,0,0,8908119,13.37
12/06/2009,-2750,-56375000,20.5(4.59 %),480,9840000,3230,66215000,8910869,13.36
15/06/2009,-40660,-796220000,19.5(-4.88 %),1080,21060000,41740,817280000,8951529,13.19
16/06/2009,80,1488000,18.6(-4.62 %),80,1488000,0,0,8951449,13.19
17/06/2009,80,1416000,19.5(4.84 %),80,1416000,0,0,8951369,13.19
18/06/2009,-13360,-254288000,18.8(-3.59 %),0,0,13360,254288000,8964729,13.14
19/06/2009,30,549000,17.9(-4.79 %),80,1464000,50,915000,8964699,13.14
22/06/2009,0,0,17.1(-4.47 %),0,0,0,0,8964699,13.14
23/06/2009,90,1467000,16.3(-4.68 %),90,1467000,0,0,8964609,13.14
24/06/2009,890,14329000,17.1(4.91 %),1090,17549000,200,3220000,8963719,13.15
25/06/2009,19840,339184000,16.4(-4.09 %),20090,343584000,250,4400000,8943879,13.22
26/06/2009,60,966000,17.2(4.88 %),60,966000,0,0,8943819,13.22
29/06/2009,-96870,-1599172000,16.4(-4.65 %),4090,67479000,100960,1666651000,9040689,12.84
30/06/2009,60,984000,15.6(-4.88 %),60,984000,0,0,9040629,12.84
01/07/2009,8860,136193000,14.9(-4.49 %),8860,136193000,0,0,9031769,12.87
02/07/2009,-940,-14306000,15.5(4.03 %),60,894000,1000,15200000,9032709,12.87
03/07/2009,0,0,15.8(1.94 %),0,0,0,0,9032709,12.87
06/07/2009,8480,135654000,16.5(4.43 %),8480,135654000,0,0,9015839,12.94
07/07/2009,-90,-1458000,16.5(0.00 %),0,0,90,1458000,9024319,12.9
08/07/2009,0,0,15.9(-3.64 %),0,0,0,0,9024319,12.9
09/07/2009,0,0,16(0.63 %),0,0,0,0,9024319,12.9
10/07/2009,1500,23700000,15.8(-1.25 %),1500,23700000,0,0,9022819,12.91
13/07/2009,0,0,15.1(-4.43 %),0,0,0,0,9022819,12.91
14/07/2009,0,0,15(-0.66 %),0,0,0,0,9022819,12.91
15/07/2009,0,0,15.6(4.00 %),0,0,0,0,9022819,12.91
16/07/2009,0,0,15.9(1.92 %),0,0,0,0,9022819,12.91
17/07/2009,0,0,15.5(-2.52 %),0,0,0,0,9022819,12.91
20/07/2009,0,0,14.8(-4.52 %),0,0,0,0,9022819,12.91
21/07/2009,-9000,-135000000,15(1.35 %),0,0,9000,135000000,9031819,12.87
22/07/2009,-8400,-131880000,15.7(4.67 %),0,0,8400,131880000,9040219,12.84
23/07/2009,-12700,-208280000,16.4(4.46 %),0,0,12700,208280000,9052919,12.79
24/07/2009,0,0,17.2(4.88 %),0,0,0,0,9052919,12.79
27/07/2009,-500,-9000000,18(4.65 %),0,0,500,9000000,9053419,12.79
28/07/2009,1050,18611000,17.7(-1.67 %),1050,18611000,0,0,9052369,12.79
29/07/2009,0,0,17.1(-3.39 %),0,0,0,0,9052369,12.79
30/07/2009,0,0,17(-0.58 %),0,0,0,0,9052369,12.79
31/07/2009,0,0,17.3(1.76 %),0,0,0,0,9052369,12.79
03/08/2009,0,0,17.1(-1.16 %),0,0,0,0,9052369,12.79
04/08/2009,0,0,17.4(1.75 %),0,0,0,0,9052369,12.79
05/08/2009,0,0,17.3(-0.57 %),0,0,0,0,9052369,12.79
06/08/2009,0,0,17.5(1.16 %),0,0,0,0,9052369,12.79
07/08/2009,5590,102297000,18.3(4.57 %),5590,102297000,0,0,9046779,12.81
10/08/2009,0,0,19.2(4.92 %),0,0,0,0,9046779,12.81
11/08/2009,-50,-940000,18.8(-2.08 %),0,0,50,940000,9046829,12.81
12/08/2009,400,7440000,18.5(-1.60 %),400,7440000,0,0,9046429,12.81
13/08/2009,300,5640000,18.7(1.08 %),300,5640000,0,0,9046129,12.82
14/08/2009,-790,-13790000,17(0.00 %),2300,39240000,3090,53030000,9046919,12.81
17/08/2009,1000,16600000,17.5(2.94 %),1000,16600000,0,0,9045919,12.82
18/08/2009,0,0,17.6(0.57 %),0,0,0,0,9045919,12.82
19/08/2009,0,0,18.4(4.55 %),0,0,0,0,9045919,12.82
20/08/2009,-2000,-38600000,19.3(4.89 %),0,0,2000,38600000,9047919,12.81
21/08/2009,6510,131902000,20.2(4.66 %),9510,192102000,3000,60200000,9041409,12.83
24/08/2009,9500,191900000,20.2(0.00 %),9500,191900000,0,0,9031909,12.87
25/08/2009,10,195000,19.7(-2.48 %),10,195000,0,0,9031899,12.87
26/08/2009,10,200000,20.1(2.03 %),10,200000,0,0,9031889,12.87
27/08/2009,-80000,-1688000000,21.1(4.98 %),0,0,80000,1688000000,9111889,12.55
28/08/2009,0,0,22.1(4.74 %),0,0,0,0,9111889,12.55
31/08/2009,0,0,23.2(4.98 %),0,0,0,0,9111889,12.55
01/09/2009,-15470,-375921000,24.3(4.74 %),10,243000,15480,376164000,9127359,12.49
03/09/2009,-54030,-1377765000,25.5(4.94 %),0,0,54030,1377765000,9181389,12.27
04/09/2009,3210,79045000,24.5(-3.92 %),3710,92395000,500,13350000,9178179,12.29
07/09/2009,10,235000,25.6(4.49 %),10,235000,0,0,9178169,12.29
08/09/2009,-600,-16020000,26.8(4.69 %),0,0,600,16020000,9178769,12.28
09/09/2009,9690,258723000,26.7(-0.37 %),9690,258723000,0,0,9169079,12.32
10/09/2009,10,260000,26.3(-1.50 %),10,260000,0,0,9169069,12.32
11/09/2009,2830,72346000,25.6(-2.66 %),3000,76800000,170,4454000,9166239,12.34
14/09/2009,-160,-4084000,25(-2.34 %),0,0,160,4084000,9166399,12.33
15/09/2009,-3940,-98510000,24.6(-1.60 %),10,240000,3950,98750000,9170339,12.32
16/09/2009,0,0,24.4(-0.81 %),0,0,0,0,9170339,12.32
17/09/2009,-2000,-50000000,24.6(0.82 %),0,0,2000,50000000,9172339,12.31
18/09/2009,100,2460000,25(1.63 %),100,2460000,0,0,9178809,12.28
21/09/2009,-6670,-160747000,24.1(-3.60 %),0,0,6670,160747000,9178909,12.28
22/09/2009,-1000,-24100000,25.3(4.98 %),0,0,1000,24100000,9179909,12.28
23/09/2009,0,0,26.5(4.74 %),0,0,0,0,9179909,12.28
24/09/2009,0,0,25.5(-3.77 %),0,0,0,0,9179909,12.28
25/09/2009,0,0,25.5(0.00 %),0,0,0,0,9179909,22.35
28/09/2009,300,22500000,25.2(-1.18 %),300,22500000,0,0,9186209,22.33
29/09/2009,0,0,26.4(4.76 %),0,0,0,0,9185509,12.26
30/09/2009,-107530,-2813224000,25.6(-3.03 %),0,0,107530,2813224000,9293039,11.83
01/10/2009,-50000,-1315500000,26.8(4.69 %),0,0,50000,1315500000,9343039,11.63
02/10/2009,0,0,26.4(-1.49 %),0,0,0,0,9343039,11.63
05/10/2009,-330,-8547000,25.9(-1.89 %),0,0,330,8547000,9343369,11.63
06/10/2009,0,0,25.3(-2.32 %),0,0,0,0,9343369,11.63
07/10/2009,0,0,25.9(2.37 %),0,0,0,0,9343369,11.63
08/10/2009,0,0,25.6(-1.16 %),0,0,0,0,9343369,11.63
09/10/2009,500,13050000,26.8(4.69 %),500,13050000,0,0,9342869,11.63
12/10/2009,2000,56200000,28.1(4.85 %),2000,56200000,0,0,9340869,11.64
13/10/2009,0,0,29.5(4.98 %),0,0,0,0,9340869,11.64
14/10/2009,3900,113880000,30.9(4.75 %),3900,113880000,0,0,9336969,11.65
15/10/2009,50200,1551200000,30(-2.91 %),50200,1551200000,0,0,9286769,11.85
16/10/2009,-310,-9090000,28.6(-4.67 %),690,20010000,1000,29100000,9287079,11.85
19/10/2009,-1570,-45330000,28.9(1.05 %),910,25662000,2480,70992000,9288649,11.85
20/10/2009,0,0,29(0.35 %),0,0,0,0,9288649,11.85
21/10/2009,2000,57000000,28.5(-1.72 %),2000,57000000,0,0,9286649,11.85
22/10/2009,-60900,-1720064000,28.3(-0.70 %),0,0,60900,1720064000,9347549,11.61
23/10/2009,-1050,-29808000,28.6(1.06 %),0,0,1050,29808000,9348599,11.61
26/10/2009,-1220,-34892000,29.8(4.20 %),0,0,1220,34892000,9349819,11.6
27/10/2009,0,0,28.5(-4.36 %),0,0,0,0,9349819,11.6
28/10/2009,0,0,28(-1.75 %),0,0,0,0,9349819,11.6
29/10/2009,600,15960000,26.6(-5.00 %),600,15960000,0,0,9349219,11.6
30/10/2009,-180,-4896000,27.9(4.89 %),0,0,180,4896000,9349399,11.6
02/11/2009,0,0,26.6(-4.66 %),0,0,0,0,9349399,11.6
03/11/2009,0,0,25.3(-4.89 %),0,0,0,0,9349399,11.6
04/11/2009,-44050,-1072637000,24.1(-4.74 %),2000,50600000,46050,1123237000,9393449,11.43
05/11/2009,-8710,-209380000,25(3.73 %),0,0,8710,209380000,9402159,11.39
06/11/2009,870,21780000,24.2(-3.20 %),870,21780000,0,0,9401289,11.39
09/11/2009,0,0,23(-4.96 %),0,0,0,0,9401289,11.39
10/11/2009,0,0,21.9(-4.78 %),0,0,0,0,9401289,11.39
11/11/2009,110,2420000,22.9(4.57 %),110,2420000,0,0,9401179,11.4
12/11/2009,1880,43120000,24(4.80 %),2000,46000000,120,2880000,9399299,11.4
13/11/2009,200,4800000,25.2(5.00 %),200,4800000,0,0,9399099,11.4
16/11/2009,0,0,26.2(3.97 %),0,0,0,0,9399099,11.4
17/11/2009,-1630,-42285000,26(-0.76 %),0,0,1630,42285000,9400729,11.4
18/11/2009,0,0,25.8(-0.77 %),0,0,0,0,9400729,11.4
19/11/2009,0,0,25(-3.10 %),0,0,0,0,9400729,11.4
20/11/2009,0,0,26.2(4.80 %),0,0,0,0,9400729,11.4
23/11/2009,0,0,24.9(-4.96 %),0,0,0,0,9400729,11.4
24/11/2009,0,0,24(-3.61 %),0,0,0,0,9400729,11.4
25/11/2009,-2000,-47000000,22.8(-5.00 %),0,0,2000,47000000,9402729,11.39
26/11/2009,-500,-10850000,21.7(-4.82 %),0,0,500,10850000,9403229,11.39
27/11/2009,1700,35190000,21.2(-2.30 %),1700,35190000,0,0,9401529,11.39
30/11/2009,0,0,22.1(4.25 %),0,0,0,0,9401529,11.39
01/12/2009,0,0,23(4.07 %),0,0,0,0,9401529,11.39
02/12/2009,700,15400000,21.9(-4.78 %),700,15400000,0,0,9400829,11.4
03/12/2009,0,0,21.4(-2.28 %),0,0,0,0,9400829,11.4
04/12/2009,-450,-9585000,21.5(0.47 %),0,0,450,9585000,9401279,11.39
07/12/2009,0,0,20.5(-4.65 %),0,0,0,0,9401279,11.39
08/12/2009,0,0,20.8(1.46 %),0,0,0,0,9401279,11.39
09/12/2009,0,0,19.8(-4.81 %),0,0,0,0,9401279,11.39
10/12/2009,0,0,18.9(-4.55 %),0,0,0,0,9401279,11.39
11/12/2009,2000,36800000,18(-4.76 %),2000,36800000,0,0,9399279,11.4
14/12/2009,2100,38850000,18.5(2.78 %),2100,38850000,0,0,9397179,11.41
15/12/2009,-70,-1254000,18(-2.70 %),10,186000,80,1440000,9397249,11.41
16/12/2009,-990,-17025000,17.1(-5.00 %),10,175000,1000,17200000,9398239,11.41
17/12/2009,10,164000,16.3(-4.68 %),10,164000,0,0,9398229,11.41
18/12/2009,0,0,17.1(4.91 %),0,0,0,0,9398229,11.41
21/12/2009,0,0,17.9(4.68 %),0,0,0,0,9398229,11.41
22/12/2009,0,0,18.5(3.35 %),0,0,0,0,9398229,11.41
23/12/2009,0,0,18.8(1.62 %),0,0,0,0,9398229,11.41
24/12/2009,10,183000,19.4(3.19 %),10,183000,0,0,9398219,11.41
25/12/2009,2520,50400000,20.3(4.64 %),2520,50400000,0,0,9395699,11.42
28/12/2009,-190,-3757000,19.8(-2.46 %),10,203000,200,3960000,9395889,11.42
29/12/2009,-3440,-66048000,19.2(-3.03 %),0,0,3440,66048000,9399329,11.4
30/12/2009,-2100,-42210000,20.1(4.69 %),0,0,2100,42210000,9401429,11.39
31/12/2009,0,0,21.1(4.98 %),0,0,0,0,9401429,11.39
04/01/2010,0,0,22.1(4.74 %),0,0,0,0,9401429,11.39
05/01/2010,0,0,23.2(4.98 %),0,0,0,0,9401429,11.39
06/01/2010,0,0,24.3(4.74 %),0,0,0,0,9401429,11.39
07/01/2010,2000,48600000,25.5(4.94 %),2000,48600000,0,0,9399429,11.4
08/01/2010,0,0,24.3(-4.71 %),0,0,0,0,9399429,11.4
11/01/2010,0,0,24.5(0.82 %),0,0,0,0,9399429,11.4
12/01/2010,0,0,23.3(-4.90 %),0,0,0,0,9399429,11.4
13/01/2010,0,0,24.3(4.29 %),0,0,0,0,9399429,11.4
14/01/2010,0,0,24.3(0.00 %),0,0,0,0,9399429,11.4
15/01/2010,0,0,24.2(-0.41 %),0,0,0,0,9399429,11.4
18/01/2010,-6990,-162369000,23(-4.96 %),1010,23231000,8000,185600000,9406419,13.5
19/01/2010,-70,-1557000,22.1(-3.91 %),10,219000,80,1776000,9406489,13.5
20/01/2010,10,210000,21(-4.98 %),10,210000,0,0,9406479,13.5
21/01/2010,0,0,20.4(-2.86 %),0,0,0,0,9406479,13.5
22/01/2010,0,0,21.3(4.41 %),0,0,0,0,9406479,13.5
25/01/2010,0,0,21.5(0.94 %),0,0,0,0,9406479,13.5
26/01/2010,0,0,22.5(4.65 %),0,0,0,0,9406479,13.5
27/01/2010,0,0,21.5(-4.44 %),0,0,0,0,9406479,13.5
28/01/2010,10,210000,21.1(-1.86 %),10,210000,0,0,9406469,13.5
29/01/2010,10,205000,21(-0.47 %),10,205000,0,0,9406459,13.5
01/02/2010,0,0,21.8(3.81 %),0,0,0,0,9406459,13.5
02/02/2010,-80,-1736000,21.7(-0.46 %),0,0,80,1736000,9406539,13.5
03/02/2010,1000,21800000,21.7(0.00 %),1000,21800000,0,0,9405539,13.51
04/02/2010,0,0,22(1.38 %),0,0,0,0,9405539,13.51
05/02/2010,10,210000,21(-4.55 %),10,210000,0,0,9405529,13.51
08/02/2010,10,205000,20.6(-1.90 %),10,205000,0,0,9405519,13.51
09/02/2010,-500,-10150000,20.3(-1.46 %),0,0,500,10150000,9406019,13.51
10/02/2010,-100,-2100000,21.3(4.93 %),0,0,100,2100000,9406119,13.5
11/02/2010,0,0,21.8(2.35 %),0,0,0,0,9406119,13.5
12/02/2010,0,0,21.8(0.00 %),0,0,0,0,9406119,13.5
22/02/2010,0,0,21.7(-0.46 %),0,0,0,0,9406119,13.5
23/02/2010,0,0,20.7(-4.61 %),0,0,0,0,9406119,13.5
24/02/2010,0,0,20.8(0.48 %),0,0,0,0,9406119,13.5
25/02/2010,0,0,21.4(2.88 %),0,0,0,0,9406119,13.5
26/02/2010,-500,-10600000,21.4(0.00 %),0,0,500,10600000,9933162,13.5
01/03/2010,0,0,21.8(1.87 %),0,0,0,0,9933162,11.52
02/03/2010,0,0,22.8(4.59 %),0,0,0,0,9933162,11.52
03/03/2010,1230,29397000,23.9(4.82 %),1230,29397000,0,0,9931932,11.52
04/03/2010,0,0,23.5(-1.67 %),0,0,0,0,9931932,11.52
05/03/2010,1100,26500000,24.5(4.26 %),1100,26500000,0,0,9930832,11.52
08/03/2010,0,0,24.5(0.00 %),0,0,0,0,9930832,11.52
09/03/2010,0,0,24(-2.04 %),0,0,0,0,9930832,11.52
10/03/2010,-185870,-4381423000,23.1(-3.75 %),0,0,185870,4381423000,10116702,10.82
11/03/2010,-414500,-9984758000,24.2(4.76 %),0,0,414500,9984758000,10531202,9.26
12/03/2010,-311110,-7902194000,25.4(4.96 %),0,0,311110,7902194000,10842312,8.09
15/03/2010,0,0,25.7(1.18 %),0,0,0,0,10842312,8.09
16/03/2010,-40,-980000,24.5(-4.67 %),0,0,40,980000,10842352,8.09
17/03/2010,0,0,24.5(0.00 %),0,0,0,0,10842352,8.09
18/03/2010,-2510,-61495000,25.2(2.86 %),0,0,2510,61495000,10844862,8.08
19/03/2010,-600,-15840000,26.4(4.76 %),0,0,600,15840000,10845462,8.07
22/03/2010,-40,-1080000,27(2.27 %),0,0,40,1080000,10845502,8.07
23/03/2010,-5400,-149720000,28(3.70 %),0,0,5400,149720000,10850902,8.05
24/03/2010,0,0,29.4(5.00 %),0,0,0,0,10850902,8.05
25/03/2010,-10000,-285800000,28.4(-3.40 %),0,0,10000,285800000,10860902,8.02
26/03/2010,-3690,-108210000,29(2.11 %),2000,56800000,5690,165010000,10864592,8.0
29/03/2010,-6560,-195150000,30.4(4.83 %),0,0,6560,195150000,10871152,7.98
30/03/2010,-13570,-429883000,31(1.97 %),0,0,13570,429883000,10884722,7.93
31/03/2010,10,298000,29.5(-4.84 %),10,298000,0,0,10884712,7.93
01/04/2010,10,285000,29(-1.69 %),10,285000,0,0,10884702,7.93
02/04/2010,0,0,28.2(-2.76 %),0,0,0,0,10884702,7.93
05/04/2010,0,0,27.8(-1.42 %),0,0,0,0,10884702,7.93
06/04/2010,0,0,29.1(4.68 %),0,0,0,0,10884702,7.93
07/04/2010,0,0,28.7(-1.37 %),0,0,0,0,10884702,7.93
08/04/2010,0,0,28.1(-2.09 %),0,0,0,0,10884702,7.93
09/04/2010,-220,-6271000,28(-0.36 %),0,0,220,6271000,10884922,7.92
12/04/2010,-2000,-56170000,27.5(-1.79 %),1600,46080000,3600,102250000,10886922,7.92
13/04/2010,-260,-7012000,27.2(-1.09 %),200,5500000,460,12512000,10887182,7.92
14/04/2010,0,0,28.5(4.78 %),0,0,0,0,10887182,7.92
15/04/2010,0,0,29.4(3.16 %),0,0,0,0,10887182,7.92
16/04/2010,-330,-9372000,28.4(-3.40 %),0,0,330,9372000,10887512,7.91
19/04/2010,-820,-23832000,29.3(3.17 %),1000,28600000,1820,52432000,10888332,7.91
20/04/2010,-120,-3384000,28.2(-3.75 %),0,0,120,3384000,10888452,7.91
21/04/2010,0,0,28.2(0.00 %),0,0,0,0,10888452,7.91
22/04/2010,33000,936362000,27.5(-2.48 %),33000,936362000,0,0,10855452,8.04
26/04/2010,1000,27500000,27.4(-0.36 %),1000,27500000,0,0,10855432,8.04
27/04/2010,-1980,-54252000,27.5(0.36 %),0,0,1980,54252000,10856432,8.03
28/04/2010,0,0,27.6(0.36 %),0,0,0,0,10856432,8.03
29/04/2010,0,0,27.5(-0.36 %),0,0,0,0,10856432,8.03
04/05/2010,-2760,-75744000,27.3(-0.73 %),0,0,2760,75744000,10859192,8.02
05/05/2010,0,0,26.5(-2.93 %),0,0,0,0,10859192,8.02
06/05/2010,0,0,27.8(4.91 %),0,0,0,0,10859192,8.02
07/05/2010,0,0,27(-2.88 %),0,0,0,0,10859192,8.02
10/05/2010,0,0,26(-3.70 %),0,0,0,0,10859192,8.02
11/05/2010,0,0,26(0.00 %),0,0,0,0,10859192,8.02
12/05/2010,0,0,24.7(-5.00 %),0,0,0,0,10859192,8.02
13/05/2010,-13970,-348797000,24.3(-1.62 %),0,0,13970,348797000,10873162,7.97
14/05/2010,-12490,-306005000,24.3(0.00 %),0,0,12490,306005000,10885652,7.92
17/05/2010,-19120,-463320000,23.5(-3.29 %),0,0,19120,463320000,10904772,7.85
18/05/2010,-630,-14553000,23.7(0.85 %),0,0,630,14553000,10905402,7.85
19/05/2010,-350,-8295000,22.8(-3.80 %),0,0,350,8295000,10905752,7.85
20/05/2010,0,0,23.9(4.82 %),0,0,0,0,10905752,7.85
21/05/2010,10100,234320000,22.8(-4.60 %),10100,234320000,0,0,10895652,7.88
24/05/2010,-10460,-238738000,22.4(-1.75 %),0,0,10460,238738000,10906112,7.84
25/05/2010,0,0,22.9(2.23 %),0,0,0,0,10906112,7.84
26/05/2010,0,0,23.5(2.62 %),0,0,0,0,10906112,7.84
27/05/2010,0,0,23(-2.13 %),0,0,0,0,10906112,7.84
28/05/2010,0,0,24(4.35 %),0,0,0,0,10906112,7.84
31/05/2010,0,0,23.2(-3.33 %),0,0,0,0,10906112,7.84
01/06/2010,0,0,23.1(-0.43 %),0,0,0,0,10906112,7.84
02/06/2010,30,684000,23.3(0.87 %),30,684000,0,0,10906082,7.84
03/06/2010,0,0,23.8(2.15 %),0,0,0,0,10906082,7.84
04/06/2010,0,0,24(0.84 %),0,0,0,0,10906082,7.84
07/06/2010,-21360,-489816000,22.8(-5.00 %),0,0,21360,489816000,10927442,7.76
08/06/2010,-19330,-434739000,22.7(-0.44 %),0,0,19330,434739000,10946772,7.69
09/06/2010,0,0,22.4(-1.32 %),0,0,0,0,10946772,7.69
10/06/2010,0,0,22.8(1.79 %),0,0,0,0,10946772,7.69
11/06/2010,0,0,23(0.88 %),0,0,0,0,10946772,7.69
14/06/2010,-660,-15576000,23.6(2.61 %),0,0,660,15576000,10947432,7.69
15/06/2010,-120,-2760000,23(-2.54 %),0,0,120,2760000,10947552,7.69
16/06/2010,0,0,23.5(2.17 %),0,0,0,0,10947552,7.69
17/06/2010,10,235000,24.6(4.68 %),10,235000,0,0,10947542,7.69
18/06/2010,10,242000,24.2(-1.63 %),10,242000,0,0,10947532,7.69
21/06/2010,-10430,-257078000,25.3(4.55 %),0,0,10430,257078000,10957962,7.65
22/06/2010,0,0,24.4(-3.56 %),0,0,0,0,10957962,7.65
23/06/2010,-490,-11956000,24(-1.64 %),0,0,490,11956000,10958452,7.65
24/06/2010,0,0,24.3(1.25 %),0,0,0,0,10958452,7.65
25/06/2010,0,0,23.6(-2.88 %),0,0,0,0,10958452,7.65
28/06/2010,-68520,-1610005000,23.4(-0.85 %),0,0,68520,1610005000,11026972,7.39
29/06/2010,0,0,23.3(-0.43 %),0,0,0,0,11026972,7.39
30/06/2010,0,0,23.3(0.00 %),0,0,0,0,11026972,7.39
01/07/2010,-3600,-83160000,22.8(-2.15 %),0,0,3600,83160000,11030572,7.37
02/07/2010,0,0,22.8(0.00 %),0,0,0,0,11030572,7.37
05/07/2010,0,0,23(0.88 %),0,0,0,0,11030572,7.37
06/07/2010,0,0,22.7(-1.30 %),0,0,0,0,11030572,7.37
07/07/2010,0,0,22.5(-0.88 %),0,0,0,0,11030572,7.37
08/07/2010,-6350,-142875000,22.5(0.00 %),0,0,6350,142875000,11036922,7.35
09/07/2010,0,0,22.7(0.89 %),0,0,0,0,11036922,7.35
12/07/2010,0,0,23.2(2.20 %),0,0,0,0,11036922,7.35
13/07/2010,0,0,23.8(2.59 %),0,0,0,0,11036922,7.35
14/07/2010,0,0,23.6(-0.84 %),0,0,0,0,11036922,7.35
15/07/2010,0,0,22.8(-3.39 %),0,0,0,0,11036922,7.35
16/07/2010,0,0,22.8(0.00 %),0,0,0,0,11036922,7.35
19/07/2010,0,0,23.9(4.82 %),0,0,0,0,11036922,7.35
20/07/2010,0,0,25(4.60 %),0,0,0,0,11036922,7.35
21/07/2010,0,0,24(-4.00 %),0,0,0,0,11036922,7.35
22/07/2010,0,0,23.3(-2.92 %),0,0,0,0,11036922,7.35
23/07/2010,0,0,23.1(-0.86 %),0,0,0,0,11036922,7.35
26/07/2010,0,0,23(-0.43 %),0,0,0,0,11036922,7.35
27/07/2010,-100,-2300000,22.7(-1.30 %),0,0,100,2300000,11037022,7.35
28/07/2010,0,0,22.2(-2.20 %),0,0,0,0,11037022,7.35
29/07/2010,0,0,22.5(1.35 %),0,0,0,0,11037022,7.35
30/07/2010,-160,-3548000,22.8(1.33 %),500,11500000,660,15048000,11037182,7.35
02/08/2010,0,0,22.2(-2.63 %),0,0,0,0,11037182,7.35
03/08/2010,1000,22300000,22.2(0.00 %),1000,22300000,0,0,11036182,7.35
04/08/2010,0,0,21.8(-1.80 %),0,0,0,0,11036182,7.35
05/08/2010,0,0,21.6(-0.92 %),0,0,0,0,11036182,7.35
06/08/2010,0,0,21(-2.78 %),0,0,0,0,11036182,7.35
09/08/2010,200,4120000,20(-4.76 %),200,4120000,0,0,11035982,7.35
10/08/2010,100,1970000,19(-5.00 %),100,1970000,0,0,11035882,7.35
11/08/2010,0,0,19.1(0.53 %),0,0,0,0,0,49.02
12/08/2010,0,0,18.2(-4.71 %),0,0,0,0,11035882,7.35
13/08/2010,1150,20010000,18.3(0.55 %),1150,20010000,0,0,11034732,7.36
16/08/2010,200,3873000,19.2(4.92 %),5200,98906000,5000,95033000,11034532,7.36
17/08/2010,0,0,18.8(-2.08 %),0,0,0,0,0,49.02
18/08/2010,110,2003000,18.2(-3.19 %),110,2003000,0,0,11034422,7.36
19/08/2010,0,0,18.2(0.00 %),0,0,0,0,0,0.0
20/08/2010,5100,92280000,18.1(-0.55 %),5100,92280000,0,0,0,0.0
23/08/2010,0,0,18(-0.55 %),0,0,0,0,0,0.0
24/08/2010,2100,36150000,17.1(-5.00 %),2100,36150000,0,0,0,0.0
25/08/2010,10,170000,16.3(-4.68 %),10,170000,0,0,0,0.0
26/08/2010,-5000,-80380000,16.1(-1.23 %),0,0,5000,80380000,5000,48.98
27/08/2010,10,153000,15.6(-3.11 %),10,153000,0,0,4990,48.98
30/08/2010,0,0,16.3(4.49 %),0,0,0,0,4990,48.98
31/08/2010,0,0,17.1(4.91 %),0,0,0,0,4990,48.98
01/09/2010,0,0,17.9(4.68 %),0,0,0,0,4990,48.98
06/09/2010,0,0,18.7(4.47 %),0,0,0,0,11032517,48.98
07/09/2010,0,0,19(1.60 %),0,0,0,0,4990,48.98
08/09/2010,800,14560000,18.3(-3.68 %),800,14560000,0,0,4190,48.98
09/09/2010,0,0,18.8(2.73 %),0,0,0,0,4190,48.98
10/09/2010,0,0,17.9(-4.79 %),0,0,0,0,4190,48.98
13/09/2010,100,1740000,17.4(-2.79 %),100,1740000,0,0,4090,48.98
14/09/2010,0,0,17.9(2.87 %),0,0,0,0,4090,48.98
15/09/2010,0,0,17.4(-2.79 %),0,0,0,0,4090,48.98
16/09/2010,0,0,17.9(2.87 %),0,0,0,0,4090,48.98
17/09/2010,-5000,-89535000,18.5(3.35 %),0,0,5000,89535000,9090,48.97
20/09/2010,0,0,18.9(2.16 %),0,0,0,0,9090,48.97
21/09/2010,0,0,18.9(0.00 %),0,0,0,0,9090,48.97
22/09/2010,40,749000,18.7(-1.06 %),40,749000,0,0,9050,48.97
23/09/2010,0,0,18.1(-3.21 %),0,0,0,0,9050,48.97
24/09/2010,0,0,18.1(0.00 %),0,0,0,0,9050,48.97
27/09/2010,0,0,18(-0.55 %),0,0,0,0,9050,48.97
28/09/2010,0,0,18.1(0.56 %),0,0,0,0,9050,48.97
29/09/2010,0,0,17.8(-1.66 %),0,0,0,0,9050,48.97
30/09/2010,0,0,17.6(-1.12 %),0,0,0,0,11036577,48.97
01/10/2010,0,0,17.6(0.00 %),0,0,0,0,11036577,7.35
04/10/2010,50,845000,16.8(-4.55 %),50,845000,0,0,11036527,7.35
05/10/2010,0,0,16.9(0.60 %),0,0,0,0,11036527,7.35
06/10/2010,0,0,17.3(2.37 %),0,0,0,0,11036527,7.35
07/10/2010,0,0,16.8(-2.89 %),0,0,0,0,11036527,7.35
08/10/2010,0,0,16.8(0.00 %),0,0,0,0,11036527,7.35
11/10/2010,0,0,16.9(0.60 %),0,0,0,0,11036527,7.35
12/10/2010,0,0,16.6(-1.78 %),0,0,0,0,11036527,7.35
13/10/2010,0,0,16.5(-0.60 %),0,0,0,0,11036527,7.35
14/10/2010,100,1665000,16.7(1.21 %),100,1665000,0,0,11036427,7.35
15/10/2010,0,0,16.3(-2.40 %),0,0,0,0,11036427,7.35
18/10/2010,0,0,16.2(-0.61 %),0,0,0,0,11036427,7.35
19/10/2010,0,0,15.5(-4.32 %),0,0,0,0,11036427,7.35
20/10/2010,0,0,14.8(-4.52 %),0,0,0,0,11036427,7.35
21/10/2010,0,0,14.8(0.00 %),0,0,0,0,11036427,7.35
22/10/2010,100,1450000,14.5(-2.03 %),100,1450000,0,0,11036327,7.35
25/10/2010,0,0,14.6(0.69 %),0,0,0,0,11036327,7.35
26/10/2010,0,0,15.3(4.79 %),0,0,0,0,11036327,7.35
27/10/2010,0,0,15(-1.96 %),0,0,0,0,11036327,7.35
28/10/2010,0,0,15(0.00 %),0,0,0,0,11036327,7.35
29/10/2010,0,0,14.7(-2.00 %),0,0,0,0,11036327,7.35
01/11/2010,0,0,14.6(-0.68 %),0,0,0,0,11036327,7.35
02/11/2010,0,0,14.6(0.00 %),0,0,0,0,11036327,7.35
03/11/2010,0,0,14.4(-1.37 %),0,0,0,0,11036327,7.35
04/11/2010,0,0,14.6(1.39 %),0,0,0,0,11036327,7.35
05/11/2010,0,0,15(2.74 %),0,0,0,0,11036327,7.35
08/11/2010,0,0,15(0.00 %),0,0,0,0,11036327,7.35
09/11/2010,0,0,14.5(-3.33 %),0,0,0,0,11036327,7.35
10/11/2010,0,0,14.2(-2.07 %),0,0,0,0,11036327,7.35
11/11/2010,0,0,13.7(-3.52 %),0,0,0,0,11036327,7.35
12/11/2010,0,0,13.2(-3.65 %),0,0,0,0,11036327,7.35
15/11/2010,0,0,12.7(-3.79 %),0,0,0,0,11036327,7.35
16/11/2010,0,0,12.5(-1.57 %),0,0,0,0,11036327,7.35
17/11/2010,0,0,12.5(0.00 %),0,0,0,0,11036327,7.35
18/11/2010,0,0,13(4.00 %),0,0,0,0,11036327,7.35
19/11/2010,0,0,12.5(-3.85 %),0,0,0,0,11036327,7.35
22/11/2010,100,1250000,12.1(-3.20 %),100,1250000,0,0,11036227,7.35
23/11/2010,0,0,12.3(1.65 %),0,0,0,0,11036227,7.35
24/11/2010,0,0,12.3(0.00 %),0,0,0,0,11036227,7.35
25/11/2010,0,0,12.9(4.88 %),0,0,0,0,11036227,7.35
26/11/2010,0,0,13.5(4.65 %),0,0,0,0,11036227,7.35
29/11/2010,-380,-5130000,13.9(2.96 %),0,0,380,5130000,11036607,7.35
30/11/2010,0,0,14.3(2.88 %),0,0,0,0,11036607,7.35
01/12/2010,0,0,14.3(0.00 %),0,0,0,0,11036607,7.35
02/12/2010,100,1400000,15(4.90 %),100,1400000,0,0,11036507,7.35
03/12/2010,0,0,15.7(4.67 %),0,0,0,0,11036507,7.35
06/12/2010,0,0,15.8(0.64 %),0,0,0,0,11036507,7.35
07/12/2010,0,0,15.1(-4.43 %),0,0,0,0,11036507,7.35
08/12/2010,0,0,14.4(-4.64 %),0,0,0,0,11036507,7.35
09/12/2010,0,0,14.9(3.47 %),0,0,0,0,11036507,7.35
10/12/2010,0,0,15.5(4.03 %),0,0,0,0,11036507,7.35
13/12/2010,0,0,16.2(4.52 %),0,0,0,0,11036507,7.35
14/12/2010,0,0,15.9(-1.85 %),0,0,0,0,11036507,7.35
15/12/2010,0,0,15.9(0.00 %),0,0,0,0,11036507,7.35
16/12/2010,0,0,15.2(-4.40 %),0,0,0,0,11036507,7.35
17/12/2010,0,0,15.8(3.95 %),0,0,0,0,11036507,7.35
20/12/2010,0,0,15.4(-2.53 %),0,0,0,0,11036507,7.35
21/12/2010,26300,410181000,15.7(1.95 %),26300,410181000,0,0,11010207,7.45
22/12/2010,15000,235000000,15.6(-0.64 %),15000,235000000,0,0,10995207,7.51
23/12/2010,-180,-2808000,15.3(-1.92 %),0,0,180,2808000,10995387,7.51
24/12/2010,-100,-1500000,15.4(0.65 %),0,0,100,1500000,10995487,7.51
27/12/2010,0,0,15.2(-1.30 %),0,0,0,0,10995487,7.51
28/12/2010,0,0,15.5(1.97 %),0,0,0,0,10995487,7.51
29/12/2010,0,0,15.5(0.00 %),0,0,0,0,10995487,7.51
30/12/2010,0,0,15(-3.23 %),0,0,0,0,10995487,7.51
31/12/2010,0,0,15(0.00 %),0,0,0,0,10995487,7.51
04/01/2011,0,0,15.5(3.33 %),0,0,0,0,10995487,7.51
05/01/2011,-220,-3390000,15.4(-0.65 %),20,306000,240,3696000,10995707,7.51
06/01/2011,-141300,-2191323000,15.5(0.65 %),0,0,141300,2191323000,11137007,6.97
07/01/2011,0,0,16.1(3.87 %),0,0,0,0,11137007,6.97
10/01/2011,0,0,15.7(-2.48 %),0,0,0,0,11137007,6.97
11/01/2011,0,0,15.1(-3.82 %),0,0,0,0,11137007,6.97
12/01/2011,0,0,15.1(0.00 %),0,0,0,0,11137007,6.97
13/01/2011,5000,78500000,15.8(4.64 %),5000,78500000,0,0,11132007,6.99
14/01/2011,0,0,16.5(4.43 %),0,0,0,0,11132007,16.68
17/01/2011,0,0,17.3(4.85 %),0,0,0,0,11132007,16.68
18/01/2011,0,0,16.5(-4.62 %),0,0,0,0,11132007,6.99
19/01/2011,-14000,-231800000,17(3.03 %),0,0,14000,231800000,11146007,6.94
20/01/2011,-370,-6475000,17.5(2.94 %),50,875000,420,7350000,11146377,6.94
21/01/2011,3300,56760000,16.8(-4.00 %),3300,56760000,0,0,11143077,6.95
24/01/2011,1000,16300000,16(-4.76 %),1000,16300000,0,0,11142077,6.95
25/01/2011,40,640000,15.9(-0.62 %),40,640000,0,0,11142037,6.95
26/01/2011,240,3816000,16(0.63 %),240,3816000,0,0,11141797,26.84
27/01/2011,100,1610000,16.1(0.62 %),100,1610000,0,0,11141697,6.96
28/01/2011,0,0,16.3(1.24 %),0,0,0,0,11141697,6.96
08/02/2011,-70,-1162000,16.6(1.84 %),0,0,70,1162000,11141767,6.96
09/02/2011,3000,50400000,16.5(-0.60 %),3000,50400000,0,0,11138767,16.66
10/02/2011,0,0,12.3(0.00 %),0,0,0,0,11138767,6.97
11/02/2011,0,0,12.3(0.00 %),0,0,0,0,11138767,16.66
14/02/2011,2800,34720000,12.1(-1.63 %),2800,34720000,0,0,11135967,6.98
15/02/2011,0,0,11.6(-4.13 %),0,0,0,0,11135967,6.98
16/02/2011,500,5900000,11.7(0.86 %),500,5900000,0,0,11135467,6.98
17/02/2011,0,0,11.3(-3.42 %),0,0,0,0,11135467,6.98
18/02/2011,0,0,10.9(-3.54 %),0,0,0,0,11135467,6.98
21/02/2011,0,0,10.4(-4.59 %),0,0,0,0,11135467,6.98
22/02/2011,0,0,10(-3.85 %),0,0,0,0,11135467,6.98
23/02/2011,0,0,10.3(3.00 %),0,0,0,0,11135467,6.98
24/02/2011,0,0,10.4(0.97 %),0,0,0,0,11135467,6.98
25/02/2011,0,0,10.2(-1.92 %),0,0,0,0,11135467,6.98
28/02/2011,0,0,10(-1.96 %),0,0,0,0,11135467,6.98
01/03/2011,0,0,9.9(-1.00 %),0,0,0,0,11135467,6.98
02/03/2011,10290,101842000,9.5(-4.04 %),10290,101842000,0,0,11125177,7.02
03/03/2011,0,0,9.1(-4.21 %),0,0,0,0,0,0.0
04/03/2011,0,0,9.3(2.20 %),0,0,0,0,0,0.0
07/03/2011,1300,12090000,9.6(3.23 %),1300,12090000,0,0,0,0.0
08/03/2011,300,2880000,9.6(0.00 %),300,2880000,0,0,0,0.0
09/03/2011,0,0,9.4(-2.08 %),0,0,0,0,0,0.0
10/03/2011,0,0,9.8(4.26 %),0,0,0,0,0,0.0
11/03/2011,0,0,10.2(4.08 %),0,0,0,0,0,0.0
14/03/2011,0,0,9.7(-4.90 %),0,0,0,0,0,0.0
15/03/2011,0,0,9.6(-1.03 %),0,0,0,0,0,0.0
16/03/2011,0,0,9.7(1.04 %),0,0,0,0,11123822,7.02
17/03/2011,0,0,9.6(-1.03 %),0,0,0,0,11123822,7.02
18/03/2011,0,0,9.9(3.12 %),0,0,0,0,11123822,7.02
21/03/2011,0,0,10.3(4.04 %),0,0,0,0,11123822,7.02
22/03/2011,0,0,10.1(-1.94 %),0,0,0,0,11123822,7.02
23/03/2011,0,0,10.1(0.00 %),0,0,0,0,11123822,7.02
24/03/2011,0,0,10(-0.99 %),0,0,0,0,11123822,7.02
25/03/2011,0,0,9.9(-1.00 %),0,0,0,0,11123822,7.02
28/03/2011,0,0,9.9(0.00 %),0,0,0,0,11123822,7.02
29/03/2011,0,0,9.8(-1.01 %),0,0,0,0,11123822,7.02
30/03/2011,50,475000,9.7(-1.02 %),50,475000,0,0,11123772,7.02
31/03/2011,6000,59500000,9.8(1.03 %),6000,59500000,0,0,11117772,7.05
01/04/2011,0,0,9.8(0.00 %),0,0,0,0,11117772,7.05
04/04/2011,3620,35114000,9.7(-1.02 %),3620,35114000,0,0,11114152,7.06
05/04/2011,70,672000,9.5(-2.06 %),70,672000,0,0,11114082,7.06
06/04/2011,0,0,9.7(2.11 %),0,0,0,0,11114082,7.06
07/04/2011,0,0,9.6(-1.03 %),0,0,0,0,11114082,7.06
08/04/2011,0,0,9.6(0.00 %),0,0,0,0,11114082,7.06
13/04/2011,0,0,9.5(-1.04 %),0,0,0,0,11114082,7.06
14/04/2011,0,0,9.3(-2.11 %),0,0,0,0,11114082,7.06
15/04/2011,0,0,9.2(-1.08 %),0,0,0,0,11114082,7.06
18/04/2011,0,0,9(-2.17 %),0,0,0,0,11114082,7.06
19/04/2011,0,0,8.9(-1.11 %),0,0,0,0,11114082,7.06
20/04/2011,0,0,8.9(0.00 %),0,0,0,0,11114082,7.06
21/04/2011,0,0,8.6(-3.37 %),0,0,0,0,11114082,7.06
22/04/2011,0,0,8.2(-4.65 %),0,0,0,0,11114082,7.06
25/04/2011,0,0,8.4(2.44 %),0,0,0,0,11114082,7.06
26/04/2011,0,0,8.3(-1.19 %),0,0,0,0,11114082,7.06
27/04/2011,3000,24900000,8.2(-1.20 %),3000,24900000,0,0,11111082,7.07
28/04/2011,100,820000,8(-2.44 %),100,820000,0,0,11110982,7.07
29/04/2011,9240,75768000,8.2(2.50 %),9240,75768000,0,0,11101742,7.11
04/05/2011,9760,82960000,8.3(1.22 %),9760,82960000,0,0,11101742,7.11
05/05/2011,9900,80190000,8.3(0.00 %),9900,80190000,0,0,11091842,7.14
06/05/2011,0,0,8.2(-1.20 %),0,0,0,0,11091842,7.14
09/05/2011,0,0,8.2(0.00 %),0,0,0,0,11091842,21.84
10/05/2011,-42650,-346103000,8(-2.44 %),0,0,42650,346103000,11134492,21.68
11/05/2011,-300,-2400000,8.2(2.50 %),0,0,300,2400000,11134792,21.68
12/05/2011,50,405000,8.1(-1.22 %),50,405000,0,0,11134742,21.68
13/05/2011,-8000,-64050000,8(-1.23 %),0,0,8000,64050000,11142742,21.65
16/05/2011,0,0,7.8(-2.50 %),0,0,0,0,11142742,21.65
17/05/2011,0,0,7.5(-3.85 %),0,0,0,0,11142742,21.65
18/05/2011,0,0,7.5(0.00 %),0,0,0,0,11142742,21.65
19/05/2011,0,0,7.4(-1.33 %),0,0,0,0,11142742,21.65
20/05/2011,0,0,7.1(-4.05 %),0,0,0,0,11142742,21.65
23/05/2011,15000,109500000,7.1(0.00 %),15000,109500000,0,0,11127742,21.7
24/05/2011,100,680000,6.8(-4.23 %),100,680000,0,0,11127642,21.7
25/05/2011,0,0,6.5(-4.41 %),0,0,0,0,11127642,21.7
26/05/2011,0,0,6.7(3.08 %),0,0,0,0,11127642,21.7
27/05/2011,30,201000,6.8(1.49 %),30,201000,0,0,11127612,21.7
30/05/2011,1820,12370000,6.5(-4.41 %),1820,12370000,0,0,11125792,21.71
31/05/2011,0,0,6.2(-4.62 %),0,0,0,0,11125792,21.71
01/06/2011,0,0,6.5(4.84 %),0,0,0,0,14456403,9.14
02/06/2011,0,0,6.8(4.62 %),0,0,0,0,14456403,9.14
03/06/2011,0,0,6.6(-2.94 %),0,0,0,0,14456403,7.03
06/06/2011,0,0,6.6(0.00 %),0,0,0,0,14456403,7.03
07/06/2011,1000,6800000,6.9(4.55 %),1000,6800000,0,0,14455403,7.04
08/06/2011,0,0,6.9(0.00 %),0,0,0,0,14455403,7.04
09/06/2011,1000,7000000,7(1.45 %),1000,7000000,0,0,14454403,7.04
10/06/2011,0,0,7.3(4.29 %),0,0,0,0,14454403,7.04
13/06/2011,3000,22700000,7.6(4.11 %),3000,22700000,0,0,14451403,7.05
14/06/2011,0,0,7.9(3.95 %),0,0,0,0,14451403,7.05
15/06/2011,0,0,7.6(-3.80 %),0,0,0,0,14451403,7.05
16/06/2011,50,365000,7.5(-1.32 %),50,365000,0,0,14451353,7.05
17/06/2011,18900,141750000,7.2(-4.00 %),18900,141750000,0,0,14432453,7.1
20/06/2011,0,0,6.9(-4.17 %),0,0,0,0,14432453,7.1
21/06/2011,-2000,-14000000,7.2(4.35 %),0,0,2000,14000000,14434453,7.1
22/06/2011,0,0,7(-2.78 %),0,0,0,0,14434453,7.1
23/06/2011,0,0,6.9(-1.43 %),0,0,0,0,14434453,7.1
24/06/2011,0,0,6.9(0.00 %),0,0,0,0,14434453,7.1
27/06/2011,0,0,6.9(0.00 %),0,0,0,0,14434453,7.1
28/06/2011,0,0,7(1.45 %),0,0,0,0,14434453,7.1
29/06/2011,70,490000,7(0.00 %),70,490000,0,0,14434383,7.1
30/06/2011,-10,-72000,6.9(-1.43 %),0,0,10,72000,14434393,7.1
01/07/2011,0,0,6.7(-2.90 %),0,0,0,0,14434388,7.1
04/07/2011,0,0,6.7(0.00 %),0,0,0,0,14434388,7.1
05/07/2011,870,5959000,6.9(2.99 %),870,5959000,0,0,14433518,7.1
06/07/2011,0,0,6.8(-1.45 %),0,0,0,0,14433518,7.1
07/07/2011,1500,10500000,6.7(-1.47 %),1500,10500000,0,0,14432018,7.1
08/07/2011,0,0,6.7(0.00 %),0,0,0,0,14432018,7.1
11/07/2011,0,0,6.6(-1.49 %),0,0,0,0,14432018,7.1
12/07/2011,2360,15343000,6.4(-3.03 %),2360,15343000,0,0,14429658,7.11
13/07/2011,70,455000,6.4(0.00 %),70,455000,0,0,14429588,7.11
14/07/2011,0,0,6.4(0.00 %),0,0,0,0,14429588,7.11
15/07/2011,0,0,6.5(1.56 %),0,0,0,0,14429588,7.11
18/07/2011,600,3720000,6.5(0.00 %),600,3720000,0,0,14428988,7.11
19/07/2011,0,0,6.3(-3.08 %),0,0,0,0,14428988,7.11
20/07/2011,11000,70400000,6.4(1.59 %),11000,70400000,0,0,14417988,7.14
21/07/2011,50,320000,6.2(-3.12 %),50,320000,0,0,14417938,7.14
22/07/2011,27110,176215000,6.5(4.84 %),27110,176215000,0,0,14390828,7.22
25/07/2011,0,0,6.3(-3.08 %),0,0,0,0,14390828,7.22
26/07/2011,0,0,6.4(1.59 %),0,0,0,0,14390828,7.22
27/07/2011,0,0,6.4(0.00 %),0,0,0,0,14390828,7.22
28/07/2011,0,0,6.5(1.56 %),0,0,0,0,14390828,7.22
29/07/2011,50,310000,6.2(-4.62 %),50,310000,0,0,14390778,7.22
01/08/2011,0,0,5.9(-4.84 %),0,0,0,0,14390788,7.22
02/08/2011,0,0,6(1.69 %),0,0,0,0,14390788,7.22
03/08/2011,0,0,5.9(-1.67 %),0,0,0,0,14390788,7.22
04/08/2011,0,0,6(1.69 %),0,0,0,0,14390788,7.22
05/08/2011,0,0,6(0.00 %),0,0,0,0,14390788,7.22
08/08/2011,0,0,6(0.00 %),0,0,0,0,14390788,7.22
09/08/2011,3000,17100000,5.7(-5.00 %),3000,17100000,0,0,14387788,7.23
10/08/2011,0,0,5.8(1.75 %),0,0,0,0,14387788,7.23
11/08/2011,0,0,5.8(0.00 %),0,0,0,0,14387788,7.23
12/08/2011,3000,17400000,5.9(1.72 %),3000,17400000,0,0,14384788,7.24
15/08/2011,0,0,5.9(0.00 %),0,0,0,0,14384788,7.24
16/08/2011,33630,204656000,6.1(3.39 %),33630,204656000,0,0,14351158,7.34
17/08/2011,6400,39680000,6.3(3.28 %),6400,39680000,0,0,14344758,7.36
18/08/2011,9840,62792000,6.4(1.59 %),9840,62792000,0,0,14334918,7.39
19/08/2011,14950,92595000,6.3(-1.56 %),14950,92595000,0,0,14319968,7.43
22/08/2011,0,0,6.6(4.76 %),0,0,0,0,14319968,7.43
23/08/2011,24000,156581000,6.3(-4.55 %),30000,195000000,6000,38419000,14295968,7.5
24/08/2011,0,0,6.4(1.59 %),0,0,0,0,14295968,7.5
25/08/2011,0,0,6.4(0.00 %),0,0,0,0,14295968,7.5
26/08/2011,0,0,6.4(0.00 %),0,0,0,0,14295968,7.5
29/08/2011,0,0,6.5(1.56 %),0,0,0,0,14295968,7.5
30/08/2011,0,0,6.5(0.00 %),0,0,0,0,14295968,7.5
31/08/2011,0,0,6.5(0.00 %),0,0,0,0,14295968,7.5
01/09/2011,19220,124930000,6.8(4.62 %),19220,124930000,0,0,14295968,7.5
05/09/2011,0,0,6.6(-2.94 %),0,0,0,0,14295968,7.5
06/09/2011,690,4334000,6.5(-1.52 %),1100,7040000,410,2706000,14295278,7.5
07/09/2011,0,0,6.8(4.62 %),0,0,0,0,14295278,7.5
08/09/2011,0,0,7(2.94 %),0,0,0,0,14295278,7.5
09/09/2011,15980,111420000,7.3(4.29 %),16280,113550000,300,2130000,14279298,7.55
12/09/2011,0,0,7.3(0.00 %),0,0,0,0,14279298,7.55
13/09/2011,-16610,-126195000,7.6(4.11 %),0,0,16610,126195000,14295908,7.5
14/09/2011,5000,39000000,7.3(-3.95 %),5000,39000000,0,0,14290908,7.51
15/09/2011,0,0,7.1(-2.74 %),0,0,0,0,14290908,7.51
16/09/2011,26500,185500000,6.8(-4.23 %),26500,185500000,0,0,14264408,7.59
19/09/2011,0,0,7(2.94 %),0,0,0,0,14264408,7.59
20/09/2011,-1510,-10621000,6.8(-2.86 %),0,0,1510,10621000,14265918,7.59
21/09/2011,-3490,-23739000,6.8(0.00 %),0,0,3490,23739000,14269408,7.58
22/09/2011,1000,7100000,7.1(4.41 %),1000,7100000,0,0,14268408,7.58
23/09/2011,-1600,-10840000,6.9(-2.82 %),400,2760000,2000,13600000,14270008,7.57
26/09/2011,0,0,6.7(-2.90 %),0,0,0,0,14270008,7.57
27/09/2011,14360,96212000,6.7(0.00 %),14750,98825000,390,2613000,14255648,7.62
28/09/2011,0,0,6.9(2.99 %),0,0,0,0,14255648,7.62
29/09/2011,100,670000,6.8(-1.45 %),100,670000,0,0,14255548,7.62
30/09/2011,0,0,6.7(-1.47 %),0,0,0,0,14255548,7.62
03/10/2011,0,0,6.5(-2.99 %),0,0,0,0,14236328,7.67
04/10/2011,0,0,6.5(0.00 %),0,0,0,0,14236328,7.67
05/10/2011,0,0,6.5(0.00 %),0,0,0,0,14236328,7.67
06/10/2011,0,0,6.6(1.54 %),0,0,0,0,14236328,7.67
07/10/2011,0,0,6.6(0.00 %),0,0,0,0,14236328,7.67
10/10/2011,0,0,6.5(-1.52 %),0,0,0,0,14236328,7.67
11/10/2011,6200,40920000,6.7(3.08 %),6200,40920000,0,0,14230128,7.69
12/10/2011,6870,45342000,6.7(0.00 %),6870,45342000,0,0,14223258,7.71
13/10/2011,0,0,6.7(0.00 %),0,0,0,0,14223258,7.71
14/10/2011,0,0,6.6(-1.49 %),0,0,0,0,14223258,7.71
17/10/2011,0,0,6.5(-1.52 %),0,0,0,0,14223258,7.71
18/10/2011,7930,50752000,6.4(-1.54 %),7930,50752000,0,0,14215328,7.73
19/10/2011,0,0,6.4(0.00 %),0,0,0,0,14215328,7.73
20/10/2011,0,0,6.5(1.56 %),0,0,0,0,14215328,7.73
21/10/2011,0,0,6.7(3.08 %),0,0,0,0,14215328,7.73
24/10/2011,0,0,6.7(0.00 %),0,0,0,0,14215328,7.73
25/10/2011,0,0,6.7(0.00 %),0,0,0,0,14215328,7.73
26/10/2011,0,0,6.7(0.00 %),0,0,0,0,14215328,7.73
27/10/2011,13200,87130000,6.7(0.00 %),13300,87780000,100,650000,14202128,7.77
28/10/2011,50000,347305000,6.8(1.49 %),50000,347305000,0,0,14152128,7.92
31/10/2011,0,0,6.8(0.00 %),0,0,0,0,14152128,7.92
01/11/2011,0,0,6.7(-1.47 %),0,0,0,0,14152028,7.92
02/11/2011,2000,13200000,6.5(-2.99 %),2000,13200000,0,0,14150028,7.92
03/11/2011,0,0,6.5(0.00 %),0,0,0,0,14150028,7.92
04/11/2011,0,0,6.5(0.00 %),0,0,0,0,14150028,7.92
07/11/2011,-20820,-130267000,6.3(-3.08 %),2080,13104000,22900,143371000,14170848,7.86
08/11/2011,-7370,-45731000,6.3(0.00 %),4000,24800000,11370,70531000,14178218,7.84
09/11/2011,2000,12400000,6.3(0.00 %),2000,12400000,0,0,14176218,7.85
10/11/2011,2000,12200000,6.1(-3.17 %),2000,12200000,0,0,14174218,7.85
11/11/2011,-11770,-70243000,5.9(-3.28 %),4000,23800000,15770,94043000,14185988,7.82
14/11/2011,-9190,-52233000,5.7(-3.39 %),6000,34500000,15190,86733000,14195178,7.79
15/11/2011,-18700,-103411000,5.7(0.00 %),11600,64320000,30300,167731000,14213878,7.74
16/11/2011,-2510,-14354000,5.8(1.75 %),0,0,2510,14354000,14216388,7.73
17/11/2011,-29000,-163626000,5.7(-1.72 %),0,0,29000,163626000,14245388,7.65
18/11/2011,-27970,-153705000,5.6(-1.75 %),30030,168165000,58000,321870000,14273358,7.56
21/11/2011,0,0,5.6(0.00 %),0,0,0,0,14273358,7.56
22/11/2011,0,0,5.6(0.00 %),0,0,0,0,14273358,7.56
23/11/2011,0,0,5.7(1.79 %),0,0,0,0,14273358,7.56
24/11/2011,20000,110000000,5.5(-3.51 %),20000,110000000,0,0,14253358,7.62
25/11/2011,4070,21571000,5.3(-3.64 %),4070,21571000,0,0,14249288,7.63
28/11/2011,0,0,5.2(-1.89 %),0,0,0,0,14249288,7.63
29/11/2011,13000,68900000,5.4(3.85 %),13000,68900000,0,0,14236288,7.67
30/11/2011,4800,26448000,5.2(-3.70 %),30000,159000000,25200,132552000,14231488,7.69
01/12/2011,-4490,-23385000,5.3(1.92 %),40000,208000000,44490,231385000,14206388,7.76
02/12/2011,-16480,-86694000,5.3(0.00 %),0,0,16480,86694000,14222868,7.71
05/12/2011,-138550,-759960000,5.5(3.77 %),1000,5500000,139550,765460000,14361418,7.31
06/12/2011,-8600,-46611000,5.6(1.82 %),40000,226000000,48600,272611000,14370018,7.28
07/12/2011,0,0,5.6(0.00 %),0,0,0,0,14370018,7.28
08/12/2011,8500,46750000,5.7(1.79 %),8500,46750000,0,0,14361518,7.31
09/12/2011,20010,110056000,5.5(-3.51 %),20010,110056000,0,0,14341508,7.37
12/12/2011,30000,165000000,5.3(-3.64 %),30000,165000000,0,0,14311508,7.45
13/12/2011,0,0,5.1(-3.77 %),0,0,0,0,14311508,7.45
14/12/2011,0,0,5.1(0.00 %),0,0,0,0,14311508,7.45
15/12/2011,0,0,4.9(-3.92 %),0,0,0,0,14311508,7.45
16/12/2011,0,0,5.1(4.08 %),0,0,0,0,14311508,7.45
19/12/2011,0,0,5.2(1.96 %),0,0,0,0,14311508,7.45
20/12/2011,0,0,5.1(-1.92 %),0,0,0,0,14311508,7.45
21/12/2011,460,2346000,5.2(1.96 %),460,2346000,0,0,14311048,7.45
22/12/2011,2650,13780000,5.1(-1.92 %),2650,13780000,0,0,14308398,7.46
23/12/2011,8180,40900000,5.2(1.96 %),8180,40900000,0,0,14300218,7.49
26/12/2011,30000,156000000,5.2(0.00 %),30000,156000000,0,0,14270218,7.57
27/12/2011,47270,226167000,4.8(2.13 %),47270,226167000,0,0,14222948,7.71
28/12/2011,730,3577000,4.9(2.08 %),730,3577000,0,0,14222218,7.71
29/12/2011,0,0,4.8(-2.04 %),0,0,0,0,14222218,7.71
30/12/2011,0,0,4.9(2.08 %),0,0,0,0,14222218,7.71
03/01/2012,0,0,4.9(0.00 %),0,0,0,0,14251908,7.63
04/01/2012,0,0,4.9(0.00 %),0,0,0,0,14251908,7.63
05/01/2012,0,0,4.9(0.00 %),0,0,0,0,14251908,7.63
06/01/2012,0,0,4.7(-4.08 %),0,0,0,0,14251908,7.63
09/01/2012,0,0,4.9(4.26 %),0,0,0,0,14251908,7.63
10/01/2012,0,0,4.9(0.00 %),0,0,0,0,14251908,7.63
11/01/2012,2500,12000000,4.8(-2.04 %),2500,12000000,0,0,14249408,7.63
12/01/2012,1600,7470000,4.6(-4.17 %),1600,7470000,0,0,14247808,7.64
13/01/2012,0,0,4.4(-4.35 %),0,0,0,0,14247808,7.64
16/01/2012,0,0,4.6(4.55 %),0,0,0,0,14247808,7.64
17/01/2012,0,0,4.7(2.17 %),0,0,0,0,14247808,7.64
18/01/2012,1550,7440000,4.8(2.13 %),1550,7440000,0,0,14246258,7.64
19/01/2012,0,0,5(4.17 %),0,0,0,0,14246258,7.64
20/01/2012,0,0,5(0.00 %),0,0,0,0,14246258,7.64
30/01/2012,2500,12500000,5(0.00 %),2500,12500000,0,0,14243758,7.65
31/01/2012,1000,5200000,5.2(4.00 %),1000,5200000,0,0,14242758,7.65
01/02/2012,0,0,5.2(0.00 %),0,0,0,0,14242758,7.65
02/02/2012,0,0,5.4(3.85 %),0,0,0,0,14242758,7.65
03/02/2012,4910,25965000,5.4(0.00 %),4910,25965000,0,0,14237848,7.67
06/02/2012,-3000,-15600000,5.3(-1.85 %),2000,10400000,5000,26000000,14240848,7.66
07/02/2012,0,0,5.3(0.00 %),0,0,0,0,14240848,7.66
08/02/2012,300,1590000,5.4(1.89 %),300,1590000,0,0,14240548,7.66
09/02/2012,0,0,5.5(1.85 %),0,0,0,0,14240548,7.66
10/02/2012,0,0,5.3(-3.64 %),0,0,0,0,14240548,7.66
13/02/2012,0,0,5.1(-3.77 %),0,0,0,0,14240548,7.66
14/02/2012,0,0,5.1(0.00 %),0,0,0,0,14240548,7.66
15/02/2012,0,0,5.2(1.96 %),0,0,0,0,14240548,7.66
16/02/2012,0,0,5.4(3.85 %),0,0,0,0,14240548,7.66
17/02/2012,0,0,5.5(1.85 %),0,0,0,0,14240548,7.66
20/02/2012,-1410,-7996000,5.7(3.64 %),0,0,1410,7996000,14241958,7.66
21/02/2012,0,0,5.7(0.00 %),0,0,0,0,14241958,7.66
22/02/2012,0,0,5.8(1.75 %),0,0,0,0,14241958,7.66
23/02/2012,0,0,5.9(1.72 %),0,0,0,0,14241958,7.66
24/02/2012,-30,-183000,6.1(3.39 %),0,0,30,183000,14241988,7.66
27/02/2012,2300,14690000,6.4(4.92 %),2300,14690000,0,0,14239688,7.66
28/02/2012,0,0,6.3(-1.56 %),0,0,0,0,14239688,7.66
29/02/2012,0,0,6.4(1.59 %),0,0,0,0,14239688,7.66
01/03/2012,0,0,6.6(3.12 %),0,0,0,0,14239696,7.66
02/03/2012,3000,20400000,6.9(4.55 %),3000,20400000,0,0,14236696,7.67
05/03/2012,-33000,-237600000,7.2(4.35 %),0,0,33000,237600000,14269696,7.57
06/03/2012,-2000,-15000000,7(-2.78 %),0,0,2000,15000000,14271696,7.57
07/03/2012,0,0,7(0.00 %),0,0,0,0,14271696,7.57
08/03/2012,-1000,-6800000,6.7(-4.29 %),2000,13400000,3000,20200000,14272696,7.57
09/03/2012,2000,12800000,6.5(-2.99 %),2000,12800000,0,0,14270696,7.57
12/03/2012,0,0,6.4(-1.54 %),0,0,0,0,14270696,7.57
13/03/2012,0,0,6.5(1.56 %),0,0,0,0,14270696,7.57
14/03/2012,500,3200000,6.4(-1.54 %),500,3200000,0,0,14270196,7.57
15/03/2012,2000,12400000,6.6(3.12 %),2000,12400000,0,0,14268196,7.58
16/03/2012,0,0,6.7(1.52 %),0,0,0,0,14268196,7.58
19/03/2012,3000,19300000,6.6(-1.49 %),3000,19300000,0,0,14265196,7.59
20/03/2012,0,0,6.5(-1.52 %),0,0,0,0,14265196,7.59
21/03/2012,0,0,6.8(4.62 %),0,0,0,0,14265196,7.59
22/03/2012,157890,1093383000,7.1(4.41 %),157890,1093383000,0,0,14107306,8.05
23/03/2012,57110,419514000,7.4(4.23 %),57110,419514000,0,0,14050196,8.21
26/03/2012,0,0,7.7(4.05 %),0,0,0,0,14050196,8.21
27/03/2012,0,0,7.4(-3.90 %),0,0,0,0,14050196,8.21
28/03/2012,-4600,-32660000,7.1(-4.05 %),400,2840000,5000,35500000,14054796,8.2
29/03/2012,2000,13600000,6.8(-4.23 %),2000,13600000,0,0,14052796,8.2
30/03/2012,-410,-2747000,6.7(-1.47 %),0,0,410,2747000,14053206,8.2
03/04/2012,0,0,6.8(1.49 %),0,0,0,0,14047796,8.22
04/04/2012,-1210,-8107000,6.7(-1.47 %),0,0,1210,8107000,14049006,8.22
05/04/2012,0,0,6.9(2.99 %),0,0,0,0,14049006,8.22
06/04/2012,0,0,7(1.45 %),0,0,0,0,14049006,8.22
09/04/2012,0,0,7.1(1.43 %),0,0,0,0,14049006,8.22
10/04/2012,0,0,7(-1.41 %),0,0,0,0,14049006,8.22
11/04/2012,0,0,7.3(4.29 %),0,0,0,0,14049006,8.22
12/04/2012,0,0,7.3(0.00 %),0,0,0,0,14049006,8.22
13/04/2012,-77280,-551674000,7.1(-2.74 %),5000,36000000,82280,587674000,14126286,7.99
16/04/2012,-283000,-2088400000,7.4(4.23 %),0,0,283000,2088400000,14409286,7.17
17/04/2012,-197600,-1516560000,7.7(4.05 %),5000,38000000,202600,1554560000,14606886,6.6
18/04/2012,-216250,-1730000000,8(3.90 %),0,0,216250,1730000000,14823136,5.97
19/04/2012,-1650,-13860000,8.4(5.00 %),0,0,1650,13860000,14824786,5.96
20/04/2012,3920,30620000,8.5(1.19 %),10000,82000000,6080,51380000,14820866,5.97
23/04/2012,6000,53300000,8.9(4.71 %),6000,53300000,0,0,14814866,5.99
24/04/2012,-51830,-459268000,9.2(3.37 %),8170,74364000,60000,533632000,14866696,5.84
25/04/2012,-40000,-380000000,9.6(4.35 %),0,0,40000,380000000,14906696,5.73
26/04/2012,0,0,10(4.17 %),0,0,0,0,14906696,5.73
27/04/2012,0,0,10.5(5.00 %),0,0,0,0,14906696,5.73
02/05/2012,-3700,-40700000,11(4.76 %),3300,36300000,7000,77000000,14868809,5.84
03/05/2012,-8400,-92240000,11(0.00 %),1000,11000000,9400,103240000,14877209,5.81
04/05/2012,-2170,-24521000,11.5(4.55 %),0,0,2170,24521000,14879379,5.8
07/05/2012,0,0,12(4.35 %),0,0,0,0,14879379,5.8
08/05/2012,0,0,12.6(5.00 %),0,0,0,0,14879379,5.8
09/05/2012,4600,57960000,13.2(4.76 %),4600,57960000,0,0,14874779,5.82
10/05/2012,-11000,-151800000,13.6(3.03 %),0,0,11000,151800000,14885779,5.79
11/05/2012,0,0,13(-4.41 %),0,0,0,0,14885779,5.79
14/05/2012,4130,50777000,12.4(-4.62 %),5000,62000000,870,11223000,14881649,5.8
15/05/2012,-123040,-1452257000,11.8(-4.84 %),0,0,123040,1452257000,15004689,5.44
16/05/2012,-140000,-1582279000,11.3(-4.24 %),0,0,140000,1582279000,15144689,5.03
17/05/2012,-60330,-697694000,11(-2.65 %),0,0,60330,697694000,15205019,4.86
18/05/2012,-458710,-4827375000,10.5(-4.55 %),4000,42000000,462710,4869375000,15663729,3.53
21/05/2012,-141310,-1526948000,11(4.76 %),8000,87200000,149310,1614148000,15805039,3.12
22/05/2012,100,1150000,11.5(4.55 %),100,1150000,0,0,15804939,3.12
23/05/2012,100,1100000,11(-4.35 %),100,1100000,0,0,15804839,3.12
24/05/2012,100,1060000,10.5(-4.55 %),100,1060000,0,0,15804739,3.12
25/05/2012,-2000,-22000000,11(4.76 %),0,0,2000,22000000,15806739,3.11
28/05/2012,0,0,11.5(4.55 %),0,0,0,0,15806739,3.11
29/05/2012,200,2200000,11.3(-1.74 %),200,2200000,0,0,15806539,3.11
30/05/2012,-4000,-44800000,11.2(-0.88 %),0,0,4000,44800000,15810539,3.1
31/05/2012,200,2180000,10.7(-4.46 %),200,2180000,0,0,15810339,3.1
01/06/2012,0,0,10.2(-4.67 %),0,0,0,0,15854785,2.97
04/06/2012,-3800,-38030000,9.9(-2.94 %),200,1970000,4000,40000000,15858585,2.96
05/06/2012,-200,-1980000,10.3(4.04 %),0,0,200,1980000,15854985,2.97
06/06/2012,0,0,10.8(4.85 %),0,0,0,0,15854985,2.97
07/06/2012,0,0,11.3(4.63 %),0,0,0,0,15854985,2.97
08/06/2012,0,0,11.3(0.00 %),0,0,0,0,15854985,2.97
11/06/2012,-14000,-159600000,11.5(1.77 %),0,0,14000,159600000,15868985,2.93
12/06/2012,-5000,-55500000,11(-4.35 %),0,0,5000,55500000,15873985,2.92
13/06/2012,0,0,10.6(-3.64 %),0,0,0,0,15873985,2.92
14/06/2012,0,0,10.3(-2.83 %),0,0,0,0,15873985,2.92
15/06/2012,0,0,10.8(4.85 %),0,0,0,0,15873985,2.92
18/06/2012,0,0,10.8(0.00 %),0,0,0,0,15873985,2.92
19/06/2012,0,0,10.4(-3.70 %),0,0,0,0,15873985,2.92
20/06/2012,0,0,10.5(0.96 %),0,0,0,0,15873985,2.92
21/06/2012,0,0,10.6(0.95 %),0,0,0,0,15873985,2.92
22/06/2012,0,0,10.4(-1.89 %),0,0,0,0,15873985,2.92
25/06/2012,0,0,10.2(-1.92 %),0,0,0,0,15873985,2.92
26/06/2012,0,0,9.8(-3.92 %),0,0,0,0,15873985,2.92
27/06/2012,0,0,9.6(-2.04 %),0,0,0,0,15873985,2.92
28/06/2012,-130,-1222000,9.6(0.00 %),0,0,130,1222000,15874115,2.92
29/06/2012,0,0,9.6(0.00 %),0,0,0,0,15874115,2.92
02/07/2012,-15000,-144000000,9.6(0.00 %),0,0,15000,144000000,15881790,2.89
03/07/2012,0,0,9.3(-3.12 %),0,0,0,0,15881790,2.89
04/07/2012,0,0,9.6(3.23 %),0,0,0,0,15881790,2.89
05/07/2012,0,0,9.7(1.04 %),0,0,0,0,15881790,2.89
06/07/2012,0,0,9.9(2.06 %),0,0,0,0,15881790,2.89
09/07/2012,0,0,9.5(-4.04 %),0,0,0,0,15881790,2.89
10/07/2012,0,0,9.2(-3.16 %),0,0,0,0,15881790,2.89
11/07/2012,7500,70500000,9.4(2.17 %),7500,70500000,0,0,15874290,2.92
12/07/2012,0,0,9.4(0.00 %),0,0,0,0,15874290,2.92
13/07/2012,0,0,9.8(4.26 %),0,0,0,0,15874290,2.92
16/07/2012,100,980000,9.7(-1.02 %),100,980000,0,0,15874190,2.92
17/07/2012,0,0,10.1(4.12 %),0,0,0,0,15874190,2.92
18/07/2012,0,0,10.6(4.95 %),0,0,0,0,15874190,2.92
19/07/2012,0,0,11.1(4.72 %),0,0,0,0,15874190,2.92
20/07/2012,0,0,11.2(0.90 %),0,0,0,0,15874190,2.92
23/07/2012,0,0,10.9(-2.68 %),0,0,0,0,15874190,2.92
24/07/2012,0,0,10.4(-4.59 %),0,0,0,0,15874190,2.92
25/07/2012,0,0,10.5(0.96 %),0,0,0,0,15874190,2.92
26/07/2012,0,0,10.8(2.86 %),0,0,0,0,15874190,2.92
27/07/2012,0,0,10.4(-3.70 %),0,0,0,0,15874190,2.92
30/07/2012,0,0,10.2(-1.92 %),0,0,0,0,15874190,2.92
31/07/2012,0,0,10.2(0.00 %),0,0,0,0,15874190,2.92
01/08/2012,0,0,10(-1.96 %),0,0,0,0,15889328,2.87
02/08/2012,0,0,10(0.00 %),0,0,0,0,15889328,2.87
03/08/2012,0,0,10.2(2.00 %),0,0,0,0,15889328,2.87
06/08/2012,0,0,10.7(4.90 %),0,0,0,0,15889328,2.87
07/08/2012,3000,31500000,10.4(-2.80 %),3000,31500000,0,0,15886328,2.88
08/08/2012,3000,31200000,10.4(0.00 %),3000,31200000,0,0,15883328,2.89
09/08/2012,0,0,10.9(4.81 %),0,0,0,0,15883328,2.89
10/08/2012,3610,40893000,11.4(4.59 %),3610,40893000,0,0,15879718,2.9
13/08/2012,0,0,11.3(-0.88 %),0,0,0,0,15879718,2.9
14/08/2012,0,0,11.6(2.65 %),0,0,0,0,15879718,2.9
15/08/2012,0,0,11.1(-4.31 %),0,0,0,0,15879718,2.9
16/08/2012,0,0,11.6(4.50 %),0,0,0,0,15879718,2.9
17/08/2012,0,0,11.5(-0.86 %),0,0,0,0,15879718,2.9
20/08/2012,0,0,12(4.35 %),0,0,0,0,15879718,2.9
21/08/2012,0,0,11.4(-5.00 %),0,0,0,0,15879718,2.9
22/08/2012,0,0,10.9(-4.39 %),0,0,0,0,15879718,2.9
23/08/2012,0,0,10.4(-4.59 %),0,0,0,0,15879718,2.9
24/08/2012,203270,2098808000,10.9(4.81 %),203270,2098808000,0,0,15676448,3.49
27/08/2012,185730,1962811000,10.4(-4.59 %),186730,1973611000,1000,10800000,15490718,4.03
28/08/2012,0,0,10.9(4.81 %),0,0,0,0,15490718,4.03
29/08/2012,0,0,11.4(4.59 %),0,0,0,0,15490718,4.03
30/08/2012,2000,22600000,11.3(-0.88 %),2000,22600000,0,0,15488718,4.04
31/08/2012,0,0,11.4(0.88 %),0,0,0,0,15488718,4.04
04/09/2012,0,0,11.8(3.51 %),0,0,0,0,15488718,4.04
05/09/2012,0,0,11.4(-3.39 %),0,0,0,0,15488718,4.04
06/09/2012,0,0,11.1(-2.63 %),0,0,0,0,15488718,4.04
07/09/2012,0,0,11.5(3.60 %),0,0,0,0,15488718,4.04
10/09/2012,-680,-7820000,11(-4.35 %),0,0,680,7820000,15489398,4.03
11/09/2012,0,0,10.9(-0.91 %),0,0,0,0,15489398,4.03
12/09/2012,-80000,-853468000,10.8(-0.92 %),0,0,80000,853468000,15569398,3.8
13/09/2012,-50000,-538000000,10.8(0.00 %),0,0,50000,538000000,15619398,3.66
14/09/2012,0,0,11(1.85 %),0,0,0,0,15619398,3.66
17/09/2012,-30620,-336822000,10.8(-1.82 %),0,0,30620,336822000,15650018,3.57
18/09/2012,-25890,-273031000,10.4(-3.70 %),0,0,25890,273031000,15675908,3.49
19/09/2012,0,0,10.5(0.96 %),0,0,0,0,15675908,3.49
20/09/2012,0,0,10.2(-2.86 %),0,0,0,0,15675908,3.49
21/09/2012,0,0,10.6(3.92 %),0,0,0,0,15675908,3.49
24/09/2012,10,104000,10.4(-1.89 %),10,104000,0,0,15675898,3.49
25/09/2012,0,0,10.4(0.00 %),0,0,0,0,15675898,3.49
26/09/2012,0,0,10.1(3.06 %),0,0,0,0,15675898,3.49
27/09/2012,0,0,9.8(-2.97 %),0,0,0,0,15675898,3.49
28/09/2012,0,0,9.8(0.00 %),0,0,0,0,15675898,3.49
01/10/2012,0,0,9.4(-4.08 %),0,0,0,0,15675904,3.49
02/10/2012,0,0,9.3(-1.06 %),0,0,0,0,15675904,3.49
03/10/2012,2000,19000000,9.4(1.08 %),2000,19000000,0,0,15673904,3.5
04/10/2012,84500,812709000,9.8(4.26 %),84500,812709000,0,0,15589404,3.74
05/10/2012,0,0,10.1(3.06 %),0,0,0,0,15589404,3.74
08/10/2012,0,0,10.2(0.99 %),0,0,0,0,15589404,3.74
09/10/2012,0,0,10.1(-0.98 %),0,0,0,0,15589404,3.74
10/10/2012,0,0,10.1(0.00 %),0,0,0,0,15589404,3.74
11/10/2012,0,0,10.2(0.99 %),0,0,0,0,15589404,3.74
12/10/2012,0,0,10.1(-0.98 %),0,0,0,0,15589404,3.74
15/10/2012,0,0,9.8(-2.97 %),0,0,0,0,15589404,3.74
16/10/2012,-2000,-20400000,10.2(4.08 %),0,0,2000,20400000,15591404,3.74
17/10/2012,-200,-2140000,10.7(4.90 %),0,0,200,2140000,15591604,3.74
18/10/2012,0,0,10.6(-0.93 %),0,0,0,0,15591604,3.74
19/10/2012,0,0,10.2(-3.77 %),0,0,0,0,15591604,3.74
22/10/2012,0,0,10(-1.96 %),0,0,0,0,15591604,3.74
23/10/2012,0,0,10.3(3.00 %),0,0,0,0,15591604,3.74
24/10/2012,1000,10200000,10.4(0.97 %),1000,10200000,0,0,15590604,3.74
25/10/2012,0,0,10.4(0.00 %),0,0,0,0,15590604,3.74
26/10/2012,0,0,10.2(-1.92 %),0,0,0,0,15590604,2.14
29/10/2012,0,0,10.2(0.00 %),0,0,0,0,15590604,3.74
30/10/2012,1950,19695000,10.2(0.00 %),1950,19695000,0,0,15588654,3.75
31/10/2012,0,0,10.2(0.00 %),0,0,0,0,15588654,3.75
01/11/2012,8000,81600000,10.2(0.00 %),8000,81600000,0,0,15580654,3.77
02/11/2012,0,0,9.7(-4.90 %),0,0,0,0,15580654,3.77
05/11/2012,1000,9700000,9.6(-1.03 %),1000,9700000,0,0,15579654,3.77
06/11/2012,-10,-95000,9.9(3.12 %),0,0,10,95000,15579664,3.77
07/11/2012,0,0,10.1(2.02 %),0,0,0,0,15579664,3.77
08/11/2012,0,0,10(-0.99 %),0,0,0,0,15579664,3.77
09/11/2012,0,0,10(0.00 %),0,0,0,0,15579664,3.77
12/11/2012,26500,267800000,10.3(3.00 %),26500,267800000,0,0,15553164,3.85
13/11/2012,0,0,10(-2.91 %),0,0,0,0,15553164,3.85
14/11/2012,7000,71000000,10.1(1.00 %),7000,71000000,0,0,15546164,3.87
15/11/2012,0,0,10(-0.99 %),0,0,0,0,15546164,3.87
16/11/2012,0,0,10(0.00 %),0,0,0,0,15546164,3.87
19/11/2012,3000,29400000,9.8(-2.00 %),3000,29400000,0,0,15543164,3.88
20/11/2012,1500,14850000,9.8(0.00 %),1500,14850000,0,0,15541664,3.88
21/11/2012,0,0,10(2.04 %),0,0,0,0,15541664,3.88
22/11/2012,0,0,9.9(-1.00 %),0,0,0,0,15541664,3.88
23/11/2012,0,0,10.3(4.04 %),0,0,0,0,15541664,3.88
26/11/2012,10300,105560000,10(-2.91 %),10300,105560000,0,0,15531364,3.91
27/11/2012,0,0,10.1(1.00 %),0,0,0,0,15531364,3.91
28/11/2012,0,0,10.1(0.00 %),0,0,0,0,15531364,3.91
29/11/2012,0,0,9.9(-1.98 %),0,0,0,0,15531364,3.91
30/11/2012,0,0,9.9(0.00 %),0,0,0,0,15531364,3.91
03/12/2012,0,0,9.9(0.00 %),0,0,0,0,15531364,3.91
04/12/2012,0,0,10.1(2.02 %),0,0,0,0,15531364,3.91
05/12/2012,0,0,9.9(-1.98 %),0,0,0,0,15531364,3.91
06/12/2012,0,0,9.9(0.00 %),0,0,0,0,15531364,3.91
07/12/2012,0,0,9.8(-1.01 %),0,0,0,0,15531364,3.91
10/12/2012,0,0,10.2(4.08 %),0,0,0,0,15531364,3.91
11/12/2012,-130,-1339000,10.2(0.00 %),0,0,130,1339000,15531494,3.91
12/12/2012,0,0,10.4(1.96 %),0,0,0,0,15531494,3.91
13/12/2012,0,0,10.3(-0.96 %),0,0,0,0,15531494,3.91
14/12/2012,300,3090000,10.2(-0.97 %),300,3090000,0,0,15531194,3.91
17/12/2012,0,0,10.2(0.00 %),0,0,0,0,15531194,3.91
18/12/2012,0,0,10.2(0.00 %),0,0,0,0,15531194,3.91
19/12/2012,0,0,10.3(0.98 %),0,0,0,0,15531194,3.91
20/12/2012,0,0,10.8(4.85 %),0,0,0,0,15531194,3.91
21/12/2012,0,0,10.5(-2.78 %),0,0,0,0,15531194,3.91
24/12/2012,5200,55580000,10.7(1.90 %),5200,55580000,0,0,15525994,3.93
25/12/2012,3390,37034000,10.6(-0.93 %),6000,64700000,2610,27666000,15522604,3.94
26/12/2012,0,0,10.7(0.94 %),0,0,0,0,15522604,3.94
27/12/2012,0,0,10.6(-0.93 %),0,0,0,0,15522604,3.94
28/12/2012,0,0,10.7(0.94 %),0,0,0,0,15522604,3.94
02/01/2013,0,0,11(2.80 %),0,0,0,0,15522611,3.94
03/01/2013,-10000,-106000000,10.8(-1.82 %),0,0,10000,106000000,15532611,3.91
04/01/2013,-200,-2140000,10.6(-1.85 %),0,0,200,2140000,15532811,3.91
07/01/2013,0,0,11.1(4.72 %),0,0,0,0,15532811,3.91
08/01/2013,0,0,11.6(4.50 %),0,0,0,0,15532811,3.91
09/01/2013,0,0,11.4(-1.72 %),0,0,0,0,15532811,3.91
10/01/2013,0,0,11.6(1.75 %),0,0,0,0,15532811,3.91
11/01/2013,0,0,11.8(1.72 %),0,0,0,0,15532811,3.91
14/01/2013,0,0,12.3(4.24 %),0,0,0,0,15532811,3.91
15/01/2013,0,0,13(5.69 %),0,0,0,0,15532811,3.91
16/01/2013,-600,-7860000,13.1(0.77 %),0,0,600,7860000,15533411,3.91
17/01/2013,1600,20420000,12.9(-1.53 %),1600,20420000,0,0,15531811,3.91
18/01/2013,2600,32380000,12.2(-5.43 %),2600,32380000,0,0,15529211,3.92
21/01/2013,0,0,12.5(2.46 %),0,0,0,0,15529211,3.92
22/01/2013,50,615000,12.3(-1.60 %),50,615000,0,0,15529161,3.92
23/01/2013,20650,257545000,12.6(2.44 %),20650,257545000,0,0,15508511,3.98
24/01/2013,48030,604878000,12.6(0.00 %),48030,604878000,0,0,15460481,4.12
25/01/2013,0,0,12.5(-0.79 %),0,0,0,0,15460481,4.12
28/01/2013,1000,12600000,12.7(1.60 %),1000,12600000,0,0,15459481,4.12
29/01/2013,0,0,12.7(0.00 %),0,0,0,0,15459481,4.12
30/01/2013,0,0,12.9(1.57 %),0,0,0,0,15459481,4.12
31/01/2013,-1000,-13600000,13.5(4.65 %),0,0,1000,13600000,15460481,4.12
01/02/2013,0,0,13.4(-0.74 %),0,0,0,0,15441573,4.17
04/02/2013,5100,69360000,13.5(0.75 %),5100,69360000,0,0,15436473,4.19
05/02/2013,7800,104140000,13.2(-2.22 %),8000,106800000,200,2660000,15428673,4.21
06/02/2013,0,0,9.6(6.67 %),0,0,0,0,15428673,4.21
07/02/2013,-10000,-102000000,10.2(6.25 %),0,0,10000,102000000,15438673,4.18
08/02/2013,-8820,-95688000,10.9(6.86 %),1180,12312000,10000,108000000,15447493,4.16
18/02/2013,1400,14620000,10.5(-3.67 %),1400,14620000,0,0,15446093,4.16
19/02/2013,0,0,10.8(2.86 %),0,0,0,0,15446093,4.16
20/02/2013,11790,123685000,10.4(-3.70 %),11790,123685000,0,0,15434303,4.19
21/02/2013,400,4120000,9.8(-5.77 %),400,4120000,0,0,15433903,4.19
22/02/2013,-3950,-38200000,9.7(-1.02 %),3050,30400000,7000,68600000,15437853,4.18
25/02/2013,1030,10031000,10.1(4.12 %),1030,10031000,0,0,15436823,4.19
26/02/2013,-8000,-79320000,9.5(-5.94 %),0,0,8000,79320000,15444823,4.16
27/02/2013,0,0,9.6(1.05 %),0,0,0,0,15444823,4.16
28/02/2013,8500,82450000,9.8(2.08 %),8500,82450000,0,0,15436323,4.19
01/03/2013,0,0,9.7(-1.02 %),0,0,0,0,15429323,4.21
04/03/2013,90,888000,9.2(-5.15 %),100,980000,10,92000,15429233,4.21
05/03/2013,8000,73600000,9.1(-1.09 %),8000,73600000,0,0,15421233,4.23
06/03/2013,0,0,9.3(2.20 %),0,0,0,0,15421233,4.23
07/03/2013,8000,73600000,9.2(-1.08 %),8000,73600000,0,0,15413233,4.25
08/03/2013,7000,64400000,9.1(-1.09 %),7000,64400000,0,0,15406233,4.28
11/03/2013,0,0,9.5(4.40 %),0,0,0,0,15406233,4.28
12/03/2013,7000,65800000,9.3(-2.11 %),7000,65800000,0,0,15399233,4.3
13/03/2013,0,0,9.1(-2.15 %),0,0,0,0,15399233,4.3
14/03/2013,-200,-1820000,9.1(0.00 %),0,0,200,1820000,15399433,4.29
15/03/2013,-410,-3731000,9.2(1.10 %),0,0,410,3731000,15399843,4.29
18/03/2013,0,0,9.2(0.00 %),0,0,0,0,15399843,4.29
19/03/2013,0,0,9.1(-1.09 %),0,0,0,0,15399843,26.83
20/03/2013,2600,23660000,9.3(2.20 %),2600,23660000,0,0,15397243,26.83
21/03/2013,0,0,9.1(-2.15 %),0,0,0,0,15397243,26.83
22/03/2013,10000,91000000,9(-1.10 %),10000,91000000,0,0,15387243,26.86
25/03/2013,0,0,9.1(1.11 %),0,0,0,0,15387243,26.86
26/03/2013,0,0,8.9(-2.20 %),0,0,0,0,15387243,18.4
27/03/2013,-3900,-34307000,8.8(-1.12 %),0,0,3900,34307000,15391143,18.39
28/03/2013,-100,-880000,8.8(0.00 %),0,0,100,880000,15391243,18.39
29/03/2013,0,0,8.7(-1.14 %),0,0,0,0,15391243,18.39
01/04/2013,-6940,-61968000,8.9(2.30 %),2100,18480000,9040,80448000,22488718,4.28
02/04/2013,-3000,-26400000,9(1.12 %),0,0,3000,26400000,22491718,4.27
03/04/2013,0,0,8.9(-1.11 %),0,0,0,0,22491718,4.27
04/04/2013,-20,-178000,8.9(0.00 %),0,0,20,178000,22491738,4.27
05/04/2013,-1840,-16744000,9.1(2.25 %),0,0,1840,16744000,22493578,4.27
08/04/2013,0,0,9.7(6.59 %),0,0,0,0,22493578,4.27
09/04/2013,1700,16830000,9.9(2.06 %),1700,16830000,0,0,22491878,4.27
10/04/2013,0,0,9.4(-5.05 %),0,0,0,0,22491878,4.27
11/04/2013,100,950000,9.3(-1.06 %),100,950000,0,0,22491778,4.27
12/04/2013,0,0,9.2(-1.08 %),0,0,0,0,22491778,4.27
15/04/2013,20000,181000000,9(-2.17 %),20000,181000000,0,0,22471778,4.31
16/04/2013,2000,17800000,9(0.00 %),2000,17800000,0,0,22469778,4.32
17/04/2013,0,0,8.8(-2.22 %),0,0,0,0,22469778,4.32
18/04/2013,-140,-1232000,8.6(-2.27 %),0,0,140,1232000,22469918,4.32
22/04/2013,1000,8700000,8.5(-1.16 %),1000,8700000,0,0,22468918,4.32
23/04/2013,0,0,8.5(0.00 %),0,0,0,0,22468918,4.32
24/04/2013,-15280,-131408000,8.6(1.18 %),0,0,15280,131408000,22484198,4.29
25/04/2013,0,0,8.7(1.16 %),0,0,0,0,22484198,4.29
26/04/2013,-6690,-57534000,8.6(-1.15 %),0,0,6690,57534000,22490888,4.28
02/05/2013,0,0,8.5(-1.16 %),0,0,0,0,22481962,4.29
03/05/2013,0,0,8.7(2.35 %),0,0,0,0,22481962,4.29
06/05/2013,0,0,9.1(4.60 %),0,0,0,0,22481962,4.29
07/05/2013,1000,8900000,9(-1.10 %),1000,8900000,0,0,22480962,4.3
08/05/2013,0,0,8.7(-3.33 %),0,0,0,0,22480962,4.3
09/05/2013,-190,-1653000,8.8(1.15 %),0,0,190,1653000,22481152,4.29
10/05/2013,200,1700000,8.7(-1.14 %),200,1700000,0,0,22480952,4.3
13/05/2013,0,0,8.8(1.15 %),0,0,0,0,22480952,4.3
14/05/2013,0,0,8.5(-3.41 %),0,0,0,0,22480952,4.3
15/05/2013,0,0,8.7(2.35 %),0,0,0,0,22480952,4.3
16/05/2013,0,0,8.8(1.15 %),0,0,0,0,22480952,4.3
17/05/2013,0,0,8.9(1.14 %),0,0,0,0,22480952,4.3
20/05/2013,10000,90000000,9.3(4.49 %),10000,90000000,0,0,22470952,4.32
21/05/2013,0,0,9.2(-1.08 %),0,0,0,0,22470952,4.32
22/05/2013,0,0,9.2(0.00 %),0,0,0,0,22470952,4.32
23/05/2013,0,0,9.2(0.00 %),0,0,0,0,22470952,4.32
24/05/2013,0,0,9.3(1.09 %),0,0,0,0,22470952,4.32
27/05/2013,14300,135850000,9.5(2.15 %),14300,135850000,0,0,22456652,4.34
28/05/2013,3000,29100000,9.8(3.16 %),3000,29100000,0,0,22453652,4.35
29/05/2013,0,0,10.3(5.10 %),0,0,0,0,22453652,4.35
30/05/2013,0,0,10.4(0.97 %),0,0,0,0,22453652,4.35
31/05/2013,0,0,10.2(-1.92 %),0,0,0,0,22453652,4.35
03/06/2013,0,0,10(-1.96 %),0,0,0,0,22475641,4.31
04/06/2013,3000,29100000,9.4(-6.00 %),3000,29100000,0,0,22472641,4.31
05/06/2013,0,0,10(6.38 %),0,0,0,0,22472641,4.31
06/06/2013,-10000,-103000000,10.1(1.00 %),0,0,10000,103000000,22482641,4.29
07/06/2013,0,0,10.1(0.00 %),0,0,0,0,22482641,4.29
10/06/2013,0,0,10(-0.99 %),0,0,0,0,22482641,4.29
11/06/2013,2000,19600000,9.8(-2.00 %),2000,19600000,0,0,22480641,4.3
12/06/2013,0,0,9.9(1.02 %),0,0,0,0,22480641,4.3
13/06/2013,0,0,9.9(0.00 %),0,0,0,0,22480641,4.3
14/06/2013,0,0,9.7(-2.02 %),0,0,0,0,22480641,4.3
17/06/2013,2900,27840000,9.5(-2.06 %),2900,27840000,0,0,22477741,4.3
18/06/2013,760,7144000,9.5(0.00 %),900,8460000,140,1316000,22476981,4.3
19/06/2013,-4500,-42750000,9.6(1.05 %),500,4750000,5000,47500000,22481481,4.29
20/06/2013,-15000,-143265000,9.4(-2.08 %),0,0,15000,143265000,22496481,4.26
21/06/2013,-4800,-45200000,9.4(0.00 %),0,0,4800,45200000,22501281,4.25
24/06/2013,0,0,9.3(-1.06 %),0,0,0,0,22501281,4.25
25/06/2013,-100,-930000,9(-3.23 %),0,0,100,930000,22501381,4.25
26/06/2013,8000,73600000,9.2(2.22 %),8000,73600000,0,0,22493381,4.27
27/06/2013,0,0,9.4(2.17 %),0,0,0,0,22493381,4.27
28/06/2013,0,0,9.3(-1.06 %),0,0,0,0,22493381,4.27
01/07/2013,-100,-910000,9.1(-2.15 %),0,0,100,910000,22493384,4.27
02/07/2013,0,0,9.3(2.20 %),0,0,0,0,22493384,4.27
03/07/2013,2000,18500000,9.3(0.00 %),2000,18500000,0,0,22491384,4.27
04/07/2013,100,930000,9.3(0.00 %),100,930000,0,0,22491284,4.27
05/07/2013,0,0,9.3(0.00 %),0,0,0,0,22491284,4.27
08/07/2013,0,0,9.2(-1.08 %),0,0,0,0,22491284,4.27
09/07/2013,0,0,9.4(2.17 %),0,0,0,0,22491284,4.27
10/07/2013,5000,47000000,9.3(-1.06 %),5000,47000000,0,0,22486284,4.28
11/07/2013,0,0,9.4(1.08 %),0,0,0,0,22486284,4.28
12/07/2013,490,5206000,9.6(2.13 %),3000,28800000,2510,23594000,22485794,4.29
15/07/2013,0,0,9.6(0.00 %),0,0,0,0,22485794,4.29
16/07/2013,14000,138600000,10(4.17 %),15000,148500000,1000,9900000,22471794,4.31
17/07/2013,6000,59400000,9.9(-1.00 %),6000,59400000,0,0,22465794,4.33
18/07/2013,0,0,9.8(-1.01 %),0,0,0,0,22465794,4.33
19/07/2013,0,0,9.8(0.00 %),0,0,0,0,22465794,4.33
22/07/2013,5000,49000000,9.6(-2.04 %),5000,49000000,0,0,22460794,4.34
23/07/2013,-14700,-141120000,9.6(0.00 %),300,2880000,15000,144000000,22475494,4.31
24/07/2013,-400,-3840000,9.5(-1.04 %),0,0,400,3840000,22475894,4.31
25/07/2013,5000,47500000,9.4(-1.05 %),5000,47500000,0,0,22470894,4.32
26/07/2013,0,0,9.3(-1.06 %),0,0,0,0,22470894,4.32
29/07/2013,0,0,9.3(0.00 %),0,0,0,0,22470894,4.32
30/07/2013,-600,-5580000,9.5(2.15 %),0,0,600,5580000,22471494,4.31
31/07/2013,0,0,9.5(0.00 %),0,0,0,0,22471494,4.31
01/08/2013,0,0,9.4(-1.05 %),0,0,0,0,22470996,4.31
02/08/2013,3000,28600000,9.6(2.13 %),3000,28600000,0,0,22467996,4.32
05/08/2013,300,2880000,9.5(-1.04 %),300,2880000,0,0,22467696,4.32
06/08/2013,0,0,9.6(1.05 %),0,0,0,0,22467696,4.32
07/08/2013,0,0,9.6(0.00 %),0,0,0,0,22467696,4.32
08/08/2013,0,0,9.5(-1.04 %),0,0,0,0,22467696,4.32
09/08/2013,0,0,9.6(1.05 %),0,0,0,0,22467696,4.32
12/08/2013,0,0,9.5(-1.04 %),0,0,0,0,22467696,4.32
13/08/2013,0,0,9.4(-1.05 %),0,0,0,0,22467696,4.32
14/08/2013,0,0,9.5(1.06 %),0,0,0,0,22467696,4.32
15/08/2013,50000,480000000,9.7(2.11 %),50000,480000000,0,0,22417696,4.42
16/08/2013,0,0,9.8(1.03 %),0,0,0,0,22417696,4.42
19/08/2013,-300,-2910000,9.8(0.00 %),0,0,300,2910000,22417996,4.42
20/08/2013,-6410,-64782000,10.2(4.08 %),0,0,6410,64782000,22424406,4.41
21/08/2013,-6000,-60000000,10(-1.96 %),0,0,6000,60000000,22430406,4.4
22/08/2013,0,0,9.8(-2.00 %),0,0,0,0,22430406,4.4
23/08/2013,0,0,9.7(-1.02 %),0,0,0,0,22430406,4.4
26/08/2013,-190,-1843000,9.9(2.06 %),0,0,190,1843000,22430596,4.4
27/08/2013,0,0,9.9(0.00 %),0,0,0,0,22430596,4.4
28/08/2013,0,0,9.7(-2.02 %),0,0,0,0,22430596,4.4
29/08/2013,0,0,9.7(0.00 %),0,0,0,0,22430596,4.4
30/08/2013,0,0,9.8(1.03 %),0,0,0,0,22430596,4.4
03/09/2013,0,0,9.8(0.00 %),0,0,0,0,22431196,4.39
04/09/2013,0,0,9.6(-2.04 %),0,0,0,0,22431196,4.39
05/09/2013,0,0,9.7(1.04 %),0,0,0,0,22431196,4.39
06/09/2013,0,0,9.8(1.03 %),0,0,0,0,22431196,4.39
09/09/2013,0,0,9.6(-2.04 %),0,0,0,0,22431196,4.39
10/09/2013,0,0,9.7(1.04 %),0,0,0,0,22431196,4.39
11/09/2013,6500,63700000,9.8(1.03 %),6500,63700000,0,0,22424696,4.41
12/09/2013,43550,428029000,9.8(0.00 %),43550,428029000,0,0,22381146,4.49
13/09/2013,56550,559636000,10(2.04 %),56640,560536000,90,900000,22324596,4.61
16/09/2013,2750,28050000,10.2(2.00 %),2750,28050000,0,0,22321846,4.61
17/09/2013,0,0,9.9(-2.94 %),0,0,0,0,22321846,4.61
18/09/2013,51350,513365000,10(1.01 %),51350,513365000,0,0,22270496,4.71
19/09/2013,-2750,-27775000,10(0.00 %),0,0,2750,27775000,22273246,4.71
20/09/2013,0,0,9.9(-1.00 %),0,0,0,0,22273246,4.71
23/09/2013,0,0,10.5(6.06 %),0,0,0,0,22273246,4.71
24/09/2013,-4900,-52940000,10.8(2.86 %),100,1060000,5000,54000000,22278146,4.7
25/09/2013,0,0,10.9(0.93 %),0,0,0,0,22278146,4.7
26/09/2013,0,0,11(0.92 %),0,0,0,0,22278146,4.7
27/09/2013,30000,333000000,11.1(0.91 %),30000,333000000,0,0,22248146,4.76
30/09/2013,-6000,-66600000,11.2(0.90 %),0,0,6000,66600000,22254146,4.75
01/10/2013,0,0,11.5(2.68 %),0,0,0,0,22248147,4.76
02/10/2013,0,0,11.6(0.87 %),0,0,0,0,22248147,4.76
03/10/2013,0,0,11.3(-2.59 %),0,0,0,0,22248147,4.76
04/10/2013,-30000,-337600000,11.5(1.77 %),0,0,30000,337600000,22278147,4.7
07/10/2013,0,0,11.5(0.00 %),0,0,0,0,22278147,4.7
08/10/2013,0,0,11.4(-0.87 %),0,0,0,0,22278147,4.7
09/10/2013,0,0,11.2(-1.75 %),0,0,0,0,22278147,4.7
10/10/2013,0,0,11.3(0.89 %),0,0,0,0,22278147,4.7
11/10/2013,0,0,11.2(-0.88 %),0,0,0,0,22278147,4.7
14/10/2013,0,0,11(-1.79 %),0,0,0,0,22278147,4.7
15/10/2013,0,0,11.3(2.73 %),0,0,0,0,22278147,4.7
16/10/2013,0,0,11.4(0.88 %),0,0,0,0,22278147,4.7
17/10/2013,-12000,-136800000,11.4(0.00 %),0,0,12000,136800000,22290147,4.67
18/10/2013,0,0,11.4(0.00 %),0,0,0,0,22290147,4.67
21/10/2013,0,0,12(5.26 %),0,0,0,0,22290147,4.67
22/10/2013,-5690,-67711000,11.9(-0.83 %),0,0,5690,67711000,22295837,4.66
23/10/2013,0,0,11.9(0.00 %),0,0,0,0,22295837,4.66
24/10/2013,0,0,11.6(-2.52 %),0,0,0,0,22295837,4.66
25/10/2013,0,0,11.6(0.00 %),0,0,0,0,22295837,4.66
28/10/2013,0,0,11.2(-3.45 %),0,0,0,0,22295837,4.66
29/10/2013,0,0,11.5(2.68 %),0,0,0,0,22295837,4.66
30/10/2013,6000,69033000,11.4(-0.87 %),14000,160233000,8000,91200000,22289837,4.68
31/10/2013,0,0,11.3(-0.88 %),0,0,0,0,22289837,4.68
01/11/2013,0,0,11.4(0.88 %),0,0,0,0,22287837,4.68
04/11/2013,0,0,11.3(-0.88 %),0,0,0,0,22287837,4.68
05/11/2013,0,0,11.6(2.65 %),0,0,0,0,22287837,4.68
06/11/2013,53180,623754000,11.8(1.72 %),53180,623754000,0,0,22234657,4.78
07/11/2013,36000,427999000,11.8(0.00 %),36000,427999000,0,0,22198657,4.86
08/11/2013,0,0,11.7(-0.85 %),0,0,0,0,22198657,4.86
11/11/2013,850,9945000,11.9(1.71 %),850,9945000,0,0,22197807,4.86
12/11/2013,0,0,11.9(0.00 %),0,0,0,0,22197807,4.86
13/11/2013,0,0,11.8(-0.84 %),0,0,0,0,22197807,4.86
14/11/2013,0,0,11.8(0.00 %),0,0,0,0,22197807,4.86
15/11/2013,0,0,11.8(0.00 %),0,0,0,0,22197807,4.86
18/11/2013,-10000,-119000000,12.1(2.54 %),0,0,10000,119000000,22207807,4.84
19/11/2013,0,0,11.9(-1.65 %),0,0,0,0,22207807,4.84
20/11/2013,0,0,12(0.84 %),0,0,0,0,22207807,4.84
21/11/2013,-101450,-1217400000,11.9(-0.83 %),0,0,101450,1217400000,22309257,4.64
22/11/2013,178800,2139820000,12(0.84 %),178800,2139820000,0,0,22130457,4.99
25/11/2013,200,2400000,12(0.00 %),200,2400000,0,0,22130257,4.99
26/11/2013,0,0,12(0.00 %),0,0,0,0,22130257,4.99
27/11/2013,0,0,12(0.00 %),0,0,0,0,22130257,4.99
28/11/2013,0,0,11.9(-0.83 %),0,0,0,0,22130257,4.99
29/11/2013,-6000,-71400000,12(0.84 %),0,0,6000,71400000,22136257,4.98
02/12/2013,2000,25600000,12.8(6.67 %),2000,25600000,0,0,22136260,4.98
03/12/2013,2150,27300000,12.7(-0.78 %),5400,70200000,3250,42900000,22134110,4.98
04/12/2013,10100,128780000,12.7(0.00 %),10100,128780000,0,0,22124010,5.0
05/12/2013,3000,37800000,12.6(-0.79 %),5000,63000000,2000,25200000,22121010,5.01
06/12/2013,2300,28980000,12.4(-1.59 %),2300,28980000,0,0,22118710,5.02
09/12/2013,-10100,-126680000,12.6(1.61 %),0,0,10100,126680000,22128810,5.0
10/12/2013,0,0,12.4(-1.59 %),0,0,0,0,22128810,5.0
11/12/2013,52120,637503000,12.3(-0.81 %),52120,637503000,0,0,22076690,5.1
12/12/2013,63500,773780000,12.4(0.81 %),63500,773780000,0,0,22013190,5.23
13/12/2013,1000,12300000,12.4(0.00 %),1000,12300000,0,0,22012190,5.23
16/12/2013,-1610,-19803000,12.7(2.42 %),0,0,1610,19803000,22013800,5.22
17/12/2013,0,0,12.7(0.00 %),0,0,0,0,22013800,5.22
18/12/2013,210,2646000,12.6(-0.79 %),210,2646000,0,0,22013590,5.22
19/12/2013,0,0,12.8(1.59 %),0,0,0,0,22013590,5.22
20/12/2013,2000,25600000,12.6(-1.56 %),2000,25600000,0,0,22011590,5.23
23/12/2013,70000,893500000,13(3.17 %),90000,1146500000,20000,253000000,21941590,5.37
24/12/2013,-200,-2620000,12.9(-0.77 %),0,0,200,2620000,21941790,5.37
25/12/2013,10000,128237000,12.9(0.00 %),10000,128237000,0,0,21931790,5.39
26/12/2013,10000,129000000,12.8(-0.78 %),10000,129000000,0,0,21921790,5.41
27/12/2013,6000,76200000,12.6(-1.56 %),6000,76200000,0,0,21915790,5.42
30/12/2013,200,2500000,12.3(-2.38 %),200,2500000,0,0,21915590,5.42
31/12/2013,0,0,12.6(2.44 %),0,0,0,0,21915590,5.42
02/01/2014,1000,12500000,12.6(0.00 %),1000,12500000,0,0,21920590,5.41
03/01/2014,500,6250000,12.5(-0.79 %),500,6250000,0,0,21920090,5.41
06/01/2014,5000,64000000,12.8(2.40 %),5000,64000000,0,0,21915090,5.42
07/01/2014,1000,12700000,12.7(-0.78 %),1000,12700000,0,0,21914090,5.42
08/01/2014,0,0,12.7(0.00 %),0,0,0,0,21914090,5.42
09/01/2014,200,2620000,13.5(6.30 %),200,2620000,0,0,21913890,5.42
10/01/2014,-5000,-67500000,13.5(0.00 %),0,0,5000,67500000,21918890,5.41
13/01/2014,18420,250674000,13.6(0.74 %),20900,284650000,2480,33976000,21900470,5.45
14/01/2014,10000,137000000,13.5(-0.74 %),10000,137000000,0,0,21890470,5.47
15/01/2014,-2000,-27200000,13.6(0.74 %),0,0,2000,27200000,21892470,5.47
16/01/2014,62810,852316000,13.6(0.00 %),63000,854900000,190,2584000,21829660,5.59
17/01/2014,-180,-2448000,13.5(-0.74 %),0,0,180,2448000,21829840,5.59
20/01/2014,9660,130410000,13.3(-1.48 %),9660,130410000,0,0,21820180,5.61
21/01/2014,1140,15164000,13.4(0.75 %),1160,15428000,20,264000,21819040,5.61
22/01/2014,0,0,13.2(-1.49 %),0,0,0,0,21819040,5.61
23/01/2014,0,0,13.4(1.52 %),0,0,0,0,21819040,5.61
24/01/2014,30,402000,13.4(0.00 %),30,402000,0,0,21819010,5.61
27/01/2014,-9000,-119720000,13.6(1.49 %),0,0,9000,119720000,21828010,5.59
06/02/2014,-5050,-69190000,13.8(1.47 %),0,0,5050,69190000,21819010,5.61
07/02/2014,500,6900000,13.8(0.00 %),500,6900000,0,0,21818510,5.61
10/02/2014,2000,28400000,14.3(3.62 %),2000,28400000,0,0,21816510,5.62
11/02/2014,4000,56600000,14.1(-1.40 %),14000,201600000,10000,145000000,21812510,5.62
12/02/2014,74800,1071010000,14.7(4.26 %),74800,1071010000,0,0,21737710,5.77
13/02/2014,0,0,14.6(-0.68 %),0,0,0,0,21737710,5.77
14/02/2014,0,0,14.7(0.68 %),0,0,0,0,21737710,5.77
17/02/2014,-87640,-1280429000,15.4(4.76 %),68360,991820000,156000,2272249000,21825350,5.6
18/02/2014,-5000,-76000000,16.3(5.84 %),0,0,5000,76000000,21830350,5.59
19/02/2014,-6800,-113280000,16.7(2.45 %),4000,66000000,10800,179280000,21837150,5.58
20/02/2014,5180,84952000,15.8(-5.39 %),5180,84952000,0,0,21831970,5.59
21/02/2014,0,0,16(1.27 %),0,0,0,0,21831970,5.59
24/02/2014,0,0,16.1(0.62 %),0,0,0,0,21831970,5.59
25/02/2014,-10,-162000,16.2(0.62 %),0,0,10,162000,21831980,5.59
26/02/2014,14200,232040000,16.7(3.09 %),14200,232040000,0,0,21817780,5.61
27/02/2014,50,840000,16.2(-2.99 %),50,840000,0,0,21817730,5.61
28/02/2014,0,0,16.6(2.47 %),0,0,0,0,21817730,5.61
03/03/2014,-10000,-165000000,16.5(-0.60 %),0,0,10000,165000000,21831780,5.59
04/03/2014,0,0,15.3(1.32 %),0,0,0,0,21831780,5.59
05/03/2014,6000,89400000,14.7(-3.92 %),6000,89400000,0,0,21825780,5.6
06/03/2014,0,0,15.1(2.72 %),0,0,0,0,21825780,5.6
07/03/2014,-6000,-90000000,14.7(-2.65 %),0,0,6000,90000000,21831780,5.59
10/03/2014,0,0,14.6(-0.68 %),0,0,0,0,21831780,5.59
11/03/2014,32000,468474000,14.6(0.00 %),32000,468474000,0,0,21799780,5.65
12/03/2014,9500,138200000,14.5(-0.68 %),9500,138200000,0,0,21790280,5.67
13/03/2014,70,1008000,14.4(-0.69 %),70,1008000,0,0,21790210,5.67
14/03/2014,39000,568400000,14.6(1.39 %),39000,568400000,0,0,21751210,5.75
17/03/2014,200,2920000,14.7(0.68 %),200,2920000,0,0,21751010,5.75
18/03/2014,-1800,-26460000,14.6(-0.68 %),0,0,1800,26460000,21752810,5.74
19/03/2014,5400,79380000,15(2.74 %),5400,79380000,0,0,21747410,5.75
20/03/2014,0,0,14.6(-2.67 %),0,0,0,0,21747410,5.75
21/03/2014,0,0,14.6(0.00 %),0,0,0,0,21747410,5.75
24/03/2014,700,10270000,15.2(4.11 %),700,10270000,0,0,21746710,5.76
25/03/2014,0,0,14.7(-3.29 %),0,0,0,0,21746710,5.76
26/03/2014,1900,28120000,14.1(-4.08 %),1900,28120000,0,0,21744810,5.76
27/03/2014,10,143000,14.5(2.84 %),10,143000,0,0,21744800,5.76
28/03/2014,600,8580000,14.2(-2.07 %),600,8580000,0,0,21744200,5.76
31/03/2014,0,0,14.1(-0.70 %),0,0,0,0,21744200,5.76
01/04/2014,-2500,-35000000,13.6(-3.55 %),0,0,2500,35000000,21754200,5.74
02/04/2014,0,0,13(-4.41 %),0,0,0,0,21754200,5.74
03/04/2014,0,0,13.2(1.54 %),0,0,0,0,21754200,5.74
04/04/2014,0,0,13.1(-0.76 %),0,0,0,0,21754200,5.74
07/04/2014,-1010,-13231000,13.3(1.53 %),0,0,1010,13231000,21755210,5.74
08/04/2014,0,0,13.7(3.01 %),0,0,0,0,21755210,5.74
10/04/2014,0,0,13.7(0.00 %),0,0,0,0,21755210,5.74
11/04/2014,1000,13700000,13.6(-0.73 %),1000,13700000,0,0,21754210,5.74
14/04/2014,0,0,13.2(-2.94 %),0,0,0,0,21754210,5.74
15/04/2014,-10,-129000,12.5(-5.30 %),0,0,10,129000,21754220,5.74
16/04/2014,86000,1069500000,12.3(-1.60 %),86000,1069500000,0,0,21668220,5.91
17/04/2014,29400,370700000,12.6(2.44 %),29400,370700000,0,0,21638820,5.97
18/04/2014,-120,-1500000,12.2(-3.17 %),0,0,120,1500000,21638940,5.97
21/04/2014,12540,152234000,11.6(-4.92 %),13540,164234000,1000,12000000,21626400,5.99
22/04/2014,5310,62127000,12.3(6.03 %),5310,62127000,0,0,21621090,6.01
23/04/2014,0,0,12.6(2.44 %),0,0,0,0,21621090,6.01
24/04/2014,0,0,12.5(-0.79 %),0,0,0,0,21621090,6.01
25/04/2014,1200,15000000,12.6(0.80 %),1200,15000000,0,0,21619890,6.01
28/04/2014,1500,18900000,12.4(-1.59 %),1500,18900000,0,0,21618390,6.01
29/04/2014,0,0,12.4(0.00 %),0,0,0,0,21618390,6.01
05/05/2014,-140,-1680000,11.9(-4.03 %),0,0,140,1680000,21620890,6.01
06/05/2014,0,0,11.9(0.00 %),0,0,0,0,21620890,6.01
07/05/2014,1840,22264000,12.1(1.68 %),1840,22264000,0,0,21619050,6.01
08/05/2014,0,0,11.3(-6.61 %),0,0,0,0,21619050,6.01
09/05/2014,15000,169500000,11.3(0.00 %),16000,180800000,1000,11300000,21604050,6.04
12/05/2014,12000,128400000,10.6(-6.19 %),12000,128400000,0,0,21592050,6.06
13/05/2014,0,0,10.4(-1.89 %),0,0,0,0,21592050,6.06
14/05/2014,0,0,11.1(6.73 %),0,0,0,0,21592050,6.06
15/05/2014,0,0,10.7(-3.60 %),0,0,0,0,21592050,6.06
16/05/2014,0,0,11(2.80 %),0,0,0,0,21592050,6.06
19/05/2014,500,5500000,11.1(0.91 %),500,5500000,0,0,21591550,6.06
20/05/2014,0,0,11.3(1.80 %),0,0,0,0,21591550,6.06
21/05/2014,0,0,11.9(5.31 %),0,0,0,0,21591550,6.06
22/05/2014,0,0,11.7(-1.68 %),0,0,0,0,21591550,6.06
23/05/2014,0,0,11.7(0.00 %),0,0,0,0,21591550,6.06
26/05/2014,0,0,11.7(0.00 %),0,0,0,0,21591550,6.06
27/05/2014,0,0,12(2.56 %),0,0,0,0,21591550,6.06
28/05/2014,0,0,11.9(-0.83 %),0,0,0,0,21591550,6.06
29/05/2014,0,0,11.6(-2.52 %),0,0,0,0,21591550,6.06
30/05/2014,700,8120000,11.6(0.00 %),700,8120000,0,0,21590850,6.07
02/06/2014,100,1140000,11.3(-2.59 %),100,1140000,0,0,21590890,6.07
03/06/2014,0,0,11.6(2.65 %),0,0,0,0,21590890,6.07
04/06/2014,1000,11400000,11.5(-0.86 %),1000,11400000,0,0,21589890,6.07
05/06/2014,0,0,11.6(0.87 %),0,0,0,0,21589890,6.07
06/06/2014,0,0,11.7(0.86 %),0,0,0,0,21589890,6.07
09/06/2014,0,0,11.6(-0.85 %),0,0,0,0,21589890,6.07
10/06/2014,-60000,-687493000,11.5(-0.86 %),0,0,60000,687493000,21649890,5.95
11/06/2014,0,0,12.2(6.09 %),0,0,0,0,21649890,5.95
12/06/2014,-900,-10890000,12.1(-0.82 %),0,0,900,10890000,21650790,5.95
13/06/2014,0,0,12(-0.83 %),0,0,0,0,21650790,5.95
16/06/2014,0,0,11.9(-0.83 %),0,0,0,0,21650790,5.95
17/06/2014,0,0,12.2(2.52 %),0,0,0,0,21650790,5.95
18/06/2014,-2790,-33980000,12.2(0.00 %),0,0,2790,33980000,21653580,5.94
19/06/2014,0,0,11.9(-2.46 %),0,0,0,0,21653580,5.94
20/06/2014,0,0,12(0.84 %),0,0,0,0,21653580,5.94
23/06/2014,0,0,12(0.00 %),0,0,0,0,21653580,5.94
24/06/2014,0,0,12(0.00 %),0,0,0,0,21653580,5.94
25/06/2014,0,0,12.1(0.83 %),0,0,0,0,21653580,5.94
26/06/2014,-1800,-22500000,12.4(2.48 %),0,0,1800,22500000,21655380,5.94
27/06/2014,0,0,12.5(0.81 %),0,0,0,0,21655380,5.94
30/06/2014,0,0,12.5(0.00 %),0,0,0,0,21655380,5.94
01/07/2014,0,0,12.4(-0.80 %),0,0,0,0,21653600,5.94
02/07/2014,0,0,12.6(1.61 %),0,0,0,0,21653600,5.94
03/07/2014,20,256000,12.9(2.38 %),20,256000,0,0,21653580,5.94
04/07/2014,-7000,-90400000,12.9(0.00 %),1000,12800000,8000,103200000,21660580,5.93
07/07/2014,0,0,12.8(-0.78 %),0,0,0,0,21660580,5.93
08/07/2014,300,3840000,13.1(2.34 %),300,3840000,0,0,21660280,5.93
09/07/2014,0,0,13.1(0.00 %),0,0,0,0,21660280,5.93
10/07/2014,-50,-645000,12.7(-3.05 %),0,0,50,645000,21662080,5.92
11/07/2014,0,0,13.3(4.72 %),0,0,0,0,21662080,0.0
14/07/2014,-8000,-106400000,13.2(-0.75 %),0,0,8000,106400000,21670080,5.91
15/07/2014,-8600,-114500000,13.5(2.27 %),0,0,8600,114500000,21678680,5.89
16/07/2014,-4000,-54800000,13.7(1.48 %),0,0,4000,54800000,21662130,0.0
17/07/2014,16000,215600000,13.6(-0.73 %),20000,270000000,4000,54400000,21646130,5.96
18/07/2014,-3690,-50165000,13.6(0.00 %),1000,13600000,4690,63765000,21650130,5.95
21/07/2014,3280,43624000,13.4(-1.47 %),3280,43624000,0,0,21654450,0.0
22/07/2014,36000,478800000,13.3(-0.75 %),40000,532000000,4000,53200000,21618450,0.0
23/07/2014,0,0,13.3(0.00 %),0,0,0,0,21622451,0.0
24/07/2014,34110,460863000,13.5(1.50 %),40000,540000000,5890,79137000,21587141,0.0
25/07/2014,5200,70200000,13.3(-1.48 %),5200,70200000,0,0,21581941,0.0
28/07/2014,30000,399000000,12.7(-4.51 %),30000,399000000,0,0,21559941,0.0
29/07/2014,0,0,12.9(1.57 %),0,0,0,0,21555941,0.0
30/07/2014,0,0,12.7(-1.55 %),0,0,0,0,21561831,0.0
31/07/2014,0,0,13(2.36 %),0,0,0,0,21561831,0.0
01/08/2014,-10,-130000,12.9(-0.77 %),0,0,10,130000,21561831,0.0
04/08/2014,0,0,12.7(-1.55 %),0,0,0,0,21561831,0.0
05/08/2014,0,0,13(2.36 %),0,0,0,0,21561831,0.0
06/08/2014,-4000,-52000000,13.1(0.77 %),0,0,4000,52000000,21561831,6.12
07/08/2014,-3000,-40200000,13.6(3.82 %),0,0,3000,40200000,21564831,6.12
08/08/2014,-950,-12920000,13.5(-0.74 %),0,0,950,12920000,21561841,0.0
11/08/2014,-16600,-219640000,12.9(-4.44 %),0,0,16600,219640000,21561841,0.0
12/08/2014,-69500,-913500000,13.2(2.33 %),0,0,69500,913500000,21565841,0.0
13/08/2014,-86180,-1142436000,13.3(0.76 %),0,0,86180,1142436000,21568841,0.0
14/08/2014,-90000,-1204285000,13.3(0.00 %),0,0,90000,1204285000,21569791,6.11
15/08/2014,0,0,13.8(3.76 %),0,0,0,0,21586391,6.07
18/08/2014,0,0,14.3(3.62 %),0,0,0,0,21655891,0.0
19/08/2014,-500,-7100000,13.9(-2.80 %),0,0,500,7100000,21742071,0.0
20/08/2014,800,11040000,14(0.72 %),800,11040000,0,0,21831571,0.0
21/08/2014,0,0,14(0.00 %),0,0,0,0,21831271,0.0
22/08/2014,0,0,14(0.00 %),0,0,0,0,21831271,5.59
25/08/2014,0,0,13.9(-0.71 %),0,0,0,0,21831771,5.59
26/08/2014,-11860,-164854000,13.9(0.00 %),0,0,11860,164854000,21831771,5.59
27/08/2014,0,0,14.4(3.60 %),0,0,0,0,21831771,5.59
28/08/2014,10000,145000000,14.6(1.39 %),10000,145000000,0,0,21831771,5.59
29/08/2014,0,0,14.5(-0.68 %),0,0,0,0,21821771,0.0
03/09/2014,100000,1446627000,14.5(0.00 %),100000,1446627000,0,0,21833631,5.58
04/09/2014,4000,57600000,14.4(-0.69 %),4000,57600000,0,0,21729631,0.0
05/09/2014,50500,731414000,14.7(2.08 %),50500,731414000,0,0,21679131,0.0
08/09/2014,111500,1670150000,15.3(4.08 %),112000,1677800000,500,7650000,21679131,5.89
09/09/2014,50000,740000000,14.4(-5.88 %),50000,740000000,0,0,21567131,6.11
10/09/2014,-6000,-86400000,14.7(2.08 %),4000,57600000,10000,144000000,21513131,0.0
11/09/2014,0,0,15(2.04 %),0,0,0,0,21513131,0.0
12/09/2014,-51950,-780700000,15.5(3.33 %),0,0,51950,780700000,21513631,0.0
15/09/2014,30000,462000000,15.1(-2.58 %),30000,462000000,0,0,21513631,6.22
16/09/2014,0,0,15.4(1.99 %),0,0,0,0,21493631,0.0
17/09/2014,1000,15400000,15.3(-0.65 %),1000,15400000,0,0,21492631,0.0
18/09/2014,500,7300000,14.4(-5.88 %),500,7300000,0,0,21544081,0.0
19/09/2014,0,0,14.7(2.08 %),0,0,0,0,21544081,0.0
22/09/2014,0,0,14.5(-1.36 %),0,0,0,0,21544081,0.0
23/09/2014,0,0,14.5(0.00 %),0,0,0,0,21544081,0.0
24/09/2014,0,0,14.6(0.69 %),0,0,0,0,21544081,6.16
25/09/2014,0,0,14.7(0.68 %),0,0,0,0,21544081,6.16
26/09/2014,0,0,14.5(-1.36 %),0,0,0,0,21544081,6.16
29/09/2014,0,0,14.5(0.00 %),0,0,0,0,21544081,0.0
30/09/2014,0,0,14.4(-0.69 %),0,0,0,0,21544081,0.0
01/10/2014,0,0,14.5(0.69 %),0,0,0,0,21544081,0.0
02/10/2014,650,9430000,14.5(0.00 %),650,9430000,0,0,21543431,0.0
03/10/2014,90,1332000,14.7(1.38 %),90,1332000,0,0,21543341,0.0
06/10/2014,0,0,15(2.04 %),0,0,0,0,21543341,0.0
07/10/2014,-6560,-99712000,15.4(2.67 %),0,0,6560,99712000,21543341,0.0
08/10/2014,0,0,15(-2.60 %),0,0,0,0,21543341,0.0
09/10/2014,0,0,15.1(0.67 %),0,0,0,0,21543341,0.0
10/10/2014,0,0,15.1(0.00 %),0,0,0,0,21543341,0.0
13/10/2014,0,0,14.9(-1.32 %),0,0,0,0,21543341,6.16
14/10/2014,0,0,14.8(-0.67 %),0,0,0,0,21543341,6.16
15/10/2014,0,0,14.8(0.00 %),0,0,0,0,21543341,6.16
16/10/2014,0,0,14.2(-4.05 %),0,0,0,0,21543341,6.16
17/10/2014,0,0,14.4(1.41 %),0,0,0,0,21543341,6.16
20/10/2014,0,0,14.5(0.69 %),0,0,0,0,21543341,6.16
21/10/2014,0,0,14.5(0.00 %),0,0,0,0,21543341,6.16
22/10/2014,0,0,14.7(1.38 %),0,0,0,0,21543341,6.16
23/10/2014,0,0,14.5(-1.36 %),0,0,0,0,21543341,6.16
24/10/2014,2000,28800000,14.4(-0.69 %),2000,28800000,0,0,21541341,6.16
27/10/2014,0,0,14(-2.78 %),0,0,0,0,21541341,6.16
29/10/2014,0,0,14.5(2.84 %),0,0,0,0,21541341,6.16
30/10/2014,0,0,14.4(-0.69 %),0,0,0,0,21541341,6.16
31/10/2014,0,0,14.6(1.39 %),0,0,0,0,21541341,6.16
03/11/2014,0,0,14.7(0.68 %),0,0,0,0,21548401,6.15
04/11/2014,0,0,14.6(-0.68 %),0,0,0,0,21548401,6.15
05/11/2014,0,0,14.7(0.68 %),0,0,0,0,21548401,6.15
06/11/2014,-20,-294000,14.7(0.00 %),0,0,20,294000,21548421,6.15
07/11/2014,0,0,14.7(0.00 %),0,0,0,0,21548421,6.15
10/11/2014,0,0,14.7(0.00 %),0,0,0,0,21548421,6.15
11/11/2014,0,0,14.8(0.68 %),0,0,0,0,21548421,6.15
12/11/2014,0,0,15(1.35 %),0,0,0,0,21548421,6.15
13/11/2014,0,0,14.9(-0.67 %),0,0,0,0,21548421,6.15
14/11/2014,0,0,14.9(0.00 %),0,0,0,0,21548421,6.15
17/11/2014,-1600,-24000000,15(0.67 %),0,0,1600,24000000,21550021,6.15
18/11/2014,0,0,15(0.00 %),0,0,0,0,21550021,6.15
19/11/2014,0,0,15(0.00 %),0,0,0,0,21550021,6.15
20/11/2014,0,0,15.1(0.67 %),0,0,0,0,21548421,0.0
21/11/2014,-2000,-29800000,14.9(-1.32 %),0,0,2000,29800000,21550021,0.0
24/11/2014,400,5720000,14.8(-0.67 %),2000,29400000,1600,23680000,21548021,0.0
25/11/2014,0,0,14.8(0.00 %),0,0,0,0,21548021,0.0
26/11/2014,0,0,14.7(-0.68 %),0,0,0,0,21548021,0.0
27/11/2014,0,0,14.8(0.68 %),0,0,0,0,21550021,0.0
28/11/2014,0,0,14.9(0.68 %),0,0,0,0,21551621,0.0
01/12/2014,0,0,14.7(-1.34 %),0,0,0,0,21551621,0.0
02/12/2014,0,0,15.1(2.72 %),0,0,0,0,21551621,0.0
03/12/2014,-10000,-150500000,15.2(0.66 %),0,0,10000,150500000,21551621,0.0
04/12/2014,0,0,15.3(0.66 %),0,0,0,0,21551621,0.0
05/12/2014,0,0,15.2(-0.65 %),0,0,0,0,21551621,0.0
08/12/2014,0,0,15.2(0.00 %),0,0,0,0,21551621,0.0
09/12/2014,-441000,-6538850000,14.9(-1.97 %),0,0,441000,6538850000,21561621,0.0
10/12/2014,-19000,-281290000,15.1(1.34 %),0,0,19000,281290000,21561621,0.0
11/12/2014,0,0,15.1(0.00 %),0,0,0,0,21561621,0.0
12/12/2014,0,0,15(-0.66 %),0,0,0,0,21561621,6.12
15/12/2014,0,0,14.9(-0.67 %),0,0,0,0,22002621,0.0
16/12/2014,0,0,14.8(-0.67 %),0,0,0,0,22021621,0.0
17/12/2014,0,0,14.5(-2.03 %),0,0,0,0,22021621,0.0
18/12/2014,0,0,14.6(0.69 %),0,0,0,0,22021621,0.0
19/12/2014,2800,40880000,14.7(0.68 %),2800,40880000,0,0,22018821,0.0
22/12/2014,-210,-3087000,14.9(1.36 %),0,0,210,3087000,22019031,5.21
23/12/2014,0,0,14.9(0.00 %),0,0,0,0,22018821,0.0
24/12/2014,0,0,14.8(-0.67 %),0,0,0,0,22018821,0.0
25/12/2014,-3370,-49580000,14.8(0.00 %),0,0,3370,49580000,22018821,0.0
26/12/2014,5000,69500000,13.5(-0.74 %),5000,69500000,0,0,22013821,5.22
29/12/2014,0,0,13.5(0.00 %),0,0,0,0,22013821,5.22
30/12/2014,0,0,13.5(0.00 %),0,0,0,0,22013821,5.22
31/12/2014,0,0,13.6(0.74 %),0,0,0,0,22013821,5.22
05/01/2015,0,0,13(-4.41 %),0,0,0,0,22017401,5.22
06/01/2015,200,2600000,13.4(3.08 %),200,2600000,0,0,22017201,5.22
07/01/2015,0,0,13(-2.99 %),0,0,0,0,22017201,5.22
08/01/2015,0,0,13(0.00 %),0,0,0,0,22017201,5.22
09/01/2015,0,0,13.2(1.54 %),0,0,0,0,22017201,5.22
12/01/2015,0,0,13(-1.52 %),0,0,0,0,22017201,5.22
13/01/2015,0,0,13.2(1.54 %),0,0,0,0,22017201,5.22
14/01/2015,0,0,12.9(-2.27 %),0,0,0,0,22017201,5.22
15/01/2015,0,0,13.1(1.55 %),0,0,0,0,22017201,5.22
16/01/2015,0,0,12.9(-1.53 %),0,0,0,0,22017201,5.22
19/01/2015,700,9030000,13(0.78 %),700,9030000,0,0,22016501,5.22
20/01/2015,-10,-132000,12.9(-0.77 %),0,0,10,132000,22016511,5.22
21/01/2015,0,0,13(0.78 %),0,0,0,0,22016511,5.22
22/01/2015,0,0,13.1(0.77 %),0,0,0,0,22016511,5.22
23/01/2015,0,0,13.1(0.00 %),0,0,0,0,22016511,5.22
26/01/2015,0,0,13.3(1.53 %),0,0,0,0,22016511,5.22
27/01/2015,-20,-266000,13.2(-0.75 %),0,0,20,266000,22016531,5.22
28/01/2015,2620,34584000,13.2(0.00 %),2800,36960000,180,2376000,22013911,5.22
29/01/2015,-2000,-26400000,13.2(0.00 %),0,0,2000,26400000,22015911,5.22
30/01/2015,0,0,13.2(0.00 %),0,0,0,0,22015911,5.22
02/02/2015,0,0,13.3(0.76 %),0,0,0,0,22013731,5.22
03/02/2015,200,2640000,13.3(0.00 %),200,2640000,0,0,22013531,5.22
04/02/2015,0,0,13.2(-0.75 %),0,0,0,0,22013531,5.22
05/02/2015,0,0,13.2(0.00 %),0,0,0,0,22013531,5.22
06/02/2015,0,0,13.3(0.76 %),0,0,0,0,22013531,5.22
09/02/2015,-2000,-26600000,13.3(0.00 %),0,0,2000,26600000,22015531,5.22
10/02/2015,0,0,13.4(0.75 %),0,0,0,0,22015531,5.22
11/02/2015,0,0,13.4(0.00 %),0,0,0,0,22015531,5.22
12/02/2015,0,0,13.4(0.00 %),0,0,0,0,22015531,5.22
13/02/2015,0,0,13.5(0.75 %),0,0,0,0,22015531,5.22
24/02/2015,0,0,13.5(0.00 %),0,0,0,0,22015531,5.22
25/02/2015,0,0,13(-3.70 %),0,0,0,0,22015531,5.22
26/02/2015,0,0,13.5(3.85 %),0,0,0,0,22015531,5.22
27/02/2015,0,0,13.6(0.74 %),0,0,0,0,22015531,5.22
02/03/2015,0,0,13.4(-1.47 %),0,0,0,0,22017711,5.22
03/03/2015,0,0,13.5(0.75 %),0,0,0,0,22017711,5.22
04/03/2015,0,0,13.3(-1.48 %),0,0,0,0,22017711,5.22
05/03/2015,0,0,13.3(0.00 %),0,0,0,0,22017711,5.22
06/03/2015,0,0,13.4(0.75 %),0,0,0,0,22017711,5.22
09/03/2015,0,0,13.6(1.49 %),0,0,0,0,22017711,5.22
10/03/2015,0,0,13.2(-2.94 %),0,0,0,0,22017711,5.22
11/03/2015,0,0,13.4(1.52 %),0,0,0,0,22017711,5.22
12/03/2015,0,0,13.3(-0.75 %),0,0,0,0,22017711,5.22
13/03/2015,-1090,-14459000,13.3(0.00 %),0,0,1090,14459000,22018801,5.21
16/03/2015,-1000,-13150000,13.3(0.00 %),0,0,1000,13150000,22019801,5.21
17/03/2015,-500,-6650000,13.2(-0.75 %),0,0,500,6650000,22020301,5.21
18/03/2015,-1500,-19650000,13.2(0.00 %),0,0,1500,19650000,22021801,5.21
19/03/2015,-2000,-26100000,13.1(-0.76 %),0,0,2000,26100000,22023801,5.2
20/03/2015,-2000,-26000000,13(-0.76 %),0,0,2000,26000000,22025801,5.2
23/03/2015,-2000,-26000000,13.2(1.54 %),0,0,2000,26000000,22027801,5.2
24/03/2015,-2000,-26300000,13.3(0.76 %),0,0,2000,26300000,22029801,5.19
25/03/2015,-2000,-26300000,12.9(-3.01 %),0,0,2000,26300000,22031801,5.19
26/03/2015,-2000,-25700000,13.1(1.55 %),0,0,2000,25700000,22033801,5.18
27/03/2015,15000,195000000,13(-0.76 %),15000,195000000,0,0,22018801,5.21
30/03/2015,0,0,13.2(1.54 %),0,0,0,0,22018801,5.21
31/03/2015,0,0,13.5(2.27 %),0,0,0,0,22018801,5.21
01/04/2015,0,0,12.6(-6.67 %),0,0,0,0,22018805,5.21
02/04/2015,0,0,13.4(6.35 %),0,0,0,0,22018805,5.21
03/04/2015,0,0,13.2(-1.49 %),0,0,0,0,22018805,5.21
06/04/2015,0,0,13.4(1.52 %),0,0,0,0,22018805,5.21
07/04/2015,0,0,13.2(-1.49 %),0,0,0,0,22018805,5.21
08/04/2015,1000,13100000,13.2(0.00 %),1000,13100000,0,0,22017805,5.22
09/04/2015,0,0,13.4(1.52 %),0,0,0,0,22017805,5.22
10/04/2015,0,0,13.9(3.73 %),0,0,0,0,22017805,5.22
13/04/2015,30,405000,13.8(-0.72 %),30,405000,0,0,22017775,5.22
14/04/2015,0,0,13.5(-2.17 %),0,0,0,0,22017775,5.22
15/04/2015,-13000,-175300000,13.8(2.22 %),2000,27200000,15000,202500000,22030775,5.19
16/04/2015,0,0,13.5(-2.17 %),0,0,0,0,22030775,5.19
17/04/2015,0,0,13.6(0.74 %),0,0,0,0,22030775,5.19
20/04/2015,0,0,13.5(-0.74 %),0,0,0,0,22030775,5.19
21/04/2015,0,0,13.6(0.74 %),0,0,0,0,22030775,5.19
22/04/2015,0,0,13.7(0.74 %),0,0,0,0,22030775,5.19
23/04/2015,0,0,13.7(0.00 %),0,0,0,0,22030775,5.19
24/04/2015,0,0,13.5(-1.46 %),0,0,0,0,22030775,5.19
27/04/2015,0,0,13.5(0.00 %),0,0,0,0,22030775,5.19
04/05/2015,-3900,-52500000,13.5(0.00 %),1500,20400000,5400,72900000,22029290,5.19
05/05/2015,0,0,13.5(0.00 %),0,0,0,0,22029290,5.19
06/05/2015,0,0,13.6(0.74 %),0,0,0,0,22029290,5.19
07/05/2015,1500,20400000,13.5(-0.74 %),1500,20400000,0,0,22027790,5.2
08/05/2015,0,0,13.5(0.00 %),0,0,0,0,22027790,5.2
11/05/2015,0,0,13.4(-0.74 %),0,0,0,0,22027790,5.2
12/05/2015,0,0,13.5(0.75 %),0,0,0,0,22027790,5.2
13/05/2015,0,0,13.6(0.74 %),0,0,0,0,22027790,5.2
14/05/2015,0,0,13.7(0.74 %),0,0,0,0,22027790,5.2
15/05/2015,0,0,13.6(-0.73 %),0,0,0,0,22027790,5.2
18/05/2015,18000,244797000,13.6(0.00 %),18000,244797000,0,0,22009790,5.23
19/05/2015,49000,665200000,13.6(0.00 %),49000,665200000,0,0,21960790,5.33
20/05/2015,53000,728400000,13.7(0.74 %),53000,728400000,0,0,21907790,5.44
21/05/2015,40000,549689000,13.7(0.00 %),40000,549689000,0,0,21867790,5.51
22/05/2015,35100,481090000,14.2(3.65 %),35100,481090000,0,0,21832690,5.58
25/05/2015,24000,345202000,14.3(0.70 %),24000,345202000,0,0,21808690,5.63
26/05/2015,15150,214100000,14(-2.10 %),15150,214100000,0,0,21793540,5.66
27/05/2015,1000,14200000,14.3(2.14 %),1000,14200000,0,0,21792540,5.66
28/05/2015,0,0,14.1(-1.40 %),0,0,0,0,21792540,5.66
29/05/2015,10160,143856000,14.2(0.71 %),14160,200656000,4000,56800000,21782380,5.68
01/06/2015,20000,288000000,14.4(1.41 %),20000,288000000,0,0,21763780,5.72
02/06/2015,10750,153725000,14.3(-0.69 %),10750,153725000,0,0,21753030,5.74
03/06/2015,10000,144000000,14.4(0.70 %),10000,144000000,0,0,21743030,5.76
04/06/2015,5590,78819000,14.3(-0.69 %),5590,78819000,0,0,21737440,5.77
05/06/2015,0,0,14(-2.10 %),0,0,0,0,21737440,5.77
08/06/2015,0,0,14.1(0.71 %),0,0,0,0,21737440,5.77
09/06/2015,0,0,13.9(-1.42 %),0,0,0,0,21737440,5.77
10/06/2015,13970,194786000,13.9(0.00 %),20000,278000000,6030,83214000,21723470,5.8
11/06/2015,12200,169680000,14(0.72 %),12200,169680000,0,0,21711270,5.83
12/06/2015,0,0,14(0.00 %),0,0,0,0,21711270,5.83
15/06/2015,0,0,14.2(1.43 %),0,0,0,0,21711270,5.83
16/06/2015,0,0,14.3(0.70 %),0,0,0,0,21711270,5.83
17/06/2015,0,0,13.9(-2.80 %),0,0,0,0,21711270,5.83
18/06/2015,0,0,13.8(-0.72 %),0,0,0,0,21711270,5.83
19/06/2015,0,0,13.9(0.72 %),0,0,0,0,21711270,5.83
22/06/2015,0,0,13.9(0.00 %),0,0,0,0,21711270,5.83
23/06/2015,0,0,13.9(0.00 %),0,0,0,0,21711270,5.83
24/06/2015,169600,2374541000,14(0.72 %),175000,2449601000,5400,75060000,21541670,6.16
25/06/2015,970,13483000,13.9(-0.71 %),970,13483000,0,0,21540700,6.17
26/06/2015,-1000,-13900000,13.9(0.00 %),0,0,1000,13900000,21541700,6.16
29/06/2015,750,10500000,13.9(0.00 %),750,10500000,0,0,21540950,6.16
30/06/2015,12450,186565000,14.2(2.16 %),53090,744639000,40640,558074000,21528500,6.19
01/07/2015,0,0,14.1(-0.70 %),0,0,0,0,21490860,6.26
02/07/2015,0,0,14.1(0.00 %),0,0,0,0,21490860,6.26
03/07/2015,-1600,-22400000,14(-0.71 %),0,0,1600,22400000,21492460,6.26
06/07/2015,0,0,14.1(0.71 %),0,0,0,0,21492460,6.26
07/07/2015,-108060,-1520646000,13.9(-1.42 %),0,0,108060,1520646000,21600520,6.05
08/07/2015,33740,472360000,13.9(0.00 %),34990,489860000,1250,17500000,21566780,6.11
09/07/2015,0,0,13.8(-0.72 %),0,0,0,0,21566780,6.11
10/07/2015,-86050,-1204700000,14.2(2.90 %),13950,195300000,100000,1400000000,21652830,5.94
13/07/2015,0,0,14.2(0.00 %),0,0,0,0,21652830,5.94
14/07/2015,0,0,14.2(0.00 %),0,0,0,0,21652830,5.94
15/07/2015,0,0,14.2(0.00 %),0,0,0,0,21652830,5.94
16/07/2015,0,0,14.2(0.00 %),0,0,0,0,21652830,5.94
17/07/2015,-4010,-56942000,14.3(0.70 %),0,0,4010,56942000,21656840,5.93
20/07/2015,-300,-4260000,14.2(-0.70 %),0,0,300,4260000,21657140,5.93
21/07/2015,0,0,14.2(0.00 %),0,0,0,0,21657140,5.93
22/07/2015,-500,-7200000,14.2(0.00 %),0,0,500,7200000,21657640,5.93
23/07/2015,0,0,14.3(0.70 %),0,0,0,0,21657640,5.93
24/07/2015,410,5822000,14.2(-0.70 %),710,10082000,300,4260000,21657230,5.93
27/07/2015,-300,-4260000,14.2(0.00 %),0,0,300,4260000,21657530,5.93
28/07/2015,-400,-5700000,14.3(0.70 %),0,0,400,5700000,21657930,5.93
29/07/2015,-100,-1430000,14.3(0.00 %),0,0,100,1430000,21658030,5.93
30/07/2015,-100,-1430000,14.2(-0.70 %),0,0,100,1430000,21658130,5.93
31/07/2015,-10,-140000,14.4(1.41 %),0,0,10,140000,21658140,5.93
03/08/2015,14400,203230000,14.1(-2.08 %),14400,203230000,0,0,21685175,5.88
04/08/2015,2800,40040000,14.3(1.42 %),2800,40040000,0,0,21682375,5.88
05/08/2015,13200,191980000,15(4.90 %),13200,191980000,0,0,21669175,5.91
06/08/2015,120,1780000,14.6(-2.67 %),120,1780000,0,0,21669055,5.91
07/08/2015,5300,77430000,14.7(0.68 %),5300,77430000,0,0,21663755,5.92
10/08/2015,130,1930000,14.7(0.00 %),130,1930000,0,0,21663625,5.92
11/08/2015,0,0,14.5(-1.36 %),0,0,0,0,21663625,5.92
12/08/2015,0,0,14.4(-0.69 %),0,0,0,0,21663625,5.92
13/08/2015,250,3640000,14.4(0.00 %),250,3640000,0,0,21663375,5.92
14/08/2015,40,580000,14.4(0.00 %),40,580000,0,0,21663335,5.92
17/08/2015,0,0,14.4(0.00 %),0,0,0,0,21663335,5.92
18/08/2015,100,1460000,14.7(2.08 %),100,1460000,0,0,21663235,5.92
19/08/2015,0,0,14.3(-2.72 %),0,0,0,0,21663235,5.92
20/08/2015,0,0,14.3(0.00 %),0,0,0,0,21663235,5.92
21/08/2015,0,0,14.3(0.00 %),0,0,0,0,21663235,5.92
24/08/2015,550,7530000,13.6(-4.90 %),550,7530000,0,0,21662685,5.92
25/08/2015,1000,14000000,14(2.94 %),1000,14000000,0,0,21661685,5.92
26/08/2015,1500,21150000,14.1(0.71 %),1500,21150000,0,0,21660185,5.93
27/08/2015,550,7810000,14.2(0.71 %),550,7810000,0,0,21659635,5.93
28/08/2015,4300,62140000,14.7(3.52 %),4300,62140000,0,0,21655335,5.94
31/08/2015,0,0,14.3(-2.72 %),0,0,0,0,21655335,5.94
01/09/2015,0,0,14.5(1.40 %),0,0,0,0,21655546,5.94
03/09/2015,0,0,14.4(-0.69 %),0,0,0,0,21655546,5.94
04/09/2015,0,0,14.3(-0.69 %),0,0,0,0,21655546,5.94
07/09/2015,170,2490000,14.3(0.00 %),170,2490000,0,0,21655376,5.94
08/09/2015,0,0,14.6(2.10 %),0,0,0,0,21655376,5.94
09/09/2015,50,730000,14.5(-0.68 %),50,730000,0,0,21655326,5.94
10/09/2015,50,730000,14.5(0.00 %),50,730000,0,0,21655276,5.94
11/09/2015,0,0,14.3(-1.38 %),0,0,0,0,21655276,5.94
14/09/2015,0,0,14.3(0.00 %),0,0,0,0,21655276,5.94
15/09/2015,0,0,14.3(0.00 %),0,0,0,0,21655276,5.94
16/09/2015,0,0,14.3(0.00 %),0,0,0,0,21655276,5.94
17/09/2015,0,0,14.7(2.80 %),0,0,0,0,21655276,5.94
18/09/2015,520,7590000,14.6(-0.68 %),520,7590000,0,0,21654756,5.94
21/09/2015,0,0,14.4(-1.37 %),0,0,0,0,21654756,5.94
22/09/2015,0,0,14.3(-0.69 %),0,0,0,0,21654756,5.94
23/09/2015,0,0,14.3(0.00 %),0,0,0,0,21654756,5.94
24/09/2015,-170,-2410000,14.3(0.00 %),0,0,170,2410000,21654926,5.94
25/09/2015,100,1440000,14.4(0.70 %),100,1440000,0,0,21654826,5.94
28/09/2015,0,0,14.4(0.00 %),0,0,0,0,21654826,5.94
29/09/2015,0,0,14.2(-1.39 %),0,0,0,0,21654826,5.94
30/09/2015,0,0,14.2(0.00 %),0,0,0,0,21654826,5.94
01/10/2015,-1150,-16220000,14.2(0.00 %),0,0,1150,16220000,21654826,5.94
02/10/2015,0,0,14.1(-0.70 %),0,0,0,0,21654826,5.94
05/10/2015,0,0,14.4(2.13 %),0,0,0,0,21654826,5.94
06/10/2015,0,0,14.4(0.00 %),0,0,0,0,21654826,5.94
07/10/2015,0,0,14.4(0.00 %),0,0,0,0,21654826,5.94
08/10/2015,40,580000,14.4(0.00 %),40,580000,0,0,21654786,5.94
09/10/2015,0,0,14.4(0.00 %),0,0,0,0,21654786,5.94
12/10/2015,0,0,14.6(1.39 %),0,0,0,0,21654786,5.94
13/10/2015,60,900000,14.6(0.00 %),60,900000,0,0,21654726,5.94
14/10/2015,0,0,14.7(0.68 %),0,0,0,0,21654726,5.94
15/10/2015,0,0,14.7(0.00 %),0,0,0,0,21654726,5.94
16/10/2015,0,0,14.8(0.68 %),0,0,0,0,21654726,5.94
19/10/2015,0,0,14.6(-1.35 %),0,0,0,0,21654726,5.94
20/10/2015,0,0,14.5(-0.68 %),0,0,0,0,21654726,5.94
21/10/2015,0,0,14.7(1.38 %),0,0,0,0,21654726,5.94
22/10/2015,0,0,14.6(-0.68 %),0,0,0,0,21654726,5.94
23/10/2015,0,0,14.5(-0.68 %),0,0,0,0,21654726,5.94
26/10/2015,0,0,14.7(1.38 %),0,0,0,0,21654726,5.94
27/10/2015,0,0,14.5(-1.36 %),0,0,0,0,21654726,5.94
28/10/2015,0,0,14.7(1.38 %),0,0,0,0,21654726,5.94
29/10/2015,6020,91510000,15.3(4.08 %),6020,91510000,0,0,21648706,5.95
30/10/2015,0,0,15.4(0.65 %),0,0,0,0,21648706,5.95
02/11/2015,-280,-4340000,15.3(-0.65 %),320,4900000,600,9240000,21649549,5.95
03/11/2015,400,6080000,15.3(0.00 %),400,6080000,0,0,21649149,5.95
04/11/2015,0,0,15(-1.96 %),0,0,0,0,21649149,5.95
05/11/2015,0,0,14.8(-1.33 %),0,0,0,0,21649149,5.95
06/11/2015,0,0,14.6(-1.35 %),0,0,0,0,21649149,5.95
09/11/2015,2670,39400000,14.9(2.05 %),2700,39840000,30,440000,21646479,5.95
10/11/2015,-230,-3340000,14.9(0.00 %),60,890000,290,4230000,21646709,5.95
11/11/2015,0,0,14.6(-2.01 %),0,0,0,0,21646709,5.95
12/11/2015,0,0,14.4(-1.37 %),0,0,0,0,21646709,5.95
13/11/2015,0,0,14.7(2.08 %),0,0,0,0,21646709,5.95
16/11/2015,0,0,13.9(-5.44 %),0,0,0,0,21646709,5.95
17/11/2015,0,0,13.5(-2.88 %),0,0,0,0,21646709,5.95
18/11/2015,0,0,13.7(1.48 %),0,0,0,0,21646709,5.95
19/11/2015,0,0,13.8(0.73 %),0,0,0,0,21646709,5.95
20/11/2015,3500,48480000,13.8(0.00 %),3500,48480000,0,0,21643209,5.96
23/11/2015,0,0,14.3(3.62 %),0,0,0,0,21643209,5.96
24/11/2015,7000,101650000,14.7(2.80 %),7000,101650000,0,0,21636809,5.97
25/11/2015,2300,34460000,15(2.04 %),2300,34460000,0,0,21634509,5.98
26/11/2015,37670,568830000,15.1(0.67 %),37670,568830000,0,0,21596839,6.05
27/11/2015,7000,102600000,14.5(-3.97 %),7000,102600000,0,0,21589839,6.07
30/11/2015,0,0,14.6(0.69 %),0,0,0,0,21589839,6.07
01/12/2015,3000,43500000,14.5(-0.68 %),3000,43500000,0,0,21586839,6.07
02/12/2015,0,0,14.7(1.38 %),0,0,0,0,21586839,6.07
03/12/2015,0,0,14.4(-2.04 %),0,0,0,0,21586839,6.07
04/12/2015,0,0,14.4(0.00 %),0,0,0,0,21586839,6.07
07/12/2015,3000,43200000,14.3(-0.69 %),3000,43200000,0,0,21583839,6.08
08/12/2015,0,0,14.5(1.40 %),0,0,0,0,21583839,6.08
09/12/2015,0,0,14.4(-0.69 %),0,0,0,0,21583839,6.08
10/12/2015,0,0,14.3(-0.69 %),0,0,0,0,21583839,6.08
11/12/2015,0,0,14.4(0.70 %),0,0,0,0,21583839,6.08
14/12/2015,0,0,14.5(0.69 %),0,0,0,0,21583839,6.08
15/12/2015,23000,333500000,14.6(0.69 %),23000,333500000,0,0,21560839,6.12
16/12/2015,0,0,14.5(-0.68 %),0,0,0,0,21560839,6.12
17/12/2015,17100,249660000,14.7(1.38 %),17100,249660000,0,0,21543739,6.16
18/12/2015,2000,29100000,14.7(0.00 %),2000,29100000,0,0,21541748,6.16
21/12/2015,550,7980000,14.6(-0.68 %),550,7980000,0,0,21541198,6.16
22/12/2015,0,0,14.5(-0.68 %),0,0,0,0,21541198,6.16
23/12/2015,5000,72500000,14.5(0.00 %),5000,72500000,0,0,21536198,6.17
24/12/2015,0,0,14.6(0.69 %),0,0,0,0,21536198,6.17
25/12/2015,100,1470000,14.6(0.00 %),100,1470000,0,0,21536098,6.17
28/12/2015,4000,44800000,10.9(-2.42 %),4000,44800000,0,0,21532098,6.18
29/12/2015,0,0,11.1(1.83 %),0,0,0,0,21532098,6.18
30/12/2015,0,0,11.1(0.00 %),0,0,0,0,21532103,6.18
31/12/2015,0,0,11.1(0.00 %),0,0,0,0,21532103,6.18
04/01/2016,-9000,-98100000,10.8(-2.70 %),0,0,9000,98100000,21532103,6.18
05/01/2016,0,0,10.7(-0.93 %),0,0,0,0,21532103,6.18
06/01/2016,0,0,10.7(0.00 %),0,0,0,0,21532103,6.18
07/01/2016,0,0,10.6(-0.93 %),0,0,0,0,21541103,6.16
08/01/2016,2500,26250000,10.5(-0.94 %),2500,26250000,0,0,21538603,6.17
11/01/2016,4600,48340000,10.7(1.90 %),4600,48340000,0,0,21534003,6.18
12/01/2016,3000,31200000,10.6(-0.93 %),3000,31200000,0,0,21531003,6.18
13/01/2016,0,0,10.8(1.89 %),0,0,0,0,21531003,6.18
14/01/2016,2150,22790000,10.8(0.00 %),2150,22790000,0,0,21528853,6.19
15/01/2016,0,0,10.6(-1.85 %),0,0,0,0,21528862,6.19
18/01/2016,10000,100420000,10(-5.66 %),15000,150420000,5000,50000000,21513862,6.22
19/01/2016,4780,49610000,10.6(6.00 %),4780,49610000,0,0,21509082,6.23
20/01/2016,0,0,10.5(-0.94 %),0,0,0,0,21509082,6.23
21/01/2016,0,0,10.3(-1.90 %),0,0,0,0,21514082,6.22
22/01/2016,0,0,10.5(1.94 %),0,0,0,0,21514082,6.22
25/01/2016,3500,37450000,10.7(1.90 %),3500,37450000,0,0,21510582,6.22
26/01/2016,0,0,10.6(-0.93 %),0,0,0,0,21510582,6.22
27/01/2016,0,0,10.6(0.00 %),0,0,0,0,21510582,6.22
28/01/2016,2600,27300000,10.3(-2.83 %),2600,27300000,0,0,21507982,6.23
29/01/2016,120,1260000,10.6(2.91 %),120,1260000,0,0,21507862,6.23
01/02/2016,3290,34580000,10.5(-0.94 %),3290,34580000,0,0,21504572,6.24
02/02/2016,0,0,10.5(0.00 %),0,0,0,0,21504572,6.24
03/02/2016,1550,15980000,10.3(-1.90 %),1550,15980000,0,0,21503022,6.24
04/02/2016,0,0,10.5(1.94 %),0,0,0,0,21503022,6.24
05/02/2016,0,0,10.8(2.86 %),0,0,0,0,21503022,6.24
15/02/2016,-5900,-61330000,10.6(-1.85 %),100,1070000,6000,62400000,21502922,6.24
16/02/2016,0,0,10.6(0.00 %),0,0,0,0,25809097,7.47
17/02/2016,0,0,10.5(-0.94 %),0,0,0,0,25809097,7.47
18/02/2016,200,2120000,10.6(0.95 %),200,2120000,0,0,25814897,7.46
19/02/2016,-5690,-60310000,10.7(0.94 %),0,0,5690,60310000,25814897,6.22
22/02/2016,0,0,10.7(0.00 %),0,0,0,0,25814897,6.22
23/02/2016,0,0,10.7(0.00 %),0,0,0,0,25814897,6.22
24/02/2016,200,2120000,10.6(-0.93 %),200,2120000,0,0,25820387,6.21
25/02/2016,0,0,10.6(0.00 %),0,0,0,0,25820387,6.21
26/02/2016,0,0,10.6(0.00 %),0,0,0,0,25820387,6.21
29/02/2016,4500,47740000,10.7(0.94 %),4500,47740000,0,0,25815887,6.22
01/03/2016,750,7960000,10.7(0.00 %),750,7960000,0,0,25815137,6.22
02/03/2016,5000,53500000,10.7(0.00 %),5000,53500000,0,0,25810137,6.23
03/03/2016,-57920,-610480000,10.6(-0.93 %),5000,53510000,62920,663990000,25805137,6.24
04/03/2016,-26660,-279930000,10.6(0.00 %),0,0,26660,279930000,25805137,6.24
07/03/2016,43000,467940000,11(3.77 %),43000,467940000,0,0,25762137,6.31
08/03/2016,680,7550000,11.1(0.91 %),700,7770000,20,220000,25824363,6.2
09/03/2016,1700,18700000,11(-0.90 %),1700,18700000,0,0,25849323,6.16
10/03/2016,-2020,-21610000,10.9(-0.91 %),5500,58950000,7520,80560000,25843823,6.17
11/03/2016,5030,54030000,10.8(-0.92 %),5030,54030000,0,0,25838813,6.18
14/03/2016,3470,36820000,10.8(0.00 %),3470,36820000,0,0,25835343,6.19
15/03/2016,870,9140000,10.6(-1.85 %),870,9140000,0,0,25841993,6.17
16/03/2016,13000,139100000,10.6(0.00 %),13000,139100000,0,0,25828993,6.2
17/03/2016,700,7560000,10.8(1.89 %),700,7560000,0,0,25828293,6.2
18/03/2016,0,0,10.8(0.00 %),0,0,0,0,25828293,6.2
21/03/2016,3550,37640000,10.8(0.00 %),3550,37640000,0,0,25824743,6.2
22/03/2016,0,0,10.7(-0.93 %),0,0,0,0,25824743,6.2
23/03/2016,4240,44720000,10.5(-1.87 %),4240,44720000,0,0,25820503,6.21
24/03/2016,38000,402800000,10.6(0.95 %),38000,402800000,0,0,25782503,6.27
25/03/2016,5150,54590000,10.6(0.00 %),5150,54590000,0,0,25777353,6.28
28/03/2016,0,0,10.6(0.00 %),0,0,0,0,25777353,6.28
29/03/2016,5230,54950000,10.6(0.00 %),5230,54950000,0,0,25772123,6.29
30/03/2016,10200,108120000,10.6(0.00 %),10200,108120000,0,0,25761923,6.31
31/03/2016,11000,116740000,10.7(0.94 %),11000,116740000,0,0,25750923,6.33
01/04/2016,1160,12400000,10.7(0.00 %),1160,12400000,0,0,25749763,6.33
04/04/2016,200,2140000,10.7(0.00 %),200,2140000,0,0,25749563,6.33
05/04/2016,3350,35870000,10.8(0.93 %),3350,35870000,0,0,25746220,6.33
06/04/2016,1100,11780000,10.6(-1.85 %),1100,11780000,0,0,25745120,6.34
07/04/2016,2000,21400000,10.7(0.94 %),2000,21400000,0,0,25743120,6.34
08/04/2016,600,6470000,10.8(0.93 %),600,6470000,0,0,25742520,6.34
11/04/2016,20050,215550000,10.8(0.00 %),20050,215550000,0,0,25722470,6.37
12/04/2016,7900,85330000,10.8(0.00 %),7900,85330000,0,0,25714570,6.39
13/04/2016,-330,-3520000,10.8(0.00 %),670,7180000,1000,10700000,25713900,6.39
14/04/2016,4800,51840000,10.8(0.00 %),18800,203040000,14000,151200000,25695100,6.42
15/04/2016,-26700,-285900000,10.7(-0.93 %),1300,13940000,28000,299840000,25693800,6.42
19/04/2016,7000,73500000,10.5(-1.87 %),7000,73500000,0,0,25687800,6.43
20/04/2016,-17460,-184860000,10.7(1.90 %),540,5740000,18000,190600000,25701260,6.41
21/04/2016,100,1060000,10.6(-0.93 %),100,1060000,0,0,25729160,6.36
22/04/2016,300,3220000,10.8(1.89 %),300,3220000,0,0,25728860,6.36
25/04/2016,0,0,10.7(-0.93 %),0,0,0,0,25746860,6.33
26/04/2016,100,1050000,10.5(-1.87 %),100,1050000,0,0,25746760,6.33
27/04/2016,150,1610000,10.7(1.90 %),150,1610000,0,0,25746610,6.33
28/04/2016,0,0,10.5(-1.87 %),0,0,0,0,25746610,6.33
29/04/2016,0,0,10.8(2.86 %),0,0,0,0,25746610,6.33
04/05/2016,-960,-10180000,10.6(-1.85 %),0,0,960,10180000,25746610,6.33
05/05/2016,100,1060000,10.6(0.00 %),100,1060000,0,0,25746510,6.33
06/05/2016,0,0,10.5(-0.94 %),0,0,0,0,25746510,6.33
09/05/2016,0,0,10.6(0.95 %),0,0,0,0,25747470,6.33
10/05/2016,-3000,-31200000,10.5(-0.94 %),0,0,3000,31200000,25747470,6.33
11/05/2016,0,0,10.4(-0.95 %),0,0,0,0,25747470,6.33
12/05/2016,0,0,10.5(0.96 %),0,0,0,0,25747470,6.33
13/05/2016,0,0,10.4(-0.95 %),0,0,0,0,25750470,6.33
16/05/2016,-2480,-25480000,10.5(0.96 %),520,5420000,3000,30900000,25749950,6.33
17/05/2016,-3000,-31200000,10.4(-0.95 %),0,0,3000,31200000,25749950,6.33
18/05/2016,-1900,-19550000,10.5(0.96 %),1100,11650000,3000,31200000,25748850,6.33
19/05/2016,-720,-7520000,10.5(0.00 %),200,2140000,920,9660000,25751650,6.32
20/05/2016,0,0,10.5(0.00 %),0,0,0,0,25754650,6.32
23/05/2016,0,0,10.5(0.00 %),0,0,0,0,25757650,6.31
24/05/2016,0,0,10.5(0.00 %),0,0,0,0,25758570,6.31
25/05/2016,4690,48790000,10.5(0.00 %),4690,48790000,0,0,25753880,6.32
26/05/2016,4100,42650000,10.5(0.00 %),7100,73850000,3000,31200000,25746781,6.33
27/05/2016,7000,72500000,10.5(0.00 %),7000,72500000,0,0,25739781,6.34
30/05/2016,5070,52735000,10.4(-0.95 %),5070,52735000,0,0,25734711,6.35
31/05/2016,17500,181060000,10.4(0.00 %),17500,181060000,0,0,25717211,6.38
01/06/2016,0,0,10.3(-0.96 %),0,0,0,0,25720211,6.38
02/06/2016,16070,168834000,10.4(0.97 %),17070,179134000,1000,10300000,25704141,6.4
03/06/2016,5020,51960000,10.4(0.00 %),5020,51960000,0,0,25698121,6.41
06/06/2016,40,420000,10.4(0.00 %),100,1040000,60,620000,25698021,6.41
07/06/2016,9000,94180000,10.4(0.00 %),9000,94180000,0,0,25690021,6.43
08/06/2016,-1210,-12710000,10.5(0.96 %),2000,21000000,3210,33710000,25688021,6.43
09/06/2016,5350,56210000,10.6(0.95 %),5350,56210000,0,0,25682731,6.44
10/06/2016,3000,31690000,10.6(0.00 %),3000,31690000,0,0,25679731,6.44
13/06/2016,0,0,10.5(-0.94 %),0,0,0,0,25682941,6.44
14/06/2016,200,2100000,10.5(0.00 %),200,2100000,0,0,25682741,6.44
15/06/2016,0,0,10.5(0.00 %),0,0,0,0,25682741,6.44
16/06/2016,0,0,10.5(0.00 %),0,0,0,0,25682741,6.44
17/06/2016,0,0,10.5(0.00 %),0,0,0,0,25682741,6.44
20/06/2016,2800,29120000,10.5(0.00 %),2800,29120000,0,0,25679941,6.44
21/06/2016,0,0,10.5(0.00 %),0,0,0,0,25679941,6.44
22/06/2016,0,0,10.4(-0.95 %),0,0,0,0,25679941,6.44
23/06/2016,0,0,10.5(0.96 %),0,0,0,0,25679941,6.44
24/06/2016,6910,70550000,10.3(-1.90 %),6910,70550000,0,0,25673031,6.45
27/06/2016,7000,72100000,10.3(0.00 %),7000,72100000,0,0,25666031,6.47
28/06/2016,200,2080000,10.4(0.97 %),200,2080000,0,0,25665831,6.47
29/06/2016,200,2080000,10.4(0.00 %),200,2080000,0,0,25665631,6.47
30/06/2016,4000,41680000,10.8(3.85 %),4000,41680000,0,0,25661631,6.47
01/07/2016,9350,98450000,10.7(-0.93 %),9350,98450000,0,0,25652281,6.49
04/07/2016,7000,73500000,10.5(-1.87 %),7000,73500000,0,0,25645281,6.5
05/07/2016,18360,193480000,10.6(0.95 %),18360,193480000,0,0,25626921,6.53
06/07/2016,-1400,-14700000,10.5(-0.94 %),0,0,1400,14700000,25626921,6.53
07/07/2016,690,7390000,10.7(1.90 %),690,7390000,0,0,25626231,6.53
08/07/2016,6000,63600000,10.6(-0.93 %),6000,63600000,0,0,25620231,6.54
11/07/2016,180,1910000,10.6(0.00 %),180,1910000,0,0,25620231,6.54
12/07/2016,0,0,10.5(-0.94 %),0,0,0,0,25621451,6.54
13/07/2016,0,0,10.6(0.95 %),0,0,0,0,25621451,6.54
14/07/2016,3000,32100000,10.7(0.94 %),3000,32100000,0,0,25618451,6.55
15/07/2016,9000,96950000,10.6(-0.93 %),9000,96950000,0,0,25609451,6.56
18/07/2016,900,9540000,10.7(0.94 %),900,9540000,0,0,25608551,6.56
19/07/2016,6270,66600000,10.6(-0.93 %),7690,82080000,1420,15480000,25600861,6.57
20/07/2016,15350,164250000,10.7(0.94 %),15350,164250000,0,0,25585511,6.6
21/07/2016,0,0,10.7(0.00 %),0,0,0,0,25585511,6.6
22/07/2016,3000,31800000,10.7(0.00 %),3000,31800000,0,0,25583939,6.6
25/07/2016,0,0,10.5(-1.87 %),0,0,0,0,25583939,6.6
26/07/2016,-26360,-275540000,10.6(0.95 %),2600,27320000,28960,302860000,25581339,6.61
27/07/2016,3080,32650000,10.6(0.00 %),3080,32650000,0,0,25578259,6.61
28/07/2016,0,0,10.5(-0.94 %),0,0,0,0,25578259,6.61
29/07/2016,0,0,10.3(-1.90 %),0,0,0,0,25607219,6.56
01/08/2016,80,840000,10.4(0.97 %),80,840000,0,0,25607139,6.56
02/08/2016,1450,14940000,10.4(0.00 %),1450,14940000,0,0,25605689,6.57
03/08/2016,3100,31620000,10.2(-1.92 %),3100,31620000,0,0,25602589,6.57
04/08/2016,3000,31200000,10.4(1.96 %),3000,31200000,0,0,25599589,6.58
05/08/2016,11500,119550000,10.5(0.96 %),11500,119550000,0,0,25588089,6.6
08/08/2016,0,0,10.5(0.00 %),0,0,0,0,25588089,6.6
09/08/2016,8000,84000000,10.5(0.00 %),8000,84000000,0,0,25580089,6.61
10/08/2016,40,420000,10.5(0.00 %),40,420000,0,0,25580049,6.61
11/08/2016,5000,52510000,10.5(0.00 %),5000,52510000,0,0,25575049,6.62
12/08/2016,20050,211190000,10.6(0.95 %),20050,211190000,0,0,25554999,6.65
15/08/2016,0,0,10.5(-0.94 %),0,0,0,0,25554999,6.65
16/08/2016,0,0,10.5(0.00 %),0,0,0,0,25554999,6.65
17/08/2016,25740,272840000,10.6(0.95 %),25740,272840000,0,0,25529259,6.69
18/08/2016,20,210000,10.6(0.00 %),20,210000,0,0,25529239,6.69
19/08/2016,100,1060000,10.6(0.00 %),100,1060000,0,0,25529139,6.69
22/08/2016,50,530000,10.5(-0.94 %),50,530000,0,0,25529089,6.69
23/08/2016,820,8610000,10.5(0.00 %),820,8610000,0,0,25528269,6.69
24/08/2016,50,530000,10.5(0.00 %),50,530000,0,0,25528219,6.69
25/08/2016,10,110000,10.5(0.00 %),10,110000,0,0,25528209,6.69
26/08/2016,70,740000,10.6(0.95 %),70,740000,0,0,25528139,6.69
29/08/2016,0,0,10.5(-0.94 %),0,0,0,0,25528139,6.69
30/08/2016,20,210000,10.5(0.00 %),20,210000,0,0,25528119,6.69
31/08/2016,-3390,-35540000,10.5(0.00 %),150,1580000,3540,37120000,25527969,6.69
01/09/2016,63090,668290000,10.7(1.90 %),63090,668290000,0,0,25464879,6.8
05/09/2016,-4010,-44450000,11.2(4.67 %),490,5400000,4500,49850000,25464389,6.8
06/09/2016,0,0,11.3(0.89 %),0,0,0,0,25467929,6.79
07/09/2016,105930,1220760000,11.8(4.42 %),105930,1220760000,0,0,25361999,6.97
08/09/2016,0,0,11.8(0.00 %),0,0,0,0,25366499,6.96
09/09/2016,85420,997910000,11.7(-0.85 %),85420,997910000,0,0,25281079,7.1
12/09/2016,65010,750120000,11.6(-0.85 %),80010,923370000,15000,173250000,25201069,7.24
13/09/2016,35080,402420000,11.5(-0.86 %),35080,402420000,0,0,25165989,7.29
14/09/2016,36710,421830000,11.5(0.00 %),36710,421830000,0,0,25129279,7.36
15/09/2016,10,110000,11.35(-1.30 %),10,110000,0,0,25144269,7.33
16/09/2016,90,1040000,11.5(1.32 %),90,1040000,0,0,25144179,7.33
19/09/2016,1510,17060000,11.4(-0.87 %),1510,17060000,0,0,25142669,7.33
20/09/2016,50000,551090000,11(-3.51 %),50000,551090000,0,0,25092669,7.42
21/09/2016,-15980,-174480000,11.3(2.73 %),4020,45630000,20000,220110000,25088649,7.42
22/09/2016,10730,121760000,11.45(1.33 %),10730,121760000,0,0,25077919,7.44
23/09/2016,30,350000,11.45(0.00 %),30,350000,0,0,25077889,7.44
26/09/2016,30,340000,11.45(0.00 %),30,340000,0,0,25097859,7.41
27/09/2016,100,1140000,11.15(-2.62 %),100,1140000,0,0,25097759,7.41
28/09/2016,10020,112220000,11.2(0.45 %),10020,112220000,0,0,25087739,7.42
29/09/2016,20030,227350000,11.7(4.46 %),20030,227350000,0,0,25067709,7.46
30/09/2016,4430,51540000,11.7(0.00 %),4430,51540000,0,0,25063279,7.47
03/10/2016,80350,936440000,11.6(-0.85 %),80350,936440000,0,0,24982929,7.6
04/10/2016,85160,993630000,11.7(0.86 %),85160,993630000,0,0,24897769,7.74
05/10/2016,12050,146130000,12.5(6.84 %),12050,146130000,0,0,24885719,7.76
06/10/2016,-1140,-14480000,12.95(3.60 %),0,0,1140,14480000,24885719,7.76
07/10/2016,29590,374280000,12.8(-1.16 %),29590,374280000,0,0,24856129,7.81
10/10/2016,70990,901180000,12.8(0.00 %),70990,901180000,0,0,24785139,7.93
11/10/2016,30650,390760000,13(1.56 %),30650,390760000,0,0,24755629,7.97
12/10/2016,47340,602400000,12.9(-0.77 %),47340,602400000,0,0,24708289,8.05
13/10/2016,10,130000,12.9(0.00 %),10,130000,0,0,24708279,8.05
14/10/2016,54620,699180000,12.85(-0.39 %),54620,699180000,0,0,24653659,8.14
17/10/2016,37530,485800000,12.85(0.00 %),38050,492530000,520,6730000,24615609,8.21
18/10/2016,22430,286430000,12.75(-0.78 %),38430,491230000,16000,204800000,24577179,8.27
19/10/2016,13770,176210000,13(1.96 %),13770,176210000,0,0,24563395,8.29
20/10/2016,10000,130900000,13(0.00 %),10000,130900000,0,0,24553915,8.31
21/10/2016,3000,38700000,13.1(0.77 %),3000,38700000,0,0,24566915,8.29
24/10/2016,60,780000,13(-0.76 %),60,780000,0,0,24566855,8.29
25/10/2016,30000,383750000,12.75(-1.92 %),30000,383750000,0,0,24536855,8.34
26/10/2016,45000,571250000,12.85(0.78 %),45000,571250000,0,0,24491855,8.41
27/10/2016,35300,449980000,12.8(-0.39 %),35300,449980000,0,0,24456555,8.47
28/10/2016,0,0,12.6(-1.56 %),0,0,0,0,24456555,8.47
31/10/2016,32770,417000000,12.7(0.79 %),32770,417000000,0,0,24423785,8.52
01/11/2016,49820,628300000,12.75(0.39 %),50420,635860000,600,7560000,24373365,8.61
02/11/2016,17250,220390000,12.6(-1.18 %),68250,865200000,51000,644810000,24305115,8.72
03/11/2016,42490,525510000,12.45(-1.19 %),57900,717890000,15410,192380000,24247215,8.82
04/11/2016,56980,705100000,12.4(-0.40 %),66980,829100000,10000,124000000,24180835,8.93
07/11/2016,5030,60380000,12.3(-0.81 %),53030,645980000,48000,585600000,24178805,8.93
08/11/2016,13330,162630000,12.25(-0.41 %),13330,162630000,0,0,24180886,8.93
09/11/2016,-1350,-16530000,12.2(-0.41 %),33670,406910000,35020,423440000,24157216,8.97
10/11/2016,40,500000,12.3(0.82 %),40,500000,0,0,24205176,8.89
11/11/2016,140,1740000,12.4(0.81 %),140,1740000,0,0,24205036,8.89
14/11/2016,190,2360000,12.5(0.81 %),190,2360000,0,0,24239866,8.83
15/11/2016,10,130000,12.45(-0.40 %),10,130000,0,0,24239856,8.83
16/11/2016,20,250000,12.4(-0.40 %),20,250000,0,0,24239836,8.83
17/11/2016,10020,125250000,12.4(0.00 %),10020,125250000,0,0,24229816,8.85
18/11/2016,10030,124370000,12.3(-0.81 %),12720,157460000,2690,33090000,24217096,8.87
21/11/2016,20,250000,12.3(0.00 %),20,250000,0,0,24217076,8.87
22/11/2016,10070,123860000,12.4(0.81 %),10070,123860000,0,0,24207006,8.88
23/11/2016,5310,65850000,12.4(0.00 %),5310,65850000,0,0,24204386,8.89
24/11/2016,820,10180000,12.4(0.00 %),980,12160000,160,1980000,24203406,8.89
25/11/2016,-14460,-179080000,12.8(3.23 %),1050,13240000,15510,192320000,24202356,8.89
28/11/2016,20,250000,12.6(-1.56 %),20,250000,0,0,24202336,8.89
29/11/2016,4050,50230000,12.6(0.00 %),4050,50230000,0,0,24198446,8.9
30/11/2016,6010,74930000,12.6(0.00 %),6010,74930000,0,0,24207946,8.88
01/12/2016,0,0,12.5(-0.79 %),0,0,0,0,24207946,8.88
02/12/2016,0,0,12.4(-0.80 %),0,0,0,0,24207946,8.88
05/12/2016,1670,20730000,12.6(1.61 %),1670,20730000,0,0,24206276,8.89
06/12/2016,370,4600000,12.55(-0.40 %),370,4600000,0,0,24205906,8.89
07/12/2016,35620,439800000,12.55(0.00 %),35620,439800000,0,0,24170286,8.94
08/12/2016,170,2170000,12.8(1.99 %),170,2170000,0,0,24170116,8.95
09/12/2016,32150,404600000,12.7(-0.78 %),32150,404600000,0,0,24137966,9.0
12/12/2016,60,770000,12.7(0.00 %),60,770000,0,0,24137906,9.0
13/12/2016,53130,655620000,12.55(-1.18 %),53130,655620000,0,0,24084776,9.09
14/12/2016,4810,60360000,12.35(-1.59 %),6020,75550000,1210,15190000,24078756,9.1
15/12/2016,6080,76300000,12.4(0.40 %),6080,76300000,0,0,24072676,9.11
16/12/2016,6050,75930000,12.55(1.21 %),6050,75930000,0,0,24030802,9.18
19/12/2016,28030,349530000,12.55(0.00 %),28030,349530000,0,0,24039812,9.16
20/12/2016,9030,113280000,12.45(-0.80 %),9030,113280000,0,0,24030782,9.18
21/12/2016,31040,386400000,12.55(0.80 %),31040,386400000,0,0,23999742,9.23
22/12/2016,6900,86690000,12.55(0.00 %),6900,86690000,0,0,23992842,9.24
23/12/2016,6030,75680000,12.5(-0.40 %),6030,75680000,0,0,23986812,9.25
26/12/2016,5090,64190000,12.6(0.80 %),5090,64190000,0,0,23979702,9.26
27/12/2016,2010,25230000,12.4(-1.59 %),2010,25230000,0,0,23979702,9.26
28/12/2016,10,130000,12.5(0.81 %),10,130000,0,0,23979702,9.26
29/12/2016,40,500000,12.6(0.80 %),40,500000,0,0,23979662,9.26
30/12/2016,-970,-12020000,12.9(2.38 %),30,380000,1000,12400000,23979632,9.26
03/01/2017,40,510000,12.75(-1.16 %),40,510000,0,0,23979592,9.26
04/01/2017,50,630000,12.7(-0.39 %),50,630000,0,0,23979542,9.26
05/01/2017,2990,37670000,12.6(-0.79 %),2990,37670000,0,0,23977552,9.26
06/01/2017,170,2150000,12.6(0.00 %),170,2150000,0,0,23977382,9.26
09/01/2017,10,130000,12.8(1.59 %),10,130000,0,0,23977372,9.26
10/01/2017,39840,510920000,13(1.56 %),39840,510920000,0,0,23937532,9.33
11/01/2017,3020,39040000,12.9(-0.77 %),3020,39040000,0,0,23934512,9.34
12/01/2017,3010,38530000,12.9(0.00 %),3010,38530000,0,0,23931502,9.34
13/01/2017,3110,40420000,13(0.78 %),3110,40420000,0,0,23928392,9.35
16/01/2017,3000,38700000,12.8(-1.54 %),3000,38700000,0,0,23925392,9.35
17/01/2017,3000,38400000,12.5(-2.34 %),3000,38400000,0,0,23922392,9.36
18/01/2017,0,0,12.8(2.40 %),0,0,0,0,23922392,9.36
19/01/2017,0,0,12.8(0.00 %),0,0,0,0,23922392,9.36
20/01/2017,50,640000,12.8(0.00 %),60,770000,10,130000,23922332,9.36
23/01/2017,3490,43630000,12.8(0.00 %),3490,43630000,0,0,23918842,9.36
24/01/2017,10,130000,12.8(0.00 %),10,130000,0,0,23918832,9.36
25/01/2017,5030,64130000,12.8(0.00 %),5030,64130000,0,0,23913812,9.37
02/02/2017,4410,56550000,12.8(0.00 %),7170,91780000,2760,35230000,23906642,9.38
03/02/2017,4550,58240000,12.9(0.78 %),5050,64640000,500,6400000,23901592,9.39
06/02/2017,5000,64460000,12.6(-2.33 %),5000,64460000,0,0,23896592,9.4
07/02/2017,150,1950000,13(3.17 %),150,1950000,0,0,23899202,9.39
08/02/2017,2610,33910000,12.9(-0.77 %),5020,64760000,2410,30850000,23894682,9.4
09/02/2017,5000,64500000,12.9(0.00 %),5000,64500000,0,0,23889688,9.41
10/02/2017,4990,63880000,13(0.78 %),5020,64260000,30,380000,23884668,9.42
13/02/2017,10,130000,12.9(-0.77 %),10,130000,0,0,23887068,9.41
14/02/2017,3170,40580000,12.85(-0.39 %),3170,40580000,0,0,23883898,9.42
15/02/2017,10,130000,12.9(0.39 %),10,130000,0,0,23883918,9.42
16/02/2017,720,9350000,13.4(3.88 %),720,9350000,0,0,23883198,9.42
17/02/2017,10,130000,13.2(-1.49 %),10,130000,0,0,23883188,9.42
20/02/2017,50,690000,14(6.06 %),60,830000,10,140000,23883128,9.42
21/02/2017,30,430000,14.4(2.86 %),30,430000,0,0,23883098,9.42
22/02/2017,10,140000,14.1(-2.08 %),10,140000,0,0,23883088,9.42
23/02/2017,10,140000,13.9(-1.42 %),10,140000,0,0,23883088,9.42
24/02/2017,10,140000,13.9(0.00 %),10,140000,0,0,23883078,9.42
27/02/2017,-20,-280000,14.3(2.88 %),30,420000,50,700000,23883021,9.42
28/02/2017,0,0,14.3(0.00 %),0,0,0,0,23883051,9.42
01/03/2017,30,430000,14.3(0.00 %),30,430000,0,0,23883021,9.42
02/03/2017,-13980,-194570000,13.95(-2.45 %),4010,56140000,17990,250710000,23879061,9.43
03/03/2017,4500,62950000,14(0.36 %),4500,62950000,0,0,23874569,9.43
06/03/2017,4000,55600000,13.9(-0.71 %),4000,55600000,0,0,23870569,9.44
07/03/2017,0,0,13.8(-0.72 %),0,0,0,0,23888559,9.41
08/03/2017,4020,55710000,13.8(0.00 %),4020,55710000,0,0,23884539,9.42
09/03/2017,0,0,12.65(0.40 %),0,0,0,0,23884539,9.42
10/03/2017,280,3510000,12.4(-1.98 %),280,3510000,0,0,23884259,9.42
13/03/2017,10200,128510000,13(4.84 %),10200,128510000,0,0,23874059,9.44
14/03/2017,0,0,12.9(-0.77 %),0,0,0,0,23874059,9.44
15/03/2017,-1000,-12800000,12.75(-1.16 %),0,0,1000,12800000,23874059,9.44
16/03/2017,-14710,-186820000,12.65(-0.78 %),0,0,14710,186820000,23874059,9.44
17/03/2017,21710,280000000,12.9(1.98 %),21710,280000000,0,0,23874059,9.44
20/03/2017,0,0,12.75(-1.16 %),0,0,0,0,23874059,9.44
21/03/2017,200,2570000,12.85(0.78 %),200,2570000,0,0,23874059,9.44
22/03/2017,280,3550000,12.5(-2.72 %),280,3550000,0,0,23874059,9.44
23/03/2017,40100,510530000,12.75(2.00 %),40100,510530000,0,0,23874059,9.44
24/03/2017,7010,88330000,12.8(0.39 %),7010,88330000,0,0,23874059,9.44
27/03/2017,55280,706880000,12.9(0.78 %),56410,721340000,1130,14460000,23874059,9.44
28/03/2017,300,3920000,13(0.78 %),300,3920000,0,0,23874059,9.44
29/03/2017,0,0,13(0.00 %),0,0,0,0,23874059,9.44
30/03/2017,0,0,13.1(0.77 %),0,0,0,0,23874059,9.44
31/03/2017,900,12060000,13.3(1.53 %),900,12060000,0,0,23874059,9.44
03/04/2017,40,520000,12.7(-4.51 %),40,520000,0,0,23763949,9.62
04/04/2017,0,0,12.85(1.18 %),0,0,0,0,23763949,9.62
05/04/2017,0,0,13(1.17 %),0,0,0,0,23763949,9.62
07/04/2017,-290,-3740000,13.05(0.38 %),10,130000,300,3870000,23763939,9.62
10/04/2017,0,0,13(-0.38 %),0,0,0,0,23763939,9.62
11/04/2017,23590,308970000,13.2(1.54 %),23590,308970000,0,0,23740349,9.66
12/04/2017,0,0,13.15(-0.38 %),0,0,0,0,23740649,9.66
13/04/2017,-780,-10420000,13.2(0.38 %),420,5420000,1200,15840000,23740229,9.66
14/04/2017,40980,532630000,13(-1.52 %),40980,532630000,0,0,23699249,9.73
17/04/2017,22400,288960000,12.85(-1.15 %),22410,289090000,10,130000,23676839,9.76
18/04/2017,123380,1610910000,13.7(6.61 %),123380,1610910000,0,0,23554659,9.97
19/04/2017,0,0,13.85(1.09 %),0,0,0,0,23554659,9.97
20/04/2017,1040,14000000,13.65(-1.44 %),1040,14000000,0,0,23553629,9.97
21/04/2017,24210,320790000,13.2(-3.30 %),24210,320790000,0,0,23529419,10.01
24/04/2017,-480,-6380000,13.3(0.76 %),20,270000,500,6650000,23529399,10.01
25/04/2017,-40,-520000,13.2(-0.75 %),0,0,40,520000,23529399,10.01
26/04/2017,240,3170000,13.4(1.52 %),240,3170000,0,0,23529159,10.01
27/04/2017,200,2560000,13.2(-1.49 %),200,2560000,0,0,23529459,10.01
28/04/2017,0,0,13.3(0.76 %),0,0,0,0,23529499,10.01
03/05/2017,200,2680000,13.6(2.26 %),200,2680000,0,0,23529299,10.01
04/05/2017,60700,824840000,13.5(-0.74 %),60730,825250000,30,410000,23468569,10.11
05/05/2017,0,0,13.6(0.74 %),0,0,0,0,23468569,10.11
08/05/2017,-3000,-40200000,13.5(-0.74 %),0,0,3000,40200000,23468569,10.11
09/05/2017,27030,367300000,13.8(2.22 %),27030,367300000,0,0,23441569,10.15
10/05/2017,100820,1410180000,14.2(2.90 %),102020,1426740000,1200,16560000,23339549,10.32
11/05/2017,0,0,14.05(-1.06 %),0,0,0,0,23342549,10.32
12/05/2017,0,0,14.1(0.36 %),0,0,0,0,23342549,10.32
15/05/2017,0,0,14.1(0.00 %),0,0,0,0,23343749,10.31
16/05/2017,35450,499740000,14(-0.71 %),35450,499740000,0,0,23308299,10.37
17/05/2017,16560,236440000,14.2(1.43 %),16560,236440000,0,0,23291739,10.4
18/05/2017,1100,15510000,14.1(-0.70 %),1100,15510000,0,0,23290639,10.4
19/05/2017,14190,200080000,14(-0.71 %),14190,200080000,0,0,23276449,10.43
22/05/2017,10,140000,13.9(-0.71 %),10,140000,0,0,23276439,10.43
23/05/2017,-30000,-411050000,13.7(-1.44 %),0,0,30000,411050000,23276439,10.43
24/05/2017,35000,481000000,13.7(0.00 %),35000,481000000,0,0,23241439,10.48
25/05/2017,70000,959000000,13.7(0.00 %),70000,959000000,0,0,23171439,10.6
26/05/2017,1000,13750000,13.8(0.73 %),1000,13750000,0,0,23200439,10.55
29/05/2017,51650,711510000,13.85(0.36 %),51650,711510000,0,0,23148789,10.64
30/05/2017,8000,110740000,13.7(-1.08 %),8000,110740000,0,0,23140790,10.65
31/05/2017,7510,106020000,14.3(4.38 %),7510,106020000,0,0,23133280,10.66
01/06/2017,5600,79240000,14(-2.10 %),5600,79240000,0,0,23127680,10.67
02/06/2017,-9430,-132480000,13.95(-0.36 %),4570,63520000,14000,196000000,23123110,10.68
05/06/2017,370,5180000,13.9(-0.36 %),370,5180000,0,0,23122740,10.68
06/06/2017,0,0,13.8(-0.72 %),0,0,0,0,23122740,10.68
07/06/2017,0,0,13.8(0.00 %),0,0,0,0,23136740,10.66
08/06/2017,510,7140000,14(1.45 %),510,7140000,0,0,23136230,10.66
09/06/2017,0,0,13.85(-1.07 %),0,0,0,0,23136230,10.66
12/06/2017,54450,761310000,14(1.08 %),60050,839150000,5600,77840000,23076180,10.76
13/06/2017,0,0,13.9(-0.71 %),0,0,0,0,23076180,10.76
14/06/2017,0,0,14(0.72 %),0,0,0,0,23076180,10.76
15/06/2017,1890,26870000,13.85(-1.07 %),1890,26870000,0,0,23079890,10.75
16/06/2017,10,140000,13.8(-0.36 %),10,140000,0,0,23079880,10.75
19/06/2017,-230,-3130000,13.95(1.09 %),250,3500000,480,6630000,23079630,10.75
20/06/2017,10,140000,14(0.36 %),10,140000,0,0,23079620,10.75
21/06/2017,-10000,-138500000,13.8(-1.43 %),0,0,10000,138500000,23079629,10.75
22/06/2017,1400,19420000,13.8(0.00 %),3400,47020000,2000,27600000,23076709,10.76
23/06/2017,0,0,13.9(0.72 %),0,0,0,0,23076709,10.76
26/06/2017,500,6980000,13.95(0.36 %),500,6980000,0,0,23086209,10.74
27/06/2017,620,8580000,13.85(-0.72 %),620,8580000,0,0,23087589,10.74
28/06/2017,0,0,13.95(0.72 %),0,0,0,0,23087589,10.74
29/06/2017,0,0,13.85(-0.72 %),0,0,0,0,23087589,10.74
30/06/2017,-2900,-39760000,14(1.08 %),2100,29400000,5000,69160000,23085490,10.74
03/07/2017,500,7000000,13.9(-0.71 %),500,7000000,0,0,23084990,10.74
04/07/2017,30,420000,14(0.72 %),30,420000,0,0,23084960,10.74
05/07/2017,0,0,14(0.00 %),0,0,0,0,23089960,10.74
06/07/2017,9630,136790000,14.5(3.57 %),9630,136790000,0,0,23080330,10.75
07/07/2017,3370,48400000,14.3(-1.38 %),3370,48400000,0,0,23076960,10.76
10/07/2017,-460,-6500000,14.15(-1.05 %),20,290000,480,6790000,23063410,10.78
11/07/2017,13530,192930000,14.3(1.06 %),13530,192930000,0,0,23063410,10.78
12/07/2017,0,0,14.25(-0.35 %),0,0,0,0,23063410,10.78
13/07/2017,25000,356250000,14.3(0.35 %),25000,356250000,0,0,23038890,10.82
14/07/2017,12600,180180000,14.3(0.00 %),15000,214500000,2400,34320000,23023890,10.84
17/07/2017,420,5920000,14.3(0.00 %),420,5920000,0,0,23023472,10.85
18/07/2017,10,140000,14.2(-0.70 %),10,140000,0,0,23023462,10.85
19/07/2017,20,280000,14.1(-0.70 %),20,280000,0,0,23025842,10.84
20/07/2017,0,0,14(-0.71 %),0,0,0,0,23025842,10.84
21/07/2017,220,3130000,14(0.00 %),220,3130000,0,0,23025622,10.84
24/07/2017,52000,730570000,14.4(2.86 %),52000,730570000,0,0,22973622,10.93
25/07/2017,0,0,14.15(-1.74 %),0,0,0,0,22973622,10.93
26/07/2017,0,0,14.15(0.00 %),0,0,0,0,22973452,10.93
27/07/2017,170,2420000,14.4(1.77 %),170,2420000,0,0,22973452,10.93
28/07/2017,0,0,14.7(2.08 %),0,0,0,0,22973452,10.93
31/07/2017,0,0,14.7(0.00 %),0,0,0,0,22973452,10.93
01/08/2017,25000,367000000,14.6(-0.68 %),25000,367000000,0,0,22948452,10.97
02/08/2017,9370,139720000,15.2(4.11 %),9370,139720000,0,0,22939082,10.99
03/08/2017,1300,19630000,15.2(0.00 %),1300,19630000,0,0,22937782,10.99
04/08/2017,4750,72840000,15.4(1.32 %),4850,74370000,100,1530000,22932932,11.0
07/08/2017,3670,56150000,15.3(-0.65 %),3670,56150000,0,0,22929262,11.0
08/08/2017,2050,30800000,15.3(0.00 %),2260,33950000,210,3150000,22927002,11.01
09/08/2017,4100,61310000,15.2(-0.65 %),4100,61310000,0,0,22923002,11.01
10/08/2017,5770,85420000,15(-1.32 %),5770,85420000,0,0,22917232,11.02
11/08/2017,2220,33440000,15.25(1.67 %),2220,33440000,0,0,22915222,11.02
14/08/2017,4620,69640000,15.2(-0.33 %),4620,69640000,0,0,22910602,11.03
15/08/2017,-450,-6700000,15.2(0.00 %),30,450000,480,7150000,22910572,11.03
16/08/2017,420,6340000,15.1(-0.66 %),420,6340000,0,0,22910152,11.03
17/08/2017,510,7660000,15.2(0.66 %),510,7660000,0,0,22909642,11.03
18/08/2017,7660,114360000,14.95(-1.64 %),7660,114360000,0,0,22902462,11.05
21/08/2017,60,880000,14.7(-1.67 %),60,880000,0,0,22902402,11.05
22/08/2017,90,1330000,14.5(-1.36 %),90,1330000,0,0,22902312,11.05
23/08/2017,10,150000,14.5(0.00 %),10,150000,0,0,22902302,11.05
24/08/2017,40,590000,14.7(1.38 %),40,590000,0,0,22902262,11.05
25/08/2017,32510,481100000,14.8(0.68 %),33010,488550000,500,7450000,22869252,11.1
28/08/2017,40,590000,14.8(0.00 %),40,590000,0,0,22869212,11.1
29/08/2017,7510,111150000,14.8(0.00 %),7510,111150000,0,0,22861702,11.11
30/08/2017,10,150000,15(1.35 %),10,150000,0,0,22862192,11.11
31/08/2017,710,10440000,14.7(-2.00 %),710,10440000,0,0,22861482,11.11
01/09/2017,-5290,-78290000,14.8(0.68 %),0,0,5290,78290000,22861482,11.11
05/09/2017,-2390,-35370000,14.8(0.00 %),0,0,2390,35370000,22861482,11.11
06/09/2017,9190,136130000,14.8(0.00 %),9720,143870000,530,7740000,22851762,11.13
07/09/2017,3000,44400000,14.65(-1.01 %),3000,44400000,0,0,22854052,11.13
08/09/2017,20,300000,14.75(0.68 %),20,300000,0,0,22856422,11.12
11/09/2017,-80,-1160000,14.75(0.00 %),30,440000,110,1600000,22856922,11.12
12/09/2017,0,0,14.65(-0.68 %),0,0,0,0,22856922,11.12
13/09/2017,0,0,14.65(0.00 %),0,0,0,0,22856922,11.12
14/09/2017,550,8000000,14.55(-0.68 %),550,8000000,0,0,22856483,11.12
15/09/2017,5710,83640000,14.7(1.03 %),5710,83640000,0,0,22850773,11.13
18/09/2017,-4500,-66150000,14.7(0.00 %),500,7350000,5000,73500000,22850273,11.13
19/09/2017,10,150000,14.7(0.00 %),10,150000,0,0,22850263,11.13
20/09/2017,5200,76490000,14.75(0.34 %),5420,79680000,220,3190000,22844845,11.14
21/09/2017,7600,111950000,14.7(-0.34 %),7600,111950000,0,0,22842245,11.15
22/09/2017,80,1170000,14.7(0.00 %),80,1170000,0,0,22842165,11.15
25/09/2017,370,5440000,14.6(-0.68 %),370,5440000,0,0,22842015,11.15
26/09/2017,3000,43800000,14.7(0.68 %),3000,43800000,0,0,22839015,11.15
27/09/2017,2310,33960000,14.7(0.00 %),2310,33960000,0,0,22836705,11.15
28/09/2017,100,1470000,14.6(-0.68 %),100,1470000,0,0,22836605,11.16
29/09/2017,1110,16250000,14.55(-0.34 %),2010,29440000,900,13190000,22834595,11.16
02/10/2017,260,3790000,14.6(0.34 %),260,3790000,0,0,22834335,11.16
03/10/2017,110,1600000,14.6(0.00 %),110,1600000,0,0,22834225,11.16
04/10/2017,0,0,14.7(0.68 %),0,0,0,0,22835125,11.16
05/10/2017,-420,-6170000,14.8(0.68 %),0,0,420,6170000,22835125,11.16
06/10/2017,-7220,-104680000,14.8(0.00 %),20,300000,7240,104980000,22835105,11.16
09/10/2017,40,590000,14.7(-0.68 %),40,590000,0,0,22835065,11.16
10/10/2017,0,0,14.75(0.34 %),0,0,0,0,22835485,11.16
11/10/2017,0,0,14.7(-0.34 %),0,0,0,0,22842725,11.14
12/10/2017,0,0,14.65(-0.34 %),0,0,0,0,22842725,11.14
13/10/2017,640,9230000,14.55(-0.68 %),1010,14650000,370,5420000,22841715,11.15
16/10/2017,-1170,-17420000,14.9(2.41 %),10,150000,1180,17570000,22841705,11.15
17/10/2017,-980,-14600000,14.9(0.00 %),20,300000,1000,14900000,22841685,11.15
18/10/2017,50,750000,14.9(0.00 %),80,1190000,30,440000,22841975,11.15
19/10/2017,5000,74500000,14.9(0.00 %),5000,74500000,0,0,22838155,11.15
20/10/2017,-730,-10810000,14.9(0.00 %),620,9120000,1350,19930000,22838535,11.15
23/10/2017,0,0,14.9(0.00 %),0,0,0,0,22838567,11.15
24/10/2017,520,7770000,14.85(-0.34 %),520,7770000,0,0,22838047,11.15
25/10/2017,130,1930000,14.8(-0.34 %),130,1930000,0,0,22839267,11.15
26/10/2017,7070,105290000,15(1.35 %),7070,105290000,0,0,22832197,11.16
27/10/2017,22400,333010000,14.9(-0.67 %),22400,333010000,0,0,22809797,11.2
30/10/2017,1470,21900000,14.9(0.00 %),1470,21900000,0,0,22808327,11.2
31/10/2017,37970,564500000,14.95(0.34 %),37970,564500000,0,0,22770357,11.26
01/11/2017,10,150000,14.9(-0.33 %),10,150000,0,0,22770347,11.26
02/11/2017,16930,253580000,14.75(-1.01 %),16930,253580000,0,0,22753417,11.29
03/11/2017,120,1790000,15(1.69 %),120,1790000,0,0,22753300,11.29
06/11/2017,-4300,-64020000,14.9(-0.67 %),0,0,4300,64020000,22753300,11.29
07/11/2017,0,0,14.95(0.34 %),0,0,0,0,22753300,11.29
08/11/2017,5100,76000000,14.95(0.00 %),5100,76000000,0,0,22748200,11.3
09/11/2017,-600,-8940000,14.85(-0.67 %),0,0,600,8940000,22752500,11.29
10/11/2017,20,300000,14.95(0.67 %),20,300000,0,0,22752480,11.29
13/11/2017,10,150000,14.95(0.00 %),10,150000,0,0,22752470,11.29
14/11/2017,0,0,14.95(0.00 %),0,0,0,0,22753070,11.29
15/11/2017,3600,53750000,14.9(-0.33 %),3600,53750000,0,0,22749470,11.3
16/11/2017,1420,21160000,14.9(0.00 %),1900,28310000,480,7150000,22747570,11.3
17/11/2017,900,13390000,14.9(0.00 %),900,13390000,0,0,22746670,11.3
20/11/2017,-6000,-89700000,15(0.67 %),0,0,6000,89700000,22746670,11.3
21/11/2017,1910,29270000,15(0.00 %),1910,29270000,0,0,22745240,11.31
22/11/2017,0,0,15(0.00 %),0,0,0,0,22745240,11.31
23/11/2017,-220,-3270000,14.95(-0.33 %),10,150000,230,3420000,22751230,11.3
24/11/2017,10000,148750000,14.95(0.00 %),10000,148750000,0,0,22741230,11.31
27/11/2017,10,150000,14.95(0.00 %),10,150000,0,0,22741220,11.31
28/11/2017,0,0,14.9(-0.33 %),0,0,0,0,22741450,11.31
29/11/2017,-2500,-37250000,14.9(0.00 %),0,0,2500,37250000,22741450,11.31
30/11/2017,1530,23540000,15.35(3.02 %),1530,23540000,0,0,22739920,11.32
01/12/2017,6010,93050000,15.2(-0.98 %),6010,93050000,0,0,22733910,11.33
04/12/2017,2640,41240000,15.8(3.95 %),2640,41240000,0,0,22733770,11.33
05/12/2017,1810,28190000,15.8(0.00 %),1810,28190000,0,0,22731960,11.33
06/12/2017,600,9230000,15.55(-1.58 %),600,9230000,0,0,22731360,11.33
07/12/2017,0,0,15.1(-2.89 %),0,0,0,0,22731364,11.33
08/12/2017,5000,75000000,15(-0.66 %),5000,75000000,0,0,22726364,11.34
11/12/2017,3000,45000000,14.9(-0.67 %),3000,45000000,0,0,22723364,11.34
12/12/2017,20,300000,15(0.67 %),20,300000,0,0,22723344,11.34
13/12/2017,4240,63600000,15(0.00 %),4240,63600000,0,0,22719104,11.35
14/12/2017,0,0,14.95(-0.33 %),0,0,0,0,22719104,11.35
15/12/2017,-14990,-222230000,15(0.33 %),10,150000,15000,222380000,22719094,11.35
18/12/2017,0,0,15(0.00 %),0,0,0,0,22719094,11.35
19/12/2017,0,0,15.1(0.67 %),0,0,0,0,22719094,11.35
20/12/2017,10,150000,15.3(1.32 %),10,150000,0,0,22734084,11.33
21/12/2017,0,0,15.2(-0.65 %),0,0,0,0,22734084,11.33
22/12/2017,150,2280000,15.2(0.00 %),150,2280000,0,0,22733934,11.33
25/12/2017,0,0,15(-1.32 %),0,0,0,0,22733934,11.33
26/12/2017,14600,219000000,15.1(0.67 %),14600,219000000,0,0,22719342,11.35
27/12/2017,4000,60400000,15.2(0.66 %),8000,120800000,4000,60400000,22711342,11.36
28/12/2017,-3000,-45900000,15.4(1.32 %),0,0,3000,45900000,22711342,11.36
29/12/2017,500,7780000,15.7(1.95 %),500,7780000,0,0,22710842,11.36
02/01/2018,-4820,-73750000,15.5(-1.27 %),0,0,4820,73750000,22714842,11.36
03/01/2018,22210,344310000,15.5(0.00 %),23010,356660000,800,12350000,22694832,11.39
04/01/2018,19080,305280000,16.35(5.48 %),19120,305930000,40,650000,22675712,11.42
05/01/2018,130,2140000,16.5(0.92 %),130,2140000,0,0,22680402,11.41
08/01/2018,4010,66970000,16.8(1.82 %),4010,66970000,0,0,22677192,11.42
09/01/2018,1610,27660000,17(1.19 %),1610,27660000,0,0,22675622,11.42
10/01/2018,5090,86740000,16.8(-1.18 %),6090,103740000,1000,17000000,22669532,11.43
11/01/2018,910,14990000,17.05(1.49 %),3910,65690000,3000,50700000,22665622,11.44
12/01/2018,530,9070000,17.2(0.88 %),530,9070000,0,0,22665092,11.44
15/01/2018,-10,-170000,17.2(0.00 %),0,0,10,170000,22666092,11.44
16/01/2018,2450,41340000,16.8(-2.33 %),2450,41340000,0,0,22666642,11.44
17/01/2018,-2000,-33550000,16.85(0.30 %),0,0,2000,33550000,22666642,11.44
18/01/2018,-480,-8050000,16.3(-3.26 %),1020,16640000,1500,24690000,22665632,11.44
19/01/2018,-1550,-26290000,16.9(3.68 %),50,840000,1600,27130000,22665582,11.44
22/01/2018,-5340,-88380000,16.8(-0.59 %),660,11220000,6000,99600000,22666922,11.44
25/01/2018,48120,816520000,17.2(2.38 %),51360,871600000,3240,55080000,22624662,11.51
26/01/2018,5450,96080000,17.8(3.49 %),69360,1206110000,63910,1110030000,22555303,11.62
29/01/2018,860,14930000,17.4(-2.25 %),860,14930000,0,0,22554443,11.62
30/01/2018,24060,420220000,17.5(0.57 %),39160,681290000,15100,261070000,22518523,11.68
31/01/2018,-17060,-296480000,17.2(-1.71 %),840,14710000,17900,311190000,22581593,11.58
01/02/2018,-4180,-70660000,17.2(0.00 %),90,1560000,4270,72220000,22581503,11.58
02/02/2018,20,350000,17.2(0.00 %),40,690000,20,340000,22596563,11.55
05/02/2018,340,5750000,17.2(0.00 %),940,15860000,600,10110000,22613523,11.52
06/02/2018,-3630,-58030000,16.2(-5.81 %),70,1170000,3700,59200000,22617723,11.52
07/02/2018,-8730,-143000000,16.6(2.47 %),1290,21330000,10020,164330000,22616453,11.52
08/02/2018,0,0,16.2(-2.41 %),10,170000,10,170000,22617043,11.52
09/02/2018,240,3850000,16.2(0.00 %),240,3850000,0,0,22620503,11.51
12/02/2018,-9720,-155230000,16.8(3.70 %),540,8980000,10260,164210000,22629983,11.5
13/02/2018,40,680000,16.9(0.60 %),40,680000,0,0,22629953,11.5
21/02/2018,110,1870000,17(0.59 %),110,1870000,0,0,22629843,11.5
22/02/2018,-1040,-18040000,16.8(-1.18 %),420,6780000,1460,24820000,22639683,11.48
23/02/2018,20,340000,16.9(0.60 %),20,340000,0,0,22639668,11.48
26/02/2018,20,340000,16.8(-0.59 %),20,340000,0,0,22639648,11.48
27/02/2018,-480,-8160000,16.8(0.00 %),20,340000,500,8500000,22641088,11.48
28/02/2018,120,2040000,16.8(0.00 %),120,2040000,0,0,22640968,11.48
01/03/2018,-290,-4880000,16.7(-0.60 %),10,170000,300,5050000,22640958,11.48
02/03/2018,10,170000,16.85(0.90 %),10,170000,0,0,22641448,11.48
05/03/2018,-6230,-105880000,17(0.89 %),0,0,6230,105880000,22641448,11.48
06/03/2018,-4940,-84490000,17.1(0.59 %),100,1690000,5040,86180000,22641648,11.48
07/03/2018,3000,50800000,17(-0.58 %),9000,153900000,6000,103100000,22632648,11.49
08/03/2018,-1000,-17100000,16.9(-0.59 %),3000,51300000,4000,68400000,22635878,11.49
09/03/2018,7160,121600000,17.1(1.18 %),18500,314500000,11340,192900000,22622418,11.51
12/03/2018,2030,35520000,17.4(1.75 %),2030,35520000,0,0,22626388,11.5
13/03/2018,5100,89750000,17.4(0.00 %),5100,89750000,0,0,22625290,11.51
14/03/2018,0,0,17.1(-1.72 %),0,0,0,0,22636630,11.49
15/03/2018,13010,222480000,17(-0.58 %),13010,222480000,0,0,22623620,11.51
16/03/2018,10,170000,17(0.00 %),10,170000,0,0,22623610,11.51
19/03/2018,860,14630000,17(0.00 %),860,14630000,0,0,22622750,11.51
20/03/2018,27770,447100000,16.1(1.90 %),28970,466420000,1200,19320000,22593780,11.56
21/03/2018,9760,157140000,16.2(0.62 %),12040,193850000,2280,36710000,22581740,11.58
22/03/2018,12010,192660000,16.1(-0.62 %),12010,192660000,0,0,22569730,11.6
23/03/2018,5500,87500000,16(-0.62 %),5500,87500000,0,0,22565430,11.6
26/03/2018,-37900,-579510000,15.9(-0.62 %),2110,33930000,40010,613440000,22565600,11.6
27/03/2018,80,160000,15.8(-0.63 %),5110,79660000,5030,79500000,22560490,11.61
28/03/2018,20,320000,15.6(-1.27 %),20,320000,0,0,22560470,11.61
29/03/2018,10,160000,15.7(0.64 %),10,160000,0,0,22600470,11.55
30/03/2018,120,1900000,15.85(0.96 %),120,1900000,0,0,22605380,11.54
02/04/2018,520,7920000,15.2(-4.10 %),520,7920000,0,0,22604860,11.54
03/04/2018,350,5360000,15.55(2.30 %),5520,84460000,5170,79100000,22599340,11.55
04/04/2018,1330,20360000,15.5(-0.32 %),1330,20360000,0,0,22598010,11.55
05/04/2018,-9000,-134210000,15.25(-1.61 %),0,0,9000,134210000,22598010,11.55
06/04/2018,27010,413250000,15.3(0.33 %),27010,413250000,0,0,22576170,11.59
09/04/2018,-120,-1840000,15.2(-0.65 %),0,0,120,1840000,22576170,11.59
10/04/2018,110,1670000,15.1(-0.66 %),110,1670000,0,0,22585060,11.57
11/04/2018,-10,-150000,15.1(0.00 %),0,0,10,150000,22585060,11.57
12/04/2018,1450,21970000,15(-0.66 %),1450,21970000,0,0,22583730,11.57
13/04/2018,70,1060000,15.2(1.33 %),70,1060000,0,0,22583660,11.57
16/04/2018,30,450000,15(-1.32 %),30,450000,0,0,22583646,11.57
17/04/2018,10,150000,14.85(-1.00 %),10,150000,0,0,22583636,11.57
18/04/2018,220,3200000,14.5(-2.36 %),220,3200000,0,0,22583416,11.57
19/04/2018,0,10000,14.4(-0.69 %),10,150000,10,140000,22583406,11.57
20/04/2018,10,150000,14.5(0.69 %),10,150000,0,0,22583404,11.57
23/04/2018,40,580000,14.5(0.00 %),40,580000,0,0,22583364,11.57
24/04/2018,40,580000,14.3(-1.38 %),40,580000,0,0,22583334,11.57
26/04/2018,2750,38230000,13.9(-2.80 %),2750,38230000,0,0,22580584,11.58
27/04/2018,120,1690000,14.1(1.44 %),120,1690000,0,0,22580464,11.58
02/05/2018,0,0,14.1(0.00 %),0,0,0,0,22580464,11.58
03/05/2018,5400,76930000,14.5(2.84 %),5400,76930000,0,0,22575064,11.59
04/05/2018,0,0,14.55(0.34 %),0,0,0,0,22575069,11.59
07/05/2018,13330,186660000,14(-3.78 %),13460,188480000,130,1820000,22561609,11.61
08/05/2018,90,1250000,14.1(0.71 %),90,1250000,0,0,22561519,11.61
09/05/2018,10,140000,14.25(1.06 %),10,140000,0,0,22561509,11.61
10/05/2018,0,0,14.3(0.35 %),0,0,0,0,22561639,11.61
11/05/2018,10,140000,14.3(0.00 %),10,140000,0,0,22561629,11.61
14/05/2018,100,1430000,14.25(-0.35 %),110,1570000,10,140000,22561519,11.61
15/05/2018,4800,68160000,14.1(-1.05 %),5000,71000000,200,2840000,22556519,11.62
16/05/2018,330,4660000,14(-0.71 %),330,4660000,0,0,22556189,11.62
17/05/2018,20,280000,14.1(0.71 %),20,280000,0,0,22556179,11.62
18/05/2018,0,0,14.1(0.00 %),0,0,0,0,22556379,11.62
21/05/2018,1030,14530000,14.1(0.00 %),1030,14530000,0,0,22555349,11.62
22/05/2018,5710,81760000,14(-0.71 %),10010,141140000,4300,59380000,22545339,11.64
23/05/2018,-17990,-251860000,14(0.00 %),0,0,17990,251860000,22545339,11.64
24/05/2018,1150,15590000,13.8(-1.43 %),3000,41400000,1850,25810000,22542339,11.64
25/05/2018,0,0,13.8(0.00 %),0,0,0,0,22546639,11.64
28/05/2018,-2300,-31650000,13.7(-0.72 %),130,1780000,2430,33430000,22564499,11.61
29/05/2018,-180,-2480000,13.8(0.73 %),10,140000,190,2620000,22566339,11.6
30/05/2018,-5900,-79650000,13.8(0.00 %),10,140000,5910,79790000,22566329,11.6
31/05/2018,2340,32010000,13.65(-1.09 %),3480,47740000,1140,15730000,22565279,11.6
01/06/2018,50,700000,13.7(0.37 %),50,700000,0,0,22565419,11.6
04/06/2018,3430,48400000,13.7(0.00 %),4810,67310000,1380,18910000,22566519,11.6
05/06/2018,10,140000,14.1(2.92 %),10,140000,0,0,22567649,11.6
06/06/2018,30,420000,14.1(0.00 %),30,420000,0,0,22567619,11.6
07/06/2018,5010,70480000,13.9(-1.42 %),5010,70480000,0,0,22563989,11.61
08/06/2018,0,0,14.05(1.08 %),0,0,0,0,22563989,11.61
11/06/2018,-1230,-17220000,14.1(0.36 %),0,0,1230,17220000,22563989,11.61
12/06/2018,0,0,14(-0.71 %),0,0,0,0,22563990,11.61
13/06/2018,0,0,14(0.00 %),0,0,0,0,22563990,11.61
14/06/2018,-1800,-25540000,14.35(2.50 %),200,2860000,2000,28400000,22565020,11.61
15/06/2018,1500,21600000,14.35(0.00 %),1500,21600000,0,0,22563520,11.61
18/06/2018,4500,64580000,14.35(0.00 %),4500,64580000,0,0,22559020,11.62
19/06/2018,510,7400000,14(-2.44 %),510,7400000,0,0,22560510,11.61
20/06/2018,10,140000,14.25(1.79 %),10,140000,0,0,22560500,11.61
21/06/2018,3010,42750000,14.2(-0.35 %),3010,42750000,0,0,22557490,11.62
22/06/2018,0,0,14.2(0.00 %),0,0,0,0,22557490,11.62
25/06/2018,-3140,-43960000,14.25(0.35 %),10,140000,3150,44100000,22557480,11.62
26/06/2018,-5000,-70200000,14.3(0.35 %),0,0,5000,70200000,22557488,11.62
27/06/2018,210,2950000,14.3(0.00 %),210,2950000,0,0,22557278,11.62
28/06/2018,0,0,14.3(0.00 %),0,0,0,0,22560428,11.61
29/06/2018,820,11863000,15(4.90 %),820,11863000,0,0,22559608,11.61
02/07/2018,-7870,-112020000,14.2(-5.33 %),0,0,7870,112020000,22564608,11.61
03/07/2018,10,150000,14.2(0.00 %),10,150000,0,0,22564598,11.61
04/07/2018,1180,16740000,14.4(1.41 %),1180,16740000,0,0,22563418,11.61
05/07/2018,0,0,14.55(1.04 %),0,0,0,0,22571288,11.59
06/07/2018,-3490,-48510000,14.4(-1.03 %),270,3890000,3760,52400000,22571018,11.6
09/07/2018,0,0,14.3(-0.69 %),0,0,0,0,22571018,11.6
10/07/2018,0,0,14.35(0.35 %),0,0,0,0,22571018,11.6
11/07/2018,4200,58800000,14.3(-0.35 %),4200,58800000,0,0,22570578,11.6
12/07/2018,40,572000,14.3(0.00 %),40,572000,0,0,22570538,11.6
13/07/2018,0,0,14.3(0.00 %),0,0,0,0,22570538,11.6
16/07/2018,0,0,14.3(0.00 %),0,0,0,0,22570538,11.6
17/07/2018,0,0,14.25(-0.35 %),0,0,0,0,22570538,11.6
18/07/2018,700,9975000,14.15(-0.70 %),700,9975000,0,0,22569838,11.6
19/07/2018,-10,-140000,14.1(-0.35 %),0,0,10,140000,22569838,11.6
20/07/2018,0,0,14(-0.71 %),0,0,0,0,22569838,11.6
23/07/2018,-750,-10496500,14.35(2.50 %),640,8963500,1390,19460000,22570588,11.6
24/07/2018,-480,-6700000,13.95(-2.79 %),0,0,480,6700000,22569208,11.6
25/07/2018,10,140000,14.25(2.15 %),10,140000,0,0,22569198,11.6
26/07/2018,10,140000,14.15(-0.70 %),10,140000,0,0,22570578,11.6
27/07/2018,110,1540000,14(-1.06 %),110,1540000,0,0,22570948,11.6
30/07/2018,10,140000,13.95(-0.36 %),10,140000,0,0,22570938,11.6
31/07/2018,2010,28543500,14.2(1.79 %),2010,28543500,0,0,22568928,11.6
01/08/2018,30040,426570000,14.2(0.00 %),230040,3266570000,200000,2840000000,22538888,11.65
02/08/2018,-1570,-22290000,14.1(-0.70 %),30000,426000000,31570,448290000,22508888,11.7
03/08/2018,30,430000,14.2(0.71 %),30,430000,0,0,22508859,11.7
06/08/2018,-49090,-696838000,14.2(0.00 %),2230,32037000,51320,728875000,22557949,11.62
07/08/2018,70,1004000,14.3(0.70 %),70,1004000,0,0,22557879,11.62
08/08/2018,10,140000,14.2(-0.70 %),10,140000,0,0,22538119,11.65
09/08/2018,-5340,-74710000,14.2(0.00 %),448390,6205220000,453730,6279930000,22141049,12.31
10/08/2018,510,7400000,14.4(1.41 %),510,7400000,0,0,22140539,12.31
13/08/2018,-1370,-19320000,14.1(-2.08 %),0,0,1370,19320000,22140539,12.31
14/08/2018,10,140000,14.3(1.42 %),10,140000,0,0,22594259,11.56
15/08/2018,0,0,14.3(0.00 %),0,0,0,0,22594259,11.56
16/08/2018,90,1300000,14.5(1.40 %),90,1300000,0,0,22595539,11.55
17/08/2018,29920,421873500,14.25(-1.72 %),29920,421873500,0,0,22565619,11.6
20/08/2018,20,290000,14.3(0.35 %),20,290000,0,0,22565599,11.6
21/08/2018,2000,28000000,14(-2.10 %),2000,28000000,0,0,22563599,11.61
22/08/2018,30020,420290000,14.1(0.71 %),30020,420290000,0,0,22533579,11.66
23/08/2018,0,0,14.1(0.00 %),0,0,0,0,22533579,11.66
24/08/2018,-1180,-16512000,14.3(1.42 %),20,288000,1200,16800000,22534759,11.66
27/08/2018,4000,56400000,14.1(-1.40 %),4330,61120000,330,4720000,22529229,11.66
28/08/2018,8000,112800000,14.1(0.00 %),8980,126620000,980,13820000,22520249,11.68
29/08/2018,190,2690000,14.3(1.42 %),190,2690000,0,0,22521259,11.68
30/08/2018,0,0,14.1(-1.40 %),0,0,0,0,22521589,11.68
31/08/2018,13180,185550000,14.2(0.71 %),13180,185550000,0,0,22509389,11.7
04/09/2018,10100,142415000,14.15(-0.35 %),10100,142415000,0,0,23874059,9.44
05/09/2018,-4650,-65250000,14.3(1.06 %),110,1550000,4760,66800000,22499179,11.71
06/09/2018,0,0,14(-2.10 %),0,0,0,0,22499179,11.71
07/09/2018,-4430,-62019000,14.1(0.71 %),10,143000,4440,62162000,22503609,11.71
10/09/2018,0,0,14.2(0.71 %),0,0,0,0,22503929,11.71
11/09/2018,110,1570000,14(-1.41 %),110,1570000,0,0,22503819,11.71
12/09/2018,-1580,-22120000,14.1(0.71 %),600,8440000,2180,30560000,22507659,11.7
13/09/2018,20000,284000000,14.15(0.35 %),20000,284000000,0,0,22487659,11.73
14/09/2018,20,290000,14.2(0.35 %),20,290000,0,0,22487639,11.73
17/09/2018,640,8790000,14.2(0.00 %),640,8790000,0,0,22489179,11.73
18/09/2018,1440,20140000,14.15(-0.35 %),1440,20140000,0,0,22487739,11.73
19/09/2018,-18360,-260710000,14.2(0.35 %),510,7240000,18870,267950000,22487229,11.73
20/09/2018,-202830,-2880200000,14.15(-0.35 %),2350,33390000,205180,2913590000,22484879,11.74
21/09/2018,-50170,-712410000,14.2(0.35 %),100,1420000,50270,713830000,22484779,11.74
24/09/2018,-17000,-241362000,14.2(0.00 %),23210,329884000,40210,571246000,22501779,11.71
25/09/2018,-172150,-2454686850,14.2(0.00 %),20,285180,172170,2454972030,22673929,11.42
26/09/2018,20,290000,15.1(6.34 %),20,290000,0,0,22735849,11.32
27/09/2018,20020,298300000,15(-0.66 %),20020,298300000,0,0,22756039,11.29
28/09/2018,10,147500,14.75(-1.67 %),10,147500,0,0,22756029,11.29
01/10/2018,6800,100130000,15.1(2.37 %),6800,100130000,0,0,23191642,10.57
02/10/2018,1130,16780500,14.85(-1.66 %),1130,16780500,0,0,23190512,10.57
03/10/2018,10,150000,14.8(-0.34 %),10,150000,0,0,23190502,10.57
04/10/2018,20910,313120000,15.05(1.69 %),20910,313120000,0,0,23169592,10.6
05/10/2018,10,150000,15(-0.33 %),10,150000,0,0,23169582,10.6
08/10/2018,0,0,15(0.00 %),0,0,0,0,23169582,10.6
09/10/2018,30,450000,14.85(-1.00 %),40,600000,10,150000,23169542,10.6
10/10/2018,30,438000,14.5(-2.36 %),30,438000,0,0,23169512,10.6
11/10/2018,5730,81044000,14.5(0.00 %),7030,99639000,1300,18595000,23163782,10.61
12/10/2018,7770,112955000,14.5(0.00 %),7770,112955000,0,0,23156012,10.63
15/10/2018,3000,44100000,14.6(0.69 %),3000,44100000,0,0,23151722,10.63
16/10/2018,0,0,14.6(0.00 %),0,0,0,0,23153022,10.63
17/10/2018,0,0,14.6(0.00 %),0,0,0,0,23153022,10.63
18/10/2018,10,150000,14.65(0.34 %),10,150000,0,0,23153019,10.63
19/10/2018,-80,-1130500,14.5(-1.02 %),20,289500,100,1420000,23153099,10.63
22/10/2018,430,6150000,14.4(-0.69 %),430,6150000,0,0,23152569,10.63
23/10/2018,1720,25253000,14.2(-1.39 %),1720,25253000,0,0,23150849,10.63
24/10/2018,30,441000,14.5(2.11 %),30,441000,0,0,23150819,10.63
25/10/2018,-420,-5200000,14(-3.45 %),4500,62700000,4920,67900000,23146419,10.64
26/10/2018,-2140,-29680000,14(0.00 %),250,3480000,2390,33160000,23146169,10.64
29/10/2018,-19560,-271860000,14(0.00 %),440,6140000,20000,278000000,23145729,10.64
30/10/2018,10,143500,13.9(-0.71 %),10,143500,0,0,23145719,10.64
31/10/2018,190,2655000,14(0.72 %),190,2655000,0,0,23145529,10.64
01/11/2018,110,1550000,14.1(0.71 %),110,1550000,0,0,23172729,10.6
02/11/2018,20,285500,14.2(0.71 %),20,285500,0,0,23172709,10.6
05/11/2018,520,7390000,14.2(0.00 %),520,7390000,0,0,23172192,10.6
06/11/2018,10,144000,14.2(0.00 %),10,144000,0,0,23172182,10.6
07/11/2018,20,280000,14.2(0.00 %),20,280000,0,0,23172162,10.6
08/11/2018,10,140000,14.4(1.41 %),10,140000,0,0,23172152,10.6
09/11/2018,-10,-140000,14.35(-0.35 %),10,140000,20,280000,23172142,10.6
12/11/2018,0,0,14.2(-1.05 %),0,0,0,0,23172142,10.6
13/11/2018,820,11403000,14.4(1.41 %),820,11403000,0,0,23171322,10.6
14/11/2018,5010,70143500,14(-2.78 %),5010,70143500,0,0,23166312,10.61
15/11/2018,2740,38260000,14(0.00 %),2740,38260000,0,0,23163592,10.61
16/11/2018,5060,69840000,14(0.00 %),5060,69840000,0,0,23158532,10.62
19/11/2018,0,0,14(0.00 %),0,0,0,0,23158532,10.62
20/11/2018,20,280000,13.9(-0.71 %),20,280000,0,0,23158512,10.62
21/11/2018,0,0,14(0.72 %),0,0,0,0,23158512,10.62
22/11/2018,10,140000,14(0.00 %),10,140000,0,0,23158502,10.62
23/11/2018,0,0,14(0.00 %),0,0,0,0,23158502,10.62
26/11/2018,0,0,14.25(1.79 %),0,0,0,0,23158502,10.62
27/11/2018,2690,37797500,14(-1.75 %),2690,37797500,0,0,23155812,10.63
28/11/2018,-40,-550000,14(0.00 %),40,570000,80,1120000,23178162,10.59
29/11/2018,10,140000,13.9(-0.71 %),10,140000,0,0,23178152,10.59
30/11/2018,640,8950000,14.25(2.52 %),640,8950000,0,0,23177512,10.59
03/12/2018,1010,14041000,14.1(-1.05 %),1010,14041000,0,0,23176582,10.59
04/12/2018,0,0,14(-0.71 %),0,0,0,0,23176582,10.59
05/12/2018,0,0,14.1(0.71 %),0,0,0,0,23176582,10.59
06/12/2018,-3970,-55587000,14(-0.71 %),40,568000,4010,56155000,23180552,10.59
07/12/2018,60,840000,14.15(1.07 %),60,840000,0,0,23176482,10.59
10/12/2018,830,11840000,14.3(1.06 %),830,11840000,0,0,23175652,10.59
11/12/2018,1170,16710000,14.3(0.00 %),1170,16710000,0,0,23178492,10.59
12/12/2018,20,287000,14.3(0.00 %),20,287000,0,0,23178472,10.59
13/12/2018,0,0,14.3(0.00 %),0,0,0,0,23178472,10.59
14/12/2018,1310,19010000,14.3(0.00 %),1310,19010000,0,0,23177162,10.59
17/12/2018,10,150000,14.3(0.00 %),10,150000,0,0,23177152,10.59
18/12/2018,40,580000,14.45(1.05 %),40,580000,0,0,23177112,10.59
19/12/2018,1000,14400000,14.4(-0.35 %),1020,14690000,20,290000,23176092,10.59
20/12/2018,20,290000,14.3(-0.69 %),20,290000,0,0,23176072,10.59
21/12/2018,4010,57340000,14.3(0.00 %),4010,57340000,0,0,23172062,10.6
24/12/2018,40,580000,14.5(1.40 %),40,580000,0,0,23172042,10.6
25/12/2018,-1800,-25600000,14.2(-2.07 %),1200,16700000,3000,42300000,23170847,10.6
26/12/2018,10,142000,14.2(0.00 %),10,142000,0,0,23170837,10.6
27/12/2018,470,6660000,14.3(0.70 %),470,6660000,0,0,23170367,10.6
28/12/2018,130,1870000,14.5(1.40 %),130,1870000,0,0,23173237,10.6
02/01/2019,-10,-144500,14.45(-0.34 %),0,0,10,144500,23173238,10.6
03/01/2019,20,290000,14.5(0.35 %),20,290000,0,0,23173218,10.6
04/01/2019,0,0,14.35(-1.03 %),0,0,0,0,23173218,10.6
07/01/2019,50,754000,14.8(3.14 %),50,754000,0,0,23173168,10.6
08/01/2019,-6700,-98890000,14.75(-0.34 %),2020,29900000,8720,128790000,23171158,10.6
09/01/2019,-16950,-252560000,14.9(1.02 %),0,0,16950,252560000,23171158,10.6
10/01/2019,-10000,-149000000,14.55(-2.35 %),0,0,10000,149000000,23171158,10.6
11/01/2019,-12610,-187889000,14.9(2.41 %),610,9089000,13220,196978000,23183768,10.58
14/01/2019,20,300000,14.8(-0.67 %),20,300000,0,0,23196198,10.56
15/01/2019,10,150000,14.6(-1.35 %),10,150000,0,0,23206188,10.54
16/01/2019,0,0,14.85(1.71 %),0,0,0,0,23206188,10.54
17/01/2019,-19670,-292150000,14.8(-0.34 %),290,4260000,19960,296410000,23219118,10.52
18/01/2019,0,0,14.8(0.00 %),0,0,0,0,23219118,10.52
21/01/2019,-11220,-167800000,14.6(-1.35 %),0,0,11220,167800000,23219118,10.52
22/01/2019,-460,-6660000,14.85(1.71 %),20,300000,480,6960000,23239058,10.49
23/01/2019,4010,59350000,14.95(0.67 %),4010,59350000,0,0,23235048,10.49
24/01/2019,10,150000,15(0.33 %),10,150000,0,0,23246258,10.48
25/01/2019,30,448500,14.95(-0.33 %),30,448500,0,0,23235008,10.49
28/01/2019,0,0,14.95(0.00 %),0,0,0,0,23246708,10.48
29/01/2019,0,0,14.95(0.00 %),0,0,0,0,23235008,10.49
30/01/2019,0,0,14.9(-0.33 %),0,0,0,0,23235008,10.49
31/01/2019,10,149000,14.9(0.00 %),10,149000,0,0,23234998,10.49
01/02/2019,700,10181000,14.9(0.00 %),700,10181000,0,0,0,0.0
11/02/2019,4920,73308000,14.9(0.00 %),5000,74500000,80,1192000,23241078,10.48
12/02/2019,10,150000,14.9(0.00 %),10,150000,0,0,23240988,10.48
13/02/2019,0,0,14.9(0.00 %),0,0,0,0,23241068,10.48
14/02/2019,1000,14900000,14.9(0.00 %),1000,14900000,0,0,23240068,10.49
15/02/2019,0,0,14.9(0.00 %),0,0,0,0,23240068,10.49
18/02/2019,0,0,14.9(0.00 %),0,0,0,0,23240068,10.49
19/02/2019,-2430,-35835500,14.9(0.00 %),280,4172000,2710,40007500,23242498,10.48
20/02/2019,-19890,-292360000,14.9(0.00 %),110,1640000,20000,294000000,23239678,10.49
21/02/2019,930,13671000,14.8(-0.67 %),930,13671000,0,0,23261458,10.45
22/02/2019,0,0,14.8(0.00 %),0,0,0,0,23261458,10.45
25/02/2019,-4500,-66600000,14.9(0.68 %),1100,16280000,5600,82880000,23265958,10.44
26/02/2019,0,0,14.9(0.00 %),0,0,0,0,23260358,10.45
27/02/2019,0,0,14.9(0.00 %),0,0,0,0,23260358,10.45
28/02/2019,0,0,14.9(0.00 %),0,0,0,0,23265958,10.44
01/03/2019,0,0,14.8(-0.67 %),0,0,0,0,23265958,10.44
04/03/2019,0,0,14.9(0.68 %),0,0,0,0,23265958,10.44
05/03/2019,0,0,14.9(0.00 %),0,0,0,0,23265958,10.44
06/03/2019,0,0,14.9(0.00 %),0,0,0,0,23265958,10.44
07/03/2019,80,1190000,14.8(-0.67 %),80,1190000,0,0,23265878,10.44
08/03/2019,10,160000,15.1(2.03 %),30,460000,20,300000,23265848,10.44
11/03/2019,-14270,-210950000,15(-0.66 %),810,12230000,15080,223180000,23265038,10.45
12/03/2019,20,303000,14.95(-0.33 %),20,303000,0,0,23280118,10.42
13/03/2019,20,300000,14.9(-0.33 %),20,300000,0,0,23265018,10.45
14/03/2019,20,301000,14.9(0.00 %),20,301000,0,0,23280078,10.42
15/03/2019,20,300000,14.95(0.34 %),20,300000,0,0,23280058,10.42
18/03/2019,10,152000,15.2(1.67 %),10,152000,0,0,23280048,10.42
19/03/2019,20,305000,15.2(0.00 %),20,305000,0,0,23280028,10.42
20/03/2019,40,610000,15(-1.32 %),40,610000,0,0,23279988,10.42
21/03/2019,-780,-12040000,15.3(2.00 %),1320,20160000,2100,32200000,23278668,10.42
22/03/2019,10,160000,15.65(2.29 %),10,160000,0,0,23278658,10.42
25/03/2019,10,155000,15.5(-0.96 %),10,155000,0,0,23280748,10.42
26/03/2019,10,155000,15.5(0.00 %),10,155000,0,0,23280738,10.42
27/03/2019,0,0,15.7(1.29 %),0,0,0,0,23280738,10.42
28/03/2019,100,1580000,15.5(-1.27 %),100,1580000,0,0,23280638,10.42
29/03/2019,1850,28696000,15.7(1.29 %),1850,28696000,0,0,23278788,10.42
01/04/2019,0,0,15.8(0.64 %),0,0,0,0,23278788,10.42
02/04/2019,130,2080000,15.8(0.00 %),230,3630000,100,1550000,23278538,10.42
03/04/2019,10,160000,15.7(-0.63 %),10,160000,0,0,23278528,10.42
04/04/2019,-129940,-2032560000,15.6(-0.64 %),0,0,129940,2032560000,23278528,10.42
05/04/2019,-66880,-1027490000,15.35(-1.60 %),0,0,66880,1027490000,23278628,10.42
08/04/2019,-58400,-896440000,15.3(-0.33 %),0,0,58400,896440000,23278628,10.42
09/04/2019,-35120,-535581000,15.2(-0.65 %),0,0,35120,535581000,23568988,9.94
10/04/2019,-31560,-481280000,15.25(0.33 %),10,160000,31570,481440000,23475438,10.1
11/04/2019,-49960,-757376000,15.15(-0.66 %),0,0,49960,757376000,23650508,9.81
12/04/2019,-18780,-286400000,15.2(0.33 %),30,450000,18810,286850000,23568928,9.94
16/04/2019,-70710,-1057517500,14.95(-1.64 %),0,0,70710,1057517500,23739998,9.66
17/04/2019,-163930,-2439057000,14.9(-0.33 %),20,305000,163950,2439362000,23903928,9.39
18/04/2019,-121690,-1810902500,14.9(0.00 %),0,0,121690,1810902500,24025618,9.18
19/04/2019,0,0,15.9(6.71 %),20,310000,20,310000,23739939,9.66
22/04/2019,-44490,-681290000,15.7(-1.26 %),10,160000,44500,681450000,23903879,9.39
23/04/2019,-1860,-29010000,15.5(-1.27 %),10,160000,1870,29170000,24025559,9.18
24/04/2019,-14930,-230520000,15.4(-0.65 %),0,0,14930,230520000,24025579,9.18
25/04/2019,-3040,-46516000,15.4(0.00 %),0,0,3040,46516000,24089938,9.08
26/04/2019,-1210,-18634000,15.4(0.00 %),10,154000,1220,18788000,24091148,9.08
02/05/2019,0,0,15.3(-0.65 %),0,0,0,0,24086869,9.08
03/05/2019,-6480,-99880000,15.9(3.92 %),20,320000,6500,100200000,24089889,9.08
06/05/2019,10,158500,15.6(-1.89 %),10,158500,0,0,24093339,9.07
07/05/2019,-55850,-864640000,15.5(-0.64 %),810,12640000,56660,877280000,24090289,9.08
08/05/2019,-17900,-280030000,15.6(0.65 %),0,0,17900,280030000,24167089,8.95
09/05/2019,-5740,-89544000,15.5(-0.64 %),0,0,5740,89544000,24172829,8.94
10/05/2019,-82240,-1272676000,15.5(0.00 %),0,0,82240,1272676000,24255069,8.8
13/05/2019,-58200,-901890000,15.5(0.00 %),0,0,58200,901890000,24171355,8.94
14/05/2019,-35530,-550601000,15.9(2.58 %),380,6004000,35910,556605000,24348799,8.65
15/05/2019,-1390,-22450000,16.45(3.46 %),10,160000,1400,22610000,24258945,8.8
16/05/2019,3190,52350000,16.3(-0.91 %),3310,54290000,120,1940000,24313835,8.71
17/05/2019,-34980,-561980000,16.05(-1.53 %),40,640000,35020,562620000,24349705,8.65
20/05/2019,-9150,-146400000,16.25(1.25 %),0,0,9150,146400000,24351105,8.65
21/05/2019,13580,229950000,16.75(3.08 %),13580,229950000,0,0,24337645,8.67
22/05/2019,4510,76450000,16.85(0.60 %),4510,76450000,0,0,24368155,8.62
23/05/2019,0,0,16.8(-0.30 %),0,0,0,0,24377305,8.6
24/05/2019,0,0,14.7(-12.50 %),0,0,0,0,24377305,8.6
27/05/2019,-5400,-77520000,14.35(-2.38 %),0,0,5400,77520000,24377305,8.6
28/05/2019,-2900,-41410000,14.25(-0.70 %),1100,15790000,4000,57200000,24376205,8.6
29/05/2019,710,10120000,14.3(0.35 %),710,10120000,0,0,24375495,8.6
30/05/2019,0,0,14.05(-1.75 %),0,0,0,0,24380895,8.6
31/05/2019,520,7260000,14(-0.36 %),520,7260000,0,0,24384375,8.59
03/06/2019,7580,104510000,13.7(-2.14 %),8530,117720000,950,13210000,24375845,8.6
04/06/2019,20,282000,13.5(-1.46 %),20,282000,0,0,24375825,8.6
05/06/2019,20,280000,13.9(2.96 %),20,280000,0,0,24375805,8.6
06/06/2019,700,9730000,13.6(-2.16 %),700,9730000,0,0,24376055,8.6
07/06/2019,110,1526000,13.8(1.47 %),110,1526000,0,0,24374995,8.61
10/06/2019,27000,377386500,14(1.45 %),27000,377386500,0,0,24347995,8.65
11/06/2019,20820,291516000,14.15(1.07 %),20820,291516000,0,0,24327175,8.68
12/06/2019,8480,118430000,13.95(-1.41 %),8480,118430000,0,0,24319651,8.7
13/06/2019,10,139500,14(0.36 %),10,139500,0,0,24319635,8.7
14/06/2019,8120,113710000,14(0.00 %),8120,113710000,0,0,24311515,8.71
17/06/2019,1780,24740000,14(0.00 %),1780,24740000,0,0,24309741,8.71
18/06/2019,6860,96380000,14.1(0.71 %),6860,96380000,0,0,24302881,8.73
19/06/2019,3000,42000000,14(-0.71 %),3000,42000000,0,0,24299881,8.73
20/06/2019,660,9210000,14(0.00 %),660,9210000,0,0,24299221,8.73
21/06/2019,0,0,14(0.00 %),0,0,0,0,24299215,8.73
24/06/2019,10,140000,13.9(-0.71 %),10,140000,0,0,24299205,8.73
25/06/2019,3600,50680000,14(0.72 %),3600,50680000,0,0,24295605,8.74
26/06/2019,4600,64400000,14(0.00 %),4600,64400000,0,0,24291011,8.74
27/06/2019,2100,29620000,14.2(1.43 %),2100,29620000,0,0,24288911,8.75
28/06/2019,860,12524000,14.9(4.93 %),860,12524000,0,0,24288045,8.75
01/07/2019,180,2690000,14.6(-2.01 %),200,2980000,20,290000,24287851,8.75
02/07/2019,1670,24070000,14.8(1.37 %),5020,73817500,3350,49747500,24286381,8.75
03/07/2019,0,0,14.8(0.00 %),0,0,0,0,24286381,8.75
04/07/2019,50,740000,14.75(-0.34 %),50,740000,0,0,24282801,8.76
05/07/2019,3300,48680000,14.7(-0.34 %),3300,48680000,0,0,24282851,8.76
08/07/2019,1510,22200000,14.7(0.00 %),1510,22200000,0,0,24281341,8.76
09/07/2019,14290,211360000,14.8(0.68 %),14290,211360000,0,0,24267051,8.78
10/07/2019,0,0,14.7(-0.68 %),0,0,0,0,24267231,8.78
11/07/2019,30,438000,14.8(0.68 %),30,438000,0,0,24267201,8.78
12/07/2019,250,3600000,14.35(-3.04 %),250,3600000,0,0,24266951,8.78
15/07/2019,0,0,14.5(1.05 %),0,0,0,0,24266951,8.78
16/07/2019,3010,43650000,14.5(0.00 %),3010,43650000,0,0,24263761,8.79
17/07/2019,2500,36256000,14.6(0.69 %),2500,36256000,0,0,24261441,8.79
18/07/2019,-16460,-238670000,14.65(0.34 %),10,150000,16470,238820000,24261251,8.79
19/07/2019,10,150000,14.65(0.00 %),10,150000,0,0,24261241,8.79
22/07/2019,12640,183280000,14.5(-1.02 %),12640,183280000,0,0,24265251,8.79
23/07/2019,13750,200319000,14.6(0.69 %),18840,274633000,5090,74314000,24251501,8.81
24/07/2019,-4500,-64800000,14.5(-0.68 %),3000,43200000,7500,108000000,24243231,8.82
25/07/2019,1600,23200000,14.5(0.00 %),1600,23200000,0,0,24254401,8.81
26/07/2019,-10320,-147578000,14.5(0.00 %),0,0,10320,147578000,24264721,8.79
29/07/2019,6060,88483000,14.7(1.38 %),6060,88483000,0,0,24258661,8.8
30/07/2019,-54500,-792270000,14.65(-0.34 %),7500,108750000,62000,901020000,24240661,8.83
31/07/2019,1010,14750000,14.6(-0.34 %),6010,87750000,5000,73000000,24244971,8.82
01/08/2019,1730,24998500,14.5(-0.68 %),1730,24998500,0,0,24244971,8.82
02/08/2019,17570,254890000,14.6(0.69 %),17570,254890000,0,0,24287671,8.75
05/08/2019,100,1453000,14.6(0.00 %),100,1453000,0,0,24227301,8.85
06/08/2019,0,0,14.55(-0.34 %),0,0,0,0,24292571,8.74
07/08/2019,7840,114070000,14.6(0.34 %),7840,114070000,0,0,24284731,8.76
08/08/2019,25000,365000000,14.6(0.00 %),25000,365000000,0,0,24194461,8.9
09/08/2019,0,0,14.6(0.00 %),0,0,0,0,24259731,8.8
12/08/2019,5010,71950000,14.5(-0.68 %),5010,71950000,0,0,24254721,8.81
13/08/2019,0,0,14.45(-0.34 %),0,0,0,0,24189451,8.91
14/08/2019,250,3590000,14.45(0.00 %),250,3590000,0,0,24254471,8.81
15/08/2019,0,0,14.55(0.69 %),0,0,0,0,24254471,8.81
16/08/2019,0,0,14.55(0.00 %),0,0,0,0,24254471,8.81
19/08/2019,0,0,14.55(0.00 %),0,0,0,0,24254471,8.81
20/08/2019,0,0,14.25(-2.06 %),0,0,0,0,24254471,8.81
21/08/2019,40,581500,14.45(1.40 %),40,581500,0,0,24189161,8.91
22/08/2019,0,0,14.45(0.00 %),0,0,0,0,24189161,8.91
23/08/2019,0,0,14.5(0.35 %),0,0,0,0,24189161,8.91
26/08/2019,0,0,14.5(0.00 %),0,0,0,0,24189161,8.91
27/08/2019,-330,-4790000,14.5(0.00 %),0,0,330,4790000,24254431,8.81
28/08/2019,2000,28400000,14.3(-1.38 %),3000,42900000,1000,14500000,24187491,8.92
29/08/2019,250,3550000,14.2(-0.70 %),250,3550000,0,0,24251181,8.81
30/08/2019,-5260,-76810000,14.5(2.11 %),140,2030000,5400,78840000,24251371,8.81
03/09/2019,0,0,14.2(-2.07 %),0,0,0,0,24252371,8.81
04/09/2019,10,145000,14.3(0.70 %),10,145000,0,0,24252361,8.81
05/09/2019,10,150000,14.2(-0.70 %),10,150000,0,0,24257751,8.8
06/09/2019,0,0,14.2(0.00 %),0,0,0,0,24257751,8.8
09/09/2019,10,145000,14(-1.41 %),10,145000,0,0,24252341,8.81
10/09/2019,230,3236500,14.4(2.86 %),230,3236500,0,0,24252111,8.81
11/09/2019,10,140000,14.35(-0.35 %),10,140000,0,0,24257501,8.8
12/09/2019,-17910,-251531000,14(-2.44 %),2090,29469000,20000,281000000,24270011,8.78
13/09/2019,-2310,-32600000,14.1(0.71 %),8000,112800000,10310,145400000,24247411,8.82
16/09/2019,-50030,-702000000,14.2(0.71 %),10,140000,50040,702140000,24247401,8.82
17/09/2019,-100,-1430000,14.25(0.35 %),0,0,100,1430000,24267401,8.78
18/09/2019,10,144000,14.2(-0.35 %),118880,1694212000,118870,1694068000,24322441,8.69
19/09/2019,-1740,-25330000,14.2(0.00 %),3130,43820000,4870,69150000,24321181,8.69
20/09/2019,-1470,-20875500,14.2(0.00 %),280,3974500,1750,24850000,24325651,8.69
23/09/2019,-5790,-81060000,14.2(0.00 %),0,0,5790,81060000,24324431,8.69
24/09/2019,-34340,-488188000,14.2(0.00 %),600,8460000,34940,496648000,24365781,8.62
25/09/2019,-20,-284000,14.2(0.00 %),0,0,20,284000,24365801,8.62
26/09/2019,10,140000,14(-1.41 %),10,140000,0,0,24336231,8.67
27/09/2019,-2780,-39753500,14.3(2.14 %),10,143500,2790,39897000,24368571,8.62
30/09/2019,-2190,-31290000,14.35(0.35 %),0,0,2190,31290000,24371181,8.61
01/10/2019,7800,112320000,14.25(-0.70 %),7800,112320000,0,0,24371181,8.61
02/10/2019,0,0,14.2(-0.35 %),0,0,0,0,24366171,8.62
03/10/2019,10,140000,14.25(0.35 %),10,140000,0,0,24368351,8.62
04/10/2019,3860,55538000,14.25(0.00 %),3860,55538000,0,0,24367311,8.62
07/10/2019,0,0,14.2(-0.35 %),0,0,0,0,24367311,8.62
08/10/2019,-30,-430000,14.2(0.00 %),0,0,30,430000,24364491,8.62
09/10/2019,0,0,14(-1.41 %),0,0,0,0,24364491,8.62
10/10/2019,10,140000,14.2(1.43 %),10,140000,0,0,24364481,8.62
11/10/2019,0,0,14.1(-0.70 %),0,0,0,0,24364511,8.62
14/10/2019,650,9170000,14.05(-0.35 %),650,9170000,0,0,24363861,8.62
15/10/2019,-6990,-97610000,14(-0.36 %),10,140000,7000,97750000,24363851,8.62
16/10/2019,680,9520000,14(0.00 %),680,9520000,0,0,24372991,8.61
17/10/2019,1000,13900000,14(0.00 %),1000,13900000,0,0,24371991,8.61
18/10/2019,-7000,-96675000,14(0.00 %),0,0,7000,96675000,24378991,8.6
21/10/2019,-5370,-73850000,13.85(-1.07 %),1530,21270000,6900,95120000,24367642,8.62
22/10/2019,0,0,14.05(1.44 %),0,0,0,0,24384361,8.59
23/10/2019,7010,96906000,14.05(0.00 %),7010,96906000,0,0,24377351,8.6
24/10/2019,-10,-140000,14(-0.36 %),0,0,10,140000,24374532,8.61
25/10/2019,-39780,-549550000,13.8(-1.43 %),10,140000,39790,549690000,24374522,8.61
28/10/2019,-20180,-278480000,13.8(0.00 %),20,280000,20200,278760000,24374502,8.61
29/10/2019,-38220,-524710000,13.8(0.00 %),10,140000,38230,524850000,24374502,8.61
30/10/2019,-10170,-140351000,13.9(0.72 %),180,2484000,10350,142835000,24485711,8.42
31/10/2019,5640,77928000,13.95(0.36 %),10640,146928000,5000,69000000,24480071,8.43
01/11/2019,2500,34500000,13.8(-1.08 %),2500,34500000,0,0,24461902,8.46
04/11/2019,3010,41240000,13.9(0.72 %),3010,41240000,0,0,24466742,8.45
05/11/2019,5000,68500000,13.9(0.00 %),5000,68500000,0,0,24466742,8.45
06/11/2019,0,0,13.85(-0.36 %),0,0,0,0,24453892,8.47
07/11/2019,380,5240000,13.9(0.36 %),380,5240000,0,0,24466362,8.45
08/11/2019,120,1674000,13.9(0.00 %),120,1674000,0,0,24453392,8.48
11/11/2019,-5720,-78936000,13.8(-0.72 %),300,4140000,6020,83076000,24459112,8.47
12/11/2019,0,0,13.8(0.00 %),0,0,0,0,24465942,8.45
13/11/2019,-1240,-17110000,13.8(0.00 %),0,0,1240,17110000,24465942,8.45
14/11/2019,-14070,-194166000,13.8(0.00 %),0,0,14070,194166000,24474422,8.44
15/11/2019,-4810,-66378000,13.75(-0.36 %),200,2760000,5010,69138000,24479232,8.43
18/11/2019,-23650,-326369000,13.85(0.73 %),10,139000,23660,326508000,24502882,8.39
19/11/2019,-6870,-94810000,13.8(-0.36 %),0,0,6870,94810000,24487070,8.42
20/11/2019,0,0,13.7(-0.72 %),0,0,0,0,24509752,8.38
21/11/2019,0,0,13.8(0.73 %),0,0,0,0,24509752,8.38
22/11/2019,4850,66450000,13.85(0.36 %),4850,66450000,0,0,24517760,8.37
25/11/2019,0,0,13.85(0.00 %),0,0,0,0,24504902,8.39
26/11/2019,0,0,13.85(0.00 %),0,0,0,0,24517760,8.37
27/11/2019,20,276000,13.8(-0.36 %),30,414000,10,138000,24504882,8.39
28/11/2019,890,11982000,13.8(0.00 %),3010,41238000,2120,29256000,24503992,8.39
29/11/2019,-240,-3307000,13.8(0.00 %),2510,34643000,2750,37950000,24504232,8.39
02/12/2019,-1500,-20550000,13.8(0.00 %),4000,54600000,5500,75150000,24512220,8.38
03/12/2019,-21620,-293540000,13.8(0.00 %),6000,81600000,27620,375140000,24504340,8.39
04/12/2019,-17440,-237210000,13.8(0.00 %),3010,40940000,20450,278150000,24504080,8.39
05/12/2019,4160,57830000,13.65(-1.09 %),4200,58380000,40,550000,24505380,8.39
06/12/2019,-15990,-217712000,13.8(1.10 %),4010,54538000,20000,272250000,24563110,8.29
09/12/2019,-10000,-138000000,13.8(0.00 %),0,0,10000,138000000,24549440,8.32
10/12/2019,-18200,-251070000,13.85(0.36 %),1800,24930000,20000,276000000,24591310,8.25
11/12/2019,-20000,-276000000,13.8(-0.36 %),0,0,20000,276000000,24611310,8.21
12/12/2019,0,0,13.9(0.72 %),0,0,0,0,24577680,8.27
13/12/2019,-30010,-417640000,14(0.72 %),0,0,30010,417640000,24597680,8.24
16/12/2019,0,0,14.1(0.71 %),0,0,0,0,24641320,8.16
17/12/2019,-13250,-186925000,14.2(0.71 %),2750,38775000,16000,225700000,24654570,8.14
18/12/2019,40,460000,14.1(-0.70 %),2490,35005000,2450,34545000,24654530,8.14
19/12/2019,-1910,-26740000,14.25(1.06 %),10,140000,1920,26880000,24642440,8.16
20/12/2019,-5170,-73414000,14.2(-0.35 %),120,1704000,5290,75118000,24661610,8.13
23/12/2019,-6250,-88750000,14.2(0.00 %),10,142000,6260,88892000,24667860,8.12
24/12/2019,-5010,-71142000,14.2(0.00 %),10,142000,5020,71284000,24672870,8.11
25/12/2019,0,0,14.2(0.00 %),0,0,0,0,24672870,8.11
26/12/2019,5000,70500000,14.1(-0.70 %),5000,70500000,0,0,24667870,8.12
27/12/2019,2990,42160000,14.1(0.00 %),5000,70500000,2010,28340000,24669240,8.12
30/12/2019,-5010,-71142000,14.2(0.71 %),10,142000,5020,71284000,24669890,8.12
31/12/2019,20,370000,14.9(4.93 %),120,1780000,100,1410000,24669120,8.12
02/01/2020,-14980,-213040000,14.4(-3.36 %),0,0,14980,213040000,24671130,8.11
03/01/2020,330,4760000,14.7(2.08 %),330,4760000,0,0,24671800,8.11
06/01/2020,-5000,-71005000,14.7(0.00 %),0,0,5000,71005000,24675800,8.11
07/01/2020,10,145000,14.5(-1.36 %),10,145000,0,0,24675790,8.11
08/01/2020,0,0,14(-3.45 %),0,0,0,0,24686870,8.09
09/01/2020,10,140000,14.45(3.21 %),10,140000,0,0,24691860,8.08
10/01/2020,1380,19870000,14.3(-1.04 %),1380,19870000,0,0,24690480,8.08
13/01/2020,-10980,-153090000,14.3(0.00 %),20,287500,11000,153377500,24685380,8.09
14/01/2020,150,2100000,14(-2.10 %),150,2100000,0,0,24690310,8.08
15/01/2020,1720,25010000,14.05(0.36 %),1720,25010000,0,0,24688590,8.09
16/01/2020,-960,-13490000,14.55(3.56 %),0,0,960,13490000,24699590,8.07
17/01/2020,0,0,14.5(-0.34 %),0,0,0,0,24699596,8.07
20/01/2020,-5190,-74290000,14.5(0.00 %),10,150000,5200,74440000,24699594,8.07
21/01/2020,600,8700000,14.5(0.00 %),600,8700000,0,0,24699954,8.07
22/01/2020,-1320,-19140000,14.5(0.00 %),0,0,1320,19140000,24699954,8.07
30/01/2020,-79370,-1113943500,14.45(-0.34 %),630,9103500,80000,1123047000,24780644,7.93
31/01/2020,-4950,-74250000,15(3.81 %),50,750000,5000,75000000,24704474,8.06
03/02/2020,0,0,14.7(-2.00 %),0,0,0,0,24705794,8.06
04/02/2020,-6500,-95500000,14.7(0.00 %),500,7400000,7000,102900000,24785294,7.93
05/02/2020,-87930,-1278980000,14.6(-0.68 %),10,150000,87940,1279130000,24790284,7.92
06/02/2020,-41390,-601703000,14.6(0.00 %),0,0,41390,601703000,24841614,7.83
07/02/2020,0,0,14.7(0.68 %),0,0,0,0,24797284,7.91
10/02/2020,5020,71990000,14.4(-2.04 %),5020,71990000,0,0,24880204,7.77
11/02/2020,40,580000,14.6(1.39 %),40,580000,0,0,24921554,7.7
12/02/2020,2060,29870000,14.5(-0.68 %),2060,29870000,0,0,24919494,7.7
13/02/2020,0,0,14.5(0.00 %),0,0,0,0,24834494,7.84
14/02/2020,10,150000,14.5(0.00 %),10,150000,0,0,24919484,7.7
17/02/2020,-50,-710000,14.6(0.69 %),10,150000,60,860000,24919474,7.7
18/02/2020,230,3282000,14.5(-0.68 %),10230,148282000,10000,145000000,24834304,7.84
19/02/2020,-410,-5945000,14.5(0.00 %),0,0,410,5945000,24834714,7.84
20/02/2020,-4590,-66555000,14.5(0.00 %),0,0,4590,66555000,24839304,7.84
21/02/2020,-280,-4060000,14.5(0.00 %),0,0,280,4060000,24839584,7.84
24/02/2020,4010,58150000,14.3(-1.38 %),4010,58150000,0,0,24915713,7.71
25/02/2020,-470,-6580000,14.4(0.70 %),10,140000,480,6720000,24920293,7.7
26/02/2020,10,140000,14.4(0.00 %),10,140000,0,0,24920563,7.7
27/02/2020,0,0,14.4(0.00 %),0,0,0,0,24836034,7.84
28/02/2020,7140,99964000,14.4(0.00 %),8670,121384000,1530,21420000,24828894,7.85
02/03/2020,20,280000,14(-2.78 %),20,280000,0,0,24912353,7.72
03/03/2020,30,430000,14(0.00 %),30,430000,0,0,24912323,7.72
04/03/2020,10,143000,14(0.00 %),10,143000,0,0,24912313,7.72
05/03/2020,-230,-3220000,14(0.00 %),0,0,230,3220000,24912543,7.71
06/03/2020,-990,-13957000,14.2(1.43 %),10,143000,1000,14100000,24913533,7.71
09/03/2020,2500,35500000,13.95(-1.76 %),2500,35500000,0,0,24911033,7.72
10/03/2020,10,140000,14(0.36 %),10,140000,0,0,24911550,7.72
11/03/2020,0,0,13.9(-0.71 %),0,0,0,0,24911023,7.72
12/03/2020,220,2880000,0(0.00 %),220,2880000,0,0,24912330,7.72
13/03/2020,-4400,-55500000,13(0.39 %),40,520000,4440,56020000,24912290,7.72
16/03/2020,-4360,-56680000,13(0.00 %),0,0,4360,56680000,24919563,7.7
17/03/2020,-9480,-119090000,12.65(-2.69 %),20,260000,9500,119350000,24912270,7.72
18/03/2020,-16540,-207438000,13.05(3.16 %),10,128000,16550,207566000,24945583,7.66
19/03/2020,-16540,-207438000,12.5(-4.21 %),10,128000,16550,207566000,24962123,7.63
20/03/2020,-5010,-62320000,12.4(-0.80 %),0,0,5010,62320000,24930520,7.69
23/03/2020,-680,-7889000,11.95(-3.63 %),20,231000,700,8120000,24967813,7.62
24/03/2020,-25000,-288750000,11.9(-0.42 %),0,0,25000,288750000,24947050,7.66
25/03/2020,-10,-119000,12(0.84 %),0,0,10,119000,24992823,7.58
26/03/2020,0,0,12(0.00 %),0,0,0,0,24992823,7.58
27/03/2020,0,0,12(0.00 %),0,0,0,0,24992823,7.58
30/03/2020,-220,-2560000,12(0.00 %),10,120000,230,2680000,24977760,7.61
31/03/2020,6010,70018000,11.9(-0.83 %),6010,70018000,0,0,24987033,7.59
01/04/2020,-2800,-33040000,11.9(0.00 %),0,0,2800,33040000,24971750,7.62
03/04/2020,60,736500,12.3(3.36 %),60,736500,0,0,24971690,7.62
06/04/2020,-20,-258000,12.7(3.25 %),30,382000,50,640000,24971710,7.62
07/04/2020,30,390000,12.8(0.79 %),30,390000,0,0,24974660,7.61
08/04/2020,150,1980000,13.2(3.12 %),150,1980000,0,0,24974510,7.61
09/04/2020,10,134000,13.3(0.76 %),10,134000,0,0,24971520,7.62
10/04/2020,30,400000,13.4(0.75 %),30,400000,0,0,24974520,7.61
13/04/2020,20,270000,13.4(0.00 %),20,270000,0,0,24974500,7.61
14/04/2020,0,0,12.9(-3.73 %),0,0,0,0,24974500,7.61
15/04/2020,20,270000,13.25(2.71 %),20,270000,0,0,24974480,7.61
16/04/2020,0,0,13.1(-1.13 %),0,0,0,0,24974480,7.61
17/04/2020,0,0,13.35(1.91 %),0,0,0,0,24971450,7.62
20/04/2020,0,0,13.2(-1.12 %),0,0,0,0,24974483,7.61
21/04/2020,1000,13200000,13.2(0.00 %),1000,13200000,0,0,24973483,7.61
22/04/2020,10,130000,13(-1.52 %),10,130000,0,0,24973473,7.61
23/04/2020,0,0,13(0.00 %),0,0,0,0,24973473,7.61
24/04/2020,10,133000,13(0.00 %),10,133000,0,0,24970430,7.62
27/04/2020,1000,13050000,13(0.00 %),1000,13050000,0,0,24969430,7.62
28/04/2020,1000,13000000,13.2(1.54 %),1000,13000000,0,0,24968430,7.62
29/04/2020,20,270000,13.2(0.00 %),20,270000,0,0,24971443,7.62
04/05/2020,-2900,-38590000,13.3(0.76 %),0,0,2900,38590000,24971443,7.62
05/05/2020,0,0,13.3(0.00 %),0,0,0,0,24971443,7.62
06/05/2020,4360,58430000,13.45(1.13 %),4360,58430000,0,0,24967083,7.62
07/05/2020,1000,13400000,13.4(-0.37 %),1000,13400000,0,0,24968983,7.62
08/05/2020,10,140000,13.7(2.24 %),10,140000,0,0,24968973,7.62
11/05/2020,0,0,13.5(-1.46 %),0,0,0,0,24966073,7.63
12/05/2020,0,0,13.7(1.48 %),0,0,0,0,24968973,7.62
13/05/2020,2000,27800000,14(2.19 %),2000,27800000,0,0,24966973,7.62
14/05/2020,0,0,14.2(1.43 %),0,0,0,0,24964073,7.63
15/05/2020,0,0,14(-1.41 %),0,0,0,0,24964073,7.63
18/05/2020,-6650,-93372500,14(0.00 %),0,0,6650,93372500,24970723,7.62
19/05/2020,-14000,-194780000,14(0.00 %),0,0,14000,194780000,24966973,7.62
20/05/2020,0,0,14(0.00 %),0,0,0,0,24966973,7.62
21/05/2020,0,0,14(0.00 %),0,0,0,0,24984723,7.6
22/05/2020,0,0,14.3(2.14 %),0,0,0,0,24987623,7.59
25/05/2020,-26730,-382300000,14.3(0.00 %),10,150000,26740,382450000,24987613,7.59
26/05/2020,-100,-1470000,14.85(3.85 %),0,0,100,1470000,25011553,7.55
27/05/2020,-25670,-379920000,14.7(-1.01 %),0,0,25670,379920000,24987613,7.59
28/05/2020,-630,-9324000,14.8(0.68 %),20,296000,650,9620000,25037853,7.51
29/05/2020,-23480,-347504000,14.8(0.00 %),0,0,23480,347504000,25061333,7.47
01/06/2020,-488850,-7526446000,15.8(6.76 %),0,0,488850,7526446000,25040103,7.5
02/06/2020,-55440,-902840000,16.1(1.90 %),1160,18650000,56600,921490000,25039593,7.5
03/06/2020,-60930,-1017740000,17.2(6.83 %),2100,35580000,63030,1053320000,25060973,7.47
04/06/2020,-259850,-4745131500,18.4(6.98 %),660,12030000,260510,4757161500,25416323,6.88
05/06/2020,0,0,17.8(-3.26 %),0,0,0,0,25416323,6.88
08/06/2020,14760,256316500,17.4(-2.25 %),23370,409242000,8610,152925500,25401563,6.9
09/06/2020,0,0,15.7(-9.77 %),0,0,0,0,25401563,6.9
10/06/2020,-20500,-315123500,15.2(-3.18 %),1870,28162500,22370,343286000,25422063,6.87
11/06/2020,-5900,-90440000,14.35(-5.59 %),560,8390000,6460,98830000,25972033,5.96
12/06/2020,4040,54620000,14(-2.44 %),4240,57350000,200,2730000,26022793,5.87
15/06/2020,28750,390910000,13.2(-5.71 %),28760,391050000,10,140000,26016403,5.89
16/06/2020,7290,98782500,13.7(3.79 %),7350,99592500,60,810000,25387883,6.93
17/06/2020,5930,79710000,13.35(-2.55 %),5930,79710000,0,0,26009783,5.9
18/06/2020,1100,15040000,13.65(2.25 %),1100,15040000,0,0,25380853,6.94
19/06/2020,1050,14230000,13.9(1.83 %),1050,14230000,0,0,26007703,5.9
22/06/2020,-13540,-183390000,13.6(-2.16 %),10,140000,13550,183530000,26007693,5.9
23/06/2020,0,0,13.55(-0.37 %),0,0,0,0,26007693,5.9
24/06/2020,0,0,13.55(0.00 %),0,0,0,0,26007693,5.9
25/06/2020,410,5817500,13.4(-1.11 %),3510,47360000,3100,41542500,25392933,6.92
26/06/2020,1810,24740000,13.5(0.75 %),2000,27300000,190,2560000,25391123,6.92
29/06/2020,2180,29100000,13.1(-2.96 %),2180,29100000,0,0,26013553,5.89
30/06/2020,3790,49840000,13(-0.76 %),3790,49840000,0,0,26012863,5.89
01/07/2020,3940,51992000,13.25(1.92 %),3940,51992000,0,0,26013053,5.89
02/07/2020,6000,79765000,13.1(-1.13 %),6000,79765000,0,0,26007053,5.9
03/07/2020,4360,58861000,13.2(0.76 %),4360,58861000,0,0,26002693,5.91
06/07/2020,-2900,-38475000,13.55(2.65 %),1000,13200000,3900,51675000,26005593,5.9
07/07/2020,36000,488938500,13.55(0.00 %),36060,489751500,60,813000,25969593,5.96
08/07/2020,0,0,13.7(1.11 %),0,0,0,0,25961694,5.98
09/07/2020,0,0,13.55(-1.09 %),0,0,0,0,25965594,5.97
10/07/2020,-10,-135500,13.35(-1.48 %),0,0,10,135500,25969603,5.96
13/07/2020,4100,54750000,13.45(0.75 %),4100,54750000,0,0,25961554,5.98
14/07/2020,70,934000,13.3(-1.12 %),70,934000,0,0,25965433,5.97
15/07/2020,800,11000000,13.95(4.89 %),800,11000000,0,0,25960694,5.98
16/07/2020,-360,-4986000,13.8(-1.08 %),0,0,360,4986000,25964993,5.97
17/07/2020,-1950,-26715000,13.7(-0.72 %),0,0,1950,26715000,25966943,5.97
20/07/2020,0,0,13.3(-2.92 %),0,0,0,0,25960694,5.98
21/07/2020,240,3242000,13.4(0.75 %),310,4187000,70,945000,25966703,5.97
22/07/2020,0,0,13.55(1.12 %),0,0,0,0,25962694,5.97
23/07/2020,-8000,-107300000,13.35(-1.48 %),2000,26700000,10000,134000000,25960694,5.98
24/07/2020,0,0,13.35(0.00 %),0,0,0,0,25960764,5.98
27/07/2020,20,252000,12.7(-4.87 %),20,252000,0,0,25974683,5.95
28/07/2020,10,131000,13.15(3.54 %),10,131000,0,0,25974673,5.95
29/07/2020,20,260000,13.1(-0.38 %),20,260000,0,0,25970714,5.96
30/07/2020,20,256000,13(-0.76 %),20,256000,0,0,25974633,5.95
31/07/2020,2010,26133000,13(0.00 %),2010,26133000,0,0,25972623,5.96
03/08/2020,10,133500,13(0.00 %),10,133500,0,0,25968634,5.96
04/08/2020,0,0,13.2(1.54 %),0,0,0,0,25968624,5.96
05/08/2020,560,7880000,14(6.06 %),560,7880000,0,0,25968064,5.97
06/08/2020,500,6950000,14.05(0.36 %),500,6950000,0,0,25967574,5.97
07/08/2020,0,0,14.2(1.07 %),0,0,0,0,25967574,5.97
10/08/2020,0,0,14.2(0.00 %),0,0,0,0,25967574,5.97
11/08/2020,0,0,14.2(0.00 %),0,0,0,0,25967574,5.97
12/08/2020,10,140000,14.2(0.00 %),10,140000,0,0,25967554,5.97
13/08/2020,-440,-6267500,14.3(0.70 %),50,715000,490,6982500,25968004,5.97
14/08/2020,10,150000,14.2(-0.70 %),10,150000,0,0,25967494,5.97
17/08/2020,0,0,14.3(0.70 %),0,0,0,0,25967494,5.97
18/08/2020,0,0,14.4(0.70 %),0,0,0,0,25967984,5.97
19/08/2020,0,0,14.6(1.39 %),0,0,0,0,25967994,5.97
20/08/2020,-8200,-120564000,14.7(0.68 %),1750,25725000,9950,146289000,25976194,5.95
21/08/2020,-38190,-584310000,15.3(4.08 %),0,0,38190,584310000,25966234,5.97
24/08/2020,-204540,-3148600000,15.5(1.31 %),0,0,204540,3148600000,25966234,5.97
25/08/2020,0,0,15.65(0.97 %),0,0,0,0,25976188,5.95
26/08/2020,0,0,15.4(-1.60 %),0,0,0,0,26218924,5.55
27/08/2020,10,157500,15.65(1.62 %),10,157500,0,0,26218914,5.55
28/08/2020,12010,196930000,16.5(5.43 %),12010,196930000,0,0,26206898,5.57
31/08/2020,21080,344400000,16.7(1.21 %),21080,344400000,0,0,26185818,5.6
01/09/2020,0,0,16.7(0.00 %),0,0,0,0,26185818,5.6
03/09/2020,420,6960000,16.6(-0.60 %),1420,23460000,1000,16500000,26184398,5.61
04/09/2020,8740,149687000,17.3(4.22 %),10050,171695000,1310,22008000,26176658,5.62
07/09/2020,21330,371710000,17.4(0.58 %),21850,380760000,520,9050000,26152498,5.66
08/09/2020,90,1540000,17.1(-1.72 %),90,1540000,0,0,26153408,5.66
09/09/2020,1440,24780000,16.8(-1.75 %),1740,30000000,300,5220000,26152978,5.66
10/09/2020,7420,125546000,17(1.19 %),7960,134726000,540,9180000,26146378,5.67
11/09/2020,420,7190000,17(0.00 %),420,7190000,0,0,26145118,5.67
14/09/2020,-26420,-454048000,17.4(2.35 %),23580,405952000,50000,860000000,26172378,5.63
15/09/2020,-49630,-871210000,17.75(2.01 %),1200,21060000,50830,892270000,26121178,5.71
16/09/2020,21690,389410000,18(1.41 %),22090,396520000,400,7110000,26099088,5.75
17/09/2020,140,2520000,18(0.00 %),140,2520000,0,0,26200178,5.58
18/09/2020,0,0,17.9(-0.56 %),0,0,0,0,26200178,5.58
21/09/2020,5240,91430000,17.1(-4.47 %),5240,91430000,0,0,26194938,5.59
22/09/2020,640,11160000,17.45(2.05 %),640,11160000,0,0,26194298,5.59
23/09/2020,7130,129365000,18.2(4.30 %),7130,129365000,0,0,26187168,5.6
24/09/2020,-30600,-551750000,18(-1.10 %),0,0,30600,551750000,26187168,5.6
25/09/2020,-12160,-216770000,18.5(2.78 %),9480,173310000,21640,390080000,26177688,5.62
28/09/2020,-39530,-731306500,18.5(0.00 %),1470,27193500,41000,758500000,26269458,5.47
29/09/2020,660,12072000,18.5(0.00 %),790,14477000,130,2405000,26268798,5.47
30/09/2020,2340,48404000,19.3(4.32 %),12400,234666000,10060,186262000,26266458,5.47
01/10/2020,20530,392219000,19.1(-1.04 %),25850,494256000,5320,102037000,26256268,5.49
02/10/2020,-11220,-217431000,19(-0.52 %),10040,190761000,21260,408192000,26267488,5.47
05/10/2020,-8050,-154865000,19.7(3.68 %),6890,132433000,14940,287298000,26275538,5.46
06/10/2020,-18950,-367810000,20.4(3.55 %),6350,127900000,25300,495710000,26222648,5.54
07/10/2020,-140730,-2837060000,20.5(0.49 %),8520,173923000,149250,3010983000,26435218,5.19
08/10/2020,-70160,-1402670000,20.4(-0.49 %),1810,37030000,71970,1439700000,26248518,5.5
09/10/2020,-540,-10570000,20.35(-0.25 %),460,9380000,1000,19950000,26273358,5.46
12/10/2020,10,200000,19.8(-2.70 %),10,200000,0,0,26422598,5.21
13/10/2020,-266100,-4940220000,20(1.01 %),2900,56410000,269000,4996630000,26491668,5.1
14/10/2020,10,210000,18.8(-6.00 %),20,400000,10,190000,26492648,5.1
15/10/2020,-10,-196000,19.45(3.46 %),0,0,10,196000,26772008,4.63
16/10/2020,420,7860500,19(-2.31 %),420,7860500,0,0,26771588,4.63
19/10/2020,0,0,19(0.00 %),0,0,0,0,26771588,4.63
20/10/2020,10,190000,18.8(-1.05 %),10,190000,0,0,26761238,4.65
21/10/2020,0,0,18.75(-0.27 %),0,0,0,0,26771578,4.63
22/10/2020,20,370000,18.5(-1.33 %),20,370000,0,0,26761218,4.65
23/10/2020,10,190000,18.9(2.16 %),10,190000,0,0,26761208,4.65
26/10/2020,400,7840000,18.65(-1.32 %),900,16920000,500,9080000,26771148,4.63
27/10/2020,-1350,0,18.6(-0.27 %),10,0,1360,0,26772498,4.63
28/10/2020,-630,-11690000,18.55(-0.27 %),0,0,630,11690000,26760298,4.65
29/10/2020,6340,119720000,18.9(1.89 %),6340,119720000,0,0,26754458,4.66
30/10/2020,0,0,18.7(-1.06 %),0,0,0,0,26766788,4.64
02/11/2020,-1580,-29540000,18.7(0.00 %),10,190000,1590,29730000,26756438,4.66
03/11/2020,0,0,19.1(2.14 %),0,0,0,0,26756448,4.66
04/11/2020,100,1940000,19.4(1.57 %),100,1940000,0,0,26756338,4.66
05/11/2020,10,194000,19.4(0.00 %),10,194000,0,0,26756338,4.66
06/11/2020,-350,-6720000,19.5(0.52 %),0,0,350,6720000,26757918,4.66
09/11/2020,-54760,-1141410000,20.85(6.92 %),230,4660000,54990,1146070000,26757688,4.66
10/11/2020,-67580,-1442744000,21.75(4.32 %),0,0,67580,1442744000,26879028,4.46
11/11/2020,-110000,-2409000000,22.1(1.61 %),0,0,110000,2409000000,26989028,4.27
12/11/2020,-34590,-764427000,21(-4.98 %),3430,75117000,38020,839544000,27023618,4.22
13/11/2020,-52330,-1162115000,22.1(5.24 %),3440,76737000,55770,1238852000,27075948,4.13
16/11/2020,-640,-15071500,22.05(-0.23 %),1100,24200500,1740,39272000,27076588,4.13
17/11/2020,740,16660500,21.5(-2.49 %),790,17735500,50,1075000,27075848,4.13
18/11/2020,23490,523360000,22.4(4.19 %),46560,1035420000,23070,512060000,27029078,4.21
19/11/2020,-72820,-1633670000,22.7(1.34 %),240,5380000,73060,1639050000,27030578,4.2
20/11/2020,-103960,-2388051000,23.2(2.20 %),40,916000,104000,2388967000,27229138,3.88
23/11/2020,490,11159000,22.3(-3.88 %),490,11159000,0,0,27228648,3.88
24/11/2020,-960,-21710000,22.6(1.35 %),40,890000,1000,22600000,27126188,4.05
25/11/2020,50,1150000,22.5(-0.44 %),50,1150000,0,0,27230138,3.87
26/11/2020,1320,29667000,21.35(-5.11 %),1390,31235000,70,1568000,27228818,3.88
27/11/2020,320,7170000,21.6(1.17 %),860,19290000,540,12120000,27228888,3.88
30/11/2020,400,8491000,21(-2.78 %),400,8491000,0,0,27228488,3.88
01/12/2020,50,1090000,21.3(1.43 %),50,1090000,0,0,27228508,3.88
02/12/2020,30,660000,21.5(0.94 %),50,1100000,20,440000,27228998,3.88
03/12/2020,4,880000,21.5(0.00 %),4,880000,0,0,27228958,3.88
04/12/2020,-430,-9450000,21.9(1.86 %),90,1990000,520,11440000,27228868,3.88
07/12/2020,-1880,-41010000,21.8(-0.46 %),120,2640000,2000,43650000,27228768,3.88
08/12/2020,89,19280000,22.1(1.38 %),89,19280000,0,0,27227878,3.88
09/12/2020,-70,-1510000,21.95(-0.68 %),10,220000,80,1730000,27228388,3.88
10/12/2020,-120,-2628000,21.85(-0.46 %),0,0,120,2628000,27230098,3.87
11/12/2020,210,4600000,21.85(0.00 %),210,4600000,0,0,27230178,3.87
14/12/2020,8810,198220000,22.5(2.97 %),10000,225000000,1190,26780000,27220258,3.89
15/12/2020,-620,-13537500,21.6(-4.00 %),170,3684500,790,17222000,27221698,3.89
16/12/2020,-75,-16050000,21.45(-0.69 %),0,0,75,16050000,27220208,3.89
17/12/2020,2510,53490000,21.3(-0.70 %),2520,53710000,10,220000,27218878,3.89
18/12/2020,3820,81141000,21.15(-0.70 %),3820,81141000,0,0,27216118,3.9
21/12/2020,117,24580000,20.9(-1.18 %),117,24580000,0,0,27215428,3.9
22/12/2020,-11190,-34576080,20.8(-0.48 %),1220,411620,12410,34987700,27226138,3.88
23/12/2020,0,0,20.65(-0.72 %),0,0,0,0,27214208,3.9
24/12/2020,-4950,-97580000,20.3(-1.69 %),1010,20650000,5960,118230000,27213198,3.9
25/12/2020,-2320,-47000000,20.25(-0.25 %),1480,29950000,3800,76950000,27224128,3.88
28/12/2020,-3690,-74760000,20.25(0.00 %),0,0,3690,74760000,27224129,3.88
29/12/2020,290,5828000,20.25(0.00 %),300,6030000,10,202000,27236808,3.86
30/12/2020,-833,-166770000,20.2(-0.25 %),0,0,833,166770000,27233589,3.87
31/12/2020,-204,-40800000,20(-0.99 %),350,70280000,554,111080000,27233779,3.87
04/01/2021,400,8520000,20.2(1.00 %),1100,22870000,700,14350000,27232689,3.87
05/01/2021,-5800,-1171880000,20.2(0.00 %),270,55370000,6070,1227250000,27238319,3.86
06/01/2021,-3390,-680620000,20.1(-0.50 %),60,12100000,3450,692720000,27243259,3.85
07/01/2021,-5000,-99010000,19.6(-2.49 %),1000,19850000,6000,118860000,27329589,3.71
08/01/2021,100,2065000,19.75(0.77 %),100,2065000,0,0,27329489,3.71
11/01/2021,60,11810000,19.6(-0.76 %),60,11810000,0,0,27337459,3.7
12/01/2021,-15300,-300605000,19.6(0.00 %),2100,41280000,17400,341885000,27344189,3.69
13/01/2021,-61200,-1194865000,19.4(-1.02 %),1500,29230000,62700,1224095000,27405389,3.58
14/01/2021,-80100,-1539010000,19(-2.06 %),1700,32770000,81800,1571780000,27485489,3.45
15/01/2021,-30,-5820000,19.35(1.84 %),10,1900000,40,7720000,27355459,3.67
18/01/2021,10,1950000,19.5(0.78 %),10,1950000,0,0,27418059,3.56
19/01/2021,0,0,18.6(-4.62 %),0,0,0,0,27485689,3.45
20/01/2021,-300,-5580000,18.6(0.00 %),0,0,300,5580000,27485989,3.45
21/01/2021,2500,46135000,18.55(-0.27 %),2500,46135000,0,0,27483489,3.45
22/01/2021,80,14600000,18.3(-1.35 %),80,14600000,0,0,27496949,3.43
25/01/2021,200,3460000,18.4(0.55 %),1000,18100000,800,14640000,27482489,3.46
26/01/2021,190,34300000,18(-2.17 %),190,34300000,0,0,27494349,3.44
27/01/2021,-490,-88310000,17.85(-0.83 %),450,80890000,940,169200000,27489849,3.44
28/01/2021,-4500,-75765000,16.65(-6.72 %),700,12080000,5200,87845000,27489989,3.44
29/01/2021,250,39500000,16.65(0.00 %),250,39500000,0,0,27487449,3.45
01/02/2021,30,5280000,17.2(3.30 %),50,8480000,20,3200000,27496349,3.43
02/02/2021,0,0,17(-1.16 %),0,0,0,0,27496849,3.43
03/02/2021,4000,68015000,16.8(-1.18 %),4000,68015000,0,0,27492849,3.44
04/02/2021,0,0,17(1.19 %),0,0,0,0,27492849,3.44
05/02/2021,-4820,-820570000,17(0.00 %),0,0,4820,820570000,27497749,3.43
08/02/2021,-2000,-33980000,16.8(-1.18 %),0,0,2000,33980000,27543049,3.36
09/02/2021,-800,-13460000,16.7(-0.60 %),0,0,800,13460000,27543849,3.35
17/02/2021,30,4900000,16.9(1.20 %),450,76300000,420,71400000,27541449,3.36
18/02/2021,-170,-26050000,18(6.51 %),410,72550000,580,98600000,27539349,3.36
19/02/2021,0,0,18.1(0.56 %),0,0,0,0,27545249,3.35
22/02/2021,850,148600000,17.7(-2.21 %),1050,183800000,200,35200000,27533849,3.37
23/02/2021,1400,26080000,18(1.69 %),7000,126700000,5600,100620000,27535349,3.37
24/02/2021,-590,-106200000,17.6(-2.22 %),0,0,590,106200000,27532719,3.37
25/02/2021,560,98560000,17.8(1.14 %),560,98560000,0,0,27529119,3.38
26/02/2021,0,0,17.6(-1.12 %),0,0,0,0,27535649,3.37
01/03/2021,-70,-12290000,17.8(1.14 %),0,0,70,12290000,27540619,3.36
02/03/2021,0,0,17.6(-1.12 %),0,0,0,0,27540619,3.36
03/03/2021,2000,35600000,17.65(0.28 %),2000,35600000,0,0,27538619,3.36
04/03/2021,-8000,-141550000,17.65(0.00 %),2000,35450000,10000,177000000,27546619,3.35
05/03/2021,-2030,-389980000,18.85(6.80 %),2020,362770000,4050,752750000,27517119,3.4
08/03/2021,-24700,-497705000,20.15(6.90 %),2000,40300000,26700,538005000,27591619,3.28
09/03/2021,-1500,-31150000,20.25(0.50 %),2000,40475000,3500,71625000,27593119,3.27
10/03/2021,0,0,19.6(-3.21 %),0,0,0,0,27593119,3.27
11/03/2021,740,142450000,19.1(-2.55 %),740,142450000,0,0,27582919,3.29
12/03/2021,-1800,-34360000,19.05(-0.26 %),100,1915000,1900,36275000,27587519,3.28
15/03/2021,3000,57945000,19.1(0.26 %),3600,69370000,600,11425000,27584519,3.29
16/03/2021,1800,34560000,19(-0.52 %),1800,34560000,0,0,27582719,3.29
17/03/2021,0,0,19(0.00 %),0,0,0,0,27582719,3.29
18/03/2021,-500,-9460000,18.95(-0.26 %),0,0,500,9460000,27583219,3.29
19/03/2021,300,55650000,18.7(-1.32 %),300,55650000,0,0,27580419,3.29
22/03/2021,-960,-179520000,18.6(-0.53 %),0,0,960,179520000,27580419,3.29
23/03/2021,2100,39550000,18.6(0.00 %),2600,48850000,500,9300000,27587719,3.28
24/03/2021,200,3625000,18.2(-2.15 %),500,9135000,300,5510000,27587519,3.28
25/03/2021,1000,18300000,18.2(0.00 %),1000,18300000,0,0,27586519,3.28
26/03/2021,80,14390000,17.9(-1.65 %),80,14390000,0,0,27586119,3.28
29/03/2021,-320,-58110000,18.45(3.07 %),160,29340000,480,87450000,27584819,3.29
30/03/2021,-1000,-18440000,18.25(-1.08 %),200,3700000,1200,22140000,27589919,3.28
31/03/2021,0,0,18.35(0.55 %),0,0,0,0,27584619,3.29
01/04/2021,10,1820000,18.3(-0.27 %),10,1820000,0,0,27589319,3.28
02/04/2021,0,0,18.45(0.82 %),0,0,0,0,27589419,3.28
05/04/2021,2500,45750000,18.4(-0.27 %),2500,45750000,0,0,27586919,3.28
06/04/2021,0,0,18.1(-1.63 %),0,0,0,0,27586919,3.28
07/04/2021,-300,-5430000,18.2(0.55 %),0,0,300,5430000,27587219,3.28
08/04/2021,0,0,18.2(0.00 %),0,0,0,0,27587219,3.28
09/04/2021,0,0,18.3(0.55 %),0,0,0,0,27587219,3.28
12/04/2021,-20,-3630000,18.2(-0.55 %),0,0,20,3630000,27588319,3.28
13/04/2021,1000,18000000,18(-1.10 %),1000,18000000,0,0,27586419,3.28
14/04/2021,0,0,17.95(-0.28 %),0,0,0,0,27586419,3.28
15/04/2021,0,0,17.95(0.00 %),0,0,0,0,27586419,3.28
16/04/2021,0,0,17.5(-2.51 %),0,0,0,0,27587519,3.28
19/04/2021,0,0,17.5(0.00 %),0,0,0,0,27586419,3.28
20/04/2021,1980,352580000,17.4(-0.57 %),2000,356000000,20,3420000,27567519,3.32
22/04/2021,39300,683210000,17(-2.30 %),51000,885620000,11700,202410000,27527319,3.38
23/04/2021,0,0,17(0.00 %),0,0,0,0,27516519,3.4
26/04/2021,-1100,-173000000,16(-5.88 %),1100,181000000,2200,354000000,27505719,3.42
27/04/2021,2500,41500000,16.6(3.75 %),2500,41500000,0,0,27535819,3.37
28/04/2021,500,83490000,16.8(1.20 %),500,83490000,0,0,27509919,3.41
29/04/2021,200,33900000,17.45(3.87 %),200,33900000,0,0,27529919,3.38
04/05/2021,2400,40375000,16.75(-4.01 %),2400,40375000,0,0,27529919,3.38
05/05/2021,120,20110000,17.2(2.69 %),120,20110000,0,0,27526319,3.38
06/05/2021,0,0,17(-1.16 %),0,0,0,0,27528719,3.38
07/05/2021,50,8500000,16.8(-1.18 %),50,8500000,0,0,27525819,3.38
10/05/2021,8000,133740000,16.75(-0.30 %),8100,135430000,100,1690000,27520219,3.39
11/05/2021,-200,-3380000,16.9(0.90 %),0,0,200,3380000,27520419,3.39
12/05/2021,120,20240000,16.9(0.00 %),120,20240000,0,0,27516511,3.4
13/05/2021,-11700,-199520000,17(0.59 %),300,4950000,12000,204470000,27530919,3.38
14/05/2021,90,15240000,17(0.00 %),590,100240000,500,85000000,27510611,3.41
17/05/2021,-5500,-92400000,16.7(-1.76 %),0,0,5500,92400000,27535519,3.37
18/05/2021,2800,47290000,16.8(0.60 %),2800,47290000,0,0,27532719,3.37
19/05/2021,1610,265750000,16.5(-1.79 %),1610,265750000,0,0,27508711,3.41
20/05/2021,2040,336600000,16.6(0.61 %),2040,336600000,0,0,27493811,3.44
21/05/2021,230,37550000,16.6(0.00 %),610,100650000,380,63100000,27487711,3.45
24/05/2021,40400,674675000,16.7(0.60 %),41700,696450000,1300,21775000,27453519,3.5
25/05/2021,-3990,-678150000,17.05(2.10 %),150,25580000,4140,703730000,27444511,3.52
26/05/2021,-200,-3400000,17(-0.29 %),0,0,200,3400000,27493619,3.44
27/05/2021,700,117750000,16.8(-1.18 %),700,117750000,0,0,27442656,3.52
28/05/2021,5700,94650000,16.7(-0.60 %),5700,94650000,0,0,27480919,3.46
31/05/2021,0,0,16.65(-0.30 %),0,0,0,0,27480919,3.46
01/06/2021,200,3380000,16.8(0.90 %),200,3380000,0,0,27478556,3.46
02/06/2021,-2500,-439790000,17.55(4.46 %),0,0,2500,439790000,27478356,3.46
03/06/2021,300,53850000,17.9(1.99 %),300,53850000,0,0,27475356,3.47
04/06/2021,100,1790000,17.9(0.00 %),100,1790000,0,0,27500456,3.43
07/06/2021,850,152110000,17.9(0.00 %),850,152110000,0,0,27491756,3.44
08/06/2021,120,20640000,17.4(-2.79 %),120,20640000,0,0,27490556,3.44
09/06/2021,0,0,17.2(-1.15 %),0,0,0,0,27490556,3.44
10/06/2021,0,0,16.9(-1.74 %),0,0,0,0,27490556,3.44
11/06/2021,0,0,17(0.59 %),0,0,0,0,27490756,3.44
14/06/2021,0,0,17.4(2.35 %),0,0,0,0,27490756,3.44
15/06/2021,0,0,17.1(-1.72 %),0,0,0,0,27490756,3.44
16/06/2021,-3500,-62300000,17.6(2.92 %),0,0,3500,62300000,27494256,3.44
17/06/2021,0,0,17.5(-0.57 %),0,0,0,0,27494256,3.44
18/06/2021,-1200,-20830000,17.2(-1.71 %),0,0,1200,20830000,27495456,3.43
21/06/2021,0,0,17.3(0.58 %),0,0,0,0,27494056,3.44
22/06/2021,250,44000000,17.45(0.87 %),250,44000000,0,0,27491556,3.44
23/06/2021,0,0,17.3(-0.86 %),0,0,0,0,27492756,3.44
24/06/2021,0,0,17.2(-0.58 %),0,0,0,0,27491556,3.44
25/06/2021,30,5240000,17.25(0.29 %),30,5240000,0,0,27492456,3.44
28/06/2021,3700,63675000,17.3(0.29 %),3700,63675000,0,0,27487556,3.45
29/06/2021,-1130,-194210000,17.15(-0.87 %),0,0,1130,194210000,27488756,3.45
30/06/2021,3000,51600000,17.35(1.17 %),3000,51600000,0,0,27495856,3.43
01/07/2021,0,0,17.45(0.58 %),0,0,0,0,27485756,3.45
02/07/2021,0,0,17.65(1.15 %),0,0,0,0,27497056,3.43
05/07/2021,0,0,18.2(3.12 %),0,0,0,0,27485756,3.45
06/07/2021,-29800,-538820000,17.9(-1.65 %),1000,17900000,30800,556720000,27515556,3.4
07/07/2021,0,0,17.9(0.00 %),0,0,0,0,27496056,3.43
08/07/2021,0,0,17.3(-3.35 %),0,0,0,0,27496056,3.43
09/07/2021,180,30670000,17.15(-0.87 %),680,115030000,500,84360000,27520056,3.39
12/07/2021,1910,311150000,16.05(-6.41 %),2000,325600000,90,14450000,27500056,3.43
13/07/2021,3000,48150000,16.2(0.93 %),3000,48150000,0,0,27491656,3.44
14/07/2021,0,0,16.3(0.62 %),0,0,0,0,27502056,3.42
15/07/2021,0,0,16.6(1.84 %),0,0,0,0,27491656,3.44
16/07/2021,0,0,16.5(-0.60 %),0,0,0,0,27491656,3.44
19/07/2021,340,54800000,16(-3.03 %),340,54800000,0,0,27499556,3.43
20/07/2021,0,0,16.3(1.88 %),0,0,0,0,27488256,3.45
21/07/2021,0,0,16.4(0.61 %),0,0,0,0,27488256,3.45
22/07/2021,0,0,16.7(1.83 %),0,0,0,0,27499556,3.43
23/07/2021,0,0,16.6(-0.60 %),0,0,0,0,27488256,3.45
26/07/2021,0,0,16.5(-0.60 %),0,0,0,0,27499556,3.43
27/07/2021,0,0,16.6(0.61 %),0,0,0,0,27499556,3.43
28/07/2021,0,0,16.6(0.00 %),0,0,0,0,27488256,3.45
29/07/2021,0,0,16.7(0.60 %),0,0,0,0,27499556,3.43
30/07/2021,0,0,16.8(0.60 %),0,0,0,0,27488256,3.45
02/08/2021,0,0,16.9(0.60 %),0,0,0,0,27499556,3.43
03/08/2021,-7000,-117600000,16.9(0.00 %),0,0,7000,117600000,27506556,3.42
04/08/2021,0,0,17(0.59 %),0,0,0,0,27506556,3.42
05/08/2021,-100,-1680000,17.2(1.18 %),0,0,100,1680000,27506656,3.42
06/08/2021,13700,232530000,17(-1.16 %),23700,403530000,10000,171000000,27492956,3.44
09/08/2021,0,0,17.2(1.18 %),0,0,0,0,27492956,3.44
10/08/2021,-22000,-397250000,18.3(6.40 %),3000,54000000,25000,451250000,27514956,3.4
11/08/2021,-5000,-96250000,19.65(6.79 %),0,0,5000,96250000,27519956,3.39
12/08/2021,-34000,-676445000,19.7(0.25 %),0,0,34000,676445000,27553956,3.34
13/08/2021,-13000,0,19.35(-1.78 %),0,0,13000,0,27566956,3.32
16/08/2021,24500,461900000,19(-1.81 %),24500,461900000,0,0,27542456,3.36
17/08/2021,0,0,18.45(-2.89 %),0,0,0,0,27542456,3.36
18/08/2021,54600,1003460000,18.85(2.17 %),63000,1159200000,8400,155740000,27487856,3.45
19/08/2021,0,0,18.7(-0.80 %),0,0,0,0,27487856,3.45
20/08/2021,38200,705220000,18.1(-3.21 %),43200,797970000,5000,92750000,27449656,3.51
23/08/2021,24000,430200000,18(-0.55 %),24000,430200000,0,0,27425656,3.55
24/08/2021,0,0,17.85(-0.83 %),0,0,0,0,27425656,3.55
25/08/2021,0,0,17.85(0.00 %),0,0,0,0,27425656,3.55
26/08/2021,100,1810000,18.15(1.68 %),100,1810000,0,0,27425556,3.55
27/08/2021,5900,106105000,18.35(1.10 %),6900,124050000,1000,17945000,27419656,3.56
30/08/2021,-8000,-156300000,19.4(5.72 %),2000,37000000,10000,193300000,27427656,3.55
31/08/2021,-20500,-401535000,19.7(1.55 %),0,0,20500,401535000,27448156,3.51
01/09/2021,11300,222410000,19.8(0.51 %),19300,381010000,8000,158600000,27408358,3.58
06/09/2021,-31200,-633240000,21.15(6.82 %),3000,60590000,34200,693830000,27439558,3.53
07/09/2021,-400,-8520000,21.2(0.24 %),0,0,400,8520000,27439958,3.53
08/09/2021,-10000,-218000000,21(-0.94 %),0,0,10000,218000000,27449958,3.51
09/09/2021,0,0,21.25(1.19 %),0,0,0,0,27449958,3.51
10/09/2021,0,0,21.45(0.94 %),0,0,0,0,27449958,3.51
13/09/2021,-3000,-62100000,20.8(-3.03 %),0,0,3000,62100000,27452958,3.5
14/09/2021,-300,-6270000,20.6(-0.96 %),0,0,300,6270000,27453258,3.5
15/09/2021,-10000,-218000000,21.4(3.88 %),0,0,10000,218000000,27463258,3.49
16/09/2021,-10200,-231440000,22.85(6.78 %),0,0,10200,231440000,27473458,3.47
17/09/2021,-31100,-758840000,24.4(6.78 %),0,0,31100,758840000,27504558,3.42
20/09/2021,-500,-12120000,26.1(6.97 %),0,0,500,12120000,27505058,3.42
21/09/2021,-11200,-283850000,25.4(-2.68 %),3000,73060000,14200,356910000,27516258,3.4
22/09/2021,-32000,-800200000,24.7(-2.76 %),500,12050000,32500,812250000,27548258,3.35
23/09/2021,-3000,-76500000,24.85(0.61 %),0,0,3000,76500000,27551258,3.34
24/09/2021,-11100,-277335000,24.45(-1.61 %),400,9940000,11500,287275000,27562358,3.32
27/09/2021,-1000,-24095000,23.25(-4.91 %),0,0,1000,24095000,27563358,3.32
28/09/2021,-49900,-1239815000,24.85(6.88 %),0,0,49900,1239815000,27613258,3.24
29/09/2021,-80000,-2118500000,26.55(6.84 %),0,0,80000,2118500000,27693258,3.11
30/09/2021,-4500,-122330000,27.3(2.82 %),800,22720000,5300,145050000,27697758,3.1
01/10/2021,-88300,-2568650000,29.2(6.96 %),221272,5621088800,309572,8189738800,27650558,3.18
04/10/2021,-13300,-407700000,31(6.16 %),300,9120000,13600,416820000,27663858,3.16
05/10/2021,-13300,-395220000,30.7(-0.97 %),3300,99520000,16600,494740000,27677158,3.13
06/10/2021,2600,77760000,30.3(-1.30 %),3100,93285000,500,15525000,27674558,0.0
07/10/2021,-17900,-517305000,28.6(-5.61 %),3100,89025000,21000,606330000,27692458,0.0
08/10/2021,4700,129760000,30(4.90 %),10400,293180000,5700,163420000,27687758,0.0
11/10/2021,-6700,-132003000,28.7(-4.33 %),1000,29334000,7700,161337000,27694458,0.0
12/10/2021,-6200,-182665000,28.7(0.00 %),4200,119820000,10400,302485000,27700658,0.0
13/10/2021,-16600,-476110000,28.6(-0.35 %),9600,272910000,26200,749020000,27717258,0.0
14/10/2021,-123800,-3597935000,29.4(2.80 %),8100,238410000,131900,3836345000,27841058,0.0
15/10/2021,-17000,-500440000,29.1(-1.02 %),2700,79545000,19700,579985000,27858058,0.0
18/10/2021,-12200,-356570000,28.5(-2.06 %),300,8805000,12500,365375000,27870258,0.0
19/10/2021,-6600,-182655000,28.15(-1.23 %),700,19265000,7300,201920000,27876858,0.0
20/10/2021,-10700,-292070000,27.45(-2.49 %),2200,61435000,12900,353505000,27887558,0.0
21/10/2021,16600,443405000,26.4(-3.83 %),17900,477690000,1300,34285000,27860258,0.0
22/10/2021,19300,516315000,27.6(4.55 %),22800,609115000,3500,92800000,27840958,0.0
25/10/2021,26400,757480000,28.45(3.08 %),30500,874530000,4100,117050000,27814558,0.0
26/10/2021,-14800,-416140000,28.45(0.00 %),0,0,14800,416140000,27829358,0.0
27/10/2021,-7200,-203055000,29(1.93 %),3700,105565000,10900,308620000,27836558,0.0
28/10/2021,-600,-16940000,28.95(-0.17 %),1400,40040000,2000,56980000,27837158,2.87
29/10/2021,5300,151395000,28.5(-1.55 %),7000,199630000,1700,48235000,27831858,2.88
01/11/2021,2000,56170000,27.55(-3.33 %),2500,70215000,500,14045000,28012858,2.58
02/11/2021,12500,340065000,27.9(1.27 %),12500,340065000,0,0,28000358,2.6
03/11/2021,0,0,27.2(-2.51 %),0,0,0,0,28000358,2.6
04/11/2021,-21700,-580214600,26.7(-1.84 %),600,16042800,22300,596257400,28022058,0.0
05/11/2021,4600,123510000,26.8(0.37 %),4600,123510000,0,0,27995758,0.0
08/11/2021,9400,254870000,27.2(1.49 %),9400,254870000,0,0,27990958,2.61
09/11/2021,0,0,27.4(0.74 %),0,0,0,0,27990958,2.61
10/11/2021,0,0,29.3(6.93 %),0,0,0,0,27990958,2.61
11/11/2021,-20400,-599720000,29.3(0.00 %),0,0,20400,599720000,28011358,2.58
12/11/2021,-21500,-612285000,28.7(-2.05 %),1600,45745000,23100,658030000,28032858,2.54
15/11/2021,100,2910000,27.4(-4.53 %),2800,78095000,2700,75185000,28032758,2.54
16/11/2021,2600,72345000,27.6(0.73 %),2800,77885000,200,5540000,28030158,2.55
17/11/2021,5800,159535000,27.9(1.09 %),7500,206320000,1700,46785000,28024358,2.56
18/11/2021,-6400,-173735000,27(-3.23 %),600,16180000,7000,189915000,28030758,2.55
19/11/2021,-10300,-269080000,25.2(-6.67 %),700,18395000,11000,287475000,28041058,2.53
22/11/2021,7700,185220000,23.45(-6.94 %),7700,185220000,0,0,28033358,2.54
23/11/2021,13500,321870000,24.6(4.90 %),13500,321870000,0,0,28019858,2.57
24/11/2021,-1500,-36860000,24.55(-0.20 %),300,7385000,1800,44245000,28021358,2.56
25/11/2021,-600,-14645000,24.55(0.00 %),0,0,600,14645000,28021958,2.56
26/11/2021,-4700,-112370000,24.3(-1.02 %),0,0,4700,112370000,28026658,0.0
29/11/2021,-5000,-117870000,23.7(-2.47 %),0,0,5000,117870000,28031658,0.0
30/11/2021,-2800,-66815000,23.9(0.84 %),1200,28080000,4000,94895000,28029458,2.55
01/12/2021,-5200,-122100000,23.1(-3.35 %),0,0,5200,122100000,28025458,2.56
02/12/2021,5800,133980000,23.2(0.43 %),6500,150150000,700,16170000,28019658,2.57
03/12/2021,1400,32490000,22(-5.17 %),8300,190025000,6900,157535000,28018258,2.57
06/12/2021,4400,91475000,20.55(-6.59 %),4800,100235000,400,8760000,28013858,2.58
07/12/2021,6700,141465000,21.95(6.81 %),6700,141465000,0,0,28007158,2.59
08/12/2021,0,0,23.45(6.83 %),0,0,0,0,28007158,2.59
09/12/2021,-1900,-47155000,24.4(4.05 %),8300,202520000,10200,249675000,28009058,0.0
10/12/2021,-700,-16885000,23.95(-1.84 %),0,0,700,16885000,28009758,2.58
13/12/2021,5700,136660000,23.95(0.00 %),5700,136660000,0,0,28004058,2.59
14/12/2021,-1500,-35485000,23.5(-1.88 %),1400,32970000,2900,68455000,28005558,2.59
15/12/2021,-200,-4510000,23.05(-1.91 %),900,20970000,1100,25480000,28005758,2.59
16/12/2021,6200,143130000,23.2(0.65 %),9700,225005000,3500,81875000,27999558,2.6
17/12/2021,-2200,-50520000,22.8(-1.72 %),0,0,2200,50520000,28001758,2.6
20/12/2021,-7800,-175230000,22.5(-1.32 %),0,0,7800,175230000,28009558,2.58
21/12/2021,2000,44445000,22.6(0.44 %),2800,62300000,800,17855000,28007558,0.0
22/12/2021,-600,-13585000,22.6(0.00 %),300,6830000,900,20415000,28008158,2.58
23/12/2021,0,0,22.7(0.44 %),0,0,0,0,28008158,2.58
24/12/2021,0,0,22.7(0.00 %),0,0,0,0,28008158,2.58
27/12/2021,0,25000,22.8(0.44 %),600,13620000,600,13595000,28023458,2.56
28/12/2021,1900,43640000,22.85(0.22 %),1900,43640000,0,0,28021558,2.56
29/12/2021,-2300,-52515000,22.9(0.00 %),100,2295000,2400,54810000,28022967,2.56
30/12/2021,-600,-14330000,23.7(3.49 %),100,2295000,700,16625000,28022867,2.56
31/12/2021,-6600,-154230000,23.8(0.42 %),0,0,6600,154230000,28025267,2.56
04/01/2022,500,12105000,23.9(0.42 %),600,14485000,100,2380000,28025367,2.56
05/01/2022,2100,50280000,23.9(0.00 %),2300,55100000,200,4820000,28029667,2.55
06/01/2022,1100,25600000,23.5(-1.67 %),1200,27980000,100,2380000,28028567,2.55
07/01/2022,0,20000,23.6(0.43 %),400,9360000,400,9340000,28028367,2.55
10/01/2022,-5800,-112592200,22.7(-3.81 %),0,0,5800,112592200,28028467,2.55
11/01/2022,-3300,-73275000,22.15(-2.42 %),0,0,3300,73275000,28028867,2.55
12/01/2022,-3800,-86865000,23(3.60 %),400,8940000,4200,95805000,28034267,2.54
13/01/2022,-5200,-120405000,22.95(-0.22 %),1600,36800000,6800,157205000,28035967,2.54
14/01/2022,-600,-13440000,22.5(-2.17 %),0,0,600,13440000,28040167,2.53
17/01/2022,37900,852340000,22.1(-1.78 %),41300,928595000,3400,76255000,28005667,2.59
18/01/2022,53600,1187370000,22.1(0.00 %),54400,1205095000,800,17725000,27951867,2.68
19/01/2022,8100,185010000,21.8(-1.36 %),41900,903860000,33800,718850000,27913367,2.74
20/01/2022,6200,137020000,22.1(0.00 %),7200,158870000,1000,21850000,27906967,2.75
21/01/2022,5400,118130000,21.9(-1.79 %),5400,118130000,0,0,27935367,2.71
24/01/2022,54000,1176480000,21.6(-1.37 %),54100,1178660000,100,2180000,27882267,2.79
25/01/2022,13600,293745000,21.75(0.69 %),15100,326190000,1500,32445000,27867167,2.82
26/01/2022,14900,317447800,21.9(0.46 %),15200,323970700,300,6522900,27852067,2.84
27/01/2022,0,0,21.9(0.00 %),0,0,0,0,27853567,2.84
28/01/2022,-800,-17525000,22(0.46 %),0,0,800,17525000,27853867,2.84
07/02/2022,10400,241800000,22.65(2.95 %),28400,638910000,18000,397110000,27825467,2.89
08/02/2022,49000,1135975000,23.25(2.42 %),49000,1135975000,0,0,27777267,2.97
09/02/2022,1500,34385000,23(-1.29 %),1500,34385000,0,0,27793767,2.94
10/02/2022,1900,44050000,23.2(0.87 %),1900,44050000,0,0,27791867,2.94
11/02/2022,-500,-11320000,23.05(-0.65 %),100,2300000,600,13620000,27791767,2.94
14/02/2022,-100,-2545000,24.65(6.71 %),800,19595000,900,22140000,27790967,2.94
15/02/2022,-3600,-89330000,24.4(-1.21 %),700,17605000,4300,106935000,27790867,2.94
16/02/2022,-400,-10500000,23.6(-3.28 %),900,21245000,1300,31745000,27790867,2.94
17/02/2022,1000,23185000,23.1(-2.12 %),1000,23185000,0,0,27794167,2.94
18/02/2022,500,11465000,23.05(-0.22 %),800,18385000,300,6920000,27794667,2.94
21/02/2022,200,4570000,23.25(0.65 %),500,11575000,300,7005000,27794167,2.94
22/02/2022,0,-30000,24(3.00 %),400,9390000,400,9420000,27794067,2.94
23/02/2022,8400,209095000,24.5(2.08 %),8400,209095000,0,0,27785967,2.95
24/02/2022,500,7770000,26.2(6.94 %),5700,142790000,5200,135020000,27780660,2.96
25/02/2022,-27100,-723535000,26.6(1.53 %),1200,31740000,28300,755275000,27779460,2.96
28/02/2022,-46500,-1231605000,26.8(0.75 %),0,0,46500,1231605000,27784660,2.96
01/03/2022,-2300,-60555000,26.5(-1.12 %),0,0,2300,60555000,27812960,2.91
02/03/2022,-16700,-447225000,26.65(0.57 %),200,5190000,16900,452415000,27859260,2.83
03/03/2022,-10400,-275240000,27.8(4.12 %),1400,37420000,11800,312660000,27860160,2.83
04/03/2022,-16200,-438985000,26.8(-3.60 %),2400,65315000,18600,504300000,27874660,2.81
07/03/2022,-7000,-192020000,27.35(2.05 %),1200,33045000,8200,225065000,27885260,2.79
08/03/2022,-13100,-349890000,26.05(-4.93 %),0,0,13100,349890000,27903860,2.76
09/03/2022,-500,-12650000,26.8(2.68 %),3200,84530000,3700,97180000,27908860,2.75
10/03/2022,5600,145220000,26.15(-2.43 %),6700,174010000,1100,28790000,27915260,2.74
11/03/2022,200,2470000,25(-4.58 %),5600,140720000,5400,138250000,27913360,2.74
14/03/2022,-4300,-104505000,23.7(-5.20 %),1400,33040000,5700,137545000,27913060,2.74
15/03/2022,2800,65565000,23.1(-2.53 %),5300,122705000,2500,57140000,27913160,2.74
16/03/2022,13600,316215000,23.5(1.73 %),13600,316215000,0,0,27905260,2.76
17/03/2022,-900,-20700000,23.4(-0.43 %),2100,49445000,3000,70145000,27905660,2.75
18/03/2022,900,21775000,23.5(0.43 %),2500,59165000,1600,37390000,27903160,2.76
21/03/2022,-3100,-72795000,23.55(0.21 %),0,0,3100,72795000,27906160,2.75
22/03/2022,500,11905000,23.7(0.42 %),500,11905000,0,0,27907260,2.75
23/03/2022,-3000,-71030000,23.4(-1.27 %),500,11875000,3500,82905000,27909860,2.75
24/03/2022,-2900,-69135000,23.75(1.50 %),100,2390000,3000,71525000,27909760,2.75
25/03/2022,-100,-2360000,23.35(-1.89 %),0,0,100,2360000,27913260,2.74
28/03/2022,-3000,-69960000,23.2(-0.85 %),100,2325000,3100,72285000,27916160,2.74
29/03/2022,1700,39725000,23.4(0.86 %),2200,51325000,500,11600000,27914060,2.74
30/03/2022,-1200,-26865000,22.9(-2.14 %),1700,39475000,2900,66340000,27915460,2.74
31/03/2022,-3000,-68080000,22.55(-1.53 %),900,20545000,3900,88625000,27915060,2.74
01/04/2022,-500,-11420000,22.85(1.11 %),400,9100000,900,20520000,27917560,2.73
04/04/2022,1100,25165000,22.85(-0.22 %),1100,25165000,0,0,27920360,2.73
05/04/2022,6000,140025000,23.95(4.59 %),6000,140025000,0,0,27915260,2.74
06/04/2022,-1900,-45330000,23.95(-0.21 %),1700,41100000,3600,86430000,27913560,2.74
07/04/2022,-3600,-86290000,23.95(-0.21 %),0,0,3600,86290000,27917160,2.74
08/04/2022,-400,-9350000,23.1(-3.75 %),0,0,400,9350000,27917160,2.74
12/04/2022,-6400,-145305000,22(-4.76 %),400,9200000,6800,154505000,27923560,2.73
13/04/2022,-1500,-32580000,22.2(0.91 %),700,15615000,2200,48195000,27920360,2.73
14/04/2022,-200,-4660000,22.9(3.15 %),500,11325000,700,15985000,27926360,2.72
15/04/2022,600,16111900,23(0.44 %),700,16111900,100,0,27927860,2.72
18/04/2022,-1600,-36505000,22.35(-2.83 %),200,4405000,1800,40910000,27928360,2.72
19/04/2022,-1300,-29425000,22.4(0.00 %),0,0,1300,29425000,27928460,2.72
20/04/2022,-2600,-58270000,20.85(-6.92 %),600,12540000,3200,70810000,27928960,2.72
21/04/2022,73100,1467855000,20.15(-3.59 %),73100,1467855000,0,0,27857860,2.83
22/04/2022,70800,1437815000,20.5(1.74 %),71000,1442035000,200,4220000,27790060,2.95
25/04/2022,97200,2008030000,19.8(-3.41 %),98100,2026780000,900,18750000,27691960,3.11
26/04/2022,36700,726000000,20.2(2.02 %),36700,726000000,0,0,27655460,3.17
27/04/2022,17200,359105000,20.95(3.71 %),18200,379995000,1000,20890000,27638160,3.2
28/04/2022,15400,320540000,20.85(-0.71 %),15400,320540000,0,0,27622760,3.22
29/04/2022,32500,704570000,21.55(3.11 %),32900,713225000,400,8655000,27590860,3.28
04/05/2022,900,19435000,21.4(-0.93 %),2300,49425000,1400,29990000,27588560,3.28
05/05/2022,-1500,-31885000,21.2(-0.93 %),0,0,1500,31885000,27590060,3.28
06/05/2022,3700,74370000,20.1(-5.19 %),4300,86430000,600,12060000,27586060,3.28
09/05/2022,58300,1110615000,19.05(-5.22 %),59200,1127760000,900,17145000,27528360,3.38
10/05/2022,19800,377190000,19.05(-0.26 %),20200,384810000,400,7620000,27508760,3.41
11/05/2022,9600,189300000,20(4.99 %),10300,203110000,700,13810000,27499160,3.43
12/05/2022,28500,552875000,19.1(-4.50 %),31600,613165000,3100,60290000,27470660,3.48
13/05/2022,12200,230655000,18.8(-1.57 %),30300,574275000,18100,343620000,27438560,3.53
16/05/2022,11000,210100000,19.1(1.60 %),11300,215830000,300,5730000,27430360,3.54
17/05/2022,15500,306125000,19.75(3.40 %),15500,306125000,0,0,27432960,3.54
18/05/2022,1300,25805000,19.85(0.25 %),1300,25805000,0,0,27431960,3.54
19/05/2022,100,2010000,20.1(1.01 %),100,2010000,0,0,27431860,3.54
20/05/2022,30700,620140000,20.2(0.50 %),30700,620140000,0,0,27401160,3.59
23/05/2022,52200,1064880000,20.4(0.99 %),52400,1068960000,200,4080000,27348760,3.68
24/05/2022,34400,688000000,20(-1.96 %),36200,724000000,1800,36000000,27312560,3.74
25/05/2022,13400,286760000,21.4(7.00 %),13600,291040000,200,4280000,27299160,3.76
26/05/2022,700,15820000,22.6(5.61 %),1100,24860000,400,9040000,27299860,3.76
27/05/2022,-8700,-185745000,21.35(0.71 %),0,0,8700,185745000,27300060,3.76
30/05/2022,-5700,-119130000,20.9(-2.34 %),700,14630000,6400,133760000,27299760,3.76
31/05/2022,5500,113575000,20.65(-1.20 %),5500,113575000,0,0,27302960,3.75
01/06/2022,900,18540000,20.6(-0.48 %),1000,20600000,100,2060000,27308360,3.74
02/06/2022,-2600,-53040000,20.4(-0.97 %),500,10200000,3100,63240000,27307860,3.75
03/06/2022,22700,471025000,20.75(1.72 %),27600,572700000,4900,101675000,27280373,3.79
06/06/2022,-1200,-25320000,20.9(0.48 %),0,0,1200,25320000,27283473,3.79
07/06/2022,0,0,20.8(-0.48 %),0,0,0,0,27288373,3.78
08/06/2022,-1000,-20800000,20.8(0.00 %),0,0,1000,20800000,27289573,3.78
09/06/2022,-1100,-22990000,20.9(0.48 %),0,0,1100,22990000,27290373,3.77
10/06/2022,-1300,-26780000,20.6(-1.44 %),0,0,1300,26780000,27291373,3.77
13/06/2022,-1300,-25025000,19.25(-6.55 %),0,0,1300,25025000,27292473,3.77
14/06/2022,18200,351260000,19.3(0.00 %),22700,438110000,4500,86850000,27271073,3.81
15/06/2022,20700,393300000,19(-1.55 %),21200,402800000,500,9500000,27251173,3.84
16/06/2022,9200,176640000,19.2(1.05 %),10100,193920000,900,17280000,27245573,3.85
17/06/2022,24500,467950000,19.1(-0.52 %),25000,477500000,500,9550000,27221073,3.89
20/06/2022,12600,230540000,18.25(-4.45 %),13200,241545000,600,11005000,27208773,3.91
21/06/2022,11200,198800000,17.75(-3.01 %),11700,207675000,500,8875000,27197573,3.93
22/06/2022,3600,64800000,18(1.12 %),4200,75600000,600,10800000,27193973,3.93
23/06/2022,13000,234000000,18(0.00 %),13300,239400000,300,5400000,27181173,3.96
24/06/2022,4000,71400000,17.85(-0.83 %),4400,78540000,400,7140000,27177373,3.96
27/06/2022,-700,-12310000,17.75(-0.84 %),0,0,700,12310000,27177673,3.96
28/06/2022,0,-12425000,18.3(2.81 %),0,0,0,12425000,27178073,3.96
29/06/2022,9800,178380000,18.5(1.09 %),9900,180180000,100,1800000,27168873,3.98
30/06/2022,8400,159600000,19(2.70 %),17300,328700000,8900,169100000,27151573,4.0
01/07/2022,7800,148980000,19.1(0.53 %),7800,148980000,0,0,27143873,4.02
04/07/2022,14800,283260000,19.05(-0.26 %),15200,290900000,400,7640000,27143873,0.0
05/07/2022,600,11100000,18.5(-3.14 %),600,11100000,0,0,27136973,4.03
06/07/2022,29300,542050000,18.5(0.00 %),29300,542050000,0,0,27108073,4.08
07/07/2022,5100,94605000,18.55(0.27 %),5100,94605000,0,0,27102973,4.08
08/07/2022,9600,479700000,18.8(1.08 %),10300,479700000,700,0,27093373,0.0
11/07/2022,26000,479700000,18.45(-1.86 %),26000,479700000,0,0,27074703,4.13
12/07/2022,4500,85500000,19(2.70 %),4500,85500000,0,0,27070203,4.14
13/07/2022,8400,160440000,19.1(0.53 %),8400,160440000,0,0,27061803,4.15
14/07/2022,6900,131445000,19.05(-0.26 %),6900,131445000,0,0,27054903,4.16
15/07/2022,22600,433920000,19.2(0.52 %),22600,433920000,0,0,27032303,4.2
18/07/2022,5000,95000000,19(-1.04 %),5000,95000000,0,0,27027303,4.21
19/07/2022,10200,193800000,19(0.00 %),10200,193800000,0,0,27017103,4.23
20/07/2022,18200,346710000,19.05(0.26 %),18200,346710000,0,0,26998903,4.26
21/07/2022,8000,151200000,18.9(-1.05 %),8000,151200000,0,0,26990903,4.27
22/07/2022,13000,56400000,18.8(-0.53 %),13300,56400000,300,0,26987903,4.28
25/07/2022,15800,300200000,19(1.06 %),15800,300200000,0,0,26972103,4.3
26/07/2022,4800,93600000,19.5(2.63 %),4800,93600000,0,0,26967303,4.31
27/07/2022,5400,105300000,19.5(0.00 %),5400,105300000,0,0,26961903,4.32
28/07/2022,4100,80155000,19.55(0.26 %),4300,84065000,200,3910000,26957603,4.33
29/07/2022,1400,27300000,19.5(-0.51 %),1400,27300000,0,0,26956203,4.33
01/08/2022,21700,418810000,19.3(-1.03 %),21700,418810000,0,0,26934703,4.36
02/08/2022,6200,119350000,19.25(-0.26 %),6200,119350000,0,0,26928503,4.37
03/08/2022,5100,98175000,19.25(-0.26 %),5100,98175000,0,0,26923403,4.38
04/08/2022,2800,53480000,19.1(-1.04 %),2800,53480000,0,0,26920603,4.39
05/08/2022,500,9625000,19.25(0.79 %),500,9625000,0,0,26920200,4.39
08/08/2022,12300,237390000,19.3(0.00 %),12300,237390000,0,0,26907900,4.41
09/08/2022,11200,218400000,19.5(1.04 %),14700,286650000,3500,68250000,26893200,4.43
10/08/2022,10300,201880000,19.6(0.51 %),10300,201880000,0,0,26882900,4.45
11/08/2022,15000,295500000,19.7(0.51 %),15900,313230000,900,17730000,26870500,4.47
12/08/2022,6400,126080000,19.7(0.00 %),6400,126080000,0,0,26864100,4.48
15/08/2022,21000,414750000,19.75(0.25 %),21000,414750000,0,0,26844000,4.51
16/08/2022,10900,215275000,19.75(-0.25 %),10900,215275000,0,0,26833100,4.53
17/08/2022,12400,259780000,20.95(5.81 %),13400,280730000,1000,20950000,26819700,4.55
18/08/2022,0,259780000,20.9(-0.48 %),0,280730000,0,20950000,26819700,4.55
19/08/2022,0,259780000,20.9(0.00 %),0,280730000,0,20950000,26820700,4.55
22/08/2022,0,259780000,20.9(0.00 %),0,280730000,0,20950000,26820700,4.55
23/08/2022,0,259780000,20.95(0.24 %),0,280730000,0,20950000,26820700,4.55
24/08/2022,0,259780000,20.75(-1.19 %),0,280730000,0,20950000,26820700,4.55
25/08/2022,0,259780000,20.6(-0.96 %),0,280730000,0,20950000,26820700,4.55
26/08/2022,0,259780000,20(-2.91 %),0,280730000,0,20950000,26820700,4.55
29/08/2022,17500,350000000,20(0.00 %),17500,350000000,0,0,26803200,4.58
30/08/2022,10100,204020000,20.2(1.00 %),10100,204020000,0,0,26793100,4.6
31/08/2022,1000,20200000,20.2(0.00 %),1000,20200000,0,0,26792100,4.6
05/09/2022,17800,358670000,20.15(-0.25 %),17800,358670000,0,0,26774300,4.63
06/09/2022,16200,325620000,20.1(-0.50 %),16200,325620000,0,0,26758100,4.66
07/09/2022,6100,120170000,19.7(-1.99 %),8500,167450000,2400,47280000,26749605,4.67
08/09/2022,3900,77025000,19.75(0.25 %),3900,77025000,0,0,26745705,4.68
09/09/2022,11500,227125000,19.75(-0.25 %),11500,227125000,0,0,26736605,4.69
12/09/2022,7090,227125000,19.7(-0.51 %),7100,227125000,10,0,26729505,4.7
13/09/2022,0,227125000,19.2(-2.54 %),0,227125000,0,0,26729505,4.7
14/09/2022,20800,227125000,19.25(0.26 %),20800,227125000,0,0,26708715,4.74
15/09/2022,700,400400000,19.45(0.78 %),700,400400000,0,0,0,4.74
16/09/2022,20568,396962400,19.3(-1.03 %),20700,399510000,132,2547600,26687315,4.77
19/09/2022,4200,79800000,19(-1.55 %),4200,79800000,0,0,26683115,4.78
20/09/2022,700,13650000,19.5(2.63 %),700,13650000,0,0,26682547,4.78
21/09/2022,1291,24787200,19.2(-1.54 %),1300,24960000,9,172800,26681247,4.78
22/09/2022,4000,76800000,19.2(0.00 %),4000,76800000,0,0,26677247,4.79
23/09/2022,4000,76200000,19.05(-0.78 %),4000,76200000,0,0,26673256,4.8
26/09/2022,4400,80740000,18.35(-3.93 %),4400,80740000,0,0,26668856,4.8
27/09/2022,0,80740000,18.5(0.54 %),0,80740000,0,0,26668856,4.8
28/09/2022,0,80740000,18.5(0.00 %),0,80740000,0,0,26668856,4.8
29/09/2022,3800,68400000,18(-2.70 %),3800,68400000,0,0,26665056,4.81
30/09/2022,11500,213900000,18.6(3.33 %),11500,213900000,0,0,26653556,4.83
03/10/2022,2500,46250000,18.5(-0.54 %),2500,46250000,0,0,26651056,4.83
04/10/2022,2400,43440000,18.1(-2.16 %),2400,43440000,0,0,26648656,4.84
05/10/2022,0,43440000,17.9(-1.10 %),0,43440000,0,0,26648656,4.84
06/10/2022,7500,135750000,18.1(1.12 %),7500,135750000,0,0,26641156,4.85
07/10/2022,17400,306240000,17.6(-2.76 %),17400,306240000,0,0,26623756,4.88
10/10/2022,5200,87360000,16.8(-4.55 %),5200,87360000,0,0,26618556,4.89
11/10/2022,7000,118650000,16.95(0.89 %),7000,118650000,0,0,26611556,4.9
12/10/2022,0,118650000,17(0.00 %),0,118650000,0,0,26611556,4.9
13/10/2022,0,118650000,18.15(6.76 %),0,118650000,0,0,26611556,4.9
14/10/2022,900,16740000,18.6(2.20 %),1000,18600000,100,1860000,26610556,4.9
17/10/2022,1991,37032600,18.6(0.00 %),2000,37200000,9,167400,26608556,4.9
18/10/2022,0,37032600,18.5(-0.54 %),0,37200000,0,167400,26608656,4.9
19/10/2022,10200,183110000,18(-2.70 %),10200,183110000,0,0,26598456,4.92
20/10/2022,0,0,18(0.00 %),0,0,0,0,26598465,4.92
21/10/2022,11700,210355000,17.35(-3.61 %),11800,212150000,100,1795000,26586765,4.94
24/10/2022,11400,185645000,17(-2.30 %),11400,185645000,0,0,26575265,4.96
25/10/2022,800,12920000,16.9(-0.59 %),800,12920000,0,0,26574465,4.96
26/10/2022,12500,200925000,16.85(-0.30 %),12500,200925000,0,0,26561965,4.98
27/10/2022,0,0,16.9(0.00 %),0,0,0,0,26562065,4.98
28/10/2022,10000,173000000,17.3(2.37 %),10000,173000000,0,0,26552065,5.0
31/10/2022,12500,218750000,17.5(1.16 %),12500,218750000,0,0,26539565,5.02
01/11/2022,3000,53100000,17.7(1.14 %),3000,53100000,0,0,26536565,5.02
02/11/2022,9700,172660000,17.8(0.56 %),9700,172660000,0,0,26526865,5.04
03/11/2022,0,172660000,17.25(-3.09 %),0,172660000,0,0,26526865,5.04
04/11/2022,0,172660000,17.25(-0.29 %),0,172660000,0,0,26526865,5.04
07/11/2022,400,6840000,17.1(-1.16 %),400,6840000,0,0,26526465,5.04
08/11/2022,0,6840000,17(-0.58 %),0,6840000,0,0,26526465,5.04
09/11/2022,0,6840000,17.55(3.24 %),0,6840000,0,0,26526465,5.04
10/11/2022,0,6840000,17.5(-0.57 %),0,6840000,0,0,26526465,5.04
11/11/2022,600,9930000,16.55(-5.43 %),700,11585000,100,1655000,26525765,5.04
14/11/2022,10000,165000000,16.5(-0.60 %),10000,165000000,0,0,26515765,5.06
15/11/2022,8600,141040000,16.4(-0.61 %),8700,142680000,100,1640000,26507165,5.07
16/11/2022,17700,297360000,16.8(2.44 %),17800,299040000,100,1680000,26489365,5.1
17/11/2022,-100,-1680000,16.8(0.00 %),0,0,100,1680000,26489465,5.1
18/11/2022,16900,279695000,16.55(-1.49 %),17000,281350000,100,1655000,26472565,5.13
21/11/2022,10600,179140000,16.9(1.81 %),10600,179140000,0,0,26462065,5.15
22/11/2022,5000,87500000,17.5(3.55 %),5000,87500000,0,0,26457165,5.16
23/11/2022,3200,54720000,17.1(-2.29 %),3500,59850000,300,5130000,26453665,5.16
24/11/2022,8100,134055000,16.55(-3.22 %),8100,134055000,0,0,26445565,5.17
25/11/2022,100,1700000,17(2.41 %),100,1700000,0,0,26445765,5.17
28/11/2022,7600,133000000,17.5(2.94 %),7600,133000000,0,0,26438165,5.19
29/11/2022,3600,62640000,17.4(-0.57 %),3800,66120000,200,3480000,26434565,0.0
30/11/2022,6100,107970000,17.7(1.72 %),6100,107970000,0,0,26428465,5.2
01/12/2022,2000,35100000,17.55(-0.85 %),2000,35100000,0,0,26426265,5.21
02/12/2022,4000,70200000,17.55(-0.28 %),4000,70200000,0,0,26422265,5.21
05/12/2022,31597,568746000,18(2.27 %),31600,568800000,3,54000,26390668,5.27
06/12/2022,17800,302600000,17(1.19 %),17800,302600000,0,0,26372868,5.3
07/12/2022,4100,67855000,16.55(-2.65 %),4100,67855000,0,0,26368768,5.3
08/12/2022,1100,17985000,16.35(-1.51 %),1100,17985000,0,0,26367868,5.3
09/12/2022,0,17985000,15.4(-6.10 %),0,17985000,0,0,26367868,5.3
12/12/2022,0,17985000,16(3.90 %),0,17985000,0,0,26367668,0.0
13/12/2022,0,17985000,16.3(1.88 %),0,17985000,0,0,26367668,5.3
14/12/2022,0,17985000,16.1(-1.23 %),0,17985000,0,0,26367668,5.3
15/12/2022,0,17985000,16.4(1.86 %),0,17985000,0,0,26367668,5.3
16/12/2022,0,17985000,16.2(-1.22 %),0,17985000,0,0,26367668,5.3
19/12/2022,0,17985000,15.95(-1.54 %),0,17985000,0,0,26367668,5.3
20/12/2022,0,17985000,15.75(-1.56 %),0,17985000,0,0,26367668,5.3
21/12/2022,0,17985000,15.5(-1.90 %),0,17985000,0,0,26367668,5.3
22/12/2022,0,17985000,15.3(-1.29 %),0,17985000,0,0,26367668,5.3
23/12/2022,0,17985000,15.5(1.31 %),0,17985000,0,0,26367668,5.3
26/12/2022,0,17985000,15.05(-2.90 %),0,17985000,0,0,26367668,0.0
27/12/2022,-10,-154000,15.4(1.99 %),0,0,10,154000,26367678,0.0
28/12/2022,0,-154000,15.5(0.65 %),0,0,0,154000,26367678,5.3
29/12/2022,0,-154000,16.05(3.55 %),0,0,0,154000,26367878,5.3
30/12/2022,-1000,-17000000,17(5.59 %),0,0,1000,17000000,26367878,5.3
03/01/2023,1000,16200000,16.2(-4.71 %),1000,16200000,0,0,26366878,5.31
04/01/2023,1000,16300000,16.3(0.62 %),1000,16300000,0,0,26366878,5.3
05/01/2023,0,16300000,16.3(0.00 %),0,16300000,0,0,26366878,5.3
06/01/2023,3500,55300000,15.8(-3.07 %),3500,55300000,0,0,26363378,5.31
09/01/2023,500,7900000,15.8(0.00 %),500,7900000,0,0,26362878,5.31
10/01/2023,1000,16300000,16.3(3.16 %),1000,16300000,0,0,26361878,5.31
11/01/2023,1000,15950000,15.95(-2.15 %),1000,15950000,0,0,26360878,5.31
12/01/2023,0,15950000,15.85(-0.94 %),0,15950000,0,0,26360878,5.31
13/01/2023,0,15950000,15.9(0.00 %),0,15950000,0,0,26360878,5.31
16/01/2023,0,15950000,15.95(0.31 %),0,15950000,0,0,26360878,5.31
17/01/2023,0,15950000,15.95(-0.31 %),0,15950000,0,0,26360878,5.31
18/01/2023,0,15950000,16.1(0.62 %),0,15950000,0,0,26360878,5.31
19/01/2023,0,15950000,16(-0.62 %),0,15950000,0,0,26360878,5.31
27/01/2023,0,15950000,16.2(1.25 %),0,15950000,0,0,26360878,5.31
30/01/2023,0,15950000,16.2(0.00 %),0,15950000,0,0,26360878,5.31
31/01/2023,0,15950000,16.15(-0.31 %),0,15950000,0,0,26360878,5.31
01/02/2023,0,15950000,16.25(0.31 %),0,15950000,0,0,26360878,5.31
02/02/2023,0,15950000,16(-1.84 %),0,15950000,0,0,26360878,5.31
03/02/2023,0,15950000,16(0.00 %),0,15950000,0,0,26360878,5.31
06/02/2023,0,15950000,16(0.00 %),0,15950000,0,0,26360878,5.31
07/02/2023,0,15950000,15.8(-1.25 %),0,15950000,0,0,26360878,5.31
08/02/2023,0,15950000,15.8(0.00 %),0,15950000,0,0,26360878,5.31
09/02/2023,0,15950000,16(1.27 %),0,15950000,0,0,26360878,5.31
10/02/2023,0,15950000,16.15(0.94 %),0,15950000,0,0,26360878,5.31
13/02/2023,0,15950000,16.15(-0.31 %),0,15950000,0,0,26360878,5.31
14/02/2023,0,15950000,16.15(-0.31 %),0,15950000,0,0,26360878,5.31
15/02/2023,600,9360000,15.6(-3.70 %),5600,87360000,5000,78000000,26355278,5.32
16/02/2023,0,9360000,16(2.56 %),0,87360000,0,78000000,26355278,5.32
17/02/2023,0,9360000,15.6(-2.50 %),0,87360000,0,78000000,26360278,5.32
20/02/2023,0,9360000,16(2.56 %),0,87360000,0,78000000,26360278,5.32
21/02/2023,0,9360000,16.1(0.62 %),0,87360000,0,78000000,26360278,5.32
22/02/2023,0,9360000,16(-0.62 %),0,87360000,0,78000000,26360278,5.32
23/02/2023,0,9360000,15.7(-1.88 %),0,87360000,0,78000000,26360278,5.32
24/02/2023,0,9360000,16(1.91 %),0,87360000,0,78000000,26360278,5.32
27/02/2023,0,9360000,15.8(-1.25 %),0,87360000,0,78000000,26360278,5.32
28/02/2023,0,9360000,15.8(0.00 %),0,87360000,0,78000000,26360278,5.32
01/03/2023,0,9360000,16.15(2.22 %),0,87360000,0,78000000,26360278,5.32
02/03/2023,1500,24150000,16.1(-0.62 %),1500,24150000,0,0,26358778,5.32
03/03/2023,0,24150000,16(-0.62 %),0,24150000,0,0,26358778,5.32
06/03/2023,0,24150000,16(0.00 %),0,24150000,0,0,26358778,5.32
07/03/2023,0,24150000,15.95(-0.31 %),0,24150000,0,0,26358778,5.32
08/03/2023,-7,-111650,15.95(-0.31 %),0,0,7,111650,26358778,5.32
09/03/2023,0,-111650,15.8(-1.25 %),0,0,0,111650,26358778,5.32
10/03/2023,0,-111650,15.8(0.00 %),0,0,0,111650,26358785,5.32
13/03/2023,0,-111650,15.8(0.00 %),0,0,0,111650,26358785,5.32
14/03/2023,0,-111650,16.1(1.90 %),0,0,0,111650,26358785,5.32
15/03/2023,0,-111650,16(-0.62 %),0,0,0,111650,26358785,5.32
16/03/2023,-1100,-17270000,15.7(-1.88 %),0,0,1100,17270000,26358785,5.32
17/03/2023,-3100,-49290000,15.9(1.27 %),0,0,3100,49290000,26358785,5.32
20/03/2023,0,-49290000,16(0.63 %),0,0,0,49290000,26359885,5.32
21/03/2023,0,9360000,15.95(-0.31 %),0,87360000,0,78000000,26362985,5.31
22/03/2023,0,0,15.8(-1.25 %),0,0,0,0,26362985,5.31
23/03/2023,-300,-4710000,15.7(-0.63 %),0,0,300,4710000,26363285,5.31
24/03/2023,0,0,15.75(0.32 %),0,0,0,0,26363285,5.31
27/03/2023,-20,-314000,15.7(-0.63 %),0,0,20,314000,26363305,0.0
28/03/2023,0,-314000,15.7(0.00 %),0,0,0,314000,26363305,0.0
29/03/2023,0,-314000,15.6(-0.64 %),0,0,0,314000,26363305,5.31
30/03/2023,0,-314000,15.6(0.00 %),0,0,0,314000,26363305,5.31
31/03/2023,0,-314000,15.8(1.28 %),0,0,0,314000,26363305,5.31
03/04/2023,11200,179200000,16(1.27 %),11200,179200000,0,0,26352105,5.33
04/04/2023,1600,26240000,16.4(2.50 %),1600,26240000,0,0,26350505,5.33
05/04/2023,12600,202860000,16.1(-1.83 %),12600,202860000,0,0,26337905,5.35
06/04/2023,10700,172270000,16.1(0.00 %),10700,172270000,0,0,26327205,5.37
07/04/2023,200,3280000,16.4(1.86 %),200,3280000,0,0,26327005,5.37
10/04/2023,0,3280000,16.2(-1.22 %),0,3280000,0,0,26327005,5.37
11/04/2023,0,3280000,16.3(0.62 %),0,3280000,0,0,26327005,5.37
12/04/2023,0,3280000,16.4(0.61 %),0,3280000,0,0,26327005,5.37
13/04/2023,-4000,-65600000,16.4(0.00 %),0,0,4000,65600000,26327005,5.37
14/04/2023,-3400,-55080000,16.2(-1.22 %),100,1620000,3500,56700000,26326905,5.37
17/04/2023,-12394,-199543400,16.1(-0.62 %),200,3220000,12594,202763400,26330705,5.36
18/04/2023,0,-199543400,16.1(0.00 %),0,3220000,0,202763400,26334205,5.36
19/04/2023,-3100,-49445000,15.95(-0.93 %),0,0,3100,49445000,26346799,5.34
20/04/2023,-27100,-426170000,15.75(-1.56 %),0,0,27100,426170000,26373899,5.29
21/04/2023,0,-426825000,15.8(0.00 %),0,0,0,426825000,26349899,5.33
24/04/2023,-20,0,15.8(0.00 %),0,0,20,0,26376999,5.29
25/04/2023,-1202,-18931500,15.75(-0.32 %),0,0,1202,18931500,26376999,5.29
26/04/2023,-2500,-39875000,15.95(0.95 %),0,0,2500,39875000,26377019,5.29
27/04/2023,700,11410000,16.3(2.19 %),900,14670000,200,3260000,26376319,5.29
28/04/2023,-12800,-202240000,15.8(-3.07 %),0,0,12800,202240000,26389119,5.27
04/05/2023,-23500,-369050000,15.7(-0.63 %),200,3160000,23700,372210000,26379821,5.28
05/05/2023,-1200,-18850000,15.8(0.64 %),400,6300000,1600,25150000,26392221,5.26
08/05/2023,-3100,-48990000,15.8(0.00 %),100,1580000,3200,50570000,26415831,5.22
09/05/2023,0,0,15.8(0.00 %),0,0,0,0,26417434,5.22
10/05/2023,-46800,-726535000,15.6(-1.27 %),0,0,46800,726535000,26464234,5.14
11/05/2023,-59400,-935795000,15.75(0.96 %),0,0,59400,935795000,26420634,5.22
12/05/2023,-12000,-189100000,15.75(-0.32 %),0,0,12000,189100000,26467434,5.14
15/05/2023,-22400,-353970000,15.8(0.32 %),0,0,22400,353970000,26489834,5.1
16/05/2023,-8100,-128990000,15.9(0.63 %),0,0,8100,128990000,26497934,5.09
17/05/2023,-3000,-47700000,15.9(0.00 %),0,0,3000,47700000,26500934,5.08
18/05/2023,-4700,-74545000,15.85(-0.31 %),0,0,4700,74545000,26505634,5.08
19/05/2023,-7100,-112215000,15.9(0.32 %),600,9535000,7700,121750000,26512734,5.06
22/05/2023,-2700,-42930000,16(0.63 %),0,0,2700,42930000,26515434,5.06
23/05/2023,-6700,-108345000,16.2(1.25 %),0,0,6700,108345000,26522134,5.05
24/05/2023,-3800,-61185000,16(-1.23 %),300,4830000,4100,66015000,26525934,5.04
25/05/2023,-15000,-236085000,15.65(-2.19 %),0,0,15000,236085000,26540934,5.02
26/05/2023,-12000,-188100000,15.7(0.32 %),1000,15650000,13000,203750000,26552934,5.0
29/05/2023,-27900,-438720000,15.7(0.00 %),300,4755000,28200,443475000,26580834,4.95
30/05/2023,-9000,-142200000,15.95(1.59 %),0,0,9000,142200000,26589834,4.94
31/05/2023,-11100,-175685000,15.8(-0.94 %),1000,15800000,12100,191485000,26600934,4.92
01/06/2023,-8500,-133950000,15.75(-0.32 %),1000,15750000,9500,149700000,26651241,4.83
02/06/2023,-12000,-189025000,15.75(0.00 %),0,0,12000,189025000,26663241,4.81
05/06/2023,-22600,-356835000,15.75(0.00 %),0,0,22600,356835000,26685841,4.78
06/06/2023,-14900,-234905000,15.8(0.32 %),0,0,14900,234905000,26700741,4.75
07/06/2023,-13900,-220780000,15.95(0.95 %),200,3180000,14100,223960000,26714641,4.73
08/06/2023,-18400,-291640000,15.85(-0.63 %),0,0,18400,291640000,26733041,4.7
09/06/2023,-14300,-224840000,15.75(-0.63 %),0,0,14300,224840000,26747341,4.67
12/06/2023,-17100,-269080000,15.9(0.95 %),0,0,17100,269080000,26764441,4.65
13/06/2023,-23000,-364600000,15.85(-0.31 %),0,0,23000,364600000,26787441,4.61
14/06/2023,-18700,-295460000,15.8(-0.32 %),0,0,18700,295460000,26806141,4.58
15/06/2023,-62500,-998150000,16.1(1.90 %),0,0,62500,998150000,26868641,4.47
16/06/2023,-24500,-393250000,16.1(0.00 %),0,0,24500,393250000,26835741,4.53
19/06/2023,-68000,-1094100000,16.1(0.00 %),0,0,68000,1094100000,26898241,4.42
20/06/2023,-26500,-423010000,16(-0.62 %),0,0,26500,423010000,26924741,4.38
21/06/2023,-70500,-1124050000,16(0.00 %),0,0,70500,1124050000,26990741,4.27
22/06/2023,-46200,-740765000,16(0.00 %),300,4815000,46500,745580000,27036941,4.19
23/06/2023,-39000,-619695000,15.95(-0.31 %),0,0,39000,619695000,27075941,4.13
26/06/2023,-69000,-1089075000,15.8(-1.25 %),0,0,69000,1089075000,27133941,4.03
27/06/2023,-45200,-722010000,16(1.27 %),0,0,45200,722010000,27179141,3.96
28/06/2023,-35700,-572095000,16(0.00 %),0,0,35700,572095000,27214841,3.9
29/06/2023,-30000,-477625000,15.9(-0.62 %),0,0,30000,477625000,27244841,3.85
30/06/2023,-19700,-311820000,15.8(-0.63 %),0,0,19700,311820000,27264541,3.82
03/07/2023,-7400,-117460000,15.9(0.63 %),0,0,7400,117460000,27322841,3.72
04/07/2023,-10900,-173415000,15.9(0.00 %),7200,114480000,18100,287895000,27333741,3.7
05/07/2023,-12000,-190255000,15.85(-0.31 %),0,0,12000,190255000,27345741,3.68
06/07/2023,-19400,-306610000,15.8(-0.63 %),0,0,19400,306610000,27390841,3.61
07/07/2023,-14000,-221050000,15.8(0.00 %),0,0,14000,221050000,27402841,3.59
10/07/2023,-27400,-434495000,16.05(1.58 %),2700,43200000,30100,477695000,27430241,3.54
11/07/2023,-4400,-70535000,16.05(-0.31 %),0,0,4400,70535000,27434641,3.54
12/07/2023,-16700,-267200000,16(-0.62 %),0,0,16700,267200000,27451341,3.51
13/07/2023,-9300,-148640000,16(0.00 %),0,0,9300,148640000,27460641,3.49
14/07/2023,-19100,-305480000,16(0.00 %),0,0,19100,305480000,27484780,3.45
17/07/2023,-14800,-236810000,16(0.00 %),0,0,14800,236810000,27499580,3.43
18/07/2023,-31500,-504300000,15.95(-0.31 %),0,0,31500,504300000,27531080,3.38
19/07/2023,-30000,-480115000,16.1(0.62 %),0,0,30000,480115000,27527980,3.38
20/07/2023,-42700,-688420000,16.2(0.62 %),0,0,42700,688420000,27570680,3.31
21/07/2023,-62000,-1020920000,16.4(1.23 %),0,0,62000,1020920000,27632680,3.21
24/07/2023,-33600,-550220000,16.35(-0.30 %),0,0,33600,550220000,27632180,3.21
25/07/2023,-83100,-1347900000,16.35(-0.30 %),0,0,83100,1347900000,27694180,3.11
26/07/2023,-17300,-281325000,16.35(0.00 %),0,0,17300,281325000,27711480,3.08
27/07/2023,-34300,-556365000,16.15(-1.52 %),100,1635000,34400,558000000,27745780,3.02
28/07/2023,-137000,-2219205000,16.25(0.31 %),0,0,137000,2219205000,27882780,2.79
31/07/2023,-58000,-943980000,16.35(0.31 %),600,9750000,58600,953730000,27940780,2.7
01/08/2023,-24500,-399230000,16.35(-0.30 %),7100,115980000,31600,515210000,27861880,2.83
02/08/2023,-68400,-1105075000,16.2(-1.22 %),0,0,68400,1105075000,27930280,2.71
03/08/2023,-23200,-373580000,16(-1.23 %),0,0,23200,373580000,27953480,2.68
04/08/2023,-9700,-155755000,16.2(1.25 %),14100,227580000,23800,383335000,28136280,2.37
07/08/2023,0,0,16(-1.23 %),0,0,0,0,28136280,2.37
08/08/2023,0,0,16.2(1.25 %),0,0,0,0,28136280,2.37
09/08/2023,0,0,16.15(-0.31 %),0,0,0,0,28136280,2.37
10/08/2023,-100,-1615000,16.2(0.31 %),0,0,100,1615000,28136380,2.37
11/08/2023,0,0,16.2(0.00 %),0,0,0,0,28136380,2.37
14/08/2023,0,0,16.1(-0.62 %),0,0,0,0,28183380,2.29
15/08/2023,0,0,16.1(0.00 %),0,0,0,0,28183380,2.29
16/08/2023,0,0,16(-0.62 %),0,0,0,0,28183380,2.29
17/08/2023,10000,160000000,16(0.00 %),10000,160000000,0,0,28173380,2.31
18/08/2023,0,0,15.6(-2.50 %),0,0,0,0,28173380,2.31
21/08/2023,0,0,15.55(-0.32 %),0,0,0,0,28173380,2.31
22/08/2023,1800,28240000,15.6(0.00 %),1800,28240000,0,0,28171580,2.31
23/08/2023,3600,56555000,15.8(1.28 %),3600,56555000,0,0,28167980,2.32
24/08/2023,0,0,15.7(-0.63 %),0,0,0,0,28167980,2.32
25/08/2023,0,0,15.6(-0.64 %),0,0,0,0,28167980,2.32
28/08/2023,0,0,15.75(0.96 %),0,0,0,0,28167980,2.32
29/08/2023,0,0,15.7(-0.32 %),0,0,0,0,28167980,2.32
30/08/2023,100,1560000,15.75(0.32 %),100,1560000,0,0,28167880,2.32
31/08/2023,100,1575000,15.8(0.32 %),100,1575000,0,0,28167780,2.32
05/09/2023,-19000,-303105000,16.05(1.58 %),0,0,19000,303105000,28167780,2.32
06/09/2023,-18500,-295135000,16(-0.31 %),0,0,18500,295135000,28186280,2.29
07/09/2023,0,0,16(0.00 %),0,0,0,0,28186780,2.29
08/09/2023,0,0,16.05(0.31 %),0,0,0,0,28205280,2.26
11/09/2023,0,0,16.2(0.93 %),0,0,0,0,28205280,2.26
12/09/2023,0,0,16.1(-0.62 %),0,0,0,0,28205280,2.26
13/09/2023,0,0,16.5(2.48 %),0,0,0,0,28205280,2.26
14/09/2023,0,0,16.45(-0.30 %),0,0,0,0,28205280,2.26
15/09/2023,0,0,16.45(0.00 %),0,0,0,0,28205280,2.26
18/09/2023,0,0,16.4(-0.30 %),0,0,0,0,28205280,2.26
19/09/2023,-1500,-24375000,16.1(-1.83 %),0,0,1500,24375000,28206780,2.26
20/09/2023,300,4830000,16.35(1.55 %),300,4830000,0,0,28206480,2.26
21/09/2023,0,0,16.1(-1.53 %),0,0,0,0,28206480,2.26
22/09/2023,0,0,15.95(-0.93 %),0,0,0,0,28206480,2.26
25/09/2023,-200,-3255000,15.8(-0.94 %),0,0,200,3255000,28206480,2.26
26/09/2023,0,0,15.8(0.00 %),0,0,0,0,28206480,2.26
27/09/2023,0,0,15.8(0.00 %),0,0,0,0,28206480,2.26
28/09/2023,-2600,-41600000,16.2(2.53 %),0,0,2600,41600000,28209080,2.25
29/09/2023,0,0,16.1(-0.62 %),0,0,0,0,28206680,2.26
02/10/2023,3100,49290000,16(-0.62 %),3300,52470000,200,3180000,28205980,2.26
03/10/2023,0,0,15.75(-1.56 %),0,0,0,0,28205980,2.26
04/10/2023,0,0,15.75(0.00 %),0,0,0,0,28205980,2.26
05/10/2023,0,0,15.8(0.32 %),0,0,0,0,28206218,2.26
06/10/2023,0,0,15.8(0.00 %),0,0,0,0,28206218,2.26
09/10/2023,800,12880000,15.8(0.00 %),800,12880000,0,0,28205418,2.26
10/10/2023,100,1575000,15.8(0.00 %),100,1575000,0,0,28205318,2.26
11/10/2023,0,0,15.9(0.63 %),0,0,0,0,28205318,2.26
12/10/2023,0,0,15.75(-0.94 %),0,0,0,0,28205318,2.26
13/10/2023,0,0,15.8(0.32 %),0,0,0,0,28205318,2.26
16/10/2023,1000,15800000,15.7(-0.63 %),1000,15800000,0,0,28204318,2.26
17/10/2023,0,0,15.7(0.00 %),0,0,0,0,28204318,2.26
18/10/2023,0,0,15.6(-0.64 %),0,0,0,0,28204318,2.26
19/10/2023,0,0,15.9(1.92 %),0,0,0,0,28204318,2.26
20/10/2023,0,0,15.65(-1.57 %),0,0,0,0,28204318,2.26
23/10/2023,0,0,15.5(-0.96 %),0,0,0,0,28204318,2.26
24/10/2023,0,0,15.5(0.00 %),0,0,0,0,28204318,2.26
25/10/2023,0,0,15.35(-0.97 %),0,0,0,0,28204368,2.26
26/10/2023,0,0,14.45(-5.86 %),0,0,0,0,28204368,2.26
27/10/2023,0,0,14.6(1.04 %),0,0,0,0,28204368,2.26
30/10/2023,0,0,14.55(-0.34 %),0,0,0,0,28204368,2.26
31/10/2023,14400,208800000,14.5(-0.34 %),14400,208800000,0,0,28189968,2.28
01/11/2023,100,1415000,14(-3.45 %),100,1415000,0,0,28189868,2.28
02/11/2023,0,0,14.3(2.14 %),0,0,0,0,28189868,2.28
03/11/2023,0,0,14.25(-0.35 %),0,0,0,0,28189868,2.28
06/11/2023,0,0,14.35(0.70 %),0,0,0,0,28189868,2.28
07/11/2023,0,0,14.2(-1.05 %),0,0,0,0,28189868,2.28
08/11/2023,0,0,14.35(1.06 %),0,0,0,0,28189868,2.28
09/11/2023,0,0,14.4(0.35 %),0,0,0,0,28189868,2.28
10/11/2023,0,0,14.2(-1.39 %),0,0,0,0,28189868,2.28
13/11/2023,100,1435000,14.2(0.00 %),100,1435000,0,0,28189768,2.28
14/11/2023,0,0,14.35(1.06 %),0,0,0,0,28189768,2.28
15/11/2023,-100,-1440000,14.4(0.35 %),0,0,100,1440000,28189868,2.28
16/11/2023,0,0,14.3(-0.69 %),0,0,0,0,28189868,2.28
17/11/2023,0,0,14.3(0.00 %),0,0,0,0,28189768,2.28
20/11/2023,0,0,14.35(0.35 %),0,0,0,0,28189768,2.28
21/11/2023,0,0,14.4(0.35 %),0,0,0,0,28189768,2.28
22/11/2023,0,0,14.3(-0.69 %),0,0,0,0,28189768,2.28
23/11/2023,0,0,14.2(-0.70 %),0,0,0,0,28189768,2.28
24/11/2023,-400,-5640000,14.2(0.00 %),0,0,400,5640000,28190168,2.28
27/11/2023,0,0,14.2(0.00 %),0,0,0,0,28190168,2.28
28/11/2023,0,0,14.2(0.00 %),0,0,0,0,28190168,2.28
29/11/2023,200,2840000,14.1(-0.70 %),200,2840000,0,0,28189968,2.28
30/11/2023,0,0,14.05(-0.35 %),0,0,0,0,28189968,2.28
01/12/2023,-1200,-16920000,14.1(0.36 %),1000,14100000,2200,31020000,28190048,2.28
04/12/2023,1000,14300000,14.15(0.35 %),1000,14300000,0,0,28189048,2.29
05/12/2023,500,7100000,14.2(0.35 %),500,7100000,0,0,28188548,2.29
06/12/2023,0,0,14.2(0.00 %),0,0,0,0,28188548,2.29
07/12/2023,0,0,14.25(0.35 %),0,0,0,0,28188548,2.29
08/12/2023,0,0,14.2(-0.35 %),0,0,0,0,28188548,2.29
11/12/2023,4500,63450000,14.2(0.00 %),4500,63450000,0,0,28184048,2.29
12/12/2023,100,1420000,14.1(-0.70 %),100,1420000,0,0,28183948,2.29
13/12/2023,-27100,-379400000,14(-0.71 %),600,8400000,27700,387800000,28211048,2.25
14/12/2023,500,7000000,14(0.00 %),500,7000000,0,0,28210548,2.25
15/12/2023,1900,26600000,14(0.00 %),1900,26600000,0,0,28208648,2.25
18/12/2023,0,0,14(0.00 %),0,0,0,0,28208648,2.25
19/12/2023,0,0,13.95(-0.36 %),0,0,0,0,28208648,2.25
20/12/2023,0,0,14.05(0.72 %),0,0,0,0,28208648,2.25
21/12/2023,800,11240000,14.3(1.78 %),800,11240000,0,0,28207848,2.25
22/12/2023,-100,-1430000,14.3(0.00 %),0,0,100,1430000,28207948,2.25
25/12/2023,0,0,14.35(0.35 %),0,0,0,0,28207948,2.25
26/12/2023,2000,28680000,14.3(-0.35 %),2000,28680000,0,0,28205948,2.26
27/12/2023,0,0,14.35(0.35 %),0,0,0,0,28205948,2.26
28/12/2023,0,0,14.5(1.05 %),0,0,0,0,28205948,2.26
29/12/2023,0,0,14.75(1.72 %),0,0,0,0,28205948,2.26
02/01/2024,0,0,14.7(-0.34 %),0,0,0,0,28207228,2.25
03/01/2024,100,1460000,14.5(-1.36 %),100,1460000,0,0,28207128,2.26
04/01/2024,500,7200000,14.5(0.00 %),500,7200000,0,0,28206628,2.26
05/01/2024,200,2875000,14.4(-0.69 %),200,2875000,0,0,28206428,2.26
08/01/2024,0,0,14.55(1.04 %),0,0,0,0,28206428,2.26
09/01/2024,0,0,14.5(-0.34 %),0,0,0,0,28206448,2.26
10/01/2024,200,2885000,14.5(0.00 %),200,2885000,0,0,28206248,2.26
11/01/2024,100,1440000,14.4(-0.69 %),100,1440000,0,0,28206148,2.26
12/01/2024,1000,14400000,14.4(0.00 %),1000,14400000,0,0,28205128,2.26
15/01/2024,-100,-1435000,14.35(-0.35 %),100,1435000,200,2870000,28205048,2.26
16/01/2024,0,0,14.35(0.00 %),0,0,0,0,28205048,2.26
17/01/2024,-30700,-439090000,14.4(0.35 %),1300,18610000,32000,457700000,28204046,2.26
18/01/2024,0,0,14.4(0.00 %),0,0,0,0,28235928,2.21
19/01/2024,-4100,-59040000,14.4(0.00 %),0,0,4100,59040000,28240028,2.2
22/01/2024,-4000,-57100000,14.3(-0.69 %),0,0,4000,57100000,28244028,2.19
23/01/2024,-6800,-97240000,14.4(0.70 %),0,0,6800,97240000,28250828,2.18
24/01/2024,0,0,14.4(0.00 %),0,0,0,0,28250828,2.18
25/01/2024,-14300,-204990000,14.3(-0.69 %),0,0,14300,204990000,28265128,2.16
26/01/2024,-26300,-376270000,14.4(0.70 %),500,7150000,26800,383420000,28291428,2.12
29/01/2024,-20400,-294230000,14.4(0.00 %),0,0,20400,294230000,28264746,2.16
30/01/2024,-13300,-191780000,14.6(1.39 %),0,0,13300,191780000,28291546,2.12
31/01/2024,-6600,-95070000,14.4(-1.37 %),0,0,6600,95070000,28311946,2.08
01/02/2024,-12100,-173690000,14.4(0.00 %),0,0,12100,173690000,28311946,2.08
02/02/2024,-18590,-267237000,14.3(-0.69 %),0,0,18590,267237000,28325246,2.06
05/02/2024,0,0,14.3(0.00 %),0,0,0,0,28330536,2.05
06/02/2024,-18,0,14.4(0.70 %),0,0,18,0,28362536,2.0
07/02/2024,1500,21600000,14.45(0.35 %),1500,21600000,0,0,28361036,2.0
15/02/2024,1700,24310000,14.6(1.04 %),1700,24310000,0,0,28359354,2.0
16/02/2024,0,0,14.45(-1.03 %),0,0,0,0,28359354,2.0
19/02/2024,0,0,14.5(0.35 %),0,0,0,0,28359354,2.0
20/02/2024,-1100,-16040000,14.55(0.34 %),0,0,1100,16040000,28359354,2.0
21/02/2024,0,0,14.55(0.00 %),0,0,0,0,28359354,2.0
22/02/2024,-100,-1455000,14.6(0.34 %),0,0,100,1455000,28359354,2.0
23/02/2024,-35,-507500,14.4(-1.37 %),0,0,35,507500,28328589,2.05
26/02/2024,0,0,14.5(0.69 %),0,0,0,0,28360554,2.0
27/02/2024,500,7275000,14.55(0.34 %),500,7275000,0,0,28328089,2.05
28/02/2024,0,0,14.4(-1.03 %),0,0,0,0,28328089,2.05
29/02/2024,-9900,-142070000,14.4(0.00 %),100,1430000,10000,143500000,28359988,2.0
01/03/2024,0,0,14.4(0.00 %),0,0,0,0,28359989,2.0
04/03/2024,-2400,-34920000,14.45(0.35 %),0,0,2400,34920000,28362389,2.0
05/03/2024,2200,31900000,14.8(2.42 %),2200,31900000,0,0,28367788,1.99
06/03/2024,0,0,14.65(-1.01 %),0,0,0,0,28360189,2.0
07/03/2024,0,0,14.65(-0.68 %),0,0,0,0,28360189,2.0
08/03/2024,0,0,14.6(-0.34 %),0,0,0,0,28360189,2.0
11/03/2024,0,0,14.5(-0.68 %),0,0,0,0,28360189,2.0
12/03/2024,-1100,-15950000,14.4(-0.69 %),0,0,1100,15950000,28370188,1.98
13/03/2024,-3600,-52380000,14.55(1.04 %),0,0,3600,52380000,28370189,1.98
14/03/2024,-4700,-69080000,14.7(1.03 %),300,4420000,5000,73500000,28374889,1.98
15/03/2024,0,0,14.7(0.00 %),0,0,0,0,28374889,1.98
18/03/2024,0,0,14.6(-0.68 %),0,0,0,0,28379588,1.97
19/03/2024,0,0,14.5(-0.68 %),0,0,0,0,28379588,1.97
20/03/2024,-100,-1490000,14.7(1.38 %),0,0,100,1490000,28374989,1.98
21/03/2024,0,0,14.7(0.00 %),0,0,0,0,28374989,1.98
22/03/2024,0,0,14.7(0.00 %),0,0,0,0,28374989,1.98
25/03/2024,0,0,14.7(0.00 %),0,0,0,0,28379688,1.97
26/03/2024,0,0,14.65(-0.34 %),0,0,0,0,28374889,1.98
27/03/2024,0,0,14.8(1.02 %),0,0,0,0,28379688,1.97
28/03/2024,-2800,-41580000,14.85(0.34 %),0,0,2800,41580000,28379688,1.97
29/03/2024,0,0,14.85(0.00 %),0,0,0,0,28379688,1.97
01/04/2024,900,13015000,14.85(0.00 %),1500,21900000,600,8885000,28380988,1.97
02/04/2024,-300,-4410000,14.7(-1.01 %),100,1470000,400,5880000,28379989,1.97
03/04/2024,0,0,14.8(0.68 %),0,0,0,0,28381488,1.97
04/04/2024,0,0,14.7(-0.68 %),0,0,0,0,28379989,1.97
05/04/2024,0,0,14.7(0.00 %),0,0,0,0,28381888,1.97
08/04/2024,-100,-1470000,14.7(0.00 %),0,0,100,1470000,28380089,1.97
09/04/2024,0,0,14.6(-0.68 %),0,0,0,0,28380089,1.97
10/04/2024,0,0,14.65(0.34 %),0,0,0,0,28380089,1.97
11/04/2024,-100,-1465000,14.65(0.00 %),0,0,100,1465000,28381996,1.97
12/04/2024,0,0,14.65(0.00 %),0,0,0,0,28381996,1.97
15/04/2024,0,0,14.55(-0.68 %),0,0,0,0,28380189,1.97
16/04/2024,500,7325000,14.45(-0.69 %),500,7325000,0,0,28379689,1.97
17/04/2024,0,0,14.45(0.00 %),0,0,0,0,28380189,1.97
19/04/2024,0,0,14.05(-2.77 %),0,0,0,0,28380189,1.97
22/04/2024,-500,-7050000,14.35(2.14 %),0,0,500,7050000,28381596,1.97
23/04/2024,0,0,14.3(-0.35 %),0,0,0,0,28381596,1.97
24/04/2024,100,1430000,14.25(-0.35 %),100,1430000,0,0,28380589,1.97
25/04/2024,0,0,14.3(0.35 %),0,0,0,0,28380589,1.97
26/04/2024,0,0,14.4(0.70 %),0,0,0,0,28382000,1.97
02/05/2024,3900,55485000,14.3(-0.69 %),3900,55485000,0,0,28378100,1.97
03/05/2024,0,0,14.25(-0.35 %),0,0,0,0,28378100,1.97
06/05/2024,-800,-11570000,14.5(1.75 %),100,1435000,900,13005000,28378000,1.97
07/05/2024,0,0,14.5(0.00 %),0,0,0,0,28378000,1.97
08/05/2024,-100,-1450000,14.5(0.00 %),0,0,100,1450000,28378900,1.97
09/05/2024,0,0,14.6(0.69 %),0,0,0,0,28378900,1.97
10/05/2024,2700,39470000,14.65(0.34 %),2700,39470000,0,0,28376300,1.97
13/05/2024,0,0,14.65(0.00 %),0,0,0,0,28376300,1.97
14/05/2024,-400,-5860000,14.65(0.00 %),0,0,400,5860000,28380601,1.97
15/05/2024,10000,146925000,14.6(-0.34 %),10000,146925000,0,0,28370601,1.98
16/05/2024,0,0,14.6(0.00 %),0,0,0,0,28370601,1.98
17/05/2024,1000,14650000,14.65(0.34 %),1000,14650000,0,0,28365700,1.99
20/05/2024,-10000,-146600000,14.8(1.02 %),0,0,10000,146600000,28365700,1.99
21/05/2024,0,0,14.7(-0.68 %),0,0,0,0,28365708,1.99
22/05/2024,0,0,15(2.04 %),0,0,0,0,28375708,1.98
23/05/2024,-1000,-15600000,15.5(3.33 %),0,0,1000,15600000,28375724,1.98
24/05/2024,-2600,-40070000,15.45(-0.32 %),0,0,2600,40070000,28383201,1.96
27/05/2024,100,1560000,15.4(-0.32 %),100,1560000,0,0,28376624,1.97
28/05/2024,0,0,15.45(0.32 %),0,0,0,0,28379224,1.97
29/05/2024,100,1580000,15.9(2.91 %),100,1580000,0,0,28379124,1.97
30/05/2024,0,0,16.25(2.20 %),0,0,0,0,28379124,1.97
31/05/2024,2200,35540000,16.35(0.62 %),2200,35540000,0,0,28376924,1.97
03/06/2024,-1100,-18320000,16.75(2.45 %),800,13415000,1900,31735000,28376924,1.97
04/06/2024,1800,29930000,17.3(3.28 %),1800,29930000,0,0,28375124,1.98
05/06/2024,-1200,-20350000,17(-1.73 %),0,0,1200,20350000,28376324,1.97
06/06/2024,1100,18030000,16.5(-2.94 %),2000,33200000,900,15170000,28374224,1.98
07/06/2024,3900,64380000,16.45(-0.30 %),4700,77550000,800,13170000,28370724,1.98
10/06/2024,8400,138350000,16.45(0.00 %),8400,138350000,0,0,28362324,2.0
11/06/2024,400,6640000,16.6(0.91 %),400,6640000,0,0,28374224,1.98
12/06/2024,200,3395000,16.9(1.81 %),1000,16600000,800,13205000,28362624,2.0
13/06/2024,0,0,15.6(-0.64 %),0,0,0,0,28357724,2.01
14/06/2024,-400,-6200000,14.7(-5.77 %),0,0,400,6200000,28358524,2.0
17/06/2024,-1000,-14700000,14.9(1.36 %),0,0,1000,14700000,28358524,2.0
18/06/2024,12800,190525000,15.05(1.01 %),13400,199315000,600,8790000,28345524,2.03
19/06/2024,-10700,-158960000,14.8(-1.66 %),0,0,10700,158960000,28346524,2.02
20/06/2024,-1300,-19435000,14.8(0.00 %),0,0,1300,19435000,28347124,2.02
21/06/2024,-4200,-61640000,14.75(-0.34 %),0,0,4200,61640000,28357824,2.01
24/06/2024,-1200,-17640000,14.7(-0.34 %),0,0,1200,17640000,28359124,2.0
25/06/2024,-900,-13120000,14.6(-0.68 %),200,2940000,1100,16060000,28363124,2.0
26/06/2024,-8,-116400,14.55(-0.34 %),0,0,8,116400,28364324,1.99
27/06/2024,-1700,-24735000,14.45(-0.69 %),0,0,1700,24735000,28365424,1.99
28/06/2024,0,0,14.35(-0.69 %),0,0,0,0,28365432,1.99
04/07/2024,200,2870000,14.45(0.00 %),200,2870000,0,0,28367132,0.0
05/07/2024,-1000,-14450000,14.45(0.00 %),100,1445000,1100,15895000,28368132,0.0
08/07/2024,0,0,14.5(0.35 %),0,0,0,0,28368132,0.0
09/07/2024,-1400,-20750000,14.75(1.72 %),100,1450000,1500,22200000,28369532,0.0
10/07/2024,-100,-1475000,14.7(-0.34 %),0,0,100,1475000,28369632,0.0
11/07/2024,0,0,14.65(-0.34 %),0,0,0,0,28369632,0.0
12/07/2024,-1100,-16130000,14.6(-0.34 %),0,0,1100,16130000,28370732,0.0
15/07/2024,0,0,14.6(0.00 %),0,0,0,0,28370732,0.0
16/07/2024,-1000,-14500000,14.8(1.37 %),0,0,1000,14500000,28371732,0.0
17/07/2024,1200,17640000,14.65(-1.01 %),1200,17640000,0,0,28370532,0.0
18/07/2024,0,0,14.7(0.34 %),0,0,0,0,28370532,0.0
19/07/2024,2200,32350000,14.7(0.00 %),2200,32350000,0,0,28368332,0.0
22/07/2024,-1200,-17335000,14.5(-1.36 %),0,0,1200,17335000,28369532,0.0
23/07/2024,3500,48125000,14.5(0.00 %),3500,48125000,0,0,28366032,0.0
24/07/2024,0,0,14.5(0.00 %),0,0,0,0,28366032,0.0
25/07/2024,0,0,14.55(0.34 %),0,0,0,0,28366032,0.0
26/07/2024,200,2910000,14.6(0.34 %),200,2910000,0,0,28365832,0.0
29/07/2024,-200,-2920000,14.6(0.00 %),1400,20440000,1600,23360000,28366032,0.0
30/07/2024,-200,-2920000,14.7(0.68 %),1400,20440000,1600,23360000,28366232,0.0
31/07/2024,500,7385000,15.2(3.40 %),500,7385000,0,0,28365732,0.0
01/08/2024,0,0,14.9(-1.97 %),0,0,0,0,28367243,0.0
02/08/2024,-1600,-23745000,14.8(-0.67 %),0,0,1600,23745000,28368843,0.0
05/08/2024,1000,14200000,14.5(-2.03 %),1000,14200000,0,0,28367843,0.0
06/08/2024,22600,323270000,14.3(-1.38 %),22600,323270000,0,0,28345243,0.0
07/08/2024,0,0,14.3(0.00 %),0,0,0,0,28345243,0.0
08/08/2024,100,1435000,14.3(0.00 %),100,1435000,0,0,28345143,0.0
09/08/2024,-100,-1445000,14.3(0.00 %),0,0,100,1445000,28345243,0.0
12/08/2024,-200,-2915000,14.3(0.00 %),100,1435000,300,4350000,28345443,0.0
13/08/2024,-2000,-28555000,14.3(0.00 %),0,0,2000,28555000,28347443,0.0
14/08/2024,0,0,14.3(0.00 %),0,0,0,0,28347443,0.0
15/08/2024,0,0,14.2(-0.70 %),0,0,0,0,28347443,0.0
16/08/2024,2700,38685000,14.3(0.70 %),2700,38685000,0,0,28344743,0.0
19/08/2024,-2500,-35750000,14.4(0.70 %),0,0,2500,35750000,28347243,0.0
20/08/2024,1300,18810000,14.65(1.74 %),1300,18810000,0,0,28345943,0.0
21/08/2024,4900,71740000,14.8(1.02 %),4900,71740000,0,0,28341043,0.0
22/08/2024,6700,98900000,14.65(-1.01 %),6700,98900000,0,0,28334343,0.0
23/08/2024,2800,40955000,14.65(0.00 %),3500,51175000,700,10220000,28331543,0.0
26/08/2024,5800,84540000,14.5(-1.02 %),5900,86005000,100,1465000,28325743,0.0
27/08/2024,0,0,14.5(0.00 %),0,0,0,0,28325743,0.0
28/08/2024,-900,-13230000,14.65(1.03 %),0,0,900,13230000,28326643,0.0
29/08/2024,-2400,-35330000,14.7(0.34 %),0,0,2400,35330000,28329043,0.0
30/08/2024,4200,62160000,14.8(0.68 %),4200,62160000,0,0,28324843,0.0
04/09/2024,0,0,14.55(-1.69 %),0,0,0,0,28322443,0.0
05/09/2024,0,0,14.55(0.00 %),0,0,0,0,28322443,0.0
06/09/2024,0,0,14.7(1.03 %),0,0,0,0,28322443,0.0
09/09/2024,0,0,14.6(-0.68 %),0,0,0,0,28322443,0.0
10/09/2024,0,0,14.5(-0.68 %),0,0,0,0,28322443,0.0
11/09/2024,0,0,14.6(0.69 %),0,0,0,0,28322443,0.0
12/09/2024,1100,15785000,14.6(0.00 %),1100,15785000,0,0,28321343,0.0
13/09/2024,300,4350000,14.6(0.00 %),300,4350000,0,0,28321043,0.0
16/09/2024,100,1450000,14.5(-0.68 %),100,1450000,0,0,28320943,0.0
17/09/2024,-400,-5760000,14.55(0.34 %),600,8640000,1000,14400000,28321343,0.0
18/09/2024,0,0,14.55(0.00 %),0,0,0,0,28321343,0.0
19/09/2024,0,0,14.4(-1.03 %),0,0,0,0,28321343,0.0
20/09/2024,2000,28700000,14.5(0.69 %),2000,28700000,0,0,28319343,0.0
23/09/2024,1000,14250000,14.25(-1.72 %),1000,14250000,0,0,28318343,0.0
24/09/2024,0,0,14.25(0.00 %),0,0,0,0,28318343,0.0
25/09/2024,3700,52020000,14.15(-0.70 %),4700,66520000,1000,14500000,28314643,0.0
26/09/2024,0,0,14.4(1.77 %),0,0,0,0,28314643,0.0
27/09/2024,0,0,14.25(-1.04 %),0,0,0,0,28314643,0.0
30/09/2024,0,0,14.5(1.75 %),0,0,0,0,28314643,0.0
01/10/2024,3500,50750000,14.5(0.00 %),4000,58000000,500,7250000,28317043,0.0
02/10/2024,4600,66390000,14.4(-0.69 %),4600,66390000,0,0,28312443,0.0
03/10/2024,5500,78990000,14.45(0.35 %),5500,78990000,0,0,28306943,0.0
04/10/2024,10400,148270000,14.45(0.00 %),10400,148270000,0,0,28296543,0.0
07/10/2024,-1600,-22895000,14.3(-1.04 %),0,0,1600,22895000,28298143,0.0
08/10/2024,0,0,14.3(0.00 %),0,0,0,0,28298143,0.0
09/10/2024,0,0,14.3(0.00 %),0,0,0,0,28298143,0.0
10/10/2024,-2600,-37305000,14.3(0.00 %),0,0,2600,37305000,28300743,0.0
11/10/2024,0,0,14.3(0.00 %),0,0,0,0,28300743,0.0
14/10/2024,-1300,-18720000,14.4(0.70 %),0,0,1300,18720000,28302043,0.0
15/10/2024,-100,-1440000,14.45(0.35 %),0,0,100,1440000,28302143,0.0
16/10/2024,2500,35805000,14.4(-0.35 %),4000,57400000,1500,21595000,28299643,0.0
17/10/2024,-900,-12970000,14.3(-0.69 %),100,1430000,1000,14400000,28300543,0.0
18/10/2024,12400,177400000,14.25(-0.35 %),12400,177400000,0,0,28288143,0.0
21/10/2024,2800,39900000,14.25(0.00 %),3800,54150000,1000,14250000,28285343,0.0
22/10/2024,3200,45760000,14.25(0.00 %),3200,45760000,0,0,28282143,0.0
23/10/2024,0,0,14.4(1.05 %),0,0,0,0,28282143,0.0
24/10/2024,1900,27200000,14.45(0.35 %),1900,27200000,0,0,28280243,0.0
25/10/2024,1400,20090000,14.45(0.00 %),1400,20090000,0,0,28278843,0.0
28/10/2024,-1000,-14500000,14.5(0.35 %),0,0,1000,14500000,28279843,0.0
29/10/2024,1600,22960000,14.35(-1.03 %),1600,22960000,0,0,28278243,0.0
30/10/2024,0,0,14.4(0.35 %),0,0,0,0,28278243,0.0
31/10/2024,1100,16170000,14.7(2.08 %),1100,16170000,0,0,28277143,0.0
01/11/2024,0,0,14.8(0.68 %),0,0,0,0,28273643,0.0
04/11/2024,-200,-3005000,14.75(-0.34 %),300,4365000,500,7370000,28273843,0.0
05/11/2024,0,0,14.8(0.34 %),0,0,0,0,28273843,0.0
06/11/2024,0,0,14.9(0.68 %),0,0,0,0,28273843,0.0
07/11/2024,9200,138820000,14.8(-0.67 %),12000,181165000,2800,42345000,28264643,0.0
08/11/2024,400,5900000,14.85(0.34 %),400,5900000,0,0,28264243,0.0
11/11/2024,0,0,14.85(0.00 %),0,0,0,0,28264243,0.0
12/11/2024,2700,40745000,15(1.01 %),2700,40745000,0,0,28251345,2.18
13/11/2024,0,0,15.1(0.67 %),0,0,0,0,28261543,0.0
14/11/2024,2500,37750000,15.1(0.00 %),2500,37750000,0,0,28259043,0.0
15/11/2024,0,0,14.85(-1.66 %),0,0,0,0,28259043,0.0
18/11/2024,2500,37125000,15(1.01 %),2500,37125000,0,0,28256543,0.0
19/11/2024,0,0,15(0.00 %),0,0,0,0,28256543,0.0
20/11/2024,-700,-10430000,14.9(-0.67 %),0,0,700,10430000,28257243,0.0
21/11/2024,-300,-4465000,14.85(-0.34 %),0,0,300,4465000,28257543,0.0
22/11/2024,0,0,14.75(-0.67 %),0,0,0,0,28257543,0.0
25/11/2024,0,0,14.85(0.68 %),0,0,0,0,28257545,2.17
26/11/2024,0,0,14.9(0.34 %),0,0,0,0,28257545,2.17
27/11/2024,-800,-11925000,14.9(0.00 %),0,0,800,11925000,28257545,2.17
28/11/2024,-500,-7475000,15(0.67 %),0,0,500,7475000,28257545,2.17
29/11/2024,0,0,15.05(0.33 %),0,0,0,0,28258345,2.17
02/12/2024,0,0,15.05(0.00 %),0,0,0,0,28258845,2.17
03/12/2024,5000,74250000,14.75(-1.99 %),5000,74250000,0,0,28253845,2.18
04/12/2024,0,0,14.95(1.36 %),0,0,0,0,28253845,2.18
05/12/2024,-200,-2960000,15(0.33 %),0,0,200,2960000,28253845,2.18
09/12/2024,0,0,15(0.00 %),0,0,0,0,28251145,2.18
10/12/2024,0,0,15.05(0.33 %),0,0,0,0,28251345,2.18
16/12/2024,0,0,15.05(0.33 %),0,0,0,0,28250245,2.18
17/12/2024,-700,-10430000,14.9(-1.00 %),0,0,700,10430000,28250245,2.18
18/12/2024,-3400,-51000000,15(0.67 %),0,0,3400,51000000,28250250,2.18
19/12/2024,0,0,14.9(-0.67 %),0,0,0,0,28250950,2.18
20/12/2024,0,0,15(0.67 %),0,0,0,0,28254350,2.18
24/12/2024,0,0,15.4(0.98 %),0,0,0,0,28251650,2.18
25/12/2024,-2800,-44095000,16.15(4.87 %),3800,61065000,6600,105160000,28248650,2.19
26/12/2024,-3000,-47700000,15.9(-1.55 %),0,0,3000,47700000,28248650,2.19
27/12/2024,0,0,15.6(-1.89 %),0,0,0,0,28255250,2.18
30/12/2024,-400,-6240000,15.7(0.64 %),0,0,400,6240000,28258250,2.17
31/12/2024,0,0,15.75(0.32 %),0,0,0,0,28258250,2.17
02/01/2025,0,0,15.85(0.63 %),0,0,0,0,28258650,2.17
03/01/2025,2000,31350000,15.9(0.32 %),2500,39250000,500,7900000,28256150,2.17
06/01/2025,10000,156750000,15.9(0.00 %),10000,156750000,0,0,28246150,2.19
07/01/2025,-500,-7875000,15.8(-0.63 %),0,0,500,7875000,28246150,2.19
08/01/2025,-900,-14355000,16(1.27 %),0,0,900,14355000,28246650,2.19
09/01/2025,-200,-3200000,15.9(-0.62 %),0,0,200,3200000,28247150,2.19
10/01/2025,-1700,-27115000,15.95(0.31 %),0,0,1700,27115000,28248050,2.19
13/01/2025,-33600,-523775000,15.85(-0.63 %),1800,27990000,35400,551765000,28246450,2.19
14/01/2025,0,0,15.8(-0.32 %),0,0,0,0,28248154,2.19
15/01/2025,-600,-9580000,15.95(0.95 %),0,0,600,9580000,28283559,2.13
16/01/2025,-500,-8000000,15.85(-0.63 %),0,0,500,8000000,28284059,0.0
17/01/2025,-4600,-73040000,15.9(0.32 %),0,0,4600,73040000,28284159,2.13
20/01/2025,-10100,-158850000,15.75(-0.94 %),0,0,10100,158850000,28284659,2.13
21/01/2025,-1500,-23010000,15.75(0.00 %),0,0,1500,23010000,28289259,2.12
22/01/2025,0,0,15.85(0.63 %),0,0,0,0,28299359,2.1
23/01/2025,0,0,15.9(0.32 %),0,0,0,0,28300859,2.1
24/01/2025,0,0,15.9(0.00 %),0,0,0,0,28300859,2.1
03/02/2025,4500,71050000,0(0.00 %),4500,71050000,0,0,28296359,2.11
04/02/2025,-3800,-58905000,15.55(-2.20 %),100,1555000,3900,60460000,28296259,2.11
05/02/2025,-10300,-162770000,15.65(0.64 %),0,0,10300,162770000,28296259,2.11
06/02/2025,0,0,15.85(1.28 %),0,0,0,0,28300159,2.1
07/02/2025,-700,-11060000,15.6(-1.58 %),0,0,700,11060000,28310459,2.08
10/02/2025,0,0,15.9(1.92 %),0,0,0,0,28310459,2.08
11/02/2025,0,0,15.8(-0.63 %),0,0,0,0,28311159,2.08
12/02/2025,0,0,15.75(-0.32 %),0,0,0,0,28311159,2.08
13/02/2025,100,1560000,15.75(0.00 %),100,1560000,0,0,28311059,2.08
14/02/2025,700,11025000,15.8(0.32 %),700,11025000,0,0,28310359,2.08
17/02/2025,-2000,-31400000,15.7(-0.63 %),0,0,2000,31400000,28310359,2.08
18/02/2025,0,0,15.75(0.32 %),0,0,0,0,28310359,2.08
19/02/2025,0,0,15.5(-1.59 %),0,0,0,0,28312359,2.08
20/02/2025,0,0,15.6(0.65 %),0,0,0,0,28312359,2.08
21/02/2025,-2400,-37440000,15.6(0.00 %),0,0,2400,37440000,28312359,2.08
24/02/2025,400,6120000,15.55(-0.32 %),400,6120000,0,0,28311959,2.08
25/02/2025,0,0,15.5(-0.32 %),0,0,0,0,28314359,2.08
26/02/2025,0,0,15.65(0.97 %),0,0,0,0,28314359,2.08
27/02/2025,0,0,15.65(0.00 %),0,0,0,0,28314359,2.08
28/02/2025,0,0,15.6(-0.32 %),0,0,0,0,28314359,2.08
03/03/2025,700,10990000,15.65(0.32 %),700,10990000,0,0,28313659,2.08
04/03/2025,3600,55800000,15.5(-0.96 %),3600,55800000,0,0,28310059,2.08
05/03/2025,0,0,15.5(0.00 %),0,0,0,0,28310059,2.08
06/03/2025,0,0,15.5(0.00 %),0,0,0,0,28310059,2.08
07/03/2025,0,0,15.55(0.32 %),0,0,0,0,28310059,2.08
10/03/2025,0,0,15.5(-0.32 %),0,0,0,0,28310059,2.08
11/03/2025,0,0,15.6(0.65 %),0,0,0,0,28310059,2.08
12/03/2025,0,0,15.7(0.64 %),0,0,0,0,28310059,2.08
13/03/2025,0,0,15.7(0.00 %),0,0,0,0,28310059,2.08
14/03/2025,0,0,15.6(-0.64 %),0,0,0,0,28310059,2.08
17/03/2025,1100,17170000,15.6(0.00 %),1100,17170000,0,0,28308959,2.09
18/03/2025,1900,30020000,15.75(0.96 %),1900,30020000,0,0,28307059,2.09
19/03/2025,-300,-4665000,15.75(0.00 %),0,0,300,4665000,28307059,2.09
20/03/2025,0,0,15.75(0.00 %),0,0,0,0,28307059,2.09
21/03/2025,0,0,15.7(-0.32 %),0,0,0,0,28307359,2.09
24/03/2025,-12300,-190205000,15.7(0.00 %),0,0,12300,190205000,28307359,2.09
25/03/2025,0,0,15.8(0.64 %),0,0,0,0,28307359,2.09
26/03/2025,0,0,15.8(0.00 %),0,0,0,0,28319819,2.07
27/03/2025,-39200,-606490000,15.7(-0.63 %),100,1555000,39300,608045000,28319719,2.07
28/03/2025,0,0,15.7(0.00 %),0,0,0,0,28319719,2.07
31/03/2025,0,0,15.5(-1.27 %),0,0,0,0,28359019,2.0
01/04/2025,900,13995000,15.55(0.32 %),900,13995000,0,0,28358119,2.0
02/04/2025,0,0,15.6(0.32 %),0,0,0,0,28358119,2.0
03/04/2025,-7700,-113205000,14.95(-4.17 %),0,0,7700,113205000,28358119,2.0
04/04/2025,-1400,-20410000,14.5(-3.01 %),0,0,1400,20410000,28358119,2.0
08/04/2025,5700,80015000,13.5(-6.90 %),8200,114740000,2500,34725000,28357619,2.01
09/04/2025,4000,54240000,13.5(0.00 %),4300,58260000,300,4020000,28354719,2.01
10/04/2025,1500,21600000,14.4(6.67 %),1500,21600000,0,0,28355719,2.01
11/04/2025,0,0,14.55(1.04 %),0,0,0,0,28356025,2.01
14/04/2025,100,1465000,14.75(1.37 %),100,1465000,0,0,28355925,2.01
15/04/2025,0,0,14.65(-0.68 %),0,0,0,0,28355925,2.01
16/04/2025,900,13185000,14.7(0.34 %),900,13185000,0,0,28355025,2.01
17/04/2025,0,0,14.7(0.00 %),0,0,0,0,28355078,2.01
18/04/2025,0,0,14.7(0.00 %),0,0,0,0,28355093,2.01
21/04/2025,0,0,14.65(-0.34 %),0,0,0,0,28355093,2.01
22/04/2025,700,10220000,14.6(-0.34 %),700,10220000,0,0,28354393,2.01
23/04/2025,0,0,14.3(-2.05 %),0,0,0,0,28354393,2.01
24/04/2025,0,0,14.4(0.70 %),0,0,0,0,28354393,2.01
25/04/2025,300,4335000,14.4(0.00 %),300,4335000,0,0,28354093,2.01
28/04/2025,300,4300000,14.4(0.00 %),300,4300000,0,0,28353793,2.01
29/04/2025,0,0,14.4(0.00 %),0,0,0,0,28353793,2.01
05/05/2025,0,0,14.5(0.69 %),0,0,0,0,28353793,2.01
06/05/2025,-2200,-33000000,14.85(2.41 %),0,0,2200,33000000,28353793,2.01
07/05/2025,0,0,14.9(0.34 %),0,0,0,0,28353793,2.01
08/05/2025,0,0,14.9(0.00 %),0,0,0,0,28355993,2.01
09/05/2025,0,0,14.7(-1.34 %),0,0,0,0,28355993,2.01
12/05/2025,0,0,14.6(-0.68 %),0,0,0,0,28355993,2.01
13/05/2025,0,0,14.65(0.34 %),0,0,0,0,28355993,2.01
14/05/2025,100,1470000,14.8(1.02 %),100,1470000,0,0,28355893,2.01
15/05/2025,0,0,14.65(-1.01 %),0,0,0,0,28355893,2.01
16/05/2025,0,0,14.7(0.34 %),0,0,0,0,28355893,2.01
19/05/2025,0,0,14.75(0.34 %),0,0,0,0,28355899,2.01
20/05/2025,0,0,14.8(0.34 %),0,0,0,0,28355899,2.01
21/05/2025,0,0,14.85(0.34 %),0,0,0,0,28355899,2.01
22/05/2025,0,0,14.95(0.67 %),0,0,0,0,28355899,2.01
23/05/2025,0,0,15.3(2.34 %),0,0,0,0,28355899,2.01
26/05/2025,0,0,15.2(-0.65 %),0,0,0,0,28355899,2.01
27/05/2025,-600,-9120000,15.2(0.00 %),0,0,600,9120000,28355899,2.01
28/05/2025,0,0,15.2(0.00 %),0,0,0,0,28355899,2.01
29/05/2025,0,-1575600,15.3(0.66 %),0,0,0,1575600,28356499,2.01
30/05/2025,0,0,15.2(-0.65 %),0,0,0,0,28356499,2.01
02/06/2025,0,-36301800,15.15(-0.33 %),0,0,0,36301800,28356602,2.01
03/06/2025,0,0,15.55(2.64 %),0,0,0,0,28356602,2.01
04/06/2025,300,1585000,15.4(-0.96 %),300,4665000,0,3080000,28358915,2.0
05/06/2025,0,0,15.7(1.95 %),0,0,0,0,28358953,2.0
06/06/2025,5000,77750000,15.55(-0.96 %),5000,77750000,0,0,28353953,2.01
09/06/2025,0,0,15.35(-1.29 %),0,0,0,0,28353953,2.01
10/06/2025,0,0,15.35(0.00 %),0,0,0,0,28353953,2.01
11/06/2025,0,0,15.4(0.33 %),0,0,0,0,28353953,2.01
12/06/2025,1400,21280000,15.3(-0.65 %),1400,21280000,0,0,28352553,2.01
13/06/2025,0,0,15.4(0.65 %),0,0,0,0,28352553,2.01
16/06/2025,-2300,-36570000,15.6(1.30 %),0,0,2300,36570000,28352553,2.01
17/06/2025,1600,24880000,15.55(-0.32 %),1600,24880000,0,0,28350953,2.02
18/06/2025,0,0,15.55(0.00 %),0,0,0,0,28353253,2.01
19/06/2025,0,0,15.55(0.00 %),0,0,0,0,28353253,2.01
20/06/2025,0,0,15.55(0.00 %),0,0,0,0,28353253,2.01
23/06/2025,-1400,-21770000,15.55(0.00 %),0,0,1400,21770000,28353253,2.01
24/06/2025,9400,146200000,15.55(0.00 %),10100,157050000,700,10850000,28343853,2.03
25/06/2025,0,0,14.3(-1.04 %),0,0,0,0,28345253,2.03
26/06/2025,3000,42515000,13.8(-3.50 %),3900,55375000,900,12860000,28342253,2.03
27/06/2025,0,0,13.7(-0.72 %),0,0,0,0,28342253,2.03
30/06/2025,1300,17810000,13.8(0.73 %),1300,17810000,0,0,28340953,2.03
01/07/2025,-100,-1390000,13.85(0.36 %),0,0,100,1390000,28340953,2.03
02/07/2025,500,6950000,13.9(0.36 %),500,6950000,0,0,28340453,2.03
03/07/2025,0,0,13.9(0.00 %),0,0,0,0,28340553,2.03
04/07/2025,0,0,13.9(0.00 %),0,0,0,0,28340553,2.03
07/07/2025,-200,-2770000,13.85(-0.36 %),0,0,200,2770000,28340553,2.03
08/07/2025,-9800,-135730000,13.85(0.00 %),0,0,9800,135730000,28340553,2.03
09/07/2025,-900,-12505000,13.85(0.00 %),800,11040000,1700,23545000,28340753,2.03
10/07/2025,-9200,-127755000,13.9(0.36 %),0,0,9200,127755000,28340753,2.03
11/07/2025,300,4170000,13.95(0.36 %),300,4170000,0,0,28351153,2.02
14/07/2025,100,1385000,13.9(-0.36 %),100,1385000,0,0,28360253,2.0
15/07/2025,300,4155000,13.8(-0.72 %),300,4155000,0,0,28359953,2.0
16/07/2025,8000,111200000,13.9(0.72 %),8000,111200000,0,0,28351953,2.02
17/07/2025,-5000,-70250000,14.05(1.08 %),0,0,5000,70250000,28351953,2.02
18/07/2025,0,0,14(-0.36 %),0,0,0,0,28351953,2.02
21/07/2025,0,0,13.95(-0.36 %),0,0,0,0,28356953,2.01
22/07/2025,0,0,13.9(-0.36 %),0,0,0,0,28356953,2.01
23/07/2025,0,0,14(0.72 %),0,0,0,0,28356953,2.01
24/07/2025,0,0,14(0.00 %),0,0,0,0,28356962,2.01
25/07/2025,3000,42150000,14(0.00 %),3000,42150000,0,0,28353962,2.01
28/07/2025,1000,13900000,13.95(-0.36 %),1000,13900000,0,0,28352962,2.01
29/07/2025,0,0,14(0.36 %),0,0,0,0,28352960,2.01
30/07/2025,-8000,-112000000,14(0.00 %),0,0,8000,112000000,28352960,2.01
31/07/2025,0,0,13.85(-1.07 %),0,0,0,0,28352902,2.01
01/08/2025,100,1385000,13.9(0.36 %),100,1385000,0,0,28360802,2.0
04/08/2025,5800,80625000,13.9(0.00 %),5800,80625000,0,0,28355002,2.01
05/08/2025,0,0,13.95(0.36 %),0,0,0,0,28355002,2.01
06/08/2025,-2500,-34585000,13.9(-0.36 %),400,5520000,2900,40105000,28355002,2.01
07/08/2025,0,0,13.95(0.36 %),0,0,0,0,28355002,2.01
08/08/2025,-17800,-248945000,14(0.36 %),0,0,17800,248945000,28357502,2.01
11/08/2025,-12000,-168000000,13.9(-0.71 %),0,0,12000,168000000,28357502,2.01
12/08/2025,0,0,13.9(0.00 %),0,0,0,0,28375302,1.98
13/08/2025,0,0,13.95(0.36 %),0,0,0,0,28387302,1.96
14/08/2025,1200,16680000,13.9(-0.36 %),1200,16680000,0,0,28386102,1.96
15/08/2025,-3500,-48350000,13.85(-0.36 %),0,0,3500,48350000,28386102,1.96
18/08/2025,0,0,13.9(0.36 %),0,0,0,0,28386102,1.96
19/08/2025,1400,19600000,13.9(0.00 %),1400,19600000,0,0,28388202,1.95
20/08/2025,600,8355000,13.9(0.00 %),600,8355000,0,0,28387602,1.96
21/08/2025,0,0,13.85(-0.36 %),0,0,0,0,28387602,1.96
22/08/2025,0,0,13.75(-0.72 %),0,0,0,0,28387602,1.96
25/08/2025,2300,31860000,13.75(0.00 %),2900,40165000,600,8305000,28387602,1.96
