Ngay,KLGDRong,GTDGRong,ThayDoi,KLMua,GtMua,KLBan,GtBan,RoomConLai,DangSoHuu
25/06/2009,44520,2055814000,0(0.00 %),44520,2055814000,0,0,205249337,13.18
26/06/2009,171780,8325240000,0(0.00 %),471780,22875240000,300000,14550000000,205077557,13.21
29/06/2009,84100,4247050000,0(0.00 %),184100,9297050000,100000,5050000000,204993457,13.23
30/06/2009,217160,11509480000,0(0.00 %),217160,11509480000,0,0,204776297,13.26
01/07/2009,1135650,57355325000,0(0.00 %),1235650,62405325000,100000,5050000000,203640647,13.46
02/07/2009,1068470,51552529000,0(0.00 %),1269280,61267938000,200810,9715409000,202572177,13.65
03/07/2009,778490,36044148000,0(0.00 %),787680,36463212000,9190,419064000,201793687,13.78
06/07/2009,109880,5428427000,0(0.00 %),109880,5428427000,0,0,201449127,13.84
07/07/2009,124800,6033908000,47.5(-5.00 %),194800,9367015000,70000,3333107000,201559007,13.83
08/07/2009,26020,1235184000,46.4(-2.32 %),79580,3692300000,53560,2457116000,201532987,13.83
09/07/2009,-67800,-3142485000,46.4(0.00 %),53020,2451386000,120820,5593871000,201600787,13.82
10/07/2009,-16600,-765223000,44.1(-4.96 %),35920,1613494000,52520,2378717000,201617387,13.82
13/07/2009,9770,406546000,41.9(-4.99 %),40520,1700396000,30750,1293850000,201607617,13.82
14/07/2009,9770,391965000,39.9(-4.77 %),66770,2666265000,57000,2274300000,201597847,13.82
15/07/2009,167510,6675484000,39.5(-1.00 %),177510,7070484000,10000,395000000,201430337,13.85
16/07/2009,260350,10678585000,40.1(1.52 %),267350,10958585000,7000,280000000,201169987,13.89
17/07/2009,41130,1651478000,39.7(-1.00 %),53730,2152390000,12600,500912000,201128857,13.9
20/07/2009,58050,2194529000,37.8(-4.79 %),63450,2398649000,5400,204120000,201070807,13.91
21/07/2009,27160,998546000,37(-2.12 %),109140,4029180000,81980,3030634000,201043647,13.92
22/07/2009,67480,2497550000,36.8(-0.54 %),141680,5238330000,74200,2740780000,200976167,13.93
23/07/2009,350,41428000,38.6(4.89 %),139550,5158905000,139200,5117477000,200975817,13.93
24/07/2009,-261950,-10608975000,40.5(4.92 %),45960,1861380000,307910,12470355000,201237767,13.88
27/07/2009,41530,1702453000,42.3(4.44 %),195240,8195159000,153710,6492706000,201196237,13.89
28/07/2009,5210,179271000,40.5(-4.26 %),151510,6132621000,146300,5953350000,201191027,13.89
29/07/2009,13050,518381000,40(-1.23 %),117250,4718030000,104200,4199649000,201177977,13.89
30/07/2009,22090,857103000,39.5(-1.25 %),134090,5239603000,112000,4382500000,201155887,13.9
31/07/2009,231630,9565214000,41.4(4.81 %),311630,12871614000,80000,3306400000,200924257,13.94
03/08/2009,21120,877112000,41.4(0.00 %),35980,1494106000,14860,616994000,200903137,13.94
04/08/2009,125220,5348771000,43(3.86 %),184360,7865379000,59140,2516608000,200777917,13.96
05/08/2009,117230,5010954000,43.8(1.86 %),179230,7659560000,62000,2648606000,200660687,13.98
06/08/2009,-144900,-6130207000,42(-4.11 %),115100,5020995000,260000,11151202000,200805587,13.96
07/08/2009,-248910,-10039144000,41(-2.38 %),21090,884514000,270000,10923658000,201054497,13.91
10/08/2009,6430,266845000,41.6(1.46 %),6430,266845000,0,0,201048067,13.91
11/08/2009,-237740,-9610612000,41.1(-1.20 %),63270,2594345000,301010,12204957000,201285807,13.87
12/08/2009,-11830,-434020000,41.2(0.24 %),176170,7243859000,188000,7677879000,201297637,13.87
13/08/2009,-88350,-3347177000,41.8(1.46 %),236650,9991051000,325000,13338228000,201385987,13.86
14/08/2009,-84800,-3485425000,41.2(-1.44 %),200,8220000,85000,3493645000,201470787,13.84
17/08/2009,13850,562466000,40.5(-1.70 %),13870,563282000,20,816000,201456937,13.84
18/08/2009,1220,48630000,40.2(-0.74 %),1220,48630000,0,0,201455717,13.84
19/08/2009,-448990,-17673813000,40.2(0.00 %),1010,40400000,450000,17714213000,201904707,13.77
20/08/2009,100,3970000,39.5(-1.74 %),100,3970000,0,0,201904607,13.77
21/08/2009,-493160,-19376958000,38.8(-1.77 %),6840,270410000,500000,19647368000,202397767,13.68
24/08/2009,-28080,-1145610000,40.7(4.90 %),1920,75390000,30000,1221000000,202425847,13.67
25/08/2009,106760,4557702000,42.7(4.91 %),119010,5080777000,12250,523075000,202107907,13.73
26/08/2009,104420,4397288000,41.3(-3.28 %),105420,4439388000,1000,42100000,202214667,13.71
27/08/2009,-424840,-17072506000,40(-3.15 %),600,24110000,425440,17096616000,202639507,13.64
28/08/2009,-85710,-3468463000,40.6(1.50 %),61100,2476050000,146810,5944513000,202725217,13.62
31/08/2009,2490,101579000,40.9(0.74 %),2490,101579000,0,0,202722727,13.62
01/09/2009,108340,4395770000,40.7(-0.49 %),109360,4437080000,1020,41310000,202614387,13.64
03/09/2009,-512610,-20188788000,39.1(-3.93 %),91690,3704637000,604300,23893425000,203126997,13.55
04/09/2009,22200,872190000,39(-0.26 %),22200,872190000,0,0,203104797,13.56
07/09/2009,5450,200944000,37.1(-4.87 %),22450,832895000,17000,631951000,203099347,13.56
08/09/2009,-17710,-664812000,37.9(2.16 %),2290,86278000,20000,751090000,203117057,13.55
09/09/2009,-57620,-2084445000,37(-2.37 %),69960,2636015000,127580,4720460000,203174677,13.54
10/09/2009,-20050,-741930000,36.6(-1.08 %),400,14720000,20450,756650000,203194727,13.54
11/09/2009,-23740,-870529000,36.6(0.00 %),6260,229006000,30000,1099535000,203218467,13.54
14/09/2009,16830,621300000,37(1.09 %),73830,2719752000,57000,2098452000,203201637,13.54
15/09/2009,9240,341776000,36.7(-0.81 %),76990,2828387000,67750,2486611000,203192397,13.54
16/09/2009,40150,1508150000,37.3(1.63 %),76150,2833450000,36000,1325300000,203152247,13.55
17/09/2009,-26440,-973640000,36.9(-1.07 %),59030,2186289000,85470,3159929000,203178687,13.54
18/09/2009,140950,5250205000,37.5(1.63 %),207480,7711315000,66530,2461110000,203037737,13.57
21/09/2009,341930,13060634000,38.4(2.40 %),391930,14958690000,50000,1898056000,202695807,13.63
22/09/2009,-23060,-856537000,37.4(-2.60 %),39540,1483446000,62600,2339983000,202718867,13.62
23/09/2009,-39850,-1482151000,37.1(-0.80 %),18160,678369000,58010,2160520000,202758717,13.62
24/09/2009,-44340,-1627203000,36.6(-1.35 %),36860,1351171000,81200,2978374000,202803057,13.61
25/09/2009,0,0,36.8(0.55 %),0,0,0,0,202803057,19.2
28/09/2009,0,0,36.1(-1.90 %),0,0,0,0,202924467,19.18
29/09/2009,-114330,-4103965000,36.8(1.94 %),1170,41994000,115500,4145959000,203167297,13.54
30/09/2009,-15830,-493819000,38.2(3.80 %),132670,4888766000,148500,5382585000,203183127,13.54
01/10/2009,-69230,-2533320000,36.4(-4.71 %),800,29216000,70030,2562536000,203252357,13.53
02/10/2009,-85300,-2973793000,34.6(-4.95 %),2700,94080000,88000,3067873000,203337657,13.52
05/10/2009,-65410,-2234379000,33.7(-2.60 %),11770,397203000,77180,2631582000,203403067,13.5
06/10/2009,-46230,-1564352000,33.9(0.59 %),1860,63843000,48090,1628195000,203449297,13.5
07/10/2009,-94650,-3294701000,34.8(2.65 %),1120,39088000,95770,3333789000,203543947,13.48
08/10/2009,20600,733595000,35(0.57 %),113140,3940802000,92540,3207207000,203523347,13.48
09/10/2009,10920,397768000,35.2(0.57 %),93920,3313532000,83000,2915764000,203512427,13.48
12/10/2009,53240,1906339000,35.6(1.14 %),139780,4972024000,86540,3065685000,203459187,13.49
13/10/2009,-59790,-2091699000,35(-1.69 %),33230,1165797000,93020,3257496000,203518977,13.48
14/10/2009,25440,903648000,35.5(1.43 %),117440,4151992000,92000,3248344000,203493537,13.49
15/10/2009,-9990,-345107000,35.6(0.28 %),82010,2934527000,92000,3279634000,203503527,13.49
16/10/2009,-82570,-2892223000,35(-1.69 %),17430,613576000,100000,3505799000,203874817,13.42
19/10/2009,39650,1387352000,34.9(-0.29 %),111680,3899980000,72030,2512628000,203546447,13.48
20/10/2009,-6040,-208515000,34.8(-0.29 %),54960,1919540000,61000,2128055000,203552487,13.48
21/10/2009,-241060,-8407826000,34.5(-0.86 %),41970,1459497000,283030,9867323000,203793547,13.44
22/10/2009,60110,2103865000,35(1.45 %),139610,4876300000,79500,2772435000,203733437,13.45
23/10/2009,-63000,-2312100000,36.7(4.86 %),1200,44040000,64200,2356140000,203796437,13.44
26/10/2009,4190,159105000,38.5(4.90 %),180460,6945200000,176270,6786095000,203792247,13.44
27/10/2009,7420,299735000,36.6(-4.94 %),71420,2653451000,64000,2353716000,203784827,13.44
28/10/2009,241430,8925939000,37.1(1.37 %),327430,12099081000,86000,3173142000,203543397,13.48
29/10/2009,108380,3833960000,35.3(-4.85 %),169380,5987920000,61000,2153960000,203435017,13.5
30/10/2009,73710,2740027000,36.5(3.40 %),434710,15812000000,361000,13071973000,203361307,13.51
02/11/2009,181400,6322136000,34.7(-4.93 %),366400,12742585000,185000,6420449000,203179907,13.54
03/11/2009,16750,569773000,33.5(-3.46 %),167750,5678166000,151000,5108393000,203163157,13.55
04/11/2009,19260,646182000,33.5(0.00 %),112260,3718920000,93000,3072738000,203143897,13.55
05/11/2009,-36270,-1218243000,33.8(0.90 %),78730,2671917000,115000,3890160000,203180167,13.54
06/11/2009,37110,1288386000,34(0.59 %),162110,5532282000,125000,4243896000,203143057,13.55
09/11/2009,-51140,-1595876000,32.3(-5.00 %),175860,5813130000,227000,7409006000,203194197,13.54
10/11/2009,-63600,-1982794000,31.2(-3.41 %),141400,4423860000,205000,6406654000,203257797,13.53
11/11/2009,4690,151035000,31.5(0.96 %),150690,4726604000,146000,4575569000,203253107,13.53
12/11/2009,-18250,-573482000,31.8(0.95 %),84750,2683526000,103000,3257008000,203271357,13.53
13/11/2009,-24650,-711177000,31.4(-1.26 %),104470,3271895000,129120,3983072000,203296007,13.52
16/11/2009,-77160,-2342330000,30.9(-1.59 %),83280,2580408000,160440,4922738000,203373167,13.51
17/11/2009,600,28952000,30.6(-0.97 %),160440,4889925000,159840,4860973000,203372567,13.51
18/11/2009,84260,2650642000,32(4.58 %),209260,6500127000,125000,3849485000,203288307,13.52
19/11/2009,-79700,-2474078000,31.2(-2.50 %),82300,2566450000,162000,5040528000,203368007,13.51
20/11/2009,-32650,-997546000,31.3(0.32 %),75850,2357790000,108500,3355336000,203400657,13.5
23/11/2009,-116900,-3507530000,29.8(-4.79 %),3100,96329000,120000,3603859000,203517557,13.48
24/11/2009,-6850,-166608000,29.6(-0.67 %),63460,1876880000,70310,2043488000,203524407,13.48
25/11/2009,42230,1217411000,28.2(-4.73 %),42230,1217411000,0,0,203482177,13.49
26/11/2009,18010,482668000,26.8(-4.96 %),22010,589868000,4000,107200000,203464167,13.49
27/11/2009,17940,457470000,26.8(0.00 %),17940,457470000,0,0,203446227,13.5
30/11/2009,1110,29415000,27(0.75 %),1410,37365000,300,7950000,203445117,13.5
01/12/2009,58170,1636042000,28.3(4.81 %),62900,1765082000,4730,129040000,203386947,13.51
02/12/2009,98510,2767736000,27.6(-2.47 %),139510,3921936000,41000,1154200000,203288437,13.52
03/12/2009,17410,498044000,27.5(-0.36 %),59910,1655899000,42500,1157855000,203271027,13.53
04/12/2009,-18120,-485334000,27.2(-1.09 %),28850,791738000,46970,1277072000,203289147,13.52
07/12/2009,-60070,-1614839000,26.9(-1.10 %),25430,681895000,85500,2296734000,203349217,13.51
08/12/2009,-1200,-33580000,26.1(-2.97 %),44000,1153600000,45200,1187180000,203350417,13.51
09/12/2009,43810,1088225000,24.8(-4.98 %),63810,1597625000,20000,509400000,203306607,13.52
10/12/2009,9860,237131000,24(-3.23 %),30510,737958000,20650,500827000,203296747,13.52
11/12/2009,90690,2076971000,22.8(-5.00 %),104130,2384291000,13440,307320000,203206057,13.54
14/12/2009,34680,821176000,23.9(4.82 %),75160,1762048000,40480,940872000,203171377,13.54
15/12/2009,103300,2577012000,25(4.60 %),180210,4441507000,76910,1864495000,203068077,13.56
16/12/2009,204090,5172282000,26(4.00 %),379090,9598556000,175000,4426274000,202863987,13.6
17/12/2009,313270,8132931000,26.1(0.38 %),406110,10542721000,92840,2409790000,202550717,13.65
18/12/2009,140500,3819893000,27.4(4.98 %),141500,3847293000,1000,27400000,202410217,13.68
21/12/2009,34900,997823000,28.7(4.74 %),54800,1561353000,19900,563530000,202375317,13.68
22/12/2009,177780,5113429000,29(1.05 %),196880,5638849000,19100,525420000,202197537,13.71
23/12/2009,117200,3394198000,29.7(2.41 %),193380,5569233000,76180,2175035000,202080337,13.73
24/12/2009,28270,855469000,31.1(4.71 %),104310,3108754000,76040,2253285000,202052067,13.74
25/12/2009,38280,1216258000,31.4(0.96 %),152280,4808588000,114000,3592330000,202013787,13.75
28/12/2009,76550,2323365000,30(-4.46 %),95600,2921488000,19050,598123000,201937237,13.76
29/12/2009,38390,1108570000,30.6(2.00 %),96320,2849070000,57930,1740500000,201898847,13.77
30/12/2009,-14910,-447237000,32.1(4.90 %),23090,685354000,38000,1132591000,201913757,13.76
31/12/2009,100,3150000,30.6(-4.67 %),100,3150000,0,0,201913657,13.76
04/01/2010,3970,149900000,31.8(3.92 %),60970,1913204000,57000,1763304000,201909687,13.76
05/01/2010,87850,2849184000,32(0.63 %),125850,4097318000,38000,1248134000,201821837,13.78
06/01/2010,67710,2153824000,31.9(-0.31 %),143710,4510004000,76000,2356180000,201754127,13.79
07/01/2010,78880,2472423000,31.4(-1.57 %),79380,2488023000,500,15600000,201675247,13.81
08/01/2010,196340,6248798000,31.5(0.32 %),196340,6248798000,0,0,201478907,13.84
11/01/2010,67060,2101132000,31.5(0.00 %),67390,2111659000,330,10527000,201411847,13.85
12/01/2010,113950,3557491000,30.9(-1.90 %),134390,4201351000,20440,643860000,201297897,13.87
13/01/2010,545590,17441971000,32.4(4.85 %),549360,17564119000,3770,122148000,200752307,13.97
14/01/2010,91500,3099538000,34(4.94 %),92650,3138633000,1150,39095000,200660807,13.98
15/01/2010,164940,5695949000,35(2.94 %),167340,5777549000,2400,81600000,200495867,14.01
18/01/2010,76610,2610250000,33.3(-4.86 %),86610,2943250000,10000,333000000,200419257,14.02
19/01/2010,215160,7326505000,34.7(4.20 %),228660,7787855000,13500,461350000,200204097,14.06
20/01/2010,224280,7866997000,35(0.86 %),233780,8198697000,9500,331700000,199979817,14.1
21/01/2010,186450,6421709000,34.3(-2.00 %),197800,6811740000,11350,390031000,199793367,14.13
22/01/2010,101510,3498825000,34.5(0.58 %),178510,6118871000,77000,2620046000,199691857,14.15
25/01/2010,97780,3392671000,34.9(1.16 %),121450,4214090000,23670,821419000,199594077,14.17
26/01/2010,130090,4600767000,35.5(1.72 %),130090,4600767000,0,0,199463987,14.19
27/01/2010,142800,5032506000,34.5(-2.82 %),142800,5032506000,0,0,199321187,14.22
28/01/2010,134290,4697005000,35.2(2.03 %),145300,5076850000,11010,379845000,199186897,14.24
29/01/2010,112400,3970599000,35.5(0.85 %),122690,4333836000,10290,363237000,199074497,14.26
01/02/2010,59100,2124020000,36(1.41 %),73500,2640980000,14400,516960000,199015397,14.27
02/02/2010,97950,3543460000,36.4(1.11 %),97950,3543460000,0,0,198917447,14.29
03/02/2010,194470,7282077000,38(4.40 %),202970,7594027000,8500,311950000,198722977,14.32
04/02/2010,122540,4673325000,38.2(0.53 %),137540,5244325000,15000,571000000,198600437,14.34
05/02/2010,152700,5816129000,38.2(0.00 %),154700,5892129000,2000,76000000,198447737,14.37
08/02/2010,94750,3605712000,38.2(0.00 %),104750,3985712000,10000,380000000,198352987,14.39
09/02/2010,43600,1656479000,38(-0.52 %),208520,7922759000,164920,6266280000,198309387,14.39
10/02/2010,95950,3744348000,39.5(3.95 %),119950,4678948000,24000,934600000,198213437,14.41
11/02/2010,194630,7988931000,41.4(4.81 %),195070,8006971000,440,18040000,198018807,14.44
12/02/2010,164040,7095157000,43.4(4.83 %),203040,8787757000,39000,1692600000,197854767,14.47
22/02/2010,116470,5282362000,45.2(4.15 %),201470,9133362000,85000,3851000000,197738297,14.49
23/02/2010,276130,11985713000,43(-4.87 %),296950,12890743000,20820,905030000,197462167,14.54
24/02/2010,298270,12245525000,40.9(-4.88 %),301820,12395900000,3550,150375000,197163897,14.59
25/02/2010,146800,6199481000,42.9(4.89 %),267300,11315581000,120500,5116100000,197017097,14.62
26/02/2010,288590,12925237000,45(4.90 %),291390,13051237000,2800,126000000,196859835,14.67
01/03/2010,133680,6066537000,45.5(1.11 %),174080,7886187000,40400,1819650000,196726155,14.67
02/03/2010,-8880,-381234000,43.3(-4.84 %),60200,2640526000,69080,3021760000,196735035,14.67
03/03/2010,135180,5799146000,42.9(-0.92 %),135720,5822336000,540,23190000,196599855,14.69
04/03/2010,81300,3490140000,42.9(0.00 %),81300,3490140000,0,0,196518555,14.71
05/03/2010,55150,2359017000,42.9(0.00 %),65400,2794742000,10250,435725000,196463405,14.71
08/03/2010,150870,6515554000,43.5(1.40 %),150970,6519904000,100,4350000,196312535,14.74
09/03/2010,246280,11064779000,45.5(4.60 %),286520,12891511000,40240,1826732000,196066255,14.78
10/03/2010,97060,4355012000,44(-3.30 %),101360,4544482000,4300,189470000,195969195,14.8
11/03/2010,-3340,-140570000,42(-4.55 %),200,8400000,3540,148970000,195972535,14.8
12/03/2010,155910,6747730000,43.8(4.29 %),158910,6876730000,3000,129000000,195816625,14.83
15/03/2010,138160,6155880000,44.5(1.60 %),138160,6155880000,0,0,195678465,14.85
16/03/2010,30680,1315239000,42.6(-4.27 %),224260,9634488000,193580,8319249000,195647785,14.86
17/03/2010,183860,7905993000,43(0.94 %),614690,26431452000,430830,18525459000,195463925,14.89
18/03/2010,-14780,-641824000,43(0.00 %),560150,24086450000,574930,24728274000,195478705,14.89
19/03/2010,6030,319457000,41.5(-3.49 %),435840,18388516000,429810,18069059000,195472675,14.89
22/03/2010,98110,4179119000,43(3.61 %),98110,4179119000,0,0,195374565,14.9
23/03/2010,86540,3729338000,43(0.00 %),89370,3852160000,2830,122822000,195288025,14.92
24/03/2010,51540,2230069000,43.4(0.93 %),101370,4383115000,49830,2153046000,195236485,14.93
25/03/2010,38390,1639196000,42.6(-1.84 %),47390,2022596000,9000,383400000,195198095,14.94
26/03/2010,226780,9876414000,44(3.29 %),293980,12777972000,67200,2901558000,194971315,14.98
29/03/2010,25540,1116683000,42.7(-2.95 %),31450,1373323000,5910,256640000,194945775,14.98
30/03/2010,161560,6945581000,43(0.70 %),207060,8902081000,45500,1956500000,194784215,15.01
31/03/2010,45980,1975803000,42.6(-0.93 %),142010,6105102000,96030,4129299000,194738235,15.02
01/04/2010,36110,1549378000,43(0.94 %),42610,1826728000,6500,277350000,194702125,15.02
02/04/2010,39750,1714577000,43(0.00 %),60560,2599820000,20810,885243000,194662375,15.03
05/04/2010,43190,1858570000,43.1(0.23 %),44190,1901570000,1000,43000000,194619185,15.04
06/04/2010,3090,137105000,43.4(0.70 %),67390,2927765000,64300,2790660000,194616095,15.04
07/04/2010,28620,1236695000,43.3(-0.23 %),32130,1387976000,3510,151281000,194587475,15.04
08/04/2010,49470,2138929000,43.3(0.00 %),51870,2241799000,2400,102870000,194538005,15.05
09/04/2010,81230,3513992000,43.3(0.00 %),81530,3526982000,300,12990000,194456775,15.06
12/04/2010,13730,604662000,44(1.62 %),74230,3247162000,60500,2642500000,194443045,15.07
13/04/2010,1980,87357000,43.8(-0.45 %),11440,502672000,9460,415315000,194441065,15.07
14/04/2010,6360,279582000,43.6(-0.46 %),27560,1206642000,21200,927060000,194434705,15.07
15/04/2010,-6850,-300320000,43.8(0.46 %),37450,1636020000,44300,1936340000,194441555,15.07
16/04/2010,150540,6654998000,44.9(2.51 %),231540,10237098000,81000,3582100000,194291015,15.09
19/04/2010,95950,4227164000,44(-2.00 %),201900,8896120000,105950,4668956000,194195065,15.11
20/04/2010,4000,174850000,43.5(-1.14 %),26700,1162300000,22700,987450000,194191065,15.11
21/04/2010,107280,4723358000,44.3(1.84 %),184580,8123171000,77300,3399813000,194083785,15.13
22/04/2010,123270,5534760000,45(1.58 %),131440,5898734000,8170,363974000,193960515,15.15
26/04/2010,65970,2979013000,45.2(0.44 %),122630,5534461000,56660,2555448000,193894545,15.16
27/04/2010,177320,8206855000,47(3.98 %),222420,10299005000,45100,2092150000,193717225,15.19
28/04/2010,81810,3962168000,49.3(4.89 %),152300,7345511000,70490,3383343000,193635415,15.21
29/04/2010,166060,8146702000,49(-0.61 %),167590,8221881000,1530,75179000,193469355,18.13
04/05/2010,172620,8500740000,49(0.00 %),217810,10730300000,45190,2229560000,193296735,18.16
05/05/2010,128140,6266405000,48.9(-0.20 %),147640,7219305000,19500,952900000,193168595,18.18
06/05/2010,120320,5818872000,48.5(-0.82 %),182370,8827933000,62050,3009061000,193048275,18.2
07/05/2010,214500,10376528000,48.5(0.00 %),306390,14831193000,91890,4454665000,192833775,18.23
10/05/2010,289020,14001480000,48.5(0.00 %),349200,16929710000,60180,2928230000,192544755,18.28
11/05/2010,1050830,50980836000,48.7(0.41 %),1104490,53595176000,53660,2614340000,191493925,18.44
12/05/2010,85620,4157526000,48.4(-0.62 %),327860,15918398000,242240,11760872000,191408305,18.46
13/05/2010,191490,9507309000,50.5(4.34 %),242570,11982609000,51080,2475300000,191216815,18.49
14/05/2010,132100,6618235000,50(1.21 %),132100,6618235000,0,0,191084715,18.51
17/05/2010,103090,5087062000,50(0.00 %),105590,5207062000,2500,120000000,190981625,18.53
18/05/2010,587900,28519269000,48.5(-3.00 %),587900,28519269000,0,0,190393725,18.62
19/05/2010,105110,5097351000,48.5(0.00 %),205930,9988105000,100820,4890754000,190288615,18.64
20/05/2010,-19310,-910319000,48.5(0.00 %),8830,407498000,28140,1317817000,190307925,18.63
21/05/2010,6610,304677000,46.1(-4.95 %),81000,3734100000,74390,3429423000,190301315,18.63
24/05/2010,-18440,-809617000,43.8(-4.99 %),30500,1335970000,48940,2145587000,190319755,18.63
25/05/2010,-520,-24201000,44.3(1.14 %),5970,261255000,6490,285456000,190320275,18.63
26/05/2010,19070,839710000,44(-0.68 %),19070,839710000,0,0,190301205,18.63
27/05/2010,20000,902193000,45.3(2.95 %),38330,1702213000,18330,800020000,190281205,18.64
28/05/2010,40880,1928950000,47.5(4.86 %),106210,5032025000,65330,3103075000,190240325,18.64
31/05/2010,15550,723683000,46.8(-1.47 %),15560,724163000,10,480000,190224775,18.65
01/06/2010,4210,196239000,46.8(0.00 %),4210,196239000,0,0,190220565,18.65
02/06/2010,15090,704199000,46.8(0.00 %),15090,704199000,0,0,190205475,18.65
03/06/2010,3890,181824000,46(-1.71 %),9290,431106000,5400,249282000,190201585,18.65
04/06/2010,23170,1066520000,46(0.00 %),23170,1066520000,0,0,190178415,18.65
07/06/2010,-7320,-327057000,45(-2.17 %),12200,543276000,19520,870333000,190185735,18.65
08/06/2010,6430,303470000,46.3(2.89 %),87540,3959856000,81110,3656386000,190179305,18.65
09/06/2010,10850,498980000,46(-0.65 %),10850,498980000,0,0,190168455,18.66
10/06/2010,-12120,-557906000,46(0.00 %),36240,1667240000,48360,2225146000,190180575,18.65
11/06/2010,16430,757131000,46.1(0.22 %),16730,770991000,300,13860000,190164145,18.66
14/06/2010,7580,349646000,46.1(0.00 %),8210,378689000,630,29043000,190156565,18.66
15/06/2010,33750,1553024000,45.9(-0.43 %),173200,7957916000,139450,6404892000,190122815,18.66
16/06/2010,-80920,-3552192000,43.7(-4.79 %),101960,4679502000,182880,8231694000,190203735,18.65
17/06/2010,-9500,-418977000,44(0.69 %),449350,19367395000,458850,19786372000,190213235,18.65
18/06/2010,-241020,-10133065000,41.8(-5.00 %),105670,4537790000,346690,14670855000,190466995,18.61
21/06/2010,28080,1201671000,43.8(4.78 %),28080,1201671000,0,0,190426175,18.61
22/06/2010,200200,8830890000,43.9(0.23 %),201000,8866490000,800,35600000,190225975,18.65
23/06/2010,129620,5691281000,43.9(0.00 %),129620,5691281000,0,0,190096355,18.67
24/06/2010,324730,14242998000,43.6(-0.68 %),442290,19340389000,117560,5097391000,189771625,18.72
25/06/2010,269580,11736314000,43.9(0.69 %),270080,11758264000,500,21950000,189502045,18.76
28/06/2010,78090,3506194000,45.5(3.64 %),78090,3506194000,0,0,189423955,18.77
29/06/2010,63510,2908191000,46(1.10 %),63510,2908191000,0,0,189360445,18.78
30/06/2010,25290,1155611000,46(0.00 %),26290,1199711000,1000,44100000,189335155,18.79
01/07/2010,9270,421597000,45.5(-1.09 %),18720,851292000,9450,429695000,189325885,18.79
02/07/2010,3710,168472000,45.1(-0.88 %),13710,619472000,10000,451000000,189322175,18.79
05/07/2010,1440,64628000,44.4(-1.55 %),11950,531580000,10510,466952000,189320735,18.79
06/07/2010,48910,2175628000,44.6(0.45 %),67580,3005030000,18670,829402000,189271825,18.8
07/07/2010,43470,1932461000,44.5(-0.22 %),43550,1936013000,80,3552000,189228355,18.81
08/07/2010,39700,1778111000,44.4(-0.22 %),42700,1912351000,3000,134240000,189188655,18.81
09/07/2010,84250,3825022000,45.8(3.15 %),117090,5325080000,32840,1500058000,189104405,18.83
12/07/2010,14210,649552000,44.1(-3.71 %),18390,840690000,4180,191138000,189090195,18.83
13/07/2010,73560,3368205000,46(4.31 %),78660,3598205000,5100,230000000,189016635,18.84
14/07/2010,160680,7398713000,46.1(0.22 %),190680,8780316000,30000,1381603000,188855955,18.87
15/07/2010,33030,1517980000,45.8(-0.65 %),37330,1715980000,4300,198000000,188822925,18.87
16/07/2010,9160,418001000,46.5(1.53 %),19160,878801000,10000,460800000,188813765,18.87
19/07/2010,127650,5882675000,46.3(-0.43 %),146020,6727915000,18370,845240000,188686115,18.89
20/07/2010,132930,6143640000,46.5(0.43 %),157930,7299940000,25000,1156300000,188553185,18.91
21/07/2010,379250,17576775000,46.5(0.00 %),399250,18506375000,20000,929600000,188173935,18.97
22/07/2010,340,15309000,45(-3.23 %),340,15309000,0,0,188173595,18.97
23/07/2010,58260,2683606000,46.3(2.89 %),78290,3605766000,20030,922160000,188115335,18.98
26/07/2010,171530,7938645000,46.3(0.00 %),192000,8886076000,20470,947431000,187943805,19.01
27/07/2010,224790,10416544000,46.5(0.43 %),255000,11818109000,30210,1401565000,187719015,19.05
28/07/2010,165370,7683953000,46.5(0.00 %),185370,8613353000,20000,929400000,187553645,19.07
29/07/2010,104640,4865148000,46.5(0.00 %),125000,5811784000,20360,946636000,187449005,19.09
30/07/2010,99180,4616210000,46.5(0.00 %),119180,5547416000,20000,931206000,187349825,19.11
02/08/2010,108770,5053214000,46.5(0.00 %),130390,6057024000,21620,1003810000,187241055,19.12
03/08/2010,170000,7877419000,46.4(-0.22 %),170000,7877419000,0,0,187071055,19.15
04/08/2010,160280,7416814000,46.3(-0.22 %),160280,7416814000,0,0,186910775,19.18
05/08/2010,193560,8965468000,46.3(0.00 %),200860,9303878000,7300,338410000,186717215,19.21
06/08/2010,157910,7303525000,46.2(-0.22 %),174510,8072105000,16600,768580000,186559305,19.23
09/08/2010,121070,5594893000,46(-0.43 %),126510,5845235000,5440,250342000,186438235,19.25
10/08/2010,7420,338350000,45.5(-1.09 %),13080,598630000,5660,260280000,186430815,19.25
11/08/2010,26160,1199464000,45.9(0.88 %),26360,1208604000,200,9140000,0,49.0
12/08/2010,36990,1683415000,45.5(-0.87 %),38990,1774415000,2000,91000000,186367665,19.26
13/08/2010,1220,55320000,45(-1.10 %),1720,77320000,500,22000000,186366445,19.26
16/08/2010,4630,208420000,45(0.00 %),5000,225070000,370,16650000,186361815,19.26
17/08/2010,69150,3173163000,46(2.22 %),69170,3174083000,20,920000,0,49.01
18/08/2010,1350,60751000,45.9(-0.22 %),1350,60751000,0,0,186291315,19.27
19/08/2010,26450,1213628000,46(0.22 %),32750,1503428000,6300,289800000,0,0.0
20/08/2010,23500,1069131000,45.7(-0.65 %),23500,1069131000,0,0,0,49.0
23/08/2010,-2310,-102431000,44.3(-3.06 %),700,31035000,3010,133466000,0,0.0
24/08/2010,17920,786713000,44(-0.68 %),48040,2112722000,30120,1326009000,0,49.01
25/08/2010,91800,3989783000,41.8(-5.00 %),152880,6681361000,61080,2691578000,0,0.0
26/08/2010,54700,2393280000,43.8(4.78 %),58950,2578155000,4250,184875000,0,49.03
27/08/2010,69610,3153773000,45.9(4.79 %),74610,3380423000,5000,226650000,0,49.04
30/08/2010,363000,17314668000,48.1(4.79 %),498580,23827856000,135580,6513188000,0,49.1
31/08/2010,215930,10347775000,48.5(0.83 %),353930,17019075000,138000,6671300000,0,49.13
01/09/2010,175470,8452028000,48.5(0.00 %),303720,14641155000,128250,6189127000,0,49.16
06/09/2010,243500,11820065000,49(1.03 %),425150,20635405000,181650,8815340000,185193607,19.45
07/09/2010,288270,13984759000,49(0.00 %),514270,24942839000,226000,10958080000,184905337,19.5
08/09/2010,252140,12420705000,50(2.04 %),258540,12740705000,6400,320000000,184653197,19.54
09/09/2010,83480,4155500000,50(0.00 %),101300,5040000000,17820,884500000,184569717,19.55
10/09/2010,37180,1835150000,47.5(-5.00 %),105600,5185600000,68420,3350450000,184532537,19.56
13/09/2010,9130,432887000,47.5(0.00 %),100830,4769864000,91700,4336977000,184523407,19.56
14/09/2010,57440,2805937000,46.5(-2.11 %),325090,15718384000,267650,12912447000,184465967,19.57
15/09/2010,130160,6287013000,48.4(4.09 %),248910,11983820000,118750,5696807000,184335807,19.59
16/09/2010,112500,5478334000,48.8(0.83 %),631630,30792951000,519130,25314617000,184223307,19.6
17/09/2010,73260,3579291000,48.9(0.20 %),339960,16613721000,266700,13034430000,184150047,19.62
20/09/2010,331000,16461470000,49.6(1.43 %),704840,35115526000,373840,18654056000,183819047,19.67
21/09/2010,225310,11200348000,49.9(0.60 %),1088730,54276706000,863420,43076358000,183593737,19.71
22/09/2010,208720,10408867000,50(0.20 %),221750,11054797000,13030,645930000,183385017,19.74
23/09/2010,116130,5818265000,50.5(1.00 %),117130,5868765000,1000,50500000,183268887,19.76
24/09/2010,73440,3680734000,50(-0.99 %),102660,5134544000,29220,1453810000,183195447,19.77
27/09/2010,20710,1017870000,49.3(4.89 %),28200,1384937000,7490,367067000,183174737,19.77
28/09/2010,169010,8629185000,51.5(4.46 %),179810,9169185000,10800,540000000,183005727,19.8
29/09/2010,77150,4104400000,53(2.91 %),78150,4158400000,1000,54000000,182928577,19.81
30/09/2010,132470,7219095000,55.5(4.72 %),133470,7274595000,1000,55500000,182796107,19.83
01/10/2010,6820,372445000,54(-2.70 %),14320,788195000,7500,415750000,182789287,19.83
04/10/2010,39230,2128395000,55(1.85 %),105750,5784495000,66520,3656100000,182750057,19.84
05/10/2010,83080,4588835000,57.5(4.55 %),281330,15630535000,198250,11041700000,182666977,19.85
06/10/2010,57310,3422225000,60(4.35 %),183310,10975725000,126000,7553500000,182609667,19.86
07/10/2010,128300,8082840000,63(5.00 %),221500,13949440000,93200,5866600000,182481367,19.88
08/10/2010,278730,17473185000,60(-4.76 %),333080,20790665000,54350,3317480000,156520503,24.03
11/10/2010,69610,4275430000,59.5(-0.83 %),173480,10507775000,103870,6232345000,156450893,24.04
12/10/2010,23060,1386935000,59.5(0.00 %),123630,7390115000,100570,6003180000,156427833,24.04
13/10/2010,116690,7200195000,62(4.20 %),151890,9367945000,35200,2167750000,156311143,24.06
14/10/2010,145440,9196730000,63(1.61 %),146850,9285590000,1410,88860000,156165703,24.08
15/10/2010,194380,12328785000,64.5(2.38 %),199250,12642650000,4870,313865000,155971323,24.11
18/10/2010,63140,3973380000,63(-2.33 %),81760,5148190000,18620,1174810000,155908183,24.12
19/10/2010,168630,10643860000,63.5(0.79 %),187190,11814335000,18560,1170475000,155739553,24.15
20/10/2010,56410,3453905000,61(-3.94 %),56610,3466105000,200,12200000,155683143,24.16
21/10/2010,85500,5279680000,63(3.28 %),95500,5889680000,10000,610000000,155597643,24.17
22/10/2010,111500,7060225000,64(1.59 %),111600,7066625000,100,6400000,155486143,24.19
25/10/2010,65320,4164080000,63.5(-0.78 %),152270,9723880000,86950,5559800000,155420823,24.2
26/10/2010,55260,3496355000,64(0.79 %),83140,5256830000,27880,1760475000,155365563,24.21
27/10/2010,80980,5177690000,64(0.00 %),142080,9085590000,61100,3907900000,155284583,24.22
28/10/2010,23020,1469000000,64(0.00 %),41770,2659175000,18750,1190175000,155261563,24.23
29/10/2010,85940,5514160000,64.5(0.78 %),154460,9929200000,68520,4415040000,155175623,24.24
01/11/2010,33000,2118375000,64.5(0.00 %),90250,5805000000,57250,3686625000,155142623,24.24
02/11/2010,4440,286645000,62.5(-3.10 %),41870,2638730000,37430,2352085000,155138183,24.25
03/11/2010,59460,3668750000,62(-0.80 %),116930,7214795000,57470,3546045000,155078723,24.26
04/11/2010,67000,4164100000,63(1.61 %),113090,7028955000,46090,2864855000,155011723,24.27
05/11/2010,41610,2650755000,64.5(2.38 %),66930,4268895000,25320,1618140000,154970113,24.27
08/11/2010,11460,729130000,63.5(-1.55 %),45500,2895615000,34040,2166485000,154958653,24.27
09/11/2010,61160,3857575000,61(-3.94 %),144570,9049200000,83410,5191625000,154897493,24.28
10/11/2010,50240,3192990000,64(4.92 %),145470,9226580000,95230,6033590000,154847253,24.29
11/11/2010,45880,2936655000,64.5(0.78 %),59270,3795310000,13390,858655000,154801373,24.3
12/11/2010,116340,7527230000,65(0.78 %),205890,13310620000,89550,5783390000,154685033,24.32
15/11/2010,29090,1844305000,63.5(-2.31 %),82690,5245960000,53600,3401655000,154655943,24.32
16/11/2010,21460,1329575000,61.5(-3.15 %),192220,11960140000,170760,10630565000,154634483,24.33
17/11/2010,14960,930235000,63(2.44 %),61540,3804035000,46580,2873800000,154619523,24.33
18/11/2010,46220,2899025000,63(0.00 %),57230,3592660000,11010,693635000,154573303,24.34
19/11/2010,15660,978425000,61.5(-2.38 %),61660,3860435000,46000,2882010000,154557643,24.34
22/11/2010,34680,2149855000,63(2.44 %),477810,29450820000,443130,27300965000,154522963,24.34
23/11/2010,50130,3182785000,61.5(-2.38 %),161440,10186900000,111310,7004115000,154472833,24.35
24/11/2010,67980,4308495000,64(4.07 %),90740,5765135000,22760,1456640000,154404853,24.36
25/11/2010,11330,717400000,64(0.00 %),13750,872280000,2420,154880000,154393523,24.36
26/11/2010,22550,1429325000,63.5(-0.78 %),42750,2712125000,20200,1282800000,154370973,24.37
29/11/2010,102900,6548790000,64(0.79 %),123050,7838390000,20150,1289600000,154268073,24.38
30/11/2010,53020,3342985000,63.5(-0.78 %),57150,3605240000,4130,262255000,154215053,24.39
01/12/2010,51150,3241300000,63.5(0.00 %),64230,4071880000,13080,830580000,154163903,24.4
02/12/2010,108910,6978045000,64(0.79 %),222750,14268000000,113840,7289955000,154054993,24.42
03/12/2010,84310,5406575000,64(0.00 %),230570,14768635000,146260,9362060000,153970683,24.43
06/12/2010,102400,6464925000,64(0.00 %),122800,7770840000,20400,1305915000,153868283,24.45
07/12/2010,179130,11473035000,64.5(0.78 %),179130,11473035000,0,0,153689153,24.48
08/12/2010,40070,2571430000,64.5(0.00 %),70170,4497880000,30100,1926450000,153649083,24.48
09/12/2010,61710,3981670000,65(0.78 %),104760,6723845000,43050,2742175000,153587373,24.49
10/12/2010,97910,6470945000,68(4.62 %),127910,8428445000,30000,1957500000,153489463,24.51
13/12/2010,32790,2332965000,71(4.41 %),63780,4498155000,30990,2165190000,153456673,24.51
14/12/2010,34650,2508650000,71.5(0.70 %),96420,6859605000,61770,4350955000,153422023,24.52
15/12/2010,54880,3977965000,73(2.10 %),154650,11165220000,99770,7187255000,153367143,24.53
16/12/2010,-50110,-3489875000,69.5(-4.79 %),1000,70000000,51110,3559875000,153417253,24.52
17/12/2010,-64730,-4356875000,66.5(-4.32 %),364950,24277075000,429680,28633950000,153481983,24.51
20/12/2010,-59120,-3803555000,63.5(-4.51 %),16680,1070860000,75800,4874415000,153541103,24.5
21/12/2010,8690,562125000,66.5(4.72 %),119540,7907900000,110850,7345775000,153532413,24.5
22/12/2010,13670,960975000,69.5(4.51 %),379410,26321778000,365740,25360803000,153518743,24.5
23/12/2010,7490,504390000,67.5(-2.88 %),118490,8064340000,111000,7559950000,153511253,24.51
24/12/2010,-5830,-386100000,64.5(-4.44 %),33480,2205445000,39310,2591545000,153517083,24.5
27/12/2010,5720,372790000,65.5(1.55 %),17220,1124990000,11500,752200000,153511363,24.51
28/12/2010,36540,2414390000,66.5(1.53 %),81460,5376945000,44920,2962555000,153474823,24.51
29/12/2010,37710,2489845000,66(-0.75 %),445710,29617845000,408000,27128000000,153437113,24.52
30/12/2010,63380,4247355000,67(1.52 %),253490,16982940000,190110,12735585000,153373733,24.53
31/12/2010,900,57800000,64.5(-3.73 %),1000,64500000,100,6700000,153372833,24.53
04/01/2011,22490,1508150000,67.5(4.65 %),22490,1508150000,0,0,153350343,24.53
05/01/2011,22930,1566765000,68.5(1.48 %),48230,3284765000,25300,1718000000,153327413,24.53
06/01/2011,46020,3197125000,70.5(2.92 %),46900,3259005000,880,61880000,153281393,24.54
07/01/2011,70170,4980910000,71.5(1.42 %),71170,5052410000,1000,71500000,153211223,24.55
10/01/2011,56750,4134005000,73.5(2.80 %),76920,5596000000,20170,1461995000,153154473,24.56
11/01/2011,68960,5161500000,75.5(2.72 %),83360,6241870000,14400,1080370000,153085513,24.57
12/01/2011,46280,3500140000,76(0.66 %),46280,3500140000,0,0,153039233,24.58
13/01/2011,65230,5115510000,78.5(3.29 %),99090,7771625000,33860,2656115000,152974003,24.59
14/01/2011,61120,4994350000,82(4.46 %),121620,9942750000,60500,4948400000,152912883,26.53
17/01/2011,32150,2764400000,86(4.88 %),57250,4923000000,25100,2158600000,152880733,26.53
18/01/2011,55850,5020575000,90(4.65 %),89390,8036115000,33540,3015540000,152824883,24.61
19/01/2011,30150,2849175000,94.5(5.00 %),72150,6818175000,42000,3969000000,152794733,24.62
20/01/2011,66070,6530860000,99(4.76 %),215050,21279555000,148980,14748695000,152728663,24.63
21/01/2011,98140,10108420000,103(4.04 %),162880,16776640000,64740,6668220000,152630523,24.65
24/01/2011,112850,11160130000,98(-4.85 %),161050,15889330000,48200,4729200000,152517673,24.66
25/01/2011,29710,2776665000,93.5(-4.59 %),54690,5113515000,24980,2336850000,152487963,24.67
26/01/2011,128640,11447850000,89(-4.81 %),183920,16368880000,55280,4921030000,152359323,26.61
27/01/2011,23280,1978725000,85(-4.49 %),119450,10153750000,96170,8175025000,152336043,24.69
28/01/2011,61130,5462425000,89(4.71 %),90600,7970355000,29470,2507930000,152274913,24.7
08/02/2011,46790,4351470000,93(4.49 %),56470,5251710000,9680,900240000,152228123,24.71
09/02/2011,79440,7745400000,97.5(4.84 %),89640,8739900000,10200,994500000,152148683,26.64
10/02/2011,58220,5666175000,95.5(-2.05 %),134490,13050355000,76270,7384180000,152090463,24.73
11/02/2011,3650,351435000,94.5(-1.05 %),100700,9522847000,97050,9171412000,152086813,26.65
14/02/2011,-930,-81645000,90.5(-4.23 %),28750,2655875000,29680,2737520000,152087743,24.73
15/02/2011,26410,2444340000,95(4.97 %),48870,4486640000,22460,2042300000,152061333,24.74
16/02/2011,7210,672045000,94.5(-0.53 %),114330,10849575000,107120,10177530000,152054123,24.74
17/02/2011,19230,1807590000,94.5(0.00 %),124100,11699550000,104870,9891960000,152034893,24.74
18/02/2011,38310,3626900000,95(0.53 %),46290,4385000000,7980,758100000,151996583,24.75
21/02/2011,13400,1219960000,90.5(-4.74 %),13420,1221810000,20,1850000,151983183,24.75
22/02/2011,-8790,-759490000,86(-4.97 %),98600,8484330000,107390,9243820000,151991973,24.75
23/02/2011,-17840,-1474780000,82(-4.65 %),39740,3261255000,57580,4736035000,152009813,24.74
24/02/2011,3140,244920000,78(-4.88 %),29610,2309580000,26470,2064660000,152006673,24.75
25/02/2011,-168750,-12635545000,75(-3.85 %),70260,5235370000,239010,17870915000,152175423,24.72
28/02/2011,-80540,-5764755000,71.5(-4.67 %),68760,5231535000,149300,10996290000,152255963,24.71
01/03/2011,40240,3002025000,75(4.90 %),53990,3967575000,13750,965550000,152215723,24.71
02/03/2011,37390,2903150000,78.5(4.67 %),44200,3422300000,6810,519150000,152178333,24.72
03/03/2011,101620,7727385000,76(-3.18 %),121940,9280635000,20320,1553250000,0,0.0
04/03/2011,98220,7703740000,79.5(4.61 %),103790,8134030000,5570,430290000,0,0.0
07/03/2011,29910,2472630000,83(4.40 %),29910,2472630000,0,0,0,0.0
08/03/2011,36950,3208390000,86(3.61 %),38670,3358030000,1720,149640000,0,0.0
09/03/2011,47600,3982880000,84(-2.33 %),49930,4176320000,2330,193440000,0,0.0
10/03/2011,50720,4454170000,88(4.76 %),89920,7903770000,39200,3449600000,0,0.0
11/03/2011,90950,8367400000,92(4.55 %),91150,8385800000,200,18400000,0,0.0
14/03/2011,55710,5044620000,90.5(-1.63 %),193450,17536015000,137740,12491395000,0,0.0
15/03/2011,-60980,-5245615000,86(-4.97 %),100050,8604300000,161030,13849915000,0,0.0
16/03/2011,-78200,-6427350000,82(-4.65 %),67000,5507250000,145200,11934600000,162954239,27.2
17/03/2011,-91390,-7158610000,78(-4.88 %),2100,163800000,93490,7322410000,163045629,27.19
18/03/2011,-535630,-39916720000,74.5(-4.49 %),120360,8966820000,655990,48883540000,163581259,27.1
21/03/2011,-141030,-10717005000,76(2.01 %),46840,3556120000,187870,14273125000,163722289,27.08
22/03/2011,-77760,-5902410000,76(0.00 %),121900,9210200000,199660,15112610000,163800049,27.07
23/03/2011,-1970,-148590000,75.5(-0.66 %),45920,3483470000,47890,3632060000,163802019,27.07
24/03/2011,-32300,-2348410000,72.5(-3.97 %),3700,273900000,36000,2622310000,163834319,24.92
25/03/2011,-78430,-5560660000,70.5(-2.76 %),200,14400000,78630,5575060000,163912749,24.91
28/03/2011,-37620,-2721500000,73(3.55 %),0,0,37620,2721500000,163950369,24.91
29/03/2011,58670,4278900000,72.5(-0.68 %),58720,4282600000,50,3700000,163891699,24.91
30/03/2011,64050,4740260000,75(3.45 %),265650,19356260000,201600,14616000000,163827649,24.92
31/03/2011,67300,5071650000,74.5(-0.67 %),67300,5071650000,0,0,163760349,24.93
01/04/2011,16440,1203130000,73(-2.01 %),16440,1203130000,0,0,163950876,24.91
04/04/2011,40170,2932410000,73(0.00 %),40170,2932410000,0,0,163910706,24.91
05/04/2011,59370,4360700000,74.5(2.05 %),59370,4360700000,0,0,163851336,24.92
06/04/2011,25730,1932105000,75(0.67 %),230100,17118870000,204370,15186765000,163825606,24.92
07/04/2011,56150,4211070000,75(0.00 %),56150,4211070000,0,0,163769456,24.93
08/04/2011,35180,2618395000,74(-1.33 %),35180,2618395000,0,0,163734276,24.94
13/04/2011,19680,1439480000,73(-1.35 %),19880,1454280000,200,14800000,163714596,24.94
14/04/2011,60270,4430725000,73.5(0.68 %),69870,5122560000,9600,691835000,163654326,24.95
15/04/2011,110440,8300205000,76(3.40 %),119270,8962455000,8830,662250000,163543886,24.97
18/04/2011,49300,3809475000,76.5(0.66 %),88390,6762300000,39090,2952825000,163494586,24.97
19/04/2011,81630,6248065000,75(-1.96 %),85330,6531615000,3700,283550000,163412956,24.99
20/04/2011,-82300,-6179025000,78.5(4.67 %),115400,8950960000,197700,15129985000,163495256,24.97
21/04/2011,91920,7446775000,82(4.46 %),96080,7778485000,4160,331710000,163403336,24.99
22/04/2011,66340,5352295000,81(-1.22 %),66340,5352295000,0,0,163336996,25.0
25/04/2011,125850,10607215000,84.5(4.32 %),126350,10649375000,500,42160000,163211146,25.01
26/04/2011,76210,6511100000,83(-1.78 %),86340,7367525000,10130,856425000,163134936,25.03
27/04/2011,32860,2813450000,86(3.61 %),65240,5545630000,32380,2732180000,163102076,25.03
28/04/2011,61540,5447090000,88.5(2.91 %),63700,5638150000,2160,191060000,163040536,25.04
29/04/2011,136800,12519700000,91.5(3.39 %),246840,22698300000,110040,10178600000,162903736,25.06
04/05/2011,55820,5218370000,93(1.64 %),124990,11685350000,69170,6466980000,162854374,25.07
05/05/2011,12300,1094265000,88.5(-4.84 %),51590,4577385000,39290,3483120000,162842074,25.07
06/05/2011,9900,836540000,84.5(-4.52 %),52370,4425287000,42470,3588747000,162832174,25.07
09/05/2011,13990,1189935000,88.5(4.73 %),51090,4297495000,37100,3107560000,162818184,25.07
10/05/2011,17810,1581930000,89.5(1.13 %),33410,2965430000,15600,1383500000,162800374,25.08
11/05/2011,31530,2793645000,88.5(-1.12 %),41580,3682935000,10050,889290000,162768844,25.08
12/05/2011,5950,523720000,88(-0.56 %),45850,4036505000,39900,3512785000,162762894,25.08
13/05/2011,67470,6070065000,90.5(2.84 %),102900,9241075000,35430,3171010000,162695424,25.09
16/05/2011,26970,2461955000,90(-0.55 %),99730,9049620000,72760,6587665000,162668454,25.09
17/05/2011,31070,2808545000,90(0.00 %),38580,3484445000,7510,675900000,162637384,25.1
18/05/2011,-21010,-1799255000,85.5(-5.00 %),40520,3513650000,61530,5312905000,162658394,25.1
19/05/2011,-1500,-98860000,81.5(-4.68 %),22430,1860370000,23930,1959230000,162659894,25.1
20/05/2011,-71300,-5546178000,77.5(-4.91 %),143280,11104260000,214580,16650438000,162731194,25.09
23/05/2011,-46080,-3434960000,74(-4.52 %),247760,18340075000,293840,21775035000,162777274,25.08
24/05/2011,-12360,-896735000,72(-2.70 %),187490,13511810000,199850,14408545000,162789634,25.08
25/05/2011,27790,1901665000,68.5(-4.86 %),154040,10551740000,126250,8650075000,162761844,25.08
26/05/2011,-32320,-2212075000,71.5(4.38 %),103990,6969635000,136310,9181710000,162794164,25.08
27/05/2011,25200,1890000000,75(4.90 %),25200,1890000000,0,0,162768964,25.08
30/05/2011,36840,2885840000,78.5(4.67 %),47060,3688110000,10220,802270000,162732124,25.09
31/05/2011,41330,3387800000,82(4.46 %),51430,4216000000,10100,828200000,162690794,25.09
01/06/2011,46930,3941490000,84.5(4.58 %),46930,3941490000,0,0,162602304,25.1
02/06/2011,60970,5393880000,88.5(4.73 %),73130,6470040000,12160,1076160000,162541334,25.11
03/06/2011,147000,13198565000,88.5(0.00 %),177660,15985595000,30660,2787030000,162394334,25.14
06/06/2011,-1100,-93250000,85(-3.95 %),21700,1839350000,22800,1932600000,162395434,25.13
07/06/2011,11400,1014430000,89(4.71 %),41500,3690830000,30100,2676400000,162384034,25.14
08/06/2011,19640,1770735000,89.5(0.56 %),29640,2663235000,10000,892500000,162364394,25.14
09/06/2011,12200,1096795000,90(0.56 %),13700,1231795000,1500,135000000,162352194,25.14
10/06/2011,30660,2754650000,90(0.00 %),53100,4768610000,22440,2013960000,162321534,25.15
13/06/2011,-33320,-2854385000,85.5(-5.00 %),25010,2140855000,58330,4995240000,162354854,25.14
14/06/2011,-59250,-4843280000,82(-4.09 %),10500,855750000,69750,5699030000,162414104,25.13
15/06/2011,-101870,-8092275000,85.5(4.27 %),25350,2037700000,127220,10129975000,162515974,25.12
16/06/2011,-60780,-5003985000,84(-1.75 %),27130,2254660000,87910,7258645000,162576754,25.11
17/06/2011,-80120,-6480035000,80.5(-4.17 %),167300,13539245000,247420,20019280000,162656874,25.1
20/06/2011,-13970,-1090175000,78(-3.11 %),0,0,13970,1090175000,162670844,25.09
21/06/2011,-3200,-257775000,81.5(4.49 %),8100,646950000,11300,904725000,162674044,25.09
22/06/2011,5750,462275000,80.5(-1.23 %),43480,3509390000,37730,3047115000,162668294,25.09
23/06/2011,-59810,-4685340000,77.5(-3.73 %),610,47435000,60420,4732775000,162728104,25.09
24/06/2011,-43760,-3365220000,76.5(-1.29 %),8400,649210000,52160,4014430000,162771864,25.08
27/06/2011,-25320,-1937185000,76(-0.65 %),0,0,25320,1937185000,162797184,25.08
28/06/2011,-5580,-424990000,76(0.00 %),10020,762905000,15600,1187895000,162802764,25.08
29/06/2011,-41510,-3277180000,79(3.95 %),41680,3219650000,83190,6496830000,162844274,25.07
30/06/2011,24100,1916865000,78.5(-0.63 %),61100,4857340000,37000,2940475000,162820174,25.07
01/07/2011,-30400,-2307105000,75.5(-3.82 %),600,46800000,31000,2353905000,162704713,25.09
04/07/2011,-8890,-667605000,74.5(-1.32 %),160,12080000,9050,679685000,162713603,25.09
05/07/2011,-55270,-4158985000,75(0.67 %),0,0,55270,4158985000,162768873,25.08
06/07/2011,-13680,-1022000000,74.5(-0.67 %),20310,1513245000,33990,2535245000,162782553,25.08
07/07/2011,-27900,-2076420000,74(-0.67 %),1000,74500000,28900,2150920000,162810453,25.07
08/07/2011,-55620,-4137305000,73.5(-0.68 %),50,3675000,55670,4140980000,162866073,25.07
11/07/2011,-11990,-877615000,73(-0.68 %),10,730000,12000,878345000,162878063,25.06
12/07/2011,-30910,-2197400000,70.5(-3.42 %),1720,121390000,32630,2318790000,162908973,25.06
13/07/2011,-13170,-937715000,70.5(0.00 %),3150,229005000,16320,1166720000,162922143,25.06
14/07/2011,12330,903595000,74(4.96 %),17300,1260150000,4970,356555000,162909813,25.06
15/07/2011,-70300,-5082800000,73(-1.35 %),62320,4540530000,132620,9623330000,162980113,25.05
18/07/2011,-1010,-73990000,72.5(-0.68 %),57010,4127470000,58020,4201460000,162981123,25.05
19/07/2011,-66760,-4753400000,71(-2.07 %),520,36930000,67280,4790330000,163047883,25.04
20/07/2011,-37290,-2650540000,72.5(2.11 %),35130,2525140000,72420,5175680000,163085173,25.03
21/07/2011,-22870,-1634105000,71(-2.07 %),310,22165000,23180,1656270000,163108043,25.03
22/07/2011,-98730,-6842805000,69(-2.82 %),18500,1281000000,117230,8123805000,163206773,25.02
25/07/2011,13460,942200000,69(0.00 %),14080,985600000,620,43400000,163193313,25.02
26/07/2011,-20800,-1415035000,67.5(-2.17 %),9400,641720000,30200,2056755000,163214113,25.01
27/07/2011,-8410,-556905000,66.5(-1.48 %),5100,342100000,13510,899005000,163222523,25.01
28/07/2011,-12900,-861450000,66(-0.75 %),0,0,12900,861450000,163235423,25.01
29/07/2011,26310,1738785000,66(0.00 %),46250,3037460000,19940,1298675000,163209113,25.02
01/08/2011,-53760,-3413325000,63(-4.55 %),1970,127275000,55730,3540600000,163339493,25.0
02/08/2011,17830,1064480000,60(-4.76 %),48070,2884200000,30240,1819720000,163321663,25.0
03/08/2011,10640,607460000,57(-5.00 %),41400,2372130000,30760,1764670000,163311023,25.0
04/08/2011,-98940,-5889350000,59.5(4.39 %),8330,483790000,107270,6373140000,163409963,24.99
05/08/2011,15860,975315000,62(4.20 %),148360,9133555000,132500,8158240000,163394103,24.99
08/08/2011,-6460,-395905000,62.5(0.81 %),59030,3708730000,65490,4104635000,163400563,24.99
09/08/2011,330,19565000,59.5(-4.80 %),470,28035000,140,8470000,163400233,24.99
10/08/2011,-67930,-3944425000,57.5(-3.36 %),13900,813600000,81830,4758025000,163468163,24.98
11/08/2011,2390,154280000,57(-0.87 %),32190,1815300000,29800,1661020000,163465773,24.98
12/08/2011,1080,60600000,56(-1.75 %),1200,67500000,120,6900000,163464693,24.98
15/08/2011,260,14540000,55(-1.79 %),400,22450000,140,7910000,163464433,24.98
16/08/2011,4390,244750000,55.5(0.91 %),7850,435550000,3460,190800000,163460043,24.98
17/08/2011,-4100,-217490000,58(4.50 %),19590,1119900000,23690,1337390000,163464143,24.98
18/08/2011,26890,1626200000,60.5(4.31 %),28090,1697800000,1200,71600000,163437253,24.98
19/08/2011,29870,1767610000,59.5(-1.65 %),69310,4107295000,39440,2339685000,163407383,24.99
22/08/2011,-40510,-2443905000,60(0.84 %),700,41800000,41210,2485705000,163447893,24.98
23/08/2011,-39070,-2275230000,57.5(-4.17 %),25410,1471380000,64480,3746610000,163486963,24.97
24/08/2011,-87820,-4949850000,55.5(-3.48 %),26600,1505750000,114420,6455600000,163574783,24.96
25/08/2011,-40000,-2252000000,56.5(1.80 %),15000,842500000,55000,3094500000,163614783,24.96
26/08/2011,-2570,-147235000,56.5(0.00 %),17180,978010000,19750,1125245000,163617353,24.96
29/08/2011,34150,1996475000,59(4.42 %),119900,7010821000,85750,5014346000,163583203,24.96
30/08/2011,-39170,-2347340000,59.5(0.85 %),45130,2711095000,84300,5058435000,163622373,24.95
31/08/2011,-12030,-716890000,58(-2.52 %),140770,8384920000,152800,9101810000,163634403,24.95
01/09/2011,80,4715000,59(1.72 %),90,5310000,10,595000,163439612,24.98
05/09/2011,77950,4763570000,61.5(4.24 %),108180,6613970000,30230,1850400000,163361662,24.99
06/09/2011,43860,2783610000,64.5(4.88 %),54460,3466660000,10600,683050000,163317802,25.0
07/09/2011,29330,1975775000,67.5(4.65 %),50010,3351495000,20680,1375720000,163288472,25.0
08/09/2011,12980,908630000,70.5(4.44 %),94280,6639780000,81300,5731150000,163275492,25.01
09/09/2011,56160,4002785000,71.5(1.42 %),58120,4142215000,1960,139430000,163219332,25.01
12/09/2011,67600,5044215000,75(4.90 %),117380,8731330000,49780,3687115000,163151732,25.02
13/09/2011,13610,1066375000,78.5(4.67 %),41010,3215775000,27400,2149400000,163138122,25.03
14/09/2011,126640,10374140000,82(4.46 %),206040,16875190000,79400,6501050000,163011482,25.04
15/09/2011,93340,8312880000,86(4.88 %),375930,31341880000,282590,23029000000,162918142,25.06
16/09/2011,158030,12959790000,82(-4.65 %),440600,36156585000,282570,23196795000,162760112,25.08
19/09/2011,111010,8756925000,78(-4.88 %),193040,15163620000,82030,6406695000,162649102,25.1
20/09/2011,-11690,-882785000,74.5(-4.49 %),57710,4307950000,69400,5190735000,162660792,25.1
21/09/2011,-41390,-2961950000,71(-4.70 %),24710,1763910000,66100,4725860000,162702182,25.09
22/09/2011,-407430,-27937905000,74.5(4.93 %),28790,1963450000,436220,29901355000,163109612,25.03
23/09/2011,-168090,-11986625000,72(-3.36 %),2500,178250000,170590,12164875000,163277702,25.01
26/09/2011,9330,1153590000,68.5(-4.86 %),125530,9151565000,116200,7997975000,163268372,25.01
27/09/2011,2700,194520000,71.5(4.38 %),24130,1706975000,21430,1512455000,163265672,25.01
28/09/2011,-67080,-4660785000,69(-3.50 %),6400,448000000,73480,5108785000,163332752,25.0
29/09/2011,25930,1770225000,67.5(-2.17 %),25930,1770225000,0,0,163306822,25.0
30/09/2011,18990,1319355000,67(-0.74 %),28990,1986855000,10000,667500000,163287832,25.0
03/10/2011,-20160,-1315160000,64(-4.48 %),24430,1573300000,44590,2888460000,163487642,24.97
04/10/2011,-71710,-4495490000,64(0.00 %),2300,143350000,74010,4638840000,163559352,24.96
05/10/2011,-69280,-4363525000,62.5(-2.34 %),3610,233755000,72890,4597280000,163628632,24.95
06/10/2011,-93800,-5944120000,63(0.80 %),53750,3403912000,147550,9348032000,163722432,24.94
07/10/2011,-56980,-3571310000,62.5(-0.79 %),500,32000000,57480,3603310000,163779412,24.93
10/10/2011,16420,1032415000,63.5(1.60 %),16920,1063665000,500,31250000,163762992,24.93
11/10/2011,-31940,-2018085000,63(-0.79 %),9360,589680000,41300,2607765000,163794932,24.93
12/10/2011,52740,3196290000,61.5(-2.38 %),52740,3196290000,0,0,163742192,24.94
13/10/2011,10000,618750000,62(0.81 %),10000,618750000,0,0,163732192,24.94
14/10/2011,18930,1182290000,62.5(0.81 %),25330,1585490000,6400,403200000,163713262,24.94
17/10/2011,11140,695250000,62.5(0.00 %),11160,696500000,20,1250000,163702122,24.94
18/10/2011,0,0,60.5(-3.20 %),0,0,0,0,163702122,24.94
19/10/2011,-123590,-7310900000,60(-0.83 %),1500,88500000,125090,7399400000,163825712,24.92
20/10/2011,0,0,60(0.00 %),0,0,0,0,163825712,24.92
21/10/2011,9600,595490000,63(5.00 %),61870,3872753000,52270,3277263000,163816112,24.93
24/10/2011,26860,1743855000,64.5(2.38 %),27450,1781960000,590,38105000,163789252,24.93
25/10/2011,37130,2379380000,62.5(-3.10 %),47010,2998580000,9880,619200000,163752122,24.94
26/10/2011,45330,2941480000,65.5(4.80 %),57330,3719730000,12000,778250000,163706792,24.94
27/10/2011,37820,2570540000,68.5(4.58 %),38320,2604790000,500,34250000,163668972,24.95
28/10/2011,76390,5430680000,71.5(4.38 %),76890,5466430000,500,35750000,163592582,24.96
31/10/2011,111100,8206660000,71.5(0.00 %),114600,8464160000,3500,257500000,163481482,24.98
01/11/2011,-22570,-1551465000,68(-4.90 %),1000,68000000,23570,1619465000,163580622,24.96
02/11/2011,9110,589735000,65(-4.41 %),64200,4178000000,55090,3588265000,163571512,24.96
03/11/2011,-47230,-3027300000,64.5(-0.77 %),2200,139100000,49430,3166400000,163618742,24.96
04/11/2011,14770,980975000,65.5(1.55 %),36770,2429625000,22000,1448650000,163603972,24.96
07/11/2011,37140,2406020000,64(-2.29 %),81840,5296000000,44700,2889980000,163566832,24.96
08/11/2011,-19010,-1201645000,63.5(-0.78 %),1320,83160000,20330,1284805000,163585842,24.96
09/11/2011,-4170,-263560000,63(-0.79 %),500,32000000,4670,295560000,163590012,24.96
10/11/2011,35500,2224000000,63(0.00 %),35500,2224000000,0,0,163554512,24.96
11/11/2011,-19460,-1210035000,62(-1.59 %),200,12200000,19660,1222235000,163573972,24.96
14/11/2011,-7180,-435035000,61.5(-0.81 %),116580,7149072000,123760,7584107000,163581152,24.96
15/11/2011,12400,784325000,62.5(1.63 %),105110,6549383000,92710,5765058000,163568752,24.96
16/11/2011,-2710,-173360000,63.5(1.60 %),145600,9277580000,148310,9450940000,163571462,24.96
17/11/2011,-206560,-12651425000,60.5(-4.72 %),169330,10433699000,375890,23085124000,163778022,24.93
18/11/2011,-28550,-1716025000,59.5(-1.65 %),209940,12565150000,238490,14281175000,163806572,24.93
21/11/2011,-68510,-3942415000,57(-4.20 %),63040,3660555000,131550,7602970000,163875082,24.92
22/11/2011,47520,2732270000,59.5(4.39 %),47520,2732270000,0,0,163827562,24.92
23/11/2011,39590,2443785000,62(4.20 %),39590,2443785000,0,0,163787972,24.93
24/11/2011,-12000,-745825000,60.5(-2.42 %),31970,1963460000,43970,2709285000,163799972,24.93
25/11/2011,10210,614030000,61(0.83 %),23690,1431625000,13480,817595000,163789762,24.93
28/11/2011,-25390,-1536510000,60(-1.64 %),100,6100000,25490,1542610000,163815152,24.93
29/11/2011,-6000,-357430000,59(-1.67 %),0,0,6000,357430000,163821152,24.93
30/11/2011,-22900,-1341630000,58.5(-0.85 %),25000,1469970000,47900,2811600000,163844052,24.92
01/12/2011,-201160,-11492585000,58.5(0.00 %),34770,1994660000,235930,13487245000,163761732,24.93
02/12/2011,46930,2806430000,60(2.56 %),106320,6368098000,59390,3561668000,163714802,24.94
05/12/2011,9450,576445000,63(5.00 %),31640,1964725000,22190,1388280000,163705352,24.94
06/12/2011,30230,1919505000,61(-3.17 %),39130,2479755000,8900,560250000,163675122,24.95
07/12/2011,11160,679650000,60.5(-0.82 %),20060,1218660000,8900,539010000,163663962,24.95
08/12/2011,-58920,-3496545000,59(-2.48 %),20000,1207500000,78920,4704045000,163722882,24.94
09/12/2011,-90200,-5208630000,57.5(-2.54 %),0,0,90200,5208630000,163813082,24.93
12/12/2011,-51530,-2974420000,57.5(0.00 %),1000,58500000,52530,3032920000,163864612,24.92
13/12/2011,-56610,-3238060000,56.5(-1.74 %),810,45765000,57420,3283825000,163921222,24.91
14/12/2011,-150680,-8263165000,54.5(-3.54 %),1280,70570000,151960,8333735000,164071902,24.89
15/12/2011,-166400,-8698395000,52(-4.59 %),51100,2657200000,217500,11355595000,164238302,24.86
16/12/2011,-55530,-2894855000,52(0.00 %),107580,5597900000,163110,8492755000,164293832,24.86
19/12/2011,-14150,-734290000,52.5(0.96 %),29710,1545680000,43860,2279970000,164307982,24.85
20/12/2011,56560,3005880000,52.5(0.00 %),56700,3013160000,140,7280000,164251422,24.86
21/12/2011,-49920,-2615485000,52.5(0.00 %),120140,6388200000,170060,9003685000,164301342,24.85
22/12/2011,-45820,-2228283000,49.9(-4.95 %),100100,5074990000,145920,7303273000,164347162,24.85
23/12/2011,10050,483994000,47.9(-4.01 %),35100,1683506000,25050,1199512000,164337112,24.85
26/12/2011,6200,296520000,45.6(-4.80 %),6200,296520000,0,0,164330912,24.85
27/12/2011,43040,1868484000,43.4(-4.82 %),43040,1868484000,0,0,164287872,24.86
28/12/2011,10680,470632000,42.5(-2.07 %),35680,1547812000,25000,1077180000,164277192,24.86
29/12/2011,23480,975158000,41.5(-2.35 %),23480,975158000,0,0,164253712,24.86
30/12/2011,8900,365621000,41(-1.20 %),23170,956511000,14270,590890000,164244812,24.86
03/01/2012,4650,202491000,42.9(4.63 %),49650,2106887000,45000,1904396000,164486094,24.83
04/01/2012,27000,1153735000,42.8(-0.23 %),105924,4531682000,78924,3377947000,164459094,24.83
05/01/2012,0,0,40.8(-4.67 %),0,0,0,0,164459094,24.83
06/01/2012,-8170,-318737000,38.8(-4.90 %),41810,1623885000,49980,1942622000,164467264,24.83
09/01/2012,15580,575435000,36.9(-4.90 %),20650,762595000,5070,187160000,164451684,24.83
10/01/2012,-76290,-2921223000,38.7(4.88 %),61710,2358338000,138000,5279561000,164527974,24.82
11/01/2012,25860,1046726000,40.6(4.91 %),25860,1046726000,0,0,164502114,24.83
12/01/2012,50590,2155134000,42.6(4.93 %),51690,2201994000,1100,46860000,164451524,24.83
13/01/2012,58190,2601093000,44.7(4.93 %),58190,2601093000,0,0,164393334,24.84
16/01/2012,87210,4070010000,44(-1.57 %),114600,5352626000,27390,1282616000,164306124,24.85
17/01/2012,122300,5608282000,46.2(5.00 %),122720,5627392000,420,19110000,164183824,24.87
18/01/2012,24880,1201517000,48.5(4.98 %),24880,1201517000,0,0,164158944,24.88
19/01/2012,14280,720275000,50.5(4.12 %),24270,1218670000,9990,498395000,164144664,24.88
20/01/2012,90820,4735340000,50(-0.99 %),90820,4735340000,0,0,164053844,24.89
30/01/2012,37330,1924853000,52.5(5.00 %),62860,3237378000,25530,1312525000,164016514,24.9
31/01/2012,32860,1747940000,52(-0.95 %),79870,4246505000,47010,2498565000,163983654,24.9
01/02/2012,81850,4257750000,52.5(0.96 %),81850,4257750000,0,0,163904826,24.91
02/02/2012,45570,2505360000,55(4.76 %),46570,2559360000,1000,54000000,163859256,24.92
03/02/2012,193320,11031935000,56(1.82 %),193430,11038260000,110,6325000,163665936,24.95
06/02/2012,42500,2362700000,56(0.00 %),42670,2372220000,170,9520000,163623436,24.95
07/02/2012,63250,3602220000,58.5(4.46 %),66350,3777550000,3100,175330000,163560186,24.96
08/02/2012,25100,1496805000,60(2.56 %),73450,4421980000,48350,2925175000,163535086,24.97
09/02/2012,54360,3219545000,59(-1.67 %),69620,4124815000,15260,905270000,163480726,24.98
10/02/2012,73800,4244565000,57.5(-2.54 %),126800,7295080000,53000,3050515000,163406926,24.99
13/02/2012,35030,1931660000,55(-4.35 %),158120,8728850000,123090,6797190000,163371896,24.99
14/02/2012,-49650,-2696055000,55(0.00 %),120040,6504532000,169690,9200587000,163421546,24.98
15/02/2012,16880,906540000,54(-1.82 %),54650,2951230000,37770,2044690000,163404666,24.99
16/02/2012,-11660,-648695000,53(-1.85 %),106230,5724207000,117890,6372902000,163416326,24.98
17/02/2012,-76900,-4222590000,55.5(4.72 %),33690,1861315000,110590,6083905000,163493226,24.97
20/02/2012,9090,527220000,58(4.50 %),24090,1397220000,15000,870000000,163484136,24.97
21/02/2012,150490,9073035000,58(0.00 %),251510,15184745000,101020,6111710000,163333646,25.0
22/02/2012,23230,1369995000,60(3.45 %),23230,1369995000,0,0,163310416,25.0
23/02/2012,-48170,-2896450000,60.5(0.83 %),40270,2425170000,88440,5321620000,163358586,24.99
24/02/2012,35660,2187450000,60(-0.83 %),89600,5505230000,53940,3317780000,163322926,25.0
27/02/2012,-54010,-3238200000,58.5(-2.50 %),24300,1460500000,78310,4698700000,163376936,24.99
28/02/2012,-28300,-1661910000,57(-2.56 %),23970,1405960000,52270,3067870000,163405236,24.99
29/02/2012,-290780,-16118730000,55(-3.51 %),153390,8452073000,444170,24570803000,163696016,24.94
01/03/2012,-52640,-2962400000,57.5(4.55 %),22570,1274550000,75210,4236950000,163175436,25.02
02/03/2012,10790,645070000,60(4.35 %),26450,1584670000,15660,939600000,163164646,25.02
05/03/2012,-19140,-1208120000,63(5.00 %),49000,3082490000,68140,4290610000,163183786,25.02
06/03/2012,78470,4879865000,60(-4.76 %),78520,4882915000,50,3050000,163105316,25.03
07/03/2012,-19650,-1143325000,61(1.67 %),87650,5291560000,107300,6434885000,163124966,25.03
08/03/2012,23100,1356415000,58.5(-4.10 %),247650,14780025000,224550,13423610000,163101866,25.03
09/03/2012,24880,1455455000,59(0.85 %),26560,1554915000,1680,99460000,163076986,25.03
12/03/2012,28960,1778935000,61.5(4.24 %),60900,3743245000,31940,1964310000,163048026,25.04
13/03/2012,34550,2228475000,64.5(4.88 %),53000,3418500000,18450,1190025000,163013476,25.04
14/03/2012,40900,2760750000,67.5(4.65 %),41100,2774250000,200,13500000,162972576,25.05
15/03/2012,334970,23442550000,70.5(4.44 %),400530,28064530000,65560,4621980000,162637606,25.1
16/03/2012,184690,13426210000,74(4.96 %),357240,26124395000,172550,12698185000,162452916,25.13
19/03/2012,49820,3530715000,70.5(-4.73 %),223080,15950291000,173260,12419576000,162403096,25.13
20/03/2012,-30810,-2065930000,67(-4.96 %),242010,16217342000,272820,18283272000,162433906,25.13
21/03/2012,-35450,-2439700000,69.5(3.73 %),52880,3602548000,88330,6042248000,162469356,25.12
22/03/2012,530,76945000,69.5(0.00 %),29670,2099655000,29140,2022710000,162468826,25.12
23/03/2012,43850,3177625000,72.5(4.32 %),52030,3770675000,8180,593050000,162424976,25.13
26/03/2012,50680,3721665000,75(3.45 %),50820,3731815000,140,10150000,162374296,25.14
27/03/2012,14890,1090680000,71.5(-4.67 %),28220,2058190000,13330,967510000,162359406,25.14
28/03/2012,68010,4816160000,73(2.10 %),143340,10152195000,75330,5336035000,162291396,25.15
29/03/2012,26220,1913900000,71.5(-2.05 %),28220,2061900000,2000,148000000,162265176,25.15
30/03/2012,92970,6922625000,75(4.90 %),94050,7003625000,1080,81000000,162172206,25.17
03/04/2012,3810,285155000,74(-1.33 %),71400,5297685000,67590,5012530000,162637217,25.1
04/04/2012,32380,2392840000,72(-2.70 %),46270,3412335000,13890,1019495000,162604837,25.1
05/04/2012,17430,1276120000,73.5(2.08 %),26220,1901710000,8790,625590000,162587407,25.11
06/04/2012,4400,327950000,74(0.68 %),9600,710250000,5200,382300000,162583007,25.11
09/04/2012,1400,103600000,74(0.00 %),33630,2488331000,32230,2384731000,162581607,25.11
10/04/2012,-14720,-1071060000,72(-2.70 %),26230,1914895000,40950,2985955000,162596327,25.11
11/04/2012,6500,479000000,72.5(0.69 %),32730,2377265000,26230,1898265000,162589827,25.11
12/04/2012,-21380,-1544255000,72.5(0.00 %),12710,921350000,34090,2465605000,162611207,25.1
13/04/2012,27540,2032530000,74(2.07 %),28540,2106530000,1000,74000000,162583667,25.11
16/04/2012,-59520,-4336140000,72.5(-2.03 %),30220,2213659000,89740,6549799000,162643187,25.1
17/04/2012,-46840,-3380045000,72(-0.69 %),44110,3187639000,90950,6567684000,162690027,25.09
18/04/2012,-66970,-4781510000,71(-1.39 %),29120,2083274000,96090,6864784000,162756997,25.08
19/04/2012,-12150,-870930000,73(2.82 %),49170,3560510000,61320,4431440000,162769147,25.08
20/04/2012,-5770,-412240000,72(-1.37 %),33920,2419809000,39690,2832049000,162774917,25.08
23/04/2012,-8440,-605330000,71(-1.39 %),26850,1924705000,35290,2530035000,162783357,25.08
24/04/2012,-16380,-1150815000,69.5(-2.11 %),27700,1931437000,44080,3082252000,162799737,25.08
25/04/2012,-23080,-1650105000,72(3.60 %),47640,3409186000,70720,5059291000,162822817,25.07
26/04/2012,-95940,-6704860000,69(-4.17 %),26260,1835263000,122200,8540123000,162918757,25.06
27/04/2012,4370,306705000,69.5(0.72 %),30370,2121427000,26000,1814722000,162914387,25.06
02/05/2012,-6120,-425240000,69.5(0.00 %),71290,4951221000,77410,5376461000,162864837,25.07
03/05/2012,-5810,-396405000,68.5(-1.44 %),35600,2432388000,41410,2828793000,162870647,25.07
04/05/2012,-7770,-536680000,68.5(0.00 %),44710,3077821000,52480,3614501000,162878417,25.06
07/05/2012,1720,187505000,71.5(4.38 %),50820,3582437000,49100,3394932000,162876697,25.06
08/05/2012,-31220,-2179395000,69(-3.50 %),26220,1831074000,57440,4010469000,162907917,25.06
09/05/2012,-11100,-730525000,68.5(-0.72 %),52110,3664294000,63210,4394819000,162919017,25.06
10/05/2012,-76060,-5139205000,67(-2.19 %),26310,1776609000,102370,6915814000,162995077,25.05
11/05/2012,-17880,-1196680000,66(-1.49 %),34850,2339180000,52730,3535860000,163012957,25.04
14/05/2012,-50900,-3233655000,63(-4.55 %),27180,1727422000,78080,4961077000,163063857,25.04
15/05/2012,-178030,-10716530000,60(-4.76 %),58080,3494672000,236110,14211202000,163241887,25.01
16/05/2012,-294330,-16939350000,57(-5.00 %),200610,11587466000,494940,28526816000,163536217,24.97
17/05/2012,-291000,-16238385000,54.5(-4.39 %),108700,6148645000,399700,22387030000,163827217,24.92
18/05/2012,-319510,-16937415000,53.5(-1.83 %),66010,3490090000,385520,20427505000,164146727,24.88
21/05/2012,-940300,-52538750000,56(4.67 %),5600,313600000,945900,52852350000,165087027,24.74
22/05/2012,-104000,-5826430000,55(-1.79 %),30000,1650000000,134000,7476430000,165191027,24.72
23/05/2012,10470,563240000,53(-3.64 %),22100,1180855000,11630,617615000,165180557,24.73
24/05/2012,-156000,-7997430000,51(-3.77 %),41630,2163130000,197630,10160560000,165336557,24.7
25/05/2012,-16880,-910255000,53.5(4.90 %),37720,2004320000,54600,2914575000,165353437,24.7
28/05/2012,-28680,-1486820000,51(-2.86 %),61320,3228695000,90000,4715515000,165382117,24.7
29/05/2012,-127550,-6255715000,49(-3.92 %),77350,3853185000,204900,10108900000,165509667,24.68
30/05/2012,-191330,-9655119000,49.7(1.43 %),94500,4790480000,285830,14445599000,165700997,24.65
31/05/2012,5370,319526000,49.3(-0.80 %),91850,4625956000,86480,4306430000,165695627,24.65
01/06/2012,18950,971605000,50(1.42 %),104000,5246655000,85050,4275050000,165206098,24.72
04/06/2012,-20660,-867291000,48(-4.00 %),112130,5674712000,132790,6542003000,165226758,24.72
05/06/2012,-68540,-3274446000,48.1(0.21 %),56850,2691430000,125390,5965876000,165274638,24.71
06/06/2012,-34680,-1687368000,49.4(2.70 %),5130,249274000,39810,1936642000,165309318,24.71
07/06/2012,-280020,-14375815000,51.5(4.25 %),106380,5460385000,386400,19836200000,165589338,24.67
08/06/2012,-1930,-114515000,50.5(-1.94 %),63070,3220485000,65000,3335000000,165591268,24.67
11/06/2012,-29700,-1493900000,49.6(-1.78 %),89100,4500996000,118800,5994896000,165620968,24.66
12/06/2012,0,-1050000,48.8(-1.61 %),21320,1051918000,21320,1052968000,165620968,24.66
13/06/2012,7370,357269000,48.5(-0.61 %),67370,3280816000,60000,2923547000,165613598,24.66
14/06/2012,-84520,-4108796000,48.3(-0.41 %),55480,2689136000,140000,6797932000,165698118,24.65
15/06/2012,118980,5989149000,50.5(4.55 %),202980,10168149000,84000,4179000000,165579138,24.67
18/06/2012,17230,912130000,50.5(0.00 %),172230,8852785000,155000,7940655000,165561908,24.67
19/06/2012,7210,355608000,49.5(-1.98 %),911004,43806608000,903794,43451000000,165554698,24.67
20/06/2012,11700,579992000,49.7(0.40 %),11700,579992000,0,0,165542998,24.67
21/06/2012,-54350,-2685290000,49.2(-1.01 %),360,17778000,54710,2703068000,165597348,24.66
22/06/2012,20920,1020754000,48.5(-1.42 %),20920,1020754000,0,0,165576428,24.67
25/06/2012,-4000,-190750000,47(-3.09 %),1000,48250000,5000,239000000,165580428,24.67
26/06/2012,-85330,-3880952000,44.7(-4.89 %),38900,1786340000,124230,5667292000,165665758,24.65
27/06/2012,-70140,-3087759000,43.5(-2.68 %),36700,1647880000,106840,4735639000,165735898,24.64
28/06/2012,-74220,-3154734000,42.3(-2.76 %),32930,1414660000,107150,4569394000,165810118,24.63
29/06/2012,33980,1504214000,43.9(3.78 %),90250,3988235000,56270,2484021000,165776138,24.64
02/07/2012,4480,202726000,43.3(-1.37 %),24620,1079270000,20140,876544000,166164194,24.58
03/07/2012,-100,-7110000,41.9(-3.23 %),3100,130490000,3200,137600000,166164294,24.58
04/07/2012,6350,268775000,41.8(-0.24 %),9350,395975000,3000,127200000,166157944,24.58
05/07/2012,-6500,-268520000,42.7(2.15 %),0,0,6500,268520000,166164444,24.58
06/07/2012,-35970,-1539851000,43.6(2.11 %),6130,269959000,42100,1809810000,166200414,24.58
09/07/2012,-23650,-989055000,41.8(-4.13 %),7350,318895000,31000,1307950000,166224064,24.57
10/07/2012,-87490,-3592096000,41(-1.91 %),3030,124230000,90520,3716326000,166311554,24.56
11/07/2012,-36530,-1496453000,41.2(0.49 %),112070,4617623000,148600,6114076000,166348084,24.55
12/07/2012,-99400,-4087204000,41.4(0.49 %),500,20500000,99900,4107704000,166447484,24.54
13/07/2012,-47650,-2025439000,43.2(4.35 %),106870,4568208000,154520,6593647000,166495134,24.53
16/07/2012,2850,122335000,42.1(-2.55 %),2850,122335000,0,0,166492284,24.53
17/07/2012,-173050,-7437269000,43(2.14 %),66770,2862630000,239820,10299899000,166665334,24.51
18/07/2012,-29670,-1296431000,43.6(1.40 %),255830,11000612000,285500,12297043000,166695004,24.5
19/07/2012,-1199960,-54774450000,45.7(4.82 %),260910,11918015000,1460870,66692465000,167894964,24.33
20/07/2012,-679080,-32529009000,47.9(4.81 %),348670,16700216000,1027750,49229225000,168574044,24.23
23/07/2012,-111540,-5337350000,46.8(-2.30 %),12740,614990000,124280,5952340000,168685584,24.21
24/07/2012,-88980,-3978246000,44.5(-4.91 %),10400,464830000,99380,4443076000,168774564,24.2
25/07/2012,-73310,-3097207000,42.5(-4.49 %),41600,1820490000,114910,4917697000,168847874,24.19
26/07/2012,-93500,-3968887000,42.2(-0.71 %),7000,295900000,100500,4264787000,168941374,24.17
27/07/2012,-106660,-4460145000,41.2(-2.37 %),22650,949902000,129310,5410047000,169048034,24.16
30/07/2012,8200,337470000,41.2(0.00 %),8200,337470000,0,0,169039834,24.16
31/07/2012,-73180,-3012458000,41.3(0.24 %),44000,1827404000,117180,4839862000,169113014,24.15
01/08/2012,-111200,-4523596000,40.6(-1.69 %),16770,688712000,127970,5212308000,169140154,24.14
02/08/2012,-2200,-89910000,40.8(0.49 %),400,16410000,2600,106320000,169142354,24.14
03/08/2012,-95600,-3915500000,40.8(0.00 %),9400,385220000,105000,4300720000,169237954,24.13
06/08/2012,-157040,-6540214000,41.8(2.45 %),17110,716885000,174150,7257099000,169394994,24.11
07/08/2012,-39940,-1656252000,41.3(-1.20 %),11000,457700000,50940,2113952000,169434934,24.1
08/08/2012,-47900,-1975140000,41.1(-0.48 %),100,4110000,48000,1979250000,169482834,24.09
09/08/2012,-159840,-6740971000,42.2(2.68 %),63050,2656320000,222890,9397291000,169642674,24.07
10/08/2012,4920,214432000,42.3(0.24 %),32380,1379022000,27460,1164590000,169637754,24.07
13/08/2012,1460,61106000,41.7(-1.42 %),1950,81735000,490,20629000,169636294,24.07
14/08/2012,-7270,-304589000,41.9(0.48 %),10000,418000000,17270,722589000,169643564,24.07
15/08/2012,-38360,-1608594000,41.6(-0.72 %),18670,783116000,57030,2391710000,169681924,24.06
16/08/2012,-2560,-107050000,41.5(-0.24 %),24400,1013990000,26960,1121040000,169684484,24.06
17/08/2012,-30800,-1280855000,41.5(0.00 %),9050,376020000,39850,1656875000,169715284,24.06
20/08/2012,6750,283177000,41.9(0.96 %),7900,331450000,1150,48273000,169708534,24.06
21/08/2012,39470,1581369000,39.9(-4.77 %),39960,1601704000,490,20335000,169669064,24.07
22/08/2012,-97910,-3735190000,38(-4.76 %),28480,1091658000,126390,4826848000,169766974,24.05
23/08/2012,25450,916805000,36.1(-5.00 %),51650,1865165000,26200,948360000,169741524,24.06
24/08/2012,-86610,-3203860000,35.1(-2.77 %),87370,3045079000,173980,6248939000,169828134,24.04
27/08/2012,-57810,-1937004000,33.4(-4.84 %),12820,430622000,70630,2367626000,169885944,24.03
28/08/2012,-174600,-5558810000,31.8(-4.79 %),69450,2208595000,244050,7767405000,170060544,24.01
29/08/2012,-240340,-7747870000,32.3(1.57 %),143960,4639340000,384300,12387210000,170300884,23.97
30/08/2012,-300890,-9693242000,31.8(-1.55 %),60800,1949375000,361690,11642617000,170601774,23.93
31/08/2012,-230460,-7172764000,30.5(-4.09 %),146210,4601882000,376670,11774646000,170832234,23.9
04/09/2012,-242080,-7497821000,30.9(1.31 %),11730,363830000,253810,7861651000,170072304,24.01
05/09/2012,-97750,-2920399000,29.5(-4.53 %),63580,1932734000,161330,4853133000,170170054,23.99
06/09/2012,-9820,-306660000,28.1(-4.75 %),44980,1282230000,54800,1588890000,170179874,23.99
07/09/2012,45250,1272424000,27.5(-2.14 %),62150,1735488000,16900,463064000,170134624,24.0
10/09/2012,-420,-3084000,26.2(-4.73 %),67790,1785860000,68210,1788944000,170135044,24.0
11/09/2012,-9720,-243206000,25(-4.58 %),37690,949593000,47410,1192799000,170144764,24.0
12/09/2012,12270,319431000,26.2(4.80 %),12270,319431000,0,0,170132494,24.0
13/09/2012,-2550,-70125000,27.5(4.96 %),20000,550000000,22550,620125000,170135044,24.0
14/09/2012,-26040,-749952000,28.8(4.73 %),94520,2722176000,120560,3472128000,170161084,23.99
17/09/2012,-148980,-4499196000,30.2(4.86 %),1020,30804000,150000,4530000000,170310064,23.97
18/09/2012,884790,27790452000,30(-0.66 %),1104250,34744784000,219460,6954332000,169425274,24.1
19/09/2012,403110,12453776000,31.5(5.00 %),667880,20789900000,264770,8336124000,169022164,24.16
20/09/2012,499190,16461177000,33(4.76 %),1132900,37371607000,633710,20910430000,168522974,24.23
21/09/2012,1020550,34967549000,34.6(4.85 %),2373960,81302767000,1353410,46335218000,167502424,24.38
24/09/2012,70880,2360407000,32.9(-4.91 %),128870,4275204000,57990,1914797000,167431544,24.39
25/09/2012,-11260,-360349000,31.3(-4.86 %),112980,3581130000,124240,3941479000,167442804,24.39
26/09/2012,-89660,-2948998000,32.5(3.83 %),12500,395850000,102160,3344848000,167532464,24.38
27/09/2012,12430,396042000,32.6(0.31 %),195660,6369971000,183230,5973929000,167520034,24.38
28/09/2012,102440,3352874000,32.4(-0.61 %),187940,6138610000,85500,2785736000,167417594,24.4
01/10/2012,-77020,-2392270000,30.8(-4.94 %),22300,696030000,99320,3088300000,168412874,24.25
02/10/2012,1400,46930000,29.5(-4.22 %),11400,350880000,10000,303950000,168411474,24.25
03/10/2012,5010,149805000,30.3(2.71 %),13010,391605000,8000,241800000,168406464,24.25
04/10/2012,1630,47789000,29.5(-2.64 %),4250,125875000,2620,78086000,168404834,24.25
05/10/2012,25320,758254000,29.9(1.36 %),52820,1576154000,27500,817900000,168379514,24.26
08/10/2012,48860,1491229000,30.8(3.01 %),49000,1495401000,140,4172000,168330654,24.26
09/10/2012,-34020,-1087040000,31.3(1.62 %),378620,11770365000,412640,12857405000,168364674,24.26
10/10/2012,2500,78150000,31.6(0.96 %),2500,78150000,0,0,168362174,24.26
11/10/2012,-4350,-142535000,31.6(0.00 %),4000,126400000,8350,268935000,168366524,24.26
12/10/2012,88130,2744543000,31.1(-1.58 %),88130,2744543000,0,0,168278394,24.27
15/10/2012,72790,2267684000,30.2(-2.89 %),81000,2523300000,8210,255616000,168205604,24.28
16/10/2012,7680,230544000,31.4(3.97 %),11000,333600000,3320,103056000,168197924,24.28
17/10/2012,17190,533963000,30.6(-2.55 %),78390,2436099000,61200,1902136000,168180734,24.28
18/10/2012,-56700,-1752190000,30.7(0.33 %),41740,1289724000,98440,3041914000,168237434,24.28
19/10/2012,48290,1485155000,30.4(-0.98 %),62290,1906355000,14000,421200000,168189144,24.28
22/10/2012,32680,998962000,31.1(2.30 %),42730,1304482000,10050,305520000,168156464,24.29
23/10/2012,37040,1161087000,31.2(0.32 %),41740,1307467000,4700,146380000,168119424,24.29
24/10/2012,67430,2097650000,31(-0.64 %),67430,2097650000,0,0,168051994,24.3
25/10/2012,-36900,-1124050000,30.3(-2.26 %),300,9150000,37200,1133200000,168088894,24.3
26/10/2012,34420,1059913000,30.7(1.32 %),43420,1335913000,9000,276000000,168054474,22.28
29/10/2012,15240,470172000,30.5(-0.65 %),16000,493200000,760,23028000,168039234,24.31
30/10/2012,0,-1500000,30(-1.64 %),3000,90000000,3000,91500000,168039234,24.31
31/10/2012,38210,1149796000,30(0.00 %),43210,1301034000,5000,151238000,168001024,24.31
01/11/2012,-5000,-151500000,29.8(-0.67 %),0,0,5000,151500000,168440474,24.25
02/11/2012,-1630,-44038000,28.4(-4.70 %),34910,998057000,36540,1042095000,168442104,24.25
05/11/2012,-88000,-2426985000,27(-4.93 %),17000,459700000,105000,2886685000,168530104,24.23
06/11/2012,-46140,-1221484000,26.4(-2.22 %),6800,180640000,52940,1402124000,168576244,24.23
07/11/2012,-142010,-3915529000,27.7(4.92 %),162190,4464917000,304200,8380446000,168718254,24.21
08/11/2012,-99820,-2899483000,29(4.69 %),108180,3131017000,208000,6030500000,168818074,24.19
09/11/2012,-39330,-1144030000,28.6(-1.38 %),17000,492100000,56330,1636130000,168857404,24.19
12/11/2012,-144670,-4119292000,28.5(-0.35 %),8850,252160000,153520,4371452000,169002074,24.16
13/11/2012,-204500,-5845176000,28.5(0.00 %),5000,141300000,209500,5986476000,169206574,24.13
14/11/2012,-36250,-1044370000,28.4(-0.35 %),2100,60440000,38350,1104810000,169242824,24.13
15/11/2012,-194570,-5438947000,27.7(-2.46 %),5000,138000000,199570,5576947000,169437394,24.1
16/11/2012,-188950,-5331812000,28(1.08 %),34030,962296000,222980,6294108000,169626344,24.07
19/11/2012,-9030,-254200000,27.8(-0.71 %),74100,2073526000,83130,2327726000,169635374,24.07
20/11/2012,-144380,-4024645000,27.8(0.00 %),58900,1639360000,203280,5664005000,169779754,24.05
21/11/2012,37800,1050190000,27.7(-0.36 %),38800,1078010000,1000,27820000,169741954,24.06
22/11/2012,-34920,-961412000,27.7(0.00 %),30880,854668000,65800,1816080000,169776874,24.05
23/11/2012,-12780,-357882000,27.8(0.36 %),75000,2106402000,87780,2464284000,169789654,24.05
26/11/2012,-21700,-604610000,27.8(0.00 %),34600,960530000,56300,1565140000,169811354,24.05
27/11/2012,13790,384383000,27.7(-0.36 %),19000,528700000,5210,144317000,169797564,24.05
28/11/2012,8220,224744000,27.4(-1.08 %),67300,1854260000,59080,1629516000,169789344,24.05
29/11/2012,-22950,-635369000,27.5(0.36 %),78240,2153594000,101190,2788963000,169812294,24.04
30/11/2012,-33400,-920310000,27.3(-0.73 %),36600,1005460000,70000,1925770000,169845694,24.04
03/12/2012,6230,181090000,27.4(0.37 %),125270,3393690000,119040,3212600000,169503914,24.09
04/12/2012,170310,4782878000,28.2(2.92 %),204210,5728753000,33900,945875000,169333604,24.12
05/12/2012,44620,1266904000,28.3(0.35 %),51620,1466404000,7000,199500000,169288984,24.12
06/12/2012,50630,1428445000,28(-1.06 %),50630,1428445000,0,0,169238354,24.13
07/12/2012,-45920,-1284708000,27.8(-0.71 %),43700,1218492000,89620,2503200000,169284274,24.12
10/12/2012,48020,1355178000,28.2(1.44 %),56060,1580448000,8040,225270000,169236254,24.13
11/12/2012,197530,5710621000,29.2(3.55 %),229530,6636821000,32000,926200000,169038724,24.16
12/12/2012,141280,4251354000,30.6(4.79 %),149980,4508259000,8700,256905000,168897444,24.18
13/12/2012,98010,3139420000,31.8(3.92 %),138270,4429240000,40260,1289820000,168799434,24.19
14/12/2012,148660,4805179000,32.1(0.94 %),169670,5485806000,21010,680627000,168748784,24.2
17/12/2012,-121650,-3755755000,30.9(-3.74 %),107020,3387970000,228670,7143725000,168870434,24.18
18/12/2012,1920,49606000,30.8(-0.32 %),200820,6118876000,198900,6069270000,168868514,24.18
19/12/2012,-108760,-3512948000,32.3(4.87 %),81550,2634065000,190310,6147013000,168977274,24.17
20/12/2012,122670,4157583000,33.9(4.95 %),364430,12353066000,241760,8195483000,168854604,24.19
21/12/2012,390760,13565279000,34.4(1.47 %),636460,22023040000,245700,8457761000,168463844,24.24
24/12/2012,128790,4525433000,35.5(3.20 %),190430,6649548000,61640,2124115000,168335054,24.26
25/12/2012,2930,129058000,35.3(-0.56 %),128520,4574208000,125590,4445150000,168332124,24.26
26/12/2012,160520,5723844000,35.7(1.13 %),160520,5723844000,0,0,168171604,24.29
27/12/2012,163230,5982913000,36.8(3.08 %),268430,9781528000,105200,3798615000,168008374,24.31
28/12/2012,234290,8935281000,38.4(4.35 %),236340,9013151000,2050,77870000,167774084,24.34
02/01/2013,60800,2431360000,40.3(4.95 %),86170,3451296000,25370,1019936000,167831973,24.34
03/01/2013,50010,2077854000,42.3(4.96 %),527460,22267351000,477450,20189497000,167781963,24.34
04/01/2013,109760,4845885000,44.4(4.96 %),269770,11949029000,160010,7103144000,167672203,24.36
07/01/2013,16470,767221000,46.6(4.95 %),49160,2290075000,32690,1522854000,167655733,24.36
08/01/2013,108450,5303615000,48.9(4.94 %),558930,27327629000,450480,22024014000,167547283,24.38
09/01/2013,73430,4061877000,46.5(-4.91 %),472760,24085605000,399330,20023728000,167473853,24.39
10/01/2013,-5950,106846000,48.8(4.95 %),370690,17091370000,376640,16984524000,167479803,24.39
11/01/2013,146180,7110263000,47(-3.69 %),198680,9664358000,52500,2554095000,167333623,24.41
14/01/2013,-191090,-8574186000,44.7(-4.89 %),179460,8113437000,370550,16687623000,167524713,24.38
15/01/2013,126900,5618409000,44.1(-1.34 %),193610,8530877000,66710,2912468000,167397813,24.4
16/01/2013,122290,5726601000,46.5(5.44 %),143290,6713141000,21000,986540000,167275523,24.42
17/01/2013,80760,3702547000,44(-5.38 %),84660,3879997000,3900,177450000,167194763,24.43
18/01/2013,114860,5147315000,44.7(1.59 %),117940,5285943000,3080,138628000,167079903,24.45
21/01/2013,-24860,-1071936000,43.5(-2.68 %),13460,595368000,38320,1667304000,167104763,24.44
22/01/2013,131470,5641518000,42(-3.45 %),136520,5858513000,5050,216995000,166973293,24.46
23/01/2013,48280,2053170000,42.5(1.19 %),86550,3671491000,38270,1618321000,166925013,24.47
24/01/2013,83670,3753311000,45.4(6.82 %),112040,5019446000,28370,1266135000,166841343,24.48
25/01/2013,293130,14082574000,48.5(6.83 %),304230,14617324000,11100,534750000,166548213,24.52
28/01/2013,160530,8239400000,51.5(6.19 %),227030,11662150000,66500,3422750000,166387683,24.55
29/01/2013,-62610,-3165370000,52.5(1.94 %),450650,23551565000,513260,26716935000,166450293,24.54
30/01/2013,379520,20581110000,55(4.76 %),396020,21454610000,16500,873500000,166070773,24.59
31/01/2013,132530,7064615000,52.5(-4.55 %),616270,32488514000,483740,25423899000,165938243,24.61
01/02/2013,476140,25719630000,56(6.67 %),539540,29227230000,63400,3507600000,164604500,24.81
04/02/2013,144420,8362430000,58(3.57 %),161770,9377380000,17350,1014950000,164460080,24.83
05/02/2013,-44540,-2492675000,56(-3.45 %),189880,10788080000,234420,13280755000,164504620,24.82
06/02/2013,182980,10665215000,59.5(6.25 %),468630,27345465000,285650,16680250000,164321640,24.85
07/02/2013,-10420,-679960000,58(-2.52 %),129030,7630005000,139450,8309965000,164332060,24.85
08/02/2013,42680,2559350000,59.5(2.59 %),159780,9474504000,117100,6915154000,164289380,24.86
18/02/2013,-2610,-151620000,57.5(-3.36 %),17140,1019810000,19750,1171430000,164291990,24.86
19/02/2013,156910,9057835000,58(0.87 %),202030,11656100000,45120,2598265000,164135080,24.88
20/02/2013,113930,6674555000,59.5(2.59 %),118930,6969555000,5000,295000000,164021150,24.9
21/02/2013,27460,1558075000,55.5(-6.72 %),75960,4400775000,48500,2842700000,163993690,24.9
22/02/2013,50290,2742845000,53.5(-3.60 %),88460,4884470000,38170,2141625000,163943400,24.91
25/02/2013,95680,5279445000,55(2.80 %),95680,5279445000,0,0,163847720,24.92
26/02/2013,62080,3362320000,51.5(-6.36 %),76980,4142920000,14900,780600000,163785640,24.93
27/02/2013,-6100,-310672000,50(-2.91 %),140050,7007172000,146150,7317844000,163791740,24.93
28/02/2013,40780,2169945000,53.5(7.00 %),88810,4738620000,48030,2568675000,163750960,24.94
01/03/2013,130770,7318975000,56.5(5.61 %),130970,7330275000,200,11300000,164481120,24.83
04/03/2013,38390,2098820000,53(-6.19 %),79380,4301150000,40990,2202330000,164442730,24.83
05/03/2013,24690,1270190000,50.5(-4.72 %),90100,4577740000,65410,3307550000,164418040,24.84
06/03/2013,33220,1746195000,54(6.93 %),91420,4755170000,58200,3008975000,164384820,24.84
07/03/2013,26530,1478515000,51(-5.56 %),101090,5367905000,74560,3889390000,164358290,24.85
08/03/2013,63800,3366035000,52.5(2.94 %),76800,4047385000,13000,681350000,164294490,24.86
11/03/2013,-637790,-32690885000,51.5(-1.90 %),13580,706420000,651370,33397305000,164932280,24.76
12/03/2013,-419770,-21540890000,52.5(1.94 %),15800,822490000,435570,22363380000,165352050,24.7
13/03/2013,-558070,-28251755000,51(-2.86 %),120190,6157860000,678260,34409615000,165910120,24.62
14/03/2013,-318450,-16048920000,51(0.00 %),0,0,318450,16048920000,166228570,24.57
15/03/2013,-242940,-12630005000,52(1.96 %),583930,30378130000,826870,43008135000,166471510,24.54
18/03/2013,30880,1577230000,50.5(-2.88 %),66570,3405140000,35690,1827910000,166440630,24.54
19/03/2013,174630,8898600000,52(2.97 %),220080,11198700000,45450,2300100000,166266000,24.57
20/03/2013,37380,1944170000,51(-1.92 %),64680,3347970000,27300,1403800000,166228620,24.57
21/03/2013,-74430,-3839260000,51(0.00 %),65680,3397657000,140110,7236917000,166303050,24.56
22/03/2013,58670,2999680000,50(-1.96 %),93080,4741080000,34410,1741400000,166244380,24.57
25/03/2013,168100,8601400000,51.5(3.00 %),202080,10330955000,33980,1729555000,166076280,24.59
26/03/2013,52270,2685640000,51(-0.97 %),62220,3195840000,9950,510200000,166024010,24.6
27/03/2013,49270,2537565000,50.5(-0.98 %),105120,5363680000,55850,2826115000,165974740,24.61
28/03/2013,63120,3187560000,50.5(0.00 %),63120,3187560000,0,0,165911620,24.62
29/03/2013,57200,2861950000,49.6(-1.78 %),57200,2861950000,0,0,165854420,24.63
01/04/2013,79710,4063096000,53(6.85 %),83120,4240826000,3410,177730000,165848750,24.63
02/04/2013,262060,14663315000,56(5.66 %),400560,22404690000,138500,7741375000,165586690,24.67
03/04/2013,235780,13156525000,55(-1.79 %),286000,15939125000,50220,2782600000,165350910,24.7
04/04/2013,44040,2451190000,53(-3.64 %),239950,13092350000,195910,10641160000,165306870,24.71
05/04/2013,78460,4229570000,55(3.77 %),81240,4378300000,2780,148730000,165228410,24.72
08/04/2013,184680,10290145000,56(1.82 %),188670,10512460000,3990,222315000,165043730,24.75
09/04/2013,-2410,-105820000,54.5(-2.68 %),37700,2092000000,40110,2197820000,165046140,24.75
10/04/2013,-114620,-5953915000,51(-6.42 %),8750,466225000,123370,6420140000,165160760,24.73
11/04/2013,37360,1924320000,52(1.96 %),202770,10517390000,165410,8593070000,165123400,24.73
12/04/2013,-152480,-7754625000,51(-1.92 %),146400,7568740000,298880,15323365000,165275880,24.71
15/04/2013,-26810,-1339704000,48.8(-4.31 %),5400,267540000,32210,1607244000,165302690,24.71
16/04/2013,-94670,-4478098000,47.5(-2.66 %),4350,206380000,99020,4684478000,165397360,24.69
17/04/2013,3700,176670000,47.7(0.42 %),3700,176670000,0,0,165393660,24.69
18/04/2013,-158500,-7280730000,45(-5.66 %),6450,298330000,164950,7579060000,165552160,24.67
22/04/2013,-4370,-218075000,45(0.00 %),119550,5376665000,123920,5594740000,165556530,24.67
23/04/2013,-11140,-498512000,46(2.22 %),52680,2432244000,63820,2930756000,165567670,24.67
24/04/2013,-111240,-5071187000,45.2(-1.74 %),10530,481985000,121770,5553172000,165678910,24.65
25/04/2013,43170,2027635000,46(1.77 %),50170,2354535000,7000,326900000,165635740,24.66
26/04/2013,96680,4518724000,46.9(1.96 %),190790,8900759000,94110,4382035000,165539060,24.67
02/05/2013,4080,189916000,46(-1.92 %),10290,478776000,6210,288860000,165365150,24.7
03/05/2013,28050,1292592000,46.1(0.22 %),28050,1292592000,0,0,165337100,24.7
06/05/2013,75840,3652241000,49.2(6.72 %),81970,3947881000,6130,295640000,165261260,24.71
07/05/2013,227400,11370291000,50.5(2.64 %),245100,12249753000,17700,879462000,165033860,24.75
08/05/2013,23950,1185725000,49.5(-1.98 %),24030,1189685000,80,3960000,165009910,24.75
09/05/2013,109140,5462433000,50(1.01 %),122630,6141088000,13490,678655000,164900770,24.77
10/05/2013,163100,8224570000,50.5(1.00 %),163100,8224570000,0,0,164737670,24.79
13/05/2013,262210,13708655000,53(4.95 %),267210,13970090000,5000,261435000,164475460,24.83
14/05/2013,49600,2555790000,51(-3.77 %),65810,3394670000,16210,838880000,164425860,24.84
15/05/2013,5000,257500000,51.5(0.98 %),5000,257500000,0,0,164420860,24.84
16/05/2013,-3560,-189285000,51.5(0.00 %),81350,4173930000,84910,4363215000,164424420,24.84
17/05/2013,-20300,-1024610000,50(-2.91 %),0,0,20300,1024610000,164444720,24.83
20/05/2013,11250,579125000,51.5(3.00 %),11250,579125000,0,0,164433470,24.84
21/05/2013,-31360,-1619220000,52(0.97 %),0,0,31360,1619220000,164464830,24.83
22/05/2013,141020,7589890000,54(3.85 %),147220,7923640000,6200,333750000,164323810,24.85
23/05/2013,-31120,-1671330000,52.5(-2.78 %),137400,7340380000,168520,9011710000,164354930,24.85
24/05/2013,-129190,-6756190000,52(-0.95 %),0,0,129190,6756190000,164484120,24.83
27/05/2013,32450,1723075000,52.5(0.96 %),32450,1723075000,0,0,164451670,24.83
28/05/2013,-186550,-9922600000,53(0.95 %),3000,162000000,189550,10084600000,164638220,24.81
29/05/2013,3120,161300000,51.5(-2.83 %),8120,426300000,5000,265000000,164635100,24.81
30/05/2013,-7530,-389840000,52.5(1.94 %),0,0,7530,389840000,164642630,24.8
31/05/2013,-68860,-3573600000,51.5(-1.90 %),2460,127340000,71320,3700940000,164711490,24.79
03/06/2013,8000,412000000,51.5(0.00 %),8000,412000000,0,0,164848757,24.77
04/06/2013,-124900,-6384675000,50(-2.91 %),7700,385000000,132600,6769675000,164973657,24.76
05/06/2013,28930,1482145000,51.5(3.00 %),28930,1482145000,0,0,164944727,24.76
06/06/2013,-13200,-673200000,52(0.97 %),0,0,13200,673200000,164957927,24.76
07/06/2013,65010,3410525000,52(0.00 %),68010,3568025000,3000,157500000,164892917,24.77
10/06/2013,-287030,-15081080000,52(0.00 %),67730,3614055000,354760,18695135000,165179947,24.73
11/06/2013,-134880,-7096540000,52.5(0.96 %),72070,3819280000,206950,10915820000,165314827,24.71
12/06/2013,-307820,-15987240000,51.5(-1.90 %),20260,1054440000,328080,17041680000,165622647,24.66
13/06/2013,-168910,-8473090000,50.5(1.00 %),0,0,168910,8473090000,165791557,24.64
14/06/2013,-200830,-9918750000,49(-2.97 %),20,1010000,200850,9919760000,165992387,24.61
17/06/2013,-257730,-12469395000,47.4(-3.27 %),43080,2115330000,300810,14584725000,166250117,24.57
18/06/2013,-154490,-7303385000,47.7(0.63 %),104060,4926964000,258550,12230349000,166404607,24.55
19/06/2013,-11050,-551811000,49.5(3.77 %),100140,4924974000,111190,5476785000,166415657,24.54
20/06/2013,104420,5007455000,48(-3.03 %),122650,5889125000,18230,881670000,166311237,24.56
21/06/2013,291540,13875720000,47.6(-0.83 %),532140,25360154000,240600,11484434000,166019697,24.6
24/06/2013,-456680,-21222255000,45.9(-3.57 %),10000,459300000,466680,21681555000,166476377,24.54
25/06/2013,-335690,-14642251000,43(-6.32 %),13700,593840000,349390,15236091000,166812067,24.49
26/06/2013,-419460,-17568107000,41.5(-3.49 %),11170,469267000,430630,18037374000,167231527,24.42
27/06/2013,-149710,-6311500000,42.7(2.89 %),19300,813497000,169010,7124997000,167381237,24.4
28/06/2013,-160430,-6855217000,42.1(-1.41 %),15310,658337000,175740,7513554000,167541667,24.38
01/07/2013,-40250,-1678816000,41.7(-0.95 %),1340,56012000,41590,1734828000,166838351,24.48
02/07/2013,60180,2565634000,43.5(4.32 %),69190,2955249000,9010,389615000,166778171,24.49
03/07/2013,-122630,-5226817000,42.5(-2.30 %),75190,3200075000,197820,8426892000,166900801,24.47
04/07/2013,-21640,-922078000,42.5(0.00 %),10500,447450000,32140,1369528000,166922441,24.47
05/07/2013,73990,3145600000,42.4(-0.24 %),84000,3571030000,10010,425430000,166848451,24.48
08/07/2013,30200,1282088000,42.6(0.47 %),30200,1282088000,0,0,166818251,22.69
09/07/2013,0,0,42.3(-0.70 %),0,0,0,0,166818251,22.69
10/07/2013,-170280,-7137714000,41.7(-1.42 %),0,0,170280,7137714000,166988531,22.67
11/07/2013,-182180,-7516569000,41.5(-0.48 %),1400,58340000,183580,7574909000,167170711,22.65
12/07/2013,-49320,-2075603000,42.6(2.65 %),1760,73568000,51080,2149171000,167220031,22.64
15/07/2013,12980,559339000,43.4(1.88 %),46540,2012407000,33560,1453068000,167207051,22.64
16/07/2013,-23280,-1008246000,43.2(-0.46 %),1000,43200000,24280,1051446000,167230331,22.64
17/07/2013,-121620,-5211451000,42.9(-0.69 %),5110,219708000,126730,5431159000,167351951,22.62
18/07/2013,-19910,-848609000,42.6(-0.70 %),5290,226951000,25200,1075560000,167371861,22.62
19/07/2013,121670,5307585000,44(3.29 %),126770,5529295000,5100,221710000,167250191,22.64
22/07/2013,82330,3732927000,46.3(5.23 %),182330,8282927000,100000,4550000000,167167861,22.65
23/07/2013,0,830000,44.6(-3.67 %),1800,81780000,1800,80950000,167167861,22.65
24/07/2013,-60610,-2638433000,43.2(-3.14 %),10900,480190000,71510,3118623000,167228471,22.64
25/07/2013,-69800,-2974596000,42(-2.78 %),100,4330000,69900,2978926000,167298271,22.63
26/07/2013,-85360,-3611273000,42.5(1.19 %),300,12650000,85660,3623923000,167383631,22.62
29/07/2013,-4500,-187150000,41.3(-2.82 %),500,20850000,5000,208000000,167388131,22.62
30/07/2013,-14080,-583794000,41.9(1.45 %),220,9196000,14300,592990000,167402211,22.61
31/07/2013,-56160,-2334450000,41.7(-0.48 %),11000,461700000,67160,2796150000,167458371,22.61
01/08/2013,-163740,-6806388000,41.3(-0.96 %),7980,329774000,171720,7136162000,168180903,22.51
02/08/2013,20810,869012000,41.7(0.97 %),36370,1517981000,15560,648969000,168160093,22.51
05/08/2013,-102130,-4256462000,41.8(0.24 %),0,0,102130,4256462000,168262223,22.5
06/08/2013,-19330,-807129000,41.8(0.00 %),33570,1399081000,52900,2206210000,168281553,22.5
07/08/2013,-126000,-5319099000,42.1(0.72 %),0,0,126000,5319099000,168407553,22.48
08/08/2013,-44460,-1868082000,41.6(-1.19 %),2780,116432000,47240,1984514000,168452013,22.47
09/08/2013,-207010,-8677263000,41.8(0.48 %),0,0,207010,8677263000,168659023,22.44
12/08/2013,-40430,-1687957000,41.8(0.00 %),0,0,40430,1687957000,168699453,22.44
13/08/2013,-85270,-3532439000,41.2(-1.44 %),500,20800000,85770,3553239000,168784723,22.43
14/08/2013,-170820,-7108475000,41.8(1.46 %),2930,121312000,173750,7229787000,168955543,22.4
15/08/2013,-205300,-8656710000,41.9(0.24 %),2000,84200000,207300,8740910000,169160843,22.38
16/08/2013,-105130,-4409330000,41.9(0.00 %),0,0,105130,4409330000,169265973,22.36
19/08/2013,-369140,-15755642000,42.6(1.67 %),33000,1411100000,402140,17166742000,169635113,22.31
20/08/2013,-148280,-6283083000,42.1(-1.17 %),0,0,148280,6283083000,169783393,22.29
21/08/2013,-95860,-4010542000,41.8(-0.71 %),15000,631500000,110860,4642042000,169879253,22.28
22/08/2013,-211220,-8725005000,41.1(-1.67 %),0,0,211220,8725005000,170090473,22.25
23/08/2013,-639480,-25254466000,38.7(-5.84 %),14750,599875000,654230,25854341000,170729953,22.16
26/08/2013,-217420,-8271694000,39(0.78 %),20150,770352000,237570,9042046000,170947373,22.13
27/08/2013,-79570,-3051095000,38(-2.56 %),22000,846177000,101570,3897272000,171026943,22.12
28/08/2013,-369730,-13368629000,35.6(-6.32 %),13870,502630000,383600,13871259000,171396673,22.07
29/08/2013,-672550,-23738676000,34(-4.49 %),3750,131270000,676300,23869946000,172069223,21.98
30/08/2013,47120,1675488000,35.9(5.59 %),47120,1675488000,0,0,172022103,21.99
03/09/2013,-195680,-7065024000,35.6(-0.84 %),2400,86380000,198080,7151404000,171217992,22.1
04/09/2013,-130810,-4552653000,34.6(-2.81 %),3560,126316000,134370,4678969000,171348802,22.08
05/09/2013,17230,613196000,36.6(5.78 %),19430,691496000,2200,78300000,171331572,22.08
06/09/2013,-114390,-4185144000,37(1.09 %),55600,2067160000,169990,6252304000,171445962,22.06
09/09/2013,54620,1957447000,35.8(-3.24 %),54620,1957447000,0,0,171391342,22.07
10/09/2013,-95460,-3467380000,36.3(1.40 %),1100,39830000,96560,3507210000,171486802,22.06
11/09/2013,-108300,-3964499000,36.4(0.28 %),40700,1481980000,149000,5446479000,171595102,22.04
12/09/2013,-75000,-2724540000,36.2(-0.55 %),0,0,75000,2724540000,171670102,22.03
13/09/2013,-388250,-14032493000,36.1(-0.28 %),51750,1887946000,440000,15920439000,172058352,21.98
16/09/2013,-208770,-7366856000,35.1(-2.77 %),1080,38182000,209850,7405038000,172267122,21.95
17/09/2013,67280,2379757000,35.5(1.14 %),67280,2379757000,0,0,172199842,21.96
18/09/2013,2850,101175000,34.9(-1.69 %),2850,101175000,0,0,172196992,21.96
19/09/2013,443830,15905220000,35.8(2.58 %),479360,17179702000,35530,1274482000,171753162,22.02
20/09/2013,68380,2426970000,35.5(-0.84 %),128640,4567120000,60260,2140150000,171684782,22.03
23/09/2013,200,7120000,35.8(0.85 %),200,7120000,0,0,171684582,22.03
24/09/2013,106950,3904102000,36.6(2.23 %),211100,7708907000,104150,3804805000,171577632,22.05
25/09/2013,-30680,-1123280000,37.1(1.37 %),128010,4777057000,158690,5900337000,171608312,22.04
26/09/2013,72370,2678577000,37(-0.27 %),73370,2715627000,1000,37050000,171535942,22.05
27/09/2013,68940,2561606000,37(0.00 %),73280,2722186000,4340,160580000,171467002,22.06
30/09/2013,73990,2765414000,37.4(1.08 %),73990,2765414000,0,0,171393012,22.07
01/10/2013,432760,16671602000,38.4(2.67 %),436310,16809342000,3550,137740000,172209342,21.96
02/10/2013,122450,4803732000,39.5(2.86 %),170900,6698837000,48450,1895105000,172086892,21.98
03/10/2013,-36540,-1426016000,39(-1.27 %),2150,84610000,38690,1510626000,172123432,21.97
04/10/2013,70600,2753001000,39.1(0.26 %),70600,2753001000,0,0,172052832,21.98
07/10/2013,176680,7069269000,40.2(2.81 %),178240,7131301000,1560,62032000,171876152,22.01
08/10/2013,-26630,-1060402000,39.8(-1.00 %),61910,2484018000,88540,3544420000,171902782,22.0
09/10/2013,100,3980000,39.2(-1.51 %),100,3980000,0,0,171902682,22.0
10/10/2013,71240,2786858000,38.5(-1.79 %),100300,3921670000,29060,1134812000,171831442,22.01
11/10/2013,192780,7515864000,38.6(0.26 %),193780,7554864000,1000,39000000,171638662,22.04
14/10/2013,58490,2238352000,38(-1.55 %),58490,2238352000,0,0,171580172,22.05
15/10/2013,65000,2485657000,38.3(0.79 %),65000,2485657000,0,0,171515172,22.05
16/10/2013,83780,3259732000,39(1.83 %),83780,3259732000,0,0,171431392,22.07
17/10/2013,61900,2424280000,39.1(0.26 %),62400,2444080000,500,19800000,171369492,22.07
18/10/2013,137760,5400424000,39.3(0.51 %),137760,5400424000,0,0,171231732,22.09
21/10/2013,238110,9478249000,40(1.78 %),238110,9478249000,0,0,170993622,22.13
22/10/2013,-44070,-1744160000,39.6(-1.00 %),67260,2664250000,111330,4408410000,171037692,22.12
23/10/2013,375960,15210265000,40.6(2.53 %),376360,15226305000,400,16040000,170661732,22.17
24/10/2013,251360,10243818000,40.6(0.00 %),251390,10245033000,30,1215000,170410372,22.21
25/10/2013,131400,5335440000,40.2(-0.99 %),133570,5423542000,2170,88102000,170278972,22.22
28/10/2013,26370,1047578000,39.6(-1.49 %),26370,1047578000,0,0,170252602,22.23
29/10/2013,92730,3694096000,40.3(1.77 %),100000,3980136000,7270,286040000,170159872,22.24
30/10/2013,95100,3831115000,40.3(0.00 %),95600,3851115000,500,20000000,170064772,22.25
31/10/2013,-115360,-4594996000,39.8(-1.24 %),7430,295714000,122790,4890710000,170180132,22.24
01/11/2013,-101670,-4016776000,39.4(-1.01 %),0,0,101670,4016776000,170058462,22.25
04/11/2013,-38070,-1505988000,39.5(0.25 %),14000,554000000,52070,2059988000,170096532,22.25
05/11/2013,100000,3987523000,40.1(1.52 %),100000,3987523000,0,0,169996532,22.26
06/11/2013,133370,5364617000,40.3(0.50 %),133370,5364617000,0,0,169863162,22.28
07/11/2013,20000,800200000,39.8(-1.24 %),22000,880000000,2000,79800000,169843162,22.28
08/11/2013,98250,3895731000,39.6(-0.50 %),101200,4012846000,2950,117115000,169744912,22.3
11/11/2013,170000,6782860000,39.9(0.76 %),170000,6782860000,0,0,169574912,22.32
12/11/2013,-97570,-3857498000,39.4(-1.25 %),5000,197500000,102570,4054998000,169672482,22.31
13/11/2013,-198690,-7785984000,39(-1.02 %),500,19600000,199190,7805584000,169871172,22.28
14/11/2013,-430,-16770000,39(0.00 %),0,0,430,16770000,169871602,22.28
15/11/2013,0,0,39.3(0.77 %),0,0,0,0,169871602,22.28
18/11/2013,48580,1933349000,39.6(0.76 %),53990,2147585000,5410,214236000,169823022,22.29
19/11/2013,30020,1196592000,39.6(0.00 %),71370,2834052000,41350,1637460000,169793002,22.29
20/11/2013,-33480,-1329018000,39.5(-0.25 %),138110,5460497000,171590,6789515000,169826482,22.28
21/11/2013,25740,1058289000,39.4(-0.25 %),246740,9810422000,221000,8752133000,169800742,22.29
22/11/2013,115430,4560039000,39.6(0.51 %),115430,4560039000,0,0,169685312,22.3
25/11/2013,132870,5408437000,41(3.54 %),137870,5609937000,5000,201500000,169552442,22.32
26/11/2013,-41030,-1698020000,41.4(0.98 %),0,0,41030,1698020000,169593472,22.32
27/11/2013,20170,840755000,41.6(0.48 %),35170,1464755000,15000,624000000,169573302,22.32
28/11/2013,-110710,-4583530000,41.4(-0.48 %),0,0,110710,4583530000,169684012,22.3
29/11/2013,82560,3414866000,41.3(-0.24 %),83630,3459143000,1070,44277000,169601452,22.32
02/12/2013,-43000,-1752331000,40.7(-1.45 %),0,0,43000,1752331000,169706911,22.3
03/12/2013,90420,3736299000,41.3(1.47 %),98480,4068655000,8060,332356000,169616491,22.31
04/12/2013,30820,1272370000,41(-0.73 %),32520,1342780000,1700,70410000,169585671,22.32
05/12/2013,-14920,-604764000,40.5(-1.22 %),0,0,14920,604764000,169600591,22.32
06/12/2013,4630,186977000,40.5(0.00 %),9930,402617000,5300,215640000,169595961,22.32
09/12/2013,82150,3335467000,40.5(0.00 %),82150,3335467000,0,0,169513811,22.33
10/12/2013,10890,442873000,40.1(-0.99 %),13000,528020000,2110,85147000,169502921,22.33
11/12/2013,-189430,-7437191000,39(-2.74 %),570,22327000,190000,7459518000,169692351,22.3
12/12/2013,68210,2694897000,39.5(1.28 %),162820,6412504000,94610,3717607000,169624141,22.31
13/12/2013,43700,1732520000,39.2(-0.76 %),49000,1942900000,5300,210380000,169580441,22.32
16/12/2013,-196190,-7628919000,38.8(-1.02 %),13400,524590000,209590,8153509000,169776631,22.29
17/12/2013,-180920,-7009352000,39(0.52 %),33000,1286866000,213920,8296218000,169957551,22.27
18/12/2013,-32810,-1274358000,38.9(-0.26 %),4000,155250000,36810,1429608000,169990361,22.26
19/12/2013,-184650,-7184627000,38.8(-0.26 %),160,6208000,184810,7190835000,170175011,22.24
20/12/2013,-599610,-23188663000,38.7(-0.26 %),54600,2129264000,654210,25317927000,170774621,22.16
23/12/2013,-24300,-944872000,39.1(1.03 %),25600,998248000,49900,1943120000,170798921,22.15
24/12/2013,-3810,-148380000,38.6(-1.28 %),65300,2538325000,69110,2686705000,170802731,22.15
25/12/2013,7250,280275000,38.4(-0.52 %),7250,280275000,0,0,170795481,22.15
26/12/2013,0,0,38.5(0.26 %),0,0,0,0,170795481,22.15
27/12/2013,9700,374420000,38.3(-0.52 %),10000,386000000,300,11580000,170785781,22.15
30/12/2013,610,22036000,37.5(-2.09 %),11260,424958000,10650,402922000,170785171,22.15
31/12/2013,55000,2074368000,37.8(0.80 %),65000,2454368000,10000,380000000,170730171,22.16
02/01/2014,-18490,-698022000,37.8(0.00 %),3500,133000000,21990,831022000,170875501,22.14
03/01/2014,8100,306637000,37.9(0.26 %),25530,967234000,17430,660597000,170867401,22.14
06/01/2014,1800,68940000,38.3(1.06 %),1800,68940000,0,0,170865601,22.14
07/01/2014,-25700,-988590000,38.4(0.26 %),0,0,25700,988590000,170891301,22.14
08/01/2014,-36690,-1410276000,38.4(0.00 %),3730,143232000,40420,1553508000,170927991,22.13
09/01/2014,30580,1197046000,38.8(1.04 %),81580,3155446000,51000,1958400000,170897411,22.14
10/01/2014,6800,265560000,39.1(0.77 %),6800,265560000,0,0,170890611,22.14
13/01/2014,-1320,-51444000,38.7(-1.02 %),180,7056000,1500,58500000,170891931,22.14
14/01/2014,33540,1305958000,38.8(0.26 %),33540,1305958000,0,0,170858391,22.14
15/01/2014,51350,1993861000,38.8(0.00 %),52850,2051911000,1500,58050000,170807041,22.15
16/01/2014,60960,2361392000,38.7(-0.26 %),65960,2555392000,5000,194000000,170746081,22.16
17/01/2014,385190,15742757000,41.4(6.98 %),385190,15742757000,0,0,170360891,22.21
20/01/2014,169030,7457452000,44.2(6.76 %),179340,7912792000,10310,455340000,170191861,22.24
21/01/2014,424090,19725842000,47.2(6.79 %),839070,39012908000,414980,19287066000,169767771,22.29
22/01/2014,982810,47290977000,48(1.69 %),1349320,64897992000,366510,17607015000,168784961,22.43
23/01/2014,-123780,-5825655000,46(-4.17 %),230820,10932830000,354600,16758485000,168908741,22.41
24/01/2014,112120,5163728000,46(0.00 %),153410,7074106000,41290,1910378000,168796621,22.43
27/01/2014,66660,3080362000,46.5(1.09 %),211120,10021062000,144460,6940700000,168729961,22.43
06/02/2014,37920,1816932000,47.9(3.01 %),396510,18630526000,358590,16813594000,168046868,22.53
07/02/2014,50110,2378977000,46.3(-3.34 %),72470,3423471000,22360,1044494000,167996758,22.53
10/02/2014,-34260,-1571310000,46.3(0.00 %),66140,3044070000,100400,4615380000,168031018,22.53
11/02/2014,117580,5475887000,45.9(-0.86 %),117580,5475887000,0,0,167913438,22.55
12/02/2014,354530,16711091000,48.2(5.01 %),408530,19277391000,54000,2566300000,167558908,22.59
13/02/2014,116010,5621087000,48.1(-0.21 %),118940,5762377000,2930,141290000,167442898,22.61
14/02/2014,110440,5303474000,47.8(-0.62 %),112140,5385614000,1700,82140000,167332458,22.62
17/02/2014,68730,3248708000,47.5(-0.63 %),68830,3253448000,100,4740000,167263728,22.63
18/02/2014,95420,4553356000,47.8(0.63 %),116220,5537356000,20800,984000000,167168308,22.65
19/02/2014,156940,7566771000,48.1(0.63 %),159020,7666919000,2080,100148000,167011368,22.67
20/02/2014,39080,1859811000,46.1(-4.16 %),65350,3086216000,26270,1226405000,166972288,22.67
21/02/2014,34860,1599755000,46(-0.22 %),75500,3469751000,40640,1869996000,166937428,22.68
24/02/2014,46120,2128473000,46.3(0.65 %),69370,3196573000,23250,1068100000,166891308,22.68
25/02/2014,76020,3558928000,47.2(1.94 %),76020,3558928000,0,0,166815288,22.69
26/02/2014,97410,4606920000,47.4(0.42 %),100410,4749120000,3000,142200000,166717878,22.71
27/02/2014,204730,9780940000,46.6(-1.69 %),217030,10367270000,12300,586330000,166513148,22.74
28/02/2014,-34670,-1600905000,46.9(0.64 %),164250,7715465000,198920,9316370000,166547818,22.73
03/03/2014,4260,203311000,46.5(-0.85 %),80050,3781495000,75790,3578184000,166941672,22.68
04/03/2014,-38050,-1741148000,46(-1.08 %),67020,3077381000,105070,4818529000,166979722,22.67
05/03/2014,-66980,-3091085000,46.1(0.22 %),75020,3466599000,142000,6557684000,167046702,22.66
06/03/2014,36050,1667562000,46.3(0.43 %),160630,7425735000,124580,5758173000,167010652,24.46
07/03/2014,40870,1907134000,46.5(0.43 %),115150,5375157000,74280,3468023000,166969782,22.67
10/03/2014,53910,2545422000,47.5(2.15 %),142800,6724524000,88890,4179102000,166915872,22.68
11/03/2014,-101650,-4990024000,49.8(5.06 %),206520,9918921000,308170,14908945000,167017522,22.67
12/03/2014,-130580,-6679945000,51(2.41 %),86960,4503960000,217540,11183905000,167148102,22.65
13/03/2014,-134520,-6749687000,51(0.00 %),93000,4679511000,227520,11429198000,167282622,22.63
14/03/2014,-93550,-4670300000,49.7(-2.55 %),67800,3385300000,161350,8055600000,167376172,22.62
17/03/2014,-5540,-269694000,49.1(-1.21 %),35650,1757355000,41190,2027049000,167381712,22.62
18/03/2014,-50500,-2465350000,48.8(-0.61 %),1000,48700000,51500,2514050000,167432212,22.61
19/03/2014,-95430,-4672087000,48.8(0.00 %),0,0,95430,4672087000,167527642,22.6
20/03/2014,-86410,-4172473000,48.1(-1.43 %),200,9700000,86610,4182173000,167614052,24.37
21/03/2014,-1590550,-75881828000,47.5(-1.25 %),203350,9662245000,1793900,85544073000,169204602,24.13
24/03/2014,-63970,-3102723000,48.4(1.89 %),4850,235400000,68820,3338123000,169268572,24.12
25/03/2014,-108350,-5209419000,47.2(-2.48 %),28710,1390664000,137060,6600083000,169376922,24.11
26/03/2014,-257030,-11937623000,45.4(-3.81 %),24520,1154192000,281550,13091815000,169633952,24.07
27/03/2014,-205430,-9326266000,45.5(0.22 %),19750,899025000,225180,10225291000,169839382,24.04
28/03/2014,-47400,-2173550000,45.9(0.88 %),60000,2756754000,107400,4930304000,169886782,24.03
31/03/2014,-88760,-4028775000,45.1(-1.74 %),5590,255187000,94350,4283962000,169975542,24.02
01/04/2014,-124480,-5488016000,43.2(-4.21 %),8060,353596000,132540,5841612000,169834312,24.04
02/04/2014,-4070,-141532000,43.2(0.00 %),60950,2618180000,65020,2759712000,169838382,24.04
03/04/2014,14780,643289000,43.6(0.93 %),28720,1246120000,13940,602831000,169823602,24.04
04/04/2014,26000,1130397000,43.1(-1.15 %),62270,2709413000,36270,1579016000,169797602,24.05
07/04/2014,43970,1938620000,44.5(3.25 %),60420,2659625000,16450,721005000,169753632,24.05
08/04/2014,57650,2578241000,44.6(0.22 %),67670,3025418000,10020,447177000,169695982,24.06
10/04/2014,97650,4365507000,44.4(-0.45 %),107070,4786375000,9420,420868000,169598332,24.08
11/04/2014,86100,3782126000,43.8(-1.35 %),86100,3782126000,0,0,169512232,24.09
14/04/2014,63020,2750726000,43.3(-1.14 %),63020,2750726000,0,0,169449212,24.1
15/04/2014,95470,4103123000,42.3(-2.31 %),99170,4262993000,3700,159870000,169353742,24.11
16/04/2014,56980,2360689000,40.4(-4.49 %),63080,2614399000,6100,253710000,169296762,24.12
17/04/2014,17020,697048000,41.1(1.73 %),62360,2555806000,45340,1858758000,169279742,24.12
18/04/2014,250,8640000,39.6(-3.65 %),11600,466190000,11350,457550000,169279492,24.12
21/04/2014,82350,3205203000,38.6(-2.53 %),88750,3455519000,6400,250316000,169197142,24.14
22/04/2014,115020,4366044000,39(1.04 %),125580,4771245000,10560,405201000,169082122,24.15
23/04/2014,94830,3610141000,37.9(-2.82 %),100670,3836149000,5840,226008000,168987292,24.17
24/04/2014,-176760,-6640821000,37.3(-1.58 %),6390,238931000,183150,6879752000,169164052,24.14
25/04/2014,-31590,-1203667000,37.9(1.61 %),71210,2701703000,102800,3905370000,169195642,24.14
28/04/2014,-265180,-9924782000,37.1(-2.11 %),15500,578250000,280680,10503032000,169460822,24.1
29/04/2014,-78740,-2898570000,36.7(-1.08 %),20430,751466000,99170,3650036000,169539562,24.08
05/05/2014,-110550,-3892204000,34.7(-5.45 %),6730,245503000,117280,4137707000,169605905,24.08
06/05/2014,-17150,-575795000,33.7(-2.88 %),11600,384630000,28750,960425000,169623055,24.07
07/05/2014,116830,4079003000,36(6.82 %),138990,4853833000,22160,774830000,169506225,24.09
08/05/2014,24170,803863000,33.5(-6.94 %),96400,3229440000,72230,2425577000,169482055,24.09
09/05/2014,-108560,-3776601000,35(4.48 %),125340,4315314000,233900,8091915000,169590615,24.08
12/05/2014,-2140,-43883000,32.6(-6.86 %),117900,3935770000,120040,3979653000,169592755,24.08
13/05/2014,337280,11243231000,33.3(2.15 %),430000,14347023000,92720,3103792000,169255475,24.13
14/05/2014,268310,9330447000,35.6(6.91 %),565370,19800958000,297060,10470511000,168987165,24.17
15/05/2014,404980,14587115000,35.5(-0.28 %),444370,15993447000,39390,1406332000,168582185,24.23
16/05/2014,330550,12172674000,37.2(4.79 %),338440,12462094000,7890,289420000,168251635,24.27
19/05/2014,193470,7218385000,37.7(1.34 %),207470,7746864000,14000,528479000,168058165,24.3
20/05/2014,75950,2845865000,37.7(0.00 %),78950,2958965000,3000,113100000,167982215,24.31
21/05/2014,34300,1276996000,37.7(0.00 %),44940,1675508000,10640,398512000,167947915,24.32
22/05/2014,118990,4527956000,38(0.80 %),126350,4809040000,7360,281084000,167828925,24.34
23/05/2014,130850,4972477000,37.8(-0.53 %),140620,5341783000,9770,369306000,167698075,24.36
26/05/2014,184550,7122935000,39.3(3.97 %),184550,7122935000,0,0,167513525,24.38
27/05/2014,240630,9790156000,41.9(6.62 %),245630,9996156000,5000,206000000,167272895,24.42
28/05/2014,272650,11377198000,42.2(4.71 %),320800,13387583000,48150,2010385000,167000245,24.46
29/05/2014,180600,7555612000,40.7(-3.55 %),181100,7576612000,500,21000000,166819645,24.48
30/05/2014,161950,6561012000,40.5(-0.49 %),164590,6667932000,2640,106920000,166657695,24.51
02/06/2014,70160,2849711000,39.3(-2.96 %),105160,4226712000,35000,1377001000,167101175,24.44
03/06/2014,78520,3114879000,39.7(1.02 %),80420,3189739000,1900,74860000,167022655,24.45
04/06/2014,6110,235189000,38.1(-4.03 %),6970,268815000,860,33626000,167016545,24.46
05/06/2014,-30890,-1158760000,37.5(-1.57 %),620,22980000,31510,1181740000,167047435,24.45
06/06/2014,-31370,-1189530000,39(4.00 %),1100,42145000,32470,1231675000,167078805,24.45
09/06/2014,50270,2002121000,39.8(2.05 %),52870,2105626000,2600,103505000,167028535,24.45
10/06/2014,116910,4603945000,39.3(-1.26 %),122350,4817986000,5440,214041000,166911625,24.47
11/06/2014,69040,2722787000,39.6(0.76 %),186940,7389212000,117900,4666425000,166842585,24.48
12/06/2014,112700,4465960000,39.6(0.00 %),131870,5225392000,19170,759432000,166729885,24.5
13/06/2014,92140,3691033000,40.3(1.77 %),104640,4191583000,12500,500550000,166637745,24.51
16/06/2014,17000,682684000,40.1(-0.50 %),142750,5749786000,125750,5067102000,166620745,24.51
17/06/2014,-15600,-622382000,39.8(-0.75 %),11460,457459000,27060,1079841000,166636345,24.51
18/06/2014,-17690,-702736000,39.3(-1.26 %),11200,441552000,28890,1144288000,166654035,24.51
19/06/2014,-2630,-99428000,39.3(0.00 %),205400,7994951000,208030,8094379000,166656665,24.51
20/06/2014,404020,15958525000,39.5(0.51 %),745510,29435415000,341490,13476890000,166252645,24.57
23/06/2014,62260,2459161000,39.5(0.00 %),62260,2459161000,0,0,166190385,24.58
24/06/2014,91410,3617175000,39.9(1.01 %),93050,3682611000,1640,65436000,166098975,24.59
25/06/2014,89720,3594121000,40.2(0.75 %),90720,3634021000,1000,39900000,166009255,24.6
26/06/2014,138360,5741143000,41.8(3.98 %),157250,6521087000,18890,779944000,165870895,24.62
27/06/2014,31240,1296938000,41.3(-1.20 %),31240,1296938000,0,0,165839655,24.63
30/06/2014,28400,1171119000,41(-0.73 %),30600,1261919000,2200,90800000,165811255,24.63
01/07/2014,32030,1323069000,41.3(0.73 %),32270,1333017000,240,9948000,165844202,24.63
02/07/2014,-14820,-606082000,41.3(0.00 %),29500,1224100000,44320,1830182000,165859022,24.63
03/07/2014,-4060,-168062000,41.6(0.73 %),0,0,4060,168062000,165863082,24.63
04/07/2014,25500,1074050000,42.9(3.12 %),38000,1606700000,12500,532650000,165837582,24.63
07/07/2014,1630,72402000,43.5(1.40 %),8400,368251000,6770,295849000,165835952,24.63
08/07/2014,-9000,-389765000,43.2(-0.69 %),0,0,9000,389765000,165844952,24.63
09/07/2014,-35790,-1550862000,43.3(0.23 %),38400,1659755000,74190,3210617000,165880742,24.62
10/07/2014,-13940,-585020000,42(-3.00 %),1640,68880000,15580,653900000,165812112,24.63
11/07/2014,2040,85577000,41.3(-1.67 %),4040,168177000,2000,82600000,165813202,0.0
14/07/2014,7840,326080000,41.5(0.48 %),7840,326080000,0,0,165805362,24.63
15/07/2014,-5650,-236497000,41.9(0.96 %),6000,252648000,11650,489145000,165811012,24.63
16/07/2014,27660,1167750000,42.2(0.72 %),27660,1167750000,0,0,165870472,0.0
17/07/2014,10350,431665000,42(-0.47 %),18830,787521000,8480,355856000,165860122,24.63
18/07/2014,114660,4843257000,42.6(1.43 %),118260,4994058000,3600,150801000,165853642,24.63
21/07/2014,62160,2644772000,42.5(-0.23 %),62160,2644772000,0,0,165747032,24.64
22/07/2014,-5700,-239542000,42(-1.18 %),0,0,5700,239542000,165684872,0.0
23/07/2014,6800,283580000,42(0.00 %),10300,430030000,3500,146450000,165693352,24.65
24/07/2014,101770,4314258000,42.5(1.19 %),104770,4441158000,3000,126900000,165581882,0.0
25/07/2014,120530,5202649000,42.7(0.47 %),122530,5288679000,2000,86030000,165459352,0.0
28/07/2014,-1940,-80534000,41.1(-3.75 %),0,0,1940,80534000,165465052,0.0
29/07/2014,45890,1909172000,42(2.19 %),45890,1909172000,0,0,165422662,0.0
30/07/2014,-3200,-131700000,41(-2.38 %),0,0,3200,131700000,165425662,0.0
31/07/2014,3960,170146000,42.2(2.93 %),9860,412316000,5900,242170000,165417802,0.0
01/08/2014,248330,10640276000,42.5(0.71 %),265000,11351157000,16670,710881000,165155002,0.0
04/08/2014,238590,10412539000,43.9(3.29 %),243890,10644089000,5300,231550000,164910852,0.0
05/08/2014,17580,772834000,44(0.23 %),23080,1014664000,5500,241830000,164890972,0.0
06/08/2014,119140,5276587000,43.1(-2.05 %),123560,5471433000,4420,194846000,164896872,24.77
07/08/2014,-46090,-1977336000,43.2(0.23 %),7170,308529000,53260,2285865000,164942962,24.76
08/08/2014,-18180,-776607000,42.6(-1.39 %),10070,430757000,28250,1207364000,164778042,0.0
11/08/2014,-53620,-2261049000,41.8(-1.88 %),7000,295400000,60620,2556449000,164776542,0.0
12/08/2014,-53550,-2235266000,41.7(-0.24 %),1500,63600000,55050,2298866000,164779462,0.0
13/08/2014,-23850,-1001768000,42(0.72 %),0,0,23850,1001768000,164832722,0.0
14/08/2014,-71170,-2984882000,42.2(0.48 %),9240,388428000,80410,3373310000,164860972,24.77
15/08/2014,-19540,-820329000,41.9(-0.71 %),2500,105000000,22040,925329000,164912352,24.76
18/08/2014,14790,626542000,42.5(1.43 %),44480,1887428000,29690,1260886000,164920422,0.0
19/08/2014,55900,2377338000,42.5(0.00 %),58900,2504838000,3000,127500000,164885372,0.0
20/08/2014,4010,171135000,42.7(0.47 %),16510,704985000,12500,533850000,164949272,0.0
21/08/2014,62200,2662655000,42.8(0.23 %),64950,2779905000,2750,117250000,164906362,0.0
22/08/2014,11660,500910000,42.7(-0.23 %),12960,556810000,1300,55900000,164936052,24.76
25/08/2014,47630,2048204000,42.8(0.23 %),52630,2263204000,5000,215000000,164926092,24.76
26/08/2014,52120,2298417000,44.4(3.74 %),122410,5371095000,70290,3072678000,164885962,24.77
27/08/2014,41740,1840532000,44.3(-0.23 %),52000,2290401000,10260,449869000,164766302,24.79
28/08/2014,82750,3656930000,44.3(0.00 %),82750,3656930000,0,0,164715602,24.79
29/08/2014,141360,6243907000,44.3(0.00 %),141360,6243907000,0,0,164496492,0.0
03/09/2014,135800,6243649000,46.3(4.51 %),149970,6899042000,14170,655393000,164566782,24.82
04/09/2014,86950,3997356000,45.8(-1.08 %),87080,4003344000,130,5988000,164339992,0.0
05/09/2014,101320,4681275000,45.9(0.22 %),110430,5101735000,9110,420460000,164229562,0.0
08/09/2014,99320,4593727000,46.4(1.09 %),101320,4686327000,2000,92600000,164229562,24.87
09/09/2014,116660,5354135000,45.5(-1.94 %),116720,5356919000,60,2784000,164142412,24.88
10/09/2014,110650,5044001000,46.4(1.98 %),112650,5136001000,2000,92000000,163913172,0.0
11/09/2014,56140,2583930000,46(-0.86 %),77240,3554530000,21100,970600000,163845042,0.0
12/09/2014,76090,3512247000,46.4(0.87 %),76090,3512247000,0,0,163770952,0.0
15/09/2014,-36610,-1661147000,45.1(-2.80 %),8000,361550000,44610,2022697000,163771012,24.93
16/09/2014,-313560,-13493887000,42.7(-5.32 %),14740,636340000,328300,14130227000,163750272,0.0
17/09/2014,-37610,-1639567000,43.9(2.81 %),78170,3411109000,115780,5050676000,163693202,0.0
18/09/2014,-46730,-2012190000,42.7(-2.73 %),75950,3290867000,122680,5303057000,163617252,0.0
19/09/2014,-2186630,-88255104000,40(-6.32 %),802070,32482703000,2988700,120737807000,162859792,0.0
22/09/2014,-87580,-3565958000,40.2(0.50 %),340,14280000,87920,3580238000,163187752,0.0
23/09/2014,5070,209823000,41(1.99 %),20570,843360000,15500,633537000,163281472,0.0
24/09/2014,-440260,-17676529000,39.8(-2.93 %),10000,404000000,450260,18080529000,163721732,24.94
25/09/2014,-34770,-1375831000,40.3(1.26 %),28230,1134269000,63000,2510100000,163756502,24.93
26/09/2014,96910,3949751000,40.8(1.24 %),108910,4438251000,12000,488500000,163659592,24.95
29/09/2014,2600,105624000,40.4(-0.98 %),22700,921160000,20100,815536000,166326432,0.0
30/09/2014,23170,945670000,40.2(-0.50 %),60690,2465980000,37520,1520310000,166716002,0.0
01/10/2014,-77620,-3138600000,40.3(0.25 %),9580,387670000,87200,3526270000,166769422,0.0
02/10/2014,-3040,-99410000,41.2(2.23 %),53210,2180650000,56250,2280060000,166728212,0.0
03/10/2014,-55880,-2298463000,41(-0.49 %),10000,410000000,65880,2708463000,166738312,0.0
06/10/2014,-200,-8300000,41.2(0.49 %),800,32800000,1000,41100000,166775032,0.0
07/10/2014,-104780,-4295557000,41(-0.49 %),1220,49920000,106000,4345477000,166861012,0.0
08/10/2014,8500,346950000,40.8(-0.49 %),8500,346950000,0,0,166908762,0.0
09/10/2014,-36700,-1505700000,40.9(0.25 %),10000,410500000,46700,1916200000,166964642,0.0
10/10/2014,-7010,-283207000,40.4(-1.22 %),0,0,7010,283207000,166965642,0.0
13/10/2014,-106440,-4282399000,40.2(-0.50 %),500,20100000,106940,4302499000,167072082,24.45
14/10/2014,17700,711160000,40(-0.50 %),17700,711160000,0,0,167054382,24.45
15/10/2014,-88790,-3533858000,39.8(-0.50 %),5500,219900000,94290,3753758000,167143172,24.44
16/10/2014,-244100,-9585308000,39.2(-1.51 %),5820,229556000,249920,9814864000,167387272,24.4
17/10/2014,-195370,-7629184000,38.8(-1.02 %),0,0,195370,7629184000,167582642,24.37
20/10/2014,-49880,-1956864000,39.1(0.77 %),3000,117600000,52880,2074464000,167632522,24.37
21/10/2014,-83700,-3257009000,39.1(0.00 %),48500,1890950000,132200,5147959000,167716222,24.35
22/10/2014,-26260,-1031518000,39.2(0.26 %),26620,1045866000,52880,2077384000,167742482,24.35
23/10/2014,-42000,-1631201000,38.8(-1.02 %),24510,952378000,66510,2583579000,167784482,24.34
24/10/2014,-42420,-1629191000,38.4(-1.03 %),2800,108040000,45220,1737231000,167826902,24.34
27/10/2014,-87870,-3316778000,37.1(-3.39 %),5830,219779000,93700,3536557000,167914772,24.32
29/10/2014,-336700,-12681397000,37.7(0.53 %),59730,2251848000,396430,14933245000,168251472,24.27
30/10/2014,-25510,-964029000,37.7(0.00 %),59820,2261034000,85330,3225063000,168276982,24.27
31/10/2014,-21420,-828193000,38.8(2.92 %),61730,2381972000,83150,3210165000,168298402,24.27
03/11/2014,-117560,-4601603000,38.9(0.26 %),65950,2579079000,183510,7180682000,167900572,24.33
04/11/2014,-56920,-2193348000,38.4(-1.29 %),300,11610000,57220,2204958000,167957492,24.32
05/11/2014,-55000,-2105573000,38.1(-0.78 %),29600,1133080000,84600,3238653000,168012492,24.31
06/11/2014,-127770,-4875217000,38.1(0.00 %),40070,1529704000,167840,6404921000,168140262,24.29
07/11/2014,-45780,-1747370000,38.2(0.26 %),42330,1614173000,88110,3361543000,168186042,24.28
10/11/2014,-68670,-2644261000,38.3(0.26 %),26000,1004533000,94670,3648794000,168254712,24.27
11/11/2014,-47500,-1833124000,38.5(0.52 %),57000,2212409000,104500,4045533000,168302212,24.27
12/11/2014,-69310,-2679146000,38.8(0.78 %),3060,117810000,72370,2796956000,168371522,24.26
13/11/2014,-42000,-1629368000,38.7(-0.26 %),65000,2521500000,107000,4150868000,168413522,24.25
14/11/2014,43510,1674937000,38.6(-0.26 %),58200,2240661000,14690,565724000,168370012,24.26
17/11/2014,47310,1825866000,38.6(0.00 %),102500,3958800000,55190,2132934000,168322702,24.26
18/11/2014,-77790,-2976466000,38.1(-1.30 %),0,0,77790,2976466000,168400492,24.25
19/11/2014,-74140,-2820456000,37.8(-0.79 %),400,15180000,74540,2835636000,168474632,24.24
20/11/2014,-105230,-3982930000,38(0.53 %),44770,1695580000,150000,5678510000,168970762,0.0
21/11/2014,35030,1327060000,37.8(-0.53 %),95030,3608200000,60000,2281140000,168930922,0.0
24/11/2014,7220,272930000,37.6(-0.53 %),64360,2424140000,57140,2151210000,168944352,0.0
25/11/2014,-151250,-5670800000,37.3(-0.80 %),101750,3830580000,253000,9501380000,168917142,0.0
26/11/2014,-79280,-2917770000,36.5(-2.14 %),152650,5698770000,231930,8616540000,168914492,0.0
27/11/2014,-15800,-579370000,36.7(0.55 %),10200,372850000,26000,952220000,168964292,0.0
28/11/2014,21080,775800000,36.6(-0.27 %),33300,1226280000,12220,450480000,168988132,0.0
01/12/2014,94570,3556720000,37.9(3.55 %),146800,5498930000,52230,1942210000,169094332,0.0
02/12/2014,38030,1446630000,38(0.26 %),160000,6051050000,121970,4604420000,169166278,0.0
03/12/2014,22000,835950000,37.3(-1.84 %),62000,2354000000,40000,1518050000,169130278,0.0
04/12/2014,-19450,-730350000,37.5(0.54 %),550,20630000,20000,750980000,169141948,0.0
05/12/2014,51260,1936550000,37.5(0.00 %),56440,2130800000,5180,194250000,169137738,0.0
08/12/2014,20000,745900000,37.3(-0.53 %),120000,4495900000,100000,3750000000,169233708,0.0
09/12/2014,31710,1174190000,36.5(-2.14 %),32520,1203760000,810,29570000,169241188,0.0
10/12/2014,-6330,-229120000,37.3(2.19 %),21600,792970000,27930,1022090000,169239588,0.0
11/12/2014,-35510,-1302730000,36.6(-1.88 %),51400,1892280000,86910,3195010000,169193368,0.0
12/12/2014,6890,256893000,37.1(1.37 %),22400,826511000,15510,569618000,169186478,24.14
15/12/2014,-208770,-7601670000,36.1(-2.70 %),12500,454750000,221270,8056420000,169165278,0.0
16/12/2014,-74620,-2628920000,35(-3.05 %),5000,180000000,79620,2808920000,169188208,0.0
17/12/2014,22460,754700000,34.1(-2.57 %),213600,7380850000,191140,6626150000,169061518,0.0
18/12/2014,-424910,-14265460000,33(-3.23 %),136590,4606780000,561500,18872240000,168940438,0.0
19/12/2014,-1354080,-42337640000,30.7(-6.97 %),329310,10375360000,1683390,52713000000,168832398,0.0
22/12/2014,-2900,-86401000,32.8(6.84 %),8300,269601000,11200,356002000,168835298,24.19
23/12/2014,-162570,-5553880000,33.5(2.13 %),47520,1621480000,210090,7175360000,169047338,0.0
24/12/2014,-92480,-3020440000,32(-4.48 %),6440,210800000,98920,3231240000,169602398,0.0
25/12/2014,3860,120820000,31.6(-1.25 %),3860,120820000,0,0,171281928,0.0
26/12/2014,104570,3336837000,31.7(0.32 %),104570,3336837000,0,0,171177358,23.84
29/12/2014,292000,9188118000,30.7(-3.15 %),292000,9188118000,0,0,170885358,23.89
30/12/2014,65190,1981110000,30.4(-0.98 %),80270,2438218000,15080,457108000,170820168,23.9
31/12/2014,58690,1861633000,32(5.26 %),58690,1861633000,0,0,170761478,23.91
05/01/2015,-81000,-2726644000,33.3(4.06 %),162060,5413312000,243060,8139956000,170904548,23.88
06/01/2015,-160040,-5318929000,33.4(0.30 %),72860,2414770000,232900,7733699000,171064588,23.86
07/01/2015,102910,3545318000,34.1(2.10 %),995560,34117792000,892650,30572474000,170961678,23.88
08/01/2015,-31360,-1084173000,34.1(0.00 %),159390,5456326000,190750,6540499000,170993038,23.87
09/01/2015,-9160,-332524000,35(2.64 %),243740,8492601000,252900,8825125000,171002198,23.87
12/01/2015,43660,1546559000,35.7(2.00 %),678660,24238101000,635000,22691542000,170958538,23.88
13/01/2015,-92460,-3266115000,35.2(-1.40 %),297540,10509008000,390000,13775123000,171050998,23.86
14/01/2015,-124000,-4315722000,34.6(-1.70 %),26000,898100000,150000,5213822000,171174998,23.84
15/01/2015,-200060,-6821316000,34(-1.73 %),200,6780000,200260,6828096000,171375058,23.82
16/01/2015,-96020,-3244808000,35(2.94 %),311000,10882026000,407020,14126834000,171471078,23.8
19/01/2015,130000,4583613000,34.8(-0.57 %),300000,10570398000,170000,5986785000,171341078,23.82
20/01/2015,194380,6787849000,35(0.57 %),350000,12238203000,155620,5450354000,171146698,23.85
21/01/2015,100000,3515860000,35.1(0.29 %),350000,12299434000,250000,8783574000,171046698,23.86
22/01/2015,109800,3838131000,35.2(0.28 %),300800,10542098000,191000,6703967000,170936898,23.88
23/01/2015,-52560,-1844108000,35.2(0.00 %),635600,22306900000,688160,24151008000,170989458,23.87
26/01/2015,-18900,-667280000,34.8(-1.14 %),1100,38720000,20000,706000000,171008358,23.87
27/01/2015,177600,6176188000,34.6(-0.57 %),308100,10748118000,130500,4571930000,170830758,23.9
28/01/2015,-42970,-1562821000,35.8(3.47 %),157030,5564744000,200000,7127565000,170873728,23.89
29/01/2015,0,0,35(-2.23 %),0,0,0,0,170873728,23.89
30/01/2015,109670,3888476000,34.5(-1.43 %),110600,3920990000,930,32514000,170764058,23.91
02/02/2015,-184420,-6385560000,34.1(-1.16 %),5620,193952000,190040,6579512000,170815653,23.9
03/02/2015,303570,10439457000,34.5(1.17 %),414090,14251124000,110520,3811667000,170512083,23.94
04/02/2015,199990,7107237000,36(4.35 %),599860,21141730000,399870,14034493000,170312093,23.97
05/02/2015,169260,6253375000,36.8(2.22 %),300350,11064864000,131090,4811489000,170142833,24.0
06/02/2015,180580,6752254000,37.7(2.45 %),180730,6757864000,150,5610000,169962253,24.02
09/02/2015,312000,11785629000,37.9(0.53 %),679270,25692754000,367270,13907125000,169650253,24.07
10/02/2015,308270,11811208000,38.5(1.58 %),343740,13172003000,35470,1360795000,169341983,24.11
11/02/2015,123200,4799707000,39(1.30 %),128200,4994707000,5000,195000000,169218783,24.13
12/02/2015,277550,10892012000,39.5(1.28 %),297050,11660312000,19500,768300000,168941233,24.17
13/02/2015,415340,16566061000,39.7(0.51 %),445480,17774451000,30140,1208390000,168525893,24.23
24/02/2015,239980,9544038000,39.8(0.25 %),244780,9735178000,4800,191140000,168285913,24.27
25/02/2015,90840,3617586000,38.6(-3.02 %),96420,3842286000,5580,224700000,168195073,24.28
26/02/2015,4080,161062000,38.1(-1.30 %),71780,2756982000,67700,2595920000,168190993,24.28
27/02/2015,-138880,-5210853000,37.5(-1.57 %),92730,3523726000,231610,8734579000,168329873,24.26
02/03/2015,-27190,-1030184000,37.6(0.27 %),72810,2747823000,100000,3778007000,168475085,24.24
03/03/2015,-34510,-1311781000,38.5(2.39 %),116490,4439773000,151000,5751554000,168509595,24.24
04/03/2015,50620,1946677000,38.7(0.52 %),360820,13891817000,310200,11945140000,168458975,24.24
05/03/2015,86740,3331327000,38.1(-1.55 %),591000,22695752000,504260,19364425000,168372235,24.26
06/03/2015,-52570,-1987698000,37.7(-1.05 %),174300,6571810000,226870,8559508000,168424805,24.25
09/03/2015,-84700,-3159835000,37.1(-1.59 %),121390,4493195000,206090,7653030000,168509505,24.24
10/03/2015,-22020,-811498000,37.1(0.00 %),7390,272539000,29410,1084037000,168531525,24.23
11/03/2015,-125710,-4687673000,37.3(0.54 %),42000,1553400000,167710,6241073000,168657235,24.21
12/03/2015,-20020,-749045000,37.8(1.34 %),243090,9074961000,263110,9824006000,168677255,24.21
13/03/2015,-33930,-1278011000,37.5(-0.79 %),3000,113400000,36930,1391411000,168711185,24.21
16/03/2015,52390,1935999000,37(-1.33 %),98860,3657820000,46470,1721821000,168658795,24.21
17/03/2015,30910,1146402000,37.2(0.54 %),248780,9217020000,217870,8070618000,168627885,24.22
18/03/2015,56160,2084238000,37.1(-0.27 %),58160,2158642000,2000,74404000,168571725,24.23
19/03/2015,-151980,-5532990000,36.2(-2.43 %),400,14530000,152380,5547520000,168723705,24.2
20/03/2015,123570,4618489000,37.5(3.59 %),235540,8811454000,111970,4192965000,168600135,24.22
23/03/2015,153970,5681306000,36.8(-1.87 %),491080,18115421000,337110,12434115000,168446165,24.25
24/03/2015,139850,5078980000,36.6(-0.54 %),271400,9859708000,131550,4780728000,168306315,24.27
25/03/2015,139850,5078980000,36.1(-1.37 %),271400,9859708000,131550,4780728000,168166465,24.29
26/03/2015,-75620,-2705984000,35.6(-1.39 %),195280,6962069000,270900,9668053000,168242085,24.28
27/03/2015,-141210,-4920601000,34.4(-3.37 %),190090,6546120000,331300,11466721000,168383295,24.25
30/03/2015,-108910,-3688540000,33.2(-3.49 %),11340,380252000,120250,4068792000,168492205,24.24
31/03/2015,110250,3736596000,34.2(3.01 %),112450,3811396000,2200,74800000,168381955,24.26
01/04/2015,9340,307390000,33(-3.51 %),16580,551368000,7240,243978000,168319742,24.26
02/04/2015,150910,5169994000,35.3(6.97 %),150910,5169994000,0,0,168168832,24.29
03/04/2015,5350,189665000,34.5(-2.27 %),5350,189665000,0,0,168163482,24.29
06/04/2015,-120050,-4081124000,33.6(-2.61 %),750,25755000,120800,4106879000,168283532,24.27
07/04/2015,-193010,-6487515000,34(1.19 %),0,0,193010,6487515000,168476542,24.24
08/04/2015,-201050,-6757167000,33.5(-1.47 %),10000,340000000,211050,7097167000,168677592,24.21
09/04/2015,-6780,-225552000,33.9(1.19 %),19670,667003000,26450,892555000,168684372,24.21
10/04/2015,55700,1916752000,34.1(0.59 %),55700,1916752000,0,0,168628672,24.22
13/04/2015,72670,2508815000,34.6(1.47 %),73670,2543015000,1000,34200000,168556002,24.23
14/04/2015,48820,1692607000,34.5(-0.29 %),52450,1818087000,3630,125480000,168507182,24.24
15/04/2015,103020,3573979000,35(1.45 %),107330,3723433000,4310,149454000,168404162,24.25
16/04/2015,-14430,-512893000,35.6(1.71 %),143440,5121129000,157870,5634022000,168418592,24.25
17/04/2015,96530,3427920000,35.3(-0.84 %),100300,3561854000,3770,133934000,168322062,24.26
20/04/2015,55900,1966340000,35.3(0.00 %),75900,2668300000,20000,701960000,168266162,24.27
21/04/2015,48590,1713532000,35.1(-0.57 %),70290,2477259000,21700,763727000,168217572,24.28
22/04/2015,77780,2723221000,35(-0.28 %),97780,3423621000,20000,700400000,168139792,24.29
23/04/2015,63990,2265309000,35.4(1.14 %),69990,2475309000,6000,210000000,168075802,24.3
24/04/2015,110970,3931127000,35.3(-0.28 %),130970,4640559000,20000,709432000,167964832,24.32
27/04/2015,132570,4687678000,35.4(0.28 %),165170,5839468000,32600,1151790000,167832262,24.34
04/05/2015,56260,1946428000,33.9(-4.24 %),126570,4380595000,70310,2434167000,168052086,24.3
05/05/2015,101190,3485354000,34.9(2.95 %),122190,4214354000,21000,729000000,167950896,24.32
06/05/2015,-9920,-334436000,34(-2.58 %),70080,2398180000,80000,2732616000,167960816,24.32
07/05/2015,-16790,-571333000,34(0.00 %),71480,2432967000,88270,3004300000,167977606,24.31
08/05/2015,34750,1197799000,34.4(1.18 %),83050,2861579000,48300,1663780000,167942856,24.32
11/05/2015,49900,1721479000,34.3(-0.29 %),153460,5290489000,103560,3569010000,167892956,24.33
12/05/2015,-111480,-3755151000,33.5(-2.33 %),5360,182248000,116840,3937399000,168004436,24.31
13/05/2015,-32680,-1098592000,33.5(0.00 %),151410,5081903000,184090,6180495000,168037116,24.31
14/05/2015,-34470,-1155778000,33.4(-0.30 %),10530,352775000,45000,1508553000,168071586,24.3
15/05/2015,5000,167500000,33.2(-0.60 %),5000,167500000,0,0,168066586,24.3
18/05/2015,4150,137140000,32.6(-1.81 %),4650,153440000,500,16300000,168062436,24.3
19/05/2015,73630,2445805000,33.3(2.15 %),73630,2445805000,0,0,167988806,24.31
20/05/2015,28850,979200000,34.3(3.00 %),28850,979200000,0,0,167959956,24.32
21/05/2015,48760,1709077000,34.8(4.50 %),118960,4087937000,70200,2378860000,167911196,24.32
22/05/2015,155570,5474845000,35.6(2.30 %),157570,5543445000,2000,68600000,167755626,24.35
25/05/2015,27480,972637000,34.8(-2.25 %),30030,1062862000,2550,90225000,167728146,24.35
26/05/2015,353360,12735312000,36.4(4.60 %),353360,12735312000,0,0,167374786,24.4
27/05/2015,191290,6988905000,36.5(0.27 %),191290,6988905000,0,0,167183496,24.43
28/05/2015,152480,5624708000,37(1.37 %),152480,5624708000,0,0,167031016,24.45
29/05/2015,132980,4889481000,36.7(-0.81 %),251610,9227158000,118630,4337677000,166898036,24.47
01/06/2015,-27220,-966541000,35.6(-3.00 %),72780,2629985000,100000,3596526000,166835537,24.48
02/06/2015,53110,1911703000,35.4(-0.56 %),70830,2549453000,17720,637750000,166782427,24.49
03/06/2015,-138920,-4880636000,35(-1.13 %),97150,3408710000,236070,8289346000,166921347,24.47
04/06/2015,-39940,-1408724000,35.4(1.14 %),67000,2366667000,106940,3775391000,166961287,24.46
05/06/2015,-28920,-1026844000,35.9(1.41 %),2340,81900000,31260,1108744000,166990207,24.46
08/06/2015,-186410,-6603154000,35.3(-1.67 %),5000,176500000,191410,6779654000,167176617,24.43
09/06/2015,14580,506871000,35.3(0.00 %),89970,3152400000,75390,2645529000,167162037,24.43
10/06/2015,-17940,-625550000,35.1(-0.57 %),151400,5314640000,169340,5940190000,167179977,24.43
11/06/2015,166900,6000013000,36.2(3.13 %),198800,7131302000,31900,1131289000,167013077,24.46
12/06/2015,129930,4753751000,36.8(1.66 %),130730,4783071000,800,29320000,166883147,24.48
15/06/2015,108140,3989094000,37(0.54 %),110170,4064028000,2030,74934000,166775007,24.49
16/06/2015,78460,2881849000,36.5(-1.35 %),224960,8252571000,146500,5370722000,166696547,24.5
17/06/2015,98560,3605599000,37(1.37 %),201760,7405514000,103200,3799915000,166597987,24.52
18/06/2015,130630,4939443000,38(2.70 %),358270,13515874000,227640,8576431000,166467357,24.54
19/06/2015,416110,16176832000,39(2.63 %),1074670,41847024000,658560,25670192000,166051247,24.6
22/06/2015,84530,3239365000,38.5(-1.28 %),205070,7858956000,120540,4619591000,165966717,24.61
23/06/2015,190850,7426375000,39.1(1.56 %),236850,9212275000,46000,1785900000,165775867,24.64
24/06/2015,85370,3317909000,38.9(-0.51 %),85470,3321799000,100,3890000,165690497,24.65
25/06/2015,60130,2312505000,38.4(-1.29 %),65330,2512745000,5200,200240000,165630367,24.66
26/06/2015,133940,5106570000,38(-1.04 %),135670,5172902000,1730,66332000,165496427,24.68
29/06/2015,302670,11920635000,39.4(3.68 %),318770,12549455000,16100,628820000,165193757,24.72
30/06/2015,779210,31868037000,41(4.06 %),807620,33029786000,28410,1161749000,164414547,24.84
01/07/2015,-31720,-1280114000,40.5(-1.22 %),143170,5802185000,174890,7082299000,164443780,24.83
02/07/2015,80130,3424226000,43(6.17 %),200780,8359600000,120650,4935374000,164363650,24.85
03/07/2015,324790,14420134000,45.5(5.81 %),329730,14639106000,4940,218972000,164038860,24.89
06/07/2015,182700,8670275000,48.6(6.81 %),387000,18497025000,204300,9826750000,163856160,24.92
07/07/2015,226760,11794291000,52(7.00 %),381520,19750665000,154760,7956374000,163629400,24.95
08/07/2015,661930,36652515000,55(5.77 %),1005050,55603075000,343120,18950560000,162967470,25.05
09/07/2015,165140,9276670000,54.5(-0.91 %),609961,33680001000,444821,24403331000,162802330,25.08
10/07/2015,162620,9344750000,58(6.42 %),460710,26422495000,298090,17077745000,162639710,25.1
13/07/2015,149620,9247405000,62(6.90 %),162660,10054845000,13040,807440000,162490090,25.12
14/07/2015,102480,6726145000,66(6.45 %),682190,44913915000,579710,38187770000,162387610,25.14
15/07/2015,93240,6098405000,62(-6.06 %),289250,18836345000,196010,12737940000,162294370,25.15
16/07/2015,-97450,-6019400000,63(1.61 %),206830,12947180000,304280,18966580000,162391820,25.14
17/07/2015,46660,2952605000,64.5(2.38 %),251680,16113285000,205020,13160680000,162345160,25.14
20/07/2015,41630,2549980000,61(-5.43 %),130980,8060825000,89350,5510845000,162303530,25.15
21/07/2015,79210,4536415000,57(-6.56 %),186360,10747710000,107150,6211295000,162224320,25.16
22/07/2015,-731250,-39237740000,54(-5.26 %),303850,16389271000,1035100,55627011000,162955570,25.05
23/07/2015,-156150,-8896875000,57.5(6.48 %),8900,506800000,165050,9403675000,163111720,25.03
24/07/2015,-4780,-274750000,56(-2.61 %),60020,3399850000,64800,3674600000,163116500,25.03
27/07/2015,-279150,-14973130000,54(-3.57 %),133120,7169771000,412270,22142901000,163395650,24.99
28/07/2015,-116710,-6233190000,52(-3.70 %),225800,12027150000,342510,18260340000,163512360,24.97
29/07/2015,-106130,-5591410000,52(0.00 %),49840,2615880000,155970,8207290000,163618490,24.96
30/07/2015,-34980,-1801160000,55(5.77 %),117560,6344690000,152540,8145850000,163653470,24.95
31/07/2015,-45080,-2388310000,52.5(-4.55 %),4300,236200000,49380,2624510000,163698550,24.94
03/08/2015,-68580,-3378390000,48.9(-6.86 %),100930,4958780000,169510,8337170000,163460868,24.98
04/08/2015,-238430,-11157210000,46(-5.93 %),5820,272610000,244250,11429820000,163699298,24.94
05/08/2015,26770,1282490000,48(4.35 %),71500,3400390000,44730,2117900000,163672528,24.95
06/08/2015,-80200,-3755140000,46.8(-2.50 %),16600,787300000,96800,4542440000,163752728,24.94
07/08/2015,30010,1411250000,47.1(0.64 %),31010,1457750000,1000,46500000,163722718,24.94
10/08/2015,6350,303740000,50(6.16 %),7070,338370000,720,34630000,163716368,24.94
11/08/2015,34490,1805600000,52(4.00 %),37340,1953530000,2850,147930000,163681878,24.95
12/08/2015,-90400,-4567320000,51(-1.92 %),109610,5648660000,200010,10215980000,163772278,24.93
13/08/2015,-116030,-5695570000,48(-5.88 %),57520,2827040000,173550,8522610000,163888308,24.92
14/08/2015,-136050,-6615890000,48.8(1.67 %),59970,2901990000,196020,9517880000,164024358,24.9
17/08/2015,-97210,-4663360000,47(-3.69 %),40140,1921990000,137350,6585350000,164121568,24.88
18/08/2015,110420,5320670000,49.5(5.32 %),136260,6564010000,25840,1243340000,164011148,24.9
19/08/2015,-38000,-1887700000,49.5(0.00 %),15500,763190000,53500,2650890000,164049148,24.89
20/08/2015,-70860,-3495690000,48.4(-2.22 %),52500,2597400000,123360,6093090000,164120008,24.88
21/08/2015,-183510,-8678190000,47(-2.89 %),86530,4094940000,270040,12773130000,164303518,24.85
24/08/2015,67650,2992680000,43.8(-6.81 %),249420,11141090000,181770,8148410000,164235868,24.86
25/08/2015,-14180,-621360000,44.9(2.51 %),138650,5945460000,152830,6566820000,164250048,24.86
26/08/2015,-352040,-15602470000,44.1(-1.78 %),54230,2427300000,406270,18029770000,164602088,24.81
27/08/2015,-44540,-1990990000,45(2.04 %),119580,5428320000,164120,7419310000,164646628,24.8
28/08/2015,118830,5612200000,48(6.67 %),209780,9822550000,90950,4210350000,164527798,24.82
31/08/2015,-50960,-2388490000,46.5(-3.12 %),72600,3447150000,123560,5835640000,164578758,24.81
01/09/2015,4800,225280000,45.8(-1.51 %),4800,225280000,0,0,164722734,24.79
03/09/2015,-142350,-6354880000,43.8(-4.37 %),3240,146240000,145590,6501120000,164865084,24.77
04/09/2015,110720,4926700000,44.6(1.83 %),119720,5324900000,9000,398200000,164754364,24.79
07/09/2015,53100,2382300000,44.6(0.00 %),53100,2382300000,0,0,164701264,24.8
08/09/2015,-109980,-4920990000,45.7(2.47 %),17000,769420000,126980,5690410000,164811244,24.78
09/09/2015,52200,2429820000,46.5(1.75 %),52200,2429820000,0,0,164759044,24.79
10/09/2015,173890,8157120000,46.8(0.65 %),174390,8180220000,500,23100000,164585154,24.81
11/09/2015,-7500,-354830000,46.6(-0.43 %),25850,1218310000,33350,1573140000,164592654,24.81
14/09/2015,-60010,-2716220000,44.1(-5.36 %),3300,151150000,63310,2867370000,164652664,24.8
15/09/2015,-18000,-798280000,44.3(0.45 %),144280,6378910000,162280,7177190000,164670664,24.8
16/09/2015,-368640,-16401220000,44.8(1.13 %),186720,8296390000,555360,24697610000,165039304,24.75
17/09/2015,63720,2868200000,44.5(-0.67 %),82160,3698080000,18440,829880000,164975584,24.76
18/09/2015,-276650,-12282340000,45.3(1.80 %),684890,31282370000,961540,43564710000,165252234,24.72
21/09/2015,130140,6117170000,47.4(4.64 %),132270,6214870000,2130,97700000,165122094,24.73
22/09/2015,98270,4724600000,48.1(1.48 %),98670,4743920000,400,19320000,165023824,24.75
23/09/2015,159290,7743220000,49(1.87 %),159790,7767380000,500,24160000,164864534,24.77
24/09/2015,44000,2138310000,48(-2.04 %),44000,2138310000,0,0,164820534,24.78
25/09/2015,-113510,-5364360000,47(-2.08 %),1090,51680000,114600,5416040000,164934044,24.76
28/09/2015,-58800,-2734260000,46.5(-1.06 %),0,0,58800,2734260000,164992844,24.75
29/09/2015,3560,163580000,46.5(0.00 %),5560,255710000,2000,92130000,164989284,24.75
30/09/2015,29500,1389220000,46.5(0.00 %),29900,1408060000,400,18840000,164959784,24.76
01/10/2015,-11400,-528490000,46.3(-0.43 %),100,4660000,11500,533150000,165277116,24.71
02/10/2015,-45260,-2087090000,46(-0.65 %),1300,60190000,46560,2147280000,165322376,24.7
05/10/2015,126930,6016530000,48(4.35 %),132380,6274450000,5450,257920000,165195446,24.72
06/10/2015,38460,1919560000,51(6.25 %),51760,2596260000,13300,676700000,165156986,24.73
07/10/2015,269520,14222840000,51(0.00 %),319040,16863910000,49520,2641070000,164887466,24.77
08/10/2015,148020,8016180000,54(5.88 %),189220,10209680000,41200,2193500000,164739446,24.79
09/10/2015,319530,17759560000,56.5(4.63 %),341480,18987190000,21950,1227630000,164419916,24.84
12/10/2015,881680,51291240000,60(6.19 %),885480,51515490000,3800,224250000,163538236,24.97
13/10/2015,71960,4211090000,60(0.00 %),223150,13109730000,151190,8898640000,163466276,24.98
14/10/2015,257770,14886960000,57.5(-4.17 %),555300,32051480000,297530,17164520000,163208506,25.02
15/10/2015,95410,5621460000,60(4.35 %),235420,13879420000,140010,8257960000,163113096,25.03
16/10/2015,-54810,-3295700000,57(-5.00 %),89000,5497160000,143810,8792860000,163167906,25.02
19/10/2015,-101010,-5761420000,54.5(-4.39 %),15210,869610000,116220,6631030000,163268916,25.01
20/10/2015,-4400,-289600000,56(2.75 %),216060,11910100000,220460,12199700000,163273316,25.01
21/10/2015,77430,4426510000,57(1.79 %),120000,6869000000,42570,2442490000,163195886,25.02
22/10/2015,56550,3232600000,57.5(0.88 %),237050,13560280000,180500,10327680000,163139336,25.03
23/10/2015,132880,7935300000,59.5(3.48 %),134080,8007300000,1200,72000000,163006456,25.05
26/10/2015,143430,8660380000,60(0.84 %),246730,14908760000,103300,6248380000,162863026,25.07
27/10/2015,85810,5061670000,59(-1.67 %),113610,6705860000,27800,1644190000,162777216,25.08
28/10/2015,-39760,-2325640000,57.5(-2.54 %),2600,153350000,42360,2478990000,162816976,25.07
29/10/2015,9840,629000000,60(4.35 %),45980,2758200000,36140,2129200000,162807136,25.07
30/10/2015,37020,2180380000,61(1.67 %),130420,7892310000,93400,5711930000,162770116,25.08
02/11/2015,42480,2572160000,59(-3.28 %),42880,2596660000,400,24500000,162628096,25.1
03/11/2015,61150,3831700000,63(6.78 %),119460,7361730000,58310,3530030000,162566946,25.11
04/11/2015,9920,633830000,63(0.00 %),39920,2531330000,30000,1897500000,162557026,25.11
05/11/2015,39270,2454610000,65(3.17 %),53600,3374060000,14330,919450000,162517756,25.12
06/11/2015,-90,-4030000,62(-4.62 %),3300,214050000,3390,218080000,162517846,25.12
09/11/2015,-59260,-3644430000,60(-3.23 %),24510,1509370000,83770,5153800000,162577106,25.11
10/11/2015,-43500,-2580100000,58(-3.33 %),2950,176530000,46450,2756630000,162620606,25.1
11/11/2015,-40000,-2327500000,57.5(-0.86 %),0,0,40000,2327500000,162660606,25.1
12/11/2015,-78130,-4543480000,58.5(1.74 %),0,0,78130,4543480000,162738736,25.08
13/11/2015,-7210,-420540000,59(0.85 %),3700,220400000,10910,640940000,162745946,25.08
16/11/2015,11580,671640000,58(-1.69 %),16370,950760000,4790,279120000,162734366,25.09
17/11/2015,0,0,57(-1.72 %),0,0,0,0,162734366,25.09
18/11/2015,53870,3064660000,57(0.00 %),63310,3604240000,9440,539580000,162680496,25.09
19/11/2015,24080,1391620000,57.5(0.88 %),25480,1472220000,1400,80600000,162656416,25.1
20/11/2015,55000,3216850000,59(2.61 %),55000,3216850000,0,0,162601416,25.1
23/11/2015,63790,3753010000,58(-1.69 %),63790,3753010000,0,0,162537626,25.11
24/11/2015,27300,1568790000,57(-1.72 %),30000,1723500000,2700,154710000,162678526,25.09
25/11/2015,-12100,-691770000,57(0.00 %),37590,2138840000,49690,2830610000,162642336,25.1
26/11/2015,19200,1105810000,57.5(0.88 %),20500,1180410000,1300,74600000,162621836,25.1
27/11/2015,-36420,-2064715000,55(-4.35 %),33300,1878750000,69720,3943465000,162658256,25.1
30/11/2015,-43350,-2340160000,54(-1.82 %),44140,2424330000,87490,4764490000,162547096,25.11
01/12/2015,-192750,-10275310000,52(-3.70 %),33050,1779200000,225800,12054510000,162563736,25.11
02/12/2015,-111360,-5715140000,50.5(-2.88 %),14990,785320000,126350,6500460000,162550046,25.11
03/12/2015,-37130,-1873640000,50(-0.99 %),34500,1749370000,71630,3623010000,162585266,25.11
04/12/2015,-58980,-2904950000,49.5(-1.00 %),2300,113030000,61280,3017980000,162670456,25.09
07/12/2015,-112980,-5460100000,48(-3.03 %),47700,2301570000,160680,7761670000,162890556,25.06
08/12/2015,7580,368400000,51(6.25 %),29110,1424320000,21530,1055920000,162987796,25.05
09/12/2015,-211740,-11205170000,52(1.96 %),275910,14655400000,487650,25860570000,163023524,25.04
10/12/2015,-34020,-1756000000,50.5(-2.88 %),2200,113900000,36220,1869900000,163082604,25.03
11/12/2015,-79170,-4073000000,51(0.99 %),300,15150000,79470,4088150000,163200984,25.02
14/12/2015,-112160,-5621670000,49.4(-3.14 %),19500,991350000,131660,6613020000,163203014,25.02
15/12/2015,-146870,-7327410000,49.8(0.81 %),5500,277500000,152370,7604910000,163445164,24.98
16/12/2015,-869860,-43652510000,49.8(0.00 %),9000,449000000,878860,44101510000,163472384,24.98
17/12/2015,-434850,-22599240000,53(6.43 %),105510,5543020000,540360,28142260000,163446344,24.98
18/12/2015,-1372000,-68486020000,50(-5.66 %),732450,36985490000,2104450,105471510000,162845554,25.07
21/12/2015,5680,294760000,51.5(3.00 %),82520,4277990000,76840,3983230000,162915404,25.06
22/12/2015,220,14410000,51(-0.97 %),85190,4369630000,84970,4355220000,163759074,24.93
23/12/2015,64500,3293960000,51(0.00 %),148570,7579780000,84070,4285820000,164150864,24.88
24/12/2015,-30080,-1538240000,51.5(0.98 %),36030,1851050000,66110,3389290000,166219284,24.57
25/12/2015,116260,6123650000,52.5(1.94 %),116260,6123650000,0,0,166179864,24.58
28/12/2015,30100,1581760000,52(-0.95 %),65600,3453830000,35500,1872070000,166149234,24.58
29/12/2015,88800,4756590000,54(3.85 %),120800,6462590000,32000,1706000000,166112504,24.59
30/12/2015,87600,4795030000,54(0.00 %),88000,4816830000,400,21800000,166090614,24.59
31/12/2015,1000,54000000,53(-1.85 %),1000,54000000,0,0,166089614,24.59
04/01/2016,30310,1610010000,53(0.00 %),31810,1689510000,1500,79500000,166093304,24.59
05/01/2016,1800,95750000,52(-1.89 %),3300,173750000,1500,78000000,166122004,24.59
06/01/2016,83990,4458680000,53.5(2.88 %),93260,4945510000,9270,486830000,166029144,24.6
07/01/2016,106050,5544020000,52(-2.80 %),106050,5544020000,0,0,165924594,24.62
08/01/2016,52930,2728430000,52(0.00 %),53930,2779930000,1000,51500000,165872164,24.62
11/01/2016,75060,3856310000,50.5(-2.88 %),96700,4968950000,21640,1112640000,165784734,24.64
12/01/2016,-150300,-7661700000,51.5(1.98 %),2500,126250000,152800,7787950000,165782234,24.64
13/01/2016,-13000,-665500000,51(-0.97 %),0,0,13000,665500000,165783234,24.64
14/01/2016,-222590,-10950260000,49(-3.92 %),24480,1206730000,247070,12156990000,165803874,24.63
15/01/2016,-150000,-7191810000,47.3(-3.47 %),59280,2825780000,209280,10017590000,165953777,24.61
18/01/2016,-36990,-1702160000,45.6(-3.59 %),32350,1474910000,69340,3177070000,165965427,24.61
19/01/2016,44410,2095640000,47.9(5.04 %),75050,3532950000,30640,1437310000,166113967,24.59
20/01/2016,-390,-18790000,47.1(-1.67 %),141780,6759810000,142170,6778600000,166264767,24.57
21/01/2016,-36300,-1701690000,46.4(-1.49 %),80550,3778140000,116850,5479830000,166302557,24.56
22/01/2016,25090,1128870000,46.9(1.08 %),227390,10575790000,202300,9446920000,166268127,24.57
25/01/2016,14750,716200000,50(6.61 %),27450,1349010000,12700,632810000,166273857,24.56
26/01/2016,1040,48660000,49(-2.00 %),23090,1134520000,22050,1085860000,166256927,24.57
27/01/2016,63390,3151080000,50(2.04 %),63390,3151080000,0,0,166233517,24.57
28/01/2016,70000,3475400000,49.6(-0.80 %),70000,3475400000,0,0,166176217,24.58
29/01/2016,161880,8167750000,51(2.82 %),168880,8521750000,7000,354000000,166029387,24.6
01/02/2016,75350,3926350000,50(-1.96 %),155300,7985370000,79950,4059020000,165874087,24.62
02/02/2016,40240,2014130000,49.8(-0.40 %),51040,2552370000,10800,538240000,165823047,24.63
03/02/2016,14440,712600000,49.3(-1.00 %),33010,1632530000,18570,919930000,165797037,24.63
04/02/2016,46840,2348290000,49.7(0.81 %),46840,2348290000,0,0,165830147,24.63
05/02/2016,28700,1432290000,49.9(0.40 %),31000,1546600000,2300,114310000,165809947,24.63
15/02/2016,-53860,-2665020000,49.5(-0.80 %),2930,145090000,56790,2810110000,165825587,24.63
16/02/2016,-4000,-198770000,49.6(0.20 %),33000,1641900000,37000,1840670000,165792587,24.64
17/02/2016,-90100,-4492790000,49.5(-0.20 %),88800,4426540000,178900,8919330000,165706087,24.65
18/02/2016,39510,1969640000,49.7(0.40 %),41010,2044490000,1500,74850000,165721867,24.65
19/02/2016,-512230,-25650330000,50(0.60 %),106900,5404650000,619130,31054980000,165651967,24.66
22/02/2016,-69240,-3473480000,51.5(3.00 %),103040,5255560000,172280,8729040000,165727827,24.65
23/02/2016,80320,4200450000,52(0.97 %),88400,4621150000,8080,420700000,165640927,24.66
24/02/2016,123970,6471280000,53(1.92 %),125000,6524840000,1030,53560000,166135057,24.59
25/02/2016,86500,4533000000,51.5(-2.83 %),94000,4929250000,7500,396250000,166213337,24.57
26/02/2016,68520,3568190000,52(0.97 %),68520,3568190000,0,0,166152897,24.58
29/02/2016,50200,2605400000,52(0.00 %),50200,2605400000,0,0,166103727,24.59
01/03/2016,24530,1274000000,52(0.00 %),69960,3635620000,45430,2361620000,166041267,24.6
02/03/2016,98070,5265550000,55.5(6.73 %),120150,6430650000,22080,1165100000,165921117,24.62
03/03/2016,-253040,-14067990000,55(-0.90 %),26800,1487730000,279840,15555720000,165894317,24.62
04/03/2016,86950,4833940000,55(0.00 %),115260,6401150000,28310,1567210000,165824487,24.63
07/03/2016,170350,9571210000,55(0.00 %),223400,12518990000,53050,2947780000,165623167,24.66
08/03/2016,68450,3707280000,54.5(-0.91 %),199450,10902780000,131000,7195500000,165703557,24.65
09/03/2016,-252560,-13519320000,53(-2.75 %),21500,1147340000,274060,14666660000,165710367,24.65
10/03/2016,-309060,-16534060000,53.5(0.94 %),35710,1904640000,344770,18438700000,165727707,24.65
11/03/2016,-194730,-10491100000,53.5(0.00 %),27700,1490300000,222430,11981400000,165831007,24.63
14/03/2016,-119800,-6426850000,53(-0.93 %),200770,10747170000,320570,17174020000,165904297,24.62
15/03/2016,-100120,-5316300000,53(0.00 %),276630,14659050000,376750,19975350000,165972437,24.61
16/03/2016,122490,6492960000,53.5(0.94 %),220100,11686800000,97610,5193840000,165974767,24.61
17/03/2016,58720,3214940000,54(0.93 %),71100,3886450000,12380,671510000,166224237,24.57
18/03/2016,-498400,-26710100000,53.5(-0.93 %),291570,15570300000,789970,42280400000,166309417,24.56
21/03/2016,90510,4805800000,53(-0.93 %),159640,8521620000,69130,3715820000,166247387,24.57
22/03/2016,131470,6962130000,53.5(0.94 %),172970,9166630000,41500,2204500000,166086797,24.59
23/03/2016,48940,2605250000,53.5(0.00 %),122000,6476380000,73060,3871130000,166754767,24.49
24/03/2016,209200,11101010000,52.5(-1.87 %),958360,50818110000,749160,39717100000,166606697,24.52
25/03/2016,78190,4080380000,52.5(0.00 %),132000,6890000000,53810,2809620000,166566197,24.52
28/03/2016,184660,9802960000,53(0.95 %),193640,10278400000,8980,475440000,166445617,24.54
29/03/2016,37870,2006040000,52(-1.89 %),117760,6212780000,79890,4206740000,166335857,24.56
30/03/2016,-171630,-8932260000,51.5(-0.96 %),122980,6387460000,294610,15319720000,166216687,24.57
31/03/2016,56330,2878870000,50(-2.91 %),75000,3827500000,18670,948630000,166150667,24.58
01/04/2016,25910,1278620000,49.2(-1.60 %),72300,3572990000,46390,2294370000,166158257,24.58
04/04/2016,16240,807510000,49.3(0.20 %),93000,4607670000,76760,3800160000,166399867,24.55
05/04/2016,9740,483790000,50.5(2.43 %),202750,10090160000,193010,9606370000,166395787,24.55
06/04/2016,85540,4355420000,51(0.99 %),217540,11074620000,132000,6719200000,166308637,24.56
07/04/2016,123800,6350650000,51.5(0.98 %),163800,8410650000,40000,2060000000,166181597,24.58
08/04/2016,86600,4406850000,50.5(-1.94 %),86600,4406850000,0,0,166108007,24.59
11/04/2016,218960,11591910000,53(4.95 %),219900,11639850000,940,47940000,165936107,24.61
12/04/2016,93000,4929420000,53(0.00 %),94000,4982420000,1000,53000000,165882107,24.62
13/04/2016,39310,2091770000,52.5(-0.94 %),45000,2391500000,5690,299730000,165837107,24.63
14/04/2016,64420,3394320000,52.5(0.00 %),67420,3551820000,3000,157500000,165770627,24.64
15/04/2016,112300,5915250000,52.5(0.00 %),112300,5915250000,0,0,165659327,24.66
19/04/2016,52350,2707180000,51(-2.86 %),55350,2861180000,3000,154000000,165609667,24.66
20/04/2016,189740,9690310000,51.5(0.98 %),189740,9690310000,0,0,165422927,24.69
21/04/2016,218280,11609040000,53(2.91 %),227280,12081540000,9000,472500000,165195647,24.72
22/04/2016,299650,16410290000,55.5(4.72 %),300000,16429700000,350,19410000,164898647,24.77
25/04/2016,172870,9735980000,56(0.90 %),208500,11734080000,35630,1998100000,164690147,24.8
26/04/2016,325470,18881900000,59.5(6.25 %),328670,19063540000,3200,181640000,164370477,24.84
27/04/2016,18510,1069880000,58(-2.52 %),23100,1336450000,4590,266570000,164347727,24.85
28/04/2016,15910,933350000,58(0.00 %),60700,3488000000,44790,2554650000,164322657,24.85
29/04/2016,550650,33239320000,61(5.17 %),720960,43557210000,170310,10317890000,163604897,24.96
04/05/2016,-32730,-1950510000,61.5(0.82 %),64400,3901720000,97130,5852230000,163545087,24.97
05/05/2016,38620,2365560000,59.5(-3.25 %),91250,5528760000,52630,3163200000,163498627,24.97
06/05/2016,18570,1075770000,59.5(0.00 %),94930,5619210000,76360,4543440000,163574007,24.96
09/05/2016,38350,2279710000,57(-4.20 %),41200,2446700000,2850,166990000,163629937,24.95
10/05/2016,-231900,-13166080000,58(1.75 %),68600,3908000000,300500,17074080000,163613967,24.96
11/05/2016,59120,3523940000,60(3.45 %),64270,3831470000,5150,307530000,163626057,24.95
12/05/2016,44000,2658750000,60(0.00 %),57000,3433750000,13000,775000000,163571907,24.96
13/05/2016,-30160,-1777000000,58.5(-2.50 %),19650,1152140000,49810,2929140000,163852757,24.92
16/05/2016,-26920,-1552010000,59(0.85 %),5500,322810000,32420,1874820000,163852407,24.92
17/05/2016,-141100,-8426210000,63(6.78 %),185100,11216420000,326200,19642630000,163680307,24.95
18/05/2016,130030,8083500000,61.5(-2.38 %),141670,8818190000,11640,734690000,163588449,24.96
19/05/2016,45040,2752640000,61.5(0.00 %),77820,4758790000,32780,2006150000,163543049,24.97
20/05/2016,-151980,-9143380000,59.5(-3.25 %),0,0,151980,9143380000,163869249,24.92
23/05/2016,62010,3688450000,59.5(0.00 %),144630,8614080000,82620,4925630000,163766259,24.93
24/05/2016,59440,3544350000,60(0.84 %),116210,6906560000,56770,3362210000,163682829,24.95
25/05/2016,-15300,-957400000,59.5(-0.83 %),69900,4159050000,85200,5116450000,163764909,24.93
26/05/2016,148060,8652310000,58(-2.52 %),166060,9704310000,18000,1052000000,163651469,24.95
27/05/2016,33850,1963550000,58(0.00 %),45850,2661530000,12000,697980000,163662389,24.95
30/05/2016,14700,854525000,58.5(0.86 %),25000,1457000000,10300,602475000,163647689,24.95
31/05/2016,64710,3896940000,60(2.56 %),90920,5474540000,26210,1577600000,163582979,24.96
01/06/2016,101090,6079200000,60(0.00 %),106880,6425600000,5790,346400000,163554789,24.96
02/06/2016,0,0,60(0.00 %),0,0,0,0,163554789,24.96
03/06/2016,35830,2137640000,59.5(-0.83 %),40330,2406140000,4500,268500000,163550969,24.97
06/06/2016,48290,2898050000,61(2.52 %),59290,3563550000,11000,665500000,163497469,24.97
07/06/2016,38600,2365390000,61(0.00 %),85820,5246270000,47220,2880880000,163411649,24.99
08/06/2016,28350,1740740000,63(3.28 %),96410,6034400000,68060,4293660000,163319739,25.0
09/06/2016,21750,1367190000,63(0.00 %),22000,1382940000,250,15750000,163308739,25.0
10/06/2016,329640,21066560000,64.5(2.38 %),389750,24905320000,60110,3838760000,162966209,25.05
13/06/2016,-30310,-1883180000,62.5(-3.10 %),7310,464950000,37620,2348130000,163026959,25.04
14/06/2016,44270,2757130000,62.5(0.00 %),99200,6190260000,54930,3433130000,162928009,25.06
15/06/2016,-49720,-3068170000,62.5(0.00 %),3700,230520000,53420,3298690000,162984419,25.05
16/06/2016,6380,415610000,62(-0.80 %),46550,2918800000,40170,2503190000,162975489,25.05
17/06/2016,-462020,-27500100000,59(-4.84 %),8390,506560000,470410,28006660000,163022029,25.04
20/06/2016,36080,2154450000,60(1.69 %),64890,3875110000,28810,1720660000,163010562,25.04
21/06/2016,48000,2901620000,60.5(0.83 %),90000,5457620000,42000,2556000000,162960732,25.05
22/06/2016,61670,3704650000,60(-0.83 %),93670,5634650000,32000,1930000000,163337472,25.0
23/06/2016,-10580,-641740000,60.5(0.83 %),48400,2925950000,58980,3567690000,163317882,25.0
24/06/2016,246290,14289800000,58.5(-3.31 %),259860,15071880000,13570,782080000,163100022,25.03
27/06/2016,42440,2494140000,59.5(1.71 %),44000,2583460000,1560,89320000,163088022,25.03
28/06/2016,-21100,-1229600000,58.5(-0.34 %),1500,88000000,22600,1317600000,163145502,25.02
29/06/2016,82920,4904280000,59.5(1.71 %),82920,4904280000,0,0,163076152,25.03
30/06/2016,39650,2361110000,59(-0.84 %),84950,5070960000,45300,2709850000,162992762,25.05
01/07/2016,9430,560130000,60(1.69 %),40530,2425130000,31100,1865000000,162974832,25.05
04/07/2016,-78520,-4743250000,60.5(0.83 %),4010,242110000,82530,4985360000,162970822,25.05
05/07/2016,65870,4102320000,62.5(3.31 %),81980,5104080000,16110,1001760000,162934142,25.06
06/07/2016,74160,4635800000,62.5(0.00 %),84880,5304900000,10720,669100000,162880362,25.06
07/07/2016,-8760,-533120000,63(0.80 %),50320,3129840000,59080,3662960000,162912572,25.06
08/07/2016,21760,1347800000,61(-3.17 %),21760,1347800000,0,0,162906922,25.06
11/07/2016,55500,3377500000,59.5(-2.46 %),55500,3377500000,0,0,162906922,25.06
12/07/2016,39040,2351100000,61(2.52 %),46040,2769590000,7000,418490000,162875182,25.06
13/07/2016,-320590,-19763280000,62(1.64 %),117810,7283150000,438400,27046430000,162757372,25.08
14/07/2016,-12810,-753840000,62.5(0.81 %),225900,14604120000,238710,15357960000,162611472,25.1
15/07/2016,-13830,-844650000,62.5(0.00 %),36650,2312380000,50480,3157030000,162581822,25.11
18/07/2016,12360,784360000,64(2.40 %),17900,1136650000,5540,352290000,163002322,25.05
19/07/2016,95710,6234690000,64(0.00 %),116860,7619940000,21150,1385250000,163044172,25.04
20/07/2016,-28260,-1759330000,61.5(-3.91 %),11000,684750000,39260,2444080000,163083652,25.03
21/07/2016,-68700,-4179500000,60.5(-1.63 %),24500,1522200000,93200,5701700000,163064692,25.04
22/07/2016,-80570,-4722210000,60(-0.83 %),144670,8461420000,225240,13183630000,162991172,25.05
25/07/2016,-69710,-4135350000,59(-1.67 %),5300,315250000,75010,4450600000,163025132,25.04
26/07/2016,22750,1335820000,59(0.00 %),134990,7914100000,112240,6578280000,162983342,25.05
27/07/2016,45310,2703580000,60(1.69 %),100000,5959790000,54690,3256210000,163058582,25.04
28/07/2016,-62970,-3729730000,59.5(-0.83 %),150000,8904400000,212970,12634130000,163023592,25.04
29/07/2016,42760,2555600000,59(-0.84 %),62760,3753100000,20000,1197500000,163073072,25.04
01/08/2016,35830,2129330000,58.5(-0.85 %),38830,2307830000,3000,178500000,163088932,25.03
02/08/2016,126130,7374640000,58.5(0.00 %),130430,7628040000,4300,253400000,163131472,25.03
03/08/2016,-41640,-2391320000,57(-2.56 %),78240,4537830000,119880,6929150000,163098232,25.03
04/08/2016,88910,5181050000,57.5(0.88 %),161650,9343530000,72740,4162480000,162939582,25.05
05/08/2016,19520,1134400000,58(0.87 %),88000,5056500000,68480,3922100000,162855882,25.07
08/08/2016,-21770,-1246100000,57.5(-0.86 %),45920,2622900000,67690,3869000000,162904842,25.06
09/08/2016,54430,3164490000,58.5(1.74 %),72000,4179120000,17570,1014630000,162905582,25.06
10/08/2016,86040,5107900000,60(2.56 %),90040,5342900000,4000,235000000,162884022,25.06
11/08/2016,128020,7703560000,61(1.67 %),128220,7715660000,200,12100000,162823492,25.07
12/08/2016,22170,1330990000,59.5(-2.46 %),46000,2761750000,23830,1430760000,162795062,25.08
15/08/2016,-10700,-637900000,59.5(0.00 %),10300,617600000,21000,1255500000,162788762,25.08
16/08/2016,-98520,-5858080000,59(-0.84 %),6580,392770000,105100,6250850000,162782382,25.08
17/08/2016,-46130,-2721000000,59(0.00 %),29530,1748330000,75660,4469330000,162776682,25.08
18/08/2016,900,52950000,58.5(-0.85 %),1000,58850000,100,5900000,162796682,25.08
19/08/2016,17050,1011700000,60(2.56 %),18500,1097250000,1450,85550000,162883282,25.06
22/08/2016,-310,-18750000,59.5(-0.83 %),0,0,310,18750000,162958942,25.05
23/08/2016,9670,575890000,59.5(0.00 %),22960,1366120000,13290,790230000,162936082,25.06
24/08/2016,0,0,59(-0.84 %),0,0,0,0,162937532,25.06
25/08/2016,-14520,-848820000,59(0.00 %),7580,447220000,22100,1296040000,162930262,25.06
26/08/2016,22510,1345860000,60(1.69 %),34800,2074070000,12290,728210000,162908752,25.06
29/08/2016,81730,5009010000,61(1.67 %),103500,6340500000,21770,1331490000,162805252,25.07
30/08/2016,125620,7779780000,62.5(2.46 %),137120,8490530000,11500,710750000,162690232,25.09
31/08/2016,48300,2988760000,62(-0.80 %),102070,6328880000,53770,3340120000,162600452,25.1
01/09/2016,43100,2657050000,61.5(-0.81 %),207580,12816160000,164480,10159110000,162579122,25.11
05/09/2016,-54000,-3260920000,60(-2.44 %),335000,20269380000,389000,23530300000,162565622,25.11
06/09/2016,-50500,-3015850000,59.5(-0.83 %),41500,2490500000,92000,5506350000,162577892,25.11
07/09/2016,-22310,-1312290000,60(0.84 %),29400,1746100000,51710,3058390000,162548492,25.11
08/09/2016,-23680,-1361660000,60(0.00 %),121200,7275630000,144880,8637290000,162601572,25.1
09/09/2016,-39170,-2366620000,60(0.00 %),57070,3449900000,96240,5816520000,162636502,25.1
12/09/2016,62700,3807000000,61(1.67 %),72220,4374450000,9520,567450000,162615992,25.1
13/09/2016,55140,3390950000,61.7(1.15 %),61530,3781800000,6390,390850000,162604062,25.1
14/09/2016,-15850,-957880000,61(-1.13 %),16500,1015550000,32350,1973430000,162683802,25.09
15/09/2016,22100,1345190000,60.8(-0.33 %),22100,1345190000,0,0,162671222,25.09
16/09/2016,-433340,-25491560000,58.5(-3.78 %),363720,21312820000,797060,46804380000,162313892,25.15
19/09/2016,94180,5708250000,61.3(4.79 %),96780,5866370000,2600,158120000,162249462,25.16
20/09/2016,86820,5325430000,61.3(0.00 %),103840,6367060000,17020,1041630000,162145622,25.17
21/09/2016,155100,9651640000,63(2.77 %),157520,9803720000,2420,152080000,162785162,25.08
22/09/2016,221800,14466900000,65.3(3.65 %),227470,14835020000,5670,368120000,162560292,25.11
23/09/2016,56430,3684170000,65.4(0.15 %),1137350,74916100000,1080920,71231930000,162519882,25.12
26/09/2016,219290,14552140000,68(3.98 %),227290,15083870000,8000,531730000,162295012,25.15
27/09/2016,188050,13078640000,70.4(3.53 %),218710,15180220000,30660,2101580000,162081972,25.18
28/09/2016,161780,11398190000,71.5(1.56 %),457800,32251120000,296020,20852930000,161902172,25.21
29/09/2016,150570,10724770000,70(-2.10 %),165870,11820280000,15300,1095510000,161744302,25.23
30/09/2016,195260,13786760000,70.9(1.29 %),290790,20561800000,95530,6775040000,161484175,25.27
03/10/2016,5330,363180000,69.5(-1.97 %),36700,2576370000,31370,2213190000,161466495,25.27
04/10/2016,158580,11461560000,72.2(3.88 %),164930,11920960000,6350,459400000,161316865,25.29
05/10/2016,-71980,-5224710000,72.9(0.97 %),168610,12303870000,240590,17528580000,161243785,25.3
06/10/2016,52920,3885020000,72(-1.23 %),249160,18199730000,196240,14314710000,161175995,25.31
07/10/2016,-45980,-3261420000,71.5(-0.69 %),150110,10690710000,196090,13952130000,161032235,25.34
10/10/2016,48290,3487930000,71.7(0.28 %),106330,7674410000,58040,4186480000,161166495,25.32
11/10/2016,54230,3927860000,72(0.42 %),113500,8222070000,59270,4294210000,161099235,25.33
12/10/2016,-10120,-721770000,71.9(-0.14 %),10800,772920000,20920,1494690000,161284525,25.3
13/10/2016,2260,173270000,71.9(0.00 %),23430,1665860000,21170,1492590000,161319135,25.29
14/10/2016,5510,389950000,71(-1.25 %),17630,1252410000,12120,862460000,161360775,25.29
17/10/2016,-41250,-2810580000,66.5(-6.34 %),64790,4400590000,106040,7211170000,161316905,25.29
18/10/2016,-3500,-240290000,68(2.26 %),78090,5314050000,81590,5554340000,161259985,25.3
19/10/2016,8710,584350000,69(1.47 %),58270,3955260000,49560,3370910000,161213821,25.31
20/10/2016,-6540,-443010000,67.6(-2.03 %),28110,1901910000,34650,2344920000,161291751,25.3
21/10/2016,38260,2596850000,68.2(0.89 %),97670,6620210000,59410,4023360000,161314671,25.29
24/10/2016,6050,417160000,68(-0.29 %),21950,1488410000,15900,1071250000,161342281,25.29
25/10/2016,21530,1464920000,68.2(0.29 %),31530,2142770000,10000,677850000,161345401,25.29
26/10/2016,-3320,-224010000,67.4(-1.17 %),43805,2956190000,47125,3180200000,161348611,25.29
27/10/2016,-31630,-2126290000,67(-0.59 %),152290,10254690000,183920,12380980000,161253361,25.3
28/10/2016,-29820,-2000520000,67(0.00 %),17620,1182380000,47440,3182900000,161245741,25.3
31/10/2016,-114310,-7349310000,64(-4.48 %),85000,5467860000,199310,12817170000,161181261,25.31
01/11/2016,-25100,-1640040000,65.5(2.34 %),116480,7618620000,141580,9258660000,161307561,25.29
02/11/2016,-12640,-814280000,64(-2.29 %),96210,6222340000,108850,7036620000,161305261,25.3
03/11/2016,-66260,-4158870000,62.5(-2.34 %),180490,11293560000,246750,15452430000,161474081,25.27
04/11/2016,-20480,-1271980000,62.5(0.00 %),12950,809280000,33430,2081260000,161502711,25.27
07/11/2016,-56900,-3609110000,64.9(3.84 %),58600,3805670000,115500,7414780000,161506491,25.27
08/11/2016,53680,3497460000,65.5(0.92 %),73680,4797210000,20000,1299750000,161529561,25.26
09/11/2016,65210,4206790000,64.8(-1.07 %),169390,10901800000,104180,6695010000,161393601,25.28
10/11/2016,-19100,-1243680000,64.5(-0.46 %),280530,18185960000,299630,19429640000,161378571,25.28
11/11/2016,17830,1168090000,64(-0.78 %),72500,4697500000,54670,3529410000,161326071,25.29
14/11/2016,-117930,-7401810000,62.4(-2.50 %),57880,3639690000,175810,11041500000,161372371,25.29
15/11/2016,-920,-56510000,62.6(0.32 %),9700,610050000,10620,666560000,161512301,25.26
16/11/2016,-88680,-5585960000,62.8(0.32 %),14220,895850000,102900,6481810000,161552751,25.26
17/11/2016,-136070,-8415710000,61.2(-2.55 %),9170,568040000,145240,8983750000,161719391,25.23
18/11/2016,-82210,-5025930000,61.5(0.49 %),17110,1047370000,99320,6073300000,161712901,25.24
21/11/2016,-76810,-4661900000,60.4(-1.79 %),10020,611020000,86830,5272920000,161805781,25.22
22/11/2016,-164410,-10014830000,61.5(1.82 %),212200,12996880000,376610,23011710000,161738821,25.23
23/11/2016,-123540,-7726250000,62.5(1.63 %),336660,21040310000,460200,28766560000,161501481,25.27
24/11/2016,24660,1539650000,62.5(0.00 %),24660,1539650000,0,0,161563651,25.26
25/11/2016,23260,1442210000,62.1(-0.64 %),110930,6886920000,87670,5444710000,161829331,25.22
28/11/2016,-190780,-11486000000,59.6(-4.03 %),65530,3938120000,256310,15424120000,162224001,25.16
29/11/2016,-229910,-13478050000,58.4(-2.01 %),195010,11415630000,424920,24893680000,162028991,25.19
30/11/2016,-152040,-8939300000,58.8(0.68 %),305130,17909160000,457170,26848460000,161811531,25.22
01/12/2016,-36590,-2177500000,59.4(1.02 %),68070,4047830000,104660,6225330000,161999771,25.19
02/12/2016,-9400,-552810000,58.5(-1.52 %),12490,741290000,21890,1294100000,162412201,25.13
05/12/2016,-86980,-4999630000,57.6(-1.54 %),4420,255350000,91400,5254980000,162864951,25.07
06/12/2016,-970,-57810000,57.7(0.17 %),63950,3693760000,64920,3751570000,162905661,25.06
07/12/2016,-30770,-1764420000,58(0.52 %),19700,1144220000,50470,2908640000,162907851,25.06
08/12/2016,39350,2277920000,58.1(0.17 %),117400,6800700000,78050,4522780000,162881851,25.06
09/12/2016,43250,2520470000,58.7(1.03 %),121530,7089320000,78280,4568850000,162825241,25.07
12/12/2016,67770,3910310000,57.4(-2.21 %),132970,7668930000,65200,3758620000,162742741,25.08
13/12/2016,-37730,-2152290000,56.9(-0.87 %),77640,4412950000,115370,6565240000,162743151,25.08
14/12/2016,-60790,-3481030000,58(1.93 %),99330,5693770000,160120,9174800000,162744101,25.08
15/12/2016,4950,290940000,58(0.00 %),101780,5924790000,96830,5633850000,162707521,25.09
16/12/2016,-1317530,-77166240000,58.6(1.03 %),281560,16448520000,1599090,93614760000,162751671,25.08
19/12/2016,-10170,-626980000,61.3(4.61 %),24600,1488720000,34770,2115700000,162654851,25.1
20/12/2016,-95520,-5747100000,59.1(-3.59 %),1810,108390000,97330,5855490000,162749871,25.08
21/12/2016,170,8480000,60.1(1.69 %),116000,6897340000,115830,6888860000,164232961,24.86
22/12/2016,41840,2490130000,59.1(-1.66 %),89020,5297610000,47180,2807480000,164178711,24.87
23/12/2016,44020,2608550000,59.6(0.85 %),112250,6631480000,68230,4022930000,164163791,24.87
26/12/2016,800,47340000,59.2(-0.67 %),1000,59300000,200,11960000,164370241,24.84
27/12/2016,20120,1195410000,59.3(0.17 %),22790,1353740000,2670,158330000,164370241,24.84
28/12/2016,-3870,-240710000,58.5(-1.35 %),62230,3652550000,66100,3893260000,164309011,24.85
29/12/2016,52420,3076660000,58.6(0.17 %),93720,5501200000,41300,2424540000,164215491,24.87
30/12/2016,50240,2938620000,58.2(-0.68 %),50240,2938620000,0,0,164167921,24.87
03/01/2017,2570,147250000,59.3(1.89 %),16940,999390000,14370,852140000,164217081,24.87
04/01/2017,10450,625040000,60.1(1.35 %),40450,2428770000,30000,1803730000,164217931,24.87
05/01/2017,280,14170000,61.1(1.66 %),5310,321470000,5030,307300000,164212621,24.87
06/01/2017,64560,3999340000,61.4(0.49 %),64560,3999340000,0,0,164162431,24.88
09/01/2017,37270,2302700000,61.6(0.33 %),45730,2827550000,8460,524850000,164146701,24.88
10/01/2017,12980,797300000,60.8(-1.30 %),35340,2167410000,22360,1370110000,164116391,24.88
11/01/2017,-10910,-666040000,60.9(0.16 %),1940,117750000,12850,783790000,164114451,24.88
12/01/2017,-19330,-1191200000,62.5(2.63 %),8500,522700000,27830,1713900000,164114411,24.88
13/01/2017,32950,2060690000,62(-0.80 %),38750,2425470000,5800,364780000,164098021,24.88
16/01/2017,5230,320950000,61.6(-0.65 %),16730,1029490000,11500,708540000,164092441,24.89
17/01/2017,-28100,-1737970000,62(0.65 %),12000,742240000,40100,2480210000,164108271,24.88
18/01/2017,-4140,-257110000,60.8(-1.94 %),3150,195000000,7290,452110000,164110921,24.88
19/01/2017,12500,765490000,60.8(0.00 %),36000,2193790000,23500,1428300000,164086421,24.89
20/01/2017,11830,719890000,60.9(0.16 %),21490,1310190000,9660,590300000,164105031,24.88
23/01/2017,-4800,-291500000,60.9(0.00 %),1570,95390000,6370,386890000,164110751,24.88
24/01/2017,-12600,-771740000,60.9(0.00 %),2000,122400000,14600,894140000,164132251,24.88
25/01/2017,22210,1368970000,61.1(0.33 %),56620,3481640000,34410,2112670000,164085291,24.89
02/02/2017,18040,1125430000,62.5(2.29 %),108740,6767070000,90700,5641640000,163982921,24.9
03/02/2017,157890,10016790000,63.4(1.44 %),179180,11368230000,21290,1351440000,163818341,24.93
06/02/2017,93570,5950530000,63.2(-0.32 %),93570,5950530000,0,0,163759181,24.93
07/02/2017,18240,1152000000,63.1(-0.16 %),75540,4765620000,57300,3613620000,163774341,24.93
08/02/2017,23020,1451510000,63.2(0.16 %),23420,1476630000,400,25120000,163772211,24.93
09/02/2017,-69650,-4384910000,62.8(-0.63 %),5850,367590000,75500,4752500000,163766361,24.93
10/02/2017,-76020,-4805410000,63.4(0.96 %),10600,669750000,86620,5475160000,163813061,24.93
13/02/2017,10410,669220000,64.5(1.74 %),13390,860140000,2980,190920000,163800071,24.93
14/02/2017,-79670,-5077320000,63(-2.33 %),5440,347500000,85110,5424820000,163870131,24.92
15/02/2017,93040,5920950000,63.7(1.11 %),102040,6494250000,9000,573300000,163854711,24.92
16/02/2017,156600,10035900000,63.4(-0.47 %),158750,10173850000,2150,137950000,163698941,24.94
17/02/2017,-31440,-1966550000,63(-0.63 %),33900,2128930000,65340,4095480000,163750151,24.94
20/02/2017,159220,10027680000,63(0.00 %),160810,10127720000,1590,100040000,163598341,24.96
21/02/2017,-39870,-2505010000,62.5(-0.79 %),16130,1011810000,56000,3516820000,163584361,24.96
22/02/2017,-67240,-4148340000,61.8(-1.12 %),54670,3384810000,121910,7533150000,163595031,24.96
23/02/2017,-83400,-5051750000,60.5(-2.10 %),23900,1458920000,107300,6510670000,163572721,24.96
24/02/2017,-53830,-3239400000,59.6(-1.49 %),83270,4976360000,137100,8215760000,163545451,24.97
27/02/2017,-38770,-2317270000,59.5(-0.17 %),44890,2673270000,83660,4990540000,163813911,24.93
28/02/2017,-11080,-662350000,59.5(0.00 %),24180,1443180000,35260,2105530000,163705591,24.94
01/03/2017,-83070,-4852360000,58.4(-1.85 %),28780,1685520000,111850,6537880000,163813911,24.93
02/03/2017,-80100,-4681690000,58(-0.68 %),53040,3109930000,133140,7791620000,163844531,24.92
03/03/2017,27310,1596330000,59.2(2.07 %),49810,2926070000,22500,1329740000,163829981,24.92
06/03/2017,32700,1937300000,59.2(0.00 %),42240,2502070000,9540,564770000,163899591,24.91
07/03/2017,32810,1945660000,59.5(0.51 %),37190,2204430000,4380,258770000,163995541,24.9
08/03/2017,7890,460620000,59.2(-0.50 %),40970,2417860000,33080,1957240000,163977071,24.9
09/03/2017,7330,432510000,59.1(-0.17 %),7530,444310000,200,11800000,163979081,24.9
10/03/2017,-13510,-794050000,59.1(0.00 %),28040,1663860000,41550,2457910000,163955421,24.91
13/03/2017,-7420,-439130000,58.8(-0.51 %),118080,6961750000,125500,7400880000,163870421,24.92
14/03/2017,4150,245270000,58.9(0.17 %),151260,8936370000,147110,8691100000,163719361,24.94
15/03/2017,4630,274380000,59(0.17 %),100600,5921510000,95970,5647130000,163660311,24.95
16/03/2017,-42100,-2490290000,58.9(-0.17 %),171550,10220980000,213650,12711270000,163634261,24.95
17/03/2017,-856650,-50574120000,59(0.17 %),478200,28228240000,1334850,78802360000,163634261,24.95
20/03/2017,73430,4468520000,61(3.39 %),73430,4468520000,0,0,163634261,24.95
21/03/2017,-10160,-587590000,60.1(-1.48 %),73290,4679200000,83450,5266790000,163634261,24.95
22/03/2017,36250,2157150000,59.5(-1.00 %),103950,6200900000,67700,4043750000,163634261,24.95
23/03/2017,78520,4743050000,60.2(1.18 %),100390,6048250000,21870,1305200000,163634261,24.95
24/03/2017,30140,1842530000,60.6(0.66 %),32340,1977030000,2200,134500000,163634261,24.95
27/03/2017,57910,3532340000,61.1(0.83 %),69910,4262470000,12000,730130000,163634261,24.95
28/03/2017,-10950,-674630000,61.2(0.16 %),12960,797610000,23910,1472240000,163634261,24.95
29/03/2017,-136330,-8399120000,61.5(0.49 %),2140,131820000,138470,8530940000,163634261,24.95
30/03/2017,-92780,-5636680000,60.3(-1.95 %),15210,935160000,107990,6571840000,163634261,24.95
31/03/2017,-165620,-9835640000,59.2(-1.82 %),230930,13730060000,396550,23565700000,163634261,24.95
03/04/2017,-87910,-5171230000,58.7(-0.84 %),62290,3653880000,150200,8825110000,164518001,24.82
04/04/2017,-18180,-1071440000,59.1(0.68 %),67040,3958990000,85220,5030430000,164558951,24.82
05/04/2017,-86870,-5079610000,58.3(-1.35 %),3540,207640000,90410,5287250000,164951967,24.76
07/04/2017,-16530,-962180000,58.3(0.00 %),321550,18698320000,338080,19660500000,164942617,24.76
10/04/2017,189350,11266310000,59.5(2.06 %),190680,11344810000,1330,78500000,164837157,24.78
11/04/2017,-5770,-325380000,58.9(-1.01 %),33950,2021290000,39720,2346670000,164893617,24.77
12/04/2017,59670,3495960000,58.8(-0.17 %),89170,5226860000,29500,1730900000,164980527,24.75
13/04/2017,-54730,-3214010000,58.9(0.17 %),107820,6341930000,162550,9555940000,164874037,24.77
14/04/2017,-28180,-1639720000,58.3(-1.02 %),20,1170000,28200,1640890000,164913737,24.76
17/04/2017,59020,3401320000,57.6(-1.20 %),65720,3787850000,6700,386530000,164877517,24.77
18/04/2017,63280,3662910000,58.4(1.39 %),128150,7417260000,64870,3754350000,164911917,24.77
19/04/2017,-2150,-127980000,58.5(0.17 %),25210,1464510000,27360,1592490000,164914907,24.76
20/04/2017,6500,370450000,57.4(-1.88 %),126110,7264190000,119610,6893740000,164795497,24.78
21/04/2017,94390,5418950000,57.3(-0.17 %),150280,8623160000,55890,3204210000,164710087,24.79
24/04/2017,53620,3061860000,57(-0.52 %),72720,4152950000,19100,1091090000,164664727,24.8
25/04/2017,104840,5982430000,57.3(0.53 %),104840,5982430000,0,0,164679497,24.8
26/04/2017,13490,771420000,57.3(0.00 %),151110,8647320000,137620,7875900000,164684277,24.8
27/04/2017,4970,285140000,57.3(0.00 %),5070,290880000,100,5740000,164698307,24.8
28/04/2017,55210,3155360000,57.3(0.00 %),153140,8745490000,97930,5590130000,164631587,24.81
03/05/2017,64990,3779570000,58.5(2.09 %),64990,3779570000,0,0,164604217,24.81
04/05/2017,7900,451100000,57.8(-1.20 %),45580,2650520000,37680,2199420000,164558737,24.82
05/05/2017,44290,2564280000,58(0.35 %),47290,2738050000,3000,173770000,164522957,24.82
08/05/2017,-14790,-849990000,57.5(-0.86 %),45210,2604170000,60000,3454160000,164477747,24.83
09/05/2017,-49260,-2827730000,57.5(0.00 %),44930,2579000000,94190,5406730000,164470497,24.83
10/05/2017,-114280,-6554170000,57.3(-0.35 %),44530,2553370000,158810,9107540000,164428967,24.84
11/05/2017,-95780,-5494140000,57.3(0.00 %),4220,242570000,100000,5736710000,164484747,24.83
12/05/2017,-18010,-1038830000,57.6(0.52 %),14500,840520000,32510,1879350000,164564437,24.82
15/05/2017,-94290,-5418890000,57.4(-0.35 %),21620,1242130000,115910,6661020000,164701627,24.8
16/05/2017,-117530,-6704830000,57(-0.70 %),91010,5191220000,208540,11896050000,164710617,24.79
17/05/2017,-6370,-370300000,57.5(0.88 %),123970,7085350000,130340,7455650000,164619157,24.81
18/05/2017,13480,771370000,57.3(-0.35 %),67180,3845190000,53700,3073820000,164667887,24.8
19/05/2017,58210,3333260000,57.3(0.00 %),108210,6191490000,50000,2858230000,164768217,24.79
22/05/2017,-105780,-6115180000,58.3(1.75 %),5530,320700000,111310,6435880000,164893027,24.77
23/05/2017,-100660,-5847860000,57.9(-0.69 %),740,42810000,101400,5890670000,164945987,24.76
24/05/2017,-103050,-5928090000,57.5(-0.69 %),79210,4552570000,182260,10480660000,164916777,24.76
25/05/2017,-199590,-11544650000,58.3(1.39 %),13520,784590000,213110,12329240000,165014567,24.75
26/05/2017,7230,442590000,60(2.92 %),20720,1252040000,13490,809450000,165095247,24.74
29/05/2017,-5020,-295470000,59.5(-0.83 %),33580,2009560000,38600,2305030000,165243927,24.72
30/05/2017,8080,448820000,58(-2.52 %),122270,7127700000,114190,6678880000,165334767,24.7
31/05/2017,125260,7231990000,57.6(-0.69 %),136180,7860980000,10920,628990000,165212077,24.72
01/06/2017,25950,1502070000,58.2(1.04 %),26950,1560470000,1000,58400000,165223727,24.72
02/06/2017,-29190,-1675490000,58(-0.34 %),16910,979610000,46100,2655100000,165321007,24.7
05/06/2017,159610,9250170000,58(0.00 %),185200,10731880000,25590,1481710000,165146727,24.73
06/06/2017,32750,1895870000,58.1(0.17 %),37750,2186000000,5000,290130000,165109977,24.74
07/06/2017,15130,878650000,58.3(0.34 %),33530,1948670000,18400,1070020000,165122547,24.73
08/06/2017,95660,5541800000,58(-0.51 %),256760,14882210000,161100,9340410000,164891377,24.77
09/06/2017,25840,1495940000,57.8(-0.34 %),219430,12683330000,193590,11187390000,164676947,24.8
12/06/2017,-111980,-6422370000,57.2(-1.04 %),14980,863370000,126960,7285740000,164680367,24.8
13/06/2017,-7620,-429020000,57.7(0.87 %),33290,1912980000,40910,2342000000,164808177,24.78
14/06/2017,53990,3191800000,59.2(2.60 %),146980,8652750000,92990,5460950000,164854787,24.77
15/06/2017,-101250,-5945100000,58.6(-1.01 %),13430,788600000,114680,6733700000,164968317,24.76
16/06/2017,-1528520,-88876520000,58.1(-0.85 %),434530,25246620000,1963050,114123140000,164574697,24.81
19/06/2017,-23440,-1369930000,59(1.55 %),76060,4480500000,99500,5850430000,164591627,24.81
20/06/2017,40760,2400410000,58.6(-0.68 %),45580,2684100000,4820,283690000,164660727,24.8
21/06/2017,29070,1689930000,58(-1.02 %),37070,2153730000,8000,463800000,166586707,24.52
22/06/2017,37010,2156030000,57.8(-0.34 %),51390,2988250000,14380,832220000,166634817,24.51
23/06/2017,18620,1077300000,58.1(0.52 %),19620,1134940000,1000,57640000,166620017,24.51
26/06/2017,17640,1023770000,57.9(-0.34 %),17840,1035370000,200,11600000,166610177,24.52
27/06/2017,76110,4375850000,57.3(-1.04 %),78380,4505980000,2270,130130000,166449157,24.54
28/06/2017,98020,5612920000,57.6(0.52 %),98020,5612920000,0,0,166449157,24.54
29/06/2017,66260,3808810000,57.6(0.00 %),66260,3808810000,0,0,166383097,24.55
30/06/2017,-10080,-579130000,57.5(-0.17 %),6610,380750000,16690,959880000,166378757,24.55
03/07/2017,-91010,-5292700000,58.1(1.04 %),56260,3277250000,147270,8569950000,166322497,24.56
04/07/2017,610,35350000,57.6(-0.86 %),1050,60690000,440,25340000,166321447,24.56
05/07/2017,2520,145200000,58(0.69 %),3870,223330000,1350,78130000,166334267,24.56
06/07/2017,-32000,-1855620000,58(0.00 %),18360,1063960000,50360,2919580000,166463177,24.54
07/07/2017,8120,475270000,58.5(0.86 %),8720,510270000,600,35000000,166454897,24.54
10/07/2017,4240,249950000,58.3(-0.34 %),12240,715950000,8000,466000000,166479237,24.53
11/07/2017,9040,525870000,58.6(0.51 %),15730,916860000,6690,390990000,166478637,24.53
12/07/2017,-27330,-1615920000,59.3(1.19 %),3170,188240000,30500,1804160000,166476067,24.54
13/07/2017,12450,727810000,60(1.18 %),71110,4246640000,58660,3518830000,166412957,24.54
14/07/2017,56770,3443650000,60.3(0.50 %),106770,6451020000,50000,3007370000,166312877,24.56
17/07/2017,28650,1730050000,58.9(-2.32 %),99370,5929090000,70720,4199040000,166244007,24.57
18/07/2017,-7410,-433780000,58.1(-1.36 %),33390,1951100000,40800,2384880000,166269277,24.57
19/07/2017,-369570,-21273240000,57.3(-1.38 %),44840,2602190000,414410,23875430000,166274437,24.56
20/07/2017,22520,1289680000,57.2(-0.17 %),42520,2438040000,20000,1148360000,166302637,24.56
21/07/2017,-78140,-4479020000,57.1(-0.17 %),213510,12196830000,291650,16675850000,166129927,24.59
24/07/2017,81790,4655550000,57.3(0.35 %),102290,5823880000,20500,1168330000,166442047,24.54
25/07/2017,-37900,-2157480000,57.2(-0.17 %),33100,1894250000,71000,4051730000,166428947,24.54
26/07/2017,-172340,-9894690000,57.5(0.52 %),14510,831070000,186850,10725760000,166684637,24.5
27/07/2017,14000,810900000,57.2(-0.52 %),41950,2413330000,27950,1602430000,166684637,24.5
28/07/2017,31900,1827030000,57.6(0.70 %),56510,3238580000,24610,1411550000,166699127,24.5
31/07/2017,-16910,-993870000,59.1(2.60 %),38950,2304060000,55860,3297930000,166847027,24.48
01/08/2017,73420,4343450000,58.8(-0.51 %),73790,4365400000,370,21950000,166801187,24.49
02/08/2017,77720,4531510000,58.2(0.69 %),112990,6583340000,35270,2051830000,166712807,24.5
03/08/2017,-10160,-586570000,57.4(-1.37 %),1240,71730000,11400,658300000,166767427,24.49
04/08/2017,-39030,-2235110000,57.3(-0.17 %),28650,1642660000,67680,3877770000,166739147,24.5
07/08/2017,-5980,-346890000,57.7(0.70 %),15020,869750000,21000,1216640000,166759397,24.49
08/08/2017,3190,186260000,57.3(-0.69 %),13390,772390000,10200,586130000,166757407,24.49
09/08/2017,-165180,-9314870000,56.1(-2.09 %),8740,493900000,173920,9808770000,166816347,24.49
10/08/2017,-1210,-68220000,56.5(0.71 %),8820,496680000,10030,564900000,166828527,24.48
11/08/2017,-18200,-1023760000,56(-0.88 %),15010,841540000,33210,1865300000,166823717,24.48
14/08/2017,-28460,-1597490000,56.5(0.89 %),75680,4256990000,104140,5854480000,166921957,24.47
15/08/2017,73210,4135270000,56.5(0.00 %),106940,6042220000,33730,1906950000,166825047,24.48
16/08/2017,29410,1657980000,56.6(0.18 %),78310,4409070000,48900,2751090000,166779947,24.49
17/08/2017,33500,1886020000,56.2(-0.71 %),63000,3548150000,29500,1662130000,166821087,24.48
18/08/2017,45520,2550740000,56.1(-0.18 %),81420,4562240000,35900,2011500000,166773397,24.49
21/08/2017,-96870,-5354440000,55(-1.96 %),10990,607130000,107860,5961570000,166811307,24.49
22/08/2017,6570,349610000,53.8(-2.18 %),35000,1888630000,28430,1539020000,166805807,24.49
23/08/2017,-26920,-1454370000,53.9(0.19 %),167680,9067020000,194600,10521390000,166674027,24.51
24/08/2017,-22410,-1205890000,53.5(-0.74 %),17000,915690000,39410,2121580000,166764887,24.49
25/08/2017,12430,665750000,53.7(0.37 %),12430,665750000,0,0,166780887,24.49
28/08/2017,4380,236990000,54.1(0.74 %),4380,236990000,0,0,166971107,24.46
29/08/2017,-116810,-6303390000,54(-0.18 %),20220,1096230000,137030,7399620000,166990297,24.46
30/08/2017,52680,2835170000,53.8(-0.37 %),52680,2835170000,0,0,166937617,24.47
31/08/2017,-31120,-1680250000,53.9(0.19 %),49480,2672640000,80600,4352890000,166888137,24.47
01/09/2017,54120,2950230000,54.6(1.30 %),54190,2954050000,70,3820000,166970977,24.46
05/09/2017,37020,2025380000,54.7(0.18 %),37070,2028110000,50,2730000,166933907,24.47
06/09/2017,-38390,-2093450000,54.5(-0.37 %),51910,2840060000,90300,4933510000,166962597,24.46
07/09/2017,17450,954180000,54.5(0.00 %),43450,2371880000,26000,1417700000,166919217,24.47
08/09/2017,1210,69740000,55.1(1.10 %),21260,1172710000,20050,1102970000,166898007,24.47
11/09/2017,5590,327330000,56.1(1.81 %),40090,2247110000,34500,1919780000,166948217,24.47
12/09/2017,-15040,-845630000,56.6(0.89 %),36010,2035400000,51050,2881030000,166938207,24.47
13/09/2017,23290,1313790000,56.4(-0.35 %),25230,1423190000,1940,109400000,166933027,24.47
14/09/2017,17030,954870000,56(-0.71 %),20150,1129960000,3120,175090000,166947383,24.47
15/09/2017,21890,1232620000,56.6(1.07 %),33050,1863180000,11160,630560000,166965383,24.46
18/09/2017,25050,1403640000,56(-1.06 %),39260,2200960000,14210,797320000,166928063,24.47
19/09/2017,70290,3970530000,56.2(0.36 %),71950,4064210000,1660,93680000,166859233,24.48
20/09/2017,62120,3498980000,56.5(0.53 %),105060,5911860000,42940,2412880000,166765333,24.49
21/09/2017,-30310,-1723380000,56.9(0.71 %),13820,787110000,44130,2510490000,166765723,24.49
22/09/2017,4740,270000000,57(0.18 %),10460,594880000,5720,324880000,166756923,24.49
25/09/2017,-3320,-183740000,56.3(-1.23 %),27020,1522460000,30340,1706200000,166772843,24.49
26/09/2017,67210,3747570000,55.8(-0.89 %),77480,4320870000,10270,573300000,166739493,24.5
27/09/2017,32190,1783110000,55.7(-0.18 %),121730,6760150000,89540,4977040000,166623483,24.51
28/09/2017,70130,3871190000,55(-1.26 %),112860,6241300000,42730,2370110000,166540964,24.53
29/09/2017,9840,542710000,55(0.00 %),17080,940720000,7240,398010000,166534154,24.53
02/10/2017,-34160,-1846960000,53.5(-2.73 %),39180,2100600000,73340,3947560000,166584514,24.52
03/10/2017,-25180,-1336860000,53.9(0.75 %),10,540000,25190,1337400000,166627234,24.51
04/10/2017,7870,424480000,53.9(0.00 %),12700,683050000,4830,258570000,166621774,24.51
05/10/2017,1860,99820000,53.6(-0.56 %),4200,225500000,2340,125680000,166690914,24.5
06/10/2017,2550,136790000,54.1(0.93 %),3550,190710000,1000,53920000,166712554,24.5
09/10/2017,430,22350000,53.1(-1.85 %),5060,269660000,4630,247310000,166712328,24.5
10/10/2017,-22880,-1222890000,53.3(0.38 %),20900,1114330000,43780,2337220000,166693768,24.5
11/10/2017,-44240,-2376310000,53.6(0.56 %),6030,322780000,50270,2699090000,166688738,24.5
12/10/2017,65310,3698670000,55.5(3.54 %),222260,12133820000,156950,8435150000,166471108,24.54
13/10/2017,17650,976460000,55.2(-0.54 %),20050,1110220000,2400,133760000,166494838,24.53
16/10/2017,106020,5940720000,55.6(0.72 %),268580,15037690000,162560,9096970000,166276528,24.56
17/10/2017,56150,3150450000,55.7(0.18 %),57810,3243310000,1660,92860000,166375668,24.55
18/10/2017,14510,816070000,56.1(0.72 %),17720,996250000,3210,180180000,166360348,24.55
19/10/2017,20220,1144850000,56.1(0.00 %),24260,1372320000,4040,227470000,166498648,24.53
20/10/2017,160,330000,55(-1.96 %),28220,1557240000,28060,1556910000,166472088,24.54
23/10/2017,-2860,-150370000,54(-1.82 %),31810,1730340000,34670,1880710000,166443488,24.54
24/10/2017,-1540,-79530000,53.7(-0.56 %),36110,1952480000,37650,2032010000,166411418,24.54
25/10/2017,-16720,-900890000,54.4(1.30 %),43080,2338550000,59800,3239440000,166396398,24.55
26/10/2017,63220,3443570000,54.5(0.18 %),64920,3535660000,1700,92090000,166366148,24.55
27/10/2017,-113840,-6016560000,53(-2.75 %),33820,1836170000,147660,7852730000,166369978,24.55
30/10/2017,-170850,-8880000000,51.7(-2.45 %),30710,1650290000,201560,10530290000,166399068,24.55
31/10/2017,-275160,-13852450000,50(-3.29 %),87840,4426700000,363000,18279150000,166312928,24.56
01/11/2017,-34730,-1743060000,50.6(1.20 %),109190,5477300000,143920,7220360000,166351398,24.55
02/11/2017,-8750,-426880000,49.5(-2.17 %),10700,538010000,19450,964890000,166542258,24.53
03/11/2017,30,2920000,50.4(1.82 %),17080,843290000,17050,840370000,166888178,24.47
06/11/2017,54030,2765750000,51.1(1.39 %),59160,3025840000,5130,260090000,166972938,24.46
07/11/2017,-23620,-1209590000,51.3(0.39 %),43540,2239570000,67160,3449160000,166948848,24.47
08/11/2017,16380,839420000,51.5(0.39 %),129020,6646990000,112640,5807570000,166836878,24.48
09/11/2017,-69970,-3644570000,51.6(0.19 %),54880,2847810000,124850,6492380000,166787128,24.49
10/11/2017,-63460,-3294110000,52(0.78 %),75850,3936970000,139310,7231080000,166778438,24.49
13/11/2017,-105070,-5571660000,52.9(1.73 %),104010,5466380000,209080,11038040000,166787068,24.49
14/11/2017,-29200,-1554250000,53.1(0.38 %),59450,3156320000,88650,4710570000,166852468,24.48
15/11/2017,37830,1989140000,52.5(-1.13 %),106500,5615250000,68670,3626110000,166885278,24.48
16/11/2017,8960,471510000,52.2(-0.57 %),63900,3339490000,54940,2867980000,167030458,24.45
17/11/2017,-276030,-14601650000,52.5(0.57 %),45500,2398430000,321530,17000080000,167073608,24.45
20/11/2017,-80980,-4257860000,52.4(-0.19 %),48110,2528270000,129090,6786130000,167094168,24.44
21/11/2017,-45350,-2496910000,55(4.96 %),303770,16777660000,349120,19274570000,166845338,24.48
22/11/2017,84770,4795080000,57.4(4.36 %),553620,31526890000,468850,26731810000,166613248,24.52
23/11/2017,82280,4756680000,57.2(-0.35 %),289550,16640390000,207270,11883710000,166452788,24.54
24/11/2017,-97210,-5566680000,57.6(0.70 %),184900,10564160000,282110,16130840000,166617008,24.51
27/11/2017,71020,4172950000,58.4(1.39 %),76430,4489990000,5410,317040000,167009428,24.46
28/11/2017,126050,7322560000,57.5(-1.54 %),143270,8316880000,17220,994320000,167073428,24.45
29/11/2017,234890,13831700000,61(6.09 %),245510,14457590000,10620,625890000,167110028,24.44
30/11/2017,62370,3800210000,59.9(-1.80 %),69050,4206630000,6680,406420000,167046388,24.45
01/12/2017,80900,4888400000,60.7(1.34 %),133910,8102080000,53010,3213680000,166929698,24.47
04/12/2017,42360,2612090000,60.5(-0.33 %),733970,44995170000,691610,42383080000,166806348,24.49
05/12/2017,37570,2255950000,58(-4.13 %),267340,16144860000,229770,13888910000,166749328,24.5
06/12/2017,151570,8908770000,59.9(3.28 %),171850,10094930000,20280,1186160000,166630488,24.51
07/12/2017,59620,3549790000,61(1.84 %),318350,19190630000,258730,15640840000,166403748,24.55
08/12/2017,59790,3742000000,62.1(1.80 %),226350,14083500000,166560,10341500000,166233528,24.57
11/12/2017,57910,3558480000,58.5(-5.80 %),100080,6044010000,42170,2485530000,166153728,24.58
12/12/2017,-179230,-10325510000,57.5(-1.71 %),230810,13073580000,410040,23399090000,166181648,24.58
13/12/2017,49330,2810230000,57.5(0.00 %),259610,14823110000,210280,12012880000,166180918,24.58
14/12/2017,-38430,-2202420000,57.2(-0.52 %),55650,3199340000,94080,5401760000,166167438,24.58
15/12/2017,-141200,-8074980000,57(-0.35 %),51220,2927930000,192420,11002910000,166526258,24.53
18/12/2017,-94180,-5462210000,58.4(2.46 %),49110,2866510000,143290,8328720000,166565108,24.52
19/12/2017,98220,5898980000,60.1(2.91 %),258790,15524200000,160570,9625220000,166400398,24.55
20/12/2017,-25260,-1520210000,59.8(-0.50 %),121230,7355660000,146490,8875870000,166471588,24.54
21/12/2017,-99570,-6045100000,60.5(1.17 %),99020,6031470000,198590,12076570000,166515858,24.53
22/12/2017,-1280,-56370000,61.7(1.98 %),155100,9527080000,156380,9583450000,166521328,24.53
25/12/2017,28640,1952230000,65.5(6.16 %),220910,14090890000,192270,12138660000,166446914,24.54
26/12/2017,175110,11489720000,66(0.76 %),189200,12414650000,14090,924930000,166456311,24.54
27/12/2017,79360,5249730000,66.4(0.61 %),129670,8557420000,50310,3307690000,166483021,24.53
28/12/2017,299940,20031740000,67.8(2.11 %),312450,20863890000,12510,832150000,166362841,24.55
29/12/2017,22090,1512390000,65.3(-3.69 %),59730,3980260000,37640,2467870000,166317201,24.56
02/01/2018,229830,15386090000,68.2(4.44 %),299410,20096750000,69580,4710660000,166068101,24.6
03/01/2018,63430,4303030000,67(-1.76 %),97830,6626630000,34400,2323600000,165982781,24.61
04/01/2018,142220,9604930000,67.7(1.04 %),177610,11992440000,35390,2387510000,165842811,24.63
05/01/2018,-16830,-1101030000,66.2(-2.22 %),186200,12451310000,203030,13552340000,165726191,24.65
08/01/2018,39780,2665070000,67.4(1.81 %),242850,16224860000,203070,13559790000,165517741,24.68
09/01/2018,-193660,-13297470000,71.3(5.79 %),321730,22564640000,515390,35862110000,165304931,24.71
10/01/2018,5150,423290000,70.4(-1.26 %),248650,17762440000,243500,17339150000,165259311,24.71
11/01/2018,24720,1762870000,70.5(0.14 %),206050,14470090000,181330,12707220000,165256331,24.71
12/01/2018,-14760,-1019370000,69.2(-1.84 %),207090,14577770000,221850,15597140000,165491101,24.68
15/01/2018,399310,28434340000,73(5.49 %),487560,34699280000,88250,6264940000,165247041,24.72
16/01/2018,31630,2330210000,72(-1.37 %),134330,9710910000,102700,7380700000,165324041,24.7
17/01/2018,250800,18158930000,70(-2.78 %),281050,20353280000,30250,2194350000,165264841,24.71
18/01/2018,441720,30891200000,72(2.86 %),467130,32658180000,25410,1766980000,164885961,24.77
19/01/2018,270530,19990040000,75.4(4.72 %),327330,24229180000,56800,4239140000,164631331,24.81
22/01/2018,285120,22274920000,78.7(4.38 %),460080,36021710000,174960,13746790000,164201501,24.87
25/01/2018,320290,25585100000,80(1.65 %),372920,29783370000,52630,4198270000,164085759,24.89
26/01/2018,256320,21052240000,83.5(4.38 %),357570,29217050000,101250,8164810000,163728189,24.94
29/01/2018,-11120,-694460000,81.2(-2.75 %),491570,41087410000,502690,41781870000,163374619,24.99
30/01/2018,189830,15666940000,85.7(5.54 %),309250,25552580000,119420,9885640000,163117999,25.03
31/01/2018,45130,3784430000,82(-4.32 %),285930,24354980000,240800,20570550000,162933319,25.06
01/02/2018,2920,304830000,78.5(-4.27 %),356440,29085120000,353520,28780290000,163041569,25.04
02/02/2018,84420,6677990000,80.3(2.29 %),303460,23889870000,219040,17211880000,162857529,25.07
05/02/2018,123440,9345280000,74.7(-6.97 %),409240,31334650000,285800,21989370000,162689089,25.09
06/02/2018,-252890,-17621560000,69.5(-6.96 %),209700,14577240000,462590,32198800000,162732909,25.09
07/02/2018,-46250,-3135560000,71.3(2.59 %),230880,16440160000,277130,19575720000,162721069,25.09
08/02/2018,156660,11390220000,73.4(2.95 %),167330,12150120000,10670,759900000,162839543,25.07
09/02/2018,49630,3532540000,71.6(-2.45 %),150280,10583180000,100650,7050640000,163151853,25.02
12/02/2018,1590,180300000,73.5(2.65 %),147660,10637380000,146070,10457080000,163281323,25.0
13/02/2018,44520,3385200000,75(2.04 %),113980,8617570000,69460,5232370000,163178013,25.02
21/02/2018,145950,11322210000,80.2(6.93 %),581800,45969370000,435850,34647160000,162696863,25.09
22/02/2018,-73450,-6028420000,80(-0.25 %),290250,23833220000,363700,29861640000,162552683,25.11
23/02/2018,168030,13977880000,84.8(6.00 %),495290,41165380000,327260,27187500000,162126853,25.17
26/02/2018,133680,11602320000,86(1.42 %),285160,24785810000,151480,13183490000,162277543,25.15
27/02/2018,81080,7007790000,86.2(0.23 %),144390,12471300000,63310,5463510000,162496853,25.12
28/02/2018,-82220,-6915000000,83.7(-2.90 %),230090,19450430000,312310,26365430000,162594023,25.11
01/03/2018,-84690,-7043610000,82.5(-1.43 %),14940,1243250000,99630,8286860000,162730563,25.09
02/03/2018,-72600,-5946160000,82.4(-0.12 %),130030,10655260000,202630,16601420000,162663843,25.1
05/03/2018,112200,9550160000,84(1.94 %),256820,21835770000,144620,12285610000,162719333,25.09
06/03/2018,26760,2236630000,83(-1.19 %),129070,10746290000,102310,8509660000,162689893,25.09
07/03/2018,109270,9048740000,78.9(-4.94 %),211280,17383630000,102010,8334890000,162681243,25.09
08/03/2018,139550,11231760000,81(2.66 %),166570,13407980000,27020,2176220000,162659293,25.1
09/03/2018,-2420,-186380000,83.9(3.58 %),112830,9407170000,115250,9593550000,162648773,25.1
12/03/2018,132280,11215070000,84.6(0.83 %),189400,16062120000,57120,4847050000,162561383,25.11
13/03/2018,80310,6816790000,83.8(-0.95 %),118330,10019140000,38020,3202350000,162470073,25.12
14/03/2018,131480,11074230000,84.2(0.48 %),266310,22420860000,134830,11346630000,162319013,25.15
15/03/2018,59450,5032780000,83(-1.43 %),85650,7244130000,26200,2211350000,162290483,25.15
16/03/2018,-30440,-2442980000,83(0.00 %),103640,8734080000,134080,11177060000,162224863,25.16
19/03/2018,-43750,-3706980000,87(4.82 %),93780,8041560000,137530,11748540000,162265913,25.15
20/03/2018,-11550,-1021250000,86.1(-1.03 %),111410,9722290000,122960,10743540000,162180703,25.17
21/03/2018,-84090,-7447000000,90(4.53 %),2204120,192783400000,2288210,200230400000,162101643,25.18
22/03/2018,-27110,-2492160000,92(2.22 %),356970,32651290000,384080,35143450000,161957203,25.2
23/03/2018,-80940,-7035010000,87.7(-4.67 %),166100,14615860000,247040,21650870000,161914063,25.21
26/03/2018,19050,1716870000,93(6.04 %),257080,23481380000,238030,21764510000,161954213,25.2
27/03/2018,1700,496440000,93(0.00 %),420000,40313150000,418300,39816710000,161843293,25.22
28/03/2018,60890,5730500000,94(1.08 %),211010,19744110000,150120,14013610000,161879323,25.21
29/03/2018,127050,12038860000,93(-1.06 %),262480,24840230000,135430,12801370000,161854873,25.21
30/03/2018,123710,11583420000,94.5(1.61 %),185180,17300920000,61470,5717500000,162087993,25.18
02/04/2018,22720,2373440000,97.1(2.75 %),132800,13018940000,110080,10645500000,162105313,25.18
03/04/2018,-34000,-3276880000,100.5(3.50 %),1615670,164767880000,1649670,168044760000,162047673,25.19
04/04/2018,64590,6698080000,101(0.50 %),198840,20451600000,134250,13753520000,161910303,25.21
05/04/2018,176010,18642410000,107.2(6.14 %),365140,38665700000,189130,20023290000,161655243,25.24
06/04/2018,-1830,-165790000,107.5(0.28 %),218350,23806390000,220180,23972180000,161663963,25.24
09/04/2018,57010,6060640000,105.5(-1.86 %),294620,31256430000,237610,25195790000,161503593,25.27
10/04/2018,133050,14342500000,107.9(2.27 %),238190,25683490000,105140,11340990000,161454533,25.27
11/04/2018,131050,14309560000,106.8(-1.02 %),373860,40754560000,242810,26445000000,161300853,25.3
12/04/2018,64710,6825830000,106.6(-0.19 %),314470,32661440000,249760,25835610000,161223993,25.31
13/04/2018,59950,6344340000,104.2(-2.25 %),137560,14560490000,77610,8216150000,161191573,25.31
16/04/2018,77970,8068800000,103.4(-0.77 %),153180,15820880000,75210,7752080000,161281203,25.3
17/04/2018,59530,6297040000,107(3.48 %),326830,33332400000,267300,27035360000,161320633,25.29
18/04/2018,-54900,-5727560000,102(-4.67 %),244360,26099060000,299260,31826620000,161153883,25.32
19/04/2018,26490,2848460000,95(-6.86 %),270330,27604860000,243840,24756400000,160958763,25.35
20/04/2018,-36760,-3685570000,99(4.21 %),279540,27419070000,316300,31104640000,160830023,25.36
23/04/2018,77030,7845580000,96(-3.03 %),148960,15133060000,71930,7287480000,160980323,25.34
24/04/2018,129010,12730270000,100(4.17 %),218500,21491940000,89490,8761670000,161005663,25.34
26/04/2018,-74790,-7053550000,93(-7.00 %),474240,44808030000,549030,51861580000,160847723,25.36
27/04/2018,41060,4042420000,92(-1.08 %),527440,50285910000,486380,46243490000,160392213,25.43
02/05/2018,37140,3325260000,87(-5.43 %),2546900,227720890000,2509760,224395630000,160325143,25.44
03/05/2018,35470,3309610000,89.8(3.22 %),190700,16822390000,155230,13512780000,160683473,25.39
04/05/2018,10810,1069590000,87.1(-3.01 %),105990,9700380000,95180,8630790000,161063863,25.33
07/05/2018,4310,383000000,92(5.63 %),9530,846380000,5220,463380000,161173753,25.31
08/05/2018,87280,8251410000,96.5(4.89 %),105830,10010010000,18550,1758600000,161223153,25.31
09/05/2018,-19420,-1837590000,94(-2.59 %),158650,15170780000,178070,17008370000,161159683,25.32
10/05/2018,71980,6870600000,95.4(1.49 %),193070,18439110000,121090,11568510000,160971833,25.34
11/05/2018,-29090,-2722570000,94(-1.47 %),65910,6182170000,95000,8904740000,160924473,25.35
14/05/2018,-47170,-4451760000,95.9(2.02 %),74210,7007860000,121380,11459620000,161028333,25.34
15/05/2018,16630,1647290000,102(6.36 %),109740,11004520000,93110,9357230000,161039683,25.33
16/05/2018,-39720,-3910430000,98.3(-3.63 %),68560,6784590000,108280,10695020000,161066123,25.33
17/05/2018,-36350,-3458540000,93.9(-4.48 %),35890,3583980000,72240,7042520000,161151613,25.32
18/05/2018,-1460,-149680000,97(3.30 %),64090,5987700000,65550,6137380000,161180633,25.31
21/05/2018,-72390,-6819000000,90.3(-6.91 %),106270,9993370000,178660,16812370000,161182643,25.31
22/05/2018,-58040,-4946880000,84(-6.98 %),23550,2021660000,81590,6968540000,161231333,25.31
23/05/2018,-8990,-795820000,87(3.57 %),111050,9420890000,120040,10216710000,161185833,25.31
24/05/2018,46310,4098530000,86(-1.15 %),255060,22531800000,208750,18433270000,161194433,25.31
25/05/2018,59060,5141280000,86(0.00 %),180110,15692710000,121050,10551430000,161095913,25.33
28/05/2018,40750,3464980000,82(-4.65 %),119580,10118530000,78830,6653550000,161096373,25.33
29/05/2018,-8960,-701950000,83.4(1.71 %),47730,3948160000,56690,4650110000,161172393,25.31
30/05/2018,44710,3779320000,84.9(1.80 %),81680,6904440000,36970,3125120000,161211763,25.31
31/05/2018,2390,217560000,86.5(1.88 %),66980,5850260000,64590,5632700000,161223613,25.31
01/06/2018,68100,6057470000,90.7(4.86 %),82480,7347320000,14380,1289850000,161197823,25.31
04/06/2018,23230,2151710000,94.9(4.63 %),100950,9430650000,77720,7278940000,161160613,25.32
05/06/2018,74120,6990600000,94.9(0.00 %),118580,11187320000,44460,4196720000,161106623,25.32
06/06/2018,18540,1765270000,95.1(0.21 %),35280,3345920000,16740,1580650000,161085723,25.33
07/06/2018,34880,3334830000,95.9(0.84 %),111040,10602960000,76160,7268130000,161025633,25.34
08/06/2018,32480,3107470000,95.9(0.00 %),133750,12761950000,101270,9654480000,160936351,25.35
11/06/2018,12310,1187090000,95.9(0.00 %),99480,9484110000,87170,8297020000,160853611,25.36
12/06/2018,19370,1869780000,93.4(-2.61 %),66500,6216070000,47130,4346290000,160863271,25.36
13/06/2018,-7000,-645220000,92.5(-0.96 %),25050,2308520000,32050,2953740000,160939491,25.35
14/06/2018,-57490,-5121280000,87(-5.95 %),74080,6726830000,131570,11848110000,160952581,25.35
15/06/2018,-189760,-16311250000,85.5(-1.72 %),63180,5524350000,252940,21835600000,160936531,25.35
18/06/2018,-15560,-1338530000,86(0.58 %),62490,5405530000,78050,6744060000,160906091,25.35
19/06/2018,89800,7469640000,82(-4.65 %),300320,24954270000,210520,17484630000,160737341,25.38
20/06/2018,19280,1629200000,83(1.22 %),83140,6867870000,63860,5238670000,160907141,25.35
21/06/2018,79610,6542550000,81(-2.41 %),148660,12249860000,69050,5707310000,160836531,25.36
22/06/2018,21160,1778850000,85(4.94 %),54690,4531090000,33530,2752240000,160992366,25.34
25/06/2018,8580,758190000,86.7(2.00 %),29710,2571790000,21130,1813600000,161026516,25.34
26/06/2018,-21970,-1816930000,84(-3.11 %),16570,1397610000,38540,3214540000,161078996,25.33
27/06/2018,30500,2557730000,83.3(-0.83 %),48330,4051930000,17830,1494200000,161064196,25.33
28/06/2018,18970,1570790000,81.7(-1.92 %),23020,1903270000,4050,332480000,161062306,25.33
29/06/2018,27170,2224558000,81.3(-0.49 %),38220,3123803000,11050,899245000,161035136,25.33
02/07/2018,1150,104368000,77(-5.29 %),52000,4065387000,50850,3961019000,163634261,24.95
03/07/2018,35850,2707010000,73.5(-4.55 %),67030,5065410000,31180,2358400000,160965476,25.35
04/07/2018,-43180,-3077040000,71(-3.40 %),114200,8198180000,157380,11275220000,160862326,25.36
05/07/2018,51070,3650560000,70.2(-1.13 %),62750,4483410000,11680,832850000,160850426,25.36
06/07/2018,34800,2548620000,75(6.84 %),83110,6063110000,48310,3514490000,160798501,25.37
09/07/2018,21590,1623650000,74.2(-1.07 %),26680,2005460000,5090,381810000,160929201,25.35
10/07/2018,5070,403090000,72(-2.96 %),68460,5060360000,63390,4657270000,170836719,24.63
11/07/2018,41800,2995590000,71.5(-0.69 %),142320,10192380000,100520,7196790000,170742709,24.64
12/07/2018,29700,2127879000,72.5(1.40 %),123790,8874821000,94090,6746942000,170713009,23.22
13/07/2018,43360,3213220000,74.3(2.48 %),46310,3432310000,2950,219090000,170641089,24.65
16/07/2018,36910,2764030000,75.6(1.75 %),45990,3445460000,9080,681430000,170695627,24.65
17/07/2018,18890,1403400000,73(-3.44 %),42990,3163090000,24100,1759690000,170746727,24.64
18/07/2018,3410,250370000,73.9(1.23 %),39210,2884205000,35800,2633835000,170743317,23.21
19/07/2018,6620,502330000,75.5(2.17 %),63840,4867970000,57220,4365640000,170655707,24.65
20/07/2018,-35600,-2604500000,71(-5.96 %),31260,2331360000,66860,4935860000,170648547,24.65
23/07/2018,5650,413883000,73.7(3.80 %),21710,1600585000,16060,1186702000,170642897,23.23
24/07/2018,35230,2613130000,74(0.41 %),55220,4087680000,19990,1474550000,170664637,24.65
25/07/2018,99170,7379885000,75(1.35 %),100950,7511608000,1780,131723000,170565467,23.24
26/07/2018,24830,1839090000,74(-1.33 %),28970,2145310000,4140,306220000,170617637,24.66
27/07/2018,8860,655700000,73.9(-0.14 %),11900,880960000,3040,225260000,170625727,24.66
30/07/2018,23970,1805302000,75(1.49 %),24510,1846130000,540,40828000,170601757,23.23
31/07/2018,38720,2996749000,78.1(4.13 %),62260,4833484000,23540,1836735000,170563037,23.24
01/08/2018,22590,1772385000,78(-0.13 %),33440,2626815000,10850,854430000,163634261,24.23
02/08/2018,-740,-60610000,76(-1.30 %),12760,966415000,13500,1027025000,163635001,24.23
03/08/2018,62990,4903714000,78(2.63 %),77530,6022321000,14540,1118607000,163572011,24.23
06/08/2018,-23540,-1796491000,76(-2.56 %),50300,3908927000,73840,5705418000,163595551,24.23
07/08/2018,57040,4350092000,77.1(1.45 %),151660,11532092000,94620,7182000000,163538511,24.24
08/08/2018,47580,3766416000,79.5(3.11 %),87580,6942547000,40000,3176131000,163490931,24.25
09/08/2018,77940,6410214000,82(3.14 %),126950,10424504000,49010,4014290000,163412991,24.26
10/08/2018,96660,8045180000,84.5(3.05 %),128130,10655490000,31470,2610310000,170110997,24.73
13/08/2018,-1510,-121670000,83(-1.78 %),41430,3436800000,42940,3558470000,170109567,24.73
14/08/2018,1500,126100000,82.7(-0.36 %),8180,680320000,6680,554220000,170150397,24.72
15/08/2018,-9220,-747070000,80.6(-2.54 %),4020,328680000,13240,1075750000,170177847,24.72
16/08/2018,-23420,-1879730000,81.9(1.61 %),13390,1070730000,36810,2950460000,170207397,24.72
17/08/2018,74340,6226638000,84.2(2.81 %),123020,10311201000,48680,4084563000,170133057,23.3
20/08/2018,51070,4298625000,84(-0.24 %),76060,6396330000,24990,2097705000,170081987,23.31
21/08/2018,11150,933872000,83.5(-0.60 %),14090,1180608000,2940,246736000,170070837,23.31
22/08/2018,69970,6077180000,87.5(4.79 %),128160,11102170000,58190,5024990000,169971477,24.75
23/08/2018,102210,9114180000,91(4.00 %),188370,16739090000,86160,7624910000,169808097,24.77
24/08/2018,700,72672000,88.1(-3.19 %),101030,9101372000,100330,9028700000,169807397,23.35
27/08/2018,73010,6567753000,90.9(3.18 %),97780,8795585000,24770,2227832000,169734387,23.36
28/08/2018,21500,1953482000,90.9(0.00 %),45480,4120518000,23980,2167036000,169712887,23.36
29/08/2018,19290,1761770000,91.1(0.22 %),71130,6481089000,51840,4719319000,169693597,23.36
30/08/2018,9490,871280000,91.6(0.55 %),16470,1509630000,6980,638350000,169748597,24.78
31/08/2018,43760,4049187000,92.5(0.98 %),71310,6595928000,27550,2546741000,169704837,23.36
04/09/2018,-17460,-1579615000,90.3(-2.38 %),43860,4030600000,61320,5610215000,163634261,24.23
05/09/2018,14500,1296390000,88.5(-1.99 %),44410,3972813000,29910,2676423000,163619761,24.23
06/09/2018,-39190,-3392641000,86(-2.82 %),70810,6202434000,110000,9595075000,163658951,24.22
07/09/2018,-5670,-492312000,88.4(2.79 %),20720,1819919000,26390,2312231000,163664621,24.22
10/09/2018,9200,825710000,89.5(1.24 %),30520,2744310000,21320,1918600000,169668547,24.79
11/09/2018,112770,10371220000,95.7(6.93 %),144770,13312010000,32000,2940790000,169633777,24.8
12/09/2018,7250,684860000,95(-0.73 %),168410,15984300000,161160,15299440000,169491757,24.82
13/09/2018,58860,5766160000,99(4.21 %),234620,22885220000,175760,17119060000,169278457,24.85
14/09/2018,-2080,-200430000,97.7(-1.31 %),36120,3542700000,38200,3743130000,169274337,24.85
17/09/2018,-19980,-1897060000,94(-3.79 %),33150,3161640000,53130,5058700000,169402347,24.83
18/09/2018,3690,335120000,97(3.19 %),59670,5731940000,55980,5396820000,169518437,24.81
19/09/2018,-8470,-807560000,97.5(0.52 %),57880,5622690000,66350,6430250000,169498757,24.82
20/09/2018,4950,483144000,98(0.51 %),27930,2714858000,22980,2231714000,169493807,23.39
21/09/2018,6920,673789000,97.7(-0.31 %),238600,23321995000,231680,22648206000,169486887,24.82
24/09/2018,2740,265907000,97.7(0.00 %),5650,551773000,2910,285866000,169338597,24.84
25/09/2018,1880,182455880,97(-0.72 %),3660,355206660,1780,172750780,169336717,24.84
26/09/2018,-11830,-1135218630,95(-2.06 %),7270,697636470,19100,1832855100,169348547,24.84
27/09/2018,24860,2431383000,98.4(3.58 %),84750,8249775000,59890,5818392000,169323687,24.84
28/09/2018,19920,1964849000,98(-0.41 %),37790,3720573000,17870,1755724000,169303767,24.84
01/10/2018,9840,958425840,97(-1.02 %),36030,3509358030,26190,2550932190,169512483,24.81
02/10/2018,-1200,-91125000,96(-1.03 %),44470,4314492000,45670,4405617000,169513683,24.81
03/10/2018,260,24897000,96(0.00 %),760,72986000,500,48089000,169513423,24.81
04/10/2018,-22280,-2125096000,95.5(-0.52 %),11630,1111622000,33910,3236718000,169535703,24.81
05/10/2018,-11520,-1098963000,96(0.52 %),5370,515899000,16890,1614862000,169547223,24.81
08/10/2018,-23730,-2217050000,93.1(-3.02 %),46520,4357830000,70250,6574880000,169556243,24.81
09/10/2018,-8100,-753680000,92.6(-0.54 %),2340,217850000,10440,971530000,169587813,24.8
10/10/2018,-10630,-967302000,92(-0.65 %),153740,14069263800,164370,15036565800,169598443,24.8
11/10/2018,-73190,-6337258000,87.6(-4.78 %),91250,7903673000,164440,14240931000,169671633,24.79
12/10/2018,-26840,-2272675000,91(3.88 %),130190,11421567000,157030,13694242000,169698473,24.79
15/10/2018,15280,1386747000,90(-1.10 %),60830,5449146000,45550,4062399000,169683193,24.79
16/10/2018,-34600,-3087590000,89.4(-0.67 %),12160,1084930000,46760,4172520000,169717793,24.79
17/10/2018,17450,1570852000,89.5(0.11 %),30530,2746731000,13080,1175879000,169700343,24.79
18/10/2018,-35260,-3156247000,92.2(3.02 %),6940,634235000,42200,3790482000,169735603,24.78
19/10/2018,-30280,-2756107000,92(-0.22 %),18770,1726847000,49050,4482954000,169765883,24.78
22/10/2018,5800,537177000,91.8(-0.22 %),19270,1774562000,13470,1237385000,169760083,24.78
23/10/2018,-14080,-1279316000,92(0.22 %),3220,293015000,17300,1572331000,169774163,24.78
24/10/2018,-51190,-4720592000,93(1.09 %),5020,463081000,56210,5183673000,169825353,24.77
25/10/2018,-80510,-7376610000,92.9(-0.11 %),28650,2634786000,109160,10011396000,169905863,24.76
26/10/2018,-51980,-4754714560,93.5(0.65 %),63990,5853293280,115970,10608007840,169957843,24.75
29/10/2018,27580,2587310000,94.7(1.28 %),127100,11940600000,99520,9353290000,169691383,24.79
30/10/2018,33050,3237791000,96.4(1.80 %),147880,14073600000,114830,10835809000,169658333,24.79
31/10/2018,151840,14918267000,98.1(1.76 %),212420,20830301000,60580,5912034000,169506493,24.82
01/11/2018,155310,15287423000,98.5(0.41 %),236060,23230748000,80750,7943325000,169518603,24.81
02/11/2018,-15020,-1448398000,95.8(-2.74 %),26290,2538718000,41310,3987116000,169533623,24.81
05/11/2018,-11630,-1090040000,92.9(-3.03 %),11670,1096700000,23300,2186740000,169567513,24.81
06/11/2018,1560,145862000,93.5(0.65 %),21340,1990875000,19780,1845013000,169565953,24.81
07/11/2018,1940,186962000,94.3(0.86 %),8220,778039000,6280,591077000,169564013,24.81
08/11/2018,23880,2263742000,94.2(-0.11 %),95150,8991450000,71270,6727708000,169540133,24.81
09/11/2018,28230,2681601000,95.7(1.59 %),31090,2953627000,2860,272026000,169511903,24.81
12/11/2018,28710,2778787000,97.6(1.99 %),53180,5151574000,24470,2372787000,169483193,24.82
13/11/2018,11630,1151418000,99(1.43 %),36810,3586303000,25180,2434885000,169471563,24.82
14/11/2018,15090,1473705000,98(-1.01 %),69910,6849093000,54820,5375388000,169456473,24.82
15/11/2018,10570,994114000,94(-4.08 %),55530,5262647000,44960,4268533000,169445903,24.82
16/11/2018,-7190,-675497000,94.8(0.85 %),24920,2354000000,32110,3029497000,169453093,24.82
19/11/2018,-18910,-1760890000,95(0.21 %),32290,3036950000,51200,4797840000,169489093,24.82
20/11/2018,-23890,-2225410000,94.7(-0.32 %),22390,2104040000,46280,4329450000,169511663,24.81
21/11/2018,-8840,-824670000,94(-0.74 %),27270,2550970000,36110,3375640000,169516503,24.81
22/11/2018,10900,1059012000,96.2(2.34 %),42940,4103001000,32040,3043989000,169505603,24.82
23/11/2018,35250,3432966000,97.9(1.77 %),53250,5164648000,18000,1731682000,169470353,24.82
26/11/2018,12380,1209462000,97.9(0.00 %),126940,12368695000,114560,11159233000,169457973,24.82
27/11/2018,13160,1284625000,97.6(-0.31 %),61300,5977077000,48140,4692452000,169444813,24.82
28/11/2018,-1550,-146445000,97.3(-0.31 %),26360,2563027000,27910,2709472000,169446363,24.82
29/11/2018,-33510,-3201428000,95(-2.36 %),18090,1732350000,51600,4933778000,169479873,24.82
30/11/2018,-61800,-5832074000,95.8(0.84 %),112590,11094179000,174390,16926253000,169541673,24.81
03/12/2018,-34820,-3388741000,97.3(1.57 %),11830,1150808000,46650,4539549000,169437443,24.83
04/12/2018,-36020,-3523764000,98.2(0.92 %),3760,368419000,39780,3892183000,169473463,24.82
05/12/2018,-71550,-7225957000,102.5(4.38 %),42490,4298925000,114040,11524882000,169545013,24.81
06/12/2018,-3910,-399009000,101.8(-0.68 %),46010,4678958000,49920,5077967000,169548923,24.81
07/12/2018,-36230,-3694405000,102.4(0.59 %),26930,2759318000,63160,6453723000,169585153,24.8
10/12/2018,140,12547000,101.8(-0.59 %),12210,1236599000,12070,1224052000,169585013,24.8
11/12/2018,-8580,-862979000,100.3(-1.47 %),41800,4192080000,50380,5055059000,169593593,24.8
12/12/2018,-4880,-492752000,102(1.69 %),72070,7383346000,76950,7876098000,169598473,24.8
13/12/2018,-29710,-3016802000,101(-0.98 %),54830,5561726000,84540,8578528000,169628183,24.8
14/12/2018,-26050,-2606578000,99.4(-1.58 %),43690,4367323000,69740,6973901000,169654233,24.79
17/12/2018,9110,909202000,98.6(-0.80 %),26930,2683329000,17820,1774127000,169645123,24.8
18/12/2018,-21670,-2058079000,94(-4.67 %),40050,3802442000,61720,5860521000,169666793,24.79
19/12/2018,-6680,-583663000,91(-3.19 %),97710,9123418000,104390,9707081000,169673473,24.79
20/12/2018,-7450,-678019000,93.3(2.53 %),44870,4164920000,52320,4842939000,169680923,24.79
21/12/2018,61100,5827766000,95.2(2.04 %),96030,9090848000,34930,3263082000,169619823,24.8
24/12/2018,-19500,-1804910000,92(-3.36 %),19610,1818410000,39110,3623320000,169785603,24.78
25/12/2018,9860,901340000,92(0.00 %),11160,1020940000,1300,119600000,169826763,24.77
26/12/2018,12330,1130270000,90.7(-1.41 %),68050,6185594000,55720,5055324000,169814433,24.77
27/12/2018,16610,1541680000,92.3(1.76 %),17650,1637710000,1040,96030000,169797823,24.77
28/12/2018,15840,1445880000,89(-3.58 %),29390,2679860000,13550,1233980000,169787013,24.78
02/01/2019,16580,1497864000,89(0.00 %),60500,5443345000,43920,3945481000,169783273,24.78
03/01/2019,13850,1241892000,89.2(0.22 %),38490,3430470000,24640,2188578000,169769423,24.78
04/01/2019,-34440,-2955822000,88.6(-0.67 %),105850,9222632000,140290,12178454000,169803863,24.77
07/01/2019,4490,411446000,88.6(0.00 %),54670,4864386000,50180,4452940000,169799373,24.77
08/01/2019,13970,1236345000,88.2(-0.45 %),26540,2348881000,12570,1112536000,169785403,24.78
09/01/2019,18060,1697376000,89(0.91 %),59590,5319422000,41530,3622046000,169767343,24.78
10/01/2019,-4300,-365670000,89.5(0.56 %),23400,2093140000,27700,2458810000,169747313,24.78
11/01/2019,13680,1238368000,90.4(1.01 %),16110,1458661000,2430,220293000,169733633,24.78
14/01/2019,-3070,-273832000,88.5(-2.10 %),7460,663250000,10530,937082000,169736703,24.78
15/01/2019,-9210,-814307000,88.7(0.23 %),19400,1726173000,28610,2540480000,169745913,24.78
16/01/2019,22780,2045234000,90(1.47 %),38380,3443884000,15600,1398650000,169723133,24.78
17/01/2019,35190,3230426000,91.9(2.11 %),39360,3615080000,4170,384654000,169687943,24.79
18/01/2019,24040,2204940000,91.9(0.00 %),31110,2849980000,7070,645040000,169718863,24.79
21/01/2019,2390,222720000,92(0.11 %),14390,1320140000,12000,1097420000,169720073,24.78
22/01/2019,-2950,-257060000,90(-2.17 %),37520,3432530000,40470,3689590000,169686723,24.79
23/01/2019,1840,170410000,90.3(0.33 %),40310,3655510000,38470,3485100000,169653483,24.79
24/01/2019,10390,944220000,90.3(0.00 %),30880,2799590000,20490,1855370000,169634603,24.8
25/01/2019,16450,1507500000,91.9(1.77 %),19810,1812940000,3360,305440000,169655263,24.79
28/01/2019,17150,1592119000,93.1(1.31 %),34750,3223904000,17600,1631785000,169673593,24.79
29/01/2019,37800,3541877000,94.4(1.40 %),50490,4733351000,12690,1191474000,169635793,24.8
30/01/2019,13040,1450530000,96.5(2.22 %),81200,7725640000,68160,6275110000,169551143,24.81
31/01/2019,-15010,-1358010000,92.2(-4.46 %),52920,5063045000,67930,6421055000,169637763,24.8
01/02/2019,13170,1238330000,95.7(3.80 %),84020,7887670000,70850,6649340000,169478703,24.82
11/02/2019,20180,1922840000,95.5(-0.21 %),52070,4966839000,31890,3043999000,169508333,24.82
12/02/2019,-14570,-1384150000,95.1(-0.42 %),40240,3831600000,54810,5215750000,169522483,24.81
13/02/2019,-47930,-4556290000,96.5(1.47 %),53180,5074140000,101110,9630430000,169505943,24.82
14/02/2019,11930,1169150000,96.3(-0.21 %),105490,10292890000,93560,9123740000,169432343,24.83
15/02/2019,-18790,-1797769000,95.5(-0.83 %),37330,3606482000,56120,5404251000,169577693,24.81
18/02/2019,-51390,-4764970000,93(-2.62 %),23630,2260540000,75020,7025510000,169527303,24.81
19/02/2019,3460,327680000,94.2(1.29 %),13910,1311290000,10450,983610000,169606953,24.8
20/02/2019,12540,1201197000,96(1.91 %),65240,6243989000,52700,5042792000,169613083,24.8
21/02/2019,-7200,-687668000,95.4(-0.62 %),74320,7091552000,81520,7779220000,169620283,24.8
22/02/2019,-48960,-4736081000,96.5(1.15 %),48990,4731073000,97950,9467154000,169669243,24.79
25/02/2019,-76120,-7277730000,94.9(-1.66 %),73330,7011750000,149450,14289480000,169539363,24.81
26/02/2019,-62800,-5914740000,93.2(-1.79 %),74710,7076720000,137510,12991460000,169581773,24.8
27/02/2019,43450,4119700000,95.2(2.15 %),62520,5929300000,19070,1809600000,169617203,24.8
28/02/2019,36590,3485710000,94(-1.26 %),134220,12702300000,97630,9216590000,169632433,24.8
01/03/2019,-1270,-118380000,93.7(-0.32 %),19390,1818610000,20660,1936990000,169714953,24.79
04/03/2019,29070,2795940000,96.5(2.99 %),78010,7484790000,48940,4688850000,169656013,24.79
05/03/2019,67850,6637810000,98.3(1.87 %),245930,24081420000,178080,17443610000,169507713,24.82
06/03/2019,19270,1888883940,98(-0.31 %),323680,31726960960,304410,29838077020,169618153,24.8
07/03/2019,-10340,-1009615000,96.6(-1.43 %),64150,6267082000,74490,7276697000,169628493,24.8
08/03/2019,-18260,-1743130000,95.4(-1.24 %),8390,798920000,26650,2542050000,169639173,24.8
11/03/2019,-30150,-2881625000,95.6(0.21 %),55640,5317262000,85790,8198887000,169676903,24.79
12/03/2019,-39660,-3808699000,95.8(0.21 %),156700,15028827000,196360,18837526000,169716563,24.79
13/03/2019,-33670,-3232140000,96(0.21 %),104210,10017460000,137880,13249600000,169448173,24.82
14/03/2019,-9320,-897620000,95.8(-0.21 %),83840,8101750000,93160,8999370000,169450123,24.82
15/03/2019,28220,2722849000,96.3(0.52 %),465800,44955866000,437580,42233017000,169731333,24.78
18/03/2019,-28010,-2671860000,95(-1.35 %),55510,5337630000,83520,8009490000,169263053,24.85
19/03/2019,66510,6317500000,95.3(0.32 %),176210,16769970000,109700,10452470000,169180003,24.86
20/03/2019,17610,1716378000,97.6(2.41 %),184090,17784058000,166480,16067680000,169675223,24.79
21/03/2019,20760,2015450000,96(-1.64 %),45660,4435620000,24900,2420170000,169471743,24.82
22/03/2019,-7800,-745030000,96.1(0.10 %),53360,5132560000,61160,5877590000,169528083,24.81
25/03/2019,21360,2050347000,95.5(-0.62 %),66500,6368082000,45140,4317735000,169640903,24.8
26/03/2019,-17580,-1667290000,94.6(-0.94 %),50330,4801260000,67910,6468550000,169602633,24.8
27/03/2019,17840,1713917000,95.7(1.16 %),42540,4086321000,24700,2372404000,169640643,24.8
28/03/2019,-3070,-291151000,96(0.31 %),31410,3005880000,34480,3297031000,169643713,24.8
29/03/2019,15340,1513770000,95(-1.04 %),91100,8766880000,75760,7253110000,169611793,24.8
01/04/2019,0,0,95(0.00 %),0,0,0,0,169636493,24.8
02/04/2019,-31820,-3002556000,94.3(-0.74 %),31300,2972324000,63120,5974880000,169668313,24.79
03/04/2019,-41380,-3851540000,93(-1.38 %),43470,4051099000,84850,7902639000,169709693,24.79
04/04/2019,-340,-30528000,94(1.08 %),30640,2868793000,30980,2899321000,169710033,24.79
05/04/2019,-430,-40280000,93.7(-0.32 %),11970,1124880000,12400,1165160000,169733963,24.78
08/04/2019,-12900,-1215620000,94.1(0.43 %),36070,3397950000,48970,4613570000,169782743,24.78
09/04/2019,36880,3498020000,95(0.96 %),135730,12870050000,98850,9372030000,169677993,24.79
10/04/2019,11330,1073475000,94.5(-0.53 %),30880,2917859000,19550,1844384000,169675153,24.79
11/04/2019,-2990,-280750000,93.9(-0.63 %),38540,3617390000,41530,3898140000,169669943,24.79
12/04/2019,-24070,-2206900000,92.3(-1.70 %),58010,5432820000,82080,7639720000,169710783,24.79
16/04/2019,-2590,-237959000,91.3(-1.08 %),28770,2625909000,31360,2863868000,169704803,24.79
17/04/2019,-6440,-572490000,91.2(-0.11 %),70190,6419330000,76630,6991820000,169672903,24.79
18/04/2019,19120,1749960000,91(-0.22 %),38960,3564990000,19840,1815030000,169716023,24.79
19/04/2019,5620,516449000,91.5(0.55 %),14110,1295009000,8490,778560000,169686503,24.79
22/04/2019,-5500,-496235000,90.3(-1.31 %),10960,989935000,16460,1486170000,169692003,24.79
23/04/2019,4580,421670000,91.8(1.66 %),26510,2408050000,21930,1986380000,169792273,24.77
24/04/2019,4240,389673000,90.9(-0.98 %),13950,1275492000,9710,885819000,169683183,24.79
25/04/2019,-34140,-3061272000,89.4(-1.65 %),59090,5352295000,93230,8413567000,169717323,24.79
26/04/2019,-32050,-2817680000,88.6(-0.89 %),27050,2392040000,59100,5209720000,169739063,24.78
02/05/2019,32500,2678000000,82.4(-7.00 %),32500,2678000000,0,0,169748773,24.78
03/05/2019,3500,268450000,76.7(-6.92 %),22440,1721148000,18940,1452698000,169745273,24.78
06/05/2019,-297510,-21142957000,72.9(-4.95 %),54740,4016792000,352250,25159749000,170042783,24.74
07/05/2019,174930,13209510000,77(5.62 %),439140,33289150000,264210,20079640000,169352283,24.84
08/05/2019,-4140,-252887000,75(-2.60 %),310760,23838708000,314900,24091595000,169871993,24.76
09/05/2019,136760,10063610000,72.8(-2.93 %),438680,32145220000,301920,22081610000,168974033,24.89
10/05/2019,-43050,-3149000000,73.3(0.69 %),278740,20428800000,321790,23577800000,169778283,24.78
13/05/2019,331340,25085440000,76.1(3.82 %),834220,62969220000,502880,37883780000,168940192,24.9
14/05/2019,492980,38109934000,77.8(2.23 %),521260,40292890000,28280,2182956000,168953963,24.89
15/05/2019,216160,17018473000,79(1.54 %),238880,18809965000,22720,1791492000,168737803,24.93
16/05/2019,171630,13500524000,78(-1.27 %),233780,18386847000,62150,4886323000,168566173,24.95
17/05/2019,83710,6581000000,78.4(0.51 %),117670,9243860000,33960,2662860000,168528472,24.95
20/05/2019,146610,11505910000,78.6(0.26 %),150320,11797280000,3710,291370000,168400872,24.97
21/05/2019,121290,9623860000,79.2(0.76 %),209650,16626690000,88360,7002830000,168268372,24.99
22/05/2019,37220,2957380000,78.3(-1.14 %),79140,6254870000,41920,3297490000,168223192,25.0
23/05/2019,38060,2977490000,78.6(0.38 %),55450,4335060000,17390,1357570000,168171452,25.01
24/05/2019,80190,6234600000,77.2(-1.78 %),125490,9713830000,45300,3479230000,168074322,25.02
27/05/2019,100290,7719435000,76.3(-1.17 %),111390,8574081000,11100,854646000,167990972,25.03
28/05/2019,59750,4528846000,76.3(0.00 %),117750,8928129000,58000,4399283000,167931222,25.04
29/05/2019,104530,7992611000,77.1(1.05 %),107050,8184399000,2520,191788000,167826692,25.06
30/05/2019,177860,13774550000,77.5(0.52 %),179360,13891100000,1500,116550000,167648832,25.08
31/05/2019,216690,16685070000,76.8(-0.90 %),234150,18027300000,17460,1342230000,167498332,25.1
03/06/2019,323050,24817262000,77.3(0.65 %),328990,25271942000,5940,454680000,167171862,25.15
04/06/2019,164310,12743420000,77.8(0.65 %),231190,17926090000,66880,5182670000,166982172,25.18
05/06/2019,5810,452890000,77.8(0.00 %),35110,2734450000,29300,2281560000,166964522,25.18
06/06/2019,1880,145010000,77.8(0.00 %),39600,3065680000,37720,2920670000,166930862,25.18
07/06/2019,68060,5320320000,78.3(0.64 %),75820,5926440000,7760,606120000,166881922,25.19
10/06/2019,43130,3406850000,79(0.89 %),52960,4182890000,9830,776040000,166858262,25.19
11/06/2019,255670,20264220000,79.8(1.01 %),270640,21450450000,14970,1186230000,166625342,25.23
12/06/2019,249790,20106360000,80.3(0.63 %),275530,22175330000,25740,2068970000,166357572,25.26
13/06/2019,142710,11418314000,80(-0.37 %),265800,21265511000,123090,9847197000,166205302,25.29
14/06/2019,213260,17140670000,80(0.00 %),338750,27234150000,125490,10093480000,165898822,25.33
17/06/2019,191670,15344700000,80.5(0.62 %),220650,17662950000,28980,2318250000,165703912,25.36
18/06/2019,256890,20605770000,80.5(0.00 %),342140,27428480000,85250,6822710000,165400862,25.4
19/06/2019,78530,6291850000,79.8(-0.87 %),182000,14572080000,103470,8280230000,165385932,25.4
20/06/2019,137430,11046426000,80.4(0.75 %),204930,16429965000,67500,5383539000,165327522,25.41
21/06/2019,240120,19101554000,79.5(-1.12 %),417140,33185741000,177020,14084187000,165087402,25.45
24/06/2019,324390,26005190000,80.3(1.01 %),442960,35503840000,118570,9498650000,164460022,25.54
25/06/2019,45170,3629934000,80.1(-0.25 %),167920,13473010000,122750,9843076000,164717842,25.5
26/06/2019,234140,18817627000,80.8(0.87 %),342920,27548838000,108780,8731211000,164483702,25.53
27/06/2019,83340,6764513000,80.9(0.12 %),93910,7620984000,10570,856471000,164400362,25.54
28/06/2019,92450,7467430000,80.8(-0.12 %),97640,7886190000,5190,418760000,164243472,25.57
01/07/2019,73280,5930220000,81.1(0.37 %),96660,7817420000,23380,1887200000,164255592,25.56
02/07/2019,44430,3607313000,81.3(0.25 %),63470,5150178000,19040,1542865000,164307822,25.56
03/07/2019,-10980,-894500000,82.7(1.72 %),44270,3633950000,55250,4528450000,164163612,25.58
04/07/2019,21340,1769090000,82.7(0.00 %),60200,4989370000,38860,3220280000,164126792,25.58
05/07/2019,52040,4319451000,82.9(0.24 %),57460,4768850000,5420,449399000,164245422,25.57
08/07/2019,130370,10815630000,82.9(0.00 %),137460,11402730000,7090,587100000,164006162,25.6
09/07/2019,99480,8263180000,83.4(0.60 %),128770,10694660000,29290,2431480000,163916252,25.61
10/07/2019,97580,8184030000,84.6(1.44 %),140670,11809930000,43090,3625900000,163781002,25.63
11/07/2019,70880,6012057000,84.9(0.35 %),93190,7905220000,22310,1893163000,163847112,25.62
12/07/2019,76590,6531833000,84.9(0.00 %),92920,7925085000,16330,1393252000,163770522,25.63
15/07/2019,123070,10381210000,84.3(-0.71 %),141340,11926500000,18270,1545290000,163573022,25.66
16/07/2019,138730,11848060000,86.4(2.49 %),165240,14111770000,26510,2263710000,163430092,25.68
17/07/2019,202760,17761540000,88(1.85 %),316520,27738890000,113760,9977350000,163129902,25.73
18/07/2019,36700,3194745000,85.8(-2.50 %),242310,20974915000,205610,17780170000,163269262,25.71
19/07/2019,-144100,-12183990000,84.5(-1.52 %),61080,5170930000,205180,17354920000,162871292,25.76
22/07/2019,5270,459950000,85.8(1.54 %),23450,2002450000,18180,1542500000,162961602,25.75
23/07/2019,-3440,-294930000,84.2(-1.86 %),54180,4600079000,57620,4895009000,163411532,25.69
24/07/2019,18060,1539278000,85.2(1.19 %),41500,3515023000,23440,1975745000,163393472,25.69
25/07/2019,1070,100068000,84.8(-0.47 %),105490,8951421000,104420,8851353000,163392402,25.69
26/07/2019,50470,4315420000,85.4(0.71 %),107750,9215480000,57280,4900060000,163139278,25.72
29/07/2019,41390,3533160000,85.5(0.12 %),82920,7068860000,41530,3535700000,163079798,25.73
30/07/2019,30830,2630616000,85.3(-0.23 %),47940,4089422000,17110,1458806000,163269712,25.71
31/07/2019,-23460,-1973210000,84(-1.52 %),22780,1931350000,46240,3904560000,163170778,25.72
01/08/2019,-80730,-6801300000,84.2(0.24 %),9160,771060000,89890,7572360000,163203148,25.71
02/08/2019,-513730,-42670820000,83(-1.43 %),16000,1338640000,529730,44009460000,163204258,25.71
05/08/2019,-196040,-15954610000,78.6(-5.30 %),109240,8802810000,305280,24757420000,163199108,25.72
06/08/2019,-63610,-4924908000,77(-2.04 %),37760,2927634000,101370,7852542000,163585688,25.66
07/08/2019,-26850,-2048460000,75.5(-1.95 %),17470,1342260000,44320,3390720000,163763498,25.63
08/08/2019,46380,3661470000,79.9(5.83 %),94700,7476850000,48320,3815380000,163916228,25.61
09/08/2019,-17080,-1355285000,78(-2.38 %),15370,1221073000,32450,2576358000,163583238,25.66
12/08/2019,3140,245240000,78(0.00 %),9900,772600000,6760,527360000,164036488,25.6
13/08/2019,27200,2121814000,77.3(-0.90 %),63680,4951289000,36480,2829475000,163552898,25.66
14/08/2019,52680,4148107000,78.5(1.55 %),56110,4416724000,3430,268617000,163500218,25.67
15/08/2019,-15240,-1179982000,78.4(-0.13 %),2270,175639000,17510,1355621000,163515458,25.67
16/08/2019,-66790,-5170764000,77.1(-1.66 %),11950,924881000,78740,6095645000,163582248,25.66
19/08/2019,-7480,-574260000,77.7(0.78 %),9630,747850000,17110,1322110000,164020288,25.6
20/08/2019,-7450,-565613000,77(-0.90 %),18110,1401388000,25560,1967001000,163597178,25.66
21/08/2019,-20880,-1612894000,77.8(1.04 %),840,65169000,21720,1678063000,163618058,25.66
22/08/2019,10280,813921000,78.7(1.16 %),48570,3840644000,38290,3026723000,163607778,25.66
23/08/2019,-1170,-76390000,78.5(-0.25 %),39270,3080770000,40440,3157160000,164052418,25.59
26/08/2019,20610,1600120000,77.8(-0.89 %),33350,2585900000,12740,985780000,164040788,25.6
27/08/2019,-15240,-1174180000,77(-1.03 %),44020,3403680000,59260,4577860000,164035058,25.6
28/08/2019,-3080,-236605000,77.2(0.26 %),38190,2937956000,41270,3174561000,163606658,25.66
29/08/2019,-73560,-5598917000,76(-1.55 %),9780,745994000,83340,6344911000,163680218,25.65
30/08/2019,2250,171374000,76(0.00 %),13690,1047985000,11440,876611000,163677968,25.65
03/09/2019,-46980,-3559196000,75.5(-0.66 %),9060,687655000,56040,4246851000,164127108,25.58
04/09/2019,30680,2337280000,76(0.66 %),49830,3780870000,19150,1443590000,164151558,25.58
05/09/2019,13550,1033522000,76(0.00 %),24450,1861203000,10900,827681000,164082878,25.59
06/09/2019,4790,362950000,75.5(-0.66 %),6690,507350000,1900,144400000,164187898,25.57
09/09/2019,-24640,-1846730000,75(-0.66 %),13610,1021490000,38250,2868220000,164193438,25.57
10/09/2019,-181510,-13347796000,72.3(-3.60 %),22890,1686503000,204400,15034299000,164284238,25.56
11/09/2019,-94000,-6774130000,72.2(-0.14 %),27450,1979390000,121450,8753520000,164155898,25.58
12/09/2019,10410,769660000,73.9(2.35 %),12800,946410000,2390,176750000,164181348,25.58
13/09/2019,16380,1211270000,74.3(0.54 %),17750,1313030000,1370,101760000,164367998,25.55
16/09/2019,-9370,-693310000,73.8(-0.67 %),29120,2151440000,38490,2844750000,164460328,25.54
17/09/2019,-24360,-1790034000,73.3(-0.68 %),29850,2197665000,54210,3987699000,164385178,25.55
18/09/2019,4840,358467000,73.7(0.55 %),22600,1667177000,17760,1308710000,164380338,25.55
19/09/2019,10260,757226000,73.7(0.00 %),37420,2755665000,27160,1998439000,164370078,25.55
20/09/2019,-1360630,-98269000000,72(-2.31 %),27850,2018130000,1388480,100287130000,164439068,25.54
23/09/2019,16260,1194340000,73.1(1.53 %),31490,2308090000,15230,1113750000,164425338,25.54
24/09/2019,13590,996644000,73.2(0.14 %),24990,1831513000,11400,834869000,165700858,25.36
25/09/2019,-36280,-2625876000,72.1(-1.50 %),6150,444998000,42430,3070874000,165737138,25.35
26/09/2019,-11590,-836170000,72.3(0.28 %),10460,753730000,22050,1589900000,165814608,25.34
27/09/2019,19650,1451870000,73.3(1.38 %),82450,6016090000,62800,4564220000,165743558,25.35
30/09/2019,8820,667740000,74.8(2.05 %),16100,1210630000,7280,542890000,165769888,25.35
01/10/2019,53300,4045220000,75.7(1.20 %),59360,4503280000,6060,458060000,165732778,25.35
02/10/2019,12580,947741000,74.8(-1.19 %),23200,1743965000,10620,796224000,165779558,25.35
03/10/2019,-5730,-422660000,74.5(-0.40 %),870,64340000,6600,487000000,165778788,25.35
04/10/2019,-46940,-3439340000,72.8(-2.28 %),29440,2176420000,76380,5615760000,165832228,25.34
07/10/2019,-121420,-8765160000,70.7(-2.88 %),16810,1208740000,138230,9973900000,165749218,25.35
08/10/2019,-2100,-153975000,71.9(1.70 %),29060,2082011000,31160,2235986000,165955748,25.32
09/10/2019,-28790,-2041677000,71.2(-0.97 %),180,12824000,28970,2054501000,165984538,25.32
10/10/2019,-40930,-2924030000,71.5(0.42 %),7300,520030000,48230,3444060000,165933568,25.33
11/10/2019,6200,450850000,72.1(0.84 %),12800,927550000,6600,476700000,165951928,25.32
14/10/2019,21510,1552003000,72(-0.14 %),42220,3046234000,20710,1494231000,165997758,25.32
15/10/2019,-6900,-491597000,71.6(-0.56 %),39770,2850142000,46670,3341739000,166004658,25.32
16/10/2019,23610,1693659000,71.8(0.28 %),57200,4104237000,33590,2410578000,165981048,25.32
17/10/2019,-11130,-796344000,71.3(-0.70 %),54690,3908229000,65820,4704573000,165992178,25.32
18/10/2019,14730,1052181000,71.4(0.14 %),42410,3030324000,27680,1978143000,165977448,25.32
21/10/2019,-12320,-878025000,70.8(-0.84 %),32390,2307251000,44710,3185276000,165989768,25.32
22/10/2019,17850,1262060000,70.5(-0.42 %),26100,1843730000,8250,581670000,165907738,25.33
23/10/2019,3170,227060000,70.8(0.43 %),230770,16341730000,227600,16114670000,165909108,25.33
24/10/2019,240,15470000,70.7(-0.14 %),133380,9437970000,133140,9422500000,165920438,25.33
25/10/2019,3510,250646000,71.5(1.13 %),21340,1521483000,17830,1270837000,165964998,25.32
28/10/2019,-84420,-5977207000,71(-0.70 %),62670,4448223000,147090,10425430000,166049418,25.31
29/10/2019,-5680,-401670000,70.9(-0.14 %),259930,18454220000,265610,18855890000,165871028,25.33
30/10/2019,-27910,-1985805000,70.8(-0.14 %),13020,925372000,40930,2911177000,166083008,25.3
31/10/2019,15690,1133270000,72.1(1.84 %),46450,3350450000,30760,2217180000,165976478,25.32
01/11/2019,-22030,-1619658000,74(2.64 %),75850,5577090000,97880,7196748000,166012088,25.31
04/11/2019,1870,140320000,74(0.00 %),12950,963870000,11080,823550000,165964218,25.32
05/11/2019,127750,9573429000,75.2(1.62 %),159680,11966583000,31930,2393154000,165882468,25.33
06/11/2019,63260,4754290000,75.1(-0.13 %),77770,5844420000,14510,1090130000,165855412,25.34
07/11/2019,-6060,-442939000,74.1(-1.33 %),23460,1747147000,29520,2190086000,165825268,25.34
08/11/2019,8560,634539000,73.6(-0.67 %),24170,1789174000,15610,1154635000,165816708,25.34
11/11/2019,7210,540347000,73.6(0.00 %),37410,2769853000,30200,2229506000,165809498,25.34
12/11/2019,-15650,-1148700000,73.8(0.27 %),24340,1791850000,39990,2940550000,165833072,25.34
13/11/2019,970,69150000,73(-1.08 %),12460,914383000,11490,845233000,165824178,25.34
14/11/2019,3480,257550000,73.5(0.68 %),18110,1327210000,14630,1069660000,165848312,25.34
15/11/2019,8320,612233000,73.2(-0.41 %),14550,1070024000,6230,457791000,165812378,25.34
18/11/2019,50840,3717379000,73(-0.27 %),65560,4794104000,14720,1076725000,165761538,25.35
19/11/2019,-22830,-1657070000,72.5(-0.68 %),106680,7739210000,129510,9396280000,165727832,25.35
20/11/2019,-840,-62540000,72.1(-0.55 %),40440,2913150000,41280,2975690000,165691222,25.36
21/11/2019,-24310,-1730285000,70.5(-2.22 %),5740,410570000,30050,2140855000,165809518,25.34
22/11/2019,24680,1756996000,70.9(0.57 %),60400,4289565000,35720,2532569000,165784838,25.35
25/11/2019,53050,3810115000,72.1(1.69 %),65950,4737724000,12900,927609000,165731788,25.35
26/11/2019,1270,105387000,71.4(-0.97 %),58970,4237256000,57700,4131869000,165730518,25.35
27/11/2019,-9090,-644518000,71(-0.56 %),19430,1386029000,28520,2030547000,165739608,25.35
28/11/2019,10050,711610000,70.1(-1.27 %),17230,1217840000,7180,506230000,165727682,25.35
29/11/2019,7810,547000000,70.3(0.29 %),19250,1347990000,11440,800990000,165766132,25.35
02/12/2019,-3360,-234943000,68.5(-2.56 %),12130,849489000,15490,1084432000,165794652,25.35
03/12/2019,-34810,-2399090000,66.7(-2.63 %),33550,2248630000,68360,4647720000,165756152,25.35
04/12/2019,-34790,-2276190000,66.8(0.15 %),19070,1246940000,53860,3523130000,165748522,25.35
05/12/2019,-31860,-2134180000,66.2(-0.90 %),20120,1343890000,51980,3478070000,165743992,25.35
06/12/2019,-10120,-666850000,65.8(-0.60 %),18750,1230070000,28870,1896920000,165793602,25.35
09/12/2019,-12290,-808887000,65.7(-0.15 %),61710,4054544000,74000,4863431000,165918522,25.33
10/12/2019,-80250,-5416880000,67.7(3.04 %),13940,941470000,94190,6358350000,165823892,25.34
11/12/2019,-10910,-737030000,68(0.44 %),28820,1955800000,39730,2692830000,165823942,25.34
12/12/2019,-82240,-5582690000,68(0.00 %),22320,1516810000,104560,7099500000,165875622,25.33
13/12/2019,-66910,-4536115000,68(0.00 %),13800,935086000,80710,5471201000,166158832,25.29
16/12/2019,107120,7706550000,72.7(6.91 %),218560,15576920000,111440,7870370000,165777182,25.35
17/12/2019,95170,7005890000,72.2(-0.69 %),235600,17343080000,140430,10337190000,165646142,25.37
18/12/2019,83600,6118640000,73(1.11 %),207540,15064790000,123940,8946150000,165519952,25.38
19/12/2019,2430,186860000,71.5(-2.05 %),60550,4403510000,58120,4216650000,165570842,25.38
20/12/2019,104920,7682570000,72.5(1.40 %),896520,65171240000,791600,57488670000,164902072,25.47
23/12/2019,13720,987840000,72(-0.69 %),317300,22887261400,303580,21899421400,165751872,25.35
24/12/2019,-40990,-2872762000,69.6(-3.33 %),23540,1660096000,64530,4532858000,165792862,25.35
25/12/2019,1250,86870000,68.7(-1.29 %),2070,144030000,820,57160000,165518452,25.38
26/12/2019,-42750,-2900620000,68(-1.02 %),46140,3140970000,88890,6041590000,144573534,29.52
27/12/2019,13020,891470000,68.8(1.18 %),102090,6976980000,89070,6085510000,144605974,29.52
30/12/2019,-40990,-2872762000,69.4(0.87 %),23540,1660096000,64530,4532858000,165862332,28.23
31/12/2019,32070,2221349000,68.6(-1.15 %),41140,2849760000,9070,628411000,165830262,28.24
02/01/2020,10820,751810000,69(0.58 %),45300,3136180000,34480,2384370000,144536674,29.53
03/01/2020,10960,756543000,68.6(-0.58 %),20660,1421533000,9700,664990000,144571014,31.27
06/01/2020,14540,990330000,67.6(-1.46 %),46370,3154970000,31830,2164640000,144493054,29.54
07/01/2020,10080,682620000,67.5(-0.15 %),23440,1585530000,13360,902910000,144504894,29.53
08/01/2020,-18300,-1207580000,66(-2.22 %),9070,600510000,27370,1808090000,144506164,29.53
09/01/2020,-46970,-3090040000,65.1(-1.36 %),67290,4482130000,114260,7572170000,144471504,29.54
10/01/2020,8430,573126000,67(2.92 %),30080,1997070000,21650,1423944000,144603234,29.52
13/01/2020,9000,603330000,66.7(-0.45 %),47650,3179650000,38650,2576320000,144434984,29.54
14/01/2020,-50180,-3292007000,66(-1.05 %),36030,2370998000,86210,5663005000,144644414,29.51
15/01/2020,17190,1136276000,65.9(-0.15 %),61700,4064950000,44510,2928674000,144627224,29.52
16/01/2020,37090,2448390000,66(0.15 %),109990,7259500000,72900,4811110000,144401824,29.55
17/01/2020,26150,1723260000,65.9(-0.15 %),66300,4365020000,40150,2641760000,144422694,29.54
20/01/2020,-13020,-842100000,65.4(-0.76 %),33130,2184670000,46150,3026770000,144434554,29.54
21/01/2020,-37710,-2464050000,65.9(0.76 %),41830,2743430000,79540,5207480000,144466424,29.54
22/01/2020,10850,744790000,67(1.67 %),61970,4096970000,51120,3352180000,144444604,29.54
30/01/2020,-104790,-6746763000,63.1(-5.82 %),93580,5995800000,198370,12742563000,144560364,29.53
31/01/2020,4620,309970000,58.8(-6.81 %),26040,1669580000,21420,1359610000,144451154,29.54
03/02/2020,-9190,-506737000,55.6(-5.44 %),73290,4034550000,82480,4541287000,144502274,29.53
04/02/2020,28090,1585470000,55.7(0.18 %),195130,10894810000,167040,9309340000,144432224,29.54
05/02/2020,57800,3273210000,56.8(1.97 %),214810,12164070000,157010,8890860000,144238834,29.57
06/02/2020,6960,403820000,58.4(2.82 %),63990,3703900000,57030,3300080000,144258074,29.57
07/02/2020,45610,2715370000,59.8(2.40 %),98380,5857240000,52770,3141870000,144327784,29.56
10/02/2020,-68270,-3923331000,57.5(-3.85 %),82110,4767042000,150380,8690373000,144432084,29.54
11/02/2020,-63120,-3636670000,57.8(0.52 %),105940,6109830000,169060,9746500000,144354524,29.55
12/02/2020,-113400,-6562214000,57.5(-0.52 %),36540,2128530000,149940,8690744000,144608604,29.52
13/02/2020,-63670,-3659612000,57.5(0.00 %),28430,1636782000,92100,5296394000,144672274,29.51
14/02/2020,-139120,-7959072000,57(-0.87 %),33800,1938435000,172920,9897507000,144811394,29.49
17/02/2020,-16820,-947892000,56.4(-1.05 %),37250,2117462000,54070,3065354000,144828214,29.49
18/02/2020,-211670,-11893223000,56.1(-0.53 %),22050,1241524000,233720,13134747000,145039884,29.46
19/02/2020,-129890,-7294970000,56.4(0.53 %),11770,662910000,141660,7957880000,144976804,29.47
20/02/2020,-211970,-12073919000,57.5(1.95 %),25600,1457450000,237570,13531369000,145381744,29.42
21/02/2020,-46080,-2698870000,58.5(1.74 %),18910,1108540000,64990,3807410000,145221284,29.44
24/02/2020,-9900,-563000000,56(-4.27 %),22130,1243550000,32030,1806550000,145340814,29.42
25/02/2020,-4160,-225010000,56.9(1.61 %),10570,595590000,14730,820600000,145567814,29.39
26/02/2020,-43770,-2446804000,55.5(-2.46 %),30990,1731911000,74760,4178715000,145485654,29.4
27/02/2020,-149020,-8215010000,56.4(1.62 %),208070,11497010000,357090,19712020000,145630724,29.38
28/02/2020,-57030,-3124809000,54.9(-2.66 %),51970,2854546000,109000,5979355000,145691704,29.37
02/03/2020,-52330,-2862451000,54.7(-0.36 %),80300,4422046000,132630,7284497000,145651294,29.38
03/03/2020,8040,451580000,55.7(1.83 %),48300,2675213000,40260,2223633000,145643254,29.38
04/03/2020,8300,460523000,55.7(0.00 %),20890,1157143000,12590,696620000,145634954,29.38
05/03/2020,-17030,-948350000,55.2(-0.90 %),235050,13057270000,252080,14005620000,145883774,29.35
06/03/2020,-37210,-2041170000,55.1(-0.18 %),32260,1771640000,69470,3812810000,145891774,29.35
09/03/2020,-46630,-2395080000,51.3(-6.90 %),19370,995970000,66000,3391050000,145884994,29.35
10/03/2020,-212150,-10313260000,48.7(-5.07 %),39500,1936210000,251650,12249470000,145897566,29.35
11/03/2020,-84590,-3962340000,45.6(-6.37 %),44080,2078770000,128670,6041110000,145922956,29.34
12/03/2020,-110420,-4687329000,42.45(-6.91 %),23950,1016677500,134370,5704006500,146142984,29.31
13/03/2020,-345970,-13678607500,40.45(-4.71 %),53940,2135658500,399910,15814266000,146488954,29.27
16/03/2020,-86650,-3456672000,38.5(-4.82 %),32200,1291000500,118850,4747672500,146575604,29.25
17/03/2020,-1410,-40290500,39(1.30 %),43010,1634665500,44420,1674956000,146577014,29.25
18/03/2020,-85350,-3366540000,39(0.00 %),22830,902400000,108180,4268940000,146726876,29.23
19/03/2020,-210560,-7829900000,37.1(-4.87 %),16630,620440000,227190,8450340000,146827591,29.22
20/03/2020,-1347710,-48332051000,34.7(-6.47 %),293050,10195513000,1640760,58527564000,148095424,29.05
23/03/2020,-224290,-7396960000,32.3(-6.92 %),39540,1315211000,263830,8712171000,148319714,29.02
24/03/2020,-122930,-4246980000,34.55(6.97 %),111260,3794580000,234190,8041560000,146763531,29.23
25/03/2020,-210070,-7759280000,36.95(6.95 %),11040,407210000,221110,8166490000,148393251,29.01
26/03/2020,-45140,-1773990000,39.5(6.90 %),54350,2131120000,99490,3905110000,148602731,28.98
27/03/2020,-70610,-2735986000,38(-3.80 %),109290,4247736000,179900,6983722000,148768464,28.96
30/03/2020,-236170,-8445425500,36(-5.26 %),9030,321732000,245200,8767157500,149004634,28.93
31/03/2020,-54630,-2019670000,37(2.78 %),65030,2414690000,119660,4434360000,148974171,28.93
01/04/2020,5980,219020000,39.55(6.89 %),40630,1586850000,34650,1367830000,149113441,28.91
03/04/2020,-21310,-888910000,42.3(6.95 %),99790,4135570000,121100,5024480000,149258851,28.89
06/04/2020,-171420,-7554110000,45.25(6.97 %),32910,1444960000,204330,8999070000,149345601,28.88
07/04/2020,-16220,-751360000,47.8(5.64 %),34460,1575770000,50680,2327130000,149345041,28.88
08/04/2020,-17190,-879458000,47.8(0.00 %),61330,2833588000,78520,3713046000,149339581,28.88
09/04/2020,-111490,-5455290000,47.2(-1.26 %),23560,1142260000,135050,6597550000,149584231,28.85
10/04/2020,-140270,-6487950000,46(-2.54 %),33390,1581130000,173660,8069080000,149601521,28.85
13/04/2020,26000,1224515500,46.25(0.54 %),59640,2793913000,33640,1569397500,149565341,28.85
14/04/2020,-83640,-3863147000,46.2(-0.11 %),30870,1423551000,114510,5286698000,149648981,28.84
15/04/2020,6260,303480000,48.6(5.19 %),8510,411840000,2250,108360000,149888981,28.81
16/04/2020,-25160,-1213470000,48.25(-0.72 %),33660,1624030000,58820,2837500000,149888961,28.81
17/04/2020,-69400,-3347380000,48.45(0.41 %),21930,1062290000,91330,4409670000,149981541,28.8
20/04/2020,6770,324380000,47.85(-1.24 %),15290,731650000,8520,407270000,149730511,28.83
21/04/2020,-34710,-1601445500,45.6(-4.70 %),24250,1125170500,58960,2726616000,149765221,28.82
22/04/2020,-43780,-2021376500,47(3.07 %),35440,1616170500,79220,3637547000,149809001,28.82
23/04/2020,-108720,-5166489000,47.3(0.64 %),25410,1208638000,134130,6375127000,149917721,28.8
24/04/2020,-136480,-6371699500,47(-0.63 %),8960,419618500,145440,6791318000,150054201,28.79
27/04/2020,-71240,-3328470000,46.45(-1.17 %),18740,877510000,89980,4205980000,150153153,28.77
28/04/2020,3930,160040000,46.1(-0.75 %),112730,5160010000,108800,4999970000,150193803,28.77
29/04/2020,-56910,-2624619500,46.2(0.22 %),74480,3445621000,131390,6070240500,150178421,28.77
04/05/2020,-115910,-5253941500,44.1(-4.55 %),4710,216197500,120620,5470139000,150354743,28.75
05/05/2020,-12280,-549380000,45(2.04 %),41410,1846340000,53690,2395720000,150397423,28.74
06/05/2020,-268750,-12068550000,46.5(3.33 %),38730,1739640000,307480,13808190000,150490083,28.73
07/05/2020,-407140,-19092769000,46.95(0.97 %),64610,3026844000,471750,22119613000,151042913,28.65
08/05/2020,-157330,-7574710000,47.9(2.02 %),35060,1691500000,192390,9266210000,150564723,28.72
11/05/2020,-268160,-9943629480,48.15(0.52 %),70540,3209680080,338700,13153309560,151468403,28.6
12/05/2020,-447160,-22039554500,49.8(3.43 %),27300,1337048000,474460,23376602500,151915563,28.54
13/05/2020,-69750,-3577926000,50.5(1.41 %),25800,1310598500,95550,4888524500,151985313,28.53
14/05/2020,-183120,-9182020000,49.7(-1.58 %),17500,876270000,200620,10058290000,151738103,28.56
15/05/2020,-56310,-2761697500,48.25(-2.92 %),22360,1090100500,78670,3851798000,152224743,28.49
18/05/2020,-107870,-5226276500,48.8(1.14 %),30920,1504245000,138790,6730521500,152332613,28.48
19/05/2020,-142940,-7045491500,48.6(-0.41 %),24540,1210586000,167480,8256077500,152475553,28.46
20/05/2020,-135610,-6688181500,49.5(1.85 %),28430,1405051500,164040,8093233000,152611163,28.44
21/05/2020,-94780,-4770212000,50.1(1.21 %),189930,9550063000,284710,14320275000,152705943,28.43
22/05/2020,20240,993510000,49.15(-1.90 %),60800,3017580000,40560,2024070000,152538643,28.45
25/05/2020,-75950,-3747994000,49.5(0.71 %),17570,870659000,93520,4618653000,152761653,28.42
26/05/2020,-226360,-11342471500,52(5.05 %),50780,2592883500,277140,13935355000,152988013,28.39
27/05/2020,84870,4326210000,50.5(-2.88 %),313010,16246000000,228140,11919790000,152648101,28.44
28/05/2020,19920,1010133000,50.4(-0.20 %),28870,1460835000,8950,450702000,152883223,28.4
29/05/2020,-122980,-6131930500,49.95(-0.89 %),40200,2009477500,163180,8141408000,153006203,28.39
01/06/2020,1130,65276000,50.7(1.50 %),49330,2507187000,48200,2441911000,153172731,28.37
02/06/2020,-148040,-7501774500,49.9(-1.58 %),113030,5735267500,261070,13237042000,153320771,28.35
03/06/2020,-415740,-20654507500,49.9(0.00 %),29760,1481909500,445500,22136417000,153736511,28.29
04/06/2020,-152140,-7600431000,49.85(-0.10 %),36870,1844366000,189010,9444797000,153888651,28.27
05/06/2020,-137600,-6800870000,49.75(-0.20 %),43370,2148360000,180970,8949230000,153379821,28.34
08/06/2020,-56660,-2856078000,50.6(1.71 %),68260,3482655000,124920,6338733000,153945311,28.26
09/06/2020,0,0,52.4(3.56 %),0,0,0,0,153945311,28.26
10/06/2020,40580,2186680000,52.8(0.76 %),146740,7709570000,106160,5522890000,153773331,28.28
11/06/2020,-50480,-2607550000,49.2(-6.82 %),96580,4954910000,147060,7562460000,153801671,28.28
12/06/2020,-271250,-12876643000,48.3(-1.83 %),89680,4292688500,360930,17169331500,154226461,28.22
15/06/2020,19150,966699500,47.2(-2.28 %),197570,9525074500,178420,8558375000,154207311,28.23
16/06/2020,181410,8790866500,49.2(4.24 %),201380,9754434500,19970,963568000,154025901,28.25
17/06/2020,-18530,-897980000,48(-2.44 %),27430,1326470000,45960,2224450000,154123431,28.24
18/06/2020,14740,713740000,48(0.00 %),39030,1873820000,24290,1160080000,154262821,28.22
19/06/2020,483890,24006670000,49.5(3.12 %),871640,43111110000,387750,19104440000,153411241,28.33
22/06/2020,2760,136255500,49(-1.01 %),37860,1853164000,35100,1716908500,153543041,28.32
23/06/2020,-45880,-2255330000,48.6(-0.82 %),71180,3479310000,117060,5734640000,153372451,28.34
24/06/2020,-5110,-249050000,48(-1.23 %),56220,2725980000,61330,2975030000,153705661,28.29
25/06/2020,8590,413530000,48(0.00 %),26500,1268160000,17910,854630000,153714171,28.29
26/06/2020,-23320,-1114620000,47.5(-1.04 %),3680,176230000,27000,1290850000,153827551,28.28
29/06/2020,-23320,-1114616500,45.75(-3.68 %),3680,176232000,27000,1290848500,153632081,28.3
30/06/2020,-23320,-1114616500,45.5(-0.55 %),3680,176232000,27000,1290848500,153655401,28.3
01/07/2020,-326150,-14862590000,45.95(0.99 %),19490,890950000,345640,15753540000,153873321,28.27
02/07/2020,-81310,-3793202500,46.9(2.07 %),7720,359212000,89030,4152414500,153974121,28.26
03/07/2020,-156110,-7239610000,46.5(-0.85 %),18170,847110000,174280,8086720000,154080381,28.24
06/07/2020,-25230,-1165300000,47(1.08 %),37310,1747890000,62540,2913190000,154388711,28.2
07/07/2020,-9010,-428230000,47.2(0.43 %),16860,800100000,25870,1228330000,154459831,28.19
08/07/2020,10860,512047000,47.2(0.00 %),15720,741454500,4860,229407500,154153611,28.23
09/07/2020,-16320,-771857500,47.75(1.17 %),18090,858665500,34410,1630523000,154169931,28.23
10/07/2020,75550,3618532000,47.9(0.31 %),117760,5647981500,42210,2029449500,154094381,28.24
13/07/2020,53130,2558429000,47.5(-0.84 %),124930,5987717000,71800,3429288000,154041251,28.25
14/07/2020,129030,6121070000,47.55(0.11 %),154640,7334180000,25610,1213110000,154329331,28.21
15/07/2020,98670,4725988500,47.85(0.63 %),280900,13442249000,182230,8716260500,153813551,28.28
16/07/2020,-5090,-239120000,48(0.31 %),96340,4614930000,101430,4854050000,154069101,28.24
17/07/2020,39270,1876180000,48.35(0.73 %),79380,3810320000,40110,1934140000,154015331,28.25
20/07/2020,-95420,-4525900000,47.1(-2.59 %),72460,3449430000,167880,7975330000,154125101,28.24
21/07/2020,-38510,-1785250000,46.7(-0.85 %),66100,3112360000,104610,4897610000,154160431,28.23
22/07/2020,-56380,-2610116000,46(-1.50 %),29750,1385513000,86130,3995629000,153969681,28.26
23/07/2020,-51800,-2375840000,45.9(-0.22 %),23830,1093790000,75630,3469630000,154314841,28.21
24/07/2020,63490,2807981000,43.6(-5.01 %),72740,3221833500,9250,413852500,153957991,28.26
27/07/2020,-91080,-3749960000,40.55(-7.00 %),74850,3056210000,165930,6806170000,154359491,28.21
28/07/2020,-21590,-883520000,41.9(3.33 %),49430,2031720000,71020,2915240000,154385891,28.2
29/07/2020,-160900,-6451468000,40.1(-4.30 %),52070,2084976500,212970,8536444500,154231561,28.22
30/07/2020,26110,1057780000,40.6(1.25 %),119900,4873370000,93790,3815590000,154389101,28.2
31/07/2020,97560,3949610000,40.4(-0.49 %),178890,7241090000,81330,3291480000,154281231,28.22
03/08/2020,70480,2916910000,43.2(6.93 %),109590,4539800000,39110,1622890000,154384611,28.2
04/08/2020,85430,3865300000,45.3(4.86 %),105770,4779040000,20340,913740000,154372631,28.2
05/08/2020,216940,9959300000,46(1.55 %),279130,12807430000,62190,2848130000,154174831,28.23
06/08/2020,45550,2071860000,45.35(-1.41 %),51620,2348110000,6070,276250000,154162321,28.23
07/08/2020,-25900,-1165360000,44.9(-0.99 %),12610,567240000,38510,1732600000,154170051,28.23
10/08/2020,23570,1070662000,45.4(1.11 %),38840,1764511000,15270,693849000,154148611,28.23
11/08/2020,15680,712979500,45.25(-0.33 %),22980,1044623000,7300,331643500,154132931,28.24
12/08/2020,-5850,-265788500,45.45(0.44 %),1050,47666500,6900,313455000,154138781,28.24
13/08/2020,-38050,-1765933000,46.95(3.30 %),13450,623501000,51500,2389434000,154176831,28.23
14/08/2020,-130670,-6053149000,45.85(-2.34 %),19600,912127500,150270,6965276500,154307501,28.21
17/08/2020,4860,222054500,45.5(-0.76 %),5010,228864500,150,6810000,154302641,28.21
18/08/2020,-390120,-17571000000,44.6(-1.98 %),18080,814950000,408200,18385950000,154238783,28.22
19/08/2020,35310,1603463000,45.3(1.57 %),60140,2722020000,24830,1118557000,154657451,28.17
20/08/2020,4700,209290000,45.3(0.00 %),35480,1599980000,30780,1390690000,154293583,28.21
21/08/2020,31160,1420500000,45.85(1.21 %),52500,2393820000,21340,973320000,154649283,28.17
24/08/2020,-35460,-1638902000,46.9(2.29 %),32690,1515900500,68150,3154802500,154657051,28.17
25/08/2020,-30270,-1443900000,47.4(1.07 %),7350,351960000,37620,1795860000,154664853,28.16
26/08/2020,56690,2695310000,47.6(0.42 %),73150,3479320000,16460,784010000,154613043,28.17
27/08/2020,84610,4016350000,47.6(0.00 %),98110,4658440000,13500,642090000,154583083,28.18
28/08/2020,-36130,-1698811000,48.05(0.95 %),61050,2937563500,97180,4636374500,154582151,28.18
31/08/2020,30060,1491570000,49.9(3.85 %),68920,3424950000,38860,1933380000,154507193,28.19
01/09/2020,258980,13161590000,51.5(3.21 %),273210,13888390000,14230,726800000,154247483,28.22
03/09/2020,253830,13089830000,51.7(0.39 %),301190,15530710000,47360,2440880000,154043473,28.25
04/09/2020,199410,10164894000,51.3(-0.77 %),270110,13754252000,70700,3589358000,154067453,28.25
07/09/2020,62460,3146930000,49.05(-4.39 %),109520,5531630000,47060,2384700000,153716933,28.29
08/09/2020,52030,2584685500,49.9(1.73 %),116620,5788896500,64590,3204211000,153952963,28.26
09/09/2020,21310,1048855500,49.3(-1.20 %),40150,1975605000,18840,926749500,153931653,28.26
10/09/2020,-143240,-6931010000,48.3(-2.03 %),8560,421810000,151800,7352820000,153716723,28.29
11/09/2020,-108780,-5176795000,47.65(-1.35 %),23080,1098646500,131860,6275441500,154183673,28.23
14/09/2020,-13830,-672120000,48.6(1.99 %),5940,289270000,19770,961390000,153771139,28.29
15/09/2020,-70900,-3414857000,48.05(-1.13 %),3640,175452000,74540,3590309000,154268403,28.22
16/09/2020,-10850,-521367000,48.15(0.21 %),11690,561195000,22540,1082562000,154279253,28.22
17/09/2020,1470,72990000,48.4(0.52 %),34410,1657310000,32940,1584320000,154024829,28.25
18/09/2020,-424760,-20685479000,48.7(0.62 %),13750,670014000,438510,21355493000,154702543,28.16
21/09/2020,45900,2246704000,49.45(1.54 %),87300,4281588000,41400,2034884000,154656643,28.17
22/09/2020,106570,5297112000,49.9(0.91 %),116020,5764930000,9450,467818000,154550073,28.18
23/09/2020,33190,1657503000,49.85(-0.10 %),71080,3548889000,37890,1891386000,154516883,28.18
24/09/2020,78410,3878760000,49.3(-1.10 %),131530,6500350000,53120,2621590000,154215079,28.23
25/09/2020,103010,5096630000,49.5(0.41 %),225790,11163240000,122780,6066610000,153998739,28.25
28/09/2020,-25520,-1266400000,49.7(0.40 %),77170,3822600000,102690,5089000000,153959459,28.26
29/09/2020,-39940,-1955500000,48(-3.42 %),43720,2142230000,83660,4097730000,153968859,28.26
30/09/2020,25980,1267800000,48.7(1.46 %),35030,1703200000,9050,435400000,154056609,28.25
01/10/2020,91690,4481407000,48.85(0.31 %),96680,4724981000,4990,243574000,154159299,28.23
02/10/2020,60670,2939410000,48.5(-0.72 %),91450,4420480000,30780,1481070000,154054829,28.25
05/10/2020,54260,2628173000,48(-1.03 %),70750,3422985000,16490,794812000,154044369,28.25
06/10/2020,111190,5397310000,48.65(1.35 %),111440,5409450000,250,12140000,153886679,28.27
07/10/2020,99920,4952370000,49.85(2.47 %),100190,4965560000,270,13190000,153817269,28.28
08/10/2020,10500,514560000,49.85(0.00 %),53090,2652750000,42590,2138190000,153780675,28.28
09/10/2020,-2310,-115150000,49.8(-0.10 %),260,12890000,2570,128040000,153780665,28.28
12/10/2020,-60690,-3186827000,52.9(6.22 %),97100,5059628000,157790,8246455000,153885759,28.27
13/10/2020,94240,5080380000,53.7(1.51 %),330510,17843360000,236270,12762980000,153395915,28.34
14/10/2020,330880,17948701000,54.4(1.30 %),387990,21041552000,57110,3092851000,153460639,28.33
15/10/2020,323570,17477712000,54(-0.74 %),362140,19565047000,38570,2087335000,153137069,28.37
16/10/2020,32600,1731475000,53.9(-0.19 %),1429570,76051829000,1396970,74320354000,153104469,28.37
19/10/2020,118200,6550380000,55.5(2.97 %),207380,11500630000,89180,4950250000,152835175,28.41
20/10/2020,-60580,-3129076000,54(-2.70 %),106320,5798519000,166900,8927595000,153046849,28.38
21/10/2020,-162560,-8676630000,52(-3.70 %),43230,2289860000,205790,10966490000,152748565,28.42
22/10/2020,16450,1029410000,54.3(4.42 %),194580,10344240000,178130,9314830000,152643165,28.44
23/10/2020,72400,4071800000,55.5(2.21 %),273230,15174150000,200830,11102350000,152636035,28.44
26/10/2020,139480,7735641000,53.9(-2.88 %),173770,9642697000,34290,1907056000,152981079,28.39
27/10/2020,49270,2645520000,53(-1.67 %),785960,42274280000,736690,39628760000,152783145,28.42
28/10/2020,-242960,-12592200000,49.5(-6.60 %),45920,2338040000,288880,14930240000,152838855,28.41
29/10/2020,201890,10046010000,50.2(1.41 %),216320,10756870000,14430,710860000,152656825,28.44
30/10/2020,-69560,-3451180000,50.5(0.60 %),68060,3417210000,137620,6868390000,152602535,28.44
02/11/2020,23500,1193610000,51(0.99 %),36230,1839520000,12730,645910000,152855185,28.41
03/11/2020,133550,6917096000,52(1.96 %),158100,8190426000,24550,1273330000,152757865,28.42
04/11/2020,26230,1398731000,52.6(1.15 %),61900,3271044000,35670,1872313000,152731635,28.43
05/11/2020,157820,8316950000,52.2(-0.76 %),196630,10359920000,38810,2042970000,152603335,28.44
06/11/2020,-82820,-4292949000,52(-0.38 %),8020,415925000,90840,4708874000,152656635,28.44
09/11/2020,172730,9099645000,52.9(1.73 %),259010,13642810000,86280,4543165000,152483905,28.46
10/11/2020,339400,18136617000,53.5(1.13 %),342240,18288618000,2840,152001000,152144505,28.5
11/11/2020,109210,5847700000,53.3(-0.37 %),112510,6023680000,3300,175980000,152071425,28.51
12/11/2020,33140,1768790000,54(1.31 %),37540,2003960000,4400,235170000,152120165,28.51
13/11/2020,278530,15284668000,55.2(2.22 %),351920,19297886000,73390,4013218000,151723625,28.56
16/11/2020,37370,2027590000,54(-2.17 %),123370,6710740000,86000,4683150000,151651015,28.57
17/11/2020,-10650,-556728000,54.7(1.30 %),61370,3330367000,72020,3887095000,151696905,28.56
18/11/2020,6240,363174000,55.3(1.10 %),74450,4114476000,68210,3751302000,151690665,28.57
19/11/2020,-108930,-6126403000,56.9(2.89 %),58160,3299490000,167090,9425893000,151799595,28.55
20/11/2020,-6340,-360440000,56.8(-0.18 %),5470,311030000,11810,671470000,151687375,28.57
23/11/2020,-91000,-5140082000,56.8(0.00 %),79010,4454957000,170010,9595039000,151896935,28.54
24/11/2020,49580,2772889000,55.8(-1.76 %),97290,5492557000,47710,2719668000,151847355,28.54
25/11/2020,-9600,-531910000,55.2(-1.08 %),12720,705440000,22320,1237350000,151745465,28.56
26/11/2020,-248290,-13599850000,54.6(-1.09 %),28010,1535620000,276300,15135470000,151887465,28.54
27/11/2020,40980,2229610000,55.8(2.20 %),171940,9445310000,130960,7215700000,151763235,28.56
30/11/2020,-300230,-16684660000,55(-1.43 %),61900,3432850000,362130,20117510000,151723655,28.56
01/12/2020,79930,4395334000,55.2(0.36 %),250280,13748178000,170350,9352844000,151999955,28.52
02/12/2020,37380,2070758000,55.8(1.09 %),57290,3173843000,19910,1103085000,151962575,28.53
03/12/2020,-537,-300300000,56.4(1.08 %),1786,1005960000,2323,1306260000,152167615,28.5
04/12/2020,-79100,-4413954000,55.4(-1.77 %),13170,737106000,92270,5151060000,152047045,28.52
07/12/2020,-13840,-769640000,56(1.08 %),30620,1711890000,44460,2481530000,152314085,28.48
08/12/2020,-69530,-3974340000,57.6(2.86 %),34880,1999860000,104410,5974200000,152302435,28.48
09/12/2020,172910,10000620000,57.9(0.52 %),271290,15690540000,98380,5689920000,152123415,28.51
10/12/2020,-18358,-10506550000,56.7(-2.07 %),1615,922500000,19973,11429050000,152151725,28.5
11/12/2020,-313710,-17712190000,57.5(1.41 %),41870,2368320000,355580,20080510000,152214265,28.49
14/12/2020,-326170,-18945030000,58.6(1.91 %),37480,2172620000,363650,21117650000,152275165,28.49
15/12/2020,-38413,-22526620000,58.2(-0.68 %),2408,1416760000,40821,23943380000,152450815,28.46
16/12/2020,-45720,-2653630000,58.6(0.69 %),84770,4937740000,130490,7591370000,152721625,28.43
17/12/2020,610,352030000,57(-2.73 %),3956,2293900000,3346,1941870000,153045715,28.38
18/12/2020,-504520,-28833244000,57.1(0.18 %),84620,4834994000,589140,33668238000,153709235,28.29
21/12/2020,-45140,-2547724000,57.1(0.00 %),242760,13921589000,287900,16469313000,153754375,28.29
22/12/2020,-165070,-9402717340,56.9(-0.35 %),34500,1965189000,199570,11367906340,153919445,28.27
23/12/2020,-59370,-3385970000,58.6(2.99 %),49200,2885570000,108570,6271540000,153795935,28.28
24/12/2020,11581,6790350000,58.4(-0.34 %),24431,14213500000,12850,7423150000,153839525,28.28
25/12/2020,35580,2269400000,61.9(5.99 %),70540,4334020000,34960,2064620000,153968555,28.26
28/12/2020,376820,24117474000,64(3.39 %),552070,35320921000,175250,11203447000,153450605,28.33
29/12/2020,674810,44304367000,67(4.69 %),782580,51404535000,107770,7100168000,152775795,28.42
30/12/2020,-3442,-2128100000,65(-2.99 %),24061,16043690000,27503,18171790000,152665325,28.43
31/12/2020,96510,6344915000,66(1.54 %),116610,7648340000,20100,1303425000,152568815,28.45
04/01/2021,2300,1587660000,66.3(0.45 %),34480,22965640000,32180,21377980000,152486935,28.46
05/01/2021,-240700,-15861610000,66(-0.45 %),35900,2367150000,276600,18228760000,152727635,28.43
06/01/2021,-20990,-14043520000,66.5(0.76 %),8750,5843560000,29740,19887080000,152658665,28.44
07/01/2021,-61800,-4135180000,67(0.75 %),30800,2065570000,92600,6200750000,152999335,28.39
08/01/2021,-166100,-11374870000,68.3(1.94 %),87800,5995400000,253900,17370270000,153165435,28.37
11/01/2021,-196200,-13345570000,68.1(-0.29 %),78000,5317050000,274200,18662620000,153361635,28.34
12/01/2021,530,378360000,68.2(0.15 %),4050,2760380000,3520,2382020000,153409965,28.33
13/01/2021,17900,1309810000,70.4(3.23 %),102600,7234720000,84700,5924910000,153338435,28.34
14/01/2021,-10760,-7517360000,70(-0.57 %),1710,1192140000,12470,8709500000,153818368,28.28
15/01/2021,-245600,-17044920000,69.4(-0.86 %),31000,2154580000,276600,19199500000,153691635,28.3
18/01/2021,-2420,-1667540000,68.6(-1.15 %),2340,1617590000,4760,3285130000,153883868,28.27
19/01/2021,-12730,-8438410000,65(-5.25 %),66410,45360650000,79140,53799060000,153954468,28.26
20/01/2021,102800,6453490000,64.3(-1.08 %),161400,10151770000,58600,3698280000,153740335,28.29
21/01/2021,3100,226400000,65.7(2.18 %),79200,5159140000,76100,4932740000,153737235,28.29
22/01/2021,-4180,-2698580000,64.7(-1.52 %),3880,2551820000,8060,5250400000,154180488,28.23
25/01/2021,-74900,-4798460000,64(-1.08 %),43300,2786930000,118200,7585390000,153853935,28.27
26/01/2021,-20830,-12732920000,60.5(-5.47 %),3070,1892050000,23900,14624970000,154241248,28.22
27/01/2021,-7500,-410760000,58(-4.13 %),71200,4245990000,78700,4656750000,154069735,28.24
28/01/2021,-3970,-2139090000,54(-6.90 %),10780,5894630000,14750,8033720000,154261048,28.22
29/01/2021,-26750,-15190320000,56.5(4.63 %),11500,6378170000,38250,21568490000,154385048,28.2
01/02/2021,-879400,-48989190000,53.5(-5.31 %),80100,4333000000,959500,53322190000,156067398,27.98
02/02/2021,2150,1171070000,54.7(2.24 %),4490,2439520000,2340,1268450000,154486248,28.19
03/02/2021,-6980,-3914860000,58.5(6.95 %),1780,1017880000,8760,4932740000,154850948,28.14
04/02/2021,-46390,-27279780000,58.1(-0.68 %),4860,2865950000,51250,30145730000,155761848,28.02
05/02/2021,-15200,-888990000,60(3.27 %),41000,2428933200,56200,3317923200,154911048,28.13
08/02/2021,-7650,-4519630000,57.4(-4.33 %),1150,674790000,8800,5194420000,155837548,28.01
09/02/2021,251600,15096780000,59.9(4.36 %),325600,19362300000,74000,4265520000,154735948,28.16
17/02/2021,-26800,-1627730000,61.9(3.34 %),97900,5952110000,124700,7579840000,154762748,28.15
18/02/2021,-6000,-3696240000,61.9(0.00 %),1680,1032750000,7680,4728990000,156014798,27.98
19/02/2021,-4760,-2916700000,61.5(-0.65 %),2200,1350970000,6960,4267670000,156067398,27.98
22/02/2021,-63300,-3871690000,61.1(-0.65 %),10400,637840000,73700,4509530000,154933648,28.13
23/02/2021,-266800,-16116840000,60.5(-0.98 %),7000,422890000,273800,16539730000,155200448,28.09
24/02/2021,-2820,-1685640000,59.7(-1.32 %),920,559220000,3740,2244860000,156291848,27.95
25/02/2021,20,20730000,59.6(-0.17 %),6020,3600900000,6000,3580170000,156299348,27.94
26/02/2021,-4790,-2826570000,59.1(-0.84 %),2720,1606050000,7510,4432620000,156537948,27.91
01/03/2021,7500,449590000,61.8(4.57 %),28500,1720950000,21000,1271360000,156575348,27.91
02/03/2021,-18540,-11525100000,61.8(0.00 %),3110,1919020000,21650,13444120000,156572748,27.91
03/03/2021,-121100,-7465330000,61.3(-0.81 %),3100,190650000,124200,7655980000,156881848,27.87
04/03/2021,-40300,-2453870000,60(-2.12 %),37300,2262400000,77600,4716270000,156922148,27.86
05/03/2021,-26310,-15565570000,59(-1.67 %),260,153810000,26570,15719380000,156833748,27.87
08/03/2021,-407600,-24181790000,59.1(0.17 %),2400,142270000,410000,24324060000,157592848,27.77
09/03/2021,-223000,-13069840000,58.9(-0.34 %),22800,1337340000,245800,14407180000,157815848,27.74
10/03/2021,-133000,-7857070000,59.6(1.19 %),19300,1146990000,152300,9004060000,157948848,27.72
11/03/2021,-57000,-3444510000,60.5(1.51 %),16200,980850000,73200,4425360000,158005848,27.71
12/03/2021,-14240,-8606430000,60.5(0.00 %),1700,1027340000,15940,9633770000,157839398,27.74
15/03/2021,-34400,-2071090000,60.1(-0.66 %),3800,229230000,38200,2300320000,158182648,27.69
16/03/2021,-24200,-1439390000,59.6(-0.83 %),23200,1387490000,47400,2826880000,158206848,27.69
17/03/2021,-1290,-766570000,59.6(-0.33 %),440,262930000,1730,1029500000,158189298,27.69
18/03/2021,-265900,-16065170000,60.7(1.85 %),7500,453710000,273400,16518880000,158485648,27.65
19/03/2021,-502000,-30580500000,61(0.49 %),62000,3874150000,564000,34454650000,158987648,27.58
22/03/2021,-29500,-1831600000,62.2(1.97 %),35900,2249500000,65400,4081100000,159017148,27.58
23/03/2021,-6330,-3901320000,61.7(-0.80 %),290,178920000,6620,4080240000,158426058,27.66
24/03/2021,-1000,-629810000,59.5(-3.57 %),5140,3075520000,6140,3705330000,158937258,27.59
25/03/2021,-3170,-1888270000,59.4(-0.17 %),540,320950000,3710,2209220000,158993258,27.58
26/03/2021,-4360,-2548720000,58.4(-1.68 %),2780,1620560000,7140,4169280000,159031548,27.58
29/03/2021,1000,63790000,59.2(1.37 %),29600,1745350000,28600,1681560000,159164748,27.56
30/03/2021,-318100,-19115400000,60(1.35 %),71700,4305120000,389800,23420520000,159482848,27.52
31/03/2021,-268100,-15970160000,59.6(-0.67 %),37200,2219120000,305300,18189280000,159750948,27.48
01/04/2021,40200,2421220000,60.9(2.18 %),70700,4252550000,30500,1831330000,159097534,27.57
02/04/2021,1200,72100000,61.8(1.48 %),70600,4356690000,69400,4284590000,159096334,27.57
05/04/2021,-47700,-29104840000,60.7(-1.78 %),6050,3788330000,53750,32893170000,159590834,27.5
06/04/2021,-3200,-1955400000,61.6(1.48 %),3660,2235810000,6860,4191210000,159584734,27.5
07/04/2021,-2320,-1467230000,63.4(2.92 %),9450,5946220000,11770,7413450000,159559634,27.51
08/04/2021,-1960,-1232290000,62.4(-1.58 %),4890,3080000000,6850,4312290000,160048234,27.44
09/04/2021,2140,1335120000,62.4(0.00 %),6230,3885990000,4090,2550870000,160055564,27.44
12/04/2021,22800,1430990000,62.4(0.00 %),66100,4111070000,43300,2680080000,159603934,27.5
13/04/2021,-10590,-6445050000,60.8(-2.56 %),5670,3500060000,16260,9945110000,160120164,27.43
14/04/2021,-10190,-6108320000,60.7(-0.16 %),9050,5445050000,19240,11553370000,160069764,27.44
15/04/2021,-421400,-25238710000,59.5(-1.98 %),43200,2608240000,464600,27846950000,160233134,27.41
16/04/2021,-240100,-13939720000,57.9(-2.69 %),40400,2372700000,280500,16312420000,160473234,27.38
19/04/2021,-24800,-1431510000,59.5(2.76 %),36900,2172140000,61700,3603650000,160498034,27.38
20/04/2021,41900,2490230000,60(0.84 %),84600,5044860000,42700,2554630000,160456134,27.38
22/04/2021,1050,626950000,58(-3.33 %),10860,6480740000,9810,5853790000,160888764,27.33
23/04/2021,49100,2856080000,59(1.72 %),96900,5635780000,47800,2779700000,160396534,27.39
26/04/2021,-7350,-4214790000,57.4(-2.71 %),7370,4300360000,14720,8515150000,160824080,27.34
27/04/2021,6150,3515380000,56.9(-0.87 %),8120,4638140000,1970,1122760000,160841280,27.33
28/04/2021,-7500,-410220000,57.4(0.88 %),84000,4798640000,91500,5208860000,160416034,27.39
29/04/2021,3760,2160440000,57.3(-0.17 %),8200,4703900000,4440,2543460000,160868480,27.33
04/05/2021,-22530,-12565150000,55.6(-2.97 %),5860,3277860000,28390,15843010000,160827180,27.33
05/05/2021,-23300,-1298050000,56.3(1.26 %),46800,2642510000,70100,3940560000,160909080,27.32
06/05/2021,-97400,-5468190000,56(-0.53 %),9800,558400000,107200,6026590000,161006480,27.31
07/05/2021,-384200,-21040330000,54.2(-3.21 %),17400,953450000,401600,21993780000,161390680,27.26
10/05/2021,120600,6908340000,56.1(3.51 %),265400,14743660000,144800,7835320000,161270080,27.27
11/05/2021,47150,26759540000,56(-0.18 %),53340,30237600000,6190,3478060000,160541480,27.37
12/05/2021,329600,18451280000,56.8(1.43 %),507600,28411470000,178000,9960190000,160468980,27.38
13/05/2021,-12340,-6874750000,55.6(-2.11 %),16280,9088150000,28620,15962900000,160417980,27.39
14/05/2021,31090,17384660000,55.8(0.36 %),52630,29430450000,21540,12045790000,159953680,27.45
17/05/2021,-15380,-8429340000,54.6(-2.15 %),2320,1281530000,17700,9710870000,160105480,27.43
18/05/2021,-31300,-1681470000,54(-1.10 %),215500,11673280000,246800,13354750000,160466580,27.38
19/05/2021,-4920,-2636560000,53.2(-1.48 %),150,80210000,5070,2716770000,160388980,27.39
20/05/2021,-31700,-1670950000,52.8(-0.75 %),10300,542330000,42000,2213280000,160547480,27.37
21/05/2021,83600,4497540000,53.3(0.95 %),124900,6706700000,41300,2209160000,160463880,27.38
24/05/2021,5780,3142020000,54.3(1.88 %),9880,5371180000,4100,2229160000,160626960,27.36
25/05/2021,249200,13702440000,55.2(1.66 %),319900,17610380000,70700,3907940000,160156880,27.42
26/05/2021,-15400,-867660000,55.5(0.54 %),77700,4309390000,93100,5177050000,160172280,27.42
27/05/2021,33720,18682650000,56.1(1.08 %),43890,24325430000,10170,5642780000,159917160,27.46
28/05/2021,-112400,-6228730000,55.5(-1.07 %),66900,3729010000,179300,9957740000,159947480,27.45
31/05/2021,-237100,-12844910000,54.1(-2.52 %),18100,981510000,255200,13826420000,160184580,27.42
01/06/2021,-58700,-3146770000,53.6(-0.92 %),67600,3653940000,126300,6800710000,160099760,27.43
02/06/2021,-240800,-12849480000,53.6(0.00 %),12400,663180000,253200,13512660000,160340560,27.4
03/06/2021,-88900,-4812190000,54.9(2.43 %),70000,3836380000,158900,8648570000,160429460,27.39
04/06/2021,-15600,-8848900000,57.1(4.01 %),3850,2174520000,19450,11023420000,160474560,27.38
07/06/2021,-777800,-45175620000,58.5(2.45 %),50900,2987690000,828700,48163310000,161363260,27.26
08/06/2021,-21130,-12290090000,57(-2.56 %),2310,1333660000,23440,13623750000,160814010,27.34
09/06/2021,-17800,-9904100000,56.4(-1.05 %),6650,3724730000,24450,13628830000,160944210,27.32
10/06/2021,-15600,-832610000,55.5(-1.60 %),175900,9824650000,191500,10657260000,161768160,27.21
11/06/2021,225900,12956440000,57.3(3.24 %),228500,13104460000,2600,148020000,161542260,27.24
14/06/2021,-380,-190150000,60(4.71 %),14790,8911240000,15170,9101390000,161712510,27.22
15/06/2021,-99000,-5892100000,61.2(2.00 %),108400,6566970000,207400,12459070000,161645060,27.22
16/06/2021,-194100,-11786410000,60.3(-1.47 %),87100,5296650000,281200,17083060000,161839160,27.2
17/06/2021,4770,2874750000,62(2.82 %),30480,18365290000,25710,15490540000,161557740,27.24
18/06/2021,-49400,-3012810000,61(-1.61 %),58800,3631340000,108200,6644150000,161840860,27.2
21/06/2021,-212900,-12787590000,59.7(-2.13 %),26900,1622680000,239800,14410270000,162053760,27.17
22/06/2021,-25540,-15440800000,59.9(0.34 %),500,302800000,26040,15743600000,162218480,27.15
23/06/2021,-233000,-13788380000,58.8(-1.84 %),13800,817730000,246800,14606110000,162542160,27.1
24/06/2021,-143300,-8337380000,58(-1.36 %),98100,5711530000,241400,14048910000,162685460,27.08
25/06/2021,-8720,-5028270000,58.3(0.52 %),8710,5060540000,17430,10088810000,162627880,27.09
28/06/2021,770,459210000,60(2.92 %),3410,2020110000,2640,1560900000,162841980,27.06
29/06/2021,-8490,-5028810000,59.1(-1.50 %),8480,5058320000,16970,10087130000,162999580,27.04
30/06/2021,2490,1467810000,58.4(-1.18 %),8190,4808300000,5700,3340490000,163094980,27.03
01/07/2021,23900,1408860000,59(1.03 %),46600,2736700000,22700,1327840000,163126380,27.02
02/07/2021,-15710,-9266290000,59.1(0.17 %),2950,1744900000,18660,11011190000,163227980,27.01
05/07/2021,-9540,-5549720000,58.2(-1.52 %),7110,4146880000,16650,9696600000,163213880,27.01
06/07/2021,-4990,-2887220000,55.9(-4.12 %),13870,7882790000,18860,10770010000,163097880,27.03
07/07/2021,-26500,-14313290000,54.5(-2.50 %),20080,10966260000,46580,25279550000,163083680,27.03
08/07/2021,-34740,-19036090000,54.9(0.73 %),8530,4685500000,43270,23721590000,163166880,27.02
09/07/2021,-121000,-6575970000,53.1(-3.28 %),94800,5149410000,215800,11725380000,164162180,26.89
12/07/2021,40900,2031250000,50.3(-5.27 %),267800,13450610000,226900,11419360000,164121280,26.89
13/07/2021,-1400,-699390000,50.7(0.80 %),17500,8824550000,18900,9523940000,163712280,26.95
14/07/2021,-81800,-4093680000,50(-1.38 %),88000,4406315000,169800,8499995000,164217080,26.88
15/07/2021,-25820,-12825260000,50.5(1.00 %),15580,7837260000,41400,20662520000,163897180,26.92
16/07/2021,-7850,-4028130000,51(0.99 %),50410,25778520000,58260,29806650000,163586080,26.96
19/07/2021,-6600,-3331500000,48(-5.88 %),11330,5486100000,17930,8817600000,163648580,26.95
20/07/2021,-11400,-425555000,49.9(3.96 %),150700,7390550000,162100,7816105000,164631180,26.82
21/07/2021,-32100,-1589410000,49.5(-0.80 %),25000,1238960000,57100,2828370000,164663280,26.82
22/07/2021,82800,4188655000,50.8(2.63 %),86800,4391575000,4000,202920000,164580480,26.83
23/07/2021,9630,4881230000,50.4(-0.79 %),29600,15015560000,19970,10134330000,164436990,26.85
26/07/2021,76100,3846340000,50.6(0.40 %),119400,6004595000,43300,2158255000,164408080,26.85
27/07/2021,-7980,-4030940000,50.5(-0.20 %),5300,2693310000,13280,6724250000,164325690,26.86
28/07/2021,-1480,-744980000,50.2(-0.59 %),120,60320000,1600,805300000,164524190,26.84
29/07/2021,6800,344230000,50.4(0.40 %),18300,924520000,11500,580290000,164495880,26.84
30/07/2021,1040,526010000,51.1(1.39 %),2090,1059230000,1050,533220000,164667090,26.82
02/08/2021,24300,1272860000,52.3(2.35 %),39900,2094440000,15600,821580000,164683090,26.82
03/08/2021,66400,3515360000,52.7(0.76 %),95900,5071040000,29500,1555680000,164616690,26.82
04/08/2021,133800,7182450000,53.7(1.90 %),137500,7380910000,3700,198460000,164482890,26.84
05/08/2021,53800,2879630000,53.6(-0.37 %),54300,2906350000,500,26720000,164429090,26.85
06/08/2021,331900,17763650000,53.8(0.37 %),350500,18757850000,18600,994200000,164097190,26.89
09/08/2021,49400,2660200000,53.9(0.19 %),74700,4023260000,25300,1363060000,164047790,26.9
10/08/2021,-1300,-66200000,53.4(-0.93 %),45100,2416870000,46400,2483070000,164049090,26.9
11/08/2021,144300,7809380000,54.2(1.50 %),229800,12458170000,85500,4648790000,163904790,26.92
12/08/2021,2300,128110000,55.3(2.03 %),178100,9799290000,175800,9671180000,163902490,26.92
13/08/2021,-117700,-5866812500,54.4(-1.63 %),27200,1435322500,144900,7302135000,164020190,26.9
16/08/2021,-88200,-4786280000,54.2(-0.37 %),26400,1432480000,114600,6218760000,164108390,26.89
17/08/2021,47000,2534840000,53.6(-1.11 %),66500,3584620000,19500,1049780000,163926190,26.92
18/08/2021,15900,878220000,54.7(2.05 %),52400,2878000000,36500,1999780000,164092490,26.89
19/08/2021,-46600,-2550310000,55(0.55 %),4000,219440000,50600,2769750000,164139090,26.89
20/08/2021,41100,2178840000,53.4(-2.91 %),101100,5449470000,60000,3270630000,164097990,26.89
23/08/2021,370500,19458870000,52(-2.62 %),377700,19837790000,7200,378920000,163727490,26.94
24/08/2021,212700,11081340000,52.6(1.15 %),220200,11471670000,7500,390330000,163514790,26.97
25/08/2021,300,10380000,52.7(0.19 %),54700,2860400000,54400,2850020000,163514490,26.97
26/08/2021,10000,525810000,52.6(-0.19 %),25000,1321560000,15000,795750000,163504490,26.97
27/08/2021,73200,3881470000,53.4(1.52 %),79600,4217850000,6400,336380000,163431290,26.98
30/08/2021,-18800,-1045960000,55(3.00 %),182152,9827026800,200952,10872986800,163450090,26.98
31/08/2021,145400,8295350000,57(3.64 %),189900,10819950000,44500,2524600000,163304690,27.0
01/09/2021,-32500,-1879700000,56.8(-0.35 %),283300,16123230000,315800,18002930000,162830010,27.06
06/09/2021,49900,2828740000,56.4(-0.70 %),81900,4645320000,32000,1816580000,162780110,27.07
07/09/2021,-11000,-607200000,55.3(-1.95 %),8000,447420000,19000,1054620000,162791110,27.07
08/09/2021,-222300,-12213090000,54.2(-1.99 %),14500,792950000,236800,13006040000,163013410,27.04
09/09/2021,-22400,-1217860000,54.9(1.29 %),9700,532660000,32100,1750520000,163035810,27.04
10/09/2021,600,33100000,56(2.00 %),2200,122540000,1600,89440000,163035210,27.04
13/09/2021,-272600,-14975410000,54.6(-2.50 %),27600,1522340000,300200,16497750000,163307810,27.0
14/09/2021,-98500,-5347320000,54(-1.10 %),74800,4064560000,173300,9411880000,163406310,26.99
15/09/2021,-108000,-5786350000,54.1(0.19 %),27200,1459660000,135200,7246010000,163514310,26.97
16/09/2021,-17800,-963390000,54.5(0.74 %),1800,97380000,19600,1060770000,163532110,26.97
17/09/2021,-1406100,-75371670000,53.6(-1.65 %),122600,6589410000,1528700,81961080000,164938210,26.78
20/09/2021,-27800,-1505720000,53.9(0.56 %),18100,982680000,45900,2488400000,164966010,26.78
21/09/2021,9600,520130000,55.7(3.34 %),26300,1418690000,16700,898560000,164956410,26.78
22/09/2021,-469700,-27272750000,59(5.92 %),94600,5562270000,564300,32835020000,165426110,26.72
23/09/2021,-142500,-8307870000,57.8(-2.03 %),22700,1323690000,165200,9631560000,165568610,26.7
24/09/2021,-22000,-1264530000,58.8(1.73 %),39200,2295170000,61200,3559700000,165590610,26.69
27/09/2021,-39700,-2296730000,56.5(-3.91 %),12300,707870000,52000,3004600000,165630310,26.69
28/09/2021,210300,12116430000,58.7(3.89 %),241200,13879120000,30900,1762690000,165420010,26.72
29/09/2021,-34300,-1998720000,58(-1.19 %),10100,587080000,44400,2585800000,165454310,26.71
30/09/2021,-60700,-3580300000,58.4(0.69 %),2300,134980000,63000,3715280000,165515010,26.7
01/10/2021,-36500,-2118770000,57.9(-0.86 %),1021250,55644410000,1057750,57763180000,165885490,26.65
04/10/2021,-219000,-13124870000,59.5(2.76 %),46000,2762830000,265000,15887700000,166104490,26.62
05/10/2021,-93400,-5588850000,59.9(0.67 %),10300,616630000,103700,6205480000,166197890,26.61
06/10/2021,-117900,-7153950000,61(1.84 %),7400,449800000,125300,7603750000,166315790,0.0
07/10/2021,-93900,-5765250000,61.9(1.48 %),10400,638370000,104300,6403620000,166409690,0.0
08/10/2021,152500,9389720000,61.2(-1.13 %),255800,15752580000,103300,6362860000,166257190,0.0
11/10/2021,-6000,177625000,62(1.31 %),12800,784000000,18800,606375000,166263190,0.0
12/10/2021,-51600,-3177170000,61.9(-0.16 %),16200,996420000,67800,4173590000,166314790,0.0
13/10/2021,-19300,-1181160000,60(-3.07 %),10400,636160000,29700,1817320000,166334090,0.0
14/10/2021,-49200,-2965810000,59.9(-0.17 %),25100,1509060000,74300,4474870000,166383290,0.0
15/10/2021,24400,1471740000,59.8(-0.17 %),42300,2543870000,17900,1072130000,166358890,0.0
18/10/2021,-6500,-390140000,59.6(-0.33 %),52500,3134350000,59000,3524490000,166365390,0.0
19/10/2021,-13800,-825490000,61.4(3.02 %),24400,1497300000,38200,2322790000,166379190,0.0
20/10/2021,-8000,-490990000,60.5(-1.47 %),20200,1229260000,28200,1720250000,166387190,0.0
21/10/2021,-36500,-2189690000,60(-0.83 %),2900,174080000,39400,2363770000,166415690,0.0
22/10/2021,4900,298260000,60.3(0.50 %),21500,1298580000,16600,1000320000,166410790,0.0
25/10/2021,75700,4809420000,64.5(6.97 %),326800,20966880000,251100,16157460000,166335090,0.0
26/10/2021,-80400,-5214720000,64.3(-0.31 %),190400,12339330000,270800,17554050000,166415490,0.0
27/10/2021,-2500,-159610000,64.9(0.93 %),11000,714640000,13500,874250000,166417990,0.0
28/10/2021,-73300,-4798200000,65.6(1.08 %),14300,935330000,87600,5733530000,166491290,26.57
29/10/2021,-47400,-3107580000,64.7(-1.37 %),84300,5468710000,131700,8576290000,166538690,26.57
01/11/2021,58300,3769990000,64.1(-0.93 %),113600,7365790000,55300,3595800000,166514892,26.57
02/11/2021,33300,2136820000,64.8(1.09 %),54200,3481470000,20900,1344650000,166481592,26.57
03/11/2021,-96100,-6123810000,63.5(-2.01 %),121200,7805190000,217300,13929000000,166577692,0.0
04/11/2021,-85500,-4854914200,63.5(0.00 %),24500,1569200500,110000,6424114700,166567092,0.0
05/11/2021,0,0,64(0.79 %),0,0,0,0,166481592,26.57
08/11/2021,-78800,-5004010000,63.5(0.63 %),28800,1831860000,107600,6835870000,166560392,26.56
09/11/2021,-402000,-26192810000,64.8(2.05 %),5700,369990000,407700,26562800000,166962392,26.51
10/11/2021,0,0,64.5(-0.46 %),0,0,0,0,166962392,26.51
11/11/2021,-5100,-321720000,63.2(-2.02 %),32600,2071580000,37700,2393300000,166967492,26.51
12/11/2021,44900,2811610000,62.8(-0.63 %),75100,4713050000,30200,1901440000,166922592,26.51
15/11/2021,40700,2588120000,62.7(-0.16 %),56000,3556850000,15300,968730000,166881892,26.52
16/11/2021,-75600,-4965150000,64.6(3.03 %),104400,6732460000,180000,11697610000,166957492,26.51
17/11/2021,55400,3571710000,64.2(-0.62 %),85900,5548690000,30500,1976980000,166902092,26.52
18/11/2021,-76000,-4866890000,64.2(0.00 %),16000,1021800000,92000,5888690000,166978092,26.51
19/11/2021,-275400,-17203460000,61.1(-4.83 %),49300,3081670000,324700,20285130000,167253492,26.47
22/11/2021,-173000,-10509270000,60.2(-1.47 %),57100,3462100000,230100,13971370000,167426492,26.45
23/11/2021,-33000,-1994400000,62.4(3.65 %),11400,690860000,44400,2685260000,167459492,26.44
24/11/2021,7900,488380000,62.8(0.64 %),26500,1648390000,18600,1160010000,167451592,26.44
25/11/2021,24400,1538940000,63.1(0.48 %),70700,4476360000,46300,2937420000,167427192,26.45
26/11/2021,13200,831440000,62.2(-1.43 %),54000,3375950000,40800,2544510000,167413992,0.0
29/11/2021,167100,10603238100,62(-0.32 %),302900,18771015900,135800,8167777800,167246892,0.0
30/11/2021,-201200,-12418910000,61(-1.61 %),43700,2676020000,244900,15094930000,167615192,26.42
01/12/2021,-222000,-13473150000,61.1(0.16 %),12000,730890000,234000,14204040000,167332152,26.46
02/12/2021,-3300,-195770000,60.6(-0.82 %),15000,916550000,18300,1112320000,167335452,26.46
03/12/2021,-189500,-11330700000,57.8(-4.62 %),19000,1126080000,208500,12456780000,167524952,26.43
06/12/2021,549000,31703570000,57.5(-0.52 %),568000,32801660000,19000,1098090000,166975952,26.51
07/12/2021,15700,907870000,58.4(1.57 %),34800,2016680000,19100,1108810000,166960252,26.51
08/12/2021,2400,143340000,57.7(-1.20 %),21900,1272250000,19500,1128910000,166957852,26.51
09/12/2021,13700,794560000,57.8(0.17 %),29300,1692870000,15600,898310000,166944152,0.0
10/12/2021,-40000,-2338020000,58.8(1.73 %),8700,510500000,48700,2848520000,166984152,26.51
13/12/2021,-23200,-1053315000,59.2(0.68 %),35200,3536637500,58400,4589952500,167007352,0.0
14/12/2021,-48500,-2844410000,58.5(-1.18 %),4900,286930000,53400,3131340000,167055852,0.0
15/12/2021,66100,3845500000,58.2(-0.51 %),77400,4505080000,11300,659580000,166989752,26.5
16/12/2021,33400,1944590000,58(-0.34 %),49500,2881690000,16100,937100000,166956352,26.51
17/12/2021,-187100,-10791310000,57.6(-0.69 %),4200,243360000,191300,11034670000,167143452,26.48
20/12/2021,-102700,-5819090000,56.6(-1.74 %),23500,1342880000,126200,7161970000,167246152,26.47
21/12/2021,16400,902060000,57(0.71 %),206900,11754110000,190500,10852050000,167229752,0.0
22/12/2021,46900,2634760000,56.5(-0.88 %),180700,10219070000,133800,7584310000,167182852,26.48
23/12/2021,-14100,-782930700,54.9(-2.83 %),37100,2060051700,51200,2842982400,167196952,0.0
24/12/2021,0,0,56(2.00 %),0,0,0,0,167182852,26.48
27/12/2021,-142100,-7992130000,56.1(0.18 %),13300,746260000,155400,8738390000,167506152,26.43
28/12/2021,-44500,-2487940000,55.7(-0.71 %),28600,1597190000,73100,4085130000,167550652,26.43
29/12/2021,143600,7941750000,55.2(-0.90 %),225600,12476470000,82000,4534720000,167489052,26.44
30/12/2021,-10900,-603410000,55.1(-0.18 %),40200,2220480000,51100,2823890000,167521952,26.43
31/12/2021,188900,10561980000,56(1.63 %),229300,12823950000,40400,2261970000,167374652,26.45
04/01/2022,-10100,-573900000,56.9(1.61 %),7300,414320000,17400,988220000,167418452,26.45
05/01/2022,14600,829420000,56.6(-0.53 %),28400,1612360000,13800,782940000,167430462,26.45
06/01/2022,-39300,-2208910000,56.2(-0.71 %),10700,601080000,50000,2809990000,167437162,26.44
07/01/2022,-2100,-110210000,55.6(-1.07 %),28500,1595560000,30600,1705770000,167421962,26.45
10/01/2022,-80000,-4543783200,54.7(-1.62 %),14900,523858500,94900,5067641700,167457262,26.44
11/01/2022,-21400,-1160930000,53.8(-1.65 %),20300,1104700000,41700,2265630000,167467562,26.44
12/01/2022,-194800,-10434990000,54(0.37 %),28700,1529830000,223500,11964820000,167533912,26.43
13/01/2022,-118600,-6423720000,54(0.00 %),119700,6589010000,238300,13012730000,167345812,26.46
14/01/2022,14600,787780000,54.2(0.37 %),28300,1529430000,13700,741650000,167540092,26.43
17/01/2022,-22900,-1253600000,52.7(-2.77 %),13200,699280000,36100,1952880000,167764692,26.4
18/01/2022,31000,1590830000,51.6(-2.09 %),80600,4168270000,49600,2577440000,167698292,26.41
19/01/2022,-7900,-410590000,51.7(0.19 %),42000,2172280000,49900,2582870000,167693892,26.41
20/01/2022,-37100,-1926470000,52.3(0.77 %),23200,1210140000,60300,3136610000,167720292,26.41
21/01/2022,-18300,-957430000,52.5(0.38 %),4200,220060000,22500,1177490000,167763492,26.4
24/01/2022,-21900,-1146740000,51.1(-2.67 %),16000,825950000,37900,1972690000,167807792,26.39
25/01/2022,-76300,-3855210000,51.6(0.98 %),24300,1242940000,100600,5098150000,167805992,26.39
26/01/2022,126900,6163904000,53(2.71 %),141600,6908362000,14700,744458000,167703392,26.41
27/01/2022,5400,286020000,53.8(1.51 %),21000,1128660000,15600,842640000,167782492,26.4
28/01/2022,24700,1336520000,54.4(1.12 %),35600,1928750000,10900,592230000,167760792,26.4
07/02/2022,1100,59650000,55.5(2.02 %),20200,1121090000,19100,1061440000,167755192,26.4
08/02/2022,32500,1808840000,55.4(-0.18 %),51100,2838960000,18600,1030120000,167714992,26.41
09/02/2022,104700,5847910000,55.9(0.90 %),110000,6143300000,5300,295390000,167623592,26.42
10/02/2022,16600,921630000,55.4(-0.89 %),19900,1104020000,3300,182390000,167617292,26.42
11/02/2022,49400,2735010000,55.1(-0.54 %),65300,3610680000,15900,875670000,167553292,26.43
14/02/2022,-6000,-331880000,54.2(-1.63 %),11900,650200000,17900,982080000,167545692,26.43
15/02/2022,-3800,-207660000,54.8(1.11 %),5100,277450000,8900,485110000,167556492,26.43
16/02/2022,91800,5132250000,57.4(4.74 %),98000,5485110000,6200,352860000,167476392,26.44
17/02/2022,50100,2867320000,56.9(-0.87 %),59800,3421660000,9700,554340000,167427492,26.45
18/02/2022,-11800,-675810000,57.3(0.70 %),7000,400090000,18800,1075900000,167426692,26.45
21/02/2022,-13400,-766580000,57.2(-0.17 %),8100,462460000,21500,1229040000,167427692,26.45
22/02/2022,-62200,-3531210000,56.3(-1.57 %),4200,237420000,66400,3768630000,167442292,26.44
23/02/2022,150700,8662970000,57.6(2.31 %),169200,9727040000,18500,1064070000,167294592,26.46
24/02/2022,96900,5659400000,59(2.43 %),224600,13116980000,127700,7457580000,167134392,26.48
25/02/2022,134300,7985140000,59(0.00 %),151100,8978350000,16800,993210000,166998792,26.5
28/02/2022,51800,3057760000,59.1(0.17 %),62100,3665210000,10300,607450000,167059892,26.49
01/03/2022,71300,4301380000,59.8(1.18 %),76700,4627030000,5400,325650000,166999992,26.5
02/03/2022,87400,5211420000,59(-1.34 %),101300,6041490000,13900,830070000,166908992,26.52
03/03/2022,-160300,-9404400000,59(0.00 %),51200,3017710000,211500,12422110000,166863692,26.52
04/03/2022,-97000,-5694170000,59.7(1.19 %),118900,7035420000,215900,12729590000,166758692,26.54
07/03/2022,-104000,-6168760000,58.9(-1.34 %),124600,7408670000,228600,13577430000,166844892,26.52
08/03/2022,110600,6511630000,58.4(-0.85 %),123200,7252310000,12600,740680000,166936392,26.51
09/03/2022,-323500,-18439750000,56.4(-3.42 %),9000,516350000,332500,18956100000,167154792,26.48
10/03/2022,-151700,-8633750000,57.4(1.77 %),44800,2555390000,196500,11189140000,167121092,26.49
11/03/2022,2100,120080000,57(-0.70 %),5700,326810000,3600,206730000,167446942,26.44
14/03/2022,15300,855490000,55.1(-3.33 %),42200,2354460000,26900,1498970000,167601242,26.42
15/03/2022,44200,2436280000,55.1(0.00 %),104500,5752130000,60300,3315850000,167500342,26.44
16/03/2022,-14400,-801900000,56.2(2.00 %),2900,160990000,17300,962890000,167524342,26.43
17/03/2022,40100,2258270000,56.2(0.00 %),43700,2462590000,3600,204320000,167540942,26.43
18/03/2022,-461600,-25894770000,56.1(-0.18 %),26300,1475390000,487900,27370160000,167531942,26.43
21/03/2022,51600,3011900000,58.5(4.28 %),65700,3818980000,14100,807080000,167469842,26.44
22/03/2022,-4100,-239450000,58.5(0.00 %),2000,116680000,6100,356130000,167955742,26.37
23/03/2022,-36400,-2137330000,59(0.85 %),36500,2156860000,72900,4294190000,167932342,26.38
24/03/2022,-15600,-922500000,58.8(-0.34 %),10100,594670000,25700,1517170000,167926842,26.38
25/03/2022,7600,445630000,58.5(-0.51 %),11900,698670000,4300,253040000,167986342,26.37
28/03/2022,100,5740000,58.5(0.00 %),7500,436860000,7400,431120000,168004542,26.37
29/03/2022,85300,5230500000,61.4(4.96 %),112700,6871900000,27400,1641400000,167896142,26.38
30/03/2022,62000,3826160000,61.7(0.49 %),90700,5596310000,28700,1770150000,167812842,26.39
31/03/2022,-22100,-1367690000,61.5(-0.32 %),400,24780000,22500,1392470000,167839842,26.39
01/04/2022,111300,7012270000,63.4(3.09 %),179800,11338640000,68500,4326370000,167689242,26.41
04/04/2022,-19900,-1280270000,63.6(0.32 %),28900,1861300000,48800,3141570000,167681842,26.41
05/04/2022,-49900,-3174510000,63.8(0.31 %),5800,368280000,55700,3542790000,167744642,26.4
06/04/2022,60100,3878230000,65.2(2.19 %),117500,7602870000,57400,3724640000,167662942,26.41
07/04/2022,43400,2845420000,64.4(-1.23 %),76400,5017060000,33000,2171640000,167619542,26.42
08/04/2022,10000,646270000,63.5(-1.40 %),64800,4174220000,54800,3527950000,167632342,26.42
12/04/2022,-800,-64770000,60(-5.51 %),46600,2887800000,47400,2952570000,167633142,0.0
13/04/2022,226900,13852450000,63.3(5.50 %),252900,15469390000,26000,1616940000,167617742,26.42
14/04/2022,14100,888600000,62.5(-1.26 %),90800,5769330000,76700,4880730000,167375152,26.45
15/04/2022,8400,262356000,66.8(6.88 %),73100,4505964300,64700,4243608300,167327652,26.46
18/04/2022,-1524200,-102521750000,66.8(0.00 %),77400,5205340000,1601600,107727090000,167326452,26.46
19/04/2022,-295700,-20226210000,65.7(-1.65 %),151900,10273860000,447600,30500070000,167241052,26.47
20/04/2022,54500,3463240000,64(-2.59 %),176700,11595790000,122200,8132550000,168844852,26.25
21/04/2022,79400,5008490000,66.5(3.91 %),304800,20102650000,225400,15094160000,168823252,26.26
22/04/2022,132300,8403510000,63(-5.26 %),194000,12507710000,61700,4104200000,168757352,26.27
25/04/2022,160300,9633710000,58.6(-6.98 %),176200,10597280000,15900,963570000,168813552,26.26
26/04/2022,843400,48711330000,61.9(5.63 %),873000,50464630000,29600,1753300000,168002252,26.37
27/04/2022,-80600,-4871700000,61.5(-0.65 %),61100,3710460000,141700,8582160000,167960052,26.37
28/04/2022,-51500,-3130730000,60(-2.44 %),84000,5092450000,135500,8223180000,167906052,26.38
29/04/2022,24900,1540800000,62.1(3.50 %),80300,4945530000,55400,3404730000,167968452,26.37
04/05/2022,-137300,-8623040000,63(1.45 %),15200,955630000,152500,9578670000,168088752,26.36
05/05/2022,-106400,-6789660000,64(1.59 %),14300,913140000,120700,7702800000,168195152,26.34
06/05/2022,-448800,-28633440000,63.8(-0.31 %),7000,446600000,455800,29080040000,168275352,26.33
09/05/2022,46700,2773980000,59.4(-6.90 %),51300,3047220000,4600,273240000,168344752,26.32
10/05/2022,34300,2058000000,60(1.01 %),73300,4398000000,39000,2340000000,168727252,26.27
11/05/2022,-16200,-949050000,58.5(-2.50 %),17000,999050000,33200,1948100000,168743452,26.27
12/05/2022,11900,613500000,54.5(-6.84 %),27300,1498220000,15400,884720000,168731552,26.27
13/05/2022,373800,19241040000,50.7(-6.97 %),383100,19734560000,9300,493520000,168376152,26.32
16/05/2022,44100,2112390000,47.9(-5.52 %),93600,4483440000,49500,2371050000,168298452,26.33
17/05/2022,234700,12016640000,51.2(6.89 %),236500,12108800000,1800,92160000,168071752,26.36
18/05/2022,-161600,-8193120000,50.7(-0.98 %),57700,2925390000,219300,11118510000,168065052,26.36
19/05/2022,-77800,-3897780000,50.1(-1.18 %),41300,2069130000,119100,5966910000,168026552,26.36
20/05/2022,-206300,-10356260000,50.2(0.20 %),12200,612440000,218500,10968700000,168233652,26.34
23/05/2022,-38900,-1976120000,50.8(1.20 %),50000,2540000000,88900,4516120000,168303252,26.33
24/05/2022,-37300,-1898570000,50.9(0.20 %),26600,1353940000,63900,3252510000,168496652,26.3
25/05/2022,50800,2682240000,52.8(3.73 %),65600,3463680000,14800,781440000,168522452,26.3
26/05/2022,-14400,-770400000,53.5(1.33 %),5400,288900000,19800,1059300000,168580952,26.29
27/05/2022,7100,380560000,53.6(0.19 %),50700,2717520000,43600,2336960000,168545052,26.29
30/05/2022,53100,2840850000,53.5(-0.19 %),69600,3723600000,16500,882750000,168496252,26.3
31/05/2022,194100,10209660000,52.6(-1.68 %),201800,10614680000,7700,405020000,168340252,26.32
01/06/2022,18400,973360000,52.9(0.57 %),21400,1132060000,3000,158700000,168335352,26.32
02/06/2022,4000,216400000,54.1(2.27 %),14000,757400000,10000,541000000,168329052,26.32
03/06/2022,82000,4444400000,54.2(0.18 %),83600,4531120000,1600,86720000,168248452,26.33
06/06/2022,16500,903860000,54.1(-0.18 %),21500,1176930000,5000,273070000,168236952,26.34
07/06/2022,42800,2401080000,56.1(3.70 %),49400,2771340000,6600,370260000,168189152,26.34
08/06/2022,-19500,-1080300000,55.4(-1.25 %),3500,193900000,23000,1274200000,168190652,26.34
09/06/2022,-10200,-561000000,55(-0.72 %),5000,275000000,15200,836000000,168192252,26.34
10/06/2022,-19500,-1049100000,53.8(-2.18 %),4000,215200000,23500,1264300000,168211252,26.34
13/06/2022,-46600,-2334660000,50.1(-6.88 %),15200,761520000,61800,3096180000,168208752,26.34
14/06/2022,66800,3433520000,51.4(2.59 %),86900,4466660000,20100,1033140000,168145352,26.35
15/06/2022,-5500,-282700000,51.4(0.00 %),8600,442040000,14100,724740000,168198552,26.34
16/06/2022,855500,44828200000,52.4(1.95 %),863700,45257880000,8200,429680000,167356452,26.46
17/06/2022,-43500,-2240250000,51.5(-1.72 %),39400,2029100000,82900,4269350000,167333152,26.46
20/06/2022,-28100,-1450130000,50.4(-2.14 %),12700,648250000,40800,2098380000,167328652,26.46
21/06/2022,243500,12540250000,51.5(2.18 %),263000,13544500000,19500,1004250000,167148552,26.48
22/06/2022,1400,71540000,51.1(-0.78 %),5200,265720000,3800,194180000,167184652,26.48
23/06/2022,15300,806310000,52.7(3.13 %),18600,980220000,3300,173910000,167185602,26.48
24/06/2022,-4600,-252080000,54.8(3.98 %),18500,1013800000,23100,1265880000,167174902,26.48
27/06/2022,-20200,-1108450000,55.1(0.55 %),15200,834630000,35400,1943080000,167163002,26.48
28/06/2022,269400,15167220000,56.3(2.18 %),304900,17165870000,35500,1998650000,166881202,26.52
29/06/2022,-30500,-1685910000,55(-2.31 %),1900,105520000,32400,1791430000,166914712,26.51
30/06/2022,1300,68250000,52.5(-4.55 %),4500,236250000,3200,168000000,166945712,26.51
01/07/2022,148500,7885350000,53.1(1.14 %),149100,7917210000,600,31860000,166829012,26.53
04/07/2022,117200,6318390000,53.7(1.13 %),134300,7240260000,17100,921870000,166819812,26.53
05/07/2022,83000,4382400000,52.8(-1.68 %),118500,6256800000,35500,1874400000,166585012,26.56
06/07/2022,310300,16445900000,53(0.38 %),333200,17659600000,22900,1213700000,166268912,26.6
07/07/2022,146000,8030000000,55(3.77 %),275900,15174500000,129900,7144500000,166028512,26.63
08/07/2022,-16200,9063600000,54.6(-0.73 %),17000,9555000000,33200,491400000,166044712,26.63
11/07/2022,166000,9063600000,54.6(0.00 %),175000,9555000000,9000,491400000,165842912,26.66
12/07/2022,50800,2839720000,55.9(2.38 %),70600,3946540000,19800,1106820000,165986312,26.64
13/07/2022,25800,1496400000,58(3.76 %),37600,2180800000,11800,684400000,165957712,26.64
14/07/2022,21900,1268010000,57.9(-0.17 %),26200,1516980000,4300,248970000,165951312,26.64
15/07/2022,-5600,-316400000,56.5(-2.42 %),15000,847500000,20600,1163900000,165955112,26.64
18/07/2022,-288800,-16548240000,57.3(1.42 %),3000,171900000,291800,16720140000,165956412,26.64
19/07/2022,-22100,-1261910000,57.1(-0.35 %),9700,553870000,31800,1815780000,165967312,26.64
20/07/2022,-8400,-483000000,57.5(0.70 %),7100,408250000,15500,891250000,166252012,26.6
21/07/2022,-70800,-4014360000,56.7(-1.39 %),37200,2109240000,108000,6123600000,166247112,26.6
22/07/2022,15300,-5303460000,56.3(-0.71 %),18600,427880000,3300,5731340000,166255012,26.6
25/07/2022,45400,2515160000,55.4(-1.60 %),64200,3556680000,18800,1041520000,166299312,26.6
26/07/2022,-9300,-505920000,54.4(-1.81 %),3700,201280000,13000,707200000,166399412,26.58
27/07/2022,182900,10461880000,57.2(5.15 %),202000,11554400000,19100,1092520000,166219712,26.61
28/07/2022,-24900,-1409340000,56.6(-1.05 %),9000,509400000,33900,1918740000,166223712,26.61
29/07/2022,109100,6305980000,57.8(2.12 %),114400,6612320000,5300,306340000,166128412,26.62
01/08/2022,55700,3297440000,59.2(2.42 %),204500,12106400000,148800,8808960000,165957812,26.64
02/08/2022,-8700,-512430000,58.9(-0.51 %),23100,1360590000,31800,1873020000,165940012,26.65
03/08/2022,3600,210240000,58.4(-0.85 %),13000,759200000,9400,548960000,166075812,26.63
04/08/2022,-2200,-128480000,58.4(0.00 %),31700,1851280000,33900,1979760000,166075912,26.63
05/08/2022,102500,6027000000,58.8(0.68 %),106500,6262200000,4000,235200000,165978812,26.64
08/08/2022,3600,211320000,58.7(-0.17 %),9800,575260000,6200,363940000,166000412,26.64
09/08/2022,-61400,-3579620000,58.3(-0.68 %),2500,145750000,63900,3725370000,166002412,26.64
10/08/2022,-25100,-1443250000,57.5(-1.37 %),8400,483000000,33500,1926250000,166000412,26.64
11/08/2022,-2100,-119070000,56.7(-1.39 %),5300,300510000,7400,419580000,166059012,26.63
12/08/2022,-5300,-308460000,58.2(2.65 %),11000,640200000,16300,948660000,166081512,26.63
15/08/2022,-23500,-1360650000,57.9(-0.52 %),7800,451620000,31300,1812270000,166081112,26.63
16/08/2022,-3300,-189750000,57.5(-0.69 %),9100,523250000,12400,713000000,166088312,26.63
17/08/2022,-153000,-8690400000,56.8(-1.22 %),7300,414640000,160300,9105040000,166110812,26.62
18/08/2022,-110400,-6237600000,56.5(-0.53 %),1600,90400000,112000,6328000000,166127112,26.62
19/08/2022,-69700,-3889260000,55.8(-1.24 %),63800,3560040000,133500,7449300000,166223612,26.61
22/08/2022,-1500,-85500000,57(2.15 %),8000,456000000,9500,541500000,166327612,26.59
23/08/2022,-92900,-5276720000,56.8(-0.35 %),31000,1760800000,123900,7037520000,166426612,26.58
24/08/2022,-296700,-16882230000,56.9(0.18 %),16400,933160000,313100,17815390000,166419712,26.58
25/08/2022,-351500,-20035500000,57(0.18 %),13000,741000000,364500,20776500000,166530612,26.57
26/08/2022,-46500,-2650500000,57(0.00 %),14100,803700000,60600,3454200000,166832612,26.53
29/08/2022,-4400,-252120000,57.3(0.53 %),6100,349530000,10500,601650000,167191012,26.48
30/08/2022,-12000,-688800000,57.4(0.17 %),2800,160720000,14800,849520000,167249312,26.47
31/08/2022,-39800,-2328300000,58.5(1.92 %),17700,1035450000,57500,3363750000,167242112,26.47
05/09/2022,-443000,-26402800000,59.6(1.88 %),11900,709240000,454900,27112040000,167245012,26.47
06/09/2022,-127700,-7547070000,59.1(-0.84 %),29000,1713900000,156700,9260970000,167272512,26.47
07/09/2022,-11000,-622600000,56.6(-4.23 %),54300,3073380000,65300,3695980000,167673112,26.41
08/09/2022,-23400,-1310400000,56(-1.06 %),4500,252000000,27900,1562400000,167825312,26.39
09/09/2022,11500,650900000,56.6(1.07 %),18400,1041440000,6900,390540000,167873212,26.39
12/09/2022,-980,650900000,56.6(0.00 %),1000,1041440000,1980,390540000,167900112,26.38
13/09/2022,-29755,87601500,56.5(-0.18 %),5301,221186700,35056,133585200,167901711,26.38
14/09/2022,-38800,87601500,56.4(-0.18 %),2600,221186700,41400,133585200,167903091,26.38
15/09/2022,-35481,-2188320000,56.6(0.35 %),4300,146640000,39781,2334960000,0,26.38
16/09/2022,-46124,-2582944000,56(-1.06 %),2400,134400000,48524,2717344000,167972847,26.37
19/09/2022,24065,1277851500,53.1(-5.18 %),35200,1869120000,11135,591268500,167948782,26.38
20/09/2022,79295,4313648000,54.4(2.45 %),80000,4352000000,705,38352000,167947952,26.38
21/09/2022,5430,299193000,55.1(1.29 %),23500,1294850000,18070,995657000,167935587,26.38
22/09/2022,-14690,-810888000,55.2(0.18 %),9000,496800000,23690,1307688000,167927292,26.38
23/09/2022,22020,1285968000,58.4(5.80 %),255800,14938720000,233780,13652752000,167689562,26.41
26/09/2022,-5190,-300501000,57.9(-0.86 %),39500,2287050000,44690,2587551000,167673752,26.41
27/09/2022,-64360,-3694264000,57.4(-0.86 %),26300,1509620000,90660,5203884000,167881732,26.38
28/09/2022,-38500,-2156000000,56(-2.44 %),17300,968800000,55800,3124800000,167910122,26.38
29/09/2022,7900,422650000,53.5(-4.46 %),39600,2118600000,31700,1695950000,167961182,26.37
30/09/2022,-57700,-3086950000,53.5(0.00 %),58200,3113700000,115900,6200650000,167962382,26.37
03/10/2022,-89400,-4452120000,49.8(-6.92 %),15800,786840000,105200,5238960000,167993982,26.37
04/10/2022,-40100,-1932820000,48.2(-3.21 %),34600,1667720000,74700,3600540000,168076782,26.36
05/10/2022,98800,4999280000,50.6(4.98 %),109500,5540700000,10700,541420000,168080982,26.36
06/10/2022,-16600,-811740000,48.9(-3.36 %),19000,929100000,35600,1740840000,168139182,26.35
07/10/2022,24900,1200180000,48.2(-1.43 %),76600,3692120000,51700,2491940000,168075282,26.36
10/10/2022,111100,5555000000,50(3.73 %),138600,6930000000,27500,1375000000,167975782,26.37
11/10/2022,-27100,-1273700000,47(-6.00 %),75500,3548500000,102600,4822200000,167951982,26.37
12/10/2022,167500,8132125000,48.55(3.30 %),215800,10477090000,48300,2344965000,167763682,26.4
13/10/2022,800,39400000,49.25(1.34 %),66800,3289900000,66000,3250500000,167801482,26.4
14/10/2022,61900,3138330000,50.7(2.84 %),114100,5784870000,52200,2646540000,167735682,26.4
17/10/2022,-36300,-1840410000,50.7(0.00 %),7300,370110000,43600,2210520000,167796382,26.4
18/10/2022,6600,335940000,50.9(0.39 %),22300,1135070000,15700,799130000,167826282,26.39
19/10/2022,-8900,-442730000,51.2(0.59 %),36700,1877230000,45600,2319960000,167835182,26.39
20/10/2022,-33900,-1722490000,51(-0.39 %),1300,65930000,35200,1788420000,167867082,26.39
21/10/2022,-22600,-1125530000,48.05(-5.78 %),5700,279970000,28300,1405500000,167872182,26.39
24/10/2022,-18500,-894705000,47.9(6.21 %),20700,994560000,39200,1889265000,167908982,26.38
25/10/2022,44300,2220190000,50(4.38 %),51800,2583370000,7500,363180000,167864682,26.39
26/10/2022,-28400,-1431770000,51.2(2.40 %),7000,353380000,35400,1785150000,167891082,26.38
27/10/2022,22800,1186990000,53(3.52 %),72400,3768170000,49600,2581180000,167848794,26.39
28/10/2022,81390,4272975000,52.5(-0.94 %),129400,6793500000,48010,2520525000,167755794,26.4
31/10/2022,-17100,-897750000,52.5(0.00 %),3800,199500000,20900,1097250000,167801594,26.4
01/11/2022,-167008,-8851424000,53(0.95 %),21102,1118406000,188110,9969830000,167820002,26.39
02/11/2022,-67280,-3498560000,52(-1.89 %),18520,963040000,85800,4461600000,167822382,26.39
03/11/2022,75400,3950960000,52.4(0.77 %),86500,4532600000,11100,581640000,167924992,26.38
04/11/2022,42330,2116500000,50(-4.58 %),83300,4165000000,40970,2048500000,167928492,26.38
07/11/2022,-8290,-405381000,48.9(-2.20 %),50100,2449890000,58390,2855271000,167892492,26.38
08/11/2022,115800,5882640000,50.8(3.89 %),122600,6228080000,6800,345440000,167815862,26.39
09/11/2022,97595,5006623500,51.3(0.98 %),139900,7176870000,42305,2170246500,167736352,26.4
10/11/2022,39545,1923864250,48.65(-5.17 %),52000,2529800000,12455,605935750,167693652,26.41
11/11/2022,25200,1234800000,49(0.62 %),50300,2464700000,25100,1229900000,167690057,26.41
14/11/2022,28205,1342558000,47.6(-2.86 %),69505,3308438000,41300,1965880000,167638507,26.42
15/11/2022,92680,4105724000,44.3(-6.93 %),187600,8310680000,94920,4204956000,167476007,26.44
16/11/2022,318522,15066090600,47.3(6.77 %),320970,15181881000,2448,115790400,167196337,26.48
17/11/2022,29090,1378866000,47.4(0.21 %),55400,2625960000,26310,1247094000,167240857,26.47
18/11/2022,9800,473340000,48.3(1.90 %),22600,1091580000,12800,618240000,167225705,26.47
21/11/2022,2360,112572000,47.7(-1.24 %),25100,1197270000,22740,1084698000,167228415,26.47
22/11/2022,124300,5985045000,48.15(0.94 %),139500,6716925000,15200,731880000,167101715,26.49
23/11/2022,-1000,-48650000,48.65(0.93 %),21100,1026515000,22100,1075165000,167105855,26.49
24/11/2022,44820,2182734000,48.7(0.10 %),58770,2862099000,13950,679365000,167064785,26.49
25/11/2022,37300,1749370000,46.9(2.63 %),39600,1857240000,2300,107870000,167049785,26.5
28/11/2022,-41550,-1944540000,46.8(-0.21 %),32200,1506960000,73750,3451500000,167091335,26.49
29/11/2022,44390,2095208000,47.2(0.85 %),77400,3653280000,33010,1558072000,167046945,26.5
30/11/2022,37500,1816875000,48.45(2.65 %),80700,3909915000,43200,2093040000,167009445,26.5
01/12/2022,44150,2110370000,47.8(-1.44 %),81000,3871800000,36850,1761430000,166865785,0.0
02/12/2022,121590,5860638000,48.2(0.84 %),157800,7605960000,36210,1745322000,166744195,26.54
05/12/2022,141882,7165041000,50.5(4.77 %),159800,8069900000,17918,904859000,166602313,26.56
06/12/2022,34959,1678032000,48(-4.95 %),45000,2160000000,10041,481968000,166567354,26.56
07/12/2022,240199,11601611700,48.3(0.62 %),259000,12509700000,18801,908088300,166327155,0.0
08/12/2022,161800,7847300000,48.5(0.41 %),178600,8662100000,16800,814800000,166248714,26.6
09/12/2022,11000,526900000,47.9(-1.24 %),42600,2040540000,31600,1513640000,166228415,26.61
12/12/2022,503168,24403648000,48.5(1.25 %),518375,25141187500,15207,737539500,165651187,26.68
13/12/2022,384900,19206510000,49.9(2.89 %),390800,19500920000,5900,294410000,165266287,26.74
14/12/2022,-17800,-885550000,49.75(-0.30 %),24800,1233800000,42600,2119350000,165284087,26.73
15/12/2022,43480,2152260000,49.5(-0.60 %),48000,2376000000,4520,223740000,165240607,0.0
16/12/2022,383300,19011680000,49.6(0.20 %),627800,31138880000,244500,12127200000,164857307,0.0
19/12/2022,-37465,-1805813000,48.2(-2.82 %),27500,1325500000,64965,3131313000,164894772,26.79
20/12/2022,310930,14924640000,48(-0.41 %),334700,16065600000,23770,1140960000,164583842,26.83
21/12/2022,60400,2899200000,48(0.00 %),99100,4756800000,38700,1857600000,164523442,26.84
22/12/2022,13480,649736000,48.2(0.42 %),56800,2737760000,43320,2088024000,164509962,26.84
23/12/2022,-62416,-2989726400,47.9(-0.62 %),25500,1221450000,87916,4211176400,164572378,26.83
26/12/2022,-68511,-3117250500,45.5(-5.01 %),30700,1396850000,99211,4514100500,164640889,26.82
27/12/2022,55007,2557825500,46.5(2.20 %),82230,3823695000,27223,1265869500,164585882,26.83
28/12/2022,2150,100405000,46.7(0.43 %),39000,1821300000,36850,1720895000,164583732,26.83
29/12/2022,60355,2806507500,46.5(-0.43 %),98130,4563045000,37775,1756537500,164582312,26.83
30/12/2022,29700,1384020000,46.6(0.22 %),49100,2288060000,19400,904040000,164570062,26.83
03/01/2023,100115,4775485500,47.7(2.36 %),110500,5270850000,10385,495364500,164459562,0.0
04/01/2023,35100,1674270000,47.7(0.00 %),38300,1826910000,3200,152640000,164480437,26.84
05/01/2023,60200,2892610000,48.05(0.73 %),83200,3997760000,23000,1105150000,164408622,26.85
06/01/2023,223226,10726009300,48.05(-0.10 %),229326,11019114300,6100,293105000,164182496,26.88
09/01/2023,24240,1161096000,47.9(-0.42 %),35200,1686080000,10960,524984000,164171296,26.88
10/01/2023,23257,1116336000,48(0.21 %),53200,2553600000,29943,1437264000,164126196,26.89
11/01/2023,335391,16300002600,48.6(1.25 %),337400,16397640000,2009,97637400,163802656,26.93
12/01/2023,245200,12039320000,49.1(1.03 %),256100,12574510000,10900,535190000,163576499,26.96
13/01/2023,88158,4310926200,48.9(-0.41 %),92950,4545255000,4792,234328800,163487558,26.98
16/01/2023,37190,1790698500,48.15(-1.53 %),93300,4492395000,56110,2701696500,163409158,26.99
17/01/2023,90240,4385664000,48.6(0.83 %),100140,4866804000,9900,481140000,163316810,27.0
18/01/2023,154190,7462796000,48.4(-0.41 %),171900,8319960000,17710,857164000,163207020,27.01
19/01/2023,170500,8507950000,49.9(3.10 %),207400,10349260000,36900,1841310000,163011520,27.04
27/01/2023,128200,6538200000,51(2.20 %),139500,7114500000,11300,576300000,162889730,27.06
30/01/2023,903,45601500,50.5(-0.98 %),35473,1791386500,34570,1745785000,162891157,27.06
31/01/2023,57300,2887920000,50.4(-0.20 %),77700,3916080000,20400,1028160000,162827257,27.07
01/02/2023,353660,17683000000,50(-0.79 %),391300,19565000000,37640,1882000000,162470527,27.11
02/02/2023,76022,3797298900,49.95(-0.10 %),82242,4107987900,6220,310689000,162408685,27.12
03/02/2023,-4233,-210380100,49.7(-0.60 %),30320,1506904000,34553,1717284100,162416005,27.12
06/02/2023,333220,16860932000,50.6(1.81 %),336200,17011720000,2980,150788000,162086025,27.17
07/02/2023,24410,1200972000,49.2(-2.77 %),51400,2528880000,26990,1327908000,162069178,27.17
08/02/2023,251013,12362390250,49.25(0.10 %),290443,14304317750,39430,1941927500,161781715,27.21
09/02/2023,-38560,-1902936000,49.35(0.10 %),13100,646485000,51660,2549421000,161795605,27.2
10/02/2023,269510,13421598000,49.8(0.81 %),313800,15627240000,44290,2205642000,161521235,27.24
13/02/2023,-12200,-591700000,48.5(-2.61 %),25100,1217350000,37300,1809050000,161547795,27.24
14/02/2023,37060,1819646000,49.1(1.24 %),56900,2793790000,19840,974144000,161535185,27.24
15/02/2023,-4100,-202540000,49.4(0.61 %),34900,1724060000,39000,1926600000,161543585,27.24
16/02/2023,134030,6714903000,50.1(1.42 %),143100,7169310000,9070,454407000,161420325,27.25
17/02/2023,90400,4556160000,50.4(0.60 %),105100,5297040000,14700,740880000,161354225,27.26
20/02/2023,222698,11402137600,51.2(1.59 %),249403,12769433600,26705,1367296000,161113892,27.3
21/02/2023,36210,1828605000,50.5(-1.37 %),48010,2424505000,11800,595900000,161080582,27.3
22/02/2023,69300,3465000000,50(-0.99 %),85400,4270000000,16100,805000000,161019387,27.31
23/02/2023,-7896,-391641600,49.6(-0.80 %),16204,803718400,24100,1195360000,161014983,27.31
24/02/2023,2000,97800000,48.9(-1.41 %),34800,1701720000,32800,1603920000,161012983,27.31
27/02/2023,-47780,-2302996000,48.2(-1.43 %),3700,178340000,51480,2481336000,161006683,27.31
28/02/2023,27400,1328900000,48.5(0.62 %),46800,2269800000,19400,940900000,160985683,27.31
01/03/2023,53250,2633212500,49.45(1.96 %),62600,3095570000,9350,462357500,160974563,27.31
02/03/2023,-18400,-901600000,49(-1.01 %),1300,63700000,19700,965300000,160991663,27.31
03/03/2023,-20600,-998070000,48.45(-1.12 %),8700,421515000,29300,1419585000,160987313,27.31
06/03/2023,-37367,-1793616000,48(-1.03 %),6513,312624000,43880,2106240000,161000500,27.31
07/03/2023,-26050,-1258215000,48.3(0.62 %),38700,1869210000,64750,3127425000,160991100,27.31
08/03/2023,15521,760529000,49(1.45 %),46621,2284429000,31100,1523900000,160988359,27.31
09/03/2023,39601,1958269450,49.45(0.92 %),46001,2274749450,6400,316480000,161007108,27.31
10/03/2023,-21697,-1067492400,49.2(-0.61 %),3455,169986000,25152,1237478400,161034253,27.31
13/03/2023,237634,11762883000,49.5(0.61 %),341700,16914150000,104066,5151267000,160796619,0.0
14/03/2023,-7645,-372311500,48.7(-1.62 %),20700,1008090000,28345,1380401500,160703405,27.35
15/03/2023,-92835,-4576765500,49.3(1.23 %),67300,3317890000,160135,7894655500,160733171,27.35
16/03/2023,-11891,-577902600,48.6(-1.42 %),8609,418397400,20500,996300000,160752907,27.34
17/03/2023,587094,29354700000,50(2.88 %),660900,33045000000,73806,3690300000,160252142,27.41
20/03/2023,-11943,-585207000,49(-2.00 %),3701,181349000,15644,766556000,160267941,27.41
21/03/2023,83910,97800000,49(0.00 %),95300,1701720000,11390,1603920000,160246447,27.41
22/03/2023,53100,2600470000,49(0.00 %),82700,4047165000,29600,1446695000,160193347,27.42
23/03/2023,19100,935875000,48.9(-0.20 %),65000,3168025000,45900,2232150000,160174247,27.42
24/03/2023,-50300,-2437575000,48.5(-0.82 %),44400,2154515000,94700,4592090000,160224547,27.42
27/03/2023,-58200,-2822700000,48.5(0.00 %),36700,1779950000,94900,4602650000,160282747,0.0
28/03/2023,-31913,-1547780500,48.5(0.00 %),26200,1270700000,58113,2818480500,160314660,27.4
29/03/2023,-25910,-1251453000,48.3(-0.41 %),23800,1149540000,49710,2400993000,160260771,27.41
30/03/2023,-13360,-647292000,48.45(0.31 %),6100,295545000,19460,942837000,160312784,27.4
31/03/2023,22831,1106161950,48.45(-0.10 %),30231,1464691950,7400,358530000,160332263,27.4
03/04/2023,28587,1400763000,49(1.03 %),58777,2880073000,30190,1479310000,160292946,27.41
04/04/2023,21230,1044516000,49.2(0.41 %),47100,2317320000,25870,1272804000,160253246,27.41
05/04/2023,13910,682285500,49.05(-0.30 %),19800,971190000,5890,288904500,160263636,27.41
06/04/2023,6700,324950000,48.5(-1.22 %),26700,1294950000,20000,970000000,160262806,27.41
07/04/2023,-62000,-3007000000,48.5(0.00 %),6800,329800000,68800,3336800000,160261896,27.41
10/04/2023,79700,3897330000,48.9(0.82 %),97900,4787310000,18200,889980000,160183996,27.42
11/04/2023,21600,1061640000,49.15(0.51 %),38100,1872615000,16500,810975000,160214696,27.42
12/04/2023,-19232,-932752000,48.5(-1.42 %),1178,57133000,20410,989885000,160232218,27.41
13/04/2023,950,45980000,48.4(-0.21 %),9300,450120000,8350,404140000,160239418,27.41
14/04/2023,-25590,-1228320000,48(-0.83 %),11400,547200000,36990,1775520000,160248428,27.41
17/04/2023,-62550,-2952360000,47.2(-1.67 %),18600,877920000,81150,3830280000,160237090,27.41
18/04/2023,-26400,-1240800000,47(-0.42 %),11600,545200000,38000,1786000000,160262480,27.41
19/04/2023,-91560,-4225494000,46.15(-1.81 %),7710,355816500,99270,4581310500,160335920,27.4
20/04/2023,6300,295670000,47(1.73 %),11900,558585000,5600,262915000,160329620,0.0
21/04/2023,-8316,-389604600,46.85(-0.32 %),10900,510665000,19216,900269600,160450390,27.39
24/04/2023,-27704,-1285465600,46.4(-1.07 %),1500,69600000,29204,1355065600,160454530,27.38
25/04/2023,-133637,-6093847200,45.6(-1.72 %),5010,228456000,138647,6322303200,160466736,27.38
26/04/2023,-154500,-7083825000,45.85(0.55 %),66600,3053610000,221100,10137435000,160429340,27.39
27/04/2023,-267600,-12077540000,44.85(-2.18 %),2500,113020000,270100,12190560000,160696940,0.0
28/04/2023,34000,1534615000,44.9(0.11 %),40100,1809490000,6100,274875000,160662940,0.0
04/05/2023,-117500,-5325345000,45.25(0.78 %),9700,438220000,127200,5763565000,160746467,0.0
05/05/2023,-110000,-5037385000,45.9(1.44 %),21500,984685000,131500,6022070000,160991351,27.31
08/05/2023,-50200,-2303140000,46(0.22 %),60600,2787685000,110800,5090825000,161058039,27.3
09/05/2023,-28600,-1315155000,46(0.00 %),55700,2568590000,84300,3883745000,161126909,27.29
10/05/2023,42900,1969905000,45.95(-0.11 %),78200,3591360000,35300,1621455000,161084009,0.0
11/05/2023,-170500,-7799110000,45.7(-0.65 %),109600,5027615000,280100,12826725000,161133137,27.29
12/05/2023,-212800,-9606505000,46(0.66 %),62000,2831685000,274800,12438190000,161106494,27.3
15/05/2023,-262200,-11990555000,45.5(-1.09 %),72800,3345645000,335000,15336200000,161368694,27.26
16/05/2023,-23700,-1079635000,45.3(-0.44 %),11900,539230000,35600,1618865000,161392394,27.26
17/05/2023,-106700,-4822570000,45.05(-0.55 %),24700,1117435000,131400,5940005000,161499094,27.24
18/05/2023,-253000,-11364550000,44.8(-0.55 %),52700,2375315000,305700,13739865000,161752094,27.21
19/05/2023,-213100,-9447880000,44.3(-1.12 %),95300,4289385000,308400,13737265000,161965194,27.18
22/05/2023,-530300,-23286545000,43.8(-1.13 %),40700,1789935000,571000,25076480000,162495494,27.11
23/05/2023,-297900,-13126355000,44.6(1.83 %),79800,3520365000,377700,16646720000,162793394,27.07
24/05/2023,42300,1901660000,44.45(-0.34 %),73900,3315785000,31600,1414125000,162751094,27.08
25/05/2023,-3700,-160665000,44.1(-0.79 %),32800,1456570000,36500,1617235000,162754794,27.07
26/05/2023,-502800,-21953800000,43.55(-1.25 %),11600,507985000,514400,22461785000,163257594,27.01
29/05/2023,4200,173805000,43.95(0.92 %),132500,5813275000,128300,5639470000,163253394,27.01
30/05/2023,-130800,-5739070000,43.8(-0.34 %),140100,6172900000,270900,11911970000,163384194,26.99
31/05/2023,-309500,-13513500000,43.5(-0.68 %),93100,4071195000,402600,17584695000,163693694,26.95
01/06/2023,-13600,-587965000,43.65(0.34 %),34500,1506305000,48100,2094270000,163563602,26.97
02/06/2023,-130500,-5749320000,44.1(1.03 %),185400,8181620000,315900,13930940000,163694102,26.95
05/06/2023,48800,2184435000,44.5(0.91 %),61300,2741360000,12500,556925000,163645302,26.95
06/06/2023,231500,10396605000,44.95(1.01 %),234900,10548900000,3400,152295000,163413802,26.99
07/06/2023,-13900,-621595000,44.65(-0.67 %),9200,412055000,23100,1033650000,163427702,26.98
08/06/2023,-26300,-1148410000,44.1(-1.23 %),55300,2470815000,81600,3619225000,163454002,26.98
09/06/2023,-43800,-1921615000,43.8(-0.68 %),12900,566340000,56700,2487955000,163497802,26.97
12/06/2023,-254500,-11210340000,44.5(1.60 %),77100,3389120000,331600,14599460000,163752302,26.94
13/06/2023,34200,1552640000,45(1.12 %),37200,1688170000,3000,135530000,163718102,26.95
14/06/2023,-119000,-5331140000,44.6(-0.89 %),32700,1470665000,151700,6801805000,163837102,26.93
15/06/2023,-86200,-3848760000,44.4(-0.45 %),34800,1553280000,121000,5402040000,163923302,26.92
16/06/2023,-129000,-5616725000,44.05(-0.79 %),114900,5143475000,243900,10760200000,164372477,26.86
19/06/2023,3000,132245000,43.7(-0.91 %),17000,745920000,14000,613675000,164476527,26.84
20/06/2023,-4900,-210705000,44(0.69 %),64700,2828835000,69600,3039540000,164481427,0.0
21/06/2023,56100,2469545000,44.15(0.34 %),89600,3936980000,33500,1467435000,164579127,26.83
22/06/2023,33600,1477235000,44.15(0.00 %),388800,17155890000,355200,15678655000,164545527,26.83
23/06/2023,200500,8945450000,45.1(2.04 %),212800,9493505000,12300,548055000,164345027,26.86
26/06/2023,-300,-14555000,45.25(0.33 %),16000,720215000,16300,734770000,164420700,26.85
27/06/2023,-175900,-7977025000,45.3(0.00 %),24100,1092495000,200000,9069520000,164596600,0.0
28/06/2023,32100,1452860000,45.15(-0.33 %),41000,1855210000,8900,402350000,164564500,0.0
29/06/2023,61900,2779455000,44.3(-1.99 %),68600,3081255000,6700,301800000,164502600,0.0
30/06/2023,74700,3302940000,44.1(-0.45 %),76800,3395895000,2100,92955000,164427900,0.0
03/07/2023,37400,1660210000,44.5(0.91 %),46300,2054935000,8900,394725000,164444116,26.85
04/07/2023,146600,6574795000,45.05(1.24 %),151800,6807355000,5200,232560000,164297516,26.87
05/07/2023,80900,3636610000,44.8(-0.67 %),84900,3816520000,4000,179910000,164216616,26.88
06/07/2023,156700,7066925000,45(0.45 %),183000,8259030000,26300,1192105000,164002315,26.91
07/07/2023,90100,4062010000,45.25(0.56 %),98200,4426865000,8100,364855000,163908115,26.92
10/07/2023,277500,12614295000,45.6(0.66 %),310000,14092850000,32500,1478555000,163630615,26.96
11/07/2023,192700,8764575000,45.5(-0.22 %),211700,9630285000,19000,865710000,163437915,26.98
12/07/2023,15000,715105000,46.85(2.97 %),50100,2337130000,35100,1622025000,163422915,26.98
13/07/2023,16200,765670000,47(0.21 %),25300,1194095000,9100,428425000,163406715,26.99
14/07/2023,11200,525550000,46.8(-0.43 %),18700,876315000,7500,350765000,163415005,26.99
17/07/2023,4700,217760000,47.3(1.07 %),21000,980330000,16300,762570000,163410305,26.99
18/07/2023,26500,1255105000,47.05(-0.53 %),40900,1937145000,14400,682040000,163383805,26.99
19/07/2023,274500,12893490000,46.9(-0.42 %),284100,13344535000,9600,451045000,163101981,27.03
20/07/2023,31200,1462430000,46.8(-0.21 %),37100,1738595000,5900,276165000,163070781,27.03
21/07/2023,30700,1451625000,47.5(1.50 %),40500,1914290000,9800,462665000,163040081,27.04
24/07/2023,-151000,-7139885000,47.25(-0.53 %),17200,816930000,168200,7956815000,163064271,27.03
25/07/2023,-129700,-6099945000,46.9(-0.85 %),102100,4797010000,231800,10896955000,162976962,27.05
26/07/2023,-276100,-12896355000,46.65(-0.53 %),43800,2046705000,319900,14943060000,163253062,27.01
27/07/2023,29600,1380090000,46.55(-0.32 %),55900,2606445000,26300,1226355000,163223462,27.01
28/07/2023,21900,1022920000,46.65(0.11 %),41300,1925875000,19400,902955000,163201562,27.01
31/07/2023,85800,4159165000,48.15(3.10 %),152400,7325370000,66600,3166205000,163115762,27.03
01/08/2023,62600,3013325000,47.25(-1.97 %),87800,4217125000,25200,1203800000,163437827,26.98
02/08/2023,-16700,-784055000,47.85(1.16 %),15500,738075000,32200,1522130000,163454527,26.98
03/08/2023,-21500,-1018370000,47.3(-1.25 %),9700,460650000,31200,1479020000,163476027,26.98
04/08/2023,13000,617535000,47.1(-0.42 %),36200,1714980000,23200,1097445000,163436483,26.98
07/08/2023,-55100,-2609510000,48(1.91 %),30700,1464855000,85800,4074365000,163491583,26.98
08/08/2023,-122200,-5841470000,47.55(-0.94 %),42700,2036585000,164900,7878055000,163613783,26.96
09/08/2023,-100,-6090000,47.4(-0.32 %),22500,1066905000,22600,1072995000,163613883,26.96
10/08/2023,-34700,-1642265000,47(-0.84 %),8900,423685000,43600,2065950000,163648583,26.95
11/08/2023,10000,457345000,46.7(-0.64 %),203300,9479715000,193300,9022370000,163638583,26.96
14/08/2023,-190800,-8927530000,46.9(0.43 %),6300,295265000,197100,9222795000,163481563,26.98
15/08/2023,-73700,-3475745000,47.2(0.64 %),4800,226825000,78500,3702570000,163666103,26.95
16/08/2023,-150400,-7061300000,46.9(-0.64 %),35500,1666765000,185900,8728065000,165835813,26.66
17/08/2023,-135200,-6311485000,46.5(-0.85 %),7600,355165000,142800,6666650000,165971013,26.64
18/08/2023,207300,9514870000,44.2(-4.95 %),257900,11853585000,50600,2338715000,166138611,26.62
21/08/2023,-52200,-2327870000,44.6(0.90 %),44700,1998775000,96900,4326645000,166237711,26.61
22/08/2023,157400,7084430000,45.4(1.79 %),330000,14839460000,172600,7755030000,165956911,26.64
23/08/2023,46500,2132115000,45.5(0.22 %),173700,7877765000,127200,5745650000,165877036,26.65
24/08/2023,25800,1170945000,45.4(-0.22 %),124200,5632015000,98400,4461070000,165851236,26.66
25/08/2023,-183600,-8261485000,44.9(-1.10 %),46800,2107385000,230400,10368870000,166002954,26.64
28/08/2023,-236000,-10582210000,44.9(0.00 %),38000,1706025000,274000,12288235000,166238954,26.61
29/08/2023,-311500,-14045870000,44.8(-0.22 %),13500,607885000,325000,14653755000,166279516,26.6
30/08/2023,-17300,-778200000,45.05(0.56 %),15200,686120000,32500,1464320000,166296816,26.6
31/08/2023,-576900,-26093520000,45.2(0.33 %),33500,1515925000,610400,27609445000,166829826,26.53
05/09/2023,-184100,-8378150000,45.45(0.55 %),54700,2494800000,238800,10872950000,166807596,26.53
06/09/2023,-29300,-1333670000,45.65(0.44 %),13600,620130000,42900,1953800000,166836896,26.53
07/09/2023,-156800,-7161770000,45.75(0.22 %),27000,1235100000,183800,8396870000,167616216,26.42
08/09/2023,15500,710360000,45.65(-0.22 %),24700,1130445000,9200,420085000,167633406,26.42
11/09/2023,-23900,-1095545000,45.5(-0.33 %),14900,682920000,38800,1778465000,167800296,26.4
12/09/2023,-52100,-2372970000,45.8(0.66 %),11800,537910000,63900,2910880000,167800706,26.4
13/09/2023,-146600,-6706650000,45.55(-0.55 %),6400,292945000,153000,6999595000,167831066,26.39
14/09/2023,-20600,-929270000,45.2(-0.77 %),32400,1467290000,53000,2396560000,167862524,26.39
15/09/2023,-128700,-5781340000,44.9(-0.66 %),12100,547685000,140800,6329025000,168001424,26.37
18/09/2023,0,0,44.8(-0.22 %),0,0,0,0,168001424,26.37
19/09/2023,-18500,-814975000,44.05(-1.67 %),44900,1988905000,63400,2803880000,168066824,26.36
20/09/2023,-11700,-519560000,44.6(1.25 %),12200,541470000,23900,1061030000,168078524,26.36
21/09/2023,-65700,-2927060000,44.35(-0.56 %),12500,555575000,78200,3482635000,168144224,26.35
22/09/2023,-65100,-2843355000,43.6(-1.69 %),70700,3073440000,135800,5916795000,168227194,26.34
25/09/2023,87900,3826500000,42.2(-3.21 %),115400,5025130000,27500,1198630000,168187994,26.34
26/09/2023,147800,6245045000,42(-0.47 %),241100,10175500000,93300,3930455000,168082214,26.36
27/09/2023,151800,6373870000,42.4(0.95 %),185100,7775155000,33300,1401285000,167930414,26.38
28/09/2023,112800,4780580000,42.4(0.00 %),211200,8946635000,98400,4166055000,167817614,26.39
29/09/2023,-29200,-1232310000,42.15(-0.59 %),2600,110065000,31800,1342375000,167844539,26.39
02/10/2023,-6000,-253180000,42.25(0.24 %),23500,996325000,29500,1249505000,167919609,26.38
03/10/2023,285500,11981525000,41.85(-0.95 %),294600,12363045000,9100,381520000,167656809,26.41
04/10/2023,119500,5028565000,42.05(0.48 %),131900,5551755000,12400,523190000,167537309,26.43
05/10/2023,-3000,-126125000,41.9(-0.36 %),9900,416735000,12900,542860000,167554566,26.43
06/10/2023,41500,1735870000,41.9(0.00 %),44800,1873395000,3300,137525000,167513066,26.43
09/10/2023,27400,1151560000,42.2(0.72 %),36100,1516830000,8700,365270000,167485666,26.44
10/10/2023,113900,4843770000,42.55(0.83 %),122900,5225965000,9000,382195000,167380416,26.45
11/10/2023,15300,651155000,42.6(0.12 %),19300,821050000,4000,169895000,167369816,26.45
12/10/2023,73200,3123675000,42.65(0.12 %),91500,3904310000,18300,780635000,167287366,26.46
13/10/2023,-36100,-1526820000,42.3(-0.82 %),9200,387940000,45300,1914760000,167282166,26.47
16/10/2023,23600,992400000,41.65(-1.54 %),39500,1662200000,15900,669800000,167260966,26.47
17/10/2023,27900,1170005000,41.55(-0.24 %),33100,1388305000,5200,218300000,167273256,26.47
18/10/2023,-5600,-235520000,40.85(-1.68 %),33900,1389070000,39500,1624590000,167255256,26.47
19/10/2023,67700,2753015000,40.2(-1.59 %),72800,2960425000,5100,207410000,167187696,26.48
20/10/2023,39500,1607580000,41(1.99 %),50500,2051445000,11000,443865000,167176696,26.48
23/10/2023,-34300,-1390030000,40.5(-1.22 %),23400,947945000,57700,2337975000,167158396,26.48
24/10/2023,19800,805145000,40.75(0.62 %),36600,1486940000,16800,681795000,167138596,26.48
25/10/2023,18600,760005000,40.85(0.25 %),31600,1290890000,13000,530885000,167132788,26.49
26/10/2023,52500,2077910000,39.05(-4.41 %),57100,2260800000,4600,182890000,167117612,26.49
27/10/2023,188100,7393115000,39.5(1.15 %),322700,12678840000,134600,5285725000,166807912,26.53
30/10/2023,52400,2066165000,39.15(-0.89 %),62600,2467095000,10200,400930000,166750912,26.54
31/10/2023,44700,1754825000,38.9(-0.64 %),49700,1951570000,5000,196745000,166836112,26.53
01/11/2023,38400,1501445000,39(0.26 %),58900,2298975000,20500,797530000,166787400,26.53
02/11/2023,18000,737895000,40.6(4.10 %),40800,1635120000,22800,897225000,166769400,26.53
03/11/2023,17400,705370000,40.4(-0.49 %),30500,1235170000,13100,529800000,166752000,26.54
06/11/2023,19100,776460000,40.7(0.74 %),28100,1141860000,9000,365400000,166732900,26.54
07/11/2023,-1600,-64570000,40.4(-0.74 %),1900,77045000,3500,141615000,166734500,26.54
08/11/2023,23700,965265000,41(1.49 %),31700,1287005000,8000,321740000,166732950,26.54
09/11/2023,15400,636655000,41(0.00 %),23600,974075000,8200,337420000,166719850,26.54
10/11/2023,-16600,-675135000,40.6(-0.98 %),2100,85730000,18700,760865000,166727250,26.54
13/11/2023,-16300,-660360000,40.55(-0.12 %),3900,158510000,20200,818870000,166726550,26.54
14/11/2023,-17300,-705375000,40.8(0.62 %),2600,105650000,19900,811025000,166760850,26.54
15/11/2023,-168900,-6936975000,40.9(0.25 %),19200,790980000,188100,7727955000,166929750,26.51
16/11/2023,0,0,41.3(0.98 %),0,0,0,0,166929750,26.51
17/11/2023,-24600,-1007475000,40.85(-1.09 %),6800,280965000,31400,1288440000,166925472,26.51
20/11/2023,-800,-28295000,40.8(-0.12 %),29500,1201795000,30300,1230090000,166901172,26.52
21/11/2023,-31900,-1304810000,40.8(0.00 %),5100,208860000,37000,1513670000,166927551,26.51
22/11/2023,-53800,-2191250000,40.85(0.12 %),9300,379350000,63100,2570600000,166948551,26.51
23/11/2023,-35900,-1468380000,40.5(-0.86 %),17300,708760000,53200,2177140000,166984451,26.51
24/11/2023,-57100,-2285445000,40.25(-0.62 %),7700,309110000,64800,2594555000,167041551,26.5
27/11/2023,-53100,-2077090000,38.85(-3.48 %),13900,545405000,67000,2622495000,167094651,26.49
28/11/2023,156800,6133720000,39.6(1.93 %),188800,7386510000,32000,1252790000,166937851,26.51
29/11/2023,-7800,-307115000,39.7(0.25 %),22600,897325000,30400,1204440000,166945651,26.51
30/11/2023,-216000,-8521795000,39(-1.76 %),5400,213200000,221400,8734995000,167161651,26.48
01/12/2023,24100,956415000,39.7(1.79 %),33600,1332120000,9500,375705000,167011159,26.5
04/12/2023,7900,321295000,40(0.76 %),53900,2159625000,46000,1838330000,167003259,26.5
05/12/2023,-99900,-3973860000,39.8(-0.50 %),6700,267710000,106600,4241570000,167103159,26.49
06/12/2023,-4200,-165055000,40.05(0.63 %),38000,1522965000,42200,1688020000,167107359,26.49
07/12/2023,-148900,-5890055000,39.6(-1.12 %),18100,718675000,167000,6608730000,167256259,26.47
08/12/2023,-13900,-551050000,39.55(-0.13 %),6000,238030000,19900,789080000,167270159,26.47
11/12/2023,-9200,-364425000,40.05(1.26 %),6100,243170000,15300,607595000,167279359,26.47
12/12/2023,-29200,-1170175000,40.1(0.12 %),6700,268595000,35900,1438770000,167308559,26.46
13/12/2023,-21900,-883200000,40.5(1.00 %),23300,947970000,45200,1831170000,167330459,26.46
14/12/2023,-7200,-286760000,40.15(-0.86 %),37000,1498895000,44200,1785655000,167337659,26.46
15/12/2023,-336400,-13295870000,39.5(-1.62 %),11000,438945000,347400,13734815000,167674059,26.41
18/12/2023,-13400,-532945000,39.05(-1.14 %),21800,853965000,35200,1386910000,167687459,26.41
19/12/2023,-12900,-504960000,39.2(0.38 %),4800,187665000,17700,692625000,167700359,26.41
20/12/2023,-23200,-906080000,39.35(0.38 %),28200,1108040000,51400,2014120000,167723559,26.41
21/12/2023,-47400,-1863230000,39.35(0.00 %),13100,515605000,60500,2378835000,167770959,26.4
22/12/2023,-47600,-1865905000,38.9(-1.14 %),15900,621075000,63500,2486980000,167818559,26.39
25/12/2023,-3500,-136970000,39.3(1.03 %),6000,235105000,9500,372075000,167822059,26.39
26/12/2023,-42200,-1665300000,39.5(0.51 %),5000,197390000,47200,1862690000,167864259,26.39
27/12/2023,7600,301850000,39.55(0.13 %),20900,829765000,13300,527915000,167856659,26.39
28/12/2023,4700,186730000,39.6(0.13 %),11800,467490000,7100,280760000,167851959,26.39
29/12/2023,-1500,-59410000,39.5(-0.25 %),3200,126895000,4700,186305000,167853459,26.39
02/01/2024,-18800,-746600000,39.6(0.25 %),7300,289625000,26100,1036225000,168076816,26.36
03/01/2024,-2700,-106215000,39.8(0.51 %),6200,245770000,8900,351985000,168078659,26.36
04/01/2024,15400,615145000,40.1(0.75 %),35900,1434165000,20500,819020000,168063259,26.36
05/01/2024,24300,972490000,40(-0.25 %),27100,1084570000,2800,112080000,168038959,26.36
08/01/2024,9600,385910000,40(0.00 %),33900,1358020000,24300,972110000,168029359,26.36
09/01/2024,-23700,-943875000,40(0.00 %),18700,749775000,42400,1693650000,168021280,26.37
10/01/2024,-1900,-76900000,40.5(1.25 %),31300,1271105000,33200,1348005000,168014352,26.37
11/01/2024,262600,11041595000,42(3.70 %),285100,11982335000,22500,940740000,167771664,26.4
12/01/2024,15800,659745000,41.8(-0.48 %),20600,859575000,4800,199830000,167769259,26.4
15/01/2024,-21000,-869380000,41(-1.91 %),6300,261555000,27300,1130935000,167800464,26.4
16/01/2024,3300,134735000,41(0.00 %),7100,289715000,3800,154980000,167798160,26.4
17/01/2024,48800,2005250000,41.15(0.37 %),56200,2311275000,7400,306025000,167769328,26.4
18/01/2024,10600,439710000,41.15(0.00 %),42600,1758145000,32000,1318435000,167727559,26.41
19/01/2024,-9900,-407925000,41.25(0.24 %),12500,516150000,22400,924075000,167737459,26.4
22/01/2024,-9100,-374320000,41.2(-0.12 %),17900,739325000,27000,1113645000,167746559,26.4
23/01/2024,600,25435000,40.8(-0.97 %),7700,316225000,7100,290790000,167745959,26.4
24/01/2024,2300,93925000,40.7(-0.25 %),11700,477245000,9400,383320000,167743659,26.4
25/01/2024,-6700,-272545000,40.7(0.00 %),6500,264325000,13200,536870000,167750359,26.4
26/01/2024,700,28825000,40.85(0.37 %),9100,371125000,8400,342300000,167749659,26.4
29/01/2024,17900,735945000,41.2(0.86 %),19900,818060000,2000,82115000,167760400,26.4
30/01/2024,-3500,-140100000,41(-0.49 %),31100,1279475000,34600,1419575000,167737776,26.4
31/01/2024,-31800,-1296270000,40.5(-1.22 %),1800,73660000,33600,1369930000,167738048,26.4
01/02/2024,68800,2840750000,41.25(1.85 %),96700,3981705000,27900,1140955000,167738049,26.4
02/02/2024,-6441,-264450500,41(-0.61 %),2500,102560000,8941,367010500,167675952,26.41
05/02/2024,-500,-19145000,41.05(0.12 %),20900,865395000,21400,884540000,167648290,26.42
06/02/2024,-2680,-110353000,41.1(0.12 %),5500,226205000,8180,336558000,167717632,26.41
07/02/2024,17300,711772500,41.2(0.24 %),23100,950480000,5800,238707500,167715936,26.41
15/02/2024,-1720,-70499050,41.3(0.24 %),15800,654625000,17520,725124050,167706300,26.41
16/02/2024,147610,6252088500,42.5(2.91 %),163010,6904083500,15400,651995000,167549100,26.43
19/02/2024,51274,2211293300,43.2(1.65 %),64190,2764964500,12916,553671200,167502432,26.44
20/02/2024,-15300,-657650000,42.75(-1.04 %),23200,999395000,38500,1657045000,167492624,26.44
21/02/2024,-39486,-1677157800,42.45(-0.70 %),7900,336370000,47386,2013527800,167495648,26.44
22/02/2024,-12510,-528571000,42.15(-0.71 %),2700,114355000,15210,642926000,167495648,26.44
23/02/2024,-100,-4135000,41.95(-0.47 %),12700,539330000,12800,543465000,167503902,26.44
26/02/2024,-20350,-856596550,42.05(0.24 %),12000,504220000,32350,1360816550,167566336,26.43
27/02/2024,-3770,-157967500,42.45(0.95 %),18900,801630000,22670,959597500,167528022,26.43
28/02/2024,-1000,-42200000,42.45(0.00 %),9300,394095000,10300,436295000,167529022,26.43
29/02/2024,32420,1396557350,42.9(1.06 %),75710,3249292500,43290,1852735150,167526144,26.43
01/03/2024,8600,368370000,42.8(-0.23 %),11100,475700000,2500,107330000,167515050,26.43
04/03/2024,-13764,-595054150,43.2(0.93 %),16100,693150000,29864,1288204150,167528814,26.43
05/03/2024,-2530,-108958000,43.3(0.23 %),14100,608680000,16630,717638000,167534944,26.43
06/03/2024,-427,-22961850,43.4(0.23 %),17503,762887150,17930,785849000,167531771,26.43
07/03/2024,-73410,-3213214400,44.9(3.70 %),23100,1014535000,96510,4227749400,167605181,26.42
08/03/2024,134003,6018944850,44.45(-1.00 %),236103,10589279850,102100,4570335000,167471178,26.44
11/03/2024,-28700,-1260770000,43.35(-2.47 %),31800,1409965000,60500,2670735000,167499878,26.44
12/03/2024,221100,9582260000,43.4(0.12 %),235900,10222950000,14800,640690000,167249472,26.47
13/03/2024,-65600,-2844605000,44(1.38 %),46300,2016040000,111900,4860645000,167263668,26.47
14/03/2024,142600,6235530000,43.65(-0.80 %),211900,9262925000,69300,3027395000,167121068,26.49
15/03/2024,-117000,-5045200000,43.1(-1.26 %),47000,2038050000,164000,7083250000,167238068,26.47
18/03/2024,3600,141800000,42(-2.55 %),26500,1114275000,22900,972475000,167174272,26.48
19/03/2024,-17300,-728515000,42(0.00 %),4600,193805000,21900,922320000,167331744,26.46
20/03/2024,-19300,-811895000,42.25(0.60 %),5700,241030000,25000,1052925000,167271068,26.47
21/03/2024,-13200,-562215000,42.8(1.30 %),3900,166195000,17100,728410000,167284268,26.46
22/03/2024,-57300,-2439375000,42.5(-0.70 %),23200,987595000,80500,3426970000,167341568,26.46
25/03/2024,-51500,-2204755000,42.8(0.71 %),15400,661240000,66900,2865995000,167367584,26.45
26/03/2024,-63500,-2717100000,42.9(0.23 %),3200,136925000,66700,2854025000,167379968,26.45
27/03/2024,13700,602550000,43.3(0.93 %),110800,4780785000,97100,4178235000,167398080,26.45
28/03/2024,-41400,-1790370000,43.3(0.00 %),3100,134220000,44500,1924590000,167460736,26.44
29/03/2024,-37300,-1599740000,42.75(-1.27 %),8000,343415000,45300,1943155000,167549888,26.43
01/04/2024,-26500,-1126520000,42.4(-0.82 %),19400,825265000,45900,1951785000,167575000,26.43
02/04/2024,-46400,-1955070000,42.4(0.00 %),6900,290185000,53300,2245255000,167596286,26.42
03/04/2024,-53100,-2252995000,42.3(-0.24 %),6100,258680000,59200,2511675000,167651216,26.42
04/04/2024,11600,491385000,42.1(-0.47 %),14800,626125000,3200,134740000,167637786,26.42
05/04/2024,16400,687515000,41.7(-0.95 %),19800,829765000,3400,142250000,167730700,26.4
08/04/2024,2100,87805000,41.55(-0.36 %),13700,570300000,11600,482495000,167619286,26.42
09/04/2024,48900,2032370000,41.55(0.00 %),73700,3065375000,24800,1033005000,167570386,26.43
10/04/2024,32400,1348210000,41.55(0.00 %),43600,1814670000,11200,466460000,167537986,26.43
11/04/2024,-1200,-47045000,41.45(-0.24 %),18800,779015000,20000,826060000,167624064,26.42
12/04/2024,8200,343315000,41.9(1.09 %),12000,501515000,3800,158200000,167623264,26.42
15/04/2024,-6600,-280770000,39.7(-5.25 %),15700,636230000,22300,917000000,167537586,26.43
16/04/2024,5500,218180000,39.35(-0.88 %),23100,914935000,17600,696755000,167532086,26.43
17/04/2024,-275200,-10769680000,38.6(-1.91 %),104600,4076810000,379800,14846490000,167812786,26.39
19/04/2024,47500,1847175000,38.5(-0.26 %),213600,8243600000,166100,6396425000,167765286,26.4
22/04/2024,190700,7581675000,39.6(2.86 %),208800,8298835000,18100,717160000,167518128,26.43
23/04/2024,-28100,-1101070000,39.25(-0.88 %),22500,882635000,50600,1983705000,167661312,26.41
24/04/2024,-23600,-930620000,39.6(0.89 %),6600,260025000,30200,1190645000,167626286,26.42
25/04/2024,-5000,-195930000,39.3(-0.76 %),10900,428760000,15900,624690000,167631286,26.42
26/04/2024,10100,398130000,39.45(0.38 %),21300,837785000,11200,439655000,167721984,26.41
02/05/2024,-78300,-3114955000,40.1(1.65 %),14700,584820000,93000,3699775000,167723248,26.41
03/05/2024,-1900,-79295000,40(-0.25 %),12500,501120000,14400,580415000,167721936,26.41
06/05/2024,34400,1389775000,40.55(1.38 %),44300,1788190000,9900,398415000,167770848,26.4
07/05/2024,-14100,-580390000,41.4(2.10 %),17100,705075000,31200,1285465000,167768144,26.4
08/05/2024,13900,569965000,41.1(-0.72 %),23000,944630000,9100,374665000,167755056,26.4
09/05/2024,24600,1012760000,40.95(-0.36 %),30800,1267160000,6200,254400000,167750500,26.4
10/05/2024,-11300,-462315000,40.7(-0.61 %),5900,242750000,17200,705065000,167748768,26.4
13/05/2024,-18200,-738700000,40.45(-0.61 %),5600,227405000,23800,966105000,167749376,26.4
14/05/2024,-16700,-674590000,40.4(-0.12 %),22500,909455000,39200,1584045000,167711282,26.41
15/05/2024,-33200,-1342465000,40.55(0.37 %),29000,1175535000,62200,2518000000,167744482,26.4
16/05/2024,6400,262640000,40.8(0.62 %),28200,1150210000,21800,887570000,167738082,26.4
17/05/2024,43900,1787030000,40.85(0.12 %),48400,1970515000,4500,183485000,167763760,26.4
20/05/2024,76600,3244560000,42.35(3.67 %),197700,8286150000,121100,5041590000,167587856,26.42
21/05/2024,48500,2059775000,42.15(-0.47 %),88300,3734900000,39800,1675125000,167502064,26.44
22/05/2024,39900,1673545000,41.7(-1.07 %),73500,3080330000,33600,1406785000,167545664,26.43
23/05/2024,-148000,-6357020000,44.6(6.95 %),176700,7662280000,324700,14019300000,167408832,26.45
24/05/2024,182300,8116910000,44.6(0.00 %),311800,13920720000,129500,5803810000,167501282,26.44
27/05/2024,-27400,-1243035000,46.4(4.04 %),15000,682465000,42400,1925500000,167474352,26.44
28/05/2024,1600,67865000,47(1.29 %),37200,1725230000,35600,1657365000,167569168,26.43
29/05/2024,-33200,-1579610000,45.6(-2.98 %),42500,1941215000,75700,3520825000,167566768,26.43
30/05/2024,110700,4997225000,45(-1.32 %),156800,7056925000,46100,2059700000,167445568,26.44
31/05/2024,-20900,-959020000,44.85(-0.33 %),37400,1692095000,58300,2651115000,167483856,26.44
03/06/2024,10500,465220000,45.35(1.11 %),60100,2732685000,49600,2267465000,167483863,26.44
04/06/2024,-46800,-2136650000,45.85(1.10 %),45100,2065970000,91900,4202620000,167530663,26.43
05/06/2024,-174100,-8366830000,47.25(3.05 %),106800,5044810000,280900,13411640000,167704763,26.41
06/06/2024,-107495,-5101958750,46.5(-1.59 %),5105,238261250,112600,5340220000,167512880,26.43
07/06/2024,-18020,-847856000,46.4(-0.22 %),13300,620245000,31320,1468101000,167778530,26.4
10/06/2024,-36660,-1709555000,46.3(-0.22 %),33100,1540645000,69760,3250200000,167815190,26.39
11/06/2024,-89030,-4082978000,45.65(-1.40 %),20100,919535000,109130,5002513000,167512880,26.43
12/06/2024,10299,480924300,46.2(1.20 %),38600,1770745000,28301,1289820700,167896010,26.38
13/06/2024,0,0,45.75(-0.97 %),0,0,0,0,167970640,26.37
14/06/2024,6199,291726150,44.5(-2.73 %),78300,3593560000,72101,3301833850,167920641,26.38
17/06/2024,4950,219900000,44.3(-0.45 %),29900,1331060000,24950,1111160000,167936941,26.38
18/06/2024,64631,2920810500,45.4(2.48 %),80500,3636960000,15869,716149500,167928542,26.38
19/06/2024,1990,92710500,45.8(0.88 %),14900,680695000,12910,587984500,167940292,26.38
20/06/2024,-61250,-2790302200,45.25(-1.20 %),3700,168620000,64950,2958922200,167942461,26.38
21/06/2024,-198900,-8986665000,45.15(-0.22 %),10900,494480000,209800,9481145000,167954471,26.37
24/06/2024,14200,635830000,44.5(-1.44 %),30000,1328360000,15800,692530000,167990221,26.37
25/06/2024,124884,5558818800,44.8(0.67 %),149100,6634510000,24216,1075691200,168056921,26.36
26/06/2024,-20673,-920663000,44.75(-0.11 %),6600,292900000,27273,1213563000,168070021,26.36
27/06/2024,245210,11370448000,46(2.79 %),297900,13807860000,52690,2437412000,167796837,26.4
28/06/2024,157100,7249175000,46(0.00 %),188300,8688195000,31200,1439020000,167636810,26.42
04/07/2024,-32100,-1521325000,46.85(-0.32 %),5300,250155000,37400,1771480000,167518520,0.0
05/07/2024,-10500,-493655000,46.4(-0.96 %),2900,135620000,13400,629275000,167529020,0.0
08/07/2024,-5500,-259875000,46.3(-0.22 %),53400,2457580000,58900,2717455000,167534520,0.0
09/07/2024,-33000,-1563740000,47.5(2.59 %),40000,1891415000,73000,3455155000,167567520,0.0
10/07/2024,800,41495000,46.6(-1.89 %),28700,1354030000,27900,1312535000,167566720,0.0
11/07/2024,-38500,-1787465000,46.1(-1.07 %),16600,777090000,55100,2564555000,167605220,0.0
12/07/2024,-23200,-1065435000,45.5(-1.30 %),3700,170305000,26900,1235740000,167628420,0.0
15/07/2024,32200,1482245000,46.05(1.21 %),48800,2244465000,16600,762220000,167596220,0.0
16/07/2024,-9800,-455345000,46.5(0.98 %),37800,1759130000,47600,2214475000,167606020,0.0
17/07/2024,-12300,-614855000,46.4(-0.22 %),46600,2140040000,58900,2754895000,167618320,0.0
18/07/2024,11800,548995000,47(1.29 %),26600,1236505000,14800,687510000,167606520,0.0
19/07/2024,-33600,-1572360000,45.75(-2.66 %),17100,784675000,50700,2357035000,167640120,0.0
22/07/2024,-18600,-834770000,44.75(-2.19 %),22900,1026845000,41500,1861615000,167658720,0.0
23/07/2024,113400,5062815000,43.5(-2.79 %),166300,7421790000,52900,2358975000,167545320,0.0
24/07/2024,-269000,-11405155000,42.45(-2.41 %),80500,3423770000,349500,14828925000,167814320,0.0
25/07/2024,167900,7184935000,43.2(1.77 %),179100,7667065000,11200,482130000,167646420,0.0
26/07/2024,-22200,-951165000,43.2(0.00 %),12800,549270000,35000,1500435000,167668620,0.0
29/07/2024,-22000,-952730000,43.35(0.35 %),6300,272280000,28300,1225010000,167690620,0.0
30/07/2024,-22000,-952730000,43(-0.81 %),6300,272280000,28300,1225010000,167712620,0.0
31/07/2024,300,10330000,43.6(1.40 %),29700,1293620000,29400,1283290000,167712320,0.0
01/08/2024,65200,2855150000,42.8(-1.83 %),85400,3728620000,20200,873470000,167929145,0.0
02/08/2024,220900,9414350000,43.5(1.64 %),242700,10341610000,21800,927260000,167708245,0.0
05/08/2024,168200,7095480000,41.9(-3.68 %),236000,9986270000,67800,2890790000,167540045,0.0
06/08/2024,-4100,-175500000,42.35(1.07 %),27800,1167705000,31900,1343205000,167544145,0.0
07/08/2024,2900,118245000,42.3(-0.12 %),15300,643895000,12400,525650000,167541245,0.0
08/08/2024,-68000,-2898365000,42.6(0.71 %),1100,46735000,69100,2945100000,167609245,0.0
09/08/2024,-12300,-506650000,43.3(1.64 %),54300,2328495000,66600,2835145000,167621545,0.0
12/08/2024,-60200,-2594525000,43.3(0.00 %),2800,120500000,63000,2715025000,167681745,0.0
13/08/2024,-83100,-3567995000,42.8(-1.15 %),18600,799455000,101700,4367450000,167764845,0.0
14/08/2024,-44300,-1899805000,43.3(1.17 %),2400,103100000,46700,2002905000,167809145,0.0
15/08/2024,12500,532930000,42.75(-1.27 %),53100,2274165000,40600,1741235000,167796645,0.0
16/08/2024,76700,3363450000,43.95(2.81 %),111400,4862850000,34700,1499400000,167719945,0.0
19/08/2024,71100,3148615000,44.5(1.25 %),101300,4478770000,30200,1330155000,167648845,0.0
20/08/2024,-29500,-1309460000,44.5(0.00 %),15200,675310000,44700,1984770000,167678345,0.0
21/08/2024,600,24585000,44.7(0.45 %),16700,742015000,16100,717430000,167677745,0.0
22/08/2024,21000,937985000,44.8(0.22 %),74400,3321415000,53400,2383430000,167656745,0.0
23/08/2024,154000,7044115000,46.3(3.35 %),175400,8020135000,21400,976020000,167502745,0.0
26/08/2024,-4600,-214115000,45.8(-1.08 %),25700,1182485000,30300,1396600000,167507345,0.0
27/08/2024,-23100,-1049765000,45.6(-0.44 %),9000,407815000,32100,1457580000,167530445,0.0
28/08/2024,-54600,-2470515000,45.2(-0.88 %),9500,429480000,64100,2899995000,167585045,0.0
29/08/2024,-29800,-1355925000,45.35(0.33 %),33900,1533395000,63700,2889320000,167614845,0.0
30/08/2024,-32000,-1445345000,45.5(0.33 %),13700,618375000,45700,2063720000,167646845,0.0
04/09/2024,-56700,-2542460000,44.7(-1.76 %),1400,62965000,58100,2605425000,167556805,0.0
05/09/2024,123100,5499370000,44.7(0.00 %),170200,7604275000,47100,2104905000,167433705,0.0
06/09/2024,-900,-39965000,44.8(0.22 %),3000,134555000,3900,174520000,167434605,0.0
09/09/2024,-4600,-203815000,44(-1.79 %),24400,1074225000,29000,1278040000,167439205,0.0
10/09/2024,182100,7890955000,43.3(-1.59 %),243200,10541450000,61100,2650495000,167257105,0.0
11/09/2024,-26500,-1142015000,43.1(-0.46 %),3000,129190000,29500,1271205000,167283605,0.0
12/09/2024,-52100,-2244545000,42.85(-0.58 %),3700,159250000,55800,2403795000,167335705,0.0
13/09/2024,191200,8201960000,42.75(-0.23 %),204400,8766360000,13200,564400000,167144505,0.0
16/09/2024,138600,5933660000,42.7(-0.12 %),164700,7047460000,26100,1113800000,167005905,0.0
17/09/2024,-6300,-267800000,42.85(0.35 %),2600,110910000,8900,378710000,167012205,0.0
18/09/2024,-60500,-2594295000,42.85(0.00 %),1600,68790000,62100,2663085000,167072705,0.0
19/09/2024,-500,-21855000,42.9(0.12 %),11200,480980000,11700,502835000,167073205,0.0
20/09/2024,111300,4803940000,43.1(0.47 %),147200,6343585000,35900,1539645000,166961905,0.0
23/09/2024,-3100,-134370000,43.8(1.62 %),21700,931395000,24800,1065765000,166965005,0.0
24/09/2024,-23200,-1006930000,43.65(-0.34 %),3700,160450000,26900,1167380000,166988205,0.0
25/09/2024,-19900,-865770000,43.35(-0.69 %),12000,520210000,31900,1385980000,167008105,0.0
26/09/2024,-11200,-486115000,43.3(-0.12 %),1700,73860000,12900,559975000,167019305,0.0
27/09/2024,7600,328605000,43.3(0.00 %),15400,666775000,7800,338170000,167011705,0.0
30/09/2024,-10000,-429670000,42.85(-1.04 %),3600,154660000,13600,584330000,167021705,0.0
01/10/2024,-9100,-394945000,43.4(1.28 %),9000,388880000,18100,783825000,167174174,0.0
02/10/2024,-32200,-1390220000,43.2(-0.46 %),6700,289860000,38900,1680080000,167206374,0.0
03/10/2024,8700,378765000,42.9(-0.69 %),13100,568715000,4400,189950000,167197674,0.0
04/10/2024,-4500,-192990000,42.85(-0.12 %),500,21475000,5000,214465000,167202174,0.0
07/10/2024,16700,720285000,42.95(0.23 %),21400,922180000,4700,201895000,167185474,0.0
08/10/2024,-20100,-862900000,42.95(0.00 %),3600,154545000,23700,1017445000,167205574,0.0
09/10/2024,-14900,-642055000,43.25(0.70 %),5300,228020000,20200,870075000,167220474,0.0
10/10/2024,40900,1785210000,43.9(1.50 %),46400,2025475000,5500,240265000,167179574,0.0
11/10/2024,14000,618060000,44.1(0.46 %),18900,834195000,4900,216135000,167165574,0.0
14/10/2024,-10300,-454855000,44(-0.23 %),3800,167460000,14100,622315000,167175874,0.0
15/10/2024,-12600,-551625000,43.7(-0.68 %),9300,407170000,21900,958795000,167188474,0.0
16/10/2024,-43600,-1897755000,43.8(0.23 %),1100,48120000,44700,1945875000,167232074,0.0
17/10/2024,-44800,-1956700000,44(0.46 %),1900,82875000,46700,2039575000,167276874,0.0
18/10/2024,45600,2009155000,44(0.00 %),46900,2066095000,1300,56940000,167231274,0.0
21/10/2024,-4000,-175550000,43.75(-0.57 %),4500,198115000,8500,373665000,167235274,0.0
22/10/2024,-4700,-206340000,43.2(-1.26 %),5000,217965000,9700,424305000,167239974,0.0
23/10/2024,-35000,-1512175000,43.3(0.23 %),6000,259460000,41000,1771635000,167274974,0.0
24/10/2024,-10900,-473700000,43.45(0.35 %),5800,252000000,16700,725700000,167285874,0.0
25/10/2024,-12200,-529115000,43.35(-0.23 %),5300,229935000,17500,759050000,167298074,0.0
28/10/2024,3800,164030000,43.2(-0.35 %),4300,185650000,500,21620000,167294274,0.0
29/10/2024,-3200,-138330000,43.25(0.12 %),1000,43330000,4200,181660000,167297474,0.0
30/10/2024,-29000,-1249500000,42.95(-0.69 %),1000,43065000,30000,1292565000,167326474,0.0
31/10/2024,-3200,-137915000,43(0.12 %),4200,181280000,7400,319195000,167329674,0.0
01/11/2024,-17100,-741215000,43.6(1.40 %),29500,1283315000,46600,2024530000,165950205,0.0
04/11/2024,-28600,-1252515000,43.8(0.46 %),6400,280875000,35000,1533390000,165978805,0.0
05/11/2024,-38100,-1670035000,44(0.46 %),3500,152935000,41600,1822970000,166016905,0.0
06/11/2024,9400,413875000,44.15(0.34 %),17900,788215000,8500,374340000,166007505,0.0
07/11/2024,-16900,-745975000,43.9(-0.57 %),11900,523960000,28800,1269935000,166024405,0.0
08/11/2024,10000,450380000,45.15(2.85 %),60200,2699215000,50200,2248835000,166014405,0.0
11/11/2024,21700,986845000,45.75(1.33 %),29400,1336580000,7700,349735000,165992705,0.0
12/11/2024,17000,774590000,45.2(-1.20 %),28800,1309950000,11800,535360000,165771793,26.67
13/11/2024,-42000,-1881190000,45.2(0.00 %),8900,398630000,50900,2279820000,166017705,0.0
14/11/2024,-31100,-1395455000,44.35(-1.88 %),7900,354200000,39000,1749655000,166048805,0.0
15/11/2024,41100,1819530000,44.4(0.11 %),60400,2669585000,19300,850055000,166007705,0.0
18/11/2024,-5100,-220095000,43.8(-1.35 %),34800,1531745000,39900,1751840000,166012805,0.0
19/11/2024,-63300,-2738680000,43.5(1.64 %),2100,90540000,65400,2829220000,166076105,0.0
20/11/2024,-16600,-720420000,43.6(0.23 %),400,17360000,17000,737780000,166092705,0.0
21/11/2024,-5100,-220635000,44.2(1.38 %),6500,284925000,11600,505560000,166097805,0.0
22/11/2024,-89600,-3930010000,44.2(0.00 %),3200,140620000,92800,4070630000,166187405,0.0
25/11/2024,26100,1176845000,44.25(0.11 %),48000,2154590000,21900,977745000,166097059,26.62
26/11/2024,12400,552185000,44.25(0.00 %),21500,956440000,9100,404255000,166166039,26.62
27/11/2024,34700,1529460000,44.45(0.45 %),37300,1644750000,2600,115290000,166148679,26.62
28/11/2024,-5300,-237880000,44.4(-0.11 %),1500,67280000,6800,305160000,166155349,26.62
29/11/2024,110800,5103845000,47.5(6.98 %),159400,7320215000,48600,2216370000,165998549,26.64
02/12/2024,124600,6089410000,49(3.16 %),227400,11104915000,102800,5015505000,165777979,26.67
03/12/2024,257200,12955815000,52.1(6.33 %),286400,14466190000,29200,1510375000,165540239,26.7
04/12/2024,-160100,-8268290000,52(-0.19 %),91000,4694060000,251100,12962350000,165556039,26.7
05/12/2024,-220900,-11548250000,51.9(-0.19 %),148900,7769610000,369800,19317860000,165418503,26.72
09/12/2024,97900,5019460000,51.7(-0.58 %),110800,5685120000,12900,665660000,165796483,26.67
10/12/2024,21800,1146970000,52.6(1.74 %),104500,5484200000,82700,4337230000,165770583,26.67
16/12/2024,-76100,-4008170000,52.3(-1.69 %),6900,364050000,83000,4372220000,165829593,26.66
17/12/2024,-4500,-242160000,52.1(-0.38 %),52000,2721630000,56500,2963790000,165944674,26.65
18/12/2024,-3100,-164260000,52.2(0.19 %),38900,2020370000,42000,2184630000,165988888,26.64
19/12/2024,-3300,-193670000,52.4(0.38 %),115500,6057900000,118800,6251570000,165930158,26.65
20/12/2024,-230500,-11813680000,51.2(-2.29 %),102200,5300200000,332700,17113880000,165870050,26.66
24/12/2024,0,0,52.8(-0.56 %),0,0,0,0,166117217,26.62
25/12/2024,-78900,-4306520000,53.6(1.52 %),71300,3853810000,150200,8160330000,166085081,26.63
26/12/2024,-158500,-8392610000,52.6(-1.87 %),700,37050000,159200,8429660000,166134311,26.62
27/12/2024,-23400,-1217850000,52.3(-0.57 %),41000,2146250000,64400,3364100000,166241511,26.61
30/12/2024,29800,1543200000,52(-0.57 %),57000,2969920000,27200,1426720000,166342760,26.59
31/12/2024,-54900,-2837400000,50.7(-2.50 %),9900,511890000,64800,3349290000,166397410,26.58
02/01/2025,55300,2841750000,51.5(1.58 %),82400,4241450000,27100,1399700000,166342270,26.59
03/01/2025,-95400,-4809900000,49.75(-3.40 %),64100,3217170000,159500,8027070000,166342970,26.59
06/01/2025,155000,7594725000,48.5(-2.51 %),207200,10168185000,52200,2573460000,166164099,26.62
07/01/2025,81700,3971210000,48.8(0.62 %),215000,10462375000,133300,6491165000,166164099,26.62
08/01/2025,-108000,-5292495000,49.4(1.23 %),44400,2177660000,152400,7470155000,166114565,26.62
09/01/2025,-75500,-3695610000,49(-0.81 %),50500,2473415000,126000,6169025000,166197445,26.61
10/01/2025,-78700,-3908435000,49.5(1.02 %),54700,2669240000,133400,6577675000,166347564,26.59
13/01/2025,-96500,-4734530000,49.5(0.00 %),7100,348945000,103600,5083475000,166466414,26.57
14/01/2025,-75100,-3750225000,50.8(2.63 %),54500,2741795000,129600,6492020000,166543264,26.56
15/01/2025,-17500,-909050000,51.2(0.79 %),163000,8311930000,180500,9220980000,166482904,26.57
16/01/2025,-61800,-3147250000,51.2(0.00 %),6700,342020000,68500,3489270000,166544704,0.0
17/01/2025,800,45110000,52.2(1.95 %),43900,2280500000,43100,2235390000,166742414,26.54
20/01/2025,-111800,-5809750000,52.2(0.00 %),23400,1216870000,135200,7026620000,166787514,26.53
21/01/2025,-100300,-5248790000,52(-0.38 %),73600,3845900000,173900,9094690000,166757014,26.54
22/01/2025,-43900,-2253210000,50.7(-2.50 %),8300,427100000,52200,2680310000,166883850,26.52
23/01/2025,20300,1036060000,50.7(0.00 %),69600,3537550000,49300,2501490000,166988200,26.5
24/01/2025,-700,-40400000,50.8(0.20 %),36900,1871610000,37600,1912010000,167003570,26.5
03/02/2025,27100,1376040000,0(0.00 %),70800,3597000000,43700,2220960000,166982070,26.51
04/02/2025,5300,268000000,51.4(1.38 %),37900,1932310000,32600,1664310000,166981840,26.51
05/02/2025,-54200,-2760910000,51.3(-0.19 %),27600,1416020000,81800,4176930000,166998290,26.5
06/02/2025,-36200,-1853060000,51.2(-0.19 %),2600,132630000,38800,1985690000,167023310,26.5
07/02/2025,-6200,-344920000,52.1(1.76 %),78400,4123160000,84600,4468080000,167026710,26.5
10/02/2025,-76100,-3981110000,52.9(1.54 %),65500,3424080000,141600,7405190000,167000100,26.5
11/02/2025,-144700,-7685410000,52.7(-0.38 %),20000,1060550000,164700,8745960000,167062760,26.49
12/02/2025,128800,6931130000,54.4(3.23 %),236000,12676710000,107200,5745580000,166966450,26.51
13/02/2025,-23300,-1275560000,54.4(0.00 %),74000,4034620000,97300,5310180000,167056530,26.5
14/02/2025,144100,7862690000,54.4(0.00 %),296700,16192380000,152600,8329690000,166867030,26.52
17/02/2025,-38300,-2091860000,53.6(-1.47 %),40700,2217460000,79000,4309320000,166921685,26.51
18/02/2025,428200,23817030000,57.3(6.90 %),493400,27430940000,65200,3613910000,166584045,26.56
19/02/2025,-120900,-6890150000,56.5(-1.40 %),13300,758150000,134200,7648300000,166648734,26.55
20/02/2025,63200,3656400000,56.9(0.71 %),212300,12282320000,149100,8625920000,166501774,26.57
21/02/2025,99700,5692820000,58(1.93 %),242000,13890000000,142300,8197180000,166394184,26.58
24/02/2025,20900,1358260000,58.7(1.21 %),211800,12360510000,190900,11002250000,166331507,26.59
25/02/2025,-15100,-875750000,57.2(-2.56 %),6800,392760000,21900,1268510000,166467107,26.57
26/02/2025,-6900,-398470000,57.8(1.05 %),10900,624630000,17800,1023100000,166647197,26.55
27/02/2025,-29100,-1734000000,57.8(0.00 %),214300,12452110000,243400,14186110000,166453809,26.58
28/02/2025,73600,4204000000,56.6(-2.08 %),107000,6117130000,33400,1913130000,166364727,26.59
03/03/2025,155700,8816590000,56.9(0.53 %),164000,9286880000,8300,470290000,166444136,26.58
04/03/2025,-4500,-257280000,56.6(-0.53 %),26400,1478260000,30900,1735540000,166451146,26.58
05/03/2025,50300,2843000000,56.6(0.00 %),79900,4523060000,29600,1680060000,166379546,26.59
06/03/2025,159900,9197920000,57.7(1.94 %),226800,13035980000,66900,3838060000,166183686,26.61
07/03/2025,108100,6211650000,56.7(-1.73 %),164300,9442850000,56200,3231200000,166049056,26.63
10/03/2025,-43900,-2486120000,56.2(-0.88 %),16900,955970000,60800,3442090000,166099056,26.62
11/03/2025,-96300,-5345470000,54.9(-2.31 %),78700,4393470000,175000,9738940000,166099056,26.62
12/03/2025,2800,154710000,55(0.18 %),46700,2568350000,43900,2413640000,166090656,26.63
13/03/2025,-23700,-1295700000,54.1(-1.64 %),8200,444380000,31900,1740080000,166257556,26.6
14/03/2025,30100,1622310000,53.6(-0.92 %),59100,3179510000,29000,1557200000,166242556,26.61
17/03/2025,56200,2969140000,53(-1.12 %),97100,5147340000,40900,2178200000,166177356,26.61
18/03/2025,-10100,-537770000,53.3(0.57 %),14400,763890000,24500,1301660000,166192286,26.61
19/03/2025,-60900,-3259690000,53.4(0.19 %),29800,1590300000,90700,4849990000,166203765,26.61
20/03/2025,-86500,-4602710000,53(-0.75 %),20600,1096240000,107100,5698950000,166207595,26.61
21/03/2025,-106800,-5643270000,52.5(-0.94 %),3400,180000000,110200,5823270000,166294015,26.6
24/03/2025,-23400,-1222220000,52.2(-0.57 %),23300,1210060000,46700,2432280000,166377956,26.59
25/03/2025,-16200,-854340000,52.4(0.38 %),12400,651440000,28600,1505780000,166475276,26.57
26/03/2025,-20500,-1069350000,52.2(-0.38 %),8500,445980000,29000,1515330000,166513576,26.57
27/03/2025,-16700,-869090000,53.2(1.92 %),37900,2014400000,54600,2883490000,166502231,26.57
28/03/2025,-43800,-2353350000,53.5(0.56 %),2700,145090000,46500,2498440000,166527631,26.57
31/03/2025,102200,5503000000,53.3(-0.37 %),132100,7110650000,29900,1607650000,166450231,26.58
01/04/2025,-28900,-1529230000,52.7(-1.13 %),13800,729750000,42700,2258980000,166482931,26.57
02/04/2025,-11200,-589170000,52.1(-1.14 %),8200,430940000,19400,1020110000,166502831,26.57
03/04/2025,22000,1073020000,48.5(-6.91 %),136700,6668865000,114700,5595845000,166408171,26.58
04/04/2025,254100,11495120000,45.15(-6.91 %),309100,13990210000,55000,2495090000,166116571,26.62
08/04/2025,80700,3449675000,42(-6.98 %),101900,4350170000,21200,900495000,166127421,26.62
09/04/2025,368400,14537090000,39.1(-6.90 %),446400,17682245000,78000,3145155000,165735062,26.67
10/04/2025,0,0,41.8(6.91 %),0,0,0,0,165749748,26.67
11/04/2025,-38100,-1639600000,44(5.26 %),74500,3229360000,112600,4868960000,165753248,26.67
14/04/2025,-54700,-2435980000,44.6(1.36 %),41400,1842860000,96100,4278840000,165711818,26.68
15/04/2025,-182800,-7977825000,44(-1.35 %),38300,1672610000,221100,9650435000,165786098,26.67
16/04/2025,-30400,-1371505000,44.05(0.11 %),56200,2511545000,86600,3883050000,165826078,26.66
17/04/2025,-14100,-644830000,45.35(2.95 %),84800,3768320000,98900,4413150000,165962428,26.64
18/04/2025,-3800,-176485000,45(-0.77 %),49400,2240530000,53200,2417015000,165999627,26.64
21/04/2025,-9200,-425050000,44(-2.22 %),35100,1549690000,44300,1974740000,166063127,26.63
22/04/2025,79700,3256825000,43.4(-1.36 %),270900,11478525000,191200,8221700000,165845427,26.66
23/04/2025,76400,3400400000,44(1.38 %),77000,3427310000,600,26910000,165812727,26.66
24/04/2025,291700,13326025000,46.45(5.57 %),292000,13339830000,300,13805000,165744827,26.67
25/04/2025,60200,2806550000,46.1(-0.75 %),158300,7394135000,98100,4587585000,165587137,26.69
28/04/2025,9500,435800000,46(-0.22 %),32200,1480020000,22700,1044220000,163805237,26.93
29/04/2025,20300,931050000,45.95(-0.11 %),36800,1691845000,16500,760795000,163866537,26.93
05/05/2025,10418,-774393300,46.1(0.33 %),10418,476841700,0,1251235000,163889237,26.92
06/05/2025,80400,3737270000,47.5(3.04 %),93700,4369295000,13300,632025000,163825397,26.93
07/05/2025,62800,3135365000,49(3.16 %),243700,11898115000,180900,8762750000,163779689,26.94
08/05/2025,-127200,-6152315000,48.9(-0.20 %),13900,678560000,141100,6830875000,163779689,26.94
09/05/2025,-81200,-3914410000,48.2(-1.43 %),177800,8647875000,259000,12562285000,163779689,26.94
12/05/2025,202300,9828555000,48.8(1.24 %),230400,11195670000,28100,1367115000,163704589,26.95
13/05/2025,-17400,-869520000,49.1(0.61 %),81200,3995315000,98600,4864835000,163785859,26.94
14/05/2025,29500,1438635000,49.2(0.20 %),47500,2320710000,18000,882075000,163756365,26.94
15/05/2025,140200,4722680900,49.6(0.81 %),140200,6954850000,0,2232169100,163678461,26.95
16/05/2025,12117,-1993211900,48.25(-2.72 %),12117,593479800,0,2586691700,163678461,26.95
19/05/2025,27900,1155975000,48.25(0.00 %),27900,1349530000,0,193555000,163654561,26.95
20/05/2025,151300,2097515000,49.7(3.01 %),151300,7358580000,0,5261065000,163650350,26.95
21/05/2025,40620,-1570576200,50.3(1.21 %),40620,2046122000,0,3616698200,163650350,26.95
22/05/2025,2400,-2746895000,49.5(-1.59 %),2400,119765000,0,2866660000,163650350,26.95
23/05/2025,-56800,-2814310000,49.65(0.30 %),7400,366770000,64200,3181080000,163682030,26.95
26/05/2025,436800,20025580700,51.4(3.52 %),436800,22266685000,0,2241104300,163344260,27.0
27/05/2025,400500,20840600000,52.5(2.14 %),510900,26588440000,110400,5747840000,163000631,27.04
28/05/2025,212020,4083178000,52.4(-0.19 %),212020,11058868000,0,6975690000,162922811,27.05
29/05/2025,194448,4408886800,51.6(-1.53 %),194448,10107926800,0,5699040000,162838263,27.06
30/05/2025,220800,8895370000,50.6(-1.94 %),220800,11268300000,0,2372930000,162663963,27.09
02/06/2025,14400,-778828200,50.5(-0.20 %),14400,720370000,0,1499198200,162663963,27.09
03/06/2025,216710,9214815000,51.4(1.78 %),216710,11134225000,0,1919410000,162484553,27.11
04/06/2025,2300,-1122590000,51.3(-0.19 %),2300,117300000,0,1239890000,162499873,27.11
05/06/2025,181450,7850611000,50.4(-1.75 %),181450,9122911000,0,1272300000,162343623,27.13
06/06/2025,88140,4102490000,49.5(-1.79 %),88140,4421150000,0,318660000,162283783,27.14
09/06/2025,87420,3430548000,48.6(-1.82 %),87420,4317013000,0,886465000,162214463,27.15
10/06/2025,44100,-11323500,48.9(0.62 %),44100,2176570000,0,2187893500,162214463,27.15
11/06/2025,29000,1426040000,49.4(1.02 %),55600,2735990000,26600,1309950000,162185480,27.15
12/06/2025,-43400,-2158660000,49.8(0.81 %),10500,521695000,53900,2680355000,162185683,27.15
13/06/2025,-28900,-1426925000,49.3(-1.00 %),20900,1030335000,49800,2457260000,162185683,27.15
16/06/2025,262300,13321990000,51.6(4.67 %),370600,18885100000,108300,5563110000,161966679,27.18
17/06/2025,223200,11576340000,51.7(0.19 %),263300,13647110000,40100,2070770000,161772904,27.21
18/06/2025,43900,2274270000,51.9(0.39 %),70500,3653870000,26600,1379600000,161729004,27.21
19/06/2025,-26300,-1360600000,51.3(-1.16 %),6200,322770000,32500,1683370000,161729004,27.21
20/06/2025,-74100,-3722570000,50.6(-1.36 %),170700,8679410000,244800,12401980000,161729004,27.21
23/06/2025,17100,858920000,51.2(1.19 %),46700,2374170000,29600,1515250000,161738166,27.21
24/06/2025,441900,23670440000,54.1(5.66 %),593500,31689220000,151600,8018780000,161370346,27.26
25/06/2025,-66600,-3564280000,52.7(-2.59 %),9200,492140000,75800,4056420000,161369946,27.26
26/06/2025,-24100,-1268870000,52.5(-0.38 %),19500,1024820000,43600,2293690000,161369946,27.26
27/06/2025,-166000,-8744340000,52.2(-0.57 %),4200,220630000,170200,8964970000,161436586,27.25
30/06/2025,27600,1465040000,53.1(1.72 %),71700,3805180000,44100,2340140000,161433102,27.25
01/07/2025,-7400,-339960000,53.6(0.94 %),115000,6182320000,122400,6522280000,161599180,27.23
02/07/2025,69000,3704450000,53.5(-0.19 %),159400,8571830000,90400,4867380000,161530180,27.24
03/07/2025,13200,705280000,53(-0.93 %),186200,9847900000,173000,9142620000,161524560,27.24
04/07/2025,109500,5940610000,54.9(3.58 %),147100,7936400000,37600,1995790000,161415210,27.26
07/07/2025,-45300,-2457900000,54.5(-0.73 %),17400,938570000,62700,3396470000,161415210,27.26
08/07/2025,-35900,-1941890000,53.9(-1.10 %),200,10790000,36100,1952680000,161415210,27.26
09/07/2025,229400,12446130000,53.9(0.00 %),346100,18787050000,116700,6340920000,161230227,27.28
10/07/2025,41500,2231180000,54(0.19 %),72500,3895420000,31000,1664240000,161230227,27.28
11/07/2025,111200,6027310000,53.7(-0.56 %),133200,7216430000,22000,1189120000,161113456,27.3
14/07/2025,15700,851970000,53.9(0.37 %),56300,3040190000,40600,2188220000,161097775,27.3
15/07/2025,153900,8357170000,53.8(-0.19 %),218900,11882880000,65000,3525710000,160943875,27.32
16/07/2025,-36200,-1941090000,54.4(1.12 %),6600,354070000,42800,2295160000,160944875,27.32
17/07/2025,31800,1699080000,53.5(-1.65 %),65300,3513620000,33500,1814540000,160944875,27.32
18/07/2025,-60500,-3193120000,52.5(-1.87 %),17900,947610000,78400,4140730000,160945195,27.32
21/07/2025,-10800,-555030000,51.9(-1.14 %),26800,1408950000,37600,1963980000,160945195,27.32
22/07/2025,-3600,-189680000,52.5(1.16 %),21400,1111050000,25000,1300730000,161005747,27.31
23/07/2025,16300,857860000,52.4(-0.19 %),44200,2322720000,27900,1464860000,161000533,27.31
24/07/2025,-10200,-533670000,52.2(-0.38 %),13300,696400000,23500,1230070000,161004133,27.31
25/07/2025,-298700,-15555330000,52(-0.38 %),73100,3813900000,371800,19369230000,161004133,27.31
28/07/2025,-152200,-7945150000,52.2(0.38 %),125300,6556220000,277500,14501370000,161009143,27.31
29/07/2025,-293800,-15173140000,49.6(-4.98 %),39700,2047280000,333500,17220420000,161307943,27.27
30/07/2025,-64500,-3206880000,49.55(-0.10 %),38800,1926170000,103300,5133050000,161460143,27.25
31/07/2025,-741400,-36782430000,49.25(-0.61 %),51900,2578395000,793300,39360825000,161754053,27.21
01/08/2025,-30800,-1506405000,50(1.52 %),105500,5241110000,136300,6747515000,161818604,27.2
04/08/2025,-86700,-4363965000,50(0.00 %),12700,638840000,99400,5002805000,162560094,27.1
05/08/2025,1500,93935000,49.8(-0.40 %),114100,5767095000,112600,5673160000,162589554,27.1
06/08/2025,-22700,-1157530000,51.2(2.81 %),66900,3351860000,89600,4509390000,162676254,27.09
07/08/2025,-31500,-1625650000,52(1.56 %),15100,776440000,46600,2402090000,162675754,27.09
08/08/2025,-73600,-3823310000,52(0.00 %),9700,501270000,83300,4324580000,162698454,27.08
11/08/2025,167300,8848200000,53.6(3.08 %),226400,12023240000,59100,3175040000,162562034,27.1
12/08/2025,-157400,-8342500000,53.4(-0.37 %),347400,18438260000,504800,26780760000,162635234,27.09
13/08/2025,323600,17972670000,57.1(6.93 %),345600,19220310000,22000,1247640000,162311854,27.13
14/08/2025,-18300,-1139390000,60.9(6.65 %),128600,7757300000,146900,8896690000,162469260,27.11
15/08/2025,132200,7608110000,61.8(1.48 %),284500,17121880000,152300,9513770000,162337044,27.13
18/08/2025,-124800,-8141140000,62.8(1.62 %),161100,10210880000,285900,18352020000,162355454,27.13
19/08/2025,24500,1514960000,61.2(-2.55 %),132700,8200740000,108200,6685780000,162331084,27.13
20/08/2025,113300,6628370000,59.4(-2.94 %),305600,18243550000,192300,11615180000,162342138,27.13
21/08/2025,157900,9366840000,60(1.01 %),281500,16799090000,123600,7432250000,162184508,27.15
22/08/2025,10800,610890000,57.1(-4.83 %),238800,13845730000,228000,13234840000,162184508,27.15
25/08/2025,106500,6162140000,58.5(2.45 %),185600,10806510000,79100,4644370000,162173898,27.15
26/08/2025,-80000,-4694680000,0(-100.00 %),29100,1698970000,109100,6393650000,162067458,27.17
