Ngay,KLGDRong,GTDGRong,ThayDoi,KLMua,GtMua,KLBan,GtBan,RoomConLai,DangSoHuu
07/07/2017,0,0,0(0.00 %),0,0,0,0,31266603,18.7
10/07/2017,2259960,134657350000,0(0.00 %),2429480,144879730000,169520,10222380000,28159453,21.71
11/07/2017,560490,33014530000,0(0.00 %),1462670,86250170000,902180,53235640000,28159453,21.71
12/07/2017,1431120,84755620000,0(0.00 %),1731270,102538520000,300150,17782900000,26659333,23.17
13/07/2017,338710,19856490000,0(0.00 %),451310,26447500000,112600,6591010000,26377543,23.44
14/07/2017,1235520,71248290000,0(0.00 %),1315040,75828740000,79520,4580450000,25179683,24.6
17/07/2017,1713040,100357170000,58.2(1.39 %),1916090,112149920000,203050,11792750000,23407593,26.32
18/07/2017,224110,12989470000,57.6(-1.03 %),492500,28559720000,268390,15570250000,23227693,26.49
19/07/2017,150700,8728570000,57.7(0.17 %),167240,9688990000,16540,960420000,23139973,26.58
20/07/2017,1260490,72737090000,57.8(0.17 %),2279520,131535480000,1019030,58798390000,21951113,27.73
21/07/2017,244770,14170720000,57.7(-0.17 %),599770,34687680000,355000,20516960000,21719733,27.95
24/07/2017,249040,14393830000,57.7(0.00 %),291040,16817230000,42000,2423400000,21445233,28.22
25/07/2017,1156120,66703190000,57.5(-0.35 %),1156120,66703190000,0,0,20345533,29.29
26/07/2017,205780,11888980000,58.9(2.43 %),264380,15276530000,58600,3387550000,19449043,30.15
27/07/2017,704110,42227080000,60(1.87 %),729110,43719610000,25000,1492530000,19449043,30.15
28/07/2017,363040,22120160000,61(1.67 %),403540,24589810000,40500,2469650000,19045503,30.55
31/07/2017,120000,7313170000,61(0.00 %),140000,8532000000,20000,1218830000,18964103,30.62
01/08/2017,89000,5380100000,60(-1.64 %),109000,6589490000,20000,1209390000,18880103,30.71
02/08/2017,198350,11918770000,60(0.00 %),358350,21519400000,160000,9600630000,18562253,31.01
03/08/2017,684060,41457590000,61(1.67 %),714060,43271390000,30000,1813800000,17868193,31.69
04/08/2017,365800,22161380000,60.6(-0.66 %),383000,23205240000,17200,1043860000,17505193,32.04
07/08/2017,351820,21461100000,61(0.66 %),366690,22367530000,14870,906430000,17298503,32.24
08/08/2017,282810,17110040000,60.5(-0.82 %),322910,19533490000,40100,2423450000,17005593,32.52
09/08/2017,260630,15632920000,60(-0.83 %),281630,16895890000,21000,1262970000,16741163,32.78
10/08/2017,186070,11162500000,60.1(0.17 %),204790,12286620000,18720,1124120000,24444243,33.29
11/08/2017,122590,7386410000,60.1(0.00 %),137590,8288560000,15000,902150000,24346753,28.71
14/08/2017,136160,8155230000,60(-0.17 %),146160,8753230000,10000,598000000,24221593,28.82
15/08/2017,96300,5751010000,60(0.00 %),106300,6346170000,10000,595160000,24134013,28.89
16/08/2017,44500,2667910000,60(0.00 %),64500,3857790000,20000,1189880000,24084513,28.93
17/08/2017,451500,27078420000,60(0.00 %),461500,27677920000,10000,599500000,23633013,29.31
18/08/2017,149850,8989900000,60(0.00 %),160150,9607820000,10300,617920000,23482863,29.43
21/08/2017,97010,5833020000,60(0.00 %),115900,6967420000,18890,1134400000,23386963,29.51
22/08/2017,28440,1704230000,59.9(-0.17 %),60010,3594200000,31570,1889970000,23336953,29.55
23/08/2017,47730,2859210000,59.8(-0.17 %),125360,7515010000,77630,4655800000,23289513,29.59
24/08/2017,186650,11178500000,59.9(0.17 %),189650,11358200000,3000,179700000,23118753,29.73
25/08/2017,32200,1924400000,59.7(-0.33 %),32200,1924400000,0,0,23118123,29.73
28/08/2017,23770,1413730000,59.3(-0.67 %),40020,2380610000,16250,966880000,23088113,29.76
29/08/2017,10480,619850000,59.3(0.00 %),22520,1335040000,12040,715190000,23068593,29.78
30/08/2017,11570,686060000,59.3(0.00 %),50300,2982750000,38730,2296690000,23018293,29.82
31/08/2017,780610,46170550000,59.2(-0.17 %),804600,47589930000,23990,1419380000,22229943,30.48
01/09/2017,3860,228940000,59.2(0.00 %),3860,228940000,0,0,22238123,30.47
05/09/2017,-15000,-886500000,59(-0.34 %),0,0,15000,886500000,22276853,30.44
06/09/2017,-12050,-702710000,58(-1.69 %),0,0,12050,702710000,22300843,30.42
07/09/2017,-17780,-1025190000,57.6(-0.69 %),34000,1958620000,51780,2983810000,22266843,30.44
08/09/2017,9370,544400000,57.4(-0.35 %),26000,1506110000,16630,961710000,22255843,30.45
11/09/2017,-32110,-1805790000,55.2(-3.83 %),5500,309310000,37610,2115100000,22262393,30.45
12/09/2017,187870,10540610000,56(1.45 %),264330,14816640000,76460,4276030000,22070223,30.61
13/09/2017,444690,24894220000,57.9(3.39 %),504870,28277320000,60180,3383100000,21581983,31.02
14/09/2017,-3710,-210320000,56.3(-2.76 %),500,28220000,4210,238540000,21619093,30.98
15/09/2017,69780,3909970000,55.5(-1.42 %),105570,5917430000,35790,2007460000,21569603,31.03
18/09/2017,-20370,-1123970000,56(0.90 %),13210,733920000,33580,1857890000,21616573,30.99
19/09/2017,23860,1336030000,55.9(-0.18 %),75100,4185920000,51240,2849890000,21545683,31.05
20/09/2017,74500,4168750000,56.5(1.07 %),74500,4168750000,0,0,21506973,31.08
21/09/2017,4500,251850000,56(-0.88 %),4500,251850000,0,0,21536053,31.05
22/09/2017,189840,10719200000,56.5(0.89 %),189840,10719200000,0,0,21397453,31.17
25/09/2017,8840,493820000,56.4(-0.18 %),8840,493820000,0,0,21388613,31.18
26/09/2017,27300,1588900000,58.2(3.19 %),115300,6728900000,88000,5140000000,21356313,31.2
27/09/2017,78110,4560650000,58.4(0.34 %),78110,4560650000,0,0,21278203,31.27
28/09/2017,298450,17628530000,58.9(0.86 %),298450,17628530000,0,0,20979753,31.52
29/09/2017,415630,24833260000,59.7(1.36 %),420630,25131060000,5000,297800000,20564123,31.86
02/10/2017,100,5870000,58.2(-2.51 %),100,5870000,0,0,20564023,31.86
03/10/2017,30250,1761300000,58.1(-0.17 %),30250,1761300000,0,0,20533773,31.89
04/10/2017,8190,477660000,59(1.55 %),10190,594260000,2000,116600000,20528583,31.89
05/10/2017,12300,725530000,59(0.00 %),20300,1197530000,8000,472000000,20508283,31.91
06/10/2017,-4000,-236000000,58.9(-0.17 %),0,0,4000,236000000,20508283,31.91
09/10/2017,3030,179090000,59.1(0.34 %),3030,179090000,0,0,20507253,31.91
10/10/2017,119960,7092540000,59.2(0.17 %),119960,7092540000,0,0,20395293,32.0
11/10/2017,81090,4817030000,59.4(0.34 %),96350,5721250000,15260,904220000,20302943,32.08
12/10/2017,252980,15174710000,61(2.69 %),279720,16788420000,26740,1613710000,20023223,32.31
13/10/2017,659990,41519400000,63(3.28 %),716590,45082060000,56600,3562660000,19306633,32.91
16/10/2017,378850,24519880000,66(4.76 %),421350,27253260000,42500,2733380000,18900543,33.25
17/10/2017,102630,6725010000,64.8(-1.82 %),102630,6725010000,0,0,18824653,33.31
18/10/2017,26050,1687280000,63.5(-2.01 %),72050,4667120000,46000,2979840000,18809203,33.33
19/10/2017,75100,4792540000,64.2(1.10 %),75100,4792540000,0,0,18776603,33.35
20/10/2017,42550,2712640000,63.8(-0.62 %),65720,4195530000,23170,1482890000,18710883,33.41
23/10/2017,111990,7098480000,63(-1.25 %),111990,7098480000,0,0,18644893,33.46
24/10/2017,29550,1864770000,63.2(0.32 %),36380,2295540000,6830,430770000,18608513,33.49
25/10/2017,40510,2587310000,63.2(0.00 %),59400,3781760000,18890,1194450000,18572283,33.52
26/10/2017,-5000,-314000000,62.5(-1.11 %),0,0,5000,314000000,18572283,33.52
27/10/2017,118250,7405320000,63(0.80 %),121250,7592820000,3000,187500000,18457863,33.62
30/10/2017,104470,6577250000,62.6(-0.63 %),167350,10526590000,62880,3949340000,18329403,33.73
31/10/2017,40920,2559290000,62.6(0.00 %),90750,5679950000,49830,3120660000,18243653,33.8
01/11/2017,20260,1268230000,62.6(0.00 %),106270,6653420000,86010,5385190000,18204383,33.83
02/11/2017,273530,17226520000,62.6(0.00 %),275130,17326680000,1600,100160000,17972133,34.02
03/11/2017,169600,10685670000,62.6(0.00 %),197800,12460920000,28200,1775250000,17824163,34.15
06/11/2017,98210,6239020000,64.9(3.67 %),131360,8346530000,33150,2107510000,17714813,34.24
07/11/2017,202670,13173310000,64.9(0.00 %),292770,19029810000,90100,5856500000,17513643,34.41
08/11/2017,980,62540000,64.8(-0.15 %),1730,110540000,750,48000000,17540113,34.38
09/11/2017,610000,39632460000,64.9(0.15 %),632500,41090880000,22500,1458420000,16940763,34.88
10/11/2017,40120,2603370000,65(0.15 %),41120,2668370000,1000,65000000,16899743,34.92
13/11/2017,31120,2022030000,65(0.00 %),60780,3949930000,29660,1927900000,16839713,34.97
14/11/2017,278740,18571630000,69.5(6.92 %),382580,25437680000,103840,6866050000,16479633,35.27
15/11/2017,349420,24466880000,71(2.16 %),376420,26374180000,27000,1907300000,16104213,35.58
16/11/2017,-13330,-947490000,72(1.41 %),103150,7324070000,116480,8271560000,16119613,35.57
17/11/2017,155910,11105140000,71.5(-0.69 %),155910,11105140000,0,0,16067543,35.61
20/11/2017,-12620,-869930000,71.5(0.00 %),28080,1984670000,40700,2854600000,16066463,35.61
21/11/2017,71110,5068680000,71(-0.70 %),73010,5203750000,1900,135070000,16021043,35.65
22/11/2017,169850,12079250000,72(1.41 %),169850,12079250000,0,0,15851193,35.79
23/11/2017,300200,21314300000,71.5(-0.69 %),300200,21314300000,0,0,15591693,36.01
24/11/2017,5500,390550000,71(-0.70 %),6500,461550000,1000,71000000,15587093,36.01
27/11/2017,230000,16336510000,70.7(-0.42 %),230000,16336510000,0,0,15357093,36.2
28/11/2017,17050,1206600000,71(0.42 %),17050,1206600000,0,0,15340043,36.22
29/11/2017,3000,211500000,70.5(-0.70 %),32000,2268500000,29000,2057000000,15334043,36.22
30/11/2017,584110,41471810000,71.3(1.13 %),584110,41471810000,0,0,14749933,36.71
01/12/2017,0,0,71(-0.42 %),0,0,0,0,14749933,36.71
04/12/2017,-10880,-780940000,71.9(1.27 %),3000,215700000,13880,996640000,14750933,36.71
05/12/2017,28510,2112930000,74.9(4.17 %),50030,3701340000,21520,1588410000,14700903,36.75
06/12/2017,47760,3519050000,73.5(-1.87 %),53760,3962150000,6000,443100000,14647143,36.79
07/12/2017,-2010,-146730000,72.9(-0.82 %),0,0,2010,146730000,14661023,36.78
08/12/2017,41300,3025680000,73(0.14 %),50000,3658910000,8700,633230000,14632543,36.81
11/12/2017,30520,2214580000,71.5(-2.05 %),30520,2214580000,0,0,14608023,36.83
12/12/2017,102000,7291000000,71.5(0.00 %),152000,10866000000,50000,3575000000,14508033,36.91
13/12/2017,104980,7503580000,72(0.70 %),104980,7503580000,0,0,14411753,36.99
14/12/2017,210000,15120000000,71.9(-0.14 %),260000,18720000000,50000,3600000000,14201753,37.17
15/12/2017,30690,2200150000,72(0.14 %),40690,2916790000,10000,716640000,14161063,37.2
18/12/2017,795070,57244480000,72.5(0.69 %),808300,58197700000,13230,953220000,13352763,37.87
19/12/2017,801870,58548140000,74.9(3.31 %),967730,70673630000,165860,12125490000,12505933,38.58
20/12/2017,-42570,-3110370000,73.1(-2.40 %),0,0,42570,3110370000,12515933,38.57
21/12/2017,59190,4361460000,73.2(0.14 %),150000,11063040000,90810,6701580000,12379163,38.68
22/12/2017,-34000,-2475350000,72.9(-0.41 %),10000,731450000,44000,3206800000,12414123,38.65
25/12/2017,100,7300000,72.5(-0.55 %),100,7300000,0,0,12456593,38.62
26/12/2017,130,9560000,72.6(0.14 %),300,22020000,170,12460000,12547103,38.54
27/12/2017,200000,14600000000,73.1(0.69 %),200000,14600000000,0,0,12391103,38.67
28/12/2017,2900,215880000,74.1(1.37 %),205100,15177900000,202200,14962020000,12386003,38.68
29/12/2017,-4000,-299200000,78(5.26 %),116000,8642000000,120000,8941200000,12386173,38.68
02/01/2018,1150,82000000,80.6(3.33 %),3150,246000000,2000,164000000,12383023,38.68
03/01/2018,-5800,-479800000,83(2.98 %),2200,178600000,8000,658400000,12383023,38.68
04/01/2018,12260,1023890000,84.9(2.29 %),17760,1485740000,5500,461850000,12369263,38.69
05/01/2018,-2570,-214570000,83.2(-2.00 %),1630,136720000,4200,351290000,12369633,38.69
08/01/2018,-27590,-2298780000,84.5(1.56 %),14710,1249400000,42300,3548180000,12362923,38.7
09/01/2018,-33000,-2765870000,83(-1.78 %),1300,108980000,34300,2874850000,12367123,38.69
10/01/2018,-6900,-567480000,81.5(-1.81 %),184420,15123760000,191320,15691240000,12369223,38.69
11/01/2018,-19260,-1541370000,80.4(-1.35 %),1000,80100000,20260,1621470000,12410523,38.66
12/01/2018,0,0,79(-1.74 %),0,0,0,0,12444823,38.63
15/01/2018,182170,14392950000,82.5(4.43 %),190170,15048950000,8000,656000000,12263653,38.78
16/01/2018,0,0,82(-0.61 %),0,0,0,0,12283913,38.76
17/01/2018,398900,32312440000,79.8(-2.68 %),400000,32400000000,1100,87560000,11883913,39.1
18/01/2018,35240,2808140000,80(0.25 %),36210,2884570000,970,76430000,11855703,39.12
19/01/2018,76350,6243260000,81.1(1.38 %),101350,8292260000,25000,2049000000,11774353,39.19
22/01/2018,38390,3179750000,82.8(2.10 %),99830,8281410000,61440,5101660000,11675623,39.27
25/01/2018,7810,652490000,85.9(3.74 %),139310,11855380000,131500,11202890000,11603723,39.33
26/01/2018,109530,9455220000,87.1(1.40 %),170790,14832670000,61260,5377450000,11452933,39.46
29/01/2018,199730,17732700000,88.6(1.72 %),290030,25787460000,90300,8054760000,11212903,39.66
30/01/2018,-51790,-4600890000,90(1.58 %),38210,3388930000,90000,7989820000,11306193,39.58
31/01/2018,-3490,-278080000,90(0.00 %),50600,4523760000,54090,4801840000,11296853,39.59
01/02/2018,-13040,-1134950000,87(-3.33 %),59720,5294260000,72760,6429210000,11327433,39.56
02/02/2018,480,43280000,87.2(0.23 %),131760,11488530000,131280,11445250000,11385673,39.51
05/02/2018,88630,7425800000,82(-5.96 %),224220,18855810000,135590,11430010000,11265543,39.61
06/02/2018,23360,1794180000,76.5(-6.71 %),170560,13039530000,147200,11245350000,11117743,39.74
07/02/2018,-4200,-273410000,80(4.58 %),160690,12771970000,164890,13045380000,10988333,39.84
08/02/2018,22800,1824480000,80(0.00 %),34200,2725230000,11400,900750000,11039723,39.8
09/02/2018,-25330,-2007850000,80(0.00 %),70100,5534710000,95430,7542560000,11116823,39.74
12/02/2018,1770,128040000,80(0.00 %),101770,8128800000,100000,8000760000,11179943,39.68
13/02/2018,-20780,-1662500000,79.6(-0.50 %),20980,1678320000,41760,3340820000,11170363,39.69
21/02/2018,-71440,-5747120000,81(1.76 %),267240,21490670000,338680,27237790000,11198553,39.67
22/02/2018,-17490,-1437900000,82(1.23 %),252440,20775590000,269930,22213490000,11296113,39.59
23/02/2018,15200,1292390000,82(0.00 %),220200,18557000000,205000,17264610000,11317673,39.57
26/02/2018,12100,1045150000,83(1.22 %),348360,29052350000,336260,28007200000,11357993,39.54
27/02/2018,-16000,-1327600000,83(0.00 %),0,0,16000,1327600000,11377923,39.52
28/02/2018,-13690,-1140090000,86.2(3.86 %),247710,21108310000,261400,22248400000,11235213,39.64
01/03/2018,31300,2857520000,87(0.93 %),254460,22474650000,223160,19617130000,11267013,39.61
02/03/2018,-57930,-5112240000,90(3.45 %),46440,4067650000,104370,9179890000,11236573,39.64
05/03/2018,105280,9520080000,90.6(0.67 %),158320,14313860000,53040,4793780000,11239653,39.63
06/03/2018,-43220,-3887100000,90.1(-0.55 %),16050,1435400000,59270,5322500000,11246763,39.63
07/03/2018,-29970,-2700350000,90.1(0.00 %),100,9020000,30070,2709370000,11351033,39.54
08/03/2018,-24000,-2133420000,91.2(1.22 %),1000,92690000,25000,2226110000,11403073,39.5
09/03/2018,-65610,-5968170000,90.2(-1.10 %),112400,10290100000,178010,16258270000,11459943,39.45
12/03/2018,3770,340250000,90.4(0.22 %),3850,347460000,80,7210000,11486163,39.43
13/03/2018,810,71090000,90.5(0.11 %),910,80120000,100,9030000,11510253,39.41
14/03/2018,-146080,-13120280000,89.1(-1.55 %),6100,548760000,152180,13669040000,11572163,39.36
15/03/2018,-100,-14980000,89.1(0.00 %),63120,5618150000,63220,5633130000,11509123,39.41
16/03/2018,114130,10446770000,95.3(6.96 %),205730,18896800000,91600,8450030000,11303493,39.58
19/03/2018,22390,2223280000,100.6(5.56 %),58340,5808550000,35950,3585270000,11397333,39.5
20/03/2018,-51440,-5232990000,100.6(0.00 %),70830,7103550000,122270,12336540000,11389723,39.51
21/03/2018,59470,6146070000,104(3.38 %),132170,13621370000,72700,7475300000,11399153,39.5
22/03/2018,85590,8984070000,106.5(2.40 %),153650,16167950000,68060,7183880000,11281453,39.6
23/03/2018,345010,36853970000,106.9(0.38 %),450290,48052880000,105280,11198910000,11003433,39.83
26/03/2018,-210,-25920000,107.5(0.56 %),353490,37970820000,353700,37996740000,11022643,39.81
27/03/2018,7090,759310000,105(-2.33 %),21040,2251760000,13950,1492450000,11069663,39.78
28/03/2018,8950,959570000,108(2.86 %),10950,1172170000,2000,212600000,11113993,39.74
29/03/2018,5360,574430000,107.9(-0.09 %),21350,2301320000,15990,1726890000,11096343,39.75
30/03/2018,21570,2247000000,108(0.09 %),262510,28268430000,240940,26021430000,10847783,39.96
02/04/2018,-205050,-23609610000,115.5(6.94 %),95560,10941240000,300610,34550850000,10780223,40.02
03/04/2018,-80150,-9399880000,117(1.30 %),113790,13358050000,193940,22757930000,10782423,40.01
04/04/2018,-20460,-2388900000,116.9(-0.09 %),112540,13168100000,133000,15557000000,11010823,39.82
05/04/2018,-9030,-1056370000,117(0.09 %),302950,35424490000,311980,36480860000,11271043,39.61
06/04/2018,-15460,-1824150000,118(0.85 %),820,96790000,16280,1920940000,11364163,39.53
09/04/2018,-26280,-3091740000,116(-1.69 %),5050,595800000,31330,3687540000,11392113,39.51
10/04/2018,17010,1971060000,115(-0.86 %),26820,3100450000,9810,1129390000,11388713,39.51
11/04/2018,3410,407040000,112(-2.61 %),7610,883760000,4200,476720000,11397383,39.5
12/04/2018,-33510,-3714570000,112(0.00 %),26180,2893310000,59690,6607880000,11402533,39.5
13/04/2018,-64550,-7024780000,108.1(-3.48 %),9310,1027760000,73860,8052540000,11403033,39.5
16/04/2018,-84310,-9140240000,107.8(-0.28 %),0,0,84310,9140240000,11407233,39.49
17/04/2018,-72140,-7860320000,109.2(1.30 %),190150,20749000000,262290,28609320000,11376773,39.52
18/04/2018,-23930,-2633140000,108.3(-0.82 %),68000,7407780000,91930,10040920000,11382633,39.51
19/04/2018,44630,4688870000,106(-2.12 %),84890,8945170000,40260,4256300000,11382053,39.51
20/04/2018,15120,1583660000,105.1(-0.85 %),136560,14342300000,121440,12758640000,11407783,39.49
23/04/2018,14770,1527950000,98(-6.76 %),92110,9227540000,77340,7699590000,11407603,39.49
24/04/2018,-22320,-2133150000,95(-3.06 %),51260,4852000000,73580,6985150000,11396603,39.5
26/04/2018,-10100,-987320000,88.6(-6.74 %),20900,1868310000,31000,2855630000,11497143,39.42
27/04/2018,-35260,-3131340000,93(4.97 %),140430,12815360000,175690,15946700000,11534053,39.39
02/05/2018,21000,1927760000,91(-2.15 %),86200,7912680000,65200,5984920000,11571433,39.36
03/05/2018,155270,13748010000,92(1.10 %),518680,45883770000,363410,32135760000,11441953,39.47
04/05/2018,88110,8214240000,93.4(1.52 %),200910,18723870000,112800,10509630000,11366733,39.53
07/05/2018,2800,262790000,96(2.78 %),1921650,181514140000,1918850,181251350000,11369883,39.53
08/05/2018,68380,6826710000,100.1(4.27 %),77400,7701730000,9020,875020000,11297693,39.59
09/05/2018,35850,3682660000,103(2.90 %),36050,3702860000,200,20200000,11324443,39.56
10/05/2018,98740,10118620000,102(-0.97 %),100400,10288910000,1660,170290000,11233293,39.64
11/05/2018,82300,8356820000,102(0.00 %),100400,10173550000,18100,1816730000,11141913,39.72
14/05/2018,690,70400000,101.5(-0.49 %),700,71400000,10,1000000,11141413,39.72
15/05/2018,390,39550000,102(0.49 %),390,39550000,0,0,11142683,39.71
16/05/2018,-1620,-161800000,100.1(-1.86 %),380,38400000,2000,200200000,11160403,39.7
17/05/2018,-19170,-1894860000,97.5(-2.60 %),160,15730000,19330,1910590000,11160253,39.7
18/05/2018,-4060,-390390000,100(2.56 %),0,0,4060,390390000,11160253,39.7
21/05/2018,-1290,-128900000,99.2(-0.80 %),0,0,1290,128900000,11162253,39.7
22/05/2018,-30000,-2903650000,92.5(-6.75 %),4710,442680000,34710,3346330000,11176873,39.69
23/05/2018,-48300,-4324710000,90(-2.70 %),2500,228950000,50800,4553660000,11178433,39.68
24/05/2018,-100,-9210000,93(3.33 %),120000,11100000000,120100,11109210000,11179723,39.68
25/05/2018,560,50960000,91.6(-1.51 %),560,50960000,0,0,11213873,39.66
28/05/2018,15940,1280120000,85.2(-6.99 %),50140,4306430000,34200,3026310000,11214533,39.65
29/05/2018,-76650,-6533440000,85.2(0.00 %),17080,1410520000,93730,7943960000,11197553,39.67
30/05/2018,997580,84995140000,88(3.29 %),1000180,85215390000,2600,220250000,10197373,40.5
31/05/2018,7000,617780000,89(1.14 %),77880,6996980000,70880,6379200000,10224573,40.48
01/06/2018,-6360,-575150000,91(2.25 %),79420,7163060000,85780,7738210000,10287913,40.43
04/06/2018,139210,12515880000,92(1.10 %),173750,15681640000,34540,3165760000,10116763,40.57
05/06/2018,-1800,-163950000,92.2(0.22 %),200,18480000,2000,182430000,10116563,40.57
06/06/2018,-15510,-1431430000,92.2(0.00 %),200,18440000,15710,1449870000,10153113,40.54
07/06/2018,-11550,-1070460000,92.1(-0.11 %),15750,1450890000,27300,2521350000,10171903,40.52
08/06/2018,-500,-46050000,92.1(0.00 %),0,0,500,46050000,10160903,40.53
11/06/2018,-17530,-1608370000,93.2(1.19 %),7470,695000000,25000,2303370000,10169143,40.53
12/06/2018,900,80900000,90(-3.43 %),1000,90000000,100,9100000,10195443,40.5
13/06/2018,0,0,91.4(1.56 %),0,0,0,0,10195943,40.5
14/06/2018,-30200,-2782610000,93.5(2.30 %),500,45500000,30700,2828110000,10220443,40.48
15/06/2018,5300,497950000,94(0.53 %),13800,1298770000,8500,800820000,10206743,40.49
18/06/2018,4060,369830000,89(-5.32 %),4060,369830000,0,0,10202683,40.5
19/06/2018,53830,4469270000,82.8(-6.97 %),73830,6134560000,20000,1665290000,10159553,40.53
20/06/2018,71490,5856610000,83.4(0.72 %),71490,5856610000,0,0,10096563,40.59
21/06/2018,13000,1074900000,83(-0.48 %),22900,1889020000,9900,814120000,10073663,40.61
22/06/2018,1780,145790000,85.8(3.37 %),2790,232420000,1010,86630000,10090873,40.59
25/06/2018,25730,2189350000,86(0.23 %),26170,2226750000,440,37400000,10064703,40.61
26/06/2018,5380,460400000,85.9(-0.12 %),5560,475790000,180,15390000,10069043,40.61
27/06/2018,-1720,-147290000,84.5(-1.63 %),380,32260000,2100,179550000,10069673,40.61
28/06/2018,-8900,-728160000,82(-2.96 %),30500,2499260000,39400,3227420000,10039613,40.63
29/06/2018,-920,-75340000,82.5(0.61 %),200,16500000,1120,91840000,10039593,40.63
02/07/2018,320,25700000,76.8(-6.91 %),1120,87300000,800,61600000,10040573,40.63
03/07/2018,-24020,-1792120000,71.5(-6.90 %),17400,1273220000,41420,3065340000,10062573,40.61
04/07/2018,80440,5849240000,74.5(4.20 %),134740,9774520000,54300,3925280000,9928953,40.73
05/07/2018,103570,7765380000,76.6(2.82 %),104020,7798680000,450,33300000,9825733,40.81
06/07/2018,20500,1551640000,75.6(-1.31 %),72800,5483730000,52300,3932090000,9794353,40.84
09/07/2018,172630,13340240000,76(0.53 %),180850,13961980000,8220,621740000,9667803,40.94
10/07/2018,136250,7663300000,56(0.79 %),236250,13235560000,100000,5572260000,9432003,41.14
11/07/2018,81510,4504950000,55(-1.79 %),83510,4610950000,2000,106000000,9400793,41.17
12/07/2018,130,7085000,53.1(-3.45 %),130,7085000,0,0,9400663,41.17
13/07/2018,-1840,-95720000,52.6(-0.94 %),2160,114350000,4000,210070000,9506723,41.08
16/07/2018,240,12250000,52.5(-0.19 %),2240,117600000,2000,105350000,9506483,41.08
17/07/2018,22350,1173430000,53.4(1.71 %),26350,1385430000,4000,212000000,9480133,41.1
18/07/2018,7400,395900000,54.5(2.06 %),7400,395900000,0,0,9476733,41.1
19/07/2018,4630,291690000,58.3(6.97 %),68730,3890730000,64100,3599040000,9410003,41.16
20/07/2018,0,0,57(-2.23 %),0,0,0,0,9414003,41.15
23/07/2018,2930,161546000,55(-3.51 %),2930,161546000,0,0,9411073,41.16
24/07/2018,13000,725980000,54(-1.82 %),36600,1999420000,23600,1273440000,9438573,41.13
25/07/2018,42410,2316500000,53.2(-1.48 %),47410,2593000000,5000,276500000,9391163,41.17
26/07/2018,-2660,-142310000,52.6(-1.13 %),70000,3745000000,72660,3887310000,9391163,41.17
27/07/2018,-1190,-64050000,54.2(3.04 %),810,43290000,2000,107340000,9413953,41.16
30/07/2018,55000,3107780000,57(5.17 %),55000,3107780000,0,0,9363953,41.2
31/07/2018,20790,1189740000,57(0.00 %),264000,14972900000,243210,13783160000,9343163,41.21
01/08/2018,-900,-50400000,56(-1.75 %),0,0,900,50400000,9304613,41.25
02/08/2018,41000,2298640000,55.4(-1.07 %),51000,2851490000,10000,552850000,9258613,41.28
03/08/2018,0,0,55.9(0.90 %),0,0,0,0,9301823,41.25
06/08/2018,0,0,55(-1.61 %),100000,5600000000,100000,5600000000,9301823,41.25
07/08/2018,-3100,-168200000,54.5(-0.91 %),156900,8565750000,160000,8733950000,9305823,41.25
08/08/2018,-7560,-407370000,54.6(0.18 %),2540,138950000,10100,546320000,9303283,41.25
09/08/2018,42590,2376950000,56(2.56 %),144590,8108650000,102000,5731700000,9258693,41.28
10/08/2018,-54530,-3093310000,56.5(0.89 %),156440,8813140000,210970,11906450000,9212253,41.32
13/08/2018,25320,1479970000,59(4.42 %),125920,7296970000,100600,5817000000,9134433,41.39
14/08/2018,44780,2681140000,62(5.08 %),67770,4075120000,22990,1393980000,12473700,41.3
15/08/2018,14710,874620000,59(-4.84 %),17710,1055120000,3000,180500000,12566960,41.24
16/08/2018,128660,7531580000,59.1(0.17 %),142660,8351090000,14000,819510000,12486900,41.29
17/08/2018,-4730,-285239000,59(-0.17 %),270,16161000,5000,301400000,12491630,41.29
20/08/2018,12040,705560000,58.5(-0.85 %),13040,764360000,1000,58800000,12499580,41.28
21/08/2018,21210,1240890000,59.2(1.20 %),21210,1240890000,0,0,12492370,41.29
22/08/2018,11410,676110000,59.5(0.51 %),250010,14957300000,238600,14281190000,12447360,41.32
23/08/2018,-50660,-3019850000,59.5(0.00 %),10000,594900000,60660,3614750000,12438360,41.32
24/08/2018,61567,3674190000,59.8(0.50 %),307207,18362960000,245640,14688770000,12283653,84.53
27/08/2018,-136750,-8302100000,60.5(1.17 %),5100,309650000,141850,8611750000,12317153,84.48
28/08/2018,-5000,-307400000,61.2(1.16 %),150000,9225000000,155000,9532400000,12377813,84.41
29/08/2018,-12890,-809730000,61.5(0.49 %),248220,15260470000,261110,16070200000,95042677,41.33
30/08/2018,-81110,-5079600000,63.9(3.90 %),197800,12295740000,278910,17375340000,95066727,41.32
31/08/2018,640,40460000,63.2(-1.10 %),640,40460000,0,0,95071087,41.31
04/09/2018,55060,3436140000,61.3(-3.01 %),58100,3625450000,3040,189310000,95074097,41.31
05/09/2018,14000,840400000,59.7(-2.61 %),14000,840400000,0,0,95259007,41.2
06/09/2018,768,44930000,59.7(0.00 %),44080,2630750000,43312,2585820000,95214927,41.23
07/09/2018,-5500,-331000000,60.2(0.84 %),0,0,5500,331000000,95220427,0.0
10/09/2018,1000,60200000,60.2(0.00 %),1000,60200000,0,0,95216967,41.22
11/09/2018,3980,243030000,61.6(2.33 %),20900,1274720000,16920,1031690000,95239379,41.21
12/09/2018,100,6160000,61.5(-0.16 %),100,6160000,0,0,95244779,41.21
13/09/2018,5000,305000000,60.7(-1.30 %),5000,305000000,0,0,95239779,41.21
14/09/2018,-190000,-11640110000,61.5(1.32 %),0,0,190000,11640110000,95256699,41.2
17/09/2018,-15080,-927520000,60.9(-0.98 %),250,15280000,15330,942800000,95256449,41.2
18/09/2018,-104780,-6334680000,61(0.16 %),104160,6342610000,208940,12677290000,95252289,41.2
19/09/2018,38990,2441390000,62.4(2.30 %),195850,12200680000,156860,9759290000,95246439,41.21
20/09/2018,-6770,-428362000,63.5(1.76 %),127620,8082940000,134390,8511302000,95253209,0.0
21/09/2018,252210,16361030000,64.7(1.89 %),400940,25977270000,148730,9616240000,94842149,41.46
24/09/2018,-20830,-1346890000,64(-1.08 %),4000,259400000,24830,1606290000,94995009,41.36
25/09/2018,-12270,-784556070,63.8(-0.31 %),1000,63941000,13270,848497070,95007279,41.97
26/09/2018,-65130,-4191930000,64(0.31 %),9000,580200000,74130,4772130000,96013129,41.1
27/09/2018,-29920,-1929770000,64.1(0.16 %),41000,2644600000,70920,4574370000,95996959,41.11
28/09/2018,81970,5312500000,64.8(1.09 %),298600,19300780000,216630,13988280000,95871549,41.18
01/10/2018,35650,2308740000,64.2(-0.93 %),35650,2308740000,0,0,95910029,41.16
02/10/2018,-73700,-4836495000,64.8(0.93 %),1300,84490000,75000,4920985000,95983729,41.37
03/10/2018,23550,1540780000,65.4(0.93 %),30300,1984230000,6750,443450000,96014349,41.1
04/10/2018,55950,3706570000,66.4(1.53 %),60200,3989720000,4250,283150000,95954149,41.13
05/10/2018,64320,4309820000,66(-0.60 %),197970,13253050000,133650,8943230000,95955549,41.13
08/10/2018,2700,175080000,64.4(-2.42 %),2700,175080000,0,0,95959599,41.13
09/10/2018,-4100,-264720000,64.1(-0.47 %),900,58080000,5000,322800000,95962949,41.13
10/10/2018,-21290,-1369310000,64(-0.16 %),100,6400000,21390,1375710000,95972129,41.12
11/10/2018,6970,414162000,59.7(-6.72 %),45300,2738610000,38330,2324448000,95965159,41.13
12/10/2018,-30170,-1888430000,61(2.18 %),68700,4153050000,98870,6041480000,95863129,41.19
15/10/2018,34000,2070900000,60.8(-0.33 %),35000,2131200000,1000,60300000,95849519,41.2
16/10/2018,36010,2187750000,60.8(0.00 %),36010,2187750000,0,0,95851839,41.2
17/10/2018,22000,1342701000,61.2(0.66 %),22000,1342701000,0,0,95829839,41.21
18/10/2018,47560,2888990000,60.6(-0.98 %),50000,3037870000,2440,148880000,95879709,41.18
19/10/2018,39900,2392721000,60.3(-0.50 %),40300,2416881000,400,24160000,95839809,41.2
22/10/2018,69000,4100530000,58(-3.81 %),70000,4158530000,1000,58000000,95769409,41.25
23/10/2018,34900,1967752000,56(-3.45 %),47900,2708952000,13000,741200000,95734509,41.27
24/10/2018,42600,2380780000,55(-1.79 %),45000,2515080000,2400,134300000,95679349,41.3
25/10/2018,-5000,-262400000,52.7(-4.18 %),1000,52000000,6000,314400000,95679349,41.3
26/10/2018,-101800,-5166600000,49.05(-6.93 %),7350,380820000,109150,5547420000,95684999,41.3
29/10/2018,-4000,-202200000,50(1.94 %),0,0,4000,202200000,95687399,41.3
30/10/2018,-4350,-221170000,50.9(1.80 %),0,0,4350,221170000,95691749,41.29
31/10/2018,-510,-26316000,52.3(2.75 %),0,0,510,26316000,95692259,41.29
01/11/2018,104190,5513690000,52.7(0.76 %),108190,5725090000,4000,211400000,95698359,41.29
02/11/2018,72960,3897282000,54(2.47 %),74960,4004982000,2000,107700000,95625399,41.33
05/11/2018,9710,518100000,54(0.00 %),13710,733900000,4000,215800000,95614549,41.34
06/11/2018,11080,602070000,54.7(1.30 %),17170,933660000,6090,331590000,95601379,41.35
07/11/2018,44310,2374030000,54(-1.28 %),50510,2707350000,6200,333320000,95552869,41.38
08/11/2018,10740,580210000,54(0.00 %),11740,635010000,1000,54800000,95545129,41.38
09/11/2018,35350,1879180000,52.7(-2.41 %),37350,1985380000,2000,106200000,95513869,41.4
12/11/2018,-9450,-491550000,53.5(1.52 %),46890,2391390000,56340,2882940000,95512729,41.4
13/11/2018,10,520000,52.3(-2.24 %),10,520000,0,0,95513719,41.4
14/11/2018,-890,-46780000,52(-0.57 %),1110,57320000,2000,104100000,95514609,41.4
15/11/2018,-69300,-3451050000,49.2(-5.38 %),10700,536140000,80000,3987190000,95520699,41.4
16/11/2018,0,0,49.9(1.42 %),0,0,0,0,95520699,41.4
19/11/2018,-320,-16160000,50.2(0.60 %),0,0,320,16160000,95522699,41.4
20/11/2018,-49800,-2419520000,49(-2.39 %),200,9720000,50000,2429240000,95602499,41.35
21/11/2018,13200,647490000,49.4(0.82 %),17730,869460000,4530,221970000,95584769,41.36
22/11/2018,49440,2492320000,50.9(3.04 %),63040,3177520000,13600,685200000,95522049,41.4
23/11/2018,11650,592330000,50.7(-0.39 %),20650,1050930000,9000,458600000,95551399,41.38
26/11/2018,7290,369560000,50.8(0.20 %),12290,623560000,5000,254000000,95543639,41.38
27/11/2018,128280,6608080000,51.5(1.38 %),129220,6656490000,940,48410000,95428019,41.46
28/11/2018,-6450,-330450000,50.9(-1.17 %),7590,386940000,14040,717390000,95429429,41.45
29/11/2018,-10630,-543090000,50.9(0.00 %),1100,55770000,11730,598860000,95433329,41.45
30/11/2018,-63820,-2957050000,49.2(-3.34 %),116240,5930800000,180060,8887850000,95318029,41.52
03/12/2018,-58370,-2919040000,50.1(1.83 %),2900,146600000,61270,3065640000,95329169,41.52
04/12/2018,-11990,-600980000,50.1(0.00 %),510,25500000,12500,626480000,95340389,41.51
05/12/2018,-50050,-2502740500,49.95(-0.30 %),28790,1438786000,78840,3941526500,95390439,41.48
06/12/2018,-48920,-2439970000,49.9(-0.10 %),101130,5043450000,150050,7483420000,95552933,41.38
07/12/2018,-157550,-7922160000,50.7(1.60 %),0,0,157550,7922160000,95565433,41.37
10/12/2018,-79990,-3971900000,49.4(-2.56 %),10,500000,80000,3972400000,95644263,41.32
11/12/2018,-2450,-123030000,49(-0.81 %),9250,453250000,11700,576280000,95683933,41.3
12/12/2018,-19260,-944340000,49.6(1.22 %),6240,305610000,25500,1249950000,95835243,41.21
13/12/2018,-60910,-3010110000,48.65(-1.92 %),10,500000,60920,3010610000,95915233,41.16
14/12/2018,-30930,-1503110000,48.05(-1.23 %),16480,796780000,47410,2299890000,95910453,41.16
17/12/2018,-355280,-16179460000,44.8(-6.76 %),315860,14224720000,671140,30404180000,95720093,41.28
18/12/2018,38070,1707230000,45.5(1.56 %),41940,1880250000,3870,173020000,95739073,41.26
19/12/2018,2750,125430000,45.2(-0.66 %),6310,286340000,3560,160910000,95780173,41.24
20/12/2018,91770,4133950000,45.2(0.00 %),94470,4255450000,2700,121500000,96256843,40.95
21/12/2018,43930,1980280000,45.5(0.66 %),53450,2408830000,9520,428550000,96207263,40.98
24/12/2018,84960,3862730000,45.7(0.44 %),94460,4296580000,9500,433850000,96116363,41.03
25/12/2018,0,0,44.5(-2.63 %),0,0,0,0,96119063,41.03
26/12/2018,149990,6821405000,46(3.37 %),149990,6821405000,0,0,95969073,41.12
27/12/2018,99730,4694980000,47.3(2.83 %),100000,4707670000,270,12690000,95888102,41.17
28/12/2018,116170,5486760000,46.55(-1.59 %),116170,5486760000,0,0,95771932,41.24
02/01/2019,20,910000,45(-3.33 %),20,910000,0,0,95772182,41.24
03/01/2019,-1350,-57451000,44.4(-1.33 %),0,0,1350,57451000,95773532,41.24
04/01/2019,-1760,-62600000,42.9(-3.38 %),21100,903450000,22860,966050000,95751082,41.26
07/01/2019,-18210,-763807000,41.5(-3.26 %),40,1699000,18250,765506000,95769292,41.25
08/01/2019,-31220,-1221180000,39(-6.02 %),48430,1920460000,79650,3141640000,95703962,41.29
09/01/2019,-83710,-3272240000,38.9(-0.26 %),22990,903100000,106700,4175340000,95703832,41.29
10/01/2019,-84290,-3249770000,38.25(-1.67 %),12050,463710000,96340,3713480000,95710032,41.28
11/01/2019,-20000,-776790000,38.6(0.92 %),0,0,20000,776790000,95789682,41.23
14/01/2019,-9760,-374600000,38.15(-1.17 %),500,19100000,10260,393700000,95895882,41.17
15/01/2019,-11870,-462330000,39.5(3.54 %),2000,78000000,13870,540330000,95990222,41.11
16/01/2019,12020,475528000,39.7(0.51 %),12020,475528000,0,0,95978202,41.12
17/01/2019,760,30020000,39.4(-0.76 %),1500,59250000,740,29230000,96006967,41.1
18/01/2019,46590,1817620000,39(-1.02 %),51590,2012620000,5000,195000000,95969247,41.12
21/01/2019,-500,-19500000,38.9(-0.26 %),0,0,500,19500000,95969247,41.12
22/01/2019,-8580,-337110000,39.4(1.29 %),200000,7780000000,208580,8117110000,95969987,41.12
23/01/2019,-14900,-581482000,39.3(-0.25 %),100,3900000,15000,585382000,95984887,41.11
24/01/2019,-1740,-68390000,39.5(0.51 %),1360,53450000,3100,121840000,95974027,41.12
25/01/2019,-54370,-2099560000,38.2(-3.29 %),0,0,54370,2099560000,95982607,41.11
28/01/2019,-231190,-8508140000,36.55(-4.32 %),417745,15356200000,648935,23864340000,95994887,41.11
29/01/2019,22210,819854000,37.2(1.78 %),22210,819854000,0,0,96249977,40.95
30/01/2019,-1230,-46051500,37(-0.54 %),25130,932780500,26360,978832000,96251207,40.95
31/01/2019,-18980,-691360000,36.1(-2.43 %),207790,7646370000,226770,8337730000,96231137,40.96
01/02/2019,-93310,-3268600000,34.8(-3.60 %),29030,1016350000,122340,4284950000,96292107,40.93
11/02/2019,-107630,-3780686500,35.4(1.72 %),40860,1432391500,148490,5213078000,96399737,40.86
12/02/2019,-143250,-5210270000,36.85(4.10 %),239700,8842880000,382950,14053150000,96268677,40.94
13/02/2019,-96300,-3690824500,38.3(3.93 %),1000,38300000,97300,3729124500,96639287,40.71
14/02/2019,-10640,-408044000,38.3(0.00 %),11960,457131000,22600,865175000,96649927,40.71
15/02/2019,-24300,-912980000,37.4(-2.35 %),103200,3881380000,127500,4794360000,96702297,40.67
18/02/2019,7400,275630000,38.1(1.87 %),50480,1917960000,43080,1642330000,96749117,40.64
19/02/2019,-21320,-817710000,38.25(0.39 %),102000,3886400000,123320,4704110000,96769717,40.63
20/02/2019,117690,4562650000,39.2(2.48 %),403300,15680730000,285610,11118080000,96640717,40.71
21/02/2019,77950,3060063000,39.35(0.38 %),220830,8679982500,142880,5619919500,96492507,40.8
22/02/2019,11220,443050000,40(1.65 %),11220,443050000,0,0,96575067,40.75
25/02/2019,209980,8570510000,41.4(3.50 %),264980,10801660000,55000,2231150000,96348897,40.89
26/02/2019,92760,3852629500,41.7(0.72 %),137510,5718842000,44750,1866212500,96178547,40.99
27/02/2019,41780,1753514500,42.6(2.16 %),122110,5134532500,80330,3381018000,96136767,41.02
28/02/2019,229720,9968116500,44(3.29 %),245470,10659490500,15750,691374000,95907047,41.16
01/03/2019,2220,96440000,44(0.00 %),2220,96440000,0,0,96064217,41.06
04/03/2019,23000,1006400000,43.5(-1.14 %),104830,4608830000,81830,3602430000,95959717,41.13
05/03/2019,42980,1863080000,43.35(-0.34 %),46480,2015150000,3500,152070000,95928991,41.15
06/03/2019,44180,1901197940,43.1(-0.58 %),93460,4021864180,49280,2120666240,95956277,41.13
07/03/2019,13940,599800000,43.5(0.93 %),17520,754950000,3580,155150000,95899841,41.17
08/03/2019,24340,1040488000,42.8(-1.61 %),24390,1042643000,50,2155000,95917997,41.15
11/03/2019,20300,871870000,41.7(-2.57 %),191080,8081670000,170780,7209800000,95737351,41.27
12/03/2019,-23070,-969695500,42(0.72 %),20070,842684500,43140,1812380000,95920767,41.15
13/03/2019,-83980,-3558660000,42.2(0.48 %),14130,600080000,98110,4158740000,95706781,41.28
14/03/2019,-36220,-1531940000,41.9(-0.71 %),7420,311540000,43640,1843480000,95870141,41.18
15/03/2019,-2280,-93780000,41(-2.15 %),1130,47000000,3410,140780000,95912151,41.16
18/03/2019,-98510,-4038940000,40.5(-1.22 %),100400,4066520000,198910,8105460000,96009861,41.1
19/03/2019,-47150,-1910870000,41(1.23 %),117850,4775690000,165000,6686560000,96035651,41.08
20/03/2019,0,0,40.5(-1.22 %),0,0,0,0,96057811,41.07
21/03/2019,-14900,-604250000,40.3(-0.49 %),196780,7969590000,211680,8573840000,96137971,41.02
22/03/2019,-2000,-80000000,39.8(-1.24 %),0,0,2000,80000000,96252971,40.95
25/03/2019,-7350,-282734000,37.7(-5.28 %),0,0,7350,282734000,96082061,41.05
26/03/2019,2050,78100000,38(0.80 %),2050,78100000,0,0,96265821,40.94
27/03/2019,160,6112000,38.5(1.32 %),160,6112000,0,0,96079851,41.06
28/03/2019,0,0,38.3(-0.52 %),0,0,0,0,96275023,40.94
29/03/2019,-600,-22840000,37.8(-1.31 %),0,0,600,22840000,96275023,40.94
01/04/2019,-2040,-76660000,38(0.53 %),0,0,2040,76660000,96275023,40.94
02/04/2019,100,3830000,38(0.00 %),100,3830000,0,0,96274923,40.94
03/04/2019,80,3040000,37.95(-0.13 %),80,3040000,0,0,96275443,40.94
04/04/2019,-26000,-979550000,38(0.13 %),0,0,26000,979550000,96277483,40.93
05/04/2019,-22210,-835113000,37.65(-0.92 %),16790,632073000,39000,1467186000,96323053,40.91
08/04/2019,8820,334528500,38.9(3.32 %),90200,3434581000,81380,3100052500,96314233,40.91
09/04/2019,-206000,-7878942000,38.7(-0.51 %),0,0,206000,7878942000,96520233,40.79
10/04/2019,-10930,-412860000,37.6(-2.84 %),35210,1330310000,46140,1743170000,96250283,40.95
11/04/2019,-106290,-3954320000,37(-1.60 %),60,2220000,106350,3956540000,96281603,40.93
12/04/2019,-2460,-90224000,36.3(-1.89 %),0,0,2460,90224000,96639913,40.71
16/04/2019,16300,582360000,35.7(-1.65 %),35100,1251830000,18800,669470000,96498643,40.8
17/04/2019,-2200,-80630000,35.35(-0.98 %),41800,1490170000,44000,1570800000,96597193,40.74
18/04/2019,28150,1005921000,35.6(0.71 %),28150,1005921000,0,0,96597663,40.74
19/04/2019,0,0,36(1.12 %),0,0,0,0,96597663,40.74
22/04/2019,-39330,-1404840000,35.7(-0.83 %),0,0,39330,1404840000,96600303,40.74
23/04/2019,-5438470,-193084880000,35.7(0.00 %),0,0,5438470,193084880000,96600303,40.74
24/04/2019,-52320,-1858610000,35.3(-1.12 %),0,0,52320,1858610000,102127783,37.34
25/04/2019,2000,70200000,35.3(0.00 %),2000,70200000,0,0,102125783,37.35
26/04/2019,10000,350362000,35.3(0.00 %),112000,3946962000,102000,3596600000,102115783,37.35
02/05/2019,-130,-4563000,35.2(-0.28 %),0,0,130,4563000,102116435,37.35
03/05/2019,5800,202060000,34.8(-1.14 %),5800,202060000,0,0,102110635,37.36
06/05/2019,140,4820000,33.3(-4.31 %),140,4820000,0,0,102112495,37.35
07/05/2019,-42500,-1343500000,31.5(-5.41 %),0,0,42500,1343500000,102152995,37.33
08/05/2019,-631460,-18762840000,29.7(-5.71 %),41790,1247740000,673250,20010580000,102070835,37.38
09/05/2019,14230,451260000,30.85(3.87 %),347230,10573650000,333000,10122390000,102023605,37.41
10/05/2019,37960,1208144500,32.4(5.02 %),37960,1208144500,0,0,102732265,36.97
13/05/2019,175580,5615572000,31.9(-1.54 %),181080,5791022000,5500,175450000,102556685,37.08
14/05/2019,121420,3865623000,31.95(0.16 %),121420,3865623000,0,0,102435265,37.16
15/05/2019,57900,1849790000,31.9(-0.16 %),57940,1851070000,40,1280000,102373955,37.19
16/05/2019,6900,214250000,30.85(-3.29 %),6900,214250000,0,0,102372555,37.19
17/05/2019,5000,156250000,30.9(0.16 %),5000,156250000,0,0,102367555,37.2
20/05/2019,53800,1693130000,31.6(2.27 %),53800,1693130000,0,0,102313795,37.23
21/05/2019,42240,1344546500,31.6(0.00 %),56400,1793623000,14160,449076500,102271555,37.26
22/05/2019,-108770,-3409560000,31.3(-0.95 %),50410,1579170000,159180,4988730000,102256985,37.27
23/05/2019,3140,98900000,31.6(0.96 %),3140,98900000,0,0,102253845,37.27
24/05/2019,1100,34440000,31.1(-1.58 %),1100,34440000,0,0,102266905,37.26
27/05/2019,-410,-12721000,30.5(-1.93 %),0,0,410,12721000,102267315,37.26
28/05/2019,-12040,-368450000,30.5(0.00 %),54460,1661030000,66500,2029480000,102376085,37.19
29/05/2019,100,3060000,30.4(-0.33 %),100,3060000,0,0,102375985,37.19
30/05/2019,300,9120000,30.4(0.00 %),300,9120000,0,0,102376095,37.19
31/05/2019,10,304500,30.3(-0.33 %),10,304500,0,0,102278945,37.25
03/06/2019,0,0,30.5(0.66 %),0,0,0,0,102388125,37.19
04/06/2019,0,0,30.45(-0.16 %),0,0,0,0,102388125,37.19
05/06/2019,0,0,30.85(1.31 %),0,0,0,0,102388125,37.19
06/06/2019,-101670,-3095490000,30.5(-1.13 %),100,3070000,101770,3098560000,102489795,37.12
07/06/2019,-57200,-1770480000,30.65(0.49 %),0,0,57200,1770480000,102388025,37.19
10/06/2019,50870,1609860000,32.1(4.73 %),93110,2936800000,42240,1326940000,102294915,37.24
11/06/2019,40720,1324564000,32.5(1.25 %),41220,1340914000,500,16350000,102455405,37.14
12/06/2019,100,3200000,31.8(-2.15 %),100,3200000,0,0,102412565,37.17
13/06/2019,201790,6565241000,32.6(2.52 %),211790,6889741000,10000,324500000,102153575,37.33
14/06/2019,23980,786200000,32.6(0.00 %),23980,786200000,0,0,102219535,37.29
17/06/2019,82000,2694500000,32.8(0.61 %),82000,2694500000,0,0,102137535,37.34
18/06/2019,141600,4654240000,32.9(0.30 %),141600,4654240000,0,0,102005930,37.42
19/06/2019,97300,3212310000,32.9(0.00 %),100300,3309830000,3000,97520000,101905630,37.48
20/06/2019,105000,3462500000,32.7(-0.61 %),105000,3462500000,0,0,101800630,37.55
21/06/2019,0,0,32.7(0.00 %),0,0,0,0,101903695,37.48
24/06/2019,-7460,-240343000,32.5(-0.61 %),0,0,7460,240343000,101911155,37.48
25/06/2019,2610,83640000,32(-1.54 %),5140,164440000,2530,80800000,101798495,37.55
26/06/2019,2070,65340000,30.7(-4.06 %),4970,157670000,2900,92330000,101793525,37.55
27/06/2019,3510,108300000,30.8(0.33 %),3510,108300000,0,0,101797475,37.55
28/06/2019,-1500,-45950000,30.2(-1.95 %),0,0,1500,45950000,101904465,37.48
01/07/2019,-999300,-30778680000,30.45(0.83 %),700,21320000,1000000,30800000000,101802205,37.54
02/07/2019,-990,-30790000,30.8(1.15 %),16510,507340000,17500,538130000,101785695,37.55
03/07/2019,0,0,30.8(0.00 %),0,0,0,0,101803895,37.54
04/07/2019,270,8400000,31.35(1.79 %),270,8400000,0,0,102786925,36.94
05/07/2019,-9300,-291824500,31.7(1.12 %),0,0,9300,291824500,101812925,37.54
08/07/2019,64700,2074780000,32.3(1.89 %),64700,2074780000,0,0,102739725,36.97
09/07/2019,24600,790400000,32(-0.93 %),25000,803000000,400,12600000,102714725,36.98
10/07/2019,0,0,31.7(-0.94 %),0,0,0,0,102724025,36.98
11/07/2019,99930,3224090000,32.3(1.89 %),100330,3236970000,400,12880000,102623695,37.04
12/07/2019,120490,4030480000,33.3(3.10 %),220490,7280480000,100000,3250000000,102503605,37.11
15/07/2019,-1900,-63080000,33.2(-0.30 %),0,0,1900,63080000,102503605,37.11
16/07/2019,-610,-20251000,33.5(0.90 %),10,333000,620,20584000,101505715,37.73
17/07/2019,15000,508500000,33.7(0.60 %),15000,508500000,0,0,102488995,37.12
18/07/2019,120,4060000,33.5(-0.59 %),120,4060000,0,0,102490775,37.12
19/07/2019,22370,757573500,33.9(1.19 %),22370,757573500,0,0,101468225,37.75
22/07/2019,38260,1290990000,33.8(-0.29 %),38260,1290990000,0,0,102430765,37.16
23/07/2019,113620,3803220000,33.9(0.30 %),117320,3928650000,3700,125430000,102313445,37.23
24/07/2019,36250,1225880000,33.9(0.00 %),36250,1225880000,0,0,102277195,37.25
25/07/2019,2030,68160000,33.7(-0.59 %),402030,13548160000,400000,13480000000,102275165,37.25
26/07/2019,-50070,-1673410000,33.5(-0.59 %),130000,4344730000,180070,6018140000,102278865,37.25
29/07/2019,28030,939010000,33.5(0.00 %),28690,961120000,660,22110000,102250175,37.27
30/07/2019,42570,1432138000,33.5(0.00 %),72570,2416252000,30000,984114000,101207535,37.91
31/07/2019,55000,1847000000,33.6(0.30 %),55000,1847000000,0,0,102172675,37.32
01/08/2019,18520,621764000,33.3(-0.89 %),18520,621764000,0,0,102173335,37.32
02/08/2019,14500,481550000,33.2(-0.30 %),14500,481550000,0,0,102170315,37.32
05/08/2019,17030,564993000,33.2(0.00 %),17030,564993000,0,0,102141805,37.34
06/08/2019,8950,291103000,32.7(-1.51 %),8950,291103000,0,0,102132855,37.34
07/08/2019,22560,741742000,33.2(1.53 %),132560,4362992000,110000,3621250000,102110295,37.36
08/08/2019,8240,274880000,33.6(1.20 %),1008240,33474880000,1000000,33200000000,102113535,37.35
09/08/2019,12300,416243000,33.6(0.00 %),12800,432983000,500,16740000,102089755,37.37
12/08/2019,12580,420931000,33.5(-0.30 %),12580,420931000,0,0,102077175,37.38
13/08/2019,86350,2896734000,33.6(0.30 %),206350,6922734000,120000,4026000000,101990825,37.43
14/08/2019,82110,2750820000,33.5(-0.30 %),82110,2750820000,0,0,101920195,37.47
15/08/2019,23580,792980000,34.4(2.69 %),225580,7558980000,202000,6766000000,101894615,37.49
16/08/2019,5300,190390000,36(4.65 %),10000,360000000,4700,169610000,101884615,37.49
19/08/2019,0,0,36.1(0.28 %),0,0,0,0,101884615,37.49
20/08/2019,-19300,-673910000,35.4(-1.94 %),700,24630000,20000,698540000,101885915,37.49
21/08/2019,0,0,35(-1.13 %),0,0,0,0,101899135,37.49
22/08/2019,0,0,35.5(1.43 %),0,0,0,0,101899135,37.49
23/08/2019,20200,705320000,34.2(-3.66 %),20200,705320000,0,0,101890415,37.49
26/08/2019,1000,32350000,33.55(-1.90 %),11000,367350000,10000,335000000,101879415,37.5
27/08/2019,-18510,-605280000,32.7(-2.53 %),0,0,18510,605280000,101879415,37.5
28/08/2019,0,0,32.4(-0.92 %),0,0,0,0,101896445,37.49
29/08/2019,6000,195580000,32.8(1.23 %),6000,195580000,0,0,101890445,37.49
30/08/2019,0,0,32.8(0.00 %),0,0,0,0,101901925,37.48
03/09/2019,0,0,31.25(-4.73 %),0,0,0,0,101901925,37.48
04/09/2019,-71080,-2243930000,32(2.40 %),5000,157500000,76080,2401430000,101896925,37.49
05/09/2019,-81300,-2593830000,31.9(-0.31 %),0,0,81300,2593830000,101896925,37.49
06/09/2019,30000,954000000,32.3(1.25 %),597864,19012080000,567864,18058080000,101866925,37.5
09/09/2019,0,0,31.8(-1.55 %),0,0,0,0,102024305,37.41
10/09/2019,17750,566590000,31.9(0.31 %),17750,566590000,0,0,102006555,37.42
11/09/2019,36840,1175224000,32.4(1.57 %),37340,1191174000,500,15950000,101969715,37.44
12/09/2019,6600,210940000,32.3(-0.31 %),6600,210940000,0,0,101963115,37.45
13/09/2019,6540,212080000,32.8(1.55 %),11640,378240000,5100,166160000,101950975,37.45
16/09/2019,2570,85031500,33.3(1.52 %),2570,85031500,0,0,101954005,37.45
17/09/2019,2470,81760000,33.45(0.45 %),2470,81760000,0,0,101946435,37.46
18/09/2019,0,0,33.1(-1.05 %),0,0,0,0,103060645,37.31
19/09/2019,22900,766982000,34.5(4.23 %),23800,797372000,900,30390000,101928635,38.33
20/09/2019,34440,1204102000,35(1.45 %),35440,1239082000,1000,34980000,101894195,38.02
23/09/2019,795440,28227290000,35.4(1.14 %),795440,28227290000,0,0,102205965,37.83
24/09/2019,7000,246900000,35.35(-0.14 %),7000,246900000,0,0,102199865,37.83
25/09/2019,399800,14058880000,35.8(1.27 %),400000,14066000000,200,7120000,101800865,38.08
26/09/2019,404860,14539183000,35.8(0.00 %),806000,28945072000,401140,14405889000,100287095,39.0
27/09/2019,0,0,35(-2.23 %),0,0,0,0,101394865,38.32
30/09/2019,-2870,-100900000,34.25(-2.14 %),0,0,2870,100900000,101395065,38.32
01/10/2019,-5000,-171500000,35(2.19 %),0,0,5000,171500000,101396205,38.32
02/10/2019,-38700,-1359700000,36(2.86 %),0,0,38700,1359700000,101434905,38.3
03/10/2019,-6000,-214800000,35.5(-1.39 %),20,720000,6020,215520000,101399055,38.32
04/10/2019,-4990,-177150000,34.6(-2.54 %),0,0,4990,177150000,101404055,38.32
07/10/2019,-3500,-119940000,33.6(-2.89 %),98560,3351050000,102060,3470990000,101442745,38.3
08/10/2019,0,0,34.7(3.27 %),381700,12977800000,381700,12977800000,101449395,38.29
09/10/2019,0,0,34.3(-1.15 %),0,0,0,0,101453755,38.29
10/10/2019,3000,103200000,34.3(0.00 %),3000,103200000,0,0,101454265,38.29
11/10/2019,0,0,34.8(1.46 %),0,0,0,0,101454265,38.29
14/10/2019,-140,-4802000,34.8(0.00 %),0,0,140,4802000,101446535,38.29
15/10/2019,0,0,34.9(0.29 %),0,0,0,0,101454265,38.29
16/10/2019,-4700,-164740000,35(0.29 %),0,0,4700,164740000,101454265,38.29
17/10/2019,0,0,35.1(0.29 %),0,0,0,0,101454405,38.29
18/10/2019,0,0,34.5(-1.71 %),0,0,0,0,101454405,38.29
21/10/2019,-7480,-255060000,34.3(-0.58 %),20,690000,7500,255750000,101459085,38.29
22/10/2019,0,0,34.4(0.29 %),0,0,0,0,101459085,38.29
23/10/2019,-28480,-982764500,34.8(1.16 %),0,0,28480,982764500,101487195,38.27
24/10/2019,2000,70000000,35(0.57 %),2000,70000000,0,0,101485195,38.27
25/10/2019,-36030,-1244320000,34.9(-0.29 %),0,0,36030,1244320000,101521225,38.25
28/10/2019,-20,-684000,34.8(-0.29 %),0,0,20,684000,101521245,38.25
29/10/2019,0,0,34.2(-1.72 %),0,0,0,0,101521245,38.25
30/10/2019,0,0,35(2.34 %),0,0,0,0,101529095,38.24
31/10/2019,5000,174500000,35(0.00 %),5000,174500000,0,0,101524115,38.25
01/11/2019,0,0,35(0.00 %),0,0,0,0,101524115,38.25
04/11/2019,-150000,-5189790000,34.5(-1.43 %),70000,2424650000,220000,7614440000,101454115,38.29
05/11/2019,-96780,-3338440000,34.9(1.16 %),3220,111570000,100000,3450010000,101450895,38.29
06/11/2019,-12360,-426420000,34.5(-1.15 %),50000,1725700000,62360,2152120000,101783255,38.09
07/11/2019,-179560,-6130980000,34.05(-1.30 %),3750,127500000,183310,6258480000,101617145,38.19
08/11/2019,-93200,-3205820000,34.25(0.59 %),7000,242350000,100200,3448170000,101710145,38.13
11/11/2019,-84600,-2885891000,34(-0.73 %),15400,526863500,100000,3412754500,102140615,37.87
12/11/2019,-99460,-3386490000,34.05(0.15 %),200000,6800000000,299460,10186490000,101940415,37.99
13/11/2019,-45300,-1540650000,33.95(-0.29 %),2300,78200000,47600,1618850000,102038315,37.93
14/11/2019,-4020,-136340000,34(0.15 %),35300,1201600000,39320,1337940000,102103015,37.89
15/11/2019,91200,3099791000,33.55(-1.32 %),106200,3608791000,15000,509000000,102198195,37.84
18/11/2019,4390,147927000,33.95(1.19 %),6620,223182500,2230,75255500,102193805,37.84
19/11/2019,-8140,-276830000,34(0.15 %),5880,199850000,14020,476680000,102201945,37.83
20/11/2019,-26100,-887400000,34(0.00 %),6000,204000000,32100,1091400000,102228045,37.82
21/11/2019,-109625,-3800010000,33.5(-1.47 %),16000,536400000,125625,4336410000,102165925,37.86
22/11/2019,-68550,-2299800000,33.4(-0.30 %),245000,8205070000,313550,10504870000,102014945,37.95
25/11/2019,-360560,-12019240000,33.1(-0.90 %),56000,1875560000,416560,13894800000,101991045,37.96
26/11/2019,-11820,-391760000,33.1(0.00 %),288110,9621150000,299930,10012910000,102028560,37.94
27/11/2019,-97060,-3230564500,33(-0.30 %),47330,1578304000,144390,4808868500,102875660,37.42
28/11/2019,-8070,-267260000,33.4(1.21 %),1920,63870000,9990,331130000,102629420,37.57
29/11/2019,-74960,-2497014500,33.7(0.90 %),301330,10044373500,376290,12541388000,102958690,37.37
02/12/2019,0,0,33.4(-0.89 %),0,0,0,0,102572410,37.61
03/12/2019,580,19260000,33.2(-0.60 %),580,19260000,0,0,102581820,37.6
04/12/2019,-7550,4630557500,33.35(0.45 %),150000,9832350000,157550,5201792500,102579380,37.6
05/12/2019,-1010,-33130000,32.6(-2.25 %),0,0,1010,33130000,102958110,37.37
06/12/2019,-40640,-1312672000,31.5(-3.37 %),0,0,40640,1312672000,102621030,37.58
09/12/2019,-2440,-79290000,32.45(3.02 %),0,0,2440,79290000,102965660,37.37
10/12/2019,-128100,-4062711500,31.8(-2.00 %),0,0,128100,4062711500,102751570,37.5
11/12/2019,-5810,-183640000,31.5(-0.94 %),0,0,5810,183640000,103007310,37.34
12/12/2019,-26080,-821940000,31.9(1.27 %),0,0,26080,821940000,103009750,37.34
13/12/2019,-19420,-611960000,31.7(-0.63 %),0,0,19420,611960000,103137850,37.26
16/12/2019,-38870,-1219620000,31.4(-0.95 %),0,0,38870,1219620000,103143660,37.26
17/12/2019,-42720,-1325950000,30.85(-1.75 %),0,0,42720,1325950000,103169740,37.24
18/12/2019,-21410,-635960000,29.5(-4.38 %),0,0,21410,635960000,103189160,37.23
19/12/2019,-6770,-203110000,30(1.69 %),0,0,6770,203110000,103228030,37.21
20/12/2019,-98090,-2942700000,30(0.00 %),39310,1179300000,137400,4122000000,103010740,37.34
23/12/2019,-15930,-469940000,29.5(-1.67 %),0,0,15930,469940000,103252850,37.19
24/12/2019,-26830,-790720000,29.5(0.00 %),0,0,26830,790720000,103259620,37.19
25/12/2019,-40000,-1180000000,29.8(1.02 %),0,0,40000,1180000000,103397020,37.11
26/12/2019,-4540,-133990000,29.5(-1.01 %),500,14700000,5040,148690000,103412450,37.1
27/12/2019,-10000,-295000000,29.8(1.02 %),0,0,10000,295000000,103439280,37.08
30/12/2019,-26830,-790715000,29.5(-1.01 %),0,0,26830,790715000,103134870,37.27
31/12/2019,-510010,-14795300000,29.5(0.00 %),0,0,510010,14795300000,103484320,37.05
02/01/2020,-7040,-204160000,29(-1.69 %),0,0,7040,204160000,103494320,37.05
03/01/2020,-702040,-20008810000,29(0.00 %),0,0,702040,20008810000,104196360,36.62
06/01/2020,-2040,-59160000,28.6(-1.38 %),0,0,2040,59160000,104198400,36.62
07/01/2020,-15500,-443550000,28.6(0.00 %),784500,22358310000,800000,22801860000,104023810,36.73
08/01/2020,200,5640000,28.6(0.00 %),200,5640000,0,0,104725650,36.3
09/01/2020,-391837,-10972330000,28.9(1.05 %),0,0,391837,10972330000,104727690,36.3
10/01/2020,0,0,28.8(-0.35 %),5000,143000000,5000,143000000,104738390,36.29
13/01/2020,0,0,29(0.69 %),10000,290000000,10000,290000000,104728390,36.3
14/01/2020,8270,239554000,29(0.00 %),58110,1681914000,49840,1442360000,104597267,36.38
15/01/2020,-1000,-29000000,29(0.00 %),30,870000,1030,29870000,105067087,36.09
16/01/2020,-940,-23800000,28.5(-1.72 %),362560,10336950000,363500,10360750000,105064527,36.09
17/01/2020,-2400,-67020000,28.8(1.05 %),523500,15171140000,525900,15238160000,105090867,36.08
20/01/2020,-5090,-147610000,28.55(-0.87 %),200000,5755000000,205090,5902610000,105091897,36.08
21/01/2020,-47850,-1367270000,28.9(1.23 %),200,5720000,48050,1372990000,105105201,36.07
22/01/2020,-39990,-1144310000,28.6(-1.04 %),10,290000,40000,1144600000,105131091,36.05
30/01/2020,-37090,-1028630000,27(-5.59 %),31500,864100000,68590,1892730000,105182281,36.02
31/01/2020,1400,35294000,26.8(-0.74 %),16580,445244000,15180,409950000,105180881,36.02
03/02/2020,33970,875484500,26.8(0.00 %),33970,875484500,0,0,105176151,36.02
04/02/2020,0,0,26.8(0.00 %),1000,26000000,1000,26000000,105209771,36.0
05/02/2020,14390,383493500,26.65(-0.56 %),1019500,26519675000,1005110,26136181500,105161761,36.03
06/02/2020,-620890,-16127320000,26.8(0.56 %),17900,481220000,638790,16608540000,105187551,36.02
07/02/2020,18480,474880000,26.5(-1.12 %),18550,476730000,70,1850000,105170001,36.03
10/02/2020,6300,166980000,26.4(-0.38 %),6300,166980000,0,0,105757871,35.67
11/02/2020,5480,145520000,26.5(0.38 %),6500,172050000,1020,26530000,105801101,35.64
12/02/2020,-2780,-74180000,27.35(3.21 %),4000,107590000,6780,181770000,105797171,35.65
13/02/2020,6600,180300000,27.65(1.10 %),9850,269230000,3250,88930000,105787321,35.65
14/02/2020,1040,29465000,28.15(1.81 %),17330,488021000,16290,458556000,105747531,35.68
17/02/2020,8800,245850000,28(-0.53 %),8800,245850000,0,0,105768991,35.66
18/02/2020,3250,91000000,28.3(1.07 %),10250,287000000,7000,196000000,105761991,35.67
19/02/2020,-10,-283000,28.1(-0.71 %),0,0,10,283000,105735491,35.68
20/02/2020,-1250,-34750000,28(-0.36 %),1000,27760000,2250,62510000,105777281,35.66
21/02/2020,-96150,-2692390000,28(0.00 %),17890,499940000,114040,3192330000,105766391,35.67
24/02/2020,-5230,-141765000,27.2(-2.86 %),30,814500,5260,142579500,105838121,35.62
25/02/2020,-110520,-2889300000,27.5(1.10 %),0,0,110520,2889300000,105948641,35.55
26/02/2020,20,480000,26.5(-3.64 %),60,1560000,40,1080000,105882601,35.59
27/02/2020,-710220,-18465720000,26.9(1.51 %),0,0,710220,18465720000,106658841,35.12
28/02/2020,2000,52000000,26(-3.35 %),2000,52000000,0,0,106656841,35.12
02/03/2020,-22500,-582250000,26(0.00 %),9200,242100000,31700,824350000,105987225,35.53
03/03/2020,-11000,-285693000,26(0.00 %),5000,130500000,16000,416193000,105998225,35.52
04/03/2020,10,264000,26(0.00 %),10,264000,0,0,105998215,35.52
05/03/2020,244660,6485024000,26.4(1.54 %),263400,6979760000,18740,494736000,105753555,35.67
06/03/2020,20,524000,26.6(0.76 %),20,524000,0,0,105753535,35.67
09/03/2020,0,0,25.5(-4.14 %),0,0,0,0,106476715,35.23
10/03/2020,-27670,-710053000,25.5(0.00 %),122330,3105601000,150000,3815654000,105781205,35.66
11/03/2020,-18560,-450270000,23.9(-6.27 %),9080,218100000,27640,668370000,106364045,35.3
12/03/2020,-4420,-98350000,22.25(-6.90 %),0,0,4420,98350000,106364045,35.3
13/03/2020,-2390,-49570000,20.7(-6.97 %),100,2190000,2490,51760000,106513945,35.21
16/03/2020,-28330,-551093000,19.3(-6.76 %),0,0,28330,551093000,105834905,35.62
17/03/2020,400,7720000,19.3(0.00 %),40070,744751000,39670,737031000,105834505,35.62
18/03/2020,-5660,-107653000,18.9(-2.07 %),1100,20790000,6760,128443000,105840165,35.62
19/03/2020,-10090,-187410000,18.7(-1.06 %),2400,44220000,12490,231630000,106555255,35.19
20/03/2020,-18010,-329410500,18.15(-2.94 %),15000,272500000,33010,601910500,105863835,35.61
23/03/2020,-46300,-785902000,16.9(-6.89 %),2000,33800000,48300,819702000,105910135,35.58
24/03/2020,-26610,-429630000,16(-5.33 %),13850,225320000,40460,654950000,106571325,35.18
25/03/2020,-60180,7125611000,16.05(0.31 %),500000,16091500000,560180,8965889000,105996925,35.52
26/03/2020,-18060,-288340000,15.9(-0.93 %),20000,318000000,38060,606340000,106632635,35.14
27/03/2020,600,8960000,15.9(0.00 %),1290,20000000,690,11040000,106671805,35.11
30/03/2020,12650,187880000,14.8(-6.92 %),15000,223250000,2350,35370000,106716985,35.09
31/03/2020,-12650,-188322000,14.2(-4.05 %),0,0,12650,188322000,106014385,35.51
01/04/2020,-135700,-1963914500,14.5(2.11 %),4000,57700000,139700,2021614500,106755735,35.06
03/04/2020,-192450,-2892903000,15(3.45 %),2150,32850000,194600,2925753000,106948185,34.95
06/04/2020,-92900,-1446490000,15.85(5.67 %),0,0,92900,1446490000,107041085,34.89
07/04/2020,5000,78500000,15.7(-0.95 %),10000,157000000,5000,78500000,107036085,34.89
08/04/2020,-96200,-1479680000,15.4(-1.91 %),3800,58520000,100000,1538200000,107132285,34.83
09/04/2020,-276140,-4542503000,16.45(6.82 %),1300225,21038701250,1576365,25581204250,107408425,34.67
10/04/2020,-379080,-6672809000,17.6(6.99 %),20920,367191000,400000,7040000000,107787505,34.44
13/04/2020,-45500,-829574000,18(2.27 %),2000,36000000,47500,865574000,107833005,34.41
14/04/2020,-70660,-1236580000,17.5(-2.78 %),1000,17700000,71660,1254280000,107903665,34.37
15/04/2020,-456960,-8500534500,18.3(4.57 %),0,0,456960,8500534500,108360625,34.09
16/04/2020,-98820,-1846934500,18.7(2.19 %),3200,60460000,102020,1907394500,108459445,34.03
17/04/2020,-192600,-3698611000,19.8(5.88 %),0,0,192600,3698611000,108652045,33.91
20/04/2020,204280,3879450000,19.1(-3.54 %),206570,3924820000,2290,45370000,108301561,34.12
21/04/2020,41900,783980000,17.8(-6.81 %),154290,2811730000,112390,2027750000,108249291,34.15
22/04/2020,-21300,-361967500,18.3(2.81 %),110000,1992274500,131300,2354242000,108427165,34.05
23/04/2020,-90240,-1686180000,18.8(2.73 %),212200,3988730000,302440,5674910000,108121981,34.23
24/04/2020,-146500,-2699930000,18.4(-2.13 %),179300,3306740000,325800,6006670000,108055071,34.27
27/04/2020,-38560,-691404000,17.65(-4.08 %),4810,85184000,43370,776588000,108702465,33.88
28/04/2020,-141450,-2485290000,17.7(0.28 %),48580,848280000,190030,3333570000,108435421,34.04
29/04/2020,-96220,-1686240000,17.6(-0.56 %),3780,66260000,100000,1752500000,108757441,33.85
04/05/2020,52090,946590000,17.75(0.85 %),186910,3401140000,134820,2454550000,108613901,33.93
05/05/2020,50640,934877000,18.5(4.23 %),146840,2682933000,96200,1748056000,108750171,33.85
06/05/2020,-17530,-324100000,18.4(-0.54 %),29830,550930000,47360,875030000,108727266,33.86
07/05/2020,-94600,-1772220000,19(3.26 %),30400,566790000,125000,2339010000,108831686,33.8
08/05/2020,-119060,-2416329500,19.65(3.42 %),6510,128841500,125570,2545171000,108981361,33.71
11/05/2020,-4283440,-88593198880,21(6.87 %),31660,662548820,4315100,89255747700,113264801,31.1
12/05/2020,-533790,-11893429000,22.45(6.90 %),16500,370111500,550290,12263540500,113798591,30.78
13/05/2020,-318900,-6961067500,21.8(-2.90 %),33070,726354000,351970,7687421500,114117491,30.59
14/05/2020,-443590,-10158523000,22.7(4.13 %),6440,138230000,450030,10296753000,114561081,30.32
15/05/2020,-18940,-439490000,23.05(1.54 %),0,0,18940,439490000,113997026,30.66
18/05/2020,-194570,-4634980000,24(4.12 %),21610,501620000,216180,5136600000,114327386,30.46
19/05/2020,-8590,-189160000,24.5(2.08 %),85680,2089290000,94270,2278450000,114691736,30.24
20/05/2020,-101090,-2425080000,24.05(-1.84 %),35910,863470000,137000,3288550000,114674766,30.25
21/05/2020,-139870,-3306760000,23.3(-3.12 %),36910,870790000,176780,4177550000,114854038,30.14
22/05/2020,-292640,-6814720000,23.2(-0.43 %),32640,760540000,325280,7575260000,114915668,30.1
25/05/2020,-305230,-7054522500,23.4(0.86 %),15310,356764000,320540,7411286500,115622011,29.67
26/05/2020,-336790,-8086360000,24(2.56 %),1520,36820000,338310,8123180000,115212618,29.92
27/05/2020,5040,123540000,23(-4.17 %),16200,391680000,11160,268140000,115521698,29.73
28/05/2020,-368680,-8501790000,23.35(1.52 %),31480,730580000,400160,9232370000,115810758,29.56
29/05/2020,-516460,-11777580000,22.8(-2.36 %),35240,809020000,551700,12586600000,116113828,29.37
01/06/2020,16360,379540000,23.55(3.29 %),16360,379540000,0,0,116108634,29.37
02/06/2020,-207130,-4988012500,23.8(1.06 %),21340,517893000,228470,5505905500,116332124,29.24
03/06/2020,-117820,-2773730000,23.65(-0.63 %),1490,35540000,119310,2809270000,117037664,28.81
04/06/2020,-362120,-9094921000,25.2(6.55 %),56830,1423414000,418950,10518335000,116812064,28.95
05/06/2020,-124150,-3110130000,25.2(0.00 %),4780,119940000,128930,3230070000,117204524,28.71
08/06/2020,-134360,-3451350000,25.6(1.59 %),22260,572320000,156620,4023670000,117301574,28.65
09/06/2020,-13510,-334980000,24.85(-2.93 %),11790,297780000,25300,632760000,117708734,28.4
10/06/2020,297170,7348047000,25.25(1.61 %),326220,8064632500,29050,716585500,116649254,29.05
11/06/2020,-309280,-7589350000,23.5(-6.93 %),5500,134800000,314780,7724150000,117662564,28.43
12/06/2020,129280,2924814500,23.1(-1.70 %),181200,4074781500,51920,1149967000,116829254,28.94
15/06/2020,23460,468640000,21.5(-6.93 %),102590,2222004000,79130,1753364000,116805794,28.95
16/06/2020,-34860,-776614000,22.25(3.49 %),541160,12012522000,576020,12789136000,116840654,28.93
17/06/2020,-133510,-2941550000,22.2(-0.22 %),300,6680000,133810,2948230000,117716364,28.4
18/06/2020,-117810,-2555870000,21.85(-1.58 %),86700,1908130000,204510,4464000000,117708794,28.4
19/06/2020,-186560,-4139790000,22.8(4.35 %),13440,302560000,200000,4442350000,117813374,28.34
22/06/2020,-34630,-798481000,22.9(0.44 %),0,0,34630,798481000,117313164,28.64
23/06/2020,-88570,-2104750000,23.85(4.15 %),18350,438730000,106920,2543480000,118133344,28.14
24/06/2020,-35130,-827752500,23(-3.56 %),16000,381300000,51130,1209052500,117436864,28.57
25/06/2020,-3310,-74391000,22.85(-0.65 %),3000,68100000,6310,142491000,117440174,28.56
26/06/2020,-119900,-2713100000,22.45(-1.75 %),22300,499590000,142200,3212690000,118433594,27.96
29/06/2020,-119900,-2713104000,21(-6.46 %),22300,499587500,142200,3212691500,117679974,28.42
30/06/2020,-119900,-2713104000,20.5(-2.38 %),22300,499587500,142200,3212691500,117799874,28.35
01/07/2020,32860,701893500,21.9(6.83 %),32860,701893500,0,0,118624234,27.84
02/07/2020,-3000,-66810000,22.2(1.37 %),0,0,3000,66810000,118623754,27.84
03/07/2020,-31410,-694030000,22.35(0.68 %),1400201,31224650000,1431611,31918680000,118879484,27.69
06/07/2020,-30000,-684300000,22.85(2.24 %),0,0,30000,684300000,118879484,27.69
07/07/2020,-28160,-654910000,22.9(0.22 %),220,5140000,28380,660050000,118882264,27.69
08/07/2020,-41830,-970958500,23.7(3.49 %),18170,422441500,60000,1393400000,118758634,27.76
09/07/2020,-147530,-3546120000,24.15(1.90 %),905950,21923410000,1053480,25469530000,118968814,27.63
10/07/2020,-307680,-7680151500,24.8(2.69 %),1270,32194500,308950,7712346000,119213844,27.49
13/07/2020,199430,4930305500,24.75(-0.20 %),211100,5219840000,11670,289534500,119014414,27.61
14/07/2020,2730,67042000,25.05(1.21 %),6150,150794000,3420,83752000,119011684,27.61
15/07/2020,80200,2001490000,24.9(-0.60 %),105700,2639000000,25500,637510000,119193374,27.5
16/07/2020,-1460,-34328000,23.35(-6.22 %),10,234500,1470,34562500,118932944,27.66
17/07/2020,-4590,-106472000,23.15(-0.86 %),0,0,4590,106472000,118937534,27.65
20/07/2020,123960,2886018500,23.35(0.86 %),143960,3351181500,20000,465163000,118813574,27.73
21/07/2020,69000,1603614000,23.2(-0.64 %),119000,2758774000,50000,1155160000,118744574,27.77
22/07/2020,69350,1562742500,22.6(-2.59 %),137000,3113702000,67650,1550959500,118675224,27.81
23/07/2020,133010,2990195500,22.5(-0.44 %),191000,4273501000,57990,1283305500,118542214,27.89
24/07/2020,625510,13366456000,21.5(-4.44 %),626660,13391243500,1150,24787500,117916704,28.27
27/07/2020,920670,18436321000,20(-6.98 %),920670,18436321000,0,0,116996034,28.83
28/07/2020,165990,3411700000,21(5.00 %),171290,3520350000,5300,108650000,117126074,28.76
29/07/2020,452730,9135748500,20.45(-2.62 %),480530,9699923500,27800,564175000,116377314,29.21
30/07/2020,452730,9135748500,20.45(0.00 %),480530,9699923500,27800,564175000,115924584,29.49
31/07/2020,-7240,-148008000,20.05(-1.96 %),7010,140553500,14250,288561500,115931824,29.48
03/08/2020,19820,414500500,20.95(4.49 %),24620,512180500,4800,97680000,116592924,29.08
04/08/2020,-28150,-601495500,21.4(2.15 %),10,212500,28160,601708000,116621074,29.06
05/08/2020,-51540,-1108441000,21.55(0.70 %),6140,133010000,57680,1241451000,116672614,29.03
06/08/2020,-72440,-1551090000,21.35(-0.93 %),3910,84240000,76350,1635330000,116599324,29.08
07/08/2020,-980,-20874000,21.4(0.23 %),0,0,980,20874000,116746034,28.99
10/08/2020,-101140,-2175540000,21.4(0.00 %),5950,128450000,107090,2303990000,116679214,29.03
11/08/2020,-57947,-1281320000,22(2.80 %),12110,263440000,70057,1544760000,116743454,28.99
12/08/2020,-16520,-364410000,22.3(1.36 %),2030,44980000,18550,409390000,116742404,28.99
13/08/2020,-5300,-117930000,22.4(0.45 %),0,0,5300,117930000,116849494,28.92
14/08/2020,-7420,-163211500,22.05(-1.56 %),2000,44950000,9420,208161500,116934361,28.87
17/08/2020,-4030,-88390500,21.7(-1.59 %),1500,32500000,5530,120890500,116938391,28.87
18/08/2020,-38490,-824754000,21.6(-0.46 %),9510,206714000,48000,1031468000,116976881,28.85
19/08/2020,132120,2913014000,22.25(3.01 %),138620,3054901500,6500,141887500,116844761,28.93
20/08/2020,199640,4429500000,22.15(-0.45 %),209200,4641460000,9560,211960000,116597521,29.08
21/08/2020,-2880,-125540000,23.1(4.29 %),101950,2291030000,104830,2416570000,116543571,29.11
24/08/2020,-159490,-3751331000,23.6(2.16 %),13090,308781500,172580,4060112500,116807491,28.95
25/08/2020,-106940,-2523141500,23.3(-1.27 %),0,0,106940,2523141500,116914431,28.88
26/08/2020,-257720,-6169535000,24.35(4.51 %),23870,564722000,281590,6734257000,117172151,28.73
27/08/2020,-68770,-1800980000,26.05(6.98 %),285710,7077940000,354480,8878920000,116514371,29.13
28/08/2020,-17750,-459453000,25.5(-2.11 %),2430,63281500,20180,522734500,117258671,28.67
31/08/2020,-96810,-2435160000,25.2(-1.18 %),17720,459930000,114530,2895090000,116882751,28.9
01/09/2020,47030,1212824000,25.95(2.98 %),47030,1212824000,0,0,117237231,28.69
03/09/2020,95280,2531186500,26.7(2.89 %),98180,2606744500,2900,75558000,117141951,28.75
04/09/2020,144400,3790767000,27.8(4.12 %),170900,4528601500,26500,737834500,116997551,28.83
07/09/2020,-152190,-4236940000,26.5(-4.68 %),4600,125930000,156790,4362870000,117051231,28.8
08/09/2020,-189850,-5137883500,27.4(3.40 %),335830,9078612000,525680,14216495500,117339591,28.63
09/09/2020,-348490,-9681170000,28.05(2.37 %),58010,1589280000,406500,11270450000,116766921,28.97
10/09/2020,-142630,-3995110000,27.8(-0.89 %),67050,1877530000,209680,5872640000,116856661,28.92
11/09/2020,191960,5331390000,27.8(0.00 %),220850,6139890000,28890,808500000,117081621,28.78
14/09/2020,74400,2077070000,28(0.72 %),221510,6197090000,147110,4120020000,117266611,28.67
15/09/2020,-91440,-2571899500,28.2(0.71 %),61640,1757413000,153080,4329312500,117655791,28.43
16/09/2020,122820,3487352000,28.65(1.60 %),128990,3661231000,6170,173879000,117532971,28.51
17/09/2020,26950,750350000,28.4(-0.87 %),51000,1426850000,24050,676500000,117410661,28.58
18/09/2020,30670,886140000,29.3(3.17 %),34760,1004110000,4090,117970000,117528981,28.51
21/09/2020,290010,8575089000,29.6(1.02 %),303940,8986251000,13930,411162000,117185341,28.72
22/09/2020,62370,1827630000,29.4(-0.68 %),100000,2928020000,37630,1100390000,117155261,28.74
23/09/2020,115910,3412780000,29.3(-0.34 %),145460,4280070000,29550,867290000,117014541,28.82
24/09/2020,29800,868440000,28.3(-3.41 %),50000,1449500000,20200,581060000,117923861,28.79
25/09/2020,-158730,-4473460000,28.3(0.00 %),50000,1399770000,208730,5873230000,117911491,28.8
28/09/2020,-242980,-6919490000,28.8(1.77 %),77420,2197600000,320400,9117090000,117863621,28.83
29/09/2020,80590,2332850000,28.6(-0.69 %),81260,2352400000,670,19550000,117802561,28.86
30/09/2020,-21700,-614841500,28.8(0.70 %),6970,200060000,28670,814901500,117320081,29.15
01/10/2020,-450390,-13879640000,30.8(6.94 %),12910,386260000,463300,14265900000,118311811,28.56
02/10/2020,-46300,-1439680000,31.5(2.27 %),16530,510090000,62830,1949770000,118295951,28.57
05/10/2020,-145610,-4710430000,32.2(2.22 %),102760,3324610000,248370,8035040000,118221861,28.61
06/10/2020,-123920,-3964510000,32(-0.62 %),980,31410000,124900,3995920000,118684189,28.33
07/10/2020,-190750,-6161560000,31.65(-1.09 %),2640,85520000,193390,6247080000,118744379,28.29
08/10/2020,-75270,-2490604000,32.5(2.69 %),105600,3380551000,180870,5871155000,118906571,28.2
09/10/2020,-477965,-15941009000,34(4.62 %),30290,1014183000,508255,16955192000,119384536,27.91
12/10/2020,131630,4568283000,35(2.94 %),221760,7692184000,90130,3123901000,119252906,27.99
13/10/2020,-131530,-4598462000,34.3(-2.00 %),0,0,131530,4598462000,119384436,27.91
14/10/2020,-361390,-12900886500,36.6(6.71 %),5480,188133000,366870,13089019500,119745826,27.69
15/10/2020,-230260,-8912780000,39.15(6.97 %),78800,3066790000,309060,11979570000,119648364,27.75
16/10/2020,-212910,-8728750000,40.3(2.94 %),19990,807980000,232900,9536730000,119759904,27.68
19/10/2020,-557010,-21955570000,38.5(-4.47 %),530,21200000,557540,21976770000,120126244,27.46
20/10/2020,-3790,-149966500,40(3.90 %),17070,671821500,20860,821788000,120749796,27.08
21/10/2020,112060,4236810000,37.2(-7.00 %),112760,4263450000,700,26640000,120538374,27.21
22/10/2020,-10450,-351130000,38.5(3.49 %),49500,1826280000,59950,2177410000,121046414,26.9
23/10/2020,-11210,-432770000,38.35(-0.39 %),3500,134860000,14710,567630000,121063774,26.89
26/10/2020,48560,1733777500,35.8(-6.65 %),59380,2141394500,10820,407617000,120610836,27.17
27/10/2020,-77890,-2733790000,34.65(-3.21 %),455580,16225910000,533470,18959700000,120892154,27.0
28/10/2020,210070,7334090000,34.65(0.00 %),213250,7445310000,3180,111220000,120693354,27.12
29/10/2020,-15510,-568595500,35.8(3.32 %),37090,1327444500,52600,1896040000,120494166,27.24
30/10/2020,33100,1212530000,36.9(3.07 %),76380,2785610000,43280,1573080000,120841484,27.03
02/11/2020,-134750,-5129762000,38.5(4.34 %),800,30640000,135550,5160402000,120844664,27.03
03/11/2020,-79490,-3045683500,38.05(-1.17 %),0,0,79490,3045683500,120924154,26.98
04/11/2020,-73240,-2861110500,38.9(2.23 %),15800,610390000,89040,3471500500,120997394,26.93
05/11/2020,-60350,-2355380000,38.9(0.00 %),4150,161450000,64500,2516830000,121055344,26.9
06/11/2020,-114570,-4434520000,38.6(-0.77 %),0,0,114570,4434520000,121134834,26.85
09/11/2020,4600,177493000,38.6(0.00 %),4600,177493000,0,0,121167714,26.83
10/11/2020,-616890,-25252310000,40.5(4.92 %),47670,1956930000,664560,27209240000,121236104,26.79
11/11/2020,-57080,-2346647000,41.4(2.22 %),26320,1092603000,83400,3439250000,121841684,26.42
12/11/2020,-293942,-12306402000,42.5(2.66 %),5100,217290500,299042,12523692500,122135626,26.25
13/11/2020,25040,1061280000,42.1(-0.94 %),65120,2745370000,40080,1684090000,121918694,26.38
16/11/2020,24280,1027470000,42.3(0.48 %),44450,1888350000,20170,860880000,121957644,26.35
17/11/2020,-10020,-424090000,42.9(1.42 %),10880,465680000,20900,889770000,122245806,26.18
18/11/2020,1740,78283000,43.05(0.35 %),10800,466624500,9060,388341500,122094586,26.27
19/11/2020,-8280,-389891000,40.8(-5.23 %),53050,2171253000,61330,2561144000,122102866,26.27
20/11/2020,19590,806034500,40.7(-0.25 %),21390,879474500,1800,73440000,122083276,26.28
23/11/2020,32880,1360843000,41.15(1.11 %),32880,1360843000,0,0,122050396,26.3
24/11/2020,41520,1731840500,42(2.07 %),45910,1912482500,4390,180642000,122008876,26.32
25/11/2020,-17190,-720920000,41.7(-0.71 %),0,0,17190,720920000,122235116,26.19
26/11/2020,-14520,-603950000,41.7(0.00 %),150,6250000,14670,610200000,122234966,26.19
27/11/2020,67080,2857100000,42.7(2.40 %),67080,2857100000,0,0,122172276,26.22
30/11/2020,-119240,-5019600000,41.7(-2.34 %),37890,1604740000,157130,6624340000,122151576,26.24
01/12/2020,47120,1982178000,42.3(1.44 %),47200,1985542000,80,3364000,122166246,26.23
02/12/2020,-109090,-4878080000,44.15(4.37 %),34430,1505520000,143520,6383600000,122084756,26.28
03/12/2020,-24380,-1077720000,44.2(0.11 %),4230,188270000,28610,1265990000,122237656,26.18
04/12/2020,74530,3280340000,43.65(-1.24 %),121190,5328560000,46660,2048220000,122116546,26.26
07/12/2020,7560,330440000,43.8(0.34 %),7560,330440000,0,0,122252506,26.18
08/12/2020,47610,2106038000,44.7(2.05 %),49680,2196862000,2070,90824000,122170016,26.23
09/12/2020,-272020,-12127610000,43.95(-1.68 %),8030,359260000,280050,12486870000,122270066,26.17
10/12/2020,-463080,-20304730000,43(-2.16 %),17000,747930000,480080,21052660000,122253066,26.18
11/12/2020,53450,2318904500,43.6(1.40 %),62000,2688560500,8550,369656000,122851666,25.81
14/12/2020,169390,7684510000,45.5(4.36 %),176020,7980180000,6630,295670000,122297166,26.15
15/12/2020,-19120,-855858500,44.7(-1.76 %),29150,1331802500,48270,2187661000,122701396,25.9
16/12/2020,-35860,-1605790000,44.85(0.34 %),6140,274770000,42000,1880560000,122750506,25.88
17/12/2020,-277960,-12419460000,43.9(-2.12 %),10900,489100000,288860,12908560000,122746236,25.88
18/12/2020,74230,3264335000,46.95(6.95 %),300340,13826964000,226110,10562629000,122940986,25.76
21/12/2020,480970,23774450000,50.2(6.92 %),685150,34020380000,204180,10245930000,121851016,26.42
22/12/2020,458880,23311970000,51.9(3.39 %),502990,25546970000,44110,2235000000,121636886,26.55
23/12/2020,410730,20939800000,50.4(-2.89 %),410730,20939800000,0,0,121452266,26.66
24/12/2020,1031520,50667832500,51.3(1.79 %),1076060,52861944000,44540,2194111500,120558886,27.2
25/12/2020,-98240,-5090790000,52.7(2.73 %),23320,1239030000,121560,6329820000,120601176,27.17
28/12/2020,671900,36928338000,54(2.47 %),746290,41036302000,74390,4107964000,119985226,27.55
29/12/2020,722250,39553526000,54.8(1.48 %),740760,40556864000,18510,1003338000,119262976,27.98
30/12/2020,542350,29986107840,55.8(1.82 %),572350,31652187840,30000,1666080000,118720626,28.31
31/12/2020,170480,9730863000,58.2(4.30 %),198710,11317072000,28230,1586209000,118537396,28.42
04/01/2021,122500,7373550000,60.3(3.61 %),145200,8748700000,22700,1375150000,118456866,28.47
05/01/2021,243000,15083330000,62.8(4.15 %),378600,23592560000,135600,8509230000,118213866,28.61
06/01/2021,-55100,-3409050000,61(-2.87 %),91000,5728740000,146100,9137790000,118268966,28.58
07/01/2021,-1472100,-88473470000,61.4(0.66 %),20000,1210050000,1492100,89683520000,119741066,27.69
08/01/2021,-44500,-2695550000,60.4(-1.63 %),18500,1148100000,63000,3843650000,119785566,27.67
11/01/2021,-737500,-43582920000,58.4(-3.31 %),11800,696160000,749300,44279080000,120523066,27.22
12/01/2021,139700,8452710000,60.4(3.42 %),172600,10365650000,32900,1912940000,120383366,27.3
13/01/2021,-401000,-23852430000,59(-2.32 %),262900,15712880000,663900,39565310000,120784366,27.06
14/01/2021,-1290400,-77724230000,60.5(2.54 %),232300,14004000000,1522700,91728230000,122074766,26.28
15/01/2021,-611000,-37293680000,62.3(2.98 %),304500,18613110000,915500,55906790000,122685766,25.91
18/01/2021,454100,29360710000,64(2.73 %),710200,45798310000,256100,16437600000,122231666,26.19
19/01/2021,189100,11559330000,60.5(-5.47 %),268300,16361690000,79200,4802360000,122042566,26.3
20/01/2021,85600,5034770000,59.5(-1.65 %),166200,9811560000,80600,4776790000,121956966,26.35
21/01/2021,151000,9088880000,61.2(2.86 %),163500,9824520000,12500,735640000,121805966,13.15
22/01/2021,416900,25525810000,61(-0.33 %),585100,35838940000,168200,10313130000,121389066,26.7
25/01/2021,55200,3376040000,60.3(-1.15 %),259500,15540440000,204300,12164400000,121333866,26.73
26/01/2021,-42100,-2364220000,56.6(-6.14 %),275900,16082890000,318000,18447110000,121375966,26.71
27/01/2021,388400,21061860000,52.7(-6.89 %),396300,21492560000,7900,430700000,120987566,26.94
28/01/2021,317200,15559790000,49.05(-6.93 %),318600,15628460000,1400,68670000,120670366,27.13
29/01/2021,591900,28005700000,49(-0.10 %),600100,28409260000,8200,403560000,120078466,27.49
01/02/2021,620000,30549905000,47.6(-2.86 %),632600,31161650000,12600,611745000,119192920,28.02
02/02/2021,40100,1916195000,48.5(1.89 %),92300,4426450000,52200,2510255000,119476855,27.85
03/02/2021,36900,1830080000,51.8(6.80 %),145800,7336385000,108900,5506305000,119439955,27.87
04/02/2021,-217800,-11484420000,53(2.32 %),220200,11711030000,438000,23195450000,119657755,27.74
05/02/2021,155700,8429400000,54.2(2.26 %),220600,11925000000,64900,3495600000,119502055,27.84
08/02/2021,103800,5509690000,51.4(-5.17 %),232700,12164300000,128900,6654610000,119398255,27.9
09/02/2021,-273300,-13637615000,52.9(2.92 %),357100,18344100000,630400,31981715000,119671555,27.73
17/02/2021,101800,5582510000,55.5(4.91 %),107800,5906910000,6000,324400000,119569755,27.8
18/02/2021,150600,8293670000,55(-0.90 %),191400,10526920000,40800,2233250000,119419155,27.89
19/02/2021,189000,10479650000,55.8(1.45 %),201700,11169460000,12700,689810000,119230155,28.0
22/02/2021,-175900,-9827420000,55(-1.43 %),2400,133250000,178300,9960670000,119406055,27.89
23/02/2021,-123600,-6747460000,55(0.00 %),19400,1063880000,143000,7811340000,119529655,27.82
24/02/2021,-309700,-17028770000,54(-1.82 %),100,5490000,309800,17034260000,119839355,27.63
25/02/2021,-5600,-298210000,54(0.00 %),13600,735300000,19200,1033510000,119844955,27.63
26/02/2021,-37000,-1987810000,53.8(-0.37 %),8600,462060000,45600,2449870000,119881955,27.61
01/03/2021,20600,1134080000,55(2.23 %),31000,1704700000,10400,570620000,119839425,27.63
02/03/2021,-359700,-19700810000,54.5(-0.91 %),1100,60830000,360800,19761640000,120199125,27.42
03/03/2021,-522100,-28571270000,54.5(0.00 %),3000,165310000,525100,28736580000,120721225,27.1
04/03/2021,-238900,-12825000000,53.5(-1.83 %),152100,8265380000,391000,21090380000,120960125,26.96
05/03/2021,-397000,-20736420000,53(-0.93 %),74300,3895100000,471300,24631520000,121357125,26.72
08/03/2021,83700,4493420000,53.6(1.13 %),130300,6987030000,46600,2493610000,121273425,26.77
09/03/2021,59100,3157180000,53.7(0.19 %),67000,3576400000,7900,419220000,121214325,26.8
10/03/2021,68500,3696430000,57.4(6.89 %),74800,4057910000,6300,361480000,121145825,26.84
11/03/2021,-228500,-13384400000,59.2(3.14 %),154400,9131180000,382900,22515580000,121374325,26.71
12/03/2021,135600,7996680000,58.8(-0.68 %),242000,14312290000,106400,6315610000,121238725,26.79
15/03/2021,97100,5897430000,61(3.74 %),255400,15456920000,158300,9559490000,121141625,26.85
16/03/2021,-183300,-11217600000,61.3(0.49 %),25100,1545430000,208400,12763030000,121324925,26.74
17/03/2021,-691200,-42162700000,61(0.00 %),202900,12347460000,894100,54510160000,122016125,26.32
18/03/2021,-110100,-6970660000,64.7(6.07 %),63200,3993070000,173300,10963730000,122126225,26.25
19/03/2021,343500,23158000000,67.4(4.17 %),385500,25971790000,42000,2813790000,121782725,26.46
22/03/2021,-13100,-853970000,66.5(-1.34 %),35700,2394110000,48800,3248080000,121795825,26.45
23/03/2021,-161800,-10592720000,64.9(-2.41 %),22400,1451570000,184200,12044290000,121957625,26.35
24/03/2021,-522900,-32874400000,61.6(-5.08 %),27000,1691490000,549900,34565890000,122480525,26.04
25/03/2021,-320900,-20009550000,60.7(-1.46 %),45100,2814360000,366000,22823910000,122801425,25.84
26/03/2021,79100,4808010000,63.9(5.27 %),124300,7642490000,45200,2834480000,122722325,25.89
29/03/2021,-411600,-26584860000,64.3(0.63 %),198400,12873570000,610000,39458430000,123133925,25.64
30/03/2021,-210100,-13622080000,64.8(0.78 %),0,0,210100,13622080000,123344025,25.52
31/03/2021,-863900,-55276690000,63.9(-1.39 %),42100,2691950000,906000,57968640000,124207925,25.0
01/04/2021,2900,240560000,67.3(5.32 %),27900,1844330000,25000,1603770000,123155925,25.63
02/04/2021,10400,715190000,66.3(-1.49 %),34600,2344000000,24200,1628810000,123145525,25.64
05/04/2021,-119200,-7445490000,66.8(0.75 %),9800,661390000,129000,8106880000,123264725,25.56
06/04/2021,461700,30970540000,67.4(0.90 %),520300,34895540000,58600,3925000000,122803025,25.84
07/04/2021,-46800,-3214450000,68.6(1.78 %),200,13660000,47000,3228110000,122849825,25.82
08/04/2021,-294900,-19904850000,67.5(-1.60 %),2500,168670000,297400,20073520000,123144725,25.64
09/04/2021,110800,7485440000,68.4(1.33 %),448800,30246310000,338000,22760870000,123033925,25.7
12/04/2021,-648500,-44062950000,67.6(-1.17 %),61400,4166820000,709900,48229770000,123682425,25.31
13/04/2021,-135500,-9082110000,65.8(-2.66 %),19000,1279140000,154500,10361250000,123817925,25.23
14/04/2021,17900,1201910000,67.2(2.13 %),70900,4633790000,53000,3431880000,123800025,25.24
15/04/2021,13300,891440000,65.6(-2.38 %),48800,3242420000,35500,2350980000,123786725,25.25
16/04/2021,49200,3179530000,64.4(-1.83 %),70000,4510500000,20800,1330970000,123737525,25.28
19/04/2021,115700,7386770000,64.5(0.16 %),132000,8445870000,16300,1059100000,123621825,25.35
20/04/2021,-31000,-1969890000,63.3(-1.86 %),1800,114480000,32800,2084370000,123652825,25.33
22/04/2021,-411100,-22830292800,60.8(-3.95 %),357600,22181822400,768700,45012115200,124063925,25.08
23/04/2021,-62300,-3851130000,62.2(2.30 %),37900,2321820000,100200,6172950000,124126225,25.04
26/04/2021,-3100,-183060000,61(-1.93 %),68100,4178980000,71200,4362040000,124129325,25.04
27/04/2021,-156400,-9652510000,62.3(2.13 %),43800,2708300000,200200,12360810000,124285725,24.95
28/04/2021,2400,166480000,64(2.73 %),12800,827980000,10400,661500000,124283325,24.95
29/04/2021,-190400,-11896820000,62.1(-2.97 %),100,6250000,190500,11903070000,124473725,24.83
04/05/2021,-115700,-7129880000,62.2(0.16 %),0,0,115700,7129880000,125386315,24.28
05/05/2021,-1401400,-89070660000,64(2.89 %),21200,1347320000,1422600,90417980000,126787715,23.44
06/05/2021,-1391700,-89473700000,63.8(-0.31 %),368900,23690708000,1760600,113164408000,128179415,22.6
07/05/2021,-746300,-47503380000,63.8(0.00 %),104700,6669760000,851000,54173140000,128925715,22.15
10/05/2021,-172500,-11751650000,68.2(6.90 %),25700,1737700000,198200,13489350000,129098215,22.04
11/05/2021,28900,2005220000,68.2(0.00 %),113100,7827360000,84200,5822140000,129069315,22.06
12/05/2021,45700,3189460000,71(4.11 %),62500,4357780000,16800,1168320000,129023615,22.09
13/05/2021,-26500,-1873200000,69.4(-2.25 %),9000,640550000,35500,2513750000,129050115,22.07
14/05/2021,-93200,-6836970000,73.3(5.62 %),23000,1619950000,116200,8456920000,129143315,22.01
17/05/2021,-101600,-7371160000,73(-0.41 %),48200,3504250000,149800,10875410000,129244915,21.95
18/05/2021,36100,2617000000,72(-1.37 %),131100,9518310000,95000,6901310000,129208815,21.98
19/05/2021,34500,2479940000,73(1.39 %),56800,4076190000,22300,1596250000,129174315,22.0
20/05/2021,-287900,-21470090000,73.9(1.23 %),27900,2076570000,315800,23546660000,129462215,21.82
21/05/2021,16400,1221670000,73.7(-0.27 %),59000,4403000000,42600,3181330000,129445815,21.83
24/05/2021,-160900,-11744470000,73(-0.95 %),25000,1827270000,185900,13571740000,129606715,21.74
25/05/2021,35200,2618060000,74.3(1.78 %),107200,7936400000,72000,5318340000,129571515,21.76
26/05/2021,-2600,-198830000,75.2(1.21 %),57700,4334170000,60300,4533000000,129574115,22.3
27/05/2021,16500,1278930000,73.3(-2.53 %),290100,21391000000,273600,20112070000,129557615,22.31
28/05/2021,51800,3860150000,74.5(1.64 %),55300,4114350000,3500,254200000,129505815,22.22
31/05/2021,-23900,-1817600000,79.5(6.71 %),145100,11239250000,169000,13056850000,129529715,22.2
01/06/2021,-18800,-1478610000,77.6(-2.39 %),77200,6184040000,96000,7662650000,130401305,21.68
02/06/2021,152300,12030130000,79.7(2.71 %),152700,12061870000,400,31740000,130249005,21.77
03/06/2021,-481900,-40413140000,84(5.40 %),91600,7672430000,573500,48085570000,130730905,21.48
04/06/2021,148400,12595170000,85(1.19 %),163600,13881410000,15200,1286240000,130582505,21.57
07/06/2021,149300,12139180000,81(-4.71 %),151300,12307250000,2000,168070000,130433205,21.66
08/06/2021,133000,11164490000,79.5(-1.85 %),143100,12008990000,10100,844500000,130300205,21.74
09/06/2021,-286100,-24025700000,84.5(6.29 %),116600,9533460000,402700,33559160000,130586305,21.57
10/06/2021,466000,40857910000,90.4(6.98 %),498700,43772460000,32700,2914550000,130120305,21.85
11/06/2021,119900,10925660000,91.8(1.55 %),211000,19232140000,91100,8306480000,130000405,21.92
14/06/2021,-72700,-7831380000,98(6.75 %),367300,35229930000,440000,43061310000,130073105,21.88
15/06/2021,106700,10888450000,102(4.08 %),542600,55547610000,435900,44659160000,129966405,21.94
16/06/2021,-209200,-21147650000,98.5(-3.43 %),702700,69574894800,911900,90722544800,130175605,21.82
17/06/2021,-303700,-29746590000,98.3(-0.20 %),59300,5827800000,363000,35574390000,130479305,21.63
18/06/2021,-757400,-39763500000,52.5(-46.59 %),11300,593250000,768700,40356750000,131236705,21.18
21/06/2021,-218000,-12141840000,53.2(1.33 %),1645000,87181270000,1863000,99323110000,131454705,21.05
22/06/2021,233200,12088190000,52.5(-1.32 %),1153700,60570160000,920500,48481970000,131221505,21.19
23/06/2021,-545100,-28524410000,52(-0.95 %),12800,679170000,557900,29203580000,131766605,20.86
24/06/2021,-102800,-5303220000,51.3(-1.35 %),118300,6098790000,221100,11402010000,131869405,20.8
25/06/2021,-110300,-5728240000,53.2(3.70 %),58000,3045620000,168300,8773860000,131979705,20.73
28/06/2021,-107800,-5723650000,53.1(-0.19 %),1400,74680000,109200,5798330000,132087505,20.67
29/06/2021,-189700,-10047530000,53(-0.19 %),9700,516810000,199400,10564340000,132277205,20.55
30/06/2021,-290300,-15183680000,52.2(-1.51 %),3100,162350000,293400,15346030000,132567505,20.38
01/07/2021,-2800,-99630000,54.4(4.21 %),39200,2109070000,42000,2208700000,132266275,20.56
02/07/2021,815400,46848780000,58.2(6.99 %),882200,50702970000,66800,3854190000,131450875,21.05
05/07/2021,-418700,-24747849600,59(1.37 %),260300,14098881600,679000,38846731200,131869575,20.8
06/07/2021,-212700,-12473950000,54.9(-6.95 %),5100,299140000,217800,12773090000,132082275,20.67
07/07/2021,-136500,-7549140000,55.9(1.82 %),229800,12462060000,366300,20011200000,132218775,120.59
08/07/2021,-360600,-19103383200,54.3(-2.86 %),40300,1852818000,400900,20956201200,132579375,120.37
09/07/2021,330700,18333030000,55(1.29 %),492400,27208860000,161700,8875830000,132248675,120.57
12/07/2021,-80800,-4243580000,51.5(-6.36 %),73300,3801960000,154100,8045540000,132329475,60.26
13/07/2021,-101300,-5259290000,52.7(2.33 %),29700,1550110000,131000,6809400000,132430775,60.23
14/07/2021,-76900,-4096900000,51(-3.23 %),319600,16323700000,396500,20420600000,132507675,60.21
15/07/2021,-262000,-13514420000,53(3.92 %),72400,3707910000,334400,17222330000,132769675,60.13
16/07/2021,-661600,-34763560000,52.1(-1.70 %),3700,194180000,665300,34957740000,133431275,59.93
19/07/2021,497100,25701270000,48.5(-6.91 %),708700,36122645000,211600,10421375000,132934175,60.08
20/07/2021,121800,5709550000,50.4(3.92 %),292500,13833035000,170700,8123485000,132812375,60.12
21/07/2021,-273700,-13778450000,49(-2.78 %),21200,1061700000,294900,14840150000,133086075,60.03
22/07/2021,86200,4256965000,49.5(1.02 %),126900,6273565000,40700,2016600000,132999875,60.06
23/07/2021,13500,644955000,47.4(-4.24 %),275000,13327590000,261500,12682635000,132986375,60.06
26/07/2021,-600,-81745000,46(-2.95 %),478700,21962805000,479300,22044550000,132986975,60.06
27/07/2021,581400,27637145000,47.5(3.26 %),695700,33042275000,114300,5405130000,132405575,60.24
28/07/2021,-55500,-2621510000,46.9(-1.26 %),10900,510980000,66400,3132490000,132461075,60.22
29/07/2021,-350700,-16582160000,47.75(1.81 %),46000,2182255000,396700,18764415000,132811775,60.12
30/07/2021,-33300,-1636690000,49.8(4.29 %),22000,1091665000,55300,2728355000,132845075,60.11
02/08/2021,-106800,-5365030000,49.9(0.20 %),92700,4693360000,199500,10058390000,263559455,20.85
03/08/2021,-531900,-26542355000,51.5(3.21 %),31300,1575020000,563200,28117375000,264091355,20.69
04/08/2021,157000,8368400000,53.4(3.69 %),299000,15892580000,142000,7524180000,263934355,20.74
05/08/2021,124800,6892560000,55.8(4.49 %),204700,11233740000,79900,4341180000,263809555,20.78
06/08/2021,-377000,-20718370000,54.4(-2.51 %),14800,811160000,391800,21529530000,264186555,20.66
09/08/2021,6000,385990000,57(4.78 %),22800,1298630000,16800,912640000,264180555,20.67
10/08/2021,-211700,-11926190000,57(0.00 %),250400,14327310000,462100,26253500000,264392255,20.6
11/08/2021,-1551800,-87119850000,55.1(-3.33 %),11000,620400000,1562800,87740250000,265944055,20.14
12/08/2021,-86700,-4801890000,55.2(0.18 %),356400,19802430000,443100,24604320000,266030755,20.11
13/08/2021,57900,3402568800,57(3.26 %),223600,12554692800,165700,9152124000,265972855,20.13
16/08/2021,162000,9506610000,60.9(6.84 %),502400,30102790000,340400,20596180000,265810855,20.18
17/08/2021,-489200,-30298370000,61.9(1.64 %),2600,162180000,491800,30460550000,266951255,19.83
18/08/2021,-11000,-583300000,63.1(1.94 %),401200,25628990000,412200,26212290000,265821855,20.17
19/08/2021,296700,18955890000,63.9(1.27 %),530500,33766440000,233800,14810550000,265525155,20.26
20/08/2021,-69600,-4498660000,62.1(-2.82 %),248600,15472600000,318200,19971260000,265594755,20.24
23/08/2021,45700,2735660000,62.2(0.16 %),231900,14455460000,186200,11719800000,265549055,20.26
24/08/2021,-322200,-19643590000,58.1(-6.59 %),114300,6811500000,436500,26455090000,265871255,20.16
25/08/2021,-232100,-13582260000,59.8(2.93 %),14800,877440000,246900,14459700000,266103355,20.09
26/08/2021,-258300,-15347720000,58.6(-2.01 %),189100,11314440000,447400,26662160000,266361655,20.01
27/08/2021,-141000,-8126930000,59.8(2.05 %),122800,7182270000,263800,15309200000,266502655,19.97
30/08/2021,-353100,-21255690000,60.9(1.84 %),123600,7412200000,476700,28667890000,266855755,19.86
31/08/2021,41700,2505500000,60.2(-1.15 %),240200,14508040000,198500,12002540000,266814055,19.88
01/09/2021,-16400,-962880000,60.2(0.00 %),34700,2070630000,51100,3033510000,267186855,19.76
06/09/2021,294800,17887080000,61.3(1.83 %),305800,18556480000,11000,669400000,266892055,19.85
07/09/2021,444500,28181440000,64.3(4.89 %),488500,30955080000,44000,2773640000,266447555,19.99
08/09/2021,-217600,-13851340000,63.2(-1.71 %),125200,8021800000,342800,21873140000,266665155,19.92
09/09/2021,-57500,-3597370000,63.5(0.47 %),209000,13161540000,266500,16758910000,266722655,19.9
10/09/2021,488400,31610030000,64(0.79 %),516600,33431200000,28200,1821170000,266234255,20.05
13/09/2021,151400,9630690000,63.6(-0.62 %),399900,25264840000,248500,15634150000,266082855,20.1
14/09/2021,340600,21468670000,62.6(-1.57 %),411200,25902620000,70600,4433950000,265742255,20.2
15/09/2021,35500,2226920000,62.5(-0.16 %),46400,2908110000,10900,681190000,265706755,20.21
16/09/2021,113900,7192040000,62.8(0.48 %),162600,10244220000,48700,3052180000,265592855,20.24
17/09/2021,-1316600,-82473710000,63.5(1.11 %),1923300,123378690000,3239900,205852400000,266909455,19.85
20/09/2021,963300,62006100000,64.1(0.94 %),973300,62659100000,10000,653000000,265946155,20.14
21/09/2021,-15000,-934890000,63.7(-0.62 %),15100,957030000,30100,1891920000,265961155,20.13
22/09/2021,258100,16244930000,63.4(-0.47 %),398500,25078370000,140400,8833440000,265703055,20.21
23/09/2021,322000,20600310000,63.2(-0.32 %),424900,27145040000,102900,6544730000,265381055,20.31
24/09/2021,465300,29334980000,62.5(-1.11 %),582000,36656340000,116700,7321360000,264915755,20.45
27/09/2021,-757500,-46314860000,58.5(-6.40 %),18500,1139320000,776000,47454180000,265673255,20.22
28/09/2021,173400,10368430000,60.5(3.42 %),211700,12656150000,38300,2287720000,265499855,20.27
29/09/2021,-196900,-11672130000,59.6(-1.49 %),28900,1725500000,225800,13397630000,265696755,20.21
30/09/2021,-116900,-6984630000,59.5(-0.17 %),17600,1048730000,134500,8033360000,265813655,20.18
01/10/2021,-157200,-9251240000,57.7(-3.03 %),71900,4200980000,229100,13452220000,266149155,20.08
04/10/2021,-2600,-127140000,55.7(-3.47 %),47700,2680550000,50300,2807690000,266151755,20.07
05/10/2021,160700,9429150000,59.5(6.82 %),181300,10621040000,20600,1191890000,265991055,20.12
06/10/2021,-90000,-5330000000,59.5(0.00 %),20000,1187000000,110000,6517000000,266081055,0.0
07/10/2021,296700,17979720000,60.5(1.68 %),426600,25822710000,129900,7842990000,265784355,0.0
08/10/2021,328500,20102750000,61.5(1.65 %),356100,21774070000,27600,1671320000,265455855,0.0
11/10/2021,37800,2216470200,62.1(0.98 %),77800,4699910200,40000,2483440000,265418055,0.0
12/10/2021,4800,273590000,61.7(-0.64 %),161000,9897070000,156200,9623480000,265413255,0.0
13/10/2021,23100,1417500000,61.2(-0.81 %),44800,2751880000,21700,1334380000,265390155,0.0
14/10/2021,-356500,-22024730000,61.9(1.14 %),194900,12040760000,551400,34065490000,265746655,0.0
15/10/2021,284800,17751830000,62.3(0.65 %),493700,30763910000,208900,13012080000,265461855,0.0
18/10/2021,-39800,-2503690000,64.2(3.05 %),46100,2931410000,85900,5435100000,265501655,0.0
19/10/2021,-542800,-35546610000,64.9(1.09 %),159700,10480980000,702500,46027590000,266044455,0.0
20/10/2021,-385400,-24918170000,63.9(-1.54 %),35200,2271600000,420600,27189770000,266429855,0.0
21/10/2021,41500,2639480000,63.5(-0.63 %),52400,3327600000,10900,688120000,266002955,0.0
22/10/2021,-24900,-1551750000,61.9(-2.52 %),54100,3399340000,79000,4951090000,266027855,0.0
25/10/2021,-192600,-11640520000,60(-3.07 %),35100,2112040000,227700,13752560000,266220455,0.0
26/10/2021,134500,8160170000,61.3(2.17 %),177700,10790430000,43200,2630260000,266085955,0.0
27/10/2021,-34900,-2183008000,63.3(3.26 %),20000,1254000000,54900,3437008000,266120855,0.0
28/10/2021,-145600,-9334710000,63.9(0.95 %),15000,955500000,160600,10290210000,266266455,0.0
29/10/2021,146200,9367480000,64.1(0.31 %),322700,20693700000,176500,11326220000,265974655,20.13
01/11/2021,393300,26373280000,68(6.08 %),492200,33032470000,98900,6659190000,266686655,19.91
02/11/2021,164100,11393120000,69.5(2.21 %),261300,18099360000,97200,6706240000,266522555,19.96
03/11/2021,-15300,-1060050000,68.4(-1.58 %),15500,1071750000,30800,2131800000,266537855,0.0
04/11/2021,176600,12594863500,71.9(5.12 %),233600,16662326500,57000,4067463000,266345955,0.0
05/11/2021,417900,30021140000,71.7(-0.28 %),462300,33202000000,44400,3180860000,266104655,0.0
08/11/2021,-52100,-3771580000,72.7(1.39 %),2500,179340000,54600,3950920000,266574655,19.95
09/11/2021,349300,25184150000,72.5(-0.28 %),403500,29053260000,54200,3869110000,266225355,20.05
10/11/2021,-209100,-15266391000,73.1(0.83 %),211300,15427013000,420400,30693404000,266434455,0.0
11/11/2021,209100,15186390000,71.4(-2.33 %),624800,45096490000,415700,29910100000,266016255,20.12
12/11/2021,323800,23162680000,72(0.84 %),326900,23384910000,3100,222230000,265692455,20.21
15/11/2021,85600,6368000000,72.7(0.97 %),93000,6908580000,7400,540580000,265606855,20.24
16/11/2021,248900,17843490000,71.3(-1.93 %),267200,19143660000,18300,1300170000,265357955,20.31
17/11/2021,147800,10962560000,72.6(1.82 %),157400,11663910000,9600,701350000,265210155,20.36
18/11/2021,140700,10603690000,76.5(5.37 %),189900,14371430000,49200,3767740000,265069455,20.4
19/11/2021,-36800,-2858880000,74(-3.27 %),151700,11177380000,188500,14036260000,265106255,20.39
22/11/2021,40500,3002750000,72.5(-2.03 %),92300,6786270000,51800,3783520000,265065755,20.4
23/11/2021,141500,10424230000,75.2(3.72 %),161500,11874230000,20000,1450000000,264924255,20.44
24/11/2021,-1682000,-130435430000,77.4(2.93 %),53900,4195310000,1735900,134630740000,266606255,19.94
25/11/2021,180900,14443600000,80.6(4.13 %),200900,15991600000,20000,1548000000,266425355,19.99
26/11/2021,-637500,-50714330000,78.6(-2.48 %),21200,1696150000,658700,52410480000,267062855,0.0
29/11/2021,-18800,-914951700,78.7(0.13 %),34500,2690114400,53300,3605066100,267081655,0.0
30/11/2021,614000,49141170000,79.8(1.40 %),931600,74448940000,317600,25307770000,266448855,19.99
01/12/2021,-56000,-4271450000,78.2(-2.01 %),121800,9685520000,177800,13956970000,265696243,20.21
02/12/2021,438600,34767090000,78.2(0.00 %),494400,39146320000,55800,4379230000,265257643,0.0
03/12/2021,-47000,-3718180000,73.3(-6.27 %),28800,2114020000,75800,5832200000,265324643,20.32
06/12/2021,127300,9236890000,72(-1.77 %),321300,23282120000,194000,14045230000,265197343,20.36
07/12/2021,206400,14959750000,72.8(1.11 %),453700,32900670000,247300,17940920000,264990943,20.42
08/12/2021,636600,46800330000,73.7(1.24 %),771100,56683990000,134500,9883660000,264354343,20.61
09/12/2021,211800,15697610000,76(3.12 %),256800,19039830000,45000,3342220000,264142543,0.0
10/12/2021,59600,4525520000,76.2(0.26 %),258700,19636220000,199100,15110700000,264082943,20.7
13/12/2021,70700,5434850000,77.3(1.44 %),180900,13914760000,110200,8479910000,264012243,20.72
14/12/2021,276500,21370470000,76.5(-1.03 %),381400,29427150000,104900,8056680000,263735743,20.8
15/12/2021,177400,13555050000,75.3(-1.57 %),209200,15959240000,31800,2404190000,263558343,20.86
16/12/2021,-13900,-1028350000,73.9(-1.86 %),14300,1066370000,28200,2094720000,263572243,20.85
17/12/2021,481200,35654350000,75(3.16 %),1286300,95971360000,805100,60317010000,263091043,21.0
20/12/2021,-60400,-4610730000,76.7(2.27 %),7100,546170000,67500,5156900000,263151443,20.98
21/12/2021,-89700,-6796880000,75.3(-1.83 %),1200,91260000,90900,6888140000,263241143,0.0
22/12/2021,260400,19328210000,73.6(-2.26 %),410200,30470500000,149800,11142290000,262980743,21.03
23/12/2021,-196800,-13957570000,70.5(-4.21 %),404100,28875170000,600900,42832740000,263177543,0.0
24/12/2021,37600,2671856000,71.7(1.70 %),62800,4462568000,25200,1790712000,262943143,0.0
27/12/2021,-49100,-3506760000,71.6(-0.14 %),13000,933170000,62100,4439930000,263512143,20.87
28/12/2021,-4200,-301830000,71(-0.84 %),6500,465020000,10700,766850000,263516343,20.87
29/12/2021,94500,6789300000,71.8(1.13 %),94500,6789300000,0,0,263505843,20.87
30/12/2021,89100,6582740000,73.9(2.92 %),119100,8762740000,30000,2180000000,263397443,20.9
31/12/2021,-12100,-879300000,72.8(-1.49 %),1400,102560000,13500,981860000,263396043,20.9
04/01/2022,394400,29279310000,74.4(2.20 %),415100,30799730000,20700,1520420000,263010943,21.02
05/01/2022,8100,622180000,73.6(-1.08 %),36400,2719480000,28300,2097300000,262988043,21.02
06/01/2022,-224000,-16356480000,72.5(-1.49 %),2800,204730000,226800,16561210000,263005943,21.02
07/01/2022,143100,10328140000,72.1(-0.55 %),200500,14462330000,57400,4134190000,262835371,21.07
10/01/2022,-132800,-9612173800,68(-5.69 %),16000,77917400,148800,9690091200,263046171,21.01
11/01/2022,-338200,-23680110000,64.4(-5.29 %),436300,28943150000,774500,52623260000,262667359,21.12
12/01/2022,-212800,-13803780000,66(2.48 %),132400,8568190000,345200,22371970000,262683759,21.12
13/01/2022,-513100,-33492030000,63(-4.55 %),210300,13618760000,723400,47110790000,263249459,20.95
14/01/2022,-362100,-23007160000,62.1(-1.43 %),47200,2973230000,409300,25980390000,263547459,20.86
17/01/2022,-31900,-1697420000,57.8(-6.92 %),338600,20022230000,370500,21719650000,263933759,20.74
18/01/2022,618800,34076390000,53.8(-6.92 %),622900,34303970000,4100,227580000,263721659,20.8
19/01/2022,834400,46683030000,56.4(4.83 %),1126500,63075150000,292100,16392120000,262965659,21.03
20/01/2022,-152100,-8757040000,59(2.61 %),77000,4571350000,229100,13328390000,262892759,21.05
21/01/2022,-771600,-45149490000,57.9(-3.02 %),0,0,771600,45149490000,263184859,20.97
24/01/2022,-954900,-52359200000,53.9(-6.91 %),36500,1977930000,991400,54337130000,263377459,20.91
25/01/2022,236900,12879630000,54.5(1.11 %),494700,26802770000,257800,13923140000,263654359,20.82
26/01/2022,-115800,-5037900200,54.4(-0.18 %),36700,1349632700,152500,6387532900,264610559,20.54
27/01/2022,200,11760000,55.1(1.29 %),3800,210120000,3600,198360000,264864559,20.46
28/01/2022,-55300,-3039700000,56(1.63 %),22500,1257410000,77800,4297110000,264994559,20.42
07/02/2022,381000,22425800000,58.6(4.64 %),387700,22812250000,6700,386450000,264610459,20.54
08/02/2022,-211200,-12544320000,59.5(1.54 %),2500,146360000,213700,12690680000,264685759,20.51
09/02/2022,-1400,-75530000,60.5(1.68 %),7000,424730000,8400,500260000,264685459,20.51
10/02/2022,-102400,-6187910000,60.3(-0.33 %),51900,3161950000,154300,9349860000,264847259,20.47
11/02/2022,-305800,-18612450000,61.1(1.33 %),12500,755750000,318300,19368200000,264843159,20.47
14/02/2022,-273200,-15871960000,56.9(-6.87 %),7800,461390000,281000,16333350000,264993659,20.42
15/02/2022,-54700,-3074280000,58(1.93 %),168300,9681800000,223000,12756080000,265143659,20.38
16/02/2022,48400,2874150000,59.3(2.24 %),55700,3307930000,7300,433780000,265368959,20.31
17/02/2022,-57800,-3422270000,59.1(-0.34 %),143300,8462740000,201100,11885010000,265454659,20.28
18/02/2022,403000,24152930000,60.5(2.37 %),444200,26642290000,41200,2489360000,265017849,20.42
21/02/2022,359500,22342010000,62.5(3.31 %),360800,22421620000,1300,79610000,264858149,20.46
22/02/2022,32500,1886160000,61(-2.40 %),410600,24793490000,378100,22907330000,264488749,20.57
23/02/2022,271000,16824160000,61.3(0.49 %),410600,25429120000,139600,8604960000,264079449,20.7
24/02/2022,184700,11273190000,60.5(-1.31 %),233600,14142210000,48900,2869020000,264223949,20.65
25/02/2022,97100,6064150000,62.3(2.98 %),103100,6434950000,6000,370800000,264260449,20.64
28/02/2022,-700,-42190000,62.4(0.16 %),18600,1162160000,19300,1204350000,264290749,20.63
01/03/2022,-200,-780000,63.5(1.76 %),9800,624220000,10000,625000000,264286949,20.63
02/03/2022,-69500,-4332820000,62.8(-1.10 %),46600,2931400000,116100,7264220000,264259649,20.64
03/03/2022,14100,896870000,62.9(0.16 %),75600,4744910000,61500,3848040000,264196049,20.66
04/03/2022,-62000,-3943510000,63.5(0.95 %),24000,1536900000,86000,5480410000,264288149,20.63
07/03/2022,15700,982000000,62.6(-1.42 %),29300,1838560000,13600,856560000,264321349,20.62
08/03/2022,-151100,-9649620000,62.6(0.00 %),138300,8711660000,289400,18361280000,264269049,20.64
09/03/2022,-126500,-8005330000,63.4(1.28 %),13800,868930000,140300,8874260000,264268849,20.64
10/03/2022,-163800,-10474430000,63.1(-0.47 %),84900,5508610000,248700,15983040000,264474349,20.58
11/03/2022,-157600,-9784740000,62(-1.74 %),2900,180450000,160500,9965190000,264611749,20.54
14/03/2022,-203700,-12126480000,58.5(-5.65 %),29600,1774690000,233300,13901170000,264830849,20.47
15/03/2022,-162600,-9499960000,58.2(-0.51 %),9800,574270000,172400,10074230000,264981549,20.43
16/03/2022,-36900,-2156740000,58.7(0.86 %),10800,633960000,47700,2790700000,265204049,20.36
17/03/2022,-457300,-27145250000,58.9(0.34 %),111400,6678370000,568700,33823620000,265265049,20.34
18/03/2022,-1049300,-61345460000,58.5(-0.68 %),142400,8378960000,1191700,69724420000,265170349,20.37
21/03/2022,74000,4358940000,59.5(1.71 %),76800,4524650000,2800,165710000,265662249,20.22
22/03/2022,63200,3796900000,59.8(0.50 %),65600,3940750000,2400,143850000,266788349,19.88
23/03/2022,-985000,-58793210000,59.1(-1.17 %),10200,611810000,995200,59405020000,266780949,19.89
24/03/2022,-497900,-29178780000,58.5(-1.02 %),43900,2574070000,541800,31752850000,266739449,19.9
25/03/2022,-997100,-57787910000,57.6(-1.54 %),76800,4477090000,1073900,62265000000,267657849,19.62
28/03/2022,-902100,-50380970000,56.5(-1.91 %),1800,101950000,903900,50482920000,268197849,19.46
29/03/2022,136700,7876420000,57.5(1.77 %),176700,10182620000,40000,2306200000,269095049,19.19
30/03/2022,-21100,-1203710000,57.2(-0.52 %),26400,1521630000,47500,2725340000,269972549,18.93
31/03/2022,4600,261840000,56.1(-1.92 %),93000,5267300000,88400,5005460000,269919549,18.94
01/04/2022,-150700,-8503360000,57.5(2.50 %),17600,999290000,168300,9502650000,269951449,18.93
04/04/2022,-12900,-765400000,59.2(2.96 %),24600,1468260000,37500,2233660000,270015249,18.91
05/04/2022,-50200,-2956290000,58.5(-1.18 %),700,41430000,50900,2997720000,270182849,18.86
06/04/2022,3900,229860000,58.2(-0.51 %),17400,1017220000,13500,787360000,270202949,18.86
07/04/2022,-36000,-2092500000,57.2(-1.72 %),3500,201590000,39500,2294090000,270238949,18.85
08/04/2022,3700,238740000,56(-2.10 %),110600,6273410000,106900,6034670000,270153249,18.87
12/04/2022,-105500,-5812490000,53.4(-4.64 %),30300,1645470000,135800,7457960000,270258749,14.41
13/04/2022,-290700,-15558460000,54(1.12 %),18100,977340000,308800,16535800000,270162449,18.87
14/04/2022,-472000,-25426660000,53.2(-1.48 %),0,0,472000,25426660000,270387049,18.8
15/04/2022,-193000,-8275703200,50(-6.02 %),31100,1620745400,224100,9896448600,270664749,18.72
18/04/2022,-119100,-5553740000,46.5(-7.00 %),182200,8587570000,301300,14141310000,270954549,18.63
19/04/2022,147600,6913640000,45(-3.23 %),157100,7362265000,9500,448625000,271021549,18.61
20/04/2022,-171100,-7719350000,43.5(-3.33 %),219400,9892220000,390500,17611570000,270558149,18.75
21/04/2022,149500,6451790000,45(3.45 %),313500,13878165000,164000,7426375000,270802449,18.68
22/04/2022,-194500,-8794805000,44.6(-0.89 %),4600,206940000,199100,9001745000,271189349,18.56
25/04/2022,-206900,-8872135000,41.5(-6.95 %),8100,339900000,215000,9212035000,271345249,18.51
26/04/2022,707600,28821575000,42(1.20 %),736800,30015400000,29200,1193825000,270807549,18.68
27/04/2022,-15100,-631000000,41.2(-1.90 %),70500,2924160000,85600,3555160000,270952049,18.63
28/04/2022,6100,207460000,40(-2.91 %),47900,1918660000,41800,1711200000,270933349,18.64
29/04/2022,185700,7533985000,42.05(5.12 %),187600,7609605000,1900,75620000,270831349,18.67
04/05/2022,-63500,-2663565000,41(-2.61 %),26800,1106990000,90300,3770555000,270846349,18.66
05/05/2022,-22200,-915205000,39.95(-2.56 %),39900,1590700000,62100,2505905000,270868549,18.66
06/05/2022,-99100,-3686520000,37.2(-7.00 %),139500,5189400000,238600,8875920000,270759149,18.69
09/05/2022,296000,10241600000,34.6(-6.99 %),299200,10352320000,3200,110720000,270522049,18.76
10/05/2022,422700,14879040000,35.2(1.73 %),456600,16072320000,33900,1193280000,270304049,18.83
11/05/2022,36600,1302460000,34.7(-1.42 %),89400,3140720000,52800,1838260000,270267449,18.84
12/05/2022,290100,9415060000,32.3(-6.92 %),328700,10698555000,38600,1283495000,269977349,18.93
13/05/2022,752200,23230725000,30.05(-6.97 %),916100,28307540000,163900,5076815000,269060749,19.2
16/05/2022,786100,24408405000,31.05(3.16 %),870800,27038340000,84700,2629935000,268230549,19.45
17/05/2022,105300,3495960000,33.2(6.75 %),205600,6825920000,100300,3329960000,268189849,19.46
18/05/2022,288900,10255950000,35.5(6.93 %),347000,12318500000,58100,2062550000,267929549,19.54
19/05/2022,12400,462520000,37.3(5.07 %),213400,7959820000,201000,7497300000,267816449,19.57
20/05/2022,-857200,-31802120000,37.1(-0.54 %),900,33390000,858100,31835510000,267873649,19.56
23/05/2022,-286000,-10095800000,35.3(-4.85 %),1018300,35945990000,1304300,46041790000,267057349,19.8
24/05/2022,-933500,-34306125000,36.75(4.11 %),181200,6659100000,1114700,40965225000,267736249,19.6
25/05/2022,-832400,-32463600000,39(5.98 %),64600,2519400000,897000,34983000000,268977949,19.23
26/05/2022,493700,19353040000,39.2(0.51 %),1082600,42437920000,588900,23084880000,269010049,19.22
27/05/2022,5000,197500000,39.5(0.77 %),158300,6252850000,153300,6055350000,269748749,18.99
30/05/2022,201400,7904950000,39.25(-0.63 %),715800,28095150000,514400,20190200000,269621849,19.03
31/05/2022,513200,20014800000,39(-0.76 %),776200,30271800000,263000,10257000000,268998949,19.22
01/06/2022,-15100,-592675000,39.25(0.64 %),257300,10099025000,272400,10691700000,269256049,19.14
02/06/2022,-551100,-21603120000,39.2(-0.25 %),85900,3367280000,637000,24970400000,269433149,19.09
03/06/2022,-41700,-1632555000,39.15(-0.13 %),86300,3378645000,128000,5011200000,269619249,19.03
06/06/2022,-28900,-1094840000,39.4(0.51 %),134900,5362520000,163800,6457360000,270121349,18.88
07/06/2022,-259400,-10155510000,39.15(-0.63 %),176100,6894315000,435500,17049825000,270073249,18.9
08/06/2022,84800,3548880000,41.85(6.76 %),114800,4804380000,30000,1255500000,270122249,18.88
09/06/2022,-350900,-14562350000,41.5(-0.95 %),13800,572700000,364700,15135050000,270543949,18.76
10/06/2022,-231100,-9012900000,39(-6.02 %),40100,1563900000,271200,10576800000,270533849,18.76
13/06/2022,219900,7982370000,36.3(-6.92 %),258700,9390810000,38800,1408440000,270639849,18.73
14/06/2022,-36900,-1261980000,34.2(-5.79 %),93300,3190860000,130200,4452840000,270817749,18.67
15/06/2022,120100,3867220000,32.2(-5.85 %),470800,15159760000,350700,11292540000,272100749,18.78
16/06/2022,277800,8889600000,32(-0.62 %),380000,12160000000,102200,3270400000,271850949,18.85
17/06/2022,72800,2253160000,30.95(-3.28 %),725300,22448035000,652500,20194875000,271476349,18.96
20/06/2022,-1321700,-40107460000,28.8(-7.10 %),33700,996945000,1355400,41104405000,271544849,18.94
21/06/2022,-901200,-27666840000,30.7(6.60 %),547300,16802110000,1448500,44468950000,271650049,18.91
22/06/2022,429600,14090880000,32.8(6.84 %),464200,15225760000,34600,1134880000,272542249,18.64
23/06/2022,312600,10565880000,33.8(3.05 %),544600,18407480000,232000,7841600000,273446149,18.37
24/06/2022,906500,30549050000,33.7(-0.30 %),933000,31442100000,26500,893050000,272547749,18.64
27/06/2022,290300,10135055000,36(6.82 %),309300,10814930000,19000,679875000,272470461,18.67
28/06/2022,219300,7675500000,35(-2.78 %),349800,12243000000,130500,4567500000,272147161,18.76
29/06/2022,-45900,-1639300000,35.5(1.43 %),18400,655680000,64300,2294980000,272147761,18.76
30/06/2022,-128300,-4240315000,33.05(-6.90 %),11700,386685000,140000,4627000000,272266561,18.73
01/07/2022,177200,6264020000,35.35(6.80 %),190400,6730640000,13200,466620000,272140461,18.76
04/07/2022,-35800,-1333510000,36.6(3.39 %),382700,14165890000,418500,15499400000,272142761,18.77
05/07/2022,-9500,-344850000,36.3(-0.82 %),5100,185130000,14600,529980000,271908861,18.83
06/07/2022,39300,1377465000,35.05(-3.44 %),55300,1938265000,16000,560800000,272272061,18.72
07/07/2022,26800,956760000,35.7(1.71 %),65200,2327640000,38400,1370880000,272221461,18.74
08/07/2022,36600,-10545780000,37.1(3.92 %),89400,0,52800,10545780000,272184861,0.0
11/07/2022,-295400,-10545780000,35.7(-3.77 %),0,0,295400,10545780000,272205661,18.74
12/07/2022,-205200,-7582140000,36.95(3.50 %),27200,1005040000,232400,8587180000,272187461,18.75
13/07/2022,-319600,-11617460000,36.35(-1.76 %),36300,1319505000,355900,12936965000,272446561,18.67
14/07/2022,-201500,-7828275000,38.85(6.73 %),8500,330225000,210000,8158500000,272670461,18.61
15/07/2022,-318100,-12087800000,38(-2.31 %),27500,1045000000,345600,13132800000,272998861,18.51
18/07/2022,-4500,-173025000,38.45(1.18 %),42200,1622590000,46700,1795615000,273166661,18.46
19/07/2022,-153600,-5836800000,38(-1.30 %),12900,490200000,166500,6327000000,273499361,18.36
20/07/2022,118100,4676760000,39.6(4.21 %),129500,5128200000,11400,451440000,273416561,18.38
21/07/2022,-135000,-5244750000,38.85(-1.89 %),27900,1083915000,162900,6328665000,273556161,18.34
22/07/2022,312600,-1941800000,38(-2.31 %),544600,551000000,232000,2492800000,273553061,18.34
25/07/2022,37200,1435920000,38.6(1.58 %),50700,1957020000,13500,521100000,273666261,18.31
26/07/2022,-201700,-7604090000,37.7(-2.33 %),6200,233740000,207900,7837830000,273725661,18.29
27/07/2022,59900,2300160000,38.4(1.86 %),59900,2300160000,0,0,273683261,18.3
28/07/2022,105600,4107840000,38.9(1.30 %),120700,4695230000,15100,587390000,273770461,18.28
29/07/2022,124600,5046300000,40.5(4.11 %),181100,7334550000,56500,2288250000,273589361,18.33
01/08/2022,215500,9266500000,43(6.17 %),334900,14400700000,119400,5134200000,273269561,18.43
02/08/2022,-72100,-3078670000,42.7(-0.70 %),126900,5418630000,199000,8497300000,273199161,18.45
03/08/2022,-276000,-12144000000,44(3.04 %),131100,5768400000,407100,17912400000,273187461,18.45
04/08/2022,-501600,-21869760000,43.6(-0.91 %),129400,5641840000,631000,27511600000,273257061,18.43
05/08/2022,141900,6449355000,45.45(4.24 %),192900,8767305000,51000,2317950000,273471261,18.37
08/08/2022,54100,2488600000,46(1.10 %),121200,5575200000,67100,3086600000,273981061,18.21
09/08/2022,226000,10667200000,47.2(2.61 %),256000,12083200000,30000,1416000000,273776061,18.28
10/08/2022,67200,3205440000,47.7(1.06 %),69500,3315150000,2300,109710000,273773661,18.28
11/08/2022,-1582600,-71375260000,45.1(-5.45 %),30600,1380060000,1613200,72755320000,273773061,18.28
12/08/2022,245600,11764240000,47.9(6.21 %),481100,23044690000,235500,11280450000,273294261,18.42
15/08/2022,-305700,-14184480000,46.4(-3.13 %),147000,6820800000,452700,21005280000,274760461,17.98
16/08/2022,288700,13511160000,46.8(0.86 %),293300,13726440000,4600,215280000,274702661,18.0
17/08/2022,-697700,-25466050000,36.5(1.39 %),44000,1606000000,741700,27072050000,275111361,17.88
18/08/2022,47800,1768600000,37(1.37 %),60400,2234800000,12600,466200000,275055561,17.89
19/08/2022,-197700,-7275360000,36.8(-0.54 %),63800,2347840000,261500,9623200000,275733461,17.69
22/08/2022,-380600,-13663540000,35.9(-2.45 %),7500,269250000,388100,13932790000,275738561,17.69
23/08/2022,145100,5557330000,38.3(6.69 %),295100,11302330000,150000,5745000000,275707961,17.7
24/08/2022,-224700,-8594775000,38.25(-0.13 %),30000,1147500000,254700,9742275000,276066061,17.59
25/08/2022,80900,3110605000,38.45(0.39 %),189200,7274740000,108300,4164135000,276026861,17.6
26/08/2022,226500,8471100000,37.4(-2.86 %),288000,10771200000,61500,2300100000,275993561,17.61
29/08/2022,-170800,-6490400000,38(1.60 %),225700,8576600000,396500,15067000000,275884261,17.65
30/08/2022,-67200,-2493120000,37.1(-2.37 %),273500,10146850000,340700,12639970000,275675261,17.71
31/08/2022,29900,1109290000,37.1(0.00 %),131500,4878650000,101600,3769360000,275940261,17.63
05/09/2022,-438900,-16414860000,37.4(0.81 %),1700,63580000,440600,16478440000,276279261,17.53
06/09/2022,-240600,-9058590000,37.65(0.67 %),173300,6524745000,413900,15583335000,276207561,17.55
07/09/2022,-9600,-362880000,37.8(0.27 %),11400,430920000,21000,793800000,276636761,17.42
08/09/2022,-218300,-7989780000,36.6(-3.17 %),18700,684420000,237000,8674200000,359579866,17.43
09/09/2022,-198800,-7355600000,37(1.09 %),43500,1609500000,242300,8965100000,359561866,17.44
12/09/2022,-193195,-7355600000,35.8(-3.24 %),85900,1609500000,279095,8965100000,359712966,17.4
13/09/2022,-1369400,-54075000,35.7(-0.28 %),69600,2473030000,1439000,2527105000,359885666,17.36
14/09/2022,-202500,-54075000,36.8(3.08 %),239000,2473030000,441500,2527105000,359925761,17.35
15/09/2022,-373600,-7452000000,36.05(-2.04 %),58800,8795200000,432400,16247200000,0,17.04
16/09/2022,309817,10812613300,34.9(-3.32 %),541017,18881493300,231200,8068880000,361206444,17.06
19/09/2022,-63820,-2074150000,32.5(-6.88 %),98600,3204500000,162420,5278650000,361270264,17.05
20/09/2022,174150,5781780000,33.2(2.15 %),364700,12108040000,190550,6326260000,361406744,17.01
21/09/2022,-16400,-533000000,32.5(-2.11 %),40800,1326000000,57200,1859000000,361528364,16.99
22/09/2022,123700,4168690000,33.7(3.69 %),187600,6322120000,63900,2153430000,361531314,16.98
23/09/2022,-224590,-7321634000,32.6(-3.26 %),900,29340000,225490,7350974000,361587614,16.97
26/09/2022,207260,6362882000,30.7(-5.83 %),304500,9348150000,97240,2985268000,361347014,17.03
27/09/2022,152700,4703160000,30.8(0.33 %),185900,5725720000,33200,1022560000,361388104,17.02
28/09/2022,203800,6277040000,30.8(0.00 %),221000,6806800000,17200,529760000,361264344,17.05
29/09/2022,-32900,-947520000,28.8(-6.49 %),65900,1897920000,98800,2845440000,361231644,17.05
30/09/2022,388190,11412786000,29.4(2.08 %),496700,14602980000,108510,3190194000,360752144,17.16
03/10/2022,-30313,-829060550,27.35(-6.97 %),88899,2431387650,119212,3260448200,360778545,17.16
04/10/2022,437800,11207680000,25.6(-6.57 %),465100,11906560000,27300,698880000,360421955,17.24
05/10/2022,758100,20734035000,27.35(6.84 %),758200,20736770000,100,2735000,359782967,17.39
06/10/2022,-53400,-1359030000,25.45(-7.12 %),97400,2478830000,150800,3837860000,359712867,17.4
07/10/2022,724000,17593200000,24.3(-4.71 %),799000,19415700000,75000,1822500000,358915367,17.59
10/10/2022,-279000,-7254000000,26(7.00 %),316200,8221200000,595200,15475200000,358752967,17.62
11/10/2022,-262053,-6446503800,24.6(-5.38 %),40100,986460000,302153,7432963800,358787867,17.61
12/10/2022,100834,2651934200,26.3(6.91 %),273534,7193944200,172700,4542010000,359109533,17.54
13/10/2022,-151100,-4049480000,26.8(1.90 %),62300,1669640000,213400,5719120000,359349386,17.49
14/10/2022,-116500,-3215400000,27.6(2.99 %),29400,811440000,145900,4026840000,359492686,17.45
17/10/2022,-31600,-899020000,28.45(3.08 %),112600,3203470000,144200,4102490000,359593486,17.43
18/10/2022,-505500,-14078175000,27.85(-2.28 %),84600,2356110000,590100,16434285000,359654786,17.42
19/10/2022,-20500,-563760000,27.7(-0.72 %),91400,2545955000,111900,3109715000,359675286,17.41
20/10/2022,-48900,-1339190000,27(-2.53 %),272600,7398805000,321500,8737995000,359759986,17.39
21/10/2022,-315200,-7959095000,25.15(-6.85 %),20200,508030000,335400,8467125000,360343687,17.26
24/10/2022,246500,5833745000,23.4(-7.14 %),320500,7655570000,74000,1821825000,359873687,17.37
25/10/2022,-84500,-2044025000,23.7(1.28 %),272400,6252545000,356900,8296570000,359958187,17.35
26/10/2022,-389400,-9166935000,22.9(-3.38 %),3400,82510000,392800,9249445000,360595087,17.2
27/10/2022,5200,203450000,24.5(6.99 %),165000,4000660000,159800,3797210000,360455182,17.23
28/10/2022,64050,1594845000,24.9(1.63 %),328350,8175915000,264300,6581070000,360519632,17.22
31/10/2022,-626200,-16406440000,26.2(5.22 %),88700,2323940000,714900,18730380000,360590822,17.2
01/11/2022,881520,23316204000,26.45(0.95 %),1219100,32245195000,337580,8928991000,359646522,17.42
02/11/2022,21150,552015000,26.1(-1.51 %),134750,3516975000,113600,2964960000,360226672,17.28
03/11/2022,33200,893080000,26.9(3.07 %),198600,5342340000,165400,4449260000,360365652,17.25
04/11/2022,-260400,-6523020000,25.05(-6.88 %),86500,2166825000,346900,8689845000,360392752,17.25
07/11/2022,-1572026,-36628205800,23.3(-7.17 %),190900,4447970000,1762926,41076175800,360367252,17.25
08/11/2022,1123856,27197315200,24.2(3.86 %),1318400,31905280000,194544,4707964800,359395752,17.48
09/11/2022,117990,2772765000,23.5(-2.89 %),678100,15935350000,560110,13162585000,360480578,17.23
10/11/2022,193900,4246410000,21.9(-6.81 %),346300,7583970000,152400,3337560000,360328822,17.26
11/11/2022,2088700,42609480000,20.4(-6.85 %),2419600,49359840000,330900,6750360000,358469332,17.69
14/11/2022,353700,6720300000,19(-6.86 %),369900,7028100000,16200,307800000,358251832,17.74
15/11/2022,361905,6405718500,17.7(-6.84 %),409005,7239388500,47100,833670000,358201827,17.75
16/11/2022,-807800,-15267420000,18.9(6.78 %),773900,14626710000,1581700,29894130000,357477027,17.92
17/11/2022,106633,2079343500,19.5(3.17 %),875300,17068350000,768667,14989006500,356620727,18.11
18/11/2022,540470,10485118000,19.4(-0.51 %),1002400,19446560000,461930,8961442000,357171127,17.99
21/11/2022,300714,5683494600,18.9(-2.58 %),594900,11243610000,294186,5560115400,357346494,17.95
22/11/2022,473292,9560498400,20.2(6.88 %),699212,14124082400,225920,4563584000,357145312,17.99
23/11/2022,-50000,-960000000,19.2(-4.95 %),113200,2173440000,163200,3133440000,357326298,17.95
24/11/2022,-180869,-3526945500,19.5(1.56 %),66600,1298700000,247469,4825645500,357449518,17.92
25/11/2022,467900,9755715000,20.85(6.92 %),743600,15504060000,275700,5748345000,356869118,18.06
28/11/2022,-110620,-2466826000,22.3(6.70 %),66300,1478490000,176920,3945316000,356979738,0.0
29/11/2022,367160,8518112000,23.2(4.04 %),637400,14787680000,270240,6269568000,356612578,18.12
30/11/2022,146300,3591665000,24.55(5.82 %),325600,7993480000,179300,4401815000,356466278,18.15
01/12/2022,122000,2873100000,23.55(-4.27 %),305100,7185105000,183100,4312005000,356234807,0.0
02/12/2022,847994,21327049100,25.15(6.57 %),861600,21669240000,13606,342190900,355386813,18.4
05/12/2022,183300,4930770000,26.9(6.75 %),395000,10625500000,211700,5694730000,355203513,18.44
06/12/2022,999730,25043236500,25.05(-6.88 %),1365900,34215795000,366170,9172558500,354203783,18.67
07/12/2022,903500,22994075000,25.45(1.39 %),964700,24551615000,61200,1557540000,353300283,0.0
08/12/2022,-113890,-3097808000,27.2(6.67 %),85400,2322880000,199290,5420688000,353786323,18.76
09/12/2022,120700,3210620000,26.6(-2.21 %),385500,10254300000,264800,7043680000,353468023,18.84
12/12/2022,374112,9259272000,24.75(-6.95 %),663412,16419447000,289300,7160175000,352919361,18.96
13/12/2022,597200,15795940000,26.45(6.65 %),962100,25447545000,364900,9651605000,352322161,19.1
14/12/2022,710800,18729580000,26.35(-0.57 %),777800,20495030000,67000,1765450000,351611361,19.26
15/12/2022,1299290,35210759000,27.1(2.65 %),1343400,36406140000,44110,1195381000,350312071,0.0
16/12/2022,1292500,36060750000,27.9(2.95 %),1966800,54873720000,674300,18812970000,349019571,0.0
19/12/2022,686004,18522108000,27(-3.23 %),1005816,27157032000,319812,8634924000,348333567,0.0
20/12/2022,389300,10082870000,25.9(-4.07 %),467900,12118610000,78600,2035740000,347944267,20.11
21/12/2022,-13800,-351900000,25.5(-1.54 %),81500,2078250000,95300,2430150000,347958067,20.1
22/12/2022,149900,3867420000,25.8(1.18 %),173300,4471140000,23400,603720000,347808167,20.14
23/12/2022,-119800,-2959060000,24.7(-4.26 %),61400,1516580000,181200,4475640000,347927967,20.11
26/12/2022,286000,6578000000,23(-6.88 %),361000,8303000000,75000,1725000000,347641967,20.18
27/12/2022,250900,5983965000,23.85(6.95 %),376700,8984295000,125800,3000330000,347391067,20.23
28/12/2022,357300,8664525000,24.25(1.46 %),547100,13267175000,189800,4602650000,347033767,20.32
29/12/2022,222200,5188370000,23.35(-3.91 %),350700,8188845000,128500,3000475000,347143907,20.29
30/12/2022,328700,7642275000,23.25(-0.64 %),368300,8562975000,39600,920700000,346965407,20.33
03/01/2023,429600,10675560000,24.85(6.65 %),485100,12054735000,55500,1379175000,346480307,20.44
04/01/2023,956100,24093720000,25.2(1.20 %),956700,24108840000,600,15120000,345691707,20.62
05/01/2023,598400,15618240000,26.1(3.57 %),599400,15644340000,1000,26100000,345153807,20.75
06/01/2023,522300,13370880000,25.6(-1.92 %),605000,15488000000,82700,2117120000,344549407,20.88
09/01/2023,1452300,37541955000,25.85(0.98 %),1491800,38563030000,39500,1021075000,343064607,21.23
10/01/2023,717000,18857100000,26.3(1.54 %),791500,20816450000,74500,1959350000,342355807,21.39
11/01/2023,534400,14615840000,27.35(3.99 %),535400,14643190000,1000,27350000,341859907,21.5
12/01/2023,205200,5509620000,26.85(-2.01 %),834800,22414380000,629600,16904760000,341323907,21.62
13/01/2023,940990,26112472500,27.75(3.16 %),944190,26201272500,3200,88800000,340380717,21.84
16/01/2023,106632,3001690800,28.15(1.26 %),399010,11232131500,292378,8230440700,340387007,21.84
17/01/2023,349100,10438090000,29.9(6.03 %),389900,11658010000,40800,1219920000,340000307,21.93
18/01/2023,43600,1294920000,29.7(-0.67 %),357400,10614780000,313800,9319860000,339935285,21.94
19/01/2023,138650,4159500000,30(1.01 %),376500,11295000000,237850,7135500000,339599585,22.02
27/01/2023,999200,29526360000,29.55(-1.50 %),1009600,29833680000,10400,307320000,338903785,22.18
30/01/2023,222400,6516320000,29.3(-1.01 %),223400,6545620000,1000,29300000,338918235,22.18
31/01/2023,168000,5023200000,29.9(2.05 %),205700,6150430000,37700,1127230000,338724435,22.22
01/02/2023,317800,8850730000,27.85(-6.86 %),326200,9084670000,8400,233940000,338399235,22.3
02/02/2023,200800,5522000000,27.5(-1.43 %),247800,6814500000,47000,1292500000,338189135,22.34
03/02/2023,256996,6990291200,27.2(-1.09 %),283400,7708480000,26404,718188800,337914135,22.41
06/02/2023,176900,4820525000,27.25(0.18 %),177500,4836875000,600,16350000,337774435,22.44
07/02/2023,29730,808656000,27.2(-0.37 %),137500,3740000000,107770,2931344000,337663339,22.47
08/02/2023,107600,3012800000,28(2.94 %),169100,4734800000,61500,1722000000,337494839,22.5
09/02/2023,-243700,-6628640000,27.2(-2.86 %),16500,448800000,260200,7077440000,337586109,22.48
10/02/2023,100600,2675960000,26.6(-2.21 %),172500,4588500000,71900,1912540000,337475109,22.51
13/02/2023,-876300,-21907500000,25(-6.02 %),132400,3310000000,1008700,25217500000,337602909,22.48
14/02/2023,122900,3115515000,25.35(1.40 %),168900,4281615000,46000,1166100000,337505909,22.5
15/02/2023,292600,7636860000,26.1(2.76 %),292600,7636860000,0,0,338225009,22.34
16/02/2023,273157,7375239000,27(3.45 %),314200,8483400000,41043,1108161000,337956809,22.4
17/02/2023,672100,18113095000,26.95(-0.19 %),819100,22074745000,147000,3961650000,337137709,22.59
20/02/2023,195100,5618880000,28.8(6.67 %),218400,6289920000,23300,671040000,336960352,22.63
21/02/2023,440550,12511620000,28.4(-1.39 %),532500,15123000000,91950,2611380000,336574852,22.72
22/02/2023,24000,648000000,27(-4.93 %),172500,4657500000,148500,4009500000,336425652,22.75
23/02/2023,-24009,-667450200,27.8(2.96 %),41900,1164820000,65909,1832270200,336475702,22.74
24/02/2023,-90500,-2389200000,26.4(-5.04 %),139900,3693360000,230400,6082560000,336566202,22.72
27/02/2023,-46700,-1176840000,25.2(-4.55 %),41600,1048320000,88300,2225160000,336508611,22.73
28/02/2023,113000,2904100000,25.7(1.98 %),147300,3785610000,34300,881510000,336591711,22.71
01/03/2023,313200,8566020000,27.35(6.42 %),320600,8768410000,7400,202390000,336359411,22.76
02/03/2023,-90100,-2423690000,26.9(-1.82 %),41900,1127110000,132000,3550800000,336345811,22.77
03/03/2023,175500,4527900000,25.8(-4.09 %),278400,7182720000,102900,2654820000,336074811,22.83
06/03/2023,135300,3524565000,26.05(0.97 %),142700,3717335000,7400,192770000,336064111,22.83
07/03/2023,688600,18523340000,26.9(3.07 %),691900,18612110000,3300,88770000,335475111,22.97
08/03/2023,437700,12299370000,28.1(4.46 %),441000,12392100000,3300,92730000,335041511,23.07
09/03/2023,136800,3830400000,28(-0.36 %),608500,17038000000,471700,13207600000,334436311,23.21
10/03/2023,80540,2243039000,27.85(-0.54 %),325700,9070745000,245160,6827706000,334113911,23.28
13/03/2023,670100,19030840000,28.4(1.79 %),1057100,30021640000,387000,10990800000,333443811,0.0
14/03/2023,577156,15756358800,27.3(-3.87 %),915556,24994678800,338400,9238320000,332858115,23.57
15/03/2023,133300,3892360000,29.2(6.96 %),165900,4844280000,32600,951920000,333079215,23.52
16/03/2023,67200,1955520000,29.1(-0.34 %),76200,2217420000,9000,261900000,333341415,23.46
17/03/2023,2792300,82233235000,29.45(1.20 %),3157000,92973650000,364700,10740415000,330467015,24.12
20/03/2023,-30605,-856940000,28(-5.08 %),106500,2982000000,137105,3838940000,330369515,24.14
21/03/2023,1145560,-2389200000,29.3(4.64 %),1249360,3693360000,103800,6082560000,329234855,24.4
22/03/2023,474200,14168505000,29.45(0.51 %),519400,15516235000,45200,1347730000,328760655,24.51
23/03/2023,884700,26818195000,31.4(6.44 %),905600,27448400000,20900,630205000,327875955,24.72
24/03/2023,561700,17646165000,31.05(-1.11 %),853800,26830710000,292100,9184545000,327314255,24.84
27/03/2023,454000,14528000000,32(2.89 %),455700,14582400000,1700,54400000,326860255,0.0
28/03/2023,528600,16756620000,31.7(-0.94 %),625200,19818840000,96600,3062220000,326331655,25.07
29/03/2023,407440,13364032000,32.8(3.47 %),637600,20913280000,230160,7549248000,325838360,25.18
30/03/2023,-656300,-21067230000,32.1(-2.13 %),40100,1287210000,696400,22354440000,325894860,25.17
31/03/2023,-364140,-11688894000,32.1(0.00 %),796500,25567650000,1160640,37256544000,325828520,25.18
03/04/2023,-12720,-415308000,32.65(1.71 %),55000,1795750000,67720,2211058000,326469920,25.04
04/04/2023,-873200,-29077560000,33.3(1.83 %),79900,2660670000,953100,31738230000,327050660,24.9
05/04/2023,-168700,-5583970000,33.1(-0.60 %),21300,705030000,190000,6289000000,327097080,24.89
06/04/2023,-601939,-19262048000,32(-3.32 %),12400,396800000,614339,19658848000,328037780,24.68
07/04/2023,188800,6220960000,32.95(2.97 %),222600,7334670000,33800,1113710000,328005180,24.68
10/04/2023,-73204,-2346188200,32.05(-2.88 %),150200,4813910000,223404,7160098200,328469319,24.58
11/04/2023,-148100,-4902110000,33.1(3.12 %),244700,8099570000,392800,13001680000,328258419,24.62
12/04/2023,-388100,-12632655000,32.55(-1.66 %),28300,921165000,416400,13553820000,328453723,24.58
13/04/2023,-1291490,-40940233000,31.7(-2.76 %),21800,691060000,1313290,41631293000,328824723,24.49
14/04/2023,-325000,-10010000000,30.8(-2.84 %),8200,252560000,333200,10262560000,329232923,24.4
17/04/2023,391500,12195225000,31.15(1.14 %),392000,12210800000,500,15575000,330154213,24.19
18/04/2023,26800,862960000,32.2(3.21 %),33400,1075480000,6600,212520000,330454013,24.12
19/04/2023,-84000,-2641800000,31.45(-2.33 %),226500,7123425000,310500,9765225000,330228013,24.17
20/04/2023,142800,4458405000,31.3(-0.63 %),206300,6432710000,63500,1974305000,330085213,0.0
21/04/2023,-129800,-4101680000,31.6(0.96 %),0,0,129800,4101680000,330338813,24.15
24/04/2023,-86200,-2685130000,31.15(-1.42 %),11700,364455000,97900,3049585000,330390613,24.14
25/04/2023,577505,17325150000,30(-3.85 %),761105,22833150000,183600,5508000000,329759308,24.28
26/04/2023,-225524,-7013796400,31.1(3.67 %),1556280,48400308000,1781804,55414104400,329674698,24.3
27/04/2023,-469600,-14505735000,30.85(-0.80 %),5600,171700000,475200,14677435000,330144298,24.19
28/04/2023,-42200,-1308075000,31.8(3.08 %),257800,8095985000,300000,9404060000,330186498,24.18
04/05/2023,74800,2428700000,32.5(2.20 %),395400,12761075000,320600,10332375000,330002932,24.23
05/05/2023,-409200,-13133130000,31.9(-1.85 %),43600,1401770000,452800,14534900000,330339132,24.15
08/05/2023,-123100,-3999035000,32.75(2.66 %),244700,8001570000,367800,12000605000,330415032,24.13
09/05/2023,62200,2029780000,32.7(-0.30 %),385300,12585655000,323100,10555875000,330482532,24.11
10/05/2023,40700,1349660000,32.65(-0.15 %),59700,1977685000,19000,628025000,330441832,24.13
11/05/2023,127400,4171745000,32.4(-0.92 %),127400,4171745000,0,0,330986440,24.0
12/05/2023,-80700,-2613875000,33.05(2.01 %),141500,4606950000,222200,7220825000,330863940,24.03
15/05/2023,-179300,-5864430000,32.35(-2.12 %),3700,120860000,183000,5985290000,331043240,23.88
16/05/2023,399700,12969290000,32.4(0.15 %),399700,12969290000,0,0,330643540,23.97
17/05/2023,233400,7616975000,32.2(-0.62 %),449100,14641605000,215700,7024630000,330410140,24.02
18/05/2023,445600,15041500000,33.9(5.28 %),453700,15313555000,8100,272055000,329964540,24.12
19/05/2023,-192200,-6471790000,33.95(0.15 %),15100,516365000,207300,6988155000,330156740,24.08
22/05/2023,-109600,-3725440000,34.2(0.74 %),3700,125600000,113300,3851040000,330266340,24.06
23/05/2023,-143200,-4865660000,33.85(-1.02 %),7100,244000000,150300,5109660000,330409540,24.02
24/05/2023,566000,19426390000,34(0.44 %),566200,19433230000,200,6840000,329843540,24.15
25/05/2023,104200,3544310000,34(0.00 %),276800,9388220000,172600,5843910000,329739340,24.18
26/05/2023,13200,448440000,34(0.00 %),25300,860250000,12100,411810000,329726140,24.18
29/05/2023,207000,7150870000,35(2.94 %),221000,7628855000,14000,477985000,329519140,24.23
30/05/2023,-74600,-2585270000,35(0.00 %),67800,2363980000,142400,4949250000,329593740,24.21
31/05/2023,-32000,-1113665000,34.6(-1.14 %),49300,1713675000,81300,2827340000,329625740,24.2
01/06/2023,-27800,-958620000,34.85(0.72 %),600,20690000,28400,979310000,329624325,24.2
02/06/2023,714100,25269155000,35(0.43 %),782800,27701930000,68700,2432775000,328910225,24.37
05/06/2023,142200,4910470000,34.35(-1.86 %),339800,11752835000,197600,6842365000,328768025,24.4
06/06/2023,795000,27814265000,35.2(2.47 %),862000,30117430000,67000,2303165000,327973025,24.58
07/06/2023,28100,989735000,35.25(0.14 %),31100,1096235000,3000,106500000,327944925,24.59
08/06/2023,-65200,-2214845000,34(-3.55 %),168100,5862600000,233300,8077445000,328010125,24.57
09/06/2023,480100,16589455000,34.8(2.35 %),517200,17855845000,37100,1266390000,327530025,24.68
12/06/2023,224700,7779785000,34.7(-0.29 %),529400,18195545000,304700,10415760000,327305325,24.73
13/06/2023,176700,6086035000,34.3(-1.15 %),399500,13760425000,222800,7674390000,327128625,24.77
14/06/2023,364800,12637385000,34.25(-0.15 %),370300,12828350000,5500,190965000,326763825,24.86
15/06/2023,97700,3353025000,34.35(0.29 %),100700,3456075000,3000,103050000,326666125,24.88
16/06/2023,-200700,-6634105000,35.1(2.03 %),770900,27536715000,971600,34170820000,326150890,25.11
19/06/2023,1816700,65812540000,36.65(4.42 %),1838100,66584790000,21400,772250000,324315790,25.53
20/06/2023,83300,3044505000,37(0.82 %),182400,6659750000,99100,3615245000,324232490,0.0
21/06/2023,738900,27719775000,37.7(1.89 %),828500,31095145000,89600,3375370000,324297834,25.53
22/06/2023,-35600,-1323285000,37.4(-0.80 %),84500,3161100000,120100,4484385000,324333434,25.41
23/06/2023,207400,7739105000,37.5(0.27 %),249300,9301980000,41900,1562875000,324126034,25.46
26/06/2023,227300,8398060000,37.5(0.00 %),306100,11305375000,78800,2907315000,323969934,25.61
27/06/2023,-141400,-5294070000,37.55(0.13 %),38800,1456585000,180200,6750655000,324111334,0.0
28/06/2023,-268000,-10126685000,38(1.06 %),38200,1446770000,306200,11573455000,324379334,25.4
29/06/2023,-170400,-6391430000,36.3(-4.47 %),97900,3605895000,268300,9997325000,324549734,25.36
30/06/2023,180400,6662520000,36.6(0.83 %),186900,6901795000,6500,239275000,324369334,25.4
03/07/2023,48300,1801510000,37.15(1.50 %),83200,3086765000,34900,1285255000,324233234,25.43
04/07/2023,723900,27822345000,39.75(6.85 %),759600,29180395000,35700,1358050000,323509334,25.6
05/07/2023,88900,3516230000,39.25(-1.38 %),140900,5570720000,52000,2054490000,323420434,25.62
06/07/2023,-420400,-16869705000,40.2(2.29 %),166800,6698745000,587200,23568450000,323432934,25.73
07/07/2023,137800,5599150000,40.8(1.49 %),392200,15876395000,254400,10277245000,323092734,25.81
10/07/2023,-699200,-28841590000,41.7(2.21 %),599600,24799930000,1298800,53641520000,323791934,25.53
11/07/2023,-1330300,-55082470000,41.4(-0.72 %),19000,787335000,1349300,55869805000,325122234,25.23
12/07/2023,-676100,-28205715000,41.4(0.00 %),106500,4472120000,782600,32677835000,325798334,25.53
13/07/2023,130900,5471110000,41.75(0.85 %),130900,5471110000,0,0,325667434,25.56
14/07/2023,509900,21319690000,42.75(2.27 %),566300,23693705000,56400,2374015000,327651763,25.11
17/07/2023,323800,13757895000,42.3(-1.17 %),445400,18945325000,121600,5187430000,327327963,25.18
18/07/2023,197600,8312115000,41.9(-0.95 %),202800,8532045000,5200,219930000,327130363,25.23
19/07/2023,435300,18402365000,42.3(0.95 %),488000,20627005000,52700,2224640000,326693563,25.33
20/07/2023,432200,18197600000,42(-0.71 %),531400,22316335000,99200,4118735000,326261363,25.43
21/07/2023,556200,23307795000,42.5(1.19 %),586500,24585630000,30300,1277835000,325705163,25.55
24/07/2023,-62900,-2644225000,42.25(-0.59 %),99400,4224650000,162300,6868875000,325641763,25.57
25/07/2023,429600,18457905000,43(1.65 %),465100,19977575000,35500,1519670000,325206963,25.67
26/07/2023,282500,12160450000,43.05(0.12 %),317100,13646840000,34600,1486390000,324924463,25.73
27/07/2023,-59200,-2525320000,42.7(-0.93 %),33100,1431850000,92300,3957170000,324983663,25.72
28/07/2023,316300,13782215000,43.3(1.41 %),679300,29471815000,363000,15689600000,324667363,25.79
31/07/2023,-38400,-1657530000,43.5(0.46 %),22000,952580000,60400,2610110000,324705763,25.78
01/08/2023,-333500,-14316075000,42.2(-2.99 %),54100,2331720000,387600,16647795000,324489163,25.83
02/08/2023,-380600,-16186475000,42.6(0.95 %),101500,4323415000,482100,20509890000,324869763,25.74
03/08/2023,-15900,-690340000,42.7(0.23 %),10400,446580000,26300,1136920000,324885663,25.74
04/08/2023,239900,10560200000,44.55(4.33 %),445200,19436370000,205300,8876170000,325171094,25.68
07/08/2023,-49900,-2212385000,44.8(0.56 %),269800,12030660000,319700,14243045000,325220994,25.66
08/08/2023,-65400,-2881265000,44.1(-1.56 %),100000,4440720000,165400,7321985000,325286394,25.65
09/08/2023,-483400,-21139540000,43.5(-1.36 %),205100,8973285000,688500,30112825000,325769794,25.54
10/08/2023,259700,11236570000,42.5(-2.30 %),529500,22820840000,269800,11584270000,325510094,25.6
11/08/2023,-798900,-33673560000,42.1(-0.94 %),10900,462705000,809800,34136265000,326308994,25.42
14/08/2023,-287100,-12492645000,43.7(3.80 %),85800,3706520000,372900,16199165000,325649007,25.57
15/08/2023,-287400,-12438245000,43.15(-1.26 %),15600,679400000,303000,13117645000,326443207,25.38
16/08/2023,-730300,-31338390000,43(-0.46 %),47100,2031295000,777400,33369685000,326769007,25.31
17/08/2023,-375400,-16475785000,43.2(0.47 %),210000,9252155000,585400,25727940000,327144407,25.22
18/08/2023,181100,7073685000,40.2(-6.94 %),309100,12445300000,128000,5371615000,327330307,25.18
21/08/2023,-542400,-21899960000,40.4(0.50 %),131300,5299455000,673700,27199415000,327784407,25.08
22/08/2023,799900,32613310000,42.5(5.20 %),1094700,44879875000,294800,12266565000,326817707,25.3
23/08/2023,152700,6449700000,42(-1.18 %),443800,18747390000,291100,12297690000,327047637,25.25
24/08/2023,-69400,-3099130000,43.35(3.21 %),140500,5993050000,209900,9092180000,327117037,25.23
25/08/2023,250900,11043970000,43.6(0.58 %),625800,27438730000,374900,16394760000,326870310,25.29
28/08/2023,128400,5646205000,44(0.92 %),146800,6453465000,18400,807260000,326741910,25.32
29/08/2023,-81800,-3679070000,45.3(2.95 %),19700,888705000,101500,4567775000,327288640,25.19
30/08/2023,-76300,-3515420000,46.9(3.53 %),40900,1859110000,117200,5374530000,327364940,25.17
31/08/2023,576500,27136135000,47.1(0.43 %),651300,30645375000,74800,3509240000,326716340,25.32
05/09/2023,-230700,-10731865000,46.5(-1.27 %),1000,46750000,231700,10778615000,326832540,25.3
06/09/2023,-132300,-6280895000,47.5(2.15 %),230600,10932160000,362900,17213055000,326964840,25.27
07/09/2023,-375500,-17679095000,46.7(-1.68 %),39100,1837265000,414600,19516360000,326869340,25.29
08/09/2023,-46400,-2165615000,46.9(0.43 %),88400,4151865000,134800,6317480000,327143840,25.22
11/09/2023,-269200,-12847075000,47.5(1.28 %),99900,4770440000,369100,17617515000,327458540,25.15
12/09/2023,-275000,-13542575000,50.5(6.32 %),233500,11484385000,508500,25026960000,327359840,25.17
13/09/2023,-1119200,-55923645000,49.3(-2.38 %),29200,1472520000,1148400,57396165000,327699740,25.1
14/09/2023,-849600,-41042115000,48.4(-1.83 %),6300,303845000,855900,41345960000,328201940,24.98
15/09/2023,-438900,-21041880000,47.7(-1.45 %),117000,5621315000,555900,26663195000,329233340,24.75
18/09/2023,0,0,47.7(0.00 %),0,0,0,0,329233340,24.75
19/09/2023,-847800,-40102550000,47.5(-0.42 %),33800,1601820000,881600,41704370000,330818912,24.38
20/09/2023,815400,40039535000,49.8(4.84 %),867700,42605870000,52300,2566335000,330003512,24.57
21/09/2023,18100,675255000,47(-5.62 %),291300,13998695000,273200,13323440000,329985412,24.57
22/09/2023,-399300,-18076030000,43.8(-6.81 %),101400,4510145000,500700,22586175000,330216238,24.52
25/09/2023,-443400,-19043915000,40.75(-6.96 %),236700,10195120000,680100,29239035000,330252875,24.51
26/09/2023,324400,13938110000,40.75(0.00 %),1197000,50089900000,872600,36151790000,329556575,24.67
27/09/2023,-1723500,-70869290000,43(5.52 %),86200,3552220000,1809700,74421510000,331280075,24.28
28/09/2023,-685000,-28845200000,42.1(-2.09 %),26700,1119390000,711700,29964590000,331965075,24.12
29/09/2023,-1837800,-76638470000,41.25(-2.02 %),0,0,1837800,76638470000,332809418,23.93
02/10/2023,-421800,-17597915000,41.8(1.33 %),95300,3996995000,517100,21594910000,333425902,23.79
03/10/2023,-676900,-27201700000,38.9(-6.94 %),266700,10636460000,943600,37838160000,334997002,23.43
04/10/2023,-502800,-19712295000,39.9(2.57 %),260500,10156800000,763300,29869095000,335499802,23.31
05/10/2023,-520400,-20707125000,37.9(-5.01 %),22800,902140000,543200,21609265000,336184577,23.16
06/10/2023,-25700,-1030885000,39(2.90 %),384000,14571195000,409700,15602080000,336210277,23.15
09/10/2023,71000,2829465000,40.5(3.85 %),105500,4198920000,34500,1369455000,336139277,23.17
10/10/2023,-163600,-6703600000,40(-1.23 %),55400,2235160000,219000,8938760000,337359377,22.89
11/10/2023,247000,10006675000,41.95(4.88 %),252000,10209925000,5000,203250000,337141877,22.94
12/10/2023,816800,34574605000,42.45(1.19 %),1094600,46315165000,277800,11740560000,336266279,23.14
13/10/2023,-36000,-1479550000,42.4(-0.12 %),150300,6279600000,186300,7759150000,336127979,23.17
16/10/2023,-548200,-22807760000,40.9(-3.54 %),30500,1260275000,578700,24068035000,336375279,23.11
17/10/2023,271000,11147465000,38.05(-6.97 %),274000,11270615000,3000,123150000,336287579,23.13
18/10/2023,-560100,-21700710000,37.5(-1.45 %),510000,19409705000,1070100,41110415000,336356279,23.12
19/10/2023,-1864400,-67918830000,34.9(-6.93 %),176400,6336880000,2040800,74255710000,336182879,23.16
20/10/2023,116400,4154130000,37.3(6.88 %),256000,9081555000,139600,4927425000,337003979,22.97
23/10/2023,-719700,-26501085000,36(-3.49 %),75800,2767345000,795500,29268430000,338968979,22.52
24/10/2023,-891400,-32578815000,36.85(2.36 %),571900,20725965000,1463300,53304780000,339860379,22.32
25/10/2023,-455000,-16864605000,36.45(-1.09 %),59100,2183040000,514100,19047645000,338536679,22.62
26/10/2023,-954500,-32426515000,34(-6.72 %),154700,5261585000,1109200,37688100000,340584679,22.15
27/10/2023,2265900,78646795000,35.6(4.71 %),3354000,116584505000,1088100,37937710000,337751779,22.8
30/10/2023,1308700,46132155000,35.05(-1.54 %),1360200,47979135000,51500,1846980000,337507779,22.86
31/10/2023,14000,280435000,32.6(-6.99 %),341100,11594445000,327100,11314010000,338257579,22.68
01/11/2023,2910600,97631475000,34.8(6.75 %),3240600,108686445000,330000,11054970000,335071979,23.41
02/11/2023,5700,800505000,37.2(6.90 %),750900,27395915000,745200,26595410000,335066279,23.42
03/11/2023,-700100,-26444605000,37.5(0.81 %),253500,9594540000,953600,36039145000,335766379,23.26
06/11/2023,-77000,-2942330000,38.7(3.20 %),582100,22181075000,659100,25123405000,335843379,23.24
07/11/2023,288600,10968250000,38.1(-1.55 %),666700,25506395000,378100,14538145000,335554779,23.3
08/11/2023,-831700,-33003590000,40.75(6.96 %),276800,10954015000,1108500,43957605000,335556979,23.3
09/11/2023,-923600,-38083085000,40.5(-0.61 %),236400,9740245000,1160000,47823330000,335698689,23.27
10/11/2023,144100,5763610000,39.85(-1.60 %),234800,9442300000,90700,3678690000,336572389,23.07
13/11/2023,-537400,-21471540000,40.5(1.63 %),600,24120000,538000,21495660000,337731789,22.8
14/11/2023,-280370,-11485849500,40.5(0.00 %),73200,2964600000,353570,14450449500,337390159,22.88
15/11/2023,-390200,-16159880000,41(1.23 %),300100,12326120000,690300,28486000000,337780359,22.8
16/11/2023,0,0,41.5(1.22 %),0,0,0,0,337780359,22.8
17/11/2023,209300,8645310000,40.3(-2.89 %),556000,22857680000,346700,14212370000,338150159,22.71
20/11/2023,52600,2141040000,41.25(2.36 %),327200,13306170000,274600,11165130000,337833759,22.78
21/11/2023,54000,2289720000,42.05(1.94 %),215200,8997395000,161200,6707675000,337965259,22.75
22/11/2023,-301900,-12815055000,43.6(3.69 %),21200,908600000,323100,13723655000,338218659,22.69
23/11/2023,-376400,-16327550000,40.55(-7.00 %),10000,433500000,386400,16761050000,338595059,22.61
24/11/2023,228800,9341670000,42(3.58 %),303600,12405225000,74800,3063555000,338366259,22.66
27/11/2023,-234800,-9731010000,40.5(-3.57 %),17700,733205000,252500,10464215000,338601059,22.61
28/11/2023,-671600,-27226785000,40.65(0.37 %),98900,3960355000,770500,31187140000,339272659,22.45
29/11/2023,2104200,87418985000,41.85(2.95 %),2112400,87760815000,8200,341830000,337168459,22.94
30/11/2023,-458300,-18983145000,41.5(-0.84 %),233500,9790375000,691800,28773520000,337626759,22.83
01/12/2023,-155100,-6393445000,42.3(1.93 %),56700,2357010000,211800,8750455000,337414059,22.88
04/12/2023,-721000,-31528265000,43.9(3.78 %),33600,1474520000,754600,33002785000,338135059,22.71
05/12/2023,-789900,-34455355000,43.6(-0.68 %),87400,3811990000,877300,38267345000,338924959,22.53
06/12/2023,58400,2593240000,44(0.92 %),616500,27024540000,558100,24431300000,338866559,22.55
07/12/2023,-213100,-9099345000,42.5(-3.41 %),55000,2337180000,268100,11436525000,339079659,22.5
08/12/2023,9500,424350000,41.8(-1.65 %),69400,2949355000,59900,2525005000,339070159,22.5
11/12/2023,-224800,-9292470000,42.4(1.44 %),11100,464020000,235900,9756490000,339294959,22.45
12/12/2023,-472900,-19935520000,41.95(-1.06 %),100,4210000,473000,19939730000,339767859,22.34
13/12/2023,-617200,-25638505000,40.9(-2.50 %),7000,290290000,624200,25928795000,340385059,22.2
14/12/2023,-762700,-31305550000,40.5(-0.98 %),25200,1034495000,787900,32340045000,341147759,22.03
15/12/2023,-1309100,-53075725000,40.5(0.00 %),173700,7131910000,1482800,60207635000,342456859,21.73
18/12/2023,-181900,-7462085000,40.95(1.11 %),66000,2704920000,247900,10167005000,342638759,21.68
19/12/2023,-619000,-25480560000,41.35(0.98 %),83800,3437780000,702800,28918340000,343257759,21.54
20/12/2023,-117200,-4847435000,41.5(0.36 %),78700,3276645000,195900,8124080000,343374959,21.52
21/12/2023,-22300,-919570000,41.4(-0.24 %),44900,1855365000,67200,2774935000,343397259,21.51
22/12/2023,-136300,-5698485000,41(-0.97 %),41100,1702025000,177400,7400510000,343533559,21.48
25/12/2023,115200,4780035000,41.25(0.61 %),129300,5362800000,14100,582765000,343418359,21.51
26/12/2023,67900,2833035000,42(1.82 %),91100,3805365000,23200,972330000,343350459,21.52
27/12/2023,123800,5260735000,42.05(0.12 %),138000,5857845000,14200,597110000,343226659,21.55
28/12/2023,31900,1360820000,42.7(1.55 %),69000,2935435000,37100,1574615000,343194759,21.56
29/12/2023,154500,6610850000,42.75(0.12 %),204500,8738350000,50000,2127500000,343040259,21.59
02/01/2024,534800,22607740000,42.3(-1.05 %),534800,22607740000,0,0,343308576,21.53
03/01/2024,20100,878230000,42.7(0.95 %),65200,2784040000,45100,1905810000,343786190,21.42
04/01/2024,208200,9037210000,42.45(-0.59 %),231600,10054090000,23400,1016880000,343577990,21.47
05/01/2024,200,8345000,42.5(0.12 %),900,38095000,700,29750000,343577790,21.47
08/01/2024,365800,15686950000,42.7(0.47 %),379300,16266100000,13500,579150000,343211990,21.55
09/01/2024,50700,2159555000,42.7(0.00 %),102700,4387555000,52000,2228000000,342654080,21.68
10/01/2024,181400,7610045000,41.8(-2.11 %),392400,16446930000,211000,8836885000,342296200,21.76
11/01/2024,511300,21530760000,42.35(1.32 %),572700,24134880000,61400,2604120000,341782176,21.88
12/01/2024,198900,8406395000,42(-0.83 %),199900,8448745000,1000,42350000,341734890,21.89
15/01/2024,183500,7670665000,41(-2.38 %),186900,7813585000,3400,142920000,341667776,21.9
16/01/2024,23700,975710000,41.7(1.71 %),23700,975710000,0,0,341645100,21.91
17/01/2024,88200,3766115000,42(0.72 %),95900,4094035000,7700,327920000,341552576,21.93
18/01/2024,109600,4664835000,42.1(0.24 %),176700,7503680000,67100,2838845000,341329890,21.98
19/01/2024,491300,20753735000,42.2(0.24 %),521400,22025635000,30100,1271900000,340838590,22.1
22/01/2024,32800,1378330000,42.3(0.24 %),38900,1636360000,6100,258030000,340805790,22.1
23/01/2024,66300,2807925000,42.45(0.35 %),327800,13883950000,261500,11076025000,340739490,22.12
24/01/2024,648800,27840335000,42.75(0.71 %),710400,30477035000,61600,2636700000,340090690,22.27
25/01/2024,11000,470550000,42.6(-0.35 %),11700,500510000,700,29960000,340079690,22.27
26/01/2024,11700,498805000,42.5(-0.23 %),11700,498805000,0,0,340067990,22.27
29/01/2024,-65100,-2761245000,42.05(-1.06 %),4000,169950000,69100,2931195000,340190848,22.24
30/01/2024,-626500,-26243295000,42.05(0.00 %),20000,835500000,646500,27078795000,340170848,22.25
31/01/2024,1308700,56313525000,42.9(2.02 %),1379100,59345055000,70400,3031530000,338860864,22.55
01/02/2024,371300,16000335000,43.25(0.82 %),392600,16916035000,21300,915700000,338860850,22.55
02/02/2024,104100,4578950000,43.75(1.16 %),123700,5440160000,19600,861210000,339114700,22.49
05/02/2024,66400,2923080000,43.9(0.34 %),371000,16288805000,304600,13365725000,338297695,22.68
06/02/2024,464800,20882885000,44.8(2.05 %),676900,30422270000,212100,9539385000,338054400,22.73
07/02/2024,352900,15922570000,45.1(0.67 %),563200,25408980000,210300,9486410000,337795800,22.79
15/02/2024,-2700,-85540000,45.15(0.11 %),199300,9052265000,202000,9137805000,337808600,22.79
16/02/2024,-425465,-19146821750,45(-0.33 %),208100,9352970000,633565,28499791750,337810784,22.79
19/02/2024,249586,11079260700,45(0.00 %),344986,15344680700,95400,4265420000,337667800,22.82
20/02/2024,51703,2394670150,45(0.00 %),322600,14641920000,270897,12247249850,337978784,22.75
21/02/2024,364564,16323940400,44.8(-0.44 %),449400,20119620000,84836,3795679600,337630800,22.83
22/02/2024,113100,5040735000,44.25(-1.23 %),230600,10260175000,117500,5219440000,337630800,22.83
23/02/2024,-104200,-4588390000,43.55(-1.58 %),226600,10053790000,330800,14642180000,337233407,22.92
26/02/2024,151700,6797010000,45.2(3.79 %),169100,7562010000,17400,765000000,337477700,22.86
27/02/2024,-148094,-6757973200,45.45(0.55 %),92500,4198980000,240594,10956953200,337229801,22.92
28/02/2024,-61797,-2789033150,45.15(-0.66 %),16800,759780000,78597,3548813150,337291598,22.91
29/02/2024,159700,7393040000,45.6(1.00 %),419500,19251415000,259800,11858375000,337537700,22.85
01/03/2024,1760934,82644634700,46.85(2.74 %),1809700,84946540000,48766,2301905300,335728001,23.26
04/03/2024,180040,8478917000,46.85(0.00 %),220100,10366015000,40060,1887098000,335547961,23.31
05/03/2024,-441900,-20480010000,47.8(2.03 %),147800,6927150000,589700,27407160000,335767456,23.25
06/03/2024,-1020250,-49324881700,47.2(-1.26 %),169350,8146923300,1189600,57471805000,337010111,22.97
07/03/2024,931770,45889753900,49.2(3.58 %),1001000,49290430000,69230,3400676100,336078341,23.18
08/03/2024,-715222,-34487573200,47.85(-2.74 %),346000,16847355000,1061222,51334928200,336793563,23.02
11/03/2024,-192800,-9199440000,47.65(-0.42 %),6700,320970000,199500,9520410000,336986363,22.98
12/03/2024,108500,5259530000,48.3(1.36 %),439900,21199835000,331400,15940305000,336877824,23.0
13/03/2024,503400,25195505000,51.6(6.83 %),819600,41282520000,316200,16087015000,336257829,23.14
14/03/2024,-103200,-5355870000,52.2(1.16 %),130700,6890130000,233900,12246000000,336361029,23.12
15/03/2024,329700,17166630000,53.7(2.87 %),1058500,55718020000,728800,38551390000,336031329,23.2
18/03/2024,-171500,-8902510000,51.7(-3.72 %),1416200,73009290000,1587700,81911800000,334534200,23.54
19/03/2024,-658100,-33951940000,50.7(-1.93 %),90500,4654800000,748600,38606740000,335172600,23.39
20/03/2024,677400,35507990000,53.2(4.93 %),1366000,71224790000,688600,35716800000,336183529,23.16
21/03/2024,336400,18374510000,54(1.50 %),1090400,58846870000,754000,40472360000,335847129,23.24
22/03/2024,-978300,-52853430000,53.7(-0.56 %),234900,12732200000,1213200,65585630000,336825429,23.01
25/03/2024,303100,15803550000,52(-3.17 %),707900,37380690000,404800,21577140000,335552416,23.3
26/03/2024,332000,17446060000,53.2(2.31 %),403600,21226610000,71600,3780550000,335889429,23.23
27/03/2024,-739500,-38992010000,52.8(-0.75 %),249200,13134470000,988700,52126480000,336517824,23.08
28/03/2024,-787100,-43023310000,53.7(1.70 %),1351300,73118170000,2138400,116141480000,335238100,23.37
29/03/2024,235600,12677770000,53.8(0.19 %),384300,20712000000,148700,8034230000,335842528,23.24
01/04/2024,-1844200,-98182980000,53.6(-0.37 %),560100,29678050000,2404300,127861030000,337420832,22.88
02/04/2024,-4265600,-224023520000,53.6(0.00 %),611600,32310160000,4877200,256333680000,340108126,22.26
03/04/2024,-1551000,-82894590000,52.1(-2.80 %),126600,6733550000,1677600,89628140000,339235616,22.46
04/04/2024,157000,8202280000,52(-0.19 %),177200,9254620000,20200,1052340000,341502126,21.94
05/04/2024,-219600,-11269100000,49.7(-4.42 %),49300,2519230000,268900,13788330000,345563616,21.01
08/04/2024,360000,18126300000,49.7(0.00 %),1537600,77033190000,1177600,58906890000,341361726,21.98
09/04/2024,535000,27199230000,51.6(3.82 %),553300,28139080000,18300,939850000,340826726,22.1
10/04/2024,-84800,-4329610000,50.8(-1.55 %),102900,5261210000,187700,9590820000,340911526,22.08
11/04/2024,-46300,-2332900000,51(0.39 %),289400,14716270000,335700,17049170000,344565900,21.24
12/04/2024,-539200,-27738790000,52.1(2.16 %),8200,422890000,547400,28161680000,344745400,21.2
15/04/2024,-930800,-47579420000,48.5(-6.91 %),114000,5628975000,1044800,53208395000,342427826,21.73
16/04/2024,-294700,-14199170000,47.8(-1.44 %),402900,19010155000,697600,33209325000,342722526,21.67
17/04/2024,-656300,-30994590000,45.1(-5.65 %),138800,6505560000,795100,37500150000,343084126,21.58
19/04/2024,1479300,67103670000,45(-0.22 %),1876100,85129285000,396800,18025615000,341604826,21.92
22/04/2024,1024500,47740150000,47.25(5.00 %),1116100,52045755000,91600,4305605000,344522048,21.25
23/04/2024,-47100,-2367375000,45.55(-3.60 %),465300,21616355000,512400,23983730000,344453760,21.27
24/04/2024,-188400,-8820995000,47.5(4.28 %),410100,19444890000,598500,28265885000,340815826,22.1
25/04/2024,-132800,-6228335000,47(-1.05 %),137400,6468665000,270200,12697000000,340948626,22.07
26/04/2024,596300,28076025000,47(0.00 %),1107000,51933655000,510700,23857630000,344001800,21.37
02/05/2024,-569000,-26364645000,46.35(-1.38 %),114800,5308300000,683800,31672945000,344157200,21.34
03/05/2024,203300,9559105000,46.7(0.76 %),284200,13378210000,80900,3819105000,344383700,21.28
06/05/2024,153700,7388425000,48.5(3.85 %),299700,14478320000,146000,7089895000,344767800,21.2
07/05/2024,-169500,-8142260000,48(-1.03 %),53800,2583045000,223300,10725305000,344794900,21.19
08/05/2024,-80600,-3855390000,48.5(1.04 %),156000,7548930000,236600,11404320000,344784900,21.19
09/05/2024,-1281000,-61660700000,48(-1.03 %),6600,316745000,1287600,61977445000,345001600,21.14
10/05/2024,-984200,-46928645000,47.75(-0.52 %),25000,1193840000,1009200,48122485000,345213200,21.09
13/05/2024,-581500,-27792050000,47.9(0.31 %),272700,13147360000,854200,40939410000,346228100,20.86
14/05/2024,-1029900,-49293870000,47.65(-0.52 %),22800,1090710000,1052700,50384580000,347771498,20.51
15/05/2024,-851000,-40861765000,48.55(1.89 %),200300,9709225000,1051300,50570990000,348622498,20.32
16/05/2024,144500,7032425000,48.75(0.41 %),249300,12174045000,104800,5141620000,348477998,20.35
17/05/2024,-244300,-12047505000,49.2(0.92 %),700,34520000,245000,12082025000,349722400,20.06
20/05/2024,-306300,-15382730000,50.2(2.03 %),55500,2781520000,361800,18164250000,349771700,20.05
21/05/2024,-140200,-7012990000,50.8(1.20 %),25700,1284445000,165900,8297435000,349991000,20.0
22/05/2024,-230700,-11643455000,50(-1.57 %),21700,1105510000,252400,12748965000,350331100,19.92
23/05/2024,100800,4947450000,50(0.00 %),100800,4947450000,0,0,350396256,19.91
24/05/2024,-688700,-33386175000,47.95(-4.10 %),3500,170965000,692200,33557140000,350131898,19.97
27/05/2024,-847600,-40598215000,47.55(-0.83 %),66400,3171565000,914000,43769780000,350578656,19.87
28/05/2024,-77700,-3779080000,48.8(2.63 %),225700,10858420000,303400,14637500000,351045152,19.76
29/05/2024,-605700,-29305820000,48.6(-0.41 %),99200,4821115000,704900,34126935000,351859936,19.57
30/05/2024,-966200,-45807595000,47.7(-1.85 %),1200,57080000,967400,45864675000,352162144,19.51
31/05/2024,-239900,-11470360000,47.5(-0.42 %),129100,6191915000,369000,17662275000,352738000,19.37
03/06/2024,80300,3899445000,48.5(2.11 %),86900,4218200000,6600,318755000,352737992,19.38
04/06/2024,109500,5375855000,49.1(1.24 %),121800,5980415000,12300,604560000,352628492,19.4
05/06/2024,5100,250550000,48.75(-0.71 %),5300,260360000,200,9810000,352623392,19.4
06/06/2024,-17500,-823880000,48.3(-0.92 %),75000,3656785000,92500,4480665000,353804392,19.13
07/06/2024,-31500,-1527355000,48.35(0.10 %),0,0,31500,1527355000,353804592,19.13
10/06/2024,-600453,-29326819650,48.6(0.52 %),58447,2857690350,658900,32184510000,354405045,19.0
11/06/2024,-789300,-39778860000,51(4.94 %),803300,40210925000,1592600,79989785000,353804392,19.13
12/06/2024,-62826,-3218678600,51.2(0.39 %),29974,1523211400,92800,4741890000,353695771,19.16
13/06/2024,0,0,50.7(-0.98 %),0,0,0,0,354706151,18.92
14/06/2024,-888000,-45108225000,49(-3.35 %),147200,7259520000,1035200,52367745000,354651751,18.94
17/06/2024,32400,1567945000,48.65(-0.71 %),114600,5579430000,82200,4011485000,354683151,18.93
18/06/2024,-69600,-3405690000,48.6(-0.10 %),5000,245255000,74600,3650945000,355713351,18.69
19/06/2024,-340159,-16651744450,49.05(0.93 %),23441,1147235550,363600,17798980000,355772110,18.68
20/06/2024,-67629,-3311767450,48.7(-0.71 %),4200,204790000,71829,3516557450,355842510,18.66
21/06/2024,-498000,-24008150000,48.2(-1.03 %),9900,478630000,507900,24486780000,356196210,18.58
24/06/2024,29300,1125860000,45.5(-5.60 %),431100,19842235000,401800,18716375000,355836939,18.67
25/06/2024,1864049,86305363400,46.7(2.64 %),1978100,91569140000,114051,5263776600,354366739,19.0
26/06/2024,-157351,-7272736300,46.3(-0.86 %),10000,457000000,167351,7729736300,354758539,18.91
27/06/2024,1800,80825000,45.95(-0.76 %),23600,1085340000,21800,1004515000,354848990,18.89
28/06/2024,9565,448763000,46.1(0.33 %),115700,5341035000,106135,4892272000,354896641,18.88
04/07/2024,-15300,-724700000,47.3(0.21 %),4300,202955000,19600,927655000,353684846,0.0
05/07/2024,-4800,-227300000,47.1(-0.42 %),6400,302505000,11200,529805000,353689646,0.0
08/07/2024,-126300,-5972325000,47.2(0.21 %),2400,113520000,128700,6085845000,353815946,0.0
09/07/2024,7300,306875000,48(1.69 %),102200,4859325000,94900,4552450000,353808646,0.0
10/07/2024,-73100,-3461355000,47.2(-1.67 %),103600,4945420000,176700,8406775000,353881746,0.0
11/07/2024,487400,23384010000,48(1.69 %),559100,26822840000,71700,3438830000,353394346,0.0
12/07/2024,-32400,-1556065000,47.9(-0.21 %),42600,2046970000,75000,3603035000,353426746,0.0
15/07/2024,-20700,-994385000,48.05(0.31 %),1600,76960000,22300,1071345000,353447446,0.0
16/07/2024,26400,1277880000,47.9(-0.31 %),51900,2505135000,25500,1227255000,353421046,0.0
17/07/2024,13200,606025000,46.9(-2.09 %),43900,2086220000,30700,1480195000,353407846,0.0
18/07/2024,-33500,-1581065000,47.65(1.60 %),4600,217450000,38100,1798515000,353441346,0.0
19/07/2024,-109300,-5198445000,47.5(-0.31 %),11900,568110000,121200,5766555000,353550646,0.0
22/07/2024,62700,3016055000,47.35(-0.32 %),119100,5703695000,56400,2687640000,353487946,0.0
23/07/2024,-126300,-5966090000,46(-2.85 %),7800,362310000,134100,6328400000,353614246,0.0
24/07/2024,88300,3934350000,44.8(-2.61 %),143400,6444250000,55100,2509900000,353525946,0.0
25/07/2024,-241900,-10751535000,44.6(-0.45 %),15700,692340000,257600,11443875000,353767846,0.0
26/07/2024,82000,3688285000,45.05(1.01 %),182700,8198810000,100700,4510525000,353685846,0.0
29/07/2024,53700,2451185000,45.2(0.33 %),97700,4446985000,44000,1995800000,353632146,0.0
30/07/2024,53700,2451185000,44.5(-1.55 %),97700,4446985000,44000,1995800000,353578446,0.0
31/07/2024,-12300,-542025000,44.5(0.00 %),79200,3535910000,91500,4077935000,353590746,0.0
01/08/2024,481100,20298095000,42.1(-5.39 %),566800,23967390000,85700,3669295000,357573877,0.0
02/08/2024,132100,5644740000,43.4(3.09 %),183500,7851145000,51400,2206405000,357441777,0.0
05/08/2024,-482200,-20265875000,40.8(-5.99 %),7600,319740000,489800,20585615000,357923977,0.0
06/08/2024,516900,22470960000,43(5.39 %),1065900,45389320000,549000,22918360000,357407077,0.0
07/08/2024,427300,18576625000,43.6(1.40 %),450000,19553005000,22700,976380000,356979777,0.0
08/08/2024,253600,10938345000,43.35(-0.57 %),301100,13001880000,47500,2063535000,356726177,0.0
09/08/2024,1341700,59855895000,45.3(4.50 %),1372500,61217155000,30800,1361260000,355384477,0.0
12/08/2024,180000,8267205000,45.9(1.32 %),450200,20556500000,270200,12289295000,355204477,0.0
13/08/2024,542400,24739265000,45.8(-0.22 %),774200,35235780000,231800,10496515000,354662077,0.0
14/08/2024,-34900,-1595685000,45.3(-1.09 %),101200,4584420000,136100,6180105000,354696977,0.0
15/08/2024,97700,4331775000,44.35(-1.22 %),133800,5937220000,36100,1605445000,354599277,0.0
16/08/2024,1085800,50416830000,46.75(5.41 %),1182900,54941980000,97100,4525150000,353513477,0.0
19/08/2024,58400,2699825000,46.25(-1.07 %),106000,4903660000,47600,2203835000,353455077,0.0
20/08/2024,118600,5530045000,46.5(0.54 %),187600,8747325000,69000,3217280000,353336477,0.0
21/08/2024,461300,21614650000,47.1(1.29 %),506700,23740570000,45400,2125920000,352875177,0.0
22/08/2024,-3400,-130620000,47.35(0.53 %),101200,4784325000,104600,4914945000,352878577,0.0
23/08/2024,126700,6040065000,47.5(0.32 %),207500,9861245000,80800,3821180000,352751877,0.0
26/08/2024,1183300,56991785000,48.5(2.11 %),1254300,60409840000,71000,3418055000,351568577,0.0
27/08/2024,9800,515115000,48.05(-0.93 %),461500,22226460000,451700,21711345000,351558777,0.0
28/08/2024,90300,4314990000,47.7(-0.73 %),184400,8805100000,94100,4490110000,351468477,0.0
29/08/2024,-1920200,-90263535000,46.3(-2.94 %),337500,15882810000,2257700,106146345000,353388677,0.0
30/08/2024,-1211300,-55694655000,46.45(0.32 %),568300,26371555000,1779600,82066210000,354599977,0.0
04/09/2024,-910200,-41839395000,45.9(-1.18 %),99800,4581255000,1010000,46420650000,350358308,0.0
05/09/2024,-1624500,-74352670000,45(-1.96 %),25600,1166025000,1650100,75518695000,351982808,0.0
06/09/2024,-285300,-12365145000,45.5(1.11 %),608600,27616575000,893900,39981720000,352268108,0.0
09/09/2024,-389300,-17500715000,44.85(-1.43 %),210400,9476310000,599700,26977025000,352657408,0.0
10/09/2024,849900,37924985000,44.2(-1.45 %),905300,40398285000,55400,2473300000,351807508,0.0
11/09/2024,-652100,-28577870000,43.8(-0.90 %),533800,23513330000,1185900,52091200000,352459608,0.0
12/09/2024,-1692800,-57630690000,33.4(-0.86 %),108600,3743215000,1801400,61373905000,354152408,0.0
13/09/2024,-2548900,-85520935000,33.4(0.00 %),250000,8381905000,2798900,93902840000,356701308,0.0
16/09/2024,-1014700,-33651050000,32.5(-2.69 %),75100,2482545000,1089800,36133595000,357716008,0.0
17/09/2024,-50100,-1697980000,34.15(5.08 %),317500,10535945000,367600,12233925000,357766108,0.0
18/09/2024,-395000,-13597250000,34.5(1.02 %),286700,9912520000,681700,23509770000,358161108,0.0
19/09/2024,-352900,-12157650000,34.6(0.29 %),247300,8535165000,600200,20692815000,358514008,0.0
20/09/2024,185100,6335865000,34.5(-0.29 %),1209700,41767480000,1024600,35431615000,358328908,0.0
23/09/2024,241900,8322705000,34.2(-0.87 %),1261900,43281750000,1020000,34959045000,358087008,0.0
24/09/2024,27100,972970000,34.5(0.88 %),1327900,45407160000,1300800,44434190000,358059908,0.0
25/09/2024,2543500,90059520000,35.6(3.19 %),2807700,99428120000,264200,9368600000,355516408,0.0
26/09/2024,2382300,85502155000,36.15(1.54 %),2583100,92717675000,200800,7215520000,353134108,0.0
27/09/2024,-30500,-1123550000,35.9(-0.69 %),737100,26484110000,767600,27607660000,353164608,0.0
30/09/2024,345900,12472000000,36.7(2.23 %),674400,24504120000,328500,12032120000,352818708,0.0
01/10/2024,-200600,-7428735000,36.5(-0.54 %),23200,860545000,223800,8289280000,356690694,0.0
02/10/2024,727600,26635575000,36.4(-0.27 %),729700,26712330000,2100,76755000,355963094,0.0
03/10/2024,-44500,-1680305000,36.55(0.41 %),281600,10237470000,326100,11917775000,356007594,0.0
04/10/2024,705800,25693785000,36.25(-0.82 %),795800,28976985000,90000,3283200000,355301794,0.0
07/10/2024,-31600,-1094955000,37.6(3.72 %),378600,13896950000,410200,14991905000,355333394,0.0
08/10/2024,-34200,-1408465000,37.3(-0.80 %),584400,21969715000,618600,23378180000,355367594,0.0
09/10/2024,602300,22477560000,37.4(0.27 %),729700,27234690000,127400,4757130000,354765294,0.0
10/10/2024,-780800,-29100795000,36.4(-2.67 %),4000,148135000,784800,29248930000,355546094,0.0
11/10/2024,40900,1500510000,36.85(1.24 %),42200,1548040000,1300,47530000,355505194,0.0
14/10/2024,-95600,-3557270000,36.7(-0.41 %),104400,3851320000,200000,7408590000,355600794,0.0
15/10/2024,-299500,-10923565000,36(-1.91 %),326700,11904625000,626200,22828190000,355900294,0.0
16/10/2024,-83100,-2974080000,35.75(-0.69 %),434300,15579750000,517400,18553830000,355983394,0.0
17/10/2024,812100,29245300000,36.7(2.66 %),928800,33468015000,116700,4222715000,355171294,0.0
18/10/2024,-753300,-27504010000,36.1(-1.63 %),123300,4504890000,876600,32008900000,355924594,0.0
21/10/2024,-147700,-5357480000,35.6(-1.39 %),550900,19946095000,698600,25303575000,356072294,0.0
22/10/2024,-1093000,-39013845000,35.45(-0.42 %),303900,10827100000,1396900,49840945000,357165294,0.0
23/10/2024,-404900,-14326555000,35.35(-0.28 %),23900,841710000,428800,15168265000,357570194,0.0
24/10/2024,-567500,-19945835000,34.5(-2.40 %),48000,1692425000,615500,21638260000,358137694,0.0
25/10/2024,-1126600,-38668935000,34.5(0.00 %),35700,1219665000,1162300,39888600000,359264294,0.0
28/10/2024,-775200,-26988000000,34.65(0.43 %),28100,979135000,803300,27967135000,360039494,0.0
29/10/2024,-140300,-4879335000,34.65(0.00 %),800,27930000,141100,4907265000,360179794,0.0
30/10/2024,-226900,-7819805000,34.35(-0.87 %),12700,436375000,239600,8256180000,360406694,0.0
31/10/2024,-646700,-22504740000,34.65(0.87 %),263400,9114990000,910100,31619730000,361053394,0.0
01/11/2024,-772700,-26369940000,33.9(-2.16 %),0,0,772700,26369940000,468634416,0.0
04/11/2024,282900,9710685000,34.4(1.47 %),371300,12704330000,88400,2993645000,468351516,0.0
05/11/2024,-487900,-16819230000,34.1(-0.87 %),17900,618270000,505800,17437500000,468839416,0.0
06/11/2024,-382900,-13252135000,34.95(2.49 %),20100,693255000,403000,13945390000,469222316,0.0
07/11/2024,-500900,-17506205000,34.65(-0.86 %),450200,15658715000,951100,33164920000,469723216,0.0
08/11/2024,-107000,-3709250000,34.5(-0.43 %),122300,4238720000,229300,7947970000,469830216,0.0
11/11/2024,2800,91640000,34.65(0.43 %),277700,9540240000,274900,9448600000,469827416,0.0
12/11/2024,-538300,-18883550000,34.75(0.29 %),124000,4352480000,662300,23236030000,538262666,25.04
13/11/2024,26600,906210000,34.6(-0.43 %),201300,6964980000,174700,6058770000,470339116,0.0
14/11/2024,-258500,-9035645000,32.95(-4.77 %),119200,3965465000,377700,13001110000,470597616,0.0
15/11/2024,328600,10537620000,32.3(-1.97 %),456500,14762380000,127900,4224760000,470269016,0.0
18/11/2024,455800,15033560000,33(2.17 %),547300,18029455000,91500,2995895000,469813216,0.0
19/11/2024,-183500,-6026175000,32.25(-2.27 %),10000,323060000,193500,6349235000,469996716,0.0
20/11/2024,-130700,-4442325000,32.7(1.40 %),391700,12815325000,522400,17257650000,470127416,0.0
21/11/2024,189000,6300240000,33.2(1.53 %),313800,10412525000,124800,4112285000,469938416,0.0
22/11/2024,-358400,-11878950000,33(-0.60 %),8400,279170000,366800,12158120000,470296816,0.0
25/11/2024,801200,26761270000,33.5(1.52 %),914800,30500515000,113600,3739245000,470938029,18.02
26/11/2024,91400,3062725000,33.55(0.15 %),109200,3664300000,17800,601575000,471195629,17.98
27/11/2024,-3500,-118080000,33.35(-0.60 %),3700,123840000,7200,241920000,471305529,17.96
28/11/2024,-46000,-1542230000,33.05(-0.90 %),0,0,46000,1542230000,471323405,17.96
29/11/2024,142800,4732670000,33.1(0.15 %),151200,5011455000,8400,278785000,471179405,17.98
02/12/2024,-3100,-103160000,33.15(0.15 %),4500,148980000,7600,252140000,471220905,17.97
03/12/2024,-13000,-428765000,33(-0.45 %),9200,305410000,22200,734175000,540780105,24.69
04/12/2024,-361600,-11804180000,32.5(-1.52 %),5000,162755000,366600,11966935000,540782750,24.69
05/12/2024,746400,25228810000,34.75(6.92 %),815100,27588170000,68700,2359360000,539989866,24.8
09/12/2024,431200,14991385000,34.85(0.14 %),441000,15331340000,9800,339955000,538781766,24.97
10/12/2024,186700,6444595000,34.6(-0.72 %),330000,11418850000,143300,4974255000,538579666,25.0
16/12/2024,647500,22228325000,34.6(1.17 %),653300,22427300000,5800,198975000,538215253,25.05
17/12/2024,191200,6614775000,34.4(-0.58 %),275000,9508815000,83800,2894040000,538195515,25.05
18/12/2024,-160000,-5464275000,34.45(0.15 %),125100,4309170000,285100,9773445000,538076283,25.07
19/12/2024,-664700,-22475635000,34.4(-0.15 %),195100,6668255000,859800,29143890000,537964983,25.08
20/12/2024,295100,10114025000,34.15(-0.73 %),1195600,40818905000,900500,30704880000,537054476,25.21
24/12/2024,0,0,33.7(-1.75 %),0,0,0,0,538352637,25.03
25/12/2024,148700,5089225000,34.1(1.19 %),150600,5154105000,1900,64880000,538207837,25.05
26/12/2024,12700,431810000,33.8(-0.88 %),13700,465760000,1000,33950000,538258836,25.04
27/12/2024,-51400,-1744175000,33.75(-0.15 %),127000,4289120000,178400,6033295000,538133762,25.06
30/12/2024,26200,870070000,33.6(-0.44 %),82600,2776860000,56400,1906790000,538052162,25.07
31/12/2024,-9700,-326805000,33.2(-1.19 %),900,30190000,10600,356995000,538229662,25.05
02/01/2025,704300,23550310000,33.6(1.20 %),748100,25017760000,43800,1467450000,537537948,25.14
03/01/2025,-377200,-12505020000,32.8(-2.38 %),5200,172275000,382400,12677295000,537543273,25.14
06/01/2025,686500,22119715000,32.3(-1.52 %),1007200,32596600000,320700,10476885000,536579985,25.28
07/01/2025,-958700,-30967890000,31.8(-1.55 %),500000,16073650000,1458700,47041540000,536579985,25.28
08/01/2025,52200,1629040000,32.15(1.10 %),137700,4406690000,85500,2777650000,536645385,25.27
09/01/2025,-37000,-1188835000,31.8(-1.09 %),800,25705000,37800,1214540000,538103282,25.07
10/01/2025,255000,8083805000,31.5(-0.94 %),274300,8700630000,19300,616825000,537914452,25.09
13/01/2025,294700,9262535000,32.15(2.06 %),401600,12627070000,106900,3364535000,537550652,25.14
14/01/2025,-264600,-8476750000,31.85(-0.93 %),15200,487480000,279800,8964230000,537554752,25.14
15/01/2025,3900,124985000,32.05(0.63 %),15200,487260000,11300,362275000,537646452,25.13
16/01/2025,-759100,-24856285000,32.4(1.09 %),137500,4512525000,896600,29368810000,538405552,0.0
17/01/2025,-422000,-13671725000,32.45(0.15 %),0,0,422000,13671725000,537800052,25.11
20/01/2025,-253900,-8232690000,32.25(-0.62 %),5600,181720000,259500,8414410000,538691052,24.98
21/01/2025,-9300,-285025000,32.75(1.55 %),308400,10119415000,317700,10404440000,538804692,24.97
22/01/2025,28600,939730000,32.7(-0.15 %),28600,939730000,0,0,539035618,24.94
23/01/2025,930000,31665905000,34.5(5.50 %),930300,31676155000,300,10250000,538423018,25.02
24/01/2025,323700,11126320000,34.4(-0.29 %),513900,17644565000,190200,6518245000,537909118,25.09
03/02/2025,409300,13949415000,0(0.00 %),1152400,39670835000,743100,25721420000,536757018,25.25
04/02/2025,-922400,-32166155000,34.8(0.29 %),159900,5575950000,1082300,37742105000,536787318,25.25
05/02/2025,-1096400,-38037740000,34.7(-0.29 %),751800,26085600000,1848200,64123340000,536778618,25.25
06/02/2025,-523300,-18223195000,34.3(-0.44 %),684000,23665485000,1207300,41888680000,537218918,25.19
07/02/2025,197600,6793460000,34.4(0.29 %),534600,18346330000,337000,11552870000,538532518,25.01
10/02/2025,842800,29266950000,34.6(0.58 %),1305200,45339745000,462400,16072795000,538434618,25.02
11/02/2025,-1482200,-51479455000,34.6(0.00 %),6900,239430000,1489100,51718885000,538764718,24.97
12/02/2025,-473300,-16475810000,34.6(0.00 %),36800,1279020000,510100,17754830000,539190368,24.91
13/02/2025,-475800,-16486260000,34.9(0.87 %),10100,351060000,485900,16837320000,540669368,24.71
14/02/2025,-189100,-6689990000,35.35(1.29 %),236300,8417320000,425400,15107310000,540943223,24.67
17/02/2025,-390500,-13791425000,35.55(0.57 %),252400,8952750000,642900,22744175000,541184723,24.64
18/02/2025,2954500,105931380000,35.9(0.98 %),3334500,119564440000,380000,13633060000,538266625,25.04
19/02/2025,1013900,36724825000,36.3(1.11 %),1226000,44377215000,212100,7652390000,537683490,25.12
20/02/2025,1242800,45153320000,36.3(0.00 %),1514100,55029400000,271300,9876080000,536549390,25.28
21/02/2025,904600,32643415000,36.25(-0.14 %),1038900,37487270000,134300,4843855000,535722593,25.4
24/02/2025,575400,21061865000,36.75(1.38 %),903800,32960195000,328400,11898330000,535090107,25.49
25/02/2025,2025400,74885130000,36.8(0.14 %),2178700,80556130000,153300,5671000000,533041726,25.77
26/02/2025,301200,11017620000,36.6(-0.54 %),587100,21600640000,285900,10583020000,532783026,25.81
27/02/2025,-26400,-953615000,36.8(0.55 %),169500,6223635000,195900,7177250000,532766826,25.81
28/02/2025,-561000,-20605035000,36.45(-0.95 %),250600,9198715000,811600,29803750000,532802126,25.8
03/03/2025,2216000,82038940000,37.3(2.33 %),2761500,102424020000,545500,20385080000,530236526,26.16
04/03/2025,2013400,74862540000,37.45(0.40 %),2112100,78537570000,98700,3675030000,528936026,26.34
05/03/2025,1388000,52010225000,37.1(-0.93 %),2018000,75623545000,630000,23613320000,527463526,26.55
06/03/2025,2473400,93345675000,38.5(3.77 %),3838700,145230385000,1365300,51884710000,523723552,27.07
07/03/2025,826600,31987000000,38.95(1.17 %),1684600,65263430000,858000,33276430000,522676952,27.21
10/03/2025,1529000,60162590000,39.25(0.77 %),2059900,81161485000,530900,20998895000,521982408,27.31
11/03/2025,765000,29987500000,39.45(0.51 %),1058900,41522120000,293900,11534620000,521982408,27.31
12/03/2025,729700,28623255000,39.25(-0.51 %),1044900,41018660000,315200,12395405000,521266936,27.41
13/03/2025,1439371,56155961350,38.85(-1.02 %),1593971,62188961350,154600,6033000000,520066945,27.58
14/03/2025,1489100,57856555000,38.9(0.13 %),1617300,62837640000,128200,4981085000,518764855,27.76
17/03/2025,1834200,72016320000,39.45(1.41 %),2542500,99863330000,708300,27847010000,516375878,28.09
18/03/2025,1657000,65424190000,39.1(-0.89 %),1811800,71533045000,154800,6108855000,514691693,28.33
19/03/2025,574400,22295015000,38.75(-0.90 %),1187200,46074185000,612800,23779170000,514212823,28.39
20/03/2025,1430300,55915780000,39.2(1.16 %),2004000,78342010000,573700,22426230000,512363230,28.65
21/03/2025,4105600,161757480000,39.1(-0.26 %),7154200,281148780000,3048600,119391300000,505821356,29.56
24/03/2025,204000,8101290000,39.45(0.90 %),1444700,56189860000,1240700,48088570000,504950356,29.68
25/03/2025,-1252500,-49203740000,39.05(-1.01 %),19100,755840000,1271600,49959580000,507980056,29.26
26/03/2025,-30800,-1217110000,38.4(-1.66 %),418700,16223180000,449500,17440290000,508802156,29.15
27/03/2025,1475100,56616730000,38.3(-0.26 %),1754400,67332085000,279300,10715355000,508319556,29.21
28/03/2025,968600,36700480000,38.1(-0.52 %),1334400,50690875000,365800,13990395000,507435457,29.34
31/03/2025,1070500,40825250000,38.3(0.52 %),1818900,69391240000,748400,28565990000,505895957,29.55
01/04/2025,815400,31735805000,39(1.83 %),1800800,69613665000,985400,37877860000,504460863,29.75
02/04/2025,196500,7542325000,39(0.00 %),1549500,60674450000,1353000,53132125000,503659244,29.86
03/04/2025,-1957200,-72062255000,36.3(-6.92 %),131900,4879455000,2089100,76941710000,504503344,29.74
04/04/2025,-892300,-31065435000,37(1.93 %),2119400,75077150000,3011700,106142585000,503736958,29.85
08/04/2025,78900,2842985000,34.45(-6.89 %),452400,15805045000,373500,12962060000,505374451,29.62
09/04/2025,1620700,52145675000,32.05(-6.97 %),3299900,106717315000,1679200,54571640000,505086269,29.66
10/04/2025,-35700,-1222725000,34.25(6.86 %),0,0,35700,1222725000,505444969,29.61
11/04/2025,-446000,-15812830000,36.3(5.99 %),944000,32923590000,1390000,48736420000,506180158,29.51
14/04/2025,-168000,-5554025000,37.3(2.75 %),1281200,47299115000,1449200,52853140000,504934658,29.68
15/04/2025,185500,6744765000,36.5(-2.14 %),669200,24407410000,483700,17662645000,505655458,29.58
16/04/2025,3001000,111236355000,36.8(0.82 %),3630300,134600000000,629300,23363645000,503474358,29.89
17/04/2025,2837000,105467310000,37.6(2.17 %),3285900,122115030000,448900,16647720000,500591846,30.29
18/04/2025,1337400,50605320000,37.05(-1.46 %),2215800,84096685000,878400,33491365000,499005346,30.51
21/04/2025,-760600,-27344440000,35.7(-3.64 %),1127000,40988640000,1887600,68333080000,498325676,30.6
22/04/2025,285600,8853390000,35.8(0.28 %),1241000,42437970000,955400,33584580000,497963009,30.66
23/04/2025,200000,7286785000,36.3(1.40 %),395200,14406220000,195200,7119435000,499459409,30.45
24/04/2025,-691700,-25175260000,36.75(1.24 %),83700,3045070000,775400,28220330000,500331109,30.33
25/04/2025,-1755500,-64085705000,36.35(-1.09 %),5700,207205000,1761200,64292910000,500520609,30.3
28/04/2025,-81800,-3015465000,36.75(1.10 %),557600,20402690000,639400,23418155000,500738409,30.27
29/04/2025,1466000,54157760000,37(0.68 %),1488400,54978720000,22400,820960000,501011209,30.23
05/05/2025,95000,-77569967000,37(0.00 %),95000,3518070000,0,81088037000,501650609,30.14
06/05/2025,1246200,46315530000,37(0.00 %),1452200,53976370000,206000,7660840000,500426809,30.31
07/05/2025,448800,16383035000,36.4(-1.62 %),735500,26917295000,286700,10534260000,502070555,30.08
08/05/2025,1251500,45910760000,36.85(1.24 %),1260600,46245730000,9100,334970000,500819145,30.26
09/05/2025,-885400,-32383545000,36.35(-1.36 %),243400,8957380000,1128800,41340925000,500819145,30.26
12/05/2025,-1535500,-55601325000,36.45(0.28 %),466600,16947285000,2002100,72548610000,500819145,30.26
13/05/2025,682600,25245790000,36.85(1.10 %),1972300,73090975000,1289700,47845185000,501021945,30.23
14/05/2025,2156900,80294475000,37.7(2.31 %),3217100,119724860000,1060200,39430385000,500400470,30.32
15/05/2025,1226500,44203455000,37.9(0.53 %),1226500,46494020000,0,2290565000,499234370,30.48
16/05/2025,1720100,36350309100,37.55(-0.92 %),1720100,65052005000,0,28701695900,498269108,30.61
19/05/2025,356800,-26531040250,36.7(-2.26 %),356800,13160755000,0,39691795250,498269108,30.61
20/05/2025,239265,-7822760000,36.95(0.68 %),239265,8857210000,0,16679970000,498269108,30.61
21/05/2025,34800,-21376330000,37(0.14 %),34800,1290025000,0,22666355000,498982915,30.51
22/05/2025,417200,-4486805000,36.5(-1.35 %),417200,15536670000,0,20023475000,499192450,30.48
23/05/2025,-490400,-17820370000,36.25(-0.68 %),300,10900000,490700,17831270000,499771150,30.4
26/05/2025,233200,-19965255000,37(2.07 %),233200,8521285000,0,28486540000,499894850,30.39
27/05/2025,-808700,-29996080000,37(0.00 %),136600,5074865000,945300,35070945000,500385250,30.32
28/05/2025,228400,-101104085000,36.55(-1.22 %),228400,8519490000,0,109623575000,500933950,30.24
29/05/2025,184200,-38814245000,36.15(-1.09 %),184200,6740830000,0,45555075000,501742650,30.13
30/05/2025,63700,-40902226450,36(-0.41 %),63700,2356630000,0,43258856450,504475750,29.75
02/06/2025,94700,-22137530000,36.3(0.83 %),94700,3439205000,0,25576735000,505542050,29.6
03/06/2025,1784500,45578360000,37.2(2.48 %),1784500,66471570000,0,20893210000,505441709,29.61
04/06/2025,32700,-49063595000,36.65(-1.48 %),32700,1212325000,0,50275920000,506053909,29.53
05/06/2025,312300,4994925000,36.85(0.55 %),312300,11492555000,0,6497630000,505918309,29.55
06/06/2025,422300,-106492695000,35.9(-2.58 %),422300,15242735000,0,121735430000,507245409,29.36
09/06/2025,10400,-58211610000,35.2(-1.95 %),10400,372220000,0,58583830000,507245409,29.36
10/06/2025,1280400,36111194500,35.45(0.71 %),1280400,45412790000,0,9301595500,509163010,29.1
11/06/2025,528700,18779655000,35.45(0.00 %),700100,24858680000,171400,6079025000,510265710,28.94
12/06/2025,2032700,73133855000,36.15(1.97 %),2033500,73162530000,800,28675000,508233010,29.23
13/06/2025,-42500,-1509015000,35.35(-2.21 %),23500,834945000,66000,2343960000,508233010,29.23
16/06/2025,-1595900,-56796590000,35.9(1.56 %),42100,1499645000,1638000,58296235000,508233010,29.23
17/06/2025,1651400,59447060000,36.05(0.42 %),2000800,72014770000,349400,12567710000,506624110,29.45
18/06/2025,-1653600,-59444175000,35.75(-0.83 %),187400,6760795000,1841000,66204970000,508220010,29.23
19/06/2025,-106900,-3809450000,35.6(-0.42 %),12400,443130000,119300,4252580000,508220010,29.23
20/06/2025,88500,3229910000,35.8(0.56 %),545500,19528650000,457000,16298740000,509785110,29.01
23/06/2025,-1517200,-53442105000,35.2(-1.68 %),209300,7372680000,1726500,60814785000,509892010,28.99
24/06/2025,-173500,-6096120000,35.8(1.70 %),419000,15066365000,592500,21162485000,509892010,28.99
25/06/2025,530800,19103765000,35.85(0.14 %),602100,21665105000,71300,2561340000,510878410,28.86
26/06/2025,-745700,-26498200000,35.5(-0.98 %),200,7090000,745900,26505290000,511337910,28.79
27/06/2025,-2057400,-73108060000,35.45(-0.14 %),108700,3876335000,2166100,76984395000,511337910,28.79
30/06/2025,-1097,-3027157,35.75(0.85 %),2334,8079603,3431,11106760,511779210,28.73
01/07/2025,-219000,-7797140000,35.4(-0.98 %),100300,3570695000,319300,11367835000,513664690,28.47
02/07/2025,-345400,-12306900000,36.5(3.11 %),497400,17860295000,842800,30167195000,513664690,28.47
03/07/2025,3414800,125835060000,36.8(0.82 %),4817700,177298390000,1402900,51463330000,510468891,28.91
04/07/2025,1079000,39633060000,36.7(-0.27 %),1086000,39890260000,7000,257200000,509735291,29.02
07/07/2025,1316100,48911440000,37.1(1.09 %),1565600,58178430000,249500,9266990000,508419184,29.2
08/07/2025,1535100,57463520000,37.55(1.21 %),1902500,71232635000,367400,13769115000,506884083,29.41
09/07/2025,590000,22712370000,38.25(1.86 %),1824100,70067935000,1234100,47355565000,506289183,29.5
10/07/2025,425100,16327815000,38.4(0.39 %),1781200,68197270000,1356100,51869455000,506289183,29.5
11/07/2025,1842800,74085030000,41.05(6.90 %),2042800,81880860000,200000,7795830000,504021340,29.81
14/07/2025,314100,13096960000,41.65(1.46 %),427500,17844410000,113400,4747450000,503707240,29.86
15/07/2025,-1825600,-76964390000,40.9(-1.80 %),583300,24635735000,2408900,101600125000,503707240,29.86
16/07/2025,221100,8579800000,41.7(1.96 %),2367100,97801630000,2146000,89221830000,503478640,29.89
17/07/2025,-518400,-21685720000,41.3(-0.96 %),79500,3285930000,597900,24971650000,503478640,29.89
18/07/2025,272300,11336315000,41.7(0.97 %),888300,37074270000,616000,25737955000,505029990,29.67
21/07/2025,-1595400,-65691255000,40.65(-2.52 %),640900,26149440000,2236300,91840695000,505246790,29.64
22/07/2025,474700,20176450000,41.75(2.71 %),2573800,105270940000,2099100,85094490000,504772088,29.71
23/07/2025,-236300,-10158555000,41.6(-0.36 %),1029400,43071675000,1265700,53230230000,506367488,29.49
24/07/2025,-242200,-10046235000,41.5(-0.24 %),187600,7727490000,429800,17773725000,506367488,29.49
25/07/2025,476200,20517835000,43.05(3.73 %),1934400,82207760000,1458200,61689925000,510278108,29.38
28/07/2025,-221300,-9640135000,44.95(4.41 %),1230200,55847435000,1451500,65487570000,510519908,29.35
29/07/2025,-66100,-3392005000,41.85(-6.90 %),817400,35164055000,883500,38556060000,510518708,29.35
30/07/2025,-2095400,-87784860000,41.9(0.12 %),1288300,53528110000,3383700,141312970000,510739932,29.32
31/07/2025,929700,38429620000,43.05(2.74 %),1071400,44464370000,141700,6034750000,509876382,29.44
01/08/2025,-1348300,-59987700000,44.45(3.25 %),1088900,48416070000,2437200,108403770000,511971906,29.15
04/08/2025,-2145600,-95142300000,44.65(0.45 %),20100,889940000,2165700,96032240000,511971906,29.15
05/08/2025,628800,28669390000,45.8(2.58 %),1794700,82199350000,1165900,53529960000,512691508,29.05
06/08/2025,-1497700,-69705985000,46.6(1.75 %),65800,3015965000,1563500,72721950000,514837108,28.75
07/08/2025,-870000,-40330155000,46.5(-0.21 %),278500,13051270000,1148500,53381425000,514835708,28.75
08/08/2025,-1488300,-68667715000,45.5(-2.15 %),370700,17259320000,1859000,85927035000,516333408,28.55
11/08/2025,-11700,-312800000,45.9(0.88 %),896400,41066005000,908100,41378805000,517201808,28.42
12/08/2025,22700,978295000,45.5(-0.87 %),171400,7750910000,148700,6772615000,518666566,28.22
13/08/2025,448300,20564805000,47(3.30 %),887600,40666895000,439300,20102090000,518230003,28.28
14/08/2025,-311100,-14664330000,0(0.00 %),63900,3006090000,375000,17670420000,518230003,28.28
15/08/2025,-1007500,-46636655000,45.3(-2.79 %),264200,11986690000,1271700,58623345000,518230003,28.28
18/08/2025,-1279900,-57241320000,44.5(-1.77 %),1019400,45610575000,2299300,102851895000,518540998,28.24
19/08/2025,1157600,53183585000,45.9(3.15 %),2294300,104918035000,1136700,51734450000,518391298,28.26
20/08/2025,1275300,56730640000,46.2(0.65 %),1939300,86938915000,664000,30208275000,518394728,28.26
21/08/2025,957000,44283470000,46(-0.43 %),1517100,70683470000,560100,26400000000,517535728,28.38
22/08/2025,-1071000,-48528045000,43.3(-5.87 %),272900,12009210000,1343900,60537255000,517535728,28.38
25/08/2025,-104500,-4624205000,42.8(-1.15 %),177800,7740780000,282300,12364985000,517535728,28.38
26/08/2025,-850600,-37000190000,0(-100.00 %),26200,1132655000,876800,38132845000,517535728,28.38
