Ngay,KLGDRong,GTDGRong,ThayDoi,KLMua,GtMua,KLBan,GtBan,RoomConLai,DangSoHuu
11/10/2006,3020,91808,0(0.00 %),3020,91808,0,0,0,0.0
12/10/2006,9000,287100,0(0.00 %),9000,287100,0,0,0,0.0
17/10/2006,2300,81050,0(0.00 %),2300,81050,0,0,0,0.0
19/10/2006,-9000,-306000,0(0.00 %),0,0,9000,306000,0,0.0
20/10/2006,6000,201000,0(0.00 %),6000,201000,0,0,0,0.0
23/10/2006,5000,164800,0(0.00 %),5000,164800,0,0,0,0.0
24/10/2006,300,9750,0(0.00 %),300,9750,0,0,0,0.0
25/10/2006,300,9600,0(0.00 %),300,9600,0,0,0,0.0
26/10/2006,1000,31500,0(0.00 %),1000,31500,0,0,0,0.0
27/10/2006,400,12400,0(0.00 %),400,12400,0,0,0,0.0
31/10/2006,500,14300,0(0.00 %),500,14300,0,0,0,0.0
01/11/2006,-200,-6180,0(0.00 %),0,0,200,6180,0,0.0
09/11/2006,300,8970,0(0.00 %),300,8970,0,0,0,0.0
13/11/2006,300,8640,0(0.00 %),300,8640,0,0,0,0.0
15/11/2006,-5700,-165300,0(0.00 %),0,0,5700,165300,0,0.0
16/11/2006,8000,233600,0(0.00 %),8000,233600,0,0,0,0.0
17/11/2006,2500,72600,0(0.00 %),2500,72600,0,0,0,0.0
20/11/2006,300,8700,0(0.00 %),300,8700,0,0,0,0.0
21/11/2006,5330,150260,0(0.00 %),5330,150260,0,0,0,0.0
22/11/2006,-3000,-83250,0(0.00 %),0,0,3000,83250,0,0.0
24/11/2006,-200,-5980,0(0.00 %),0,0,200,5980,0,0.0
27/11/2006,100,2850,0(0.00 %),100,2850,0,0,0,0.0
29/11/2006,550,15180,0(0.00 %),2550,70380,2000,55200,0,0.0
01/12/2006,-2500,-68750,0(0.00 %),0,0,2500,68750,0,0.0
12/12/2006,7500,191250,0(0.00 %),7500,191250,0,0,0,0.0
13/12/2006,-3000,-74700,0(0.00 %),0,0,3000,74700,0,0.0
14/12/2006,300,7290,0(0.00 %),300,7290,0,0,0,0.0
15/12/2006,12400,316200,0(0.00 %),12400,316200,0,0,0,0.0
18/12/2006,6700,178890,0(0.00 %),7000,186900,300,8010,0,0.0
19/12/2006,-1000,-28000,0(0.00 %),0,0,1000,28000,0,0.0
20/12/2006,-10700,-314580,0(0.00 %),0,0,10700,314580,0,0.0
21/12/2006,8810,252440,0(0.00 %),9800,280160,990,27720,0,0.0
25/12/2006,1000,27000,0(0.00 %),3000,81000,2000,54000,0,0.0
26/12/2006,-6500,-182000,0(0.00 %),0,0,6500,182000,0,0.0
27/12/2006,-900,-25200,0(0.00 %),0,0,900,25200,0,0.0
28/12/2006,-2210,-59449,0(0.00 %),400,10760,2610,70209,0,0.0
29/12/2006,-2900,-78300,0(0.00 %),100,2700,3000,81000,0,0.0
01/03/2007,-25700,-1002180000,38.7(1.31 %),100,3870000,25800,1006050000,0,0.0
02/03/2007,0,0,39(0.78 %),0,0,0,0,0,0.0
05/03/2007,9900,404910000,40.9(4.87 %),10000,409000000,100,4090000,0,0.0
06/03/2007,0,0,42.9(4.89 %),0,0,0,0,0,0.0
07/03/2007,0,0,45(4.90 %),0,0,0,0,0,0.0
08/03/2007,0,0,47.2(4.89 %),0,0,0,0,0,0.0
09/03/2007,0,0,49.5(4.87 %),0,0,0,0,0,0.0
12/03/2007,0,0,51.5(4.04 %),0,0,0,0,0,0.0
13/03/2007,-5500,-297000000,54(4.85 %),6500,351000000,12000,648000000,0,0.0
14/03/2007,3000,154500000,51.5(-4.63 %),3000,154500000,0,0,0,0.0
15/03/2007,0,0,49(-4.85 %),0,0,0,0,0,0.0
16/03/2007,2000,93200000,46.6(-4.90 %),2000,93200000,0,0,0,0.0
19/03/2007,-2000,-96600000,48.3(5.00 %),0,0,2000,96600000,0,0.0
20/03/2007,-3000,-149500000,50(3.52 %),2000,101000000,5000,250500000,0,0.0
21/03/2007,-650,-31650000,48.2(-3.60 %),350,17350000,1000,49000000,0,0.0
22/03/2007,400,17960000,45.8(-4.98 %),2400,110360000,2000,92400000,0,0.0
23/03/2007,0,0,43.6(-4.80 %),0,0,0,0,0,0.0
26/03/2007,400,16600000,41.5(-4.82 %),400,16600000,0,0,0,0.0
27/03/2007,0,0,39.5(-4.82 %),0,0,0,0,0,0.0
28/03/2007,1000,37600000,37.6(-4.81 %),1000,37600000,0,0,0,0.0
29/03/2007,2000,78800000,39.4(4.79 %),2000,78800000,0,0,0,0.0
30/03/2007,8000,330400000,41.3(4.82 %),8000,330400000,0,0,0,0.0
02/04/2007,0,0,40(-3.15 %),0,0,0,0,0,0.0
03/04/2007,0,0,38(-5.00 %),0,0,0,0,0,0.0
04/04/2007,3600,142740000,39.9(5.00 %),3600,142740000,0,0,0,0.0
05/04/2007,8000,320000000,40(0.25 %),12000,480000000,4000,160000000,0,0.0
06/04/2007,-3500,-136100000,38.8(-3.00 %),600,22920000,4100,159020000,0,0.0
09/04/2007,1000,38000000,38(-2.06 %),1000,38000000,0,0,0,0.0
10/04/2007,0,0,39(2.63 %),0,0,0,0,0,0.0
11/04/2007,0,0,38(-2.56 %),0,0,0,0,0,0.0
12/04/2007,0,0,36.2(-4.74 %),0,0,0,0,0,0.0
13/04/2007,-220,-7568000,34.4(-4.97 %),0,0,220,7568000,0,0.0
16/04/2007,0,0,32.7(-4.94 %),0,0,0,0,0,0.0
17/04/2007,0,0,31.1(-4.89 %),0,0,0,0,0,0.0
18/04/2007,5000,159600000,32.6(4.82 %),5000,159600000,0,0,0,0.0
19/04/2007,0,0,33(1.23 %),0,0,0,0,0,0.0
20/04/2007,300,9540000,31.8(-3.64 %),300,9540000,0,0,0,0.0
23/04/2007,3100,94430000,30.5(-4.09 %),3100,94430000,0,0,0,0.0
24/04/2007,5000,152500000,30.5(0.00 %),5000,152500000,0,0,0,0.0
25/04/2007,4000,126200000,32(4.92 %),4000,126200000,0,0,0,0.0
02/05/2007,670,20770000,31(-3.12 %),670,20770000,0,0,0,0.0
03/05/2007,0,0,31(0.00 %),0,0,0,0,0,0.0
04/05/2007,0,0,31(0.00 %),0,0,0,0,0,0.0
07/05/2007,12800,408600000,32(3.23 %),12800,408600000,0,0,0,0.0
08/05/2007,6200,206600000,33.5(4.69 %),7000,233000000,800,26400000,0,0.0
09/05/2007,-100,-3320000,32.5(-2.99 %),900,29280000,1000,32600000,0,0.0
10/05/2007,1770,55840000,32(-1.54 %),1770,55840000,0,0,0,0.0
11/05/2007,6500,208000000,32(0.00 %),6500,208000000,0,0,0,0.0
14/05/2007,0,0,33(3.12 %),0,0,0,0,0,0.0
15/05/2007,300,9900000,33(0.00 %),300,9900000,0,0,0,0.0
16/05/2007,-800,-26400000,33(0.00 %),200,6600000,1000,33000000,0,0.0
17/05/2007,2000,66000000,33(0.00 %),2000,66000000,0,0,0,0.0
18/05/2007,-3000,-97800000,32.6(-1.21 %),0,0,3000,97800000,0,0.0
21/05/2007,-2800,-91040000,32.5(-0.31 %),200,6460000,3000,97500000,0,0.0
22/05/2007,4000,136400000,34.1(4.92 %),4000,136400000,0,0,0,0.0
23/05/2007,900,32220000,35.8(4.99 %),900,32220000,0,0,0,0.0
24/05/2007,-10400,-368146000,34.5(-3.63 %),100,3450000,10500,371596000,0,0.0
25/05/2007,0,0,35(1.45 %),0,0,0,0,0,0.0
28/05/2007,-3800,-130200000,34(-2.86 %),200,6800000,4000,137000000,0,0.0
29/05/2007,-2000,-67200000,33(-2.94 %),0,0,2000,67200000,0,0.0
30/05/2007,-3600,-117000000,32.5(-1.52 %),400,13000000,4000,130000000,0,0.0
31/05/2007,-3000,-99450000,33.3(2.46 %),0,0,3000,99450000,0,0.0
01/06/2007,-1000,-32950000,33.3(0.00 %),500,17000000,1500,49950000,0,0.0
04/06/2007,-1000,-32500000,32(-3.90 %),0,0,1000,32500000,0,0.0
05/06/2007,-4500,-144000000,32(0.00 %),0,0,4500,144000000,0,0.0
06/06/2007,7190,237270000,33.6(5.00 %),7190,237270000,0,0,0,0.0
07/06/2007,5700,191600000,33.7(0.30 %),8200,275600000,2500,84000000,0,0.0
08/06/2007,590,19765000,33.5(-0.59 %),590,19765000,0,0,0,0.0
11/06/2007,0,0,33(-1.49 %),0,0,0,0,0,0.0
12/06/2007,-3000,-99000000,33(0.00 %),0,0,3000,99000000,0,0.0
13/06/2007,-790,-26070000,33(0.00 %),0,0,790,26070000,0,0.0
14/06/2007,-210,-6867000,33(0.00 %),1000,32700000,1210,39567000,0,0.0
15/06/2007,100,3270000,32.7(-0.91 %),100,3270000,0,0,0,0.0
18/06/2007,2300,76130000,33.1(1.22 %),2300,76130000,0,0,0,0.0
19/06/2007,-5000,-167500000,33.5(1.21 %),0,0,5000,167500000,0,0.0
20/06/2007,1000,33700000,33.7(0.60 %),1000,33700000,0,0,0,0.0
21/06/2007,300,10110000,33.7(0.00 %),300,10110000,0,0,0,0.0
22/06/2007,690,22770000,33(-2.08 %),690,22770000,0,0,0,0.0
25/06/2007,2000,66400000,33.2(0.61 %),2000,66400000,0,0,0,0.0
26/06/2007,5500,187000000,34(2.41 %),5500,187000000,0,0,0,0.0
27/06/2007,100,3320000,33.2(-2.35 %),100,3320000,0,0,0,0.0
28/06/2007,-2000,-65400000,32.7(-1.51 %),0,0,2000,65400000,0,0.0
29/06/2007,-2700,-88200000,32.7(0.00 %),300,9900000,3000,98100000,0,0.0
02/07/2007,-4000,-126150000,31.1(-4.89 %),0,0,4000,126150000,0,0.0
03/07/2007,0,0,30(-3.54 %),0,0,0,0,0,0.0
04/07/2007,-900,-27000000,31.5(5.00 %),0,0,900,27000000,0,0.0
05/07/2007,-400,-12200000,30.7(-2.54 %),100,3050000,500,15250000,0,0.0
06/07/2007,-3000,-92343000,30.7(0.00 %),0,0,3000,92343000,0,0.0
09/07/2007,-3000,-92100000,31(0.98 %),0,0,3000,92100000,0,0.0
10/07/2007,-3000,-94500000,31.5(1.61 %),0,0,3000,94500000,0,0.0
11/07/2007,-3000,-96000000,31.7(0.63 %),0,0,3000,96000000,0,0.0
12/07/2007,50,1555000,31(-2.21 %),50,1555000,0,0,0,0.0
13/07/2007,0,0,31(0.00 %),0,0,0,0,0,0.0
16/07/2007,0,0,30.5(-1.61 %),0,0,0,0,0,0.0
17/07/2007,-3000,-91200000,31.4(2.95 %),0,0,3000,91200000,0,0.0
18/07/2007,0,0,30.8(-1.91 %),0,0,0,0,0,0.0
19/07/2007,100,3060000,30.9(0.32 %),100,3060000,0,0,0,0.0
20/07/2007,11000,356400000,32.4(4.85 %),11000,356400000,0,0,0,0.0
23/07/2007,-1000,-34000000,33(1.85 %),2000,68000000,3000,102000000,0,0.0
24/07/2007,200,6440000,32.2(-2.42 %),200,6440000,0,0,0,0.0
25/07/2007,0,0,31.5(-2.17 %),0,0,0,0,0,0.0
26/07/2007,0,0,30.8(-2.22 %),0,0,0,0,0,0.0
27/07/2007,0,0,30.9(0.32 %),0,0,0,0,0,0.0
30/07/2007,3000,90000000,30(-2.91 %),3000,90000000,0,0,0,0.0
31/07/2007,0,0,29.6(-1.33 %),0,0,0,0,0,0.0
01/08/2007,500,14750000,30.8(4.05 %),500,14750000,0,0,0,0.0
02/08/2007,19490,604190000,30.2(-1.95 %),19490,604190000,0,0,0,0.0
03/08/2007,0,0,29.7(-1.66 %),0,0,0,0,0,0.0
06/08/2007,0,0,29.4(-1.01 %),0,0,0,0,0,0.0
07/08/2007,200,5880000,29.6(0.68 %),200,5880000,0,0,0,0.0
08/08/2007,100,2960000,29.5(-0.34 %),100,2960000,0,0,0,0.0
09/08/2007,0,0,29.7(0.68 %),0,0,0,0,0,0.0
10/08/2007,0,0,29.5(-0.67 %),0,0,0,0,0,0.0
13/08/2007,710,20590000,29(-1.69 %),710,20590000,0,0,0,0.0
14/08/2007,0,0,29.1(0.34 %),0,0,0,0,0,0.0
15/08/2007,4740,138350000,29(-0.34 %),5840,170270000,1100,31920000,0,0.0
16/08/2007,-1500,-43950000,29.3(1.03 %),0,0,1500,43950000,0,0.0
17/08/2007,100,2890000,28.7(-2.05 %),100,2890000,0,0,0,0.0
20/08/2007,0,0,28.5(-0.70 %),0,0,0,0,0,0.0
21/08/2007,-4000,-112884000,28.5(0.00 %),0,0,4000,112884000,0,0.0
22/08/2007,0,0,28(-1.75 %),0,0,0,0,0,0.0
23/08/2007,-2670,-74193000,27.8(-0.71 %),330,9207000,3000,83400000,0,0.0
24/08/2007,-2000,-56000000,28(0.72 %),0,0,2000,56000000,0,0.0
27/08/2007,8000,227200000,28.4(1.43 %),9000,255600000,1000,28400000,0,0.0
28/08/2007,1500,42600000,28.4(0.00 %),1500,42600000,0,0,0,0.0
29/08/2007,-1000,-28000000,28(-1.41 %),0,0,1000,28000000,0,0.0
30/08/2007,1000,28000000,28.3(1.07 %),1000,28000000,0,0,0,0.0
31/08/2007,1300,36920000,28.2(-0.35 %),1300,36920000,0,0,0,0.0
04/09/2007,18000,512998000,28.6(1.42 %),18000,512998000,0,0,0,0.0
05/09/2007,-2000,-57400000,28.6(0.00 %),0,0,2000,57400000,0,0.0
06/09/2007,1000,28600000,28.6(0.00 %),1000,28600000,0,0,0,0.0
07/09/2007,500,14450000,28.9(1.05 %),2000,57800000,1500,43350000,0,0.0
10/09/2007,14520,421864000,29(0.35 %),18020,523084000,3500,101220000,0,0.0
11/09/2007,3400,102680000,30.4(4.83 %),3400,102680000,0,0,0,0.0
12/09/2007,23430,715704000,31(1.97 %),35720,1107295000,12290,391591000,0,0.0
13/09/2007,-1810,-54300000,30.1(-2.90 %),1800,54000000,3610,108300000,0,0.0
14/09/2007,8900,267800000,30.1(0.00 %),9900,297800000,1000,30000000,0,0.0
17/09/2007,-300,-9030000,30.1(0.00 %),0,0,300,9030000,0,0.0
18/09/2007,-300,-9030000,29.9(-0.66 %),0,0,300,9030000,0,0.0
19/09/2007,0,0,30.1(0.67 %),0,0,0,0,0,0.0
20/09/2007,10250,313390000,30.5(1.33 %),10250,313390000,0,0,0,0.0
21/09/2007,13100,399550000,30.3(-0.66 %),13100,399550000,0,0,0,0.0
24/09/2007,1000,31000000,31(2.31 %),1000,31000000,0,0,0,0.0
25/09/2007,0,0,32.5(4.84 %),0,0,0,0,0,0.0
26/09/2007,-2500,-85150000,34.1(4.92 %),0,0,2500,85150000,0,0.0
27/09/2007,-13900,-468760000,33.5(-1.76 %),1600,54230000,15500,522990000,0,0.0
28/09/2007,14010,476340000,34.2(2.09 %),14010,476340000,0,0,0,0.0
01/10/2007,-11500,-392500000,35(2.34 %),1000,35000000,12500,427500000,0,0.0
02/10/2007,-6490,-224600000,34(-2.86 %),10,350000,6500,224950000,0,0.0
03/10/2007,1600,54400000,33.5(-1.47 %),2600,88400000,1000,34000000,0,0.0
04/10/2007,-860,-29520000,34(1.49 %),0,0,860,29520000,0,0.0
05/10/2007,4500,153526000,34(0.00 %),4500,153526000,0,0,0,0.0
08/10/2007,10,433000,34.3(0.88 %),450,15525000,440,15092000,0,0.0
09/10/2007,500,17150000,34(-0.87 %),500,17150000,0,0,0,0.0
10/10/2007,31500,1046575000,33(-2.94 %),31500,1046575000,0,0,0,0.0
11/10/2007,-22110,-724138000,33.2(0.61 %),13710,461594000,35820,1185732000,0,0.0
12/10/2007,8900,276690000,31(4.38 %),8900,276690000,0,0,0,0.0
15/10/2007,0,0,31(0.00 %),0,0,0,0,0,0.0
16/10/2007,2200,69130000,31.9(2.90 %),2200,69130000,0,0,0,0.0
17/10/2007,3600,118880000,33.4(4.70 %),3800,125480000,200,6600000,0,0.0
18/10/2007,1500,52500000,35(4.79 %),2300,80500000,800,28000000,0,0.0
19/10/2007,1600,53520000,33.5(-4.29 %),1600,53520000,0,0,0,0.0
22/10/2007,-1900,-62420000,32.5(-2.99 %),2600,85680000,4500,148100000,0,0.0
23/10/2007,-610,-19398000,31.8(-2.15 %),0,0,610,19398000,0,0.0
24/10/2007,0,0,32.8(3.14 %),0,0,0,0,0,0.0
25/10/2007,-1500,-48000000,32(-2.44 %),0,0,1500,48000000,0,0.0
26/10/2007,1500,47800000,31.8(-0.62 %),4500,143600000,3000,95800000,0,0.0
29/10/2007,0,0,32(0.63 %),0,0,0,0,0,0.0
30/10/2007,-1000,-31500000,31.7(-0.94 %),0,0,1000,31500000,0,0.0
31/10/2007,500,15550000,31.2(-1.58 %),500,15550000,0,0,0,0.0
01/11/2007,0,0,31.2(0.00 %),0,0,0,0,0,0.0
02/11/2007,1000,30400000,30.7(-1.60 %),1000,30400000,0,0,0,0.0
05/11/2007,-900,-26840000,30(-2.28 %),100,3000000,1000,29840000,0,0.0
06/11/2007,-1300,-38350000,29.5(-1.67 %),1700,50150000,3000,88500000,0,0.0
07/11/2007,-4010,-120300000,30(1.69 %),0,0,4010,120300000,0,0.0
08/11/2007,1000,29800000,30.2(0.67 %),1000,29800000,0,0,0,0.0
09/11/2007,0,0,29.7(-1.66 %),0,0,0,0,0,0.0
12/11/2007,-1000,-29000000,28.5(-4.04 %),500,14500000,1500,43500000,0,0.0
13/11/2007,100,2790000,27.9(-2.11 %),100,2790000,0,0,0,0.0
14/11/2007,-10600,-305280000,28.8(3.23 %),500,14400000,11100,319680000,0,0.0
15/11/2007,2500,72000000,28(-2.78 %),2500,72000000,0,0,0,0.0
16/11/2007,0,0,27.9(-0.36 %),0,0,0,0,0,0.0
19/11/2007,2250,62900000,28(0.36 %),2250,62900000,0,0,0,0.0
20/11/2007,-1000,-28200000,28.2(0.71 %),0,0,1000,28200000,0,0.0
21/11/2007,0,0,28(-0.71 %),0,0,0,0,0,0.0
22/11/2007,0,0,28.2(0.71 %),0,0,0,0,0,0.0
23/11/2007,500,14250000,28.5(1.06 %),500,14250000,0,0,0,0.0
26/11/2007,5000,145000000,29.8(4.56 %),5000,145000000,0,0,0,0.0
27/11/2007,1900,56950000,29.5(-1.01 %),2400,71900000,500,14950000,0,0.0
28/11/2007,4000,116800000,29.4(-0.34 %),4000,116800000,0,0,0,0.0
29/11/2007,4000,117000000,29(-1.36 %),4000,117000000,0,0,0,0.0
30/11/2007,15000,433400000,28.8(-0.69 %),16000,462400000,1000,29000000,0,0.0
03/12/2007,4250,120275000,28.3(-1.74 %),4260,120558000,10,283000,0,0.0
04/12/2007,0,0,28.5(0.71 %),0,0,0,0,0,0.0
05/12/2007,-4800,-135840000,28.4(-0.35 %),200,5660000,5000,141500000,0,0.0
06/12/2007,6000,171000000,28.5(0.35 %),6000,171000000,0,0,0,0.0
07/12/2007,2300,65780000,28.5(0.00 %),2300,65780000,0,0,0,0.0
10/12/2007,0,0,28.2(-1.05 %),0,0,0,0,0,0.0
11/12/2007,0,0,27.8(-1.42 %),0,0,0,0,0,0.0
12/12/2007,0,0,28.5(2.52 %),0,0,0,0,0,0.0
13/12/2007,0,0,28(-1.75 %),0,0,0,0,0,0.0
14/12/2007,0,0,27.8(-0.71 %),0,0,0,0,0,0.0
17/12/2007,5100,139570000,27.3(-1.80 %),5100,139570000,0,0,0,0.0
18/12/2007,3000,81250000,27.1(-0.73 %),3000,81250000,0,0,0,0.0
19/12/2007,0,0,28.4(4.80 %),0,0,0,0,0,0.0
20/12/2007,500,14000000,27.8(-2.11 %),500,14000000,0,0,0,0.0
21/12/2007,0,0,28.1(1.08 %),0,0,0,0,0,0.0
24/12/2007,0,0,27.8(-1.07 %),0,0,0,0,0,0.0
25/12/2007,0,0,27.4(-1.44 %),0,0,0,0,0,0.0
26/12/2007,0,0,27.4(0.00 %),0,0,0,0,0,0.0
27/12/2007,-60,-1650000,27.5(0.36 %),0,0,60,1650000,0,0.0
28/12/2007,-2000,-54900000,27.5(0.00 %),0,0,2000,54900000,0,0.0
02/01/2008,0,0,27.3(-0.73 %),0,0,0,0,0,0.0
03/01/2008,0,0,27(-1.10 %),0,0,0,0,0,0.0
04/01/2008,2430,65470000,26.9(-0.37 %),4000,107600000,1570,42130000,0,0.0
07/01/2008,0,0,26.5(-1.49 %),0,0,0,0,0,0.0
08/01/2008,500,13250000,26.5(0.00 %),500,13250000,0,0,0,0.0
09/01/2008,0,0,25.5(-3.77 %),0,0,0,0,0,0.0
10/01/2008,-6000,-147000000,24.5(-3.92 %),0,0,6000,147000000,0,0.0
11/01/2008,-29600,-722870000,24.5(0.00 %),0,0,29600,722870000,0,0.0
14/01/2008,-9000,-211500000,23.5(-4.08 %),0,0,9000,211500000,0,0.0
15/01/2008,10000,225000000,22.4(-4.68 %),10000,225000000,0,0,0,0.0
16/01/2008,-500,-11750000,23.5(4.91 %),0,0,500,11750000,0,0.0
17/01/2008,1000,24000000,22.5(-4.26 %),1000,24000000,0,0,0,0.0
18/01/2008,0,0,23.1(2.67 %),0,0,0,0,0,0.0
21/01/2008,0,0,23(-0.43 %),0,0,0,0,0,0.0
22/01/2008,0,0,22.5(-2.17 %),0,0,0,0,0,0.0
23/01/2008,0,0,22(-2.22 %),0,0,0,0,0,0.0
24/01/2008,-5250,-118125000,21.2(-3.64 %),0,0,5250,118125000,0,0.0
25/01/2008,-6200,-137640000,22.2(4.72 %),0,0,6200,137640000,0,0.0
28/01/2008,5000,116500000,23(3.60 %),5000,116500000,0,0,0,0.0
29/01/2008,5000,115039000,23.4(1.74 %),5000,115039000,0,0,0,0.0
30/01/2008,0,0,24.5(4.70 %),0,0,0,0,0,0.0
31/01/2008,9000,220500000,25(2.04 %),9000,220500000,0,0,0,0.0
01/02/2008,3000,78600000,26.2(4.80 %),3000,78600000,0,0,0,0.0
12/02/2008,720,18324000,26.7(1.91 %),3720,99324000,3000,81000000,0,0.0
13/02/2008,-2850,-75810000,25.8(-3.37 %),150,3990000,3000,79800000,0,0.0
14/02/2008,-2000,-49000000,25.1(3.29 %),0,0,2000,49000000,0,0.0
15/02/2008,-9000,-220500000,24.1(-3.98 %),0,0,9000,220500000,0,0.0
18/02/2008,2870,65723000,23(-4.56 %),9870,226023000,7000,160300000,0,0.0
19/02/2008,0,0,23.4(1.74 %),0,0,0,0,0,0.0
20/02/2008,16000,364100000,22.5(-3.85 %),16000,364100000,0,0,0,0.0
21/02/2008,52000,1114800000,21.4(-4.89 %),52000,1114800000,0,0,0,0.0
22/02/2008,7100,144900000,21.6(0.93 %),7100,144900000,0,0,0,0.0
25/02/2008,-500,-11200000,22.6(4.63 %),0,0,500,11200000,0,0.0
26/02/2008,0,0,21.5(-4.87 %),0,0,0,0,0,0.0
27/02/2008,1290,28075000,21.5(0.00 %),1290,28075000,0,0,0,0.0
28/02/2008,3700,77570000,21.5(0.00 %),24950,534445000,21250,456875000,0,0.0
29/02/2008,-10650,-214825000,20.5(-4.65 %),5000,106000000,15650,320825000,0,0.0
03/03/2008,2200,45300000,19.5(-4.88 %),20150,395925000,17950,350625000,0,0.0
04/03/2008,0,0,18.6(-4.62 %),0,0,0,0,0,0.0
05/03/2008,26070,461439000,17.7(-4.84 %),26070,461439000,0,0,0,0.0
06/03/2008,0,0,18.5(4.52 %),0,0,0,0,0,0.0
07/03/2008,0,0,19.4(4.86 %),0,0,0,0,0,0.0
10/03/2008,0,0,20.3(4.64 %),0,0,0,0,0,0.0
11/03/2008,-5000,-99860000,19.3(-4.93 %),0,0,5000,99860000,0,0.0
12/03/2008,28500,566660000,20(3.63 %),28500,566660000,0,0,0,0.0
13/03/2008,-5000,-102500000,20(0.00 %),0,0,5000,102500000,0,0.0
14/03/2008,100,2000000,19.6(-2.00 %),100,2000000,0,0,0,0.0
17/03/2008,-4000,-75200000,18.7(-4.59 %),0,0,4000,75200000,0,0.0
18/03/2008,13000,231400000,17.8(-4.81 %),15000,267000000,2000,35600000,0,0.0
19/03/2008,-52870,-907468000,17(-4.49 %),0,0,52870,907468000,0,0.0
20/03/2008,-9580,-155570000,16.5(-2.94 %),5500,93250000,15080,248820000,0,0.0
21/03/2008,400,6480000,16.2(-1.82 %),400,6480000,0,0,0,0.0
24/03/2008,15500,238700000,15.4(-4.94 %),20000,308000000,4500,69300000,0,0.0
25/03/2008,0,0,14.7(-4.55 %),0,0,0,0,0,0.0
26/03/2008,-35300,-501260000,15.4(4.76 %),0,0,35300,501260000,0,0.0
27/03/2008,0,0,15.5(0.65 %),0,0,0,0,0,0.0
28/03/2008,0,0,15.6(0.65 %),0,0,0,0,0,0.0
31/03/2008,72180,1133226000,15.7(0.64 %),72180,1133226000,0,0,0,0.0
01/04/2008,0,0,15.8(0.64 %),0,0,0,0,0,0.0
02/04/2008,0,0,15.9(0.63 %),0,0,0,0,0,0.0
03/04/2008,0,0,16(0.63 %),0,0,0,0,0,0.0
04/04/2008,0,0,16.1(0.62 %),0,0,0,0,0,0.0
07/04/2008,0,0,16.4(1.86 %),0,0,0,0,0,0.0
08/04/2008,-9280,-160576000,16.7(1.83 %),10020,161334000,19300,321910000,0,0.0
09/04/2008,0,0,16.4(-1.80 %),0,0,0,0,0,0.0
10/04/2008,21300,342930000,16.1(-1.83 %),21300,342930000,0,0,0,0.0
11/04/2008,20100,317580000,15.8(-1.86 %),20100,317580000,0,0,0,0.0
16/04/2008,-10,-155000,15.5(-1.90 %),0,0,10,155000,0,0.0
17/04/2008,500,7600000,15.8(1.94 %),800,12160000,300,4560000,0,0.0
18/04/2008,7000,110500000,15.5(-1.90 %),7000,110500000,0,0,0,0.0
21/04/2008,0,0,15.3(-1.29 %),0,0,0,0,0,0.0
22/04/2008,500,7550000,15.5(1.31 %),500,7550000,0,0,0,0.0
23/04/2008,100,1520000,15.3(-1.29 %),100,1520000,0,0,0,0.0
24/04/2008,3370,51898000,15.4(0.65 %),3370,51898000,0,0,0,0.0
25/04/2008,0,0,15.5(0.65 %),0,0,0,0,0,0.0
28/04/2008,130,1976000,15.7(1.29 %),130,1976000,0,0,0,0.0
29/04/2008,300,4740000,15.8(0.64 %),300,4740000,0,0,0,0.0
05/05/2008,0,0,15.5(-1.90 %),0,0,0,0,0,0.0
06/05/2008,0,0,15.2(-1.94 %),0,0,0,0,0,0.0
07/05/2008,500,7450000,14.9(-1.97 %),500,7450000,0,0,0,0.0
08/05/2008,0,0,14.7(-1.34 %),0,0,0,0,0,0.0
09/05/2008,-10,-145000,14.5(-1.36 %),0,0,10,145000,0,0.0
12/05/2008,0,0,14.3(-1.38 %),0,0,0,0,0,0.0
13/05/2008,0,0,14.1(-1.40 %),0,0,0,0,0,0.0
14/05/2008,0,0,13.9(-1.42 %),0,0,0,0,0,0.0
15/05/2008,0,0,13.7(-1.44 %),0,0,0,0,0,0.0
16/05/2008,200,2700000,13.5(-1.46 %),200,2700000,0,0,0,0.0
19/05/2008,0,0,13.3(-1.48 %),0,0,0,0,0,0.0
20/05/2008,0,0,13.1(-1.50 %),0,0,0,0,0,0.0
21/05/2008,0,0,12.9(-1.53 %),0,0,0,0,0,0.0
22/05/2008,6700,85090000,12.7(-1.55 %),6700,85090000,0,0,0,0.0
23/05/2008,0,0,12.5(-1.57 %),0,0,0,0,0,0.0
26/05/2008,0,0,12.3(-1.60 %),0,0,0,0,0,0.0
27/05/2008,0,0,12.3(0.00 %),0,0,0,0,0,0.0
28/05/2008,0,0,12.3(0.00 %),0,0,0,0,0,0.0
29/05/2008,0,0,12.3(0.00 %),0,0,0,0,0,0.0
30/05/2008,0,0,12.1(-1.63 %),0,0,0,0,0,0.0
02/06/2008,0,0,11.9(-1.65 %),0,0,0,0,0,0.0
03/06/2008,0,0,11.7(-1.68 %),0,0,0,0,0,0.0
04/06/2008,0,0,11.5(-1.71 %),0,0,0,0,0,0.0
05/06/2008,0,0,11.3(-1.74 %),0,0,0,0,0,0.0
06/06/2008,0,0,11.1(-1.77 %),0,0,0,0,0,0.0
09/06/2008,0,0,10.9(-1.80 %),0,0,0,0,0,0.0
10/06/2008,0,0,10.7(-1.83 %),0,0,0,0,0,0.0
11/06/2008,-8540,-89670000,10.5(-1.87 %),15000,157500000,23540,247170000,0,0.0
12/06/2008,-460,-4922000,10.7(1.90 %),0,0,460,4922000,0,0.0
13/06/2008,0,0,10.9(1.87 %),0,0,0,0,0,0.0
16/06/2008,0,0,11.1(1.83 %),0,0,0,0,0,0.0
17/06/2008,0,0,11.3(1.80 %),0,0,0,0,0,0.0
18/06/2008,2700,31050000,11.1(-1.77 %),2700,31050000,0,0,0,0.0
19/06/2008,0,0,10.8(-2.70 %),0,0,0,0,0,0.0
20/06/2008,0,0,10.5(-2.78 %),0,0,0,0,0,0.0
23/06/2008,0,0,10.7(1.90 %),0,0,0,0,0,0.0
24/06/2008,0,0,10.7(0.00 %),0,0,0,0,0,0.0
25/06/2008,10000,107000000,10.8(0.93 %),10000,107000000,0,0,0,0.0
26/06/2008,-3130,-32890000,10.5(-2.78 %),0,0,3130,32890000,0,0.0
27/06/2008,-1870,-19074000,10.5(0.00 %),0,0,1870,19074000,0,0.0
30/06/2008,-5000,-51000000,10.5(0.00 %),0,0,5000,51000000,0,0.0
01/07/2008,0,0,10.8(2.86 %),0,0,0,0,0,0.0
02/07/2008,0,0,10.8(0.00 %),0,0,0,0,0,0.0
03/07/2008,0,0,11.1(2.78 %),0,0,0,0,0,0.0
04/07/2008,30200,344280000,11.4(2.70 %),30200,344280000,0,0,0,0.0
07/07/2008,-25000,-292500000,11.1(-2.63 %),0,0,25000,292500000,0,0.0
08/07/2008,200,2180000,11.4(2.70 %),200,2180000,0,0,0,0.0
09/07/2008,22020,249126000,11.3(-0.88 %),22020,249126000,0,0,0,0.0
10/07/2008,12930,150009000,11.6(2.65 %),13000,150800000,70,791000,0,0.0
11/07/2008,0,0,11.9(2.59 %),0,0,0,0,0,0.0
14/07/2008,0,0,12.2(2.52 %),0,0,0,0,0,0.0
15/07/2008,300,3750000,12.5(2.46 %),300,3750000,0,0,0,0.0
16/07/2008,7300,88560000,12.5(0.00 %),20300,247660000,13000,159100000,0,0.0
17/07/2008,0,0,12.2(-2.40 %),0,0,0,0,0,0.0
18/07/2008,14800,176120000,11.9(-2.46 %),20000,238000000,5200,61880000,0,0.0
21/07/2008,0,0,11.6(-2.52 %),0,0,0,0,0,0.0
22/07/2008,0,0,11.3(-2.59 %),0,0,0,0,0,0.0
23/07/2008,0,0,11(-2.65 %),0,0,0,0,0,0.0
24/07/2008,19300,206410000,10.7(-2.73 %),50000,535000000,30700,328590000,0,0.0
25/07/2008,0,0,10.7(0.00 %),0,0,0,0,0,0.0
28/07/2008,7000,75600000,10.8(0.93 %),7000,75600000,0,0,0,0.0
29/07/2008,0,0,10.5(-2.78 %),0,0,0,0,0,0.0
30/07/2008,0,0,10.2(-2.86 %),0,0,0,0,0,0.0
31/07/2008,0,0,10.2(0.00 %),0,0,0,0,0,0.0
01/08/2008,0,0,10.5(2.94 %),0,0,0,0,0,0.0
04/08/2008,-2000,-21400000,10.8(2.86 %),0,0,2000,21400000,0,0.0
05/08/2008,-2000,-22000000,11(1.85 %),0,0,2000,22000000,0,0.0
06/08/2008,0,0,10.8(-1.82 %),0,0,0,0,0,0.0
07/08/2008,0,0,10.8(0.00 %),0,0,0,0,0,0.0
08/08/2008,-2000,-21600000,10.6(-1.85 %),0,0,2000,21600000,0,0.0
11/08/2008,0,0,10.9(2.83 %),0,0,0,0,0,0.0
12/08/2008,0,0,11(0.92 %),0,0,0,0,0,0.0
13/08/2008,100,1070000,10.9(-0.91 %),100,1070000,0,0,0,0.0
14/08/2008,5000,55000000,11.2(2.75 %),5000,55000000,0,0,0,0.0
15/08/2008,0,0,11.5(2.68 %),0,0,0,0,0,0.0
18/08/2008,0,0,12(4.35 %),0,0,0,0,0,0.0
19/08/2008,-9900,-118800000,11.4(-5.00 %),100,1200000,10000,120000000,0,0.0
20/08/2008,18000,197700000,10.9(-4.39 %),20000,219500000,2000,21800000,0,0.0
21/08/2008,-1500,-16350000,11.4(4.59 %),0,0,1500,16350000,0,0.0
22/08/2008,840,9660000,11.9(4.39 %),840,9660000,0,0,0,0.0
25/08/2008,0,0,12.4(4.20 %),0,0,0,0,0,0.0
26/08/2008,0,0,13(4.84 %),0,0,0,0,0,0.0
27/08/2008,0,0,13.6(4.62 %),0,0,0,0,0,0.0
28/08/2008,1920,24960000,13(-4.41 %),2350,30550000,430,5590000,0,0.0
29/08/2008,500,6750000,13.6(4.62 %),500,6750000,0,0,0,0.0
03/09/2008,0,0,14.2(4.41 %),0,0,0,0,0,0.0
04/09/2008,-6000,-89400000,14.9(4.93 %),0,0,6000,89400000,0,0.0
05/09/2008,-1740,-27144000,15.6(4.70 %),0,0,1740,27144000,0,0.0
08/09/2008,100,1490000,15(-3.85 %),100,1490000,0,0,0,0.0
09/09/2008,0,0,15.7(4.67 %),0,0,0,0,0,0.0
10/09/2008,-4030,-60450000,15(-4.46 %),100,1500000,4130,61950000,0,0.0
11/09/2008,0,0,14.3(-4.67 %),0,0,0,0,0,0.0
12/09/2008,0,0,13.6(-4.90 %),0,0,0,0,0,0.0
15/09/2008,2500,33750000,13(-4.41 %),2500,33750000,0,0,0,0.0
16/09/2008,0,0,12.4(-4.62 %),0,0,0,0,0,0.0
17/09/2008,0,0,11.8(-4.84 %),0,0,0,0,0,0.0
18/09/2008,56040,633252000,11.3(-4.24 %),56140,634382000,100,1130000,0,0.0
19/09/2008,0,0,11.8(4.42 %),0,0,0,0,0,0.0
22/09/2008,0,0,12.3(4.24 %),0,0,0,0,0,0.0
23/09/2008,0,0,12.2(-0.81 %),0,0,0,0,0,0.0
24/09/2008,0,0,12.2(0.00 %),0,0,0,0,0,0.0
25/09/2008,100,1250000,12.8(4.92 %),100,1250000,0,0,0,0.0
26/09/2008,100,1340000,13(1.56 %),100,1340000,0,0,0,0.0
29/09/2008,0,0,12.5(-3.85 %),0,0,0,0,0,0.0
30/09/2008,0,0,11.9(-4.80 %),0,0,0,0,0,0.0
01/10/2008,0,0,12(0.84 %),0,0,0,0,0,0.0
02/10/2008,11800,147380000,12.5(4.17 %),11800,147380000,0,0,0,0.0
03/10/2008,0,0,12(-4.00 %),0,0,0,0,0,0.0
06/10/2008,-1500,-17700000,11.4(-5.00 %),0,0,1500,17700000,0,0.0
07/10/2008,-6000,-65313000,10.9(-4.39 %),1000,10987000,7000,76300000,0,0.0
08/10/2008,0,0,11(0.92 %),0,0,0,0,0,0.0
09/10/2008,10000,110000000,11(0.00 %),10000,110000000,0,0,0,0.0
10/10/2008,0,0,10.5(-4.55 %),0,0,0,0,0,0.0
13/10/2008,0,0,10.8(2.86 %),0,0,0,0,0,0.0
14/10/2008,0,0,11.3(4.63 %),0,0,0,0,0,0.0
15/10/2008,1500,16893000,11.4(0.88 %),1500,16893000,0,0,0,0.0
16/10/2008,0,0,10.9(-4.39 %),0,0,0,0,0,0.0
17/10/2008,0,0,10.9(0.00 %),0,0,0,0,0,0.0
20/10/2008,0,0,10.7(-1.83 %),0,0,0,0,0,0.0
21/10/2008,0,0,10.8(0.93 %),0,0,0,0,0,0.0
22/10/2008,0,0,10.8(0.00 %),0,0,0,0,0,0.0
23/10/2008,-500,-5300000,10.3(-4.63 %),1000,10300000,1500,15600000,0,0.0
24/10/2008,0,0,10.3(0.00 %),0,0,0,0,0,0.0
27/10/2008,0,0,9.8(-4.85 %),0,0,0,0,0,0.0
28/10/2008,0,0,10(2.04 %),0,0,0,0,0,0.0
29/10/2008,0,0,10.4(4.00 %),0,0,0,0,0,0.0
30/10/2008,1000,10400000,10.4(0.00 %),1000,10400000,0,0,0,0.0
31/10/2008,0,0,10.1(-2.88 %),0,0,0,0,0,0.0
03/11/2008,0,0,9.9(-1.98 %),0,0,0,0,0,0.0
04/11/2008,0,0,10.2(3.03 %),0,0,0,0,0,0.0
05/11/2008,1000,10500000,10.5(2.94 %),1000,10500000,0,0,0,0.0
06/11/2008,0,0,10(-4.76 %),0,0,0,0,0,0.0
07/11/2008,0,0,9.7(-3.00 %),0,0,0,0,0,0.0
10/11/2008,0,0,9.8(1.03 %),0,0,0,0,0,0.0
11/11/2008,0,0,9.4(-4.08 %),0,0,0,0,0,0.0
12/11/2008,0,0,9.2(-2.13 %),0,0,0,0,0,0.0
13/11/2008,0,0,9.4(2.17 %),0,0,0,0,0,0.0
14/11/2008,1000,9700000,9.6(2.13 %),1000,9700000,0,0,0,0.0
17/11/2008,0,0,9.3(-3.12 %),0,0,0,0,0,0.0
18/11/2008,0,0,9.5(2.15 %),0,0,0,0,0,0.0
19/11/2008,0,0,9.4(-1.05 %),0,0,0,0,0,0.0
20/11/2008,0,0,9.1(-3.19 %),0,0,0,0,0,0.0
21/11/2008,0,0,9(-1.10 %),0,0,0,0,0,0.0
24/11/2008,0,0,9(0.00 %),0,0,0,0,0,0.0
25/11/2008,0,0,9(0.00 %),0,0,0,0,0,0.0
26/11/2008,0,0,8.8(-2.22 %),0,0,0,0,0,0.0
27/11/2008,-4000,-34800000,8.7(-1.14 %),0,0,4000,34800000,0,0.0
28/11/2008,0,0,9.1(4.60 %),0,0,0,0,0,0.0
01/12/2008,0,0,9.1(0.00 %),0,0,0,0,0,0.0
02/12/2008,0,0,8.8(-3.30 %),0,0,0,0,0,0.0
03/12/2008,0,0,8.8(0.00 %),0,0,0,0,0,0.0
04/12/2008,0,0,8.9(1.14 %),0,0,0,0,0,0.0
05/12/2008,0,0,8.5(-4.49 %),0,0,0,0,0,0.0
08/12/2008,0,0,8.8(3.53 %),0,0,0,0,0,0.0
09/12/2008,600,5280000,8.8(0.00 %),600,5280000,0,0,0,0.0
10/12/2008,9000,78300000,8.7(-1.14 %),9000,78300000,0,0,0,0.0
11/12/2008,11000,94100000,8.6(-1.15 %),11000,94100000,0,0,0,0.0
12/12/2008,0,0,9(4.65 %),0,0,0,0,0,0.0
15/12/2008,25000,211500000,8.6(4.88 %),25000,211500000,0,0,0,0.0
16/12/2008,0,0,8.2(-4.65 %),0,0,0,0,0,0.0
17/12/2008,0,0,8(-2.44 %),0,0,0,0,0,0.0
18/12/2008,0,0,8.2(2.50 %),0,0,0,0,0,0.0
19/12/2008,0,0,8.3(1.22 %),0,0,0,0,0,0.0
22/12/2008,0,0,8.2(-1.20 %),0,0,0,0,0,0.0
23/12/2008,0,0,8.1(-1.22 %),0,0,0,0,0,0.0
24/12/2008,0,0,8(-1.23 %),0,0,0,0,0,0.0
25/12/2008,0,0,8(0.00 %),0,0,0,0,0,0.0
26/12/2008,0,0,8(0.00 %),0,0,0,0,0,0.0
29/12/2008,2800,22120000,7.9(-1.25 %),2800,22120000,0,0,0,0.0
30/12/2008,0,0,8.2(3.80 %),0,0,0,0,0,0.0
31/12/2008,0,0,8.1(-1.22 %),0,0,0,0,0,0.0
02/01/2009,0,0,8.1(0.00 %),0,0,0,0,8110922,4.3
05/01/2009,0,0,8.1(0.00 %),0,0,0,0,8110922,4.3
06/01/2009,0,0,8.3(2.47 %),0,0,0,0,8110922,4.3
07/01/2009,0,0,8.4(1.20 %),0,0,0,0,8110922,4.3
08/01/2009,0,0,8.1(-3.57 %),0,0,0,0,8110922,4.3
09/01/2009,0,0,8.3(2.47 %),0,0,0,0,8110922,4.3
12/01/2009,-100,-830000,8.3(0.00 %),0,0,100,830000,8111022,4.3
13/01/2009,0,0,8.2(-1.20 %),0,0,0,0,8111022,4.3
14/01/2009,-100,-810000,8(-2.44 %),0,0,100,810000,8111122,4.3
15/01/2009,-100,-810000,8(0.00 %),0,0,100,810000,8111222,4.3
16/01/2009,100,800000,8(0.00 %),100,800000,0,0,8111122,4.3
19/01/2009,0,0,7.9(-1.25 %),0,0,0,0,8111122,4.3
20/01/2009,0,0,7.9(0.00 %),0,0,0,0,8111122,4.3
21/01/2009,0,0,8(1.27 %),0,0,0,0,8111122,4.3
22/01/2009,-450,-3600000,8.1(1.25 %),0,0,450,3600000,8111572,4.3
23/01/2009,0,0,7.9(-2.47 %),0,0,0,0,8111572,4.3
02/02/2009,-12600,-98545000,8.1(2.53 %),0,0,12600,98545000,8124172,4.23
03/02/2009,100,800000,7.7(-4.94 %),100,800000,0,0,8124072,4.23
04/02/2009,100,790000,8(3.90 %),100,790000,0,0,8123972,4.23
05/02/2009,0,0,7.7(-3.75 %),0,0,0,0,8123972,4.23
06/02/2009,100,770000,7.8(1.30 %),100,770000,0,0,8123872,4.23
09/02/2009,0,0,8(2.56 %),0,0,0,0,8123872,4.23
10/02/2009,1590,12303000,7.9(-1.25 %),1590,12303000,0,0,8122282,4.24
11/02/2009,100,770000,7.9(0.00 %),100,770000,0,0,8122182,4.24
12/02/2009,100,780000,7.8(-1.27 %),100,780000,0,0,8122082,4.24
13/02/2009,0,0,7.8(0.00 %),0,0,0,0,8122082,4.24
16/02/2009,0,0,7.9(1.28 %),0,0,0,0,8122082,4.24
17/02/2009,0,0,7.8(-1.27 %),0,0,0,0,8122082,4.24
18/02/2009,300,2310000,7.5(-3.85 %),300,2310000,0,0,8121782,4.24
19/02/2009,1100,8260000,7.6(1.33 %),1100,8260000,0,0,8120682,4.25
20/02/2009,500,3750000,7.5(-1.32 %),500,3750000,0,0,8120182,4.25
23/02/2009,2100,15220000,7.2(-4.00 %),2100,15220000,0,0,8118082,4.26
24/02/2009,0,0,7.3(1.39 %),0,0,0,0,8118082,4.26
25/02/2009,0,0,7.6(4.11 %),0,0,0,0,8118082,4.26
26/02/2009,0,0,7.3(-3.95 %),0,0,0,0,8118082,4.26
27/02/2009,0,0,7.4(1.37 %),0,0,0,0,8118082,4.26
02/03/2009,100,740000,7.4(0.00 %),100,740000,0,0,8117982,4.26
03/03/2009,0,0,7.2(-2.70 %),0,0,0,0,8117982,4.26
04/03/2009,0,0,7.5(4.17 %),0,0,0,0,8117982,4.26
05/03/2009,100,750000,7.5(0.00 %),100,750000,0,0,8117882,4.26
06/03/2009,0,0,7.5(0.00 %),0,0,0,0,8117882,4.26
09/03/2009,100,730000,7.4(-1.33 %),100,730000,0,0,8117782,4.26
10/03/2009,0,0,7.6(2.70 %),0,0,0,0,8117782,4.26
11/03/2009,0,0,7.9(3.95 %),0,0,0,0,8117782,4.26
12/03/2009,-800,-6160000,7.7(-2.53 %),0,0,800,6160000,8118582,4.26
13/03/2009,0,0,7.9(2.60 %),0,0,0,0,8118582,4.26
16/03/2009,0,0,8(1.27 %),0,0,0,0,8118582,4.26
17/03/2009,0,0,8(0.00 %),0,0,0,0,8118582,4.26
18/03/2009,100,810000,8.3(3.75 %),100,810000,0,0,8118482,4.26
19/03/2009,0,0,7.9(-4.82 %),0,0,0,0,8118482,4.26
20/03/2009,0,0,7.8(-1.27 %),0,0,0,0,8118482,4.26
23/03/2009,0,0,7.5(-3.85 %),0,0,0,0,8118482,4.26
24/03/2009,0,0,7.8(4.00 %),0,0,0,0,8118482,4.26
25/03/2009,2000,15600000,7.8(0.00 %),2000,15600000,0,0,8116482,4.27
26/03/2009,0,0,7.7(-1.28 %),0,0,0,0,8116482,4.27
27/03/2009,0,0,7.8(1.30 %),0,0,0,0,8116482,4.27
30/03/2009,0,0,7.8(0.00 %),0,0,0,0,8116482,4.27
31/03/2009,0,0,7.8(0.00 %),0,0,0,0,8116482,4.27
01/04/2009,0,0,8.1(3.85 %),0,0,0,0,8116482,4.27
02/04/2009,0,0,8.5(4.94 %),0,0,0,0,8116482,4.27
03/04/2009,-49890,-444021000,8.9(4.71 %),0,0,49890,444021000,8166372,4.0
07/04/2009,0,0,9.2(3.37 %),0,0,0,0,8166372,4.0
08/04/2009,200,1820000,8.8(-4.35 %),200,1820000,0,0,8166172,4.0
09/04/2009,0,0,8.5(-3.41 %),0,0,0,0,8166172,4.0
10/04/2009,-200,-1780000,8.9(4.71 %),0,0,200,1780000,8166372,4.0
13/04/2009,0,0,9.3(4.49 %),0,0,0,0,8166372,4.0
14/04/2009,0,0,9.7(4.30 %),0,0,0,0,8166372,4.0
15/04/2009,1200,11520000,9.4(-3.09 %),1200,11520000,0,0,8165172,4.0
16/04/2009,0,0,9.8(4.26 %),0,0,0,0,8165172,4.0
17/04/2009,0,0,9.8(0.00 %),0,0,0,0,8165172,4.0
20/04/2009,0,0,9.4(-4.08 %),0,0,0,0,8165172,4.0
21/04/2009,0,0,9(-4.26 %),0,0,0,0,8165172,4.0
22/04/2009,0,0,9.1(1.11 %),0,0,0,0,8165172,4.0
23/04/2009,500,4550000,8.7(-4.40 %),500,4550000,0,0,8164672,4.01
24/04/2009,0,0,8.3(-4.60 %),0,0,0,0,8164672,4.01
27/04/2009,900,7740000,8.7(4.82 %),900,7740000,0,0,8163772,4.01
28/04/2009,0,0,9.1(4.60 %),0,0,0,0,8163772,4.01
29/04/2009,0,0,9.5(4.40 %),0,0,0,0,8163772,4.01
04/05/2009,0,0,9.9(4.21 %),0,0,0,0,8163772,4.01
05/05/2009,0,0,10(1.01 %),0,0,0,0,8163772,4.01
06/05/2009,0,0,9.5(-5.00 %),0,0,0,0,8163772,4.01
07/05/2009,0,0,9.8(3.16 %),0,0,0,0,8163772,4.01
08/05/2009,0,0,9.6(-2.04 %),0,0,0,0,8163772,4.01
11/05/2009,0,0,9.5(-1.04 %),0,0,0,0,8163772,4.01
12/05/2009,0,0,9.9(4.21 %),0,0,0,0,8163772,4.01
13/05/2009,0,0,10.3(4.04 %),0,0,0,0,8163772,4.01
14/05/2009,5000,51500000,10.3(0.00 %),5000,51500000,0,0,8158772,4.04
15/05/2009,0,0,10.8(4.85 %),0,0,0,0,8158772,4.04
18/05/2009,-900,-10170000,11.3(4.63 %),0,0,900,10170000,8159672,4.03
19/05/2009,0,0,11.8(4.42 %),0,0,0,0,8159672,4.03
20/05/2009,0,0,12.3(4.24 %),0,0,0,0,8159672,4.03
21/05/2009,0,0,12.9(4.88 %),0,0,0,0,8159672,4.03
22/05/2009,58370,733097000,13(0.78 %),63370,798197000,5000,65100000,8101302,4.36
25/05/2009,660,8712000,13.6(4.62 %),660,8712000,0,0,8100642,4.37
26/05/2009,0,0,13.5(-0.74 %),0,0,0,0,8100642,4.37
27/05/2009,1300,17420000,13(-3.70 %),1300,17420000,0,0,8099342,4.37
28/05/2009,0,0,12.4(-4.62 %),0,0,0,0,8099342,4.37
29/05/2009,2000,25000000,12.5(0.81 %),2000,25000000,0,0,8097342,4.38
01/06/2009,-18000,-229270000,13.1(4.80 %),2000,26200000,20000,255470000,8115342,4.29
02/06/2009,500,6850000,13.7(4.58 %),500,6850000,0,0,8114842,4.29
03/06/2009,-1500,-20250000,13.4(-2.19 %),0,0,1500,20250000,8116342,4.28
04/06/2009,-5000,-70000000,14(4.48 %),0,0,5000,70000000,8121342,4.25
05/06/2009,-2500,-36750000,14.7(5.00 %),0,0,2500,36750000,8123842,4.24
08/06/2009,-3300,-50820000,15.4(4.76 %),0,0,3300,50820000,8127142,4.22
09/06/2009,0,0,16.1(4.55 %),0,0,0,0,8127142,4.22
10/06/2009,-1500,-22950000,15.3(-4.97 %),0,0,1500,22950000,8128642,4.21
11/06/2009,0,0,16(4.58 %),0,0,0,0,8128642,4.21
12/06/2009,0,0,16.2(1.25 %),0,0,0,0,8128642,4.21
15/06/2009,-2000,-30800000,15.4(-4.94 %),0,0,2000,30800000,8130642,4.2
16/06/2009,-300,-4410000,14.7(-4.55 %),0,0,300,4410000,8130942,4.2
17/06/2009,4000,56000000,14(-4.76 %),4000,56000000,0,0,8126942,4.22
18/06/2009,-22500,-330750000,14(0.00 %),0,0,22500,330750000,8149442,4.1
19/06/2009,0,0,14.4(2.86 %),0,0,0,0,8149442,4.1
22/06/2009,0,0,13.7(-4.86 %),0,0,0,0,8149442,4.1
23/06/2009,0,0,13.1(-4.38 %),0,0,0,0,8149442,4.1
24/06/2009,0,0,13.7(4.58 %),0,0,0,0,8149442,4.1
25/06/2009,0,0,13.7(0.00 %),0,0,0,0,8149442,4.1
26/06/2009,0,0,13.7(0.00 %),0,0,0,0,8149442,4.1
29/06/2009,0,0,13.3(-2.92 %),0,0,0,0,8149442,4.1
30/06/2009,2000,26600000,12.8(-3.76 %),2000,26600000,0,0,8147442,4.11
01/07/2009,4500,54900000,12.2(-4.69 %),4500,54900000,0,0,8142942,4.13
02/07/2009,0,0,12.6(3.28 %),0,0,0,0,8142942,4.13
03/07/2009,0,0,12.6(0.00 %),0,0,0,0,8142942,4.13
06/07/2009,0,0,13.2(4.76 %),0,0,0,0,8142942,4.13
07/07/2009,0,0,13.2(0.00 %),0,0,0,0,8142942,4.13
08/07/2009,0,0,13.2(0.00 %),0,0,0,0,8142942,4.13
09/07/2009,0,0,13.3(0.76 %),0,0,0,0,8142942,4.13
10/07/2009,0,0,13(-2.26 %),0,0,0,0,8142942,4.13
13/07/2009,3000,38400000,12.7(-2.31 %),3000,38400000,0,0,8139942,4.15
14/07/2009,0,0,12.5(-1.57 %),0,0,0,0,8139942,4.15
15/07/2009,0,0,12.9(3.20 %),0,0,0,0,8139942,4.15
16/07/2009,3000,39549000,13(0.78 %),3000,39549000,0,0,8136942,4.17
17/07/2009,300,3840000,12.8(-1.54 %),300,3840000,0,0,8136642,4.17
20/07/2009,0,0,12.3(-3.91 %),0,0,0,0,8136642,4.17
21/07/2009,0,0,12.4(0.81 %),0,0,0,0,8136642,4.17
22/07/2009,3000,37500000,12.5(0.81 %),3000,37500000,0,0,8133642,4.18
23/07/2009,-400,-5080000,12.7(1.60 %),0,0,400,5080000,8134042,4.18
24/07/2009,3000,39900000,13.3(4.72 %),3000,39900000,0,0,8131042,4.2
27/07/2009,6100,82350000,13.3(0.00 %),6100,82350000,0,0,8124942,4.23
28/07/2009,0,0,12.8(-3.76 %),0,0,0,0,8124942,4.23
29/07/2009,0,0,12.7(-0.78 %),0,0,0,0,8124942,4.23
30/07/2009,0,0,12.5(-1.57 %),0,0,0,0,8124942,4.23
31/07/2009,0,0,12.8(2.40 %),0,0,0,0,8124942,4.23
03/08/2009,0,0,12.8(0.00 %),0,0,0,0,8124942,4.23
04/08/2009,0,0,13(1.56 %),0,0,0,0,8124942,4.23
05/08/2009,13000,167700000,13.2(1.54 %),13000,167700000,0,0,8111942,4.3
06/08/2009,0,0,13.2(0.00 %),0,0,0,0,8111942,4.3
07/08/2009,6000,80200000,13.4(1.52 %),6000,80200000,0,0,8105942,4.34
10/08/2009,0,0,14(4.48 %),0,0,0,0,8105942,4.34
11/08/2009,23500,337200000,14.7(5.00 %),23500,337200000,0,0,8082442,4.47
12/08/2009,3000,43200000,14.4(-2.04 %),3000,43200000,0,0,8079442,4.48
13/08/2009,-3000,-41700000,14.1(-2.08 %),3000,42900000,6000,84600000,8082442,4.47
14/08/2009,0,0,13.8(-2.13 %),0,0,0,0,8082442,4.47
17/08/2009,0,0,13.8(0.00 %),0,0,0,0,8082442,4.47
18/08/2009,-15000,-206150000,14(1.45 %),0,0,15000,206150000,8097442,4.38
19/08/2009,0,0,14(0.00 %),0,0,0,0,8097442,4.38
20/08/2009,6000,85800000,14.3(2.14 %),6000,85800000,0,0,8091442,4.42
21/08/2009,18000,261000000,14.5(1.40 %),18000,261000000,0,0,8073442,4.52
24/08/2009,0,0,14.3(-1.38 %),0,0,0,0,8073442,4.52
25/08/2009,0,0,14.2(-0.70 %),0,0,0,0,8076442,4.5
26/08/2009,-3000,-42300000,14.2(0.00 %),0,0,3000,42300000,8076442,4.5
27/08/2009,-8800,-126700000,14.4(1.41 %),0,0,8800,126700000,8085242,4.45
28/08/2009,0,0,14.7(2.08 %),0,0,0,0,8085242,4.45
31/08/2009,-5500,-81650000,15.4(4.76 %),0,0,5500,81650000,8090742,4.42
01/09/2009,0,0,15.4(0.00 %),0,0,0,0,8090742,4.42
03/09/2009,-6000,-91200000,15.3(-0.65 %),0,0,6000,91200000,8096742,4.39
04/09/2009,-2800,-45150000,15.7(2.61 %),500,7650000,3300,52800000,8099542,4.37
07/09/2009,-6000,-92400000,15.2(-3.18 %),0,0,6000,92400000,8105542,4.34
08/09/2009,0,0,15.9(4.61 %),0,0,0,0,8105542,4.34
09/09/2009,0,0,16.6(4.40 %),0,0,0,0,8105542,4.34
10/09/2009,9000,156600000,17.4(4.82 %),9000,156600000,0,0,8096542,4.39
11/09/2009,3000,54600000,17.7(1.72 %),3000,54600000,0,0,8093542,4.41
14/09/2009,10,174000,16.9(-4.52 %),10,174000,0,0,8093532,4.41
15/09/2009,0,0,17(0.59 %),0,0,0,0,8093532,4.41
16/09/2009,3000,49500000,16(-1.84 %),3000,49500000,0,0,8090532,4.42
17/09/2009,0,0,15.8(-1.25 %),0,0,0,0,8090532,4.42
18/09/2009,500,7900000,15.7(-0.63 %),500,7900000,0,0,8090032,4.42
21/09/2009,-9000,-142100000,15.9(1.27 %),0,0,9000,142100000,8099032,4.38
22/09/2009,0,0,16.2(1.89 %),0,0,0,0,8099032,4.38
23/09/2009,0,0,16.2(0.00 %),0,0,0,0,8099032,4.38
24/09/2009,0,0,16.1(-0.62 %),0,0,0,0,8099032,4.38
25/09/2009,0,0,16(-0.62 %),0,0,0,0,8099032,19.25
28/09/2009,0,0,15.8(-1.25 %),0,0,0,0,8095032,19.26
29/09/2009,-3000,-47400000,16.2(2.53 %),0,0,3000,47400000,8098482,4.38
30/09/2009,60,1020000,17(4.94 %),60,1020000,0,0,8098422,4.38
01/10/2009,0,0,17.8(4.71 %),0,0,0,0,8098422,4.38
02/10/2009,10,171000,17(-4.49 %),1010,17271000,1000,17100000,8098412,4.38
05/10/2009,-980,-16470000,16.8(-1.18 %),20,330000,1000,16800000,8099392,4.37
06/10/2009,0,0,16.5(-1.79 %),0,0,0,0,8099392,4.37
07/10/2009,1600,26560000,16.7(1.21 %),1600,26560000,0,0,8097792,4.38
08/10/2009,0,0,16.7(0.00 %),0,0,0,0,8097792,4.38
09/10/2009,8940,154250000,17.5(4.79 %),10000,172300000,1060,18050000,8088852,4.43
12/10/2009,0,0,18.3(4.57 %),0,0,0,0,8088852,4.43
13/10/2009,-4000,-76800000,19(3.83 %),0,0,4000,76800000,8092852,4.41
14/10/2009,0,0,19.4(2.11 %),0,0,0,0,8092852,4.42
15/10/2009,-9790,-185310000,19(-2.06 %),210,3990000,10000,189300000,8102642,4.36
16/10/2009,4900,99400000,19.9(4.74 %),7000,139300000,2100,39900000,8110582,4.32
19/10/2009,100,2080000,20.8(4.52 %),100,2080000,0,0,8097642,4.39
20/10/2009,0,0,21.8(4.81 %),0,0,0,0,8097642,4.39
21/10/2009,-2700,-61650000,22.8(4.59 %),300,6750000,3000,68400000,8100342,4.38
22/10/2009,-2000,-45640000,22.6(-0.88 %),1000,22860000,3000,68500000,8102342,4.36
23/10/2009,-8140,-176038000,21.5(-4.87 %),0,0,8140,176038000,8110482,4.32
26/10/2009,-5000,-102500000,20.5(-4.65 %),0,0,5000,102500000,8115482,4.29
27/10/2009,48000,936000000,19.5(-4.88 %),50000,975000000,2000,39000000,8067482,4.56
28/10/2009,0,0,19.2(-1.54 %),0,0,0,0,8067482,4.56
29/10/2009,-1800,-32940000,18.3(-4.69 %),0,0,1800,32940000,8069282,4.55
30/10/2009,0,0,19.2(4.92 %),0,0,0,0,8069282,4.55
02/11/2009,0,0,18.3(-4.69 %),0,0,0,0,8069282,4.55
03/11/2009,300,5220000,17.4(-4.92 %),300,5220000,0,0,8068982,4.55
04/11/2009,0,0,17.2(-1.15 %),0,0,0,0,8068982,4.55
05/11/2009,0,0,18(4.65 %),0,0,0,0,8068982,4.55
06/11/2009,0,0,18(0.00 %),0,0,0,0,8068982,4.55
09/11/2009,0,0,17.1(-5.00 %),0,0,0,0,8068982,4.55
10/11/2009,0,0,16.5(-3.51 %),0,0,0,0,8068982,4.55
11/11/2009,2970,48996000,17.3(4.85 %),3000,49500000,30,504000,8066012,4.56
12/11/2009,0,0,17.8(2.89 %),0,0,0,0,8066012,4.56
13/11/2009,0,0,17.8(0.00 %),0,0,0,0,8066012,4.56
16/11/2009,0,0,17.7(-0.56 %),0,0,0,0,8066012,4.56
17/11/2009,0,0,17.4(-1.69 %),0,0,0,0,8066012,4.56
18/11/2009,0,0,17.5(0.57 %),0,0,0,0,8066012,4.56
19/11/2009,0,0,18(2.86 %),0,0,0,0,8066012,4.56
20/11/2009,0,0,17.8(-1.11 %),0,0,0,0,8066012,4.56
23/11/2009,0,0,17(-4.49 %),0,0,0,0,8066012,4.56
24/11/2009,-500,-8500000,16.6(-2.35 %),0,0,500,8500000,8066512,4.56
25/11/2009,300,4740000,15.8(-4.82 %),300,4740000,0,0,8066212,4.56
26/11/2009,0,0,15.1(-4.43 %),0,0,0,0,8066212,4.56
27/11/2009,-1000,-15500000,15.5(2.65 %),0,0,1000,15500000,8067212,4.56
30/11/2009,0,0,16(3.23 %),0,0,0,0,8067212,4.56
01/12/2009,500,8000000,16(0.00 %),500,8000000,0,0,8066712,4.56
02/12/2009,0,0,15.2(-5.00 %),0,0,0,0,8066712,4.56
03/12/2009,0,0,14.8(-2.63 %),0,0,0,0,8066712,4.56
04/12/2009,3200,48020000,15.1(2.03 %),3200,48020000,0,0,8063512,4.58
07/12/2009,0,0,15.3(1.32 %),0,0,0,0,8063512,4.58
08/12/2009,2200,32980000,14.9(-2.61 %),2200,32980000,0,0,8061312,4.59
09/12/2009,0,0,14.2(-4.70 %),0,0,0,0,8061312,4.59
10/12/2009,2900,39120000,13.5(-4.93 %),3200,43200000,300,4080000,8058412,4.61
11/12/2009,0,0,12.9(-4.44 %),0,0,0,0,8058412,4.61
14/12/2009,0,0,13.5(4.65 %),0,0,0,0,8058412,4.61
15/12/2009,0,0,13.3(-1.48 %),0,0,0,0,8058412,4.61
16/12/2009,0,0,12.7(-4.51 %),0,0,0,0,8058412,4.61
17/12/2009,2000,24200000,12.1(-4.72 %),2000,24200000,0,0,8056412,4.62
18/12/2009,0,0,12.7(4.96 %),0,0,0,0,8056412,4.62
21/12/2009,1000,13200000,13.3(4.72 %),1000,13200000,0,0,8055412,4.62
22/12/2009,0,0,13.2(-0.75 %),0,0,0,0,8055412,4.62
23/12/2009,0,0,13.5(2.27 %),0,0,0,0,8055412,4.62
24/12/2009,0,0,13.6(0.74 %),0,0,0,0,8055412,4.62
25/12/2009,4000,56800000,14.2(4.41 %),4000,56800000,0,0,8051412,4.64
28/12/2009,-2000,-29600000,14.1(-0.70 %),0,0,2000,29600000,8053412,4.63
29/12/2009,0,0,13.6(-3.55 %),0,0,0,0,8053412,4.63
30/12/2009,7000,99400000,14.2(4.41 %),7000,99400000,0,0,8046412,4.67
31/12/2009,39500,588550000,14.9(4.93 %),39800,593020000,300,4470000,8006912,4.89
04/01/2010,0,0,15.6(4.70 %),0,0,0,0,8006912,4.89
05/01/2010,-3600,-58680000,16.3(4.49 %),400,6520000,4000,65200000,8010512,4.87
06/01/2010,4000,64400000,16(-1.84 %),4000,64400000,0,0,8006512,4.89
07/01/2010,4000,62400000,16.2(1.25 %),4000,62400000,0,0,8002512,4.91
08/01/2010,-4700,-77790000,15.8(-2.47 %),8100,129670000,12800,207460000,8007212,4.89
11/01/2010,3000,47400000,15.8(0.00 %),3000,47400000,0,0,8004212,4.9
12/01/2010,6000,94200000,15.2(-3.80 %),6000,94200000,0,0,7998212,4.94
13/01/2010,0,0,15(-1.32 %),0,0,0,0,7998212,4.94
14/01/2010,-9600,-149520000,15.6(4.00 %),400,6080000,10000,155600000,8007812,4.89
15/01/2010,-110,-1705000,15.1(-3.21 %),0,0,110,1705000,8007922,4.88
18/01/2010,3550,51785000,14.4(-4.64 %),4000,58400000,450,6615000,8004372,4.9
19/01/2010,500,7500000,14.4(0.00 %),500,7500000,0,0,8003872,4.91
20/01/2010,-5440,-78343000,14(-2.78 %),0,0,5440,78343000,8009312,4.88
21/01/2010,0,0,13.3(-5.00 %),0,0,0,0,8009312,4.88
22/01/2010,7200,98160000,13.5(1.50 %),7200,98160000,0,0,8002112,4.92
25/01/2010,0,0,13.9(2.96 %),0,0,0,0,8002112,4.92
26/01/2010,600,8640000,14.5(4.32 %),600,8640000,0,0,8001512,4.92
27/01/2010,0,0,14.3(-1.38 %),0,0,0,0,8001512,4.92
28/01/2010,0,0,13.7(-4.20 %),0,0,0,0,8001512,4.92
29/01/2010,0,0,13.5(-1.46 %),0,0,0,0,8001512,4.92
01/02/2010,9000,121800000,13.7(1.48 %),9000,121800000,0,0,7992512,4.97
02/02/2010,0,0,13.6(-0.73 %),0,0,0,0,7992512,4.97
03/02/2010,0,0,13.6(0.00 %),0,0,0,0,7992512,4.97
04/02/2010,0,0,13.6(0.00 %),0,0,0,0,7992512,4.97
05/02/2010,0,0,13.4(-1.47 %),0,0,0,0,7992512,4.97
08/02/2010,0,0,13.5(0.75 %),0,0,0,0,7992512,4.97
09/02/2010,0,0,13.8(2.22 %),0,0,0,0,7992512,4.97
10/02/2010,0,0,13.9(0.72 %),0,0,0,0,7992512,4.97
11/02/2010,-150,-2055000,13.9(0.00 %),0,0,150,2055000,7992662,4.97
12/02/2010,0,0,14(0.72 %),0,0,0,0,7992662,4.97
22/02/2010,-1500,-21255000,14.2(1.43 %),0,0,1500,21255000,7994162,4.96
23/02/2010,0,0,13.8(-2.82 %),0,0,0,0,7994162,4.96
24/02/2010,0,0,13.8(0.00 %),0,0,0,0,7994162,4.96
25/02/2010,1030,14420000,13.8(0.00 %),3000,42000000,1970,27580000,7993132,4.97
26/02/2010,0,0,13.9(0.72 %),0,0,0,0,8035442,4.97
01/03/2010,-6000,-84000000,13.9(0.00 %),0,0,6000,84000000,8041442,4.7
02/03/2010,-530,-7420000,14(0.72 %),0,0,530,7420000,8041972,4.7
03/03/2010,-5000,-71300000,14.7(5.00 %),6000,88200000,11000,159500000,8046972,4.67
04/03/2010,-3840,-58758000,15(2.04 %),60,912000,3900,59670000,8050812,4.65
05/03/2010,-3500,-53400000,15.1(0.67 %),0,0,3500,53400000,8054312,4.63
08/03/2010,-9000,-135900000,15.2(0.66 %),0,0,9000,135900000,8063312,4.58
09/03/2010,6900,107970000,15.8(3.95 %),6900,107970000,0,0,8056412,4.62
10/03/2010,0,0,15.4(-2.53 %),0,0,0,0,8056412,4.62
11/03/2010,0,0,15.7(1.95 %),0,0,0,0,8056412,4.62
12/03/2010,0,0,16(1.91 %),0,0,0,0,8056412,4.62
15/03/2010,0,0,16.7(4.38 %),0,0,0,0,8056412,4.62
16/03/2010,-16900,-269751000,15.9(-4.79 %),0,0,16900,269751000,8073312,4.52
17/03/2010,-11060,-177142000,15.9(0.00 %),0,0,11060,177142000,8084372,4.46
18/03/2010,40000,652000000,16.3(2.52 %),40000,652000000,0,0,8044372,4.68
19/03/2010,75100,1289210000,15.9(-2.45 %),80100,1369610000,5000,80400000,7969272,5.1
22/03/2010,-1050,-17005000,15.9(0.00 %),1500,23850000,2550,40855000,7970322,5.09
23/03/2010,0,0,15.9(0.00 %),0,0,0,0,7970322,5.09
24/03/2010,7000,111900000,16(0.63 %),7000,111900000,0,0,7963322,5.13
25/03/2010,0,0,15.8(-1.25 %),0,0,0,0,7963322,5.13
26/03/2010,0,0,15.5(-1.90 %),0,0,0,0,7963322,5.13
29/03/2010,0,0,15(-3.23 %),0,0,0,0,7963322,5.13
30/03/2010,-3000,-45300000,15.1(0.67 %),0,0,3000,45300000,7966322,5.11
31/03/2010,-3000,-45600000,15.6(3.31 %),0,0,3000,45600000,7969322,5.1
01/04/2010,0,0,15.6(0.00 %),0,0,0,0,7969322,5.1
02/04/2010,0,0,15.4(-1.28 %),0,0,0,0,7969322,5.1
05/04/2010,-5000,-80000000,16.1(4.55 %),0,0,5000,80000000,7974322,5.07
06/04/2010,-3450,-55645000,15.7(-2.48 %),0,0,3450,55645000,7977772,5.05
07/04/2010,0,0,15.8(0.64 %),0,0,0,0,7977772,5.05
08/04/2010,-1000,-15800000,15.6(-1.27 %),0,0,1000,15800000,7978772,5.05
09/04/2010,0,0,15.6(0.00 %),0,0,0,0,7978772,5.05
12/04/2010,0,0,16.3(4.49 %),0,0,0,0,7978772,5.05
13/04/2010,-52800,-887040000,15.7(-3.68 %),200,3360000,53000,890400000,8031572,4.75
14/04/2010,0,0,16.1(2.55 %),0,0,0,0,8031572,4.75
15/04/2010,-24500,-392300000,15.9(-1.24 %),0,0,24500,392300000,8056072,4.62
16/04/2010,200,3180000,15.7(-1.26 %),200,3180000,0,0,8055872,4.62
19/04/2010,200,2740000,13.7(4.58 %),200,2740000,0,0,8055672,4.61
20/04/2010,0,0,13.4(-2.19 %),0,0,0,0,8055672,4.61
21/04/2010,10,137000,13.4(0.00 %),10,137000,0,0,8055662,4.61
22/04/2010,0,0,13.7(2.24 %),0,0,0,0,8055662,4.61
26/04/2010,0,0,13.8(0.73 %),0,0,0,0,8055662,4.61
27/04/2010,0,0,13.6(-1.45 %),0,0,0,0,8055662,4.61
28/04/2010,0,0,13.5(-0.74 %),0,0,0,0,8055662,4.61
29/04/2010,0,0,13.6(0.74 %),0,0,0,0,8055662,4.61
04/05/2010,0,0,14.2(4.41 %),0,0,0,0,8055662,4.61
05/05/2010,-6000,-89280000,14.9(4.93 %),5000,73800000,11000,163080000,8061662,4.58
06/05/2010,-4000,-62000000,15.6(4.70 %),0,0,4000,62000000,8065662,4.56
07/05/2010,9800,151880000,15.4(-1.28 %),10000,155000000,200,3120000,8055862,4.61
10/05/2010,-37000,-543900000,14.7(-4.55 %),3000,44100000,40000,588000000,8092862,4.41
11/05/2010,0,0,14.1(-4.08 %),0,0,0,0,8092862,4.41
12/05/2010,0,0,13.4(-4.96 %),0,0,0,0,8092862,4.41
13/05/2010,0,0,13.4(0.00 %),0,0,0,0,8092862,4.41
14/05/2010,-29000,-388600000,13.5(0.75 %),3000,40200000,32000,428800000,8121862,4.25
17/05/2010,3000,40500000,13.2(-2.22 %),3000,40500000,0,0,8118862,4.27
18/05/2010,0,0,13.1(-0.76 %),0,0,0,0,8118862,4.27
19/05/2010,0,0,12.5(-4.58 %),0,0,0,0,8118862,4.27
20/05/2010,0,0,12.6(0.80 %),0,0,0,0,8118862,4.27
21/05/2010,0,0,12(-4.76 %),0,0,0,0,8118862,4.27
24/05/2010,0,0,12.1(0.83 %),0,0,0,0,8118862,4.27
25/05/2010,0,0,11.9(-1.65 %),0,0,0,0,8118862,4.27
26/05/2010,0,0,12.2(2.52 %),0,0,0,0,8118862,4.27
27/05/2010,-3000,-36900000,12.5(2.46 %),0,0,3000,36900000,8121862,4.25
28/05/2010,0,0,13.1(4.80 %),0,0,0,0,8121862,4.25
31/05/2010,-7800,-100280000,12.7(-3.05 %),4200,53320000,12000,153600000,8129662,4.21
01/06/2010,0,0,12.7(0.00 %),0,0,0,0,8129662,4.21
02/06/2010,-10000,-125155000,12.7(0.00 %),0,0,10000,125155000,8139662,4.15
03/06/2010,0,0,12.7(0.00 %),0,0,0,0,8139662,4.15
04/06/2010,0,0,12.5(-1.57 %),0,0,0,0,8139662,4.15
07/06/2010,-1000,-11900000,12.1(-3.20 %),0,0,1000,11900000,8140662,4.15
08/06/2010,0,0,12.1(0.00 %),0,0,0,0,8140662,4.15
09/06/2010,0,0,12.3(1.65 %),0,0,0,0,8140662,4.15
10/06/2010,0,0,12.2(-0.81 %),0,0,0,0,8140662,4.15
11/06/2010,0,0,12.3(0.82 %),0,0,0,0,8140662,4.15
14/06/2010,0,0,12.4(0.81 %),0,0,0,0,8140662,4.15
15/06/2010,0,0,12.2(-1.61 %),0,0,0,0,8140662,4.15
16/06/2010,0,0,12.3(0.82 %),0,0,0,0,8140662,4.15
17/06/2010,0,0,12.4(0.81 %),0,0,0,0,8140662,4.15
18/06/2010,-1000,-12600000,12.6(1.61 %),0,0,1000,12600000,8145662,4.12
21/06/2010,0,0,13.2(4.76 %),0,0,0,0,8141662,4.14
22/06/2010,-3000,-41400000,13.7(3.79 %),0,0,3000,41400000,8144662,4.12
23/06/2010,5000,67500000,13.8(0.73 %),5000,67500000,0,0,8139662,4.15
24/06/2010,0,0,13.6(-1.45 %),0,0,0,0,8139662,4.15
25/06/2010,0,0,13.1(-3.68 %),0,0,0,0,8139662,4.15
28/06/2010,50,675000,13.7(4.58 %),50,675000,0,0,8139612,4.15
29/06/2010,-9000,-125400000,14.3(4.38 %),0,0,9000,125400000,8148612,4.1
30/06/2010,0,-28000,13.7(-4.20 %),3000,41972000,3000,42000000,8148612,4.1
01/07/2010,0,0,13.6(-0.73 %),0,0,0,0,8148612,4.1
02/07/2010,-20,-268000,13.5(-0.74 %),0,0,20,268000,8148632,4.1
05/07/2010,0,0,13.8(2.22 %),0,0,0,0,8148632,4.1
06/07/2010,1730,23794000,13.4(-2.90 %),4750,63660000,3020,39866000,8146902,4.11
07/07/2010,0,0,13.3(-0.75 %),0,0,0,0,8146902,4.11
08/07/2010,0,0,13.1(-1.50 %),0,0,0,0,8146902,4.11
09/07/2010,0,0,13(-0.76 %),0,0,0,0,8146902,4.11
12/07/2010,-10,-129000,13.1(0.77 %),0,0,10,129000,8146912,4.11
13/07/2010,0,0,13.6(3.82 %),0,0,0,0,8146912,4.11
14/07/2010,0,0,13.3(-2.21 %),0,0,0,0,8146912,4.11
15/07/2010,0,0,13.2(-0.75 %),0,0,0,0,8146912,4.11
16/07/2010,0,0,13.3(0.76 %),0,0,0,0,8146912,4.11
19/07/2010,0,0,13.1(-1.50 %),0,0,0,0,8146912,4.11
20/07/2010,6000,82200000,13.7(4.58 %),6000,82200000,0,0,8140912,4.14
21/07/2010,13000,180700000,13.6(-0.73 %),13000,180700000,0,0,8127912,4.22
22/07/2010,0,0,13.2(-2.94 %),0,0,0,0,8127912,4.22
23/07/2010,0,0,13.3(0.76 %),0,0,0,0,8127912,4.22
26/07/2010,0,0,13.1(-1.50 %),0,0,0,0,8127912,4.22
27/07/2010,0,0,13(-0.76 %),0,0,0,0,8127912,4.22
28/07/2010,0,0,12.8(-1.54 %),0,0,0,0,8127912,4.22
29/07/2010,2000,25400000,12.7(-0.78 %),2000,25400000,0,0,8125912,4.23
30/07/2010,2000,25800000,12.9(1.57 %),2000,25800000,0,0,8123912,4.24
02/08/2010,4000,50200000,12.5(-3.10 %),5000,62900000,1000,12700000,8119912,4.26
03/08/2010,-1500,-19050000,12.5(0.00 %),0,0,1500,19050000,8121412,4.25
04/08/2010,0,0,12.3(-1.60 %),0,0,0,0,8121412,4.25
05/08/2010,0,0,12.3(0.00 %),0,0,0,0,8121412,4.25
06/08/2010,-2000,-24600000,12.2(-0.81 %),0,0,2000,24600000,8123412,4.24
09/08/2010,0,0,11.7(-4.10 %),0,0,0,0,8123412,4.24
10/08/2010,0,0,11.3(-3.42 %),0,0,0,0,8123412,4.24
11/08/2010,130,1482000,11.7(3.54 %),130,1482000,0,0,0,49.0
12/08/2010,0,0,11.2(-4.27 %),0,0,0,0,8123282,4.24
13/08/2010,-200,-2240000,11.3(0.89 %),0,0,200,2240000,8123482,4.24
16/08/2010,0,0,11.8(4.42 %),0,0,0,0,8123482,4.24
17/08/2010,6670,77372000,11.8(0.00 %),6670,77372000,0,0,0,49.04
18/08/2010,0,0,11.4(-3.39 %),0,0,0,0,8116812,4.28
19/08/2010,0,0,11.3(-0.88 %),0,0,0,0,8116812,4.28
20/08/2010,0,0,11.2(-0.88 %),0,0,0,0,0,0.0
23/08/2010,0,0,11.1(-0.89 %),0,0,0,0,0,49.0
24/08/2010,0,0,10.6(-4.50 %),0,0,0,0,0,0.0
25/08/2010,0,0,10.1(-4.72 %),0,0,0,0,0,0.0
26/08/2010,0,0,10.2(0.99 %),0,0,0,0,0,49.0
27/08/2010,0,0,10.1(-0.98 %),0,0,0,0,0,49.0
30/08/2010,0,0,10.6(4.95 %),0,0,0,0,0,49.0
31/08/2010,0,200000,10.6(0.00 %),1000,10600000,1000,10400000,12169133,-12.03
01/09/2010,0,0,10.5(-0.94 %),0,0,0,0,12169133,4.3
06/09/2010,-200,-2200000,11(4.76 %),0,0,200,2200000,12169333,4.3
07/09/2010,-40000,-432726000,10.9(-0.91 %),0,0,40000,432726000,12209333,4.15
08/09/2010,-4000,-42400000,10.6(-2.75 %),0,0,4000,42400000,12213333,4.14
09/09/2010,-3800,-41800000,11.1(4.72 %),0,0,3800,41800000,12217133,4.12
10/09/2010,0,0,11.2(0.90 %),0,0,0,0,12217133,4.12
13/09/2010,-3000,-34300000,11.3(0.89 %),0,0,3000,34300000,12220133,4.11
14/09/2010,0,0,11.2(-0.88 %),0,0,0,0,12220133,4.11
15/09/2010,0,0,11(-1.79 %),0,0,0,0,12220133,4.11
16/09/2010,0,0,10.9(-0.91 %),0,0,0,0,12220133,4.11
17/09/2010,3500,38639000,11.3(3.67 %),3500,38639000,0,0,12216633,4.12
20/09/2010,0,0,10.9(0.93 %),0,0,0,0,12216633,4.12
21/09/2010,0,0,10.8(-0.92 %),0,0,0,0,12216633,4.12
22/09/2010,0,0,10.7(-0.93 %),0,0,0,0,12216633,4.12
23/09/2010,0,0,10.5(-1.87 %),0,0,0,0,12216633,4.12
24/09/2010,0,0,10.5(0.00 %),0,0,0,0,12216633,4.12
27/09/2010,0,0,10.4(-0.95 %),0,0,0,0,12216633,4.12
28/09/2010,0,0,10.5(0.96 %),0,0,0,0,12216633,4.12
29/09/2010,0,0,10.3(-1.90 %),0,0,0,0,12216633,4.12
30/09/2010,0,0,10.2(-0.97 %),0,0,0,0,12216633,4.12
01/10/2010,0,0,10.2(0.00 %),0,0,0,0,12216633,4.12
04/10/2010,2000,19600000,9.8(-3.92 %),2000,19600000,0,0,12214633,4.13
05/10/2010,0,0,9.9(1.02 %),0,0,0,0,12214633,4.13
06/10/2010,0,0,10(1.01 %),0,0,0,0,12214633,4.13
07/10/2010,0,0,9.9(-1.00 %),0,0,0,0,12214633,4.13
08/10/2010,0,0,9.9(0.00 %),0,0,0,0,12214633,4.13
11/10/2010,0,0,9.9(0.00 %),0,0,0,0,12214633,4.13
12/10/2010,3000,29400000,9.7(-2.02 %),3000,29400000,0,0,12211633,4.14
13/10/2010,0,0,9.9(2.06 %),0,0,0,0,12211633,4.14
14/10/2010,500,4950000,9.7(-2.02 %),500,4950000,0,0,12211133,4.15
15/10/2010,0,0,9.7(0.00 %),0,0,0,0,12211133,4.15
18/10/2010,0,0,9.8(1.03 %),0,0,0,0,12211133,4.15
19/10/2010,0,0,9.7(-1.02 %),0,0,0,0,12211133,4.15
20/10/2010,2000,18600000,9.4(-3.09 %),2000,18600000,0,0,12209133,4.15
21/10/2010,0,0,9.3(-1.06 %),0,0,0,0,12209133,4.15
22/10/2010,0,0,9.3(0.00 %),0,0,0,0,12209133,4.15
25/10/2010,-3000,-27301000,9.4(1.08 %),0,0,3000,27301000,12212133,4.14
26/10/2010,0,0,9.5(1.06 %),0,0,0,0,12212133,4.14
27/10/2010,0,0,9.2(-3.16 %),0,0,0,0,12212133,4.14
28/10/2010,0,0,9.1(-1.09 %),0,0,0,0,12212133,4.14
29/10/2010,0,0,9(-1.10 %),0,0,0,0,12212133,4.14
01/11/2010,0,0,8.9(-1.11 %),0,0,0,0,12212133,4.14
02/11/2010,0,0,8.9(0.00 %),0,0,0,0,12212133,4.14
03/11/2010,0,0,8.7(-2.25 %),0,0,0,0,12212133,4.14
04/11/2010,0,0,8.8(1.15 %),0,0,0,0,12212133,4.14
05/11/2010,0,0,9.1(3.41 %),0,0,0,0,12212133,4.14
08/11/2010,0,0,9(-1.10 %),0,0,0,0,12212133,4.14
09/11/2010,0,0,8.9(-1.11 %),0,0,0,0,0,0.0
10/11/2010,0,0,8.6(-3.37 %),0,0,0,0,0,49.0
11/11/2010,2000,17200000,8.6(0.00 %),2000,17200000,0,0,0,49.01
12/11/2010,0,0,8.2(-4.65 %),0,0,0,0,0,49.01
15/11/2010,0,0,8(-2.44 %),0,0,0,0,0,49.01
16/11/2010,0,0,7.8(-2.50 %),0,0,0,0,0,49.01
17/11/2010,0,0,7.9(1.28 %),0,0,0,0,0,49.01
18/11/2010,0,0,8(1.27 %),0,0,0,0,0,49.01
19/11/2010,30000,243712000,8.2(2.50 %),30000,243712000,0,0,0,49.12
22/11/2010,30000,241682000,8.1(-1.22 %),30000,241682000,0,0,0,49.23
23/11/2010,44420,366485000,8.1(0.00 %),44420,366485000,0,0,0,49.39
24/11/2010,45000,378000000,8.4(3.70 %),45000,378000000,0,0,0,49.56
25/11/2010,0,0,8.8(4.76 %),0,0,0,0,0,49.56
26/11/2010,32210,289830000,9(2.27 %),32810,295290000,600,5460000,0,49.67
29/11/2010,40000,376000000,9.4(4.44 %),40000,376000000,0,0,0,49.82
30/11/2010,-2000,-19600000,9.7(3.19 %),0,0,2000,19600000,0,49.81
01/12/2010,0,0,9.5(-2.06 %),0,0,0,0,0,49.81
02/12/2010,0,0,9.6(1.05 %),0,0,0,0,0,49.81
03/12/2010,0,0,10(4.17 %),0,0,0,0,0,49.81
06/12/2010,-3000,-30000000,10.5(5.00 %),0,0,3000,30000000,0,49.8
07/12/2010,0,0,10.5(0.00 %),0,0,0,0,0,49.8
08/12/2010,0,0,10(-4.76 %),0,0,0,0,0,49.8
09/12/2010,0,0,10(0.00 %),0,0,0,0,0,49.8
10/12/2010,0,0,10.4(4.00 %),0,0,0,0,0,49.8
13/12/2010,0,0,10.6(1.92 %),0,0,0,0,0,49.8
14/12/2010,-2310,-24255000,10.2(-3.77 %),0,0,2310,24255000,0,49.79
15/12/2010,0,0,10.1(-0.98 %),0,0,0,0,0,49.79
16/12/2010,-40000,-384000000,9.6(-4.95 %),0,0,40000,384000000,0,49.65
17/12/2010,-4120,-40900000,9.9(3.12 %),0,0,4120,40900000,0,49.63
20/12/2010,0,0,9.8(-1.01 %),0,0,0,0,0,49.63
21/12/2010,21950,222568000,10(2.04 %),38650,384908000,16700,162340000,0,49.71
22/12/2010,0,0,9.9(-1.00 %),0,0,0,0,0,49.71
23/12/2010,0,0,9.5(-4.04 %),0,0,0,0,0,49.71
24/12/2010,0,0,9.4(-1.05 %),0,0,0,0,0,49.71
27/12/2010,0,0,9.3(-1.06 %),0,0,0,0,0,49.71
28/12/2010,0,0,9.6(3.23 %),0,0,0,0,0,49.71
29/12/2010,0,0,9.5(-1.04 %),0,0,0,0,0,49.71
30/12/2010,0,0,9.5(0.00 %),0,0,0,0,0,49.71
31/12/2010,0,0,9.6(1.05 %),0,0,0,0,0,49.71
04/01/2011,-10000,-96000000,9.6(0.00 %),0,0,10000,96000000,0,49.68
05/01/2011,0,0,9.6(0.00 %),0,0,0,0,0,49.68
06/01/2011,0,0,9.6(0.00 %),0,0,0,0,0,49.68
07/01/2011,0,0,9.5(-1.04 %),0,0,0,0,0,49.68
10/01/2011,0,0,9.2(-3.16 %),0,0,0,0,0,49.68
11/01/2011,0,0,9(-2.17 %),0,0,0,0,0,49.68
12/01/2011,7500,67500000,9.1(1.11 %),7500,67500000,0,0,0,49.7
13/01/2011,0,0,9.2(1.10 %),0,0,0,0,0,49.7
14/01/2011,0,0,9.2(0.00 %),0,0,0,0,12005288,4.9
17/01/2011,4400,40480000,9.2(0.00 %),4400,40480000,0,0,12000888,4.92
18/01/2011,0,0,9(-2.17 %),0,0,0,0,0,49.72
19/01/2011,0,0,9(0.00 %),0,0,0,0,0,49.72
20/01/2011,0,0,8.9(-1.11 %),0,0,0,0,0,49.72
21/01/2011,0,0,9(1.12 %),0,0,0,0,0,49.72
24/01/2011,0,0,8.9(-1.11 %),0,0,0,0,0,49.72
25/01/2011,0,0,8.8(-1.12 %),0,0,0,0,0,49.72
26/01/2011,0,0,9(2.27 %),0,0,0,0,0,49.72
27/01/2011,3000,27600000,9.1(1.11 %),3000,27600000,0,0,0,49.73
28/01/2011,0,0,9(-1.10 %),0,0,0,0,0,49.73
08/02/2011,0,0,9.1(1.11 %),0,0,0,0,0,49.73
09/02/2011,0,0,9(-1.10 %),0,0,0,0,12005288,4.9
10/02/2011,0,0,9(0.00 %),0,0,0,0,0,49.73
11/02/2011,0,0,8.9(-1.11 %),0,0,0,0,12005288,4.9
14/02/2011,0,0,8.9(0.00 %),0,0,0,0,0,49.73
15/02/2011,0,0,8.8(-1.12 %),0,0,0,0,0,49.73
16/02/2011,0,0,8.5(-3.41 %),0,0,0,0,0,49.73
17/02/2011,0,0,8.5(0.00 %),0,0,0,0,0,49.73
18/02/2011,0,0,8.4(-1.18 %),0,0,0,0,0,49.73
21/02/2011,0,0,8(-4.76 %),0,0,0,0,0,49.73
22/02/2011,0,0,7.6(-5.00 %),0,0,0,0,0,49.73
23/02/2011,0,0,7.8(2.63 %),0,0,0,0,0,49.73
24/02/2011,0,0,7.7(-1.28 %),0,0,0,0,0,49.73
25/02/2011,2000,15400000,7.9(2.60 %),2000,15400000,0,0,0,49.74
28/02/2011,0,0,7.8(-1.27 %),0,0,0,0,0,49.74
01/03/2011,3000,23400000,7.7(-1.28 %),3000,23400000,0,0,0,49.75
02/03/2011,0,0,7.5(-2.60 %),0,0,0,0,0,49.75
03/03/2011,0,0,7.4(-1.33 %),0,0,0,0,0,0.0
04/03/2011,0,0,7.5(1.35 %),0,0,0,0,0,0.0
07/03/2011,9300,70680000,7.6(1.33 %),12300,93480000,3000,22800000,0,0.0
08/03/2011,-12000,-91200000,7.5(-1.32 %),0,0,12000,91200000,0,0.0
09/03/2011,0,0,7.4(-1.33 %),0,0,0,0,0,0.0
10/03/2011,0,0,7.7(4.05 %),0,0,0,0,0,0.0
11/03/2011,0,0,7.9(2.60 %),0,0,0,0,0,0.0
14/03/2011,0,0,7.6(-3.80 %),0,0,0,0,0,0.0
15/03/2011,0,0,7.6(0.00 %),0,0,0,0,0,0.0
16/03/2011,0,0,7.7(1.32 %),0,0,0,0,12009293,4.89
17/03/2011,0,0,7.5(-2.60 %),0,0,0,0,12009293,4.89
18/03/2011,0,0,7.7(2.67 %),0,0,0,0,12009293,4.89
21/03/2011,0,0,7.7(0.00 %),0,0,0,0,12009293,4.89
22/03/2011,0,0,7.5(-2.60 %),0,0,0,0,12009293,4.89
23/03/2011,0,0,7.5(0.00 %),0,0,0,0,12009293,4.89
24/03/2011,0,0,7.5(0.00 %),0,0,0,0,12009293,4.89
25/03/2011,0,0,7.5(0.00 %),0,0,0,0,12009293,4.89
28/03/2011,0,0,7.5(0.00 %),0,0,0,0,12009293,4.89
29/03/2011,0,0,7.5(0.00 %),0,0,0,0,12009293,4.89
30/03/2011,0,0,7.4(-1.33 %),0,0,0,0,12009293,4.89
31/03/2011,0,0,7.3(-1.35 %),0,0,0,0,12009293,4.89
01/04/2011,0,0,7.3(0.00 %),0,0,0,0,12009298,4.89
04/04/2011,0,0,7.2(-1.37 %),0,0,0,0,12009298,4.89
05/04/2011,0,0,7.2(0.00 %),0,0,0,0,12009298,4.89
06/04/2011,0,0,7.3(1.39 %),0,0,0,0,12009298,4.89
07/04/2011,0,0,7.3(0.00 %),0,0,0,0,12009298,4.89
08/04/2011,0,0,7.3(0.00 %),0,0,0,0,12009298,4.89
13/04/2011,0,0,7.3(0.00 %),0,0,0,0,12009298,4.89
14/04/2011,0,0,7.2(-1.37 %),0,0,0,0,12009298,4.89
15/04/2011,0,0,7.1(-1.39 %),0,0,0,0,12009298,4.89
18/04/2011,0,0,7.1(0.00 %),0,0,0,0,12009298,4.89
19/04/2011,0,0,6.9(-2.82 %),0,0,0,0,12009298,4.89
20/04/2011,0,0,6.9(0.00 %),0,0,0,0,12009298,4.89
21/04/2011,0,0,7(1.45 %),0,0,0,0,12009298,4.89
22/04/2011,0,0,6.9(-1.43 %),0,0,0,0,12009298,4.89
25/04/2011,0,0,7.1(2.90 %),0,0,0,0,12009298,4.89
26/04/2011,0,0,6.9(-2.82 %),0,0,0,0,12009298,4.89
27/04/2011,0,0,6.9(0.00 %),0,0,0,0,12009298,4.89
28/04/2011,0,0,7(1.45 %),0,0,0,0,12009298,4.89
29/04/2011,0,0,7.3(4.29 %),0,0,0,0,12009298,4.89
04/05/2011,0,0,7.6(4.11 %),0,0,0,0,12009298,4.89
05/05/2011,0,0,7.5(-1.32 %),0,0,0,0,12009298,4.89
06/05/2011,-5000,-37500000,7.5(0.00 %),0,0,5000,37500000,12014298,4.87
09/05/2011,0,0,7.7(2.67 %),0,0,0,0,12014298,4.87
10/05/2011,0,0,7.6(-1.30 %),0,0,0,0,12014298,4.87
11/05/2011,0,0,7.3(-3.95 %),0,0,0,0,12014298,4.87
12/05/2011,0,0,7.3(0.00 %),0,0,0,0,12014298,4.87
13/05/2011,0,0,7.3(0.00 %),0,0,0,0,12014298,4.87
16/05/2011,0,0,7.4(1.37 %),0,0,0,0,12014298,4.87
17/05/2011,0,0,7.4(0.00 %),0,0,0,0,12014298,4.87
18/05/2011,0,0,7.1(-4.05 %),0,0,0,0,12014298,4.87
19/05/2011,0,0,7.1(0.00 %),0,0,0,0,12014298,4.87
20/05/2011,0,0,7.1(0.00 %),0,0,0,0,12014298,4.87
23/05/2011,3000,21000000,6.9(-2.82 %),3000,21000000,0,0,12011298,4.88
24/05/2011,0,0,6.7(-2.90 %),0,0,0,0,12011298,4.88
25/05/2011,0,0,6.4(-4.48 %),0,0,0,0,12011298,4.88
26/05/2011,0,0,6.5(1.56 %),0,0,0,0,12011298,4.88
27/05/2011,0,0,6.7(3.08 %),0,0,0,0,12011298,4.88
30/05/2011,0,0,6.4(-4.48 %),0,0,0,0,12011298,4.88
31/05/2011,0,0,6.4(0.00 %),0,0,0,0,12011298,4.88
01/06/2011,0,0,6.6(3.12 %),0,0,0,0,12011298,4.88
02/06/2011,0,0,6.9(4.55 %),0,0,0,0,12011298,4.88
03/06/2011,0,0,6.7(-2.90 %),0,0,0,0,12011298,4.88
06/06/2011,10000,67000000,6.7(0.00 %),10000,67000000,0,0,12001298,4.92
07/06/2011,0,0,7(4.48 %),0,0,0,0,12001298,4.92
08/06/2011,0,0,6.8(-2.86 %),0,0,0,0,12001298,4.92
09/06/2011,0,0,6.8(0.00 %),0,0,0,0,12001298,4.92
10/06/2011,-300,-2130000,7.1(4.41 %),0,0,300,2130000,12001598,4.91
13/06/2011,-3690,-26937000,7.4(4.23 %),0,0,3690,26937000,12005288,4.9
14/06/2011,0,0,7.5(1.35 %),0,0,0,0,12005288,4.9
15/06/2011,0,0,7.2(-4.00 %),0,0,0,0,12005288,4.9
16/06/2011,0,0,7.2(0.00 %),0,0,0,0,12005288,4.9
17/06/2011,0,0,7.2(0.00 %),0,0,0,0,12005288,4.9
20/06/2011,0,0,6.9(-4.17 %),0,0,0,0,12005288,4.9
21/06/2011,-750,-5250000,7.2(4.35 %),0,0,750,5250000,12006038,4.9
22/06/2011,0,0,7.2(0.00 %),0,0,0,0,12006038,4.9
23/06/2011,0,0,7(-2.78 %),0,0,0,0,12006038,4.9
24/06/2011,0,0,7.1(1.43 %),0,0,0,0,12006038,4.9
27/06/2011,0,0,7(-1.41 %),0,0,0,0,12006038,4.9
28/06/2011,0,0,6.9(-1.43 %),0,0,0,0,12006038,4.9
29/06/2011,0,0,7(1.45 %),0,0,0,0,12006038,4.9
30/06/2011,0,0,6.9(-1.43 %),0,0,0,0,12006038,4.9
01/07/2011,0,0,6.9(0.00 %),0,0,0,0,12006038,4.9
04/07/2011,0,0,6.9(0.00 %),0,0,0,0,12006038,4.9
05/07/2011,0,0,7(1.45 %),0,0,0,0,12006038,4.9
06/07/2011,0,0,6.9(-1.43 %),0,0,0,0,12006038,4.9
07/07/2011,0,0,6.9(0.00 %),0,0,0,0,12006038,4.9
08/07/2011,0,0,6.9(0.00 %),0,0,0,0,12006038,4.9
11/07/2011,0,0,6.9(0.00 %),0,0,0,0,12006038,4.9
12/07/2011,0,0,6.8(-1.45 %),0,0,0,0,12006038,4.9
13/07/2011,0,0,6.9(1.47 %),0,0,0,0,12006038,4.9
14/07/2011,0,0,6.8(-1.45 %),0,0,0,0,12006038,4.9
15/07/2011,0,0,6.8(0.00 %),0,0,0,0,12006038,4.9
18/07/2011,0,0,6.7(-1.47 %),0,0,0,0,12006038,4.9
19/07/2011,0,0,6.7(0.00 %),0,0,0,0,12006038,4.9
20/07/2011,0,0,6.7(0.00 %),0,0,0,0,12006038,4.9
21/07/2011,0,0,6.7(0.00 %),0,0,0,0,12006038,4.9
22/07/2011,0,0,6.7(0.00 %),0,0,0,0,12006038,4.9
25/07/2011,0,0,6.7(0.00 %),0,0,0,0,12006038,4.9
26/07/2011,0,0,6.7(0.00 %),0,0,0,0,12006038,4.9
27/07/2011,0,0,6.7(0.00 %),0,0,0,0,12006038,4.9
28/07/2011,0,0,6.7(0.00 %),0,0,0,0,12006038,4.9
29/07/2011,0,0,6.7(0.00 %),0,0,0,0,12006038,4.9
01/08/2011,0,0,6.6(-1.49 %),0,0,0,0,12006038,4.9
02/08/2011,-1120,-7392000,6.6(0.00 %),0,0,1120,7392000,12007158,4.89
03/08/2011,0,0,6.4(-3.03 %),0,0,0,0,12007158,4.89
04/08/2011,0,0,6.5(1.56 %),0,0,0,0,12007158,4.89
05/08/2011,0,0,6.5(0.00 %),0,0,0,0,12007158,4.89
08/08/2011,0,0,6.4(-1.54 %),0,0,0,0,12007158,4.89
09/08/2011,0,0,6.2(-3.12 %),0,0,0,0,12007158,4.89
10/08/2011,0,0,6.2(0.00 %),0,0,0,0,12007158,4.89
11/08/2011,0,0,6.1(-1.61 %),0,0,0,0,12007158,4.89
12/08/2011,0,0,6.2(1.64 %),0,0,0,0,12007158,4.89
15/08/2011,0,0,6.2(0.00 %),0,0,0,0,12007158,4.89
16/08/2011,0,0,6.3(1.61 %),0,0,0,0,12007158,4.89
17/08/2011,0,0,6.5(3.17 %),0,0,0,0,12007158,4.89
18/08/2011,0,0,6.5(0.00 %),0,0,0,0,12007158,4.89
19/08/2011,0,0,6.5(0.00 %),0,0,0,0,12007158,4.89
22/08/2011,2000,13200000,6.7(3.08 %),2000,13200000,0,0,12005158,4.9
23/08/2011,0,0,6.6(-1.49 %),0,0,0,0,12005158,4.9
24/08/2011,0,0,6.5(-1.52 %),0,0,0,0,12005158,4.9
25/08/2011,0,0,6.6(1.54 %),0,0,0,0,12005158,4.9
26/08/2011,0,0,6.6(0.00 %),0,0,0,0,12005158,4.9
29/08/2011,0,0,6.7(1.52 %),0,0,0,0,12005158,4.9
30/08/2011,0,0,6.7(0.00 %),0,0,0,0,12005158,4.9
31/08/2011,0,0,6.7(0.00 %),0,0,0,0,12005158,4.9
01/09/2011,0,0,6.7(0.00 %),0,0,0,0,12005165,4.9
05/09/2011,0,0,6.8(1.49 %),0,0,0,0,12005165,4.9
06/09/2011,0,0,6.7(-1.47 %),0,0,0,0,12005165,4.9
07/09/2011,0,0,6.8(1.49 %),0,0,0,0,12005165,4.9
08/09/2011,0,0,6.9(1.47 %),0,0,0,0,12005165,4.9
09/09/2011,0,0,6.9(0.00 %),0,0,0,0,12005165,4.9
12/09/2011,0,0,7(1.45 %),0,0,0,0,12005165,4.9
13/09/2011,-1120,-7952000,7.2(2.86 %),0,0,1120,7952000,12006285,4.9
14/09/2011,0,0,7(-2.78 %),0,0,0,0,12006285,4.9
15/09/2011,0,0,6.8(-2.86 %),0,0,0,0,12006285,4.9
16/09/2011,0,0,6.8(0.00 %),0,0,0,0,12006285,4.9
19/09/2011,0,0,6.8(0.00 %),0,0,0,0,12006285,4.9
20/09/2011,0,0,6.7(-1.47 %),0,0,0,0,12006285,4.9
21/09/2011,0,0,6.7(0.00 %),0,0,0,0,12006285,4.9
22/09/2011,0,0,6.7(0.00 %),0,0,0,0,12006285,4.9
23/09/2011,0,0,6.7(0.00 %),0,0,0,0,12006285,4.9
26/09/2011,0,0,6.7(0.00 %),0,0,0,0,12006285,4.9
27/09/2011,-24200,-159720000,6.7(0.00 %),0,0,24200,159720000,12030485,4.81
28/09/2011,0,0,6.6(-1.49 %),0,0,0,0,12030485,4.81
29/09/2011,0,0,6.6(0.00 %),0,0,0,0,12030485,4.81
30/09/2011,0,0,6.7(1.52 %),0,0,0,0,12030485,4.81
03/10/2011,-10,-65000,6.6(-1.49 %),0,0,10,65000,12030485,4.81
04/10/2011,0,0,6.5(-1.52 %),0,0,0,0,12030485,4.81
05/10/2011,0,0,6.4(-1.54 %),0,0,0,0,12030485,4.81
06/10/2011,0,0,6.7(4.69 %),0,0,0,0,12030485,4.81
07/10/2011,0,0,6.6(-1.49 %),0,0,0,0,12030485,4.81
10/10/2011,0,0,6.5(-1.52 %),0,0,0,0,12030485,4.81
11/10/2011,0,0,6.4(-1.54 %),0,0,0,0,12030485,4.81
12/10/2011,0,0,6.4(0.00 %),0,0,0,0,12030485,4.81
13/10/2011,-4000,-25200000,6.3(-1.56 %),0,0,4000,25200000,12034485,4.79
14/10/2011,0,0,6.2(-1.59 %),0,0,0,0,12034485,4.79
17/10/2011,0,0,6.2(0.00 %),0,0,0,0,12034485,4.79
18/10/2011,0,0,6.1(-1.61 %),0,0,0,0,12034485,4.79
19/10/2011,0,0,6.1(0.00 %),0,0,0,0,12034485,4.79
20/10/2011,0,0,6(-1.64 %),0,0,0,0,12034485,4.79
21/10/2011,0,0,6.1(1.67 %),0,0,0,0,12034485,4.79
24/10/2011,0,0,6.1(0.00 %),0,0,0,0,12034485,4.79
25/10/2011,0,0,6.1(0.00 %),0,0,0,0,12034485,4.79
26/10/2011,0,0,6(-1.64 %),0,0,0,0,12034485,4.79
27/10/2011,0,0,6(0.00 %),0,0,0,0,12034485,4.79
28/10/2011,0,0,6.2(3.33 %),0,0,0,0,12034485,4.79
31/10/2011,0,0,6.2(0.00 %),0,0,0,0,12034485,4.79
01/11/2011,0,0,6.1(-1.61 %),0,0,0,0,12034495,4.79
02/11/2011,0,0,6.1(0.00 %),0,0,0,0,12034495,4.79
03/11/2011,0,0,6.1(0.00 %),0,0,0,0,12034495,4.79
04/11/2011,0,0,6.1(0.00 %),0,0,0,0,12034495,4.79
07/11/2011,1500,9150000,6.1(0.00 %),1500,9150000,0,0,12032995,4.8
08/11/2011,0,0,6(-1.64 %),0,0,0,0,12032995,4.8
09/11/2011,0,0,5.9(-1.67 %),0,0,0,0,12032995,4.8
10/11/2011,0,0,6.1(3.39 %),0,0,0,0,12032995,4.8
11/11/2011,-6000,-34800000,5.8(-4.92 %),0,0,6000,34800000,12038995,4.78
14/11/2011,-24580,-137870000,5.6(-3.45 %),0,0,24580,137870000,12063575,4.69
15/11/2011,-4070,-22245000,5.5(-1.79 %),0,0,4070,22245000,12067645,4.67
16/11/2011,-3500,-19200000,5.6(1.82 %),0,0,3500,19200000,12071145,4.66
17/11/2011,-2000,-11000000,5.7(1.79 %),0,0,2000,11000000,12073145,4.65
18/11/2011,0,0,5.7(0.00 %),0,0,0,0,12073145,4.65
21/11/2011,0,0,5.5(-3.51 %),0,0,0,0,12073145,4.65
22/11/2011,0,0,5.4(-1.82 %),0,0,0,0,12073145,4.65
23/11/2011,0,0,5.4(0.00 %),0,0,0,0,12073145,4.65
24/11/2011,0,0,5.2(-3.70 %),0,0,0,0,12073145,4.65
25/11/2011,0,0,5.1(-1.92 %),0,0,0,0,12073145,4.65
28/11/2011,0,0,5.3(3.92 %),0,0,0,0,12073145,4.65
29/11/2011,0,0,5.1(-3.77 %),0,0,0,0,12073145,4.65
30/11/2011,0,0,5.1(0.00 %),0,0,0,0,12073145,4.65
01/12/2011,0,0,4.9(-3.92 %),0,0,0,0,12073145,4.65
02/12/2011,0,0,5(2.04 %),0,0,0,0,12073145,4.65
05/12/2011,0,0,5.1(2.00 %),0,0,0,0,12073145,4.65
06/12/2011,0,0,5.2(1.96 %),0,0,0,0,12073145,4.65
07/12/2011,0,0,5.1(-1.92 %),0,0,0,0,12073145,4.65
08/12/2011,0,0,5(-1.96 %),0,0,0,0,12073145,4.65
09/12/2011,0,0,4.9(-2.00 %),0,0,0,0,12073145,4.65
12/12/2011,0,0,4.7(-4.08 %),0,0,0,0,12073145,4.65
13/12/2011,0,0,4.5(-4.26 %),0,0,0,0,12073145,4.65
14/12/2011,0,0,4.3(-4.44 %),0,0,0,0,12073145,4.65
15/12/2011,0,0,4.1(-4.65 %),0,0,0,0,12073145,4.65
16/12/2011,0,0,4.3(4.88 %),0,0,0,0,12073145,4.65
19/12/2011,0,0,4.3(0.00 %),0,0,0,0,12073145,4.65
20/12/2011,0,0,4.3(0.00 %),0,0,0,0,12073145,4.65
21/12/2011,0,0,4.2(-2.33 %),0,0,0,0,12073145,4.65
22/12/2011,0,0,4.2(0.00 %),0,0,0,0,12073145,4.65
23/12/2011,0,0,4.2(0.00 %),0,0,0,0,12073145,4.65
26/12/2011,0,0,4(-4.76 %),0,0,0,0,12073145,4.65
27/12/2011,0,0,3.9(-2.50 %),0,0,0,0,12073145,4.65
28/12/2011,0,0,4(2.56 %),0,0,0,0,12073145,4.65
29/12/2011,0,0,4.1(2.50 %),0,0,0,0,12073145,4.65
30/12/2011,0,0,4.1(0.00 %),0,0,0,0,12073145,4.65
03/01/2012,0,0,4.2(2.44 %),0,0,0,0,12073145,4.65
04/01/2012,0,0,4.2(0.00 %),0,0,0,0,12073145,4.65
05/01/2012,0,0,4.1(-2.38 %),0,0,0,0,12073145,4.65
06/01/2012,0,0,4(-2.44 %),0,0,0,0,12073145,4.65
09/01/2012,0,0,4.1(2.50 %),0,0,0,0,12073145,4.65
10/01/2012,0,0,4.2(2.44 %),0,0,0,0,12073145,4.65
11/01/2012,0,0,4.2(0.00 %),0,0,0,0,12073145,4.65
12/01/2012,0,0,4.2(0.00 %),0,0,0,0,12073145,4.65
13/01/2012,0,0,4.4(4.76 %),0,0,0,0,12073145,4.65
16/01/2012,0,0,4.4(0.00 %),0,0,0,0,12073145,4.65
17/01/2012,0,0,4.4(0.00 %),0,0,0,0,12073145,4.65
18/01/2012,0,0,4.5(2.27 %),0,0,0,0,12073145,4.65
19/01/2012,0,0,4.6(2.22 %),0,0,0,0,12073145,4.65
20/01/2012,0,0,4.6(0.00 %),0,0,0,0,12073145,4.65
30/01/2012,0,0,4.6(0.00 %),0,0,0,0,12073145,4.65
31/01/2012,0,0,4.6(0.00 %),0,0,0,0,12073145,4.65
01/02/2012,0,0,4.4(-4.35 %),0,0,0,0,12073145,4.65
02/02/2012,0,0,4.4(0.00 %),0,0,0,0,12073145,4.65
03/02/2012,0,0,4.5(2.27 %),0,0,0,0,12073145,4.65
06/02/2012,0,0,4.5(0.00 %),0,0,0,0,12073145,4.65
07/02/2012,0,0,4.3(-4.44 %),0,0,0,0,12073145,4.65
08/02/2012,0,0,4.4(2.33 %),0,0,0,0,12073145,4.65
09/02/2012,11090,47687000,4.3(-2.27 %),11090,47687000,0,0,12062055,4.69
10/02/2012,0,0,4.2(-2.33 %),0,0,0,0,12062055,4.69
13/02/2012,9010,37852000,4.2(0.00 %),9010,37852000,0,0,12053045,4.73
14/02/2012,0,0,4.2(0.00 %),0,0,0,0,12053045,4.73
15/02/2012,0,0,4.2(0.00 %),0,0,0,0,12053045,4.73
16/02/2012,0,0,4.2(0.00 %),0,0,0,0,12053045,4.73
17/02/2012,0,0,4.3(2.38 %),0,0,0,0,12053045,4.73
20/02/2012,0,0,4.5(4.65 %),0,0,0,0,12053045,4.73
21/02/2012,2000,9200000,4.4(-2.22 %),2000,9200000,0,0,12051045,4.73
22/02/2012,0,0,4.6(4.55 %),0,0,0,0,12051045,4.73
23/02/2012,0,0,4.8(4.35 %),0,0,0,0,12051045,4.73
24/02/2012,0,0,5(4.17 %),0,0,0,0,12051045,4.73
27/02/2012,0,0,5.2(4.00 %),0,0,0,0,12051045,4.73
28/02/2012,0,0,5(-3.85 %),0,0,0,0,12051045,4.73
29/02/2012,0,0,4.9(-2.00 %),0,0,0,0,12051045,4.73
01/03/2012,0,0,4.9(0.00 %),0,0,0,0,12051045,4.73
02/03/2012,0,0,5.1(4.08 %),0,0,0,0,12051045,4.73
05/03/2012,0,0,5.3(3.92 %),0,0,0,0,12051045,4.73
06/03/2012,0,0,5.2(-1.89 %),0,0,0,0,12051045,4.73
07/03/2012,4900,24990000,5.3(1.92 %),4900,24990000,0,0,12046145,4.75
08/03/2012,0,0,5.1(-3.77 %),0,0,0,0,12046145,4.75
09/03/2012,0,0,5.1(0.00 %),0,0,0,0,12046145,4.75
12/03/2012,0,0,4.9(-3.92 %),0,0,0,0,12046145,4.75
13/03/2012,0,0,5(2.04 %),0,0,0,0,12046145,4.75
14/03/2012,0,0,4.8(-4.00 %),0,0,0,0,12046145,4.75
15/03/2012,0,0,4.9(2.08 %),0,0,0,0,12046145,4.75
16/03/2012,0,0,4.9(0.00 %),0,0,0,0,12046145,4.75
19/03/2012,0,0,4.7(-4.08 %),0,0,0,0,12046145,4.75
20/03/2012,-4000,-19600000,4.8(2.13 %),0,0,4000,19600000,12050145,4.74
21/03/2012,0,0,5(4.17 %),0,0,0,0,12050145,4.74
22/03/2012,1900,9880000,5.2(4.00 %),5000,26000000,3100,16120000,12048245,4.74
23/03/2012,-3000,-16200000,5.4(3.85 %),0,0,3000,16200000,12051245,4.73
26/03/2012,-2000,-11200000,5.6(3.70 %),0,0,2000,11200000,12053245,4.73
27/03/2012,0,0,5.4(-3.57 %),0,0,0,0,12053245,4.73
28/03/2012,-5000,-26500000,5.4(0.00 %),0,0,5000,26500000,12058245,4.71
29/03/2012,0,0,5.2(-3.70 %),0,0,0,0,12058245,4.71
30/03/2012,0,0,5.1(-1.92 %),0,0,0,0,12058245,4.71
03/04/2012,0,0,5.2(1.96 %),0,0,0,0,12053245,4.73
04/04/2012,0,0,5.1(-1.92 %),0,0,0,0,12053245,4.73
05/04/2012,0,0,5.2(1.96 %),0,0,0,0,12053245,4.73
06/04/2012,0,0,5.2(0.00 %),0,0,0,0,12053245,4.73
09/04/2012,0,0,5.3(1.92 %),0,0,0,0,12053245,4.73
10/04/2012,0,0,5.3(0.00 %),0,0,0,0,12053245,4.73
11/04/2012,0,0,5.5(3.77 %),0,0,0,0,12053245,4.73
12/04/2012,0,0,5.7(3.64 %),0,0,0,0,12053245,4.73
13/04/2012,0,0,5.7(0.00 %),0,0,0,0,12053245,4.73
16/04/2012,0,0,5.9(3.51 %),0,0,0,0,12053245,4.73
17/04/2012,0,0,6.1(3.39 %),0,0,0,0,12053245,4.73
18/04/2012,0,0,6.4(4.92 %),0,0,0,0,12053245,4.73
19/04/2012,10000,66000000,6.5(1.56 %),10000,66000000,0,0,12043245,4.76
20/04/2012,0,0,6.2(-4.62 %),0,0,0,0,12043245,4.76
23/04/2012,0,0,6.1(-1.61 %),0,0,0,0,12043245,4.76
24/04/2012,0,0,6.4(4.92 %),0,0,0,0,12043245,4.76
25/04/2012,-3000,-20100000,6.7(4.69 %),0,0,3000,20100000,12046245,4.75
26/04/2012,7500,51500000,7(4.48 %),10000,69000000,2500,17500000,12038745,4.78
27/04/2012,-12500,-91250000,7.2(2.86 %),0,0,12500,91250000,12051245,4.73
02/05/2012,10000,70000000,6.9(-4.17 %),10000,70000000,0,0,12038245,4.78
03/05/2012,0,0,6.6(-4.35 %),0,0,0,0,12038245,4.78
04/05/2012,0,0,6.9(4.55 %),0,0,0,0,12038245,4.78
07/05/2012,10,72000,7.2(4.35 %),10,72000,0,0,12038235,4.78
08/05/2012,0,0,6.9(-4.17 %),0,0,0,0,12038235,4.78
09/05/2012,0,0,6.7(-2.90 %),0,0,0,0,12038235,4.78
10/05/2012,-2900,-20300000,7(4.48 %),0,0,2900,20300000,12041135,4.77
11/05/2012,-10,-70000,7(0.00 %),0,0,10,70000,12041145,4.77
14/05/2012,0,0,6.7(-4.29 %),0,0,0,0,12041145,4.77
15/05/2012,-500,-3200000,6.4(-4.48 %),0,0,500,3200000,12041645,4.77
16/05/2012,5000,31000000,6.1(-4.69 %),5000,31000000,0,0,12036645,4.79
17/05/2012,0,0,6(-1.64 %),0,0,0,0,12036645,4.79
18/05/2012,-5000,-28500000,5.7(-5.00 %),0,0,5000,28500000,12041645,4.77
21/05/2012,0,0,5.9(3.51 %),0,0,0,0,12041645,4.77
22/05/2012,0,0,6.1(3.39 %),0,0,0,0,12041645,4.77
23/05/2012,-1000,-5900000,5.8(-4.92 %),0,0,1000,5900000,12042645,4.76
24/05/2012,0,0,5.6(-3.45 %),0,0,0,0,12042645,4.76
25/05/2012,0,0,5.8(3.57 %),0,0,0,0,12042645,4.76
28/05/2012,0,0,6(3.45 %),0,0,0,0,12042645,4.76
29/05/2012,0,0,5.8(-3.33 %),0,0,0,0,12042645,4.76
30/05/2012,-5000,-29500000,5.8(0.00 %),0,0,5000,29500000,12047645,4.75
31/05/2012,0,0,5.6(-3.45 %),0,0,0,0,12047645,4.75
01/06/2012,0,0,5.7(1.79 %),0,0,0,0,12050645,4.73
04/06/2012,0,0,5.5(-3.51 %),0,0,0,0,12050645,4.73
05/06/2012,0,0,5.4(-1.82 %),0,0,0,0,12050645,4.73
06/06/2012,1000,5400000,5.4(0.00 %),1000,5400000,0,0,12049645,4.74
07/06/2012,10000,54000000,5.6(3.70 %),10000,54000000,0,0,12039645,4.78
08/06/2012,0,0,5.7(1.79 %),0,0,0,0,12039645,4.78
11/06/2012,0,0,5.5(-3.51 %),0,0,0,0,12039645,4.78
12/06/2012,0,0,5.4(-1.82 %),0,0,0,0,12039645,4.78
13/06/2012,0,0,5.3(-1.85 %),0,0,0,0,12039645,4.78
14/06/2012,0,0,5.3(0.00 %),0,0,0,0,12039645,4.78
15/06/2012,0,0,5.5(3.77 %),0,0,0,0,12039645,4.78
18/06/2012,0,0,5.5(0.00 %),0,0,0,0,12039645,4.78
19/06/2012,0,0,5.3(-3.64 %),0,0,0,0,12039645,4.78
20/06/2012,0,0,5.3(0.00 %),0,0,0,0,12039645,4.78
21/06/2012,0,0,5.3(0.00 %),0,0,0,0,12039645,4.78
22/06/2012,0,0,5.1(-3.77 %),0,0,0,0,12039645,4.78
25/06/2012,0,0,4.9(-3.92 %),0,0,0,0,12039645,4.78
26/06/2012,0,0,4.7(-4.08 %),0,0,0,0,12039645,4.78
27/06/2012,0,0,4.7(0.00 %),0,0,0,0,12039645,4.78
28/06/2012,0,0,4.7(0.00 %),0,0,0,0,12039645,4.78
29/06/2012,0,0,4.8(2.13 %),0,0,0,0,12039645,4.78
02/07/2012,0,0,4.6(-4.17 %),0,0,0,0,12044645,4.76
03/07/2012,0,0,4.6(0.00 %),0,0,0,0,12044645,4.76
04/07/2012,0,0,4.7(2.17 %),0,0,0,0,12044645,4.76
05/07/2012,0,0,4.9(4.26 %),0,0,0,0,12044645,4.76
06/07/2012,0,0,4.9(0.00 %),0,0,0,0,12044645,4.76
09/07/2012,0,0,4.7(-4.08 %),0,0,0,0,12044645,4.76
10/07/2012,0,0,4.7(0.00 %),0,0,0,0,12044645,4.76
11/07/2012,-3000,-13700000,4.7(0.00 %),0,0,3000,13700000,12047645,4.75
12/07/2012,0,0,4.8(2.13 %),0,0,0,0,12047645,4.75
13/07/2012,5000,24500000,4.9(2.08 %),5000,24500000,0,0,12042645,4.76
16/07/2012,0,0,4.9(0.00 %),0,0,0,0,12042645,4.76
17/07/2012,0,0,5(2.04 %),0,0,0,0,12042645,4.76
18/07/2012,0,0,5.1(2.00 %),0,0,0,0,12042645,4.76
19/07/2012,0,0,5.1(0.00 %),0,0,0,0,12042645,4.76
20/07/2012,0,0,5.3(3.92 %),0,0,0,0,12042645,4.76
23/07/2012,0,0,5.1(-3.77 %),0,0,0,0,12042645,4.76
24/07/2012,0,0,5(-1.96 %),0,0,0,0,12042645,4.76
25/07/2012,0,0,4.8(-4.00 %),0,0,0,0,12042645,4.76
26/07/2012,0,0,4.9(2.08 %),0,0,0,0,12042645,4.76
27/07/2012,0,0,4.9(0.00 %),0,0,0,0,12042645,4.76
30/07/2012,0,0,4.9(0.00 %),0,0,0,0,12042645,4.76
31/07/2012,0,0,4.7(-4.08 %),0,0,0,0,12042645,4.76
01/08/2012,0,0,4.5(-4.26 %),0,0,0,0,12042645,4.76
02/08/2012,0,0,4.6(2.22 %),0,0,0,0,12042645,4.76
03/08/2012,0,0,4.8(4.35 %),0,0,0,0,12042645,4.76
06/08/2012,0,0,4.8(0.00 %),0,0,0,0,12042645,4.76
07/08/2012,0,0,4.7(-2.08 %),0,0,0,0,12042645,4.76
08/08/2012,0,0,4.6(-2.13 %),0,0,0,0,12042645,4.76
09/08/2012,0,0,4.8(4.35 %),0,0,0,0,12042645,4.76
10/08/2012,0,0,4.7(-2.08 %),0,0,0,0,12042645,4.76
13/08/2012,0,0,4.7(0.00 %),0,0,0,0,12042645,4.76
14/08/2012,0,0,4.6(-2.13 %),0,0,0,0,12042645,4.76
15/08/2012,0,0,4.6(0.00 %),0,0,0,0,12042645,4.76
16/08/2012,0,0,4.7(2.17 %),0,0,0,0,12042645,4.76
17/08/2012,0,0,4.8(2.13 %),0,0,0,0,12042645,4.76
20/08/2012,0,0,4.6(-4.17 %),0,0,0,0,12042645,4.76
21/08/2012,3000,13200000,4.4(-4.35 %),3000,13200000,0,0,12039645,4.78
22/08/2012,0,0,4.2(-4.55 %),0,0,0,0,12039645,4.78
23/08/2012,0,0,4(-4.76 %),0,0,0,0,12039645,4.78
24/08/2012,0,0,4(0.00 %),0,0,0,0,12039645,4.78
27/08/2012,0,0,3.8(-5.00 %),0,0,0,0,12039645,4.78
28/08/2012,1000,3800000,3.7(-2.63 %),1000,3800000,0,0,12038645,4.78
29/08/2012,1000,3700000,3.7(0.00 %),1000,3700000,0,0,12037645,4.78
30/08/2012,0,0,3.8(2.70 %),0,0,0,0,12037645,4.78
31/08/2012,0,0,3.8(0.00 %),0,0,0,0,12037645,4.78
04/09/2012,-30030,-111114000,3.7(-2.63 %),0,0,30030,111114000,12037645,4.78
05/09/2012,0,0,3.6(-2.70 %),0,0,0,0,12037645,4.78
06/09/2012,-44970,-161086000,3.7(2.78 %),0,0,44970,161086000,12082615,4.62
07/09/2012,0,0,3.6(-2.70 %),0,0,0,0,12082615,4.62
10/09/2012,0,0,3.5(-2.78 %),0,0,0,0,12082615,4.62
11/09/2012,0,0,3.5(0.00 %),0,0,0,0,12082615,4.62
12/09/2012,0,0,3.5(0.00 %),0,0,0,0,12082615,4.62
13/09/2012,0,0,3.5(0.00 %),0,0,0,0,12082615,4.62
14/09/2012,0,0,3.6(2.86 %),0,0,0,0,12082615,4.62
17/09/2012,0,0,3.7(2.78 %),0,0,0,0,12082615,4.62
18/09/2012,0,0,3.6(-2.70 %),0,0,0,0,12082615,4.62
19/09/2012,0,0,3.5(-2.78 %),0,0,0,0,12082615,4.62
20/09/2012,0,0,3.4(-2.86 %),0,0,0,0,12082615,4.62
21/09/2012,0,0,3.3(-2.94 %),0,0,0,0,12082615,4.62
24/09/2012,0,0,3.3(0.00 %),0,0,0,0,12082615,4.62
25/09/2012,0,0,3.3(0.00 %),0,0,0,0,12082615,4.62
26/09/2012,5000,16000000,3.3(0.00 %),5000,16000000,0,0,12077615,4.64
27/09/2012,0,0,3.3(0.00 %),0,0,0,0,12077615,4.64
28/09/2012,0,0,3.2(-3.03 %),0,0,0,0,12077615,4.64
01/10/2012,0,0,3.1(-3.12 %),0,0,0,0,12107645,4.53
02/10/2012,0,0,3(-3.23 %),0,0,0,0,12107645,4.53
03/10/2012,0,0,3.1(3.33 %),0,0,0,0,12107645,4.53
04/10/2012,0,0,3(-3.23 %),0,0,0,0,12107645,4.53
05/10/2012,5010,14881000,2.9(-3.33 %),5010,14881000,0,0,12102635,4.54
08/10/2012,0,0,3(3.45 %),0,0,0,0,12102635,4.54
09/10/2012,0,0,3.1(3.33 %),0,0,0,0,12102635,4.54
10/10/2012,0,0,3.1(0.00 %),0,0,0,0,12102635,4.54
11/10/2012,0,0,3.2(3.23 %),0,0,0,0,12102635,4.54
12/10/2012,0,0,3.2(0.00 %),0,0,0,0,12102635,4.54
15/10/2012,0,0,3.1(-3.12 %),0,0,0,0,12102635,4.54
16/10/2012,-150,-465000,3.2(3.23 %),0,0,150,465000,12102785,4.54
17/10/2012,0,0,3.1(-3.12 %),0,0,0,0,12102785,4.54
18/10/2012,0,0,3.2(3.23 %),0,0,0,0,12102785,4.54
19/10/2012,0,0,3.1(-3.12 %),0,0,0,0,12102785,4.54
22/10/2012,0,0,3(-3.23 %),0,0,0,0,12102785,4.54
23/10/2012,3000,8700000,2.9(-3.33 %),3000,8700000,0,0,12099785,4.55
24/10/2012,0,0,2.8(-3.45 %),0,0,0,0,12099785,4.55
25/10/2012,0,0,2.7(-3.57 %),0,0,0,0,12099785,4.55
26/10/2012,0,0,2.6(-3.70 %),0,0,0,0,12099785,4.55
29/10/2012,0,0,2.6(0.00 %),0,0,0,0,12099785,4.55
30/10/2012,0,0,2.6(0.00 %),0,0,0,0,12099785,4.55
31/10/2012,0,0,2.7(3.85 %),0,0,0,0,12099785,4.55
01/11/2012,0,0,2.7(0.00 %),0,0,0,0,12099785,4.55
02/11/2012,0,0,2.6(-3.70 %),0,0,0,0,12099785,4.55
05/11/2012,0,0,2.5(-3.85 %),0,0,0,0,12099785,4.55
06/11/2012,0,0,2.4(-4.00 %),0,0,0,0,12099785,4.55
07/11/2012,0,0,2.5(4.17 %),0,0,0,0,12099785,4.55
08/11/2012,0,0,2.4(-4.00 %),0,0,0,0,12099785,4.55
09/11/2012,0,0,2.4(0.00 %),0,0,0,0,12099785,4.55
12/11/2012,0,0,2.4(0.00 %),0,0,0,0,12099785,4.55
13/11/2012,0,0,2.4(0.00 %),0,0,0,0,12099785,4.55
14/11/2012,0,0,2.4(0.00 %),0,0,0,0,12099785,4.55
15/11/2012,0,0,2.4(0.00 %),0,0,0,0,12099785,4.55
16/11/2012,0,0,2.3(-4.17 %),0,0,0,0,12099785,4.55
19/11/2012,0,0,2.3(0.00 %),0,0,0,0,12099785,4.55
20/11/2012,0,0,2.4(4.35 %),0,0,0,0,12099785,4.55
21/11/2012,0,0,2.4(0.00 %),0,0,0,0,12099785,4.55
22/11/2012,0,0,2.4(0.00 %),0,0,0,0,12099785,4.55
23/11/2012,0,0,2.5(4.17 %),0,0,0,0,12099785,4.55
26/11/2012,0,0,2.4(-4.00 %),0,0,0,0,12099785,4.55
27/11/2012,0,0,2.3(-4.17 %),0,0,0,0,12099785,4.55
28/11/2012,0,0,2.2(-4.35 %),0,0,0,0,12099785,4.55
29/11/2012,0,0,2.2(0.00 %),0,0,0,0,12099785,4.55
30/11/2012,0,0,2.3(4.55 %),0,0,0,0,12099785,4.55
03/12/2012,0,0,2.3(0.00 %),0,0,0,0,12099785,4.55
04/12/2012,-3500,-7700000,2.3(0.00 %),0,0,3500,7700000,12103285,4.54
05/12/2012,0,0,2.4(4.35 %),0,0,0,0,12103285,4.54
06/12/2012,0,0,2.4(0.00 %),0,0,0,0,12103285,4.54
07/12/2012,0,0,2.4(0.00 %),0,0,0,0,12103285,4.54
10/12/2012,0,0,2.5(4.17 %),0,0,0,0,12103285,4.54
11/12/2012,0,0,2.5(0.00 %),0,0,0,0,12103285,4.54
12/12/2012,0,0,2.5(0.00 %),0,0,0,0,12103285,4.54
13/12/2012,0,0,2.6(4.00 %),0,0,0,0,12103285,4.54
14/12/2012,0,0,2.6(0.00 %),0,0,0,0,12103285,4.54
17/12/2012,0,0,2.5(-3.85 %),0,0,0,0,12103285,4.54
18/12/2012,0,0,2.4(-4.00 %),0,0,0,0,12103285,4.54
19/12/2012,0,0,2.5(4.17 %),0,0,0,0,12103285,4.54
20/12/2012,0,0,2.6(4.00 %),0,0,0,0,12103285,4.54
21/12/2012,10000,25000000,2.5(-3.85 %),10000,25000000,0,0,12093285,4.58
24/12/2012,0,0,2.5(0.00 %),0,0,0,0,12093285,4.58
25/12/2012,0,0,2.6(4.00 %),0,0,0,0,12093285,4.58
26/12/2012,0,0,2.7(3.85 %),0,0,0,0,12093285,4.58
27/12/2012,0,0,2.8(3.70 %),0,0,0,0,12093285,4.58
28/12/2012,-4500,-12600000,2.9(3.57 %),0,0,4500,12600000,12097785,4.56
02/01/2013,0,0,3(3.45 %),0,0,0,0,12093285,4.58
03/01/2013,0,0,2.9(-3.33 %),0,0,0,0,12093285,4.58
04/01/2013,0,0,3(3.45 %),0,0,0,0,12093285,4.58
07/01/2013,0,0,3(0.00 %),0,0,0,0,12093285,4.58
08/01/2013,0,0,2.9(-3.33 %),0,0,0,0,12093285,4.58
09/01/2013,10,30000,2.9(0.00 %),10,30000,0,0,12093275,4.58
10/01/2013,0,0,3(3.45 %),0,0,0,0,12093275,4.58
11/01/2013,0,0,2.9(-3.33 %),0,0,0,0,12093275,4.58
14/01/2013,10,29000,2.8(-3.45 %),10,29000,0,0,12093265,4.58
15/01/2013,4600,13340000,2.9(3.57 %),4600,13340000,0,0,12088665,4.59
16/01/2013,5400,16740000,3.1(6.90 %),5400,16740000,0,0,12083265,4.61
17/01/2013,10000,33000000,3.3(6.45 %),10000,33000000,0,0,12073265,4.65
18/01/2013,0,0,3.4(3.03 %),0,0,0,0,12073265,4.65
21/01/2013,0,0,3.2(-5.88 %),0,0,0,0,12073265,4.65
22/01/2013,0,0,3(-6.25 %),0,0,0,0,12073265,4.65
23/01/2013,0,0,2.8(-6.67 %),0,0,0,0,12073265,4.65
24/01/2013,0,0,2.9(3.57 %),0,0,0,0,12073265,4.65
25/01/2013,0,0,3(3.45 %),0,0,0,0,12073265,4.65
28/01/2013,0,0,3(0.00 %),0,0,0,0,12073265,4.65
29/01/2013,0,0,3(0.00 %),0,0,0,0,12073265,4.65
30/01/2013,-10,-30000,3.1(3.33 %),0,0,10,30000,12073275,4.65
31/01/2013,0,0,3(-3.23 %),0,0,0,0,12073275,4.65
01/02/2013,0,0,3(0.00 %),0,0,0,0,12077765,4.64
04/02/2013,0,0,2.9(-3.33 %),0,0,0,0,12077765,4.64
05/02/2013,-10,-29000,2.9(0.00 %),0,0,10,29000,12077775,4.63
06/02/2013,-5000,-15500000,3.1(6.90 %),0,0,5000,15500000,12082775,4.62
07/02/2013,0,0,3.2(3.23 %),0,0,0,0,12082775,4.62
08/02/2013,0,0,3.3(3.12 %),0,0,0,0,12082775,4.62
18/02/2013,-30000,-96000000,3.2(-3.03 %),0,0,30000,96000000,12112775,4.51
19/02/2013,0,0,3.2(0.00 %),0,0,0,0,12112775,4.51
20/02/2013,0,0,3.2(0.00 %),0,0,0,0,12112775,4.51
21/02/2013,0,0,3(-6.25 %),0,0,0,0,12112775,4.51
22/02/2013,0,0,3(0.00 %),0,0,0,0,12112775,4.51
25/02/2013,-70,-217000,2.9(-3.33 %),0,0,70,217000,12112845,4.51
26/02/2013,0,0,2.7(-6.90 %),0,0,0,0,12112845,4.51
27/02/2013,0,0,2.8(3.70 %),0,0,0,0,12112845,4.51
28/02/2013,0,0,2.9(3.57 %),0,0,0,0,12112845,4.51
01/03/2013,0,0,2.9(0.00 %),0,0,0,0,12112855,4.51
04/03/2013,0,0,2.7(-6.90 %),0,0,0,0,12112855,4.51
05/03/2013,0,0,2.6(-3.70 %),0,0,0,0,12112855,4.51
06/03/2013,0,0,2.7(3.85 %),0,0,0,0,12112855,4.51
07/03/2013,1000,2700000,2.7(0.00 %),1000,2700000,0,0,12111855,4.51
08/03/2013,0,0,2.7(0.00 %),0,0,0,0,12111855,4.51
11/03/2013,0,0,2.8(3.70 %),0,0,0,0,12111855,4.51
12/03/2013,0,0,2.8(0.00 %),0,0,0,0,12111855,4.51
13/03/2013,-150,-420000,2.8(0.00 %),0,0,150,420000,12112005,4.51
14/03/2013,0,0,2.9(3.57 %),0,0,0,0,12112005,4.51
15/03/2013,0,0,2.9(0.00 %),0,0,0,0,12112005,4.51
18/03/2013,0,0,2.9(0.00 %),0,0,0,0,12112005,4.51
19/03/2013,0,0,2.9(0.00 %),0,0,0,0,12112005,4.51
20/03/2013,0,0,2.9(0.00 %),0,0,0,0,12112005,4.51
21/03/2013,0,0,2.7(-6.90 %),0,0,0,0,12112005,4.51
22/03/2013,0,0,2.8(3.70 %),0,0,0,0,12112005,4.51
25/03/2013,0,0,2.8(0.00 %),0,0,0,0,12112005,4.51
26/03/2013,0,0,2.7(-3.57 %),0,0,0,0,12112005,4.51
27/03/2013,0,0,2.7(0.00 %),0,0,0,0,12112005,4.51
28/03/2013,0,0,2.6(-3.70 %),0,0,0,0,12112005,4.51
29/03/2013,0,0,2.6(0.00 %),0,0,0,0,12112005,4.51
01/04/2013,0,0,2.7(3.85 %),0,0,0,0,12112005,4.51
02/04/2013,0,0,2.8(3.70 %),0,0,0,0,12112005,4.51
03/04/2013,0,0,2.7(-3.57 %),0,0,0,0,12112005,4.51
04/04/2013,0,0,2.6(-3.70 %),0,0,0,0,12112005,4.51
05/04/2013,0,0,2.7(3.85 %),0,0,0,0,12112005,4.51
08/04/2013,0,0,2.8(3.70 %),0,0,0,0,12112005,4.51
09/04/2013,0,0,2.7(-3.57 %),0,0,0,0,12112005,4.51
10/04/2013,0,0,2.6(-3.70 %),0,0,0,0,12112005,4.51
11/04/2013,0,0,2.5(-3.85 %),0,0,0,0,12112005,4.51
12/04/2013,0,0,2.5(0.00 %),0,0,0,0,12112005,4.51
15/04/2013,0,0,2.4(-4.00 %),0,0,0,0,12112005,4.51
16/04/2013,0,0,2.5(4.17 %),0,0,0,0,12112005,4.51
17/04/2013,0,0,2.6(4.00 %),0,0,0,0,12112005,4.51
18/04/2013,0,0,2.5(-3.85 %),0,0,0,0,12112005,4.51
22/04/2013,0,0,2.4(-4.00 %),0,0,0,0,12112005,4.51
23/04/2013,0,0,2.4(0.00 %),0,0,0,0,12112005,4.51
24/04/2013,0,0,2.4(0.00 %),0,0,0,0,12112005,4.51
25/04/2013,3000,7200000,2.4(0.00 %),3000,7200000,0,0,12109005,4.52
26/04/2013,0,0,2.4(0.00 %),0,0,0,0,12109005,4.52
02/05/2013,-4500,-10700000,2.3(-4.17 %),0,0,4500,10700000,12109005,4.52
03/05/2013,-500,-1200000,2.4(4.35 %),0,0,500,1200000,12109505,4.52
06/05/2013,0,0,2.4(0.00 %),0,0,0,0,12109505,4.52
07/05/2013,0,0,2.4(0.00 %),0,0,0,0,12109505,4.52
08/05/2013,0,0,2.4(0.00 %),0,0,0,0,12109505,4.52
09/05/2013,0,0,2.4(0.00 %),0,0,0,0,12109505,4.52
10/05/2013,0,0,2.4(0.00 %),0,0,0,0,12109505,4.52
13/05/2013,0,0,2.4(0.00 %),0,0,0,0,12109505,4.52
14/05/2013,0,0,2.3(-4.17 %),0,0,0,0,12109505,4.52
15/05/2013,0,0,2.3(0.00 %),0,0,0,0,12109505,4.52
16/05/2013,0,0,2.3(0.00 %),0,0,0,0,12109505,4.52
17/05/2013,0,0,2.4(4.35 %),0,0,0,0,12109505,4.52
20/05/2013,-240,-552000,2.3(-4.17 %),0,0,240,552000,12109745,4.52
21/05/2013,0,0,2.3(0.00 %),0,0,0,0,12109745,4.52
22/05/2013,0,0,2.3(0.00 %),0,0,0,0,12109745,4.52
23/05/2013,0,0,2.2(-4.35 %),0,0,0,0,12109745,4.52
24/05/2013,0,0,2.3(4.55 %),0,0,0,0,12109745,4.52
27/05/2013,0,0,2.3(0.00 %),0,0,0,0,12109745,4.52
28/05/2013,0,0,2.3(0.00 %),0,0,0,0,12109745,4.52
29/05/2013,0,0,2.3(0.00 %),0,0,0,0,12109745,4.52
30/05/2013,600,1380000,2.3(0.00 %),600,1380000,0,0,12109145,4.52
31/05/2013,0,0,2.4(4.35 %),0,0,0,0,12109145,4.52
03/06/2013,0,0,2.4(0.00 %),0,0,0,0,12113645,4.5
04/06/2013,3000,6900000,2.3(-4.17 %),3000,6900000,0,0,12110645,4.51
05/06/2013,0,0,2.3(0.00 %),0,0,0,0,12110645,4.51
06/06/2013,0,0,2.3(0.00 %),0,0,0,0,12110645,4.51
07/06/2013,0,0,2.4(4.35 %),0,0,0,0,12110645,4.51
10/06/2013,0,0,2.5(4.17 %),0,0,0,0,12110645,4.51
11/06/2013,0,0,2.5(0.00 %),0,0,0,0,12110645,4.51
12/06/2013,0,0,2.4(-4.00 %),0,0,0,0,12110645,4.51
13/06/2013,0,0,2.3(-4.17 %),0,0,0,0,12110645,4.51
14/06/2013,0,0,2.3(0.00 %),0,0,0,0,12110645,4.51
17/06/2013,0,0,2.2(-4.35 %),0,0,0,0,12110645,4.51
18/06/2013,0,0,2.2(0.00 %),0,0,0,0,12110645,4.51
19/06/2013,0,0,2.3(4.55 %),0,0,0,0,12110645,4.51
20/06/2013,0,0,2.3(0.00 %),0,0,0,0,12110645,4.51
21/06/2013,0,0,2.3(0.00 %),0,0,0,0,12110645,4.51
24/06/2013,0,0,2.2(-4.35 %),0,0,0,0,12110645,4.51
25/06/2013,0,0,2.2(0.00 %),0,0,0,0,12110645,4.51
26/06/2013,0,0,2.1(-4.55 %),0,0,0,0,12110645,4.51
27/06/2013,0,0,2.2(4.76 %),0,0,0,0,12110645,4.51
28/06/2013,0,0,2.2(0.00 %),0,0,0,0,12110645,4.51
01/07/2013,0,0,2.1(-4.55 %),0,0,0,0,12110645,4.51
02/07/2013,0,0,2.2(4.76 %),0,0,0,0,12110645,4.51
03/07/2013,0,0,2.2(0.00 %),0,0,0,0,12110645,4.51
04/07/2013,0,0,2.2(0.00 %),0,0,0,0,12110645,4.51
05/07/2013,0,0,2.1(-4.55 %),0,0,0,0,12110645,4.51
08/07/2013,0,0,2.1(0.00 %),0,0,0,0,12110645,4.51
09/07/2013,0,0,2.1(0.00 %),0,0,0,0,12110645,4.51
10/07/2013,0,0,2.1(0.00 %),0,0,0,0,12110645,4.51
11/07/2013,990,2079000,2.2(4.76 %),990,2079000,0,0,12109655,4.52
12/07/2013,0,0,2.2(0.00 %),0,0,0,0,12109655,4.52
15/07/2013,0,0,2.2(0.00 %),0,0,0,0,12109655,4.52
16/07/2013,5000,10500000,2.1(-4.55 %),5000,10500000,0,0,12104655,4.54
17/07/2013,0,0,2.1(0.00 %),0,0,0,0,12104655,4.54
18/07/2013,350,735000,2.1(0.00 %),350,735000,0,0,12104305,4.54
19/07/2013,0,0,2.1(0.00 %),0,0,0,0,12104305,4.54
22/07/2013,0,0,2.2(4.76 %),0,0,0,0,12104305,4.54
23/07/2013,0,0,2.2(0.00 %),0,0,0,0,12104305,4.54
24/07/2013,0,0,2.1(-4.55 %),0,0,0,0,12104305,4.54
25/07/2013,1290,2580000,2(-4.76 %),1290,2580000,0,0,12103015,4.54
26/07/2013,10000,19500000,1.9(-5.00 %),10000,19500000,0,0,12093015,4.58
29/07/2013,-120,-228000,1.9(0.00 %),0,0,120,228000,12093135,4.58
30/07/2013,0,0,1.9(0.00 %),0,0,0,0,12093135,4.58
31/07/2013,0,0,1.9(0.00 %),0,0,0,0,12093135,4.58
01/08/2013,0,0,1.8(-5.26 %),0,0,0,0,12093015,4.58
02/08/2013,0,0,1.7(-5.56 %),0,0,0,0,12093015,4.58
05/08/2013,0,0,1.8(5.88 %),0,0,0,0,12093015,4.58
06/08/2013,0,0,1.7(-5.56 %),0,0,0,0,12093015,4.58
07/08/2013,0,0,1.8(5.88 %),0,0,0,0,12093015,4.58
08/08/2013,0,0,1.8(0.00 %),0,0,0,0,12093015,4.58
09/08/2013,0,0,1.7(-5.56 %),0,0,0,0,12093015,4.58
12/08/2013,0,0,1.7(0.00 %),0,0,0,0,12093015,4.58
13/08/2013,0,0,1.7(0.00 %),0,0,0,0,12093015,4.58
14/08/2013,-2880,-4896000,1.8(5.88 %),0,0,2880,4896000,12095895,4.57
15/08/2013,0,0,1.9(5.56 %),0,0,0,0,12095895,4.57
16/08/2013,0,0,1.8(-5.26 %),0,0,0,0,12095895,4.57
19/08/2013,0,0,1.9(5.56 %),0,0,0,0,12095895,4.57
20/08/2013,0,0,2(5.26 %),0,0,0,0,12095895,4.57
21/08/2013,-1350,-2565000,1.9(-5.00 %),0,0,1350,2565000,12097245,4.56
22/08/2013,0,0,1.9(0.00 %),0,0,0,0,12097245,4.56
23/08/2013,0,0,2(5.26 %),0,0,0,0,12097245,4.56
26/08/2013,0,0,2(0.00 %),0,0,0,0,12097245,4.56
27/08/2013,0,0,1.9(-5.00 %),0,0,0,0,12097245,4.56
28/08/2013,0,0,1.9(0.00 %),0,0,0,0,12097245,4.56
29/08/2013,0,0,1.8(-5.26 %),0,0,0,0,12097245,4.56
30/08/2013,0,0,1.9(5.56 %),0,0,0,0,12097245,4.56
03/09/2013,0,0,1.8(-5.26 %),0,0,0,0,12097365,4.56
04/09/2013,0,0,1.8(0.00 %),0,0,0,0,12097365,4.56
05/09/2013,0,0,1.8(0.00 %),0,0,0,0,12097365,4.56
06/09/2013,0,0,1.8(0.00 %),0,0,0,0,12097365,4.56
09/09/2013,0,0,1.9(5.56 %),0,0,0,0,12097365,4.56
10/09/2013,0,0,1.8(-5.26 %),0,0,0,0,12097365,4.56
11/09/2013,0,0,1.9(5.56 %),0,0,0,0,12097365,4.56
12/09/2013,0,0,1.8(-5.26 %),0,0,0,0,12097365,4.56
13/09/2013,0,0,1.9(5.56 %),0,0,0,0,12097365,4.56
16/09/2013,0,0,2(5.26 %),0,0,0,0,12097365,4.56
17/09/2013,-4500,-8550000,2(0.00 %),0,0,4500,8550000,12101865,4.55
18/09/2013,0,0,2(0.00 %),0,0,0,0,12101865,4.55
19/09/2013,0,0,1.9(-5.00 %),0,0,0,0,12101865,4.55
20/09/2013,0,0,1.8(-5.26 %),0,0,0,0,12101865,4.55
23/09/2013,0,0,1.9(5.56 %),0,0,0,0,12101865,4.55
24/09/2013,0,0,1.8(-5.26 %),0,0,0,0,12101865,4.55
25/09/2013,0,0,1.9(5.56 %),0,0,0,0,12101865,4.55
26/09/2013,0,0,1.9(0.00 %),0,0,0,0,12101865,4.55
27/09/2013,0,0,1.9(0.00 %),0,0,0,0,12101865,4.55
30/09/2013,0,0,2(5.26 %),0,0,0,0,12101865,4.55
01/10/2013,0,0,2(0.00 %),0,0,0,0,12101865,4.55
02/10/2013,0,0,2(0.00 %),0,0,0,0,12101865,4.55
03/10/2013,0,0,1.9(-5.00 %),0,0,0,0,12101865,4.55
04/10/2013,0,0,1.9(0.00 %),0,0,0,0,12101865,4.55
07/10/2013,0,0,1.9(0.00 %),0,0,0,0,12101865,4.55
08/10/2013,0,0,2(5.26 %),0,0,0,0,12101865,4.55
09/10/2013,0,0,2(0.00 %),0,0,0,0,12101865,4.55
10/10/2013,0,0,1.9(-5.00 %),0,0,0,0,12101865,4.55
11/10/2013,0,0,1.9(0.00 %),0,0,0,0,12101865,4.55
14/10/2013,0,0,1.9(0.00 %),0,0,0,0,12101865,4.55
15/10/2013,0,0,1.9(0.00 %),0,0,0,0,12101865,4.55
16/10/2013,0,0,2(5.26 %),0,0,0,0,12101865,4.55
17/10/2013,0,0,1.9(-5.00 %),0,0,0,0,12101865,4.55
18/10/2013,0,0,2(5.26 %),0,0,0,0,12101865,4.55
21/10/2013,0,0,1.9(-5.00 %),0,0,0,0,12101865,4.55
22/10/2013,1970,3743000,1.9(0.00 %),1970,3743000,0,0,12099895,4.55
23/10/2013,0,0,2(5.26 %),0,0,0,0,12099895,4.55
24/10/2013,0,0,1.9(-5.00 %),0,0,0,0,12099895,4.55
25/10/2013,0,0,1.9(0.00 %),0,0,0,0,12099895,4.55
28/10/2013,0,0,1.8(-5.26 %),0,0,0,0,12099895,4.55
29/10/2013,0,0,1.9(5.56 %),0,0,0,0,12099895,4.55
30/10/2013,0,0,1.9(0.00 %),0,0,0,0,12099895,4.55
31/10/2013,0,0,1.9(0.00 %),0,0,0,0,12099895,4.55
01/11/2013,0,0,1.9(0.00 %),0,0,0,0,12099895,4.55
04/11/2013,0,0,1.9(0.00 %),0,0,0,0,12099895,4.55
05/11/2013,0,0,2(5.26 %),0,0,0,0,12099895,4.55
06/11/2013,0,0,2(0.00 %),0,0,0,0,12099895,4.55
07/11/2013,0,0,1.9(-5.00 %),0,0,0,0,12099895,4.55
08/11/2013,0,0,2(5.26 %),0,0,0,0,12099895,4.55
11/11/2013,0,0,2.1(5.00 %),0,0,0,0,12099895,4.55
12/11/2013,0,0,2(-4.76 %),0,0,0,0,12099895,4.55
13/11/2013,0,0,2(0.00 %),0,0,0,0,12099895,4.55
14/11/2013,0,0,2.1(5.00 %),0,0,0,0,12099895,4.55
15/11/2013,0,0,2.2(4.76 %),0,0,0,0,12099895,4.55
18/11/2013,0,0,2.3(4.55 %),0,0,0,0,12099895,4.55
19/11/2013,19000,45600000,2.4(4.35 %),19000,45600000,0,0,12080895,4.62
20/11/2013,0,0,2.5(4.17 %),0,0,0,0,12080895,4.62
21/11/2013,0,0,2.6(4.00 %),0,0,0,0,12080895,4.62
22/11/2013,45000,121500000,2.7(3.85 %),45000,121500000,0,0,12035895,4.79
25/11/2013,0,0,2.8(3.70 %),0,0,0,0,12035895,4.79
26/11/2013,0,0,2.9(3.57 %),0,0,0,0,12035895,4.79
27/11/2013,0,0,3.1(6.90 %),0,0,0,0,12035895,4.79
28/11/2013,0,0,3.3(6.45 %),0,0,0,0,12035895,4.79
29/11/2013,-64000,-224000000,3.5(6.06 %),0,0,64000,224000000,12099895,4.55
02/12/2013,500,1750000,3.3(-5.71 %),500,1750000,0,0,12035395,4.79
03/12/2013,0,0,3.5(6.06 %),0,0,0,0,12035395,4.79
04/12/2013,0,0,3.4(-2.86 %),0,0,0,0,12035395,4.79
05/12/2013,0,0,3.2(-5.88 %),0,0,0,0,12035395,4.79
06/12/2013,0,0,3(-6.25 %),0,0,0,0,12035395,4.79
09/12/2013,0,0,2.8(-6.67 %),0,0,0,0,12035395,4.79
10/12/2013,0,0,2.7(-3.57 %),0,0,0,0,12035395,4.79
11/12/2013,0,0,2.6(-3.70 %),0,0,0,0,12035395,4.79
12/12/2013,3610,9025000,2.5(-3.85 %),3610,9025000,0,0,12031785,4.8
13/12/2013,0,0,2.6(4.00 %),0,0,0,0,12031785,4.8
16/12/2013,0,0,2.7(3.85 %),0,0,0,0,12031785,4.8
17/12/2013,0,0,2.8(3.70 %),0,0,0,0,12031785,4.8
18/12/2013,0,0,2.9(3.57 %),0,0,0,0,12031785,4.8
19/12/2013,0,0,2.9(0.00 %),0,0,0,0,12031785,4.8
20/12/2013,0,0,2.8(-3.45 %),0,0,0,0,12031785,4.8
23/12/2013,0,0,2.8(0.00 %),0,0,0,0,12031785,4.8
24/12/2013,0,0,2.8(0.00 %),0,0,0,0,12031785,4.8
25/12/2013,0,0,2.7(-3.57 %),0,0,0,0,12031785,4.8
26/12/2013,0,0,2.8(3.70 %),0,0,0,0,12031785,4.8
27/12/2013,0,0,2.7(-3.57 %),0,0,0,0,12031785,4.8
30/12/2013,2000,5200000,2.6(-3.70 %),2000,5200000,0,0,12029785,4.81
31/12/2013,0,0,2.7(3.85 %),0,0,0,0,12029785,4.81
02/01/2014,-450,-1215000,2.7(0.00 %),0,0,450,1215000,12093785,4.58
03/01/2014,0,0,2.7(0.00 %),0,0,0,0,12093785,4.58
06/01/2014,0,0,2.8(3.70 %),0,0,0,0,12093785,4.58
07/01/2014,10000,27000000,2.7(-3.57 %),10000,27000000,0,0,12083785,4.61
08/01/2014,0,0,2.7(0.00 %),0,0,0,0,12083785,4.61
09/01/2014,0,0,2.8(3.70 %),0,0,0,0,12083785,4.61
10/01/2014,-10000,-29000000,2.9(3.57 %),0,0,10000,29000000,12093785,4.58
13/01/2014,0,0,2.8(-3.45 %),0,0,0,0,12093785,4.58
14/01/2014,10000,27000000,2.7(-3.57 %),10000,27000000,0,0,12083785,4.61
15/01/2014,0,0,2.8(3.70 %),0,0,0,0,12083785,4.61
16/01/2014,0,0,2.8(0.00 %),0,0,0,0,12083785,4.61
17/01/2014,2290,6183000,2.7(-3.57 %),2290,6183000,0,0,12081495,4.62
20/01/2014,10000,26000000,2.6(-3.70 %),10000,26000000,0,0,12071495,4.66
21/01/2014,10000,25000000,2.7(3.85 %),10000,25000000,0,0,12061495,4.69
22/01/2014,-3170,-8559000,2.6(-3.70 %),0,0,3170,8559000,12064665,4.68
23/01/2014,0,0,2.6(0.00 %),0,0,0,0,12064665,4.68
24/01/2014,-16830,-45441000,2.7(3.85 %),0,0,16830,45441000,12081495,4.62
27/01/2014,0,0,2.8(3.70 %),0,0,0,0,12081495,4.62
06/02/2014,0,0,2.8(0.00 %),0,0,0,0,12065115,4.68
07/02/2014,0,0,2.8(0.00 %),0,0,0,0,12065115,4.68
10/02/2014,0,0,2.9(3.57 %),0,0,0,0,12065115,4.68
11/02/2014,-7000,-20900000,2.8(-3.45 %),3000,8100000,10000,29000000,12072115,4.66
12/02/2014,-500,-1400000,2.9(3.57 %),0,0,500,1400000,12072615,4.65
13/02/2014,-10000,-29000000,2.8(-3.45 %),0,0,10000,29000000,12082615,4.62
14/02/2014,10000,27000000,2.8(0.00 %),10000,27000000,0,0,12072615,4.65
17/02/2014,-5960,-17284000,2.8(0.00 %),0,0,5960,17284000,12078575,4.63
18/02/2014,50,135000,2.8(0.00 %),50,135000,0,0,12078525,4.63
19/02/2014,0,0,2.7(-3.57 %),0,0,0,0,12078525,4.63
20/02/2014,0,0,2.6(-3.70 %),0,0,0,0,12078525,4.63
21/02/2014,0,0,2.5(-3.85 %),0,0,0,0,12078525,4.63
24/02/2014,8000,19200000,2.4(-4.00 %),8000,19200000,0,0,12070525,4.66
25/02/2014,0,0,2.4(0.00 %),0,0,0,0,12070525,4.66
26/02/2014,-7000,-17500000,2.5(4.17 %),0,0,7000,17500000,12077525,4.64
27/02/2014,67630,175838000,2.6(4.00 %),72130,187538000,4500,11700000,12009895,4.88
28/02/2014,43910,118557000,2.7(3.85 %),43910,118557000,0,0,11965985,5.05
03/03/2014,0,0,2.6(-3.70 %),0,0,0,0,11971315,5.03
04/03/2014,0,0,2.7(3.85 %),0,0,0,0,11971315,5.03
05/03/2014,-14130,-36738000,2.6(-3.70 %),0,0,14130,36738000,11985445,4.97
06/03/2014,0,0,2.6(0.00 %),0,0,0,0,11985445,4.97
07/03/2014,-20000,-52000000,2.6(0.00 %),0,0,20000,52000000,12005445,4.9
10/03/2014,-38000,-98800000,2.7(3.85 %),0,0,38000,98800000,12043445,4.76
11/03/2014,0,0,2.6(-3.70 %),0,0,0,0,12043445,4.76
12/03/2014,0,0,2.6(0.00 %),0,0,0,0,12043445,4.76
13/03/2014,-10710,-27846000,2.7(3.85 %),0,0,10710,27846000,12054155,4.72
14/03/2014,-17500,-49050000,2.8(3.70 %),500,1350000,18000,50400000,12071655,4.66
17/03/2014,0,0,2.9(3.57 %),0,0,0,0,12071655,4.66
18/03/2014,-12500,-38750000,3.1(6.90 %),0,0,12500,38750000,12084155,4.61
19/03/2014,-5000,-16500000,3.3(6.45 %),0,0,5000,16500000,12089155,4.59
20/03/2014,-17500,-61250000,3.5(6.06 %),0,0,17500,61250000,12106655,4.53
21/03/2014,0,0,3.7(5.71 %),0,0,0,0,12106655,4.53
24/03/2014,0,0,3.9(5.41 %),0,0,0,0,12106655,4.53
25/03/2014,8000,32800000,4.1(5.13 %),8000,32800000,0,0,12098655,4.56
26/03/2014,-28000,-118100000,3.9(-4.88 %),10000,41500000,38000,159600000,12126655,4.46
27/03/2014,0,0,3.7(-5.13 %),0,0,0,0,12126655,4.46
28/03/2014,5000,17500000,3.5(-5.41 %),5000,17500000,0,0,12121655,4.47
31/03/2014,0,0,3.7(5.71 %),0,0,0,0,12121655,4.47
01/04/2014,-5000,-19000000,3.5(-5.41 %),0,0,5000,19000000,12133155,4.43
02/04/2014,0,0,3.3(-5.71 %),0,0,0,0,12133155,4.43
03/04/2014,9500,29450000,3.5(6.06 %),19000,60800000,9500,31350000,12123655,4.47
04/04/2014,-5000,-17500000,3.5(0.00 %),0,0,5000,17500000,12128655,4.45
07/04/2014,0,0,3.3(-5.71 %),0,0,0,0,12128655,4.45
08/04/2014,0,0,3.1(-6.06 %),0,0,0,0,12128655,4.45
10/04/2014,25000,72500000,3.1(0.00 %),25000,72500000,0,0,12103655,4.54
15/04/2014,0,0,3(-3.23 %),0,0,0,0,12103655,4.54
16/04/2014,10000,28000000,2.9(-3.33 %),10000,28000000,0,0,12093655,4.58
17/04/2014,0,0,2.9(0.00 %),0,0,0,0,12093655,4.58
18/04/2014,0,0,2.7(-6.90 %),0,0,0,0,12093655,4.58
21/04/2014,-25000,-66500000,2.6(-3.70 %),0,0,25000,66500000,12118655,4.48
22/04/2014,-13000,-35100000,2.7(3.85 %),0,0,13000,35100000,12131655,4.44
23/04/2014,-600,-1680000,2.8(3.70 %),0,0,600,1680000,12132255,4.43
24/04/2014,3000,8400000,2.8(0.00 %),3000,8400000,0,0,12129255,4.45
25/04/2014,0,0,2.7(-3.57 %),0,0,0,0,12129255,4.45
28/04/2014,0,0,2.6(-3.70 %),0,0,0,0,12129255,4.45
29/04/2014,0,0,2.7(3.85 %),0,0,0,0,12129255,4.45
05/05/2014,0,0,2.6(-3.70 %),0,0,0,0,12134255,4.43
06/05/2014,0,0,2.6(0.00 %),0,0,0,0,12134255,4.43
07/05/2014,0,0,2.7(3.85 %),0,0,0,0,12134255,4.43
08/05/2014,0,0,2.6(-3.70 %),0,0,0,0,12134255,4.43
09/05/2014,0,0,2.6(0.00 %),0,0,0,0,12134255,4.43
12/05/2014,0,0,2.5(-3.85 %),0,0,0,0,12134255,4.43
13/05/2014,-10000,-24000000,2.4(-4.00 %),0,0,10000,24000000,12144255,4.39
14/05/2014,0,0,2.3(-4.17 %),0,0,0,0,12144255,4.39
15/05/2014,0,0,2.3(0.00 %),0,0,0,0,12144255,4.39
16/05/2014,0,0,2.4(4.35 %),0,0,0,0,12144255,4.39
19/05/2014,0,0,2.5(4.17 %),0,0,0,0,12144255,4.39
20/05/2014,0,0,2.6(4.00 %),0,0,0,0,12144255,4.39
21/05/2014,0,0,2.7(3.85 %),0,0,0,0,12144255,4.39
22/05/2014,0,0,2.8(3.70 %),0,0,0,0,12144255,4.39
23/05/2014,0,0,2.9(3.57 %),0,0,0,0,12144255,4.39
26/05/2014,0,0,3.1(6.90 %),0,0,0,0,12144255,4.39
27/05/2014,0,0,3(-3.23 %),0,0,0,0,12144255,4.39
28/05/2014,0,0,2.9(-3.33 %),0,0,0,0,12144255,4.39
29/05/2014,100,300000,2.9(0.00 %),100,300000,0,0,12144155,4.39
30/05/2014,0,0,2.7(-6.90 %),0,0,0,0,12144155,4.39
02/06/2014,1000,2700000,2.8(3.70 %),1000,2700000,0,0,12143155,4.39
03/06/2014,0,0,2.7(-3.57 %),0,0,0,0,12143155,4.39
04/06/2014,0,0,2.7(0.00 %),0,0,0,0,12143155,4.39
05/06/2014,-1000,-2800000,2.8(3.70 %),0,0,1000,2800000,12144155,4.39
06/06/2014,-800,-2320000,2.9(3.57 %),0,0,800,2320000,12144955,4.39
09/06/2014,0,0,3.1(6.90 %),0,0,0,0,12144955,4.39
10/06/2014,0,0,2.9(-6.45 %),0,0,0,0,12144955,4.39
11/06/2014,-1990,-5770000,2.9(0.00 %),10,30000,2000,5800000,12146945,4.38
12/06/2014,0,0,3(3.45 %),0,0,0,0,12146945,4.38
13/06/2014,0,0,2.8(-6.67 %),0,0,0,0,12146945,4.38
16/06/2014,0,0,2.9(3.57 %),0,0,0,0,12146945,4.38
17/06/2014,0,0,3(3.45 %),0,0,0,0,12146945,4.38
18/06/2014,0,0,3(0.00 %),0,0,0,0,12146945,4.38
19/06/2014,-450,-1260000,2.9(-3.33 %),0,0,450,1260000,12147395,4.38
20/06/2014,0,0,2.8(-3.45 %),0,0,0,0,12147395,4.38
23/06/2014,0,0,2.8(0.00 %),0,0,0,0,12147395,4.38
24/06/2014,0,0,2.9(3.57 %),0,0,0,0,12147395,4.38
25/06/2014,0,0,2.9(0.00 %),0,0,0,0,12147395,4.38
26/06/2014,0,0,2.8(-3.45 %),0,0,0,0,12147395,4.38
27/06/2014,0,0,2.9(3.57 %),0,0,0,0,12147395,4.38
30/06/2014,0,0,2.8(-3.45 %),0,0,0,0,12147395,4.38
01/07/2014,0,0,2.9(3.57 %),0,0,0,0,12147395,4.38
02/07/2014,0,0,2.9(0.00 %),0,0,0,0,12147395,4.38
03/07/2014,0,0,2.9(0.00 %),0,0,0,0,12147395,4.38
04/07/2014,0,0,2.9(0.00 %),0,0,0,0,12147395,4.38
07/07/2014,0,0,2.9(0.00 %),0,0,0,0,12147395,4.38
08/07/2014,0,0,2.9(0.00 %),0,0,0,0,12147395,4.38
09/07/2014,0,0,2.9(0.00 %),0,0,0,0,12147395,4.38
10/07/2014,-20100,-62310000,3.1(6.90 %),0,0,20100,62310000,12147395,4.38
11/07/2014,0,0,3.2(3.23 %),0,0,0,0,12147395,0.0
14/07/2014,0,0,3.2(0.00 %),0,0,0,0,12147395,4.38
15/07/2014,0,0,3.1(-3.12 %),0,0,0,0,12147395,4.38
16/07/2014,1000,3000000,3(-3.23 %),1000,3000000,0,0,12166495,0.0
17/07/2014,0,0,3(0.00 %),0,0,0,0,12166495,4.31
18/07/2014,0,0,3.1(3.33 %),0,0,0,0,12166495,4.31
21/07/2014,0,0,2.9(-6.45 %),0,0,0,0,12166495,4.31
22/07/2014,30000,85500000,2.9(0.00 %),30000,85500000,0,0,12136495,0.0
23/07/2014,800,2240000,2.8(-3.45 %),800,2240000,0,0,12136495,4.42
24/07/2014,10000,27000000,2.8(0.00 %),10000,27000000,0,0,12125695,0.0
25/07/2014,0,0,2.7(-3.57 %),0,0,0,0,12125695,0.0
28/07/2014,800,2080000,2.6(-3.70 %),800,2080000,0,0,12124895,0.0
29/07/2014,-1000,-2700000,2.7(3.85 %),0,0,1000,2700000,12124895,0.0
30/07/2014,0,0,2.7(0.00 %),0,0,0,0,12124895,0.0
31/07/2014,0,0,2.8(3.70 %),0,0,0,0,12124895,0.0
01/08/2014,0,0,2.8(0.00 %),0,0,0,0,12124895,0.0
04/08/2014,0,0,2.7(-3.57 %),0,0,0,0,12125895,0.0
05/08/2014,0,0,2.7(0.00 %),0,0,0,0,12125895,0.0
06/08/2014,0,0,2.7(0.00 %),0,0,0,0,12125895,4.46
07/08/2014,0,0,2.7(0.00 %),0,0,0,0,12125895,4.46
08/08/2014,1500,3900000,2.6(-3.70 %),1500,3900000,0,0,12124395,0.0
11/08/2014,0,0,2.7(3.85 %),0,0,0,0,12124395,0.0
12/08/2014,0,0,2.8(3.70 %),0,0,0,0,12124395,0.0
13/08/2014,550,1485000,2.7(-3.57 %),550,1485000,0,0,12123845,0.0
14/08/2014,0,0,2.8(3.70 %),0,0,0,0,12123845,4.47
15/08/2014,0,0,2.8(0.00 %),0,0,0,0,12123845,4.47
18/08/2014,0,0,2.7(-3.57 %),0,0,0,0,12123845,0.0
19/08/2014,19990,51974000,2.6(-3.70 %),19990,51974000,0,0,12103855,0.0
20/08/2014,-12770,-34579000,2.7(3.85 %),1000,2600000,13770,37179000,12102855,0.0
21/08/2014,-3100,-8370000,2.6(-3.70 %),0,0,3100,8370000,12102855,0.0
22/08/2014,0,0,2.7(3.85 %),0,0,0,0,12102855,4.54
25/08/2014,-1000,-2700000,2.7(0.00 %),0,0,1000,2700000,12102855,4.54
26/08/2014,0,0,2.7(0.00 %),0,0,0,0,12116625,4.49
27/08/2014,21500,55900000,2.6(-3.70 %),21500,55900000,0,0,12119725,4.48
28/08/2014,-26000,-70200000,2.7(3.85 %),0,0,26000,70200000,12098225,4.56
29/08/2014,-10000,-27000000,2.8(3.70 %),0,0,10000,27000000,12099225,0.0
03/09/2014,-1500,-4200000,2.8(0.00 %),0,0,1500,4200000,12099225,4.56
04/09/2014,650,1700000,2.8(0.00 %),1200,3240000,550,1540000,12098025,0.0
05/09/2014,0,0,2.8(0.00 %),0,0,0,0,12124025,0.0
08/09/2014,11000,30700000,2.8(0.00 %),11000,30700000,0,0,12134025,4.43
09/09/2014,10000,27000000,2.7(-3.57 %),10000,27000000,0,0,12124525,4.46
10/09/2014,14000,36400000,2.8(3.70 %),14000,36400000,0,0,12101075,0.0
11/09/2014,-2200,-6160000,2.7(-3.57 %),0,0,2200,6160000,12101075,0.0
12/09/2014,-23000,-64500000,2.8(3.70 %),1000,2700000,24000,67200000,12100075,0.0
15/09/2014,-33220,-96338000,2.8(0.00 %),0,0,33220,96338000,12100075,4.55
16/09/2014,2500,6750000,2.8(0.00 %),2500,6750000,0,0,12097575,0.0
17/09/2014,26300,71010000,2.7(-3.57 %),26300,71010000,0,0,12073475,0.0
18/09/2014,1250,3375000,2.7(0.00 %),1250,3375000,0,0,12096225,0.0
19/09/2014,20000,52000000,2.7(0.00 %),20000,52000000,0,0,12109445,0.0
22/09/2014,13000,33800000,2.6(-3.70 %),13000,33800000,0,0,12096445,0.0
23/09/2014,1000,2600000,2.6(0.00 %),1000,2600000,0,0,12095445,0.0
24/09/2014,0,0,2.6(0.00 %),0,0,0,0,12095445,4.57
25/09/2014,1000,2500000,2.6(0.00 %),1000,2500000,0,0,12094445,4.57
26/09/2014,-2000,-5200000,2.6(0.00 %),0,0,2000,5200000,12096445,4.57
29/09/2014,0,0,2.6(0.00 %),0,0,0,0,12094445,0.0
30/09/2014,0,0,2.6(0.00 %),0,0,0,0,12094445,0.0
01/10/2014,0,0,2.6(0.00 %),0,0,0,0,12094445,0.0
02/10/2014,0,0,2.6(0.00 %),0,0,0,0,12096445,0.0
03/10/2014,0,0,2.6(0.00 %),0,0,0,0,12096445,0.0
06/10/2014,12000,32400000,2.6(0.00 %),12000,32400000,0,0,12084445,0.0
07/10/2014,-6000,-16200000,2.7(3.85 %),20000,54000000,26000,70200000,12064445,0.0
08/10/2014,-37300,-104440000,2.8(3.70 %),0,0,37300,104440000,12064445,0.0
09/10/2014,-19700,-55230000,2.7(-3.57 %),0,0,19700,55230000,12064445,0.0
10/10/2014,-18050,-48740000,2.8(3.70 %),2000,5400000,20050,54140000,12062445,0.0
13/10/2014,7010,18928000,2.8(0.00 %),7010,18928000,0,0,12055435,4.72
14/10/2014,4700,12690000,2.8(0.00 %),4700,12690000,0,0,12050735,4.73
15/10/2014,1000,2700000,2.7(-3.57 %),1000,2700000,0,0,12049735,4.74
16/10/2014,9990,25974000,2.6(-3.70 %),19990,51974000,10000,26000000,12039745,4.77
17/10/2014,-12000,-30000000,2.7(3.85 %),0,0,12000,30000000,12051745,4.73
20/10/2014,-200,-540000,2.6(-3.70 %),0,0,200,540000,12051945,4.73
21/10/2014,31070,77675000,2.6(0.00 %),31070,77675000,0,0,12020875,4.84
22/10/2014,0,0,2.6(0.00 %),0,0,0,0,12020875,4.84
23/10/2014,1000,2500000,2.5(-3.85 %),1000,2500000,0,0,12019875,4.85
24/10/2014,0,0,2.5(0.00 %),0,0,0,0,12019875,4.85
27/10/2014,12000,28800000,2.5(0.00 %),12000,28800000,0,0,12007875,4.89
29/10/2014,-5000,-12500000,2.6(4.00 %),0,0,5000,12500000,12012875,4.87
30/10/2014,0,0,2.5(-3.85 %),0,0,0,0,12012875,4.87
31/10/2014,-1230,-3198000,2.5(0.00 %),0,0,1230,3198000,12014105,4.87
03/11/2014,0,0,2.5(0.00 %),0,0,0,0,12110925,4.51
04/11/2014,0,0,2.5(0.00 %),0,0,0,0,12110925,4.51
05/11/2014,1000,2400000,2.5(0.00 %),1000,2400000,0,0,12109925,4.52
06/11/2014,0,0,2.4(-4.00 %),0,0,0,0,12109925,4.52
07/11/2014,1000,2400000,2.4(0.00 %),1000,2400000,0,0,12108925,4.52
10/11/2014,0,0,2.5(4.17 %),0,0,0,0,12108925,4.52
11/11/2014,-5000,-12000000,2.4(-4.00 %),0,0,5000,12000000,12113925,4.5
12/11/2014,5500,13200000,2.4(0.00 %),5500,13200000,0,0,12108425,4.52
13/11/2014,1000,2400000,2.5(4.17 %),1000,2400000,0,0,12107425,4.53
14/11/2014,0,0,2.4(-4.00 %),0,0,0,0,12107425,4.53
17/11/2014,0,0,2.5(4.17 %),0,0,0,0,12107425,4.53
18/11/2014,0,0,2.5(0.00 %),0,0,0,0,12107425,4.53
19/11/2014,0,0,2.4(-4.00 %),0,0,0,0,12107425,4.53
20/11/2014,0,0,2.4(0.00 %),0,0,0,0,12113655,0.0
21/11/2014,0,0,2.4(0.00 %),0,0,0,0,12113655,0.0
24/11/2014,0,0,2.4(0.00 %),0,0,0,0,12113655,0.0
25/11/2014,0,0,2.4(0.00 %),0,0,0,0,12113655,0.0
26/11/2014,0,0,2.4(0.00 %),0,0,0,0,12113655,0.0
27/11/2014,-4800,-11520000,2.5(4.17 %),0,0,4800,11520000,12113655,0.0
28/11/2014,0,0,2.5(0.00 %),0,0,0,0,12113655,0.0
01/12/2014,0,0,2.4(-4.00 %),0,0,0,0,12113655,0.0
02/12/2014,0,0,2.5(4.17 %),0,0,0,0,12113655,0.0
03/12/2014,0,0,2.5(0.00 %),0,0,0,0,12118455,0.0
04/12/2014,0,0,2.4(-4.00 %),0,0,0,0,12118455,0.0
05/12/2014,0,0,2.4(0.00 %),0,0,0,0,12118455,0.0
08/12/2014,2000,4600000,2.3(-4.17 %),2000,4600000,0,0,12116455,0.0
09/12/2014,0,0,2.3(0.00 %),0,0,0,0,12116455,0.0
10/12/2014,0,0,2.3(0.00 %),0,0,0,0,12116455,0.0
11/12/2014,0,0,2.3(0.00 %),0,0,0,0,12116455,0.0
12/12/2014,0,0,2.2(-4.35 %),0,0,0,0,12116455,4.49
15/12/2014,1000,2200000,2.2(0.00 %),1000,2200000,0,0,12115455,0.0
16/12/2014,0,0,2.3(4.55 %),0,0,0,0,12115455,0.0
17/12/2014,0,0,2.3(0.00 %),0,0,0,0,12115455,0.0
18/12/2014,0,0,2.3(0.00 %),0,0,0,0,12115455,0.0
19/12/2014,0,0,2.3(0.00 %),0,0,0,0,12115455,0.0
22/12/2014,0,0,2.3(0.00 %),0,0,0,0,12115455,4.5
23/12/2014,0,0,2.2(-4.35 %),0,0,0,0,12115455,0.0
24/12/2014,0,0,2.2(0.00 %),0,0,0,0,12115455,0.0
25/12/2014,0,0,2.3(4.55 %),0,0,0,0,12115455,0.0
26/12/2014,0,0,2.3(0.00 %),0,0,0,0,12115455,4.5
29/12/2014,0,0,2.2(-4.35 %),0,0,0,0,12115455,4.5
30/12/2014,0,0,2.1(-4.55 %),0,0,0,0,12115455,4.5
31/12/2014,0,0,2.2(4.76 %),0,0,0,0,12115455,4.5
05/01/2015,0,0,2.3(4.55 %),0,0,0,0,12115455,4.5
06/01/2015,-16170,-36176000,2.3(0.00 %),0,0,16170,36176000,12131625,4.44
07/01/2015,-20000,-44000000,2.3(0.00 %),0,0,20000,44000000,12151625,4.36
08/01/2015,-9220,-20284000,2.2(-4.35 %),0,0,9220,20284000,12160845,4.33
09/01/2015,-53760,-112896000,2.1(-4.55 %),1000,2100000,54760,114996000,12214605,4.13
12/01/2015,-1000,-2200000,2.2(4.76 %),0,0,1000,2200000,12215605,4.13
13/01/2015,0,0,2.2(0.00 %),0,0,0,0,12215605,4.13
14/01/2015,0,0,2.3(4.55 %),0,0,0,0,12215605,4.13
15/01/2015,0,0,2.3(0.00 %),0,0,0,0,12215605,4.13
16/01/2015,-3000,-6900000,2.3(0.00 %),0,0,3000,6900000,12218605,4.12
19/01/2015,0,0,2.3(0.00 %),0,0,0,0,12218605,4.12
20/01/2015,0,0,2.2(-4.35 %),0,0,0,0,12218605,4.12
21/01/2015,-8000,-17600000,2.2(0.00 %),1000,2200000,9000,19800000,12226605,4.09
22/01/2015,-42000,-88200000,2.1(-4.55 %),0,0,42000,88200000,12268605,3.93
23/01/2015,-10000,-21000000,2.1(0.00 %),0,0,10000,21000000,12278605,3.9
26/01/2015,-12220,-24440000,2(-4.76 %),700,1400000,12920,25840000,12290825,3.85
27/01/2015,700,1330000,2(0.00 %),700,1330000,0,0,12290125,3.85
28/01/2015,0,0,2(0.00 %),0,0,0,0,12290125,3.85
29/01/2015,1000,1900000,1.9(-5.00 %),1000,1900000,0,0,12289125,3.86
30/01/2015,0,0,1.8(-5.26 %),0,0,0,0,12289125,3.86
02/02/2015,0,0,1.7(-5.56 %),0,0,0,0,12289125,3.86
03/02/2015,-30710,-49136000,1.6(-5.88 %),1600,2560000,32310,51696000,12319835,3.75
04/02/2015,-19990,-29985000,1.5(-6.25 %),0,0,19990,29985000,12339825,3.67
05/02/2015,-13720,-19208000,1.4(-6.67 %),800,1120000,14520,20328000,12353545,3.62
06/02/2015,-8050,-10465000,1.3(-7.14 %),800,1040000,8850,11505000,12361595,3.59
09/02/2015,-9640,-11568000,1.4(7.69 %),800,960000,10440,12528000,12371235,3.56
10/02/2015,0,0,1.5(7.14 %),0,0,0,0,12371235,3.56
11/02/2015,7000,11200000,1.6(6.67 %),10000,16000000,3000,4800000,12364235,3.58
12/02/2015,0,0,1.7(6.25 %),0,0,0,0,12364235,3.58
13/02/2015,0,0,1.7(0.00 %),0,0,0,0,12364235,3.58
24/02/2015,0,0,1.8(5.88 %),0,0,0,0,12364235,3.58
25/02/2015,0,0,1.7(-5.56 %),0,0,0,0,12364235,3.58
26/02/2015,5330,8961000,1.7(0.00 %),6330,10761000,1000,1800000,12358905,3.6
27/02/2015,-1350,-2295000,1.8(5.88 %),0,0,1350,2295000,12360255,3.6
02/03/2015,0,0,1.9(5.56 %),0,0,0,0,12357905,3.61
03/03/2015,-2400,-4800000,1.9(0.00 %),0,0,2400,4800000,12360305,3.6
04/03/2015,19000,38000000,2(5.26 %),20000,40000000,1000,2000000,12341305,3.67
05/03/2015,10,21000,2.1(5.00 %),10,21000,0,0,12341295,3.67
06/03/2015,19000,41800000,2.2(4.76 %),19000,41800000,0,0,12322295,3.74
09/03/2015,-107000,-245100000,2.3(4.55 %),0,0,107000,245100000,12429295,3.34
10/03/2015,0,0,2.4(4.35 %),0,0,0,0,12429295,3.34
11/03/2015,-18000,-43200000,2.4(0.00 %),0,0,18000,43200000,12447295,3.28
12/03/2015,-32000,-76800000,2.5(4.17 %),0,0,32000,76800000,12479295,3.16
13/03/2015,-50000,-130000000,2.6(4.00 %),0,0,50000,130000000,12529295,2.98
16/03/2015,-150,-390000,2.7(3.85 %),0,0,150,390000,12529445,2.98
17/03/2015,0,0,2.8(3.70 %),0,0,0,0,12529445,2.98
18/03/2015,0,0,2.9(3.57 %),0,0,0,0,12529445,2.98
19/03/2015,-50000,-147000000,3.1(6.90 %),0,0,50000,147000000,12579445,2.79
20/03/2015,-49990,-159968000,2.9(-6.45 %),10,32000,50000,160000000,12629435,2.61
23/03/2015,-56640,-171584000,2.9(0.00 %),0,0,56640,171584000,12686075,2.4
24/03/2015,0,0,2.8(-3.45 %),0,0,0,0,12686075,2.4
25/03/2015,0,0,2.7(-3.57 %),0,0,0,0,12686075,2.4
26/03/2015,0,0,2.6(-3.70 %),0,0,0,0,12686075,2.4
27/03/2015,0,0,2.5(-3.85 %),0,0,0,0,12686075,2.4
30/03/2015,0,0,2.4(-4.00 %),0,0,0,0,12686075,2.4
31/03/2015,-2200,-5060000,2.3(-4.17 %),0,0,2200,5060000,12688275,2.39
01/04/2015,0,0,2.2(-4.35 %),0,0,0,0,12701845,2.34
02/04/2015,-1010,-2121000,2.1(-4.55 %),0,0,1010,2121000,12702855,2.34
03/04/2015,-1500,-3150000,2.2(4.76 %),0,0,1500,3150000,12704355,2.33
06/04/2015,0,0,2.3(4.55 %),0,0,0,0,12704355,2.33
07/04/2015,-4700,-10340000,2.2(-4.35 %),0,0,4700,10340000,12709055,2.32
08/04/2015,0,0,2.3(4.55 %),0,0,0,0,12709055,2.32
09/04/2015,0,0,2.3(0.00 %),0,0,0,0,12709055,2.32
10/04/2015,-10420,-22924000,2.2(-4.35 %),0,0,10420,22924000,12719475,2.28
13/04/2015,0,0,2.1(-4.55 %),0,0,0,0,12719475,2.28
14/04/2015,-180,-360000,2(-4.76 %),0,0,180,360000,12719655,2.28
15/04/2015,0,0,1.9(-5.00 %),0,0,0,0,12719655,2.28
16/04/2015,-40070,-72796000,1.9(0.00 %),0,0,40070,72796000,12759725,2.13
17/04/2015,-183810,-332358000,2(5.26 %),0,0,183810,332358000,12943535,1.45
20/04/2015,-62250,-122000000,2.1(5.00 %),0,0,62250,122000000,13005785,1.23
21/04/2015,-30000,-66000000,2.1(0.00 %),0,0,30000,66000000,13035785,1.12
22/04/2015,-32250,-70950000,2.1(0.00 %),0,0,32250,70950000,13068035,1.0
23/04/2015,-30000,-66000000,2.2(4.76 %),0,0,30000,66000000,13098035,0.89
24/04/2015,-30000,-69000000,2.3(4.55 %),0,0,30000,69000000,13128035,0.78
27/04/2015,-39670,-95208000,2.4(4.35 %),10000,24000000,49670,119208000,13167705,0.63
04/05/2015,-11500,-28950000,2.3(-4.17 %),11000,27300000,22500,56250000,13049235,1.07
05/05/2015,0,0,2.2(-4.35 %),0,0,0,0,13049235,1.07
06/05/2015,0,0,2.3(4.55 %),0,0,0,0,13049235,1.07
07/05/2015,0,0,2.2(-4.35 %),0,0,0,0,13049235,1.07
07/04/2016,0,0,2.8(27.27 %),0,0,0,0,13181405,0.58
08/04/2016,0,0,2.8(0.00 %),0,0,0,0,13181405,0.58
11/04/2016,0,0,2.2(-12.00 %),0,0,0,0,13181405,0.58
12/04/2016,0,0,1.9(-13.64 %),0,0,0,0,13181405,0.58
13/04/2016,0,0,1.7(-10.53 %),0,0,0,0,13181405,0.58
14/04/2016,0,0,1.7(0.00 %),0,0,0,0,13181405,0.58
15/04/2016,0,0,1.5(-6.25 %),0,0,0,0,13181405,0.58
19/04/2016,0,0,1.5(0.00 %),0,0,0,0,13181405,0.58
20/04/2016,0,0,1.7(13.33 %),0,0,0,0,13181405,0.58
21/04/2016,0,0,1.8(5.88 %),0,0,0,0,13181405,0.58
22/04/2016,0,0,1.7(-5.56 %),0,0,0,0,13181405,0.58
25/04/2016,0,0,1.7(0.00 %),0,0,0,0,13181405,0.58
26/04/2016,0,0,1.9(11.76 %),0,0,0,0,13181405,0.58
27/04/2016,0,0,2(11.11 %),0,0,0,0,13181405,0.58
28/04/2016,0,0,2.3(15.00 %),0,0,0,0,13181405,0.58
29/04/2016,0,0,2.6(13.04 %),0,0,0,0,13181405,0.58
04/05/2016,0,0,2.3(-11.54 %),0,0,0,0,13181405,0.58
05/05/2016,0,0,2.6(13.04 %),0,0,0,0,13181405,0.58
06/05/2016,0,0,2.7(12.50 %),0,0,0,0,13181405,0.58
09/05/2016,0,0,3(11.11 %),0,0,0,0,13181405,0.58
10/05/2016,0,0,2.6(-13.33 %),0,0,0,0,13181405,0.58
11/05/2016,0,0,2.8(3.70 %),0,0,0,0,13181405,0.58
12/05/2016,0,0,2.5(-7.41 %),0,0,0,0,13181405,0.58
13/05/2016,0,0,2.5(0.00 %),0,0,0,0,13181405,0.58
16/05/2016,0,0,2.6(4.00 %),0,0,0,0,13181405,0.58
17/05/2016,0,0,2.6(0.00 %),0,0,0,0,13181405,0.58
18/05/2016,-100,-250000,2.5(-3.85 %),0,0,100,250000,13181405,0.58
19/05/2016,0,0,2.3(-8.00 %),0,0,0,0,13181405,0.58
20/05/2016,0,0,2.3(0.00 %),0,0,0,0,13181405,0.58
23/05/2016,0,0,2.1(-8.70 %),0,0,0,0,13181505,0.58
24/05/2016,0,0,2(-9.09 %),0,0,0,0,13181505,0.58
25/05/2016,-20300,-34760000,1.8(-10.00 %),0,0,20300,34760000,13181505,0.58
26/05/2016,-100,-170000,1.7(0.00 %),0,0,100,170000,13181505,0.58
27/05/2016,0,0,1.9(11.76 %),0,0,0,0,13181505,0.58
30/05/2016,0,0,1.9(0.00 %),0,0,0,0,13201805,0.51
31/05/2016,0,0,1.9(0.00 %),0,0,0,0,13201905,0.51
01/06/2016,0,0,1.9(0.00 %),0,0,0,0,13201905,0.51
02/06/2016,0,0,1.9(0.00 %),0,0,0,0,13201905,0.51
03/06/2016,0,0,1.6(-11.11 %),0,0,0,0,13201905,0.51
06/06/2016,0,0,1.8(12.50 %),0,0,0,0,13201905,0.51
07/06/2016,0,0,1.6(-11.11 %),0,0,0,0,13201905,0.51
08/06/2016,0,0,1.4(-12.50 %),0,0,0,0,13201905,0.51
09/06/2016,0,0,1.5(-6.25 %),0,0,0,0,13201905,0.51
10/06/2016,0,0,1.7(13.33 %),0,0,0,0,13201905,0.51
13/06/2016,0,0,1.7(13.33 %),0,0,0,0,13201905,0.51
14/06/2016,0,0,1.9(11.76 %),0,0,0,0,13201905,0.51
15/06/2016,0,0,1.9(0.00 %),0,0,0,0,13201905,0.51
16/06/2016,0,0,1.7(-10.53 %),0,0,0,0,13201905,0.51
17/06/2016,0,0,1.5(-11.76 %),0,0,0,0,13201905,0.51
20/06/2016,0,0,1.6(6.67 %),0,0,0,0,13201905,0.51
21/06/2016,0,0,1.7(6.25 %),0,0,0,0,13201905,0.51
22/06/2016,0,0,1.7(6.25 %),0,0,0,0,13201905,0.51
23/06/2016,0,0,1.7(6.25 %),0,0,0,0,13201905,0.51
24/06/2016,0,0,1.8(5.88 %),0,0,0,0,13201905,0.51
27/06/2016,0,0,2(11.11 %),0,0,0,0,13201905,0.51
28/06/2016,0,0,1.7(-5.56 %),0,0,0,0,13201905,0.51
29/06/2016,0,0,1.9(11.76 %),0,0,0,0,13201905,0.51
30/06/2016,0,0,2.1(10.53 %),0,0,0,0,13201905,0.51
01/07/2016,0,0,2.4(14.29 %),0,0,0,0,13201905,0.51
04/07/2016,0,0,2.3(-4.17 %),0,0,0,0,13201905,0.51
05/07/2016,0,0,2.7(12.50 %),0,0,0,0,13201905,0.51
06/07/2016,0,0,2.5(-3.85 %),0,0,0,0,13201905,0.51
07/07/2016,0,0,2.5(-3.85 %),0,0,0,0,13201905,0.51
08/07/2016,0,0,2.2(-12.00 %),0,0,0,0,13201905,0.51
11/07/2016,0,0,2.5(13.64 %),0,0,0,0,13201905,0.51
12/07/2016,0,0,2.2(-12.00 %),0,0,0,0,13201905,0.51
13/07/2016,0,0,2.5(13.64 %),0,0,0,0,13201905,0.51
14/07/2016,0,0,2.5(0.00 %),0,0,0,0,13201905,0.51
15/07/2016,0,0,2.6(4.00 %),0,0,0,0,13201905,0.51
18/07/2016,0,0,2.5(0.00 %),0,0,0,0,13201905,0.51
19/07/2016,0,0,2.4(0.00 %),0,0,0,0,13201905,0.51
20/07/2016,0,0,2.1(-12.50 %),0,0,0,0,13201905,0.51
21/07/2016,0,0,2.1(0.00 %),0,0,0,0,13201905,0.51
22/07/2016,0,0,2.2(4.76 %),0,0,0,0,13201905,0.51
25/07/2016,0,0,2.2(-4.35 %),0,0,0,0,13201905,0.51
26/07/2016,0,0,2.2(-4.35 %),0,0,0,0,13201905,0.51
27/07/2016,0,0,2.4(4.35 %),0,0,0,0,13201905,0.51
28/07/2016,0,0,2.2(-8.33 %),0,0,0,0,13201905,0.51
29/07/2016,0,0,2(-9.09 %),0,0,0,0,13201905,0.51
01/08/2016,0,0,2.3(15.00 %),0,0,0,0,13201905,0.51
02/08/2016,0,0,2(-13.04 %),0,0,0,0,13201905,0.51
03/08/2016,0,0,2.2(10.00 %),0,0,0,0,13201905,0.51
04/08/2016,0,0,2(-9.09 %),0,0,0,0,13201905,0.51
05/08/2016,0,0,2.1(5.00 %),0,0,0,0,13201905,0.51
08/08/2016,0,0,2.1(5.00 %),0,0,0,0,13201905,0.51
09/08/2016,0,0,1.9(-5.00 %),0,0,0,0,13201905,0.51
10/08/2016,0,0,1.7(-10.53 %),0,0,0,0,13201905,0.51
11/08/2016,0,0,1.7(0.00 %),0,0,0,0,13201905,0.51
12/08/2016,0,0,1.7(6.25 %),0,0,0,0,13201905,0.51
15/08/2016,0,0,1.9(11.76 %),0,0,0,0,13201905,0.51
16/08/2016,0,0,1.7(-10.53 %),0,0,0,0,13201905,0.51
17/08/2016,0,0,1.6(-11.11 %),0,0,0,0,13201905,0.51
18/08/2016,0,0,1.6(-5.88 %),0,0,0,0,13201905,0.51
19/08/2016,0,0,1.5(-6.25 %),0,0,0,0,13201905,0.51
22/08/2016,0,0,1.7(13.33 %),0,0,0,0,13201905,0.51
23/08/2016,0,0,1.8(5.88 %),0,0,0,0,13201905,0.51
24/08/2016,0,0,1.8(0.00 %),0,0,0,0,13201905,0.51
25/08/2016,0,0,1.6(-11.11 %),0,0,0,0,13201905,0.51
26/08/2016,0,0,1.5(-6.25 %),0,0,0,0,13201905,0.51
29/08/2016,0,0,1.6(6.67 %),0,0,0,0,13201905,0.51
30/08/2016,0,0,1.6(14.29 %),0,0,0,0,13201905,0.51
31/08/2016,0,0,1.6(6.67 %),0,0,0,0,13201905,0.51
01/09/2016,0,0,1.6(6.67 %),0,0,0,0,13201905,0.51
05/09/2016,0,0,1.6(6.67 %),0,0,0,0,13201905,0.51
06/09/2016,0,0,1.6(6.67 %),0,0,0,0,13201905,0.51
07/09/2016,0,0,1.6(6.67 %),0,0,0,0,13201905,0.51
08/09/2016,0,0,1.6(6.67 %),0,0,0,0,13201905,0.51
09/09/2016,0,0,1.5(0.00 %),0,0,0,0,13201905,0.51
12/09/2016,0,0,1.5(0.00 %),0,0,0,0,13201905,0.51
13/09/2016,0,0,1.5(0.00 %),0,0,0,0,13201905,0.51
14/09/2016,0,0,1.5(0.00 %),0,0,0,0,13201905,0.51
15/09/2016,0,0,1.5(0.00 %),0,0,0,0,13201905,0.51
16/09/2016,0,0,1.5(0.00 %),0,0,0,0,13201905,0.51
19/09/2016,0,0,1.5(0.00 %),0,0,0,0,13201905,0.51
20/09/2016,0,0,1.5(0.00 %),0,0,0,0,13201905,0.51
21/09/2016,0,0,1.5(0.00 %),0,0,0,0,13201905,0.51
22/09/2016,0,0,1.5(0.00 %),0,0,0,0,13201905,0.51
23/09/2016,0,0,1.5(0.00 %),0,0,0,0,13201905,0.51
26/09/2016,0,0,1.5(0.00 %),0,0,0,0,13201905,0.51
27/09/2016,0,0,1.5(0.00 %),0,0,0,0,13201905,0.51
28/09/2016,0,0,1.5(0.00 %),0,0,0,0,13201905,0.51
29/09/2016,0,0,1.5(0.00 %),0,0,0,0,13201905,0.51
30/09/2016,0,0,1.5(0.00 %),0,0,0,0,13201905,0.51
03/10/2016,0,0,1.3(0.00 %),0,0,0,0,13201905,0.51
04/10/2016,0,0,1.3(0.00 %),0,0,0,0,13201905,0.51
05/10/2016,0,0,1.3(0.00 %),0,0,0,0,13201905,0.51
06/10/2016,0,0,1.3(0.00 %),0,0,0,0,13201905,0.51
07/10/2016,0,0,1.4(7.69 %),0,0,0,0,13201905,0.51
10/10/2016,0,0,1.4(0.00 %),0,0,0,0,13201905,0.51
11/10/2016,0,0,1.4(0.00 %),0,0,0,0,13201905,0.51
12/10/2016,0,0,1.4(0.00 %),0,0,0,0,13201905,0.51
13/10/2016,0,0,1.4(0.00 %),0,0,0,0,13201905,0.51
14/10/2016,0,0,1.2(-14.29 %),0,0,0,0,13201905,0.51
17/10/2016,0,0,1.2(0.00 %),0,0,0,0,13201905,0.51
18/10/2016,0,0,1.2(0.00 %),0,0,0,0,13201905,0.51
19/10/2016,0,0,1.2(0.00 %),0,0,0,0,13201895,0.51
20/10/2016,0,0,1.2(0.00 %),0,0,0,0,13201895,0.51
21/10/2016,0,0,1.3(8.33 %),0,0,0,0,13201895,0.51
24/10/2016,0,0,1.1(0.00 %),0,0,0,0,13201895,0.51
25/10/2016,0,0,1.1(0.00 %),0,0,0,0,13201895,0.51
26/10/2016,0,0,1.1(0.00 %),0,0,0,0,13201895,0.51
27/10/2016,0,0,1.1(0.00 %),0,0,0,0,13201895,0.51
28/10/2016,0,0,1(-9.09 %),0,0,0,0,13201895,0.51
31/10/2016,0,0,1(0.00 %),0,0,0,0,13201895,0.51
01/11/2016,0,0,1(0.00 %),0,0,0,0,13201895,0.51
02/11/2016,0,0,1(0.00 %),0,0,0,0,13201895,0.51
03/11/2016,0,0,1(0.00 %),0,0,0,0,13201895,0.51
04/11/2016,0,0,1(0.00 %),0,0,0,0,13201895,0.51
07/11/2016,0,0,1(0.00 %),0,0,0,0,13201895,0.51
08/11/2016,0,0,1(0.00 %),0,0,0,0,13201895,0.51
09/11/2016,0,0,1(0.00 %),0,0,0,0,13201895,0.51
10/11/2016,0,0,1(0.00 %),0,0,0,0,13201895,0.51
11/11/2016,0,0,0.9(-10.00 %),0,0,0,0,13201895,0.51
14/11/2016,0,0,1(0.00 %),0,0,0,0,13201895,0.51
15/11/2016,0,0,1(0.00 %),0,0,0,0,13201895,0.51
16/11/2016,0,0,1(0.00 %),0,0,0,0,13201895,0.51
17/11/2016,0,0,1(0.00 %),0,0,0,0,13201895,0.51
18/11/2016,0,0,1.1(10.00 %),0,0,0,0,13201895,0.51
21/11/2016,0,0,0.9(0.00 %),0,0,0,0,13201895,0.51
22/11/2016,0,0,0.9(0.00 %),0,0,0,0,13201895,0.51
23/11/2016,0,0,0.9(0.00 %),0,0,0,0,13201895,0.51
24/11/2016,0,0,0.9(0.00 %),0,0,0,0,13201895,0.51
25/11/2016,0,0,0.8(-11.11 %),0,0,0,0,13201895,0.51
28/11/2016,0,0,0.9(0.00 %),0,0,0,0,13201895,0.51
29/11/2016,0,0,0.9(0.00 %),0,0,0,0,13201895,0.51
30/11/2016,0,0,0.9(0.00 %),0,0,0,0,13201895,0.51
01/12/2016,0,0,0.9(0.00 %),0,0,0,0,13201895,0.51
02/12/2016,0,0,0.8(-11.11 %),0,0,0,0,13201895,0.51
05/12/2016,0,0,0.8(0.00 %),0,0,0,0,13201895,0.51
06/12/2016,0,0,0.8(0.00 %),0,0,0,0,13201895,0.51
07/12/2016,0,0,0.8(0.00 %),0,0,0,0,13201895,0.51
08/12/2016,0,0,0.8(0.00 %),0,0,0,0,13201895,0.51
09/12/2016,0,0,0.8(0.00 %),0,0,0,0,13201895,0.51
12/12/2016,0,0,0.8(0.00 %),0,0,0,0,13201895,0.51
13/12/2016,0,0,0.8(0.00 %),0,0,0,0,13201895,0.51
14/12/2016,0,0,0.8(0.00 %),0,0,0,0,13201895,0.51
15/12/2016,0,0,0.8(0.00 %),0,0,0,0,13201895,0.51
16/12/2016,0,0,0.9(12.50 %),0,0,0,0,13201895,0.51
19/12/2016,0,0,0.9(0.00 %),0,0,0,0,13201895,0.51
20/12/2016,0,0,0.9(0.00 %),0,0,0,0,13201895,0.51
21/12/2016,0,0,0.9(0.00 %),0,0,0,0,13201895,0.51
22/12/2016,0,0,0.9(0.00 %),0,0,0,0,13201895,0.51
23/12/2016,0,0,1(11.11 %),0,0,0,0,13201895,0.51
26/12/2016,0,0,1(0.00 %),0,0,0,0,13201895,0.51
27/12/2016,0,0,1(0.00 %),0,0,0,0,13201895,0.51
28/12/2016,0,0,1(0.00 %),0,0,0,0,13201895,0.51
29/12/2016,0,0,1(0.00 %),0,0,0,0,13201895,0.51
30/12/2016,0,0,1(0.00 %),0,0,0,0,13201895,0.51
03/01/2017,0,0,1(0.00 %),0,0,0,0,13201895,0.51
04/01/2017,0,0,1(0.00 %),0,0,0,0,13201895,0.51
05/01/2017,0,0,1(0.00 %),0,0,0,0,13201895,0.51
06/01/2017,0,0,1(0.00 %),0,0,0,0,13201895,0.51
09/01/2017,0,0,1(0.00 %),0,0,0,0,13201895,0.51
10/01/2017,0,0,1(0.00 %),0,0,0,0,13201895,0.51
11/01/2017,0,0,1(0.00 %),0,0,0,0,13201895,0.51
12/01/2017,0,0,1(0.00 %),0,0,0,0,13201895,0.51
13/01/2017,0,0,1(0.00 %),0,0,0,0,13201895,0.51
16/01/2017,0,0,1(0.00 %),0,0,0,0,13201895,0.51
17/01/2017,0,0,1(0.00 %),0,0,0,0,13201895,0.51
18/01/2017,0,0,1(0.00 %),0,0,0,0,13201895,0.51
19/01/2017,0,0,1(0.00 %),0,0,0,0,13201895,0.51
20/01/2017,0,0,1.1(10.00 %),0,0,0,0,13201895,0.51
23/01/2017,0,0,1.1(0.00 %),0,0,0,0,13201895,0.51
24/01/2017,0,0,1.1(0.00 %),0,0,0,0,13201895,0.51
25/01/2017,0,0,1.1(0.00 %),0,0,0,0,13201895,0.51
02/02/2017,0,0,1.1(0.00 %),0,0,0,0,13201895,0.51
06/02/2017,0,0,1.1(0.00 %),0,0,0,0,13201895,0.51
07/02/2017,0,0,1.1(0.00 %),0,0,0,0,13201895,0.51
08/02/2017,0,0,1.1(0.00 %),0,0,0,0,13201895,0.51
09/02/2017,0,0,1.1(0.00 %),0,0,0,0,13201895,0.51
10/02/2017,0,0,1.2(9.09 %),0,0,0,0,13201895,0.51
13/02/2017,0,0,1.2(0.00 %),0,0,0,0,13201895,0.51
14/02/2017,0,0,1.2(0.00 %),0,0,0,0,13201895,0.51
15/02/2017,0,0,1.2(0.00 %),0,0,0,0,13201895,0.51
16/02/2017,0,0,1.2(0.00 %),0,0,0,0,13201895,0.51
17/02/2017,0,0,1.1(-8.33 %),0,0,0,0,13201895,0.51
20/02/2017,0,0,1.1(0.00 %),0,0,0,0,13201895,0.51
21/02/2017,0,0,1.1(0.00 %),0,0,0,0,13201895,0.51
22/02/2017,0,0,1.1(0.00 %),0,0,0,0,13201895,0.51
23/02/2017,0,0,1.1(0.00 %),0,0,0,0,13201895,0.51
24/02/2017,0,0,1.2(9.09 %),0,0,0,0,13201895,0.51
27/02/2017,0,0,1(0.00 %),0,0,0,0,13201895,0.51
28/02/2017,0,0,1(0.00 %),0,0,0,0,13201895,0.51
01/03/2017,0,0,1(0.00 %),0,0,0,0,13201895,0.51
02/03/2017,0,0,1(0.00 %),0,0,0,0,13201895,0.51
03/03/2017,0,0,1(0.00 %),0,0,0,0,13201895,0.51
06/03/2017,0,0,1.1(0.00 %),0,0,0,0,13201895,0.51
07/03/2017,0,0,1.1(0.00 %),0,0,0,0,13201895,0.51
08/03/2017,0,0,1.1(0.00 %),0,0,0,0,13201895,0.51
09/03/2017,0,0,1.1(0.00 %),0,0,0,0,13201895,0.51
10/03/2017,0,0,1(-9.09 %),0,0,0,0,13201895,0.51
13/03/2017,0,0,1(0.00 %),0,0,0,0,13201895,0.51
14/03/2017,0,0,1(0.00 %),0,0,0,0,13201895,0.51
15/03/2017,0,0,1(0.00 %),0,0,0,0,13201895,0.51
16/03/2017,0,0,1(0.00 %),0,0,0,0,13201895,0.51
17/03/2017,0,0,0.9(-10.00 %),0,0,0,0,13201895,0.51
20/03/2017,0,0,1(0.00 %),0,0,0,0,13201895,0.51
21/03/2017,0,0,1(0.00 %),0,0,0,0,13201895,0.51
22/03/2017,0,0,1(0.00 %),0,0,0,0,13201895,0.51
23/03/2017,0,0,1(0.00 %),0,0,0,0,13201895,0.51
24/03/2017,0,0,0.9(-10.00 %),0,0,0,0,13201895,0.51
27/03/2017,0,0,0.9(0.00 %),0,0,0,0,13201895,0.51
28/03/2017,0,0,0.9(0.00 %),0,0,0,0,13201895,0.51
29/03/2017,0,0,0.9(0.00 %),0,0,0,0,13201895,0.51
30/03/2017,0,0,0.9(0.00 %),0,0,0,0,13201895,0.51
31/03/2017,0,0,0.9(0.00 %),0,0,0,0,13201895,0.51
03/04/2017,0,0,0.8(0.00 %),0,0,0,0,13201895,0.51
04/04/2017,0,0,0.8(0.00 %),0,0,0,0,13201895,0.51
05/04/2017,0,0,0.8(0.00 %),0,0,0,0,13201895,0.51
07/04/2017,0,0,0.8(0.00 %),0,0,0,0,13201895,0.51
10/04/2017,0,0,0.8(0.00 %),0,0,0,0,13201895,0.51
11/04/2017,0,0,0.8(0.00 %),0,0,0,0,13201895,0.51
12/04/2017,0,0,0.8(0.00 %),0,0,0,0,13201895,0.51
13/04/2017,0,0,0.8(0.00 %),0,0,0,0,13201895,0.51
14/04/2017,0,0,0.7(-12.50 %),0,0,0,0,13201895,0.51
17/04/2017,0,0,0.8(0.00 %),0,0,0,0,13201895,0.51
18/04/2017,0,0,0.8(0.00 %),0,0,0,0,13201895,0.51
19/04/2017,0,0,0.8(0.00 %),0,0,0,0,13201895,0.51
20/04/2017,0,0,0.8(0.00 %),0,0,0,0,13201895,0.51
21/04/2017,0,0,0.9(12.50 %),0,0,0,0,13201895,0.51
24/04/2017,0,0,0.9(0.00 %),0,0,0,0,13201895,0.51
25/04/2017,0,0,0.9(0.00 %),0,0,0,0,13201895,0.51
26/04/2017,0,0,0.9(0.00 %),0,0,0,0,13201895,0.51
27/04/2017,0,0,0.9(0.00 %),0,0,0,0,13201895,0.51
28/04/2017,0,0,0.9(0.00 %),0,0,0,0,13201895,0.51
03/05/2017,0,0,0.9(0.00 %),0,0,0,0,13201895,0.51
04/05/2017,0,0,0.9(0.00 %),0,0,0,0,13201895,0.51
05/05/2017,-1500,-1350000,0.8(-11.11 %),0,0,1500,1350000,13201895,0.51
08/05/2017,0,0,0.9(0.00 %),0,0,0,0,13201895,0.51
09/05/2017,0,0,0.9(0.00 %),0,0,0,0,13201895,0.51
10/05/2017,0,0,0.9(0.00 %),0,0,0,0,13203395,0.5
11/05/2017,0,0,0.9(0.00 %),0,0,0,0,13203395,0.5
12/05/2017,-3600,-3240000,0.9(0.00 %),0,0,3600,3240000,13203395,0.5
15/05/2017,0,0,1(0.00 %),0,0,0,0,13203395,0.5
16/05/2017,0,0,1(0.00 %),0,0,0,0,13203395,0.5
17/05/2017,0,0,1(0.00 %),0,0,0,0,13206995,0.49
18/05/2017,0,0,1(0.00 %),0,0,0,0,13206995,0.49
19/05/2017,0,0,1(0.00 %),0,0,0,0,13206995,0.49
22/05/2017,0,0,1(0.00 %),0,0,0,0,13206995,0.49
23/05/2017,0,0,1(0.00 %),0,0,0,0,13206995,0.49
24/05/2017,0,0,1(0.00 %),0,0,0,0,13206995,0.49
25/05/2017,0,0,1(0.00 %),0,0,0,0,13206995,0.49
26/05/2017,0,0,1.1(10.00 %),0,0,0,0,13206995,0.49
29/05/2017,0,0,1.1(0.00 %),0,0,0,0,13206995,0.49
30/05/2017,0,0,1.1(0.00 %),0,0,0,0,13206995,0.49
31/05/2017,0,0,1.1(0.00 %),0,0,0,0,13206995,0.49
01/06/2017,0,0,1.1(0.00 %),0,0,0,0,13206995,0.49
02/06/2017,0,0,1.1(0.00 %),0,0,0,0,13206995,0.49
05/06/2017,0,0,1.1(0.00 %),0,0,0,0,13206995,0.49
06/06/2017,0,0,1.1(0.00 %),0,0,0,0,13206995,0.49
07/06/2017,0,0,1.1(0.00 %),0,0,0,0,13206995,0.49
08/06/2017,0,0,1.1(0.00 %),0,0,0,0,13206995,0.49
09/06/2017,0,0,1.2(9.09 %),0,0,0,0,13206995,0.49
12/06/2017,0,0,1.1(0.00 %),0,0,0,0,13206995,0.49
13/06/2017,0,0,1.1(0.00 %),0,0,0,0,13206995,0.49
14/06/2017,0,0,1.1(0.00 %),0,0,0,0,13206995,0.49
16/06/2017,0,0,1.2(9.09 %),0,0,0,0,13206995,0.49
19/06/2017,0,0,1.2(0.00 %),0,0,0,0,13206995,0.49
20/06/2017,0,0,1.2(0.00 %),0,0,0,0,13206995,0.49
21/06/2017,0,0,1.2(0.00 %),0,0,0,0,13206995,0.49
22/06/2017,0,0,1.2(0.00 %),0,0,0,0,13206995,0.49
23/06/2017,0,0,1.3(8.33 %),0,0,0,0,13206995,0.49
26/06/2017,0,0,1.3(0.00 %),0,0,0,0,13206995,0.49
27/06/2017,0,0,1.3(0.00 %),0,0,0,0,13206995,0.49
28/06/2017,0,0,1.3(0.00 %),0,0,0,0,13206995,0.49
29/06/2017,0,0,1.3(0.00 %),0,0,0,0,13206995,0.49
30/06/2017,0,0,1.4(7.69 %),0,0,0,0,13206995,0.49
03/07/2017,0,0,1.4(0.00 %),0,0,0,0,13206995,0.49
04/07/2017,0,0,1.4(0.00 %),0,0,0,0,13206995,0.49
05/07/2017,0,0,1.4(0.00 %),0,0,0,0,13206995,0.49
06/07/2017,0,0,1.4(0.00 %),0,0,0,0,13206995,0.49
07/07/2017,0,0,1.5(7.14 %),0,0,0,0,13206995,0.49
10/07/2017,0,0,1.4(0.00 %),0,0,0,0,13206995,0.49
11/07/2017,0,0,1.4(0.00 %),0,0,0,0,13206995,0.49
12/07/2017,0,0,1.4(0.00 %),0,0,0,0,13206995,0.49
13/07/2017,0,0,1.4(0.00 %),0,0,0,0,13206995,0.49
14/07/2017,0,0,1.5(7.14 %),0,0,0,0,13206995,0.49
17/07/2017,0,0,1.5(0.00 %),0,0,0,0,13206995,0.49
18/07/2017,0,0,1.5(0.00 %),0,0,0,0,13206995,0.49
19/07/2017,0,0,1.5(0.00 %),0,0,0,0,13206995,0.49
20/07/2017,0,0,1.5(0.00 %),0,0,0,0,13206995,0.49
21/07/2017,0,0,1.5(0.00 %),0,0,0,0,13206995,0.49
24/07/2017,0,0,1.6(0.00 %),0,0,0,0,13206995,0.49
25/07/2017,0,0,1.6(0.00 %),0,0,0,0,13206995,0.49
26/07/2017,0,0,1.6(0.00 %),0,0,0,0,13206995,0.49
27/07/2017,0,0,1.6(0.00 %),0,0,0,0,13206995,0.49
28/07/2017,0,0,1.6(0.00 %),0,0,0,0,13206995,0.49
31/07/2017,0,0,1.6(0.00 %),0,0,0,0,13206995,0.49
01/08/2017,0,0,1.6(0.00 %),0,0,0,0,13206995,0.49
02/08/2017,0,0,1.6(0.00 %),0,0,0,0,13206995,0.49
03/08/2017,0,0,1.6(0.00 %),0,0,0,0,13206995,0.49
04/08/2017,0,0,1.6(0.00 %),0,0,0,0,13206995,0.49
07/08/2017,0,0,1.7(0.00 %),0,0,0,0,13206995,0.49
08/08/2017,0,0,1.7(0.00 %),0,0,0,0,13206995,0.49
09/08/2017,0,0,1.7(0.00 %),0,0,0,0,13206995,0.49
10/08/2017,0,0,1.7(0.00 %),0,0,0,0,13206995,0.49
11/08/2017,0,0,1.6(-5.88 %),0,0,0,0,13206995,0.49
14/08/2017,0,0,1.6(0.00 %),0,0,0,0,13206995,0.49
15/08/2017,0,0,1.6(0.00 %),0,0,0,0,13206995,0.49
16/08/2017,0,0,1.6(0.00 %),0,0,0,0,13206995,0.49
17/08/2017,0,0,1.6(0.00 %),0,0,0,0,13206995,0.49
18/08/2017,0,0,1.5(-6.25 %),0,0,0,0,13206995,0.49
21/08/2017,0,0,1.5(0.00 %),0,0,0,0,13206995,0.49
22/08/2017,0,0,1.5(0.00 %),0,0,0,0,13206995,0.49
23/08/2017,0,0,1.5(0.00 %),0,0,0,0,13206995,0.49
24/08/2017,0,0,1.5(0.00 %),0,0,0,0,13206995,0.49
25/08/2017,0,0,1.5(0.00 %),0,0,0,0,13206995,0.49
28/08/2017,0,0,1.5(0.00 %),0,0,0,0,13206995,0.49
29/08/2017,0,0,1.5(0.00 %),0,0,0,0,13206995,0.49
30/08/2017,0,0,1.5(0.00 %),0,0,0,0,13206995,0.49
31/08/2017,0,0,1.5(0.00 %),0,0,0,0,13206995,0.49
01/09/2017,0,0,1.6(6.67 %),0,0,0,0,13206995,0.49
05/09/2017,0,0,1.5(0.00 %),0,0,0,0,13206995,0.49
06/09/2017,0,0,1.5(0.00 %),0,0,0,0,13206995,0.49
07/09/2017,0,0,1.5(0.00 %),0,0,0,0,13206995,0.49
08/09/2017,0,0,1.5(0.00 %),0,0,0,0,13206995,0.49
12/09/2017,0,0,1.5(0.00 %),0,0,0,0,13206995,0.49
13/09/2017,0,0,1.5(0.00 %),0,0,0,0,13206995,0.49
14/09/2017,0,0,1.5(0.00 %),0,0,0,0,13206995,0.49
15/09/2017,0,0,1.3(-13.33 %),0,0,0,0,13206995,0.49
18/09/2017,0,0,1.4(0.00 %),0,0,0,0,13206995,0.49
19/09/2017,0,0,1.4(0.00 %),0,0,0,0,13206995,0.49
20/09/2017,0,0,1.4(0.00 %),0,0,0,0,13206995,0.49
21/09/2017,0,0,1.4(0.00 %),0,0,0,0,13206995,0.49
22/09/2017,0,0,1.5(7.14 %),0,0,0,0,13206995,0.49
25/09/2017,0,0,1.6(0.00 %),0,0,0,0,13206995,0.49
26/09/2017,0,0,1.6(0.00 %),0,0,0,0,13206995,0.49
27/09/2017,0,0,1.6(0.00 %),0,0,0,0,13206995,0.49
28/09/2017,0,0,1.6(0.00 %),0,0,0,0,13206995,0.49
29/09/2017,0,0,1.8(12.50 %),0,0,0,0,13206995,0.49
02/10/2017,0,0,1.7(0.00 %),0,0,0,0,13206995,0.49
03/10/2017,0,0,1.7(0.00 %),0,0,0,0,13206995,0.49
04/10/2017,0,0,1.7(0.00 %),0,0,0,0,13206995,0.49
05/10/2017,0,0,1.7(0.00 %),0,0,0,0,13206995,0.49
06/10/2017,0,0,1.5(-11.76 %),0,0,0,0,13206995,0.49
09/10/2017,0,0,1.8(0.00 %),0,0,0,0,13206995,0.49
10/10/2017,0,0,1.8(0.00 %),0,0,0,0,13206995,0.49
11/10/2017,0,0,1.8(0.00 %),0,0,0,0,13206995,0.49
12/10/2017,0,0,1.8(0.00 %),0,0,0,0,13206995,0.49
13/10/2017,0,0,1.8(0.00 %),0,0,0,0,13206995,0.49
16/10/2017,0,0,1.8(0.00 %),0,0,0,0,13206995,0.49
17/10/2017,0,0,1.8(0.00 %),0,0,0,0,13206995,0.49
18/10/2017,0,0,1.8(0.00 %),0,0,0,0,13206995,0.49
19/10/2017,0,0,1.8(0.00 %),0,0,0,0,13206995,0.49
20/10/2017,0,0,1.8(0.00 %),0,0,0,0,13206995,0.49
23/10/2017,0,0,1.8(0.00 %),0,0,0,0,13206995,0.49
24/10/2017,0,0,1.8(0.00 %),0,0,0,0,13206995,0.49
25/10/2017,0,0,1.8(0.00 %),0,0,0,0,13206995,0.49
26/10/2017,0,0,1.8(0.00 %),0,0,0,0,13206995,0.49
27/10/2017,0,0,1.9(5.56 %),0,0,0,0,13206995,0.49
30/10/2017,0,0,1.9(0.00 %),0,0,0,0,13206995,0.49
31/10/2017,0,0,1.9(0.00 %),0,0,0,0,13206995,0.49
01/11/2017,0,0,1.9(0.00 %),0,0,0,0,13206995,0.49
02/11/2017,0,0,1.9(0.00 %),0,0,0,0,13206995,0.49
03/11/2017,0,0,1.8(-5.26 %),0,0,0,0,13206995,0.49
06/11/2017,0,0,1.8(0.00 %),0,0,0,0,13206995,0.49
07/11/2017,0,0,1.8(0.00 %),0,0,0,0,13206995,0.49
08/11/2017,0,0,1.8(0.00 %),0,0,0,0,13206995,0.49
09/11/2017,0,0,1.8(0.00 %),0,0,0,0,13206995,0.49
10/11/2017,0,0,1.6(-11.11 %),0,0,0,0,13206995,0.49
13/11/2017,0,0,1.9(0.00 %),0,0,0,0,13206995,0.49
14/11/2017,0,0,1.9(0.00 %),0,0,0,0,13206995,0.49
15/11/2017,0,0,1.9(0.00 %),0,0,0,0,13206995,0.49
16/11/2017,0,0,1.9(0.00 %),0,0,0,0,13206995,0.49
17/11/2017,0,0,1.8(-5.26 %),0,0,0,0,13206995,0.49
20/11/2017,0,0,1.8(0.00 %),0,0,0,0,13206995,0.49
21/11/2017,0,0,1.8(0.00 %),0,0,0,0,13206995,0.49
22/11/2017,0,0,1.8(0.00 %),0,0,0,0,13206995,0.49
23/11/2017,0,0,1.8(0.00 %),0,0,0,0,13206995,0.49
24/11/2017,0,0,1.8(0.00 %),0,0,0,0,13206995,0.49
27/11/2017,0,0,1.8(0.00 %),0,0,0,0,13206995,0.49
28/11/2017,0,0,1.8(0.00 %),0,0,0,0,13206995,0.49
29/11/2017,0,0,1.8(0.00 %),0,0,0,0,13206995,0.49
30/11/2017,0,0,1.8(0.00 %),0,0,0,0,13206995,0.49
01/12/2017,0,0,1.6(-11.11 %),0,0,0,0,13206995,0.49
04/12/2017,0,0,1.6(0.00 %),0,0,0,0,13206995,0.49
05/12/2017,0,0,1.6(0.00 %),0,0,0,0,13206995,0.49
06/12/2017,0,0,1.6(0.00 %),0,0,0,0,13206995,0.49
07/12/2017,0,0,1.6(0.00 %),0,0,0,0,13206995,0.49
08/12/2017,0,0,1.6(0.00 %),0,0,0,0,13206995,0.49
11/12/2017,0,0,1.7(0.00 %),0,0,0,0,13206995,0.49
12/12/2017,0,0,1.7(0.00 %),0,0,0,0,13206995,0.49
13/12/2017,0,0,1.7(0.00 %),0,0,0,0,13206995,0.49
14/12/2017,0,0,1.7(0.00 %),0,0,0,0,13206995,0.49
15/12/2017,0,0,1.7(0.00 %),0,0,0,0,13206995,0.49
18/12/2017,0,0,1.6(0.00 %),0,0,0,0,13206995,0.49
19/12/2017,0,0,1.6(0.00 %),0,0,0,0,13206995,0.49
20/12/2017,0,0,1.6(0.00 %),0,0,0,0,13206995,0.49
21/12/2017,0,0,1.6(0.00 %),0,0,0,0,13206995,0.49
22/12/2017,0,0,1.8(12.50 %),0,0,0,0,13206995,0.49
25/12/2017,0,0,1.5(0.00 %),0,0,0,0,13206995,0.49
26/12/2017,0,0,1.5(0.00 %),0,0,0,0,13206995,0.49
27/12/2017,0,0,1.5(0.00 %),0,0,0,0,13206995,0.49
28/12/2017,0,0,1.5(0.00 %),0,0,0,0,13206995,0.49
29/12/2017,-10,-13000,1.5(0.00 %),0,0,10,13000,13206995,0.49
02/01/2018,0,0,1.5(0.00 %),0,0,0,0,13206995,0.49
03/01/2018,0,0,1.5(0.00 %),0,0,0,0,13206995,0.49
04/01/2018,0,0,1.5(0.00 %),0,0,0,0,13207005,0.49
05/01/2018,0,0,1.3(-13.33 %),0,0,0,0,13207005,0.49
08/01/2018,0,0,1.3(0.00 %),0,0,0,0,13207005,0.49
09/01/2018,0,0,1.3(0.00 %),0,0,0,0,13207005,0.49
10/01/2018,0,0,1.3(0.00 %),0,0,0,0,13207005,0.49
11/01/2018,0,0,1.3(0.00 %),0,0,0,0,13207005,0.49
15/01/2018,0,0,1.2(0.00 %),0,0,0,0,13207005,0.49
16/01/2018,0,0,1.2(0.00 %),0,0,0,0,13207005,0.49
17/01/2018,0,0,1.2(0.00 %),0,0,0,0,13207005,0.49
18/01/2018,0,0,1.2(0.00 %),0,0,0,0,13207005,0.49
19/01/2018,0,0,1.1(-8.33 %),0,0,0,0,13207005,0.49
22/01/2018,0,0,1.1(0.00 %),0,0,0,0,13207005,0.49
23/01/2018,0,0,1.1(0.00 %),0,0,0,0,13207005,0.49
24/01/2018,0,0,1.1(0.00 %),0,0,0,0,13207005,0.49
25/01/2018,0,0,1.1(0.00 %),0,0,0,0,13207005,0.49
26/01/2018,0,0,1.2(9.09 %),0,0,0,0,13207005,0.49
29/01/2018,0,0,1(0.00 %),0,0,0,0,13207005,0.49
30/01/2018,0,0,1(0.00 %),0,0,0,0,13207005,0.49
31/01/2018,0,0,1(0.00 %),0,0,0,0,13207005,0.49
01/02/2018,0,0,1(0.00 %),0,0,0,0,13207005,0.49
02/02/2018,0,0,0.9(-10.00 %),0,0,0,0,13207005,0.49
05/02/2018,0,0,0.9(0.00 %),0,0,0,0,13207005,0.49
06/02/2018,0,0,0.9(0.00 %),0,0,0,0,13207005,0.49
07/02/2018,0,0,0.9(0.00 %),0,0,0,0,13207005,0.49
08/02/2018,0,0,0.9(0.00 %),0,0,0,0,13207005,0.49
09/02/2018,0,0,0.9(0.00 %),0,0,0,0,13207005,0.49
12/02/2018,0,0,0.9(0.00 %),0,0,0,0,13207005,0.49
13/02/2018,0,0,0.9(0.00 %),0,0,0,0,13207005,0.49
21/02/2018,0,0,0.9(0.00 %),0,0,0,0,13207005,0.49
22/02/2018,0,0,0.9(0.00 %),0,0,0,0,13207005,0.49
23/02/2018,0,0,0.8(-11.11 %),0,0,0,0,13207005,0.49
26/02/2018,0,0,0.8(0.00 %),0,0,0,0,13207005,0.49
27/02/2018,0,0,0.8(0.00 %),0,0,0,0,13207005,0.49
28/02/2018,0,0,0.8(0.00 %),0,0,0,0,13207005,0.49
01/03/2018,0,0,0.8(0.00 %),0,0,0,0,13207005,0.49
02/03/2018,0,0,0.7(-12.50 %),0,0,0,0,13207005,0.49
05/03/2018,0,0,0.7(0.00 %),0,0,0,0,13207005,0.49
06/03/2018,0,0,0.7(0.00 %),0,0,0,0,13207005,0.49
07/03/2018,0,0,0.7(0.00 %),0,0,0,0,13207005,0.49
08/03/2018,0,0,0.7(0.00 %),0,0,0,0,13207005,0.49
09/03/2018,0,0,0.7(0.00 %),0,0,0,0,13207005,0.49
12/03/2018,0,0,0.7(0.00 %),0,0,0,0,13207005,0.49
14/03/2018,0,0,0.7(0.00 %),0,0,0,0,13207005,0.49
15/03/2018,0,0,0.7(0.00 %),0,0,0,0,13207005,0.49
16/03/2018,0,0,0.7(0.00 %),0,0,0,0,13207005,0.49
19/03/2018,0,0,0.7(0.00 %),0,0,0,0,13207005,0.49
20/03/2018,0,0,0.7(0.00 %),0,0,0,0,13207005,0.49
21/03/2018,0,0,0.7(0.00 %),0,0,0,0,13207005,0.49
22/03/2018,0,0,0.7(0.00 %),0,0,0,0,13207005,0.49
23/03/2018,0,0,0.7(0.00 %),0,0,0,0,13207005,0.49
26/03/2018,0,0,0.7(0.00 %),0,0,0,0,13207005,0.49
27/03/2018,0,0,0.7(0.00 %),0,0,0,0,13207005,0.49
28/03/2018,0,0,0.7(0.00 %),0,0,0,0,13207005,0.49
29/03/2018,0,0,0.7(0.00 %),0,0,0,0,13207005,0.49
30/03/2018,0,0,0.7(0.00 %),0,0,0,0,13207005,0.49
02/04/2018,0,0,0.7(0.00 %),0,0,0,0,13207005,0.49
03/04/2018,0,0,0.7(0.00 %),0,0,0,0,13207005,0.49
04/04/2018,0,0,0.7(0.00 %),0,0,0,0,13207005,0.49
05/04/2018,0,0,0.7(0.00 %),0,0,0,0,13207005,0.49
06/04/2018,0,0,0.8(14.29 %),0,0,0,0,13207005,0.49
09/04/2018,0,0,0.8(0.00 %),0,0,0,0,13207005,0.49
10/04/2018,0,0,0.8(0.00 %),0,0,0,0,13207005,0.49
11/04/2018,0,0,0.8(0.00 %),0,0,0,0,13207005,0.49
12/04/2018,0,0,0.8(0.00 %),0,0,0,0,13207005,0.49
13/04/2018,0,0,0.8(0.00 %),0,0,0,0,13207005,0.49
16/04/2018,0,0,0.8(0.00 %),0,0,0,0,13207005,0.49
17/04/2018,0,0,0.8(0.00 %),0,0,0,0,13207005,0.49
18/04/2018,0,0,0.8(0.00 %),0,0,0,0,13207005,0.49
19/04/2018,0,0,0.8(0.00 %),0,0,0,0,13207005,0.49
20/04/2018,0,0,0.8(0.00 %),0,0,0,0,13207005,0.49
23/04/2018,0,0,0.8(0.00 %),0,0,0,0,13207005,0.49
24/04/2018,0,0,0.8(0.00 %),0,0,0,0,13207005,0.49
26/04/2018,0,0,0.8(0.00 %),0,0,0,0,13207005,0.49
27/04/2018,0,0,0.8(0.00 %),0,0,0,0,13207005,0.49
02/05/2018,0,0,0.8(0.00 %),0,0,0,0,13207005,0.49
03/05/2018,0,0,0.8(0.00 %),0,0,0,0,13207005,0.49
04/05/2018,0,0,0.8(0.00 %),0,0,0,0,13207005,0.49
08/05/2018,0,0,0.8(0.00 %),0,0,0,0,13207005,0.49
09/05/2018,0,0,0.8(0.00 %),0,0,0,0,13207005,0.49
10/05/2018,0,0,0.8(0.00 %),0,0,0,0,13207005,0.49
11/05/2018,0,0,0.8(0.00 %),0,0,0,0,13207005,0.49
14/05/2018,0,0,0.8(0.00 %),0,0,0,0,13207005,0.49
15/05/2018,0,0,0.8(0.00 %),0,0,0,0,13207005,0.49
16/05/2018,0,0,0.8(0.00 %),0,0,0,0,13207005,0.49
17/05/2018,0,0,0.8(0.00 %),0,0,0,0,13207005,0.49
18/05/2018,0,0,0.8(0.00 %),0,0,0,0,13207005,0.49
21/05/2018,0,0,0.8(0.00 %),0,0,0,0,13207005,0.49
22/05/2018,0,0,0.8(0.00 %),0,0,0,0,13207005,0.49
23/05/2018,0,0,0.8(0.00 %),0,0,0,0,13207005,0.49
24/05/2018,0,0,0.8(0.00 %),0,0,0,0,13207005,0.49
25/05/2018,0,0,0.9(12.50 %),0,0,0,0,13207005,0.49
29/05/2018,0,0,0.9(0.00 %),0,0,0,0,13207005,0.49
30/05/2018,0,0,0.9(0.00 %),0,0,0,0,13207005,0.49
31/05/2018,0,0,0.9(0.00 %),0,0,0,0,13207005,0.49
01/06/2018,0,0,1(11.11 %),0,0,0,0,13207005,0.49
04/06/2018,0,0,1(0.00 %),0,0,0,0,13207005,0.49
05/06/2018,0,0,1(0.00 %),0,0,0,0,13207005,0.49
07/06/2018,0,0,1(0.00 %),0,0,0,0,13207005,0.49
08/06/2018,0,0,1.1(10.00 %),0,0,0,0,13207005,0.49
11/06/2018,0,0,1.1(0.00 %),0,0,0,0,13207005,0.49
13/06/2018,0,0,1.1(0.00 %),0,0,0,0,13207005,0.49
14/06/2018,0,0,1.1(0.00 %),0,0,0,0,13207005,0.49
15/06/2018,0,0,1.2(9.09 %),0,0,0,0,13207005,0.49
18/06/2018,0,0,1.2(0.00 %),0,0,0,0,13207005,0.49
19/06/2018,0,0,1.2(0.00 %),0,0,0,0,13207005,0.49
20/06/2018,0,0,1.2(0.00 %),0,0,0,0,13207005,0.49
21/06/2018,0,0,1.2(0.00 %),0,0,0,0,13207005,0.49
22/06/2018,0,0,1.2(0.00 %),0,0,0,0,13207005,0.49
25/06/2018,0,0,1.2(0.00 %),0,0,0,0,13207005,0.49
26/06/2018,0,0,1.2(0.00 %),0,0,0,0,13207005,0.49
27/06/2018,0,0,1.2(0.00 %),0,0,0,0,13207005,0.49
28/06/2018,0,0,1.2(0.00 %),0,0,0,0,13207005,0.49
29/06/2018,0,0,1.2(0.00 %),0,0,0,0,13207005,0.49
02/07/2018,0,0,1.2(0.00 %),0,0,0,0,13207005,0.49
03/07/2018,0,0,1.2(0.00 %),0,0,0,0,13207005,0.49
04/07/2018,0,0,1.2(0.00 %),0,0,0,0,13207005,0.49
05/07/2018,0,0,1.2(0.00 %),0,0,0,0,13207005,0.49
06/07/2018,0,0,1.2(0.00 %),0,0,0,0,13207005,0.49
09/07/2018,0,0,1.2(0.00 %),0,0,0,0,13207005,0.49
10/07/2018,0,0,1.2(0.00 %),0,0,0,0,13207005,0.49
11/07/2018,0,0,1.2(0.00 %),0,0,0,0,13207005,0.49
12/07/2018,0,0,1.2(0.00 %),0,0,0,0,13207005,0.49
13/07/2018,0,0,1.2(0.00 %),0,0,0,0,13207005,0.49
16/07/2018,0,0,1.2(0.00 %),0,0,0,0,13207005,0.49
17/07/2018,0,0,1.2(0.00 %),0,0,0,0,13207005,0.49
18/07/2018,0,0,1.2(0.00 %),0,0,0,0,13207005,0.49
19/07/2018,0,0,1.2(0.00 %),0,0,0,0,13207005,0.49
20/07/2018,0,0,1.2(0.00 %),0,0,0,0,13207005,0.49
23/07/2018,0,0,1.2(0.00 %),0,0,0,0,13207005,0.49
24/07/2018,0,0,1.2(0.00 %),0,0,0,0,13207005,0.49
25/07/2018,0,0,1.2(0.00 %),0,0,0,0,13207005,0.49
26/07/2018,0,0,1.2(0.00 %),0,0,0,0,13207005,0.49
27/07/2018,0,0,1.2(0.00 %),0,0,0,0,13207005,0.49
30/07/2018,0,0,1.2(0.00 %),0,0,0,0,13207005,0.49
31/07/2018,0,0,1.2(0.00 %),0,0,0,0,13207005,0.49
01/08/2018,0,0,1.2(0.00 %),0,0,0,0,13207005,0.49
02/08/2018,0,0,1.2(0.00 %),0,0,0,0,13207005,0.49
03/08/2018,0,0,1.2(0.00 %),0,0,0,0,13207005,0.49
06/08/2018,0,0,1.2(0.00 %),0,0,0,0,13207005,0.49
07/08/2018,0,0,1.2(0.00 %),0,0,0,0,13207005,0.49
08/08/2018,0,0,1.2(0.00 %),0,0,0,0,13207005,0.49
09/08/2018,0,0,1.2(0.00 %),0,0,0,0,13207005,0.49
10/08/2018,0,0,1.2(0.00 %),0,0,0,0,13207005,0.49
13/08/2018,0,0,1.2(0.00 %),0,0,0,0,13207005,0.49
14/08/2018,0,0,1.2(0.00 %),0,0,0,0,13207005,0.49
15/08/2018,0,0,1.2(0.00 %),0,0,0,0,13207005,0.49
16/08/2018,0,0,1.2(0.00 %),0,0,0,0,13207005,0.49
17/08/2018,0,0,1.2(0.00 %),0,0,0,0,13207005,0.49
20/08/2018,0,0,1.2(0.00 %),0,0,0,0,13207005,0.49
21/08/2018,0,0,1.2(0.00 %),0,0,0,0,13207005,0.49
22/08/2018,0,0,1.2(0.00 %),0,0,0,0,13207005,0.49
23/08/2018,0,0,1.2(0.00 %),0,0,0,0,13207005,0.49
24/08/2018,0,0,1.2(0.00 %),0,0,0,0,13207005,0.49
27/08/2018,0,0,1.2(0.00 %),0,0,0,0,13207005,0.49
28/08/2018,0,0,1.2(0.00 %),0,0,0,0,13207005,0.49
30/08/2018,0,0,1.2(0.00 %),0,0,0,0,13207005,0.49
31/08/2018,0,0,1.2(0.00 %),0,0,0,0,13207005,0.49
04/09/2018,0,0,1.2(0.00 %),0,0,0,0,13201895,0.51
05/09/2018,0,0,1.2(0.00 %),0,0,0,0,13201895,0.51
07/09/2018,0,0,1.2(0.00 %),0,0,0,0,13207005,0.49
12/09/2018,0,0,1.2(0.00 %),0,0,0,0,13207005,0.49
13/09/2018,0,0,1.2(0.00 %),0,0,0,0,0,0.0
14/09/2018,0,0,1.2(0.00 %),0,0,0,0,0,0.0
17/09/2018,0,0,1.2(0.00 %),0,0,0,0,0,0.0
18/09/2018,0,0,1.2(0.00 %),0,0,0,0,13207005,0.49
19/09/2018,0,0,1.2(0.00 %),0,0,0,0,13207005,0.49
20/09/2018,0,0,1.2(0.00 %),0,0,0,0,13207005,0.49
21/09/2018,0,0,1.2(0.00 %),0,0,0,0,13207005,0.49
24/09/2018,0,0,1.2(0.00 %),0,0,0,0,13207005,0.49
25/09/2018,0,0,1.2(0.00 %),0,0,0,0,13207005,0.49
26/09/2018,0,0,1.2(0.00 %),0,0,0,0,13207005,0.49
27/09/2018,0,0,1.2(0.00 %),0,0,0,0,13207005,0.49
28/09/2018,0,0,1.1(-8.33 %),0,0,0,0,13207005,0.49
01/10/2018,0,0,1.1(0.00 %),0,0,0,0,13207000,0.49
02/10/2018,0,0,1.1(0.00 %),0,0,0,0,13207000,0.49
03/10/2018,0,0,1.1(0.00 %),0,0,0,0,13207000,0.49
04/10/2018,0,0,1.1(0.00 %),0,0,0,0,13207000,0.49
05/10/2018,0,0,1.1(0.00 %),0,0,0,0,13207000,0.49
08/10/2018,0,0,1.1(0.00 %),0,0,0,0,13207000,0.49
09/10/2018,0,0,1.1(0.00 %),0,0,0,0,13207000,0.49
10/10/2018,0,0,1.1(0.00 %),0,0,0,0,13207000,0.49
11/10/2018,0,0,1.1(0.00 %),0,0,0,0,13207000,0.49
12/10/2018,0,0,1.2(9.09 %),0,0,0,0,13207000,0.49
15/10/2018,0,0,1.2(0.00 %),0,0,0,0,13207000,0.49
16/10/2018,0,0,1.2(0.00 %),0,0,0,0,13207000,0.49
17/10/2018,0,0,1.2(0.00 %),0,0,0,0,13207000,0.49
18/10/2018,0,0,1.2(0.00 %),0,0,0,0,13207000,0.49
19/10/2018,0,0,1.2(0.00 %),0,0,0,0,13207000,0.49
22/10/2018,0,0,1.2(0.00 %),0,0,0,0,13207000,0.49
23/10/2018,0,0,1.2(0.00 %),0,0,0,0,13207000,0.49
24/10/2018,0,0,1.2(0.00 %),0,0,0,0,13207000,0.49
25/10/2018,0,0,1.2(0.00 %),0,0,0,0,13207000,0.49
26/10/2018,0,0,1.1(-8.33 %),0,0,0,0,13207000,0.49
29/10/2018,0,0,1.1(0.00 %),0,0,0,0,13207000,0.49
30/10/2018,0,0,1.1(0.00 %),0,0,0,0,13207000,0.49
31/10/2018,0,0,1.1(0.00 %),0,0,0,0,13207000,0.49
01/11/2018,0,0,1.1(0.00 %),0,0,0,0,13207000,0.49
02/11/2018,0,0,1.1(0.00 %),0,0,0,0,13207000,0.49
05/11/2018,0,0,1.1(0.00 %),0,0,0,0,13207000,0.49
06/11/2018,0,0,1.1(0.00 %),0,0,0,0,13207000,0.49
07/11/2018,0,0,1.1(0.00 %),0,0,0,0,13207000,0.49
08/11/2018,0,0,1.1(0.00 %),0,0,0,0,13207000,0.49
09/11/2018,0,0,1.1(0.00 %),0,0,0,0,13207000,0.49
12/11/2018,0,0,1.1(0.00 %),0,0,0,0,13207000,0.49
13/11/2018,0,0,1.1(0.00 %),0,0,0,0,13207000,0.49
14/11/2018,0,0,1.1(0.00 %),0,0,0,0,13207000,0.49
15/11/2018,0,0,1.1(0.00 %),0,0,0,0,13207000,0.49
16/11/2018,0,0,1.1(0.00 %),0,0,0,0,13207000,0.49
19/11/2018,0,0,1.1(0.00 %),0,0,0,0,13207000,0.49
20/11/2018,0,0,1.1(0.00 %),0,0,0,0,13207000,0.49
21/11/2018,0,0,1.1(0.00 %),0,0,0,0,13207000,0.49
22/11/2018,0,0,1.1(0.00 %),0,0,0,0,13207000,0.49
23/11/2018,0,0,1.2(9.09 %),0,0,0,0,13207000,0.49
26/11/2018,0,0,1.2(0.00 %),0,0,0,0,13207000,0.49
27/11/2018,0,0,1.2(0.00 %),0,0,0,0,13207000,0.49
28/11/2018,0,0,1.2(0.00 %),0,0,0,0,13207000,0.49
29/11/2018,0,0,1.2(0.00 %),0,0,0,0,13207000,0.49
30/11/2018,0,0,1.2(0.00 %),0,0,0,0,13207000,0.49
03/12/2018,0,0,1.2(0.00 %),0,0,0,0,13207000,0.49
04/12/2018,0,0,1.2(0.00 %),0,0,0,0,13207000,0.49
05/12/2018,0,0,1.2(0.00 %),0,0,0,0,13207000,0.49
06/12/2018,0,0,1.2(0.00 %),0,0,0,0,13207000,0.49
07/12/2018,0,0,1.2(0.00 %),0,0,0,0,13207000,0.49
10/12/2018,0,0,1.2(0.00 %),0,0,0,0,13207000,0.49
11/12/2018,0,0,1.2(0.00 %),0,0,0,0,13207000,0.49
12/12/2018,0,0,1.2(0.00 %),0,0,0,0,13207000,0.49
13/12/2018,0,0,1.2(0.00 %),0,0,0,0,13207000,0.49
14/12/2018,-750,-825000,1.1(-8.33 %),0,0,750,825000,13207000,0.49
17/12/2018,0,0,1.1(0.00 %),0,0,0,0,13207000,0.49
18/12/2018,0,0,1.1(0.00 %),0,0,0,0,13207000,0.49
19/12/2018,0,0,1.1(0.00 %),0,0,0,0,13207750,0.48
20/12/2018,0,0,1.1(0.00 %),0,0,0,0,13207750,0.48
21/12/2018,0,0,1.1(0.00 %),0,0,0,0,13207750,0.48
24/12/2018,0,0,1.1(0.00 %),0,0,0,0,13207750,0.48
25/12/2018,0,0,1.1(0.00 %),0,0,0,0,13207750,0.48
26/12/2018,0,0,1.1(0.00 %),0,0,0,0,13207750,0.48
27/12/2018,0,0,1.1(0.00 %),0,0,0,0,13207750,0.48
28/12/2018,0,0,1.1(0.00 %),0,0,0,0,13207750,0.48
02/01/2019,0,0,1.1(0.00 %),0,0,0,0,13207750,0.48
03/01/2019,0,0,1.1(0.00 %),0,0,0,0,13207750,0.48
04/01/2019,0,0,1.1(0.00 %),0,0,0,0,13207750,0.48
07/01/2019,0,0,1.1(0.00 %),0,0,0,0,13207750,0.48
08/01/2019,0,0,1.1(0.00 %),0,0,0,0,13207750,0.48
09/01/2019,0,0,1.1(0.00 %),0,0,0,0,13207750,0.48
10/01/2019,0,0,1.1(0.00 %),0,0,0,0,13207750,0.48
11/01/2019,0,0,1.1(0.00 %),0,0,0,0,13207750,0.48
14/01/2019,0,0,1.1(0.00 %),0,0,0,0,13207750,0.0
15/01/2019,0,0,1.1(0.00 %),0,0,0,0,13207750,0.0
16/01/2019,0,0,1.1(0.00 %),0,0,0,0,13207750,0.0
17/01/2019,0,0,1.1(0.00 %),0,0,0,0,13207750,0.0
18/01/2019,0,0,1.1(0.00 %),0,0,0,0,13207750,0.0
21/01/2019,0,0,1.1(0.00 %),0,0,0,0,13207750,0.0
22/01/2019,0,0,1.1(0.00 %),0,0,0,0,13207750,0.0
24/01/2019,0,0,1.1(0.00 %),0,0,0,0,13207750,0.0
25/01/2019,0,0,1.1(0.00 %),0,0,0,0,13207750,0.0
28/01/2019,0,0,1.1(0.00 %),0,0,0,0,13207750,0.0
29/01/2019,0,0,1.1(0.00 %),0,0,0,0,13207750,0.0
30/01/2019,0,0,1.1(0.00 %),0,0,0,0,13207750,0.0
31/01/2019,0,0,1.1(0.00 %),0,0,0,0,13207750,0.0
01/02/2019,0,0,1.1(0.00 %),0,0,0,0,13207750,0.0
11/02/2019,0,0,1.1(0.00 %),0,0,0,0,13207750,0.0
12/02/2019,0,0,1.1(0.00 %),0,0,0,0,13207750,0.0
13/02/2019,0,0,1.1(0.00 %),0,0,0,0,13207750,0.0
14/02/2019,0,0,1.1(0.00 %),0,0,0,0,13207750,0.0
15/02/2019,0,0,1(-9.09 %),0,0,0,0,13207750,0.0
18/02/2019,0,0,1(0.00 %),0,0,0,0,13207750,0.0
19/02/2019,0,0,1(0.00 %),0,0,0,0,13207750,0.0
20/02/2019,0,0,1(0.00 %),0,0,0,0,13207750,0.0
21/02/2019,0,0,1(0.00 %),0,0,0,0,13207750,0.0
22/02/2019,0,0,1.1(10.00 %),0,0,0,0,13207750,0.0
25/02/2019,0,0,1(0.00 %),0,0,0,0,13207750,0.0
26/02/2019,0,0,1(0.00 %),0,0,0,0,13207750,0.0
27/02/2019,0,0,1(0.00 %),0,0,0,0,13207750,0.0
28/02/2019,0,0,1(0.00 %),0,0,0,0,13207750,0.48
01/03/2019,0,0,1(0.00 %),0,0,0,0,13207750,0.0
04/03/2019,0,0,1(0.00 %),0,0,0,0,13207750,0.0
05/03/2019,0,0,1(0.00 %),0,0,0,0,13207750,0.0
06/03/2019,0,0,1(0.00 %),0,0,0,0,13207750,0.0
07/03/2019,0,0,1(0.00 %),0,0,0,0,13207750,0.0
08/03/2019,0,0,1(0.00 %),0,0,0,0,13207750,0.0
11/03/2019,0,0,1(0.00 %),0,0,0,0,13207750,0.0
12/03/2019,0,0,1(0.00 %),0,0,0,0,13207750,0.0
13/03/2019,0,0,1(0.00 %),0,0,0,0,13207750,0.0
14/03/2019,0,0,1(0.00 %),0,0,0,0,13207750,0.0
15/03/2019,0,0,0.9(-10.00 %),0,0,0,0,13207750,0.0
18/03/2019,0,0,0.9(0.00 %),0,0,0,0,13207750,0.0
19/03/2019,0,0,0.9(0.00 %),0,0,0,0,13207750,0.0
20/03/2019,0,0,0.9(0.00 %),0,0,0,0,13207750,0.0
21/03/2019,0,0,0.9(0.00 %),0,0,0,0,13207750,0.0
22/03/2019,0,0,0.8(-11.11 %),0,0,0,0,13207750,0.0
25/03/2019,0,0,0.8(0.00 %),0,0,0,0,13207750,0.0
26/03/2019,0,0,0.8(0.00 %),0,0,0,0,13207750,0.0
27/03/2019,0,0,0.8(0.00 %),0,0,0,0,13207750,0.0
28/03/2019,0,0,0.8(0.00 %),0,0,0,0,13207750,0.0
29/03/2019,0,0,0.7(-12.50 %),0,0,0,0,13207750,0.0
01/04/2019,0,0,0.7(0.00 %),0,0,0,0,13207750,0.0
02/04/2019,0,0,0.7(0.00 %),0,0,0,0,13207750,0.0
03/04/2019,0,0,0.7(0.00 %),0,0,0,0,13207750,0.0
04/04/2019,0,0,0.7(0.00 %),0,0,0,0,13207750,0.0
05/04/2019,0,0,0.6(-14.29 %),0,0,0,0,13207750,0.0
08/04/2019,0,0,0.7(0.00 %),0,0,0,0,13207750,0.0
09/04/2019,0,0,0.7(0.00 %),0,0,0,0,13207750,0.0
10/04/2019,0,0,0.7(0.00 %),0,0,0,0,13207750,0.0
11/04/2019,0,0,0.7(0.00 %),0,0,0,0,13207750,0.0
12/04/2019,0,0,0.7(0.00 %),0,0,0,0,13207750,0.0
16/04/2019,0,0,0.7(0.00 %),0,0,0,0,13207750,0.0
17/04/2019,0,0,0.7(0.00 %),0,0,0,0,13207750,0.0
18/04/2019,0,0,0.7(0.00 %),0,0,0,0,13207750,0.0
19/04/2019,0,0,0.7(0.00 %),0,0,0,0,13207750,0.0
22/04/2019,0,0,0.7(0.00 %),0,0,0,0,13207750,0.0
23/04/2019,0,0,0.7(0.00 %),0,0,0,0,13207750,0.0
24/04/2019,0,0,0.7(0.00 %),0,0,0,0,13207750,0.0
25/04/2019,0,0,0.7(0.00 %),0,0,0,0,13207750,0.0
26/04/2019,0,0,0.7(0.00 %),0,0,0,0,13207750,0.0
02/05/2019,0,0,0.7(0.00 %),0,0,0,0,13207750,0.0
03/05/2019,0,0,0.6(-14.29 %),0,0,0,0,13207750,0.0
06/05/2019,0,0,0.6(0.00 %),0,0,0,0,13207750,0.0
07/05/2019,0,0,0.6(0.00 %),0,0,0,0,13207750,0.0
08/05/2019,0,0,0.6(0.00 %),0,0,0,0,13207750,0.0
09/05/2019,0,0,0.6(0.00 %),0,0,0,0,13207750,0.0
10/05/2019,0,0,0.6(0.00 %),0,0,0,0,13207750,0.0
13/05/2019,0,0,0.6(0.00 %),0,0,0,0,13207750,0.0
14/05/2019,0,0,0.6(0.00 %),0,0,0,0,13207750,0.0
15/05/2019,0,0,0.6(0.00 %),0,0,0,0,13207750,0.0
16/05/2019,0,0,0.6(0.00 %),0,0,0,0,13207750,0.0
17/05/2019,0,0,0.5(-16.67 %),0,0,0,0,13207750,0.0
20/05/2019,0,0,0.5(0.00 %),0,0,0,0,13207750,0.0
21/05/2019,0,0,0.5(0.00 %),0,0,0,0,13207750,0.0
22/05/2019,0,0,0.5(0.00 %),0,0,0,0,13207750,0.0
23/05/2019,0,0,0.5(0.00 %),0,0,0,0,13207750,0.0
24/05/2019,0,0,0.6(20.00 %),0,0,0,0,13207750,0.0
27/05/2019,0,0,0.5(0.00 %),0,0,0,0,13207750,0.0
28/05/2019,0,0,0.5(0.00 %),0,0,0,0,13207750,0.0
29/05/2019,0,0,0.5(0.00 %),0,0,0,0,13207750,0.0
30/05/2019,0,0,0.5(0.00 %),0,0,0,0,13207750,0.0
31/05/2019,0,0,0.6(20.00 %),0,0,0,0,13207750,0.0
03/06/2019,0,0,0.6(0.00 %),0,0,0,0,13207750,0.0
04/06/2019,0,0,0.6(0.00 %),0,0,0,0,13207750,0.0
05/06/2019,0,0,0.6(0.00 %),0,0,0,0,13207750,0.0
06/06/2019,0,0,0.6(0.00 %),0,0,0,0,13207750,0.0
07/06/2019,0,0,0.7(16.67 %),0,0,0,0,13207750,0.0
10/06/2019,0,0,0.7(0.00 %),0,0,0,0,13207750,0.0
11/06/2019,0,0,0.7(0.00 %),0,0,0,0,13207750,0.0
12/06/2019,0,0,0.7(0.00 %),0,0,0,0,13207750,0.0
13/06/2019,0,0,0.7(0.00 %),0,0,0,0,13207750,0.0
14/06/2019,0,0,0.8(14.29 %),0,0,0,0,13207750,0.0
17/06/2019,0,0,0.8(0.00 %),0,0,0,0,13207750,0.0
18/06/2019,0,0,0.8(0.00 %),0,0,0,0,13207750,0.0
19/06/2019,0,0,0.8(0.00 %),0,0,0,0,13207750,0.0
20/06/2019,0,0,0.8(0.00 %),0,0,0,0,13207750,0.0
21/06/2019,0,0,0.8(0.00 %),0,0,0,0,13207750,0.0
24/06/2019,0,0,0.8(0.00 %),0,0,0,0,13207750,0.0
25/06/2019,0,0,0.8(0.00 %),0,0,0,0,13207750,0.0
26/06/2019,0,0,0.8(0.00 %),0,0,0,0,13207750,0.0
27/06/2019,0,0,0.8(0.00 %),0,0,0,0,13207750,0.0
28/06/2019,0,0,0.7(-12.50 %),0,0,0,0,13207750,0.0
01/07/2019,0,0,0.7(0.00 %),0,0,0,0,13207750,0.0
02/07/2019,0,0,0.7(0.00 %),0,0,0,0,13207750,0.0
03/07/2019,0,0,0.7(0.00 %),0,0,0,0,13207750,0.0
04/07/2019,0,0,0.7(0.00 %),0,0,0,0,13207750,0.0
05/07/2019,0,0,0.8(14.29 %),0,0,0,0,13207750,0.48
08/07/2019,0,0,0.8(0.00 %),0,0,0,0,13207750,0.0
09/07/2019,0,0,0.8(0.00 %),0,0,0,0,13207750,0.0
10/07/2019,0,0,0.8(0.00 %),0,0,0,0,13207750,0.0
11/07/2019,0,0,0.8(0.00 %),0,0,0,0,13207750,0.0
12/07/2019,0,0,0.9(12.50 %),0,0,0,0,13207750,0.0
15/07/2019,0,0,0.7(0.00 %),0,0,0,0,13207750,0.0
16/07/2019,0,0,0.7(0.00 %),0,0,0,0,13207750,0.0
17/07/2019,0,0,0.7(0.00 %),0,0,0,0,13207750,0.0
18/07/2019,0,0,0.7(0.00 %),0,0,0,0,13207750,0.0
19/07/2019,-4500,-2700000,0.8(14.29 %),0,0,4500,2700000,13212250,0.0
22/07/2019,0,0,0.6(0.00 %),0,0,0,0,13212250,0.0
23/07/2019,0,0,0.6(0.00 %),0,0,0,0,13212250,0.0
24/07/2019,0,0,0.6(0.00 %),0,0,0,0,13212250,0.0
25/07/2019,0,0,0.6(0.00 %),0,0,0,0,13212250,0.0
26/07/2019,0,0,0.7(16.67 %),0,0,0,0,13212250,0.0
29/07/2019,0,0,0.7(0.00 %),0,0,0,0,13212250,0.0
30/07/2019,0,0,0.7(0.00 %),0,0,0,0,13212250,0.0
31/07/2019,0,0,0.7(0.00 %),0,0,0,0,13212250,0.0
01/08/2019,0,0,0.7(0.00 %),0,0,0,0,13212250,0.0
02/08/2019,0,0,0.7(0.00 %),0,0,0,0,13212250,0.0
05/08/2019,0,0,0.7(0.00 %),0,0,0,0,13212250,0.0
06/08/2019,0,0,0.7(0.00 %),0,0,0,0,13212250,0.0
07/08/2019,0,0,0.7(0.00 %),0,0,0,0,13212250,0.0
08/08/2019,0,0,0.7(0.00 %),0,0,0,0,13212250,0.0
09/08/2019,0,0,0.6(-14.29 %),0,0,0,0,13212250,0.0
12/08/2019,0,0,0.6(0.00 %),0,0,0,0,13212250,0.0
13/08/2019,0,0,0.6(0.00 %),0,0,0,0,13212250,0.0
14/08/2019,0,0,0.6(0.00 %),0,0,0,0,13212250,0.0
15/08/2019,0,0,0.6(0.00 %),0,0,0,0,13212250,0.0
16/08/2019,0,0,0.7(16.67 %),0,0,0,0,13212250,0.0
19/08/2019,0,0,0.7(0.00 %),0,0,0,0,13212250,0.0
20/08/2019,0,0,0.7(0.00 %),0,0,0,0,13212250,0.0
21/08/2019,0,0,0.7(0.00 %),0,0,0,0,13212250,0.0
22/08/2019,0,0,0.7(0.00 %),0,0,0,0,13212250,0.0
23/08/2019,0,0,0.7(0.00 %),0,0,0,0,13212250,0.0
26/08/2019,0,0,0.8(0.00 %),0,0,0,0,13212250,0.0
27/08/2019,0,0,0.8(0.00 %),0,0,0,0,13212250,0.0
28/08/2019,0,0,0.8(0.00 %),0,0,0,0,13212250,0.0
29/08/2019,0,0,0.8(0.00 %),0,0,0,0,13212250,0.0
30/08/2019,-900,-720000,0.8(0.00 %),0,0,900,720000,13213150,0.0
03/09/2019,0,0,0.8(0.00 %),0,0,0,0,13212250,0.0
04/09/2019,0,0,0.8(0.00 %),0,0,0,0,13212250,0.0
05/09/2019,0,0,0.8(0.00 %),0,0,0,0,13212250,0.0
06/09/2019,0,0,0.8(0.00 %),0,0,0,0,13212250,0.0
09/09/2019,0,0,0.8(0.00 %),0,0,0,0,13212250,0.0
10/09/2019,0,0,0.8(0.00 %),0,0,0,0,13212250,0.0
11/09/2019,0,0,0.8(0.00 %),0,0,0,0,13212250,0.0
12/09/2019,0,0,0.8(0.00 %),0,0,0,0,13212250,0.0
13/09/2019,-400,-320000,0.9(12.50 %),0,0,400,320000,13212650,0.0
16/09/2019,0,0,0.9(0.00 %),0,0,0,0,13212650,0.0
17/09/2019,0,0,0.9(0.00 %),0,0,0,0,13212650,0.0
18/09/2019,0,0,0.9(0.00 %),0,0,0,0,13212650,0.0
19/09/2019,0,0,0.9(0.00 %),0,0,0,0,13212650,0.0
20/09/2019,0,0,0.9(0.00 %),0,0,0,0,13212650,0.0
23/09/2019,0,0,0.9(0.00 %),0,0,0,0,13212650,0.0
24/09/2019,0,0,0.9(0.00 %),0,0,0,0,13212650,0.0
25/09/2019,0,0,0.9(0.00 %),0,0,0,0,13212650,0.0
26/09/2019,0,0,0.9(0.00 %),0,0,0,0,13212650,0.0
27/09/2019,0,0,1(11.11 %),0,0,0,0,13212650,0.0
30/09/2019,0,0,1(0.00 %),0,0,0,0,13212650,0.0
01/10/2019,0,0,1(0.00 %),0,0,0,0,13213550,0.0
02/10/2019,0,0,1(0.00 %),0,0,0,0,13213550,0.0
03/10/2019,0,0,1(0.00 %),0,0,0,0,13213550,0.0
04/10/2019,0,0,1.1(10.00 %),0,0,0,0,13213550,0.0
07/10/2019,0,0,1.1(0.00 %),0,0,0,0,13213550,0.0
08/10/2019,0,0,1.1(0.00 %),0,0,0,0,13213550,0.0
09/10/2019,0,0,1.1(0.00 %),0,0,0,0,13213550,0.0
10/10/2019,0,0,1.1(0.00 %),0,0,0,0,13213550,0.0
11/10/2019,0,0,1(-9.09 %),0,0,0,0,13213550,0.0
14/10/2019,0,0,1(0.00 %),0,0,0,0,13213550,0.0
15/10/2019,0,0,1(0.00 %),0,0,0,0,13213550,0.0
16/10/2019,0,0,1(0.00 %),0,0,0,0,13213550,0.0
17/10/2019,0,0,1(0.00 %),0,0,0,0,13213550,0.0
18/10/2019,0,0,1.1(10.00 %),0,0,0,0,13213550,0.0
21/10/2019,0,0,1.1(0.00 %),0,0,0,0,13213550,0.0
22/10/2019,0,0,1.1(0.00 %),0,0,0,0,13213550,0.0
23/10/2019,0,0,1.1(0.00 %),0,0,0,0,13213550,0.0
24/10/2019,0,0,1.1(0.00 %),0,0,0,0,13213550,0.0
25/10/2019,0,0,1.2(9.09 %),0,0,0,0,13213550,0.0
28/10/2019,0,0,1.1(0.00 %),0,0,0,0,13213550,0.0
29/10/2019,0,0,1.1(0.00 %),0,0,0,0,13213550,0.0
30/10/2019,0,0,1.1(0.00 %),0,0,0,0,13213550,0.0
31/10/2019,0,0,1.1(0.00 %),0,0,0,0,13213550,0.0
01/11/2019,0,0,1.1(0.00 %),0,0,0,0,13213550,0.0
04/11/2019,0,0,1.1(0.00 %),0,0,0,0,13213550,0.0
05/11/2019,0,0,1.1(0.00 %),0,0,0,0,13213550,0.0
06/11/2019,0,0,1.1(0.00 %),0,0,0,0,13213550,0.0
07/11/2019,0,0,1.1(0.00 %),0,0,0,0,13213550,0.0
08/11/2019,0,0,1(-9.09 %),0,0,0,0,13213550,0.0
11/11/2019,0,0,1(0.00 %),0,0,0,0,13213550,0.0
12/11/2019,0,0,1(0.00 %),0,0,0,0,13213550,0.0
13/11/2019,0,0,1(0.00 %),0,0,0,0,13213550,0.0
14/11/2019,0,0,1(0.00 %),0,0,0,0,13213550,0.0
15/11/2019,0,0,1(0.00 %),0,0,0,0,13213550,0.0
18/11/2019,0,0,1(0.00 %),0,0,0,0,13213550,0.0
19/11/2019,0,0,1(0.00 %),0,0,0,0,13213550,0.0
20/11/2019,0,0,1(0.00 %),0,0,0,0,13213550,0.0
21/11/2019,0,0,1(0.00 %),0,0,0,0,13213550,0.0
22/11/2019,0,0,1(0.00 %),0,0,0,0,13213550,0.0
25/11/2019,0,0,1.1(0.00 %),0,0,0,0,13213550,0.0
26/11/2019,0,0,1.1(0.00 %),0,0,0,0,13213550,0.0
27/11/2019,0,0,1.1(0.00 %),0,0,0,0,13213550,0.0
28/11/2019,0,0,1.1(0.00 %),0,0,0,0,13213550,0.0
29/11/2019,0,0,1.1(0.00 %),0,0,0,0,13213550,0.0
02/12/2019,0,0,1.1(0.00 %),0,0,0,0,13213550,0.0
03/12/2019,0,0,1.1(0.00 %),0,0,0,0,13213550,0.0
04/12/2019,0,0,1.1(0.00 %),0,0,0,0,13213550,0.0
05/12/2019,0,0,1.1(0.00 %),0,0,0,0,13213550,0.0
06/12/2019,0,0,1(-9.09 %),0,0,0,0,13213550,0.0
09/12/2019,0,0,1(0.00 %),0,0,0,0,13213550,0.0
10/12/2019,0,0,1(0.00 %),0,0,0,0,13213550,0.0
11/12/2019,0,0,1(0.00 %),0,0,0,0,13213550,0.0
12/12/2019,0,0,1(0.00 %),0,0,0,0,13213550,0.0
13/12/2019,0,0,0.9(-10.00 %),0,0,0,0,13213550,0.0
16/12/2019,0,0,0.9(0.00 %),0,0,0,0,13213550,0.0
17/12/2019,0,0,0.9(0.00 %),0,0,0,0,13213550,0.0
18/12/2019,0,0,0.9(0.00 %),0,0,0,0,13213550,0.0
19/12/2019,0,0,0.9(0.00 %),0,0,0,0,13213550,0.0
20/12/2019,0,0,0.9(0.00 %),0,0,0,0,13213550,0.0
23/12/2019,0,0,0.9(0.00 %),0,0,0,0,13213550,0.0
24/12/2019,0,0,0.9(0.00 %),0,0,0,0,13213550,0.0
25/12/2019,0,0,0.9(0.00 %),0,0,0,0,13213550,0.0
26/12/2019,0,0,0.9(0.00 %),0,0,0,0,13213550,0.0
27/12/2019,0,0,0.8(-11.11 %),0,0,0,0,13213550,0.0
30/12/2019,0,0,0.8(0.00 %),0,0,0,0,13213550,0.0
31/12/2019,0,0,0.8(0.00 %),0,0,0,0,13213550,0.0
02/01/2020,0,0,0.8(0.00 %),0,0,0,0,13213550,0.0
03/01/2020,0,0,0.8(0.00 %),0,0,0,0,13213550,0.0
06/01/2020,0,0,0.8(0.00 %),0,0,0,0,13213550,0.0
07/01/2020,0,0,0.8(0.00 %),0,0,0,0,13213550,0.0
08/01/2020,0,0,0.8(0.00 %),0,0,0,0,13213550,0.0
09/01/2020,0,0,0.8(0.00 %),0,0,0,0,13213550,0.0
10/01/2020,0,0,0.7(-12.50 %),0,0,0,0,13213550,0.0
13/01/2020,0,0,0.7(0.00 %),0,0,0,0,13213550,0.0
14/01/2020,0,0,0.7(0.00 %),0,0,0,0,13213550,0.0
15/01/2020,0,0,0.7(0.00 %),0,0,0,0,13213550,0.0
16/01/2020,0,0,0.7(0.00 %),0,0,0,0,13213550,0.46
17/01/2020,0,0,0.7(0.00 %),0,0,0,0,13213550,0.46
20/01/2020,0,0,0.7(0.00 %),0,0,0,0,13213550,0.46
21/01/2020,0,0,0.7(0.00 %),0,0,0,0,13213550,0.46
22/01/2020,0,0,0.7(0.00 %),0,0,0,0,13213550,0.0
30/01/2020,0,0,0.7(0.00 %),0,0,0,0,13213550,0.0
31/01/2020,-5900,-3540000,0.6(-14.29 %),0,0,5900,3540000,13219450,0.0
03/02/2020,0,0,0.6(0.00 %),0,0,0,0,13213550,0.0
04/02/2020,0,0,0.6(0.00 %),0,0,0,0,13213550,0.0
05/02/2020,0,0,0.6(0.00 %),0,0,0,0,13213550,0.02
06/02/2020,0,0,0.6(0.00 %),0,0,0,0,13213550,0.02
07/02/2020,0,0,0.7(16.67 %),0,0,0,0,13213550,0.02
10/02/2020,0,0,0.5(0.00 %),0,0,0,0,13213550,0.02
11/02/2020,0,0,0.5(0.00 %),0,0,0,0,13213550,0.02
12/02/2020,0,0,0.5(0.00 %),0,0,0,0,13213550,0.02
13/02/2020,0,0,0.5(0.00 %),0,0,0,0,13213550,0.02
14/02/2020,0,0,0.6(20.00 %),0,0,0,0,13213550,0.02
17/02/2020,0,0,0.5(0.00 %),0,0,0,0,13213550,0.02
18/02/2020,0,0,0.5(0.00 %),0,0,0,0,13213550,0.02
19/02/2020,0,0,0.5(0.00 %),0,0,0,0,13213550,0.02
20/02/2020,0,0,0.5(0.00 %),0,0,0,0,13213550,0.02
21/02/2020,-2900,-1450000,0.6(20.00 %),0,0,2900,1450000,13216450,0.01
24/02/2020,0,0,0.5(0.00 %),0,0,0,0,13216450,0.01
25/02/2020,0,0,0.5(0.00 %),0,0,0,0,13216450,0.01
26/02/2020,0,0,0.5(0.00 %),0,0,0,0,13216450,0.02
27/02/2020,0,0,0.5(0.00 %),0,0,0,0,13216450,0.02
28/02/2020,0,0,0.6(20.00 %),0,0,0,0,13216450,0.02
02/03/2020,0,0,0.6(0.00 %),0,0,0,0,13222350,0.0
03/03/2020,0,0,0.6(0.00 %),0,0,0,0,13222350,0.0
04/03/2020,0,0,0.6(0.00 %),0,0,0,0,13222350,0.0
05/03/2020,0,0,0.6(0.00 %),0,0,0,0,13222350,0.0
06/03/2020,0,0,0.7(16.67 %),0,0,0,0,13222350,0.0
09/03/2020,0,0,0.7(0.00 %),0,0,0,0,13222350,0.0
10/03/2020,0,0,0.7(0.00 %),0,0,0,0,13222350,0.0
11/03/2020,0,0,0.7(0.00 %),0,0,0,0,13222350,0.43
12/03/2020,0,0,0.7(0.00 %),0,0,0,0,13222350,0.43
13/03/2020,0,0,0.8(14.29 %),0,0,0,0,13222350,0.0
16/03/2020,0,0,0.8(0.00 %),0,0,0,0,13222350,0.0
17/03/2020,0,0,0.8(0.00 %),0,0,0,0,13222350,0.0
18/03/2020,0,0,0.8(0.00 %),0,0,0,0,13222350,0.0
19/03/2020,0,0,0.8(0.00 %),0,0,0,0,13222350,0.0
20/03/2020,0,0,0.9(12.50 %),0,0,0,0,13222350,0.0
23/03/2020,0,0,0.9(0.00 %),0,0,0,0,13222350,0.0
24/03/2020,0,0,0.9(0.00 %),0,0,0,0,13222350,0.0
25/03/2020,0,0,0.9(0.00 %),0,0,0,0,13222350,0.0
26/03/2020,0,0,0.9(0.00 %),0,0,0,0,13222350,0.0
27/03/2020,0,0,0.8(-11.11 %),0,0,0,0,13222350,0.0
30/03/2020,0,0,0.9(0.00 %),0,0,0,0,13222350,0.0
31/03/2020,0,0,0.9(0.00 %),0,0,0,0,13222350,0.43
01/04/2020,0,0,0.9(0.00 %),0,0,0,0,13222350,0.0
03/04/2020,0,0,1(11.11 %),0,0,0,0,13222350,0.0
06/04/2020,0,0,0.9(0.00 %),0,0,0,0,13222350,0.0
07/04/2020,0,0,0.9(0.00 %),0,0,0,0,13222350,0.0
08/04/2020,0,0,0.9(0.00 %),0,0,0,0,13222350,0.0
09/04/2020,0,0,0.9(0.00 %),0,0,0,0,13222350,0.0
10/04/2020,0,0,0.8(-11.11 %),0,0,0,0,13222350,0.43
13/04/2020,0,0,0.8(0.00 %),0,0,0,0,13222350,0.0
14/04/2020,0,0,0.8(0.00 %),0,0,0,0,13222350,0.0
15/04/2020,0,0,0.8(0.00 %),0,0,0,0,13222350,0.0
16/04/2020,0,0,0.8(0.00 %),0,0,0,0,13222350,0.0
17/04/2020,0,0,0.8(0.00 %),0,0,0,0,13222350,0.0
20/04/2020,0,0,0.7(0.00 %),0,0,0,0,13222350,0.0
21/04/2020,0,0,0.7(0.00 %),0,0,0,0,13222350,0.0
22/04/2020,0,0,0.7(0.00 %),0,0,0,0,13222350,0.0
23/04/2020,0,0,0.7(0.00 %),0,0,0,0,13222350,0.0
24/04/2020,0,0,0.8(14.29 %),0,0,0,0,13222350,0.0
27/04/2020,0,0,0.8(0.00 %),0,0,0,0,13222350,0.0
28/04/2020,0,0,0.8(0.00 %),0,0,0,0,13222350,0.0
29/04/2020,0,0,0.8(0.00 %),0,0,0,0,13222350,0.0
04/05/2020,0,0,0.8(0.00 %),0,0,0,0,13222350,0.0
05/05/2020,0,0,0.8(0.00 %),0,0,0,0,13222350,0.0
06/05/2020,0,0,0.8(0.00 %),0,0,0,0,13222350,0.43
07/05/2020,0,0,0.8(0.00 %),0,0,0,0,13222350,0.0
08/05/2020,0,0,0.9(12.50 %),0,0,0,0,13222350,0.0
11/05/2020,0,0,0.8(0.00 %),0,0,0,0,13222350,0.0
12/05/2020,0,0,0.8(0.00 %),0,0,0,0,13222350,0.0
13/05/2020,0,0,0.8(0.00 %),0,0,0,0,13222350,0.0
14/05/2020,0,0,0.8(0.00 %),0,0,0,0,13222350,0.0
15/05/2020,0,0,0.8(0.00 %),0,0,0,0,13222350,0.0
18/05/2020,0,0,0.7(0.00 %),0,0,0,0,13222350,0.0
19/05/2020,0,0,0.7(0.00 %),0,0,0,0,13222350,0.0
20/05/2020,0,0,0.7(0.00 %),0,0,0,0,13222350,0.0
21/05/2020,0,0,0.7(0.00 %),0,0,0,0,13222350,0.0
22/05/2020,0,0,0.7(0.00 %),0,0,0,0,13222350,0.0
25/05/2020,0,0,0.7(0.00 %),0,0,0,0,13222350,0.0
26/05/2020,0,0,0.7(0.00 %),0,0,0,0,13222350,0.0
27/05/2020,0,0,0.7(0.00 %),0,0,0,0,13222350,0.0
28/05/2020,0,0,0.7(0.00 %),0,0,0,0,13222350,0.0
29/05/2020,0,0,0.8(14.29 %),0,0,0,0,13222350,0.43
01/06/2020,0,0,0.7(0.00 %),0,0,0,0,13222350,0.0
02/06/2020,0,0,0.7(0.00 %),0,0,0,0,13222350,0.0
03/06/2020,0,0,0.7(0.00 %),0,0,0,0,13222350,0.0
04/06/2020,0,0,0.7(0.00 %),0,0,0,0,13222350,0.0
05/06/2020,0,0,0.8(14.29 %),0,0,0,0,13222350,0.0
08/06/2020,0,0,0.8(0.00 %),0,0,0,0,13222350,0.0
09/06/2020,0,0,0.8(0.00 %),0,0,0,0,13222350,0.0
10/06/2020,0,0,0.8(0.00 %),0,0,0,0,13222350,0.0
11/06/2020,0,0,0.8(0.00 %),0,0,0,0,13222350,0.0
12/06/2020,0,0,0.8(0.00 %),0,0,0,0,13222350,0.0
15/06/2020,0,0,0.7(0.00 %),0,0,0,0,13222350,0.0
16/06/2020,0,0,0.7(0.00 %),0,0,0,0,13222350,0.0
17/06/2020,0,0,0.7(0.00 %),0,0,0,0,13222350,0.0
18/06/2020,0,0,0.7(0.00 %),0,0,0,0,13222350,0.0
19/06/2020,0,0,0.7(0.00 %),0,0,0,0,13222350,0.0
22/06/2020,0,0,0.6(0.00 %),0,0,0,0,13222350,0.0
23/06/2020,0,0,0.6(0.00 %),0,0,0,0,13222350,0.0
24/06/2020,0,0,0.6(0.00 %),0,0,0,0,13222350,0.0
26/06/2020,500,350000,0.7(16.67 %),500,350000,0,0,13221850,0.0
29/06/2020,0,0,0.6(0.00 %),0,0,0,0,13221850,0.0
30/06/2020,0,0,0.6(0.00 %),0,0,0,0,13221850,0.0
01/07/2020,0,0,0.6(0.00 %),0,0,0,0,13221850,0.0
02/07/2020,0,0,0.6(0.00 %),0,0,0,0,13221850,0.0
03/07/2020,0,0,0.6(0.00 %),0,0,0,0,13221850,0.0
06/07/2020,0,0,0.6(0.00 %),0,0,0,0,13221850,0.0
07/07/2020,0,0,0.6(0.00 %),0,0,0,0,13221850,0.0
08/07/2020,0,0,0.6(0.00 %),0,0,0,0,13221850,0.0
09/07/2020,0,0,0.6(0.00 %),0,0,0,0,13221850,0.0
10/07/2020,0,0,0.7(16.67 %),0,0,0,0,13221850,0.0
13/07/2020,0,0,0.6(0.00 %),0,0,0,0,13221850,0.0
14/07/2020,0,0,0.6(0.00 %),0,0,0,0,13221850,0.0
15/07/2020,0,0,0.6(0.00 %),0,0,0,0,13221850,0.0
16/07/2020,0,0,0.6(0.00 %),0,0,0,0,13221850,0.0
17/07/2020,0,0,0.6(0.00 %),0,0,0,0,13221850,0.0
20/07/2020,0,0,0.6(0.00 %),0,0,0,0,13221850,0.0
21/07/2020,0,0,0.6(0.00 %),0,0,0,0,13221850,0.0
22/07/2020,0,0,0.6(0.00 %),0,0,0,0,13221850,0.0
23/07/2020,0,0,0.6(0.00 %),0,0,0,0,13221850,0.0
24/07/2020,0,0,0.7(16.67 %),0,0,0,0,13221850,0.0
27/07/2020,0,0,0.7(0.00 %),0,0,0,0,13221850,0.0
28/07/2020,0,0,0.7(0.00 %),0,0,0,0,13221850,0.0
29/07/2020,0,0,0.7(0.00 %),0,0,0,0,13221850,0.0
30/07/2020,0,0,0.7(0.00 %),0,0,0,0,13221850,0.0
31/07/2020,0,0,0.8(14.29 %),0,0,0,0,13221850,0.0
03/08/2020,0,0,0.8(0.00 %),0,0,0,0,13221850,0.0
04/08/2020,0,0,0.8(0.00 %),0,0,0,0,13221850,0.0
05/08/2020,0,0,0.8(0.00 %),0,0,0,0,13221850,0.0
06/08/2020,0,0,0.8(0.00 %),0,0,0,0,13221850,0.0
07/08/2020,0,0,0.8(0.00 %),0,0,0,0,13221850,0.0
10/08/2020,0,0,0.7(0.00 %),0,0,0,0,13221850,0.0
11/08/2020,0,0,0.7(0.00 %),0,0,0,0,13221850,0.0
12/08/2020,0,0,0.7(0.00 %),0,0,0,0,13221850,0.0
13/08/2020,0,0,0.7(0.00 %),0,0,0,0,13221850,0.0
14/08/2020,0,0,0.8(14.29 %),0,0,0,0,13221850,0.0
17/08/2020,0,0,0.7(0.00 %),0,0,0,0,13221850,0.0
18/08/2020,0,0,0.7(0.00 %),0,0,0,0,13221850,0.0
19/08/2020,0,0,0.7(0.00 %),0,0,0,0,13221850,0.0
20/08/2020,0,0,0.7(0.00 %),0,0,0,0,13221850,0.0
21/08/2020,0,0,0.8(14.29 %),0,0,0,0,13221850,0.0
24/08/2020,0,0,0.8(0.00 %),0,0,0,0,13221850,0.0
25/08/2020,0,0,0.8(0.00 %),0,0,0,0,13221850,0.0
26/08/2020,0,0,0.8(0.00 %),0,0,0,0,13221850,0.0
27/08/2020,0,0,0.8(0.00 %),0,0,0,0,13221850,0.0
28/08/2020,0,0,0.9(12.50 %),0,0,0,0,13221850,0.0
31/08/2020,0,0,0.8(0.00 %),0,0,0,0,13221850,0.0
01/09/2020,0,0,0.8(0.00 %),0,0,0,0,13221850,0.0
03/09/2020,0,0,0.8(0.00 %),0,0,0,0,13221850,0.0
04/09/2020,0,0,0.7(-12.50 %),0,0,0,0,13221850,0.0
07/09/2020,0,0,0.7(0.00 %),0,0,0,0,13221850,0.0
08/09/2020,0,0,0.7(0.00 %),0,0,0,0,13221850,0.0
09/09/2020,0,0,0.7(0.00 %),0,0,0,0,13221850,0.43
10/09/2020,0,0,0.7(0.00 %),0,0,0,0,13221850,0.0
11/09/2020,0,0,0.6(-14.29 %),0,0,0,0,13221850,0.0
14/09/2020,0,0,0.6(0.00 %),0,0,0,0,13221850,0.0
15/09/2020,0,0,0.6(0.00 %),0,0,0,0,13221850,0.0
16/09/2020,0,0,0.6(0.00 %),0,0,0,0,13221850,0.0
17/09/2020,0,0,0.6(0.00 %),0,0,0,0,13221850,0.0
18/09/2020,0,0,0.7(16.67 %),0,0,0,0,13221850,0.0
21/09/2020,0,0,0.7(0.00 %),0,0,0,0,13221850,0.0
22/09/2020,0,0,0.7(0.00 %),0,0,0,0,13221850,0.0
23/09/2020,0,0,0.7(0.00 %),0,0,0,0,13221850,0.0
24/09/2020,0,0,0.7(0.00 %),0,0,0,0,13221850,0.0
25/09/2020,0,0,0.8(14.29 %),0,0,0,0,13221850,0.0
28/09/2020,0,0,0.8(0.00 %),0,0,0,0,13221850,0.0
29/09/2020,0,0,0.8(0.00 %),0,0,0,0,13221850,0.0
30/09/2020,0,0,0.8(0.00 %),0,0,0,0,13221850,0.0
01/10/2020,0,0,0.8(0.00 %),0,0,0,0,13221850,0.43
02/10/2020,0,0,0.9(12.50 %),0,0,0,0,13221850,0.0
05/10/2020,0,0,0.9(0.00 %),0,0,0,0,13221850,0.0
06/10/2020,0,0,0.9(0.00 %),0,0,0,0,13221850,0.0
07/10/2020,0,0,0.9(0.00 %),0,0,0,0,13221850,0.0
08/10/2020,0,0,0.9(0.00 %),0,0,0,0,13221850,0.0
09/10/2020,0,0,0.8(-11.11 %),0,0,0,0,13221850,0.0
12/10/2020,0,0,0.8(0.00 %),0,0,0,0,13221850,0.0
13/10/2020,0,0,0.8(0.00 %),0,0,0,0,13221850,0.0
14/10/2020,0,0,0.8(0.00 %),0,0,0,0,13221850,0.0
15/10/2020,0,0,0.8(0.00 %),0,0,0,0,13221850,0.0
16/10/2020,0,0,0.9(12.50 %),0,0,0,0,13221850,0.0
19/10/2020,0,0,0.9(0.00 %),0,0,0,0,13221850,0.0
20/10/2020,0,0,0.9(0.00 %),0,0,0,0,13221850,0.0
21/10/2020,0,0,0.9(0.00 %),0,0,0,0,13221850,0.0
22/10/2020,0,0,0.9(0.00 %),0,0,0,0,13221850,0.0
23/10/2020,0,0,0.8(-11.11 %),0,0,0,0,13221850,0.0
26/10/2020,0,0,0.8(0.00 %),0,0,0,0,13221850,0.0
27/10/2020,0,0,0.8(0.00 %),0,0,0,0,13221850,0.0
28/10/2020,0,0,0.8(0.00 %),0,0,0,0,13221850,0.0
29/10/2020,0,0,0.8(0.00 %),0,0,0,0,13221850,0.0
30/10/2020,0,0,0.8(0.00 %),0,0,0,0,13221850,0.0
02/11/2020,0,0,0.8(0.00 %),0,0,0,0,13221850,0.0
03/11/2020,0,0,0.8(0.00 %),0,0,0,0,13221850,0.0
04/11/2020,0,0,0.8(0.00 %),0,0,0,0,13221850,0.0
05/11/2020,0,0,0.8(0.00 %),0,0,0,0,13221850,0.0
06/11/2020,0,0,0.8(0.00 %),0,0,0,0,13221850,0.0
09/11/2020,0,0,0.8(0.00 %),0,0,0,0,13221850,0.0
10/11/2020,0,0,0.8(0.00 %),0,0,0,0,13221850,0.0
11/11/2020,0,0,0.8(0.00 %),0,0,0,0,13221850,0.0
12/11/2020,0,0,0.8(0.00 %),0,0,0,0,13221850,0.0
13/11/2020,0,0,0.7(-12.50 %),0,0,0,0,13221850,0.0
16/11/2020,0,0,0.7(0.00 %),0,0,0,0,13221850,0.0
17/11/2020,0,0,0.7(0.00 %),0,0,0,0,13221850,0.0
18/11/2020,0,0,0.7(0.00 %),0,0,0,0,13221850,0.0
19/11/2020,0,0,0.7(0.00 %),0,0,0,0,13221850,0.0
20/11/2020,0,0,0(0.00 %),0,0,0,0,13221850,0.0
25/11/2020,0,0,0.7(0.00 %),0,0,0,0,13221850,0.0
26/11/2020,0,0,0.7(0.00 %),0,0,0,0,13221850,0.0
27/11/2020,0,0,0.6(-14.29 %),0,0,0,0,13221850,0.43
30/11/2020,0,0,0.6(0.00 %),0,0,0,0,13221850,0.0
01/12/2020,0,0,0.6(0.00 %),0,0,0,0,13221850,0.0
02/12/2020,0,0,0.6(0.00 %),0,0,0,0,13221850,0.0
03/12/2020,0,0,0.6(0.00 %),0,0,0,0,13221850,0.0
04/12/2020,0,0,0.6(0.00 %),0,0,0,0,13221850,0.0
07/12/2020,0,0,0.7(0.00 %),0,0,0,0,13221850,0.0
08/12/2020,0,0,0.7(0.00 %),0,0,0,0,13221850,0.0
09/12/2020,0,0,0.7(0.00 %),0,0,0,0,13221850,0.0
10/12/2020,0,0,0.7(0.00 %),0,0,0,0,13221850,0.0
11/12/2020,0,0,0.8(14.29 %),0,0,0,0,13221850,0.0
14/12/2020,0,0,0.8(0.00 %),0,0,0,0,13221850,0.0
15/12/2020,0,0,0.8(0.00 %),0,0,0,0,13221850,0.0
17/12/2020,0,0,0.8(0.00 %),0,0,0,0,13221850,0.0
18/12/2020,0,0,0.9(12.50 %),0,0,0,0,13221850,0.0
21/12/2020,0,0,0.9(0.00 %),0,0,0,0,13221850,0.0
22/12/2020,0,0,0.9(0.00 %),0,0,0,0,13221850,0.0
23/12/2020,0,0,0.9(0.00 %),0,0,0,0,13221850,0.0
24/12/2020,0,0,0.9(0.00 %),0,0,0,0,13221850,0.0
25/12/2020,0,0,0.9(0.00 %),0,0,0,0,13221850,0.0
28/12/2020,0,0,0.9(0.00 %),0,0,0,0,13221850,0.0
29/12/2020,0,0,0.9(0.00 %),0,0,0,0,13221850,0.0
30/12/2020,0,0,0.9(0.00 %),0,0,0,0,13221850,0.43
31/12/2020,0,0,0.9(0.00 %),0,0,0,0,13221850,0.0
04/01/2021,0,0,0.9(0.00 %),0,0,0,0,13221850,0.0
05/01/2021,0,0,0.9(0.00 %),0,0,0,0,13221850,0.0
06/01/2021,0,0,0.9(0.00 %),0,0,0,0,13221850,0.0
07/01/2021,0,0,0.9(0.00 %),0,0,0,0,13221850,0.0
08/01/2021,0,0,0.9(0.00 %),0,0,0,0,13221850,0.0
11/01/2021,0,0,1(0.00 %),0,0,0,0,13221850,0.0
12/01/2021,0,0,1(0.00 %),0,0,0,0,13221850,0.0
13/01/2021,0,0,1(0.00 %),0,0,0,0,13221850,0.0
14/01/2021,0,0,1(0.00 %),0,0,0,0,13221850,0.0
15/01/2021,-2100,-2100000,1.1(10.00 %),0,0,2100,2100000,13223950,0.0
18/01/2021,0,0,1(0.00 %),0,0,0,0,13223950,0.0
19/01/2021,0,0,1(0.00 %),0,0,0,0,13223950,0.0
20/01/2021,0,0,1(0.00 %),0,0,0,0,13223950,0.0
21/01/2021,0,0,1(0.00 %),0,0,0,0,13223950,0.0
22/01/2021,0,0,1.1(10.00 %),0,0,0,0,13223950,0.0
25/01/2021,0,0,1.1(0.00 %),0,0,0,0,13223950,0.0
26/01/2021,0,0,1.1(0.00 %),0,0,0,0,13223950,0.0
27/01/2021,0,0,1.1(0.00 %),0,0,0,0,13223950,0.0
28/01/2021,0,0,1.1(0.00 %),0,0,0,0,13223950,0.0
29/01/2021,0,0,1.2(9.09 %),0,0,0,0,13223950,0.0
01/02/2021,0,0,1.1(0.00 %),0,0,0,0,13223950,0.0
02/02/2021,0,0,1.1(0.00 %),0,0,0,0,13223950,0.0
03/02/2021,0,0,1.1(0.00 %),0,0,0,0,13223950,0.0
04/02/2021,0,0,1.1(0.00 %),0,0,0,0,13223950,0.0
05/02/2021,0,0,1.1(0.00 %),0,0,0,0,13223950,0.0
17/02/2021,0,0,1.1(0.00 %),0,0,0,0,13223950,0.0
18/02/2021,0,0,1.1(0.00 %),0,0,0,0,13223950,0.0
19/02/2021,0,0,1.1(0.00 %),0,0,0,0,13223950,0.0
22/02/2021,0,0,1.1(0.00 %),0,0,0,0,13223950,0.0
23/02/2021,0,0,1.1(0.00 %),0,0,0,0,13223950,0.0
24/02/2021,0,0,1.1(0.00 %),0,0,0,0,13223950,0.0
25/02/2021,0,0,1.1(0.00 %),0,0,0,0,13223950,0.0
26/02/2021,0,0,1.2(9.09 %),0,0,0,0,13223950,0.0
01/03/2021,0,0,1(0.00 %),0,0,0,0,13223950,0.0
02/03/2021,0,0,1(0.00 %),0,0,0,0,13223950,0.0
03/03/2021,0,0,1(0.00 %),0,0,0,0,13223950,0.0
04/03/2021,0,0,1(0.00 %),0,0,0,0,13223950,0.0
05/03/2021,0,0,1(0.00 %),0,0,0,0,13223950,0.0
08/03/2021,0,0,0(0.00 %),0,0,0,0,13223950,0.0
09/03/2021,0,0,1(0.00 %),0,0,0,0,13223950,0.0
10/03/2021,0,0,1(0.00 %),0,0,0,0,13223950,0.0
11/03/2021,0,0,1(0.00 %),0,0,0,0,13223950,0.0
12/03/2021,0,0,1(0.00 %),0,0,0,0,13223950,0.0
15/03/2021,0,0,0.9(0.00 %),0,0,0,0,13223950,0.0
16/03/2021,0,0,0.9(0.00 %),0,0,0,0,13223950,0.0
17/03/2021,0,0,0.9(0.00 %),0,0,0,0,13223950,0.0
18/03/2021,0,0,0.9(0.00 %),0,0,0,0,13223950,0.0
19/03/2021,0,0,1(11.11 %),0,0,0,0,13223950,0.0
22/03/2021,0,0,1(0.00 %),0,0,0,0,13223950,0.0
23/03/2021,0,0,1(0.00 %),0,0,0,0,13223950,0.0
24/03/2021,0,0,1(0.00 %),0,0,0,0,13223950,0.0
25/03/2021,0,0,1(0.00 %),0,0,0,0,13223950,0.0
26/03/2021,0,0,1.1(10.00 %),0,0,0,0,13223950,0.0
29/03/2021,0,0,1.1(0.00 %),0,0,0,0,13223950,0.0
30/03/2021,0,0,1.1(0.00 %),0,0,0,0,13223950,0.0
31/03/2021,0,0,1.1(0.00 %),0,0,0,0,13223950,0.0
01/04/2021,0,0,1.1(0.00 %),0,0,0,0,13223950,0.0
02/04/2021,0,0,1.1(0.00 %),0,0,0,0,13223950,0.0
05/04/2021,0,0,1(0.00 %),0,0,0,0,13223950,0.0
06/04/2021,0,0,1(0.00 %),0,0,0,0,13223950,0.0
07/04/2021,0,0,1(0.00 %),0,0,0,0,13223950,0.0
08/04/2021,0,0,1(0.00 %),0,0,0,0,13223950,0.0
09/04/2021,0,0,0(0.00 %),0,0,0,0,13223950,0.0
12/04/2021,0,0,1.1(0.00 %),0,0,0,0,13223950,0.0
13/04/2021,0,0,1.1(0.00 %),0,0,0,0,13223950,0.0
14/04/2021,0,0,1.1(0.00 %),0,0,0,0,13223950,0.0
15/04/2021,0,0,1.1(0.00 %),0,0,0,0,13223950,0.42
16/04/2021,0,0,1.2(9.09 %),0,0,0,0,13223950,0.0
19/04/2021,0,0,1.2(0.00 %),0,0,0,0,13223950,0.0
20/04/2021,0,0,1.2(0.00 %),0,0,0,0,13223950,0.0
22/04/2021,0,0,1.2(0.00 %),0,0,0,0,13223950,0.0
23/04/2021,0,0,1.3(8.33 %),0,0,0,0,13223950,0.0
26/04/2021,0,0,1.3(0.00 %),0,0,0,0,13223950,0.0
27/04/2021,0,0,1.3(0.00 %),0,0,0,0,13223950,0.0
28/04/2021,0,0,1.3(0.00 %),0,0,0,0,13223950,0.0
29/04/2021,0,0,1.3(0.00 %),0,0,0,0,13223950,0.0
04/05/2021,0,0,1.3(0.00 %),0,0,0,0,13223950,0.0
05/05/2021,0,0,1.3(0.00 %),0,0,0,0,13223950,0.0
06/05/2021,0,0,1.3(0.00 %),0,0,0,0,13223950,0.0
07/05/2021,0,0,1.4(7.69 %),0,0,0,0,13223950,0.0
10/05/2021,0,0,1.4(0.00 %),0,0,0,0,13223950,0.0
11/05/2021,0,0,1.4(0.00 %),0,0,0,0,13223950,0.0
12/05/2021,0,0,1.4(0.00 %),0,0,0,0,13223950,0.0
13/05/2021,0,0,1.4(0.00 %),0,0,0,0,13223950,0.0
14/05/2021,0,0,1.6(14.29 %),0,0,0,0,13223950,0.0
17/05/2021,0,0,1.6(0.00 %),0,0,0,0,13223950,0.0
18/05/2021,0,0,1.6(0.00 %),0,0,0,0,13223950,0.0
19/05/2021,0,0,1.6(0.00 %),0,0,0,0,13223950,0.0
20/05/2021,0,0,1.6(0.00 %),0,0,0,0,13223950,0.0
21/05/2021,-5,-7500,1.8(12.50 %),0,0,5,7500,13223955,0.0
24/05/2021,0,0,1.8(0.00 %),0,0,0,0,13223955,0.0
25/05/2021,0,0,1.8(0.00 %),0,0,0,0,13223955,0.0
26/05/2021,0,0,1.8(0.00 %),0,0,0,0,13223955,0.0
27/05/2021,0,0,1.8(0.00 %),0,0,0,0,13223955,0.0
28/05/2021,-3,-6000,1.8(0.00 %),0,0,3,6000,13223958,0.0
31/05/2021,0,0,1.9(0.00 %),0,0,0,0,13223958,0.0
01/06/2021,0,0,1.9(0.00 %),0,0,0,0,13223955,0.0
02/06/2021,0,0,1.9(0.00 %),0,0,0,0,13223955,0.0
03/06/2021,0,0,1.9(0.00 %),0,0,0,0,13223955,0.0
04/06/2021,0,0,1.7(-10.53 %),0,0,0,0,13223955,0.0
07/06/2021,0,0,1.7(0.00 %),0,0,0,0,13223955,0.0
08/06/2021,0,0,1.7(0.00 %),0,0,0,0,13223955,0.0
09/06/2021,0,0,1.7(0.00 %),0,0,0,0,13223955,0.0
10/06/2021,0,0,1.7(0.00 %),0,0,0,0,13223955,0.0
11/06/2021,0,0,1.5(-11.76 %),0,0,0,0,13223955,0.0
14/06/2021,0,0,1.5(0.00 %),0,0,0,0,13223955,0.0
15/06/2021,0,0,1.5(0.00 %),0,0,0,0,13223955,0.0
16/06/2021,0,0,1.5(0.00 %),0,0,0,0,13223955,0.0
17/06/2021,0,0,1.5(0.00 %),0,0,0,0,13223955,0.0
18/06/2021,0,0,1.3(-13.33 %),0,0,0,0,13223955,0.0
22/06/2021,0,0,1.3(0.00 %),0,0,0,0,13223955,0.0
23/06/2021,0,0,1.3(0.00 %),0,0,0,0,13223955,0.0
24/06/2021,0,0,1.3(0.00 %),0,0,0,0,13223955,0.0
25/06/2021,0,0,1.2(-7.69 %),0,0,0,0,13223955,0.0
28/06/2021,0,0,1.2(0.00 %),0,0,0,0,13223955,0.0
29/06/2021,0,0,1.2(0.00 %),0,0,0,0,13223955,0.0
30/06/2021,0,0,1.2(0.00 %),0,0,0,0,13223955,0.0
01/07/2021,0,0,1.2(0.00 %),0,0,0,0,13223958,0.0
02/07/2021,0,0,1.2(0.00 %),0,0,0,0,13223958,0.0
05/07/2021,0,0,1.1(0.00 %),0,0,0,0,13223958,0.0
06/07/2021,0,0,1.1(0.00 %),0,0,0,0,13223958,0.0
07/07/2021,0,0,1.1(0.00 %),0,0,0,0,13223958,0.0
09/07/2021,0,0,1.1(0.00 %),0,0,0,0,13223958,0.0
12/07/2021,0,0,1.1(0.00 %),0,0,0,0,13223958,0.0
13/07/2021,0,0,1.1(0.00 %),0,0,0,0,13223958,0.0
14/07/2021,0,0,1.1(0.00 %),0,0,0,0,13223958,0.0
15/07/2021,0,0,1.1(0.00 %),0,0,0,0,13223958,0.0
16/07/2021,0,0,1.2(9.09 %),0,0,0,0,13223958,0.0
19/07/2021,0,0,1.1(0.00 %),0,0,0,0,13223958,0.0
20/07/2021,0,0,1.1(0.00 %),0,0,0,0,13223958,0.0
21/07/2021,0,0,1.1(0.00 %),0,0,0,0,13223958,0.0
22/07/2021,0,0,1.1(0.00 %),0,0,0,0,13223958,0.0
23/07/2021,0,0,1.2(9.09 %),0,0,0,0,13223958,0.0
26/07/2021,0,0,1.1(0.00 %),0,0,0,0,13223958,0.0
27/07/2021,0,0,1.1(0.00 %),0,0,0,0,13223958,0.0
28/07/2021,0,0,1.1(0.00 %),0,0,0,0,13223958,0.0
29/07/2021,0,0,1.1(0.00 %),0,0,0,0,13223958,0.0
30/07/2021,0,0,1.2(9.09 %),0,0,0,0,13223958,0.0
02/08/2021,0,0,1.2(0.00 %),0,0,0,0,13223958,0.0
03/08/2021,0,0,1.2(0.00 %),0,0,0,0,13223958,0.0
04/08/2021,0,0,1.2(0.00 %),0,0,0,0,13223958,0.0
05/08/2021,0,0,1.2(0.00 %),0,0,0,0,13223958,0.0
06/08/2021,0,0,1.3(8.33 %),0,0,0,0,13223958,0.0
09/08/2021,0,0,1.3(0.00 %),0,0,0,0,13223958,0.0
10/08/2021,0,0,1.3(0.00 %),0,0,0,0,13223958,0.0
11/08/2021,0,0,1.3(0.00 %),0,0,0,0,13223958,0.0
12/08/2021,0,0,1.3(0.00 %),0,0,0,0,13223958,0.0
13/08/2021,0,0,1.4(7.69 %),0,0,0,0,13223958,0.42
16/08/2021,0,0,1.4(0.00 %),0,0,0,0,13223958,0.0
17/08/2021,0,0,1.4(0.00 %),0,0,0,0,13223958,0.0
18/08/2021,0,0,1.4(0.00 %),0,0,0,0,13223958,0.0
19/08/2021,0,0,1.4(0.00 %),0,0,0,0,13223958,0.0
20/08/2021,0,0,1.5(7.14 %),0,0,0,0,13223958,0.0
23/08/2021,0,0,1.5(0.00 %),0,0,0,0,13223958,0.0
24/08/2021,0,0,1.5(0.00 %),0,0,0,0,13223958,0.0
25/08/2021,0,0,1.5(0.00 %),0,0,0,0,13223958,0.0
26/08/2021,0,0,1.5(0.00 %),0,0,0,0,13223958,0.0
27/08/2021,0,0,1.6(6.67 %),0,0,0,0,13223958,0.0
30/08/2021,0,0,1.6(0.00 %),0,0,0,0,13223958,0.0
31/08/2021,0,0,1.6(0.00 %),0,0,0,0,13223958,0.0
01/09/2021,0,0,1.6(0.00 %),0,0,0,0,13223958,0.0
06/09/2021,0,0,1.6(0.00 %),0,0,0,0,13223958,0.0
07/09/2021,0,0,1.6(0.00 %),0,0,0,0,13223958,0.0
08/09/2021,0,0,1.6(0.00 %),0,0,0,0,13223958,0.0
09/09/2021,0,0,1.6(0.00 %),0,0,0,0,13223958,0.0
10/09/2021,0,0,1.8(12.50 %),0,0,0,0,13223958,0.0
13/09/2021,0,0,1.7(0.00 %),0,0,0,0,13223958,0.0
14/09/2021,0,0,1.7(0.00 %),0,0,0,0,13223958,0.0
15/09/2021,0,0,1.7(0.00 %),0,0,0,0,13223958,0.42
16/09/2021,0,0,1.7(0.00 %),0,0,0,0,13223958,0.0
17/09/2021,0,0,1.9(11.76 %),0,0,0,0,13223958,0.0
20/09/2021,0,0,1.8(0.00 %),0,0,0,0,13223958,0.0
21/09/2021,0,0,1.8(0.00 %),0,0,0,0,13223958,0.0
22/09/2021,0,0,1.8(0.00 %),0,0,0,0,13223958,0.0
23/09/2021,0,0,1.8(0.00 %),0,0,0,0,13223958,0.0
24/09/2021,0,0,1.9(5.56 %),0,0,0,0,13223958,0.0
27/09/2021,0,0,2(0.00 %),0,0,0,0,13223958,0.0
28/09/2021,0,0,2(0.00 %),0,0,0,0,13223958,0.0
29/09/2021,0,0,2(0.00 %),0,0,0,0,13223958,0.0
30/09/2021,0,0,2(0.00 %),0,0,0,0,13223958,0.0
01/10/2021,0,0,2.2(10.00 %),0,0,0,0,13223958,0.0
04/10/2021,0,0,2.1(0.00 %),0,0,0,0,13223958,0.0
05/10/2021,0,0,2.1(0.00 %),0,0,0,0,13223958,0.0
06/10/2021,0,0,2.1(0.00 %),0,0,0,0,13223958,0.42
07/10/2021,0,0,2.1(0.00 %),0,0,0,0,13223958,0.42
08/10/2021,0,0,2.1(0.00 %),0,0,0,0,13223958,0.0
11/10/2021,0,0,2.1(0.00 %),0,0,0,0,13223958,0.0
12/10/2021,0,0,2.1(0.00 %),0,0,0,0,13223958,0.0
13/10/2021,0,0,2.1(0.00 %),0,0,0,0,13223958,0.0
14/10/2021,0,0,2.1(0.00 %),0,0,0,0,13223958,0.0
15/10/2021,0,0,2.4(14.29 %),0,0,0,0,13223958,0.0
18/10/2021,0,0,2.2(0.00 %),0,0,0,0,13223958,0.0
19/10/2021,0,0,2.2(0.00 %),0,0,0,0,13223958,0.0
20/10/2021,0,0,2.2(0.00 %),0,0,0,0,13223958,0.0
21/10/2021,0,0,2.2(0.00 %),0,0,0,0,13223958,0.0
22/10/2021,0,0,2.5(13.64 %),0,0,0,0,13223958,0.0
25/10/2021,0,0,2.5(0.00 %),0,0,0,0,13223958,0.0
26/10/2021,0,0,2.5(0.00 %),0,0,0,0,13223958,0.0
27/10/2021,0,0,2.5(0.00 %),0,0,0,0,13223958,0.0
28/10/2021,0,0,2.5(0.00 %),0,0,0,0,13223958,0.0
29/10/2021,0,0,2.8(12.00 %),0,0,0,0,13223958,0.0
01/11/2021,0,0,2.8(0.00 %),0,0,0,0,13223958,0.0
02/11/2021,0,0,2.8(0.00 %),0,0,0,0,13223958,0.0
03/11/2021,0,0,2.8(0.00 %),0,0,0,0,13223958,0.0
04/11/2021,0,0,2.8(0.00 %),0,0,0,0,13223958,0.0
05/11/2021,0,0,3.2(14.29 %),0,0,0,0,13223958,0.0
08/11/2021,0,0,3.2(0.00 %),0,0,0,0,13223958,0.0
09/11/2021,0,0,3.2(0.00 %),0,0,0,0,13223958,0.0
10/11/2021,0,0,3.2(0.00 %),0,0,0,0,13223958,0.0
11/11/2021,0,0,3.2(0.00 %),0,0,0,0,13223958,0.0
12/11/2021,0,0,3.6(12.50 %),0,0,0,0,13223958,0.0
15/11/2021,0,0,3.6(0.00 %),0,0,0,0,13223958,0.0
16/11/2021,0,0,3.6(0.00 %),0,0,0,0,13223958,0.0
17/11/2021,0,0,3.6(0.00 %),0,0,0,0,13223958,0.0
18/11/2021,0,0,3.6(0.00 %),0,0,0,0,13223958,0.0
19/11/2021,0,0,3.8(5.56 %),0,0,0,0,13223958,0.0
22/11/2021,0,0,4(0.00 %),0,0,0,0,13223958,0.0
23/11/2021,0,0,4(0.00 %),0,0,0,0,13223958,0.0
24/11/2021,0,0,4(0.00 %),0,0,0,0,13223958,0.0
25/11/2021,0,0,4(0.00 %),0,0,0,0,13223958,0.0
26/11/2021,0,0,3.4(-15.00 %),0,0,0,0,13223958,0.0
29/11/2021,0,0,3.4(0.00 %),0,0,0,0,13223958,0.0
30/11/2021,0,0,3.4(0.00 %),0,0,0,0,13223958,0.0
01/12/2021,0,0,3.4(0.00 %),0,0,0,0,13223958,0.0
02/12/2021,0,0,3.4(0.00 %),0,0,0,0,13223958,0.0
03/12/2021,500,1550000,3(-11.76 %),500,1550000,0,0,13223458,0.0
06/12/2021,0,0,3.1(0.00 %),0,0,0,0,13223458,0.0
07/12/2021,0,0,3.1(0.00 %),0,0,0,0,13223458,0.0
08/12/2021,0,0,3.1(0.00 %),0,0,0,0,13223458,0.0
09/12/2021,0,0,3.1(0.00 %),0,0,0,0,13223458,0.0
10/12/2021,0,0,3(-3.23 %),0,0,0,0,13223458,0.0
13/12/2021,0,0,2.8(0.00 %),0,0,0,0,13223458,0.0
14/12/2021,0,0,2.8(0.00 %),0,0,0,0,13223458,0.0
15/12/2021,0,0,2.8(0.00 %),0,0,0,0,13223458,0.0
16/12/2021,0,0,2.8(0.00 %),0,0,0,0,13223458,0.0
17/12/2021,0,0,2.9(3.57 %),0,0,0,0,13223458,0.0
20/12/2021,0,0,2.8(0.00 %),0,0,0,0,13223458,0.0
21/12/2021,0,0,2.8(0.00 %),0,0,0,0,13223458,0.0
22/12/2021,0,0,0(0.00 %),0,0,0,0,13223458,0.0
23/12/2021,0,0,2.8(0.00 %),0,0,0,0,13223458,0.43
24/12/2021,0,0,3.1(10.71 %),0,0,0,0,13223458,0.43
27/12/2021,0,0,3(0.00 %),0,0,0,0,13223458,0.43
28/12/2021,0,0,3(0.00 %),0,0,0,0,13223458,0.0
29/12/2021,0,0,3(0.00 %),0,0,0,0,13223458,0.43
30/12/2021,0,0,3(0.00 %),0,0,0,0,13223458,0.43
31/12/2021,0,0,3(0.00 %),0,0,0,0,13223458,0.43
04/01/2022,0,0,3(0.00 %),0,0,0,0,13223458,0.43
05/01/2022,0,0,3(0.00 %),0,0,0,0,13223458,0.43
06/01/2022,0,0,3(0.00 %),0,0,0,0,13223458,0.43
07/01/2022,0,0,3.4(13.33 %),0,0,0,0,13223458,0.43
10/01/2022,0,0,3.4(0.00 %),0,0,0,0,13223458,0.43
11/01/2022,0,0,3.4(0.00 %),0,0,0,0,13223458,0.43
12/01/2022,0,0,3.4(0.00 %),0,0,0,0,13223458,0.43
13/01/2022,0,0,3.4(0.00 %),0,0,0,0,13223458,0.43
14/01/2022,0,0,3(-11.76 %),0,0,0,0,13223458,0.43
17/01/2022,0,0,3.1(0.00 %),0,0,0,0,13223458,0.43
18/01/2022,0,0,3.1(0.00 %),0,0,0,0,13223458,0.43
19/01/2022,0,0,3.1(0.00 %),0,0,0,0,13223458,0.43
20/01/2022,0,0,3.1(0.00 %),0,0,0,0,13223458,0.43
21/01/2022,-500,-1450000,2.8(-9.68 %),0,0,500,1450000,13223458,0.43
24/01/2022,0,0,2.8(0.00 %),0,0,0,0,13223458,0.43
25/01/2022,0,0,2.8(0.00 %),0,0,0,0,13223958,0.42
26/01/2022,0,0,2.8(0.00 %),0,0,0,0,13223958,0.42
27/01/2022,0,0,2.8(0.00 %),0,0,0,0,13223958,0.42
28/01/2022,0,0,2.7(-3.57 %),0,0,0,0,13223958,0.42
07/02/2022,0,0,2.5(0.00 %),0,0,0,0,13223958,0.42
08/02/2022,0,0,2.5(0.00 %),0,0,0,0,13223958,0.42
09/02/2022,0,0,2.5(0.00 %),0,0,0,0,13223958,0.42
10/02/2022,0,0,2.5(0.00 %),0,0,0,0,13223958,0.42
11/02/2022,0,0,2.8(12.00 %),0,0,0,0,13223958,0.42
14/02/2022,0,0,2.7(0.00 %),0,0,0,0,13223958,0.42
15/02/2022,0,0,2.7(0.00 %),0,0,0,0,13223958,0.42
16/02/2022,0,0,2.7(0.00 %),0,0,0,0,13223958,0.42
17/02/2022,0,0,2.7(0.00 %),0,0,0,0,13223958,0.42
18/02/2022,0,0,3(11.11 %),0,0,0,0,13223958,0.42
21/02/2022,0,0,2.9(0.00 %),0,0,0,0,13223958,0.42
22/02/2022,0,0,2.9(0.00 %),0,0,0,0,13223958,0.42
23/02/2022,0,0,2.9(0.00 %),0,0,0,0,13223958,0.42
24/02/2022,0,0,2.9(0.00 %),0,0,0,0,13223958,0.42
25/02/2022,0,0,2.7(-6.90 %),0,0,0,0,13223958,0.42
28/02/2022,0,0,2.7(0.00 %),0,0,0,0,13223958,0.42
01/03/2022,0,0,2.7(0.00 %),0,0,0,0,13223958,0.42
02/03/2022,0,0,2.7(0.00 %),0,0,0,0,13223958,0.42
03/03/2022,0,0,2.7(0.00 %),0,0,0,0,13223958,0.42
04/03/2022,0,0,2.8(3.70 %),0,0,0,0,13223958,0.42
07/03/2022,0,0,2.7(0.00 %),0,0,0,0,13223958,0.42
08/03/2022,0,0,2.7(0.00 %),0,0,0,0,13223958,0.42
09/03/2022,0,0,2.7(0.00 %),0,0,0,0,13223958,0.42
10/03/2022,0,0,2.7(0.00 %),0,0,0,0,13223958,0.42
11/03/2022,0,0,2.6(-3.70 %),0,0,0,0,13223958,0.42
14/03/2022,0,0,2.6(0.00 %),0,0,0,0,13223958,0.42
15/03/2022,0,0,2.6(0.00 %),0,0,0,0,13223958,0.42
16/03/2022,0,0,2.6(0.00 %),0,0,0,0,13223958,0.42
17/03/2022,0,0,2.6(0.00 %),0,0,0,0,13223958,0.42
18/03/2022,0,0,2.5(-3.85 %),0,0,0,0,13223958,0.42
21/03/2022,0,0,2.6(0.00 %),0,0,0,0,13223958,0.42
22/03/2022,0,0,2.6(0.00 %),0,0,0,0,13223958,0.42
23/03/2022,0,0,2.6(0.00 %),0,0,0,0,13223958,0.42
24/03/2022,0,0,2.6(0.00 %),0,0,0,0,13223958,0.42
25/03/2022,0,0,2.8(7.69 %),0,0,0,0,13223958,0.42
28/03/2022,0,0,2.7(0.00 %),0,0,0,0,13223958,0.42
29/03/2022,0,0,2.7(0.00 %),0,0,0,0,13223958,0.42
30/03/2022,0,0,2.7(0.00 %),0,0,0,0,13223958,0.42
31/03/2022,0,0,2.7(0.00 %),0,0,0,0,13223958,0.42
01/04/2022,0,0,2.6(-3.70 %),0,0,0,0,13223958,0.42
04/04/2022,0,0,2.5(0.00 %),0,0,0,0,13223958,0.42
05/04/2022,0,0,2.5(0.00 %),0,0,0,0,13223958,0.42
06/04/2022,0,0,2.5(0.00 %),0,0,0,0,13223958,0.42
07/04/2022,0,0,2.5(0.00 %),0,0,0,0,13223958,0.42
08/04/2022,0,0,2.6(4.00 %),0,0,0,0,13223958,0.42
12/04/2022,0,0,2.5(0.00 %),0,0,0,0,13223958,0.0
13/04/2022,0,0,2.5(0.00 %),0,0,0,0,13223958,0.42
14/04/2022,0,0,2.5(0.00 %),0,0,0,0,13223958,0.42
15/04/2022,0,0,0(0.00 %),0,0,0,0,13223958,0.42
18/04/2022,0,0,2.4(0.00 %),0,0,0,0,13223958,0.42
19/04/2022,0,0,2.4(0.00 %),0,0,0,0,13223958,0.42
20/04/2022,0,0,2.4(0.00 %),0,0,0,0,13223958,0.42
21/04/2022,0,0,2.4(0.00 %),0,0,0,0,13223958,0.42
22/04/2022,0,0,2.1(-12.50 %),0,0,0,0,13223958,0.42
25/04/2022,0,0,2.1(0.00 %),0,0,0,0,13223958,0.42
26/04/2022,0,0,2.1(0.00 %),0,0,0,0,13223958,0.42
27/04/2022,0,0,2.1(0.00 %),0,0,0,0,13223958,0.42
28/04/2022,0,0,2.1(0.00 %),0,0,0,0,13223958,0.42
29/04/2022,0,0,2.2(4.76 %),0,0,0,0,13223958,0.42
04/05/2022,0,0,2.2(0.00 %),0,0,0,0,13223958,0.42
05/05/2022,0,0,2.2(0.00 %),0,0,0,0,13223958,0.42
06/05/2022,0,0,2.1(-4.55 %),0,0,0,0,13223958,0.42
09/05/2022,0,0,2.1(0.00 %),0,0,0,0,13223958,0.42
10/05/2022,0,0,2.1(0.00 %),0,0,0,0,13223958,0.42
11/05/2022,0,0,2.1(0.00 %),0,0,0,0,13223958,0.42
12/05/2022,0,0,2.1(0.00 %),0,0,0,0,13223958,0.42
13/05/2022,0,0,1.9(-9.52 %),0,0,0,0,13223958,0.42
16/05/2022,0,0,1.9(0.00 %),0,0,0,0,13223958,0.42
17/05/2022,0,0,1.9(0.00 %),0,0,0,0,13223958,0.42
18/05/2022,0,0,1.9(0.00 %),0,0,0,0,13223958,0.42
19/05/2022,0,0,1.9(0.00 %),0,0,0,0,13223958,0.42
20/05/2022,0,0,1.9(0.00 %),0,0,0,0,13223958,0.42
23/05/2022,0,0,1.9(0.00 %),0,0,0,0,13223958,0.42
24/05/2022,0,0,1.9(0.00 %),0,0,0,0,13223958,0.42
25/05/2022,0,0,1.9(0.00 %),0,0,0,0,13223958,0.42
26/05/2022,0,0,1.9(0.00 %),0,0,0,0,13223958,0.42
27/05/2022,0,0,2(5.26 %),0,0,0,0,13223958,0.42
30/05/2022,0,0,1.9(0.00 %),0,0,0,0,13223958,0.42
31/05/2022,0,0,1.9(0.00 %),0,0,0,0,13223958,0.42
01/06/2022,0,0,1.9(0.00 %),0,0,0,0,13223958,0.42
02/06/2022,0,0,1.9(0.00 %),0,0,0,0,13223958,0.42
03/06/2022,-225,-422500,1.8(-5.26 %),0,0,225,422500,13223958,0.42
06/06/2022,0,0,1.8(0.00 %),0,0,0,0,13223958,0.42
07/06/2022,0,0,1.8(0.00 %),0,0,0,0,13224183,0.42
08/06/2022,0,0,1.8(0.00 %),0,0,0,0,13224183,0.42
09/06/2022,0,0,1.8(0.00 %),0,0,0,0,13224183,0.42
10/06/2022,0,0,1.6(-11.11 %),0,0,0,0,13224183,0.42
13/06/2022,0,0,1.6(0.00 %),0,0,0,0,13224183,0.42
14/06/2022,0,0,1.6(0.00 %),0,0,0,0,13224183,0.42
15/06/2022,0,0,1.6(0.00 %),0,0,0,0,13224183,0.42
16/06/2022,0,0,1.6(0.00 %),0,0,0,0,13224183,0.42
17/06/2022,0,0,1.4(-12.50 %),0,0,0,0,13224183,0.42
20/06/2022,0,0,1.4(0.00 %),0,0,0,0,13224183,0.42
21/06/2022,0,0,1.4(0.00 %),0,0,0,0,13224183,0.42
22/06/2022,0,0,1.4(0.00 %),0,0,0,0,13224183,0.42
23/06/2022,0,0,1.4(0.00 %),0,0,0,0,13224183,0.42
24/06/2022,0,0,1.6(14.29 %),0,0,0,0,13224183,0.42
27/06/2022,0,0,1.5(0.00 %),0,0,0,0,13224183,0.42
28/06/2022,0,0,1.5(0.00 %),0,0,0,0,13224183,0.42
29/06/2022,0,0,1.5(0.00 %),0,0,0,0,13224183,0.42
30/06/2022,0,0,1.5(0.00 %),0,0,0,0,13224183,0.42
01/07/2022,0,0,1.3(-13.33 %),0,0,0,0,13224183,0.42
04/07/2022,0,0,1.3(0.00 %),0,0,0,0,13224183,0.42
05/07/2022,0,0,1.3(0.00 %),0,0,0,0,13224183,0.42
06/07/2022,0,0,1.3(0.00 %),0,0,0,0,13224183,0.42
07/07/2022,0,0,1.3(0.00 %),0,0,0,0,13224183,0.42
08/07/2022,0,0,1.4(7.69 %),0,0,0,0,13224183,0.42
11/07/2022,0,0,1.4(0.00 %),0,0,0,0,13224183,0.42
12/07/2022,0,0,1.4(0.00 %),0,0,0,0,13224183,0.42
13/07/2022,0,0,1.4(0.00 %),0,0,0,0,13224183,0.42
14/07/2022,0,0,1.4(0.00 %),0,0,0,0,13224183,0.42
15/07/2022,0,0,1.5(7.14 %),0,0,0,0,13224183,0.42
18/07/2022,0,0,1.5(0.00 %),0,0,0,0,13224183,0.42
19/07/2022,0,0,1.5(0.00 %),0,0,0,0,13224183,0.42
20/07/2022,0,0,1.5(0.00 %),0,0,0,0,13224183,0.42
21/07/2022,0,0,1.5(0.00 %),0,0,0,0,13224183,0.42
22/07/2022,0,0,1.6(6.67 %),0,0,0,0,13224183,0.42
25/07/2022,0,0,1.7(0.00 %),0,0,0,0,13224183,0.42
26/07/2022,0,0,1.7(0.00 %),0,0,0,0,13224183,0.42
27/07/2022,0,0,1.7(0.00 %),0,0,0,0,13224183,0.42
28/07/2022,0,0,1.7(0.00 %),0,0,0,0,13224183,0.42
29/07/2022,0,0,1.8(5.88 %),0,0,0,0,13224183,0.42
01/08/2022,0,0,1.7(0.00 %),0,0,0,0,13224183,0.42
02/08/2022,0,0,1.7(0.00 %),0,0,0,0,13224183,0.42
03/08/2022,0,0,1.7(0.00 %),0,0,0,0,13224183,0.42
04/08/2022,0,0,1.7(0.00 %),0,0,0,0,13224183,0.42
05/08/2022,0,0,1.9(11.76 %),0,0,0,0,13224183,0.42
08/08/2022,0,0,1.8(0.00 %),0,0,0,0,13224183,0.42
09/08/2022,0,0,1.8(0.00 %),0,0,0,0,13224183,0.42
10/08/2022,0,0,1.8(0.00 %),0,0,0,0,13224183,0.42
11/08/2022,0,0,1.8(0.00 %),0,0,0,0,13224183,0.42
12/08/2022,0,0,1.8(0.00 %),0,0,0,0,13224183,0.42
15/08/2022,0,0,1.8(0.00 %),0,0,0,0,13224183,0.42
16/08/2022,0,0,1.8(0.00 %),0,0,0,0,13224183,0.42
17/08/2022,0,0,1.8(0.00 %),0,0,0,0,13224183,0.42
18/08/2022,0,0,1.8(0.00 %),0,0,0,0,13224183,0.42
19/08/2022,0,0,1.8(0.00 %),0,0,0,0,13224183,0.42
22/08/2022,0,0,1.7(0.00 %),0,0,0,0,13224183,0.42
23/08/2022,0,0,1.7(0.00 %),0,0,0,0,13224183,0.42
24/08/2022,0,0,1.7(0.00 %),0,0,0,0,13224183,0.42
25/08/2022,0,0,1.7(0.00 %),0,0,0,0,13224183,0.42
26/08/2022,0,0,1.7(0.00 %),0,0,0,0,13224183,0.42
29/08/2022,0,0,1.6(0.00 %),0,0,0,0,13224183,0.42
30/08/2022,0,0,1.6(0.00 %),0,0,0,0,13224183,0.42
31/08/2022,0,0,1.6(0.00 %),0,0,0,0,13224183,0.42
05/09/2022,0,0,1.6(0.00 %),0,0,0,0,13224183,0.42
06/09/2022,0,0,1.6(0.00 %),0,0,0,0,13224183,0.42
07/09/2022,0,0,1.6(0.00 %),0,0,0,0,13224183,0.42
08/09/2022,0,0,1.6(0.00 %),0,0,0,0,13224183,0.42
09/09/2022,0,0,1.4(-12.50 %),0,0,0,0,13224183,0.42
12/09/2022,0,0,1.4(0.00 %),0,0,0,0,13224183,0.42
13/09/2022,0,0,1.4(0.00 %),0,0,0,0,13224183,0.42
14/09/2022,0,0,1.4(0.00 %),0,0,0,0,13224183,0.42
15/09/2022,0,0,1.4(0.00 %),0,0,0,0,0,0.42
16/09/2022,0,0,1.3(-7.14 %),0,0,0,0,13224183,0.42
19/09/2022,0,0,1.3(0.00 %),0,0,0,0,13224183,0.0
20/09/2022,0,0,1.3(0.00 %),0,0,0,0,13224183,0.42
21/09/2022,0,0,1.3(0.00 %),0,0,0,0,13224183,0.42
22/09/2022,0,0,1.3(0.00 %),0,0,0,0,13224183,0.42
23/09/2022,0,0,1.2(-7.69 %),0,0,0,0,13224183,0.0
26/09/2022,0,0,1.2(0.00 %),0,0,0,0,13224183,0.42
27/09/2022,0,0,1.2(0.00 %),0,0,0,0,13224183,0.42
28/09/2022,0,0,1.2(0.00 %),0,0,0,0,13224183,0.42
29/09/2022,0,0,1.2(0.00 %),0,0,0,0,13224183,0.42
30/09/2022,0,0,1.2(0.00 %),0,0,0,0,13224183,0.42
03/10/2022,0,0,1.2(0.00 %),0,0,0,0,13224183,0.42
04/10/2022,0,0,1.2(0.00 %),0,0,0,0,13224183,0.42
05/10/2022,0,0,1.2(0.00 %),0,0,0,0,13224183,0.42
06/10/2022,0,0,1.2(0.00 %),0,0,0,0,13224183,0.42
07/10/2022,0,0,1.1(-8.33 %),0,0,0,0,13224183,0.42
10/10/2022,0,0,1.1(0.00 %),0,0,0,0,13224183,0.42
11/10/2022,0,0,1.1(0.00 %),0,0,0,0,13224183,0.42
12/10/2022,0,0,1.1(0.00 %),0,0,0,0,13224183,0.42
13/10/2022,0,0,1.1(0.00 %),0,0,0,0,13224183,0.42
14/10/2022,0,0,1(-9.09 %),0,0,0,0,13224183,0.42
17/10/2022,0,0,1(0.00 %),0,0,0,0,13224183,0.42
18/10/2022,0,0,1(0.00 %),0,0,0,0,13224183,0.42
19/10/2022,0,0,1(0.00 %),0,0,0,0,13224183,0.42
20/10/2022,0,0,1(0.00 %),0,0,0,0,13224183,0.42
21/10/2022,0,0,0.9(-10.00 %),0,0,0,0,13224183,0.42
24/10/2022,0,0,0.9(0.00 %),0,0,0,0,13224183,0.42
25/10/2022,0,0,0.9(0.00 %),0,0,0,0,13224183,0.42
26/10/2022,0,0,0(0.00 %),0,0,0,0,13224183,0.42
27/10/2022,0,0,0.9(0.00 %),0,0,0,0,13224183,0.42
28/10/2022,0,0,0.8(-11.11 %),0,0,0,0,13224183,0.42
31/10/2022,0,0,0.8(0.00 %),0,0,0,0,13224183,0.42
01/11/2022,0,0,0.8(0.00 %),0,0,0,0,13224183,0.42
02/11/2022,0,0,0.8(0.00 %),0,0,0,0,13224183,0.42
03/11/2022,0,0,0.8(0.00 %),0,0,0,0,13224183,0.42
04/11/2022,0,0,0.9(12.50 %),0,0,0,0,13224183,0.42
07/11/2022,0,0,0.8(0.00 %),0,0,0,0,13224183,0.42
08/11/2022,0,0,0.8(0.00 %),0,0,0,0,13224183,0.42
09/11/2022,0,0,0.8(0.00 %),0,0,0,0,13224183,0.42
10/11/2022,0,0,0.8(0.00 %),0,0,0,0,13224183,0.42
11/11/2022,0,0,0.7(-12.50 %),0,0,0,0,13224183,0.42
14/11/2022,0,0,0.7(0.00 %),0,0,0,0,13224183,0.42
15/11/2022,0,0,0.7(0.00 %),0,0,0,0,13224183,0.42
16/11/2022,0,0,0.7(0.00 %),0,0,0,0,13224183,0.42
17/11/2022,0,0,0.7(0.00 %),0,0,0,0,13224183,0.42
18/11/2022,0,0,0.8(14.29 %),0,0,0,0,13224183,0.42
21/11/2022,0,0,0.7(0.00 %),0,0,0,0,13224183,0.42
22/11/2022,0,0,0.7(0.00 %),0,0,0,0,13224183,0.42
23/11/2022,0,0,0.7(0.00 %),0,0,0,0,13224183,0.42
24/11/2022,0,0,0.7(0.00 %),0,0,0,0,13224183,0.42
25/11/2022,0,0,0.8(14.29 %),0,0,0,0,13224183,0.42
28/11/2022,0,0,0.8(0.00 %),0,0,0,0,13224183,0.0
29/11/2022,0,0,0.8(0.00 %),0,0,0,0,13224183,0.0
30/11/2022,0,0,0.8(0.00 %),0,0,0,0,13224183,0.0
01/12/2022,0,0,0.8(0.00 %),0,0,0,0,13224183,0.0
02/12/2022,0,0,0.9(12.50 %),0,0,0,0,13224183,0.0
05/12/2022,0,0,0.9(0.00 %),0,0,0,0,13224183,0.0
06/12/2022,0,0,0.9(0.00 %),0,0,0,0,13224183,0.0
07/12/2022,0,0,0.9(0.00 %),0,0,0,0,13224183,0.0
08/12/2022,0,0,0.9(0.00 %),0,0,0,0,13224183,0.42
09/12/2022,0,0,0.9(0.00 %),0,0,0,0,13224183,0.42
12/12/2022,0,0,1(0.00 %),0,0,0,0,13224183,0.0
13/12/2022,0,0,1(0.00 %),0,0,0,0,13224183,0.0
14/12/2022,0,0,1(0.00 %),0,0,0,0,13224183,0.0
15/12/2022,0,0,1(0.00 %),0,0,0,0,13224183,0.0
16/12/2022,0,0,1.1(10.00 %),0,0,0,0,13224183,0.0
19/12/2022,0,0,1.1(0.00 %),0,0,0,0,13224183,0.0
20/12/2022,0,0,1.1(0.00 %),0,0,0,0,13224183,0.0
21/12/2022,0,0,1.1(0.00 %),0,0,0,0,13224183,0.0
22/12/2022,0,0,1.1(0.00 %),0,0,0,0,13224183,0.0
23/12/2022,0,0,1(-9.09 %),0,0,0,0,13224183,0.0
26/12/2022,0,0,1.1(0.00 %),0,0,0,0,13224183,0.0
27/12/2022,0,0,1.1(0.00 %),0,0,0,0,13224183,0.0
28/12/2022,0,0,1.1(0.00 %),0,0,0,0,13224183,0.42
29/12/2022,0,0,1.1(0.00 %),0,0,0,0,13224183,0.42
30/12/2022,0,0,1.1(0.00 %),0,0,0,0,13224183,0.42
03/01/2023,0,0,1.1(0.00 %),0,0,0,0,13224183,0.0
04/01/2023,0,0,1.1(0.00 %),0,0,0,0,13224183,0.42
05/01/2023,0,0,1.1(0.00 %),0,0,0,0,13224183,0.42
06/01/2023,0,0,1.1(0.00 %),0,0,0,0,13224183,0.42
09/01/2023,0,0,1.1(0.00 %),0,0,0,0,13224183,0.42
10/01/2023,0,0,1.1(0.00 %),0,0,0,0,13224183,0.42
11/01/2023,0,0,1.1(0.00 %),0,0,0,0,13224183,0.42
12/01/2023,0,0,1.1(0.00 %),0,0,0,0,13224183,0.42
13/01/2023,0,0,1.1(0.00 %),0,0,0,0,13224183,0.42
16/01/2023,0,0,1(0.00 %),0,0,0,0,13224183,0.42
17/01/2023,0,0,1(0.00 %),0,0,0,0,13224183,0.42
18/01/2023,0,0,1(0.00 %),0,0,0,0,13224183,0.42
19/01/2023,0,0,1(0.00 %),0,0,0,0,13224183,0.42
27/01/2023,0,0,1(0.00 %),0,0,0,0,13224183,0.42
30/01/2023,0,0,1(0.00 %),0,0,0,0,13224183,0.42
31/01/2023,0,0,1(0.00 %),0,0,0,0,13224183,0.42
01/02/2023,0,0,1(0.00 %),0,0,0,0,13224183,0.42
02/02/2023,0,0,1(0.00 %),0,0,0,0,13224183,0.42
03/02/2023,0,0,1(0.00 %),0,0,0,0,13224183,0.42
06/02/2023,0,0,1(0.00 %),0,0,0,0,13224183,0.42
07/02/2023,0,0,1(0.00 %),0,0,0,0,13224183,0.42
08/02/2023,0,0,1(0.00 %),0,0,0,0,13224183,0.42
09/02/2023,0,0,1(0.00 %),0,0,0,0,13224183,0.42
10/02/2023,0,0,1(0.00 %),0,0,0,0,13224183,0.42
13/02/2023,0,0,1(0.00 %),0,0,0,0,13224183,0.42
14/02/2023,0,0,1(0.00 %),0,0,0,0,13224183,0.42
15/02/2023,0,0,1(0.00 %),0,0,0,0,13224183,0.42
16/02/2023,0,0,1(0.00 %),0,0,0,0,13224183,0.42
17/02/2023,0,0,1(0.00 %),0,0,0,0,13224183,0.42
20/02/2023,0,0,0.9(0.00 %),0,0,0,0,13224183,0.42
21/02/2023,0,0,0.9(0.00 %),0,0,0,0,13224183,0.42
22/02/2023,0,0,0.9(0.00 %),0,0,0,0,13224183,0.42
23/02/2023,0,0,0.9(0.00 %),0,0,0,0,13224183,0.42
24/02/2023,0,0,0.8(-11.11 %),0,0,0,0,13224183,0.0
27/02/2023,0,0,0.8(0.00 %),0,0,0,0,13224183,0.42
28/02/2023,0,0,0.8(0.00 %),0,0,0,0,13224183,0.42
01/03/2023,0,0,0.8(0.00 %),0,0,0,0,13224183,0.42
02/03/2023,0,0,0.8(0.00 %),0,0,0,0,13224183,0.42
03/03/2023,0,0,0.8(0.00 %),0,0,0,0,13224183,0.42
06/03/2023,0,0,0.9(0.00 %),0,0,0,0,13224183,0.42
07/03/2023,0,0,0.9(0.00 %),0,0,0,0,13224183,0.42
08/03/2023,0,0,0.9(0.00 %),0,0,0,0,13224183,0.42
09/03/2023,0,0,0.9(0.00 %),0,0,0,0,13224183,0.42
10/03/2023,0,0,0.9(0.00 %),0,0,0,0,13224183,0.42
13/03/2023,0,0,1(0.00 %),0,0,0,0,13224183,0.0
14/03/2023,0,0,1(0.00 %),0,0,0,0,13224183,0.42
15/03/2023,0,0,1(0.00 %),0,0,0,0,13224183,0.42
16/03/2023,0,0,1(0.00 %),0,0,0,0,13224183,0.42
17/03/2023,0,0,0.9(-10.00 %),0,0,0,0,13224183,0.42
20/03/2023,0,0,0.9(0.00 %),0,0,0,0,13224183,0.42
21/03/2023,0,0,0.9(0.00 %),0,0,0,0,13224183,0.42
22/03/2023,0,0,0.9(0.00 %),0,0,0,0,13224183,0.42
23/03/2023,0,0,0.9(0.00 %),0,0,0,0,13224183,0.42
24/03/2023,0,0,0.8(-11.11 %),0,0,0,0,13224183,0.42
27/03/2023,0,0,0.8(0.00 %),0,0,0,0,13224183,0.42
28/03/2023,0,0,0.8(0.00 %),0,0,0,0,13224183,0.0
29/03/2023,0,0,0.8(0.00 %),0,0,0,0,13224183,0.42
30/03/2023,0,0,0.8(0.00 %),0,0,0,0,13224183,0.42
31/03/2023,0,0,0.7(-12.50 %),0,0,0,0,13224183,0.42
03/04/2023,0,0,0.7(0.00 %),0,0,0,0,13224183,0.42
04/04/2023,0,0,0.7(0.00 %),0,0,0,0,13224183,0.42
05/04/2023,0,0,0.7(0.00 %),0,0,0,0,13224183,0.42
06/04/2023,0,0,0.7(0.00 %),0,0,0,0,13224183,0.42
07/04/2023,0,0,0.7(0.00 %),0,0,0,0,13224183,0.42
10/04/2023,0,0,0.6(0.00 %),0,0,0,0,13224183,0.42
11/04/2023,0,0,0.6(0.00 %),0,0,0,0,13224183,0.42
12/04/2023,0,0,0.6(0.00 %),0,0,0,0,13224183,0.0
13/04/2023,0,0,0.6(0.00 %),0,0,0,0,13224183,0.42
14/04/2023,0,0,0.6(0.00 %),0,0,0,0,13224183,0.42
17/04/2023,0,0,0.6(0.00 %),0,0,0,0,13224183,0.42
18/04/2023,0,0,0.6(0.00 %),0,0,0,0,13224183,0.42
19/04/2023,0,0,0.6(0.00 %),0,0,0,0,13224183,0.42
20/04/2023,0,0,0.6(0.00 %),0,0,0,0,13224183,0.0
21/04/2023,0,0,0.6(0.00 %),0,0,0,0,13224183,0.42
24/04/2023,0,0,0.6(0.00 %),0,0,0,0,13224183,0.42
25/04/2023,0,0,0.6(0.00 %),0,0,0,0,13224183,0.42
26/04/2023,0,0,0.6(0.00 %),0,0,0,0,13224183,0.42
27/04/2023,0,0,0.6(0.00 %),0,0,0,0,13224183,0.0
28/04/2023,0,0,0.6(0.00 %),0,0,0,0,13224183,0.0
04/05/2023,0,0,0.6(0.00 %),0,0,0,0,13224183,0.0
05/05/2023,0,0,0.7(16.67 %),0,0,0,0,13224183,0.42
08/05/2023,0,0,0.7(0.00 %),0,0,0,0,13224183,0.42
09/05/2023,0,0,0.7(0.00 %),0,0,0,0,13224183,0.42
10/05/2023,0,0,0.7(0.00 %),0,0,0,0,13224183,0.0
11/05/2023,0,0,0.7(0.00 %),0,0,0,0,13224183,0.0
12/05/2023,0,0,0.7(0.00 %),0,0,0,0,13224183,0.42
15/05/2023,0,0,0.7(0.00 %),0,0,0,0,13224183,0.0
16/05/2023,0,0,0.7(0.00 %),0,0,0,0,13224183,0.0
17/05/2023,0,0,0.7(0.00 %),0,0,0,0,13224183,0.0
18/05/2023,0,0,0.7(0.00 %),0,0,0,0,13224183,0.0
19/05/2023,0,0,0.7(0.00 %),0,0,0,0,13224183,0.0
22/05/2023,0,0,0.7(0.00 %),0,0,0,0,13224183,0.0
23/05/2023,0,0,0.7(0.00 %),0,0,0,0,13224183,0.0
24/05/2023,0,0,0.7(0.00 %),0,0,0,0,13224183,0.0
25/05/2023,0,0,0.7(0.00 %),0,0,0,0,13224183,0.0
26/05/2023,0,0,0.7(0.00 %),0,0,0,0,13224183,0.0
29/05/2023,0,0,0.7(0.00 %),0,0,0,0,13224183,0.0
30/05/2023,0,0,0.7(0.00 %),0,0,0,0,13224183,0.0
31/05/2023,0,0,0.7(0.00 %),0,0,0,0,13224183,0.0
01/06/2023,0,0,0.7(0.00 %),0,0,0,0,13224183,0.0
02/06/2023,0,0,0.8(14.29 %),0,0,0,0,13224183,0.0
05/06/2023,0,0,0.8(0.00 %),0,0,0,0,13224183,0.0
06/06/2023,0,0,0.8(0.00 %),0,0,0,0,13224183,0.0
07/06/2023,0,0,0.8(0.00 %),0,0,0,0,13224183,0.0
08/06/2023,0,0,0.8(0.00 %),0,0,0,0,13224183,0.0
09/06/2023,0,0,0.9(12.50 %),0,0,0,0,13224183,0.0
12/06/2023,0,0,0.9(0.00 %),0,0,0,0,13224183,0.0
13/06/2023,0,0,0.9(0.00 %),0,0,0,0,13224183,0.0
14/06/2023,0,0,0.9(0.00 %),0,0,0,0,13224183,0.0
15/06/2023,0,0,0.9(0.00 %),0,0,0,0,13224183,0.0
16/06/2023,0,0,0.9(0.00 %),0,0,0,0,13224183,0.42
19/06/2023,0,0,0.9(0.00 %),0,0,0,0,13224183,0.42
20/06/2023,0,0,0.9(0.00 %),0,0,0,0,13224183,0.42
21/06/2023,0,0,0.9(0.00 %),0,0,0,0,13224183,0.42
22/06/2023,0,0,0.9(0.00 %),0,0,0,0,13224183,0.0
23/06/2023,0,0,0.8(-11.11 %),0,0,0,0,13224183,0.42
26/06/2023,0,0,0.8(0.00 %),0,0,0,0,13224183,0.42
27/06/2023,0,0,0.8(0.00 %),0,0,0,0,13224183,0.42
28/06/2023,0,0,0.8(0.00 %),0,0,0,0,13224183,0.42
29/06/2023,0,0,0.8(0.00 %),0,0,0,0,13224183,0.42
30/06/2023,0,0,0.7(-12.50 %),0,0,0,0,13224183,0.42
03/07/2023,0,0,0.7(0.00 %),0,0,0,0,13224183,0.42
04/07/2023,0,0,0.7(0.00 %),0,0,0,0,13224183,0.42
05/07/2023,0,0,0.7(0.00 %),0,0,0,0,13224183,0.42
06/07/2023,0,0,0.7(0.00 %),0,0,0,0,13224183,0.42
07/07/2023,0,0,0.8(14.29 %),0,0,0,0,13224183,0.42
10/07/2023,0,0,0.8(0.00 %),0,0,0,0,13224183,0.42
11/07/2023,0,0,0.8(0.00 %),0,0,0,0,13224183,0.42
12/07/2023,0,0,0.8(0.00 %),0,0,0,0,13224183,0.42
13/07/2023,0,0,0.8(0.00 %),0,0,0,0,13224183,0.42
14/07/2023,0,0,0.8(0.00 %),0,0,0,0,13224183,0.42
17/07/2023,0,0,0.7(0.00 %),0,0,0,0,13224183,0.42
18/07/2023,0,0,0.7(0.00 %),0,0,0,0,13224183,0.42
19/07/2023,0,0,0.7(0.00 %),0,0,0,0,13224183,0.42
20/07/2023,0,0,0.7(0.00 %),0,0,0,0,13224183,0.42
21/07/2023,0,0,0.8(14.29 %),0,0,0,0,13224183,0.42
24/07/2023,0,0,0.8(0.00 %),0,0,0,0,13224183,0.42
25/07/2023,0,0,0.8(0.00 %),0,0,0,0,13224183,0.42
26/07/2023,0,0,0.8(0.00 %),0,0,0,0,13224183,0.0
27/07/2023,0,0,0.8(0.00 %),0,0,0,0,13224183,0.0
28/07/2023,0,0,0.7(-12.50 %),0,0,0,0,13224183,0.0
31/07/2023,0,0,0.7(0.00 %),0,0,0,0,13224183,0.42
01/08/2023,0,0,0(0.00 %),0,0,0,0,13224183,0.42
02/08/2023,0,0,0.7(0.00 %),0,0,0,0,13224183,0.42
03/08/2023,0,0,0.7(0.00 %),0,0,0,0,13224183,0.42
04/08/2023,0,0,0.6(-14.29 %),0,0,0,0,13224183,0.42
07/08/2023,0,0,0.6(0.00 %),0,0,0,0,13224183,0.0
08/08/2023,0,0,0.6(0.00 %),0,0,0,0,13224183,0.0
09/08/2023,0,0,0.6(0.00 %),0,0,0,0,13224183,0.0
10/08/2023,0,0,0.6(0.00 %),0,0,0,0,13224183,0.0
11/08/2023,0,0,0.7(16.67 %),0,0,0,0,13224183,0.0
14/08/2023,0,0,0.7(0.00 %),0,0,0,0,13224183,0.42
15/08/2023,0,0,0.7(0.00 %),0,0,0,0,13224183,0.42
16/08/2023,0,0,0.7(0.00 %),0,0,0,0,13224183,0.42
17/08/2023,0,0,0.7(0.00 %),0,0,0,0,13224183,0.42
18/08/2023,0,0,0.6(-14.29 %),0,0,0,0,13224183,0.42
21/08/2023,0,0,0.6(0.00 %),0,0,0,0,13224183,0.42
22/08/2023,0,0,0.6(0.00 %),0,0,0,0,13224183,0.42
23/08/2023,0,0,0.6(0.00 %),0,0,0,0,13224183,0.42
24/08/2023,0,0,0.6(0.00 %),0,0,0,0,13224183,0.42
25/08/2023,0,0,0.7(16.67 %),0,0,0,0,13224183,0.42
28/08/2023,0,0,0.7(0.00 %),0,0,0,0,13224183,0.42
29/08/2023,0,0,0.7(0.00 %),0,0,0,0,13224183,0.42
30/08/2023,0,0,0.7(0.00 %),0,0,0,0,13224183,0.42
31/08/2023,0,0,0.7(0.00 %),0,0,0,0,13224183,0.42
05/09/2023,0,0,0.7(0.00 %),0,0,0,0,13224183,0.42
06/09/2023,0,0,0.7(0.00 %),0,0,0,0,13224183,0.0
07/09/2023,0,0,0.7(0.00 %),0,0,0,0,13224183,0.42
08/09/2023,0,0,0.7(0.00 %),0,0,0,0,13224183,0.42
11/09/2023,0,0,0.7(0.00 %),0,0,0,0,13224183,0.42
12/09/2023,0,0,0.7(0.00 %),0,0,0,0,13224183,0.42
13/09/2023,0,0,0.7(0.00 %),0,0,0,0,13224183,0.42
14/09/2023,0,0,0.7(0.00 %),0,0,0,0,13224183,0.42
15/09/2023,0,0,0.7(0.00 %),0,0,0,0,13224183,0.42
18/09/2023,0,0,0.7(0.00 %),0,0,0,0,13224183,0.0
19/09/2023,0,0,0.7(0.00 %),0,0,0,0,13224183,0.0
20/09/2023,0,0,0.7(0.00 %),0,0,0,0,13224183,0.0
21/09/2023,0,0,0.7(0.00 %),0,0,0,0,13224183,0.0
22/09/2023,0,0,0.7(0.00 %),0,0,0,0,13224183,0.42
25/09/2023,0,0,0.7(0.00 %),0,0,0,0,13224183,0.42
26/09/2023,0,0,0.7(0.00 %),0,0,0,0,13224183,0.42
27/09/2023,0,0,0.7(0.00 %),0,0,0,0,13224183,0.0
28/09/2023,0,0,0.7(0.00 %),0,0,0,0,13224183,0.0
29/09/2023,0,0,0.7(0.00 %),0,0,0,0,13224183,0.42
02/10/2023,0,0,0.7(0.00 %),0,0,0,0,13224183,0.42
03/10/2023,0,0,0.7(0.00 %),0,0,0,0,13224183,0.42
04/10/2023,0,0,0.7(0.00 %),0,0,0,0,13224183,0.42
05/10/2023,0,0,0.7(0.00 %),0,0,0,0,13224183,0.42
06/10/2023,0,0,0.7(0.00 %),0,0,0,0,13224183,0.42
09/10/2023,0,0,0.7(0.00 %),0,0,0,0,13224183,0.42
10/10/2023,0,0,0.7(0.00 %),0,0,0,0,13224183,0.42
11/10/2023,0,0,0.7(0.00 %),0,0,0,0,13224183,0.42
12/10/2023,0,0,0.7(0.00 %),0,0,0,0,13224183,0.42
13/10/2023,0,0,0.7(0.00 %),0,0,0,0,13224183,0.42
16/10/2023,0,0,0.7(0.00 %),0,0,0,0,13224183,0.42
17/10/2023,0,0,0.7(0.00 %),0,0,0,0,13224183,0.42
18/10/2023,0,0,0.7(0.00 %),0,0,0,0,13224183,0.42
19/10/2023,0,0,0.7(0.00 %),0,0,0,0,13224183,0.42
20/10/2023,0,0,0.6(-14.29 %),0,0,0,0,13224183,0.42
23/10/2023,0,0,0.6(0.00 %),0,0,0,0,13224183,0.42
24/10/2023,0,0,0.6(0.00 %),0,0,0,0,13224183,0.0
25/10/2023,0,0,0.6(0.00 %),0,0,0,0,13224183,0.42
26/10/2023,0,0,0.6(0.00 %),0,0,0,0,13224183,0.42
27/10/2023,-3900,-2340000,0.6(0.00 %),0,0,3900,2340000,13224183,0.42
30/10/2023,0,0,0.6(0.00 %),0,0,0,0,13224183,0.42
31/10/2023,0,0,0.6(0.00 %),0,0,0,0,13228083,0.41
01/11/2023,0,0,0.6(0.00 %),0,0,0,0,13228083,0.41
02/11/2023,0,0,0.6(0.00 %),0,0,0,0,13228083,0.41
03/11/2023,0,0,0.7(16.67 %),0,0,0,0,13228083,0.41
06/11/2023,0,0,0.7(0.00 %),0,0,0,0,13228083,0.41
07/11/2023,0,0,0.7(0.00 %),0,0,0,0,13228083,0.0
08/11/2023,0,0,0.7(0.00 %),0,0,0,0,13228083,0.41
09/11/2023,0,0,0.7(0.00 %),0,0,0,0,13228083,0.41
10/11/2023,0,0,0.7(0.00 %),0,0,0,0,13228083,0.41
13/11/2023,0,0,0.7(0.00 %),0,0,0,0,13228083,0.41
14/11/2023,0,0,0.7(0.00 %),0,0,0,0,13228083,0.41
15/11/2023,0,0,0.7(0.00 %),0,0,0,0,13228083,0.41
16/11/2023,0,0,0.7(0.00 %),0,0,0,0,13228083,0.0
17/11/2023,0,0,0.6(-14.29 %),0,0,0,0,13228083,0.41
20/11/2023,0,0,0.6(0.00 %),0,0,0,0,13228083,0.41
21/11/2023,0,0,0.6(0.00 %),0,0,0,0,13228083,0.41
22/11/2023,0,0,0.6(0.00 %),0,0,0,0,13228083,0.41
23/11/2023,0,0,0.6(0.00 %),0,0,0,0,13228083,0.0
24/11/2023,0,0,0.6(0.00 %),0,0,0,0,13228083,0.0
27/11/2023,0,0,0.6(0.00 %),0,0,0,0,13228083,0.0
28/11/2023,0,0,0.6(0.00 %),0,0,0,0,13228083,0.0
29/11/2023,0,0,0.6(0.00 %),0,0,0,0,13228083,0.0
30/11/2023,0,0,0.6(0.00 %),0,0,0,0,13228083,0.0
01/12/2023,0,0,0.7(16.67 %),0,0,0,0,13228083,0.0
04/12/2023,0,0,0.7(0.00 %),0,0,0,0,13228083,0.0
05/12/2023,0,0,0.7(0.00 %),0,0,0,0,13228083,0.0
06/12/2023,0,0,0.7(0.00 %),0,0,0,0,13228083,0.0
07/12/2023,0,0,0.7(0.00 %),0,0,0,0,13228083,0.0
08/12/2023,0,0,0.7(0.00 %),0,0,0,0,13228083,0.0
11/12/2023,0,0,0.7(0.00 %),0,0,0,0,13228083,0.0
12/12/2023,0,0,0.7(0.00 %),0,0,0,0,13228083,0.0
13/12/2023,0,0,0.7(0.00 %),0,0,0,0,13228083,0.0
14/12/2023,0,0,0.7(0.00 %),0,0,0,0,13228083,0.0
15/12/2023,0,0,0.7(0.00 %),0,0,0,0,13228083,0.0
18/12/2023,0,0,0.7(0.00 %),0,0,0,0,13228083,0.0
19/12/2023,0,0,0.7(0.00 %),0,0,0,0,13228083,0.0
20/12/2023,0,0,0.7(0.00 %),0,0,0,0,13228083,0.0
21/12/2023,0,0,0.7(0.00 %),0,0,0,0,13228083,0.0
22/12/2023,0,0,0.7(0.00 %),0,0,0,0,13228083,0.0
25/12/2023,0,0,0.7(0.00 %),0,0,0,0,13228083,0.0
26/12/2023,0,0,0.7(0.00 %),0,0,0,0,13228083,0.41
27/12/2023,0,0,0.7(0.00 %),0,0,0,0,13228083,0.0
28/12/2023,0,0,0.7(0.00 %),0,0,0,0,13228083,0.0
29/12/2023,-3400,-2040000,0.6(-14.29 %),0,0,3400,2040000,13228083,0.41
02/01/2024,0,0,0.6(0.00 %),0,0,0,0,13228083,0.41
03/01/2024,0,0,0.6(0.00 %),0,0,0,0,13228083,0.0
04/01/2024,0,0,0.6(0.00 %),0,0,0,0,13228083,0.01
05/01/2024,0,0,0.5(-16.67 %),0,0,0,0,13228083,0.01
08/01/2024,0,0,0.6(0.00 %),0,0,0,0,13228083,0.01
09/01/2024,0,0,0.6(0.00 %),0,0,0,0,13231483,0.4
10/01/2024,0,0,0.6(0.00 %),0,0,0,0,13231483,0.4
11/01/2024,0,0,0.6(0.00 %),0,0,0,0,13231483,0.4
12/01/2024,0,0,0.5(-16.67 %),0,0,0,0,13228083,0.01
15/01/2024,0,0,0.6(0.00 %),0,0,0,0,13231483,0.4
16/01/2024,0,0,0.6(0.00 %),0,0,0,0,13231483,0.4
17/01/2024,0,0,0.6(0.00 %),0,0,0,0,13231483,0.4
18/01/2024,0,0,0.6(0.00 %),0,0,0,0,13228083,0.01
19/01/2024,0,0,0.7(16.67 %),0,0,0,0,13228083,0.01
22/01/2024,0,0,0.6(0.00 %),0,0,0,0,13228083,0.01
23/01/2024,0,0,0.6(0.00 %),0,0,0,0,13228083,0.01
24/01/2024,0,0,0.6(0.00 %),0,0,0,0,13228083,0.01
25/01/2024,0,0,0.6(0.00 %),0,0,0,0,13228083,0.01
26/01/2024,0,0,0.5(-16.67 %),0,0,0,0,13228083,0.01
29/01/2024,0,0,0.5(0.00 %),0,0,0,0,13231483,0.4
30/01/2024,0,0,0.5(0.00 %),0,0,0,0,13231483,0.4
31/01/2024,0,0,0.5(0.00 %),0,0,0,0,13231483,0.4
01/02/2024,0,0,0.5(0.00 %),0,0,0,0,13231483,0.0
02/02/2024,-700,-350000,0.5(0.00 %),0,0,700,350000,13231483,0.4
05/02/2024,0,0,0.5(0.00 %),0,0,0,0,13231483,0.0
06/02/2024,0,0,0.5(0.00 %),0,0,0,0,13232183,0.39
07/02/2024,0,0,0.5(0.00 %),0,0,0,0,13232183,0.39
15/02/2024,0,0,0.5(0.00 %),0,0,0,0,13232183,0.39
16/02/2024,0,0,0.5(0.00 %),0,0,0,0,13232183,0.39
19/02/2024,0,0,0.5(0.00 %),0,0,0,0,13232183,0.39
20/02/2024,0,0,0.5(0.00 %),0,0,0,0,13232183,0.39
21/02/2024,0,0,0.5(0.00 %),0,0,0,0,13232183,0.39
22/02/2024,0,0,0.5(0.00 %),0,0,0,0,13232183,0.39
23/02/2024,0,0,0.6(20.00 %),0,0,0,0,13232183,0.0
26/02/2024,0,0,0.6(0.00 %),0,0,0,0,13232183,0.39
27/02/2024,0,0,0.6(0.00 %),0,0,0,0,13232183,0.0
28/02/2024,0,0,0.6(0.00 %),0,0,0,0,13232183,0.0
29/02/2024,0,0,0.6(0.00 %),0,0,0,0,13232183,0.39
01/03/2024,0,0,0.7(16.67 %),0,0,0,0,13232183,0.0
04/03/2024,0,0,0.7(0.00 %),0,0,0,0,13232183,0.0
05/03/2024,0,0,0.7(0.00 %),0,0,0,0,13232183,0.39
06/03/2024,0,0,0.7(0.00 %),0,0,0,0,13232183,0.0
07/03/2024,0,0,0.7(0.00 %),0,0,0,0,13232183,0.0
08/03/2024,-400,-320000,0.8(14.29 %),0,0,400,320000,13232183,0.0
11/03/2024,0,0,0.8(0.00 %),0,0,0,0,13232183,0.0
12/03/2024,0,0,0.8(0.00 %),0,0,0,0,13232583,0.39
13/03/2024,0,0,0.8(0.00 %),0,0,0,0,13232583,0.39
14/03/2024,0,0,0.8(0.00 %),0,0,0,0,13232583,0.0
15/03/2024,0,0,0.8(0.00 %),0,0,0,0,13232583,0.0
18/03/2024,0,0,0.8(0.00 %),0,0,0,0,13232583,0.39
19/03/2024,0,0,0.8(0.00 %),0,0,0,0,13232583,0.39
20/03/2024,0,0,0.8(0.00 %),0,0,0,0,13232583,0.0
21/03/2024,0,0,0.8(0.00 %),0,0,0,0,13232583,0.0
22/03/2024,0,0,0.9(12.50 %),0,0,0,0,13232583,0.0
25/03/2024,0,0,0.8(0.00 %),0,0,0,0,13232583,0.39
26/03/2024,0,0,0.8(0.00 %),0,0,0,0,13232583,0.0
27/03/2024,0,0,0.8(0.00 %),0,0,0,0,13232583,0.39
28/03/2024,0,0,0.8(0.00 %),0,0,0,0,13232583,0.39
29/03/2024,0,0,0.8(0.00 %),0,0,0,0,13232583,0.39
01/04/2024,0,0,0.7(0.00 %),0,0,0,0,13232583,0.39
02/04/2024,0,0,0.7(0.00 %),0,0,0,0,13232583,0.0
03/04/2024,0,0,0.7(0.00 %),0,0,0,0,13232583,0.39
04/04/2024,0,0,0.7(0.00 %),0,0,0,0,13232583,0.0
05/04/2024,0,0,0.7(0.00 %),0,0,0,0,13232583,0.39
08/04/2024,0,0,0.7(0.00 %),0,0,0,0,13232583,0.0
09/04/2024,0,0,0.7(0.00 %),0,0,0,0,13232583,0.0
10/04/2024,0,0,0.7(0.00 %),0,0,0,0,13232583,0.0
11/04/2024,0,0,0.7(0.00 %),0,0,0,0,13232583,0.39
12/04/2024,0,0,0.8(14.29 %),0,0,0,0,13232583,0.39
15/04/2024,0,0,0.7(0.00 %),0,0,0,0,13232583,0.0
16/04/2024,0,0,0.7(0.00 %),0,0,0,0,13232583,0.0
17/04/2024,0,0,0.7(0.00 %),0,0,0,0,13232583,0.0
19/04/2024,0,0,0.7(0.00 %),0,0,0,0,13232583,0.0
22/04/2024,0,0,0.7(0.00 %),0,0,0,0,13232583,0.39
23/04/2024,0,0,0.7(0.00 %),0,0,0,0,13232583,0.39
24/04/2024,0,0,0.7(0.00 %),0,0,0,0,13232583,0.0
25/04/2024,0,0,0.7(0.00 %),0,0,0,0,13232583,0.0
26/04/2024,0,0,0.7(0.00 %),0,0,0,0,13232583,0.39
02/05/2024,0,0,0.7(0.00 %),0,0,0,0,13232583,0.39
03/05/2024,0,0,0.7(0.00 %),0,0,0,0,13232583,0.39
06/05/2024,0,0,0.6(0.00 %),0,0,0,0,13232583,0.39
07/05/2024,0,0,0.6(0.00 %),0,0,0,0,13232583,0.39
08/05/2024,0,0,0.6(0.00 %),0,0,0,0,13232583,0.39
09/05/2024,0,0,0.6(0.00 %),0,0,0,0,13232583,0.39
10/05/2024,0,0,0.6(0.00 %),0,0,0,0,13232583,0.39
13/05/2024,0,0,0.6(0.00 %),0,0,0,0,13232583,0.39
14/05/2024,0,0,0.6(0.00 %),0,0,0,0,13232583,0.0
15/05/2024,0,0,0.6(0.00 %),0,0,0,0,13232583,0.0
16/05/2024,0,0,0.6(0.00 %),0,0,0,0,13232583,0.0
17/05/2024,0,0,0.7(16.67 %),0,0,0,0,13232583,0.39
20/05/2024,0,0,0.7(0.00 %),0,0,0,0,13232583,0.39
21/05/2024,0,0,0.7(0.00 %),0,0,0,0,13232583,0.39
22/05/2024,0,0,0.7(0.00 %),0,0,0,0,13232583,0.39
23/05/2024,0,0,0.7(0.00 %),0,0,0,0,13232583,0.39
24/05/2024,0,0,0.7(0.00 %),0,0,0,0,13232583,0.0
27/05/2024,0,0,0.7(0.00 %),0,0,0,0,13232583,0.39
28/05/2024,0,0,0.7(0.00 %),0,0,0,0,13232583,0.39
29/05/2024,0,0,0.7(0.00 %),0,0,0,0,13232583,0.39
30/05/2024,0,0,0.7(0.00 %),0,0,0,0,13232583,0.39
31/05/2024,0,0,0.7(0.00 %),0,0,0,0,13232583,0.39
03/06/2024,0,0,0.7(0.00 %),0,0,0,0,13232583,0.0
04/06/2024,0,0,0.7(0.00 %),0,0,0,0,13232583,0.0
05/06/2024,0,0,0.7(0.00 %),0,0,0,0,13232583,0.0
06/06/2024,0,0,0.7(0.00 %),0,0,0,0,13232583,0.39
07/06/2024,0,0,0.7(0.00 %),0,0,0,0,13232583,0.39
10/06/2024,0,0,0.7(0.00 %),0,0,0,0,13232583,0.0
11/06/2024,0,0,0.7(0.00 %),0,0,0,0,13232583,0.0
12/06/2024,0,0,0.7(0.00 %),0,0,0,0,13232625,0.39
13/06/2024,0,0,0.7(0.00 %),0,0,0,0,13232625,0.39
14/06/2024,0,0,0.7(0.00 %),0,0,0,0,13232625,0.39
17/06/2024,0,0,0.7(0.00 %),0,0,0,0,13232625,0.39
18/06/2024,0,0,0.7(0.00 %),0,0,0,0,13232625,0.39
19/06/2024,0,0,0.7(0.00 %),0,0,0,0,13232625,0.39
20/06/2024,0,0,0.7(0.00 %),0,0,0,0,13232625,0.39
21/06/2024,0,0,0.7(0.00 %),0,0,0,0,13232625,0.39
24/06/2024,0,0,0.7(0.00 %),0,0,0,0,13232625,0.39
25/06/2024,0,0,0.7(0.00 %),0,0,0,0,13232625,0.39
26/06/2024,0,0,0.7(0.00 %),0,0,0,0,13232625,0.39
27/06/2024,0,0,0.7(0.00 %),0,0,0,0,13232625,0.39
28/06/2024,0,0,0.7(0.00 %),0,0,0,0,13232625,0.39
03/07/2024,0,0,0.7(0.00 %),0,0,0,0,13232625,0.0
04/07/2024,0,0,0.7(0.00 %),0,0,0,0,13232625,0.0
05/07/2024,0,0,0.7(0.00 %),0,0,0,0,13232625,0.0
08/07/2024,0,0,0.7(0.00 %),0,0,0,0,13232625,0.0
09/07/2024,0,0,0.7(0.00 %),0,0,0,0,13232625,0.0
10/07/2024,0,0,0.7(0.00 %),0,0,0,0,13232625,0.0
11/07/2024,0,0,0.7(0.00 %),0,0,0,0,13232625,0.0
12/07/2024,0,0,0.6(-14.29 %),0,0,0,0,13232625,0.0
15/07/2024,0,0,0.7(0.00 %),0,0,0,0,13232625,0.0
16/07/2024,0,0,0.7(0.00 %),0,0,0,0,13232625,0.0
17/07/2024,0,0,0.7(0.00 %),0,0,0,0,13232625,0.0
18/07/2024,0,0,0.7(0.00 %),0,0,0,0,13232625,0.0
19/07/2024,0,0,0.7(0.00 %),0,0,0,0,13232625,0.0
22/07/2024,0,0,0.7(0.00 %),0,0,0,0,13232625,0.0
23/07/2024,0,0,0.7(0.00 %),0,0,0,0,13232625,0.0
24/07/2024,0,0,0.7(0.00 %),0,0,0,0,13232625,0.0
25/07/2024,0,0,0.7(0.00 %),0,0,0,0,13232625,0.0
26/07/2024,0,0,0.8(14.29 %),0,0,0,0,13232625,0.0
29/07/2024,0,0,0.7(0.00 %),0,0,0,0,13232625,0.0
30/07/2024,0,0,0.7(0.00 %),0,0,0,0,13232625,0.0
31/07/2024,0,0,0.7(0.00 %),0,0,0,0,13232625,0.0
01/08/2024,0,0,0.7(0.00 %),0,0,0,0,13232625,0.0
02/08/2024,0,0,0.7(0.00 %),0,0,0,0,13232625,0.0
05/08/2024,0,0,0.7(0.00 %),0,0,0,0,13232625,0.0
06/08/2024,0,0,0.7(0.00 %),0,0,0,0,13232625,0.0
07/08/2024,0,0,0.7(0.00 %),0,0,0,0,13232625,0.0
08/08/2024,0,0,0.7(0.00 %),0,0,0,0,13232625,0.0
09/08/2024,0,0,0.7(0.00 %),0,0,0,0,13232625,0.0
12/08/2024,0,0,0.6(0.00 %),0,0,0,0,13232625,0.0
13/08/2024,0,0,0.6(0.00 %),0,0,0,0,13232625,0.0
14/08/2024,0,0,0.6(0.00 %),0,0,0,0,13232625,0.0
15/08/2024,0,0,0.6(0.00 %),0,0,0,0,13232625,0.0
16/08/2024,0,0,0.7(16.67 %),0,0,0,0,13232625,0.0
19/08/2024,0,0,0.7(0.00 %),0,0,0,0,13232625,0.0
20/08/2024,0,0,0.7(0.00 %),0,0,0,0,13232625,0.0
21/08/2024,0,0,0.7(0.00 %),0,0,0,0,13232625,0.0
22/08/2024,0,0,0.7(0.00 %),0,0,0,0,13232625,0.0
23/08/2024,0,0,0.6(-14.29 %),0,0,0,0,13232625,0.0
26/08/2024,0,0,0.6(0.00 %),0,0,0,0,13232625,0.0
27/08/2024,0,0,0.6(0.00 %),0,0,0,0,13232625,0.0
28/08/2024,0,0,0.6(0.00 %),0,0,0,0,13232625,0.0
29/08/2024,0,0,0.6(0.00 %),0,0,0,0,13232625,0.0
30/08/2024,0,0,0.6(0.00 %),0,0,0,0,13232625,0.0
04/09/2024,0,0,0.6(0.00 %),0,0,0,0,13232625,0.0
05/09/2024,0,0,0.6(0.00 %),0,0,0,0,13232625,0.0
06/09/2024,0,0,0.6(0.00 %),0,0,0,0,13232625,0.0
09/09/2024,0,0,0.6(0.00 %),0,0,0,0,13232625,0.0
10/09/2024,0,0,0.6(0.00 %),0,0,0,0,13232625,0.0
11/09/2024,0,0,0.6(0.00 %),0,0,0,0,13232625,0.0
12/09/2024,0,0,0.6(0.00 %),0,0,0,0,13232625,0.0
13/09/2024,0,0,0.5(-16.67 %),0,0,0,0,13232625,0.0
16/09/2024,0,0,0.5(0.00 %),0,0,0,0,13232625,0.0
17/09/2024,0,0,0.5(0.00 %),0,0,0,0,13232625,0.0
18/09/2024,0,0,0.5(0.00 %),0,0,0,0,13232625,0.0
19/09/2024,0,0,0.5(0.00 %),0,0,0,0,13232625,0.0
20/09/2024,0,0,0.6(20.00 %),0,0,0,0,13232625,0.0
23/09/2024,0,0,0.6(0.00 %),0,0,0,0,13232625,0.0
24/09/2024,0,0,0.6(0.00 %),0,0,0,0,13232625,0.0
25/09/2024,0,0,0.6(0.00 %),0,0,0,0,13232625,0.0
26/09/2024,0,0,0.6(0.00 %),0,0,0,0,13232625,0.0
27/09/2024,0,0,0.5(-16.67 %),0,0,0,0,13232625,0.0
30/09/2024,0,0,0.5(0.00 %),0,0,0,0,13232625,0.0
01/10/2024,0,0,0.5(0.00 %),0,0,0,0,13232625,0.0
02/10/2024,0,0,0.5(0.00 %),0,0,0,0,13232625,0.0
03/10/2024,0,0,0.5(0.00 %),0,0,0,0,13232625,0.0
04/10/2024,0,0,0.6(20.00 %),0,0,0,0,13232625,0.0
07/10/2024,0,0,0.6(0.00 %),0,0,0,0,13232625,0.0
08/10/2024,0,0,0.6(0.00 %),0,0,0,0,13232625,0.0
09/10/2024,0,0,0.6(0.00 %),0,0,0,0,13232625,0.0
10/10/2024,0,0,0.6(0.00 %),0,0,0,0,13232625,0.0
11/10/2024,0,0,0.6(0.00 %),0,0,0,0,13232625,0.0
14/10/2024,0,0,0.5(0.00 %),0,0,0,0,13232625,0.0
15/10/2024,0,0,0.5(0.00 %),0,0,0,0,13232625,0.0
16/10/2024,0,0,0.5(0.00 %),0,0,0,0,13232625,0.0
17/10/2024,0,0,0.5(0.00 %),0,0,0,0,13232625,0.0
18/10/2024,0,0,0.5(0.00 %),0,0,0,0,13232625,0.0
21/10/2024,0,0,0.6(0.00 %),0,0,0,0,13232625,0.0
22/10/2024,0,0,0.6(0.00 %),0,0,0,0,13232625,0.0
23/10/2024,0,0,0.6(0.00 %),0,0,0,0,13232625,0.0
24/10/2024,0,0,0.6(0.00 %),0,0,0,0,13232625,0.0
25/10/2024,0,0,0.5(-16.67 %),0,0,0,0,13232625,0.0
28/10/2024,0,0,0.5(0.00 %),0,0,0,0,13232625,0.0
29/10/2024,0,0,0.5(0.00 %),0,0,0,0,13232625,0.0
30/10/2024,0,0,0.5(0.00 %),0,0,0,0,13232625,0.0
31/10/2024,0,0,0.5(0.00 %),0,0,0,0,13232625,0.0
01/11/2024,0,0,0.6(20.00 %),0,0,0,0,13232625,0.0
04/11/2024,0,0,0.5(0.00 %),0,0,0,0,13232625,0.0
05/11/2024,0,0,0.5(0.00 %),0,0,0,0,13232625,0.0
06/11/2024,0,0,0.5(0.00 %),0,0,0,0,13232625,0.0
07/11/2024,0,0,0.5(0.00 %),0,0,0,0,13232625,0.0
08/11/2024,0,0,0.6(20.00 %),0,0,0,0,13232625,0.0
11/11/2024,0,0,0.6(0.00 %),0,0,0,0,13232625,0.0
12/11/2024,0,0,0.6(0.00 %),0,0,0,0,13232625,0.39
13/11/2024,0,0,0.6(0.00 %),0,0,0,0,13232625,0.0
14/11/2024,0,0,0.6(0.00 %),0,0,0,0,13232625,0.0
15/11/2024,0,0,0.5(-16.67 %),0,0,0,0,13232625,0.0
18/11/2024,0,0,0.5(0.00 %),0,0,0,0,13232625,0.0
19/11/2024,0,0,0.5(0.00 %),0,0,0,0,13232625,0.0
20/11/2024,0,0,0.5(0.00 %),0,0,0,0,13232625,0.0
21/11/2024,0,0,0.5(0.00 %),0,0,0,0,13232625,0.0
22/11/2024,0,0,0.5(0.00 %),0,0,0,0,13232625,0.0
25/11/2024,0,0,0.5(0.00 %),0,0,0,0,13232625,0.39
26/11/2024,0,0,0.5(0.00 %),0,0,0,0,13232625,0.39
27/11/2024,0,0,0.5(0.00 %),0,0,0,0,13232625,0.39
28/11/2024,0,0,0.5(0.00 %),0,0,0,0,13232625,0.39
29/11/2024,0,0,0.5(0.00 %),0,0,0,0,13232625,0.39
02/12/2024,0,0,0.5(0.00 %),0,0,0,0,13232625,0.39
03/12/2024,0,0,0.5(0.00 %),0,0,0,0,13232625,0.39
04/12/2024,0,0,0.5(0.00 %),0,0,0,0,13232625,0.39
05/12/2024,0,0,0.5(0.00 %),0,0,0,0,13232625,0.39
09/12/2024,0,0,0.5(0.00 %),0,0,0,0,13232625,0.39
10/12/2024,0,0,0.5(0.00 %),0,0,0,0,13232625,0.39
16/12/2024,0,0,0.5(0.00 %),0,0,0,0,13232625,0.39
17/12/2024,0,0,0.5(0.00 %),0,0,0,0,13232625,0.39
18/12/2024,0,0,0.5(0.00 %),0,0,0,0,13232625,0.39
19/12/2024,0,0,0.5(0.00 %),0,0,0,0,13232625,0.39
20/12/2024,300,150000,0.6(20.00 %),300,150000,0,0,13232325,0.39
24/12/2024,0,0,0.5(0.00 %),0,0,0,0,13232325,0.39
25/12/2024,0,0,0.5(0.00 %),0,0,0,0,13232325,0.39
26/12/2024,0,0,0.5(0.00 %),0,0,0,0,13232325,0.39
27/12/2024,0,0,0.6(20.00 %),0,0,0,0,13232325,0.39
30/12/2024,0,0,0.6(0.00 %),0,0,0,0,13232325,0.39
31/12/2024,0,0,0.6(0.00 %),0,0,0,0,13232325,0.39
02/01/2025,0,0,0.6(0.00 %),0,0,0,0,13232325,0.39
03/01/2025,-300,-180000,0.6(0.00 %),0,0,300,180000,13232325,0.39
06/01/2025,0,0,0.6(0.00 %),0,0,0,0,13232325,0.39
07/01/2025,0,0,0.6(0.00 %),0,0,0,0,13232325,0.0
08/01/2025,0,0,0.6(0.00 %),0,0,0,0,13232625,0.39
09/01/2025,0,0,0.6(0.00 %),0,0,0,0,13232625,0.39
10/01/2025,0,0,0.6(0.00 %),0,0,0,0,13232625,0.39
13/01/2025,0,0,0.6(0.00 %),0,0,0,0,13232625,0.39
14/01/2025,0,0,0.6(0.00 %),0,0,0,0,13232625,0.39
15/01/2025,0,0,0.6(0.00 %),0,0,0,0,13232625,0.39
16/01/2025,0,0,0.6(0.00 %),0,0,0,0,13232625,0.0
17/01/2025,0,0,0.6(0.00 %),0,0,0,0,13232625,0.39
20/01/2025,0,0,0.6(0.00 %),0,0,0,0,13232625,0.39
21/01/2025,0,0,0.6(0.00 %),0,0,0,0,13232625,0.39
22/01/2025,0,0,0.6(0.00 %),0,0,0,0,13232625,0.39
23/01/2025,0,0,0.6(0.00 %),0,0,0,0,13232625,0.39
24/01/2025,0,0,0.5(-16.67 %),0,0,0,0,13232625,0.39
03/02/2025,0,0,0(0.00 %),0,0,0,0,13232625,0.39
04/02/2025,0,0,0.5(0.00 %),0,0,0,0,13232625,0.39
05/02/2025,0,0,0.5(0.00 %),0,0,0,0,13232625,0.39
06/02/2025,0,0,0.5(0.00 %),0,0,0,0,13232625,0.39
07/02/2025,0,0,0.6(20.00 %),0,0,0,0,13232625,0.39
10/02/2025,0,0,0.6(0.00 %),0,0,0,0,13232625,0.39
11/02/2025,0,0,0.6(0.00 %),0,0,0,0,13232625,0.39
12/02/2025,0,0,0.6(0.00 %),0,0,0,0,13232625,0.39
13/02/2025,0,0,0.6(0.00 %),0,0,0,0,13232625,0.39
14/02/2025,0,0,0.6(0.00 %),0,0,0,0,13232625,0.39
17/02/2025,0,0,0.7(0.00 %),0,0,0,0,13232625,0.39
18/02/2025,0,0,0.7(0.00 %),0,0,0,0,13232625,0.39
19/02/2025,0,0,0.7(0.00 %),0,0,0,0,13232625,0.39
20/02/2025,0,0,0.7(0.00 %),0,0,0,0,13232625,0.39
21/02/2025,0,0,0.6(-14.29 %),0,0,0,0,13232625,0.39
24/02/2025,0,0,0.6(0.00 %),0,0,0,0,13232625,0.39
25/02/2025,0,0,0.6(0.00 %),0,0,0,0,13232625,0.39
26/02/2025,0,0,0.6(0.00 %),0,0,0,0,13232625,0.39
27/02/2025,0,0,0.6(0.00 %),0,0,0,0,13232625,0.39
28/02/2025,0,0,0.7(16.67 %),0,0,0,0,13232625,0.39
03/03/2025,0,0,0.7(0.00 %),0,0,0,0,13232625,0.39
04/03/2025,0,0,0.7(0.00 %),0,0,0,0,13232625,0.39
05/03/2025,0,0,0.7(0.00 %),0,0,0,0,13232625,0.39
06/03/2025,0,0,0.7(0.00 %),0,0,0,0,13232625,0.39
07/03/2025,0,0,0.7(0.00 %),0,0,0,0,13232625,0.39
10/03/2025,0,0,0.6(0.00 %),0,0,0,0,13232625,0.39
11/03/2025,0,0,0.6(0.00 %),0,0,0,0,13232625,0.39
12/03/2025,0,0,0.6(0.00 %),0,0,0,0,13232625,0.39
13/03/2025,0,0,0.6(0.00 %),0,0,0,0,13232625,0.39
14/03/2025,0,0,0.6(0.00 %),0,0,0,0,13232625,0.39
17/03/2025,0,0,0(0.00 %),0,0,0,0,13232625,0.39
18/03/2025,0,0,0.6(0.00 %),0,0,0,0,13232625,0.39
19/03/2025,0,0,0.6(0.00 %),0,0,0,0,13232625,0.39
20/03/2025,0,0,0.6(0.00 %),0,0,0,0,13232625,0.39
21/03/2025,0,0,0.6(0.00 %),0,0,0,0,13232625,0.39
24/03/2025,0,0,0.6(0.00 %),0,0,0,0,13232625,0.39
25/03/2025,0,0,0.6(0.00 %),0,0,0,0,13232625,0.39
26/03/2025,0,0,0.6(0.00 %),0,0,0,0,13232625,0.39
27/03/2025,0,0,0.6(0.00 %),0,0,0,0,13232625,0.39
28/03/2025,0,0,0.6(0.00 %),0,0,0,0,13232625,0.39
31/03/2025,0,0,0.7(0.00 %),0,0,0,0,13232625,0.39
01/04/2025,0,0,0.7(0.00 %),0,0,0,0,13232625,0.39
02/04/2025,0,0,0.7(0.00 %),0,0,0,0,13232625,0.39
03/04/2025,0,0,0.7(0.00 %),0,0,0,0,13232625,0.39
04/04/2025,0,0,0.6(-14.29 %),0,0,0,0,13232625,0.39
08/04/2025,0,0,0.6(0.00 %),0,0,0,0,13232625,0.39
09/04/2025,0,0,0.6(0.00 %),0,0,0,0,13232625,0.39
10/04/2025,0,0,0.6(0.00 %),0,0,0,0,13232625,0.39
11/04/2025,0,0,0.6(0.00 %),0,0,0,0,13232625,0.39
14/04/2025,0,0,0.5(0.00 %),0,0,0,0,13232625,0.39
15/04/2025,0,0,0.5(0.00 %),0,0,0,0,13232625,0.39
16/04/2025,0,0,0.5(0.00 %),0,0,0,0,13232625,0.39
17/04/2025,0,0,0.5(0.00 %),0,0,0,0,13232625,0.39
18/04/2025,0,0,0.6(20.00 %),0,0,0,0,13232625,0.39
21/04/2025,0,0,0.5(0.00 %),0,0,0,0,13232625,0.39
22/04/2025,0,0,0.5(0.00 %),0,0,0,0,13232625,0.39
23/04/2025,0,0,0.5(0.00 %),0,0,0,0,13232625,0.39
24/04/2025,0,0,0.5(0.00 %),0,0,0,0,13232625,0.39
25/04/2025,0,0,0.6(20.00 %),0,0,0,0,13232625,0.39
28/04/2025,0,0,0.5(0.00 %),0,0,0,0,13232625,0.39
29/04/2025,0,0,0.5(0.00 %),0,0,0,0,13232625,0.39
05/05/2025,0,0,0.5(0.00 %),0,0,0,0,13232625,0.39
06/05/2025,0,0,0.5(0.00 %),0,0,0,0,13232625,0.39
07/05/2025,0,0,0.5(0.00 %),0,0,0,0,13232625,0.39
08/05/2025,0,0,0.5(0.00 %),0,0,0,0,13232625,0.39
09/05/2025,0,0,0.5(0.00 %),0,0,0,0,13232625,0.39
12/05/2025,0,0,0.5(0.00 %),0,0,0,0,13232625,0.39
13/05/2025,0,0,0.5(0.00 %),0,0,0,0,13232625,0.39
14/05/2025,0,0,0.5(0.00 %),0,0,0,0,13232625,0.39
15/05/2025,0,0,0.5(0.00 %),0,0,0,0,13232625,0.39
16/05/2025,0,0,0.6(20.00 %),0,0,0,0,13232625,0.39
19/05/2025,0,0,0.6(0.00 %),0,0,0,0,13232625,0.39
20/05/2025,0,0,0.6(0.00 %),0,0,0,0,13232625,0.39
21/05/2025,0,0,0.6(0.00 %),0,0,0,0,13232625,0.39
22/05/2025,0,0,0.6(0.00 %),0,0,0,0,13232625,0.39
23/05/2025,0,0,0.6(0.00 %),0,0,0,0,13232625,0.39
26/05/2025,0,0,0.6(0.00 %),0,0,0,0,13232625,0.39
27/05/2025,0,0,0.6(0.00 %),0,0,0,0,13232625,0.39
28/05/2025,0,0,0.6(0.00 %),0,0,0,0,13232625,0.39
29/05/2025,0,0,0.6(0.00 %),0,0,0,0,13232625,0.39
30/05/2025,0,0,0.6(0.00 %),0,0,0,0,13232625,0.39
02/06/2025,0,0,0.5(0.00 %),0,0,0,0,13232625,0.39
03/06/2025,0,0,0.5(0.00 %),0,0,0,0,13232625,0.39
04/06/2025,0,0,0.5(0.00 %),0,0,0,0,13232625,0.39
05/06/2025,0,0,0.5(0.00 %),0,0,0,0,13232625,0.39
06/06/2025,0,0,0.6(20.00 %),0,0,0,0,13232625,0.39
09/06/2025,0,0,0.5(0.00 %),0,0,0,0,13232625,0.39
10/06/2025,0,0,0.5(0.00 %),0,0,0,0,13232625,0.39
11/06/2025,0,0,0.5(0.00 %),0,0,0,0,13232625,0.39
12/06/2025,0,0,0.5(0.00 %),0,0,0,0,13232625,0.39
13/06/2025,0,0,0.6(20.00 %),0,0,0,0,13232625,0.39
16/06/2025,0,0,0.5(0.00 %),0,0,0,0,13232625,0.39
17/06/2025,0,0,0.5(0.00 %),0,0,0,0,13232625,0.39
18/06/2025,0,0,0.5(0.00 %),0,0,0,0,13232625,0.39
19/06/2025,0,0,0.5(0.00 %),0,0,0,0,13232625,0.39
20/06/2025,0,0,0.6(20.00 %),0,0,0,0,13232625,0.39
23/06/2025,0,0,0.5(0.00 %),0,0,0,0,13232625,0.39
24/06/2025,0,0,0.5(0.00 %),0,0,0,0,13232625,0.39
25/06/2025,0,0,0.5(0.00 %),0,0,0,0,13232625,0.39
26/06/2025,0,0,0.5(0.00 %),0,0,0,0,13232625,0.39
27/06/2025,0,0,0.5(0.00 %),0,0,0,0,13232625,0.39
30/06/2025,0,0,0.5(0.00 %),0,0,0,0,13232625,0.39
01/07/2025,0,0,0.5(0.00 %),0,0,0,0,13232625,0.39
02/07/2025,0,0,0.5(0.00 %),0,0,0,0,13232625,0.39
03/07/2025,0,0,0.5(0.00 %),0,0,0,0,13232625,0.39
04/07/2025,0,0,0.5(0.00 %),0,0,0,0,13232625,0.39
07/07/2025,0,0,0.5(0.00 %),0,0,0,0,13232625,0.39
08/07/2025,0,0,0.5(0.00 %),0,0,0,0,13232625,0.39
09/07/2025,0,0,0(0.00 %),0,0,0,0,13232625,0.39
11/07/2025,0,0,0.5(0.00 %),0,0,0,0,13232625,0.39
14/07/2025,0,0,0.5(0.00 %),0,0,0,0,13232625,0.39
15/07/2025,0,0,0.5(0.00 %),0,0,0,0,13232625,0.39
16/07/2025,0,0,0.5(0.00 %),0,0,0,0,13232625,0.39
17/07/2025,0,0,0.5(0.00 %),0,0,0,0,13232625,0.39
18/07/2025,0,0,0.6(20.00 %),0,0,0,0,13232625,0.39
21/07/2025,0,0,0.6(0.00 %),0,0,0,0,13232625,0.39
22/07/2025,0,0,0.6(0.00 %),0,0,0,0,13232625,0.39
23/07/2025,0,0,0.6(0.00 %),0,0,0,0,13232625,0.39
24/07/2025,0,0,0.6(0.00 %),0,0,0,0,13232625,0.39
25/07/2025,0,0,0.7(16.67 %),0,0,0,0,13232625,0.39
28/07/2025,0,0,0.7(0.00 %),0,0,0,0,13232625,0.39
29/07/2025,0,0,0.7(0.00 %),0,0,0,0,13232625,0.39
30/07/2025,0,0,0.7(0.00 %),0,0,0,0,13232625,0.39
31/07/2025,0,0,0.7(0.00 %),0,0,0,0,13232625,0.39
01/08/2025,0,0,0.6(-14.29 %),0,0,0,0,13232625,0.39
04/08/2025,0,0,0.6(0.00 %),0,0,0,0,13232625,0.39
05/08/2025,0,0,0.6(0.00 %),0,0,0,0,13232625,0.39
06/08/2025,0,0,0.6(0.00 %),0,0,0,0,13232625,0.39
07/08/2025,0,0,0.6(0.00 %),0,0,0,0,13232625,0.39
08/08/2025,0,0,0.7(16.67 %),0,0,0,0,13232625,0.39
11/08/2025,0,0,0.7(0.00 %),0,0,0,0,13232625,0.39
12/08/2025,0,0,0.7(0.00 %),0,0,0,0,13232625,0.39
13/08/2025,0,0,0.7(0.00 %),0,0,0,0,13232625,0.39
14/08/2025,0,0,0.7(0.00 %),0,0,0,0,13232625,0.39
15/08/2025,0,0,0.6(-14.29 %),0,0,0,0,13232625,0.39
18/08/2025,0,0,0.6(0.00 %),0,0,0,0,13232625,0.39
19/08/2025,0,0,0.6(0.00 %),0,0,0,0,13232625,0.39
20/08/2025,0,0,0.6(0.00 %),0,0,0,0,13232625,0.39
21/08/2025,0,0,0.6(0.00 %),0,0,0,0,13232625,0.39
22/08/2025,0,0,0.5(-16.67 %),0,0,0,0,13232625,0.39
25/08/2025,0,0,0.6(0.00 %),0,0,0,0,0,0.0
