Ngay,KLGDRong,GTDGRong,ThayDoi,KLMua,GtMua,KLBan,GtBan,RoomConLai,DangSoHuu
03/07/2006,100,2820,0(0.00 %),100,2820,0,0,0,0.0
10/07/2006,250,8840,0(0.00 %),350,12390,100,3550,0,0.0
11/07/2006,700,24510,0(0.00 %),700,24510,0,0,0,0.0
14/07/2006,500,17180,0(0.00 %),500,17180,0,0,0,0.0
17/07/2006,60,2040,0(0.00 %),60,2040,0,0,0,0.0
18/07/2006,60,1920,0(0.00 %),60,1920,0,0,0,0.0
20/07/2006,-200,-6480,0(0.00 %),0,0,200,6480,0,0.0
21/07/2006,400,12800,0(0.00 %),400,12800,0,0,0,0.0
24/07/2006,350,10500,0(0.00 %),350,10500,0,0,0,0.0
25/07/2006,-200,-5900,0(0.00 %),0,0,200,5900,0,0.0
26/07/2006,1200,33600,0(0.00 %),1200,33600,0,0,0,0.0
27/07/2006,200,5600,0(0.00 %),200,5600,0,0,0,0.0
31/07/2006,700,19600,0(0.00 %),700,19600,0,0,0,0.0
02/08/2006,3800,96140,0(0.00 %),3800,96140,0,0,0,0.0
07/08/2006,100,2860,0(0.00 %),100,2860,0,0,0,0.0
08/08/2006,10,282,0(0.00 %),10,282,0,0,0,0.0
14/08/2006,1080,31140,0(0.00 %),1280,37120,200,5980,0,0.0
15/08/2006,-50,-1495,0(0.00 %),0,0,50,1495,0,0.0
16/08/2006,-300,-9300,0(0.00 %),0,0,300,9300,0,0.0
18/08/2006,-100,-3000,0(0.00 %),0,0,100,3000,0,0.0
21/08/2006,1000,29500,0(0.00 %),1000,29500,0,0,0,0.0
22/08/2006,-5200,-147160,0(0.00 %),0,0,5200,147160,0,0.0
25/08/2006,10,290,0(0.00 %),10,290,0,0,0,0.0
28/08/2006,310,9083,0(0.00 %),310,9083,0,0,0,0.0
05/09/2006,300,9600,0(0.00 %),300,9600,0,0,0,0.0
06/09/2006,100,3300,0(0.00 %),100,3300,0,0,0,0.0
14/09/2006,-200,-7800,0(0.00 %),0,0,200,7800,0,0.0
18/09/2006,200,7200,0(0.00 %),200,7200,0,0,0,0.0
20/09/2006,1000,37000,0(0.00 %),1000,37000,0,0,0,0.0
22/09/2006,200,7080,0(0.00 %),200,7080,0,0,0,0.0
27/09/2006,-200,-7780,0(0.00 %),0,0,200,7780,0,0.0
02/10/2006,400,15400,0(0.00 %),400,15400,0,0,0,0.0
03/10/2006,310,11938,0(0.00 %),310,11938,0,0,0,0.0
05/10/2006,20200,773740,0(0.00 %),20200,773740,0,0,0,0.0
06/10/2006,300,11430,0(0.00 %),300,11430,0,0,0,0.0
09/10/2006,2340,90090,0(0.00 %),2440,93940,100,3850,0,0.0
13/10/2006,500,20750,0(0.00 %),500,20750,0,0,0,0.0
16/10/2006,400,16500,0(0.00 %),600,24900,200,8400,0,0.0
17/10/2006,200,8000,0(0.00 %),200,8000,0,0,0,0.0
23/10/2006,-650,-26650,0(0.00 %),0,0,650,26650,0,0.0
25/10/2006,1000,40300,0(0.00 %),1000,40300,0,0,0,0.0
02/11/2006,600,23250,0(0.00 %),600,23250,0,0,0,0.0
03/11/2006,500,18500,0(0.00 %),500,18500,0,0,0,0.0
07/11/2006,4020,150750,0(0.00 %),4020,150750,0,0,0,0.0
08/11/2006,5000,189000,0(0.00 %),5000,189000,0,0,0,0.0
10/11/2006,10,388,0(0.00 %),10,388,0,0,0,0.0
14/11/2006,-250,-9625,0(0.00 %),0,0,250,9625,0,0.0
15/11/2006,-150,-5850,0(0.00 %),0,0,150,5850,0,0.0
16/11/2006,200,7600,0(0.00 %),200,7600,0,0,0,0.0
20/11/2006,-90,-3900,0(0.00 %),110,4400,200,8300,0,0.0
22/11/2006,-250,-10000,0(0.00 %),0,0,250,10000,0,0.0
23/11/2006,-1300,-52600,0(0.00 %),0,0,1300,52600,0,0.0
24/11/2006,2700,118800,0(0.00 %),3000,132000,300,13200,0,0.0
27/11/2006,-250,-11475,0(0.00 %),0,0,250,11475,0,0.0
29/11/2006,300,11790,0(0.00 %),300,11790,0,0,0,0.0
05/12/2006,100,4000,0(0.00 %),100,4000,0,0,0,0.0
06/12/2006,190,7562,0(0.00 %),190,7562,0,0,0,0.0
13/12/2006,-2500,-93750,38.5(-2.28 %),500,18750,3000,112500,0,0.0
14/12/2006,-500,-20000,38.5(0.00 %),0,0,500,20000,0,0.0
21/12/2006,100,3890,38.9(1.30 %),100,3890,0,0,0,0.0
25/12/2006,600,22560,38(0.00 %),600,22560,0,0,0,0.0
27/12/2006,-300,-11700,38.5(0.00 %),0,0,300,11700,0,0.0
29/12/2006,-600,-24240,40(3.90 %),0,0,600,24240,0,0.0
01/03/2007,7000,357000000,51(4.08 %),7000,357000000,0,0,0,0.0
02/03/2007,-300,-16050000,53.5(4.90 %),0,0,300,16050000,0,0.0
05/03/2007,0,0,56(4.67 %),0,0,0,0,0,0.0
06/03/2007,0,0,58.5(4.46 %),0,0,0,0,0,0.0
07/03/2007,0,0,61(4.27 %),0,0,0,0,0,0.0
08/03/2007,0,0,64(4.92 %),0,0,0,0,0,0.0
09/03/2007,-7000,-469000000,67(4.69 %),0,0,7000,469000000,0,0.0
12/03/2007,2000,140000000,70(4.48 %),2000,140000000,0,0,0,0.0
13/03/2007,0,0,73.5(5.00 %),0,0,0,0,0,0.0
14/03/2007,-200,-10800000,54(4.55 %),0,0,200,10800000,0,0.0
15/03/2007,-1000,-52850000,51.5(-4.63 %),0,0,1000,52850000,0,0.0
16/03/2007,0,0,54(4.85 %),0,0,0,0,0,0.0
19/03/2007,-200,-11300000,56.5(4.63 %),0,0,200,11300000,0,0.0
20/03/2007,0,0,59(4.42 %),0,0,0,0,0,0.0
21/03/2007,700,43050000,61.5(4.24 %),1000,61500000,300,18450000,0,0.0
22/03/2007,0,0,58.5(-4.88 %),0,0,0,0,0,0.0
23/03/2007,-580,-33060000,57(-2.56 %),0,0,580,33060000,0,0.0
26/03/2007,200,11400000,57(0.00 %),200,11400000,0,0,0,0.0
27/03/2007,0,0,54.5(-4.39 %),0,0,0,0,0,0.0
28/03/2007,0,0,52(-4.59 %),0,0,0,0,0,0.0
29/03/2007,0,0,54.5(4.81 %),0,0,0,0,0,0.0
30/03/2007,0,0,57(4.59 %),0,0,0,0,0,0.0
02/04/2007,200,11400000,57(0.00 %),200,11400000,0,0,0,0.0
03/04/2007,0,0,54.5(-4.39 %),0,0,0,0,0,0.0
04/04/2007,0,0,54(-0.92 %),0,0,0,0,0,0.0
05/04/2007,0,0,54(0.00 %),0,0,0,0,0,0.0
06/04/2007,0,0,52(-3.70 %),0,0,0,0,0,0.0
09/04/2007,0,0,51(-1.92 %),0,0,0,0,0,0.0
10/04/2007,100,5000000,51(0.00 %),100,5000000,0,0,0,0.0
11/04/2007,0,0,49.5(-2.94 %),0,0,0,0,0,0.0
12/04/2007,0,0,48(-3.03 %),0,0,0,0,0,0.0
13/04/2007,200,9400000,47.8(-0.42 %),200,9400000,0,0,0,0.0
16/04/2007,690,31455000,45.5(-4.81 %),690,31455000,0,0,0,0.0
17/04/2007,600,25980000,43.3(-4.84 %),600,25980000,0,0,0,0.0
18/04/2007,100,4120000,45.4(4.85 %),100,4120000,0,0,0,0.0
19/04/2007,0,0,47.6(4.85 %),0,0,0,0,0,0.0
20/04/2007,0,0,46(-3.36 %),0,0,0,0,0,0.0
23/04/2007,180,7866000,46(0.00 %),180,7866000,0,0,0,0.0
24/04/2007,0,0,45(-2.17 %),0,0,0,0,0,0.0
25/04/2007,0,0,47(4.44 %),0,0,0,0,0,0.0
02/05/2007,0,0,48(2.13 %),0,0,0,0,0,0.0
03/05/2007,0,0,47(-2.08 %),0,0,0,0,0,0.0
04/05/2007,0,0,47(0.00 %),0,0,0,0,0,0.0
07/05/2007,0,0,49.3(4.89 %),0,0,0,0,0,0.0
08/05/2007,-2000,-103000000,51.5(4.46 %),0,0,2000,103000000,0,0.0
09/05/2007,100,5100000,51(-0.97 %),100,5100000,0,0,0,0.0
10/05/2007,0,0,51(0.00 %),0,0,0,0,0,0.0
11/05/2007,1000,49800000,50(-1.96 %),1000,49800000,0,0,0,0.0
14/05/2007,0,0,50.5(1.00 %),0,0,0,0,0,0.0
15/05/2007,0,0,51(0.99 %),0,0,0,0,0,0.0
16/05/2007,0,0,51(0.00 %),0,0,0,0,0,0.0
17/05/2007,300,15000000,51(0.00 %),300,15000000,0,0,0,0.0
18/05/2007,-200,-10400000,52(1.96 %),0,0,200,10400000,0,0.0
21/05/2007,-300,-16350000,54.5(4.81 %),0,0,300,16350000,0,0.0
22/05/2007,-90,-5130000,57(4.59 %),10,570000,100,5700000,0,0.0
23/05/2007,-200,-11800000,59(3.51 %),0,0,200,11800000,0,0.0
24/05/2007,0,0,57(-3.39 %),0,0,0,0,0,0.0
25/05/2007,100,5500000,57.5(0.88 %),100,5500000,0,0,0,0.0
28/05/2007,0,0,59(2.61 %),0,0,0,0,0,0.0
29/05/2007,0,0,60(1.69 %),0,0,0,0,0,0.0
30/05/2007,0,0,62(3.33 %),0,0,0,0,0,0.0
31/05/2007,-100,-6500000,65(4.84 %),0,0,100,6500000,0,0.0
01/06/2007,0,0,68(4.62 %),0,0,0,0,0,0.0
04/06/2007,-200,-14200000,71(4.41 %),0,0,200,14200000,0,0.0
05/06/2007,0,0,74.5(4.93 %),0,0,0,0,0,0.0
06/06/2007,0,0,78(4.70 %),0,0,0,0,0,0.0
07/06/2007,100,8250000,80.5(3.21 %),500,40650000,400,32400000,0,0.0
08/06/2007,2450,193150000,77(-4.35 %),2450,193150000,0,0,0,0.0
11/06/2007,-50,-3900000,80.5(4.55 %),200,16100000,250,20000000,0,0.0
12/06/2007,0,0,84.5(4.97 %),0,0,0,0,0,0.0
13/06/2007,5100,448800000,88(4.14 %),5100,448800000,0,0,0,0.0
14/06/2007,-1000,-88000000,84(-4.55 %),0,0,1000,88000000,0,0.0
15/06/2007,500,40000000,80(-4.76 %),500,40000000,0,0,0,0.0
18/06/2007,-1000,-84000000,84(5.00 %),0,0,1000,84000000,0,0.0
19/06/2007,-500,-42500000,84(0.00 %),500,42500000,1000,85000000,0,0.0
20/06/2007,0,0,82(-2.38 %),0,0,0,0,0,0.0
21/06/2007,-500,-39900000,79(-3.66 %),0,0,500,39900000,0,0.0
22/06/2007,100,7550000,75.5(-4.43 %),100,7550000,0,0,0,0.0
25/06/2007,800,59900000,75.5(0.00 %),1000,75000000,200,15100000,0,0.0
26/06/2007,-500,-35500000,79(4.64 %),1500,115500000,2000,151000000,0,0.0
27/06/2007,0,0,77(-2.53 %),0,0,0,0,0,0.0
28/06/2007,0,0,78(1.30 %),0,0,0,0,0,0.0
29/06/2007,-480,-36960000,77(-1.28 %),20,1540000,500,38500000,0,0.0
02/07/2007,3100,233550000,73.5(-4.55 %),5600,420000000,2500,186450000,0,0.0
03/07/2007,0,0,70(-4.76 %),0,0,0,0,0,0.0
04/07/2007,0,0,73.5(5.00 %),0,0,0,0,0,0.0
05/07/2007,0,0,72(-2.04 %),0,0,0,0,0,0.0
06/07/2007,-150,-10875000,72.5(0.69 %),0,0,150,10875000,0,0.0
09/07/2007,200,14800000,74(2.07 %),200,14800000,0,0,0,0.0
10/07/2007,0,0,77(4.05 %),0,0,0,0,0,0.0
11/07/2007,1200,92400000,76(-1.30 %),1200,92400000,0,0,0,0.0
12/07/2007,0,0,74(-2.63 %),0,0,0,0,0,0.0
13/07/2007,0,0,74(0.00 %),0,0,0,0,0,0.0
16/07/2007,-10,-775000,77.5(4.73 %),0,0,10,775000,0,0.0
17/07/2007,0,0,81(4.52 %),0,0,0,0,0,0.0
18/07/2007,0,0,85(4.94 %),0,0,0,0,0,0.0
19/07/2007,0,0,89(4.71 %),0,0,0,0,0,0.0
20/07/2007,2820,239700000,85(-4.49 %),2820,239700000,0,0,0,0.0
23/07/2007,200,16200000,81(-4.71 %),200,16200000,0,0,0,0.0
24/07/2007,150,12000000,80(-1.23 %),150,12000000,0,0,0,0.0
25/07/2007,0,0,76.5(-4.38 %),0,0,0,0,0,0.0
26/07/2007,0,0,76(-0.65 %),0,0,0,0,0,0.0
27/07/2007,0,0,77(1.32 %),0,0,0,0,0,0.0
30/07/2007,100,7400000,74(-3.90 %),100,7400000,0,0,0,0.0
31/07/2007,0,0,71(-4.05 %),0,0,0,0,0,0.0
01/08/2007,1000,69000000,71.5(0.70 %),1000,69000000,0,0,0,0.0
02/08/2007,0,0,72.5(1.40 %),0,0,0,0,0,0.0
03/08/2007,0,0,71.5(-1.38 %),0,0,0,0,0,0.0
06/08/2007,20,1430000,72(0.70 %),20,1430000,0,0,0,0.0
07/08/2007,500,36000000,72(0.00 %),3000,216000000,2500,180000000,0,0.0
08/08/2007,0,0,72(0.00 %),0,0,0,0,0,0.0
09/08/2007,0,0,73(1.39 %),0,0,0,0,0,0.0
10/08/2007,-400,-28700000,72.5(-0.68 %),100,7300000,500,36000000,0,0.0
13/08/2007,-500,-36000000,71.5(-1.38 %),0,0,500,36000000,0,0.0
14/08/2007,1000,72875000,72(0.70 %),1000,72875000,0,0,0,0.0
15/08/2007,200,14400000,72(0.00 %),200,14400000,0,0,0,0.0
16/08/2007,1000,72000000,72(0.00 %),1000,72000000,0,0,0,0.0
17/08/2007,0,0,72(0.00 %),0,0,0,0,0,0.0
20/08/2007,0,0,73(1.39 %),0,0,0,0,0,0.0
21/08/2007,1000,73715000,73(0.00 %),1000,73715000,0,0,0,0.0
22/08/2007,0,0,72(-1.37 %),0,0,0,0,0,0.0
23/08/2007,0,0,73(1.39 %),0,0,0,0,0,0.0
24/08/2007,1500,114200000,76.5(4.79 %),2000,150450000,500,36250000,0,0.0
27/08/2007,-1000,-78500000,80(4.58 %),0,0,1000,78500000,0,0.0
28/08/2007,-1010,-78275000,77.5(-3.12 %),100,7750000,1110,86025000,0,0.0
29/08/2007,2610,199415000,76.5(-1.29 %),2610,199415000,0,0,0,0.0
30/08/2007,2000,160000000,80(4.58 %),2000,160000000,0,0,0,0.0
31/08/2007,-1890,-149310000,79(-1.25 %),0,0,1890,149310000,0,0.0
04/09/2007,0,0,80(1.27 %),0,0,0,0,0,0.0
05/09/2007,0,0,79(-1.25 %),0,0,0,0,0,0.0
06/09/2007,3130,249085000,79.5(0.63 %),3130,249085000,0,0,0,0.0
07/09/2007,1200,100600000,83(4.40 %),2000,166000000,800,65400000,0,0.0
10/09/2007,-2610,-218045000,87(4.82 %),1000,87000000,3610,305045000,0,0.0
11/09/2007,-500,-43500000,87(0.00 %),1300,113100000,1800,156600000,0,0.0
12/09/2007,0,0,83(-4.60 %),0,0,0,0,0,0.0
13/09/2007,-300,-25400000,85(2.41 %),200,16600000,500,42000000,0,0.0
14/09/2007,-500,-43000000,86(1.18 %),0,0,500,43000000,0,0.0
17/09/2007,5260,461555000,89(3.49 %),7000,613625000,1740,152070000,0,0.0
18/09/2007,610,56730000,93(4.49 %),610,56730000,0,0,0,0.0
19/09/2007,0,0,97.5(4.84 %),0,0,0,0,0,0.0
20/09/2007,-1770,-172575000,99(1.54 %),120,11700000,1890,184275000,0,0.0
21/09/2007,21670,2138295000,99.5(0.51 %),21670,2138295000,0,0,0,0.0
24/09/2007,2030,212090000,104(4.52 %),3100,322300000,1070,110210000,0,0.0
25/09/2007,-2110,-229090000,108(3.85 %),0,0,2110,229090000,0,0.0
26/09/2007,-630,-66050000,105(-2.78 %),700,75600000,1330,141650000,0,0.0
27/09/2007,100,10300000,100(-4.76 %),100,10300000,0,0,0,0.0
28/09/2007,-1000,-104000000,105(5.00 %),0,0,1000,104000000,0,0.0
01/10/2007,0,0,106(0.95 %),0,0,0,0,0,0.0
02/10/2007,230,23460000,102(-3.77 %),230,23460000,0,0,0,0.0
03/10/2007,100,10100000,103(0.98 %),100,10100000,0,0,0,0.0
04/10/2007,400,40600000,100(-2.91 %),400,40600000,0,0,0,0.0
05/10/2007,0,0,101(1.00 %),0,0,0,0,0,0.0
08/10/2007,-190,-19570000,103(1.98 %),10,1030000,200,20600000,0,0.0
09/10/2007,0,0,108(4.85 %),0,0,0,0,0,0.0
10/10/2007,0,0,113(4.63 %),0,0,0,0,0,0.0
11/10/2007,500,58500000,117(3.54 %),500,58500000,0,0,0,0.0
12/10/2007,70,8190000,121(3.42 %),70,8190000,0,0,0,0.0
15/10/2007,1520,193040000,127(4.96 %),1520,193040000,0,0,0,0.0
16/10/2007,0,0,129(1.57 %),0,0,0,0,0,0.0
17/10/2007,0,0,128(-0.78 %),0,0,0,0,0,0.0
18/10/2007,-100,-12800000,122(-4.69 %),0,0,100,12800000,0,0.0
19/10/2007,0,0,128(4.92 %),0,0,0,0,0,0.0
22/10/2007,0,0,129(0.78 %),0,0,0,0,0,0.0
23/10/2007,500,62500000,125(-3.10 %),500,62500000,0,0,0,0.0
24/10/2007,0,0,130(4.00 %),0,0,0,0,0,0.0
25/10/2007,4300,571900000,134(3.08 %),4300,571900000,0,0,0,0.0
26/10/2007,0,0,140(4.48 %),0,0,0,0,0,0.0
29/10/2007,0,0,147(5.00 %),0,0,0,0,0,0.0
30/10/2007,200,28200000,141(-4.08 %),200,28200000,0,0,0,0.0
31/10/2007,0,0,148(4.96 %),0,0,0,0,0,0.0
01/11/2007,300,46500000,155(4.73 %),300,46500000,0,0,0,0.0
02/11/2007,-9420,-1526040000,162(4.52 %),1600,259200000,11020,1785240000,0,0.0
05/11/2007,7520,1215920000,162(0.00 %),7520,1215920000,0,0,0,0.0
06/11/2007,2700,442920000,164(1.23 %),2760,452640000,60,9720000,0,0.0
07/11/2007,-40,-6480000,160(-2.44 %),0,0,40,6480000,0,0.0
08/11/2007,0,0,155(-3.12 %),0,0,0,0,0,0.0
09/11/2007,-2820,-419980000,148(-4.52 %),200,30000000,3020,449980000,0,0.0
12/11/2007,240,33840000,141(-4.73 %),250,35250000,10,1410000,0,0.0
13/11/2007,-4200,-562800000,134(-4.96 %),0,0,4200,562800000,0,0.0
14/11/2007,-100,-13400000,140(4.48 %),0,0,100,13400000,0,0.0
15/11/2007,4830,675800000,139(-0.71 %),4830,675800000,0,0,0,0.0
16/11/2007,780,106060000,139(0.00 %),800,108800000,20,2740000,0,0.0
19/11/2007,500,72500000,145(4.32 %),500,72500000,0,0,0,0.0
20/11/2007,800,112800000,143(-1.38 %),800,112800000,0,0,0,0.0
21/11/2007,2040,290700000,143(0.00 %),2040,290700000,0,0,0,0.0
22/11/2007,-150,-22500000,150(4.90 %),0,0,150,22500000,0,0.0
23/11/2007,-500,-78500000,157(4.67 %),0,0,500,78500000,0,0.0
26/11/2007,-4000,-656000000,162(3.18 %),0,0,4000,656000000,0,0.0
27/11/2007,200,32000000,155(-4.32 %),200,32000000,0,0,0,0.0
28/11/2007,0,0,157(1.29 %),0,0,0,0,0,0.0
29/11/2007,-9900,-1554300000,158(0.64 %),100,15700000,10000,1570000000,0,0.0
30/11/2007,-9400,-1460800000,154(-2.53 %),600,94200000,10000,1555000000,0,0.0
03/12/2007,270,42520000,156(1.30 %),270,42520000,0,0,0,0.0
04/12/2007,3600,545000000,151(-3.21 %),3600,545000000,0,0,0,0.0
05/12/2007,420,61560000,145(-3.97 %),420,61560000,0,0,0,0.0
06/12/2007,9840,1400960000,143(-1.38 %),9840,1400960000,0,0,0,0.0
07/12/2007,100,14300000,147(2.80 %),100,14300000,0,0,0,0.0
10/12/2007,450,65700000,140(-4.76 %),450,65700000,0,0,0,0.0
11/12/2007,-6590,-883010000,133(-5.00 %),200,26900000,6790,909910000,0,0.0
12/12/2007,1000,132000000,135(1.50 %),1000,132000000,0,0,0,0.0
13/12/2007,0,0,133(-1.48 %),0,0,0,0,0,0.0
14/12/2007,0,0,58(4.50 %),0,0,0,0,0,0.0
17/12/2007,0,0,58(0.00 %),0,0,0,0,0,0.0
18/12/2007,-110,-6215000,56.5(-2.59 %),0,0,110,6215000,0,0.0
19/12/2007,1110,65490000,59(4.42 %),1500,88500000,390,23010000,0,0.0
20/12/2007,-700,-41300000,59(0.00 %),0,0,700,41300000,0,0.0
21/12/2007,0,0,60(1.69 %),0,0,0,0,0,0.0
24/12/2007,0,0,59(-1.67 %),0,0,0,0,0,0.0
25/12/2007,0,0,57(-3.39 %),0,0,0,0,0,0.0
26/12/2007,1500,87000000,58(1.75 %),1500,87000000,0,0,0,0.0
27/12/2007,300,17550000,58(0.00 %),300,17550000,0,0,0,0.0
28/12/2007,0,0,58(0.00 %),0,0,0,0,0,0.0
02/01/2008,0,0,56.5(-2.59 %),0,0,0,0,0,0.0
03/01/2008,-8720,-483605000,54.5(-3.54 %),300,16800000,9020,500405000,0,0.0
04/01/2008,-1880,-99140000,52.5(-3.67 %),0,0,1880,99140000,0,0.0
07/01/2008,0,0,49.9(-4.95 %),0,0,0,0,0,0.0
08/01/2008,-2040,-100434000,49.4(-1.00 %),0,0,2040,100434000,0,0.0
09/01/2008,0,0,47(-4.86 %),0,0,0,0,0,0.0
10/01/2008,1000,45000000,44.7(-4.89 %),1000,45000000,0,0,0,0.0
11/01/2008,0,0,46.8(4.70 %),0,0,0,0,0,0.0
14/01/2008,-1870,-83400000,44.5(-4.91 %),0,0,1870,83400000,0,0.0
15/01/2008,-1870,-83400000,42.3(-4.94 %),0,0,1870,83400000,0,0.0
16/01/2008,-630,-27972000,44.4(4.96 %),0,0,630,27972000,0,0.0
17/01/2008,0,0,45.5(2.48 %),0,0,0,0,0,0.0
18/01/2008,1500,69000000,46(1.10 %),1500,69000000,0,0,0,0.0
21/01/2008,300,13500000,45.2(-1.74 %),300,13500000,0,0,0,0.0
22/01/2008,-330,-14310000,43.3(-4.20 %),0,0,330,14310000,0,0.0
23/01/2008,3820,163966000,41.2(-4.85 %),3820,163966000,0,0,0,0.0
24/01/2008,0,0,39.2(-4.85 %),0,0,0,0,0,0.0
25/01/2008,-1000,-38248000,39.9(1.79 %),0,0,1000,38248000,0,0.0
28/01/2008,-80,-3120000,39.3(-1.50 %),0,0,80,3120000,0,0.0
29/01/2008,0,0,41.2(4.83 %),0,0,0,0,0,0.0
30/01/2008,0,0,43.2(4.85 %),0,0,0,0,0,0.0
31/01/2008,3000,135900000,45.3(4.86 %),3000,135900000,0,0,0,0.0
01/02/2008,0,0,47.5(4.86 %),0,0,0,0,0,0.0
12/02/2008,700,34860000,49.8(4.84 %),1000,49800000,300,14940000,0,0.0
13/02/2008,6600,327600000,49.5(-0.60 %),6600,327600000,0,0,0,0.0
14/02/2008,0,0,51.5(4.04 %),0,0,0,0,0,0.0
15/02/2008,0,0,53.5(3.88 %),0,0,0,0,0,0.0
18/02/2008,3000,153000000,51(-4.67 %),3000,153000000,0,0,0,0.0
19/02/2008,5400,270050000,51(0.00 %),5700,284750000,300,14700000,0,0.0
20/02/2008,870,43935000,48.5(-4.90 %),1000,50500000,130,6565000,0,0.0
21/02/2008,4120,189932000,46.1(-4.95 %),4120,189932000,0,0,0,0.0
22/02/2008,6500,284700000,43.8(-4.99 %),6500,284700000,0,0,0,0.0
25/02/2008,100,4590000,45.9(4.79 %),100,4590000,0,0,0,0.0
26/02/2008,-700,-44430000,44(-4.14 %),3500,156050000,4200,200480000,0,0.0
27/02/2008,15000,686677000,46.2(5.00 %),15000,686677000,0,0,0,0.0
28/02/2008,-2190,-104019000,47.3(2.38 %),0,0,2190,104019000,0,0.0
29/02/2008,-1100,-52030000,46(-2.75 %),0,0,1100,52030000,0,0.0
03/03/2008,-10,-438000,43.7(-5.00 %),0,0,10,438000,0,0.0
04/03/2008,0,0,41.6(-4.81 %),0,0,0,0,0,0.0
05/03/2008,14250,564300000,39.6(-4.81 %),14250,564300000,0,0,0,0.0
06/03/2008,0,0,41.5(4.80 %),0,0,0,0,0,0.0
07/03/2008,-750,-32625000,43.5(4.82 %),0,0,750,32625000,0,0.0
10/03/2008,-12000,-547200000,45.6(4.83 %),500,22800000,12500,570000000,0,0.0
11/03/2008,-6150,-267586000,43.4(-4.82 %),20,868000,6170,268454000,0,0.0
12/03/2008,5900,242960000,42(-3.23 %),6400,264960000,500,22000000,0,0.0
13/03/2008,-970,-41225000,42.5(1.19 %),1000,43800000,1970,85025000,0,0.0
14/03/2008,0,0,41(-3.53 %),0,0,0,0,0,0.0
17/03/2008,-2000,-78000000,39(-4.88 %),0,0,2000,78000000,0,0.0
18/03/2008,0,0,37.1(-4.87 %),0,0,0,0,0,0.0
19/03/2008,40,1412000,35.3(-4.85 %),40,1412000,0,0,0,0.0
20/03/2008,2000,67200000,33.6(-4.82 %),2000,67200000,0,0,0,0.0
21/03/2008,0,0,32(-4.76 %),0,0,0,0,0,0.0
24/03/2008,0,0,30.4(-5.00 %),0,0,0,0,0,0.0
25/03/2008,0,0,28.9(-4.93 %),0,0,0,0,0,0.0
26/03/2008,740,20350000,27.5(-4.84 %),2000,55000000,1260,34650000,0,0.0
27/03/2008,780,21606000,27.7(0.73 %),800,22160000,20,554000,0,0.0
28/03/2008,0,0,27.9(0.72 %),0,0,0,0,0,0.0
31/03/2008,-1000,-28100000,28.1(0.72 %),0,0,1000,28100000,0,0.0
01/04/2008,0,0,28.3(0.71 %),0,0,0,0,0,0.0
02/04/2008,-60,-1710000,28.5(0.71 %),0,0,60,1710000,0,0.0
03/04/2008,0,0,28.7(0.70 %),0,0,0,0,0,0.0
04/04/2008,0,0,28.9(0.70 %),0,0,0,0,0,0.0
07/04/2008,0,0,29.4(1.73 %),0,0,0,0,0,0.0
08/04/2008,-2800,-80920000,28.9(-1.70 %),200,5780000,3000,86700000,0,0.0
09/04/2008,2500,71000000,28.4(-1.73 %),2500,71000000,0,0,0,0.0
10/04/2008,0,0,27.9(-1.76 %),0,0,0,0,0,0.0
11/04/2008,0,0,27.4(-1.79 %),0,0,0,0,0,0.0
16/04/2008,0,0,26.9(-1.82 %),0,0,0,0,0,0.0
17/04/2008,12000,322800000,27(0.37 %),12000,322800000,0,0,0,0.0
18/04/2008,2000,53000000,26.5(-1.85 %),2000,53000000,0,0,0,0.0
21/04/2008,60,1560000,26(-1.89 %),60,1560000,0,0,0,0.0
22/04/2008,0,0,25.5(-1.92 %),0,0,0,0,0,0.0
23/04/2008,0,0,25.5(0.00 %),0,0,0,0,0,0.0
24/04/2008,-520,-13000000,25(-1.96 %),0,0,520,13000000,0,0.0
25/04/2008,460,11270000,24.5(-2.00 %),2000,49000000,1540,37730000,0,0.0
28/04/2008,-10,-241000,24.1(-1.63 %),2000,48200000,2010,48441000,0,0.0
29/04/2008,-2630,-62331000,23.7(-1.66 %),0,0,2630,62331000,0,0.0
05/05/2008,-12370,-288221000,23.3(-1.69 %),0,0,12370,288221000,0,0.0
06/05/2008,20,458000,22.9(-1.72 %),20,458000,0,0,0,0.0
07/05/2008,0,0,22.5(-1.75 %),0,0,0,0,0,0.0
08/05/2008,-20,-442000,22.1(-1.78 %),0,0,20,442000,0,0.0
09/05/2008,0,0,21.7(-1.81 %),0,0,0,0,0,0.0
12/05/2008,-20,-426000,21.3(-1.84 %),0,0,20,426000,0,0.0
13/05/2008,-20,-418000,20.9(-1.88 %),0,0,20,418000,0,0.0
14/05/2008,0,0,20.5(-1.91 %),0,0,0,0,0,0.0
15/05/2008,0,0,20.1(-1.95 %),0,0,0,0,0,0.0
16/05/2008,1000,19700000,19.7(-1.99 %),1000,19700000,0,0,0,0.0
19/05/2008,1000,19400000,19.4(-1.52 %),2000,38800000,1000,19400000,0,0.0
20/05/2008,0,0,19.1(-1.55 %),0,0,0,0,0,0.0
21/05/2008,1000,18800000,18.8(-1.57 %),1000,18800000,0,0,0,0.0
22/05/2008,0,0,18.5(-1.60 %),0,0,0,0,0,0.0
23/05/2008,0,0,18.2(-1.62 %),0,0,0,0,0,0.0
26/05/2008,0,0,17.9(-1.65 %),0,0,0,0,0,0.0
27/05/2008,0,0,17.9(0.00 %),0,0,0,0,0,0.0
28/05/2008,0,0,17.9(0.00 %),0,0,0,0,0,0.0
29/05/2008,0,0,17.9(0.00 %),0,0,0,0,0,0.0
30/05/2008,2000,35200000,17.6(-1.68 %),2000,35200000,0,0,0,0.0
02/06/2008,0,0,17.3(-1.70 %),0,0,0,0,0,0.0
03/06/2008,0,0,17(-1.73 %),0,0,0,0,0,0.0
04/06/2008,0,0,16.7(-1.76 %),0,0,0,0,0,0.0
05/06/2008,100,1640000,16.4(-1.80 %),100,1640000,0,0,0,0.0
06/06/2008,500,8050000,16.1(-1.83 %),500,8050000,0,0,0,0.0
09/06/2008,0,0,15.8(-1.86 %),0,0,0,0,0,0.0
10/06/2008,100,1550000,15.5(-1.90 %),100,1550000,0,0,0,0.0
11/06/2008,0,0,15.2(-1.94 %),0,0,0,0,0,0.0
12/06/2008,5030,74947000,14.9(-1.97 %),5030,74947000,0,0,0,0.0
13/06/2008,2030,29441000,14.9(0.00 %),6030,89041000,4000,59600000,0,0.0
16/06/2008,10050,151755000,15.1(1.34 %),10050,151755000,0,0,0,0.0
17/06/2008,3000,46200000,15.4(1.99 %),3000,46200000,0,0,0,0.0
18/06/2008,200,3020000,15.1(-1.95 %),700,10570000,500,7550000,0,0.0
19/06/2008,300,4410000,14.7(-2.65 %),300,4410000,0,0,0,0.0
20/06/2008,0,0,14.3(-2.72 %),0,0,0,0,0,0.0
23/06/2008,900,13120000,13.9(-2.80 %),900,13120000,0,0,0,0.0
24/06/2008,-420,-5670000,14.3(2.88 %),100,1350000,520,7020000,0,0.0
25/06/2008,4180,60596000,14.3(0.00 %),4180,60596000,0,0,0,0.0
26/06/2008,0,0,13.9(-2.80 %),0,0,0,0,0,0.0
27/06/2008,0,0,14(0.72 %),0,0,0,0,0,0.0
30/06/2008,0,0,14(0.00 %),0,0,0,0,0,0.0
01/07/2008,0,0,14.4(2.86 %),0,0,0,0,0,0.0
02/07/2008,2370,35079000,14.8(2.78 %),2400,35520000,30,441000,0,0.0
03/07/2008,100,1520000,15.2(2.70 %),100,1520000,0,0,0,0.0
04/07/2008,1900,29640000,15.6(2.63 %),1900,29640000,0,0,0,0.0
07/07/2008,54200,867200000,15.2(-2.56 %),54200,867200000,0,0,0,0.0
08/07/2008,100,1480000,15.5(1.97 %),100,1480000,0,0,0,0.0
09/07/2008,-30,-477000,15.9(2.58 %),0,0,30,477000,0,0.0
10/07/2008,3660,59658000,16.3(2.52 %),6780,110514000,3120,50856000,0,0.0
11/07/2008,-18000,-300600000,16.7(2.45 %),0,0,18000,300600000,0,0.0
14/07/2008,0,0,17.2(2.99 %),0,0,0,0,0,0.0
15/07/2008,0,0,17.7(2.91 %),0,0,0,0,0,0.0
16/07/2008,-33380,-607736000,18.2(2.82 %),2400,42660000,35780,650396000,0,0.0
17/07/2008,0,0,18.7(2.75 %),0,0,0,0,0,0.0
18/07/2008,-30,-546000,18.5(-1.07 %),0,0,30,546000,0,0.0
21/07/2008,0,0,18(-2.70 %),0,0,0,0,0,0.0
22/07/2008,0,0,17.5(-2.78 %),0,0,0,0,0,0.0
23/07/2008,0,0,17(-2.86 %),0,0,0,0,0,0.0
24/07/2008,-5500,-90550000,16.5(-2.94 %),5800,95900000,11300,186450000,0,0.0
25/07/2008,0,0,16.1(-2.42 %),0,0,0,0,0,0.0
28/07/2008,0,0,16.5(2.48 %),0,0,0,0,0,0.0
29/07/2008,1700,28730000,16.9(2.42 %),1700,28730000,0,0,0,0.0
30/07/2008,-2500,-39838000,16.4(-2.96 %),1500,25950000,4000,65788000,0,0.0
31/07/2008,0,0,16.8(2.44 %),0,0,0,0,0,0.0
01/08/2008,0,0,17(1.19 %),0,0,0,0,0,0.0
04/08/2008,0,0,16.5(-2.94 %),0,0,0,0,0,0.0
05/08/2008,0,0,16.1(-2.42 %),0,0,0,0,0,0.0
06/08/2008,0,0,15.8(-1.86 %),0,0,0,0,0,0.0
07/08/2008,480,7741000,15.4(-2.53 %),480,7741000,0,0,0,0.0
08/08/2008,100,1530000,15(-2.60 %),100,1530000,0,0,0,0.0
11/08/2008,4000,61600000,15.4(2.67 %),4000,61600000,0,0,0,0.0
12/08/2008,-430,-6794000,15.8(2.60 %),0,0,430,6794000,0,0.0
13/08/2008,4250,68212000,16.2(2.53 %),4250,68212000,0,0,0,0.0
14/08/2008,100,1600000,16.6(2.47 %),100,1600000,0,0,0,0.0
15/08/2008,0,0,17(2.41 %),0,0,0,0,0,0.0
18/08/2008,-4000,-71200000,17.8(4.71 %),0,0,4000,71200000,0,0.0
19/08/2008,-2450,-45570000,17.5(-1.69 %),1800,33480000,4250,79050000,0,0.0
20/08/2008,1000,17770000,18(2.86 %),1000,17770000,0,0,0,0.0
21/08/2008,4000,71600000,18.9(5.00 %),4000,71600000,0,0,0,0.0
22/08/2008,1000,19100000,19(0.53 %),1000,19100000,0,0,0,0.0
25/08/2008,10000,199000000,19.9(4.74 %),10000,199000000,0,0,0,0.0
26/08/2008,3000,62400000,20.8(4.52 %),3000,62400000,0,0,0,0.0
27/08/2008,5000,109000000,21.8(4.81 %),9000,196200000,4000,87200000,0,0.0
28/08/2008,-900,-20652000,21.8(0.00 %),1100,24948000,2000,45600000,0,0.0
29/08/2008,-6000,-124800000,20.8(-4.59 %),0,0,6000,124800000,0,0.0
03/09/2008,0,0,21.8(4.81 %),0,0,0,0,0,0.0
04/09/2008,7600,173580000,22.8(4.59 %),10600,241680000,3000,68100000,0,0.0
05/09/2008,-3500,-83650000,23.9(4.82 %),0,0,3500,83650000,0,0.0
08/09/2008,-1000,-24600000,24.8(3.77 %),0,0,1000,24600000,0,0.0
09/09/2008,0,0,25.9(4.44 %),0,0,0,0,0,0.0
10/09/2008,-3000,-74670000,24.7(-4.63 %),0,0,3000,74670000,0,0.0
11/09/2008,-1100,-25850000,23.5(-4.86 %),0,0,1100,25850000,0,0.0
12/09/2008,0,0,22.4(-4.68 %),0,0,0,0,0,0.0
15/09/2008,-9000,-191700000,23.5(4.91 %),0,0,9000,191700000,0,0.0
16/09/2008,-480,-11280000,23.5(0.00 %),0,0,480,11280000,0,0.0
17/09/2008,0,0,22.4(-4.68 %),0,0,0,0,0,0.0
18/09/2008,1080,23004000,21.3(-4.91 %),1080,23004000,0,0,0,0.0
19/09/2008,-1900,-38570000,22.3(4.69 %),0,0,1900,38570000,0,0.0
22/09/2008,2600,60840000,23.4(4.93 %),2600,60840000,0,0,0,0.0
23/09/2008,10780,240524000,24(2.56 %),10780,240524000,0,0,0,0.0
24/09/2008,5000,114000000,22.8(-5.00 %),5000,114000000,0,0,0,0.0
25/09/2008,9220,207450000,23(0.88 %),9220,207450000,0,0,0,0.0
26/09/2008,100,2320000,23.5(2.17 %),100,2320000,0,0,0,0.0
29/09/2008,100,2320000,23(-2.13 %),100,2320000,0,0,0,0.0
30/09/2008,0,0,21.9(-4.78 %),0,0,0,0,0,0.0
01/10/2008,-15000,-322500000,22(0.46 %),0,0,15000,322500000,0,0.0
02/10/2008,-10000,-219200000,22.2(0.91 %),0,0,10000,219200000,0,0.0
03/10/2008,0,0,21.1(-4.95 %),0,0,0,0,0,0.0
06/10/2008,0,0,20.1(-4.74 %),0,0,0,0,0,0.0
07/10/2008,0,0,19.1(-4.98 %),0,0,0,0,0,0.0
08/10/2008,0,0,18.2(-4.71 %),0,0,0,0,0,0.0
09/10/2008,0,0,17.3(-4.95 %),0,0,0,0,0,0.0
10/10/2008,0,0,16.5(-4.62 %),0,0,0,0,0,0.0
13/10/2008,0,0,15.7(-4.85 %),0,0,0,0,0,0.0
14/10/2008,0,0,16.4(4.46 %),0,0,0,0,0,0.0
15/10/2008,0,0,16.5(0.61 %),0,0,0,0,0,0.0
16/10/2008,1300,20710000,15.7(-4.85 %),1300,20710000,0,0,0,0.0
17/10/2008,0,0,15.7(0.00 %),0,0,0,0,0,0.0
20/10/2008,0,0,15(-4.46 %),0,0,0,0,0,0.0
21/10/2008,0,0,15.7(4.67 %),0,0,0,0,0,0.0
22/10/2008,0,0,16(1.91 %),0,0,0,0,0,0.0
23/10/2008,1020,15504000,15.2(-5.00 %),1020,15504000,0,0,0,0.0
24/10/2008,250,3625000,14.5(-4.61 %),250,3625000,0,0,0,0.0
27/10/2008,-250,-3450000,13.8(-4.83 %),0,0,250,3450000,0,0.0
28/10/2008,0,0,13.8(0.00 %),0,0,0,0,0,0.0
29/10/2008,0,0,14.4(4.35 %),0,0,0,0,0,0.0
30/10/2008,0,0,15.1(4.86 %),0,0,0,0,0,0.0
31/10/2008,500,7900000,15.6(3.31 %),500,7900000,0,0,0,0.0
03/11/2008,0,0,14.9(-4.49 %),0,0,0,0,0,0.0
04/11/2008,0,0,15.5(4.03 %),0,0,0,0,0,0.0
05/11/2008,0,0,16.2(4.52 %),0,0,0,0,0,0.0
06/11/2008,0,0,15.4(-4.94 %),0,0,0,0,0,0.0
07/11/2008,0,0,16(3.90 %),0,0,0,0,0,0.0
10/11/2008,0,0,15.3(-4.38 %),0,0,0,0,0,0.0
11/11/2008,0,0,14.6(-4.58 %),0,0,0,0,0,0.0
12/11/2008,-620,-8742000,15.2(4.11 %),0,0,620,8742000,0,0.0
13/11/2008,0,0,15.2(0.00 %),0,0,0,0,0,0.0
14/11/2008,0,0,15.9(4.61 %),0,0,0,0,0,0.0
17/11/2008,0,0,16(0.63 %),0,0,0,0,0,0.0
18/11/2008,100,1600000,15.4(-3.75 %),100,1600000,0,0,0,0.0
19/11/2008,0,0,15.6(1.30 %),0,0,0,0,0,0.0
20/11/2008,100,1500000,15(-3.85 %),100,1500000,0,0,0,0.0
21/11/2008,0,0,15(0.00 %),0,0,0,0,0,0.0
24/11/2008,100,1500000,14.5(-3.33 %),100,1500000,0,0,0,0.0
25/11/2008,0,0,14.9(2.76 %),0,0,0,0,0,0.0
26/11/2008,0,0,14.2(-4.70 %),0,0,0,0,0,0.0
27/11/2008,0,0,13.7(-3.52 %),0,0,0,0,0,0.0
28/11/2008,0,0,14.3(4.38 %),0,0,0,0,0,0.0
01/12/2008,0,0,13.8(-3.50 %),0,0,0,0,0,0.0
02/12/2008,0,0,13.9(0.72 %),0,0,0,0,0,0.0
03/12/2008,0,0,13.9(0.00 %),0,0,0,0,0,0.0
04/12/2008,0,0,14(0.72 %),0,0,0,0,0,0.0
05/12/2008,0,0,13.8(-1.43 %),0,0,0,0,0,0.0
08/12/2008,0,0,13.2(-4.35 %),0,0,0,0,0,0.0
09/12/2008,0,0,13.2(0.00 %),0,0,0,0,0,0.0
10/12/2008,0,0,12.6(-4.55 %),0,0,0,0,0,0.0
11/12/2008,0,0,12(-4.76 %),0,0,0,0,0,0.0
12/12/2008,0,0,12.6(5.00 %),0,0,0,0,0,0.0
15/12/2008,0,0,13(3.17 %),0,0,0,0,0,0.0
16/12/2008,0,0,12.4(-4.62 %),0,0,0,0,0,0.0
17/12/2008,0,0,12(-3.23 %),0,0,0,0,0,0.0
18/12/2008,0,0,11.6(-3.33 %),0,0,0,0,0,0.0
19/12/2008,0,0,12.1(4.31 %),0,0,0,0,0,0.0
22/12/2008,0,0,12.7(4.96 %),0,0,0,0,0,0.0
23/12/2008,0,0,12.2(-3.94 %),0,0,0,0,0,0.0
24/12/2008,0,0,12.3(0.82 %),0,0,0,0,0,0.0
25/12/2008,0,0,12.3(0.00 %),0,0,0,0,0,0.0
26/12/2008,0,0,12.7(3.25 %),0,0,0,0,0,0.0
29/12/2008,0,0,12.1(-4.72 %),0,0,0,0,0,0.0
30/12/2008,0,0,12.1(0.00 %),0,0,0,0,0,0.0
31/12/2008,0,0,12(-0.83 %),0,0,0,0,0,0.0
02/01/2009,0,0,12.2(1.67 %),0,0,0,0,2074560,5.27
05/01/2009,0,0,11.8(-3.28 %),0,0,0,0,2074560,5.27
06/01/2009,0,0,12.1(2.54 %),0,0,0,0,2074560,5.27
07/01/2009,0,0,12.3(1.65 %),0,0,0,0,2074560,5.27
08/01/2009,0,0,12(-2.44 %),0,0,0,0,2074560,5.27
09/01/2009,0,0,12(0.00 %),0,0,0,0,2074560,5.27
12/01/2009,0,0,11.8(-1.67 %),0,0,0,0,2074560,5.27
13/01/2009,0,0,11.6(-1.69 %),0,0,0,0,2074560,5.27
14/01/2009,0,0,11.7(0.86 %),0,0,0,0,2074560,5.27
15/01/2009,0,0,11.4(-2.56 %),0,0,0,0,2074560,5.27
16/01/2009,0,0,11.4(0.00 %),0,0,0,0,2074560,5.27
19/01/2009,0,0,11.2(-1.75 %),0,0,0,0,2074560,5.27
20/01/2009,0,0,10.9(-2.68 %),0,0,0,0,2074560,5.27
21/01/2009,0,0,10.7(-1.83 %),0,0,0,0,2074560,5.27
22/01/2009,0,0,10.9(1.87 %),0,0,0,0,2074560,5.27
23/01/2009,0,0,11.1(1.83 %),0,0,0,0,2074560,5.27
02/02/2009,0,0,11.5(3.60 %),0,0,0,0,2074560,5.27
03/02/2009,0,0,11(-4.35 %),0,0,0,0,2074560,5.27
04/02/2009,0,0,10.5(-4.55 %),0,0,0,0,2074560,5.27
05/02/2009,0,0,10(-4.76 %),0,0,0,0,2074560,5.27
06/02/2009,0,0,10.5(5.00 %),0,0,0,0,2074560,5.27
09/02/2009,0,0,11(4.76 %),0,0,0,0,2074560,5.27
10/02/2009,0,0,10.6(-3.64 %),0,0,0,0,2074560,5.27
11/02/2009,0,0,10.1(-4.72 %),0,0,0,0,2074560,5.27
12/02/2009,0,0,9.9(-1.98 %),0,0,0,0,2074560,5.27
13/02/2009,0,0,10(1.01 %),0,0,0,0,2074560,5.27
16/02/2009,10,98000,9.8(-2.00 %),10,98000,0,0,2074550,5.27
17/02/2009,0,0,9.7(-1.02 %),0,0,0,0,2074550,5.27
18/02/2009,0,0,10(3.09 %),0,0,0,0,2074550,5.27
19/02/2009,0,0,10.4(4.00 %),0,0,0,0,2074550,5.27
20/02/2009,0,0,10(-3.85 %),0,0,0,0,2074550,5.27
23/02/2009,-300,-2970000,9.9(-1.00 %),0,0,300,2970000,2074850,5.26
24/02/2009,0,0,9.7(-2.02 %),0,0,0,0,2074850,5.26
25/02/2009,0,0,10.1(4.12 %),0,0,0,0,2074850,5.26
26/02/2009,0,0,10(-0.99 %),0,0,0,0,2074850,5.26
27/02/2009,0,0,10.3(3.00 %),0,0,0,0,2074850,5.26
02/03/2009,0,0,10.8(4.85 %),0,0,0,0,2074850,5.26
03/03/2009,-110,-1210000,11.3(4.63 %),0,0,110,1210000,2074960,5.26
04/03/2009,-200,-2340000,11.8(4.42 %),0,0,200,2340000,2075160,5.26
05/03/2009,-200,-2460000,12.3(4.24 %),0,0,200,2460000,2075360,5.25
06/03/2009,0,0,12(-2.44 %),0,0,0,0,2075360,5.25
09/03/2009,0,0,11.4(-5.00 %),0,0,0,0,2075360,5.25
10/03/2009,0,0,11.7(2.63 %),0,0,0,0,2075360,5.25
11/03/2009,-100,-1220000,12.2(4.27 %),0,0,100,1220000,2075460,5.25
12/03/2009,0,0,11.8(-3.28 %),0,0,0,0,2075460,5.25
13/03/2009,0,0,11.8(0.00 %),0,0,0,0,2075460,5.25
16/03/2009,0,0,11.9(0.85 %),0,0,0,0,2075460,5.25
17/03/2009,0,0,12.3(3.36 %),0,0,0,0,2075460,5.25
18/03/2009,-100,-1280000,12.7(3.25 %),0,0,100,1280000,2075560,5.25
19/03/2009,0,0,12.1(-4.72 %),0,0,0,0,2075560,5.25
20/03/2009,0,0,11.9(-1.65 %),0,0,0,0,2075560,5.25
23/03/2009,0,0,11.7(-1.68 %),0,0,0,0,2075560,5.25
24/03/2009,0,0,12.1(3.42 %),0,0,0,0,2075560,5.25
25/03/2009,0,0,12.3(1.65 %),0,0,0,0,2075560,5.25
26/03/2009,5200,66660000,12.9(4.88 %),5200,66660000,0,0,2070360,5.36
27/03/2009,-100,-1350000,13.5(4.65 %),0,0,100,1350000,2070460,5.36
30/03/2009,10800,152280000,14.1(4.44 %),10800,152280000,0,0,2059660,5.58
31/03/2009,2000,27000000,13.7(-2.84 %),2000,27000000,0,0,2057660,5.63
01/04/2009,0,0,14(2.19 %),0,0,0,0,2057660,5.63
02/04/2009,2000,27600000,13.8(-1.43 %),2000,27600000,0,0,2055660,5.67
03/04/2009,-3800,-53760000,14.2(2.90 %),200,2840000,4000,56600000,2059460,5.59
07/04/2009,-2000,-27901000,14.3(0.70 %),0,0,2000,27901000,2061460,5.55
08/04/2009,0,1000000,13.6(-4.90 %),2000,28200000,2000,27200000,2061460,5.55
09/04/2009,700,10170000,14.2(4.41 %),2000,28400000,1300,18230000,2060760,5.56
10/04/2009,0,0,14.9(4.93 %),0,0,0,0,2060760,5.56
13/04/2009,-3000,-46800000,15.6(4.70 %),0,0,3000,46800000,2063760,5.5
14/04/2009,-7000,-114100000,16.3(4.49 %),0,0,7000,114100000,2070760,5.35
15/04/2009,-5900,-96470000,15.6(-4.29 %),100,1630000,6000,98100000,2076660,5.22
16/04/2009,0,0,15.5(-0.64 %),0,0,0,0,2076660,5.22
17/04/2009,0,0,15(-3.23 %),0,0,0,0,2076660,5.22
20/04/2009,0,0,14.3(-4.67 %),0,0,0,0,2076660,5.22
21/04/2009,0,0,13.6(-4.90 %),0,0,0,0,2076660,5.22
22/04/2009,0,0,14.2(4.41 %),0,0,0,0,2076660,5.22
23/04/2009,0,0,14.6(2.82 %),0,0,0,0,2076660,5.22
24/04/2009,0,0,15(2.74 %),0,0,0,0,2076660,5.22
27/04/2009,0,0,15.5(3.33 %),0,0,0,0,2076660,5.22
28/04/2009,0,0,15.1(-2.58 %),0,0,0,0,2076660,5.22
29/04/2009,0,0,15(-0.66 %),0,0,0,0,2076660,5.22
04/05/2009,0,0,15.7(4.67 %),0,0,0,0,2076660,5.22
05/05/2009,0,0,15.6(-0.64 %),0,0,0,0,2076660,5.22
06/05/2009,80,1200000,14.9(-4.49 %),80,1200000,0,0,2076580,5.23
07/05/2009,0,0,15(0.67 %),0,0,0,0,2076580,5.23
08/05/2009,4000,58000000,14.5(-3.33 %),4000,58000000,0,0,2072580,5.31
11/05/2009,0,0,14.5(0.00 %),0,0,0,0,2072580,5.31
12/05/2009,-3120,-44616000,14.9(2.76 %),0,0,3120,44616000,2075700,5.25
13/05/2009,0,0,14.7(-1.34 %),0,0,0,0,2075700,5.25
14/05/2009,0,0,14.2(-3.40 %),0,0,0,0,2075700,5.25
15/05/2009,0,0,14.9(4.93 %),0,0,0,0,2075700,5.25
18/05/2009,5100,79560000,15.6(4.70 %),5100,79560000,0,0,2070600,5.35
19/05/2009,-1550,-25265000,16.3(4.49 %),0,0,1550,25265000,2072150,5.32
20/05/2009,25000,427500000,17.1(4.91 %),25000,427500000,0,0,2047150,5.85
21/05/2009,0,0,16.6(-2.92 %),0,0,0,0,2047150,5.85
22/05/2009,0,0,15.8(-4.82 %),0,0,0,0,2047150,5.85
25/05/2009,0,0,15.9(0.63 %),0,0,0,0,2047150,5.85
26/05/2009,0,0,15.5(-2.52 %),0,0,0,0,2047150,5.85
27/05/2009,1000,15500000,15.5(0.00 %),1000,15500000,0,0,2046150,5.87
28/05/2009,-100,-1500000,16(3.23 %),0,0,100,1500000,2046250,5.87
08/06/2009,0,0,16.7(6.37 %),0,0,0,0,2046250,5.87
09/06/2009,0,0,17.8(6.59 %),0,0,0,0,2046250,5.87
10/06/2009,0,0,19(6.74 %),0,0,0,0,2046250,5.87
11/06/2009,0,0,20.3(6.84 %),0,0,0,0,2046250,5.87
12/06/2009,0,0,21.7(6.90 %),0,0,0,0,2046250,5.87
15/06/2009,0,0,23.2(6.91 %),0,0,0,0,2046250,5.87
16/06/2009,0,0,24.8(6.90 %),0,0,0,0,2046250,5.87
17/06/2009,-500,-10150000,26(4.84 %),1000,25000000,1500,35150000,2046750,5.86
18/06/2009,-10200,-244850000,24.1(-2.82 %),0,0,10200,244850000,2056950,5.64
19/06/2009,-3100,-73750000,23.3(-4.90 %),0,0,3100,73750000,2060050,5.58
22/06/2009,0,0,22.2(-6.72 %),0,0,0,0,2060050,5.58
23/06/2009,0,0,20.7(-6.76 %),0,0,0,0,2060050,5.58
24/06/2009,0,0,20.7(0.00 %),0,0,0,0,2060050,5.58
25/06/2009,0,0,19(-4.04 %),0,0,0,0,2060050,5.58
26/06/2009,1400,26690000,19.6(0.00 %),1400,26690000,0,0,2058650,5.6
29/06/2009,0,0,19.6(0.00 %),0,0,0,0,2058650,5.6
30/06/2009,0,0,18.5(-6.57 %),0,0,0,0,2058650,5.6
01/07/2009,0,0,17.3(-6.49 %),0,0,0,0,2058650,5.6
02/07/2009,0,0,18.4(6.36 %),0,0,0,0,2058650,5.6
03/07/2009,-200,-3540000,18.5(4.52 %),0,0,200,3540000,2058850,5.6
06/07/2009,-4000,-76800000,19.2(6.67 %),0,0,4000,76800000,2062850,5.52
07/07/2009,0,0,19(0.00 %),0,0,0,0,2062850,5.52
08/07/2009,0,0,19.3(1.58 %),0,0,0,0,2062850,5.52
09/07/2009,0,0,19.1(1.06 %),0,0,0,0,2062850,5.52
10/07/2009,0,0,19.9(2.58 %),0,0,0,0,2062850,5.52
13/07/2009,0,0,18.2(-4.71 %),0,0,0,0,2062850,5.52
14/07/2009,-1500,-27300000,18.3(0.00 %),0,0,1500,27300000,2064350,5.48
15/07/2009,0,0,18(0.56 %),0,0,0,0,2064350,5.48
16/07/2009,0,0,18.8(3.87 %),0,0,0,0,2064350,5.48
17/07/2009,-5000,-99500000,19.9(6.99 %),0,0,5000,99500000,2069350,5.38
20/07/2009,3000,63600000,21(5.53 %),3000,63600000,0,0,2066350,5.44
21/07/2009,0,0,21(0.00 %),0,0,0,0,2066350,5.44
22/07/2009,0,0,20.5(-3.76 %),0,0,0,0,2066350,5.44
23/07/2009,0,0,21(1.94 %),0,0,0,0,2066350,5.44
24/07/2009,0,0,22.1(6.76 %),0,0,0,0,2066350,5.44
27/07/2009,0,0,22.5(1.81 %),0,0,0,0,2066350,5.44
28/07/2009,0,0,21.5(-4.44 %),0,0,0,0,2066350,5.44
29/07/2009,0,0,20.6(-2.37 %),0,0,0,0,2066350,5.44
30/07/2009,0,0,20.4(0.00 %),0,0,0,0,2066350,5.44
31/07/2009,0,0,21(3.45 %),0,0,0,0,2066350,5.44
03/08/2009,0,0,20.4(-2.39 %),0,0,0,0,2066350,5.44
04/08/2009,0,0,20.2(-1.46 %),0,0,0,0,2066350,5.44
05/08/2009,0,0,20.1(0.00 %),0,0,0,0,2066350,5.44
06/08/2009,0,0,20.5(3.54 %),0,0,0,0,2066350,5.44
07/08/2009,0,0,20.1(0.00 %),0,0,0,0,2066350,5.44
10/08/2009,-500,-10000000,20.9(3.47 %),0,0,500,10000000,2066850,5.43
11/08/2009,0,0,21(1.45 %),0,0,0,0,2066850,5.43
12/08/2009,-5000,-109000000,21.6(5.88 %),0,0,5000,109000000,2071850,5.33
13/08/2009,0,0,22(3.29 %),0,0,0,0,2071850,5.33
14/08/2009,-15000,-322920000,21.5(-3.15 %),0,0,15000,322920000,2086850,5.01
17/08/2009,0,0,21.4(-0.93 %),0,0,0,0,2086850,5.01
18/08/2009,0,0,21.3(-1.39 %),0,0,0,0,2086850,5.01
19/08/2009,1000,21500000,21.5(2.38 %),1000,21500000,0,0,2085850,5.03
20/08/2009,0,0,22.9(5.53 %),0,0,0,0,2085850,5.03
21/08/2009,0,0,22.7(1.34 %),0,0,0,0,2085850,5.03
24/08/2009,0,0,23.5(-0.42 %),0,0,0,0,2085850,5.03
25/08/2009,0,0,23.1(-0.43 %),0,0,0,0,2085850,5.03
26/08/2009,0,0,24.9(6.87 %),0,0,0,0,2085850,5.03
27/08/2009,0,0,26.4(6.88 %),0,0,0,0,2085850,5.03
28/08/2009,-1700,-47940000,28.2(6.82 %),0,0,1700,47940000,2087550,5.0
31/08/2009,5800,174580000,30.1(6.74 %),5800,174580000,0,0,2081750,5.12
01/09/2009,0,0,30.9(2.66 %),0,0,0,0,2081750,5.12
03/09/2009,0,0,29(-5.84 %),0,0,0,0,2081750,5.12
04/09/2009,1100,31950000,27.8(-6.40 %),1100,31950000,0,0,2080650,5.14
07/09/2009,0,0,28.1(0.00 %),0,0,0,0,2080650,5.14
08/09/2009,0,0,29.4(6.91 %),0,0,0,0,2080650,5.14
09/09/2009,0,0,31.4(6.80 %),0,0,0,0,2080650,5.14
10/09/2009,0,0,33.5(6.69 %),0,0,0,0,2080650,5.14
11/09/2009,-800,-28640000,35.8(6.87 %),0,0,800,28640000,2081450,5.12
14/09/2009,-100,-3830000,38.3(6.98 %),0,0,100,3830000,2081550,5.12
15/09/2009,-5500,-224950000,40.9(6.79 %),0,0,5500,224950000,2087050,5.01
16/09/2009,89200,3628320000,40.5(-0.98 %),95000,3861480000,5800,233160000,1997850,6.89
17/09/2009,0,0,42.2(3.94 %),0,0,0,0,1997850,6.89
18/09/2009,0,0,44.7(6.94 %),0,0,0,0,1997850,6.89
21/09/2009,-100,-4740000,47.4(7.00 %),0,0,100,4740000,1997950,6.88
22/09/2009,24900,1244720000,50.7(6.96 %),25000,1249720000,100,5000000,1973050,7.41
23/09/2009,-100,-5250000,49(-3.16 %),0,0,100,5250000,1973150,7.41
24/09/2009,24000,1176000000,48.5(-6.01 %),24000,1176000000,0,0,1949150,7.91
25/09/2009,6200,307090000,51(4.72 %),6600,326000000,400,18910000,1942950,8.04
28/09/2009,8300,414500000,49(-2.00 %),8400,419600000,100,5100000,1934650,8.22
29/09/2009,0,0,47.5(-4.81 %),0,0,0,0,1934650,8.22
30/09/2009,-100,-4760000,45.8(-3.78 %),0,0,100,4760000,1934750,8.22
01/10/2009,-100,-4450000,43.9(-5.79 %),0,0,100,4450000,1934850,8.21
02/10/2009,0,0,42(-4.55 %),0,0,0,0,1934850,8.21
05/10/2009,900,38860000,42.5(2.66 %),1000,43000000,100,4140000,1933950,8.23
06/10/2009,-500,-21900000,44.2(4.25 %),0,0,500,21900000,1934450,8.22
07/10/2009,-100,-4450000,46.5(6.41 %),0,0,100,4450000,1934550,8.22
08/10/2009,0,0,46.4(0.87 %),0,0,0,0,1934550,28.6
09/10/2009,-10000,-469000000,46.5(0.87 %),0,0,10000,469000000,1944550,8.01
12/10/2009,0,0,50(6.84 %),0,0,0,0,1944550,8.01
13/10/2009,-100,-5000000,48.5(-2.02 %),0,0,100,5000000,1944650,8.01
14/10/2009,0,0,48(-2.24 %),0,0,0,0,1944650,8.01
15/10/2009,11100,532800000,48.6(1.46 %),11100,532800000,0,0,1933550,8.24
16/10/2009,8900,427200000,46.7(-4.11 %),8900,427200000,0,0,2001350,6.81
19/10/2009,-20100,-1018740000,50.7(6.96 %),0,0,20100,1018740000,2030350,6.2
20/10/2009,-18500,-980470000,53(6.85 %),1800,95400000,20300,1075870000,1972150,7.43
21/10/2009,0,0,54(1.89 %),0,0,0,0,1972150,7.43
22/10/2009,0,0,53.4(-0.93 %),0,0,0,0,1972150,7.43
23/10/2009,-1000,-51290000,50.1(-6.36 %),0,0,1000,51290000,1973150,7.41
26/10/2009,-6800,-345370000,48.8(-6.51 %),0,0,6800,345370000,1979950,7.26
27/10/2009,0,0,47.5(-4.81 %),0,0,0,0,1979950,7.26
28/10/2009,0,0,50.2(6.13 %),0,0,0,0,1979950,7.26
29/10/2009,0,0,48(-4.19 %),0,0,0,0,1979950,7.26
30/10/2009,0,0,49.9(5.50 %),0,0,0,0,1979950,7.26
02/11/2009,0,0,46.4(-6.83 %),0,0,0,0,1979950,7.26
03/11/2009,0,0,44.3(-5.34 %),0,0,0,0,1979950,7.26
04/11/2009,0,0,45.2(0.00 %),0,0,0,0,1979950,7.26
05/11/2009,0,0,48.3(6.86 %),0,0,0,0,1979950,7.26
06/11/2009,-3800,-194940000,48.1(-0.41 %),0,0,3800,194940000,1983750,7.18
09/11/2009,0,0,45.8(-6.91 %),0,0,0,0,1983750,7.18
10/11/2009,0,0,44.1(-3.92 %),0,0,0,0,1983750,7.18
11/11/2009,0,0,44.6(0.00 %),0,0,0,0,1983750,7.18
12/11/2009,0,0,47(3.52 %),0,0,0,0,1983750,7.18
13/11/2009,3800,174450000,46.3(-1.28 %),3800,174450000,0,0,1979950,7.26
16/11/2009,0,0,45.9(-1.92 %),0,0,0,0,1979950,7.26
17/11/2009,0,0,45.7(-0.65 %),0,0,0,0,1979950,7.26
18/11/2009,0,0,46.5(1.97 %),0,0,0,0,1979950,7.26
19/11/2009,0,0,45.8(0.22 %),0,0,0,0,1979950,7.26
20/11/2009,0,0,44.8(-2.61 %),0,0,0,0,1979950,7.26
23/11/2009,0,0,42.8(-4.89 %),0,0,0,0,1979950,7.26
24/11/2009,0,0,41(-5.96 %),0,0,0,0,1979950,7.26
25/11/2009,0,0,38.7(-6.97 %),0,0,0,0,1979950,7.26
26/11/2009,0,0,36.1(-6.96 %),0,0,0,0,1979950,7.26
27/11/2009,-1400,-47040000,33.6(-6.93 %),0,0,1400,47040000,1981350,7.23
30/11/2009,0,0,35.7(5.31 %),0,0,0,0,1981350,7.23
01/12/2009,0,0,36.9(6.96 %),0,0,0,0,1981350,7.23
02/12/2009,800,29200000,34.8(-5.43 %),800,29200000,0,0,1980550,7.25
03/12/2009,0,0,34.6(-3.08 %),0,0,0,0,1980550,7.25
04/12/2009,0,0,34.3(0.00 %),0,0,0,0,1980550,7.25
07/12/2009,0,0,34(-0.29 %),0,0,0,0,1980550,7.25
08/12/2009,0,0,35(3.55 %),0,0,0,0,1980550,7.25
09/12/2009,0,0,32.3(-6.92 %),0,0,0,0,1980550,7.25
10/12/2009,0,0,31.5(-2.78 %),0,0,0,0,1980550,7.25
11/12/2009,0,0,29.3(-6.98 %),0,0,0,0,1980550,7.25
14/12/2009,0,0,30.5(3.39 %),0,0,0,0,1980550,7.25
15/12/2009,0,0,29.5(-1.99 %),0,0,0,0,1980550,7.25
16/12/2009,0,0,27.8(-6.71 %),0,0,0,0,1980550,7.25
17/12/2009,0,0,26.7(-4.30 %),0,0,0,0,1980550,7.25
18/12/2009,0,0,27.9(6.90 %),0,0,0,0,1980550,7.25
21/12/2009,0,0,29.5(6.88 %),0,0,0,0,1980550,7.25
22/12/2009,-100,-2910000,28.5(-2.06 %),0,0,100,2910000,1980650,7.25
23/12/2009,0,0,29.2(-0.34 %),0,0,0,0,1980650,7.25
24/12/2009,0,0,29.1(1.04 %),0,0,0,0,1980650,7.25
25/12/2009,0,0,30.3(6.69 %),0,0,0,0,1980650,7.25
28/12/2009,0,0,31.3(3.64 %),0,0,0,0,1980650,7.25
29/12/2009,0,0,30(-5.66 %),0,0,0,0,1980650,7.25
30/12/2009,0,0,32.5(6.91 %),0,0,0,0,1980650,7.25
31/12/2009,0,0,34.2(6.88 %),0,0,0,0,1980650,7.25
04/01/2010,0,0,36.5(6.73 %),0,0,0,0,1980650,7.25
05/01/2010,0,0,39(6.85 %),0,0,0,0,1980650,7.25
06/01/2010,0,0,40.6(4.10 %),0,0,0,0,1980650,7.25
07/01/2010,0,0,41.5(3.23 %),0,0,0,0,1980650,7.25
08/01/2010,0,0,39(-4.18 %),0,0,0,0,1980650,7.25
11/01/2010,0,0,37.8(-6.44 %),0,0,0,0,1980650,7.25
12/01/2010,0,0,35.7(-6.79 %),0,0,0,0,1980650,7.25
13/01/2010,0,0,37(2.21 %),0,0,0,0,1980650,7.25
14/01/2010,-20000,-741980000,37(5.71 %),0,0,20000,741980000,2000650,6.83
15/01/2010,0,0,35.7(-4.03 %),0,0,0,0,2000650,6.83
18/01/2010,-83900,-2804860000,33.4(-6.96 %),0,0,83900,2804860000,2084550,5.06
19/01/2010,-6100,-207400000,34.8(3.57 %),0,0,6100,207400000,2090650,4.93
20/01/2010,0,0,35.9(5.59 %),0,0,0,0,2090650,4.93
21/01/2010,0,0,34.6(-4.42 %),0,0,0,0,2090650,4.93
22/01/2010,-40000,-1401600000,36.3(4.91 %),0,0,40000,1401600000,2130650,4.09
25/01/2010,0,0,34(-4.76 %),0,0,0,0,2130650,4.09
26/01/2010,0,0,37.3(6.88 %),0,0,0,0,2130650,4.09
27/01/2010,0,0,35(-5.91 %),0,0,0,0,2130650,4.09
28/01/2010,0,0,34.4(-3.10 %),0,0,0,0,2130650,4.09
29/01/2010,0,0,35.5(2.90 %),0,0,0,0,2130650,4.09
01/02/2010,0,0,35.6(0.28 %),0,0,0,0,2130650,4.09
02/02/2010,0,0,35.8(0.00 %),0,0,0,0,2130650,4.09
03/02/2010,0,0,36.2(0.84 %),0,0,0,0,2130650,4.09
04/02/2010,100,3660000,37.4(3.31 %),100,3660000,0,0,2130550,4.09
05/02/2010,0,0,36(-2.70 %),0,0,0,0,2130550,4.09
08/02/2010,0,0,36(-0.28 %),0,0,0,0,2130550,4.09
09/02/2010,0,0,37(2.78 %),0,0,0,0,2130550,4.09
10/02/2010,0,0,37(0.00 %),0,0,0,0,2130550,4.09
11/02/2010,0,0,37.4(0.27 %),0,0,0,0,2130550,4.09
12/02/2010,0,0,37.5(0.81 %),0,0,0,0,2130550,4.09
22/02/2010,0,0,37.9(0.00 %),0,0,0,0,2130550,4.09
23/02/2010,0,0,36.5(-2.41 %),0,0,0,0,2130550,4.09
24/02/2010,0,0,37(1.37 %),0,0,0,0,2130550,4.09
25/02/2010,0,0,37.2(1.64 %),0,0,0,0,2130550,4.09
26/02/2010,0,0,37(-0.54 %),0,0,0,0,2121650,4.09
01/03/2010,0,0,38(2.70 %),0,0,0,0,2121650,4.28
02/03/2010,0,0,37.7(0.27 %),0,0,0,0,2121650,4.28
03/03/2010,-700,-26520000,39.4(4.51 %),0,0,700,26520000,2122350,4.26
04/03/2010,0,0,41(5.94 %),0,0,0,0,2122350,4.26
05/03/2010,0,0,43.2(6.93 %),0,0,0,0,2122350,4.26
08/03/2010,0,0,44.5(4.22 %),0,0,0,0,2122350,4.26
09/03/2010,0,0,44(-2.65 %),0,0,0,0,2122350,4.26
10/03/2010,0,0,42.7(-4.04 %),0,0,0,0,2122350,4.26
11/03/2010,0,0,42.9(-0.46 %),0,0,0,0,2122350,4.26
12/03/2010,0,0,42.4(-2.08 %),0,0,0,0,2122350,4.26
15/03/2010,0,0,45.7(6.78 %),0,0,0,0,2122350,4.26
16/03/2010,3000,142690000,47.7(6.95 %),3000,142690000,0,0,2119350,4.33
17/03/2010,0,0,46.5(-2.31 %),0,0,0,0,2119350,4.33
18/03/2010,0,0,47.5(1.71 %),0,0,0,0,2119350,4.33
19/03/2010,0,0,46.5(-0.85 %),0,0,0,0,2119350,4.33
22/03/2010,-1000,-45900000,45.6(-2.77 %),0,0,1000,45900000,2120350,4.3
23/03/2010,-1900,-87100000,44.8(-2.61 %),0,0,1900,87100000,2122250,4.26
24/03/2010,-100,-4380000,45.6(2.70 %),0,0,100,4380000,2122350,4.26
25/03/2010,0,0,43.9(-2.88 %),0,0,0,0,2122350,4.26
26/03/2010,-100,-4390000,43(-2.93 %),0,0,100,4390000,2122450,4.26
29/03/2010,0,0,45(3.69 %),0,0,0,0,2122450,4.26
30/03/2010,0,0,44(-3.08 %),0,0,0,0,2122450,4.26
31/03/2010,0,0,43.7(-1.35 %),0,0,0,0,2122450,4.26
01/04/2010,0,0,45(2.27 %),0,0,0,0,2122450,4.26
02/04/2010,0,0,44.8(1.59 %),0,0,0,0,2122450,4.26
05/04/2010,0,0,47.9(6.92 %),0,0,0,0,2122450,4.26
06/04/2010,0,0,48.3(1.26 %),0,0,0,0,2122450,4.26
07/04/2010,0,0,48.2(-0.41 %),0,0,0,0,2122450,4.26
08/04/2010,0,0,51.4(6.64 %),0,0,0,0,2122450,4.26
09/04/2010,-100,-5100000,49.3(-3.14 %),0,0,100,5100000,2122550,4.26
12/04/2010,0,0,48.5(-4.34 %),0,0,0,0,2122550,4.26
13/04/2010,0,0,47.8(0.00 %),0,0,0,0,2122550,4.26
14/04/2010,0,0,47.7(-0.21 %),0,0,0,0,2122550,4.26
15/04/2010,0,0,47.9(0.00 %),0,0,0,0,2122550,4.26
16/04/2010,0,0,47.3(-1.25 %),0,0,0,0,2122550,4.26
19/04/2010,0,0,46.3(-2.11 %),0,0,0,0,2122550,4.26
20/04/2010,0,0,48(3.45 %),0,0,0,0,2122550,4.26
21/04/2010,0,0,48(-0.41 %),0,0,0,0,2122550,4.26
22/04/2010,0,0,50.3(4.57 %),0,0,0,0,2122550,4.26
26/04/2010,0,0,52.2(5.67 %),0,0,0,0,2122550,4.26
27/04/2010,-100,-5200000,51.2(0.39 %),0,0,100,5200000,2122650,4.26
28/04/2010,100,5000000,50.9(-1.55 %),100,5000000,0,0,2122550,4.26
29/04/2010,0,0,50.5(-0.79 %),0,0,0,0,2122550,4.26
04/05/2010,-5000,-267500000,53.1(5.15 %),0,0,5000,267500000,2127550,4.15
06/05/2010,0,0,51.5(-0.19 %),0,0,0,0,2127550,4.15
10/05/2010,0,0,48.8(-0.41 %),0,0,0,0,2127550,4.15
11/05/2010,0,0,48.5(-1.02 %),0,0,0,0,2127550,4.15
12/05/2010,0,0,46.6(-3.52 %),0,0,0,0,2127550,4.15
13/05/2010,-800,-38200000,48.3(1.68 %),0,0,800,38200000,2128350,4.14
14/05/2010,0,0,47.3(-1.05 %),0,0,0,0,2128350,4.14
17/05/2010,0,0,46(-3.97 %),0,0,0,0,2128350,4.14
18/05/2010,0,0,47.5(3.04 %),0,0,0,0,2128350,4.14
19/05/2010,0,0,44.4(-4.31 %),0,0,0,0,2128350,4.14
20/05/2010,0,0,43.6(-4.39 %),0,0,0,0,2128350,4.14
21/05/2010,0,0,40.3(-6.71 %),0,0,0,0,2128350,4.14
24/05/2010,0,0,43.6(6.86 %),0,0,0,0,2128350,4.14
25/05/2010,-3700,-159470000,42.5(-1.39 %),0,0,3700,159470000,2132050,4.06
26/05/2010,0,0,43.6(1.40 %),0,0,0,0,2132050,4.06
27/05/2010,0,0,44(1.85 %),0,0,0,0,2132050,4.06
28/05/2010,0,0,45.7(6.78 %),0,0,0,0,2132050,4.06
31/05/2010,0,0,45.5(-0.22 %),0,0,0,0,2132050,4.06
01/06/2010,0,0,44.8(-1.10 %),0,0,0,0,2132050,4.06
02/06/2010,0,0,45(0.45 %),0,0,0,0,2132050,4.06
03/06/2010,0,0,47.8(6.94 %),0,0,0,0,2132050,4.06
04/06/2010,0,0,51.1(6.90 %),0,0,0,0,2132050,4.06
07/06/2010,0,0,52.5(2.74 %),0,0,0,0,2132050,4.06
08/06/2010,0,0,52.6(-2.05 %),0,0,0,0,2132050,4.06
09/06/2010,0,0,51.8(-1.52 %),0,0,0,0,2132050,4.06
10/06/2010,0,0,51(-3.23 %),0,0,0,0,2132050,4.06
11/06/2010,0,0,49.5(-3.51 %),0,0,0,0,2132050,4.06
14/06/2010,4000,199600000,50(0.20 %),4000,199600000,0,0,2128050,4.14
15/06/2010,1000,49700000,49.3(-1.79 %),1000,49700000,0,0,2127050,4.16
16/06/2010,0,0,49.8(0.81 %),0,0,0,0,2127050,4.16
17/06/2010,0,0,49.5(-1.00 %),0,0,0,0,2127050,4.16
18/06/2010,0,0,51.4(3.42 %),0,0,0,0,2127050,4.16
21/06/2010,0,0,53.4(3.69 %),0,0,0,0,2127050,4.16
22/06/2010,100,5500000,51(-4.14 %),100,5500000,0,0,2126950,4.16
23/06/2010,100,5000000,52(0.78 %),100,5000000,0,0,2126850,4.17
24/06/2010,100,5300000,55.3(6.96 %),2100,115900000,2000,110600000,2126750,4.17
25/06/2010,-7900,-466200000,59(6.88 %),100,5800000,8000,472000000,2134650,4.0
28/06/2010,-5000,-184000000,36.8(24.75 %),0,0,5000,184000000,2139650,3.9
29/06/2010,-5000,-196500000,38.5(4.62 %),0,0,5000,196500000,2144650,3.79
30/06/2010,0,0,36.2(-6.94 %),0,0,0,0,2144650,3.79
01/07/2010,0,0,33.7(-6.91 %),0,0,0,0,2144650,3.79
02/07/2010,-2000,-63800000,33(-2.08 %),0,0,2000,63800000,2146650,3.75
05/07/2010,0,0,32.1(-0.93 %),0,0,0,0,2146650,3.75
06/07/2010,100,3060000,30.5(-6.44 %),100,3060000,0,0,2146550,3.75
07/07/2010,0,0,30(-1.64 %),0,0,0,0,2146550,3.75
08/07/2010,0,0,29.5(-3.91 %),0,0,0,0,2146550,3.75
09/07/2010,0,0,28.8(-3.68 %),0,0,0,0,2146550,3.75
12/07/2010,0,0,30.9(6.92 %),0,0,0,0,2146550,3.75
13/07/2010,0,0,32.3(6.95 %),0,0,0,0,2146550,3.75
14/07/2010,-10000,-345000000,32.5(0.62 %),0,0,10000,345000000,2156550,3.54
15/07/2010,0,0,31.3(-5.72 %),0,0,0,0,2156550,3.54
16/07/2010,0,0,31.3(-1.26 %),0,0,0,0,2156550,3.54
19/07/2010,0,0,31.9(2.24 %),0,0,0,0,2156550,3.54
20/07/2010,0,0,31.5(-0.94 %),0,0,0,0,2156550,3.54
21/07/2010,0,0,30.5(-3.17 %),0,0,0,0,2156550,3.54
22/07/2010,0,0,30.1(-2.27 %),0,0,0,0,2156550,3.54
23/07/2010,0,0,30.2(1.00 %),0,0,0,0,2156550,3.54
26/07/2010,-2100,-63000000,29.2(-2.34 %),0,0,2100,63000000,2158650,3.5
27/07/2010,0,0,29.5(-0.34 %),0,0,0,0,2158650,3.5
28/07/2010,0,0,28.4(-5.33 %),0,0,0,0,2158650,3.5
29/07/2010,0,0,27.4(-4.20 %),0,0,0,0,2158650,3.5
30/07/2010,0,0,27.5(0.36 %),0,0,0,0,2158650,3.5
02/08/2010,0,0,27.1(-2.52 %),0,0,0,0,2158650,3.5
03/08/2010,0,0,26.2(-5.07 %),0,0,0,0,2158650,3.5
04/08/2010,0,0,25.3(-4.89 %),0,0,0,0,2158650,3.5
05/08/2010,0,0,25.2(-0.40 %),0,0,0,0,2158650,3.5
06/08/2010,0,0,25.1(-0.79 %),0,0,0,0,2158650,3.5
09/08/2010,0,0,23.7(-5.58 %),0,0,0,0,2158650,3.5
10/08/2010,0,0,22.4(-4.68 %),0,0,0,0,2158650,3.5
11/08/2010,0,0,23.6(6.79 %),0,0,0,0,2158650,3.5
12/08/2010,0,0,22.1(-5.56 %),0,0,0,0,2158650,3.5
13/08/2010,0,0,23.3(2.19 %),0,0,0,0,2158650,3.5
16/08/2010,0,0,24.7(6.93 %),0,0,0,0,2158650,3.5
17/08/2010,0,0,23.9(-2.85 %),0,0,0,0,2158650,3.5
18/08/2010,0,0,23(-4.96 %),0,0,0,0,2158650,3.5
19/08/2010,0,0,22.7(-2.16 %),0,0,0,0,2158650,26.24
20/08/2010,0,0,22.8(0.00 %),0,0,0,0,2158650,26.24
23/08/2010,0,0,21.9(-4.37 %),0,0,0,0,2158650,26.24
24/08/2010,0,0,20.6(-6.79 %),0,0,0,0,2158650,26.24
25/08/2010,0,0,19.3(-6.76 %),0,0,0,0,2158650,26.24
26/08/2010,0,0,18.5(-4.64 %),0,0,0,0,2158650,26.24
27/08/2010,0,0,17.7(-5.85 %),0,0,0,0,2158650,26.24
30/08/2010,0,0,18.9(6.78 %),0,0,0,0,2158650,26.24
31/08/2010,0,0,20.2(6.88 %),0,0,0,0,2158650,26.24
01/09/2010,0,0,21.3(6.50 %),0,0,0,0,2158650,26.24
06/09/2010,0,0,22.4(6.67 %),0,0,0,0,2167450,26.24
07/09/2010,0,0,22.3(-0.45 %),0,0,0,0,2158650,26.24
08/09/2010,0,0,21.2(-5.36 %),0,0,0,0,2158650,26.24
09/09/2010,0,0,22.8(6.54 %),0,0,0,0,4316997,3.48
10/09/2010,0,0,23(2.22 %),0,0,0,0,4316997,3.48
13/09/2010,0,0,21.6(-6.90 %),0,0,0,0,4316997,3.48
14/09/2010,2000,46200000,23.3(6.88 %),2000,46200000,0,0,4314997,3.5
15/09/2010,500,12000000,21.9(-4.78 %),500,12000000,0,0,4314497,3.51
16/09/2010,0,0,21.8(-0.91 %),0,0,0,0,4314497,3.51
17/09/2010,0,0,22.6(6.60 %),0,0,0,0,4314497,3.51
20/09/2010,0,0,23.7(4.87 %),0,0,0,0,4314497,3.51
21/09/2010,0,0,23.3(-2.92 %),0,0,0,0,4314497,3.51
22/09/2010,0,0,24(1.69 %),0,0,0,0,4314497,3.51
23/09/2010,0,0,24.9(4.62 %),0,0,0,0,4314497,3.51
24/09/2010,0,0,23.9(-4.02 %),0,0,0,0,4314497,3.51
27/09/2010,0,0,24.4(0.41 %),0,0,0,0,4314497,3.51
28/09/2010,0,0,24.1(-1.23 %),0,0,0,0,4314497,3.51
29/09/2010,0,0,22.9(-6.91 %),0,0,0,0,4314497,3.51
30/09/2010,0,0,22.7(-2.16 %),0,0,0,0,4314497,3.51
01/10/2010,0,0,22(-1.79 %),0,0,0,0,4314497,3.51
04/10/2010,0,0,20.8(-6.73 %),0,0,0,0,4314497,3.51
05/10/2010,0,0,20.8(0.00 %),0,0,0,0,4314497,3.51
06/10/2010,0,0,21.5(6.97 %),0,0,0,0,4314497,3.51
07/10/2010,0,0,21.2(-0.93 %),0,0,0,0,4314497,3.51
08/10/2010,0,0,20.3(-6.45 %),0,0,0,0,4314497,3.51
11/10/2010,0,0,20.2(-2.88 %),0,0,0,0,4314497,3.51
12/10/2010,0,0,19.6(-3.45 %),0,0,0,0,4314497,3.51
13/10/2010,10000,197000000,20(1.52 %),10000,197000000,0,0,4304497,3.62
14/10/2010,0,0,19.7(-0.51 %),0,0,0,0,4304497,3.62
15/10/2010,0,0,19.5(-1.52 %),0,0,0,0,4304497,3.62
18/10/2010,0,0,19.2(-1.54 %),0,0,0,0,4304497,3.62
19/10/2010,0,0,18.4(-5.15 %),0,0,0,0,4304497,3.62
20/10/2010,0,0,17.2(-6.52 %),0,0,0,0,4304497,3.62
21/10/2010,0,0,17.5(1.16 %),0,0,0,0,4304497,3.62
22/10/2010,0,0,16.8(-4.55 %),0,0,0,0,4304497,3.62
25/10/2010,0,0,17.8(6.59 %),0,0,0,0,4304497,3.62
26/10/2010,0,0,18.5(6.94 %),0,0,0,0,4304497,3.62
27/10/2010,0,0,18(-2.70 %),0,0,0,0,4304497,3.62
28/10/2010,0,0,17.6(-3.30 %),0,0,0,0,4304497,3.62
29/10/2010,0,0,17.9(1.70 %),0,0,0,0,4304497,3.62
01/11/2010,0,0,17.3(-3.35 %),0,0,0,0,4304497,3.62
02/11/2010,0,0,16.6(-5.14 %),0,0,0,0,4304497,3.62
03/11/2010,3100,54010000,16.4(-1.20 %),3100,54010000,0,0,4301397,3.65
04/11/2010,0,0,16.5(1.85 %),0,0,0,0,4301397,3.65
05/11/2010,-3100,-52700000,17.6(6.67 %),0,0,3100,52700000,4304497,3.62
08/11/2010,0,0,16.8(-3.45 %),0,0,0,0,4304497,3.62
09/11/2010,0,0,15.8(-5.95 %),0,0,0,0,4304497,3.62
10/11/2010,0,0,15.9(0.00 %),0,0,0,0,4304497,3.62
11/11/2010,0,0,15(-5.66 %),0,0,0,0,4304497,3.62
12/11/2010,4700,67210000,14.4(-5.88 %),4700,67210000,0,0,4299797,3.66
15/11/2010,0,0,13.5(-6.25 %),0,0,0,0,4299797,3.66
16/11/2010,0,0,13.2(-4.35 %),0,0,0,0,4299797,3.66
17/11/2010,5000,67000000,13.4(3.08 %),5000,67000000,0,0,4294797,3.72
18/11/2010,5000,70100000,14.2(6.77 %),5000,70100000,0,0,4289797,3.77
19/11/2010,0,0,13.4(-4.96 %),0,0,0,0,4289797,3.77
22/11/2010,0,0,13.4(-2.19 %),0,0,0,0,4289797,3.77
23/11/2010,100,1350000,13.6(3.82 %),100,1350000,0,0,4289697,3.77
24/11/2010,0,0,13.5(-0.74 %),0,0,0,0,4289697,3.77
25/11/2010,-3100,-43400000,14.4(6.67 %),0,0,3100,43400000,4292797,3.74
26/11/2010,300,5060000,15.3(6.99 %),5000,76500000,4700,71440000,4292497,3.74
29/11/2010,0,0,16.2(6.58 %),0,0,0,0,4292497,3.74
30/11/2010,15700,262190000,16.7(6.37 %),15700,262190000,0,0,4276797,3.91
01/12/2010,0,0,15.9(-4.79 %),0,0,0,0,4276797,3.91
02/12/2010,0,0,16.5(0.61 %),0,0,0,0,4276797,3.91
03/12/2010,0,0,17.3(6.79 %),0,0,0,0,4276797,3.91
06/12/2010,0,0,17(-1.73 %),0,0,0,0,4276797,3.91
07/12/2010,0,0,16.3(-6.32 %),0,0,0,0,4276797,3.91
08/12/2010,0,0,15.7(-6.55 %),0,0,0,0,4276797,3.91
09/12/2010,0,0,16(0.63 %),0,0,0,0,4276797,3.91
10/12/2010,0,0,16.6(6.41 %),0,0,0,0,4276797,3.91
13/12/2010,0,0,17.5(6.71 %),0,0,0,0,4276797,3.91
14/12/2010,100,1850000,16.8(-4.00 %),100,1850000,0,0,4276697,3.91
15/12/2010,0,0,16(-6.43 %),0,0,0,0,4276697,3.91
16/12/2010,0,0,15.3(-6.71 %),0,0,0,0,4276697,3.91
17/12/2010,5000,79000000,16.4(6.49 %),5000,79000000,0,0,4271697,3.96
20/12/2010,-15000,-236650000,15.7(-2.48 %),0,0,15000,236650000,4286697,3.8
21/12/2010,0,0,15.6(-1.27 %),0,0,0,0,4271697,3.96
22/12/2010,0,0,15.6(1.30 %),0,0,0,0,4271697,3.96
23/12/2010,-100,-1510000,14.9(-3.87 %),0,0,100,1510000,4271797,3.96
24/12/2010,0,0,15.1(0.67 %),0,0,0,0,4271797,3.96
27/12/2010,0,0,15.2(0.66 %),0,0,0,0,4271797,3.96
28/12/2010,0,0,15.9(4.61 %),0,0,0,0,4271797,3.96
29/12/2010,0,0,15.3(-2.55 %),0,0,0,0,4271797,3.96
30/12/2010,-2500,-37500000,15.1(-2.58 %),0,0,2500,37500000,4274297,3.93
31/12/2010,-5700,-86070000,15.1(0.00 %),0,0,5700,86070000,4279997,3.87
04/01/2011,0,0,15(-0.66 %),0,0,0,0,4279997,3.87
05/01/2011,0,0,14.8(-1.99 %),0,0,0,0,4279997,3.87
06/01/2011,0,0,14.9(0.00 %),0,0,0,0,4279997,3.87
07/01/2011,-100,-1500000,14.7(-0.68 %),0,0,100,1500000,4280097,3.87
10/01/2011,-2700,-38880000,13.9(-5.44 %),0,0,2700,38880000,4282797,3.84
11/01/2011,-2200,-30360000,13.8(-2.82 %),0,0,2200,30360000,4284997,3.82
12/01/2011,0,0,14.1(2.17 %),0,0,0,0,4284997,3.82
13/01/2011,0,0,14(0.00 %),0,0,0,0,4284997,3.82
14/01/2011,0,0,14.1(0.00 %),0,0,0,0,4284997,0.0
17/01/2011,0,0,14(0.00 %),0,0,0,0,4284997,0.0
18/01/2011,0,0,14(-0.71 %),0,0,0,0,4284997,3.82
19/01/2011,0,0,14(-0.71 %),0,0,0,0,4284997,3.82
20/01/2011,0,0,14.2(2.16 %),0,0,0,0,4284997,0.0
21/01/2011,0,0,14.1(0.00 %),0,0,0,0,4284997,3.82
24/01/2011,0,0,13.9(-2.11 %),0,0,0,0,4284997,3.82
25/01/2011,7900,110810000,14.3(2.88 %),10000,140000000,2100,29190000,4277097,3.9
26/01/2011,0,0,14.6(2.82 %),0,0,0,0,4277097,3.9
27/01/2011,13400,201000000,15.1(4.14 %),13400,201000000,0,0,4263697,4.05
28/01/2011,0,0,15.1(1.34 %),0,0,0,0,4263697,4.05
08/02/2011,0,0,14.5(-3.97 %),0,0,0,0,4263697,4.05
09/02/2011,-10000,-146000000,14.9(1.36 %),0,0,10000,146000000,4273697,0.0
10/02/2011,0,0,14.3(-3.38 %),0,0,0,0,4273697,3.94
11/02/2011,10000,142000000,14.2(0.71 %),10000,142000000,0,0,4263697,0.0
14/02/2011,0,0,13.9(-1.42 %),0,0,0,0,4263697,4.05
15/02/2011,0,0,13.9(0.00 %),0,0,0,0,4263697,4.05
16/02/2011,0,0,13.7(-0.72 %),0,0,0,0,4263697,4.05
17/02/2011,0,0,13.5(-2.17 %),0,0,0,0,4263697,4.05
18/02/2011,0,0,13.1(-2.96 %),0,0,0,0,4263697,4.05
21/02/2011,0,0,12.4(-6.77 %),0,0,0,0,4263697,4.05
22/02/2011,0,0,11.7(-5.65 %),0,0,0,0,4263697,4.05
23/02/2011,0,0,12.4(5.98 %),0,0,0,0,4263697,4.05
24/02/2011,0,0,12.1(-0.82 %),0,0,0,0,4263697,4.05
25/02/2011,0,0,12.3(3.36 %),0,0,0,0,4263697,4.05
28/02/2011,0,0,11.7(-3.31 %),0,0,0,0,4263697,4.05
01/03/2011,0,0,11.6(-1.69 %),0,0,0,0,0,0.0
02/03/2011,0,0,10.9(-6.03 %),0,0,0,0,4263697,4.05
03/03/2011,0,0,10.5(-4.55 %),0,0,0,0,0,0.0
04/03/2011,0,0,10.7(0.94 %),0,0,0,0,0,0.0
07/03/2011,0,0,10.6(-0.93 %),0,0,0,0,0,0.0
08/03/2011,-23400,-243160000,10.3(-3.74 %),0,0,23400,243160000,0,0.0
09/03/2011,0,0,9.8(-5.77 %),0,0,0,0,0,0.0
10/03/2011,25000,261600000,10.5(6.06 %),25000,261600000,0,0,0,0.0
11/03/2011,0,0,11.1(6.73 %),0,0,0,0,0,0.0
14/03/2011,0,0,10.4(-6.31 %),0,0,0,0,0,0.0
15/03/2011,0,0,10.5(0.00 %),0,0,0,0,0,0.0
16/03/2011,0,0,10.4(0.97 %),0,0,0,0,4277119,3.9
17/03/2011,0,0,10.6(2.91 %),0,0,0,0,4277119,3.9
18/03/2011,0,0,11.2(6.67 %),0,0,0,0,4277119,3.9
21/03/2011,16200,189540000,11.7(6.36 %),16200,189540000,0,0,4260919,4.07
22/03/2011,-25000,-295800000,11.9(1.71 %),0,0,25000,295800000,4285919,3.81
23/03/2011,0,0,11.8(-2.48 %),0,0,0,0,4285919,3.81
24/03/2011,0,0,11.8(0.00 %),0,0,0,0,4285919,3.81
25/03/2011,0,0,11.4(-3.39 %),0,0,0,0,4285919,3.81
28/03/2011,0,0,11.3(-1.74 %),0,0,0,0,4285919,3.81
29/03/2011,-5300,-58330000,11(-2.65 %),0,0,5300,58330000,4291219,3.76
30/03/2011,-4700,-50020000,10.8(-1.82 %),0,0,4700,50020000,4295919,3.71
31/03/2011,0,0,10.7(0.00 %),0,0,0,0,4295919,3.71
01/04/2011,20000,212980000,10.7(0.00 %),20000,212980000,0,0,4265919,4.02
04/04/2011,0,0,10.6(0.00 %),0,0,0,0,4265919,4.02
05/04/2011,0,0,10.7(1.90 %),0,0,0,0,4265919,4.02
06/04/2011,0,0,10.9(3.81 %),0,0,0,0,4265919,4.02
07/04/2011,0,0,10.7(-0.93 %),0,0,0,0,4265919,4.02
08/04/2011,0,0,10.6(-1.85 %),0,0,0,0,4265919,4.02
13/04/2011,0,0,10.4(-1.89 %),0,0,0,0,4265919,4.02
14/04/2011,5000,52000000,10.4(-0.95 %),5000,52000000,0,0,4260919,4.07
15/04/2011,0,0,10(-3.85 %),0,0,0,0,4260919,4.07
18/04/2011,0,0,9.7(-3.96 %),0,0,0,0,4260919,4.07
19/04/2011,0,0,9.8(0.00 %),0,0,0,0,4260919,4.07
20/04/2011,0,0,9.7(-1.02 %),0,0,0,0,4260919,4.07
21/04/2011,0,0,9.5(-3.06 %),0,0,0,0,4260919,4.07
22/04/2011,0,0,9.5(-1.04 %),0,0,0,0,4260919,4.07
25/04/2011,0,0,9.9(6.45 %),0,0,0,0,4260919,4.07
26/04/2011,0,0,9.4(-3.09 %),0,0,0,0,4260919,4.07
27/04/2011,0,0,9.5(1.06 %),0,0,0,0,4260919,4.07
28/04/2011,0,0,9.3(0.00 %),0,0,0,0,4260919,4.07
29/04/2011,0,0,9.3(0.00 %),0,0,0,0,4260919,4.07
04/05/2011,0,0,9.2(-1.08 %),0,0,0,0,4270919,3.97
05/05/2011,0,0,8.9(-4.30 %),0,0,0,0,4270919,3.97
06/05/2011,100,890000,8.9(-1.11 %),100,890000,0,0,4270819,3.97
09/05/2011,0,0,8.9(1.14 %),0,0,0,0,4270819,3.97
10/05/2011,0,0,8.9(-1.11 %),0,0,0,0,4270819,3.97
11/05/2011,0,0,8.9(-1.11 %),0,0,0,0,4270819,3.97
12/05/2011,0,0,8.6(-3.37 %),0,0,0,0,4270819,3.97
13/05/2011,0,0,8.5(-2.30 %),0,0,0,0,4270819,3.97
16/05/2011,0,0,8.3(-2.35 %),0,0,0,0,4270819,3.97
17/05/2011,0,0,7.9(-5.95 %),0,0,0,0,4270819,3.97
18/05/2011,0,0,7.9(0.00 %),0,0,0,0,4270819,3.97
19/05/2011,0,0,7.6(-1.30 %),0,0,0,0,4270819,3.97
20/05/2011,0,0,7.4(-3.90 %),0,0,0,0,4270819,3.97
23/05/2011,0,0,7(-5.41 %),0,0,0,0,4270819,3.97
24/05/2011,0,0,6.6(-5.71 %),0,0,0,0,4270819,3.97
25/05/2011,0,0,6.2(-6.06 %),0,0,0,0,4270819,3.97
26/05/2011,10000,64000000,6.4(3.23 %),10000,64000000,0,0,4260819,4.08
27/05/2011,0,0,6.5(6.56 %),0,0,0,0,4260819,4.08
30/05/2011,0,0,6.1(-4.69 %),0,0,0,0,4260819,4.08
31/05/2011,0,0,6.3(0.00 %),0,0,0,0,4260819,4.08
01/06/2011,0,0,6.4(6.67 %),0,0,0,0,4260819,4.08
02/06/2011,0,0,6.7(6.35 %),0,0,0,0,4260819,4.08
03/06/2011,0,0,6.7(0.00 %),0,0,0,0,4260819,4.08
06/06/2011,0,0,6.7(-2.90 %),0,0,0,0,4260819,4.08
07/06/2011,-12000,-82800000,7(6.06 %),0,0,12000,82800000,4272819,3.95
08/06/2011,-49200,-330760000,6.9(-1.43 %),0,0,49200,330760000,4322019,3.43
09/06/2011,0,0,7.3(5.80 %),0,0,0,0,4322019,3.43
10/06/2011,0,0,7.7(6.94 %),0,0,0,0,4322019,0.0
13/06/2011,0,0,8.2(6.49 %),0,0,0,0,4322019,0.0
14/06/2011,0,0,8.4(2.44 %),0,0,0,0,4322019,0.0
15/06/2011,0,0,8(-6.98 %),0,0,0,0,4322019,0.0
16/06/2011,0,0,8.1(0.00 %),0,0,0,0,4322019,0.0
17/06/2011,0,0,7.6(-6.17 %),0,0,0,0,4322019,0.0
20/06/2011,-600,-4560000,7.1(-6.58 %),0,0,600,4560000,4322619,0.0
21/06/2011,0,0,7.7(6.94 %),0,0,0,0,4322619,0.0
22/06/2011,0,0,7.4(0.00 %),0,0,0,0,4322619,0.0
23/06/2011,0,0,7.3(-1.35 %),0,0,0,0,4322619,0.0
24/06/2011,0,0,7.4(1.37 %),0,0,0,0,4322619,0.0
27/06/2011,0,0,7.3(-1.35 %),0,0,0,0,4322619,0.0
28/06/2011,0,0,7.1(-4.05 %),0,0,0,0,4322619,0.0
29/06/2011,0,0,7.1(0.00 %),0,0,0,0,4322619,0.0
30/06/2011,0,0,7(0.00 %),0,0,0,0,4322619,0.0
01/07/2011,0,0,6.7(-2.90 %),0,0,0,0,4322619,0.0
04/07/2011,1000,6700000,6.9(2.99 %),1000,6700000,0,0,4321619,0.0
05/07/2011,0,0,7.2(5.88 %),0,0,0,0,4321619,0.0
06/07/2011,0,0,7(-2.78 %),0,0,0,0,4321619,0.0
07/07/2011,0,0,7.1(1.43 %),0,0,0,0,4321619,0.0
08/07/2011,0,0,7(-1.41 %),0,0,0,0,4321619,0.0
11/07/2011,0,0,6.8(-2.86 %),0,0,0,0,4321619,0.0
12/07/2011,0,0,6.9(0.00 %),0,0,0,0,4321619,0.0
13/07/2011,0,0,6.8(1.49 %),0,0,0,0,4321619,0.0
14/07/2011,0,0,6.8(0.00 %),0,0,0,0,4321619,0.0
15/07/2011,0,0,6.7(-1.47 %),0,0,0,0,4321619,0.0
18/07/2011,0,0,6.6(-1.49 %),0,0,0,0,4321619,0.0
19/07/2011,0,0,6.7(0.00 %),0,0,0,0,4321619,0.0
20/07/2011,0,0,6.8(1.49 %),0,0,0,0,4321619,3.43
21/07/2011,0,0,6.7(0.00 %),0,0,0,0,4321619,3.43
22/07/2011,0,0,6.4(-4.48 %),0,0,0,0,4321619,3.43
25/07/2011,0,0,6.2(-4.62 %),0,0,0,0,4321619,3.43
26/07/2011,0,0,5.9(-4.84 %),0,0,0,0,4321619,3.43
27/07/2011,0,0,6.1(3.39 %),0,0,0,0,4321619,3.43
28/07/2011,0,0,6(1.69 %),0,0,0,0,4321619,3.43
29/07/2011,0,0,5.8(-3.33 %),0,0,0,0,4321619,3.43
01/08/2011,0,0,5.6(-3.45 %),0,0,0,0,4321619,3.43
02/08/2011,0,0,5.5(-1.79 %),0,0,0,0,4321619,3.43
03/08/2011,0,0,5.6(1.82 %),0,0,0,0,4321619,3.43
04/08/2011,0,0,5.8(5.45 %),0,0,0,0,4321619,3.43
05/08/2011,0,0,5.7(0.00 %),0,0,0,0,4321619,3.43
08/08/2011,0,0,5.5(-5.17 %),0,0,0,0,4321619,3.43
09/08/2011,0,0,5.3(-5.36 %),0,0,0,0,4321619,3.43
10/08/2011,0,0,5.3(0.00 %),0,0,0,0,4321619,3.43
11/08/2011,0,0,5.3(-1.85 %),0,0,0,0,4321619,3.43
12/08/2011,0,0,5.3(1.92 %),0,0,0,0,4321619,3.43
15/08/2011,0,0,5.3(-1.85 %),0,0,0,0,4321619,3.43
16/08/2011,0,0,5.3(0.00 %),0,0,0,0,4321619,3.43
17/08/2011,0,0,5.6(5.66 %),0,0,0,0,4321619,3.43
18/08/2011,800,4640000,5.7(3.64 %),800,4640000,0,0,4320819,3.44
19/08/2011,5300,28710000,5.6(-1.75 %),5300,28710000,0,0,4315519,3.5
22/08/2011,0,0,5.8(5.45 %),0,0,0,0,4315519,3.5
23/08/2011,0,0,5.7(-1.72 %),0,0,0,0,4315519,3.5
24/08/2011,0,0,5.5(-5.17 %),0,0,0,0,4315519,3.5
25/08/2011,-400,-2320000,5.9(3.51 %),0,0,400,2320000,4315919,3.49
26/08/2011,0,0,5.8(1.75 %),0,0,0,0,4315919,3.49
29/08/2011,-300,-1710000,6(5.26 %),0,0,300,1710000,4316219,3.49
30/08/2011,100,610000,6.2(3.33 %),100,610000,0,0,4316119,3.49
31/08/2011,100,620000,6.2(-1.59 %),100,620000,0,0,4316019,3.49
01/09/2011,0,0,6.5(3.17 %),0,0,0,0,4315719,3.5
05/09/2011,0,0,6.3(0.00 %),0,0,0,0,4315719,3.5
06/09/2011,0,0,6(-6.25 %),0,0,0,0,4315719,3.5
07/09/2011,0,0,6.4(6.67 %),0,0,0,0,4315719,3.5
08/09/2011,0,0,6.7(6.35 %),0,0,0,0,4315719,3.5
09/09/2011,0,0,6.8(1.49 %),0,0,0,0,4315719,3.5
12/09/2011,0,0,7.1(5.97 %),0,0,0,0,4315719,3.5
13/09/2011,0,0,7.5(5.63 %),0,0,0,0,4315719,3.5
14/09/2011,0,0,7.1(-5.33 %),0,0,0,0,4315719,3.5
15/09/2011,0,0,7.1(-5.33 %),0,0,0,0,4315719,3.5
16/09/2011,0,0,6.7(-5.63 %),0,0,0,0,4315719,3.5
19/09/2011,0,0,6.9(1.47 %),0,0,0,0,4315719,3.5
20/09/2011,0,0,6.7(-1.47 %),0,0,0,0,4315719,3.5
21/09/2011,200,1380000,6.9(1.47 %),200,1380000,0,0,4315519,3.5
22/09/2011,0,0,7(2.94 %),0,0,0,0,4315519,3.5
23/09/2011,0,0,6.8(-1.45 %),0,0,0,0,4315519,3.5
26/09/2011,0,0,6.4(1.59 %),0,0,0,0,4315519,3.5
27/09/2011,0,0,6.5(1.56 %),0,0,0,0,4315519,3.5
28/09/2011,0,0,6.3(-3.08 %),0,0,0,0,4315519,3.5
29/09/2011,0,0,6.1(-4.69 %),0,0,0,0,4315519,3.5
30/09/2011,0,0,6(-3.23 %),0,0,0,0,4315519,3.5
03/10/2011,0,0,5.9(-3.28 %),0,0,0,0,4315819,3.5
04/10/2011,0,0,5.8(0.00 %),0,0,0,0,4315819,3.5
05/10/2011,0,0,5.6(-1.75 %),0,0,0,0,4315819,3.5
06/10/2011,0,0,5.8(1.75 %),0,0,0,0,4315819,3.5
07/10/2011,0,0,5.8(0.00 %),0,0,0,0,4315819,3.5
10/10/2011,0,0,5.7(-1.72 %),0,0,0,0,4315819,3.5
11/10/2011,0,0,5.6(0.00 %),0,0,0,0,4315819,3.5
12/10/2011,0,0,5.4(-3.57 %),0,0,0,0,4315819,3.5
13/10/2011,0,0,5.4(1.89 %),0,0,0,0,4315819,3.5
14/10/2011,0,0,5.5(3.77 %),0,0,0,0,4315819,3.5
17/10/2011,0,0,5.3(-1.85 %),0,0,0,0,4315819,3.5
18/10/2011,0,0,5.1(-3.77 %),0,0,0,0,4315819,3.5
19/10/2011,15000,78000000,5.2(1.96 %),15000,78000000,0,0,4300819,3.65
20/10/2011,5000,26000000,5.2(0.00 %),5000,26000000,0,0,4295819,3.71
21/10/2011,0,0,5.4(3.85 %),0,0,0,0,4295819,3.71
24/10/2011,0,0,5.6(3.70 %),0,0,0,0,4295819,3.71
25/10/2011,10000,54000000,5.4(-1.82 %),10000,54000000,0,0,4285819,3.81
26/10/2011,0,0,5.5(1.85 %),0,0,0,0,4285819,3.81
27/10/2011,14000,78400000,5.7(5.56 %),14000,78400000,0,0,4271819,3.96
28/10/2011,0,0,5.9(5.36 %),0,0,0,0,4271819,3.96
31/10/2011,-14000,-84000000,6(1.69 %),0,0,14000,84000000,4285819,3.81
01/11/2011,0,0,5.8(-6.45 %),0,0,0,0,4271819,3.96
02/11/2011,0,0,5.8(-1.69 %),0,0,0,0,4271819,3.96
03/11/2011,-1200,-7200000,5.9(1.72 %),0,0,1200,7200000,4273019,3.95
04/11/2011,0,0,5.9(-1.67 %),0,0,0,0,4273019,3.95
07/11/2011,0,0,5.9(-3.28 %),0,0,0,0,4273019,3.95
08/11/2011,0,0,6(0.00 %),0,0,0,0,4273019,3.95
09/11/2011,0,0,5.9(0.00 %),0,0,0,0,4273019,3.95
10/11/2011,0,0,5.8(-3.33 %),0,0,0,0,4273019,3.95
11/11/2011,0,0,5.6(-3.45 %),0,0,0,0,4273019,3.95
14/11/2011,-30000,-168000000,5.6(-6.67 %),0,0,30000,168000000,4303019,3.63
15/11/2011,0,0,5.5(-3.51 %),0,0,0,0,4303019,3.63
16/11/2011,0,0,5.6(0.00 %),0,0,0,0,4303019,3.63
17/11/2011,0,0,5.8(0.00 %),0,0,0,0,4303019,3.63
18/11/2011,0,0,5.5(-3.51 %),0,0,0,0,4303019,3.63
21/11/2011,0,0,5.2(-5.45 %),0,0,0,0,4303019,3.63
22/11/2011,0,0,5.2(0.00 %),0,0,0,0,4303019,3.63
23/11/2011,0,0,5.2(1.96 %),0,0,0,0,4303019,3.63
24/11/2011,0,0,5.1(-3.77 %),0,0,0,0,4303019,3.63
25/11/2011,300,1560000,5(-5.66 %),300,1560000,0,0,4302719,3.63
28/11/2011,20000,105660000,5.3(6.00 %),20000,105660000,0,0,4282719,3.84
29/11/2011,0,0,5.2(-1.89 %),0,0,0,0,4282719,3.84
30/11/2011,0,0,5.2(-1.89 %),0,0,0,0,4282719,3.84
01/12/2011,0,0,5.3(0.00 %),0,0,0,0,4296719,3.7
02/12/2011,0,0,5.2(-3.70 %),0,0,0,0,4296719,3.7
05/12/2011,30000,163800000,5.6(5.66 %),30000,163800000,0,0,4266719,4.01
06/12/2011,0,0,5.5(0.00 %),0,0,0,0,4266719,4.01
07/12/2011,0,0,5.4(-5.26 %),0,0,0,0,4266719,4.01
08/12/2011,0,0,5.3(-1.85 %),0,0,0,0,4266719,4.01
09/12/2011,0,0,5.2(-5.45 %),0,0,0,0,4266719,4.01
12/12/2011,0,0,5(-3.85 %),0,0,0,0,4266719,4.01
13/12/2011,0,0,4.8(-4.00 %),0,0,0,0,4266719,4.01
14/12/2011,0,0,4.8(-2.04 %),0,0,0,0,4266719,4.01
15/12/2011,0,0,4.6(-6.12 %),0,0,0,0,4266719,4.01
16/12/2011,0,0,4.8(4.35 %),0,0,0,0,4266719,4.01
19/12/2011,0,0,4.7(-2.08 %),0,0,0,0,4266719,4.01
20/12/2011,0,0,4.5(-6.25 %),0,0,0,0,4266719,4.01
21/12/2011,0,0,4.5(0.00 %),0,0,0,0,4266719,4.01
22/12/2011,0,0,4.2(-6.67 %),0,0,0,0,4266719,4.01
23/12/2011,0,0,4.1(-2.38 %),0,0,0,0,4266719,4.01
26/12/2011,0,0,3.8(-5.00 %),0,0,0,0,4266719,4.01
27/12/2011,0,0,3.6(-5.26 %),0,0,0,0,4266719,4.01
28/12/2011,0,0,3.8(2.70 %),0,0,0,0,4266719,4.01
29/12/2011,0,0,3.7(-2.63 %),0,0,0,0,4266719,4.01
30/12/2011,0,0,3.9(5.41 %),0,0,0,0,4266719,4.01
03/01/2012,0,0,3.9(2.63 %),0,0,0,0,4266738,4.01
04/01/2012,0,0,3.7(-5.13 %),0,0,0,0,4266738,4.01
05/01/2012,0,0,3.8(0.00 %),0,0,0,0,4266738,4.01
06/01/2012,0,0,3.5(-5.41 %),0,0,0,0,4266738,4.01
09/01/2012,0,0,3.7(2.78 %),0,0,0,0,4266738,4.01
10/01/2012,0,0,3.8(5.56 %),0,0,0,0,4266738,4.01
11/01/2012,9000,34200000,3.6(-5.26 %),9000,34200000,0,0,4257738,4.11
12/01/2012,0,0,3.7(-2.63 %),0,0,0,0,4257738,4.11
13/01/2012,0,0,3.6(-2.70 %),0,0,0,0,4257738,4.11
16/01/2012,0,0,3.8(5.56 %),0,0,0,0,4257738,4.11
17/01/2012,0,0,3.8(0.00 %),0,0,0,0,4257738,4.11
18/01/2012,0,0,3.9(0.00 %),0,0,0,0,4257738,4.11
19/01/2012,0,0,4.2(5.00 %),0,0,0,0,4257738,4.11
20/01/2012,0,0,3.9(-4.88 %),0,0,0,0,4257738,4.11
30/01/2012,0,0,4.1(2.50 %),0,0,0,0,4257738,4.11
31/01/2012,0,0,4.1(5.13 %),0,0,0,0,4257738,4.11
01/02/2012,0,0,4(-2.44 %),0,0,0,0,4257738,4.11
02/02/2012,0,0,4.2(5.00 %),0,0,0,0,4257738,4.11
03/02/2012,0,0,4(-2.44 %),0,0,0,0,4257738,4.11
06/02/2012,0,0,3.9(-2.50 %),0,0,0,0,4257738,4.11
07/02/2012,0,0,4(2.56 %),0,0,0,0,4257738,4.11
08/02/2012,0,0,4.1(2.50 %),0,0,0,0,4257738,4.11
09/02/2012,-32000,-121600000,3.8(-5.00 %),0,0,32000,121600000,4289738,3.77
10/02/2012,0,0,3.6(-5.26 %),0,0,0,0,4289738,3.77
13/02/2012,0,0,3.5(-2.78 %),0,0,0,0,4289738,3.77
14/02/2012,0,0,3.7(5.71 %),0,0,0,0,4289738,3.77
15/02/2012,0,0,3.6(0.00 %),0,0,0,0,4289738,3.77
16/02/2012,100,370000,3.6(-2.70 %),100,370000,0,0,4289638,3.77
17/02/2012,0,0,3.6(-2.70 %),0,0,0,0,4289638,3.77
20/02/2012,100,360000,3.8(5.56 %),100,360000,0,0,4289538,3.77
21/02/2012,0,0,3.7(-2.63 %),0,0,0,0,4289538,3.77
22/02/2012,0,0,4(5.26 %),0,0,0,0,4289538,3.77
23/02/2012,0,0,4.1(5.13 %),0,0,0,0,4289538,3.77
24/02/2012,0,0,4.3(4.88 %),0,0,0,0,4289538,3.77
27/02/2012,0,0,4.6(6.98 %),0,0,0,0,4289538,3.77
28/02/2012,0,0,4.6(0.00 %),0,0,0,0,4289538,3.77
29/02/2012,0,0,4.6(-4.17 %),0,0,0,0,4289538,3.77
01/03/2012,0,0,4.6(2.22 %),0,0,0,0,4289538,3.77
02/03/2012,0,0,4.8(6.67 %),0,0,0,0,4289538,3.77
05/03/2012,0,0,5.1(6.25 %),0,0,0,0,4289538,3.77
06/03/2012,0,0,5.1(0.00 %),0,0,0,0,4289538,3.77
07/03/2012,0,0,5.1(-1.92 %),0,0,0,0,4289538,3.77
08/03/2012,0,0,4.8(-4.00 %),0,0,0,0,4289538,3.77
09/03/2012,0,0,4.7(-2.08 %),0,0,0,0,4289538,3.77
12/03/2012,0,0,4.6(-4.17 %),0,0,0,0,4289538,3.77
13/03/2012,0,0,4.8(4.35 %),0,0,0,0,4289538,3.77
14/03/2012,0,0,4.5(-4.26 %),0,0,0,0,4289538,3.77
15/03/2012,0,0,4.8(4.35 %),0,0,0,0,4289538,3.77
16/03/2012,0,0,4.9(6.52 %),0,0,0,0,4289538,3.77
19/03/2012,0,0,4.8(-2.04 %),0,0,0,0,4289538,3.77
20/03/2012,0,0,5.1(6.25 %),0,0,0,0,4289538,3.77
21/03/2012,0,0,5.4(5.88 %),0,0,0,0,4289538,3.77
22/03/2012,0,0,5.5(1.85 %),0,0,0,0,4289538,3.77
23/03/2012,0,0,5.6(3.70 %),0,0,0,0,4289538,3.77
26/03/2012,0,0,5.8(5.45 %),0,0,0,0,4289538,3.77
27/03/2012,0,0,5.6(-3.45 %),0,0,0,0,4289538,3.77
28/03/2012,0,0,5.8(5.45 %),0,0,0,0,4289538,3.77
29/03/2012,0,0,5.8(0.00 %),0,0,0,0,4289538,3.77
30/03/2012,0,0,5.4(-5.26 %),0,0,0,0,4289538,3.77
03/04/2012,0,0,5.7(3.64 %),0,0,0,0,4289538,3.77
04/04/2012,0,0,5.5(-1.79 %),0,0,0,0,4289538,3.77
05/04/2012,0,0,5.6(1.82 %),0,0,0,0,4289538,3.77
06/04/2012,0,0,5.5(-1.79 %),0,0,0,0,4289538,3.77
09/04/2012,0,0,5.9(5.36 %),0,0,0,0,4289538,3.77
10/04/2012,0,0,6.3(6.78 %),0,0,0,0,4289538,3.77
11/04/2012,0,0,6.7(6.35 %),0,0,0,0,4289538,3.77
12/04/2012,0,0,7.1(5.97 %),0,0,0,0,4289538,3.77
13/04/2012,0,0,7.2(1.41 %),0,0,0,0,4289538,3.77
16/04/2012,0,0,7.8(6.85 %),0,0,0,0,4289538,3.77
17/04/2012,0,0,8.2(6.49 %),0,0,0,0,4289538,3.77
18/04/2012,0,0,8.2(1.23 %),0,0,0,0,4289538,3.77
19/04/2012,0,0,7.9(-2.47 %),0,0,0,0,4289538,3.77
20/04/2012,0,0,7.6(-2.56 %),0,0,0,0,4289538,3.77
23/04/2012,0,0,7.3(-3.95 %),0,0,0,0,4289538,3.77
24/04/2012,0,0,7.8(6.85 %),0,0,0,0,4289538,3.77
25/04/2012,0,0,8.3(6.41 %),0,0,0,0,4289538,3.77
26/04/2012,0,0,8.7(4.82 %),0,0,0,0,4289538,3.77
27/04/2012,0,0,9.3(6.90 %),0,0,0,0,4289538,3.77
02/05/2012,0,0,9.9(6.45 %),0,0,0,0,4289538,3.77
03/05/2012,0,0,10.5(6.06 %),0,0,0,0,4289538,3.77
04/05/2012,-1800,-19440000,11.1(6.73 %),0,0,1800,19440000,4291338,3.75
07/05/2012,0,0,11.7(6.36 %),0,0,0,0,4291338,3.75
08/05/2012,-2000,-23980000,12.5(6.84 %),0,0,2000,23980000,4293338,3.73
09/05/2012,0,0,13.3(6.40 %),0,0,0,0,4293338,3.73
10/05/2012,0,0,14.2(6.77 %),0,0,0,0,4293338,3.73
11/05/2012,0,0,14.9(4.93 %),0,0,0,0,4293338,3.73
14/05/2012,0,0,14.2(-3.40 %),0,0,0,0,4293338,3.73
15/05/2012,0,0,13.4(-6.94 %),0,0,0,0,4293338,3.73
16/05/2012,0,0,12.5(-6.72 %),0,0,0,0,4293338,3.73
17/05/2012,0,0,11.7(-6.40 %),0,0,0,0,4293338,3.73
18/05/2012,0,0,10.9(-6.84 %),0,0,0,0,4293338,3.73
21/05/2012,1000,10200000,11.6(6.42 %),1000,10200000,0,0,4292338,3.74
22/05/2012,0,0,12.4(6.90 %),0,0,0,0,4292338,3.74
23/05/2012,0,0,11.3(-6.61 %),0,0,0,0,4292338,3.74
24/05/2012,0,0,11(-2.65 %),0,0,0,0,4292338,3.74
25/05/2012,0,0,11.3(6.60 %),0,0,0,0,4292338,3.74
28/05/2012,0,0,12(6.19 %),0,0,0,0,4292338,3.74
29/05/2012,0,0,12(0.00 %),0,0,0,0,4292338,3.74
30/05/2012,0,0,11.9(0.00 %),0,0,0,0,4292338,3.74
31/05/2012,0,0,11.2(-6.67 %),0,0,0,0,4292338,3.74
01/06/2012,0,0,11.2(0.00 %),0,0,0,0,4292338,3.74
04/06/2012,0,0,10.4(-5.45 %),0,0,0,0,4292338,3.74
05/06/2012,0,0,11(6.80 %),0,0,0,0,4292338,3.74
06/06/2012,0,0,11(0.00 %),0,0,0,0,4292338,3.74
07/06/2012,0,0,11.7(4.46 %),0,0,0,0,4292338,3.74
08/06/2012,0,0,11.6(0.00 %),0,0,0,0,4292338,3.74
11/06/2012,0,0,11.5(0.88 %),0,0,0,0,4292338,3.74
12/06/2012,0,0,11.3(-0.88 %),0,0,0,0,4292338,3.74
13/06/2012,0,0,11(-2.65 %),0,0,0,0,4292338,3.74
14/06/2012,0,0,10.5(-2.78 %),0,0,0,0,4292338,3.74
15/06/2012,0,0,11.2(6.67 %),0,0,0,0,4292338,3.74
18/06/2012,0,0,11(0.00 %),0,0,0,0,4292338,3.74
19/06/2012,0,0,10.8(-3.57 %),0,0,0,0,4292338,3.74
20/06/2012,0,0,11(1.85 %),0,0,0,0,4292338,3.74
21/06/2012,0,0,11(0.00 %),0,0,0,0,4292338,3.74
22/06/2012,-1000,-10500000,10.7(-1.83 %),0,0,1000,10500000,4293338,3.73
25/06/2012,0,0,10(-6.54 %),0,0,0,0,4293338,3.73
26/06/2012,0,0,9.3(-7.00 %),0,0,0,0,4293338,3.73
27/06/2012,0,0,8.7(-6.45 %),0,0,0,0,4293338,3.73
28/06/2012,0,0,8.7(0.00 %),0,0,0,0,4293338,3.73
29/06/2012,0,0,8.7(0.00 %),0,0,0,0,4293338,3.73
02/07/2012,0,0,9.5(6.74 %),0,0,0,0,4293338,3.73
03/07/2012,0,0,10.1(6.32 %),0,0,0,0,4293338,3.73
04/07/2012,0,0,9.6(-4.95 %),0,0,0,0,4293338,3.73
05/07/2012,0,0,10.1(6.32 %),0,0,0,0,4293338,3.73
06/07/2012,0,0,10.4(2.97 %),0,0,0,0,4293338,3.73
09/07/2012,0,0,9.7(-6.73 %),0,0,0,0,4293338,3.73
10/07/2012,0,0,9.7(0.00 %),0,0,0,0,4293338,3.73
11/07/2012,0,0,9.7(2.11 %),0,0,0,0,4293338,3.73
12/07/2012,0,0,10(3.09 %),0,0,0,0,4293338,3.73
13/07/2012,0,0,10.5(5.00 %),0,0,0,0,4293338,3.73
16/07/2012,0,0,9.8(-6.67 %),0,0,0,0,4293338,3.73
17/07/2012,0,0,10.4(6.12 %),0,0,0,0,4293338,3.73
18/07/2012,0,0,10.3(-0.96 %),0,0,0,0,4293338,3.73
19/07/2012,0,0,11(6.80 %),0,0,0,0,4293338,3.73
20/07/2012,0,0,11.1(0.91 %),0,0,0,0,4293338,3.73
23/07/2012,0,0,10.9(-0.91 %),0,0,0,0,4293338,3.73
24/07/2012,0,0,10.3(-6.36 %),0,0,0,0,4293338,3.73
25/07/2012,0,0,9.8(-4.85 %),0,0,0,0,4293338,3.73
26/07/2012,0,0,10.3(4.04 %),0,0,0,0,4293338,3.73
27/07/2012,0,0,10.3(0.00 %),0,0,0,0,4293338,3.73
30/07/2012,0,0,10.2(-0.97 %),0,0,0,0,4293338,3.73
31/07/2012,0,0,10.2(0.99 %),0,0,0,0,4293338,3.73
01/08/2012,0,0,10(-1.96 %),0,0,0,0,4293338,3.73
02/08/2012,0,0,9.9(-1.98 %),0,0,0,0,4293338,3.73
03/08/2012,0,0,10.1(1.00 %),0,0,0,0,4293338,3.73
06/08/2012,0,0,10.7(7.00 %),0,0,0,0,4293338,3.73
07/08/2012,0,0,10.2(-4.67 %),0,0,0,0,4293338,3.73
08/08/2012,0,0,10.6(2.91 %),0,0,0,0,4293338,3.73
09/08/2012,-5000,-53000000,11.2(6.67 %),0,0,5000,53000000,4298338,3.68
10/08/2012,0,0,10.7(-4.46 %),0,0,0,0,4298338,3.68
13/08/2012,0,0,11(1.85 %),0,0,0,0,4298338,3.68
14/08/2012,0,0,11(0.00 %),0,0,0,0,4298338,3.68
15/08/2012,0,0,10.9(-0.91 %),0,0,0,0,4298338,3.68
16/08/2012,0,0,10.9(0.00 %),0,0,0,0,4298338,3.68
17/08/2012,0,0,10.9(0.00 %),0,0,0,0,4298338,3.68
20/08/2012,0,0,10.9(0.93 %),0,0,0,0,4298338,3.68
21/08/2012,0,0,10.3(-6.36 %),0,0,0,0,4298338,3.68
22/08/2012,0,0,9.8(-4.85 %),0,0,0,0,4298338,3.68
23/08/2012,0,0,9(-6.25 %),0,0,0,0,4298338,3.68
24/08/2012,0,0,9.6(6.67 %),0,0,0,0,4298338,3.68
27/08/2012,0,0,8.9(-6.32 %),0,0,0,0,4298338,3.68
28/08/2012,0,0,8(1.27 %),0,0,0,0,4298338,3.68
29/08/2012,0,0,8.4(5.00 %),0,0,0,0,4298338,3.68
30/08/2012,0,0,8.4(2.44 %),0,0,0,0,4298338,3.68
31/08/2012,0,0,8.2(-2.38 %),0,0,0,0,4298338,3.68
04/09/2012,0,0,8.2(0.00 %),0,0,0,0,4298338,3.68
05/09/2012,0,0,8(-2.44 %),0,0,0,0,4298338,3.68
06/09/2012,0,0,8(0.00 %),0,0,0,0,4298338,3.68
07/09/2012,0,0,7.8(-1.27 %),0,0,0,0,4298338,3.68
10/09/2012,0,0,7.6(-1.30 %),0,0,0,0,4298338,3.68
11/09/2012,0,0,7.1(-2.74 %),0,0,0,0,4298338,3.68
12/09/2012,0,0,6.4(-5.88 %),0,0,0,0,4298338,3.68
13/09/2012,0,0,7.1(5.97 %),0,0,0,0,4298338,3.68
14/09/2012,0,0,7.4(5.71 %),0,0,0,0,4298338,3.68
17/09/2012,0,0,7(-4.11 %),0,0,0,0,4298338,3.68
18/09/2012,0,0,6.6(-5.71 %),0,0,0,0,4298338,3.68
19/09/2012,0,0,6.8(3.03 %),0,0,0,0,4298338,3.68
20/09/2012,0,0,6.8(1.49 %),0,0,0,0,4298338,3.68
21/09/2012,0,0,6.8(1.49 %),0,0,0,0,4298338,3.68
24/09/2012,0,0,6.5(-4.41 %),0,0,0,0,4298338,3.68
25/09/2012,0,0,6.8(4.62 %),0,0,0,0,4298338,3.68
26/09/2012,0,0,6.9(1.47 %),0,0,0,0,4298338,3.68
27/09/2012,0,0,6.8(-1.45 %),0,0,0,0,4298338,3.68
28/09/2012,0,0,6.7(-1.47 %),0,0,0,0,4298338,3.68
01/10/2012,0,0,6.7(1.52 %),0,0,0,0,4298338,3.68
02/10/2012,0,0,6.6(0.00 %),0,0,0,0,4298338,3.68
03/10/2012,0,0,7(6.06 %),0,0,0,0,4298338,3.68
04/10/2012,0,0,7.4(5.71 %),0,0,0,0,4298338,3.68
05/10/2012,0,0,7.9(6.76 %),0,0,0,0,4298338,3.68
08/10/2012,0,0,8.4(6.33 %),0,0,0,0,4298338,3.68
09/10/2012,0,0,8.9(5.95 %),0,0,0,0,4298338,3.68
10/10/2012,0,0,9.2(3.37 %),0,0,0,0,4298338,3.68
11/10/2012,0,0,8.6(-5.49 %),0,0,0,0,4298338,3.68
12/10/2012,0,0,8.8(2.33 %),0,0,0,0,4298338,3.68
15/10/2012,0,0,9.3(5.68 %),0,0,0,0,4298338,3.68
16/10/2012,0,0,9.4(1.08 %),0,0,0,0,4298338,3.68
17/10/2012,0,0,8.8(-6.38 %),0,0,0,0,4298338,3.68
18/10/2012,0,0,8.8(0.00 %),0,0,0,0,4298338,3.68
19/10/2012,0,0,8.2(-6.82 %),0,0,0,0,4298338,3.68
22/10/2012,0,0,8.5(3.66 %),0,0,0,0,4298338,3.68
23/10/2012,0,0,8.3(-1.19 %),0,0,0,0,4298338,3.68
24/10/2012,0,0,8.1(-2.41 %),0,0,0,0,4298338,3.68
25/10/2012,0,0,8.2(2.50 %),0,0,0,0,4298338,3.68
26/10/2012,0,0,8.3(1.22 %),0,0,0,0,4298338,3.68
29/10/2012,0,0,8.5(2.41 %),0,0,0,0,4298338,3.68
30/10/2012,0,0,8(-5.88 %),0,0,0,0,4298338,3.68
31/10/2012,0,0,8(0.00 %),0,0,0,0,4298338,3.68
01/11/2012,0,0,7.6(-5.00 %),0,0,0,0,4298338,3.68
02/11/2012,0,0,7(-6.67 %),0,0,0,0,4298338,3.68
05/11/2012,0,0,6.9(-1.43 %),0,0,0,0,4298338,3.68
06/11/2012,0,0,6.9(0.00 %),0,0,0,0,4298338,3.68
07/11/2012,0,0,7.3(5.80 %),0,0,0,0,4298338,3.68
08/11/2012,0,0,7.2(-1.37 %),0,0,0,0,4298338,3.68
09/11/2012,0,0,7.1(0.00 %),0,0,0,0,4298338,3.68
12/11/2012,0,0,7.4(4.23 %),0,0,0,0,4298338,3.68
13/11/2012,0,0,6.9(-6.76 %),0,0,0,0,4298338,3.68
14/11/2012,0,0,6.9(-2.82 %),0,0,0,0,4298338,3.68
15/11/2012,0,0,7.1(1.43 %),0,0,0,0,4298338,3.68
16/11/2012,0,0,7.5(5.63 %),0,0,0,0,4298338,3.68
19/11/2012,0,0,7.7(2.67 %),0,0,0,0,4298338,3.68
20/11/2012,0,0,7.6(0.00 %),0,0,0,0,4298338,3.68
21/11/2012,0,0,7.5(-1.32 %),0,0,0,0,4298338,3.68
22/11/2012,0,0,7.1(-5.33 %),0,0,0,0,4298338,3.68
23/11/2012,0,0,7.4(4.23 %),0,0,0,0,4298338,3.68
26/11/2012,0,0,7.5(1.35 %),0,0,0,0,4298338,3.68
27/11/2012,0,0,7.5(0.00 %),0,0,0,0,4298338,3.68
28/11/2012,0,0,7.1(-5.33 %),0,0,0,0,4298338,3.68
29/11/2012,0,0,7.1(-1.39 %),0,0,0,0,4298338,3.68
30/11/2012,0,0,7(-2.78 %),0,0,0,0,4298338,3.68
03/12/2012,0,0,7.2(2.86 %),0,0,0,0,4298338,3.68
04/12/2012,0,0,7.4(2.78 %),0,0,0,0,4298338,3.68
05/12/2012,0,0,7.3(1.39 %),0,0,0,0,4298338,3.68
06/12/2012,0,0,7.2(-1.37 %),0,0,0,0,4298338,3.68
07/12/2012,0,0,7.3(1.39 %),0,0,0,0,4298338,3.68
10/12/2012,0,0,7.5(4.17 %),0,0,0,0,4298338,3.68
11/12/2012,0,0,7.4(-1.33 %),0,0,0,0,4298338,3.68
12/12/2012,0,0,7.4(1.37 %),0,0,0,0,4298338,3.68
13/12/2012,0,0,7.3(-1.35 %),0,0,0,0,4298338,3.68
14/12/2012,0,0,7.5(5.63 %),0,0,0,0,4298338,3.68
17/12/2012,0,0,7.7(2.67 %),0,0,0,0,4298338,3.68
18/12/2012,0,0,7.7(-1.28 %),0,0,0,0,4298338,3.68
19/12/2012,0,0,7.7(1.32 %),0,0,0,0,4298338,3.68
20/12/2012,0,0,7.3(-5.19 %),0,0,0,0,4298338,3.68
21/12/2012,0,0,7.4(0.00 %),0,0,0,0,4298338,3.68
24/12/2012,0,0,7.6(2.70 %),0,0,0,0,4298338,3.68
25/12/2012,0,0,7.4(-2.63 %),0,0,0,0,4298338,3.68
26/12/2012,0,0,7.5(1.35 %),0,0,0,0,4298338,3.68
27/12/2012,0,0,7.4(-1.33 %),0,0,0,0,4298338,3.68
28/12/2012,0,0,7.9(6.76 %),0,0,0,0,4298338,3.68
02/01/2013,0,0,8.3(5.06 %),0,0,0,0,4298338,3.68
03/01/2013,0,0,7.9(-5.95 %),0,0,0,0,4298338,3.68
04/01/2013,0,0,8(1.27 %),0,0,0,0,4298338,3.68
07/01/2013,0,0,7.9(-1.25 %),0,0,0,0,4298338,3.68
08/01/2013,0,0,7.9(0.00 %),0,0,0,0,4298338,3.68
09/01/2013,0,0,7.7(-2.53 %),0,0,0,0,4298338,3.68
10/01/2013,0,0,7.8(1.30 %),0,0,0,0,4298338,3.68
11/01/2013,0,0,7.8(0.00 %),0,0,0,0,4298338,3.68
14/01/2013,0,0,7.5(-3.85 %),0,0,0,0,4298338,3.68
15/01/2013,0,0,7.6(1.33 %),0,0,0,0,4298338,3.68
16/01/2013,7000,54600000,8(5.26 %),7000,54600000,0,0,4291338,3.75
17/01/2013,-1600,-12320000,7.6(-5.00 %),0,0,1600,12320000,4292938,3.74
18/01/2013,0,0,7.6(0.00 %),0,0,0,0,4292938,3.74
21/01/2013,-20400,-149550000,7.4(-2.63 %),3000,21900000,23400,171450000,4313338,3.52
22/01/2013,0,0,6.9(-5.48 %),0,0,0,0,4313338,3.52
23/01/2013,0,0,6.6(-4.35 %),0,0,0,0,4313338,3.52
24/01/2013,6000,41700000,7(4.48 %),6000,41700000,0,0,4307338,3.59
25/01/2013,0,0,7(0.00 %),0,0,0,0,4307338,3.59
28/01/2013,0,0,6.8(-1.45 %),0,0,0,0,4307338,3.59
29/01/2013,0,0,6.7(-1.47 %),0,0,0,0,4307338,3.59
30/01/2013,0,0,6.8(1.49 %),0,0,0,0,4307338,3.59
31/01/2013,0,0,7.1(4.41 %),0,0,0,0,4307338,3.59
01/02/2013,0,0,6.9(-1.43 %),0,0,0,0,6672738,0.0
04/02/2013,0,0,6.8(-1.45 %),0,0,0,0,6672738,0.0
05/02/2013,0,0,6.7(-1.47 %),0,0,0,0,6672738,0.0
06/02/2013,0,0,6.9(2.99 %),0,0,0,0,6672738,0.0
07/02/2013,0,0,6.9(0.00 %),0,0,0,0,6672738,0.0
08/02/2013,0,0,6.9(0.00 %),0,0,0,0,6672738,2.93
18/02/2013,0,0,7.4(7.25 %),0,0,0,0,6672738,2.93
19/02/2013,0,0,7.7(2.67 %),0,0,0,0,6672738,2.93
20/02/2013,0,0,8(3.90 %),0,0,0,0,6672738,2.93
21/02/2013,0,0,7.2(-10.00 %),0,0,0,0,6672738,2.93
22/02/2013,0,0,7.3(1.39 %),0,0,0,0,6672738,2.93
25/02/2013,0,0,7.3(-1.35 %),0,0,0,0,6672738,2.93
26/02/2013,0,0,6.9(-5.48 %),0,0,0,0,6672738,2.93
27/02/2013,0,0,7(1.45 %),0,0,0,0,6672738,2.93
28/02/2013,0,0,7(0.00 %),0,0,0,0,6672738,2.93
01/03/2013,0,0,6.9(-1.43 %),0,0,0,0,6672738,2.93
04/03/2013,0,0,6.3(-8.70 %),0,0,0,0,6672738,2.93
05/03/2013,0,0,6.2(-1.59 %),0,0,0,0,6672738,2.93
06/03/2013,0,0,6.3(3.28 %),0,0,0,0,6672738,2.93
07/03/2013,0,0,6.1(-3.17 %),0,0,0,0,6672738,2.93
08/03/2013,0,0,6.2(1.64 %),0,0,0,0,6672738,2.93
11/03/2013,0,0,6.4(3.23 %),0,0,0,0,6672738,2.93
12/03/2013,-6200,-40300000,6.4(-3.03 %),0,0,6200,40300000,6678938,2.89
13/03/2013,0,0,6.4(0.00 %),0,0,0,0,6678938,2.89
14/03/2013,0,0,6.4(0.00 %),0,0,0,0,6678938,2.89
15/03/2013,0,0,6.5(1.56 %),0,0,0,0,6678938,2.89
18/03/2013,-12000,-75620000,6.3(-1.56 %),0,0,12000,75620000,6690938,2.81
19/03/2013,0,0,6.4(1.59 %),0,0,0,0,6690938,2.81
20/03/2013,0,0,6.3(-1.56 %),0,0,0,0,6690938,2.81
21/03/2013,0,0,6.3(0.00 %),0,0,0,0,6690938,2.81
22/03/2013,0,0,6.2(-1.59 %),0,0,0,0,6690938,2.81
25/03/2013,-60000,-362290000,6.2(1.64 %),0,0,60000,362290000,6750938,2.39
26/03/2013,0,0,6(-3.23 %),0,0,0,0,6750938,2.39
27/03/2013,-600,-3600000,5.9(-1.67 %),0,0,600,3600000,6751538,2.39
28/03/2013,0,0,5.7(-3.39 %),0,0,0,0,6751538,2.39
29/03/2013,0,0,5.6(0.00 %),0,0,0,0,6751538,2.39
01/04/2013,0,0,6(7.14 %),0,0,0,0,6750938,2.39
02/04/2013,0,0,6(1.69 %),0,0,0,0,6750938,2.39
03/04/2013,0,0,6.6(10.00 %),0,0,0,0,6750938,2.39
04/04/2013,0,0,6.6(0.00 %),0,0,0,0,6750938,2.39
05/04/2013,0,0,7.1(7.58 %),0,0,0,0,6750938,2.39
08/04/2013,0,0,7(-1.41 %),0,0,0,0,6750938,2.39
09/04/2013,0,0,7.1(1.43 %),0,0,0,0,6750938,2.39
10/04/2013,0,0,6.5(-7.14 %),0,0,0,0,6750938,2.39
11/04/2013,0,0,6.7(3.08 %),0,0,0,0,6750938,2.39
12/04/2013,0,0,6.1(-8.96 %),0,0,0,0,6750938,2.39
15/04/2013,0,0,5.9(-3.28 %),0,0,0,0,6750938,2.39
16/04/2013,0,0,5.9(0.00 %),0,0,0,0,6750938,2.39
17/04/2013,0,0,6(1.69 %),0,0,0,0,6750938,2.39
18/04/2013,0,0,5.9(-1.67 %),0,0,0,0,6750938,2.39
22/04/2013,0,0,5.6(-5.08 %),0,0,0,0,6750938,2.39
23/04/2013,0,0,5.7(1.79 %),0,0,0,0,6750938,2.39
24/04/2013,0,0,5.7(0.00 %),0,0,0,0,6750938,2.39
25/04/2013,0,0,5.7(0.00 %),0,0,0,0,6750938,2.39
26/04/2013,-4000,-22800000,5.6(-1.75 %),0,0,4000,22800000,6754938,2.36
02/05/2013,0,0,5.5(-1.79 %),0,0,0,0,6751538,2.39
03/05/2013,0,0,6(9.09 %),0,0,0,0,6751538,2.39
06/05/2013,-19,-102600,6.4(6.67 %),0,0,19,102600,6751557,2.39
07/05/2013,0,0,6.1(-4.69 %),0,0,0,0,6751557,2.39
08/05/2013,-7800,-47580000,5.8(-4.92 %),0,0,7800,47580000,6759357,2.33
09/05/2013,0,0,6(3.45 %),0,0,0,0,6759357,2.33
10/05/2013,0,0,5.9(-1.67 %),0,0,0,0,6759357,2.33
13/05/2013,-23,-124200,6(1.69 %),0,0,23,124200,6759380,2.33
14/05/2013,0,0,5.9(-1.67 %),0,0,0,0,6759380,2.33
15/05/2013,0,0,6(1.69 %),0,0,0,0,6759380,2.33
16/05/2013,-71,-383400,6(1.69 %),0,0,71,383400,6759451,2.33
17/05/2013,0,0,6(0.00 %),0,0,0,0,6759451,2.33
20/05/2013,0,0,6(0.00 %),0,0,0,0,6759451,2.33
21/05/2013,0,0,6.1(1.67 %),0,0,0,0,6759451,2.33
22/05/2013,0,0,6.1(0.00 %),0,0,0,0,6759451,2.33
23/05/2013,0,0,5.9(-3.28 %),0,0,0,0,6759451,2.33
24/05/2013,0,0,5.9(1.72 %),0,0,0,0,6759451,2.33
27/05/2013,0,0,6.2(5.08 %),0,0,0,0,6759451,2.33
28/05/2013,0,0,6.2(0.00 %),0,0,0,0,6759451,2.33
29/05/2013,0,0,6.3(1.61 %),0,0,0,0,6759451,2.33
30/05/2013,0,0,6.3(1.61 %),0,0,0,0,6759451,2.33
31/05/2013,0,0,6.3(0.00 %),0,0,0,0,6759451,2.33
03/06/2013,0,0,6.9(9.52 %),0,0,0,0,6763451,2.31
04/06/2013,0,0,6.7(-2.90 %),0,0,0,0,6763451,2.31
05/06/2013,0,0,6.9(2.99 %),0,0,0,0,6763451,2.31
06/06/2013,0,0,6.9(0.00 %),0,0,0,0,6763451,2.31
07/06/2013,-3900,-26910000,6.9(0.00 %),0,0,3900,26910000,6767351,2.28
10/06/2013,0,0,6.9(-1.43 %),0,0,0,0,6767351,2.28
11/06/2013,0,0,6.9(0.00 %),0,0,0,0,6767351,2.28
12/06/2013,0,0,6.9(0.00 %),0,0,0,0,6767351,2.28
13/06/2013,-1000,-6900000,7(1.45 %),0,0,1000,6900000,6768351,2.27
14/06/2013,0,0,6.9(0.00 %),0,0,0,0,6768351,2.27
17/06/2013,-2100,-14280000,6.8(-1.45 %),0,0,2100,14280000,6770451,2.26
18/06/2013,0,0,6.9(1.47 %),0,0,0,0,6770451,2.26
19/06/2013,0,0,6.7(-1.47 %),0,0,0,0,6770451,2.26
20/06/2013,0,0,6.5(-2.99 %),0,0,0,0,6770451,2.26
21/06/2013,0,0,6.8(4.62 %),0,0,0,0,6770451,2.26
24/06/2013,0,0,6.8(1.49 %),0,0,0,0,6770451,2.26
25/06/2013,0,0,6.7(-1.47 %),0,0,0,0,6770451,2.26
26/06/2013,0,0,6.7(1.52 %),0,0,0,0,6770451,2.26
27/06/2013,0,0,7(6.06 %),0,0,0,0,6770451,2.26
28/06/2013,0,0,6.9(0.00 %),0,0,0,0,6770451,2.26
01/07/2013,0,0,6.8(-1.45 %),0,0,0,0,6770451,2.26
02/07/2013,0,0,6.7(0.00 %),0,0,0,0,6770451,2.26
03/07/2013,0,0,6.7(0.00 %),0,0,0,0,6770451,2.26
04/07/2013,0,0,6.7(3.08 %),0,0,0,0,6770451,2.26
05/07/2013,0,0,6.6(-1.49 %),0,0,0,0,6770451,2.26
08/07/2013,0,0,6.5(-1.52 %),0,0,0,0,6770451,2.26
09/07/2013,0,0,6.3(-3.08 %),0,0,0,0,6770451,2.26
10/07/2013,0,0,6.2(0.00 %),0,0,0,0,6770451,2.26
11/07/2013,0,0,6.1(-1.61 %),0,0,0,0,6770451,2.26
12/07/2013,0,0,6.3(3.28 %),0,0,0,0,6770451,2.26
15/07/2013,0,0,6.3(0.00 %),0,0,0,0,6770451,2.26
16/07/2013,0,0,6.3(0.00 %),0,0,0,0,6770451,2.26
17/07/2013,0,0,6.2(-1.59 %),0,0,0,0,6770451,2.26
18/07/2013,0,0,6.3(1.61 %),0,0,0,0,6770451,2.26
19/07/2013,0,0,6.5(3.17 %),0,0,0,0,6770451,2.26
22/07/2013,0,0,6.5(0.00 %),0,0,0,0,6770451,2.26
23/07/2013,0,0,6.3(-3.08 %),0,0,0,0,6770451,2.26
24/07/2013,0,0,6.2(-1.59 %),0,0,0,0,6770451,2.26
25/07/2013,0,0,6.2(0.00 %),0,0,0,0,6770451,2.26
26/07/2013,0,0,6(-3.23 %),0,0,0,0,6770451,2.26
29/07/2013,0,0,5.6(-6.67 %),0,0,0,0,6770451,2.26
30/07/2013,-2000,-11200000,5.7(1.79 %),0,0,2000,11200000,6772451,2.24
31/07/2013,0,0,5.7(0.00 %),0,0,0,0,6772451,2.24
01/08/2013,0,0,5.7(0.00 %),0,0,0,0,6770451,2.26
02/08/2013,0,0,5.6(-1.75 %),0,0,0,0,6770451,2.26
05/08/2013,0,0,5.7(1.79 %),0,0,0,0,6770451,2.26
06/08/2013,0,0,5.8(1.75 %),0,0,0,0,6770451,2.26
07/08/2013,0,0,5.6(-3.45 %),0,0,0,0,6770451,2.26
08/08/2013,0,0,5.6(0.00 %),0,0,0,0,6770451,2.26
09/08/2013,0,0,5.5(-1.79 %),0,0,0,0,6770451,2.26
12/08/2013,0,0,5.4(-1.82 %),0,0,0,0,6770451,2.26
13/08/2013,0,0,5.4(0.00 %),0,0,0,0,6770451,2.26
14/08/2013,0,0,5.5(1.85 %),0,0,0,0,6770451,2.26
15/08/2013,0,0,5.5(0.00 %),0,0,0,0,6770451,2.26
16/08/2013,0,0,5.8(5.45 %),0,0,0,0,6770451,2.26
19/08/2013,-6200,-35340000,5.7(-1.72 %),0,0,6200,35340000,6776651,2.21
20/08/2013,0,0,5.7(0.00 %),0,0,0,0,6776651,2.21
21/08/2013,0,0,5.7(0.00 %),0,0,0,0,6776651,2.21
22/08/2013,0,0,5.7(0.00 %),0,0,0,0,6776651,2.21
23/08/2013,0,0,5.7(0.00 %),0,0,0,0,6776651,2.21
26/08/2013,0,0,5.8(1.75 %),0,0,0,0,6776651,2.21
27/08/2013,-39,-206700,5.5(-5.17 %),0,0,39,206700,6776690,2.21
28/08/2013,0,0,5.6(1.82 %),0,0,0,0,6776690,2.21
29/08/2013,0,0,5.4(-3.57 %),0,0,0,0,6776690,2.21
30/08/2013,0,0,5.5(1.85 %),0,0,0,0,6776690,2.21
03/09/2013,0,0,5.5(0.00 %),0,0,0,0,6770451,2.26
04/09/2013,0,0,5.4(-1.82 %),0,0,0,0,6770451,2.26
05/09/2013,0,0,5.3(-1.85 %),0,0,0,0,6770451,2.26
06/09/2013,0,0,5.3(0.00 %),0,0,0,0,6770451,2.26
09/09/2013,0,0,5.1(-3.77 %),0,0,0,0,6770451,2.26
10/09/2013,0,0,5.1(0.00 %),0,0,0,0,6770451,2.26
11/09/2013,0,0,5(-1.96 %),0,0,0,0,6770451,2.26
12/09/2013,0,0,5(0.00 %),0,0,0,0,6770451,2.26
13/09/2013,0,0,5(0.00 %),0,0,0,0,6770451,2.26
16/09/2013,0,0,4.9(-2.00 %),0,0,0,0,6770451,2.26
17/09/2013,0,0,4.7(-4.08 %),0,0,0,0,6770451,2.26
18/09/2013,0,0,4.6(-2.13 %),0,0,0,0,6770451,2.26
19/09/2013,0,0,4.7(2.17 %),0,0,0,0,6770451,2.26
20/09/2013,0,0,4.7(0.00 %),0,0,0,0,6770451,2.26
23/09/2013,0,0,4.8(2.13 %),0,0,0,0,6770451,2.26
24/09/2013,0,0,4.8(0.00 %),0,0,0,0,6770451,2.26
25/09/2013,0,0,5.1(6.25 %),0,0,0,0,6770451,2.26
26/09/2013,1100,5610000,5.1(0.00 %),1100,5610000,0,0,6769351,2.26
27/09/2013,0,0,5.1(0.00 %),0,0,0,0,6769351,2.26
30/09/2013,0,0,5.1(0.00 %),0,0,0,0,6769351,2.26
01/10/2013,0,0,5.1(0.00 %),0,0,0,0,6770451,2.26
02/10/2013,0,0,5.1(0.00 %),0,0,0,0,6770451,2.26
03/10/2013,0,0,5.1(0.00 %),0,0,0,0,6770451,2.26
04/10/2013,0,0,5.2(1.96 %),0,0,0,0,6770451,2.26
07/10/2013,0,0,5.2(0.00 %),0,0,0,0,6770451,2.26
08/10/2013,0,0,5.1(-1.92 %),0,0,0,0,6770451,2.26
09/10/2013,0,0,5.1(0.00 %),0,0,0,0,6770451,2.26
10/10/2013,0,0,5(-1.96 %),0,0,0,0,6770451,2.26
11/10/2013,0,0,5(0.00 %),0,0,0,0,6770451,2.26
14/10/2013,0,0,4.9(-2.00 %),0,0,0,0,6770451,2.26
15/10/2013,0,0,4.9(0.00 %),0,0,0,0,6770451,2.26
16/10/2013,0,0,5(2.04 %),0,0,0,0,6770451,2.26
17/10/2013,0,0,5.2(4.00 %),0,0,0,0,6770451,2.26
18/10/2013,0,0,5.5(5.77 %),0,0,0,0,6770451,2.26
21/10/2013,0,0,5.6(1.82 %),0,0,0,0,6770451,2.26
22/10/2013,0,0,5.4(-3.57 %),0,0,0,0,6770451,2.26
23/10/2013,0,0,5.2(-3.70 %),0,0,0,0,6770451,2.26
24/10/2013,0,0,5.2(0.00 %),0,0,0,0,6770451,2.26
25/10/2013,0,0,5.3(1.92 %),0,0,0,0,6770451,2.26
28/10/2013,0,0,5.1(-3.77 %),0,0,0,0,6770451,2.26
29/10/2013,0,0,5.1(0.00 %),0,0,0,0,6770451,2.26
30/10/2013,0,0,5.2(1.96 %),0,0,0,0,6770451,2.26
31/10/2013,0,0,5.2(0.00 %),0,0,0,0,6770451,2.26
01/11/2013,0,0,5.2(0.00 %),0,0,0,0,6770451,2.26
04/11/2013,0,0,5.5(5.77 %),0,0,0,0,6770451,2.26
05/11/2013,0,0,5.5(0.00 %),0,0,0,0,6770451,2.26
06/11/2013,0,0,5.4(-1.82 %),0,0,0,0,6770451,2.26
07/11/2013,0,0,5.9(9.26 %),0,0,0,0,6770451,2.26
08/11/2013,0,0,6.1(3.39 %),0,0,0,0,6770451,2.26
11/11/2013,0,0,6(-1.64 %),0,0,0,0,6770451,2.26
12/11/2013,0,0,6.2(3.33 %),0,0,0,0,6770451,2.26
13/11/2013,0,0,6.1(-1.61 %),0,0,0,0,6770451,2.26
14/11/2013,0,0,6.1(0.00 %),0,0,0,0,6770451,2.26
15/11/2013,0,0,5.9(-3.28 %),0,0,0,0,6770451,2.26
18/11/2013,0,0,6.4(8.47 %),0,0,0,0,6770451,2.26
19/11/2013,0,0,6.2(-3.12 %),0,0,0,0,6770451,2.26
20/11/2013,0,0,6.3(1.61 %),0,0,0,0,6770451,2.26
21/11/2013,0,0,6.2(-1.59 %),0,0,0,0,6770451,2.26
22/11/2013,0,0,6.1(-1.61 %),0,0,0,0,6770451,2.26
25/11/2013,0,0,6.1(0.00 %),0,0,0,0,6770451,2.26
26/11/2013,0,0,6.2(1.64 %),0,0,0,0,6770451,2.26
27/11/2013,0,0,6.3(1.61 %),0,0,0,0,6770451,2.26
28/11/2013,0,0,6.9(9.52 %),0,0,0,0,6770451,2.26
29/11/2013,0,0,7.2(4.35 %),0,0,0,0,6770451,2.26
02/12/2013,0,0,7(-2.78 %),0,0,0,0,6770451,2.26
03/12/2013,0,0,7.1(1.43 %),0,0,0,0,6770451,2.26
04/12/2013,-50000,-347610000,6.9(-2.82 %),0,0,50000,347610000,6820451,1.91
05/12/2013,0,0,7.1(2.90 %),0,0,0,0,6820451,1.91
06/12/2013,0,0,7.5(5.63 %),0,0,0,0,6820451,1.91
09/12/2013,0,0,7.4(-1.33 %),0,0,0,0,6820451,1.91
10/12/2013,0,0,7.3(-1.35 %),0,0,0,0,6820451,1.91
11/12/2013,0,0,6.8(-6.85 %),0,0,0,0,6820451,1.91
12/12/2013,0,0,7.1(4.41 %),0,0,0,0,6820451,1.91
13/12/2013,0,0,7.1(0.00 %),0,0,0,0,6820451,1.91
16/12/2013,0,0,7.1(0.00 %),0,0,0,0,6820451,1.91
17/12/2013,0,0,7.2(1.41 %),0,0,0,0,6820451,1.91
18/12/2013,0,0,7.1(-1.39 %),0,0,0,0,6820451,1.91
19/12/2013,0,0,7.3(2.82 %),0,0,0,0,6820451,1.91
20/12/2013,0,0,7.3(0.00 %),0,0,0,0,6820451,1.91
23/12/2013,0,0,7.2(-1.37 %),0,0,0,0,6820451,1.91
24/12/2013,0,0,7.1(-1.39 %),0,0,0,0,6820451,1.91
25/12/2013,0,0,7(-1.41 %),0,0,0,0,6820451,1.91
26/12/2013,0,0,7(0.00 %),0,0,0,0,6820451,1.91
27/12/2013,0,0,7.2(2.86 %),0,0,0,0,6820451,1.91
30/12/2013,0,0,7(-2.78 %),0,0,0,0,6820451,1.91
31/12/2013,0,0,7(0.00 %),0,0,0,0,6820451,1.91
02/01/2014,0,0,7(0.00 %),0,0,0,0,6770451,2.26
03/01/2014,0,0,6.9(-1.43 %),0,0,0,0,6770451,2.26
06/01/2014,0,0,7.1(2.90 %),0,0,0,0,6770451,2.26
07/01/2014,0,0,7.1(0.00 %),0,0,0,0,6770451,2.26
08/01/2014,0,0,7(-1.41 %),0,0,0,0,6770451,2.26
09/01/2014,0,0,7.1(1.43 %),0,0,0,0,6770451,2.26
10/01/2014,0,0,7(-1.41 %),0,0,0,0,6770451,2.26
13/01/2014,0,0,7(0.00 %),0,0,0,0,6770451,2.26
14/01/2014,0,0,7.3(4.29 %),0,0,0,0,6770451,2.26
15/01/2014,0,0,7.3(0.00 %),0,0,0,0,6770451,2.26
16/01/2014,0,0,7.2(-1.37 %),0,0,0,0,6770451,2.26
17/01/2014,0,0,7(-2.78 %),0,0,0,0,6770451,2.26
20/01/2014,0,0,6.7(-4.29 %),0,0,0,0,6770451,2.26
21/01/2014,0,0,6.7(0.00 %),0,0,0,0,6770451,2.26
22/01/2014,0,0,6.7(0.00 %),0,0,0,0,6770451,2.26
23/01/2014,0,0,6.7(0.00 %),0,0,0,0,6770451,2.26
24/01/2014,0,0,6.8(1.49 %),0,0,0,0,6770451,2.26
27/01/2014,0,0,7(2.94 %),0,0,0,0,6770451,2.26
06/02/2014,0,0,7.3(4.29 %),0,0,0,0,6770451,2.26
07/02/2014,0,0,7.4(1.37 %),0,0,0,0,6770451,2.26
10/02/2014,0,0,7.9(6.76 %),0,0,0,0,6770451,2.26
11/02/2014,0,0,7.6(-3.80 %),0,0,0,0,6770451,2.26
12/02/2014,0,0,7.7(1.32 %),0,0,0,0,6770451,2.26
13/02/2014,0,0,7.7(0.00 %),0,0,0,0,6770451,2.26
14/02/2014,0,0,7.8(1.30 %),0,0,0,0,6770451,2.26
17/02/2014,-1507,-11749700,7.8(0.00 %),0,0,1507,11749700,6771958,2.25
18/02/2014,0,0,8.5(8.97 %),0,0,0,0,6771958,2.25
19/02/2014,0,0,9(5.88 %),0,0,0,0,6771958,2.25
20/02/2014,0,0,8.3(-7.78 %),0,0,0,0,6771958,2.25
21/02/2014,0,0,8.2(-1.20 %),0,0,0,0,6771958,2.25
24/02/2014,0,0,8.5(3.66 %),0,0,0,0,6771958,2.25
25/02/2014,0,0,8.5(0.00 %),0,0,0,0,6771958,2.25
26/02/2014,0,0,9.3(9.41 %),0,0,0,0,6771958,2.25
27/02/2014,0,0,9(-3.23 %),0,0,0,0,6771958,2.25
28/02/2014,0,0,9.2(2.22 %),0,0,0,0,6771958,2.25
03/03/2014,0,0,9.1(-1.09 %),0,0,0,0,6770451,2.26
04/03/2014,0,0,9.1(0.00 %),0,0,0,0,6770451,2.26
05/03/2014,0,0,9.6(5.49 %),0,0,0,0,6770451,2.26
06/03/2014,0,0,9.7(1.04 %),0,0,0,0,6770451,2.26
07/03/2014,0,0,9.5(-2.06 %),0,0,0,0,6770451,2.26
10/03/2014,0,0,10(5.26 %),0,0,0,0,6770451,2.26
11/03/2014,0,0,10(0.00 %),0,0,0,0,6770451,2.26
12/03/2014,0,0,9.5(-5.00 %),0,0,0,0,6770451,2.26
13/03/2014,0,0,9.7(2.11 %),0,0,0,0,6770451,2.26
14/03/2014,0,0,9.8(1.03 %),0,0,0,0,6770451,2.26
17/03/2014,0,0,9.8(0.00 %),0,0,0,0,6770451,2.26
18/03/2014,0,0,9.8(0.00 %),0,0,0,0,6770451,2.26
19/03/2014,0,0,9.6(-2.04 %),0,0,0,0,6770451,2.26
20/03/2014,0,0,9.2(-4.17 %),0,0,0,0,6770451,2.26
21/03/2014,0,0,9.8(6.52 %),0,0,0,0,6770451,2.26
24/03/2014,0,0,9.9(1.02 %),0,0,0,0,6770451,2.26
25/03/2014,0,0,10.3(4.04 %),0,0,0,0,6770451,2.26
26/03/2014,0,0,10.1(-1.94 %),0,0,0,0,6770451,2.26
27/03/2014,0,0,10.1(0.00 %),0,0,0,0,6770451,2.26
28/03/2014,0,0,9.3(-7.92 %),0,0,0,0,6770451,2.26
31/03/2014,0,0,9.4(1.08 %),0,0,0,0,6770451,2.26
01/04/2014,0,0,9(-4.26 %),0,0,0,0,6770451,2.26
02/04/2014,0,0,8.5(-5.56 %),0,0,0,0,6770451,2.26
03/04/2014,0,0,9(5.88 %),0,0,0,0,6770451,2.26
04/04/2014,0,0,9(0.00 %),0,0,0,0,6770451,2.26
07/04/2014,0,0,9.2(2.22 %),0,0,0,0,6770451,2.26
08/04/2014,0,0,9.1(-1.09 %),0,0,0,0,6770451,2.26
10/04/2014,0,0,8.9(-2.20 %),0,0,0,0,6770451,2.26
11/04/2014,0,0,9(1.12 %),0,0,0,0,6770451,2.26
14/04/2014,0,0,8.8(-2.22 %),0,0,0,0,6770451,2.26
15/04/2014,0,0,8.4(-4.55 %),0,0,0,0,6770451,2.26
16/04/2014,0,0,8.6(2.38 %),0,0,0,0,6770451,2.26
17/04/2014,0,0,8.8(2.33 %),0,0,0,0,6770451,2.26
18/04/2014,0,0,8(-9.09 %),0,0,0,0,6770451,2.26
21/04/2014,0,0,7.5(-6.25 %),0,0,0,0,6770451,2.26
22/04/2014,0,0,7.9(5.33 %),0,0,0,0,6770451,2.26
23/04/2014,0,0,7.8(-1.27 %),0,0,0,0,6770451,2.26
24/04/2014,0,0,7.5(-3.85 %),0,0,0,0,6770451,2.26
25/04/2014,0,0,7.3(-2.67 %),0,0,0,0,6770451,2.26
28/04/2014,0,0,7.5(2.74 %),0,0,0,0,6770451,2.26
29/04/2014,0,0,7.5(0.00 %),0,0,0,0,6770451,2.26
05/05/2014,0,0,7.5(0.00 %),0,0,0,0,6770451,2.26
06/05/2014,0,0,7.2(-4.00 %),0,0,0,0,6770451,2.26
07/05/2014,0,0,7.5(4.17 %),0,0,0,0,6770451,2.26
08/05/2014,0,0,6.8(-9.33 %),0,0,0,0,6770451,2.26
09/05/2014,0,0,6.9(1.47 %),0,0,0,0,6770451,2.26
12/05/2014,0,0,6.3(-8.70 %),0,0,0,0,6770451,2.26
13/05/2014,0,0,5.7(-9.52 %),0,0,0,0,6770451,2.26
14/05/2014,0,0,6.2(8.77 %),0,0,0,0,6770451,2.26
15/05/2014,0,0,5.6(-9.68 %),0,0,0,0,6770451,2.26
16/05/2014,0,0,5.9(5.36 %),0,0,0,0,6770451,2.26
19/05/2014,0,0,6.2(5.08 %),0,0,0,0,6770451,2.26
20/05/2014,0,0,6.3(1.61 %),0,0,0,0,6770451,2.26
21/05/2014,0,0,6.8(7.94 %),0,0,0,0,6770451,2.26
22/05/2014,0,0,6.2(-8.82 %),0,0,0,0,6770451,2.26
23/05/2014,0,0,6.2(0.00 %),0,0,0,0,6770451,2.26
26/05/2014,0,0,6.2(0.00 %),0,0,0,0,6770451,2.26
27/05/2014,0,0,6.5(4.84 %),0,0,0,0,6829097,1.85
28/05/2014,0,0,6.6(1.54 %),0,0,0,0,6829097,1.85
29/05/2014,0,0,6.1(-7.58 %),0,0,0,0,6829097,1.85
30/05/2014,0,0,6.5(6.56 %),0,0,0,0,6829097,1.85
02/06/2014,0,0,6.4(-1.54 %),0,0,0,0,6829097,1.85
03/06/2014,0,0,6.4(0.00 %),0,0,0,0,6829097,1.85
04/06/2014,0,0,6.2(-3.12 %),0,0,0,0,6829097,1.85
05/06/2014,0,0,6.2(0.00 %),0,0,0,0,6829097,1.85
06/06/2014,0,0,6.3(1.61 %),0,0,0,0,6829097,1.85
09/06/2014,0,0,6.5(3.17 %),0,0,0,0,6829097,1.85
10/06/2014,0,0,6.3(-3.08 %),0,0,0,0,6829097,1.85
11/06/2014,0,0,6.3(0.00 %),0,0,0,0,6829097,1.85
12/06/2014,0,0,6.3(0.00 %),0,0,0,0,6829097,1.85
13/06/2014,0,0,6.4(1.59 %),0,0,0,0,6829097,1.85
16/06/2014,0,0,6.9(7.81 %),0,0,0,0,6829097,1.85
17/06/2014,0,0,6.9(0.00 %),0,0,0,0,6829097,1.85
18/06/2014,0,0,6.6(-4.35 %),0,0,0,0,6829097,1.85
19/06/2014,-600,-3840000,6.6(0.00 %),0,0,600,3840000,6829097,1.85
20/06/2014,0,0,6.6(0.00 %),0,0,0,0,6829097,1.85
23/06/2014,0,0,6.5(-1.52 %),0,0,0,0,6829097,1.85
24/06/2014,-23,-135700,6.6(1.54 %),0,0,23,135700,6829097,1.85
25/06/2014,0,0,6.8(3.03 %),0,0,0,0,6829697,1.85
26/06/2014,0,0,6.7(-1.47 %),0,0,0,0,6829697,1.85
27/06/2014,0,0,6.7(0.00 %),0,0,0,0,6829697,1.85
30/06/2014,0,0,6.8(1.49 %),0,0,0,0,6829720,1.85
01/07/2014,0,0,6.8(0.00 %),0,0,0,0,6829720,1.85
02/07/2014,0,0,6.9(1.47 %),0,0,0,0,6829720,1.85
03/07/2014,-300,-2070000,6.9(0.00 %),0,0,300,2070000,6829720,1.85
04/07/2014,0,0,6.8(-1.45 %),0,0,0,0,6829720,1.85
07/07/2014,0,0,6.9(1.47 %),0,0,0,0,6829720,1.85
08/07/2014,0,0,7(1.45 %),0,0,0,0,6829720,1.85
09/07/2014,0,0,7.1(1.43 %),0,0,0,0,6830020,1.85
10/07/2014,0,0,6.9(-2.82 %),0,0,0,0,6830020,1.85
11/07/2014,0,0,6.7(-2.90 %),0,0,0,0,6830020,1.85
14/07/2014,100,670000,6.7(0.00 %),100,670000,0,0,6829920,1.85
16/07/2014,0,0,6.7(-2.90 %),0,0,0,0,6829920,1.85
17/07/2014,0,0,6.9(2.99 %),0,0,0,0,6829920,1.85
18/07/2014,0,0,6.6(-4.35 %),0,0,0,0,6829920,1.85
21/07/2014,0,0,6.5(-1.52 %),0,0,0,0,6829920,1.85
22/07/2014,0,0,6.7(3.08 %),0,0,0,0,6829920,1.85
23/07/2014,0,0,6.6(-1.49 %),0,0,0,0,6829920,1.85
24/07/2014,0,0,6.7(1.52 %),0,0,0,0,6829920,1.85
25/07/2014,0,0,6.7(0.00 %),0,0,0,0,6829920,1.85
28/07/2014,0,0,6.7(0.00 %),0,0,0,0,6829920,1.85
29/07/2014,0,0,6.6(-1.49 %),0,0,0,0,6829920,1.85
30/07/2014,0,0,6.6(0.00 %),0,0,0,0,6829920,1.85
31/07/2014,0,0,6.5(-1.52 %),0,0,0,0,6829920,1.85
01/08/2014,0,0,6.4(-1.54 %),0,0,0,0,6829920,1.85
04/08/2014,0,0,6.5(1.56 %),0,0,0,0,6829920,1.85
05/08/2014,0,0,6.6(1.54 %),0,0,0,0,6829920,1.85
06/08/2014,0,0,6.4(-3.03 %),0,0,0,0,6829920,1.85
07/08/2014,0,0,6.3(-1.56 %),0,0,0,0,6829920,1.85
08/08/2014,0,0,6.7(6.35 %),0,0,0,0,6829920,1.85
11/08/2014,0,0,6.7(0.00 %),0,0,0,0,6829920,1.85
12/08/2014,0,0,6.6(-1.49 %),0,0,0,0,6829920,1.85
13/08/2014,0,0,6.6(0.00 %),0,0,0,0,6829920,1.85
15/08/2014,-5000,-32500000,6.6(-2.94 %),0,0,5000,32500000,6829920,1.85
18/08/2014,-11200,-73920000,6.6(0.00 %),0,0,11200,73920000,6829920,1.85
19/08/2014,-5000,-32500000,6.7(1.52 %),0,0,5000,32500000,6829920,1.85
20/08/2014,0,0,6.6(-1.49 %),0,0,0,0,6829920,1.85
21/08/2014,0,0,6.7(1.52 %),0,0,0,0,6834920,1.81
26/08/2014,0,0,6.8(-2.86 %),0,0,0,0,6851120,1.7
29/08/2014,0,0,6.8(-1.45 %),0,0,0,0,6856820,1.66
04/09/2014,0,0,7(-2.78 %),0,0,0,0,6856820,1.66
05/09/2014,0,0,7.1(1.43 %),0,0,0,0,6856820,1.66
10/09/2014,0,0,7(0.00 %),0,0,0,0,6856820,1.66
11/09/2014,0,0,7.1(1.43 %),0,0,0,0,6856820,1.66
12/09/2014,0,0,7.2(1.41 %),0,0,0,0,6856820,1.66
15/09/2014,0,0,7.4(2.78 %),0,0,0,0,6856820,1.66
16/09/2014,0,0,7.4(0.00 %),0,0,0,0,6856820,1.66
17/09/2014,-10,-74000,7.8(5.41 %),0,0,10,74000,6856820,1.66
18/09/2014,-29,-217500,7.6(-2.56 %),0,0,29,217500,6856820,1.66
19/09/2014,0,0,7.4(-2.63 %),0,0,0,0,6856820,1.66
22/09/2014,0,0,7.5(1.35 %),0,0,0,0,6856820,1.66
23/09/2014,0,0,7.4(-1.33 %),0,0,0,0,6856830,1.66
24/09/2014,0,0,7.4(0.00 %),0,0,0,0,6856859,1.66
25/09/2014,0,0,7.3(-1.35 %),0,0,0,0,6856859,1.66
26/09/2014,0,0,7.2(-1.37 %),0,0,0,0,6856859,1.66
29/09/2014,0,0,7.3(1.39 %),0,0,0,0,6856859,1.66
30/09/2014,0,0,7.4(1.37 %),0,0,0,0,6856859,1.66
01/10/2014,0,0,7.7(4.05 %),0,0,0,0,6856859,1.66
02/10/2014,0,0,8(3.90 %),0,0,0,0,6856859,1.66
03/10/2014,0,0,8.4(5.00 %),0,0,0,0,6856859,1.66
06/10/2014,0,0,8.2(-2.38 %),0,0,0,0,6856859,1.66
07/10/2014,0,0,8.2(0.00 %),0,0,0,0,6856859,1.66
08/10/2014,0,0,8.2(0.00 %),0,0,0,0,6856859,1.66
09/10/2014,0,0,8.9(8.54 %),0,0,0,0,6856859,1.66
10/10/2014,0,0,8.5(-4.49 %),0,0,0,0,6856859,1.66
13/10/2014,0,0,8.4(-1.18 %),0,0,0,0,6856859,1.66
14/10/2014,0,0,8.2(-2.38 %),0,0,0,0,6856859,1.66
15/10/2014,0,0,8.1(-1.22 %),0,0,0,0,6856859,1.66
16/10/2014,-1000,-8100000,8.1(0.00 %),0,0,1000,8100000,6857859,1.65
20/10/2014,-1000,-8400000,8.3(-1.19 %),0,0,1000,8400000,6858859,1.65
21/10/2014,0,0,8.2(-1.20 %),0,0,0,0,6858859,1.65
22/10/2014,-600,-4920000,8.3(1.22 %),0,0,600,4920000,6859459,1.64
23/10/2014,0,0,8(-3.61 %),0,0,0,0,6859459,1.64
24/10/2014,0,0,8.2(2.50 %),0,0,0,0,6859459,1.64
27/10/2014,0,0,8.2(0.00 %),0,0,0,0,6859459,1.64
29/10/2014,0,0,8.5(1.19 %),0,0,0,0,6859459,1.64
30/10/2014,0,0,8.6(1.18 %),0,0,0,0,6859459,1.64
31/10/2014,0,0,8.6(0.00 %),0,0,0,0,6859459,1.64
03/11/2014,0,0,8.5(-1.16 %),0,0,0,0,6859459,1.64
04/11/2014,0,0,8.5(0.00 %),0,0,0,0,6859459,1.64
05/11/2014,0,0,8.5(0.00 %),0,0,0,0,6859459,1.64
06/11/2014,0,0,8.6(1.18 %),0,0,0,0,6859459,1.64
07/11/2014,0,0,8.9(3.49 %),0,0,0,0,6859459,1.64
10/11/2014,0,0,8.6(-3.37 %),0,0,0,0,6859459,1.64
11/11/2014,0,0,8.7(1.16 %),0,0,0,0,6859459,1.64
12/11/2014,0,0,9(3.45 %),0,0,0,0,6859459,1.64
13/11/2014,0,0,8.9(-1.11 %),0,0,0,0,6859459,1.64
14/11/2014,0,0,8.8(-1.12 %),0,0,0,0,6859459,1.64
17/11/2014,0,0,9.6(9.09 %),0,0,0,0,6859459,1.64
18/11/2014,0,0,9.2(-4.17 %),0,0,0,0,6859459,1.64
19/11/2014,0,0,8.9(-3.26 %),0,0,0,0,6859459,1.64
20/11/2014,0,0,9(1.12 %),0,0,0,0,6859459,1.64
21/11/2014,0,0,8.9(-1.11 %),0,0,0,0,6859459,1.64
24/11/2014,0,0,8.6(-3.37 %),0,0,0,0,6859459,1.64
25/11/2014,0,0,8.6(0.00 %),0,0,0,0,6859459,1.64
26/11/2014,0,0,8.6(0.00 %),0,0,0,0,6859459,1.64
27/11/2014,0,0,8.7(1.16 %),0,0,0,0,6859459,1.64
28/11/2014,0,0,8.8(1.15 %),0,0,0,0,6859459,1.64
01/12/2014,0,0,8.7(-1.14 %),0,0,0,0,6859459,1.64
02/12/2014,0,0,8.8(1.15 %),0,0,0,0,6859459,1.64
03/12/2014,0,0,8.8(0.00 %),0,0,0,0,6859459,1.64
04/12/2014,0,0,8.7(-1.14 %),0,0,0,0,6859459,1.64
05/12/2014,0,0,8.8(1.15 %),0,0,0,0,6859459,1.64
08/12/2014,0,0,8.8(0.00 %),0,0,0,0,6859459,1.64
09/12/2014,0,0,8.3(-5.68 %),0,0,0,0,6859459,1.64
10/12/2014,0,0,8.6(3.61 %),0,0,0,0,6859459,1.64
11/12/2014,0,0,8.5(-1.16 %),0,0,0,0,6859459,1.64
12/12/2014,0,0,8.5(0.00 %),0,0,0,0,6859459,1.64
15/12/2014,0,0,8.5(0.00 %),0,0,0,0,6859459,1.64
16/12/2014,0,0,8.5(0.00 %),0,0,0,0,6859459,1.64
17/12/2014,0,0,8(-5.88 %),0,0,0,0,6859459,1.64
18/12/2014,0,0,8.2(2.50 %),0,0,0,0,6859459,1.64
19/12/2014,0,0,7.5(-8.54 %),0,0,0,0,6859459,1.64
22/12/2014,0,0,8(6.67 %),0,0,0,0,6859459,1.64
23/12/2014,-100,-800000,8(0.00 %),0,0,100,800000,6859459,1.64
24/12/2014,0,0,8(0.00 %),0,0,0,0,6859459,1.64
25/12/2014,0,0,8(0.00 %),0,0,0,0,6859459,1.64
26/12/2014,0,0,7.7(-3.75 %),0,0,0,0,6859459,1.64
29/12/2014,0,0,7.7(0.00 %),0,0,0,0,6859559,1.64
30/12/2014,0,0,7.6(-1.30 %),0,0,0,0,6859559,1.64
31/12/2014,0,0,7.9(3.95 %),0,0,0,0,6859559,1.64
05/01/2015,-1000,-7980000,8.4(6.33 %),0,0,1000,7980000,6859559,1.64
06/01/2015,-3200,-25420000,8.3(-1.19 %),0,0,3200,25420000,6859559,1.64
07/01/2015,0,0,8.9(7.23 %),0,0,0,0,6859559,1.64
08/01/2015,0,0,8.9(0.00 %),0,0,0,0,6859559,1.64
09/01/2015,0,0,8.9(0.00 %),0,0,0,0,6860559,1.64
12/01/2015,0,0,9(1.12 %),0,0,0,0,6863759,1.61
13/01/2015,0,0,9.1(1.11 %),0,0,0,0,6863759,1.61
14/01/2015,0,0,9(-1.10 %),0,0,0,0,6863759,1.61
15/01/2015,0,0,8.8(-2.22 %),0,0,0,0,6863759,1.61
16/01/2015,0,0,8.8(0.00 %),0,0,0,0,6863759,1.61
19/01/2015,0,0,9(2.27 %),0,0,0,0,6863759,1.61
20/01/2015,0,0,8.9(-1.11 %),0,0,0,0,6863759,1.61
21/01/2015,0,0,9(1.12 %),0,0,0,0,6863759,1.61
22/01/2015,0,0,9.1(1.11 %),0,0,0,0,6863759,1.61
23/01/2015,0,0,8.7(-4.40 %),0,0,0,0,6863759,1.61
26/01/2015,0,0,9(3.45 %),0,0,0,0,6863759,1.61
27/01/2015,0,0,8.9(-1.11 %),0,0,0,0,6863759,1.61
28/01/2015,0,0,9(1.12 %),0,0,0,0,6863759,1.61
29/01/2015,0,0,8.8(-2.22 %),0,0,0,0,6863759,1.61
30/01/2015,0,0,8.8(0.00 %),0,0,0,0,6863759,1.61
02/02/2015,0,0,8.9(1.14 %),0,0,0,0,6863759,1.61
03/02/2015,0,0,8.9(0.00 %),0,0,0,0,6863759,1.61
04/02/2015,0,0,8.9(0.00 %),0,0,0,0,6863759,1.61
05/02/2015,0,0,8.8(-1.12 %),0,0,0,0,6863759,1.61
06/02/2015,0,0,8.8(0.00 %),0,0,0,0,6863759,1.61
09/02/2015,0,0,8.8(0.00 %),0,0,0,0,6863759,1.61
10/02/2015,0,0,8.5(-3.41 %),0,0,0,0,6863759,1.61
11/02/2015,0,0,8.7(2.35 %),0,0,0,0,6863759,1.61
12/02/2015,0,0,8.9(2.30 %),0,0,0,0,6863759,1.61
13/02/2015,0,0,9.1(2.25 %),0,0,0,0,6863759,1.61
24/02/2015,0,0,9.4(3.30 %),0,0,0,0,6863759,1.61
25/02/2015,0,0,9.1(-3.19 %),0,0,0,0,6863759,1.61
26/02/2015,0,0,9(-1.10 %),0,0,0,0,6863759,1.61
27/02/2015,0,0,8.9(-1.11 %),0,0,0,0,6863759,1.61
02/03/2015,0,0,8.9(0.00 %),0,0,0,0,6863759,1.61
03/03/2015,0,0,8.8(-1.12 %),0,0,0,0,6863759,1.61
04/03/2015,0,0,8.9(1.14 %),0,0,0,0,6863759,1.61
05/03/2015,0,0,8.7(-2.25 %),0,0,0,0,6863759,1.61
06/03/2015,0,0,8.7(0.00 %),0,0,0,0,6863759,1.61
09/03/2015,0,0,8.9(2.30 %),0,0,0,0,6863759,1.61
10/03/2015,0,0,9.2(3.37 %),0,0,0,0,6863759,1.61
11/03/2015,0,0,9(-2.17 %),0,0,0,0,6863759,1.61
12/03/2015,0,0,9.1(1.11 %),0,0,0,0,6863759,1.61
13/03/2015,0,0,9.2(1.10 %),0,0,0,0,6863759,1.61
16/03/2015,0,0,8.8(-4.35 %),0,0,0,0,6863759,1.61
17/03/2015,0,0,9.1(3.41 %),0,0,0,0,6863759,1.61
18/03/2015,0,0,9.1(0.00 %),0,0,0,0,6863759,1.61
19/03/2015,0,0,9.2(1.10 %),0,0,0,0,6863759,1.61
20/03/2015,0,0,9.3(1.09 %),0,0,0,0,6863759,1.61
23/03/2015,0,0,9.2(-1.08 %),0,0,0,0,6863759,1.61
24/03/2015,0,0,9.3(1.09 %),0,0,0,0,6863759,1.61
25/03/2015,0,0,9.3(0.00 %),0,0,0,0,6863759,1.61
26/03/2015,0,0,9.3(0.00 %),0,0,0,0,6863759,1.61
27/03/2015,0,0,10.2(9.68 %),0,0,0,0,6863759,1.61
30/03/2015,0,0,10.3(0.98 %),0,0,0,0,6863759,1.61
31/03/2015,0,0,10.2(-0.97 %),0,0,0,0,6863759,1.61
01/04/2015,177200,1761191000,10.3(0.98 %),177200,1761191000,0,0,6686559,2.84
02/04/2015,0,0,10(-2.91 %),0,0,0,0,6686559,2.84
03/04/2015,0,0,10.4(4.00 %),0,0,0,0,6686559,2.84
06/04/2015,7800,77524200,10.3(-0.96 %),7800,77524200,0,0,6678759,2.89
07/04/2015,0,0,10.3(0.00 %),0,0,0,0,6678759,2.89
08/04/2015,0,0,10.5(1.94 %),0,0,0,0,6678759,2.89
09/04/2015,0,0,10.8(2.86 %),0,0,0,0,6678759,2.89
10/04/2015,0,0,11(1.85 %),0,0,0,0,6678759,2.89
13/04/2015,0,0,10.9(-0.91 %),0,0,0,0,6678759,2.89
14/04/2015,0,0,10.6(-2.75 %),0,0,0,0,6678759,2.89
15/04/2015,0,0,10.7(0.94 %),0,0,0,0,6678759,2.89
16/04/2015,0,0,10.8(0.93 %),0,0,0,0,6678759,2.89
17/04/2015,0,0,10.4(-3.70 %),0,0,0,0,6678759,2.89
20/04/2015,0,0,10.6(1.92 %),0,0,0,0,6678759,2.89
21/04/2015,0,0,10.5(-0.94 %),0,0,0,0,6678759,2.89
22/04/2015,0,0,10(-4.76 %),0,0,0,0,6678759,2.89
23/04/2015,0,0,10.2(2.00 %),0,0,0,0,6678759,2.89
24/04/2015,0,0,9.7(-4.90 %),0,0,0,0,6678759,2.89
27/04/2015,0,0,9.4(-3.09 %),0,0,0,0,6678759,2.89
04/05/2015,0,0,9.3(-1.06 %),0,0,0,0,6678759,2.89
05/05/2015,0,0,9.3(0.00 %),0,0,0,0,6678759,2.89
06/05/2015,0,0,8.9(-4.30 %),0,0,0,0,6678759,2.89
07/05/2015,0,0,9.3(4.49 %),0,0,0,0,6678759,2.89
08/05/2015,100000,939300000,9.4(1.08 %),100000,939300000,0,0,6578759,3.58
11/05/2015,0,0,9.5(1.06 %),0,0,0,0,6578759,3.58
12/05/2015,0,0,9.5(0.00 %),0,0,0,0,6578759,3.58
13/05/2015,0,0,9.8(3.16 %),0,0,0,0,6578759,3.58
14/05/2015,0,0,9.7(-1.02 %),0,0,0,0,6578759,3.58
15/05/2015,0,0,9.7(0.00 %),0,0,0,0,6578759,3.58
18/05/2015,71200,678536000,9.3(-4.12 %),71200,678536000,0,0,6507559,4.07
19/05/2015,0,0,9.7(4.30 %),0,0,0,0,6507559,4.07
20/05/2015,0,0,9(-7.22 %),0,0,0,0,6507559,4.07
21/05/2015,90400,862506400,9.4(4.44 %),90400,862506400,0,0,6417159,4.7
22/05/2015,0,0,9.6(2.13 %),0,0,0,0,6417159,4.7
25/05/2015,0,0,9.8(2.08 %),0,0,0,0,6417159,4.7
26/05/2015,0,0,9.9(1.02 %),0,0,0,0,6417159,4.7
27/05/2015,0,0,9.8(-1.01 %),0,0,0,0,6417159,4.7
28/05/2015,0,0,9.6(-2.04 %),0,0,0,0,6417159,4.7
29/05/2015,0,0,9.9(3.12 %),0,0,0,0,6417159,4.7
01/06/2015,0,0,10.5(6.06 %),0,0,0,0,6417159,4.7
02/06/2015,0,0,10.2(-2.86 %),0,0,0,0,6417159,4.7
03/06/2015,0,0,10.2(0.00 %),0,0,0,0,6417159,4.7
04/06/2015,0,0,10.1(-0.98 %),0,0,0,0,6417159,4.7
05/06/2015,0,0,10(-0.99 %),0,0,0,0,6417159,4.7
08/06/2015,-200,-2000000,10.4(4.00 %),0,0,200,2000000,6417159,4.7
09/06/2015,0,0,9.4(-9.62 %),0,0,0,0,6417159,4.7
10/06/2015,0,0,9.4(0.00 %),0,0,0,0,6417159,4.7
11/06/2015,0,0,9.7(3.19 %),0,0,0,0,6417159,4.7
12/06/2015,0,0,9.7(0.00 %),0,0,0,0,6417359,4.69
15/06/2015,0,0,9.8(1.03 %),0,0,0,0,6417359,4.69
16/06/2015,0,0,9.8(0.00 %),0,0,0,0,6417359,4.69
17/06/2015,0,0,9.8(0.00 %),0,0,0,0,6417359,4.69
18/06/2015,0,0,9.6(-2.04 %),0,0,0,0,6417359,4.69
19/06/2015,-1247,-12048900,9.8(2.08 %),0,0,1247,12048900,6417359,4.69
22/06/2015,0,0,9.7(-1.02 %),0,0,0,0,6417359,4.69
23/06/2015,0,0,9.6(-1.03 %),0,0,0,0,6417359,4.69
24/06/2015,0,0,9.5(-1.04 %),0,0,0,0,6417359,4.69
25/06/2015,0,0,9.9(4.21 %),0,0,0,0,6418606,4.69
26/06/2015,0,0,9.7(-2.02 %),0,0,0,0,6418606,4.69
29/06/2015,0,0,9.8(1.03 %),0,0,0,0,6418606,4.69
30/06/2015,0,0,9.7(-1.02 %),0,0,0,0,6418606,4.69
01/07/2015,0,0,9.8(1.03 %),0,0,0,0,6418606,4.69
02/07/2015,0,0,9.9(1.02 %),0,0,0,0,6418606,4.69
03/07/2015,0,0,10.1(2.02 %),0,0,0,0,6418606,4.69
06/07/2015,0,0,10(-0.99 %),0,0,0,0,6418606,4.69
07/07/2015,0,0,9.8(-2.00 %),0,0,0,0,6418606,4.69
08/07/2015,0,0,9.8(0.00 %),0,0,0,0,6418606,4.69
09/07/2015,0,0,10(2.04 %),0,0,0,0,6418606,4.69
10/07/2015,0,0,10.6(6.00 %),0,0,0,0,6418606,4.69
13/07/2015,0,0,10.7(0.94 %),0,0,0,0,6418606,4.69
14/07/2015,0,0,11.5(7.48 %),0,0,0,0,6418606,4.69
15/07/2015,0,0,11.3(-1.74 %),0,0,0,0,6418606,4.69
16/07/2015,0,0,11.4(0.88 %),0,0,0,0,6418606,4.69
17/07/2015,0,0,11.3(-0.88 %),0,0,0,0,6418606,4.69
20/07/2015,0,0,10.7(-5.31 %),0,0,0,0,6418606,4.69
21/07/2015,0,0,10.6(-0.93 %),0,0,0,0,6418606,4.69
22/07/2015,0,0,11(3.77 %),0,0,0,0,6418606,4.69
23/07/2015,-1200,-13200000,10.9(-0.91 %),0,0,1200,13200000,6418606,4.69
24/07/2015,0,0,10.8(-0.92 %),0,0,0,0,6418606,4.69
27/07/2015,0,0,10.9(0.93 %),0,0,0,0,6418606,4.69
28/07/2015,-100,-1090000,11(0.92 %),0,0,100,1090000,6418606,4.69
29/07/2015,-9,-89100,11.1(0.91 %),0,0,9,89100,6419806,4.68
30/07/2015,0,0,11(-0.90 %),0,0,0,0,6419806,4.68
31/07/2015,0,0,11.2(1.82 %),0,0,0,0,6419806,4.68
03/08/2015,0,0,11.1(-0.89 %),0,0,0,0,6419906,4.68
04/08/2015,0,0,11.1(0.00 %),0,0,0,0,6419915,4.68
05/08/2015,0,0,11.7(5.41 %),0,0,0,0,6419915,4.68
06/08/2015,0,0,11.8(0.85 %),0,0,0,0,6419915,4.68
07/08/2015,700,8470000,12.2(3.39 %),700,8470000,0,0,6419215,4.68
10/08/2015,0,0,12.5(2.46 %),0,0,0,0,6419215,4.68
11/08/2015,0,0,12(-4.00 %),0,0,0,0,6419215,4.68
12/08/2015,-700,-8330000,11.8(-1.67 %),0,0,700,8330000,6419215,4.68
13/08/2015,0,0,11.6(-1.69 %),0,0,0,0,6419215,4.68
14/08/2015,0,0,11.7(0.86 %),0,0,0,0,6419215,4.68
17/08/2015,0,0,11.8(0.85 %),0,0,0,0,6419215,4.68
18/08/2015,0,0,11.8(0.00 %),0,0,0,0,6419915,4.68
19/08/2015,0,0,11.8(0.00 %),0,0,0,0,6419915,4.68
20/08/2015,0,0,11.3(-4.24 %),0,0,0,0,6419915,4.68
21/08/2015,0,0,11.3(0.00 %),0,0,0,0,6419915,4.68
24/08/2015,100000,1175600000,10.2(-9.73 %),100000,1175600000,0,0,6319915,5.37
25/08/2015,6600,69940000,10.9(6.86 %),6600,69940000,0,0,6313315,5.41
26/08/2015,0,0,10.9(0.00 %),0,0,0,0,6313315,5.41
27/08/2015,0,0,11(0.92 %),0,0,0,0,6313315,5.41
28/08/2015,0,0,11.7(6.36 %),0,0,0,0,6313315,5.41
31/08/2015,0,0,11.3(-3.42 %),0,0,0,0,6313315,5.41
01/09/2015,0,0,11.4(0.88 %),0,0,0,0,6313315,5.41
03/09/2015,1500,16950000,11.4(0.00 %),1500,16950000,0,0,6311815,5.42
04/09/2015,0,0,11.5(0.88 %),0,0,0,0,6311815,5.42
07/09/2015,0,0,11.6(0.87 %),0,0,0,0,6311815,5.42
08/09/2015,0,0,11.6(0.00 %),0,0,0,0,6311815,5.42
09/09/2015,0,0,11.7(0.86 %),0,0,0,0,6311815,5.42
10/09/2015,1200,14040000,11.7(0.00 %),1200,14040000,0,0,6310615,5.43
11/09/2015,1000,11600000,11.6(-0.85 %),1000,11600000,0,0,6309615,5.44
14/09/2015,1000,11200000,11.2(-3.45 %),1000,11200000,0,0,6308615,5.45
15/09/2015,0,0,11.2(0.00 %),0,0,0,0,6308615,5.45
16/09/2015,0,0,11.1(-0.89 %),0,0,0,0,6308615,5.45
17/09/2015,0,0,11.3(1.80 %),0,0,0,0,6308615,5.45
18/09/2015,0,0,11.3(0.00 %),0,0,0,0,6308615,5.45
21/09/2015,0,0,11.3(0.00 %),0,0,0,0,6308615,5.45
22/09/2015,0,0,11.6(2.65 %),0,0,0,0,6308615,5.45
23/09/2015,0,0,11.6(0.00 %),0,0,0,0,6308615,5.45
24/09/2015,0,0,11.7(0.86 %),0,0,0,0,6308615,5.45
25/09/2015,0,0,11.5(-1.71 %),0,0,0,0,6308615,5.45
28/09/2015,1600,18400000,11.5(0.00 %),1600,18400000,0,0,6307015,5.46
29/09/2015,0,0,11.5(0.00 %),0,0,0,0,6307015,5.46
30/09/2015,0,0,11.5(0.00 %),0,0,0,0,6307015,5.46
01/10/2015,0,0,11.6(0.87 %),0,0,0,0,6307015,5.46
02/10/2015,0,0,11.5(-0.86 %),0,0,0,0,6307015,5.46
05/10/2015,0,0,11.5(0.00 %),0,0,0,0,6307015,5.46
06/10/2015,3000,34700000,11.6(0.87 %),3000,34700000,0,0,6304015,5.48
07/10/2015,0,0,11.5(-0.86 %),0,0,0,0,6304015,5.48
08/10/2015,0,0,11.8(2.61 %),0,0,0,0,6304015,5.48
09/10/2015,3500,41250000,11.6(-1.69 %),3500,41250000,0,0,6300515,5.5
12/10/2015,1500,17550000,11.5(-0.86 %),1500,17550000,0,0,6299015,5.51
13/10/2015,1000,11500000,11.7(1.74 %),1000,11500000,0,0,6298015,5.52
14/10/2015,0,0,11.6(-0.85 %),0,0,0,0,6298015,5.52
15/10/2015,0,0,11.8(1.72 %),0,0,0,0,6298015,5.52
16/10/2015,0,0,11.6(-1.69 %),0,0,0,0,6298015,5.52
19/10/2015,4000,47200000,11.8(1.72 %),4000,47200000,0,0,6294015,5.55
20/10/2015,0,0,11.8(0.00 %),0,0,0,0,6294015,5.55
21/10/2015,4000,47200000,11.7(-0.85 %),4000,47200000,0,0,6290015,5.57
22/10/2015,0,0,11.5(-1.71 %),0,0,0,0,6290015,5.57
23/10/2015,0,0,11.7(1.74 %),0,0,0,0,6290015,5.57
26/10/2015,0,0,11.4(-2.56 %),0,0,0,0,6290015,5.57
27/10/2015,0,0,11.2(-1.75 %),0,0,0,0,6290015,5.57
28/10/2015,1000,11400000,11.3(0.89 %),1000,11400000,0,0,6289015,5.58
29/10/2015,0,0,10.8(-4.42 %),0,0,0,0,6289015,5.58
30/10/2015,0,0,11(1.85 %),0,0,0,0,6289015,5.58
02/11/2015,0,0,10.8(-1.82 %),0,0,0,0,6289015,5.58
03/11/2015,0,0,10.6(-1.85 %),0,0,0,0,6289015,5.58
04/11/2015,0,0,10.8(1.89 %),0,0,0,0,6289015,5.58
05/11/2015,0,0,10.9(0.93 %),0,0,0,0,6289015,5.58
06/11/2015,0,0,10.8(-0.92 %),0,0,0,0,6289015,5.58
09/11/2015,0,0,10.6(-1.85 %),0,0,0,0,6289015,5.58
10/11/2015,0,0,10.5(-0.94 %),0,0,0,0,6289015,5.58
11/11/2015,0,0,10.6(0.95 %),0,0,0,0,6289015,5.58
12/11/2015,-8000,-80800000,10.1(-4.72 %),0,0,8000,80800000,6289015,5.58
13/11/2015,0,0,10.4(2.97 %),0,0,0,0,6289015,5.58
16/11/2015,0,0,10.1(-2.88 %),0,0,0,0,6289015,5.58
17/11/2015,0,0,10.4(2.97 %),0,0,0,0,6289015,5.58
18/11/2015,0,0,10.3(-0.96 %),0,0,0,0,6297015,5.53
19/11/2015,0,0,10.1(-1.94 %),0,0,0,0,6297015,5.53
20/11/2015,0,0,10.4(2.97 %),0,0,0,0,6297015,5.53
23/11/2015,0,0,10.5(0.96 %),0,0,0,0,6297015,5.53
24/11/2015,0,0,10(-4.76 %),0,0,0,0,6297015,5.53
25/11/2015,0,0,10(0.00 %),0,0,0,0,6297015,5.53
26/11/2015,0,0,10(0.00 %),0,0,0,0,6297015,5.53
27/11/2015,0,0,10.5(5.00 %),0,0,0,0,6297015,5.53
30/11/2015,0,0,10.1(-3.81 %),0,0,0,0,6297015,5.53
01/12/2015,0,0,9.8(-2.97 %),0,0,0,0,6297015,5.53
02/12/2015,0,0,9.8(0.00 %),0,0,0,0,6297015,5.53
03/12/2015,0,0,9.9(1.02 %),0,0,0,0,6297015,5.53
04/12/2015,0,0,9.8(-1.01 %),0,0,0,0,6297015,5.53
07/12/2015,0,0,9.7(-1.02 %),0,0,0,0,6297015,5.53
08/12/2015,0,0,10(3.09 %),0,0,0,0,6297015,5.53
09/12/2015,0,0,10(0.00 %),0,0,0,0,6297015,5.53
10/12/2015,0,0,9.9(-1.00 %),0,0,0,0,6297015,5.53
11/12/2015,0,0,9.9(0.00 %),0,0,0,0,6297015,5.53
14/12/2015,0,0,9.9(0.00 %),0,0,0,0,6297015,5.53
15/12/2015,0,0,9.9(0.00 %),0,0,0,0,6297015,5.53
16/12/2015,0,0,9.9(0.00 %),0,0,0,0,6297015,5.53
17/12/2015,0,0,9.7(-2.02 %),0,0,0,0,6297015,5.53
18/12/2015,0,0,9.9(2.06 %),0,0,0,0,6297015,5.53
21/12/2015,0,0,9.7(-2.02 %),0,0,0,0,6297015,5.53
22/12/2015,0,0,9.5(-2.06 %),0,0,0,0,6297015,5.53
23/12/2015,0,0,9.6(1.05 %),0,0,0,0,6297015,5.53
24/12/2015,0,0,9.8(2.08 %),0,0,0,0,6297015,5.53
25/12/2015,0,0,9.8(0.00 %),0,0,0,0,6297015,5.53
28/12/2015,0,0,9.8(0.00 %),0,0,0,0,6297015,5.53
29/12/2015,0,0,10.7(9.18 %),0,0,0,0,6297015,5.53
30/12/2015,0,0,10.7(0.00 %),0,0,0,0,6297015,5.53
31/12/2015,0,0,10.1(-5.61 %),0,0,0,0,6297015,5.53
04/01/2016,0,0,10.1(0.00 %),0,0,0,0,6297015,5.53
05/01/2016,0,0,10(-0.99 %),0,0,0,0,6297015,5.53
06/01/2016,0,0,10(0.00 %),0,0,0,0,6297015,5.53
07/01/2016,0,0,10(0.00 %),0,0,0,0,6297015,5.53
08/01/2016,0,0,10(0.00 %),0,0,0,0,6297015,5.53
11/01/2016,0,0,9.9(-1.00 %),0,0,0,0,6297015,5.53
12/01/2016,0,0,10(1.01 %),0,0,0,0,6297015,5.53
13/01/2016,0,0,9.8(-2.00 %),0,0,0,0,6297015,5.53
14/01/2016,0,0,9.8(0.00 %),0,0,0,0,6297015,5.53
15/01/2016,0,0,9.8(0.00 %),0,0,0,0,6297015,5.53
18/01/2016,0,0,9.8(0.00 %),0,0,0,0,6297015,5.53
19/01/2016,0,0,9.3(-5.10 %),0,0,0,0,6297015,5.53
20/01/2016,0,0,9.3(0.00 %),0,0,0,0,6297015,5.53
21/01/2016,0,0,9.8(5.38 %),0,0,0,0,6297015,5.53
22/01/2016,0,0,9.2(-6.12 %),0,0,0,0,6297015,5.53
25/01/2016,0,0,9.2(0.00 %),0,0,0,0,6297015,5.53
26/01/2016,0,0,8.9(-3.26 %),0,0,0,0,6297015,5.53
27/01/2016,0,0,9(1.12 %),0,0,0,0,6297015,5.53
28/01/2016,0,0,9(0.00 %),0,0,0,0,6297015,5.53
29/01/2016,0,0,9.2(2.22 %),0,0,0,0,6297015,5.53
01/02/2016,0,0,9.8(6.52 %),0,0,0,0,6297015,5.53
02/02/2016,0,0,9.8(0.00 %),0,0,0,0,6297015,5.53
03/02/2016,0,0,9(-8.16 %),0,0,0,0,6297015,5.53
04/02/2016,0,0,9.4(4.44 %),0,0,0,0,6297015,5.53
05/02/2016,0,0,9.4(0.00 %),0,0,0,0,6297015,5.53
15/02/2016,0,0,9(-4.26 %),0,0,0,0,6297015,5.53
16/02/2016,0,0,9.9(10.00 %),0,0,0,0,6297015,5.53
17/02/2016,0,0,9.2(-7.07 %),0,0,0,0,6297015,5.53
18/02/2016,0,0,9.2(0.00 %),0,0,0,0,6297015,5.53
19/02/2016,0,0,9.3(1.09 %),0,0,0,0,6297015,5.53
22/02/2016,0,0,9.4(1.08 %),0,0,0,0,6297015,5.53
23/02/2016,0,0,9.3(-1.06 %),0,0,0,0,6297015,5.53
24/02/2016,0,0,9.4(1.08 %),0,0,0,0,6297015,5.53
25/02/2016,0,0,9.4(0.00 %),0,0,0,0,6297015,5.53
26/02/2016,0,0,9.4(0.00 %),0,0,0,0,6297015,5.53
29/02/2016,0,0,9(-4.26 %),0,0,0,0,6297015,5.53
02/03/2016,0,0,9.4(0.00 %),0,0,0,0,6297015,5.53
03/03/2016,0,0,9.2(-2.13 %),0,0,0,0,6297015,5.53
04/03/2016,0,0,9.2(0.00 %),0,0,0,0,6297015,5.53
07/03/2016,0,0,9(-2.17 %),0,0,0,0,6297015,5.53
08/03/2016,0,0,9.2(2.22 %),0,0,0,0,6297015,5.53
09/03/2016,0,0,9(-2.17 %),0,0,0,0,6297015,5.53
10/03/2016,0,0,9.3(3.33 %),0,0,0,0,6297015,5.53
11/03/2016,0,0,9.3(0.00 %),0,0,0,0,6297015,5.53
14/03/2016,0,0,9.2(-1.08 %),0,0,0,0,6297015,5.53
15/03/2016,0,0,9(-2.17 %),0,0,0,0,6297015,5.53
16/03/2016,0,0,9(0.00 %),0,0,0,0,6297015,5.53
17/03/2016,0,0,9.1(1.11 %),0,0,0,0,6297015,5.53
18/03/2016,0,0,9.2(1.10 %),0,0,0,0,6297015,5.53
21/03/2016,0,0,9.2(0.00 %),0,0,0,0,6297015,5.53
22/03/2016,0,0,8.6(-6.52 %),0,0,0,0,6297015,5.53
23/03/2016,0,0,9.1(5.81 %),0,0,0,0,6297015,5.53
24/03/2016,0,0,8.8(-3.30 %),0,0,0,0,6297015,5.53
25/03/2016,0,0,8.9(1.14 %),0,0,0,0,6297015,5.53
28/03/2016,0,0,8.8(-1.12 %),0,0,0,0,6297015,5.53
29/03/2016,0,0,8.8(0.00 %),0,0,0,0,6297015,5.53
30/03/2016,0,0,8.9(1.14 %),0,0,0,0,6297015,5.53
31/03/2016,0,0,8.9(0.00 %),0,0,0,0,6297015,5.53
01/04/2016,0,0,9(1.12 %),0,0,0,0,6297015,5.53
04/04/2016,0,0,9.3(3.33 %),0,0,0,0,6297015,5.53
05/04/2016,0,0,9.1(-2.15 %),0,0,0,0,6297015,5.53
06/04/2016,0,0,9.1(0.00 %),0,0,0,0,6297015,5.53
07/04/2016,0,0,9.1(0.00 %),0,0,0,0,6297015,5.53
08/04/2016,0,0,9.1(0.00 %),0,0,0,0,6297015,5.53
11/04/2016,0,0,9.1(0.00 %),0,0,0,0,6297015,5.53
12/04/2016,0,0,9.1(0.00 %),0,0,0,0,6297015,5.53
13/04/2016,0,0,9.1(0.00 %),0,0,0,0,6297015,5.53
14/04/2016,-500,-4650000,9.3(2.20 %),0,0,500,4650000,6297015,5.53
15/04/2016,0,0,9.2(-1.08 %),0,0,0,0,6297015,5.53
19/04/2016,0,0,9.2(0.00 %),0,0,0,0,6297015,5.53
20/04/2016,0,0,9.2(0.00 %),0,0,0,0,6297515,5.52
21/04/2016,0,0,8.9(-3.26 %),0,0,0,0,6297515,5.52
22/04/2016,0,0,9(1.12 %),0,0,0,0,6297515,5.52
25/04/2016,-87,-704700,9(0.00 %),0,0,87,704700,6297515,5.52
26/04/2016,0,0,9(0.00 %),0,0,0,0,6297515,5.52
27/04/2016,0,0,9(0.00 %),0,0,0,0,6297515,5.52
28/04/2016,0,0,8.7(-3.33 %),0,0,0,0,6297602,5.52
29/04/2016,0,0,8.8(1.15 %),0,0,0,0,6297602,5.52
04/05/2016,-2100,-18270000,8.7(-1.14 %),0,0,2100,18270000,6297602,5.52
05/05/2016,-100,-870000,8.9(2.30 %),0,0,100,870000,6297602,5.52
06/05/2016,0,0,9(1.12 %),0,0,0,0,6297602,5.52
09/05/2016,0,0,9(0.00 %),0,0,0,0,6299702,5.51
10/05/2016,0,0,9(0.00 %),0,0,0,0,6299802,5.51
11/05/2016,0,0,9(0.00 %),0,0,0,0,6299802,5.51
12/05/2016,0,0,8.9(-1.11 %),0,0,0,0,6299802,5.51
13/05/2016,0,0,8.9(0.00 %),0,0,0,0,6299802,5.51
16/05/2016,0,0,9(1.12 %),0,0,0,0,6299802,5.51
17/05/2016,0,0,8.9(-1.11 %),0,0,0,0,6299802,5.51
18/05/2016,0,0,8.7(-2.25 %),0,0,0,0,6299802,5.51
19/05/2016,-62,-489800,8.8(1.15 %),0,0,62,489800,6299802,5.51
20/05/2016,0,0,8.9(1.14 %),0,0,0,0,6299802,5.51
23/05/2016,0,0,8.9(0.00 %),0,0,0,0,6299802,5.51
24/05/2016,-1100,-9360000,8.6(-3.37 %),0,0,1100,9360000,6299864,5.51
25/05/2016,0,0,8.8(2.33 %),0,0,0,0,6299864,5.51
26/05/2016,0,0,8.8(0.00 %),0,0,0,0,6299864,5.51
27/05/2016,0,0,8.3(-5.68 %),0,0,0,0,6300964,5.5
30/05/2016,0,0,8(3.90 %),0,0,0,0,6300964,5.5
31/05/2016,0,0,8(0.00 %),0,0,0,0,6300964,5.5
01/06/2016,0,0,8(0.00 %),0,0,0,0,6300964,5.5
02/06/2016,0,0,8(0.00 %),0,0,0,0,6300964,5.5
03/06/2016,0,0,8(0.00 %),0,0,0,0,6300964,5.5
06/06/2016,0,0,8.1(1.25 %),0,0,0,0,6300964,5.5
07/06/2016,0,0,8.1(0.00 %),0,0,0,0,6300964,5.5
08/06/2016,0,0,8.1(0.00 %),0,0,0,0,6300964,5.5
09/06/2016,0,0,8.1(0.00 %),0,0,0,0,6300964,5.5
10/06/2016,0,0,8(-1.23 %),0,0,0,0,6300964,5.5
13/06/2016,0,0,7.6(-5.00 %),0,0,0,0,6300964,5.5
14/06/2016,0,0,7.9(3.95 %),0,0,0,0,6300964,5.5
15/06/2016,-1100,-8250000,7.9(0.00 %),0,0,1100,8250000,6300964,5.5
16/06/2016,-3000,-21940000,7.4(-6.33 %),0,0,3000,21940000,6300964,5.5
17/06/2016,-1000,-7400000,7.9(6.76 %),0,0,1000,7400000,6300964,5.5
20/06/2016,0,0,7.9(0.00 %),0,0,0,0,6302064,5.49
21/06/2016,0,0,7.9(0.00 %),0,0,0,0,6305064,5.47
22/06/2016,0,0,7.8(-1.27 %),0,0,0,0,6306064,5.46
23/06/2016,0,0,8.3(6.41 %),0,0,0,0,6306064,5.46
24/06/2016,0,0,7.8(-6.02 %),0,0,0,0,6306064,5.46
27/06/2016,0,0,7.8(0.00 %),0,0,0,0,6797631,2.07
28/06/2016,0,0,7.6(-2.56 %),0,0,0,0,6797631,2.07
29/06/2016,0,0,7.9(3.95 %),0,0,0,0,6797631,2.07
30/06/2016,0,0,7.9(0.00 %),0,0,0,0,6797631,2.07
01/07/2016,0,0,7.9(0.00 %),0,0,0,0,6797631,2.07
04/07/2016,0,0,7.9(0.00 %),0,0,0,0,6797631,2.07
05/07/2016,0,0,7.9(0.00 %),0,0,0,0,6797631,2.07
06/07/2016,0,0,7.9(0.00 %),0,0,0,0,6797631,2.07
07/07/2016,0,0,7.9(0.00 %),0,0,0,0,6797631,2.07
08/07/2016,-1100,-8140000,7.8(-1.27 %),0,0,1100,8140000,6797631,2.07
11/07/2016,-2500,-19500000,7.8(0.00 %),0,0,2500,19500000,6797631,2.07
12/07/2016,0,0,7.9(1.28 %),0,0,0,0,6797631,2.07
13/07/2016,0,0,7.8(-1.27 %),0,0,0,0,6798731,2.06
14/07/2016,0,0,7.7(-1.28 %),0,0,0,0,6801231,5.45
15/07/2016,0,0,7.6(-1.30 %),0,0,0,0,6801231,5.45
18/07/2016,0,0,7.8(2.63 %),0,0,0,0,6801231,5.45
19/07/2016,0,0,7.7(-1.28 %),0,0,0,0,6801231,5.45
20/07/2016,0,0,7.7(0.00 %),0,0,0,0,6801231,5.45
21/07/2016,0,0,7.7(0.00 %),0,0,0,0,6801231,5.45
22/07/2016,0,0,7.7(0.00 %),0,0,0,0,6801231,5.45
25/07/2016,0,0,7.6(-1.30 %),0,0,0,0,6801231,5.45
26/07/2016,0,0,7.5(-1.32 %),0,0,0,0,6801231,5.45
27/07/2016,-5500,-37950000,7(-6.67 %),0,0,5500,37950000,6801231,5.45
28/07/2016,0,0,7.3(4.29 %),0,0,0,0,6801231,5.45
29/07/2016,0,0,6.9(-5.48 %),0,0,0,0,6801231,5.45
01/08/2016,0,0,7.2(4.35 %),0,0,0,0,6806731,5.42
02/08/2016,0,0,7(-2.78 %),0,0,0,0,6806731,5.42
03/08/2016,0,0,6.9(-1.43 %),0,0,0,0,6806731,5.42
04/08/2016,0,0,6.6(-4.35 %),0,0,0,0,6806731,5.42
05/08/2016,0,0,6.8(3.03 %),0,0,0,0,6806731,5.42
08/08/2016,0,0,7.1(4.41 %),0,0,0,0,6806731,5.42
09/08/2016,0,0,7.1(0.00 %),0,0,0,0,6806731,5.42
10/08/2016,0,0,6.9(-2.82 %),0,0,0,0,6806731,5.42
11/08/2016,0,0,7(1.45 %),0,0,0,0,6806731,5.42
12/08/2016,0,0,7(0.00 %),0,0,0,0,6806731,5.42
15/08/2016,0,0,7(0.00 %),0,0,0,0,6806731,5.42
16/08/2016,0,0,6.8(-2.86 %),0,0,0,0,6806731,5.42
17/08/2016,0,0,6.7(-1.47 %),0,0,0,0,6806731,5.42
18/08/2016,0,0,6.7(0.00 %),0,0,0,0,6806731,5.42
19/08/2016,0,0,6.9(2.99 %),0,0,0,0,6806731,5.42
22/08/2016,0,0,6.9(0.00 %),0,0,0,0,6806731,5.42
23/08/2016,0,0,6.9(0.00 %),0,0,0,0,6806731,5.42
24/08/2016,0,0,6.9(0.00 %),0,0,0,0,6806731,5.42
25/08/2016,0,0,6.9(0.00 %),0,0,0,0,6806731,5.42
26/08/2016,0,0,6.9(0.00 %),0,0,0,0,6806731,5.42
29/08/2016,0,0,6.8(-1.45 %),0,0,0,0,6806731,5.42
30/08/2016,2000,13800000,6.5(-4.41 %),2000,13800000,0,0,6804731,5.43
31/08/2016,2100,14490000,6.9(6.15 %),2100,14490000,0,0,6802631,5.44
01/09/2016,2700,18630000,6.9(0.00 %),2700,18630000,0,0,6799931,5.46
05/09/2016,0,0,6.9(0.00 %),0,0,0,0,6799931,5.46
06/09/2016,200,1380000,6.9(0.00 %),200,1380000,0,0,6799731,5.46
07/09/2016,0,0,6.9(0.00 %),0,0,0,0,6799731,5.46
08/09/2016,1400,9660000,6.9(0.00 %),1400,9660000,0,0,6798331,5.47
09/09/2016,6200,42780000,6.9(0.00 %),6200,42780000,0,0,6792131,5.51
12/09/2016,0,0,6.9(0.00 %),0,0,0,0,6792131,5.51
13/09/2016,8600,59340000,6.9(0.00 %),8600,59340000,0,0,6783531,5.56
14/09/2016,11200,77280000,6.9(0.00 %),11200,77280000,0,0,6772331,5.64
15/09/2016,0,0,6.8(-1.45 %),0,0,0,0,6772331,5.64
16/09/2016,-4020,-26180000,6.4(-5.88 %),0,0,4020,26180000,6772331,5.64
19/09/2016,-400,-2480000,7(9.37 %),2600,17020000,3000,19500000,6769731,5.65
20/09/2016,400,2680000,6.7(-4.29 %),1500,10050000,1100,7370000,6768231,5.66
21/09/2016,0,0,6.7(0.00 %),0,0,0,0,6772251,5.64
22/09/2016,-300,-2010000,6.7(0.00 %),0,0,300,2010000,6775251,5.62
23/09/2016,400,2680000,6.5(-2.99 %),6290,41235000,5890,38555000,6770061,5.65
26/09/2016,0,0,6.5(0.00 %),0,0,0,0,6770061,5.65
27/09/2016,0,0,6.5(0.00 %),0,0,0,0,6770361,5.65
28/09/2016,0,0,6.4(-1.54 %),0,0,0,0,6776251,5.61
29/09/2016,5600,38400000,6.9(7.81 %),5900,40410000,300,2010000,6770351,5.65
30/09/2016,0,0,6.9(0.00 %),0,0,0,0,6770351,5.65
03/10/2016,0,0,6.9(0.00 %),0,0,0,0,6770351,5.65
04/10/2016,-20,-126000,6.5(-5.80 %),0,0,20,126000,6770651,5.65
05/10/2016,-1500,-9350000,6.5(0.00 %),0,0,1500,9350000,6770651,5.65
06/10/2016,0,0,6.2(-4.62 %),0,0,0,0,6770651,5.65
07/10/2016,-500,-3000000,6(-3.23 %),0,0,500,3000000,6770671,5.65
10/10/2016,-79900,-456330000,5.7(-5.00 %),0,0,79900,456330000,6772174,5.64
11/10/2016,-15900,-85940000,5.4(-5.26 %),0,0,15900,85940000,6772174,5.64
12/10/2016,-47200,-253340000,5.4(0.00 %),0,0,47200,253340000,6772674,5.63
13/10/2016,-42200,-219460000,5.2(-3.70 %),0,0,42200,219460000,6852574,5.12
14/10/2016,-152600,-778560000,5.1(-1.92 %),0,0,152600,778560000,6868474,5.02
17/10/2016,-61400,-310000000,5.3(3.92 %),0,0,61400,310000000,6915674,4.72
18/10/2016,-20000,-100010000,4.8(-9.43 %),0,0,20000,100010000,6957874,4.45
19/10/2016,0,0,4.5(-6.25 %),0,0,0,0,7110474,3.47
20/10/2016,0,0,4.9(8.89 %),0,0,0,0,7171874,3.08
21/10/2016,0,0,4.9(0.00 %),0,0,0,0,7191874,2.95
24/10/2016,0,0,4.9(0.00 %),0,0,0,0,7191874,2.95
25/10/2016,0,0,4.9(0.00 %),0,0,0,0,7191874,2.95
26/10/2016,0,0,4.6(-6.12 %),0,0,0,0,7191874,2.95
27/10/2016,0,0,5(8.70 %),0,0,0,0,7191874,2.95
28/10/2016,0,0,4.9(-2.00 %),0,0,0,0,7191874,2.95
31/10/2016,0,0,4.9(0.00 %),0,0,0,0,7191874,2.95
01/11/2016,0,0,4.7(-4.08 %),0,0,0,0,7191874,2.95
02/11/2016,0,0,5(6.38 %),0,0,0,0,7191874,2.95
03/11/2016,0,0,5(0.00 %),0,0,0,0,7191874,2.95
04/11/2016,-500,-2450000,4.9(-2.00 %),0,0,500,2450000,7191874,2.95
07/11/2016,0,0,4.8(-2.04 %),0,0,0,0,7191874,2.95
08/11/2016,0,0,4.6(-4.17 %),0,0,0,0,7191874,2.95
09/11/2016,0,0,4.2(-8.70 %),0,0,0,0,7192374,2.95
10/11/2016,-1500,-6100000,4.4(4.76 %),0,0,1500,6100000,7192374,2.95
11/11/2016,0,0,4.4(0.00 %),0,0,0,0,7192374,2.95
14/11/2016,0,0,4.3(-2.27 %),0,0,0,0,7192374,2.95
15/11/2016,0,0,4.1(-4.65 %),0,0,0,0,7193874,2.94
16/11/2016,0,0,4(-2.44 %),0,0,0,0,7193874,2.94
17/11/2016,1000,3900000,3.9(-2.50 %),1000,3900000,0,0,7192874,2.94
18/11/2016,0,0,3.8(-2.56 %),0,0,0,0,7192874,2.94
21/11/2016,0,0,4(5.26 %),0,0,0,0,7192874,2.94
22/11/2016,-1000,-4000000,4(0.00 %),0,0,1000,4000000,7192874,2.94
23/11/2016,0,0,3.9(-2.50 %),0,0,0,0,7192874,2.94
24/11/2016,0,0,4(2.56 %),0,0,0,0,7192874,2.94
25/11/2016,0,0,3.9(-2.50 %),0,0,0,0,7193874,2.94
28/11/2016,-60,-240000,3.9(0.00 %),0,0,60,240000,7193874,2.94
29/11/2016,0,0,4(2.56 %),0,0,0,0,7193874,2.94
30/11/2016,0,0,4(0.00 %),0,0,0,0,7193874,2.94
01/12/2016,0,0,4(0.00 %),0,0,0,0,7193934,2.94
02/12/2016,0,0,4(0.00 %),0,0,0,0,7193934,2.94
05/12/2016,0,0,4(0.00 %),0,0,0,0,7193934,2.94
06/12/2016,0,0,4.1(2.50 %),0,0,0,0,7193934,2.94
07/12/2016,0,0,3.9(-4.88 %),0,0,0,0,7193934,2.94
08/12/2016,0,0,4.2(7.69 %),0,0,0,0,7193934,2.94
09/12/2016,0,0,4(-4.76 %),0,0,0,0,7193934,2.94
12/12/2016,0,0,4(0.00 %),0,0,0,0,7193934,2.94
13/12/2016,0,0,4(0.00 %),0,0,0,0,7193934,2.94
14/12/2016,-300,-1140000,4.1(2.50 %),0,0,300,1140000,7193934,2.94
15/12/2016,0,0,4.1(0.00 %),0,0,0,0,7193934,2.94
16/12/2016,0,0,4(-2.44 %),0,0,0,0,7193934,2.94
19/12/2016,0,0,4(0.00 %),0,0,0,0,7194234,2.94
20/12/2016,-2020,-7872000,4(0.00 %),0,0,2020,7872000,7194234,2.94
21/12/2016,0,0,4.1(2.50 %),0,0,0,0,7194234,2.94
22/12/2016,0,0,4.4(7.32 %),0,0,0,0,7194234,2.94
23/12/2016,0,0,4.1(-6.82 %),0,0,0,0,7196254,2.92
26/12/2016,0,0,4.1(0.00 %),0,0,0,0,7196254,2.92
27/12/2016,0,0,4.4(7.32 %),0,0,0,0,7196254,2.92
28/12/2016,0,0,4.4(0.00 %),0,0,0,0,7196254,2.92
29/12/2016,0,0,4.4(0.00 %),0,0,0,0,7196254,2.92
30/12/2016,0,0,4.7(6.82 %),0,0,0,0,7196254,2.92
03/01/2017,0,0,4.3(-8.51 %),0,0,0,0,7196254,2.92
04/01/2017,-1300,-5330000,4.3(0.00 %),0,0,1300,5330000,7196254,2.92
05/01/2017,0,0,4.3(0.00 %),0,0,0,0,7196254,2.92
06/01/2017,0,0,4.3(0.00 %),0,0,0,0,7196254,2.92
09/01/2017,0,0,4.1(-4.65 %),0,0,0,0,7197554,2.91
10/01/2017,0,0,4.1(0.00 %),0,0,0,0,7197554,2.91
11/01/2017,0,0,4(-2.44 %),0,0,0,0,7197554,2.91
12/01/2017,0,0,3.8(-5.00 %),0,0,0,0,7197554,2.91
13/01/2017,0,0,4(5.26 %),0,0,0,0,7197554,2.91
16/01/2017,0,0,3.8(-5.00 %),0,0,0,0,7197554,2.91
17/01/2017,0,0,3.8(0.00 %),0,0,0,0,7197554,2.91
18/01/2017,0,0,3.5(-7.89 %),0,0,0,0,7197554,2.91
19/01/2017,0,0,3.6(2.86 %),0,0,0,0,7197554,2.91
20/01/2017,0,0,3.8(5.56 %),0,0,0,0,7197554,2.91
23/01/2017,-98,-352800,3.6(-5.26 %),0,0,98,352800,7197554,2.91
24/01/2017,0,0,3.7(2.78 %),0,0,0,0,7197554,2.91
25/01/2017,0,0,3.8(2.70 %),0,0,0,0,7197554,2.91
02/02/2017,0,0,4(5.26 %),0,0,0,0,7197652,2.91
03/02/2017,0,0,3.8(-5.00 %),0,0,0,0,7197652,2.91
06/02/2017,-171128,-599350800,3.6(-5.26 %),0,0,171128,599350800,7197652,2.91
07/02/2017,0,0,3.6(0.00 %),0,0,0,0,7197652,2.91
08/02/2017,0,0,3.7(2.78 %),0,0,0,0,7197652,2.91
09/02/2017,0,0,3.7(0.00 %),0,0,0,0,7368780,1.82
10/02/2017,0,0,3.7(0.00 %),0,0,0,0,7368780,1.82
13/02/2017,0,0,3.6(-2.70 %),0,0,0,0,7368780,1.82
14/02/2017,0,0,3.6(0.00 %),0,0,0,0,7368780,1.82
15/02/2017,0,0,3.6(0.00 %),0,0,0,0,7368780,1.82
16/02/2017,0,0,3.8(5.56 %),0,0,0,0,7368780,1.82
17/02/2017,0,0,3.6(-5.26 %),0,0,0,0,7368780,1.82
20/02/2017,0,0,3.6(0.00 %),0,0,0,0,7368780,1.82
21/02/2017,0,0,3.6(0.00 %),0,0,0,0,7368780,1.82
22/02/2017,0,0,3.5(-2.78 %),0,0,0,0,7368780,1.82
23/02/2017,0,0,3.7(5.71 %),0,0,0,0,7368780,1.82
24/02/2017,1900,7220000,3.8(2.70 %),1900,7220000,0,0,7366880,1.83
27/02/2017,0,0,3.8(0.00 %),0,0,0,0,7366880,1.83
28/02/2017,0,0,3.6(-5.26 %),0,0,0,0,7366880,1.83
01/03/2017,0,0,3.6(0.00 %),0,0,0,0,7366880,1.83
02/03/2017,0,0,3.8(5.56 %),0,0,0,0,7366880,1.83
03/03/2017,0,0,3.7(-2.63 %),0,0,0,0,7366880,1.83
06/03/2017,0,0,3.6(-2.70 %),0,0,0,0,7366880,1.83
07/03/2017,0,0,3.6(0.00 %),0,0,0,0,7366880,1.83
08/03/2017,0,0,3.9(8.33 %),0,0,0,0,7366880,1.83
09/03/2017,0,0,3.8(-2.56 %),0,0,0,0,7366880,1.83
10/03/2017,0,0,3.8(0.00 %),0,0,0,0,7366880,1.83
13/03/2017,0,0,3.7(-2.63 %),0,0,0,0,7366880,1.83
14/03/2017,0,0,3.6(-2.70 %),0,0,0,0,7366880,1.83
15/03/2017,1000,3800000,3.8(5.56 %),1000,3800000,0,0,7365880,1.84
16/03/2017,0,0,3.8(0.00 %),0,0,0,0,7365880,1.84
17/03/2017,0,0,3.9(2.63 %),0,0,0,0,7365880,1.84
20/03/2017,0,0,3.9(0.00 %),0,0,0,0,7365880,1.84
21/03/2017,0,0,3.7(-5.13 %),0,0,0,0,7365880,1.84
22/03/2017,0,0,3.7(0.00 %),0,0,0,0,7365880,1.84
23/03/2017,0,0,3.9(5.41 %),0,0,0,0,7365880,1.84
24/03/2017,0,0,3.8(-2.56 %),0,0,0,0,7365880,1.84
27/03/2017,0,0,3.8(0.00 %),0,0,0,0,7365880,1.84
28/03/2017,0,0,4(5.26 %),0,0,0,0,7365880,1.84
29/03/2017,0,0,4(0.00 %),0,0,0,0,7365880,1.84
30/03/2017,0,0,4(0.00 %),0,0,0,0,7365880,1.84
31/03/2017,0,0,4(0.00 %),0,0,0,0,7365880,1.84
03/04/2017,0,0,4(0.00 %),0,0,0,0,7365880,1.84
04/04/2017,0,0,4(0.00 %),0,0,0,0,7365880,1.84
05/04/2017,0,0,4(0.00 %),0,0,0,0,7365880,1.84
07/04/2017,-2400,-9600000,4(0.00 %),0,0,2400,9600000,7365880,1.84
10/04/2017,0,0,4.1(2.50 %),0,0,0,0,7365880,1.84
11/04/2017,0,0,4(-2.44 %),0,0,0,0,7365880,1.84
12/04/2017,0,0,4(0.00 %),0,0,0,0,7368280,1.82
13/04/2017,0,0,4.1(2.50 %),0,0,0,0,7368280,1.82
14/04/2017,0,0,4.1(0.00 %),0,0,0,0,7368280,1.82
17/04/2017,0,0,4.1(0.00 %),0,0,0,0,7368280,1.82
18/04/2017,0,0,4.1(0.00 %),0,0,0,0,7368280,1.82
19/04/2017,0,0,4.2(2.44 %),0,0,0,0,7368280,1.82
20/04/2017,0,0,4.2(0.00 %),0,0,0,0,7368280,1.82
21/04/2017,0,0,4.2(0.00 %),0,0,0,0,7368280,1.82
24/04/2017,0,0,4(-4.76 %),0,0,0,0,7368280,1.82
25/04/2017,0,0,4(0.00 %),0,0,0,0,7368280,1.82
26/04/2017,0,0,4(0.00 %),0,0,0,0,7368280,1.82
27/04/2017,0,0,4.1(2.50 %),0,0,0,0,7368280,1.82
28/04/2017,0,0,3.8(-7.32 %),0,0,0,0,7368280,1.82
03/05/2017,0,0,4(5.26 %),0,0,0,0,7368280,1.82
04/05/2017,0,0,4(0.00 %),0,0,0,0,7368280,1.82
05/05/2017,0,0,4.1(2.50 %),0,0,0,0,7368280,1.82
08/05/2017,0,0,4.1(0.00 %),0,0,0,0,7368280,1.82
09/05/2017,0,0,4.1(0.00 %),0,0,0,0,7368280,1.82
10/05/2017,0,0,4.3(4.88 %),0,0,0,0,7368280,1.82
11/05/2017,0,0,4.1(-4.65 %),0,0,0,0,7368280,1.82
12/05/2017,0,0,4.1(0.00 %),0,0,0,0,7368280,1.82
15/05/2017,0,0,4.3(4.88 %),0,0,0,0,7368280,1.82
16/05/2017,0,0,4.2(-2.33 %),0,0,0,0,7368280,1.82
17/05/2017,0,0,4.2(0.00 %),0,0,0,0,7368280,1.82
18/05/2017,0,0,4(-4.76 %),0,0,0,0,7368280,1.82
19/05/2017,0,0,4.2(5.00 %),0,0,0,0,7368280,1.82
22/05/2017,0,0,4(-4.76 %),0,0,0,0,7368280,1.82
23/05/2017,0,0,3.9(-2.50 %),0,0,0,0,7368280,1.82
24/05/2017,0,0,4.1(5.13 %),0,0,0,0,7368280,1.82
25/05/2017,0,0,4.1(0.00 %),0,0,0,0,7368280,1.82
26/05/2017,0,0,4(-2.44 %),0,0,0,0,7368280,1.82
29/05/2017,0,0,4(0.00 %),0,0,0,0,7368280,1.82
30/05/2017,0,0,4.2(5.00 %),0,0,0,0,7368280,1.82
31/05/2017,0,0,4.2(0.00 %),0,0,0,0,7368280,1.82
01/06/2017,-1900,-7980000,4.2(0.00 %),0,0,1900,7980000,7368280,1.82
02/06/2017,0,0,4.2(0.00 %),0,0,0,0,7368280,1.82
05/06/2017,0,0,4.2(0.00 %),0,0,0,0,7368280,1.82
06/06/2017,0,0,4.2(0.00 %),0,0,0,0,7370180,1.81
07/06/2017,0,0,4.2(0.00 %),0,0,0,0,7370180,1.81
08/06/2017,0,0,4(-4.76 %),0,0,0,0,7370180,1.81
09/06/2017,0,0,4.2(5.00 %),0,0,0,0,7370180,1.81
12/06/2017,0,0,4(-4.76 %),0,0,0,0,7370180,1.81
13/06/2017,0,0,4.1(2.50 %),0,0,0,0,7370180,1.81
14/06/2017,0,0,4.1(0.00 %),0,0,0,0,7370180,1.81
15/06/2017,0,0,4(-2.44 %),0,0,0,0,7370180,1.81
16/06/2017,0,0,3.9(-2.50 %),0,0,0,0,7370180,1.81
19/06/2017,0,0,4.2(7.69 %),0,0,0,0,7370180,1.81
20/06/2017,0,0,4.2(0.00 %),0,0,0,0,7370180,1.81
21/06/2017,0,0,4(-4.76 %),0,0,0,0,7370180,1.81
22/06/2017,0,0,3.9(-2.50 %),0,0,0,0,7370180,1.81
23/06/2017,0,0,3.9(0.00 %),0,0,0,0,7370180,1.81
26/06/2017,-60,-222200,4(2.56 %),0,0,60,222200,7370180,1.81
27/06/2017,0,0,4(0.00 %),0,0,0,0,7370180,1.81
28/06/2017,0,0,4.4(10.00 %),0,0,0,0,7370180,1.81
29/06/2017,0,0,4.8(9.09 %),0,0,0,0,7370240,1.81
30/06/2017,0,0,5.2(8.33 %),0,0,0,0,7370240,1.81
03/07/2017,0,0,5.7(9.62 %),0,0,0,0,7370240,1.81
04/07/2017,0,0,6.2(8.77 %),0,0,0,0,7370240,1.81
05/07/2017,0,0,6.8(9.68 %),0,0,0,0,7370240,1.81
06/07/2017,0,0,6.2(-8.82 %),0,0,0,0,7370240,1.81
07/07/2017,0,0,5.7(-8.06 %),0,0,0,0,7370240,1.81
10/07/2017,0,0,5.6(-1.75 %),0,0,0,0,7370240,1.81
11/07/2017,0,0,5.9(5.36 %),0,0,0,0,7370240,1.81
12/07/2017,0,0,5.4(-8.47 %),0,0,0,0,7370240,1.81
13/07/2017,0,0,5.4(0.00 %),0,0,0,0,7370240,1.81
14/07/2017,0,0,5.9(9.26 %),0,0,0,0,7370240,1.81
17/07/2017,0,0,5.7(-3.39 %),0,0,0,0,7370240,1.81
18/07/2017,0,0,5.8(1.75 %),0,0,0,0,7370240,1.81
19/07/2017,0,0,5.6(-3.45 %),0,0,0,0,7370240,1.81
20/07/2017,0,0,5.2(-7.14 %),0,0,0,0,7370240,1.81
21/07/2017,0,0,5(-3.85 %),0,0,0,0,7370240,1.81
24/07/2017,0,0,5.5(10.00 %),0,0,0,0,7370240,1.81
25/07/2017,-20,-104000,5.6(1.82 %),0,0,20,104000,7370240,1.81
26/07/2017,-76,-410400,5.7(1.79 %),0,0,76,410400,7370240,1.81
27/07/2017,-2160,-12522000,5.8(1.75 %),0,0,2160,12522000,7370240,1.81
28/07/2017,0,0,6.3(8.62 %),0,0,0,0,7370260,1.81
31/07/2017,0,0,6.8(7.94 %),0,0,0,0,7370336,1.81
01/08/2017,0,0,6.2(-8.82 %),0,0,0,0,7372496,1.79
02/08/2017,0,0,5.6(-9.68 %),0,0,0,0,7372496,1.79
03/08/2017,0,0,6(7.14 %),0,0,0,0,7372496,1.79
04/08/2017,0,0,5.7(-5.00 %),0,0,0,0,7372496,1.79
07/08/2017,0,0,5.7(0.00 %),0,0,0,0,7372496,1.79
08/08/2017,0,0,5.9(3.51 %),0,0,0,0,7372496,1.79
09/08/2017,0,0,5.4(-8.47 %),0,0,0,0,7372496,1.79
10/08/2017,0,0,5.8(7.41 %),0,0,0,0,7372496,1.79
11/08/2017,0,0,5.8(0.00 %),0,0,0,0,7372496,1.79
14/08/2017,0,0,5.4(-6.90 %),0,0,0,0,7372496,1.79
15/08/2017,0,0,5.7(5.56 %),0,0,0,0,7372496,1.79
16/08/2017,0,0,5.6(-1.75 %),0,0,0,0,7372496,1.79
17/08/2017,0,0,5.6(0.00 %),0,0,0,0,7372496,1.79
18/08/2017,0,0,5.4(-3.57 %),0,0,0,0,7372496,1.79
21/08/2017,0,0,5.7(5.56 %),0,0,0,0,7372496,1.79
22/08/2017,0,0,5.4(-5.26 %),0,0,0,0,7372496,1.79
23/08/2017,0,0,5.8(7.41 %),0,0,0,0,7372496,1.79
24/08/2017,0,0,5.4(-6.90 %),0,0,0,0,7372496,1.79
25/08/2017,0,0,5.3(-1.85 %),0,0,0,0,7372496,1.79
28/08/2017,0,0,5.3(0.00 %),0,0,0,0,7372496,1.79
29/08/2017,0,0,5.1(-3.77 %),0,0,0,0,7372496,1.79
30/08/2017,0,0,5.1(0.00 %),0,0,0,0,7372496,1.79
31/08/2017,0,0,5.1(0.00 %),0,0,0,0,7372496,1.79
01/09/2017,0,0,5.4(5.88 %),0,0,0,0,7372496,1.79
05/09/2017,0,0,5.6(3.70 %),0,0,0,0,7372496,1.79
06/09/2017,0,0,5.5(-1.79 %),0,0,0,0,7372496,1.79
07/09/2017,0,0,5.6(1.82 %),0,0,0,0,7372496,1.79
08/09/2017,0,0,5.6(0.00 %),0,0,0,0,7372496,1.79
11/09/2017,0,0,5.5(-1.79 %),0,0,0,0,7372496,1.79
12/09/2017,0,0,5.6(1.82 %),0,0,0,0,7372496,1.79
13/09/2017,0,0,5.5(-1.79 %),0,0,0,0,7372496,1.79
14/09/2017,0,0,5.4(-1.82 %),0,0,0,0,7372496,1.79
15/09/2017,0,0,5.3(-1.85 %),0,0,0,0,7372496,1.79
18/09/2017,0,0,5.2(-1.89 %),0,0,0,0,7372496,1.79
19/09/2017,0,0,5.1(-1.92 %),0,0,0,0,7372496,1.79
20/09/2017,0,0,5.1(0.00 %),0,0,0,0,7372496,1.79
21/09/2017,0,0,5.2(1.96 %),0,0,0,0,7372496,1.79
22/09/2017,0,0,5.2(0.00 %),0,0,0,0,7372496,1.79
25/09/2017,0,0,5.1(-1.92 %),0,0,0,0,7372496,1.79
26/09/2017,0,0,5.1(0.00 %),0,0,0,0,7372496,1.79
27/09/2017,0,0,5(-1.96 %),0,0,0,0,7372496,1.79
28/09/2017,0,0,5(0.00 %),0,0,0,0,7372496,1.79
29/09/2017,0,0,4.8(-4.00 %),0,0,0,0,7372496,1.79
02/10/2017,0,0,5(4.17 %),0,0,0,0,7372496,1.79
03/10/2017,0,0,5(0.00 %),0,0,0,0,7372496,1.79
04/10/2017,0,0,4.7(-6.00 %),0,0,0,0,7372496,1.79
05/10/2017,0,0,4.7(0.00 %),0,0,0,0,7372496,1.79
06/10/2017,0,0,5(6.38 %),0,0,0,0,7372496,1.79
09/10/2017,0,0,5(0.00 %),0,0,0,0,7372496,1.79
10/10/2017,0,0,4.9(-2.00 %),0,0,0,0,7372496,1.79
11/10/2017,0,0,5(2.04 %),0,0,0,0,7372496,1.79
12/10/2017,0,0,4.9(-2.00 %),0,0,0,0,7372496,1.79
13/10/2017,0,0,4.8(-2.04 %),0,0,0,0,7372496,1.79
16/10/2017,0,0,4.7(-2.08 %),0,0,0,0,7372496,1.79
17/10/2017,0,0,4.3(-8.51 %),0,0,0,0,7372496,1.79
18/10/2017,0,0,4.6(6.98 %),0,0,0,0,7372496,1.79
19/10/2017,0,0,4.8(4.35 %),0,0,0,0,7372496,1.79
20/10/2017,0,0,4.6(-4.17 %),0,0,0,0,7372496,1.79
23/10/2017,0,0,4.7(2.17 %),0,0,0,0,7372496,1.79
24/10/2017,0,0,4.8(2.13 %),0,0,0,0,7372496,1.79
25/10/2017,0,0,4.9(2.08 %),0,0,0,0,7372496,1.79
26/10/2017,0,0,5(2.04 %),0,0,0,0,7372496,1.79
27/10/2017,0,0,5(0.00 %),0,0,0,0,7372496,1.79
30/10/2017,0,0,5(0.00 %),0,0,0,0,7372496,1.79
31/10/2017,0,0,4.9(-2.00 %),0,0,0,0,7372496,1.79
01/11/2017,0,0,4.9(0.00 %),0,0,0,0,7372496,1.79
02/11/2017,0,0,4.5(-8.16 %),0,0,0,0,7372496,1.79
03/11/2017,0,0,4.5(0.00 %),0,0,0,0,7372496,1.79
06/11/2017,0,0,4.7(4.44 %),0,0,0,0,7372496,1.79
07/11/2017,2500,11250000,4.9(4.26 %),2500,11250000,0,0,7369996,1.81
08/11/2017,0,0,4.9(0.00 %),0,0,0,0,7369996,1.81
09/11/2017,0,0,4.8(-2.04 %),0,0,0,0,7369996,1.81
10/11/2017,0,0,4.9(2.08 %),0,0,0,0,7369996,1.81
13/11/2017,0,0,4.8(-2.04 %),0,0,0,0,7369996,1.81
14/11/2017,0,0,4.7(-2.08 %),0,0,0,0,7369996,1.81
15/11/2017,0,0,4.8(2.13 %),0,0,0,0,7369996,1.81
16/11/2017,0,0,4.7(-2.08 %),0,0,0,0,7369996,1.81
17/11/2017,0,0,4.6(-2.13 %),0,0,0,0,7369996,1.81
20/11/2017,0,0,4.7(2.17 %),0,0,0,0,7369996,1.81
21/11/2017,0,0,4.8(2.13 %),0,0,0,0,7369996,1.81
22/11/2017,0,0,4.8(0.00 %),0,0,0,0,7369996,1.81
23/11/2017,0,0,4.8(0.00 %),0,0,0,0,7369996,1.81
24/11/2017,2000,9400000,4.7(-2.08 %),2000,9400000,0,0,7367996,1.82
27/11/2017,0,0,4.7(0.00 %),0,0,0,0,7367996,1.82
28/11/2017,0,0,4.6(-2.13 %),0,0,0,0,7367996,1.82
29/11/2017,0,0,4.8(4.35 %),0,0,0,0,7367996,1.82
30/11/2017,0,0,4.8(0.00 %),0,0,0,0,7367996,1.82
01/12/2017,0,0,4.9(2.08 %),0,0,0,0,7367996,1.82
04/12/2017,0,0,4.8(-2.04 %),0,0,0,0,7367996,1.82
05/12/2017,0,0,4.8(0.00 %),0,0,0,0,7367996,1.82
06/12/2017,0,0,4.7(-2.08 %),0,0,0,0,7367996,1.82
07/12/2017,0,0,4.6(-2.13 %),0,0,0,0,7367996,1.82
08/12/2017,0,0,5(8.70 %),0,0,0,0,7367996,1.82
11/12/2017,0,0,5.2(4.00 %),0,0,0,0,7367996,1.82
12/12/2017,0,0,5.2(0.00 %),0,0,0,0,7367996,1.82
13/12/2017,0,0,5.2(0.00 %),0,0,0,0,7367996,1.82
14/12/2017,0,0,5.5(5.77 %),0,0,0,0,7367996,1.82
15/12/2017,0,0,5.5(0.00 %),0,0,0,0,7367996,1.82
18/12/2017,0,0,5.3(-3.64 %),0,0,0,0,7367996,1.82
19/12/2017,0,0,5.4(1.89 %),0,0,0,0,7367996,1.82
20/12/2017,0,0,5.5(1.85 %),0,0,0,0,7367996,1.82
21/12/2017,0,0,5.6(1.82 %),0,0,0,0,7367996,1.82
22/12/2017,2600,14560000,5.6(0.00 %),2600,14560000,0,0,7365396,1.84
25/12/2017,0,0,5.7(1.79 %),0,0,0,0,7365396,1.84
26/12/2017,0,0,5.9(3.51 %),0,0,0,0,7365396,1.84
27/12/2017,-11448,-67524000,5.9(0.00 %),0,0,11448,67524000,7365396,1.84
28/12/2017,0,0,5.8(-1.69 %),0,0,0,0,7365396,1.84
29/12/2017,0,0,5.9(1.72 %),0,0,0,0,7365396,1.84
02/01/2018,0,0,6(1.69 %),0,0,0,0,7376844,1.77
03/01/2018,0,0,5.9(-1.67 %),0,0,0,0,7376844,1.77
04/01/2018,-100,-600000,6(1.69 %),0,0,100,600000,7376844,1.77
05/01/2018,0,0,6(0.00 %),0,0,0,0,7376844,1.77
08/01/2018,0,0,6.5(8.33 %),0,0,0,0,7376844,1.77
09/01/2018,0,0,6.4(-1.54 %),0,0,0,0,7376944,1.77
10/01/2018,0,0,6.4(0.00 %),0,0,0,0,7376944,1.77
11/01/2018,0,0,6.5(1.56 %),0,0,0,0,7376944,1.77
12/01/2018,0,0,6.3(-3.08 %),0,0,0,0,7376944,1.77
15/01/2018,0,0,6.3(0.00 %),0,0,0,0,7376944,1.77
16/01/2018,0,0,6.2(-1.59 %),0,0,0,0,7376944,1.77
17/01/2018,0,0,6(-3.23 %),0,0,0,0,7376944,1.77
18/01/2018,0,0,6.2(3.33 %),0,0,0,0,7376944,1.77
19/01/2018,0,0,6.3(1.61 %),0,0,0,0,7376944,1.77
22/01/2018,0,0,6.4(1.59 %),0,0,0,0,7376944,1.77
23/01/2018,0,0,6.4(0.00 %),0,0,0,0,7376944,1.77
24/01/2018,0,0,6.4(0.00 %),0,0,0,0,7376944,1.77
25/01/2018,0,0,6.4(0.00 %),0,0,0,0,7376944,1.77
26/01/2018,0,0,6.2(-3.12 %),0,0,0,0,7376944,1.77
29/01/2018,0,0,6.4(3.23 %),0,0,0,0,7376944,1.77
30/01/2018,0,0,6.2(-3.12 %),0,0,0,0,7376944,1.77
31/01/2018,0,0,6(-3.23 %),0,0,0,0,7376944,1.77
01/02/2018,0,0,6.2(3.33 %),0,0,0,0,7376944,1.77
02/02/2018,0,0,6(-3.23 %),0,0,0,0,7376944,1.77
05/02/2018,0,0,6.5(8.33 %),0,0,0,0,7376944,1.77
06/02/2018,0,0,6.3(-3.08 %),0,0,0,0,7376944,1.77
07/02/2018,0,0,6.5(3.17 %),0,0,0,0,7376944,1.77
08/02/2018,0,0,6.3(-3.08 %),0,0,0,0,7376944,1.77
09/02/2018,0,0,6.3(0.00 %),0,0,0,0,7376944,1.77
12/02/2018,0,0,6.5(3.17 %),0,0,0,0,7376944,1.77
13/02/2018,0,0,6.5(0.00 %),0,0,0,0,7376944,1.77
21/02/2018,0,0,6.9(6.15 %),0,0,0,0,7376944,1.77
22/02/2018,0,0,6.7(-2.90 %),0,0,0,0,7376944,1.77
23/02/2018,0,0,6.6(-1.49 %),0,0,0,0,7376944,1.77
26/02/2018,0,0,6.3(-4.55 %),0,0,0,0,7376944,1.77
27/02/2018,0,0,6.5(3.17 %),0,0,0,0,7376944,1.77
28/02/2018,0,0,6.8(4.62 %),0,0,0,0,7376944,1.77
01/03/2018,0,0,6.5(-4.41 %),0,0,0,0,7376944,1.77
02/03/2018,0,0,6(-7.69 %),0,0,0,0,7376944,1.77
05/03/2018,0,0,6.6(10.00 %),0,0,0,0,7376944,1.77
06/03/2018,-100,-660000,6.6(0.00 %),0,0,100,660000,7376944,1.77
07/03/2018,0,0,6.6(0.00 %),0,0,0,0,7376944,1.77
08/03/2018,0,0,6.7(1.52 %),0,0,0,0,7376944,1.77
09/03/2018,0,0,6.7(0.00 %),0,0,0,0,7377044,1.76
12/03/2018,0,0,6.4(-4.48 %),0,0,0,0,7377044,1.76
13/03/2018,0,0,6.8(6.25 %),0,0,0,0,7377044,1.76
14/03/2018,-32,-204800,6.6(-2.94 %),0,0,32,204800,7377044,1.76
15/03/2018,0,0,6.6(0.00 %),0,0,0,0,7377044,1.76
16/03/2018,0,0,6.7(1.52 %),0,0,0,0,7377044,1.76
19/03/2018,0,0,6.7(0.00 %),0,0,0,0,7377076,1.76
20/03/2018,0,0,6.8(1.49 %),0,0,0,0,7377076,1.76
21/03/2018,0,0,6.7(-1.47 %),0,0,0,0,7377076,1.76
22/03/2018,0,0,7.3(8.96 %),0,0,0,0,7377076,1.76
23/03/2018,0,0,7.4(1.37 %),0,0,0,0,7377076,1.76
26/03/2018,0,0,7.4(0.00 %),0,0,0,0,7377076,1.76
27/03/2018,0,0,7.3(-1.35 %),0,0,0,0,7377076,1.76
28/03/2018,0,0,7.4(1.37 %),0,0,0,0,7377076,1.76
29/03/2018,0,0,7.4(0.00 %),0,0,0,0,7377076,1.76
30/03/2018,0,0,6.9(-6.76 %),0,0,0,0,7377076,1.76
02/04/2018,0,0,6.9(0.00 %),0,0,0,0,7377076,1.76
03/04/2018,0,0,7.4(7.25 %),0,0,0,0,7377076,1.76
04/04/2018,0,0,7.4(0.00 %),0,0,0,0,7377076,1.76
05/04/2018,0,0,6.9(-6.76 %),0,0,0,0,7377076,1.76
06/04/2018,0,0,6.9(0.00 %),0,0,0,0,7377076,1.76
09/04/2018,0,0,7.2(4.35 %),0,0,0,0,7377076,1.76
10/04/2018,0,0,7.4(2.78 %),0,0,0,0,7377076,1.76
11/04/2018,0,0,7(-5.41 %),0,0,0,0,7377076,1.76
12/04/2018,0,0,7.2(2.86 %),0,0,0,0,7377076,1.76
13/04/2018,0,0,7.2(0.00 %),0,0,0,0,7377076,1.76
16/04/2018,0,0,7.3(1.39 %),0,0,0,0,7377076,1.76
17/04/2018,0,0,7(-4.11 %),0,0,0,0,7377076,1.76
18/04/2018,0,0,7.3(4.29 %),0,0,0,0,7377076,1.76
19/04/2018,0,0,7.2(-1.37 %),0,0,0,0,7377076,1.76
20/04/2018,0,0,7.3(1.39 %),0,0,0,0,7377076,1.76
23/04/2018,0,0,7.4(1.37 %),0,0,0,0,7377076,1.76
24/04/2018,0,0,7.4(0.00 %),0,0,0,0,7377076,1.76
26/04/2018,0,0,7.8(5.41 %),0,0,0,0,7377076,1.76
27/04/2018,0,0,7.2(-7.69 %),0,0,0,0,7377076,1.76
02/05/2018,0,0,7.3(1.39 %),0,0,0,0,7377076,1.76
03/05/2018,0,0,7.3(0.00 %),0,0,0,0,7377076,1.76
04/05/2018,0,0,7.7(5.48 %),0,0,0,0,7377076,1.76
07/05/2018,0,0,7.7(0.00 %),0,0,0,0,7377076,1.76
08/05/2018,0,0,7.2(-6.49 %),0,0,0,0,7377076,1.76
09/05/2018,0,0,7.3(1.39 %),0,0,0,0,7377076,1.76
10/05/2018,0,0,7.5(2.74 %),0,0,0,0,7377076,1.76
11/05/2018,0,0,7.3(-2.67 %),0,0,0,0,7377076,1.76
14/05/2018,0,0,7.3(0.00 %),0,0,0,0,7377076,1.76
15/05/2018,0,0,7.4(1.37 %),0,0,0,0,7377076,1.76
16/05/2018,0,0,7.4(0.00 %),0,0,0,0,7377076,1.76
17/05/2018,0,0,7.2(-2.70 %),0,0,0,0,7377076,1.76
18/05/2018,0,0,7.5(4.17 %),0,0,0,0,7377076,1.76
21/05/2018,0,0,7.3(-2.67 %),0,0,0,0,7377076,1.76
22/05/2018,0,0,7.2(-1.37 %),0,0,0,0,7377076,1.76
23/05/2018,0,0,7.8(8.33 %),0,0,0,0,7377076,1.76
24/05/2018,0,0,7.2(-7.69 %),0,0,0,0,7377076,1.76
25/05/2018,0,0,7.3(1.39 %),0,0,0,0,7377076,1.76
28/05/2018,0,0,8(9.59 %),0,0,0,0,7377076,1.76
29/05/2018,-50,-390000,8.4(5.00 %),0,0,50,390000,7377076,1.76
30/05/2018,0,0,8.4(0.00 %),0,0,0,0,7377076,1.76
31/05/2018,0,0,8.5(1.19 %),0,0,0,0,7377076,1.76
01/06/2018,0,0,7.9(-7.06 %),0,0,0,0,7377126,1.76
04/06/2018,0,0,8.2(3.80 %),0,0,0,0,7377126,1.76
05/06/2018,0,0,8.2(0.00 %),0,0,0,0,7377126,1.76
06/06/2018,0,0,8.9(8.54 %),0,0,0,0,7377126,1.76
07/06/2018,0,0,9.2(3.37 %),0,0,0,0,7377126,1.76
08/06/2018,0,0,9.7(5.43 %),0,0,0,0,7377126,1.76
11/06/2018,0,0,8.8(-9.28 %),0,0,0,0,7377126,1.76
12/06/2018,0,0,9(2.27 %),0,0,0,0,7377126,1.76
13/06/2018,0,0,8.1(-10.00 %),0,0,0,0,7377126,1.76
14/06/2018,0,0,8.8(8.64 %),0,0,0,0,7377126,1.76
15/06/2018,0,0,9.3(5.68 %),0,0,0,0,7377126,1.76
18/06/2018,0,0,9.4(1.08 %),0,0,0,0,7377126,1.76
19/06/2018,0,0,9.1(-3.19 %),0,0,0,0,7377126,1.76
20/06/2018,0,0,9.2(1.10 %),0,0,0,0,7377126,1.76
21/06/2018,0,0,9.3(1.09 %),0,0,0,0,7377126,1.76
22/06/2018,0,0,9.3(0.00 %),0,0,0,0,7377126,1.76
25/06/2018,0,0,9.3(0.00 %),0,0,0,0,7377126,1.76
26/06/2018,0,0,9.4(1.08 %),0,0,0,0,7377126,1.76
27/06/2018,0,0,9.3(-1.06 %),0,0,0,0,7377126,1.76
28/06/2018,0,0,9.3(0.00 %),0,0,0,0,7377126,1.76
29/06/2018,0,0,9(-3.23 %),0,0,0,0,7377126,1.76
02/07/2018,0,0,9.1(1.11 %),0,0,0,0,7377126,1.76
03/07/2018,0,0,8.8(-3.30 %),0,0,0,0,7377126,1.76
04/07/2018,0,0,8.8(0.00 %),0,0,0,0,7377126,1.76
05/07/2018,0,0,8.9(1.14 %),0,0,0,0,7377126,1.76
06/07/2018,-1000,-8400000,8.7(-2.25 %),0,0,1000,8400000,7377126,1.76
09/07/2018,0,0,7.9(-9.20 %),0,0,0,0,7377126,1.76
10/07/2018,0,0,8.2(3.80 %),0,0,0,0,7377126,1.76
11/07/2018,0,0,7.5(-8.54 %),0,0,0,0,7378126,1.76
12/07/2018,0,0,7.5(0.00 %),0,0,0,0,7378126,1.76
13/07/2018,0,0,7(-6.67 %),0,0,0,0,7378126,1.76
16/07/2018,0,0,7(0.00 %),0,0,0,0,7378126,1.76
17/07/2018,0,0,6.8(-2.86 %),0,0,0,0,7378126,1.76
18/07/2018,0,0,6.8(0.00 %),0,0,0,0,7378126,1.76
19/07/2018,0,0,6.8(0.00 %),0,0,0,0,7378126,1.76
20/07/2018,0,0,7.2(5.88 %),0,0,0,0,7378126,1.76
23/07/2018,0,0,7.1(-1.39 %),0,0,0,0,7378126,1.76
24/07/2018,0,0,6.7(-5.63 %),0,0,0,0,7378126,1.76
25/07/2018,0,0,7(4.48 %),0,0,0,0,7378126,1.76
26/07/2018,0,0,6.7(-4.29 %),0,0,0,0,7378126,1.76
27/07/2018,0,0,6.9(2.99 %),0,0,0,0,7378126,1.76
30/07/2018,0,0,6.9(0.00 %),0,0,0,0,7378126,1.76
31/07/2018,0,0,6.9(0.00 %),0,0,0,0,7378126,1.76
01/08/2018,0,0,6.7(-2.90 %),0,0,0,0,7378126,1.76
02/08/2018,0,0,6.9(2.99 %),0,0,0,0,7378126,1.76
03/08/2018,0,0,6.9(0.00 %),0,0,0,0,7378126,1.76
06/08/2018,0,0,6.5(-5.80 %),0,0,0,0,7378126,1.76
07/08/2018,0,0,6.8(4.62 %),0,0,0,0,7378126,1.76
08/08/2018,0,0,6.4(-5.88 %),0,0,0,0,7378126,1.76
09/08/2018,0,0,6.7(4.69 %),0,0,0,0,7378126,1.76
10/08/2018,0,0,6.7(0.00 %),0,0,0,0,7378126,1.76
13/08/2018,0,0,6.5(-2.99 %),0,0,0,0,7378126,1.76
14/08/2018,0,0,6.5(0.00 %),0,0,0,0,7378126,1.76
15/08/2018,0,0,6.4(-1.54 %),0,0,0,0,7378126,1.76
16/08/2018,0,0,6.5(1.56 %),0,0,0,0,7378126,1.76
17/08/2018,0,0,6.6(1.54 %),0,0,0,0,7378126,1.76
20/08/2018,0,0,6.5(-1.52 %),0,0,0,0,7378126,1.76
21/08/2018,300,1920000,6.4(-1.54 %),300,1920000,0,0,7377826,1.76
22/08/2018,0,0,6.5(1.56 %),0,0,0,0,7377823,1.76
23/08/2018,0,0,6.7(3.08 %),0,0,0,0,7377823,1.76
24/08/2018,0,0,7(4.48 %),0,0,0,0,7377823,1.76
27/08/2018,0,0,6.5(-7.14 %),0,0,0,0,7377823,1.76
28/08/2018,0,0,6.6(1.54 %),0,0,0,0,7377823,1.76
29/08/2018,0,0,6.8(3.03 %),0,0,0,0,7377823,1.76
30/08/2018,0,0,6.8(0.00 %),0,0,0,0,7377823,1.76
31/08/2018,0,0,7(2.94 %),0,0,0,0,7377823,1.76
04/09/2018,0,0,7.5(7.14 %),0,0,0,0,7377823,1.76
05/09/2018,0,0,7.2(-4.00 %),0,0,0,0,7377823,1.76
06/09/2018,0,0,7.5(4.17 %),0,0,0,0,7377823,1.76
07/09/2018,0,0,7.5(0.00 %),0,0,0,0,7377823,1.76
10/09/2018,0,0,6.9(-8.00 %),0,0,0,0,7377823,1.76
11/09/2018,0,0,7.1(2.90 %),0,0,0,0,7377823,1.76
12/09/2018,0,0,6.8(-4.23 %),0,0,0,0,7377823,1.76
13/09/2018,0,0,6.7(-1.47 %),0,0,0,0,7377823,1.76
14/09/2018,0,0,6.7(0.00 %),0,0,0,0,7377823,1.76
17/09/2018,0,0,6.3(-5.97 %),0,0,0,0,7377823,1.76
18/09/2018,0,0,6.7(6.35 %),0,0,0,0,7377823,1.76
19/09/2018,0,0,6.7(0.00 %),0,0,0,0,7377823,1.76
20/09/2018,0,0,6.7(0.00 %),0,0,0,0,7377823,1.76
21/09/2018,0,0,6.7(0.00 %),0,0,0,0,7377823,1.76
24/09/2018,0,0,6.9(2.99 %),0,0,0,0,7377823,1.76
25/09/2018,0,0,6.9(0.00 %),0,0,0,0,7377823,1.76
26/09/2018,0,0,6.9(0.00 %),0,0,0,0,7377823,1.76
27/09/2018,0,0,6.9(0.00 %),0,0,0,0,7377823,1.76
28/09/2018,0,0,6.9(0.00 %),0,0,0,0,7377823,1.76
01/10/2018,0,0,6.9(0.00 %),0,0,0,0,7377823,1.76
02/10/2018,0,0,6.9(0.00 %),0,0,0,0,7377823,1.76
03/10/2018,0,0,6.8(-1.45 %),0,0,0,0,7377823,1.76
04/10/2018,0,0,6.8(0.00 %),0,0,0,0,7377823,1.76
05/10/2018,0,0,7(2.94 %),0,0,0,0,7377823,1.76
08/10/2018,0,0,6.9(-1.43 %),0,0,0,0,7377823,1.76
09/10/2018,0,0,6.5(-5.80 %),0,0,0,0,7377823,1.76
10/10/2018,0,0,6.4(-1.54 %),0,0,0,0,7377823,1.76
11/10/2018,0,0,6.5(1.56 %),0,0,0,0,7377823,1.76
12/10/2018,0,0,7(7.69 %),0,0,0,0,7377823,1.76
15/10/2018,0,0,6.9(-1.43 %),0,0,0,0,7377823,1.76
16/10/2018,0,0,6.7(-2.90 %),0,0,0,0,7377823,1.76
17/10/2018,0,0,6.9(2.99 %),0,0,0,0,7377823,1.76
18/10/2018,0,0,6.7(-2.90 %),0,0,0,0,7377823,1.76
19/10/2018,0,0,6.8(1.49 %),0,0,0,0,7377823,1.76
22/10/2018,0,0,6.6(-2.94 %),0,0,0,0,7377823,1.76
23/10/2018,0,0,6.6(0.00 %),0,0,0,0,7377823,1.76
24/10/2018,0,0,6.6(0.00 %),0,0,0,0,7377823,1.76
25/10/2018,0,0,6.6(0.00 %),0,0,0,0,7377823,1.76
26/10/2018,0,0,6.6(0.00 %),0,0,0,0,7377823,1.76
29/10/2018,0,0,6.6(0.00 %),0,0,0,0,7377823,1.76
30/10/2018,0,0,6.6(0.00 %),0,0,0,0,7377823,1.76
31/10/2018,0,0,6.8(3.03 %),0,0,0,0,7377823,1.76
01/11/2018,0,0,6.6(-2.94 %),0,0,0,0,7377823,1.76
02/11/2018,0,0,7.2(9.09 %),0,0,0,0,7377823,1.76
05/11/2018,0,0,7.9(9.72 %),0,0,0,0,7377823,1.76
06/11/2018,0,0,7.5(-5.06 %),0,0,0,0,7377823,1.76
07/11/2018,0,0,7.3(-2.67 %),0,0,0,0,7377823,1.76
08/11/2018,0,0,7(-4.11 %),0,0,0,0,7377823,1.76
09/11/2018,0,0,7.1(1.43 %),0,0,0,0,7377823,1.76
12/11/2018,0,0,7.3(2.82 %),0,0,0,0,7377823,1.76
13/11/2018,0,0,7.2(-1.37 %),0,0,0,0,7377823,1.76
14/11/2018,0,0,7.2(0.00 %),0,0,0,0,7377823,1.76
15/11/2018,0,0,7.1(-1.39 %),0,0,0,0,7377823,1.76
16/11/2018,0,0,6.9(-2.82 %),0,0,0,0,7377823,1.76
19/11/2018,0,0,6.5(-5.80 %),0,0,0,0,7377823,1.76
20/11/2018,0,0,7.1(9.23 %),0,0,0,0,7377823,1.76
21/11/2018,0,0,7.6(7.04 %),0,0,0,0,7377823,1.76
22/11/2018,0,0,8.3(9.21 %),0,0,0,0,7377823,1.76
23/11/2018,0,0,9(8.43 %),0,0,0,0,7377823,1.76
26/11/2018,0,0,9(0.00 %),0,0,0,0,7377823,1.76
27/11/2018,0,0,9.9(10.00 %),0,0,0,0,7377823,1.76
28/11/2018,0,0,9.4(-5.05 %),0,0,0,0,7377823,1.76
29/11/2018,0,0,9.2(-2.13 %),0,0,0,0,7377823,1.76
03/12/2018,0,0,9.9(6.45 %),0,0,0,0,7377823,1.76
04/12/2018,0,0,9.7(-2.02 %),0,0,0,0,7377823,1.76
05/12/2018,0,0,10(3.09 %),0,0,0,0,7377823,1.76
06/12/2018,0,0,9.7(-3.00 %),0,0,0,0,7377823,1.76
07/12/2018,0,0,10.1(4.12 %),0,0,0,0,7377823,1.76
10/12/2018,0,0,9.9(-1.98 %),0,0,0,0,7377823,1.76
11/12/2018,0,0,10.1(2.02 %),0,0,0,0,7377823,1.76
12/12/2018,0,0,10.4(2.97 %),0,0,0,0,7377823,1.76
13/12/2018,0,0,10.4(0.00 %),0,0,0,0,7377823,1.76
14/12/2018,0,0,10.2(-1.92 %),0,0,0,0,7377823,1.76
17/12/2018,0,0,9.6(-5.88 %),0,0,0,0,7377823,1.76
18/12/2018,0,0,9.6(0.00 %),0,0,0,0,7377823,1.76
19/12/2018,0,0,9.9(3.12 %),0,0,0,0,7377823,1.76
20/12/2018,0,0,9.8(-1.01 %),0,0,0,0,7377823,1.76
21/12/2018,0,0,9.7(-1.02 %),0,0,0,0,7377823,1.76
24/12/2018,-50,-465000,9.8(1.03 %),0,0,50,465000,7377823,1.76
25/12/2018,0,0,9.4(-4.08 %),0,0,0,0,7377823,1.76
26/12/2018,0,0,9.1(-3.19 %),0,0,0,0,7377823,1.76
27/12/2018,0,0,9.5(4.40 %),0,0,0,0,7377873,1.76
28/12/2018,0,0,9.4(-1.05 %),0,0,0,0,7377873,1.76
02/01/2019,0,0,9.4(0.00 %),0,0,0,0,7377873,1.76
03/01/2019,0,0,9.1(-3.19 %),0,0,0,0,7377873,1.76
04/01/2019,0,0,9.2(1.10 %),0,0,0,0,7377873,1.76
07/01/2019,0,0,9.2(0.00 %),0,0,0,0,7377873,1.76
08/01/2019,-600,-5220000,8.7(-5.43 %),0,0,600,5220000,7378473,1.76
09/01/2019,-72,-604800,9.1(4.60 %),0,0,72,604800,7378545,1.76
10/01/2019,0,0,9(-1.10 %),0,0,0,0,7378545,1.76
11/01/2019,0,0,9.7(7.78 %),0,0,0,0,7378545,1.76
14/01/2019,0,0,9.5(-2.06 %),0,0,0,0,7378545,1.76
15/01/2019,0,0,9.6(1.05 %),0,0,0,0,7378545,1.76
16/01/2019,0,0,8.9(-7.29 %),0,0,0,0,7378545,1.76
17/01/2019,0,0,8.8(-1.12 %),0,0,0,0,7378545,1.76
18/01/2019,0,0,8.7(-1.14 %),0,0,0,0,7378545,1.76
21/01/2019,0,0,9(3.45 %),0,0,0,0,7378545,0.0
22/01/2019,0,0,8.3(-7.78 %),0,0,0,0,7378545,1.76
23/01/2019,0,0,8.9(7.23 %),0,0,0,0,7378545,1.76
24/01/2019,0,0,8.2(-7.87 %),0,0,0,0,7378545,0.0
25/01/2019,0,0,8.2(0.00 %),0,0,0,0,7378545,1.76
28/01/2019,0,0,8.4(2.44 %),0,0,0,0,7378545,0.0
29/01/2019,0,0,8.4(0.00 %),0,0,0,0,7378545,1.76
30/01/2019,0,0,8.4(0.00 %),0,0,0,0,7378545,0.0
31/01/2019,0,0,8.4(0.00 %),0,0,0,0,7378545,1.76
01/02/2019,0,0,8.3(-1.19 %),0,0,0,0,7378545,1.76
11/02/2019,0,0,8.3(0.00 %),0,0,0,0,7378545,1.76
12/02/2019,0,0,8.6(3.61 %),0,0,0,0,7378545,1.76
13/02/2019,0,0,8.6(0.00 %),0,0,0,0,7378545,1.76
14/02/2019,0,0,8.2(-4.65 %),0,0,0,0,7378545,1.76
15/02/2019,0,0,8.5(3.66 %),0,0,0,0,7378545,1.76
18/02/2019,0,0,8.5(0.00 %),0,0,0,0,7378545,1.76
19/02/2019,0,0,9(5.88 %),0,0,0,0,7378545,1.76
20/02/2019,0,0,8.3(-7.78 %),0,0,0,0,7378545,1.76
21/02/2019,0,0,8.1(-2.41 %),0,0,0,0,7378545,1.76
22/02/2019,0,0,8.1(0.00 %),0,0,0,0,7378545,0.0
25/02/2019,0,0,7.9(-2.47 %),0,0,0,0,7378545,1.76
26/02/2019,0,0,8.1(2.53 %),0,0,0,0,7378545,1.76
27/02/2019,0,0,8.2(1.23 %),0,0,0,0,7378545,1.76
28/02/2019,0,0,7.9(-3.66 %),0,0,0,0,7378545,1.76
01/03/2019,0,0,8.4(6.33 %),0,0,0,0,7378545,1.76
04/03/2019,0,0,8.4(0.00 %),0,0,0,0,7378545,1.76
05/03/2019,0,0,8.4(0.00 %),0,0,0,0,7378545,0.0
06/03/2019,0,0,8(-4.76 %),0,0,0,0,7378545,1.76
07/03/2019,0,0,7.8(-2.50 %),0,0,0,0,7378545,0.0
08/03/2019,0,0,8(2.56 %),0,0,0,0,7378545,0.0
11/03/2019,0,0,7.9(-1.25 %),0,0,0,0,7378545,0.0
12/03/2019,0,0,8.6(8.86 %),0,0,0,0,7378545,1.76
13/03/2019,0,0,8.5(-1.16 %),0,0,0,0,7378545,1.76
14/03/2019,0,0,8.5(0.00 %),0,0,0,0,7378545,1.76
15/03/2019,0,0,8.3(-2.35 %),0,0,0,0,7378545,0.0
18/03/2019,0,0,8.1(-2.41 %),0,0,0,0,7378545,1.76
19/03/2019,0,0,8.4(3.70 %),0,0,0,0,7378545,1.76
20/03/2019,0,0,9.1(8.33 %),0,0,0,0,7378545,0.0
21/03/2019,0,0,9(-1.10 %),0,0,0,0,7378545,1.76
22/03/2019,0,0,8.9(-1.11 %),0,0,0,0,7378545,1.76
25/03/2019,0,0,8.7(-2.25 %),0,0,0,0,7378545,0.0
26/03/2019,0,0,8.3(-4.60 %),0,0,0,0,7378545,1.76
27/03/2019,0,0,8.3(0.00 %),0,0,0,0,7378545,1.76
28/03/2019,0,0,8.3(0.00 %),0,0,0,0,7378545,1.76
29/03/2019,0,0,8.6(3.61 %),0,0,0,0,7378545,1.76
01/04/2019,0,0,8.3(-3.49 %),0,0,0,0,7378545,1.76
02/04/2019,0,0,8.6(3.61 %),0,0,0,0,7378545,1.76
03/04/2019,0,0,8.4(-2.33 %),0,0,0,0,7378545,1.76
04/04/2019,0,0,8.4(0.00 %),0,0,0,0,7378545,1.76
05/04/2019,0,0,8.4(0.00 %),0,0,0,0,7378545,1.76
08/04/2019,0,0,8.9(5.95 %),0,0,0,0,7378545,1.76
09/04/2019,0,0,8.9(0.00 %),0,0,0,0,7378545,1.76
10/04/2019,0,0,8.2(-7.87 %),0,0,0,0,7378545,1.76
11/04/2019,0,0,8.2(0.00 %),0,0,0,0,7378545,1.76
12/04/2019,0,0,7.9(-3.66 %),0,0,0,0,7378545,1.76
16/04/2019,0,0,8(1.27 %),0,0,0,0,7378545,0.0
17/04/2019,0,0,8(0.00 %),0,0,0,0,7378545,1.76
18/04/2019,0,0,8.6(7.50 %),0,0,0,0,7378545,1.76
19/04/2019,0,0,8.4(-2.33 %),0,0,0,0,7378545,1.76
22/04/2019,-12786,-98679400,8.1(-3.57 %),0,0,12786,98679400,7391331,1.67
23/04/2019,0,0,7.9(-2.47 %),0,0,0,0,7391331,1.67
24/04/2019,0,0,7.8(-1.27 %),0,0,0,0,7391331,1.67
25/04/2019,0,0,7.7(-1.28 %),0,0,0,0,7391331,1.67
26/04/2019,0,0,7.7(0.00 %),0,0,0,0,7391331,1.67
02/05/2019,0,0,8.2(6.49 %),0,0,0,0,7391331,0.0
03/05/2019,0,0,7.7(-6.10 %),0,0,0,0,7391331,1.67
06/05/2019,0,0,8.3(7.79 %),0,0,0,0,7391331,1.67
07/05/2019,0,0,8.2(-1.20 %),0,0,0,0,7391331,1.67
08/05/2019,0,0,8.2(0.00 %),0,0,0,0,7391331,1.67
09/05/2019,0,0,8.1(-1.22 %),0,0,0,0,7391331,1.67
10/05/2019,0,0,7.9(-2.47 %),0,0,0,0,7391331,1.67
13/05/2019,0,0,8(1.27 %),0,0,0,0,7391331,1.67
14/05/2019,0,0,7.9(-1.25 %),0,0,0,0,7391331,1.67
15/05/2019,0,0,7.6(-3.80 %),0,0,0,0,7391331,1.67
16/05/2019,0,0,8(5.26 %),0,0,0,0,7391331,1.67
17/05/2019,0,0,7.6(-5.00 %),0,0,0,0,7391331,1.67
20/05/2019,0,0,7.8(2.63 %),0,0,0,0,7391331,1.67
27/05/2019,0,0,7(-7.89 %),0,0,0,0,7391331,1.67
28/05/2019,0,0,6.9(-1.43 %),0,0,0,0,7391331,1.67
29/05/2019,0,0,6.8(-1.45 %),0,0,0,0,7391331,1.67
30/05/2019,0,0,7.2(5.88 %),0,0,0,0,7391331,1.67
31/05/2019,0,0,7.2(0.00 %),0,0,0,0,7391331,1.67
03/06/2019,0,0,7.9(9.72 %),0,0,0,0,7391331,1.67
04/06/2019,0,0,8.1(2.53 %),0,0,0,0,7391331,1.67
05/06/2019,0,0,7.3(-9.88 %),0,0,0,0,7391331,1.67
06/06/2019,0,0,7.2(-1.37 %),0,0,0,0,7391331,1.67
07/06/2019,0,0,7.2(0.00 %),0,0,0,0,7391331,1.67
10/06/2019,0,0,6.8(-5.56 %),0,0,0,0,7391331,1.67
11/06/2019,0,0,7(2.94 %),0,0,0,0,7391331,1.67
12/06/2019,0,0,7.4(5.71 %),0,0,0,0,7391331,1.67
13/06/2019,0,0,7.2(-2.70 %),0,0,0,0,7391331,1.67
14/06/2019,0,0,7(-2.78 %),0,0,0,0,7391331,1.67
17/06/2019,0,0,7.2(2.86 %),0,0,0,0,7391331,1.67
18/06/2019,0,0,7.8(8.33 %),0,0,0,0,7391331,1.67
19/06/2019,0,0,7.5(-3.85 %),0,0,0,0,7391331,1.67
20/06/2019,0,0,7.1(-5.33 %),0,0,0,0,7391331,1.67
21/06/2019,0,0,7.2(1.41 %),0,0,0,0,7391331,1.67
24/06/2019,0,0,7.6(5.56 %),0,0,0,0,7391331,1.67
25/06/2019,0,0,7.8(2.63 %),0,0,0,0,7391331,1.67
26/06/2019,0,0,7.1(-8.97 %),0,0,0,0,7391331,1.67
27/06/2019,0,0,6.9(-2.82 %),0,0,0,0,7391331,1.67
28/06/2019,0,0,6.9(0.00 %),0,0,0,0,7391331,0.0
01/07/2019,0,0,6.5(-5.80 %),0,0,0,0,7391331,1.67
02/07/2019,0,0,6.5(0.00 %),0,0,0,0,7391331,1.67
03/07/2019,0,0,5.9(-9.23 %),0,0,0,0,7391331,1.67
04/07/2019,0,0,5.4(-8.47 %),0,0,0,0,7391331,0.0
05/07/2019,0,0,5.7(5.56 %),0,0,0,0,7391331,1.67
08/07/2019,0,0,5.6(-1.75 %),0,0,0,0,7391331,1.67
09/07/2019,0,0,5.6(0.00 %),0,0,0,0,7391331,1.67
10/07/2019,0,0,5.6(0.00 %),0,0,0,0,7391331,1.67
11/07/2019,0,0,5.8(3.57 %),0,0,0,0,7391331,1.67
12/07/2019,0,0,6.3(8.62 %),0,0,0,0,7391331,1.67
15/07/2019,0,0,6.9(9.52 %),0,0,0,0,7391331,1.67
16/07/2019,0,0,7.1(2.90 %),0,0,0,0,7391331,1.67
17/07/2019,0,0,6.9(-2.82 %),0,0,0,0,7391331,1.67
18/07/2019,0,0,6.5(-5.80 %),0,0,0,0,7391331,1.67
19/07/2019,0,0,6.6(1.54 %),0,0,0,0,7391331,1.67
22/07/2019,0,0,6.8(3.03 %),0,0,0,0,7391331,1.67
23/07/2019,0,0,6.6(-2.94 %),0,0,0,0,7391331,1.67
24/07/2019,0,0,6.5(-1.52 %),0,0,0,0,7391331,1.67
25/07/2019,0,0,6.4(-1.54 %),0,0,0,0,7391331,1.67
26/07/2019,-3000,-19200000,6.5(1.56 %),0,0,3000,19200000,7394331,1.65
29/07/2019,0,0,6(-7.69 %),0,0,0,0,7394331,1.65
30/07/2019,0,0,6(0.00 %),0,0,0,0,7394331,1.65
31/07/2019,0,0,6.3(5.00 %),0,0,0,0,7394331,1.65
01/08/2019,0,0,6(-4.76 %),0,0,0,0,7394331,1.65
02/08/2019,0,0,6(0.00 %),0,0,0,0,7394331,1.65
05/08/2019,0,0,5.9(-1.67 %),0,0,0,0,7394331,1.65
06/08/2019,0,0,5.9(0.00 %),0,0,0,0,7394331,1.65
07/08/2019,0,0,6.1(3.39 %),0,0,0,0,7394331,1.65
08/08/2019,0,0,6.1(0.00 %),0,0,0,0,7394331,1.65
09/08/2019,0,0,6(-1.64 %),0,0,0,0,7394331,1.65
12/08/2019,0,0,6(0.00 %),0,0,0,0,7394331,1.65
13/08/2019,0,0,5.8(-3.33 %),0,0,0,0,7394331,0.0
14/08/2019,0,0,5.9(1.72 %),0,0,0,0,7394331,0.0
15/08/2019,0,0,5.9(0.00 %),0,0,0,0,7394331,0.0
16/08/2019,0,0,5.9(0.00 %),0,0,0,0,7394331,1.65
19/08/2019,0,0,5.8(-1.69 %),0,0,0,0,7394331,1.65
20/08/2019,0,0,5.8(0.00 %),0,0,0,0,7394331,1.65
21/08/2019,0,0,6(3.45 %),0,0,0,0,7394331,1.65
22/08/2019,0,0,6(0.00 %),0,0,0,0,7394331,1.65
23/08/2019,0,0,5.9(-1.67 %),0,0,0,0,7394331,1.65
26/08/2019,0,0,5.8(-1.69 %),0,0,0,0,7394331,1.65
27/08/2019,0,0,5.7(-1.72 %),0,0,0,0,7394331,1.65
28/08/2019,0,0,5.7(0.00 %),0,0,0,0,7394331,0.0
29/08/2019,0,0,6(5.26 %),0,0,0,0,7394331,1.65
30/08/2019,0,0,5.8(-3.33 %),0,0,0,0,7394331,1.65
03/09/2019,0,0,5.8(0.00 %),0,0,0,0,7394331,1.65
04/09/2019,0,0,5.7(-1.72 %),0,0,0,0,7394331,1.65
05/09/2019,0,0,5.8(1.75 %),0,0,0,0,7394331,1.65
06/09/2019,0,0,5.7(-1.72 %),0,0,0,0,7394331,1.65
09/09/2019,0,0,5.8(1.75 %),0,0,0,0,7394331,1.65
10/09/2019,0,0,5.6(-3.45 %),0,0,0,0,7394331,1.65
11/09/2019,0,0,6(7.14 %),0,0,0,0,7394331,1.65
12/09/2019,0,0,5.5(-8.33 %),0,0,0,0,7394331,1.65
13/09/2019,0,0,5.7(3.64 %),0,0,0,0,7394331,0.0
16/09/2019,0,0,6(5.26 %),0,0,0,0,7394331,1.65
17/09/2019,0,0,5.6(-6.67 %),0,0,0,0,7394331,1.65
18/09/2019,0,0,5.6(0.00 %),0,0,0,0,7394331,1.65
19/09/2019,0,0,5.6(0.00 %),0,0,0,0,7394331,1.65
20/09/2019,0,0,5.6(0.00 %),0,0,0,0,7394331,1.65
23/09/2019,0,0,5.6(0.00 %),0,0,0,0,7394331,1.65
24/09/2019,0,0,5.6(0.00 %),0,0,0,0,7394331,1.65
25/09/2019,0,0,5.4(-3.57 %),0,0,0,0,7394331,1.65
26/09/2019,0,0,5.5(1.85 %),0,0,0,0,7394331,1.65
27/09/2019,0,0,5.4(-1.82 %),0,0,0,0,7394331,1.65
30/09/2019,0,0,5.6(3.70 %),0,0,0,0,7394331,1.65
01/10/2019,0,0,5.4(-3.57 %),0,0,0,0,7394331,1.65
02/10/2019,0,0,5.4(0.00 %),0,0,0,0,7394331,1.65
03/10/2019,0,0,5.6(3.70 %),0,0,0,0,7394331,1.65
04/10/2019,0,0,5.5(-1.79 %),0,0,0,0,7394331,1.65
07/10/2019,0,0,5.4(-1.82 %),0,0,0,0,7394331,1.65
08/10/2019,0,0,5.6(3.70 %),0,0,0,0,7394331,1.65
09/10/2019,0,0,5.4(-3.57 %),0,0,0,0,7394331,1.65
10/10/2019,0,0,5.2(-3.70 %),0,0,0,0,7394331,1.65
11/10/2019,0,0,5.7(9.62 %),0,0,0,0,7394331,1.65
14/10/2019,0,0,5.5(-3.51 %),0,0,0,0,7394331,1.65
15/10/2019,0,0,5.5(0.00 %),0,0,0,0,7394331,1.65
16/10/2019,0,0,5.3(-3.64 %),0,0,0,0,7394331,1.65
17/10/2019,0,0,5.8(9.43 %),0,0,0,0,7394331,1.65
18/10/2019,0,0,5.3(-8.62 %),0,0,0,0,7394331,1.65
21/10/2019,0,0,5.1(-3.77 %),0,0,0,0,7394331,1.65
22/10/2019,0,0,5.4(5.88 %),0,0,0,0,7394331,1.65
23/10/2019,0,0,5.4(0.00 %),0,0,0,0,7394331,1.65
24/10/2019,0,0,5.5(1.85 %),0,0,0,0,7394331,1.65
25/10/2019,0,0,5.6(1.82 %),0,0,0,0,7394331,1.65
28/10/2019,0,0,5.3(-5.36 %),0,0,0,0,7394331,1.65
29/10/2019,0,0,5.3(0.00 %),0,0,0,0,7394331,1.65
30/10/2019,0,0,5.3(0.00 %),0,0,0,0,7394331,1.65
31/10/2019,0,0,5.3(0.00 %),0,0,0,0,7394331,1.65
01/11/2019,0,0,5.3(0.00 %),0,0,0,0,7394331,1.65
04/11/2019,0,0,5.3(0.00 %),0,0,0,0,7394331,1.65
05/11/2019,0,0,5.3(0.00 %),0,0,0,0,7394331,1.65
06/11/2019,0,0,5.1(-3.77 %),0,0,0,0,7394331,1.65
07/11/2019,0,0,5.1(0.00 %),0,0,0,0,7394331,1.65
08/11/2019,0,0,5.1(0.00 %),0,0,0,0,7394331,1.65
11/11/2019,0,0,4.9(-3.92 %),0,0,0,0,7394331,1.65
12/11/2019,0,0,5.2(6.12 %),0,0,0,0,7394331,1.65
13/11/2019,0,0,5.2(0.00 %),0,0,0,0,7394331,1.65
14/11/2019,0,0,5.1(-1.92 %),0,0,0,0,7394331,1.65
15/11/2019,0,0,5.2(1.96 %),0,0,0,0,7394331,1.65
18/11/2019,0,0,5(-3.85 %),0,0,0,0,7394331,1.65
19/11/2019,0,0,5(0.00 %),0,0,0,0,7394331,1.65
20/11/2019,0,0,5.2(4.00 %),0,0,0,0,7394331,1.65
21/11/2019,0,0,5.2(0.00 %),0,0,0,0,7394331,1.65
22/11/2019,0,0,4.9(-5.77 %),0,0,0,0,7394331,1.65
25/11/2019,0,0,4.8(-2.04 %),0,0,0,0,7394331,1.65
26/11/2019,0,0,4.7(-2.08 %),0,0,0,0,7394331,1.65
27/11/2019,0,0,4.7(0.00 %),0,0,0,0,7394331,1.65
28/11/2019,0,0,4.7(0.00 %),0,0,0,0,7394331,1.65
29/11/2019,0,0,4.7(0.00 %),0,0,0,0,7394331,1.65
02/12/2019,0,0,4.7(0.00 %),0,0,0,0,7394331,1.65
03/12/2019,0,0,4.6(-2.13 %),0,0,0,0,7394331,1.65
04/12/2019,0,0,4.6(0.00 %),0,0,0,0,7394331,0.0
05/12/2019,0,0,4.8(4.35 %),0,0,0,0,7394331,1.65
06/12/2019,0,0,4.6(-4.17 %),0,0,0,0,7394331,1.65
09/12/2019,0,0,4.5(-2.17 %),0,0,0,0,7394331,1.65
10/12/2019,0,0,4.4(-2.22 %),0,0,0,0,7394331,1.65
11/12/2019,0,0,4.5(2.27 %),0,0,0,0,7394331,1.65
12/12/2019,0,0,4.5(0.00 %),0,0,0,0,7394331,1.65
13/12/2019,0,0,4.5(0.00 %),0,0,0,0,7394331,1.65
16/12/2019,0,0,4.4(-2.22 %),0,0,0,0,7394331,1.65
17/12/2019,0,0,4.4(0.00 %),0,0,0,0,7394331,1.65
18/12/2019,0,0,4.5(2.27 %),0,0,0,0,7394331,1.65
19/12/2019,0,0,4.5(0.00 %),0,0,0,0,7394331,1.65
20/12/2019,0,0,4.4(-2.22 %),0,0,0,0,7394331,1.65
23/12/2019,0,0,4.3(-2.27 %),0,0,0,0,7394331,0.0
24/12/2019,0,0,4.4(2.33 %),0,0,0,0,7394331,1.65
25/12/2019,0,0,4(-9.09 %),0,0,0,0,7394331,1.65
26/12/2019,0,0,4.2(5.00 %),0,0,0,0,7394331,1.65
27/12/2019,-300,-1170000,3.9(-7.14 %),0,0,300,1170000,7394631,1.65
30/12/2019,0,0,3.8(-2.56 %),0,0,0,0,7394631,1.65
31/12/2019,0,0,3.7(-2.63 %),0,0,0,0,7394631,1.65
02/01/2020,0,0,3.7(0.00 %),0,0,0,0,7394631,1.65
03/01/2020,0,0,3.8(2.70 %),0,0,0,0,7394631,1.65
06/01/2020,0,0,3.7(-2.63 %),0,0,0,0,7394631,1.65
07/01/2020,0,0,3.7(0.00 %),0,0,0,0,7394631,1.65
08/01/2020,0,0,3.7(0.00 %),0,0,0,0,7394631,1.65
09/01/2020,0,0,3.7(0.00 %),0,0,0,0,7394631,1.65
10/01/2020,0,0,3.7(0.00 %),0,0,0,0,7394631,1.65
13/01/2020,0,0,3.7(0.00 %),0,0,0,0,7394631,1.65
14/01/2020,0,0,3.9(5.41 %),0,0,0,0,7394631,1.65
15/01/2020,0,0,3.7(-5.13 %),0,0,0,0,7394631,1.65
16/01/2020,0,0,3.7(0.00 %),0,0,0,0,7394631,1.65
17/01/2020,0,0,3.7(0.00 %),0,0,0,0,7394631,1.65
20/01/2020,0,0,3.7(0.00 %),0,0,0,0,7394631,1.65
21/01/2020,0,0,3.8(2.70 %),0,0,0,0,7394631,1.65
22/01/2020,0,0,3.6(-5.26 %),0,0,0,0,7394631,1.65
30/01/2020,0,0,3.9(8.33 %),0,0,0,0,7394631,1.65
31/01/2020,0,0,3.9(0.00 %),0,0,0,0,7394631,1.65
03/02/2020,0,0,3.9(0.00 %),0,0,0,0,7394631,1.65
04/02/2020,0,0,3.9(0.00 %),0,0,0,0,7394631,1.65
05/02/2020,0,0,3.6(-7.69 %),0,0,0,0,7394631,1.65
06/02/2020,0,0,3.6(0.00 %),0,0,0,0,7394631,1.65
07/02/2020,0,0,3.7(2.78 %),0,0,0,0,7394631,1.65
10/02/2020,0,0,3.7(0.00 %),0,0,0,0,7394631,1.65
11/02/2020,0,0,3.8(2.70 %),0,0,0,0,7394631,1.65
12/02/2020,2100,8430000,3.9(2.63 %),2100,8430000,0,0,7392531,1.67
13/02/2020,-2100,-7560000,4(2.56 %),0,0,2100,7560000,7394631,1.65
14/02/2020,0,0,3.6(-10.00 %),0,0,0,0,7394631,1.65
17/02/2020,0,0,3.6(0.00 %),0,0,0,0,7394631,1.65
18/02/2020,0,0,3.4(-5.56 %),0,0,0,0,7394631,1.65
19/02/2020,0,0,3.4(0.00 %),0,0,0,0,7394631,1.65
20/02/2020,0,0,3.5(2.94 %),0,0,0,0,7394631,1.65
21/02/2020,-2100,-7020000,3.4(-2.86 %),0,0,2100,7020000,7396731,0.0
24/02/2020,0,0,3.7(8.82 %),0,0,0,0,7396731,0.0
25/02/2020,0,0,3.7(0.00 %),0,0,0,0,7396731,1.64
26/02/2020,0,0,3.4(-8.11 %),0,0,0,0,7396731,1.64
27/02/2020,0,0,3.7(8.82 %),0,0,0,0,7396731,1.64
28/02/2020,0,0,3.5(-5.41 %),0,0,0,0,7396731,1.64
02/03/2020,0,0,3.5(0.00 %),0,0,0,0,7396731,0.0
03/03/2020,0,0,3.4(-2.86 %),0,0,0,0,7396731,1.64
04/03/2020,0,0,3.7(8.82 %),0,0,0,0,7396731,1.64
05/03/2020,0,0,3.7(0.00 %),0,0,0,0,7396731,1.64
06/03/2020,0,0,3.7(0.00 %),0,0,0,0,7396731,1.64
09/03/2020,0,0,3.7(0.00 %),0,0,0,0,7396731,1.64
10/03/2020,0,0,3.5(-5.41 %),0,0,0,0,7396731,1.64
11/03/2020,0,0,3.2(-8.57 %),0,0,0,0,7396731,1.64
12/03/2020,0,0,3.2(0.00 %),0,0,0,0,7396731,1.64
13/03/2020,0,0,3.2(0.00 %),0,0,0,0,7396731,1.64
16/03/2020,0,0,3.5(9.37 %),0,0,0,0,7396731,1.64
17/03/2020,0,0,3.8(8.57 %),0,0,0,0,7396731,1.64
18/03/2020,0,0,4.1(7.89 %),0,0,0,0,7396731,1.64
19/03/2020,0,0,4.1(0.00 %),0,0,0,0,7396731,1.64
20/03/2020,0,0,4(-2.44 %),0,0,0,0,7396731,1.64
23/03/2020,0,0,3.6(-10.00 %),0,0,0,0,7396731,1.64
24/03/2020,0,0,3.9(8.33 %),0,0,0,0,7396731,1.64
25/03/2020,0,0,4(2.56 %),0,0,0,0,7396731,1.64
26/03/2020,0,0,4.1(2.50 %),0,0,0,0,7396731,1.64
27/03/2020,0,0,4(-2.44 %),0,0,0,0,7396731,1.64
30/03/2020,0,0,3.6(-10.00 %),0,0,0,0,7396731,1.64
31/03/2020,0,0,3.9(8.33 %),0,0,0,0,7396731,0.0
01/04/2020,0,0,3.9(0.00 %),0,0,0,0,7396731,1.64
03/04/2020,0,0,3.8(-2.56 %),0,0,0,0,7396731,1.64
06/04/2020,0,0,4.1(7.89 %),0,0,0,0,7396731,1.64
07/04/2020,0,0,4(-2.44 %),0,0,0,0,7396731,1.64
08/04/2020,0,0,3.7(-7.50 %),0,0,0,0,7396731,1.64
09/04/2020,0,0,4(8.11 %),0,0,0,0,7396731,1.64
10/04/2020,0,0,3.9(-2.50 %),0,0,0,0,7396731,0.0
13/04/2020,0,0,3.9(0.00 %),0,0,0,0,7396731,1.64
14/04/2020,0,0,3.9(0.00 %),0,0,0,0,7396731,1.64
15/04/2020,0,0,3.9(0.00 %),0,0,0,0,7396731,1.64
16/04/2020,0,0,3.9(0.00 %),0,0,0,0,7396731,1.64
17/04/2020,0,0,3.9(0.00 %),0,0,0,0,7396731,1.64
20/04/2020,0,0,3.9(0.00 %),0,0,0,0,7396731,1.64
21/04/2020,0,0,3.6(-7.69 %),0,0,0,0,7396731,1.64
22/04/2020,0,0,3.9(8.33 %),0,0,0,0,7396731,1.64
23/04/2020,0,0,3.7(-5.13 %),0,0,0,0,7396731,1.64
24/04/2020,0,0,3.7(0.00 %),0,0,0,0,7396731,1.64
28/04/2020,0,0,4(0.00 %),0,0,0,0,7396731,1.64
29/04/2020,0,0,4(0.00 %),0,0,0,0,7396731,1.64
04/05/2020,0,0,4(0.00 %),0,0,0,0,7396731,1.64
05/05/2020,0,0,4(0.00 %),0,0,0,0,7396731,1.64
06/05/2020,0,0,4(0.00 %),0,0,0,0,7396731,1.64
07/05/2020,0,0,4(0.00 %),0,0,0,0,7396731,1.64
08/05/2020,0,0,4(0.00 %),0,0,0,0,7396731,1.64
11/05/2020,0,0,3.8(-5.00 %),0,0,0,0,7396731,0.0
12/05/2020,0,0,4.1(7.89 %),0,0,0,0,7396731,1.64
13/05/2020,0,0,4.1(0.00 %),0,0,0,0,7396731,1.64
14/05/2020,400,1640000,4.1(0.00 %),400,1640000,0,0,7396331,1.64
15/05/2020,0,0,3.8(-7.32 %),0,0,0,0,7396331,0.0
18/05/2020,0,0,3.8(0.00 %),0,0,0,0,7396331,1.64
19/05/2020,0,0,4.1(7.89 %),0,0,0,0,7396331,1.64
20/05/2020,0,0,4.1(0.00 %),0,0,0,0,7396331,1.64
21/05/2020,0,0,4.1(0.00 %),0,0,0,0,7396331,1.64
22/05/2020,0,0,4.1(0.00 %),0,0,0,0,7396331,1.64
25/05/2020,0,0,3.9(-4.88 %),0,0,0,0,7396331,1.64
26/05/2020,0,0,3.7(-5.13 %),0,0,0,0,7396331,1.64
28/05/2020,0,0,4(0.00 %),0,0,0,0,7396331,1.64
29/05/2020,0,0,4.4(10.00 %),0,0,0,0,7396331,0.0
01/06/2020,0,0,4.1(-6.82 %),0,0,0,0,7396331,1.64
02/06/2020,0,0,4.1(0.00 %),0,0,0,0,7396331,1.64
03/06/2020,0,0,4.1(0.00 %),0,0,0,0,7396331,1.64
04/06/2020,0,0,4.3(4.88 %),0,0,0,0,7396331,1.64
05/06/2020,0,0,3.9(-9.30 %),0,0,0,0,7396331,1.64
08/06/2020,0,0,4.2(7.69 %),0,0,0,0,7396331,0.0
09/06/2020,0,0,4.2(0.00 %),0,0,0,0,7396331,0.0
10/06/2020,0,0,4.2(0.00 %),0,0,0,0,7396331,1.64
11/06/2020,0,0,4.6(9.52 %),0,0,0,0,7396331,1.64
12/06/2020,0,0,4.3(-6.52 %),0,0,0,0,7396331,1.64
15/06/2020,0,0,4.3(0.00 %),0,0,0,0,7396331,1.64
16/06/2020,0,0,3.9(-9.30 %),0,0,0,0,7396331,1.64
18/06/2020,0,0,4.4(4.76 %),0,0,0,0,7396331,1.64
19/06/2020,0,0,4.7(6.82 %),0,0,0,0,7396331,1.64
22/06/2020,0,0,4.9(4.26 %),0,0,0,0,7396331,1.64
23/06/2020,0,0,4.7(-4.08 %),0,0,0,0,7396331,1.64
24/06/2020,0,0,4.7(0.00 %),0,0,0,0,7396331,1.64
25/06/2020,0,0,4.7(0.00 %),0,0,0,0,7396331,1.64
26/06/2020,0,0,4.7(0.00 %),0,0,0,0,7396331,1.64
29/06/2020,0,0,4.7(0.00 %),0,0,0,0,7396331,0.0
30/06/2020,0,0,4.7(0.00 %),0,0,0,0,7396331,1.64
01/07/2020,0,0,4.7(0.00 %),0,0,0,0,7396331,1.64
02/07/2020,0,0,4.4(-6.38 %),0,0,0,0,7396331,1.64
03/07/2020,0,0,4.8(9.09 %),0,0,0,0,7396331,1.64
06/07/2020,0,0,5.2(8.33 %),0,0,0,0,7396331,1.64
07/07/2020,0,0,5.6(7.69 %),0,0,0,0,7396331,1.64
08/07/2020,0,0,5.6(0.00 %),0,0,0,0,7396331,1.64
09/07/2020,0,0,5.2(-7.14 %),0,0,0,0,7396331,0.0
10/07/2020,0,0,5.2(0.00 %),0,0,0,0,7396331,1.64
13/07/2020,0,0,5.2(0.00 %),0,0,0,0,7396331,1.64
14/07/2020,0,0,5.2(0.00 %),0,0,0,0,7396331,1.64
15/07/2020,0,0,5.2(0.00 %),0,0,0,0,7396331,1.64
16/07/2020,0,0,5.2(0.00 %),0,0,0,0,7396331,1.64
17/07/2020,0,0,4.8(-7.69 %),0,0,0,0,7396331,1.64
20/07/2020,0,0,4.8(0.00 %),0,0,0,0,7396331,0.0
21/07/2020,0,0,4.8(0.00 %),0,0,0,0,7396331,1.64
22/07/2020,0,0,4.8(0.00 %),0,0,0,0,7396331,1.64
23/07/2020,0,0,4.8(0.00 %),0,0,0,0,7396331,1.64
24/07/2020,0,0,4.8(0.00 %),0,0,0,0,7396331,1.64
27/07/2020,0,0,4.4(-8.33 %),0,0,0,0,7396331,0.0
28/07/2020,0,0,4.7(6.82 %),0,0,0,0,7396331,1.64
29/07/2020,0,0,4.7(0.00 %),0,0,0,0,7396331,1.64
30/07/2020,0,0,4.7(0.00 %),0,0,0,0,7396331,1.64
31/07/2020,0,0,4.7(0.00 %),0,0,0,0,7396331,1.64
03/08/2020,0,0,4.6(-2.13 %),0,0,0,0,7396331,1.64
04/08/2020,0,0,4.6(0.00 %),0,0,0,0,7396331,1.64
05/08/2020,0,0,4.6(0.00 %),0,0,0,0,7396331,1.64
06/08/2020,0,0,4.5(-2.17 %),0,0,0,0,7396331,0.0
07/08/2020,0,0,4.5(0.00 %),0,0,0,0,7396331,1.64
10/08/2020,0,0,4.6(2.22 %),0,0,0,0,7396331,0.0
11/08/2020,0,0,4.6(0.00 %),0,0,0,0,7396331,1.64
12/08/2020,0,0,4.6(0.00 %),0,0,0,0,7396331,1.64
13/08/2020,0,0,4.6(0.00 %),0,0,0,0,7396331,1.64
14/08/2020,0,0,4.6(0.00 %),0,0,0,0,7396331,1.64
17/08/2020,0,0,4.6(0.00 %),0,0,0,0,7396331,1.64
18/08/2020,0,0,4.5(-2.17 %),0,0,0,0,7396331,1.64
19/08/2020,0,0,4.6(2.22 %),0,0,0,0,7396331,1.64
20/08/2020,0,0,4.6(0.00 %),0,0,0,0,7396331,1.64
21/08/2020,0,0,4.6(0.00 %),0,0,0,0,7396331,1.64
24/08/2020,0,0,4.2(-8.70 %),0,0,0,0,7396331,1.64
25/08/2020,0,0,4.5(7.14 %),0,0,0,0,7396331,1.64
26/08/2020,0,0,4.8(6.67 %),0,0,0,0,7396331,1.64
27/08/2020,0,0,4.8(0.00 %),0,0,0,0,7396331,1.64
28/08/2020,0,0,4.8(0.00 %),0,0,0,0,7396331,1.64
31/08/2020,0,0,4.8(0.00 %),0,0,0,0,7396331,1.64
01/09/2020,0,0,4.8(0.00 %),0,0,0,0,7396331,1.64
03/09/2020,0,0,4.8(0.00 %),0,0,0,0,7396331,1.64
04/09/2020,0,0,4.8(0.00 %),0,0,0,0,7396331,1.64
07/09/2020,0,0,4.8(0.00 %),0,0,0,0,7396331,1.64
08/09/2020,0,0,4.8(0.00 %),0,0,0,0,7396331,1.64
09/09/2020,0,0,4.8(0.00 %),0,0,0,0,7396331,1.64
10/09/2020,0,0,4.8(0.00 %),0,0,0,0,7396331,1.64
11/09/2020,0,0,4.8(0.00 %),0,0,0,0,7396331,1.64
14/09/2020,0,0,5(4.17 %),0,0,0,0,7396331,1.64
15/09/2020,0,0,4.9(-2.00 %),0,0,0,0,7396331,1.64
16/09/2020,0,0,4.9(0.00 %),0,0,0,0,7396331,1.64
17/09/2020,0,0,5.1(4.08 %),0,0,0,0,7396331,1.64
18/09/2020,0,0,5.1(0.00 %),0,0,0,0,7396331,1.64
21/09/2020,0,0,5.1(0.00 %),0,0,0,0,7396331,1.64
22/09/2020,0,0,4.7(-7.84 %),0,0,0,0,7396331,0.0
23/09/2020,0,0,4.6(-2.13 %),0,0,0,0,7396331,1.64
24/09/2020,0,0,5(8.70 %),0,0,0,0,7396331,1.64
25/09/2020,0,0,5(0.00 %),0,0,0,0,7396331,1.64
28/09/2020,0,0,5.2(4.00 %),0,0,0,0,7396331,1.64
29/09/2020,0,0,5.2(0.00 %),0,0,0,0,7396331,1.64
30/09/2020,0,0,5.4(3.85 %),0,0,0,0,7396331,1.64
01/10/2020,0,0,5.4(0.00 %),0,0,0,0,7396331,1.64
02/10/2020,0,0,5.4(0.00 %),0,0,0,0,7396331,1.64
05/10/2020,0,0,5.4(0.00 %),0,0,0,0,7396331,1.64
06/10/2020,0,0,5.5(1.85 %),0,0,0,0,7396331,0.0
07/10/2020,0,0,5.5(0.00 %),0,0,0,0,7396331,1.64
08/10/2020,0,0,5.4(-1.82 %),0,0,0,0,7396331,1.64
09/10/2020,0,0,5.6(3.70 %),0,0,0,0,7396331,1.64
12/10/2020,0,0,5.6(0.00 %),0,0,0,0,7396331,1.64
13/10/2020,0,0,5.6(0.00 %),0,0,0,0,7396331,1.64
14/10/2020,0,0,5.6(0.00 %),0,0,0,0,7396331,1.64
15/10/2020,0,0,5.6(0.00 %),0,0,0,0,7396331,1.64
16/10/2020,0,0,5.5(-1.79 %),0,0,0,0,7396331,1.64
19/10/2020,0,0,5.5(0.00 %),0,0,0,0,7396331,1.64
20/10/2020,0,0,5.5(0.00 %),0,0,0,0,7396331,1.64
21/10/2020,0,0,5.5(0.00 %),0,0,0,0,7396331,1.64
22/10/2020,0,0,5.5(0.00 %),0,0,0,0,7396331,1.64
23/10/2020,0,0,5.5(0.00 %),0,0,0,0,7396331,1.64
26/10/2020,0,0,5.7(3.64 %),0,0,0,0,7396331,1.64
27/10/2020,0,0,5.7(0.00 %),0,0,0,0,7396331,0.0
28/10/2020,0,0,5.7(0.00 %),0,0,0,0,7396331,0.0
29/10/2020,0,0,5.7(0.00 %),0,0,0,0,7396331,1.64
30/10/2020,0,0,5.7(0.00 %),0,0,0,0,7396331,1.64
02/11/2020,0,0,5.2(-8.77 %),0,0,0,0,7396331,1.64
03/11/2020,0,0,5.2(0.00 %),0,0,0,0,7396331,1.64
04/11/2020,0,0,5.2(0.00 %),0,0,0,0,7396331,1.64
05/11/2020,0,0,5.2(0.00 %),0,0,0,0,7396331,1.64
06/11/2020,0,0,5.2(0.00 %),0,0,0,0,7396331,1.64
09/11/2020,0,0,5.2(0.00 %),0,0,0,0,7396331,1.64
10/11/2020,0,0,5.2(0.00 %),0,0,0,0,7396331,1.64
11/11/2020,0,0,5.2(0.00 %),0,0,0,0,7396331,1.64
12/11/2020,0,0,5.3(1.92 %),0,0,0,0,7396331,1.64
13/11/2020,0,0,5.3(0.00 %),0,0,0,0,7396331,1.64
16/11/2020,0,0,5.5(3.77 %),0,0,0,0,7396331,1.64
17/11/2020,0,0,5.5(0.00 %),0,0,0,0,7396331,1.64
18/11/2020,0,0,6(9.09 %),0,0,0,0,7396331,0.0
19/11/2020,0,0,6.4(6.67 %),0,0,0,0,7396331,1.64
20/11/2020,0,0,6.4(0.00 %),0,0,0,0,7396331,1.64
24/11/2020,0,0,5.7(-3.39 %),0,0,0,0,7396331,1.64
25/11/2020,0,0,5.5(-3.51 %),0,0,0,0,7396331,1.64
26/11/2020,0,0,5.7(3.64 %),0,0,0,0,7396331,1.64
30/11/2020,0,0,5.8(-3.33 %),0,0,0,0,7396331,1.64
01/12/2020,0,0,6.3(8.62 %),0,0,0,0,7396331,1.64
02/12/2020,0,0,6.2(-1.59 %),0,0,0,0,7396331,1.64
03/12/2020,0,0,6.4(3.23 %),0,0,0,0,7396331,1.64
04/12/2020,0,0,6.6(3.12 %),0,0,0,0,7396331,1.64
07/12/2020,0,0,6.5(-1.52 %),0,0,0,0,7396331,1.64
08/12/2020,0,0,6.8(4.62 %),0,0,0,0,7396331,1.64
09/12/2020,0,0,7.4(8.82 %),0,0,0,0,7396331,1.64
10/12/2020,0,0,7.5(1.35 %),0,0,0,0,7396331,1.64
11/12/2020,0,0,8.1(8.00 %),0,0,0,0,7396331,1.64
14/12/2020,0,0,7.4(-8.64 %),0,0,0,0,7396331,1.64
15/12/2020,0,0,7.6(2.70 %),0,0,0,0,7396331,1.64
16/12/2020,0,0,7.6(0.00 %),0,0,0,0,7396331,1.64
17/12/2020,0,0,7.8(2.63 %),0,0,0,0,7396331,1.64
18/12/2020,0,0,8.5(8.97 %),0,0,0,0,7396331,1.64
21/12/2020,0,0,9(5.88 %),0,0,0,0,7396331,1.64
22/12/2020,0,0,9.4(4.44 %),0,0,0,0,7396331,0.0
23/12/2020,0,0,9.5(1.06 %),0,0,0,0,7396331,1.64
25/12/2020,0,0,9.2(-1.08 %),0,0,0,0,7396331,1.64
28/12/2020,0,0,9(-2.17 %),0,0,0,0,7396331,1.64
29/12/2020,0,0,8.9(-1.11 %),0,0,0,0,7396331,0.0
30/12/2020,0,0,8.6(-3.37 %),0,0,0,0,7396331,1.64
31/12/2020,0,0,8.5(-1.16 %),0,0,0,0,7396331,0.0
04/01/2021,0,0,8.5(0.00 %),0,0,0,0,7396331,0.0
05/01/2021,0,0,8.5(0.00 %),0,0,0,0,7396331,1.64
06/01/2021,0,0,9.3(9.41 %),0,0,0,0,7396331,1.64
07/01/2021,0,0,10.2(9.68 %),0,0,0,0,7396331,1.64
08/01/2021,0,0,10.4(1.96 %),0,0,0,0,7396331,1.64
11/01/2021,0,0,10.4(0.00 %),0,0,0,0,7396331,1.64
12/01/2021,0,0,10.5(0.96 %),0,0,0,0,7396331,1.64
13/01/2021,0,0,10.5(0.00 %),0,0,0,0,7396331,1.64
14/01/2021,0,0,10.6(0.95 %),0,0,0,0,7396331,1.64
15/01/2021,-3,-28800,10.6(0.00 %),0,0,3,28800,7396334,1.64
18/01/2021,0,0,10.4(-1.89 %),0,0,0,0,7396334,1.64
19/01/2021,0,0,10.4(0.00 %),0,0,0,0,7396334,1.64
20/01/2021,0,0,10.2(-1.92 %),0,0,0,0,7396334,1.64
21/01/2021,0,0,10.3(0.98 %),0,0,0,0,7396334,1.64
22/01/2021,0,0,10.5(1.94 %),0,0,0,0,7396334,1.64
25/01/2021,0,0,10.6(0.95 %),0,0,0,0,7396334,1.64
26/01/2021,0,0,11.3(6.60 %),0,0,0,0,7396334,1.64
27/01/2021,0,0,10.4(-7.96 %),0,0,0,0,7396334,1.64
28/01/2021,0,0,10.2(-1.92 %),0,0,0,0,7396334,1.64
29/01/2021,0,0,10.2(0.00 %),0,0,0,0,7396334,1.64
01/02/2021,0,0,10.2(0.00 %),0,0,0,0,7396334,1.64
02/02/2021,0,0,10.8(5.88 %),0,0,0,0,7396334,1.64
03/02/2021,0,0,11.5(6.48 %),0,0,0,0,7396334,1.64
04/02/2021,0,0,11.6(0.87 %),0,0,0,0,7396334,1.64
05/02/2021,0,0,11.8(1.72 %),0,0,0,0,7396334,1.64
09/02/2021,0,0,12.3(2.50 %),0,0,0,0,7396334,1.64
17/02/2021,0,0,12.3(0.00 %),0,0,0,0,7396334,0.0
18/02/2021,0,0,13.5(9.76 %),0,0,0,0,7396334,1.64
19/02/2021,0,0,14.8(9.63 %),0,0,0,0,7396334,1.64
22/02/2021,0,0,16.2(9.46 %),0,0,0,0,7396334,1.64
23/02/2021,0,0,17.8(9.88 %),0,0,0,0,7396334,1.64
24/02/2021,-100,-1780000,19.5(9.55 %),0,0,100,1780000,7396434,1.64
25/02/2021,-100,-1760000,17.6(-9.74 %),0,0,100,1760000,7396534,1.64
26/02/2021,-154,-2448600,15.9(-9.66 %),0,0,154,2448600,7396688,1.64
01/03/2021,0,0,16.9(6.29 %),0,0,0,0,7396334,1.64
02/03/2021,-80,-1240000,15.6(-7.69 %),0,0,80,1240000,7396414,1.64
03/03/2021,0,0,14.1(-9.62 %),0,0,0,0,7396414,1.64
04/03/2021,0,0,13(-7.80 %),0,0,0,0,7396414,1.64
05/03/2021,0,0,12.2(-6.15 %),0,0,0,0,7396414,1.64
08/03/2021,0,0,12.5(2.46 %),0,0,0,0,7396414,1.64
09/03/2021,0,0,12.3(-1.60 %),0,0,0,0,7396414,1.64
10/03/2021,0,0,12.3(0.00 %),0,0,0,0,7396414,1.64
11/03/2021,0,0,12.1(-1.63 %),0,0,0,0,7396414,1.64
12/03/2021,0,0,12.3(1.65 %),0,0,0,0,7396414,1.64
15/03/2021,0,0,12(-2.44 %),0,0,0,0,7396414,1.64
16/03/2021,0,0,13.2(10.00 %),0,0,0,0,7396414,1.64
17/03/2021,0,0,14.5(9.85 %),0,0,0,0,7396414,1.64
18/03/2021,0,0,15.9(9.66 %),0,0,0,0,7396414,1.64
19/03/2021,0,0,15(-5.66 %),0,0,0,0,7396414,1.64
22/03/2021,80,1090000,13.9(-7.33 %),100,1390000,20,300000,7396668,1.64
23/03/2021,0,0,13.4(-3.60 %),0,0,0,0,7396668,1.64
24/03/2021,0,0,12.8(-4.48 %),0,0,0,0,7396668,1.64
25/03/2021,0,0,13.9(8.59 %),0,0,0,0,7396668,1.64
26/03/2021,0,0,13.2(-5.04 %),0,0,0,0,7396668,1.64
29/03/2021,0,0,13.2(0.00 %),0,0,0,0,7396668,1.64
30/03/2021,0,0,13(-1.52 %),0,0,0,0,7396668,1.64
31/03/2021,0,0,13(0.00 %),0,0,0,0,7396668,1.64
01/04/2021,0,0,13(0.00 %),0,0,0,0,7396688,1.64
02/04/2021,0,0,13.1(0.77 %),0,0,0,0,7396688,1.64
05/04/2021,-7800,-102180000,14(6.87 %),0,0,7800,102180000,7404488,1.59
06/04/2021,0,0,13.1(-6.43 %),0,0,0,0,7404488,1.59
07/04/2021,0,0,13.8(5.34 %),0,0,0,0,7404488,1.59
08/04/2021,0,0,14(1.45 %),0,0,0,0,7404488,1.59
09/04/2021,0,0,13.9(-0.71 %),0,0,0,0,7404488,1.59
12/04/2021,0,0,13.9(0.00 %),0,0,0,0,7404488,1.59
13/04/2021,1200,15600000,12.9(-7.19 %),1200,15600000,0,0,7403288,1.6
14/04/2021,0,0,13.6(5.43 %),0,0,0,0,7403288,1.6
15/04/2021,0,0,13.2(-2.94 %),0,0,0,0,7403288,1.6
16/04/2021,0,0,13.3(0.76 %),0,0,0,0,7403288,1.6
19/04/2021,0,0,13.3(0.00 %),0,0,0,0,7403288,1.6
20/04/2021,0,0,13(-2.26 %),0,0,0,0,7403288,1.6
22/04/2021,0,0,13.5(3.85 %),0,0,0,0,7403288,1.6
23/04/2021,0,0,13.9(2.96 %),0,0,0,0,7403288,1.6
26/04/2021,0,0,14.3(2.88 %),0,0,0,0,7403288,1.6
27/04/2021,0,0,13.5(-5.59 %),0,0,0,0,7403288,1.6
28/04/2021,0,0,13.8(2.22 %),0,0,0,0,7403288,1.6
29/04/2021,0,0,14.3(3.62 %),0,0,0,0,7403288,1.6
04/05/2021,0,0,14.1(-1.40 %),0,0,0,0,7403288,1.6
05/05/2021,0,0,14.1(0.00 %),0,0,0,0,7403288,1.6
06/05/2021,0,0,13.9(-1.42 %),0,0,0,0,7403288,1.6
07/05/2021,0,0,13.9(0.00 %),0,0,0,0,7403288,1.6
10/05/2021,0,0,13.9(0.00 %),0,0,0,0,7403288,1.6
11/05/2021,0,0,14.5(4.32 %),0,0,0,0,7403288,1.6
12/05/2021,0,0,14.5(0.00 %),0,0,0,0,7403288,1.6
13/05/2021,0,0,14.5(0.00 %),0,0,0,0,7403288,1.6
14/05/2021,0,0,14.5(0.00 %),0,0,0,0,7403288,1.6
17/05/2021,0,0,14.3(-1.38 %),0,0,0,0,7403288,1.6
18/05/2021,0,0,14.3(0.00 %),0,0,0,0,7403288,1.6
19/05/2021,0,0,13.3(-6.99 %),0,0,0,0,7403288,1.6
20/05/2021,0,0,13.5(1.50 %),0,0,0,0,7403288,1.6
21/05/2021,0,0,14.4(6.67 %),0,0,0,0,7403288,1.6
24/05/2021,0,0,14.4(0.00 %),0,0,0,0,7403288,1.6
25/05/2021,0,0,15.1(4.86 %),0,0,0,0,7403288,1.6
26/05/2021,0,0,14.5(-3.97 %),0,0,0,0,7403288,1.6
27/05/2021,0,0,14.1(-2.76 %),0,0,0,0,7403288,1.6
28/05/2021,0,0,14.1(0.00 %),0,0,0,0,7403288,1.6
31/05/2021,0,0,14.1(0.00 %),0,0,0,0,7403288,1.6
01/06/2021,0,0,15(6.38 %),0,0,0,0,7403288,1.6
02/06/2021,0,0,15(0.00 %),0,0,0,0,7403288,1.6
03/06/2021,0,0,15.5(3.33 %),0,0,0,0,7403288,1.6
04/06/2021,0,0,14.6(-5.81 %),0,0,0,0,7403288,1.6
07/06/2021,0,0,15.2(4.11 %),0,0,0,0,7403288,1.6
08/06/2021,0,0,14(-7.89 %),0,0,0,0,7403288,1.6
09/06/2021,0,0,15.2(8.57 %),0,0,0,0,7403288,1.6
10/06/2021,0,0,14.5(-4.61 %),0,0,0,0,7403288,1.6
11/06/2021,0,0,15.4(6.21 %),0,0,0,0,7403288,1.6
14/06/2021,0,0,15.4(0.00 %),0,0,0,0,7403288,1.6
15/06/2021,0,0,14.5(-5.84 %),0,0,0,0,7403288,1.6
16/06/2021,0,0,14.5(0.00 %),0,0,0,0,7403288,1.6
17/06/2021,0,0,14.5(0.00 %),0,0,0,0,7403288,1.6
18/06/2021,0,0,14.4(-0.69 %),0,0,0,0,7403288,1.6
22/06/2021,0,0,14.6(1.39 %),0,0,0,0,7403288,1.6
23/06/2021,0,0,14.6(0.00 %),0,0,0,0,7403288,1.6
24/06/2021,3700,53650000,14.5(-0.68 %),3700,53650000,0,0,7399588,1.62
25/06/2021,0,0,14.5(0.00 %),0,0,0,0,7399588,1.62
28/06/2021,0,0,14.5(0.00 %),0,0,0,0,7399588,1.62
29/06/2021,0,0,13.5(-6.90 %),0,0,0,0,7399588,1.62
30/06/2021,0,0,13.5(0.00 %),0,0,0,0,7399588,1.62
01/07/2021,0,0,14.6(8.15 %),0,0,0,0,7399588,1.62
02/07/2021,0,0,14.6(0.00 %),0,0,0,0,7399588,0.0
05/07/2021,0,0,14.6(0.00 %),0,0,0,0,7399588,0.0
06/07/2021,0,0,13.2(-9.59 %),0,0,0,0,7399588,0.0
07/07/2021,0,0,13.2(0.00 %),0,0,0,0,7399588,1.62
08/07/2021,0,0,13.2(0.00 %),0,0,0,0,7399588,1.62
09/07/2021,0,0,13.2(0.00 %),0,0,0,0,7399588,1.62
12/07/2021,0,0,13.2(0.00 %),0,0,0,0,7399588,1.62
13/07/2021,0,0,13.6(3.03 %),0,0,0,0,7399588,1.62
14/07/2021,0,0,13.6(0.00 %),0,0,0,0,7399588,1.62
15/07/2021,0,0,13.6(0.00 %),0,0,0,0,7399588,1.62
16/07/2021,0,0,13.6(0.00 %),0,0,0,0,7399588,1.62
19/07/2021,500,6800000,13.6(0.00 %),500,6800000,0,0,7399088,1.62
20/07/2021,200,2720000,13.6(0.00 %),200,2720000,0,0,7398888,1.62
21/07/2021,0,0,13.6(0.00 %),0,0,0,0,7398888,1.62
22/07/2021,0,0,13.6(0.00 %),0,0,0,0,7398888,1.62
23/07/2021,0,0,13.6(0.00 %),0,0,0,0,7398888,1.62
26/07/2021,0,0,13.6(0.00 %),0,0,0,0,7398888,1.62
27/07/2021,0,0,13.6(0.00 %),0,0,0,0,7398888,1.62
28/07/2021,0,0,13.6(0.00 %),0,0,0,0,7398888,1.62
29/07/2021,0,0,13.6(0.00 %),0,0,0,0,7398888,1.62
30/07/2021,0,0,13.6(0.00 %),0,0,0,0,7398888,1.62
02/08/2021,0,0,13.6(0.00 %),0,0,0,0,7398888,1.62
03/08/2021,0,0,13.6(0.00 %),0,0,0,0,7398888,1.62
04/08/2021,0,0,13.6(0.00 %),0,0,0,0,7398888,1.62
05/08/2021,0,0,13.7(9.60 %),0,0,0,0,7398888,1.62
06/08/2021,0,0,14.1(2.92 %),0,0,0,0,7398888,1.62
09/08/2021,0,0,14.2(0.71 %),0,0,0,0,7398888,1.62
10/08/2021,0,0,13.8(-2.82 %),0,0,0,0,7398888,1.62
11/08/2021,0,0,13.8(0.00 %),0,0,0,0,7398888,1.62
12/08/2021,0,0,13.7(-0.72 %),0,0,0,0,7398888,1.62
13/08/2021,0,0,13.7(0.00 %),0,0,0,0,7398888,0.0
16/08/2021,0,0,13.7(0.00 %),0,0,0,0,7398888,1.62
17/08/2021,0,0,13.7(0.00 %),0,0,0,0,7398888,1.62
18/08/2021,0,0,13.7(0.00 %),0,0,0,0,7398888,1.62
19/08/2021,0,0,13.8(0.73 %),0,0,0,0,7398888,1.62
20/08/2021,0,0,13.8(0.00 %),0,0,0,0,7398888,1.62
23/08/2021,0,0,13.8(0.00 %),0,0,0,0,7398888,1.62
24/08/2021,0,0,13.8(0.00 %),0,0,0,0,7398888,1.62
25/08/2021,0,0,13.8(0.00 %),0,0,0,0,7398888,1.62
26/08/2021,0,0,13(-5.80 %),0,0,0,0,7398888,1.62
27/08/2021,0,0,13(0.00 %),0,0,0,0,7398888,1.62
30/08/2021,0,0,13(0.00 %),0,0,0,0,7398888,1.62
31/08/2021,0,0,13(0.00 %),0,0,0,0,7398888,1.62
01/09/2021,0,0,13(0.00 %),0,0,0,0,7398888,0.0
06/09/2021,1300,15600000,12(-7.69 %),1300,15600000,0,0,7397588,1.63
07/09/2021,0,0,12.1(0.83 %),0,0,0,0,7397588,0.0
08/09/2021,0,0,12.1(0.00 %),0,0,0,0,7397588,0.0
09/09/2021,0,0,12.1(0.00 %),0,0,0,0,7397588,1.63
10/09/2021,0,0,11.5(-4.96 %),0,0,0,0,7397588,1.63
14/09/2021,0,0,12(-4.00 %),0,0,0,0,7397588,1.63
15/09/2021,0,0,12.5(4.17 %),0,0,0,0,7397588,1.63
16/09/2021,0,0,12.5(0.00 %),0,0,0,0,7397588,1.63
17/09/2021,0,0,13(4.00 %),0,0,0,0,7397588,1.63
20/09/2021,0,0,13(0.00 %),0,0,0,0,7397588,1.63
21/09/2021,0,0,12.8(-1.54 %),0,0,0,0,7397588,0.0
22/09/2021,0,0,12.8(0.00 %),0,0,0,0,7397588,1.63
23/09/2021,0,0,12.7(-0.78 %),0,0,0,0,7397588,1.63
24/09/2021,0,0,12.7(0.00 %),0,0,0,0,7397588,0.0
27/09/2021,0,0,12.7(0.00 %),0,0,0,0,7397588,1.63
28/09/2021,0,0,12.7(0.00 %),0,0,0,0,7397588,1.63
29/09/2021,0,0,12.6(-0.79 %),0,0,0,0,7397588,0.0
30/09/2021,0,0,12.5(-0.79 %),0,0,0,0,7397588,1.63
01/10/2021,0,0,12.5(0.00 %),0,0,0,0,7397588,1.63
04/10/2021,0,0,12.5(0.00 %),0,0,0,0,7397588,1.63
05/10/2021,0,0,13(4.00 %),0,0,0,0,7397588,1.63
06/10/2021,0,0,12.5(-3.85 %),0,0,0,0,7397588,1.63
07/10/2021,0,0,12.5(0.00 %),0,0,0,0,7397588,1.63
08/10/2021,0,0,12.9(3.20 %),0,0,0,0,7397588,1.63
11/10/2021,0,0,12.5(-3.10 %),0,0,0,0,7397588,1.63
12/10/2021,0,0,12.9(3.20 %),0,0,0,0,7397588,1.63
13/10/2021,0,0,13.6(5.43 %),0,0,0,0,7397588,0.0
14/10/2021,0,0,13.6(0.00 %),0,0,0,0,7397588,0.0
15/10/2021,0,0,13.6(0.00 %),0,0,0,0,7397588,0.0
19/10/2021,0,0,13.5(-1.46 %),0,0,0,0,7397588,0.0
20/10/2021,0,0,13.5(0.00 %),0,0,0,0,7397588,0.0
21/10/2021,0,0,13.6(0.74 %),0,0,0,0,7397588,0.0
22/10/2021,0,0,12.5(-8.09 %),0,0,0,0,7397588,0.0
25/10/2021,0,0,13(4.00 %),0,0,0,0,7397588,0.0
26/10/2021,0,0,0(0.00 %),0,0,0,0,7397588,0.0
27/10/2021,-171,-2102700,13.4(3.08 %),0,0,171,2102700,7397759,1.63
28/10/2021,0,0,13.4(0.00 %),0,0,0,0,7397759,0.0
29/10/2021,0,0,13.4(0.00 %),0,0,0,0,7397759,1.63
01/11/2021,0,0,13.5(0.75 %),0,0,0,0,7397588,1.63
02/11/2021,0,0,13.4(-0.74 %),0,0,0,0,7397588,1.63
03/11/2021,0,0,13.3(-0.75 %),0,0,0,0,7397588,1.63
04/11/2021,0,0,13.3(0.00 %),0,0,0,0,7397588,0.0
05/11/2021,0,0,14(5.26 %),0,0,0,0,7397588,1.63
08/11/2021,0,0,13.5(-3.57 %),0,0,0,0,7397588,1.63
09/11/2021,0,0,13(-3.70 %),0,0,0,0,7397588,1.63
10/11/2021,0,0,13.2(1.54 %),0,0,0,0,7397588,1.63
11/11/2021,0,0,13.2(0.00 %),0,0,0,0,7397588,1.63
12/11/2021,0,0,13.3(0.76 %),0,0,0,0,7397588,1.63
15/11/2021,0,0,13.1(-1.50 %),0,0,0,0,7397588,1.63
16/11/2021,0,0,13.1(0.00 %),0,0,0,0,7397588,1.63
17/11/2021,0,0,13.4(2.29 %),0,0,0,0,7397588,1.63
18/11/2021,0,0,14.7(9.70 %),0,0,0,0,7397588,1.63
19/11/2021,0,0,16.1(9.52 %),0,0,0,0,7397588,1.63
22/11/2021,0,0,17.7(9.94 %),0,0,0,0,7397588,1.63
23/11/2021,0,0,18(1.69 %),0,0,0,0,7397588,1.63
24/11/2021,0,0,18.1(0.56 %),0,0,0,0,7397588,1.63
25/11/2021,-800,-14240000,18(-0.55 %),0,0,800,14240000,7398388,1.63
26/11/2021,0,0,17.8(-1.11 %),0,0,0,0,7398388,0.0
29/11/2021,0,0,18.2(2.25 %),0,0,0,0,7398388,1.63
30/11/2021,0,0,18(-1.10 %),0,0,0,0,7398388,1.63
01/12/2021,0,0,18(0.00 %),0,0,0,0,7398559,1.63
02/12/2021,0,0,17.7(-1.67 %),0,0,0,0,7398559,1.63
03/12/2021,0,0,17.8(0.56 %),0,0,0,0,7398559,1.63
06/12/2021,0,0,17.6(-1.12 %),0,0,0,0,7398559,1.63
07/12/2021,0,0,17.6(0.00 %),0,0,0,0,7398559,1.63
08/12/2021,0,0,19.2(9.09 %),0,0,0,0,7398559,1.63
09/12/2021,0,0,19.9(3.65 %),0,0,0,0,7398559,1.63
10/12/2021,0,0,20(0.50 %),0,0,0,0,7398559,1.63
13/12/2021,0,0,18.9(-5.50 %),0,0,0,0,7398559,1.63
14/12/2021,0,0,18.9(0.00 %),0,0,0,0,7398559,1.63
15/12/2021,0,0,18(-4.76 %),0,0,0,0,7398559,1.63
16/12/2021,0,0,18(0.00 %),0,0,0,0,7398559,1.63
17/12/2021,0,0,17.9(-0.56 %),0,0,0,0,7398559,1.63
20/12/2021,0,0,17.8(-0.56 %),0,0,0,0,7398559,1.63
21/12/2021,0,0,17.7(-0.56 %),0,0,0,0,7398559,1.63
22/12/2021,0,0,16.6(-6.21 %),0,0,0,0,7398559,1.63
23/12/2021,0,0,17.9(7.83 %),0,0,0,0,7398559,0.0
24/12/2021,0,0,17.7(-1.12 %),0,0,0,0,7398559,0.0
27/12/2021,0,0,17.2(-2.82 %),0,0,0,0,7398559,1.63
28/12/2021,0,0,17.2(0.00 %),0,0,0,0,7398559,1.63
29/12/2021,0,0,17(-1.16 %),0,0,0,0,7398559,1.63
30/12/2021,0,0,18(5.88 %),0,0,0,0,7398559,1.63
31/12/2021,0,0,17.8(-1.11 %),0,0,0,0,7398559,1.63
04/01/2022,0,0,19.5(9.55 %),0,0,0,0,7398559,1.63
05/01/2022,0,0,21(7.69 %),0,0,0,0,7398559,1.63
06/01/2022,0,0,19.8(-5.71 %),0,0,0,0,7398559,1.63
07/01/2022,0,0,19(-4.04 %),0,0,0,0,7398559,1.63
10/01/2022,0,0,18.2(-4.21 %),0,0,0,0,7398559,1.63
11/01/2022,0,0,18.1(-0.55 %),0,0,0,0,7398559,1.63
12/01/2022,0,0,18.5(2.21 %),0,0,0,0,7398559,1.63
13/01/2022,0,0,18(-2.70 %),0,0,0,0,7398559,1.63
14/01/2022,0,0,18.2(1.11 %),0,0,0,0,7398559,1.63
17/01/2022,0,0,17.8(-2.20 %),0,0,0,0,7398559,1.63
18/01/2022,0,0,17.8(0.00 %),0,0,0,0,7398559,1.63
19/01/2022,0,0,17.5(-1.69 %),0,0,0,0,7398559,1.63
20/01/2022,0,0,18(2.86 %),0,0,0,0,7398559,1.63
21/01/2022,0,0,17.5(-2.78 %),0,0,0,0,7398559,1.63
24/01/2022,0,0,17.5(0.00 %),0,0,0,0,7398559,1.63
25/01/2022,0,0,17.3(-1.14 %),0,0,0,0,7398559,1.63
26/01/2022,0,0,17.5(1.16 %),0,0,0,0,7398559,1.63
27/01/2022,0,0,17.7(1.14 %),0,0,0,0,7398559,1.63
28/01/2022,0,0,17.5(-1.13 %),0,0,0,0,7398559,1.63
07/02/2022,0,0,17.9(2.29 %),0,0,0,0,7398559,1.63
08/02/2022,0,0,19.6(9.50 %),0,0,0,0,7398559,1.63
09/02/2022,-200,-3960000,20.2(3.06 %),0,0,200,3960000,7398559,1.63
10/02/2022,0,0,20.3(0.50 %),0,0,0,0,7398559,1.63
11/02/2022,0,0,21(3.45 %),0,0,0,0,7398759,1.63
14/02/2022,0,0,21.3(1.43 %),0,0,0,0,7398759,1.63
15/02/2022,0,0,21.3(0.00 %),0,0,0,0,7398759,1.63
16/02/2022,0,0,21(-1.41 %),0,0,0,0,7398759,1.63
17/02/2022,0,0,21.3(1.43 %),0,0,0,0,7398759,1.63
18/02/2022,0,0,21.5(0.94 %),0,0,0,0,7398759,1.63
21/02/2022,0,0,21.9(1.86 %),0,0,0,0,7398759,1.63
22/02/2022,0,0,21.9(0.00 %),0,0,0,0,7398759,1.63
23/02/2022,0,0,21.8(-0.46 %),0,0,0,0,7398759,1.63
24/02/2022,0,0,20.9(-4.13 %),0,0,0,0,7398759,1.63
25/02/2022,0,0,21.4(2.39 %),0,0,0,0,7398759,1.63
28/02/2022,0,0,21.4(0.00 %),0,0,0,0,7398759,1.63
01/03/2022,0,0,20.6(-3.74 %),0,0,0,0,7398759,1.63
02/03/2022,0,0,20.7(0.49 %),0,0,0,0,7398759,1.63
03/03/2022,0,0,20.5(-0.97 %),0,0,0,0,7398759,1.63
04/03/2022,0,0,20.6(0.49 %),0,0,0,0,7398759,1.63
07/03/2022,0,0,20.5(-0.49 %),0,0,0,0,7398759,1.63
08/03/2022,0,0,20(-2.44 %),0,0,0,0,7398759,1.63
09/03/2022,0,0,20(0.00 %),0,0,0,0,7398759,1.63
10/03/2022,0,0,19.7(-1.50 %),0,0,0,0,7398759,1.63
11/03/2022,0,0,18.6(-5.58 %),0,0,0,0,7398759,1.63
14/03/2022,0,0,20.3(9.14 %),0,0,0,0,7398759,1.63
15/03/2022,0,0,20.7(1.97 %),0,0,0,0,7398759,1.63
16/03/2022,0,0,20.7(0.00 %),0,0,0,0,7398759,1.63
17/03/2022,0,0,20.7(0.00 %),0,0,0,0,7398759,1.63
18/03/2022,0,0,20.6(-0.48 %),0,0,0,0,7398759,1.63
21/03/2022,0,0,22.6(9.71 %),0,0,0,0,7398759,1.63
22/03/2022,0,0,24.8(9.73 %),0,0,0,0,7398759,1.63
23/03/2022,0,0,27.2(9.68 %),0,0,0,0,7398759,1.63
24/03/2022,0,0,29.9(9.93 %),0,0,0,0,7398759,1.63
25/03/2022,0,0,29.8(-0.33 %),0,0,0,0,7398759,1.63
28/03/2022,-1100,-31930000,29.3(-1.68 %),0,0,1100,31930000,7398759,1.63
29/03/2022,0,0,32.2(9.90 %),0,0,0,0,7398759,1.63
30/03/2022,0,0,33(2.48 %),0,0,0,0,7399859,1.62
31/03/2022,-3300,-101170000,31(-6.06 %),0,0,3300,101170000,7399859,1.62
01/04/2022,0,0,0(0.00 %),0,0,0,0,7399859,1.62
04/04/2022,0,0,29(-6.15 %),0,0,0,0,7403159,1.6
05/04/2022,0,0,28.7(-1.03 %),0,0,0,0,7403227,1.6
06/04/2022,0,0,27.9(-2.79 %),0,0,0,0,7403227,1.6
07/04/2022,0,0,26.2(-6.09 %),0,0,0,0,7403227,1.6
08/04/2022,0,0,26.3(0.38 %),0,0,0,0,7403227,1.6
12/04/2022,0,0,26.1(-0.76 %),0,0,0,0,7403227,1.6
13/04/2022,0,0,25.9(-0.77 %),0,0,0,0,7403227,1.6
14/04/2022,0,0,28.3(9.27 %),0,0,0,0,7403227,1.6
15/04/2022,0,0,0(0.00 %),0,0,0,0,7403227,1.6
18/04/2022,0,0,26.6(-5.00 %),0,0,0,0,7403227,1.6
19/04/2022,0,0,24.2(-9.02 %),0,0,0,0,7403227,1.6
20/04/2022,0,0,24.6(1.65 %),0,0,0,0,7403227,1.6
21/04/2022,0,0,22.2(-9.76 %),0,0,0,0,7403227,1.6
22/04/2022,0,0,22(-0.90 %),0,0,0,0,7403227,1.6
25/04/2022,0,0,19.8(-10.00 %),0,0,0,0,7403227,1.6
26/04/2022,0,0,19(-4.04 %),0,0,0,0,7403227,1.6
27/04/2022,0,0,19(0.00 %),0,0,0,0,7403227,1.6
28/04/2022,-1,-20900,20.9(10.00 %),0,0,1,20900,7403227,1.6
29/04/2022,0,0,22.9(9.57 %),0,0,0,0,7403227,1.6
04/05/2022,0,0,22.9(0.00 %),0,0,0,0,7403228,1.6
05/05/2022,0,0,22.4(-2.18 %),0,0,0,0,7403228,1.6
06/05/2022,0,0,22(-1.79 %),0,0,0,0,7403228,1.6
09/05/2022,0,0,19.8(-10.00 %),0,0,0,0,7403228,1.6
10/05/2022,0,0,19.8(0.00 %),0,0,0,0,7403228,1.6
11/05/2022,0,0,18.5(-6.57 %),0,0,0,0,7403228,1.6
12/05/2022,0,0,16.7(-9.73 %),0,0,0,0,7403228,1.6
13/05/2022,0,0,16.1(-3.59 %),0,0,0,0,7403228,1.6
16/05/2022,0,0,15.9(-1.24 %),0,0,0,0,7403228,1.6
17/05/2022,0,0,17.4(9.43 %),0,0,0,0,7403228,1.6
18/05/2022,0,0,17.5(0.57 %),0,0,0,0,7403228,1.6
19/05/2022,0,0,18.9(8.00 %),0,0,0,0,7403228,1.6
20/05/2022,0,0,18(-4.76 %),0,0,0,0,7403228,1.6
23/05/2022,0,0,18(0.00 %),0,0,0,0,7403228,1.6
24/05/2022,0,0,18(0.00 %),0,0,0,0,7403228,1.6
25/05/2022,0,0,18.8(4.44 %),0,0,0,0,7403228,1.6
26/05/2022,0,0,18(-4.26 %),0,0,0,0,7403228,1.6
27/05/2022,0,0,18(0.00 %),0,0,0,0,7403228,1.6
30/05/2022,0,0,17.9(-0.56 %),0,0,0,0,7403228,1.6
31/05/2022,0,0,17.9(0.00 %),0,0,0,0,7403228,1.6
01/06/2022,0,0,17.7(-1.12 %),0,0,0,0,7403228,1.6
02/06/2022,0,0,17.5(-1.13 %),0,0,0,0,7403228,1.6
03/06/2022,-9,-153000,17.6(0.57 %),0,0,9,153000,7403228,1.6
06/06/2022,0,0,18.6(5.68 %),0,0,0,0,7403228,1.6
07/06/2022,0,0,18.6(0.00 %),0,0,0,0,7403237,1.6
08/06/2022,0,0,19.9(6.99 %),0,0,0,0,7403237,1.6
09/06/2022,0,0,20(0.50 %),0,0,0,0,7403237,1.6
10/06/2022,0,0,19.7(-1.50 %),0,0,0,0,7403237,1.6
13/06/2022,0,0,19(-3.55 %),0,0,0,0,7403237,1.6
14/06/2022,0,0,19(0.00 %),0,0,0,0,7403237,1.6
15/06/2022,0,0,18.5(-2.63 %),0,0,0,0,7403237,1.6
16/06/2022,0,0,18.5(0.00 %),0,0,0,0,7403237,1.6
17/06/2022,0,0,18(-2.70 %),0,0,0,0,7403237,1.6
20/06/2022,0,0,16.2(-10.00 %),0,0,0,0,7403237,1.6
21/06/2022,0,0,14.8(-8.64 %),0,0,0,0,7403237,1.6
22/06/2022,0,0,15.2(2.70 %),0,0,0,0,7403237,1.6
23/06/2022,0,0,15.4(1.32 %),0,0,0,0,7403237,1.6
24/06/2022,0,0,15.5(0.65 %),0,0,0,0,7403237,1.6
27/06/2022,0,0,16(3.23 %),0,0,0,0,7403237,1.6
28/06/2022,0,0,16(0.00 %),0,0,0,0,7403237,1.6
29/06/2022,0,0,16.4(2.50 %),0,0,0,0,7403237,1.6
30/06/2022,0,0,15.8(-3.66 %),0,0,0,0,7403237,1.6
01/07/2022,0,0,15.9(0.63 %),0,0,0,0,7403237,1.6
04/07/2022,0,0,16.4(3.14 %),0,0,0,0,7403237,1.6
05/07/2022,0,0,16.3(-0.61 %),0,0,0,0,7403237,1.6
06/07/2022,0,0,16(-1.84 %),0,0,0,0,7403237,1.6
07/07/2022,0,0,15.8(-1.25 %),0,0,0,0,7403237,1.6
08/07/2022,0,0,15.8(0.00 %),0,0,0,0,7403237,1.6
11/07/2022,0,0,15.8(0.00 %),0,0,0,0,7403237,1.6
12/07/2022,0,0,16(1.27 %),0,0,0,0,7403237,1.6
13/07/2022,0,0,14.9(-6.88 %),0,0,0,0,7403237,1.6
14/07/2022,0,0,14.9(0.00 %),0,0,0,0,7403237,1.6
15/07/2022,0,0,15.6(4.70 %),0,0,0,0,7403237,1.6
18/07/2022,0,0,15.1(-3.21 %),0,0,0,0,7403237,1.6
19/07/2022,0,0,15.3(1.32 %),0,0,0,0,7403237,1.6
20/07/2022,0,0,15(-1.96 %),0,0,0,0,7403237,1.6
21/07/2022,0,0,15(0.00 %),0,0,0,0,7403237,1.6
22/07/2022,0,0,14.5(-3.33 %),0,0,0,0,7403237,1.6
25/07/2022,0,0,15.3(5.52 %),0,0,0,0,7403237,1.6
26/07/2022,0,0,16.5(7.84 %),0,0,0,0,7403237,1.6
27/07/2022,0,0,16.3(-1.21 %),0,0,0,0,7403237,1.6
28/07/2022,0,0,16.1(-1.23 %),0,0,0,0,7403237,1.6
29/07/2022,0,0,16.8(4.35 %),0,0,0,0,7403237,1.6
01/08/2022,0,0,16.8(0.00 %),0,0,0,0,7403237,1.6
02/08/2022,0,0,16.6(-1.19 %),0,0,0,0,7403237,1.6
03/08/2022,0,0,16.7(0.60 %),0,0,0,0,7403237,1.6
04/08/2022,-2,-33400,17.6(5.39 %),0,0,2,33400,7403237,1.6
05/08/2022,0,0,17.5(-0.57 %),0,0,0,0,7403237,1.6
08/08/2022,0,0,17.3(-1.14 %),0,0,0,0,7403239,1.6
09/08/2022,0,0,17.3(0.00 %),0,0,0,0,7403239,1.6
10/08/2022,0,0,17(-1.73 %),0,0,0,0,7403239,1.6
11/08/2022,0,0,16(-5.88 %),0,0,0,0,7403239,1.6
12/08/2022,0,0,17(6.25 %),0,0,0,0,7403239,1.6
15/08/2022,0,0,15.7(-7.65 %),0,0,0,0,7403239,1.6
16/08/2022,0,0,16.7(6.37 %),0,0,0,0,7403239,1.6
17/08/2022,0,0,16.4(-1.80 %),0,0,0,0,7403239,1.6
18/08/2022,0,0,17(3.66 %),0,0,0,0,7403239,1.6
19/08/2022,0,0,16.8(-1.18 %),0,0,0,0,7403239,1.6
22/08/2022,0,0,15.8(-5.95 %),0,0,0,0,7403239,1.6
23/08/2022,0,0,16.8(6.33 %),0,0,0,0,7403239,1.6
24/08/2022,0,0,16.1(-4.17 %),0,0,0,0,7403239,1.6
25/08/2022,0,0,15.5(-3.73 %),0,0,0,0,7403239,1.6
26/08/2022,0,0,16(3.23 %),0,0,0,0,7403239,1.6
29/08/2022,0,0,14.4(-10.00 %),0,0,0,0,7403239,1.6
30/08/2022,0,0,13.9(-3.47 %),0,0,0,0,7403239,1.6
31/08/2022,0,0,13.9(0.00 %),0,0,0,0,7403239,1.6
05/09/2022,0,0,14.3(2.88 %),0,0,0,0,7403239,1.6
06/09/2022,0,0,13.5(-5.59 %),0,0,0,0,7403239,1.6
07/09/2022,0,0,13(-3.70 %),0,0,0,0,7403239,1.6
08/09/2022,0,0,13(0.00 %),0,0,0,0,7403239,1.6
09/09/2022,0,0,12.9(-0.77 %),0,0,0,0,7403239,1.6
12/09/2022,0,0,12.9(0.00 %),0,0,0,0,7403239,1.6
13/09/2022,0,0,13.8(6.98 %),0,0,0,0,7403239,1.6
14/09/2022,0,0,13.8(0.00 %),0,0,0,0,7403239,1.6
15/09/2022,0,0,13.4(-2.90 %),0,0,0,0,0,1.6
16/09/2022,0,0,13.3(-0.75 %),0,0,0,0,7403239,1.6
19/09/2022,0,0,13.6(2.26 %),0,0,0,0,7403239,0.0
20/09/2022,0,0,13.5(-0.74 %),0,0,0,0,7403239,1.6
21/09/2022,0,0,13.2(-2.22 %),0,0,0,0,7403239,1.6
22/09/2022,0,0,12.6(-4.55 %),0,0,0,0,7403239,1.6
23/09/2022,0,0,12.6(0.00 %),0,0,0,0,7403239,1.6
26/09/2022,0,0,12.2(-3.17 %),0,0,0,0,7403239,1.6
27/09/2022,-5,-61000,13.2(8.20 %),0,0,5,61000,7403239,1.6
28/09/2022,0,0,13.4(1.52 %),0,0,0,0,7403239,1.6
29/09/2022,0,0,12.7(-5.22 %),0,0,0,0,7403244,1.6
30/09/2022,0,0,12.6(-0.79 %),0,0,0,0,7403244,1.6
03/10/2022,0,0,12.6(0.00 %),0,0,0,0,7403244,1.6
04/10/2022,0,0,11.4(-9.52 %),0,0,0,0,7403244,1.6
05/10/2022,0,0,12(5.26 %),0,0,0,0,7403244,1.6
06/10/2022,0,0,10.8(-10.00 %),0,0,0,0,7403244,1.6
07/10/2022,0,0,9.8(-9.26 %),0,0,0,0,7403244,1.6
10/10/2022,0,0,9.6(-2.04 %),0,0,0,0,7403244,1.6
11/10/2022,0,0,9.2(-4.17 %),0,0,0,0,7403244,1.6
12/10/2022,0,0,9.4(2.17 %),0,0,0,0,7403244,1.6
13/10/2022,0,0,8.5(-9.57 %),0,0,0,0,7403244,1.6
14/10/2022,0,0,8.8(3.53 %),0,0,0,0,7403244,1.6
17/10/2022,0,0,8.9(1.14 %),0,0,0,0,7403244,1.6
18/10/2022,0,0,8.8(-1.12 %),0,0,0,0,7403244,1.6
19/10/2022,0,0,8.8(0.00 %),0,0,0,0,7403244,1.6
20/10/2022,0,0,8.9(1.14 %),0,0,0,0,7403244,1.6
21/10/2022,0,0,8.1(-8.99 %),0,0,0,0,7403244,1.6
24/10/2022,0,0,8(-1.23 %),0,0,0,0,7403244,1.6
25/10/2022,0,0,7.8(-2.50 %),0,0,0,0,7403244,1.6
26/10/2022,0,0,8(2.56 %),0,0,0,0,7403244,1.6
27/10/2022,0,0,8.2(2.50 %),0,0,0,0,7403244,1.6
28/10/2022,0,0,8.8(7.32 %),0,0,0,0,7403244,1.6
31/10/2022,0,0,8.5(-3.41 %),0,0,0,0,7403244,1.6
01/11/2022,0,0,8.8(3.53 %),0,0,0,0,7403244,1.6
02/11/2022,0,0,8.7(-1.14 %),0,0,0,0,7403244,1.6
03/11/2022,0,0,8.7(0.00 %),0,0,0,0,7403244,1.6
04/11/2022,0,0,8.5(-2.30 %),0,0,0,0,7403244,1.6
07/11/2022,0,0,7.7(-9.41 %),0,0,0,0,7403244,1.6
08/11/2022,0,0,8(3.90 %),0,0,0,0,7403244,1.6
09/11/2022,0,0,7.4(-7.50 %),0,0,0,0,7403244,1.6
10/11/2022,0,0,0(0.00 %),0,0,0,0,7403244,1.6
11/11/2022,0,0,7.7(1.32 %),0,0,0,0,7403244,1.6
14/11/2022,0,0,7.5(-2.60 %),0,0,0,0,7403244,1.6
15/11/2022,0,0,7.1(-5.33 %),0,0,0,0,7403244,1.6
16/11/2022,0,0,7.1(0.00 %),0,0,0,0,7403244,1.6
17/11/2022,0,0,7.4(4.23 %),0,0,0,0,7403244,1.6
18/11/2022,0,0,7.3(-1.35 %),0,0,0,0,7403244,1.6
21/11/2022,0,0,7.9(8.22 %),0,0,0,0,7403244,1.6
22/11/2022,0,0,8.3(5.06 %),0,0,0,0,7403244,1.6
23/11/2022,0,0,8.3(0.00 %),0,0,0,0,7403244,1.6
24/11/2022,0,0,8.9(7.23 %),0,0,0,0,7403244,1.6
25/11/2022,0,0,9.7(8.99 %),0,0,0,0,7403244,1.6
28/11/2022,0,0,10.6(9.28 %),0,0,0,0,7403244,0.0
29/11/2022,0,0,11.5(8.49 %),0,0,0,0,7403244,0.0
30/11/2022,0,0,11.5(0.00 %),0,0,0,0,7403244,0.0
01/12/2022,0,0,11.5(0.00 %),0,0,0,0,7403244,0.0
02/12/2022,0,0,10.6(-7.83 %),0,0,0,0,7403244,0.0
05/12/2022,0,0,10.6(0.00 %),0,0,0,0,7403244,0.0
06/12/2022,0,0,11.4(7.55 %),0,0,0,0,7403244,0.0
07/12/2022,0,0,11.4(0.00 %),0,0,0,0,7403244,0.0
08/12/2022,0,0,11.3(-0.88 %),0,0,0,0,7403244,1.6
09/12/2022,0,0,11.3(0.00 %),0,0,0,0,7403244,1.6
12/12/2022,0,0,10.2(-9.73 %),0,0,0,0,7403244,0.0
13/12/2022,1500,16500000,10.8(5.88 %),1500,16500000,0,0,7401744,0.0
14/12/2022,0,0,10.6(-1.85 %),0,0,0,0,7401744,0.0
15/12/2022,0,0,9.7(-8.49 %),0,0,0,0,7401744,0.0
16/12/2022,0,0,9(-7.22 %),0,0,0,0,7401744,0.0
19/12/2022,0,0,8.5(-5.56 %),0,0,0,0,7401744,0.0
20/12/2022,0,0,8.7(2.35 %),0,0,0,0,7401744,0.0
21/12/2022,0,0,9.2(5.75 %),0,0,0,0,7401744,0.0
22/12/2022,0,0,9(-2.17 %),0,0,0,0,7401744,0.0
23/12/2022,0,0,8.2(-8.89 %),0,0,0,0,7401744,0.0
26/12/2022,0,0,9(9.76 %),0,0,0,0,7401744,0.0
27/12/2022,0,0,9.2(2.22 %),0,0,0,0,7401744,0.0
28/12/2022,0,0,8.8(-4.35 %),0,0,0,0,7401744,1.61
29/12/2022,0,0,9.6(9.09 %),0,0,0,0,7401744,1.61
30/12/2022,0,0,10.2(6.25 %),0,0,0,0,7401744,1.61
03/01/2023,0,0,9.6(-5.88 %),0,0,0,0,7401744,0.0
04/01/2023,0,0,9.2(-4.17 %),0,0,0,0,7401744,1.61
05/01/2023,0,0,9.7(5.43 %),0,0,0,0,7401744,1.61
06/01/2023,0,0,9.7(0.00 %),0,0,0,0,7401744,1.61
09/01/2023,3500,34300000,9.4(-3.09 %),3500,34300000,0,0,7398244,1.63
10/01/2023,0,0,9.4(0.00 %),0,0,0,0,7398244,1.63
11/01/2023,0,0,10.3(9.57 %),0,0,0,0,7398244,1.63
12/01/2023,0,0,9.7(-5.83 %),0,0,0,0,7398244,1.63
13/01/2023,0,0,10.4(7.22 %),0,0,0,0,7398244,1.63
16/01/2023,0,0,10.5(0.96 %),0,0,0,0,7398244,1.63
17/01/2023,0,0,9.6(-8.57 %),0,0,0,0,7398244,1.63
18/01/2023,0,0,9.3(-3.12 %),0,0,0,0,7398244,1.63
19/01/2023,0,0,9.5(2.15 %),0,0,0,0,7398244,1.63
27/01/2023,0,0,10.4(9.47 %),0,0,0,0,7398244,1.63
30/01/2023,0,0,9.8(-5.77 %),0,0,0,0,7398244,1.63
31/01/2023,0,0,9.6(-2.04 %),0,0,0,0,7398244,1.63
01/02/2023,0,0,9.6(0.00 %),0,0,0,0,7398244,1.63
02/02/2023,0,0,10.3(7.29 %),0,0,0,0,7398244,1.63
03/02/2023,0,0,9.4(-8.74 %),0,0,0,0,7398244,1.63
06/02/2023,0,0,9.4(0.00 %),0,0,0,0,7398244,1.63
07/02/2023,0,0,9.4(0.00 %),0,0,0,0,7398244,1.63
08/02/2023,0,0,9.5(1.06 %),0,0,0,0,7398244,1.63
09/02/2023,0,0,10(5.26 %),0,0,0,0,7398244,1.63
10/02/2023,0,0,9.4(-6.00 %),0,0,0,0,7398244,1.63
13/02/2023,0,0,9(-4.26 %),0,0,0,0,7398244,1.63
14/02/2023,0,0,8.9(-1.11 %),0,0,0,0,7398244,1.63
15/02/2023,0,0,8.9(0.00 %),0,0,0,0,7398244,1.63
16/02/2023,0,0,8.9(0.00 %),0,0,0,0,7398244,1.63
17/02/2023,0,0,8.9(0.00 %),0,0,0,0,7398244,1.63
20/02/2023,0,0,9.7(8.99 %),0,0,0,0,7398244,1.63
21/02/2023,0,0,9(-7.22 %),0,0,0,0,7398244,1.63
22/02/2023,0,0,8.7(-3.33 %),0,0,0,0,7398244,1.63
23/02/2023,0,0,9.2(5.75 %),0,0,0,0,7398244,1.63
24/02/2023,0,0,9(-2.17 %),0,0,0,0,7398244,0.0
27/02/2023,0,0,9.5(5.56 %),0,0,0,0,7398244,1.63
28/02/2023,0,0,10(5.26 %),0,0,0,0,7398244,1.63
01/03/2023,0,0,9.4(-6.00 %),0,0,0,0,7398244,1.63
02/03/2023,0,0,9(-4.26 %),0,0,0,0,7398244,1.63
03/03/2023,0,0,9(0.00 %),0,0,0,0,7398244,1.63
06/03/2023,0,0,9.9(10.00 %),0,0,0,0,7398244,1.63
07/03/2023,0,0,9.9(0.00 %),0,0,0,0,7398244,1.63
08/03/2023,0,0,9(-9.09 %),0,0,0,0,7398244,1.63
09/03/2023,0,0,9(0.00 %),0,0,0,0,7398244,1.63
10/03/2023,0,0,9(0.00 %),0,0,0,0,7398244,1.63
13/03/2023,0,0,8.9(-1.11 %),0,0,0,0,7398244,0.0
14/03/2023,0,0,9.7(8.99 %),0,0,0,0,7398244,1.63
15/03/2023,0,0,8.8(-9.28 %),0,0,0,0,7398244,1.63
16/03/2023,0,0,9.4(6.82 %),0,0,0,0,7398244,1.63
17/03/2023,0,0,9(-4.26 %),0,0,0,0,7398244,1.63
20/03/2023,0,0,9(0.00 %),0,0,0,0,7398244,1.63
21/03/2023,0,0,8.6(-4.44 %),0,0,0,0,7398244,1.63
22/03/2023,0,0,8.5(-1.16 %),0,0,0,0,7398244,1.63
23/03/2023,0,0,8.5(0.00 %),0,0,0,0,7398244,1.63
24/03/2023,0,0,8.7(2.35 %),0,0,0,0,7398244,1.63
27/03/2023,0,0,8.7(0.00 %),0,0,0,0,7398244,1.63
28/03/2023,0,0,8.5(-2.30 %),0,0,0,0,7398244,0.0
29/03/2023,0,0,8.4(-1.18 %),0,0,0,0,7398244,1.63
30/03/2023,0,0,8.8(4.76 %),0,0,0,0,7398244,1.63
31/03/2023,0,0,8.9(1.14 %),0,0,0,0,7398244,1.63
03/04/2023,0,0,8.9(0.00 %),0,0,0,0,7398244,1.63
04/04/2023,0,0,8.4(-5.62 %),0,0,0,0,7398244,1.63
05/04/2023,0,0,8.4(0.00 %),0,0,0,0,7398244,1.63
06/04/2023,0,0,8.7(3.57 %),0,0,0,0,7398244,1.63
07/04/2023,0,0,8.7(0.00 %),0,0,0,0,7398244,1.63
10/04/2023,0,0,9.4(8.05 %),0,0,0,0,7398244,1.63
11/04/2023,0,0,8.6(-8.51 %),0,0,0,0,7398244,1.63
12/04/2023,0,0,8.8(2.33 %),0,0,0,0,7398244,1.63
13/04/2023,0,0,8.6(-2.27 %),0,0,0,0,7398244,1.63
14/04/2023,0,0,8.6(0.00 %),0,0,0,0,7398244,1.63
17/04/2023,0,0,8.6(0.00 %),0,0,0,0,7398244,1.63
18/04/2023,0,0,8.6(0.00 %),0,0,0,0,7398244,1.63
19/04/2023,0,0,8.6(0.00 %),0,0,0,0,7398244,1.63
20/04/2023,0,0,8.5(-1.16 %),0,0,0,0,7398244,1.63
21/04/2023,0,0,8.5(0.00 %),0,0,0,0,7398244,1.63
24/04/2023,0,0,8.8(3.53 %),0,0,0,0,7398244,1.63
25/04/2023,0,0,8.8(0.00 %),0,0,0,0,7398244,1.63
26/04/2023,0,0,8.8(0.00 %),0,0,0,0,7398244,1.63
27/04/2023,0,0,8.8(0.00 %),0,0,0,0,7398244,1.63
28/04/2023,0,0,8.5(-3.41 %),0,0,0,0,7398244,1.63
04/05/2023,0,0,9(5.88 %),0,0,0,0,7398244,1.63
05/05/2023,0,0,8.9(-1.11 %),0,0,0,0,7398244,1.63
08/05/2023,0,0,9.3(4.49 %),0,0,0,0,7398244,1.63
09/05/2023,0,0,9.3(0.00 %),0,0,0,0,7398244,1.63
10/05/2023,0,0,9.4(1.08 %),0,0,0,0,7398244,1.63
11/05/2023,0,0,9.4(0.00 %),0,0,0,0,7398244,1.63
12/05/2023,0,0,9.4(0.00 %),0,0,0,0,7398244,1.63
15/05/2023,0,0,9.4(0.00 %),0,0,0,0,7398244,1.63
16/05/2023,0,0,9.4(0.00 %),0,0,0,0,7398244,1.63
17/05/2023,0,0,9.2(-2.13 %),0,0,0,0,7398244,1.63
18/05/2023,0,0,9.2(0.00 %),0,0,0,0,7398244,1.63
19/05/2023,0,0,9.3(1.09 %),0,0,0,0,7398244,1.63
22/05/2023,0,0,9.7(4.30 %),0,0,0,0,7398244,1.63
23/05/2023,0,0,9(-7.22 %),0,0,0,0,7398244,1.63
24/05/2023,0,0,9(0.00 %),0,0,0,0,7398244,1.63
25/05/2023,0,0,9(0.00 %),0,0,0,0,7398244,1.63
26/05/2023,0,0,9(0.00 %),0,0,0,0,7398244,1.63
29/05/2023,0,0,9(0.00 %),0,0,0,0,7398244,1.63
30/05/2023,0,0,9(0.00 %),0,0,0,0,7398244,1.63
31/05/2023,0,0,8.9(-1.11 %),0,0,0,0,7398244,1.63
01/06/2023,0,0,8.8(-1.12 %),0,0,0,0,7398244,1.63
02/06/2023,0,0,8.8(0.00 %),0,0,0,0,7398244,1.63
05/06/2023,0,0,8.8(0.00 %),0,0,0,0,7398244,1.63
06/06/2023,0,0,9.6(9.09 %),0,0,0,0,7398244,1.63
07/06/2023,0,0,9.4(-2.08 %),0,0,0,0,7398244,1.63
08/06/2023,0,0,9.5(1.06 %),0,0,0,0,7398244,1.63
09/06/2023,0,0,8.8(-7.37 %),0,0,0,0,7398244,1.63
12/06/2023,0,0,8.5(-3.41 %),0,0,0,0,7398244,1.63
13/06/2023,0,0,9.2(8.24 %),0,0,0,0,7398244,1.63
14/06/2023,0,0,9.5(3.26 %),0,0,0,0,7398244,1.63
15/06/2023,0,0,9.1(-4.21 %),0,0,0,0,7398244,1.63
16/06/2023,0,0,8.6(-5.49 %),0,0,0,0,-254395,1.63
19/06/2023,0,0,9(4.65 %),0,0,0,0,-254395,1.63
20/06/2023,0,0,0(0.00 %),0,0,0,0,-254395,1.63
21/06/2023,0,0,9(0.00 %),0,0,0,0,-254395,1.63
22/06/2023,0,0,8.6(-4.44 %),0,0,0,0,0,49.0
23/06/2023,0,0,8.8(2.33 %),0,0,0,0,-254395,1.63
26/06/2023,0,0,8.8(0.00 %),0,0,0,0,-254395,1.63
27/06/2023,0,0,8.6(-2.27 %),0,0,0,0,-254395,1.63
28/06/2023,0,0,8.9(3.49 %),0,0,0,0,-254395,1.63
29/06/2023,0,0,8.7(-2.25 %),0,0,0,0,-254395,1.63
30/06/2023,0,0,0(0.00 %),0,0,0,0,-254395,1.63
03/07/2023,0,0,8.8(0.00 %),0,0,0,0,-254395,1.63
04/07/2023,0,0,9(2.27 %),0,0,0,0,-254395,1.63
05/07/2023,-1000,-9100000,9.1(1.11 %),0,0,1000,9100000,-254395,1.63
06/07/2023,-9100,-82810000,9.5(4.40 %),0,0,9100,82810000,-254395,1.63
07/07/2023,0,0,8.6(-9.47 %),0,0,0,0,-253395,1.62
10/07/2023,0,0,0(0.00 %),0,0,0,0,-244295,1.56
11/07/2023,-1500,-13200000,8.8(1.15 %),0,0,1500,13200000,-244295,1.56
12/07/2023,0,0,9.6(9.09 %),0,0,0,0,-244295,1.56
13/07/2023,0,0,10.3(7.29 %),0,0,0,0,-242795,1.55
14/07/2023,0,0,10.4(0.97 %),0,0,0,0,-242795,1.55
17/07/2023,0,0,10.4(0.00 %),0,0,0,0,-242795,1.55
18/07/2023,0,0,10.1(-2.88 %),0,0,0,0,-242795,1.55
19/07/2023,0,0,10(-0.99 %),0,0,0,0,-242795,1.55
20/07/2023,0,0,9.8(-2.00 %),0,0,0,0,-242795,1.55
21/07/2023,0,0,10(2.04 %),0,0,0,0,-242795,1.55
24/07/2023,0,0,10(0.00 %),0,0,0,0,-242795,1.55
25/07/2023,0,0,9.9(-1.00 %),0,0,0,0,-242795,1.55
26/07/2023,0,0,10(1.01 %),0,0,0,0,0,49.0
27/07/2023,0,0,11(10.00 %),0,0,0,0,0,49.0
28/07/2023,0,0,12.1(10.00 %),0,0,0,0,0,0.0
31/07/2023,0,0,12.2(0.83 %),0,0,0,0,-242795,1.55
01/08/2023,0,0,12.2(0.00 %),0,0,0,0,-242795,1.55
02/08/2023,0,0,12(-1.64 %),0,0,0,0,-242795,1.55
03/08/2023,0,0,12(0.00 %),0,0,0,0,-242795,1.55
04/08/2023,0,0,12.1(0.83 %),0,0,0,0,0,1.55
07/08/2023,0,0,11.9(-1.65 %),0,0,0,0,0,49.0
08/08/2023,0,0,11.9(0.00 %),0,0,0,0,0,49.0
09/08/2023,0,0,11.9(0.00 %),0,0,0,0,0,49.0
10/08/2023,0,0,11.9(0.00 %),0,0,0,0,0,49.0
11/08/2023,0,0,13(9.24 %),0,0,0,0,0,49.0
14/08/2023,0,0,13(0.00 %),0,0,0,0,0,1.55
15/08/2023,0,0,12.6(-3.08 %),0,0,0,0,-242795,1.55
16/08/2023,0,0,12.9(2.38 %),0,0,0,0,-242795,1.55
17/08/2023,0,0,12.1(-6.20 %),0,0,0,0,-242795,1.55
18/08/2023,0,0,12.5(3.31 %),0,0,0,0,-242795,1.55
21/08/2023,0,0,12.3(-1.60 %),0,0,0,0,-242795,1.55
22/08/2023,0,0,11.9(-3.25 %),0,0,0,0,-242795,1.55
23/08/2023,0,0,11.5(-3.36 %),0,0,0,0,-242795,1.55
24/08/2023,0,0,11.4(-0.87 %),0,0,0,0,-242795,1.55
25/08/2023,0,0,12(5.26 %),0,0,0,0,0,0.0
28/08/2023,0,0,11.5(-4.17 %),0,0,0,0,-242795,1.55
29/08/2023,0,0,10.4(-9.57 %),0,0,0,0,-242795,1.55
30/08/2023,0,0,10.2(-1.92 %),0,0,0,0,-242795,1.55
31/08/2023,0,0,10.8(5.88 %),0,0,0,0,-242795,1.55
05/09/2023,-2400,-23750000,10.4(-3.70 %),0,0,2400,23750000,-242795,1.55
06/09/2023,0,0,10.4(0.00 %),0,0,0,0,0,0.0
07/09/2023,0,0,10.4(0.00 %),0,0,0,0,-240395,1.54
08/09/2023,0,0,10.3(-0.96 %),0,0,0,0,-240395,1.54
11/09/2023,0,0,10.5(1.94 %),0,0,0,0,-240395,1.54
12/09/2023,0,0,10.2(-2.86 %),0,0,0,0,-240395,1.54
13/09/2023,-61,-610000,10.2(0.00 %),0,0,61,610000,-240395,1.54
14/09/2023,0,0,10.2(0.00 %),0,0,0,0,-240395,1.54
15/09/2023,0,0,0(0.00 %),0,0,0,0,-240334,1.54
18/09/2023,-3500,-34300000,10.4(1.96 %),0,0,3500,34300000,0,49.0
19/09/2023,0,0,0(0.00 %),0,0,0,0,0,49.0
20/09/2023,0,0,10.3(1.98 %),0,0,0,0,0,49.0
21/09/2023,0,0,10.4(0.97 %),0,0,0,0,-236834,1.52
22/09/2023,0,0,10(-3.85 %),0,0,0,0,-236834,1.52
25/09/2023,-7,-66500,9.3(-7.00 %),0,0,7,66500,-236834,1.52
26/09/2023,0,0,9.6(3.23 %),0,0,0,0,-236834,1.52
27/09/2023,0,0,9.4(-2.08 %),0,0,0,0,0,0.0
28/09/2023,0,0,9.2(-2.13 %),0,0,0,0,0,0.0
29/09/2023,0,0,9.2(0.00 %),0,0,0,0,-236827,1.52
02/10/2023,0,0,9.5(3.26 %),0,0,0,0,-236827,1.52
03/10/2023,0,0,9(-5.26 %),0,0,0,0,-236827,1.52
04/10/2023,0,0,9.1(1.11 %),0,0,0,0,-236827,1.52
05/10/2023,0,0,9.3(2.20 %),0,0,0,0,-236827,1.52
06/10/2023,0,0,9.6(3.23 %),0,0,0,0,-236827,1.52
09/10/2023,0,0,10.2(6.25 %),0,0,0,0,-236827,1.52
10/10/2023,0,0,10.1(-0.98 %),0,0,0,0,-236827,1.52
11/10/2023,0,0,10.1(0.00 %),0,0,0,0,-236827,1.52
12/10/2023,0,0,9.8(-2.97 %),0,0,0,0,-236827,1.52
13/10/2023,0,0,9.4(-4.08 %),0,0,0,0,-236827,1.52
16/10/2023,0,0,9.3(-1.06 %),0,0,0,0,-236827,1.52
17/10/2023,0,0,9.4(1.08 %),0,0,0,0,-236827,1.52
18/10/2023,0,0,9.3(-1.06 %),0,0,0,0,-236827,1.52
19/10/2023,0,0,9.4(1.08 %),0,0,0,0,-236827,1.52
20/10/2023,0,0,9.5(1.06 %),0,0,0,0,-236827,1.52
23/10/2023,0,0,8.9(-6.32 %),0,0,0,0,-236827,1.52
24/10/2023,-2000,-17230000,9.1(2.25 %),0,0,2000,17230000,0,0.0
25/10/2023,0,0,9.2(1.10 %),0,0,0,0,-236827,1.52
26/10/2023,0,0,8.8(-4.35 %),0,0,0,0,-234827,1.5
27/10/2023,0,0,0(0.00 %),0,0,0,0,-234827,1.5
30/10/2023,0,0,9(0.00 %),0,0,0,0,-234827,1.5
31/10/2023,0,0,8.6(-4.44 %),0,0,0,0,-234827,1.5
01/11/2023,0,0,8.3(-3.49 %),0,0,0,0,-234827,1.5
02/11/2023,0,0,8.5(2.41 %),0,0,0,0,-234827,1.5
03/11/2023,0,0,8.5(0.00 %),0,0,0,0,-234827,1.5
06/11/2023,0,0,8.5(0.00 %),0,0,0,0,-234827,1.5
07/11/2023,0,0,8.5(0.00 %),0,0,0,0,0,49.0
08/11/2023,0,0,8.5(0.00 %),0,0,0,0,-234827,1.5
09/11/2023,0,0,8.4(-1.18 %),0,0,0,0,-234827,1.5
10/11/2023,0,0,8.4(0.00 %),0,0,0,0,-234827,1.5
13/11/2023,0,0,8.3(-1.19 %),0,0,0,0,-234827,1.5
14/11/2023,0,0,8.2(-1.20 %),0,0,0,0,-234827,0.15
15/11/2023,0,0,8.4(2.44 %),0,0,0,0,-234827,1.5
16/11/2023,0,0,8.9(5.95 %),0,0,0,0,0,49.0
17/11/2023,0,0,8.5(-4.49 %),0,0,0,0,-234827,1.5
20/11/2023,0,0,8.2(-3.53 %),0,0,0,0,-234827,1.5
21/11/2023,0,0,8.2(0.00 %),0,0,0,0,-234827,1.5
22/11/2023,0,0,8.2(0.00 %),0,0,0,0,-234827,1.5
23/11/2023,0,0,8.4(2.44 %),0,0,0,0,0,49.0
24/11/2023,0,0,8.1(-3.57 %),0,0,0,0,0,49.0
27/11/2023,0,0,8.2(1.23 %),0,0,0,0,0,49.0
28/11/2023,0,0,8.1(-1.22 %),0,0,0,0,0,49.0
29/11/2023,0,0,8(-1.23 %),0,0,0,0,0,49.0
30/11/2023,0,0,8.4(5.00 %),0,0,0,0,0,49.0
01/12/2023,0,0,8.2(-2.38 %),0,0,0,0,0,49.0
04/12/2023,0,0,8.2(0.00 %),0,0,0,0,0,49.0
05/12/2023,0,0,8.3(1.22 %),0,0,0,0,0,49.0
06/12/2023,0,0,8.2(-1.20 %),0,0,0,0,0,49.0
07/12/2023,0,0,8(-2.44 %),0,0,0,0,0,49.0
08/12/2023,0,0,7.9(-1.25 %),0,0,0,0,0,49.0
11/12/2023,0,0,8.2(3.80 %),0,0,0,0,0,49.0
12/12/2023,0,0,8.3(1.22 %),0,0,0,0,0,49.0
13/12/2023,0,0,8.2(-1.20 %),0,0,0,0,0,49.0
14/12/2023,0,0,8(-2.44 %),0,0,0,0,0,49.0
15/12/2023,0,0,8.2(2.50 %),0,0,0,0,0,49.0
18/12/2023,0,0,8.2(0.00 %),0,0,0,0,0,49.0
19/12/2023,0,0,8.1(-1.22 %),0,0,0,0,0,49.0
20/12/2023,0,0,8.1(0.00 %),0,0,0,0,0,49.0
21/12/2023,0,0,8.1(0.00 %),0,0,0,0,0,49.0
22/12/2023,0,0,8(-1.23 %),0,0,0,0,0,49.0
25/12/2023,0,0,8(0.00 %),0,0,0,0,0,49.0
26/12/2023,0,0,8(0.00 %),0,0,0,0,-234827,1.5
27/12/2023,0,0,7.9(-1.25 %),0,0,0,0,0,0.0
28/12/2023,0,0,8(1.27 %),0,0,0,0,0,0.0
29/12/2023,0,0,8.1(1.25 %),0,0,0,0,-234827,1.5
02/01/2024,0,0,7.9(-2.47 %),0,0,0,0,-234827,1.5
03/01/2024,0,0,7.9(0.00 %),0,0,0,0,0,49.0
04/01/2024,0,0,7.9(0.00 %),0,0,0,0,0,49.0
05/01/2024,0,0,7.5(-5.06 %),0,0,0,0,0,49.0
08/01/2024,0,0,7.8(4.00 %),0,0,0,0,0,49.0
09/01/2024,0,0,7.5(-3.85 %),0,0,0,0,-234827,1.5
10/01/2024,0,0,7.7(2.67 %),0,0,0,0,-234827,1.5
11/01/2024,0,0,7.6(-1.30 %),0,0,0,0,-234827,1.5
12/01/2024,0,0,7.5(-1.32 %),0,0,0,0,0,49.0
15/01/2024,0,0,7.5(0.00 %),0,0,0,0,-234827,1.5
16/01/2024,0,0,7.5(0.00 %),0,0,0,0,-234827,1.5
17/01/2024,0,0,7.4(-1.33 %),0,0,0,0,-234827,1.5
18/01/2024,0,0,7.6(2.70 %),0,0,0,0,0,49.0
19/01/2024,0,0,7.5(-1.32 %),0,0,0,0,0,49.0
22/01/2024,0,0,7.6(1.33 %),0,0,0,0,0,49.0
23/01/2024,0,0,7.8(2.63 %),0,0,0,0,0,49.0
24/01/2024,0,0,7.8(0.00 %),0,0,0,0,0,49.0
25/01/2024,0,0,7.5(1.35 %),0,0,0,0,0,49.0
26/01/2024,0,0,7.6(1.33 %),0,0,0,0,0,49.0
29/01/2024,0,0,7.7(1.32 %),0,0,0,0,-234827,1.5
30/01/2024,-4200,-30250000,7.7(0.00 %),0,0,4200,30250000,-234827,1.5
31/01/2024,0,0,7.7(0.00 %),0,0,0,0,-234827,1.5
01/02/2024,0,0,7.5(-2.60 %),0,0,0,0,0,49.0
02/02/2024,0,0,7.5(0.00 %),0,0,0,0,-230627,1.48
05/02/2024,0,0,7.5(0.00 %),0,0,0,0,0,0.0
06/02/2024,0,0,7.5(0.00 %),0,0,0,0,-230627,1.48
07/02/2024,0,0,7.5(0.00 %),0,0,0,0,-230627,1.48
15/02/2024,0,0,7.3(-2.67 %),0,0,0,0,-230627,1.48
16/02/2024,0,0,7.6(4.11 %),0,0,0,0,-230627,1.48
19/02/2024,0,0,7.6(0.00 %),0,0,0,0,-230627,1.48
20/02/2024,0,0,7.3(-3.95 %),0,0,0,0,-230627,1.48
21/02/2024,0,0,7.3(0.00 %),0,0,0,0,-230627,1.48
22/02/2024,0,0,7.5(2.74 %),0,0,0,0,-230627,1.48
23/02/2024,0,0,7.5(0.00 %),0,0,0,0,0,0.0
26/02/2024,0,0,7.3(-2.67 %),0,0,0,0,-230627,1.48
27/02/2024,0,0,7.4(1.37 %),0,0,0,0,0,0.0
28/02/2024,0,0,8(8.11 %),0,0,0,0,0,0.0
29/02/2024,0,0,7.6(-5.00 %),0,0,0,0,-230627,1.48
01/03/2024,0,0,7.8(2.63 %),0,0,0,0,0,0.0
04/03/2024,0,0,8(2.56 %),0,0,0,0,0,0.0
05/03/2024,0,0,8(0.00 %),0,0,0,0,-230627,1.48
06/03/2024,0,0,7.7(-3.75 %),0,0,0,0,0,0.0
07/03/2024,0,0,7.5(-2.60 %),0,0,0,0,0,0.0
08/03/2024,0,0,8(6.67 %),0,0,0,0,0,0.0
11/03/2024,0,0,8(0.00 %),0,0,0,0,0,0.0
12/03/2024,0,0,7.4(-7.50 %),0,0,0,0,-230627,1.48
13/03/2024,0,0,7.6(2.70 %),0,0,0,0,-230627,1.48
14/03/2024,0,0,7.3(-3.95 %),0,0,0,0,0,0.0
15/03/2024,0,0,7.3(0.00 %),0,0,0,0,0,0.0
18/03/2024,0,0,7.2(-1.37 %),0,0,0,0,-230627,1.48
19/03/2024,0,0,7.5(4.17 %),0,0,0,0,-230627,1.48
20/03/2024,0,0,7.3(-2.67 %),0,0,0,0,0,0.0
21/03/2024,0,0,7.4(1.37 %),0,0,0,0,0,0.0
22/03/2024,0,0,7.3(-1.35 %),0,0,0,0,0,0.0
25/03/2024,0,0,7.4(1.37 %),0,0,0,0,-230627,1.48
26/03/2024,0,0,7.5(1.35 %),0,0,0,0,0,0.0
27/03/2024,0,0,7.8(4.00 %),0,0,0,0,-230627,1.48
28/03/2024,0,0,8.5(8.97 %),0,0,0,0,-230627,1.48
29/03/2024,0,0,9.3(9.41 %),0,0,0,0,-230627,1.48
01/04/2024,0,0,9.5(2.15 %),0,0,0,0,-230627,1.48
02/04/2024,0,0,9(-5.26 %),0,0,0,0,0,0.0
03/04/2024,0,0,9.3(3.33 %),0,0,0,0,-230627,1.48
04/04/2024,0,0,9.4(1.08 %),0,0,0,0,0,0.0
05/04/2024,0,0,9.6(2.13 %),0,0,0,0,-230627,1.48
08/04/2024,0,0,9.6(0.00 %),0,0,0,0,0,0.0
09/04/2024,0,0,9.6(0.00 %),0,0,0,0,0,0.0
10/04/2024,0,0,9.4(-2.08 %),0,0,0,0,0,0.0
11/04/2024,0,0,9.1(-3.19 %),0,0,0,0,-230627,1.48
12/04/2024,0,0,9.4(3.30 %),0,0,0,0,-230627,1.48
15/04/2024,0,0,9(-4.26 %),0,0,0,0,0,0.0
16/04/2024,0,0,8.8(-2.22 %),0,0,0,0,0,0.0
17/04/2024,0,0,9.6(9.09 %),0,0,0,0,0,0.0
19/04/2024,0,0,8.7(-9.38 %),0,0,0,0,0,0.0
22/04/2024,0,0,9.1(4.60 %),0,0,0,0,-230627,1.48
23/04/2024,0,0,9.2(1.10 %),0,0,0,0,-230627,1.48
24/04/2024,0,0,9(-2.17 %),0,0,0,0,0,0.0
25/04/2024,0,0,9(0.00 %),0,0,0,0,0,0.0
26/04/2024,0,0,8.7(-3.33 %),0,0,0,0,-230627,1.48
02/05/2024,0,0,8.7(0.00 %),0,0,0,0,-230627,1.48
03/05/2024,0,0,8.2(-5.75 %),0,0,0,0,-230627,1.48
06/05/2024,0,0,8.4(2.44 %),0,0,0,0,-230627,1.48
07/05/2024,0,0,8.4(0.00 %),0,0,0,0,-230627,1.48
08/05/2024,0,0,8.4(0.00 %),0,0,0,0,-230627,1.48
09/05/2024,0,0,8.5(1.19 %),0,0,0,0,-230627,1.48
10/05/2024,0,0,8.5(0.00 %),0,0,0,0,-230627,1.48
13/05/2024,0,0,8.2(-3.53 %),0,0,0,0,-230627,1.48
14/05/2024,0,0,8.9(8.54 %),0,0,0,0,0,0.0
15/05/2024,0,0,9(1.12 %),0,0,0,0,0,0.0
16/05/2024,0,0,8.8(-2.22 %),0,0,0,0,0,0.0
17/05/2024,0,0,9(2.27 %),0,0,0,0,-230627,1.48
20/05/2024,0,0,9.2(2.22 %),0,0,0,0,-230627,1.48
21/05/2024,0,0,9.4(2.17 %),0,0,0,0,-230627,1.48
22/05/2024,0,0,9.3(-1.06 %),0,0,0,0,-230627,1.48
23/05/2024,0,0,9.3(0.00 %),0,0,0,0,-230627,1.48
24/05/2024,0,0,9.2(-1.08 %),0,0,0,0,0,0.0
27/05/2024,0,0,9.2(0.00 %),0,0,0,0,-230627,1.48
28/05/2024,0,0,9.1(-1.09 %),0,0,0,0,-230627,1.48
29/05/2024,0,0,9.3(2.20 %),0,0,0,0,-230627,1.48
30/05/2024,0,0,9.1(-2.15 %),0,0,0,0,-230627,1.48
31/05/2024,0,0,9.2(1.10 %),0,0,0,0,-230627,1.48
03/06/2024,0,0,9.1(-1.09 %),0,0,0,0,0,0.0
04/06/2024,0,0,9.2(1.10 %),0,0,0,0,0,0.0
05/06/2024,0,0,9.1(-1.09 %),0,0,0,0,0,0.0
06/06/2024,0,0,9.3(2.20 %),0,0,0,0,-230627,1.48
07/06/2024,0,0,9.5(2.15 %),0,0,0,0,-230627,1.48
10/06/2024,0,0,9.3(-2.11 %),0,0,0,0,0,0.0
11/06/2024,0,0,9.3(0.00 %),0,0,0,0,0,49.0
12/06/2024,0,0,9.4(1.08 %),0,0,0,0,-230627,1.48
13/06/2024,0,0,9.4(0.00 %),0,0,0,0,-230627,1.48
14/06/2024,0,0,10.3(9.57 %),0,0,0,0,-230627,1.48
17/06/2024,0,0,10.2(-0.97 %),0,0,0,0,-230627,1.48
18/06/2024,0,0,10.6(3.92 %),0,0,0,0,-230627,1.48
19/06/2024,0,0,10.7(0.94 %),0,0,0,0,-230627,1.48
20/06/2024,0,0,10.1(-5.61 %),0,0,0,0,-230627,1.48
21/06/2024,0,0,10.5(3.96 %),0,0,0,0,-230627,1.48
24/06/2024,0,0,10.3(-1.90 %),0,0,0,0,-230627,1.48
25/06/2024,0,0,10.4(0.97 %),0,0,0,0,-230627,1.48
26/06/2024,0,0,10(-3.85 %),0,0,0,0,-230627,1.48
27/06/2024,0,0,9.7(-3.00 %),0,0,0,0,-230627,1.48
28/06/2024,0,0,10(3.09 %),0,0,0,0,-230627,1.48
03/07/2024,0,0,10.1(0.00 %),0,0,0,0,0,49.0
04/07/2024,0,0,9.9(-1.98 %),0,0,0,0,0,0.0
05/07/2024,0,0,9.7(-2.02 %),0,0,0,0,0,0.0
08/07/2024,0,0,9.9(2.06 %),0,0,0,0,0,0.0
09/07/2024,0,0,9.9(0.00 %),0,0,0,0,0,0.0
10/07/2024,0,0,9.7(-2.02 %),0,0,0,0,0,0.0
11/07/2024,0,0,9.9(2.06 %),0,0,0,0,0,0.0
12/07/2024,0,0,9.5(-4.04 %),0,0,0,0,0,0.0
15/07/2024,0,0,9.7(2.11 %),0,0,0,0,0,0.0
16/07/2024,0,0,9.7(0.00 %),0,0,0,0,0,0.0
17/07/2024,0,0,9.6(-1.03 %),0,0,0,0,0,0.0
18/07/2024,0,0,9.5(-1.04 %),0,0,0,0,0,0.0
19/07/2024,0,0,9.5(0.00 %),0,0,0,0,0,0.0
22/07/2024,0,0,8.9(-6.32 %),0,0,0,0,0,0.0
23/07/2024,0,0,9.3(4.49 %),0,0,0,0,0,0.0
24/07/2024,0,0,9.6(3.23 %),0,0,0,0,0,0.0
25/07/2024,0,0,9.3(-3.12 %),0,0,0,0,0,0.0
26/07/2024,0,0,8.7(-6.45 %),0,0,0,0,0,0.0
29/07/2024,0,0,9(3.45 %),0,0,0,0,0,0.0
30/07/2024,0,0,9(0.00 %),0,0,0,0,0,0.0
31/07/2024,0,0,9(0.00 %),0,0,0,0,0,0.0
01/08/2024,0,0,9(0.00 %),0,0,0,0,0,0.0
02/08/2024,0,0,9.5(5.56 %),0,0,0,0,0,0.0
05/08/2024,0,0,8.6(-9.47 %),0,0,0,0,0,0.0
06/08/2024,0,0,8.8(2.33 %),0,0,0,0,0,0.0
07/08/2024,0,0,8.9(1.14 %),0,0,0,0,0,0.0
08/08/2024,0,0,8.4(-5.62 %),0,0,0,0,0,0.0
09/08/2024,0,0,9(7.14 %),0,0,0,0,0,0.0
12/08/2024,0,0,8.8(-2.22 %),0,0,0,0,0,0.0
13/08/2024,0,0,9(2.27 %),0,0,0,0,0,0.0
14/08/2024,0,0,8.7(-3.33 %),0,0,0,0,0,0.0
15/08/2024,0,0,8.4(-3.45 %),0,0,0,0,0,0.0
16/08/2024,0,0,8.4(0.00 %),0,0,0,0,0,0.0
19/08/2024,0,0,8.3(-1.19 %),0,0,0,0,0,0.0
20/08/2024,0,0,8.1(-2.41 %),0,0,0,0,0,0.0
21/08/2024,0,0,8.1(0.00 %),0,0,0,0,0,0.0
22/08/2024,0,0,7.9(-2.47 %),0,0,0,0,0,0.0
23/08/2024,0,0,8(1.27 %),0,0,0,0,0,0.0
26/08/2024,0,0,8(0.00 %),0,0,0,0,0,0.0
27/08/2024,0,0,7.8(-2.50 %),0,0,0,0,0,0.0
28/08/2024,0,0,7.6(-2.56 %),0,0,0,0,0,0.0
29/08/2024,0,0,7.7(1.32 %),0,0,0,0,0,0.0
30/08/2024,0,0,7.8(1.30 %),0,0,0,0,0,0.0
04/09/2024,0,0,7.3(-6.41 %),0,0,0,0,0,0.0
05/09/2024,0,0,7.9(8.22 %),0,0,0,0,0,0.0
06/09/2024,0,0,7.6(-3.80 %),0,0,0,0,0,0.0
09/09/2024,0,0,7.4(-2.63 %),0,0,0,0,0,0.0
10/09/2024,0,0,7.2(-2.70 %),0,0,0,0,0,0.0
11/09/2024,0,0,7.6(5.56 %),0,0,0,0,0,0.0
12/09/2024,0,0,7.4(-2.63 %),0,0,0,0,0,0.0
13/09/2024,0,0,7.4(0.00 %),0,0,0,0,0,0.0
16/09/2024,0,0,7.2(-2.70 %),0,0,0,0,0,0.0
17/09/2024,0,0,7.4(2.78 %),0,0,0,0,0,0.0
18/09/2024,0,0,7.3(-1.35 %),0,0,0,0,0,0.0
19/09/2024,0,0,7.4(1.37 %),0,0,0,0,0,0.0
20/09/2024,0,0,7.4(0.00 %),0,0,0,0,0,0.0
23/09/2024,0,0,7.2(-2.70 %),0,0,0,0,0,0.0
24/09/2024,0,0,7.1(-1.39 %),0,0,0,0,0,0.0
25/09/2024,0,0,7.2(1.41 %),0,0,0,0,0,0.0
26/09/2024,0,0,7(-2.78 %),0,0,0,0,0,0.0
27/09/2024,0,0,7.1(1.43 %),0,0,0,0,0,0.0
30/09/2024,0,0,7.1(0.00 %),0,0,0,0,0,0.0
01/10/2024,0,0,7.1(0.00 %),0,0,0,0,0,0.0
02/10/2024,0,0,7.1(0.00 %),0,0,0,0,0,0.0
03/10/2024,0,0,7(-1.41 %),0,0,0,0,0,0.0
04/10/2024,0,0,7(0.00 %),0,0,0,0,0,0.0
07/10/2024,0,0,6.9(-1.43 %),0,0,0,0,0,0.0
08/10/2024,0,0,7.1(2.90 %),0,0,0,0,0,0.0
09/10/2024,0,0,6.7(-5.63 %),0,0,0,0,0,0.0
10/10/2024,0,0,7(4.48 %),0,0,0,0,0,0.0
11/10/2024,0,0,7.1(1.43 %),0,0,0,0,0,0.0
14/10/2024,0,0,7.1(0.00 %),0,0,0,0,0,0.0
15/10/2024,0,0,7.1(0.00 %),0,0,0,0,0,0.0
16/10/2024,0,0,7.1(0.00 %),0,0,0,0,0,0.0
17/10/2024,0,0,7.1(0.00 %),0,0,0,0,0,0.0
18/10/2024,0,0,7.1(0.00 %),0,0,0,0,0,0.0
21/10/2024,0,0,7.1(0.00 %),0,0,0,0,0,0.0
22/10/2024,0,0,7.1(0.00 %),0,0,0,0,0,0.0
23/10/2024,0,0,7.1(0.00 %),0,0,0,0,0,0.0
24/10/2024,0,0,7(-1.41 %),0,0,0,0,0,0.0
25/10/2024,0,0,6.9(-1.43 %),0,0,0,0,0,0.0
28/10/2024,0,0,6.9(0.00 %),0,0,0,0,0,0.0
29/10/2024,0,0,7(1.45 %),0,0,0,0,0,0.0
30/10/2024,0,0,7(0.00 %),0,0,0,0,0,0.0
31/10/2024,0,0,6.9(-1.43 %),0,0,0,0,0,0.0
01/11/2024,0,0,6.9(0.00 %),0,0,0,0,0,0.0
04/11/2024,0,0,6.9(0.00 %),0,0,0,0,0,0.0
05/11/2024,0,0,6.7(-2.90 %),0,0,0,0,0,0.0
06/11/2024,0,0,6.9(2.99 %),0,0,0,0,0,0.0
07/11/2024,0,0,6.9(0.00 %),0,0,0,0,0,0.0
08/11/2024,0,0,6.8(-1.45 %),0,0,0,0,0,0.0
11/11/2024,0,0,6.9(1.47 %),0,0,0,0,0,0.0
12/11/2024,0,0,6.9(0.00 %),0,0,0,0,-230627,1.48
13/11/2024,0,0,6.9(0.00 %),0,0,0,0,0,0.0
14/11/2024,0,0,7(1.45 %),0,0,0,0,0,0.0
15/11/2024,0,0,7(0.00 %),0,0,0,0,0,0.0
18/11/2024,0,0,6.9(-1.43 %),0,0,0,0,0,0.0
19/11/2024,0,0,7.1(2.90 %),0,0,0,0,0,0.0
20/11/2024,0,0,6.8(-4.23 %),0,0,0,0,0,0.0
21/11/2024,0,0,6.8(0.00 %),0,0,0,0,0,0.0
22/11/2024,0,0,6.8(0.00 %),0,0,0,0,0,0.0
25/11/2024,0,0,7(2.94 %),0,0,0,0,-230627,1.48
26/11/2024,0,0,6.8(-2.86 %),0,0,0,0,-230627,1.48
27/11/2024,0,0,6.8(0.00 %),0,0,0,0,-230627,1.48
28/11/2024,0,0,0(0.00 %),0,0,0,0,-230627,1.48
29/11/2024,0,0,0(0.00 %),0,0,0,0,-230627,1.48
02/12/2024,0,0,0(0.00 %),0,0,0,0,-230627,1.48
03/12/2024,0,0,0(0.00 %),0,0,0,0,-230627,1.48
04/12/2024,0,0,0(0.00 %),0,0,0,0,-230627,1.48
05/12/2024,0,0,0(0.00 %),0,0,0,0,-230627,1.48
09/12/2024,0,0,6.7(-1.47 %),0,0,0,0,-230627,1.48
10/12/2024,0,0,6.8(1.49 %),0,0,0,0,-230627,1.48
16/12/2024,0,0,7(0.00 %),0,0,0,0,-230627,1.48
17/12/2024,0,0,6.7(-4.29 %),0,0,0,0,-230627,1.48
18/12/2024,0,0,7(4.48 %),0,0,0,0,-230627,1.48
19/12/2024,0,0,7.3(4.29 %),0,0,0,0,-230627,1.48
20/12/2024,0,0,7.4(1.37 %),0,0,0,0,-230627,1.48
24/12/2024,0,0,7.8(0.00 %),0,0,0,0,-230627,1.48
25/12/2024,0,0,7.6(-2.56 %),0,0,0,0,-230627,1.48
26/12/2024,0,0,7.4(-2.63 %),0,0,0,0,-230627,1.48
27/12/2024,0,0,7.5(1.35 %),0,0,0,0,-230627,1.48
30/12/2024,0,0,7.5(0.00 %),0,0,0,0,-230627,1.48
31/12/2024,0,0,7.4(-1.33 %),0,0,0,0,-230627,1.48
02/01/2025,0,0,8(8.11 %),0,0,0,0,-230627,1.48
03/01/2025,0,0,7.8(-2.50 %),0,0,0,0,-230627,1.48
06/01/2025,0,0,7.5(-3.85 %),0,0,0,0,-230627,1.48
07/01/2025,0,0,7.1(-5.33 %),0,0,0,0,0,0.0
08/01/2025,0,0,6.9(-2.82 %),0,0,0,0,-230627,1.48
09/01/2025,0,0,7.1(2.90 %),0,0,0,0,-230627,1.48
10/01/2025,0,0,7.1(0.00 %),0,0,0,0,-230627,1.48
13/01/2025,0,0,6.9(-2.82 %),0,0,0,0,-230627,1.48
14/01/2025,0,0,7(1.45 %),0,0,0,0,-230627,1.48
15/01/2025,0,0,7(0.00 %),0,0,0,0,-230627,1.48
16/01/2025,0,0,7.4(5.71 %),0,0,0,0,0,0.0
17/01/2025,0,0,7.2(-2.70 %),0,0,0,0,-230627,1.48
20/01/2025,0,0,7.1(-1.39 %),0,0,0,0,-230627,1.48
21/01/2025,0,0,7(-1.41 %),0,0,0,0,-230627,1.48
22/01/2025,0,0,6.7(-4.29 %),0,0,0,0,-230627,1.48
23/01/2025,0,0,6.7(0.00 %),0,0,0,0,-230627,1.48
24/01/2025,0,0,6.6(-1.49 %),0,0,0,0,-230627,1.48
03/02/2025,0,0,0(0.00 %),0,0,0,0,-230627,1.48
04/02/2025,0,0,7.2(0.00 %),0,0,0,0,-230627,1.48
05/02/2025,0,0,7.3(1.39 %),0,0,0,0,-230627,1.48
06/02/2025,0,0,7.5(2.74 %),0,0,0,0,-230627,1.48
07/02/2025,0,0,7.5(0.00 %),0,0,0,0,-230627,1.48
10/02/2025,0,0,7.5(0.00 %),0,0,0,0,-230627,1.48
11/02/2025,0,0,7.3(-2.67 %),0,0,0,0,-230627,1.48
12/02/2025,0,0,7.5(2.74 %),0,0,0,0,-230627,1.48
13/02/2025,0,0,7.1(-5.33 %),0,0,0,0,-230627,1.48
14/02/2025,0,0,7.1(0.00 %),0,0,0,0,-230627,1.48
17/02/2025,0,0,7.3(2.82 %),0,0,0,0,-230627,1.48
18/02/2025,0,0,7.4(1.37 %),0,0,0,0,-230627,1.48
19/02/2025,0,0,7(-5.41 %),0,0,0,0,-230627,1.48
20/02/2025,0,0,7(0.00 %),0,0,0,0,-230627,1.48
21/02/2025,0,0,7(0.00 %),0,0,0,0,-230627,1.48
24/02/2025,0,0,6.8(-2.86 %),0,0,0,0,-230627,1.48
25/02/2025,0,0,7.2(5.88 %),0,0,0,0,-230627,1.48
26/02/2025,0,0,6.9(-4.17 %),0,0,0,0,-230627,1.48
27/02/2025,0,0,7(1.45 %),0,0,0,0,-230627,1.48
28/02/2025,0,0,7(0.00 %),0,0,0,0,-230627,1.48
03/03/2025,0,0,6.8(-2.86 %),0,0,0,0,-230627,1.48
04/03/2025,0,0,6.8(0.00 %),0,0,0,0,-230627,1.48
05/03/2025,0,0,6.9(1.47 %),0,0,0,0,-230627,1.48
06/03/2025,0,0,6.8(-1.45 %),0,0,0,0,-230627,1.48
07/03/2025,0,0,6.7(-1.47 %),0,0,0,0,-230627,1.48
10/03/2025,0,0,6.8(1.49 %),0,0,0,0,-230627,1.48
11/03/2025,0,0,6.9(1.47 %),0,0,0,0,-230627,1.48
12/03/2025,0,0,6.9(0.00 %),0,0,0,0,-230627,1.48
13/03/2025,0,0,6.7(-2.90 %),0,0,0,0,-230627,1.48
14/03/2025,0,0,6.7(0.00 %),0,0,0,0,-230627,1.48
17/03/2025,0,0,0(0.00 %),0,0,0,0,-230627,1.48
18/03/2025,0,0,6.8(-1.45 %),0,0,0,0,-230627,1.48
19/03/2025,0,0,6.7(-1.47 %),0,0,0,0,-230627,1.48
20/03/2025,0,0,6.8(1.49 %),0,0,0,0,-230627,1.48
21/03/2025,0,0,6.5(-4.41 %),0,0,0,0,-230627,1.48
24/03/2025,0,0,6.8(4.62 %),0,0,0,0,-230627,1.48
25/03/2025,0,0,6.5(-4.41 %),0,0,0,0,-230627,1.48
26/03/2025,0,0,6.7(3.08 %),0,0,0,0,-230627,1.48
27/03/2025,0,0,6.6(-1.49 %),0,0,0,0,-230627,1.48
28/03/2025,0,0,6.4(-3.03 %),0,0,0,0,-230627,1.48
31/03/2025,0,0,6.5(1.56 %),0,0,0,0,-230627,1.48
01/04/2025,0,0,6.5(0.00 %),0,0,0,0,-230627,1.48
02/04/2025,0,0,6.7(3.08 %),0,0,0,0,-230627,1.48
03/04/2025,0,0,6.1(-8.96 %),0,0,0,0,-230627,1.48
04/04/2025,0,0,6.1(0.00 %),0,0,0,0,-230627,1.48
08/04/2025,0,0,6.1(0.00 %),0,0,0,0,-230627,1.48
09/04/2025,0,0,5.9(-3.28 %),0,0,0,0,-230627,1.48
10/04/2025,0,0,6.4(8.47 %),0,0,0,0,-230627,1.48
11/04/2025,0,0,6.6(3.12 %),0,0,0,0,-230627,1.48
14/04/2025,0,0,6.5(-1.52 %),0,0,0,0,-230627,1.48
15/04/2025,0,0,6.5(0.00 %),0,0,0,0,-230627,1.48
16/04/2025,0,0,6.5(0.00 %),0,0,0,0,0,1.48
17/04/2025,0,0,6.4(-1.54 %),0,0,0,0,0,1.48
18/04/2025,0,0,5.9(-7.81 %),0,0,0,0,0,1.48
21/04/2025,0,0,5.9(0.00 %),0,0,0,0,0,1.48
22/04/2025,0,0,6(1.69 %),0,0,0,0,-230627,0.54
23/04/2025,0,0,6(0.00 %),0,0,0,0,-230627,0.54
24/04/2025,0,0,5.8(-3.33 %),0,0,0,0,-230627,0.54
25/04/2025,0,0,5.9(1.72 %),0,0,0,0,-230627,0.54
28/04/2025,0,0,5.8(-1.69 %),0,0,0,0,-230627,0.54
29/04/2025,0,0,5.8(0.00 %),0,0,0,0,-230627,0.54
05/05/2025,0,0,5.7(-1.72 %),0,0,0,0,-230627,0.54
06/05/2025,0,0,5.7(0.00 %),0,0,0,0,-230627,0.54
07/05/2025,0,0,5.4(-5.26 %),0,0,0,0,-230627,0.54
08/05/2025,0,0,5.6(3.70 %),0,0,0,0,-230627,0.54
09/05/2025,0,0,5.8(3.57 %),0,0,0,0,-230627,0.54
12/05/2025,0,0,5.8(0.00 %),0,0,0,0,-230627,0.54
13/05/2025,0,0,6.2(6.90 %),0,0,0,0,-230627,0.54
14/05/2025,0,0,6.8(9.68 %),0,0,0,0,-230627,0.54
15/05/2025,0,0,6.9(1.47 %),0,0,0,0,-230627,0.54
16/05/2025,0,0,7.2(4.35 %),0,0,0,0,-230627,0.54
19/05/2025,0,0,7.3(1.39 %),0,0,0,0,-230627,0.54
20/05/2025,0,0,7.4(1.37 %),0,0,0,0,-230627,0.54
21/05/2025,0,0,7.5(1.35 %),0,0,0,0,-230627,0.54
22/05/2025,0,0,7.4(-1.33 %),0,0,0,0,-230627,0.54
23/05/2025,0,0,8(8.11 %),0,0,0,0,-230627,0.54
26/05/2025,0,0,7.8(-2.50 %),0,0,0,0,0,0.54
27/05/2025,0,0,7.5(-3.85 %),0,0,0,0,0,0.54
28/05/2025,0,0,7.4(-1.33 %),0,0,0,0,0,0.54
29/05/2025,0,0,7.5(1.35 %),0,0,0,0,-230627,0.54
30/05/2025,0,0,7.5(0.00 %),0,0,0,0,-230627,0.54
02/06/2025,-8800,-60200000,8(6.67 %),0,0,8800,60200000,-230627,0.54
03/06/2025,0,0,7.8(-2.50 %),0,0,0,0,-230627,0.54
04/06/2025,0,0,7.8(0.00 %),0,0,0,0,-221729,0.52
05/06/2025,0,0,7.7(-1.28 %),0,0,0,0,-221729,0.52
06/06/2025,0,0,7.8(1.30 %),0,0,0,0,-221729,0.52
09/06/2025,0,0,7.9(1.28 %),0,0,0,0,-221729,0.52
10/06/2025,0,0,8(1.27 %),0,0,0,0,-221729,0.52
11/06/2025,0,0,8(0.00 %),0,0,0,0,-221729,0.52
12/06/2025,0,0,8(0.00 %),0,0,0,0,-221729,0.52
13/06/2025,0,0,8(0.00 %),0,0,0,0,-221729,0.52
16/06/2025,0,0,8.1(1.25 %),0,0,0,0,-221729,0.52
17/06/2025,0,0,8.2(1.23 %),0,0,0,0,-221729,0.52
18/06/2025,0,0,8.2(0.00 %),0,0,0,0,-221729,0.52
19/06/2025,0,0,8.6(4.88 %),0,0,0,0,-221729,0.52
20/06/2025,0,0,8.6(0.00 %),0,0,0,0,-221729,0.52
23/06/2025,0,0,8.4(-2.33 %),0,0,0,0,-221729,0.52
24/06/2025,0,0,8.2(-2.38 %),0,0,0,0,-221729,0.52
25/06/2025,0,0,8.2(0.00 %),0,0,0,0,-221729,0.52
26/06/2025,0,0,8.1(-1.22 %),0,0,0,0,-221729,0.52
27/06/2025,0,0,7.9(-2.47 %),0,0,0,0,-221729,0.52
30/06/2025,0,0,7.9(0.00 %),0,0,0,0,-221729,0.52
01/07/2025,0,0,7.9(0.00 %),0,0,0,0,-221729,0.52
02/07/2025,0,0,7.9(0.00 %),0,0,0,0,-221729,0.52
03/07/2025,0,0,7.9(0.00 %),0,0,0,0,-221729,0.52
04/07/2025,0,0,8.2(3.80 %),0,0,0,0,-221729,0.52
07/07/2025,0,0,8(-2.44 %),0,0,0,0,-221729,0.52
08/07/2025,0,0,8.5(6.25 %),0,0,0,0,-221729,0.52
09/07/2025,0,0,8.5(0.00 %),0,0,0,0,-221729,0.52
10/07/2025,0,0,8.5(0.00 %),0,0,0,0,-221729,0.52
11/07/2025,0,0,8.5(0.00 %),0,0,0,0,-221729,0.52
14/07/2025,0,0,9(5.88 %),0,0,0,0,-221729,0.52
15/07/2025,0,0,8.5(-5.56 %),0,0,0,0,-221729,0.52
16/07/2025,0,0,8.8(3.53 %),0,0,0,0,-221729,0.52
17/07/2025,0,0,8.8(0.00 %),0,0,0,0,-221729,0.52
18/07/2025,0,0,8.8(0.00 %),0,0,0,0,-221729,0.52
21/07/2025,0,0,8.8(0.00 %),0,0,0,0,-221729,0.52
22/07/2025,0,0,8.4(-4.55 %),0,0,0,0,-221729,0.52
23/07/2025,0,0,8.1(-3.57 %),0,0,0,0,-221729,0.52
24/07/2025,0,0,8.2(1.23 %),0,0,0,0,-221729,0.52
25/07/2025,0,0,8.2(0.00 %),0,0,0,0,-221729,0.52
28/07/2025,0,0,8.2(0.00 %),0,0,0,0,-221729,0.52
29/07/2025,0,0,8.1(-1.22 %),0,0,0,0,-221729,0.52
30/07/2025,0,0,8.1(0.00 %),0,0,0,0,-221729,0.52
31/07/2025,0,0,8.9(9.88 %),0,0,0,0,-221729,0.52
01/08/2025,0,0,9(1.12 %),0,0,0,0,-221729,0.52
04/08/2025,0,0,9.3(3.33 %),0,0,0,0,-221729,0.52
05/08/2025,0,0,9.7(4.30 %),0,0,0,0,-221729,0.52
06/08/2025,0,0,10(3.09 %),0,0,0,0,-221729,0.52
07/08/2025,0,0,10(0.00 %),0,0,0,0,-221729,0.52
08/08/2025,0,0,11(10.00 %),0,0,0,0,-221729,0.52
11/08/2025,0,0,11(0.00 %),0,0,0,0,-221729,0.52
12/08/2025,0,0,10.5(-4.55 %),0,0,0,0,-221729,0.52
13/08/2025,0,0,10(-4.76 %),0,0,0,0,-221729,0.52
14/08/2025,0,0,10.2(2.00 %),0,0,0,0,-221729,0.52
15/08/2025,0,0,10(-1.96 %),0,0,0,0,-221729,0.52
18/08/2025,0,0,10(0.00 %),0,0,0,0,-221729,0.52
19/08/2025,0,0,9.9(-1.00 %),0,0,0,0,-221729,0.52
20/08/2025,0,0,10.7(8.08 %),0,0,0,0,0,0.52
21/08/2025,0,0,11.5(7.48 %),0,0,0,0,0,0.52
22/08/2025,0,0,11.4(-0.87 %),0,0,0,0,0,0.52
25/08/2025,0,0,10.9(-4.39 %),0,0,0,0,-221729,0.52
