Ngay,KLGDRong,GTDGRong,ThayDoi,KLMua,GtMua,KLBan,GtBan,RoomConLai,DangSoHuu
10/01/2006,1200,20280,0(0.00 %),1200,20280,0,0,0,0.0
11/01/2006,400,6520,0(0.00 %),400,6520,0,0,0,0.0
12/01/2006,800,12740,0(0.00 %),800,12740,0,0,0,0.0
17/01/2006,1490,23840,0(0.00 %),1490,23840,0,0,0,0.0
18/01/2006,550,8800,0(0.00 %),550,8800,0,0,0,0.0
19/01/2006,100,1590,0(0.00 %),100,1590,0,0,0,0.0
20/01/2006,300,4680,0(0.00 %),300,4680,0,0,0,0.0
23/01/2006,400,6120,0(0.00 %),400,6120,0,0,0,0.0
26/01/2006,50,800,0(0.00 %),50,800,0,0,0,0.0
08/02/2006,-1490,-23840,0(0.00 %),0,0,1490,23840,0,0.0
09/02/2006,500,8000,0(0.00 %),500,8000,0,0,0,0.0
13/02/2006,700,11200,0(0.00 %),700,11200,0,0,0,0.0
16/02/2006,200,3220,0(0.00 %),200,3220,0,0,0,0.0
17/02/2006,600,9660,0(0.00 %),600,9660,0,0,0,0.0
21/02/2006,10500,169050,0(0.00 %),10500,169050,0,0,0,0.0
23/02/2006,5540,89748,0(0.00 %),5540,89748,0,0,0,0.0
24/02/2006,-500,-8300,0(0.00 %),0,0,500,8300,0,0.0
27/02/2006,270,4590,0(0.00 %),770,13090,500,8500,0,0.0
28/02/2006,-300,-5430,0(0.00 %),0,0,300,5430,0,0.0
01/03/2006,520,9696,0(0.00 %),920,17296,400,7600,0,0.0
02/03/2006,-70,-1393,0(0.00 %),0,0,70,1393,0,0.0
07/03/2006,1500,30900,0(0.00 %),1500,30900,0,0,0,0.0
10/03/2006,170,3290,0(0.00 %),200,3860,30,570,0,0.0
13/03/2006,-50,-950,0(0.00 %),0,0,50,950,0,0.0
15/03/2006,10000,199000,0(0.00 %),10000,199000,0,0,0,0.0
20/03/2006,-200,-4300,0(0.00 %),0,0,200,4300,0,0.0
22/03/2006,1500,33750,0(0.00 %),1500,33750,0,0,0,0.0
23/03/2006,3000,66000,0(0.00 %),3000,66000,0,0,0,0.0
30/03/2006,1000,24700,0(0.00 %),1000,24700,0,0,0,0.0
03/04/2006,150,3645,0(0.00 %),200,4940,50,1295,0,0.0
05/04/2006,1570,38465,0(0.00 %),1570,38465,0,0,0,0.0
07/04/2006,7000,178500,0(0.00 %),7000,178500,0,0,0,0.0
10/04/2006,2000,50000,0(0.00 %),2000,50000,0,0,0,0.0
11/04/2006,1800,44600,0(0.00 %),1800,44600,0,0,0,0.0
12/04/2006,3000,75000,0(0.00 %),3000,75000,0,0,0,0.0
13/04/2006,5350,134750,0(0.00 %),5350,134750,0,0,0,0.0
14/04/2006,-200,-5340,0(0.00 %),0,0,200,5340,0,0.0
17/04/2006,-500,-14000,0(0.00 %),0,0,500,14000,0,0.0
18/04/2006,-300,-8820,0(0.00 %),0,0,300,8820,0,0.0
19/04/2006,-200,-6160,0(0.00 %),0,0,200,6160,0,0.0
27/04/2006,-3120,-124800,0(0.00 %),3880,155200,7000,280000,0,0.0
28/04/2006,750,28500,0(0.00 %),4100,155800,3350,127300,0,0.0
04/05/2006,-3000,-125400,0(0.00 %),0,0,3000,125400,0,0.0
08/05/2006,500,18950,0(0.00 %),500,18950,0,0,0,0.0
10/05/2006,600,20580,0(0.00 %),600,20580,0,0,0,0.0
11/05/2006,9900,322740,0(0.00 %),9900,322740,0,0,0,0.0
12/05/2006,-100,-3420,0(0.00 %),0,0,100,3420,0,0.0
15/05/2006,-400,-14360,0(0.00 %),0,0,400,14360,0,0.0
17/05/2006,500,17250,0(0.00 %),500,17250,0,0,0,0.0
19/05/2006,200,5500,0(0.00 %),1000,31500,800,26000,0,0.0
22/05/2006,1320,39600,0(0.00 %),1320,39600,0,0,0,0.0
25/05/2006,420,11970,0(0.00 %),420,11970,0,0,0,0.0
30/05/2006,-8900,-235450,0(0.00 %),1000,26900,9900,262350,0,0.0
31/05/2006,-1900,-47880,0(0.00 %),0,0,1900,47880,0,0.0
01/06/2006,1000,25400,0(0.00 %),2000,50800,1000,25400,0,0.0
02/06/2006,-1000,-26522,0(0.00 %),0,0,1000,26522,0,0.0
06/06/2006,9900,289080,0(0.00 %),9900,289080,0,0,0,0.0
13/06/2006,-2000,-57000,0(0.00 %),500,14250,2500,71250,0,0.0
14/06/2006,200,5620,0(0.00 %),200,5620,0,0,0,0.0
15/06/2006,100,2790,0(0.00 %),100,2790,0,0,0,0.0
16/06/2006,1210,32186,0(0.00 %),1210,32186,0,0,0,0.0
20/06/2006,760,19076,0(0.00 %),760,19076,0,0,0,0.0
21/06/2006,1300,31290,0(0.00 %),1300,31290,0,0,0,0.0
22/06/2006,900,22680,0(0.00 %),900,22680,0,0,0,0.0
23/06/2006,-300,-7800,0(0.00 %),0,0,300,7800,0,0.0
27/06/2006,4830,120750,0(0.00 %),4830,120750,0,0,0,0.0
28/06/2006,500,12600,0(0.00 %),500,12600,0,0,0,0.0
29/06/2006,-850,-21760,0(0.00 %),40,1024,890,22784,0,0.0
30/06/2006,200,5160,0(0.00 %),200,5160,0,0,0,0.0
04/07/2006,840,21388,0(0.00 %),840,21388,0,0,0,0.0
05/07/2006,920,23092,0(0.00 %),920,23092,0,0,0,0.0
07/07/2006,80,2096,0(0.00 %),80,2096,0,0,0,0.0
10/07/2006,1500,38750,0(0.00 %),1500,38750,0,0,0,0.0
11/07/2006,1000,25500,0(0.00 %),1000,25500,0,0,0,0.0
13/07/2006,2000,50400,0(0.00 %),2000,50400,0,0,0,0.0
14/07/2006,12400,312480,0(0.00 %),12400,312480,0,0,0,0.0
17/07/2006,2000,50000,0(0.00 %),2000,50000,0,0,0,0.0
18/07/2006,3000,73800,0(0.00 %),3000,73800,0,0,0,0.0
19/07/2006,-11420,-264944,0(0.00 %),0,0,11420,264944,0,0.0
24/07/2006,3000,71100,0(0.00 %),3000,71100,0,0,0,0.0
31/07/2006,-1000,-22900,22.8(-5.00 %),0,0,1000,22900,0,0.0
01/08/2006,14500,324450,22.3(-2.19 %),15000,335700,500,11250,0,0.0
02/08/2006,-920,-20124,22.3(0.00 %),80,1776,1000,21900,0,0.0
03/08/2006,-500,-11700,23.4(4.93 %),0,0,500,11700,0,0.0
04/08/2006,2060,50470,24.5(4.70 %),2060,50470,0,0,0,0.0
07/08/2006,10000,244000,24.3(-0.82 %),10000,244000,0,0,0,0.0
08/08/2006,600,14700,24.5(0.82 %),600,14700,0,0,0,0.0
09/08/2006,2030,49735,24.5(0.00 %),2030,49735,0,0,0,0.0
10/08/2006,5000,122500,24.4(-0.41 %),5000,122500,0,0,0,0.0
11/08/2006,6210,154008,24.8(1.64 %),6210,154008,0,0,0,0.0
14/08/2006,3000,78000,26(4.84 %),3000,78000,0,0,0,0.0
15/08/2006,-500,-13450,26(0.00 %),0,0,500,13450,0,0.0
17/08/2006,800,22340,28(2.56 %),1000,28000,200,5660,0,0.0
22/08/2006,-5700,-148200,26(-3.70 %),300,7800,6000,156000,0,0.0
23/08/2006,0,-210,26.9(3.46 %),300,7650,300,7860,0,0.0
24/08/2006,-300,-8430,26.9(0.00 %),0,0,300,8430,0,0.0
31/08/2006,3100,85250,27.5(-1.79 %),3100,85250,0,0,0,0.0
01/09/2006,7700,215600,28(1.82 %),8000,224000,300,8400,0,0.0
05/09/2006,3700,106980,29.4(5.00 %),4000,115800,300,8820,0,0.0
06/09/2006,1000,27840,28.8(-2.04 %),1200,33600,200,5760,0,0.0
11/09/2006,-3000,-87300,29.1(2.11 %),0,0,3000,87300,0,0.0
19/09/2006,17490,507210,29(1.40 %),24010,696290,6520,189080,0,0.0
20/09/2006,23320,709072,30.1(3.79 %),26800,814720,3480,105648,0,0.0
21/09/2006,-3000,-93450,31(2.99 %),2000,61550,5000,155000,0,0.0
22/09/2006,1000,31000,31(0.00 %),1000,31000,0,0,0,0.0
25/09/2006,-1850,-59755,32.3(4.19 %),0,0,1850,59755,0,0.0
26/09/2006,490,16170,33(2.17 %),800,26400,310,10230,0,0.0
27/09/2006,9900,331650,32.5(-1.52 %),9900,331650,0,0,0,0.0
28/09/2006,10400,337663,32.4(-0.31 %),10400,337663,0,0,0,0.0
02/10/2006,1010,32575,32.5(0.62 %),1010,32575,0,0,0,0.0
03/10/2006,-3000,-96900,32.3(-0.62 %),0,0,3000,96900,0,0.0
05/10/2006,200,6340,31.7(-1.86 %),200,6340,0,0,0,0.0
09/10/2006,1000,31600,31.6(0.32 %),1000,31600,0,0,0,0.0
10/10/2006,300,9180,30.6(-3.16 %),300,9180,0,0,0,0.0
11/10/2006,-200,-6200,31.2(1.96 %),0,0,200,6200,0,0.0
12/10/2006,1780,55002,30.9(-0.96 %),1780,55002,0,0,0,0.0
13/10/2006,-11040,-338028,30.7(-0.65 %),12990,399693,24030,737721,0,0.0
16/10/2006,-14830,-455281,30.7(0.00 %),300,9210,15130,464491,0,0.0
17/10/2006,-1800,-53900,30(-2.28 %),200,6100,2000,60000,0,0.0
18/10/2006,-6290,-182910,29.2(-2.67 %),0,0,6290,182910,0,0.0
19/10/2006,-2700,-80460,29.8(2.05 %),0,0,2700,80460,0,0.0
20/10/2006,-9700,-286070,29.5(-1.01 %),200,5980,9900,292050,0,0.0
23/10/2006,-2000,-58600,29.7(0.68 %),0,0,2000,58600,0,0.0
26/10/2006,-1800,-52560,29.2(-1.68 %),1200,35040,3000,87600,0,0.0
27/10/2006,-2600,-75400,29(-0.68 %),0,0,2600,75400,0,0.0
30/10/2006,-6900,-193420,28(-3.45 %),200,5600,7100,199020,0,0.0
31/10/2006,-1000,-28000,28.2(0.71 %),0,0,1000,28000,0,0.0
01/11/2006,-9000,-256500,28.5(1.06 %),0,0,9000,256500,0,0.0
02/11/2006,-1350,-38475,28.2(-1.05 %),0,0,1350,38475,0,0.0
03/11/2006,-3000,-84300,28.1(-0.35 %),0,0,3000,84300,0,0.0
13/11/2006,-600,-16800,27.8(-0.71 %),0,0,600,16800,0,0.0
14/11/2006,1000,27600,28(0.72 %),1000,27600,0,0,0,0.0
15/11/2006,-700,-19740,28.2(0.71 %),0,0,700,19740,0,0.0
21/11/2006,-3880,-104760,27(-1.82 %),0,0,3880,104760,0,0.0
23/11/2006,-700,-19180,27.4(1.48 %),300,8220,1000,27400,0,0.0
28/11/2006,10,269,26.9(-1.47 %),10,269,0,0,0,0.0
29/11/2006,100,2690,26.8(-0.37 %),100,2690,0,0,0,0.0
01/12/2006,-1600,-41830,26(-1.89 %),300,7950,1900,49780,0,0.0
04/12/2006,300,7650,25.5(-1.92 %),300,7650,0,0,0,0.0
05/12/2006,5000,126930,25.2(-1.18 %),5000,126930,0,0,0,0.0
06/12/2006,-1100,-27390,24.9(-1.19 %),0,0,1100,27390,0,0.0
07/12/2006,-3000,-73500,24.5(-1.61 %),0,0,3000,73500,0,0.0
11/12/2006,100,2400,24(0.00 %),100,2400,0,0,0,0.0
12/12/2006,3000,73200,24.4(1.67 %),3000,73200,0,0,0,0.0
13/12/2006,3000,71000,23.5(-3.69 %),3000,71000,0,0,0,0.0
14/12/2006,2000,49200,24.6(4.68 %),2000,49200,0,0,0,0.0
15/12/2006,-500,-12900,25.8(4.88 %),0,0,500,12900,0,0.0
18/12/2006,-130,-3510,27(4.65 %),170,4590,300,8100,0,0.0
19/12/2006,-4300,-120490,28(3.70 %),0,0,4300,120490,0,0.0
20/12/2006,-900,-24100,27(-3.57 %),100,2700,1000,26800,0,0.0
21/12/2006,240,6240,25.8(-4.44 %),240,6240,0,0,0,0.0
25/12/2006,1000,25900,25.9(1.57 %),1000,25900,0,0,0,0.0
26/12/2006,-3000,-75100,25.1(-3.09 %),0,0,3000,75100,0,0.0
27/12/2006,500,12750,25.5(1.59 %),500,12750,0,0,0,0.0
28/12/2006,-3000,-76500,25.3(-0.78 %),0,0,3000,76500,0,0.0
01/03/2007,-10,-535000,53.5(4.90 %),0,0,10,535000,0,0.0
02/03/2007,-10,-560000,56(4.67 %),0,0,10,560000,0,0.0
05/03/2007,-10,-585000,58.5(4.46 %),0,0,10,585000,0,0.0
06/03/2007,0,0,61(4.27 %),0,0,0,0,0,0.0
07/03/2007,-3000,-183000000,61(2.18 %),0,0,3000,183000000,0,0.0
08/03/2007,-2810,-162980000,58(-4.92 %),900,52200000,3710,215180000,0,0.0
09/03/2007,3020,175200000,60(3.45 %),3020,175200000,0,0,0,0.0
12/03/2007,-10,-625000,63(5.00 %),0,0,10,625000,0,0.0
13/03/2007,-1500,-99000000,66(4.76 %),0,0,1500,99000000,0,0.0
14/03/2007,0,0,63(-4.55 %),0,0,0,0,0,0.0
15/03/2007,100,6000000,60(-4.76 %),100,6000000,0,0,0,0.0
16/03/2007,0,0,57(-5.00 %),0,0,0,0,0,0.0
19/03/2007,0,0,59.5(4.39 %),0,0,0,0,0,0.0
20/03/2007,-3000,-186000000,59.5(0.00 %),0,0,3000,186000000,0,0.0
21/03/2007,100,5900000,59(-0.84 %),100,5900000,0,0,0,0.0
22/03/2007,0,0,57(-3.39 %),0,0,0,0,0,0.0
23/03/2007,-2610,-143450000,55(-3.51 %),0,0,2610,143450000,0,0.0
26/03/2007,0,0,52.5(-4.55 %),0,0,0,0,0,0.0
27/03/2007,3000,150000000,49.9(-4.95 %),3000,150000000,0,0,0,0.0
28/03/2007,0,0,47.5(-4.81 %),0,0,0,0,0,0.0
29/03/2007,11000,522500000,47.5(0.00 %),11000,522500000,0,0,0,0.0
30/03/2007,0,0,49.8(4.84 %),0,0,0,0,0,0.0
02/04/2007,200,9480000,47.4(-4.82 %),200,9480000,0,0,0,0.0
03/04/2007,0,0,45.1(-4.85 %),0,0,0,0,0,0.0
04/04/2007,-3600,-156360000,45.1(0.00 %),0,0,3600,156360000,0,0.0
05/04/2007,6370,293020000,46(2.00 %),6370,293020000,0,0,0,0.0
06/04/2007,0,0,44(-4.35 %),0,0,0,0,0,0.0
09/04/2007,0,0,46.2(5.00 %),0,0,0,0,0,0.0
10/04/2007,0,0,48.5(4.98 %),0,0,0,0,0,0.0
11/04/2007,0,0,50.5(4.12 %),0,0,0,0,0,0.0
12/04/2007,390,20280000,48(-4.95 %),390,20280000,0,0,0,0.0
13/04/2007,0,0,45.6(-5.00 %),0,0,0,0,0,0.0
16/04/2007,0,0,43.5(-4.61 %),0,0,0,0,0,0.0
17/04/2007,0,0,41.4(-4.83 %),0,0,0,0,0,0.0
18/04/2007,1000,39400000,43.4(4.83 %),1000,39400000,0,0,0,0.0
19/04/2007,0,0,42(-3.23 %),0,0,0,0,0,0.0
20/04/2007,0,0,39.9(-5.00 %),0,0,0,0,0,0.0
23/04/2007,100,3800000,38(-4.76 %),100,3800000,0,0,0,0.0
24/04/2007,1100,39710000,36.1(-5.00 %),1100,39710000,0,0,0,0.0
25/04/2007,2000,71380000,36(-0.28 %),2000,71380000,0,0,0,0.0
02/05/2007,0,0,36.5(1.39 %),0,0,0,0,0,0.0
03/05/2007,0,0,35(-4.11 %),0,0,0,0,0,0.0
04/05/2007,0,0,34.5(-1.43 %),0,0,0,0,0,0.0
07/05/2007,3000,103500000,34.5(0.00 %),3000,103500000,0,0,0,0.0
08/05/2007,5200,188180000,36.2(4.93 %),5200,188180000,0,0,0,0.0
09/05/2007,-1800,-65160000,36.2(0.00 %),200,7240000,2000,72400000,0,0.0
10/05/2007,-2850,-100545000,35.7(-1.38 %),150,5355000,3000,105900000,0,0.0
11/05/2007,0,0,36(0.84 %),0,0,0,0,0,0.0
14/05/2007,2000,75000000,37.5(4.17 %),2000,75000000,0,0,0,0.0
15/05/2007,-4400,-167680000,37.2(-0.80 %),600,22320000,5000,190000000,0,0.0
16/05/2007,-2000,-72000000,36(-3.23 %),0,0,2000,72000000,0,0.0
17/05/2007,0,0,36.5(1.39 %),0,0,0,0,0,0.0
18/05/2007,-1700,-62900000,37(1.37 %),300,11100000,2000,74000000,0,0.0
21/05/2007,100,3700000,37(0.00 %),100,3700000,0,0,0,0.0
22/05/2007,-1000,-38800000,38.8(4.86 %),0,0,1000,38800000,0,0.0
23/05/2007,0,0,40.7(4.90 %),0,0,0,0,0,0.0
24/05/2007,-4800,-199200000,40.7(0.00 %),200,8300000,5000,207500000,0,0.0
25/05/2007,2500,99250000,42(3.19 %),2500,99250000,0,0,0,0.0
28/05/2007,5720,246290000,44.1(5.00 %),5720,246290000,0,0,0,0.0
29/05/2007,-2600,-111800000,42(-4.76 %),400,17200000,3000,129000000,0,0.0
30/05/2007,-700,-28700000,41(-2.38 %),300,12300000,1000,41000000,0,0.0
31/05/2007,500,21400000,42.8(4.39 %),500,21400000,0,0,0,0.0
01/06/2007,2900,121800000,42(-1.87 %),4400,184800000,1500,63000000,0,0.0
04/06/2007,-1000,-42000000,42(0.00 %),0,0,1000,42000000,0,0.0
05/06/2007,0,0,40.6(-3.33 %),0,0,0,0,0,0.0
06/06/2007,300,12000000,40(-1.48 %),300,12000000,0,0,0,0.0
07/06/2007,-5000,-210000000,42(5.00 %),0,0,5000,210000000,0,0.0
08/06/2007,0,0,42(0.00 %),0,0,0,0,0,0.0
11/06/2007,300,12060000,40.2(-4.29 %),300,12060000,0,0,0,0.0
12/06/2007,-390,-15990000,41(1.99 %),0,0,390,15990000,0,0.0
13/06/2007,-1100,-45100000,41(0.00 %),0,0,1100,45100000,0,0.0
14/06/2007,0,0,43(4.88 %),0,0,0,0,0,0.0
15/06/2007,6700,302170000,45.1(4.88 %),8000,360800000,1300,58630000,0,0.0
18/06/2007,-1300,-61490000,47.3(4.88 %),0,0,1300,61490000,0,0.0
19/06/2007,-1000,-49600000,49.6(4.86 %),0,0,1000,49600000,0,0.0
20/06/2007,54100,2553520000,47.2(-4.84 %),54100,2553520000,0,0,0,0.0
21/06/2007,21730,1064770000,49.5(4.87 %),29730,1456770000,8000,392000000,0,0.0
22/06/2007,10120,521180000,51.5(4.04 %),10120,521180000,0,0,0,0.0
25/06/2007,27090,1462860000,54(4.85 %),27090,1462860000,0,0,0,0.0
26/06/2007,13490,762185000,56.5(4.63 %),13490,762185000,0,0,0,0.0
27/06/2007,10010,563040000,54(-4.42 %),10010,563040000,0,0,0,0.0
28/06/2007,240,12360000,51.5(-4.63 %),240,12360000,0,0,0,0.0
29/06/2007,50,2450000,49.9(-3.11 %),50,2450000,0,0,0,0.0
02/07/2007,0,0,47.5(-4.81 %),0,0,0,0,0,0.0
03/07/2007,0,0,45.2(-4.84 %),0,0,0,0,0,0.0
04/07/2007,21020,996348000,47.4(4.87 %),23020,1091148000,2000,94800000,0,0.0
05/07/2007,47000,2269242000,47.5(0.21 %),50000,2418342000,3000,149100000,0,0.0
06/07/2007,1650,79200000,48.5(2.11 %),1650,79200000,0,0,0,0.0
09/07/2007,0,0,48(-1.03 %),0,0,0,0,0,0.0
10/07/2007,16050,802500000,50(4.17 %),16050,802500000,0,0,0,0.0
11/07/2007,50100,2546770000,50.5(1.00 %),50100,2546770000,0,0,0,0.0
12/07/2007,49000,2491165000,51(0.99 %),50000,2541665000,1000,50500000,0,0.0
13/07/2007,47200,2470260000,53(3.92 %),50200,2627260000,3000,157000000,0,0.0
16/07/2007,39000,2164500000,55.5(4.72 %),40000,2220000000,1000,55500000,0,0.0
17/07/2007,49000,2747450000,55.5(0.00 %),50000,2805450000,1000,58000000,0,0.0
18/07/2007,50000,2783340000,55(-0.90 %),50500,2811090000,500,27750000,0,0.0
19/07/2007,65000,3710500000,57.5(4.55 %),68000,3882000000,3000,171500000,0,0.0
20/07/2007,7980,478800000,60(4.35 %),60980,3658800000,53000,3180000000,0,0.0
23/07/2007,0,0,57(-5.00 %),0,0,0,0,0,0.0
24/07/2007,0,0,54.5(-4.39 %),0,0,0,0,0,0.0
25/07/2007,-3100,-164250000,52.5(-3.67 %),0,0,3100,164250000,0,0.0
26/07/2007,0,0,49.9(-4.95 %),0,0,0,0,0,0.0
27/07/2007,-370,-18358000,52(4.21 %),50,2600000,420,20958000,0,0.0
30/07/2007,0,0,49.5(-4.81 %),0,0,0,0,0,0.0
31/07/2007,700,33134000,47.1(-4.85 %),700,33134000,0,0,0,0.0
01/08/2007,1420,66304000,47.1(0.00 %),2420,114070000,1000,47766000,0,0.0
02/08/2007,200,9420000,46(-2.34 %),200,9420000,0,0,0,0.0
03/08/2007,20,880000,45.1(-1.96 %),20,880000,0,0,0,0.0
06/08/2007,1000,45500000,45.5(0.89 %),1000,45500000,0,0,0,0.0
07/08/2007,0,0,46(1.10 %),0,0,0,0,0,0.0
08/08/2007,0,0,45.5(-1.09 %),0,0,0,0,0,0.0
09/08/2007,0,0,46.6(2.42 %),0,0,0,0,0,0.0
10/08/2007,150,6900000,46(-1.29 %),150,6900000,0,0,0,0.0
13/08/2007,270,12285000,45.5(-1.09 %),270,12285000,0,0,0,0.0
14/08/2007,0,0,46(1.10 %),0,0,0,0,0,0.0
15/08/2007,-5540,-254840000,45.5(-1.09 %),0,0,5540,254840000,0,0.0
16/08/2007,0,0,45.5(0.00 %),0,0,0,0,0,0.0
17/08/2007,0,0,46(1.10 %),0,0,0,0,0,0.0
20/08/2007,0,0,46.5(1.09 %),0,0,0,0,0,0.0
21/08/2007,0,0,46.3(-0.43 %),0,0,0,0,0,0.0
22/08/2007,0,0,45.8(-1.08 %),0,0,0,0,0,0.0
23/08/2007,-1000,-45000000,45(-1.75 %),0,0,1000,45000000,0,0.0
24/08/2007,2000,92500000,46.5(3.33 %),2000,92500000,0,0,0,0.0
27/08/2007,0,0,47(1.08 %),0,0,0,0,0,0.0
28/08/2007,0,0,46.5(-1.06 %),0,0,0,0,0,0.0
29/08/2007,2000,93600000,46.9(0.86 %),2000,93600000,0,0,0,0.0
30/08/2007,0,0,47.4(1.07 %),0,0,0,0,0,0.0
31/08/2007,0,0,49.7(4.85 %),0,0,0,0,0,0.0
04/09/2007,0,0,52(4.63 %),0,0,0,0,0,0.0
05/09/2007,27270,1454655000,52.5(0.96 %),34900,1866915000,7630,412260000,0,0.0
06/09/2007,48700,2593280000,54(2.86 %),50700,2699280000,2000,106000000,0,0.0
07/09/2007,100060,5487745000,56(3.70 %),100060,5487745000,0,0,0,0.0
10/09/2007,97580,5658215000,58(3.57 %),100000,5798575000,2420,140360000,0,0.0
11/09/2007,120000,7064900000,59(1.72 %),120000,7064900000,0,0,0,0.0
12/09/2007,0,0,56.5(-4.24 %),0,0,0,0,0,0.0
13/09/2007,680,36720000,54(-4.42 %),680,36720000,0,0,0,0.0
14/09/2007,-6500,-367250000,55(1.85 %),0,0,6500,367250000,0,0.0
17/09/2007,600,34200000,56.5(2.73 %),600,34200000,0,0,0,0.0
18/09/2007,700,39550000,55(-2.65 %),700,39550000,0,0,0,0.0
19/09/2007,0,0,55.5(0.91 %),0,0,0,0,0,0.0
20/09/2007,-3200,-184900000,57(2.70 %),1800,102600000,5000,287500000,0,0.0
21/09/2007,500,28250000,56.5(-0.88 %),500,28250000,0,0,0,0.0
24/09/2007,-700,-39900000,57(0.88 %),0,0,700,39900000,0,0.0
25/09/2007,28800,1708000000,59.5(4.39 %),28800,1708000000,0,0,0,0.0
26/09/2007,1000,58850000,58.5(-1.68 %),1000,58850000,0,0,0,0.0
27/09/2007,-1780,-103240000,58(-0.85 %),20,1160000,1800,104400000,0,0.0
28/09/2007,60,3480000,58.5(0.86 %),60,3480000,0,0,0,0.0
01/10/2007,100,5900000,59(0.85 %),100,5900000,0,0,0,0.0
02/10/2007,28370,1673830000,59(0.00 %),28370,1673830000,0,0,0,0.0
03/10/2007,8600,508440000,61(3.39 %),8600,508440000,0,0,0,0.0
04/10/2007,0,0,64(4.92 %),0,0,0,0,0,0.0
05/10/2007,72400,4845600000,66.5(3.91 %),75600,5054000000,3200,208400000,0,0.0
08/10/2007,20370,1347105000,66.5(0.00 %),20970,1387005000,600,39900000,0,0.0
09/10/2007,-2500,-169500000,68(2.26 %),0,0,2500,169500000,0,0.0
10/10/2007,16380,1138610000,69.5(2.21 %),16680,1159110000,300,20500000,0,0.0
11/10/2007,800,57000000,70.5(1.44 %),1000,71000000,200,14000000,0,0.0
12/10/2007,7290,538960000,74(4.96 %),8790,649960000,1500,111000000,0,0.0
15/10/2007,0,0,77.5(4.73 %),0,0,0,0,0,0.0
16/10/2007,0,0,81(4.52 %),0,0,0,0,0,0.0
17/10/2007,0,0,81(0.00 %),0,0,0,0,0,0.0
18/10/2007,570,43890000,77(-4.94 %),570,43890000,0,0,0,0.0
19/10/2007,6120,451470000,79(2.60 %),8120,598470000,2000,147000000,0,0.0
22/10/2007,1600,123650000,76(-3.80 %),1700,131450000,100,7800000,0,0.0
23/10/2007,-300,-23850000,79.5(4.61 %),200,15900000,500,39750000,0,0.0
24/10/2007,12000,995800000,83(4.40 %),12200,1012400000,200,16600000,0,0.0
25/10/2007,420,36540000,87(4.82 %),620,53940000,200,17400000,0,0.0
26/10/2007,850,74550000,83(-4.60 %),850,74550000,0,0,0,0.0
29/10/2007,5300,424000000,80(-3.61 %),5300,424000000,0,0,0,0.0
30/10/2007,-15000,-1200000000,80(0.00 %),1000,80500000,16000,1280500000,0,0.0
31/10/2007,-75030,-5717830000,76(-5.00 %),1290,98040000,76320,5815870000,0,0.0
01/11/2007,-12280,-926310000,79.5(4.61 %),37830,3004935000,50110,3931245000,0,0.0
02/11/2007,0,0,53(4.74 %),0,0,0,0,0,0.0
05/11/2007,-48000,-2572865000,52(-1.89 %),30000,1560000000,78000,4132865000,0,0.0
06/11/2007,-36610,-1808534000,49.4(-5.00 %),520,25688000,37130,1834222000,0,0.0
07/11/2007,-49900,-2401845000,47.5(-3.85 %),100,4900000,50000,2406745000,0,0.0
08/11/2007,0,0,49.8(4.84 %),0,0,0,0,0,0.0
09/11/2007,-47900,-2273530000,47.4(-4.82 %),2100,99650000,50000,2373180000,0,0.0
12/11/2007,-39600,-1812650000,45.1(-4.85 %),300,13650000,39900,1826300000,0,0.0
13/11/2007,-12330,-528957000,42.9(-4.88 %),45200,1939080000,57530,2468037000,0,0.0
14/11/2007,-49890,-2188380000,45(4.90 %),310,13020000,50200,2201400000,0,0.0
15/11/2007,-45830,-1981564000,42.8(-4.89 %),0,0,45830,1981564000,0,0.0
16/11/2007,-46000,-1926860000,41.2(-3.74 %),4000,173000000,50000,2099860000,0,0.0
19/11/2007,-49410,-1976810000,40(-2.91 %),590,23600000,50000,2000410000,0,0.0
20/11/2007,-48800,-1930600000,39.5(-1.25 %),1200,47400000,50000,1978000000,0,0.0
21/11/2007,-50000,-1918657000,38.5(-2.53 %),0,0,50000,1918657000,0,0.0
22/11/2007,-51700,-2005700000,39.3(2.08 %),300,11400000,52000,2017100000,0,0.0
23/11/2007,-50300,-2040415000,41.1(4.58 %),0,0,50300,2040415000,0,0.0
26/11/2007,-49700,-2122520000,43.1(4.87 %),300,12780000,50000,2135300000,0,0.0
27/11/2007,-53430,-2371049000,44(2.09 %),0,0,53430,2371049000,0,0.0
28/11/2007,0,0,43.8(-0.45 %),0,0,0,0,0,0.0
29/11/2007,1000,43028000,43(-1.83 %),1000,43028000,0,0,0,0.0
30/11/2007,60,2580000,44(2.33 %),60,2580000,0,0,0,0.0
03/12/2007,300,13200000,44.5(1.14 %),300,13200000,0,0,0,0.0
04/12/2007,1260,55440000,44(-1.12 %),1260,55440000,0,0,0,0.0
05/12/2007,30,1320000,42.8(-2.73 %),30,1320000,0,0,0,0.0
06/12/2007,1000,42500000,42(-1.87 %),1000,42500000,0,0,0,0.0
07/12/2007,300,12870000,42.6(1.43 %),300,12870000,0,0,0,0.0
10/12/2007,0,0,41.8(-1.88 %),0,0,0,0,0,0.0
11/12/2007,100,4020000,40.3(-3.59 %),100,4020000,0,0,0,0.0
12/12/2007,-500,-20150000,40.4(0.25 %),0,0,500,20150000,0,0.0
13/12/2007,100,4020000,40(-0.99 %),100,4020000,0,0,0,0.0
14/12/2007,-900,-35550000,39.6(-1.00 %),100,3950000,1000,39500000,0,0.0
17/12/2007,500,19650000,39(-1.52 %),500,19650000,0,0,0,0.0
18/12/2007,-1320,-51620000,39(0.00 %),300,11560000,1620,63180000,0,0.0
19/12/2007,0,0,40.9(4.87 %),0,0,0,0,0,0.0
20/12/2007,0,0,40(-2.20 %),0,0,0,0,0,0.0
21/12/2007,0,0,40.9(2.25 %),0,0,0,0,0,0.0
24/12/2007,0,0,40.8(-0.24 %),0,0,0,0,0,0.0
25/12/2007,0,0,40(-1.96 %),0,0,0,0,0,0.0
26/12/2007,-1000,-40000000,40.5(1.25 %),0,0,1000,40000000,0,0.0
27/12/2007,1070,43835000,41(1.23 %),1070,43835000,0,0,0,0.0
28/12/2007,30,1233000,41.5(1.22 %),30,1233000,0,0,0,0.0
02/01/2008,0,0,40.5(-2.41 %),0,0,0,0,0,0.0
03/01/2008,0,0,39.5(-2.47 %),0,0,0,0,0,0.0
04/01/2008,0,0,39.8(0.76 %),0,0,0,0,0,0.0
07/01/2008,0,0,38.1(-4.27 %),0,0,0,0,0,0.0
08/01/2008,-350,-13335000,38.3(0.52 %),0,0,350,13335000,0,0.0
09/01/2008,-80,-3040000,37(-3.39 %),70,2660000,150,5700000,0,0.0
10/01/2008,100,3520000,35.2(-4.86 %),100,3520000,0,0,0,0.0
11/01/2008,100,3400000,36.2(2.84 %),100,3400000,0,0,0,0.0
14/01/2008,0,-200000,34.4(-4.97 %),1000,34400000,1000,34600000,0,0.0
15/01/2008,100,3270000,32.7(-4.94 %),100,3270000,0,0,0,0.0
16/01/2008,100,3270000,34.3(4.89 %),100,3270000,0,0,0,0.0
17/01/2008,100,3550000,33.5(-2.33 %),100,3550000,0,0,0,0.0
18/01/2008,100,3350000,34.5(2.99 %),100,3350000,0,0,0,0.0
21/01/2008,0,0,33(-4.35 %),0,0,0,0,0,0.0
22/01/2008,0,0,31.4(-4.85 %),0,0,0,0,0,0.0
23/01/2008,0,0,29.9(-4.78 %),0,0,0,0,0,0.0
24/01/2008,0,0,28.5(-4.68 %),0,0,0,0,0,0.0
25/01/2008,0,0,28(-1.75 %),0,0,0,0,0,0.0
28/01/2008,200,5600000,28.5(1.79 %),200,5600000,0,0,0,0.0
29/01/2008,200,5800000,29.9(4.91 %),200,5800000,0,0,0,0.0
30/01/2008,0,0,31.3(4.68 %),0,0,0,0,0,0.0
31/01/2008,-200,-6440000,32.8(4.79 %),0,0,200,6440000,0,0.0
01/02/2008,0,0,34.4(4.88 %),0,0,0,0,0,0.0
12/02/2008,3890,139791000,36.1(4.94 %),3890,139791000,0,0,0,0.0
13/02/2008,59700,2223750000,37(2.49 %),60000,2235000000,300,11250000,0,0.0
14/02/2008,43700,1655294000,38.8(4.86 %),44000,1666694000,300,11400000,0,0.0
15/02/2008,4030,156775000,38.3(-1.29 %),4330,168625000,300,11850000,0,0.0
18/02/2008,0,0,36.4(-4.96 %),0,0,0,0,0,0.0
19/02/2008,300,10380000,34.8(-4.40 %),300,10380000,0,0,0,0.0
20/02/2008,100,3390000,33.1(-4.89 %),100,3390000,0,0,0,0.0
21/02/2008,2300,72450000,31.5(-4.83 %),2300,72450000,0,0,0,0.0
22/02/2008,0,0,30(-4.76 %),0,0,0,0,0,0.0
25/02/2008,0,0,31.5(5.00 %),0,0,0,0,0,0.0
26/02/2008,700,20220000,30(-4.76 %),1000,30000000,300,9780000,0,0.0
27/02/2008,0,0,30(0.00 %),0,0,0,0,0,0.0
28/02/2008,0,0,30.5(1.67 %),0,0,0,0,0,0.0
29/02/2008,0,0,29.5(-3.28 %),0,0,0,0,0,0.0
03/03/2008,100,2810000,28.1(-4.75 %),100,2810000,0,0,0,0.0
04/03/2008,200,5340000,26.7(-4.98 %),200,5340000,0,0,0,0.0
05/03/2008,0,0,25.4(-4.87 %),0,0,0,0,0,0.0
06/03/2008,0,0,26.6(4.72 %),0,0,0,0,0,0.0
07/03/2008,0,0,27.9(4.89 %),0,0,0,0,0,0.0
10/03/2008,0,0,29.2(4.66 %),0,0,0,0,0,0.0
11/03/2008,0,0,27.8(-4.79 %),0,0,0,0,0,0.0
12/03/2008,2400,64800000,28.2(1.44 %),2400,64800000,0,0,0,0.0
13/03/2008,300,8850000,29(2.84 %),500,14750000,200,5900000,0,0.0
14/03/2008,0,0,28.5(-1.72 %),0,0,0,0,0,0.0
17/03/2008,0,0,27.1(-4.91 %),0,0,0,0,0,0.0
18/03/2008,0,0,25.8(-4.80 %),0,0,0,0,0,0.0
19/03/2008,0,0,24.5(-2.78 %),0,0,0,0,0,0.0
20/03/2008,0,0,23.3(-4.90 %),0,0,0,0,0,0.0
21/03/2008,0,0,22.2(-4.72 %),0,0,0,0,0,0.0
24/03/2008,0,0,21.1(-4.95 %),0,0,0,0,0,0.0
25/03/2008,0,0,20.1(-4.74 %),0,0,0,0,0,0.0
26/03/2008,100,1920000,21.1(4.98 %),100,1920000,0,0,0,0.0
27/03/2008,2000,42600000,21.3(0.95 %),2000,42600000,0,0,0,0.0
28/03/2008,0,0,21.5(0.94 %),0,0,0,0,0,0.0
31/03/2008,0,0,21.7(0.93 %),0,0,0,0,0,0.0
01/04/2008,0,0,21.9(0.92 %),0,0,0,0,0,0.0
02/04/2008,0,0,22.1(0.91 %),0,0,0,0,0,0.0
03/04/2008,0,0,22.3(0.90 %),0,0,0,0,0,0.0
04/04/2008,0,0,22.5(0.90 %),0,0,0,0,0,0.0
07/04/2008,0,0,22.9(1.78 %),0,0,0,0,0,0.0
08/04/2008,-2030,-47389000,22.9(0.00 %),610,14123000,2640,61512000,0,0.0
09/04/2008,100,2250000,22.5(-1.75 %),100,2250000,0,0,0,0.0
10/04/2008,1000,22100000,22.1(-1.78 %),1000,22100000,0,0,0,0.0
11/04/2008,100,2170000,21.7(-1.81 %),100,2170000,0,0,0,0.0
16/04/2008,0,0,21.3(-1.84 %),0,0,0,0,0,0.0
17/04/2008,450,9405000,21.7(1.88 %),450,9405000,0,0,0,0.0
18/04/2008,0,0,21.3(-1.84 %),0,0,0,0,0,0.0
21/04/2008,0,0,20.9(-1.88 %),0,0,0,0,0,0.0
22/04/2008,0,0,20.5(-1.91 %),0,0,0,0,0,0.0
23/04/2008,20,402000,20.1(-1.95 %),20,402000,0,0,0,0.0
24/04/2008,0,0,19.7(-1.99 %),0,0,0,0,0,0.0
25/04/2008,0,0,19.4(-1.52 %),0,0,0,0,0,0.0
28/04/2008,0,0,19.1(-1.55 %),0,0,0,0,0,0.0
29/04/2008,0,0,18.8(-1.57 %),0,0,0,0,0,0.0
05/05/2008,0,0,18.5(-1.60 %),0,0,0,0,0,0.0
06/05/2008,0,0,18.2(-1.62 %),0,0,0,0,0,0.0
07/05/2008,0,0,17.9(-1.65 %),0,0,0,0,0,0.0
08/05/2008,0,0,17.6(-1.68 %),0,0,0,0,0,0.0
09/05/2008,0,0,17.3(-1.70 %),0,0,0,0,0,0.0
12/05/2008,0,0,17(-1.73 %),0,0,0,0,0,0.0
13/05/2008,0,0,16.7(-1.76 %),0,0,0,0,0,0.0
14/05/2008,0,0,16.4(-1.80 %),0,0,0,0,0,0.0
15/05/2008,0,0,16.1(-1.83 %),0,0,0,0,0,0.0
16/05/2008,0,0,15.8(-1.86 %),0,0,0,0,0,0.0
19/05/2008,0,0,15.5(-1.90 %),0,0,0,0,0,0.0
20/05/2008,0,0,15.2(-1.94 %),0,0,0,0,0,0.0
21/05/2008,0,0,14.9(-1.97 %),0,0,0,0,0,0.0
22/05/2008,0,0,14.7(-1.34 %),0,0,0,0,0,0.0
23/05/2008,0,0,14.5(-1.36 %),0,0,0,0,0,0.0
26/05/2008,0,0,14.5(0.00 %),0,0,0,0,0,0.0
27/05/2008,0,0,14.5(0.00 %),0,0,0,0,0,0.0
28/05/2008,0,0,14.5(0.00 %),0,0,0,0,0,0.0
29/05/2008,0,0,14.5(0.00 %),0,0,0,0,0,0.0
30/05/2008,100,1430000,14.3(-1.38 %),100,1430000,0,0,0,0.0
02/06/2008,0,0,14.1(-1.40 %),0,0,0,0,0,0.0
03/06/2008,16000,222400000,13.9(-1.42 %),16000,222400000,0,0,0,0.0
04/06/2008,16500,226050000,13.7(-1.44 %),16500,226050000,0,0,0,0.0
05/06/2008,24000,324000000,13.5(-1.46 %),24000,324000000,0,0,0,0.0
06/06/2008,24000,319200000,13.3(-1.48 %),24000,319200000,0,0,0,0.0
09/06/2008,0,0,13.1(-1.50 %),0,0,0,0,0,0.0
10/06/2008,200,2580000,12.9(-1.53 %),200,2580000,0,0,0,0.0
11/06/2008,300,3810000,13.1(1.55 %),300,3810000,0,0,0,0.0
12/06/2008,400,5320000,13.2(0.76 %),400,5320000,0,0,0,0.0
13/06/2008,200,2680000,13.4(1.52 %),200,2680000,0,0,0,0.0
16/06/2008,0,0,13.6(1.49 %),0,0,0,0,0,0.0
17/06/2008,0,0,13.8(1.47 %),0,0,0,0,0,0.0
18/06/2008,49550,677328000,13.6(-1.45 %),50000,683448000,450,6120000,0,0.0
19/06/2008,200,2640000,13.2(-2.94 %),200,2640000,0,0,0,0.0
20/06/2008,300,3870000,12.9(-2.27 %),300,3870000,0,0,0,0.0
23/06/2008,1520,20064000,12.9(0.00 %),1520,20064000,0,0,0,0.0
24/06/2008,100,1300000,13.2(2.33 %),100,1300000,0,0,0,0.0
25/06/2008,0,0,13.5(2.27 %),0,0,0,0,0,0.0
26/06/2008,0,0,13.8(2.22 %),0,0,0,0,0,0.0
27/06/2008,0,0,13.9(0.72 %),0,0,0,0,0,0.0
30/06/2008,0,0,13.6(-2.16 %),0,0,0,0,0,0.0
01/07/2008,4000,56000000,14(2.94 %),4000,56000000,0,0,0,0.0
02/07/2008,90,1296000,14.1(0.71 %),90,1296000,0,0,0,0.0
03/07/2008,37050,537225000,14.5(2.84 %),37050,537225000,0,0,0,0.0
04/07/2008,1680,25032000,14.9(2.76 %),1680,25032000,0,0,0,0.0
07/07/2008,82170,1241191000,14.5(-2.68 %),86170,1302191000,4000,61000000,0,0.0
08/07/2008,0,0,14.5(0.00 %),0,0,0,0,0,0.0
09/07/2008,0,0,14.9(2.76 %),0,0,0,0,0,0.0
10/07/2008,0,0,15.2(2.01 %),0,0,0,0,0,0.0
11/07/2008,-23000,-358800000,15.6(2.63 %),0,0,23000,358800000,0,0.0
14/07/2008,2000,32000000,16(2.56 %),2000,32000000,0,0,0,0.0
15/07/2008,0,0,16.4(2.50 %),0,0,0,0,0,0.0
16/07/2008,400,6560000,16.5(0.61 %),400,6560000,0,0,0,0.0
17/07/2008,0,0,16.9(2.42 %),0,0,0,0,0,0.0
18/07/2008,0,0,16.4(-2.96 %),0,0,0,0,0,0.0
21/07/2008,0,0,16(-2.44 %),0,0,0,0,0,0.0
22/07/2008,100,1560000,15.6(-2.50 %),100,1560000,0,0,0,0.0
23/07/2008,0,0,15.2(-2.56 %),0,0,0,0,0,0.0
24/07/2008,0,0,14.8(-2.63 %),0,0,0,0,0,0.0
25/07/2008,0,0,14.4(-2.70 %),0,0,0,0,0,0.0
28/07/2008,0,0,14(-2.78 %),0,0,0,0,0,0.0
29/07/2008,-22180,-301651000,13.6(-2.86 %),0,0,22180,301651000,0,0.0
30/07/2008,0,0,13.2(-2.94 %),0,0,0,0,0,0.0
31/07/2008,0,0,12.9(-2.27 %),0,0,0,0,0,0.0
01/08/2008,0,0,12.6(-2.33 %),0,0,0,0,0,0.0
04/08/2008,0,0,12.3(-2.38 %),0,0,0,0,0,0.0
05/08/2008,0,0,12(-2.44 %),0,0,0,0,0,0.0
06/08/2008,-5670,-66339000,12.3(2.50 %),0,0,5670,66339000,0,0.0
07/08/2008,0,0,12.1(-1.63 %),0,0,0,0,0,0.0
08/08/2008,0,0,12.3(1.65 %),0,0,0,0,0,0.0
11/08/2008,0,0,12.6(2.44 %),0,0,0,0,0,0.0
12/08/2008,0,0,12.8(1.59 %),0,0,0,0,0,0.0
13/08/2008,0,0,12.5(-2.34 %),0,0,0,0,0,0.0
14/08/2008,0,0,12.8(2.40 %),0,0,0,0,0,0.0
15/08/2008,0,0,13.1(2.34 %),0,0,0,0,0,0.0
18/08/2008,-3760,-51512000,13.7(4.58 %),0,0,3760,51512000,0,0.0
19/08/2008,0,0,13.4(-2.19 %),0,0,0,0,0,0.0
20/08/2008,0,0,12.8(-4.48 %),0,0,0,0,0,0.0
21/08/2008,-200,-2680000,13.4(4.69 %),0,0,200,2680000,0,0.0
22/08/2008,-200,-2800000,14(4.48 %),0,0,200,2800000,0,0.0
25/08/2008,0,0,14.7(5.00 %),0,0,0,0,0,0.0
26/08/2008,0,0,15.4(4.76 %),0,0,0,0,0,0.0
27/08/2008,0,0,16.1(4.55 %),0,0,0,0,0,0.0
28/08/2008,800,13400000,16.5(2.48 %),800,13400000,0,0,0,0.0
29/08/2008,-1890,-32697000,17.3(4.85 %),0,0,1890,32697000,0,0.0
03/09/2008,0,0,18.1(4.62 %),0,0,0,0,0,0.0
04/09/2008,0,0,19(4.97 %),0,0,0,0,0,0.0
05/09/2008,0,0,19.9(4.74 %),0,0,0,0,0,0.0
08/09/2008,0,0,20.8(4.52 %),0,0,0,0,0,0.0
09/09/2008,0,0,19.9(-4.33 %),0,0,0,0,0,0.0
10/09/2008,0,0,19(-4.52 %),0,0,0,0,0,0.0
11/09/2008,0,0,18.1(-4.74 %),0,0,0,0,0,0.0
12/09/2008,0,0,17.2(-4.97 %),0,0,0,0,0,0.0
15/09/2008,40000,656000000,16.4(-4.65 %),40000,656000000,0,0,0,0.0
16/09/2008,25000,427500000,15.6(-4.88 %),25000,427500000,0,0,0,0.0
17/09/2008,0,0,14.9(-4.49 %),0,0,0,0,0,0.0
18/09/2008,3240,46008000,14.2(-4.70 %),3240,46008000,0,0,0,0.0
19/09/2008,0,0,14.9(4.93 %),0,0,0,0,0,0.0
22/09/2008,-111500,-1739400000,15.6(4.70 %),500,7800000,112000,1747200000,0,0.0
23/09/2008,-57140,-855054000,14.9(-4.49 %),0,0,57140,855054000,0,0.0
24/09/2008,-31740,-450708000,14.2(-4.70 %),0,0,31740,450708000,0,0.0
25/09/2008,-70000,-945159000,14.8(4.23 %),0,0,70000,945159000,0,0.0
26/09/2008,-49080,-716660000,14.5(-2.03 %),0,0,49080,716660000,0,0.0
29/09/2008,-50920,-706380000,13.8(-4.83 %),0,0,50920,706380000,0,0.0
30/09/2008,-10820,-142824000,13.2(-4.35 %),0,0,10820,142824000,0,0.0
01/10/2008,0,0,13.7(3.79 %),0,0,0,0,0,0.0
02/10/2008,-16230,-230360000,14.3(4.38 %),0,0,16230,230360000,0,0.0
03/10/2008,-5000,-69900000,14(-2.10 %),0,0,5000,69900000,0,0.0
06/10/2008,-5770,-77241000,13.3(-5.00 %),0,0,5770,77241000,0,0.0
07/10/2008,-19900,-252730000,12.7(-4.51 %),0,0,19900,252730000,0,0.0
08/10/2008,-32070,-388354000,12.1(-4.72 %),1000,12100000,33070,400454000,0,0.0
09/10/2008,-36480,-423000000,11.5(-4.96 %),0,0,36480,423000000,0,0.0
10/10/2008,-54410,-598510000,11(-4.35 %),0,0,54410,598510000,0,0.0
13/10/2008,-45000,-492540000,10.6(-3.64 %),0,0,45000,492540000,0,0.0
14/10/2008,-45450,-504495000,11.1(4.72 %),0,0,45450,504495000,0,0.0
15/10/2008,-196810,-2126950000,11.5(3.60 %),0,0,196810,2126950000,0,0.0
16/10/2008,-19340,-212740000,11(-4.35 %),0,0,19340,212740000,0,0.0
17/10/2008,-19380,-213680000,11(0.00 %),0,0,19380,213680000,0,0.0
20/10/2008,-20320,-231616000,11.5(4.55 %),0,0,20320,231616000,0,0.0
21/10/2008,0,0,12(4.35 %),0,0,0,0,0,0.0
22/10/2008,0,0,12(0.00 %),0,0,0,0,0,0.0
23/10/2008,0,0,11.4(-5.00 %),0,0,0,0,0,0.0
24/10/2008,-9080,-98972000,10.9(-4.39 %),0,0,9080,98972000,0,0.0
27/10/2008,-5920,-61568000,10.4(-4.59 %),0,0,5920,61568000,0,0.0
28/10/2008,-5000,-49500000,10(-3.85 %),0,0,5000,49500000,0,0.0
29/10/2008,0,0,10.4(4.00 %),0,0,0,0,0,0.0
30/10/2008,0,0,10.7(2.88 %),0,0,0,0,0,0.0
31/10/2008,0,0,11(2.80 %),0,0,0,0,0,0.0
03/11/2008,0,0,10.5(-4.55 %),0,0,0,0,0,0.0
04/11/2008,0,0,10.9(3.81 %),0,0,0,0,0,0.0
05/11/2008,0,0,11.4(4.59 %),0,0,0,0,0,0.0
06/11/2008,0,0,10.9(-4.39 %),151820,1654838000,151820,1654838000,0,0.0
07/11/2008,8180,85072000,10.4(-4.59 %),8180,85072000,0,0,0,0.0
10/11/2008,0,0,10.7(2.88 %),0,0,0,0,0,0.0
11/11/2008,0,0,10.2(-4.67 %),0,0,0,0,0,0.0
12/11/2008,0,0,10.1(-0.98 %),0,0,0,0,0,0.0
13/11/2008,1040,10816000,10.1(0.00 %),1040,10816000,0,0,0,0.0
14/11/2008,-3390,-33937000,10(-0.99 %),0,0,3390,33937000,0,0.0
17/11/2008,0,0,10.1(1.00 %),0,0,0,0,0,0.0
18/11/2008,0,0,10(-0.99 %),0,0,0,0,0,0.0
19/11/2008,0,0,10(0.00 %),0,0,0,0,0,0.0
20/11/2008,0,0,9.9(-1.00 %),0,0,0,0,0,0.0
21/11/2008,0,0,9.6(-3.03 %),0,0,0,0,0,0.0
24/11/2008,0,0,9.5(-1.04 %),0,0,0,0,0,0.0
25/11/2008,100,950000,9.6(1.05 %),100,950000,0,0,0,0.0
26/11/2008,0,0,9.6(0.00 %),0,0,0,0,0,0.0
27/11/2008,100,930000,9.2(-4.17 %),100,930000,0,0,0,0.0
28/11/2008,0,0,9.1(-1.09 %),0,0,0,0,0,0.0
01/12/2008,0,0,9.3(2.20 %),0,0,0,0,0,0.0
02/12/2008,0,0,8.9(-4.30 %),0,0,0,0,0,0.0
03/12/2008,0,0,8.6(-3.37 %),0,0,0,0,0,0.0
04/12/2008,0,0,8.8(2.33 %),0,0,0,0,0,0.0
05/12/2008,0,0,8.4(-4.55 %),0,0,0,0,0,0.0
08/12/2008,0,0,8(-4.76 %),0,0,0,0,0,0.0
09/12/2008,0,0,7.6(-5.00 %),0,0,0,0,0,0.0
10/12/2008,0,0,7.9(3.95 %),0,0,0,0,0,0.0
11/12/2008,0,0,8.2(3.80 %),0,0,0,0,0,0.0
12/12/2008,0,0,8.6(4.88 %),0,0,0,0,0,0.0
15/12/2008,0,0,9(4.65 %),0,0,0,0,0,0.0
16/12/2008,0,0,8.7(-3.33 %),0,0,0,0,0,0.0
17/12/2008,0,0,9.1(4.60 %),0,0,0,0,0,0.0
18/12/2008,0,0,9.3(2.20 %),0,0,0,0,0,0.0
19/12/2008,0,0,9.3(0.00 %),0,0,0,0,0,0.0
22/12/2008,-25200,-224880000,8.9(-4.30 %),0,0,25200,224880000,0,0.0
23/12/2008,-800,-6800000,8.5(-4.49 %),0,0,800,6800000,0,0.0
24/12/2008,0,0,8.9(4.71 %),0,0,0,0,0,0.0
25/12/2008,0,0,9(1.12 %),0,0,0,0,0,0.0
26/12/2008,0,0,9.3(3.33 %),0,0,0,0,0,0.0
29/12/2008,0,0,9(-3.23 %),0,0,0,0,0,0.0
30/12/2008,0,0,9.1(1.11 %),0,0,0,0,0,0.0
31/12/2008,0,0,9(-1.10 %),0,0,0,0,0,0.0
02/01/2009,0,0,9(0.00 %),0,0,0,0,3546110,13.82
05/01/2009,0,0,9.2(2.22 %),0,0,0,0,3546110,13.82
06/01/2009,0,0,9.3(1.09 %),0,0,0,0,3546110,13.82
07/01/2009,0,0,9.5(2.15 %),0,0,0,0,3546110,13.82
08/01/2009,0,0,9.3(-2.11 %),0,0,0,0,3546110,13.82
09/01/2009,0,0,9.1(-2.15 %),0,0,0,0,3546110,13.82
12/01/2009,0,0,9.3(2.20 %),0,0,0,0,3546110,13.82
13/01/2009,2000,18600000,9.1(-2.15 %),2000,18600000,0,0,3544110,13.84
14/01/2009,0,0,9.2(1.10 %),0,0,0,0,3544110,13.84
15/01/2009,0,0,9(-2.17 %),0,0,0,0,3544110,13.84
16/01/2009,0,0,8.9(-1.11 %),0,0,0,0,3544110,13.84
19/01/2009,0,0,9(1.12 %),0,0,0,0,3544110,13.84
20/01/2009,0,0,9(0.00 %),0,0,0,0,3544110,13.84
21/01/2009,0,0,9(0.00 %),0,0,0,0,3544110,13.84
22/01/2009,-34000,-296400000,9(0.00 %),0,0,34000,296400000,3578110,13.5
23/01/2009,-38000,-331348000,8.7(-3.33 %),0,0,38000,331348000,3616110,13.13
02/02/2009,0,0,9(3.45 %),0,0,0,0,3616110,13.13
03/02/2009,0,0,8.9(-1.11 %),0,0,0,0,3616110,13.13
04/02/2009,0,0,8.8(-1.12 %),0,0,0,0,3616110,13.13
05/02/2009,0,0,8.4(-4.55 %),0,0,0,0,3616110,13.13
06/02/2009,0,0,8.5(1.19 %),0,0,0,0,3616110,13.13
09/02/2009,0,0,8.6(1.18 %),0,0,0,0,3616110,13.13
10/02/2009,0,0,8.5(-1.16 %),0,0,0,0,3616110,13.13
11/02/2009,0,0,8.3(-2.35 %),0,0,0,0,3616110,13.13
12/02/2009,-16000,-127706000,7.9(-4.82 %),0,0,16000,127706000,3632110,12.97
13/02/2009,-45140,-343265000,7.6(-3.80 %),0,0,45140,343265000,3677250,12.52
16/02/2009,-10860,-81150000,7.4(-2.63 %),0,0,10860,81150000,3688110,12.41
17/02/2009,0,0,7.7(4.05 %),0,0,0,0,3688110,12.41
18/02/2009,0,0,7.5(-2.60 %),0,0,0,0,3688110,12.41
19/02/2009,0,0,7.4(-1.33 %),0,0,0,0,3688110,12.41
20/02/2009,0,0,7.7(4.05 %),0,0,0,0,3688110,12.41
23/02/2009,0,0,7.7(0.00 %),0,0,0,0,3688110,12.41
24/02/2009,300,2280000,7.7(0.00 %),300,2280000,0,0,3687810,12.41
25/02/2009,0,0,8(3.90 %),0,0,0,0,3687810,12.41
26/02/2009,-2000,-15949000,8.2(2.50 %),0,0,2000,15949000,3689810,12.39
27/02/2009,0,0,7.9(-3.66 %),0,0,0,0,3689810,12.39
02/03/2009,-1000,-8000000,8(1.27 %),0,0,1000,8000000,3690810,12.38
03/03/2009,0,0,8.1(1.25 %),0,0,0,0,3690810,12.38
04/03/2009,0,0,8.2(1.23 %),0,0,0,0,3690810,12.38
05/03/2009,0,0,8.6(4.88 %),0,0,0,0,3690810,12.38
06/03/2009,500,4292000,8.6(0.00 %),500,4292000,0,0,3690310,12.39
09/03/2009,0,0,8.3(-3.49 %),0,0,0,0,3690310,12.39
10/03/2009,0,0,8.7(4.82 %),0,0,0,0,3690310,12.39
11/03/2009,0,0,9(3.45 %),0,0,0,0,3690310,12.39
12/03/2009,0,0,8.6(-4.44 %),0,0,0,0,3690310,12.39
13/03/2009,0,0,8.6(0.00 %),0,0,0,0,3690310,12.39
16/03/2009,0,0,8.6(0.00 %),0,0,0,0,3690310,12.39
17/03/2009,0,0,9(4.65 %),0,0,0,0,3690310,12.39
18/03/2009,0,0,9.3(3.33 %),0,0,0,0,3690310,12.39
19/03/2009,0,0,9.3(0.00 %),0,0,0,0,3690310,12.39
20/03/2009,0,0,9.3(0.00 %),0,0,0,0,3690310,12.39
23/03/2009,0,0,9.2(-1.08 %),0,0,0,0,3690310,12.39
24/03/2009,0,0,9.4(2.17 %),0,0,0,0,3690310,12.39
25/03/2009,0,0,9(-4.26 %),0,0,0,0,3690310,12.39
26/03/2009,-1130,-9944000,8.8(-2.22 %),0,0,1130,9944000,3691440,12.38
27/03/2009,0,0,8.7(-1.14 %),0,0,0,0,3691440,12.38
30/03/2009,0,0,8.6(-1.15 %),0,0,0,0,3691440,12.38
31/03/2009,0,0,8.7(1.16 %),0,0,0,0,3691440,12.38
01/04/2009,0,0,8.9(2.30 %),0,0,0,0,3691440,12.38
02/04/2009,0,0,9(1.12 %),0,0,0,0,3691440,12.38
03/04/2009,0,0,9.4(4.44 %),0,0,0,0,3691440,12.38
07/04/2009,30,276000,9.8(4.26 %),30,276000,0,0,3691410,12.38
08/04/2009,-154660,-1549374000,10.2(4.08 %),0,0,154660,1549374000,3846070,10.84
09/04/2009,0,0,10.7(4.90 %),0,0,0,0,3846070,10.84
10/04/2009,-25930,-290416000,11.2(4.67 %),0,0,25930,290416000,3872000,10.59
13/04/2009,0,0,11.7(4.46 %),0,0,0,0,3872000,10.59
14/04/2009,450,5215000,12.2(4.27 %),450,5215000,0,0,3871550,10.59
15/04/2009,970,11640000,11.6(-4.92 %),1000,12000000,30,360000,3870580,10.6
16/04/2009,-1000,-11200000,11.2(-3.45 %),0,0,1000,11200000,3871580,10.59
17/04/2009,0,0,10.7(-4.46 %),0,0,0,0,3871580,10.59
20/04/2009,0,0,10.2(-4.67 %),0,0,0,0,3871580,10.59
21/04/2009,0,0,9.7(-4.90 %),0,0,0,0,3871580,10.59
22/04/2009,0,0,10.1(4.12 %),0,0,0,0,3871580,10.59
23/04/2009,0,0,10.1(0.00 %),0,0,0,0,3871580,10.59
24/04/2009,0,0,9.8(-2.97 %),0,0,0,0,3871580,10.59
27/04/2009,0,0,10(2.04 %),0,0,0,0,3871580,10.59
28/04/2009,0,0,10(0.00 %),0,0,0,0,3871580,10.59
29/04/2009,0,0,10(0.00 %),0,0,0,0,3871580,10.59
04/05/2009,0,0,10.5(5.00 %),0,0,0,0,3871580,10.59
05/05/2009,0,0,10.4(-0.95 %),0,0,0,0,3871580,10.59
06/05/2009,0,0,9.9(-4.81 %),0,0,0,0,3871580,10.59
07/05/2009,0,0,10.3(4.04 %),0,0,0,0,3871580,10.59
08/05/2009,0,0,10.4(0.97 %),0,0,0,0,3871580,10.59
11/05/2009,0,0,10.9(4.81 %),0,0,0,0,3871580,10.59
12/05/2009,0,0,11.4(4.59 %),0,0,0,0,3871580,10.59
13/05/2009,30,357000,11.9(4.39 %),30,357000,0,0,3871550,10.59
14/05/2009,0,0,11.4(-4.20 %),0,0,0,0,3871550,10.59
15/05/2009,0,0,11.9(4.39 %),0,0,0,0,3871550,10.59
18/05/2009,0,0,12.4(4.20 %),0,0,0,0,3871550,10.59
19/05/2009,0,0,13(4.84 %),0,0,0,0,3871550,10.59
20/05/2009,0,0,13.6(4.62 %),0,0,0,0,3871550,10.59
21/05/2009,0,0,14.2(4.41 %),0,0,0,0,3871550,10.59
22/05/2009,0,0,13.5(-4.93 %),0,0,0,0,3871550,10.59
25/05/2009,0,0,14.1(4.44 %),0,0,0,0,3871550,10.59
26/05/2009,0,0,13.4(-4.96 %),0,0,0,0,3871550,10.59
27/05/2009,0,0,13(-2.99 %),0,0,0,0,3871550,10.59
28/05/2009,-18660,-231671000,12.4(-4.62 %),0,0,18660,231671000,3890210,10.41
29/05/2009,-9090,-112957000,12.4(0.00 %),1800,22320000,10890,135277000,3899300,10.32
01/06/2009,0,0,13(4.84 %),0,0,0,0,3899300,10.32
02/06/2009,0,0,13.6(4.62 %),0,0,0,0,3899300,10.32
03/06/2009,0,0,13.2(-2.94 %),0,0,0,0,3899300,10.32
04/06/2009,0,0,13.8(4.55 %),0,0,0,0,3899300,10.32
05/06/2009,3000,43200000,14.4(4.35 %),3000,43200000,0,0,3896300,10.35
08/06/2009,-800,-12080000,15.1(4.86 %),0,0,800,12080000,3897100,10.34
09/06/2009,0,0,15.8(4.64 %),0,0,0,0,3897100,10.34
10/06/2009,-30,-453000,15.1(-4.43 %),0,0,30,453000,3897130,10.34
11/06/2009,-3000,-45000000,15.8(4.64 %),0,0,3000,45000000,3900130,10.31
12/06/2009,0,0,15.8(0.00 %),0,0,0,0,3900130,10.31
15/06/2009,0,0,15.1(-4.43 %),0,0,0,0,3900130,10.31
16/06/2009,100,1440000,14.4(-4.64 %),100,1440000,0,0,3900030,10.31
17/06/2009,0,0,13.8(-4.17 %),0,0,0,0,3900030,10.31
18/06/2009,-2900,-40461000,14.2(2.90 %),0,0,2900,40461000,3902930,10.28
19/06/2009,1000,14200000,13.8(-2.82 %),1000,14200000,0,0,3901930,10.29
22/06/2009,0,0,13.2(-4.35 %),0,0,0,0,3901930,10.29
23/06/2009,0,0,12.6(-4.55 %),0,0,0,0,3901930,10.29
24/06/2009,0,0,13.2(4.76 %),0,0,0,0,3901930,10.29
25/06/2009,0,0,12.7(-3.79 %),0,0,0,0,3901930,10.29
26/06/2009,0,0,13.1(3.15 %),0,0,0,0,3901930,10.29
29/06/2009,0,0,13.1(0.00 %),0,0,0,0,3901930,10.29
30/06/2009,-1420,-17750000,12.5(-4.58 %),0,0,1420,17750000,3903350,10.28
01/07/2009,0,0,11.9(-4.80 %),0,0,0,0,3903350,10.28
02/07/2009,0,0,12(0.84 %),0,0,0,0,3903350,10.28
03/07/2009,-51250,-589375000,11.5(-4.17 %),0,0,51250,589375000,3954600,9.77
06/07/2009,-102500,-1222460000,12(4.35 %),0,0,102500,1222460000,4210850,7.23
07/07/2009,-51250,-621110000,12.6(5.00 %),0,0,51250,621110000,4108350,8.24
08/07/2009,0,0,12.6(0.00 %),0,0,0,0,4108350,8.24
09/07/2009,0,0,12.3(-2.38 %),0,0,0,0,4108350,8.24
10/07/2009,-3940,-47307000,12.2(-0.81 %),0,0,3940,47307000,4112290,8.2
13/07/2009,0,0,11.6(-4.92 %),0,0,0,0,4112290,8.2
14/07/2009,-2350,-26790000,11.4(-1.72 %),0,0,2350,26790000,4114640,8.18
15/07/2009,0,0,11.8(3.51 %),0,0,0,0,4114640,8.18
16/07/2009,0,0,12.2(3.39 %),0,0,0,0,4114640,8.18
17/07/2009,0,0,12.1(-0.82 %),0,0,0,0,4114640,8.18
20/07/2009,0,0,11.9(-1.65 %),0,0,0,0,4114640,8.18
21/07/2009,0,0,11.9(0.00 %),0,0,0,0,4114640,8.18
22/07/2009,0,0,11.7(-1.68 %),0,0,0,0,4114640,8.18
23/07/2009,0,0,12.1(3.42 %),0,0,0,0,4114640,8.18
24/07/2009,0,0,12.7(4.96 %),0,0,0,0,4114640,8.18
27/07/2009,0,0,13.3(4.72 %),0,0,0,0,4114640,8.18
28/07/2009,0,0,13.9(4.51 %),0,0,0,0,4114640,8.18
29/07/2009,-750,-10875000,14.5(4.32 %),0,0,750,10875000,4115390,8.17
30/07/2009,0,0,15.2(4.83 %),0,0,0,0,4115390,8.17
31/07/2009,10000,155000000,15.9(4.61 %),10000,155000000,0,0,4105390,8.27
03/08/2009,3000,48000000,15.2(-4.40 %),3000,48000000,0,0,4102390,8.3
04/08/2009,0,0,15.4(1.32 %),0,0,0,0,4102390,8.3
05/08/2009,800,12000000,15(-2.60 %),800,12000000,0,0,4101590,8.31
06/08/2009,-500,-7500000,15.3(2.00 %),0,0,500,7500000,4102090,8.3
07/08/2009,0,0,15.2(-0.65 %),0,0,0,0,4102090,8.3
10/08/2009,-1890,-28350000,15.5(1.97 %),0,0,1890,28350000,4103980,8.29
11/08/2009,-1500,-23250000,15.3(-1.29 %),0,0,1500,23250000,4105480,8.27
12/08/2009,0,0,15.4(0.65 %),0,0,0,0,4105480,8.27
13/08/2009,0,0,15.4(0.00 %),0,0,0,0,4105480,8.27
14/08/2009,0,0,15.1(-1.95 %),0,0,0,0,4105480,8.27
17/08/2009,0,0,14.7(-2.65 %),0,0,0,0,4105480,8.27
18/08/2009,0,0,14.6(-0.68 %),0,0,0,0,4105480,8.27
19/08/2009,1040,15512000,15.3(4.79 %),1040,15512000,0,0,4104440,8.28
20/08/2009,-1000,-15500000,15.5(1.31 %),0,0,1000,15500000,4105440,8.27
21/08/2009,10000,157000000,15.5(0.00 %),10000,157000000,0,0,4095440,8.37
24/08/2009,0,0,15.9(2.58 %),0,0,0,0,4095440,8.37
25/08/2009,1090,17113000,15.5(-2.52 %),1090,17113000,0,0,4094350,8.38
26/08/2009,0,0,15.5(0.00 %),0,0,0,0,4095440,8.37
27/08/2009,40,620000,15.6(0.65 %),40,620000,0,0,4095400,8.37
28/08/2009,160,2528000,15.7(0.64 %),160,2528000,0,0,4095240,8.37
31/08/2009,0,0,16.4(4.46 %),0,0,0,0,4095240,8.37
01/09/2009,0,0,16.7(1.83 %),0,0,0,0,4095240,8.37
03/09/2009,0,0,16.1(-3.59 %),0,0,0,0,4095240,8.37
04/09/2009,0,0,15.3(-4.97 %),0,0,0,0,4095240,8.37
07/09/2009,-1290,-19350000,15(-1.96 %),0,0,1290,19350000,4096530,8.36
08/09/2009,410,6273000,15.6(4.00 %),410,6273000,0,0,4096120,8.36
09/09/2009,0,0,15.6(0.00 %),0,0,0,0,4096120,8.36
10/09/2009,0,0,15.8(1.28 %),0,0,0,0,4096120,8.36
11/09/2009,870,13833000,16.1(1.90 %),870,13833000,0,0,4095250,8.37
14/09/2009,-260,-4394000,16.9(4.97 %),0,0,260,4394000,4095510,8.37
15/09/2009,0,0,17.7(4.73 %),0,0,0,0,4095510,8.37
16/09/2009,-1280,-23552000,18.5(4.52 %),0,0,1280,23552000,4096790,8.36
17/09/2009,0,0,19(2.70 %),0,0,0,0,4096790,8.36
18/09/2009,0,0,18.7(-1.58 %),0,0,0,0,4096790,8.36
21/09/2009,0,0,19.6(4.81 %),0,0,0,0,4096790,8.36
22/09/2009,0,0,20.5(4.59 %),0,0,0,0,4096790,8.36
23/09/2009,0,0,21.5(4.88 %),0,0,0,0,4096790,8.36
24/09/2009,-1800,-39600000,20.5(-4.65 %),0,0,1800,39600000,4098590,8.34
25/09/2009,-10680,-236092000,21.5(4.88 %),0,0,10680,236092000,4109270,8.23
28/09/2009,1400,31720000,21.8(1.40 %),4400,96520000,3000,64800000,4096690,8.36
29/09/2009,1500,34050000,21.4(-1.83 %),1500,34050000,0,0,4096590,8.36
30/09/2009,0,0,22.4(4.67 %),0,0,0,0,4096590,8.36
01/10/2009,-25300,-594550000,23.5(4.91 %),0,0,25300,594550000,4121890,8.11
02/10/2009,1400,31360000,22.4(-4.68 %),1400,31360000,0,0,4120490,8.12
05/10/2009,500,10800000,22.3(-0.45 %),500,10800000,0,0,4119990,8.13
06/10/2009,0,0,22.2(-0.45 %),0,0,0,0,4119990,8.13
07/10/2009,-1890,-43281000,23.3(4.95 %),0,0,1890,43281000,4121880,8.11
08/10/2009,0,0,24.4(4.72 %),0,0,0,0,4121880,8.11
09/10/2009,0,0,25.6(4.92 %),0,0,0,0,4121880,8.11
12/10/2009,0,0,26.8(4.69 %),0,0,0,0,4121880,8.11
13/10/2009,0,0,28.1(4.85 %),0,0,0,0,4121880,8.11
14/10/2009,-100200,-2955900000,29.5(4.98 %),0,0,100200,2955900000,4222080,7.11
15/10/2009,100,3090000,29(-1.69 %),100,3090000,0,0,4221980,7.12
16/10/2009,90,2610000,29(0.00 %),90,2610000,0,0,4265790,6.68
19/10/2009,-40000,-1115458000,28(-3.45 %),0,0,40000,1115458000,4261890,6.72
20/10/2009,0,0,28.8(2.86 %),0,0,0,0,4261890,6.72
21/10/2009,-1490,-42912000,28.7(-0.35 %),10,288000,1500,43200000,4263380,6.7
22/10/2009,90,2511000,28.7(0.00 %),90,2511000,0,0,4263290,6.71
23/10/2009,-2190,-63209000,27.3(-4.88 %),50,1453000,2240,64662000,4265480,6.68
26/10/2009,-400,-11000000,26(-4.76 %),0,0,400,11000000,4265880,6.68
27/10/2009,-1000,-25140000,25.5(-1.92 %),0,0,1000,25140000,4266880,6.67
28/10/2009,0,0,26.7(4.71 %),0,0,0,0,4266880,6.67
29/10/2009,-35770,-924259000,26(-2.62 %),0,0,35770,924259000,4302650,6.31
30/10/2009,0,0,26.3(1.15 %),0,0,0,0,4302650,6.31
02/11/2009,0,0,25(-4.94 %),0,0,0,0,4302650,6.31
03/11/2009,0,0,23.8(-4.80 %),0,0,0,0,4302650,6.31
04/11/2009,0,0,23.1(-2.94 %),0,0,0,0,4302650,6.31
05/11/2009,-230,-5543000,24.2(4.76 %),0,0,230,5543000,4302880,6.31
06/11/2009,0,0,24.2(0.00 %),0,0,0,0,4302880,6.31
09/11/2009,0,0,23(-4.96 %),0,0,0,0,4302880,6.31
10/11/2009,0,0,22(-4.35 %),0,0,0,0,4302880,6.31
11/11/2009,0,0,22.5(2.27 %),0,0,0,0,4302880,6.31
12/11/2009,0,0,23.6(4.89 %),0,0,0,0,4302880,6.31
13/11/2009,-10,-240000,24.5(3.81 %),0,0,10,240000,4302890,6.31
16/11/2009,0,0,23.6(-3.67 %),0,0,0,0,4302890,6.31
17/11/2009,0,0,23(-2.54 %),0,0,0,0,4302890,6.31
18/11/2009,0,0,24(4.35 %),0,0,0,0,4302890,6.31
19/11/2009,0,0,24.1(0.42 %),0,0,0,0,4302890,6.31
20/11/2009,0,0,23.9(-0.83 %),0,0,0,0,4302890,6.31
23/11/2009,0,0,22.8(-4.60 %),0,0,0,0,4302890,6.31
24/11/2009,0,0,22(-3.51 %),0,0,0,0,4302890,6.31
25/11/2009,0,0,20.9(-5.00 %),0,0,0,0,4302890,6.31
26/11/2009,0,0,19.9(-4.78 %),0,0,0,0,4302890,6.31
27/11/2009,600,11400000,20.5(3.02 %),600,11400000,0,0,4302290,6.32
30/11/2009,0,0,20.5(0.00 %),0,0,0,0,4302290,6.32
01/12/2009,0,0,21.5(4.88 %),0,0,0,0,4302290,6.32
02/12/2009,-40,-860000,21.3(-0.93 %),0,0,40,860000,4302330,6.32
03/12/2009,0,0,20.5(-3.76 %),0,0,0,0,4302330,6.32
04/12/2009,0,0,20.4(-0.49 %),0,0,0,0,4302330,6.32
07/12/2009,0,0,21.4(4.90 %),0,0,0,0,4302330,6.32
08/12/2009,0,0,21(-1.87 %),0,0,0,0,4302330,6.32
09/12/2009,0,0,20(-4.76 %),0,0,0,0,4302330,6.32
10/12/2009,-14830,-281770000,19(-5.00 %),0,0,14830,281770000,4317160,6.17
11/12/2009,0,0,18.1(-4.74 %),0,0,0,0,4317160,6.17
14/12/2009,0,0,19(4.97 %),0,0,0,0,4317160,6.17
15/12/2009,0,0,19.2(1.05 %),0,0,0,0,4317160,6.17
16/12/2009,17200,330240000,18.3(-4.69 %),17200,330240000,0,0,4299960,6.34
17/12/2009,0,0,17.4(-4.92 %),0,0,0,0,4299960,6.34
18/12/2009,0,0,18.2(4.60 %),0,0,0,0,4299960,6.34
21/12/2009,0,0,19.1(4.95 %),0,0,0,0,4299960,6.34
22/12/2009,0,0,19.3(1.05 %),0,0,0,0,4299960,6.34
23/12/2009,0,0,19.3(0.00 %),0,0,0,0,4299960,6.34
24/12/2009,0,0,19.5(1.04 %),0,0,0,0,4299960,6.34
25/12/2009,0,0,20.4(4.62 %),0,0,0,0,4299960,6.34
28/12/2009,0,0,21.4(4.90 %),0,0,0,0,4299960,6.34
29/12/2009,0,0,20.5(-4.21 %),0,0,0,0,4299960,6.34
30/12/2009,0,0,21.2(3.41 %),0,0,0,0,4299960,6.34
31/12/2009,-300,-6630000,21.9(3.30 %),0,0,300,6630000,4300260,6.34
04/01/2010,0,0,22.9(4.57 %),0,0,0,0,4300260,6.34
05/01/2010,0,0,23.5(2.62 %),0,0,0,0,4300260,6.34
06/01/2010,0,0,23(-2.13 %),0,0,0,0,4300260,6.34
07/01/2010,0,0,22.8(-0.87 %),0,0,0,0,4300260,6.34
08/01/2010,0,0,21.7(-4.82 %),0,0,0,0,4300260,6.34
11/01/2010,0,0,21.3(-1.84 %),0,0,0,0,4300260,6.34
12/01/2010,0,0,20.3(-4.69 %),0,0,0,0,4300260,6.34
13/01/2010,0,0,19.3(-4.93 %),0,0,0,0,4300260,6.34
14/01/2010,0,0,20.2(4.66 %),0,0,0,0,4300260,6.34
15/01/2010,6000,124800000,20(-0.99 %),6000,124800000,0,0,4294260,6.4
18/01/2010,0,0,19(-5.00 %),0,0,0,0,4294260,6.4
19/01/2010,0,0,19.5(2.63 %),0,0,0,0,4294260,6.4
20/01/2010,0,0,19(-2.56 %),0,0,0,0,4294260,6.4
21/01/2010,0,0,18.1(-4.74 %),0,0,0,0,4294260,6.4
22/01/2010,0,0,18.5(2.21 %),0,0,0,0,4294260,6.4
25/01/2010,0,0,18.9(2.16 %),0,0,0,0,4294260,6.4
26/01/2010,0,0,19.8(4.76 %),0,0,0,0,4294260,6.4
27/01/2010,0,0,18.9(-4.55 %),0,0,0,0,4294260,6.4
28/01/2010,0,0,18.3(-3.17 %),0,0,0,0,4294260,6.4
29/01/2010,0,0,18.8(2.73 %),0,0,0,0,4294260,6.4
01/02/2010,0,0,17.9(-4.79 %),0,0,0,0,4294260,6.4
02/02/2010,0,0,17.9(0.00 %),0,0,0,0,4294260,6.4
03/02/2010,0,0,17.6(-1.68 %),0,0,0,0,4294260,6.4
04/02/2010,-1440,-25920000,18.1(2.84 %),0,0,1440,25920000,4295700,6.38
05/02/2010,0,0,17.8(-1.66 %),0,0,0,0,4295700,6.38
08/02/2010,0,0,17.7(-0.56 %),0,0,0,0,4295700,6.38
09/02/2010,0,0,17.6(-0.56 %),0,0,0,0,4295700,6.38
10/02/2010,0,0,16.8(-4.55 %),0,0,0,0,4295700,6.38
11/02/2010,0,0,17.5(4.17 %),0,0,0,0,4295700,6.38
12/02/2010,0,0,17.5(0.00 %),0,0,0,0,4295700,6.38
22/02/2010,0,0,17.6(0.57 %),0,0,0,0,4295700,6.38
23/02/2010,0,0,17.5(-0.57 %),0,0,0,0,4295700,6.38
24/02/2010,0,0,16.9(-3.43 %),0,0,0,0,4295700,6.38
25/02/2010,-165530,-2714841000,16.3(-3.55 %),0,0,165530,2714841000,4461230,4.74
26/02/2010,0,0,17(4.29 %),0,0,0,0,4294610,4.74
01/03/2010,0,0,17.3(1.76 %),0,0,0,0,4294610,6.39
02/03/2010,0,0,17.1(-1.16 %),0,0,0,0,4294610,6.39
03/03/2010,0,0,17.8(4.09 %),0,0,0,0,4294610,6.39
04/03/2010,0,0,17.5(-1.69 %),0,0,0,0,4294610,6.39
05/03/2010,0,0,17.1(-2.29 %),0,0,0,0,4294610,6.39
08/03/2010,0,0,17.8(4.09 %),0,0,0,0,4294610,6.39
09/03/2010,0,0,18.1(1.69 %),0,0,0,0,4294610,6.39
10/03/2010,5000,95000000,19(4.97 %),5000,95000000,0,0,4289610,6.44
11/03/2010,0,0,19.9(4.74 %),0,0,0,0,4289610,6.44
12/03/2010,680,13532000,19.9(0.00 %),680,13532000,0,0,4288930,6.45
15/03/2010,0,0,19.1(-4.02 %),0,0,0,0,4288930,6.45
16/03/2010,0,0,18.2(-4.71 %),0,0,0,0,4288930,6.45
17/03/2010,0,0,17.5(-3.85 %),0,0,0,0,4288930,6.45
18/03/2010,0,0,18(2.86 %),0,0,0,0,4288930,6.45
19/03/2010,100,1800000,18.3(1.67 %),100,1800000,0,0,4288830,6.45
22/03/2010,-1000,-17600000,17.6(-3.83 %),0,0,1000,17600000,4289830,6.44
23/03/2010,0,0,17.8(1.14 %),0,0,0,0,4289830,6.44
24/03/2010,0,0,18.3(2.81 %),0,0,0,0,4289830,6.44
25/03/2010,0,0,17.5(-4.37 %),0,0,0,0,4289830,6.44
26/03/2010,420,7350000,17.5(0.00 %),420,7350000,0,0,4289410,6.45
29/03/2010,-4000,-70000000,17.6(0.57 %),0,0,4000,70000000,4293410,6.41
30/03/2010,0,0,17.5(-0.57 %),0,0,0,0,4293410,6.41
31/03/2010,0,0,17.3(-1.14 %),0,0,0,0,4293410,6.41
01/04/2010,0,0,17.5(1.16 %),0,0,0,0,4293410,6.41
02/04/2010,100,1730000,17.5(0.00 %),100,1730000,0,0,4293310,6.41
05/04/2010,0,0,17.9(2.29 %),0,0,0,0,4293310,6.41
06/04/2010,0,0,17.7(-1.12 %),0,0,0,0,4293310,6.41
07/04/2010,0,0,17.7(0.00 %),0,0,0,0,4293310,6.41
08/04/2010,0,0,18(1.69 %),0,0,0,0,4293310,6.41
09/04/2010,0,0,18.5(2.78 %),0,0,0,0,4293310,6.41
12/04/2010,0,0,19.3(4.32 %),0,0,0,0,4293310,6.41
13/04/2010,0,0,18.4(-4.66 %),0,0,0,0,4293310,6.41
14/04/2010,0,0,17.7(-3.80 %),0,0,0,0,4293310,6.41
15/04/2010,0,0,18.5(4.52 %),0,0,0,0,4293310,6.41
16/04/2010,1060,20118000,18.7(1.08 %),1060,20118000,0,0,4292250,6.42
19/04/2010,0,0,18.6(-0.53 %),0,0,0,0,4292250,6.42
20/04/2010,40,746000,18.4(-1.08 %),40,746000,0,0,4292210,6.42
21/04/2010,0,0,18.7(1.63 %),0,0,0,0,4292210,6.42
22/04/2010,0,0,17.9(1.13 %),0,0,0,0,4292210,6.42
26/04/2010,0,0,17.7(-1.12 %),0,0,0,0,4293310,6.41
27/04/2010,0,0,17.6(-0.56 %),0,0,0,0,4292210,6.42
28/04/2010,-1100,-19250000,17.7(0.57 %),0,0,1100,19250000,4293310,6.41
29/04/2010,0,0,18.5(4.52 %),0,0,0,0,4293310,6.41
04/05/2010,-200,-3880000,19.4(4.86 %),0,0,200,3880000,4293510,6.41
05/05/2010,0,0,19.3(-0.52 %),0,0,0,0,4293510,6.41
06/05/2010,0,0,19.9(3.11 %),0,0,0,0,4293510,6.41
07/05/2010,0,0,19(-4.52 %),0,0,0,0,4293510,6.41
10/05/2010,0,0,18.1(-4.74 %),0,0,0,0,4293510,6.41
12/05/2010,0,0,17.1(-5.00 %),0,0,0,0,4293510,6.41
13/05/2010,0,0,17(-0.58 %),0,0,0,0,4293510,6.41
14/05/2010,0,0,17(0.00 %),0,0,0,0,4293510,6.41
17/05/2010,0,0,16.8(-1.18 %),0,0,0,0,4293510,6.41
18/05/2010,0,0,16.5(-1.79 %),0,0,0,0,4293510,6.41
19/05/2010,0,0,15.7(-4.85 %),0,0,0,0,4293510,6.41
20/05/2010,0,0,16.1(2.55 %),0,0,0,0,4293510,6.41
21/05/2010,0,0,15.3(-4.97 %),0,0,0,0,4293510,6.41
24/05/2010,0,0,15.9(3.92 %),0,0,0,0,4293510,6.41
25/05/2010,0,0,15.5(-2.52 %),0,0,0,0,4293510,6.41
26/05/2010,0,0,15.9(2.58 %),0,0,0,0,4293510,6.41
27/05/2010,0,0,16(0.63 %),0,0,0,0,4293510,6.41
28/05/2010,30000,503820000,16.8(5.00 %),30000,503820000,0,0,4263510,6.7
31/05/2010,0,0,16.5(-1.79 %),0,0,0,0,4263510,6.7
01/06/2010,0,0,16.5(0.00 %),0,0,0,0,4263510,6.7
02/06/2010,0,0,16.6(0.61 %),0,0,0,0,4263510,6.7
03/06/2010,0,0,16.5(-0.60 %),0,0,0,0,4263510,6.7
04/06/2010,0,0,16.4(-0.61 %),0,0,0,0,4263510,6.7
07/06/2010,2000,31200000,15.9(-3.05 %),2000,31200000,0,0,4261510,6.72
08/06/2010,0,0,16(0.63 %),0,0,0,0,4261510,6.72
09/06/2010,0,0,16(0.00 %),0,0,0,0,4261510,6.72
10/06/2010,0,0,15.8(-1.25 %),0,0,0,0,4261510,6.72
11/06/2010,-10000,-160000000,16.2(2.53 %),5000,81000000,15000,241000000,4271510,6.62
14/06/2010,0,0,16.3(0.62 %),0,0,0,0,4271510,6.62
15/06/2010,0,0,16.1(-1.23 %),0,0,0,0,4271510,6.62
16/06/2010,-25600,-410051000,16(-0.62 %),0,0,25600,410051000,4297110,6.37
17/06/2010,0,0,16.8(5.00 %),0,0,0,0,4297110,6.37
18/06/2010,-29400,-515560000,17.6(4.76 %),0,0,29400,515560000,4326510,6.08
21/06/2010,-410,-7544000,18.4(4.55 %),0,0,410,7544000,4326920,6.07
22/06/2010,-10030,-179540000,17.5(-4.89 %),0,0,10030,179540000,4336950,5.97
23/06/2010,0,0,18.1(3.43 %),0,0,0,0,4336950,5.97
24/06/2010,-2000,-38000000,19(4.97 %),0,0,2000,38000000,4338950,5.95
25/06/2010,-5000,-90500000,18.1(-4.74 %),0,0,5000,90500000,4343950,5.91
28/06/2010,-15000,-273500000,17.5(-3.31 %),0,0,15000,273500000,4358950,5.76
29/06/2010,-60000,-1098000000,18.3(4.57 %),0,0,60000,1098000000,4418950,5.16
30/06/2010,-62000,-1190000000,19.2(4.92 %),0,0,62000,1190000000,4480950,4.55
01/07/2010,-40000,-804000000,20.1(4.69 %),0,0,40000,804000000,4520950,4.15
02/07/2010,-40000,-844000000,21.1(4.98 %),0,0,40000,844000000,4560950,3.75
05/07/2010,-30000,-663000000,22.1(4.74 %),0,0,30000,663000000,4590950,3.45
06/07/2010,-15900,-366600000,23.2(4.98 %),0,0,15900,366600000,4606850,3.3
07/07/2010,0,0,24(4.35 %),0,0,0,0,4606850,3.3
08/07/2010,0,0,22.8(-5.00 %),0,0,0,0,4606850,3.3
09/07/2010,0,0,21.7(-4.82 %),0,0,0,0,4606850,3.3
12/07/2010,0,0,21.7(0.00 %),0,0,0,0,4606850,3.3
13/07/2010,0,0,22.7(4.61 %),0,0,0,0,4606850,3.3
14/07/2010,0,0,21.6(-4.85 %),0,0,0,0,4606850,3.3
15/07/2010,0,0,22.6(4.63 %),0,0,0,0,4606850,3.3
16/07/2010,0,0,23.7(4.87 %),0,0,0,0,4606850,3.3
19/07/2010,0,0,24.8(4.64 %),0,0,0,0,4606850,3.3
20/07/2010,0,0,26(4.84 %),0,0,0,0,4606850,3.3
21/07/2010,0,0,27.3(5.00 %),0,0,0,0,4606850,3.3
22/07/2010,-18790,-512967000,28.6(4.76 %),0,0,18790,512967000,4625640,3.11
23/07/2010,0,0,28.6(0.00 %),0,0,0,0,4625640,3.11
26/07/2010,0,0,28.7(0.35 %),0,0,0,0,4625640,3.11
27/07/2010,-17200,-493640000,30.1(4.88 %),0,0,17200,493640000,4642840,2.94
28/07/2010,0,0,30.1(0.00 %),0,0,0,0,4642840,2.94
29/07/2010,0,0,30.8(2.33 %),0,0,0,0,4642840,2.94
30/07/2010,0,0,32.3(4.87 %),0,0,0,0,4642840,2.94
02/08/2010,0,0,32.3(0.00 %),0,0,0,0,4642840,2.94
03/08/2010,0,0,32.3(0.00 %),0,0,0,0,4642840,2.94
04/08/2010,-180,-5850000,32.5(0.62 %),0,0,180,5850000,4643020,2.94
05/08/2010,-1000,-33900000,34.1(4.92 %),0,0,1000,33900000,4644020,2.93
06/08/2010,0,0,32.5(-4.69 %),0,0,0,0,4644020,2.93
09/08/2010,0,0,34.1(4.92 %),0,0,0,0,4644020,2.93
10/08/2010,0,0,35(2.64 %),0,0,0,0,4644020,2.93
11/08/2010,0,0,36.7(4.86 %),0,0,0,0,4650170,2.87
12/08/2010,-6150,-224732000,38.3(4.36 %),0,0,6150,224732000,4650170,2.87
13/08/2010,0,0,38.3(0.00 %),0,0,0,0,4650170,2.87
16/08/2010,0,0,38.4(0.26 %),0,0,0,0,4650170,2.87
17/08/2010,0,0,38.2(-0.52 %),0,0,0,0,4650170,0.0
18/08/2010,0,0,36.3(-4.97 %),0,0,0,0,4650170,2.87
19/08/2010,0,0,36.3(0.00 %),0,0,0,0,4650170,2.87
20/08/2010,0,0,37.5(3.31 %),0,0,0,0,4650170,0.0
23/08/2010,0,0,37.5(0.00 %),0,0,0,0,4650170,0.0
24/08/2010,0,0,37.4(-0.27 %),0,0,0,0,4650170,2.87
25/08/2010,-5000,-192500000,39.2(4.81 %),0,0,5000,192500000,4655170,2.82
26/08/2010,0,0,37.5(-4.34 %),0,0,0,0,4655170,2.82
27/08/2010,0,0,39.3(4.80 %),0,0,0,0,4655170,2.82
30/08/2010,-4150,-170150000,41.2(4.83 %),0,0,4150,170150000,4659320,2.78
31/08/2010,0,0,43.2(4.85 %),0,0,0,0,4659320,2.78
01/09/2010,0,0,45.2(4.63 %),0,0,0,0,4659320,2.78
06/09/2010,0,0,45.2(0.00 %),0,0,0,0,4824940,2.78
07/09/2010,0,0,45.1(-0.22 %),0,0,0,0,4659320,2.78
08/09/2010,0,0,43(-4.66 %),0,0,0,0,4659320,2.78
09/09/2010,0,0,44.7(3.95 %),0,0,0,0,4659320,2.78
10/09/2010,-1000,-44000000,44.7(0.00 %),0,0,1000,44000000,4660320,2.77
13/09/2010,-7500,-351750000,46.9(4.92 %),0,0,7500,351750000,4667820,2.69
14/09/2010,0,0,46(-1.92 %),0,0,0,0,4667820,2.69
15/09/2010,0,0,45(-2.17 %),0,0,0,0,4667820,2.69
16/09/2010,0,0,42.8(-4.89 %),0,0,0,0,4667820,2.69
17/09/2010,0,0,42.5(-0.70 %),0,0,0,0,4667820,2.69
20/09/2010,0,0,43.4(2.12 %),0,0,0,0,4667820,2.69
21/09/2010,0,0,41.3(-4.84 %),0,0,0,0,4667820,2.69
22/09/2010,0,0,43(4.12 %),0,0,0,0,4667820,2.69
23/09/2010,-100,-4200000,42.6(-0.93 %),0,0,100,4200000,4667920,2.69
24/09/2010,0,0,40.5(-4.93 %),0,0,0,0,4667920,2.69
27/09/2010,0,0,41.4(2.22 %),0,0,0,0,4667920,2.69
28/09/2010,0,0,41.9(1.21 %),0,0,0,0,4667920,2.69
29/09/2010,0,0,42.4(1.19 %),0,0,0,0,4667920,2.69
30/09/2010,0,0,42.4(0.00 %),0,0,0,0,4833540,2.69
01/10/2010,0,0,40.3(-4.95 %),0,0,0,0,4833540,1.05
04/10/2010,0,0,38.3(-4.96 %),0,0,0,0,4833540,1.05
05/10/2010,0,0,36.4(-4.96 %),0,0,0,0,4833540,1.05
06/10/2010,0,0,34.6(-4.95 %),0,0,0,0,4833540,1.05
07/10/2010,0,0,32.9(-4.91 %),0,0,0,0,4833540,1.05
08/10/2010,0,0,31.3(-4.86 %),0,0,0,0,4833540,1.05
11/10/2010,0,0,29.8(-4.79 %),0,0,0,0,4833540,1.05
12/10/2010,0,0,28.4(-4.70 %),0,0,0,0,4833540,1.05
13/10/2010,60000,1620000000,27(-4.93 %),60000,1620000000,0,0,4773540,1.64
14/10/2010,500,12850000,25.7(-4.81 %),500,12850000,0,0,4773040,1.65
15/10/2010,500,12250000,24.5(-4.67 %),500,12250000,0,0,4772540,1.65
18/10/2010,0,0,23.3(-4.90 %),0,0,0,0,4772540,1.65
19/10/2010,0,0,22.2(-4.72 %),0,0,0,0,4772540,1.65
20/10/2010,0,0,21.1(-4.95 %),0,0,0,0,4772540,1.65
21/10/2010,0,0,20.1(-4.74 %),0,0,0,0,4772540,1.65
22/10/2010,0,0,19.1(-4.98 %),0,0,0,0,4772540,1.65
25/10/2010,5500,100100000,18.2(-4.71 %),5500,100100000,0,0,4767040,1.71
26/10/2010,3000,51900000,18.4(1.10 %),3000,51900000,0,0,4764040,1.74
27/10/2010,0,0,18(-2.17 %),0,0,0,0,4764040,1.74
28/10/2010,0,0,17.9(-0.56 %),0,0,0,0,4764040,1.74
29/10/2010,0,0,17.1(-4.47 %),0,0,0,0,4764040,1.74
01/11/2010,-3000,-49200000,16.3(-4.68 %),0,0,3000,49200000,4767040,1.71
02/11/2010,1500,23250000,15.5(-4.91 %),1500,23250000,0,0,4765540,1.72
03/11/2010,1000,14800000,15.4(-0.65 %),1000,14800000,0,0,4764540,1.73
04/11/2010,0,0,15.4(0.00 %),0,0,0,0,4764540,1.73
05/11/2010,0,0,15.6(1.30 %),0,0,0,0,4764540,1.73
08/11/2010,0,0,15.1(-3.21 %),0,0,0,0,4764540,1.73
09/11/2010,0,0,14.4(-4.64 %),0,0,0,0,4764540,1.73
10/11/2010,0,0,14.4(0.00 %),0,0,0,0,4764540,1.73
11/11/2010,0,0,13.9(-3.47 %),0,0,0,0,4764540,1.73
12/11/2010,0,0,13.8(-0.72 %),0,0,0,0,4764540,1.73
15/11/2010,0,0,13.2(-4.35 %),0,0,0,0,4764540,1.73
16/11/2010,0,0,12.7(-3.79 %),0,0,0,0,4764540,1.73
17/11/2010,10000,132480000,13.3(4.72 %),10000,132480000,0,0,4754540,1.83
18/11/2010,0,0,13.9(4.51 %),0,0,0,0,4754540,1.83
19/11/2010,0,0,14.5(4.32 %),0,0,0,0,4754540,1.83
22/11/2010,0,0,14.3(-1.38 %),0,0,0,0,4754540,1.83
23/11/2010,-10000,-141119000,14.5(1.40 %),0,0,10000,141119000,4764540,1.73
24/11/2010,0,0,14.4(-0.69 %),0,0,0,0,4764540,1.73
25/11/2010,0,0,14.6(1.39 %),0,0,0,0,4764540,1.73
26/11/2010,-2000,-30600000,15.3(4.79 %),0,0,2000,30600000,4766540,1.71
29/11/2010,0,0,16(4.58 %),0,0,0,0,4766540,1.71
30/11/2010,500,8400000,16.8(5.00 %),500,8400000,0,0,4766040,1.72
01/12/2010,500,8650000,17(1.19 %),500,8650000,0,0,4765540,1.72
02/12/2010,0,0,17.8(4.71 %),0,0,0,0,4765540,1.72
03/12/2010,1700,31620000,18.6(4.49 %),1700,31620000,0,0,4763840,1.74
06/12/2010,-1000,-18300000,18.3(-1.61 %),0,0,1000,18300000,4764840,1.73
07/12/2010,-570,-9918000,17.4(-4.92 %),0,0,570,9918000,4765410,1.72
08/12/2010,-810,-13446000,16.6(-4.60 %),0,0,810,13446000,4766220,1.72
09/12/2010,-120,-1896000,16.7(0.60 %),0,0,120,1896000,4766340,1.71
10/12/2010,0,0,16.8(0.60 %),0,0,0,0,4766340,1.71
13/12/2010,50,870000,17.3(2.98 %),50,870000,0,0,4766290,1.72
14/12/2010,0,0,16.5(-4.62 %),0,0,0,0,4766290,1.72
15/12/2010,0,0,15.7(-4.85 %),0,0,0,0,4766290,1.72
16/12/2010,20190,305895000,15.2(-3.18 %),20190,305895000,0,0,4746100,1.92
17/12/2010,0,0,15.9(4.61 %),0,0,0,0,4746100,1.92
20/12/2010,0,0,15.4(-3.14 %),0,0,0,0,4746100,1.92
21/12/2010,1040,15600000,15.4(0.00 %),1040,15600000,0,0,4745060,1.93
22/12/2010,13000,200019000,15.3(-0.65 %),13000,200019000,0,0,4732060,2.05
23/12/2010,0,0,15.5(1.31 %),0,0,0,0,4732060,2.05
24/12/2010,0,0,15.3(-1.29 %),0,0,0,0,4732060,2.05
27/12/2010,0,0,15.2(-0.65 %),0,0,0,0,4732060,2.05
28/12/2010,0,0,15.5(1.97 %),0,0,0,0,4732060,2.05
29/12/2010,0,0,15.5(0.00 %),0,0,0,0,4732060,2.05
30/12/2010,0,0,15.4(-0.65 %),0,0,0,0,4732060,2.05
31/12/2010,0,0,15.2(-1.30 %),0,0,0,0,4732060,2.05
04/01/2011,0,0,15.2(0.00 %),0,0,0,0,4732060,2.05
05/01/2011,-30,-450000,15(-1.32 %),0,0,30,450000,4732090,2.05
06/01/2011,0,0,14.9(-0.67 %),0,0,0,0,4732090,2.05
07/01/2011,-1700,-25160000,14.7(-1.34 %),0,0,1700,25160000,4733790,2.04
10/01/2011,200,2880000,14.5(-1.36 %),200,2880000,0,0,4733590,2.04
11/01/2011,0,0,14(-3.45 %),0,0,0,0,4733590,2.04
12/01/2011,0,0,14(0.00 %),0,0,0,0,4733590,2.04
13/01/2011,0,0,14.1(0.71 %),0,0,0,0,4733590,2.04
14/01/2011,0,0,14.3(1.42 %),0,0,0,0,4733590,2.04
17/01/2011,0,0,14.5(1.40 %),0,0,0,0,4733590,2.04
18/01/2011,-20,-294000,14.3(-1.38 %),0,0,20,294000,4733610,2.04
19/01/2011,0,0,14.3(0.00 %),0,0,0,0,4733610,2.04
20/01/2011,0,0,14.3(0.00 %),0,0,0,0,4733610,2.04
21/01/2011,0,0,14.3(0.00 %),0,0,0,0,4733610,2.04
24/01/2011,0,0,14.2(-0.70 %),0,0,0,0,4733610,2.04
25/01/2011,0,0,14(-1.41 %),0,0,0,0,4733610,2.04
26/01/2011,0,0,14.1(0.71 %),0,0,0,0,4733610,2.04
27/01/2011,0,0,14.4(2.13 %),0,0,0,0,4733610,2.04
28/01/2011,500,7290000,14.4(0.00 %),500,7290000,0,0,4733110,2.04
08/02/2011,0,0,14.5(0.69 %),0,0,0,0,4733110,2.04
09/02/2011,0,0,14.5(0.00 %),0,0,0,0,4733110,2.04
10/02/2011,0,0,14.6(0.69 %),0,0,0,0,4733110,2.04
11/02/2011,0,0,14.2(-2.74 %),0,0,0,0,4733110,2.04
14/02/2011,0,0,14.4(1.41 %),0,0,0,0,4733110,2.04
15/02/2011,0,0,14.4(0.00 %),0,0,0,0,4733110,2.04
16/02/2011,0,0,13.9(-3.47 %),0,0,0,0,4733110,2.04
17/02/2011,-570,-7923000,13.4(-3.60 %),0,0,570,7923000,4733680,2.04
18/02/2011,1000,12900000,12.8(-4.48 %),1000,12900000,0,0,4732680,2.05
21/02/2011,0,0,12.2(-4.69 %),0,0,0,0,4732680,2.05
22/02/2011,0,0,11.9(-2.46 %),0,0,0,0,4732680,2.05
23/02/2011,0,0,12.4(4.20 %),0,0,0,0,4732680,2.05
24/02/2011,0,0,12.5(0.81 %),0,0,0,0,4732680,2.05
25/02/2011,0,0,12.5(0.00 %),0,0,0,0,4732680,2.05
28/02/2011,0,0,12.4(-0.80 %),0,0,0,0,4732680,2.05
01/03/2011,0,0,11.9(-4.03 %),0,0,0,0,4732680,2.05
02/03/2011,2890,32946000,11.5(-3.36 %),2890,32946000,0,0,4729790,2.08
03/03/2011,0,0,11.4(-0.87 %),0,0,0,0,0,0.0
04/03/2011,0,0,11.5(0.88 %),0,0,0,0,0,0.0
07/03/2011,0,0,11.9(3.48 %),0,0,0,0,0,0.0
08/03/2011,0,0,12.1(1.68 %),0,0,0,0,0,0.0
09/03/2011,0,0,12(-0.83 %),0,0,0,0,0,0.0
10/03/2011,-2000,-25200000,12.4(3.33 %),0,0,2000,25200000,0,0.0
11/03/2011,0,0,12.9(4.03 %),0,0,0,0,0,0.0
14/03/2011,0,0,12.3(-4.65 %),0,0,0,0,0,0.0
15/03/2011,0,0,12.5(1.63 %),0,0,0,0,0,0.0
16/03/2011,0,0,12(-4.00 %),0,0,0,0,4731700,2.06
17/03/2011,70,840000,12.5(4.17 %),70,840000,0,0,4731630,2.06
18/03/2011,0,0,12.2(-2.40 %),0,0,0,0,4731630,2.06
21/03/2011,0,0,12.3(0.82 %),0,0,0,0,4731630,2.06
22/03/2011,0,0,12(-2.44 %),0,0,0,0,4731630,2.06
23/03/2011,0,0,12.1(0.83 %),0,0,0,0,4731630,2.06
24/03/2011,0,0,12.3(1.65 %),0,0,0,0,4731630,2.06
25/03/2011,0,0,12.4(0.81 %),0,0,0,0,4731630,2.06
28/03/2011,0,0,12.4(0.00 %),0,0,0,0,4731630,2.06
29/03/2011,0,0,12.4(0.00 %),0,0,0,0,4731630,2.06
30/03/2011,0,0,12.4(0.00 %),0,0,0,0,4731630,2.06
31/03/2011,0,0,12.1(-2.42 %),0,0,0,0,4731630,2.06
01/04/2011,0,0,12(-0.83 %),0,0,0,0,4731630,2.06
04/04/2011,0,0,12(0.00 %),0,0,0,0,4731630,2.06
05/04/2011,0,0,11.9(-0.83 %),0,0,0,0,4731630,2.06
06/04/2011,0,0,12.1(1.68 %),0,0,0,0,4731630,2.06
07/04/2011,0,0,12(-0.83 %),0,0,0,0,4731630,2.06
08/04/2011,0,0,12(0.00 %),0,0,0,0,4731630,2.06
13/04/2011,0,0,11.9(-0.83 %),0,0,0,0,4731630,2.06
14/04/2011,0,0,11.6(-2.52 %),0,0,0,0,4731630,2.06
15/04/2011,0,0,11.9(2.59 %),0,0,0,0,4731630,2.06
18/04/2011,0,0,11.4(-4.20 %),0,0,0,0,4731630,2.06
19/04/2011,1000,11100000,11.1(-2.63 %),1000,11100000,0,0,4730630,2.07
20/04/2011,0,0,10.9(-1.80 %),0,0,0,0,4730630,2.07
21/04/2011,0,0,10.9(0.00 %),0,0,0,0,4730630,2.07
22/04/2011,0,0,10.6(-2.75 %),0,0,0,0,4730630,2.07
25/04/2011,0,0,10.9(2.83 %),0,0,0,0,4730630,2.07
26/04/2011,0,0,10.8(-0.92 %),0,0,0,0,4730630,2.07
27/04/2011,0,0,10.8(0.00 %),0,0,0,0,4730630,2.07
28/04/2011,0,0,10.8(0.00 %),0,0,0,0,4730630,2.07
29/04/2011,0,0,10.8(0.00 %),0,0,0,0,4730630,2.07
04/05/2011,0,0,10.5(-2.78 %),0,0,0,0,4730630,2.07
05/05/2011,0,0,10.5(0.00 %),0,0,0,0,4730630,2.07
06/05/2011,0,0,10.5(0.00 %),0,0,0,0,4730630,2.07
09/05/2011,0,0,10.5(0.00 %),0,0,0,0,4730630,2.07
10/05/2011,0,0,10.6(0.95 %),0,0,0,0,4730630,2.07
11/05/2011,0,0,10.6(0.00 %),0,0,0,0,4730630,2.07
12/05/2011,0,0,10.5(-0.94 %),0,0,0,0,4730630,2.07
13/05/2011,0,0,10.9(3.81 %),0,0,0,0,4730630,2.07
16/05/2011,0,0,10.7(-1.83 %),0,0,0,0,4730630,2.07
17/05/2011,0,0,10.6(-0.93 %),0,0,0,0,4730630,2.07
18/05/2011,0,0,10.5(-0.94 %),0,0,0,0,4730630,2.07
19/05/2011,0,0,10(-4.76 %),0,0,0,0,4730630,2.07
20/05/2011,0,0,10(0.00 %),0,0,0,0,4730630,2.07
23/05/2011,0,0,9.6(-4.00 %),0,0,0,0,4730630,2.07
24/05/2011,1110,10212000,9.2(-4.17 %),1110,10212000,0,0,4729520,2.08
25/05/2011,0,0,8.8(-4.35 %),0,0,0,0,4729520,2.08
26/05/2011,0,0,9.1(3.41 %),0,0,0,0,4729520,2.08
27/05/2011,1300,12350000,9.5(4.40 %),1300,12350000,0,0,4728220,2.09
30/05/2011,0,0,9.1(-4.21 %),0,0,0,0,4728220,2.09
31/05/2011,0,0,9.2(1.10 %),0,0,0,0,4728220,2.09
01/06/2011,0,0,9.2(0.00 %),0,0,0,0,4728220,2.09
02/06/2011,1240,11656000,9.6(4.35 %),1240,11656000,0,0,4726980,2.11
03/06/2011,20,200000,9.2(-4.17 %),20,200000,0,0,4726960,2.11
06/06/2011,0,0,9.2(0.00 %),0,0,0,0,4726960,2.11
07/06/2011,0,0,9.6(4.35 %),0,0,0,0,4726960,2.11
08/06/2011,0,0,9.4(-2.08 %),0,0,0,0,4726960,2.11
09/06/2011,0,0,9.6(2.13 %),0,0,0,0,4726960,2.11
10/06/2011,0,0,9.7(1.04 %),0,0,0,0,4726960,2.11
13/06/2011,0,0,9.7(0.00 %),0,0,0,0,4726960,2.11
14/06/2011,0,0,10(3.09 %),0,0,0,0,4726960,2.11
15/06/2011,0,0,9.7(-3.00 %),0,0,0,0,4726960,2.11
16/06/2011,0,0,9.6(-1.03 %),0,0,0,0,4726960,2.11
17/06/2011,0,0,9.8(2.08 %),0,0,0,0,4726960,2.11
20/06/2011,0,0,9.7(-1.02 %),0,0,0,0,4726960,2.11
21/06/2011,0,0,9.6(-1.03 %),0,0,0,0,4726960,2.11
22/06/2011,0,0,9.8(2.08 %),0,0,0,0,4726960,2.11
23/06/2011,0,0,9.5(-3.06 %),0,0,0,0,4726960,2.11
24/06/2011,0,0,9.7(2.11 %),0,0,0,0,4726960,2.11
27/06/2011,0,0,9.9(2.06 %),0,0,0,0,4726960,2.11
28/06/2011,0,0,9.6(-3.03 %),0,0,0,0,4726960,2.11
29/06/2011,0,0,9.5(-1.04 %),0,0,0,0,4726960,2.11
30/06/2011,0,0,9.4(-1.05 %),0,0,0,0,4726960,2.11
01/07/2011,0,0,9.5(1.06 %),0,0,0,0,4726960,2.11
04/07/2011,0,0,9.8(3.16 %),0,0,0,0,4726960,2.11
05/07/2011,0,0,9.6(-2.04 %),0,0,0,0,4726960,2.11
06/07/2011,0,0,9.7(1.04 %),0,0,0,0,4726960,2.11
07/07/2011,0,0,9.7(0.00 %),0,0,0,0,4726960,2.11
08/07/2011,0,0,9.5(-2.06 %),0,0,0,0,4726960,2.11
11/07/2011,0,0,9.5(0.00 %),0,0,0,0,4726960,2.11
12/07/2011,0,0,9.4(-1.05 %),0,0,0,0,4726960,2.11
13/07/2011,0,0,9.4(0.00 %),0,0,0,0,4726960,2.11
14/07/2011,0,0,9.4(0.00 %),0,0,0,0,4726960,2.11
15/07/2011,0,0,9.4(0.00 %),0,0,0,0,4726960,2.11
18/07/2011,0,0,9.4(0.00 %),0,0,0,0,4726960,2.11
19/07/2011,-160,-1488000,9.3(-1.06 %),0,0,160,1488000,4727120,2.1
20/07/2011,0,0,9.3(0.00 %),0,0,0,0,4727120,2.1
21/07/2011,0,0,9.3(0.00 %),0,0,0,0,4727120,2.1
22/07/2011,0,0,9.4(1.08 %),0,0,0,0,4727120,2.1
25/07/2011,0,0,9.4(0.00 %),0,0,0,0,4727120,2.1
26/07/2011,0,0,9.3(-1.06 %),0,0,0,0,4727120,2.1
27/07/2011,0,0,9.4(1.08 %),0,0,0,0,4727120,2.1
28/07/2011,0,0,9.3(-1.06 %),0,0,0,0,4727120,2.1
29/07/2011,0,0,9.4(1.08 %),0,0,0,0,4727120,2.1
01/08/2011,0,0,9.3(-1.06 %),0,0,0,0,4727120,2.1
02/08/2011,-100,-950000,9.5(2.15 %),0,0,100,950000,4727220,2.1
03/08/2011,0,0,9.5(0.00 %),0,0,0,0,4727220,2.1
04/08/2011,0,0,9.8(3.16 %),0,0,0,0,4727220,2.1
05/08/2011,0,0,10(2.04 %),0,0,0,0,4727220,2.1
08/08/2011,0,0,9.5(-5.00 %),0,0,0,0,4727220,2.1
09/08/2011,-1710,-15676000,9.1(-4.21 %),0,0,1710,15676000,4728930,2.09
10/08/2011,0,0,9.3(2.20 %),0,0,0,0,4728930,2.09
11/08/2011,0,0,9.3(0.00 %),0,0,0,0,4728930,2.09
12/08/2011,0,0,9.5(2.15 %),0,0,0,0,4728930,2.09
15/08/2011,0,0,9.4(-1.05 %),0,0,0,0,4728930,2.09
16/08/2011,0,0,9.3(-1.06 %),0,0,0,0,4728930,2.09
17/08/2011,0,0,9.4(1.08 %),0,0,0,0,4728930,2.09
18/08/2011,0,0,9.4(0.00 %),0,0,0,0,4728930,2.09
19/08/2011,0,0,9.4(0.00 %),0,0,0,0,4728930,2.09
22/08/2011,0,0,9.6(2.13 %),0,0,0,0,4728930,2.09
23/08/2011,0,0,9.7(1.04 %),0,0,0,0,4728930,2.09
24/08/2011,0,0,9.7(0.00 %),0,0,0,0,4728930,2.09
25/08/2011,0,0,9.7(0.00 %),0,0,0,0,4728930,2.09
26/08/2011,0,0,9.6(-1.03 %),0,0,0,0,4728930,2.09
29/08/2011,0,0,9.6(0.00 %),0,0,0,0,4728930,2.09
30/08/2011,0,0,9.6(0.00 %),0,0,0,0,4728930,2.09
31/08/2011,0,0,9.4(-2.08 %),0,0,0,0,4728930,2.09
01/09/2011,0,0,9.6(2.13 %),0,0,0,0,4728930,2.09
05/09/2011,0,0,9.7(1.04 %),0,0,0,0,4728930,2.09
06/09/2011,0,0,10.1(4.12 %),0,0,0,0,4728930,2.09
07/09/2011,0,0,10.6(4.95 %),0,0,0,0,4728930,2.09
08/09/2011,0,0,11.1(4.72 %),0,0,0,0,4728930,2.09
09/09/2011,0,0,11(-0.90 %),0,0,0,0,4728930,2.09
12/09/2011,0,0,11.2(1.82 %),0,0,0,0,4728930,2.09
13/09/2011,0,0,10.5(2.94 %),0,0,0,0,4728930,2.09
14/09/2011,0,0,10.9(3.81 %),0,0,0,0,4728930,2.09
15/09/2011,0,0,10.4(-4.59 %),0,0,0,0,4728930,2.09
16/09/2011,0,0,9.9(-4.81 %),0,0,0,0,4728930,2.09
19/09/2011,0,0,9.9(0.00 %),0,0,0,0,4728930,2.09
20/09/2011,0,0,9.5(-4.04 %),0,0,0,0,4728930,2.09
21/09/2011,600,5760000,9.5(0.00 %),600,5760000,0,0,4728330,2.09
22/09/2011,0,0,9.7(2.11 %),0,0,0,0,4728330,2.09
23/09/2011,0,0,9.5(-2.06 %),0,0,0,0,4728330,2.09
26/09/2011,0,0,9.3(-2.11 %),0,0,0,0,4728330,2.09
27/09/2011,0,0,9.1(-2.15 %),0,0,0,0,4728330,2.09
28/09/2011,0,0,9.2(1.10 %),0,0,0,0,4728330,2.09
29/09/2011,0,0,8.8(-4.35 %),0,0,0,0,4728330,2.09
30/09/2011,0,0,8.9(1.14 %),0,0,0,0,4728330,2.09
03/10/2011,0,0,8.9(0.00 %),0,0,0,0,4728330,2.09
04/10/2011,0,0,8.7(-2.25 %),0,0,0,0,4728330,2.09
05/10/2011,0,0,8.8(1.15 %),0,0,0,0,4728330,2.09
06/10/2011,0,0,9(2.27 %),0,0,0,0,4728330,2.09
07/10/2011,30,270000,9(0.00 %),30,270000,0,0,4728300,2.09
10/10/2011,0,0,8.9(-1.11 %),0,0,0,0,4728300,2.09
11/10/2011,0,0,8.9(0.00 %),0,0,0,0,4728300,2.09
12/10/2011,0,0,8.8(-1.12 %),0,0,0,0,4728300,2.09
13/10/2011,0,0,8.9(1.14 %),0,0,0,0,4728300,2.09
14/10/2011,0,0,8.9(0.00 %),0,0,0,0,4728300,2.09
17/10/2011,0,0,8.7(-2.25 %),0,0,0,0,4728300,2.09
18/10/2011,0,0,8.6(-1.15 %),0,0,0,0,4728300,2.09
19/10/2011,0,0,8.5(-1.16 %),0,0,0,0,4728300,2.09
20/10/2011,0,0,8.6(1.18 %),0,0,0,0,4728300,2.09
21/10/2011,0,0,8.7(1.16 %),0,0,0,0,4728300,2.09
24/10/2011,0,0,8.9(2.30 %),0,0,0,0,4728300,2.09
25/10/2011,0,0,8.9(0.00 %),0,0,0,0,4728300,2.09
26/10/2011,0,0,8.6(-3.37 %),0,0,0,0,4728300,2.09
27/10/2011,0,0,8.8(2.33 %),0,0,0,0,4728300,2.09
28/10/2011,0,0,8.9(1.14 %),0,0,0,0,4728300,2.09
31/10/2011,-18290,-160573000,8.7(-2.25 %),0,0,18290,160573000,4746590,1.91
01/11/2011,0,0,8.8(1.15 %),0,0,0,0,4728300,2.09
02/11/2011,0,0,8.5(-3.41 %),0,0,0,0,4728300,2.09
03/11/2011,0,0,8.4(-1.18 %),0,0,0,0,4728300,2.09
04/11/2011,0,0,8.5(1.19 %),0,0,0,0,4728300,2.09
07/11/2011,540,4428000,8.2(-3.53 %),540,4428000,0,0,4727760,2.1
08/11/2011,0,0,8.2(0.00 %),0,0,0,0,4727760,2.1
09/11/2011,0,0,8.3(1.22 %),0,0,0,0,4727760,2.1
10/11/2011,0,0,8.3(0.00 %),0,0,0,0,4727760,2.1
11/11/2011,0,0,8(-3.61 %),0,0,0,0,4727760,2.1
14/11/2011,0,0,8(0.00 %),0,0,0,0,4727760,2.1
15/11/2011,-1220,-9500000,8(0.00 %),80,640000,1300,10140000,4728980,2.09
16/11/2011,0,0,8.2(2.50 %),0,0,0,0,4728980,2.09
17/11/2011,-5000,-39500000,7.9(-3.66 %),0,0,5000,39500000,4733980,2.04
18/11/2011,-8280,-63756000,7.9(0.00 %),0,0,8280,63756000,4742260,1.95
21/11/2011,0,0,7.8(-1.27 %),0,0,0,0,4742260,1.95
22/11/2011,0,0,7.7(-1.28 %),0,0,0,0,4742260,1.95
23/11/2011,0,0,7.7(0.00 %),0,0,0,0,4742260,1.95
24/11/2011,0,0,7.5(-2.60 %),0,0,0,0,4742260,1.95
25/11/2011,50,385000,7.7(2.67 %),50,385000,0,0,4742210,1.95
28/11/2011,0,0,7.8(1.30 %),0,0,0,0,4742210,1.95
29/11/2011,-60,-456000,7.5(-3.85 %),0,0,60,456000,4742270,1.95
30/11/2011,0,0,7.5(0.00 %),0,0,0,0,4742270,1.95
01/12/2011,0,0,7.5(0.00 %),0,0,0,0,4760500,1.77
02/12/2011,-760,-5548000,7.2(-4.00 %),0,0,760,5548000,4761260,1.77
05/12/2011,0,0,7.3(1.39 %),0,0,0,0,4761260,1.77
06/12/2011,0,0,7.6(4.11 %),0,0,0,0,4761260,1.77
07/12/2011,0,0,7.3(-3.95 %),0,0,0,0,4761260,1.77
08/12/2011,0,0,7.2(-1.37 %),0,0,0,0,4761260,1.77
09/12/2011,0,0,7(-2.78 %),0,0,0,0,4761260,1.77
12/12/2011,0,0,6.7(-4.29 %),0,0,0,0,4761260,1.77
13/12/2011,0,0,6.6(-1.49 %),0,0,0,0,4761260,1.77
14/12/2011,0,0,6.4(-3.03 %),0,0,0,0,4761260,1.77
15/12/2011,0,0,6.3(-1.56 %),0,0,0,0,4761260,1.77
16/12/2011,0,0,6.4(1.59 %),0,0,0,0,4761260,1.77
19/12/2011,0,0,6.2(-3.12 %),0,0,0,0,4761260,1.77
20/12/2011,0,0,5.9(-4.84 %),0,0,0,0,4761260,1.77
21/12/2011,0,0,6.1(3.39 %),0,0,0,0,4761260,1.77
22/12/2011,0,0,5.8(-4.92 %),0,0,0,0,4761260,1.77
23/12/2011,0,0,5.7(-1.72 %),0,0,0,0,4761260,1.77
26/12/2011,0,0,5.8(1.75 %),0,0,0,0,4761260,1.77
27/12/2011,0,0,6(3.45 %),0,0,0,0,4761260,1.77
28/12/2011,0,0,6.1(1.67 %),0,0,0,0,4761260,1.77
29/12/2011,0,0,6.2(1.64 %),0,0,0,0,4761260,1.77
30/12/2011,0,0,6.3(1.61 %),0,0,0,0,4761260,1.77
03/01/2012,0,0,6.2(-1.59 %),0,0,0,0,4761320,1.76
04/01/2012,0,0,6.2(0.00 %),0,0,0,0,4761320,1.76
05/01/2012,0,0,6.2(0.00 %),0,0,0,0,4761320,1.76
06/01/2012,0,0,6.1(-1.61 %),0,0,0,0,4761320,1.76
09/01/2012,0,0,6.2(1.64 %),0,0,0,0,4761320,1.76
10/01/2012,0,0,6.3(1.61 %),0,0,0,0,4761320,1.76
11/01/2012,0,0,6.4(1.59 %),0,0,0,0,4761320,1.76
12/01/2012,0,0,6.5(1.56 %),0,0,0,0,4761320,1.76
13/01/2012,0,0,6.7(3.08 %),0,0,0,0,4761320,1.76
16/01/2012,0,0,6.7(0.00 %),0,0,0,0,4761320,1.76
17/01/2012,0,0,6.7(0.00 %),0,0,0,0,4761320,1.76
18/01/2012,0,0,6.8(1.49 %),0,0,0,0,4761320,1.76
19/01/2012,0,0,6.9(1.47 %),0,0,0,0,4761320,1.76
20/01/2012,0,0,7(1.45 %),0,0,0,0,4761320,1.76
30/01/2012,0,0,7.2(2.86 %),0,0,0,0,4761320,1.76
31/01/2012,0,0,7(-2.78 %),0,0,0,0,4761320,1.76
01/02/2012,0,0,6.7(-4.29 %),0,0,0,0,4761320,1.76
02/02/2012,0,0,7(4.48 %),0,0,0,0,4761320,1.76
03/02/2012,0,0,7.2(2.86 %),0,0,0,0,4761320,1.76
06/02/2012,0,0,7.3(1.39 %),0,0,0,0,4761320,1.76
07/02/2012,0,0,7.4(1.37 %),0,0,0,0,4761320,1.76
08/02/2012,0,0,7.5(1.35 %),0,0,0,0,4761320,1.76
09/02/2012,0,0,7.5(0.00 %),0,0,0,0,4761320,1.76
10/02/2012,0,0,7.2(-4.00 %),0,0,0,0,4761320,1.76
13/02/2012,0,0,7(-2.78 %),0,0,0,0,4761320,1.76
14/02/2012,0,0,7.2(2.86 %),0,0,0,0,4761320,1.76
15/02/2012,0,0,7.3(1.39 %),0,0,0,0,4761320,1.76
16/02/2012,0,0,7.3(0.00 %),0,0,0,0,4761320,1.76
17/02/2012,0,0,7.6(4.11 %),0,0,0,0,4761320,1.76
20/02/2012,0,0,7.9(3.95 %),0,0,0,0,4761320,1.76
21/02/2012,0,0,7.9(0.00 %),0,0,0,0,4761320,1.76
22/02/2012,0,0,8.1(2.53 %),0,0,0,0,4761320,1.76
23/02/2012,0,0,8.4(3.70 %),0,0,0,0,4761320,1.76
24/02/2012,0,0,8.4(0.00 %),0,0,0,0,4761320,1.76
27/02/2012,0,0,8.8(4.76 %),0,0,0,0,4761320,1.76
28/02/2012,0,0,8.9(1.14 %),0,0,0,0,4761320,1.76
29/02/2012,0,0,8.9(0.00 %),0,0,0,0,4761320,1.76
01/03/2012,0,0,9(1.12 %),0,0,0,0,4761320,1.76
02/03/2012,0,0,9.4(4.44 %),0,0,0,0,4761320,1.76
05/03/2012,-1000,-9800000,9.8(4.26 %),0,0,1000,9800000,4762320,1.75
06/03/2012,0,0,10.2(4.08 %),0,0,0,0,4762320,1.75
07/03/2012,0,0,10.2(0.00 %),0,0,0,0,4762320,1.75
08/03/2012,0,0,10(-1.96 %),0,0,0,0,4762320,1.75
09/03/2012,0,0,9.6(-4.00 %),0,0,0,0,4762320,1.75
12/03/2012,0,0,9.2(-4.17 %),0,0,0,0,4762320,1.75
13/03/2012,0,0,9.3(1.09 %),0,0,0,0,4762320,1.75
14/03/2012,0,0,9.5(2.15 %),0,0,0,0,4762320,1.75
15/03/2012,0,0,9.7(2.11 %),0,0,0,0,4762320,1.75
16/03/2012,-2560,-25600000,10.1(4.12 %),0,0,2560,25600000,4764880,1.73
19/03/2012,0,0,10.2(0.99 %),0,0,0,0,4764880,1.73
20/03/2012,0,0,10.2(0.00 %),0,0,0,0,4764880,1.73
21/03/2012,0,0,10.2(0.00 %),0,0,0,0,4764880,1.73
22/03/2012,0,0,10.3(0.98 %),0,0,0,0,4764880,1.73
23/03/2012,0,0,10.4(0.97 %),0,0,0,0,4764880,1.73
26/03/2012,2190,22995000,10.5(0.96 %),2190,22995000,0,0,4762690,1.75
27/03/2012,0,0,10.3(-1.90 %),0,0,0,0,4762690,1.75
28/03/2012,7810,80443000,10.4(0.97 %),7810,80443000,0,0,4754880,1.83
29/03/2012,0,0,10.2(-1.92 %),0,0,0,0,4754880,1.83
30/03/2012,0,0,10.2(0.00 %),0,0,0,0,4754880,1.83
03/04/2012,0,0,10(-1.96 %),0,0,0,0,4754880,1.83
04/04/2012,0,0,10(0.00 %),0,0,0,0,4754880,1.83
05/04/2012,0,0,10(0.00 %),0,0,0,0,4754880,1.83
06/04/2012,0,0,10(0.00 %),0,0,0,0,4754880,1.83
09/04/2012,0,0,10(0.00 %),0,0,0,0,4754880,1.83
10/04/2012,0,0,10.3(3.00 %),0,0,0,0,4754880,1.83
11/04/2012,0,0,10.8(4.85 %),0,0,0,0,4754880,1.83
12/04/2012,0,0,11.2(3.70 %),0,0,0,0,4754880,1.83
13/04/2012,0,0,11.7(4.46 %),0,0,0,0,4754880,1.83
16/04/2012,0,0,12.2(4.27 %),0,0,0,0,4754880,1.83
17/04/2012,0,0,12.2(0.00 %),0,0,0,0,4754880,1.83
18/04/2012,0,0,11.6(-4.92 %),0,0,0,0,4754880,1.83
19/04/2012,2500,29750000,12(3.45 %),2500,29750000,0,0,4752380,1.85
20/04/2012,0,0,11.6(-3.33 %),0,0,0,0,4752380,1.85
23/04/2012,0,0,11.9(2.59 %),0,0,0,0,4752380,1.85
24/04/2012,0,0,11.6(-2.52 %),0,0,0,0,4752380,1.85
25/04/2012,0,0,12(3.45 %),0,0,0,0,4752380,1.85
26/04/2012,0,0,12.5(4.17 %),0,0,0,0,4752380,1.85
27/04/2012,-3500,-45500000,13.1(4.80 %),0,0,3500,45500000,4755880,1.82
02/05/2012,0,0,13.7(4.58 %),0,0,0,0,4752380,1.85
03/05/2012,0,0,14(2.19 %),0,0,0,0,4752380,1.85
04/05/2012,0,0,14.3(2.14 %),0,0,0,0,4752380,1.85
07/05/2012,-200,-2960000,15(4.90 %),0,0,200,2960000,4752580,1.85
08/05/2012,0,0,15.3(2.00 %),0,0,0,0,4752580,1.85
09/05/2012,0,0,15.2(-0.65 %),0,0,0,0,4752580,1.85
10/05/2012,0,0,15.9(4.61 %),0,0,0,0,4752580,1.85
11/05/2012,0,0,15.2(-4.40 %),0,0,0,0,4752580,1.85
14/05/2012,0,0,14.5(-4.61 %),0,0,0,0,4752580,1.85
15/05/2012,-1200,-16560000,13.8(-4.83 %),0,0,1200,16560000,4753780,1.84
16/05/2012,0,0,13.2(-4.35 %),0,0,0,0,4753780,1.84
17/05/2012,0,0,12.6(-4.55 %),0,0,0,0,4753780,1.84
18/05/2012,0,0,13(3.17 %),0,0,0,0,4753780,1.84
21/05/2012,0,0,13.4(3.08 %),0,0,0,0,4753780,1.84
22/05/2012,0,0,13.4(0.00 %),0,0,0,0,4753780,1.84
23/05/2012,0,0,13.4(0.00 %),0,0,0,0,4753780,1.84
24/05/2012,0,0,12.8(-4.48 %),0,0,0,0,4753780,1.84
25/05/2012,6000,76800000,12.8(0.00 %),6000,76800000,0,0,4747780,1.9
28/05/2012,0,0,12.9(0.78 %),0,0,0,0,4747780,1.9
29/05/2012,0,0,12.3(-4.65 %),0,0,0,0,4747780,1.9
30/05/2012,0,0,12.9(4.88 %),0,0,0,0,4747780,1.9
31/05/2012,0,0,13(0.78 %),0,0,0,0,4747780,1.9
01/06/2012,0,0,12.4(-4.62 %),0,0,0,0,4751280,1.86
04/06/2012,0,0,11.9(-4.03 %),0,0,0,0,4751280,1.86
05/06/2012,0,0,11.9(0.00 %),0,0,0,0,4751280,1.86
06/06/2012,0,0,11.5(-3.36 %),0,0,0,0,4751280,1.86
07/06/2012,0,0,12(4.35 %),0,0,0,0,4751280,1.86
08/06/2012,1980,24700000,12.6(5.00 %),1980,24700000,0,0,4749300,1.88
11/06/2012,0,0,12.6(0.00 %),0,0,0,0,4749300,1.88
12/06/2012,0,0,13(3.17 %),0,0,0,0,4749300,1.88
13/06/2012,0,0,13.4(3.08 %),0,0,0,0,4749300,1.88
14/06/2012,21120,272960000,12.8(-4.48 %),21120,272960000,0,0,4728180,2.09
15/06/2012,0,0,12.9(0.78 %),0,0,0,0,4728180,2.09
18/06/2012,0,0,13.5(4.65 %),0,0,0,0,4728180,2.09
19/06/2012,0,0,12.9(-4.44 %),0,0,0,0,4728180,2.09
20/06/2012,0,0,13(0.78 %),0,0,0,0,4728180,2.09
21/06/2012,0,0,13(0.00 %),0,0,0,0,4728180,2.09
22/06/2012,0,0,12.4(-4.62 %),0,0,0,0,4728180,2.09
25/06/2012,0,0,11.8(-4.84 %),0,0,0,0,4728180,2.09
26/06/2012,5000,57900000,11.9(0.85 %),5000,57900000,0,0,4723180,2.14
27/06/2012,3030,35057000,11.9(0.00 %),4000,46600000,970,11543000,4720150,2.17
28/06/2012,1990,23081000,11.9(0.00 %),2000,23200000,10,119000,4718160,2.19
29/06/2012,-1350,-16170000,11.9(0.00 %),0,0,1350,16170000,4719510,2.18
02/07/2012,3150,36540000,11.6(-2.52 %),3920,45472000,770,8932000,4713260,2.24
03/07/2012,6180,71070000,12.1(4.31 %),6180,71070000,0,0,4707080,2.3
04/07/2012,150,1740000,12.3(1.65 %),150,1740000,0,0,4706930,2.3
05/07/2012,0,0,12.4(0.81 %),0,0,0,0,4706930,2.3
06/07/2012,0,0,12.5(0.81 %),0,0,0,0,4706930,2.3
09/07/2012,0,0,11.9(-4.80 %),0,0,0,0,4706930,2.3
10/07/2012,6650,76475000,12(0.84 %),6650,76475000,0,0,4700280,2.37
11/07/2012,1000,11700000,11.9(-0.83 %),1000,11700000,0,0,4699280,2.38
12/07/2012,0,0,12.3(3.36 %),0,0,0,0,4699280,2.38
13/07/2012,10,119000,12(-2.44 %),10,119000,0,0,4699270,2.38
16/07/2012,0,0,12.2(1.67 %),0,0,0,0,4699270,2.38
17/07/2012,0,0,12.5(2.46 %),0,0,0,0,4699270,2.38
18/07/2012,0,0,12.5(0.00 %),0,0,0,0,4699270,2.38
19/07/2012,0,0,13(4.00 %),0,0,0,0,4699270,2.38
20/07/2012,0,0,13(0.00 %),0,0,0,0,4699270,2.38
23/07/2012,0,0,13.6(4.62 %),0,0,0,0,4699270,2.38
24/07/2012,6000,78200000,13.6(0.00 %),12000,158600000,6000,80400000,4693270,2.44
25/07/2012,2000,26400000,13.6(0.00 %),2000,26400000,0,0,4691270,2.46
26/07/2012,800,10800000,13.8(1.47 %),800,10800000,0,0,4690470,2.47
27/07/2012,13100,178520000,13.7(-0.72 %),13100,178520000,0,0,4677370,2.6
30/07/2012,9960,135921000,13.7(0.00 %),9960,135921000,0,0,4667410,2.7
31/07/2012,11690,160053000,13.8(0.73 %),11690,160053000,0,0,4655720,2.81
01/08/2012,5500,75375000,13.7(-0.72 %),5500,75375000,0,0,4653320,2.84
02/08/2012,11200,153140000,13.8(0.73 %),11200,153140000,0,0,4642120,2.95
03/08/2012,2100,28670000,13.7(-0.72 %),2100,28670000,0,0,4640020,2.97
06/08/2012,1700,23290000,13.8(0.73 %),1700,23290000,0,0,4638320,2.98
07/08/2012,0,0,13.9(0.72 %),0,0,0,0,4638320,2.98
08/08/2012,0,0,14(0.72 %),0,0,0,0,4638320,2.98
09/08/2012,0,0,14.1(0.71 %),0,0,0,0,4638320,2.98
10/08/2012,5000,70500000,14.8(4.96 %),5000,70500000,0,0,4633320,3.03
13/08/2012,0,0,14.5(-2.03 %),0,0,0,0,4633320,3.03
14/08/2012,0,0,14.9(2.76 %),0,0,0,0,4633320,3.03
15/08/2012,0,0,14.4(-3.36 %),0,0,0,0,4633320,3.03
16/08/2012,0,0,13.7(-4.86 %),0,0,0,0,4633320,3.03
17/08/2012,0,0,13.8(0.73 %),0,0,0,0,4633320,3.03
20/08/2012,1750,24150000,13.9(0.72 %),1750,24150000,0,0,4631570,3.05
21/08/2012,48060,659285000,13.5(-2.88 %),48060,659285000,0,0,4583510,3.53
22/08/2012,190,2470000,12.7(1.60 %),190,2470000,0,0,4583320,3.53
23/08/2012,20000,243083000,12.2(-3.94 %),20000,243083000,0,0,4563320,3.73
24/08/2012,0,0,12.5(2.46 %),0,0,0,0,4563320,3.73
27/08/2012,9000,109600000,12(-4.00 %),9000,109600000,0,0,4554320,3.82
28/08/2012,2790,33301000,12(0.00 %),2790,33301000,0,0,4551530,3.85
29/08/2012,0,0,12.3(2.50 %),0,0,0,0,4551530,3.85
30/08/2012,1000,12300000,12.5(1.63 %),1000,12300000,0,0,4550530,3.86
31/08/2012,1300,16220000,12.5(0.00 %),1300,16220000,0,0,4549230,3.87
04/09/2012,3680,45496000,12.2(-2.40 %),3680,45496000,0,0,4545550,3.91
05/09/2012,2000,24300000,12.2(0.00 %),2000,24300000,0,0,4543550,3.93
06/09/2012,2000,24100000,12.2(0.00 %),2000,24100000,0,0,4541550,3.94
07/09/2012,2000,24100000,12.2(0.00 %),2000,24100000,0,0,4539550,3.96
10/09/2012,0,0,12.1(-0.82 %),0,0,0,0,4539550,3.96
11/09/2012,19060,226220000,12(-0.83 %),19060,226220000,0,0,4520490,4.15
12/09/2012,5940,70092000,11.8(-1.67 %),5940,70092000,0,0,4514550,4.21
13/09/2012,13200,155538000,11.8(0.00 %),13200,155538000,0,0,4501350,4.34
14/09/2012,0,0,12.2(3.39 %),0,0,0,0,4501350,4.34
17/09/2012,16550,198600000,12(-1.64 %),16550,198600000,0,0,4484800,4.51
18/09/2012,0,0,12(0.00 %),0,0,0,0,4484800,4.51
19/09/2012,0,0,11.9(-0.83 %),0,0,0,0,4484800,4.51
20/09/2012,0,0,11.8(-0.84 %),0,0,0,0,4484800,4.51
21/09/2012,0,0,11.6(-1.69 %),0,0,0,0,4484800,4.51
24/09/2012,0,0,11.7(0.86 %),0,0,0,0,4484800,4.51
25/09/2012,0,0,11.8(0.85 %),0,0,0,0,4484800,4.51
26/09/2012,0,0,11.8(0.00 %),0,0,0,0,4484800,4.51
27/09/2012,0,0,11.7(-0.85 %),0,0,0,0,4484800,4.51
28/09/2012,0,0,11.7(0.00 %),0,0,0,0,4484800,4.51
01/10/2012,0,0,11.6(-0.85 %),0,0,0,0,4484800,4.51
02/10/2012,0,0,11.5(-0.86 %),0,0,0,0,4484800,4.51
03/10/2012,0,0,11.5(0.00 %),0,0,0,0,4484800,4.51
04/10/2012,0,0,11.5(0.00 %),0,0,0,0,4484800,4.51
05/10/2012,0,0,11.3(-1.74 %),0,0,0,0,4484800,4.51
08/10/2012,0,0,11.5(1.77 %),0,0,0,0,4484800,4.51
09/10/2012,0,0,11.4(-0.87 %),0,0,0,0,4484800,4.51
10/10/2012,0,0,11.9(4.39 %),0,0,0,0,4484800,4.51
11/10/2012,0,0,11.9(0.00 %),0,0,0,0,4484800,4.51
12/10/2012,0,0,11.9(0.00 %),0,0,0,0,4484800,4.51
15/10/2012,0,0,11.9(0.00 %),0,0,0,0,4484800,4.51
16/10/2012,0,0,11.9(0.00 %),0,0,0,0,4484800,4.51
17/10/2012,0,0,11.8(-0.84 %),0,0,0,0,4484800,4.51
18/10/2012,0,0,11.9(0.85 %),0,0,0,0,4484800,4.51
19/10/2012,1000,11900000,11.9(0.00 %),1000,11900000,0,0,4483800,4.52
22/10/2012,1000,11800000,11.8(-0.84 %),1000,11800000,0,0,4482800,4.53
23/10/2012,6000,70800000,11.8(0.00 %),6000,70800000,0,0,4476800,4.59
24/10/2012,4980,58764000,11.8(0.00 %),4980,58764000,0,0,4471820,4.64
25/10/2012,1190,14042000,11.8(0.00 %),1190,14042000,0,0,4470630,4.65
26/10/2012,1000,11800000,11.8(0.00 %),1000,11800000,0,0,4469630,3.58
29/10/2012,0,0,12.3(4.24 %),0,0,0,0,4469630,4.66
30/10/2012,0,0,12.3(0.00 %),0,0,0,0,4469630,4.66
31/10/2012,2000,24300000,12.3(0.00 %),2000,24300000,0,0,4467630,4.68
01/11/2012,0,0,11.8(-4.07 %),0,0,0,0,4467630,4.68
02/11/2012,15000,173000000,11.5(-2.54 %),15000,173000000,0,0,4452630,4.83
05/11/2012,0,0,11.5(0.00 %),0,0,0,0,4452630,4.83
06/11/2012,2000,22800000,11.5(0.00 %),2000,22800000,0,0,4450630,4.85
07/11/2012,1000,11400000,11.5(0.00 %),1000,11400000,0,0,4449630,4.86
08/11/2012,0,0,11.6(0.87 %),0,0,0,0,4449630,4.86
09/11/2012,3000,34500000,11.6(0.00 %),3000,34500000,0,0,4446630,4.89
12/11/2012,1300,15080000,11.9(2.59 %),1300,15080000,0,0,4445330,4.9
13/11/2012,8180,97702000,12.1(1.68 %),8180,97702000,0,0,4437150,4.98
14/11/2012,18900,229857000,12.3(1.65 %),18900,229857000,0,0,4418250,5.17
15/11/2012,4110,49731000,12.1(-1.63 %),4110,49731000,0,0,4414140,5.21
16/11/2012,6000,71900000,11.9(-1.65 %),6000,71900000,0,0,4408140,5.27
19/11/2012,7000,83000000,12(0.84 %),7000,83000000,0,0,4401140,5.34
20/11/2012,3400,40500000,12.2(1.67 %),3400,40500000,0,0,4397740,5.37
21/11/2012,820,9840000,12.2(0.00 %),820,9840000,0,0,4396920,5.38
22/11/2012,0,0,12.1(-0.82 %),0,0,0,0,4396920,5.38
23/11/2012,2980,35462000,12.2(0.83 %),2980,35462000,0,0,4393940,5.41
26/11/2012,3450,41010000,12(-1.64 %),3450,41010000,0,0,4390490,5.44
27/11/2012,0,0,12(0.00 %),0,0,0,0,4390490,5.44
28/11/2012,5000,60100000,12.1(0.83 %),5000,60100000,0,0,4385490,5.49
29/11/2012,4000,48000000,12.1(0.00 %),4000,48000000,0,0,4381490,5.53
30/11/2012,0,0,12.1(0.00 %),0,0,0,0,4381490,5.53
03/12/2012,0,0,12.1(0.00 %),0,0,0,0,4381490,5.53
04/12/2012,11210,137192000,12.2(0.83 %),11210,137192000,0,0,4370280,5.64
05/12/2012,-210,-2583000,12.4(1.64 %),0,0,210,2583000,4370490,5.64
06/12/2012,0,0,12.5(0.81 %),0,0,0,0,4370490,5.64
07/12/2012,9420,118330000,12.5(0.00 %),9420,118330000,0,0,4361070,5.74
10/12/2012,6880,86516000,12.7(1.60 %),6880,86516000,0,0,4354190,5.8
11/12/2012,1000,12700000,12.7(0.00 %),1000,12700000,0,0,4353190,5.81
12/12/2012,0,0,12.9(1.57 %),0,0,0,0,4353190,5.81
13/12/2012,7850,98865000,12.5(-3.10 %),7850,98865000,0,0,4345340,5.89
14/12/2012,5050,63425000,12.5(0.00 %),5050,63425000,0,0,4348140,5.86
17/12/2012,0,0,12.7(1.60 %),0,0,0,0,4348140,5.86
18/12/2012,5990,75375000,12.5(-1.57 %),5990,75375000,0,0,4342150,5.92
19/12/2012,6500,81000000,12.6(0.80 %),6500,81000000,0,0,4335650,5.99
20/12/2012,0,0,12.6(0.00 %),0,0,0,0,4335650,5.99
21/12/2012,0,0,12.5(-0.79 %),0,0,0,0,4335650,5.99
24/12/2012,500,6200000,12.4(-0.80 %),500,6200000,0,0,4335150,5.99
25/12/2012,0,0,12.5(0.81 %),0,0,0,0,4335150,5.99
26/12/2012,0,0,12.5(0.00 %),0,0,0,0,4335150,5.99
27/12/2012,0,0,12.8(2.40 %),0,0,0,0,4335150,5.99
28/12/2012,0,0,12.8(0.00 %),0,0,0,0,4335150,5.99
02/01/2013,0,0,12.9(0.78 %),0,0,0,0,4327300,6.07
03/01/2013,0,0,12.9(0.00 %),0,0,0,0,4327300,6.07
04/01/2013,0,0,13(0.78 %),0,0,0,0,4327300,6.07
07/01/2013,0,0,13(0.00 %),0,0,0,0,4327300,6.07
08/01/2013,0,0,13(0.00 %),0,0,0,0,4327300,6.07
09/01/2013,500,6400000,12.8(-1.54 %),500,6400000,0,0,4326800,6.08
10/01/2013,0,0,12.9(0.78 %),0,0,0,0,4326800,6.08
11/01/2013,0,0,12.7(-1.55 %),0,0,0,0,4326800,6.08
14/01/2013,0,0,12.8(0.79 %),0,0,0,0,4326800,6.08
15/01/2013,0,0,12.8(0.00 %),0,0,0,0,4326800,6.08
16/01/2013,0,0,13.2(3.12 %),0,0,0,0,4326800,6.08
17/01/2013,1280,17024000,13.4(1.52 %),1280,17024000,0,0,4325520,6.09
18/01/2013,330,4290000,13(-2.99 %),330,4290000,0,0,4325190,6.09
21/01/2013,0,0,13.2(1.54 %),0,0,0,0,4325190,6.09
22/01/2013,3000,38100000,12.7(-3.79 %),3000,38100000,0,0,4322190,6.12
23/01/2013,0,0,13(2.36 %),0,0,0,0,4322190,6.12
24/01/2013,0,0,13.2(1.54 %),0,0,0,0,4322190,6.12
25/01/2013,0,0,13.3(0.76 %),0,0,0,0,4322190,6.12
28/01/2013,2100,28350000,13.5(1.50 %),2100,28350000,0,0,4320090,6.14
29/01/2013,0,0,13.6(0.74 %),0,0,0,0,4320090,6.14
30/01/2013,3890,51737000,13.3(-2.21 %),3890,51737000,0,0,4316200,6.18
31/01/2013,0,0,13.1(-1.50 %),0,0,0,0,4316200,6.18
01/02/2013,4520,58760000,13(-0.76 %),4520,58760000,0,0,4311680,6.23
04/02/2013,0,0,13.5(3.85 %),0,0,0,0,4311680,6.23
05/02/2013,5000,65000000,13(-3.70 %),5000,65000000,0,0,4306680,6.28
06/02/2013,5110,66485000,13.5(3.85 %),5110,66485000,0,0,4301570,6.33
07/02/2013,3930,51090000,13.2(-2.22 %),3930,51090000,0,0,4297640,6.36
08/02/2013,0,0,13.3(0.76 %),0,0,0,0,4297640,6.36
18/02/2013,0,0,13.5(1.50 %),0,0,0,0,4297640,6.36
19/02/2013,0,0,13.4(-0.74 %),0,0,0,0,4297640,6.36
20/02/2013,0,0,13.4(0.00 %),0,0,0,0,4297640,6.36
21/02/2013,3320,43160000,13(-2.99 %),3320,43160000,0,0,4294320,6.4
22/02/2013,20430,264680000,13(0.00 %),23200,300413000,2770,35733000,4273890,6.6
25/02/2013,-680,-8840000,13.3(2.31 %),0,0,680,8840000,4274570,6.59
26/02/2013,5000,64000000,12.8(-3.76 %),5000,64000000,0,0,4269570,6.64
27/02/2013,0,0,13.4(4.69 %),0,0,0,0,4269570,6.64
28/02/2013,0,0,13.4(0.00 %),0,0,0,0,4269570,6.64
01/03/2013,0,0,13.6(1.49 %),0,0,0,0,4269570,6.64
04/03/2013,0,0,13.1(-3.68 %),0,0,0,0,4269570,6.64
05/03/2013,68310,907347000,13.4(2.29 %),68310,907347000,0,0,4201260,7.32
06/03/2013,0,0,13.9(3.73 %),0,0,0,0,4201260,7.32
07/03/2013,0,0,14.2(2.16 %),0,0,0,0,4201260,7.32
08/03/2013,0,0,14.5(2.11 %),0,0,0,0,4201260,7.32
11/03/2013,0,0,14.2(-2.07 %),0,0,0,0,4201260,7.32
12/03/2013,62910,874964000,14.5(2.11 %),68850,958842000,5940,83878000,4138350,7.94
13/03/2013,0,0,14.5(0.00 %),0,0,0,0,4138350,7.94
14/03/2013,0,0,14.7(1.38 %),0,0,0,0,4138350,7.94
15/03/2013,0,0,14.7(0.00 %),0,0,0,0,4138350,7.94
18/03/2013,34910,529797000,15.6(6.12 %),38640,586093000,3730,56296000,4103440,8.29
19/03/2013,0,0,15.7(0.64 %),0,0,0,0,4103440,8.29
20/03/2013,69970,1097729000,16.7(6.37 %),72970,1147829000,3000,50100000,4033470,8.99
21/03/2013,89820,1597098000,17.8(6.59 %),89820,1597098000,0,0,3943650,9.88
22/03/2013,45380,852144000,17.8(0.00 %),45380,852144000,0,0,3898270,10.33
25/03/2013,0,0,17(-4.49 %),0,0,0,0,3898270,10.33
26/03/2013,0,0,17(0.00 %),0,0,0,0,3898270,10.33
27/03/2013,0,0,17(0.00 %),0,0,0,0,3898270,10.33
28/03/2013,0,0,15.9(-6.47 %),0,0,0,0,3898270,10.33
29/03/2013,20,336000,16.8(5.66 %),20,336000,0,0,3898250,10.33
01/04/2013,0,0,16.7(-0.60 %),0,0,0,0,3898250,10.33
02/04/2013,0,0,15.7(-5.99 %),0,0,0,0,3898250,10.33
03/04/2013,0,0,15.7(0.00 %),0,0,0,0,3898250,10.33
04/04/2013,0,0,16(1.91 %),0,0,0,0,3898250,10.33
05/04/2013,0,0,17(6.25 %),0,0,0,0,3898250,10.33
08/04/2013,0,0,17.6(3.53 %),0,0,0,0,3898250,10.33
09/04/2013,-10200,-179516000,17.6(0.00 %),10,176000,10210,179692000,3908450,10.23
10/04/2013,34940,585138000,17.8(1.14 %),34940,585138000,0,0,3873510,10.57
11/04/2013,-1900,-33440000,17.8(0.00 %),0,0,1900,33440000,3875410,10.55
12/04/2013,0,0,17.7(-0.56 %),0,0,0,0,3875410,10.55
15/04/2013,0,0,17.4(-1.69 %),0,0,0,0,3875410,10.55
16/04/2013,28990,497501000,17.4(0.00 %),28990,497501000,0,0,3846420,10.84
17/04/2013,0,0,17.4(0.00 %),0,0,0,0,3846420,10.84
18/04/2013,52520,910594000,18.1(4.02 %),52520,910594000,0,0,3793900,11.36
22/04/2013,-15400,-260292000,16.9(-6.63 %),0,0,15400,260292000,3809300,11.21
23/04/2013,-5200,-82388000,15.8(-6.51 %),0,0,5200,82388000,3814500,11.16
24/04/2013,0,0,16(1.27 %),0,0,0,0,3814500,11.16
25/04/2013,-500,-8100000,16.2(1.25 %),0,0,500,8100000,3815000,11.15
26/04/2013,0,0,16.3(0.62 %),0,0,0,0,3815000,11.15
02/05/2013,400,6520000,16.3(0.00 %),400,6520000,0,0,3814100,11.16
03/05/2013,-4500,-68497000,15.9(-2.45 %),0,0,4500,68497000,3818600,11.12
06/05/2013,-19010,-281757000,15(-5.66 %),0,0,19010,281757000,3837610,10.93
07/05/2013,-8930,-133389000,14.9(-0.67 %),0,0,8930,133389000,3846540,10.84
08/05/2013,0,0,15.3(2.68 %),0,0,0,0,3846540,10.84
09/05/2013,0,0,15.1(-1.31 %),0,0,0,0,3846540,10.84
10/05/2013,0,0,14.9(-1.32 %),0,0,0,0,3846540,10.84
13/05/2013,0,0,14.9(0.00 %),0,0,0,0,3846540,10.84
14/05/2013,0,0,14.2(-4.70 %),0,0,0,0,3846540,10.84
15/05/2013,0,0,14.1(-0.70 %),0,0,0,0,3846540,10.84
16/05/2013,0,0,14.3(1.42 %),0,0,0,0,3846540,10.84
17/05/2013,0,0,14.9(4.20 %),0,0,0,0,3846540,10.84
20/05/2013,-110,-1562000,14(-6.04 %),0,0,110,1562000,3846650,10.84
21/05/2013,0,0,14.4(2.86 %),0,0,0,0,3846650,10.84
22/05/2013,0,0,14.4(0.00 %),0,0,0,0,3846650,10.84
23/05/2013,0,0,14.4(0.00 %),0,0,0,0,3846650,10.84
24/05/2013,0,0,14.2(-1.39 %),0,0,0,0,3846650,10.84
27/05/2013,0,0,14.8(4.23 %),0,0,0,0,3846650,10.84
28/05/2013,0,0,14.8(0.00 %),0,0,0,0,3846650,10.84
29/05/2013,0,0,14.4(-2.70 %),0,0,0,0,3846650,10.84
30/05/2013,0,0,14.6(1.39 %),0,0,0,0,3846650,10.84
31/05/2013,-1000,-14400000,14.8(1.37 %),0,0,1000,14400000,3847650,10.83
03/06/2013,-2000,-29000000,14.5(-2.03 %),0,0,2000,29000000,3847150,10.83
04/06/2013,-40,-580000,14.5(0.00 %),0,0,40,580000,3847190,10.83
05/06/2013,0,0,14.7(1.38 %),0,0,0,0,3847190,10.83
06/06/2013,0,0,14.5(-1.36 %),0,0,0,0,3847190,10.83
07/06/2013,0,0,14.4(-0.69 %),0,0,0,0,3847190,10.83
10/06/2013,-6960,-97640000,14.5(0.69 %),0,0,6960,97640000,3854150,10.76
11/06/2013,1400,19600000,14(-3.45 %),1400,19600000,0,0,3852750,10.78
12/06/2013,1400,19600000,14.1(0.71 %),1400,19600000,0,0,3851350,10.79
13/06/2013,0,0,14.3(1.42 %),0,0,0,0,3851350,10.79
14/06/2013,0,0,14(-2.10 %),0,0,0,0,3851350,10.79
17/06/2013,0,0,13.6(-2.86 %),0,0,0,0,3851350,10.79
18/06/2013,100,1370000,14(2.94 %),100,1370000,0,0,3851250,10.79
19/06/2013,0,0,13.9(-0.71 %),0,0,0,0,3851250,10.79
20/06/2013,-1700,-23460000,13.6(-2.16 %),0,0,1700,23460000,3852950,10.78
21/06/2013,80,1076000,14.2(4.41 %),100,1360000,20,284000,3852870,10.78
24/06/2013,0,0,14.1(-0.70 %),0,0,0,0,3852870,10.78
25/06/2013,0,0,13.8(-2.13 %),0,0,0,0,3852870,10.78
26/06/2013,0,0,13.8(0.00 %),0,0,0,0,3852870,10.78
27/06/2013,0,0,13.6(-1.45 %),0,0,0,0,3852870,10.78
28/06/2013,0,0,13.6(0.00 %),0,0,0,0,3852870,10.78
01/07/2013,0,0,14(2.94 %),0,0,0,0,3855870,10.75
02/07/2013,0,0,13.8(-1.43 %),0,0,0,0,3855870,10.75
03/07/2013,0,0,13.8(0.00 %),0,0,0,0,3855870,10.75
04/07/2013,0,0,13.8(0.00 %),0,0,0,0,3855870,10.75
05/07/2013,1000,13500000,13.4(-2.90 %),1000,13500000,0,0,3854870,10.76
08/07/2013,0,0,13.4(0.00 %),0,0,0,0,3854870,10.76
09/07/2013,0,0,13.6(1.49 %),0,0,0,0,3854870,10.76
10/07/2013,0,0,13(-4.41 %),0,0,0,0,3854870,10.76
11/07/2013,0,0,13.8(6.15 %),0,0,0,0,3854870,10.76
12/07/2013,0,0,13.9(0.72 %),0,0,0,0,3854870,10.76
15/07/2013,0,0,13.8(-0.72 %),0,0,0,0,3854870,10.76
16/07/2013,0,0,13.8(0.00 %),0,0,0,0,3854870,10.76
17/07/2013,30,396000,13.2(-4.35 %),30,396000,0,0,3854840,10.76
18/07/2013,0,0,13.7(3.79 %),0,0,0,0,3854840,10.76
19/07/2013,0,0,13.7(0.00 %),0,0,0,0,3854840,10.76
22/07/2013,0,0,13.2(-3.65 %),0,0,0,0,3854840,10.76
23/07/2013,0,0,13.2(0.00 %),0,0,0,0,3854840,10.76
24/07/2013,0,0,13.2(0.00 %),0,0,0,0,3854840,10.76
25/07/2013,0,0,13(-1.52 %),0,0,0,0,3854840,10.76
26/07/2013,0,0,13(0.00 %),0,0,0,0,3854840,10.76
29/07/2013,0,0,13(0.00 %),0,0,0,0,3854840,10.76
30/07/2013,0,0,13.1(0.77 %),0,0,0,0,3854840,10.76
31/07/2013,0,0,12.8(-2.29 %),0,0,0,0,3854840,10.76
01/08/2013,0,0,13(1.56 %),0,0,0,0,3854840,10.76
02/08/2013,0,0,13.3(2.31 %),0,0,0,0,3854840,10.76
05/08/2013,0,0,12.8(-3.76 %),0,0,0,0,3854840,10.76
06/08/2013,0,0,13.1(2.34 %),0,0,0,0,3854840,10.76
07/08/2013,0,0,13.2(0.76 %),0,0,0,0,3854840,10.76
08/08/2013,0,0,13.1(-0.76 %),0,0,0,0,3854840,10.76
09/08/2013,0,0,13.1(0.00 %),0,0,0,0,3854840,10.76
12/08/2013,0,0,13.3(1.53 %),0,0,0,0,3854840,10.76
13/08/2013,0,0,13.4(0.75 %),0,0,0,0,3854840,10.76
14/08/2013,0,0,13.3(-0.75 %),0,0,0,0,3854840,10.76
15/08/2013,0,0,13.6(2.26 %),0,0,0,0,3854840,10.76
16/08/2013,0,0,13.4(-1.47 %),0,0,0,0,3854840,10.76
19/08/2013,2950,41003000,13.9(3.73 %),2950,41003000,0,0,3851890,10.79
20/08/2013,0,0,13.6(-2.16 %),0,0,0,0,3851890,10.79
21/08/2013,0,0,13.7(0.74 %),0,0,0,0,3851890,10.79
22/08/2013,0,0,13.8(0.73 %),0,0,0,0,3851890,10.79
23/08/2013,0,0,14.1(2.17 %),0,0,0,0,3851890,10.79
26/08/2013,0,0,14.1(0.00 %),0,0,0,0,3851890,10.79
27/08/2013,0,0,13.5(-4.26 %),0,0,0,0,3851890,10.79
28/08/2013,0,0,13.5(0.00 %),0,0,0,0,3851890,10.79
29/08/2013,-3780,-51030000,13.8(2.22 %),0,0,3780,51030000,3855670,10.75
30/08/2013,0,0,13.9(0.72 %),0,0,0,0,3855670,10.75
03/09/2013,-2950,-38665000,14(0.72 %),0,0,2950,38665000,3851890,10.79
04/09/2013,0,0,14(0.00 %),0,0,0,0,3851890,10.79
05/09/2013,0,0,13.3(-5.00 %),0,0,0,0,3851890,10.79
06/09/2013,0,0,13.3(0.00 %),0,0,0,0,3851890,10.79
09/09/2013,0,0,13(-2.26 %),0,0,0,0,3851890,10.79
10/09/2013,0,0,13.4(3.08 %),0,0,0,0,3851890,10.79
11/09/2013,0,0,13.4(0.00 %),0,0,0,0,3851890,10.79
12/09/2013,0,0,12.8(-4.48 %),0,0,0,0,3851890,10.79
13/09/2013,0,0,12.8(0.00 %),0,0,0,0,3851890,10.79
16/09/2013,0,0,13(1.56 %),0,0,0,0,3851890,10.79
17/09/2013,0,0,13(0.00 %),0,0,0,0,3851890,10.79
18/09/2013,0,0,12.8(-1.54 %),0,0,0,0,3851890,10.79
19/09/2013,0,0,12.8(0.00 %),0,0,0,0,3851890,10.79
20/09/2013,0,0,12.8(0.00 %),0,0,0,0,3851890,10.79
23/09/2013,-1100,-14080000,13(1.56 %),0,0,1100,14080000,3852990,10.78
24/09/2013,0,0,13.3(2.31 %),0,0,0,0,3852990,10.78
25/09/2013,0,0,13.2(-0.75 %),0,0,0,0,3852990,10.78
26/09/2013,0,0,13.2(0.00 %),0,0,0,0,3852990,10.78
27/09/2013,0,0,13.2(0.00 %),0,0,0,0,3852990,10.78
30/09/2013,350,4585000,12.9(-2.27 %),350,4585000,0,0,3852640,10.78
01/10/2013,0,0,13.2(2.33 %),0,0,0,0,3859370,10.71
02/10/2013,0,0,13(-1.52 %),0,0,0,0,3859370,10.71
03/10/2013,0,0,13.1(0.77 %),0,0,0,0,3859370,10.71
04/10/2013,0,0,13(-0.76 %),0,0,0,0,3859370,10.71
07/10/2013,0,0,13.3(2.31 %),0,0,0,0,3859370,10.71
08/10/2013,0,0,13.3(0.00 %),0,0,0,0,3859370,10.71
09/10/2013,0,0,13(-2.26 %),0,0,0,0,3859370,10.71
10/10/2013,0,0,13.2(1.54 %),0,0,0,0,3859370,10.71
11/10/2013,0,0,13.3(0.76 %),0,0,0,0,3859370,10.71
14/10/2013,0,0,13(-2.26 %),0,0,0,0,3859370,10.71
15/10/2013,0,0,13.5(3.85 %),0,0,0,0,3859370,10.71
16/10/2013,0,0,13.2(-2.22 %),0,0,0,0,3859370,10.71
17/10/2013,0,0,13.5(2.27 %),0,0,0,0,3859370,10.71
18/10/2013,0,0,13.3(-1.48 %),0,0,0,0,3859370,10.71
21/10/2013,0,0,14(5.26 %),0,0,0,0,3859370,10.71
22/10/2013,0,0,13.9(-0.71 %),0,0,0,0,3859370,10.71
23/10/2013,-980,-13818000,14.5(4.32 %),0,0,980,13818000,3860350,10.7
24/10/2013,0,0,14.2(-2.07 %),0,0,0,0,3860350,10.7
25/10/2013,0,0,14.1(-0.70 %),0,0,0,0,3860350,10.7
28/10/2013,0,0,14.2(0.71 %),0,0,0,0,3860350,10.7
29/10/2013,0,0,14.4(1.41 %),0,0,0,0,3860350,10.7
30/10/2013,0,0,14.2(-1.39 %),0,0,0,0,3860350,10.7
31/10/2013,0,0,14.3(0.70 %),0,0,0,0,3860350,10.7
01/11/2013,0,0,14.3(0.00 %),0,0,0,0,3860350,10.7
04/11/2013,0,0,14.5(1.40 %),0,0,0,0,3860350,10.7
05/11/2013,0,0,14.5(0.00 %),0,0,0,0,3860350,10.7
06/11/2013,0,0,14.5(0.00 %),0,0,0,0,3860350,10.7
07/11/2013,0,0,14.5(0.00 %),0,0,0,0,3860350,10.7
08/11/2013,0,0,14.7(1.38 %),0,0,0,0,3860350,10.7
11/11/2013,-1000,-14550000,15(2.04 %),0,0,1000,14550000,3861350,10.69
12/11/2013,0,0,15(0.00 %),0,0,0,0,3861350,10.69
13/11/2013,0,0,14.5(-3.33 %),0,0,0,0,3861350,10.69
14/11/2013,0,0,14.6(0.69 %),0,0,0,0,3861350,10.69
15/11/2013,0,0,14.6(0.00 %),0,0,0,0,3861350,10.69
18/11/2013,0,0,14.8(1.37 %),0,0,0,0,3861350,10.69
19/11/2013,0,0,14.8(0.00 %),0,0,0,0,3861350,10.69
20/11/2013,0,0,14.9(0.68 %),0,0,0,0,3861350,10.69
21/11/2013,0,0,14.8(-0.67 %),0,0,0,0,3861350,10.69
22/11/2013,0,0,15.2(2.70 %),0,0,0,0,3861350,10.69
25/11/2013,0,0,14.7(-3.29 %),0,0,0,0,3861350,10.69
26/11/2013,0,0,14.3(-2.72 %),0,0,0,0,3861350,10.69
27/11/2013,1500,22350000,14.9(4.20 %),1500,22350000,0,0,3859850,10.71
28/11/2013,16500,251720000,15.8(6.04 %),16500,251720000,0,0,3843350,10.87
29/11/2013,0,0,16.9(6.96 %),0,0,0,0,3843350,10.87
02/12/2013,11970,215460000,18(6.51 %),12000,216000000,30,540000,3831350,10.99
03/12/2013,5000,90000000,18.2(1.11 %),5000,90000000,0,0,3826350,11.04
04/12/2013,0,0,17.5(-3.85 %),0,0,0,0,3826350,11.04
05/12/2013,0,0,17.5(0.00 %),0,0,0,0,3826350,11.04
06/12/2013,15000,264408000,17.6(0.57 %),15000,264408000,0,0,3811350,11.19
09/12/2013,0,0,17.4(-1.14 %),0,0,0,0,3811350,11.19
10/12/2013,34970,542845000,15.7(1.95 %),34970,542845000,0,0,3776380,11.54
11/12/2013,10000,154300000,15.3(-2.55 %),10000,154300000,0,0,3766380,11.64
12/12/2013,1400,20860000,14.9(-2.61 %),1400,20860000,0,0,3764980,11.65
13/12/2013,3800,55500000,14.6(-2.01 %),3800,55500000,0,0,3761180,11.69
16/12/2013,0,0,14.7(0.68 %),0,0,0,0,3761180,11.69
17/12/2013,28330,414716000,14.9(1.36 %),28330,414716000,0,0,3732850,11.97
18/12/2013,0,0,14.7(-1.34 %),0,0,0,0,3732850,11.97
19/12/2013,950,13965000,14.7(0.00 %),950,13965000,0,0,3731900,11.98
20/12/2013,5000,73500000,14.7(0.00 %),5000,73500000,0,0,3726900,12.03
23/12/2013,34100,513538000,15.3(4.08 %),34100,513538000,0,0,3692800,12.37
24/12/2013,10000,154161000,15.2(-0.65 %),10000,154161000,0,0,3682800,12.46
25/12/2013,15110,234499000,15.4(1.32 %),15110,234499000,0,0,3667690,12.61
26/12/2013,4140,64524000,15.5(0.65 %),4140,64524000,0,0,3663550,12.66
27/12/2013,70,1096000,15.4(-0.65 %),70,1096000,0,0,3663480,12.66
30/12/2013,5700,86670000,15.4(0.00 %),5700,86670000,0,0,3657780,12.71
31/12/2013,3520,54422000,15.5(0.65 %),3520,54422000,0,0,3654260,12.75
02/01/2014,26210,407836000,15.6(0.65 %),26210,407836000,0,0,3628080,13.01
03/01/2014,10290,159529000,15.6(0.00 %),10290,159529000,0,0,3617790,13.11
06/01/2014,0,0,15.7(0.64 %),0,0,0,0,3617790,13.11
07/01/2014,12610,195455000,15.5(-1.27 %),12610,195455000,0,0,3605180,13.23
08/01/2014,12710,197175000,15.5(0.00 %),12710,197175000,0,0,3592470,13.36
09/01/2014,7080,109598000,15.2(-1.94 %),7080,109598000,0,0,3585390,13.43
10/01/2014,650,10236000,15.8(3.95 %),650,10236000,0,0,3584740,13.44
13/01/2014,50,785000,15.7(-0.63 %),50,785000,0,0,3584690,13.44
14/01/2014,400,6250000,15.7(0.00 %),400,6250000,0,0,3584290,13.44
15/01/2014,2000,30200000,15.1(-3.82 %),2000,30200000,0,0,3582290,13.46
16/01/2014,1050,16380000,15.6(3.31 %),1050,16380000,0,0,3581240,13.47
17/01/2014,300,4680000,15.6(0.00 %),300,4680000,0,0,3580940,13.47
20/01/2014,0,0,16.6(6.41 %),0,0,0,0,3580940,13.47
21/01/2014,500,8400000,16.8(1.20 %),500,8400000,0,0,3580440,13.48
22/01/2014,100,1680000,16.8(0.00 %),100,1680000,0,0,3580340,13.48
23/01/2014,24900,418320000,16.8(0.00 %),24900,418320000,0,0,3555440,13.73
24/01/2014,1000,16900000,16.9(0.60 %),1000,16900000,0,0,3554440,13.74
27/01/2014,2960,50410000,17(0.59 %),2960,50410000,0,0,3551480,13.77
06/02/2014,20,352000,17.4(2.35 %),20,352000,0,0,3551460,13.77
07/02/2014,3210,53060000,17(-2.30 %),3210,53060000,0,0,3548250,13.8
10/02/2014,15600,265328000,17.5(2.94 %),15600,265328000,0,0,3532650,13.95
11/02/2014,12380,210550000,17.5(0.00 %),12480,212290000,100,1740000,3520270,14.08
12/02/2014,10000,170125000,17.3(-1.14 %),10000,170125000,0,0,3510270,14.18
13/02/2014,16220,275353000,17.5(1.16 %),16220,275353000,0,0,3494050,14.34
14/02/2014,16980,295287000,17.6(0.57 %),16980,295287000,0,0,3477070,14.51
17/02/2014,3000,52200000,17.4(-1.14 %),3000,52200000,0,0,3474070,14.54
18/02/2014,16350,284490000,17.5(0.57 %),16350,284490000,0,0,3457720,14.7
19/02/2014,0,0,17.4(-0.57 %),0,0,0,0,3457720,14.7
20/02/2014,0,0,17.3(-0.57 %),0,0,0,0,3457720,14.7
21/02/2014,250,4350000,17.4(0.58 %),250,4350000,0,0,3457470,14.7
24/02/2014,3400,60870000,18.6(6.90 %),3400,60870000,0,0,3454070,14.73
25/02/2014,0,0,19.9(6.99 %),0,0,0,0,3454070,14.73
26/02/2014,20,410000,19.7(-1.01 %),20,410000,0,0,3454050,14.73
27/02/2014,1950,36421000,18.5(-6.09 %),1950,36421000,0,0,3452100,14.75
28/02/2014,7270,134894000,19.2(3.78 %),7270,134894000,0,0,3444830,14.83
03/03/2014,600,11022000,18.5(-3.65 %),600,11022000,0,0,3444260,14.83
04/03/2014,2250,41654000,19(2.70 %),2250,41654000,0,0,3442010,14.85
05/03/2014,750,14837000,19.5(2.63 %),750,14837000,0,0,3441260,14.86
06/03/2014,90,1741000,19.3(-1.03 %),790,14971000,700,13230000,3441170,14.86
07/03/2014,810,15151000,19.1(-1.04 %),810,15151000,0,0,3440360,14.87
10/03/2014,4900,93584000,19.2(0.52 %),4900,93584000,0,0,3435460,14.92
11/03/2014,5100,97721000,19.1(-0.52 %),5100,97721000,0,0,3430360,14.97
12/03/2014,30,567000,18.9(-1.05 %),30,567000,0,0,3430330,14.97
13/03/2014,2020,38080000,19(0.53 %),2020,38080000,0,0,3428310,14.99
14/03/2014,500,9340000,19(0.00 %),500,9340000,0,0,3427810,14.99
17/03/2014,1000,18520000,18.9(-0.53 %),1000,18520000,0,0,3426810,15.0
18/03/2014,560,10729000,19.1(1.06 %),880,16659000,320,5930000,3426250,15.01
19/03/2014,20,386000,18.6(-2.62 %),20,386000,0,0,3426230,15.01
20/03/2014,50,930000,18.6(0.00 %),50,930000,0,0,3426180,15.01
21/03/2014,100,1908000,19(2.15 %),100,1908000,0,0,3426080,15.01
24/03/2014,1130,21048000,18.8(-1.05 %),1230,22938000,100,1890000,3424950,15.02
25/03/2014,0,0,18.9(0.53 %),0,0,0,0,3424950,15.02
26/03/2014,30,561000,18.7(-1.06 %),30,561000,0,0,3424920,15.02
27/03/2014,20,376000,18.8(0.53 %),20,376000,0,0,3424900,15.02
28/03/2014,0,0,18.5(-1.60 %),0,0,0,0,3424900,15.02
31/03/2014,700,13160000,18.8(1.62 %),700,13160000,0,0,3424200,15.03
01/04/2014,700,12500000,18(-4.26 %),700,12500000,0,0,3423470,15.04
02/04/2014,290,5203000,18(0.00 %),290,5203000,0,0,3423180,15.04
03/04/2014,70,1281000,18.3(1.67 %),70,1281000,0,0,3423110,15.04
04/04/2014,20,366000,18.3(0.00 %),20,366000,0,0,3423090,15.04
07/04/2014,20,366000,18.3(0.00 %),20,366000,0,0,3423070,15.04
08/04/2014,10,183000,18.3(0.00 %),10,183000,0,0,3423060,15.04
10/04/2014,0,0,18.3(0.00 %),0,0,0,0,3423060,15.04
11/04/2014,10,183000,18(-1.64 %),10,183000,0,0,3423050,15.04
14/04/2014,0,0,18.5(2.78 %),0,0,0,0,3423050,15.04
15/04/2014,20,362000,18.2(-1.62 %),20,362000,0,0,3423030,15.04
16/04/2014,280,5096000,18.2(0.00 %),280,5096000,0,0,3422750,15.04
17/04/2014,20,362000,17.7(-2.75 %),20,362000,0,0,3422730,15.04
18/04/2014,10,183000,17.5(-1.13 %),10,183000,0,0,3422720,15.04
21/04/2014,100,1829000,18.4(5.14 %),100,1829000,0,0,3422620,15.05
22/04/2014,2250,41131000,19(3.26 %),2250,41131000,0,0,3420370,15.07
23/04/2014,1070,19216000,18.8(-1.05 %),1070,19216000,0,0,3419300,15.08
24/04/2014,700,12660000,18.6(-1.06 %),700,12660000,0,0,3418600,15.09
25/04/2014,1950,36593000,19(2.15 %),1950,36593000,0,0,3416650,15.1
28/04/2014,150,2800000,19(0.00 %),150,2800000,0,0,3416500,15.11
29/04/2014,1400,26475000,19(0.00 %),1400,26475000,0,0,3415100,15.12
05/05/2014,2020,36578000,18.9(-0.53 %),2020,36578000,0,0,3413080,15.14
06/05/2014,3600,64251000,18.4(-2.65 %),3600,64251000,0,0,3409480,15.18
07/05/2014,30,564000,18.5(0.54 %),30,564000,0,0,3409450,15.18
08/05/2014,4000,73600000,18.4(-0.54 %),4000,73600000,0,0,3405450,15.22
09/05/2014,0,0,18.4(0.00 %),0,0,0,0,3405450,15.22
12/05/2014,0,0,18.4(0.00 %),0,0,0,0,3405450,15.22
13/05/2014,12500,215055000,18.3(-0.54 %),12500,215055000,0,0,3392950,15.34
14/05/2014,50,915000,18.3(0.00 %),50,915000,0,0,3392900,15.34
15/05/2014,30,534000,18(-1.64 %),30,534000,0,0,3392870,15.34
16/05/2014,700,11771000,17.9(-0.56 %),800,13560000,100,1789000,3392170,15.35
19/05/2014,0,0,17.9(0.00 %),0,0,0,0,3392170,15.35
20/05/2014,0,0,17.9(0.00 %),0,0,0,0,3392170,15.35
21/05/2014,0,0,17.9(0.00 %),0,0,0,0,3392170,15.35
22/05/2014,80,1484000,18.4(2.79 %),480,8604000,400,7120000,3392090,15.35
23/05/2014,190,3545000,19(3.26 %),190,3545000,0,0,3391900,15.35
26/05/2014,0,0,19(0.00 %),0,0,0,0,3391900,15.35
27/05/2014,50,935000,18.7(-1.58 %),50,935000,0,0,3391850,15.35
28/05/2014,1500,27900000,18.6(-0.53 %),1500,27900000,0,0,3390350,15.37
29/05/2014,200,3702000,18.5(-0.54 %),200,3702000,0,0,3390150,15.37
30/05/2014,0,0,18.5(0.00 %),0,0,0,0,3390150,15.37
02/06/2014,0,0,18.5(0.00 %),0,0,0,0,3390150,15.37
03/06/2014,2980,53150000,18.5(0.00 %),2980,53150000,0,0,3387170,15.4
04/06/2014,1520,26865000,18.4(-0.54 %),1520,26865000,0,0,3385650,15.41
05/06/2014,0,0,18.4(0.00 %),0,0,0,0,3385650,15.41
06/06/2014,0,0,18.4(0.00 %),0,0,0,0,3385650,15.41
09/06/2014,10,189000,18.9(2.72 %),10,189000,0,0,3385640,15.41
10/06/2014,10,187000,18.7(-1.06 %),10,187000,0,0,3385630,15.41
11/06/2014,0,0,18.7(0.00 %),0,0,0,0,3385630,15.41
12/06/2014,0,0,18.7(0.00 %),0,0,0,0,3385630,15.41
13/06/2014,0,0,18.7(0.00 %),0,0,0,0,3385630,15.41
16/06/2014,0,0,18.7(0.00 %),0,0,0,0,3385630,15.41
17/06/2014,10,186000,18.6(-0.53 %),10,186000,0,0,3385620,15.41
18/06/2014,70,1295000,18.5(-0.54 %),70,1295000,0,0,3385550,15.41
19/06/2014,3100,54340000,18.4(-0.54 %),3100,54340000,0,0,3382450,15.44
20/06/2014,0,0,18.4(0.00 %),0,0,0,0,3382450,15.44
23/06/2014,0,0,18.1(-1.63 %),0,0,0,0,3382450,15.44
24/06/2014,1010,18280000,18(-0.55 %),1010,18280000,0,0,3381440,15.45
25/06/2014,4630,82706000,18.9(5.00 %),4630,82706000,0,0,3376810,15.5
26/06/2014,50,915000,18.3(-3.17 %),50,915000,0,0,3376760,15.5
27/06/2014,2760,49958000,18.3(0.00 %),2760,49958000,0,0,3374000,15.53
30/06/2014,880,16394000,18.6(1.64 %),880,16394000,0,0,3373120,15.54
01/07/2014,1130,20459000,18.3(-1.61 %),1130,20459000,0,0,3371990,15.55
02/07/2014,0,0,18.3(0.00 %),0,0,0,0,3371990,15.55
03/07/2014,3200,57670000,18.4(0.55 %),3200,57670000,0,0,3368790,15.58
04/07/2014,500,9050000,18.1(-1.63 %),500,9050000,0,0,3368290,15.58
07/07/2014,300,5518000,18.5(2.21 %),600,10918000,300,5400000,3367990,15.59
08/07/2014,1070,19387000,18.6(0.54 %),1070,19387000,0,0,3366920,15.6
09/07/2014,3020,54672000,18.6(0.00 %),3020,54672000,0,0,3363900,15.63
10/07/2014,220,4072000,18.6(0.00 %),220,4072000,0,0,3363600,15.63
11/07/2014,3100,56160000,18.6(0.00 %),3100,56160000,0,0,3360580,0.0
14/07/2014,50,950000,19(2.15 %),50,950000,0,0,3360530,15.66
15/07/2014,1530,28426000,19(0.00 %),1530,28426000,0,0,3359000,15.68
16/07/2014,520,9452000,18.9(-0.53 %),520,9452000,0,0,3358480,0.0
17/07/2014,0,0,18.7(-1.06 %),0,0,0,0,3358480,15.68
18/07/2014,0,0,18.7(0.00 %),0,0,0,0,3358480,15.68
21/07/2014,2500,45250000,18.2(-2.67 %),2500,45250000,0,0,3355980,0.0
22/07/2014,-520,-9463000,18.7(2.75 %),3080,55809000,3600,65272000,3352900,0.0
23/07/2014,420,7760000,18.5(-1.07 %),3920,71180000,3500,63420000,3348980,0.0
24/07/2014,-1480,-26796000,18.4(-0.54 %),3020,54668000,4500,81464000,3345960,0.0
25/07/2014,-2900,-52670000,18.5(0.54 %),3200,58000000,6100,110670000,3342760,0.0
28/07/2014,3190,57760000,18.4(-0.54 %),3190,57760000,0,0,3343170,0.0
29/07/2014,3010,54482000,18.2(-1.09 %),3010,54482000,0,0,3343660,0.0
30/07/2014,2520,45664000,18.2(0.00 %),3020,54664000,500,9000000,3345140,0.0
31/07/2014,-60,-1038000,18.2(0.00 %),3440,62012000,3500,63050000,3347800,0.0
01/08/2014,2500,44950000,17.9(-1.65 %),5500,98950000,3000,54000000,3342700,0.0
04/08/2014,6020,107768000,18.4(2.79 %),6020,107768000,0,0,3336280,0.0
05/08/2014,3010,54184000,18.4(0.00 %),3010,54184000,0,0,3333770,0.0
06/08/2014,0,0,18(-2.17 %),0,0,0,0,3337270,15.89
07/08/2014,0,0,18(0.00 %),0,0,0,0,3337270,15.89
08/08/2014,2970,53478000,18.3(1.67 %),2970,53478000,0,0,3337300,0.0
11/08/2014,2580,47354000,18(-1.64 %),5020,90522000,2440,43168000,3332280,0.0
12/08/2014,0,0,18(0.00 %),0,0,0,0,3332280,0.0
13/08/2014,3000,54000000,18(0.00 %),5000,90000000,2000,36000000,3327280,0.0
14/08/2014,8500,152800000,18(0.00 %),8500,152800000,0,0,3327280,15.99
15/08/2014,3200,57600000,18(0.00 %),5000,90000000,1800,32400000,3321220,16.05
18/08/2014,2400,43200000,18(0.00 %),2400,43200000,0,0,3314220,0.0
19/08/2014,4000,72000000,18(0.00 %),5000,90000000,1000,18000000,3310820,0.0
20/08/2014,1180,21240000,18(0.00 %),2980,53640000,1800,32400000,3307840,0.0
21/08/2014,1290,23222000,18.2(1.11 %),1290,23222000,0,0,3308350,0.0
22/08/2014,2010,36182000,18.2(0.00 %),4610,82982000,2600,46800000,3308350,16.18
25/08/2014,-4500,-81000000,18(-1.10 %),5000,90000000,9500,171000000,3304740,16.21
26/08/2014,-20,-511000,18(0.00 %),3790,68220000,3810,68731000,3301540,16.25
27/08/2014,-200,-3740000,18.1(0.56 %),3000,54000000,3200,57740000,3297750,16.28
28/08/2014,-3030,-54540000,18(-0.55 %),2770,49860000,5800,104400000,3297350,16.29
29/08/2014,-2750,-49530000,18.1(0.56 %),1350,24300000,4100,73830000,3302730,0.0
03/09/2014,30,552000,18.4(1.66 %),30,552000,0,0,3306540,16.2
04/09/2014,780,14042000,18.2(-1.09 %),3780,68042000,3000,54000000,3305930,0.0
05/09/2014,820,14766000,18.3(0.55 %),4820,86766000,4000,72000000,3306930,0.0
08/09/2014,3020,55270000,18.5(1.09 %),5020,91870000,2000,36600000,3311010,16.15
09/09/2014,4020,73378000,18.9(2.16 %),4020,73378000,0,0,3305990,16.2
10/09/2014,0,0,18.9(0.00 %),0,0,0,0,3304970,0.0
11/09/2014,210,3789000,18.9(0.00 %),210,3789000,0,0,3308770,0.0
12/09/2014,1880,34028000,18.8(-0.53 %),1880,34028000,0,0,3308880,0.0
15/09/2014,0,0,18.8(0.00 %),0,0,0,0,3308880,16.17
16/09/2014,0,0,18.8(0.00 %),0,0,0,0,3308880,0.0
17/09/2014,-6990,-125814000,18.6(-1.06 %),570,10266000,7560,136080000,3308310,0.0
18/09/2014,1000,18150000,18(-3.23 %),3500,63450000,2500,45300000,3304810,0.0
19/09/2014,10,184000,18.4(2.22 %),10,184000,0,0,3304810,0.0
22/09/2014,0,0,18.4(0.00 %),0,0,0,0,3304800,0.0
23/09/2014,4350,78904000,18.4(0.00 %),4700,85204000,350,6300000,3307660,0.0
24/09/2014,1010,18382000,18.2(-1.09 %),1010,18382000,0,0,3306650,16.2
25/09/2014,2960,53286000,18.3(0.55 %),2960,53286000,0,0,3303690,16.23
26/09/2014,10,190000,19(3.83 %),10,190000,0,0,3303680,16.23
29/09/2014,10470,193712000,18.9(-0.53 %),10470,193712000,0,0,3296060,0.0
30/09/2014,10,190000,18.8(-0.53 %),10,190000,0,0,3296050,0.0
01/10/2014,210,3890000,18.8(0.00 %),210,3890000,0,0,3295840,0.0
02/10/2014,1900,35170000,19.3(2.66 %),1900,35170000,0,0,3293940,0.0
03/10/2014,0,0,19.3(0.00 %),0,0,0,0,3293940,0.0
06/10/2014,0,0,19.3(0.00 %),0,0,0,0,3293940,0.0
07/10/2014,0,0,19.3(0.00 %),0,0,0,0,3293940,0.0
08/10/2014,0,0,19.3(0.00 %),0,0,0,0,3293940,0.0
09/10/2014,0,0,19.3(0.00 %),0,0,0,0,3293940,0.0
10/10/2014,430,8383000,20.5(6.22 %),430,8383000,0,0,3293510,0.0
13/10/2014,-90,-1782000,19.8(-3.41 %),0,0,90,1782000,3293600,16.33
14/10/2014,-490,-9687000,19.7(-0.51 %),50,985000,540,10672000,3294090,16.32
15/10/2014,0,0,19.7(0.00 %),0,0,0,0,3294090,16.32
16/10/2014,2720,51960000,19.5(-1.02 %),10120,193300000,7400,141340000,3291370,16.35
17/10/2014,10060,191458000,19.3(-1.03 %),10060,191458000,0,0,3281310,16.45
20/10/2014,5000,94500000,18.8(-2.59 %),5000,94500000,0,0,3276310,16.5
21/10/2014,-6800,-126530000,18.6(-1.06 %),0,0,6800,126530000,3283110,16.43
22/10/2014,-30910,-571235000,18.5(-0.54 %),0,0,30910,571235000,3314020,16.12
23/10/2014,-19240,-355940000,18.5(0.00 %),0,0,19240,355940000,3333260,15.93
24/10/2014,-23190,-428267000,18.5(0.00 %),0,0,23190,428267000,3356450,15.7
27/10/2014,-8700,-156840000,18.2(-1.62 %),0,0,8700,156840000,3365150,15.62
29/10/2014,-1510,-25825000,17.9(-1.65 %),0,0,1510,25825000,3366660,15.6
30/10/2014,-2910,-49278000,16.8(-6.15 %),0,0,2910,49278000,3369570,15.57
31/10/2014,0,0,17.9(6.55 %),0,0,0,0,3369570,15.57
03/11/2014,0,0,18.3(2.23 %),0,0,0,0,3365150,15.62
04/11/2014,0,0,18.3(0.00 %),0,0,0,0,3365150,15.62
05/11/2014,0,0,18.4(0.55 %),0,0,0,0,3365150,15.62
06/11/2014,-380,-6992000,18.4(0.00 %),0,0,380,6992000,3365530,15.61
07/11/2014,0,0,18.4(0.00 %),0,0,0,0,3365530,15.61
10/11/2014,0,0,18.4(0.00 %),0,0,0,0,3365530,15.61
11/11/2014,0,0,18.4(0.00 %),0,0,0,0,3365530,15.61
12/11/2014,0,0,18.5(0.54 %),0,0,0,0,3365530,15.61
13/11/2014,0,0,18.5(0.00 %),0,0,0,0,3365530,15.61
14/11/2014,0,0,18.5(0.00 %),0,0,0,0,3365530,15.61
17/11/2014,0,0,18.5(0.00 %),0,0,0,0,3365530,15.61
18/11/2014,0,0,18.5(0.00 %),0,0,0,0,3365530,15.61
19/11/2014,0,0,18.5(0.00 %),0,0,0,0,3365530,15.61
20/11/2014,0,0,18.6(0.54 %),0,0,0,0,3369950,0.0
21/11/2014,0,0,18.6(0.00 %),0,0,0,0,3369950,0.0
24/11/2014,0,0,18.8(1.08 %),0,0,0,0,3369950,0.0
25/11/2014,0,0,18.5(-1.60 %),0,0,0,0,3369950,0.0
26/11/2014,0,0,18.5(0.00 %),0,0,0,0,3369950,0.0
27/11/2014,0,0,18.6(0.54 %),0,0,0,0,3369950,0.0
28/11/2014,0,0,18.6(0.00 %),0,0,0,0,3369950,0.0
01/12/2014,0,0,18.6(0.00 %),0,0,0,0,3369950,0.0
02/12/2014,0,0,19.6(5.38 %),0,0,0,0,3369950,0.0
03/12/2014,0,0,19.6(0.00 %),0,0,0,0,3369950,0.0
04/12/2014,0,0,19.6(0.00 %),0,0,0,0,3369950,0.0
05/12/2014,0,0,19.6(0.00 %),0,0,0,0,3369950,0.0
08/12/2014,0,0,19.6(0.00 %),0,0,0,0,3369950,0.0
09/12/2014,0,0,19.6(0.00 %),0,0,0,0,3369950,0.0
10/12/2014,0,0,19.6(0.00 %),0,0,0,0,3369950,0.0
11/12/2014,0,0,19.6(0.00 %),0,0,0,0,3369950,0.0
12/12/2014,0,0,19.6(0.00 %),0,0,0,0,3369950,15.57
15/12/2014,0,0,19.6(0.00 %),0,0,0,0,3369950,0.0
16/12/2014,0,0,19.6(0.00 %),0,0,0,0,3369950,0.0
17/12/2014,0,0,19.6(0.00 %),0,0,0,0,3369950,0.0
18/12/2014,0,0,19.6(0.00 %),0,0,0,0,3369950,0.0
19/12/2014,0,0,20(2.04 %),0,0,0,0,3369950,0.0
22/12/2014,0,0,18.6(-7.00 %),0,0,0,0,3369950,15.57
23/12/2014,10,170000,17.3(-6.99 %),10,170000,0,0,3369940,0.0
24/12/2014,0,0,16.8(-2.89 %),0,0,0,0,3369940,0.0
25/12/2014,0,0,16.8(0.00 %),0,0,0,0,3369940,0.0
26/12/2014,0,0,16.1(-4.17 %),0,0,0,0,3369940,15.57
29/12/2014,0,0,16(-0.62 %),0,0,0,0,3369940,15.57
30/12/2014,0,0,16(0.00 %),0,0,0,0,3369940,15.57
31/12/2014,0,0,17.1(6.88 %),0,0,0,0,3369940,15.57
05/01/2015,0,0,16.6(-2.92 %),0,0,0,0,3369940,15.57
06/01/2015,0,0,16.5(-0.60 %),0,0,0,0,3369940,15.57
07/01/2015,0,0,16.7(1.21 %),0,0,0,0,3369940,15.57
08/01/2015,0,0,17(1.80 %),0,0,0,0,3369940,15.57
09/01/2015,0,0,16.5(-2.94 %),0,0,0,0,3369940,15.57
12/01/2015,0,0,16.5(0.00 %),0,0,0,0,3369940,15.57
13/01/2015,0,0,16.5(0.00 %),0,0,0,0,3369940,15.57
14/01/2015,0,0,16.5(0.00 %),0,0,0,0,3369940,15.57
15/01/2015,0,0,16.5(0.00 %),0,0,0,0,3369940,15.57
16/01/2015,-800,-13600000,17(3.03 %),0,0,800,13600000,3370740,15.56
19/01/2015,0,0,16.5(-2.94 %),0,0,0,0,3370740,15.56
20/01/2015,0,0,16.5(0.00 %),0,0,0,0,3370740,15.56
21/01/2015,0,0,17.2(4.24 %),0,0,0,0,3370740,15.56
22/01/2015,0,0,17.9(4.07 %),0,0,0,0,3370740,15.56
23/01/2015,0,0,18.1(1.12 %),0,0,0,0,3370740,15.56
26/01/2015,0,0,18.1(0.00 %),0,0,0,0,3370740,15.56
27/01/2015,0,0,18.1(0.00 %),0,0,0,0,3370740,15.56
28/01/2015,0,0,18.1(0.00 %),0,0,0,0,3370740,15.56
29/01/2015,0,0,18.1(0.00 %),0,0,0,0,3370740,15.56
30/01/2015,0,0,17(-6.08 %),0,0,0,0,3370740,15.56
02/02/2015,0,0,18(5.88 %),0,0,0,0,3370740,15.56
03/02/2015,0,0,18(0.00 %),0,0,0,0,3370740,15.56
04/02/2015,0,0,18(0.00 %),0,0,0,0,3370740,15.56
05/02/2015,0,0,18(0.00 %),0,0,0,0,3370740,15.56
06/02/2015,0,0,18(0.00 %),0,0,0,0,3370740,15.56
09/02/2015,0,0,18(0.00 %),0,0,0,0,3370740,15.56
10/02/2015,0,0,18(0.00 %),0,0,0,0,3370740,15.56
11/02/2015,0,0,18(0.00 %),0,0,0,0,3370740,15.56
12/02/2015,0,0,18(0.00 %),0,0,0,0,3370740,15.56
13/02/2015,0,0,18(0.00 %),0,0,0,0,3370740,15.56
24/02/2015,0,0,18(0.00 %),0,0,0,0,3370740,15.56
25/02/2015,0,0,18.5(2.78 %),0,0,0,0,3370740,15.56
26/02/2015,0,0,17.5(-5.41 %),0,0,0,0,3370740,15.56
27/02/2015,-370,-6660000,18(2.86 %),0,0,370,6660000,3371110,15.56
02/03/2015,0,0,18(0.00 %),0,0,0,0,3370740,15.56
03/03/2015,0,0,18(0.00 %),0,0,0,0,3370740,15.56
04/03/2015,0,0,18(0.00 %),0,0,0,0,3370740,15.56
05/03/2015,0,0,18(0.00 %),0,0,0,0,3370740,15.56
06/03/2015,0,0,18(0.00 %),0,0,0,0,3370740,15.56
09/03/2015,0,0,18(0.00 %),0,0,0,0,3370740,15.56
10/03/2015,-13000,-234400000,18(0.00 %),0,0,13000,234400000,3383740,15.43
11/03/2015,-24520,-441360000,18(0.00 %),0,0,24520,441360000,3408260,15.19
12/03/2015,0,0,18(0.00 %),0,0,0,0,3408260,15.19
13/03/2015,0,0,18(0.00 %),3500,63000000,3500,63000000,3408260,15.19
16/03/2015,-10000,-180000000,18(0.00 %),0,0,10000,180000000,3418260,15.09
17/03/2015,0,0,18(0.00 %),0,0,0,0,3418260,15.09
18/03/2015,-17000,-306200000,18(0.00 %),0,0,17000,306200000,3435260,14.92
19/03/2015,-470,-8460000,18(0.00 %),0,0,470,8460000,3435730,14.92
20/03/2015,0,0,18(0.00 %),0,0,0,0,3435730,14.92
23/03/2015,-9990,-179820000,18(0.00 %),0,0,9990,179820000,3445720,14.82
24/03/2015,-1500,-26250000,17.2(-4.44 %),0,0,1500,26250000,3447220,14.8
25/03/2015,-1500,-26250000,17.2(0.00 %),0,0,1500,26250000,3448720,14.79
26/03/2015,0,0,17.2(0.00 %),0,0,0,0,3448720,14.79
27/03/2015,-20000,-346000000,17.2(0.00 %),0,0,20000,346000000,3468720,14.59
30/03/2015,-15260,-262472000,17.2(0.00 %),0,0,15260,262472000,3483980,14.44
31/03/2015,-3100,-53320000,17.2(0.00 %),0,0,3100,53320000,3487080,14.41
01/04/2015,1500,25050000,17.1(-0.58 %),3000,51300000,1500,26250000,3444590,14.83
02/04/2015,-20000,-342000000,17.1(0.00 %),0,0,20000,342000000,3464590,14.63
03/04/2015,-2850,-48494000,17(-0.58 %),0,0,2850,48494000,3467440,14.6
06/04/2015,0,0,17(0.00 %),0,0,0,0,3467440,14.6
07/04/2015,0,0,17(0.00 %),0,0,0,0,3467440,14.6
08/04/2015,0,0,17(0.00 %),0,0,0,0,3467440,14.6
09/04/2015,0,0,17(0.00 %),0,0,0,0,3467440,14.6
10/04/2015,0,0,17(0.00 %),0,0,0,0,3467440,14.6
13/04/2015,0,0,17(0.00 %),0,0,0,0,3467440,14.6
14/04/2015,-1500,-25050000,16.7(-1.76 %),0,0,1500,25050000,3468940,14.59
15/04/2015,0,0,16.7(0.00 %),0,0,0,0,3468940,14.59
16/04/2015,0,0,16.8(0.60 %),0,0,0,0,3468940,14.59
17/04/2015,0,0,16.8(0.00 %),0,0,0,0,3468940,14.59
20/04/2015,0,0,16.8(0.00 %),0,0,0,0,3468940,14.59
21/04/2015,0,0,17.9(6.55 %),0,0,0,0,3468940,14.59
22/04/2015,0,0,17.9(0.00 %),0,0,0,0,3468940,14.59
23/04/2015,0,0,17.9(0.00 %),0,0,0,0,3468940,14.59
24/04/2015,0,0,17.9(0.00 %),0,0,0,0,3468940,14.59
27/04/2015,0,0,17.9(0.00 %),0,0,0,0,3468940,14.59
04/05/2015,0,0,17.9(0.00 %),0,0,0,0,3508800,14.19
05/05/2015,0,0,17.9(0.00 %),0,0,0,0,3508800,14.19
06/05/2015,0,0,18.9(5.59 %),0,0,0,0,3508800,14.19
07/05/2015,0,0,18.9(0.00 %),0,0,0,0,3508800,14.19
08/05/2015,0,0,18.9(0.00 %),0,0,0,0,3508800,14.19
11/05/2015,0,0,17.6(-6.88 %),0,0,0,0,3508800,14.19
12/05/2015,0,0,17.6(0.00 %),0,0,0,0,3508800,14.19
13/05/2015,0,0,17.6(0.00 %),0,0,0,0,3508800,14.19
14/05/2015,0,0,18.1(2.84 %),0,0,0,0,3508800,14.19
15/05/2015,0,0,18.4(1.66 %),0,0,0,0,3508800,14.19
18/05/2015,-2000,-34600000,18.2(-1.09 %),0,0,2000,34600000,3510800,14.17
19/05/2015,0,0,18.4(1.10 %),0,0,0,0,3510800,14.17
20/05/2015,0,0,18.4(0.00 %),0,0,0,0,3510800,14.17
21/05/2015,0,0,18.3(-0.54 %),0,0,0,0,3510800,14.17
22/05/2015,0,0,18.3(0.00 %),0,0,0,0,3510800,14.17
25/05/2015,0,0,18.3(0.00 %),0,0,0,0,3510800,14.17
26/05/2015,0,0,18.3(0.00 %),0,0,0,0,3510800,14.17
27/05/2015,0,0,18.3(0.00 %),0,0,0,0,3510800,14.17
28/05/2015,0,0,18.3(0.00 %),0,0,0,0,3510800,14.17
29/05/2015,0,0,18.2(-0.55 %),0,0,0,0,3510800,14.17
01/06/2015,0,0,18.2(0.00 %),0,0,0,0,3510800,14.17
02/06/2015,0,0,18(-1.10 %),0,0,0,0,3510800,14.17
03/06/2015,0,0,18.5(2.78 %),0,0,0,0,3510800,14.17
04/06/2015,0,0,18.5(0.00 %),0,0,0,0,3510800,14.17
05/06/2015,0,0,18.5(0.00 %),0,0,0,0,3510800,14.17
08/06/2015,0,0,18.5(0.00 %),0,0,0,0,3510800,14.17
09/06/2015,0,0,18.5(0.00 %),0,0,0,0,3510800,14.17
10/06/2015,0,0,18.5(0.00 %),0,0,0,0,3510800,14.17
11/06/2015,0,0,18.5(0.00 %),0,0,0,0,3510800,14.17
12/06/2015,0,0,18.5(0.00 %),0,0,0,0,3510800,14.17
15/06/2015,0,0,18.5(0.00 %),0,0,0,0,3510800,14.17
16/06/2015,0,0,18.5(0.00 %),0,0,0,0,3510800,14.17
17/06/2015,0,0,18.5(0.00 %),0,0,0,0,3510800,14.17
18/06/2015,0,0,18.5(0.00 %),0,0,0,0,3510800,14.17
19/06/2015,0,0,18.5(0.00 %),0,0,0,0,3510800,14.17
22/06/2015,0,0,18.5(0.00 %),0,0,0,0,3510800,14.17
23/06/2015,0,0,19.1(3.24 %),0,0,0,0,3510800,14.17
24/06/2015,0,0,19.1(0.00 %),0,0,0,0,3510800,14.17
25/06/2015,0,0,17.8(-6.81 %),0,0,0,0,3510800,14.17
26/06/2015,0,0,18.5(3.93 %),0,0,0,0,3510800,14.17
29/06/2015,0,0,18.5(0.00 %),0,0,0,0,3510800,14.17
30/06/2015,0,0,18.5(0.00 %),0,0,0,0,3510800,14.17
01/07/2015,0,0,18.5(0.00 %),0,0,0,0,3510800,14.17
02/07/2015,0,0,18.5(0.00 %),0,0,0,0,3510800,14.17
03/07/2015,0,0,18.5(0.00 %),0,0,0,0,3510800,14.17
06/07/2015,-500,-8698000,18.9(2.16 %),0,0,500,8698000,3511300,14.17
07/07/2015,-1000,-17600000,18.8(-0.53 %),0,0,1000,17600000,3512300,14.16
08/07/2015,0,0,18.8(0.00 %),0,0,0,0,3512300,14.16
09/07/2015,0,0,17.5(-6.91 %),0,0,0,0,3512300,14.16
10/07/2015,0,0,17.5(0.00 %),0,0,0,0,3512300,14.16
13/07/2015,0,0,17.5(0.00 %),0,0,0,0,3512300,14.16
14/07/2015,0,0,17.5(0.00 %),0,0,0,0,3512300,14.16
15/07/2015,-4050,-68850000,17(-2.86 %),0,0,4050,68850000,3516350,14.12
16/07/2015,0,0,17(0.00 %),0,0,0,0,3516350,14.12
17/07/2015,-10000,-172791000,18(5.88 %),0,0,10000,172791000,3526350,14.02
20/07/2015,0,0,19.1(6.11 %),0,0,0,0,3526350,14.02
21/07/2015,0,0,19.1(0.00 %),0,0,0,0,3526350,14.02
22/07/2015,0,0,19.1(0.00 %),0,0,0,0,3526350,14.02
23/07/2015,0,0,19.1(0.00 %),0,0,0,0,3526350,14.02
24/07/2015,0,0,19.1(0.00 %),0,0,0,0,3526350,14.02
27/07/2015,0,0,18.9(-1.05 %),0,0,0,0,3526350,14.02
28/07/2015,0,0,18.9(0.00 %),0,0,0,0,3526350,14.02
29/07/2015,0,0,18.9(0.00 %),0,0,0,0,3526350,14.02
30/07/2015,0,0,18.9(0.00 %),0,0,0,0,3526350,14.02
31/07/2015,0,0,18.9(0.00 %),0,0,0,0,3526350,14.02
03/08/2015,0,0,18.9(0.00 %),0,0,0,0,3526350,14.02
04/08/2015,0,0,18.9(0.00 %),0,0,0,0,3526350,14.02
05/08/2015,0,0,18.9(0.00 %),0,0,0,0,3526350,14.02
06/08/2015,0,0,18(-4.76 %),0,0,0,0,3526350,14.02
07/08/2015,-4210,-71570000,17(-5.56 %),0,0,4210,71570000,3530560,13.97
10/08/2015,0,0,17(0.00 %),0,0,0,0,3530560,13.97
11/08/2015,0,0,17(0.00 %),0,0,0,0,3530560,13.97
12/08/2015,0,0,17(0.00 %),0,0,0,0,3530560,13.97
13/08/2015,0,0,18.1(6.47 %),0,0,0,0,3530560,13.97
14/08/2015,0,0,18.1(0.00 %),0,0,0,0,3530560,13.97
17/08/2015,0,0,18.1(0.00 %),0,0,0,0,3530560,13.97
18/08/2015,0,0,18.1(0.00 %),0,0,0,0,3530560,13.97
19/08/2015,0,0,18.5(2.21 %),0,0,0,0,3530560,13.97
20/08/2015,0,0,18.5(0.00 %),0,0,0,0,3530560,13.97
21/08/2015,0,0,18.5(0.00 %),0,0,0,0,3530560,13.97
24/08/2015,0,0,19.7(6.49 %),0,0,0,0,3530560,13.97
25/08/2015,0,0,18.6(-5.58 %),0,0,0,0,3530560,13.97
26/08/2015,0,0,18.6(0.00 %),0,0,0,0,3530560,13.97
27/08/2015,0,0,18.6(0.00 %),0,0,0,0,3530560,13.97
28/08/2015,0,0,17.3(-6.99 %),0,0,0,0,3530560,13.97
31/08/2015,0,0,17.3(0.00 %),0,0,0,0,3530560,13.97
01/09/2015,0,0,17.3(0.00 %),0,0,0,0,3530560,13.97
03/09/2015,-15010,-258170000,17.3(0.00 %),0,0,15010,258170000,3545570,13.83
04/09/2015,-3740,-64650000,17.2(-0.58 %),2200,37840000,5940,102490000,3549310,13.79
07/09/2015,0,0,16.5(-4.07 %),0,0,0,0,3549310,13.79
08/09/2015,0,0,16.5(0.00 %),0,0,0,0,3549310,13.79
09/09/2015,-11000,-183000000,16.5(0.00 %),0,0,11000,183000000,3560310,13.68
10/09/2015,0,0,16.5(0.00 %),0,0,0,0,3560310,13.68
11/09/2015,-15120,-249600000,17.3(4.85 %),0,0,15120,249600000,3575430,13.53
14/09/2015,-23930,-387070000,16.5(-4.62 %),0,0,23930,387070000,3599360,13.29
15/09/2015,-6400,-105260000,17(3.03 %),0,0,6400,105260000,3605760,13.23
16/09/2015,-10440,-177480000,17.4(2.35 %),0,0,10440,177480000,3616200,13.12
17/09/2015,0,0,17.4(0.00 %),0,0,0,0,3616200,13.12
18/09/2015,0,0,18(3.45 %),0,0,0,0,3616200,13.12
21/09/2015,0,0,18.8(4.44 %),0,0,0,0,3616200,13.12
22/09/2015,0,0,19.7(4.79 %),0,0,0,0,3616200,13.12
23/09/2015,0,0,20.1(2.03 %),0,0,0,0,3616200,13.12
24/09/2015,-400,-8040000,19.9(-1.00 %),0,0,400,8040000,3616600,13.12
25/09/2015,0,0,20(0.50 %),0,0,0,0,3616600,13.12
28/09/2015,0,0,14.9(1.92 %),0,0,0,0,3616600,13.12
29/09/2015,0,0,14.5(-2.68 %),0,0,0,0,3616600,13.12
30/09/2015,0,0,15.2(4.83 %),0,0,0,0,3616600,13.12
01/10/2015,0,0,15(-1.32 %),0,0,0,0,3616600,13.12
02/10/2015,0,0,14.5(-3.33 %),0,0,0,0,3616600,13.12
05/10/2015,0,0,15(3.45 %),0,0,0,0,3616600,13.12
06/10/2015,0,0,15(0.00 %),0,0,0,0,3616600,13.12
07/10/2015,0,0,14.8(-1.33 %),0,0,0,0,3616600,13.12
08/10/2015,0,0,14.8(0.00 %),0,0,0,0,3616600,13.12
09/10/2015,0,0,13.8(-6.76 %),0,0,0,0,3616600,13.12
12/10/2015,0,0,14.7(6.52 %),0,0,0,0,3616600,13.12
13/10/2015,0,0,14.7(0.00 %),0,0,0,0,3616600,13.12
14/10/2015,0,0,13.9(-5.44 %),0,0,0,0,3616600,13.12
15/10/2015,0,0,14.5(4.32 %),0,0,0,0,3616600,13.12
16/10/2015,200,2880000,14.6(0.69 %),200,2880000,0,0,3616400,13.12
19/10/2015,0,0,14.6(0.00 %),0,0,0,0,3616400,13.12
20/10/2015,0,0,14.3(-2.05 %),0,0,0,0,3616400,13.12
21/10/2015,0,0,14.6(2.10 %),0,0,0,0,3616400,13.12
22/10/2015,0,0,14.6(0.00 %),0,0,0,0,3616400,13.12
23/10/2015,0,0,14.5(-0.68 %),0,0,0,0,3616400,13.12
26/10/2015,0,0,14.5(0.00 %),0,0,0,0,3616400,13.12
27/10/2015,0,0,14.2(-2.07 %),0,0,0,0,3616400,13.12
28/10/2015,0,0,14.2(0.00 %),0,0,0,0,3616400,13.12
29/10/2015,0,0,14.2(0.00 %),0,0,0,0,3616400,13.12
30/10/2015,0,0,14.5(2.11 %),0,0,0,0,3616400,13.12
02/11/2015,0,0,13.8(-4.83 %),0,0,0,0,3616400,13.12
03/11/2015,0,0,14.4(4.35 %),0,0,0,0,3616400,21.4
04/11/2015,1000,14400000,14.5(0.69 %),1000,14400000,0,0,3615400,21.41
05/11/2015,1000,14000000,13.7(-5.52 %),1000,14000000,0,0,3614400,21.42
06/11/2015,0,0,14(2.19 %),0,0,0,0,3614400,21.42
09/11/2015,0,0,13.9(-0.71 %),0,0,0,0,3614400,21.42
10/11/2015,0,0,13.4(-3.60 %),0,0,0,0,3614400,21.42
11/11/2015,40,530000,13.5(0.75 %),40,530000,0,0,3614360,21.42
12/11/2015,1000,13000000,13.7(1.48 %),1000,13000000,0,0,3613360,21.43
13/11/2015,960,13430000,14.2(3.65 %),960,13430000,0,0,3612400,21.43
16/11/2015,0,0,13.8(-2.82 %),0,0,0,0,3612400,21.43
17/11/2015,0,0,13.9(0.72 %),0,0,0,0,3612400,21.43
18/11/2015,750,10040000,13.9(0.00 %),750,10040000,0,0,3611650,21.44
19/11/2015,0,0,14(0.72 %),0,0,0,0,3611650,21.44
20/11/2015,250,3530000,14.2(1.43 %),250,3530000,0,0,3611400,21.44
23/11/2015,-4750,-64910000,13.7(-3.52 %),0,0,4750,64910000,3616150,21.4
24/11/2015,0,0,14.3(4.38 %),0,0,0,0,4696383,13.16
25/11/2015,-250,-3410000,14.2(-0.70 %),0,0,250,3410000,4696383,13.16
26/11/2015,0,0,14(-1.41 %),0,0,0,0,4696383,13.16
27/11/2015,0,0,14(0.00 %),0,0,0,0,4696383,13.16
30/11/2015,0,0,14(0.00 %),0,0,0,0,4701133,13.12
01/12/2015,0,0,14.1(0.71 %),0,0,0,0,4701383,13.12
02/12/2015,0,0,14.3(1.42 %),0,0,0,0,4701383,13.12
03/12/2015,0,0,14(-2.10 %),0,0,0,0,4701383,13.12
04/12/2015,0,0,14(0.00 %),0,0,0,0,4701383,13.12
07/12/2015,0,0,14.1(0.71 %),0,0,0,0,4701383,13.12
08/12/2015,0,0,14.2(0.71 %),0,0,0,0,4701383,13.12
09/12/2015,0,0,14.2(0.00 %),0,0,0,0,4701383,13.12
10/12/2015,0,0,14.2(0.00 %),0,0,0,0,4701383,13.12
11/12/2015,0,0,14.2(0.00 %),0,0,0,0,4701383,13.12
14/12/2015,0,0,14.1(-0.70 %),0,0,0,0,4701383,13.12
15/12/2015,0,0,14.6(3.55 %),0,0,0,0,4701383,13.12
16/12/2015,0,0,14.8(1.37 %),0,0,0,0,4701383,13.12
17/12/2015,0,0,14.4(-2.70 %),0,0,0,0,4701383,13.12
18/12/2015,0,0,15.4(6.94 %),0,0,0,0,4701383,13.12
21/12/2015,4150,59760000,15.6(1.30 %),4150,59760000,0,0,4697233,13.15
22/12/2015,0,0,15.6(0.00 %),0,0,0,0,4697233,13.15
23/12/2015,0,0,16.5(5.77 %),0,0,0,0,4697233,13.15
24/12/2015,0,0,16.5(0.00 %),0,0,0,0,4697233,13.15
25/12/2015,0,0,15.4(-6.67 %),0,0,0,0,4697233,13.15
28/12/2015,0,0,14.5(-5.84 %),0,0,0,0,4697233,13.15
29/12/2015,0,0,14.4(-0.69 %),0,0,0,0,4697233,13.15
30/12/2015,0,0,14.5(0.69 %),0,0,0,0,4697233,13.15
31/12/2015,100,1460000,14.6(0.69 %),100,1460000,0,0,4697133,13.15
04/01/2016,0,0,14.6(0.00 %),0,0,0,0,4697133,13.15
05/01/2016,0,0,14.4(-1.37 %),0,0,0,0,4697133,13.15
06/01/2016,-100,-1350000,14.8(2.78 %),0,0,100,1350000,4697133,13.15
07/01/2016,0,0,14(-5.41 %),0,0,0,0,4697133,13.15
08/01/2016,0,0,14.3(2.14 %),0,0,0,0,4697133,13.15
11/01/2016,600,8100000,14.7(2.80 %),600,8100000,0,0,4696633,13.16
12/01/2016,0,0,14.7(0.00 %),0,0,0,0,4696633,13.16
13/01/2016,0,0,14.7(0.00 %),0,0,0,0,4696633,13.16
14/01/2016,0,0,14.7(0.00 %),0,0,0,0,4696633,13.16
15/01/2016,1740,24010000,15.2(3.40 %),1740,24010000,0,0,4694893,13.17
18/01/2016,0,0,15.2(0.00 %),0,0,0,0,4694893,13.17
19/01/2016,0,0,14.5(-4.61 %),0,0,0,0,4694893,13.17
20/01/2016,0,0,14.5(0.00 %),0,0,0,0,4694893,13.17
21/01/2016,0,0,14.5(0.00 %),0,0,0,0,4694893,13.17
22/01/2016,0,0,14.9(2.76 %),0,0,0,0,4694893,13.17
25/01/2016,0,0,15.2(2.01 %),0,0,0,0,4694893,13.17
26/01/2016,0,0,15.2(0.00 %),0,0,0,0,4694893,13.17
27/01/2016,0,0,15.2(0.00 %),0,0,0,0,4694893,13.17
28/01/2016,0,0,16(5.26 %),0,0,0,0,4694893,13.17
29/01/2016,0,0,16(0.00 %),0,0,0,0,4694893,13.17
01/02/2016,0,0,14.9(-6.88 %),0,0,0,0,4694893,13.17
02/02/2016,0,0,14.4(-3.36 %),0,0,0,0,4694893,13.17
03/02/2016,0,0,14.4(0.00 %),0,0,0,0,4694893,13.17
04/02/2016,0,0,15.4(6.94 %),0,0,0,0,4694893,13.17
05/02/2016,0,0,15.5(0.65 %),0,0,0,0,4694893,13.17
15/02/2016,0,0,15.5(0.00 %),0,0,0,0,4694893,13.17
16/02/2016,0,0,15.5(0.00 %),0,0,0,0,4694893,13.17
17/02/2016,0,0,15.5(0.00 %),0,0,0,0,4694893,13.17
18/02/2016,0,0,15.5(0.00 %),0,0,0,0,4694893,13.17
19/02/2016,0,0,16.1(3.87 %),0,0,0,0,4694893,13.17
22/02/2016,0,0,16.1(0.00 %),0,0,0,0,4694893,13.17
23/02/2016,0,0,16.1(0.00 %),0,0,0,0,4694893,13.17
24/02/2016,0,0,16.1(0.00 %),0,0,0,0,4694893,13.17
25/02/2016,0,0,16.1(0.00 %),0,0,0,0,4694893,13.17
26/02/2016,0,0,16.1(0.00 %),0,0,0,0,4694893,13.17
29/02/2016,1850,27940000,15.1(-6.21 %),1850,27940000,0,0,4693043,13.19
01/03/2016,0,0,15.3(1.32 %),0,0,0,0,4693043,13.19
02/03/2016,5220,79900000,15.4(0.65 %),5220,79900000,0,0,4687823,13.23
03/03/2016,380,5850000,15.9(3.25 %),380,5850000,0,0,4687443,13.23
04/03/2016,0,0,16(0.63 %),0,0,0,0,4687443,13.23
07/03/2016,0,0,16(0.00 %),0,0,0,0,4687443,13.23
08/03/2016,730,11180000,15.3(-4.38 %),730,11180000,0,0,4686713,13.23
09/03/2016,30,460000,15.3(0.00 %),30,460000,0,0,4686683,13.23
10/03/2016,0,0,16(4.58 %),0,0,0,0,4686683,13.23
11/03/2016,0,0,15.5(-3.12 %),0,0,0,0,4686683,13.23
14/03/2016,40,640000,15.9(2.58 %),40,640000,0,0,4686643,13.24
15/03/2016,0,0,15.8(-0.63 %),0,0,0,0,4686643,13.24
16/03/2016,-10,-160000,16(1.27 %),0,0,10,160000,4686643,13.24
17/03/2016,0,0,16(0.00 %),0,0,0,0,4686643,13.24
18/03/2016,10000,159000000,15.9(-0.62 %),10000,159000000,0,0,4676643,13.31
21/03/2016,0,0,16(0.63 %),0,0,0,0,4676653,13.31
22/03/2016,-20,-310000,15.3(-4.38 %),0,0,20,310000,4676653,13.31
23/03/2016,0,0,15.9(3.92 %),0,0,0,0,4676653,13.31
24/03/2016,0,0,15.6(-1.89 %),0,0,0,0,4676653,13.31
25/03/2016,4000,61600000,15.6(0.00 %),4000,61600000,0,0,4672673,13.34
28/03/2016,0,0,15.8(1.28 %),0,0,0,0,4672673,13.34
29/03/2016,10,160000,15.5(-1.90 %),10,160000,0,0,4672663,13.34
30/03/2016,8540,132760000,15.6(0.65 %),8540,132760000,0,0,4664123,13.41
31/03/2016,400,6220000,15.8(1.28 %),500,7800000,100,1580000,4663623,13.41
01/04/2016,1000,15440000,15.4(-2.53 %),1000,15440000,0,0,4662623,13.42
04/04/2016,5300,82100000,15.5(0.65 %),5300,82100000,0,0,4657323,13.46
05/04/2016,0,0,15.5(0.00 %),0,0,0,0,4657423,13.46
06/04/2016,40,620000,16.2(4.52 %),70,1110000,30,490000,4657353,13.46
07/04/2016,20,330000,17.1(5.56 %),20,330000,0,0,4657333,13.46
08/04/2016,60,970000,17(-0.58 %),60,970000,0,0,4657273,13.46
11/04/2016,0,0,17(0.00 %),0,0,0,0,4657303,13.46
12/04/2016,800,12800000,16(-5.88 %),800,12800000,0,0,4656503,13.47
13/04/2016,0,0,17.1(6.88 %),0,0,0,0,4656503,13.47
14/04/2016,400,6560000,16.4(-4.09 %),400,6560000,0,0,4656103,13.47
15/04/2016,0,0,16.4(0.00 %),0,0,0,0,4656103,13.47
19/04/2016,0,0,16(-2.44 %),0,0,0,0,4656103,13.47
20/04/2016,0,0,16(0.00 %),0,0,0,0,4656103,13.47
21/04/2016,0,0,16(0.00 %),0,0,0,0,4656103,13.47
22/04/2016,0,0,16.7(4.38 %),0,0,0,0,4656103,13.47
25/04/2016,0,0,17.3(3.59 %),0,0,0,0,4656103,13.47
26/04/2016,4530,72940000,16.1(-6.94 %),4530,72940000,0,0,4651573,13.5
27/04/2016,0,0,15.8(-1.86 %),0,0,0,0,4651573,13.5
28/04/2016,0,0,15.5(-1.90 %),0,0,0,0,4651573,13.5
29/04/2016,0,0,16.1(3.87 %),0,0,0,0,4651573,13.5
04/05/2016,2340,35600000,15.5(-3.73 %),2340,35600000,0,0,4649233,13.52
05/05/2016,-480,-7490000,15.6(0.65 %),0,0,480,7490000,4649233,13.52
06/05/2016,50,790000,16.4(5.13 %),50,790000,0,0,4649183,13.52
09/05/2016,-20,-310000,15.6(-4.88 %),0,0,20,310000,4649183,13.52
10/05/2016,70,1090000,15.5(-0.64 %),70,1090000,0,0,4649593,13.52
11/05/2016,0,0,16.4(5.81 %),0,0,0,0,4649593,13.52
12/05/2016,10,170000,16.6(1.22 %),10,170000,0,0,4649604,13.52
13/05/2016,0,0,16.2(-2.41 %),0,0,0,0,4649604,13.52
16/05/2016,0,0,16(-1.23 %),0,0,0,0,4649604,13.52
17/05/2016,0,0,16(0.00 %),0,0,0,0,4649604,13.52
18/05/2016,0,0,16(0.00 %),0,0,0,0,4649604,13.52
19/05/2016,0,0,16(0.00 %),0,0,0,0,4649604,13.52
20/05/2016,0,0,15.6(-2.50 %),0,0,0,0,4649604,13.52
23/05/2016,0,0,15.6(0.00 %),0,0,0,0,4649604,13.52
24/05/2016,0,0,15.6(0.00 %),0,0,0,0,4649604,13.52
25/05/2016,0,0,15.8(1.28 %),0,0,0,0,4649604,13.52
26/05/2016,0,0,15.9(0.63 %),0,0,0,0,4649604,13.52
27/05/2016,0,0,15.9(0.00 %),0,0,0,0,4649604,13.52
30/05/2016,-4540,-73284000,15.9(0.00 %),1220,18300000,5760,91584000,4654144,13.48
31/05/2016,-4240,-67416000,15.9(0.00 %),0,0,4240,67416000,4658384,13.45
01/06/2016,-2000,-32000000,16(0.63 %),0,0,2000,32000000,4648384,13.53
02/06/2016,-340,-5440000,16.1(0.62 %),0,0,340,5440000,4648724,13.52
03/06/2016,0,0,16.6(3.11 %),0,0,0,0,4658384,13.45
06/06/2016,0,0,16(-3.61 %),0,0,0,0,4660384,13.44
07/06/2016,2500,39500000,16(0.00 %),2500,39500000,0,0,4658224,13.45
08/06/2016,0,0,15.9(-0.62 %),0,0,0,0,4658224,13.45
09/06/2016,0,0,15.9(0.00 %),0,0,0,0,4658224,13.45
10/06/2016,0,0,15.9(0.00 %),0,0,0,0,4658224,13.45
13/06/2016,0,0,16.2(1.89 %),0,0,0,0,4658224,13.45
14/06/2016,0,0,16.1(-0.62 %),0,0,0,0,4658224,13.45
15/06/2016,0,0,16.1(0.00 %),0,0,0,0,4658224,13.45
16/06/2016,-480,-7730000,16.5(2.48 %),0,0,480,7730000,4658224,13.45
17/06/2016,0,0,16(-3.03 %),0,0,0,0,4658224,13.45
20/06/2016,0,0,16.3(1.88 %),0,0,0,0,4658224,13.45
21/06/2016,0,0,16.4(0.61 %),0,0,0,0,4658704,13.45
22/06/2016,0,0,16.5(0.61 %),0,0,0,0,4658704,13.45
23/06/2016,7470,121010000,17(3.03 %),7470,121010000,0,0,4651234,13.51
24/06/2016,22200,359420000,17.2(1.18 %),22200,359420000,0,0,4629034,13.67
27/06/2016,1000,16200000,16.7(-2.91 %),1000,16200000,0,0,4628034,13.68
28/06/2016,0,0,16.8(0.60 %),0,0,0,0,4628034,13.68
29/06/2016,0,0,16.8(0.00 %),0,0,0,0,4628034,13.68
30/06/2016,0,0,17(1.19 %),0,0,0,0,4628034,13.68
01/07/2016,0,0,17(0.00 %),0,0,0,0,4628034,13.68
04/07/2016,0,0,16.8(-1.18 %),0,0,0,0,4628034,13.68
05/07/2016,0,0,17(1.19 %),0,0,0,0,4628034,13.68
06/07/2016,0,0,17(0.00 %),0,0,0,0,4628034,13.68
07/07/2016,0,0,16.5(-2.94 %),0,0,0,0,4628034,13.68
08/07/2016,0,0,17.2(4.24 %),0,0,0,0,4628034,13.68
11/07/2016,0,0,17.2(0.00 %),0,0,0,0,4628034,13.68
12/07/2016,0,0,17.2(0.00 %),0,0,0,0,4628034,13.68
13/07/2016,0,0,17.2(0.00 %),0,0,0,0,4628034,13.68
14/07/2016,0,0,17.2(0.00 %),0,0,0,0,4628034,13.68
15/07/2016,2000,32400000,16.8(-2.33 %),2000,32400000,0,0,4626034,13.7
18/07/2016,620,10040000,17.1(1.79 %),620,10040000,0,0,4625414,13.7
19/07/2016,0,0,17.1(0.00 %),0,0,0,0,4625414,13.7
20/07/2016,60,980000,17.2(0.58 %),80,1320000,20,340000,4625334,13.7
21/07/2016,13010,220380000,17(-1.16 %),13010,220380000,0,0,4612324,13.8
22/07/2016,19910,347870000,18(5.88 %),19910,347870000,0,0,4592414,13.95
25/07/2016,0,0,18.2(1.11 %),0,0,0,0,4592434,13.95
26/07/2016,9040,158100000,19.3(6.04 %),9040,158100000,0,0,4583394,14.02
27/07/2016,170,3430000,20.5(6.22 %),170,3430000,0,0,4583224,14.02
28/07/2016,20,380000,19.1(-6.83 %),20,380000,0,0,4583204,14.02
29/07/2016,110,2200000,20(4.71 %),110,2200000,0,0,4583094,14.03
01/08/2016,10,200000,20(0.00 %),10,200000,0,0,4583084,14.03
02/08/2016,1790,35830000,20.9(4.50 %),1790,35830000,0,0,4581294,14.04
03/08/2016,20,420000,20(-4.31 %),20,420000,0,0,4581274,14.04
04/08/2016,10,200000,20.4(2.00 %),10,200000,0,0,4581264,14.04
05/08/2016,10,200000,20(-1.96 %),10,200000,0,0,4581254,14.04
08/08/2016,10,210000,21(5.00 %),10,210000,0,0,4581244,14.04
09/08/2016,30,590000,19.7(-6.19 %),30,590000,0,0,4581214,14.04
10/08/2016,50,1010000,20.2(2.54 %),50,1010000,0,0,4581164,14.04
11/08/2016,10,210000,20.2(0.00 %),10,210000,0,0,4581154,14.04
12/08/2016,0,0,20.2(0.00 %),0,0,0,0,4581154,14.04
15/08/2016,0,0,20.5(1.49 %),0,0,0,0,4581154,14.04
16/08/2016,0,0,20.5(0.00 %),0,0,0,0,4581154,14.04
17/08/2016,0,0,20.8(1.46 %),0,0,0,0,4581154,14.04
18/08/2016,40,800000,20(-3.85 %),40,800000,0,0,4581114,14.04
19/08/2016,30,620000,20.6(3.00 %),30,620000,0,0,4581084,14.04
22/08/2016,160,3300000,21.2(2.91 %),160,3300000,0,0,4580924,14.04
23/08/2016,30,610000,19.8(-6.60 %),30,610000,0,0,4580894,14.04
24/08/2016,10,210000,18.8(-5.05 %),10,210000,0,0,4580884,14.04
25/08/2016,0,0,18.2(-3.19 %),0,0,0,0,4580884,14.04
26/08/2016,80,1540000,19.2(5.49 %),80,1540000,0,0,4580807,14.04
29/08/2016,30,590000,19.5(1.56 %),30,590000,0,0,4580777,14.04
30/08/2016,120,2280000,19.4(-0.51 %),120,2280000,0,0,4580657,14.04
31/08/2016,90,1740000,19.1(-1.55 %),90,1740000,0,0,4580567,14.04
01/09/2016,50,980000,19.5(2.09 %),50,980000,0,0,4580517,14.04
05/09/2016,30,590000,19.6(0.51 %),30,590000,0,0,4580487,14.05
06/09/2016,30,600000,19.7(0.51 %),30,600000,0,0,4580457,14.05
07/09/2016,20,390000,19.7(0.00 %),20,390000,0,0,4580437,14.05
08/09/2016,20,410000,19(-3.55 %),20,410000,0,0,4580417,14.05
09/09/2016,30,600000,20(5.26 %),30,600000,0,0,4580387,14.05
12/09/2016,20,400000,19.9(-0.50 %),20,400000,0,0,4580367,14.05
13/09/2016,0,0,19.9(0.00 %),0,0,0,0,4580367,14.05
14/09/2016,30,590000,19.8(4.76 %),30,590000,0,0,4580337,14.05
15/09/2016,40,790000,19.7(-0.51 %),40,790000,0,0,4580297,14.05
16/09/2016,30,600000,20(1.52 %),30,600000,0,0,4580267,14.05
19/09/2016,20,400000,20(0.00 %),20,400000,0,0,4580247,14.05
20/09/2016,0,0,20(0.00 %),0,0,0,0,4580247,14.05
21/09/2016,0,0,20(0.00 %),0,0,0,0,4580247,14.05
22/09/2016,0,0,20(0.00 %),0,0,0,0,4580248,14.05
23/09/2016,0,0,20(0.00 %),0,0,0,0,4580248,14.05
26/09/2016,10,200000,20(0.00 %),10,200000,0,0,4580238,14.05
27/09/2016,20,390000,19.65(-1.75 %),20,390000,0,0,4580218,14.05
28/09/2016,0,0,19.65(0.00 %),0,0,0,0,4580218,14.05
29/09/2016,0,0,19.65(0.00 %),0,0,0,0,4580218,14.05
30/09/2016,60,1190000,19.85(1.02 %),60,1190000,0,0,4580158,14.05
03/10/2016,20,400000,19.85(0.00 %),20,400000,0,0,4580138,14.05
04/10/2016,1750,33610000,20(0.76 %),1750,33610000,0,0,4578388,14.06
05/10/2016,10,210000,20.7(3.50 %),10,210000,0,0,4578378,14.06
06/10/2016,30,620000,20.7(0.00 %),30,620000,0,0,4578348,14.06
07/10/2016,0,0,20.7(0.00 %),0,0,0,0,4578348,14.06
10/10/2016,10,210000,20.9(0.97 %),10,210000,0,0,4578338,14.06
11/10/2016,0,0,20.9(0.00 %),0,0,0,0,4578338,14.06
12/10/2016,0,0,20.9(0.00 %),0,0,0,0,4578338,14.06
13/10/2016,0,0,19.7(-5.74 %),0,0,0,0,4578338,14.06
14/10/2016,0,0,19.7(0.00 %),0,0,0,0,4578338,14.06
17/10/2016,20,400000,19.7(0.00 %),20,400000,0,0,4578318,14.06
18/10/2016,10,200000,20.3(3.05 %),10,200000,0,0,4578308,14.06
19/10/2016,0,0,19(-6.40 %),0,0,0,0,4578308,14.06
20/10/2016,40,770000,19.1(0.53 %),40,770000,0,0,4578268,14.06
21/10/2016,10,180000,18.3(-4.19 %),10,180000,0,0,4578258,14.06
24/10/2016,10,180000,18(-1.64 %),10,180000,0,0,4578248,14.06
25/10/2016,0,0,17.9(-0.56 %),0,0,0,0,4578248,14.06
26/10/2016,0,0,17.5(-2.23 %),0,0,0,0,4578248,14.06
27/10/2016,0,0,17.5(0.00 %),0,0,0,0,4578248,14.06
28/10/2016,0,0,17.4(-0.57 %),0,0,0,0,4578248,14.06
31/10/2016,450,7880000,17.5(0.57 %),450,7880000,0,0,4577798,14.07
01/11/2016,40,740000,18.6(6.29 %),40,740000,0,0,4577758,14.07
02/11/2016,0,0,19(2.15 %),0,0,0,0,4577758,14.07
03/11/2016,30,570000,19(0.00 %),30,570000,0,0,4577728,14.07
04/11/2016,0,0,17.7(-6.84 %),0,0,0,0,4577728,14.07
07/11/2016,30,540000,18.15(2.54 %),30,540000,0,0,4577698,14.07
08/11/2016,0,0,17.9(-1.38 %),0,0,0,0,4577698,14.07
09/11/2016,20,350000,17.7(-1.12 %),20,350000,0,0,4577678,14.07
10/11/2016,20,370000,18(1.69 %),20,370000,0,0,4577658,14.07
11/11/2016,180,3050000,16.75(-6.94 %),180,3050000,0,0,4577478,14.07
14/11/2016,-15980,-263640000,17.85(6.57 %),20,360000,16000,264000000,4577458,14.07
15/11/2016,0,0,17.9(0.28 %),0,0,0,0,4577458,14.07
16/11/2016,0,0,17.7(-1.12 %),0,0,0,0,4577458,14.07
17/11/2016,330,5780000,17.5(-1.13 %),330,5780000,0,0,4593128,13.95
18/11/2016,50,880000,17.6(0.57 %),50,880000,0,0,4593078,13.95
21/11/2016,20,350000,17.5(-0.57 %),20,350000,0,0,4593058,13.95
22/11/2016,0,0,17.3(-1.14 %),0,0,0,0,4593058,13.95
23/11/2016,0,0,17.3(0.00 %),0,0,0,0,4593058,13.95
24/11/2016,4970,82520000,17.4(0.58 %),4970,82520000,0,0,4588088,13.99
25/11/2016,2030,34930000,17.5(0.57 %),2030,34930000,0,0,4586058,14.0
28/11/2016,1540,26950000,17.3(-1.14 %),1540,26950000,0,0,4584518,14.01
29/11/2016,-70,-1180000,17.3(0.00 %),30,530000,100,1710000,4584488,14.01
30/11/2016,10,180000,17.9(3.47 %),10,180000,0,0,4584478,14.01
01/12/2016,0,0,17.9(0.00 %),0,0,0,0,4584478,14.01
02/12/2016,10,170000,17.2(-3.91 %),10,170000,0,0,4584568,14.01
05/12/2016,30,520000,17.1(-0.58 %),30,520000,0,0,4584538,14.01
06/12/2016,660,11810000,17.9(4.68 %),660,11810000,0,0,4583878,14.02
07/12/2016,20,340000,17.1(-4.47 %),20,340000,0,0,4583858,14.02
08/12/2016,-580,-9120000,16.8(-1.75 %),850,13690000,1430,22810000,4583008,14.03
09/12/2016,0,0,16.8(0.00 %),0,0,0,0,4583008,14.03
12/12/2016,-110,-1670000,17.25(2.68 %),30,520000,140,2190000,4582978,14.03
13/12/2016,60,1020000,16.05(-6.96 %),60,1020000,0,0,4584348,14.02
14/12/2016,20,340000,15.15(-5.61 %),20,340000,0,0,4584328,14.02
15/12/2016,90,1460000,16.1(6.27 %),100,1610000,10,150000,4584368,14.02
16/12/2016,30,500000,16.8(4.35 %),30,500000,0,0,4584301,14.02
19/12/2016,50,820000,17.8(5.95 %),50,820000,0,0,4584288,14.02
20/12/2016,20,330000,16.6(-6.74 %),20,330000,0,0,4584281,14.02
21/12/2016,20,320000,15.45(-6.93 %),20,320000,0,0,4584261,14.02
22/12/2016,30,450000,15(-2.91 %),30,450000,0,0,4584231,14.02
23/12/2016,30,430000,14(-6.67 %),30,430000,0,0,4584201,14.02
26/12/2016,10,150000,14(0.00 %),10,150000,0,0,4584091,14.02
27/12/2016,90,1250000,14.9(6.43 %),90,1250000,0,0,4584091,14.02
28/12/2016,10,160000,15.85(6.38 %),10,160000,0,0,4584091,14.02
29/12/2016,0,0,15.95(0.63 %),0,0,0,0,4584091,14.02
30/12/2016,1230,18560000,16(0.31 %),1230,18560000,0,0,4582861,14.03
03/01/2017,30,470000,15.8(-1.25 %),30,470000,0,0,4582831,14.03
04/01/2017,40,630000,15.8(0.00 %),40,630000,0,0,4582791,14.03
05/01/2017,10,160000,15.6(-1.27 %),10,160000,0,0,4582781,14.03
06/01/2017,20,320000,15.75(0.96 %),20,320000,0,0,4582761,14.03
09/01/2017,10,160000,15.85(0.63 %),10,160000,0,0,4582751,14.03
10/01/2017,0,0,15.85(0.00 %),0,0,0,0,4582751,14.03
11/01/2017,0,0,15.8(-0.32 %),0,0,0,0,4582751,14.03
12/01/2017,10,160000,15.85(0.32 %),10,160000,0,0,4582741,14.03
13/01/2017,30,470000,15.75(-0.63 %),30,470000,0,0,4582711,14.03
16/01/2017,0,0,15.75(0.00 %),0,0,0,0,4582711,14.03
17/01/2017,10,160000,15.75(0.00 %),10,160000,0,0,4582701,14.03
18/01/2017,0,0,15.75(0.00 %),0,0,0,0,4582701,14.03
19/01/2017,0,0,15.8(0.32 %),0,0,0,0,4582700,14.03
20/01/2017,0,0,15.3(-3.16 %),0,0,0,0,4582700,14.03
23/01/2017,10,160000,15.8(3.27 %),10,160000,0,0,4582690,14.03
24/01/2017,210,3300000,16(1.27 %),210,3300000,0,0,4582480,14.03
25/01/2017,10,160000,15.8(-1.25 %),10,160000,0,0,4582470,14.03
02/02/2017,10,170000,16.9(6.96 %),10,170000,0,0,4582460,14.03
03/02/2017,20,350000,15.8(-6.51 %),20,350000,0,0,4582440,14.03
06/02/2017,40,660000,16.9(6.96 %),40,660000,0,0,4582400,14.03
07/02/2017,0,0,16(-5.33 %),0,0,0,0,4582400,14.03
08/02/2017,30,500000,16.5(3.12 %),30,500000,0,0,4582370,14.03
09/02/2017,0,0,16.7(1.21 %),0,0,0,0,4582370,14.03
10/02/2017,60,1000000,16.7(0.00 %),60,1000000,0,0,4582310,14.03
13/02/2017,10,160000,15.65(-6.29 %),10,160000,0,0,4582300,14.03
14/02/2017,70,1130000,16.2(3.51 %),70,1130000,0,0,4582230,14.03
15/02/2017,0,0,16.25(0.31 %),0,0,0,0,4582230,14.03
16/02/2017,30,490000,16.25(0.00 %),30,490000,0,0,4582200,14.03
17/02/2017,0,0,16.25(0.00 %),0,0,0,0,4582200,14.03
20/02/2017,0,0,16.25(0.00 %),0,0,0,0,4582200,14.03
21/02/2017,0,0,16(-1.54 %),0,0,0,0,4582200,14.03
22/02/2017,10,160000,15.95(-0.31 %),10,160000,0,0,4582190,14.03
23/02/2017,40,640000,16.4(2.82 %),40,640000,0,0,4582150,14.03
24/02/2017,0,0,15.5(-5.49 %),0,0,0,0,4582150,14.03
27/02/2017,0,0,16(3.23 %),0,0,0,0,4582130,14.03
28/02/2017,10,160000,15.95(-0.31 %),10,160000,0,0,4582140,14.03
01/03/2017,10,160000,16(0.31 %),10,160000,0,0,4582130,14.03
02/03/2017,0,0,16(0.00 %),0,0,0,0,4582130,14.03
03/03/2017,30,490000,16.35(2.19 %),30,490000,0,0,4582100,14.03
06/03/2017,0,0,16.35(0.00 %),0,0,0,0,4582100,14.03
07/03/2017,0,0,16.35(0.00 %),0,0,0,0,4582100,14.03
08/03/2017,0,0,16.35(0.00 %),0,0,0,0,4582100,14.03
09/03/2017,-20,-290000,16(-2.14 %),20,320000,40,610000,4582080,14.03
10/03/2017,10,160000,16.15(0.94 %),10,160000,0,0,4582070,14.03
13/03/2017,10,160000,16.2(0.31 %),10,160000,0,0,4582060,14.03
14/03/2017,0,0,16.15(-0.31 %),0,0,0,0,4582100,14.03
15/03/2017,0,0,16.15(0.00 %),0,0,0,0,4582100,14.03
16/03/2017,10,160000,15.9(-1.55 %),10,160000,0,0,4582090,14.03
17/03/2017,10,160000,15.5(-2.52 %),10,160000,0,0,4582090,14.03
20/03/2017,10,160000,16.2(4.52 %),10,160000,0,0,4582090,14.03
21/03/2017,10,160000,16.2(0.00 %),10,160000,0,0,4582090,14.03
22/03/2017,10,160000,16(-1.23 %),10,160000,0,0,4582090,14.03
23/03/2017,40,650000,16.15(0.94 %),40,650000,0,0,4582090,14.03
24/03/2017,120,1890000,16.2(0.31 %),120,1890000,0,0,4582090,14.03
27/03/2017,0,0,16.2(0.00 %),0,0,0,0,4582090,14.03
28/03/2017,20,320000,16.2(0.00 %),20,320000,0,0,4582090,14.03
29/03/2017,60,960000,16.2(0.00 %),60,960000,0,0,4582090,14.03
30/03/2017,20,320000,16(-1.23 %),20,320000,0,0,4582090,14.03
31/03/2017,100,1610000,16.1(0.62 %),100,1610000,0,0,4582090,14.03
03/04/2017,30,500000,16.6(3.11 %),30,500000,0,0,4581660,14.04
04/04/2017,10,170000,16.6(0.00 %),10,170000,0,0,4581650,14.04
05/04/2017,0,0,16.6(0.00 %),0,0,0,0,4581650,14.04
07/04/2017,-2550,-39380000,16.4(-1.20 %),50,810000,2600,40190000,4581600,14.04
10/04/2017,-2570,-39810000,16.45(0.30 %),30,490000,2600,40300000,4581570,14.04
11/04/2017,-1300,-21320000,16.4(-0.30 %),0,0,1300,21320000,4581570,14.04
12/04/2017,10,160000,15.7(-4.27 %),10,160000,0,0,4584160,14.02
13/04/2017,20,310000,15.8(0.64 %),20,310000,0,0,4586740,14.0
14/04/2017,20,310000,14.85(-6.01 %),20,310000,0,0,4588020,13.99
17/04/2017,270,4180000,15.7(5.72 %),270,4180000,0,0,4587750,13.99
18/04/2017,30,470000,15.75(0.32 %),30,470000,0,0,4587720,13.99
19/04/2017,-80,-1180000,15(-4.76 %),20,320000,100,1500000,4587700,13.99
20/04/2017,10,160000,15(0.00 %),10,160000,0,0,4587690,13.99
21/04/2017,30,460000,15.45(3.00 %),30,460000,0,0,4587660,13.99
24/04/2017,40,640000,15.85(2.59 %),40,640000,0,0,4587720,13.99
25/04/2017,40,630000,15.85(0.00 %),40,630000,0,0,4587680,13.99
26/04/2017,160,2450000,15.85(0.00 %),160,2450000,0,0,4587520,13.99
27/04/2017,20,320000,15.85(0.00 %),20,320000,0,0,4587500,13.99
28/04/2017,60,950000,15.75(-0.63 %),60,950000,0,0,4587440,13.99
03/05/2017,70,1090000,15.6(-0.95 %),70,1090000,0,0,4587370,13.99
04/05/2017,30,470000,15.75(0.96 %),30,470000,0,0,4587340,13.99
05/05/2017,20,320000,15.6(-0.95 %),30,470000,10,150000,4587310,13.99
08/05/2017,120,1870000,15.6(0.00 %),120,1870000,0,0,4587190,13.99
09/05/2017,40,630000,15.65(0.32 %),40,630000,0,0,4587150,13.99
10/05/2017,40,640000,15.85(1.28 %),40,640000,0,0,4587120,13.99
11/05/2017,20,320000,16.2(2.21 %),20,320000,0,0,4587100,13.99
12/05/2017,0,0,16.1(-0.62 %),0,0,0,0,4587100,13.99
15/05/2017,10,160000,16.15(0.31 %),10,160000,0,0,4587090,13.99
16/05/2017,10,160000,16.35(1.24 %),10,160000,0,0,4587080,13.99
17/05/2017,10,160000,16.3(-0.31 %),10,160000,0,0,4587070,13.99
18/05/2017,0,0,15.25(-6.44 %),0,0,0,0,4587070,13.99
19/05/2017,10,160000,14.55(-4.59 %),10,160000,0,0,4587060,13.99
22/05/2017,10,160000,15.5(6.53 %),10,160000,0,0,4587050,14.0
23/05/2017,40,650000,16.05(3.55 %),40,650000,0,0,4587010,14.0
24/05/2017,10,160000,16(-0.31 %),10,160000,0,0,4587000,14.0
25/05/2017,20,320000,15.9(-0.62 %),20,320000,0,0,4586980,14.0
26/05/2017,30,480000,15.7(-1.26 %),30,480000,0,0,4586950,14.0
29/05/2017,20,320000,16(1.91 %),20,320000,0,0,4586930,14.0
30/05/2017,30,500000,16.5(3.12 %),30,500000,0,0,4586900,14.0
31/05/2017,10,170000,16.5(0.00 %),10,170000,0,0,4586890,14.0
01/06/2017,10,160000,16.2(-1.82 %),10,160000,0,0,4586880,14.0
02/06/2017,30,490000,16.15(-0.31 %),30,490000,0,0,4586850,14.0
05/06/2017,20,340000,16.6(2.79 %),20,340000,0,0,4586830,14.0
06/06/2017,0,0,16.6(0.00 %),0,0,0,0,4586830,14.0
07/06/2017,0,0,16.6(0.00 %),0,0,0,0,4586830,14.0
08/06/2017,20,330000,16.4(-1.20 %),20,330000,0,0,4586810,14.0
09/06/2017,0,0,15.3(-6.71 %),0,0,0,0,4586810,14.0
12/06/2017,20,310000,15.7(2.61 %),20,310000,0,0,4586790,14.0
13/06/2017,20,310000,15.7(0.00 %),20,310000,0,0,4586770,14.0
14/06/2017,20,310000,15.65(-0.32 %),20,310000,0,0,4586750,14.0
15/06/2017,10,160000,16.1(2.88 %),10,160000,0,0,4586740,14.0
16/06/2017,30,480000,16.1(0.00 %),30,480000,0,0,4586710,14.0
19/06/2017,30,480000,16.1(0.00 %),30,480000,0,0,4586680,14.0
20/06/2017,10,160000,16.1(0.00 %),10,160000,0,0,4586670,14.0
21/06/2017,20,320000,16(-0.62 %),20,320000,0,0,4586650,14.0
22/06/2017,20,320000,16(0.00 %),20,320000,0,0,4586630,14.0
23/06/2017,40,640000,16.1(0.62 %),40,640000,0,0,4586590,14.0
26/06/2017,20,320000,16.1(0.00 %),30,480000,10,160000,4586560,14.0
27/06/2017,130,2090000,16.1(0.00 %),6080,97890000,5950,95800000,4580470,14.05
28/06/2017,10,160000,16.1(0.00 %),10,160000,0,0,4580470,14.05
29/06/2017,0,0,16.1(0.00 %),10,160000,10,160000,4580470,14.05
30/06/2017,0,0,16.1(0.00 %),60,970000,60,970000,4586360,14.0
03/07/2017,20,320000,16.1(0.00 %),30,480000,10,160000,4586330,14.0
04/07/2017,10,160000,16(-0.62 %),10,160000,0,0,4586330,14.0
05/07/2017,10,160000,16(0.00 %),10,160000,0,0,4586380,14.0
06/07/2017,10,160000,16.2(1.25 %),10,160000,0,0,4586380,14.0
07/07/2017,20,320000,16.2(0.00 %),20,320000,0,0,4586360,14.0
10/07/2017,20,320000,16.1(-0.62 %),20,320000,0,0,4586210,14.0
11/07/2017,130,2110000,16.4(1.86 %),130,2110000,0,0,4586210,14.0
12/07/2017,20,330000,16.4(0.00 %),20,330000,0,0,4586190,14.0
13/07/2017,30,490000,16.3(-0.61 %),30,490000,0,0,4586160,14.0
14/07/2017,-5720,-88660000,16.3(0.00 %),10,160000,5730,88820000,4586150,14.0
17/07/2017,-2730,-42850000,16.2(-0.61 %),130,2110000,2860,44960000,4586020,14.0
18/07/2017,400,6600000,17.2(6.17 %),400,6600000,0,0,4585620,14.01
19/07/2017,10,180000,17.9(4.07 %),10,180000,0,0,4591340,13.96
20/07/2017,20,370000,18.9(5.59 %),20,370000,0,0,4594180,13.94
21/07/2017,110,2100000,19.8(4.76 %),110,2100000,0,0,4594070,13.94
24/07/2017,0,0,19.8(0.00 %),0,0,0,0,4594070,13.94
25/07/2017,0,0,19.8(0.00 %),0,0,0,0,4594070,13.94
26/07/2017,0,0,18.45(-6.82 %),0,0,0,0,4594070,13.94
27/07/2017,0,0,17.5(-5.15 %),0,0,0,0,4594070,13.94
28/07/2017,0,0,16.4(-6.29 %),0,0,0,0,4594070,13.94
31/07/2017,10,170000,17.35(5.79 %),10,170000,0,0,4594060,13.94
01/08/2017,10,180000,18(3.75 %),10,180000,0,0,4594050,13.94
02/08/2017,0,0,16.75(-6.94 %),0,0,0,0,4594050,13.94
03/08/2017,30,530000,17.75(5.97 %),30,530000,0,0,4594020,13.94
04/08/2017,20,370000,17(-4.23 %),20,370000,0,0,4594000,13.94
07/08/2017,-9850,-156780000,17(0.00 %),30,510000,9880,157290000,4593970,13.94
08/08/2017,-150,-2340000,17.4(2.35 %),20,350000,170,2690000,4593950,13.94
09/08/2017,80,1420000,17.8(2.30 %),80,1420000,0,0,4593870,13.94
10/08/2017,0,0,17.8(0.00 %),0,0,0,0,4603750,13.87
11/08/2017,30,530000,17.8(0.00 %),30,530000,0,0,4603890,13.87
14/08/2017,-60,-950000,18(1.12 %),40,720000,100,1670000,4603850,13.87
15/08/2017,10,180000,17.8(-1.11 %),10,180000,0,0,4603840,13.87
16/08/2017,-70,-1140000,17.8(0.00 %),200,3370000,270,4510000,4603640,13.87
17/08/2017,90,1620000,17.65(-0.84 %),90,1620000,0,0,4603650,13.87
18/08/2017,-700,-11490000,17.6(-0.28 %),40,710000,740,12200000,4603610,13.87
21/08/2017,-260,-4230000,16.4(-6.82 %),40,700000,300,4930000,4603840,13.87
22/08/2017,40,680000,17(3.66 %),40,680000,0,0,4603800,13.87
23/08/2017,40,690000,17.35(2.06 %),40,690000,0,0,4604500,13.86
24/08/2017,-180,-2880000,16.2(-6.63 %),30,510000,210,3390000,4604770,13.86
25/08/2017,10,170000,16.2(0.00 %),10,170000,0,0,4604760,13.86
28/08/2017,10,170000,16.2(0.00 %),10,170000,0,0,4604750,13.86
29/08/2017,100,1630000,16.2(0.00 %),100,1630000,0,0,4604860,13.86
30/08/2017,20,340000,16.8(3.70 %),20,340000,0,0,4604840,13.86
31/08/2017,40,680000,16.95(0.89 %),40,680000,0,0,4604800,13.86
01/09/2017,10,170000,16.9(-0.29 %),10,170000,0,0,4604790,13.86
05/09/2017,100,1710000,17.15(1.48 %),100,1710000,0,0,4604690,13.86
06/09/2017,2950,49860000,17.1(-0.29 %),2950,49860000,0,0,4601740,13.88
07/09/2017,20,350000,17(-0.58 %),20,350000,0,0,4601720,13.88
08/09/2017,-1700,-27110000,17(0.00 %),30,510000,1730,27620000,4601690,13.88
11/09/2017,10,170000,15.95(-6.18 %),10,170000,0,0,4601680,13.88
12/09/2017,-970,-15300000,16.6(4.08 %),30,500000,1000,15800000,4601650,13.88
13/09/2017,-1290,-21410000,16.6(0.00 %),10,170000,1300,21580000,4603370,13.87
14/09/2017,60,1010000,16.85(1.51 %),60,1010000,0,0,4603310,13.87
15/09/2017,10,170000,16.75(-0.59 %),10,170000,0,0,4604300,13.86
18/09/2017,670,11230000,16.75(0.00 %),670,11230000,0,0,4604930,13.86
19/09/2017,40,680000,16.8(0.30 %),40,680000,0,0,4604890,13.86
20/09/2017,30,510000,16.9(0.60 %),30,510000,0,0,4604860,13.86
21/09/2017,20,340000,16.95(0.30 %),20,340000,0,0,4604840,13.86
22/09/2017,10,170000,16.5(-2.65 %),10,170000,0,0,4604830,13.86
25/09/2017,20,340000,17.05(3.33 %),20,340000,0,0,4604810,13.86
26/09/2017,-450,-7430000,16.35(3.15 %),20,330000,470,7760000,4604790,13.86
27/09/2017,10,170000,16.95(3.67 %),10,170000,0,0,4604780,13.86
28/09/2017,80,1290000,16(-5.60 %),80,1290000,0,0,4604700,13.86
29/09/2017,30,480000,16(0.00 %),30,480000,0,0,4605140,13.86
02/10/2017,90,1440000,16(0.00 %),90,1440000,0,0,4605050,13.86
03/10/2017,0,0,15.8(-1.25 %),0,0,0,0,4605050,13.86
04/10/2017,40,640000,15.9(0.63 %),40,640000,0,0,4605010,13.86
05/10/2017,70,1050000,14.9(-6.29 %),70,1050000,0,0,4604940,13.86
06/10/2017,10,160000,14(-6.04 %),10,160000,0,0,4604930,13.86
09/10/2017,0,0,14.95(6.79 %),0,0,0,0,4604930,13.86
10/10/2017,30,450000,14.05(-6.02 %),30,450000,0,0,4604900,13.86
11/10/2017,20,300000,15(6.76 %),20,300000,0,0,4604880,13.86
12/10/2017,30,480000,16(6.67 %),30,480000,0,0,4604850,13.86
13/10/2017,110,1770000,16(0.00 %),110,1770000,0,0,4604740,13.86
16/10/2017,70,1070000,16(0.00 %),70,1070000,0,0,4604670,13.86
17/10/2017,20,330000,16.3(1.88 %),20,330000,0,0,4604650,13.86
18/10/2017,40,650000,16.3(0.00 %),40,650000,0,0,4604610,13.86
19/10/2017,20,330000,16.3(0.00 %),20,330000,0,0,4604590,13.86
20/10/2017,0,0,16.3(0.00 %),0,0,0,0,4604590,13.86
23/10/2017,10,160000,16.3(0.00 %),10,160000,0,0,4604580,13.86
24/10/2017,0,0,16.3(0.00 %),0,0,0,0,4604580,13.86
25/10/2017,0,0,16.3(0.00 %),0,0,0,0,4604580,13.86
26/10/2017,30,490000,16.3(0.00 %),30,490000,0,0,4604550,13.86
27/10/2017,50,820000,16.3(0.00 %),50,820000,0,0,4604500,13.86
30/10/2017,80,1300000,16.7(2.45 %),80,1300000,0,0,4604420,13.86
31/10/2017,250,3940000,16.45(-1.50 %),250,3940000,0,0,4604170,13.86
01/11/2017,1020,15700000,16.2(-1.52 %),1020,15700000,0,0,4603150,13.87
02/11/2017,30,490000,16.25(0.31 %),30,490000,0,0,4603120,13.87
03/11/2017,60,960000,15.9(-2.15 %),60,960000,0,0,4603060,13.87
06/11/2017,-8910,-131840000,15.85(-0.31 %),40,640000,8950,132480000,4603020,13.87
07/11/2017,20,320000,15.85(0.00 %),20,320000,0,0,4603000,13.87
08/11/2017,20,310000,14.8(-6.62 %),20,310000,0,0,4602980,13.87
09/11/2017,90,1390000,15.4(4.05 %),90,1390000,0,0,4611840,13.81
10/11/2017,70,1100000,15.9(3.25 %),70,1100000,0,0,4611770,13.81
13/11/2017,120,1940000,16.5(3.77 %),120,1940000,0,0,4611650,13.81
14/11/2017,0,0,16.5(0.00 %),0,0,0,0,4611650,13.81
15/11/2017,100,1660000,16.8(1.82 %),100,1660000,0,0,4611550,13.81
16/11/2017,190,2990000,15.65(-6.85 %),190,2990000,0,0,4611360,13.81
17/11/2017,50,800000,16(2.24 %),50,800000,0,0,4611310,13.81
20/11/2017,40,640000,16.05(0.31 %),40,640000,0,0,4611270,13.81
21/11/2017,10,160000,15.9(-0.93 %),10,160000,0,0,4611260,13.81
22/11/2017,40,640000,15.8(-0.63 %),40,640000,0,0,4611220,13.81
23/11/2017,30,460000,14.9(-5.70 %),30,460000,0,0,4611190,13.81
24/11/2017,250,3900000,15.75(5.70 %),250,3900000,0,0,4610940,13.81
27/11/2017,30,470000,15.75(0.00 %),30,470000,0,0,4610910,13.81
28/11/2017,60,960000,16.1(2.22 %),60,960000,0,0,4610850,13.81
29/11/2017,40,650000,16.15(0.31 %),40,650000,0,0,4610810,13.81
30/11/2017,240,3680000,15.25(-5.57 %),240,3680000,0,0,4610570,13.82
01/12/2017,70,1110000,15.95(4.59 %),70,1110000,0,0,4610500,13.82
04/12/2017,40,630000,15.75(-1.25 %),40,630000,0,0,4610460,13.82
05/12/2017,40,630000,15.75(0.00 %),40,630000,0,0,4610420,13.82
06/12/2017,50,800000,15.9(0.95 %),50,800000,0,0,4610370,13.82
07/12/2017,30,480000,15.9(0.00 %),30,480000,0,0,4610340,13.82
08/12/2017,40,640000,15.95(0.31 %),40,640000,0,0,4610300,13.82
11/12/2017,0,0,15.55(-2.51 %),0,0,0,0,4610300,13.82
12/12/2017,40,630000,15.5(-0.32 %),40,630000,0,0,4610260,13.82
13/12/2017,3080,46250000,15.9(2.58 %),3080,46250000,0,0,4607180,13.84
14/12/2017,60,960000,16(0.63 %),60,960000,0,0,4607120,13.84
15/12/2017,40,640000,16(0.00 %),40,640000,0,0,4607080,13.84
18/12/2017,40,630000,16(0.00 %),40,630000,0,0,4607040,13.84
19/12/2017,0,0,15.7(-1.88 %),0,0,0,0,4607040,13.84
20/12/2017,0,0,15.7(0.00 %),0,0,0,0,4607040,13.84
21/12/2017,40,640000,16(1.91 %),40,640000,0,0,4607000,13.84
22/12/2017,60,950000,15.9(-0.62 %),60,950000,0,0,4606940,13.84
25/12/2017,40,640000,16(0.63 %),40,640000,0,0,4606900,13.84
26/12/2017,40,640000,16(0.00 %),40,640000,0,0,4606860,13.84
27/12/2017,60,960000,16(0.00 %),60,960000,0,0,4606800,13.84
28/12/2017,40,640000,16(0.00 %),40,640000,0,0,4606760,13.84
29/12/2017,0,0,16(0.00 %),0,0,0,0,4606760,13.84
02/01/2018,-10,-150000,15.4(-3.75 %),20,310000,30,460000,4606740,13.84
03/01/2018,0,0,15.4(0.00 %),0,0,0,0,4606740,13.84
04/01/2018,0,0,15.4(0.00 %),0,0,0,0,4606740,13.84
05/01/2018,120,1810000,15.4(0.00 %),130,1960000,10,150000,4606640,13.85
08/01/2018,0,0,15.4(0.00 %),10,150000,10,150000,4606630,13.85
09/01/2018,0,0,15.4(0.00 %),0,0,0,0,4606630,13.85
10/01/2018,0,0,15.4(0.00 %),10,150000,10,150000,4606630,13.85
11/01/2018,0,0,15.4(0.00 %),0,0,0,0,4606640,13.85
12/01/2018,180,2760000,15.35(-0.32 %),180,2760000,0,0,4606460,13.85
15/01/2018,0,0,15.4(0.33 %),10,150000,10,150000,4606460,13.85
16/01/2018,0,0,15.4(0.00 %),0,0,0,0,4606460,13.85
17/01/2018,10,160000,15.4(0.00 %),20,310000,10,150000,4606440,13.85
18/01/2018,0,0,15.4(0.00 %),0,0,0,0,4606450,13.85
19/01/2018,0,0,15.4(0.00 %),0,0,0,0,4606450,13.85
22/01/2018,-120,-1800000,15.35(-0.32 %),10,150000,130,1950000,4606450,13.85
25/01/2018,30,480000,16.1(4.89 %),30,480000,0,0,4606550,13.85
26/01/2018,30,480000,15(-6.83 %),30,480000,0,0,4606520,13.85
29/01/2018,-1820,-25730000,15.6(4.00 %),20,310000,1840,26040000,4606500,13.85
30/01/2018,50,800000,16.2(3.85 %),50,800000,0,0,4606450,13.85
31/01/2018,90,1460000,16.3(0.62 %),90,1460000,0,0,4606360,13.85
01/02/2018,250,4040000,16.35(0.31 %),250,4040000,0,0,4607950,13.84
02/02/2018,100,1670000,16.85(3.06 %),100,1670000,0,0,4607850,13.84
05/02/2018,100,1690000,16.85(0.00 %),100,1690000,0,0,4607750,13.84
06/02/2018,70,1180000,17(0.89 %),70,1180000,0,0,4607680,13.84
07/02/2018,0,0,17(0.00 %),0,0,0,0,4607680,13.84
08/02/2018,70,1190000,17(0.00 %),70,1190000,0,0,4607610,13.84
09/02/2018,30,510000,17(0.00 %),30,510000,0,0,4607580,13.84
12/02/2018,20,340000,17(0.00 %),20,340000,0,0,4607560,13.84
13/02/2018,300,5170000,17.4(2.35 %),300,5170000,0,0,4607260,13.84
21/02/2018,0,0,16.8(-3.45 %),0,0,0,0,4607260,13.84
22/02/2018,50,830000,16.7(-0.60 %),50,830000,0,0,4607210,13.84
23/02/2018,10,170000,16.8(0.60 %),10,170000,0,0,4607200,13.84
26/02/2018,0,0,16.8(0.00 %),0,0,0,0,4607200,13.84
27/02/2018,90,1490000,16.7(-0.60 %),90,1490000,0,0,4607110,13.84
28/02/2018,30,500000,16.7(0.00 %),30,500000,0,0,4607080,13.84
01/03/2018,0,0,15.55(-6.89 %),0,0,0,0,4607087,13.84
02/03/2018,-1000,-14700000,15.55(0.00 %),40,620000,1040,15320000,4607047,13.84
05/03/2018,-6730,-104580000,16.6(6.75 %),100,1630000,6830,106210000,4606947,13.84
06/03/2018,30,540000,16.6(0.00 %),60,1000000,30,460000,4606887,13.84
07/03/2018,-9840,-152500000,15.95(-3.92 %),70,1110000,9910,153610000,4607857,13.84
08/03/2018,180,2880000,16.2(1.57 %),180,2880000,0,0,4614507,13.79
09/03/2018,10,170000,15.2(-6.17 %),10,170000,0,0,4614527,13.79
12/03/2018,220,3500000,16.2(6.58 %),220,3500000,0,0,4624217,13.71
13/03/2018,10,170000,16.2(0.00 %),10,170000,0,0,4624207,13.71
14/03/2018,40,650000,16.2(0.00 %),40,650000,0,0,4624167,13.71
15/03/2018,30,490000,16.2(0.00 %),30,490000,0,0,4624137,13.71
16/03/2018,30,500000,16.5(1.85 %),30,500000,0,0,4624107,13.71
19/03/2018,0,0,15.35(-6.97 %),0,0,0,0,4624107,13.71
20/03/2018,70,1120000,16.15(5.21 %),70,1120000,0,0,4624037,13.71
21/03/2018,20,320000,16.15(0.00 %),20,320000,0,0,4624017,13.71
22/03/2018,20,320000,16.15(0.00 %),20,320000,0,0,4623997,13.71
23/03/2018,140,2240000,15.9(-1.55 %),140,2240000,0,0,4623857,13.71
26/03/2018,130,2070000,15.8(-0.63 %),130,2070000,0,0,4623727,13.72
27/03/2018,50,800000,16.1(1.90 %),50,800000,0,0,4623677,13.72
28/03/2018,20,320000,16.1(0.00 %),20,320000,0,0,4623657,13.72
29/03/2018,40,650000,16.2(0.62 %),40,650000,0,0,4623617,13.72
30/03/2018,20,320000,16.2(0.00 %),20,320000,0,0,4623597,13.72
02/04/2018,0,0,16.2(0.00 %),0,0,0,0,4623597,13.72
03/04/2018,50,810000,16(-1.23 %),50,810000,0,0,4623547,13.72
04/04/2018,0,0,16(0.00 %),0,0,0,0,4623547,13.72
05/04/2018,30,490000,16.4(2.50 %),30,490000,0,0,4623517,13.72
06/04/2018,20,330000,16.4(0.00 %),20,330000,0,0,4623497,13.72
09/04/2018,40,660000,16.4(0.00 %),40,660000,0,0,4623457,13.72
10/04/2018,0,0,16.4(0.00 %),0,0,0,0,4623457,13.72
11/04/2018,10,170000,15.95(-2.74 %),30,480000,20,310000,4623427,13.72
12/04/2018,110,1750000,15.95(0.00 %),110,1750000,0,0,4623317,13.72
13/04/2018,30,480000,15(-5.96 %),30,480000,0,0,4623287,13.72
16/04/2018,10,160000,15.75(5.00 %),10,160000,0,0,4623297,13.72
17/04/2018,510,7950000,16.1(2.22 %),510,7950000,0,0,4622787,13.72
18/04/2018,10,160000,16.3(1.24 %),10,160000,0,0,4622777,13.72
19/04/2018,100,1610000,16.4(0.61 %),100,1610000,0,0,4622677,13.72
20/04/2018,0,0,16.4(0.00 %),0,0,0,0,4622684,13.72
23/04/2018,30,490000,16.4(0.00 %),30,490000,0,0,4622654,13.72
24/04/2018,0,0,16.4(0.00 %),0,0,0,0,4622654,13.72
26/04/2018,-10,-150000,16(-2.44 %),10,160000,20,310000,4622644,13.72
27/04/2018,50,800000,16(0.00 %),50,800000,0,0,4622594,13.72
02/05/2018,-30,-480000,15.7(-1.88 %),20,310000,50,790000,4622574,13.72
03/05/2018,40,630000,15.7(0.00 %),50,790000,10,160000,4622544,13.72
04/05/2018,0,0,15.6(-0.64 %),30,470000,30,470000,4622523,13.72
07/05/2018,0,0,15.6(0.00 %),10,160000,10,160000,4622563,13.72
08/05/2018,0,0,15.8(1.28 %),60,940000,60,940000,4622513,13.72
09/05/2018,20,320000,15.8(0.00 %),20,320000,0,0,4622523,13.72
10/05/2018,180,2850000,16.3(3.16 %),180,2850000,0,0,4622353,13.73
11/05/2018,50,810000,16.25(-0.31 %),50,810000,0,0,4622363,13.73
14/05/2018,0,0,16.25(0.00 %),0,0,0,0,4622363,13.73
15/05/2018,30,500000,16.5(1.54 %),90,1440000,60,940000,4622273,13.73
16/05/2018,0,0,16.5(0.00 %),0,0,0,0,4622273,13.73
17/05/2018,0,0,16.5(0.00 %),0,0,0,0,4622273,13.73
18/05/2018,-70,-1100000,16.4(-0.61 %),10,160000,80,1260000,4622323,13.73
21/05/2018,0,0,16.4(0.00 %),0,0,0,0,4622323,13.73
22/05/2018,0,0,16.4(0.00 %),0,0,0,0,4622323,13.73
23/05/2018,0,0,16.4(0.00 %),0,0,0,0,4622403,13.73
24/05/2018,0,0,16.4(0.00 %),0,0,0,0,4622403,13.73
25/05/2018,10,160000,16.35(-0.30 %),80,1260000,70,1100000,4622323,13.73
28/05/2018,40,650000,16.2(-0.92 %),40,650000,0,0,4622283,13.73
29/05/2018,60,950000,16.8(3.70 %),60,950000,0,0,4622223,13.73
30/05/2018,30,480000,15.65(-6.85 %),40,650000,10,170000,4622253,13.73
31/05/2018,150,2460000,16.65(6.39 %),150,2460000,0,0,4622103,13.73
01/06/2018,40,670000,16.65(0.00 %),40,670000,0,0,4622063,13.73
04/06/2018,50,830000,16.55(-0.60 %),50,830000,0,0,4622023,13.73
05/06/2018,20,330000,16.55(0.00 %),20,330000,0,0,4622003,13.73
06/06/2018,230,4070000,17.7(6.95 %),230,4070000,0,0,4621773,13.73
07/06/2018,10,180000,17.8(0.56 %),10,180000,0,0,4621763,13.73
08/06/2018,700,11620000,16.6(-6.74 %),700,11620000,0,0,4621063,13.74
11/06/2018,-3570,-55280000,15.45(-6.93 %),10,180000,3580,55460000,4621053,13.74
12/06/2018,-1890,-27330000,16.5(6.80 %),40,660000,1930,27990000,4621013,13.74
13/06/2018,20,340000,17.2(4.24 %),20,340000,0,0,4620993,13.74
14/06/2018,0,0,17.3(0.58 %),0,0,0,0,4624573,13.71
15/06/2018,30,480000,16.1(-6.94 %),30,480000,0,0,4626473,13.69
18/06/2018,70,1170000,15(-6.83 %),70,1170000,0,0,4626403,13.69
19/06/2018,30,420000,14.1(-6.00 %),30,420000,0,0,4626373,13.69
20/06/2018,40,600000,14.95(6.03 %),40,600000,0,0,4626333,13.7
21/06/2018,110,1660000,14.95(0.00 %),110,1660000,0,0,4626223,13.7
22/06/2018,70,1090000,15.55(4.01 %),70,1090000,0,0,4626153,13.7
25/06/2018,80,1270000,15.9(2.25 %),80,1270000,0,0,4626073,13.7
26/06/2018,0,0,15.9(0.00 %),0,0,0,0,4626073,13.7
27/06/2018,0,0,15.9(0.00 %),0,0,0,0,4626073,13.7
28/06/2018,10,160000,15.8(-0.63 %),10,160000,0,0,4626063,13.7
29/06/2018,70,1134000,16.45(4.11 %),70,1134000,0,0,4625993,13.7
02/07/2018,0,0,16.45(0.00 %),0,0,0,0,4625993,13.7
03/07/2018,20,320000,15.95(-3.04 %),20,320000,0,0,4625973,13.7
04/07/2018,30,500000,16.95(6.27 %),30,500000,0,0,4625943,13.7
05/07/2018,0,0,16.95(0.00 %),0,0,0,0,4625943,13.7
06/07/2018,80,1360000,17.8(5.01 %),80,1360000,0,0,4625863,13.7
09/07/2018,0,0,17.8(0.00 %),0,0,0,0,4625863,13.7
10/07/2018,130,2290000,18.1(1.69 %),130,2290000,0,0,4625733,13.7
11/07/2018,0,0,18.1(0.00 %),0,0,0,0,4625733,13.7
12/07/2018,0,0,18.1(0.00 %),0,0,0,0,4625733,13.7
13/07/2018,10,180000,17.7(-2.21 %),10,180000,0,0,4625723,13.7
16/07/2018,0,0,17.7(0.00 %),0,0,0,0,4625723,13.7
17/07/2018,30,520000,17.35(-1.98 %),30,520000,0,0,4625693,13.7
18/07/2018,90,1465000,16.2(-6.63 %),90,1465000,0,0,4625603,13.7
19/07/2018,10,160000,16.4(1.23 %),10,160000,0,0,4625593,13.7
20/07/2018,0,0,16.3(-0.61 %),0,0,0,0,4625593,13.7
23/07/2018,30,501000,16.7(2.45 %),30,501000,0,0,4625563,13.7
24/07/2018,-5030,-78190000,16.45(-1.50 %),30,490000,5060,78680000,4625533,13.7
25/07/2018,0,0,16.45(0.00 %),0,0,0,0,4625533,13.7
26/07/2018,0,0,16.45(0.00 %),0,0,0,0,4625533,13.7
27/07/2018,30,490000,16.2(-1.52 %),30,490000,0,0,4630563,13.66
30/07/2018,20,324500,16.2(0.00 %),20,324500,0,0,4630543,13.66
31/07/2018,0,0,16.2(0.00 %),0,0,0,0,4630543,13.66
01/08/2018,10,161000,16.1(-0.62 %),10,161000,0,0,4582090,14.03
02/08/2018,0,0,16.1(0.00 %),0,0,0,0,4630533,13.66
03/08/2018,20,322000,16.1(0.00 %),20,322000,0,0,4630513,13.66
06/08/2018,0,0,16.1(0.00 %),0,0,0,0,4630513,13.66
07/08/2018,40,650000,16.7(3.73 %),40,650000,0,0,4630473,13.66
08/08/2018,30,500000,16.7(0.00 %),30,500000,0,0,4630443,13.66
09/08/2018,0,0,16.7(0.00 %),0,0,0,0,4630443,13.66
10/08/2018,30,500000,16.7(0.00 %),30,500000,0,0,4630413,13.66
13/08/2018,20,340000,16.9(1.20 %),20,340000,0,0,4630393,13.66
14/08/2018,20,330000,16.65(-1.48 %),20,330000,0,0,4630373,13.66
15/08/2018,0,0,16.65(0.00 %),0,0,0,0,4630373,13.66
16/08/2018,20,330000,16.65(0.00 %),20,330000,0,0,4630353,13.66
17/08/2018,20,333000,16.65(0.00 %),20,333000,0,0,4630333,13.66
20/08/2018,20,333000,16.65(0.00 %),20,333000,0,0,4630313,13.66
21/08/2018,10,160000,15.6(-6.31 %),10,160000,0,0,4630303,13.66
22/08/2018,60,980000,16.55(6.09 %),60,980000,0,0,4630243,13.67
23/08/2018,0,0,16.55(0.00 %),0,0,0,0,4630243,13.67
24/08/2018,0,0,16.4(-0.91 %),0,0,0,0,4630243,13.67
27/08/2018,0,0,16.4(0.00 %),0,0,0,0,4630243,13.67
28/08/2018,0,0,16.35(-0.30 %),0,0,0,0,4630243,13.67
29/08/2018,0,0,16.35(0.00 %),0,0,0,0,4630243,13.67
30/08/2018,0,0,16.35(0.00 %),0,0,0,0,4630243,13.67
31/08/2018,50,820000,16.3(-0.31 %),50,820000,0,0,4630193,13.67
04/09/2018,40,652000,16.3(0.00 %),40,652000,0,0,4582090,14.03
05/09/2018,0,0,16.3(0.00 %),20,326000,20,326000,4582090,14.03
06/09/2018,-270,-4374000,16.2(-0.61 %),20,324000,290,4698000,4582360,14.03
07/09/2018,-2600,-39325000,15.15(-6.48 %),40,612000,2640,39937000,4584960,14.01
10/09/2018,10,160000,16(5.61 %),10,160000,0,0,4630083,13.67
11/09/2018,30,500000,16.5(3.12 %),30,500000,0,0,4630343,13.66
12/09/2018,0,0,16.6(0.61 %),0,0,0,0,4632983,13.64
13/09/2018,0,0,16.4(-1.20 %),0,0,0,0,4632983,13.64
14/09/2018,30,490000,16.2(-1.22 %),30,490000,0,0,4632953,13.64
17/09/2018,10,170000,16.2(0.00 %),10,170000,0,0,4632943,13.64
18/09/2018,-1000,-15940000,16.55(2.16 %),20,330000,1020,16270000,4632923,13.64
19/09/2018,0,0,16.55(0.00 %),0,0,0,0,4632923,13.64
20/09/2018,20,330000,16.55(0.00 %),20,330000,0,0,4632903,13.65
21/09/2018,0,0,16.55(0.00 %),0,0,0,0,4633923,13.64
24/09/2018,-290,-4803000,16(-3.32 %),10,162000,300,4965000,4634213,13.64
25/09/2018,0,0,16.1(0.62 %),0,0,0,0,4634213,13.64
26/09/2018,-2400,0,16.4(1.86 %),0,0,2400,0,4636613,13.62
27/09/2018,30,478000,15.9(4.61 %),30,478000,0,0,4636583,13.62
28/09/2018,270,4084000,15.8(-0.63 %),270,4084000,0,0,4636313,13.62
01/10/2018,520,7770360,15.5(-1.90 %),520,7770360,0,0,4635663,13.62
02/10/2018,0,0,15.5(0.00 %),0,0,0,0,4635663,13.62
03/10/2018,0,0,15.5(0.00 %),0,0,0,0,4635663,13.62
04/10/2018,0,0,15.5(0.00 %),0,0,0,0,4635663,13.62
05/10/2018,10,154000,15.4(-0.65 %),10,154000,0,0,4635653,13.62
08/10/2018,20,300000,15.15(-1.62 %),20,300000,0,0,4635633,13.62
09/10/2018,20,310000,15.25(0.66 %),20,310000,0,0,4635613,13.62
10/10/2018,1030,15847000,14.9(-2.30 %),1030,15847000,0,0,4634583,13.63
11/10/2018,90,1377500,15.5(4.03 %),90,1377500,0,0,4634493,13.63
12/10/2018,70,1029500,15.35(-0.97 %),70,1029500,0,0,4634423,13.63
15/10/2018,10,150000,15.35(0.00 %),10,150000,0,0,4634413,13.63
16/10/2018,10,162500,14.8(-3.58 %),10,162500,0,0,4634403,13.63
17/10/2018,30,458000,15(1.35 %),30,458000,0,0,4634373,13.63
18/10/2018,0,0,14(-6.67 %),0,0,0,0,4634373,13.63
19/10/2018,-560,-8344000,14.9(6.43 %),40,596000,600,8940000,4634933,13.63
22/10/2018,40,620000,15.75(5.70 %),40,620000,0,0,4634293,13.63
23/10/2018,20,315000,15.75(0.00 %),20,315000,0,0,4634273,13.63
24/10/2018,20,315000,15.75(0.00 %),20,315000,0,0,4634253,13.63
25/10/2018,0,0,15.75(0.00 %),0,0,0,0,4634253,13.63
26/10/2018,80,1270000,16(1.59 %),80,1270000,0,0,4634773,13.63
29/10/2018,0,0,16(0.00 %),0,0,0,0,4634773,13.63
30/10/2018,0,0,16(0.00 %),0,0,0,0,4634773,13.63
31/10/2018,5020,75312000,15.3(-4.38 %),5020,75312000,0,0,4629753,13.67
01/11/2018,10,160000,15.3(0.00 %),10,160000,0,0,4629743,13.67
02/11/2018,0,0,15.3(0.00 %),0,0,0,0,4629743,13.67
05/11/2018,10,160000,16(4.58 %),10,160000,0,0,4629733,13.67
06/11/2018,20,320000,16(0.00 %),20,320000,0,0,4629713,13.67
07/11/2018,0,0,16(0.00 %),0,0,0,0,4629713,13.67
08/11/2018,0,0,16(0.00 %),0,0,0,0,4629713,13.67
09/11/2018,0,0,16(0.00 %),0,0,0,0,4629713,13.67
12/11/2018,20,320000,15.8(-1.25 %),20,320000,0,0,4629693,13.67
13/11/2018,0,0,15.8(0.00 %),0,0,0,0,4629693,13.67
14/11/2018,10,152000,15.2(-3.80 %),10,152000,0,0,4629683,13.67
15/11/2018,0,0,15.9(4.61 %),0,0,0,0,4629683,13.67
16/11/2018,0,0,15(-5.66 %),0,0,0,0,4629683,13.67
19/11/2018,10,160000,15.9(6.00 %),10,160000,0,0,4629633,13.67
20/11/2018,40,630000,15.5(-2.52 %),40,630000,0,0,4629593,13.67
21/11/2018,0,0,15.5(0.00 %),0,0,0,0,4629593,13.67
22/11/2018,0,0,15.5(0.00 %),0,0,0,0,4629593,13.67
23/11/2018,0,0,15.5(0.00 %),0,0,0,0,4629593,13.67
26/11/2018,0,0,15.95(2.90 %),0,0,0,0,4629593,13.67
27/11/2018,20,319000,15.95(0.00 %),20,319000,0,0,4629573,13.67
28/11/2018,0,0,15.95(0.00 %),0,0,0,0,4629563,13.67
29/11/2018,30,477000,15.9(-0.31 %),30,477000,0,0,4629533,13.67
30/11/2018,0,0,15.9(0.00 %),0,0,0,0,4629533,13.67
03/12/2018,10,158000,15.8(-0.63 %),10,158000,0,0,4629523,13.67
04/12/2018,10,157000,15(-5.06 %),10,157000,0,0,4629513,13.67
05/12/2018,10,159000,15.9(6.00 %),10,159000,0,0,4629503,13.67
06/12/2018,0,0,15.9(0.00 %),0,0,0,0,4629503,13.67
07/12/2018,0,0,15.9(0.00 %),0,0,0,0,4629503,13.67
10/12/2018,0,0,15.9(0.00 %),0,0,0,0,4629503,13.67
11/12/2018,0,0,15.45(-2.83 %),0,0,0,0,4629503,13.67
12/12/2018,10,157000,15.7(1.62 %),10,157000,0,0,4629493,13.67
13/12/2018,0,0,15.7(0.00 %),0,0,0,0,4629493,13.67
14/12/2018,10,156000,15.6(-0.64 %),10,156000,0,0,4629483,13.67
17/12/2018,0,0,15.6(0.00 %),0,0,0,0,4629483,13.67
18/12/2018,0,0,15.6(0.00 %),0,0,0,0,4629483,13.67
19/12/2018,100,1560000,15.6(0.00 %),100,1560000,0,0,4629383,13.67
20/12/2018,0,0,15.6(0.00 %),0,0,0,0,4629383,13.67
21/12/2018,170,2670000,15.9(1.92 %),170,2670000,0,0,4629213,13.67
24/12/2018,10,160000,15.55(-2.20 %),10,160000,0,0,4629203,13.67
25/12/2018,0,0,15.55(0.00 %),0,0,0,0,4629203,13.67
26/12/2018,0,0,15.55(0.00 %),0,0,0,0,4629203,13.67
27/12/2018,20,308000,15.4(-0.96 %),20,308000,0,0,4629183,13.67
28/12/2018,0,0,15(-2.60 %),0,0,0,0,4629183,13.67
02/01/2019,-90,-1234500,16.05(7.00 %),110,1765500,200,3000000,4629073,13.67
03/01/2019,250,4012500,16.05(0.00 %),250,4012500,0,0,4628823,13.68
04/01/2019,0,0,16.05(0.00 %),0,0,0,0,4628823,13.68
07/01/2019,0,0,16.05(0.00 %),0,0,0,0,4628823,13.68
08/01/2019,10,160000,15.4(-4.05 %),10,160000,0,0,4629013,13.67
09/01/2019,0,0,15(-2.60 %),0,0,0,0,4629013,13.67
10/01/2019,10,160000,15.8(5.33 %),10,160000,0,0,4629003,13.67
11/01/2019,0,0,15(-5.06 %),0,0,0,0,4629003,13.67
14/01/2019,-200,-2760000,15.5(3.33 %),30,460000,230,3220000,4628973,13.68
15/01/2019,0,0,15.5(0.00 %),0,0,0,0,4628973,13.68
16/01/2019,10,155000,15.5(0.00 %),10,155000,0,0,4628963,13.68
17/01/2019,20,310000,15.5(0.00 %),20,310000,0,0,4629173,13.67
18/01/2019,10,160000,15.5(0.00 %),10,160000,0,0,4629163,13.67
21/01/2019,10,160000,15.8(1.94 %),10,160000,0,0,4629153,13.67
22/01/2019,0,0,15.4(-2.53 %),0,0,0,0,4629157,13.67
23/01/2019,0,0,15.4(0.00 %),0,0,0,0,4629157,13.67
24/01/2019,0,0,15.4(0.00 %),0,0,0,0,4629157,13.67
25/01/2019,0,0,15.4(0.00 %),0,0,0,0,4629157,13.67
28/01/2019,0,0,15.4(0.00 %),0,0,0,0,4629157,13.67
29/01/2019,0,0,15.4(0.00 %),0,0,0,0,4629157,13.67
30/01/2019,220,3436000,15.8(2.60 %),220,3436000,0,0,4628937,13.68
31/01/2019,0,0,15.8(0.00 %),0,0,0,0,4628937,13.68
01/02/2019,0,0,15.8(0.00 %),0,0,0,0,4628937,13.68
11/02/2019,0,0,15.8(0.00 %),0,0,0,0,4628937,13.68
12/02/2019,0,0,16.9(6.96 %),10,170000,10,170000,4628927,13.68
13/02/2019,60,968000,16.4(-2.96 %),60,968000,0,0,4628877,13.68
14/02/2019,30,460000,15.4(-6.10 %),30,460000,0,0,4628837,13.68
15/02/2019,10,160000,16.3(5.84 %),10,160000,0,0,4628837,13.68
18/02/2019,70,1098500,16.15(-0.92 %),70,1098500,0,0,4628767,13.68
19/02/2019,110,1781000,16.15(0.00 %),110,1781000,0,0,4628657,13.68
20/02/2019,10,161000,16.1(-0.31 %),10,161000,0,0,4628647,13.68
21/02/2019,60,950000,15.5(-3.73 %),60,950000,0,0,4628587,13.68
22/02/2019,20,310000,15.5(0.00 %),20,310000,0,0,4628567,13.68
25/02/2019,10,159500,15.95(2.90 %),10,159500,0,0,4628557,13.68
26/02/2019,20,320000,15.9(-0.31 %),20,320000,0,0,4628537,13.68
27/02/2019,20,320000,15.9(0.00 %),20,320000,0,0,4628517,13.68
28/02/2019,0,0,15.9(0.00 %),0,0,0,0,4628517,13.68
01/03/2019,30,480000,15.95(0.31 %),30,480000,0,0,4628487,13.68
04/03/2019,0,0,15.85(-0.63 %),0,0,0,0,4628517,13.68
05/03/2019,30,475500,15.85(0.00 %),30,475500,0,0,4628487,13.68
06/03/2019,0,0,15.8(-0.32 %),0,0,0,0,4628457,13.68
07/03/2019,20,320000,15.95(0.95 %),20,320000,0,0,4628437,13.68
08/03/2019,0,0,15.95(0.00 %),0,0,0,0,4628467,13.68
11/03/2019,0,0,15.95(0.00 %),0,0,0,0,4628437,13.68
12/03/2019,0,0,15.95(0.00 %),0,0,0,0,4628467,13.68
13/03/2019,0,0,15.95(0.00 %),0,0,0,0,4628437,13.68
14/03/2019,20,320000,15.8(-0.94 %),20,320000,0,0,4628417,13.68
15/03/2019,10,160000,15.7(-0.63 %),10,160000,0,0,4628407,13.68
18/03/2019,0,0,15.5(-1.27 %),0,0,0,0,4628407,13.68
19/03/2019,20,320000,15.75(1.61 %),20,320000,0,0,4628387,13.68
20/03/2019,0,0,15.7(-0.32 %),0,0,0,0,4628417,13.68
21/03/2019,0,0,15.7(0.00 %),0,0,0,0,4628417,13.68
22/03/2019,0,0,15.65(-0.32 %),0,0,0,0,4628417,13.68
25/03/2019,0,0,15.6(-0.32 %),0,0,0,0,4628417,13.68
26/03/2019,0,0,15.4(-1.28 %),0,0,0,0,4628417,13.68
27/03/2019,20,310500,15.35(-0.32 %),20,310500,0,0,4628397,13.68
28/03/2019,10,155000,15.5(0.98 %),10,155000,0,0,4628387,13.68
29/03/2019,30,470000,15.5(0.00 %),30,470000,0,0,4628307,13.68
01/04/2019,0,0,15.4(-0.65 %),0,0,0,0,4628307,13.68
02/04/2019,0,0,15.6(1.30 %),0,0,0,0,4628307,13.68
03/04/2019,0,0,15.6(0.00 %),0,0,0,0,4628307,13.68
04/04/2019,20,313000,15.6(0.00 %),20,313000,0,0,4628287,13.68
05/04/2019,0,0,15.6(0.00 %),0,0,0,0,4628287,13.68
08/04/2019,0,0,15.6(0.00 %),0,0,0,0,4628287,13.68
09/04/2019,0,0,14.6(-6.41 %),0,0,0,0,4628287,13.68
10/04/2019,70,1072500,15.4(5.48 %),70,1072500,0,0,4628217,13.68
11/04/2019,0,0,15.4(0.00 %),0,0,0,0,4628217,13.68
12/04/2019,0,0,15.4(0.00 %),0,0,0,0,4628217,13.68
16/04/2019,10,154000,15.4(0.00 %),10,154000,0,0,4628207,13.68
17/04/2019,10,154000,14.65(-4.87 %),10,154000,0,0,4628197,13.68
18/04/2019,10,150000,14.75(0.68 %),10,150000,0,0,4628187,13.68
19/04/2019,90,1380000,15.5(5.08 %),90,1380000,0,0,4628097,13.68
22/04/2019,8400,123180000,15.4(-0.65 %),8400,123180000,0,0,4619697,13.75
23/04/2019,30,459500,15.2(-1.30 %),30,459500,0,0,4619667,13.75
24/04/2019,10,154000,15.4(1.32 %),10,154000,0,0,4619657,13.75
25/04/2019,170,2611500,15.4(0.00 %),170,2611500,0,0,4619487,13.75
26/04/2019,0,0,15.4(0.00 %),0,0,0,0,4619487,13.75
02/05/2019,0,0,15.4(0.00 %),0,0,0,0,4619487,13.75
03/05/2019,10,154000,14.9(-3.25 %),10,154000,0,0,4619477,13.75
06/05/2019,10,150000,15.4(3.36 %),10,150000,0,0,4619467,13.75
07/05/2019,0,0,15.4(0.00 %),0,0,0,0,4619467,13.75
08/05/2019,0,0,15.4(0.00 %),0,0,0,0,4619467,13.75
09/05/2019,50,768500,15.35(-0.32 %),50,768500,0,0,4619417,13.75
10/05/2019,20,307000,15.35(0.00 %),20,307000,0,0,4619397,13.75
13/05/2019,50,760000,15.1(-1.63 %),50,760000,0,0,4619347,13.75
14/05/2019,190,2860000,15.2(0.66 %),190,2860000,0,0,4619157,13.75
15/05/2019,30,440000,14.8(-2.63 %),30,440000,0,0,4619127,13.75
16/05/2019,110,1650000,15.25(3.04 %),110,1650000,0,0,4619017,13.75
17/05/2019,40,610000,15.35(0.66 %),40,610000,0,0,4618977,13.75
20/05/2019,90,1370000,15.3(-0.33 %),90,1370000,0,0,4618887,13.75
21/05/2019,60,910000,14.6(-4.58 %),60,910000,0,0,4618827,13.75
22/05/2019,-1980,-28890000,15.3(4.79 %),20,310000,2000,29200000,4618807,13.75
23/05/2019,0,0,15.3(0.00 %),0,0,0,0,4618807,13.75
24/05/2019,290,4400000,15.25(-0.33 %),290,4400000,0,0,4618517,13.75
27/05/2019,80,1200000,15(-1.64 %),80,1200000,0,0,4620437,13.74
28/05/2019,150,2300000,15.3(2.00 %),150,2300000,0,0,4620287,13.74
29/05/2019,10,149500,14.95(-2.29 %),10,149500,0,0,4618277,13.76
30/05/2019,30,449000,14.9(-0.33 %),30,449000,0,0,4618247,13.76
31/05/2019,70,1058500,15.2(2.01 %),70,1058500,0,0,4618177,13.76
03/06/2019,20,304000,15.2(0.00 %),20,304000,0,0,4620157,13.74
04/06/2019,0,0,15.2(0.00 %),0,0,0,0,4620157,13.74
05/06/2019,0,0,15(-1.32 %),0,0,0,0,4620157,13.74
06/06/2019,80,1200000,15(0.00 %),80,1200000,0,0,4620077,13.74
07/06/2019,20,302000,15.2(1.33 %),20,302000,0,0,4620057,13.74
10/06/2019,510,7299000,14.9(-1.97 %),510,7299000,0,0,4619547,13.75
11/06/2019,0,0,14.9(0.00 %),0,0,0,0,4619547,13.75
12/06/2019,20,300000,14.9(0.00 %),20,300000,0,0,4619527,13.75
13/06/2019,80,1210000,15.2(2.01 %),80,1210000,0,0,4619447,13.75
14/06/2019,30,460000,15.2(0.00 %),30,460000,0,0,4619417,13.75
17/06/2019,100,1520000,15.2(0.00 %),100,1520000,0,0,4619317,13.75
18/06/2019,60,906000,15.15(-0.33 %),60,906000,0,0,4619257,13.75
19/06/2019,20,292000,14.6(-3.63 %),20,292000,0,0,4619237,13.75
20/06/2019,0,0,15(2.74 %),0,0,0,0,4619237,13.75
21/06/2019,20,290000,14.7(-2.00 %),20,290000,0,0,4619217,13.75
24/06/2019,20,300000,14.75(0.34 %),20,300000,0,0,4619197,13.75
25/06/2019,0,0,14.75(0.00 %),0,0,0,0,4619197,13.75
26/06/2019,0,0,15.2(3.05 %),0,0,0,0,4619197,13.75
27/06/2019,70,1020000,14.6(-3.95 %),70,1020000,0,0,4619127,13.75
28/06/2019,60,876000,14.6(0.00 %),60,876000,0,0,4619067,13.75
01/07/2019,0,0,14.6(0.00 %),0,0,0,0,4619067,13.75
02/07/2019,0,0,14.7(0.68 %),0,0,0,0,4619067,13.75
03/07/2019,0,0,14.7(0.00 %),0,0,0,0,4619067,13.75
04/07/2019,0,0,14.6(-0.68 %),0,0,0,0,4619067,13.75
05/07/2019,60,881500,15.15(3.77 %),60,881500,0,0,4619007,13.75
08/07/2019,60,907000,15.2(0.33 %),60,907000,0,0,4618947,13.75
09/07/2019,0,0,15.2(0.00 %),0,0,0,0,4618947,13.75
10/07/2019,0,0,15.2(0.00 %),0,0,0,0,4618947,13.75
11/07/2019,10,148000,14.8(-2.63 %),10,148000,0,0,4618937,13.75
12/07/2019,3000,45000000,15(1.35 %),3000,45000000,0,0,4615937,13.77
15/07/2019,2010,30251000,15.1(0.67 %),2010,30251000,0,0,4613927,13.79
16/07/2019,10,149000,14.9(-1.32 %),10,149000,0,0,4613917,13.79
17/07/2019,10,150000,14.9(0.00 %),10,150000,0,0,4613907,13.79
18/07/2019,10,148500,14.85(-0.34 %),10,148500,0,0,4613897,13.79
19/07/2019,0,0,14.85(0.00 %),0,0,0,0,4613897,13.79
22/07/2019,20,297000,14.85(0.00 %),20,297000,0,0,4613877,13.79
23/07/2019,0,0,14.65(-1.35 %),0,0,0,0,4613877,13.79
24/07/2019,3000,44400000,14.7(0.34 %),3000,44400000,0,0,4610877,13.81
25/07/2019,10,147000,14.5(-1.36 %),10,147000,0,0,4610867,13.81
26/07/2019,10,151000,14.7(1.38 %),10,151000,0,0,4610857,13.81
29/07/2019,0,0,14.7(0.00 %),0,0,0,0,4610857,13.81
30/07/2019,20,290000,14.7(0.00 %),20,290000,0,0,4610837,13.81
31/07/2019,210,3010000,14.7(0.00 %),210,3010000,0,0,4610627,13.82
01/08/2019,0,0,14.7(0.00 %),0,0,0,0,4610627,13.82
02/08/2019,30,441000,14.7(0.00 %),30,441000,0,0,4610597,13.82
05/08/2019,2440,35397000,14.35(-2.38 %),2440,35397000,0,0,4608157,13.83
06/08/2019,20,300000,14.6(1.74 %),20,300000,0,0,4608137,13.83
07/08/2019,0,0,14.6(0.00 %),0,0,0,0,4608137,13.83
08/08/2019,10,150000,14.5(-0.68 %),10,150000,0,0,4608127,13.83
09/08/2019,0,0,14.5(0.00 %),0,0,0,0,4608127,13.83
12/08/2019,210,3050000,14.9(2.76 %),210,3050000,0,0,4607917,13.84
13/08/2019,10,147000,14.7(-1.34 %),10,147000,0,0,4607907,13.84
14/08/2019,0,0,14.7(0.00 %),0,0,0,0,4607907,13.84
15/08/2019,4000,58000000,14.5(-1.36 %),4000,58000000,0,0,4603907,13.87
16/08/2019,4810,68790000,14.5(0.00 %),4810,68790000,0,0,4599097,13.9
19/08/2019,10,150000,14.9(2.76 %),10,150000,0,0,4599087,13.9
20/08/2019,600,8700000,14.5(-2.68 %),600,8700000,0,0,4598487,13.91
21/08/2019,10,149000,14.9(2.76 %),10,149000,0,0,4598477,13.91
22/08/2019,9490,136192000,14.85(-0.34 %),9490,136192000,0,0,4588987,13.98
23/08/2019,0,0,14.85(0.00 %),0,0,0,0,4588987,13.98
26/08/2019,0,0,14.85(0.00 %),0,0,0,0,4588987,13.98
27/08/2019,30,440000,14.55(-2.02 %),30,440000,0,0,4588957,13.98
28/08/2019,0,0,14.55(0.00 %),0,0,0,0,4588957,13.98
29/08/2019,10,150000,14.75(1.37 %),10,150000,0,0,4588947,13.98
30/08/2019,0,0,14.75(0.00 %),0,0,0,0,4588947,13.98
03/09/2019,10,150000,14.8(0.34 %),10,150000,0,0,4588937,13.98
04/09/2019,0,0,14.8(0.00 %),0,0,0,0,4588937,13.98
05/09/2019,0,0,14.8(0.00 %),0,0,0,0,4588947,13.98
06/09/2019,0,0,14.8(0.00 %),0,0,0,0,4588937,13.98
09/09/2019,0,0,14.75(-0.34 %),0,0,0,0,4588947,13.98
10/09/2019,0,0,14.65(-0.68 %),0,0,0,0,4588937,13.98
11/09/2019,50,770000,15.6(6.48 %),50,770000,0,0,4588887,13.98
12/09/2019,110,1733000,16(2.56 %),110,1733000,0,0,4588787,13.98
13/09/2019,80,1241000,15.6(-2.50 %),80,1241000,0,0,4588707,13.98
16/09/2019,10,158000,15.5(-0.64 %),10,158000,0,0,4588697,13.98
17/09/2019,70,1070000,15.9(2.58 %),70,1070000,0,0,4588617,13.98
18/09/2019,7510,113420000,15.6(-1.89 %),7510,113420000,0,0,4581107,14.04
19/09/2019,10,160000,15.75(0.96 %),10,160000,0,0,4581097,14.04
20/09/2019,0,0,15.6(-0.95 %),0,0,0,0,4581097,14.04
23/09/2019,30,460000,15.5(-0.64 %),30,460000,0,0,4581067,14.04
24/09/2019,10020,152310000,15.35(-0.97 %),10020,152310000,0,0,4571047,14.12
25/09/2019,10,155500,15.25(-0.65 %),10,155500,0,0,4571047,14.12
26/09/2019,4290,59219500,14.35(-5.90 %),4290,59219500,0,0,4566757,14.15
27/09/2019,40,590000,14.7(2.44 %),40,590000,0,0,4566707,14.15
30/09/2019,20,294000,14.7(0.00 %),20,294000,0,0,4566697,14.15
01/10/2019,10000,140000000,14.45(-1.70 %),10000,140000000,0,0,4556687,14.23
02/10/2019,150,2155000,14.35(-0.69 %),150,2155000,0,0,4566537,14.15
03/10/2019,110,1540000,14.2(-1.05 %),110,1540000,0,0,4556427,14.23
04/10/2019,0,0,14.1(-0.70 %),0,0,0,0,4566427,14.15
07/10/2019,0,0,14(-0.71 %),0,0,0,0,4556427,14.23
08/10/2019,0,0,14(0.00 %),0,0,0,0,4566427,14.15
09/10/2019,10,140000,13.9(-0.71 %),10,140000,0,0,4556417,14.23
10/10/2019,10,142000,14.2(2.16 %),10,142000,0,0,4566407,14.15
11/10/2019,0,0,14.2(0.00 %),0,0,0,0,4566407,14.15
14/10/2019,0,0,13.95(-1.76 %),0,0,0,0,4566407,14.15
15/10/2019,430,5906000,14.2(1.79 %),430,5906000,0,0,4565977,14.16
16/10/2019,2010,28540000,14.2(0.00 %),2010,28540000,0,0,4553967,14.25
17/10/2019,0,0,14.2(0.00 %),0,0,0,0,4553967,14.25
18/10/2019,30,426000,14.2(0.00 %),30,426000,0,0,4563937,14.17
21/10/2019,60,843500,14.3(0.70 %),60,843500,0,0,4563877,14.17
22/10/2019,30,430000,14.25(-0.35 %),30,430000,0,0,4553847,14.25
23/10/2019,0,0,14.25(0.00 %),0,0,0,0,4563847,14.17
24/10/2019,60,840000,14.1(-1.05 %),60,840000,0,0,4553787,14.25
25/10/2019,150,2070000,13.8(-2.13 %),150,2070000,0,0,4553637,14.25
28/10/2019,120,1650000,13.75(-0.36 %),120,1650000,0,0,4553517,14.25
29/10/2019,100,1374000,14.5(5.45 %),100,1374000,0,0,4563417,14.18
30/10/2019,0,0,14.5(0.00 %),0,0,0,0,4563417,14.18
31/10/2019,10,140000,14.2(-2.07 %),10,140000,0,0,4553407,14.25
01/11/2019,0,0,13.35(-5.99 %),0,0,0,0,4553407,14.25
04/11/2019,30,418000,14(4.87 %),30,418000,0,0,4553377,14.25
05/11/2019,180,2385000,14.1(0.71 %),180,2385000,0,0,4553197,14.25
06/11/2019,10,140000,13.95(-1.06 %),10,140000,0,0,4553187,14.25
07/11/2019,20,279500,14(0.36 %),20,279500,0,0,4553167,14.25
08/11/2019,0,0,14(0.00 %),0,0,0,0,4553167,14.25
11/11/2019,100,1380500,13.75(-1.79 %),100,1380500,0,0,4553067,14.25
12/11/2019,100,1370000,13.75(0.00 %),100,1370000,0,0,4552967,14.26
13/11/2019,0,0,13.7(-0.36 %),0,0,0,0,4552967,14.26
14/11/2019,100,1370000,13.7(0.00 %),100,1370000,0,0,4552867,14.26
15/11/2019,0,0,13.7(0.00 %),0,0,0,0,4552867,14.26
18/11/2019,0,0,13.7(0.00 %),0,0,0,0,4552867,14.26
19/11/2019,0,0,13.7(0.00 %),0,0,0,0,4552867,14.26
20/11/2019,0,0,13.7(0.00 %),0,0,0,0,4552867,14.26
21/11/2019,0,0,13.7(0.00 %),0,0,0,0,4552867,14.26
22/11/2019,210,3070000,14.65(6.93 %),210,3070000,0,0,4552657,14.26
25/11/2019,0,0,14.65(0.00 %),0,0,0,0,4552657,14.26
26/11/2019,0,0,14.65(0.00 %),0,0,0,0,4552657,14.26
27/11/2019,20,283000,14.15(-3.41 %),20,283000,0,0,4552637,14.26
28/11/2019,10,140000,13.9(-1.77 %),10,140000,0,0,4552627,14.26
29/11/2019,110,1540000,14(0.72 %),110,1540000,0,0,4552517,14.26
02/12/2019,20,280000,13.85(-1.07 %),20,280000,0,0,4552497,14.26
03/12/2019,30,410000,13.75(-0.72 %),30,410000,0,0,4552467,14.26
04/12/2019,30,410000,13.75(0.00 %),30,410000,0,0,4552437,14.26
05/12/2019,130,1770000,13.6(-1.09 %),130,1770000,0,0,4552307,14.26
06/12/2019,0,0,13.05(-4.04 %),0,0,0,0,4552307,14.26
09/12/2019,10,130000,13.45(3.07 %),10,130000,0,0,4552297,14.26
10/12/2019,30,410000,13.55(0.74 %),30,410000,0,0,4552267,14.26
11/12/2019,0,0,13.45(-0.74 %),0,0,0,0,4552287,14.26
12/12/2019,30,403000,13.45(0.00 %),30,403000,0,0,4552257,14.26
13/12/2019,0,0,13.45(0.00 %),0,0,0,0,4552237,14.26
16/12/2019,0,0,13.45(0.00 %),0,0,0,0,4552237,14.26
17/12/2019,40,540000,13.45(0.00 %),40,540000,0,0,4552197,14.26
18/12/2019,50,670000,13.45(0.00 %),50,670000,0,0,4552147,14.26
19/12/2019,0,0,13.45(0.00 %),0,0,0,0,4552167,14.26
20/12/2019,0,0,13.8(2.60 %),0,0,0,0,4552147,14.26
23/12/2019,460,6212500,13.75(-0.36 %),460,6212500,0,0,4551707,14.26
24/12/2019,0,0,13.75(0.00 %),0,0,0,0,4551707,14.26
25/12/2019,0,0,13.75(0.00 %),0,0,0,0,4551707,14.26
26/12/2019,0,0,13.75(0.00 %),0,0,0,0,4551687,14.26
27/12/2019,0,0,13.75(0.00 %),0,0,0,0,4551687,14.26
30/12/2019,100,1380000,13.75(0.00 %),100,1380000,0,0,4551587,14.27
31/12/2019,10,147000,13.5(-1.82 %),30,405000,20,258000,4551697,14.26
02/01/2020,10,137000,13.7(1.48 %),10,137000,0,0,4551557,14.27
03/01/2020,10,140000,14.4(5.11 %),10,140000,0,0,4551537,14.27
06/01/2020,20,290000,13.6(-5.56 %),20,290000,0,0,4551537,14.27
07/01/2020,10,140000,13.65(0.37 %),10,140000,0,0,4551527,14.27
08/01/2020,20,270000,13.65(0.00 %),20,270000,0,0,4551507,14.27
09/01/2020,30,399000,13.3(-2.56 %),30,399000,0,0,4551467,14.27
10/01/2020,0,0,13.3(0.00 %),0,0,0,0,4551477,14.27
13/01/2020,0,0,13.3(0.00 %),0,0,0,0,4551477,14.27
14/01/2020,210,2744000,13.2(-0.75 %),210,2744000,0,0,4551257,14.27
15/01/2020,0,0,12.8(-3.03 %),0,0,0,0,4551267,14.27
16/01/2020,-350,-4370000,12.95(1.17 %),10,130000,360,4500000,4551257,14.27
17/01/2020,30,390000,13(0.39 %),30,390000,0,0,4551233,14.27
20/01/2020,50,670000,13.65(5.00 %),50,670000,0,0,4551183,14.27
21/01/2020,-670,-8980000,13.2(-3.30 %),10,130000,680,9110000,4551533,14.27
22/01/2020,20,266000,13.3(0.76 %),20,266000,0,0,4551513,14.27
30/01/2020,30,400000,13.3(0.00 %),30,400000,0,0,4551483,14.27
31/01/2020,20,270000,13.3(0.00 %),20,270000,0,0,4552143,14.26
03/02/2020,0,0,13.3(0.00 %),0,0,0,0,4552143,14.26
04/02/2020,0,0,13.3(0.00 %),0,0,0,0,4552143,14.26
05/02/2020,0,0,13.3(0.00 %),0,0,0,0,4552143,14.26
06/02/2020,30,400000,13.2(-0.75 %),30,400000,0,0,4552113,14.26
07/02/2020,0,0,13.3(0.76 %),0,0,0,0,4552113,14.26
10/02/2020,110,1470000,14.1(6.02 %),110,1470000,0,0,4552003,14.26
11/02/2020,70,972000,13.9(-1.42 %),70,972000,0,0,4551933,14.26
12/02/2020,0,0,13.9(0.00 %),0,0,0,0,4551933,14.26
13/02/2020,40,550000,13.75(-1.08 %),40,550000,0,0,4551893,14.26
14/02/2020,0,0,13.75(0.00 %),0,0,0,0,4551893,14.26
17/02/2020,0,0,13.55(-1.45 %),0,0,0,0,4551893,14.26
18/02/2020,60,820000,13(-4.06 %),60,820000,0,0,4551833,14.26
19/02/2020,1030,13395000,13(0.00 %),1030,13395000,0,0,4550803,14.27
20/02/2020,1040,13550000,13.7(5.38 %),1040,13550000,0,0,4549763,14.28
21/02/2020,10,140000,13.35(-2.55 %),10,140000,0,0,4549753,14.28
24/02/2020,60,820000,14(4.87 %),60,820000,0,0,4549693,14.28
25/02/2020,0,0,14(0.00 %),0,0,0,0,4549693,14.28
26/02/2020,10,140000,13.5(-3.57 %),10,140000,0,0,4549687,14.28
27/02/2020,20,270000,13.5(0.00 %),20,270000,0,0,4549667,14.28
28/02/2020,40,540000,13.5(0.00 %),40,540000,0,0,4549623,14.28
02/03/2020,30,402000,13.4(-0.74 %),30,402000,0,0,4549597,14.28
03/03/2020,120,1560000,13(-2.99 %),120,1560000,0,0,4549477,14.28
04/03/2020,3160,40922000,12.95(-0.38 %),3160,40922000,0,0,4546317,14.31
05/03/2020,60,780000,13.15(1.54 %),60,780000,0,0,4546257,14.31
06/03/2020,50,650000,12.9(-1.90 %),50,650000,0,0,4546207,14.31
09/03/2020,30,389500,12(-6.98 %),30,389500,0,0,4546177,14.31
10/03/2020,40,510000,12.8(6.67 %),40,510000,0,0,4546137,14.31
11/03/2020,30,390000,11.95(-6.64 %),30,390000,0,0,4546107,14.31
12/03/2020,30,360000,11.95(0.00 %),30,360000,0,0,4546077,14.31
13/03/2020,0,0,11.95(0.00 %),0,0,0,0,4546077,14.31
16/03/2020,20,247500,12.25(2.51 %),20,247500,0,0,4546057,14.31
17/03/2020,-20,-240000,12(-2.04 %),0,0,20,240000,4546057,14.31
18/03/2020,0,0,12(0.00 %),0,0,0,0,4546057,14.31
19/03/2020,0,0,11.9(-0.83 %),0,0,0,0,4546077,14.31
20/03/2020,10,119000,11.9(0.00 %),10,119000,0,0,4546067,14.31
23/03/2020,0,0,11.9(0.00 %),0,0,0,0,4546057,14.31
24/03/2020,10,121000,11.9(0.00 %),10,121000,0,0,4546057,14.31
25/03/2020,20,240000,11.95(0.42 %),20,240000,0,0,4546027,14.31
26/03/2020,10,125000,12.5(4.60 %),10,125000,0,0,4546027,14.31
27/03/2020,0,0,12.5(0.00 %),0,0,0,0,4546027,14.31
30/03/2020,0,0,12.5(0.00 %),0,0,0,0,4546027,14.31
31/03/2020,-150,-1681500,13.3(6.40 %),80,998000,230,2679500,4546177,14.31
01/04/2020,100,1247000,13.1(-1.50 %),110,1379000,10,132000,4545937,14.31
03/04/2020,10,130000,12.8(-2.29 %),10,130000,0,0,4545817,14.31
06/04/2020,0,0,12.8(0.00 %),0,0,0,0,4546047,14.31
07/04/2020,0,0,13(1.56 %),10,130000,10,130000,4545927,14.31
08/04/2020,0,0,13(0.00 %),0,0,0,0,4545927,14.31
09/04/2020,10,125000,12.5(-3.85 %),10,125000,0,0,4545917,14.31
10/04/2020,50,633000,13.3(6.40 %),50,633000,0,0,4545867,14.31
13/04/2020,10,130000,12.8(-3.76 %),10,130000,0,0,4545987,14.31
14/04/2020,10,140000,12.5(-2.34 %),10,140000,0,0,4545977,14.31
15/04/2020,40,510000,12.8(2.40 %),50,640000,10,130000,4545927,14.31
16/04/2020,80,1024000,12.8(0.00 %),80,1024000,0,0,4545727,14.31
17/04/2020,70,900000,13(1.56 %),70,900000,0,0,4545777,14.31
20/04/2020,10,130000,12.9(-0.77 %),10,130000,0,0,4545777,14.31
21/04/2020,20,262000,12.9(0.00 %),20,262000,0,0,4545627,14.31
22/04/2020,0,0,12.9(0.00 %),0,0,0,0,4545757,14.31
23/04/2020,-16570,-218045000,13.1(1.55 %),0,0,16570,218045000,4562197,14.18
24/04/2020,990,12370000,12.7(-3.05 %),1000,12500000,10,130000,4544757,14.32
27/04/2020,10,130000,12.7(0.00 %),10,130000,0,0,4544747,14.32
28/04/2020,0,0,12.7(0.00 %),0,0,0,0,4561197,14.19
29/04/2020,0,0,12.7(0.00 %),0,0,0,0,4561197,14.19
04/05/2020,10,130000,13.3(4.72 %),10,130000,0,0,4561317,14.19
05/05/2020,10,133000,14(5.26 %),10,133000,0,0,4561317,14.19
06/05/2020,-160,-2110500,14(0.00 %),0,0,160,2110500,4561477,14.19
07/05/2020,0,0,14(0.00 %),0,0,0,0,4561477,14.19
08/05/2020,20,280000,14(0.00 %),20,280000,0,0,4561287,14.19
11/05/2020,0,0,14(0.00 %),0,0,0,0,4561447,14.19
12/05/2020,2650,36040000,13.6(-2.86 %),2650,36040000,0,0,4558797,14.21
13/05/2020,10,139500,13.95(2.57 %),10,139500,0,0,4558797,14.21
14/05/2020,0,0,13.95(0.00 %),0,0,0,0,4558797,14.21
15/05/2020,0,0,13.95(0.00 %),0,0,0,0,4558787,14.21
18/05/2020,0,0,13.95(0.00 %),0,0,0,0,4558787,14.21
19/05/2020,-500,-6950000,13.9(-0.36 %),1020,14178000,1520,21128000,4559297,14.21
20/05/2020,10,140000,13.8(-0.72 %),10,140000,0,0,4557757,14.22
21/05/2020,10,138000,13.8(0.00 %),10,138000,0,0,4559277,14.21
22/05/2020,0,0,13.8(0.00 %),0,0,0,0,4559267,14.21
25/05/2020,10,138000,13.8(0.00 %),10,138000,0,0,4559267,14.21
26/05/2020,0,0,13(-5.80 %),0,0,0,0,4559257,14.21
27/05/2020,1010,12987000,12.85(-1.15 %),1010,12987000,0,0,4558257,14.21
28/05/2020,430,5510000,13.55(5.45 %),430,5510000,0,0,4557817,14.22
29/05/2020,10,130000,13.4(-1.11 %),10,130000,0,0,4557807,14.22
01/06/2020,90,1230000,13.5(0.75 %),90,1230000,0,0,4557717,14.22
02/06/2020,0,0,13.5(0.00 %),0,0,0,0,4557717,14.22
03/06/2020,0,0,13.5(0.00 %),0,0,0,0,4557717,14.22
04/06/2020,10,133000,12.7(-5.93 %),10,133000,0,0,4557797,14.22
05/06/2020,40,520000,12.8(0.79 %),40,520000,0,0,4557667,14.22
08/06/2020,20,265000,13.2(3.12 %),20,265000,0,0,4557777,14.22
09/06/2020,0,0,13.2(0.00 %),0,0,0,0,4557647,14.22
10/06/2020,20,260000,12.85(-2.65 %),20,260000,0,0,4557627,14.22
11/06/2020,0,0,12.5(-2.72 %),0,0,0,0,4557757,14.22
12/06/2020,0,0,12.45(-0.40 %),0,0,0,0,4557627,14.22
15/06/2020,40,510000,12.65(1.61 %),40,510000,0,0,4557587,14.22
16/06/2020,0,0,12.65(0.00 %),0,0,0,0,4557587,14.22
17/06/2020,0,0,12.6(-0.40 %),0,0,0,0,4557717,14.22
18/06/2020,0,0,12.6(0.00 %),0,0,0,0,4557587,14.22
19/06/2020,10,129000,12.6(0.00 %),10,129000,0,0,4557707,14.22
22/06/2020,10,130000,12.9(2.38 %),10,130000,0,0,4557567,14.22
23/06/2020,10,130000,12.9(0.00 %),10,130000,0,0,4557557,14.22
24/06/2020,0,0,12.95(0.39 %),0,0,0,0,4557557,14.22
25/06/2020,10,128000,12.8(-1.16 %),10,128000,0,0,4557677,14.22
26/06/2020,0,0,12.8(0.00 %),0,0,0,0,4557547,14.22
29/06/2020,10,130000,12.8(0.00 %),10,130000,0,0,4557537,14.22
30/06/2020,80,0,13.6(6.25 %),80,0,0,0,4557587,14.22
01/07/2020,0,0,12.75(-6.25 %),0,0,0,0,4557457,14.22
02/07/2020,10,140000,13.5(5.88 %),10,140000,0,0,4557447,14.22
03/07/2020,0,0,13(-3.70 %),0,0,0,0,4557447,14.22
06/07/2020,0,0,13(0.00 %),0,0,0,0,4557447,14.22
07/07/2020,10,132000,13.2(1.54 %),10,132000,0,0,4557437,14.22
08/07/2020,0,0,13.2(0.00 %),0,0,0,0,4557437,14.22
09/07/2020,10,129000,12.9(-2.27 %),10,129000,0,0,4557427,14.22
10/07/2020,0,0,12.9(0.00 %),0,0,0,0,4557427,14.22
13/07/2020,0,0,12.5(-3.10 %),0,0,0,0,4557427,14.22
14/07/2020,0,0,12.9(3.20 %),0,0,0,0,4557427,14.22
15/07/2020,0,0,12.9(0.00 %),0,0,0,0,4557427,14.22
16/07/2020,10,130000,12.9(0.00 %),10,130000,0,0,4557417,14.22
17/07/2020,0,0,12.8(-0.78 %),0,0,0,0,4557417,14.22
20/07/2020,2340,29490000,12.9(0.78 %),2340,29490000,0,0,4555077,14.24
21/07/2020,140,1820000,12.5(-3.10 %),140,1820000,0,0,4554937,14.24
22/07/2020,10,130000,12.9(3.20 %),10,130000,0,0,4554927,14.24
23/07/2020,0,0,12.8(-0.78 %),0,0,0,0,4554927,14.24
24/07/2020,0,0,12.8(0.00 %),0,0,0,0,4554927,14.24
27/07/2020,10,120500,12.05(-5.86 %),10,120500,0,0,4554917,14.24
28/07/2020,10,130000,12.85(6.64 %),10,130000,0,0,4554907,14.24
29/07/2020,0,0,12.75(-0.78 %),0,0,0,0,4554907,14.24
30/07/2020,0,0,12.2(-4.31 %),0,0,0,0,4554907,14.24
31/07/2020,40,500000,12.6(3.28 %),40,500000,0,0,4554867,14.24
03/08/2020,0,0,12.9(2.38 %),0,0,0,0,4554867,14.24
04/08/2020,0,0,12.85(-0.39 %),0,0,0,0,4554867,14.24
05/08/2020,0,0,12.5(-2.72 %),0,0,0,0,4554867,14.24
06/08/2020,10,130000,12.5(0.00 %),10,130000,0,0,4554857,14.24
07/08/2020,10,129500,12.95(3.60 %),10,129500,0,0,4554847,14.24
10/08/2020,0,0,12.85(-0.77 %),0,0,0,0,4554847,14.24
11/08/2020,0,0,12.5(-2.72 %),0,0,0,0,4554847,14.24
12/08/2020,10,130000,12.9(3.20 %),10,130000,0,0,4554837,14.24
13/08/2020,0,0,12.9(0.00 %),0,0,0,0,4554837,14.24
14/08/2020,0,0,12.9(0.00 %),0,0,0,0,4554837,14.24
17/08/2020,10,127000,12.7(-1.55 %),10,127000,0,0,4554827,14.24
18/08/2020,0,0,12.7(0.00 %),0,0,0,0,4554827,14.24
19/08/2020,0,0,13.4(5.51 %),0,0,0,0,4554827,14.24
20/08/2020,0,0,13.4(0.00 %),0,0,0,0,4554827,14.24
21/08/2020,1000,13700000,13.7(2.24 %),1000,13700000,0,0,4553827,14.25
24/08/2020,1000,13600000,13.6(-0.73 %),1000,13600000,0,0,4552827,14.26
25/08/2020,0,0,13.6(0.00 %),0,0,0,0,4552827,14.26
26/08/2020,0,0,13.55(-0.37 %),0,0,0,0,4552827,14.26
27/08/2020,0,0,13.6(0.37 %),0,0,0,0,4552827,14.26
28/08/2020,0,0,13.5(-0.74 %),0,0,0,0,4552827,14.26
31/08/2020,10,137000,13.7(1.48 %),10,137000,0,0,4552817,14.26
01/09/2020,0,0,13.7(0.00 %),0,0,0,0,4552817,14.26
03/09/2020,-560,-7728000,13.7(0.00 %),0,0,560,7728000,4553377,14.25
04/09/2020,0,0,13.7(0.00 %),0,0,0,0,4552817,14.26
07/09/2020,0,0,13.6(-0.73 %),0,0,0,0,4552817,14.26
08/09/2020,1000,13600000,13.8(1.47 %),1000,13600000,0,0,4552377,14.26
09/09/2020,0,0,13.75(-0.36 %),0,0,0,0,4552377,14.26
10/09/2020,-440,-6248000,14.2(3.27 %),0,0,440,6248000,4552817,14.26
11/09/2020,0,0,14.15(-0.35 %),0,0,0,0,4552377,14.26
14/09/2020,-2000,-25105500,12.5(-11.66 %),0,0,2000,25105500,4554817,14.24
15/09/2020,0,0,12.85(2.80 %),0,0,0,0,4554817,14.24
16/09/2020,0,0,12.8(-0.39 %),0,0,0,0,4554817,14.24
17/09/2020,0,0,12.5(-2.34 %),0,0,0,0,4554817,14.24
18/09/2020,2900,36680000,12.5(0.00 %),2900,36680000,0,0,4551917,14.26
21/09/2020,0,0,12.5(0.00 %),0,0,0,0,4551917,14.26
22/09/2020,10,128500,12.85(2.80 %),10,128500,0,0,4551907,14.26
23/09/2020,0,0,12.5(-2.72 %),0,0,0,0,4551907,14.26
24/09/2020,0,0,12.3(-1.60 %),0,0,0,0,4551907,14.26
25/09/2020,20950,260406000,12.55(2.03 %),20950,260406000,0,0,4530957,14.42
28/09/2020,3850,48130000,12.55(0.00 %),3850,48130000,0,0,4527107,14.45
29/09/2020,800,10000000,12.5(-0.40 %),800,10000000,0,0,4526307,14.46
30/09/2020,2210,27625000,12.5(0.00 %),2210,27625000,0,0,4524097,14.48
01/10/2020,1320,16500000,12.55(0.40 %),1320,16500000,0,0,4522777,14.49
02/10/2020,0,0,12.55(0.00 %),0,0,0,0,4524097,14.48
05/10/2020,30,377500,12.65(0.80 %),30,377500,0,0,4524067,14.48
06/10/2020,390,4880000,12.75(0.79 %),390,4880000,0,0,4522357,14.49
07/10/2020,10,130000,13(1.96 %),10,130000,0,0,4523667,14.48
08/10/2020,0,0,12.95(-0.38 %),0,0,0,0,4523667,14.48
09/10/2020,0,0,12.9(-0.39 %),0,0,0,0,4522347,14.49
12/10/2020,2030,25379000,12.9(0.00 %),2510,31379000,480,6000000,4521637,14.49
13/10/2020,10870,139170000,13(0.78 %),10870,139170000,0,0,4508967,14.59
14/10/2020,0,0,13(0.00 %),0,0,0,0,4510767,14.58
15/10/2020,1000,13000000,13(0.00 %),1000,13000000,0,0,4508447,14.59
16/10/2020,360,4500000,12.9(-0.77 %),360,4500000,0,0,4508087,14.6
19/10/2020,0,0,12.9(0.00 %),0,0,0,0,4508087,14.6
20/10/2020,0,0,12.9(0.00 %),0,0,0,0,4509407,14.59
21/10/2020,0,0,12.5(-3.10 %),0,0,0,0,4509407,14.59
22/10/2020,21020,262750000,12.6(0.80 %),21020,262750000,0,0,4487067,14.76
23/10/2020,10,128000,12.8(1.59 %),10,128000,0,0,4488377,14.75
26/10/2020,10,127000,12.7(-0.78 %),10,127000,0,0,4488367,14.75
27/10/2020,0,0,12.9(1.57 %),0,0,0,0,4488367,14.75
28/10/2020,470,5880000,12.5(-3.10 %),470,5880000,0,0,4486577,14.76
29/10/2020,360,4500000,12.55(0.40 %),360,4500000,0,0,4487537,14.75
30/10/2020,6370,79630000,12.5(-0.40 %),6370,79630000,0,0,4479847,14.81
02/11/2020,0,0,12.5(0.00 %),0,0,0,0,4479847,14.81
03/11/2020,4810,60125000,12.5(0.00 %),4810,60125000,0,0,4475037,14.85
04/11/2020,4960,62007500,12.65(1.20 %),4960,62007500,0,0,4470077,14.89
05/11/2020,20,250000,12.65(0.00 %),20,250000,0,0,4470057,14.89
06/11/2020,0,0,12.65(0.00 %),0,0,0,0,4470057,14.89
09/11/2020,1750,22230000,12.8(1.19 %),1750,22230000,0,0,4468307,14.9
10/11/2020,0,0,12.8(0.00 %),0,0,0,0,4468307,14.9
11/11/2020,0,0,12.6(-1.56 %),0,0,0,0,4468307,14.9
12/11/2020,8910,111311000,12.5(-0.79 %),14110,176375000,5200,65064000,4459397,14.97
13/11/2020,0,0,12.5(0.00 %),0,0,0,0,4454197,15.01
16/11/2020,80,1010000,12.9(3.20 %),80,1010000,0,0,4454117,15.01
17/11/2020,8330,105420000,12.8(-0.78 %),8330,105420000,0,0,4450987,15.03
18/11/2020,0,0,12.8(0.00 %),0,0,0,0,4450987,15.03
19/11/2020,0,0,12.8(0.00 %),0,0,0,0,4450987,15.03
20/11/2020,0,0,12.8(0.00 %),0,0,0,0,4450987,15.03
23/11/2020,1070,13496000,12.8(0.00 %),1070,13496000,0,0,4449917,15.04
24/11/2020,0,0,12.8(0.00 %),0,0,0,0,4449917,15.04
25/11/2020,1280,16130000,12.6(-1.56 %),1280,16130000,0,0,4448637,15.05
26/11/2020,0,0,12.6(0.00 %),0,0,0,0,4448637,15.05
27/11/2020,0,0,12.8(1.59 %),0,0,0,0,4448637,15.05
30/11/2020,0,0,12.8(0.00 %),0,0,0,0,4448637,15.05
01/12/2020,0,0,12.8(0.00 %),0,0,0,0,4448637,15.05
02/12/2020,0,0,12.6(-1.56 %),0,0,0,0,4448637,15.05
03/12/2020,9610,120130000,12.7(0.79 %),9610,120130000,0,0,4439027,15.12
04/12/2020,10000,125000000,12.6(-0.79 %),10000,125000000,0,0,4429027,15.2
07/12/2020,0,0,12.6(0.00 %),0,0,0,0,4429027,15.2
08/12/2020,0,0,12.6(0.00 %),0,0,0,0,4429027,15.2
09/12/2020,0,0,12.6(0.00 %),0,0,0,0,4429027,15.2
10/12/2020,0,0,12.75(1.19 %),0,0,0,0,4429027,15.2
11/12/2020,0,0,12.75(0.00 %),0,0,0,0,4429027,15.2
14/12/2020,70,889000,12.7(-0.39 %),70,889000,0,0,4428957,15.2
15/12/2020,700,8870000,12.7(0.00 %),700,8870000,0,0,4428257,15.21
16/12/2020,0,0,12.7(0.00 %),0,0,0,0,4428257,15.21
17/12/2020,1000,12750000,12.9(1.57 %),1000,12750000,0,0,4427257,15.21
18/12/2020,30,387000,12.9(0.00 %),30,387000,0,0,4427227,15.21
21/12/2020,0,0,12.9(0.00 %),0,0,0,0,4427227,15.21
22/12/2020,0,0,13.7(6.20 %),0,0,0,0,4427227,15.21
23/12/2020,0,0,13.9(1.46 %),0,0,0,0,4427227,15.21
24/12/2020,0,0,13(-6.47 %),0,0,0,0,4427227,15.21
25/12/2020,0,0,13.5(3.85 %),0,0,0,0,4427227,15.21
28/12/2020,-100,-1440000,14.4(6.67 %),0,0,100,1440000,4427327,15.21
29/12/2020,0,0,14.5(0.69 %),0,0,0,0,4427327,15.21
30/12/2020,0,0,13.6(-6.21 %),0,0,0,0,4427227,15.21
31/12/2020,0,0,13.7(0.74 %),0,0,0,0,4427327,15.21
04/01/2021,-15800,-214950000,13.6(-0.73 %),0,0,15800,214950000,4427327,15.21
05/01/2021,0,0,13.9(2.21 %),0,0,0,0,4427327,15.21
06/01/2021,300,4190000,14.1(1.44 %),300,4190000,0,0,4427027,15.22
07/01/2021,-100,-1400000,14(-0.71 %),0,0,100,1400000,4427127,15.22
08/01/2021,0,0,14(0.00 %),0,0,0,0,4427127,15.22
11/01/2021,-10,-1400000,14(0.00 %),0,0,10,1400000,4442827,15.1
12/01/2021,-1900,-27700000,14.5(3.57 %),300,4200000,2200,31900000,4429127,15.2
13/01/2021,0,0,14.5(0.00 %),0,0,0,0,4429127,15.2
14/01/2021,-290,-42950000,14.8(2.07 %),10,1450000,300,44400000,4442627,15.1
15/01/2021,0,0,15.2(2.70 %),0,0,0,0,4444827,15.08
18/01/2021,-2800,-42560000,15.2(0.00 %),200,3040000,3000,45600000,4434827,15.16
19/01/2021,-100,-14750000,14.7(-3.29 %),0,0,100,14750000,4447627,15.06
20/01/2021,0,0,14.5(-1.36 %),5500,79750000,5500,79750000,4435827,15.15
21/01/2021,0,0,14.7(1.38 %),0,0,0,0,4435827,15.15
22/01/2021,0,0,14.7(0.00 %),0,0,0,0,4446127,15.07
25/01/2021,-5000,-74500000,14.9(1.36 %),0,0,5000,74500000,4440827,15.11
26/01/2021,0,0,14.9(0.00 %),0,0,0,0,4451627,15.03
27/01/2021,10,1430000,14.3(-4.03 %),10,1430000,0,0,4451527,15.03
28/01/2021,5700,80940000,13.3(-6.99 %),5700,80940000,0,0,4435027,15.16
29/01/2021,0,0,13.3(0.00 %),0,0,0,0,4450827,15.03
01/02/2021,0,0,13.3(0.00 %),0,0,0,0,4450827,15.03
02/02/2021,0,0,13.3(0.00 %),0,0,0,0,4450827,15.03
03/02/2021,0,0,13.3(0.00 %),0,0,0,0,4450827,15.03
04/02/2021,0,0,13.3(0.00 %),0,0,0,0,4450827,15.03
05/02/2021,0,0,14.2(6.77 %),0,0,0,0,4450827,15.03
08/02/2021,0,0,14.2(0.00 %),0,0,0,0,4450827,15.03
09/02/2021,-900,-13050000,14.5(2.11 %),0,0,900,13050000,4451727,15.03
17/02/2021,0,0,14.5(0.00 %),0,0,0,0,4450827,15.03
18/02/2021,0,0,14.5(0.00 %),0,0,0,0,4450827,15.03
19/02/2021,0,0,15(3.45 %),0,0,0,0,4451727,15.03
22/02/2021,-15700,-238460000,15.1(0.67 %),0,0,15700,238460000,4467427,14.91
23/02/2021,0,0,15.2(0.66 %),0,0,0,0,4451727,15.03
24/02/2021,0,0,15.2(0.00 %),0,0,0,0,4451727,15.03
25/02/2021,0,0,15.2(0.00 %),0,0,0,0,4467427,14.91
26/02/2021,0,0,14.25(-6.25 %),0,0,0,0,4467427,14.91
01/03/2021,-100,-1425000,14.25(0.00 %),0,0,100,1425000,4467427,14.91
02/03/2021,0,0,14.1(-1.05 %),0,0,0,0,4467427,14.91
03/03/2021,0,0,14.8(4.96 %),0,0,0,0,4467427,14.91
04/03/2021,0,0,14.5(-2.03 %),0,0,0,0,4467527,14.91
05/03/2021,190,27550000,14.5(0.00 %),190,27550000,0,0,4465627,14.92
08/03/2021,0,0,14.55(0.34 %),0,0,0,0,4465627,14.92
09/03/2021,0,0,14.65(0.69 %),0,0,0,0,4465627,14.92
10/03/2021,0,0,14.6(-0.34 %),0,0,0,0,4465527,14.92
11/03/2021,300,4350000,14.5(-0.68 %),300,4350000,0,0,4465227,14.92
12/03/2021,2200,31900000,14.6(0.69 %),2200,31900000,0,0,4463027,14.94
15/03/2021,0,0,14.75(1.03 %),0,0,0,0,4463027,14.94
16/03/2021,20,2940000,14.7(-0.34 %),20,2940000,0,0,4462997,14.94
17/03/2021,0,0,14.8(0.68 %),0,0,0,0,4462997,14.94
18/03/2021,0,0,14.75(-0.34 %),0,0,0,0,4462997,14.94
19/03/2021,0,0,14.8(0.34 %),0,0,0,0,4462827,14.94
22/03/2021,0,0,14.9(0.68 %),0,0,0,0,4463087,14.94
23/03/2021,0,0,14.9(0.00 %),0,0,0,0,4463087,14.94
24/03/2021,0,0,14.9(0.00 %),0,0,0,0,4462827,14.94
25/03/2021,500,7405000,14.85(-0.34 %),500,7405000,0,0,4462327,14.95
26/03/2021,0,0,14.85(0.00 %),0,0,0,0,4462587,14.94
29/03/2021,200,2960000,14.8(-0.34 %),200,2960000,0,0,4462127,14.95
30/03/2021,3000,43800000,14(-5.41 %),3000,43800000,0,0,4459127,14.97
31/03/2021,380,55340000,14.8(5.71 %),380,55340000,0,0,4455587,15.0
01/04/2021,0,0,14.8(0.00 %),0,0,0,0,4455587,15.0
02/04/2021,410,60680000,15.5(4.73 %),410,60680000,0,0,4451487,15.03
05/04/2021,500,7825000,15.7(1.29 %),500,7825000,0,0,4450987,15.03
06/04/2021,200,3140000,15.7(0.00 %),200,3140000,0,0,4450787,15.03
07/04/2021,-2000,-31600000,15.7(0.00 %),0,0,2000,31600000,4452787,15.02
08/04/2021,0,0,15.7(0.00 %),0,0,0,0,4452787,15.02
09/04/2021,0,0,15.8(0.64 %),0,0,0,0,4450787,15.03
12/04/2021,-8000,-122000000,15.75(-0.32 %),0,0,8000,122000000,4460787,14.96
13/04/2021,0,0,15.7(-0.32 %),0,0,0,0,4452787,15.02
14/04/2021,0,0,15.75(0.32 %),0,0,0,0,4460787,14.96
15/04/2021,0,0,15.75(0.00 %),0,0,0,0,4460787,0.0
16/04/2021,0,0,14.7(-6.67 %),0,0,0,0,4460787,14.96
19/04/2021,-4000,-62600000,15.65(6.46 %),0,0,4000,62600000,4464787,14.93
20/04/2021,-90,-14040000,15.6(-0.32 %),0,0,90,14040000,4460787,14.96
22/04/2021,0,0,15.35(-1.60 %),0,0,0,0,4460867,14.96
23/04/2021,0,0,15.5(0.98 %),0,0,0,0,4465687,14.92
26/04/2021,0,0,14.5(-6.45 %),0,0,0,0,4465687,14.92
27/04/2021,0,0,14.65(1.03 %),0,0,0,0,4465687,14.92
28/04/2021,0,0,14.65(0.00 %),0,0,0,0,4465687,14.92
29/04/2021,0,0,15.35(4.78 %),0,0,0,0,4465806,14.92
04/05/2021,300,4410000,14.7(-4.23 %),300,4410000,0,0,4465806,14.92
05/05/2021,0,0,14.5(-1.36 %),0,0,0,0,4465806,14.92
06/05/2021,-600,-8520000,14.8(2.07 %),0,0,600,8520000,4466406,14.92
07/05/2021,0,0,15.35(3.72 %),0,0,0,0,4466406,14.92
10/05/2021,0,0,14.85(-3.26 %),0,0,0,0,4465506,14.92
11/05/2021,0,0,14.2(-4.38 %),0,0,0,0,4466106,14.92
12/05/2021,0,0,14.3(0.70 %),0,0,0,0,4466406,14.92
13/05/2021,0,0,14.5(1.40 %),0,0,0,0,4466406,14.92
14/05/2021,0,0,14.6(0.69 %),0,0,0,0,4466406,14.92
17/05/2021,0,0,14.6(0.00 %),0,0,0,0,4466185,14.92
18/05/2021,0,0,14.55(-0.34 %),0,0,0,0,4466406,14.92
19/05/2021,0,0,14.65(0.69 %),0,0,0,0,4466406,14.92
20/05/2021,0,0,14.2(-3.07 %),0,0,0,0,4466406,14.92
21/05/2021,0,0,14.3(0.70 %),0,0,0,0,4466406,14.92
24/05/2021,0,0,14.2(-0.70 %),0,0,0,0,4466406,14.92
25/05/2021,-500,-7550000,15.1(6.34 %),0,0,500,7550000,4466906,14.91
26/05/2021,0,0,15.05(-0.33 %),0,0,0,0,4466185,14.92
27/05/2021,0,0,15.15(0.66 %),0,0,0,0,4466906,14.91
28/05/2021,0,0,15.15(0.00 %),0,0,0,0,4466685,14.91
31/05/2021,4000,56400000,14.25(-5.94 %),4000,56400000,0,0,4462906,14.94
01/06/2021,200,2870000,14.6(2.46 %),200,2870000,0,0,4462685,14.94
02/06/2021,0,0,14.5(-0.68 %),0,0,0,0,4462485,14.95
03/06/2021,10,1480000,14.8(2.07 %),10,1480000,0,0,4462385,14.95
04/06/2021,0,0,14.8(0.00 %),0,0,0,0,4462585,14.94
07/06/2021,500,7075000,14.1(-4.73 %),500,7075000,0,0,4462085,14.95
08/06/2021,0,0,14.5(2.84 %),0,0,0,0,4461885,14.95
09/06/2021,0,0,14.2(-2.07 %),0,0,0,0,4461885,14.95
10/06/2021,0,0,14(-1.41 %),0,0,0,0,4462085,14.95
11/06/2021,0,0,14(0.00 %),0,0,0,0,4461885,14.95
14/06/2021,0,0,14(0.00 %),0,0,0,0,4462085,14.95
15/06/2021,0,0,14.3(2.14 %),0,0,0,0,4461885,14.95
16/06/2021,10,1410000,14.05(-1.75 %),10,1410000,0,0,4461785,14.95
17/06/2021,0,0,14.1(0.36 %),0,0,0,0,4461785,14.95
18/06/2021,-3400,-47600000,14.5(2.84 %),500,7000000,3900,54600000,4465385,14.92
21/06/2021,0,0,14.45(-0.34 %),0,0,0,0,4465385,14.92
22/06/2021,0,0,14.4(-0.35 %),0,0,0,0,4461285,14.95
23/06/2021,0,0,14.2(-1.39 %),0,0,0,0,4461285,14.95
24/06/2021,0,0,14.15(-0.35 %),0,0,0,0,4465185,14.93
25/06/2021,0,0,14.15(0.00 %),0,0,0,0,4465185,14.93
28/06/2021,0,0,14.15(0.00 %),0,0,0,0,4461285,14.95
29/06/2021,0,0,14.2(0.35 %),0,0,0,0,4461285,14.95
30/06/2021,0,0,14.15(-0.35 %),0,0,0,0,4465276,14.92
01/07/2021,0,0,14.2(0.35 %),0,0,0,0,4465276,14.92
02/07/2021,0,0,14.4(1.41 %),0,0,0,0,4465276,14.92
05/07/2021,600,8454600,14.4(0.00 %),600,8454600,0,0,4464676,14.93
06/07/2021,0,0,14.1(-2.08 %),0,0,0,0,4464676,14.93
07/07/2021,160,23120000,14.45(2.48 %),160,23120000,0,0,4463076,14.94
08/07/2021,0,0,14(-3.11 %),0,0,0,0,4463076,14.94
09/07/2021,200,28000000,14(0.00 %),200,28000000,0,0,4461076,14.96
12/07/2021,0,0,14.2(1.43 %),0,0,0,0,4461076,14.96
13/07/2021,0,0,14.2(0.00 %),0,0,0,0,4461076,14.96
14/07/2021,0,0,14.2(0.00 %),0,0,0,0,4461076,14.96
15/07/2021,0,0,14(-1.41 %),0,0,0,0,4461076,14.96
16/07/2021,0,0,13.4(-4.29 %),0,0,0,0,4461076,14.96
19/07/2021,0,0,13.4(0.00 %),0,0,0,0,4461076,14.96
20/07/2021,0,0,13.45(0.37 %),0,0,0,0,4461076,14.96
21/07/2021,0,0,13.9(3.35 %),0,0,0,0,4461076,14.96
22/07/2021,0,0,13.85(-0.36 %),0,0,0,0,4461076,14.96
23/07/2021,0,0,13.8(-0.36 %),0,0,0,0,4461116,14.96
26/07/2021,0,0,13.35(-3.26 %),0,0,0,0,4461076,14.96
27/07/2021,0,0,13.9(4.12 %),0,0,0,0,4461076,14.96
28/07/2021,0,0,13.7(-1.44 %),0,0,0,0,4461076,14.96
29/07/2021,0,0,13.7(0.00 %),0,0,0,0,4461076,14.96
30/07/2021,200,2680000,13.5(-1.46 %),200,2680000,0,0,4460876,14.96
02/08/2021,0,0,13.9(2.96 %),0,0,0,0,4460916,14.96
03/08/2021,0,0,14(0.72 %),0,0,0,0,4460916,14.96
04/08/2021,0,0,14.1(0.71 %),0,0,0,0,4460916,14.96
05/08/2021,-1000,-14050000,14.2(1.43 %),1200,16800000,2200,30850000,4461916,14.95
06/08/2021,0,0,14.3(0.70 %),0,0,0,0,4461916,14.95
09/08/2021,0,0,14.3(0.00 %),0,0,0,0,4461916,14.95
10/08/2021,0,0,14.4(0.70 %),0,0,0,0,4461916,14.95
11/08/2021,-19700,-295220000,15.4(6.94 %),0,0,19700,295220000,4481616,14.8
12/08/2021,0,0,16.1(4.55 %),0,0,0,0,4481616,14.8
13/08/2021,1600,0,17.05(5.90 %),1600,0,0,0,4480016,14.81
16/08/2021,3100,49290000,15.95(-6.45 %),3100,49290000,0,0,4476916,14.84
17/08/2021,0,0,15.75(-1.25 %),0,0,0,0,4476916,14.84
18/08/2021,0,0,15.7(-0.32 %),0,0,0,0,4476916,14.84
19/08/2021,0,0,15.1(-3.82 %),0,0,0,0,4476916,14.84
20/08/2021,6000,90600000,15.1(0.00 %),7200,108720000,1200,18120000,4470916,14.88
23/08/2021,8000,120200000,14.95(-0.99 %),8000,120200000,0,0,4462916,14.94
24/08/2021,-6000,-87600000,14.6(-2.34 %),0,0,6000,87600000,4468916,14.9
25/08/2021,0,0,14.75(1.03 %),0,0,0,0,4468916,14.9
26/08/2021,0,0,14.7(-0.34 %),0,0,0,0,4468916,14.9
27/08/2021,0,0,15.2(3.40 %),0,0,0,0,4468916,14.9
30/08/2021,0,0,15.5(1.97 %),0,0,0,0,4468916,14.9
31/08/2021,0,0,15.65(0.97 %),0,0,0,0,4468916,14.9
01/09/2021,0,0,15.5(-0.96 %),0,0,0,0,4468916,14.9
06/09/2021,-10000,-157060000,15.85(2.26 %),0,0,10000,157060000,4478916,14.82
07/09/2021,0,0,15.8(-0.32 %),0,0,0,0,4478916,14.82
08/09/2021,2800,44220000,15.9(0.63 %),2800,44220000,0,0,4476116,14.84
09/09/2021,0,0,15.9(0.00 %),0,0,0,0,4476116,14.84
10/09/2021,1000,16275000,16.3(2.52 %),1000,16275000,0,0,4475116,14.85
13/09/2021,0,0,16.2(-0.61 %),0,0,0,0,4475116,14.85
14/09/2021,0,0,16.05(-0.93 %),0,0,0,0,4475116,14.85
15/09/2021,-1500,-24150000,16.25(1.25 %),0,0,1500,24150000,4476616,14.84
16/09/2021,0,0,16.3(0.31 %),0,0,0,0,4476616,14.84
17/09/2021,-600,-9600000,16.05(-1.53 %),0,0,600,9600000,4477216,14.83
20/09/2021,-1400,-22260000,15.8(-1.56 %),0,0,1400,22260000,4478616,14.82
21/09/2021,-5000,-77200000,15.5(-1.90 %),0,0,5000,77200000,4483616,14.78
22/09/2021,-7000,-109900000,15.95(2.90 %),0,0,7000,109900000,4490616,14.73
23/09/2021,0,0,16.15(1.25 %),0,0,0,0,4490616,14.73
24/09/2021,0,0,15.8(-2.17 %),0,0,0,0,4490616,14.73
27/09/2021,0,0,15.3(-3.16 %),0,0,0,0,4490616,14.73
28/09/2021,-8000,-120000000,15.7(2.61 %),0,0,8000,120000000,4498616,14.67
29/09/2021,0,0,15.65(-0.32 %),0,0,0,0,4498616,14.67
30/09/2021,0,0,15.65(0.00 %),0,0,0,0,4498616,14.67
01/10/2021,0,0,15.75(0.64 %),0,0,0,0,4498686,14.67
04/10/2021,-10000,-151120000,15.55(-1.27 %),0,0,10000,151120000,4508686,14.59
05/10/2021,0,0,15.55(0.00 %),0,0,0,0,4508686,14.59
06/10/2021,-100,-1565000,15.6(0.32 %),0,0,100,1565000,4508786,0.0
07/10/2021,-4900,-74095000,15.55(-0.32 %),0,0,4900,74095000,4513686,0.0
08/10/2021,0,0,15.5(-0.32 %),0,0,0,0,4513686,0.0
11/10/2021,0,0,15.6(0.65 %),0,0,0,0,4513686,0.0
12/10/2021,0,0,15.35(-1.60 %),0,0,0,0,4513686,0.0
13/10/2021,-5000,-76405000,15.1(-1.63 %),0,0,5000,76405000,4518686,0.0
14/10/2021,0,0,15.8(4.64 %),0,0,0,0,4518686,0.0
15/10/2021,0,0,15.45(-2.22 %),0,0,0,0,4518686,0.0
18/10/2021,0,0,15.6(0.97 %),0,0,0,0,4518686,0.0
19/10/2021,4000,63600000,15.8(1.28 %),4000,63600000,0,0,4514686,0.0
20/10/2021,7500,118350000,15.7(-0.63 %),7500,118350000,0,0,4507186,0.0
21/10/2021,0,0,15.7(0.00 %),0,0,0,0,4514686,0.0
22/10/2021,0,0,15.5(-1.27 %),0,0,0,0,4514686,0.0
25/10/2021,0,0,15.35(-0.97 %),0,0,0,0,4514686,0.0
26/10/2021,0,0,15.35(0.00 %),0,0,0,0,4514686,0.0
27/10/2021,0,0,15.35(0.00 %),0,0,0,0,4514686,0.0
28/10/2021,0,0,16.2(5.54 %),0,0,0,0,4514686,14.55
29/10/2021,-5000,-77705000,16(-1.23 %),0,0,5000,77705000,4519686,14.51
01/11/2021,-5000,-78055000,15.6(-2.50 %),0,0,5000,78055000,4507186,14.6
02/11/2021,0,0,16(2.56 %),0,0,0,0,4507186,14.6
03/11/2021,0,0,15.7(-1.88 %),0,0,0,0,4507186,0.0
04/11/2021,0,0,16(1.91 %),0,0,0,0,4507186,0.0
05/11/2021,8500,135745000,15.95(-0.31 %),8500,135745000,0,0,4498686,0.0
08/11/2021,0,0,16.05(0.63 %),0,0,0,0,4507186,14.6
09/11/2021,0,0,16.05(0.00 %),0,0,0,0,4507186,14.6
10/11/2021,0,0,16(-0.31 %),0,0,0,0,4507186,14.6
11/11/2021,-16000,-266010000,16.6(3.75 %),3100,49600000,19100,315610000,4523186,14.48
12/11/2021,-10000,-166000000,16.5(-0.60 %),0,0,10000,166000000,4533186,14.41
15/11/2021,-33600,-562030000,16.8(1.82 %),1000,16800000,34600,578830000,4566786,14.15
16/11/2021,-28200,-478510000,17.3(2.98 %),0,0,28200,478510000,4594986,13.93
17/11/2021,-56700,-941250000,16.5(-4.62 %),20500,338250000,77200,1279500000,4651686,13.5
18/11/2021,-2000,-34600000,17.2(4.24 %),0,0,2000,34600000,4653686,13.49
19/11/2021,-159600,-2709540000,16.95(-1.45 %),2000,34000000,161600,2743540000,4813286,12.27
22/11/2021,-78300,-1328860000,16.95(0.00 %),0,0,78300,1328860000,4891586,11.67
23/11/2021,-87900,-1477150000,16.8(-0.88 %),0,0,87900,1477150000,4979486,11.0
24/11/2021,-54000,-901770000,16.6(-1.19 %),4000,67200000,58000,968970000,5033486,10.59
25/11/2021,-221600,-3668305000,16.5(-0.60 %),100,1650000,221700,3669955000,5255086,8.9
26/11/2021,1000,15650000,15.65(-98.99 %),1000,15650000,0,0,5254086,0.0
29/11/2021,0,0,15.65(0.00 %),0,0,0,0,5254086,8.9
30/11/2021,100,1530000,15.05(-3.83 %),100,1530000,0,0,5253986,8.91
01/12/2021,0,0,15(-0.33 %),0,0,0,0,5244886,8.97
02/12/2021,0,0,14.65(-2.33 %),0,0,0,0,5244886,8.97
03/12/2021,0,0,14.65(0.00 %),0,0,0,0,5244886,8.97
06/12/2021,0,0,14.65(0.00 %),0,0,0,0,5244886,8.97
07/12/2021,0,0,14.45(-1.37 %),0,0,0,0,5244886,8.97
08/12/2021,0,0,14.6(1.04 %),0,0,0,0,5244886,8.97
09/12/2021,0,0,14.6(0.00 %),0,0,0,0,5244886,0.0
10/12/2021,0,0,14.5(-0.68 %),0,0,0,0,5244886,8.97
13/12/2021,-200,-2900000,14.6(0.69 %),0,0,200,2900000,5245086,8.97
14/12/2021,0,0,14.9(2.05 %),0,0,0,0,5245086,0.0
15/12/2021,-300,-4435000,14.75(-1.01 %),0,0,300,4435000,5245386,0.0
16/12/2021,0,0,14.75(0.00 %),0,0,0,0,5245386,0.0
17/12/2021,100,1460000,14.7(-0.34 %),100,1460000,0,0,5245286,0.0
20/12/2021,0,0,14.5(-1.36 %),0,0,0,0,5245286,0.0
21/12/2021,0,0,14.55(0.34 %),0,0,0,0,5245286,0.0
22/12/2021,0,0,14.65(0.34 %),0,0,0,0,5245286,0.0
23/12/2021,0,0,14.65(-0.34 %),0,0,0,0,5245286,0.0
24/12/2021,1800,26400600,14.7(0.00 %),1800,26400600,0,0,5243486,0.0
27/12/2021,0,0,14.85(1.02 %),0,0,0,0,5243486,8.99
28/12/2021,0,0,14.8(-0.67 %),0,0,0,0,5243486,0.0
29/12/2021,-300,-4425000,14.8(0.00 %),0,0,300,4425000,5243486,8.99
30/12/2021,0,0,14.8(0.00 %),0,0,0,0,5243486,8.99
31/12/2021,0,0,14.85(0.34 %),0,0,0,0,5243786,8.98
04/01/2022,0,0,14.85(-0.34 %),0,0,0,0,5243786,8.98
05/01/2022,0,0,14.8(-0.67 %),0,0,0,0,5243786,8.98
06/01/2022,4800,70035000,14.7(-0.68 %),4800,70035000,0,0,5238986,9.02
07/01/2022,7000,102900000,14.75(0.34 %),7000,102900000,0,0,5231986,9.07
10/01/2022,-500,0,14.6(-1.35 %),0,0,500,0,5231986,9.07
11/01/2022,0,0,14.45(-1.03 %),0,0,0,0,5231986,9.07
12/01/2022,0,0,14.75(1.72 %),0,0,0,0,5232486,9.07
13/01/2022,0,0,14.7(-0.68 %),0,0,0,0,5232486,9.07
14/01/2022,0,0,14.6(-0.68 %),0,0,0,0,5232486,9.07
17/01/2022,4000,57600000,14.25(-2.40 %),4000,57600000,0,0,5228486,9.1
18/01/2022,0,0,14.1(-1.05 %),0,0,0,0,5228486,9.1
19/01/2022,0,0,13.9(-1.42 %),0,0,0,0,5228486,9.1
20/01/2022,0,0,14.15(2.54 %),0,0,0,0,5228486,9.1
21/01/2022,0,0,14.15(-0.35 %),0,0,0,0,5228486,9.1
24/01/2022,-500,-6980000,14.1(-0.70 %),0,0,500,6980000,5228486,9.1
25/01/2022,0,0,14.2(0.71 %),0,0,0,0,5228486,9.1
26/01/2022,0,0,14.2(0.00 %),0,0,0,0,5228986,9.1
27/01/2022,0,0,14.3(0.70 %),0,0,0,0,5228986,9.1
28/01/2022,0,0,14(-2.10 %),0,0,0,0,5228986,9.1
07/02/2022,0,0,14.4(2.86 %),0,0,0,0,5228986,9.1
08/02/2022,3400,49300000,14.4(0.00 %),3400,49300000,0,0,5225586,9.12
09/02/2022,0,0,14.45(0.35 %),0,0,0,0,5225586,9.12
10/02/2022,0,0,14.4(-0.69 %),0,0,0,0,5225586,9.12
11/02/2022,0,0,14.45(0.35 %),0,0,0,0,5225586,9.12
14/02/2022,4000,57800000,14.45(-0.34 %),4000,57800000,0,0,5221586,9.15
15/02/2022,0,0,14.4(-0.69 %),0,0,0,0,5221586,9.15
16/02/2022,0,0,14.4(0.00 %),0,0,0,0,5221586,9.15
17/02/2022,0,0,14.45(0.35 %),0,0,0,0,5221586,9.15
18/02/2022,0,0,14.4(-0.69 %),0,0,0,0,5221586,9.15
21/02/2022,3000,43800000,14.55(1.04 %),3000,43800000,0,0,5218586,9.18
22/02/2022,0,0,14.7(0.68 %),0,0,0,0,5218586,9.18
23/02/2022,0,0,14.7(0.00 %),0,0,0,0,5218586,9.18
24/02/2022,0,0,14.25(-3.06 %),0,0,0,0,5218586,9.18
25/02/2022,0,0,14.6(2.10 %),0,0,0,0,5218586,9.18
28/02/2022,0,0,14.3(-2.05 %),0,0,0,0,5218586,9.18
01/03/2022,0,0,14.2(-0.70 %),0,0,0,0,5218586,9.18
02/03/2022,0,0,14.15(-0.35 %),0,0,0,0,5218586,9.18
03/03/2022,3200,45440000,14.4(1.41 %),3200,45440000,0,0,5215386,9.2
04/03/2022,3500,51100000,14.4(0.00 %),3500,51100000,0,0,5211886,9.23
07/03/2022,-12800,-183820000,14.5(0.69 %),200,2880000,13000,186700000,5211686,9.23
08/03/2022,0,0,14.4(-0.69 %),0,0,0,0,5211686,9.23
09/03/2022,-5400,-77025000,14.2(-1.39 %),0,0,5400,77025000,5224686,9.13
10/03/2022,0,0,14.3(0.70 %),0,0,0,0,5224686,9.13
11/03/2022,-14700,-212160000,14.8(3.50 %),0,0,14700,212160000,5230086,9.09
14/03/2022,-3400,-49290000,14.4(-2.70 %),0,0,3400,49290000,5230086,9.09
15/03/2022,0,0,14.25(-1.04 %),0,0,0,0,5244786,8.98
16/03/2022,0,0,14.6(2.10 %),0,0,0,0,5248186,8.95
17/03/2022,0,0,14.75(1.03 %),0,0,0,0,5248186,8.95
18/03/2022,0,0,14.9(0.68 %),0,0,0,0,5248186,8.95
21/03/2022,0,0,14.6(-2.01 %),0,0,0,0,5248186,8.95
22/03/2022,0,0,14.8(1.37 %),0,0,0,0,5248186,8.95
23/03/2022,0,0,14.65(-1.01 %),0,0,0,0,5248186,8.95
24/03/2022,0,0,14.8(0.68 %),0,0,0,0,5248186,8.95
25/03/2022,0,0,14.8(0.00 %),0,0,0,0,5248186,8.95
28/03/2022,0,0,14.8(0.00 %),0,0,0,0,5248186,8.95
29/03/2022,0,0,14.8(0.00 %),0,0,0,0,5248186,8.95
30/03/2022,0,0,14.7(-0.68 %),0,0,0,0,5248186,8.95
31/03/2022,27400,414270000,15.7(6.80 %),27400,414270000,0,0,5220786,9.16
01/04/2022,0,0,16.75(6.69 %),0,0,0,0,5220786,9.16
04/04/2022,-1000,-17350000,17.45(3.87 %),0,0,1000,17350000,5220786,9.16
05/04/2022,0,0,16.4(-6.29 %),0,0,0,0,5220786,9.16
06/04/2022,800,13080000,15.8(-3.66 %),800,13080000,0,0,5220986,9.16
07/04/2022,0,0,15.5(-1.90 %),0,0,0,0,5220986,0.0
08/04/2022,0,0,15.45(-0.32 %),0,0,0,0,5220986,9.16
12/04/2022,0,0,15(-2.91 %),0,0,0,0,5220986,0.0
13/04/2022,0,0,14.5(-3.33 %),0,0,0,0,5220986,9.16
14/04/2022,0,0,15.5(6.90 %),0,0,0,0,5220986,9.16
15/04/2022,0,0,15.8(1.94 %),0,0,0,0,5220986,9.16
18/04/2022,0,0,15.4(-2.53 %),0,0,0,0,5220986,9.16
19/04/2022,0,0,14.8(-3.90 %),0,0,0,0,5220986,9.16
20/04/2022,0,0,14.8(0.00 %),0,0,0,0,5220986,0.0
21/04/2022,0,0,14.6(-1.35 %),0,0,0,0,5220986,9.16
22/04/2022,0,0,13.6(-6.85 %),0,0,0,0,5220986,9.16
25/04/2022,30100,415905000,13.6(0.00 %),30900,426705000,800,10800000,5190086,9.39
26/04/2022,3500,46900000,13.9(2.21 %),3500,46900000,0,0,5186586,9.42
27/04/2022,0,0,13.8(-0.72 %),0,0,0,0,5187386,9.41
28/04/2022,0,0,13.6(-1.45 %),0,0,0,0,5187386,9.41
29/04/2022,3200,45420000,14.5(6.62 %),3200,45420000,0,0,5184186,9.44
04/05/2022,0,0,15.4(6.21 %),0,0,0,0,5184186,9.44
05/05/2022,0,0,14.35(-6.82 %),0,0,0,0,5184186,0.0
06/05/2022,100,1385000,13.85(-3.82 %),100,1385000,0,0,5184086,9.44
09/05/2022,0,0,13.3(-4.32 %),0,0,0,0,5184086,9.44
10/05/2022,0,0,13.3(0.00 %),0,0,0,0,5184086,9.44
11/05/2022,0,0,13.55(1.88 %),0,0,0,0,5184086,0.0
12/05/2022,0,0,12.7(-6.27 %),0,0,0,0,5184086,0.0
13/05/2022,0,0,12.1(-4.72 %),0,0,0,0,5184086,9.44
16/05/2022,22200,270840000,12.2(0.83 %),22200,270840000,0,0,5161886,9.61
17/05/2022,11600,147320000,12.7(4.10 %),11600,147320000,0,0,5150286,9.7
18/05/2022,12000,159000000,13.25(4.33 %),12000,159000000,0,0,5138286,9.79
19/05/2022,0,159000000,12.75(-4.14 %),0,159000000,0,0,5138286,9.79
20/05/2022,0,0,12.9(0.78 %),100,1290000,100,1290000,5138186,9.79
23/05/2022,2500,31625000,12.65(-1.94 %),2500,31625000,0,0,5135686,9.81
24/05/2022,2000,25300000,12.65(-0.39 %),2000,25300000,0,0,5133786,9.82
25/05/2022,1400,17920000,12.8(0.79 %),1400,17920000,0,0,5132386,9.83
26/05/2022,2000,25800000,12.9(0.78 %),2000,25800000,0,0,5130386,9.85
27/05/2022,4800,62640000,13.05(1.16 %),4800,62640000,0,0,5125586,9.89
30/05/2022,10700,142310000,13.3(1.53 %),10700,142310000,0,0,5114886,9.97
31/05/2022,5800,76560000,13.2(-0.75 %),5800,76560000,0,0,5109086,10.01
01/06/2022,10100,131300000,13(-1.52 %),10100,131300000,0,0,5098986,10.09
02/06/2022,9600,126720000,13.2(1.54 %),9600,126720000,0,0,5089386,10.16
03/06/2022,7800,102570000,13.15(-0.38 %),7800,102570000,0,0,5081586,10.22
06/06/2022,3000,39295000,13.15(-0.38 %),3000,39295000,0,0,5078586,10.24
07/06/2022,1000,13000000,13(-1.52 %),1000,13000000,0,0,5077586,10.25
08/06/2022,0,13000000,12.85(-1.15 %),0,13000000,0,0,5077586,10.25
09/06/2022,800,10400000,13(0.78 %),800,10400000,0,0,5076786,10.26
10/06/2022,0,10400000,12.85(-1.15 %),0,10400000,0,0,5076786,10.26
13/06/2022,0,10400000,12.95(0.39 %),0,10400000,0,0,5076786,10.26
14/06/2022,0,10400000,12.95(-0.38 %),0,10400000,0,0,5076786,10.26
15/06/2022,0,10400000,12.8(-1.54 %),0,10400000,0,0,5076786,10.26
16/06/2022,5900,75520000,12.8(0.00 %),6000,76800000,100,1280000,5070786,10.3
17/06/2022,0,75520000,12.3(-3.91 %),0,76800000,0,1280000,5070786,10.3
20/06/2022,5000,62600000,12.5(1.63 %),5000,62600000,0,0,5065886,10.34
21/06/2022,0,62500000,12.85(2.80 %),0,62500000,0,0,5065886,10.34
22/06/2022,0,62500000,12.35(-4.26 %),0,62500000,0,0,5065886,10.34
23/06/2022,100,1250000,12.5(0.81 %),100,1250000,0,0,5065786,10.34
24/06/2022,0,1250000,12.25(-2.00 %),0,1250000,0,0,5065786,10.34
27/06/2022,9500,116700000,12.3(0.00 %),9500,116700000,0,0,5056286,10.41
28/06/2022,7800,97890000,12.55(2.03 %),7800,97890000,0,0,5048486,10.47
29/06/2022,1400,17150000,12.25(-2.78 %),1400,17150000,0,0,5047086,10.48
30/06/2022,400,4880000,12.2(-0.81 %),400,4880000,0,0,5046686,10.49
01/07/2022,500,6100000,12.2(0.00 %),500,6100000,0,0,5046186,10.49
04/07/2022,0,0,12.45(2.05 %),0,0,0,0,5045986,10.49
05/07/2022,3100,38440000,12.4(-0.80 %),3100,38440000,0,0,5043086,10.51
06/07/2022,1600,19280000,12.05(-2.82 %),1600,19280000,0,0,5041486,10.53
07/07/2022,2500,30125000,12.05(-0.41 %),2500,30125000,0,0,5038986,10.55
08/07/2022,0,82500000,12.5(3.31 %),0,82500000,0,0,5038986,10.55
11/07/2022,0,82500000,12.45(-0.40 %),0,82500000,0,0,5032386,10.6
12/07/2022,200,2460000,12.3(-1.60 %),200,2460000,0,0,5032186,10.6
13/07/2022,2500,30875000,12.35(0.41 %),2500,30875000,0,0,5029686,10.62
14/07/2022,0,30875000,12.2(-1.61 %),0,30875000,0,0,5029686,10.62
15/07/2022,0,30875000,12.25(0.41 %),0,30875000,0,0,5029686,10.62
18/07/2022,0,30875000,12.25(-0.41 %),0,30875000,0,0,5029686,10.62
19/07/2022,0,30875000,12.5(1.63 %),0,30875000,0,0,5029686,10.62
20/07/2022,0,30875000,12.3(-1.60 %),0,30875000,0,0,5029686,10.62
21/07/2022,0,30875000,12.3(0.00 %),0,30875000,0,0,5029686,10.62
22/07/2022,100,30875000,12.3(0.00 %),100,30875000,0,0,5029686,10.62
25/07/2022,0,30875000,12.3(0.00 %),0,30875000,0,0,5029686,10.62
26/07/2022,0,30875000,12.2(-0.81 %),0,30875000,0,0,5029686,10.62
27/07/2022,1400,17570000,12.55(2.87 %),1400,17570000,0,0,5028286,10.63
28/07/2022,7600,101840000,13.4(6.35 %),7600,101840000,0,0,5020686,10.69
29/07/2022,1200,15180000,12.65(-5.60 %),1200,15180000,0,0,5019486,10.7
01/08/2022,0,15180000,13(2.36 %),0,15180000,0,0,5019486,10.7
02/08/2022,0,15180000,12.95(-0.38 %),0,15180000,0,0,5019486,10.7
03/08/2022,0,15180000,13(0.00 %),0,15180000,0,0,5019486,10.7
04/08/2022,2100,27300000,13(0.00 %),2100,27300000,0,0,5017386,10.71
05/08/2022,1300,17160000,13.2(1.54 %),1300,17160000,0,0,5016086,10.72
08/08/2022,100,1360000,13.6(3.03 %),100,1360000,0,0,5015986,10.72
09/08/2022,4500,59400000,13.2(-2.94 %),4500,59400000,0,0,5011486,10.76
10/08/2022,5000,67500000,13.5(2.27 %),5000,67500000,0,0,5006486,10.79
11/08/2022,11900,160650000,13.5(0.00 %),12000,162000000,100,1350000,4994486,10.89
12/08/2022,25200,340200000,13.5(0.00 %),25200,340200000,0,0,4969286,11.08
15/08/2022,4700,63920000,13.6(0.74 %),4700,63920000,0,0,4964686,11.11
16/08/2022,2500,33875000,13.55(-0.37 %),2500,33875000,0,0,4962186,11.13
17/08/2022,2900,39150000,13.5(-0.74 %),2900,39150000,0,0,4959286,11.15
18/08/2022,0,39150000,13.5(0.00 %),0,39150000,0,0,4959286,11.15
19/08/2022,0,39150000,13.5(0.00 %),0,39150000,0,0,4959286,11.15
22/08/2022,0,39150000,13.5(0.00 %),0,39150000,0,0,4959286,11.15
23/08/2022,0,39150000,13.5(0.00 %),0,39150000,0,0,4959286,11.15
24/08/2022,-100,-1365000,13.65(1.11 %),0,0,100,1365000,4959286,11.15
25/08/2022,200,2720000,13.6(-0.73 %),300,4080000,100,1360000,4958986,11.16
26/08/2022,0,2720000,13.6(0.00 %),0,4080000,0,1360000,4959086,11.16
29/08/2022,-100,-1285000,12.85(-5.51 %),0,0,100,1285000,4959186,11.16
30/08/2022,200,2640000,13.2(2.33 %),200,2640000,0,0,4958986,11.16
31/08/2022,0,2640000,13.2(0.00 %),0,2640000,0,0,4959086,11.16
05/09/2022,4500,58950000,13.1(-0.76 %),4500,58950000,0,0,4954586,11.19
06/09/2022,-100,-1315000,13.15(0.38 %),0,0,100,1315000,4954586,11.19
07/09/2022,900,11790000,13.1(-0.76 %),900,11790000,0,0,4953686,11.2
08/09/2022,10600,139920000,13.2(0.76 %),10700,141240000,100,1320000,4943086,11.28
09/09/2022,3000,39600000,13.2(0.00 %),3000,39600000,0,0,4940086,11.3
12/09/2022,0,39600000,13.2(0.00 %),0,39600000,0,0,4940186,11.3
13/09/2022,0,39600000,13.2(0.00 %),0,39600000,0,0,4940186,11.3
14/09/2022,0,39600000,13.05(-1.14 %),0,39600000,0,0,4940186,11.3
15/09/2022,0,39600000,12.7(-3.05 %),0,39600000,0,0,0,11.3
16/09/2022,0,39600000,13(2.36 %),0,39600000,0,0,4940186,11.3
19/09/2022,0,39600000,12.5(-3.85 %),0,39600000,0,0,4940186,0.0
20/09/2022,0,39600000,12.85(2.80 %),0,39600000,0,0,4940186,11.3
21/09/2022,0,39600000,12.85(-0.39 %),0,39600000,0,0,4940186,11.3
22/09/2022,0,39600000,12.85(-0.39 %),0,39600000,0,0,4940186,11.3
23/09/2022,0,39600000,12.45(-3.49 %),0,39600000,0,0,4940186,11.3
26/09/2022,0,39600000,12.35(-1.20 %),0,39600000,0,0,4940186,11.3
27/09/2022,0,39600000,12.6(1.61 %),0,39600000,0,0,4940186,11.3
28/09/2022,0,39600000,12.1(-3.97 %),0,39600000,0,0,4940186,11.3
29/09/2022,0,39600000,12.7(4.96 %),0,39600000,0,0,4940186,11.3
30/09/2022,300,3600000,12(-5.51 %),300,3600000,0,0,4939886,11.3
03/10/2022,3800,45600000,12(0.00 %),3800,45600000,0,0,4936086,11.33
04/10/2022,0,45600000,12.45(3.75 %),0,45600000,0,0,4936086,11.33
05/10/2022,0,45600000,12.45(-0.40 %),0,45600000,0,0,4936086,11.33
06/10/2022,0,45600000,12.1(-3.20 %),0,45600000,0,0,4936086,11.33
07/10/2022,6500,78650000,12.1(0.00 %),6500,78650000,0,0,4929586,11.38
10/10/2022,-100,-1245000,12.45(2.89 %),0,0,100,1245000,4929586,11.38
11/10/2022,-1000,-12000000,12(-4.00 %),0,0,1000,12000000,4929586,11.38
12/10/2022,0,-12000000,11.5(-4.17 %),0,0,0,12000000,4929686,11.38
13/10/2022,0,-12000000,12.1(5.22 %),0,0,0,12000000,4930686,11.37
14/10/2022,0,-12000000,11.9(5.31 %),0,0,0,12000000,4930686,11.37
17/10/2022,0,-12000000,11.8(-0.84 %),0,0,0,12000000,4930686,11.37
18/10/2022,0,-12000000,11.8(0.00 %),0,0,0,12000000,4930686,11.37
19/10/2022,0,0,11.45(-2.97 %),0,0,0,0,4930686,11.37
20/10/2022,0,0,11(-4.35 %),0,0,0,0,4930686,11.37
21/10/2022,500,5650000,11.65(5.91 %),500,5650000,0,0,4930186,11.38
24/10/2022,0,0,11.8(0.85 %),0,0,0,0,4930186,11.38
25/10/2022,-100,-1500000,11.8(0.00 %),500,5500000,600,7000000,4930286,11.38
26/10/2022,3800,44025000,12(1.69 %),3900,45140000,100,1115000,4926486,11.4
27/10/2022,-100,-1145000,11.45(-4.58 %),0,0,100,1145000,4926386,11.41
28/10/2022,0,-1145000,11.7(1.74 %),0,0,0,1145000,4926486,11.4
31/10/2022,0,-1145000,11.6(-0.85 %),0,0,0,1145000,4926586,11.4
01/11/2022,100,1190000,11.9(2.59 %),200,2380000,100,1190000,4926386,11.41
02/11/2022,0,1190000,11.9(0.00 %),0,2380000,0,1190000,4926386,11.41
03/11/2022,-100,-1120000,11.2(-5.88 %),0,0,100,1120000,4926486,11.4
04/11/2022,0,-1120000,10.65(-4.91 %),0,0,0,1120000,4926486,11.4
07/11/2022,0,-1120000,10.65(-0.47 %),0,0,0,1120000,4926586,11.4
08/11/2022,0,-1120000,10.95(2.34 %),0,0,0,1120000,4926586,11.4
09/11/2022,-1800,-19080000,10.6(-3.64 %),1000,10600000,2800,29680000,4925586,11.41
10/11/2022,0,-19080000,9.95(-6.13 %),0,10600000,0,29680000,4925586,11.41
11/11/2022,0,-19080000,9.95(-0.50 %),0,10600000,0,29680000,4928386,11.39
14/11/2022,0,-19080000,9.95(-0.50 %),0,10600000,0,29680000,4928386,11.39
15/11/2022,0,-19080000,9.99(-0.10 %),0,10600000,0,29680000,4928386,11.39
16/11/2022,-100,-1060000,10.6(6.00 %),0,0,100,1060000,4928386,11.39
17/11/2022,-1000,-10600000,10.6(0.00 %),0,0,1000,10600000,4928386,11.39
18/11/2022,1000,9920000,9.92(-6.42 %),1000,9920000,0,0,4927486,11.4
21/11/2022,0,9920000,9.92(0.20 %),0,9920000,0,0,4928486,11.39
22/11/2022,0,9920000,10(1.01 %),0,9920000,0,0,4928486,11.39
23/11/2022,-1,-9510,9.51(-4.90 %),0,0,1,9510,4928486,11.39
24/11/2022,0,-9510,10.05(5.68 %),0,0,0,9510,4928486,11.39
25/11/2022,0,-9510,10.05(-0.50 %),0,0,0,9510,4928487,11.39
28/11/2022,0,-9510,9.55(-5.45 %),0,0,0,9510,4928487,11.39
29/11/2022,0,-9510,9.79(1.98 %),0,0,0,9510,4928487,11.39
30/11/2022,3800,39140000,10.3(5.10 %),3800,39140000,0,0,4924687,11.42
01/12/2022,-3100,-31930000,10.3(0.00 %),0,0,3100,31930000,4924687,11.42
02/12/2022,-100,-1055000,10.55(2.43 %),0,0,100,1055000,4924787,0.0
05/12/2022,-7639,-83265100,10.9(2.83 %),0,0,7639,83265100,4932426,0.0
06/12/2022,-100,-1150000,11.5(5.50 %),0,0,100,1150000,4932526,11.36
07/12/2022,-1100,-12595000,11.45(-0.43 %),0,0,1100,12595000,4933626,0.0
08/12/2022,-7300,-77745000,10.65(-7.39 %),11800,125670000,19100,203415000,4923826,11.43
09/12/2022,-100,-1030000,10.3(-3.74 %),0,0,100,1030000,4924926,11.42
12/12/2022,0,-1030000,10.3(0.00 %),0,0,0,1030000,4941026,11.29
13/12/2022,0,-1030000,10.4(0.97 %),0,0,0,1030000,4941026,0.0
14/12/2022,0,-1030000,10.4(0.00 %),0,0,0,1030000,4941026,11.29
15/12/2022,0,-1030000,10.55(1.44 %),0,0,0,1030000,4941026,11.29
16/12/2022,0,-1030000,10.55(-0.47 %),0,0,0,1030000,4941026,11.29
19/12/2022,0,-1030000,10.35(-2.36 %),0,0,0,1030000,4941026,11.29
20/12/2022,0,-1030000,10.35(-0.48 %),0,0,0,1030000,4941026,11.29
21/12/2022,0,-1030000,10.65(2.40 %),0,0,0,1030000,4941026,11.29
22/12/2022,-100,-1065000,10.65(-0.47 %),0,0,100,1065000,4941126,11.29
23/12/2022,0,-1065000,10.5(-1.87 %),0,0,0,1065000,4941126,11.29
26/12/2022,0,-1065000,10.5(0.00 %),0,0,0,1065000,4941126,11.29
27/12/2022,0,-1065000,10.5(0.00 %),0,0,0,1065000,4941126,11.29
28/12/2022,0,-1065000,10.2(-2.86 %),0,0,0,1065000,4941126,11.29
29/12/2022,0,-1065000,10.45(2.45 %),0,0,0,1065000,4944226,11.27
30/12/2022,0,-1065000,10.85(3.33 %),0,0,0,1065000,4944226,11.27
03/01/2023,0,-1065000,10.85(-0.46 %),0,0,0,1065000,4944226,11.27
04/01/2023,0,-1065000,11.3(3.67 %),0,0,0,1065000,4944226,11.27
05/01/2023,0,-1065000,11.3(0.00 %),0,0,0,1065000,4944226,11.27
06/01/2023,0,-1065000,11.3(0.00 %),0,0,0,1065000,4944226,11.27
09/01/2023,0,-1030000,11.85(4.87 %),0,0,0,1030000,4944226,11.27
10/01/2023,-3800,-41990000,11.05(-7.14 %),0,0,3800,41990000,4944226,11.27
11/01/2023,-18400,-193200000,10.5(-5.41 %),0,0,18400,193200000,4944226,11.27
12/01/2023,-700,-7420000,10.6(0.95 %),0,0,700,7420000,4948026,11.24
13/01/2023,-1400,-14840000,10.6(0.00 %),0,0,1400,14840000,4966426,11.1
16/01/2023,0,-14840000,10.6(0.00 %),0,0,0,14840000,4967126,11.09
17/01/2023,0,-14840000,10.7(0.94 %),0,0,0,14840000,4968526,11.08
18/01/2023,-7700,-85085000,11.05(3.27 %),0,0,7700,85085000,4968526,11.08
19/01/2023,-1600,-16960000,10.6(-4.50 %),0,0,1600,16960000,4968526,11.08
27/01/2023,0,-16960000,10.6(0.00 %),0,0,0,16960000,4976226,11.03
30/01/2023,-4200,-44520000,10.6(0.00 %),0,0,4200,44520000,4977826,11.01
31/01/2023,0,-44520000,10.65(0.47 %),0,0,0,44520000,4977826,11.01
01/02/2023,0,-44520000,10.8(0.93 %),0,0,0,44520000,4982026,10.98
02/02/2023,0,-44520000,10.75(-0.46 %),0,0,0,44520000,4982026,10.98
03/02/2023,0,-44520000,10.75(-0.46 %),0,0,0,44520000,4982026,10.98
06/02/2023,0,-44520000,10.75(-0.46 %),0,0,0,44520000,4982026,10.98
07/02/2023,0,-44520000,10.5(-2.78 %),0,0,0,44520000,4982026,10.98
08/02/2023,0,-44520000,10.5(0.00 %),0,0,0,44520000,4982026,10.98
09/02/2023,0,-44520000,10.5(0.00 %),0,0,0,44520000,4982026,10.98
10/02/2023,0,-44520000,10.8(2.86 %),0,0,0,44520000,4982026,10.98
13/02/2023,0,-44520000,10.6(-1.85 %),0,0,0,44520000,4982026,10.98
14/02/2023,200,2060000,10.3(-2.83 %),200,2060000,0,0,4981826,10.98
15/02/2023,0,2060000,10.4(0.97 %),0,2060000,0,0,4981826,10.98
16/02/2023,0,2060000,10.4(0.00 %),0,2060000,0,0,4981826,10.98
17/02/2023,0,2060000,10.95(5.29 %),0,2060000,0,0,4981826,10.98
20/02/2023,-4100,-45100000,11(0.00 %),0,0,4100,45100000,4981826,10.98
21/02/2023,-10000,-106000000,10.6(-3.64 %),0,0,10000,106000000,4981826,10.98
22/02/2023,100,1035000,10.35(-2.36 %),100,1035000,0,0,4985826,10.95
23/02/2023,-700,-7420000,10.6(1.92 %),0,0,700,7420000,4995826,10.88
24/02/2023,0,-7420000,10.5(-0.94 %),0,0,0,7420000,4995826,10.88
27/02/2023,0,-7420000,10.4(-0.95 %),0,0,0,7420000,4996526,10.87
28/02/2023,0,-7420000,10.35(-0.48 %),0,0,0,7420000,4996526,10.87
01/03/2023,0,-7420000,10.55(1.44 %),0,0,0,7420000,4996526,10.87
02/03/2023,400,4120000,10.3(-2.83 %),400,4120000,0,0,4996126,10.87
03/03/2023,0,4120000,10.45(1.46 %),0,4120000,0,0,4996126,10.87
06/03/2023,5000,52000000,10.4(-0.95 %),8400,87360000,3400,35360000,4987726,10.94
07/03/2023,-400,-4080000,10.2(-1.92 %),0,0,400,4080000,4987726,10.94
08/03/2023,0,-4080000,10.2(0.00 %),0,0,0,4080000,4991126,10.91
09/03/2023,0,-4080000,10.4(1.96 %),0,0,0,4080000,4991526,10.91
10/03/2023,-50,-525000,10.5(0.96 %),0,0,50,525000,4991526,10.91
13/03/2023,0,-525000,10.5(0.00 %),0,0,0,525000,4991526,10.91
14/03/2023,0,-525000,10.5(0.00 %),0,0,0,525000,4991576,10.91
15/03/2023,0,-525000,10.6(0.95 %),0,0,0,525000,4991576,10.91
16/03/2023,-1000,-10600000,10.6(0.00 %),0,0,1000,10600000,4991576,10.91
17/03/2023,0,-10600000,10.6(0.00 %),0,0,0,10600000,4991576,10.91
20/03/2023,0,-10600000,10.6(0.00 %),0,0,0,10600000,4992576,10.9
21/03/2023,-8800,-7420000,10.6(0.00 %),0,0,8800,7420000,4992576,10.9
22/03/2023,0,0,10.6(0.00 %),0,0,0,0,4992576,0.0
23/03/2023,-1400,-14380000,10.35(-2.36 %),0,0,1400,14380000,4993976,0.0
24/03/2023,-5200,-53820000,10.35(-0.48 %),0,0,5200,53820000,4999176,0.0
27/03/2023,-5500,-57200000,10.4(0.00 %),0,0,5500,57200000,5004676,0.0
28/03/2023,-3200,-33280000,10.4(0.00 %),0,0,3200,33280000,5007876,0.0
29/03/2023,0,-33280000,10.4(0.00 %),0,0,0,33280000,5013476,10.74
30/03/2023,-10400,-107640000,10.35(-0.48 %),0,0,10400,107640000,5016676,10.72
31/03/2023,0,-107640000,10.35(-0.48 %),0,0,0,107640000,5016676,10.72
03/04/2023,-1300,-13455000,10.35(-0.48 %),0,0,1300,13455000,5027076,10.64
04/04/2023,-900,-9495000,10.55(1.44 %),0,0,900,9495000,5027076,10.64
05/04/2023,-100,-1055000,10.55(-0.47 %),0,0,100,1055000,5028376,10.63
06/04/2023,-2200,-23430000,10.65(0.47 %),0,0,2200,23430000,5029276,10.62
07/04/2023,-1800,-18900000,10.5(-1.87 %),0,0,1800,18900000,5029376,10.62
10/04/2023,-5300,-55915000,10.55(0.48 %),0,0,5300,55915000,5031576,10.6
11/04/2023,0,-55915000,10.6(0.00 %),0,0,0,55915000,5033376,10.59
12/04/2023,-15900,-168540000,10.6(0.00 %),0,0,15900,168540000,5038676,10.55
13/04/2023,-500,-5300000,10.6(0.00 %),0,0,500,5300000,5038676,10.55
14/04/2023,-300,-3120000,10.4(-1.89 %),0,0,300,3120000,5054576,10.43
17/04/2023,-100,-1040000,10.4(0.00 %),0,0,100,1040000,5055076,10.42
18/04/2023,0,-1040000,10.4(0.00 %),0,0,0,1040000,5055376,10.42
19/04/2023,-501,-5260500,10.5(0.96 %),0,0,501,5260500,5055476,10.42
20/04/2023,0,0,10.5(0.00 %),0,0,0,0,5055476,10.42
21/04/2023,-1000,-10400000,10.4(-0.95 %),0,0,1000,10400000,5055977,10.42
24/04/2023,-4000,-40400000,10.1(-2.88 %),0,0,4000,40400000,5055977,10.42
25/04/2023,0,-40400000,10.1(0.00 %),0,0,0,40400000,5056977,10.41
26/04/2023,-20300,-200970000,9.9(-1.98 %),0,0,20300,200970000,5060977,10.38
27/04/2023,-12100,-117634000,10.4(5.05 %),0,0,12100,117634000,5073077,10.29
28/04/2023,-3300,-32698000,9.91(-4.71 %),0,0,3300,32698000,5076377,10.26
04/05/2023,-8000,-78420000,9.88(-0.30 %),0,0,8000,78420000,5081277,10.22
05/05/2023,-10500,-104020000,9.92(0.40 %),0,0,10500,104020000,5096677,10.11
08/05/2023,-8100,-81340000,10.15(2.32 %),0,0,8100,81340000,5104677,10.04
09/05/2023,-2000,-20480000,10.15(-0.49 %),0,0,2000,20480000,5115177,9.96
10/05/2023,-8900,-88326000,9.95(-2.45 %),0,0,8900,88326000,5124077,9.9
11/05/2023,-1100,-10927000,9.81(-1.90 %),0,0,1100,10927000,5125277,9.89
12/05/2023,0,0,9.95(1.53 %),0,0,0,0,5134177,9.82
15/05/2023,-4100,-40955000,10.05(1.01 %),0,0,4100,40955000,5138277,9.79
16/05/2023,-400,-4040000,10.1(0.50 %),1000,10100000,1400,14140000,5138677,9.79
17/05/2023,-38100,-379396000,10.3(1.98 %),0,0,38100,379396000,5176777,9.49
18/05/2023,-200,-2040000,10.25(-0.49 %),0,0,200,2040000,5176977,9.49
19/05/2023,-1200,-12540000,10.6(3.41 %),0,0,1200,12540000,5178177,9.48
22/05/2023,-2100,-21430000,10.3(-2.83 %),0,0,2100,21430000,5180277,9.47
23/05/2023,0,0,10.45(1.46 %),0,0,0,0,5180277,9.47
24/05/2023,-100,-1010000,10.55(0.96 %),0,0,100,1010000,5180377,9.47
25/05/2023,0,0,10(-5.21 %),0,0,0,0,5180377,9.47
26/05/2023,-1500,-14980000,9.9(-1.00 %),0,0,1500,14980000,5181877,9.46
29/05/2023,-9800,-96261000,9.81(-0.91 %),0,0,9800,96261000,5191677,9.38
30/05/2023,-5800,-58000000,10(1.94 %),0,0,5800,58000000,5197477,9.34
31/05/2023,0,0,10.05(0.50 %),0,0,0,0,5197477,9.34
01/06/2023,-1800,-17968000,10(-0.50 %),0,0,1800,17968000,5192777,9.37
02/06/2023,0,-30000,10(0.00 %),2000,20000000,2000,20030000,5192777,9.37
05/06/2023,-4000,-39874000,10(0.00 %),0,0,4000,39874000,5196777,9.34
06/06/2023,-800,-8040000,10.05(0.50 %),0,0,800,8040000,5197577,9.34
07/06/2023,0,0,10.05(0.00 %),0,0,0,0,5197577,9.34
08/06/2023,-1000,-10050000,10(-0.50 %),0,0,1000,10050000,5198577,9.33
09/06/2023,-1200,-11999000,9.99(-0.10 %),0,0,1200,11999000,5199777,9.32
12/06/2023,-2500,-24982000,10(0.10 %),0,0,2500,24982000,5202277,9.3
13/06/2023,0,0,10.1(1.00 %),0,0,0,0,5202277,9.3
14/06/2023,0,0,10(-0.99 %),0,0,0,0,5202277,9.3
15/06/2023,-4000,-40000000,10(0.00 %),0,0,4000,40000000,5206277,9.27
16/06/2023,0,0,10(0.00 %),0,0,0,0,5209877,9.24
19/06/2023,0,0,10(0.00 %),0,0,0,0,5213877,9.21
20/06/2023,0,0,9.96(-0.40 %),0,0,0,0,5213877,9.21
21/06/2023,-1200,-11830000,10.3(3.00 %),2200,22220000,3400,34050000,5211677,9.23
22/06/2023,0,0,10.25(-0.49 %),0,0,0,0,5211677,9.23
23/06/2023,-6700,-67000000,10.15(-1.46 %),0,0,6700,67000000,5218377,9.18
26/06/2023,0,0,10.2(0.00 %),0,0,0,0,5215077,9.2
27/06/2023,-3900,-39445000,10.1(-0.98 %),0,0,3900,39445000,5218977,9.17
28/06/2023,0,0,10.1(0.00 %),0,0,0,0,5218977,9.17
29/06/2023,-2000,-20125000,10.1(0.00 %),0,0,2000,20125000,5220977,9.16
30/06/2023,-2500,-25000000,10(-0.99 %),0,0,2500,25000000,5223477,9.14
03/07/2023,-400,-4040000,10.1(1.00 %),0,0,400,4040000,5225714,9.12
04/07/2023,-1200,-12120000,10.1(0.00 %),0,0,1200,12120000,5226914,9.11
05/07/2023,-3000,-30250000,10.05(-0.50 %),0,0,3000,30250000,5229914,9.09
06/07/2023,-7000,-70000000,10(-0.99 %),0,0,7000,70000000,5231814,9.07
07/07/2023,-6200,-62010000,10.05(0.50 %),0,0,6200,62010000,5234814,9.05
10/07/2023,0,0,10.3(1.98 %),0,0,0,0,5234814,9.05
11/07/2023,-300,-3045000,10.15(-1.46 %),0,0,300,3045000,5235114,9.05
12/07/2023,-100,-1055000,10.45(2.45 %),0,0,100,1055000,5235214,9.05
13/07/2023,-1300,-13460000,10.55(0.48 %),0,0,1300,13460000,5236514,9.04
14/07/2023,-10300,-104530000,10.15(-4.25 %),0,0,10300,104530000,5248414,8.95
17/07/2023,-3000,-30455000,10.15(-0.49 %),0,0,3000,30455000,5251414,8.93
18/07/2023,0,0,10.35(1.47 %),0,0,0,0,5251414,8.93
19/07/2023,-3100,-31270000,10.35(-0.48 %),0,0,3100,31270000,5263014,8.84
20/07/2023,0,0,10.35(-0.48 %),0,0,0,0,5263014,8.84
21/07/2023,-10100,-101420000,10.1(-2.88 %),0,0,10100,101420000,5273114,8.76
24/07/2023,-21900,-218670000,10(-0.99 %),0,0,21900,218670000,5266114,8.81
25/07/2023,-5000,-49900000,9.98(-0.20 %),0,0,5000,49900000,5276214,8.74
26/07/2023,0,0,9.99(0.10 %),0,0,0,0,5276214,8.74
27/07/2023,-5000,-49600000,10.1(1.00 %),0,0,5000,49600000,5281214,8.7
28/07/2023,-15100,-153420000,10.15(0.50 %),0,0,15100,153420000,5296314,8.58
31/07/2023,-12000,-120200000,10.2(0.00 %),0,0,12000,120200000,5308314,8.49
01/08/2023,-5600,-55723000,9.95(-2.45 %),0,0,5600,55723000,5308114,8.49
02/08/2023,-10500,-104475000,9.95(-0.50 %),0,0,10500,104475000,5318614,8.41
03/08/2023,-7000,-69105000,9.85(-1.50 %),0,0,7000,69105000,5325614,8.36
04/08/2023,-4000,-39700000,10.05(2.03 %),0,0,4000,39700000,5351314,8.16
07/08/2023,-13900,-138395000,10.05(0.00 %),0,0,13900,138395000,5365214,8.06
08/08/2023,-17100,-171150000,10.05(0.00 %),0,0,17100,171150000,5382314,7.93
09/08/2023,0,0,9.9(-1.49 %),0,0,0,0,5382314,7.93
10/08/2023,5400,53800000,9.9(0.00 %),5400,53800000,0,0,5376914,7.97
11/08/2023,0,0,10(1.01 %),0,0,0,0,5376914,7.97
14/08/2023,0,0,10.05(0.50 %),0,0,0,0,5387914,7.88
15/08/2023,0,0,10(-0.99 %),0,0,0,0,5387914,7.88
16/08/2023,0,0,10.15(1.50 %),0,0,0,0,5387914,7.88
17/08/2023,0,0,10(-1.96 %),0,0,0,0,5387914,7.88
18/08/2023,0,0,10(0.00 %),0,0,0,0,5387914,7.88
21/08/2023,0,0,9.99(-0.10 %),0,0,0,0,5387914,7.88
22/08/2023,0,0,9.95(-0.50 %),0,0,0,0,5387914,7.88
23/08/2023,0,0,10(0.50 %),0,0,0,0,5387914,7.88
24/08/2023,0,0,10(0.00 %),0,0,0,0,5387914,7.88
25/08/2023,100,1000000,10(0.00 %),100,1000000,0,0,5387814,7.88
28/08/2023,0,0,9.95(-0.50 %),0,0,0,0,5387814,7.88
29/08/2023,0,0,9.99(0.40 %),0,0,0,0,5387814,7.88
30/08/2023,0,0,10(0.10 %),0,0,0,0,5387814,7.88
31/08/2023,0,0,10.1(1.00 %),0,0,0,0,5387814,7.88
05/09/2023,-4800,-47859000,10.05(-0.50 %),6100,60878000,10900,108737000,5381714,7.93
06/09/2023,0,0,10.1(0.50 %),0,0,0,0,5381714,7.93
07/09/2023,0,0,10.1(0.00 %),0,0,0,0,5392614,7.85
08/09/2023,0,0,10.25(1.49 %),0,0,0,0,5392614,7.85
11/09/2023,0,0,10.15(-0.98 %),0,0,0,0,5392614,7.85
12/09/2023,0,0,10.15(0.00 %),0,0,0,0,5392614,7.85
13/09/2023,0,0,10.25(0.99 %),0,0,0,0,5392614,7.85
14/09/2023,0,0,10.25(0.00 %),0,0,0,0,5392614,7.85
15/09/2023,0,0,10.3(0.49 %),0,0,0,0,5392614,7.85
18/09/2023,0,0,10.1(-1.94 %),0,0,0,0,5392614,7.85
19/09/2023,100,1030000,10.2(0.99 %),100,1030000,0,0,5392514,7.85
20/09/2023,0,0,10.1(-0.98 %),0,0,0,0,5392514,7.85
21/09/2023,0,0,9.84(3.58 %),0,0,0,0,5392514,7.85
22/09/2023,0,0,9.6(-2.44 %),0,0,0,0,5392514,7.85
25/09/2023,0,0,9.69(0.94 %),0,0,0,0,5392514,7.85
26/09/2023,0,0,9.78(0.93 %),0,0,0,0,5392514,7.85
27/09/2023,0,0,9.68(-1.02 %),0,0,0,0,5392514,7.85
28/09/2023,0,0,9.6(-0.83 %),0,0,0,0,5392514,7.85
29/09/2023,0,0,9.8(2.08 %),0,0,0,0,5392514,7.85
02/10/2023,0,0,9.79(-0.10 %),0,0,0,0,5392514,7.85
03/10/2023,0,0,9.68(-1.12 %),0,0,0,0,5392514,7.85
04/10/2023,100,966000,9.62(-0.62 %),100,966000,0,0,5392414,7.85
05/10/2023,0,0,9.57(-0.52 %),0,0,0,0,5392414,7.85
06/10/2023,0,0,9.28(-3.03 %),0,0,0,0,5392414,7.85
09/10/2023,0,0,9.47(2.05 %),0,0,0,0,5392414,7.85
10/10/2023,100,948000,9.47(0.00 %),100,948000,0,0,5392314,7.85
11/10/2023,-400,-3719000,9.3(-1.80 %),100,930000,500,4649000,5392214,7.85
12/10/2023,0,0,9.44(1.51 %),0,0,0,0,5392214,7.85
13/10/2023,100,942000,9.42(-0.21 %),100,942000,0,0,5392614,7.85
16/10/2023,0,0,9.3(-1.27 %),0,0,0,0,5392614,7.85
17/10/2023,-300,-2786000,9.26(-0.43 %),0,0,300,2786000,5392614,7.85
18/10/2023,300,2778000,9.23(-0.32 %),300,2778000,0,0,5392314,7.85
19/10/2023,0,0,9.36(1.41 %),0,0,0,0,5392704,7.85
20/10/2023,0,0,9.25(-1.18 %),0,0,0,0,5392704,7.85
23/10/2023,0,0,9.25(0.00 %),0,0,0,0,5392704,7.85
24/10/2023,0,0,9.35(1.08 %),0,0,0,0,5392704,7.85
25/10/2023,0,0,9.35(0.00 %),0,0,0,0,5392704,7.85
26/10/2023,0,0,9.35(0.00 %),0,0,0,0,5392704,7.85
27/10/2023,0,0,9.3(-0.53 %),0,0,0,0,5392704,7.85
30/10/2023,0,0,9.3(0.00 %),0,0,0,0,5392704,7.85
31/10/2023,0,0,9.3(0.00 %),0,0,0,0,5392704,7.85
01/11/2023,0,0,9.19(-1.18 %),0,0,0,0,5392704,7.85
02/11/2023,0,0,9.33(1.52 %),0,0,0,0,5392704,7.85
03/11/2023,0,0,9.33(0.00 %),0,0,0,0,5392704,7.85
06/11/2023,0,0,9.33(0.00 %),0,0,0,0,5392704,7.85
07/11/2023,0,0,9.3(-0.32 %),0,0,0,0,5392704,7.85
08/11/2023,0,0,9.29(-0.11 %),0,0,0,0,5392704,7.85
09/11/2023,0,0,9.29(0.00 %),0,0,0,0,5392704,7.85
10/11/2023,0,0,9.29(0.00 %),0,0,0,0,5392704,7.85
13/11/2023,0,0,9.28(-0.11 %),0,0,0,0,5392704,7.85
14/11/2023,0,0,9.15(-1.40 %),0,0,0,0,5392704,7.85
15/11/2023,0,0,9.25(1.09 %),0,0,0,0,5392704,7.85
16/11/2023,0,0,9.25(0.00 %),0,0,0,0,5392704,7.85
17/11/2023,0,0,9.2(-0.54 %),0,0,0,0,5392704,7.85
20/11/2023,0,0,9.15(-0.54 %),0,0,0,0,5392704,7.85
21/11/2023,0,0,9.15(0.00 %),0,0,0,0,5392704,7.85
22/11/2023,0,0,9.15(0.00 %),0,0,0,0,5392704,7.85
23/11/2023,0,0,9.3(1.64 %),0,0,0,0,5392704,7.85
24/11/2023,0,0,9.3(0.00 %),0,0,0,0,5392704,7.85
27/11/2023,0,0,9.3(0.00 %),0,0,0,0,5392704,7.85
28/11/2023,0,0,9.3(0.00 %),0,0,0,0,5392704,7.85
29/11/2023,0,0,9.3(0.00 %),0,0,0,0,5392704,7.85
30/11/2023,100,921000,9.3(0.00 %),100,921000,0,0,5392604,7.85
01/12/2023,0,0,9.3(0.00 %),0,0,0,0,5392604,7.85
04/12/2023,-2500,-23125000,9.3(0.00 %),0,0,2500,23125000,5395104,7.83
05/12/2023,0,0,9.2(-1.08 %),0,0,0,0,5395104,7.83
06/12/2023,0,0,9.3(1.09 %),0,0,0,0,5395104,7.83
07/12/2023,0,0,9.3(0.00 %),0,0,0,0,5395104,7.83
08/12/2023,0,0,9.4(1.08 %),0,0,0,0,5395104,7.83
11/12/2023,0,0,9.45(0.53 %),0,0,0,0,5395104,7.83
12/12/2023,0,0,9.45(0.00 %),0,0,0,0,5395104,7.83
13/12/2023,0,0,9.4(-0.53 %),0,0,0,0,5395104,7.83
14/12/2023,0,0,9.45(0.53 %),0,0,0,0,5395104,7.83
15/12/2023,0,0,9.5(0.53 %),0,0,0,0,5395104,7.83
18/12/2023,0,0,9.55(0.53 %),0,0,0,0,5395104,7.83
19/12/2023,-100,-950000,9.5(-0.52 %),0,0,100,950000,5395204,7.83
20/12/2023,0,0,9.5(0.00 %),0,0,0,0,5395204,7.83
21/12/2023,0,0,9.5(0.00 %),0,0,0,0,5395204,7.83
22/12/2023,0,0,9.65(1.58 %),0,0,0,0,5395204,7.83
25/12/2023,-3700,-35150000,9.8(1.55 %),0,0,3700,35150000,5398904,7.8
26/12/2023,-200,-1905000,9.8(0.00 %),0,0,200,1905000,5399104,7.8
27/12/2023,-300,-2861000,9.8(0.00 %),0,0,300,2861000,5399404,7.8
28/12/2023,-700,-6676000,9.79(-0.10 %),0,0,700,6676000,5400104,7.79
29/12/2023,0,0,9.79(0.00 %),0,0,0,0,5400104,7.79
02/01/2024,0,0,9.36(-4.39 %),0,0,0,0,5400104,7.79
03/01/2024,0,0,9.5(1.50 %),0,0,0,0,5399404,7.8
04/01/2024,0,0,9.59(0.95 %),0,0,0,0,5399404,7.8
05/01/2024,0,0,9.6(0.10 %),0,0,0,0,5399404,7.8
08/01/2024,0,0,9.79(1.98 %),0,0,0,0,5399404,7.8
09/01/2024,0,0,9.65(-1.43 %),0,0,0,0,5400104,7.79
10/01/2024,0,0,9.56(-0.93 %),0,0,0,0,5400104,7.79
11/01/2024,500,4820000,9.64(0.84 %),500,4820000,0,0,5399604,7.79
12/01/2024,0,0,9.7(0.62 %),0,0,0,0,5398904,7.8
15/01/2024,0,0,9.9(2.06 %),0,0,0,0,5399604,7.79
16/01/2024,0,0,9.9(0.00 %),0,0,0,0,5399604,7.79
17/01/2024,0,0,9.9(0.00 %),0,0,0,0,5399604,7.79
18/01/2024,0,0,9.9(0.00 %),0,0,0,0,5398904,7.8
19/01/2024,0,0,9.89(-0.10 %),0,0,0,0,5398904,7.8
22/01/2024,0,0,9.8(-0.91 %),0,0,0,0,5398904,7.8
23/01/2024,0,0,9.95(1.53 %),0,0,0,0,5398904,7.8
24/01/2024,0,0,9.67(-2.81 %),0,0,0,0,5398904,7.8
25/01/2024,0,0,10(3.41 %),0,0,0,0,5398904,7.8
26/01/2024,100,998000,9.98(-0.20 %),100,998000,0,0,5398804,7.8
29/01/2024,0,0,9.63(-3.51 %),0,0,0,0,5399504,7.79
30/01/2024,0,0,10(3.84 %),0,0,0,0,5399504,7.79
31/01/2024,0,0,9.5(-5.00 %),0,0,0,0,5399504,7.79
01/02/2024,-1700,-16150000,9.5(0.00 %),0,0,1700,16150000,5399504,7.79
02/02/2024,0,0,9.5(0.00 %),0,0,0,0,5399504,7.79
05/02/2024,0,0,9.5(0.00 %),0,0,0,0,5399504,7.79
06/02/2024,-100,-970000,9.7(2.11 %),0,0,100,970000,5401204,7.78
07/02/2024,0,0,9.7(0.00 %),0,0,0,0,5401204,7.78
15/02/2024,0,0,9.7(0.00 %),0,0,0,0,5401304,7.78
16/02/2024,0,0,9.7(0.00 %),0,0,0,0,5401304,7.78
19/02/2024,-1500,-14700000,9.8(1.03 %),0,0,1500,14700000,5401304,7.78
20/02/2024,-10000,-98000000,9.8(0.00 %),0,0,10000,98000000,5401304,7.78
21/02/2024,0,0,9.8(0.00 %),0,0,0,0,5402804,7.77
22/02/2024,0,0,9.8(0.00 %),0,0,0,0,5402804,7.77
23/02/2024,-13900,-136220000,9.8(0.00 %),0,0,13900,136220000,5425004,7.6
26/02/2024,-100,-970000,9.7(-1.02 %),0,0,100,970000,5412804,7.69
27/02/2024,-100,-970000,9.6(-1.03 %),0,0,100,970000,5425204,7.6
28/02/2024,0,0,9.4(-2.08 %),0,0,0,0,5425204,7.6
29/02/2024,-1200,-11280000,9.4(0.00 %),0,0,1200,11280000,5426904,7.59
01/03/2024,-1100,-10340000,9.4(0.00 %),0,0,1100,10340000,5426904,7.59
04/03/2024,-14600,-134875000,9.4(0.00 %),177480,1634590800,192080,1769465800,5441504,7.47
05/03/2024,-20600,-193080000,9.31(-0.96 %),0,0,20600,193080000,5429204,7.57
06/03/2024,-10400,-97140000,9.4(0.97 %),0,0,10400,97140000,5472504,7.24
07/03/2024,-5000,-47000000,9.45(0.53 %),357884,0,362884,47000000,5477504,7.2
08/03/2024,-5600,-52230000,9.44(-0.11 %),0,0,5600,52230000,5483104,7.16
11/03/2024,0,0,9.44(0.00 %),0,0,0,0,5483104,7.16
12/03/2024,0,0,9.28(-1.69 %),0,0,0,0,5485404,7.14
13/03/2024,-12900,-118517000,9.39(1.19 %),1500,14196000,14400,132713000,5483904,7.15
14/03/2024,-3600,-33128000,9.2(-2.02 %),0,0,3600,33128000,5487504,7.12
15/03/2024,-11000,-100760000,9.16(-0.43 %),0,0,11000,100760000,5498504,7.04
18/03/2024,-2800,-25706000,9.2(0.44 %),0,0,2800,25706000,5501904,7.01
19/03/2024,-7600,-69230000,9.1(-1.09 %),0,0,7600,69230000,5512904,6.93
20/03/2024,0,0,9.1(0.00 %),0,0,0,0,5508904,6.96
21/03/2024,-26800,-242332000,9.01(-0.99 %),0,0,26800,242332000,5535704,6.76
22/03/2024,-44500,-397752000,8.9(-1.22 %),0,0,44500,397752000,5580204,6.42
25/03/2024,-9200,-81980000,9(1.12 %),0,0,9200,81980000,5550104,6.65
26/03/2024,-6100,-54260000,8.86(-1.56 %),0,0,6100,54260000,5551004,6.64
27/03/2024,-26500,-234790000,9(1.58 %),0,0,26500,234790000,5603804,6.24
28/03/2024,-6000,-52934000,9.05(0.56 %),0,0,6000,52934000,5609904,6.19
29/03/2024,0,0,9.19(1.55 %),0,0,0,0,5636487,5.99
01/04/2024,0,0,8.92(-2.94 %),0,0,0,0,5642487,5.94
02/04/2024,0,0,9(0.90 %),0,0,0,0,5636487,5.99
03/04/2024,0,0,9(0.00 %),0,0,0,0,5642488,5.94
04/04/2024,0,0,9(0.00 %),0,0,0,0,5636487,5.99
05/04/2024,0,0,9(0.00 %),0,0,0,0,5642488,5.94
08/04/2024,0,0,8.9(-1.11 %),0,0,0,0,5636487,5.99
09/04/2024,0,0,8.85(-0.56 %),0,0,0,0,5636487,5.99
10/04/2024,0,0,8.94(1.02 %),0,0,0,0,5636487,5.99
11/04/2024,0,0,9.03(1.01 %),0,0,0,0,5642488,5.94
12/04/2024,0,0,9.03(0.00 %),0,0,0,0,5642488,5.94
15/04/2024,0,0,8.82(-2.33 %),0,0,0,0,5636487,5.99
16/04/2024,0,0,8.95(1.47 %),0,0,0,0,5636487,5.99
17/04/2024,0,0,8.93(-0.22 %),0,0,0,0,5636487,5.99
19/04/2024,0,0,8.41(-5.82 %),0,0,0,0,5636487,5.99
22/04/2024,-5400,-45414000,8.41(0.00 %),0,0,5400,45414000,5642490,5.94
23/04/2024,4000,33640000,8.33(-0.95 %),4000,33640000,0,0,5638490,5.97
24/04/2024,0,0,8.34(0.12 %),0,0,0,0,5637887,5.98
25/04/2024,0,0,8.67(3.96 %),0,0,0,0,5637887,5.98
26/04/2024,0,0,8.7(0.35 %),0,0,0,0,5643890,5.93
02/05/2024,-100,-879000,8.75(0.57 %),0,0,100,879000,5643890,5.93
03/05/2024,-8600,-75594000,8.9(1.71 %),0,0,8600,75594000,5643890,5.93
06/05/2024,0,0,8.9(0.00 %),0,0,0,0,5643990,5.93
07/05/2024,0,0,8.9(0.00 %),0,0,0,0,5652590,5.86
08/05/2024,0,0,8.9(0.00 %),0,0,0,0,5652590,5.86
09/05/2024,0,0,8.9(0.00 %),0,0,0,0,5652590,5.86
10/05/2024,0,0,8.88(-0.22 %),0,0,0,0,5652590,5.86
13/05/2024,0,0,8.88(0.00 %),0,0,0,0,5652590,5.86
14/05/2024,0,0,8.8(-0.90 %),0,0,0,0,5652490,5.86
15/05/2024,0,0,8.65(-1.70 %),0,0,0,0,5652490,5.86
16/05/2024,0,0,8.8(1.73 %),0,0,0,0,5652490,5.86
17/05/2024,0,0,8.8(0.00 %),0,0,0,0,5652590,5.86
20/05/2024,0,0,8.8(0.00 %),0,0,0,0,5652590,5.86
21/05/2024,0,0,8.95(1.70 %),0,0,0,0,5652590,5.86
22/05/2024,0,0,8.7(-2.79 %),0,0,0,0,5652590,5.86
23/05/2024,0,0,8.7(0.00 %),0,0,0,0,5652590,5.86
24/05/2024,5800,50744000,8.71(0.11 %),6000,52500000,200,1756000,5646690,5.91
27/05/2024,-3800,-33050000,8.87(1.84 %),0,0,3800,33050000,5646590,5.91
28/05/2024,7000,62090000,8.87(0.00 %),7000,62090000,0,0,5639790,5.96
29/05/2024,4400,39028000,8.87(0.00 %),4400,39028000,0,0,5639190,5.97
30/05/2024,0,0,8.91(0.45 %),0,0,0,0,5639190,5.97
31/05/2024,0,0,8.91(0.00 %),0,0,0,0,5639190,5.97
03/06/2024,0,0,8.91(0.00 %),0,0,0,0,5639190,5.97
04/06/2024,0,0,8.91(0.00 %),0,0,0,0,5639190,5.97
05/06/2024,0,0,8.93(0.22 %),0,0,0,0,5639190,5.97
06/06/2024,0,0,9(0.78 %),0,0,0,0,5639190,5.97
07/06/2024,0,0,9.2(2.22 %),0,0,0,0,5639190,5.97
10/06/2024,0,0,9.47(2.93 %),0,0,0,0,5639190,5.97
11/06/2024,0,0,9.2(-2.85 %),0,0,0,0,5639190,5.97
12/06/2024,0,0,9.01(-2.07 %),0,0,0,0,5639190,5.97
13/06/2024,0,0,9.38(4.11 %),0,0,0,0,5639190,5.97
14/06/2024,0,0,9.21(-1.81 %),0,0,0,0,5639190,5.97
17/06/2024,0,0,9.4(2.06 %),0,0,0,0,5639290,5.97
18/06/2024,0,0,9.09(-3.30 %),0,0,0,0,5639290,5.97
19/06/2024,0,0,9.46(4.07 %),0,0,0,0,5639290,5.97
20/06/2024,0,0,9.12(-3.59 %),0,0,0,0,5639290,5.97
21/06/2024,0,0,9.44(3.51 %),0,0,0,0,5639290,5.97
24/06/2024,600,5550000,9.25(-2.01 %),600,5550000,0,0,5638690,5.97
25/06/2024,0,0,9.29(0.43 %),0,0,0,0,5638690,5.97
26/06/2024,0,0,9.34(0.54 %),0,0,0,0,5638690,5.97
27/06/2024,0,0,9.28(-0.64 %),0,0,0,0,5638690,5.97
28/06/2024,0,0,9.29(0.11 %),0,0,0,0,5638690,5.97
04/07/2024,-8800,-79420000,9.55(2.69 %),0,0,8800,79420000,5638690,0.0
05/07/2024,0,0,9.4(-1.57 %),0,0,0,0,5638690,0.0
08/07/2024,0,0,9.39(-0.11 %),0,0,0,0,5638690,0.0
09/07/2024,0,0,9.39(0.00 %),0,0,0,0,5638690,0.0
10/07/2024,0,0,9.45(0.64 %),0,0,0,0,5638690,0.0
11/07/2024,0,0,9.5(0.53 %),0,0,0,0,5638690,0.0
12/07/2024,0,0,9.5(0.00 %),0,0,0,0,5638690,0.0
15/07/2024,0,0,9.49(-0.11 %),0,0,0,0,5638690,0.0
16/07/2024,0,0,9.49(0.00 %),0,0,0,0,5638690,0.0
17/07/2024,0,0,10.15(6.95 %),0,0,0,0,5638690,0.0
18/07/2024,0,0,9.9(-2.46 %),0,0,0,0,5638690,0.0
19/07/2024,0,0,9.6(-3.03 %),0,0,0,0,5638690,0.0
22/07/2024,0,0,9.6(0.00 %),0,0,0,0,5638690,0.0
23/07/2024,0,0,9.95(3.65 %),0,0,0,0,5638690,0.0
24/07/2024,0,0,9.9(-0.50 %),0,0,0,0,5638690,0.0
25/07/2024,0,0,9.88(-0.20 %),0,0,0,0,5638690,0.0
26/07/2024,0,0,9.87(-0.10 %),0,0,0,0,5638690,0.0
29/07/2024,0,0,9.87(0.00 %),0,0,0,0,5638690,0.0
30/07/2024,0,0,9.5(-3.75 %),0,0,0,0,5638690,0.0
31/07/2024,0,0,9.5(0.00 %),0,0,0,0,5638690,0.0
01/08/2024,0,0,9.6(1.05 %),0,0,0,0,5647490,0.0
02/08/2024,0,0,9.9(3.12 %),0,0,0,0,5647490,0.0
05/08/2024,0,0,9.49(-4.14 %),0,0,0,0,5647490,0.0
06/08/2024,0,0,9.49(0.00 %),0,0,0,0,5647490,0.0
07/08/2024,0,0,9.5(0.11 %),0,0,0,0,5647490,0.0
08/08/2024,0,0,9.69(2.00 %),0,0,0,0,5647490,0.0
09/08/2024,0,0,9.05(-3.62 %),0,0,0,0,5647490,0.0
12/08/2024,0,0,9.15(1.10 %),0,0,0,0,5647490,0.0
13/08/2024,0,0,9.35(2.19 %),0,0,0,0,5647490,0.0
14/08/2024,0,0,9.12(-2.46 %),0,0,0,0,5647490,0.0
15/08/2024,0,0,9.24(1.32 %),0,0,0,0,5647490,0.0
16/08/2024,0,0,9.27(0.32 %),0,0,0,0,5647490,0.0
19/08/2024,0,0,9.26(-0.11 %),0,0,0,0,5647490,0.0
20/08/2024,0,0,9.23(-0.32 %),0,0,0,0,5647490,0.0
21/08/2024,0,0,9.23(0.00 %),0,0,0,0,5647490,0.0
22/08/2024,0,0,9.23(0.00 %),0,0,0,0,5647490,0.0
23/08/2024,0,0,9.25(0.22 %),0,0,0,0,5647490,0.0
26/08/2024,0,0,9.44(2.05 %),0,0,0,0,5647490,0.0
27/08/2024,0,0,9.44(0.00 %),0,0,0,0,5647490,0.0
28/08/2024,0,0,9.49(0.53 %),0,0,0,0,5647490,0.0
29/08/2024,0,0,9.49(0.00 %),0,0,0,0,5647490,0.0
30/08/2024,0,0,9.49(0.00 %),0,0,0,0,5647490,0.0
04/09/2024,0,0,9.49(0.00 %),0,0,0,0,5647490,0.0
05/09/2024,0,0,9.49(0.00 %),0,0,0,0,5647490,0.0
06/09/2024,0,0,9.49(0.00 %),0,0,0,0,5647490,0.0
09/09/2024,0,0,9.58(0.95 %),0,0,0,0,5647490,0.0
10/09/2024,0,0,9.58(0.00 %),0,0,0,0,5647490,0.0
11/09/2024,0,0,9.69(1.15 %),0,0,0,0,5647490,0.0
12/09/2024,0,0,9.8(1.14 %),0,0,0,0,5647490,0.0
13/09/2024,0,0,9.8(0.00 %),0,0,0,0,5647490,0.0
16/09/2024,0,0,9.9(1.02 %),0,0,0,0,5647490,0.0
17/09/2024,0,0,9.99(0.91 %),0,0,0,0,5647490,0.0
18/09/2024,0,0,9.86(-1.30 %),0,0,0,0,5647490,0.0
19/09/2024,0,0,9.86(0.00 %),0,0,0,0,5647490,0.0
20/09/2024,0,0,9.31(-5.58 %),0,0,0,0,5647490,0.0
23/09/2024,0,0,9.75(4.73 %),0,0,0,0,5647490,0.0
24/09/2024,0,0,9.09(-6.77 %),0,0,0,0,5647490,0.0
25/09/2024,0,0,9.65(6.16 %),0,0,0,0,5647490,0.0
26/09/2024,0,0,9.75(1.04 %),0,0,0,0,5647490,0.0
27/09/2024,0,0,9.75(0.00 %),0,0,0,0,5647490,0.0
30/09/2024,0,0,9.75(0.00 %),0,0,0,0,5647490,0.0
01/10/2024,0,0,9.9(1.54 %),0,0,0,0,5647490,0.0
02/10/2024,0,0,9.88(-0.20 %),0,0,0,0,5647490,0.0
03/10/2024,0,0,9.88(0.00 %),0,0,0,0,5647490,0.0
04/10/2024,0,0,9.88(0.00 %),0,0,0,0,5647490,0.0
07/10/2024,0,0,9.8(-0.81 %),0,0,0,0,5647490,0.0
08/10/2024,0,0,9.8(0.00 %),0,0,0,0,5647490,0.0
09/10/2024,0,0,9.8(0.00 %),0,0,0,0,5647490,0.0
10/10/2024,0,0,9.8(0.00 %),0,0,0,0,5647490,0.0
11/10/2024,0,0,9.8(0.00 %),0,0,0,0,5647490,0.0
14/10/2024,0,0,9.3(-5.10 %),0,0,0,0,5647490,0.0
15/10/2024,0,0,9.75(4.84 %),0,0,0,0,5647490,0.0
16/10/2024,0,0,9.74(-0.10 %),0,0,0,0,5647490,0.0
17/10/2024,0,0,9.74(0.00 %),0,0,0,0,5647490,0.0
18/10/2024,0,0,9.73(-0.10 %),0,0,0,0,5647490,0.0
21/10/2024,0,0,9.4(-3.39 %),0,0,0,0,5647490,0.0
22/10/2024,0,0,9.5(1.06 %),0,0,0,0,5647490,0.0
23/10/2024,0,0,9.5(0.00 %),0,0,0,0,5647490,0.0
24/10/2024,0,0,9.5(0.00 %),0,0,0,0,5647490,0.0
25/10/2024,0,0,9.5(0.00 %),0,0,0,0,5647490,0.0
28/10/2024,0,0,9.7(2.11 %),0,0,0,0,5647490,0.0
29/10/2024,0,0,9.35(-3.61 %),0,0,0,0,5647490,0.0
30/10/2024,0,0,9.74(4.17 %),0,0,0,0,5647490,0.0
31/10/2024,0,0,9.74(0.00 %),0,0,0,0,5647490,0.0
01/11/2024,0,0,9.74(0.00 %),0,0,0,0,5647490,0.0
04/11/2024,0,0,9.74(0.00 %),0,0,0,0,5647490,0.0
05/11/2024,0,0,9.75(0.10 %),0,0,0,0,5647490,0.0
06/11/2024,0,0,9.75(0.00 %),0,0,0,0,5647490,0.0
07/11/2024,0,0,9.8(0.51 %),0,0,0,0,5647490,0.0
08/11/2024,0,0,9.8(0.00 %),0,0,0,0,5647490,0.0
11/11/2024,0,0,9.7(-1.02 %),0,0,0,0,5647490,0.0
12/11/2024,0,0,9.7(0.00 %),0,0,0,0,-773470,5.9
13/11/2024,0,0,9.7(0.00 %),0,0,0,0,5647490,0.0
14/11/2024,0,0,9.3(-4.12 %),0,0,0,0,5647490,0.0
15/11/2024,0,0,9.3(0.00 %),0,0,0,0,5647490,0.0
18/11/2024,0,0,9.2(-1.08 %),0,0,0,0,5647490,0.0
19/11/2024,0,0,9.21(0.11 %),0,0,0,0,5647490,0.0
20/11/2024,0,0,9.59(4.13 %),0,0,0,0,5647490,0.0
21/11/2024,0,0,9.68(0.94 %),0,0,0,0,5647490,0.0
22/11/2024,0,0,9.68(0.00 %),0,0,0,0,5647490,0.0
25/11/2024,0,0,9.5(-1.86 %),0,0,0,0,-773470,5.9
26/11/2024,0,0,9.5(0.00 %),0,0,0,0,-773470,5.9
27/11/2024,0,0,9.5(0.00 %),0,0,0,0,-773470,5.9
28/11/2024,0,0,9.45(-0.53 %),0,0,0,0,-773470,5.9
29/11/2024,0,0,9.5(0.53 %),0,0,0,0,-773470,5.9
02/12/2024,0,0,9.5(0.00 %),0,0,0,0,-773470,5.9
03/12/2024,0,0,9.3(-2.11 %),0,0,0,0,-773470,5.9
04/12/2024,0,0,9.21(-0.97 %),0,0,0,0,-773470,5.9
05/12/2024,0,0,9.21(0.00 %),0,0,0,0,-773470,5.9
09/12/2024,0,0,9.45(0.00 %),0,0,0,0,-773470,5.9
10/12/2024,0,0,9.57(1.27 %),0,0,0,0,-773470,5.9
16/12/2024,0,0,9.21(-3.05 %),0,0,0,0,-773470,5.9
17/12/2024,0,0,9.31(1.09 %),0,0,0,0,-773470,5.9
18/12/2024,0,0,9.48(1.83 %),0,0,0,0,-773470,5.9
19/12/2024,0,0,9.2(-2.95 %),0,0,0,0,-773470,5.9
20/12/2024,0,0,9.5(3.26 %),0,0,0,0,-773470,5.9
24/12/2024,0,0,9.15(-3.68 %),0,0,0,0,-773470,5.9
25/12/2024,0,0,9.49(3.72 %),0,0,0,0,-773470,5.9
26/12/2024,0,0,9.49(0.00 %),0,0,0,0,-773470,5.9
27/12/2024,0,0,9.3(-2.00 %),0,0,0,0,-773470,5.9
30/12/2024,0,0,9.3(0.00 %),0,0,0,0,-773470,5.9
31/12/2024,0,0,9.5(2.15 %),0,0,0,0,-773470,5.9
02/01/2025,0,0,9.2(-3.16 %),0,0,0,0,-773470,5.9
03/01/2025,0,0,9.2(0.00 %),0,0,0,0,-773470,5.9
06/01/2025,0,0,9.2(0.00 %),0,0,0,0,-773470,5.9
07/01/2025,0,0,9.59(4.24 %),0,0,0,0,0,5.9
08/01/2025,0,0,9.59(0.00 %),0,0,0,0,-773470,5.9
09/01/2025,0,0,9.59(0.00 %),0,0,0,0,-773470,5.9
10/01/2025,0,0,9.59(0.00 %),0,0,0,0,-773470,5.9
13/01/2025,0,0,9.5(-0.94 %),0,0,0,0,-773470,5.9
14/01/2025,0,0,9.5(0.00 %),0,0,0,0,-77347,5.9
15/01/2025,0,0,9.45(-0.53 %),0,0,0,0,-77347,5.9
16/01/2025,0,0,9.45(0.00 %),0,0,0,0,0,0.0
17/01/2025,0,0,9.43(-0.21 %),0,0,0,0,-773470,5.9
20/01/2025,0,0,9.49(0.64 %),0,0,0,0,-773470,5.9
21/01/2025,0,0,9.48(-0.11 %),0,0,0,0,-773470,5.9
22/01/2025,0,0,9.5(0.21 %),0,0,0,0,-773470,5.9
23/01/2025,0,0,9.5(0.00 %),0,0,0,0,-773470,5.9
24/01/2025,0,0,9.5(0.00 %),0,0,0,0,-773470,5.9
03/02/2025,0,0,0(0.00 %),0,0,0,0,-773470,5.9
04/02/2025,0,0,9.5(0.00 %),0,0,0,0,-773470,5.9
05/02/2025,0,0,9.5(0.00 %),0,0,0,0,-773470,5.9
06/02/2025,0,0,9.5(0.00 %),0,0,0,0,-773470,5.9
07/02/2025,0,0,9.5(0.00 %),0,0,0,0,-773470,5.9
10/02/2025,0,0,9.5(0.00 %),0,0,0,0,-773470,5.9
11/02/2025,0,0,9.3(-2.11 %),0,0,0,0,-773470,5.9
12/02/2025,0,0,9.14(-1.72 %),0,0,0,0,-773470,5.9
13/02/2025,0,0,9.14(0.00 %),0,0,0,0,-773470,5.9
14/02/2025,0,0,9.57(4.70 %),0,0,0,0,-773470,5.9
17/02/2025,0,0,9.45(-1.25 %),0,0,0,0,-773470,5.9
18/02/2025,0,0,9.45(0.00 %),0,0,0,0,-773470,5.9
19/02/2025,0,0,9.7(2.65 %),0,0,0,0,-773470,5.9
20/02/2025,-200,-1920000,9.6(-1.03 %),0,0,200,1920000,-773470,5.9
21/02/2025,0,0,9.5(-1.04 %),0,0,0,0,-773470,5.9
24/02/2025,-500,-4750000,9.6(1.05 %),0,0,500,4750000,-773270,5.9
25/02/2025,0,0,9.6(0.00 %),0,0,0,0,-773270,5.9
26/02/2025,0,0,9.22(-3.96 %),0,0,0,0,-772770,5.9
27/02/2025,0,0,9.22(0.00 %),0,0,0,0,-772770,5.9
28/02/2025,0,0,9.23(0.11 %),0,0,0,0,-772770,5.9
03/03/2025,-500,-4650000,9.3(0.76 %),0,0,500,4650000,-772770,5.9
04/03/2025,0,0,9.23(-0.75 %),0,0,0,0,-772770,5.9
05/03/2025,0,0,9.4(1.84 %),0,0,0,0,-772270,5.89
06/03/2025,0,0,9.4(0.00 %),0,0,0,0,-772270,5.89
07/03/2025,0,0,9.52(1.28 %),0,0,0,0,-772270,5.89
10/03/2025,0,0,9.52(0.00 %),0,0,0,0,-772270,5.89
11/03/2025,0,0,9.52(0.00 %),0,0,0,0,-772270,5.89
12/03/2025,0,0,9.51(-0.11 %),0,0,0,0,-772270,5.89
13/03/2025,0,0,9.54(0.32 %),0,0,0,0,-772270,5.89
14/03/2025,0,0,9.54(0.00 %),0,0,0,0,-772270,5.89
17/03/2025,0,0,9.2(-3.56 %),0,0,0,0,-772270,5.89
18/03/2025,0,0,9.45(2.72 %),0,0,0,0,-772270,5.89
19/03/2025,0,0,9.3(-1.59 %),0,0,0,0,-772270,5.89
20/03/2025,0,0,9.4(1.08 %),0,0,0,0,-772270,5.89
21/03/2025,0,0,9.4(0.00 %),0,0,0,0,-772270,5.89
24/03/2025,0,0,9.4(0.00 %),0,0,0,0,-772270,5.89
25/03/2025,0,0,9.4(0.00 %),0,0,0,0,-772270,5.89
26/03/2025,0,0,9.45(0.53 %),0,0,0,0,-772270,5.89
27/03/2025,0,0,9.45(0.00 %),0,0,0,0,-772270,5.89
28/03/2025,0,0,9.45(0.00 %),0,0,0,0,-772270,5.89
31/03/2025,0,0,9.2(-2.65 %),0,0,0,0,-772270,5.89
01/04/2025,0,0,9.3(1.09 %),0,0,0,0,-772270,5.89
02/04/2025,0,0,9.3(0.00 %),0,0,0,0,-772270,5.89
03/04/2025,0,0,9.1(-2.15 %),0,0,0,0,-772270,5.89
04/04/2025,0,0,9.1(0.00 %),0,0,0,0,-772270,5.89
08/04/2025,0,0,9.08(-0.22 %),0,0,0,0,-772270,5.89
09/04/2025,0,0,8.45(-6.94 %),0,0,0,0,-772270,5.89
10/04/2025,0,0,9.04(6.98 %),0,0,0,0,-772270,5.89
11/04/2025,0,0,9.1(0.66 %),0,0,0,0,-772270,5.89
14/04/2025,0,0,8.72(-4.18 %),0,0,0,0,-772270,5.89
15/04/2025,0,0,8.74(0.23 %),0,0,0,0,-772270,5.89
16/04/2025,0,0,8.7(-0.46 %),0,0,0,0,0,5.89
17/04/2025,0,0,8.7(0.00 %),0,0,0,0,0,5.89
18/04/2025,0,0,8.89(2.18 %),0,0,0,0,0,5.89
21/04/2025,0,0,9.2(3.49 %),0,0,0,0,0,5.89
22/04/2025,0,0,9(-2.17 %),0,0,0,0,-772270,5.89
23/04/2025,0,0,9.4(4.44 %),0,0,0,0,-772270,5.89
24/04/2025,0,0,9.35(-0.53 %),0,0,0,0,-772270,5.89
25/04/2025,0,0,9.35(0.00 %),0,0,0,0,-772270,5.89
28/04/2025,0,0,9.44(0.96 %),0,0,0,0,-772270,5.89
29/04/2025,0,0,9.44(0.00 %),0,0,0,0,-772270,5.89
05/05/2025,0,0,9.01(-4.56 %),0,0,0,0,-772270,5.89
06/05/2025,0,0,9(-0.11 %),0,0,0,0,-772270,5.89
07/05/2025,0,0,9.26(2.89 %),0,0,0,0,-772270,5.89
08/05/2025,0,0,9(-2.81 %),0,0,0,0,-772270,5.89
09/05/2025,0,0,8.97(-0.33 %),0,0,0,0,-772270,5.89
12/05/2025,0,0,8.9(-0.78 %),0,0,0,0,-772270,5.89
13/05/2025,0,0,8.9(0.00 %),0,0,0,0,-772270,5.89
14/05/2025,0,0,9(1.12 %),0,0,0,0,-772270,5.89
15/05/2025,0,0,9.01(0.11 %),0,0,0,0,-772270,5.89
16/05/2025,0,0,8.85(-1.78 %),0,0,0,0,-772270,5.89
19/05/2025,0,0,8.86(0.11 %),0,0,0,0,-772270,5.89
20/05/2025,0,-4500000,8.87(0.11 %),0,0,0,4500000,-772270,5.89
21/05/2025,0,0,8.87(0.00 %),0,0,0,0,-772270,5.89
22/05/2025,0,0,8.87(0.00 %),0,0,0,0,-771770,5.89
23/05/2025,0,0,8.87(0.00 %),0,0,0,0,-771770,5.89
26/05/2025,0,-4500000,9(1.47 %),0,0,0,4500000,0,5.89
27/05/2025,0,0,9(0.00 %),0,0,0,0,0,5.89
28/05/2025,0,0,9(0.00 %),0,0,0,0,0,5.89
29/05/2025,0,0,9(0.00 %),0,0,0,0,-771270,5.89
30/05/2025,0,0,9(0.00 %),0,0,0,0,-771270,5.89
02/06/2025,0,-4500000,9(0.00 %),0,0,0,4500000,-771270,5.89
03/06/2025,0,0,9(0.00 %),0,0,0,0,-771270,5.89
04/06/2025,0,0,9(0.00 %),0,0,0,0,-770770,5.88
05/06/2025,0,0,8.92(-0.89 %),0,0,0,0,-770770,5.88
06/06/2025,0,0,9.28(4.04 %),0,0,0,0,-770770,5.88
09/06/2025,0,0,8.97(-3.34 %),0,0,0,0,-770770,5.88
10/06/2025,0,0,8.98(0.11 %),0,0,0,0,-770770,5.88
11/06/2025,0,0,8.98(0.00 %),0,0,0,0,-770770,5.88
12/06/2025,0,0,9.2(2.45 %),0,0,0,0,-770770,5.88
13/06/2025,0,0,9.2(0.00 %),0,0,0,0,-770770,5.88
16/06/2025,0,0,8.96(-2.61 %),0,0,0,0,-770770,5.88
17/06/2025,0,0,9(0.45 %),0,0,0,0,-770770,5.88
18/06/2025,0,0,9(0.00 %),0,0,0,0,-770770,5.88
19/06/2025,0,0,9(0.00 %),0,0,0,0,-770770,5.88
20/06/2025,0,0,9.1(1.11 %),0,0,0,0,-770770,5.88
23/06/2025,0,0,9.14(0.44 %),0,0,0,0,-770770,5.88
24/06/2025,0,0,9.14(0.00 %),0,0,0,0,-770770,5.88
25/06/2025,0,0,9(-1.53 %),0,0,0,0,-770770,5.88
26/06/2025,0,0,9.1(1.11 %),0,0,0,0,-770770,5.88
27/06/2025,0,0,9.16(0.66 %),0,0,0,0,-770770,5.88
30/06/2025,0,0,9.01(-1.64 %),0,0,0,0,-770770,5.88
01/07/2025,0,0,9.01(0.00 %),0,0,0,0,-770770,5.88
02/07/2025,0,0,8.91(-1.11 %),0,0,0,0,-770770,5.88
03/07/2025,0,0,9(1.01 %),0,0,0,0,-770770,5.88
04/07/2025,0,0,9(0.00 %),0,0,0,0,-770770,5.88
07/07/2025,-400,-3600000,9(0.00 %),0,0,400,3600000,-770770,5.88
08/07/2025,0,0,9(0.00 %),0,0,0,0,-770770,5.88
09/07/2025,0,0,9.12(1.33 %),0,0,0,0,-770370,5.88
10/07/2025,0,0,9.1(-0.22 %),0,0,0,0,-770370,5.88
11/07/2025,0,0,9.12(0.22 %),0,0,0,0,-770370,5.88
14/07/2025,0,0,9.02(-1.10 %),0,0,0,0,-770370,5.88
15/07/2025,0,0,9.02(0.00 %),0,0,0,0,-770370,5.88
16/07/2025,0,0,8.8(-2.44 %),0,0,0,0,-770370,5.88
17/07/2025,0,0,9.2(4.55 %),0,0,0,0,-770370,5.88
18/07/2025,0,0,9.2(0.00 %),0,0,0,0,-770370,5.88
21/07/2025,0,0,9.37(1.85 %),0,0,0,0,-770370,5.88
22/07/2025,0,0,9.32(-0.53 %),0,0,0,0,-770370,5.88
23/07/2025,0,0,9.97(6.97 %),0,0,0,0,-770370,5.88
24/07/2025,0,0,10.2(2.31 %),0,0,0,0,-770370,5.88
25/07/2025,0,0,10.2(0.00 %),0,0,0,0,-770370,5.88
28/07/2025,0,0,10.4(1.96 %),0,0,0,0,-770370,5.88
29/07/2025,0,0,10.2(-1.92 %),0,0,0,0,-770370,5.88
30/07/2025,0,0,9.85(-3.43 %),0,0,0,0,-770370,5.88
31/07/2025,0,0,10.45(6.09 %),0,0,0,0,-770370,5.88
01/08/2025,0,0,10.5(0.48 %),0,0,0,0,-770370,5.88
04/08/2025,0,0,11.2(6.67 %),0,0,0,0,-770370,5.88
05/08/2025,0,0,11.3(0.89 %),0,0,0,0,-770370,5.88
06/08/2025,0,0,11.35(0.44 %),0,0,0,0,-770363,5.88
07/08/2025,0,0,11.5(1.32 %),0,0,0,0,-770363,5.88
08/08/2025,0,0,11.6(0.87 %),0,0,0,0,-770363,5.88
11/08/2025,0,0,11.65(0.43 %),0,0,0,0,-770363,5.88
12/08/2025,0,0,12.45(6.87 %),0,0,0,0,-770363,5.88
13/08/2025,0,0,13.3(6.83 %),0,0,0,0,-770363,5.88
14/08/2025,-2600,-36660000,13.8(3.76 %),0,0,2600,36660000,-770363,5.88
15/08/2025,0,0,13.4(-2.90 %),0,0,0,0,-770363,5.88
18/08/2025,0,0,13.6(1.49 %),0,0,0,0,-767763,5.86
19/08/2025,0,0,13.5(-0.74 %),0,0,0,0,-767763,5.86
20/08/2025,0,0,13.3(-1.48 %),0,0,0,0,0,5.86
21/08/2025,-2600,-35360000,13.8(3.76 %),0,0,2600,35360000,0,5.86
22/08/2025,0,0,12.95(-6.16 %),0,0,0,0,0,5.86
25/08/2025,0,0,13(0.39 %),0,0,0,0,-767763,5.86
