Ngay,KLGDRong,GTDGRong,ThayDoi,KLMua,GtMua,KLBan,GtBan,RoomConLai,DangSoHuu
28/02/2017,0,0,0(0.00 %),0,0,0,0,72208993,24.93
01/03/2017,69790,8060750000,0(0.00 %),261360,27313540000,191570,19252790000,72139203,24.95
02/03/2017,212910,26294390000,0(0.00 %),212910,26294390000,0,0,71926293,25.02
03/03/2017,1081070,141112310000,0(0.00 %),1287790,168151750000,206720,27039440000,70638503,25.45
06/03/2017,198420,27191140000,0(0.00 %),524450,71531060000,326030,44339920000,70114053,25.63
07/03/2017,-201230,-26526120000,0(0.00 %),254040,34715440000,455270,61241560000,12942393,25.69
08/03/2017,-452750,-58875490000,130(-1.89 %),67180,8647930000,519930,67523420000,13081933,25.64
09/03/2017,-392700,-51202210000,130.6(0.46 %),22800,2956370000,415500,54158580000,13385163,25.54
10/03/2017,-214100,-27817420000,131(0.31 %),27950,3627760000,242050,31445180000,13730103,25.42
13/03/2017,18830,2453900000,131(0.00 %),176180,23067800000,157350,20613900000,14073853,25.31
14/03/2017,31660,4125240000,129.5(-1.15 %),96670,12577840000,65010,8452600000,14392683,25.2
15/03/2017,-91990,-11449150000,121.5(-6.18 %),21700,2713340000,113690,14162490000,14613033,25.13
16/03/2017,-99430,-11790320000,116.5(-4.12 %),75090,8794690000,174520,20585010000,14695293,25.1
17/03/2017,-67430,-8029140000,117.5(0.86 %),74070,8493930000,141500,16523070000,14695293,25.1
20/03/2017,21930,2786520000,125.7(6.98 %),56830,6960710000,34900,4174190000,14695293,25.1
21/03/2017,58210,7433950000,125.4(-0.24 %),58850,7514420000,640,80470000,14695293,25.1
22/03/2017,136770,17110540000,125(-0.32 %),157370,19689740000,20600,2579200000,14695293,25.1
23/03/2017,89990,11311920000,126(0.80 %),273593,34432600000,183603,23120680000,14695293,25.1
24/03/2017,298740,38196000000,128(1.59 %),331510,42377030000,32770,4181030000,14695293,25.1
27/03/2017,293250,38159010000,129.9(1.48 %),296990,38645210000,3740,486200000,14695293,25.1
28/03/2017,235350,31181670000,130.9(0.77 %),235350,31181670000,0,0,14695293,25.1
29/03/2017,267390,35139870000,131.7(0.61 %),267390,35139870000,0,0,14695293,25.1
30/03/2017,27930,3644710000,128(-2.81 %),37930,4946800000,10000,1302090000,14695293,25.1
31/03/2017,51290,6602570000,128.1(0.08 %),51290,6602570000,0,0,14695293,25.1
03/04/2017,95860,12303420000,125.8(-1.80 %),129860,16618930000,34000,4315510000,13495240,25.5
04/04/2017,301890,38907500000,128(1.75 %),338290,43542410000,36400,4634910000,13166950,25.61
05/04/2017,225580,29306300000,128.7(0.55 %),259580,33623800000,34000,4317500000,12907370,25.7
07/04/2017,183230,23631220000,129.1(0.31 %),217230,28013340000,34000,4382120000,12724140,25.76
10/04/2017,324490,42460520000,130.8(1.32 %),376670,49236800000,52180,6776280000,12383870,25.87
11/04/2017,67460,8893860000,131.8(0.76 %),81710,10771050000,14250,1877190000,12336160,25.89
12/04/2017,158770,21289930000,134.1(1.75 %),198570,26600510000,39800,5310580000,12171590,25.94
13/04/2017,104120,13957840000,134.2(0.07 %),115170,15439760000,11050,1481920000,12108600,25.96
14/04/2017,149790,19940290000,133.2(-0.75 %),175570,23362990000,25780,3422700000,11947280,26.02
17/04/2017,21470,2852810000,131.7(-1.13 %),40140,5330260000,18670,2477450000,11946940,26.02
18/04/2017,-27930,-3596000000,129(-2.05 %),4400,568760000,32330,4164760000,11953590,26.02
19/04/2017,20040,2625050000,131.4(1.86 %),35340,4594670000,15300,1969620000,11944030,26.02
20/04/2017,102200,13422370000,131.6(0.15 %),130740,17155590000,28540,3733220000,11831960,26.06
21/04/2017,107470,14095930000,131.4(-0.15 %),117790,15449150000,10320,1353220000,11746500,26.08
24/04/2017,11490,1493600000,129.4(-1.52 %),28930,3761530000,17440,2267930000,11732870,26.09
25/04/2017,48210,6203920000,128(-1.08 %),55760,7175320000,7550,971400000,11705650,26.1
26/04/2017,62570,8061810000,129.2(0.94 %),163170,21030020000,100600,12968210000,11652800,26.12
27/04/2017,29270,3820110000,128.1(-0.85 %),207670,26803890000,178400,22983780000,11562570,26.15
28/04/2017,680,86560000,127.7(-0.31 %),1524077,195382550000,1523397,195295990000,11564440,26.15
03/05/2017,-2440,-312120000,127.9(0.16 %),100,12800000,2540,324920000,11564940,26.15
04/05/2017,-14440,-1856390000,130(1.64 %),100560,12942000000,115000,14798390000,11642780,26.12
05/05/2017,230,29840000,129.8(-0.15 %),230,29840000,0,0,11647550,26.12
08/05/2017,10540,1367360000,129.6(-0.15 %),10540,1367360000,0,0,11639550,26.12
09/05/2017,130,17150000,128.8(0.16 %),5130,660750000,5000,643600000,11649420,26.12
10/05/2017,1800,233720000,130.5(1.32 %),16800,2166470000,15000,1932750000,11632620,26.12
11/05/2017,155540,20275960000,130.4(-0.08 %),200600,26154390000,45060,5878430000,11432020,26.19
12/05/2017,-2670,-345920000,130(-0.31 %),7380,960100000,10050,1306020000,18146058,26.19
15/05/2017,5630,719120000,128.5(-1.15 %),8900,1139440000,3270,420320000,18152158,26.19
16/05/2017,3000,383000000,128(-0.39 %),3000,383000000,0,0,18194218,26.17
17/05/2017,3890,494720000,128(0.00 %),3910,497250000,20,2530000,18200358,26.17
18/05/2017,4500,573490000,127(-0.78 %),4510,574770000,10,1280000,18199118,26.17
19/05/2017,0,0,127.8(0.63 %),0,0,0,0,18199118,26.17
22/05/2017,-9890,-1263570000,128.4(0.47 %),480,61340000,10370,1324910000,18198658,26.17
23/05/2017,24000,3067430000,127.8(-0.47 %),24400,3118310000,400,50880000,18174268,26.18
24/05/2017,-13550,-1720340000,127(-0.63 %),3650,464990000,17200,2185330000,18170618,26.18
25/05/2017,-12150,-1531080000,126(-0.79 %),21520,2723710000,33670,4254790000,18159468,26.19
26/05/2017,27720,3521080000,126.8(0.63 %),63320,8029200000,35600,4508120000,18096548,26.21
29/05/2017,6390,809970000,127.8(0.79 %),12900,1636260000,6510,826290000,18100848,26.21
30/05/2017,-5770,-736240000,127.5(-0.23 %),10,1270000,5780,737510000,18134508,26.19
31/05/2017,-26350,-3359650000,127.8(0.24 %),4250,542750000,30600,3902400000,18165858,26.18
01/06/2017,310,39630000,130(1.72 %),310,39630000,0,0,18172058,26.18
02/06/2017,-62900,-8283780000,131(0.77 %),2100,276800000,65000,8560580000,18175738,26.18
05/06/2017,-24750,-3219120000,130(-0.76 %),750,97640000,25500,3316760000,18205588,26.17
06/06/2017,-36000,-4688340000,130.1(0.08 %),4160,542680000,40160,5231020000,18201428,26.17
07/06/2017,-420,-60480000,127.5(-2.00 %),21480,2756610000,21900,2817090000,18244948,26.16
08/06/2017,9970,1288060000,127.9(0.31 %),20020,2573510000,10050,1285450000,18250428,24.34
09/06/2017,7330,935320000,127(-0.70 %),7330,935320000,0,0,18283258,24.33
12/06/2017,-11110,-1404460000,127(0.00 %),2030,259230000,13140,1663690000,18303128,24.32
13/06/2017,-13990,-1772150000,127.6(0.47 %),240,30580000,14230,1802730000,18312938,24.32
14/06/2017,72370,9225230000,127(-0.47 %),92670,11817730000,20300,2592500000,18220268,24.35
15/06/2017,37250,4773520000,126.5(-0.39 %),37500,4805590000,250,32070000,18195908,24.36
16/06/2017,36020,4699880000,127(0.40 %),90020,11545760000,54000,6845880000,18120118,24.38
19/06/2017,-80840,-10243810000,126.9(-0.08 %),12470,1593650000,93310,11837460000,18127948,24.38
20/06/2017,-84500,-10673850000,126.5(-0.32 %),2050,259210000,86550,10933060000,18126148,24.38
21/06/2017,-214110,-26901310000,125.1(-1.11 %),17010,2141550000,231120,29042860000,18163138,24.37
22/06/2017,-63210,-7879260000,124(-0.88 %),10860,1347270000,74070,9226530000,18245588,24.34
23/06/2017,-11290,-1423570000,126(1.61 %),20710,2574680000,32000,3998250000,18311428,24.32
26/06/2017,-16880,-2128580000,126(0.00 %),0,0,16880,2128580000,18542548,24.25
27/06/2017,-47340,-5932250000,125(-0.79 %),15510,1943860000,62850,7876110000,18618008,24.22
28/06/2017,-27230,-3399380000,124.8(-0.16 %),15100,1901000000,42330,5300380000,18618008,24.22
29/06/2017,-21980,-2738660000,126.3(1.20 %),30520,3817790000,52500,6556450000,18604368,24.23
30/06/2017,-63030,-7869730000,126.3(0.00 %),28720,3623040000,91750,11492770000,18638498,24.22
03/07/2017,-131040,-16414910000,125.7(-0.48 %),11100,1385420000,142140,17800330000,18669728,24.21
04/07/2017,-30170,-3769230000,124.9(-0.64 %),28330,3547150000,58500,7316380000,18693898,24.2
05/07/2017,-22130,-2770550000,125.2(0.24 %),6020,757300000,28150,3527850000,18779628,24.17
06/07/2017,-1630,-189670000,125.6(0.32 %),27540,3474210000,29170,3663880000,18894228,24.14
07/07/2017,-3370,-423060000,125.6(0.00 %),6200,779310000,9570,1202370000,18946528,24.12
10/07/2017,5290,664410000,125.5(-0.08 %),5290,664410000,0,0,18974738,24.11
11/07/2017,30280,3792080000,125.4(-0.08 %),33390,4183320000,3110,391240000,18965168,24.12
12/07/2017,47940,6038410000,125.9(0.40 %),49340,6214240000,1400,175830000,18925398,24.13
13/07/2017,64970,8308670000,127(0.87 %),66030,8443130000,1060,134460000,18859368,24.15
14/07/2017,5100,647190000,126.9(-0.08 %),5100,647190000,0,0,18857378,24.15
17/07/2017,-18630,-2360710000,127(0.08 %),0,0,18630,2360710000,18858778,24.15
18/07/2017,350,44550000,127.7(0.55 %),1400,178220000,1050,133670000,18858438,24.15
19/07/2017,-18500,-2370150000,128.4(0.55 %),8670,1112000000,27170,3482150000,18849768,24.15
20/07/2017,-4850,-606150000,127(-1.09 %),20150,2586290000,25000,3192440000,18848248,24.15
21/07/2017,-70,1180000,125.3(-1.34 %),35430,4442410000,35500,4441230000,18813868,24.16
24/07/2017,-15780,-1955520000,125.7(0.32 %),15420,1937120000,31200,3892640000,18825618,24.16
25/07/2017,6840,856550000,126(0.24 %),12650,1584780000,5810,728230000,18837968,24.16
26/07/2017,7240,910010000,126(0.00 %),30840,3878290000,23600,2968280000,18868668,24.15
27/07/2017,-7840,-981000000,126.2(0.16 %),5160,653330000,13000,1634330000,18868668,24.15
28/07/2017,-15010,-1863070000,124.3(0.07 %),5590,693970000,20600,2557040000,18868888,24.15
31/07/2017,-44790,-5545340000,124.4(0.08 %),2320,288420000,47110,5833760000,18890168,24.14
01/08/2017,-4840,-607050000,124.7(0.24 %),32860,4079720000,37700,4686770000,18870308,24.15
02/08/2017,172570,21580100000,125(0.24 %),206380,25801430000,33810,4221330000,18684528,24.2
03/08/2017,-17800,-2219170000,125(0.00 %),2550,316660000,20350,2535830000,18729088,24.19
04/08/2017,3980,496440000,124.9(-0.08 %),17220,2146990000,13240,1650550000,18749568,24.18
07/08/2017,-410,-51360000,124.9(0.00 %),20600,2573950000,21010,2625310000,18762778,24.18
08/08/2017,23810,2962810000,124.7(-0.16 %),35250,4387530000,11440,1424720000,18747878,24.18
09/08/2017,-5570,-690610000,123.5(-0.96 %),4430,550460000,10000,1241070000,18756688,24.18
10/08/2017,6800,842260000,124(0.40 %),19600,2428470000,12800,1586210000,18758098,24.18
11/08/2017,-9970,-1238390000,124.1(0.08 %),1240,154010000,11210,1392400000,18768298,24.18
14/08/2017,-9200,-1142260000,124.1(0.00 %),800,99350000,10000,1241610000,18777498,24.18
15/08/2017,-18760,-2325550000,124(-0.08 %),10,1240000,18770,2326790000,18790288,24.17
16/08/2017,-9180,-1134460000,123.7(-0.24 %),820,100900000,10000,1235360000,18800678,24.17
17/08/2017,-7450,-914900000,122.6(-0.89 %),2550,314700000,10000,1229600000,18808128,24.17
18/08/2017,13820,1688090000,123(0.33 %),25200,3077810000,11380,1389720000,18801698,24.17
21/08/2017,-8820,-1089050000,123.5(0.41 %),1680,207950000,10500,1297000000,18810018,24.17
22/08/2017,10,1240000,123.5(0.00 %),10,1240000,0,0,18820008,24.16
23/08/2017,146040,18068800000,123.9(0.32 %),156600,19376240000,10560,1307440000,18674788,24.21
24/08/2017,34510,4278110000,124.4(0.40 %),87720,10883930000,53210,6605820000,18597568,24.23
25/08/2017,5550,692860000,124.9(0.40 %),5550,692860000,0,0,18592018,24.23
28/08/2017,-6040,-753230000,124.9(0.00 %),200,24940000,6240,778170000,18602378,24.23
29/08/2017,-13850,-1704210000,124.5(-0.32 %),10380,1246340000,24230,2950550000,18645208,24.22
30/08/2017,-5800,-721680000,124.7(0.16 %),1300,161690000,7100,883370000,18643908,24.22
31/08/2017,-20550,-2564300000,124.8(0.08 %),442260,55281230000,462810,57845530000,18645648,24.22
01/09/2017,-52380,-6646720000,127.3(2.00 %),79590,10032740000,131970,16679460000,18666078,24.21
05/09/2017,13170,1739220000,130.6(2.59 %),143170,18733030000,130000,16993810000,18650008,24.22
06/09/2017,-6070,-797710000,130.8(0.15 %),14930,1951890000,21000,2749600000,18660128,24.21
07/09/2017,6720,874200000,130.3(-0.38 %),175560,22986570000,168840,22112370000,18690748,24.2
08/09/2017,30,9510000,130.3(0.00 %),15440,2008580000,15410,1999070000,18685308,24.2
11/09/2017,87990,11784590000,133.5(2.46 %),437740,58589020000,349750,46804430000,18488568,24.27
12/09/2017,-9780,-1300760000,133.5(0.00 %),227250,30383370000,237030,31684130000,18447978,24.28
13/09/2017,-107070,-14331700000,134.3(0.60 %),106380,14235930000,213450,28567630000,18452008,24.28
14/09/2017,-48340,-6659090000,137.7(2.53 %),158060,21499500000,206400,28158590000,18493698,24.26
15/09/2017,-92190,-12733820000,137.7(0.00 %),62380,8625850000,154570,21359670000,15903801,25.07
18/09/2017,-77950,-10698930000,137.1(-0.44 %),67610,9287510000,145560,19986440000,15994641,25.04
19/09/2017,-45690,-6246210000,136.5(-0.44 %),175390,23979900000,221080,30226110000,15995651,25.04
20/09/2017,-90980,-12458670000,137.1(0.44 %),54270,7431700000,145250,19890370000,16075951,25.01
21/09/2017,-132880,-18227770000,137.1(0.00 %),28120,3863800000,161000,22091570000,16158391,24.99
22/09/2017,-28920,-3048140000,104.7(6.91 %),176630,18455650000,205550,21503790000,16162841,24.99
25/09/2017,-11660,-1247640000,109.4(4.49 %),207240,22690550000,218900,23938190000,16250851,24.96
26/09/2017,23250,2503170000,107.5(-1.74 %),23250,2503170000,0,0,16388601,24.92
27/09/2017,289332,30478570000,107(-0.47 %),292412,30806800000,3080,328230000,16301739,24.94
28/09/2017,-69140,-7486950000,107.9(0.84 %),113640,12278270000,182780,19765220000,16345999,24.93
29/09/2017,93010,10072240000,108.2(0.28 %),261560,28302250000,168550,18230010000,16084439,25.01
02/10/2017,123200,13380900000,107.6(-0.55 %),262160,28373900000,138960,14993000000,15825359,25.09
03/10/2017,-48420,-5095450000,104.4(-2.97 %),1560,165410000,49980,5260860000,15917579,25.06
04/10/2017,-53440,-5582950000,105(0.57 %),42510,4453870000,95950,10036820000,16043619,25.02
05/10/2017,-150390,-15820760000,105.4(0.38 %),12660,1332730000,163050,17153490000,16169919,24.98
06/10/2017,-66490,-6985420000,105.3(-0.09 %),1210,127040000,67700,7112460000,16218689,24.97
09/10/2017,-161940,-17080060000,105.8(0.47 %),5410,569010000,167350,17649070000,16309229,24.94
10/10/2017,-76090,-8027310000,105(-0.76 %),205950,21688670000,282040,29715980000,22924619,24.92
11/10/2017,-130650,-13710030000,105.1(0.10 %),127010,13308460000,257660,27018490000,22865309,24.93
12/10/2017,-282840,-30341840000,107.9(2.66 %),316950,33641550000,599790,63983390000,22765709,24.96
13/10/2017,20860,2250310000,108(0.09 %),91350,9865910000,70490,7615600000,21344485,25.27
16/10/2017,342690,37744110000,111.1(2.87 %),473750,52184000000,131060,14439890000,21128395,25.32
17/10/2017,21870,2425200000,111(-0.09 %),37470,4159100000,15600,1733900000,21640715,25.21
18/10/2017,-4140,-464030000,111.1(0.09 %),67630,7617900000,71770,8081930000,21643575,25.2
19/10/2017,-45130,-5037210000,111.2(0.09 %),28190,3132750000,73320,8169960000,21746445,25.18
20/10/2017,-60460,-6765830000,111.3(0.09 %),15480,1723370000,75940,8489200000,21746565,25.18
23/10/2017,5430,603340000,109(-2.07 %),24400,2688350000,18970,2085010000,21793935,25.17
24/10/2017,8540,925340000,109(0.00 %),20620,2242350000,12080,1317010000,21846635,25.16
25/10/2017,-12840,-1408980000,109.5(0.46 %),5730,624290000,18570,2033270000,21916845,25.14
26/10/2017,210740,23096910000,109.5(0.00 %),271020,29710250000,60280,6613340000,21664795,25.2
27/10/2017,-56970,-6349460000,113.1(3.29 %),80660,9072130000,137630,15421590000,21596215,25.22
30/10/2017,473070,54201250000,114.5(1.24 %),550960,63113300000,77890,8912050000,21063825,25.33
31/10/2017,18230,2083800000,112.8(-1.48 %),34210,3895630000,15980,1811830000,21089895,25.33
01/11/2017,165360,18639590000,113.7(0.80 %),182240,20545050000,16880,1905460000,21045285,25.34
02/11/2017,145260,16469240000,111.8(-1.67 %),245570,27869040000,100310,11399800000,20877605,25.37
03/11/2017,76470,8579690000,113.4(1.43 %),76980,8637270000,510,57580000,20816605,25.39
06/11/2017,34560,3913010000,113.5(0.09 %),68000,7707270000,33440,3794260000,20765485,25.4
07/11/2017,89970,10177020000,113.5(0.00 %),106400,12037490000,16430,1860470000,20759395,25.4
08/11/2017,5600,707340000,116.2(2.38 %),83740,9726830000,78140,9019490000,20676165,25.42
09/11/2017,368840,43373520000,117.2(0.86 %),451140,52992480000,82300,9618960000,20258465,25.51
10/11/2017,312550,36841010000,117.9(0.60 %),338210,39868690000,25660,3027680000,19936685,25.58
13/11/2017,247540,28879650000,117.1(-0.68 %),260100,30347810000,12560,1468160000,19754729,25.62
14/11/2017,465280,54498410000,118(0.77 %),558100,65446970000,92820,10948560000,19278929,25.73
15/11/2017,87850,10438220000,118(0.00 %),96990,11519420000,9140,1081200000,19207599,25.74
16/11/2017,96690,11553340000,120.5(2.12 %),105680,12617280000,8990,1063940000,19114479,25.76
17/11/2017,93190,11168170000,120.5(0.00 %),104120,12485600000,10930,1317430000,19103187,25.77
20/11/2017,94380,11378820000,120.8(0.25 %),100180,12076940000,5800,698120000,19012143,25.79
21/11/2017,488320,60208470000,124(2.65 %),571660,70432280000,83340,10223810000,17804708,26.06
22/11/2017,238810,29981000000,126(1.61 %),256410,32172740000,17600,2191740000,17559228,26.11
23/11/2017,259350,33239830000,129.9(3.10 %),271560,34775770000,12210,1535940000,17293468,26.17
24/11/2017,151350,19552720000,129.5(-0.31 %),189210,24442240000,37860,4889520000,17187598,26.19
27/11/2017,1240,157050000,129.3(-0.15 %),7360,946610000,6120,789560000,17197838,26.19
28/11/2017,311600,41011010000,132.6(2.55 %),319910,42096410000,8310,1085400000,16890138,26.26
29/11/2017,201820,27213830000,134.6(1.51 %),220000,29657910000,18180,2444080000,16707998,26.3
30/11/2017,295220,40186660000,135(0.30 %),342260,46551230000,47040,6364570000,16371858,26.37
01/12/2017,108150,14568980000,134.9(-0.07 %),152100,20509680000,43950,5940700000,16228068,26.4
04/12/2017,67360,9110730000,135.7(0.59 %),69960,9462070000,2600,351340000,16176288,26.42
05/12/2017,-102840,-13833510000,130(-4.20 %),46080,6162640000,148920,19996150000,16177248,26.42
06/12/2017,-202520,-26292080000,130(0.00 %),22260,2898000000,224780,29190080000,16198938,26.41
07/12/2017,-292790,-37399910000,127(-2.31 %),20440,2643930000,313230,40043840000,16181098,26.41
08/12/2017,-175730,-22523240000,129.3(1.81 %),18800,2421050000,194530,24944290000,16311218,26.39
11/12/2017,44920,5904610000,132.7(2.63 %),54330,7154600000,9410,1249990000,16481668,26.35
12/12/2017,3790,508310000,133.4(0.53 %),18530,2458340000,14740,1950030000,16776368,26.28
13/12/2017,19780,2642990000,133.9(0.37 %),23130,3091720000,3350,448730000,16947768,26.25
14/12/2017,-109900,-14661730000,133.4(-0.37 %),24100,3220030000,134000,17881760000,16933078,26.25
15/12/2017,134820,18207900000,139(4.20 %),173300,23322000000,38480,5114100000,16774518,26.28
18/12/2017,84500,11897930000,141(1.44 %),88620,12475090000,4120,577160000,16689248,26.3
19/12/2017,143510,20376670000,143.4(1.70 %),151130,21448650000,7620,1071980000,16672118,26.31
20/12/2017,-17030,-2435860000,142.7(-0.49 %),26190,3749980000,43220,6185840000,16684408,26.3
21/12/2017,-134850,-19038700000,139.8(-2.03 %),22990,3248130000,157840,22286830000,16665538,26.31
22/12/2017,-104010,-14432450000,139.2(-0.43 %),17910,2493490000,121920,16925940000,16655248,26.31
25/12/2017,20610,2894820000,141(1.29 %),22650,3178860000,2040,284040000,16675826,26.31
26/12/2017,29090,4123350000,143(1.42 %),39490,5603980000,10400,1480630000,16794176,26.28
27/12/2017,192980,27501350000,142.5(-0.35 %),207410,29558280000,14430,2056930000,16708686,26.3
28/12/2017,79420,11416520000,145(1.75 %),83770,12043570000,4350,627050000,16626956,26.32
29/12/2017,278220,40819980000,146.8(1.24 %),307380,45096710000,29160,4276730000,16329976,26.38
02/01/2018,53340,7854570000,147.5(0.48 %),83440,12310110000,30100,4455540000,16260966,26.4
03/01/2018,112230,16540180000,148.3(0.54 %),116680,17197570000,4450,657390000,16148636,26.42
04/01/2018,135350,20102920000,148.9(0.40 %),314330,46649920000,178980,26547000000,16016676,26.45
05/01/2018,18810,2789220000,148.9(0.00 %),36710,5455020000,17900,2665800000,16010066,26.45
08/01/2018,48290,7155010000,148.5(-0.27 %),61560,9125760000,13270,1970750000,15952956,26.47
09/01/2018,-3260,-447240000,147.5(-0.67 %),31540,4649750000,34800,5096990000,15947186,26.47
10/01/2018,46600,6868970000,146.6(-0.61 %),234810,34462740000,188210,27593770000,15912276,26.47
11/01/2018,-200730,-30463250000,153.9(4.98 %),22830,3457670000,223560,33920920000,15902716,26.48
12/01/2018,238900,36799770000,155.5(1.04 %),348500,53577560000,109600,16777790000,15589016,26.55
15/01/2018,456900,72602030000,160.9(3.47 %),463440,73626410000,6540,1024380000,15131786,26.65
16/01/2018,352870,57447180000,161.5(0.37 %),469630,76431960000,116760,18984780000,14885716,26.7
17/01/2018,606320,99164220000,160(-0.93 %),1215230,199000040000,608910,99835820000,14180086,26.86
18/01/2018,287660,46181490000,163.9(2.44 %),503390,80897610000,215730,34716120000,13683236,26.97
19/01/2018,376200,65250200000,175.3(6.96 %),598560,103738980000,222360,38488780000,13201436,27.08
22/01/2018,227930,42269470000,186.5(7.00 %),239500,44425480000,11570,2156010000,13170846,27.08
25/01/2018,34740,6930630000,199.5(6.97 %),214530,42798740000,179790,35868110000,13405976,27.03
26/01/2018,158260,23275380000,190(-4.76 %),804420,158950860000,646160,135675480000,12601556,27.21
29/01/2018,-539470,-102020450000,189.5(-0.26 %),287660,54948170000,827130,156968620000,12313896,27.27
30/01/2018,-490680,-93731430000,195(2.90 %),463660,88092060000,954340,181823490000,12030026,27.33
31/01/2018,-25570,-5054860000,193(-1.03 %),446240,86296040000,471810,91350900000,12229946,27.29
01/02/2018,-141060,-27153370000,192(-0.52 %),170790,32689020000,311850,59842390000,12886286,27.14
02/02/2018,-548540,-105744680000,194.5(1.30 %),14410,2757770000,562950,108502450000,13826216,26.94
05/02/2018,-197690,-37807500000,185(-4.88 %),44350,8515360000,242040,46322860000,14253676,26.84
06/02/2018,-642590,-110589730000,172.1(-6.97 %),17250,2968730000,659840,113558460000,14548276,26.78
07/02/2018,-294900,-53030050000,184.1(6.97 %),35660,6488690000,330560,59518740000,15075574,26.66
08/02/2018,-29040,-5472860000,184(-0.05 %),19510,3623850000,48550,9096710000,15298104,26.61
09/02/2018,-101990,-18404530000,185(0.54 %),66440,11872090000,168430,30276620000,15891504,26.48
12/02/2018,223780,44224390000,196.9(6.43 %),694430,133162270000,470650,88937880000,15527634,26.56
13/02/2018,-172380,-34150220000,199(1.07 %),455630,89557240000,628010,123707460000,15120554,26.65
21/02/2018,61850,12352960000,199(0.00 %),354170,70773030000,292320,58420070000,14934814,26.69
22/02/2018,12290,2539260000,195(-2.01 %),97820,19228230000,85530,16688970000,15307644,26.61
23/02/2018,54660,10614690000,195(0.00 %),236360,46029670000,181700,35414980000,15699294,26.52
26/02/2018,31610,5973500000,195.1(0.05 %),239870,46841590000,208260,40868090000,15751744,26.51
27/02/2018,-225570,-45417130000,201(3.02 %),82940,16611030000,308510,62028160000,15754334,26.51
28/02/2018,-100010,-19914610000,200(-0.50 %),59020,11757860000,159030,31672470000,15877014,26.48
01/03/2018,11360,2279750000,200.5(0.25 %),55250,11101180000,43890,8821430000,16030024,26.45
02/03/2018,116750,23283120000,202(0.75 %),197220,39358430000,80470,16075310000,16141314,26.42
05/03/2018,156490,32630820000,203(0.50 %),166430,34701740000,9940,2070920000,16133914,26.43
06/03/2018,230460,47777870000,209.8(3.35 %),291120,60206300000,60660,12428430000,15886684,26.48
07/03/2018,8330,1701700000,207.5(-1.10 %),30720,6406920000,22390,4705220000,15936434,26.47
08/03/2018,15110,3038100000,209(0.72 %),101410,21085440000,86300,18047340000,15844964,26.49
09/03/2018,101730,21248630000,209(0.00 %),249550,52283580000,147820,31034950000,15656074,26.53
12/03/2018,6820,1412900000,209.9(0.43 %),63140,13240240000,56320,11827340000,15615324,26.54
13/03/2018,110360,22985160000,206(-1.86 %),363890,75511950000,253530,52526790000,15337734,26.6
14/03/2018,-181550,-37284570000,206.5(0.24 %),227210,46768150000,408760,84052720000,15380474,26.59
15/03/2018,-134490,-27606770000,205.5(-0.48 %),64910,13298380000,199400,40905150000,15371884,26.59
16/03/2018,-140230,-28711090000,204(-0.73 %),156500,32045530000,296730,60756620000,15468914,26.57
19/03/2018,-124170,-25662600000,207.5(1.72 %),250960,51749240000,375130,77411840000,15504584,26.56
20/03/2018,-175830,-36222750000,204.9(-1.25 %),334720,68970170000,510550,105192920000,15490280,26.57
21/03/2018,-124130,-25315370000,203(-0.93 %),383750,78100390000,507880,103415760000,15403267,26.59
22/03/2018,-24210,-4988200000,208.9(2.91 %),48810,10140480000,73020,15128680000,15729587,26.51
23/03/2018,67430,14074010000,208.4(-0.24 %),123370,25593830000,55940,11519820000,15995757,26.46
26/03/2018,-93130,-20819740000,217.9(4.56 %),323840,69681190000,416970,90500930000,16179797,26.42
27/03/2018,28380,6273180000,222(1.88 %),150020,33197850000,121640,26924670000,16102797,26.43
28/03/2018,-44280,-9997290000,225(1.35 %),34800,7783050000,79080,17780340000,16123937,26.43
29/03/2018,15800,3508020000,222(-1.33 %),42730,9547220000,26930,6039200000,16498177,26.34
30/03/2018,-36380,-8157140000,223.9(0.86 %),67590,15098940000,103970,23256080000,16552227,26.33
02/04/2018,-35150,-8045520000,228.1(1.88 %),97030,22150890000,132180,30196410000,16534277,26.34
03/04/2018,-136360,-30725070000,225(-1.36 %),78840,17731010000,215200,48456080000,16482367,26.35
04/04/2018,-22800,-5182320000,221(-1.78 %),63860,14235740000,86660,19418060000,16522477,26.34
05/04/2018,-249560,-54631170000,218(-1.36 %),169360,37190810000,418920,91821980000,16545297,26.33
06/04/2018,-417810,-90814560000,218(0.00 %),27580,5990960000,445390,96805520000,16732917,26.29
09/04/2018,-253670,-55556380000,218(0.00 %),31400,6823310000,285070,62379690000,16788177,26.28
10/04/2018,-325000,-70257910000,217(-0.46 %),204010,44089030000,529010,114346940000,16943087,26.25
11/04/2018,-358670,-76980550000,213(-1.84 %),115680,24939270000,474350,101919820000,17272797,26.17
12/04/2018,-213030,-44788250000,210(-1.41 %),32890,6908870000,245920,51697120000,17524977,26.12
13/04/2018,-184180,-39026980000,211.8(0.86 %),7910,1672450000,192090,40699430000,18045477,26.0
16/04/2018,-134050,-28346260000,211.8(0.00 %),46840,9891450000,180890,38237710000,18472987,25.91
17/04/2018,-149040,-31436000000,210(-0.85 %),311900,65770000000,460940,97206000000,18707007,25.86
18/04/2018,-278370,-58339820000,209.8(-0.10 %),19350,4063110000,297720,62402930000,18879747,25.82
19/04/2018,-485730,-99264030000,197(-6.10 %),20740,4237120000,506470,103501150000,19039897,25.78
20/04/2018,-457470,-89751180000,195.7(-0.66 %),19100,3751880000,476570,93503060000,19181737,25.75
23/04/2018,-326400,-65399360000,197(0.66 %),15170,3007310000,341570,68406670000,19464287,25.69
24/04/2018,-766810,-148903730000,195(-1.02 %),6900,1340550000,773710,150244280000,19963857,25.58
26/04/2018,-340970,-64611020000,192(-1.54 %),105230,19394570000,446200,84005590000,20335197,25.49
27/04/2018,-201400,-37600780000,187(-2.60 %),84190,15782250000,285590,53383030000,20612577,25.43
02/05/2018,-594350,-110329530000,179.6(-3.96 %),141390,26216470000,735740,136546000000,21365747,25.27
03/05/2018,-183780,-31514410000,173(-3.67 %),325520,56027300000,509300,87541710000,21736427,25.18
04/05/2018,-329820,-58084440000,177(2.31 %),262182,45398470000,592002,103482910000,21989817,25.13
07/05/2018,-370490,-66264840000,183(3.39 %),136180,24313610000,506670,90578450000,22468527,25.02
08/05/2018,-190940,-35749710000,187.9(2.68 %),407440,76664150000,598380,112413860000,22640387,24.98
09/05/2018,171310,33447400000,194.2(3.91 %),506860,98320570000,335550,64873170000,22685747,24.97
10/05/2018,32980,6162450000,192.1(-1.08 %),370250,71108750000,337270,64946300000,23022167,24.9
11/05/2018,-12580,-2365250000,189.9(-1.15 %),20940,3972440000,33520,6337690000,23279607,24.84
14/05/2018,56250,10671870000,192.2(1.21 %),219240,41951640000,162990,31279770000,23185717,24.86
15/05/2018,32790,6463930000,197(2.50 %),269190,52717650000,236400,46253720000,23144797,24.87
16/05/2018,13900,2712120000,194.8(-1.12 %),65500,12799840000,51600,10087720000,23112817,24.88
17/05/2018,-194920,-36778530000,188(-3.49 %),36310,6895840000,231230,43674370000,23239497,24.85
18/05/2018,-233850,-42444590000,190(1.06 %),88000,15875320000,321850,58319910000,23296897,24.84
21/05/2018,-171070,-32202810000,184(-3.16 %),28250,5329740000,199320,37532550000,23320247,24.83
22/05/2018,-288710,-50854800000,176.9(-3.86 %),525090,92535600000,813800,143390400000,23526391,24.79
23/05/2018,-94940,-16863080000,178(0.62 %),429280,74916570000,524220,91779650000,23748961,24.74
24/05/2018,-31780,-5672950000,171.5(-3.65 %),146420,25257180000,178200,30930130000,23801861,24.73
25/05/2018,-214450,-34844080000,159.5(-7.00 %),160740,26165310000,375190,61009390000,23954921,24.69
28/05/2018,-100,-4670000,148.4(-6.96 %),106980,15949290000,107080,15953960000,24042161,24.67
29/05/2018,3260,444070000,152(2.43 %),306480,44856650000,303220,44412580000,23913881,24.7
30/05/2018,-22490,-3356370000,147(-3.29 %),155180,22820250000,177670,26176620000,24133891,24.65
31/05/2018,-341910,-50931310000,148.8(1.22 %),53280,7956260000,395190,58887570000,24187691,24.64
01/06/2018,-90200,-14360040000,159.2(6.99 %),5820,900350000,96020,15260390000,24485091,24.58
04/06/2018,-83320,-14165360000,170.3(6.97 %),22120,3744080000,105440,17909440000,24640641,24.54
05/06/2018,32280,5542460000,173(1.59 %),338241,58624590000,305961,53082130000,24891441,24.49
06/06/2018,53450,9174820000,174.6(0.92 %),53470,9178230000,20,3410000,24933991,24.48
07/06/2018,163150,29113040000,179(2.52 %),430410,76938040000,267260,47825000000,24709021,24.53
08/06/2018,20740,3640320000,179(0.00 %),262080,46846710000,241340,43206390000,24559051,24.56
11/06/2018,60220,10811320000,184(2.79 %),303670,55686840000,243450,44875520000,24355401,24.6
12/06/2018,239530,42489430000,179(-2.72 %),290870,51572810000,51340,9083380000,24231791,24.63
13/06/2018,63340,11370370000,179.7(0.39 %),109730,19732170000,46390,8361800000,24363401,24.6
14/06/2018,-75040,-13154180000,175(-2.62 %),23880,4238040000,98920,17392220000,24482971,24.58
15/06/2018,-31960,-5495190000,173(-1.14 %),55280,9657330000,87240,15152520000,24479031,24.58
18/06/2018,-113180,-19240040000,165(-4.62 %),56910,9499350000,170090,28739390000,24468511,24.58
19/06/2018,21160,3502690000,160(-3.03 %),112750,18342100000,91590,14839410000,24454681,24.58
20/06/2018,-129950,-21038650000,170(6.25 %),224760,36331500000,354710,57370150000,24317161,24.61
21/06/2018,212060,36977720000,173.1(1.82 %),275490,48020620000,63430,11042900000,24271761,24.62
22/06/2018,92240,16162960000,174.9(1.04 %),263860,46180310000,171620,30017350000,24099491,24.66
25/06/2018,-11590,-1996620000,173(-1.09 %),25470,4451930000,37060,6448550000,24428731,24.59
26/06/2018,-5060,-862440000,172.9(-0.06 %),14590,2481660000,19650,3344100000,24417571,24.59
27/06/2018,18150,3115240000,170.6(-1.33 %),18360,3151230000,210,35990000,24570831,24.56
28/06/2018,50580,8632400000,166.1(-2.64 %),89000,15117780000,38420,6485380000,24518891,24.57
29/06/2018,-12570,-1772154000,141.8(2.45 %),32540,4605202000,45110,6377356000,24531461,14.51
02/07/2018,10360,1444320000,139(-1.97 %),16700,2329440000,6340,885120000,24489511,24.57
03/07/2018,-31960,-4391440000,133(-4.32 %),5000,686060000,36960,5077500000,24522931,24.57
04/07/2018,-122640,-15977150000,131(-1.50 %),12180,1583580000,134820,17560730000,24555861,24.56
05/07/2018,-118520,-15254660000,129.5(-1.15 %),90800,12104100000,209320,27358760000,24471401,24.58
06/07/2018,-97160,-12539390000,132.9(2.63 %),27870,3591350000,125030,16130740000,24480491,24.58
09/07/2018,-130600,-17077680000,130.5(-1.81 %),37430,4929010000,168030,22006690000,24577881,24.55
10/07/2018,156030,20624800000,133.5(2.30 %),203100,26890020000,47070,6265220000,24584101,24.55
11/07/2018,-3160,-392530000,130.7(-2.10 %),51800,6756190000,54960,7148720000,24657331,24.54
12/07/2018,-67090,-8714962000,130.4(-0.23 %),5470,712843000,72560,9427805000,24724421,14.46
13/07/2018,-73160,-9551780000,131(0.46 %),5010,653380000,78170,10205160000,24861951,24.49
16/07/2018,-22030,-2931090000,132(0.76 %),52380,6931610000,74410,9862700000,24864531,24.49
17/07/2018,-35150,-4636870000,132.1(0.08 %),54680,7170300000,89830,11807170000,24882411,24.49
18/07/2018,-344480,-46163760000,134.5(1.82 %),124910,16729010000,469390,62892770000,24905671,24.48
19/07/2018,-320090,-44793410000,140(4.09 %),59470,8374140000,379560,53167550000,24920611,24.48
20/07/2018,45170,6245250000,131(-6.43 %),66600,9270980000,21430,3025730000,24943841,24.47
23/07/2018,-2270,-310115000,140(6.87 %),3730,514122000,6000,824237000,24946111,14.41
24/07/2018,-64520,-8856170000,137.6(-1.71 %),25560,3530860000,90080,12387030000,25693501,24.31
25/07/2018,-104200,-14157660000,136(-1.16 %),43990,6001160000,148190,20158820000,25670941,24.31
26/07/2018,149090,20230120000,136.9(0.66 %),277420,37537100000,128330,17306980000,25399521,24.37
27/07/2018,-15480,-2055190000,137.5(0.44 %),77560,10649730000,93040,12704920000,30327351,24.4
30/07/2018,-48450,-6919470000,144.5(5.09 %),118420,16894990000,166870,23814460000,30357121,24.4
31/07/2018,13730,1987948000,144.4(-0.07 %),95890,13857637000,82160,11869689000,30343391,11.01
01/08/2018,-70410,-10034980000,143(-0.97 %),11790,1691570000,82200,11726550000,30470811,24.37
02/08/2018,46350,6627630000,146(2.10 %),133260,18988450000,86910,12360820000,30504421,24.37
03/08/2018,6240,869310000,148(1.37 %),523380,76495650000,517140,75626340000,30351201,24.4
06/08/2018,44350,6543683000,147.9(-0.07 %),60850,8982388000,16500,2438705000,30306851,11.02
07/08/2018,111970,16457720000,146.9(-0.68 %),114170,16782060000,2200,324340000,30345291,24.4
08/08/2018,148830,21931190000,147.5(0.41 %),156070,23001410000,7240,1070220000,30418361,24.38
09/08/2018,3850,577760000,150.2(1.83 %),8370,1256010000,4520,678250000,30426491,24.38
10/08/2018,45410,6887560000,152.4(1.46 %),140380,21271470000,94970,14383910000,30377801,24.39
13/08/2018,178990,27353000000,154(1.05 %),209530,32030410000,30540,4677410000,30175511,24.43
14/08/2018,414390,63944500000,154.4(0.26 %),463720,71501870000,49330,7557370000,29716311,24.51
15/08/2018,90960,13752030000,149(-3.50 %),111970,16967420000,21010,3215390000,29609821,24.53
16/08/2018,-91150,-13428930000,148.9(-0.07 %),22320,3260770000,113470,16689700000,29618041,24.53
17/08/2018,95420,14399841000,151(1.41 %),95690,14440612000,270,40771000,29522621,11.17
20/08/2018,-107710,-16159950000,151(0.00 %),10940,1644930000,118650,17804880000,29581511,24.54
21/08/2018,129860,19689860000,152(0.66 %),180430,27348880000,50570,7659020000,29514551,24.55
22/08/2018,-124300,-18853620000,151.9(-0.07 %),27740,4233840000,152040,23087460000,29487081,24.56
23/08/2018,-30540,-4642760000,151(-0.59 %),210850,31844110000,241390,36486870000,29394881,24.57
24/08/2018,-16770,-2574010000,151.8(0.53 %),147870,22341060000,164640,24915070000,29297581,24.59
27/08/2018,156710,23874550000,153(0.79 %),513600,78374370000,356890,54499820000,28936023,24.66
28/08/2018,269470,41744860000,155.2(1.44 %),527830,81698550000,258360,39953690000,28649583,24.71
29/08/2018,36350,5626440000,155.4(0.13 %),159650,24731870000,123300,19105430000,28654575,24.71
30/08/2018,147530,22978030000,156.9(0.97 %),379710,58991920000,232180,36013890000,28631755,24.71
31/08/2018,57700,8943600000,156(-0.57 %),457110,71335420000,399410,62391820000,28483005,24.74
04/09/2018,69700,10718260000,145.1(-6.99 %),78720,12094570000,9020,1376310000,28527589,24.73
05/09/2018,26800,4009200000,149.5(4.47 %),131470,19593770000,104670,15584570000,28696299,24.7
06/09/2018,-46970,-6968630000,147(-1.67 %),2470,366510000,49440,7335140000,29043239,24.64
07/09/2018,-330,-48779000,147.5(0.34 %),1820,268180000,2150,316959000,29043569,11.25
10/09/2018,2870,423210000,147.4(-0.07 %),3890,573630000,1020,150420000,29083219,24.63
11/09/2018,386750,57551580000,150.5(2.10 %),402230,59849330000,15480,2297750000,28730429,24.7
12/09/2018,-60790,-9128800000,150(-0.33 %),10830,1623040000,71620,10751840000,28721749,24.7
13/09/2018,-69310,-10300790000,148(-1.33 %),12240,1828990000,81550,12129780000,28710535,24.7
14/09/2018,3860,578530000,149(0.68 %),9420,1405530000,5560,827000000,28716595,24.7
17/09/2018,-120930,-17752040000,147(-1.34 %),1440,213590000,122370,17965630000,28786775,24.68
18/09/2018,-72580,-10507430000,149.2(1.50 %),286680,41979700000,359260,52487130000,28631653,24.71
19/09/2018,1650,246590000,149.4(0.13 %),4820,718480000,3170,471890000,28632403,24.71
20/09/2018,101750,15208803000,149.6(0.13 %),106450,15911305000,4700,702502000,28530653,11.35
21/09/2018,-69570,-10337920000,149.4(-0.13 %),12800,1910170000,82370,12248090000,28944783,24.66
24/09/2018,-85320,-12857120000,152.1(1.81 %),1240,188720000,86560,13045840000,28946720,24.66
25/09/2018,-81150,-12320923350,152.1(0.00 %),1410,214078890,82560,12535002240,29027870,24.64
26/09/2018,-8760,-1326230000,152.2(0.07 %),6410,973300000,15170,2299530000,29025830,24.64
27/09/2018,-183150,-27878780000,152.6(0.26 %),7910,1201740000,191060,29080520000,29104480,24.63
28/09/2018,-359150,-54414890000,151.5(-0.72 %),4550,689300000,363700,55104190000,29184496,24.61
01/10/2018,-238590,-35521820000,148.5(-1.98 %),10620,1594660000,249210,37116480000,29164032,24.62
02/10/2018,-726330,-105396433000,145(-2.36 %),9870,1440578000,736200,106837011000,29890362,24.48
03/10/2018,-125610,-18207320000,144.8(-0.14 %),2950,428020000,128560,18635340000,29705972,24.52
04/10/2018,-207360,-29771200000,143.6(-0.83 %),5900,847740000,213260,30618940000,29949282,24.47
05/10/2018,-229480,-32777340000,143.1(-0.35 %),13470,1924620000,242950,34701960000,30672012,24.34
08/10/2018,-264600,-37531680000,140.6(-1.75 %),17220,2444130000,281820,39975810000,30783352,24.32
09/10/2018,-11700,-1669910000,143(1.71 %),10,1430000,11710,1671340000,30996602,24.28
10/10/2018,-7780,-1116060000,145(1.40 %),40,5740000,7820,1121800000,31239520,24.23
11/10/2018,-121170,-16876173000,140.8(-2.90 %),2880,407196000,124050,17283369000,31360690,24.21
12/10/2018,-117080,-16337760000,141(0.14 %),10520,1474610000,127600,17812370000,31519652,24.18
15/10/2018,-16970,-2348740000,139.2(-1.28 %),2200,307860000,19170,2656600000,31525272,24.18
16/10/2018,-200260,-27562950000,137(-1.58 %),4300,590710000,204560,28153660000,31645022,24.16
17/10/2018,46520,6361500000,139.2(1.61 %),133960,18486832000,87440,12125332000,31598502,24.17
18/10/2018,-162090,-22291090000,136.5(-1.94 %),30580,4256070000,192670,26547160000,31627252,24.16
19/10/2018,-201400,-26765969000,132(-3.30 %),4310,573213000,205710,27339182000,31828652,24.12
22/10/2018,-1016740,-131993150000,129(-2.27 %),4690,608390000,1021430,132601540000,31910252,24.11
23/10/2018,-231790,-29461826000,127(-1.55 %),7450,949842000,239240,30411668000,32142042,24.07
24/10/2018,-91840,-11691910000,126.8(-0.16 %),57760,7339540000,149600,19031450000,32293422,24.04
25/10/2018,-8890,-1092230000,126(-0.63 %),10620,1327020000,19510,2419250000,33304234,23.85
26/10/2018,-95860,-12025130000,124.8(-0.95 %),20290,2535670000,116150,14560800000,33523184,23.81
29/10/2018,2260,280960000,124.8(0.00 %),5660,704660000,3400,423700000,33617124,23.79
30/10/2018,3790,473900000,126(0.96 %),17120,2142993000,13330,1669093000,33613334,23.79
31/10/2018,22220,2921899000,133.7(6.11 %),34770,4526300000,12550,1604401000,33591114,23.8
01/11/2018,155900,20967560000,133.8(0.07 %),356340,47906130000,200440,26938570000,33347954,23.84
02/11/2018,143630,19366880000,135.5(1.27 %),218670,29510569000,75040,10143689000,33204324,23.87
05/11/2018,89260,12059190000,135.6(0.07 %),122720,16592020000,33460,4532830000,33032444,23.9
06/11/2018,980,131380000,134(-1.18 %),3020,410490000,2040,279110000,33229864,23.86
07/11/2018,9060,1205370000,132(-1.49 %),9270,1233320000,210,27950000,33295634,23.85
08/11/2018,31210,4152890000,133.3(0.98 %),34000,4526660000,2790,373770000,33295094,23.85
09/11/2018,-15170,-1987160000,130.9(-1.80 %),12630,1678880000,27800,3666040000,33284504,23.85
12/11/2018,-61880,-8017510000,129.2(-1.30 %),28820,3743890000,90700,11761400000,33255894,23.86
13/11/2018,6090,784250000,128(-0.93 %),6330,815090000,240,30840000,33252354,23.86
14/11/2018,62430,8003310000,127.5(-0.39 %),63610,8155340000,1180,152030000,33216544,23.87
15/11/2018,-1080,-125610000,127.7(0.16 %),65690,8408960000,66770,8534570000,33241554,23.86
16/11/2018,-117600,-15027860000,127.9(0.16 %),27690,3535360000,145290,18563220000,33214104,23.87
19/11/2018,-88280,-11341680000,128.4(0.39 %),43690,5600940000,131970,16942620000,33171592,23.88
20/11/2018,-55650,-7186280000,129(0.47 %),2513970,300551580000,2569620,307737860000,33224392,23.87
21/11/2018,-85890,-10984350000,128(-0.78 %),14330,1838270000,100220,12822620000,33355352,23.84
22/11/2018,-67100,-8604060000,128.1(0.08 %),148260,18977460000,215360,27581520000,33339062,23.84
23/11/2018,-23350,-2972590000,127(-0.86 %),11080,1418330000,34430,4390920000,33397604,23.83
26/11/2018,-83380,-10591890000,127(0.00 %),27620,3513410000,111000,14105300000,33470204,23.82
27/11/2018,-94640,-12028150000,126.7(-0.24 %),48150,6112640000,142790,18140790000,33637414,23.79
28/11/2018,-186130,-24006720000,129.5(2.21 %),6400,826010000,192530,24832730000,33665444,23.78
29/11/2018,58690,7798320000,132.5(2.32 %),208060,27620110000,149370,19821790000,33568396,23.8
30/11/2018,-93870,-12249360000,131(-1.13 %),3730,487830000,97600,12737190000,33707456,23.78
03/12/2018,-67080,-8834770000,132(0.76 %),13110,1728370000,80190,10563140000,33886876,23.74
04/12/2018,-53980,-7167700000,132.9(0.68 %),18740,2488440000,72720,9656140000,34017506,23.72
05/12/2018,18500,2441020000,131.4(-1.13 %),20080,2649264000,1580,208244000,33999006,23.72
06/12/2018,-1860,-244220000,131.9(0.38 %),6940,915700000,8800,1159920000,34168280,23.69
07/12/2018,-127330,-16894410000,132.4(0.38 %),380,50420000,127710,16944830000,34240620,23.68
10/12/2018,-186660,-24448730000,129.9(-1.89 %),6510,853370000,193170,25302100000,34235690,23.68
11/12/2018,-213330,-27594800000,128.8(-0.85 %),8570,1111140000,221900,28705940000,34235920,23.68
12/12/2018,-52820,-6869250000,130.2(1.09 %),1290,166500000,54110,7035750000,34362340,23.66
13/12/2018,-140950,-18338660000,129.5(-0.54 %),48650,6349820000,189600,24688480000,34551260,23.62
14/12/2018,-70500,-9063800000,128(-1.16 %),5710,733200000,76210,9797000000,34767450,23.58
17/12/2018,-71830,-9094290000,126.5(-1.17 %),22920,2897710000,94750,11992000000,34798640,23.57
18/12/2018,-120890,-15057390000,124.9(-1.26 %),231660,28816450000,352550,43873840000,34912170,23.55
19/12/2018,-48440,-6069270000,125(0.08 %),179750,22487320000,228190,28556590000,34900630,23.56
20/12/2018,21650,2685910000,124.2(-0.64 %),499250,62129010000,477600,59443100000,34846130,23.57
21/12/2018,-120210,-14860730000,124.2(0.00 %),72800,9006390000,193010,23867120000,34925880,23.55
24/12/2018,-76100,-9454770000,124.3(0.08 %),1400,173950000,77500,9628720000,35060670,23.53
25/12/2018,-86740,-10568660000,121.9(-1.93 %),3210,389630000,89950,10958290000,35185060,23.5
26/12/2018,-73410,-8934808000,122(0.08 %),8020,976351000,81430,9911159000,35258470,23.49
27/12/2018,-170210,-20678620000,120(-1.64 %),69808,8396840000,240018,29075460000,35432944,23.46
28/12/2018,-96070,-11546690000,120(0.00 %),2140,258030000,98210,11804720000,35520754,23.44
02/01/2019,-174690,-20628786000,117(-2.50 %),7020,837646000,181710,21466432000,35779984,23.39
03/01/2019,-118570,-13766973000,116.2(-0.68 %),5130,596311000,123700,14363284000,35898554,23.37
04/01/2019,-596590,-68311290000,115(-1.03 %),4340,495080000,600930,68806370000,35868724,23.38
07/01/2019,-395190,-45355143000,116(0.87 %),22670,2612641000,417860,47967784000,36263914,23.3
08/01/2019,-122910,-14131540000,115(-0.86 %),1580,182460000,124490,14314000000,36149884,23.33
09/01/2019,-328650,-37803230000,115(0.00 %),83850,9638070000,412500,47441300000,36666964,23.23
10/01/2019,-173800,-19994790000,115(0.00 %),7010,806180000,180810,20800970000,37077804,23.15
11/01/2019,-232150,-27133590000,117(1.74 %),123110,14378570000,355260,41512160000,37079184,23.15
14/01/2019,-34290,-4039730000,117.5(0.43 %),103990,12213410000,138280,16253140000,37387694,23.1
15/01/2019,-209440,-24488150000,117.2(-0.26 %),20220,2371550000,229660,26859700000,37548284,23.07
16/01/2019,-274440,-31709826000,116(-1.02 %),71660,8274571000,346100,39984397000,37822724,23.02
17/01/2019,-300280,-34554800000,115.5(-0.43 %),8150,939140000,308430,35493940000,37962014,22.99
18/01/2019,-246520,-28276440000,115.2(-0.26 %),10510,1204530000,257030,29480970000,38181164,22.95
21/01/2019,-97610,-11222550000,115.2(0.00 %),13190,1517760000,110800,12740310000,38514079,22.89
22/01/2019,-153320,-17624650000,115(-0.17 %),25550,2937760000,178870,20562410000,38796959,22.84
23/01/2019,-172700,-19916559000,115.5(0.43 %),10210,1179265000,182910,21095824000,38969659,22.8
24/01/2019,-136420,-16037416000,118(2.16 %),120600,14187428000,257020,30224844000,39106079,22.78
25/01/2019,65210,7902510000,122.5(3.81 %),220830,26634090000,155620,18731580000,39132027,22.77
28/01/2019,17240,2109300000,122.5(0.00 %),19100,2337350000,1860,228050000,39295837,22.74
29/01/2019,11310,1378742000,121.7(-0.65 %),17310,2106432000,6000,727690000,39012319,22.8
30/01/2019,162460,19904348000,123.2(1.23 %),232110,28479866000,69650,8575518000,38849859,22.83
31/01/2019,-69100,-8517654000,123.5(0.24 %),42200,5190012000,111300,13707666000,38918959,22.81
01/02/2019,-3270,-392059000,125(1.21 %),27030,3367497000,30300,3759556000,0,0.0
11/02/2019,-47020,-5921940000,125.9(0.72 %),44490,5595500000,91510,11517440000,39282847,22.75
12/02/2019,-140980,-17734745000,125.9(0.00 %),35500,4466664000,176480,22201409000,39445687,22.72
13/02/2019,-42630,-5323900000,124.5(-1.11 %),62490,7783750000,105120,13107650000,39326457,22.74
14/02/2019,-69220,-8556280000,123.4(-0.88 %),23240,2870840000,92460,11427120000,39394727,22.73
15/02/2019,-122750,-14910186000,121.3(-1.70 %),12710,1550380000,135460,16460566000,39680287,22.67
18/02/2019,-376110,-45362330000,120.5(-0.66 %),19550,2359290000,395660,47721620000,39644067,22.68
19/02/2019,-422550,-51298300000,120.8(0.25 %),50450,6154620000,473000,57452920000,39686077,22.67
20/02/2019,-267720,-32065860000,119.8(-0.83 %),49610,5934250000,317330,38000110000,39771927,22.66
21/02/2019,-649300,-76886930000,119(-0.67 %),30370,3599330000,679670,80486260000,40137217,22.59
22/02/2019,-482190,-58520541000,121.5(2.10 %),46240,5600976000,528430,64121517000,41878157,22.27
25/02/2019,-300020,-37212140000,124.5(2.47 %),86490,10716880000,386510,47929020000,40794817,22.47
26/02/2019,-108640,-13451314000,123.6(-0.72 %),50090,6213903000,158730,19665217000,42286817,22.19
27/02/2019,-398230,-48896120000,122.7(-0.73 %),124720,15305550000,522950,64201670000,41828107,22.28
28/02/2019,-566930,-68328370000,119(-3.02 %),67350,8122960000,634280,76451330000,42184277,22.21
01/03/2019,-449940,-53389635000,120(0.84 %),15570,1849857000,465510,55239492000,42343007,22.18
04/03/2019,-348920,-42098570000,120.9(0.75 %),55040,6634450000,403960,48733020000,42795347,22.1
05/03/2019,-274660,-32977750000,120(-0.74 %),19580,2349070000,294240,35326820000,43373037,21.99
06/03/2019,-143100,-17257250000,121(0.83 %),11940,1433720000,155040,18690970000,43826593,21.91
07/03/2019,-177280,-21479290000,121.4(0.33 %),100540,12189000000,277820,33668290000,44130013,21.85
08/03/2019,-197940,-23821130000,120.7(-0.58 %),24890,2984860000,222830,26805990000,44399363,21.8
11/03/2019,4950,596060000,121.3(0.50 %),11260,1361933000,6310,765873000,43301377,22.01
12/03/2019,-186470,-22477000000,120.5(-0.66 %),5710,689910000,192180,23166910000,44815253,21.73
13/03/2019,-226700,-27095420000,119.8(-0.58 %),20810,2488430000,247510,29583850000,45017273,21.69
14/03/2019,-331090,-39140613000,118.4(-1.17 %),16650,1971763000,347740,41112376000,44045637,21.87
15/03/2019,-107630,-12783630000,119(0.51 %),26950,3201790000,134580,15985420000,45172166,21.66
18/03/2019,-95290,-11372730000,119.8(0.67 %),6080,724930000,101370,12097660000,45413596,21.62
19/03/2019,-78630,-9419764000,119.8(0.00 %),3960,474324000,82590,9894088000,45346086,21.63
20/03/2019,3290,389940000,119.8(0.00 %),20020,2384430000,16730,1994490000,45871936,21.53
21/03/2019,-112950,-13454570000,118.5(-1.09 %),6940,826690000,119890,14281260000,45966366,21.51
22/03/2019,-131050,-15521331000,118.9(0.34 %),10650,1258241000,141700,16779572000,45586796,21.58
25/03/2019,-263370,-31022100000,118(-0.76 %),6290,738230000,269660,31760330000,46048746,21.5
26/03/2019,-137510,-16264390000,118(0.00 %),12870,1525180000,150380,17789570000,46155766,21.48
27/03/2019,-129540,-15283860000,118.3(0.25 %),6790,801200000,136330,16085060000,46290676,21.45
28/03/2019,-254720,-29844790000,117.2(-0.93 %),30240,3541570000,284960,33386360000,46553186,21.4
29/03/2019,-492620,-57339120000,116.5(-0.60 %),10380,1211080000,503000,58550200000,46693186,21.38
01/04/2019,0,0,114.7(-1.55 %),0,0,0,0,46829516,21.35
02/04/2019,-154140,-17703855000,114.7(0.00 %),3650,419137000,157790,18122992000,46983656,21.33
03/04/2019,-285010,-32375873000,113.9(-0.70 %),13390,1521529000,298400,33897402000,47268666,21.27
04/04/2019,-178460,-20233706000,113.2(-0.61 %),33180,3775349000,211640,24009055000,47447126,21.24
05/04/2019,-277150,-31302000000,112.8(-0.35 %),6210,701360000,283360,32003360000,48102867,21.12
08/04/2019,-237430,-26377210000,110.5(-2.04 %),27940,3125439000,265370,29502649000,47961706,21.14
09/04/2019,-715600,-78916980000,112.5(1.81 %),11990,1311000000,727590,80227980000,48572985,21.03
10/04/2019,-336370,-37655850000,112.9(0.36 %),9130,1025370000,345500,38681220000,48847215,20.98
11/04/2019,-247230,-28192140000,113.9(0.89 %),25150,2864750000,272380,31056890000,49087435,20.94
12/04/2019,-352750,-39974460000,113.2(-0.61 %),18250,2071210000,371000,42045670000,49796775,20.81
16/04/2019,-28730,-3238210000,113.3(0.09 %),17980,2023450000,46710,5261660000,50124295,20.75
17/04/2019,-93800,-10590031000,113.5(0.18 %),18280,2067061000,112080,12657092000,49736186,20.82
18/04/2019,-47110,-5381038000,114(0.44 %),5070,578301000,52180,5959339000,49783296,20.81
19/04/2019,17440,2010649000,114.9(0.79 %),20860,2403200000,3420,392551000,49765856,20.81
22/04/2019,4610,528467000,114.9(0.00 %),16840,1936841000,12230,1408374000,49761246,20.81
23/04/2019,67440,7700100000,114.4(-0.44 %),71120,8118180000,3680,418080000,50846475,20.61
24/04/2019,-11090,-1258402000,114.5(0.09 %),9610,1097966000,20700,2356368000,49704896,20.82
25/04/2019,-57550,-6627187000,115.2(0.61 %),6600,758058000,64150,7385245000,49762446,20.81
26/04/2019,-101590,-11707200000,115.9(0.61 %),9150,1049310000,110740,12756510000,50840449,20.61
02/05/2019,132760,15621350000,118.5(2.24 %),151110,17767120000,18350,2145770000,50710039,20.64
03/05/2019,4960,582484000,118.5(0.00 %),35960,4248554000,31000,3666070000,50856189,20.61
06/05/2019,1530,179167000,117.3(-1.01 %),5250,614976000,3720,435809000,50854659,20.61
07/05/2019,-992900,-115665912000,117(-0.26 %),11470,1342236000,1004370,117008148000,51847559,20.43
08/05/2019,-30710,-3535320000,115.5(-1.28 %),24980,2879400000,55690,6414720000,50856631,20.61
09/05/2019,5750,660740000,115.5(0.00 %),107130,12355410000,101380,11694670000,50853221,20.61
10/05/2019,-88670,-10191590000,115.4(-0.09 %),16130,1858640000,104800,12050230000,51841461,20.43
13/05/2019,45100,5221690000,116(0.52 %),46540,5388120000,1440,166430000,51850616,20.43
14/05/2019,6460,747000000,116.8(0.69 %),12990,1506060000,6530,759060000,51839006,20.43
15/05/2019,-64050,-7499371000,118(1.03 %),18140,2138435000,82190,9637806000,51973679,20.4
16/05/2019,-12050,-1424207000,118(0.00 %),5160,610042000,17210,2034249000,51985729,20.4
17/05/2019,34940,4113340000,117.9(-0.08 %),51360,6043620000,16420,1930280000,51883722,20.42
20/05/2019,13320,1571760000,118.3(0.34 %),43710,5170030000,30390,3598270000,51922208,20.41
21/05/2019,5520,655570000,118.8(0.42 %),25850,3067430000,20330,2411860000,51913576,20.41
22/05/2019,111960,12654350000,119.5(0.59 %),117980,13372550000,6020,718200000,51812016,20.43
23/05/2019,23330,2775190000,119.4(-0.08 %),57230,6820810000,33900,4045620000,51785176,20.44
24/05/2019,182130,21832710000,119.9(0.42 %),207940,24906910000,25810,3074200000,51597566,20.47
27/05/2019,210750,25399640000,120.5(0.50 %),214170,25811580000,3420,411940000,51389416,20.51
28/05/2019,813040,100325870000,125(3.73 %),1006020,124348850000,192980,24022980000,50417296,20.69
29/05/2019,346240,42886201000,123.5(-1.20 %),368860,45680497000,22620,2794296000,50377536,20.7
30/05/2019,125550,15531035000,124.2(0.57 %),139300,17230655000,13750,1699620000,50251986,20.72
31/05/2019,153940,19177080000,124.5(0.24 %),175210,21819370000,21270,2642290000,49956136,20.78
03/06/2019,32720,4029380000,122(-2.01 %),93230,11438710000,60510,7409330000,49940526,20.78
04/06/2019,-48870,-5878187000,121.3(-0.57 %),23660,2867348000,72530,8745535000,49989396,20.77
05/06/2019,14510,1758320000,121.4(0.08 %),15760,1910040000,1250,151720000,55536126,19.75
06/06/2019,4560,548920000,121.4(0.00 %),6980,841200000,2420,292280000,55534656,19.75
07/06/2019,17410,2124183000,122.2(0.66 %),24400,2975243000,6990,851060000,49952916,20.78
10/06/2019,103200,12807360000,124(1.47 %),111770,13872190000,8570,1064830000,55472276,19.76
11/06/2019,13180,1632140000,124(0.00 %),16060,1988630000,2880,356490000,55458636,19.76
12/06/2019,9230,1138276000,123.5(-0.40 %),14830,1829388000,5600,691112000,55449406,19.76
13/06/2019,-7900,-965410000,121.6(-1.54 %),21970,2680370000,29870,3645780000,55437400,19.76
14/06/2019,-14870,-1808565000,121.7(0.08 %),6010,733632000,20880,2542197000,55472176,19.76
17/06/2019,89220,10700670000,119.9(-1.48 %),137260,16431870000,48040,5731200000,55302598,19.79
18/06/2019,-3670,-435880000,118(-1.58 %),1190,141460000,4860,577340000,55331254,19.78
19/06/2019,43860,5238167000,119.5(1.27 %),52390,6255711000,8530,1017544000,55342766,19.78
20/06/2019,198440,24015041000,123.3(3.18 %),215750,26114094000,17310,2099053000,55144326,19.82
21/06/2019,121220,14913530000,123.2(-0.08 %),129010,15872290000,7790,958760000,55007884,19.84
24/06/2019,122330,15098979000,123.5(0.24 %),136120,16799880000,13790,1700901000,54900776,19.86
25/06/2019,-14430,-1789260000,123.9(0.32 %),12650,1562030000,27080,3351290000,54884958,19.87
26/06/2019,82300,10217010000,124.2(0.24 %),93190,11566670000,10890,1349660000,54799558,19.88
27/06/2019,191580,23808350000,124.5(0.24 %),233740,29055200000,42160,5246850000,54579608,19.92
28/06/2019,512110,64783288000,128(2.81 %),533960,67550698000,21850,2767410000,54129216,20.01
01/07/2019,41040,5195375000,127(-0.78 %),154860,19656633000,113820,14461258000,54083618,20.01
02/07/2019,201020,25693062000,128.5(1.18 %),207310,26495919000,6290,802857000,53882598,20.05
03/07/2019,125130,16018707000,128.5(0.00 %),182240,23316603000,57110,7297896000,53757468,20.07
04/07/2019,63690,8231283000,129.5(0.78 %),100650,13018577000,36960,4787294000,53693778,20.09
05/07/2019,108190,14003920000,129.5(0.00 %),131390,17012090000,23200,3008170000,53491288,20.12
08/07/2019,125490,16059168000,128.5(-0.77 %),146560,18757681000,21070,2698513000,53460098,20.13
09/07/2019,13490,1731505000,128.9(0.31 %),118560,15195543000,105070,13464038000,53446608,20.13
10/07/2019,70770,9308467000,131.5(2.02 %),220940,29009167000,150170,19700700000,53375838,20.14
11/07/2019,-9830,-1291870000,131.3(-0.15 %),11060,1450120000,20890,2741990000,53132526,20.19
12/07/2019,19720,2575960000,130.2(-0.84 %),24470,3200160000,4750,624200000,53213126,20.18
15/07/2019,-6280,-813070000,129.5(-0.54 %),7340,952460000,13620,1765530000,53355956,20.15
16/07/2019,142240,18548488000,131(1.16 %),212450,27702252000,70210,9153764000,53229988,20.17
17/07/2019,15670,2042698000,130(-0.76 %),19760,2576278000,4090,533580000,53214318,20.17
18/07/2019,-18860,-2426360000,128.5(-1.15 %),20090,2616970000,38950,5043330000,53142916,20.19
19/07/2019,-13050,-1696114000,130.2(1.32 %),4740,616959000,17790,2313073000,53246228,20.17
22/07/2019,-150070,-19924710000,132(1.38 %),20450,2711210000,170520,22635920000,53192026,20.18
23/07/2019,-51240,-6758281000,131.9(-0.08 %),77580,10237029000,128820,16995310000,53447538,20.13
24/07/2019,878800,119921080000,132.8(0.68 %),1022610,139003690000,143810,19082610000,52148576,20.37
25/07/2019,-69500,-9249003000,133(0.15 %),51020,6782574000,120520,16031577000,53638238,20.1
26/07/2019,-29050,-3854446000,133(0.00 %),22490,2987250000,51540,6841696000,53667288,20.09
29/07/2019,10890,1453233000,133.4(0.30 %),52740,7034605000,41850,5581372000,53656398,20.09
30/07/2019,11200,1495233000,133.4(0.00 %),24500,3270067000,13300,1774834000,53645198,20.1
31/07/2019,-76860,-10271994000,133.4(0.00 %),153420,20426969000,230280,30698963000,53722058,20.08
01/08/2019,-204810,-27175040000,133(-0.30 %),10930,1449620000,215740,28624660000,52491180,20.31
02/08/2019,-829120,-109460500000,132.4(-0.45 %),17280,2279440000,846400,111739940000,53487200,20.12
05/08/2019,-480220,-62761071000,130.7(-1.28 %),1270,166676000,481490,62927747000,53129920,20.19
06/08/2019,-314230,-40716896000,130.1(-0.46 %),55610,7188145000,369840,47905041000,53444150,20.13
07/08/2019,-436470,-57098890000,130.9(0.61 %),4580,598940000,441050,57697830000,54758160,19.89
08/08/2019,-373730,-48973810000,131.1(0.15 %),17130,2242700000,390860,51216510000,55222520,19.8
09/08/2019,-330100,-43345760000,131.7(0.46 %),59310,7784550000,389410,51130310000,55532420,19.75
12/08/2019,10110,1358873000,134.5(2.13 %),25850,3452035000,15740,2093162000,54574340,19.92
13/08/2019,-888470,-117374673000,132.5(-1.49 %),26410,3520760000,914880,120895433000,55462810,19.76
14/08/2019,-592980,-78153970000,131.6(-0.68 %),51610,6828380000,644590,84982350000,56649874,19.54
15/08/2019,-297460,-38726620000,130.3(-0.99 %),19390,2523890000,316850,41250510000,56646224,19.54
16/08/2019,-396910,-51750240000,130.5(0.15 %),36590,4770160000,433500,56520400000,57524514,19.38
19/08/2019,-420960,-54911850000,130.5(0.00 %),28280,3692400000,449240,58604250000,58140824,19.27
20/08/2019,-747730,-97204000000,130(-0.38 %),93710,12183720000,841440,109387720000,58363964,19.22
21/08/2019,-431510,-56153334000,130.9(0.69 %),37360,4861160000,468870,61014494000,58350360,19.23
22/08/2019,-447720,-58845540000,132.2(0.99 %),15040,1970080000,462760,60815620000,59194310,19.07
23/08/2019,-576120,-76432010000,134(1.36 %),1640,217676000,577760,76649686000,59374200,19.04
26/08/2019,-105390,-13945580000,132(-1.49 %),56630,7510080000,162020,21455660000,60496350,18.83
27/08/2019,93070,12358499000,132.6(0.45 %),126660,16793778000,33590,4435279000,59386520,19.04
28/08/2019,-18740,-2476102000,132.4(-0.15 %),2260,299210000,21000,2775312000,59405260,19.03
29/08/2019,17490,2307680000,132(-0.30 %),18340,2419680000,850,112000000,61501630,18.64
30/08/2019,-11750,-1546993000,132(0.00 %),10000,1318094000,21750,2865087000,59399520,19.03
03/09/2019,-240910,-31382780000,132(0.00 %),5480,715370000,246390,32098150000,61540740,18.64
04/09/2019,-19550,-2554300000,130.4(-1.21 %),301300,39272240000,320850,41826540000,61440290,18.66
05/09/2019,-73310,-9548600000,130.4(0.00 %),456010,59369650000,529320,68918250000,61206030,18.7
06/09/2019,32380,4216330000,130.4(0.00 %),53370,6949210000,20990,2732880000,61399050,18.66
09/09/2019,2692520,356420000000,132.8(1.84 %),2726330,360860840000,33810,4440840000,58793570,19.14
10/09/2019,50120,6668460000,133.3(0.38 %),64250,8548760000,14130,1880300000,59058640,19.1
11/09/2019,-8050,-1048930000,133.6(0.23 %),110000,14642740000,118050,15691670000,58969630,19.11
12/09/2019,92150,12503140000,137(2.54 %),100160,13591450000,8010,1088310000,58903284,19.12
13/09/2019,79220,10952030000,138.2(0.88 %),97120,13415700000,17900,2463670000,58820294,19.14
16/09/2019,427360,59784890000,140.5(1.66 %),458760,64168670000,31400,4383780000,58479590,19.2
17/09/2019,413690,57939820000,140.3(-0.14 %),879750,123229450000,466060,65289630000,57607850,19.36
18/09/2019,-59800,-8244800000,139.7(-0.43 %),39820,5542190000,99620,13786990000,57585930,19.37
19/09/2019,-85540,-11908850000,139.5(-0.14 %),1430,198940000,86970,12107790000,57615900,19.36
20/09/2019,3337910,460611119000,138(-1.08 %),5676060,783305995000,2338150,322694876000,54667120,19.91
23/09/2019,89010,12262490000,137.6(-0.29 %),107080,14750680000,18070,2488190000,52398440,20.33
24/09/2019,-520,-71570000,137.6(0.00 %),13260,1825870000,13780,1897440000,52472150,20.31
25/09/2019,-23230,-3159959000,136(-1.16 %),5020,687188000,28250,3847147000,54601860,19.92
26/09/2019,-12710,-1725117000,136(0.00 %),2730,370019000,15440,2095136000,54614570,19.92
27/09/2019,21870,2980910000,136.6(0.44 %),41270,5616910000,19400,2636000000,54793132,19.88
30/09/2019,-4400,-594350000,137.7(0.81 %),60870,8355300000,65270,8949650000,54760512,19.89
01/10/2019,-8550,-1175828000,137.5(-0.15 %),4650,638134000,13200,1813962000,54776752,19.89
02/10/2019,-2440,-334420000,137.6(0.07 %),155380,21367820000,157820,21702240000,54786122,19.88
03/10/2019,60,8358000,137.3(-0.22 %),2920,400148000,2860,391790000,54779132,19.89
04/10/2019,-127310,-17525420000,137.6(0.22 %),35640,4912460000,162950,22437880000,54850232,19.87
07/10/2019,-28920,-3947050000,137.4(-0.15 %),40900,5607420000,69820,9554470000,54817152,19.88
08/10/2019,-7420,-1016210000,137.4(0.00 %),15570,2139910000,22990,3156120000,54804442,19.88
09/10/2019,-5240,-718590000,137.4(0.00 %),7580,1041980000,12820,1760570000,54935612,19.86
10/10/2019,-42320,-5809099000,137.5(0.07 %),4440,609733000,46760,6418832000,54990342,19.85
11/10/2019,69660,9670595000,139.4(1.38 %),111770,15537352000,42110,5866757000,54920682,19.86
14/10/2019,-104010,-14508194000,139.4(0.00 %),12770,1786942000,116780,16295136000,55024692,19.84
15/10/2019,8820,1240030000,139.6(0.14 %),53480,7478840000,44660,6238810000,54904282,19.86
16/10/2019,-10840,-1511521000,139(-0.43 %),20070,2789121000,30910,4300642000,55026712,19.84
17/10/2019,-14890,-2064880000,138.5(-0.36 %),21940,3041960000,36830,5106840000,55021162,19.84
18/10/2019,31450,4376413000,139.1(0.43 %),54060,7512736000,22610,3136323000,55010152,19.84
21/10/2019,-77300,-10816090000,140(0.65 %),37670,5286870000,114970,16102960000,55005002,19.84
22/10/2019,123650,17649430000,143.9(2.79 %),130340,18600330000,6690,950900000,54911492,19.86
23/10/2019,104180,14964250000,144(0.07 %),112400,16145060000,8220,1180810000,54821702,19.88
24/10/2019,114420,16481562000,144.9(0.62 %),126340,18197478000,11920,1715916000,54745202,19.89
25/10/2019,131310,19153620000,145.9(0.69 %),140900,20549640000,9590,1396020000,54676122,19.9
28/10/2019,81770,11964996000,145(-0.62 %),102310,14954618000,20540,2989622000,54532122,19.93
29/10/2019,-88960,-12747840000,143.5(-1.03 %),32360,4685420000,121320,17433260000,54561596,19.93
30/10/2019,-199390,-28880617000,144.8(0.91 %),2960,428558000,202350,29309175000,54820472,19.88
31/10/2019,-416830,-60436072000,145(0.14 %),11560,1671310000,428390,62107382000,55237302,19.8
01/11/2019,10210,1481589000,145.5(0.34 %),75710,11003624000,65500,9522035000,54178176,20.0
04/11/2019,-17030,-2468830000,145.3(-0.14 %),17570,2545780000,34600,5014610000,54287246,19.98
05/11/2019,-46910,-6839300000,145.7(0.28 %),517920,75455840000,564830,82295140000,54602732,19.92
06/11/2019,-206980,-29771260000,143.5(-1.51 %),305500,44080180000,512480,73851440000,54662732,19.91
07/11/2019,-51360,-7339910000,143.2(-0.21 %),2670,381550000,54030,7721460000,54694662,19.9
08/11/2019,680,96463000,143.2(0.00 %),25110,3594486000,24430,3498023000,54499776,19.94
11/11/2019,-135230,-19317740000,142.8(-0.28 %),7370,1054880000,142600,20372620000,55034492,19.84
12/11/2019,-45770,-6557331000,143.5(0.49 %),1530,219054000,47300,6776385000,54680776,19.9
13/11/2019,-106910,-15338130000,143.5(0.00 %),6420,921170000,113330,16259300000,55105004,19.83
14/11/2019,-109720,-15735633000,143.4(-0.07 %),4220,605382000,113940,16341015000,54897406,19.86
15/11/2019,-47670,-6827420000,143.3(-0.07 %),7010,1004100000,54680,7831520000,55283674,19.79
18/11/2019,-177430,-25446132000,143.5(0.14 %),3270,468574000,180700,25914706000,55122506,19.82
19/11/2019,-213580,-30684411000,144(0.35 %),4320,621172000,217900,31305583000,55336086,19.78
20/11/2019,-21870,-3170350000,144.9(0.62 %),13010,1882440000,34880,5052790000,55536484,19.75
21/11/2019,-27910,-4019687000,143.4(-1.04 %),4510,651929000,32420,4671616000,55385866,19.77
22/11/2019,-90330,-12933580000,143(-0.28 %),53170,7623390000,143500,20556970000,55877412,19.68
25/11/2019,-5290,-760160000,143(0.00 %),42630,6064050000,47920,6824210000,55869669,19.68
26/11/2019,-77460,-11097376000,143.3(0.21 %),37540,5378838000,115000,16476214000,55558946,19.74
27/11/2019,25540,3669840000,143.7(0.28 %),62040,8908750000,36500,5238910000,55946009,19.67
28/11/2019,89090,12864770000,144.6(0.63 %),113630,16406410000,24540,3541640000,55880299,19.68
29/11/2019,51030,7393608000,144.9(0.21 %),80420,11651375000,29390,4257767000,55393286,19.77
02/12/2019,88280,12861220000,146.1(0.83 %),128000,18654690000,39720,5793470000,55823379,19.69
03/12/2019,-17070,-2476782000,145.4(-0.48 %),72780,10581763000,89850,13058545000,55968449,19.67
04/12/2019,-2110,-302800000,145.5(0.07 %),236110,34341260000,238220,34644060000,55788309,19.7
05/12/2019,-8970,-1305570000,145.4(-0.07 %),3400,494840000,12370,1800410000,55825009,19.69
06/12/2019,-52560,-7604140000,144.4(-0.69 %),5520,799040000,58080,8403180000,55909339,19.68
09/12/2019,-61430,-8828311000,144.5(0.07 %),3400,488891000,64830,9317202000,56093519,19.64
10/12/2019,-24570,-3527718000,143.8(-0.48 %),19530,2808482000,44100,6336200000,56118089,19.64
11/12/2019,28130,4046840000,143.9(0.07 %),31800,4574460000,3670,527620000,55943769,19.67
12/12/2019,3660,530569000,145.2(0.90 %),5950,861805000,2290,331236000,56086299,19.64
13/12/2019,-21200,-3061940000,144.5(-0.48 %),8070,1169040000,29270,4230980000,56038679,19.65
16/12/2019,-131930,-18880264000,143(-1.04 %),119770,17134502000,251700,36014766000,56239429,19.62
17/12/2019,1940,276730000,142.6(-0.28 %),211400,30144830000,209460,29868100000,56030489,19.65
18/12/2019,4420,630150000,142.7(0.07 %),171530,24469640000,167110,23839490000,56034119,19.65
19/12/2019,-2830,-403320000,142.6(-0.07 %),154910,22090870000,157740,22494190000,56150539,19.63
20/12/2019,-507880,-72371120000,142.5(-0.07 %),87780,12509660000,595660,84880780000,56067339,19.65
23/12/2019,5610,804029000,142.9(0.28 %),10060,1442410000,4450,638381000,56738169,19.52
24/12/2019,7310,1048284000,143.5(0.42 %),9070,1300334000,1760,252050000,56730859,19.53
25/12/2019,-9140,-1310860000,143.8(0.21 %),690,99000000,9830,1409860000,56697189,19.53
26/12/2019,-2360,-339162000,143.7(-0.07 %),2730,392526000,5090,731688000,56742359,19.52
27/12/2019,29810,4279920000,143.6(-0.07 %),32030,4598930000,2220,319010000,56668639,19.54
30/12/2019,50920,7328860000,144.4(0.56 %),55520,7990850000,4600,661990000,56622949,19.55
31/12/2019,-2530,-370880000,146.2(1.25 %),1220,177150000,3750,548030000,56626819,19.54
02/01/2020,1540,234300000,148(1.23 %),22600,3328445000,21060,3094145000,56629039,19.54
03/01/2020,16970,2517406000,148(0.00 %),20000,2966747000,3030,449341000,56612069,19.55
06/01/2020,-39880,-5824139000,146(-1.35 %),5540,812741000,45420,6636880000,56651949,19.54
07/01/2020,14150,2063240000,145.9(-0.07 %),17090,2491530000,2940,428290000,56596319,19.55
08/01/2020,65160,9427630000,144.8(-0.75 %),72330,10466290000,7170,1038660000,56529499,19.56
09/01/2020,22530,3282139000,146.2(0.97 %),26810,3903646000,4280,621507000,56550109,19.56
10/01/2020,-13830,-2016800000,146.2(0.00 %),11060,1612590000,24890,3629390000,56543089,19.56
13/01/2020,8900,1299695000,146.5(0.21 %),12080,1765376000,3180,465681000,56555039,19.56
14/01/2020,-66000,-9636600000,146(-0.34 %),72260,10556200000,138260,20192800000,56522059,19.56
15/01/2020,-7680,-1119893000,146(0.00 %),38010,5533548000,45690,6653441000,56628719,19.54
16/01/2020,14540,2122980000,146(0.00 %),21050,3073500000,6510,950520000,56491069,19.57
17/01/2020,46380,6840490000,148.2(1.51 %),53930,7951300000,7550,1110810000,56529119,19.56
20/01/2020,-55160,-8115680000,147(-0.81 %),106940,15779130000,162100,23894810000,56569729,19.56
21/01/2020,-37340,-5490410000,147(0.00 %),9710,1425870000,47050,6916280000,56569631,19.56
22/01/2020,-143660,-21063110000,146.5(-0.34 %),5060,743120000,148720,21806230000,56572121,19.55
30/01/2020,-279080,-39566586000,140(-4.44 %),28210,3997180000,307290,43563766000,56992371,19.48
31/01/2020,-126640,-16499797000,130.2(-7.00 %),13030,1707587000,139670,18207384000,57119011,19.45
03/02/2020,-257960,-31363149000,125.5(-3.61 %),19630,2405020000,277590,33768169000,56790611,19.51
04/02/2020,79700,10225150000,129(2.79 %),82550,10588580000,2850,363430000,56995721,19.48
05/02/2020,48530,6157281000,127(-1.55 %),368340,46784828000,319810,40627547000,56662381,19.54
06/02/2020,130690,16597513000,127.5(0.39 %),230110,29221499000,99420,12623986000,56531691,19.56
07/02/2020,126440,16490909000,131.2(2.90 %),152640,19910524000,26200,3419615000,56405251,19.59
10/02/2020,5720,754970000,129(-1.68 %),51990,6726180000,46270,5971210000,56942591,19.49
11/02/2020,11060,1425520000,129(0.00 %),80610,10376800000,69550,8951280000,56981401,19.48
12/02/2020,-18260,-2353760000,129.2(0.16 %),136920,17619850000,155180,19973610000,56909561,19.49
13/02/2020,41970,5401756000,129.2(0.00 %),70010,9009246000,28040,3607490000,56364761,19.59
14/02/2020,19230,2467120000,128.6(-0.46 %),229060,29422900000,209830,26955780000,56867211,19.5
17/02/2020,2180,280170000,128.7(0.08 %),7740,995280000,5560,715110000,56986391,19.48
18/02/2020,-8130,-1045280000,128.7(0.00 %),39520,5081040000,47650,6126320000,56974911,19.48
19/02/2020,31750,4079699000,128.4(-0.23 %),242870,31194541000,211120,27114842000,56319731,19.6
20/02/2020,22150,2847700000,128.5(0.08 %),64780,8317930000,42630,5470230000,56797961,19.51
21/02/2020,36580,4700806000,128.6(0.08 %),39400,5063244000,2820,362438000,56261001,19.61
24/02/2020,125360,16039033000,128(-0.47 %),167950,21484531000,42590,5445498000,56135641,19.64
25/02/2020,-5720,-723410000,127(-0.78 %),2130,269810000,7850,993220000,56827241,19.51
26/02/2020,-84840,-10598540000,125(-1.57 %),153190,19183651000,238030,29782191000,56226201,19.62
27/02/2020,-103580,-12777330000,122.8(-1.76 %),4290,530050000,107870,13307380000,56715171,19.53
28/02/2020,-72150,-8801443000,121.9(-0.73 %),8880,1083762000,81030,9885205000,56401931,19.59
02/03/2020,-241830,-29056190000,120.8(-0.90 %),10540,1271860000,252370,30328050000,56946941,19.49
03/03/2020,-95330,-11529570000,120.8(0.00 %),1670,201990000,97000,11731560000,57053141,19.47
04/03/2020,-195170,-23609020000,121.3(0.41 %),27500,3340570000,222670,26949590000,57106669,19.46
05/03/2020,20960,2569560000,123(1.40 %),31720,3893060000,10760,1323500000,57327319,19.42
06/03/2020,-93610,-11275273000,120.5(-2.03 %),3650,440390000,97260,11715663000,57310091,19.42
09/03/2020,-179880,-20382683000,113.5(-5.81 %),3220,369229000,183100,20751912000,57489971,19.39
10/03/2020,-166920,-18478560000,114.5(0.88 %),1930,213090000,168850,18691650000,57648949,19.36
11/03/2020,-531370,-57152220000,106.5(-6.99 %),7350,804680000,538720,57956900000,57738859,19.34
12/03/2020,-571490,-57720490000,101(-5.16 %),9870,996870000,581360,58717360000,58759751,19.15
13/03/2020,-377490,-36760079000,101(0.00 %),3920,379201000,381410,37139280000,59137241,19.08
16/03/2020,-158650,-15672570000,100(-0.99 %),92000,9074730000,250650,24747300000,58520789,19.2
17/03/2020,-170250,-16933406000,101.7(1.70 %),62780,6258702000,233030,23192108000,59466141,19.02
18/03/2020,-232770,-23174808000,101.4(-0.29 %),4380,443038000,237150,23617846000,59698911,18.98
19/03/2020,-232770,-23174808000,98(-3.35 %),4380,443038000,237150,23617846000,59931681,18.93
20/03/2020,119000,12332201000,103(5.10 %),283180,29160823000,164180,16828622000,59812681,18.96
23/03/2020,-309860,-29903200000,95.8(-6.99 %),3230,321960000,313090,30225160000,59843409,18.95
24/03/2020,-218470,-20996973000,96.5(0.73 %),7470,712709000,225940,21709682000,60341011,18.86
25/03/2020,-7300,-709954000,97.1(0.62 %),2840,278230000,10140,988184000,60348311,18.86
26/03/2020,-138820,-13247069000,97(-0.10 %),3390,324762000,142210,13571831000,60487131,18.83
27/03/2020,-50880,-4825091000,96.9(-0.10 %),11040,1047915000,61920,5873006000,60538011,18.82
30/03/2020,-7130,-657770000,96.5(-0.41 %),7870,748690000,15000,1406460000,60951989,18.75
31/03/2020,14220,1390580000,97.2(0.73 %),24220,2363870000,10000,973290000,61069979,18.72
01/04/2020,37970,3763970000,99.2(2.06 %),57150,5645070000,19180,1881100000,61074749,18.72
03/04/2020,12160,1215448000,99.9(0.71 %),44070,4406101000,31910,3190653000,61119739,18.72
06/04/2020,-92490,-9190857000,99.9(0.00 %),47010,4693644000,139500,13884501000,61212229,18.7
07/04/2020,-98750,-9735400000,99(-0.90 %),14140,1396330000,112890,11131730000,61010759,18.74
08/04/2020,-92580,-9055292000,99(0.00 %),23470,2315562000,116050,11370854000,61403559,18.66
09/04/2020,-49500,-4884150000,102(3.03 %),42690,4267710000,92190,9151860000,61110699,18.72
10/04/2020,25670,2846160000,109.1(6.96 %),40130,4364890000,14460,1518730000,61183459,18.7
13/04/2020,34100,3955540000,115.7(6.05 %),41610,4824530000,7510,868990000,61254949,18.69
14/04/2020,32980,3700490000,112.8(-2.51 %),35690,4002430000,2710,301940000,61311449,18.68
15/04/2020,-29150,-3150290000,110.8(-1.77 %),12060,1330060000,41210,4480350000,61313849,18.68
16/04/2020,-22760,-2566334000,116(4.69 %),22640,2563241000,45400,5129575000,61412219,18.66
17/04/2020,3780,442173060,117.4(1.21 %),55470,10608644130,51690,10166471070,61408439,18.66
20/04/2020,-6310,-733189000,117.2(-0.17 %),24650,2882274000,30960,3615463000,61414749,18.66
21/04/2020,-330,-38650000,115(-1.88 %),13020,1489600000,13350,1528250000,61330119,18.68
22/04/2020,13160,1513008000,115.1(0.09 %),20580,2361628000,7420,848620000,61401919,18.66
23/04/2020,6790,792710000,116.4(1.13 %),9320,1086365000,2530,293655000,61395129,18.66
24/04/2020,-5320,-611940000,115.2(-1.03 %),5200,599000000,10520,1210940000,61358159,18.67
27/04/2020,-1870,-216900000,113.5(-1.48 %),16360,1864484000,18230,2081384000,61402319,18.66
28/04/2020,5860,659673000,112.9(-0.53 %),14610,1646654000,8750,986981000,61396459,18.66
29/04/2020,172990,19936302000,115.5(2.30 %),175280,20200669000,2290,264367000,61223469,18.7
04/05/2020,11190,1289550000,114.3(-1.04 %),69430,7979070000,58240,6689520000,61118229,18.72
05/05/2020,-45380,-5069110000,111.5(-2.45 %),51190,5744250000,96570,10813360000,61075789,18.72
06/05/2020,-7920,-886730000,112.1(0.54 %),74160,8318160000,82080,9204890000,61003919,18.74
07/05/2020,-21460,-2412189000,115.2(2.77 %),29960,3400735000,51420,5812924000,61262419,18.69
08/05/2020,-76770,-9368020000,120(4.17 %),58780,6987022000,135550,16355042000,61339189,18.67
11/05/2020,-67030,-7388834200,118.6(-1.17 %),15140,1099155640,82170,8487989840,61406219,18.66
12/05/2020,-69780,-8166314000,117.4(-1.01 %),20330,2382190000,90110,10548504000,61475999,18.65
13/05/2020,-70190,-8119700000,114.9(-2.13 %),40460,4631600000,110650,12751300000,61279069,18.69
14/05/2020,-67490,-7669850000,114(-0.78 %),37040,4219290000,104530,11889140000,61324199,18.68
15/05/2020,-54000,-6156230000,114(0.00 %),4770,543720000,58770,6699950000,61409539,18.66
18/05/2020,-55550,-6323850000,114(0.00 %),7470,850890000,63020,7174740000,61512719,18.64
19/05/2020,-94930,-10942150000,114.9(0.79 %),44980,5185160000,139910,16127310000,61572269,18.63
20/05/2020,-114990,-13083640000,113.7(-1.04 %),14560,1656350000,129550,14739990000,61616479,18.62
21/05/2020,-83270,-9572380000,115(1.14 %),17450,1994630000,100720,11567010000,61663759,18.61
22/05/2020,-100890,-11435665000,114(-0.87 %),11910,1352006000,112800,12787671000,62117309,18.53
25/05/2020,-88170,-9987980000,113.1(-0.79 %),780,88390000,88950,10076370000,61926229,18.57
26/05/2020,-138500,-15611755000,113(-0.09 %),19510,2200776000,158010,17812531000,62343979,18.49
27/05/2020,-160010,-18195600000,113(0.00 %),16190,1839220000,176200,20034820000,62109749,18.53
28/05/2020,-81210,-9232930000,113.3(0.27 %),28000,3182860000,109210,12415790000,62159299,18.52
29/05/2020,-115660,-13070240000,113(-0.26 %),57090,6458420000,172750,19528660000,62257939,18.51
01/06/2020,-26390,-2980030000,113.3(0.27 %),19800,2247950000,46190,5227980000,62408639,18.48
02/06/2020,1520,158820000,114.7(1.24 %),78090,8938300000,76570,8779480000,62435199,18.47
03/06/2020,-107310,-12250950000,113.8(-0.78 %),21670,2472620000,128980,14723570000,62586279,18.44
04/06/2020,-36080,-4118190000,114.3(0.44 %),81830,9328460000,117910,13446650000,62550639,18.45
05/06/2020,-27090,-3090280000,114.3(0.00 %),29890,3408010000,56980,6498290000,62594469,18.44
08/06/2020,-130690,-15032830000,115(0.61 %),40830,4707130000,171520,19739960000,62682619,18.43
09/06/2020,0,0,117.8(2.43 %),0,0,0,0,62700999,18.42
10/06/2020,-24850,-2928682000,117.8(0.00 %),66810,7880448000,91660,10809130000,62725849,18.42
11/06/2020,-158960,-18462516000,113.5(-3.65 %),16360,1907870000,175320,20370386000,62884809,18.39
12/06/2020,-37730,-4179515000,113.4(-0.09 %),15410,1729204000,53140,5908719000,62922539,18.38
15/06/2020,-78420,-8603401000,109(-3.88 %),63610,7011994000,142030,15615395000,63000959,18.37
16/06/2020,-156400,-16836535000,107.7(-1.19 %),15270,1671038000,171670,18507573000,63157359,18.34
17/06/2020,-66690,-7189880000,109.8(1.95 %),11810,1274390000,78500,8464270000,63256939,18.32
18/06/2020,-9040,-1020080000,111(1.09 %),26940,2971460000,35980,3991540000,63372029,18.3
19/06/2020,-187040,-20593977000,110(-0.90 %),36820,4074866000,223860,24668843000,63420129,18.29
22/06/2020,-76690,-8334266000,109(-0.91 %),2310,252011000,79000,8586277000,63496819,18.28
23/06/2020,-32470,-3519920000,109.4(0.37 %),5920,644550000,38390,4164470000,63613137,18.25
24/06/2020,-63860,-6930909000,108.5(-0.82 %),3900,424994000,67760,7355903000,63593149,18.26
25/06/2020,-45970,-4952216000,108.5(0.00 %),1020,109571000,46990,5061787000,63639119,18.25
26/06/2020,-79950,-8647245000,108.5(0.00 %),3430,370496000,83380,9017741000,63719069,18.24
29/06/2020,-79950,-8647245000,106.8(-1.57 %),3430,370496000,83380,9017741000,63799019,18.22
30/06/2020,-45980,-4916770000,108(1.12 %),13070,1401690000,59050,6318460000,64024827,18.18
01/07/2020,-38760,-4180645000,108(0.00 %),3010,325075000,41770,4505720000,64105357,18.16
02/07/2020,-29890,-3209315000,107.9(-0.09 %),1890,203641000,31780,3412956000,64135247,18.16
03/07/2020,-1940,-212253000,108(0.09 %),47250,5099168000,49190,5311421000,64137187,18.16
06/07/2020,-37980,-4092480000,107.7(-0.28 %),3970,427870000,41950,4520350000,64264847,18.13
07/07/2020,-90400,-9778160000,108.3(0.56 %),10600,1147110000,101000,10925270000,64282037,18.13
08/07/2020,-63250,-6812459000,107.6(-0.65 %),3650,393223000,66900,7205682000,64328817,18.12
09/07/2020,-92730,-9991390000,108.1(0.46 %),14880,1605080000,107610,11596470000,64347807,18.12
10/07/2020,-48230,-5218520000,108(-0.09 %),10640,1151130000,58870,6369650000,64435317,18.1
13/07/2020,-17020,-1848185000,108(0.00 %),37420,4052914000,54440,5901099000,64486797,18.09
14/07/2020,9480,1021170000,108(0.00 %),16740,1800370000,7260,779200000,64559657,18.08
15/07/2020,-40140,-4340250000,107.8(-0.19 %),39070,4227740000,79210,8567990000,64583447,18.08
16/07/2020,-60540,-6524447000,112(3.90 %),6050,652879000,66590,7177326000,64577997,18.08
17/07/2020,-3550,-384710000,109(-2.68 %),6340,689270000,9890,1073980000,64640167,18.07
20/07/2020,-5010,-539223000,107.5(-1.38 %),4000,431482000,9010,970705000,64586557,18.08
21/07/2020,-8910,-964530000,108.4(0.84 %),16470,1773420000,25380,2737950000,64765497,18.04
22/07/2020,-6730,-730200000,107.4(-0.92 %),13200,1423620000,19930,2153820000,64762187,18.04
23/07/2020,3000,322470000,107.9(0.47 %),5750,618500000,2750,296030000,64765447,18.04
24/07/2020,6180,645848000,103.8(-3.80 %),32080,3355357000,25900,2709509000,64593017,18.07
27/07/2020,-45580,-4438040000,97.9(-5.68 %),37310,3628910000,82890,8066950000,64747067,18.05
28/07/2020,-131750,-12598992000,96.5(-1.43 %),16670,1594556000,148420,14193548000,64770347,18.04
29/07/2020,-51010,-4839150000,95.1(-1.45 %),8270,785484000,59280,5624634000,64821357,18.03
30/07/2020,-75970,-7268780000,96(0.95 %),14900,1424780000,90870,8693560000,64819607,18.03
31/07/2020,-87440,-8291646000,94.5(-1.56 %),2720,257722000,90160,8549368000,64959807,18.01
03/08/2020,-134540,-12863960000,96(1.59 %),3750,359010000,138290,13222970000,65020837,17.99
04/08/2020,-95750,-9255570000,97(1.04 %),23810,2305390000,119560,11560960000,65087897,17.98
05/08/2020,-118860,-11605588000,99.8(2.89 %),16230,1590960000,135090,13196548000,65239197,17.95
06/08/2020,-86530,-8746076000,101(1.20 %),9840,995018000,96370,9741094000,65325727,17.94
07/08/2020,-34420,-3447660000,100.3(-0.69 %),7360,735400000,41780,4183060000,65399066,17.93
10/08/2020,-55790,-5603080000,100(-0.30 %),14450,1453600000,70240,7056680000,65516856,17.9
11/08/2020,10240,1021470000,99.5(-0.50 %),11400,1137220000,1160,115750000,65601826,17.89
12/08/2020,-39100,-3914243000,100.5(1.01 %),8070,806893000,47170,4721136000,65444797,17.92
13/08/2020,-41790,-4219330000,101.6(1.09 %),59860,6067713000,101650,10287043000,65486587,17.91
14/08/2020,-56160,-5677289000,100.6(-0.98 %),38000,3848211000,94160,9525500000,65542747,17.9
17/08/2020,-30620,-3075165000,100.2(-0.40 %),22880,2287187000,53500,5362352000,65573367,17.89
18/08/2020,-6450,-645220000,99.8(-0.40 %),9840,982090000,16290,1627310000,65754816,17.86
19/08/2020,9340,934525000,100(0.20 %),34930,3489647000,25590,2555122000,65570477,17.89
20/08/2020,-46150,-4588270000,99.6(-0.40 %),17090,1698210000,63240,6286480000,65850456,17.84
21/08/2020,-22050,-2194964000,99.6(0.00 %),7430,739880000,29480,2934844000,65638677,17.88
24/08/2020,-38070,-3811460000,100(0.40 %),52120,5210820000,90190,9022280000,65832786,17.85
25/08/2020,-64630,-6466370000,99.5(-0.50 %),38480,3845850000,103110,10312220000,65857546,17.84
26/08/2020,15570,1559730000,100.6(1.11 %),29760,2981110000,14190,1421380000,65873226,17.84
27/08/2020,-90880,-9066400000,99.6(-0.99 %),4520,451510000,95400,9517910000,65970296,17.82
28/08/2020,-67140,-6742830000,100.6(1.00 %),10270,1032410000,77410,7775240000,66063136,17.8
31/08/2020,-39470,-4024422000,103(2.39 %),54250,5568901000,93720,9593323000,65923297,17.83
01/09/2020,-114620,-12044210000,105.5(2.43 %),48580,5096370000,163200,17140580000,66068186,17.8
03/09/2020,-68250,-7318352000,107.6(1.99 %),68730,7379889000,136980,14698241000,66185016,17.78
04/09/2020,-79920,-8511961000,107.6(0.00 %),83420,8872946000,163340,17384907000,66264936,17.77
07/09/2020,-56760,-6088380000,107(-0.56 %),24530,2629940000,81290,8718320000,66228116,17.77
08/09/2020,-100,-10333000,106.8(-0.19 %),6360,676602000,6460,686935000,66321796,17.75
09/09/2020,-330,-35870000,106(-0.75 %),6440,677250000,6770,713120000,66515966,17.72
10/09/2020,-93150,-9859310000,106(0.00 %),10670,1128380000,103820,10987690000,66586586,17.71
11/09/2020,7770,819570000,105.8(-0.19 %),15650,1646670000,7880,827100000,66577734,17.71
14/09/2020,-45430,-4847377000,107.4(1.51 %),66460,7120885000,111890,11968262000,66452936,17.73
15/09/2020,-64220,-6838130000,106.9(-0.47 %),16150,1724310000,80370,8562440000,66602870,17.7
16/09/2020,-102550,-10886080000,106.9(0.00 %),1190,126170000,103740,11012250000,66609568,17.7
17/09/2020,-85120,-9028652000,105.9(-0.94 %),33140,3517993000,118260,12546645000,66704826,17.68
18/09/2020,-89320,-9468623000,106(0.09 %),18850,1997385000,108170,11466008000,66794146,17.67
21/09/2020,-57090,-6079999000,106.5(0.47 %),27620,2941772000,84710,9021771000,66851236,17.66
22/09/2020,246200,26180820000,106.7(0.19 %),420860,44745270000,174660,18564450000,66517103,17.72
23/09/2020,-78400,-8338430000,106.5(-0.19 %),285437,30345660000,363837,38684090000,66625861,17.7
24/09/2020,-56860,-6022772000,105.8(-0.66 %),2810,297798000,59670,6320570000,66740296,17.68
25/09/2020,-10510,-1110811000,105.6(-0.19 %),4970,525589000,15480,1636400000,66750806,17.68
28/09/2020,-22370,-2351990000,105.5(-0.09 %),7150,753280000,29520,3105270000,66946201,17.64
29/09/2020,-37470,-3915510000,104(-1.42 %),2710,283395000,40180,4198905000,66810646,17.66
30/09/2020,-56170,-5864768000,104.6(0.58 %),1710,179550000,57880,6044318000,66866816,17.65
01/10/2020,-345380,-36272509000,105.5(0.86 %),118940,12507775400,464320,48780284400,66961329,17.64
02/10/2020,-13930,-1468413000,104.9(-0.57 %),4140,435158000,18070,1903571000,66975259,17.63
05/10/2020,-13820,-1454000000,104.8(-0.10 %),3120,327610000,16940,1781610000,67052129,17.62
06/10/2020,-14220,-1487250000,104.5(-0.29 %),3860,403400000,18080,1890650000,67479197,17.54
07/10/2020,16040,1662445000,104(-0.48 %),19580,2029423000,3540,366978000,66987259,17.63
08/10/2020,-9090,-943821000,104(0.00 %),8380,868635000,17470,1812456000,66996349,17.63
09/10/2020,-5870,-611960000,104.4(0.38 %),3240,338100000,9110,950060000,67500267,17.54
12/10/2020,-1650,-175450000,105(0.57 %),11650,1218710000,13300,1394160000,67492157,17.54
13/10/2020,-17370,-1825110000,105(0.00 %),8130,854030000,25500,2679140000,67501497,17.54
14/10/2020,-9600,-1001560000,104.6(-0.38 %),10970,1143420000,20570,2144980000,67499637,17.54
15/10/2020,96780,10140460000,106(1.34 %),113810,11928730000,17030,1788270000,67399127,17.56
16/10/2020,-21950,-2306257000,105(-0.94 %),5970,625864000,27920,2932121000,66956009,17.64
19/10/2020,-18170,-1903390000,104.5(-0.48 %),14360,1496260000,32530,3399650000,67426007,17.55
20/10/2020,-3180,-339040000,104.5(0.00 %),30150,3131290000,33330,3470330000,67410037,17.55
21/10/2020,-51090,-5323439000,103.9(-0.57 %),15140,1573427000,66230,6896866000,67028449,17.62
22/10/2020,-49090,-5079883000,105(1.06 %),18570,1940488000,67660,7020371000,67077539,17.62
23/10/2020,-124050,-12959691000,105.3(0.29 %),47020,4915839040,171070,17875530040,67201589,17.59
26/10/2020,-68920,-7240089000,104.5(-0.76 %),25430,2668319000,94350,9908408000,67270509,17.58
27/10/2020,-30320,-2982124180,104.5(0.00 %),11590,1213387140,41910,4195511320,67300829,17.57
28/10/2020,-70720,-7392260000,104(-0.48 %),11690,1222650000,82410,8614910000,67672978,17.51
29/10/2020,-241900,-24686761000,102.3(-1.63 %),7530,771310000,249430,25458071000,67613449,17.52
30/10/2020,-224200,-22454021000,101.2(-1.08 %),37240,3761452000,261440,26215473000,67837649,17.47
02/11/2020,2340,248182000,104.9(3.66 %),16000,1633705000,13660,1385523000,67849728,17.47
03/11/2020,-1510,-157589000,105.5(0.57 %),11920,1253927000,13430,1411516000,67851238,17.47
04/11/2020,-1080,-112100000,105.5(0.00 %),20990,2216330000,22070,2328430000,68351468,17.38
05/11/2020,3450,364822000,105.7(0.19 %),7500,792229000,4050,427407000,67848868,17.47
06/11/2020,7990,843600000,105.7(0.00 %),15240,1608705000,7250,765105000,67840878,17.47
09/11/2020,2870,303690000,106(0.28 %),13920,1472000000,11050,1168310000,68361728,17.38
10/11/2020,205330,23014422000,113.4(6.98 %),223600,25086240000,18270,2071818000,67632678,17.51
11/11/2020,160100,18134690000,113.8(0.35 %),170860,19356910000,10760,1222220000,67978572,17.45
12/11/2020,6670,752038000,112.7(-0.97 %),13080,1475644000,6410,723606000,67465908,17.54
13/11/2020,2524000,266303996000,112.7(0.00 %),2528870,266844778000,4870,540782000,64941908,18.01
16/11/2020,46550,5259422000,111.2(-1.33 %),54720,6168923000,8170,909501000,64895358,18.02
17/11/2020,39320,4376572000,113(1.62 %),46940,5219460000,7620,842888000,64856038,18.03
18/11/2020,209690,23645916000,113.5(0.44 %),237820,26821952000,28130,3176036000,64646348,18.06
19/11/2020,1004250,113829990000,113.7(0.18 %),1015580,115113210000,11330,1283220000,64162374,18.15
20/11/2020,511990,58620863000,118.9(4.57 %),520080,59557295000,8090,936432000,63130108,18.34
23/11/2020,23240,2754016000,118.9(0.00 %),43000,5092606000,19760,2338590000,63106868,18.35
24/11/2020,-70240,-8265420000,118(-0.76 %),12680,1495120000,82920,9760540000,63635936,18.25
25/11/2020,64170,7639410000,119(0.85 %),71260,8484300000,7090,844890000,63575566,18.26
26/11/2020,31150,3707310000,120.1(0.92 %),39780,4734940000,8630,1027630000,63557786,18.27
27/11/2020,232840,27766692000,119(-0.92 %),242390,28906355000,9550,1139663000,63311576,18.31
30/11/2020,69590,8233950000,117.5(-1.26 %),147730,17426300000,78140,9192350000,63257676,18.32
01/12/2020,30650,3574659000,118(0.43 %),98730,11516381000,68080,7941722000,63266306,18.32
02/12/2020,757300,86618461000,119.5(1.27 %),786700,90099524000,29400,3481063000,62509006,18.46
03/12/2020,27300,3244440000,118.8(-0.59 %),36640,4355640000,9340,1111200000,62432266,18.47
04/12/2020,6880,817000000,118.5(-0.25 %),32890,3893970000,26010,3076970000,62467456,18.47
07/12/2020,62220,70119580000,118(-0.42 %),63505,71634110000,1285,1514530000,61859006,18.58
08/12/2020,3120,380469000,118.5(0.42 %),65780,7776949000,62660,7396480000,61849506,18.58
09/12/2020,17438,20213440000,120(1.27 %),18715,21731530000,1277,1518090000,61637506,18.62
10/12/2020,11930,1435860000,119.8(-0.17 %),45630,5472760000,33700,4036900000,61601926,18.63
11/12/2020,387000,46902900000,122.2(2.00 %),402010,48720430000,15010,1817530000,61262576,18.69
14/12/2020,482080,60381120000,127(3.93 %),547260,68570560000,65180,8189440000,60728086,18.79
15/12/2020,-7093,-8769230000,125(-1.57 %),15283,19515550000,22376,28284780000,60608956,18.81
16/12/2020,230280,29220320000,128.1(2.48 %),234630,29773390000,4350,553070000,60389336,18.85
17/12/2020,-104430,-13047610000,124.6(-2.73 %),142940,17884350000,247370,30931960000,60306026,18.87
18/12/2020,-28892,-36048910000,125(0.32 %),24657,30896340000,53549,66945250000,60287506,18.87
21/12/2020,29910,3758340000,125.8(0.64 %),44490,5582700000,14580,1824360000,60262466,18.87
22/12/2020,-12544,-15597610000,123.6(-1.75 %),636,788330000,13180,16385940000,60514216,18.83
23/12/2020,-43070,-5283150000,122.6(-0.81 %),29620,3647720000,72690,8930870000,61020031,18.73
24/12/2020,-38910,-4784541000,123(0.33 %),17510,2152801000,56420,6937342000,61205626,18.7
25/12/2020,2038,2516830000,125.9(2.36 %),2561,3162220000,523,645390000,61114891,18.72
28/12/2020,-41250,-5149050000,124.9(-0.79 %),31220,3916510000,72470,9065560000,61156361,18.71
29/12/2020,22130,2762129000,125.6(0.56 %),47770,5962829000,25640,3200700000,61204366,18.7
30/12/2020,8460,853802620,124.5(-0.88 %),23270,2707881330,14810,1854078710,61195906,18.7
31/12/2020,2310,286294000,125(0.40 %),17570,2197978000,15260,1911684000,61144661,18.71
04/01/2021,-95500,-11914610000,125.8(0.64 %),55500,6961580000,151000,18876190000,61172011,18.71
05/01/2021,-14600,-1828340000,124.8(-0.79 %),28300,3540650000,42900,5368990000,61186611,18.7
06/01/2021,33500,4153160000,123.7(-0.88 %),43800,5431930000,10300,1278770000,61153111,18.71
07/01/2021,27700,3443860000,124.6(0.73 %),44500,5530860000,16800,2087000000,61125411,18.71
08/01/2021,51600,6510670000,126.5(1.52 %),62800,7924620000,11200,1413950000,61073811,18.72
11/01/2021,77800,10160360000,131.3(3.79 %),91900,11991120000,14100,1830760000,60996011,18.74
12/01/2021,-7000,-918900000,131.5(0.15 %),21500,2817040000,28500,3735940000,61003011,18.74
13/01/2021,6500,858920000,131.3(-0.15 %),13400,1765790000,6900,906870000,60996511,18.74
14/01/2021,870,1155230000,130.7(-0.46 %),3870,5063670000,3000,3908440000,61135391,18.71
15/01/2021,191200,25016820000,131.8(0.84 %),214800,28105980000,23600,3089160000,60796611,18.77
18/01/2021,214700,28295210000,132(0.15 %),327000,43093110000,112300,14797900000,60581911,18.81
19/01/2021,24060,31560140000,127.9(-3.11 %),28890,37805900000,4830,6245760000,60370091,18.85
20/01/2021,208700,26777200000,130(1.64 %),253700,32546990000,45000,5769790000,60132611,18.9
21/01/2021,146300,18931920000,131(0.77 %),164000,21235650000,17700,2303730000,59986311,18.92
22/01/2021,244800,32606720000,133.8(2.14 %),281900,37564410000,37100,4957690000,59741511,18.97
25/01/2021,71200,9527560000,133.6(-0.15 %),101400,13561540000,30200,4033980000,59670311,18.98
26/01/2021,-8250,-10864130000,131(-1.95 %),1780,2346830000,10030,13210960000,59871331,18.95
27/01/2021,-2650,-3423460000,130.8(-0.15 %),24270,31463970000,26920,34887430000,59668777,18.98
28/01/2021,-6150,-7661610000,121.7(-6.96 %),2690,3307120000,8840,10968730000,59673277,18.98
29/01/2021,12200,1339100000,125.8(3.37 %),89100,10922360000,76900,9583260000,59828611,18.95
01/02/2021,-24850,-30745680000,125.5(-0.24 %),520,645760000,25370,31391440000,59948487,18.93
02/02/2021,14900,1926980000,129.7(3.35 %),45100,5763780000,30200,3836800000,59938787,18.93
03/02/2021,-1300,-160190000,131(1.00 %),17900,2331860000,19200,2492050000,59940087,18.93
04/02/2021,139700,18097060000,130.6(-0.31 %),156000,20213500000,16300,2116440000,59800387,18.96
05/02/2021,34700,4539930000,131.1(0.38 %),37200,4866530000,2500,326600000,59765687,18.97
08/02/2021,256700,32572200000,124.6(-4.96 %),514800,64526380000,258100,31954180000,59508987,19.01
09/02/2021,18000,2335150000,129(3.53 %),190200,23911330000,172200,21576180000,59490987,19.02
17/02/2021,182500,23745990000,131(1.55 %),220400,28673530000,37900,4927540000,59308487,19.05
18/02/2021,203000,26404800000,131.8(0.61 %),214700,27925500000,11700,1520700000,59105487,19.09
19/02/2021,85400,11151290000,131.8(0.00 %),98500,12859980000,13100,1708690000,59020087,19.1
22/02/2021,-5900,-774690000,131.6(-0.15 %),10000,1305600000,15900,2080290000,59025987,19.1
23/02/2021,24260,31780940000,134(1.82 %),47120,61992730000,22860,30211790000,58859167,19.13
24/02/2021,-1760,-2360380000,131.9(-1.57 %),1220,1612010000,2980,3972390000,58845067,19.14
25/02/2021,286600,38128500000,135(2.35 %),294600,39192750000,8000,1064250000,58514387,19.2
26/02/2021,169900,22911240000,135.1(0.07 %),232900,31407940000,63000,8496700000,58344487,19.23
01/03/2021,6420,8751960000,136.2(0.81 %),8130,11073950000,1710,2321990000,58475567,19.2
02/03/2021,229700,31410590000,137.7(1.10 %),336900,46089890000,107200,14679300000,58327167,19.23
03/03/2021,11300,15443020000,137.2(-0.36 %),13180,18007400000,1880,2564380000,58062367,19.28
04/03/2021,2170,2979810000,136.8(-0.29 %),4840,6619730000,2670,3639920000,58023077,19.29
05/03/2021,5900,788640000,136.8(0.00 %),35000,4743510000,29100,3954870000,58186567,19.26
08/03/2021,-4910,-6658580000,136(-0.58 %),1040,1415310000,5950,8073890000,58078877,19.28
09/03/2021,-3760,-5038210000,134.9(-0.81 %),370,498470000,4130,5536680000,58081897,19.28
10/03/2021,5270,7100680000,135.5(0.44 %),18760,25304830000,13490,18204150000,57898397,19.31
11/03/2021,-1300,-175480000,136.1(0.44 %),14300,1943910000,15600,2119390000,58221867,19.25
12/03/2021,-490,-651740000,135(-0.81 %),2000,2697930000,2490,3349670000,57929957,19.3
15/03/2021,-2550,-3427540000,135(0.00 %),340,457970000,2890,3885510000,58061457,19.28
16/03/2021,-9000,-1205030000,134.6(-0.30 %),5900,792270000,14900,1997300000,58261267,19.24
17/03/2021,-16280,-21483920000,133.5(-0.52 %),610,810610000,16890,22294530000,58080957,19.28
18/03/2021,-13710,-18315400000,134.9(1.05 %),1410,1878400000,15120,20193800000,58080757,19.28
19/03/2021,-685800,-89822540000,130.5(-3.26 %),14300,1898320000,700100,91720860000,59246967,19.06
22/03/2021,-8800,-1151200000,132.7(1.69 %),18100,2398330000,26900,3549530000,59255767,19.06
23/03/2021,-61000,-7994650000,131(-1.28 %),5500,719060000,66500,8713710000,59316767,19.05
24/03/2021,-3730,-4768070000,128(-2.29 %),12420,16008160000,16150,20776230000,58887665,19.13
25/03/2021,-4410,-5665220000,128.1(0.08 %),11000,14290130000,15410,19955350000,58794565,19.14
26/03/2021,85700,11041930000,130.5(1.87 %),99100,12765400000,13400,1723470000,59312467,19.05
29/03/2021,75700,9894320000,131.6(0.84 %),91600,11973910000,15900,2079590000,59236767,19.06
30/03/2021,3180,4164160000,131.6(0.00 %),4310,5646910000,1130,1482750000,58950633,19.12
31/03/2021,-2810,-3612170000,129.7(-1.44 %),4030,5281500000,6840,8893670000,58935053,19.12
01/04/2021,16230,21370930000,132.5(2.16 %),18550,24422640000,2320,3051710000,58763953,19.15
02/04/2021,65100,8805080000,132.3(-0.15 %),132100,17693850000,67000,8888770000,58884353,19.13
05/04/2021,17220,23661110000,132.3(0.00 %),28200,38226770000,10980,14565660000,58429583,19.21
06/04/2021,49100,6545160000,133(0.53 %),86500,11514650000,37400,4969490000,58663053,19.17
07/04/2021,10280,13729070000,133(0.00 %),17000,22685710000,6720,8956640000,58263283,19.24
08/04/2021,11670,15634120000,133(0.00 %),15540,20781880000,3870,5147760000,58337883,19.23
09/04/2021,-36600,-4788740000,131.8(-0.90 %),137400,18192610000,174000,22981350000,58480153,19.2
12/04/2021,-14660,-19250050000,131.8(0.00 %),12870,16957700000,27530,36207750000,58181887,19.26
13/04/2021,114000,15040910000,131.9(0.08 %),140200,18488870000,26200,3447960000,58512753,19.2
14/04/2021,66900,8860520000,132(0.08 %),133800,17658470000,66900,8797950000,58445853,19.21
15/04/2021,-136400,-17559880000,131.7(-0.23 %),96800,12717630000,233200,30277510000,58582253,19.18
16/04/2021,-117400,-15149410000,129(-2.05 %),19100,2477730000,136500,17627140000,58699653,19.16
19/04/2021,-117300,-15083980000,129.2(0.16 %),31500,4059100000,148800,19143080000,58816953,19.14
20/04/2021,-28300,-3704770000,131(1.39 %),138500,18195760000,166800,21900530000,58845253,19.14
22/04/2021,14000,1901120000,130.4(-0.46 %),128400,16852720000,114400,14951600000,58831253,19.14
23/04/2021,-388800,-49581980000,129.5(-0.69 %),144100,18746270000,532900,68328250000,59220053,19.07
26/04/2021,-11310,-13694190000,127.5(-1.54 %),14710,18994670000,26020,32688860000,58443307,19.21
27/04/2021,81000,10331340000,127.2(-0.24 %),150500,19166510000,69500,8835170000,59252153,19.06
28/04/2021,3440,4454870000,126(-0.94 %),16360,20713960000,12920,16259090000,58777743,19.15
29/04/2021,3700,547100000,124.9(-0.87 %),159200,19981200000,155500,19434100000,59214053,19.07
04/05/2021,41500,5230770000,124(-0.72 %),104200,12996360000,62700,7765590000,58937743,19.12
05/05/2021,-6560,-8150640000,124.5(0.40 %),2090,2594450000,8650,10745090000,58936843,19.12
06/05/2021,-18590,-22790130000,122(-2.01 %),370,453510000,18960,23243640000,59083643,19.09
07/05/2021,-220400,-26381160000,119.5(-2.05 %),10200,1229760000,230600,27610920000,59409643,19.03
10/05/2021,-108500,-12912540000,119.2(-0.25 %),3600,427390000,112100,13339930000,59518143,19.01
11/05/2021,-129700,-15457460000,119(-0.17 %),14700,1752710000,144400,17210170000,59647843,18.99
12/05/2021,-17070,-20250910000,119(0.00 %),520,617400000,17590,20868310000,59610543,18.99
13/05/2021,-674200,-82037260000,117(-1.68 %),2800,332410000,677000,82369670000,60492743,18.83
14/05/2021,-15390,-18073570000,117.9(0.77 %),1530,1795740000,16920,19869310000,59843943,18.95
17/05/2021,-173900,-20000310000,114(-3.31 %),6400,740890000,180300,20741200000,60820543,18.77
18/05/2021,-9930,-11186980000,113(-0.88 %),280,315790000,10210,11502770000,60681649,18.8
19/05/2021,-144600,-15938090000,110(-2.65 %),8300,918670000,152900,16856760000,61064443,18.73
20/05/2021,-12600,-13845300000,111(0.91 %),2060,2260090000,14660,16105390000,60991249,18.74
21/05/2021,-98200,-10914680000,112.7(1.53 %),15600,1732560000,113800,12647240000,61288643,18.68
24/05/2021,-15860,-17924390000,113.5(0.71 %),4680,5285860000,20540,23210250000,61183839,18.7
25/05/2021,-5060,-5719300000,113.3(-0.18 %),970,1098070000,6030,6817370000,61320739,18.68
26/05/2021,-6310,-7131110000,113(-0.26 %),800,903910000,7110,8035020000,61427539,18.66
27/05/2021,5610,6320840000,113(0.00 %),16890,19022200000,11280,12701360000,61547089,18.64
28/05/2021,-17200,-1953670000,112(-0.88 %),48500,5398010000,65700,7351680000,61522043,18.64
31/05/2021,-26330,-28493020000,110(-1.79 %),2090,2275480000,28420,30768500000,61612089,18.62
01/06/2021,-10350,-11114560000,106.2(-3.45 %),740,796590000,11090,11911150000,61640989,18.62
02/06/2021,-203200,-21633280000,106.6(0.38 %),35300,3756710000,238500,25389990000,61851589,18.58
03/06/2021,-34340,-36637680000,106.9(0.28 %),5080,5427300000,39420,42064980000,61906289,18.57
04/06/2021,-39580,-42287260000,107.4(0.47 %),5950,6354210000,45530,48641470000,61962189,18.56
07/06/2021,-252600,-27769970000,111.8(4.10 %),36500,4016150000,289100,31786120000,62843389,18.4
08/06/2021,122900,14343730000,117.2(4.83 %),154000,17970530000,31100,3626800000,62720489,18.42
09/06/2021,-18140,-20661690000,115.3(-1.62 %),6950,7994800000,25090,28656490000,62799691,18.41
10/06/2021,-50200,-5687690000,113.8(-1.30 %),51800,5838690000,102000,11526380000,62952089,18.38
11/06/2021,-700,-807020000,115.5(1.49 %),2070,2368840000,2770,3175860000,63069891,18.36
14/06/2021,24400,2817980000,115.7(0.17 %),37700,4351750000,13300,1533770000,62934689,18.38
15/06/2021,7750,9048570000,117(1.12 %),8120,9478780000,370,430210000,63315391,18.31
16/06/2021,2880,3368730000,116.5(-0.43 %),5100,5958280000,2220,2589550000,63292141,18.31
17/06/2021,2450,2830320000,116.5(0.00 %),4080,4714700000,1630,1884380000,63263741,18.32
18/06/2021,-62300,-7221810000,116(-0.43 %),104800,12166620000,167100,19388430000,62866189,18.39
21/06/2021,-327900,-37425230000,114(-1.72 %),23600,2712660000,351500,40137890000,63194089,18.33
22/06/2021,-1600,-189100000,115(0.88 %),38300,4400110000,39900,4589210000,63195689,18.33
23/06/2021,990,1139870000,115.1(0.09 %),1930,2218580000,940,1078710000,63301541,18.31
24/06/2021,22900,2659180000,115.5(0.35 %),36700,4248610000,13800,1589430000,63162889,18.34
25/06/2021,-1010,-1172970000,115.9(0.35 %),2250,2604720000,3260,3777690000,63633741,18.25
28/06/2021,-37400,-4292520000,115.5(-0.35 %),39700,4585490000,77100,8878010000,63210389,18.33
29/06/2021,22100,26011440000,120(3.90 %),23910,28127970000,1810,2116530000,63384141,18.3
30/06/2021,9830,11922220000,121.5(1.25 %),10580,12831160000,750,908940000,63318441,18.31
01/07/2021,-60700,-7284390000,120.7(-0.66 %),31300,3762220000,92000,11046610000,63408041,18.29
02/07/2021,-620,-735300000,120.6(-0.08 %),3650,4408750000,4270,5144050000,63378341,18.3
05/07/2021,4600,107073000,118.3(-1.91 %),19600,1403846000,15000,1296773000,63409641,18.29
06/07/2021,32100,3826930000,119.3(0.85 %),51300,6115790000,19200,2288860000,63377541,18.3
07/07/2021,221600,26813590000,121.8(2.10 %),240200,29047260000,18600,2233670000,63155941,18.34
08/07/2021,24200,-731487600,120.3(-1.23 %),56200,2865992400,32000,3597480000,63131741,18.34
09/07/2021,-41300,-4882710000,118.9(-1.16 %),16300,1933620000,57600,6816330000,63173041,18.34
12/07/2021,69900,8290220000,120(0.93 %),133200,15721510000,63300,7431290000,63103141,18.35
13/07/2021,420,526220000,119.9(-0.08 %),5590,6663830000,5170,6137610000,63028141,18.36
14/07/2021,-232500,-25392950000,117(-2.42 %),291800,34584020000,524300,59976970000,63331441,18.31
15/07/2021,-347200,-38278080000,114.8(-1.88 %),164800,18524110000,512000,56802190000,63678641,18.24
16/07/2021,124100,14277090000,115.4(0.52 %),175300,20150640000,51200,5873550000,63554541,18.27
19/07/2021,87500,9982270000,114(-1.21 %),103400,11780400000,15900,1798130000,63467041,18.28
20/07/2021,-10520,-11641690000,114.5(0.44 %),6260,7134180000,16780,18775870000,63446211,18.29
21/07/2021,12000,13674770000,114(-0.44 %),14620,16648160000,2620,2973390000,63356211,18.3
22/07/2021,4280,4876460000,114(0.00 %),4870,5546460000,590,670000000,63323454,18.31
23/07/2021,64300,7240050000,113.4(-0.53 %),85400,9603860000,21100,2363810000,63345141,18.3
26/07/2021,820,947260000,114(0.53 %),1940,2201960000,1120,1254700000,63412654,18.29
27/07/2021,990,1126220000,114.9(0.79 %),5000,5731330000,4010,4605110000,63368554,18.3
28/07/2021,-890,-1013110000,114.4(-0.44 %),250,285350000,1140,1298460000,63387154,18.3
29/07/2021,1100,118310000,114.4(0.00 %),7500,848740000,6400,730430000,63334841,18.31
30/07/2021,-800,-97300000,113(-1.22 %),9000,1018950000,9800,1116250000,63335641,18.31
02/08/2021,84100,9675310000,115.5(2.21 %),84500,9721190000,400,45880000,63448354,18.29
03/08/2021,9400,1086300000,116(0.43 %),13200,1524840000,3800,438540000,63438954,18.29
04/08/2021,-4200,-486860000,116.2(0.17 %),1800,208540000,6000,695400000,63443154,18.29
05/08/2021,7900,912700000,116.5(0.26 %),13800,1598630000,5900,685930000,63435254,18.29
06/08/2021,93100,10893580000,117.4(0.77 %),97200,11373680000,4100,480100000,63342154,18.3
09/08/2021,-15300,-1869530000,119.5(1.79 %),35900,4246440000,51200,6115970000,63357454,18.3
10/08/2021,-94600,-11172080000,118.7(-0.67 %),19000,2254790000,113600,13426870000,63452054,18.28
11/08/2021,-34400,-4082560000,118.7(0.00 %),10000,1186320000,44400,5268880000,63486454,18.28
12/08/2021,-41900,-4937110000,118.7(0.00 %),10200,1204430000,52100,6141540000,63528354,18.27
13/08/2021,-74800,-7367937500,118(-0.59 %),10900,778054200,85700,8145991700,63603154,18.26
16/08/2021,-58700,-6861680000,117.3(-0.59 %),8300,972760000,67000,7834440000,63661854,18.25
17/08/2021,-22200,-2603230000,117.3(0.00 %),1900,222620000,24100,2825850000,63647554,18.25
18/08/2021,-55700,-6542010000,118(0.60 %),18700,2204750000,74400,8746760000,63717554,18.24
19/08/2021,-72500,-8623280000,120(1.69 %),9100,1077300000,81600,9700580000,63790054,18.22
20/08/2021,-25100,-2961140000,119.8(-0.17 %),50200,5983920000,75300,8945060000,63815154,18.22
23/08/2021,-136300,-16236620000,120.3(0.42 %),14500,1729450000,150800,17966070000,63951454,18.19
24/08/2021,27300,3329440000,122.8(2.08 %),52700,6402130000,25400,3072690000,63924154,18.2
25/08/2021,169900,21215100000,127(3.42 %),189300,23667360000,19400,2452260000,63754254,18.23
26/08/2021,28200,3535090000,125.8(-0.94 %),37300,4674710000,9100,1139620000,63726054,18.23
27/08/2021,-1864100,-251212970000,126.8(0.79 %),49400,6222380000,1913500,257435350000,65590154,17.89
30/08/2021,137500,17309410000,126.9(0.08 %),214354,27036257200,76854,9726847200,65452654,17.92
31/08/2021,142200,17984590000,126.5(-0.32 %),157800,19944540000,15600,1959950000,65310454,17.94
01/09/2021,-15400,-1929130000,125.5(-0.79 %),38100,4770030000,53500,6699160000,66430242,17.73
06/09/2021,-24700,-3098340000,125.7(0.16 %),44400,5574860000,69100,8673200000,66454942,17.73
07/09/2021,-97200,-12091230000,124.6(-0.88 %),10300,1285670000,107500,13376900000,66552142,17.71
08/09/2021,-74800,-9278920000,124.6(0.00 %),1300,160840000,76100,9439760000,66626942,17.7
09/09/2021,22800,2890310000,129(3.53 %),84800,10853980000,62000,7963670000,66604142,17.7
10/09/2021,201100,26072040000,129.8(0.62 %),238500,30924430000,37400,4852390000,66403042,17.74
13/09/2021,-20000,-2502200000,128(-1.39 %),75500,9765990000,95500,12268190000,66423042,17.74
14/09/2021,-193400,-24373360000,125.8(-1.72 %),8000,1011280000,201400,25384640000,66616442,17.7
15/09/2021,-8500,-1069390000,126(0.16 %),23500,2962560000,32000,4031950000,66624942,17.7
16/09/2021,-65600,-8247950000,126(0.00 %),800,100400000,66400,8348350000,66690542,17.69
17/09/2021,-583400,-72797860000,124.9(-0.87 %),36300,4532210000,619700,77330070000,67273942,17.58
20/09/2021,-46600,-5790120000,124.2(-0.56 %),6200,772820000,52800,6562940000,67320542,17.57
21/09/2021,-77300,-9521810000,123.5(-0.56 %),3400,421420000,80700,9943230000,67397842,17.56
22/09/2021,-54400,-6682270000,123.3(-0.16 %),7800,957320000,62200,7639590000,67452242,17.55
23/09/2021,-24700,-3051350000,123.7(0.32 %),3800,469180000,28500,3520530000,67476942,17.54
24/09/2021,132700,16535340000,125(1.05 %),168600,20975880000,35900,4440540000,67344242,17.57
27/09/2021,194300,24944450000,129(3.20 %),213300,27396080000,19000,2451630000,67149942,17.6
28/09/2021,-18500,-2388620000,129(0.00 %),39200,5049530000,57700,7438150000,67168442,17.6
29/09/2021,-10200,-1310800000,128.5(-0.39 %),12300,1576420000,22500,2887220000,67178642,17.6
30/09/2021,16400,2093030000,127.9(-0.47 %),27700,3536460000,11300,1443430000,67162242,17.6
01/10/2021,63600,8120250000,128.8(0.70 %),330402,40068358000,266802,31948108000,67199828,17.59
04/10/2021,38400,5025100000,131.8(2.33 %),58900,7712810000,20500,2687710000,67161428,17.6
05/10/2021,-45200,-5912410000,130.8(-0.76 %),2600,339160000,47800,6251570000,67206628,17.59
06/10/2021,-24700,-3186110000,129.4(-1.07 %),3900,502630000,28600,3688740000,67231328,0.0
07/10/2021,-35500,-4572520000,128.8(-0.46 %),8700,1118420000,44200,5690940000,67266828,0.0
08/10/2021,-4100,-529130000,128.9(0.08 %),10800,1385970000,14900,1915100000,67270928,0.0
11/10/2021,16800,4328500500,132.5(2.79 %),36000,4510479500,19200,181979000,67254128,0.0
12/10/2021,600,85570000,132.5(0.00 %),43500,5758660000,42900,5673090000,67253528,0.0
13/10/2021,12300,1640830000,133.9(1.06 %),21600,2884260000,9300,1243430000,67241228,0.0
14/10/2021,33800,4535520000,134.4(0.37 %),55800,7483640000,22000,2948120000,67207428,0.0
15/10/2021,-58200,-7616520000,131.7(-2.01 %),68200,9076310000,126400,16692830000,67265628,0.0
18/10/2021,16300,2134420000,131.2(-0.38 %),20100,2631520000,3800,497100000,67249328,0.0
19/10/2021,222700,29572180000,135.2(3.05 %),254200,33718720000,31500,4146540000,67026628,0.0
20/10/2021,95300,12905130000,135.9(0.52 %),131600,17810320000,36300,4905190000,66931328,0.0
21/10/2021,54200,7308610000,131.8(-3.02 %),107900,14519020000,53700,7210410000,66972428,0.0
22/10/2021,9500,1266830000,131.8(0.00 %),37800,5001600000,28300,3734770000,66962928,0.0
25/10/2021,-3146100,-443893260000,131.8(0.00 %),56700,7540090000,3202800,451433350000,70109028,0.0
26/10/2021,-6000,-803160000,132.5(0.53 %),27400,3605300000,33400,4408460000,70115028,0.0
27/10/2021,49000,6597130000,134(1.13 %),59100,7943600000,10100,1346470000,70066028,0.0
28/10/2021,0,0,133.5(-0.37 %),0,0,0,0,70066028,17.06
29/10/2021,-10400,-1392580000,132(-1.12 %),24700,3268500000,35100,4661080000,70076428,17.06
01/11/2021,-76200,-9955670000,130(-1.52 %),9400,1228450000,85600,11184120000,70082628,17.06
02/11/2021,-35400,-4672200000,132(1.54 %),20500,2694180000,55900,7366380000,70118028,17.05
03/11/2021,-43400,-5647690000,129.8(-1.67 %),11000,1429820000,54400,7077510000,70161428,0.0
04/11/2021,0,0,129.6(-0.15 %),0,0,0,0,70118028,17.05
05/11/2021,0,0,130(0.31 %),0,0,0,0,70118028,17.05
08/11/2021,14300,1873760000,131.8(1.38 %),40500,5325790000,26200,3452030000,70103728,17.06
09/11/2021,3200,423910000,131(-0.61 %),39900,5222190000,36700,4798280000,70100528,17.06
10/11/2021,-570400,-78687849600,129.7(-0.99 %),18900,2455563600,589300,81143413200,70670928,0.0
11/11/2021,-195200,-25113460000,128.6(-0.85 %),38900,5007170000,234100,30120630000,70295728,17.02
12/11/2021,-75200,-9633690000,128.6(0.00 %),66100,8458390000,141300,18092080000,70370928,17.01
15/11/2021,-178300,-22644410000,127(-1.24 %),6900,874770000,185200,23519180000,70549228,16.97
16/11/2021,-70000,-8842160000,127.9(0.71 %),20700,2618020000,90700,11460180000,70619228,16.96
17/11/2021,4900,625960000,127.9(0.00 %),13400,1710860000,8500,1084900000,70614328,16.96
18/11/2021,-102100,-12894590000,126.5(-1.09 %),11700,1482160000,113800,14376750000,70716428,16.94
19/11/2021,-90600,-11514370000,127.8(1.03 %),18800,2394560000,109400,13908930000,70807028,16.93
22/11/2021,-57600,-7305250000,128(0.16 %),1200,151700000,58800,7456950000,70864628,16.92
23/11/2021,149200,19547500000,132(3.12 %),168100,21986510000,18900,2439010000,70715428,16.94
24/11/2021,191000,25206920000,132.2(0.15 %),233400,30796590000,42400,5589670000,70524428,16.98
25/11/2021,-148800,-19642740000,132(-0.15 %),8400,1108880000,157200,20751620000,70673228,16.95
26/11/2021,-133200,-17196240000,129.5(-1.89 %),2300,295800000,135500,17492040000,70806428,0.0
29/11/2021,0,0,125(-3.47 %),0,0,0,0,70806428,16.93
30/11/2021,-378600,-46322470000,122.5(-2.00 %),41100,5030770000,419700,51353240000,71185028,16.86
01/12/2021,-480700,-57434460000,120(-2.04 %),18600,2241690000,499300,59676150000,71501628,16.8
02/12/2021,-175700,-21101430000,120.4(0.33 %),27800,3336080000,203500,24437510000,71677328,16.77
03/12/2021,-164800,-19688130000,120.4(0.00 %),22400,2678260000,187200,22366390000,71842128,16.74
06/12/2021,-124500,-14854730000,120.5(0.08 %),27500,3276380000,152000,18131110000,71966628,16.71
07/12/2021,69800,8514430000,123(2.07 %),88600,10778080000,18800,2263650000,71896828,16.73
08/12/2021,-32900,-3978710000,121.4(-1.30 %),18200,2207890000,51100,6186600000,71929728,16.72
09/12/2021,130800,16044110000,123.5(1.73 %),157300,19240040000,26500,3195930000,71798928,0.0
10/12/2021,-34400,-4256070000,124.5(0.81 %),16400,2039830000,50800,6295900000,71833328,16.74
13/12/2021,-9100,-1149580000,125.8(1.04 %),13100,1635650000,22200,2785230000,71842428,16.74
14/12/2021,-115700,-14365230000,124(-1.43 %),11500,1443150000,127200,15808380000,71958128,17.28
15/12/2021,9000,1117250000,124(0.00 %),14900,1846580000,5900,729330000,71949128,17.28
16/12/2021,-14300,-1738300000,122.8(-0.97 %),31600,3882800000,45900,5621100000,71963428,17.28
17/12/2021,-230100,-28163380000,122.5(-0.24 %),8700,1066870000,238800,29230250000,72193528,17.24
20/12/2021,-19700,-2374540000,122.1(-0.33 %),9200,1122600000,28900,3497140000,72213228,17.23
21/12/2021,-51300,-6268400000,122.5(0.33 %),8900,1086460000,60200,7354860000,72264528,0.0
22/12/2021,-59300,-7205360000,122.7(0.16 %),20000,2446520000,79300,9651880000,72323828,17.21
23/12/2021,0,0,123.9(0.98 %),0,0,0,0,72323828,17.21
24/12/2021,0,0,124(0.08 %),0,0,0,0,72323828,17.21
27/12/2021,-4100,-508080000,125(0.81 %),6300,782120000,10400,1290200000,73513409,16.43
28/12/2021,-50500,-6263420000,125.2(0.16 %),13600,1698030000,64100,7961450000,73563909,16.97
29/12/2021,-11400,-1412580000,125.2(0.00 %),3800,473850000,15200,1886430000,73627509,16.41
30/12/2021,4800,602170000,126(0.64 %),6700,839130000,1900,236960000,73684909,16.4
31/12/2021,10600,1343280000,128.3(1.83 %),11300,1432150000,700,88870000,73688809,16.39
04/01/2022,-77700,-9845840000,126(-1.79 %),20200,2559510000,97900,12405350000,73670535,16.4
05/01/2022,31500,3920930000,123(-2.38 %),58400,7251230000,26900,3330300000,73612887,16.41
06/01/2022,16900,2090810000,123.8(0.65 %),28900,3575740000,12000,1484930000,73681887,16.4
07/01/2022,4200,523570000,123.8(0.00 %),18500,2289410000,14300,1765840000,73685287,16.4
10/01/2022,-16000,-2344524000,123.8(0.00 %),20800,1085884800,36800,3430408800,73676887,16.4
11/01/2022,-19500,-2385270000,123.8(0.00 %),36900,4539630000,56400,6924900000,73654287,16.4
12/01/2022,-14600,-1771110000,123.2(-0.48 %),23600,2883670000,38200,4654780000,73667577,16.4
13/01/2022,-9300,-1123570000,122(-0.97 %),16700,2020950000,26000,3144520000,73704277,16.39
14/01/2022,15000,1834370000,122(0.00 %),28100,3424050000,13100,1589680000,73709377,16.39
17/01/2022,-57000,-6861100000,120.5(-1.23 %),30900,3736260000,87900,10597360000,73699533,16.39
18/01/2022,137800,16885960000,124.5(3.32 %),167400,20470870000,29600,3584910000,73545233,16.42
19/01/2022,10300,1329180000,122(-2.01 %),67600,8461900000,57300,7132720000,73573073,16.42
20/01/2022,-9700,-1211930000,125.3(-0.79 %),20200,2521200000,29900,3733130000,73582473,16.41
21/01/2022,-24400,-2975820000,122(-1.29 %),6700,819620000,31100,3795440000,73620573,16.41
24/01/2022,17000,2048690000,120.5(-1.23 %),45500,5477590000,28500,3428900000,73604973,16.41
25/01/2022,41500,5016280000,121.3(0.66 %),65300,7868700000,23800,2852420000,73570773,16.42
26/01/2022,-5900,169296400,121.1(-0.16 %),21500,1584130600,27400,1414834200,73578973,16.41
27/01/2022,84200,10186260000,121.1(0.00 %),102000,12334660000,17800,2148400000,73498323,16.43
28/01/2022,26400,3222570000,121.9(0.66 %),49000,5976900000,22600,2754330000,73472723,16.43
07/02/2022,100100,12990830000,130.4(6.97 %),177100,22933920000,77000,9943090000,73308423,16.46
08/02/2022,50800,6669830000,131.5(0.84 %),71300,9368830000,20500,2699000000,73259784,16.47
09/02/2022,124800,16529850000,135(2.66 %),148600,19672720000,23800,3142870000,73185684,16.49
10/02/2022,13000,1742380000,133(-1.48 %),37200,4959350000,24200,3216970000,73143984,16.5
11/02/2022,500,67060000,132.8(-0.15 %),5100,669790000,4600,602730000,73142684,16.5
14/02/2022,151900,20641610000,140(5.42 %),180200,24483640000,28300,3842030000,72986684,16.52
15/02/2022,-10800,-1498980000,139.2(-0.57 %),15100,2095650000,25900,3594630000,72976184,16.53
16/02/2022,-3100,-436300000,139.2(0.00 %),9000,1249030000,12100,1685330000,72995564,16.52
17/02/2022,42600,5896570000,141.6(1.72 %),120500,16843410000,77900,10946840000,72903964,16.54
18/02/2022,43900,6314010000,149(5.23 %),75900,10994720000,32000,4680710000,72840164,16.55
21/02/2022,8000,1194760000,146(-2.01 %),35500,5226620000,27500,4031860000,72859564,16.55
22/02/2022,-43600,-6195580000,142.8(-2.19 %),14400,2050830000,58000,8246410000,72877164,16.54
23/02/2022,364300,53550260000,148.2(3.78 %),384300,56503750000,20000,2953490000,72520364,16.61
24/02/2022,189600,27844750000,148(-0.13 %),238400,34958270000,48800,7113520000,72329964,16.65
25/02/2022,-5500,-789730000,145.1(-1.96 %),30100,4396540000,35600,5186270000,72304864,16.65
28/02/2022,5600,810470000,140.1(-3.45 %),74500,10456860000,68900,9646390000,72255164,16.66
01/03/2022,27200,3838610000,140.9(0.57 %),64400,9056820000,37200,5218210000,72226364,16.66
02/03/2022,33800,4823910000,145(2.91 %),59500,8493740000,25700,3669830000,72235764,16.66
03/03/2022,-36700,-5246410000,143.4(-1.10 %),3100,443240000,39800,5689650000,72269864,16.66
04/03/2022,-98900,-13868640000,139.4(-2.79 %),25500,3561890000,124400,17430530000,72270064,16.66
07/03/2022,-108200,-14566850000,134.2(-3.73 %),15800,2144590000,124000,16711440000,72289564,16.65
08/03/2022,8000,1097710000,137(2.09 %),27800,3759020000,19800,2661310000,72380164,16.64
09/03/2022,18200,2524220000,140(2.19 %),50000,6957340000,31800,4433120000,72448164,16.62
10/03/2022,-80300,-11202150000,139(-0.71 %),12200,1703220000,92500,12905370000,72447264,16.62
11/03/2022,-242400,-33639840000,138.5(-0.36 %),62500,8670230000,304900,42310070000,72411564,16.63
14/03/2022,61700,9108020000,145(4.69 %),442100,63501180000,380400,54393160000,72062014,16.69
15/03/2022,445000,65404360000,148(2.07 %),566300,83208530000,121300,17804170000,71835614,16.74
16/03/2022,77900,11391200000,147(-0.68 %),114900,16792780000,37000,5401580000,72101154,16.69
17/03/2022,10200,1477890000,145(-1.36 %),19900,2884810000,9700,1406920000,72167602,16.68
18/03/2022,839400,124509990000,148.2(2.21 %),1671700,247735950000,832300,123225960000,70532902,16.98
21/03/2022,-27600,-3970510000,143.3(-3.31 %),51300,7377010000,78900,11347520000,70491302,16.98
22/03/2022,5500,769460000,140.8(-1.74 %),25900,3641530000,20400,2872070000,71297702,16.84
23/03/2022,-11500,-1607830000,141(0.14 %),3600,503800000,15100,2111630000,71368002,16.82
24/03/2022,7600,1111590000,144(2.13 %),49800,7067570000,42200,5955980000,71331102,16.83
25/03/2022,-24100,-3450760000,143(-0.69 %),8300,1190520000,32400,4641280000,71330402,16.83
28/03/2022,-20800,-2930930000,140.8(-1.54 %),18000,2523880000,38800,5454810000,71354602,16.83
29/03/2022,30800,4362700000,142.9(1.49 %),37600,5324150000,6800,961450000,71349402,16.83
30/03/2022,-39100,-5508980000,140.5(-1.68 %),18400,2585350000,57500,8094330000,71369892,16.82
31/03/2022,1000,140330000,140.5(0.00 %),19100,2677940000,18100,2537610000,71357592,16.82
01/04/2022,2600,369000000,140.9(0.28 %),17300,2427270000,14700,2058270000,71397792,16.82
04/04/2022,-8200,-1143030000,142.9(1.42 %),21500,3076090000,29700,4219120000,71389392,16.82
05/04/2022,-13800,-1947020000,141.5(-0.98 %),17800,2540580000,31600,4487600000,71386342,16.82
06/04/2022,-8800,-1236300000,141(-0.35 %),9300,1302310000,18100,2538610000,71341742,16.83
07/04/2022,-39100,-5398710000,137(-2.84 %),4200,582410000,43300,5981120000,71380842,17.39
08/04/2022,-15700,-2159780000,138.4(1.02 %),23400,3225410000,39100,5385190000,71351372,16.83
12/04/2022,-80800,-11194800000,138(-0.29 %),13100,1817700000,93900,13012500000,71432172,17.38
13/04/2022,-92400,-12786250000,138.1(0.07 %),16900,2335850000,109300,15122100000,71376622,16.82
14/04/2022,-16900,-2320170000,136.9(-0.87 %),4000,550800000,20900,2870970000,71480722,16.8
15/04/2022,9600,1365550000,135.9(-0.73 %),13200,1665971000,3600,300421000,71575622,16.78
18/04/2022,15300,2120250000,138.3(1.77 %),36100,4973710000,20800,2853460000,71557922,16.79
19/04/2022,196200,27629900000,143.1(3.47 %),218500,30738550000,22300,3108650000,71352022,16.83
20/04/2022,-35800,-5072790000,142(-0.77 %),105300,15056870000,141100,20129660000,71516522,17.37
21/04/2022,4800,659740000,136.5(-3.87 %),146100,20362850000,141300,19703110000,71212722,16.85
22/04/2022,189800,26731020000,138.2(1.25 %),422800,59226010000,233000,32494990000,70959522,16.9
25/04/2022,-51100,-6856560000,131(-5.21 %),16700,2212470000,67800,9069030000,71119122,16.87
26/04/2022,27600,3597660000,129(-1.53 %),154200,19895220000,126600,16297560000,71197922,16.85
27/04/2022,67800,8558790000,129(0.00 %),86700,10966200000,18900,2407410000,71194022,16.86
28/04/2022,-12100,-1516040000,129(0.00 %),22800,2937480000,34900,4453520000,71299822,16.84
29/04/2022,14300,1888490000,129.9(0.70 %),28000,3636190000,13700,1747700000,71293722,16.84
04/05/2022,10800,1409980000,130.3(0.31 %),25800,3356820000,15000,1946840000,71302822,16.84
05/05/2022,-25900,-3314490000,130.8(0.38 %),15300,1997820000,41200,5312310000,71328722,17.4
06/05/2022,-37300,-4774400000,128(-2.14 %),10400,1331200000,47700,6105600000,71305822,16.83
09/05/2022,-43600,-5406400000,124(-3.12 %),11600,1438400000,55200,6844800000,71335422,16.83
10/05/2022,9900,1278090000,129.1(4.11 %),48500,6261350000,38600,4983260000,71334622,16.83
11/05/2022,-33100,-4169120000,126.5(-2.01 %),56700,7230340000,89800,11399460000,71367722,17.39
12/05/2022,45900,5699030000,124.8(-1.34 %),101800,12620780000,55900,6921750000,71321822,17.4
13/05/2022,52200,6648680000,125.9(0.88 %),104700,13212460000,52500,6563780000,71251486,16.84
16/05/2022,28000,3528000000,126(0.08 %),85100,10722600000,57100,7194600000,71222286,16.85
17/05/2022,91100,11660800000,128(1.59 %),114200,14617600000,23100,2956800000,71162086,16.86
18/05/2022,-34300,-4311510000,125.7(-1.80 %),57000,7164900000,91300,11476410000,71167186,16.86
19/05/2022,-110500,-13845650000,125.3(-0.32 %),19500,2443350000,130000,16289000000,71175786,16.86
20/05/2022,-5500,-689150000,125.3(0.00 %),27000,3383100000,32500,4072250000,71240086,16.85
23/05/2022,-28800,-3600000000,125(-0.24 %),40100,5012500000,68900,8612500000,71331486,16.83
24/05/2022,57400,7192220000,125.3(0.24 %),97900,12266870000,40500,5074650000,71271086,16.84
25/05/2022,14100,1772370000,125.7(0.32 %),56300,7076910000,42200,5304540000,71293686,16.84
26/05/2022,-38900,-4862500000,125(-0.56 %),10900,1362500000,49800,6225000000,71323286,16.83
27/05/2022,81700,10375900000,127(1.60 %),94000,11938000000,12300,1562100000,71271486,16.84
30/05/2022,60000,7950000000,132.5(4.33 %),89700,11885250000,29700,3935250000,71236586,16.85
31/05/2022,-40300,-5275270000,130.9(-1.21 %),50200,6571180000,90500,11846450000,71209686,16.85
01/06/2022,58000,7615400000,131.3(0.31 %),77900,10228270000,19900,2612870000,71161486,16.86
02/06/2022,-6400,-823680000,128.7(-1.98 %),31500,4054050000,37900,4877730000,71220486,16.85
03/06/2022,-5200,-660400000,127(-1.32 %),22600,2870200000,27800,3530600000,71217786,16.85
06/06/2022,66400,8476180000,127.6(0.47 %),91700,11667150000,25300,3190970000,71163986,16.86
07/06/2022,-18100,-2295080000,126.8(-0.63 %),22800,2891040000,40900,5186120000,71168986,16.86
08/06/2022,-10600,-1346200000,127(0.16 %),29800,3784600000,40400,5130800000,71164486,16.86
09/06/2022,36600,4677480000,127.8(0.63 %),68300,8728740000,31700,4051260000,71137086,16.87
10/06/2022,-66300,-8466510000,127.7(-0.08 %),31700,4048090000,98000,12514600000,71145736,16.86
13/06/2022,-41400,-5170860000,124.9(-2.19 %),23900,2985110000,65300,8155970000,71141036,16.86
14/06/2022,-39600,-4942080000,124.8(-0.08 %),35200,4392960000,74800,9335040000,71203836,16.85
15/06/2022,-77600,-9661200000,124.5(-0.24 %),32000,3984000000,109600,13645200000,71237136,16.85
16/06/2022,51800,6495720000,125.4(0.72 %),77200,9680880000,25400,3185160000,71242236,16.85
17/06/2022,-142300,-17773270000,124.9(-0.40 %),58700,7331630000,201000,25104900000,71303136,16.83
20/06/2022,60500,7637080000,127(1.68 %),108800,13744310000,48300,6107230000,71219736,16.85
21/06/2022,24800,3169440000,127.8(0.63 %),84400,10786320000,59600,7616880000,71336336,16.83
22/06/2022,106600,13783380000,129.3(1.17 %),121600,15722880000,15000,1939500000,71264536,16.84
23/06/2022,-23200,-2974240000,128.2(-0.85 %),1700,217940000,24900,3192180000,71322436,16.83
24/06/2022,64500,8275350000,128.3(0.08 %),81200,10417960000,16700,2142610000,71264236,16.84
27/06/2022,50500,6692250000,133(3.66 %),63900,8440990000,13400,1748740000,71225236,16.85
28/06/2022,-21700,-2886100000,133(0.00 %),12800,1702400000,34500,4588500000,71229136,16.85
29/06/2022,-58400,-7688470000,132.3(-0.53 %),2900,384660000,61300,8073130000,71239636,16.85
30/06/2022,-19200,-2496000000,130(-1.74 %),11400,1482000000,30600,3978000000,71262736,16.84
01/07/2022,1500,195150000,130.1(0.08 %),39100,5086910000,37600,4891760000,71284936,16.84
04/07/2022,-4300,-555650000,129.6(-0.38 %),5000,648630000,9300,1204280000,71278536,0.0
05/07/2022,-25400,-3197860000,125.9(-2.85 %),14700,1850730000,40100,5048590000,71342936,16.83
06/07/2022,25800,3279180000,127.1(0.95 %),35100,4461210000,9300,1182030000,71317136,16.83
07/07/2022,34000,4396200000,129.3(1.73 %),48100,6219330000,14100,1823130000,71309136,16.83
08/07/2022,-33100,853580000,127.8(-1.16 %),56700,1337700000,89800,484120000,71342236,0.0
11/07/2022,6700,853580000,127.4(-0.31 %),10500,1337700000,3800,484120000,71302536,16.84
12/07/2022,-47900,-6011450000,125.5(-1.49 %),7600,953800000,55500,6965250000,71320136,16.83
13/07/2022,-18800,-2346240000,124.8(-0.56 %),3400,424320000,22200,2770560000,71320436,16.83
14/07/2022,37200,4713240000,126.7(1.52 %),40400,5118680000,3200,405440000,71335536,16.83
15/07/2022,-23000,-2868100000,124.7(-1.58 %),600,74820000,23600,2942920000,71371136,16.82
18/07/2022,-7800,-968760000,124.2(-0.40 %),400,49680000,8200,1018440000,71373936,16.82
19/07/2022,-38200,-4755900000,124.5(0.24 %),23500,2925750000,61700,7681650000,71374036,16.82
20/07/2022,7200,903600000,125.5(0.80 %),15200,1907600000,8000,1004000000,71367036,16.82
21/07/2022,-6800,-856800000,126(0.40 %),16000,2016000000,22800,2872800000,71414236,16.81
22/07/2022,-23200,-12560000,125.6(-0.32 %),1700,891760000,24900,904320000,71415136,16.81
25/07/2022,8800,1107040000,125.8(0.16 %),34300,4314940000,25500,3207900000,71405216,16.82
26/07/2022,1700,212670000,125.1(-0.56 %),5000,625500000,3300,412830000,71411416,16.82
27/07/2022,2500,313250000,125.3(0.16 %),8300,1039990000,5800,726740000,71426116,16.81
28/07/2022,33300,4242420000,127.4(1.68 %),41900,5338060000,8600,1095640000,71387516,16.82
29/07/2022,-22400,-2815680000,125.7(-1.33 %),6600,829620000,29000,3645300000,71386716,16.82
01/08/2022,9900,1258290000,127.1(1.11 %),24100,3063110000,14200,1804820000,71371216,16.82
02/08/2022,47800,6094500000,127.5(0.31 %),49400,6298500000,1600,204000000,71350816,16.83
03/08/2022,35200,4470400000,127(-0.39 %),35400,4495800000,200,25400000,71329616,16.83
04/08/2022,76700,9909640000,129.2(1.73 %),94800,12248160000,18100,2338520000,71236416,16.85
05/08/2022,-235400,-29778100000,126.5(-2.09 %),13500,1707750000,248900,31485850000,71223116,16.85
08/08/2022,-111600,-13972320000,125.2(-1.03 %),12600,1577520000,124200,15549840000,71216116,16.85
09/08/2022,-88100,-11135840000,126.4(0.96 %),2700,341280000,90800,11477120000,71464816,16.81
10/08/2022,-26600,-3335640000,125.4(-0.79 %),11300,1417020000,37900,4752660000,71578716,16.78
11/08/2022,-130840,-16381168000,125.2(-0.16 %),44800,5608960000,175640,21990128000,71624716,16.78
12/08/2022,-81400,-10118020000,124.3(-0.72 %),26500,3293950000,107900,13411970000,71636116,16.77
15/08/2022,-200200,-24904880000,124.4(0.08 %),18200,2264080000,218400,27168960000,71793556,16.74
16/08/2022,-72500,-8946500000,123.4(-0.80 %),31900,3936460000,104400,12882960000,71869556,16.73
17/08/2022,-92400,-11411400000,123.5(0.08 %),34200,4223700000,126600,15635100000,72046256,16.7
18/08/2022,-328600,-40746400000,124(0.40 %),4800,595200000,333400,41341600000,72158356,16.68
19/08/2022,9800,1215200000,124(0.00 %),27400,3397600000,17600,2182400000,72257556,16.66
22/08/2022,-2300,-284970000,123.9(-0.08 %),7100,879690000,9400,1164660000,72583926,16.6
23/08/2022,1000,123500000,123.5(-0.32 %),10800,1333800000,9800,1210300000,72570726,16.6
24/08/2022,9400,1160900000,123.5(0.00 %),22200,2741700000,12800,1580800000,72557926,16.6
25/08/2022,10000,1234000000,123.4(-0.08 %),28500,3516900000,18500,2282900000,72539226,16.61
26/08/2022,-180600,-22213800000,123(-0.32 %),24800,3050400000,205400,25264200000,72530226,16.61
29/08/2022,-2400,-292800000,122(-0.81 %),18900,2305800000,21300,2598600000,72529826,16.61
30/08/2022,-47500,-5814000000,122.4(0.33 %),3900,477360000,51400,6291360000,72731326,16.57
31/08/2022,-227700,-27688320000,121.6(-0.65 %),2900,352640000,230600,28040960000,72749726,16.57
05/09/2022,-211800,-25416000000,120(-1.32 %),3600,432000000,215400,25848000000,72797526,16.56
06/09/2022,-159600,-19104120000,119.7(-0.25 %),4500,538650000,164100,19642770000,73018626,16.52
07/09/2022,-249300,-28395270000,113.9(-4.85 %),9100,1036490000,258400,29431760000,73224926,16.48
08/09/2022,-87200,-10028000000,115(0.97 %),68400,7866000000,155600,17894000000,73320626,16.46
09/09/2022,71300,8413400000,118(2.61 %),72400,8543200000,1100,129800000,73508126,16.43
12/09/2022,4661,8413400000,117.5(-0.42 %),9840,8543200000,5179,129800000,73653886,16.4
13/09/2022,-71606,2116800000,117.4(-0.09 %),26200,2293200000,97806,176400000,73628786,16.41
14/09/2022,16285,2116800000,116.2(-1.02 %),131500,2293200000,115215,176400000,73506465,16.43
15/09/2022,127330,1892317000,116(-0.17 %),152500,15280300000,25170,13387983000,0,16.44
16/09/2022,-1456337,-168498190900,115.7(-0.26 %),264263,30575229100,1720600,199073420000,73302723,16.47
19/09/2022,62180,7150700000,115(-0.61 %),93300,10729500000,31120,3578800000,73240543,0.0
20/09/2022,98500,11435850000,116.1(0.96 %),102000,11842200000,3500,406350000,74857193,16.18
21/09/2022,-10500,-1207500000,115(-0.95 %),15200,1748000000,25700,2955500000,74873113,16.18
22/09/2022,-2999,-344885000,115(0.00 %),22300,2564500000,25299,2909385000,74854313,16.18
23/09/2022,-30700,-3462960000,112.8(-1.91 %),10400,1173120000,41100,4636080000,74869613,16.18
26/09/2022,34200,3765420000,110.1(-2.39 %),65100,7167510000,30900,3402090000,74829812,16.18
27/09/2022,16123,1781591500,110.5(0.36 %),27100,2994550000,10977,1212958500,74845312,16.18
28/09/2022,-2380,-262038000,110.1(-0.36 %),13900,1530390000,16280,1792428000,74864312,16.18
29/09/2022,47310,5208831000,110.1(0.00 %),53800,5923380000,6490,714549000,74821489,16.19
30/09/2022,100600,11156540000,110.9(0.73 %),131100,14538990000,30500,3382450000,74724669,16.2
03/10/2022,16048,1765280000,110(-0.81 %),46576,5123360000,30528,3358080000,74735583,16.2
04/10/2022,110100,12430290000,112.9(2.64 %),110100,12430290000,0,0,74663483,16.21
05/10/2022,286001,32890115000,115(1.86 %),292001,33580115000,6000,690000000,74429510,16.26
06/10/2022,137498,15702271600,114.2(-0.70 %),147100,16798820000,9602,1096548400,74290410,16.28
07/10/2022,82784,9520160000,115(0.70 %),145384,16719160000,62600,7199000000,74161026,16.31
10/10/2022,-15490,-1703900000,110(-4.35 %),46210,5083100000,61700,6787000000,74139918,16.31
11/10/2022,-11082,-1185774000,107(-2.73 %),86018,9203926000,97100,10389700000,74116500,16.32
12/10/2022,-33784,-3672320800,108.7(1.59 %),44716,4860629200,78500,8532950000,74133484,16.31
13/10/2022,-62103,-6750596100,108.7(0.00 %),18500,2010950000,80603,8761546100,74216084,16.3
14/10/2022,600,65400000,109(0.28 %),8000,872000000,7400,806600000,74286584,16.28
17/10/2022,-7400,-806600000,109(0.00 %),12600,1373400000,20000,2180000000,74358587,16.27
18/10/2022,37000,4036700000,109.1(0.09 %),47400,5171340000,10400,1134640000,74318587,16.28
19/10/2022,18300,1999300000,109.1(0.00 %),35700,3891770000,17400,1892470000,74300287,16.83
20/10/2022,-21700,-2372300000,108.9(-0.18 %),74500,8113840000,96200,10486140000,74324530,16.83
21/10/2022,-14400,-1558910000,108.9(0.00 %),1500,161050000,15900,1719960000,74263040,16.84
24/10/2022,-8400,-894440000,107(-1.74 %),53900,5768000000,62300,6662440000,74277940,16.84
25/10/2022,40300,4330470000,108(0.93 %),44400,4770970000,4100,440500000,74237640,16.85
26/10/2022,4200,455290000,107.5(-0.46 %),20800,2229850000,16600,1774560000,74277340,16.84
27/10/2022,47900,5166100000,108(0.47 %),53900,5811650000,6000,645550000,74287033,16.28
28/10/2022,-6900,-743820000,107.8(-0.19 %),33700,3632860000,40600,4376680000,74274933,16.29
31/10/2022,24349,2619952400,107.6(-0.19 %),38649,4158632400,14300,1538680000,74242284,16.29
01/11/2022,33500,3561050000,106.3(-1.21 %),56800,6037840000,23300,2476790000,74200584,16.3
02/11/2022,-14100,-1480500000,105(-1.22 %),46200,4851000000,60300,6331500000,74168684,16.31
03/11/2022,29300,3009110000,102.7(-2.19 %),42400,4354480000,13100,1345370000,74154584,16.31
04/11/2022,14995,1500999500,100.1(-2.53 %),76300,7637630000,61305,6136630500,74143584,16.31
07/11/2022,95868,9605973600,100.2(0.10 %),108410,10862682000,12542,1256708400,74063274,16.33
08/11/2022,94509,9488703600,100.4(0.20 %),103700,10411480000,9191,922776400,74045879,16.33
09/11/2022,81861,8235216600,100.6(0.20 %),122161,12289396600,40300,4054180000,73946260,16.35
10/11/2022,102700,10270000000,100(-0.60 %),105200,10520000000,2500,250000000,73862751,16.36
11/11/2022,107300,10869490000,101.3(1.30 %),112400,11386120000,5100,516630000,73812651,16.37
14/11/2022,99940,10183886000,101.9(0.59 %),110450,11254855000,10510,1070969000,73732201,16.39
15/11/2022,140210,14273378000,101.8(-0.10 %),144510,14711118000,4300,437740000,73592791,16.41
16/11/2022,94422,9621601800,101.9(0.10 %),100880,10279672000,6458,658070200,73502421,16.43
17/11/2022,211600,21604360000,102.1(0.20 %),216900,22145490000,5300,541130000,73314821,16.46
18/11/2022,92130,9415686000,102.2(0.10 %),103600,10587920000,11470,1172234000,73228679,16.48
21/11/2022,29696,2987417600,100.6(-1.57 %),60900,6126540000,31204,3139122400,73178579,16.49
22/11/2022,61939,6076215900,98.1(-2.49 %),93907,9212276700,31968,3136060800,73096142,16.5
23/11/2022,-12900,-1295160000,100.4(2.34 %),34300,3443720000,47200,4738880000,73105546,16.5
24/11/2022,33940,3434728000,101.2(0.80 %),47500,4807000000,13560,1372272000,73102514,16.5
25/11/2022,49400,5038800000,102(0.79 %),55700,5681400000,6300,642600000,73106514,16.5
28/11/2022,40791,4168840200,102.2(0.20 %),57400,5866280000,16609,1697439800,73065723,0.0
29/11/2022,176627,18157255600,102.8(0.59 %),248800,25576640000,72173,7419384400,72889096,0.0
30/11/2022,115900,11937700000,103(0.19 %),174900,18014700000,59000,6077000000,72773196,0.0
01/12/2022,247400,25531680000,103.2(0.19 %),296200,30567840000,48800,5036160000,72357583,0.0
02/12/2022,398800,42472200000,106.5(3.20 %),450900,48020850000,52100,5548650000,71958783,0.0
05/12/2022,261633,27968567700,106.9(0.38 %),297300,31781370000,35667,3812802300,71697150,0.0
06/12/2022,166300,17627800000,106(-0.84 %),195900,20765400000,29600,3137600000,71530850,0.0
07/12/2022,71094,7535964000,106(0.00 %),116300,12327800000,45206,4791836000,71459756,17.38
08/12/2022,187420,20053940000,107(0.94 %),212000,22684000000,24580,2630060000,71390023,16.82
09/12/2022,187850,20945275000,111.5(4.21 %),251950,28092425000,64100,7147150000,71195779,16.85
12/12/2022,-6251,-696361400,111.4(-0.09 %),71600,7976240000,77851,8672601400,71090737,0.0
13/12/2022,170230,19065760000,112(0.54 %),193100,21627200000,22870,2561440000,70920507,0.0
14/12/2022,63880,7167336000,112.2(0.18 %),105000,11781000000,41120,4613664000,70856627,0.0
15/12/2022,52400,5915960000,112.9(0.62 %),70400,7948160000,18000,2032200000,70804227,17.5
16/12/2022,183220,20703860000,113(0.09 %),430020,48592260000,246800,27888400000,70621007,17.54
19/12/2022,-32211,-3581863200,111.2(-1.59 %),33000,3669600000,65211,7251463200,70653218,0.0
20/12/2022,75950,8453235000,111.3(0.09 %),96250,10712625000,20300,2259390000,70577268,0.0
21/12/2022,44510,4967316000,111.6(0.27 %),67810,7567596000,23300,2600280000,70532758,0.0
22/12/2022,10082,1122126600,111.3(-0.27 %),51700,5754210000,41618,4632083400,70522676,17.56
23/12/2022,24880,2774120000,111.5(0.18 %),67400,7515100000,42520,4740980000,70497796,0.0
26/12/2022,38428,4184809200,108.9(-2.33 %),75000,8167500000,36572,3982690800,70459368,0.0
27/12/2022,82061,8862588000,108(-0.83 %),130849,14131692000,48788,5269104000,70377307,0.0
28/12/2022,123323,13627191500,110.5(2.31 %),150723,16654891500,27400,3027700000,70253984,17.61
29/12/2022,142500,15561000000,109.2(-1.18 %),189000,20638800000,46500,5077800000,70265857,17.03
30/12/2022,72424,7930428000,109.5(0.27 %),111824,12244728000,39400,4314300000,70181433,17.04
03/01/2023,123212,13762780400,111.7(2.01 %),167012,18655240400,43800,4892460000,70014421,0.0
04/01/2023,-93199,-10289169600,110.4(-1.16 %),46401,5122670400,139600,15411840000,70063920,17.06
05/01/2023,-19600,-2156000000,110(-0.36 %),128200,14102000000,147800,16258000000,69979520,17.08
06/01/2023,-52300,-5637940000,107.8(-2.00 %),32800,3535840000,85100,9173780000,70086320,17.06
09/01/2023,37904,4139116800,109.2(1.30 %),47504,5187436800,9600,1048320000,70186616,17.04
10/01/2023,3980,434218000,109.1(-0.09 %),58000,6327800000,54020,5893582000,70223716,17.03
11/01/2023,101700,11197170000,110.1(0.92 %),108200,11912820000,6500,715650000,70135116,17.05
12/01/2023,7100,779580000,109.8(-0.27 %),28900,3173220000,21800,2393640000,70160236,17.05
13/01/2023,54341,5852525700,107.7(-1.91 %),61700,6645090000,7359,792564300,70115036,17.05
16/01/2023,-76100,-8165530000,107.3(-0.37 %),29100,3122430000,105200,11287960000,70127736,17.05
17/01/2023,119100,13172460000,110.6(3.08 %),137100,15163260000,18000,1990800000,70012995,17.07
18/01/2023,147600,16575480000,112.3(1.54 %),154700,17372810000,7100,797330000,69993495,17.08
19/01/2023,148300,16980350000,114.5(1.96 %),170900,19568050000,22600,2587700000,69850595,17.1
27/01/2023,93796,10899095200,116.2(1.48 %),121300,14095060000,27504,3195964800,69736395,17.12
30/01/2023,200,22600000,113(-2.75 %),30700,3469100000,30500,3446500000,69728295,17.13
31/01/2023,21699,2523593700,116.3(2.92 %),34000,3954200000,12301,1430606300,69733299,17.12
01/02/2023,-14520,-1653828000,113.9(-2.06 %),65000,7403500000,79520,9057328000,69698799,17.13
02/02/2023,91900,10292800000,112(-1.67 %),127400,14268800000,35500,3976000000,69583700,17.15
03/02/2023,29227,3188665700,109.1(-2.59 %),61940,6757654000,32713,3568988300,69601280,17.15
06/02/2023,150500,16479750000,109.5(0.37 %),170100,18625950000,19600,2146200000,69466680,17.17
07/02/2023,76777,8399403800,109.4(-0.09 %),90033,9849610200,13256,1450206400,69409360,17.18
08/02/2023,29600,3196800000,108(-1.28 %),35000,3780000000,5400,583200000,69393960,17.19
09/02/2023,-55160,-5620804000,101.9(-5.65 %),23300,2374270000,78460,7995074000,69383916,17.19
10/02/2023,-1800,-183600000,102(0.10 %),47000,4794000000,48800,4977600000,69342316,17.2
13/02/2023,56430,5817933000,103.1(1.08 %),91010,9383131000,34580,3565198000,69329766,17.2
14/02/2023,92090,9466852000,102.8(-0.29 %),142500,14649000000,50410,5182148000,69236066,17.22
15/02/2023,27420,2816034000,102.7(-0.10 %),78720,8084544000,51300,5268510000,69219926,17.22
16/02/2023,61038,6274706400,102.8(0.10 %),102800,10567840000,41762,4293133600,69167536,17.23
17/02/2023,46855,4807323000,102.6(-0.19 %),188525,19342665000,141670,14535342000,69030311,17.25
20/02/2023,1201,123222600,102.6(0.00 %),110801,11368182600,109600,11244960000,68961272,17.27
21/02/2023,53370,5470425000,102.5(-0.10 %),109010,11173525000,55640,5703100000,68993932,17.26
22/02/2023,-63080,-6358464000,100.8(-1.66 %),34800,3507840000,97880,9866304000,69056232,17.25
23/02/2023,-49657,-4876317400,98.2(-2.58 %),17613,1729596600,67270,6605914000,69094259,17.24
24/02/2023,3200,307840000,96.2(-2.04 %),79900,7686380000,76700,7378540000,69091059,17.83
27/02/2023,-3800,-374300000,98.5(2.39 %),52950,5215575000,56750,5589875000,69090059,17.24
28/02/2023,107396,10739600000,100(1.52 %),139404,13940400000,32008,3200800000,69007355,17.26
01/03/2023,49300,5003950000,101.5(1.50 %),70400,7145600000,21100,2141650000,68993705,17.26
02/03/2023,-16307,-1656791200,101.6(0.10 %),28693,2915208800,45000,4572000000,68997020,17.26
03/03/2023,-400,-40480000,101.2(-0.39 %),43300,4381960000,43700,4422440000,68964820,17.27
06/03/2023,10900,1049670000,96.3(-4.84 %),39100,3765330000,28200,2715660000,68970720,17.27
07/03/2023,17900,1738090000,97.1(0.83 %),43200,4194720000,25300,2456630000,68971220,17.27
08/03/2023,16205,1592951500,98.3(1.24 %),26205,2575951500,10000,983000000,68973215,17.27
09/03/2023,-12700,-1292860000,101.8(3.56 %),13200,1343760000,25900,2636620000,68985315,17.26
10/03/2023,-32914,-3311148400,100.6(-1.18 %),26900,2706140000,59814,6017288400,68966915,17.27
13/03/2023,40903,4118932100,100.7(0.10 %),78803,7935462100,37900,3816530000,68926012,0.0
14/03/2023,110003,11187305100,101.7(0.99 %),122103,12417875100,12100,1230570000,68851723,17.29
15/03/2023,58100,6094690000,104.9(3.15 %),61900,6493310000,3800,398620000,68801723,17.3
16/03/2023,-26000,-2652000000,102(-2.76 %),38000,3876000000,64000,6528000000,68775823,17.3
17/03/2023,604872,65870560800,108.9(6.76 %),766800,83504520000,161928,17633959200,68012823,17.44
20/03/2023,42921,4532457600,105.6(-3.03 %),109800,11594880000,66879,7062422400,67962023,17.45
21/03/2023,11400,307840000,103.8(-1.70 %),160800,7686380000,149400,7378540000,67963151,17.45
22/03/2023,66600,6971310000,104.8(0.96 %),210100,21914730000,143500,14943420000,67896551,18.06
23/03/2023,163000,17141130000,105.7(0.86 %),230500,24173030000,67500,7031900000,67733551,18.09
24/03/2023,117500,12449680000,106.2(0.47 %),124400,13177390000,6900,727710000,67616051,18.11
27/03/2023,60510,6444315000,106.5(0.28 %),92610,9862965000,32100,3418650000,67555541,0.0
28/03/2023,72349,7697933600,106.4(-0.09 %),107200,11406080000,34851,3708146400,67483192,18.14
29/03/2023,33211,3527008200,106.2(-0.19 %),64287,6827279400,31076,3300271200,67605196,17.52
30/03/2023,39900,4241370000,106.3(0.09 %),77100,8195730000,37200,3954360000,67562947,17.53
31/03/2023,10200,1072020000,105.1(-1.13 %),48400,5086840000,38200,4014820000,67545623,17.53
03/04/2023,-6406,-657255600,102.6(-2.38 %),10100,1036260000,16506,1693515600,67572723,17.52
04/04/2023,-9226,-941052000,102(-0.58 %),26708,2724216000,35934,3665268000,67584215,17.52
05/04/2023,7900,812910000,102.9(0.88 %),31400,3231060000,23500,2418150000,67569321,17.52
06/04/2023,6580,672476000,102.2(-0.68 %),20400,2084880000,13820,1412404000,67584855,17.52
07/04/2023,5400,556200000,103(0.78 %),12300,1266900000,6900,710700000,67596055,17.52
10/04/2023,75900,7764570000,102.3(-0.68 %),97800,10004940000,21900,2240370000,67512075,17.53
11/04/2023,22100,2260830000,102.3(0.00 %),30300,3099690000,8200,838860000,67488675,17.54
12/04/2023,-29267,-2917919900,99.7(-2.54 %),14721,1467683700,43988,4385603600,67496154,17.54
13/04/2023,-7792,-773745600,99.3(-0.40 %),17808,1768334400,25600,2542080000,67486546,17.54
14/04/2023,1588,156418000,98.5(-0.81 %),22400,2206400000,20812,2049982000,67508134,17.54
17/04/2023,42300,4213080000,99.6(1.12 %),57000,5677200000,14700,1464120000,67476734,17.54
18/04/2023,37855,3747645000,99(-0.60 %),43105,4267395000,5250,519750000,67454441,17.55
19/04/2023,74900,7497490000,100.1(1.11 %),84900,8498490000,10000,1001000000,67384241,17.56
20/04/2023,49700,4980870000,99.5(-0.60 %),51500,5161010000,1800,180140000,67334541,18.16
21/04/2023,-19700,-1920750000,97.5(-2.01 %),8100,789750000,27800,2710500000,67339891,17.57
24/04/2023,-44972,-4380272800,97.4(-0.10 %),12800,1246720000,57772,5626992800,67328891,17.57
25/04/2023,-77395,-7422180500,95.9(-1.54 %),14805,1419799500,92200,8841980000,67331886,17.57
26/04/2023,7306,695531200,95.2(-0.73 %),859010,81777752000,851704,81082220800,67293748,17.58
27/04/2023,-59700,-5676070000,95.1(-0.11 %),7400,704460000,67100,6380530000,67353448,18.16
28/04/2023,65600,6347380000,97(2.00 %),77900,7524430000,12300,1177050000,67287848,18.17
04/05/2023,-65600,-6311290000,95.5(-1.55 %),6300,609940000,71900,6921230000,67389247,18.15
05/05/2023,-200,-17990000,96(0.52 %),8300,797930000,8500,815920000,67454047,17.55
08/05/2023,1100,112530000,96.3(0.31 %),25000,2409020000,23900,2296490000,67500947,17.54
09/05/2023,-17400,-1661110000,95.4(-0.93 %),12700,1218980000,30100,2880090000,67461747,17.54
10/05/2023,16900,1634650000,96.8(1.47 %),31300,3017190000,14400,1382540000,67444847,18.14
11/05/2023,-16100,-1549920000,96.7(-0.10 %),8100,781410000,24200,2331330000,67471425,17.54
12/05/2023,31700,3056910000,97.2(0.52 %),43600,4198210000,11900,1141300000,67442220,17.55
15/05/2023,4000,388550000,97.3(0.10 %),4100,398270000,100,9720000,67438220,18.14
16/05/2023,56300,5475790000,97.5(0.21 %),56500,5495250000,200,19460000,67381920,18.15
17/05/2023,115600,11392890000,98.3(0.82 %),133500,13153700000,17900,1760810000,67266320,18.18
18/05/2023,-11200,-1078400000,99.4(1.12 %),36300,3581030000,47500,4659430000,67277520,18.17
19/05/2023,-12900,-1275480000,98.7(-0.70 %),7200,713850000,20100,1989330000,67290420,18.17
22/05/2023,-25900,-2538770000,99.2(0.51 %),22400,2209610000,48300,4748380000,67316320,18.17
23/05/2023,-21600,-2124110000,98.7(-0.50 %),31300,3096500000,52900,5220610000,67337920,18.16
24/05/2023,6400,630860000,98.4(-0.30 %),26100,2568880000,19700,1938020000,67331520,18.16
25/05/2023,-116700,-11369560000,98(-0.41 %),105700,10264340000,222400,21633900000,67448220,18.14
26/05/2023,0,-90000,98.1(0.10 %),8100,793310000,8100,793400000,67448220,18.14
29/05/2023,16100,1594310000,99.5(1.43 %),26400,2608990000,10300,1014680000,67432120,18.15
30/05/2023,2500,248680000,98.5(-1.01 %),22300,2199080000,19800,1950400000,67429620,18.15
31/05/2023,-34700,-3365900000,97.5(-1.02 %),26100,2571310000,60800,5937210000,67464320,18.14
01/06/2023,-14800,-1443490000,97.5(0.00 %),100,9740000,14900,1453230000,67359606,18.16
02/06/2023,-68900,-6684620000,96.8(-0.72 %),5800,562620000,74700,7247240000,67428506,18.15
05/06/2023,-23300,-2224830000,96.8(0.00 %),18300,1798290000,41600,4023120000,67451806,18.14
06/06/2023,27800,2696340000,97.7(0.93 %),45000,4367750000,17200,1671410000,67424006,18.15
07/06/2023,-35600,-3445580000,96.6(-1.13 %),1200,116060000,36800,3561640000,67459606,18.14
08/06/2023,-19000,-1844070000,97.2(0.62 %),31500,3059960000,50500,4904030000,67478606,18.14
09/06/2023,-13200,-1271690000,96(-1.23 %),8800,850380000,22000,2122070000,67491806,18.13
12/06/2023,-86400,-8264100000,96.4(0.42 %),5500,525700000,91900,8789800000,67578206,18.12
13/06/2023,-70800,-6805020000,96.5(0.10 %),33500,3227630000,104300,10032650000,67649006,18.1
14/06/2023,35800,3469320000,97.1(0.62 %),42100,4077900000,6300,608580000,67613206,18.11
15/06/2023,108000,10502000000,97.1(0.00 %),112600,10948900000,4600,446900000,67505206,18.13
16/06/2023,-198900,-18893660000,95.5(-1.65 %),140200,13496780000,339100,32390440000,67439790,17.55
19/06/2023,-57300,-5476890000,95.6(0.10 %),14800,1414160000,72100,6891050000,67429591,17.55
20/06/2023,-140300,-13381590000,95.1(-0.52 %),9300,884340000,149600,14265930000,67569891,18.12
21/06/2023,-133200,-12569510000,94(-1.16 %),91400,8595290000,224600,21164800000,67738166,17.49
22/06/2023,9600,909560000,94.2(0.21 %),73100,6893660000,63500,5984100000,67728566,18.09
23/06/2023,-36600,-3430870000,94.7(0.53 %),17600,1650230000,54200,5081100000,67765166,18.08
26/06/2023,-19300,-1837490000,94.8(0.11 %),34200,3248570000,53500,5086060000,68051098,17.44
27/06/2023,30600,2910240000,95.2(0.42 %),32300,3072180000,1700,161940000,68020498,18.03
28/06/2023,26300,2498960000,94.9(-0.32 %),36400,3459330000,10100,960370000,67994198,18.04
29/06/2023,7900,742320000,94.1(-0.84 %),34000,3206610000,26100,2464290000,67986298,18.04
30/06/2023,5400,510780000,94.3(0.21 %),16500,1554880000,11100,1044100000,67980898,18.04
03/07/2023,13800,1313000000,94.4(0.11 %),43700,4134380000,29900,2821380000,68011287,18.03
04/07/2023,61800,5838840000,94.1(-0.32 %),77600,7330090000,15800,1491250000,67949487,18.05
05/07/2023,9300,873320000,94.3(0.21 %),31800,2993040000,22500,2119720000,67940187,18.05
06/07/2023,16500,1549250000,94.3(0.00 %),46200,4340340000,29700,2791090000,67894916,17.46
07/07/2023,20800,1958760000,93.8(-0.53 %),32600,3067540000,11800,1108780000,67884820,17.47
10/07/2023,-12900,-1207230000,94.2(0.43 %),44500,4160080000,57400,5367310000,67897720,18.06
11/07/2023,-34100,-3183780000,94.2(0.00 %),25900,2428960000,60000,5612740000,67931820,18.05
12/07/2023,-41800,-3910820000,93.9(-0.32 %),17200,1610880000,59000,5521700000,67973620,18.04
13/07/2023,10000,941020000,94.9(1.06 %),25600,2413880000,15600,1472860000,67963620,18.04
14/07/2023,44400,4302720000,97.9(3.16 %),87300,8425540000,42900,4122820000,67900405,17.46
17/07/2023,14400,1416170000,97.3(-0.61 %),39400,3857180000,25000,2441010000,67886005,18.06
18/07/2023,94700,9163190000,96.3(-1.03 %),124900,12084640000,30200,2921450000,67791305,18.08
19/07/2023,81100,7826100000,96.7(0.42 %),81700,7883940000,600,57840000,67737898,17.49
20/07/2023,172300,16724300000,97.8(1.14 %),177400,17218570000,5100,494270000,67565598,18.12
21/07/2023,6000,595180000,98(0.20 %),26800,2612980000,20800,2017800000,67559598,18.12
24/07/2023,-11100,-1073430000,96.8(-1.22 %),36200,3516650000,47300,4590080000,67589565,17.52
25/07/2023,-24700,-2371450000,97.1(0.31 %),101400,9736470000,126100,12107920000,67518957,17.53
26/07/2023,15100,1459840000,96.5(-0.62 %),58800,5670940000,43700,4211100000,67503857,18.13
27/07/2023,44700,4318190000,96.9(0.41 %),80700,7795230000,36000,3477040000,67459157,18.14
28/07/2023,46100,4498620000,97.8(0.93 %),116900,11343810000,70800,6845190000,67413057,18.15
31/07/2023,46600,4658080000,102(4.29 %),124100,12340960000,77500,7682880000,67366457,18.16
01/08/2023,130000,13388080000,101.2(-0.78 %),200600,20584230000,70600,7196150000,67414107,18.15
02/08/2023,-38100,-3741900000,100.8(-0.40 %),135400,13595560000,173500,17337460000,67452207,18.14
03/08/2023,42500,4336420000,101(0.20 %),101300,10263620000,58800,5927200000,67409707,18.15
04/08/2023,43700,4450240000,101(0.00 %),74600,7563850000,30900,3113610000,67314688,17.57
07/08/2023,19900,2017640000,101.9(0.89 %),58500,5916530000,38600,3898890000,67294788,18.17
08/08/2023,-7600,-724460000,103(1.08 %),57400,5901460000,65000,6625920000,67302388,18.17
09/08/2023,-13800,-1399860000,101.6(-1.36 %),10500,1082750000,24300,2482610000,67316188,18.17
10/08/2023,-42900,-4324590000,100.7(-0.89 %),13300,1353970000,56200,5678560000,67359088,18.16
11/08/2023,-19600,-1970420000,101.1(0.40 %),22800,2295000000,42400,4265420000,67378688,18.16
14/08/2023,-118400,-11816200000,100.2(-0.89 %),136400,13688670000,254800,25504870000,67224710,17.59
15/08/2023,66900,6737500000,101.9(1.70 %),142000,14248510000,75100,7511010000,67105199,17.61
16/08/2023,-15800,-1587070000,100.8(-1.08 %),40900,4126370000,56700,5713440000,67309045,17.57
17/08/2023,-48400,-4841910000,100(-0.79 %),27200,2718900000,75600,7560810000,67357445,18.16
18/08/2023,76300,7587240000,97.9(-2.10 %),123800,12275100000,47500,4687860000,67279949,17.58
21/08/2023,-23800,-2314870000,96(-1.94 %),23500,2281660000,47300,4596530000,67337049,17.57
22/08/2023,43200,4214840000,97.3(1.35 %),135500,13165610000,92300,8950770000,67242849,17.58
23/08/2023,23100,2241750000,96.5(-0.82 %),132700,12847110000,109600,10605360000,67142488,17.6
24/08/2023,2600,269060000,97.5(1.04 %),69300,6727660000,66700,6458600000,67139888,18.2
25/08/2023,18500,1816330000,97(-0.51 %),126600,12289750000,108100,10473420000,67131663,17.61
28/08/2023,21500,2118070000,98(1.03 %),87200,8501800000,65700,6383730000,67110163,18.21
29/08/2023,9100,880880000,97.5(-0.51 %),82000,7976030000,72900,7095150000,67132431,17.61
30/08/2023,-29100,-2769130000,96.9(-0.62 %),75800,7381140000,104900,10150270000,67161531,18.2
31/08/2023,44200,4375920000,98(1.14 %),132900,12980410000,88700,8604490000,67062440,17.62
05/09/2023,130200,12969900000,100.5(2.55 %),265900,26383900000,135700,13414000000,66906440,17.65
06/09/2023,110100,11111300000,101.7(1.19 %),187000,18825320000,76900,7714020000,66796340,18.27
07/09/2023,-15300,-1542540000,101(-0.69 %),121000,12200140000,136300,13742680000,66822890,17.66
08/09/2023,48000,4862520000,101.4(0.40 %),91600,9273930000,43600,4411410000,66803190,17.67
11/09/2023,500,110180000,99(-2.37 %),86500,8737210000,86000,8627030000,66842990,17.66
12/09/2023,32000,3203030000,101.9(2.93 %),68200,6830470000,36200,3627440000,66824390,17.66
13/09/2023,-201600,-20067730000,99(-2.85 %),54300,5444660000,255900,25512390000,66846114,17.66
14/09/2023,-12100,-1166880000,99(0.00 %),43100,4275530000,55200,5442410000,66839272,17.66
15/09/2023,-86000,-8575950000,99.7(0.71 %),85600,8513190000,171600,17089140000,66999572,17.63
18/09/2023,0,0,98.8(-0.90 %),0,0,0,0,66999572,18.23
19/09/2023,-18800,-1836870000,99.4(0.61 %),50600,4982930000,69400,6819800000,67065232,18.22
20/09/2023,-25200,-2484770000,99.4(0.00 %),22900,2266720000,48100,4751490000,67090432,18.21
21/09/2023,38200,3799070000,99.3(-0.10 %),85000,8422060000,46800,4622990000,67052232,18.22
22/09/2023,-120900,-11768020000,97.6(-1.71 %),35800,3481430000,156700,15249450000,67198797,17.59
25/09/2023,64500,6326630000,98(0.41 %),123400,12049670000,58900,5723040000,67112227,17.61
26/09/2023,-21700,-2074110000,98(0.00 %),137000,13510200000,158700,15584310000,67130511,17.61
27/09/2023,-14300,-1397470000,99.7(1.73 %),70500,6933840000,84800,8331310000,67144811,18.2
28/09/2023,-54500,-5277290000,99.3(-0.40 %),72800,7186690000,127300,12463980000,67199311,18.19
29/09/2023,-61300,-6076140000,99.3(0.00 %),8000,794220000,69300,6870360000,67314658,17.57
02/10/2023,-33200,-3259720000,98.5(-0.81 %),5000,491450000,38200,3751170000,67437038,17.55
03/10/2023,-90600,-8761280000,97.9(-0.61 %),38700,3758720000,129300,12520000000,67467638,17.54
04/10/2023,-15000,-1454910000,96.8(-1.12 %),58300,5654830000,73300,7109740000,67482638,18.14
05/10/2023,-114600,-11032780000,95.5(-1.34 %),12400,1192610000,127000,12225390000,67567554,17.52
06/10/2023,-1500,-80230000,97(1.57 %),91600,8760510000,93100,8840740000,67569054,18.12
09/10/2023,-38200,-3685710000,97.1(0.10 %),7200,696710000,45400,4382420000,67607254,18.11
10/10/2023,-9200,-875950000,97.3(0.21 %),72700,7058640000,81900,7934590000,67691454,17.5
11/10/2023,20900,2038710000,97.6(0.31 %),56500,5487590000,35600,3448880000,67680354,17.5
12/10/2023,34400,3347380000,97.7(0.10 %),80900,7872660000,46500,4525280000,67681386,17.5
13/10/2023,-24700,-2372520000,103.8(6.24 %),25600,2539370000,50300,4911890000,67691436,17.5
16/10/2023,-14900,-1508670000,102.5(-1.25 %),18000,1839930000,32900,3348600000,67719936,17.5
17/10/2023,60300,6204900000,102.9(0.39 %),69700,7167110000,9400,962210000,67700536,17.5
18/10/2023,77300,8052880000,104.9(1.94 %),97400,10126480000,20100,2073600000,67636036,17.51
19/10/2023,79400,8332910000,105.1(0.19 %),107000,11222620000,27600,2889710000,67538436,17.53
20/10/2023,19300,2029270000,105.2(0.10 %),68800,7212940000,49500,5183670000,67489746,17.54
23/10/2023,-40000,-4005300000,103.5(-1.62 %),76700,7843000000,116700,11848300000,67440500,17.55
24/10/2023,-51300,-5284310000,103.6(0.10 %),36700,3790970000,88000,9075280000,67491800,18.13
25/10/2023,-63700,-6437880000,102.8(-0.77 %),35500,3615410000,99200,10053290000,67453332,17.55
26/10/2023,-52200,-5208470000,99.8(-2.92 %),67000,6729640000,119200,11938110000,67548520,17.53
27/10/2023,-26700,-2604420000,99.8(0.00 %),38800,3836240000,65500,6440660000,67608920,17.52
30/10/2023,-10000,-992770000,98(-1.80 %),79200,7824690000,89200,8817460000,67651920,17.51
31/10/2023,-45900,-4534550000,99(1.02 %),234500,23198180000,280400,27732730000,67483820,17.54
01/11/2023,108300,11183390000,104.4(5.45 %),132100,13641420000,23800,2458030000,67440939,17.55
02/11/2023,19700,2090600000,104.9(0.48 %),80700,8379580000,61000,6288980000,67421239,18.15
03/11/2023,241900,25554740000,106.5(1.53 %),278100,29358060000,36200,3803320000,67179339,18.19
06/11/2023,197900,21181230000,107.3(0.75 %),228200,24418270000,30300,3237040000,66981439,18.23
07/11/2023,-15500,-1637360000,106(-1.21 %),12900,1366060000,28400,3003420000,66996939,18.23
08/11/2023,85900,9580180000,113(6.60 %),166300,18291540000,80400,8711360000,67146495,17.6
09/11/2023,25900,2854460000,108.4(-4.07 %),78000,8583570000,52100,5729110000,67291885,17.58
10/11/2023,7000,783030000,109(0.55 %),75800,8153480000,68800,7370450000,67304074,17.57
13/11/2023,-36600,-3905000000,108(-0.92 %),22000,2356410000,58600,6261410000,67324195,17.57
14/11/2023,-56610,-6062273000,107.8(-0.19 %),11400,1221920000,68010,7284193000,67397284,18.15
15/11/2023,33500,3724580000,108.7(0.83 %),116300,12724720000,82800,9000140000,67363784,18.16
16/11/2023,0,0,108.5(-0.18 %),0,0,0,0,67363784,18.16
17/11/2023,-71900,-7614360000,105.5(-2.76 %),35700,3827000000,107600,11441360000,67285156,17.58
20/11/2023,79100,8423030000,105.7(0.19 %),160300,17032030000,81200,8609000000,67152556,17.6
21/11/2023,-5300,-540700000,106.6(0.85 %),56900,6007850000,62200,6548550000,67203256,17.59
22/11/2023,27300,2989690000,108.2(1.50 %),88500,9504140000,61200,6514450000,67196000,17.59
23/11/2023,-37400,-3941940000,105(-2.96 %),64700,6925310000,102100,10867250000,67233400,18.18
24/11/2023,44800,4749370000,106.3(1.24 %),65200,6909900000,20400,2160530000,67188600,18.19
27/11/2023,20900,2186150000,106(-0.28 %),45700,4782670000,24800,2596520000,67167700,18.2
28/11/2023,72900,7741390000,106.5(0.47 %),93900,9964290000,21000,2222900000,67094800,18.21
29/11/2023,-17500,-1847380000,106.8(0.28 %),10900,1162600000,28400,3009980000,67112300,18.21
30/11/2023,-284400,-29116990000,102(-4.49 %),35800,3686530000,320200,32803520000,67396700,18.15
01/12/2023,-21000,-2155520000,105.4(3.33 %),49400,5077490000,70400,7233010000,67174669,18.19
04/12/2023,32200,3459610000,105.8(0.38 %),67100,7141290000,34900,3681680000,67142469,18.2
05/12/2023,-146700,-15326600000,105.1(-0.66 %),14300,1495310000,161000,16821910000,67289169,18.17
06/12/2023,-1300,-119390000,105.8(0.67 %),46800,4929040000,48100,5048430000,67290469,18.17
07/12/2023,-165400,-17048360000,105.7(-0.09 %),159400,16639220000,324800,33687580000,67455869,18.14
08/12/2023,-57500,-5990280000,104.2(-1.42 %),18300,1916310000,75800,7906590000,67513369,18.13
11/12/2023,-23000,-2359840000,104.2(0.00 %),31000,3202010000,54000,5561850000,67536369,18.13
12/12/2023,-38000,-3904590000,104.5(0.29 %),74600,7752160000,112600,11656750000,67574369,18.12
13/12/2023,175800,18402340000,105(0.48 %),255200,26706060000,79400,8303720000,67398569,18.15
14/12/2023,151500,15945420000,105.3(0.29 %),161700,17020550000,10200,1075130000,67247069,18.18
15/12/2023,-152600,-15595050000,103(-2.18 %),221000,22934450000,373600,38529500000,67399669,18.15
18/12/2023,84700,8860910000,105(1.94 %),106200,11082270000,21500,2221360000,67314969,18.17
19/12/2023,54900,5733820000,104.3(-0.67 %),83700,8736800000,28800,3002980000,67260069,18.18
20/12/2023,79500,8295140000,104.3(0.00 %),107000,11163550000,27500,2868410000,67180569,18.19
21/12/2023,20100,2046010000,105.3(0.96 %),99600,10427470000,79500,8381460000,67160469,18.2
22/12/2023,-47500,-5037180000,106.2(0.85 %),88800,9395570000,136300,14432750000,67207969,18.19
25/12/2023,45800,4915780000,107.8(1.51 %),53800,5773330000,8000,857550000,67162169,18.2
26/12/2023,106000,11428030000,108(0.19 %),189700,20466320000,83700,9038290000,67056169,18.22
27/12/2023,-55600,-6009340000,107.9(-0.09 %),51300,5536090000,106900,11545430000,67111769,18.21
28/12/2023,-10200,-1085920000,108(0.09 %),28400,3048360000,38600,4134280000,67121969,18.2
29/12/2023,-167600,-18099770000,108(0.00 %),100,10780000,167700,18110550000,67289569,18.17
02/01/2024,57900,6177300000,107(-0.93 %),105500,11308460000,47600,5131160000,67400664,17.56
03/01/2024,-20200,-2085960000,107.7(0.65 %),45400,4871310000,65600,6957270000,67482766,18.14
04/01/2024,-48000,-5110340000,107.8(0.09 %),14600,1568620000,62600,6678960000,67530766,18.13
05/01/2024,-1500,-163420000,107.6(-0.19 %),13300,1422170000,14800,1585590000,67532266,18.13
08/01/2024,-300,-30080000,106.6(-0.93 %),17300,1846090000,17600,1876170000,67532566,18.13
09/01/2024,3800,403640000,106.5(-0.09 %),10000,1059100000,6200,655460000,67673576,17.51
10/01/2024,-67100,-7045900000,105.7(-0.75 %),9400,989410000,76500,8035310000,67681780,17.5
11/01/2024,-15200,-1601340000,105.8(0.09 %),7800,820650000,23000,2421990000,67680180,17.5
12/01/2024,-23500,-2451650000,105.3(-0.47 %),5900,616650000,29400,3068300000,67529066,18.13
15/01/2024,-38400,-4021570000,105.2(-0.09 %),12100,1271070000,50500,5292640000,67761736,17.49
16/01/2024,-12000,-1255620000,105.4(0.19 %),5000,524100000,17000,1779720000,67786136,17.48
17/01/2024,-45300,-4757980000,104.6(-0.76 %),35800,3742970000,81100,8500950000,67800830,17.48
18/01/2024,-156100,-16267660000,104.3(-0.29 %),1600,166960000,157700,16434620000,67780866,18.08
19/01/2024,-51100,-5356940000,105(0.67 %),16100,1687640000,67200,7044580000,67831966,18.07
22/01/2024,3200,337180000,105.6(0.57 %),19300,2030170000,16100,1692990000,67828766,18.07
23/01/2024,-52600,-5500720000,105(-0.57 %),6100,637570000,58700,6138290000,67881366,18.06
24/01/2024,3800,417200000,104.7(-0.29 %),29500,3101820000,25700,2684620000,67877566,18.06
25/01/2024,10100,1060130000,104.9(0.19 %),23500,2463780000,13400,1403650000,67867466,18.06
26/01/2024,7500,779720000,105.7(0.76 %),79700,8378140000,72200,7598420000,67859966,18.06
29/01/2024,78400,8282160000,105.8(0.09 %),139200,14707480000,60800,6425320000,67902940,17.46
30/01/2024,-10700,-1130460000,105.6(-0.19 %),24500,2591300000,35200,3721760000,67950720,17.45
31/01/2024,-100900,-10536530000,104.6(-0.95 %),7700,804990000,108600,11341520000,68003820,17.44
01/02/2024,1900,209980000,105.5(0.86 %),33900,3549120000,32000,3339140000,68003824,18.04
02/02/2024,-25800,-2706640000,104.8(-0.66 %),8900,935530000,34700,3642170000,68005064,17.44
05/02/2024,-30400,-3164850000,105.3(0.48 %),36500,3816620000,66900,6981470000,68026052,18.03
06/02/2024,-86624,-9076007600,104.5(-0.76 %),2500,261840000,89124,9337847600,68132500,17.42
07/02/2024,-44620,-4673686000,105.3(0.77 %),7300,765610000,51920,5439296000,68192100,17.41
15/02/2024,-54100,-5654010000,104.5(-0.76 %),13600,1422570000,67700,7076580000,68257620,17.4
16/02/2024,-18110,-1902941000,105.3(0.77 %),26200,2750890000,44310,4653831000,68283336,17.39
19/02/2024,-7616,-782112100,105.2(-0.09 %),60013,6311222400,67629,7093334500,68291020,17.39
20/02/2024,-37254,-3888893000,104.3(-0.86 %),33900,3550920000,71154,7439813000,68291430,17.39
21/02/2024,-144857,-14998570000,103.2(-1.05 %),15500,1608260000,160357,16606830000,68333560,17.38
22/02/2024,-25705,-2662338500,103.6(0.39 %),10500,1092030000,36205,3754368500,68333560,17.38
23/02/2024,21100,2199430000,103.8(0.19 %),53300,5541660000,32200,3342230000,68423838,17.96
26/02/2024,10900,1141340000,104.5(0.67 %),17700,1851590000,6800,710250000,68504776,17.35
27/02/2024,-56736,-5880699600,103.5(-0.96 %),40100,4157790000,96836,10038489600,68469674,17.95
28/02/2024,-19081,-1965978700,103.4(-0.10 %),17541,1825736500,36622,3791715200,68488755,17.94
29/02/2024,-134260,-13868212000,103.1(-0.29 %),19400,2017510000,153660,15885722000,68543270,17.34
01/03/2024,-95399,-9872228500,103.3(0.19 %),57306,5937129200,152705,15809357700,68485967,17.94
04/03/2024,-11398,-1182215800,103.6(0.29 %),34400,3571870000,45798,4754085800,68497365,17.94
05/03/2024,24380,2552750000,104.4(0.77 %),54800,5707980000,30420,3155230000,68709750,17.31
06/03/2024,-25900,-2680420000,104.2(-0.19 %),11500,1196230000,37400,3876650000,68498885,17.94
07/03/2024,47788,4963966800,103.9(0.00 %),64000,6645180000,16212,1681213200,68451097,17.95
08/03/2024,-45245,-4684884000,103.7(-0.19 %),30600,3166120000,75845,7851004000,68496342,17.94
11/03/2024,2100,235660000,103(-0.68 %),42000,4363410000,39900,4127750000,68494242,17.94
12/03/2024,-33200,-3400780000,102.5(-0.49 %),18000,1851480000,51200,5252260000,68727330,17.31
13/03/2024,-100100,-10235960000,102.2(-0.29 %),40700,4167400000,140800,14403360000,68726541,17.31
14/03/2024,-171200,-17416090000,102(-0.20 %),40200,4090940000,211400,21507030000,68897741,17.87
15/03/2024,-113000,-11434390000,102.7(0.69 %),178200,18209680000,291200,29644070000,69010741,17.84
18/03/2024,-6200,-612180000,101.8(-0.88 %),72600,7394070000,78800,8006250000,68838890,17.29
19/03/2024,-25500,-2555440000,101(-0.79 %),26600,2680310000,52100,5235750000,69093450,17.24
20/03/2024,-56400,-5669340000,101.2(0.20 %),15000,1517790000,71400,7187130000,69098841,17.83
21/03/2024,-72100,-7373330000,102.6(1.38 %),25300,2581730000,97400,9955060000,69170941,17.81
22/03/2024,-12800,-1292470000,102.2(-0.39 %),66600,6790900000,79400,8083370000,69183741,17.81
25/03/2024,-46600,-4693310000,100.7(-1.47 %),43000,4360320000,89600,9053630000,69228370,17.22
26/03/2024,-16900,-1731890000,101.9(1.19 %),105700,10753150000,122600,12485040000,69178041,17.81
27/03/2024,-150200,-15322150000,103(1.08 %),42100,4275320000,192300,19597470000,69236344,17.22
28/03/2024,-93000,-9533600000,103.2(0.19 %),34100,3501160000,127100,13034760000,69319896,17.2
29/03/2024,7200,743310000,103(-0.19 %),32200,3314530000,25000,2571220000,69479980,17.17
01/04/2024,-63000,-6441670000,102.7(-0.29 %),27300,2805330000,90300,9247000000,69579896,17.15
02/04/2024,-35600,-3640470000,103(0.29 %),47000,4819200000,82600,8459670000,69515584,17.75
03/04/2024,-178700,-18129630000,102.2(-0.78 %),16700,1702480000,195400,19832110000,69621576,17.15
04/04/2024,43400,4466920000,102.2(0.00 %),64100,6585260000,20700,2118340000,69650884,17.72
05/04/2024,25400,2595580000,101.9(-0.29 %),38000,3878910000,12600,1283330000,69794180,17.11
08/04/2024,-7400,-745580000,101.1(-0.79 %),42000,4247180000,49400,4992760000,69632884,17.73
09/04/2024,76000,7747330000,102.2(1.09 %),88900,9063810000,12900,1316480000,69556884,17.74
10/04/2024,8500,905530000,102(-0.20 %),96600,9850890000,88100,8945360000,69548384,17.74
11/04/2024,-177400,-17920930000,101(-0.98 %),102600,10380930000,280000,28301860000,69560160,17.16
12/04/2024,14900,1244220000,107(5.94 %),231500,24177650000,216600,22933430000,69416900,17.18
15/04/2024,-46500,-4904210000,105.9(-1.03 %),50700,5360960000,97200,10265170000,69757384,17.7
16/04/2024,-7700,-805640000,106(0.09 %),70400,7473960000,78100,8279600000,69765084,17.7
17/04/2024,-89100,-9143200000,103.4(-2.45 %),131200,13685220000,220300,22828420000,69846484,17.68
19/04/2024,94600,9738850000,103.3(-0.10 %),165300,17015280000,70700,7276430000,69751884,17.7
22/04/2024,27500,2871670000,103.3(0.00 %),92800,9602350000,65300,6730680000,69833920,17.11
23/04/2024,69000,7058730000,102.8(-0.48 %),136900,13973250000,67900,6914520000,69766680,17.12
24/04/2024,21000,2162580000,103.5(0.68 %),54300,5603730000,33300,3441150000,69634384,17.72
25/04/2024,-84200,-8627810000,103.5(0.00 %),27600,2816730000,111800,11444540000,69718584,17.71
26/04/2024,50800,5216610000,104(0.48 %),99200,10169330000,48400,4952720000,69753130,17.12
02/05/2024,-31100,-3158140000,103.9(-0.10 %),57700,5952780000,88800,9110920000,69807224,17.11
03/05/2024,126900,13395720000,106(2.02 %),163700,17255140000,36800,3859420000,69691910,17.13
06/05/2024,102300,11218660000,113.4(6.98 %),144100,15841920000,41800,4623260000,69636616,17.14
07/05/2024,307600,36128270000,118.6(4.59 %),468100,55043030000,160500,18914760000,69205310,17.22
08/05/2024,97800,11399920000,117.4(-1.01 %),323800,37893950000,226000,26494030000,68923320,17.27
09/05/2024,78600,9214910000,117.9(0.43 %),351400,41328770000,272800,32113860000,68707500,17.31
10/05/2024,41800,4842810000,116.9(-0.85 %),133500,15564970000,91700,10722160000,68775000,17.3
13/05/2024,-28100,-3312290000,118.8(1.63 %),198700,23429290000,226800,26741580000,68849064,17.29
14/05/2024,-157600,-18520230000,117(-1.52 %),174100,20432020000,331700,38952250000,69183825,17.81
15/05/2024,-300100,-35226150000,117.3(0.26 %),82800,9718890000,382900,44945040000,69483925,17.75
16/05/2024,-232200,-27203060000,117.5(0.17 %),46600,5451990000,278800,32655050000,69716125,17.71
17/05/2024,-275600,-32602150000,117.4(-0.09 %),114600,13568390000,390200,46170540000,69464270,17.17
20/05/2024,-43800,-5073250000,114.6(-2.39 %),114200,13242860000,158000,18316110000,69628900,17.14
21/05/2024,-83500,-9443830000,112.5(-1.83 %),35400,3979450000,118900,13423280000,69973700,17.08
22/05/2024,-107900,-12093330000,109.1(-3.02 %),74400,8282440000,182300,20375770000,70037256,17.07
23/05/2024,75800,8419790000,111.4(2.11 %),172000,19088330000,96200,10668540000,69984296,17.08
24/05/2024,-38600,-4208640000,108(-3.05 %),38000,4133290000,76600,8341930000,69957525,17.66
27/05/2024,31400,3409010000,109(0.93 %),58700,6376100000,27300,2967090000,70234080,17.03
28/05/2024,-113600,-12388050000,109.6(0.55 %),15000,1633050000,128600,14021100000,70300680,17.02
29/05/2024,-116100,-12577790000,107.9(-1.55 %),18600,2011290000,134700,14589080000,70298180,17.02
30/05/2024,-60300,-6448510000,107(-0.83 %),30200,3249020000,90500,9697530000,70396664,17.0
31/05/2024,-51900,-5593700000,107.1(0.09 %),32900,3548070000,84800,9141770000,70498550,16.98
03/06/2024,-127400,-13878550000,108.7(1.49 %),84800,9228140000,212200,23106690000,70498549,17.56
04/06/2024,-61300,-6639560000,108.4(-0.28 %),7700,833630000,69000,7473190000,70559849,17.55
05/06/2024,-50100,-5457100000,108(-0.37 %),89100,9669040000,139200,15126140000,70609949,17.54
06/06/2024,-150910,-16420400000,108.6(0.56 %),13400,1451110000,164310,17871510000,70760099,16.94
07/06/2024,-182860,-19923300000,109(0.37 %),24600,2677630000,207460,22600930000,70864699,16.92
10/06/2024,-48194,-5328623600,109(0.00 %),191306,20915096400,239500,26243720000,70912893,17.48
11/06/2024,-358500,-38142360000,105.8(-2.94 %),23000,2444740000,381500,40587100000,70760099,16.94
12/06/2024,-175947,-18485596700,106.3(0.47 %),48853,5145443300,224800,23631040000,71202810,16.85
13/06/2024,0,0,106(-0.28 %),0,0,0,0,71574610,16.78
14/06/2024,-227000,-23795790000,104.8(-1.13 %),10500,1097750000,237500,24893540000,71788910,16.75
17/06/2024,-74200,-7754000000,104.8(0.00 %),14600,1526670000,88800,9280670000,71967810,16.71
18/06/2024,-56721,-5925410700,104.6(-0.19 %),15302,1601019400,72023,7526430100,72190008,16.67
19/06/2024,-294603,-30286793000,103.3(-1.24 %),36457,3745941000,331060,34032734000,72236351,16.66
20/06/2024,-40498,-4147414600,103.8(0.48 %),28502,2949505400,69000,7096920000,72279872,16.65
21/06/2024,-325600,-33365120000,102.5(-1.25 %),14500,1481390000,340100,34846510000,72616432,16.59
24/06/2024,4400,464330000,101.6(-0.88 %),58000,5929810000,53600,5465480000,72627432,16.59
25/06/2024,-4968,-516934800,101.6(0.00 %),128200,12989910000,133168,13506844800,72860332,16.55
26/06/2024,-54337,-5516682500,101.6(0.00 %),15500,1575220000,69837,7091902500,72918132,16.54
27/06/2024,64600,6563540000,102(0.39 %),153000,15545470000,88400,8981930000,72900800,16.54
28/06/2024,-103324,-10510265600,101.5(-0.49 %),5600,567620000,108924,11077885600,72970037,16.53
04/07/2024,-264500,-26708920000,101.2(0.00 %),49100,4956150000,313600,31665070000,73250246,0.0
05/07/2024,-245100,-24778440000,101.6(0.40 %),12500,1259710000,257600,26038150000,73495346,0.0
08/07/2024,-266600,-26998670000,101.3(-0.30 %),22200,2245830000,288800,29244500000,73761946,0.0
09/07/2024,-279000,-28194470000,101.4(0.10 %),93900,9470680000,372900,37665150000,74040946,0.0
10/07/2024,-159000,-16067100000,101(-0.39 %),82000,8293800000,241000,24360900000,74199946,0.0
11/07/2024,-341500,-34475570000,101(0.00 %),29800,3008530000,371300,37484100000,74541446,0.0
12/07/2024,-192500,-19431670000,102(0.99 %),13500,1369120000,206000,20800790000,74733946,0.0
15/07/2024,-18800,-1952010000,104.2(2.16 %),33600,3476570000,52400,5428580000,74752746,0.0
16/07/2024,-19800,-2070260000,105.5(1.25 %),17700,1854020000,37500,3924280000,74772546,0.0
17/07/2024,-61200,-6432970000,105.5(0.00 %),18700,1956540000,79900,8389510000,74833746,0.0
18/07/2024,-54900,-5689770000,105.7(0.19 %),105300,11035980000,160200,16725750000,74888646,0.0
19/07/2024,-80900,-8513070000,105.6(-0.09 %),17700,1857880000,98600,10370950000,74969546,0.0
22/07/2024,-20600,-2145050000,105.3(-0.28 %),20900,2197380000,41500,4342430000,74990146,0.0
23/07/2024,31900,3352960000,106(0.66 %),49100,5158220000,17200,1805260000,74958246,0.0
24/07/2024,128600,13780270000,107.9(1.79 %),146100,15655160000,17500,1874890000,74829646,0.0
25/07/2024,-14800,-1588140000,107.9(0.00 %),9700,1040410000,24500,2628550000,74844446,0.0
26/07/2024,-57900,-6192440000,107.8(-0.09 %),16200,1734790000,74100,7927230000,74902346,0.0
29/07/2024,-89300,-9540560000,106.2(-1.48 %),1500,160550000,90800,9701110000,74991646,0.0
30/07/2024,-89300,-9540560000,105.4(-0.75 %),1500,160550000,90800,9701110000,75080946,0.0
31/07/2024,-46300,-4882980000,105.9(0.47 %),5900,623810000,52200,5506790000,75127246,0.0
01/08/2024,-67200,-7080470000,104.2(-1.61 %),72800,7728130000,140000,14808600000,75831420,0.0
02/08/2024,-63500,-6521200000,104.8(0.58 %),10100,1031340000,73600,7552540000,75894920,0.0
05/08/2024,-139100,-14059090000,99.9(-4.68 %),8200,816350000,147300,14875440000,76034020,0.0
06/08/2024,-64500,-6488020000,100.5(0.60 %),25600,2589080000,90100,9077100000,76098520,0.0
07/08/2024,-110600,-10957030000,99.3(-1.19 %),18800,1856620000,129400,12813650000,76209120,0.0
08/08/2024,-91900,-9032550000,99.3(0.00 %),36700,3614750000,128600,12647300000,76301020,0.0
09/08/2024,-55600,-5547420000,100.9(1.61 %),4600,458780000,60200,6006200000,76356620,0.0
12/08/2024,-76400,-7610590000,101.1(0.20 %),21500,2138020000,97900,9748610000,76433020,0.0
13/08/2024,-29400,-2975500000,102.8(1.68 %),35800,3679220000,65200,6654720000,76462420,0.0
14/08/2024,-121500,-12365900000,102.5(-0.29 %),14500,1474950000,136000,13840850000,76583920,0.0
15/08/2024,-80200,-8211300000,102.8(0.29 %),7700,788960000,87900,9000260000,76664120,0.0
16/08/2024,-5000,-503470000,105(2.14 %),15700,1630880000,20700,2134350000,76669120,0.0
19/08/2024,-9100,-953110000,105(0.00 %),23900,2517830000,33000,3470940000,76678220,0.0
20/08/2024,8400,893970000,105.4(0.38 %),34900,3667100000,26500,2773130000,76669820,0.0
21/08/2024,-92900,-9692290000,104.9(-0.47 %),31400,3276920000,124300,12969210000,76762720,0.0
22/08/2024,-63000,-6566410000,104.5(-0.38 %),8900,928560000,71900,7494970000,76825720,0.0
23/08/2024,500,52620000,104.5(0.00 %),34800,3625580000,34300,3572960000,76825220,0.0
26/08/2024,2200,227010000,104.5(0.00 %),34800,3629660000,32600,3402650000,76823020,0.0
27/08/2024,-35600,-3707930000,104(-0.48 %),3800,396090000,39400,4104020000,76858620,0.0
28/08/2024,-49400,-5119780000,103.8(-0.19 %),20500,2126410000,69900,7246190000,76908020,0.0
29/08/2024,15500,1625290000,104.7(0.87 %),54500,5676200000,39000,4050910000,76892520,0.0
30/08/2024,56600,5943700000,105.3(0.57 %),76600,8046100000,20000,2102400000,76835920,0.0
04/09/2024,-26800,-2775320000,104.3(-0.95 %),29000,3009760000,55800,5785080000,90248071,0.0
05/09/2024,-48600,-5035290000,103.8(-0.48 %),14300,1477350000,62900,6512640000,90296671,0.0
06/09/2024,-27000,-2770280000,103.8(0.00 %),58000,6036970000,85000,8807250000,90323671,0.0
09/09/2024,-48600,-4991960000,103(-0.77 %),12200,1250860000,60800,6242820000,90372271,0.0
10/09/2024,59800,6232280000,104.2(1.17 %),86900,9048160000,27100,2815880000,90312471,0.0
11/09/2024,99200,10432060000,105(0.77 %),125900,13227680000,26700,2795620000,90213271,0.0
12/09/2024,-1100,-116810000,105.3(0.29 %),20900,2195980000,22000,2312790000,90214371,0.0
13/09/2024,-5100,-532360000,104.8(-0.47 %),22100,2311060000,27200,2843420000,90219471,0.0
16/09/2024,66400,6938410000,104(-0.76 %),136000,14207540000,69600,7269130000,90153071,0.0
17/09/2024,227500,23675490000,105(0.96 %),261200,27181240000,33700,3505750000,89925571,0.0
18/09/2024,35200,3689160000,105.1(0.10 %),124300,13037450000,89100,9348290000,89890371,0.0
19/09/2024,29500,3094400000,105.1(0.00 %),33700,3535170000,4200,440770000,89860871,0.0
20/09/2024,161500,16989060000,105.2(0.10 %),496500,52230840000,335000,35241780000,89699371,0.0
23/09/2024,3500,366290000,105(-0.19 %),17000,1783010000,13500,1416720000,89695871,0.0
24/09/2024,11700,1228600000,105.1(0.10 %),26000,2729030000,14300,1500430000,89684171,0.0
25/09/2024,2700,272870000,104.6(-0.48 %),88600,9246890000,85900,8974020000,89681471,0.0
26/09/2024,101300,10623110000,105.1(0.48 %),119400,12518050000,18100,1894940000,89580171,0.0
27/09/2024,3000,306350000,105.1(0.00 %),36000,3767280000,33000,3460930000,89577171,0.0
30/09/2024,19600,2050360000,105(-0.10 %),55300,5790230000,35700,3739870000,89557571,0.0
01/10/2024,-13300,-1401370000,105.3(0.29 %),13600,1428380000,26900,2829750000,89580820,0.0
02/10/2024,-27800,-2900280000,105(-0.28 %),2600,270940000,30400,3171220000,89608620,0.0
03/10/2024,-8500,-887500000,105.5(0.48 %),31400,3313210000,39900,4200710000,89617120,0.0
04/10/2024,-7400,-778380000,105.3(-0.19 %),3000,315730000,10400,1094110000,89624520,0.0
07/10/2024,7100,753620000,105(-0.28 %),19400,2036790000,12300,1283170000,89617420,0.0
08/10/2024,17400,1830450000,104.8(-0.19 %),41300,4324130000,23900,2493680000,89600020,0.0
09/10/2024,36100,3790880000,105.6(0.76 %),66800,7010040000,30700,3219160000,89563920,0.0
10/10/2024,138700,14583490000,106(0.38 %),154800,16278350000,16100,1694860000,89425220,0.0
11/10/2024,311500,33793830000,108.9(2.74 %),375400,40752740000,63900,6958910000,89113720,0.0
14/10/2024,-21100,-2264990000,107.3(-1.47 %),12500,1349140000,33600,3614130000,89134820,0.0
15/10/2024,-87600,-9340830000,105.9(-1.30 %),11500,1221560000,99100,10562390000,89222420,0.0
16/10/2024,-156600,-16344780000,105.8(-0.09 %),6400,668890000,163000,17013670000,89379020,0.0
17/10/2024,-166100,-17385550000,105.3(-0.47 %),1600,167580000,167700,17553130000,89545120,0.0
18/10/2024,-72200,-7592670000,106.5(1.14 %),7100,746850000,79300,8339520000,89617320,0.0
21/10/2024,-111200,-11657750000,105.6(-0.85 %),13700,1436300000,124900,13094050000,89728520,0.0
22/10/2024,-99800,-10429440000,104.2(-1.33 %),25300,2648910000,125100,13078350000,89828320,0.0
23/10/2024,-52500,-5475680000,104.4(0.19 %),17700,1847500000,70200,7323180000,89880820,0.0
24/10/2024,-6700,-696980000,104.2(-0.19 %),20100,2086860000,26800,2783840000,89887520,0.0
25/10/2024,-20500,-2126030000,104.2(0.00 %),26800,2780020000,47300,4906050000,89908020,0.0
28/10/2024,-44900,-4641940000,103.6(-0.58 %),10300,1063260000,55200,5705200000,89952920,0.0
29/10/2024,900,95660000,103.9(0.29 %),35400,3667740000,34500,3572080000,89952020,0.0
30/10/2024,-84600,-8744960000,103.9(0.00 %),8900,919670000,93500,9664630000,90036620,0.0
31/10/2024,29700,3134160000,105(1.06 %),75400,7888350000,45700,4754190000,90006920,0.0
01/11/2024,-40200,-4190710000,104.7(-0.29 %),22200,2312900000,62400,6503610000,89958211,0.0
04/11/2024,-26500,-2754540000,104(-0.67 %),33700,3494680000,60200,6249220000,89984711,0.0
05/11/2024,-34800,-3594270000,103.5(-0.48 %),22500,2322600000,57300,5916870000,90019511,0.0
06/11/2024,7500,787250000,104.9(1.35 %),48500,5042270000,41000,4255020000,90012011,0.0
07/11/2024,4200,434480000,104.3(-0.57 %),20100,2098040000,15900,1663560000,90007811,0.0
08/11/2024,-3800,-395420000,104.6(0.29 %),37100,3868590000,40900,4264010000,90011611,0.0
11/11/2024,-5000,-520930000,104.5(-0.10 %),11600,1202960000,16600,1723890000,90016611,0.0
12/11/2024,-2300,-226720000,104.5(0.00 %),23000,2402460000,25300,2629180000,90495615,13.29
13/11/2024,-58900,-6109560000,103.6(-0.86 %),29000,3008840000,87900,9118400000,90077811,0.0
14/11/2024,-50200,-5155950000,103.3(-0.29 %),9300,955670000,59500,6111620000,90128011,0.0
15/11/2024,-59000,-6052600000,103.3(0.00 %),17900,1830260000,76900,7882860000,90187011,0.0
18/11/2024,-61500,-6286420000,101.7(-1.55 %),42300,4309100000,103800,10595520000,90248511,0.0
19/11/2024,-63000,-6352070000,101.7(0.00 %),13800,1391750000,76800,7743820000,90311511,0.0
20/11/2024,-32800,-3291880000,102(0.29 %),52300,5301330000,85100,8593210000,90344311,0.0
21/11/2024,-5200,-549450000,101.7(-0.29 %),65900,6635390000,71100,7184840000,90349511,0.0
22/11/2024,-49200,-4993660000,101.7(0.00 %),35500,3606340000,84700,8600000000,90398711,0.0
25/11/2024,148600,15210660000,102.8(1.08 %),245800,25141990000,97200,9931330000,90210913,13.34
26/11/2024,-17100,-1749140000,103.2(0.39 %),101500,10431000000,118600,12180140000,90183213,13.35
27/11/2024,-46300,-4747060000,102.4(-0.78 %),18300,1880330000,64600,6627390000,90252113,13.34
28/11/2024,-45600,-4674980000,102.2(-0.20 %),23300,2388830000,68900,7063810000,90342483,13.32
29/11/2024,-141300,-14249780000,102.4(0.20 %),18600,1888200000,159900,16137980000,90388483,13.31
02/12/2024,1200,124130000,102.3(-0.10 %),24200,2466450000,23000,2342320000,90433183,13.3
03/12/2024,-22100,-2244220000,101.5(-0.78 %),29800,3026940000,51900,5271160000,90563381,13.28
04/12/2024,-19100,-1930660000,101.4(-0.10 %),35100,3537670000,54200,5468330000,90563281,13.28
05/12/2024,-17900,-1824520000,103(1.58 %),48700,4956370000,66600,6780890000,90572492,13.28
09/12/2024,31200,3198700000,102.7(-0.10 %),45900,4702460000,14700,1503760000,90592784,13.27
10/12/2024,3700,373100000,102.6(-0.10 %),64300,6565160000,60600,6192060000,90570384,13.28
16/12/2024,-9300,-958300000,102(-0.39 %),57400,5831930000,66700,6790230000,90502408,13.29
17/12/2024,-104000,-10539190000,101.6(-0.39 %),22500,2280700000,126500,12819890000,90552705,13.28
18/12/2024,-156400,-15772260000,100.7(-0.89 %),6500,655390000,162900,16427650000,90613036,13.27
19/12/2024,-370900,-36843240000,100(-0.70 %),2000,198210000,372900,37041450000,90737759,13.25
20/12/2024,-245000,-24337320000,99.2(-0.80 %),36500,3632150000,281500,27969470000,90864159,13.22
24/12/2024,0,0,101(0.40 %),0,0,0,0,91387594,13.13
25/12/2024,84000,8493430000,102(0.99 %),94100,9519970000,10100,1026540000,91308394,13.14
26/12/2024,-33500,-3400030000,101.5(-0.49 %),4100,415640000,37600,3815670000,91344492,13.13
27/12/2024,-17400,-1759970000,101.2(-0.30 %),17500,1774390000,34900,3534360000,91327082,13.14
30/12/2024,-10100,-1014200000,100.1(-1.09 %),25700,2571360000,35800,3585560000,91333982,13.14
31/12/2024,-40000,-3999790000,100(-0.10 %),6100,610300000,46100,4610090000,91362782,13.13
02/01/2025,-73400,-7305050000,99.9(-0.10 %),9000,897220000,82400,8202270000,91389632,13.13
03/01/2025,-50200,-4988700000,99.5(-0.40 %),22000,2186180000,72200,7174880000,91413732,13.12
06/01/2025,700,70290000,99.7(0.20 %),36300,3611720000,35600,3541430000,91464632,13.11
07/01/2025,-47400,-4705810000,99.5(-0.20 %),38700,3839680000,86100,8545490000,91464632,13.11
08/01/2025,-44900,-4429380000,99.4(-0.10 %),43600,4321790000,88500,8751170000,91480176,13.11
09/01/2025,-31600,-3131660000,99.3(-0.10 %),16300,1613950000,47900,4745610000,91550020,13.1
10/01/2025,-111000,-10986090000,98.6(-0.70 %),46200,4587760000,157200,15573850000,91602026,13.09
13/01/2025,-49300,-4855660000,98.6(0.00 %),38600,3804050000,87900,8659710000,91611326,13.09
14/01/2025,-32700,-3212690000,98.5(-0.10 %),26200,2571150000,58900,5783840000,91732326,13.06
15/01/2025,10300,1018780000,98.7(0.20 %),28500,2818050000,18200,1799270000,91786726,13.05
16/01/2025,-5500,-536610000,98.9(0.20 %),66600,6542730000,72100,7079340000,91792226,0.0
17/01/2025,73100,7220190000,99(0.10 %),120300,11880270000,47200,4660080000,91676926,13.07
20/01/2025,10100,999270000,98.8(-0.20 %),48700,4800620000,38600,3801350000,91700346,13.07
21/01/2025,28200,2809960000,98.8(0.00 %),77700,7679120000,49500,4869160000,91669846,13.07
22/01/2025,4300,428230000,98.8(0.00 %),38500,3798080000,34200,3369850000,91670030,13.07
23/01/2025,-9300,-922930000,99(0.20 %),30100,2981800000,39400,3904730000,91689430,13.07
24/01/2025,-61600,-6073240000,99.8(0.81 %),20100,1986240000,81700,8059480000,91703530,13.07
03/02/2025,-42800,-4217000000,0(0.00 %),9700,955810000,52500,5172810000,91733282,13.06
04/02/2025,-26600,-2617530000,98.2(-0.61 %),8200,805100000,34800,3422630000,91806862,13.05
05/02/2025,-104400,-10220880000,97.7(-0.51 %),12200,1197590000,116600,11418470000,91847162,13.04
06/02/2025,3200,309780000,98(0.31 %),17300,1691790000,14100,1382010000,91839698,13.04
07/02/2025,-14700,-1439730000,98.1(0.10 %),18000,1759610000,32700,3199340000,91938298,13.03
10/02/2025,-11300,-1096860000,96.8(-1.33 %),2500,242700000,13800,1339560000,91949898,13.02
11/02/2025,-231400,-22123160000,96.5(-0.31 %),23100,2224280000,254500,24347440000,91949502,13.02
12/02/2025,-35600,-3435470000,96.1(-0.41 %),19200,1846260000,54800,5281730000,91934142,13.03
13/02/2025,15900,1528650000,96.2(0.10 %),27800,2669070000,11900,1140420000,92154799,12.99
14/02/2025,-27900,-2696800000,96.7(0.52 %),16000,1543200000,43900,4240000000,92193654,12.98
17/02/2025,18200,1765260000,97.5(0.83 %),21500,2084530000,3300,319270000,92174124,12.98
18/02/2025,0,-150000,97.4(-0.10 %),29800,2893940000,29800,2894090000,92194224,12.98
19/02/2025,-8200,-799200000,97.4(0.00 %),14000,1358840000,22200,2158040000,92178524,12.98
20/02/2025,-16000,-1553310000,96.9(-0.51 %),13100,1270520000,29100,2823830000,92195309,12.98
21/02/2025,-40400,-3895320000,96.6(-0.31 %),4700,452890000,45100,4348210000,92212809,12.97
24/02/2025,-119500,-11469460000,96.6(0.00 %),15800,1518840000,135300,12988300000,92226109,12.97
25/02/2025,-120900,-11632790000,96.1(-0.52 %),29000,2788500000,149900,14421290000,92239209,12.97
26/02/2025,30000,2907900000,97.1(1.04 %),62500,6036600000,32500,3128700000,92311982,12.96
27/02/2025,-16900,-1630370000,96.9(-0.21 %),28200,2725420000,45100,4355790000,92428629,12.93
28/02/2025,-87300,-8392020000,96(-0.93 %),3000,288360000,90300,8680380000,92458129,12.93
03/03/2025,61900,5985280000,96.9(0.94 %),64400,6226580000,2500,241300000,92438829,12.93
04/03/2025,-8100,-779220000,96.8(-0.10 %),50500,4870480000,58600,5649700000,92478643,12.93
05/03/2025,-15400,-1482470000,96.4(-0.41 %),19100,1838650000,34500,3321120000,92462133,12.93
06/03/2025,-13300,-1283340000,96.5(0.10 %),25900,2497550000,39200,3780890000,92494882,12.92
07/03/2025,-54800,-5274300000,97(0.52 %),19900,1916200000,74700,7190500000,92509535,12.92
10/03/2025,27700,2702360000,97.7(0.72 %),61900,6038040000,34200,3335680000,92486835,12.92
11/03/2025,-29700,-2891910000,97.7(0.00 %),34900,3402750000,64600,6294660000,92486835,12.92
12/03/2025,-3800,-367080000,97.4(-0.31 %),23800,2317360000,27600,2684440000,92536985,12.91
13/03/2025,-77600,-7520330000,97.3(-0.10 %),8100,783580000,85700,8303910000,92593487,12.9
14/03/2025,38700,3764830000,98.6(1.34 %),101400,9928640000,62700,6163810000,92519684,12.92
17/03/2025,-55100,-5452180000,99.1(0.51 %),1500,148850000,56600,5601030000,92603884,12.9
18/03/2025,-59200,-5792830000,98.4(-0.71 %),3100,304390000,62300,6097220000,92663534,12.89
19/03/2025,-90200,-8809120000,97.8(-0.61 %),49400,4823200000,139600,13632320000,92670734,12.89
20/03/2025,-68000,-6579750000,96.2(-1.64 %),8600,830640000,76600,7410390000,92721834,12.88
21/03/2025,-109100,-10538020000,96.6(0.42 %),3600,348980000,112700,10887000000,92853034,12.86
24/03/2025,-54300,-5204120000,96.6(0.00 %),9100,873200000,63400,6077320000,92921254,12.84
25/03/2025,-22600,-2180210000,96.7(0.10 %),26900,2598240000,49500,4778450000,92999425,12.83
26/03/2025,32300,3152490000,96.7(0.00 %),67300,6530850000,35000,3378360000,92996115,12.83
27/03/2025,-25000,-2403990000,96.5(-0.21 %),1700,163310000,26700,2567300000,93034115,12.82
28/03/2025,-92100,-8794580000,96(-0.52 %),16800,1606530000,108900,10401110000,93047325,12.82
31/03/2025,-52100,-4949830000,95(-1.04 %),23200,2203640000,75300,7153470000,93051125,12.82
01/04/2025,-10200,-965670000,95.2(0.21 %),62000,5876800000,72200,6842470000,93099325,12.81
02/04/2025,-46000,-4364000000,95(-0.21 %),800,75740000,46800,4439740000,93164375,12.8
03/04/2025,-92700,-8552080000,88.4(-6.95 %),14600,1331980000,107300,9884060000,93222296,12.79
04/04/2025,-361700,-31173250000,86.3(-2.38 %),130400,11267920000,492100,42441170000,93129041,12.81
08/04/2025,-34800,-2816300000,82.6(-4.29 %),23900,1976810000,58700,4793110000,93196434,12.79
09/04/2025,-17700,-1393400000,79.1(-4.24 %),119800,9475610000,137500,10869010000,93554794,12.73
10/04/2025,-5100,-431460000,84.6(6.95 %),0,0,5100,431460000,93589794,12.72
11/04/2025,-404300,-34536740000,85.4(0.95 %),33800,2905070000,438100,37441810000,93693491,12.7
14/04/2025,-78700,-6691630000,85.5(0.12 %),18300,1560050000,97000,8251680000,93680254,12.7
15/04/2025,-29200,-2395380000,83.3(-2.57 %),53900,4543510000,83100,6938890000,94064404,12.63
16/04/2025,-3200,-282850000,85.4(2.52 %),43800,3699240000,47000,3982090000,94117599,12.62
17/04/2025,-36600,-3384580000,88(3.04 %),216600,18623790000,253200,22008370000,93984100,12.65
18/04/2025,-50800,-4421680000,86.5(-1.70 %),14800,1298220000,65600,5719900000,94016300,12.64
21/04/2025,-111300,-9446770000,84(-2.89 %),15600,1358110000,126900,10804880000,94253900,12.6
22/04/2025,-238500,-19799220000,83.5(-0.60 %),55400,4536230000,293900,24335450000,94264039,12.6
23/04/2025,-6200,-540040000,85.7(2.63 %),52600,4499380000,58800,5039420000,94341339,12.58
24/04/2025,23600,1980660000,85.7(0.00 %),56800,4808190000,33200,2827530000,94578449,12.54
25/04/2025,131600,11689650000,91(6.18 %),168200,14907630000,36600,3217980000,94469049,12.56
28/04/2025,-10300,-898770000,89.1(-2.09 %),26800,2367510000,37100,3266280000,94475449,12.56
29/04/2025,-343200,-29857630000,86(-3.48 %),17900,1550670000,361100,31408300000,94494149,12.55
05/05/2025,97300,4229758000,89.6(4.19 %),97300,8529280000,0,4299522000,94481449,12.56
06/05/2025,-23600,-2095470000,89(-0.67 %),9200,816820000,32800,2912290000,94902557,12.48
07/05/2025,-2400,-219210000,88.9(-0.11 %),20700,1831690000,23100,2050900000,94902557,12.48
08/05/2025,-50400,-4467310000,89.8(1.01 %),5700,507110000,56100,4974420000,94926185,12.47
09/05/2025,42300,3759720000,89.5(-0.33 %),49100,4368940000,6800,609220000,94886285,12.48
12/05/2025,-600,-54510000,90.4(1.01 %),8400,753060000,9000,807570000,94936685,12.47
13/05/2025,11100,995920000,90.5(0.11 %),26900,2420640000,15800,1424720000,94925596,12.47
14/05/2025,-74300,-6732880000,93(2.76 %),52300,4693920000,126600,11426800000,94926196,12.47
15/05/2025,36400,-27781103900,91(-2.15 %),36400,3311120000,0,31092223900,94926196,12.47
16/05/2025,29100,-10234470000,90(-1.10 %),29100,2619110000,0,12853580000,95000425,12.46
19/05/2025,36200,-6385700000,88(-2.22 %),36200,3220410000,0,9606110000,95305201,12.4
20/05/2025,34300,-11544040000,88.3(0.34 %),34300,2993790000,0,14537830000,95418801,12.38
21/05/2025,82700,-6209817200,88.3(0.00 %),82700,7258530000,0,13468347200,95490931,12.37
22/05/2025,42300,-12461450000,87.2(-1.25 %),42300,3706310000,0,16167760000,95622531,12.34
23/05/2025,-114800,-10033700000,87.8(0.69 %),28000,2445280000,142800,12478980000,95692941,12.33
26/05/2025,28300,-9052166000,87.8(0.00 %),28300,2457140000,0,11509306000,95834941,12.31
27/05/2025,-59000,-5190880000,88.4(0.68 %),77000,6778890000,136000,11969770000,95949721,12.28
28/05/2025,33150,-7718240000,88(-0.45 %),33150,2917780000,0,10636020000,96053441,12.27
29/05/2025,16800,-7346090000,87.5(-0.57 %),16800,1470050000,0,8816140000,96112473,12.25
30/05/2025,13700,-8297980000,87(-0.57 %),13700,1190830000,0,9488810000,96200123,12.24
02/06/2025,168300,4587190000,89.5(2.87 %),168300,14840030000,0,10252840000,96232223,12.23
03/06/2025,46900,-8611157500,89.8(0.34 %),46900,4204640000,0,12815797500,96327623,12.21
04/06/2025,306034,12620481000,91.8(2.23 %),306034,27957981000,0,15337500000,96188789,12.24
05/06/2025,30100,-10017940000,91.3(-0.54 %),30100,2757820000,0,12775760000,96285449,12.22
06/06/2025,19500,-22089110000,90(-1.42 %),19500,1746880000,0,23835990000,96285449,12.22
09/06/2025,11810,-21105940000,88.8(-1.33 %),11810,1045090000,0,22151030000,96394849,12.2
10/06/2025,32700,-8619490000,89(0.23 %),32700,2912550000,0,11532040000,96640749,12.16
11/06/2025,-150900,-13285370000,87.6(-1.57 %),3600,316830000,154500,13602200000,96879139,12.11
12/06/2025,-134600,-11908760000,88.9(1.48 %),2000,176550000,136600,12085310000,96975939,12.09
13/06/2025,-245800,-21458110000,88(-1.01 %),19100,1672000000,264900,23130110000,97126841,12.07
16/06/2025,-185200,-16136870000,87.8(-0.23 %),7700,670710000,192900,16807580000,97261441,12.04
17/06/2025,-108200,-9457320000,87.7(-0.11 %),9200,803320000,117400,10260640000,97509741,12.0
18/06/2025,-28800,-2523010000,87.7(0.00 %),90400,7926740000,119200,10449750000,97694941,11.96
19/06/2025,-229600,-20125080000,88.5(0.91 %),29300,2573560000,258900,22698640000,97803143,11.94
20/06/2025,128700,11453660000,88.7(0.23 %),285400,25304120000,156700,13850460000,97703243,11.96
23/06/2025,-129100,-11277240000,87.5(-1.35 %),500,43620000,129600,11320860000,97932851,11.92
24/06/2025,-11700,-1004630000,88.1(0.69 %),125000,10988430000,136700,11993060000,97932851,11.92
25/06/2025,-21500,-1840560000,87.1(-1.14 %),90300,7948850000,111800,9789410000,98059970,11.89
26/06/2025,-61600,-5373990000,87.1(0.00 %),31000,2704600000,92600,8078590000,98071746,11.89
27/06/2025,-114800,-10023480000,87.2(0.11 %),45000,3929970000,159800,13953450000,98093246,11.89
30/06/2025,-179,68138,88.1(1.03 %),871,1161568,1050,1093430,98013746,11.9
01/07/2025,459200,41386440000,90.5(2.72 %),487000,43889560000,27800,2503120000,98128546,11.88
02/07/2025,5800,528760000,90.2(-0.33 %),29100,2629060000,23300,2100300000,98122746,11.88
03/07/2025,-39800,-3484670000,89(-1.33 %),52000,4648660000,91800,8133330000,102053546,11.16
04/07/2025,-100600,-8920110000,89.8(0.90 %),73000,6520380000,173600,15440490000,102053546,11.16
07/07/2025,-56400,-5067640000,90(0.22 %),26000,2316110000,82400,7383750000,102095046,11.15
08/07/2025,607800,55649510000,95(5.56 %),670900,61583530000,63100,5934020000,101587896,11.24
09/07/2025,99900,9481050000,94(-1.05 %),266800,25268440000,166900,15787390000,101544260,11.25
10/07/2025,-3300,-280030000,96(2.13 %),96600,9185720000,99900,9465750000,101544260,11.25
11/07/2025,105500,10322700000,100(4.17 %),286500,28172240000,181000,17849540000,101438740,11.27
14/07/2025,3100,359220000,99(-1.00 %),188400,18702610000,185300,18343390000,101439010,11.27
15/07/2025,-108100,-10611000000,97.5(-1.52 %),120000,11881480000,228100,22492480000,101439010,11.27
16/07/2025,98100,9456240000,96(-1.54 %),169900,16373530000,71800,6917290000,101348360,11.29
17/07/2025,-160500,-15505800000,94.3(-1.77 %),63000,6039190000,223500,21544990000,101348360,11.29
18/07/2025,96300,9118080000,93.3(-1.06 %),194700,18338800000,98400,9220720000,101345960,11.29
21/07/2025,147600,14025020000,95.1(1.93 %),197000,18730790000,49400,4705770000,101357660,11.29
22/07/2025,270600,26197550000,101.7(6.94 %),382500,37458720000,111900,11261170000,101357660,11.29
23/07/2025,189300,20582440000,108.8(6.98 %),377000,41003440000,187700,20421000000,101167928,11.32
24/07/2025,131100,14894170000,114(4.78 %),540800,60974940000,409700,46080770000,120818112,7.69
25/07/2025,821900,94721540000,121.9(6.93 %),1001200,115883220000,179300,21161680000,119996269,7.84
28/07/2025,-53100,-6611890000,127(4.18 %),569400,72484660000,622500,79096550000,119979969,7.85
29/07/2025,56700,6903200000,118.3(-6.85 %),386600,47605860000,329900,40702660000,119922409,7.86
30/07/2025,76400,9254470000,118.7(0.34 %),373300,44838110000,296900,35583640000,119899223,7.86
31/07/2025,48100,5263590000,121.2(2.11 %),303100,35564080000,255000,30300490000,119851396,7.87
01/08/2025,-38700,-4672570000,119(-1.82 %),212400,25165710000,251100,29838280000,119851396,7.87
04/08/2025,-72300,-9962880000,127.3(6.97 %),306200,36968200000,378500,46931080000,119851396,7.87
05/08/2025,32300,3721490000,127.3(0.00 %),849600,109075000000,817300,105353510000,119857932,7.87
06/08/2025,31200,3911300000,129(1.34 %),323300,41069400000,292100,37158100000,119899224,7.86
07/08/2025,134200,16941680000,127.7(-1.01 %),336900,42730080000,202700,25788400000,119760424,7.89
08/08/2025,-333200,-41268780000,121.5(-4.86 %),64100,7924800000,397300,49193580000,119760424,7.89
11/08/2025,-24600,-3000390000,124(2.06 %),79900,9837980000,104500,12838370000,119759624,7.89
12/08/2025,279000,35054670000,127(2.42 %),415600,52441150000,136600,17386480000,119811762,7.88
13/08/2025,35400,4318020000,127.4(0.31 %),144300,18067970000,108900,13749950000,119800925,7.88
14/08/2025,-148200,-19807190000,0(0.00 %),263600,34957010000,411800,54764200000,118114328,8.19
15/08/2025,-495800,-69125630000,145.6(6.82 %),69700,9595190000,565500,78720820000,118114328,8.19
18/08/2025,-163200,-23303690000,142.4(-2.20 %),80300,11384670000,243500,34688360000,118114328,8.19
19/08/2025,-309900,-45727390000,146(2.53 %),80500,12078520000,390400,57805910000,118610099,8.1
20/08/2025,-108100,-15583740000,143.8(-1.51 %),41600,5796640000,149700,21380380000,118760804,8.07
21/08/2025,-45900,-6600980000,145.8(1.39 %),38300,5399870000,84200,12000850000,119069074,8.02
22/08/2025,-43100,-6008530000,140(-3.98 %),59200,8327250000,102300,14335780000,119069074,8.02
25/08/2025,8000,1202470000,142.5(1.79 %),136700,19449770000,128700,18247300000,119177204,8.0
26/08/2025,-37800,-5424770000,0(-100.00 %),25300,3631750000,63100,9056520000,119244175,7.98
