Ngay,KLGDRong,GTDGRong,ThayDoi,KLMua,GtMua,KLBan,GtBan,RoomConLai,DangSoHuu
23/11/2006,80,5640,0(0.00 %),80,5640,0,0,0,0.0
27/11/2006,4240,328555,0(0.00 %),4240,328555,0,0,0,0.0
28/11/2006,13250,1073250,0(0.00 %),13250,1073250,0,0,0,0.0
29/11/2006,6600,559250,0(0.00 %),6600,559250,0,0,0,0.0
30/11/2006,1610,129725,0(0.00 %),1610,129725,0,0,0,0.0
01/12/2006,4540,363200,0(0.00 %),4540,363200,0,0,0,0.0
04/12/2006,900,73800,0(0.00 %),900,73800,0,0,0,0.0
05/12/2006,6200,490050,0(0.00 %),6200,490050,0,0,0,0.0
06/12/2006,211720,17396120,0(0.00 %),212020,17420570,300,24450,0,0.0
07/12/2006,242220,21073140,0(0.00 %),242520,21099240,300,26100,0,0.0
11/12/2006,87530,8360500,0(0.00 %),91530,8740500,4000,380000,0,0.0
12/12/2006,64400,6338000,0(0.00 %),64400,6338000,0,0,0,0.0
13/12/2006,144300,14222700,0(0.00 %),144300,14222700,0,0,0,0.0
14/12/2006,179750,17661850,0(0.00 %),182750,17955850,3000,294000,0,0.0
15/12/2006,135100,13374900,0(0.00 %),135100,13374900,0,0,0,0.0
18/12/2006,133400,12672900,0(0.00 %),135400,12862900,2000,190000,0,0.0
19/12/2006,200,18800,0(0.00 %),200,18800,0,0,0,0.0
20/12/2006,75000,6960450,0(0.00 %),77000,7147450,2000,187000,0,0.0
21/12/2006,1550,136925,0(0.00 %),1550,136925,0,0,0,0.0
22/12/2006,250,20875,0(0.00 %),250,20875,0,0,0,0.0
25/12/2006,1200,95900,0(0.00 %),1200,95900,0,0,0,0.0
26/12/2006,-200,-18000,0(0.00 %),0,0,200,18000,0,0.0
27/12/2006,100,9100,0(0.00 %),100,9100,0,0,0,0.0
28/12/2006,350,30975,0(0.00 %),350,30975,0,0,0,0.0
01/03/2007,175060,30065470000,0(0.00 %),176400,30291930000,1340,226460000,0,0.0
02/03/2007,129370,18658770000,0(0.00 %),129370,18658770000,0,0,0,0.0
05/03/2007,143380,22080520000,0(0.00 %),146030,22488620000,2650,408100000,0,0.0
06/03/2007,-6160,-859640000,0(0.00 %),36740,5696110000,42900,6555750000,0,0.0
07/03/2007,-18210,-2688420000,0(0.00 %),2990,448500000,21200,3136920000,0,0.0
08/03/2007,22560,3385990000,0(0.00 %),23490,3522700000,930,136710000,0,0.0
09/03/2007,6270,922190000,0(0.00 %),10770,1583990000,4500,661800000,0,0.0
12/03/2007,79460,12465890000,0(0.00 %),109460,16905890000,30000,4440000000,0,0.0
13/03/2007,70180,10383640000,0(0.00 %),70280,10398440000,100,14800000,0,0.0
14/03/2007,7350,1065750000,0(0.00 %),7350,1065750000,0,0,0,0.0
15/03/2007,-30380,-4280220000,0(0.00 %),100,14000000,30480,4294220000,0,0.0
16/03/2007,5230,769840000,0(0.00 %),5230,769840000,0,0,0,0.0
19/03/2007,-9740,-1341000000,0(0.00 %),40260,6239000000,50000,7580000000,0,0.0
20/03/2007,32470,5000460000,0(0.00 %),77810,11593200000,45340,6592740000,0,0.0
21/03/2007,-14650,-2120230000,0(0.00 %),18240,2626560000,32890,4746790000,0,0.0
22/03/2007,-17040,-2426610000,0(0.00 %),2960,423090000,20000,2849700000,0,0.0
23/03/2007,10500,1557420000,0(0.00 %),41500,5931420000,31000,4374000000,0,0.0
26/03/2007,117050,16901220000,0(0.00 %),117050,16901220000,0,0,0,0.0
27/03/2007,41280,5845700000,0(0.00 %),42580,6023800000,1300,178100000,0,0.0
28/03/2007,-4490,-604390000,0(0.00 %),760,99560000,5250,703950000,0,0.0
29/03/2007,27570,3887370000,0(0.00 %),27770,3915570000,200,28200000,0,0.0
30/03/2007,63330,9073070000,0(0.00 %),64940,9303300000,1610,230230000,0,0.0
02/04/2007,68670,9774810000,0(0.00 %),68670,9774810000,0,0,0,0.0
03/04/2007,72970,10404270000,0(0.00 %),72970,10404270000,0,0,0,0.0
04/04/2007,57210,8036410000,0(0.00 %),57210,8036410000,0,0,0,0.0
05/04/2007,97040,13850720000,0(0.00 %),97040,13850720000,0,0,0,0.0
06/04/2007,40,5520000,0(0.00 %),40,5520000,0,0,0,0.0
09/04/2007,45000,6344650000,0(0.00 %),45000,6344650000,0,0,0,0.0
10/04/2007,93350,13158250000,0(0.00 %),93350,13158250000,0,0,0,0.0
11/04/2007,-6560,-902560000,0(0.00 %),3440,477440000,10000,1380000000,0,0.0
12/04/2007,53090,7415240000,0(0.00 %),53090,7415240000,0,0,0,0.0
13/04/2007,87230,12124970000,0(0.00 %),87230,12124970000,0,0,0,0.0
16/04/2007,158780,22125070000,0(0.00 %),158780,22125070000,0,0,0,0.0
17/04/2007,-27810,-3793480000,0(0.00 %),4600,619800000,32410,4413280000,0,0.0
18/04/2007,59640,8330830000,0(0.00 %),62400,8717000000,2760,386170000,0,0.0
19/04/2007,66580,9313580000,0(0.00 %),67120,9388760000,540,75180000,0,0.0
20/04/2007,-68890,-9305170000,0(0.00 %),10050,1405180000,78940,10710350000,0,0.0
23/04/2007,-23920,-3181360000,0(0.00 %),1330,176890000,25250,3358250000,0,0.0
24/04/2007,-17270,-2268770000,0(0.00 %),2560,338680000,19830,2607450000,0,0.0
25/04/2007,-16500,-2145120000,0(0.00 %),1580,205280000,18080,2350400000,0,0.0
02/05/2007,53130,7137250000,0(0.00 %),77510,10399180000,24380,3261930000,0,0.0
03/05/2007,46810,6178920000,0(0.00 %),79690,10519080000,32880,4340160000,0,0.0
04/05/2007,17850,2316490000,0(0.00 %),37580,4888000000,19730,2571510000,0,0.0
07/05/2007,69580,9203380000,0(0.00 %),69980,9256580000,400,53200000,0,0.0
08/05/2007,77900,10620820000,0(0.00 %),78400,10688320000,500,67500000,0,0.0
09/05/2007,56510,7741870000,0(0.00 %),56510,7741870000,0,0,0,0.0
10/05/2007,43900,5955200000,0(0.00 %),43900,5955200000,0,0,0,0.0
11/05/2007,42500,5737500000,0(0.00 %),42500,5737500000,0,0,0,0.0
14/05/2007,58940,8015840000,0(0.00 %),59300,8064800000,360,48960000,0,0.0
15/05/2007,25740,3508210000,0(0.00 %),25740,3508210000,0,0,0,0.0
16/05/2007,44750,6131510000,0(0.00 %),45500,6233510000,750,102000000,0,0.0
17/05/2007,70290,9605740000,0(0.00 %),70290,9605740000,0,0,0,0.0
18/05/2007,62420,8519900000,0(0.00 %),62420,8519900000,0,0,0,0.0
21/05/2007,117770,16231960000,0(0.00 %),117770,16231960000,0,0,0,0.0
22/05/2007,67540,9558520000,0(0.00 %),68540,9702520000,1000,144000000,0,0.0
23/05/2007,13050,1970550000,0(0.00 %),15580,2352580000,2530,382030000,0,0.0
24/05/2007,39710,5856700000,0(0.00 %),39710,5856700000,0,0,0,0.0
25/05/2007,35330,5250230000,0(0.00 %),76870,11439690000,41540,6189460000,0,0.0
28/05/2007,94400,14259810000,0(0.00 %),104940,15851350000,10540,1591540000,0,0.0
29/05/2007,6940,1010790000,0(0.00 %),48000,7146300000,41060,6135510000,0,0.0
30/05/2007,3750,543150000,0(0.00 %),3750,543150000,0,0,0,0.0
31/05/2007,86090,12800000000,0(0.00 %),90580,13468740000,4490,668740000,0,0.0
01/06/2007,90280,13248240000,0(0.00 %),90280,13248240000,0,0,0,0.0
04/06/2007,5920,838520000,0(0.00 %),5920,838520000,0,0,0,0.0
05/06/2007,46300,6558640000,0(0.00 %),46300,6558640000,0,0,0,0.0
06/06/2007,17700,2546750000,0(0.00 %),17700,2546750000,0,0,0,0.0
07/06/2007,21180,3011850000,0(0.00 %),28670,4070440000,7490,1058590000,0,0.0
08/06/2007,12980,1826210000,0(0.00 %),17080,2401570000,4100,575360000,0,0.0
11/06/2007,48450,6792820000,0(0.00 %),48870,6852040000,420,59220000,0,0.0
12/06/2007,60550,8594680000,0(0.00 %),62240,8832970000,1690,238290000,0,0.0
13/06/2007,34050,4844500000,0(0.00 %),41350,5881110000,7300,1036610000,0,0.0
14/06/2007,41110,5837620000,0(0.00 %),41970,5959740000,860,122120000,0,0.0
15/06/2007,60100,8622630000,0(0.00 %),60400,8665530000,300,42900000,0,0.0
18/06/2007,39550,5631080000,0(0.00 %),68120,9685520000,28570,4054440000,0,0.0
19/06/2007,65870,9287670000,0(0.00 %),65870,9287670000,0,0,0,0.0
20/06/2007,51300,7233300000,0(0.00 %),51300,7233300000,0,0,0,0.0
21/06/2007,75740,9501750000,0(0.00 %),83990,10549500000,8250,1047750000,0,0.0
22/06/2007,119640,14914080000,0(0.00 %),119640,14914080000,0,0,0,0.0
25/06/2007,72720,9090000000,0(0.00 %),80550,10068750000,7830,978750000,0,0.0
26/06/2007,20710,2547330000,0(0.00 %),22420,2757660000,1710,210330000,0,0.0
27/06/2007,2940,357400000,0(0.00 %),2940,357400000,0,0,0,0.0
28/06/2007,39560,4724940000,0(0.00 %),52050,6216250000,12490,1491310000,0,0.0
29/06/2007,45400,5434350000,0(0.00 %),49580,5932010000,4180,497660000,0,0.0
02/07/2007,16760,1981500000,0(0.00 %),29560,3509100000,12800,1527600000,0,0.0
03/07/2007,68850,8264030000,0(0.00 %),69140,8296800000,290,32770000,0,0.0
04/07/2007,-2280,-280000000,0(0.00 %),50600,6123200000,52880,6403200000,0,0.0
05/07/2007,92520,11472480000,0(0.00 %),95620,11856880000,3100,384400000,0,0.0
06/07/2007,65580,8342880000,0(0.00 %),68680,8739680000,3100,396800000,0,0.0
09/07/2007,36490,4634230000,0(0.00 %),50560,6421120000,14070,1786890000,0,0.0
10/07/2007,72150,9189360000,0(0.00 %),76780,9782000000,4630,592640000,0,0.0
11/07/2007,59210,7678400000,0(0.00 %),60310,7822300000,1100,143900000,0,0.0
12/07/2007,11790,1530130000,0(0.00 %),17310,2246220000,5520,716090000,0,0.0
13/07/2007,7560,967680000,0(0.00 %),11790,1509120000,4230,541440000,0,0.0
16/07/2007,1170,146650000,0(0.00 %),1170,146650000,0,0,0,0.0
17/07/2007,12100,1541640000,0(0.00 %),12300,1567240000,200,25600000,0,0.0
18/07/2007,8130,1029180000,0(0.00 %),10300,1304770000,2170,275590000,0,0.0
19/07/2007,3850,484810000,0(0.00 %),5360,673560000,1510,188750000,0,0.0
20/07/2007,-3330,-405060000,0(0.00 %),700,86900000,4030,491960000,0,0.0
23/07/2007,65250,8351400000,0(0.00 %),65350,8364200000,100,12800000,0,0.0
24/07/2007,7840,1003520000,0(0.00 %),7840,1003520000,0,0,0,0.0
25/07/2007,44830,5730350000,0(0.00 %),50270,6426330000,5440,695980000,0,0.0
26/07/2007,34780,4467670000,0(0.00 %),34780,4467670000,0,0,0,0.0
27/07/2007,-14960,-1888960000,0(0.00 %),6100,763900000,21060,2652860000,0,0.0
30/07/2007,-17960,-2202700000,0(0.00 %),10110,1282770000,28070,3485470000,0,0.0
31/07/2007,39690,5024030000,0(0.00 %),78350,9903050000,38660,4879020000,0,0.0
01/08/2007,21160,2694280000,0(0.00 %),32520,4102920000,11360,1408640000,0,0.0
02/08/2007,35060,4451620000,0(0.00 %),47230,5997210000,12170,1545590000,0,0.0
03/08/2007,42060,5328070000,0(0.00 %),42560,5390570000,500,62500000,0,0.0
06/08/2007,740,93240000,0(0.00 %),1600,201600000,860,108360000,0,0.0
07/08/2007,69250,8892930000,0(0.00 %),69350,8905930000,100,13000000,0,0.0
08/08/2007,81950,10720490000,0(0.00 %),86950,11370490000,5000,650000000,0,0.0
09/08/2007,38720,5189690000,0(0.00 %),58720,7924690000,20000,2735000000,0,0.0
10/08/2007,91290,12992420000,0(0.00 %),142110,20215780000,50820,7223360000,0,0.0
13/08/2007,4080,561990000,0(0.00 %),16180,2252300000,12100,1690310000,0,0.0
14/08/2007,12190,1714450000,0(0.00 %),30350,4237380000,18160,2522930000,0,0.0
15/08/2007,26920,3755360000,0(0.00 %),36580,5098100000,9660,1342740000,0,0.0
16/08/2007,8370,1156170000,0(0.00 %),14870,2056670000,6500,900500000,0,0.0
17/08/2007,12040,1673420000,0(0.00 %),20550,2817240000,8510,1143820000,0,0.0
20/08/2007,17770,2667170000,0(0.00 %),50890,7185470000,33120,4518300000,0,0.0
21/08/2007,4000,559700000,0(0.00 %),15500,2169700000,11500,1610000000,0,0.0
22/08/2007,18270,2547590000,0(0.00 %),29210,4074190000,10940,1526600000,0,0.0
23/08/2007,5000,693440000,0(0.00 %),10000,1388440000,5000,695000000,0,0.0
24/08/2007,34930,4834900000,0(0.00 %),36530,5058900000,1600,224000000,0,0.0
27/08/2007,36000,5037700000,0(0.00 %),41000,5737700000,5000,700000000,0,0.0
28/08/2007,9940,1324860000,0(0.00 %),15500,2094100000,5560,769240000,0,0.0
29/08/2007,-4500,-572370000,0(0.00 %),25500,3416000000,30000,3988370000,0,0.0
30/08/2007,11490,1605460000,0(0.00 %),31740,4328610000,20250,2723150000,0,0.0
31/08/2007,51380,7070360000,0(0.00 %),53140,7315000000,1760,244640000,0,0.0
04/09/2007,43320,6027830000,0(0.00 %),49430,6880770000,6110,852940000,0,0.0
05/09/2007,35870,4933920000,0(0.00 %),40870,5628920000,5000,695000000,0,0.0
06/09/2007,1930,264410000,0(0.00 %),1930,264410000,0,0,0,0.0
07/09/2007,1210,165770000,0(0.00 %),1310,179470000,100,13700000,0,0.0
10/09/2007,-8080,-1098880000,0(0.00 %),300,40800000,8380,1139680000,0,0.0
11/09/2007,1680,230720000,0(0.00 %),4300,581800000,2620,351080000,0,0.0
12/09/2007,39000,5280000000,0(0.00 %),39000,5280000000,0,0,0,0.0
13/09/2007,700,94500000,0(0.00 %),700,94500000,0,0,0,0.0
14/09/2007,13440,1814400000,0(0.00 %),18620,2513700000,5180,699300000,0,0.0
17/09/2007,4000,536000000,0(0.00 %),4000,536000000,0,0,0,0.0
18/09/2007,13000,1742200000,0(0.00 %),13200,1768800000,200,26600000,0,0.0
19/09/2007,18990,2544610000,0(0.00 %),25050,3356650000,6060,812040000,0,0.0
20/09/2007,68000,9274780000,0(0.00 %),70610,9624720000,2610,349940000,0,0.0
21/09/2007,30040,4099280000,0(0.00 %),35140,4792980000,5100,693700000,0,0.0
24/09/2007,-3180,-429300000,0(0.00 %),4620,623700000,7800,1053000000,0,0.0
25/09/2007,6660,905760000,0(0.00 %),13280,1806080000,6620,900320000,0,0.0
26/09/2007,52820,7285160000,0(0.00 %),52820,7285160000,0,0,0,0.0
27/09/2007,83900,11462840000,0(0.00 %),83900,11462840000,0,0,0,0.0
28/09/2007,46300,6339200000,0(0.00 %),52290,7159830000,5990,820630000,0,0.0
01/10/2007,-46720,-6630010000,0(0.00 %),48280,6904040000,95000,13534050000,0,0.0
02/10/2007,9950,1418740000,0(0.00 %),33930,4890800000,23980,3472060000,0,0.0
03/10/2007,17240,2536370000,0(0.00 %),48200,6909550000,30960,4373180000,0,0.0
04/10/2007,95430,13564860000,0(0.00 %),98380,13986510000,2950,421650000,0,0.0
05/10/2007,30820,4330520000,0(0.00 %),40820,5730520000,10000,1400000000,0,0.0
08/10/2007,20200,2770800000,0(0.00 %),21400,2935200000,1200,164400000,0,0.0
09/10/2007,13260,1886350000,0(0.00 %),28890,4040310000,15630,2153960000,0,0.0
10/10/2007,107760,14921840000,0(0.00 %),118260,16360840000,10500,1439000000,0,0.0
11/10/2007,50130,6917940000,0(0.00 %),50430,6959340000,300,41400000,0,0.0
12/10/2007,163040,22499520000,0(0.00 %),163040,22499520000,0,0,0,0.0
15/10/2007,13720,1901960000,0(0.00 %),24240,3343720000,10520,1441760000,0,0.0
16/10/2007,21040,2923550000,0(0.00 %),61070,8407660000,40030,5484110000,0,0.0
17/10/2007,42150,5774250000,0(0.00 %),52150,7144250000,10000,1370000000,0,0.0
18/10/2007,27460,3745650000,0(0.00 %),46290,6295440000,18830,2549790000,0,0.0
19/10/2007,7890,1094280000,0(0.00 %),59360,8013300000,51470,6919020000,0,0.0
22/10/2007,47990,6483610000,0(0.00 %),55550,7498650000,7560,1015040000,0,0.0
23/10/2007,45690,6167520000,0(0.00 %),70900,9570870000,25210,3403350000,0,0.0
24/10/2007,244280,33086830000,0(0.00 %),264250,35783750000,19970,2696920000,0,0.0
25/10/2007,47770,6567720000,0(0.00 %),70540,9699980000,22770,3132260000,0,0.0
26/10/2007,31250,4303730000,0(0.00 %),35480,4883240000,4230,579510000,0,0.0
29/10/2007,40700,5533370000,0(0.00 %),42130,5727750000,1430,194380000,0,0.0
30/10/2007,10980,1484530000,0(0.00 %),97880,13104080000,86900,11619550000,0,0.0
31/10/2007,119960,16394870000,0(0.00 %),120310,16442470000,350,47600000,0,0.0
01/11/2007,55290,7575580000,0(0.00 %),55760,7639970000,470,64390000,0,0.0
02/11/2007,-4570,-606810000,0(0.00 %),11500,1546500000,16070,2153310000,0,0.0
05/11/2007,14630,2224700000,0(0.00 %),43900,6000530000,29270,3775830000,0,0.0
06/11/2007,87310,11903770000,0(0.00 %),95360,12998620000,8050,1094850000,0,0.0
07/11/2007,12710,1722460000,0(0.00 %),13210,1790460000,500,68000000,0,0.0
08/11/2007,620,82000000,0(0.00 %),1050,139650000,430,57650000,0,0.0
09/11/2007,70570,9489410000,0(0.00 %),70570,9489410000,0,0,0,0.0
12/11/2007,54900,7384750000,0(0.00 %),54900,7384750000,0,0,0,0.0
13/11/2007,42540,5716280000,0(0.00 %),44510,5978690000,1970,262410000,0,0.0
14/11/2007,44710,6060850000,0(0.00 %),46320,6278200000,1610,217350000,0,0.0
15/11/2007,30850,4161600000,0(0.00 %),33050,4458600000,2200,297000000,0,0.0
16/11/2007,45950,6185430000,0(0.00 %),46800,6299330000,850,113900000,0,0.0
19/11/2007,34380,4642200000,0(0.00 %),36280,4895700000,1900,253500000,0,0.0
20/11/2007,-11800,-1561600000,0(0.00 %),0,0,11800,1561600000,0,0.0
21/11/2007,-10520,-1367440000,0(0.00 %),2200,286000000,12720,1653440000,0,0.0
22/11/2007,-1270,-161230000,0(0.00 %),12680,1671760000,13950,1832990000,0,0.0
23/11/2007,-64770,-8370100000,0(0.00 %),12020,1562600000,76790,9932700000,0,0.0
26/11/2007,28540,3821680000,0(0.00 %),58000,7751000000,29460,3929320000,0,0.0
27/11/2007,-660,-88440000,0(0.00 %),340,45560000,1000,134000000,0,0.0
28/11/2007,21750,2899930000,0(0.00 %),21750,2899930000,0,0,0,0.0
29/11/2007,1190,158100000,0(0.00 %),1190,158100000,0,0,0,0.0
30/11/2007,-31010,-4040050000,0(0.00 %),80,10480000,31090,4050530000,0,0.0
03/12/2007,-64710,-8407990000,0(0.00 %),2140,277260000,66850,8685250000,0,0.0
04/12/2007,-7660,-995800000,0(0.00 %),1000,130000000,8660,1125800000,0,0.0
05/12/2007,-380,-49400000,0(0.00 %),0,0,380,49400000,0,0.0
06/12/2007,-1030,-133510000,0(0.00 %),9290,1205090000,10320,1338600000,0,0.0
07/12/2007,-7800,-1014010000,0(0.00 %),200,25990000,8000,1040000000,0,0.0
10/12/2007,4820,621820000,0(0.00 %),7860,1013940000,3040,392120000,0,0.0
11/12/2007,-520,-65520000,0(0.00 %),0,0,520,65520000,0,0.0
12/12/2007,-2010,-262020000,0(0.00 %),15100,1932900000,17110,2194920000,0,0.0
13/12/2007,-33550,-4256970000,0(0.00 %),8300,1049220000,41850,5306190000,0,0.0
14/12/2007,-20560,-2557400000,0(0.00 %),5590,698060000,26150,3255460000,0,0.0
17/12/2007,31370,3842860000,0(0.00 %),46020,5687410000,14650,1844550000,0,0.0
18/12/2007,50950,6507130000,0(0.00 %),50950,6507130000,0,0,0,0.0
19/12/2007,21780,2756710000,0(0.00 %),22110,2798290000,330,41580000,0,0.0
20/12/2007,17360,2196310000,0(0.00 %),18130,2292560000,770,96250000,0,0.0
21/12/2007,21970,2774010000,0(0.00 %),21970,2774010000,0,0,0,0.0
24/12/2007,-34660,-4297840000,0(0.00 %),0,0,34660,4297840000,0,0.0
25/12/2007,30090,3761210000,0(0.00 %),30090,3761210000,0,0,0,0.0
26/12/2007,30400,3831170000,0(0.00 %),30400,3831170000,0,0,0,0.0
27/12/2007,4540,572040000,0(0.00 %),4540,572040000,0,0,0,0.0
28/12/2007,19800,2494700000,0(0.00 %),19800,2494700000,0,0,0,0.0
02/01/2008,13250,1675980000,0(0.00 %),15330,1929740000,2080,253760000,0,0.0
03/01/2008,-370,-39570000,0(0.00 %),9940,1224450000,10310,1264020000,0,0.0
04/01/2008,40910,5077090000,0(0.00 %),40910,5077090000,0,0,0,0.0
07/01/2008,23040,2857020000,0(0.00 %),24040,2981020000,1000,124000000,0,0.0
08/01/2008,57190,7240950000,0(0.00 %),59590,7541700000,2400,300750000,0,0.0
09/01/2008,18150,2273750000,0(0.00 %),19000,2380000000,850,106250000,0,0.0
10/01/2008,22790,2828960000,0(0.00 %),22790,2828960000,0,0,0,0.0
11/01/2008,42760,5456700000,0(0.00 %),43910,5603900000,1150,147200000,0,0.0
14/01/2008,13880,1776440000,0(0.00 %),13880,1776440000,0,0,0,0.0
15/01/2008,4880,614910000,0(0.00 %),25000,3110000000,20120,2495090000,0,0.0
16/01/2008,-17030,-2295840000,0(0.00 %),15020,1997660000,32050,4293500000,0,0.0
17/01/2008,-290,-27190000,0(0.00 %),6900,924600000,7190,951790000,0,0.0
18/01/2008,4460,576720000,0(0.00 %),6000,780000000,1540,203280000,0,0.0
21/01/2008,32000,4234010000,0(0.00 %),32000,4234010000,0,0,0,0.0
22/01/2008,-70800,-9226420000,0(0.00 %),500,65500000,71300,9291920000,0,0.0
23/01/2008,-22850,-2799810000,0(0.00 %),17700,2170500000,40550,4970310000,0,0.0
24/01/2008,-35190,-4299140000,0(0.00 %),6220,774010000,41410,5073150000,0,0.0
25/01/2008,38020,4819380000,0(0.00 %),38250,4848690000,230,29310000,0,0.0
28/01/2008,44170,5730510000,0(0.00 %),51620,6701860000,7450,971350000,0,0.0
29/01/2008,44490,5876110000,0(0.00 %),49910,6591600000,5420,715490000,0,0.0
30/01/2008,41260,4951200000,0(0.00 %),42330,5079600000,1070,128400000,0,0.0
31/01/2008,-470,-19690000,0(0.00 %),31290,3681510000,31760,3701200000,0,0.0
01/02/2008,35820,4465550000,0(0.00 %),70440,8758130000,34620,4292580000,0,0.0
12/02/2008,14980,1867770000,0(0.00 %),16670,2076110000,1690,208340000,0,0.0
13/02/2008,-1500,-171060000,0(0.00 %),6120,750710000,7620,921770000,0,0.0
14/02/2008,-32830,-3950430000,0(0.00 %),11720,1407350000,44550,5357780000,0,0.0
15/02/2008,-2430,-291600000,0(0.00 %),1180,141600000,3610,433200000,0,0.0
18/02/2008,-470,-53990000,0(0.00 %),510,58710000,980,112700000,0,0.0
19/02/2008,-3600,-414400000,0(0.00 %),400,45600000,4000,460000000,0,0.0
20/02/2008,500,32670000,0(0.00 %),10970,1242870000,10470,1210200000,0,0.0
21/02/2008,8860,930300000,0(0.00 %),8860,930300000,0,0,0,0.0
22/02/2008,2540,250200000,0(0.00 %),72360,7236000000,69820,6985800000,0,0.0
25/02/2008,-9730,-1005540000,0(0.00 %),11190,1140840000,20920,2146380000,0,0.0
26/02/2008,540,52380000,0(0.00 %),1760,170720000,1220,118340000,0,0.0
27/02/2008,-900,-87700000,0(0.00 %),1000,94000000,1900,181700000,0,0.0
28/02/2008,230,20275000,0(0.00 %),2430,221725000,2200,201450000,0,0.0
29/02/2008,73570,6848370000,0(0.00 %),76570,7127495000,3000,279125000,0,0.0
03/03/2008,9220,833920000,0(0.00 %),9330,843930000,110,10010000,0,0.0
04/03/2008,135880,12317430000,0(0.00 %),136320,12356970000,440,39540000,0,0.0
05/03/2008,480,43200000,0(0.00 %),480,43200000,0,0,0,0.0
06/03/2008,-33990,-3212055000,0(0.00 %),166010,15687945000,200000,18900000000,0,0.0
07/03/2008,-122380,-12115620000,0(0.00 %),2060,203940000,124440,12319560000,0,0.0
10/03/2008,-42860,-4414780000,0(0.00 %),82140,8460220000,125000,12875000000,0,0.0
11/03/2008,50,4890000,0(0.00 %),12060,1181880000,12010,1176990000,0,0.0
12/03/2008,-59050,-5662220000,0(0.00 %),1600,152800000,60650,5815020000,0,0.0
13/03/2008,5870,577730000,0(0.00 %),19890,1922050000,14020,1344320000,0,0.0
14/03/2008,5670,535980000,0(0.00 %),5670,535980000,0,0,0,0.0
17/03/2008,18240,1657795000,0(0.00 %),22450,2037285000,4210,379490000,0,0.0
18/03/2008,8910,761805000,0(0.00 %),11910,1018305000,3000,256500000,0,0.0
19/03/2008,-8570,-700455000,0(0.00 %),2760,225940000,11330,926395000,0,0.0
20/03/2008,61020,4877795000,0(0.00 %),79060,6325860000,18040,1448065000,0,0.0
21/03/2008,49400,3858335000,0(0.00 %),49400,3858335000,0,0,0,0.0
24/03/2008,7480,564840000,0(0.00 %),53740,4057525000,46260,3492685000,0,0.0
25/03/2008,10190,733680000,0(0.00 %),14720,1059840000,4530,326160000,0,0.0
26/03/2008,-43880,-3006395000,0(0.00 %),19110,1311275000,62990,4317670000,0,0.0
27/03/2008,-52130,-3675165000,0(0.00 %),53680,3784440000,105810,7459605000,0,0.0
28/03/2008,22630,1606730000,0(0.00 %),32630,2316730000,10000,710000000,0,0.0
31/03/2008,1260,90090000,0(0.00 %),28140,2012010000,26880,1921920000,0,0.0
01/04/2008,0,0,0(0.00 %),0,0,0,0,0,0.0
02/04/2008,0,0,0(0.00 %),0,0,0,0,0,0.0
03/04/2008,1800,131400000,0(0.00 %),17790,1298670000,15990,1167270000,0,0.0
04/04/2008,0,0,0(0.00 %),0,0,0,0,0,0.0
07/04/2008,-8850,-659325000,0(0.00 %),1150,85675000,10000,745000000,0,0.0
08/04/2008,53700,4048055000,0(0.00 %),166350,12553130000,112650,8505075000,0,0.0
09/04/2008,36300,2731940000,0(0.00 %),119410,8996585000,83110,6264645000,0,0.0
10/04/2008,32300,2395440000,0(0.00 %),37590,2787750000,5290,392310000,0,0.0
11/04/2008,20050,1453625000,0(0.00 %),41700,3023250000,21650,1569625000,0,0.0
16/04/2008,30490,2180035000,0(0.00 %),34490,2466035000,4000,286000000,0,0.0
17/04/2008,-40550,-2860980000,0(0.00 %),18860,1329630000,59410,4190610000,0,0.0
18/04/2008,-5320,-378050000,0(0.00 %),15300,1068350000,20620,1446400000,0,0.0
21/04/2008,34680,2387750000,0(0.00 %),44650,3075015000,9970,687265000,0,0.0
22/04/2008,2860,197690000,0(0.00 %),20950,1445900000,18090,1248210000,0,0.0
23/04/2008,20720,1408960000,0(0.00 %),24740,1682320000,4020,273360000,0,0.0
24/04/2008,81800,5580830000,0(0.00 %),88260,6013650000,6460,432820000,0,0.0
25/04/2008,83010,5799530000,0(0.00 %),87530,6113930000,4520,314400000,0,0.0
28/04/2008,4930,350030000,0(0.00 %),12930,918030000,8000,568000000,0,0.0
29/04/2008,6190,445680000,0(0.00 %),6190,445680000,0,0,0,0.0
05/05/2008,17880,1305240000,0(0.00 %),17880,1305240000,0,0,0,0.0
06/05/2008,26750,1979500000,0(0.00 %),26850,1986900000,100,7400000,0,0.0
07/05/2008,88860,6645040000,0(0.00 %),88860,6645040000,0,0,0,0.0
08/05/2008,39640,2924040000,0(0.00 %),39640,2924040000,0,0,0,0.0
09/05/2008,29910,2232830000,0(0.00 %),29910,2232830000,0,0,0,0.0
12/05/2008,32860,2464500000,0(0.00 %),32860,2464500000,0,0,0,0.0
13/05/2008,320,23520000,0(0.00 %),320,23520000,0,0,0,0.0
14/05/2008,23180,1682550000,0(0.00 %),23180,1682550000,0,0,0,0.0
15/05/2008,21400,1530100000,0(0.00 %),66200,4733300000,44800,3203200000,0,0.0
16/05/2008,84770,5997925000,0(0.00 %),85760,6067720000,990,69795000,0,0.0
19/05/2008,3510,256580000,0(0.00 %),19890,1451630000,16380,1195050000,0,0.0
20/05/2008,12420,919600000,0(0.00 %),32420,2391100000,20000,1471500000,0,0.0
21/05/2008,6200,455700000,0(0.00 %),72200,5306700000,66000,4851000000,0,0.0
22/05/2008,18610,1356185000,0(0.00 %),70610,5152185000,52000,3796000000,0,0.0
23/05/2008,6510,471440000,0(0.00 %),7200,521120000,690,49680000,0,0.0
26/05/2008,-670,-48240000,0(0.00 %),0,0,670,48240000,0,0.0
27/05/2008,0,0,0(0.00 %),0,0,0,0,0,0.0
28/05/2008,0,0,0(0.00 %),0,0,0,0,0,0.0
29/05/2008,0,0,0(0.00 %),0,0,0,0,0,0.0
30/05/2008,13280,964600000,0(0.00 %),60870,4343490000,47590,3378890000,0,0.0
02/06/2008,-2130,-153360000,0(0.00 %),280,20160000,2410,173520000,0,0.0
03/06/2008,-200,-14200000,0(0.00 %),5500,390500000,5700,404700000,0,0.0
04/06/2008,5350,374500000,0(0.00 %),38000,2660000000,32650,2285500000,0,0.0
05/06/2008,-190,-13110000,0(0.00 %),7100,489900000,7290,503010000,0,0.0
06/06/2008,8100,550800000,0(0.00 %),8100,550800000,0,0,0,0.0
09/06/2008,5900,395300000,0(0.00 %),5900,395300000,0,0,0,0.0
10/06/2008,-450,-29700000,0(0.00 %),0,0,450,29700000,0,0.0
11/06/2008,10020,652140000,0(0.00 %),21480,1397040000,11460,744900000,0,0.0
12/06/2008,31370,2106460000,0(0.00 %),35370,2370460000,4000,264000000,0,0.0
13/06/2008,4270,294630000,0(0.00 %),18270,1260630000,14000,966000000,0,0.0
16/06/2008,-6950,-486500000,0(0.00 %),51370,3595900000,58320,4082400000,0,0.0
17/06/2008,39610,2812310000,0(0.00 %),39610,2812310000,0,0,0,0.0
18/06/2008,118250,8514000000,0(0.00 %),118250,8514000000,0,0,0,0.0
19/06/2008,97200,7103775000,0(0.00 %),97200,7103775000,0,0,0,0.0
20/06/2008,57490,4368550000,0(0.00 %),69840,5303870000,12350,935320000,0,0.0
23/06/2008,28260,2204120000,0(0.00 %),28760,2243120000,500,39000000,0,0.0
24/06/2008,42160,3372700000,0(0.00 %),42160,3372700000,0,0,0,0.0
25/06/2008,69810,5724420000,0(0.00 %),69810,5724420000,0,0,0,0.0
26/06/2008,69030,5786970000,0(0.00 %),70830,5938170000,1800,151200000,0,0.0
27/06/2008,3400,296100000,0(0.00 %),8000,691900000,4600,395800000,0,0.0
30/06/2008,90500,8054500000,0(0.00 %),96980,8631220000,6480,576720000,0,0.0
01/07/2008,64530,5900735000,0(0.00 %),64530,5900735000,0,0,0,0.0
02/07/2008,52660,4940500000,0(0.00 %),62960,5894390000,10300,953890000,0,0.0
03/07/2008,68100,6520580000,0(0.00 %),128600,12328080000,60500,5807500000,0,0.0
04/07/2008,79130,7793040000,0(0.00 %),109130,10748040000,30000,2955000000,0,0.0
07/07/2008,100720,10169780000,0(0.00 %),110720,11166065000,10000,996285000,0,0.0
08/07/2008,1480,145040000,0(0.00 %),40000,3920000000,38520,3774960000,0,0.0
09/07/2008,-4070,-388685000,0(0.00 %),3000,286500000,7070,675185000,0,0.0
10/07/2008,-3990,-372860000,0(0.00 %),51140,4756020000,55130,5128880000,0,0.0
11/07/2008,650,118075000,0(0.00 %),51550,4801525000,50900,4683450000,0,0.0
14/07/2008,500,60740000,0(0.00 %),9070,884225000,8570,823485000,0,0.0
15/07/2008,56650,5677705000,0(0.00 %),95900,9588620000,39250,3910915000,0,0.0
16/07/2008,56940,5776720000,0(0.00 %),57610,5845060000,670,68340000,0,0.0
17/07/2008,10760,1099660000,0(0.00 %),15760,1602450000,5000,502790000,0,0.0
18/07/2008,24090,2336730000,0(0.00 %),48400,4694800000,24310,2358070000,0,0.0
21/07/2008,-1000,-94500000,0(0.00 %),0,0,1000,94500000,0,0.0
22/07/2008,-10,-920000,0(0.00 %),0,0,10,920000,0,0.0
23/07/2008,-10,-895000,0(0.00 %),1700,152150000,1710,153045000,0,0.0
24/07/2008,16160,1405920000,0(0.00 %),104600,9100200000,88440,7694280000,0,0.0
25/07/2008,-690,-58305000,0(0.00 %),1700,143650000,2390,201955000,0,0.0
28/07/2008,-21720,-1781040000,0(0.00 %),1400,114800000,23120,1895840000,0,0.0
29/07/2008,-25150,-2088065000,0(0.00 %),130,10465000,25280,2098530000,0,0.0
30/07/2008,1110,98015000,0(0.00 %),21710,1874915000,20600,1776900000,0,0.0
31/07/2008,9900,881100000,0(0.00 %),10000,890000000,100,8900000,0,0.0
01/08/2008,15440,1335560000,0(0.00 %),15440,1335560000,0,0,0,0.0
04/08/2008,630,52920000,0(0.00 %),630,52920000,0,0,0,0.0
05/08/2008,-600,-48900000,0(0.00 %),1980,161370000,2580,210270000,0,0.0
06/08/2008,-34170,-2716515000,0(0.00 %),7410,589095000,41580,3305610000,0,0.0
07/08/2008,-79990,-6342425000,0(0.00 %),52370,4139875000,132360,10482300000,0,0.0
08/08/2008,-133870,-10115230000,0(0.00 %),39510,2983005000,173380,13098235000,0,0.0
11/08/2008,-476810,-36889040000,0(0.00 %),1300,100750000,478110,36989790000,0,0.0
12/08/2008,-137700,-10636750000,0(0.00 %),5170,400780000,142870,11037530000,0,0.0
13/08/2008,-91340,-6827660000,0(0.00 %),70730,5324605000,162070,12152265000,0,0.0
14/08/2008,-596190,-45218425000,0(0.00 %),58910,4454645000,655100,49673070000,0,0.0
15/08/2008,-26470,-2064660000,0(0.00 %),13530,1055340000,40000,3120000000,0,0.0
18/08/2008,-206810,-16471050000,0(0.00 %),95290,7717155000,302100,24188205000,0,0.0
19/08/2008,-158250,-12027000000,0(0.00 %),7330,557080000,165580,12584080000,0,0.0
20/08/2008,-27600,-2001000000,0(0.00 %),7040,510400000,34640,2511400000,0,0.0
21/08/2008,-441990,-31518560000,0(0.00 %),62150,4466170000,504140,35984730000,0,0.0
22/08/2008,59110,4470385000,0(0.00 %),458470,33952745000,399360,29482360000,0,0.0
25/08/2008,-88380,-6779900000,0(0.00 %),37790,2898425000,126170,9678325000,0,0.0
26/08/2008,-99810,-8034705000,0(0.00 %),10150,817075000,109960,8851780000,0,0.0
27/08/2008,52680,4201155000,0(0.00 %),94270,7547070000,41590,3345915000,0,0.0
28/08/2008,-22770,-1696460000,0(0.00 %),2320,172840000,25090,1869300000,0,0.0
29/08/2008,-37520,-2663920000,0(0.00 %),66400,4714400000,103920,7378320000,0,0.0
03/09/2008,-299540,-21761680000,0(0.00 %),16080,1143430000,315620,22905110000,0,0.0
04/09/2008,-34350,-2464240000,0(0.00 %),25650,1826950000,60000,4291190000,0,0.0
05/09/2008,-12730,-910795000,0(0.00 %),3390,242385000,16120,1153180000,0,0.0
08/09/2008,-15440,-1080175000,0(0.00 %),4020,281400000,19460,1361575000,0,0.0
09/09/2008,-22490,-1531880000,0(0.00 %),2300,164800000,24790,1696680000,0,0.0
10/09/2008,-19770,-1318530000,0(0.00 %),600,40590000,20370,1359120000,0,0.0
11/09/2008,-16160,-1082470000,0(0.00 %),3030,199460000,19190,1281930000,0,0.0
12/09/2008,-51810,-3160820000,0(0.00 %),6110,372710000,57920,3533530000,0,0.0
15/09/2008,-22600,-1428900000,0(0.00 %),0,0,22600,1428900000,0,0.0
16/09/2008,-99790,-5737925000,0(0.00 %),3000,172500000,102790,5910425000,0,0.0
17/09/2008,-108280,-5955400000,0(0.00 %),0,0,108280,5955400000,0,0.0
18/09/2008,7210,378525000,0(0.00 %),7210,378525000,0,0,0,0.0
19/09/2008,-61870,-3288900000,0(0.00 %),15350,806675000,77220,4095575000,0,0.0
22/09/2008,-65050,-3740375000,0(0.00 %),735653,42300047500,800703,46040422500,0,0.0
23/09/2008,53950,3000030000,0(0.00 %),83390,4625170000,29440,1625140000,0,0.0
24/09/2008,-11700,-632105000,0(0.00 %),6690,366165000,18390,998270000,0,0.0
25/09/2008,54230,3032195000,0(0.00 %),104720,5757995000,50490,2725800000,0,0.0
26/09/2008,41330,2407465000,0(0.00 %),48800,2842520000,7470,435055000,0,0.0
29/09/2008,980,68300000,0(0.00 %),12160,705120000,11180,636820000,0,0.0
30/09/2008,4600,250700000,0(0.00 %),4600,250700000,0,0,0,0.0
01/10/2008,-4790,-237614000,0(0.00 %),5100,253190000,9890,490804000,0,0.0
02/10/2008,-5700,-273215000,0(0.00 %),15700,755385000,21400,1028600000,0,0.0
03/10/2008,-29110,-1350052000,0(0.00 %),5950,285300000,35060,1635352000,0,0.0
06/10/2008,630,27531000,0(0.00 %),7630,333431000,7000,305900000,0,0.0
07/10/2008,2190,91104000,0(0.00 %),2190,91104000,0,0,0,0.0
08/10/2008,6940,274824000,0(0.00 %),14320,567072000,7380,292248000,0,0.0
09/10/2008,-103750,-3915259000,0(0.00 %),1900,71630000,105650,3986889000,0,0.0
10/10/2008,1410,50619000,0(0.00 %),1410,50619000,0,0,0,0.0
13/10/2008,-18420,-629964000,0(0.00 %),1160,39672000,19580,669636000,0,0.0
14/10/2008,-567800,-20384020000,0(0.00 %),42410,1522519000,610210,21906539000,0,0.0
15/10/2008,-186860,-6467196000,0(0.00 %),34220,1217886000,221080,7685082000,0,0.0
16/10/2008,-13890,-451425000,0(0.00 %),650,21125000,14540,472550000,0,0.0
17/10/2008,-166780,-5154859000,0(0.00 %),4070,125763000,170850,5280622000,0,0.0
20/10/2008,-384250,-11297388000,0(0.00 %),31100,914340000,415350,12211728000,0,0.0
21/10/2008,-675430,-20803244000,0(0.00 %),1160,35728000,676590,20838972000,0,0.0
22/10/2008,-859900,-27774770000,0(0.00 %),21770,703171000,881670,28477941000,0,0.0
23/10/2008,-302080,-10239046000,0(0.00 %),2550,86445000,304630,10325491000,0,0.0
24/10/2008,-82480,-2676057000,0(0.00 %),21200,686247000,103680,3362304000,0,0.0
27/10/2008,6230,191261000,0(0.00 %),16900,518830000,10670,327569000,0,0.0
28/10/2008,2650,77380000,0(0.00 %),7000,204400000,4350,127020000,0,0.0
29/10/2008,-200140,-6057951000,0(0.00 %),16490,495895000,216630,6553846000,0,0.0
30/10/2008,-35520,-1007960000,0(0.00 %),4600,128570000,40120,1136530000,0,0.0
31/10/2008,-590,-17946000,0(0.00 %),3990,121286000,4580,139232000,0,0.0
03/11/2008,-16180,-515538000,0(0.00 %),14320,452912000,30500,968450000,0,0.0
04/11/2008,-5510,-183924000,0(0.00 %),490,15876000,6000,199800000,0,0.0
05/11/2008,-1000,-34900000,0(0.00 %),0,0,1000,34900000,0,0.0
06/11/2008,-7800,-291260000,0(0.00 %),5200,181480000,13000,472740000,0,0.0
07/11/2008,32260,1103100000,0(0.00 %),33480,1145016000,1220,41916000,0,0.0
10/11/2008,-2570,-88025000,0(0.00 %),400,13440000,2970,101465000,0,0.0
11/11/2008,5000,157700000,0(0.00 %),6000,189300000,1000,31600000,0,0.0
12/11/2008,-53360,-1595464000,0(0.00 %),2050,61295000,55410,1656759000,0,0.0
13/11/2008,-5330,-154705000,0(0.00 %),170,4845000,5500,159550000,0,0.0
14/11/2008,-10930,-342450000,0(0.00 %),1600,50560000,12530,393010000,0,0.0
17/11/2008,-2950,-90696000,0(0.00 %),2490,75300000,5440,165996000,0,0.0
18/11/2008,-48800,-1427153000,0(0.00 %),3200,92860000,52000,1520013000,0,0.0
19/11/2008,-6030,-178014000,0(0.00 %),1000,29900000,7030,207914000,0,0.0
20/11/2008,-2190,-63897000,0(0.00 %),7810,222603000,10000,286500000,0,0.0
21/11/2008,-67290,-1889439000,0(0.00 %),11350,309855000,78640,2199294000,0,0.0
24/11/2008,0,0,0(0.00 %),0,0,0,0,0,0.0
25/11/2008,94130,2816866000,0(0.00 %),107960,3211681000,13830,394815000,0,0.0
26/11/2008,21240,636610000,0(0.00 %),21240,636610000,0,0,0,0.0
27/11/2008,-17160,-503803000,0(0.00 %),200,5850000,17360,509653000,0,0.0
28/11/2008,-390,-10515000,0(0.00 %),6500,195000000,6890,205515000,0,0.0
01/12/2008,0,0,0(0.00 %),119024,3427891200,119024,3427891200,0,0.0
02/12/2008,-920,-26720000,0(0.00 %),200,5760000,1120,32480000,0,0.0
03/12/2008,-1000,-28800000,0(0.00 %),0,0,1000,28800000,0,0.0
04/12/2008,-15430,-446841000,0(0.00 %),0,0,15430,446841000,0,0.0
05/12/2008,-1410,-37185000,0(0.00 %),6600,184990000,8010,222175000,0,0.0
08/12/2008,-1450,-38010000,0(0.00 %),1550,40590000,3000,78600000,0,0.0
09/12/2008,35450,927426000,0(0.00 %),47320,1237192000,11870,309766000,0,0.0
10/12/2008,1300,32290000,0(0.00 %),1300,32290000,0,0,0,0.0
11/12/2008,30,723000,0(0.00 %),400,9880000,370,9157000,0,0.0
12/12/2008,10640,277724000,0(0.00 %),10840,282924000,200,5200000,0,0.0
15/12/2008,13960,382504000,0(0.00 %),15000,411000000,1040,28496000,0,0.0
16/12/2008,17340,468616000,0(0.00 %),17900,483960000,560,15344000,0,0.0
17/12/2008,-43080,-1162318000,0(0.00 %),2200,57720000,45280,1220038000,0,0.0
18/12/2008,-8170,-224388000,0(0.00 %),3300,90420000,11470,314808000,0,0.0
19/12/2008,-63190,-1716603000,0(0.00 %),0,0,63190,1716603000,0,0.0
22/12/2008,-14730,-406807000,0(0.00 %),500,13950000,15230,420757000,0,0.0
23/12/2008,11510,304315000,0(0.00 %),12070,319155000,560,14840000,0,0.0
24/12/2008,7680,202270000,0(0.00 %),7680,202270000,0,0,0,0.0
25/12/2008,9900,262350000,0(0.00 %),13000,344500000,3100,82150000,0,0.0
26/12/2008,10,255000,0(0.00 %),10,255000,0,0,0,0.0
29/12/2008,5310,137527000,0(0.00 %),5310,137527000,0,0,0,0.0
30/12/2008,73080,1968261000,0(0.00 %),77380,2082451000,4300,114190000,0,0.0
31/12/2008,-15470,-422190000,0(0.00 %),6770,182464000,22240,604654000,0,0.0
02/01/2009,-12710,-338684000,0(0.00 %),5760,153752000,18470,492436000,21001682,33.55
05/01/2009,-2620,-67864000,0(0.00 %),8090,212738000,10710,280602000,21004302,33.54
06/01/2009,-61050,-1633703000,0(0.00 %),0,0,61050,1633703000,21065352,33.5
07/01/2009,-50560,-1390314000,0(0.00 %),0,0,50560,1390314000,21115912,33.46
08/01/2009,-41240,-1095552000,0(0.00 %),0,0,41240,1095552000,21157152,33.43
09/01/2009,-99920,-2627794000,0(0.00 %),300,7890000,100220,2635684000,21257072,33.36
12/01/2009,-520,-13676000,0(0.00 %),0,0,520,13676000,21257592,33.36
13/01/2009,-100,-2650000,0(0.00 %),0,0,100,2650000,21257692,33.36
14/01/2009,-9040,-239570000,0(0.00 %),310,8215000,9350,247785000,21266732,33.35
15/01/2009,-53100,-1376938000,0(0.00 %),0,0,53100,1376938000,21319832,33.31
16/01/2009,-61000,-1565734000,0(0.00 %),15820,406174000,76820,1971908000,21380832,33.27
19/01/2009,-31800,-805462000,0(0.00 %),1200,30360000,33000,835822000,21412632,33.24
20/01/2009,-41230,-1021501000,0(0.00 %),13040,323392000,54270,1344893000,21453862,33.21
21/01/2009,-29480,-721412000,0(0.00 %),1000,24500000,30480,745912000,21483342,33.19
22/01/2009,-12220,-302878000,0(0.00 %),4000,99600000,16220,402478000,21495562,33.18
23/01/2009,-15760,-388144000,0(0.00 %),230,5612000,15990,393756000,21511322,33.17
02/02/2009,-6570,-161879000,0(0.00 %),0,0,6570,161879000,21517892,33.17
03/02/2009,19900,469690000,0(0.00 %),39980,942578000,20080,472888000,21497992,33.18
04/02/2009,52500,1235116000,0(0.00 %),52500,1235116000,0,0,21445492,33.22
05/02/2009,27810,644138000,0(0.00 %),27810,644138000,0,0,21417682,33.24
06/02/2009,3030,69675000,0(0.00 %),3030,69675000,0,0,21414652,33.24
09/02/2009,820,18674000,0(0.00 %),820,18674000,0,0,21413832,33.24
10/02/2009,0,0,0(0.00 %),0,0,0,0,21413832,33.24
11/02/2009,-500,-10550000,0(0.00 %),0,0,500,10550000,21414332,33.24
12/02/2009,-35100,-738333000,0(0.00 %),400,8520000,35500,746853000,21449432,33.22
13/02/2009,50,1045000,0(0.00 %),50,1045000,0,0,21449382,33.22
16/02/2009,-6030,-124218000,0(0.00 %),0,0,6030,124218000,21455412,33.21
17/02/2009,250,4865000,0(0.00 %),250,4865000,0,0,21455162,33.21
18/02/2009,-650,-12025000,0(0.00 %),300,5550000,950,17575000,21455812,33.21
19/02/2009,-4620,-84570000,0(0.00 %),0,0,4620,84570000,21460432,33.21
20/02/2009,-500,-8550000,0(0.00 %),0,0,500,8550000,21460932,33.21
23/02/2009,-12170,-195099000,0(0.00 %),406320,6501120000,418490,6696219000,21473102,33.2
24/02/2009,-15570,-238221000,0(0.00 %),0,0,15570,238221000,21488672,33.19
25/02/2009,-80260,-1250546000,0(0.00 %),40,624000,80300,1251170000,21568932,33.13
26/02/2009,-241170,-3666040000,0(0.00 %),2060,31312000,243230,3697352000,21810102,32.95
27/02/2009,-450220,-6624255000,0(0.00 %),420,6290000,450640,6630545000,22260322,32.62
02/03/2009,1920,29184000,0(0.00 %),1920,29184000,0,0,22258402,32.62
03/03/2009,-46100,-737600000,0(0.00 %),8000,128000000,54100,865600000,22304502,32.59
04/03/2009,-119630,-1905959000,0(0.00 %),400,6390000,120030,1912349000,22424132,32.5
05/03/2009,-105840,-1679471000,0(0.00 %),3810,60589000,109650,1740060000,22529972,32.42
06/03/2009,-145820,-2254458000,0(0.00 %),4200,64680000,150020,2319138000,22675792,32.31
09/03/2009,-199810,-3091764000,0(0.00 %),4600,70610000,204410,3162374000,22875602,32.17
10/03/2009,-1000,-16300000,0(0.00 %),0,0,1000,16300000,22876602,32.17
11/03/2009,-1390,-23769000,0(0.00 %),0,0,1390,23769000,22877992,32.17
12/03/2009,6870,121293000,0(0.00 %),6870,121293000,0,0,22871122,32.17
13/03/2009,-33960,-635052000,0(0.00 %),300,5610000,34260,640662000,22905082,32.15
16/03/2009,-8170,-159039000,0(0.00 %),200,3740000,8370,162779000,22913252,32.14
17/03/2009,-3340,-68470000,0(0.00 %),0,0,3340,68470000,22916592,32.14
18/03/2009,-3090,-66435000,0(0.00 %),250,5375000,3340,71810000,22919682,32.14
19/03/2009,-19030,-433285000,0(0.00 %),32320,722090000,51350,1155375000,22938712,32.12
20/03/2009,-7530,-155918000,0(0.00 %),1000,19800000,8530,175718000,22946242,32.12
23/03/2009,-12150,-237101000,0(0.00 %),3600,72010000,15750,309111000,22958392,32.11
24/03/2009,9600,194880000,0(0.00 %),9990,202797000,390,7917000,22948792,32.11
25/03/2009,90140,1885682000,0(0.00 %),100140,2091382000,10000,205700000,22858652,32.18
26/03/2009,29930,667439000,0(0.00 %),32930,734339000,3000,66900000,22828722,32.2
27/03/2009,-185280,-4335552000,0(0.00 %),38090,891306000,223370,5226858000,23014002,32.07
30/03/2009,-318550,-7789275000,0(0.00 %),42380,1027510000,360930,8816785000,23332552,31.83
31/03/2009,-59730,-1520634000,0(0.00 %),181550,4564910000,241280,6085544000,23392282,31.79
01/04/2009,-275130,-7373484000,0(0.00 %),10770,288636000,285900,7662120000,23667412,31.59
02/04/2009,-221100,-6212910000,0(0.00 %),10400,292240000,231500,6505150000,23888512,31.42
03/04/2009,-300150,-8854425000,0(0.00 %),0,0,300150,8854425000,24188662,31.2
07/04/2009,-268610,-8300049000,0(0.00 %),136670,4223103000,405280,12523152000,24457272,31.0
08/04/2009,-2850,-91441000,0(0.00 %),187410,6071944000,190260,6163385000,24460122,31.0
09/04/2009,-39530,-1344586000,0(0.00 %),23110,753597000,62640,2098183000,24499652,30.97
10/04/2009,-187200,-6364800000,0(0.00 %),54890,1866260000,242090,8231060000,24686852,30.84
13/04/2009,-165210,-5897997000,0(0.00 %),0,0,165210,5897997000,24852062,30.71
14/04/2009,64890,2426886000,0(0.00 %),111750,4179450000,46860,1752564000,24787172,30.76
15/04/2009,156930,5863850000,0(0.00 %),175780,6569110000,18850,705260000,24630242,30.88
16/04/2009,-36260,-1392972000,0(0.00 %),4760,186182000,41020,1579154000,24666502,30.85
17/04/2009,-47480,-1746764000,0(0.00 %),5430,200684000,52910,1947448000,24713982,30.82
20/04/2009,0,0,0(0.00 %),0,0,0,0,24713982,30.82
21/04/2009,38000,1265400000,0(0.00 %),38000,1265400000,0,0,24675982,30.84
22/04/2009,140970,4507477000,0(0.00 %),333350,10674684000,192380,6167207000,24535012,30.95
23/04/2009,12880,395600000,0(0.00 %),12880,395600000,0,0,24522132,30.96
24/04/2009,-32500,-959861000,0(0.00 %),7500,217280000,40000,1177141000,24554632,30.93
27/04/2009,-80190,-2429757000,0(0.00 %),48120,1458036000,128310,3887793000,24634822,30.87
28/04/2009,-237350,-7547730000,0(0.00 %),0,0,237350,7547730000,24872172,30.7
29/04/2009,-200000,-6660000000,0(0.00 %),0,0,200000,6660000000,25072172,30.55
04/05/2009,-91130,-3180437000,0(0.00 %),0,0,91130,3180437000,25163302,30.48
05/05/2009,0,0,0(0.00 %),0,0,0,0,25163302,30.48
06/05/2009,330170,12627273000,0(0.00 %),497370,19047153000,167200,6419880000,24833132,30.73
07/05/2009,-205220,-8126712000,0(0.00 %),27180,1076328000,232400,9203040000,25038352,30.58
08/05/2009,-4980,-142688000,0(0.00 %),83600,3401392000,88580,3544080000,25043332,30.57
11/05/2009,-107390,-4510380000,0(0.00 %),0,0,107390,4510380000,25150722,30.49
12/05/2009,-85080,-3752028000,0(0.00 %),0,0,85080,3752028000,25235802,30.43
13/05/2009,-156810,-7262435000,0(0.00 %),81350,3764373000,238160,11026808000,25392612,30.32
14/05/2009,170750,7865932000,0(0.00 %),208450,9612530000,37700,1746598000,25221862,30.44
15/05/2009,26610,1284139000,0(0.00 %),74300,3571780000,47690,2287641000,25195252,30.46
18/05/2009,-81230,-3820570000,0(0.00 %),15620,731140000,96850,4551710000,25276482,30.4
19/05/2009,37580,1817369000,0(0.00 %),68340,3310495000,30760,1493126000,25238902,30.43
20/05/2009,-100,-3400000,0(0.00 %),0,0,100,3400000,25239002,30.43
21/05/2009,-37340,-1333038000,0(0.00 %),20540,733278000,57880,2066316000,25276342,30.4
22/05/2009,-84390,-3156186000,0(0.00 %),55010,2057374000,139400,5213560000,25360732,30.34
25/05/2009,-137540,-5391568000,0(0.00 %),2450,96040000,139990,5487608000,25498272,30.24
26/05/2009,-131030,-5385433000,0(0.00 %),8710,357881000,139740,5743314000,25629302,30.14
27/05/2009,-38760,-1669606000,0(0.00 %),6000,257950000,44760,1927556000,25668062,30.11
28/05/2009,-41130,-1690520000,0(0.00 %),50460,2068860000,91590,3759380000,25709192,30.08
29/05/2009,-63650,-2476752000,0(0.00 %),12600,501490000,76250,2978242000,25772842,30.04
01/06/2009,1340,52660000,0(0.00 %),1340,52660000,0,0,25771502,30.04
02/06/2009,17010,716307000,0(0.00 %),20000,838000000,2990,121693000,25754492,30.05
03/06/2009,30480,1218100000,0(0.00 %),31430,1256100000,950,38000000,25724012,30.07
04/06/2009,13850,553835000,0(0.00 %),16150,646115000,2300,92280000,25710162,30.08
05/06/2009,11480,456130000,0(0.00 %),53480,2193930000,42000,1737800000,25698682,30.09
08/06/2009,730,31755000,0(0.00 %),2800,121800000,2070,90045000,25697952,30.09
09/06/2009,-7030,-299266000,0(0.00 %),1100,45540000,8130,344806000,25704982,30.09
10/06/2009,-84480,-3340657000,0(0.00 %),1100,43340000,85580,3383997000,25789462,30.02
11/06/2009,106330,4326137000,0(0.00 %),195600,7960131000,89270,3633994000,25683132,30.1
12/06/2009,-3670,-149126000,0(0.00 %),1330,57589000,5000,206715000,25686802,30.1
15/06/2009,39650,1566175000,0(0.00 %),39940,1577630000,290,11455000,25647152,30.13
16/06/2009,1130,42488000,0(0.00 %),1170,43992000,40,1504000,25646022,30.13
17/06/2009,-22380,-801204000,0(0.00 %),1810,64798000,24190,866002000,25668402,30.11
18/06/2009,-145120,-5433121000,0(0.00 %),8800,330000000,153920,5763121000,25813522,30.01
19/06/2009,3240,127207000,0(0.00 %),4080,160219000,840,33012000,25810282,30.01
22/06/2009,3170,116973000,0(0.00 %),3170,116973000,0,0,25807112,30.01
23/06/2009,75500,2612300000,0(0.00 %),77250,2672850000,1750,60550000,25731612,30.07
24/06/2009,-3650,-132495000,0(0.00 %),0,0,3650,132495000,25735262,30.06
25/06/2009,10000,360000000,0(0.00 %),10000,360000000,0,0,25725262,30.07
26/06/2009,231000,8101046000,0(0.00 %),231000,8101046000,0,0,25494262,30.24
29/06/2009,59800,2158320000,0(0.00 %),60000,2165600000,200,7280000,25434462,30.29
30/06/2009,-13020,-386961000,0(0.00 %),67430,2371593000,80450,2758554000,25447482,30.28
01/07/2009,89610,2912325000,0(0.00 %),90610,2944825000,1000,32500000,25357872,30.34
02/07/2009,139450,4546825000,0(0.00 %),139450,4546825000,0,0,25218422,30.44
03/07/2009,1440,47138000,0(0.00 %),1440,47138000,0,0,25216982,30.45
06/07/2009,27850,954911000,0(0.00 %),27850,954911000,0,0,25161352,30.49
07/07/2009,-70,-2294000,0(0.00 %),200,6940000,270,9234000,25189202,30.47
08/07/2009,-31500,-1062101000,0(0.00 %),1450,48575000,32950,1110676000,25220702,30.44
09/07/2009,-69280,-2295417000,0(0.00 %),0,0,69280,2295417000,25289982,30.39
10/07/2009,-121580,-3846677000,0(0.00 %),5570,178498000,127150,4025175000,25411562,30.3
13/07/2009,900,27000000,0(0.00 %),900,27000000,0,0,25410662,30.3
14/07/2009,-116140,-3346220000,0(0.00 %),20,570000,116160,3346790000,25526802,30.22
15/07/2009,-2430,-70956000,0(0.00 %),0,0,2430,70956000,25529232,30.22
16/07/2009,-16500,-516450000,0(0.00 %),0,0,16500,516450000,25545732,30.2
17/07/2009,39180,1285420000,0(0.00 %),44180,1448920000,5000,163500000,25506552,30.23
20/07/2009,2560,79872000,0(0.00 %),6560,204672000,4000,124800000,25503992,30.23
21/07/2009,-69410,-2062193000,0(0.00 %),1050,32485000,70460,2094678000,25573402,30.18
22/07/2009,130880,3942556000,0(0.00 %),152040,4579718000,21160,637162000,25442522,30.28
23/07/2009,214071,6629396000,0(0.00 %),236980,7359993000,22909,730597000,25228451,30.44
24/07/2009,-10370,-346358000,0(0.00 %),0,0,10370,346358000,25238821,30.43
27/07/2009,104840,3669400000,0(0.00 %),115540,4043900000,10700,374500000,25133981,30.51
28/07/2009,447460,16233786000,0(0.00 %),452800,16425506000,5340,191720000,24686521,30.84
29/07/2009,44880,1688712000,0(0.00 %),51270,1932172000,6390,243460000,24641641,30.87
30/07/2009,-30500,-1071700000,0(0.00 %),1000,35500000,31500,1107200000,24672141,30.85
31/07/2009,64900,2334425000,0(0.00 %),135250,4892165000,70350,2557740000,24607241,30.89
03/08/2009,161620,5762008000,0(0.00 %),211620,7564008000,50000,1802000000,24445621,31.01
04/08/2009,-5940,-218071000,0(0.00 %),279080,10019280000,285020,10237351000,24451561,37.0
05/08/2009,-440200,-15423771000,0(0.00 %),15480,541500000,455680,15965271000,24891761,36.79
06/08/2009,17610,638152000,0(0.00 %),48750,1751622000,31140,1113470000,24874151,36.8
07/08/2009,-280,-9030000,0(0.00 %),7880,280716000,8160,289746000,24874431,36.8
10/08/2009,-50910,-1831122000,0(0.00 %),1390,49345000,52300,1880467000,24925341,36.77
11/08/2009,-127380,-4534447000,0(0.00 %),0,0,127380,4534447000,25052721,36.71
12/08/2009,-78220,-2909884000,0(0.00 %),46100,1714820000,124320,4624704000,25130941,36.67
13/08/2009,-323410,-12612990000,0(0.00 %),10000,390000000,333410,13002990000,25454351,36.51
14/08/2009,830,31295000,0(0.00 %),5430,207835000,4600,176540000,25453521,36.51
17/08/2009,-5700,-214990000,0(0.00 %),2370,89249000,8070,304239000,25459221,36.51
18/08/2009,-26800,-979312000,0(0.00 %),0,0,26800,979312000,25486021,36.5
19/08/2009,-51370,-1945542000,0(0.00 %),2070,79118000,53440,2024660000,25537391,36.47
20/08/2009,11880,482276000,0(0.00 %),55080,2159944000,43200,1677668000,25525511,36.48
21/08/2009,77170,3040222000,0(0.00 %),92470,3646328000,15300,606106000,25448341,36.52
24/08/2009,1060,35509000,0(0.00 %),60100,2320360000,59040,2284851000,25447281,36.52
25/08/2009,-59070,-2251030000,0(0.00 %),20100,767900000,79170,3018930000,25560741,36.46
26/08/2009,-54390,-2070500000,0(0.00 %),480,18240000,54870,2088740000,25501671,36.49
27/08/2009,4430,165102000,0(0.00 %),46430,1768902000,42000,1603800000,25497241,36.49
28/08/2009,165650,6632364000,0(0.00 %),229610,9125624000,63960,2493260000,25331591,36.57
31/08/2009,541650,22405807000,0(0.00 %),623440,25701407000,81790,3295600000,24789941,36.84
01/09/2009,-4150,-151205000,0(0.00 %),60910,2495969000,65060,2647174000,24794091,36.84
03/09/2009,-32680,-1304724000,0(0.00 %),5000,197100000,37680,1501824000,24826771,36.82
04/09/2009,1360,54932000,0(0.00 %),4740,183656000,3380,128724000,24825411,36.82
07/09/2009,-4790,-185463000,0(0.00 %),4850,178611000,9640,364074000,24830201,36.82
08/09/2009,-43110,-1639528000,0(0.00 %),39390,1507940000,82500,3147468000,24873311,36.8
09/09/2009,-59620,-2268106000,0(0.00 %),2000,76150000,61620,2344256000,24932931,36.77
10/09/2009,-30940,-1171460000,0(0.00 %),4560,172624000,35500,1344084000,24963871,36.75
11/09/2009,-90340,-3469219000,0(0.00 %),79660,3056403000,170000,6525622000,25054211,36.71
14/09/2009,-68080,-2739190000,0(0.00 %),64400,2585900000,132480,5325090000,25122291,36.68
15/09/2009,-85160,-3380078000,0(0.00 %),3200,125460000,88360,3505538000,25207451,36.63
16/09/2009,-112460,-4360434000,0(0.00 %),10850,419010000,123310,4779444000,25319911,36.58
17/09/2009,-130950,-5011155000,0(0.00 %),2200,84100000,133150,5095255000,25450861,36.51
18/09/2009,-92410,-3509547000,0(0.00 %),49840,1909804000,142250,5419351000,25543271,36.47
21/09/2009,-109010,-4200131000,0(0.00 %),1100,42460000,110110,4242591000,25652281,36.42
22/09/2009,82580,3162128000,0(0.00 %),192000,7407826000,109420,4245698000,25569701,36.46
23/09/2009,133690,5351591000,0(0.00 %),220200,8821497000,86510,3469906000,25436011,36.52
24/09/2009,-100090,-3870662000,0(0.00 %),32220,1241984000,132310,5112646000,25536101,36.47
25/09/2009,0,0,0(0.00 %),0,0,0,0,25536101,41.55
28/09/2009,0,0,0(0.00 %),0,0,0,0,25593831,41.53
29/09/2009,-266440,-10353667000,0(0.00 %),10330,401570000,276770,10755237000,25923201,36.28
30/09/2009,-116620,-4748768000,0(0.00 %),225250,9003100000,341870,13751868000,26039821,36.23
01/10/2009,190300,7941271000,0(0.00 %),212420,8844056000,22120,902785000,25849521,36.32
02/10/2009,-65110,-2524790000,0(0.00 %),10390,406660000,75500,2931450000,25914631,36.29
05/10/2009,-91940,-3516854000,0(0.00 %),300,11560000,92240,3528414000,26006571,36.24
06/10/2009,-14620,-569294000,0(0.00 %),19540,747906000,34160,1317200000,26021191,36.23
07/10/2009,-3680,-141810000,0(0.00 %),1000,38300000,4680,180110000,26024871,36.23
08/10/2009,46630,1775240000,0(0.00 %),48330,1839840000,1700,64600000,25978241,36.26
09/10/2009,19070,739124000,0(0.00 %),38770,1510184000,19700,771060000,25959171,36.27
12/10/2009,21550,881052000,0(0.00 %),35580,1456582000,14030,575530000,25937621,36.28
13/10/2009,-11990,-516631000,0(0.00 %),16270,694269000,28260,1210900000,25949611,36.27
14/10/2009,29280,1318920000,0(0.00 %),39580,1781980000,10300,463060000,25920331,36.28
15/10/2009,-14810,-701994000,0(0.00 %),0,0,14810,701994000,25935141,36.28
16/10/2009,-147800,-7345716000,0(0.00 %),67090,3334317000,214890,10680033000,25759811,36.36
19/10/2009,269140,12862004000,0(0.00 %),290740,13910178000,21600,1048174000,25813801,36.34
20/10/2009,-50760,-2521021000,0(0.00 %),58940,2920099000,109700,5441120000,25864561,36.31
21/10/2009,170430,8649980000,0(0.00 %),190630,9685380000,20200,1035400000,25694131,36.4
22/10/2009,-181180,-9470295000,0(0.00 %),56110,2896720000,237290,12367015000,25875311,36.31
23/10/2009,259170,13076240000,0(0.00 %),323190,16314740000,64020,3238500000,25616141,36.43
26/10/2009,4130,199114000,0(0.00 %),27370,1314370000,23240,1115256000,25612011,36.44
27/10/2009,202010,9124424000,0(0.00 %),244080,11018502000,42070,1894078000,25410001,36.53
28/10/2009,-22510,-1043864000,0(0.00 %),9520,437300000,32030,1481164000,25432511,36.52
29/10/2009,4030,175327000,0(0.00 %),16840,733062000,12810,557735000,25428481,36.53
30/10/2009,-16110,-722560000,0(0.00 %),6400,281344000,22510,1003904000,25444591,36.52
02/11/2009,-44070,-1842940000,0(0.00 %),23180,972060000,67250,2815000000,25488661,36.5
03/11/2009,-53540,-2143812000,0(0.00 %),1160,46368000,54700,2190180000,25542201,36.47
04/11/2009,-81750,-3154928000,0(0.00 %),5450,210425000,87200,3365353000,25623951,36.43
05/11/2009,-22510,-868598000,0(0.00 %),6000,230400000,28510,1098998000,25646461,36.42
06/11/2009,245890,10225808000,0(0.00 %),293730,12215952000,47840,1990144000,25400571,36.54
09/11/2009,174970,7080673000,0(0.00 %),174970,7080673000,0,0,25225601,36.62
10/11/2009,141040,5567964000,0(0.00 %),157810,6236156000,16770,668192000,25084561,36.69
11/11/2009,151820,6140330000,0(0.00 %),161820,6540330000,10000,400000000,24932741,36.77
12/11/2009,2190,104280000,0(0.00 %),19550,848400000,17360,744120000,24930551,36.77
13/11/2009,-138410,-6033622000,0(0.00 %),18250,808095000,156660,6841717000,25068961,36.7
16/11/2009,23350,1039630000,0(0.00 %),44650,1997530000,21300,957900000,25045611,36.71
17/11/2009,17520,758037000,0(0.00 %),22840,986992000,5320,228955000,25028091,36.72
18/11/2009,-49160,-2124743000,0(0.00 %),47680,2069554000,96840,4194297000,25077251,36.7
19/11/2009,-12010,-539774000,0(0.00 %),2900,129230000,14910,669004000,25089261,36.69
20/11/2009,-175100,-7637790000,0(0.00 %),21900,951932000,197000,8589722000,25264361,36.61
23/11/2009,-13700,-579415000,0(0.00 %),0,0,13700,579415000,25278061,36.6
24/11/2009,24520,1009820000,0(0.00 %),26280,1081980000,1760,72160000,25253541,36.61
25/11/2009,11270,460485000,0(0.00 %),42270,1655495000,31000,1195010000,25242271,36.62
26/11/2009,112630,4122258000,0(0.00 %),129110,4725426000,16480,603168000,25129641,36.67
27/11/2009,72860,2535636000,0(0.00 %),74520,2593404000,1660,57768000,25056781,36.71
30/11/2009,-17410,-655880000,0(0.00 %),69490,2573981000,86900,3229861000,25074191,36.7
01/12/2009,1700,61196000,0(0.00 %),8000,301600000,6300,240404000,25072491,36.7
02/12/2009,286350,10683548000,0(0.00 %),301260,11245297000,14910,561749000,24786141,36.84
03/12/2009,-8340,-302149000,0(0.00 %),3700,136600000,12040,438749000,24794481,36.84
04/12/2009,-88220,-3169198000,0(0.00 %),140250,5328050000,228470,8497248000,24882701,36.79
07/12/2009,-27690,-1025936000,0(0.00 %),11400,420800000,39090,1446736000,24910391,36.78
08/12/2009,-7700,-296142000,0(0.00 %),17300,634600000,25000,930742000,24918091,36.78
09/12/2009,-94280,-3276626000,0(0.00 %),3000,104400000,97280,3381026000,25012371,36.73
10/12/2009,-160600,-5393297000,0(0.00 %),210,7040000,160810,5400337000,25172971,36.65
11/12/2009,-10180,-321180000,0(0.00 %),3160,99394000,13340,420574000,25183151,36.65
14/12/2009,-452210,-14080240000,0(0.00 %),3760,116260000,455970,14196500000,25635361,36.42
15/12/2009,-9830,-299067000,0(0.00 %),3010,92910000,12840,391977000,25645191,36.42
16/12/2009,23880,695627000,0(0.00 %),32500,942969000,8620,247342000,25621311,36.43
17/12/2009,-173580,-4706218000,0(0.00 %),10,271000,173590,4706489000,25794891,36.35
18/12/2009,-1090890,-30793298000,0(0.00 %),8300,228250000,1099190,31021548000,26885781,35.81
21/12/2009,-39850,-1187575000,0(0.00 %),4570,134815000,44420,1322390000,26925631,35.79
22/12/2009,5120,139518000,0(0.00 %),61880,1909268000,56760,1769750000,26920511,35.79
23/12/2009,-49550,-1515000000,0(0.00 %),2000,60400000,51550,1575400000,26970061,35.77
24/12/2009,4700,124380000,0(0.00 %),28370,855037000,23670,730657000,26965361,35.77
25/12/2009,-12100,-406560000,0(0.00 %),3000,100800000,15100,507360000,26977461,35.77
28/12/2009,8360,292632000,0(0.00 %),23950,838400000,15590,545768000,26969101,35.77
29/12/2009,13850,483250000,0(0.00 %),13850,483250000,0,0,26955251,35.78
30/12/2009,-5230,-192317000,0(0.00 %),5780,202942000,11010,395259000,26960481,35.77
31/12/2009,-4420,-156935000,0(0.00 %),0,0,4420,156935000,26964901,35.77
04/01/2010,6160,225952000,0(0.00 %),7100,260450000,940,34498000,26958741,35.77
05/01/2010,24300,935550000,0(0.00 %),26500,1020250000,2200,84700000,26934441,35.79
06/01/2010,68570,2708748000,0(0.00 %),82520,3254203000,13950,545455000,26865871,35.82
07/01/2010,13750,535236000,0(0.00 %),40130,1593989000,26380,1058753000,26852121,35.83
08/01/2010,4920,179121000,0(0.00 %),22590,899735000,17670,720614000,26847201,35.83
11/01/2010,24270,903676000,0(0.00 %),24270,903676000,0,0,26822931,35.84
12/01/2010,55450,2003183000,0(0.00 %),98650,3574219000,43200,1571036000,26767481,35.87
13/01/2010,38600,1346340000,0(0.00 %),43960,1534700000,5360,188360000,26728881,35.89
14/01/2010,26110,963314000,0(0.00 %),26110,963314000,0,0,26702771,35.9
15/01/2010,25510,934228000,0(0.00 %),63870,2313955000,38360,1379727000,26677261,35.91
18/01/2010,41550,1427750000,0(0.00 %),41550,1427750000,0,0,26635711,35.93
19/01/2010,52550,1810285000,0(0.00 %),65780,2267005000,13230,456720000,26583161,35.96
20/01/2010,15270,527798000,0(0.00 %),361180,12634648000,345910,12106850000,26567891,35.97
21/01/2010,61540,2031575000,0(0.00 %),61760,2038835000,220,7260000,26506351,36.0
22/01/2010,14390,462058000,0(0.00 %),314390,9642058000,300000,9180000000,26491961,36.0
25/01/2010,14910,481220000,0(0.00 %),16400,528900000,1490,47680000,26477051,36.01
26/01/2010,3600,122300000,0(0.00 %),9600,327500000,6000,205200000,26473451,36.01
27/01/2010,-111610,-3776912000,0(0.00 %),4520,154020000,116130,3930932000,26585061,35.96
28/01/2010,-7080,-227976000,0(0.00 %),150000,4710000000,157080,4937976000,26592141,35.95
29/01/2010,11530,373442000,0(0.00 %),15550,502910000,4020,129468000,26580611,35.96
01/02/2010,0,0,0(0.00 %),0,0,0,0,26580611,35.96
02/02/2010,-2760,-91392000,0(0.00 %),500,16600000,3260,107992000,26583371,35.96
03/02/2010,10120,334658000,0(0.00 %),28600,944050000,18480,609392000,26573251,35.96
04/02/2010,14090,472870000,0(0.00 %),14090,472870000,0,0,26559161,35.97
05/02/2010,-87790,-2891322000,0(0.00 %),14480,479856000,102270,3371178000,26646951,35.93
08/02/2010,-44120,-1430936000,0(0.00 %),13360,433908000,57480,1864844000,26691071,35.91
09/02/2010,-31450,-1004080000,0(0.00 %),500,16000000,31950,1020080000,26722521,35.89
10/02/2010,11910,381607000,0(0.00 %),13600,435820000,1690,54213000,26710611,35.9
11/02/2010,-30210,-968828000,0(0.00 %),28650,925464000,58860,1894292000,26740821,35.88
12/02/2010,23440,775420000,0(0.00 %),23440,775420000,0,0,26717381,35.89
22/02/2010,21640,728806000,0(0.00 %),25120,846356000,3480,117550000,26695741,35.9
23/02/2010,-42850,-1389442000,0(0.00 %),23810,782778000,66660,2172220000,26738591,35.88
24/02/2010,-122930,-3957822000,0(0.00 %),23570,758578000,146500,4716400000,26861521,35.82
25/02/2010,-460680,-14860083000,0(0.00 %),19480,629956000,480160,15490039000,27322201,35.6
26/02/2010,-454070,-14514016000,0(0.00 %),2700,86670000,456770,14600686000,42993573,35.37
01/03/2010,-363650,-11716077000,0(0.00 %),0,0,363650,11716077000,43357223,27.73
02/03/2010,-52470,-1712369000,0(0.00 %),10,327000,52480,1712696000,43409693,27.7
03/03/2010,28160,943270000,0(0.00 %),32730,1095866000,4570,152596000,43381533,27.72
04/03/2010,10710,381856000,0(0.00 %),13700,486357000,2990,104501000,43370823,27.72
05/03/2010,44350,1548675000,0(0.00 %),50550,1765355000,6200,216680000,43326473,27.75
08/03/2010,16840,602554000,0(0.00 %),16840,602554000,0,0,43309633,27.75
09/03/2010,14590,522514000,0(0.00 %),16080,575856000,1490,53342000,43295043,27.76
10/03/2010,22430,798351000,0(0.00 %),22430,798351000,0,0,43272613,27.77
11/03/2010,-8130,-288715000,0(0.00 %),0,0,8130,288715000,43280743,27.77
12/03/2010,4740,169245000,0(0.00 %),21680,809097000,16940,639852000,43276003,27.77
15/03/2010,95080,3787226000,0(0.00 %),143080,5711647000,48000,1924421000,43180923,27.82
16/03/2010,-32760,-1257274000,0(0.00 %),17330,660353000,50090,1917627000,43213683,27.8
17/03/2010,-12250,-439037000,0(0.00 %),15910,593156000,28160,1032193000,43225933,27.79
18/03/2010,-10610,-397120000,0(0.00 %),20390,754880000,31000,1152000000,43236543,27.79
19/03/2010,105960,4025480000,0(0.00 %),107450,4082100000,1490,56620000,43130583,27.84
22/03/2010,-109650,-4086345000,0(0.00 %),12320,463760000,121970,4550105000,43240233,27.79
23/03/2010,12120,447152000,0(0.00 %),12120,447152000,0,0,43228113,27.79
24/03/2010,21230,788248000,0(0.00 %),23530,873348000,2300,85100000,43206883,27.8
25/03/2010,-13390,-487484000,0(0.00 %),13550,495950000,26940,983434000,43220273,27.8
26/03/2010,-17080,-628470000,0(0.00 %),16220,587046000,33300,1215516000,43237353,27.79
29/03/2010,-5180,-191122000,0(0.00 %),200,7300000,5380,198422000,43242533,27.79
30/03/2010,-149230,-5474260000,0(0.00 %),3470,127640000,152700,5601900000,43391763,27.71
31/03/2010,7480,268922000,0(0.00 %),13420,484308000,5940,215386000,43384283,27.72
01/04/2010,39720,1433573000,0(0.00 %),87720,3169273000,48000,1735700000,43344563,27.74
02/04/2010,102470,3799384000,0(0.00 %),102560,3802732000,90,3348000,43242093,27.79
05/04/2010,75530,2802560000,0(0.00 %),82530,3061560000,7000,259000000,43166563,27.82
06/04/2010,88200,3272450000,0(0.00 %),94750,3515775000,6550,243325000,43078363,27.87
07/04/2010,430,16643000,0(0.00 %),4900,182280000,4470,165637000,43077933,27.87
08/04/2010,15840,586480000,0(0.00 %),42490,1572630000,26650,986150000,43062093,27.87
09/04/2010,21210,813612000,0(0.00 %),27160,1034952000,5950,221340000,43040883,27.89
12/04/2010,-5240,-199682000,0(0.00 %),2800,106630000,8040,306312000,43046123,27.88
13/04/2010,-119770,-4453327000,0(0.00 %),0,0,119770,4453327000,43165893,27.82
14/04/2010,-2250,-85475000,0(0.00 %),2750,102025000,5000,187500000,43168143,27.82
15/04/2010,-253310,-9455125000,0(0.00 %),96690,3606875000,350000,13062000000,43421453,27.7
16/04/2010,-269010,-10018530000,0(0.00 %),50,1860000,269060,10020390000,43690463,27.57
19/04/2010,-1010,-37052000,0(0.00 %),50,1850000,1060,38902000,43691473,27.57
20/04/2010,-5580,-204196000,0(0.00 %),0,0,5580,204196000,43697053,27.56
21/04/2010,-2700,-98580000,0(0.00 %),2200,80740000,4900,179320000,43699753,27.56
22/04/2010,44030,1698644000,0(0.00 %),73620,2803164000,29590,1104520000,43655723,27.58
26/04/2010,39940,1517654000,0(0.00 %),61520,2349864000,21580,832210000,43396223,27.71
27/04/2010,147390,5566417000,0(0.00 %),158990,6005422000,11600,439005000,43468393,27.68
28/04/2010,32230,1209389000,0(0.00 %),33930,1273309000,1700,63920000,43436163,27.69
29/04/2010,7610,286780000,0(0.00 %),13540,511220000,5930,224440000,43428553,27.69
04/05/2010,52130,1966618000,0(0.00 %),66910,2527580000,14780,560962000,43376423,27.72
05/05/2010,-4350,-165887000,0(0.00 %),13540,510066000,17890,675953000,43380773,27.72
06/05/2010,-890,-34624000,0(0.00 %),15340,573224000,16230,607848000,43381663,27.72
07/05/2010,23450,859810000,0(0.00 %),25290,927072000,1840,67262000,43358213,27.73
10/05/2010,9760,353587000,0(0.00 %),17660,638590000,7900,285003000,43348453,27.73
12/05/2010,-34130,-1206649000,0(0.00 %),4200,148320000,38330,1354969000,43382583,27.72
13/05/2010,0,0,0(0.00 %),0,0,0,0,43382583,27.72
14/05/2010,-29240,-1017400000,0(0.00 %),860,30100000,30100,1047500000,43411823,27.7
17/05/2010,-4820,-164345000,0(0.00 %),2300,79147000,7120,243492000,43416643,27.7
18/05/2010,-2740,-92064000,0(0.00 %),0,0,2740,92064000,43419383,27.7
19/05/2010,-99550,-3202501000,0(0.00 %),1700,55150000,101250,3257651000,43518933,27.65
20/05/2010,49540,1614996000,0(0.00 %),55460,1799936000,5920,184940000,43469393,27.67
21/05/2010,-16120,-512585000,0(0.00 %),1150,36340000,17270,548925000,43485513,27.67
24/05/2010,-26870,-884510000,0(0.00 %),1670,55110000,28540,939620000,43512383,27.65
25/05/2010,165510,5622383000,0(0.00 %),170640,5796656000,5130,174273000,43346873,27.74
26/05/2010,57700,1968650000,0(0.00 %),59700,2037250000,2000,68600000,43289173,27.76
27/05/2010,148450,5056585000,0(0.00 %),158000,5382610000,9550,326025000,43140723,27.84
28/05/2010,199300,7178587000,0(0.00 %),208970,7528507000,9670,349920000,42941423,27.93
31/05/2010,194500,6983456000,0(0.00 %),221100,7938230000,26600,954774000,42746923,28.03
01/06/2010,31000,1151800000,0(0.00 %),45200,1681460000,14200,529660000,42715923,28.04
02/06/2010,142030,5308963000,0(0.00 %),219250,8199175000,77220,2890212000,42573893,28.11
03/06/2010,201050,7515995000,0(0.00 %),206050,7703495000,5000,187500000,42372843,28.21
04/06/2010,-9730,-360110000,0(0.00 %),42840,1583980000,52570,1944090000,42382573,28.21
07/06/2010,-28860,-1030724000,0(0.00 %),46380,1659380000,75240,2690104000,42411433,28.19
08/06/2010,-55560,-1990974000,0(0.00 %),1550,55020000,57110,2045994000,42466993,28.17
09/06/2010,-220680,-5163912000,0(0.00 %),0,0,220680,5163912000,42687673,29.0
10/06/2010,324360,7702838000,0(0.00 %),401000,9533734000,76640,1830896000,42363313,29.15
11/06/2010,-25250,-606459000,0(0.00 %),259595,5874145000,284845,6480604000,42388563,29.14
14/06/2010,-8690,-201967000,0(0.00 %),102750,2384075000,111440,2586042000,42397253,29.14
15/06/2010,28760,661536000,0(0.00 %),51530,1183143000,22770,521607000,42368493,29.15
16/06/2010,102240,2346510000,0(0.00 %),102240,2346510000,0,0,42266253,29.2
17/06/2010,42110,957682000,0(0.00 %),464725,10296424000,422615,9338742000,42224143,29.22
18/06/2010,291270,6767130000,0(0.00 %),293090,6809560000,1820,42430000,41932873,29.35
21/06/2010,-66840,-1546290000,0(0.00 %),4650,108550000,71490,1654840000,41999713,29.32
22/06/2010,71820,1635349000,0(0.00 %),95520,2178256000,23700,542907000,41927893,29.36
23/06/2010,90750,2065689000,0(0.00 %),139760,3186016000,49010,1120327000,41837143,29.4
24/06/2010,6690,164711000,0(0.00 %),46860,1072583000,40170,907872000,41830453,29.4
25/06/2010,-54060,-1196504000,0(0.00 %),25760,575800000,79820,1772304000,41884513,29.38
28/06/2010,-263200,-5754198000,0(0.00 %),30550,671250000,293750,6425448000,42147713,29.25
29/06/2010,122750,2773185000,0(0.00 %),122750,2773185000,0,0,42024963,29.31
30/06/2010,14610,326042000,0(0.00 %),19000,423500000,4390,97458000,42010353,29.32
01/07/2010,8070,180401000,0(0.00 %),18310,405681000,10240,225280000,42002283,29.32
02/07/2010,-193610,-4218198000,0(0.00 %),250,5450000,193860,4223648000,42195893,29.23
05/07/2010,109690,2413055000,0(0.00 %),186970,4114643000,77280,1701588000,42086203,29.28
06/07/2010,116170,2543559000,0(0.00 %),118500,2594120000,2330,50561000,41970033,29.34
07/07/2010,-14840,-321444000,0(0.00 %),1200,26040000,16040,347484000,41984873,29.33
08/07/2010,30700,671360000,0(0.00 %),39800,869540000,9100,198180000,41954173,29.34
09/07/2010,87640,1907691000,0(0.00 %),96300,2096289000,8660,188598000,41866533,29.39
12/07/2010,200,4330000,0(0.00 %),200,4330000,0,0,41866333,29.39
13/07/2010,162690,3620224000,0(0.00 %),162690,3620224000,0,0,41703643,29.46
14/07/2010,56310,1291977000,0(0.00 %),56310,1291977000,0,0,41647333,29.49
15/07/2010,34550,773857000,0(0.00 %),34550,773857000,0,0,41612783,29.5
16/07/2010,71010,1573220000,0(0.00 %),71010,1573220000,0,0,41541773,29.54
19/07/2010,77460,1694200000,0(0.00 %),79840,1746560000,2380,52360000,41464313,29.57
20/07/2010,16310,359820000,0(0.00 %),65400,1435800000,49090,1075980000,41448003,29.58
21/07/2010,-12290,-268195000,0(0.00 %),910,19565000,13200,287760000,41460293,29.58
22/07/2010,17810,382575000,0(0.00 %),38000,814966000,20190,432391000,41442483,29.58
23/07/2010,6920,148260000,0(0.00 %),15900,341830000,8980,193570000,41435563,29.59
26/07/2010,21140,455132000,0(0.00 %),23910,514481000,2770,59349000,41414423,29.6
27/07/2010,304520,6534525000,0(0.00 %),330100,7084425000,25580,549900000,41109903,29.74
28/07/2010,2120,45818000,0(0.00 %),4500,96750000,2380,50932000,41107783,29.74
29/07/2010,406810,8772124000,0(0.00 %),407700,8791170000,890,19046000,40700973,29.93
30/07/2010,-3610,-77976000,0(0.00 %),270,5832000,3880,83808000,40704583,29.93
02/08/2010,1580,34738000,0(0.00 %),2500,54690000,920,19952000,40703003,29.93
03/08/2010,255560,5573652000,0(0.00 %),257840,5623128000,2280,49476000,40447443,30.05
04/08/2010,5140,111060000,0(0.00 %),5140,111060000,0,0,40442303,30.05
05/08/2010,122060,2631205000,0(0.00 %),197310,4251896000,75250,1620691000,40320243,30.11
06/08/2010,-28380,-602765000,0(0.00 %),22820,483866000,51200,1086631000,40348623,30.1
09/08/2010,-19140,-386218000,0(0.00 %),30860,635282000,50000,1021500000,40367763,30.09
10/08/2010,107260,2130330000,0(0.00 %),169840,3350898000,62580,1220568000,40260503,30.14
11/08/2010,-118000,-2369700000,0(0.00 %),2000,39800000,120000,2409500000,40596663,29.98
12/08/2010,-72190,-1390482000,0(0.00 %),29000,576600000,101190,1967082000,40450693,30.05
13/08/2010,12240,233500000,0(0.00 %),12240,233500000,0,0,40438453,30.05
16/08/2010,-202390,-4059451000,0(0.00 %),6150,122302000,208540,4181753000,40640843,29.96
17/08/2010,105590,2106254000,0(0.00 %),105590,2106254000,0,0,40349603,30.1
18/08/2010,5400,106010000,0(0.00 %),10600,210010000,5200,104000000,40529853,30.01
19/08/2010,-42370,-814173000,0(0.00 %),36340,696008000,78710,1510181000,40572223,29.99
20/08/2010,117030,2332438000,0(0.00 %),172020,3382824000,54990,1050386000,40455193,0.0
23/08/2010,-23470,-440830000,0(0.00 %),57750,1097250000,81220,1538080000,73531840,9.1
24/08/2010,-12410,-224721000,0(0.00 %),19500,352850000,31910,577571000,73544250,27.45
25/08/2010,-111130,-1913194000,0(0.00 %),84340,1442582000,195470,3355776000,73655380,27.42
26/08/2010,-11700,-184563000,0(0.00 %),34930,605848000,46630,790411000,73667080,27.41
27/08/2010,4150,71035000,0(0.00 %),5170,88579000,1020,17544000,73662930,27.42
30/08/2010,-319100,-5745708000,0(0.00 %),201230,3610932000,520330,9356640000,73982030,27.32
31/08/2010,436880,8119613000,0(0.00 %),677380,12606863000,240500,4487250000,73545150,27.45
01/09/2010,230330,4467222000,0(0.00 %),277520,5377047000,47190,909825000,73314820,27.52
06/09/2010,-117450,-2393928000,0(0.00 %),86640,1765608000,204090,4159536000,73432270,27.48
07/09/2010,84390,1702519000,0(0.00 %),128590,2602303000,44200,899784000,73347880,27.51
08/09/2010,234380,4549641000,0(0.00 %),255130,4951116000,20750,401475000,73113500,27.58
09/09/2010,-100310,-1937042000,0(0.00 %),104470,2063310000,204780,4000352000,73213810,27.55
10/09/2010,12320,231872000,0(0.00 %),336657,6309974000,324337,6078102000,73201490,27.55
13/09/2010,-81360,-1464009000,0(0.00 %),111580,2009232000,192940,3473241000,73282850,27.53
14/09/2010,-801470,-15147783000,0(0.00 %),14430,272727000,815900,15420510000,74084320,27.29
15/09/2010,112490,2125185000,0(0.00 %),114860,2169504000,2370,44319000,73971830,27.32
16/09/2010,95620,1809762000,0(0.00 %),95640,1810138000,20,376000,73876210,27.35
17/09/2010,-13510,-255801000,0(0.00 %),19490,372299000,33000,628100000,73889720,27.35
20/09/2010,-269270,-5005269000,0(0.00 %),131230,2434631000,400500,7439900000,74158990,27.27
21/09/2010,7200,130095000,0(0.00 %),65940,1221384000,58740,1091289000,74151790,27.27
22/09/2010,8110,154476000,0(0.00 %),58860,1107771000,50750,953295000,74143680,27.27
23/09/2010,-480980,-8778227000,0(0.00 %),85380,1545378000,566360,10323605000,74624660,27.13
24/09/2010,-1674720,-29947103000,0(0.00 %),10850,195130000,1685570,30142233000,76299380,26.64
27/09/2010,-484120,-8524786000,0(0.00 %),6100,108448000,490220,8633234000,76783500,26.5
28/09/2010,33690,609966000,0(0.00 %),204400,3649557000,170710,3039591000,76749810,26.51
29/09/2010,-139470,-2443292000,0(0.00 %),20480,359944000,159950,2803236000,76889280,26.47
30/09/2010,135760,2343811000,0(0.00 %),334540,5778851000,198780,3435040000,76753520,26.51
01/10/2010,13410,226403000,0(0.00 %),240840,4130456000,227430,3904053000,76740110,26.51
04/10/2010,320380,5316940000,0(0.00 %),327430,5433265000,7050,116325000,76419730,26.61
05/10/2010,39550,689168000,0(0.00 %),241550,3966368000,202000,3277200000,76380180,26.62
06/10/2010,312430,5402375000,0(0.00 %),577770,9901516000,265340,4499141000,76067750,26.71
07/10/2010,141530,2502313000,0(0.00 %),397270,7042032000,255740,4539719000,75926220,26.75
08/10/2010,37000,638769000,0(0.00 %),139820,2415747000,102820,1776978000,75889220,26.76
11/10/2010,-95680,-1619206000,0(0.00 %),27770,470690000,123450,2089896000,75984900,26.74
12/10/2010,39770,662136000,0(0.00 %),39770,662136000,0,0,75945130,26.75
13/10/2010,141220,2383672000,0(0.00 %),146620,2473312000,5400,89640000,75803910,26.79
14/10/2010,-16540,-263190000,0(0.00 %),96300,1638090000,112840,1901280000,75820450,26.78
15/10/2010,-65420,-1094257000,0(0.00 %),189890,3170935000,255310,4265192000,75885870,26.76
18/10/2010,-166470,-2759629000,0(0.00 %),25940,429704000,192410,3189333000,76052340,26.72
19/10/2010,298210,4866925000,0(0.00 %),298210,4866925000,0,0,75754130,26.8
20/10/2010,197770,3106237000,0(0.00 %),204420,3212502000,6650,106265000,75556360,26.86
21/10/2010,43730,676350000,0(0.00 %),114550,1776561000,70820,1100211000,75512630,26.87
22/10/2010,137680,2144658000,0(0.00 %),139680,2175858000,2000,31200000,75374950,26.91
25/10/2010,41390,642586000,0(0.00 %),42980,667390000,1590,24804000,75333560,26.93
26/10/2010,-8760,-144241000,0(0.00 %),81860,1331365000,90620,1475606000,75342320,26.92
27/10/2010,60790,976503000,0(0.00 %),110290,1778149000,49500,801646000,75281530,26.94
28/10/2010,-21620,-342719000,0(0.00 %),41180,657081000,62800,999800000,75303150,26.93
29/10/2010,-81510,-1296458000,0(0.00 %),50820,807502000,132330,2103960000,75384660,26.91
01/11/2010,78600,1233547000,0(0.00 %),104410,1639264000,25810,405717000,75306060,26.93
02/11/2010,46420,720252000,0(0.00 %),46420,720252000,0,0,75259640,26.95
03/11/2010,104540,1592277000,0(0.00 %),107170,1632779000,2630,40502000,75155100,26.98
04/11/2010,24510,376372000,0(0.00 %),64510,992372000,40000,616000000,75130590,26.99
05/11/2010,118190,1853619000,0(0.00 %),119720,1877740000,1530,24121000,75012400,27.02
08/11/2010,78760,1220672000,0(0.00 %),127490,1977123000,48730,756451000,74933640,27.04
09/11/2010,378560,5803924000,0(0.00 %),442650,6787910000,64090,983986000,74555080,27.15
10/11/2010,44890,688689000,0(0.00 %),103890,1588399000,59000,899710000,74510190,27.17
11/11/2010,138640,2124075000,0(0.00 %),391380,5980647000,252740,3856572000,74371550,27.21
12/11/2010,-305300,-4407797000,0(0.00 %),143540,2079624000,448840,6487421000,74676850,27.12
15/11/2010,-238840,-3363436000,0(0.00 %),83870,1188638000,322710,4552074000,74915690,27.05
16/11/2010,-204910,-2704458000,0(0.00 %),119820,1632851000,324730,4337309000,75120600,26.99
17/11/2010,-150970,-1987711000,0(0.00 %),184820,2423907000,335790,4411618000,75271570,26.94
18/11/2010,-133060,-1784316000,0(0.00 %),68730,928482000,201790,2712798000,75404630,26.91
19/11/2010,64490,862235000,0(0.00 %),67090,897335000,2600,35100000,75340140,26.92
22/11/2010,-815530,-10403347000,0(0.00 %),104460,1335174000,919990,11738521000,76155670,26.68
23/11/2010,240940,3143993000,0(0.00 %),287240,3743763000,46300,599770000,75914730,26.76
24/11/2010,-15290,-192386000,0(0.00 %),209710,2784571000,225000,2976957000,75930020,26.75
25/11/2010,-84950,-1154327000,0(0.00 %),55020,754112000,139970,1908439000,76014970,26.73
26/11/2010,-47440,-647497000,0(0.00 %),33030,449897000,80470,1097394000,76062410,26.71
29/11/2010,269820,3754447000,0(0.00 %),284640,3956357000,14820,201910000,75792590,26.79
30/11/2010,-370390,-5424794000,0(0.00 %),114810,1693211000,485200,7118005000,76162980,26.68
01/12/2010,-528240,-7710352000,0(0.00 %),115370,1675649000,643610,9386001000,76691220,26.53
02/12/2010,-1499450,-22446881000,0(0.00 %),32240,471028000,1531690,22917909000,78190670,26.09
03/12/2010,-2067890,-33086240000,0(0.00 %),38270,612320000,2106160,33698560000,80258560,25.48
06/12/2010,-2210730,-35537798000,0(0.00 %),74900,1208774000,2285630,36746572000,82469290,24.83
07/12/2010,-379220,-5906249000,0(0.00 %),130530,2034042000,509750,7940291000,82848510,24.72
08/12/2010,36830,544524000,0(0.00 %),36880,545274000,50,750000,82811680,24.73
09/12/2010,-27850,-438102000,0(0.00 %),32260,473170000,60110,911272000,82839530,24.73
10/12/2010,-1058020,-16327046000,0(0.00 %),222980,3411400000,1281000,19738446000,83897550,24.42
13/12/2010,-1646190,-26832897000,0(0.00 %),93660,1526658000,1739850,28359555000,85543740,23.93
14/12/2010,774610,12297132000,0(0.00 %),974640,15497597000,200030,3200465000,84769130,24.16
15/12/2010,-2269820,-37013076000,0(0.00 %),536380,8727984000,2806200,45741060000,87038950,23.5
16/12/2010,-98070,-1576644000,0(0.00 %),871790,14477130000,969860,16053774000,87137020,23.47
17/12/2010,-35170,-532154000,0(0.00 %),1595150,26858978000,1630320,27391132000,87172190,23.46
20/12/2010,19340,339646000,0(0.00 %),633930,11340807000,614590,11001161000,87152850,23.46
21/12/2010,563620,9637633000,0(0.00 %),783060,13480109000,219440,3842476000,86589230,23.63
22/12/2010,-217110,-3681232000,0(0.00 %),43570,745678000,260680,4426910000,86806340,23.56
23/12/2010,141070,2287742000,0(0.00 %),241360,3929496000,100290,1641754000,86665270,23.61
24/12/2010,67500,1072942000,0(0.00 %),104730,1669153000,37230,596211000,86597770,23.63
27/12/2010,115040,1850250000,0(0.00 %),115040,1850250000,0,0,86482730,23.66
28/12/2010,176980,2923272000,0(0.00 %),236310,3915822000,59330,992550000,86305750,23.71
29/12/2010,16750,278029000,0(0.00 %),64950,1092249000,48200,814220000,86289000,23.72
30/12/2010,169530,2796416000,0(0.00 %),169530,2796416000,0,0,86119470,23.77
31/12/2010,-44960,-747736000,0(0.00 %),59190,976154000,104150,1723890000,86164430,23.75
04/01/2011,123460,2069612000,0(0.00 %),123460,2069612000,0,0,86040970,23.79
05/01/2011,140000,2303049000,0(0.00 %),147510,2427717000,7510,124668000,85900970,23.83
06/01/2011,71220,1150560000,0(0.00 %),71220,1150560000,0,0,85829750,23.85
07/01/2011,24960,403553000,0(0.00 %),42180,683916000,17220,280363000,85804790,23.86
10/01/2011,107920,1704295000,0(0.00 %),169280,2662645000,61360,958350000,85696870,23.89
11/01/2011,112090,1699578000,0(0.00 %),142090,2152578000,30000,453000000,85584780,23.92
12/01/2011,101360,1555148000,0(0.00 %),104360,1600848000,3000,45700000,85483420,23.95
13/01/2011,148950,2335591000,0(0.00 %),148950,2335591000,0,0,85334470,24.0
14/01/2011,200850,3143475000,0(0.00 %),436650,6991535000,235800,3848060000,85133620,24.24
17/01/2011,404630,6803125000,0(0.00 %),412630,6936725000,8000,133600000,84728990,24.36
18/01/2011,214440,3526947000,0(0.00 %),214440,3526947000,0,0,84514550,24.24
19/01/2011,409240,6654304000,0(0.00 %),525220,8575408000,115980,1921104000,84105310,24.36
20/01/2011,-170830,-2787209000,0(0.00 %),239490,3932887000,410320,6720096000,84276140,24.31
21/01/2011,314240,5144986000,0(0.00 %),314240,5144986000,0,0,83961900,24.4
24/01/2011,273360,4433161000,0(0.00 %),274660,4454481000,1300,21320000,83688540,24.48
25/01/2011,114170,1826743000,0(0.00 %),116730,1867723000,2560,40980000,83574370,24.51
26/01/2011,76760,1234705000,0(0.00 %),76760,1234705000,0,0,83497610,39.04
27/01/2011,315520,5175469000,0(0.00 %),329120,5395949000,13600,220480000,83182090,24.63
28/01/2011,120340,1971976000,0(0.00 %),256160,4214220000,135820,2242244000,83061750,24.66
08/02/2011,239120,3970267000,0(0.00 %),244630,4061182000,5510,90915000,82822630,24.73
09/02/2011,173450,2948974000,0(0.00 %),254150,4309874000,80700,1360900000,82649180,24.97
10/02/2011,-489450,-8417655000,0(0.00 %),77330,1327077000,566780,9744732000,83138630,24.64
11/02/2011,161630,2730873000,0(0.00 %),169630,2865273000,8000,134400000,82977000,24.87
14/02/2011,-39550,-664142000,0(0.00 %),42830,718444000,82380,1382586000,83016550,24.67
15/02/2011,-445000,-7335073000,0(0.00 %),146360,2415907000,591360,9750980000,83461550,24.54
16/02/2011,-384760,-6310310000,0(0.00 %),60430,989928000,445190,7300238000,83846310,24.43
17/02/2011,-355710,-5705602000,0(0.00 %),136410,2187430000,492120,7893032000,84202020,24.33
18/02/2011,-62420,-1005858000,0(0.00 %),73930,1169506000,136350,2175364000,84264440,24.31
21/02/2011,-92450,-1387650000,0(0.00 %),1580,23800000,94030,1411450000,84478340,24.25
22/02/2011,-750700,-10796873000,0(0.00 %),51750,742725000,802450,11539598000,85015140,24.09
23/02/2011,56610,830779000,0(0.00 %),76010,1112879000,19400,282100000,84958530,24.11
24/02/2011,572640,8414820000,0(0.00 %),753110,11005048000,180470,2590228000,84385890,24.27
25/02/2011,191860,2870674000,0(0.00 %),194860,2916274000,3000,45600000,84194030,24.33
28/02/2011,-701800,-10264333000,0(0.00 %),43790,650729000,745590,10915062000,84895830,24.12
01/03/2011,35380,512948000,0(0.00 %),45430,659678000,10050,146730000,84860450,24.13
02/03/2011,-444480,-6199595000,0(0.00 %),70790,988723000,515270,7188318000,85304930,24.0
03/03/2011,350,1902000,0(0.00 %),46430,641994000,46080,640092000,0,0.0
04/03/2011,41290,562315000,0(0.00 %),43940,598090000,2650,35775000,0,0.0
07/03/2011,26740,366368000,0(0.00 %),46740,640368000,20000,274000000,0,0.0
08/03/2011,87230,1197989000,0(0.00 %),107240,1470127000,20010,272138000,0,0.0
09/03/2011,41160,557297000,0(0.00 %),61960,833156000,20800,275859000,0,0.0
10/03/2011,11430,167135000,0(0.00 %),31430,439235000,20000,272100000,0,0.0
11/03/2011,-292820,-4339405000,0(0.00 %),86560,1275286000,379380,5614691000,0,0.0
14/03/2011,-120770,-1737638000,0(0.00 %),183230,2607812000,304000,4345450000,0,0.0
15/03/2011,199900,2812820000,0(0.00 %),441280,6211407000,241380,3398587000,0,0.0
16/03/2011,353460,5012636000,0(0.00 %),441540,6261474000,88080,1248838000,107287226,17.56
17/03/2011,300530,4309079000,0(0.00 %),306530,4394879000,6000,85800000,106986696,17.65
18/03/2011,-43270,-569089000,0(0.00 %),604220,8677069000,647490,9246158000,107029966,17.64
21/03/2011,-38630,-562295000,0(0.00 %),0,0,38630,562295000,107068596,17.63
22/03/2011,127930,1831059000,0(0.00 %),180870,2590223000,52940,759164000,106940666,17.66
23/03/2011,318830,4580695000,0(0.00 %),318830,4580695000,0,0,106621836,17.76
24/03/2011,-2650,-34047000,0(0.00 %),126950,1827375000,129600,1861422000,106624486,17.76
25/03/2011,22600,321541000,0(0.00 %),49290,700468000,26690,378927000,106601886,17.76
28/03/2011,48890,697708000,0(0.00 %),53040,756668000,4150,58960000,106552996,17.78
29/03/2011,47940,676048000,0(0.00 %),47940,676048000,0,0,106505056,17.79
30/03/2011,95470,1323316000,0(0.00 %),95470,1323316000,0,0,106409586,17.82
31/03/2011,37860,523988000,0(0.00 %),47940,663572000,10080,139584000,106371726,17.83
01/04/2011,46940,647562000,0(0.00 %),47940,661372000,1000,13810000,107031092,17.64
04/04/2011,56940,777672000,0(0.00 %),56940,777672000,0,0,106974152,17.65
05/04/2011,166770,2265998000,0(0.00 %),174940,2377227000,8170,111229000,106807382,17.7
06/04/2011,-276060,-3843958000,0(0.00 %),63940,874478000,340000,4718436000,107083442,17.62
07/04/2011,59800,831746000,0(0.00 %),68810,957788000,9010,126042000,107023642,17.64
08/04/2011,137180,1893725000,0(0.00 %),162170,2237890000,24990,344165000,106886462,17.68
13/04/2011,95270,1303770000,0(0.00 %),100390,1373678000,5120,69908000,106791192,17.71
14/04/2011,298740,4072511000,0(0.00 %),302890,4128991000,4150,56480000,106492452,17.8
15/04/2011,480410,6570127000,0(0.00 %),481410,6583817000,1000,13690000,106012042,17.94
18/04/2011,-298510,-3919612000,0(0.00 %),267290,3554115000,565800,7473727000,106310552,17.85
19/04/2011,68340,892326000,0(0.00 %),88310,1147942000,19970,255616000,106242212,17.87
20/04/2011,25560,327699000,0(0.00 %),147110,1902699000,121550,1575000000,106216652,17.88
21/04/2011,48990,632020000,0(0.00 %),52940,683370000,3950,51350000,106167662,17.89
22/04/2011,-19000,-236836000,0(0.00 %),1000,12700000,20000,249536000,106186662,17.89
25/04/2011,-446270,-5704349000,0(0.00 %),108940,1390950000,555210,7095299000,106632932,17.75
26/04/2011,94990,1209238000,0(0.00 %),96990,1235038000,2000,25800000,106537942,17.78
27/04/2011,-18020,-216908000,0(0.00 %),135150,1679900000,153170,1896808000,106555962,17.78
28/04/2011,-4080,-51292000,0(0.00 %),47920,597208000,52000,648500000,106560042,17.78
29/04/2011,84780,1068700000,0(0.00 %),87140,1098436000,2360,29736000,106475262,17.8
04/05/2011,223460,2839295000,0(0.00 %),255690,3247947000,32230,408652000,106111369,17.91
05/05/2011,371780,4734304000,0(0.00 %),371780,4734304000,0,0,105739589,18.02
06/05/2011,87550,1118005000,0(0.00 %),87550,1118005000,0,0,105652039,18.04
09/05/2011,98420,1270872000,0(0.00 %),109810,1417064000,11390,146192000,105553619,18.07
10/05/2011,49040,631612000,0(0.00 %),49040,631612000,0,0,105504579,18.09
11/05/2011,35440,449132000,0(0.00 %),48040,609912000,12600,160780000,105469139,18.1
12/05/2011,70220,881864000,0(0.00 %),71240,894714000,1020,12850000,105398919,18.12
13/05/2011,41090,513784000,0(0.00 %),54040,676054000,12950,162270000,105357829,18.13
16/05/2011,34810,433981000,0(0.00 %),43040,536500000,8230,102519000,105323019,18.14
17/05/2011,26400,324089000,0(0.00 %),54130,662022000,27730,337933000,105296619,18.15
18/05/2011,49460,575646000,0(0.00 %),58140,676366000,8680,100720000,105247159,18.16
19/05/2011,47040,530882000,0(0.00 %),48040,542252000,1000,11370000,105200119,18.17
20/05/2011,-83840,-905459000,0(0.00 %),11900,129790000,95740,1035249000,105283959,18.15
23/05/2011,-112390,-1157007000,0(0.00 %),200,2060000,112590,1159067000,105396349,18.12
24/05/2011,-79140,-768659000,0(0.00 %),10430,102264000,89570,870923000,105475489,18.09
25/05/2011,-47740,-443982000,0(0.00 %),3400,31620000,51140,475602000,105523229,18.08
26/05/2011,-52730,-431215000,0(0.00 %),113100,1046024000,165830,1477239000,105575959,18.06
27/05/2011,10740,106816000,0(0.00 %),55060,550200000,44320,443384000,105565219,18.07
30/05/2011,202220,1960312000,0(0.00 %),225560,2190356000,23340,230044000,105362999,18.13
31/05/2011,247530,2378629000,0(0.00 %),266250,2557225000,18720,178596000,105115469,18.2
01/06/2011,103920,1052164000,0(0.00 %),125640,1269148000,21720,216984000,105007461,18.23
02/06/2011,8480,87528000,0(0.00 %),139500,1501800000,131020,1414272000,104998981,18.23
03/06/2011,-44980,-460868000,0(0.00 %),89730,998249000,134710,1459117000,105043961,18.4
06/06/2011,-39290,-404068000,0(0.00 %),21500,227150000,60790,631218000,105083251,18.39
07/06/2011,77690,861859000,0(0.00 %),88800,985180000,11110,123321000,105005561,18.42
08/06/2011,46100,514470000,0(0.00 %),53100,592220000,7000,77750000,104959461,18.43
09/06/2011,17000,187300000,0(0.00 %),18620,205120000,1620,17820000,104942461,18.43
10/06/2011,-52850,-611625000,0(0.00 %),0,0,52850,611625000,104995311,18.42
13/06/2011,-388510,-4624345000,0(0.00 %),52080,625640000,440590,5249985000,105383821,18.31
14/06/2011,-198520,-2510350000,0(0.00 %),23100,289500000,221620,2799850000,105582341,18.25
15/06/2011,-202100,-2319336000,0(0.00 %),0,0,202100,2319336000,105784441,18.19
16/06/2011,-121320,-1393337000,0(0.00 %),88480,1015043000,209800,2408380000,105905761,18.15
17/06/2011,-465010,-5203493000,0(0.00 %),270560,3023251000,735570,8226744000,106370771,18.02
20/06/2011,-56290,-608154000,0(0.00 %),3800,40740000,60090,648894000,106427061,18.0
21/06/2011,99480,1090097000,0(0.00 %),141040,1538789000,41560,448692000,106327581,18.03
22/06/2011,236450,2682425000,0(0.00 %),314920,3577930000,78470,895505000,106091131,18.1
23/06/2011,-156380,-1733826000,0(0.00 %),600,6670000,156980,1740496000,106247511,18.05
24/06/2011,-366460,-4025838000,0(0.00 %),500,5500000,366960,4031338000,106613971,17.94
27/06/2011,-117410,-1286719000,0(0.00 %),1200,13080000,118610,1299799000,106731381,17.91
28/06/2011,-124190,-1332837000,0(0.00 %),19200,205730000,143390,1538567000,106855571,17.87
29/06/2011,325570,3513417000,0(0.00 %),548340,5910199000,222770,2396782000,106530001,17.97
30/06/2011,71000,776784000,0(0.00 %),103160,1125873000,32160,349089000,106459001,17.99
01/07/2011,2810,31104000,0(0.00 %),12000,127200000,9190,96096000,106789925,17.89
04/07/2011,10210,107703000,0(0.00 %),13000,136500000,2790,28797000,106779715,17.9
05/07/2011,2700,28800000,0(0.00 %),2700,28800000,0,0,106777015,17.9
06/07/2011,4000,42800000,0(0.00 %),4000,42800000,0,0,106773015,17.9
07/07/2011,1440,15212000,0(0.00 %),7000,73640000,5560,58428000,106771575,17.9
08/07/2011,-55190,-570776000,0(0.00 %),500,5200000,55690,575976000,106826765,17.88
11/07/2011,-12000,-123600000,0(0.00 %),0,0,12000,123600000,106838765,17.88
12/07/2011,-12200,-123131000,0(0.00 %),0,0,12200,123131000,106850965,17.88
13/07/2011,-100930,-1034266000,0(0.00 %),0,0,100930,1034266000,106951895,17.85
14/07/2011,-25990,-264613000,0(0.00 %),2000,20400000,27990,285013000,106977885,17.84
15/07/2011,-178380,-1802385000,0(0.00 %),160,1616000,178540,1804001000,107156265,17.79
18/07/2011,-209330,-2076150000,0(0.00 %),0,0,209330,2076150000,107365595,17.72
19/07/2011,0,0,0(0.00 %),0,0,0,0,107365595,17.66
20/07/2011,107160,1097073000,0(0.00 %),107160,1097073000,0,0,107258435,17.69
21/07/2011,7050,72815000,0(0.00 %),9050,93215000,2000,20400000,107251385,17.69
22/07/2011,0,0,0(0.00 %),0,0,0,0,107251385,17.69
25/07/2011,-1100,-10793000,0(0.00 %),8300,82500000,9400,93293000,107252485,17.69
26/07/2011,0,0,0(0.00 %),0,0,0,0,107252485,17.69
27/07/2011,-6000,-59100000,0(0.00 %),0,0,6000,59100000,107258485,17.69
28/07/2011,9000,89460000,0(0.00 %),9000,89460000,0,0,107249485,17.69
29/07/2011,74020,736028000,0(0.00 %),123420,1217858000,49400,481830000,107175465,17.71
01/08/2011,-5690,-56053000,0(0.00 %),81910,791587000,87600,847640000,107447975,17.63
02/08/2011,-196930,-1826352000,0(0.00 %),3070,28744000,200000,1855096000,107644905,17.58
03/08/2011,1010,9240000,0(0.00 %),18500,164650000,17490,155410000,107643895,17.58
04/08/2011,-63720,-591596000,0(0.00 %),0,0,63720,591596000,107707615,17.56
05/08/2011,-25500,-230010000,0(0.00 %),10500,98550000,36000,328560000,107733115,17.55
08/08/2011,-201070,-1774781000,0(0.00 %),1100,9970000,202170,1784751000,107934185,17.49
09/08/2011,-47180,-391594000,0(0.00 %),1000,8300000,48180,399894000,107981365,17.48
10/08/2011,-546770,-4562909000,0(0.00 %),0,0,546770,4562909000,108528135,17.32
11/08/2011,-43100,-346246000,0(0.00 %),15100,120800000,58200,467046000,108571235,17.31
12/08/2011,0,0,0(0.00 %),0,0,0,0,108571235,17.31
15/08/2011,-11420,-93744000,0(0.00 %),0,0,11420,93744000,108582655,17.3
16/08/2011,-79590,-668132000,0(0.00 %),1000,8380000,80590,676512000,108662245,17.28
17/08/2011,-37430,-319112000,0(0.00 %),6370,53808000,43800,372920000,108699675,17.27
18/08/2011,120690,1092100000,0(0.00 %),125500,1135600000,4810,43500000,108578985,17.3
19/08/2011,-84360,-741580000,0(0.00 %),20900,183840000,105260,925420000,108663345,17.28
22/08/2011,-89960,-816344000,0(0.00 %),0,0,89960,816344000,108753305,17.25
23/08/2011,295380,2802281000,0(0.00 %),300000,2845497000,4620,43216000,108457925,17.34
24/08/2011,-196070,-1778175000,0(0.00 %),2480,22680000,198550,1800855000,108653995,17.28
25/08/2011,-3000,-27300000,0(0.00 %),0,0,3000,27300000,108656995,17.28
26/08/2011,-44840,-414078000,0(0.00 %),4010,36892000,48850,450970000,108701835,17.27
29/08/2011,-88110,-812443000,0(0.00 %),76560,724274000,164670,1536717000,108789945,17.24
30/08/2011,-51400,-508860000,0(0.00 %),37000,366300000,88400,875160000,108841345,17.23
31/08/2011,410030,4220823000,0(0.00 %),444580,4574792000,34550,353969000,108431315,17.35
01/09/2011,-18800,-203040000,0(0.00 %),50000,540000000,68800,743040000,108280698,17.39
05/09/2011,-106490,-1173040000,0(0.00 %),0,0,106490,1173040000,108387188,17.36
06/09/2011,529200,5553480000,0(0.00 %),546810,5738385000,17610,184905000,107857988,17.51
07/09/2011,-759630,-8183561000,0(0.00 %),73830,799681000,833460,8983242000,108617618,17.29
08/09/2011,100650,1142206000,0(0.00 %),101650,1153606000,1000,11400000,108516968,17.32
09/09/2011,74820,842338000,0(0.00 %),75730,852530000,910,10192000,108442148,17.34
12/09/2011,-39170,-436737000,0(0.00 %),68470,762167000,107640,1198904000,108481318,17.33
13/09/2011,-240220,-2703668000,0(0.00 %),68780,780732000,309000,3484400000,108721538,17.26
14/09/2011,-150420,-1743214000,0(0.00 %),113780,1316480000,264200,3059694000,108871958,17.22
15/09/2011,-150860,-1640823000,0(0.00 %),101750,1113853000,252610,2754676000,109022818,17.17
16/09/2011,-753130,-8039527000,0(0.00 %),141840,1527872000,894970,9567399000,109775948,16.95
19/09/2011,33470,362015000,0(0.00 %),43930,473065000,10460,111050000,109742478,16.96
20/09/2011,-15660,-164643000,0(0.00 %),47930,518851000,63590,683494000,109758138,16.96
21/09/2011,-41470,-440409000,0(0.00 %),58530,627591000,100000,1068000000,109799608,16.95
22/09/2011,41070,438385000,0(0.00 %),44430,474001000,3360,35616000,109758538,16.96
23/09/2011,2000,21800000,0(0.00 %),2000,21800000,0,0,109756538,16.96
26/09/2011,-24190,-250806000,0(0.00 %),46490,502446000,70680,753252000,109780728,16.95
27/09/2011,-14010,-147751000,0(0.00 %),79470,842282000,93480,990033000,109794738,16.95
28/09/2011,-126480,-1329809000,0(0.00 %),16300,174230000,142780,1504039000,109921218,16.91
29/09/2011,-337530,-3439719000,0(0.00 %),44470,451641000,382000,3891360000,110258748,16.81
30/09/2011,-185490,-1852652000,0(0.00 %),5700,57000000,191190,1909652000,110444238,16.76
03/10/2011,8010,75674000,0(0.00 %),47470,458459000,39460,382785000,110034689,16.88
04/10/2011,-557740,-5228519000,0(0.00 %),500,4750000,558240,5233269000,110592429,16.72
05/10/2011,-728060,-6860576000,0(0.00 %),37200,357120000,765260,7217696000,111320489,16.5
06/10/2011,-338340,-3305480000,0(0.00 %),0,0,338340,3305480000,111658829,16.4
07/10/2011,-97140,-940483000,0(0.00 %),28200,273180000,125340,1213663000,111755969,16.38
10/10/2011,-48800,-462900000,0(0.00 %),0,0,48800,462900000,111804769,16.36
11/10/2011,-77600,-737019000,0(0.00 %),800,7680000,78400,744699000,111882369,16.34
12/10/2011,8300,76880000,0(0.00 %),8300,76880000,0,0,111874069,16.34
13/10/2011,-4300,-39380000,0(0.00 %),700,6470000,5000,45850000,111878369,16.34
14/10/2011,12050,112305000,0(0.00 %),12050,112305000,0,0,111866319,16.34
17/10/2011,26840,245244000,0(0.00 %),34440,315404000,7600,70160000,111839479,16.35
18/10/2011,1000,8800000,0(0.00 %),1000,8800000,0,0,111838479,16.35
19/10/2011,-230460,-2065240000,0(0.00 %),12900,116000000,243360,2181240000,112068939,16.29
20/10/2011,-12000,-108000000,0(0.00 %),0,0,12000,108000000,112080939,16.28
21/10/2011,-36090,-347581000,0(0.00 %),515910,4755819000,552000,5103400000,112117029,16.27
24/10/2011,53810,505846000,0(0.00 %),53820,505940000,10,94000,112063219,16.29
25/10/2011,81880,758787000,0(0.00 %),109680,1016067000,27800,257280000,111981339,16.31
26/10/2011,215270,1993157000,0(0.00 %),245270,2272157000,30000,279000000,111766069,16.37
27/10/2011,42840,398392000,0(0.00 %),44440,413292000,1600,14900000,111723229,16.39
28/10/2011,-162200,-1555320000,0(0.00 %),2000,19200000,164200,1574520000,111885429,16.34
31/10/2011,-9460,-93840000,0(0.00 %),1000,9960000,10460,103800000,111894889,16.34
01/11/2011,-1000,-9600000,0(0.00 %),0,0,1000,9600000,112427398,16.18
02/11/2011,13270,123424000,0(0.00 %),33310,306952000,20040,183528000,112414128,16.18
03/11/2011,1000,9200000,0(0.00 %),1000,9200000,0,0,112413128,16.18
04/11/2011,-367140,-3304760000,0(0.00 %),9000,81400000,376140,3386160000,112780268,16.08
07/11/2011,-394140,-3463870000,0(0.00 %),21020,182774000,415160,3646644000,113174408,15.96
08/11/2011,-315260,-2727408000,0(0.00 %),3000,25800000,318260,2753208000,113489668,15.87
09/11/2011,-129000,-1107460000,0(0.00 %),26000,224100000,155000,1331560000,113618668,15.83
10/11/2011,-270760,-2242708000,0(0.00 %),0,0,270760,2242708000,113889428,15.75
11/11/2011,-288670,-2341893000,0(0.00 %),18500,155400000,307170,2497293000,114178098,15.67
14/11/2011,-239540,-1880992000,0(0.00 %),52630,414426000,292170,2295418000,114417638,15.6
15/11/2011,-464220,-3599553000,0(0.00 %),44430,343197000,508650,3942750000,114881858,15.46
16/11/2011,-396160,-3074976000,0(0.00 %),44640,345104000,440800,3420080000,115278018,15.35
17/11/2011,-332060,-2576633000,0(0.00 %),0,0,332060,2576633000,115610078,15.25
18/11/2011,-376000,-2822940000,0(0.00 %),8000,60060000,384000,2883000000,115986078,15.14
21/11/2011,-77600,-565050000,0(0.00 %),1640,12126000,79240,577176000,116063678,15.12
22/11/2011,59990,431029000,0(0.00 %),61360,440756000,1370,9727000,116003688,15.14
23/11/2011,-211880,-1553292000,0(0.00 %),30300,221190000,242180,1774482000,116215568,15.07
24/11/2011,-2000,-14680000,0(0.00 %),0,0,2000,14680000,116217568,15.07
25/11/2011,-22650,-165345000,0(0.00 %),5000,36500000,27650,201845000,116240218,15.07
28/11/2011,-1025020,-7659138000,0(0.00 %),0,0,1025020,7659138000,117265238,14.77
29/11/2011,-27950,-209625000,0(0.00 %),0,0,27950,209625000,117293188,14.76
30/11/2011,-99780,-714292000,0(0.00 %),9500,70180000,109280,784472000,117392968,14.73
01/12/2011,-23110,-168482000,0(0.00 %),0,0,23110,168482000,116407978,15.02
02/12/2011,1000,7300000,0(0.00 %),1000,7300000,0,0,116406978,15.02
05/12/2011,-239730,-1821948000,0(0.00 %),0,0,239730,1821948000,116646708,14.95
06/12/2011,32580,254906000,0(0.00 %),500760,3953528000,468180,3698622000,116614128,14.96
07/12/2011,-75080,-594702000,0(0.00 %),5000,38500000,80080,633202000,116689208,14.94
08/12/2011,-246300,-1943160000,0(0.00 %),0,0,246300,1943160000,116935508,14.86
09/12/2011,1600,12560000,0(0.00 %),8000,61200000,6400,48640000,116933908,14.86
12/12/2011,184070,1373495000,0(0.00 %),184070,1373495000,0,0,116749838,14.92
13/12/2011,8710,65013000,0(0.00 %),211340,1547649000,202630,1482636000,116741128,14.92
14/12/2011,570250,4166234000,0(0.00 %),572590,4183316000,2340,17082000,116170878,15.09
15/12/2011,143010,996526000,0(0.00 %),459180,3240716000,316170,2244190000,116027868,15.13
16/12/2011,496890,3714137000,0(0.00 %),500230,3738719000,3340,24582000,115530978,15.27
19/12/2011,496210,3831340000,0(0.00 %),506730,3911700000,10520,80360000,115034768,15.42
20/12/2011,-2120,-15788000,0(0.00 %),0,0,2120,15788000,115036888,15.42
21/12/2011,10000,73920000,0(0.00 %),20000,147920000,10000,74000000,115026888,15.42
22/12/2011,-391300,-2787861000,0(0.00 %),7200,51120000,398500,2838981000,115418188,15.31
23/12/2011,-379260,-2599780000,0(0.00 %),15320,104780000,394580,2704560000,115797448,15.2
26/12/2011,-50200,-331380000,0(0.00 %),0,0,50200,331380000,115847648,15.18
27/12/2011,51810,321837000,0(0.00 %),53310,331287000,1500,9450000,115795838,15.2
28/12/2011,52030,335163000,0(0.00 %),59030,380463000,7000,45300000,115743808,15.21
29/12/2011,-161760,-1015632000,0(0.00 %),89940,563484000,251700,1579116000,115905568,15.17
30/12/2011,4520,29172000,0(0.00 %),52080,337312000,47560,308140000,115901048,15.17
03/01/2012,-105460,-717128000,0(0.00 %),0,0,105460,717128000,116780159,14.91
04/01/2012,200000,1368000000,0(0.00 %),200000,1368000000,0,0,116580159,14.97
05/01/2012,-22740,-152084000,0(0.00 %),0,0,22740,152084000,116602899,14.96
06/01/2012,-16050,-101464000,0(0.00 %),22010,141164000,38060,242628000,116618949,14.96
09/01/2012,900,5760000,0(0.00 %),1150,7360000,250,1600000,116618049,14.96
10/01/2012,-185120,-1255242000,0(0.00 %),48020,316932000,233140,1572174000,116803169,14.9
11/01/2012,-28500,-190650000,0(0.00 %),1500,10350000,30000,201000000,116831669,14.89
12/01/2012,55160,362124000,0(0.00 %),55160,362124000,0,0,116776509,14.91
13/01/2012,60460,399036000,0(0.00 %),60460,399036000,0,0,116716049,14.93
16/01/2012,-156610,-1056945000,0(0.00 %),88000,595279000,244610,1652224000,116872659,14.88
17/01/2012,92060,615802000,0(0.00 %),93620,626254000,1560,10452000,116780599,14.91
18/01/2012,50160,337071000,0(0.00 %),53160,357171000,3000,20100000,116730439,14.92
19/01/2012,53880,372939000,0(0.00 %),206500,1438855000,152620,1065916000,116676559,14.94
20/01/2012,-5140,-33381000,0(0.00 %),53390,371030000,58530,404411000,116681699,14.94
30/01/2012,-11440,-77521000,0(0.00 %),71120,493528000,82560,571049000,116693139,14.94
31/01/2012,-6990,-48692000,0(0.00 %),175120,1277864000,182110,1326556000,116700129,14.93
01/02/2012,-38160,-296740000,0(0.00 %),316150,2296454000,354310,2593194000,116586044,14.97
02/02/2012,58620,451374000,0(0.00 %),124330,957341000,65710,505967000,116527424,14.98
03/02/2012,26280,210240000,0(0.00 %),126280,1010240000,100000,800000000,116501144,14.99
06/02/2012,326930,2547615000,0(0.00 %),335990,2620095000,9060,72480000,116174214,15.09
07/02/2012,100830,815853000,0(0.00 %),149150,1203257000,48320,387404000,116073384,15.12
08/02/2012,313650,2637694000,0(0.00 %),313650,2637694000,0,0,115759734,15.21
09/02/2012,248950,2169970000,0(0.00 %),252090,2196974000,3140,27004000,115510784,15.28
10/02/2012,279710,2307566000,0(0.00 %),284710,2349350000,5000,41784000,115231074,15.36
13/02/2012,11430,96367000,0(0.00 %),85080,670340000,73650,573973000,115219644,15.37
14/02/2012,278100,2201845000,0(0.00 %),287780,2278297000,9680,76452000,114941544,15.45
15/02/2012,782130,6254938000,0(0.00 %),788130,6303038000,6000,48100000,114159414,15.67
16/02/2012,536160,4302361000,0(0.00 %),544500,4369415000,8340,67054000,113623254,15.83
17/02/2012,1954910,16512130000,0(0.00 %),1971020,16647682000,16110,135552000,111668344,16.4
20/02/2012,239310,2129859000,0(0.00 %),245040,2180856000,5730,50997000,111429034,16.47
21/02/2012,583290,5408857000,0(0.00 %),608120,5637216000,24830,228359000,110845744,16.64
22/02/2012,60710,563050000,0(0.00 %),62110,575990000,1400,12940000,110785034,16.66
23/02/2012,262230,2547697000,0(0.00 %),271230,2634997000,9000,87300000,110522804,16.74
24/02/2012,861550,8737247000,0(0.00 %),898890,9112913000,37340,375666000,109661254,16.99
27/02/2012,387300,3959554000,0(0.00 %),707820,7192902000,320520,3233348000,109273954,17.1
28/02/2012,915650,8890124000,0(0.00 %),1088700,10582609000,173050,1692485000,108358304,17.37
29/02/2012,114030,1074230000,0(0.00 %),514420,4948435000,400390,3874205000,108244274,17.4
01/03/2012,129810,1254498000,0(0.00 %),164430,1594696000,34620,340198000,107749856,17.55
02/03/2012,590780,5833653000,0(0.00 %),634380,6271233000,43600,437580000,107159076,17.72
05/03/2012,-23100,-244860000,0(0.00 %),0,0,23100,244860000,107182176,17.71
06/03/2012,194140,2154704000,0(0.00 %),308940,3428984000,114800,1274280000,106988036,17.77
07/03/2012,285040,3210402000,0(0.00 %),296440,3340842000,11400,130440000,106702996,17.85
08/03/2012,-47260,-531291000,0(0.00 %),150230,1734853000,197490,2266144000,106750256,17.84
09/03/2012,45930,512116000,0(0.00 %),95930,1065116000,50000,553000000,106704326,17.85
12/03/2012,3000,33300000,0(0.00 %),3000,33300000,0,0,106701326,17.85
13/03/2012,-534050,-5773728000,0(0.00 %),9500,102700000,543550,5876428000,107235376,17.7
14/03/2012,-463130,-4891581000,0(0.00 %),182530,1906393000,645660,6797974000,107698506,17.56
15/03/2012,-754330,-7743876000,0(0.00 %),23300,238650000,777630,7982526000,108452836,17.34
16/03/2012,-2550160,-27702480000,0(0.00 %),173840,1873440000,2724000,29575920000,111002996,16.6
19/03/2012,-222860,-2363024000,0(0.00 %),0,0,222860,2363024000,111225856,16.53
20/03/2012,47940,514890000,0(0.00 %),87940,940890000,40000,426000000,111177916,16.55
21/03/2012,-93640,-1102612000,0(0.00 %),306360,3372388000,400000,4475000000,111271556,16.52
22/03/2012,34560,382957000,0(0.00 %),139640,1543240000,105080,1160283000,111236996,16.53
23/03/2012,475150,5396583000,0(0.00 %),534650,6076633000,59500,680050000,110761846,16.67
26/03/2012,308600,3511281000,0(0.00 %),311120,3540061000,2520,28780000,110453246,16.76
27/03/2012,-11330,-137342000,0(0.00 %),95850,1138000000,107180,1275342000,110464576,16.75
28/03/2012,107200,1219561000,0(0.00 %),107830,1226743000,630,7182000,110357376,16.78
29/03/2012,42070,482388000,0(0.00 %),70870,799768000,28800,317380000,110315306,16.8
30/03/2012,170000,1842347000,0(0.00 %),173530,1881177000,3530,38830000,110145306,16.85
03/04/2012,-59740,-670722000,0(0.00 %),46410,520558000,106150,1191280000,110998516,16.6
04/04/2012,116990,1316826000,0(0.00 %),116990,1316826000,0,0,110881526,16.63
05/04/2012,115810,1255248000,0(0.00 %),116810,1266048000,1000,10800000,110765716,16.67
06/04/2012,105970,1186724000,0(0.00 %),119570,1339044000,13600,152320000,110659746,16.7
09/04/2012,93650,1047180000,0(0.00 %),103650,1159180000,10000,112000000,110566096,16.72
10/04/2012,-499510,-4495590000,0(0.00 %),53920,485280000,553430,4980870000,111065606,16.58
11/04/2012,50650,476110000,0(0.00 %),103410,972054000,52760,495944000,111014956,16.59
12/04/2012,-125540,-1230292000,0(0.00 %),17320,169736000,142860,1400028000,111140496,16.56
13/04/2012,6760,97922000,0(0.00 %),123060,1251392000,116300,1153470000,111133736,16.56
16/04/2012,12820,118595000,0(0.00 %),72950,721895000,60130,603300000,111120916,16.56
17/04/2012,-41190,-408770000,0(0.00 %),106520,1059451000,147710,1468221000,111162106,16.55
18/04/2012,-25150,-239030000,0(0.00 %),78650,778790000,103800,1017820000,111187256,16.54
19/04/2012,-208070,-1938152000,0(0.00 %),91930,864624000,300000,2802776000,111395326,16.48
20/04/2012,-23190,-211581000,0(0.00 %),56440,523978000,79630,735559000,111418516,16.47
23/04/2012,33420,319009000,0(0.00 %),54150,514310000,20730,195301000,111385096,16.48
24/04/2012,-658630,-6092723000,0(0.00 %),52140,482788000,710770,6575511000,112043726,16.29
25/04/2012,164780,1575477000,0(0.00 %),170230,1626797000,5450,51320000,111878946,16.34
26/04/2012,263790,2528084000,0(0.00 %),369650,3518640000,105860,990556000,111615156,16.42
27/04/2012,49140,456956000,0(0.00 %),63140,588556000,14000,131600000,111566016,16.43
02/05/2012,590000,5397812000,0(0.00 %),591170,5408810000,1170,10998000,110984659,16.6
03/05/2012,-165630,-1468246000,0(0.00 %),156470,1394364000,322100,2862610000,111150289,16.55
04/05/2012,114150,1026270000,0(0.00 %),128950,1160950000,14800,134680000,111036139,16.59
07/05/2012,139760,1283992000,0(0.00 %),156060,1433552000,16300,149560000,110896379,16.63
08/05/2012,140500,1287900000,0(0.00 %),155840,1427528000,15340,139628000,110755879,16.67
09/05/2012,137770,1277942000,0(0.00 %),215240,2000412000,77470,722470000,110618109,16.71
10/05/2012,57870,546541000,0(0.00 %),65160,614338000,7290,67797000,110560239,16.73
11/05/2012,119220,1122010000,0(0.00 %),121220,1140610000,2000,18600000,110441019,16.76
14/05/2012,58350,518750000,0(0.00 %),60350,536150000,2000,17400000,110382669,16.78
15/05/2012,-57720,-486589000,0(0.00 %),120280,1012800000,178000,1499389000,110440389,16.76
16/05/2012,-148640,-1216570000,0(0.00 %),77160,631344000,225800,1847914000,110589029,16.72
17/05/2012,-456000,-3599414000,0(0.00 %),13600,109670000,469600,3709084000,111045029,16.58
18/05/2012,108220,812599000,0(0.00 %),135930,1017882000,27710,205283000,110936809,16.62
21/05/2012,-97880,-745280000,0(0.00 %),9800,72920000,107680,818200000,111034689,16.59
22/05/2012,147400,1154280000,0(0.00 %),171580,1344694000,24180,190414000,110887289,16.63
23/05/2012,113920,881605000,0(0.00 %),133270,1031472000,19350,149867000,110773369,16.66
24/05/2012,-3700,-24050000,0(0.00 %),36800,275550000,40500,299600000,110777069,31.34
25/05/2012,-213750,-1646076000,0(0.00 %),14010,107676000,227760,1753752000,110990819,31.27
28/05/2012,-59600,-467920000,0(0.00 %),19200,149800000,78800,617720000,111050419,31.26
29/05/2012,-13200,-101640000,0(0.00 %),12000,92400000,25200,194040000,111063619,31.25
30/05/2012,17000,130800000,0(0.00 %),37000,286800000,20000,156000000,111046619,31.26
31/05/2012,-5910,-43634000,0(0.00 %),3000,22300000,8910,65934000,111052529,31.26
01/06/2012,-1190,-8464000,0(0.00 %),10850,81335000,12040,89799000,144180418,21.59
04/06/2012,-101140,-720528000,0(0.00 %),3000,21500000,104140,742028000,144281558,16.59
05/06/2012,-120920,-871019000,0(0.00 %),20200,141420000,141120,1012439000,144301338,16.58
06/06/2012,20010,144092000,0(0.00 %),30100,216740000,10090,72648000,144281328,16.59
07/06/2012,-106040,-815268000,0(0.00 %),0,0,106040,815268000,144387368,16.56
08/06/2012,-23800,-184890000,0(0.00 %),20990,163622000,44790,348512000,144411168,16.56
11/06/2012,-144970,-1116769000,0(0.00 %),7510,59327000,152480,1176096000,144556138,16.53
12/06/2012,-447320,-3368532000,0(0.00 %),4000,30400000,451320,3398932000,145003458,16.43
13/06/2012,-1336960,-9740809000,0(0.00 %),49500,363700000,1386460,10104509000,146340418,16.13
14/06/2012,-367290,-2662361000,0(0.00 %),4610,33647000,371900,2696008000,146707708,16.04
15/06/2012,369960,2760742000,0(0.00 %),889880,6633960000,519920,3873218000,146337748,16.13
18/06/2012,499440,3841244000,0(0.00 %),530000,4073500000,30560,232256000,145838308,16.24
19/06/2012,-21870,-163991000,0(0.00 %),497543,3632064000,519413,3796055000,145860178,16.23
20/06/2012,-60780,-453272000,0(0.00 %),14850,110190000,75630,563462000,145920958,16.22
21/06/2012,21450,158730000,0(0.00 %),25920,191808000,4470,33078000,145899508,16.23
22/06/2012,131400,961770000,0(0.00 %),133400,976370000,2000,14600000,145768108,16.25
25/06/2012,39980,281859000,0(0.00 %),39980,281859000,0,0,145728128,16.26
26/06/2012,-8600,-58267000,0(0.00 %),46600,319880000,55200,378147000,145736728,16.26
27/06/2012,-122520,-823722000,0(0.00 %),5000,34850000,127520,858572000,145859248,16.23
28/06/2012,-10400,-69720000,0(0.00 %),0,0,10400,69720000,145869648,16.23
29/06/2012,-4440,-29646000,0(0.00 %),10100,69680000,14540,99326000,145874088,16.23
02/07/2012,-680,-4692000,0(0.00 %),0,0,680,4692000,145889240,16.23
03/07/2012,1600,10420000,0(0.00 %),1600,10420000,0,0,145887640,16.23
04/07/2012,14000,92400000,0(0.00 %),14000,92400000,0,0,145873640,16.23
05/07/2012,-6500,-39800000,0(0.00 %),10000,66000000,16500,105800000,145880140,16.23
06/07/2012,-110170,-746435000,0(0.00 %),198970,1326402000,309140,2072837000,145990310,16.2
09/07/2012,-175490,-1151714000,0(0.00 %),200,1320000,175690,1153034000,146165800,16.17
10/07/2012,-141820,-906728000,0(0.00 %),13000,84240000,154820,990968000,146307620,16.13
11/07/2012,-44690,-290935000,0(0.00 %),17000,110050000,61690,400985000,146352310,16.12
12/07/2012,-50900,-344330000,0(0.00 %),1400,9310000,52300,353640000,146403210,16.11
13/07/2012,-88680,-623760000,0(0.00 %),54000,375000000,142680,998760000,146491890,16.09
16/07/2012,-7500,-50000000,0(0.00 %),5000,35000000,12500,85000000,146499390,16.09
17/07/2012,-80350,-550971000,0(0.00 %),10000,69000000,90350,619971000,146579740,16.07
18/07/2012,-11300,-76970000,0(0.00 %),4750,32775000,16050,109745000,146591040,16.07
19/07/2012,50550,372840000,0(0.00 %),100000,710000000,49450,337160000,146540490,16.08
20/07/2012,-336340,-2481609000,0(0.00 %),232530,1718029000,568870,4199638000,146876830,16.01
23/07/2012,-14300,-104290000,0(0.00 %),0,0,14300,104290000,146891130,16.0
24/07/2012,-13200,-93240000,0(0.00 %),0,0,13200,93240000,146904330,16.0
25/07/2012,0,0,0(0.00 %),0,0,0,0,146904330,16.0
26/07/2012,5020,33938000,0(0.00 %),7000,47600000,1980,13662000,146899310,16.0
27/07/2012,-116380,-776746000,0(0.00 %),10000,70000000,126380,846746000,147015690,15.97
30/07/2012,-176620,-1184779000,0(0.00 %),4250,28050000,180870,1212829000,147192310,15.93
31/07/2012,-189530,-1269551000,0(0.00 %),3000,20400000,192530,1289951000,147381840,15.89
01/08/2012,-80440,-536232000,0(0.00 %),26000,174000000,106440,710232000,147009201,15.98
02/08/2012,-15700,-105120000,0(0.00 %),700,4760000,16400,109880000,147024901,15.97
03/08/2012,-40950,-274365000,0(0.00 %),0,0,40950,274365000,147065851,15.96
06/08/2012,-29830,-210918000,0(0.00 %),26510,182920000,56340,393838000,147095681,15.96
07/08/2012,-9680,-66324000,0(0.00 %),0,0,9680,66324000,147105361,15.95
08/08/2012,-3920,-26606000,0(0.00 %),5600,38130000,9520,64736000,147109281,15.95
09/08/2012,-101820,-708217000,0(0.00 %),2010,14070000,103830,722287000,147211101,15.93
10/08/2012,-49130,-338977000,0(0.00 %),16800,115940000,65930,454917000,147260231,15.92
13/08/2012,8630,59547000,0(0.00 %),11000,75900000,2370,16353000,147251601,15.92
14/08/2012,-45750,-315675000,0(0.00 %),0,0,45750,315675000,147297351,15.91
15/08/2012,-61710,-420571000,0(0.00 %),42400,288320000,104110,708891000,147359061,15.9
16/08/2012,-57220,-383416000,0(0.00 %),0,0,57220,383416000,147416281,15.88
17/08/2012,-408040,-2750138000,0(0.00 %),1700,11420000,409740,2761558000,147824321,15.79
20/08/2012,-114360,-773547000,0(0.00 %),11010,73769000,125370,847316000,147938681,15.77
21/08/2012,-8370,-59379000,0(0.00 %),11000,70400000,19370,129779000,147947051,15.77
22/08/2012,-106960,-662228000,0(0.00 %),10000,62000000,116960,724228000,148054011,15.74
23/08/2012,-7100,-41180000,0(0.00 %),0,0,7100,41180000,148061111,15.74
24/08/2012,-32780,-177060000,0(0.00 %),235000,1364700000,267780,1541760000,148093891,15.73
27/08/2012,-216420,-1236774000,0(0.00 %),200,1180000,216620,1237954000,148310311,15.68
28/08/2012,-115060,-652993000,0(0.00 %),0,0,115060,652993000,148425371,15.66
29/08/2012,-31850,-187915000,0(0.00 %),500,2950000,32350,190865000,148457221,15.65
30/08/2012,-62920,-367748000,0(0.00 %),2080,12252000,65000,380000000,148520141,15.64
31/08/2012,-522490,-3002220000,0(0.00 %),19010,110259000,541500,3112479000,149042631,15.52
04/09/2012,15750,91025000,0(0.00 %),37000,215400000,21250,124375000,148973001,15.53
05/09/2012,-100180,-579798000,0(0.00 %),67060,393594000,167240,973392000,149073181,15.51
06/09/2012,52990,302989000,0(0.00 %),68460,391168000,15470,88179000,149020191,15.52
07/09/2012,66160,374822000,0(0.00 %),93460,527702000,27300,152880000,148954031,15.54
10/09/2012,49460,272030000,0(0.00 %),49460,272030000,0,0,148904571,15.55
11/09/2012,60950,323035000,0(0.00 %),61990,328547000,1040,5512000,148843621,15.56
12/09/2012,-641750,-3276979000,0(0.00 %),119460,614246000,761210,3891225000,149485371,15.42
13/09/2012,-11240,-56400000,0(0.00 %),103160,515600000,114400,572000000,149496611,15.42
14/09/2012,13600,70760000,0(0.00 %),14000,72800000,400,2040000,149483011,15.42
17/09/2012,348110,1810426000,0(0.00 %),350650,1823380000,2540,12954000,149134901,15.5
18/09/2012,60860,315487000,0(0.00 %),255180,1287518000,194320,972031000,149074041,15.51
19/09/2012,848770,4074096000,0(0.00 %),865180,4152864000,16410,78768000,148225271,15.7
20/09/2012,474460,2183862000,0(0.00 %),481010,2214647000,6550,30785000,147750811,15.81
21/09/2012,437760,2153167000,0(0.00 %),1420070,6720866000,982310,4567699000,147313051,15.91
24/09/2012,-105100,-484060000,0(0.00 %),5800,27050000,110900,511110000,147418151,15.88
25/09/2012,-166660,-739383000,0(0.00 %),500,2250000,167160,741633000,147584811,15.85
26/09/2012,-57130,-262085000,0(0.00 %),0,0,57130,262085000,147641941,15.83
27/09/2012,-310170,-1399147000,0(0.00 %),1200,5420000,311370,1404567000,147952111,15.76
28/09/2012,-148640,-668880000,0(0.00 %),0,0,148640,668880000,148100751,15.73
01/10/2012,3000,13100000,0(0.00 %),3000,13100000,0,0,148240711,15.7
02/10/2012,-1500,-6600000,0(0.00 %),3000,12300000,4500,18900000,148242211,15.7
03/10/2012,380,2347000,0(0.00 %),10380,41747000,10000,39400000,148241831,15.7
04/10/2012,-224700,-876330000,0(0.00 %),5500,21450000,230200,897780000,148466531,15.65
05/10/2012,260060,1021476000,0(0.00 %),260460,1023036000,400,1560000,148206471,15.71
08/10/2012,82200,327026000,0(0.00 %),147880,596246000,65680,269220000,148124271,15.73
09/10/2012,-70120,-280492000,0(0.00 %),0,0,70120,280492000,148194391,15.71
10/10/2012,-460,-1794000,0(0.00 %),0,0,460,1794000,148194851,15.71
11/10/2012,-1730,-7612000,0(0.00 %),20,88000,1750,7700000,148196581,15.71
12/10/2012,148360,675456000,0(0.00 %),236620,1081452000,88260,405996000,148048221,15.74
15/10/2012,401000,1779498000,0(0.00 %),402500,1786248000,1500,6750000,147647221,15.83
16/10/2012,-20,-92000,0(0.00 %),0,0,20,92000,147647241,15.83
17/10/2012,-5230,-24081000,0(0.00 %),9000,42800000,14230,66881000,147652471,15.83
18/10/2012,1161110,5569856000,0(0.00 %),1192610,5723756000,31500,153900000,146491361,16.09
19/10/2012,961730,4669793000,0(0.00 %),963810,4679569000,2080,9776000,145529631,16.31
22/10/2012,57020,259292000,0(0.00 %),57110,259706000,90,414000,145472611,16.32
23/10/2012,64500,280560000,0(0.00 %),67110,291784000,2610,11224000,145408111,16.34
24/10/2012,-162890,-701716000,0(0.00 %),97110,417630000,260000,1119346000,145571001,16.3
25/10/2012,7790,31559000,0(0.00 %),11000,45100000,3210,13541000,145563211,16.3
26/10/2012,38860,160409000,0(0.00 %),44090,182360000,5230,21951000,145524351,7.74
29/10/2012,-11520,-48790000,0(0.00 %),8450,36335000,19970,85125000,145535871,16.31
30/10/2012,1170,5031000,0(0.00 %),1170,5031000,0,0,145534701,16.31
31/10/2012,-1010,-4392000,0(0.00 %),3000,12450000,4010,16842000,145535711,16.31
01/11/2012,-35950,-149195000,0(0.00 %),0,0,35950,149195000,146028876,16.2
02/11/2012,3280,12792000,0(0.00 %),29000,113100000,25720,100308000,146025596,16.2
05/11/2012,15650,59135000,0(0.00 %),19000,72200000,3350,13065000,146009946,16.2
06/11/2012,-2060,-7940000,0(0.00 %),2000,7400000,4060,15340000,146012006,16.2
07/11/2012,-21600,-82080000,0(0.00 %),50000,190000000,71600,272080000,146033606,16.19
08/11/2012,130900,510510000,0(0.00 %),143900,561210000,13000,50700000,145902706,16.22
09/11/2012,14230,55497000,0(0.00 %),17200,67080000,2970,11583000,145888476,16.23
12/11/2012,-64570,-259280000,0(0.00 %),0,0,64570,259280000,145953046,16.21
13/11/2012,-7030,-28459000,0(0.00 %),0,0,7030,28459000,145960076,16.21
14/11/2012,7000,28000000,0(0.00 %),7000,28000000,0,0,145953076,16.21
15/11/2012,19370,76043000,0(0.00 %),19370,76043000,0,0,145933706,16.22
16/11/2012,-13850,-54015000,0(0.00 %),18190,70941000,32040,124956000,145947556,16.21
19/11/2012,-3050,-11895000,0(0.00 %),0,0,3050,11895000,145950606,16.21
20/11/2012,980990,3903961000,0(0.00 %),1001000,3984000000,20010,80039000,144969616,16.43
21/11/2012,12100,48790000,0(0.00 %),16000,64000000,3900,15210000,144957516,16.44
22/11/2012,-8430,-32877000,0(0.00 %),0,0,8430,32877000,144965946,16.43
23/11/2012,-309220,-1205958000,0(0.00 %),0,0,309220,1205958000,145275166,16.37
26/11/2012,302790,1180881000,0(0.00 %),318380,1241682000,15590,60801000,144972376,16.43
27/11/2012,20540,80106000,0(0.00 %),36500,142350000,15960,62244000,144951836,16.44
28/11/2012,3300,12870000,0(0.00 %),3300,12870000,0,0,144948536,16.44
29/11/2012,88510,345738000,0(0.00 %),104000,405600000,15490,59862000,144860026,16.46
30/11/2012,10860,41308000,0(0.00 %),10860,41308000,0,0,144849166,16.46
03/12/2012,146470,571051000,0(0.00 %),147050,573197000,580,2146000,144746556,16.48
04/12/2012,1146250,4470375000,0(0.00 %),1146850,4472715000,600,2340000,143600306,16.74
05/12/2012,27350,109400000,0(0.00 %),47350,189400000,20000,80000000,143572956,16.75
06/12/2012,39500,158000000,0(0.00 %),39500,158000000,0,0,143533456,16.76
07/12/2012,-144730,-575920000,0(0.00 %),25010,100040000,169740,675960000,143678186,16.72
10/12/2012,-21670,-85953000,0(0.00 %),15600,64080000,37270,150033000,143699856,16.72
11/12/2012,335580,1375478000,0(0.00 %),339740,1392534000,4160,17056000,143364276,16.79
12/12/2012,72430,301631000,0(0.00 %),73450,305915000,1020,4284000,143291846,16.81
13/12/2012,24770,102742000,0(0.00 %),56850,237270000,32080,134528000,143267076,16.82
14/12/2012,56740,232634000,0(0.00 %),56740,232634000,0,0,143235106,16.82
17/12/2012,430000,1798484000,0(0.00 %),519400,2165564000,89400,367080000,142805106,16.92
18/12/2012,1604320,6878105000,0(0.00 %),1604320,6878105000,0,0,141200786,17.28
19/12/2012,735530,3231212000,0(0.00 %),735530,3231212000,0,0,140465256,17.45
20/12/2012,1603900,7356613000,0(0.00 %),1633790,7491218000,29890,134605000,138861356,17.81
21/12/2012,2613520,11743077000,0(0.00 %),2804640,12598117000,191120,855040000,136247836,18.39
24/12/2012,253350,1140105000,0(0.00 %),308090,1386435000,54740,246330000,135994486,18.45
25/12/2012,18560,84040000,0(0.00 %),23760,106920000,5200,22880000,135975926,18.45
26/12/2012,-83600,-362900000,0(0.00 %),94000,419800000,177600,782700000,136059526,18.44
27/12/2012,75080,347368000,0(0.00 %),75080,347368000,0,0,135984446,18.45
28/12/2012,125290,584354000,0(0.00 %),125290,584354000,0,0,135859156,18.48
02/01/2013,-115000,-565787000,0(0.00 %),56280,270264000,171280,836051000,135616579,18.53
03/01/2013,503200,2550067000,0(0.00 %),538600,2730607000,35400,180540000,135113379,18.65
04/01/2013,468990,2399170000,0(0.00 %),518990,2654170000,50000,255000000,134644389,18.75
07/01/2013,189700,1024380000,0(0.00 %),228760,1235304000,39060,210924000,134454689,18.8
08/01/2013,0,0,0(0.00 %),0,0,0,0,134454689,18.8
09/01/2013,3399540,19575939000,0(0.00 %),3399540,19575939000,0,0,131055149,19.56
10/01/2013,599790,3321386000,0(0.00 %),713590,3953486000,113800,632100000,130455359,19.69
11/01/2013,73710,427518000,0(0.00 %),368710,2138518000,295000,1711000000,130381649,19.71
14/01/2013,409340,2419635000,0(0.00 %),672900,3994639000,263560,1575004000,129972309,19.8
15/01/2013,393680,2469474000,0(0.00 %),394660,2475746000,980,6272000,129578629,19.89
16/01/2013,287330,1946800000,0(0.00 %),328330,2222400000,41000,275600000,129291299,19.96
17/01/2013,133160,967400000,0(0.00 %),258160,1835600000,125000,868200000,129158139,19.99
18/01/2013,593750,3881335000,0(0.00 %),611750,4002735000,18000,121400000,128564389,20.12
21/01/2013,2324250,15167385000,0(0.00 %),2345790,15305195000,21540,137810000,126240139,20.64
22/01/2013,127600,890300000,0(0.00 %),153680,1070760000,26080,180460000,126112539,20.67
23/01/2013,34000,243710000,0(0.00 %),181500,1175500000,147500,931790000,126078539,20.68
24/01/2013,88120,564870000,0(0.00 %),165620,1080020000,77500,515150000,125990419,20.7
25/01/2013,1755440,12246284000,0(0.00 %),1758740,12269254000,3300,22970000,124234979,21.09
28/01/2013,596030,4469315000,0(0.00 %),606330,4546225000,10300,76910000,123638949,21.23
29/01/2013,1431620,11359480000,0(0.00 %),1528720,12135980000,97100,776500000,122207329,21.55
30/01/2013,926680,7851836000,0(0.00 %),1176020,9963568000,249340,2111732000,121280649,21.76
31/01/2013,1541030,13597571000,0(0.00 %),1721580,15183141000,180550,1585570000,119739619,22.1
01/02/2013,445590,3766432000,0(0.00 %),1337240,11216997000,891650,7450565000,118534730,22.37
04/02/2013,-248950,-2274072000,0(0.00 %),256470,2356130000,505420,4630202000,118783680,22.32
05/02/2013,-71500,-594262000,0(0.00 %),318290,2953938000,389790,3548200000,118855180,22.3
06/02/2013,499320,4668002000,0(0.00 %),808100,7521898000,308780,2853896000,118355860,22.41
07/02/2013,-556220,-5002656000,0(0.00 %),361130,3250124000,917350,8252780000,118912080,22.29
08/02/2013,-50880,-474362000,0(0.00 %),177480,1636574000,228360,2110936000,118962960,22.28
18/02/2013,-27600,-252052000,0(0.00 %),14000,127600000,41600,379652000,118990560,22.27
19/02/2013,77150,706480000,0(0.00 %),402420,3723316000,325270,3016836000,118913410,22.29
20/02/2013,539510,5107562000,0(0.00 %),606010,5739312000,66500,631750000,118373900,22.41
21/02/2013,-17520,-142374000,0(0.00 %),169440,1575180000,186960,1717554000,118391420,22.4
22/02/2013,105850,911070000,0(0.00 %),180040,1571080000,74190,660010000,118285570,22.43
25/02/2013,156460,1314482000,0(0.00 %),156460,1314482000,0,0,118129110,22.46
26/02/2013,-427990,-3541842000,0(0.00 %),262110,2113018000,690100,5654860000,118557100,22.37
27/02/2013,-977360,-7260478000,0(0.00 %),273380,2046256000,1250740,9306734000,119534460,22.15
28/02/2013,-1331010,-10514638000,0(0.00 %),187980,1479386000,1518990,11994024000,120865470,21.85
01/03/2013,73860,614590000,0(0.00 %),216920,1759160000,143060,1144570000,118416907,22.4
04/03/2013,168220,1261494000,0(0.00 %),168220,1261494000,0,0,118248687,22.44
05/03/2013,746400,5138888000,0(0.00 %),938900,6484210000,192500,1345322000,117502287,22.6
06/03/2013,120130,847543000,0(0.00 %),155140,1098314000,35010,250771000,117382157,22.63
07/03/2013,866990,6272202000,0(0.00 %),1024560,7377094000,157570,1104892000,116515167,22.83
08/03/2013,156110,1118901000,0(0.00 %),159120,1140272000,3010,21371000,116359057,22.86
11/03/2013,-485370,-3500601000,0(0.00 %),0,0,485370,3500601000,116844427,22.75
12/03/2013,528410,4051439000,0(0.00 %),900000,6945500000,371590,2894061000,116316017,22.87
13/03/2013,11670,98229000,0(0.00 %),150930,1159227000,139260,1060998000,116304347,22.87
14/03/2013,199190,1534102000,0(0.00 %),305000,2349000000,105810,814898000,116105157,22.92
15/03/2013,386700,3016260000,0(0.00 %),1147700,8952060000,761000,5935800000,115718457,23.0
18/03/2013,-312450,-2362851000,0(0.00 %),54230,410467000,366680,2773318000,116030907,22.93
19/03/2013,31680,231332000,0(0.00 %),138180,1014032000,106500,782700000,115999227,22.94
20/03/2013,119160,895384000,0(0.00 %),138160,1037784000,19000,142400000,115880067,22.97
21/03/2013,133540,1011032000,0(0.00 %),138180,1046168000,4640,35136000,115746527,23.0
22/03/2013,-654920,-4779576000,0(0.00 %),138180,1011832000,793100,5791408000,116401447,22.85
25/03/2013,362820,2624016000,0(0.00 %),366010,2647303000,3190,23287000,116038627,22.93
26/03/2013,134300,976880000,0(0.00 %),138260,1005472000,3960,28592000,115904327,22.96
27/03/2013,-70270,-486489000,0(0.00 %),145770,1025791000,216040,1512280000,115974597,35.68
28/03/2013,108310,723341000,0(0.00 %),155260,1051691000,46950,328350000,115866287,35.7
29/03/2013,28690,182042000,0(0.00 %),38000,243200000,9310,61158000,115837597,28.35
01/04/2013,-33670,-216470000,0(0.00 %),139940,920116000,173610,1136586000,175649639,17.68
02/04/2013,67610,489059000,0(0.00 %),138220,1001362000,70610,512303000,175582029,17.69
03/04/2013,409650,2970916000,0(0.00 %),594220,4340694000,184570,1369778000,175172379,17.77
04/04/2013,135600,977400000,0(0.00 %),138200,995860000,2600,18460000,175036779,17.79
05/04/2013,-211840,-1482494000,0(0.00 %),138160,970506000,350000,2453000000,175248619,17.75
08/04/2013,63910,449361000,0(0.00 %),138820,973522000,74910,524161000,175184709,17.76
09/04/2013,-83940,-596644000,0(0.00 %),500,3600000,84440,600244000,175268649,17.75
10/04/2013,-442490,-3055223000,0(0.00 %),11000,78100000,453490,3133323000,175711139,17.67
11/04/2013,-255780,-1744781000,0(0.00 %),114120,776016000,369900,2520797000,175966919,17.62
12/04/2013,-1868380,-12246628000,0(0.00 %),20000,134100000,1888380,12380728000,177835299,17.29
15/04/2013,-199000,-1248606000,0(0.00 %),1000,6400000,200000,1255006000,178034299,17.26
16/04/2013,-268150,-1629289000,0(0.00 %),5000,29500000,273150,1658789000,178302449,17.21
17/04/2013,-15000,-93500000,0(0.00 %),15000,92500000,30000,186000000,178317449,17.2
18/04/2013,-534610,-3162385000,0(0.00 %),1000,6000000,535610,3168385000,178852059,17.11
22/04/2013,-1168660,-6454723000,0(0.00 %),107100,600260000,1275760,7054983000,180020719,16.9
23/04/2013,-663790,-3914543000,0(0.00 %),20000,116500000,683790,4031043000,180684509,16.78
24/04/2013,1752030,10771290000,0(0.00 %),1977380,12140342000,225350,1369052000,178932479,17.1
25/04/2013,-208080,-1348420000,0(0.00 %),189950,1220275000,398030,2568695000,179140559,17.06
26/04/2013,803210,4979402000,0(0.00 %),1762210,10935202000,959000,5955800000,178337349,17.2
02/05/2013,201480,1244736000,0(0.00 %),244890,1512878000,43410,268142000,176955989,17.45
03/05/2013,238670,1479754000,0(0.00 %),243000,1506600000,4330,26846000,176717319,17.22
06/05/2013,5640,38418000,0(0.00 %),15000,101000000,9360,62582000,176711679,17.22
07/05/2013,-3210,143432000,0(0.00 %),1296000,9060900000,1299210,8917468000,176714889,17.22
08/05/2013,148800,982380000,0(0.00 %),148800,982380000,0,0,176566089,17.25
09/05/2013,-400,-5000000,0(0.00 %),12000,81600000,12400,86600000,176566489,17.25
10/05/2013,117820,829290000,0(0.00 %),221000,1541550000,103180,712260000,176448669,17.27
13/05/2013,-10800,-76520000,0(0.00 %),20000,140000000,30800,216520000,176459469,17.27
14/05/2013,131340,883558000,0(0.00 %),136360,917884000,5020,34326000,176328129,17.29
15/05/2013,-19720,-136202000,0(0.00 %),3280,21698000,23000,157900000,176347849,17.29
16/05/2013,72770,498559000,0(0.00 %),122770,838559000,50000,340000000,176275079,17.3
17/05/2013,-114350,-767880000,0(0.00 %),15300,102740000,129650,870620000,176389429,17.28
20/05/2013,8400,56660000,0(0.00 %),8400,56660000,0,0,176381029,17.28
21/05/2013,-17990,-127080000,0(0.00 %),8010,55520000,26000,182600000,176399019,17.28
22/05/2013,4070,27979000,0(0.00 %),5470,37499000,1400,9520000,176394949,17.28
23/05/2013,-346020,-2357888000,0(0.00 %),1000,6900000,347020,2364788000,176740969,17.22
24/05/2013,-409840,-2783412000,0(0.00 %),5000,34000000,414840,2817412000,177150809,17.14
27/05/2013,21000,147500000,0(0.00 %),23000,161900000,2000,14400000,177129809,17.15
28/05/2013,-374180,-2810846000,0(0.00 %),5000,38500000,379180,2849346000,177503989,17.08
29/05/2013,116240,891748000,0(0.00 %),147240,1128348000,31000,236600000,177387749,17.1
30/05/2013,423400,3262140000,0(0.00 %),520400,3989740000,97000,727600000,176964349,17.18
31/05/2013,-137980,-1078810000,0(0.00 %),7800,63100000,145780,1141910000,177102329,17.15
03/06/2013,-70500,-559950000,0(0.00 %),9500,72450000,80000,632400000,178444875,16.92
04/06/2013,-1480250,-11280491000,0(0.00 %),27000,204600000,1507250,11485091000,179925125,16.66
05/06/2013,-3480,-26247000,0(0.00 %),6490,48675000,9970,74922000,179928605,16.66
06/06/2013,-67230,-519118000,0(0.00 %),0,0,67230,519118000,179995835,16.64
07/06/2013,3700,27890000,0(0.00 %),18700,146390000,15000,118500000,179992135,16.65
10/06/2013,-415760,-3269780000,0(0.00 %),10000,79000000,425760,3348780000,180407895,16.57
11/06/2013,23210,177087000,0(0.00 %),74510,577227000,51300,400140000,180384685,16.58
12/06/2013,-661860,-5169606000,0(0.00 %),21820,170196000,683680,5339802000,181046545,16.46
13/06/2013,-20490,-161222000,0(0.00 %),0,0,20490,161222000,181067035,16.46
14/06/2013,-531110,-4301341000,0(0.00 %),10000,81000000,541110,4382341000,181598145,16.36
17/06/2013,95500,797260000,0(0.00 %),336540,2680280000,241040,1883020000,181502645,16.64
18/06/2013,-73300,-564080000,0(0.00 %),0,0,73300,564080000,181575945,16.62
19/06/2013,1142010,8919132000,0(0.00 %),1142010,8919132000,0,0,180433935,16.83
20/06/2013,1434120,10928136000,0(0.00 %),1434120,10928136000,0,0,178999815,17.08
21/06/2013,6851000,50763790000,0(0.00 %),7701220,57067046000,850220,6303256000,172148815,18.3
24/06/2013,-928680,-6631683000,0(0.00 %),36600,259900000,965280,6891583000,173077495,18.14
25/06/2013,-540410,-3594994000,0(0.00 %),21000,140500000,561410,3735494000,173617905,18.04
26/06/2013,-1578290,-10473282000,0(0.00 %),8200,54120000,1586490,10527402000,175196195,17.76
27/06/2013,-366420,-2523106000,0(0.00 %),13900,96570000,380320,2619676000,175562615,17.7
28/06/2013,50000,350000000,0(0.00 %),50000,350000000,0,0,175512615,17.71
01/07/2013,-111770,-751296000,0(0.00 %),10000,67000000,121770,818296000,173889412,17.99
02/07/2013,-4440,-29986000,0(0.00 %),5510,37518000,9950,67504000,173893852,17.99
03/07/2013,-205110,-1396248000,0(0.00 %),4000,27200000,209110,1423448000,174098962,18.13
04/07/2013,-193110,-1295537000,0(0.00 %),1000,6800000,194110,1302337000,174292072,18.1
05/07/2013,10800,72360000,0(0.00 %),10800,72360000,0,0,174281272,18.1
08/07/2013,1530,10251000,0(0.00 %),1530,10251000,0,0,174279742,18.1
09/07/2013,-6090,-40194000,0(0.00 %),10,66000,6100,40260000,174285832,18.1
10/07/2013,-469600,-3115530000,0(0.00 %),2100,13860000,471700,3129390000,174755432,18.01
11/07/2013,-95770,-632082000,0(0.00 %),0,0,95770,632082000,174851202,18.0
12/07/2013,-10000,-69000000,0(0.00 %),0,0,10000,69000000,174861202,18.0
15/07/2013,-131030,-904910000,0(0.00 %),1300,9000000,132330,913910000,174992232,17.97
16/07/2013,-1960,-13524000,0(0.00 %),10,69000,1970,13593000,174994192,17.97
17/07/2013,-286280,-1953141000,0(0.00 %),110,748000,286390,1953889000,175280472,17.92
18/07/2013,2260,15368000,0(0.00 %),2260,15368000,0,0,175278212,17.92
19/07/2013,0,0,0(0.00 %),0,0,0,0,175278212,17.92
22/07/2013,-29900,-199420000,0(0.00 %),5500,37400000,35400,236820000,175308112,17.92
23/07/2013,-20820,-132716000,0(0.00 %),6500,40400000,27320,173116000,175328932,17.91
24/07/2013,-7580,-46846000,0(0.00 %),7500,46650000,15080,93496000,175336512,17.91
25/07/2013,-10340,-63608000,0(0.00 %),10,62000,10350,63670000,175346852,17.91
26/07/2013,-131390,-789958000,0(0.00 %),1030,6180000,132420,796138000,175478242,17.89
29/07/2013,1000,5800000,0(0.00 %),1000,5800000,0,0,175477242,17.89
30/07/2013,0,0,0(0.00 %),0,0,0,0,175477242,17.89
31/07/2013,-200640,-1149908000,0(0.00 %),7000,39900000,207640,1189808000,175677882,17.85
01/08/2013,21290,123253000,0(0.00 %),22000,127300000,710,4047000,178511589,17.34
02/08/2013,101120,595444000,0(0.00 %),104000,612148000,2880,16704000,178410469,17.36
05/08/2013,500,2900000,0(0.00 %),500,2900000,0,0,178409969,17.36
06/08/2013,77790,454882000,0(0.00 %),103790,606082000,26000,151200000,178332179,17.38
07/08/2013,0,0,0(0.00 %),0,0,0,0,178332179,17.38
08/08/2013,-7170,-42303000,0(0.00 %),0,0,7170,42303000,178339349,17.38
09/08/2013,-1730,-9861000,0(0.00 %),1600,9120000,3330,18981000,178341079,17.38
12/08/2013,-7600,-43320000,0(0.00 %),0,0,7600,43320000,178348679,17.37
13/08/2013,-2110,-11826000,0(0.00 %),100,550000,2210,12376000,178350789,17.37
14/08/2013,8600,46440000,0(0.00 %),8600,46440000,0,0,178342189,17.38
15/08/2013,-800410,-4746337000,0(0.00 %),0,0,800410,4746337000,179142599,17.23
16/08/2013,11300,68630000,0(0.00 %),14300,87230000,3000,18600000,179131299,17.23
19/08/2013,-406810,-2526098000,0(0.00 %),17000,105400000,423810,2631498000,179538109,17.16
20/08/2013,-179970,-1117015000,0(0.00 %),20010,122061000,199980,1239076000,179718079,17.13
21/08/2013,1610,9660000,0(0.00 %),4000,24000000,2390,14340000,179716469,17.13
22/08/2013,-106820,-627538000,0(0.00 %),6000,35400000,112820,662938000,179823289,17.11
23/08/2013,-872340,-5025921000,0(0.00 %),0,0,872340,5025921000,180695629,21.87
26/08/2013,-103790,-594603000,0(0.00 %),0,0,103790,594603000,180799419,21.85
27/08/2013,-110870,-637946000,0(0.00 %),0,0,110870,637946000,180910289,21.83
28/08/2013,-303830,-1682932000,0(0.00 %),5510,30306000,309340,1713238000,181214119,19.79
29/08/2013,-1157350,-6373714000,0(0.00 %),0,0,1157350,6373714000,182371469,19.6
30/08/2013,-3970,-22293000,0(0.00 %),4100,22140000,8070,44433000,182375439,19.6
03/09/2013,-131470,-725402000,0(0.00 %),2800,15680000,134270,741082000,198910374,16.92
04/09/2013,-6000,-33000000,0(0.00 %),0,0,6000,33000000,198916374,16.92
05/09/2013,-13270,-71628000,0(0.00 %),300,1620000,13570,73248000,198929644,16.92
06/09/2013,73930,412615000,0(0.00 %),239690,1324295000,165760,911680000,198855714,16.93
09/09/2013,-14040,-74412000,0(0.00 %),900,4770000,14940,79182000,198869754,16.93
10/09/2013,-1020,-5476000,0(0.00 %),0,0,1020,5476000,198870774,16.93
11/09/2013,205760,1132456000,0(0.00 %),213520,1174360000,7760,41904000,198665014,16.96
12/09/2013,-12270,-67485000,0(0.00 %),0,0,12270,67485000,198677284,16.96
13/09/2013,92980,511390000,0(0.00 %),103990,571945000,11010,60555000,198584304,16.98
16/09/2013,38000,205200000,0(0.00 %),38000,205200000,0,0,198546304,16.98
17/09/2013,179980,989890000,0(0.00 %),211980,1165890000,32000,176000000,198366324,17.01
18/09/2013,-299090,-1606137000,0(0.00 %),104180,556145000,403270,2162282000,198665414,16.96
19/09/2013,-760,-4104000,0(0.00 %),0,0,760,4104000,198666174,16.96
20/09/2013,1876900,10307160000,0(0.00 %),1876900,10307160000,0,0,196789274,17.27
23/09/2013,56400,315918000,0(0.00 %),57000,319200000,600,3282000,196732874,17.28
24/09/2013,-38000,-212800000,0(0.00 %),0,0,38000,212800000,196770874,17.27
25/09/2013,86180,502990000,0(0.00 %),116180,679990000,30000,177000000,196684694,17.28
26/09/2013,102040,608740000,0(0.00 %),103830,619480000,1790,10740000,196582654,17.3
27/09/2013,194150,1134480000,0(0.00 %),214550,1252845000,20400,118365000,196388504,17.33
30/09/2013,213100,1261974000,0(0.00 %),213100,1261974000,0,0,196175404,17.37
01/10/2013,-71500,-422500000,0(0.00 %),0,0,71500,422500000,197762273,17.11
02/10/2013,123700,768332000,0(0.00 %),137630,853306000,13930,84974000,197638573,17.13
03/10/2013,-805440,-4914882000,0(0.00 %),3520,21472000,808960,4936354000,198444013,16.94
04/10/2013,-12980,-79178000,0(0.00 %),0,0,12980,79178000,198456993,16.94
07/10/2013,-4920,-29758000,0(0.00 %),10,62000,4930,29820000,198461913,16.94
08/10/2013,7730,46380000,0(0.00 %),10010,60060000,2280,13680000,198454183,16.94
09/10/2013,-1420,-8520000,0(0.00 %),0,0,1420,8520000,198455603,16.94
10/10/2013,0,0,0(0.00 %),0,0,0,0,198455603,16.94
11/10/2013,196300,1138792000,0(0.00 %),216700,1257110000,20400,118318000,198259303,16.97
14/10/2013,102270,587951000,0(0.00 %),104120,598496000,1850,10545000,198157033,16.99
15/10/2013,13130,75868000,0(0.00 %),22000,126900000,8870,51032000,198143903,16.99
16/10/2013,142520,848125000,0(0.00 %),142520,848125000,0,0,198001383,17.02
17/10/2013,-299870,-1778240000,0(0.00 %),300,1780000,300170,1780020000,198301253,16.97
18/10/2013,941800,5710270000,0(0.00 %),967080,5861950000,25280,151680000,197359453,17.12
21/10/2013,260200,1707284000,0(0.00 %),260200,1707284000,0,0,197099253,17.16
22/10/2013,12260,85237000,0(0.00 %),214360,1363477000,202100,1278240000,197086993,17.16
23/10/2013,1935420,12472478000,0(0.00 %),1941980,12515118000,6560,42640000,195151573,17.48
24/10/2013,39780,254380000,0(0.00 %),243620,1549480000,203840,1295100000,195111793,17.48
25/10/2013,918000,5777780000,0(0.00 %),925280,5823644000,7280,45864000,194193793,17.63
28/10/2013,-828580,-5028745000,0(0.00 %),656000,4177300000,1484580,9206045000,195022373,17.5
29/10/2013,-2839000,-17347900000,0(0.00 %),1000,6100000,2840000,17354000000,197861373,17.04
30/10/2013,-1638200,-10001869000,0(0.00 %),291100,1775810000,1929300,11777679000,199499573,16.77
31/10/2013,-1108680,-6762948000,0(0.00 %),0,0,1108680,6762948000,200608253,16.59
01/11/2013,0,0,0(0.00 %),0,0,0,0,194823963,17.53
04/11/2013,10000,62000000,0(0.00 %),10000,62000000,0,0,194813963,17.53
05/11/2013,-18110,-115893000,0(0.00 %),0,0,18110,115893000,194832073,17.53
06/11/2013,107040,675056000,0(0.00 %),107040,675056000,0,0,194725033,17.54
07/11/2013,-26330,-168512000,0(0.00 %),0,0,26330,168512000,194751363,17.54
08/11/2013,-10,-63000,0(0.00 %),0,0,10,63000,194751373,17.54
11/11/2013,-5740,-37736000,0(0.00 %),10000,65000000,15740,102736000,194757113,17.54
12/11/2013,-274360,-1783522000,0(0.00 %),5100,33160000,279460,1816682000,195031473,17.49
13/11/2013,-327450,-2079038000,0(0.00 %),0,0,327450,2079038000,195358923,17.44
14/11/2013,-10860,-68418000,0(0.00 %),5000,31500000,15860,99918000,195369783,17.44
15/11/2013,-5000,-31600000,0(0.00 %),0,0,5000,31600000,195374783,17.44
18/11/2013,28410,183693000,0(0.00 %),30000,194000000,1590,10307000,195346373,17.44
19/11/2013,137060,882890000,0(0.00 %),137060,882890000,0,0,195209313,17.47
20/11/2013,-328370,-2073055000,0(0.00 %),558510,3678624000,886880,5751679000,195537683,17.41
21/11/2013,1083540,7580234000,0(0.00 %),1183220,8266128000,99680,685894000,194454143,17.59
22/11/2013,112500,750750000,0(0.00 %),157060,1045302000,44560,294552000,194341643,17.61
25/11/2013,0,0,0(0.00 %),0,0,0,0,194341643,17.61
26/11/2013,-8430,-55795000,0(0.00 %),5000,33500000,13430,89295000,194350073,17.61
27/11/2013,85540,576617000,0(0.00 %),137630,925621000,52090,349004000,194264533,17.62
28/11/2013,20710,138757000,0(0.00 %),32000,214400000,11290,75643000,194243823,17.62
29/11/2013,229530,1523918000,0(0.00 %),280670,1862289000,51140,338371000,194014293,17.66
02/12/2013,-30010,-198066000,0(0.00 %),0,0,30010,198066000,199777758,16.73
03/12/2013,103410,702460000,0(0.00 %),117270,794436000,13860,91976000,199674348,16.74
04/12/2013,104320,699444000,0(0.00 %),105740,708958000,1420,9514000,199570028,16.76
05/12/2013,6420,45014000,0(0.00 %),20000,136000000,13580,90986000,199563608,16.76
06/12/2013,0,0,0(0.00 %),0,0,0,0,199563608,16.76
09/12/2013,-415100,-2752177000,0(0.00 %),214900,1444820000,630000,4196997000,199978708,16.7
10/12/2013,-6240,-41080000,0(0.00 %),300,1980000,6540,43060000,199984948,16.69
11/12/2013,-43580,-278902000,0(0.00 %),200,1290000,43780,280192000,200028528,16.69
12/12/2013,55020,351126000,0(0.00 %),107520,681876000,52500,330750000,199973508,16.7
13/12/2013,-24280,-155820000,0(0.00 %),0,0,24280,155820000,199997788,16.69
16/12/2013,-444020,-2886130000,0(0.00 %),0,0,444020,2886130000,200441808,16.62
17/12/2013,-620,-4030000,0(0.00 %),0,0,620,4030000,200442428,16.62
18/12/2013,0,0,0(0.00 %),0,0,0,0,200442428,16.62
19/12/2013,-103910,-657957000,0(0.00 %),118000,789600000,221910,1447557000,200546338,16.6
20/12/2013,-1232050,-8131530000,0(0.00 %),416370,2748042000,1648420,10879572000,201778388,16.41
23/12/2013,-254020,-1727336000,0(0.00 %),20000,136000000,274020,1863336000,202032408,16.36
24/12/2013,-169310,-1128020000,0(0.00 %),0,0,169310,1128020000,202201718,16.34
25/12/2013,-48320,-319014000,0(0.00 %),0,0,48320,319014000,202250038,16.33
26/12/2013,-15120,-97792000,0(0.00 %),20000,134000000,35120,231792000,202265158,16.33
27/12/2013,-4020,-27434000,0(0.00 %),980,6566000,5000,34000000,202269178,16.33
30/12/2013,-86000,-549900000,0(0.00 %),4000,26100000,90000,576000000,202355178,16.31
31/12/2013,550,2630000,0(0.00 %),5000,32000000,4450,29370000,202354628,16.31
02/01/2014,0,0,0(0.00 %),0,0,0,0,202399712,16.3
03/01/2014,66590,433226000,0(0.00 %),86590,562726000,20000,129500000,202333122,16.32
06/01/2014,-14090,-91585000,0(0.00 %),0,0,14090,91585000,202347212,16.31
07/01/2014,-91720,-596180000,0(0.00 %),0,0,91720,596180000,202438932,16.3
08/01/2014,-201260,-1288921000,0(0.00 %),3500,22650000,204760,1311571000,202640192,16.27
09/01/2014,-67650,-438027000,0(0.00 %),381130,2477345000,448780,2915372000,202707842,16.25
10/01/2014,-4280,-27820000,0(0.00 %),0,0,4280,27820000,202712122,16.25
13/01/2014,0,0,0(0.00 %),0,0,0,0,202712122,16.25
14/01/2014,109070,710848000,0(0.00 %),109070,710848000,0,0,202603052,16.27
15/01/2014,196080,1347376000,0(0.00 %),213080,1463046000,17000,115670000,202406972,16.3
16/01/2014,212580,1475618000,0(0.00 %),218120,1514952000,5540,39334000,202194392,16.34
17/01/2014,2341420,15981515000,0(0.00 %),2345820,16011435000,4400,29920000,199852972,16.72
20/01/2014,1949980,13034180000,0(0.00 %),1949980,13034180000,0,0,197902992,17.03
21/01/2014,1868010,12986346000,0(0.00 %),1873890,13027242000,5880,40896000,196034982,17.33
22/01/2014,1862780,13765980000,0(0.00 %),2072300,15306486000,209520,1540506000,194172202,17.63
23/01/2014,257530,1861613000,0(0.00 %),264390,1911291000,6860,49678000,193914672,17.68
24/01/2014,811390,5910548000,0(0.00 %),1149960,8364718000,338570,2454170000,193103282,17.81
27/01/2014,-373580,-2709530000,0(0.00 %),243440,1758568000,617020,4468098000,193476862,17.75
06/02/2014,-83240,-624396000,0(0.00 %),218020,1648546000,301260,2272942000,192395849,17.92
07/02/2014,92350,699520000,0(0.00 %),221270,1654652000,128920,955132000,192303499,17.94
10/02/2014,-497000,-3675600000,0(0.00 %),226000,1679600000,723000,5355200000,192800499,17.86
11/02/2014,-34930,-248155000,0(0.00 %),265070,1986845000,300000,2235000000,192835429,17.85
12/02/2014,215300,1584816000,0(0.00 %),218580,1608432000,3280,23616000,192620129,17.88
13/02/2014,693990,5157755000,0(0.00 %),762350,5667237000,68360,509482000,191926139,18.0
14/02/2014,988780,7564439000,0(0.00 %),991780,7587539000,3000,23100000,190937359,18.16
17/02/2014,1382550,10587835000,0(0.00 %),1407550,10777835000,25000,190000000,189554809,18.38
18/02/2014,-283370,-2115297000,0(0.00 %),344780,2663486000,628150,4778783000,189838179,26.25
19/02/2014,230210,1813659000,0(0.00 %),234130,1844627000,3920,30968000,189607969,26.29
20/02/2014,109660,871286000,0(0.00 %),218360,1707044000,108700,835758000,189498309,26.3
21/02/2014,-83070,-622259000,0(0.00 %),226960,1703404000,310030,2325663000,189581379,26.29
24/02/2014,214400,1643710000,0(0.00 %),220960,1693596000,6560,49886000,189366979,22.66
25/02/2014,162820,1255714000,0(0.00 %),217960,1680242000,55140,424528000,189204159,22.69
26/02/2014,136040,1050198000,0(0.00 %),227840,1747878000,91800,697680000,189068119,22.71
27/02/2014,1308230,10582517000,0(0.00 %),1318240,10664598000,10010,82081000,187759889,22.89
28/02/2014,250940,2030314000,0(0.00 %),250940,2030314000,0,0,187508949,22.92
03/03/2014,-176310,-1410742000,0(0.00 %),232940,1872108000,409250,3282850000,237437909,15.98
04/03/2014,-1795990,-13943234000,0(0.00 %),219920,1702276000,2015910,15645510000,239233899,15.73
05/03/2014,-572790,-4487820000,0(0.00 %),218630,1720710000,791420,6208530000,239806689,15.65
06/03/2014,-40770,-319341000,0(0.00 %),217920,1728568000,258690,2047909000,239847459,15.6
07/03/2014,-2529750,-20502084000,0(0.00 %),223920,1826709000,2753670,22328793000,242377209,15.29
10/03/2014,-896550,-7475507000,0(0.00 %),217920,1856944000,1114470,9332451000,243273759,15.17
11/03/2014,-484550,-4357220000,0(0.00 %),227910,2054400000,712460,6411620000,243758309,15.1
12/03/2014,82710,758340000,0(0.00 %),267880,2357444000,185170,1599104000,243675599,15.11
13/03/2014,232860,2063376000,0(0.00 %),252880,2242556000,20020,179180000,243442739,15.14
14/03/2014,54990,503810000,0(0.00 %),231270,2074130000,176280,1570320000,243387749,15.15
17/03/2014,-203860,-1844265000,0(0.00 %),50250,447225000,254110,2291490000,243591609,15.12
18/03/2014,-1303620,-11655306000,0(0.00 %),1029000,9258100000,2332620,20913406000,244895229,14.94
19/03/2014,-2103000,-19115370000,0(0.00 %),57360,541204000,2160360,19656574000,246998229,14.65
20/03/2014,-37450,-360520000,0(0.00 %),3000,28800000,40450,389320000,247035679,14.64
21/03/2014,-3199620,-30718722000,0(0.00 %),1115520,10711113000,4315140,41429835000,250235299,14.2
24/03/2014,-53560,-517826000,0(0.00 %),29480,296148000,83040,813974000,250288859,14.19
25/03/2014,-1072000,-10793267000,0(0.00 %),179810,1828115000,1251810,12621382000,251360859,14.04
26/03/2014,-587940,-6007484000,0(0.00 %),82060,830303000,670000,6837787000,251948799,13.96
27/03/2014,-914150,-9322031000,0(0.00 %),2260,22633000,916410,9344664000,252862949,13.83
28/03/2014,-214700,-2277386000,0(0.00 %),5030,54320000,219730,2331706000,253077649,13.8
31/03/2014,-231620,-2410732000,0(0.00 %),20010,208104000,251630,2618836000,253309269,13.77
01/04/2014,-377470,-3738008000,0(0.00 %),35520,351701000,412990,4089709000,252397044,13.9
02/04/2014,2483920,23594571000,0(0.00 %),2697680,25650991000,213760,2056420000,249913124,14.24
03/04/2014,1054450,10662440000,0(0.00 %),1268110,12807450000,213660,2145010000,248858674,14.39
04/04/2014,-9620,-107329000,0(0.00 %),231290,2356087000,240910,2463416000,248868294,14.39
07/04/2014,158380,1601409000,0(0.00 %),203490,2059420000,45110,458011000,248709914,14.41
08/04/2014,212370,2174945000,0(0.00 %),226910,2323253000,14540,148308000,248497544,14.44
10/04/2014,462640,4686918000,0(0.00 %),527780,5352828000,65140,665910000,248034904,14.51
11/04/2014,227740,2283000000,0(0.00 %),227740,2283000000,0,0,247807164,14.54
14/04/2014,223150,2219609000,0(0.00 %),223210,2220215000,60,606000,247584014,14.57
15/04/2014,548410,5263993000,0(0.00 %),551680,5295712000,3270,31719000,247035604,14.64
16/04/2014,239410,2163527000,0(0.00 %),239410,2163527000,0,0,246796194,14.68
17/04/2014,172980,1598916000,0(0.00 %),195180,1805156000,22200,206240000,246623214,14.7
18/04/2014,-20440,-178972000,0(0.00 %),15000,133500000,35440,312472000,246643654,14.7
21/04/2014,-437450,-3674591000,0(0.00 %),114740,958090000,552190,4632681000,247081104,14.64
22/04/2014,-194240,-1642176000,0(0.00 %),205760,1742824000,400000,3385000000,247275344,14.61
23/04/2014,192370,1688443000,0(0.00 %),196000,1720750000,3630,32307000,247082974,14.64
24/04/2014,-31740,-272364000,0(0.00 %),5000,43000000,36740,315364000,247114714,14.63
25/04/2014,1240770,10812776000,0(0.00 %),1240770,10812776000,0,0,245873944,14.81
28/04/2014,656100,5657180000,0(0.00 %),949320,8188841000,293220,2531661000,245217844,14.9
29/04/2014,120200,1028680000,0(0.00 %),120200,1028680000,0,0,245097644,14.91
05/05/2014,960920,7917804000,0(0.00 %),1352100,11135510000,391180,3217706000,245546306,14.81
06/05/2014,635700,5031493000,0(0.00 %),843740,6668041000,208040,1636548000,244910606,14.9
07/05/2014,917140,7357816000,0(0.00 %),917780,7362936000,640,5120000,243993466,15.03
08/05/2014,575870,4339275000,0(0.00 %),575870,4339275000,0,0,243417596,15.11
09/05/2014,1371810,10279357000,0(0.00 %),1762950,13253064000,391140,2973707000,242045786,15.3
12/05/2014,-333900,-2379380000,0(0.00 %),57100,405720000,391000,2785100000,242379686,15.25
13/05/2014,636150,4289249000,0(0.00 %),642130,4330531000,5980,41282000,241743536,15.34
14/05/2014,2790640,19563016000,0(0.00 %),2790640,19563016000,0,0,238952896,15.72
15/05/2014,1139850,8249992000,0(0.00 %),1154850,8359992000,15000,110000000,237813046,15.88
16/05/2014,3647760,27059280000,0(0.00 %),3708990,27500593000,61230,441313000,234165286,16.39
19/05/2014,3308990,26015345000,0(0.00 %),3389090,26634145000,80100,618800000,230856296,16.85
20/05/2014,86800,692364000,0(0.00 %),112080,894832000,25280,202468000,230769496,16.86
21/05/2014,81610,661899000,0(0.00 %),123030,999543000,41420,337644000,230687886,16.87
22/05/2014,-974440,-7795364000,0(0.00 %),37000,298300000,1011440,8093664000,231662326,16.74
23/05/2014,-935000,-7350800000,0(0.00 %),115000,909200000,1050000,8260000000,232597326,16.61
26/05/2014,206670,1628172000,0(0.00 %),207510,1634808000,840,6636000,232390656,16.63
27/05/2014,-291690,-2465419000,0(0.00 %),379150,3097206000,670840,5562625000,232682346,16.59
28/05/2014,426150,3580137000,0(0.00 %),446150,3746137000,20000,166000000,232256196,16.65
29/05/2014,306610,2500902000,0(0.00 %),306610,2500902000,0,0,231949586,16.7
30/05/2014,489010,3904380000,0(0.00 %),514010,4102380000,25000,198000000,231460576,16.76
02/06/2014,439880,3430424000,0(0.00 %),448120,3493872000,8240,63448000,231370081,16.78
03/06/2014,286120,2249336000,0(0.00 %),295930,2325854000,9810,76518000,231083961,16.82
04/06/2014,1093980,8429395000,0(0.00 %),1168980,9001895000,75000,572500000,229989981,16.97
05/06/2014,411740,3224872000,0(0.00 %),550000,4300600000,138260,1075728000,229578241,17.02
06/06/2014,-89830,-709257000,0(0.00 %),12000,95700000,101830,804957000,229668071,17.01
09/06/2014,47800,388900000,0(0.00 %),48000,390500000,200,1600000,229620271,17.02
10/06/2014,191170,1532160000,0(0.00 %),199380,1597840000,8210,65680000,229429101,17.05
11/06/2014,167050,1330711000,0(0.00 %),200050,1594711000,33000,264000000,229262051,17.07
12/06/2014,17230,137741000,0(0.00 %),98220,793760000,80990,656019000,229244821,17.07
13/06/2014,319730,2588230000,0(0.00 %),350830,2837640000,31100,249410000,228925091,17.12
16/06/2014,-326730,-2613840000,0(0.00 %),986050,7885940000,1312780,10499780000,229251821,17.07
17/06/2014,-4650,-35765000,0(0.00 %),20000,165000000,24650,200765000,229256471,17.07
18/06/2014,17300,142290000,0(0.00 %),35300,291990000,18000,149700000,229239171,17.07
19/06/2014,8560,68430000,0(0.00 %),9000,71950000,440,3520000,229230611,17.07
20/06/2014,-3092190,-24470905000,0(0.00 %),311330,2459607000,3403520,26930512000,232322801,16.64
23/06/2014,934690,7479863000,0(0.00 %),973120,7786960000,38430,307097000,231388111,16.77
24/06/2014,197480,1581640000,0(0.00 %),228360,1828680000,30880,247040000,231190631,16.8
25/06/2014,483450,3910934000,0(0.00 %),497940,4027554000,14490,116620000,230707181,16.87
26/06/2014,1000900,8163890000,0(0.00 %),1011320,8248792000,10420,84902000,229706281,17.01
27/06/2014,495160,4010596000,0(0.00 %),498160,4034896000,3000,24300000,229211121,17.08
30/06/2014,-7280,-58640000,0(0.00 %),4000,32300000,11280,90940000,229218401,17.07
01/07/2014,71900,579900000,0(0.00 %),95170,767360000,23270,187460000,229151793,17.08
02/07/2014,-93160,-761796000,0(0.00 %),1000,8200000,94160,769996000,229244953,17.07
03/07/2014,22850,191840000,0(0.00 %),41000,344300000,18150,152460000,229222103,17.07
04/07/2014,-42000,-356650000,0(0.00 %),9000,76750000,51000,433400000,229264103,17.07
07/07/2014,-561300,-4771439000,0(0.00 %),48000,406800000,609300,5178239000,229825403,16.99
08/07/2014,-115740,-972497000,0(0.00 %),5100,42640000,120840,1015137000,229941143,16.97
09/07/2014,-81350,-695327000,0(0.00 %),23000,195300000,104350,890627000,230022493,16.96
10/07/2014,13700,114530000,0(0.00 %),13700,114530000,0,0,229235973,17.12
11/07/2014,4500,36700000,0(0.00 %),4500,36700000,0,0,229827073,0.0
14/07/2014,-74130,-608099000,0(0.00 %),2100,17010000,76230,625109000,229901203,16.98
15/07/2014,-21710,-180193000,0(0.00 %),0,0,21710,180193000,229922913,16.98
16/07/2014,-87820,-730903000,0(0.00 %),480,3987000,88300,734890000,230049683,0.0
17/07/2014,-5370,-44034000,0(0.00 %),0,0,5370,44034000,230055053,16.96
18/07/2014,334160,2752812000,0(0.00 %),335820,2766424000,1660,13612000,230125913,17.0
21/07/2014,94440,775052000,0(0.00 %),94440,775052000,0,0,229717363,0.0
22/07/2014,-19220,-155682000,0(0.00 %),200,1620000,19420,157302000,229805463,0.0
23/07/2014,67720,548532000,0(0.00 %),70000,567000000,2280,18468000,229745353,0.0
24/07/2014,208830,1691140000,0(0.00 %),208860,1691380000,30,240000,229533633,0.0
25/07/2014,81080,657087000,0(0.00 %),94470,764207000,13390,107120000,229439163,0.0
28/07/2014,7300,56280000,0(0.00 %),10300,78780000,3000,22500000,229448283,0.0
29/07/2014,108690,836913000,0(0.00 %),110690,852313000,2000,15400000,229339873,0.0
30/07/2014,0,0,0(0.00 %),0,0,0,0,229339903,0.0
31/07/2014,16000,123200000,0(0.00 %),16000,123200000,0,0,229337293,0.0
01/08/2014,16100,124380000,0(0.00 %),16100,124380000,0,0,229324193,0.0
04/08/2014,39000,298400000,0(0.00 %),39000,298400000,0,0,229292373,0.0
05/08/2014,14200,112180000,0(0.00 %),20000,158000000,5800,45820000,229267193,0.0
06/08/2014,133410,1053939000,0(0.00 %),134510,1062629000,1100,8690000,229267193,17.12
07/08/2014,-311350,-2429661000,0(0.00 %),20000,156000000,331350,2585661000,229578543,17.02
08/08/2014,0,0,0(0.00 %),0,0,0,0,229112683,0.0
11/08/2014,-221910,-1734980000,0(0.00 %),0,0,221910,1734980000,229118483,0.0
12/08/2014,2210,17238000,0(0.00 %),100000,780000000,97790,762762000,229100583,0.0
13/08/2014,0,0,0(0.00 %),0,0,0,0,229350933,0.0
14/08/2014,554060,4412574000,0(0.00 %),649000,5167100000,94940,754526000,229350933,17.1
15/08/2014,-58000,-472050000,0(0.00 %),2000,16350000,60000,488400000,228923843,17.16
18/08/2014,90,729000,0(0.00 %),90,729000,0,0,229019543,0.0
19/08/2014,-230,-1840000,0(0.00 %),0,0,230,1840000,229019543,0.0
20/08/2014,-15530,-124240000,0(0.00 %),0,0,15530,124240000,229114483,0.0
21/08/2014,-105500,-864847000,0(0.00 %),0,0,105500,864847000,229174483,0.0
22/08/2014,-680910,-5710771000,0(0.00 %),0,0,680910,5710771000,229174483,17.13
25/08/2014,88860,778086000,0(0.00 %),94960,831766000,6100,53680000,229174713,17.13
26/08/2014,-197760,-1710134000,0(0.00 %),22000,191800000,219760,1901934000,229095283,17.14
27/08/2014,-459200,-4033153000,0(0.00 %),300,2610000,459500,4035763000,229178783,17.13
28/08/2014,-1980,-17820000,0(0.00 %),0,0,1980,17820000,229859398,17.03
29/08/2014,740,5812000,0(0.00 %),15000,132000000,14260,126188000,229850498,0.0
03/09/2014,85290,803704000,0(0.00 %),213500,2011300000,128210,1207596000,230070258,17.0
04/09/2014,-24140,-223078000,0(0.00 %),4020,36784000,28160,259862000,230312238,0.0
05/09/2014,279770,2592761000,0(0.00 %),289770,2685761000,10000,93000000,230039448,0.0
08/09/2014,1036970,9725418000,0(0.00 %),1036970,9725418000,0,0,230038708,17.01
09/09/2014,190620,1734786000,0(0.00 %),197480,1797212000,6860,62426000,229129948,17.13
10/09/2014,-5683180,-49007562000,0(0.00 %),2450,21164000,5685630,49028726000,228958178,0.0
11/09/2014,-155580,-1359046000,0(0.00 %),0,0,155580,1359046000,228968178,0.0
12/09/2014,-11500,-105800000,0(0.00 %),0,0,11500,105800000,228968178,0.0
15/09/2014,-93970,-838730000,0(0.00 %),1920,17280000,95890,856010000,228975038,17.16
16/09/2014,-539030,-4691111000,0(0.00 %),500,4300000,539530,4695411000,234658748,0.0
17/09/2014,-380710,-3331148000,0(0.00 %),900,7920000,381610,3339068000,234812928,0.0
18/09/2014,-206700,-1778925000,0(0.00 %),21050,183025000,227750,1961950000,234803378,0.0
19/09/2014,-9756110,-82033684000,0(0.00 %),1112870,9350218000,10868980,91383902000,233786398,0.0
22/09/2014,-19870,-186734000,0(0.00 %),158880,1340480000,178750,1527214000,234167048,0.0
23/09/2014,1420050,12246633000,0(0.00 %),1444620,12455478000,24570,208845000,233104038,0.0
24/09/2014,507510,4376806000,0(0.00 %),689650,5948710000,182140,1571904000,232596528,16.61
25/09/2014,290500,2501534000,0(0.00 %),290500,2501534000,0,0,232306028,16.65
26/09/2014,1620,14256000,0(0.00 %),1620,14256000,0,0,232304408,16.65
29/09/2014,43000,378300000,0(0.00 %),43000,378300000,0,0,243379318,0.0
30/09/2014,-4330,-37670000,0(0.00 %),0,0,4330,37670000,243561458,0.0
01/10/2014,-26050,-232120000,0(0.00 %),0,0,26050,232120000,243561458,0.0
02/10/2014,-10000,-91000000,0(0.00 %),0,0,10000,91000000,243561458,0.0
03/10/2014,-148070,-1367319000,0(0.00 %),23300,217020000,171370,1584339000,243538158,0.0
06/10/2014,100,930000,0(0.00 %),100,930000,0,0,243542393,0.0
07/10/2014,-76010,-708793000,0(0.00 %),0,0,76010,708793000,243568443,0.0
08/10/2014,-4120,-38326000,0(0.00 %),100,920000,4220,39246000,243578343,0.0
09/10/2014,-5830,-53636000,0(0.00 %),0,0,5830,53636000,243749713,0.0
10/10/2014,1000,9000000,0(0.00 %),1000,9000000,0,0,243748713,0.0
13/10/2014,-60150,-535335000,0(0.00 %),0,0,60150,535335000,243808863,15.05
14/10/2014,145720,1311146000,0(0.00 %),148560,1336422000,2840,25276000,243663143,15.07
15/10/2014,-188940,-1661144000,0(0.00 %),57000,495900000,245940,2157044000,243852083,15.04
16/10/2014,-485420,-4171044000,0(0.00 %),2000,17300000,487420,4188344000,244337503,14.98
17/10/2014,-906000,-7631634000,0(0.00 %),3300,27750000,909300,7659384000,245243503,14.85
20/10/2014,-162520,-1392672000,0(0.00 %),0,0,162520,1392672000,245406023,14.83
21/10/2014,327990,2815915000,0(0.00 %),736300,6314991000,408310,3499076000,245078033,14.87
22/10/2014,905700,7881040000,0(0.00 %),1090200,9487165000,184500,1606125000,244172333,15.0
23/10/2014,429250,3734275000,0(0.00 %),510500,4436519000,81250,702244000,243743083,15.06
24/10/2014,-155660,-1321510000,0(0.00 %),6100,51350000,161760,1372860000,243898743,15.04
27/10/2014,-162500,-1348000000,0(0.00 %),0,0,162500,1348000000,244061243,15.02
29/10/2014,110850,928186000,0(0.00 %),213290,1791636000,102440,863450000,243950393,15.03
30/10/2014,556950,4723105000,0(0.00 %),558700,4737980000,1750,14875000,243393443,15.11
31/10/2014,984700,8487292000,0(0.00 %),987700,8512892000,3000,25600000,242408743,15.25
03/11/2014,336990,2949012000,0(0.00 %),395990,3468212000,59000,519200000,241889975,15.32
04/11/2014,0,0,0(0.00 %),0,0,0,0,241889975,15.32
05/11/2014,-160,-1376000,0(0.00 %),0,0,160,1376000,241890135,15.32
06/11/2014,5000,42650000,0(0.00 %),5000,42650000,0,0,241885135,15.32
07/11/2014,53800,461500000,0(0.00 %),53800,461500000,0,0,241831335,15.33
10/11/2014,0,0,0(0.00 %),0,0,0,0,241831335,15.33
11/11/2014,-24680,-219652000,0(0.00 %),0,0,24680,219652000,241856015,15.32
12/11/2014,-1960,-17248000,0(0.00 %),0,0,1960,17248000,241857975,15.32
13/11/2014,11580,107378000,0(0.00 %),20000,184000000,8420,76622000,241846395,15.32
14/11/2014,-4860,-43682000,0(0.00 %),2280,20064000,7140,63746000,241851255,15.32
17/11/2014,-5580,-49662000,0(0.00 %),4000,35600000,9580,85262000,241856835,15.32
18/11/2014,-180790,-1591099000,0(0.00 %),0,0,180790,1591099000,242037625,15.3
19/11/2014,-1420,-12354000,0(0.00 %),0,0,1420,12354000,242039045,15.3
20/11/2014,273100,2436650000,0(0.00 %),289330,2582100000,16230,145450000,241724122,0.0
21/11/2014,162920,1449180000,0(0.00 %),162920,1449180000,0,0,241570782,0.0
24/11/2014,869590,7616430000,0(0.00 %),899590,7880430000,30000,264000000,240851982,0.0
25/11/2014,262200,2308300000,0(0.00 %),275060,2421470000,12860,113170000,240578342,0.0
26/11/2014,423740,3747220000,0(0.00 %),423740,3747220000,0,0,240170832,0.0
27/11/2014,30500,267750000,0(0.00 %),36000,315600000,5500,47850000,240134832,0.0
28/11/2014,8000,70900000,0(0.00 %),8000,70900000,0,0,240156832,0.0
01/12/2014,174650,1533170000,0(0.00 %),193650,1704170000,19000,171000000,239976042,0.0
02/12/2014,-5530,-48660000,0(0.00 %),0,0,5530,48660000,239976044,0.0
03/12/2014,21000,184800000,0(0.00 %),21000,184800000,0,0,239960544,0.0
04/12/2014,3642400,32418330000,0(0.00 %),3660400,32577060000,18000,158730000,236300144,0.0
05/12/2014,-16750,-148560000,0(0.00 %),83250,735440000,100000,884000000,236317144,0.0
08/12/2014,-53000,-466400000,0(0.00 %),5000,44000000,58000,510400000,236317674,0.0
09/12/2014,2540,21890000,0(0.00 %),6500,55550000,3960,33660000,236311174,0.0
10/12/2014,-15440,-124220000,0(0.00 %),65800,557200000,81240,681420000,236263374,0.0
11/12/2014,-70550,-598570000,0(0.00 %),173200,1454930000,243750,2053500000,236108924,0.0
12/12/2014,108500,911400000,0(0.00 %),108500,911400000,0,0,236000424,16.13
15/12/2014,-320550,-2696950000,0(0.00 %),0,0,320550,2696950000,236062384,0.0
16/12/2014,-975580,-8031690000,0(0.00 %),0,0,975580,8031690000,236143624,0.0
17/12/2014,-542910,-4414880000,0(0.00 %),7500,59000000,550410,4473880000,236379874,0.0
18/12/2014,-1137380,-9070300000,0(0.00 %),0,0,1137380,9070300000,236379874,0.0
19/12/2014,-2556300,-19395000000,0(0.00 %),1779110,13765780000,4335410,33160780000,234921314,0.0
22/12/2014,30000,236000000,0(0.00 %),50000,390000000,20000,154000000,234891314,16.29
23/12/2014,-3150,-24260000,0(0.00 %),0,0,3150,24260000,236397304,0.0
24/12/2014,0,0,0(0.00 %),0,0,0,0,237534684,0.0
25/12/2014,460,3540000,0(0.00 %),460,3540000,0,0,241869634,0.0
26/12/2014,95000,703000000,0(0.00 %),95000,703000000,0,0,241774634,15.33
29/12/2014,-14260,-103824000,0(0.00 %),1740,12976000,16000,116800000,241788894,15.33
30/12/2014,-70,-525000,0(0.00 %),0,0,70,525000,241788964,15.37
31/12/2014,186710,1479438000,0(0.00 %),201710,1600938000,15000,121500000,241602254,15.4
05/01/2015,575250,4610500000,0(0.00 %),575250,4610500000,0,0,241019084,15.48
06/01/2015,-19160,-151092000,0(0.00 %),224650,1796869000,243810,1947961000,241038244,15.48
07/01/2015,166650,1354365000,0(0.00 %),223650,1816065000,57000,461700000,240871594,15.5
08/01/2015,157370,1256260000,0(0.00 %),223620,1786260000,66250,530000000,240714224,15.52
09/01/2015,320570,2598553000,0(0.00 %),365500,2960000000,44930,361447000,240393654,15.57
12/01/2015,208180,1682402000,0(0.00 %),223620,1806422000,15440,124020000,240185474,15.6
13/01/2015,152860,1221028000,0(0.00 %),153080,1222788000,220,1760000,240032614,15.62
14/01/2015,6680,53090000,0(0.00 %),8500,67650000,1820,14560000,240025934,15.62
15/01/2015,-65340,-527720000,0(0.00 %),0,0,65340,527720000,240091274,15.61
16/01/2015,-27280,-218240000,0(0.00 %),8000,64000000,35280,282240000,240118554,15.61
19/01/2015,0,0,0(0.00 %),0,0,0,0,240118554,15.61
20/01/2015,300,2340000,0(0.00 %),300,2340000,0,0,240118254,15.61
21/01/2015,0,0,0(0.00 %),0,0,0,0,240118254,15.61
22/01/2015,-61100,-476580000,0(0.00 %),0,0,61100,476580000,240179354,15.6
23/01/2015,-90000,-702000000,0(0.00 %),0,0,90000,702000000,240269354,15.59
26/01/2015,20,158000,0(0.00 %),20,158000,0,0,240269334,15.59
27/01/2015,93800,720930000,0(0.00 %),100950,777415000,7150,56485000,240175534,15.6
28/01/2015,-4450,-34265000,0(0.00 %),0,0,4450,34265000,240179984,15.6
29/01/2015,1000,7700000,0(0.00 %),1000,7700000,0,0,240178984,15.6
30/01/2015,-1012430,-7692568000,0(0.00 %),19000,146300000,1031430,7838868000,241191414,15.46
02/02/2015,-135620,-1009662000,0(0.00 %),13500,102250000,149120,1111912000,240173112,15.6
03/02/2015,-20130,-146506000,0(0.00 %),57000,421700000,77130,568206000,240193242,15.6
04/02/2015,-314440,-2295756000,0(0.00 %),6000,43800000,320440,2339556000,240507682,15.55
05/02/2015,70000,511000000,0(0.00 %),70000,511000000,0,0,240437682,15.56
06/02/2015,127510,943723000,0(0.00 %),134000,991100000,6490,47377000,240310172,15.58
09/02/2015,138230,1027471000,0(0.00 %),226920,1675108000,88690,647637000,240171942,15.6
10/02/2015,204270,1504600000,0(0.00 %),303860,2231678000,99590,727078000,239967672,15.63
11/02/2015,223770,1674275000,0(0.00 %),223770,1674275000,0,0,239743902,15.66
12/02/2015,223740,1700424000,0(0.00 %),223740,1700424000,0,0,239520162,15.69
13/02/2015,223740,1722798000,0(0.00 %),223740,1722798000,0,0,239296422,15.72
24/02/2015,207550,1601316000,0(0.00 %),248570,1917313000,41020,315997000,239088872,15.75
25/02/2015,370430,2848311000,0(0.00 %),390430,3000311000,20000,152000000,238718442,15.8
26/02/2015,214790,1635904000,0(0.00 %),223110,1699136000,8320,63232000,238503652,15.83
27/02/2015,230330,1757331000,0(0.00 %),246230,1878171000,15900,120840000,238273322,15.86
02/03/2015,218240,1656324000,0(0.00 %),223240,1694324000,5000,38000000,239190871,15.74
03/03/2015,499800,3804710000,0(0.00 %),524990,3998673000,25190,193963000,238691071,15.8
04/03/2015,-118600,-913220000,0(0.00 %),0,0,118600,913220000,238809671,15.79
05/03/2015,-374740,-2908472000,0(0.00 %),0,0,374740,2908472000,239184411,15.74
06/03/2015,-347120,-2672824000,0(0.00 %),0,0,347120,2672824000,239531531,15.69
09/03/2015,11550,87780000,0(0.00 %),13830,105108000,2280,17328000,239519981,15.69
10/03/2015,-163740,-1244261000,0(0.00 %),0,0,163740,1244261000,239683721,15.67
11/03/2015,-153830,-1153725000,0(0.00 %),0,0,153830,1153725000,239837551,15.65
12/03/2015,-94530,-708419000,0(0.00 %),0,0,94530,708419000,239932081,20.38
13/03/2015,-68680,-515100000,0(0.00 %),0,0,68680,515100000,240000761,20.37
16/03/2015,10030,74825000,0(0.00 %),13900,103850000,3870,29025000,239990731,20.38
17/03/2015,144780,1094675000,0(0.00 %),151980,1148675000,7200,54000000,239845951,20.39
18/03/2015,-2320,-17632000,0(0.00 %),0,0,2320,17632000,239848271,20.39
19/03/2015,-1753340,-13081484000,0(0.00 %),57000,427500000,1810340,13508984000,241601611,20.18
20/03/2015,3136410,23770685000,0(0.00 %),3304290,25046273000,167880,1275588000,238465201,20.56
23/03/2015,-1024960,-7605884000,0(0.00 %),1100,8250000,1026060,7614134000,239490161,20.44
24/03/2015,-542530,-3962969000,0(0.00 %),0,0,542530,3962969000,240032691,20.37
25/03/2015,-542530,-3962969000,0(0.00 %),0,0,542530,3962969000,240575221,20.31
26/03/2015,-987860,-7140736000,0(0.00 %),0,0,987860,7140736000,241563081,20.19
27/03/2015,-1040310,-7471251000,0(0.00 %),30,216000,1040340,7471467000,242603391,20.06
30/03/2015,-371550,-2606005000,0(0.00 %),0,0,371550,2606005000,242974941,20.02
31/03/2015,428960,3003014000,0(0.00 %),443210,3102339000,14250,99325000,242545981,20.07
01/04/2015,105000,716800000,0(0.00 %),105000,716800000,0,0,299229141,13.31
02/04/2015,-170270,-1128809000,0(0.00 %),100200,683340000,270470,1812149000,299399411,13.29
03/04/2015,0,0,0(0.00 %),0,0,0,0,299399411,13.29
06/04/2015,-297280,-1997404000,0(0.00 %),0,0,297280,1997404000,299696691,13.25
07/04/2015,-486190,-3241455000,0(0.00 %),0,0,486190,3241455000,300182881,13.2
08/04/2015,-689950,-4648660000,0(0.00 %),0,0,689950,4648660000,300872831,13.11
09/04/2015,-74310,-504208000,0(0.00 %),0,0,74310,504208000,300947141,13.11
10/04/2015,0,0,0(0.00 %),0,0,0,0,300947141,13.11
13/04/2015,343490,2349932000,0(0.00 %),347080,2374344000,3590,24412000,300603651,13.15
14/04/2015,74320,504676000,0(0.00 %),74320,504676000,0,0,300529331,13.16
15/04/2015,612190,4116373000,0(0.00 %),612190,4116373000,0,0,299917141,13.23
16/04/2015,678770,4702670000,0(0.00 %),688360,4768482000,9590,65812000,299238371,13.31
17/04/2015,5662830,40431184000,0(0.00 %),5663030,40432604000,200,1420000,293575541,13.98
20/04/2015,251810,1800032000,0(0.00 %),251810,1800032000,0,0,293323731,14.01
21/04/2015,255230,1804476000,0(0.00 %),258660,1828486000,3430,24010000,293068501,14.05
22/04/2015,257040,1797280000,0(0.00 %),258660,1808620000,1620,11340000,292811461,14.08
23/04/2015,258660,1792255000,0(0.00 %),258660,1792255000,0,0,292552801,14.11
24/04/2015,254940,1764886000,0(0.00 %),260080,1800352000,5140,35466000,292297861,14.14
27/04/2015,187250,1279403000,0(0.00 %),267230,1823267000,79980,543864000,292110611,14.16
04/05/2015,709110,4727581000,0(0.00 %),709110,4727581000,0,0,292742542,14.08
05/05/2015,578550,3721192000,0(0.00 %),587700,3781582000,9150,60390000,292163992,14.15
06/05/2015,-130980,-828226000,0(0.00 %),259050,1649855000,390030,2478081000,292294972,14.12
07/05/2015,-139950,-863590000,0(0.00 %),259050,1623110000,399000,2486700000,292434922,14.11
08/05/2015,259280,1670590000,0(0.00 %),262520,1691326000,3240,20736000,292175642,14.14
11/05/2015,179230,1151072000,0(0.00 %),264020,1693728000,84790,542656000,291996412,14.16
12/05/2015,-729920,-4570096000,0(0.00 %),1000,6200000,730920,4576296000,292726332,14.07
13/05/2015,-577730,-3587227000,0(0.00 %),30290,185799000,608020,3773026000,293304062,14.0
14/05/2015,0,0,0(0.00 %),0,0,0,0,293304062,14.0
15/05/2015,11050,68455000,0(0.00 %),11050,68455000,0,0,293293012,14.0
18/05/2015,2900,17685000,0(0.00 %),6750,40400000,3850,22715000,293290112,14.01
19/05/2015,128930,760847000,0(0.00 %),128930,760847000,0,0,293161182,14.02
20/05/2015,91320,561684000,0(0.00 %),91320,561684000,0,0,293069862,14.03
21/05/2015,620210,3905823000,0(0.00 %),620210,3905823000,0,0,292449652,14.11
22/05/2015,334090,2075358000,0(0.00 %),375690,2333278000,41600,257920000,292115562,14.14
25/05/2015,76520,474424000,0(0.00 %),76520,474424000,0,0,292039042,14.15
26/05/2015,261260,1697264000,0(0.00 %),261260,1697264000,0,0,291777782,14.19
27/05/2015,260190,1685216000,0(0.00 %),260190,1685216000,0,0,291517592,14.22
28/05/2015,224170,1476248000,0(0.00 %),260190,1709766000,36020,233518000,291293422,14.24
29/05/2015,450630,2965658000,0(0.00 %),450630,2965658000,0,0,290842792,14.3
01/06/2015,259420,1686230000,0(0.00 %),262510,1706315000,3090,20085000,290629382,14.32
02/06/2015,254200,1635300000,0(0.00 %),260670,1677355000,6470,42055000,290375182,14.35
03/06/2015,-895090,-5705738000,0(0.00 %),88200,562903000,983290,6268641000,291270272,14.25
04/06/2015,-14000,-89600000,0(0.00 %),0,0,14000,89600000,291284272,14.24
05/06/2015,-653370,-4243268000,0(0.00 %),1000,6400000,654370,4249668000,291937642,14.17
08/06/2015,19900,141340000,0(0.00 %),100000,670000000,80100,528660000,291917742,14.17
09/06/2015,-46340,-298522000,0(0.00 %),40000,260000000,86340,558522000,291964082,14.16
10/06/2015,-582630,-3729232000,0(0.00 %),71620,458368000,654250,4187600000,292546712,14.09
11/06/2015,-710,385000,0(0.00 %),100000,655000000,100710,654615000,292547422,14.09
12/06/2015,60000,396000000,0(0.00 %),60000,396000000,0,0,292487422,14.1
15/06/2015,1000,6800000,0(0.00 %),1000,6800000,0,0,292486422,14.1
16/06/2015,1109450,7542660000,0(0.00 %),1119160,7608688000,9710,66028000,291376972,14.23
17/06/2015,355580,2382386000,0(0.00 %),361030,2418901000,5450,36515000,291021392,14.28
18/06/2015,983720,6650464000,0(0.00 %),983720,6650464000,0,0,290037672,14.39
19/06/2015,8082530,55602853000,0(0.00 %),9231770,63489187000,1149240,7886334000,281955142,15.36
22/06/2015,545970,3712596000,0(0.00 %),545970,3712596000,0,0,281409172,15.42
23/06/2015,328810,2239811000,0(0.00 %),428040,2910672000,99230,670861000,281080362,15.46
24/06/2015,247190,1658193000,0(0.00 %),247190,1658193000,0,0,280833172,15.49
25/06/2015,102800,678480000,0(0.00 %),102800,678480000,0,0,280730372,15.5
26/06/2015,121660,802956000,0(0.00 %),121660,802956000,0,0,280608712,15.52
29/06/2015,480800,3206161000,0(0.00 %),500800,3338161000,20000,132000000,280127912,15.57
30/06/2015,1091920,7200172000,0(0.00 %),1845854,12101125000,753934,4900953000,279035992,15.7
01/07/2015,392710,2578815000,0(0.00 %),392710,2578815000,0,0,278658572,15.75
02/07/2015,466790,3110982000,0(0.00 %),466790,3110982000,0,0,278191782,15.82
03/07/2015,309230,2086964000,0(0.00 %),309230,2086964000,0,0,277882552,15.86
06/07/2015,751890,5137023000,0(0.00 %),757890,5178423000,6000,41400000,277130662,15.95
07/07/2015,552470,3810543000,0(0.00 %),570320,3933708000,17850,123165000,276578192,16.01
08/07/2015,551180,3749092000,0(0.00 %),571180,3885092000,20000,136000000,276027012,16.08
09/07/2015,467660,3133422000,0(0.00 %),482330,3231711000,14670,98289000,275559352,16.13
10/07/2015,313090,2103059000,0(0.00 %),313090,2103059000,0,0,275246262,16.17
13/07/2015,256500,1718550000,0(0.00 %),256500,1718550000,0,0,274989762,16.2
14/07/2015,272010,1808367000,0(0.00 %),273060,1815402000,1050,7035000,274717752,16.23
15/07/2015,85120,570304000,0(0.00 %),85120,570304000,0,0,274632632,16.24
16/07/2015,282550,1864830000,0(0.00 %),292560,1930896000,10010,66066000,274350082,16.28
17/07/2015,295800,1961280000,0(0.00 %),295800,1961280000,0,0,274054282,16.31
20/07/2015,-163960,-1049704000,0(0.00 %),195300,1265560000,359260,2315264000,274218242,16.29
21/07/2015,90560,590110000,0(0.00 %),278790,1809105000,188230,1218995000,274127682,16.3
22/07/2015,567460,3631744000,0(0.00 %),597800,3825920000,30340,194176000,273560222,16.37
23/07/2015,193740,1239110000,0(0.00 %),202000,1292800000,8260,53690000,273366482,16.4
24/07/2015,636550,4015828000,0(0.00 %),636550,4015828000,0,0,272729932,16.47
27/07/2015,297570,1915406000,0(0.00 %),300570,1934306000,3000,18900000,272432362,16.51
28/07/2015,-27180,-172155000,0(0.00 %),4000,25600000,31180,197755000,272459542,16.5
29/07/2015,-439040,-2765897000,0(0.00 %),200550,1263520000,639590,4029417000,272898582,16.45
30/07/2015,125630,808270000,0(0.00 %),296730,1890490000,171100,1082220000,272772952,16.47
31/07/2015,21500,137600000,0(0.00 %),21500,137600000,0,0,272751452,16.47
03/08/2015,980,6290000,0(0.00 %),3260,20200000,2280,13910000,272086042,16.55
04/08/2015,86310,526490000,0(0.00 %),100000,610000000,13690,83510000,271999732,16.56
05/08/2015,268850,1687870000,0(0.00 %),268850,1687870000,0,0,271730882,16.59
06/08/2015,-10590,-66720000,0(0.00 %),0,0,10590,66720000,271741472,16.59
07/08/2015,107380,665760000,0(0.00 %),107380,665760000,0,0,271634092,16.6
10/08/2015,-6030,-37390000,0(0.00 %),0,0,6030,37390000,271640122,16.6
11/08/2015,628510,3833910000,0(0.00 %),628510,3833910000,0,0,271011612,16.68
12/08/2015,160240,963360000,0(0.00 %),160240,963360000,0,0,270851372,16.7
13/08/2015,79890,471400000,0(0.00 %),474910,2796510000,395020,2325110000,270771482,16.7
14/08/2015,80660,468310000,0(0.00 %),375860,2184250000,295200,1715940000,270690822,16.71
17/08/2015,292740,1739670000,0(0.00 %),292740,1739670000,0,0,270398082,16.75
18/08/2015,163550,965140000,0(0.00 %),263790,1557250000,100240,592110000,270234532,16.77
19/08/2015,0,0,0(0.00 %),0,0,0,0,270234532,16.77
20/08/2015,-421180,-2452920000,0(0.00 %),1380,8110000,422560,2461030000,270655712,16.72
21/08/2015,-108050,-571570000,0(0.00 %),383750,2104090000,491800,2675660000,270763762,16.71
24/08/2015,34180,217410000,0(0.00 %),500980,2670040000,466800,2452630000,270729582,16.71
25/08/2015,-592060,-2954350000,0(0.00 %),306080,1560500000,898140,4514850000,271321642,16.64
26/08/2015,-1212030,-6183580000,0(0.00 %),3740,18780000,1215770,6202360000,272533672,16.49
27/08/2015,-514860,-2683900000,0(0.00 %),0,0,514860,2683900000,273048532,16.43
28/08/2015,-193300,-990230000,0(0.00 %),5200,26620000,198500,1016850000,273241832,16.41
31/08/2015,-395330,-2005690000,0(0.00 %),7700,39270000,403030,2044960000,273637162,16.36
01/09/2015,-8000,-40800000,0(0.00 %),0,0,8000,40800000,273209028,16.41
03/09/2015,-615490,-3118000000,0(0.00 %),0,0,615490,3118000000,273824518,16.34
04/09/2015,-52730,-269120000,0(0.00 %),2000,10000000,54730,279120000,273877248,16.33
07/09/2015,700,3570000,0(0.00 %),700,3570000,0,0,273876548,16.33
08/09/2015,-98450,-507000000,0(0.00 %),0,0,98450,507000000,273974998,16.32
09/09/2015,-9690,-51360000,0(0.00 %),0,0,9690,51360000,273984688,16.32
10/09/2015,-5140,-26280000,0(0.00 %),0,0,5140,26280000,273989828,16.32
11/09/2015,-98430,-518990000,0(0.00 %),0,0,98430,518990000,274088258,16.31
14/09/2015,-130040,-687280000,0(0.00 %),0,0,130040,687280000,274218298,16.29
15/09/2015,-590570,-3053040000,0(0.00 %),10,50000,590580,3053090000,274808868,16.22
16/09/2015,-46600,-247000000,0(0.00 %),400,2100000,47000,249100000,274855468,16.22
17/09/2015,0,0,0(0.00 %),0,0,0,0,274855468,16.22
18/09/2015,-310640,-1641260000,0(0.00 %),942800,4996840000,1253440,6638100000,275166108,16.18
21/09/2015,154900,821470000,0(0.00 %),154900,821470000,0,0,275011208,16.2
22/09/2015,357750,1897280000,0(0.00 %),357750,1897280000,0,0,274653458,16.24
23/09/2015,-50,-270000,0(0.00 %),0,0,50,270000,274653508,16.24
24/09/2015,0,0,0(0.00 %),0,0,0,0,274653508,16.24
25/09/2015,0,0,0(0.00 %),0,0,0,0,274653508,16.24
28/09/2015,-10,-50000,0(0.00 %),0,0,10,50000,274653518,16.24
29/09/2015,37780,196450000,0(0.00 %),43220,224740000,5440,28290000,274615738,16.25
30/09/2015,182240,947650000,0(0.00 %),190530,990760000,8290,43110000,274433498,16.27
01/10/2015,0,0,0(0.00 %),0,0,0,0,275544148,16.14
02/10/2015,-194400,-991440000,0(0.00 %),0,0,194400,991440000,275738548,16.11
05/10/2015,14380,74840000,0(0.00 %),15000,78000000,620,3160000,275724168,16.11
06/10/2015,0,0,0(0.00 %),0,0,0,0,275724168,16.11
07/10/2015,492220,2860080000,0(0.00 %),713550,4099530000,221330,1239450000,275231948,16.17
08/10/2015,449330,2653600000,0(0.00 %),469740,2769940000,20410,116340000,274782618,16.23
09/10/2015,506420,3162320000,0(0.00 %),506420,3162320000,0,0,274276198,16.29
12/10/2015,660250,4228230000,0(0.00 %),660500,4229830000,250,1600000,273615948,16.37
13/10/2015,508420,3202900000,0(0.00 %),508420,3202900000,0,0,273107528,16.43
14/10/2015,138450,893220000,0(0.00 %),369880,2374370000,231430,1481150000,272969078,16.44
15/10/2015,-130610,-829750000,0(0.00 %),97210,628160000,227820,1457910000,273099688,16.43
16/10/2015,178820,1227330000,0(0.00 %),180740,1240530000,1920,13200000,272920868,16.45
19/10/2015,73540,494990000,0(0.00 %),77660,522590000,4120,27600000,272847328,16.46
20/10/2015,-357030,-2302400000,0(0.00 %),0,0,357030,2302400000,273204358,16.41
21/10/2015,-14200,-92300000,0(0.00 %),0,0,14200,92300000,273218558,16.41
22/10/2015,92250,605500000,0(0.00 %),102250,672500000,10000,67000000,273126308,16.42
23/10/2015,32410,222890000,0(0.00 %),72500,499500000,40090,276610000,273093898,16.43
26/10/2015,301720,2021520000,0(0.00 %),321720,2155520000,20000,134000000,272792178,16.46
27/10/2015,0,0,0(0.00 %),0,0,0,0,272792178,16.46
28/10/2015,-9800,-65680000,0(0.00 %),200,1320000,10000,67000000,272801978,16.46
29/10/2015,-208680,-1363120000,0(0.00 %),200,1300000,208880,1364420000,273010658,16.44
30/10/2015,0,0,0(0.00 %),0,0,0,0,273010658,16.44
02/11/2015,-900,-5940000,0(0.00 %),0,0,900,5940000,272805540,16.46
03/11/2015,66790,431010000,0(0.00 %),226800,1461520000,160010,1030510000,272738750,16.47
04/11/2015,214400,1388600000,0(0.00 %),214400,1388600000,0,0,272524350,16.5
05/11/2015,-69650,-444760000,0(0.00 %),0,0,69650,444760000,272594000,16.49
06/11/2015,-124810,-786300000,0(0.00 %),0,0,124810,786300000,272718810,16.47
09/11/2015,-75530,-482570000,0(0.00 %),108190,691100000,183720,1173670000,272794340,16.46
10/11/2015,154560,964730000,0(0.00 %),160000,999000000,5440,34270000,272639780,16.48
11/11/2015,-15430,-97250000,0(0.00 %),400,2480000,15830,99730000,272655210,16.48
12/11/2015,-266330,-1631250000,0(0.00 %),200,1240000,266530,1632490000,272921540,16.45
13/11/2015,-69860,-433130000,0(0.00 %),600,3720000,70460,436850000,272991400,16.44
16/11/2015,119050,738110000,0(0.00 %),124050,769110000,5000,31000000,272872350,16.45
17/11/2015,-127420,-797570000,0(0.00 %),70000,434000000,197420,1231570000,272999770,16.44
18/11/2015,-260170,-1611250000,0(0.00 %),60000,369000000,320170,1980250000,273259940,16.41
19/11/2015,-94050,-578720000,0(0.00 %),0,0,94050,578720000,273353990,16.4
20/11/2015,2900,18340000,0(0.00 %),2900,18340000,0,0,273351090,16.4
23/11/2015,600,3900000,0(0.00 %),600,3900000,0,0,273350490,16.4
24/11/2015,-244880,-1556230000,0(0.00 %),0,0,244880,1556230000,273476228,16.38
25/11/2015,-161220,-1011790000,0(0.00 %),33080,205300000,194300,1217090000,273537198,16.37
26/11/2015,1000,6300000,0(0.00 %),1000,6300000,0,0,273536198,16.37
27/11/2015,-291030,-1834092000,0(0.00 %),0,0,291030,1834092000,273827228,16.34
30/11/2015,-400000,-2476000000,0(0.00 %),0,0,400000,2476000000,273781078,16.35
01/12/2015,-294170,-1802560000,0(0.00 %),1100,6820000,295270,1809380000,273974278,16.32
02/12/2015,-627290,-3897700000,0(0.00 %),0,0,627290,3897700000,273974278,16.32
03/12/2015,-290730,-1802530000,0(0.00 %),0,0,290730,1802530000,274265308,16.29
04/12/2015,1500,9250000,0(0.00 %),1500,9250000,0,0,274663808,16.24
07/12/2015,-343010,-2092360000,0(0.00 %),201000,1226100000,544010,3318460000,274758078,16.23
08/12/2015,1000,6000000,0(0.00 %),1000,6000000,0,0,275384368,16.15
09/12/2015,-1507560,-9065640000,0(0.00 %),227800,1389580000,1735360,10455220000,275447316,16.15
10/12/2015,-40720,-233150000,0(0.00 %),5000,29450000,45720,262600000,275442316,16.15
11/12/2015,-270440,-1573450000,0(0.00 %),0,0,270440,1573450000,275986326,16.08
14/12/2015,-1699740,-9831880000,0(0.00 %),0,0,1699740,9831880000,275986326,16.08
15/12/2015,-1493430,-8661890000,0(0.00 %),0,0,1493430,8661890000,277721686,15.88
16/12/2015,-197970,-1168020000,0(0.00 %),0,0,197970,1168020000,277767415,15.87
17/12/2015,0,0,0(0.00 %),0,0,0,0,278037855,15.84
18/12/2015,-5721180,-32761130000,0(0.00 %),1567820,8979760000,7289000,41740890000,278169775,15.82
21/12/2015,-1301650,-7546570000,0(0.00 %),366450,2128410000,1668100,9674980000,279296755,15.69
22/12/2015,162390,944150000,0(0.00 %),206530,1200160000,44140,256010000,279288195,15.69
23/12/2015,101000,579600000,0(0.00 %),169000,967200000,68000,387600000,279119195,15.71
24/12/2015,129220,737130000,0(0.00 %),140000,798600000,10780,61470000,286268200,14.86
25/12/2015,118580,674150000,0(0.00 %),136000,771700000,17420,97550000,287800300,14.67
28/12/2015,233770,1306940000,0(0.00 %),315770,1765640000,82000,458700000,287528670,14.71
29/12/2015,279750,1585840000,0(0.00 %),409850,2313780000,130100,727940000,287186820,14.75
30/12/2015,113000,647400000,0(0.00 %),143000,818400000,30000,171000000,287054600,14.76
31/12/2015,-5510,-30860000,0(0.00 %),0,0,5510,30860000,287072020,14.76
04/01/2016,8000,46100000,0(0.00 %),8000,46100000,0,0,287146020,14.75
05/01/2016,14620,79870000,0(0.00 %),14620,79870000,0,0,287261500,14.74
06/01/2016,389770,2166600000,0(0.00 %),395300,2197250000,5530,30650000,286896200,14.78
07/01/2016,349270,1900400000,0(0.00 %),349270,1900400000,0,0,286552440,14.82
08/01/2016,146870,778910000,0(0.00 %),266390,1412370000,119520,633460000,286286059,14.85
11/01/2016,-658070,-3448760000,0(0.00 %),160280,837780000,818350,4286540000,286291589,14.85
12/01/2016,-101010,-539050000,0(0.00 %),16000,86300000,117010,625350000,286275589,14.86
13/01/2016,-226520,-1209760000,0(0.00 %),3000,16200000,229520,1225960000,286392109,14.84
14/01/2016,-613710,-3180490000,0(0.00 %),7500,39000000,621210,3219490000,287042679,14.76
15/01/2016,-1103210,-5565810000,0(0.00 %),7000,34300000,1110210,5600110000,287152689,14.75
18/01/2016,-1120470,-5308540000,0(0.00 %),30090,141530000,1150560,5450070000,287352119,14.73
19/01/2016,-212360,-1018480000,0(0.00 %),3500,16650000,215860,1035130000,287969829,14.65
20/01/2016,-551520,-2694810000,0(0.00 %),217480,1065470000,769000,3760280000,288862559,14.55
21/01/2016,-137170,-661120000,0(0.00 %),273530,1316220000,410700,1977340000,290012319,14.41
22/01/2016,-792400,-3772520000,0(0.00 %),9000,43200000,801400,3815720000,290219179,14.39
25/01/2016,0,0,0(0.00 %),0,0,0,0,291126149,14.28
26/01/2016,-157550,-787750000,0(0.00 %),0,0,157550,787750000,291126149,14.28
27/01/2016,272700,1403040000,0(0.00 %),272700,1403040000,0,0,291654849,14.21
28/01/2016,0,0,0(0.00 %),0,0,0,0,291654849,14.21
29/01/2016,220,1220000,0(0.00 %),1000,5200000,780,3980000,291811399,14.2
01/02/2016,-543010,-2844350000,0(0.00 %),4000,20800000,547010,2865150000,291807399,14.2
02/02/2016,-22440,-116690000,0(0.00 %),0,0,22440,116690000,291807399,14.2
03/02/2016,-80130,-410160000,0(0.00 %),0,0,80130,410160000,291808179,14.2
04/02/2016,210000,1092000000,0(0.00 %),210000,1092000000,0,0,292145189,14.16
05/02/2016,0,0,0(0.00 %),0,0,0,0,292167629,14.15
15/02/2016,-455900,-2325200000,0(0.00 %),0,0,455900,2325200000,292247759,14.14
16/02/2016,166610,866370000,0(0.00 %),166660,866630000,50,260000,292081099,14.16
17/02/2016,-542140,-2764910000,0(0.00 %),259060,1321210000,801200,4086120000,291822039,14.19
18/02/2016,-10000,-53000000,0(0.00 %),0,0,10000,53000000,292277939,14.14
19/02/2016,-263020,-1399980000,0(0.00 %),0,0,263020,1399980000,292277989,14.14
22/02/2016,-480660,-2594960000,0(0.00 %),0,0,480660,2594960000,293079189,14.04
23/02/2016,196300,1065390000,0(0.00 %),200000,1085000000,3700,19610000,292889189,14.07
24/02/2016,0,0,0(0.00 %),0,0,0,0,293152209,14.04
25/02/2016,-423370,-2200990000,0(0.00 %),0,0,423370,2200990000,293632869,13.98
26/02/2016,-7780,-40460000,0(0.00 %),42220,219540000,50000,260000000,293594349,13.98
29/02/2016,-40330,-202190000,0(0.00 %),200000,1040000000,240330,1242190000,293394349,14.01
01/03/2016,147000,769700000,0(0.00 %),200000,1040000000,53000,270300000,293617719,13.98
02/03/2016,155940,810890000,0(0.00 %),155940,810890000,0,0,293511779,13.99
03/03/2016,45000,230000000,0(0.00 %),45000,230000000,0,0,293707109,13.97
04/03/2016,-124120,-627750000,0(0.00 %),218600,1119920000,342720,1747670000,293541509,13.99
07/03/2016,109250,557170000,0(0.00 %),113000,576300000,3750,19130000,293428509,14.0
08/03/2016,-75460,-385500000,0(0.00 %),34540,172700000,110000,558200000,293393969,14.01
09/03/2016,-220970,-1121850000,0(0.00 %),15000,76500000,235970,1198350000,293721689,13.97
10/03/2016,-238600,-1201600000,0(0.00 %),4000,20400000,242600,1222000000,293721439,13.97
11/03/2016,-465000,-2371500000,0(0.00 %),0,0,465000,2371500000,293831439,13.95
14/03/2016,71110,362660000,0(0.00 %),81110,413660000,10000,51000000,293986299,13.94
15/03/2016,0,0,0(0.00 %),0,0,0,0,294228899,13.91
16/03/2016,0,0,0(0.00 %),0,0,0,0,294693899,13.85
17/03/2016,353990,1835750000,0(0.00 %),353990,1835750000,0,0,294349909,13.89
18/03/2016,-682180,-3410900000,0(0.00 %),2449330,12246650000,3131510,15657550000,294349909,13.89
21/03/2016,-109370,-546850000,0(0.00 %),0,0,109370,546850000,294349909,13.89
22/03/2016,340000,1700300000,0(0.00 %),360000,1800300000,20000,100000000,293989909,13.94
23/03/2016,0,0,0(0.00 %),0,0,0,0,294672089,13.85
24/03/2016,0,0,0(0.00 %),0,0,0,0,294781459,13.84
25/03/2016,15140,75700000,0(0.00 %),18000,90000000,2860,14300000,294783459,13.84
28/03/2016,210000,1041000000,0(0.00 %),300000,1482000000,90000,441000000,294483459,13.88
29/03/2016,562300,2753770000,0(0.00 %),562300,2753770000,0,0,293921159,13.94
30/03/2016,265320,1283140000,0(0.00 %),438000,2117000000,172680,833860000,293486019,14.0
31/03/2016,-59920,-283850000,0(0.00 %),37700,184730000,97620,468580000,293538319,13.99
01/04/2016,-126200,-597760000,0(0.00 %),500,2400000,126700,600160000,293537819,13.99
04/04/2016,169930,801670000,0(0.00 %),349100,1640770000,179170,839100000,293361399,14.01
05/04/2016,255900,1231330000,0(0.00 %),341900,1626930000,86000,395600000,293117119,14.04
06/04/2016,-300,-1410000,0(0.00 %),0,0,300,1410000,293243819,14.02
07/04/2016,23230,109180000,0(0.00 %),23230,109180000,0,0,293399759,14.01
08/04/2016,93300,439010000,0(0.00 %),98300,462510000,5000,23500000,293387459,14.01
11/04/2016,-10,-50000,0(0.00 %),0,0,10,50000,293387759,14.01
12/04/2016,0,0,0(0.00 %),0,0,0,0,293387759,14.01
13/04/2016,216760,998000000,0(0.00 %),253200,1165720000,36440,167720000,293139559,14.04
14/04/2016,-162270,-772740000,0(0.00 %),73940,347520000,236210,1120260000,293065629,14.05
15/04/2016,378960,1818010000,0(0.00 %),380000,1823000000,1040,4990000,292685629,14.09
19/04/2016,119270,560470000,0(0.00 %),119270,560470000,0,0,292602799,14.1
20/04/2016,502580,2311870000,0(0.00 %),507580,2334870000,5000,23000000,292331429,14.13
21/04/2016,282000,1312300000,0(0.00 %),282000,1312300000,0,0,292050469,14.17
22/04/2016,151300,701800000,0(0.00 %),151300,701800000,0,0,291899169,14.18
25/04/2016,155080,728880000,0(0.00 %),182900,859630000,27820,130750000,291721269,14.21
26/04/2016,-315310,-1461220000,0(0.00 %),93300,438510000,408610,1899730000,291627969,14.22
27/04/2016,108200,508560000,0(0.00 %),109200,513260000,1000,4700000,291518769,14.23
28/04/2016,-50520,-237440000,0(0.00 %),1000,4700000,51520,242140000,291545594,14.23
29/04/2016,-41570,-190220000,0(0.00 %),10000,47000000,51570,237220000,291944204,14.18
04/05/2016,0,0,0(0.00 %),0,0,0,0,291945210,14.18
05/05/2016,-53170,-239430000,0(0.00 %),134500,605250000,187670,844680000,291862230,14.19
06/05/2016,16150,72790000,0(0.00 %),16150,72790000,0,0,291897650,14.18
09/05/2016,-2230,-10280000,0(0.00 %),1200,5500000,3430,15780000,291896450,14.19
10/05/2016,-84260,-379170000,0(0.00 %),1000,4500000,85260,383670000,292083120,14.16
11/05/2016,-100000,-450000000,0(0.00 %),0,0,100000,450000000,292083120,14.16
12/05/2016,0,0,0(0.00 %),0,0,0,0,292086550,14.16
13/05/2016,-278760,-1226540000,0(0.00 %),200,880000,278960,1227420000,292171610,14.15
16/05/2016,14940,64240000,0(0.00 %),15000,64500000,60,260000,292256610,14.14
17/05/2016,-2520,-10840000,0(0.00 %),200,880000,2720,11720000,292256410,14.14
18/05/2016,26040,114590000,0(0.00 %),26040,114590000,0,0,292509330,14.11
19/05/2016,-371150,-1629850000,0(0.00 %),1000,4400000,372150,1634250000,292508390,14.11
20/05/2016,-224850,-970840000,0(0.00 %),200,880000,225050,971720000,292510910,14.11
23/05/2016,-115940,-510140000,0(0.00 %),55050,242220000,170990,752360000,292455860,14.12
24/05/2016,-397230,-1747790000,0(0.00 %),200,900000,397430,1748690000,292827810,14.07
25/05/2016,7400,32280000,0(0.00 %),10200,44880000,2800,12600000,293042660,14.05
26/05/2016,-800,-3520000,0(0.00 %),200,880000,1000,4400000,293213450,14.03
27/05/2016,-6340,-27260000,0(0.00 %),0,0,6340,27260000,293610880,13.98
30/05/2016,2970,14165000,0(0.00 %),8000,36800000,5030,22635000,293607910,13.98
31/05/2016,48500,218050000,0(0.00 %),48500,218050000,0,0,293559410,13.99
01/06/2016,0,0,0(0.00 %),0,0,0,0,293564520,13.99
02/06/2016,0,0,0(0.00 %),0,0,0,0,293564520,13.99
03/06/2016,5000,22500000,0(0.00 %),5000,22500000,0,0,293564550,13.99
06/06/2016,-620,-2730000,0(0.00 %),0,0,620,2730000,293564550,13.99
07/06/2016,173240,779580000,0(0.00 %),173240,779580000,0,0,293391310,14.01
08/06/2016,567470,2578700000,0(0.00 %),567470,2578700000,0,0,292823840,14.07
09/06/2016,104000,478300000,0(0.00 %),104200,479220000,200,920000,292720260,14.09
10/06/2016,74000,333000000,0(0.00 %),89000,400500000,15000,67500000,292631260,14.1
13/06/2016,84760,373440000,0(0.00 %),310300,1365820000,225540,992380000,292320960,14.13
14/06/2016,-12860,-56580000,0(0.00 %),0,0,12860,56580000,292321160,14.13
15/06/2016,-87880,-412620000,0(0.00 %),11000,51700000,98880,464320000,292325160,14.13
16/06/2016,-6700,-32310000,0(0.00 %),3500,16650000,10200,48960000,292547209,14.11
17/06/2016,-3130720,-14101090000,0(0.00 %),5500,25200000,3136220,14126290000,292554569,14.11
20/06/2016,-174110,-783500000,0(0.00 %),0,0,174110,783500000,292653449,14.09
21/06/2016,-1210,-5450000,0(0.00 %),500,2250000,1710,7700000,292663149,14.09
22/06/2016,0,0,0(0.00 %),0,0,0,0,295799369,13.72
23/06/2016,-2800,-12300000,0(0.00 %),200,900000,3000,13200000,295973279,13.7
24/06/2016,-80,-490000,0(0.00 %),700,2940000,780,3430000,295974289,13.7
27/06/2016,1000,4200000,0(0.00 %),1000,4200000,0,0,295973289,13.7
28/06/2016,20100,84420000,0(0.00 %),20100,84420000,0,0,295956189,13.7
29/06/2016,-253700,-1092810000,0(0.00 %),19000,79800000,272700,1172610000,295937969,13.7
30/06/2016,-8280,-35080000,0(0.00 %),2000,8600000,10280,43680000,295935969,13.7
01/07/2016,0,0,0(0.00 %),0,0,0,0,295935969,13.7
04/07/2016,-550,-2310000,0(0.00 %),0,0,550,2310000,296208669,13.67
05/07/2016,-610,-2560000,0(0.00 %),0,0,610,2560000,296218949,13.67
06/07/2016,99720,428690000,0(0.00 %),115590,496930000,15870,68240000,296103359,13.68
07/07/2016,-6060,-26060000,0(0.00 %),0,0,6060,26060000,296103909,13.68
08/07/2016,0,0,0(0.00 %),0,0,0,0,296104519,13.68
11/07/2016,88700,381610000,0(0.00 %),90670,389880000,1970,8270000,296104519,13.68
12/07/2016,-13610,-57160000,0(0.00 %),30,130000,13640,57290000,345054743,13.69
13/07/2016,9100,39130000,0(0.00 %),10000,43000000,900,3870000,345044743,13.69
14/07/2016,301800,1418480000,0(0.00 %),302000,1419400000,200,920000,344744713,13.73
15/07/2016,-20990,-98750000,0(0.00 %),10,50000,21000,98800000,344758343,13.73
18/07/2016,-6110,-29370000,0(0.00 %),0,0,6110,29370000,344759243,13.73
19/07/2016,-15330,-78220000,0(0.00 %),4750,24230000,20080,102450000,344754693,13.73
20/07/2016,6912010,35943740000,0(0.00 %),6924890,36009430000,12880,65690000,337850803,14.55
21/07/2016,-611000,-3116100000,0(0.00 %),19000,96900000,630000,3213000000,337837913,14.55
22/07/2016,-584150,-3020580000,0(0.00 %),50000,260000000,634150,3280580000,337807998,14.56
25/07/2016,-19000,-100700000,0(0.00 %),0,0,19000,100700000,337820878,14.55
26/07/2016,-10000,-52000000,0(0.00 %),0,0,10000,52000000,338450882,14.48
27/07/2016,-710,-5080000,0(0.00 %),21150,112210000,21860,117290000,339063882,14.41
28/07/2016,-1364510,-6847550000,0(0.00 %),19000,95000000,1383510,6942550000,339063882,14.41
29/07/2016,-784780,-3879700000,0(0.00 %),8000,39200000,792780,3918900000,339065882,14.41
01/08/2016,-1038490,-5088590000,0(0.00 %),10000,49000000,1048490,5137590000,339077742,14.4
02/08/2016,-1050280,-5031340000,0(0.00 %),38000,182400000,1088280,5213740000,340423252,14.24
03/08/2016,-3000,-14700000,0(0.00 %),5000,24500000,8000,39200000,341211032,14.15
04/08/2016,-243450,-1166560000,0(0.00 %),0,0,243450,1166560000,342259522,14.02
05/08/2016,-342690,-1617270000,0(0.00 %),0,0,342690,1617270000,343347802,13.9
08/08/2016,-255030,-1225140000,0(0.00 %),0,0,255030,1225140000,343355802,13.89
09/08/2016,0,0,0(0.00 %),0,0,0,0,343599252,13.87
10/08/2016,-17280,-84440000,0(0.00 %),0,0,17280,84440000,343941942,13.82
11/08/2016,25400,132530000,0(0.00 %),29600,153920000,4200,21390000,344167372,13.8
12/08/2016,150,770000,0(0.00 %),200,1040000,50,270000,344167172,13.8
15/08/2016,-70150,-371780000,0(0.00 %),0,0,70150,371780000,344184452,13.8
16/08/2016,-1400510,-7192700000,0(0.00 %),0,0,1400510,7192700000,344188652,13.79
17/08/2016,0,0,0(0.00 %),0,0,0,0,295107055,13.79
18/08/2016,5090,24870000,0(0.00 %),14700,71960000,9610,47090000,295162505,13.79
19/08/2016,-411760,-2010620000,0(0.00 %),1830,8970000,413590,2019590000,296561185,13.62
22/08/2016,-656250,-3190630000,0(0.00 %),500,2450000,656750,3193080000,296560685,13.62
23/08/2016,-13290,-65120000,0(0.00 %),1770,8670000,15060,73790000,296568525,13.62
24/08/2016,-17380,-85040000,0(0.00 %),2000,9600000,19380,94640000,296980115,13.57
25/08/2016,51690,253080000,0(0.00 %),51690,253080000,0,0,297585175,13.5
26/08/2016,0,0,0(0.00 %),0,0,0,0,297600241,13.5
29/08/2016,5000,24100000,0(0.00 %),5000,24100000,0,0,297614621,13.5
30/08/2016,-7010,-32850000,0(0.00 %),1000,4800000,8010,37650000,297613621,13.5
31/08/2016,-13200,-63360000,0(0.00 %),0,0,13200,63360000,297613621,13.5
01/09/2016,-4070,-19460000,0(0.00 %),730,3580000,4800,23040000,297612891,13.5
05/09/2016,-49110,-235730000,0(0.00 %),22000,105600000,71110,341330000,297598910,13.5
06/09/2016,-201620,-968230000,0(0.00 %),0,0,201620,968230000,297612110,13.5
07/09/2016,-43450,-204020000,0(0.00 %),2000,9600000,45450,213620000,297614910,13.5
08/09/2016,-664330,-3127350000,0(0.00 %),0,0,664330,3127350000,297686020,13.49
09/09/2016,-627450,-2949020000,0(0.00 %),42820,201250000,670270,3150270000,297844820,13.47
12/09/2016,-496870,-2261080000,0(0.00 %),6600,30110000,503470,2291190000,297883670,13.46
13/09/2016,-40100,-182990000,0(0.00 %),0,0,40100,182990000,298548000,13.38
14/09/2016,-88050,-399070000,0(0.00 %),3000,13580000,91050,412650000,299215270,13.3
15/09/2016,-359680,-1564780000,0(0.00 %),0,0,359680,1564780000,299718740,13.24
16/09/2016,-10658610,-44393490000,0(0.00 %),1215620,5032670000,11874230,49426160000,298543220,13.38
19/09/2016,55510,238140000,0(0.00 %),65850,282450000,10340,44310000,298568420,13.38
20/09/2016,324080,1392720000,0(0.00 %),401000,1723510000,76920,330790000,298527100,13.39
21/09/2016,199100,850120000,0(0.00 %),212240,907800000,13140,57680000,310189090,12.0
22/09/2016,-351000,-1527150000,0(0.00 %),0,0,351000,1527150000,310199430,11.99
23/09/2016,-352110,-1514050000,0(0.00 %),480061,2078630000,832171,3592680000,310274950,11.99
26/09/2016,-490880,-2058140000,0(0.00 %),0,0,490880,2058140000,310288090,11.98
27/09/2016,-262180,-1097680000,0(0.00 %),0,0,262180,1097680000,310639090,11.94
28/09/2016,-530160,-2185580000,0(0.00 %),620,2550000,530780,2188130000,310991980,11.9
29/09/2016,-312470,-1312960000,0(0.00 %),0,0,312470,1312960000,311482864,11.84
30/09/2016,-285370,-1192690000,0(0.00 %),3000,12560000,288370,1205250000,311742044,11.81
03/10/2016,-997280,-4010810000,0(0.00 %),12670,50450000,1009950,4061260000,312260154,11.75
04/10/2016,-29500,-119690000,0(0.00 %),0,0,29500,119690000,312572624,11.71
05/10/2016,972990,4119610000,0(0.00 %),1019370,4316690000,46380,197080000,311841624,11.8
06/10/2016,-667870,-3064980000,0(0.00 %),250500,1084910000,918370,4149890000,312601074,11.71
07/10/2016,-200120,-900540000,0(0.00 %),0,0,200120,900540000,312630574,11.7
10/10/2016,-1042740,-4734550000,0(0.00 %),0,0,1042740,4734550000,312676954,11.7
11/10/2016,-4790,-21810000,0(0.00 %),0,0,4790,21810000,313595324,11.59
12/10/2016,0,0,0(0.00 %),0,0,0,0,313795444,11.57
13/10/2016,935390,4409060000,0(0.00 %),960390,4527560000,25000,118500000,313877794,11.56
14/10/2016,-94710,-450090000,0(0.00 %),10000,46700000,104710,496790000,313872584,11.56
17/10/2016,-559670,-2575520000,0(0.00 %),10000,46500000,569670,2622020000,313862584,11.56
18/10/2016,-107250,-484130000,0(0.00 %),0,0,107250,484130000,313887584,11.55
19/10/2016,77840,357430000,0(0.00 %),96970,446380000,19130,88950000,313895244,11.55
20/10/2016,33490,154720000,0(0.00 %),36680,169460000,3190,14740000,314428234,11.49
21/10/2016,-73940,-341510000,0(0.00 %),0,0,73940,341510000,314535484,11.48
24/10/2016,150,690000,0(0.00 %),150,690000,0,0,314554464,11.48
25/10/2016,-3540,-16180000,0(0.00 %),0,0,3540,16180000,314557654,11.47
26/10/2016,-239080,-1152290000,0(0.00 %),0,0,239080,1152290000,314631594,11.47
27/10/2016,107860,529690000,0(0.00 %),110000,540050000,2140,10360000,314521594,11.48
28/10/2016,493000,2446330000,0(0.00 %),500000,2480840000,7000,34510000,314025134,11.54
31/10/2016,-606640,-2955580000,0(0.00 %),0,0,606640,2955580000,314264214,11.51
01/11/2016,0,0,0(0.00 %),0,0,0,0,314266354,11.51
02/11/2016,0,0,0(0.00 %),0,0,0,0,314273354,11.51
03/11/2016,-88180,-430860000,0(0.00 %),0,0,88180,430860000,314879994,11.44
04/11/2016,0,0,0(0.00 %),0,0,0,0,314879994,11.44
07/11/2016,80,400000,0(0.00 %),80,400000,0,0,314879914,11.44
08/11/2016,-90,-440000,0(0.00 %),0,0,90,440000,314968098,11.43
09/11/2016,-34920,-171250000,0(0.00 %),0,0,34920,171250000,314968098,11.43
10/11/2016,-76000,-368600000,0(0.00 %),0,0,76000,368600000,314968098,11.43
11/11/2016,-202890,-995750000,0(0.00 %),0,0,202890,995750000,314968188,11.43
14/11/2016,-852780,-4149950000,0(0.00 %),20130,97690000,872910,4247640000,314982978,11.42
15/11/2016,-4860,-24150000,0(0.00 %),4700,22840000,9560,46990000,315054278,11.42
16/11/2016,46590,245410000,0(0.00 %),70000,366450000,23410,121040000,315187168,11.4
17/11/2016,-574450,-2993580000,0(0.00 %),20000,103600000,594450,3097180000,316040078,11.3
18/11/2016,-126500,-650300000,0(0.00 %),50000,256800000,176500,907100000,315999638,11.3
21/11/2016,-156060,-807520000,0(0.00 %),0,0,156060,807520000,316023048,11.3
22/11/2016,-6380,-33110000,0(0.00 %),0,0,6380,33110000,316617498,11.23
23/11/2016,0,0,0(0.00 %),0,0,0,0,316793998,11.21
24/11/2016,-30000,-157200000,0(0.00 %),0,0,30000,157200000,316950058,11.19
25/11/2016,-608160,-3123140000,0(0.00 %),0,0,608160,3123140000,316956438,11.19
28/11/2016,-849540,-4300140000,0(0.00 %),0,0,849540,4300140000,316956438,11.19
29/11/2016,-519270,-2626150000,0(0.00 %),0,0,519270,2626150000,316986438,11.19
30/11/2016,-439560,-2227200000,0(0.00 %),0,0,439560,2227200000,317594598,11.11
01/12/2016,-452050,-2229720000,0(0.00 %),0,0,452050,2229720000,318444138,11.01
02/12/2016,-202680,-999620000,0(0.00 %),0,0,202680,999620000,318963408,10.95
05/12/2016,-185760,-932730000,0(0.00 %),0,0,185760,932730000,319402968,10.9
06/12/2016,-102400,-501660000,0(0.00 %),100,470000,102500,502130000,319854918,10.84
07/12/2016,-378460,-1652020000,0(0.00 %),0,0,378460,1652020000,320057598,10.82
08/12/2016,-170500,-797140000,0(0.00 %),10,50000,170510,797190000,320243348,10.8
09/12/2016,-229830,-1039590000,0(0.00 %),0,0,229830,1039590000,320345848,10.78
12/12/2016,-256860,-1093290000,0(0.00 %),100,420000,256960,1093710000,320724208,10.74
13/12/2016,-325200,-1362720000,0(0.00 %),0,0,325200,1362720000,320894719,10.72
14/12/2016,-218000,-926930000,0(0.00 %),0,0,218000,926930000,321124549,10.69
15/12/2016,-226260,-901660000,0(0.00 %),0,0,226260,901660000,321381509,10.66
16/12/2016,-1676710,-6170340000,0(0.00 %),2094850,7709050000,3771560,13879390000,320017036,10.82
19/12/2016,-95100,-341660000,0(0.00 %),3900,13840000,99000,355500000,319825967,10.85
20/12/2016,-187350,-684400000,0(0.00 %),35500,130750000,222850,815150000,320016736,10.82
21/12/2016,-135060,-480510000,0(0.00 %),62470,230310000,197530,710820000,323725826,10.38
22/12/2016,-55870,-196760000,0(0.00 %),27200,94800000,83070,291560000,323797626,10.37
23/12/2016,-220560,-777010000,0(0.00 %),0,0,220560,777010000,324020476,10.35
26/12/2016,55500,204770000,0(0.00 %),55500,204770000,0,0,324416156,10.3
27/12/2016,-63300,-227710000,0(0.00 %),39980,145130000,103280,372840000,324416156,10.3
28/12/2016,-393640,-1474450000,0(0.00 %),13700,51240000,407340,1525690000,324412456,10.3
29/12/2016,0,0,0(0.00 %),0,0,0,0,324412456,10.3
30/12/2016,24650,96720000,0(0.00 %),24650,96720000,0,0,324491086,10.29
03/01/2017,-106410,-419710000,0(0.00 %),15000,58650000,121410,478360000,324883426,10.24
04/01/2017,120930,476460000,0(0.00 %),120930,476460000,0,0,324762496,10.26
05/01/2017,-184720,-753380000,0(0.00 %),12430,47980000,197150,801360000,324750066,10.26
06/01/2017,-1568110,-6504390000,0(0.00 %),0,0,1568110,6504390000,324871476,10.24
09/01/2017,102770,422160000,0(0.00 %),181170,743910000,78400,321750000,324768706,10.26
10/01/2017,-148900,-605460000,0(0.00 %),120800,492100000,269700,1097560000,324923456,10.24
11/01/2017,-139770,-562120000,0(0.00 %),0,0,139770,562120000,326491566,10.05
12/01/2017,399720,1605980000,0(0.00 %),400300,1608300000,580,2320000,326091266,10.1
13/01/2017,80300,323910000,0(0.00 %),80300,323910000,0,0,326202266,10.09
16/01/2017,-115390,-462000000,0(0.00 %),0,0,115390,462000000,326342036,10.07
17/01/2017,-236350,-943300000,0(0.00 %),0,0,236350,943300000,326342616,10.07
18/01/2017,-986900,-3908080000,0(0.00 %),0,0,986900,3908080000,326342616,10.07
19/01/2017,-228820,-890970000,0(0.00 %),0,0,228820,890970000,326458006,10.06
20/01/2017,-22350,-86540000,0(0.00 %),60410,234480000,82760,321020000,326633946,10.03
23/01/2017,-82430,-321160000,0(0.00 %),0,0,82430,321160000,327620846,9.92
24/01/2017,-61530,-240020000,0(0.00 %),0,0,61530,240020000,327849666,9.89
25/01/2017,-87010,-339740000,0(0.00 %),0,0,87010,339740000,327932426,9.88
02/02/2017,16510,64650000,0(0.00 %),38500,150560000,21990,85910000,327976356,9.87
03/02/2017,-128320,-500580000,0(0.00 %),181170,707060000,309490,1207640000,327856716,9.89
06/02/2017,96170,374400000,0(0.00 %),181170,705560000,85000,331160000,327762556,9.9
07/02/2017,-121730,-475360000,0(0.00 %),181170,708500000,302900,1183860000,327603376,9.92
08/02/2017,237580,944420000,0(0.00 %),242780,965220000,5200,20800000,327670086,9.91
09/02/2017,-680,-2710000,0(0.00 %),0,0,680,2710000,327755086,9.9
10/02/2017,-145590,-572780000,0(0.00 %),0,0,145590,572780000,328057986,9.86
13/02/2017,-15100,-59340000,0(0.00 %),770,3030000,15870,62370000,328062416,9.86
14/02/2017,0,0,0(0.00 %),0,0,0,0,328063096,9.86
15/02/2017,0,0,0(0.00 %),0,0,0,0,328208686,9.85
16/02/2017,170500,677620000,0(0.00 %),170500,677620000,0,0,328054056,9.87
17/02/2017,79520,314340000,0(0.00 %),81480,322120000,1960,7780000,327972576,9.87
20/02/2017,0,0,0(0.00 %),0,0,0,0,327972576,9.87
21/02/2017,-9510,-37400000,0(0.00 %),0,0,9510,37400000,327972576,9.87
22/02/2017,34350,136440000,0(0.00 %),181110,716850000,146760,580410000,327793426,9.9
23/02/2017,90270,358320000,0(0.00 %),90270,358320000,0,0,327703156,9.91
24/02/2017,3700,15380000,0(0.00 %),10300,43270000,6600,27890000,327702366,9.91
27/02/2017,-276730,-1210690000,0(0.00 %),520,2220000,277250,1212910000,327855213,9.89
28/02/2017,-144880,-640700000,0(0.00 %),0,0,144880,640700000,327848606,9.89
01/03/2017,0,0,0(0.00 %),0,0,0,0,327855213,9.89
02/03/2017,-181180,-799210000,0(0.00 %),41550,183650000,222730,982860000,328090913,9.86
03/03/2017,-6000,-25920000,0(0.00 %),0,0,6000,25920000,328235802,9.84
06/03/2017,-190000,-819850000,0(0.00 %),0,0,190000,819850000,328235802,9.84
07/03/2017,-285170,-1210920000,0(0.00 %),0,0,285170,1210920000,328458532,9.82
08/03/2017,-137530,-572040000,0(0.00 %),0,0,137530,572040000,328464535,9.82
09/03/2017,24920,103950000,0(0.00 %),24920,103950000,0,0,328629615,9.8
10/03/2017,-812560,-3439690000,0(0.00 %),180860,766560000,993420,4206250000,328733925,9.78
13/03/2017,-2280,-9150000,0(0.00 %),0,0,2280,9150000,328871455,9.77
14/03/2017,-13880,-55050000,0(0.00 %),0,0,13880,55050000,328871455,9.77
15/03/2017,-416800,-1634330000,0(0.00 %),6000,23520000,422800,1657850000,329858875,9.65
16/03/2017,1000,3900000,0(0.00 %),1000,3900000,0,0,329860155,9.65
17/03/2017,-26886450,-106494890000,0(0.00 %),0,0,26886450,106494890000,329860155,9.65
20/03/2017,0,0,0(0.00 %),0,0,0,0,329860155,9.65
21/03/2017,-6460,-26400000,0(0.00 %),20000,81300000,26460,107700000,329860155,9.65
22/03/2017,221490,892630000,0(0.00 %),304270,1226570000,82780,333940000,329860155,9.65
23/03/2017,693350,2790450000,0(0.00 %),693350,2790450000,0,0,329860155,9.65
24/03/2017,409630,1691930000,0(0.00 %),409630,1691930000,0,0,329860155,9.65
27/03/2017,492460,2088200000,0(0.00 %),492460,2088200000,0,0,329860155,9.65
28/03/2017,-182650,-771420000,0(0.00 %),60180,252770000,242830,1024190000,329860155,9.65
29/03/2017,-19950,-82790000,0(0.00 %),50,210000,20000,83000000,329860155,9.65
30/03/2017,-7500,-31970000,0(0.00 %),42500,176530000,50000,208500000,329860155,9.65
31/03/2017,2360,9740000,0(0.00 %),3120,12890000,760,3150000,329860155,9.65
03/04/2017,-104250,-417730000,0(0.00 %),170,680000,104420,418410000,355529630,6.59
04/04/2017,-13910,-55580000,0(0.00 %),90,360000,14000,55940000,355579540,6.58
05/04/2017,111440,408580000,0(0.00 %),167030,611320000,55590,202740000,355413272,6.6
07/04/2017,-7720,-26110000,0(0.00 %),20,70000,7740,26180000,355517672,6.59
10/04/2017,13750,48420000,0(0.00 %),13750,48420000,0,0,355517922,6.59
11/04/2017,-105110,-354550000,0(0.00 %),30050,102170000,135160,456720000,355543462,6.59
12/04/2017,243390,753570000,0(0.00 %),243390,753570000,0,0,355307812,6.61
13/04/2017,45970,132410000,0(0.00 %),51890,149470000,5920,17060000,355255922,6.62
14/04/2017,-17500,-54120000,0(0.00 %),6800,20880000,24300,75000000,355384282,6.61
17/04/2017,-22610,-76450000,0(0.00 %),10,30000,22620,76480000,355384272,6.61
18/04/2017,16020,50730000,0(0.00 %),16120,51060000,100,330000,355374072,6.61
19/04/2017,450280,1463660000,0(0.00 %),461730,1501070000,11450,37410000,354936642,6.66
20/04/2017,-113250,-366870000,0(0.00 %),6750,21800000,120000,388670000,354952512,6.66
21/04/2017,-50040,-161400000,0(0.00 %),37030,120710000,87070,282110000,354915582,6.66
24/04/2017,30,100000,0(0.00 %),30,100000,0,0,354927002,6.66
25/04/2017,13050,41740000,0(0.00 %),15050,48160000,2000,6420000,355031952,6.65
26/04/2017,1050840,3446530000,0(0.00 %),1050840,3446530000,0,0,354068182,6.76
27/04/2017,10030,32930000,0(0.00 %),10130,33270000,100,340000,354058052,6.76
28/04/2017,441230,1431420000,0(0.00 %),441230,1431420000,0,0,353618822,6.82
03/05/2017,290380,944840000,0(0.00 %),290380,944840000,0,0,353328442,6.85
04/05/2017,-142590,-467280000,0(0.00 %),0,0,142590,467280000,353328542,6.85
05/05/2017,153850,502130000,0(0.00 %),153850,502130000,0,0,353174692,6.87
08/05/2017,-4520,-14780000,0(0.00 %),10,30000,4530,14810000,353174682,6.87
09/05/2017,2670,9320000,0(0.00 %),9220,32380000,6550,23060000,353308052,6.85
10/05/2017,0,0,0(0.00 %),0,0,0,0,353308052,6.85
11/05/2017,19050,65250000,0(0.00 %),19050,65250000,0,0,353293532,6.85
12/05/2017,-41720,-139950000,0(0.00 %),30000,100600000,71720,240550000,353270082,6.86
15/05/2017,56000,191440000,0(0.00 %),58000,198200000,2000,6760000,353212082,6.86
16/05/2017,1039010,3776180000,0(0.00 %),1039010,3776180000,0,0,352173072,6.99
17/05/2017,8200,29200000,0(0.00 %),8200,29200000,0,0,352236592,6.98
18/05/2017,131320,463150000,0(0.00 %),131320,463150000,0,0,352107272,7.0
19/05/2017,17890,62290000,0(0.00 %),17890,62290000,0,0,352089382,7.0
22/05/2017,76050,272260000,0(0.00 %),76050,272260000,0,0,352013332,7.01
23/05/2017,5750,20370000,0(0.00 %),8250,29370000,2500,9000000,352005082,7.01
24/05/2017,-175310,-623310000,0(0.00 %),32600,115770000,207910,739080000,351972482,7.01
25/05/2017,0,0,0(0.00 %),0,0,0,0,351972482,7.01
26/05/2017,1510,5330000,0(0.00 %),2500,8830000,990,3500000,351972482,7.01
29/05/2017,2140,7470000,0(0.00 %),2150,7500000,10,30000,352178242,6.99
30/05/2017,14670,50380000,0(0.00 %),39180,134450000,24510,84070000,352139062,6.99
31/05/2017,-5640,-18950000,0(0.00 %),3400,11390000,9040,30340000,352136652,6.99
01/06/2017,0,0,0(0.00 %),0,0,0,0,352136662,6.99
02/06/2017,52060,177380000,0(0.00 %),58620,199660000,6560,22280000,352102552,7.0
05/06/2017,0,0,0(0.00 %),0,0,0,0,352111592,7.0
06/06/2017,0,0,0(0.00 %),0,0,0,0,352111592,7.0
07/06/2017,14160,48960000,0(0.00 %),23000,79090000,8840,30130000,352095152,7.0
08/06/2017,0,0,0(0.00 %),0,0,0,0,352095152,7.0
09/06/2017,1000,3390000,0(0.00 %),1000,3390000,0,0,352094152,7.0
12/06/2017,0,0,0(0.00 %),0,0,0,0,352102997,7.0
13/06/2017,21000,70830000,0(0.00 %),21000,70830000,0,0,352081997,7.0
14/06/2017,0,0,0(0.00 %),0,0,0,0,352081997,7.0
15/06/2017,5000,16800000,0(0.00 %),5000,16800000,0,0,352076997,7.0
16/06/2017,-1357790,-4586800000,0(0.00 %),36060,124410000,1393850,4711210000,352040937,7.0
19/06/2017,126430,439280000,0(0.00 %),126430,439280000,0,0,351914507,7.02
20/06/2017,-27770,-95780000,0(0.00 %),10020,34470000,37790,130250000,351904487,7.02
21/06/2017,-81760,-278640000,0(0.00 %),0,0,81760,278640000,353298337,6.85
22/06/2017,9020,30670000,0(0.00 %),12000,40800000,2980,10130000,353286337,6.86
23/06/2017,0,0,0(0.00 %),0,0,0,0,353324127,6.85
26/06/2017,-15000,-55200000,0(0.00 %),0,0,15000,55200000,353405887,6.84
27/06/2017,-125900,-493090000,0(0.00 %),740,2910000,126640,496000000,353407537,6.11
28/06/2017,-773350,-3132810000,0(0.00 %),590,2370000,773940,3135180000,353407537,6.11
29/06/2017,-4100,-16270000,0(0.00 %),1100,4370000,5200,20640000,353421437,6.11
30/06/2017,17960,70940000,0(0.00 %),17960,70940000,0,0,353530117,6.1
03/07/2017,65770,263740000,0(0.00 %),65770,263740000,0,0,354238287,6.02
04/07/2017,80610,337370000,0(0.00 %),85710,359350000,5100,21980000,354157777,6.03
05/07/2017,10330,51650000,0(0.00 %),54500,251220000,44170,199570000,354103277,6.04
06/07/2017,-328230,-1613480000,0(0.00 %),28040,137800000,356270,1751280000,354075237,6.04
07/07/2017,-895400,-4307270000,0(0.00 %),2442280,11239250000,3337680,15546520000,354048677,6.04
10/07/2017,-1280430,-5944990000,0(0.00 %),10000,44600000,1290430,5989590000,355306177,5.91
11/07/2017,-1235040,-5657930000,0(0.00 %),1124960,5144570000,2360000,10802500000,354379117,6.01
12/07/2017,-51120,-236570000,0(0.00 %),110,510000,51230,237080000,355306067,5.91
13/07/2017,-1638710,-7069310000,0(0.00 %),10110,44090000,1648820,7113400000,356586387,5.77
14/07/2017,5290,23150000,0(0.00 %),7000,30690000,1710,7540000,357874427,5.64
17/07/2017,48000,226480000,0(0.00 %),1128450,5315000000,1080450,5088520000,357857657,5.64
18/07/2017,-135000,-621810000,0(0.00 %),1058320,4783610000,1193320,5405420000,359506477,5.46
19/07/2017,-29000,-132560000,0(0.00 %),1073920,4897060000,1102920,5029620000,359507187,5.46
20/07/2017,3300,14800000,0(0.00 %),3300,14800000,0,0,359523895,5.46
21/07/2017,30000,132600000,0(0.00 %),30000,132600000,0,0,359628895,5.45
24/07/2017,21000,87100000,0(0.00 %),21000,87100000,0,0,359637895,5.45
25/07/2017,3000,12690000,0(0.00 %),3000,12690000,0,0,359634895,5.45
26/07/2017,518440,2268230000,0(0.00 %),528440,2312530000,10000,44300000,359105455,5.5
27/07/2017,-7200,-31480000,0(0.00 %),1000,4440000,8200,35920000,359105455,5.5
28/07/2017,1070210,4659740000,0(0.00 %),1070210,4659740000,0,0,358035245,5.62
31/07/2017,7000,29770000,0(0.00 %),7000,29770000,0,0,358038245,5.62
01/08/2017,39840,159450000,0(0.00 %),84960,348110000,45120,188660000,357961485,5.63
02/08/2017,-1072620,-4347530000,0(0.00 %),10000,41090000,1082620,4388620000,357951485,5.63
03/08/2017,0,0,0(0.00 %),0,0,0,0,357951485,5.63
04/08/2017,27800,114220000,0(0.00 %),27800,114220000,0,0,357968805,5.63
07/08/2017,-7580,-32640000,0(0.00 %),5470,23080000,13050,55720000,359045955,5.51
08/08/2017,750000,3154000000,0(0.00 %),750000,3154000000,0,0,358295955,5.59
09/08/2017,25000,105800000,0(0.00 %),35000,150400000,10000,44600000,358260955,5.59
10/08/2017,-9000,-37890000,0(0.00 %),0,0,9000,37890000,358274005,5.59
11/08/2017,-40000,-168000000,0(0.00 %),0,0,40000,168000000,358274005,5.59
14/08/2017,171620,719460000,0(0.00 %),179030,750300000,7410,30840000,358104975,5.61
15/08/2017,4690,19670000,0(0.00 %),5200,21800000,510,2130000,358108775,5.61
16/08/2017,-16000,-66600000,0(0.00 %),2000,8300000,18000,74900000,358146775,5.61
17/08/2017,-74370,-305490000,0(0.00 %),12200,49810000,86570,355300000,358141985,5.61
18/08/2017,-9440,-38730000,0(0.00 %),560,2270000,10000,41000000,358141935,5.61
21/08/2017,-129290,-525480000,0(0.00 %),53730,219720000,183020,745200000,358106205,5.61
22/08/2017,-246140,-988050000,0(0.00 %),50,200000,246190,988250000,358192725,5.6
23/08/2017,-226200,-901180000,0(0.00 %),19990,79360000,246190,980540000,358182735,5.6
24/08/2017,-89420,-363460000,0(0.00 %),2000,8000000,91420,371460000,358363755,5.58
25/08/2017,0,0,0(0.00 %),0,0,0,0,358609945,5.56
28/08/2017,-2500,-10150000,0(0.00 %),2500,10350000,5000,20500000,358853635,5.53
29/08/2017,-4950,-20540000,0(0.00 %),50,210000,5000,20750000,358945005,5.52
30/08/2017,0,0,0(0.00 %),0,0,0,0,358945013,5.52
31/08/2017,61500,252360000,0(0.00 %),61500,252360000,0,0,358888513,5.53
01/09/2017,0,0,0(0.00 %),0,0,0,0,358893513,5.53
05/09/2017,392810,1607190000,0(0.00 %),460120,1883150000,67310,275960000,358433393,5.58
06/09/2017,496060,2019450000,0(0.00 %),534000,2174070000,37940,154620000,357899393,5.63
07/09/2017,46290,188020000,0(0.00 %),95000,386020000,48710,198000000,357804393,5.64
08/09/2017,400000,1622930000,0(0.00 %),400000,1622930000,0,0,357471703,5.68
11/09/2017,13430,54220000,0(0.00 %),46000,184810000,32570,130590000,357463643,5.68
12/09/2017,-439370,-1749310000,0(0.00 %),31000,123830000,470370,1873140000,357481353,5.68
13/09/2017,0,0,0(0.00 %),0,0,0,0,357481353,5.68
14/09/2017,-203970,-825760000,0(0.00 %),0,0,203970,825760000,357513935,5.67
15/09/2017,-280280,-1126730000,0(0.00 %),86150,346320000,366430,1473050000,357898155,5.63
18/09/2017,0,0,0(0.00 %),0,0,0,0,357898155,5.63
19/09/2017,0,0,0(0.00 %),0,0,0,0,358102125,5.61
20/09/2017,0,0,0(0.00 %),0,0,0,0,358468570,5.57
21/09/2017,-19000,-77330000,0(0.00 %),0,0,19000,77330000,358468570,5.57
22/09/2017,-1389260,-5643310000,0(0.00 %),0,0,1389260,5643310000,358468570,5.57
25/09/2017,0,0,0(0.00 %),0,0,0,0,358468570,5.57
26/09/2017,0,0,0(0.00 %),0,0,0,0,358487570,5.57
27/09/2017,0,0,0(0.00 %),0,0,0,0,359876830,5.42
28/09/2017,1409760,5738110000,0(0.00 %),1409760,5738110000,0,0,358467070,5.57
29/09/2017,-1960,-8020000,0(0.00 %),0,0,1960,8020000,358467070,5.57
02/10/2017,7870,31700000,0(0.00 %),7870,31700000,0,0,358459200,6.24
03/10/2017,-14740,-58800000,0(0.00 %),8570,34300000,23310,93100000,358450630,6.24
04/10/2017,2870,11480000,0(0.00 %),2870,11480000,0,0,358449720,6.24
05/10/2017,0,0,0(0.00 %),0,0,0,0,358449720,6.24
06/10/2017,-42480,-171970000,0(0.00 %),7520,30530000,50000,202500000,358465510,6.24
09/10/2017,11450,46720000,0(0.00 %),11450,46720000,0,0,358454062,6.24
10/10/2017,-20000,-81600000,0(0.00 %),0,0,20000,81600000,358454062,6.24
11/10/2017,0,0,0(0.00 %),0,0,0,0,358504062,6.23
12/10/2017,3910,15640000,0(0.00 %),4050,16200000,140,560000,358499938,6.23
13/10/2017,7800,30850000,0(0.00 %),7800,30850000,0,0,358512138,6.23
16/10/2017,6300,24700000,0(0.00 %),6300,24700000,0,0,358505838,6.23
17/10/2017,6920,27410000,0(0.00 %),20920,80750000,14000,53340000,358485058,6.24
18/10/2017,-480240,-1787710000,0(0.00 %),2200,8180000,482440,1795890000,358482858,6.24
19/10/2017,-366880,-1362950000,0(0.00 %),50,190000,366930,1363140000,358482808,6.24
20/10/2017,-157350,-582770000,0(0.00 %),142650,529230000,300000,1112000000,358354158,6.25
23/10/2017,122380,443680000,0(0.00 %),122380,443680000,0,0,358714212,6.21
24/10/2017,-2180,-8360000,0(0.00 %),112000,397600000,114180,405960000,358969142,6.18
25/10/2017,191640,677650000,0(0.00 %),204720,724210000,13080,46560000,359064422,6.17
26/10/2017,-482510,-1659680000,0(0.00 %),26880,95420000,509390,1755100000,359037542,6.17
27/10/2017,-639270,-2140550000,0(0.00 %),7120,24050000,646390,2164600000,359144602,6.16
30/10/2017,20240,56040000,0(0.00 %),107150,380630000,86910,324590000,359050532,6.17
31/10/2017,-111750,-383170000,0(0.00 %),6000,21060000,117750,404230000,359553922,5.46
01/11/2017,23000,77530000,0(0.00 %),30000,101400000,7000,23870000,360170312,5.39
02/11/2017,2460,8280000,0(0.00 %),2460,8280000,0,0,360254762,5.38
03/11/2017,-133070,-423160000,0(0.00 %),0,0,133070,423160000,360372512,5.37
06/11/2017,-2710,-8610000,0(0.00 %),290,930000,3000,9540000,360379222,5.37
07/11/2017,-5700,-19130000,0(0.00 %),0,0,5700,19130000,360379222,5.37
08/11/2017,3100,10310000,0(0.00 %),5100,16930000,2000,6620000,360507192,5.36
09/11/2017,3000,9890000,0(0.00 %),5000,16450000,2000,6560000,360505192,5.36
10/11/2017,10000,32900000,0(0.00 %),10000,32900000,0,0,360500892,5.36
13/11/2017,-18000,-59080000,0(0.00 %),15000,49100000,33000,108180000,360487892,5.36
14/11/2017,26100,84380000,0(0.00 %),26100,84380000,0,0,360463792,5.36
15/11/2017,-74780,-245140000,0(0.00 %),10000,32700000,84780,277840000,360453792,5.36
16/11/2017,27000,89980000,0(0.00 %),50000,165600000,23000,75620000,360436792,5.36
17/11/2017,-45520,-150920000,0(0.00 %),8500,28200000,54020,179120000,360428292,5.36
20/11/2017,400,1320000,0(0.00 %),400,1320000,0,0,360512675,5.35
21/11/2017,30900,101780000,0(0.00 %),30900,101780000,0,0,360504775,5.36
22/11/2017,110500,360310000,0(0.00 %),110500,360310000,0,0,360448295,5.36
23/11/2017,20000,65500000,0(0.00 %),20000,65500000,0,0,360428295,5.36
24/11/2017,-11120,-36950000,0(0.00 %),10420,34890000,21540,71840000,360417875,5.36
27/11/2017,87290,306350000,0(0.00 %),127710,448550000,40420,142200000,360290165,5.38
28/11/2017,-20000,-72400000,0(0.00 %),0,0,20000,72400000,360290165,5.38
29/11/2017,-2980,-10560000,0(0.00 %),1300,4550000,4280,15110000,360310405,5.38
30/11/2017,-1860,-6420000,0(0.00 %),0,0,1860,6420000,360350825,5.37
01/12/2017,110000,379200000,0(0.00 %),110000,379200000,0,0,360260825,5.38
04/12/2017,33160,115000000,0(0.00 %),35160,121960000,2000,6960000,360229945,5.38
05/12/2017,-104500,-361440000,0(0.00 %),3300,11460000,107800,372900000,360228508,5.39
06/12/2017,-157310,-535020000,0(0.00 %),13000,44350000,170310,579370000,360215508,5.39
07/12/2017,-200890,-681930000,0(0.00 %),0,0,200890,681930000,360217508,5.39
08/12/2017,20000,68520000,0(0.00 %),20000,68520000,0,0,360305308,5.38
11/12/2017,-136370,-456020000,0(0.00 %),800,2700000,137170,458720000,360474818,5.36
12/12/2017,55910,181600000,0(0.00 %),90800,297260000,34890,115660000,360584908,5.35
13/12/2017,-5950,-19880000,0(0.00 %),20000,65200000,25950,85080000,360564908,5.35
14/12/2017,-21610,-71250000,0(0.00 %),0,0,21610,71250000,360702078,5.33
15/12/2017,-9630110,-31850230000,0(0.00 %),1157880,3832580000,10787990,35682810000,359579088,5.45
18/12/2017,-5720,-19100000,0(0.00 %),0,0,5720,19100000,359605038,5.45
19/12/2017,10000,33300000,0(0.00 %),10000,33300000,0,0,359616648,5.45
20/12/2017,27000,89170000,0(0.00 %),27000,89170000,0,0,370377638,4.3
21/12/2017,8630,28390000,0(0.00 %),8630,28390000,0,0,370374728,4.3
22/12/2017,39990,131970000,0(0.00 %),39990,131970000,0,0,370334738,4.31
25/12/2017,54060,176540000,0(0.00 %),61450,200850000,7390,24310000,370273288,4.31
26/12/2017,5000,16300000,0(0.00 %),10000,32600000,5000,16300000,370263288,4.32
27/12/2017,-2280,-7440000,0(0.00 %),0,0,2280,7440000,370263288,4.32
28/12/2017,-300,-970000,0(0.00 %),140,460000,440,1430000,370270538,4.32
29/12/2017,-90,-290000,0(0.00 %),0,0,90,290000,370275538,4.31
02/01/2018,90,300000,0(0.00 %),90,300000,0,0,370277728,4.31
03/01/2018,12000,39510000,0(0.00 %),16730,55070000,4730,15560000,370261438,4.32
04/01/2018,-710,-2480000,0(0.00 %),0,0,710,2480000,370261528,4.32
05/01/2018,-13960,-49880000,0(0.00 %),1200,4240000,15160,54120000,370260328,4.32
08/01/2018,65000,226400000,0(0.00 %),65000,226400000,0,0,370200058,4.32
09/01/2018,-45480,-156350000,0(0.00 %),10000,34500000,55480,190850000,370190768,4.32
10/01/2018,-86000,-304680000,0(0.00 %),3000,10580000,89000,315260000,370202928,4.32
11/01/2018,-1017530,-3570720000,0(0.00 %),6000,21040000,1023530,3591760000,370196928,4.32
12/01/2018,-512970,-1793410000,0(0.00 %),25020,87610000,537990,1881020000,370227388,4.32
15/01/2018,-309000,-1065130000,0(0.00 %),168000,584030000,477000,1649160000,370148388,4.33
16/01/2018,-876830,-2975170000,0(0.00 %),27000,91740000,903830,3066910000,371144918,4.22
17/01/2018,-176140,-597720000,0(0.00 %),53860,185790000,230000,783510000,371629048,4.17
18/01/2018,-1100,-3680000,0(0.00 %),100,340000,1200,4020000,372105948,4.12
19/01/2018,-10000,-34800000,0(0.00 %),0,0,10000,34800000,373009778,4.02
22/01/2018,10000,34200000,0(0.00 %),10000,34200000,0,0,373229778,4.48
25/01/2018,-767500,-2600040000,0(0.00 %),155100,526550000,922600,3126590000,373085887,4.49
26/01/2018,29620,100630000,0(0.00 %),31900,108340000,2280,7710000,373053989,4.5
29/01/2018,500,1690000,0(0.00 %),500,1690000,0,0,373053489,4.5
30/01/2018,1000,3380000,0(0.00 %),1000,3380000,0,0,373975089,4.39
31/01/2018,374640,1275700000,0(0.00 %),414640,1411680000,40000,135980000,373562729,4.44
01/02/2018,7490,24720000,0(0.00 %),37490,124320000,30000,99600000,373525239,4.44
02/02/2018,163000,535550000,0(0.00 %),163000,535550000,0,0,373362239,4.46
05/02/2018,27700,90700000,0(0.00 %),28490,93170000,790,2470000,373373749,4.46
06/02/2018,-6400,-17520000,0(0.00 %),45500,130430000,51900,147950000,373358249,4.46
07/02/2018,-19500,-58100000,0(0.00 %),500,1500000,20000,59600000,373357749,4.46
08/02/2018,34990,104870000,0(0.00 %),44990,134670000,10000,29800000,373313549,4.47
09/02/2018,3750,10710000,0(0.00 %),5000,14300000,1250,3590000,373360449,4.46
12/02/2018,271350,840650000,0(0.00 %),271350,840650000,0,0,373109099,4.49
13/02/2018,-55000,-171090000,0(0.00 %),0,0,55000,171090000,373119099,4.49
21/02/2018,10000,31800000,0(0.00 %),10000,31800000,0,0,373110349,4.49
22/02/2018,0,0,0(0.00 %),0,0,0,0,373110349,4.49
23/02/2018,-528400,-1660530000,0(0.00 %),0,0,528400,1660530000,373165358,4.49
26/02/2018,2000,6280000,0(0.00 %),2000,6280000,0,0,373163358,4.49
27/02/2018,1000,3130000,0(0.00 %),1000,3130000,0,0,373162358,4.49
28/02/2018,-4280,-13250000,0(0.00 %),0,0,4280,13250000,373690758,4.42
01/03/2018,0,0,0(0.00 %),0,0,0,0,373690758,4.42
02/03/2018,1410,4290000,0(0.00 %),1920,5830000,510,1540000,373688847,4.42
05/03/2018,-11330,-34620000,0(0.00 %),0,0,11330,34620000,373693127,4.42
06/03/2018,5000,15280000,0(0.00 %),5000,15280000,0,0,373688127,4.42
07/03/2018,1980,6250000,0(0.00 %),4060,12950000,2080,6700000,373684577,4.42
08/03/2018,0,0,0(0.00 %),0,0,0,0,373695907,4.42
09/03/2018,0,0,0(0.00 %),0,0,0,0,373695907,4.42
12/03/2018,-14320,-44470000,0(0.00 %),200,620000,14520,45090000,373697787,4.42
13/03/2018,-15440,-47610000,0(0.00 %),0,0,15440,47610000,373697793,4.42
14/03/2018,-14370,-44650000,0(0.00 %),100,310000,14470,44960000,373697693,4.42
15/03/2018,-14510,-45070000,0(0.00 %),0,0,14510,45070000,373712213,4.42
16/03/2018,0,0,0(0.00 %),0,0,0,0,373727653,4.42
19/03/2018,-33840,-105840000,0(0.00 %),0,0,33840,105840000,373742123,4.42
20/03/2018,-547240,-1685660000,0(0.00 %),0,0,547240,1685660000,373756633,4.41
21/03/2018,332360,1029190000,0(0.00 %),347200,1075140000,14840,45950000,373409433,4.46
22/03/2018,2630,8340000,0(0.00 %),21000,64870000,18370,56530000,373422273,4.45
23/03/2018,43660,132250000,0(0.00 %),58930,178120000,15270,45870000,373910583,4.4
26/03/2018,92580,276150000,0(0.00 %),108600,323930000,16020,47780000,373816823,4.41
27/03/2018,-12170,-36630000,0(0.00 %),4630,14030000,16800,50660000,373830563,4.41
28/03/2018,-24400,-73190000,0(0.00 %),0,0,24400,73190000,373845833,4.4
29/03/2018,-36580,-109550000,0(0.00 %),0,0,36580,109550000,373861853,4.4
30/03/2018,-16710,-49890000,0(0.00 %),170,510000,16880,50400000,373878483,4.4
02/04/2018,-17190,-51520000,0(0.00 %),0,0,17190,51520000,373902883,4.4
03/04/2018,-17210,-51240000,0(0.00 %),0,0,17210,51240000,373939463,4.39
04/04/2018,-25370,-75670000,0(0.00 %),271800,812680000,297170,888350000,373956343,4.39
05/04/2018,-18860,-56160000,0(0.00 %),0,0,18860,56160000,373973535,4.39
06/04/2018,-15850,-47220000,0(0.00 %),350,1040000,16200,48260000,373990395,4.39
09/04/2018,-6640,-19670000,0(0.00 %),8940,26550000,15580,46220000,374006825,4.38
10/04/2018,-61450,-178120000,0(0.00 %),11500,33790000,72950,211910000,374014185,4.38
11/04/2018,4230,12710000,0(0.00 %),1498200,4192710000,1493970,4180000000,374000085,4.39
12/04/2018,-149180,-406640000,0(0.00 %),52000,143080000,201180,549720000,373963665,4.39
13/04/2018,-67620,-185760000,0(0.00 %),5000,13700000,72620,199460000,374031615,4.38
16/04/2018,0,0,0(0.00 %),0,0,0,0,374057685,4.38
17/04/2018,18600,50410000,0(0.00 %),1120010,2836980000,1101410,2786570000,374240265,4.36
18/04/2018,-302030,-827150000,0(0.00 %),0,0,302030,827150000,374312885,4.35
19/04/2018,-140000,-382500000,0(0.00 %),0,0,140000,382500000,374312889,4.35
20/04/2018,-130000,-351370000,0(0.00 %),0,0,130000,351370000,374312889,4.35
23/04/2018,-200000,-536660000,0(0.00 %),0,0,200000,536660000,374614919,4.31
24/04/2018,-318000,-829860000,0(0.00 %),0,0,318000,829860000,374754919,4.3
26/04/2018,-267500,-683130000,0(0.00 %),32500,84380000,300000,767510000,374852419,4.28
27/04/2018,50900,125150000,0(0.00 %),130800,324880000,79900,199730000,374921622,4.28
02/05/2018,-21540,-52460000,0(0.00 %),100000,239850000,121540,292310000,375139622,4.25
03/05/2018,23000,51750000,0(0.00 %),23000,51750000,0,0,375416622,4.22
04/05/2018,0,0,0(0.00 %),0,0,0,0,375496535,4.21
07/05/2018,4000,9080000,0(0.00 %),4000,9080000,0,0,375614075,4.19
08/05/2018,90000,211500000,0(0.00 %),90000,211500000,0,0,375524075,4.2
09/05/2018,550,1270000,0(0.00 %),550,1270000,0,0,375523525,4.2
10/05/2018,-6740,-15450000,0(0.00 %),400,920000,7140,16370000,375523125,4.2
11/05/2018,10000,22900000,0(0.00 %),10000,22900000,0,0,375513125,4.21
14/05/2018,19990,44980000,0(0.00 %),19990,44980000,0,0,375493135,4.21
15/05/2018,7040,16050000,0(0.00 %),10040,22890000,3000,6840000,375490235,4.21
16/05/2018,1620,3720000,0(0.00 %),4620,10530000,3000,6810000,375485615,4.21
17/05/2018,17990,40440000,0(0.00 %),19990,44980000,2000,4540000,375465625,4.21
18/05/2018,-7000,-15730000,0(0.00 %),0,0,7000,15730000,375468625,4.21
21/05/2018,16670,37700000,0(0.00 %),17670,39960000,1000,2260000,375453955,4.21
22/05/2018,7460,16690000,0(0.00 %),7460,16690000,0,0,375448495,4.21
23/05/2018,9050,19800000,0(0.00 %),15000,32950000,5950,13150000,375440495,4.21
24/05/2018,10,20000,0(0.00 %),10,20000,0,0,375441485,4.21
25/05/2018,35000,75450000,0(0.00 %),35000,75450000,0,0,375406485,4.22
28/05/2018,35000,72600000,0(0.00 %),35000,72600000,0,0,375377435,4.22
29/05/2018,-1820,-3620000,0(0.00 %),30,60000,1850,3680000,375377405,4.22
30/05/2018,-18930,-38430000,0(0.00 %),0,0,18930,38430000,375377405,4.22
31/05/2018,-770,-1720000,0(0.00 %),0,0,770,1720000,375377405,4.22
01/06/2018,-5000,-11950000,0(0.00 %),5000,11850000,10000,23800000,375374255,4.22
04/06/2018,0,0,0(0.00 %),0,0,0,0,375393185,4.22
05/06/2018,0,0,0(0.00 %),0,0,0,0,375393955,4.22
06/06/2018,0,0,0(0.00 %),0,0,0,0,375403955,4.22
07/06/2018,-5460,-12710000,0(0.00 %),0,0,5460,12710000,375403955,4.22
08/06/2018,-9710,-24260000,0(0.00 %),290,740000,10000,25000000,375403669,4.22
11/06/2018,-11000,-27930000,0(0.00 %),0,0,11000,27930000,375403669,4.22
12/06/2018,-14710,-36900000,0(0.00 %),0,0,14710,36900000,375409135,4.22
13/06/2018,0,0,0(0.00 %),0,0,0,0,375419135,4.22
14/06/2018,-740,-1830000,0(0.00 %),0,0,740,1830000,375430135,4.22
15/06/2018,-1000,-2550000,0(0.00 %),0,0,1000,2550000,375444845,4.21
18/06/2018,-1780,-4490000,0(0.00 %),500,1260000,2280,5750000,375444345,4.21
19/06/2018,0,0,0(0.00 %),0,0,0,0,375445091,4.21
20/06/2018,-14000,-31890000,0(0.00 %),300,710000,14300,32600000,375445791,4.21
21/06/2018,400,940000,0(0.00 %),400,940000,0,0,375447671,4.21
22/06/2018,-2050,-4780000,0(0.00 %),0,0,2050,4780000,375447671,4.21
25/06/2018,0,0,0(0.00 %),0,0,0,0,375461971,4.21
26/06/2018,-1990,-5090000,0(0.00 %),10,30000,2000,5120000,375461969,4.21
27/06/2018,-31000,-85020000,0(0.00 %),0,0,31000,85020000,375464019,4.21
28/06/2018,-4960,-13790000,0(0.00 %),40,110000,5000,13900000,375463979,4.21
29/06/2018,5000,13100000,0(0.00 %),5000,13100000,0,0,375460979,4.21
02/07/2018,10060,24750000,0(0.00 %),10060,24750000,0,0,375481919,4.21
03/07/2018,-22280,-53090000,0(0.00 %),0,0,22280,53090000,375486919,4.21
04/07/2018,-7000,-16250000,0(0.00 %),0,0,7000,16250000,375486919,4.21
05/07/2018,0,0,0(0.00 %),0,0,0,0,375486919,4.21
06/07/2018,500,1120000,0(0.00 %),500,1120000,0,0,375508699,4.21
09/07/2018,1500,3510000,0(0.00 %),1500,3510000,0,0,375514199,4.21
10/07/2018,0,0,0(0.00 %),0,0,0,0,375514199,4.21
11/07/2018,0,0,0(0.00 %),0,0,0,0,375514199,4.21
12/07/2018,11190,25401300,0(0.00 %),11190,25401300,0,0,375503009,3.76
13/07/2018,-1140,-2600000,0(0.00 %),0,0,1140,2600000,375503009,4.21
16/07/2018,-165620,-376790000,0(0.00 %),0,0,165620,376790000,375503009,4.21
17/07/2018,-107200,-243600000,0(0.00 %),1800,4100000,109000,247700000,375501209,4.21
18/07/2018,-283000,-647780000,0(0.00 %),0,0,283000,647780000,375784209,3.73
19/07/2018,-192390,-441930000,0(0.00 %),610,1410000,193000,443340000,375667359,4.19
20/07/2018,-339650,-779420000,0(0.00 %),350,800000,340000,780220000,375776009,4.17
23/07/2018,-259010,-592953100,0(0.00 %),5000,11400000,264010,604353100,376035019,3.7
24/07/2018,-347230,-808620000,0(0.00 %),5000,11450000,352230,820070000,376242009,4.12
25/07/2018,-520440,-1289090000,0(0.00 %),0,0,520440,1289090000,376582009,4.08
26/07/2018,-135090,-331120000,0(0.00 %),50300,127750000,185390,458870000,376795719,4.05
27/07/2018,129700,313850000,0(0.00 %),129700,313850000,0,0,377018253,4.03
30/07/2018,118910,301253500,0(0.00 %),119910,303773500,1000,2520000,376899343,3.61
31/07/2018,17130,46216900,0(0.00 %),35000,94450000,17870,48233100,376882213,3.61
01/08/2018,4350,12528000,0(0.00 %),14350,41328000,10000,28800000,329860155,8.62
02/08/2018,-30000,-90250000,0(0.00 %),15000,44250000,45000,134500000,377540824,3.96
03/08/2018,24980,70985300,0(0.00 %),50000,141820000,25020,70834700,377515844,3.54
06/08/2018,-59680,-161643000,0(0.00 %),1000,2720000,60680,164363000,377575524,3.54
07/08/2018,145880,398754400,0(0.00 %),145880,398754400,0,0,377429644,3.55
08/08/2018,12820,35750000,0(0.00 %),12820,35750000,0,0,377429014,3.98
09/08/2018,0,0,0(0.00 %),0,0,0,0,377489694,3.97
10/08/2018,0,0,0(0.00 %),0,0,0,0,377489694,3.97
13/08/2018,570,1650000,0(0.00 %),2000,5440000,1430,3790000,377487694,3.97
14/08/2018,-32500,-96670000,0(0.00 %),51000,145880000,83500,242550000,377436694,3.98
15/08/2018,0,0,0(0.00 %),0,0,0,0,377436694,3.98
16/08/2018,-1513898,-4053570000,0(0.00 %),41000,108700000,1554898,4162270000,377397124,3.98
17/08/2018,2000,5460000,0(0.00 %),2000,5460000,0,0,377395124,3.56
20/08/2018,-61200,-164922000,0(0.00 %),0,0,61200,164922000,377456324,3.55
21/08/2018,38200,107020000,0(0.00 %),50000,140500000,11800,33480000,378983522,3.79
22/08/2018,-4610,-13290000,0(0.00 %),390,1110000,5000,14400000,378983125,3.79
23/08/2018,80500,229160000,0(0.00 %),81000,230580000,500,1420000,378963325,3.79
24/08/2018,0,0,0(0.00 %),0,0,0,0,378963325,3.39
27/08/2018,920,2560000,0(0.00 %),1000,2790000,80,230000,378979045,3.79
28/08/2018,500,1350000,0(0.00 %),500,1350000,0,0,378979045,3.79
29/08/2018,0,0,0(0.00 %),0,0,0,0,378979045,3.79
30/08/2018,-374200,-1012580000,0(0.00 %),1380,3740000,375580,1016320000,378977745,3.79
31/08/2018,1820,4900000,0(0.00 %),1820,4900000,0,0,378975925,3.79
04/09/2018,460,1237400,0(0.00 %),460,1237400,0,0,329860155,8.62
05/09/2018,4360,11841000,0(0.00 %),4360,11841000,0,0,329855795,8.62
06/09/2018,64680,176072800,0(0.00 %),64680,176072800,0,0,329791115,8.63
07/09/2018,-94510,-253186800,0(0.00 %),370,991600,94880,254178400,329885625,8.62
10/09/2018,0,0,0(0.00 %),0,0,0,0,379281644,3.76
11/09/2018,0,0,0(0.00 %),0,0,0,0,379281644,3.76
12/09/2018,220,590000,0(0.00 %),220,590000,0,0,379376304,3.74
13/09/2018,950,2560000,0(0.00 %),950,2560000,0,0,379375354,3.74
14/09/2018,12270,33010000,0(0.00 %),12270,33010000,0,0,379363084,3.75
17/09/2018,3200,8550000,0(0.00 %),10000,26800000,6800,18250000,379353084,3.75
18/09/2018,5000,13400000,0(0.00 %),10000,26700000,5000,13300000,379343086,3.75
19/09/2018,10190,27010000,0(0.00 %),20190,54510000,10000,27500000,379322896,3.75
20/09/2018,30980,88820000,0(0.00 %),53300,152880000,22320,64060000,379276396,3.76
21/09/2018,-10000,-28900000,0(0.00 %),0,0,10000,28900000,379281396,3.76
24/09/2018,0,0,0(0.00 %),0,0,0,0,379281396,3.35
25/09/2018,0,0,0(0.00 %),0,0,0,0,379281396,3.35
26/09/2018,0,0,0(0.00 %),0,0,0,0,379281396,3.35
27/09/2018,0,0,0(0.00 %),0,0,0,0,379281396,3.35
28/09/2018,17150,48021700,0(0.00 %),17150,48021700,0,0,379264246,3.36
01/10/2018,0,0,0(0.00 %),0,0,0,0,379294661,3.75
02/10/2018,0,0,0(0.00 %),0,0,0,0,379294661,3.35
03/10/2018,0,0,0(0.00 %),0,0,0,0,379294661,3.75
04/10/2018,41440,116590000,0(0.00 %),42340,119150000,900,2560000,379252321,3.76
05/10/2018,155000,441700000,0(0.00 %),155000,441700000,0,0,379097321,3.37
08/10/2018,65000,182000000,0(0.00 %),65000,182000000,0,0,379032321,3.79
09/10/2018,-20000,-55200000,0(0.00 %),0,0,20000,55200000,379033221,3.79
10/10/2018,0,0,0(0.00 %),0,0,0,0,379033221,3.38
11/10/2018,-650,-1721500,0(0.00 %),0,0,650,1721500,379033871,3.38
12/10/2018,-170000,-437371900,0(0.00 %),0,0,170000,437371900,379203871,3.36
15/10/2018,-59650,-154320000,0(0.00 %),395070,1046940000,454720,1201260000,379053221,3.78
16/10/2018,-118690,-307862100,0(0.00 %),190,495900,118880,308358000,379171911,3.37
17/10/2018,-233850,-610029100,0(0.00 %),70,182700,233920,610211800,379405761,3.34
18/10/2018,-247950,-645760000,0(0.00 %),0,0,247950,645760000,379283262,3.76
19/10/2018,-511660,-1345734800,0(0.00 %),0,0,511660,1345734800,379794922,3.3
22/10/2018,-176610,-474820000,0(0.00 %),0,0,176610,474820000,379636062,3.71
23/10/2018,-194220,-506024300,0(0.00 %),0,0,194220,506024300,379830282,3.3
24/10/2018,-174940,-450299000,0(0.00 %),0,0,174940,450299000,380005222,3.28
25/10/2018,-692840,-1728392200,0(0.00 %),0,0,692840,1728392200,380698062,3.2
26/10/2018,-238800,-626910000,0(0.00 %),200,510000,239000,627420000,380766302,3.58
29/10/2018,810,2240000,0(0.00 %),1000,2760000,190,520000,380940242,3.56
30/10/2018,0,0,0(0.00 %),0,0,0,0,380940242,3.18
31/10/2018,-4030,-11203400,0(0.00 %),0,0,4030,11203400,380944272,3.18
01/11/2018,0,0,0(0.00 %),0,0,0,0,381872272,3.45
02/11/2018,-36890,-98739800,0(0.00 %),0,0,36890,98739800,381909162,3.07
05/11/2018,0,0,0(0.00 %),0,0,0,0,381876302,3.45
06/11/2018,0,0,0(0.00 %),0,0,0,0,381876302,3.08
07/11/2018,0,0,0(0.00 %),0,0,0,0,381913192,3.44
08/11/2018,180,484200,0(0.00 %),180,484200,0,0,381913012,3.07
09/11/2018,-30,-80000,0(0.00 %),0,0,30,80000,381913012,3.44
12/11/2018,3570,9530000,0(0.00 %),3570,9530000,0,0,381909442,3.44
13/11/2018,0,0,0(0.00 %),0,0,0,0,381909442,3.07
14/11/2018,-3270,-8698200,0(0.00 %),0,0,3270,8698200,381912712,3.07
15/11/2018,0,0,0(0.00 %),0,0,0,0,381912712,3.07
16/11/2018,0,0,0(0.00 %),0,0,0,0,381909472,3.44
19/11/2018,0,0,0(0.00 %),0,0,0,0,381912742,3.44
20/11/2018,-127840,-351560000,0(0.00 %),0,0,127840,351560000,381912742,3.44
21/11/2018,-151860,-419090000,0(0.00 %),300,850000,152160,419940000,381912442,3.44
22/11/2018,-16980,-50210000,0(0.00 %),0,0,16980,50210000,381912442,3.44
23/11/2018,-910,-2624440,0(0.00 %),0,0,910,2624440,381913352,3.07
26/11/2018,-5000,0,0(0.00 %),0,0,5000,0,381918352,3.07
27/11/2018,0,0,0(0.00 %),0,0,0,0,381918352,3.07
28/11/2018,1580,4320000,0(0.00 %),2000,5480000,420,1160000,382209212,3.41
29/11/2018,-300,-807000,0(0.00 %),0,0,300,807000,382209512,3.04
30/11/2018,8130,21888100,0(0.00 %),8130,21888100,0,0,382201382,3.04
03/12/2018,0,0,0(0.00 %),0,0,0,0,382351502,3.03
04/12/2018,500,1390000,0(0.00 %),500,1390000,0,0,382351002,3.03
05/12/2018,666610,1921860400,0(0.00 %),669320,1929502600,2710,7642200,381684392,3.1
06/12/2018,215000,622000000,0(0.00 %),215000,622000000,0,0,381469392,3.12
07/12/2018,-176190,-517667500,0(0.00 %),10270,29696500,186460,547364000,381645582,3.1
10/12/2018,-2100,-6070000,0(0.00 %),0,0,2100,6070000,381459422,3.5
11/12/2018,-4280,-12240000,0(0.00 %),0,0,4280,12240000,381459422,3.5
12/12/2018,-2330,-8211500,0(0.00 %),91670,271508500,94000,279720000,381461752,3.12
13/12/2018,523710,1693043000,0(0.00 %),1286410,4089836700,762700,2396793700,380938042,3.18
14/12/2018,-8100,-30453100,0(0.00 %),518240,1647961100,526340,1678414200,380946142,3.18
17/12/2018,729700,2369818800,0(0.00 %),768140,2495263200,38440,125444400,380216442,3.26
18/12/2018,558160,1809970000,0(0.00 %),558260,1810300000,100,330000,379286241,3.76
19/12/2018,300750,974940000,0(0.00 %),300750,974940000,0,0,379511831,3.73
20/12/2018,203430,664090000,0(0.00 %),203430,664090000,0,0,379346841,3.75
21/12/2018,-43090,-142140000,0(0.00 %),1900,6080000,44990,148220000,379345041,3.75
24/12/2018,422390,1471900000,0(0.00 %),432690,1508140000,10300,36240000,378912351,3.8
25/12/2018,8370,24500000,0(0.00 %),40000,129600000,31630,105100000,378872351,3.8
26/12/2018,-10000,-32200000,0(0.00 %),0,0,10000,32200000,378882351,3.4
27/12/2018,213560,725342600,0(0.00 %),595260,1935914600,381700,1210572000,378668791,3.42
28/12/2018,41000,127940000,0(0.00 %),41000,127940000,0,0,378323011,3.87
02/01/2019,200000,588150000,0(0.00 %),200000,588150000,0,0,378514719,3.44
03/01/2019,296580,867993100,0(0.00 %),322510,942990100,25930,74997000,378218139,3.47
04/01/2019,-104940,-304180000,0(0.00 %),103300,300670000,208240,604850000,378088909,3.9
07/01/2019,-22660,-67076600,0(0.00 %),880,2614400,23540,69691000,378111569,3.48
08/01/2019,-1660,-4910000,0(0.00 %),6620,19930000,8280,24840000,378107339,3.9
09/01/2019,32010,96107900,0(0.00 %),60000,180600000,27990,84492100,378075329,3.48
10/01/2019,-3000,-9160000,0(0.00 %),7000,21140000,10000,30300000,378272119,3.88
11/01/2019,176850,535855500,0(0.00 %),186850,566155500,10000,30300000,378095269,3.48
14/01/2019,0,0,0(0.00 %),0,0,0,0,378121539,3.89
15/01/2019,-1420,-4174800,0(0.00 %),0,0,1420,4174800,378122959,3.48
16/01/2019,20600,61580000,0(0.00 %),25600,76830000,5000,15250000,378102359,3.48
17/01/2019,5270,15660000,0(0.00 %),5270,15660000,0,0,378110669,3.9
18/01/2019,10,30000,0(0.00 %),10,30000,0,0,378112083,3.9
21/01/2019,100,300000,0(0.00 %),100,300000,0,0,378116983,3.89
22/01/2019,-49270,-146650000,0(0.00 %),40730,117060000,90000,263710000,378076253,3.9
23/01/2019,30000,85300000,0(0.00 %),40000,113600000,10000,28300000,378046253,3.49
24/01/2019,0,0,0(0.00 %),0,0,0,0,378046253,3.49
25/01/2019,-26000,-71750100,0(0.00 %),9000,25200000,35000,96950100,378072253,3.48
28/01/2019,47000,130930000,0(0.00 %),47000,130930000,0,0,378080253,3.9
29/01/2019,13000,35910000,0(0.00 %),13000,35910000,0,0,378067253,3.9
30/01/2019,83000,229050000,0(0.00 %),83000,229050000,0,0,378019253,3.91
31/01/2019,-20000,-54000000,0(0.00 %),0,0,20000,54000000,378019253,3.91
01/02/2019,26000,70090000,0(0.00 %),26000,70090000,0,0,377993253,3.91
11/02/2019,1000,2740000,0(0.00 %),1000,2740000,0,0,377992253,3.91
12/02/2019,-4860,-14302200,0(0.00 %),8000,21920000,12860,36222200,377997113,3.49
13/02/2019,0,0,0(0.00 %),0,0,0,0,378004253,3.91
14/02/2019,800,2270000,0(0.00 %),800,2270000,0,0,378003453,3.91
15/02/2019,1200,3384000,0(0.00 %),1200,3384000,0,0,377995113,3.49
18/02/2019,212100,597060000,0(0.00 %),315600,888020000,103500,290960000,377802013,3.93
19/02/2019,0,0,0(0.00 %),0,0,0,0,377802013,3.93
20/02/2019,-86660,-240003300,0(0.00 %),40000,110960000,126660,350963300,377869673,3.51
21/02/2019,-2104200,-5713993700,0(0.00 %),11000,29810000,2115200,5743803700,379973873,3.28
22/02/2019,270000,732300000,0(0.00 %),270000,732300000,0,0,379703873,3.31
25/02/2019,-375590,-1003820000,0(0.00 %),0,0,375590,1003820000,377608673,3.96
26/02/2019,0,0,0(0.00 %),0,0,0,0,380079463,3.27
27/02/2019,12000,32590000,0(0.00 %),12000,32590000,0,0,380067463,3.27
28/02/2019,60000,162100000,0(0.00 %),60000,162100000,0,0,380027463,3.67
01/03/2019,10000,27100000,0(0.00 %),10000,27100000,0,0,380027463,3.28
04/03/2019,20000,54200000,0(0.00 %),20000,54200000,0,0,380007463,3.28
05/03/2019,560790,1644610000,0(0.00 %),571000,1674070000,10210,29460000,379426463,3.74
06/03/2019,0,0,0(0.00 %),0,0,0,0,379446673,3.34
07/03/2019,49140,141191800,0(0.00 %),49140,141191800,0,0,379397533,3.34
08/03/2019,4900,12269000,0(0.00 %),60000,168000000,55100,155731000,379392633,3.34
11/03/2019,173550,487420000,0(0.00 %),180000,505800000,6450,18380000,379147529,3.77
12/03/2019,-10000,-29800000,0(0.00 %),0,0,10000,29800000,379229083,3.36
13/03/2019,53650,157840000,0(0.00 %),55000,161800000,1350,3960000,379147629,3.77
14/03/2019,-45000,-144500000,0(0.00 %),20000,58200000,65000,202700000,379220433,3.36
15/03/2019,-20000,-64260000,0(0.00 %),20000,63600000,40000,127860000,379240433,3.36
18/03/2019,-10000,-32700000,0(0.00 %),10000,32000000,20000,64700000,379250433,3.36
19/03/2019,230,730000,0(0.00 %),230,730000,0,0,379180199,3.77
20/03/2019,7000,22070000,0(0.00 %),7000,22070000,0,0,379243203,3.36
21/03/2019,81670,262300000,0(0.00 %),96770,313080000,15100,50780000,379136429,3.77
22/03/2019,17730,54770000,0(0.00 %),21070,65320000,3340,10550000,379115359,3.78
25/03/2019,-42230,-137240000,0(0.00 %),2000,6680000,44230,143920000,379113359,3.78
26/03/2019,-47000,-151150000,0(0.00 %),0,0,47000,151150000,379233033,3.36
27/03/2019,10000,31000000,0(0.00 %),20000,63400000,10000,32400000,379223033,3.36
28/03/2019,23000,73740000,0(0.00 %),25000,80000000,2000,6260000,379131029,3.77
29/03/2019,-40,-132400,0(0.00 %),0,0,40,132400,379200073,3.36
01/04/2019,0,0,0(0.00 %),0,0,0,0,379188039,3.77
02/04/2019,305000,1038751000,0(0.00 %),315100,1072991000,10100,34240000,378883039,3.4
03/04/2019,1000,3300000,0(0.00 %),1000,3300000,0,0,378882039,3.4
04/04/2019,38850,125285600,0(0.00 %),40000,129000000,1150,3714400,378843189,3.4
05/04/2019,61800,200860000,0(0.00 %),62000,201500000,200,640000,378782079,3.82
08/04/2019,0,0,0(0.00 %),0,0,0,0,378782079,3.82
09/04/2019,-46000,-147010000,0(0.00 %),45000,140600000,91000,287610000,378738229,3.82
10/04/2019,56800,175650000,0(0.00 %),60000,185550000,3200,9900000,378678429,3.83
11/04/2019,90,280800,0(0.00 %),90,280800,0,0,378770499,3.41
12/04/2019,30000,93300000,0(0.00 %),30000,93300000,0,0,378740499,3.41
16/04/2019,29840,91907300,0(0.00 %),30000,92400000,160,492700,378710659,3.42
17/04/2019,-147780,-440103200,0(0.00 %),30600,93033000,178380,533136200,378858439,3.4
18/04/2019,83800,237430000,0(0.00 %),83800,237430000,0,0,378774639,3.41
19/04/2019,241250,704680000,0(0.00 %),241250,704680000,0,0,378357049,3.87
22/04/2019,-1300,-3410000,0(0.00 %),30000,86800000,31300,90210000,378505429,3.85
23/04/2019,0,0,0(0.00 %),0,0,0,0,378534689,3.43
24/04/2019,0,0,0(0.00 %),0,0,0,0,378534689,3.43
25/04/2019,40000,120960000,0(0.00 %),40000,120960000,0,0,378496729,3.85
26/04/2019,-630,-1890000,0(0.00 %),0,0,630,1890000,378496729,3.85
02/05/2019,-327520,-987642900,0(0.00 %),3100,9360000,330620,997002900,378496729,3.44
03/05/2019,-16360,-49710000,0(0.00 %),0,0,16360,49710000,378493629,3.85
06/05/2019,0,0,0(0.00 %),0,0,0,0,378513089,3.44
07/05/2019,0,0,0(0.00 %),0,0,0,0,378824879,3.81
08/05/2019,-1000,-2960000,0(0.00 %),1000,2940000,2000,5900000,378840239,3.42
09/05/2019,-18400,-53580000,0(0.00 %),22600,66550000,41000,120130000,378817639,3.42
10/05/2019,-110000,-327450000,0(0.00 %),0,0,110000,327450000,378817644,3.42
13/05/2019,-19400,-59450000,0(0.00 %),2000,6140000,21400,65590000,378817644,3.42
14/05/2019,-25700,-80180000,0(0.00 %),0,0,25700,80180000,378858644,3.42
15/05/2019,22890,72361300,0(0.00 %),132890,421561300,110000,349200000,378664699,3.42
16/05/2019,-128160,-399120000,0(0.00 %),82970,265080000,211130,664200000,378774184,3.43
17/05/2019,-29280,-91240000,0(0.00 %),100660,312290000,129940,403530000,378699224,3.43
20/05/2019,20000,62600000,0(0.00 %),20000,62600000,0,0,378789224,3.43
21/05/2019,51000,160700000,0(0.00 %),51000,160700000,0,0,378949354,3.41
22/05/2019,50000,158000000,0(0.00 %),50000,158000000,0,0,379029294,3.4
23/05/2019,40000,125150000,0(0.00 %),40000,125150000,0,0,378989294,3.4
24/05/2019,0,0,0(0.00 %),0,0,0,0,378989294,3.4
27/05/2019,30000,94000000,0(0.00 %),30000,94000000,0,0,378959294,3.41
28/05/2019,206710,671233500,0(0.00 %),206710,671233500,0,0,378752584,3.41
29/05/2019,664430,2212200000,0(0.00 %),729430,2427670000,65000,215470000,378023154,3.51
30/05/2019,379860,1241230000,0(0.00 %),379860,1241230000,0,0,377643294,3.55
31/05/2019,255400,831820000,0(0.00 %),376400,1226290000,121000,394470000,377266894,3.59
03/06/2019,240590,755734900,0(0.00 %),270590,849634900,30000,93900000,377061304,3.59
04/06/2019,41630,130242800,0(0.00 %),76100,236721000,34470,106478200,377019674,3.6
05/06/2019,191520,595682800,0(0.00 %),195520,608082800,4000,12400000,376828154,3.62
06/06/2019,14010,43721100,0(0.00 %),19010,59121100,5000,15400000,376814144,3.62
07/06/2019,110,350000,0(0.00 %),110,350000,0,0,376956042,3.62
10/06/2019,-536140,-1686140000,0(0.00 %),20780,65160000,556920,1751300000,376939262,3.62
11/06/2019,-323990,-1006483000,0(0.00 %),10010,31231300,334000,1037714300,377674164,3.53
12/06/2019,-374000,-1151070000,0(0.00 %),46000,142380000,420000,1293450000,376888252,3.63
13/06/2019,-503960,-1527475700,0(0.00 %),76040,230851200,580000,1758326900,377812212,3.51
14/06/2019,-644600,-1965930700,0(0.00 %),95400,291920000,740000,2257850700,378456812,3.44
17/06/2019,-118910,-365700000,0(0.00 %),790,2440000,119700,368140000,378026942,3.51
18/06/2019,-3890,-12047200,0(0.00 %),40,122000,3930,12169200,378579612,3.43
19/06/2019,-4800,-14740000,0(0.00 %),0,0,4800,14740000,379346901,3.37
20/06/2019,-120,-360000,0(0.00 %),100,310000,220,670000,379466501,3.35
21/06/2019,9300,28558000,0(0.00 %),10000,30700000,700,2142000,378575232,3.43
24/06/2019,3000,9150300,0(0.00 %),3010,9180800,10,30500,378572232,3.43
25/06/2019,0,0,0(0.00 %),0,0,0,0,379462441,3.35
26/06/2019,-65960,-203316700,0(0.00 %),40,123300,66000,203440000,378638192,3.42
27/06/2019,-40000,-122800000,0(0.00 %),20000,61100000,60000,183900000,379443111,3.36
28/06/2019,-20000,-61400000,0(0.00 %),0,0,20000,61400000,379443111,3.36
01/07/2019,31010,96101000,0(0.00 %),31010,96101000,0,0,379509111,3.33
02/07/2019,0,0,0(0.00 %),0,0,0,0,379538101,3.34
03/07/2019,-37800,-116738000,0(0.00 %),2200,6762000,40000,123500000,379546911,3.33
04/07/2019,1010,3110900,0(0.00 %),1010,3110900,0,0,379545901,3.33
05/07/2019,0,0,0(0.00 %),0,0,0,0,379554891,3.34
08/07/2019,7000,21640000,0(0.00 %),7000,21640000,0,0,379587891,3.34
09/07/2019,-21960,-67860000,0(0.00 %),0,0,21960,67860000,379587891,3.34
10/07/2019,-10000,-30900000,0(0.00 %),0,0,10000,30900000,379587891,3.34
11/07/2019,0,0,0(0.00 %),0,0,0,0,379587891,3.34
12/07/2019,-220100,-700220000,0(0.00 %),0,0,220100,700220000,379790961,3.3
15/07/2019,10370,32900000,0(0.00 %),10370,32900000,0,0,379609481,3.34
16/07/2019,-500,-1590000,0(0.00 %),0,0,500,1590000,379609481,3.34
17/07/2019,-10090,-32230000,0(0.00 %),250,800000,10340,33030000,379829331,3.31
18/07/2019,-20000,-64000000,0(0.00 %),0,0,20000,64000000,379829331,3.31
19/07/2019,0,-60000,0(0.00 %),6000,19080000,6000,19140000,379823831,3.31
22/07/2019,-281640,-879730000,0(0.00 %),20000,63000000,301640,942730000,379814171,3.32
23/07/2019,5000,15600000,0(0.00 %),5000,15600000,0,0,380087821,3.27
24/07/2019,48020,146171000,0(0.00 %),48020,146171000,0,0,380039801,3.27
25/07/2019,23290,71500300,0(0.00 %),23290,71500300,0,0,380016511,3.28
26/07/2019,4580,14110000,0(0.00 %),4580,14110000,0,0,380060921,3.29
29/07/2019,50000,152500000,0(0.00 %),50000,152500000,0,0,380010921,3.29
30/07/2019,65100,197320000,0(0.00 %),65100,197320000,0,0,379945821,3.3
31/07/2019,-45160,-139312800,0(0.00 %),0,0,45160,139312800,379941991,3.28
01/08/2019,-7000,-21780000,0(0.00 %),0,0,7000,21780000,379945821,3.3
02/08/2019,-19790,-61732700,0(0.00 %),0,0,19790,61732700,379965611,3.28
05/08/2019,152810,482860000,0(0.00 %),152810,482860000,0,0,379838171,3.31
06/08/2019,187230,635550000,0(0.00 %),200000,678000000,12770,42450000,379645171,3.33
07/08/2019,74500,269918000,0(0.00 %),78600,284440000,4100,14522000,379551071,3.33
08/08/2019,-298190,-1053510800,0(0.00 %),67040,238892000,365230,1292402800,379849261,3.29
09/08/2019,-97920,-337690000,0(0.00 %),188080,660620000,286000,998310000,379344011,3.37
12/08/2019,137020,493062200,0(0.00 %),195950,702353400,58930,209291200,379810161,3.3
13/08/2019,-600,-2131000,0(0.00 %),0,0,600,2131000,379810761,3.3
14/08/2019,-42200,-147394000,0(0.00 %),0,0,42200,147394000,379852961,3.29
15/08/2019,79070,260260000,0(0.00 %),132270,433720000,53200,173460000,379730051,3.32
16/08/2019,18200,61974000,0(0.00 %),20200,68674000,2000,6700000,379755691,3.3
19/08/2019,-50180,-169510000,0(0.00 %),100,340000,50280,169850000,379752551,3.32
20/08/2019,-702250,-2316830000,0(0.00 %),87750,289580000,790000,2606410000,379718001,3.33
21/08/2019,-119840,-397525400,0(0.00 %),100,334000,119940,397859400,380627961,3.21
22/08/2019,-1399900,-4623801300,0(0.00 %),40100,134532000,1440000,4758333300,382027861,3.06
23/08/2019,-286020,-939104300,0(0.00 %),14000,45640000,300020,984744300,382313881,3.03
26/08/2019,-227320,-740908400,0(0.00 %),16080,52981600,243400,793890000,382541201,3.01
27/08/2019,-20000,-65600000,0(0.00 %),0,0,20000,65600000,382561201,3.01
28/08/2019,-435000,-1430120000,0(0.00 %),20000,66000000,455000,1496120000,382996201,2.96
29/08/2019,12000,40500000,0(0.00 %),17000,57050000,5000,16550000,382984201,2.96
30/08/2019,-435000,-1458220000,0(0.00 %),25000,84950000,460000,1543170000,382551365,3.02
03/09/2019,-24500,-82820000,0(0.00 %),10600,36020000,35100,118840000,382995765,2.97
04/09/2019,-4500,-14808000,0(0.00 %),2500,8152000,7000,22960000,383010865,2.96
05/09/2019,-551000,-1784440000,0(0.00 %),0,0,551000,1784440000,383458265,2.93
06/09/2019,0,0,0(0.00 %),0,0,0,0,383561865,2.9
09/09/2019,-60500,-191790000,0(0.00 %),100,320000,60600,192110000,383500265,2.92
10/09/2019,-34000,-104260000,0(0.00 %),16000,50240000,50000,154500000,384035265,2.86
11/09/2019,15430,48141600,0(0.00 %),16450,51324000,1020,3182400,383640935,2.89
12/09/2019,-47180,-148470000,0(0.00 %),0,0,47180,148470000,384079415,2.86
13/09/2019,-1000,-3120000,0(0.00 %),0,0,1000,3120000,384129415,2.85
16/09/2019,119500,384692800,0(0.00 %),119500,384692800,0,0,383569615,2.9
17/09/2019,-50000,-161000000,0(0.00 %),0,0,50000,161000000,384058115,2.86
18/09/2019,64770,205551500,0(0.00 %),64870,205870500,100,319000,383554845,2.9
19/09/2019,-575720,-1787252900,0(0.00 %),40000,125400000,615720,1912652900,384130565,2.84
20/09/2019,0,0,0(0.00 %),0,0,0,0,384130565,2.84
23/09/2019,20000,64000000,0(0.00 %),20000,64000000,0,0,384110565,2.84
24/09/2019,-6000,-18680000,0(0.00 %),0,0,6000,18680000,384600078,2.8
25/09/2019,12300,38130000,0(0.00 %),12300,38130000,0,0,384587783,2.8
26/09/2019,0,0,0(0.00 %),0,0,0,0,384587783,2.8
27/09/2019,-6430,-20640300,0(0.00 %),0,0,6430,20640300,384110695,2.84
30/09/2019,-4000,-13080000,0(0.00 %),0,0,4000,13080000,384593783,2.8
01/10/2019,-14740,-47894000,0(0.00 %),3410,10912000,18150,58806000,384593783,2.79
02/10/2019,-9640,-30560000,0(0.00 %),0,0,9640,30560000,384596803,2.8
03/10/2019,-19670,-62750000,0(0.00 %),0,0,19670,62750000,384600803,2.8
04/10/2019,-5000,-16100000,0(0.00 %),0,0,5000,16100000,384628093,2.79
07/10/2019,-5900,-18940000,0(0.00 %),0,0,5900,18940000,384628593,2.8
08/10/2019,0,0,0(0.00 %),0,0,0,0,384648263,2.8
09/10/2019,-411830,-1298904700,0(0.00 %),0,0,411830,1298904700,385045823,2.74
10/10/2019,-322470,-1015174600,0(0.00 %),72000,227140000,394470,1242314600,385368293,2.71
11/10/2019,-709750,-2256803600,0(0.00 %),12000,37800000,721750,2294603600,386078043,2.63
14/10/2019,-267250,-842220000,0(0.00 %),6000,18780000,273250,861000000,386345293,2.6
15/10/2019,-730840,-2274833900,0(0.00 %),31000,96511000,761840,2371344900,387076133,2.52
16/10/2019,-363320,-1137742400,0(0.00 %),1260,3931200,364580,1141673600,387439453,2.49
17/10/2019,-383190,-1205570000,0(0.00 %),0,0,383190,1205570000,386338203,2.62
18/10/2019,-209300,-657081500,0(0.00 %),0,0,209300,657081500,388031943,2.42
21/10/2019,-717310,-2242362900,0(0.00 %),20100,62711000,737410,2305073900,388749253,2.35
22/10/2019,-278530,-873360100,0(0.00 %),0,0,278530,873360100,389027783,2.32
23/10/2019,-338390,-1056103800,0(0.00 %),0,0,338390,1056103800,389366173,2.28
24/10/2019,-355970,-1108270000,0(0.00 %),0,0,355970,1108270000,388774423,2.36
25/10/2019,0,0,0(0.00 %),0,0,0,0,389722143,2.24
28/10/2019,0,0,0(0.00 %),0,0,0,0,389722143,2.24
29/10/2019,-90430,-293088900,0(0.00 %),9570,30911100,100000,324000000,389812573,2.23
30/10/2019,-144140,-461261000,0(0.00 %),0,0,144140,461261000,389956713,2.22
31/10/2019,-80490,-255099500,0(0.00 %),690,2241100,81180,257340600,390037203,2.21
01/11/2019,0,0,0(0.00 %),0,0,0,0,389837053,2.24
04/11/2019,7300,22730000,0(0.00 %),9300,29110000,2000,6380000,389971893,2.23
05/11/2019,-1000,-3150000,0(0.00 %),0,0,1000,3150000,390053076,2.22
06/11/2019,0,0,0(0.00 %),0,0,0,0,390053076,2.22
07/11/2019,-2000,-6320000,0(0.00 %),0,0,2000,6320000,390055076,2.22
08/11/2019,-1260,-3984200,0(0.00 %),0,0,1260,3984200,389834013,2.23
11/11/2019,4600,14267400,0(0.00 %),9700,30264000,5100,15996600,389829413,2.23
12/11/2019,0,0,0(0.00 %),0,0,0,0,390048376,2.22
13/11/2019,-4410,-13850000,0(0.00 %),0,0,4410,13850000,390049636,2.22
14/11/2019,0,0,0(0.00 %),0,0,0,0,390054736,2.22
15/11/2019,-2000,-6280000,0(0.00 %),0,0,2000,6280000,390054736,2.22
18/11/2019,-30000,-90740000,0(0.00 %),40000,123460000,70000,214200000,390019146,2.22
19/11/2019,-116750,-359782500,0(0.00 %),8000,24720000,124750,384502500,389982573,2.21
20/11/2019,-500,-1550000,0(0.00 %),0,0,500,1550000,390013146,2.22
21/11/2019,-5230,-16302600,0(0.00 %),0,0,5230,16302600,389988303,2.21
22/11/2019,-1640,-5100400,0(0.00 %),0,0,1640,5100400,389989943,2.21
25/11/2019,8500,25750000,0(0.00 %),9000,27270000,500,1520000,390199396,2.2
26/11/2019,-500,-1520000,0(0.00 %),0,0,500,1520000,390204626,2.2
27/11/2019,15500,46650000,0(0.00 %),16000,48160000,500,1510000,390190266,2.2
28/11/2019,33980,103120000,0(0.00 %),36400,110540000,2420,7420000,390154366,2.21
29/11/2019,-285660,-857353300,0(0.00 %),20000,59950000,305660,917303300,390218123,2.19
02/12/2019,11270,34170000,0(0.00 %),12000,36420000,730,2250000,390123366,2.21
03/12/2019,0,0,0(0.00 %),0,0,0,0,390135366,2.2
04/12/2019,0,0,0(0.00 %),0,0,0,0,390431446,2.18
05/12/2019,120000,349200000,0(0.00 %),120000,349200000,0,0,390312176,2.19
06/12/2019,26120,75258000,0(0.00 %),49000,141610000,22880,66352000,389989246,2.21
09/12/2019,-3000,-8730000,0(0.00 %),0,0,3000,8730000,390263176,2.2
10/12/2019,-375000,-1049400000,0(0.00 %),25000,70600000,400000,1120000000,390367246,2.17
11/12/2019,-1339210,-3634529400,0(0.00 %),24090,65394800,1363300,3699924200,391706456,2.03
12/12/2019,-355450,-955033500,0(0.00 %),81970,220590400,437420,1175623900,392061906,1.99
13/12/2019,-496080,-1340490000,0(0.00 %),126210,341800000,622290,1682290000,390431786,2.18
16/12/2019,-610280,-1681223900,0(0.00 %),89630,248123700,699910,1929347600,393168266,1.88
17/12/2019,-1162260,-3205483800,0(0.00 %),0,0,1162260,3205483800,394330526,1.75
18/12/2019,-25610,-69249700,0(0.00 %),43390,117723900,69000,186973600,394356136,1.75
19/12/2019,-528920,-1408868100,0(0.00 %),11400,30562000,540320,1439430100,394885056,1.69
20/12/2019,-104970,-284468700,0(0.00 %),114720,310891200,219690,595359900,394990026,1.68
23/12/2019,0,0,0(0.00 %),0,0,0,0,394990026,1.68
24/12/2019,40610,109100000,0(0.00 %),40610,109100000,0,0,395026536,1.69
25/12/2019,40810,110622600,0(0.00 %),49290,134284900,8480,23662300,394908606,1.69
26/12/2019,24100,67310000,0(0.00 %),34100,95410000,10000,28100000,395162836,1.67
27/12/2019,14880,40972200,0(0.00 %),14880,40972200,0,0,394869626,1.69
30/12/2019,40610,109097200,0(0.00 %),40610,109097200,0,0,394829016,1.7
31/12/2019,-47550,-130723100,0(0.00 %),30,81500,47580,130804600,394876566,1.69
02/01/2020,-135480,-378530000,0(0.00 %),0,0,135480,378530000,395166406,1.67
03/01/2020,-153630,-429410000,0(0.00 %),7000,19600000,160630,449010000,395324886,1.65
06/01/2020,-55190,-152231400,0(0.00 %),0,0,55190,152231400,395375226,1.64
07/01/2020,-2900,-7940000,0(0.00 %),0,0,2900,7940000,395507946,1.63
08/01/2020,-84000,-225110000,0(0.00 %),0,0,84000,225110000,395668576,1.62
09/01/2020,-52260,-139975100,0(0.00 %),3900,10374000,56160,150349100,395514386,1.63
10/01/2020,650,1720000,0(0.00 %),6650,17760000,6000,16040000,395716116,1.61
13/01/2020,-36000,-95800000,0(0.00 %),0,0,36000,95800000,395800116,1.6
14/01/2020,-7000,-18580000,0(0.00 %),0,0,7000,18580000,395856276,1.6
15/01/2020,-6000,-15960000,0(0.00 %),0,0,6000,15960000,395862276,1.6
16/01/2020,-9000,-23810000,0(0.00 %),0,0,9000,23810000,395898276,1.59
17/01/2020,-64280,-169140000,0(0.00 %),0,0,64280,169140000,395905276,1.59
20/01/2020,-5850,-15210000,0(0.00 %),0,0,5850,15210000,395911276,1.59
21/01/2020,-4000,-10520000,0(0.00 %),0,0,4000,10520000,395920276,1.59
22/01/2020,-62700,-164898000,0(0.00 %),3300,8702000,66000,173600000,395982976,1.58
30/01/2020,32480,82762200,0(0.00 %),38700,98772000,6220,16009800,395950496,1.58
31/01/2020,218010,528490000,0(0.00 %),220010,533350000,2000,4860000,395732396,1.61
03/02/2020,90850,202983500,0(0.00 %),95400,213196000,4550,10212500,395798396,1.59
04/02/2020,2090,4681700,0(0.00 %),2100,4704000,10,22300,395796306,1.6
05/02/2020,7090,15670000,0(0.00 %),7090,15670000,0,0,395702026,1.61
06/02/2020,164840,368290000,0(0.00 %),164890,368400000,50,110000,395541686,1.63
07/02/2020,40140,90740100,0(0.00 %),40140,90740100,0,0,395584236,1.62
10/02/2020,77730,172590100,0(0.00 %),77730,172590100,0,0,395506506,1.63
11/02/2020,69520,153932600,0(0.00 %),69520,153932600,0,0,395436986,1.63
12/02/2020,246150,550950000,0(0.00 %),246150,550950000,0,0,395108206,1.68
13/02/2020,160050,369715700,0(0.00 %),206220,476703700,46170,106988000,395030786,1.68
14/02/2020,94700,217873800,0(0.00 %),143030,329390100,48330,111516300,394936086,1.69
17/02/2020,92800,209138100,0(0.00 %),172020,389601500,79220,180463400,394843286,1.7
18/02/2020,197590,458770000,0(0.00 %),209430,486170000,11840,27400000,394423676,1.75
19/02/2020,-107720,-268090000,0(0.00 %),45360,110620000,153080,378710000,394426646,1.75
20/02/2020,-125320,-315385300,0(0.00 %),20050,49974400,145370,365359700,394878736,1.69
21/02/2020,6990,17536800,0(0.00 %),15030,36672000,8040,19135200,394871746,1.69
24/02/2020,-314680,-718880000,0(0.00 %),70000,158200000,384680,877080000,394565715,1.74
25/02/2020,16780,36598000,0(0.00 %),47010,103403600,30230,66805600,395169646,1.66
26/02/2020,14360,31620000,0(0.00 %),20000,44340000,5640,12720000,394652115,1.73
27/02/2020,-1270,-2832000,0(0.00 %),10,22400,1280,2854400,395156556,1.66
28/02/2020,-142230,-314660000,0(0.00 %),0,0,142230,314660000,395067015,1.68
02/03/2020,30,70000,0(0.00 %),30,70000,0,0,395072625,1.68
03/03/2020,72850,166910000,0(0.00 %),72850,166910000,0,0,395001055,1.69
04/03/2020,116600,266950000,0(0.00 %),137060,315660000,20460,48710000,395006225,1.69
05/03/2020,435000,1029700000,0(0.00 %),435000,1029700000,0,0,394571225,1.73
06/03/2020,224860,517152200,0(0.00 %),244860,563352200,20000,46200000,394223315,1.76
09/03/2020,486340,1046816200,0(0.00 %),557020,1200773900,70680,153957700,393736975,1.81
10/03/2020,76090,164190000,0(0.00 %),89540,192600000,13450,28410000,393700257,1.83
11/03/2020,-244710,-526610000,0(0.00 %),80320,169450000,325030,696060000,393639937,1.83
12/03/2020,-31000,-62370000,0(0.00 %),28100,55820000,59100,118190000,393682517,1.83
13/03/2020,-53450,-102516200,0(0.00 %),12210,23590100,65660,126106300,393990045,1.79
16/03/2020,-49910,-106270000,0(0.00 %),10520,22410000,60430,128680000,393998267,1.8
17/03/2020,442580,926641100,0(0.00 %),442580,926641100,0,0,393597375,1.83
18/03/2020,470910,1025922000,0(0.00 %),520910,1135622000,50000,109700000,393126465,1.88
19/03/2020,470910,1025922000,0(0.00 %),520910,1135622000,50000,109700000,392655555,1.93
20/03/2020,130010,273321200,0(0.00 %),200010,420021200,70000,146700000,392525545,1.94
23/03/2020,-126650,-249898400,0(0.00 %),30,61200,126680,249959600,392652195,1.93
24/03/2020,169630,337427100,0(0.00 %),170340,338812600,710,1385500,392482565,1.95
25/03/2020,760500,1557000000,0(0.00 %),785500,1608500300,25000,51500300,391722065,2.03
26/03/2020,302630,622490000,0(0.00 %),302630,622490000,0,0,392036717,2.01
27/03/2020,52980,103860000,0(0.00 %),56050,110000000,3070,6140000,391981377,2.01
30/03/2020,19540,35950000,0(0.00 %),30100,55290000,10560,19340000,391976277,2.01
31/03/2020,1320,4320000,0(0.00 %),52860,95170000,51540,90850000,391923417,2.02
01/04/2020,75940,141270000,0(0.00 %),86740,161090000,10800,19820000,391839747,2.03
03/04/2020,-174010,-333779000,0(0.00 %),42180,80904900,216190,414683900,392100497,1.99
06/04/2020,382780,756377800,0(0.00 %),383610,758020600,830,1642800,391717717,2.03
07/04/2020,-107860,-213562800,0(0.00 %),108340,214513200,216200,428076000,391825577,2.02
08/04/2020,26550,51270000,0(0.00 %),27910,53890000,1360,2620000,391566797,2.06
09/04/2020,155390,302570000,0(0.00 %),160260,311890000,4870,9320000,391407367,2.07
10/04/2020,-39250,-73940000,0(0.00 %),29310,56520000,68560,130460000,391594257,2.05
13/04/2020,107300,206760000,0(0.00 %),107300,206760000,0,0,391488317,2.06
14/04/2020,10210,20310000,0(0.00 %),62730,119560000,52520,99250000,391430457,2.07
15/04/2020,183900,353460000,0(0.00 %),184670,354950000,770,1490000,391314347,2.08
16/04/2020,337460,686990000,0(0.00 %),707270,1413340000,369810,726350000,390607077,2.16
17/04/2020,-14770,-32494000,0(0.00 %),0,0,14770,32494000,391058787,2.1
20/04/2020,-2578290,-6063730000,0(0.00 %),754610,1766230000,3332900,7829960000,389905757,2.23
21/04/2020,778750,1792921900,0(0.00 %),903600,2082733200,124850,289811300,392858327,1.91
22/04/2020,363630,857718500,0(0.00 %),394400,930320300,30770,72601800,392494697,1.95
23/04/2020,-32020,-74490000,0(0.00 %),260000,597800000,292020,672290000,392065237,2.0
24/04/2020,420760,936416600,0(0.00 %),421530,938164500,770,1747900,392105957,1.99
27/04/2020,-135710,-315760000,0(0.00 %),14350,34730000,150060,350490000,391784977,2.03
28/04/2020,-65720,-158390000,0(0.00 %),130610,325400000,196330,483790000,391946387,2.02
29/04/2020,-482720,-1173880000,0(0.00 %),9580,23670000,492300,1197550000,391937577,2.02
04/05/2020,218150,557980000,0(0.00 %),296990,755850000,78840,197870000,391790647,2.03
05/05/2020,-91540,-235830000,0(0.00 %),155000,414880000,246540,650710000,391831977,2.03
06/05/2020,-101700,-260290000,0(0.00 %),32030,82340000,133730,342630000,392292247,1.98
07/05/2020,-1397310,-3578629000,0(0.00 %),138390,354111500,1535700,3932740500,393678187,1.82
08/05/2020,349540,937214800,0(0.00 %),436870,1166073900,87330,228859100,393328647,1.86
11/05/2020,50740,134280000,0(0.00 %),117480,305570000,66740,171290000,392058617,2.0
12/05/2020,455730,1195276400,0(0.00 %),535350,1403950100,79620,208673700,392822177,1.91
13/05/2020,52050,132263400,0(0.00 %),214700,574530400,162650,442267000,392770127,1.92
14/05/2020,-306860,-841020000,0(0.00 %),54090,149790000,360950,990810000,392944247,1.91
15/05/2020,-602800,-1626480000,0(0.00 %),14500,39110000,617300,1665590000,393009367,1.9
18/05/2020,112580,298390000,0(0.00 %),123350,326850000,10770,28460000,393048667,1.9
19/05/2020,-836660,-2216030000,0(0.00 %),22050,59620000,858710,2275650000,393387567,1.86
20/05/2020,159020,417670000,0(0.00 %),164830,432950000,5810,15280000,393840037,1.81
21/05/2020,-10660,-24146600,0(0.00 %),93320,248834500,103980,272981100,394255507,1.76
22/05/2020,-6230,-15503500,0(0.00 %),107250,279922500,113480,295426000,394261737,1.76
25/05/2020,65380,180568800,0(0.00 %),255480,694583800,190100,514015000,394196357,1.77
26/05/2020,-443640,-1304290000,0(0.00 %),110000,328500000,553640,1632790000,394253257,1.77
27/05/2020,-271090,-837174800,0(0.00 %),152010,484911900,423100,1322086700,394911087,1.69
28/05/2020,-285730,-953170000,0(0.00 %),215980,735660000,501710,1688830000,394188847,1.78
29/05/2020,-64110,-233500000,0(0.00 %),15040,54110000,79150,287610000,394727447,1.72
01/06/2020,-9380,-36490000,0(0.00 %),0,0,9380,36490000,395150547,1.67
02/06/2020,244370,983570000,0(0.00 %),920580,3646190000,676210,2662620000,394731677,1.72
03/06/2020,255220,1001020000,0(0.00 %),281020,1102390000,25800,101370000,394529807,1.74
04/06/2020,171830,745460000,0(0.00 %),398540,1729280000,226710,983820000,394140647,1.78
05/06/2020,102990,476930000,0(0.00 %),156860,718300000,53870,241370000,394659997,1.73
08/06/2020,-236560,-1173350000,0(0.00 %),900,4450000,237460,1177800000,394684897,1.72
09/06/2020,-36150,-191600000,0(0.00 %),0,0,36150,191600000,394911607,1.7
10/06/2020,-23970,-110430000,0(0.00 %),306430,1729940000,330400,1840370000,394659047,1.73
11/06/2020,-462650,-2734529900,0(0.00 %),26210,155901600,488860,2890431500,395202307,1.66
12/06/2020,842130,4971900000,0(0.00 %),1300140,7616660000,458010,2644760000,393606307,1.84
15/06/2020,-370160,-2256110400,0(0.00 %),676460,4223524000,1046620,6479634400,394730337,1.71
16/06/2020,-814030,-4726095200,0(0.00 %),70540,409442800,884570,5135538000,395544367,1.62
17/06/2020,-196340,-1060130000,0(0.00 %),1010,5440000,197350,1065570000,394135567,1.78
18/06/2020,26000,128960000,0(0.00 %),26000,128960000,0,0,395714707,1.6
19/06/2020,2757030,14071577800,0(0.00 %),2916140,14897233800,159110,825656000,392957677,1.9
22/06/2020,663490,3759343400,0(0.00 %),663850,3761384100,360,2040700,392294187,1.97
23/06/2020,-84330,-479610000,0(0.00 %),265620,1480510000,349950,1960120000,392392497,1.97
24/06/2020,564340,2886567500,0(0.00 %),754210,3844193400,189870,957625900,391814177,2.02
25/06/2020,1421780,7346963600,0(0.00 %),1515360,7827132800,93580,480169200,390392397,2.17
26/06/2020,-602500,-3131264500,0(0.00 %),76410,396071500,678910,3527336000,390994897,2.11
29/06/2020,-1293660,-6035800000,0(0.00 %),658510,3156000000,1952170,9191800000,390101577,2.21
30/06/2020,134630,669350000,0(0.00 %),423400,1962480000,288770,1293130000,389771757,2.25
01/07/2020,647280,2869662900,0(0.00 %),921840,4093712000,274560,1224049100,390450667,2.16
02/07/2020,-244540,-1167450000,0(0.00 %),264820,1254560000,509360,2422010000,391216177,2.09
03/07/2020,-158150,-729923000,0(0.00 %),92610,435410400,250760,1165333400,390853357,2.12
06/07/2020,446970,2063340000,0(0.00 %),655790,3005330000,208820,941990000,391031103,2.11
07/07/2020,-180600,-817741600,0(0.00 %),52110,241221100,232710,1058962700,390586987,2.15
08/07/2020,133150,602069200,0(0.00 %),142260,642471400,9110,40402200,390453837,2.16
09/07/2020,440950,2064550000,0(0.00 %),534720,2501370000,93770,436820000,391270959,2.09
10/07/2020,-332780,-1600750000,0(0.00 %),79410,387930000,412190,1988680000,391424259,2.07
13/07/2020,-263880,-1264700000,0(0.00 %),78280,379980000,342160,1644680000,391355089,2.08
14/07/2020,-151440,-707558100,0(0.00 %),30340,143353600,181780,850911700,390760987,2.13
15/07/2020,-63450,-295890000,0(0.00 %),83090,400240000,146540,696130000,391747619,2.04
16/07/2020,-279580,-1305920000,0(0.00 %),0,0,279580,1305920000,392089779,2.0
17/07/2020,-368630,-1746842700,0(0.00 %),120600,562261800,489230,2309104500,391472647,2.06
20/07/2020,-133210,-651974700,0(0.00 %),38780,188530300,171990,840505000,391605857,2.04
21/07/2020,-194200,-932500000,0(0.00 %),79520,386290000,273720,1318790000,392458779,1.96
22/07/2020,-249080,-1192540000,0(0.00 %),0,0,249080,1192540000,392948009,1.91
23/07/2020,-35530,-159030000,0(0.00 %),39370,182560000,74900,341590000,393080629,1.89
24/07/2020,25670,128130000,0(0.00 %),159850,713030000,134180,584900000,393194499,1.88
27/07/2020,905320,3707234000,0(0.00 %),1014620,4158134500,109300,450900500,391153677,2.09
28/07/2020,-53640,-205612500,0(0.00 %),148940,620833100,202580,826445600,391207317,2.08
29/07/2020,61740,242300000,0(0.00 %),90570,355580000,28830,113280000,392398529,1.97
30/07/2020,256660,997970000,0(0.00 %),326160,1275820000,69500,277850000,392181669,1.99
31/07/2020,638390,2324140000,0(0.00 %),805530,2931160000,167140,607020000,391578719,2.06
03/08/2020,414820,1558611200,0(0.00 %),421820,1585491200,7000,26880000,391607549,2.04
04/08/2020,-494480,-2008050000,0(0.00 %),71940,293060000,566420,2301110000,391183289,2.1
05/08/2020,-259730,-1055350000,0(0.00 %),39510,161600000,299240,1216950000,391310919,2.08
06/08/2020,-237730,-976699100,0(0.00 %),204710,827122600,442440,1803821700,392599489,1.94
07/08/2020,-218970,-881123500,0(0.00 %),0,0,218970,881123500,392818459,1.91
10/08/2020,-85520,-349270000,0(0.00 %),120090,502300000,205610,851570000,391858779,2.03
11/08/2020,-620520,-2677043000,0(0.00 %),40,172900,620560,2677215900,393524499,1.84
12/08/2020,-926920,-3951938200,0(0.00 %),10,42000,926930,3951980200,394451419,1.74
13/08/2020,31060,135290000,0(0.00 %),82420,353060000,51360,217770000,392643329,1.94
14/08/2020,-2151740,-8988853000,0(0.00 %),130,533000,2151870,8989386000,396572099,1.51
17/08/2020,-182460,-745990000,0(0.00 %),28760,118910000,211220,864900000,394161929,1.78
18/08/2020,132070,545172600,0(0.00 %),132070,545172600,0,0,396622489,1.51
19/08/2020,-25060,-100670000,0(0.00 %),56410,235230000,81470,335900000,396176679,1.56
20/08/2020,-491810,-2070253100,0(0.00 %),0,0,491810,2070253100,397139359,1.45
21/08/2020,176200,745640000,0(0.00 %),176200,745640000,0,0,396211699,1.56
24/08/2020,-32900,-152640000,0(0.00 %),132660,573040000,165560,725680000,396160509,1.56
25/08/2020,-359850,-1576000000,0(0.00 %),51240,222690000,411090,1798690000,396601085,1.52
26/08/2020,11930,51500000,0(0.00 %),17650,76270000,5720,24770000,396583435,1.52
27/08/2020,43580,184590000,0(0.00 %),320020,1414790000,276440,1230200000,396428975,1.54
28/08/2020,-312790,-1433253200,0(0.00 %),15150,69543000,327940,1502796200,397613189,1.4
31/08/2020,-33570,-149450500,0(0.00 %),10,44400,33580,149494900,397646759,1.4
01/09/2020,1370,5632200,0(0.00 %),11460,50394800,10090,44762600,397107065,1.46
03/09/2020,-108300,-475371200,0(0.00 %),16580,72852000,124880,548223200,397215365,1.44
04/09/2020,96410,420700700,0(0.00 %),96410,420700700,0,0,397118955,1.45
07/09/2020,-42270,-182865400,0(0.00 %),66320,297561200,108590,480426600,397161225,1.45
08/09/2020,89750,396320000,0(0.00 %),113500,500360000,23750,104040000,397299962,1.44
09/09/2020,135190,596210600,0(0.00 %),183570,807631200,48380,211420600,396936285,1.47
10/09/2020,-92540,-410463600,0(0.00 %),10,44500,92550,410508100,397028825,1.46
11/09/2020,18330,79669600,0(0.00 %),107220,474700000,88890,395030400,397010495,1.47
14/09/2020,-186890,-831620000,0(0.00 %),17610,78490000,204500,910110000,397172952,1.46
15/09/2020,-3350,-14910000,0(0.00 %),20,90000,3370,15000000,397265482,1.45
16/09/2020,-46970,-208040000,0(0.00 %),10000,44400000,56970,252440000,397344372,1.44
17/09/2020,-34000,-150654200,0(0.00 %),25000,110650000,59000,261304200,397281705,1.44
18/09/2020,-54220,-253570000,0(0.00 %),12580,59050000,66800,312620000,397514662,1.42
21/09/2020,-2850,-13089500,0(0.00 %),2050,9450500,4900,22540000,397338775,1.43
22/09/2020,214100,967403800,0(0.00 %),214100,967403800,0,0,397124675,1.45
23/09/2020,10880,49460000,0(0.00 %),10880,49460000,0,0,397473802,1.42
24/09/2020,-59420,-280580000,0(0.00 %),1590,7490000,61010,288070000,397479152,1.42
25/09/2020,-194280,-924480000,0(0.00 %),10,50000,194290,924530000,397479142,1.42
28/09/2020,22030,103860000,0(0.00 %),38000,179220000,15970,75360000,397441142,1.43
29/09/2020,30830,142785100,0(0.00 %),40000,185300000,9170,42514900,397120345,1.45
30/09/2020,104560,477294700,0(0.00 %),104560,477294700,0,0,397015785,1.47
01/10/2020,308420,1401411200,0(0.00 %),309420,1405971200,1000,4560000,397567852,1.41
02/10/2020,17390,79825800,0(0.00 %),17830,81810200,440,1984400,397550462,1.41
05/10/2020,103540,479310000,0(0.00 %),109790,508270000,6250,28960000,397139982,1.46
06/10/2020,-17800,-84800000,0(0.00 %),32630,159230000,50430,244030000,397108352,1.46
07/10/2020,378610,1987348500,0(0.00 %),400000,2100000000,21390,112651500,397086112,1.46
08/10/2020,-171200,-932030000,0(0.00 %),56130,296810000,227330,1228840000,396658918,1.51
09/10/2020,16610,86134000,0(0.00 %),112890,588951900,96280,502817900,397240702,1.44
12/10/2020,160550,850070300,0(0.00 %),183670,971371100,23120,121300800,397080152,1.46
13/10/2020,624740,3253530000,0(0.00 %),630160,3281860000,5420,28330000,396031348,1.58
14/10/2020,1910,10250000,0(0.00 %),53980,279030000,52070,268780000,396073648,1.57
15/10/2020,-158230,-797540000,0(0.00 %),20000,100600000,178230,898140000,396076768,1.57
16/10/2020,-259720,-1283578200,0(0.00 %),7510,37024700,267230,1320602900,396871452,1.48
19/10/2020,238510,1204978300,0(0.00 %),248010,1252983300,9500,48005000,396632942,1.51
20/10/2020,126640,654870000,0(0.00 %),129230,668310000,2590,13440000,395927738,1.59
21/10/2020,-472580,-2446333600,0(0.00 %),16000,82170000,488580,2528503600,396978882,1.47
22/10/2020,-852730,-4347015100,0(0.00 %),224410,1150571100,1077140,5497586200,397831612,1.38
23/10/2020,-582950,-2991910100,0(0.00 %),2500,12800000,585450,3004710100,398414562,1.32
26/10/2020,-55200,-286003900,0(0.00 %),20010,97000800,75210,383004700,398469762,1.31
27/10/2020,159400,763830000,0(0.00 %),290460,1389930000,131060,626100000,397219398,1.45
28/10/2020,-123600,-553650000,0(0.00 %),111150,517320000,234750,1070970000,397692338,1.4
29/10/2020,278480,1271324700,0(0.00 %),512010,2334004700,233530,1062680000,398155482,1.34
30/10/2020,-491610,-2244110000,0(0.00 %),5000,22950000,496610,2267060000,397381598,1.43
02/11/2020,-59190,-283200000,0(0.00 %),500,2400000,59690,285600000,397615848,1.41
03/11/2020,-490480,-2352500000,0(0.00 %),20,100000,490500,2352600000,397849358,1.38
04/11/2020,96300,473772000,0(0.00 %),107300,528362000,11000,54590000,398010528,1.36
05/11/2020,-50700,-245893200,0(0.00 %),1000,4880000,51700,250773200,398061228,1.35
06/11/2020,51330,247543900,0(0.00 %),52260,252054400,930,4510500,398009898,1.36
09/11/2020,142180,688160700,0(0.00 %),157180,759960700,15000,71800000,397867718,1.37
10/11/2020,-172080,-829922400,0(0.00 %),2000,9600000,174080,839522400,398039798,1.36
11/11/2020,-29070,-139423200,0(0.00 %),2000,9620000,31070,149043200,398068868,1.35
12/11/2020,-213870,-1024920000,0(0.00 %),20,100000,213890,1025020000,398653028,1.3
13/11/2020,-86990,-437231000,0(0.00 %),43930,217163600,130920,654394600,398369728,1.32
16/11/2020,-9870,-48520000,0(0.00 %),5500,27340000,15370,75860000,398808748,1.28
17/11/2020,148670,730125700,0(0.00 %),151370,743342700,2700,13217000,398230928,1.34
18/11/2020,41620,203010000,0(0.00 %),78750,385090000,37130,182080000,398923438,1.27
19/11/2020,-98010,-494990200,0(0.00 %),3000,14840000,101010,509830200,398287318,1.33
20/11/2020,-78770,-416529400,0(0.00 %),58880,300111600,137650,716641000,398366088,1.32
23/11/2020,-5990,-28264000,0(0.00 %),68300,353443000,74290,381707000,398372078,1.32
24/11/2020,74240,379720000,0(0.00 %),116820,592990000,42580,213270000,398832655,1.28
25/11/2020,208730,1054050000,0(0.00 %),214730,1084390000,6000,30340000,398755575,1.29
26/11/2020,418600,2167721900,0(0.00 %),490700,2545101500,72100,377379600,398336975,1.32
27/11/2020,-89450,-463680000,0(0.00 %),40510,212320000,129960,676000000,398341235,1.33
30/11/2020,1940,10360000,0(0.00 %),33790,174740000,31850,164380000,398313445,1.33
01/12/2020,373460,1890641700,0(0.00 %),375650,1901701200,2190,11059500,398385545,1.32
02/12/2020,-297290,-1524039700,0(0.00 %),30,154200,297320,1524193900,398682835,1.29
03/12/2020,188310,1003700000,0(0.00 %),195610,1041970000,7300,38270000,397977125,1.37
04/12/2020,-239140,-1348015900,0(0.00 %),91120,515231000,330260,1863246900,398733665,1.28
07/12/2020,194190,1070790000,0(0.00 %),264270,1454960000,70080,384170000,397921245,1.38
08/12/2020,306880,1702920000,0(0.00 %),331240,1837910000,24360,134990000,397597305,1.41
09/12/2020,-227280,-1252350000,0(0.00 %),28820,159200000,256100,1411550000,397898745,1.38
10/12/2020,-233860,-1258420000,0(0.00 %),27510,148090000,261370,1406510000,397941315,1.37
11/12/2020,1080,6550000,0(0.00 %),40000,212640000,38920,206090000,397925675,1.38
14/12/2020,-103540,-552434300,0(0.00 %),8800,47164000,112340,599598300,398796195,1.28
15/12/2020,250550,1383688800,0(0.00 %),251490,1388793000,940,5104200,398545645,1.3
16/12/2020,123850,687844700,0(0.00 %),128620,714883700,4770,27039000,398421795,1.32
17/12/2020,-18370,-104770000,0(0.00 %),32760,187320000,51130,292090000,398172735,1.35
18/12/2020,-338500,-1952850000,0(0.00 %),8690,49920000,347190,2002770000,398164985,1.35
21/12/2020,849390,4971360000,0(0.00 %),876850,5130130000,27460,158770000,397292905,1.44
22/12/2020,487190,2945240000,0(0.00 %),571870,3474020000,84680,528780000,396772165,1.5
23/12/2020,-377760,-2521069200,0(0.00 %),162010,1073390400,539770,3594459600,397819845,1.38
24/12/2020,-21900,-75570000,0(0.00 %),256530,1647310000,278430,1722880000,396728245,1.5
25/12/2020,167020,1160035500,0(0.00 %),355190,2410451400,188170,1250415900,397674725,1.39
28/12/2020,76110,564590000,0(0.00 %),292870,2111280000,216760,1546690000,396704639,1.51
29/12/2020,-922830,-6638181800,0(0.00 %),47830,346461000,970660,6984642800,398521445,1.3
30/12/2020,11070,101150000,0(0.00 %),154960,1110790000,143890,1009640000,396968449,1.48
31/12/2020,884250,6194521900,0(0.00 %),905250,6342874900,21000,148353000,396084199,1.56
04/01/2021,160900,1190883000,0(0.00 %),196800,1459566000,35900,268683000,397053819,1.46
05/01/2021,-775200,-6212102000,0(0.00 %),150600,1142485000,925800,7354587000,397829019,1.38
06/01/2021,-1046700,-8149249000,0(0.00 %),72200,562774000,1118900,8712023000,398875719,1.27
07/01/2021,289700,2284570000,0(0.00 %),668300,5230037000,378600,2945467000,398586019,1.3
08/01/2021,-392000,-3060958000,0(0.00 %),241500,1954576000,633500,5015534000,398978019,1.26
11/01/2021,-714200,-5554810000,0(0.00 %),600,4668000,714800,5559478000,399692219,1.18
12/01/2021,266900,2136948000,0(0.00 %),501700,3984283000,234800,1847335000,399425319,1.21
13/01/2021,-25600,-193210000,0(0.00 %),141100,1156430000,166700,1349640000,399450919,1.21
14/01/2021,-228300,-1818471000,0(0.00 %),61800,500215000,290100,2318686000,399679219,1.18
15/01/2021,-234100,-1959927000,0(0.00 %),159400,1340210000,393500,3300137000,399913319,1.16
18/01/2021,-263200,-2203543000,0(0.00 %),99600,867734000,362800,3071277000,400176519,1.13
19/01/2021,-433000,-3656247000,0(0.00 %),5100,40647000,438100,3696894000,400609519,1.08
20/01/2021,234000,1710413000,0(0.00 %),413800,3093915000,179800,1383502000,400375519,1.11
21/01/2021,-168000,-1323220000,0(0.00 %),31000,240770000,199000,1563990000,400543519,1.09
22/01/2021,-84800,-687893000,0(0.00 %),2400,19402000,87200,707295000,400628319,1.08
25/01/2021,167600,1356998000,0(0.00 %),172200,1393882000,4600,36884000,400460719,1.1
26/01/2021,-205900,-1563816000,0(0.00 %),87900,693402000,293800,2257218000,400666619,1.08
27/01/2021,287500,2099967000,0(0.00 %),388300,2841974000,100800,742007000,400379119,1.11
28/01/2021,519800,3376928000,0(0.00 %),582200,3780656000,62400,403728000,399859319,1.16
29/01/2021,1412800,8748981000,0(0.00 %),1481700,9186693000,68900,437712000,398446519,1.31
01/02/2021,381200,2310667000,0(0.00 %),384200,2328847000,3000,18180000,398515110,1.31
02/02/2021,493000,2797152000,0(0.00 %),540700,3070896000,47700,273744000,398022110,1.36
03/02/2021,-118000,-683124000,0(0.00 %),317100,1822533000,435100,2505657000,398140110,1.35
04/02/2021,-1279000,-7709574000,0(0.00 %),86900,526012000,1365900,8235586000,399419110,1.21
05/02/2021,-294600,-1774257000,0(0.00 %),123000,744104000,417600,2518361000,399713710,1.18
08/02/2021,-497100,-2859099000,0(0.00 %),83500,493772000,580600,3352871000,400210810,1.12
09/02/2021,296500,1693810000,0(0.00 %),486500,2805760000,190000,1111950000,399914310,1.16
17/02/2021,85100,532242000,0(0.00 %),151300,940910000,66200,408668000,399829210,1.17
18/02/2021,-828800,-5414618000,0(0.00 %),26400,172886000,855200,5587504000,400658010,1.08
19/02/2021,-459400,-2975767000,0(0.00 %),23400,149555000,482800,3125322000,401117410,1.03
22/02/2021,-390400,-2529801000,0(0.00 %),8000,51907000,398400,2581708000,401507810,0.99
23/02/2021,20600,132533000,0(0.00 %),61300,390851000,40700,258318000,401487210,0.99
24/02/2021,-104100,-674234000,0(0.00 %),100,635000,104200,674869000,401591310,0.98
25/02/2021,700,4473000,0(0.00 %),700,4473000,0,0,401590610,0.98
26/02/2021,8200,51357000,0(0.00 %),20000,126000000,11800,74643000,401582410,0.98
01/03/2021,259300,1686188000,0(0.00 %),292400,1900963000,33100,214775000,401320550,1.01
02/03/2021,-17000,-111007000,0(0.00 %),1300,8515000,18300,119522000,401337550,1.0
03/03/2021,113400,773981000,0(0.00 %),113400,773981000,0,0,401224150,1.02
04/03/2021,228800,1523955000,0(0.00 %),532500,3595902000,303700,2071947000,400995350,1.04
05/03/2021,327100,2145979000,0(0.00 %),335100,2198251000,8000,52272000,400668250,1.08
08/03/2021,93400,633483000,0(0.00 %),126900,854156000,33500,220673000,400574850,1.09
09/03/2021,105400,710167000,0(0.00 %),109300,736375000,3900,26208000,400469450,1.1
10/03/2021,90300,602779000,0(0.00 %),93000,620754000,2700,17975000,400379150,1.11
11/03/2021,184400,1234275000,0(0.00 %),191400,1281445000,7000,47170000,400194750,1.13
12/03/2021,104100,721189000,0(0.00 %),104600,724631000,500,3442000,400090650,1.14
15/03/2021,252200,1809438000,0(0.00 %),295200,2117198000,43000,307760000,399838450,1.16
16/03/2021,63300,440689000,0(0.00 %),275300,1969828000,212000,1529139000,399775150,1.17
17/03/2021,-3600,-25541000,0(0.00 %),1700,11908000,5300,37449000,399778750,1.17
18/03/2021,-40900,-285953000,0(0.00 %),5000,34980000,45900,320933000,399819650,1.17
19/03/2021,36800,253874000,0(0.00 %),46800,323154000,10000,69280000,399782850,1.17
22/03/2021,-23100,-161916000,0(0.00 %),11400,79254000,34500,241170000,399805950,1.17
23/03/2021,-4700,-32992000,0(0.00 %),0,0,4700,32992000,399810650,1.17
24/03/2021,142200,992538000,0(0.00 %),167200,1164538000,25000,172000000,399668450,1.18
25/03/2021,179800,1231152000,0(0.00 %),187300,1282752000,7500,51600000,399488650,1.2
26/03/2021,-209300,-1344935000,0(0.00 %),25200,159792000,234500,1504727000,399697950,1.18
29/03/2021,-68700,-459577000,0(0.00 %),5500,37895000,74200,497472000,399766650,1.17
30/03/2021,-142600,-993072000,0(0.00 %),268900,1856344000,411500,2849416000,399909250,1.16
31/03/2021,111500,764794000,0(0.00 %),168500,1159564000,57000,394770000,399797750,1.17
01/04/2021,-327700,-2264124000,0(0.00 %),100,690000,327800,2264814000,399081060,1.25
02/04/2021,159200,1149601000,0(0.00 %),188700,1361728000,29500,212127000,398921860,1.26
05/04/2021,200,1346000,0(0.00 %),8700,63641000,8500,62295000,398921660,1.26
06/04/2021,6700,48102000,0(0.00 %),12100,87168000,5400,39066000,398914960,1.26
07/04/2021,4500,32320000,0(0.00 %),4600,33050000,100,730000,398910460,1.26
08/04/2021,127100,956396000,0(0.00 %),142800,1074185000,15700,117789000,398783360,1.28
09/04/2021,-67000,-505212000,0(0.00 %),79900,594540000,146900,1099752000,398850360,1.27
12/04/2021,-51300,-405055000,0(0.00 %),100,790000,51400,405845000,398901660,1.26
13/04/2021,-45600,-360900000,0(0.00 %),151500,1279603000,197100,1640503000,398947260,1.26
14/04/2021,-60000,-476285000,0(0.00 %),75600,665088000,135600,1141373000,399007260,1.25
15/04/2021,-112900,-1017185000,0(0.00 %),31300,291489000,144200,1308674000,399120160,0.0
16/04/2021,74400,656508000,0(0.00 %),103000,903086000,28600,246578000,399045760,1.25
19/04/2021,248600,2036839000,0(0.00 %),254300,2083959000,5700,47120000,398797160,1.28
20/04/2021,397700,3226663000,0(0.00 %),419200,3399724000,21500,173061000,398399460,1.32
22/04/2021,-127200,-977953000,0(0.00 %),17900,141049000,145100,1119002000,398526660,1.3
23/04/2021,1001600,7520731000,0(0.00 %),1017700,7643680000,16100,122949000,397525060,1.41
26/04/2021,-101800,-730752000,0(0.00 %),223300,1646674000,325100,2377426000,397626860,1.4
27/04/2021,533600,3801320000,0(0.00 %),544100,3876910000,10500,75590000,397093260,1.46
28/04/2021,-49600,-364521000,0(0.00 %),14300,104524000,63900,469045000,397142860,1.45
29/04/2021,-660500,-4846392000,0(0.00 %),2300,17001000,662800,4863393000,397803360,1.38
04/05/2021,-825200,-5776835000,0(0.00 %),246300,1736549000,1071500,7513384000,397873150,1.37
05/05/2021,141300,1048944000,0(0.00 %),331300,2444911000,190000,1395967000,397731850,1.39
06/05/2021,-521000,-3929843000,0(0.00 %),1500,11517000,522500,3941360000,398252850,1.33
07/05/2021,-510300,-3713425000,0(0.00 %),600,4425000,510900,3717850000,398763150,1.28
10/05/2021,-88600,-630121000,0(0.00 %),8000,56985000,96600,687106000,398851750,1.27
11/05/2021,194800,1427778000,0(0.00 %),196900,1443148000,2100,15370000,398656950,1.29
12/05/2021,111800,826163000,0(0.00 %),112400,830651000,600,4488000,398545150,1.3
13/05/2021,-311200,-2283248000,0(0.00 %),1500,11095000,312700,2294343000,398856350,1.27
14/05/2021,-336800,-2444576000,0(0.00 %),1100,8049000,337900,2452625000,399193150,1.23
17/05/2021,-167000,-1206927000,0(0.00 %),1000,7195000,168000,1214122000,399360150,1.22
18/05/2021,-9100,-64447000,0(0.00 %),11000,78055000,20100,142502000,399369250,1.21
19/05/2021,7900,56160000,0(0.00 %),40600,286730000,32700,230570000,399361350,1.22
20/05/2021,-11200,-78798000,0(0.00 %),7100,49556000,18300,128354000,399372550,1.21
21/05/2021,-38700,-272472000,0(0.00 %),200,1363000,38900,273835000,399411250,1.21
24/05/2021,68700,500899000,0(0.00 %),73700,537149000,5000,36250000,399342550,1.22
25/05/2021,10400,74564000,0(0.00 %),10400,74564000,0,0,399332150,1.22
26/05/2021,95700,675805000,0(0.00 %),95700,675805000,0,0,399236450,1.23
27/05/2021,2500,17605000,0(0.00 %),2500,17605000,0,0,399233950,1.23
28/05/2021,-24400,-172385000,0(0.00 %),0,0,24400,172385000,399258350,1.23
31/05/2021,5700,39637000,0(0.00 %),6700,46737000,1000,7100000,399252650,1.23
01/06/2021,16600,117184000,0(0.00 %),24600,173184000,8000,56000000,400780064,1.06
02/06/2021,-1000,-7490000,0(0.00 %),0,0,1000,7490000,400781064,1.06
03/06/2021,150800,1149849000,0(0.00 %),283900,2195810000,133100,1045961000,400630264,1.08
04/06/2021,179100,1347669000,0(0.00 %),208800,1569210000,29700,221541000,400451164,1.1
07/06/2021,167800,1284631000,0(0.00 %),167800,1284631000,0,0,400283364,1.12
08/06/2021,-600,-6573000,0(0.00 %),29600,233591000,30200,240164000,400283964,1.12
09/06/2021,13600,105216000,0(0.00 %),15200,117696000,1600,12480000,400270364,1.12
10/06/2021,-57200,-424001000,0(0.00 %),4000,29662000,61200,453663000,400327564,1.11
11/06/2021,68400,512038000,0(0.00 %),70500,527655000,2100,15617000,400259164,1.12
14/06/2021,30400,225843000,0(0.00 %),40400,301143000,10000,75300000,400228764,1.12
15/06/2021,92200,712541000,0(0.00 %),92200,712541000,0,0,400136564,1.13
16/06/2021,-89300,-717355000,0(0.00 %),34000,269400000,123300,986755000,400225864,1.12
17/06/2021,-29800,-239824000,0(0.00 %),0,0,29800,239824000,400255664,1.12
18/06/2021,169100,1350478000,0(0.00 %),178200,1423563000,9100,73085000,400086564,1.14
21/06/2021,-12000,-94255000,0(0.00 %),37100,291732000,49100,385987000,400098564,1.14
22/06/2021,200,435000,0(0.00 %),12300,95652000,12100,95217000,400098364,1.14
23/06/2021,25500,193464000,0(0.00 %),31600,240020000,6100,46556000,400072864,1.14
24/06/2021,29900,225282000,0(0.00 %),29900,225282000,0,0,400042964,1.14
25/06/2021,121200,917714000,0(0.00 %),122100,924554000,900,6840000,399921764,1.16
28/06/2021,-31400,-239658000,0(0.00 %),7300,55437000,38700,295095000,399953164,1.15
29/06/2021,30000,229500000,0(0.00 %),30000,229500000,0,0,399923164,1.16
30/06/2021,700,5266000,0(0.00 %),1300,9790000,600,4524000,399922464,1.16
01/07/2021,9100,68032000,0(0.00 %),18100,134422000,9000,66390000,399930622,1.15
02/07/2021,144300,1096185000,0(0.00 %),144400,1096934000,100,749000,399786322,1.17
05/07/2021,-71700,-11022000,0(0.00 %),12700,0,84400,11022000,399858022,1.16
06/07/2021,1300,3485000,0(0.00 %),27300,191565000,26000,188080000,399856722,1.16
07/07/2021,87400,578295000,0(0.00 %),87700,580290000,300,1995000,399769322,1.17
08/07/2021,2900,24098400,0(0.00 %),4100,24098400,1200,0,399766422,1.17
09/07/2021,57300,351873000,0(0.00 %),65800,407194000,8500,55321000,399709122,1.18
12/07/2021,213900,1232858000,0(0.00 %),271300,1559762000,57400,326904000,399495222,1.2
13/07/2021,170800,981471000,0(0.00 %),185400,1069021000,14600,87550000,399324422,1.22
14/07/2021,62200,371037000,0(0.00 %),166500,1021616000,104300,650579000,399262222,1.23
15/07/2021,163200,1005435000,0(0.00 %),283100,1744117000,119900,738682000,399099022,1.24
16/07/2021,-302600,-1857348000,0(0.00 %),2700,16656000,305300,1874004000,399401622,1.21
19/07/2021,-14500,-85070000,0(0.00 %),5000,29247000,19500,114317000,399416122,1.21
20/07/2021,67600,405607000,0(0.00 %),112600,663057000,45000,257450000,399348522,1.22
21/07/2021,71500,421582000,0(0.00 %),74400,438692000,2900,17110000,399277022,1.22
22/07/2021,108900,659740000,0(0.00 %),119800,726554000,10900,66814000,399168122,1.24
23/07/2021,-112500,-682934000,0(0.00 %),139100,852762000,251600,1535696000,399280622,1.22
26/07/2021,66000,392774000,0(0.00 %),86100,512373000,20100,119599000,399214622,1.23
27/07/2021,-353300,-2154373000,0(0.00 %),3100,18730000,356400,2173103000,399567922,1.19
28/07/2021,-325700,-1992655000,0(0.00 %),0,0,325700,1992655000,399893622,1.16
29/07/2021,-314700,-1954166000,0(0.00 %),600,3720000,315300,1957886000,400208322,1.12
30/07/2021,-273300,-1706276000,0(0.00 %),10000,62200000,283300,1768476000,400481622,1.1
02/08/2021,1700,10636000,0(0.00 %),11500,71525000,9800,60889000,399874735,1.16
03/08/2021,5900,36660000,0(0.00 %),14700,91371000,8800,54711000,399868835,1.16
04/08/2021,86100,513563000,0(0.00 %),380500,2392504000,294400,1878941000,399782735,1.17
05/08/2021,-253600,-1649657000,0(0.00 %),25400,165946000,279000,1815603000,400036335,1.14
06/08/2021,-229700,-1521753000,0(0.00 %),46700,303474000,276400,1825227000,400266035,1.12
09/08/2021,11900,78043000,0(0.00 %),17200,112902000,5300,34859000,400254135,1.12
10/08/2021,-550300,-3598839000,0(0.00 %),5000,32700000,555300,3631539000,400804435,1.06
11/08/2021,108100,699485000,0(0.00 %),108200,700133000,100,648000,400696335,1.07
12/08/2021,136400,886333000,0(0.00 %),136800,888905000,400,2572000,400559935,1.09
13/08/2021,-18700,0,0(0.00 %),300,0,19000,0,400578635,1.09
16/08/2021,-31300,-213303000,0(0.00 %),31800,214580000,63100,427883000,400609935,1.08
17/08/2021,-248100,-1691434000,0(0.00 %),900,6111000,249000,1697545000,401074835,1.03
18/08/2021,-60000,-406200000,0(0.00 %),0,0,60000,406200000,400669935,1.08
19/08/2021,-56000,-375209000,0(0.00 %),4000,26920000,60000,402129000,400725935,1.07
20/08/2021,37000,253731000,0(0.00 %),66000,452362000,29000,198631000,400688935,1.07
23/08/2021,-4400,-28826000,0(0.00 %),3100,20824000,7500,49650000,400693335,1.07
24/08/2021,-33500,-213685000,0(0.00 %),14100,90727000,47600,304412000,400726835,1.07
25/08/2021,-1100,-5633000,0(0.00 %),17400,109261000,18500,114894000,400727935,1.07
26/08/2021,37500,241543000,0(0.00 %),37600,242178000,100,635000,400690435,1.07
27/08/2021,92700,600725000,0(0.00 %),92700,600725000,0,0,400597735,1.08
30/08/2021,1500,10078000,0(0.00 %),42400,276828000,40900,266750000,400596235,1.08
31/08/2021,-35000,-225304000,0(0.00 %),45800,317792000,80800,543096000,400631235,1.08
01/09/2021,-126400,-935829000,0(0.00 %),1600,11737000,128000,947566000,401393295,1.0
06/09/2021,113500,854033000,0(0.00 %),121000,908976000,7500,54943000,401279795,1.01
07/09/2021,-35500,-258221000,0(0.00 %),3300,23820000,38800,282041000,401315295,1.01
08/09/2021,91600,652895000,0(0.00 %),93900,669402000,2300,16507000,401223695,1.02
09/09/2021,28900,205811000,0(0.00 %),28900,205811000,0,0,401194795,1.02
10/09/2021,-80900,-578535000,0(0.00 %),49700,358900000,130600,937435000,401275695,1.01
13/09/2021,-101400,-718097000,0(0.00 %),3000,21370000,104400,739467000,401377095,1.0
14/09/2021,53700,379302000,0(0.00 %),61300,432352000,7600,53050000,401323395,1.01
15/09/2021,82400,600864000,0(0.00 %),82600,602292000,200,1428000,401240995,1.01
16/09/2021,-165900,-1205777000,0(0.00 %),2000,14560000,167900,1220337000,401406895,1.0
17/09/2021,100,720000,0(0.00 %),300,2154000,200,1434000,401406795,1.0
20/09/2021,21800,162919000,0(0.00 %),49700,374938000,27900,212019000,401384995,1.0
21/09/2021,-29000,-228361000,0(0.00 %),15700,121762000,44700,350123000,401413995,1.0
22/09/2021,-283400,-2325960000,0(0.00 %),15300,125842000,298700,2451802000,401697395,0.97
23/09/2021,-184200,-1527269000,0(0.00 %),39400,332505000,223600,1859774000,401881595,0.95
24/09/2021,120900,951927000,0(0.00 %),145200,1143273000,24300,191346000,401760695,0.96
27/09/2021,60100,442373000,0(0.00 %),77800,574453000,17700,132080000,401700595,0.97
28/09/2021,860400,6235340000,0(0.00 %),873400,6328130000,13000,92790000,400840195,1.06
29/09/2021,-147900,-1073781000,0(0.00 %),1700,12274000,149600,1086055000,400988095,1.04
30/09/2021,-14900,-109300000,0(0.00 %),5100,36770000,20000,146070000,401002995,1.04
01/10/2021,-8500,-61017000,0(0.00 %),1250673,8368334370,1259173,8429351370,401039995,1.04
04/10/2021,100,715000,0(0.00 %),100,715000,0,0,401039895,1.04
05/10/2021,-126700,-946730000,0(0.00 %),3900,29484000,130600,976214000,401166595,1.02
06/10/2021,-236400,-1782043000,0(0.00 %),600,4517000,237000,1786560000,401402995,0.0
07/10/2021,75500,589365000,0(0.00 %),91000,706900000,15500,117535000,401327495,0.0
08/10/2021,-206300,-1561768000,0(0.00 %),1000,7700000,207300,1569468000,401533795,0.0
11/10/2021,73900,405859200,0(0.00 %),79900,451291200,6000,45432000,401459895,0.0
12/10/2021,14300,108801000,0(0.00 %),16000,121598000,1700,12797000,401445595,0.0
13/10/2021,-79600,-607538000,0(0.00 %),3000,23151000,82600,630689000,401525195,0.0
14/10/2021,-143700,-1158219000,0(0.00 %),41100,331370000,184800,1489589000,401668895,0.0
15/10/2021,-127900,-1015588000,0(0.00 %),3800,30291000,131700,1045879000,401796795,0.0
18/10/2021,285800,2261697000,0(0.00 %),294600,2331013000,8800,69316000,401510995,0.0
19/10/2021,38100,298236000,0(0.00 %),43100,336636000,5000,38400000,401472895,0.0
20/10/2021,290800,2303472000,0(0.00 %),299200,2370897000,8400,67425000,401182095,0.0
21/10/2021,30700,243793000,0(0.00 %),30700,243793000,0,0,401442195,0.0
22/10/2021,-236000,-1955755000,0(0.00 %),4500,36135000,240500,1991890000,401678195,0.0
25/10/2021,-243300,-2019674000,0(0.00 %),2700,22249000,246000,2041923000,401921495,0.0
26/10/2021,172900,1404369000,0(0.00 %),262400,2126056000,89500,721687000,401748595,0.0
27/10/2021,-1200,-11170000,0(0.00 %),3800,31180000,5000,42350000,401749795,0.0
28/10/2021,246800,2048182000,0(0.00 %),300000,2489365000,53200,441183000,401502995,0.99
29/10/2021,-63100,-539149000,0(0.00 %),97300,823642000,160400,1362791000,401566095,0.98
01/11/2021,-120900,-1117877000,0(0.00 %),230100,2056725000,351000,3174602000,401242580,1.01
02/11/2021,-22600,-209234000,0(0.00 %),3400,30846000,26000,240080000,401265180,1.01
03/11/2021,132500,1121130000,0(0.00 %),234000,2042668000,101500,921538000,401132680,0.0
04/11/2021,297000,1415403000,0(0.00 %),305900,1415403000,8900,0,400968180,0.0
05/11/2021,82000,696997000,0(0.00 %),82700,702940000,700,5943000,401183180,0.0
08/11/2021,427100,3813617000,0(0.00 %),490900,4382165000,63800,568548000,400838080,1.06
09/11/2021,-180100,-1683076000,0(0.00 %),30100,281841000,210200,1964917000,401018180,1.04
10/11/2021,-475600,-4496322400,0(0.00 %),53100,502007400,528700,4998329800,401493780,0.0
11/11/2021,253100,2531065000,0(0.00 %),413200,4159040000,160100,1627975000,400765080,1.07
12/11/2021,259600,2818095000,0(0.00 %),368100,4002750000,108500,1184655000,400505480,1.09
15/11/2021,-261700,-3005885000,0(0.00 %),48200,553270000,309900,3559155000,400767180,1.07
16/11/2021,9800,209010000,0(0.00 %),518400,5654065000,508600,5445055000,400757380,1.07
17/11/2021,127500,1391420000,0(0.00 %),511100,5631180000,383600,4239760000,400629880,1.08
18/11/2021,-43600,-526410000,0(0.00 %),0,0,43600,526410000,400673480,1.08
19/11/2021,-347100,-4382500000,0(0.00 %),334900,4279880000,682000,8662380000,401020580,1.04
22/11/2021,-322800,-3850335000,0(0.00 %),21500,256830000,344300,4107165000,401343380,1.0
23/11/2021,-158600,-1786395000,0(0.00 %),15400,168920000,174000,1955315000,401501980,0.99
24/11/2021,-83700,-957240000,0(0.00 %),44000,498925000,127700,1456165000,401585680,0.98
25/11/2021,-54300,-633735000,0(0.00 %),60200,696575000,114500,1330310000,401639980,0.97
26/11/2021,-810100,-9504150000,0(0.00 %),8100,96320000,818200,9600470000,402450080,0.0
29/11/2021,15700,195119600,0(0.00 %),67100,833918800,51400,638799200,402434380,0.0
30/11/2021,-9300,-128330000,0(0.00 %),94400,1290810000,103700,1419140000,402459380,0.89
01/12/2021,159000,2126420000,0(0.00 %),191300,2553665000,32300,427245000,0,0.0
02/12/2021,33000,439530000,0(0.00 %),33000,439530000,0,0,402554198,0.87
03/12/2021,287100,3816770000,0(0.00 %),352900,4680180000,65800,863410000,402267098,0.91
06/12/2021,203100,2723470000,0(0.00 %),275200,3690990000,72100,967520000,402063998,0.93
07/12/2021,277600,3892415000,0(0.00 %),319700,4474685000,42100,582270000,401786398,0.96
08/12/2021,-310000,-4640870000,0(0.00 %),69400,1037930000,379400,5678800000,402096398,0.92
09/12/2021,-224100,-3344830000,0(0.00 %),18200,270445000,242300,3615275000,402320498,0.0
10/12/2021,-30000,-460155000,0(0.00 %),31600,470595000,61600,930750000,402350498,0.9
13/12/2021,657200,10665280000,0(0.00 %),707200,11475560000,50000,810280000,401693298,0.97
14/12/2021,1546900,26594410000,0(0.00 %),1593500,27395355000,46600,800945000,400146398,0.0
15/12/2021,8400,120445000,0(0.00 %),80900,1331190000,72500,1210745000,400137998,0.0
16/12/2021,-80600,-1378340000,0(0.00 %),256100,4297780000,336700,5676120000,400218598,0.0
17/12/2021,3473800,57388495000,0(0.00 %),5642600,93395110000,2168800,36006615000,396744798,0.0
20/12/2021,-29300,-472420000,0(0.00 %),166500,2722520000,195800,3194940000,396774098,0.0
21/12/2021,-200600,-3406250000,0(0.00 %),40100,685560000,240700,4091810000,396974698,0.0
22/12/2021,-22200,-403770000,0(0.00 %),23300,420085000,45500,823855000,396996898,0.0
23/12/2021,1500,29485000,0(0.00 %),19500,357275000,18000,327790000,396995398,0.0
24/12/2021,190300,3421023100,0(0.00 %),231600,4163473200,41300,742450100,396806598,0.0
27/12/2021,-8000,-140970000,0(0.00 %),10100,175360000,18100,316330000,396721983,1.5
28/12/2021,-17300,-315025000,0(0.00 %),16600,299525000,33900,614550000,396739283,0.0
29/12/2021,-68100,-1196005000,0(0.00 %),100,1760000,68200,1197765000,396768183,1.49
30/12/2021,584300,9896770000,0(0.00 %),614600,10405820000,30300,509050000,396187483,1.55
31/12/2021,95300,1600630000,0(0.00 %),104700,1758390000,9400,157760000,396150983,1.56
04/01/2022,126200,2169770000,0(0.00 %),145400,2499350000,19200,329580000,396035883,1.57
05/01/2022,-498500,-8613760000,0(0.00 %),19000,332410000,517500,8946170000,396026290,1.57
06/01/2022,108600,2355570000,0(0.00 %),442400,8167570000,333800,5812000000,395603090,1.62
07/01/2022,-350600,-6537910000,0(0.00 %),20800,386470000,371400,6924380000,396099790,1.56
10/01/2022,140300,2281766000,0(0.00 %),159600,2581014000,19300,299248000,396273990,1.54
11/01/2022,-269300,-4859800000,0(0.00 %),108100,2021870000,377400,6881670000,396537290,1.52
12/01/2022,-256200,-4325010000,0(0.00 %),37500,632345000,293700,4957355000,396519090,1.52
13/01/2022,-88000,-1478405000,0(0.00 %),81200,1274765000,169200,2753170000,396815340,1.49
14/01/2022,486800,7359790000,0(0.00 %),559600,8507170000,72800,1147380000,396549440,1.51
17/01/2022,-14600,-259595000,0(0.00 %),54300,825230000,68900,1084825000,396664340,1.5
18/01/2022,1373900,19040945000,0(0.00 %),1380100,19125355000,6200,84410000,395357040,1.64
19/01/2022,261800,3249520000,0(0.00 %),564500,7473205000,302700,4223685000,394861440,1.69
20/01/2022,-403400,-5988725000,0(0.00 %),10100,153290000,413500,6142015000,394857540,1.7
21/01/2022,-1340700,-20392195000,0(0.00 %),7100,110735000,1347800,20502930000,395153086,1.66
24/01/2022,-45200,-641510000,0(0.00 %),59100,859330000,104300,1500840000,395507458,1.63
25/01/2022,551400,7532030000,0(0.00 %),768800,10625735000,217400,3093705000,396086458,1.56
26/01/2022,-273000,-3652675200,0(0.00 %),1400,20101200,274400,3672776400,396189358,1.55
27/01/2022,61100,870965000,0(0.00 %),96900,1360820000,35800,489855000,396309858,1.54
28/01/2022,-389500,-5387480000,0(0.00 %),134900,1836385000,524400,7223865000,396449358,1.53
07/02/2022,238900,3488810000,0(0.00 %),239000,3490285000,100,1475000,396246158,1.55
08/02/2022,-315300,-4919110000,0(0.00 %),54500,832690000,369800,5751800000,396716058,1.5
09/02/2022,-264100,-4156715000,0(0.00 %),5300,83930000,269400,4240645000,396710858,1.5
10/02/2022,-322800,-5094300000,0(0.00 %),23500,371435000,346300,5465735000,397057158,1.46
11/02/2022,-3100,-46915000,0(0.00 %),28900,473150000,32000,520065000,397297658,1.44
14/02/2022,-212800,-3520080000,0(0.00 %),7700,127180000,220500,3647260000,397636258,1.4
15/02/2022,8600,138520000,0(0.00 %),8600,138520000,0,0,397659652,1.4
16/02/2022,97700,1647470000,0(0.00 %),107800,1816160000,10100,168690000,397772206,1.38
17/02/2022,-39100,-651595000,0(0.00 %),100,1670000,39200,653265000,397779104,1.38
18/02/2022,-27100,-462100000,0(0.00 %),17600,294060000,44700,756160000,397771604,1.38
21/02/2022,-39400,-684365000,0(0.00 %),46000,779010000,85400,1463375000,397764804,1.39
22/02/2022,-59300,-966340000,0(0.00 %),18000,298300000,77300,1264640000,397791504,1.38
23/02/2022,63000,1059190000,0(0.00 %),63100,1060860000,100,1670000,397813804,1.38
24/02/2022,18500,290425000,0(0.00 %),35600,568595000,17100,278170000,397855504,1.38
25/02/2022,149000,2434735000,0(0.00 %),200100,3262615000,51100,827880000,397655504,1.4
28/02/2022,-25200,-402110000,0(0.00 %),3000,48550000,28200,450660000,397669604,1.4
01/03/2022,23600,383560000,0(0.00 %),42900,695255000,19300,311695000,397677804,1.39
02/03/2022,-159500,-2566675000,0(0.00 %),5500,88075000,165000,2654750000,397700504,1.39
03/03/2022,43900,716435000,0(0.00 %),76300,1231785000,32400,515350000,397643504,1.4
04/03/2022,43400,730350000,0(0.00 %),127400,2150885000,84000,1420535000,397681104,1.39
07/03/2022,93100,1584695000,0(0.00 %),108500,1845240000,15400,260545000,397608504,1.4
08/03/2022,-46700,-778655000,0(0.00 %),4400,73295000,51100,851950000,397688104,1.39
09/03/2022,-20100,-318925000,0(0.00 %),14000,224175000,34100,543100000,397689504,1.39
10/03/2022,-70800,-1147190000,0(0.00 %),1400,22630000,72200,1169820000,397742704,1.39
11/03/2022,5600,89090000,0(0.00 %),9600,153205000,4000,64115000,397767204,1.39
14/03/2022,-92300,-1418700000,0(0.00 %),13000,199905000,105300,1618605000,397826404,1.38
15/03/2022,-5400,-90385000,0(0.00 %),82400,1256500000,87800,1346885000,397748004,1.39
16/03/2022,-9900,-158355000,0(0.00 %),11100,178965000,21000,337320000,397842132,1.38
17/03/2022,3200,52120000,0(0.00 %),3800,61750000,600,9630000,397926132,1.37
18/03/2022,-299100,-4796325000,0(0.00 %),63800,1029445000,362900,5825770000,397883332,1.37
21/03/2022,539600,8839055000,0(0.00 %),541600,8872205000,2000,33150000,397342332,1.43
22/03/2022,-108900,-1796395000,0(0.00 %),67000,1147620000,175900,2944015000,397638232,1.4
23/03/2022,213600,3716655000,0(0.00 %),283500,4924535000,69900,1207880000,397356732,1.43
24/03/2022,131500,2336210000,0(0.00 %),265900,4648490000,134400,2312280000,397266732,1.44
25/03/2022,148000,2606640000,0(0.00 %),152900,2692550000,4900,85910000,397183732,1.45
28/03/2022,-538900,-8912510000,0(0.00 %),34400,581480000,573300,9493990000,397283732,1.44
29/03/2022,302400,5141115000,0(0.00 %),303300,5156225000,900,15110000,396985332,1.47
30/03/2022,-388300,-6423210000,0(0.00 %),75000,1261985000,463300,7685195000,397483632,1.42
31/03/2022,-163100,-2694455000,0(0.00 %),1100,18035000,164200,2712490000,397483432,1.42
01/04/2022,317700,5271920000,0(0.00 %),327800,5436310000,10100,164390000,397618932,1.4
04/04/2022,-248700,-4107900000,0(0.00 %),124500,2132710000,373200,6240610000,397658632,1.4
05/04/2022,-97600,-1676985000,0(0.00 %),6700,113935000,104300,1790920000,397662089,1.4
06/04/2022,-328300,-5491025000,0(0.00 %),400,6760000,328700,5497785000,398034889,1.36
07/04/2022,-121800,-1978455000,0(0.00 %),4400,71860000,126200,2050315000,398156689,0.0
08/04/2022,-85300,-1356835000,0(0.00 %),13100,207120000,98400,1563955000,398450319,1.31
12/04/2022,26400,399670000,0(0.00 %),27500,416475000,1100,16805000,398423919,0.0
13/04/2022,63100,977285000,0(0.00 %),82700,1272560000,19600,295275000,398549019,1.3
14/04/2022,-27900,-436205000,0(0.00 %),2100,33370000,30000,469575000,398563719,1.3
15/04/2022,-4400,-66795000,0(0.00 %),3500,54075000,7900,120870000,398579819,1.3
18/04/2022,-73700,-1077495000,0(0.00 %),18900,271245000,92600,1348740000,398590919,1.3
19/04/2022,-3800,-74275000,0(0.00 %),29000,395990000,32800,470265000,398569819,1.3
20/04/2022,503800,6531250000,0(0.00 %),513200,6652350000,9400,121100000,398064319,0.0
21/04/2022,813600,9570570000,0(0.00 %),830300,9764265000,16700,193695000,397354686,1.43
22/04/2022,163000,1851875000,0(0.00 %),164700,1871310000,1700,19435000,397202886,1.45
25/04/2022,-103600,-1300085000,0(0.00 %),107900,1192560000,211500,2492645000,397111686,1.45
26/04/2022,926000,10285795000,0(0.00 %),926100,10286845000,100,1050000,396187286,1.55
27/04/2022,-255600,-3110050000,0(0.00 %),300,3735000,255900,3113785000,396398486,1.53
28/04/2022,-1175700,-15115175000,0(0.00 %),6000,77800000,1181700,15192975000,396392586,1.53
29/04/2022,-128600,-1688945000,0(0.00 %),4200,54830000,132800,1743775000,396644286,1.5
04/05/2022,-36100,-429635000,0(0.00 %),83700,1050455000,119800,1480090000,397742286,1.39
05/05/2022,-150700,-1841955000,0(0.00 %),113800,1414890000,264500,3256845000,397892986,0.0
06/05/2022,134300,1551165000,0(0.00 %),196300,2267265000,62000,716100000,397684786,1.39
09/05/2022,102000,1096500000,0(0.00 %),184200,1980150000,82200,883650000,397765086,1.39
10/05/2022,630100,7246150000,0(0.00 %),655100,7533650000,25000,287500000,397171986,1.45
11/05/2022,-445400,-5160165000,0(0.00 %),3200,37015000,448600,5197180000,397617386,0.0
12/05/2022,-313900,-3559995000,0(0.00 %),800,8720000,314700,3568715000,397931286,0.0
13/05/2022,3300,49860000,0(0.00 %),111100,1178445000,107800,1128585000,397615666,1.4
16/05/2022,88000,910800000,0(0.00 %),97900,1013265000,9900,102465000,397832466,1.38
17/05/2022,367800,4064190000,0(0.00 %),367800,4064190000,0,0,397575466,1.41
18/05/2022,-143300,-1590630000,0(0.00 %),23100,256410000,166400,1847040000,397562266,1.41
19/05/2022,97600,1083360000,0(0.00 %),98300,1091130000,700,7770000,397463966,1.42
20/05/2022,236000,2678600000,0(0.00 %),307100,3485585000,71100,806985000,397323266,1.43
23/05/2022,-114000,-1276800000,0(0.00 %),9300,104160000,123300,1380960000,397317666,1.43
24/05/2022,-172900,-1953770000,0(0.00 %),100,1130000,173000,1954900000,397388666,1.43
25/05/2022,88100,1061605000,0(0.00 %),98100,1182105000,10000,120500000,397413866,1.42
26/05/2022,-166600,-1999200000,0(0.00 %),27700,332400000,194300,2331600000,397559166,1.41
27/05/2022,-164800,-2002320000,0(0.00 %),2200,26730000,167000,2029050000,397566966,1.41
30/05/2022,-217500,-2631750000,0(0.00 %),700,8470000,218200,2640220000,397760566,1.39
31/05/2022,1362600,16828110000,0(0.00 %),1460900,18042115000,98300,1214005000,396466666,1.52
01/06/2022,-81900,-982800000,0(0.00 %),43200,518400000,125100,1501200000,396641666,1.5
02/06/2022,-13300,-161595000,0(0.00 %),20000,243000000,33300,404595000,396719966,1.5
03/06/2022,-75600,-903420000,0(0.00 %),35400,423030000,111000,1326450000,396809666,1.49
06/06/2022,-6100,-59000000,0(0.00 %),69000,833440000,75100,892440000,396773966,1.49
07/06/2022,0,0,0(0.00 %),0,0,0,0,396884266,1.48
08/06/2022,271800,3248010000,0(0.00 %),276400,3302980000,4600,54970000,396683063,1.5
09/06/2022,-19000,-227050000,0(0.00 %),32100,383595000,51100,610645000,396925463,1.47
10/06/2022,92400,1136520000,0(0.00 %),105000,1291500000,12600,154980000,396825063,1.49
13/06/2022,-291700,-3339965000,0(0.00 %),5500,62975000,297200,3402940000,396870663,1.48
14/06/2022,-413000,-4687550000,0(0.00 %),1500,17025000,414500,4704575000,396881763,1.48
15/06/2022,-192800,-2043680000,0(0.00 %),200,2120000,193000,2045800000,397178749,1.45
16/06/2022,-14300,-149435000,0(0.00 %),0,0,14300,149435000,397593249,1.4
17/06/2022,-24600,-239112000,0(0.00 %),4800,46656000,29400,285768000,397781449,1.38
20/06/2022,-159800,-1485800000,0(0.00 %),17000,153700000,176800,1639500000,397778749,1.38
21/06/2022,29600,248936000,0(0.00 %),40400,339764000,10800,90828000,397767749,1.39
22/06/2022,7100,61131000,0(0.00 %),7100,61131000,0,0,397940449,1.37
23/06/2022,90500,830790000,0(0.00 %),93800,861084000,3300,30294000,397857449,1.38
24/06/2022,-100,-892000,0(0.00 %),0,0,100,892000,397857449,1.38
27/06/2022,5000,41500000,0(0.00 %),5000,41500000,0,0,397855754,1.38
28/06/2022,800,6176000,0(0.00 %),800,6176000,0,0,397855054,1.38
29/06/2022,-12000,-48191000,0(0.00 %),290400,2332756000,302400,2380947000,397564654,1.41
30/06/2022,-164900,-1258187000,0(0.00 %),0,0,164900,1258187000,397564654,1.41
01/07/2022,63400,464088000,0(0.00 %),100900,738588000,37500,274500000,397766154,1.39
04/07/2022,65800,492192000,0(0.00 %),120000,880370000,54200,388178000,397846254,1.38
05/07/2022,-238000,-1832600000,0(0.00 %),32100,247170000,270100,2079770000,397819954,1.38
06/07/2022,-38700,-277866000,0(0.00 %),21200,152216000,59900,430082000,397852954,1.38
07/07/2022,253300,1722440000,0(0.00 %),350400,2382720000,97100,660280000,397772654,1.38
08/07/2022,-445400,3435120000,0(0.00 %),3200,3559680000,448600,124560000,398218054,1.34
11/07/2022,477100,3435120000,0(0.00 %),494400,3559680000,17300,124560000,396816554,1.49
12/07/2022,105400,811580000,0(0.00 %),190600,1467620000,85200,656040000,396630454,1.51
13/07/2022,-165500,-1276005000,0(0.00 %),7000,53970000,172500,1329975000,396640754,1.51
14/07/2022,206800,1517912000,0(0.00 %),216800,1591312000,10000,73400000,396509154,1.52
15/07/2022,112900,828686000,0(0.00 %),146400,1074576000,33500,245890000,396535254,1.52
18/07/2022,341100,2544606000,0(0.00 %),365900,2729614000,24800,185008000,396179354,1.55
19/07/2022,-53000,-390080000,0(0.00 %),104900,772064000,157900,1162144000,396107954,1.56
20/07/2022,348000,2613480000,0(0.00 %),358800,2694588000,10800,81108000,395773954,1.6
21/07/2022,101900,759155000,0(0.00 %),185300,1380485000,83400,621330000,395750054,1.6
22/07/2022,90500,990850000,0(0.00 %),93800,1017670000,3300,26820000,395624254,1.61
25/07/2022,-204000,-1474920000,0(0.00 %),6100,44103000,210100,1519023000,395705054,1.6
26/07/2022,-56000,-399280000,0(0.00 %),10100,72013000,66100,471293000,395698554,1.61
27/07/2022,74600,540104000,0(0.00 %),89100,645084000,14500,104980000,395819554,1.59
28/07/2022,338100,2522226000,0(0.00 %),340800,2542368000,2700,20142000,395544854,1.62
29/07/2022,-43100,-320233000,0(0.00 %),14200,105506000,57300,425739000,395545154,1.62
01/08/2022,19900,149648000,0(0.00 %),68500,515120000,48600,365472000,395479354,1.63
02/08/2022,282400,2270496000,0(0.00 %),320200,2574408000,37800,303912000,395216454,1.66
03/08/2022,-83700,-688014000,0(0.00 %),61600,506352000,145300,1194366000,395203454,1.66
04/08/2022,-112600,-903052000,0(0.00 %),111200,891824000,223800,1794876000,395130054,1.67
05/08/2022,222800,1795768000,0(0.00 %),314600,2535676000,91800,739908000,394960754,1.68
08/08/2022,-453500,-3628000000,0(0.00 %),45000,360000000,498500,3988000000,395139554,1.67
09/08/2022,-10900,-88835000,0(0.00 %),27800,226570000,38700,315405000,395203554,1.66
10/08/2022,26700,219207000,0(0.00 %),38300,314443000,11600,95236000,395663800,1.61
11/08/2022,-107100,-863226000,0(0.00 %),47100,379626000,154200,1242852000,395655400,1.61
12/08/2022,147600,1202940000,0(0.00 %),173600,1414840000,26000,211900000,395493400,1.63
15/08/2022,-150600,-1233414000,0(0.00 %),6700,54873000,157300,1288287000,395640900,1.61
16/08/2022,87200,723760000,0(0.00 %),96100,797630000,8900,73870000,395570800,1.62
17/08/2022,-35800,-291412000,0(0.00 %),16900,137566000,52700,428978000,395711200,1.6
18/08/2022,29600,239464000,0(0.00 %),162100,1311389000,132500,1071925000,395558000,1.62
19/08/2022,-245500,-1978730000,0(0.00 %),3400,27404000,248900,2006134000,395607300,1.62
22/08/2022,-402400,-3142744000,0(0.00 %),17000,132770000,419400,3275514000,395722800,1.6
23/08/2022,41100,328800000,0(0.00 %),45900,367200000,4800,38400000,395925800,1.58
24/08/2022,-17900,-141410000,0(0.00 %),30700,242530000,48600,383940000,396314500,1.54
25/08/2022,1100,8833000,0(0.00 %),1100,8833000,0,0,396318295,1.54
26/08/2022,-134800,-1059528000,0(0.00 %),8400,66024000,143200,1125552000,396358495,1.54
29/08/2022,-429800,-3141838000,0(0.00 %),37500,274125000,467300,3415963000,396366895,1.53
30/08/2022,-615000,-4360350000,0(0.00 %),33000,233970000,648000,4594320000,396477095,1.52
31/08/2022,-409000,-2863000000,0(0.00 %),33500,234500000,442500,3097500000,396910895,1.48
05/09/2022,-524500,-3587580000,0(0.00 %),46000,314640000,570500,3902220000,397512895,1.41
06/09/2022,-221700,-1445484000,0(0.00 %),36400,237328000,258100,1682812000,397918995,1.37
07/09/2022,174200,1057394000,0(0.00 %),174200,1057394000,0,0,398315295,1.33
08/09/2022,25900,152292000,0(0.00 %),53800,316344000,27900,164052000,398519595,1.3
09/09/2022,-116900,-671006000,0(0.00 %),33100,189994000,150000,861000000,398489995,1.31
12/09/2022,-64600,-671006000,0(0.00 %),47400,189994000,112000,861000000,398470495,1.31
13/09/2022,-57001,-66705800,0(0.00 %),4100,0,61101,66705800,398616395,1.29
14/09/2022,170595,-66705800,0(0.00 %),170600,0,5,66705800,398557795,1.3
15/09/2022,-21300,1040629500,0(0.00 %),7100,1040660000,28400,30500,0,1.3
16/09/2022,-740185,-4226456350,0(0.00 %),1100,6281000,741285,4232737350,398610701,1.3
19/09/2022,-146900,-787384000,0(0.00 %),17100,91656000,164000,879040000,398757601,0.0
20/09/2022,148794,834734340,0(0.00 %),162500,911625000,13706,76890660,399200786,1.23
21/09/2022,11800,66080000,0(0.00 %),16800,94080000,5000,28000000,399347986,1.22
22/09/2022,111000,632700000,0(0.00 %),181200,1032840000,70200,400140000,399180492,1.23
23/09/2022,34593,197871960,0(0.00 %),47600,272272000,13007,74400040,399137892,1.24
26/09/2022,-47600,-255612000,0(0.00 %),39500,212115000,87100,467727000,399168592,1.24
27/09/2022,-3900,-20943000,0(0.00 %),24600,132102000,28500,153045000,399160499,1.24
28/09/2022,-79000,-424230000,0(0.00 %),25300,135861000,104300,560091000,399222299,1.23
29/09/2022,-121500,-641520000,0(0.00 %),3400,17952000,124900,659472000,399247399,1.23
30/09/2022,23800,123760000,0(0.00 %),66100,343720000,42300,219960000,399285599,1.22
03/10/2022,17900,86636000,0(0.00 %),58200,281688000,40300,195052000,399352299,1.22
04/10/2022,222900,1007508000,0(0.00 %),231400,1045928000,8500,38420000,399163199,1.24
05/10/2022,311200,1478200000,0(0.00 %),321200,1525700000,10000,47500000,398882299,1.27
06/10/2022,93700,422587000,0(0.00 %),93700,422587000,0,0,398797099,1.28
07/10/2022,312100,1310820000,0(0.00 %),312100,1310820000,0,0,398494999,1.31
10/10/2022,375200,1575840000,0(0.00 %),375200,1575840000,0,0,398126799,1.35
11/10/2022,67467,263795970,0(0.00 %),96200,376142000,28733,112346030,398030599,1.36
12/10/2022,346200,1405572000,0(0.00 %),346200,1405572000,0,0,397684399,1.39
13/10/2022,166481,685901720,0(0.00 %),166500,685980000,19,78280,397546632,1.41
14/10/2022,159059,676000750,0(0.00 %),159100,676175000,41,174250,397387532,1.43
17/10/2022,100400,426700000,0(0.00 %),109200,464100000,8800,37400000,397278351,1.44
18/10/2022,131500,575970000,0(0.00 %),131500,575970000,0,0,397146892,1.45
19/10/2022,69600,307400000,0(0.00 %),75100,331604000,5500,24204000,397077292,1.46
20/10/2022,-65400,-279975000,0(0.00 %),0,0,65400,279975000,397145992,1.45
21/10/2022,34700,140972000,0(0.00 %),34700,140972000,0,0,397045892,1.46
24/10/2022,74800,282862000,0(0.00 %),86000,327190000,11200,44328000,396976592,1.47
25/10/2022,217000,810785000,0(0.00 %),217000,810785000,0,0,396759592,1.49
26/10/2022,78800,292237000,0(0.00 %),84400,313081000,5600,20844000,396734992,1.5
27/10/2022,183500,681043000,0(0.00 %),183500,681043000,0,0,396557092,1.51
28/10/2022,93600,366912000,0(0.00 %),135900,532728000,42300,165816000,396426792,1.53
31/10/2022,-76100,-283092000,0(0.00 %),13300,49476000,89400,332568000,396413492,1.53
01/11/2022,-7800,-28860000,0(0.00 %),2800,10360000,10600,39220000,396452992,1.53
02/11/2022,51650,192138000,0(0.00 %),75300,280116000,23650,87978000,396467092,1.52
03/11/2022,-38400,-141312000,0(0.00 %),0,0,38400,141312000,396477692,1.52
04/11/2022,-45210,-158235000,0(0.00 %),46200,161700000,91410,319935000,396455142,1.52
07/11/2022,-65800,-214508000,0(0.00 %),0,0,65800,214508000,396493542,1.52
08/11/2022,106000,338140000,0(0.00 %),107100,341649000,1100,3509000,396477852,1.52
09/11/2022,16700,53273000,0(0.00 %),34300,109417000,17600,56144000,396509352,1.52
10/11/2022,-60500,-179685000,0(0.00 %),10000,29700000,70500,209385000,396500452,1.52
11/11/2022,37400,110330000,0(0.00 %),60700,179065000,23300,68735000,396457352,1.52
14/11/2022,50900,141502000,0(0.00 %),60100,167078000,9200,25576000,396467752,1.52
15/11/2022,113400,293706000,0(0.00 %),113400,293706000,0,0,396377652,1.53
16/11/2022,229900,636823000,0(0.00 %),259900,719923000,30000,83100000,396126952,1.56
17/11/2022,113400,335664000,0(0.00 %),149900,443704000,36500,108040000,395977052,1.58
18/11/2022,-21400,-67410000,0(0.00 %),61300,193095000,82700,260505000,395945752,1.58
21/11/2022,-25600,-83200000,0(0.00 %),99900,324675000,125500,407875000,395882352,1.59
22/11/2022,44194,145840200,0(0.00 %),55100,181830000,10906,35989800,395909952,1.58
23/11/2022,-78100,-239767000,0(0.00 %),9700,29779000,87800,269546000,396025752,1.57
24/11/2022,66500,200830000,0(0.00 %),66500,200830000,0,0,395970158,1.58
25/11/2022,90863,286218450,0(0.00 %),95363,300393450,4500,14175000,395962595,1.58
28/11/2022,0,286218450,0(0.00 %),0,300393450,0,14175000,395962595,1.58
29/11/2022,178000,640800000,0(0.00 %),178500,642600000,500,1800000,395784595,1.6
30/11/2022,-1376730,-5300410500,0(0.00 %),17500,67375000,1394230,5367785500,397161325,1.45
01/12/2022,11200,46032000,0(0.00 %),21300,87543000,10100,41511000,395749795,1.6
02/12/2022,46800,205452000,0(0.00 %),325000,1426750000,278200,1221298000,395702995,1.61
05/12/2022,-70314,-329772660,0(0.00 %),28300,132727000,98614,462499660,395773309,0.0
06/12/2022,-373800,-1682100000,0(0.00 %),131100,589950000,504900,2272050000,396147109,0.0
07/12/2022,75500,335220000,0(0.00 %),136900,607836000,61400,272616000,396071609,0.0
08/12/2022,22300,105925000,0(0.00 %),28600,135850000,6300,29925000,397386439,1.43
09/12/2022,-279300,-1376949000,0(0.00 %),95900,472787000,375200,1849736000,397351939,1.43
12/12/2022,-207386,-958123320,0(0.00 %),104200,481404000,311586,1439527320,396535995,1.52
13/12/2022,126200,565376000,0(0.00 %),171100,766528000,44900,201152000,396409795,1.53
14/12/2022,-76800,-356352000,0(0.00 %),18900,87696000,95700,444048000,396486595,1.52
15/12/2022,-36400,-165256000,0(0.00 %),10600,48124000,47000,213380000,396522995,0.0
16/12/2022,-4892200,-22993340000,0(0.00 %),326100,1532670000,5218300,24526010000,401415195,0.0
19/12/2022,34300,172186000,0(0.00 %),126000,632520000,91700,460334000,401380895,0.0
20/12/2022,-260900,-1218403000,0(0.00 %),23400,109278000,284300,1327681000,401641795,0.97
21/12/2022,-229100,-996585000,0(0.00 %),1500,6525000,230600,1003110000,401870895,0.95
22/12/2022,-63400,-275790000,0(0.00 %),167100,726885000,230500,1002675000,401934295,0.94
23/12/2022,-157900,-647390000,0(0.00 %),34300,140630000,192200,788020000,402092195,0.92
26/12/2022,101600,388112000,0(0.00 %),146200,558484000,44600,170372000,401990595,0.94
27/12/2022,439105,1791548400,0(0.00 %),439200,1791936000,95,387600,401551490,0.98
28/12/2022,-243300,-1014561000,0(0.00 %),14200,59214000,257500,1073775000,401794790,0.0
29/12/2022,-76000,-313880000,0(0.00 %),16500,68145000,92500,382025000,402925620,0.84
30/12/2022,-98700,-399735000,0(0.00 %),5000,20250000,103700,419985000,403178120,0.81
03/01/2023,146100,629691000,0(0.00 %),146200,630122000,100,431000,403031920,0.82
04/01/2023,-97200,-425736000,0(0.00 %),17300,75774000,114500,501510000,403210820,0.81
05/01/2023,-102500,-440750000,0(0.00 %),41900,180170000,144400,620920000,403169020,0.81
06/01/2023,-72200,-296742000,0(0.00 %),2200,9042000,74400,305784000,403281320,0.8
09/01/2023,-28700,-117957000,0(0.00 %),3000,12330000,31700,130287000,403422720,0.78
10/01/2023,29400,120540000,0(0.00 %),106700,437470000,77300,316930000,403390420,0.79
11/01/2023,15300,63342000,0(0.00 %),31100,128754000,15800,65412000,403391020,0.79
12/01/2023,-37847,-156686580,0(0.00 %),0,0,37847,156686580,403468320,0.78
13/01/2023,-79750,-326975000,0(0.00 %),50,205000,79800,327180000,403484070,0.78
16/01/2023,-28200,-113646000,0(0.00 %),7200,29016000,35400,142662000,403514717,0.77
17/01/2023,128540,530870200,0(0.00 %),128600,531118000,60,247800,403465917,0.78
18/01/2023,71600,307880000,0(0.00 %),83100,357330000,11500,49450000,403418217,0.78
19/01/2023,1700,7344000,0(0.00 %),14300,61776000,12600,54432000,403403977,0.78
27/01/2023,59200,262256000,0(0.00 %),82800,366804000,23600,104548000,403332677,0.79
30/01/2023,-53300,-252642000,0(0.00 %),0,0,53300,252642000,403345277,0.79
31/01/2023,-46800,-226044000,0(0.00 %),0,0,46800,226044000,403368877,0.79
01/02/2023,-40100,-180450000,0(0.00 %),0,0,40100,180450000,403422177,0.78
02/02/2023,-60600,-256944000,0(0.00 %),0,0,60600,256944000,403468977,0.78
03/02/2023,-74000,-310800000,0(0.00 %),1000,4200000,75000,315000000,403508077,0.77
06/02/2023,87600,368796000,0(0.00 %),100000,421000000,12400,52204000,403468677,0.78
07/02/2023,-20260,-83471200,0(0.00 %),22100,91052000,42360,174523200,403521577,0.77
08/02/2023,-77100,-316110000,0(0.00 %),66900,274290000,144000,590400000,403467077,0.78
09/02/2023,-40100,-166816000,0(0.00 %),0,0,40100,166816000,403509437,0.77
10/02/2023,101000,414100000,0(0.00 %),118800,487080000,17800,72980000,403534637,0.77
13/02/2023,49300,191284000,0(0.00 %),101500,393820000,52200,202536000,403473237,0.78
14/02/2023,0,191284000,0(0.00 %),0,393820000,0,202536000,403491037,0.78
15/02/2023,46310,188018600,0(0.00 %),65200,264712000,18890,76693400,403478037,0.78
16/02/2023,2411,9957430,0(0.00 %),5511,22760430,3100,12803000,403472526,0.78
17/02/2023,58300,239613000,0(0.00 %),65500,269205000,7200,29592000,403425916,0.78
20/02/2023,50700,220038000,0(0.00 %),56100,243474000,5400,23436000,403372916,0.79
21/02/2023,-37800,-165186000,0(0.00 %),0,0,37800,165186000,403380116,0.79
22/02/2023,3200,13440000,0(0.00 %),13700,57540000,10500,44100000,403371816,0.79
23/02/2023,-35580,-146945400,0(0.00 %),13420,55424600,49000,202370000,403396196,0.79
24/02/2023,306,1276020,0(0.00 %),306,1276020,0,0,403395890,0.79
27/02/2023,30100,122206000,0(0.00 %),43800,177828000,13700,55622000,403411590,0.78
28/02/2023,-13500,-54135000,0(0.00 %),400,1604000,13900,55739000,403411190,0.78
01/03/2023,17700,71862000,0(0.00 %),17700,71862000,0,0,403407190,0.78
02/03/2023,3500,14140000,0(0.00 %),5100,20604000,1600,6464000,403415990,0.78
03/03/2023,-4389,-17599890,0(0.00 %),2,8020,4391,17607910,452497635,0.78
06/03/2023,-39200,-159544000,0(0.00 %),0,0,39200,159544000,452499235,0.78
07/03/2023,-200,-812000,0(0.00 %),200,812000,400,1624000,452503426,0.78
08/03/2023,4600,19044000,0(0.00 %),12000,49680000,7400,30636000,452530626,0.78
09/03/2023,2800,12040000,0(0.00 %),2800,12040000,0,0,452528226,0.78
10/03/2023,-607,-2537260,0(0.00 %),0,0,607,2537260,452535626,0.78
13/03/2023,-11700,-48438000,0(0.00 %),0,0,11700,48438000,452547326,0.0
14/03/2023,-5510,-22150200,0(0.00 %),400,1608000,5910,23758200,452535833,0.78
15/03/2023,-34800,-144420000,0(0.00 %),26200,108730000,61000,253150000,452521333,0.78
16/03/2023,-27459,-111758130,0(0.00 %),0,0,27459,111758130,452527243,0.78
17/03/2023,300,1212000,0(0.00 %),300,1212000,0,0,452587943,0.77
20/03/2023,-26170,-100492800,0(0.00 %),30,115200,26200,100608000,452615372,0.77
21/03/2023,-600,1276020,0(0.00 %),8100,1276020,8700,0,452607272,0.77
22/03/2023,1200,4732000,0(0.00 %),5200,20332000,4000,15600000,452606072,0.0
23/03/2023,0,0,0(0.00 %),0,0,0,0,452606072,0.0
24/03/2023,-400,-1576000,0(0.00 %),5200,20228000,5600,21804000,452606472,0.0
27/03/2023,-40497,-157938300,0(0.00 %),7000,27300000,47497,185238300,452646969,0.0
28/03/2023,2500,9750000,0(0.00 %),5000,19500000,2500,9750000,452644469,0.77
29/03/2023,-17322,-67382580,0(0.00 %),0,0,17322,67382580,452676869,0.76
30/03/2023,-23018,-89540020,0(0.00 %),5300,20617000,28318,110157020,452674069,0.76
31/03/2023,-596300,-2325570000,0(0.00 %),0,0,596300,2325570000,452691391,0.76
03/04/2023,65400,261600000,0(0.00 %),65400,261600000,0,0,452654309,0.77
04/04/2023,34500,137655000,0(0.00 %),34600,138054000,100,399000,453216009,0.71
05/04/2023,34400,141384000,0(0.00 %),35100,144261000,700,2877000,453180909,0.71
06/04/2023,-29410,-120581000,0(0.00 %),600,2460000,30010,123041000,453180409,0.71
07/04/2023,10380,42246600,0(0.00 %),29700,120879000,19320,78632400,453151409,0.71
10/04/2023,103400,421872000,0(0.00 %),103400,421872000,0,0,453078019,0.72
11/04/2023,102580,425707000,0(0.00 %),103000,427450000,420,1743000,452994339,0.73
12/04/2023,-193510,-820482400,0(0.00 %),36500,154760000,230010,975242400,452957839,0.73
13/04/2023,-30181,-125552960,0(0.00 %),22100,91936000,52281,217488960,452936159,0.74
14/04/2023,3900,15834000,0(0.00 %),60000,243600000,56100,227766000,453106169,0.72
17/04/2023,30700,125256000,0(0.00 %),30700,125256000,0,0,453127735,0.72
18/04/2023,72865,292917300,0(0.00 %),94300,379086000,21435,86168700,453089535,0.72
19/04/2023,-5400,-21654000,0(0.00 %),1600,6416000,7000,28070000,453087935,0.72
20/04/2023,-11300,-45291000,0(0.00 %),8600,34654000,19900,79945000,453099235,0.72
21/04/2023,-37500,-150000000,0(0.00 %),5800,23200000,43300,173200000,453101970,0.72
24/04/2023,-17320,-69106800,0(0.00 %),8900,35511000,26220,104617800,453113047,0.72
25/04/2023,-66045,-262198650,0(0.00 %),0,0,66045,262198650,453156347,0.71
26/04/2023,17400,68904000,0(0.00 %),17500,69300000,100,396000,453165067,0.71
27/04/2023,20800,84635000,0(0.00 %),20800,84635000,0,0,453144267,0.71
28/04/2023,2600,10478000,0(0.00 %),2600,10478000,0,0,453141667,0.71
04/05/2023,20000,80600000,0(0.00 %),20000,80600000,0,0,453207812,0.71
05/05/2023,5200,20895000,0(0.00 %),5200,20895000,0,0,453182602,0.71
08/05/2023,57300,234027000,0(0.00 %),57300,234027000,0,0,453125302,0.72
09/05/2023,-106900,-445266000,0(0.00 %),15200,63849000,122100,509115000,453110102,0.72
10/05/2023,-85500,-357977000,0(0.00 %),26800,112560000,112300,470537000,453195602,0.71
11/05/2023,-30900,-133810000,0(0.00 %),4600,20135000,35500,153945000,453200862,0.71
12/05/2023,20500,87370000,0(0.00 %),20500,87370000,0,0,453292662,0.7
15/05/2023,6500,27801000,0(0.00 %),6500,27801000,0,0,453286162,0.7
16/05/2023,-19200,-81585000,0(0.00 %),8800,37312000,28000,118897000,453305362,0.7
17/05/2023,-11000,-47995000,0(0.00 %),0,0,11000,47995000,453316362,0.7
18/05/2023,-105300,-451163000,0(0.00 %),0,0,105300,451163000,453421662,0.68
19/05/2023,-123600,-520245000,0(0.00 %),3000,12450000,126600,532695000,453545262,0.67
22/05/2023,64000,269827000,0(0.00 %),67400,284056000,3400,14229000,453481262,0.68
23/05/2023,42900,182937000,0(0.00 %),44700,190587000,1800,7650000,453438362,0.68
24/05/2023,3200,3477000,0(0.00 %),46000,197689000,42800,194212000,453435162,0.68
25/05/2023,-167500,-782192000,0(0.00 %),200,931000,167700,783123000,453602662,0.67
26/05/2023,1200,13119000,0(0.00 %),56000,262853000,54800,249734000,453601462,0.67
29/05/2023,33900,158061000,0(0.00 %),58100,274097000,24200,116036000,453567562,0.67
30/05/2023,-42800,-209776000,0(0.00 %),8000,39359000,50800,249135000,453610362,0.66
31/05/2023,53600,260399000,0(0.00 %),93400,470035000,39800,209636000,453556762,0.67
01/06/2023,173200,972340000,0(0.00 %),202200,1136360000,29000,164020000,453501930,0.68
02/06/2023,-57600,-341867000,0(0.00 %),18500,104881000,76100,446748000,453559530,0.67
05/06/2023,-32300,-181646000,0(0.00 %),4100,22956000,36400,204602000,453591830,0.67
06/06/2023,277700,1591794000,0(0.00 %),282700,1620644000,5000,28850000,453314130,0.7
07/06/2023,256200,1562621000,0(0.00 %),272200,1659331000,16000,96710000,453057930,0.72
08/06/2023,-1000,-6390000,0(0.00 %),500,3045000,1500,9435000,453058930,0.72
09/06/2023,-237900,-1358337000,0(0.00 %),116000,668109000,353900,2026446000,453296830,0.7
12/06/2023,-127000,-733187000,0(0.00 %),119200,695247000,246200,1428434000,453423830,0.68
13/06/2023,-96900,-602468000,0(0.00 %),0,0,96900,602468000,453520730,0.67
14/06/2023,-398000,-2604890000,0(0.00 %),63000,391316000,461000,2996206000,453918730,0.63
15/06/2023,-18000,-111935000,0(0.00 %),6500,39550000,24500,151485000,453936730,0.63
16/06/2023,-107800,-622828000,0(0.00 %),12100,69008000,119900,691836000,453817720,0.64
19/06/2023,48200,265386000,0(0.00 %),48200,265386000,0,0,453794020,0.65
20/06/2023,97700,524405000,0(0.00 %),144900,784295000,47200,259890000,453696320,0.66
21/06/2023,13000,71539000,0(0.00 %),19700,108741000,6700,37202000,453749290,0.65
22/06/2023,-62700,-353635000,0(0.00 %),0,0,62700,353635000,453811990,0.64
23/06/2023,-134400,-769922000,0(0.00 %),5800,33263000,140200,803185000,453946390,0.63
26/06/2023,-25800,-144646000,0(0.00 %),4200,23098000,30000,167744000,453855998,0.64
27/06/2023,-600,-3372000,0(0.00 %),0,0,600,3372000,453856598,0.64
28/06/2023,-5800,-32089000,0(0.00 %),700,3849000,6500,35938000,453862398,0.64
29/06/2023,1400,7714000,0(0.00 %),1400,7714000,0,0,453860998,0.64
30/06/2023,78800,433487000,0(0.00 %),78800,433487000,0,0,453782198,0.65
03/07/2023,-31700,-175643000,0(0.00 %),19000,101386000,50700,277029000,453952401,0.63
04/07/2023,17300,91222000,0(0.00 %),19300,101702000,2000,10480000,453935101,0.63
05/07/2023,-79800,-420187000,0(0.00 %),27400,146214000,107200,566401000,454014901,0.62
06/07/2023,-64600,-337892000,0(0.00 %),6700,34674000,71300,372566000,453932666,0.63
07/07/2023,84000,424210000,0(0.00 %),94900,479819000,10900,55609000,453944963,0.63
10/07/2023,38400,199252000,0(0.00 %),64600,334450000,26200,135198000,453906563,0.63
11/07/2023,118000,617100000,0(0.00 %),128100,669651000,10100,52551000,453788563,0.65
12/07/2023,-67700,-352242000,0(0.00 %),700,3623000,68400,355865000,453856263,0.64
13/07/2023,-25200,-129813000,0(0.00 %),3000,15450000,28200,145263000,453881463,0.64
14/07/2023,-128400,-690144000,0(0.00 %),38300,201858000,166700,892002000,453897197,0.63
17/07/2023,-12700,-69172000,0(0.00 %),10100,54748000,22800,123920000,453909897,0.63
18/07/2023,-32800,-178702000,0(0.00 %),1100,5944000,33900,184646000,453942697,0.63
19/07/2023,-13800,-74108000,0(0.00 %),6800,36204000,20600,110312000,454096897,0.61
20/07/2023,55800,295260000,0(0.00 %),58400,308988000,2600,13728000,454041097,0.62
21/07/2023,-5400,-29039000,0(0.00 %),1300,6972000,6700,36011000,454046497,0.62
24/07/2023,-31400,-178025000,0(0.00 %),17400,95342000,48800,273367000,454076905,0.61
25/07/2023,-48500,-282187000,0(0.00 %),8800,50849000,57300,333036000,454074805,0.62
26/07/2023,-10100,-58509000,0(0.00 %),9200,52652000,19300,111161000,454084905,0.61
27/07/2023,1100,6302000,0(0.00 %),1100,6302000,0,0,454083805,0.61
28/07/2023,19700,113288000,0(0.00 %),41800,242359000,22100,129071000,454064105,0.62
31/07/2023,-17400,-103078000,0(0.00 %),9900,57965000,27300,161043000,454081505,0.61
01/08/2023,20200,116517000,0(0.00 %),21500,124031000,1300,7514000,454138325,0.61
02/08/2023,160700,919096000,0(0.00 %),160700,919096000,0,0,453977625,0.63
03/08/2023,-7100,-40370000,0(0.00 %),6900,39290000,14000,79660000,453984725,0.62
04/08/2023,117000,674324000,0(0.00 %),196200,1132811000,79200,458487000,453803782,0.64
07/08/2023,-151000,-883927000,0(0.00 %),4000,23377000,155000,907304000,453954782,0.63
08/08/2023,17900,111824000,0(0.00 %),65000,404200000,47100,292376000,453936882,0.63
09/08/2023,-215400,-1354213000,0(0.00 %),1900,11708000,217300,1365921000,454152282,0.61
10/08/2023,71000,436545000,0(0.00 %),85000,523796000,14000,87251000,454081282,0.61
11/08/2023,100400,599717000,0(0.00 %),106900,638317000,6500,38600000,453980882,0.63
14/08/2023,104300,633233000,0(0.00 %),111500,677333000,7200,44100000,453956185,0.63
15/08/2023,-33900,-220917000,0(0.00 %),400,2520000,34300,223437000,453962285,0.63
16/08/2023,-111900,-730531000,0(0.00 %),10200,65717000,122100,796248000,453959285,0.63
17/08/2023,-9400,-65299000,0(0.00 %),34700,222916000,44100,288215000,453968685,0.63
18/08/2023,82300,497310000,0(0.00 %),141500,861608000,59200,364298000,453939495,0.63
21/08/2023,419000,2340158000,0(0.00 %),429800,2401129000,10800,60971000,453553645,0.67
22/08/2023,123100,685778000,0(0.00 %),130300,726875000,7200,41097000,453482545,0.68
23/08/2023,-14200,-81919000,0(0.00 %),16000,91035000,30200,172954000,453477345,0.68
24/08/2023,-115600,-658333000,0(0.00 %),3100,17503000,118700,675836000,453592945,0.67
25/08/2023,-172000,-993736000,0(0.00 %),6700,38528000,178700,1032264000,453505033,0.68
28/08/2023,-73900,-423358000,0(0.00 %),18500,106596000,92400,529954000,453578933,0.67
29/08/2023,-45500,-265128000,0(0.00 %),8600,50025000,54100,315153000,453775337,0.65
30/08/2023,-46200,-272142000,0(0.00 %),13000,75565000,59200,347707000,453821537,0.64
31/08/2023,-97800,-571696000,0(0.00 %),12300,72018000,110100,643714000,453896707,0.63
05/09/2023,-1000,-6034000,0(0.00 %),1600,9600000,2600,15634000,453954307,0.63
06/09/2023,-9100,-56227000,0(0.00 %),6500,39868000,15600,96095000,453963407,0.63
07/09/2023,-4100,-25141000,0(0.00 %),7000,43235000,11100,68376000,454053507,0.62
08/09/2023,9800,60943000,0(0.00 %),21500,135711000,11700,74768000,454047607,0.62
11/09/2023,3600,20943000,0(0.00 %),16900,105690000,13300,84747000,454041807,0.62
12/09/2023,68500,412012000,0(0.00 %),70500,424189000,2000,12177000,453983007,0.62
13/09/2023,6100,37366000,0(0.00 %),9400,57811000,3300,20445000,453986915,0.62
14/09/2023,5200,30235000,0(0.00 %),12500,73805000,7300,43570000,453976415,0.63
15/09/2023,-9200,-50126000,0(0.00 %),73000,433922000,82200,484048000,453906715,0.63
18/09/2023,0,0,0(0.00 %),0,0,0,0,453906715,0.63
19/09/2023,4500,24872000,0(0.00 %),9300,53256000,4800,28384000,453898315,0.63
20/09/2023,-41500,-238450000,0(0.00 %),1500,8583000,43000,247033000,453939815,0.63
21/09/2023,-35300,-206406000,0(0.00 %),5400,31364000,40700,237770000,453975115,0.63
22/09/2023,2400,12649000,0(0.00 %),10800,60060000,8400,47411000,454006715,0.62
25/09/2023,-6300,-37061000,0(0.00 %),300,1747000,6600,38808000,454047115,0.62
26/09/2023,601400,3545173000,0(0.00 %),610600,3599679000,9200,54506000,453444915,0.68
27/09/2023,382000,2249054000,0(0.00 %),403000,2377125000,21000,128071000,453062915,0.72
28/09/2023,-233500,-1395533000,0(0.00 %),0,0,233500,1395533000,453296415,0.7
29/09/2023,-16600,-101168000,0(0.00 %),0,0,16600,101168000,453078759,0.72
02/10/2023,9100,55224000,0(0.00 %),9100,55224000,0,0,453303159,0.7
03/10/2023,26800,152830000,0(0.00 %),26800,152830000,0,0,453292959,0.7
04/10/2023,12000,66420000,0(0.00 %),12000,66420000,0,0,453280959,0.7
05/10/2023,-6700,-38574000,0(0.00 %),500,2839000,7200,41413000,453280459,0.7
06/10/2023,2300,12979000,0(0.00 %),2300,12979000,0,0,453278159,0.7
09/10/2023,4900,27907000,0(0.00 %),4900,27907000,0,0,453273259,0.7
10/10/2023,-4200,-24441000,0(0.00 %),0,0,4200,24441000,453280459,0.7
11/10/2023,-400,-2377000,0(0.00 %),700,4036000,1100,6413000,453279759,0.7
12/10/2023,-40800,-250691000,0(0.00 %),0,0,40800,250691000,453284107,0.7
13/10/2023,13400,82027000,0(0.00 %),15800,96643000,2400,14616000,453269407,0.7
16/10/2023,28000,175842000,0(0.00 %),45000,282602000,17000,106760000,453265207,0.7
17/10/2023,45400,270608000,0(0.00 %),45800,273048000,400,2440000,453221807,0.71
18/10/2023,-4700,-29264000,0(0.00 %),11100,62302000,15800,91566000,453227767,0.71
19/10/2023,9200,52199000,0(0.00 %),17300,96587000,8100,44388000,453210914,0.71
20/10/2023,-57800,-318078000,0(0.00 %),1900,10583000,59700,328661000,453224814,0.71
23/10/2023,-2400,-13520000,0(0.00 %),0,0,2400,13520000,453232914,0.7
24/10/2023,-38200,-214062000,0(0.00 %),0,0,38200,214062000,453271114,0.7
25/10/2023,25500,144484000,0(0.00 %),27500,155784000,2000,11300000,453292614,0.7
26/10/2023,-616900,-3319566000,0(0.00 %),112100,593462000,729000,3913028000,453193614,0.71
27/10/2023,-709500,-3704137000,0(0.00 %),19500,104080000,729000,3808217000,453176114,0.71
30/10/2023,-258900,-1372990000,0(0.00 %),196000,988003000,454900,2360993000,453709220,0.65
31/10/2023,-251200,-1265884000,0(0.00 %),45000,217819000,296200,1483703000,454393326,0.58
01/11/2023,71500,339512000,0(0.00 %),72000,341924000,500,2412000,454776324,0.54
02/11/2023,7700,37605000,0(0.00 %),10100,49801000,2400,12196000,454768624,0.54
03/11/2023,-19600,-101574000,0(0.00 %),24900,128563000,44500,230137000,454788224,0.54
06/11/2023,-50900,-265014000,0(0.00 %),20400,104432000,71300,369446000,454839124,0.53
07/11/2023,12100,61297000,0(0.00 %),34400,174935000,22300,113638000,454827024,0.54
08/11/2023,96400,500822000,0(0.00 %),181200,940814000,84800,439992000,454920224,0.53
09/11/2023,75000,406430000,0(0.00 %),140100,761765000,65100,355335000,454802424,0.54
10/11/2023,-69700,-384293000,0(0.00 %),4500,24574000,74200,408867000,454882724,0.53
13/11/2023,700,4173000,0(0.00 %),65000,354192000,64300,350019000,454882824,0.53
14/11/2023,-56600,-308557000,0(0.00 %),4300,23264000,60900,331821000,454938624,0.52
15/11/2023,-159800,-895996000,0(0.00 %),1600,8912000,161400,904908000,455098424,0.51
16/11/2023,0,0,0(0.00 %),0,0,0,0,455098424,0.51
17/11/2023,-95200,-565302000,0(0.00 %),41900,247191000,137100,812493000,455184324,0.5
20/11/2023,-63700,-385030000,0(0.00 %),12500,73980000,76200,459010000,455179524,0.5
21/11/2023,-362100,-2162809000,0(0.00 %),0,0,362100,2162809000,455316624,0.48
22/11/2023,-55300,-326835000,0(0.00 %),18100,105985000,73400,432820000,455374724,0.48
23/11/2023,57500,338693000,0(0.00 %),60900,358889000,3400,20196000,455317224,0.48
24/11/2023,28500,158079000,0(0.00 %),34000,189715000,5500,31636000,455288724,0.49
27/11/2023,-500,-2670000,0(0.00 %),4600,26910000,5100,29580000,455289224,0.49
28/11/2023,-54400,-310623000,0(0.00 %),2900,16407000,57300,327030000,455343624,0.48
29/11/2023,0,0,0(0.00 %),0,0,0,0,455343624,0.48
30/11/2023,-348000,-2143680000,0(0.00 %),0,0,348000,2143680000,455691624,0.44
01/12/2023,-14000,-87865000,0(0.00 %),1600,10041000,15600,97906000,455779195,0.43
04/12/2023,726300,4711099000,0(0.00 %),812900,5263479000,86600,552380000,455052895,0.51
05/12/2023,333100,2266511000,0(0.00 %),474300,3252735000,141200,986224000,454719795,0.55
06/12/2023,1006100,6986633000,0(0.00 %),1101100,7642293000,95000,655660000,453713695,0.65
07/12/2023,-61900,-475186000,0(0.00 %),130600,928575000,192500,1403761000,453775595,0.65
08/12/2023,202600,1452986000,0(0.00 %),202600,1452986000,0,0,453572995,0.67
11/12/2023,389500,2808792000,0(0.00 %),482700,3491748000,93200,682956000,453183495,0.71
12/12/2023,-302300,-2205156000,0(0.00 %),3300,23965000,305600,2229121000,453485795,0.68
13/12/2023,67300,469961000,0(0.00 %),106800,753374000,39500,283413000,453418495,0.69
14/12/2023,436000,3074007000,0(0.00 %),509300,3597002000,73300,522995000,452982495,0.73
15/12/2023,737000,5280694000,0(0.00 %),754500,5406177000,17500,125483000,452245495,0.81
18/12/2023,-368000,-2693391000,0(0.00 %),15200,111649000,383200,2805040000,452613495,0.77
19/12/2023,-54700,-401299000,0(0.00 %),29300,204605000,84000,605904000,452668195,0.77
20/12/2023,-59100,-390777000,0(0.00 %),120600,787972000,179700,1178749000,452727295,0.76
21/12/2023,168400,1089527000,0(0.00 %),347900,2265195000,179500,1175668000,452558895,0.78
22/12/2023,-417700,-2769438000,0(0.00 %),1000,6584000,418700,2776022000,452976595,0.73
25/12/2023,78900,516332000,0(0.00 %),100400,656450000,21500,140118000,452897695,0.74
26/12/2023,55000,361841000,0(0.00 %),79900,526822000,24900,164981000,452842695,0.75
27/12/2023,-378800,-2549075000,0(0.00 %),1400,9406000,380200,2558481000,453221495,0.71
28/12/2023,-217400,-1457278000,0(0.00 %),21700,145962000,239100,1603240000,453438895,0.68
29/12/2023,-58700,-381200000,0(0.00 %),1400,9005000,60100,390205000,453497595,0.68
02/01/2024,-12800,-83264000,0(0.00 %),2900,18838000,15700,102102000,453796736,0.64
03/01/2024,135300,892284000,0(0.00 %),161700,1062424000,26400,170140000,453425223,0.68
04/01/2024,-314800,-2090738000,0(0.00 %),1100,7290000,315900,2098028000,453740023,0.65
05/01/2024,-127100,-837382000,0(0.00 %),2400,15659000,129500,853041000,453867123,0.64
08/01/2024,-3000,-19692000,0(0.00 %),1100,7184000,4100,26876000,453870123,0.64
09/01/2024,-16900,-111785000,0(0.00 %),3300,21649000,20200,133434000,454174720,0.6
10/01/2024,-111500,-728918000,0(0.00 %),5200,34136000,116700,763054000,454173632,0.6
11/01/2024,4500,29389000,0(0.00 %),6400,41726000,1900,12337000,454187424,0.6
12/01/2024,-372400,-2382715000,0(0.00 %),2500,15911000,374900,2398626000,454363523,0.58
15/01/2024,-276400,-1738792000,0(0.00 %),200,1280000,276600,1740072000,454303360,0.59
16/01/2024,41900,260672000,0(0.00 %),53300,332492000,11400,71820000,454624960,0.56
17/01/2024,-148100,-937088000,0(0.00 %),3700,23444000,151800,960532000,454897900,0.53
18/01/2024,-15000,-92236000,0(0.00 %),63400,392276000,78400,484512000,454761123,0.54
19/01/2024,-72900,-458166000,0(0.00 %),7600,48306000,80500,506472000,454834023,0.53
22/01/2024,-67500,-417285000,0(0.00 %),20200,125627000,87700,542912000,454901523,0.53
23/01/2024,-28600,-178445000,0(0.00 %),17300,107279000,45900,285724000,454930123,0.52
24/01/2024,47300,297743000,0(0.00 %),62600,393533000,15300,95790000,454882823,0.53
25/01/2024,-42300,-265851000,0(0.00 %),8800,55264000,51100,321115000,454925123,0.52
26/01/2024,-28900,-180571000,0(0.00 %),4800,30098000,33700,210669000,454954023,0.52
29/01/2024,65300,411408000,0(0.00 %),68600,432198000,3300,20790000,455166720,0.5
30/01/2024,-181100,-1127278000,0(0.00 %),206100,1292521000,387200,2419799000,454994300,0.52
31/01/2024,40800,267353000,0(0.00 %),308300,2010280000,267500,1742927000,454689300,0.55
01/02/2024,145400,972884000,0(0.00 %),261100,1723387000,115700,750503000,454689312,0.55
02/02/2024,-297300,-1973596000,0(0.00 %),18600,123566000,315900,2097162000,454815424,0.54
05/02/2024,-330600,-2138888000,0(0.00 %),5200,32987000,335800,2171875000,455056112,0.51
06/02/2024,-52417,-335102950,0(0.00 %),59500,376211000,111917,711313950,455431200,0.47
07/02/2024,60500,382558000,0(0.00 %),78200,494469000,17700,111911000,455688800,0.44
15/02/2024,189000,1206847000,0(0.00 %),197900,1263704000,8900,56857000,455602800,0.45
16/02/2024,154170,997947000,0(0.00 %),162400,1051147000,8230,53200000,455458144,0.47
19/02/2024,51600,335348000,0(0.00 %),51700,336002000,100,654000,455415328,0.47
20/02/2024,-41800,-272527000,0(0.00 %),24900,162347000,66700,434874000,455398656,0.47
21/02/2024,-34900,-228225000,0(0.00 %),38700,250609000,73600,478834000,455360064,0.48
22/02/2024,651700,4409595000,0(0.00 %),671800,4545259000,20100,135664000,455360064,0.48
23/02/2024,-404300,-2644741000,0(0.00 %),14300,94361000,418600,2739102000,454482559,0.57
26/02/2024,-65080,-423072800,0(0.00 %),53000,338689000,118080,761761800,454781344,0.54
27/02/2024,-682400,-4279268000,0(0.00 %),227700,1383368000,910100,5662636000,455230039,0.49
28/02/2024,-160411,-993520760,0(0.00 %),700,4324000,161111,997844760,455390450,0.47
29/02/2024,-110500,-681603000,0(0.00 %),500,3085000,111000,684688000,455999232,0.41
01/03/2024,-25300,-155188000,0(0.00 %),17800,107977000,43100,263165000,455981439,0.41
04/03/2024,-7400,-46695000,0(0.00 %),29500,183676000,36900,230371000,455988839,0.41
05/03/2024,900,5582000,0(0.00 %),900,5582000,0,0,456266240,0.38
06/03/2024,-6300,-39030000,0(0.00 %),2400,14963000,8700,53993000,455994239,0.41
07/03/2024,-3310,-20423500,0(0.00 %),5300,32648000,8610,53071500,455997549,0.41
08/03/2024,-81700,-508584000,0(0.00 %),2100,12965000,83800,521549000,456079249,0.4
11/03/2024,-21300,-132530000,0(0.00 %),1200,7346000,22500,139876000,456100549,0.4
12/03/2024,-30800,-188179000,0(0.00 %),2400,14570000,33200,202749000,456388864,0.37
13/03/2024,45700,276349000,0(0.00 %),67600,409273000,21900,132924000,456343873,0.37
14/03/2024,3600,21924000,0(0.00 %),4600,28023000,1000,6099000,456340273,0.37
15/03/2024,-2000,-12242000,0(0.00 %),0,0,2000,12242000,456342273,0.37
18/03/2024,7700,43131000,0(0.00 %),91800,552199000,84100,509068000,456303584,0.38
19/03/2024,-4200,-25380000,0(0.00 %),100,597000,4300,25977000,456305472,0.38
20/03/2024,23200,138716000,0(0.00 %),23200,138716000,0,0,456315573,0.38
21/03/2024,135700,820829000,0(0.00 %),168200,1018410000,32500,197581000,456179873,0.39
22/03/2024,57600,353208000,0(0.00 %),78900,483622000,21300,130414000,456122273,0.4
25/03/2024,-98200,-597037000,0(0.00 %),14900,90741000,113100,687778000,456141248,0.39
26/03/2024,-83100,-500944000,0(0.00 %),59300,357854000,142400,858798000,456384373,0.37
27/03/2024,268300,1636661000,0(0.00 %),408400,2497512000,140100,860851000,455807936,0.43
28/03/2024,-98100,-601570000,0(0.00 %),0,0,98100,601570000,455950336,0.42
29/03/2024,-103500,-628648000,0(0.00 %),3300,20067000,106800,648715000,456087136,0.4
01/04/2024,-408500,-2459606000,0(0.00 %),26300,158062000,434800,2617668000,456158944,0.39
02/04/2024,22800,136705000,0(0.00 %),30000,179813000,7200,43108000,456064333,0.4
03/04/2024,13000,78319000,0(0.00 %),17300,104241000,4300,25922000,456653248,0.34
04/04/2024,-2100,-12971000,0(0.00 %),10700,63432000,12800,76403000,456053433,0.4
05/04/2024,-16800,-99764000,0(0.00 %),20600,120324000,37400,220088000,456633472,0.34
08/04/2024,8900,49201000,0(0.00 %),21400,122108000,12500,72907000,456061333,0.4
09/04/2024,114900,649610000,0(0.00 %),126000,712640000,11100,63030000,455946433,0.42
10/04/2024,100,571000,0(0.00 %),100,571000,0,0,455946333,0.42
11/04/2024,57900,329783000,0(0.00 %),57900,329783000,0,0,456501856,0.36
12/04/2024,-86400,-491392000,0(0.00 %),0,0,86400,491392000,456501856,0.36
15/04/2024,68600,350277000,0(0.00 %),105900,560608000,37300,210331000,455906233,0.42
16/04/2024,177700,893809000,0(0.00 %),234400,1187070000,56700,293261000,455728533,0.44
17/04/2024,30200,154306000,0(0.00 %),30200,154306000,0,0,455876033,0.42
19/04/2024,118900,569062000,0(0.00 %),183900,891355000,65000,322293000,455757133,0.44
22/04/2024,205300,1025268000,0(0.00 %),353400,1760859000,148100,735591000,455774464,0.43
23/04/2024,-50300,-251293000,0(0.00 %),2300,11592000,52600,262885000,455837152,0.43
24/04/2024,182600,913241000,0(0.00 %),254100,1269683000,71500,356442000,455419533,0.47
25/04/2024,-89400,-449182000,0(0.00 %),70700,350479000,160100,799661000,455508933,0.46
26/04/2024,45100,223346000,0(0.00 %),46800,231829000,1700,8483000,455737760,0.44
02/05/2024,291700,1468519000,0(0.00 %),300000,1509936000,8300,41417000,455597856,0.45
03/05/2024,-176300,-888625000,0(0.00 %),16900,85078000,193200,973703000,455582656,0.45
06/05/2024,98200,496599000,0(0.00 %),113100,572241000,14900,75642000,455477856,0.47
07/05/2024,-28100,-141240000,0(0.00 %),45100,227699000,73200,368939000,455625952,0.45
08/05/2024,-1700,-9092000,0(0.00 %),58400,289896000,60100,298988000,455582464,0.45
09/05/2024,-64600,-325098000,0(0.00 %),29700,148350000,94300,473448000,455626000,0.45
10/05/2024,-100800,-503165000,0(0.00 %),9000,44680000,109800,547845000,455677100,0.44
13/05/2024,90300,453404000,0(0.00 %),250900,1291163000,160600,837759000,455520480,0.46
14/05/2024,-246500,-1291448000,0(0.00 %),1200,6224000,247700,1297672000,456167265,0.39
15/05/2024,-19400,-101897000,0(0.00 %),3400,17673000,22800,119570000,456186665,0.39
16/05/2024,-117300,-610713000,0(0.00 %),1000,5196000,118300,615909000,456303965,0.38
17/05/2024,387100,2006450000,0(0.00 %),438300,2271483000,51200,265033000,455617568,0.45
20/05/2024,406600,2172786000,0(0.00 %),420200,2245378000,13600,72592000,455315648,0.48
21/05/2024,-112200,-594283000,0(0.00 %),22700,120243000,134900,714526000,455344160,0.48
22/05/2024,-103400,-545902000,0(0.00 %),23500,124252000,126900,670154000,455334272,0.48
23/05/2024,-229100,-1206351000,0(0.00 %),21700,113542000,250800,1319893000,455447520,0.47
24/05/2024,103700,548634000,0(0.00 %),253700,1379338000,150000,830704000,455733965,0.44
27/05/2024,-305700,-1769803000,0(0.00 %),10700,61167000,316400,1830970000,455560832,0.46
28/05/2024,-47900,-276434000,0(0.00 %),40600,226892000,88500,503326000,455670240,0.45
29/05/2024,65700,380587000,0(0.00 %),280700,1601442000,215000,1220855000,455705920,0.44
30/05/2024,-75300,-433126000,0(0.00 %),42700,242148000,118000,675274000,455751744,0.44
31/05/2024,-191500,-1086509000,0(0.00 %),0,0,191500,1086509000,455966720,0.41
03/06/2024,-106000,-601471000,0(0.00 %),300,1686000,106300,603157000,455966733,0.41
04/06/2024,-14700,-83099000,0(0.00 %),3300,18546000,18000,101645000,455981433,0.41
05/06/2024,-19600,-119098000,0(0.00 %),102200,580484000,121800,699582000,456001033,0.41
06/06/2024,13200,73815000,0(0.00 %),27700,156395000,14500,82580000,456267033,0.38
07/06/2024,-200,-1144000,0(0.00 %),800,4496000,1000,5640000,456388033,0.37
10/06/2024,-66700,-381953000,0(0.00 %),36300,208494000,103000,590447000,456454733,0.36
11/06/2024,-16600,-96925000,0(0.00 %),19600,108192000,36200,205117000,456267033,0.38
12/06/2024,4600,25208000,0(0.00 %),4600,25208000,0,0,456446033,0.36
13/06/2024,0,0,0(0.00 %),0,0,0,0,456482233,0.36
14/06/2024,-12100,-66574000,0(0.00 %),500,2736000,12600,69310000,456481733,0.36
17/06/2024,1200,6017000,0(0.00 %),5000,26293000,3800,20276000,456513633,0.36
18/06/2024,23386,123723360,0(0.00 %),27700,146391000,4314,22667640,456498533,0.36
19/06/2024,15200,79343000,0(0.00 %),15300,79868000,100,525000,456487033,0.36
20/06/2024,-1300,-6759000,0(0.00 %),2000,10500000,3300,17259000,456489347,0.36
21/06/2024,-8700,-45695000,0(0.00 %),0,0,8700,45695000,456489447,0.36
24/06/2024,411100,2256646000,0(0.00 %),454800,2496709000,43700,240063000,456037947,0.41
25/06/2024,-4200,-23982000,0(0.00 %),2800,15988000,7000,39970000,456043847,0.41
26/06/2024,55900,300326000,0(0.00 %),80900,438326000,25000,138000000,456006647,0.41
27/06/2024,-85900,-475554000,0(0.00 %),36900,199715000,122800,675269000,455976747,0.41
28/06/2024,-78700,-419054000,0(0.00 %),48200,255581000,126900,674635000,455953547,0.41
04/07/2024,2100,10915000,0(0.00 %),3900,20398000,1800,9483000,456079947,0.0
05/07/2024,-47400,-240444000,0(0.00 %),271100,1329087000,318500,1569531000,456127347,0.0
08/07/2024,-58800,-285817000,0(0.00 %),52400,248624000,111200,534441000,456186147,0.0
09/07/2024,9400,44537000,0(0.00 %),11300,53562000,1900,9025000,456176747,0.0
10/07/2024,-206000,-958715000,0(0.00 %),15300,70201000,221300,1028916000,456382747,0.0
11/07/2024,354300,1580222000,0(0.00 %),367700,1640162000,13400,59940000,456028447,0.0
12/07/2024,2500,10976000,0(0.00 %),10500,46976000,8000,36000000,456025947,0.0
15/07/2024,-2300,-10308000,0(0.00 %),51800,228092000,54100,238400000,456028247,0.0
16/07/2024,120800,479474000,0(0.00 %),385100,1570950000,264300,1091476000,455907447,0.0
17/07/2024,249400,980336000,0(0.00 %),253100,994959000,3700,14623000,455658047,0.0
18/07/2024,612200,2282988000,0(0.00 %),625400,2331848000,13200,48860000,455045847,0.0
19/07/2024,-8500,-33771000,0(0.00 %),6900,26833000,15400,60604000,455054347,0.0
22/07/2024,-239800,-905046000,0(0.00 %),27700,104646000,267500,1009692000,455294147,0.0
23/07/2024,-337800,-1273795000,0(0.00 %),4600,17416000,342400,1291211000,455631947,0.0
24/07/2024,138700,541114000,0(0.00 %),463600,1755368000,324900,1214254000,455493247,0.0
25/07/2024,-25000,-95887000,0(0.00 %),24400,93379000,49400,189266000,455518247,0.0
26/07/2024,-25800,-97669000,0(0.00 %),4300,16240000,30100,113909000,455544047,0.0
29/07/2024,-334200,-1209533000,0(0.00 %),83300,304866000,417500,1514399000,455878247,0.0
30/07/2024,-334200,-1209533000,0(0.00 %),83300,304866000,417500,1514399000,456212447,0.0
31/07/2024,104400,399174000,0(0.00 %),113800,435389000,9400,36215000,456108047,0.0
01/08/2024,-87900,-322011000,0(0.00 %),0,0,87900,322011000,455581158,0.0
02/08/2024,-203700,-731528000,0(0.00 %),6200,22435000,209900,753963000,455784858,0.0
05/08/2024,-238000,-806853000,0(0.00 %),12300,42446000,250300,849299000,456022858,0.0
06/08/2024,547200,1919662000,0(0.00 %),559800,1963098000,12600,43436000,455475658,0.0
07/08/2024,255900,910819000,0(0.00 %),264000,939736000,8100,28917000,455219758,0.0
08/08/2024,-56800,-205043000,0(0.00 %),7000,25480000,63800,230523000,455276558,0.0
09/08/2024,-110500,-400123000,0(0.00 %),21100,75993000,131600,476116000,455387058,0.0
12/08/2024,102500,356676000,0(0.00 %),117100,408483000,14600,51807000,455284558,0.0
13/08/2024,53900,192028000,0(0.00 %),53900,192028000,0,0,455230658,0.0
14/08/2024,99600,358178000,0(0.00 %),126700,455467000,27100,97289000,455131058,0.0
15/08/2024,67600,235205000,0(0.00 %),155300,545020000,87700,309815000,455063458,0.0
16/08/2024,182200,680853000,0(0.00 %),213000,794757000,30800,113904000,454881258,0.0
19/08/2024,-111900,-427311000,0(0.00 %),14300,54406000,126200,481717000,454993158,0.0
20/08/2024,16100,60210000,0(0.00 %),67300,254060000,51200,193850000,454977058,0.0
21/08/2024,-92400,-347205000,0(0.00 %),38100,143598000,130500,490803000,455069458,0.0
22/08/2024,-80500,-314598000,0(0.00 %),235700,930089000,316200,1244687000,455149958,0.0
23/08/2024,-199800,-783857000,0(0.00 %),17000,66465000,216800,850322000,455349758,0.0
26/08/2024,-25900,-98650000,0(0.00 %),82300,314689000,108200,413339000,455375658,0.0
27/08/2024,-11600,-45176000,0(0.00 %),52400,194767000,64000,239943000,455387258,0.0
28/08/2024,-83500,-308980000,0(0.00 %),16200,59852000,99700,368832000,455470758,0.0
29/08/2024,-452100,-1634017000,0(0.00 %),10900,39689000,463000,1673706000,455922858,0.0
30/08/2024,-27700,-99043000,0(0.00 %),8000,28422000,35700,127465000,455950558,0.0
04/09/2024,112100,387298000,0(0.00 %),144100,500910000,32000,113612000,455702652,0.0
05/09/2024,-30000,-105443000,0(0.00 %),3700,13001000,33700,118444000,455732652,0.0
06/09/2024,15000,52022000,0(0.00 %),15000,52022000,0,0,455717652,0.0
09/09/2024,-18200,-63399000,0(0.00 %),19700,67232000,37900,130631000,455735852,0.0
10/09/2024,-100,-456000,0(0.00 %),2500,8550000,2600,9006000,455735952,0.0
11/09/2024,-19800,-67048000,0(0.00 %),15600,52058000,35400,119106000,455755752,0.0
12/09/2024,-13700,-45553000,0(0.00 %),11800,38592000,25500,84145000,455769452,0.0
13/09/2024,17600,57578000,0(0.00 %),18000,58890000,400,1312000,455751852,0.0
16/09/2024,-29400,-95063000,0(0.00 %),20700,67263000,50100,162326000,455781252,0.0
17/09/2024,8000,24160000,0(0.00 %),8000,24160000,0,0,455773252,0.0
18/09/2024,6800,18704000,0(0.00 %),38000,107530000,31200,88826000,455766452,0.0
19/09/2024,-129500,-356796000,0(0.00 %),39200,111574000,168700,468370000,455895952,0.0
20/09/2024,6100,17065000,0(0.00 %),6500,18205000,400,1140000,455889852,0.0
23/09/2024,61000,157380000,0(0.00 %),61000,157380000,0,0,455828852,0.0
24/09/2024,59000,141600000,0(0.00 %),59000,141600000,0,0,455769852,0.0
25/09/2024,17300,35238000,0(0.00 %),118700,272496000,101400,237258000,455752552,0.0
26/09/2024,0,0,0(0.00 %),0,0,0,0,455752552,0.0
27/09/2024,0,0,0(0.00 %),0,0,0,0,455752552,0.0
30/09/2024,0,0,0(0.00 %),0,0,0,0,455752552,0.0
01/10/2024,0,0,0(0.00 %),0,0,0,0,456139279,0.0
02/10/2024,0,0,0(0.00 %),0,0,0,0,456139279,0.0
03/10/2024,0,0,0(0.00 %),0,0,0,0,456139279,0.0
04/10/2024,0,0,0(0.00 %),0,0,0,0,456139279,0.0
07/10/2024,0,0,0(0.00 %),0,0,0,0,456139279,0.0
08/10/2024,0,0,0(0.00 %),0,0,0,0,456139279,0.0
09/10/2024,0,0,0(0.00 %),0,0,0,0,456139279,0.0
10/10/2024,0,0,0(0.00 %),0,0,0,0,456139279,0.0
11/10/2024,0,0,0(0.00 %),0,0,0,0,456139279,0.0
14/10/2024,0,0,0(0.00 %),0,0,0,0,456139279,0.0
15/10/2024,0,0,0(0.00 %),0,0,0,0,456139279,0.0
16/10/2024,0,0,0(0.00 %),0,0,0,0,456139279,0.0
17/10/2024,0,0,0(0.00 %),0,0,0,0,456139279,0.0
18/10/2024,0,0,0(0.00 %),0,0,0,0,456139279,0.0
21/10/2024,0,0,0(0.00 %),0,0,0,0,456139279,0.0
22/10/2024,0,0,0(0.00 %),0,0,0,0,456139279,0.0
23/10/2024,0,0,0(0.00 %),0,0,0,0,456139279,0.0
24/10/2024,0,0,0(0.00 %),0,0,0,0,456139279,0.0
25/10/2024,0,0,0(0.00 %),0,0,0,0,456139279,0.0
28/10/2024,0,0,0(0.00 %),0,0,0,0,456139279,0.0
29/10/2024,0,0,0(0.00 %),0,0,0,0,456139279,0.0
30/10/2024,0,0,0(0.00 %),0,0,0,0,456139279,0.0
31/10/2024,0,0,0(0.00 %),0,0,0,0,456139279,0.0
01/11/2024,0,0,0(0.00 %),0,0,0,0,456139279,0.0
04/11/2024,0,0,0(0.00 %),0,0,0,0,456139279,0.0
05/11/2024,0,0,0(0.00 %),0,0,0,0,456139279,0.0
06/11/2024,0,0,0(0.00 %),0,0,0,0,456139279,0.0
07/11/2024,0,0,0(0.00 %),0,0,0,0,456139279,0.0
08/11/2024,0,0,0(0.00 %),0,0,0,0,456139279,0.0
11/11/2024,0,0,0(0.00 %),0,0,0,0,456139279,0.0
12/11/2024,0,0,0(0.00 %),0,0,0,0,456139279,0.4
13/11/2024,0,0,0(0.00 %),0,0,0,0,456139279,0.0
14/11/2024,0,0,0(0.00 %),0,0,0,0,456139279,0.0
15/11/2024,0,0,0(0.00 %),0,0,0,0,456139279,0.0
18/11/2024,0,0,0(0.00 %),0,0,0,0,456139279,0.0
19/11/2024,0,0,0(0.00 %),0,0,0,0,456139279,0.0
20/11/2024,0,0,0(0.00 %),0,0,0,0,456139279,0.0
21/11/2024,0,0,0(0.00 %),0,0,0,0,456139279,0.0
22/11/2024,0,0,0(0.00 %),0,0,0,0,456139279,0.0
25/11/2024,0,0,0(0.00 %),0,0,0,0,456139279,0.4
26/11/2024,0,0,0(0.00 %),0,0,0,0,456139279,0.4
27/11/2024,0,0,0(0.00 %),0,0,0,0,456139279,0.4
28/11/2024,0,0,0(0.00 %),0,0,0,0,456139279,0.4
29/11/2024,0,0,0(0.00 %),0,0,0,0,456139279,0.4
02/12/2024,0,0,0(0.00 %),0,0,0,0,456139279,0.4
03/12/2024,0,0,0(0.00 %),0,0,0,0,456139279,0.4
04/12/2024,0,0,0(0.00 %),0,0,0,0,456139279,0.4
05/12/2024,0,0,0(0.00 %),0,0,0,0,456139279,0.4
09/12/2024,0,0,0(0.00 %),0,0,0,0,456139279,0.4
10/12/2024,0,0,0(0.00 %),0,0,0,0,456139279,0.4
16/12/2024,0,0,0(0.00 %),0,0,0,0,456139279,0.4
17/12/2024,0,0,0(0.00 %),0,0,0,0,456139279,0.4
18/12/2024,0,0,0(0.00 %),0,0,0,0,456139279,0.4
19/12/2024,0,0,0(0.00 %),0,0,0,0,456139279,0.4
20/12/2024,0,0,0(0.00 %),0,0,0,0,456139279,0.4
24/12/2024,0,0,0(0.00 %),0,0,0,0,456139279,0.4
25/12/2024,0,0,0(0.00 %),0,0,0,0,456139279,0.4
26/12/2024,0,0,0(0.00 %),0,0,0,0,456139279,0.4
27/12/2024,0,0,0(0.00 %),0,0,0,0,456139279,0.4
30/12/2024,0,0,0(0.00 %),0,0,0,0,456139279,0.4
31/12/2024,0,0,0(0.00 %),0,0,0,0,456139279,0.4
02/01/2025,0,0,0(0.00 %),0,0,0,0,456139279,0.4
03/01/2025,0,0,0(0.00 %),0,0,0,0,456139279,0.4
06/01/2025,0,0,0(0.00 %),0,0,0,0,456139279,0.4
07/01/2025,0,0,0(0.00 %),0,0,0,0,456139279,0.4
08/01/2025,0,0,0(0.00 %),0,0,0,0,456139279,0.4
09/01/2025,0,0,0(0.00 %),0,0,0,0,456139279,0.4
10/01/2025,0,0,0(0.00 %),0,0,0,0,456139279,0.4
13/01/2025,0,0,0(0.00 %),0,0,0,0,456139279,0.4
14/01/2025,0,0,0(0.00 %),0,0,0,0,456139279,0.4
15/01/2025,0,0,0(0.00 %),0,0,0,0,456139279,0.4
16/01/2025,0,0,0(0.00 %),0,0,0,0,456139279,0.0
17/01/2025,0,0,0(0.00 %),0,0,0,0,456139279,0.4
20/01/2025,0,0,0(0.00 %),0,0,0,0,456139279,0.4
21/01/2025,0,0,0(0.00 %),0,0,0,0,456139279,0.4
22/01/2025,0,0,0(0.00 %),0,0,0,0,456139279,0.4
23/01/2025,0,0,0(0.00 %),0,0,0,0,456139279,0.4
24/01/2025,0,0,0(0.00 %),0,0,0,0,456139279,0.4
03/02/2025,0,0,0(0.00 %),0,0,0,0,456139279,0.4
04/02/2025,0,0,0(0.00 %),0,0,0,0,456139279,0.4
05/02/2025,0,0,0(0.00 %),0,0,0,0,456139279,0.4
06/02/2025,0,0,0(0.00 %),0,0,0,0,456139279,0.4
07/02/2025,0,0,0(0.00 %),0,0,0,0,456139279,0.4
10/02/2025,0,0,0(0.00 %),0,0,0,0,456139279,0.4
11/02/2025,0,0,0(0.00 %),0,0,0,0,456139279,0.4
12/02/2025,0,0,0(0.00 %),0,0,0,0,456139279,0.4
13/02/2025,0,0,2.3(0.00 %),0,0,0,0,456139279,0.4
14/02/2025,0,0,2.3(0.00 %),0,0,0,0,456139279,0.4
17/02/2025,0,0,2.3(0.00 %),0,0,0,0,456139279,0.4
18/02/2025,0,0,2.3(0.00 %),0,0,0,0,456139279,0.4
19/02/2025,0,0,2.3(0.00 %),0,0,0,0,456139279,0.4
20/02/2025,0,0,2.3(0.00 %),0,0,0,0,456139279,0.4
21/02/2025,0,0,2.3(0.00 %),0,0,0,0,456139279,0.4
24/02/2025,0,0,2.3(0.00 %),0,0,0,0,456139279,0.4
25/02/2025,0,0,2.3(0.00 %),0,0,0,0,456139279,0.4
26/02/2025,0,0,2.3(0.00 %),0,0,0,0,456139279,0.4
27/02/2025,0,0,2.3(0.00 %),0,0,0,0,456139279,0.4
28/02/2025,0,0,2.3(0.00 %),0,0,0,0,456139279,0.4
03/03/2025,0,0,2.3(0.00 %),0,0,0,0,456139279,0.4
04/03/2025,0,0,2.3(0.00 %),0,0,0,0,456139279,0.4
05/03/2025,0,0,2.3(0.00 %),0,0,0,0,456139279,0.4
06/03/2025,0,0,2.3(0.00 %),0,0,0,0,456139279,0.4
07/03/2025,0,0,2.3(0.00 %),0,0,0,0,456139279,0.4
10/03/2025,0,0,2.3(0.00 %),0,0,0,0,456139279,0.4
11/03/2025,0,0,2.3(0.00 %),0,0,0,0,456139279,0.4
12/03/2025,0,0,2.3(0.00 %),0,0,0,0,456139279,0.4
13/03/2025,0,0,2.3(0.00 %),0,0,0,0,456139279,0.4
14/03/2025,0,0,2.3(0.00 %),0,0,0,0,456139279,0.4
17/03/2025,0,0,0(0.00 %),0,0,0,0,456139279,0.4
18/03/2025,0,0,2.3(0.00 %),0,0,0,0,456139279,0.4
19/03/2025,0,0,2.3(0.00 %),0,0,0,0,456139279,0.4
20/03/2025,0,0,2.3(0.00 %),0,0,0,0,456139279,0.4
21/03/2025,0,0,2.3(0.00 %),0,0,0,0,456139279,0.4
24/03/2025,0,0,2.3(0.00 %),0,0,0,0,456139279,0.4
25/03/2025,0,0,2.3(0.00 %),0,0,0,0,456134989,0.4
26/03/2025,0,0,2.3(0.00 %),0,0,0,0,456134989,0.4
27/03/2025,0,0,2.3(0.00 %),0,0,0,0,456134989,0.4
28/03/2025,0,0,2.3(0.00 %),0,0,0,0,456134989,0.4
31/03/2025,0,0,2.3(0.00 %),0,0,0,0,456134989,0.4
01/04/2025,0,0,2.3(0.00 %),0,0,0,0,456134989,0.4
02/04/2025,0,0,2.3(0.00 %),0,0,0,0,456134989,0.4
03/04/2025,0,0,2.3(0.00 %),0,0,0,0,456134989,0.4
04/04/2025,0,0,2.3(0.00 %),0,0,0,0,456134989,0.4
08/04/2025,0,0,2.3(0.00 %),0,0,0,0,456134989,0.4
09/04/2025,0,0,2.3(0.00 %),0,0,0,0,456134989,0.4
10/04/2025,0,0,2.3(0.00 %),0,0,0,0,456134989,0.4
11/04/2025,0,0,2.3(0.00 %),0,0,0,0,456134989,0.4
14/04/2025,0,0,2.3(0.00 %),0,0,0,0,456134989,0.4
15/04/2025,0,0,2.3(0.00 %),0,0,0,0,456134989,0.4
16/04/2025,0,0,2.3(0.00 %),0,0,0,0,456134989,0.4
17/04/2025,0,0,2.3(0.00 %),0,0,0,0,456134989,0.4
18/04/2025,0,0,2.3(0.00 %),0,0,0,0,456134989,0.4
21/04/2025,0,0,2.3(0.00 %),0,0,0,0,456134989,0.4
22/04/2025,0,0,2.3(0.00 %),0,0,0,0,456134989,0.4
23/04/2025,0,0,2.3(0.00 %),0,0,0,0,456134989,0.4
24/04/2025,0,0,2.3(0.00 %),0,0,0,0,456134989,0.4
25/04/2025,0,0,2.3(0.00 %),0,0,0,0,456134989,0.4
28/04/2025,0,0,2.3(0.00 %),0,0,0,0,456134989,0.4
29/04/2025,0,0,2.3(0.00 %),0,0,0,0,456134989,0.4
05/05/2025,0,0,2.3(0.00 %),0,0,0,0,456134989,0.4
06/05/2025,0,0,2.3(0.00 %),0,0,0,0,456134989,0.4
07/05/2025,0,0,2.3(0.00 %),0,0,0,0,456134989,0.4
08/05/2025,0,0,2.3(0.00 %),0,0,0,0,456134989,0.4
09/05/2025,0,0,2.3(0.00 %),0,0,0,0,456134989,0.4
12/05/2025,0,0,2.3(0.00 %),0,0,0,0,456134989,0.4
13/05/2025,0,0,2.3(0.00 %),0,0,0,0,456134989,0.4
14/05/2025,0,0,2.3(0.00 %),0,0,0,0,456134945,0.4
15/05/2025,0,0,2.3(0.00 %),0,0,0,0,456134945,0.4
16/05/2025,0,0,2.3(0.00 %),0,0,0,0,456134945,0.4
19/05/2025,0,0,2.3(0.00 %),0,0,0,0,456134945,0.4
20/05/2025,0,0,2.3(0.00 %),0,0,0,0,456134945,0.4
21/05/2025,0,0,2.3(0.00 %),0,0,0,0,456134945,0.4
22/05/2025,0,0,2.3(0.00 %),0,0,0,0,456134945,0.4
23/05/2025,0,0,2.3(0.00 %),0,0,0,0,456134945,0.4
26/05/2025,0,0,2.3(0.00 %),0,0,0,0,456134945,0.4
27/05/2025,0,0,2.3(0.00 %),0,0,0,0,456134945,0.4
28/05/2025,0,0,2.3(0.00 %),0,0,0,0,456134945,0.4
29/05/2025,0,0,2.3(0.00 %),0,0,0,0,456134945,0.4
30/05/2025,0,0,2.3(0.00 %),0,0,0,0,456134945,0.4
02/06/2025,0,0,2.3(0.00 %),0,0,0,0,456134945,0.4
03/06/2025,0,0,2.3(0.00 %),0,0,0,0,456134945,0.4
04/06/2025,0,0,2.3(0.00 %),0,0,0,0,456134945,0.4
05/06/2025,0,0,2.3(0.00 %),0,0,0,0,456134945,0.4
06/06/2025,0,0,2.3(0.00 %),0,0,0,0,456134945,0.4
09/06/2025,0,0,2.3(0.00 %),0,0,0,0,456134945,0.4
10/06/2025,0,0,2.3(0.00 %),0,0,0,0,456134945,0.4
11/06/2025,0,0,2.3(0.00 %),0,0,0,0,456134945,0.4
12/06/2025,0,0,2.3(0.00 %),0,0,0,0,456134945,0.4
13/06/2025,0,0,2.3(0.00 %),0,0,0,0,456134945,0.4
16/06/2025,0,0,2.3(0.00 %),0,0,0,0,456134945,0.4
17/06/2025,0,0,2.3(0.00 %),0,0,0,0,456134945,0.4
18/06/2025,0,0,2.3(0.00 %),0,0,0,0,456134945,0.4
19/06/2025,0,0,2.3(0.00 %),0,0,0,0,456134945,0.4
20/06/2025,0,0,2.3(0.00 %),0,0,0,0,456134945,0.4
23/06/2025,0,0,2.3(0.00 %),0,0,0,0,456134945,0.4
24/06/2025,0,0,2.3(0.00 %),0,0,0,0,456134945,0.4
25/06/2025,0,0,2.3(0.00 %),0,0,0,0,456134945,0.4
26/06/2025,0,0,2.3(0.00 %),0,0,0,0,456134945,0.4
27/06/2025,0,0,2.3(0.00 %),0,0,0,0,456134945,0.4
30/06/2025,0,0,2.3(0.00 %),0,0,0,0,456134945,0.4
01/07/2025,0,0,2.3(0.00 %),0,0,0,0,456134945,0.4
02/07/2025,0,0,2.3(0.00 %),0,0,0,0,456134945,0.4
03/07/2025,0,0,2.3(0.00 %),0,0,0,0,456134945,0.4
04/07/2025,0,0,2.3(0.00 %),0,0,0,0,456134945,0.4
07/07/2025,0,0,2.3(0.00 %),0,0,0,0,456134945,0.4
08/07/2025,0,0,2.3(0.00 %),0,0,0,0,456134945,0.4
09/07/2025,0,0,0(0.00 %),0,0,0,0,456134945,0.4
11/07/2025,0,0,0(0.00 %),0,0,0,0,456134945,0.4
14/07/2025,0,0,2.3(0.00 %),0,0,0,0,456134945,0.4
15/07/2025,0,0,2.3(0.00 %),0,0,0,0,456134945,0.4
16/07/2025,0,0,2.3(0.00 %),0,0,0,0,456134945,0.4
17/07/2025,0,0,2.3(0.00 %),0,0,0,0,456134945,0.4
18/07/2025,0,0,2.3(0.00 %),0,0,0,0,456134945,0.4
21/07/2025,0,0,2.3(0.00 %),0,0,0,0,456134945,0.4
22/07/2025,0,0,2.3(0.00 %),0,0,0,0,456134945,0.4
23/07/2025,0,0,2.3(0.00 %),0,0,0,0,456134945,0.4
24/07/2025,0,0,2.3(0.00 %),0,0,0,0,456134945,0.4
25/07/2025,0,0,2.3(0.00 %),0,0,0,0,456134945,0.4
28/07/2025,0,0,2.3(0.00 %),0,0,0,0,456134945,0.4
29/07/2025,0,0,2.3(0.00 %),0,0,0,0,456134945,0.4
30/07/2025,0,0,2.3(0.00 %),0,0,0,0,456134945,0.4
31/07/2025,0,0,2.3(0.00 %),0,0,0,0,456134945,0.4
01/08/2025,0,0,2.3(0.00 %),0,0,0,0,456134945,0.4
04/08/2025,0,0,2.3(0.00 %),0,0,0,0,456134945,0.4
05/08/2025,0,0,2.3(0.00 %),0,0,0,0,456134945,0.4
06/08/2025,0,0,2.3(0.00 %),0,0,0,0,456134945,0.4
07/08/2025,0,0,2.3(0.00 %),0,0,0,0,456134945,0.4
08/08/2025,0,0,2.3(0.00 %),0,0,0,0,456134945,0.4
11/08/2025,0,0,2.3(0.00 %),0,0,0,0,456134945,0.4
12/08/2025,0,0,2.3(0.00 %),0,0,0,0,456134945,0.4
13/08/2025,0,0,2.3(0.00 %),0,0,0,0,456134945,0.4
14/08/2025,0,0,2.3(0.00 %),0,0,0,0,456134945,0.4
15/08/2025,0,0,2.3(0.00 %),0,0,0,0,456134945,0.4
18/08/2025,0,0,2.3(0.00 %),0,0,0,0,456134945,0.4
19/08/2025,0,0,2.3(0.00 %),0,0,0,0,456134945,0.4
20/08/2025,0,0,2.3(0.00 %),0,0,0,0,456134945,0.4
21/08/2025,0,0,2.3(0.00 %),0,0,0,0,456134945,0.4
22/08/2025,0,0,2.3(0.00 %),0,0,0,0,456134945,0.4
25/08/2025,0,0,2.3(0.00 %),0,0,0,0,0,0.0
