Ngay,KLGDRong,GTDGRong,ThayDoi,KLMua,GtMua,KLBan,GtBan,RoomConLai,DangSoHuu
02/07/2018,1548700,40992520000,0(0.00 %),1679700,44466020000,131000,3473500000,607976900,3.25
03/07/2018,-76500,-2122400000,23.1(-12.83 %),123500,3197600000,200000,5320000000,607853400,3.26
04/07/2018,77600,1878580000,24.5(-2.39 %),77600,1878580000,0,0,607775800,3.26
05/07/2018,341000,8216340000,24.1(-0.41 %),341000,8216340000,0,0,607565800,3.28
06/07/2018,6300,144900000,24(-0.41 %),6300,144900000,0,0,607759500,3.26
09/07/2018,6000,147600000,24(1.69 %),6000,147600000,0,0,607753500,3.26
10/07/2018,0,0,23.4(-4.49 %),0,0,0,0,607753500,3.26
11/07/2018,45700,1051100000,23(-3.36 %),45700,1051100000,0,0,607707800,3.27
12/07/2018,0,0,22.7(-1.30 %),0,0,0,0,607707800,3.27
13/07/2018,0,0,22.9(0.88 %),10000,193000000,10000,193000000,607707800,3.27
16/07/2018,0,0,21.7(-3.56 %),0,0,0,0,607707800,3.27
17/07/2018,8400,183500000,23(5.02 %),8400,183500000,0,0,607699400,3.27
18/07/2018,0,0,22.5(-1.75 %),0,0,0,0,607699400,3.27
19/07/2018,24300,551670000,22.8(0.44 %),24300,551670000,0,0,607675100,3.27
20/07/2018,3900,87750000,22.5(-0.88 %),3900,87750000,0,0,607671200,3.27
23/07/2018,31100,715300000,22.9(1.78 %),31100,715300000,0,0,607640100,3.27
24/07/2018,95000,2183000000,22.9(-0.43 %),105000,2413000000,10000,230000000,607535100,3.28
25/07/2018,56500,1288200000,22.8(-0.87 %),56500,1288200000,0,0,607478600,3.28
26/07/2018,200000,4581220000,23(0.88 %),200000,4581220000,0,0,607278600,3.3
27/07/2018,-70000,-1584980000,22.6(-1.31 %),10000,229000000,80000,1813980000,607278600,3.3
30/07/2018,-113400,-2549260000,22.4(-1.75 %),0,0,113400,2549260000,607278600,3.3
31/07/2018,197700,4517790000,19.4(-13.78 %),197700,4517790000,0,0,607080900,0.0
01/08/2018,718000,16516280000,23(0.88 %),718000,16516280000,0,0,606442900,3.36
02/08/2018,650700,14979120000,23(0.00 %),650700,14979120000,0,0,605905600,3.4
03/08/2018,327500,7629250000,23.1(0.43 %),327500,7629250000,0,0,605578100,3.43
06/08/2018,1212700,28274040000,23.8(2.15 %),1212700,28274040000,0,0,604365400,3.52
07/08/2018,681500,16551180000,25.1(7.73 %),681500,16551180000,0,0,603683900,3.57
08/08/2018,1541900,39860210000,25.9(7.92 %),1554900,40195910000,13000,335700000,602129000,3.69
09/08/2018,567700,14381410000,25.5(-1.16 %),567700,14381410000,0,0,601561300,3.73
10/08/2018,76100,1899330000,25.1(-0.79 %),76100,1899330000,0,0,601485200,3.73
13/08/2018,622000,16043160000,25.8(3.61 %),622800,16063800000,800,20640000,600875400,3.78
15/08/2018,781900,22510840000,29(7.41 %),835800,24066020000,53900,1555180000,599226800,3.9
16/08/2018,1116400,32784210000,29.9(3.46 %),1257500,37022820000,141100,4238610000,597970100,4.0
17/08/2018,1078400,33064530000,30.9(5.10 %),1159400,35543380000,81000,2478850000,596810700,4.09
20/08/2018,1016900,30728320000,30(-2.28 %),1047000,31648390000,30100,920070000,595817600,4.16
21/08/2018,632900,18575620000,29.7(-1.98 %),644900,18928830000,12000,353210000,595313800,4.2
22/08/2018,301100,8907080000,29.6(1.37 %),318100,9410690000,17000,503610000,595076700,4.22
23/08/2018,498200,14846900000,30.2(2.03 %),498200,14846900000,0,0,594608600,4.25
27/08/2018,123000,3633150000,29.5(-1.34 %),128000,3780650000,5000,147500000,594388900,4.27
28/08/2018,711000,20585350000,28.9(-2.36 %),733000,21219150000,22000,633800000,593655900,4.32
29/08/2018,103000,2923170000,28.3(-2.08 %),114000,3234210000,11000,311040000,593541900,4.33
30/08/2018,317600,9414900000,29.9(5.28 %),320600,9500930000,3000,86030000,593226300,4.36
31/08/2018,48700,1451720000,29.7(0.34 %),48700,1451720000,0,0,593199600,4.36
04/09/2018,-80400,-251280000,29.9(0.34 %),419600,12523720000,500000,12775000000,593280000,0.0
05/09/2018,143700,4245340000,29.5(-1.01 %),143700,4245340000,0,0,592650300,4.4
07/09/2018,452500,13398070000,29.4(0.00 %),452500,13398070000,0,0,592614400,4.4
12/09/2018,71100,2109080000,29.5(-0.67 %),91100,2697870000,20000,588790000,592301800,4.43
13/09/2018,42600,3185300000,29.5(0.00 %),566800,16669360000,524200,13484060000,0,0.0
14/09/2018,137300,4062730000,29.5(0.34 %),137300,4062730000,0,0,592104700,4.44
17/09/2018,54800,1592890000,29(-2.03 %),54800,1592890000,0,0,592069900,4.44
18/09/2018,106200,4422470000,29.2(0.69 %),616200,17827470000,510000,13405000000,591977900,4.45
19/09/2018,242500,7159660000,29.9(3.10 %),242500,7159660000,0,0,591735400,0.0
20/09/2018,165300,5129250000,31.1(5.42 %),177400,5502730000,12100,373480000,591812600,0.0
21/09/2018,902100,31299790000,33.5(8.06 %),1403400,44542070000,501300,13242280000,591075800,0.0
24/09/2018,204605,6925698000,34.5(8.49 %),204605,6925698000,0,0,590459995,4.56
25/09/2018,545000,19252160000,35.5(5.34 %),604100,21350360000,59100,2098200000,589867995,4.61
26/09/2018,590014,20691025000,35.4(0.57 %),694614,24370605000,104600,3679580000,589277981,0.0
27/09/2018,-5500,-169370000,34.6(-1.70 %),200000,6907490000,205500,7076860000,589445481,4.64
28/09/2018,-340600,-9336160000,34.1(-1.45 %),501000,17067850000,841600,26404010000,589003581,4.67
01/10/2018,-68600,-2299450000,33(-3.23 %),153400,5128920000,222000,7428370000,588965481,0.0
02/10/2018,30800,976920000,33.3(-0.30 %),117000,3827860000,86200,2850940000,588934681,0.0
03/10/2018,285000,12377290000,35.4(8.26 %),923500,31814570000,638500,19437280000,588649681,0.0
04/10/2018,285000,12377290000,35.9(3.76 %),923500,31814570000,638500,19437280000,588364681,0.0
05/10/2018,149700,5243170000,35(-2.51 %),149700,5243170000,0,0,588766481,4.69
08/10/2018,84100,4873390000,34.2(-2.29 %),617200,20904720000,533100,16031330000,588682381,0.0
09/10/2018,68600,2393300000,34.9(2.05 %),70600,2462900000,2000,69600000,588859381,4.68
10/10/2018,58200,2043330000,35.3(1.15 %),63200,2219330000,5000,176000000,588796181,4.69
11/10/2018,358300,11824360000,33(-6.25 %),394300,13024650000,36000,1200290000,588934981,4.68
12/10/2018,77500,5760990000,35.3(6.01 %),599500,20733690000,522000,14972700000,588337481,4.72
15/10/2018,-1500,-52500000,34.2(-0.58 %),0,0,1500,52500000,588342481,4.72
16/10/2018,83100,2878710000,34.9(1.16 %),83100,2878710000,0,0,588295381,4.73
17/10/2018,276800,9584990000,34.4(-0.58 %),366800,12702990000,90000,3118000000,588540581,4.71
18/10/2018,257400,8607220000,34(-1.73 %),257400,8607220000,0,0,588284681,4.73
19/10/2018,-655200,-18708190000,34(1.49 %),10800,361280000,666000,19069470000,588273881,4.73
22/10/2018,106700,3684510000,34.6(2.98 %),206700,7141540000,100000,3457030000,588067181,4.74
23/10/2018,55500,1862010000,33.9(-2.02 %),58700,1971130000,3200,109120000,588008481,4.75
24/10/2018,327400,11068400000,33.7(-0.59 %),334700,11315140000,7300,246740000,588339781,4.72
25/10/2018,285100,9314690000,32.9(-2.66 %),300100,9804500000,15000,489810000,588139681,4.74
26/10/2018,-539700,-14575180000,32.6(0.00 %),302300,9942180000,842000,24517360000,587990581,4.75
29/10/2018,55700,1826440000,32.7(-0.61 %),55700,1826440000,0,0,587942181,4.75
30/10/2018,20000,654050000,32.6(-0.31 %),120000,3934050000,100000,3280000000,587937181,4.75
31/10/2018,236400,7873600000,34.4(5.20 %),586400,19579990000,350000,11706390000,588042781,4.75
01/11/2018,523500,18448590000,35.6(6.59 %),1428500,50260870000,905000,31812280000,587024281,4.82
02/11/2018,173600,6266220000,36(2.27 %),776000,27980050000,602400,21713830000,586448281,4.87
05/11/2018,21900,769210000,34.9(-3.32 %),26900,944210000,5000,175000000,586771381,4.84
06/11/2018,14800,513900000,35(-0.28 %),114800,4037330000,100000,3523430000,587208581,4.81
07/11/2018,4600,158520000,34.3(-2.56 %),4600,158520000,0,0,587606381,4.78
08/11/2018,111200,3871260000,34.8(1.46 %),111200,3871260000,0,0,587500181,4.79
09/11/2018,89500,3100070000,34.4(-1.15 %),90500,3134570000,1000,34500000,587452681,4.79
12/11/2018,67200,2324340000,34.7(0.29 %),72300,2499870000,5100,175530000,587380381,4.8
13/11/2018,10100,351050000,35.2(1.73 %),15100,529550000,5000,178500000,587365281,4.8
14/11/2018,243800,8640640000,35.4(0.00 %),243900,8644170000,100,3530000,587122381,4.82
15/11/2018,-231400,-8483340000,36.7(3.67 %),236200,8529780000,467600,17013120000,586891281,4.83
16/11/2018,290300,10919760000,38(4.40 %),451900,16969780000,161600,6050020000,586444381,4.87
19/11/2018,192200,7342070000,38.3(2.13 %),218700,8360120000,26500,1018050000,586225781,4.88
20/11/2018,255000,9615900000,37.5(-1.57 %),265000,9991960000,10000,376060000,586428381,4.87
21/11/2018,-300,-4140000,37.2(-1.33 %),44700,1663560000,45000,1667700000,586545281,4.86
22/11/2018,-14300,-536330000,37.1(0.27 %),195700,7299470000,210000,7835800000,586376081,4.87
23/11/2018,171900,6335730000,36.9(-1.07 %),442400,16301130000,270500,9965400000,586043681,4.9
26/11/2018,1700,63480000,36.8(0.00 %),166000,6109720000,164300,6046240000,586022681,4.9
27/11/2018,53700,1988900000,37.4(1.63 %),524200,19634740000,470500,17645840000,585808481,4.91
28/11/2018,161900,6182050000,38.3(2.13 %),1116900,42597939000,955000,36415889000,585539881,4.93
29/11/2018,231000,8848900000,37.9(-0.52 %),722500,27714180000,491500,18865280000,585081681,4.97
30/11/2018,443100,16833630000,38.3(-0.26 %),783100,29764990000,340000,12931360000,584638581,0.0
03/12/2018,-100,11580000,38.5(1.32 %),504700,19406800000,504800,19395220000,584951581,4.98
04/12/2018,60200,2314110000,38.2(-0.52 %),140200,5388110000,80000,3074000000,585102881,4.97
05/12/2018,137000,5181990000,38(-1.04 %),203200,7693910000,66200,2511920000,584979681,4.98
06/12/2018,-28000,-1054600000,37.1(-2.11 %),0,0,28000,1054600000,585234481,4.96
07/12/2018,39100,1471440000,37.8(1.07 %),159100,6023180000,120000,4551740000,585255381,4.96
10/12/2018,-78300,-2907330000,36.7(-2.39 %),29700,1106370000,108000,4013700000,585291881,4.95
11/12/2018,149500,5546180000,37.1(0.00 %),154500,5729680000,5000,183500000,585165381,4.96
12/12/2018,34800,1289980000,37.3(0.81 %),604500,22409534800,569700,21119554800,585144081,4.96
13/12/2018,386100,14692290000,38.5(3.77 %),386100,14692290000,0,0,584865981,4.99
14/12/2018,198300,7621410000,38.4(1.32 %),431400,16590760000,233100,8969350000,584662681,5.0
17/12/2018,168500,6421310000,38.3(0.26 %),383500,14629210000,215000,8207900000,584485681,5.01
18/12/2018,499800,18834700000,38.1(0.00 %),537000,20232010000,37200,1397310000,583948681,5.05
19/12/2018,96700,3650880000,37.7(0.00 %),210200,7936331000,113500,4285451000,583846981,5.06
20/12/2018,270000,10181500000,37.9(0.53 %),342500,12923840000,72500,2742340000,583519481,5.09
21/12/2018,399200,15106020000,37.9(0.26 %),497700,18835919500,98500,3729899500,583157481,5.11
24/12/2018,483200,18131600000,37(-2.12 %),513900,19285920000,30700,1154320000,582658581,5.15
25/12/2018,312500,11083940000,36.8(-1.60 %),336500,11916340000,24000,832400000,582394581,5.17
26/12/2018,669800,24870390000,38(7.65 %),678800,25195290000,9000,324900000,581715781,5.22
27/12/2018,683900,26024350000,38.3(3.23 %),703900,26784350000,20000,760000000,581042581,5.27
28/12/2018,1039900,39735510000,39(2.36 %),1074300,41041410000,34400,1305900000,579992281,5.35
02/01/2019,-300,-11520000,38(-1.04 %),100,3800000,400,15320000,580001181,5.35
03/01/2019,173900,6511640000,37.4(-2.35 %),581900,21780440000,408000,15268800000,579827281,0.0
04/01/2019,35500,1329030000,37.7(0.80 %),159400,5964129000,123900,4635099000,579791781,0.0
07/01/2019,-117000,-4379795000,37.6(0.53 %),69400,2606395000,186400,6986190000,579908781,0.0
08/01/2019,89100,3388910000,38.2(1.60 %),589100,22388910000,500000,19000000000,579819681,0.0
10/01/2019,116100,4638310000,40.2(2.55 %),381100,15125830000,265000,10487520000,579703581,0.0
11/01/2019,229800,9481930000,41.7(4.25 %),829300,34151200000,599500,24669270000,579473781,0.0
14/01/2019,27100,1122280000,41.9(1.70 %),158200,6606090000,131100,5483810000,579446681,0.0
15/01/2019,136200,5664920000,41(-1.91 %),386200,16171940000,250000,10507020000,579310481,0.0
16/01/2019,137800,5675710000,41.3(-0.96 %),309000,12814110000,171200,7138400000,579172681,0.0
17/01/2019,-6800,-285780000,41.2(0.00 %),165200,6910060000,172000,7195840000,579179481,0.0
18/01/2019,30200,1252170000,41.8(0.00 %),130200,5452170000,100000,4200000000,579149281,0.0
21/01/2019,84300,3535450000,42(1.20 %),224500,9419231900,140200,5883781900,579064981,0.0
22/01/2019,288400,12486680000,44.1(5.00 %),936900,40378920000,648500,27892240000,578776581,0.0
24/01/2019,61000,2689210000,44.2(0.23 %),61000,2689210000,0,0,578715581,0.0
25/01/2019,36200,1607140000,44.5(1.14 %),136200,6057140000,100000,4450000000,578679381,0.0
28/01/2019,-44900,-2048000000,45.7(2.70 %),17800,815090000,62700,2863090000,578724281,0.0
29/01/2019,-24400,-1136670000,46.4(1.09 %),29500,1354070000,53900,2490740000,578748681,0.0
30/01/2019,0,600000,46.6(0.87 %),80000,3735500000,80000,3734900000,578748681,0.0
31/01/2019,122400,5885150000,49(4.93 %),1251800,59827130000,1129400,53941980000,578626281,0.0
01/02/2019,-54800,-2715260000,49.8(2.68 %),97800,4836740000,152600,7552000000,578287981,0.0
11/02/2019,-95290,-4956648000,52.5(6.06 %),10010,509522000,105300,5466170000,578383271,0.0
12/02/2019,-246100,-12671950000,50.2(-3.09 %),179200,9284700000,425300,21956650000,578629371,0.0
13/02/2019,42500,2103160000,49.9(-2.54 %),66100,3282170000,23600,1179010000,578586871,0.0
14/02/2019,-80701,-3998080300,48.7(-1.81 %),8900,447610000,89601,4445690300,578667572,0.0
15/02/2019,-23000,-1095760000,47.6(-3.64 %),106300,5079670000,129300,6175430000,578690572,0.0
18/02/2019,-13700,-669270000,46.5(-2.31 %),195600,8982250000,209300,9651520000,578704272,0.0
19/02/2019,-9500,-454430000,48.8(5.63 %),90500,4333750000,100000,4788180000,578713772,0.0
20/02/2019,21700,1071060000,48.5(1.46 %),209600,10224130000,187900,9153070000,578692072,0.0
21/02/2019,48901,2353219300,48.3(-1.02 %),54000,2598400000,5099,245180700,578643171,0.0
22/02/2019,11000,533650000,48.2(0.21 %),1134500,54893290000,1123500,54359640000,578632171,0.0
25/02/2019,-67800,-3321520000,48.9(1.24 %),244200,11891680000,312000,15213200000,578699971,0.0
26/02/2019,-196500,-9918420000,50.4(3.28 %),317100,15923590000,513600,25842010000,578896471,0.0
27/02/2019,7800,399880000,50.4(0.00 %),86600,4358970000,78800,3959090000,578888671,0.0
28/02/2019,-41660,-2044612000,49(-2.39 %),169340,8327588000,211000,10372200000,578930331,0.0
01/03/2019,-21800,-1156430000,50.4(2.23 %),138400,6922090000,160200,8078520000,578854131,0.0
04/03/2019,5500,256150000,49.9(-0.40 %),88500,4445300000,83000,4189150000,578848631,0.0
05/03/2019,31200,1555400000,50(-0.60 %),32200,1605350000,1000,49950000,578817431,0.0
06/03/2019,-15000,-917330000,49.2(-1.40 %),52900,2488730000,67900,3406060000,578832431,0.0
07/03/2019,152300,7515570000,49.7(0.00 %),192300,9489570000,40000,1974000000,578680131,0.0
08/03/2019,15400,771400000,49.2(0.00 %),82200,4091290000,66800,3319890000,578664731,0.0
11/03/2019,-1700,-78240000,48.8(-1.61 %),15100,735250000,16800,813490000,578666431,0.0
12/03/2019,39900,1977690000,49.3(1.23 %),285300,14118790000,245400,12141100000,578626531,0.0
13/03/2019,-338700,-17106200000,50.9(3.25 %),340900,17232680000,679600,34338880000,578965231,0.0
14/03/2019,14200,717950000,50.6(0.20 %),222000,11212450000,207800,10494500000,578951031,0.0
15/03/2019,30500,1520920000,50.5(0.20 %),147000,7350200000,116500,5829280000,578920531,0.0
18/03/2019,-294710,-14930216000,50.4(0.60 %),200,10160000,294910,14940376000,579215241,0.0
19/03/2019,83800,4229560000,50.6(-0.39 %),220800,11186490000,137000,6956930000,579131441,0.0
20/03/2019,25700,1251290000,50.8(0.20 %),309400,15608350000,283700,14357060000,579105741,0.0
21/03/2019,-325300,-16965770000,51.2(1.19 %),92000,4764210000,417300,21729980000,579431041,0.0
22/03/2019,105900,5465280000,51.9(-0.19 %),260900,13457180000,155000,7991900000,579325141,0.0
25/03/2019,32700,1657310000,52(0.97 %),257700,13272240000,225000,11614930000,579292441,0.0
26/03/2019,-202200,-10830850000,53.3(3.29 %),234400,12469760000,436600,23300610000,579494641,0.0
27/03/2019,-31700,-1719000000,53(-0.56 %),299600,15955400000,331300,17674400000,579526341,0.0
28/03/2019,60972,3208636600,53.3(0.00 %),354800,18718290000,293828,15509653400,579465369,0.0
29/03/2019,-9400,-305420000,52.6(-0.19 %),235600,12432020000,245000,12737440000,579474769,0.0
01/04/2019,283900,14425000000,51.3(-2.84 %),383900,19529800000,100000,5104800000,579202041,0.0
02/04/2019,84800,4349410000,51.5(0.78 %),214800,11049570000,130000,6700160000,579117241,0.0
03/04/2019,16200,819393000,50.5(-1.94 %),73200,3705693000,57000,2886300000,579101041,0.0
04/04/2019,30000,1519790000,50.6(0.00 %),357800,18079980000,327800,16560190000,579071041,0.0
05/04/2019,-40400,-2049460000,50.6(0.40 %),118900,6023305000,159300,8072765000,579111441,0.0
08/04/2019,-29700,-1505630000,48.5(-4.34 %),11000,547370000,40700,2053000000,579141141,0.0
09/04/2019,201900,10018890000,49.9(0.20 %),221200,10973030000,19300,954140000,578939241,0.0
10/04/2019,90400,4506700000,50.1(1.42 %),206500,10315930000,116100,5809230000,578848841,0.0
11/04/2019,90700,4527300000,49.9(-0.20 %),310700,15527700000,220000,11000400000,578758141,0.0
12/04/2019,67300,3319760000,49.4(-1.20 %),67300,3319760000,0,0,578690841,0.0
16/04/2019,99900,4916190000,49.3(0.00 %),109900,5409220000,10000,493030000,578590941,0.0
17/04/2019,103400,5066900000,49(-0.41 %),123100,6033830000,19700,966930000,578487541,0.0
18/04/2019,100400,4816060000,47.9(-2.24 %),102400,4912060000,2000,96000000,578387141,0.0
19/04/2019,16000,771300000,47.6(-1.24 %),30000,1439700000,14000,668400000,578371141,0.0
22/04/2019,60900,2839040000,46.6(-2.71 %),60900,2839040000,0,0,578310241,0.0
23/04/2019,26230,1231035000,47.6(2.15 %),36230,1705225000,10000,474190000,578284011,0.0
24/04/2019,-13700,-676690000,48.4(2.54 %),75800,3664060000,89500,4340750000,578297711,0.0
25/04/2019,41800,2051460000,49.2(1.65 %),329700,16163170000,287900,14111710000,578255911,0.0
26/04/2019,-58100,-2852200000,49.2(0.41 %),69900,3426580000,128000,6278780000,578314011,0.0
02/05/2019,6300,306740000,48.5(-1.22 %),70500,3428940000,64200,3122200000,578216439,0.0
03/05/2019,30800,1479600000,48(-1.23 %),97000,4675320000,66200,3195720000,578185639,0.0
06/05/2019,-54300,-2553370000,46.8(-2.90 %),80500,3832200000,134800,6385570000,578239939,0.0
07/05/2019,41600,1975890000,47.8(0.63 %),310400,14766216000,268800,12790326000,578198339,0.0
08/05/2019,2200,106270000,47.9(0.84 %),137200,6521450000,135000,6415180000,578196139,0.0
09/05/2019,10900,520770000,47.7(0.21 %),10900,520770000,0,0,578185239,0.0
10/05/2019,-15400,-740800000,48(0.42 %),65600,3147470000,81000,3888270000,578200639,0.0
13/05/2019,3012,143396000,48(0.00 %),53312,2557796000,50300,2414400000,578197627,0.0
14/05/2019,27010,1294969000,47.9(-0.21 %),75610,3627399000,48600,2332430000,578170617,0.0
15/05/2019,-104600,-5073570000,48.7(1.46 %),9800,473740000,114400,5547310000,578275217,0.0
16/05/2019,20900,1032480000,49.5(2.06 %),240900,11856290000,220000,10823810000,578254317,0.0
17/05/2019,-42100,-2117110000,50(1.63 %),344400,17210150000,386500,19327260000,578296417,0.0
20/05/2019,38600,1912930000,49.9(-0.20 %),195000,9731300000,156400,7818370000,578257817,0.0
21/05/2019,55400,2826380000,51.3(2.81 %),105400,5381770000,50000,2555390000,578202417,0.0
22/05/2019,35418,1805219800,51(-0.20 %),36518,1862419800,1100,57200000,578166999,0.0
23/05/2019,57110,2911211000,51.5(0.78 %),207110,10593711000,150000,7682500000,578109889,0.0
24/05/2019,415700,21665190000,52.1(1.76 %),471700,24583470000,56000,2918280000,577694189,0.0
27/05/2019,68000,3530910000,51.8(-0.58 %),140000,7282110000,72000,3751200000,577626189,0.0
28/05/2019,-14800,-768640000,51.9(0.00 %),21000,1087400000,35800,1856040000,577640989,0.0
29/05/2019,-56300,-2953480000,52.4(1.16 %),150000,7857320000,206300,10810800000,577697289,0.0
30/05/2019,41200,2150790000,52.4(0.00 %),135800,7090090000,94600,4939300000,577656089,0.0
31/05/2019,151810,7927341000,52.5(0.57 %),532450,27795342220,380640,19868001220,577504279,0.0
03/06/2019,206300,10812650000,52.5(0.57 %),552000,28983295200,345700,18170645200,577578679,0.0
04/06/2019,143210,7429261000,51.8(-1.33 %),341210,17732171000,198000,10302910000,577435469,0.0
05/06/2019,98400,5075360000,51.4(-1.15 %),183700,9484560000,85300,4409200000,577337069,0.0
06/06/2019,145710,7417925000,51.1(-0.97 %),302710,15417635000,157000,7999710000,577191359,0.0
07/06/2019,-11380,-579192000,51.7(1.57 %),278620,14329988000,290000,14909180000,577202739,0.0
10/06/2019,-48940,-2550454000,53.1(3.31 %),767700,40641532720,816640,43191986720,577251679,0.0
11/06/2019,132440,7245817400,55.5(4.91 %),388000,21229570800,255560,13983753400,577119239,0.0
12/06/2019,109600,6136460000,56.1(2.56 %),179600,10061240000,70000,3924780000,577142079,0.0
13/06/2019,229500,13019450000,56.8(1.25 %),279500,15876950000,50000,2857500000,576912579,0.0
14/06/2019,76803,4339558600,56.6(-0.35 %),136903,7745728600,60100,3406170000,576835776,0.0
17/06/2019,10400,594140000,57(0.71 %),221600,12627320000,211200,12033180000,576825376,0.0
18/06/2019,19990,1200842500,58(1.58 %),443690,25658302500,423700,24457460000,576805386,0.0
19/06/2019,-72985,-4304812500,59.6(3.11 %),199815,11817847500,272800,16122660000,576878371,0.0
20/06/2019,-19100,-1130030000,58.8(-0.51 %),198800,11688030000,217900,12818060000,576897471,0.0
21/06/2019,-20600,-1212700000,58.2(-1.02 %),147100,8559000000,167700,9771700000,576918071,0.0
24/06/2019,-60000,-3517080000,59.2(1.72 %),133800,7811580000,193800,11328660000,576978071,0.0
25/06/2019,-108050,-6489170000,60(2.56 %),108550,6512130000,216600,13001300000,577086121,0.0
26/06/2019,-92135,-5545998000,59.8(-0.33 %),380510,22806658000,472645,28352656000,577178256,0.0
27/06/2019,137867,8146869800,58(-3.33 %),202867,11969929800,65000,3823060000,577040389,0.0
28/06/2019,-197300,-11385040000,57.8(-1.87 %),159200,9152980000,356500,20538020000,577237689,0.0
01/07/2019,37400,2168960000,58.4(1.39 %),437400,25528960000,400000,23360000000,576845749,0.0
02/07/2019,-47000,-2642420000,57(-1.89 %),347400,19834020000,394400,22476440000,576892749,0.0
03/07/2019,-29900,-1711870000,58.3(2.28 %),212100,12139130000,242000,13851000000,576922649,0.0
04/07/2019,35100,2029140000,57.5(0.00 %),117600,6811350000,82500,4782210000,576887549,0.0
05/07/2019,0,0,58(0.00 %),0,0,0,0,576887549,5.59
08/07/2019,-24700,-1429960000,57.9(0.00 %),227600,13181170000,252300,14611130000,576912249,0.02
09/07/2019,-52100,-3048800000,58.8(1.55 %),431600,25090218500,483700,28139018500,576964349,0.0
10/07/2019,-75000,-4409100000,59(0.85 %),313200,18425170000,388200,22834270000,577039349,0.0
11/07/2019,-46700,-2783390000,59.7(1.53 %),524900,31190770000,571600,33974160000,577086049,0.01
12/07/2019,-46000,-2741850000,59.6(0.00 %),16000,949880000,62000,3691730000,577132049,0.0
15/07/2019,-7500,-400360000,62.1(4.19 %),207900,12762060000,215400,13162420000,577139549,0.01
16/07/2019,50200,3281840000,62(0.98 %),247800,15539310000,197600,12257470000,577089349,0.02
17/07/2019,-41500,-2561880000,61.6(-0.81 %),92200,5668740000,133700,8230620000,577130849,0.0
18/07/2019,-10000,-626890000,61.6(0.00 %),120000,7346770000,130000,7973660000,577140849,0.0
19/07/2019,-143800,-8860710000,61.5(0.33 %),90100,5541550000,233900,14402260000,577284649,0.0
22/07/2019,-28700,-1768900000,61.9(0.49 %),65400,4017210000,94100,5786110000,577313349,0.0
23/07/2019,9600,586440000,62(0.81 %),134300,8299080000,124700,7712640000,577303749,0.01
24/07/2019,63600,3939070000,62(0.32 %),163700,10150310000,100100,6211240000,577240149,0.02
25/07/2019,-253800,-16174000000,64(3.23 %),35600,2264200000,289400,18438200000,577493949,0.0
26/07/2019,-54800,-3538060000,64.5(1.42 %),387900,24978506200,442700,28516566200,577548749,0.0
29/07/2019,27900,1768650000,63(-2.33 %),253900,16084551900,226000,14315901900,577520849,0.0
30/07/2019,187700,11273170000,60(-5.36 %),397700,23896080000,210000,12622910000,577333149,0.01
31/07/2019,180300,10772260000,61(1.84 %),491000,29365240000,310700,18592980000,577152849,0.02
01/08/2019,-65900,-3963300000,60.2(0.67 %),82200,4929430000,148100,8892730000,576954489,0.01
02/08/2019,66800,3962160000,59.3(-1.17 %),140100,8314040000,73300,4351880000,576887689,0.02
05/08/2019,187800,10991600000,58.6(-1.01 %),298900,17478180000,111100,6486580000,576699889,0.05
06/08/2019,-32200,-2024970000,58.5(0.17 %),666900,38908110000,699100,40933080000,576732089,0.03
07/08/2019,-46000,-2715400000,58.8(0.51 %),290600,17132070000,336600,19847470000,576778089,0.01
08/08/2019,278449,16096115900,58.2(-1.36 %),510100,29461860000,231651,13365744100,576499640,0.04
09/08/2019,26981,1556378000,58(0.35 %),147300,8535920000,120319,6979542000,576472659,0.04
12/08/2019,-56862,-3181709600,55.2(-4.83 %),0,0,56862,3181709600,576529521,0.03
13/08/2019,-53700,-2844530000,51.9(-7.16 %),15800,854460000,69500,3698990000,576583221,0.03
14/08/2019,175300,9387930000,54(1.12 %),179300,9604330000,4000,216400000,576407921,0.05
15/08/2019,17600,923010000,52.7(-1.50 %),22500,1180770000,4900,257760000,576390321,0.05
16/08/2019,95700,4967820000,51.9(-1.70 %),154700,8037390000,59000,3069570000,576294621,0.06
19/08/2019,-118400,-5835080000,49.3(-5.19 %),735500,36457520000,853900,42292600000,576413021,0.04
20/08/2019,-346500,-16845490000,48.7(-2.79 %),163600,7924540000,510100,24770030000,576759521,0.0
21/08/2019,33400,1733870000,52(7.00 %),40600,2106310000,7200,372440000,576726121,0.0
22/08/2019,253000,13761270000,54.5(6.86 %),253000,13761270000,0,0,576473121,0.03
23/08/2019,111100,5981520000,54.2(0.00 %),126100,6792540000,15000,811020000,576362021,0.06
26/08/2019,186100,10045520000,54.2(0.56 %),191400,10333500000,5300,287980000,576175921,0.06
27/08/2019,109150,6033140000,55.6(2.96 %),112150,6198890000,3000,165750000,576066771,0.06
28/08/2019,46600,2610720000,56(1.45 %),49100,2750470000,2500,139750000,576020171,0.05
29/08/2019,27300,1507490000,54.8(-2.14 %),27300,1507490000,0,0,575992871,0.05
30/08/2019,37500,2062600000,55.2(0.00 %),37500,2062600000,0,0,575955371,0.05
03/09/2019,-41500,-2196420000,51.8(-5.47 %),500,27240000,42000,2223660000,576623671,0.0
04/09/2019,28300,1438770000,51.3(-2.84 %),223300,11420370000,195000,9981600000,576595371,0.0
05/09/2019,-112710,-5712874000,50.4(-1.56 %),1390,70536000,114100,5783410000,576708081,0.0
06/09/2019,23400,1216550000,52.1(2.76 %),649000,33618014800,625600,32401464800,576684681,0.0
09/09/2019,35600,1848900000,52(0.19 %),122600,6379060000,87000,4530160000,576649081,0.0
10/09/2019,106000,5472160000,51.7(-0.77 %),244900,12643650000,138900,7171490000,576543081,0.0
11/09/2019,50500,2571020000,51.6(0.00 %),190300,9703780000,139800,7132760000,576492581,0.0
12/09/2019,22300,1161680000,52.4(2.75 %),222300,11608650000,200000,10446970000,576470281,0.0
13/09/2019,22000,1149000000,52.5(0.57 %),124000,6507830000,102000,5358830000,576448281,0.0
16/09/2019,-34700,-1847870000,53.2(1.33 %),165300,8779150000,200000,10627020000,576482981,0.0
17/09/2019,46600,2465620000,53.3(0.38 %),249000,13217470000,202400,10751850000,576436381,0.0
18/09/2019,-1600,-86120000,54.3(2.26 %),268400,14495350000,270000,14581470000,576437981,0.0
19/09/2019,83800,4586850000,55.2(2.22 %),457200,25119160000,373400,20532310000,576354181,0.0
20/09/2019,138700,7584540000,54.9(0.00 %),269900,14767220000,131200,7182680000,576215481,0.0
23/09/2019,20700,1122750000,54(-1.28 %),28200,1530730000,7500,407980000,576194781,0.0
24/09/2019,63100,3403480000,54.4(0.37 %),64600,3484580000,1500,81100000,576131681,0.0
25/09/2019,29800,1636680000,54.8(1.67 %),273300,14991290000,243500,13354610000,576101881,0.0
26/09/2019,101700,5578500000,56.5(2.91 %),302700,16753640000,201000,11175140000,576000181,0.01
27/09/2019,29200,1652960000,56.7(1.98 %),149200,8448420000,120000,6795460000,575970981,0.0
30/09/2019,-32200,-1799250000,54.9(-3.00 %),54700,3024630000,86900,4823880000,576003181,0.0
01/10/2019,12700,691020000,55.1(-0.18 %),331200,18222369000,318500,17531349000,575703681,0.01
02/10/2019,1600,85160000,55.5(0.91 %),224100,12347390000,222500,12262230000,575702081,0.01
03/10/2019,27600,1512280000,55(-0.18 %),94100,5168480000,66500,3656200000,575674481,0.01
04/10/2019,29800,1633020000,54.9(0.00 %),343800,18890320000,314000,17257300000,575644681,0.01
07/10/2019,38100,2088070000,55(0.18 %),243600,13659980000,205500,11571910000,575606581,0.02
08/10/2019,27300,1497580000,55(0.36 %),272100,14937890000,244800,13440310000,575579281,0.02
09/10/2019,-13900,-770580000,54.9(0.00 %),292100,16053990000,306000,16824570000,575593181,0.02
10/10/2019,-51300,-2831400000,55.4(0.73 %),120900,6671370000,172200,9502770000,575644481,0.01
11/10/2019,-18000,-985540000,54.5(-1.27 %),147500,8063530000,165500,9049070000,575662481,0.0
14/10/2019,43000,2311600000,54(-1.28 %),181000,9780630000,138000,7469030000,575619481,0.01
15/10/2019,36700,1968140000,0(0.00 %),124200,6654880000,87500,4686740000,575582781,0.02
16/10/2019,28300,1519040000,53.7(0.75 %),162700,8736650000,134400,7217610000,575554481,0.02
17/10/2019,13500,725570000,53.9(0.37 %),104300,5601710000,90800,4876140000,575540981,0.02
18/10/2019,0,0,52.8(-1.86 %),0,0,0,0,575540981,0.02
21/10/2019,0,0,52.1(-1.88 %),0,0,0,0,575540981,0.02
22/10/2019,15510,818457000,53(1.73 %),140510,7435817000,125000,6617360000,575525471,0.03
23/10/2019,-31090,-1652120000,53.2(0.57 %),193610,10264480000,224700,11916600000,575556561,0.01
24/10/2019,-7130,-378000000,53.2(0.38 %),96970,5149120000,104100,5527120000,575563691,0.0
25/10/2019,-3000,-161320000,53.1(0.00 %),89000,4723940000,92000,4885260000,575566691,0.0
28/10/2019,-21100,-1119220000,52.9(-0.38 %),49500,3019500000,70600,4138720000,575587791,0.01
29/10/2019,-153300,-7935070000,51(-4.32 %),2100,109410000,155400,8044480000,575741091,0.01
30/10/2019,-176200,-8894880000,50.4(-2.70 %),200,10140000,176400,8905020000,575917291,0.0
31/10/2019,-312900,-15411450000,49(-2.97 %),6600,328060000,319500,15739510000,576230191,0.0
01/11/2019,-67300,-3311670000,49.1(-0.41 %),163400,8024260000,230700,11335930000,575904691,0.01
04/11/2019,-46900,-2303450000,49(-0.20 %),314300,15405920000,361200,17709370000,575951591,0.01
05/11/2019,-52500,-2576800000,49(0.00 %),201200,9863050000,253700,12439850000,576004091,0.01
06/11/2019,-162500,-7972530000,49(0.00 %),330300,16284777600,492800,24257307600,576166591,0.0
07/11/2019,3600,180160000,50.2(2.24 %),349400,17545110000,345800,17364950000,576162991,0.02
08/11/2019,-37300,-1857320000,49.5(-1.39 %),0,0,37300,1857320000,576200291,0.04
11/11/2019,70100,3461870000,49.4(-0.80 %),231500,11447640000,161400,7985770000,576130191,0.06
12/11/2019,-247700,-12924570000,49.2(-0.40 %),95300,4716640000,343000,17641210000,576377891,0.03
13/11/2019,58900,2883620000,49.2(-0.61 %),116700,5717700000,57800,2834080000,576318991,0.03
14/11/2019,-18900,-943470000,49.9(1.84 %),55100,2740260000,74000,3683730000,576337891,0.02
15/11/2019,58000,2896900000,50(0.40 %),128000,6399610000,70000,3502710000,576279891,0.05
18/11/2019,-38000,-1956430000,49.5(-1.20 %),313300,15658880000,351300,17615310000,576317891,0.04
19/11/2019,33900,1680120000,49.6(-0.40 %),33900,1680120000,0,0,576283991,0.04
20/11/2019,-153300,-7683260000,49.7(0.20 %),46700,2316740000,200000,10000000000,576437291,0.03
21/11/2019,-144700,-7254120000,49.3(-0.60 %),126400,6255330000,271100,13509450000,576581991,0.03
22/11/2019,-190000,-9405000000,48(-3.03 %),0,0,190000,9405000000,576771991,0.01
25/11/2019,-16400,-798480000,48.5(0.00 %),16700,809930000,33100,1608410000,576788391,0.03
26/11/2019,33100,1590470000,48(-7.87 %),157200,8381770000,124100,6791300000,576755291,0.04
27/11/2019,-26800,-1284670000,48(0.00 %),590700,28366720000,617500,29651390000,576782091,0.05
28/11/2019,-17600,-836610000,47.2(-2.07 %),34600,1653520000,52200,2490130000,576799691,0.04
29/11/2019,2500,112730000,46.8(-2.30 %),17900,837870000,15400,725140000,576797191,0.04
02/12/2019,-47400,-2252030000,46.9(0.00 %),526900,25140613400,574300,27392643400,577372391,0.01
03/12/2019,68600,3243030000,47.7(-0.42 %),170000,8086210000,101400,4843180000,577303791,0.01
04/12/2019,17800,840240000,47.6(-0.21 %),123800,5896780000,106000,5056540000,577285991,0.0
05/12/2019,500,22840000,47.3(-0.63 %),3300,156260000,2800,133420000,577285491,0.0
06/12/2019,83100,3963820000,48(1.48 %),148100,7059370000,65000,3095550000,577202391,0.01
09/12/2019,-65200,-3129400000,47.8(0.21 %),0,0,65200,3129400000,577267591,0.01
10/12/2019,-3100,-148180000,47.8(-0.42 %),0,0,3100,148180000,577270691,0.01
11/12/2019,-54500,-2600470000,47.8(0.21 %),0,0,54500,2600470000,577325191,0.01
12/12/2019,-28500,-1372810000,48.2(0.84 %),407000,19569690000,435500,20942500000,577353691,0.01
13/12/2019,-800,-44220000,49.6(3.12 %),814300,40323120000,815100,40367340000,577354491,0.0
16/12/2019,-90500,-4566610000,49.9(1.42 %),2500,127750000,93000,4694360000,577444991,0.0
17/12/2019,30600,1507600000,49(-2.78 %),100600,4956150000,70000,3448550000,577414391,0.0
18/12/2019,1200,58300000,48.7(-1.02 %),1200,58300000,0,0,577413191,0.01
19/12/2019,-12100,-587250000,48.3(-0.41 %),8700,421970000,20800,1009220000,577425291,0.01
20/12/2019,-6800,-328810000,48.2(-0.82 %),23000,1108860000,29800,1437670000,577432091,0.01
23/12/2019,31700,1519350000,47(-3.09 %),95900,4585240000,64200,3065890000,577400391,0.01
24/12/2019,27800,1327580000,47.5(-0.63 %),27800,1327580000,0,0,577372591,0.01
25/12/2019,500,23810000,43.9(0.69 %),1000,45760000,500,21950000,577372091,0.01
26/12/2019,168600,6864760000,43(-2.27 %),210700,8491570000,42100,1626810000,577203491,0.03
27/12/2019,46000,1997340000,43.6(3.32 %),46000,1997340000,0,0,577157491,0.02
30/12/2019,132500,5888490000,45(3.93 %),133500,5932790000,1000,44300000,577024991,0.02
31/12/2019,173500,7853590000,45(1.35 %),220900,10106490000,47400,2252900000,576851491,0.03
02/01/2020,17600,798800000,45.5(0.44 %),17600,798800000,0,0,577001891,0.0
03/01/2020,29500,1334860000,45.3(-0.22 %),29500,1334860000,0,0,576972391,0.0
06/01/2020,0,0,44.3(-2.21 %),0,0,0,0,576972391,0.0
07/01/2020,0,0,44.1(-0.90 %),0,0,0,0,576972391,0.0
08/01/2020,15600,663520000,42.7(-3.17 %),15600,663520000,0,0,576956791,0.0
09/01/2020,31300,1351660000,43.2(1.17 %),31300,1351660000,0,0,576925491,0.0
10/01/2020,110700,4926420000,44.5(2.77 %),117500,5225620000,6800,299200000,576814791,0.01
13/01/2020,22600,1014160000,44.9(0.90 %),24200,1085850000,1600,71690000,576792191,0.0
14/01/2020,-32600,-1463970000,45(0.22 %),26100,1170840000,58700,2634810000,576824791,0.0
15/01/2020,4000,178870000,44.7(-0.45 %),484000,21665870000,480000,21487000000,576820791,0.0
16/01/2020,13100,577150000,44.4(-0.67 %),17200,755690000,4100,178540000,576765891,5.59
20/01/2020,24400,1069960000,43.8(0.00 %),24400,1069960000,0,0,576677091,5.6
21/01/2020,2200,96320000,44(0.23 %),207900,9146051100,205700,9049731100,576625991,5.61
22/01/2020,562900,19956440000,44.9(2.05 %),1118500,44894400000,555600,24937960000,576063091,0.09
30/01/2020,64700,2909570000,45.5(1.34 %),229900,10368630000,165200,7459060000,575998391,0.04
31/01/2020,55000,2413500000,44(-2.44 %),255000,11403500000,200000,8990000000,575943391,0.04
03/02/2020,230300,9141970000,43(-2.93 %),387300,16037110000,157000,6895140000,576276091,0.02
04/02/2020,54000,2352540000,44(2.33 %),356500,15625150000,302500,13272610000,576222091,0.02
05/02/2020,-11800,-521610000,44.5(1.83 %),452900,20189940000,464700,20711550000,576233891,0.0
06/02/2020,-29900,-1319220000,44.1(-1.12 %),413600,18219650000,443500,19538870000,576263791,0.0
07/02/2020,17320,761126000,44.1(0.00 %),148500,6544000000,131180,5782874000,576246471,0.0
10/02/2020,21400,940660000,44(0.00 %),318300,14005200000,296900,13064540000,576225071,0.0
11/02/2020,8900,389590000,44(0.00 %),241300,10627280000,232400,10237690000,576216171,0.0
12/02/2020,19700,866660000,44(-0.23 %),148500,6544000000,128800,5677340000,576196471,0.0
13/02/2020,182000,7953400000,43.7(-0.68 %),257000,11230900000,75000,3277500000,576014471,0.02
14/02/2020,0,0,43.5(-0.46 %),0,0,0,0,576014471,0.01
17/02/2020,-21600,-939600000,43(-1.15 %),0,0,21600,939600000,576036071,0.01
18/02/2020,14000,602000000,43(-0.69 %),14000,602000000,0,0,576022071,0.01
19/02/2020,-10000,-429240000,42.7(-0.70 %),0,0,10000,429240000,576032071,0.01
20/02/2020,5500,234470000,43(0.23 %),27600,1044120000,22100,809650000,576026571,0.01
21/02/2020,39300,1662940000,42.7(0.23 %),130300,5544850000,91000,3881910000,575987271,0.02
24/02/2020,68600,2816360000,40.8(-4.23 %),70100,2879100000,1500,62740000,575918671,0.02
25/02/2020,27400,1123820000,42(1.94 %),30000,1229160000,2600,105340000,575891271,0.01
26/02/2020,-16500,-675690000,41(0.24 %),0,0,16500,675690000,575907771,0.01
27/02/2020,-21500,-871590000,40.7(-0.49 %),0,0,21500,871590000,575929271,0.01
28/02/2020,22400,895880000,40(-1.72 %),23000,920000000,600,24120000,575906871,0.01
02/03/2020,9100,359070000,40(0.00 %),22500,895210000,13400,536140000,576034471,0.0
03/03/2020,16300,656600000,40.2(1.01 %),365000,14693110000,348700,14036510000,576018171,0.0
04/03/2020,-51200,-2036760000,39.6(-1.49 %),13000,509890000,64200,2546650000,576069371,0.0
05/03/2020,-10200,-407660000,39.9(0.76 %),201000,8000240000,211200,8407900000,576079571,0.0
06/03/2020,7700,303710000,39.4(-1.01 %),27000,1067580000,19300,763870000,576071871,0.0
09/03/2020,131400,4666080000,35(-11.39 %),161600,5750940000,30200,1084860000,575940471,0.0
10/03/2020,172900,6039720000,35(-1.96 %),868700,30425650000,695800,24385930000,575767571,0.01
11/03/2020,0,0,0(0.00 %),0,0,0,0,575767571,5.67
12/03/2020,0,0,31(-8.82 %),0,0,0,0,575767571,5.67
13/03/2020,-54600,-1679510000,30.3(-2.57 %),91600,2771000000,146200,4450510000,575822171,0.0
16/03/2020,-58700,-1813280000,30.9(2.66 %),25200,774790000,83900,2588070000,575880871,0.0
17/03/2020,-107000,-3308190000,31(0.65 %),57000,1751840000,164000,5060030000,575987871,0.0
18/03/2020,-142800,-4405450000,30.8(0.00 %),0,0,142800,4405450000,576130671,0.0
19/03/2020,-67200,-2045640000,30.5(-0.97 %),3000,91200000,70200,2136840000,576197871,0.0
20/03/2020,-238200,-7245750000,30.6(0.66 %),6000,182400000,244200,7428150000,576436071,0.0
23/03/2020,132400,3819030000,28.9(-4.93 %),255200,7357950000,122800,3538920000,576303671,0.0
24/03/2020,214100,6372400000,29.9(3.82 %),566400,16851670000,352300,10479270000,576089571,0.0
25/03/2020,31200,954660000,31.6(6.40 %),458800,14251090000,427600,13296430000,576058371,0.0
26/03/2020,167200,5228110000,31.1(0.00 %),500700,15617710000,333500,10389600000,575891171,0.0
27/03/2020,100100,3114302900,29.8(-4.49 %),200300,6181732900,100200,3067430000,575791071,0.0
30/03/2020,-36700,-1036000000,28.2(-8.14 %),121100,3517610000,157800,4553610000,575827771,0.0
31/03/2020,-52600,-1485880000,28(-2.10 %),77300,2179650000,129900,3665530000,575880371,5.66
01/04/2020,-1800,-56140000,29.3(3.90 %),276600,8059660000,278400,8115800000,575415871,0.01
03/04/2020,-148500,-4262220000,28.7(-1.37 %),74900,2153210000,223400,6415430000,575564371,0.0
06/04/2020,-471230,-13685216000,29.2(1.74 %),221600,6450450000,692830,20135666000,576035601,0.0
07/04/2020,-698700,-21272670000,31.5(8.62 %),192800,5921860000,891500,27194530000,576734301,0.0
08/04/2020,400,10250000,33.5(9.48 %),12200,387070000,11800,376820000,576733901,0.0
09/04/2020,189200,6672710000,35.5(9.23 %),234100,8273160000,44900,1600450000,576544701,0.0
10/04/2020,4500,148200000,33.4(-5.11 %),4500,148200000,0,0,576540201,5.61
13/04/2020,120500,4159590000,35(4.17 %),120500,4159590000,0,0,576419701,0.03
14/04/2020,-27900,-958550000,34.8(1.16 %),0,0,27900,958550000,576447601,0.02
15/04/2020,79300,2800570000,35.7(3.78 %),91300,3229870000,12000,429300000,576368301,0.03
16/04/2020,-78000,-2699200000,34.4(-2.82 %),61500,2125610000,139500,4824810000,576446301,0.02
17/04/2020,-15000,-529000000,35.3(2.32 %),0,0,15000,529000000,576461301,0.02
20/04/2020,60575,2131430000,35.2(0.00 %),801575,28321330000,741000,26189900000,576400726,0.02
21/04/2020,-72600,-2405660000,33(-6.52 %),3000,100800000,75600,2506460000,576473326,0.02
22/04/2020,-418400,-13924330000,33.8(0.90 %),2000,67400000,420400,13991730000,576891726,0.0
23/04/2020,-16700,-573520000,34.1(3.33 %),22600,769050000,39300,1342570000,576908426,0.0
24/04/2020,-28900,-978130000,33.8(-0.88 %),3600,121680000,32500,1099810000,576937326,0.0
27/04/2020,117900,4080880000,35(3.55 %),117900,4080880000,0,0,576819426,0.03
28/04/2020,41300,1481380000,36.2(4.93 %),60100,2225860000,18800,744480000,576778126,0.03
29/04/2020,27500,1038590000,38(6.15 %),29500,1114390000,2000,75800000,576750626,0.03
04/05/2020,2000,74800000,37.7(0.80 %),2000,74800000,0,0,577105926,0.0
05/05/2020,1,36800,36.9(-2.12 %),1,36800,0,0,577105925,0.0
06/05/2020,58000,2166110000,37.7(1.89 %),58000,2166110000,0,0,577049925,5.57
07/05/2020,-38400,-1420910000,37(-0.80 %),12600,466160000,51000,1887070000,577088325,0.0
08/05/2020,235900,9031110000,38.5(4.05 %),238700,9138030000,2800,106920000,576852425,0.01
11/05/2020,99600,3869050000,38.7(1.31 %),100000,3884610000,400,15560000,576752825,0.0
12/05/2020,46200,1784490000,38.6(-0.77 %),46200,1784490000,0,0,576706625,0.0
13/05/2020,70000,2721970000,39(1.04 %),70000,2721970000,0,0,576636625,0.01
14/05/2020,48100,1863680000,38.3(-1.54 %),48100,1863680000,0,0,576588525,0.0
15/05/2020,26600,1016320000,37.5(-3.10 %),26600,1016320000,0,0,576561925,0.0
18/05/2020,20300,770100000,38.2(0.53 %),20800,789050000,500,18950000,576541625,0.0
19/05/2020,224700,8856360000,39.2(3.43 %),239700,9447560000,15000,591200000,576316925,0.02
20/05/2020,204500,8448800000,41.3(4.82 %),229100,9476950000,24600,1028150000,576112425,0.01
21/05/2020,244400,10459430000,42.7(3.64 %),266200,11391000000,21800,931570000,575868025,0.02
22/05/2020,13900,570530000,41(-4.21 %),35900,1473190000,22000,902660000,575854125,0.0
25/05/2020,3800,152670000,40.9(-1.68 %),9900,400960000,6100,248290000,575850325,0.0
26/05/2020,-70000,-2865370000,41(0.74 %),0,0,70000,2865370000,575920325,0.0
27/05/2020,-69791,-2829186400,40(-2.44 %),5209,210963600,75000,3040150000,575990116,0.0
28/05/2020,-255000,-10273270000,40.3(-0.25 %),5000,201000000,260000,10474270000,576245116,0.0
29/05/2020,-73600,-2985920000,40.2(-0.25 %),78900,3207510000,152500,6193430000,576318716,5.63
01/06/2020,30000,1245040000,41.4(1.97 %),60500,2492540000,30500,1247500000,575845716,0.0
02/06/2020,277900,11867920000,43.2(5.37 %),458000,19658510000,180100,7790590000,575567816,0.04
03/06/2020,215810,9277899000,43.2(1.17 %),215810,9277899000,0,0,575352006,0.05
04/06/2020,42700,1843100000,43.1(0.23 %),499700,21583045000,457000,19739945000,575309306,0.04
05/06/2020,-146800,-6241720000,42.1(-2.55 %),60000,2563860000,206800,8805580000,575456106,0.02
08/06/2020,87125,3779272500,43.6(2.35 %),387200,16767360000,300075,12988087500,575368981,0.02
09/06/2020,16200,699490000,44.7(3.23 %),64400,2845400000,48200,2145910000,575352781,0.02
10/06/2020,51395,2267318500,44(-0.68 %),51400,2267540000,5,221500,575301386,0.03
11/06/2020,71500,3069400000,42(-4.55 %),71500,3069400000,0,0,575229886,0.04
12/06/2020,7700,322000000,42.7(-0.47 %),10700,446800000,3000,124800000,575222186,0.03
15/06/2020,92700,3892350000,42(1.69 %),333000,14005014000,240300,10112664000,575129486,0.04
16/06/2020,61300,2627120000,43.3(2.85 %),61300,2627120000,0,0,575068186,0.04
17/06/2020,70100,3039320000,43.5(1.40 %),70100,3039320000,0,0,574998086,0.04
18/06/2020,0,0,43(-0.46 %),0,0,0,0,574998086,0.03
19/06/2020,123900,5489790000,45(4.17 %),163900,7268790000,40000,1779000000,574874186,0.04
22/06/2020,-35900,-1629820000,46.4(4.74 %),71100,3306290000,107000,4936110000,574910086,0.03
23/06/2020,-200,-9080000,45.6(-1.51 %),0,0,200,9080000,574910286,0.02
24/06/2020,-77200,-3423510000,44.1(-4.34 %),20000,892000000,97200,4315510000,574987486,0.02
25/06/2020,-18000,-789710000,43.8(-1.35 %),0,0,18000,789710000,575328986,5.7
26/06/2020,-82500,-3599820000,43.5(-0.46 %),2400,104640000,84900,3704460000,575411486,0.0
29/06/2020,-300,-13700000,42.7(-2.06 %),27600,1199780000,27900,1213480000,575411786,0.0
30/06/2020,0,0,42.1(-2.32 %),0,0,0,0,575411786,0.0
01/07/2020,0,0,43.5(2.59 %),0,0,0,0,575499286,0.0
02/07/2020,-4000,-170350000,42.9(1.42 %),10100,434540000,14100,604890000,575503286,0.0
03/07/2020,5000,217100000,44(2.56 %),5000,217100000,0,0,575498286,0.0
06/07/2020,20700,907520000,43.9(0.23 %),197100,8648481200,176400,7740961200,575477586,0.0
07/07/2020,65000,2837420000,43.5(-0.91 %),65000,2837420000,0,0,575412586,0.01
08/07/2020,61620,2701332000,44.5(2.06 %),161620,7056332000,100000,4355000000,575350966,0.01
09/07/2020,18000,794910000,44.3(0.68 %),56500,2499460000,38500,1704550000,575332966,0.0
10/07/2020,44000,1940060000,44.3(0.00 %),44000,1940060000,0,0,575288966,0.0
13/07/2020,43000,1895600000,44.2(0.23 %),43000,1895600000,0,0,575245966,0.0
14/07/2020,11800,519330000,44.2(0.23 %),11800,519330000,0,0,575234166,0.0
15/07/2020,37100,1646720000,44.5(0.91 %),37100,1646720000,0,0,575197066,0.0
16/07/2020,40500,1818160000,45.3(2.03 %),40500,1818160000,0,0,575156566,0.01
17/07/2020,64600,2927160000,45.3(0.44 %),64600,2927160000,0,0,575091966,0.01
20/07/2020,102600,4621210000,45(-0.66 %),102600,4621210000,0,0,574989366,0.01
21/07/2020,40500,1816050000,45.1(0.00 %),40500,1816050000,0,0,574948866,0.01
22/07/2020,14000,633600000,44.8(-0.22 %),14000,633600000,0,0,574934866,0.0
23/07/2020,-17700,-780050000,43.9(-2.23 %),0,0,17700,780050000,574952566,0.0
24/07/2020,44600,1908040000,42.7(-2.95 %),55200,2366870000,10600,458830000,574907966,0.0
27/07/2020,142100,5667520000,40(-6.32 %),455200,18184380000,313100,12516860000,574765866,0.01
28/07/2020,150700,6342400000,42.5(6.25 %),150700,6342400000,0,0,574615166,0.0
29/07/2020,146100,6059490000,41.9(0.00 %),1146800,47675190000,1000700,41615700000,574469066,0.0
30/07/2020,89800,3789040000,42.2(1.93 %),89800,3789040000,0,0,574379266,0.01
31/07/2020,35200,1464230000,41.5(-1.66 %),35200,1464230000,0,0,574344066,0.0
03/08/2020,34380,1461236800,42.7(2.64 %),50680,2151966800,16300,690730000,574321286,0.0
04/08/2020,0,0,43.4(2.36 %),0,0,0,0,574321286,0.0
05/08/2020,81700,3563080000,44(2.09 %),81700,3563080000,0,0,574239586,0.01
06/08/2020,44000,1949050000,43.5(-0.68 %),100000,4415990000,56000,2466940000,574195586,0.0
07/08/2020,100000,4434330000,44.3(0.23 %),100000,4434330000,0,0,574095586,0.0
10/08/2020,0,0,44.4(0.23 %),0,0,0,0,574095586,0.0
11/08/2020,-88000,-3839780000,43.6(-1.36 %),8000,348800000,96000,4188580000,574183586,0.0
12/08/2020,-26000,-1140900000,44(0.92 %),0,0,26000,1140900000,574209586,0.0
13/08/2020,-107000,-4656640000,43.3(-1.37 %),30000,1308000000,137000,5964640000,574316586,0.0
14/08/2020,-5800,-244530000,43(-1.38 %),30200,1309390000,36000,1553920000,574322386,0.0
17/08/2020,-16200,-691820000,42.6(-1.39 %),4000,171400000,20200,863220000,574338586,0.0
18/08/2020,-55900,-2369280000,42.3(-1.17 %),200,8500000,56100,2377780000,574394486,0.0
19/08/2020,-37400,-1591740000,42.5(0.47 %),233600,9951038100,271000,11542778100,574431886,0.0
20/08/2020,-15180,-650283000,42.6(0.00 %),5220,222897000,20400,873180000,574447066,0.0
21/08/2020,-30000,-1285000000,42.8(0.00 %),1000,42900000,31000,1327900000,574477066,0.0
24/08/2020,1300,55900000,43.7(1.86 %),1300,55900000,0,0,574475766,0.0
25/08/2020,0,0,43.9(1.39 %),0,0,0,0,574475766,0.0
26/08/2020,300,13140000,43.8(0.00 %),300,13140000,0,0,574475466,0.0
27/08/2020,19500,853440000,44.1(0.68 %),20000,875340000,500,21900000,574455966,0.0
28/08/2020,-20000,-915010000,45.5(3.88 %),0,0,20000,915010000,574475966,0.0
31/08/2020,-14600,-660830000,45(-1.10 %),700,31780000,15300,692610000,574490566,0.0
01/09/2020,-400,-17930000,45.1(-0.44 %),500,22300000,900,40230000,574471066,0.0
03/09/2020,-67500,-2993930000,44.3(-1.99 %),13000,571660000,80500,3565590000,574538566,0.0
04/09/2020,14400,633310000,44(-0.68 %),17400,765310000,3000,132000000,574524166,0.0
07/09/2020,700,31050000,44.1(0.68 %),700,31050000,0,0,574523466,0.0
08/09/2020,200,8760000,44.3(-0.23 %),200,8760000,0,0,574523266,0.0
10/09/2020,0,0,44.3(1.14 %),0,0,0,0,574523266,0.0
11/09/2020,-39700,-1758610000,44.1(-0.45 %),300,13290000,40000,1771900000,574562966,0.0
14/09/2020,-21800,-961300000,44(-0.45 %),200,8820000,22000,970120000,574584766,0.0
15/09/2020,-34000,-1502180000,44.1(0.00 %),0,0,34000,1502180000,574618766,0.0
16/09/2020,-76890,-3462268000,45.2(2.49 %),110,4942000,77000,3467210000,574695656,0.0
17/09/2020,-24500,-1100020000,44.9(-0.44 %),1500,67320000,26000,1167340000,574720156,0.0
18/09/2020,-59400,-2641760000,44.7(-0.22 %),2800,124540000,62200,2766300000,574779556,0.0
21/09/2020,-14900,-661910000,44.3(-0.45 %),15600,692700000,30500,1354610000,574794456,0.0
22/09/2020,-29000,-1280720000,44(-0.90 %),5000,220500000,34000,1501220000,574823456,0.0
23/09/2020,-68100,-2996470000,44(-0.23 %),300,13170000,68400,3009640000,574891556,0.0
24/09/2020,-66000,-2905350000,44(0.00 %),300,13200000,66300,2918550000,574957556,0.0
25/09/2020,-43100,-1883650000,43.9(-0.23 %),500,21800000,43600,1905450000,575000656,0.0
28/09/2020,-10200,-446380000,43.9(0.46 %),0,0,10200,446380000,575010856,0.0
29/09/2020,-31500,-1376470000,43.1(-1.60 %),15600,683710000,47100,2060180000,575042356,0.0
30/09/2020,10000,433420000,43.2(-1.14 %),10000,433420000,0,0,575032356,0.0
02/10/2020,7400,321510000,43.5(-0.23 %),493200,21319243400,485800,20997733400,575083256,0.0
05/10/2020,1300,56550000,43.4(0.46 %),1300,56550000,0,0,575081956,0.0
06/10/2020,550,23875000,43.9(0.69 %),550,23875000,0,0,575081406,0.0
07/10/2020,-58400,-2596880000,44.4(1.83 %),0,0,58400,2596880000,575139806,0.0
08/10/2020,-1500,-65890000,44(-0.90 %),9900,436790000,11400,502680000,575141306,0.0
09/10/2020,-19600,-863200000,44.1(0.00 %),1000,44200000,20600,907400000,575160906,0.0
12/10/2020,-14200,-625570000,43.8(-0.45 %),0,0,14200,625570000,575175106,0.0
13/10/2020,-31200,-1361380000,43.7(-0.46 %),0,0,31200,1361380000,575206306,0.0
14/10/2020,-34100,-1484130000,43.4(-0.69 %),0,0,34100,1484130000,575240406,0.0
15/10/2020,-74000,-3198310000,43.1(-0.92 %),1000,43300000,75000,3241610000,575314406,0.0
16/10/2020,0,0,43.6(0.93 %),0,0,0,0,575314406,0.0
19/10/2020,0,0,43.9(1.15 %),0,0,0,0,575314406,0.0
20/10/2020,0,0,43.8(-0.45 %),0,0,0,0,575314406,0.0
21/10/2020,1900,82750000,43.5(-0.46 %),1900,82750000,0,0,575312506,0.0
22/10/2020,0,0,43.6(0.00 %),0,0,0,0,575312506,0.0
23/10/2020,-177000,-7618360000,43.1(-0.69 %),1000,43200000,178000,7661560000,575489506,0.0
26/10/2020,0,0,43(-0.23 %),0,0,0,0,575489506,0.0
27/10/2020,0,0,43(0.00 %),0,0,0,0,575489506,0.0
28/10/2020,-6500,-278180000,42.6(-0.93 %),1000,42900000,7500,321080000,575496006,0.0
29/10/2020,-44300,-1867390000,42.5(-0.23 %),1000,42400000,45300,1909790000,575540306,0.0
30/10/2020,-6000,-253620000,42.2(0.00 %),1000,42300000,7000,295920000,575546306,0.0
02/11/2020,-3500,-148990000,42.6(0.71 %),0,0,3500,148990000,575547806,0.0
03/11/2020,-9500,-407430000,43.2(1.17 %),5000,214000000,14500,621430000,575557306,0.0
04/11/2020,-19300,-838080000,43.6(1.63 %),700,30090000,20000,868170000,575576606,0.0
05/11/2020,3900,168900000,43.1(-0.69 %),12200,527860000,8300,358960000,575572706,0.0
06/11/2020,12600,545590000,43.2(-0.23 %),20300,878550000,7700,332960000,575560106,0.0
09/11/2020,92800,4143290000,45(3.93 %),93300,4165090000,500,21800000,575467306,0.01
10/11/2020,84430,3803630000,44.8(0.67 %),84430,3803630000,0,0,575382876,0.01
11/11/2020,6700,302100000,44.8(-0.67 %),56700,2559600000,50000,2257500000,575376176,0.0
12/11/2020,-50000,-2319180000,46.6(3.79 %),0,0,50000,2319180000,575426176,0.0
13/11/2020,-64800,-3008230000,46.3(0.22 %),0,0,64800,3008230000,575490976,0.0
16/11/2020,-191900,-9040060000,47.1(1.29 %),5200,245280000,197100,9285340000,575682876,0.0
17/11/2020,-115980,-5456522000,46.8(-0.85 %),53020,2508748000,169000,7965270000,575798856,0.0
18/11/2020,400,18840000,47.2(0.00 %),400,18840000,0,0,575798456,0.0
19/11/2020,2500,117500000,47.3(0.21 %),7500,354000000,5000,236500000,575795956,0.0
20/11/2020,-78500,-3768980000,0(0.00 %),2500,120000000,81000,3888980000,575874456,0.0
24/11/2020,0,0,48.1(-0.62 %),0,0,0,0,575874456,5.66
25/11/2020,500,23850000,47.3(-1.66 %),500,23850000,0,0,575873956,0.0
26/11/2020,3400,161640000,47.4(-0.21 %),3500,166450000,100,4810000,575870556,0.0
30/11/2020,81100,3912910000,48.4(1.26 %),81200,3917730000,100,4820000,575789456,0.01
01/12/2020,43500,2081280000,48.4(0.41 %),43900,2100450000,400,19170000,575815937,0.0
02/12/2020,-100000,-4982630000,49.9(3.96 %),0,0,100000,4982630000,575915937,0.0
03/12/2020,-49900,-2476610000,49.5(-0.60 %),100,4990000,50000,2481600000,575965837,0.0
04/12/2020,15100,747410000,50.2(1.21 %),65100,3260590000,50000,2513180000,575950737,0.0
07/12/2020,-35000,-1778850000,51(1.59 %),15000,764140000,50000,2542990000,575985737,0.0
08/12/2020,-46690,-2376121000,51.1(0.39 %),15510,790459000,62200,3166580000,576032427,0.0
09/12/2020,-57400,-2947680000,51.1(0.39 %),87700,4544270000,145100,7491950000,576089827,0.0
10/12/2020,-125500,-6372720000,50.2(-2.71 %),300,15270000,125800,6387990000,576215327,0.0
11/12/2020,53000,2669330000,50.9(0.59 %),203000,10278980000,150000,7609650000,576162327,0.0
14/12/2020,-2700,-137400000,50.9(1.39 %),350100,17759920000,352800,17897320000,576165027,0.0
15/12/2020,33800,1706540000,50.7(0.00 %),351900,17866700000,318100,16160160000,576131227,0.0
17/12/2020,108400,5545360000,51.8(1.97 %),108900,5570760000,500,25400000,576022827,0.01
18/12/2020,-1600,-86230000,54(5.06 %),17600,935810000,19200,1022040000,576024427,0.0
21/12/2020,-67900,-3653550000,54.4(2.26 %),32100,1746020000,100000,5399570000,576092327,0.0
22/12/2020,1110,60790000,54.9(1.29 %),1110,60790000,0,0,576091217,0.0
23/12/2020,-5000,-274450000,54.6(-0.55 %),19600,1070180000,24600,1344630000,576096217,0.0
24/12/2020,-24530,-1341897000,55(0.55 %),500,27250000,25030,1369147000,576120747,0.0
25/12/2020,-1300,-73250000,55.5(1.09 %),700,38850000,2000,112100000,576122047,0.0
28/12/2020,100,5530000,55(-1.08 %),100,5530000,0,0,576121947,0.0
29/12/2020,-12300,-677320000,55(-0.54 %),100,5420000,12400,682740000,576134247,0.0
31/12/2020,0,0,55.1(0.18 %),0,0,0,0,576134247,0.0
04/01/2021,-44430,-2201440000,49.7(-0.40 %),29700,1489950000,74130,3691390000,575792847,0.0
05/01/2021,-8800,-438540000,47.9(-4.01 %),220900,10541160000,229700,10979700000,575801647,0.0
06/01/2021,39500,1893500000,48(0.21 %),204100,9776320000,164600,7882820000,575762147,0.0
07/01/2021,-204300,-9652270000,46.8(-2.30 %),6200,290930000,210500,9943200000,575966447,0.0
08/01/2021,-470620,-21690442000,46.2(-2.12 %),229500,10546522500,700120,32236964500,576437067,0.0
11/01/2021,115800,5567350000,48(4.12 %),220800,10522430000,105000,4955080000,576321267,0.0
12/01/2021,14200,643870000,49(3.59 %),226400,10975470000,212200,10331600000,576307067,0.0
13/01/2021,79500,3949120000,49.2(1.23 %),290400,14294050000,210900,10344930000,576227567,0.0
14/01/2021,-105621,-5111545300,48.1(-2.24 %),2979,143894700,108600,5255440000,576333188,0.0
15/01/2021,-29100,-1393340000,47.8(-1.24 %),460900,22089320000,490000,23482660000,576362288,0.0
18/01/2021,53400,2563850000,48(0.21 %),406800,19586730000,353400,17022880000,576308888,0.0
19/01/2021,113400,5433070000,46.4(-3.33 %),266500,12621080000,153100,7188010000,576195488,0.01
20/01/2021,29000,1336470000,46.4(-0.22 %),31900,1468420000,2900,131950000,576166488,0.0
21/01/2021,21500,1057240000,47.2(2.83 %),124100,5822960000,102600,4765720000,576144988,0.0
22/01/2021,282200,13412700000,47.5(2.37 %),376000,17884370000,93800,4471670000,575862788,0.02
25/01/2021,-1800,-84620000,47.1(-1.05 %),200,9380000,2000,94000000,575864588,0.0
26/01/2021,17910,832453000,46(-2.13 %),67910,3129253000,50000,2296800000,575846678,0.0
27/01/2021,63600,2853510000,45.3(-1.52 %),63600,2853510000,0,0,575783078,0.01
28/01/2021,302200,12489380000,41.9(-6.47 %),333300,13795650000,31100,1306270000,575480878,0.02
29/01/2021,25000,1078630000,43.5(4.57 %),25000,1078630000,0,0,575455878,0.01
01/02/2021,7610,326040000,42.8(-0.47 %),9510,408570000,1900,82530000,575493298,0.0
02/02/2021,-103100,-4359490000,42.4(-1.40 %),9800,416780000,112900,4776270000,575514598,0.0
03/02/2021,-104600,-4490530000,42.5(0.47 %),1800,77300000,106400,4567830000,575619198,0.0
04/02/2021,-23700,-1021550000,43.2(0.47 %),300,12900000,24000,1034450000,575642898,0.0
05/02/2021,11943,519033700,43.6(1.16 %),11943,519033700,0,0,575630955,0.0
09/02/2021,55400,2429040000,44(2.33 %),355900,15590940000,300500,13161900000,575676955,5.68
17/02/2021,54500,2454100000,45.1(3.44 %),58500,2633700000,4000,179600000,575622455,0.0
18/02/2021,-91550,-4106215000,44.2(-1.78 %),227050,10225120000,318600,14331335000,575768505,0.0
19/02/2021,6300,283300000,44.7(-0.45 %),438200,19600530000,431900,19317230000,575762205,0.0
22/02/2021,-500,-18920000,44.6(-0.22 %),303500,13669580000,304000,13688500000,575762705,0.0
23/02/2021,4700,210930000,44.9(0.00 %),16500,741000000,11800,530070000,575758005,0.0
24/02/2021,43000,1935360000,45(0.22 %),84600,3808400000,41600,1873040000,575715005,0.0
25/02/2021,29100,1307780000,44.8(-0.44 %),73500,3301550000,44400,1993770000,575685905,0.0
26/02/2021,2509,113764100,44.7(-0.67 %),19009,850514100,16500,736750000,575683396,0.0
01/03/2021,-6300,-280630000,44.7(0.00 %),229200,10203270000,235500,10483900000,575539296,0.0
02/03/2021,-38800,-1736900000,44.7(0.22 %),165900,7441910000,204700,9178810000,575578096,0.0
03/03/2021,-18000,-805140000,44.8(-0.22 %),2200,98510000,20200,903650000,575596096,0.0
04/03/2021,27100,1211940000,45.1(0.89 %),126200,5675510000,99100,4463570000,575568996,0.0
05/03/2021,-74100,-3396840000,48.1(6.65 %),364000,17312720000,438100,20709560000,575643096,0.0
08/03/2021,21696,1044872000,47.9(1.27 %),64996,3127492000,43300,2082620000,575621400,0.0
09/03/2021,-4700,-210270000,46.5(-3.33 %),35900,1695350000,40600,1905620000,575626100,0.0
10/03/2021,75100,3545790000,47.3(0.64 %),166200,7780730000,91100,4234940000,575551000,0.01
11/03/2021,-16900,-788280000,46.7(0.21 %),74300,3466130000,91200,4254410000,575567900,0.0
12/03/2021,-48500,-2250260000,46.1(-1.28 %),20100,931880000,68600,3182140000,575616400,0.0
15/03/2021,-36400,-1682410000,46.2(-0.43 %),14000,646920000,50400,2329330000,575652800,0.0
16/03/2021,-77200,-3523960000,45.5(-1.52 %),7900,361560000,85100,3885520000,575730000,0.0
17/03/2021,-33700,-1553130000,46.1(0.88 %),297900,13703400000,331600,15256530000,575763700,0.0
18/03/2021,-33700,-1541370000,46(-0.22 %),1300,59380000,35000,1600750000,575797400,0.0
19/03/2021,21100,966290000,46.1(0.66 %),85100,3911060000,64000,2944770000,575776300,0.0
22/03/2021,-31500,-1436230000,45.8(-0.43 %),50000,2295870000,81500,3732100000,575807800,0.0
23/03/2021,1000,45100000,45.3(-1.09 %),1000,45100000,0,0,575806800,0.0
24/03/2021,-53800,-2391950000,44(-2.87 %),103200,4527920000,157000,6919870000,575860600,0.0
25/03/2021,-2300,-105360000,44.1(0.00 %),170700,7510730000,173000,7616090000,575862900,0.0
26/03/2021,1400,61600000,0(0.00 %),1400,61600000,0,0,575861500,0.0
29/03/2021,-24000,-1052380000,44.4(1.37 %),16000,707000000,40000,1759380000,575885500,0.0
30/03/2021,-21700,-955960000,44.1(0.23 %),24300,1075000000,46000,2030960000,575907200,0.0
31/03/2021,100,4450000,44.1(-0.23 %),600,26400000,500,21950000,575907100,0.0
01/04/2021,-67400,-2974690000,44.6(1.36 %),3000,132000000,70400,3106690000,575981100,0.0
02/04/2021,-7000,-314110000,45.7(3.39 %),1000,45000000,8000,359110000,575988100,0.0
05/04/2021,178500,8116850000,45.8(1.10 %),478500,21697650000,300000,13580800000,575809600,0.02
06/04/2021,122100,5555310000,45.7(0.66 %),135400,6159550000,13300,604240000,575687500,0.01
07/04/2021,-80000,-3609100000,44.9(-1.32 %),0,0,80000,3609100000,575767500,0.0
08/04/2021,-37000,-1660380000,45(-0.44 %),9700,436220000,46700,2096600000,575804500,0.0
09/04/2021,-19000,-851140000,0(0.00 %),0,0,19000,851140000,575823500,0.0
12/04/2021,-14700,-644720000,45.2(1.12 %),89300,4004770000,104000,4649490000,575838200,0.0
13/04/2021,36600,1633280000,44.1(-1.56 %),91400,4068140000,54800,2434860000,575801600,0.0
14/04/2021,-87810,-3885653000,44.5(0.00 %),0,0,87810,3885653000,575889410,0.0
16/04/2021,-31500,-1354300000,42.9(-2.28 %),5100,221880000,36600,1576180000,575920910,0.0
19/04/2021,-22000,-936280000,42.7(-0.93 %),13100,559500000,35100,1495780000,575942910,0.0
20/04/2021,-90100,-3855800000,42.6(0.00 %),100,4280000,90200,3860080000,576033010,0.0
22/04/2021,-189400,-7867570000,41.6(-2.80 %),600,24750000,190000,7892320000,576222410,0.0
23/04/2021,-106200,-4351310000,41.1(-0.72 %),3800,155980000,110000,4507290000,576328610,0.0
26/04/2021,-107700,-4432700000,41(0.00 %),300,12270000,108000,4444970000,576436310,0.0
27/04/2021,-118800,-4807500000,40.2(-2.43 %),2300,93270000,121100,4900770000,576555110,0.0
28/04/2021,-159400,-6502220000,40.8(0.74 %),1000,40800000,160400,6543020000,576714510,0.0
29/04/2021,-47900,-1958770000,40.8(0.00 %),36600,1493960000,84500,3452730000,576762410,0.0
04/05/2021,-93900,-3798730000,40.8(-0.24 %),156100,6259850000,250000,10058580000,576664910,0.0
05/05/2021,-101000,-4160240000,41.4(2.48 %),5000,206000000,106000,4366240000,576765910,0.0
06/05/2021,-131400,-5496010000,42.1(2.18 %),259200,10874520000,390600,16370530000,576897310,0.0
07/05/2021,123100,5155300000,41.7(-0.48 %),502800,21051400000,379700,15896100000,576774210,0.0
10/05/2021,-4200,-182950000,41.6(-0.72 %),398800,16548350000,403000,16731300000,576778410,0.0
11/05/2021,1400,56410000,42(1.20 %),301400,12625620000,300000,12569210000,576777010,0.0
12/05/2021,-137100,-5737840000,41.9(0.00 %),0,0,137100,5737840000,576914110,0.0
13/05/2021,-64900,-2699780000,41.5(-0.72 %),62500,2598950000,127400,5298730000,576979010,0.0
14/05/2021,-78000,-3202080000,40.9(-1.68 %),88300,3648790000,166300,6850870000,577057010,0.0
17/05/2021,105000,4252940000,40.5(-1.70 %),505000,20587970000,400000,16335030000,576952010,0.01
18/05/2021,180300,7385180000,41.2(1.48 %),180400,7389260000,100,4080000,576771710,0.02
19/05/2021,-21600,-882430000,40.9(0.00 %),0,0,21600,882430000,576793310,0.02
20/05/2021,-1000,-39090000,40.7(-0.49 %),47000,1911350000,48000,1950440000,576794310,0.02
21/05/2021,212700,8948480000,42.6(4.93 %),233700,9824820000,21000,876340000,576581610,0.04
24/05/2021,-10000,-456090000,43(2.38 %),200200,8597710000,210200,9053800000,576591610,0.02
25/05/2021,39000,1712940000,43.8(1.86 %),400000,17529951000,361000,15817011000,576552610,0.01
26/05/2021,-99500,-4228420000,43(-1.83 %),300500,13131580000,400000,17360000000,576652110,0.0
27/05/2021,-162597,-6872933400,42.8(-1.15 %),403,16956600,163000,6889890000,576814707,0.0
28/05/2021,-200000,-8440000000,42.5(0.71 %),0,0,200000,8440000000,577014707,0.0
31/05/2021,-10900,-457840000,42.5(0.47 %),5300,222100000,16200,679940000,577025607,0.0
01/06/2021,83700,3595960000,43.8(4.29 %),267700,11495890000,184000,7899930000,577034007,0.01
02/06/2021,-70400,-3060210000,45.5(5.81 %),2500,109500000,72900,3169710000,577104407,0.01
03/06/2021,417900,19265950000,47(6.82 %),476800,21968050000,58900,2702100000,576686507,0.04
04/06/2021,460900,21629540000,47.3(2.83 %),500000,23454140000,39100,1824600000,576225607,0.04
07/06/2021,421100,19860390000,48(2.13 %),441200,20801590000,20100,941200000,575804507,0.04
08/06/2021,391600,18827030000,46.5(-1.48 %),429000,20637230000,37400,1810200000,575412907,0.04
09/06/2021,249600,11806510000,46.5(-2.92 %),350000,16525980000,100400,4719470000,575163307,0.03
10/06/2021,270100,12864680000,46.1(-2.33 %),400400,18967210000,130300,6102530000,574893207,0.03
11/06/2021,-27000,-1260190000,46.8(-1.06 %),0,0,27000,1260190000,574920207,0.0
14/06/2021,19300,915980000,47(0.43 %),19300,915980000,0,0,574900907,0.01
15/06/2021,-400,-21500000,47(-0.63 %),1600,72000000,2000,93500000,574901307,0.02
16/06/2021,-18000,-850550000,47.1(0.64 %),0,0,18000,850550000,574919307,0.02
17/06/2021,-13700,-647480000,47.3(0.00 %),600,28410000,14300,675890000,574933007,0.02
18/06/2021,52000,2468510000,47.3(0.00 %),52000,2468510000,0,0,574881007,0.02
22/06/2021,-149000,-7377300000,50.2(6.58 %),3900,195450000,152900,7572750000,575030007,0.01
23/06/2021,-52800,-2604070000,49(-1.21 %),0,0,52800,2604070000,575082807,0.0
24/06/2021,-16000,-776910000,48.9(-1.01 %),0,0,16000,776910000,575098807,0.0
25/06/2021,-45876,-2195502800,48.5(-0.41 %),5624,270937200,51500,2466440000,575144683,0.01
28/06/2021,-107500,-5111860000,47.3(-1.25 %),5700,270450000,113200,5382310000,575252183,0.01
29/06/2021,-43800,-2063980000,47.2(-0.84 %),12000,563870000,55800,2627850000,575295983,0.0
30/06/2021,-57100,-2740610000,48.5(2.97 %),0,0,57100,2740610000,575353083,0.0
01/07/2021,-64900,-3177670000,49(2.08 %),3400,167270000,68300,3344940000,575497683,0.0
02/07/2021,-131600,-6529750000,49(-0.20 %),16500,821640000,148100,7351390000,575629283,0.0
05/07/2021,-75000,-3616200000,48.3(-3.21 %),100,4800000,75100,3621000000,575704283,0.0
06/07/2021,-90200,-4322730000,47.5(-1.66 %),13100,630360000,103300,4953090000,575794483,0.0
07/07/2021,-91800,-4308880000,47(-1.88 %),0,0,91800,4308880000,575886283,0.0
08/07/2021,-170900,-7953860000,46(-2.34 %),1000,46500000,171900,8000360000,575871383,5.66
09/07/2021,-211100,-9611770000,44.9(-3.65 %),19100,872230000,230200,10484000000,576082483,0.0
12/07/2021,-339100,-14966590000,43.4(-4.62 %),2000,87320000,341100,15053910000,576421583,0.0
13/07/2021,31100,1421190000,46.3(4.28 %),31100,1421190000,0,0,576390483,0.0
14/07/2021,-117800,-5304930000,45.3(-0.88 %),24400,1106710000,142200,6411640000,576508283,0.0
15/07/2021,-8300,-335720000,39.7(-1.49 %),23400,936020000,31700,1271740000,576516583,0.02
16/07/2021,-266800,-10619030000,39.6(-0.75 %),47200,1878610000,314000,12497640000,576783383,0.0
19/07/2021,-297400,-11296980000,37.9(-4.77 %),32600,1247160000,330000,12544140000,577080783,0.0
20/07/2021,-137300,-5189880000,38.6(1.31 %),5700,215730000,143000,5405610000,577218083,0.0
21/07/2021,-290600,-11333410000,39(2.90 %),400000,15600000000,690600,26933410000,577508683,0.0
22/07/2021,59900,2439180000,40.2(3.08 %),660000,26064630000,600100,23625450000,577448783,0.0
23/07/2021,129600,5252920000,40.8(1.75 %),590600,23830800000,461000,18577880000,577319183,0.0
26/07/2021,350000,14440170000,41.6(2.72 %),350000,14440170000,0,0,576969183,0.04
27/07/2021,-32500,-1358420000,41.8(1.21 %),500,20620000,33000,1379040000,577001683,0.03
28/07/2021,21700,905190000,41.5(-0.72 %),35000,1460730000,13300,555540000,576979983,0.03
29/07/2021,654800,27924220000,42.7(2.40 %),1646100,69954805000,991300,42030585000,576325183,0.07
30/07/2021,500600,21655540000,43.3(1.64 %),500600,21655540000,0,0,575824583,0.06
02/08/2021,350300,15118270000,42.6(-1.62 %),357500,15426820000,7200,308550000,575788883,0.03
03/08/2021,308500,13273000000,43.6(1.16 %),318500,13711000000,10000,438000000,575480383,0.03
04/08/2021,-1000,-40490000,43(0.00 %),4700,204660000,5700,245150000,575481383,0.0
05/08/2021,39400,1703890000,43.5(0.93 %),44700,1932850000,5300,228960000,575441983,0.01
06/08/2021,0,0,43(-0.46 %),0,0,0,0,575441983,0.0
09/08/2021,0,0,42.7(-0.70 %),0,0,0,0,575441983,0.0
10/08/2021,110500,4805610000,43.7(1.86 %),110500,4805610000,0,0,575331483,0.01
11/08/2021,94900,4174630000,44(1.15 %),94900,4174630000,0,0,575236583,0.01
12/08/2021,16100,708610000,44(0.00 %),16100,708610000,0,0,575220483,0.01
13/08/2021,0,0,44(-0.23 %),0,0,0,0,575272883,5.71
16/08/2021,2300,100460000,44.1(0.68 %),5500,241110000,3200,140650000,575270583,0.0
17/08/2021,43600,1920180000,44.1(0.00 %),43600,1920180000,0,0,575226983,0.0
18/08/2021,20900,919550000,44(0.00 %),49400,2173550000,28500,1254000000,575206083,0.0
19/08/2021,38600,1698470000,44(-0.23 %),68600,3018470000,30000,1320000000,575167483,0.0
20/08/2021,44200,1938910000,43.2(-1.82 %),81300,3568510000,37100,1629600000,575123283,0.0
23/08/2021,29900,1276720000,42.4(-3.20 %),35500,1517400000,5600,240680000,575093383,0.0
24/08/2021,17500,735600000,42(-1.87 %),17500,735600000,0,0,575075883,0.0
25/08/2021,-29500,-1230980000,42(0.00 %),500,20800000,30000,1251780000,575105383,0.0
26/08/2021,-1200,-50030000,41.6(-0.48 %),0,0,1200,50030000,575106583,0.0
27/08/2021,6800,282120000,42(-0.24 %),16800,699080000,10000,416960000,575099783,0.0
30/08/2021,2000,83800000,42.3(1.68 %),2000,83800000,0,0,575097783,0.0
31/08/2021,51100,2200910000,43.2(2.13 %),51100,2200910000,0,0,575046683,0.0
01/09/2021,30000,1291860000,42.8(-0.23 %),30000,1291860000,0,0,575016683,0.0
06/09/2021,13500,579910000,42.7(-0.93 %),53200,2283030000,39700,1703120000,575003183,0.0
07/09/2021,75500,3252960000,43.6(1.63 %),75500,3252960000,0,0,574927683,0.0
08/09/2021,92900,4089600000,44(2.09 %),146700,6418960000,53800,2329360000,574834783,0.0
09/09/2021,-27700,-1210530000,43.6(-0.46 %),19600,856240000,47300,2066770000,574862483,0.0
10/09/2021,-4400,-193090000,43.9(0.00 %),700,30700000,5100,223790000,574866883,0.0
13/09/2021,-10370,-445810000,43(-2.05 %),1330,57180000,11700,502990000,574877253,0.0
14/09/2021,4500,194790000,42.4(-1.40 %),17600,751240000,13100,556450000,574872753,0.0
15/09/2021,0,0,42.8(0.71 %),0,0,0,0,574872753,5.74
16/09/2021,-23200,-974910000,42.6(0.71 %),762200,32266050000,785400,33240960000,574895953,0.0
17/09/2021,-27700,-1178820000,42.6(0.00 %),3000,127700000,30700,1306520000,574923653,0.0
20/09/2021,-46600,-1962770000,41.7(-2.11 %),4500,188950000,51100,2151720000,574970253,0.0
21/09/2021,-61700,-2566670000,41.5(-1.19 %),1602900,66645530000,1664600,69212200000,575031953,0.0
22/09/2021,-66200,-2751670000,41.6(0.00 %),22100,918420000,88300,3670090000,575098153,0.0
23/09/2021,25300,1071770000,42.3(1.68 %),102700,4334230000,77400,3262460000,575072853,0.0
24/09/2021,-28100,-1182770000,42.1(-0.24 %),10000,420450000,38100,1603220000,575100953,0.0
27/09/2021,-48200,-2033090000,42.1(0.00 %),3500,146900000,51700,2179990000,575149153,0.0
28/09/2021,-152200,-6360410000,41.8(-0.95 %),23800,994600000,176000,7355010000,575301353,0.0
29/09/2021,-104600,-4347680000,41.5(-0.72 %),1022100,42705200000,1126700,47052880000,575405953,0.0
30/09/2021,-83000,-3447530000,41.5(-0.24 %),20100,834670000,103100,4282200000,575488953,0.0
01/10/2021,-39300,-1633850000,41.6(0.24 %),54600,2274720000,93900,3908570000,575216053,0.0
04/10/2021,-182900,-7611410000,41.6(0.00 %),100,4170000,183000,7615580000,575398953,0.0
05/10/2021,-22900,-954560000,41.8(0.48 %),0,0,22900,954560000,575421853,0.0
06/10/2021,8014,336352000,41.9(0.48 %),30014,1258232000,22000,921880000,575509639,5.69
07/10/2021,4205,175885000,42.2(0.72 %),2830005,118604755000,2825800,118428870000,575505434,0.0
08/10/2021,3901,164363000,42.2(0.72 %),28001,1174443000,24100,1010080000,575657533,5.68
11/10/2021,0,0,42.1(0.48 %),0,0,0,0,575657533,0.0
12/10/2021,0,0,41.9(0.96 %),0,0,0,0,575657533,0.0
13/10/2021,0,0,41.7(-0.24 %),0,0,0,0,575657533,0.0
14/10/2021,0,0,41.5(-0.48 %),0,0,0,0,575657533,0.0
15/10/2021,-117800,-4869570000,41.3(-0.24 %),1050300,43487736400,1168100,48357306400,575775333,0.0
18/10/2021,0,0,40.4(-2.18 %),0,0,0,0,575657533,0.0
19/10/2021,0,0,40.6(-0.49 %),0,0,0,0,575657533,0.0
20/10/2021,-140500,-5702380000,40.2(-0.50 %),16100,647850000,156600,6350230000,575798033,0.0
21/10/2021,-100000,-4034320000,40.1(-0.99 %),128000,5169470000,228000,9203790000,575757533,0.0
22/10/2021,-187300,-7580710000,40.9(1.24 %),103500,4196990000,290800,11777700000,575944833,0.0
25/10/2021,-315442,-13040451400,40.7(0.49 %),15300,625450000,330742,13665901400,576260275,0.0
26/10/2021,-152000,-6250320000,41.3(-0.24 %),98100,4036100000,250100,10286420000,576412275,0.0
27/10/2021,-46700,-1947310000,42(2.19 %),288300,12023719800,335000,13971029800,576458975,0.04
28/10/2021,-75900,-3278970000,43.2(3.35 %),270100,11676980000,346000,14955950000,576534875,0.06
29/10/2021,-1400,-60680000,43.5(0.69 %),0,0,1400,60680000,576536275,0.08
01/11/2021,-7800,-338060000,42.9(-1.83 %),727200,31341080000,735000,31679140000,577596665,0.0
02/11/2021,-6300,-267440000,42.6(-1.39 %),0,0,6300,267440000,577602965,0.01
03/11/2021,5700,241110000,41.9(-1.41 %),5800,245310000,100,4200000,577597265,0.01
04/11/2021,-100,-4150000,42(-0.24 %),1000000,41823000000,1000100,41827150000,577597365,0.01
05/11/2021,16000,674360000,42.1(0.72 %),316100,13295010000,300100,12620650000,577581365,0.01
08/11/2021,-186500,-7894000000,42.4(0.71 %),20100,844330000,206600,8738330000,577767865,0.0
09/11/2021,-67470,-2851151000,42.2(-0.24 %),12530,528619000,80000,3379770000,577835335,0.0
10/11/2021,-81200,-3425930000,42.2(0.00 %),300000,12645900000,381200,16071830000,577916535,0.0
11/11/2021,51400,2152880000,42(-0.47 %),81100,3406220000,29700,1253340000,577865135,0.0
12/11/2021,-27500,-1164680000,42.3(0.48 %),4000,168000000,31500,1332680000,577892635,0.0
15/11/2021,-83900,-3546020000,42.2(0.00 %),100,4220000,84000,3550240000,577976535,0.0
16/11/2021,-310000,-13301430000,43.3(2.36 %),90000,3841740000,400000,17143170000,578286535,0.0
17/11/2021,-258000,-11028240000,42.8(-0.23 %),61400,2609420000,319400,13637660000,578544535,0.0
18/11/2021,-55100,-2347810000,42.8(0.00 %),58200,2471320000,113300,4819130000,578599635,0.0
19/11/2021,-384100,-16547770000,42.5(0.00 %),132900,5643770000,517000,22191540000,578983735,0.0
22/11/2021,800,41720000,43.6(1.40 %),15800,686720000,15000,645000000,578982935,0.0
23/11/2021,36000,1621600000,45.4(4.61 %),40000,1800000000,4000,178400000,578946935,0.0
24/11/2021,170400,7812460000,45.5(0.44 %),171100,7844580000,700,32120000,578776535,0.02
25/11/2021,1300,58950000,44.9(-1.97 %),1300,58950000,0,0,578775235,0.01
26/11/2021,66800,3103330000,47.1(4.43 %),97600,4552510000,30800,1449180000,578708435,0.0
29/11/2021,-20800,-956300000,46.6(0.65 %),8600,400910000,29400,1357210000,578729235,0.0
30/11/2021,30400,1395930000,46.2(0.00 %),30700,1409850000,300,13920000,578698835,0.01
01/12/2021,900,40680000,44.9(-1.97 %),900,40680000,0,0,578780635,0.0
02/12/2021,176200,8047730000,45.8(0.88 %),176200,8047730000,0,0,578604435,0.02
03/12/2021,161200,7322080000,44.8(-1.54 %),161200,7322080000,0,0,578443235,0.01
06/12/2021,38300,1696810000,43.2(-4.64 %),38400,1701220000,100,4410000,578404935,0.01
07/12/2021,108600,4726650000,44(0.23 %),109600,4770050000,1000,43400000,578296335,0.01
08/12/2021,50300,2214090000,44(1.15 %),50300,2214090000,0,0,578246035,0.01
09/12/2021,10100,448350000,44.5(1.14 %),10100,448350000,0,0,578235935,0.0
10/12/2021,-25000,-1115000000,44.8(0.45 %),0,0,25000,1115000000,578260935,0.0
13/12/2021,83900,3751590000,44.5(-0.22 %),83900,3751590000,0,0,578177035,0.01
14/12/2021,93300,4099020000,44.1(-1.12 %),95300,4187420000,2000,88400000,578083735,0.01
15/12/2021,128200,5694030000,44.7(1.59 %),128300,5698430000,100,4400000,577955535,0.01
16/12/2021,58400,2597090000,44.4(0.00 %),58400,2597090000,0,0,577897135,0.01
17/12/2021,96300,4272180000,44.1(-0.68 %),96300,4272180000,0,0,577800835,0.01
20/12/2021,-2100,-91310000,43.8(-0.90 %),400,17490000,2500,108800000,577802935,0.0
21/12/2021,100000,4405890000,44.1(1.15 %),150000,6603630000,50000,2197740000,577702935,0.01
22/12/2021,179300,7985730000,44.6(1.36 %),369800,16473140000,190500,8487410000,577523635,0.01
23/12/2021,-4600,-208080000,44.7(0.45 %),170000,7650267000,174600,7858347000,577335835,5.55
24/12/2021,-20200,-894790000,44.8(-0.67 %),2600,115000000,22800,1009790000,577383235,5.55
27/12/2021,23100,1032610000,44.4(0.23 %),58000,2582828400,34900,1550218400,577510435,5.54
28/12/2021,126300,5629750000,0(0.00 %),224200,9979630000,97900,4349880000,577384135,0.01
29/12/2021,26000,1150420000,44.5(0.23 %),50000,2211810000,24000,1061390000,577280835,5.56
30/12/2021,-7500,-330650000,44.2(0.00 %),0,0,7500,330650000,577378735,5.55
31/12/2021,-26400,-1157470000,44.4(0.68 %),300,13140000,26700,1170610000,577402435,5.55
04/01/2022,0,0,43.3(-1.14 %),0,0,0,0,577332435,5.55
05/01/2022,70350,3096440900,43.6(0.93 %),1293350,56563389500,1223000,53466948600,577063585,5.57
06/01/2022,-41363,-1798484200,43.5(-0.46 %),103237,4493980800,144600,6292465000,577464948,5.54
07/01/2022,-19100,-828070000,43.1(-0.92 %),119400,5151164500,138500,5979234500,577648048,5.53
10/01/2022,5700,255080000,42.8(-0.93 %),112600,4852080000,106900,4597000000,577595048,5.53
11/01/2022,15100,646780000,42.6(-0.93 %),315100,13494280000,300000,12847500000,577641148,5.53
12/01/2022,300,12690000,42.5(-0.70 %),300,12690000,0,0,577747748,5.52
13/01/2022,80900,3477370000,43.1(1.41 %),460100,19790301400,379200,16312931400,577665448,5.53
14/01/2022,7600,321040000,43(0.00 %),14400,610130000,6800,289090000,577651048,5.53
17/01/2022,144400,6202040000,42.9(0.94 %),144400,6202040000,0,0,577508048,5.54
18/01/2022,-9000,-372640000,41.9(-2.33 %),5200,219880000,14200,592520000,577509648,5.54
19/01/2022,53900,2263670000,42(0.00 %),53900,2263670000,0,0,577455748,5.54
20/01/2022,2500,106500000,43(2.38 %),2500,106500000,0,0,577467448,5.54
21/01/2022,0,0,42.7(0.95 %),0,0,0,0,577467448,5.54
24/01/2022,19700,825060000,42(-0.47 %),21700,910060000,2000,85000000,577445748,5.54
25/01/2022,-600,-25380000,42.1(0.00 %),0,0,600,25380000,577445748,5.54
26/01/2022,68200,2906520000,42.8(1.42 %),96200,4104920000,28000,1198400000,577351548,5.55
27/01/2022,-3800,-160850000,42.1(-1.17 %),800,33880000,4600,194730000,577351348,5.55
28/01/2022,-900,-38250000,42.4(0.24 %),0,0,900,38250000,577379348,5.55
07/02/2022,20200,868170000,42.9(1.42 %),20200,868170000,0,0,577363748,5.55
08/02/2022,110900,4910020000,44.8(4.19 %),118200,5234900000,7300,324880000,577246448,5.56
09/02/2022,-3100,-135120000,44.6(0.90 %),8400,375170000,11500,510290000,577238048,5.56
10/02/2022,11100,498370000,44.7(0.00 %),11100,498370000,0,0,577234248,5.56
11/02/2022,55800,2489980000,44.5(-0.89 %),57300,2556880000,1500,66900000,577188448,5.56
14/02/2022,25000,1105450000,44.5(-0.45 %),25000,1105450000,0,0,577163448,5.57
15/02/2022,200,8710000,43.6(-1.36 %),200,8710000,0,0,577164748,5.56
16/02/2022,45200,1994440000,44.6(2.06 %),45200,1994440000,0,0,577119548,5.57
17/02/2022,23100,1027810000,44.7(1.59 %),23100,1027810000,0,0,577096448,5.57
18/02/2022,7000,312200000,44.5(0.00 %),7000,312200000,0,0,577089448,5.57
21/02/2022,9100,404170000,44.5(0.00 %),9500,421810000,400,17640000,577079948,5.57
22/02/2022,28600,1261320000,44.4(0.45 %),28600,1261320000,0,0,577051348,5.57
23/02/2022,3200,141240000,44.2(0.23 %),3200,141240000,0,0,577048548,5.57
24/02/2022,5200,228390000,43.7(-1.13 %),5200,228390000,0,0,577043348,5.57
25/02/2022,1000,43900000,43.8(0.00 %),1000,43900000,0,0,577042348,5.57
28/02/2022,1000,43940000,44(0.23 %),1000,43940000,0,0,577041348,5.57
01/03/2022,41500,1858330000,45(2.27 %),41500,1858330000,0,0,576999848,5.58
02/03/2022,50900,2277170000,44.8(0.22 %),155000,6930300000,104100,4653130000,576944848,5.58
03/03/2022,30000,1343670000,45.1(0.67 %),32300,1446960000,2300,103290000,576912548,5.58
04/03/2022,18000,809830000,45.2(0.67 %),18000,809830000,0,0,576898648,5.58
07/03/2022,42200,1899490000,45.1(-0.22 %),67700,3044740000,25500,1145250000,576833248,5.59
08/03/2022,67200,3021430000,45.1(0.22 %),72700,3269060000,5500,247630000,576760548,5.6
09/03/2022,49400,2217180000,45(0.00 %),68900,3089930000,19500,872750000,576717148,5.6
10/03/2022,-300,-42850000,46.9(4.69 %),73500,3391910000,73800,3434760000,576649148,5.6
11/03/2022,-1800,-84540000,46.1(-1.07 %),7900,366750000,9700,451290000,576660748,5.6
14/03/2022,3500,163600000,46.2(-0.65 %),17100,792820000,13600,629220000,576717448,5.6
15/03/2022,40500,1846310000,45.5(-1.73 %),60500,2755010000,20000,908700000,576666648,5.6
16/03/2022,11600,527140000,45.4(-0.22 %),27400,1247210000,15800,720070000,576652848,5.6
17/03/2022,19200,875260000,45.8(0.66 %),19300,879810000,100,4550000,576653548,5.6
18/03/2022,60800,2792890000,46(1.10 %),60800,2792890000,0,0,576608548,5.61
21/03/2022,8700,399990000,46(0.00 %),10200,469140000,1500,69150000,576598448,5.61
22/03/2022,35300,1616900000,45.9(-0.22 %),36300,1662800000,1000,45900000,576562148,5.61
23/03/2022,28400,1301480000,45.9(0.22 %),30100,1379340000,1700,77860000,576533548,5.61
24/03/2022,5100,234120000,46(0.44 %),5400,247890000,300,13770000,576529148,5.61
25/03/2022,1100,50160000,45.7(-0.65 %),1100,50160000,0,0,576529748,5.61
28/03/2022,-4300,-195240000,45.2(-1.09 %),100,4520000,4400,199760000,576529948,5.61
29/03/2022,66000,2981760000,45.2(-0.22 %),66000,2981760000,0,0,576463948,5.62
30/03/2022,263800,12099990000,46.4(2.65 %),263800,12099990000,0,0,576204548,5.64
31/03/2022,75400,3563720000,47.9(4.59 %),83300,3943160000,7900,379440000,576121248,5.64
01/04/2022,63800,3038490000,47.7(0.21 %),63800,3038490000,0,0,576057448,5.65
04/04/2022,2900,139750000,49.4(3.78 %),3400,164500000,500,24750000,576061948,5.65
05/04/2022,-2800,-137180000,49.1(0.00 %),5200,256720000,8000,393900000,576056748,5.65
06/04/2022,39300,1925360000,49.3(0.00 %),39300,1925360000,0,0,576017948,5.65
07/04/2022,8600,413540000,48(-1.84 %),8600,413540000,0,0,576017348,5.65
08/04/2022,48700,2339420000,48.2(0.21 %),50700,2435100000,2000,95680000,575966648,5.66
12/04/2022,33200,1590360000,48.1(0.21 %),37000,1775800000,3800,185440000,575933448,0.0
13/04/2022,20300,974050000,48.4(0.62 %),23000,1104050000,2700,130000000,575929648,5.66
14/04/2022,25800,1284970000,50.2(4.15 %),30000,1491530000,4200,206560000,575882448,5.66
15/04/2022,0,0,0(0.00 %),0,0,0,0,575884548,5.66
18/04/2022,0,0,0(0.00 %),0,0,0,0,575888748,5.66
19/04/2022,0,0,51.3(0.98 %),0,0,0,0,575864448,5.66
20/04/2022,-145700,-7402680000,50.3(-3.08 %),62300,3149090000,208000,10551770000,575802148,5.67
21/04/2022,-85900,-4256870000,49.6(-1.98 %),69600,3448740000,155500,7705610000,575741448,5.67
22/04/2022,-308000,-15134650000,47.5(-3.85 %),175200,8409790000,483200,23544440000,575774248,5.67
25/04/2022,-26500,-1223240000,45.9(-3.77 %),43000,1987100000,69500,3210340000,575886748,5.66
26/04/2022,-34300,-1534370000,46.8(0.86 %),52900,2405240000,87200,3939610000,576317048,5.63
27/04/2022,-196000,-8758050000,45(-0.66 %),50000,2295030000,246000,11053080000,576336548,5.63
28/04/2022,-99500,-4484580000,45.8(2.00 %),235500,10745320000,335000,15229900000,576188248,5.64
29/04/2022,-173500,-7979030000,46(1.10 %),58500,2700100000,232000,10679130000,576375748,5.62
04/05/2022,800,36420000,45.5(-1.30 %),800,36420000,0,0,576709948,5.6
05/05/2022,2200,99240000,45.4(-0.22 %),2200,99240000,0,0,576939748,5.58
06/05/2022,-3000,-132770000,44.4(-1.77 %),1700,76300000,4700,209070000,576938048,5.58
09/05/2022,-14700,-629040000,43(-3.59 %),3100,133550000,17800,762590000,576934948,5.58
10/05/2022,-4200,-163600000,45(5.14 %),18600,794030000,22800,957630000,576921048,5.58
11/05/2022,29600,1306620000,44.7(5.92 %),30100,1328520000,500,21900000,576908748,5.58
12/05/2022,2100,89800000,42.9(-2.28 %),2100,89800000,0,0,576929448,5.58
13/05/2022,2700,119320000,42.5(-1.39 %),195700,8412510000,193000,8293190000,576918948,5.58
16/05/2022,-168700,-7179620000,42.5(0.00 %),0,0,168700,7179620000,576918948,5.58
17/05/2022,-134800,-5742060000,43.4(1.88 %),40100,1734840000,174900,7476900000,576887148,5.59
18/05/2022,3600,156980000,43.2(1.17 %),22100,956560000,18500,799580000,577033748,5.57
19/05/2022,23300,1002450000,43.2(0.00 %),31800,1368080000,8500,365630000,577176848,5.56
20/05/2022,62200,2715810000,43.6(1.40 %),92800,4049600000,30600,1333790000,577102548,5.57
23/05/2022,15200,666870000,43.8(0.46 %),47600,2089830000,32400,1422960000,577063448,5.57
24/05/2022,-24800,-1078860000,43.5(-0.91 %),200,8640000,25000,1087500000,577093848,5.57
25/05/2022,-73800,-3227600000,43.7(0.69 %),46000,2009520000,119800,5237120000,577080248,5.57
26/05/2022,-19700,-864870000,43.8(0.23 %),16700,731310000,36400,1596180000,577088548,5.57
27/05/2022,-61600,-2714300000,44.3(1.14 %),7200,316520000,68800,3030820000,577201148,5.56
30/05/2022,-61400,-2717330000,44.2(0.45 %),2000,88700000,63400,2806030000,577235548,5.56
31/05/2022,500,22020000,44.2(-0.23 %),500,22020000,0,0,577303848,5.55
01/06/2022,-12900,-567710000,43.9(-0.45 %),30400,1332430000,43300,1900140000,577336848,5.55
02/06/2022,-2800,-122650000,43.9(0.00 %),0,0,2800,122650000,577336848,5.55
03/06/2022,50600,2261650000,44.5(1.60 %),50800,2270430000,200,8780000,577329348,5.55
06/06/2022,176600,8190860000,46.7(4.71 %),176600,8190860000,0,0,577155548,5.57
07/06/2022,11700,546170000,46.6(0.65 %),27900,1299130000,16200,752960000,577127848,5.57
08/06/2022,7800,365820000,46.5(0.00 %),7800,365820000,0,0,577120048,5.57
09/06/2022,-14200,-661360000,47(0.43 %),100,4670000,14300,666030000,577136148,5.57
10/06/2022,-8200,-386190000,46(-1.50 %),2200,103110000,10400,489300000,577133948,5.57
13/06/2022,2200,99240000,44.7(-3.87 %),3000,135000000,800,35760000,577145248,5.57
14/06/2022,-7200,-321930000,44.5(-0.89 %),2200,99120000,9400,421050000,577153448,5.57
15/06/2022,-4000,-176400000,44.4(-0.67 %),0,0,4000,176400000,577154248,5.57
16/06/2022,400,17760000,44.6(0.68 %),400,17760000,0,0,577163248,5.57
17/06/2022,100,4400000,44.3(-0.45 %),100,4400000,0,0,577167148,5.56
20/06/2022,-9600,-422400000,43.5(-1.14 %),0,0,9600,422400000,577167148,5.56
21/06/2022,-213300,-9195930000,42.8(-2.06 %),4600,198740000,217900,9394670000,577162548,5.57
22/06/2022,1100,47800000,44(2.09 %),1200,52200000,100,4400000,577170948,5.56
23/06/2022,2200,96100000,44.8(2.05 %),6100,266570000,3900,170470000,577382748,5.55
24/06/2022,1000,44480000,44.4(0.91 %),1000,44480000,0,0,577381848,5.55
27/06/2022,-55100,-2420700000,43.7(-1.58 %),100,4390000,55200,2425090000,577385648,5.55
28/06/2022,-25700,-1138030000,44.8(2.05 %),0,0,25700,1138030000,577385648,5.55
29/06/2022,-124900,-5505760000,43.9(-0.90 %),1300,57060000,126200,5562820000,577439548,5.54
30/06/2022,-30600,-1331330000,44.9(1.81 %),0,0,30600,1331330000,577465248,5.54
01/07/2022,200,8780000,44(0.92 %),200,8780000,0,0,577591248,5.53
04/07/2022,-272600,-11806110000,43.7(0.00 %),1000,43490000,273600,11849600000,577620848,5.53
05/07/2022,-190700,-8249200000,43.2(-0.23 %),0,0,190700,8249200000,577620848,5.53
06/07/2022,-30400,-1313180000,42.9(-0.69 %),0,0,30400,1313180000,577894448,5.51
07/07/2022,-96600,-4154800000,43.5(0.69 %),0,0,96600,4154800000,578085148,5.5
08/07/2022,-318100,-13643940000,43.6(1.40 %),3800,163380000,321900,13807320000,578111748,5.49
11/07/2022,-42300,-1815860000,43.2(0.70 %),700,30100000,43000,1845960000,578207648,5.49
12/07/2022,-318700,-13575070000,42.7(-0.70 %),77600,3337550000,396300,16912620000,578451948,5.47
13/07/2022,-5000,-216000000,43.5(1.87 %),0,0,5000,216000000,578494948,5.46
14/07/2022,-27700,-1208270000,43.8(1.15 %),0,0,27700,1208270000,578891248,5.44
15/07/2022,-376700,-16183880000,43.5(-0.23 %),0,0,376700,16183880000,578896248,5.43
18/07/2022,300,12900000,43.2(0.47 %),300,12900000,0,0,578923648,5.43
19/07/2022,0,0,43.5(1.40 %),0,0,0,0,579300348,5.4
20/07/2022,-26900,-1165050000,43.4(0.70 %),2400,103680000,29300,1268730000,579297948,5.4
21/07/2022,0,0,43.5(0.46 %),0,0,0,0,579297948,5.4
22/07/2022,-41000,-1779090000,43.4(0.23 %),300,13050000,41300,1792140000,579326948,5.4
25/07/2022,-22800,-1003670000,44(1.38 %),300,13310000,23100,1016980000,579326648,5.4
26/07/2022,-5200,-228800000,43.8(-0.68 %),0,0,5200,228800000,579367948,5.4
27/07/2022,-49700,-2176980000,44(0.23 %),300,13110000,50000,2190090000,579390748,5.4
28/07/2022,-39000,-1718890000,44.2(0.91 %),1000,44400000,40000,1763290000,579394948,5.4
29/07/2022,-39500,-1743030000,44.5(0.91 %),500,22100000,40000,1765130000,579444448,5.39
01/08/2022,51900,2347890000,45.5(2.94 %),105000,4733740000,53100,2385850000,579379448,5.4
02/08/2022,10800,486170000,45(0.00 %),10800,486170000,0,0,579408648,5.4
03/08/2022,6300,283530000,44.8(-0.44 %),6600,297000000,300,13470000,579455148,5.39
04/08/2022,133700,6053620000,45.6(1.56 %),133700,6053620000,0,0,579321448,5.4
05/08/2022,7500,338100000,45.2(0.22 %),11000,496080000,3500,157980000,579310748,5.4
08/08/2022,42200,1902660000,45.2(0.22 %),42200,1902660000,0,0,579268548,5.41
09/08/2022,71400,3297650000,45.9(1.77 %),72000,3325370000,600,27720000,579200048,5.41
10/08/2022,1300,59390000,45.4(-1.52 %),1300,59390000,0,0,579198748,5.41
11/08/2022,33500,1527890000,45.5(-0.44 %),33500,1527890000,0,0,579165848,5.41
12/08/2022,16200,735220000,45.5(-0.22 %),16200,735220000,0,0,579149648,5.42
15/08/2022,20700,951100000,46(1.32 %),20700,951100000,0,0,579128948,5.42
16/08/2022,63600,2932330000,46.1(0.22 %),67600,3114660000,4000,182330000,579061348,5.42
17/08/2022,20100,923440000,46(-0.22 %),20600,946390000,500,22950000,579040748,5.42
18/08/2022,-37100,-1663240000,45(-1.96 %),33100,1517330000,70200,3180570000,579011648,5.43
19/08/2022,400,18120000,45.1(-0.66 %),500,22640000,100,4520000,579011648,5.43
22/08/2022,-83300,-3739550000,44.7(-0.89 %),0,0,83300,3739550000,579081848,5.42
23/08/2022,-91200,-4061950000,44.5(-0.89 %),500,22340000,91700,4084290000,579081448,5.42
24/08/2022,74000,3366080000,45.8(2.92 %),74000,3366080000,0,0,579090748,5.42
25/08/2022,-6000,-270020000,45.1(-0.66 %),0,0,6000,270020000,579182448,5.41
26/08/2022,0,0,45(-0.22 %),0,0,0,0,579182448,5.41
29/08/2022,-235700,-10419360000,44.3(-1.56 %),300,13350000,236000,10432710000,579188148,5.41
30/08/2022,2000,89000000,44.6(0.90 %),2000,89000000,0,0,579186148,5.41
31/08/2022,0,0,45.3(1.80 %),0,0,0,0,579422148,5.4
05/09/2022,36300,1631160000,45.1(1.12 %),36300,1631160000,0,0,579385848,5.4
06/09/2022,0,0,45.1(0.45 %),0,0,0,0,579385848,5.4
07/09/2022,2700,121910000,44.6(-1.33 %),178500,8068070000,175800,7946160000,579383148,5.4
08/09/2022,38700,1730940000,44.6(-0.45 %),42800,1914130000,4100,183190000,579340348,5.4
09/09/2022,10000,446000000,44.7(0.00 %),10000,446000000,0,0,579330348,5.4
12/09/2022,92600,4275570000,46.6(4.48 %),92600,4275570000,0,0,579241848,5.41
13/09/2022,60600,2818900000,46.4(0.43 %),67900,3157930000,7300,339030000,579173948,5.41
14/09/2022,22100,1022420000,47(1.08 %),24400,1128370000,2300,105950000,579149548,5.42
15/09/2022,-33700,-1579470000,46.8(0.43 %),1200,56840000,34900,1636310000,0,5.42
16/09/2022,-14500,-680070000,47(0.21 %),50000,2345670000,64500,3025740000,579107948,5.42
19/09/2022,-400,-18430000,46.3(-1.28 %),2100,98070000,2500,116500000,579105848,0.0
20/09/2022,-63100,-2869550000,45.7(-1.72 %),21000,961800000,84100,3831350000,579184248,5.41
21/09/2022,-66000,-3012760000,45.7(0.00 %),48800,2228040000,114800,5240800000,579174948,5.41
22/09/2022,-974000,-43184440000,44.2(-3.07 %),26000,1155160000,1000000,44339600000,579233048,5.41
23/09/2022,0,0,46.9(5.63 %),0,0,0,0,579233048,0.0
26/09/2022,-405800,-18263140000,45(-3.23 %),100,4500000,405900,18267640000,580310748,5.33
27/09/2022,-755620,-34022580000,45(0.22 %),0,0,755620,34022580000,580310748,5.33
28/09/2022,-454100,-20485430000,44.9(-0.22 %),81500,3680750000,535600,24166180000,580635148,5.3
29/09/2022,-179800,-8041060000,44(-2.44 %),191700,8619530000,371500,16660590000,581279268,5.26
30/09/2022,31200,1361830000,44.5(-0.22 %),31200,1361830000,0,0,581783668,5.22
03/10/2022,200,8740000,43.3(-0.69 %),200,8740000,0,0,582074768,5.2
04/10/2022,-8500,-369680000,43.3(0.00 %),1300,56850000,9800,426530000,582073468,5.2
05/10/2022,37400,1637230000,44(1.15 %),45500,1992750000,8100,355520000,582027968,5.2
06/10/2022,4100,178870000,43.5(-0.68 %),95000,4143010000,90900,3964140000,582032768,5.2
07/10/2022,24800,1068060000,43.1(-1.15 %),25000,1076660000,200,8600000,582015868,5.2
10/10/2022,-393000,-16900850000,43(-0.23 %),4000,172960000,397000,17073810000,582012768,5.2
11/10/2022,-633700,-27248670000,43(0.00 %),1300,55770000,635000,27304440000,582011668,5.2
12/10/2022,-223000,-9596450000,43(0.00 %),100,4300000,223100,9600750000,582408568,5.17
13/10/2022,-292900,-12558170000,42.8(-0.47 %),8200,352480000,301100,12910650000,583035368,5.12
14/10/2022,-7000,-302190000,43.3(0.93 %),4500,193600000,11500,495790000,583253968,5.11
17/10/2022,8500,368520000,43.6(0.93 %),13500,587520000,5000,219000000,583541568,5.09
18/10/2022,-566800,-24641780000,43.5(0.23 %),55000,2392500000,621800,27034280000,583498068,5.09
19/10/2022,-400,-19240000,45.1(3.68 %),26600,1188630000,27000,1207870000,583476468,5.09
20/10/2022,-52000,-2322390000,44.6(-0.45 %),0,0,52000,2322390000,584098268,5.04
21/10/2022,-4300,-193290000,43.5(-2.68 %),3200,141280000,7500,334570000,584122068,5.04
24/10/2022,3600,157460000,43.5(-0.46 %),3600,157460000,0,0,584170468,5.04
25/10/2022,-69100,-3012790000,43.9(0.46 %),300,13110000,69400,3025900000,584177668,5.04
26/10/2022,-26600,-1183920000,44.4(1.83 %),102200,4541630000,128800,5725550000,584075468,5.04
27/10/2022,-300200,-13165290000,43.9(-1.13 %),139100,6116530000,439300,19281820000,584005768,5.05
28/10/2022,800,31680000,39.3(-0.25 %),800,31680000,0,0,584133768,5.04
31/10/2022,38800,1505880000,39(-1.27 %),45800,1779240000,7000,273360000,584527268,5.01
01/11/2022,40,1560000,38.9(0.26 %),40,1560000,0,0,584527228,5.01
02/11/2022,172900,6847000000,39.9(2.57 %),172900,6847000000,0,0,584361328,5.02
03/11/2022,-10100,-393820000,39(-1.52 %),2900,114340000,13000,508160000,584358428,5.02
04/11/2022,35800,1365920000,38.4(-1.79 %),35800,1365920000,0,0,584322628,5.03
07/11/2022,100200,3666801100,37.5(-1.06 %),280600,10259640000,180400,6592838900,584055028,5.05
08/11/2022,59500,2211750000,37.9(3.27 %),219500,8037840000,160000,5826090000,583835528,5.06
09/11/2022,46400,1750510000,38.1(2.42 %),46400,1750510000,0,0,583969528,5.05
10/11/2022,206300,7825590000,36.9(-1.86 %),206300,7825590000,0,0,583923228,5.06
11/11/2022,88400,3305210000,37.5(0.00 %),92200,3447280000,3800,142070000,583831028,5.06
14/11/2022,91500,3364690000,36.8(-1.60 %),270400,9977930000,178900,6613240000,583710628,5.07
15/11/2022,113901,3901316700,34.3(-6.54 %),113901,3901316700,0,0,583600527,5.08
16/11/2022,32400,1118060000,34.3(-1.72 %),32400,1118060000,0,0,583597027,5.08
17/11/2022,108500,3908360000,35.5(5.65 %),1279700,46007636000,1171200,42099276000,583485327,5.09
18/11/2022,36300,1289800000,36.3(0.00 %),36300,1289800000,0,0,583449027,5.09
21/11/2022,-40800,-1438640000,35.4(-0.56 %),152400,5398260000,193200,6836900000,583299827,5.1
22/11/2022,127300,4547000000,36.5(3.40 %),127400,4550670000,100,3670000,583172427,5.11
23/11/2022,22000,811600000,36.7(1.66 %),22000,811600000,0,0,583343627,5.1
24/11/2022,33100,1258100000,37.3(0.00 %),35300,1339940000,2200,81840000,583308427,5.1
25/11/2022,2200,83190000,38(0.00 %),2200,83190000,0,0,583306227,5.1
28/11/2022,16100,609580000,38.9(2.10 %),16100,609580000,0,0,583290127,0.0
29/11/2022,-19300,-735400000,38.5(1.05 %),0,0,19300,735400000,583292327,0.0
30/11/2022,-11900,-455650000,39.4(3.41 %),0,0,11900,455650000,583292327,0.0
01/12/2022,50000,1954660000,39(1.04 %),2076300,80793740000,2026300,78839080000,583216027,0.0
02/12/2022,7400,287070000,39(0.00 %),17600,682340000,10200,395270000,583217727,0.0
05/12/2022,5400,210010000,39.2(0.77 %),18900,735610000,13500,525600000,583210727,0.0
06/12/2022,-216500,-8412730000,38.6(-0.77 %),7700,293690000,224200,8706420000,583229327,0.0
07/12/2022,76300,2948650000,38.8(1.31 %),79200,3060070000,2900,111420000,583160327,0.0
08/12/2022,-103700,-3943730000,38.4(-0.78 %),25800,985300000,129500,4929030000,583372227,5.1
09/12/2022,101600,3942530000,38.9(2.10 %),101600,3942530000,0,0,583273527,5.11
12/12/2022,12200,474490000,38.5(-0.77 %),12200,474490000,0,0,583261327,0.0
13/12/2022,23400,908010000,38.8(0.00 %),32200,1249450000,8800,341440000,583358627,0.0
14/12/2022,81000,3188710000,39.9(2.84 %),118000,4642650000,37000,1453940000,583240627,0.0
15/12/2022,23200,927950000,40.5(3.05 %),23200,927950000,0,0,583217427,0.0
16/12/2022,7400,295000000,40.4(0.75 %),7400,295000000,0,0,583218827,0.0
19/12/2022,65300,2632110000,40(0.25 %),91200,3676940000,25900,1044830000,583164627,0.0
20/12/2022,79720,3186303000,40.3(0.00 %),150220,6011083000,70500,2824780000,583014407,0.0
21/12/2022,-590,-23601000,39.8(-0.50 %),10,399000,600,24000000,583014397,0.0
22/12/2022,0,0,39.7(0.00 %),0,0,0,0,583040297,0.0
23/12/2022,0,0,39.3(0.00 %),0,0,0,0,583110797,0.0
26/12/2022,-1200,-46530000,38.9(-1.02 %),0,0,1200,46530000,583111397,0.0
27/12/2022,0,0,38.8(0.26 %),0,0,0,0,583111397,0.0
28/12/2022,-2600,-100270000,38.6(-0.77 %),0,0,2600,100270000,583112597,5.12
29/12/2022,4300,167800000,39.2(1.55 %),64100,2509280000,59800,2341480000,583048497,5.12
30/12/2022,-10600,-409250000,40.8(4.35 %),0,0,10600,409250000,583051097,5.12
03/01/2023,0,-450000,40(1.78 %),5100,199980000,5100,200430000,583045997,0.0
04/01/2023,37400,1490690000,39.9(1.01 %),116500,4640790000,79100,3150100000,582999897,5.13
05/01/2023,-8260,-330004000,39.8(0.00 %),40,1616000,8300,331620000,583004957,5.13
06/01/2023,-16600,-656420000,39(-2.50 %),14700,580910000,31300,1237330000,583069357,5.12
09/01/2023,500,19770000,39.2(-0.76 %),2000,78680000,1500,58910000,583075657,5.12
10/01/2023,-4700,-182880000,38.9(-1.02 %),0,0,4700,182880000,583106957,5.12
11/01/2023,-6300,-244370000,39(0.26 %),3300,128650000,9600,373020000,583105157,5.12
12/01/2023,-2700,-104720000,38.8(-0.26 %),0,0,2700,104720000,583109857,5.12
13/01/2023,-60300,-2319250000,38.5(-0.77 %),153500,5901612000,213800,8220862000,583056957,5.12
16/01/2023,-243000,-9053390000,37.5(-2.60 %),4700,175200000,247700,9228590000,583054957,5.12
17/01/2023,-15100,-570340000,38.1(2.14 %),39800,1509400000,54900,2079740000,583137957,5.12
18/01/2023,-16600,-629270000,37.9(0.00 %),3200,121230000,19800,750500000,583382457,5.1
19/01/2023,6100,231690000,38(0.26 %),6100,231690000,0,0,583431257,5.09
27/01/2023,133200,5266760000,39.6(4.21 %),133200,5266760000,0,0,583317857,5.1
30/01/2023,129700,5169040000,40.2(1.77 %),129700,5169040000,0,0,583188157,5.11
31/01/2023,23400,960190000,41.1(3.01 %),23400,960190000,0,0,583164757,5.11
01/02/2023,-4400,-180620000,40.4(-1.46 %),0,0,4400,180620000,583164757,5.11
02/02/2023,17800,719560000,40.2(-2.19 %),17800,719560000,0,0,583146957,5.11
03/02/2023,30600,1239730000,40.3(-0.25 %),31400,1272210000,800,32480000,583119957,5.12
06/02/2023,23500,951670000,40.5(0.00 %),26000,1052900000,2500,101230000,583093957,5.12
07/02/2023,27900,1127710000,40.4(-0.25 %),27900,1127710000,0,0,583066857,5.12
08/02/2023,-8100,-326150000,40(-0.99 %),452300,18117250000,460400,18443400000,582617057,5.15
09/02/2023,-485700,-18669620000,38.8(-3.24 %),14300,552810000,500000,19222430000,582602757,5.16
10/02/2023,8300,327210000,39(1.30 %),8300,327210000,0,0,583054857,5.12
13/02/2023,1000,38440000,38.5(-1.79 %),1000,38440000,0,0,583553857,5.08
14/02/2023,14600,564570000,38.8(0.78 %),14600,564570000,0,0,583539257,5.09
15/02/2023,12500,485120000,38.9(0.78 %),12500,485120000,0,0,583526757,5.09
16/02/2023,100,3880000,38.9(0.26 %),100,3880000,0,0,583526657,5.09
17/02/2023,16000,622310000,38.8(0.00 %),31100,1207960000,15100,585650000,583495557,5.09
20/02/2023,-22200,-860400000,38.8(0.26 %),700,26890000,22900,887290000,583494857,5.09
21/02/2023,37200,1458900000,39.4(1.55 %),37200,1458900000,0,0,583472757,5.09
22/02/2023,7000,271210000,39.1(-0.26 %),22000,856210000,15000,585000000,583473657,5.09
23/02/2023,-15200,-585400000,38.6(-0.77 %),1900,73330000,17100,658730000,583471757,5.09
24/02/2023,-100,-3960000,38.5(0.00 %),2500,96420000,2600,100380000,583469257,0.0
27/02/2023,-58000,-2206530000,38(-1.55 %),300,11420000,58300,2217950000,583501057,5.09
28/02/2023,-65600,-2486770000,38(-0.26 %),400,15140000,66000,2501910000,583503257,5.09
01/03/2023,-67900,-2573170000,37.9(0.00 %),100,3790000,68000,2576960000,583561457,5.08
02/03/2023,-51500,-1949870000,37.8(-0.26 %),500,18950000,52000,1968820000,583626957,5.08
03/03/2023,-37900,-1436630000,37.8(-0.26 %),100,3790000,38000,1440420000,583694857,5.07
06/03/2023,-31300,-1188720000,38(0.26 %),0,0,31300,1188720000,583746857,5.07
07/03/2023,-36200,-1373710000,38(0.00 %),0,0,36200,1373710000,583784857,5.07
08/03/2023,-66400,-2499200000,37.6(-0.79 %),2600,98050000,69000,2597250000,583813557,5.06
09/03/2023,-75600,-2855940000,37.9(0.80 %),3700,139870000,79300,2995810000,583846057,5.06
10/03/2023,-7900,-302310000,38.1(0.53 %),2100,79690000,10000,382000000,583912957,5.06
13/03/2023,-2000,-75760000,37.8(-0.79 %),400,15120000,2400,90880000,583912557,0.0
14/03/2023,100,3780000,37.7(-0.53 %),100,3780000,0,0,584001757,5.05
15/03/2023,-100,-3800000,38.1(1.06 %),0,0,100,3800000,584004157,5.05
16/03/2023,-7500,-283620000,37.7(-0.79 %),100,3780000,7600,287400000,584004057,5.05
17/03/2023,0,0,38(0.26 %),0,0,0,0,584004157,5.05
20/03/2023,0,0,37.6(-1.05 %),0,0,0,0,584011757,5.05
21/03/2023,5000,189000000,37.8(-0.26 %),5000,189000000,0,0,584006757,5.05
22/03/2023,16200,612340000,37.9(0.53 %),16200,612340000,0,0,583990557,5.05
23/03/2023,5300,200320000,37.9(0.26 %),5300,200320000,0,0,583985257,5.05
24/03/2023,-2100,-79500000,37.8(-0.26 %),5400,204120000,7500,283620000,583979857,5.05
27/03/2023,-2900,-108350000,37.9(0.26 %),25600,969460000,28500,1077810000,583954257,5.05
28/03/2023,-24400,-924780000,37.8(-0.26 %),500,18950000,24900,943730000,583953757,0.0
29/03/2023,9200,348420000,37.9(0.00 %),22100,837330000,12900,488910000,583967657,5.05
30/03/2023,-13100,-496490000,37.8(-0.26 %),0,0,13100,496490000,583992557,5.05
31/03/2023,-43500,-1638900000,37.6(-0.79 %),5700,214900000,49200,1853800000,583999757,5.05
03/04/2023,-13400,-506690000,37.8(0.27 %),8200,309440000,21600,816130000,584004657,5.05
04/04/2023,-157500,-5915210000,37.6(-0.53 %),1100,41480000,158600,5956690000,584052757,5.05
05/04/2023,-100200,-3757630000,37.6(0.00 %),3100,116790000,103300,3874420000,584071257,5.05
06/04/2023,-56900,-2139610000,37.4(-0.27 %),6200,232500000,63100,2372110000,584223657,5.03
07/04/2023,-31900,-1194970000,37.4(-0.53 %),11600,435530000,43500,1630500000,584315357,5.03
10/04/2023,-48700,-1820840000,37.3(-0.53 %),4600,172430000,53300,1993270000,584373857,5.02
11/04/2023,-83200,-3103010000,37.3(-0.27 %),5500,205140000,88700,3308150000,584411857,5.02
12/04/2023,-17500,-655480000,37.3(0.00 %),15600,584790000,33100,1240270000,584429357,0.0
13/04/2023,-20300,-760460000,37.5(0.00 %),953000,35605750000,973300,36366210000,584535257,5.01
14/04/2023,-8700,-324860000,37.3(-0.53 %),7800,293120000,16500,617980000,584560557,5.01
17/04/2023,-22000,-815690000,37(-1.07 %),100,3700000,22100,819390000,584583757,5.01
18/04/2023,8500,315560000,36.9(-0.54 %),43100,1594330000,34600,1278770000,584557157,5.01
19/04/2023,-6900,-254790000,36.9(-0.27 %),4400,161920000,11300,416710000,584574857,5.01
20/04/2023,-20800,-765480000,36.8(-0.27 %),3400,125100000,24200,890580000,584595657,0.0
21/04/2023,-25800,-958350000,36.9(0.27 %),500,18550000,26300,976900000,584616857,5.0
24/04/2023,-7900,-292550000,36.9(-0.54 %),1400,51920000,9300,344470000,584639657,5.0
25/04/2023,-46200,-1699420000,36.7(-0.81 %),6100,224790000,52300,1924210000,584659857,5.0
26/04/2023,-13500,-493760000,36.7(-0.27 %),200,7340000,13700,501100000,584668957,5.0
27/04/2023,-9900,-362340000,36.9(0.82 %),0,0,9900,362340000,584678857,0.0
28/04/2023,0,-110000,37.1(0.82 %),300,11140000,300,11250000,584678857,0.0
04/05/2023,0,0,36.8(-0.27 %),0,0,0,0,584734657,0.0
05/05/2023,1000,36850000,37(0.27 %),1000,36850000,0,0,584743857,4.99
08/05/2023,3800,140550000,36.9(0.00 %),3800,140550000,0,0,584740057,4.99
09/05/2023,-8000,-296140000,37(0.27 %),5000,184860000,13000,481000000,584735057,5.0
10/05/2023,-26700,-986480000,37(0.27 %),20300,752020000,47000,1738500000,584761757,0.0
11/05/2023,23200,859510000,37(0.00 %),23200,859510000,0,0,584738557,0.0
12/05/2023,21800,808760000,37.2(0.81 %),28200,1044230000,6400,235470000,584723357,5.0
15/05/2023,-20800,-790070000,37.9(2.43 %),22500,848550000,43300,1638620000,584744157,0.0
16/05/2023,1900,72120000,38(0.53 %),22300,847610000,20400,775490000,584742257,0.0
17/05/2023,-19800,-759250000,38.4(1.05 %),23800,915750000,43600,1675000000,584762057,0.0
18/05/2023,-14500,-554710000,38.4(0.00 %),1100,42430000,15600,597140000,584776557,0.0
19/05/2023,-800,-30760000,38.1(-0.26 %),0,0,800,30760000,584777357,0.0
22/05/2023,100,3790000,38.3(0.00 %),300,11470000,200,7680000,584777257,0.0
23/05/2023,-3700,-140650000,38(-0.78 %),500,18950000,4200,159600000,584780957,0.0
24/05/2023,6300,238140000,37.8(-1.05 %),6600,249570000,300,11430000,584774657,0.0
25/05/2023,5000,189000000,37.8(-0.26 %),5000,189000000,0,0,584769657,0.0
26/05/2023,0,0,38.6(1.85 %),0,0,0,0,584769657,0.0
29/05/2023,6800,263840000,38.6(0.52 %),6800,263840000,0,0,584762857,0.0
30/05/2023,-200,-8840000,38.2(-1.29 %),4400,169180000,4600,178020000,584763057,0.0
31/05/2023,200,7560000,38(-0.52 %),200,7560000,0,0,584762857,0.0
01/06/2023,-11600,-447930000,38.5(1.32 %),27900,1071800000,39500,1519730000,584736757,0.0
02/06/2023,-16700,-643240000,38.5(0.00 %),23900,922450000,40600,1565690000,584753457,0.0
05/06/2023,-5000,-191530000,38.4(-0.52 %),21000,808800000,26000,1000330000,584758457,0.0
06/06/2023,-12700,-486140000,38.3(-0.52 %),600,22970000,13300,509110000,584771157,0.0
07/06/2023,-29100,-1114680000,38.3(0.26 %),5600,214640000,34700,1329320000,584800257,0.0
08/06/2023,-41400,-1589760000,38.3(0.00 %),0,0,41400,1589760000,584841657,0.0
09/06/2023,-1000,-38300000,38.2(-0.52 %),1000,38300000,2000,76600000,584842657,0.0
12/06/2023,2302,87656200,38.4(0.79 %),4002,152596200,1700,64940000,584840355,0.0
13/06/2023,-40100,-1539840000,38.4(0.52 %),0,0,40100,1539840000,584880455,0.0
14/06/2023,2800,106950000,38.1(-0.78 %),2800,106950000,0,0,584877655,0.0
15/06/2023,-3900,-147870000,38(-0.26 %),7100,269810000,11000,417680000,584881555,0.0
16/06/2023,1800,68580000,38.2(0.53 %),2000,76200000,200,7620000,584912655,4.98
19/06/2023,20000,761170000,38.1(-0.26 %),20000,761170000,0,0,584903655,4.98
20/06/2023,0,0,38.1(0.26 %),0,0,0,0,584903855,4.98
21/06/2023,-9780,-372646000,38(0.00 %),3020,115164000,12800,487810000,584900835,4.98
22/06/2023,-2600,-98970000,38.1(0.00 %),400,15250000,3000,114220000,584903435,0.0
23/06/2023,-9800,-371870000,38(-0.26 %),10200,389130000,20000,761000000,584903035,4.98
26/06/2023,-3497,-133435400,38(-0.26 %),11003,417114600,14500,550550000,584895032,4.98
27/06/2023,-27600,-1048800000,38(0.00 %),500,19000000,28100,1067800000,584914532,4.98
28/06/2023,-10400,-395520000,38(0.00 %),5200,197280000,15600,592800000,584923832,4.98
29/06/2023,-40300,-1526070000,37.8(-0.53 %),34700,1315250000,75000,2841320000,584889132,0.0
30/06/2023,-67000,-2527890000,37.8(-0.26 %),2000,75510000,69000,2603400000,584930832,4.98
03/07/2023,-4900,-184400000,37.8(0.27 %),17100,645440000,22000,829840000,584988732,4.98
04/07/2023,-47300,-1779110000,37.7(0.00 %),23700,892000000,71000,2671110000,585034032,4.97
05/07/2023,-62300,-2341830000,37.6(0.00 %),4300,161560000,66600,2503390000,585051732,4.97
06/07/2023,-45600,-1709790000,37.5(-0.27 %),47400,1779960000,93000,3489750000,585075332,4.97
07/07/2023,-35500,-1329610000,37.5(0.00 %),0,0,35500,1329610000,585141932,4.96
10/07/2023,-201000,-7527000000,37.5(0.00 %),3500,131220000,204500,7658220000,585231432,4.96
11/07/2023,-97700,-3657620000,37.5(0.00 %),7000,262010000,104700,3919630000,585259932,4.96
12/07/2023,-77400,-2909640000,37.6(0.53 %),3600,135070000,81000,3044710000,585460832,4.94
13/07/2023,-121700,-4597530000,37.6(0.00 %),7000,263900000,128700,4861430000,585558532,4.93
14/07/2023,-112900,-4232750000,37.6(-0.53 %),6100,229360000,119000,4462110000,585633432,4.93
17/07/2023,-521100,-19481730000,37.3(-0.53 %),4900,183270000,526000,19665000000,585757232,4.92
18/07/2023,-270900,-10196350000,37.7(0.80 %),16300,613100000,287200,10809450000,585859932,4.91
19/07/2023,-64900,-2443960000,37.5(-0.27 %),19100,719170000,84000,3163130000,586366832,4.87
20/07/2023,-163400,-6174900000,37.9(0.53 %),22000,831300000,185400,7006200000,586344832,0.0
21/07/2023,-581100,-22426110000,38.7(2.38 %),52100,2018410000,633200,24444520000,586663932,4.85
24/07/2023,-320600,-12444010000,38.6(-0.26 %),2600,100810000,323200,12544820000,586846732,4.84
25/07/2023,-262700,-10087220000,38.2(-1.80 %),9800,376430000,272500,10463650000,587470132,4.79
26/07/2023,-697660,-26369274000,37.6(-2.08 %),4740,179896000,702400,26549170000,588167792,0.0
27/07/2023,14000,527810000,37.9(0.26 %),14000,527810000,0,0,588153792,0.0
28/07/2023,200,7580000,38(0.53 %),200,7580000,0,0,588046892,0.0
31/07/2023,-258400,-9737230000,37.7(-0.53 %),1600,60340000,260000,9797570000,588747692,4.69
01/08/2023,0,0,0(0.00 %),0,0,0,0,588747092,4.69
02/08/2023,0,0,0(0.00 %),0,0,0,0,588998092,4.67
03/08/2023,-1204700,-47493090000,39.3(1.29 %),2600,102680000,1207300,47595770000,589360292,4.65
04/08/2023,-2072900,-84110070000,40.7(3.04 %),13100,532130000,2086000,84642200000,591541192,4.48
07/08/2023,-779000,-31360700000,40.2(-0.99 %),8600,346920000,787600,31707620000,592320192,0.0
08/08/2023,-721200,-28786000000,39.7(-1.49 %),5500,220400000,726700,29006400000,593041392,0.0
09/08/2023,-880200,-34691000000,39.2(-1.75 %),7800,308100000,888000,34999100000,593921592,0.07
10/08/2023,6600,261340000,39.8(1.02 %),6600,261340000,0,0,593914992,0.13
11/08/2023,-67600,-2673040000,39.5(-0.50 %),0,0,67600,2673040000,593982592,0.18
14/08/2023,3600,141580000,39.9(1.27 %),3600,141580000,0,0,597204692,4.06
15/08/2023,-121900,-4813270000,39.5(-0.50 %),28100,1110230000,150000,5923500000,597244192,4.05
16/08/2023,43300,1703960000,39.4(-0.25 %),43500,1711880000,200,7920000,597200692,4.06
17/08/2023,1800,53080000,38.1(-3.30 %),65000,2512500000,63200,2459420000,597285692,4.05
18/08/2023,29900,1126080000,36.9(-4.40 %),29900,1126080000,0,0,597255992,4.05
21/08/2023,-757,-28009000,37.1(-0.80 %),243,8991000,1000,37000000,597318949,4.05
22/08/2023,4000,147350000,37.4(1.08 %),4000,147350000,0,0,597314949,4.05
23/08/2023,-900,-33380000,37.1(0.27 %),0,0,900,33380000,597315949,4.05
24/08/2023,400,14920000,37.5(1.08 %),400,14920000,0,0,597315549,4.05
25/08/2023,-485900,-17991310000,37(-1.07 %),14100,520720000,500000,18512030000,597302349,4.05
28/08/2023,2200,81400000,37.2(0.27 %),2200,81400000,0,0,597300149,4.05
29/08/2023,102200,3843520000,37.7(1.62 %),102200,3843520000,0,0,597697949,4.02
30/08/2023,0,0,37.6(0.00 %),0,0,0,0,597697549,4.02
31/08/2023,16300,613040000,37.5(-0.27 %),18300,687870000,2000,74830000,597679249,4.02
05/09/2023,-79600,-3005050000,37.7(0.27 %),552400,20877450000,632000,23882500000,597648849,4.02
06/09/2023,-493800,-18647830000,38.6(2.39 %),6200,233780000,500000,18881610000,597642649,0.0
07/09/2023,-4800,-183500000,38.4(1.59 %),300,11470000,5100,194970000,597754349,4.02
08/09/2023,7200,277910000,38.3(0.00 %),7200,277910000,0,0,598247149,3.98
11/09/2023,33800,1296210000,38(-1.55 %),33800,1296210000,0,0,598218449,3.98
12/09/2023,-49600,-1886800000,38.4(0.26 %),400,15230000,50000,1902030000,598218049,3.98
13/09/2023,7800,296330000,38.2(0.26 %),8400,319370000,600,23040000,598209649,3.98
14/09/2023,-29200,-1104460000,38(-0.26 %),40800,1542500000,70000,2646960000,598218849,3.98
15/09/2023,-176800,-6671540000,37.8(0.00 %),600,22680000,177400,6694220000,598218849,3.98
18/09/2023,-200,-7580000,37.8(0.00 %),0,0,200,7580000,598219049,0.0
19/09/2023,3200,120960000,38(0.53 %),3200,120960000,0,0,598285649,0.0
20/09/2023,-1200,-45580000,38.1(0.79 %),0,0,1200,45580000,598286849,0.01
21/09/2023,0,0,38.2(0.79 %),0,0,0,0,598462249,3.96
22/09/2023,3200,120370000,37.5(-2.09 %),3200,120370000,0,0,598460249,3.96
25/09/2023,-102000,-3836100000,37(-1.60 %),3000,113200000,105000,3949300000,598457249,3.96
26/09/2023,-129600,-4780580000,36.7(-1.34 %),6000,219550000,135600,5000130000,598451249,3.96
27/09/2023,500,18420000,37.2(1.09 %),500,18420000,0,0,598450749,0.0
28/09/2023,-27600,-1023640000,37.2(0.81 %),0,0,27600,1023640000,598555749,0.0
29/09/2023,-34400,-1282430000,37.5(0.81 %),0,0,34400,1282430000,598691349,3.94
02/10/2023,-24200,-907540000,37.6(0.80 %),0,0,24200,907540000,598718949,3.94
03/10/2023,-72000,-2656620000,36.8(-1.87 %),300,11100000,72300,2667720000,598753049,3.94
04/10/2023,-227800,-8414030000,36.9(-0.27 %),85800,3167980000,313600,11582010000,598691449,3.94
05/10/2023,-50000,-1850410000,37(0.27 %),7000,258900000,57000,2109310000,598756749,3.94
06/10/2023,-10700,-394380000,37.1(0.27 %),8900,329160000,19600,723540000,599061449,3.92
09/10/2023,-131900,-4940520000,37.6(1.90 %),3100,116010000,135000,5056530000,599115349,3.91
10/10/2023,-184200,-6916850000,37.4(0.00 %),9100,341980000,193300,7258830000,599125849,3.91
11/10/2023,-195100,-7289520000,37.4(-0.53 %),1100,41120000,196200,7330640000,599259749,3.9
12/10/2023,-267100,-10003560000,37.4(0.00 %),2200,82460000,269300,10086020000,599450849,3.89
13/10/2023,-277000,-10348760000,37.5(0.00 %),500,18650000,277500,10367410000,599646549,3.87
16/10/2023,-211320,-7897749800,37.2(-0.53 %),0,0,211320,7897749800,599915849,3.85
17/10/2023,-113900,-4237740000,37(-0.80 %),0,0,113900,4237740000,600193349,3.83
18/10/2023,-141000,-5184440000,36.7(-1.34 %),2000,73600000,143000,5258040000,600402669,3.82
19/10/2023,-97000,-3521930000,36.3(-1.09 %),5100,185620000,102100,3707550000,600511469,3.81
20/10/2023,0,20000,36.8(1.38 %),100,3670000,100,3650000,600654369,3.8
23/10/2023,0,0,36.7(0.55 %),0,0,0,0,600756469,3.79
24/10/2023,0,0,36.7(0.00 %),0,0,0,0,600756469,0.0
25/10/2023,-1000,-37000000,37(0.82 %),0,0,1000,37000000,600756569,3.79
26/10/2023,-12900,-469250000,36.2(-2.16 %),3000,108000000,15900,577250000,600753569,3.79
27/10/2023,-141200,-5094390000,36.2(0.00 %),0,0,141200,5094390000,600754569,3.79
30/10/2023,0,0,36(-0.28 %),0,0,0,0,600770469,3.79
31/10/2023,300,10830000,35.8(-0.83 %),300,10830000,0,0,600911369,3.78
01/11/2023,-362400,-12857180000,35.6(-0.84 %),3000,106200000,365400,12963380000,600908369,3.78
02/11/2023,-337000,-12138980000,36.4(2.54 %),0,0,337000,12138980000,600908369,3.78
03/11/2023,30000,1086230000,37.4(3.60 %),77000,2836830000,47000,1750600000,601196769,3.76
06/11/2023,-226800,-8735210000,38.6(4.32 %),31200,1204320000,258000,9939530000,601502569,3.73
07/11/2023,-45300,-1743040000,38.3(-0.78 %),300,11490000,45600,1754530000,601547869,0.0
08/11/2023,-198400,-7652050000,38.5(0.26 %),6600,253610000,205000,7905660000,601800669,3.71
09/11/2023,-171400,-6591830000,38.4(0.00 %),1900,72960000,173300,6664790000,601844369,3.71
10/11/2023,-23000,-878710000,38(-1.04 %),1400,53520000,24400,932230000,602047969,3.69
13/11/2023,-309300,-11902310000,38.5(0.79 %),6300,242000000,315600,12144310000,602214969,3.68
14/11/2023,-260400,-10026220000,38.5(0.26 %),9600,368780000,270000,10395000000,602229769,3.68
15/11/2023,-1287849,-49505611400,38.4(-0.26 %),50651,1943278600,1338500,51448890000,602494718,3.66
16/11/2023,-478300,-18267790000,38.3(-0.52 %),26100,996300000,504400,19264090000,602973018,0.0
17/11/2023,-222690,-7649797000,34.1(0.29 %),2210,76023000,224900,7725820000,604074908,3.54
20/11/2023,700,23480000,33.7(-1.46 %),700,23480000,0,0,604578608,3.5
21/11/2023,-31800,-1054400000,33.6(0.30 %),69000,2301810000,100800,3356210000,604734508,3.49
22/11/2023,-89000,-2958390000,33.3(0.00 %),11000,365260000,100000,3323650000,604723508,3.49
23/11/2023,-31700,-1048160000,32.9(-1.20 %),68300,2263100000,100000,3311260000,604755208,0.0
24/11/2023,-95900,-3112150000,32.6(-1.51 %),4100,133260000,100000,3245410000,604851108,0.0
27/11/2023,-100500,-3233670000,32.1(-1.23 %),200,6440000,100700,3240110000,604951608,0.0
28/11/2023,-41000,-1319600000,32.5(0.93 %),9000,290400000,50000,1610000000,604992608,0.0
29/11/2023,18400,605030000,32.9(2.17 %),68400,2246430000,50000,1641400000,604974208,0.01
30/11/2023,-29200,-967190000,33.1(0.91 %),20800,688560000,50000,1655750000,605003408,0.01
01/12/2023,-57500,-1892220000,32.9(-0.90 %),10000,328000000,67500,2220220000,605094208,0.0
04/12/2023,-35600,-1171220000,33(0.30 %),16400,537920000,52000,1709140000,605129808,0.0
05/12/2023,-45900,-1505850000,32.7(-0.30 %),4100,134960000,50000,1640810000,605175708,0.0
06/12/2023,-65400,-2142820000,32.9(0.30 %),5600,183670000,71000,2326490000,605241108,0.0
07/12/2023,-48300,-1578760000,32.8(0.00 %),1700,55610000,50000,1634370000,605289408,0.0
08/12/2023,-94500,-3103260000,33(0.92 %),211300,6957960000,305800,10061220000,605383908,0.0
11/12/2023,-19800,-651420000,32.8(-0.30 %),200,6580000,20000,658000000,605403708,0.0
12/12/2023,19500,640200000,32.8(-0.30 %),22500,738600000,3000,98400000,605384208,0.0
13/12/2023,7100,232990000,32.9(0.00 %),7100,232990000,0,0,605377108,0.01
14/12/2023,-32900,-1087240000,32.9(0.00 %),13500,443550000,46400,1530790000,605410008,0.01
15/12/2023,-11400,-375220000,33(0.30 %),200,6580000,11600,381800000,605421408,0.01
18/12/2023,-300,-9910000,33.3(1.22 %),100,3330000,400,13240000,605421708,0.01
19/12/2023,197500,6569200000,33.4(0.30 %),197500,6569200000,0,0,605224208,0.03
20/12/2023,5600,188680000,33.8(1.50 %),5600,188680000,0,0,605385708,0.0
21/12/2023,106700,3625280000,34.1(1.19 %),106700,3625280000,0,0,605279008,0.01
22/12/2023,74800,2550900000,34.1(0.29 %),74800,2550900000,0,0,605204208,0.01
25/12/2023,159900,5433630000,34.1(-0.29 %),159900,5433630000,0,0,605044308,0.01
26/12/2023,31000,1057100000,34.1(0.59 %),31000,1057100000,0,0,605013708,3.47
27/12/2023,108400,3699820000,34.1(0.00 %),118400,4041820000,10000,342000000,604895308,0.0
28/12/2023,33200,1134100000,34.1(0.00 %),52000,1775150000,18800,641050000,604843308,0.0
29/12/2023,-50300,-1705720000,34.4(0.88 %),30500,1042400000,80800,2748120000,604822808,3.48
02/01/2024,10300,351480000,34(-0.58 %),46900,1598320000,36600,1246840000,604794700,3.49
03/01/2024,-91700,-3107400000,34.1(0.00 %),4900,166590000,96600,3273990000,604867608,0.0
04/01/2024,13600,470140000,34.3(1.18 %),65000,2217960000,51400,1747820000,604854008,0.0
05/01/2024,8000,275550000,34.4(0.88 %),10600,364260000,2600,88710000,604846008,0.0
08/01/2024,83500,2846342000,34.6(1.17 %),83700,2853222000,200,6880000,604762508,0.01
09/01/2024,98200,3445350000,35.3(2.32 %),98200,3445350000,0,0,604800300,3.49
10/01/2024,173700,6099620000,35.2(0.28 %),179700,6311320000,6000,211700000,604620800,3.5
11/01/2024,299700,10540370000,35.4(0.85 %),349700,12299870000,50000,1759500000,604271100,3.53
12/01/2024,441100,15689760000,35.8(1.70 %),467300,16622820000,26200,933060000,603749808,0.04
15/01/2024,42100,1520480000,36.1(1.40 %),58100,2097580000,16000,577100000,603801700,3.56
16/01/2024,182700,6585120000,36.1(0.00 %),211000,7607140000,28300,1022020000,603616900,3.57
17/01/2024,-16400,-592050000,36.1(0.28 %),300,10820000,16700,602870000,603632640,3.57
18/01/2024,74700,2680670000,36(0.00 %),85500,3070550000,10800,389880000,603466708,0.01
19/01/2024,-25600,-921390000,36(0.00 %),0,0,25600,921390000,603492308,0.01
22/01/2024,17000,610400000,36(0.00 %),17100,614000000,100,3600000,603475308,0.01
23/01/2024,58600,2106340000,36(0.00 %),67600,2430340000,9000,324000000,603416708,0.01
24/01/2024,30100,1082190000,36(0.00 %),38000,1366590000,7900,284400000,603386608,0.01
25/01/2024,19100,687540000,36.1(0.28 %),45000,1619870000,25900,932330000,603367508,0.01
26/01/2024,54900,1977350000,36.3(0.83 %),69900,2518850000,15000,541500000,603312608,0.01
29/01/2024,81500,2982280000,36.8(1.94 %),97000,3549480000,15500,567200000,603336800,3.6
30/01/2024,42417,1560185600,36.9(0.82 %),44400,1633210000,1983,73024400,603307400,3.6
31/01/2024,85500,3126530000,36.7(-0.27 %),85500,3126530000,0,0,603237400,3.6
01/02/2024,198700,7288020000,36.9(0.82 %),203300,7456820000,4600,168800000,603034108,0.02
02/02/2024,-400,-14670000,36.8(0.27 %),400,14680000,800,29350000,603036100,3.62
05/02/2024,-181200,-6614850000,36.6(-0.54 %),500,18200000,181700,6633050000,603035191,0.0
06/02/2024,-37999,-1390143200,36.9(1.10 %),36301,1330556800,74300,2720700000,603004300,3.62
07/02/2024,29500,1091500000,37.3(1.63 %),30000,1110000000,500,18500000,603156000,3.61
15/02/2024,-39200,-1461570000,37.2(0.27 %),12800,476430000,52000,1938000000,603217500,3.6
16/02/2024,-49100,-1826920000,37.3(0.00 %),6900,256830000,56000,2083750000,603211100,3.6
19/02/2024,22400,819810000,37(-0.54 %),112200,4144530000,89800,3324720000,603150900,3.61
20/02/2024,125200,4616990000,36.7(-0.81 %),129600,4779790000,4400,162800000,603077300,3.61
21/02/2024,97500,3579000000,36.6(-0.81 %),107500,3946000000,10000,367000000,603059600,3.62
22/02/2024,108400,3957900000,36.5(-0.54 %),128400,4688670000,20000,730770000,603059600,3.62
23/02/2024,37100,1353440000,36.5(0.00 %),37100,1353440000,0,0,602898490,0.0
26/02/2024,20500,750080000,36.6(0.27 %),50500,1842410000,30000,1092330000,602878000,3.63
27/02/2024,-52000,-1890750000,36.5(0.00 %),8000,291500000,60000,2182250000,602869990,0.0
28/02/2024,-76000,-2763590000,36.6(0.55 %),10000,363000000,86000,3126590000,602859990,0.0
29/02/2024,-29900,-1088350000,36.5(0.27 %),100,3650000,30000,1092000000,602949900,3.62
01/03/2024,-59200,-2147400000,36.2(-0.55 %),800,29090000,60000,2176490000,602949090,0.0
04/03/2024,-63600,-2295960000,36.3(0.00 %),8400,304060000,72000,2600020000,603026690,0.0
05/03/2024,-10000,-363000000,36.7(1.38 %),0,0,10000,363000000,603116700,3.61
06/03/2024,60000,2196440000,36.6(0.83 %),60000,2196440000,0,0,603056690,0.0
07/03/2024,-27000,-985500000,36.6(0.00 %),0,0,27000,985500000,603128690,0.0
08/03/2024,46200,1674500000,36.2(-0.82 %),266200,9630330000,220000,7955830000,602872490,0.0
11/03/2024,-327700,-11808740000,36.1(-0.28 %),72400,2609940000,400100,14418680000,602800090,0.0
12/03/2024,-313500,-11286000000,36(0.00 %),30800,1108800000,344300,12394800000,603016300,3.62
13/03/2024,-207500,-7474750000,36.1(0.28 %),50000,1800000000,257500,9274750000,603416390,3.59
14/03/2024,-4500,-163200000,36.4(1.11 %),0,0,4500,163200000,603416390,0.0
15/03/2024,-876000,-31555770000,36.2(0.00 %),130000,4687040000,1006000,36242810000,603630690,0.0
18/03/2024,64300,2319080000,36.2(0.56 %),64300,2319080000,0,0,603778368,3.56
19/03/2024,-4100,-148070000,36.3(0.55 %),0,0,4100,148070000,604784400,3.49
20/03/2024,-19000,-686000000,36.3(0.28 %),200000,7232152000,219000,7918152000,604773390,0.0
21/03/2024,25300,916790000,36.4(0.55 %),225300,8165190000,200000,7248400000,604748090,0.0
22/03/2024,102600,3735240000,36.3(0.28 %),212600,7750740000,110000,4015500000,604639590,0.0
25/03/2024,25800,938040000,36.4(0.00 %),25800,938040000,0,0,604643800,3.5
26/03/2024,298100,11074780000,37.7(3.86 %),332500,12355530000,34400,1280750000,604311290,0.0
27/03/2024,113200,4255850000,37.7(1.07 %),130600,4910220000,17400,654370000,604190700,3.53
28/03/2024,10000,393740000,37.8(0.53 %),70000,2650100000,60000,2256360000,604155100,3.53
29/03/2024,100,3740000,37.7(0.00 %),100,3740000,0,0,604172400,3.53
01/04/2024,50300,1887200000,37.5(0.27 %),50300,1887200000,0,0,604182100,3.53
02/04/2024,-157200,-5831300000,37.1(-1.07 %),42800,1585010000,200000,7416310000,604139290,0.0
03/04/2024,-106500,-3951800000,36.9(-0.54 %),23300,864370000,129800,4816170000,604116000,3.54
04/04/2024,24600,910340000,36.9(-0.54 %),51300,1891510000,26700,981170000,604064690,0.0
05/04/2024,24400,899710000,36.9(0.00 %),204400,7513220000,180000,6613510000,604190100,3.53
08/04/2024,45100,1659190000,36.9(0.54 %),45100,1659190000,0,0,604144990,0.0
09/04/2024,10000,370750000,36.9(0.27 %),10000,370750000,0,0,604161690,0.0
10/04/2024,23700,876070000,37(0.27 %),23700,876070000,0,0,604317990,0.0
11/04/2024,7000,257600000,36.7(-0.81 %),7000,257600000,0,0,604311000,3.52
12/04/2024,800,30720000,36.7(0.00 %),10800,397720000,10000,367000000,604300160,3.52
15/04/2024,24500,892810000,36.2(-1.63 %),24500,892810000,0,0,604275690,0.0
16/04/2024,4500,161920000,36.1(-1.37 %),5600,201540000,1100,39620000,604270090,0.0
17/04/2024,5700,205220000,36.1(0.28 %),5900,212420000,200,7200000,604274190,0.0
19/04/2024,-59981,-2130927000,35.8(-0.83 %),95719,3444503000,155700,5575430000,604178471,0.0
22/04/2024,-497300,-17732170000,35.9(0.00 %),2700,96170000,500000,17828340000,604177100,3.53
23/04/2024,-467500,-16504960000,35.3(-1.12 %),32700,1157410000,500200,17662370000,604300100,3.52
24/04/2024,-267390,-9452194000,35.3(0.00 %),32810,1157466000,300200,10609660000,604267261,0.0
25/04/2024,-142050,-5017725000,35.3(0.00 %),57000,2017280000,199050,7035005000,604710261,0.0
26/04/2024,-14000,-496600000,35.6(0.56 %),1000,35400000,15000,532000000,605509600,3.43
02/05/2024,8500,308430000,36.6(3.10 %),28100,1010140000,19600,701710000,605680640,3.42
03/05/2024,11600,425760000,36.8(1.66 %),11600,425760000,0,0,605684032,3.42
06/05/2024,-3154,-116382600,36.9(0.54 %),46,1697400,3200,118080000,605703552,3.42
07/05/2024,17600,649070000,36.9(0.00 %),36100,1329950000,18500,680880000,605667456,3.42
08/05/2024,0,0,36.7(-0.54 %),20000,732000000,20000,732000000,605650700,3.42
09/05/2024,-371300,-13500230000,36.5(-0.54 %),20400,740580000,391700,14240810000,605648800,3.42
10/05/2024,-69100,-2522390000,36.5(0.27 %),6800,248280000,75900,2770670000,605661952,3.42
13/05/2024,-1403199,-53477111300,37.8(3.56 %),201,7748700,1403400,53484860000,606053440,3.39
14/05/2024,-425400,-15924630000,37.3(-2.36 %),1300,49250000,426700,15973880000,606052164,0.0
15/05/2024,-613100,-22731100000,37(-1.33 %),20000,740720000,633100,23471820000,606108064,0.0
16/05/2024,-491690,-18371643000,37.7(1.62 %),60710,2274947000,552400,20646590000,607450754,0.0
17/05/2024,-1085540,-40319361900,37.3(-0.27 %),10600,392310000,1096140,40711671900,608500000,3.21
20/05/2024,-2571600,-98195310000,38.5(3.77 %),14700,561350000,2586300,98756660000,609037632,3.17
21/05/2024,-9429900,-370756560000,39.5(3.40 %),462900,18217440000,9892800,388974000000,609670900,3.12
22/05/2024,-1781750,-71113950000,40(1.52 %),104950,4187900000,1886700,75301850000,612152256,2.93
23/05/2024,-97791,-4014800600,42.1(4.73 %),5210,213330000,103001,4228130600,622039800,2.19
24/05/2024,-32600,-1408420000,42.5(2.91 %),6400,272260000,39000,1680680000,622033434,0.0
27/05/2024,-296100,-13377660000,45.7(6.28 %),2200,98400000,298300,13476060000,624020900,2.04
28/05/2024,-186600,-8427370000,45.2(0.00 %),1000,45130000,187600,8472500000,624058944,2.04
29/05/2024,-41200,-1854980000,43.9(-2.66 %),8800,397250000,50000,2252230000,624348400,2.01
30/05/2024,39800,1692630000,44.7(0.22 %),85200,3688460000,45400,1995830000,624450800,2.01
31/05/2024,-418700,-18578020000,44(0.92 %),1500,66150000,420200,18644170000,624499300,2.0
03/06/2024,-65200,-2934070000,44.5(0.45 %),2400,106500000,67600,3040570000,624496935,0.0
04/06/2024,-667000,-29440880000,44.1(-0.90 %),3100,136680000,670100,29577560000,624539235,0.0
05/06/2024,-46600,-2127720000,45.7(2.47 %),8300,382450000,54900,2510170000,624951135,0.0
06/06/2024,-54700,-2647350000,48.8(7.25 %),2300,108660000,57000,2756010000,625686535,1.91
07/06/2024,0,0,48.2(0.42 %),0,0,0,0,625712835,1.91
10/06/2024,-391100,-18595580000,47.1(-2.69 %),40000,1886140000,431100,20481720000,625672835,0.0
11/06/2024,-29900,-1401830000,47.5(0.42 %),6500,308850000,36400,1710680000,625702735,0.0
12/06/2024,-1439400,-66018060000,46.2(-2.53 %),23100,1058750000,1462500,67076810000,626180535,1.88
13/06/2024,-495300,-22567300000,46.1(0.66 %),19700,897600000,515000,23464900000,626160835,0.0
14/06/2024,25400,1208200000,47.1(3.52 %),157100,7446290000,131700,6238090000,627502635,1.78
17/06/2024,-11200,-527050000,47.3(-0.21 %),8800,416950000,20000,944000000,628008835,1.74
18/06/2024,-25000,-1201490000,48(1.48 %),5800,278020000,30800,1479510000,628134735,1.73
19/06/2024,-90000,-4254410000,47.3(-1.46 %),10000,480260000,100000,4734670000,628144735,1.73
20/06/2024,32400,1513590000,46.9(-0.85 %),32400,1513590000,0,0,628143135,1.73
21/06/2024,-143500,-7120900000,49.2(5.13 %),0,0,143500,7120900000,628243135,1.72
24/06/2024,-14500,-695070000,46.9(-4.48 %),3300,157280000,17800,852350000,628239835,1.72
25/06/2024,-536750,-24596650000,45.9(-2.75 %),7350,338090000,544100,24934740000,628375985,1.71
26/06/2024,35502,1642651800,46.6(1.75 %),42702,1975431800,7200,332780000,628351083,1.71
27/06/2024,-300,-13920000,45.4(-1.94 %),500,22800000,800,36720000,628894683,1.67
28/06/2024,10400,457340000,44.3(-2.85 %),10700,470740000,300,13400000,628891183,1.67
03/07/2024,149200,6654220000,44.6(0.45 %),151200,6743020000,2000,88800000,628716805,0.01
04/07/2024,185100,8252850000,44.8(0.45 %),187700,8369070000,2600,116220000,628531705,0.0
05/07/2024,-2600,-113270000,45.3(1.57 %),10500,480170000,13100,593440000,628534305,0.0
08/07/2024,900,40760000,44.9(-1.10 %),1000,45250000,100,4490000,628533405,0.0
09/07/2024,4000,185940000,46.5(3.33 %),4600,213710000,600,27770000,628529405,0.0
10/07/2024,26500,1235420000,45.9(-1.08 %),36600,1704100000,10100,468680000,628502905,0.0
11/07/2024,-14798,-693125200,46.5(0.22 %),202,9374800,15000,702500000,628517703,0.0
12/07/2024,-4300,-197420000,46(-1.71 %),1000,46500000,5300,243920000,628522003,0.0
15/07/2024,137300,6384920000,46.8(1.52 %),139700,6496620000,2400,111700000,628384703,0.0
16/07/2024,163900,7670520000,46.5(0.00 %),163900,7670520000,0,0,628220803,0.0
17/07/2024,40500,1813020000,44.2(-5.56 %),82000,3686260000,41500,1873240000,628180303,0.0
18/07/2024,33300,1466670000,44.5(-1.11 %),55900,2463860000,22600,997190000,628147003,0.0
19/07/2024,-83300,-3683080000,43.8(-0.68 %),1700,74970000,85000,3758050000,628230303,0.0
22/07/2024,-9200,-389570000,42.2(-4.09 %),5800,252430000,15000,642000000,628239503,0.0
23/07/2024,105400,4398700000,41.5(-2.35 %),105900,4419900000,500,21200000,628134103,0.0
24/07/2024,63350,2581120000,41.8(0.24 %),63350,2581120000,0,0,628070753,0.0
25/07/2024,1839,76330700,42(2.19 %),1839,76330700,0,0,628068914,0.0
26/07/2024,1200,50470000,42.9(3.12 %),1200,50470000,0,0,628067714,0.0
29/07/2024,100,4280000,42.7(0.95 %),100,4280000,0,0,628067614,0.0
30/07/2024,700,29750000,42.7(-0.23 %),700,29750000,0,0,628066914,0.0
31/07/2024,200,8540000,42.8(0.94 %),200,8540000,0,0,628066714,0.0
01/08/2024,-7500,-316400000,41.1(-3.29 %),500,20600000,8000,337000000,628300116,0.0
02/08/2024,-1300,-52950000,41.8(0.48 %),2200,89850000,3500,142800000,628301416,0.0
05/08/2024,2600,104950000,40.2(-2.43 %),3500,142300000,900,37350000,628298816,0.0
06/08/2024,200,8220000,41.1(0.98 %),400,16380000,200,8160000,628298616,0.0
07/08/2024,3900,161190000,41.8(2.45 %),5600,230720000,1700,69530000,628294716,0.0
08/08/2024,1000,41450000,41.5(0.00 %),2000,83050000,1000,41600000,628293716,0.0
09/08/2024,5000,206350000,41.9(0.96 %),10600,439870000,5600,233520000,628288716,0.0
12/08/2024,-500,-21280000,42.6(2.40 %),100,4240000,600,25520000,628289216,0.0
13/08/2024,9700,411780000,42.4(0.00 %),10900,463020000,1200,51240000,628279516,0.0
14/08/2024,53000,2245000000,42.3(0.00 %),53000,2245000000,0,0,628226516,0.0
15/08/2024,12700,532290000,41.7(-1.65 %),12700,532290000,0,0,628213816,0.0
16/08/2024,39400,1693920000,43(2.38 %),60000,2573210000,20600,879290000,628174416,0.0
19/08/2024,204600,9027690000,44.7(4.93 %),222200,9803940000,17600,776250000,627969816,0.0
20/08/2024,-2200,-97060000,44.4(0.45 %),300,13230000,2500,110290000,627972016,0.0
21/08/2024,38600,1709880000,44.5(0.45 %),40400,1789860000,1800,79980000,627933416,0.0
22/08/2024,102400,4568310000,45.1(1.35 %),104700,4670860000,2300,102550000,627831016,0.0
23/08/2024,-13900,-619160000,44.7(-0.22 %),0,0,13900,619160000,627844916,0.0
26/08/2024,36800,1631830000,44.1(-1.34 %),108800,4830830000,72000,3199000000,627808116,0.0
27/08/2024,151300,6644400000,44.2(-0.23 %),151300,6644400000,0,0,627656816,0.0
28/08/2024,-11900,-521520000,43.9(0.00 %),1000,43800000,12900,565320000,627668716,0.0
29/08/2024,-10390,-456120000,44(0.23 %),110,4830000,10500,460950000,627679106,0.0
30/08/2024,1500,65850000,44(0.46 %),1500,65850000,0,0,627677606,0.0
04/09/2024,0,0,43.8(-0.23 %),0,0,0,0,627675106,0.0
05/09/2024,-100,-4470000,44.1(1.38 %),200,8760000,300,13230000,627675206,0.0
06/09/2024,-101100,-4428180000,43.9(-0.90 %),1100,48180000,102200,4476360000,627776306,0.0
09/09/2024,149200,6536660000,44(0.46 %),149800,6562880000,600,26220000,627627106,0.0
10/09/2024,144800,6369800000,43.8(0.00 %),146800,6458200000,2000,88400000,627482306,0.0
11/09/2024,113600,4934100000,43.6(-0.91 %),113600,4934100000,0,0,627368706,0.0
12/09/2024,77400,3381880000,43.8(0.92 %),78400,3425680000,1000,43800000,627291306,0.0
13/09/2024,1200,52490000,43.4(-0.23 %),1200,52490000,0,0,627290106,0.0
16/09/2024,96300,4159190000,43.2(-0.69 %),113000,4884070000,16700,724880000,627193806,0.0
17/09/2024,18000,778880000,43.7(0.92 %),20000,865680000,2000,86800000,627175806,0.0
18/09/2024,161700,7137840000,44.3(2.31 %),206300,9079190000,44600,1941350000,627014106,0.0
19/09/2024,54800,2420570000,44.3(0.45 %),87000,3842310000,32200,1421740000,626959306,0.0
20/09/2024,4300,189460000,44.2(0.00 %),4300,189460000,0,0,626955006,0.0
23/09/2024,5600,245480000,44(-0.68 %),5600,245480000,0,0,626949406,0.0
24/09/2024,98505,4330380000,44.2(0.45 %),98505,4330380000,0,0,626850901,0.0
25/09/2024,45114,1984018600,44.2(0.45 %),45114,1984018600,0,0,626805787,0.0
26/09/2024,-100400,-4480940000,44.7(1.36 %),0,0,100400,4480940000,626906187,0.0
27/09/2024,15400,681840000,44.2(-1.34 %),25400,1128840000,10000,447000000,626890787,0.0
30/09/2024,0,0,44.8(0.90 %),0,0,0,0,626890787,0.0
01/10/2024,-73000,-3236340000,44.3(0.23 %),37000,1645960000,110000,4882300000,626809487,0.0
02/10/2024,-80200,-3528920000,43.9(-1.35 %),2300,101330000,82500,3630250000,626889687,0.0
03/10/2024,-130100,-5684660000,43.6(-1.13 %),29200,1281700000,159300,6966360000,627019787,0.0
04/10/2024,-92100,-3999450000,43.3(-0.92 %),13900,602730000,106000,4602180000,627111887,0.0
07/10/2024,-28500,-1240590000,43.6(0.46 %),21800,951160000,50300,2191750000,627140387,0.0
08/10/2024,30500,1327460000,43.7(0.23 %),30500,1327460000,0,0,627109887,0.0
09/10/2024,-80300,-3507700000,43.8(0.69 %),1000,43600000,81300,3551300000,627190187,0.0
10/10/2024,-5707,-250798000,43.9(0.46 %),0,0,5707,250798000,627195894,0.0
11/10/2024,4100,179340000,43.8(-0.23 %),4100,179340000,0,0,627191794,0.0
14/10/2024,-3700,-162060000,43.8(0.23 %),1000,43800000,4700,205860000,627195494,0.0
15/10/2024,0,0,43.7(-0.46 %),0,0,0,0,627195494,0.0
16/10/2024,-37100,-1624250000,43.7(-0.23 %),25900,1131850000,63000,2756100000,627232594,0.0
17/10/2024,-64600,-2829380000,43.8(0.23 %),200,8720000,64800,2838100000,627297194,0.0
18/10/2024,0,0,44(0.46 %),0,0,0,0,627297194,0.0
21/10/2024,16400,723480000,44.1(0.00 %),16400,723480000,0,0,627280794,0.0
22/10/2024,1900,83000000,43.7(-0.91 %),1900,83000000,0,0,627278894,0.0
23/10/2024,0,0,43.7(0.00 %),0,0,0,0,627278894,0.0
24/10/2024,9500,415190000,43.6(-0.23 %),9500,415190000,0,0,627269394,0.0
25/10/2024,0,0,43.9(0.46 %),0,0,0,0,627269394,0.0
28/10/2024,-60790,-2666581000,44(0.23 %),10,439000,60800,2667020000,627330184,0.0
29/10/2024,25000,1099500000,44.1(0.46 %),25000,1099500000,0,0,627305184,0.0
30/10/2024,7600,343120000,45.4(3.18 %),9500,428790000,1900,85670000,627297584,0.0
31/10/2024,-1300,-58350000,45.3(0.44 %),700,31570000,2000,89920000,627298884,0.0
01/11/2024,2710,122034000,44.8(-0.67 %),2710,122034000,0,0,627412274,0.0
04/11/2024,38010,1692356000,44.7(-0.45 %),38010,1692356000,0,0,627374264,0.0
05/11/2024,-5992,-271682400,45.3(1.80 %),508,22757600,6500,294440000,627380256,0.0
06/11/2024,6410,295271000,46.1(2.22 %),7410,341171000,1000,45900000,627373846,0.0
07/11/2024,31510,1446170000,45.6(-1.08 %),33510,1537870000,2000,91700000,627342336,0.0
08/11/2024,5100,232960000,45.6(-0.65 %),6100,278560000,1000,45600000,627337236,0.0
11/11/2024,33502,1536082000,45.7(0.22 %),33602,1540672000,100,4590000,627303734,0.0
12/11/2024,13100,599790000,45.7(-0.22 %),13100,599790000,0,0,626748234,1.83
13/11/2024,9900,452030000,45.4(-0.87 %),9900,452030000,0,0,627280734,0.0
14/11/2024,9000,412180000,45.4(-0.22 %),9100,416760000,100,4580000,627271734,0.0
15/11/2024,131100,5933930000,44.9(-1.97 %),131100,5933930000,0,0,627140634,0.0
18/11/2024,31600,1414910000,44.9(-0.44 %),31600,1414910000,0,0,627109034,0.0
19/11/2024,-100700,-3866890000,37.9(-5.01 %),15800,615250000,116500,4482140000,627209734,0.0
20/11/2024,38100,1435420000,38.2(-1.04 %),38100,1435420000,0,0,627171634,0.0
21/11/2024,49400,1892840000,38.7(2.65 %),52200,2000720000,2800,107880000,627122234,0.0
22/11/2024,10900,418140000,38.5(0.26 %),10900,418140000,0,0,627111334,0.0
25/11/2024,600,22790000,38.3(-0.26 %),600,22790000,0,0,627114634,1.81
26/11/2024,13600,517110000,38.2(0.26 %),13600,517110000,0,0,627101034,1.81
27/11/2024,3900,148090000,37.8(-0.79 %),3900,148090000,0,0,627097134,1.81
28/11/2024,127100,4825980000,38.1(0.79 %),127400,4837350000,300,11370000,626969734,1.82
29/11/2024,8600,329690000,38.3(0.79 %),17900,684950000,9300,355260000,626951834,1.82
02/12/2024,221,8468300,0(0.00 %),433821,16615348300,433600,16606880000,626951913,1.82
03/12/2024,18900,725690000,0(0.00 %),18900,725690000,0,0,626942313,1.82
04/12/2024,3509,133716500,0(0.00 %),3509,133716500,0,0,626938804,1.82
05/12/2024,-100,-3870000,0(0.00 %),300,11410000,400,15280000,626938504,1.82
09/12/2024,189710,7279615000,38.7(1.04 %),189710,7279615000,0,0,626749094,1.83
10/12/2024,310,11978000,38.5(0.26 %),310,11978000,0,0,626750584,1.83
16/12/2024,45900,1765800000,38.5(0.52 %),58600,2255330000,12700,489530000,626695274,1.84
17/12/2024,3600,137910000,38.3(-0.26 %),3600,137910000,0,0,626691674,1.84
18/12/2024,75500,2955980000,39.3(2.61 %),80100,3134260000,4600,178280000,626624274,1.84
19/12/2024,62710,2451073000,39.2(0.51 %),90610,3531993000,27900,1080920000,626533664,1.85
20/12/2024,4750,188030000,39.6(1.54 %),4950,195970000,200,7940000,626533314,1.85
24/12/2024,0,0,39.5(0.00 %),0,0,0,0,626245614,1.87
25/12/2024,30700,1214960000,39.5(0.00 %),32100,1270290000,1400,55330000,626214914,1.87
26/12/2024,14600,578410000,39.5(-0.25 %),22000,870710000,7400,292300000,626194314,1.88
27/12/2024,136400,5451240000,40(1.27 %),138400,5531030000,2000,79790000,626057314,1.89
30/12/2024,1200,47800000,39.7(-0.75 %),1200,47800000,0,0,626063514,1.89
31/12/2024,-17100,-660340000,39.8(0.00 %),12900,509660000,30000,1170000000,626052614,1.89
02/01/2025,59393,2351962800,39.6(0.25 %),72600,2874960000,13207,522997200,625980014,1.89
03/01/2025,2900,115940000,40.1(1.26 %),3100,123960000,200,8020000,626006914,1.89
06/01/2025,60422,2410559900,39.8(-1.97 %),60422,2410559900,0,0,625959699,1.89
07/01/2025,87300,3466380000,39.8(-0.25 %),119600,4751770000,32300,1285390000,625872399,0.0
08/01/2025,16400,646220000,39.5(-0.50 %),17400,685620000,1000,39400000,625822899,1.9
09/01/2025,95003,3736618200,39.2(-0.76 %),125003,4921618200,30000,1185000000,625730196,1.91
10/01/2025,37900,1479790000,38.9(-1.27 %),40500,1581610000,2600,101820000,625690696,1.91
13/01/2025,40800,1581690000,39(0.00 %),41000,1589450000,200,7760000,625679696,1.91
14/01/2025,15200,591070000,38.8(0.00 %),15200,591070000,0,0,625667096,1.91
15/01/2025,52400,2040500000,39.2(1.03 %),82400,3210030000,30000,1169530000,625584896,1.92
16/01/2025,51500,2003020000,39.1(0.26 %),51500,2003020000,0,0,625533396,0.0
17/01/2025,-200,-7860000,39.3(0.77 %),0,0,200,7860000,625563396,1.92
20/01/2025,5300,207140000,39(-0.76 %),5300,207140000,0,0,625558096,1.92
21/01/2025,1400,54480000,39(-0.26 %),1400,54480000,0,0,625556896,1.92
22/01/2025,11800,459030000,39(-0.26 %),11800,459030000,0,0,625545096,1.92
23/01/2025,20300,790070000,39.2(0.51 %),20300,790070000,0,0,625524796,1.93
24/01/2025,-43600,-1704850000,39.7(1.79 %),100,3920000,43700,1708770000,625524696,1.93
03/02/2025,0,0,0(0.00 %),0,0,0,0,625524596,1.93
04/02/2025,-64800,-2582200000,39.9(0.25 %),200,7980000,65000,2590180000,625568096,1.92
05/02/2025,-8991,-363438700,40.4(1.51 %),1009,40561300,10000,404000000,625707687,1.91
06/02/2025,-4800,-194400000,40.7(0.99 %),200,8100000,5000,202500000,625772487,1.91
07/02/2025,12305,499162500,40.3(-0.49 %),12305,499162500,0,0,625770182,1.91
10/02/2025,45200,1813190000,39.9(-1.48 %),48900,1961190000,3700,148000000,625726282,1.91
11/02/2025,-4100,-162730000,39.8(-0.50 %),2200,87460000,6300,250190000,625724082,1.91
12/02/2025,-7100,-283750000,39.9(0.25 %),300,11970000,7400,295720000,625727482,1.91
13/02/2025,49900,1995850000,40.2(0.50 %),50900,2035770000,1000,39920000,625682882,1.91
14/02/2025,2500,103330000,41.6(4.00 %),4000,165730000,1500,62400000,625686282,1.91
17/02/2025,-30450,-1266206200,41.5(0.24 %),9000,374300000,39450,1640506200,625678282,1.91
18/02/2025,9300,384490000,41.4(-0.48 %),11300,467090000,2000,82600000,625668482,1.91
19/02/2025,-204200,-8340840000,40.8(-0.97 %),20500,837550000,224700,9178390000,625687432,1.91
20/02/2025,-105853,-4313299200,40.8(0.00 %),14547,591880800,120400,4905180000,625674885,1.91
21/02/2025,-177800,-7290170000,41(0.74 %),11200,458640000,189000,7748810000,625888385,1.9
24/02/2025,-111400,-4559780000,41.1(0.24 %),36800,1508740000,148200,6068520000,625971985,1.89
25/02/2025,-257300,-10509160000,40.7(-0.49 %),13700,557940000,271000,11067100000,626147285,1.88
26/02/2025,-141200,-5747280000,40.6(-0.49 %),15000,610020000,156200,6357300000,626280485,1.87
27/02/2025,-183260,-7379587000,40.3(-0.98 %),15240,614903000,198500,7994490000,626536245,1.85
28/02/2025,-52800,-2127550000,40.3(0.00 %),52200,2098940000,105000,4226490000,626640245,1.84
03/03/2025,-130700,-5269450000,40.4(0.25 %),28900,1164930000,159600,6434380000,626809845,1.83
04/03/2025,-140700,-5656970000,40.3(0.00 %),57300,2300690000,198000,7957660000,626857545,1.83
05/03/2025,2300,92550000,40.2(0.00 %),2300,92550000,0,0,627014845,1.81
06/03/2025,4340,174912000,40.5(0.75 %),5040,203122000,700,28210000,627207805,1.8
07/03/2025,1585,63941000,40.4(0.25 %),1600,64550000,15,609000,627206205,1.8
10/03/2025,38000,1538070000,40.4(0.00 %),42500,1719890000,4500,181820000,627164405,1.8
11/03/2025,-6950,-278950000,40.2(-0.50 %),3050,122450000,10000,401400000,627164405,1.8
12/03/2025,-30400,-1217210000,40.1(0.00 %),9900,396430000,40300,1613640000,627155970,1.8
13/03/2025,-99,-4069700,40.1(0.00 %),701,28170300,800,32240000,627165269,1.8
14/03/2025,-386781,-15379506200,39.7(-1.24 %),13719,546123800,400500,15925630000,627191850,1.8
17/03/2025,0,0,0(0.00 %),0,0,0,0,627192050,1.8
18/03/2025,-194500,-7721340000,39.7(-0.75 %),5500,218520000,200000,7939860000,627587050,1.77
19/03/2025,-81300,-3217530000,39.5(-0.50 %),1700,67150000,83000,3284680000,627590150,1.77
20/03/2025,-176700,-6987740000,39.4(-0.51 %),47300,1863700000,224000,8851440000,627742850,1.76
21/03/2025,-79890,-3125606000,39.2(-0.76 %),263510,10344764000,343400,13470370000,627562340,1.77
24/03/2025,-291700,-11367110000,38.8(-1.02 %),44000,1720000000,335700,13087110000,627742340,1.76
25/03/2025,-49450,-1944780000,39.5(1.28 %),50650,1994050000,100100,3938830000,628035090,1.74
26/03/2025,750,29165000,39.5(0.25 %),3150,124445000,2400,95280000,628367640,1.71
27/03/2025,-119750,-4708410000,39.4(-0.51 %),250,9860000,120000,4718270000,628467490,1.7
28/03/2025,-67000,-2628420000,39.3(0.00 %),3200,125780000,70200,2754200000,628466690,1.7
31/03/2025,-32289,-1263297700,40.3(2.81 %),711,27762300,33000,1291060000,628585979,1.7
01/04/2025,-1560,-61726000,39.7(1.02 %),800,31730000,2360,93456000,628655379,1.69
02/04/2025,-9700,-384350000,39.6(0.00 %),100,3960000,9800,388310000,628688279,1.69
03/04/2025,-158900,-6041450000,36.3(-8.33 %),61200,2339330000,220100,8380780000,628629439,1.69
04/04/2025,-562993,-20911424200,37.5(0.54 %),25600,951760000,588593,21863184200,628613639,1.69
08/04/2025,319277,11644174300,35.7(-3.25 %),337577,12314414300,18300,670240000,628496162,1.7
09/04/2025,253676,9241786800,35.5(-1.93 %),262100,9549240000,8424,307453200,628822655,1.68
10/04/2025,-82800,-3378040000,40.7(11.81 %),249900,10145420000,332700,13523460000,628591055,1.69
11/04/2025,-95380,-3754685500,39.2(-2.97 %),51520,2015734500,146900,5770420000,628547959,1.7
14/04/2025,-52494,-2063674200,38.9(-1.02 %),24306,950365800,76800,3014040000,628856353,1.67
15/04/2025,26700,1027790000,38.4(-1.54 %),28500,1097350000,1800,69560000,628974753,1.67
16/04/2025,-127900,-4895450000,38(-1.30 %),43200,1662160000,171100,6557610000,629008353,1.66
17/04/2025,12000,459600000,38.4(0.52 %),12000,459600000,0,0,628998153,1.66
18/04/2025,72100,2786340000,38.5(0.52 %),76100,2941740000,4000,155400000,629093153,1.66
21/04/2025,32100,1235825700,38.4(-0.78 %),32200,1239680000,100,3854300,629060953,1.66
22/04/2025,-1900,-59280000,38.2(-0.78 %),32400,1239600000,34300,1298880000,629032553,1.66
23/04/2025,30100,1151820000,38.3(1.06 %),60100,2300820000,30000,1149000000,628972553,1.67
24/04/2025,-16900,-652620000,38.7(1.04 %),4100,158080000,21000,810700000,629002753,1.66
25/04/2025,-24400,-944210000,38.6(0.00 %),45600,1764510000,70000,2708720000,628987153,1.67
28/04/2025,-33800,-1287920000,38.4(-0.52 %),47200,1825390000,81000,3113310000,628960953,1.67
29/04/2025,10700,413740000,38.9(0.78 %),33500,1287640000,22800,873900000,628997453,1.66
05/05/2025,0,0,38.5(0.26 %),0,0,0,0,629078453,1.66
06/05/2025,0,0,38.2(-0.52 %),0,0,0,0,629101253,1.66
07/05/2025,0,0,38.2(0.00 %),0,0,0,0,629143053,1.65
08/05/2025,0,0,38.4(0.79 %),0,0,0,0,629237153,1.65
09/05/2025,0,0,38.4(0.52 %),0,0,0,0,629237153,1.65
12/05/2025,0,0,38.5(0.79 %),0,0,0,0,629550153,1.62
13/05/2025,0,0,38.9(1.30 %),0,0,0,0,629759753,1.61
14/05/2025,0,0,38.8(0.00 %),0,0,0,0,629759753,1.61
15/05/2025,0,0,38.8(0.00 %),0,0,0,0,629761453,1.61
16/05/2025,0,0,38.8(0.26 %),0,0,0,0,629796953,1.6
19/05/2025,0,0,38.7(0.00 %),0,0,0,0,629870153,1.6
20/05/2025,0,0,38.7(0.00 %),0,0,0,0,629875453,1.6
21/05/2025,0,0,38.7(0.00 %),0,0,0,0,629875453,1.6
22/05/2025,0,0,38.6(0.00 %),0,0,0,0,630115653,1.58
23/05/2025,0,0,39.2(1.82 %),0,0,0,0,630122553,1.58
26/05/2025,0,0,39.2(0.26 %),0,0,0,0,630149953,1.58
27/05/2025,0,0,39.2(0.51 %),0,0,0,0,630150703,1.58
28/05/2025,0,0,39.2(0.00 %),0,0,0,0,630150703,1.58
29/05/2025,0,0,39.2(0.26 %),0,0,0,0,630150703,1.58
30/05/2025,0,0,39.2(0.00 %),0,0,0,0,630492195,1.55
02/06/2025,0,0,40.3(2.81 %),0,0,0,0,630370295,1.56
03/06/2025,0,0,40.2(1.01 %),0,0,0,0,630368595,1.56
04/06/2025,0,0,40.1(0.00 %),0,0,0,0,630364888,1.56
05/06/2025,0,0,40.4(-0.25 %),0,0,0,0,630336659,1.56
06/06/2025,0,0,39.6(-1.25 %),0,0,0,0,630336659,1.56
09/06/2025,0,0,39.3(-1.01 %),0,0,0,0,630336659,1.56
10/06/2025,0,0,39.4(0.00 %),0,0,0,0,630416959,1.56
11/06/2025,0,0,39.7(1.28 %),0,0,0,0,630378172,1.56
12/06/2025,0,0,39.6(0.51 %),0,0,0,0,630361772,1.56
13/06/2025,0,0,39.3(-0.51 %),0,0,0,0,630297772,1.57
16/06/2025,0,0,39.2(0.00 %),0,0,0,0,630297772,1.57
17/06/2025,0,0,39.3(0.26 %),0,0,0,0,630297772,1.57
18/06/2025,0,0,39.2(0.00 %),0,0,0,0,630298472,1.57
19/06/2025,0,0,39.2(0.77 %),0,0,0,0,630396672,1.56
20/06/2025,0,0,39.1(-0.26 %),0,0,0,0,630394572,1.56
23/06/2025,0,0,39.2(0.26 %),0,0,0,0,630445572,1.56
24/06/2025,0,0,39.1(0.00 %),0,0,0,0,630403822,1.56
25/06/2025,0,0,39.2(0.26 %),0,0,0,0,630403822,1.56
26/06/2025,0,0,39.3(0.26 %),0,0,0,0,630403822,1.56
27/06/2025,0,0,39.3(0.00 %),0,0,0,0,630409822,1.56
30/06/2025,0,0,39.3(0.26 %),0,0,0,0,630430122,1.56
01/07/2025,0,0,39.2(0.26 %),0,0,0,0,630484320,1.55
02/07/2025,0,0,39.3(0.26 %),0,0,0,0,630504710,1.55
03/07/2025,0,0,39.8(1.27 %),0,0,0,0,630504710,1.55
04/07/2025,0,0,40(-0.25 %),0,0,0,0,630504710,1.55
07/07/2025,0,0,39.7(-0.50 %),0,0,0,0,630618810,1.54
08/07/2025,0,0,39.6(-0.50 %),0,0,0,0,630605210,1.54
09/07/2025,-77600,-3078050000,39.7(0.25 %),86600,3436840000,164200,6514890000,630634110,1.54
10/07/2025,-57700,-2279420000,39.6(-0.25 %),3900,154370000,61600,2433790000,630634110,1.54
11/07/2025,900,35620000,39.5(-0.25 %),1200,47500000,300,11880000,630710810,1.54
14/07/2025,-31500,-1228380000,38.7(-2.03 %),113400,4408910000,144900,5637290000,630768510,1.53
15/07/2025,-433400,-16641150000,38.3(-1.29 %),38500,1485230000,471900,18126380000,630768510,1.53
16/07/2025,-52400,-2013330000,38.3(-0.26 %),27700,1066120000,80100,3079450000,630800010,1.53
17/07/2025,-258400,-9892940000,38.3(-0.26 %),3400,130210000,261800,10023150000,630800010,1.53
18/07/2025,6000,228120000,38(-0.78 %),6000,228120000,0,0,631279808,1.49
21/07/2025,-63800,-2428400000,38(-0.26 %),11200,427480000,75000,2855880000,631538207,1.47
22/07/2025,-65000,-2466420000,37.9(-0.52 %),45000,1713780000,110000,4180200000,631538207,1.47
23/07/2025,-20600,-780980000,37.9(-0.26 %),600,22740000,21200,803720000,631602007,1.47
24/07/2025,10600,403410000,38.1(0.26 %),10600,403410000,0,0,631656407,1.46
25/07/2025,-2800,-106600000,38.2(0.53 %),1300,49610000,4100,156210000,631677007,1.46
28/07/2025,2400,91900000,38.5(1.05 %),4500,172750000,2100,80850000,631674607,1.46
29/07/2025,6100,235600000,38.2(-0.52 %),12600,485170000,6500,249570000,631671307,1.46
30/07/2025,-300,-11350000,38.3(0.00 %),700,26750000,1000,38100000,631671307,1.46
31/07/2025,1000,38240000,38.3(0.52 %),1700,65050000,700,26810000,631670307,1.46
01/08/2025,400,15320000,38.5(0.79 %),1400,53620000,1000,38300000,631670162,1.46
04/08/2025,-20200,-776500000,38.6(0.52 %),100,3870000,20300,780370000,631670162,1.46
05/08/2025,-108000,-4194570000,38.9(1.04 %),3800,147350000,111800,4341920000,631670162,1.46
06/08/2025,0,20000,38.9(0.00 %),800,31140000,800,31120000,631690362,1.46
07/08/2025,-74200,-2882180000,39(0.26 %),1900,73920000,76100,2956100000,631798332,1.45
08/08/2025,-75800,-2958510000,39.2(1.03 %),0,0,75800,2958510000,631798332,1.45
11/08/2025,-52600,-2088840000,39.2(0.51 %),4500,176080000,57100,2264920000,631872479,1.45
12/08/2025,3200,124710000,39.3(-0.25 %),3800,148230000,600,23520000,631945079,1.44
13/08/2025,-67800,-2654000000,39.3(0.51 %),0,0,67800,2654000000,631997679,1.44
14/08/2025,0,0,39.1(-0.26 %),0,0,0,0,631997329,1.44
15/08/2025,0,0,38.7(-1.02 %),0,0,0,0,632065129,1.43
18/08/2025,0,0,38.8(0.00 %),0,0,0,0,632065129,1.43
19/08/2025,0,0,38.9(0.52 %),0,0,0,0,632439729,1.41
20/08/2025,-120800,-4660540000,38.6(-0.26 %),2300,88750000,123100,4749290000,632484729,1.4
21/08/2025,900,34750000,38.6(0.00 %),2000,77100000,1100,42350000,632606729,1.39
22/08/2025,111100,4275770000,38.5(0.00 %),126800,4878950000,15700,603180000,632606729,1.39
25/08/2025,158400,6117680000,38.7(0.52 %),158600,6125400000,200,7720000,632616429,1.39
