Ngay,KLGDRong,GTDGRong,ThayDoi,KLMua,GtMua,KLBan,GtBan,RoomConLai,DangSoHuu
23/06/2010,0,0,0(0.00 %),0,0,0,0,3187219,12.65
24/06/2010,0,0,0(0.00 %),0,0,0,0,3187219,12.65
25/06/2010,0,0,0(0.00 %),0,0,0,0,3187219,12.65
28/06/2010,8000,437000000,0(0.00 %),8000,437000000,0,0,3179219,12.74
29/06/2010,-11500,-613590000,0(0.00 %),0,0,11500,613590000,3190719,12.61
30/06/2010,-3500,-187250000,0(0.00 %),0,0,3500,187250000,3194219,12.57
01/07/2010,-15000,-771000000,0(0.00 %),0,0,15000,771000000,3209219,12.4
02/07/2010,0,0,53.5(4.90 %),0,0,0,0,3209219,12.4
05/07/2010,5000,275000000,54.5(1.87 %),5000,275000000,0,0,3204219,12.46
06/07/2010,5000,267500000,53.5(-1.83 %),5000,267500000,0,0,3199219,12.51
07/07/2010,0,0,53.5(0.00 %),0,0,0,0,3199219,12.51
08/07/2010,0,0,52(-2.80 %),0,0,0,0,3199219,12.51
09/07/2010,5000,262500000,52.5(0.96 %),5000,262500000,0,0,3194219,12.57
12/07/2010,0,0,52(-0.95 %),0,0,0,0,3194219,12.57
13/07/2010,2000,108000000,54(3.85 %),2000,108000000,0,0,3192219,12.59
14/07/2010,4000,212000000,52.5(-2.78 %),4000,212000000,0,0,3188219,12.64
15/07/2010,-4540,-241620000,53(0.95 %),460,24380000,5000,266000000,3192759,12.59
16/07/2010,0,0,53(0.00 %),0,0,0,0,3192759,12.59
19/07/2010,0,0,52.5(-0.94 %),0,0,0,0,3192759,12.59
20/07/2010,-1000,-52500000,53.5(1.90 %),0,0,1000,52500000,3193759,12.58
21/07/2010,-6600,-349800000,53.5(0.00 %),0,0,6600,349800000,3200359,12.5
22/07/2010,-5000,-266500000,53.5(0.00 %),0,0,5000,266500000,3205359,12.44
23/07/2010,0,0,56(4.67 %),0,0,0,0,3205359,12.44
26/07/2010,-1000,-55000000,55(-1.79 %),0,0,1000,55000000,3206359,12.43
27/07/2010,-70,-3780000,54(-1.82 %),0,0,70,3780000,3206429,12.43
28/07/2010,-60,-3330000,54(0.00 %),0,0,60,3330000,3206489,12.43
29/07/2010,0,0,53(-1.85 %),0,0,0,0,3206489,12.43
30/07/2010,6000,318000000,53(0.00 %),6000,318000000,0,0,3200489,12.5
02/08/2010,11000,587500000,53(0.00 %),11000,587500000,0,0,3189489,12.62
03/08/2010,17000,909500000,53.5(0.94 %),17000,909500000,0,0,3172489,12.82
04/08/2010,2000,106000000,53(-0.93 %),2000,106000000,0,0,3170489,12.84
05/08/2010,0,0,53(0.00 %),0,0,0,0,3170489,12.84
06/08/2010,2000,104500000,53(0.00 %),2000,104500000,0,0,3168489,12.86
09/08/2010,0,-1500000,51(-3.77 %),1000,50500000,1000,52000000,3168489,12.86
10/08/2010,-10000,-490000000,48.6(-4.71 %),5000,243000000,15000,733000000,3178489,12.75
11/08/2010,0,0,50.5(3.91 %),0,0,0,0,0,49.0
12/08/2010,-3020,-151010000,49.5(-1.98 %),0,0,3020,151010000,3181509,12.72
13/08/2010,-3000,-148500000,49.4(-0.20 %),0,0,3000,148500000,3184509,12.68
16/08/2010,2290,117935000,51.5(4.25 %),2290,117935000,0,0,3182219,12.71
17/08/2010,0,0,52(0.97 %),0,0,0,0,0,49.0
18/08/2010,0,0,49.4(-5.00 %),0,0,0,0,3182219,12.71
19/08/2010,0,0,50(1.21 %),0,0,0,0,0,0.0
20/08/2010,0,0,50(0.00 %),0,0,0,0,0,0.0
23/08/2010,0,0,50(0.00 %),0,0,0,0,0,0.0
24/08/2010,200,9600000,50(0.00 %),200,9600000,0,0,0,0.0
25/08/2010,-23290,-1113469000,47.5(-5.00 %),300,14250000,23590,1127719000,23090,48.74
26/08/2010,0,0,45.9(4.08 %),0,0,0,0,23090,48.74
27/08/2010,500,22500000,44.6(-2.83 %),500,22500000,0,0,0,0.0
30/08/2010,0,0,44.6(0.00 %),0,0,0,0,0,49.0
31/08/2010,0,0,44.5(-0.22 %),0,0,0,0,0,49.0
01/09/2010,0,0,44.5(0.00 %),0,0,0,0,0,49.0
06/09/2010,0,0,44.8(0.67 %),0,0,0,0,3204809,49.0
07/09/2010,-140,-6426000,45.9(2.46 %),0,0,140,6426000,140,49.0
08/09/2010,0,0,44.8(-2.40 %),0,0,0,0,140,49.0
09/09/2010,-3000,-134700000,44.8(0.00 %),0,0,3000,134700000,3140,48.96
10/09/2010,-2270,-101696000,44(-1.79 %),0,0,2270,101696000,5410,48.94
13/09/2010,-2530,-110308000,43.6(-0.91 %),0,0,2530,110308000,0,0.0
14/09/2010,0,0,43.6(0.00 %),0,0,0,0,0,49.0
15/09/2010,-10,-436000,42.8(-1.83 %),0,0,10,436000,10,49.0
16/09/2010,0,0,43(0.47 %),0,0,0,0,10,49.0
17/09/2010,0,0,43.5(1.16 %),0,0,0,0,10,49.0
20/09/2010,0,0,43.8(0.69 %),0,0,0,0,10,49.0
21/09/2010,0,0,44(0.46 %),0,0,0,0,10,49.0
22/09/2010,0,0,44(0.00 %),0,0,0,0,10,49.0
23/09/2010,0,0,43.8(-0.45 %),0,0,0,0,10,49.0
24/09/2010,0,0,43.8(0.00 %),0,0,0,0,10,49.0
27/09/2010,0,0,43.8(0.00 %),0,0,0,0,10,49.0
28/09/2010,0,0,43.5(-0.68 %),0,0,0,0,10,49.0
29/09/2010,0,0,43(-1.15 %),0,0,0,0,10,49.0
30/09/2010,0,0,43(0.00 %),0,0,0,0,3212759,49.0
01/10/2010,0,0,41.7(-3.02 %),0,0,0,0,3212759,12.36
04/10/2010,0,0,39.8(-4.56 %),0,0,0,0,3212759,12.36
05/10/2010,0,0,40.1(0.75 %),0,0,0,0,3212759,12.36
06/10/2010,-5000,-210000000,41.5(3.49 %),0,0,5000,210000000,3217759,12.3
07/10/2010,0,0,41.6(0.24 %),0,0,0,0,3217759,12.3
08/10/2010,0,0,41.9(0.72 %),0,0,0,0,3217759,12.3
11/10/2010,540,21600000,40(-4.53 %),540,21600000,0,0,3217219,12.31
12/10/2010,0,0,39(-2.50 %),0,0,0,0,3217219,12.31
13/10/2010,0,0,39.5(1.28 %),0,0,0,0,3217219,12.31
14/10/2010,0,0,41.4(4.81 %),0,0,0,0,3217219,12.31
15/10/2010,0,0,43(3.86 %),0,0,0,0,3217219,12.31
18/10/2010,-200,-9000000,42.5(-1.16 %),0,0,200,9000000,3217419,12.31
19/10/2010,-6000,-252000000,42(-1.18 %),0,0,6000,252000000,3223419,12.24
20/10/2010,0,0,42(0.00 %),0,0,0,0,0,0.0
21/10/2010,0,0,42(0.00 %),0,0,0,0,0,49.0
22/10/2010,0,0,43(2.38 %),0,0,0,0,0,49.0
25/10/2010,0,0,41.2(-4.19 %),0,0,0,0,0,49.0
26/10/2010,0,0,42.4(2.91 %),0,0,0,0,0,49.0
27/10/2010,0,0,41(-3.30 %),0,0,0,0,0,49.0
28/10/2010,0,0,40.8(-0.49 %),0,0,0,0,0,49.0
29/10/2010,0,0,42(2.94 %),0,0,0,0,0,49.0
01/11/2010,-18000,-719468000,40(-4.76 %),0,0,18000,719468000,18000,48.79
02/11/2010,0,0,39.5(-1.25 %),0,0,0,0,18000,48.79
03/11/2010,0,0,39.8(0.76 %),0,0,0,0,18000,48.79
04/11/2010,0,0,39.5(-0.75 %),0,0,0,0,18000,48.79
05/11/2010,810,33210000,41(3.80 %),810,33210000,0,0,17190,48.8
08/11/2010,0,0,40.1(-2.20 %),0,0,0,0,17190,48.8
09/11/2010,-1020,-40800000,40(-0.25 %),0,0,1020,40800000,18210,48.79
10/11/2010,0,0,39.9(-0.25 %),0,0,0,0,18210,48.79
11/11/2010,-1010,-40299000,38.7(-3.01 %),0,0,1010,40299000,19220,48.78
12/11/2010,0,0,38(-1.81 %),0,0,0,0,19220,48.78
15/11/2010,-5060,-188470000,37(-2.63 %),0,0,5060,188470000,24280,48.72
16/11/2010,-910,-33670000,36.5(-1.35 %),0,0,910,33670000,25190,48.71
17/11/2010,0,0,38.3(4.93 %),0,0,0,0,25190,48.71
18/11/2010,0,0,39(1.83 %),0,0,0,0,25190,48.71
19/11/2010,0,0,37.4(-4.10 %),0,0,0,0,25190,48.71
22/11/2010,0,0,38(1.60 %),0,0,0,0,25190,48.71
23/11/2010,0,0,38(0.00 %),0,0,0,0,25190,48.71
24/11/2010,0,0,37.5(-1.32 %),0,0,0,0,25190,48.71
25/11/2010,0,0,38.5(2.67 %),0,0,0,0,25190,48.71
26/11/2010,0,0,39.7(3.12 %),0,0,0,0,25190,48.71
29/11/2010,1500,59550000,39.6(-0.25 %),1500,59550000,0,0,23690,48.73
30/11/2010,2000,80992000,40(1.01 %),2000,80992000,0,0,21690,48.75
01/12/2010,0,0,40.7(1.75 %),0,0,0,0,21690,48.75
02/12/2010,20,780000,40(-1.72 %),20,780000,0,0,21670,48.75
03/12/2010,1000,40200000,40.2(0.50 %),1000,40200000,0,0,20670,48.76
06/12/2010,4900,197280000,40.6(1.00 %),4900,197280000,0,0,15770,48.82
07/12/2010,0,0,41(0.99 %),0,0,0,0,15770,48.82
08/12/2010,100,4050000,40.5(-1.22 %),100,4050000,0,0,15670,48.82
09/12/2010,980,38514000,39.4(-2.72 %),980,38514000,0,0,14690,48.83
10/12/2010,-2400,-93600000,39.7(0.76 %),0,0,2400,93600000,17090,48.81
13/12/2010,250,10065000,40.1(1.01 %),250,10065000,0,0,16840,48.81
14/12/2010,0,0,40.5(1.00 %),0,0,0,0,16840,48.81
15/12/2010,0,0,39(-3.70 %),0,0,0,0,16840,48.81
16/12/2010,0,0,39(0.00 %),0,0,0,0,16840,48.81
17/12/2010,0,0,39.1(0.26 %),0,0,0,0,16840,48.81
20/12/2010,1300,50810000,39.1(0.00 %),1300,50810000,0,0,15540,48.82
21/12/2010,11080,431438000,39.1(0.00 %),11080,431438000,0,0,4460,48.95
22/12/2010,3120,121790000,39(-0.26 %),3120,121790000,0,0,1340,48.98
23/12/2010,0,0,39(0.00 %),0,0,0,0,1340,48.98
24/12/2010,100,3850000,38.9(-0.26 %),100,3850000,0,0,1240,48.99
27/12/2010,1000,38900000,38.6(-0.77 %),1000,38900000,0,0,240,49.0
28/12/2010,1110,43290000,39.8(3.11 %),1110,43290000,0,0,0,49.01
29/12/2010,0,0,39.1(-1.76 %),0,0,0,0,0,49.01
30/12/2010,40,285000,40.5(3.58 %),890,34710000,850,34425000,0,49.01
31/12/2010,-1000,-40626000,41(1.23 %),2000,80874000,3000,121500000,90,49.0
04/01/2011,0,0,40.9(-0.24 %),0,0,0,0,90,49.0
05/01/2011,1000,40000000,40(-2.20 %),1000,40000000,0,0,0,49.01
06/01/2011,530,20529000,39.3(-1.75 %),10530,413529000,10000,393000000,0,49.02
07/01/2011,1200,47160000,39.4(0.25 %),9000,354480000,7800,307320000,0,49.03
10/01/2011,-10,-390000,39(-1.02 %),2190,85410000,2200,85800000,0,49.03
11/01/2011,-4540,-175482000,38.4(-1.54 %),7460,287918000,12000,463400000,1910,48.98
12/01/2011,-1010,-38582000,40(4.17 %),490,18718000,1500,57300000,2920,48.97
13/01/2011,-5010,-200004000,40.4(1.00 %),1000,40000000,6010,240004000,7930,48.91
14/01/2011,1000,39500000,39.7(-1.73 %),3000,118900000,2000,79400000,6930,48.92
17/01/2011,1990,79091000,40.9(3.02 %),4000,158900000,2010,79809000,4940,48.94
18/01/2011,3000,120402000,40(-2.20 %),8000,321000000,5000,200598000,1940,48.98
19/01/2011,0,0,40(3.63 %),0,0,0,0,1940,48.98
20/01/2011,-300,-11700000,39(-2.50 %),0,0,300,11700000,2240,48.97
21/01/2011,0,0,39(0.00 %),0,0,0,0,2240,48.97
24/01/2011,-7660,-285531000,38.5(-1.28 %),1000,38500000,8660,324031000,9900,48.89
25/01/2011,0,0,38.8(0.78 %),1000,38800000,1000,38800000,9900,48.89
26/01/2011,0,0,38.8(0.00 %),0,0,0,0,9900,48.89
27/01/2011,0,0,39(0.52 %),0,0,0,0,9900,48.89
28/01/2011,0,0,39(0.00 %),0,0,0,0,9900,48.89
08/02/2011,0,0,40.2(3.08 %),0,0,0,0,9900,48.89
09/02/2011,0,0,40.2(0.00 %),0,0,0,0,9900,48.89
10/02/2011,0,0,39(-2.99 %),0,0,0,0,9900,48.89
11/02/2011,0,0,38.9(-0.26 %),0,0,0,0,9900,48.89
14/02/2011,0,0,38.1(-2.06 %),0,0,0,0,9900,48.89
15/02/2011,0,0,38.1(0.00 %),0,0,0,0,9900,48.89
16/02/2011,0,0,38.5(1.05 %),0,0,0,0,9900,48.89
17/02/2011,0,0,38.3(-0.52 %),0,0,0,0,9900,48.89
18/02/2011,0,0,39.7(3.66 %),0,0,0,0,9900,48.89
21/02/2011,0,0,37.8(-4.79 %),0,0,0,0,9900,48.89
22/02/2011,0,0,37.7(-0.26 %),0,0,0,0,9900,48.89
23/02/2011,0,0,37.6(-0.27 %),0,0,0,0,9900,48.89
24/02/2011,0,0,37.4(-0.53 %),0,0,0,0,9900,48.89
25/02/2011,480,17952000,37.7(0.80 %),680,25432000,200,7480000,9420,48.89
28/02/2011,0,0,36(-4.51 %),0,0,0,0,9420,48.89
01/03/2011,0,0,34.3(-4.72 %),0,0,0,0,9420,48.89
02/03/2011,1400,47320000,33.9(-1.17 %),1400,47320000,0,0,8020,48.91
03/03/2011,0,0,33.9(0.00 %),0,0,0,0,0,0.0
04/03/2011,3110,105397000,35.5(4.72 %),3110,105397000,0,0,0,0.0
07/03/2011,-90,-3186000,35.4(-0.28 %),0,0,90,3186000,0,0.0
08/03/2011,1610,56423000,34.3(-3.11 %),5600,198368000,3990,141945000,0,0.0
09/03/2011,90,3052000,34.4(0.29 %),110,3740000,20,688000,0,0.0
10/03/2011,0,0,35.5(3.20 %),0,0,0,0,0,0.0
11/03/2011,1050,36950000,35.5(0.00 %),1050,36950000,0,0,0,0.0
14/03/2011,1720,60200000,35(-1.41 %),1720,60200000,0,0,0,0.0
15/03/2011,-500,-17500000,33.4(-4.57 %),0,0,500,17500000,0,0.0
16/03/2011,0,0,34(1.80 %),0,0,0,0,3223949,12.23
17/03/2011,1500,51000000,34(0.00 %),1500,51000000,0,0,3222449,12.25
18/03/2011,0,0,34.5(1.47 %),0,0,0,0,3222449,12.25
21/03/2011,0,0,33.5(-2.90 %),0,0,0,0,3222449,12.25
22/03/2011,2990,98969000,34(1.49 %),2990,98969000,0,0,3219459,12.28
23/03/2011,0,0,34.5(1.47 %),0,0,0,0,3219459,12.28
24/03/2011,0,0,34.5(0.00 %),0,0,0,0,3219459,12.28
25/03/2011,0,0,35(1.45 %),0,0,0,0,3219459,12.28
28/03/2011,-300,-10440000,33.3(-4.86 %),0,0,300,10440000,3219759,12.28
29/03/2011,0,0,34(2.10 %),0,0,0,0,3219759,12.28
30/03/2011,0,0,34.5(1.47 %),0,0,0,0,3219759,12.28
31/03/2011,8000,269200000,34(-1.45 %),8000,269200000,0,0,3211759,12.37
01/04/2011,0,0,32.5(-4.41 %),0,0,0,0,3212259,12.36
04/04/2011,0,0,33(1.54 %),0,0,0,0,3212259,12.36
05/04/2011,0,0,33(0.00 %),0,0,0,0,3212259,12.36
06/04/2011,2400,79200000,33.3(0.91 %),2400,79200000,0,0,3209859,12.39
07/04/2011,0,0,34.9(4.80 %),0,0,0,0,3209859,12.39
08/04/2011,0,0,34.5(-1.15 %),0,0,0,0,3209859,12.39
13/04/2011,0,0,34(-1.45 %),0,0,0,0,3209859,12.39
14/04/2011,0,0,34.5(1.47 %),0,0,0,0,3209859,12.39
15/04/2011,0,0,34(-1.45 %),0,0,0,0,3209859,12.39
18/04/2011,0,0,32.3(-5.00 %),0,0,0,0,3209859,12.39
19/04/2011,-200,-6460000,32.9(1.86 %),0,0,200,6460000,3210059,12.39
20/04/2011,800,26320000,32.9(0.00 %),800,26320000,0,0,3209259,12.4
21/04/2011,2390,75107000,31.3(-4.86 %),2390,75107000,0,0,3206869,12.43
22/04/2011,0,0,31.4(0.32 %),0,0,0,0,3206869,12.43
25/04/2011,0,0,32.9(4.78 %),0,0,0,0,3206869,12.43
26/04/2011,6900,222720000,31.3(-4.86 %),13700,441370000,6800,218650000,3199969,12.5
27/04/2011,-40,-1256000,31.4(0.32 %),1820,56948000,1860,58204000,3200009,12.5
28/04/2011,250,7811000,31.3(-0.32 %),340,10642000,90,2831000,3199759,12.51
29/04/2011,0,0,30.9(-1.28 %),0,0,0,0,3199759,12.51
04/05/2011,-100,-3140000,31.4(1.62 %),0,0,100,3140000,3197809,12.53
05/05/2011,0,0,29.9(-4.78 %),0,0,0,0,3197809,12.53
06/05/2011,-200,-5740000,30(0.33 %),0,0,200,5740000,3198009,12.53
09/05/2011,1560,43750000,29(-3.33 %),11560,335750000,10000,292000000,3196449,12.54
10/05/2011,5020,141641000,28(-3.45 %),6550,188000000,1530,46359000,3191429,12.6
11/05/2011,12180,340522000,27.9(-0.36 %),12180,340522000,0,0,3179249,12.74
12/05/2011,13300,372340000,27.8(-0.36 %),13300,372340000,0,0,3165949,12.89
13/05/2011,0,0,28.3(1.80 %),0,0,0,0,3165949,12.89
16/05/2011,6760,182522000,27(-4.59 %),6760,182522000,0,0,3159189,12.97
17/05/2011,22140,613132000,26.4(-2.22 %),22160,613660000,20,528000,3137049,13.22
18/05/2011,11300,300800000,26.1(-1.14 %),11300,300800000,0,0,3125749,13.35
19/05/2011,-1100,-27940000,25.1(-3.83 %),0,0,1100,27940000,3126849,13.34
20/05/2011,300,7350000,24.5(-2.39 %),300,7350000,0,0,3126549,13.34
23/05/2011,0,0,23.5(-4.08 %),0,0,0,0,3126549,13.34
24/05/2011,3000,67400000,22.4(-4.68 %),8000,179400000,5000,112000000,3123549,13.38
25/05/2011,0,0,21.3(-4.91 %),0,0,0,0,3123549,13.38
26/05/2011,27330,555501000,20.9(-1.88 %),27330,555501000,0,0,3096219,13.69
27/05/2011,820,17958000,21.9(4.78 %),820,17958000,0,0,3095399,13.7
30/05/2011,14990,313280000,20.9(-4.57 %),15000,313500000,10,220000,3080409,13.87
31/05/2011,2000,40750000,20.3(-2.87 %),3990,81397000,1990,40647000,3078409,13.89
01/06/2011,-1000,-18406000,20.9(2.96 %),5000,104500000,6000,122906000,3075859,13.92
02/06/2011,-2000,-42960000,21.3(1.91 %),0,0,2000,42960000,3077859,13.9
03/06/2011,-1720,-37716000,21.6(1.41 %),1280,27884000,3000,65600000,3079579,13.88
06/06/2011,-5000,-108000000,21.8(0.93 %),0,0,5000,108000000,3084579,13.82
07/06/2011,610,13908000,22.8(4.59 %),610,13908000,0,0,3083969,13.83
08/06/2011,5010,119635000,23.9(4.82 %),5010,119635000,0,0,3078959,13.88
09/06/2011,18050,451250000,25(4.60 %),19550,488750000,1500,37500000,3060909,14.09
10/06/2011,2080,54496000,26.2(4.80 %),2080,54496000,0,0,3058829,14.11
13/06/2011,31920,877800000,27.5(4.96 %),31920,877800000,0,0,3026909,14.48
14/06/2011,35000,1004700000,28.8(4.73 %),57866,1663041000,22866,658341000,2991909,14.88
15/06/2011,26580,795426000,30.2(4.86 %),53580,1610426000,27000,815000000,2965329,15.18
16/06/2011,8770,263166000,31.3(3.64 %),9990,301698000,1220,38532000,2956559,15.28
17/06/2011,33560,1006352000,29.9(-4.47 %),62220,1866148000,28660,859796000,2922999,15.66
20/06/2011,43220,1295936000,29.9(0.00 %),48730,1460835000,5510,164899000,2879779,16.16
21/06/2011,26720,801956000,30(0.33 %),27720,832256000,1000,30300000,2853059,16.46
22/06/2011,35480,1064400000,30(0.00 %),39980,1199400000,4500,135000000,2817579,16.87
23/06/2011,10360,305620000,29.5(-1.67 %),20360,600620000,10000,295000000,2807219,16.98
24/06/2011,2010,58290000,29(-1.69 %),18010,522290000,16000,464000000,2805209,17.01
27/06/2011,10,290000,29(0.00 %),10,290000,0,0,2805199,17.01
28/06/2011,1000,28255000,29.5(1.72 %),5990,173710000,4990,145455000,2804199,17.02
29/06/2011,3220,93380000,29.9(1.36 %),3220,93380000,0,0,2800979,17.06
30/06/2011,6950,199075000,29.8(-0.33 %),6950,199075000,0,0,2794029,17.13
01/07/2011,1680,47712000,28.4(-4.70 %),9680,274912000,8000,227200000,2784959,17.24
04/07/2011,-3810,-108204000,27.9(-1.76 %),3000,83700000,6810,191904000,2788769,17.19
05/07/2011,0,0,29(3.94 %),0,0,0,0,2788769,17.19
06/07/2011,-2010,-56084000,27.9(-3.79 %),4100,114390000,6110,170474000,2790779,17.17
07/07/2011,-2310,-67352000,29.2(4.66 %),0,0,2310,67352000,2793089,17.15
08/07/2011,0,0,30.5(4.45 %),0,0,0,0,2793089,17.15
11/07/2011,-300,-9340000,32(4.92 %),0,0,300,9340000,2793389,17.14
12/07/2011,-190,-5776000,30.4(-5.00 %),0,0,190,5776000,2793579,17.14
13/07/2011,-230,-6647000,28.9(-4.93 %),0,0,230,6647000,2793809,17.14
14/07/2011,0,0,28.9(0.00 %),0,0,0,0,2793809,17.14
15/07/2011,0,0,28.9(0.00 %),0,0,0,0,2793809,17.14
18/07/2011,-2160,-59678000,27.6(-4.50 %),0,0,2160,59678000,2795969,17.11
19/07/2011,-900,-24750000,27.5(-0.36 %),100,2750000,1000,27500000,2796869,17.1
20/07/2011,0,0,28.8(4.73 %),0,0,0,0,2796869,17.1
21/07/2011,0,0,29.5(2.43 %),0,0,0,0,2796869,17.1
22/07/2011,-500,-14050000,28.1(-4.75 %),0,0,500,14050000,2797369,17.1
25/07/2011,0,0,28(-0.36 %),0,0,0,0,2797369,17.1
26/07/2011,13900,382750000,27(-3.57 %),15880,436700000,1980,53950000,2783469,17.25
27/07/2011,0,0,27.1(0.37 %),0,0,0,0,2783469,17.25
28/07/2011,0,0,27.9(2.95 %),0,0,0,0,2783469,17.25
29/07/2011,-4500,-121291000,26.8(-3.94 %),0,0,4500,121291000,2787969,17.2
01/08/2011,-2500,-64000000,25.6(-4.48 %),0,0,2500,64000000,2796459,17.11
02/08/2011,-1020,-25500000,25(-2.34 %),0,0,1020,25500000,2797479,17.1
03/08/2011,21000,525600000,25(0.00 %),24000,600000000,3000,74400000,2776479,17.33
04/08/2011,15000,393000000,26.2(4.80 %),15000,393000000,0,0,2761479,17.51
05/08/2011,0,0,27.1(3.44 %),0,0,0,0,2761479,17.51
08/08/2011,1000,26500000,27(-0.37 %),1000,26500000,0,0,2760479,17.52
09/08/2011,1000,25700000,26.2(-2.96 %),1000,25700000,0,0,2759479,17.53
10/08/2011,-3000,-82500000,27.5(4.96 %),0,0,3000,82500000,2762479,17.49
11/08/2011,0,0,28.8(4.73 %),0,0,0,0,2762479,17.49
12/08/2011,-240,-7072000,29.3(1.74 %),20,598000,260,7670000,2762719,17.49
15/08/2011,-5740,-168382000,29.3(0.00 %),0,0,5740,168382000,2768459,17.43
16/08/2011,-1500,-44100000,29.4(0.34 %),0,0,1500,44100000,2769959,17.41
17/08/2011,0,0,26.5(0.38 %),0,0,0,0,2769959,17.41
18/08/2011,-4900,-130090000,26.5(0.00 %),1500,39850000,6400,169940000,2774859,17.35
19/08/2011,-1500,-39750000,26.5(0.00 %),0,0,1500,39750000,2776359,17.34
22/08/2011,0,0,27.7(4.53 %),0,0,0,0,2776359,17.34
23/08/2011,-1100,-29800000,27.7(0.00 %),0,0,1100,29800000,2777459,17.32
24/08/2011,0,0,27.7(0.00 %),0,0,0,0,2777459,17.32
25/08/2011,0,0,27.5(-0.72 %),0,0,0,0,2777459,17.32
26/08/2011,-2000,-54000000,27(-1.82 %),0,0,2000,54000000,2779459,17.3
29/08/2011,-1500,-41250000,27.5(1.85 %),0,0,1500,41250000,2780959,17.28
30/08/2011,-600,-16220000,28.5(3.64 %),0,0,600,16220000,2781559,17.28
31/08/2011,300,8430000,28.1(-1.40 %),300,8430000,0,0,2781259,17.28
01/09/2011,-20,-562000,28.5(1.42 %),0,0,20,562000,2786159,17.22
05/09/2011,0,0,28.5(0.00 %),0,0,0,0,2786159,17.22
06/09/2011,0,0,28.5(0.00 %),0,0,0,0,2786159,17.22
07/09/2011,-3000,-85500000,28.9(1.40 %),0,0,3000,85500000,2789159,17.19
08/09/2011,0,0,29(0.35 %),0,0,0,0,2789159,17.19
09/09/2011,0,0,28.9(-0.34 %),0,0,0,0,2789159,17.19
12/09/2011,-400,-11520000,28.8(-0.35 %),0,0,400,11520000,2789559,17.19
13/09/2011,50,1480000,29(0.69 %),50,1480000,0,0,2789509,17.19
14/09/2011,50,1495000,29(0.00 %),50,1495000,0,0,2789459,17.19
15/09/2011,0,0,28.5(-1.72 %),0,0,0,0,2789459,17.19
16/09/2011,0,0,28.5(0.00 %),0,0,0,0,2789459,17.19
19/09/2011,0,0,28.5(0.00 %),0,0,0,0,2789459,17.19
20/09/2011,0,0,28.5(0.00 %),0,0,0,0,2789459,17.19
21/09/2011,0,0,28.8(1.05 %),0,0,0,0,2789459,17.19
22/09/2011,0,0,28.9(0.35 %),0,0,0,0,2789459,17.19
23/09/2011,0,0,28.9(0.00 %),0,0,0,0,2789459,17.19
26/09/2011,0,0,29(0.35 %),0,0,0,0,2789459,17.19
27/09/2011,0,0,28.9(-0.34 %),0,0,0,0,2789459,17.19
28/09/2011,0,0,29(0.35 %),0,0,0,0,2789459,17.19
29/09/2011,1000,29000000,28.9(-0.34 %),1000,29000000,0,0,2788459,17.2
30/09/2011,240,6840000,28.6(-1.04 %),240,6840000,0,0,2788219,17.2
03/10/2011,0,0,28.6(0.00 %),0,0,0,0,2790339,17.18
04/10/2011,0,0,28.5(-0.35 %),0,0,0,0,2790339,17.18
05/10/2011,0,0,28.5(0.00 %),0,0,0,0,2790339,17.18
06/10/2011,0,0,29.8(4.56 %),0,0,0,0,2790339,17.18
07/10/2011,0,0,29.8(0.00 %),0,0,0,0,2790339,17.18
10/10/2011,70,2023000,28.9(-3.02 %),70,2023000,0,0,2790269,17.18
11/10/2011,-300,-8550000,28.5(-1.38 %),0,0,300,8550000,2790569,17.17
12/10/2011,0,0,28.5(0.00 %),0,0,0,0,2790569,17.17
13/10/2011,0,0,28.5(0.00 %),0,0,0,0,2790569,17.17
14/10/2011,0,0,29.5(3.51 %),0,0,0,0,2790569,17.17
17/10/2011,500,14750000,30(1.69 %),500,14750000,0,0,2790069,17.18
18/10/2011,0,0,29(-3.33 %),0,0,0,0,2790069,17.18
19/10/2011,10,295000,30.4(4.83 %),10,295000,0,0,2790059,17.18
20/10/2011,100,2950000,31(1.97 %),100,2950000,0,0,2789959,17.18
21/10/2011,390,11778000,30.2(-2.58 %),390,11778000,0,0,2789569,17.19
24/10/2011,0,0,31(2.65 %),0,0,0,0,2789569,17.19
25/10/2011,0,0,31(0.00 %),0,0,0,0,2789569,17.19
26/10/2011,0,0,31(0.00 %),0,0,0,0,2789569,17.19
27/10/2011,0,0,31(0.00 %),0,0,0,0,2789569,17.19
28/10/2011,-1000,-30410000,31(0.00 %),0,0,1000,30410000,2790569,17.17
31/10/2011,0,0,30.5(-1.61 %),0,0,0,0,2790569,17.17
01/11/2011,0,0,30(-1.64 %),0,0,0,0,2789569,17.19
02/11/2011,0,0,31(3.33 %),0,0,0,0,2789569,17.19
03/11/2011,0,0,31(0.00 %),0,0,0,0,2789569,17.19
04/11/2011,-120,-3720000,31(0.00 %),0,0,120,3720000,2789689,17.18
07/11/2011,440,13170000,30(-3.23 %),470,14100000,30,930000,2789249,17.19
08/11/2011,0,0,29.5(-1.67 %),0,0,0,0,2789249,17.19
09/11/2011,500,14750000,29.5(0.00 %),500,14750000,0,0,2788749,17.19
10/11/2011,0,0,29.5(0.00 %),0,0,0,0,2788749,17.19
11/11/2011,-7670,-225517000,29.4(-0.34 %),0,0,7670,225517000,2796419,17.11
14/11/2011,-1180,-34250000,29(-1.36 %),0,0,1180,34250000,2797599,17.09
15/11/2011,-3820,-110780000,29(0.00 %),0,0,3820,110780000,2801419,17.05
16/11/2011,0,0,29.2(0.69 %),0,0,0,0,2801419,17.05
17/11/2011,0,0,28.8(-1.37 %),0,0,0,0,2801419,17.05
18/11/2011,0,0,28.8(0.00 %),0,0,0,0,2801419,17.05
21/11/2011,0,0,28.8(0.00 %),0,0,0,0,2801419,17.05
22/11/2011,0,0,29(0.69 %),0,0,0,0,2801419,17.05
23/11/2011,0,0,29(0.00 %),0,0,0,0,2801419,17.05
24/11/2011,0,0,28.9(-0.34 %),0,0,0,0,2801419,17.05
25/11/2011,0,0,28.9(0.00 %),0,0,0,0,2801419,17.05
28/11/2011,0,0,29.5(2.08 %),0,0,0,0,2801419,17.05
29/11/2011,0,0,28.1(-4.75 %),0,0,0,0,2801419,17.05
30/11/2011,100,2810000,28.1(0.00 %),100,2810000,0,0,2801319,17.05
01/12/2011,0,0,28.9(2.85 %),0,0,0,0,2802319,17.04
02/12/2011,0,0,28.9(0.00 %),0,0,0,0,2802319,17.04
05/12/2011,0,0,29(0.35 %),0,0,0,0,2802319,17.04
06/12/2011,0,0,29(0.00 %),0,0,0,0,2802319,17.04
07/12/2011,0,0,28.9(-0.34 %),0,0,0,0,2802319,17.04
08/12/2011,0,0,28.5(-1.38 %),0,0,0,0,2802319,17.04
09/12/2011,0,0,29.9(4.91 %),0,0,0,0,2802319,17.04
12/12/2011,500,14750000,30(0.33 %),500,14750000,0,0,2801819,17.05
13/12/2011,0,0,29(-3.33 %),0,0,0,0,2801819,17.05
14/12/2011,0,0,29(0.00 %),0,0,0,0,2801819,17.05
15/12/2011,0,0,29(0.00 %),0,0,0,0,2801819,17.05
16/12/2011,0,0,29.1(0.34 %),0,0,0,0,2801819,17.05
19/12/2011,0,0,29.1(0.00 %),0,0,0,0,2801819,17.05
20/12/2011,0,0,29.1(0.00 %),0,0,0,0,2801819,17.05
21/12/2011,0,0,29.1(0.00 %),0,0,0,0,2801819,17.05
22/12/2011,0,0,29(-0.34 %),0,0,0,0,2801819,17.05
23/12/2011,0,0,29.5(1.72 %),0,0,0,0,2801819,17.05
26/12/2011,0,0,29.5(0.00 %),0,0,0,0,2801819,17.05
27/12/2011,0,0,29(-1.69 %),0,0,0,0,2801819,17.05
28/12/2011,0,0,28.9(-0.34 %),0,0,0,0,2801819,17.05
29/12/2011,0,0,30.3(4.84 %),0,0,0,0,2801819,17.05
30/12/2011,0,0,30.3(0.00 %),0,0,0,0,2801819,17.05
03/01/2012,0,0,30(-0.99 %),0,0,0,0,2801819,17.05
04/01/2012,0,0,30(0.00 %),0,0,0,0,2801819,17.05
05/01/2012,0,0,30(0.00 %),0,0,0,0,2801819,17.05
06/01/2012,0,0,29(-3.33 %),0,0,0,0,2801819,17.05
09/01/2012,0,0,29.5(1.72 %),0,0,0,0,2801819,17.05
10/01/2012,0,0,30(1.69 %),0,0,0,0,2801819,17.05
11/01/2012,0,0,29(-3.33 %),0,0,0,0,2801819,17.05
12/01/2012,0,0,29(0.00 %),0,0,0,0,2801819,17.05
13/01/2012,0,0,28.5(-1.72 %),0,0,0,0,2801819,17.05
16/01/2012,0,0,29.5(3.51 %),0,0,0,0,2801819,17.05
17/01/2012,1490,43955000,29.5(0.00 %),1490,43955000,0,0,2800329,17.06
18/01/2012,5600,169854000,30.9(4.75 %),5600,169854000,0,0,2794729,17.13
19/01/2012,7000,216300000,31.7(2.59 %),7000,216300000,0,0,2787729,17.21
20/01/2012,0,0,33(4.10 %),0,0,0,0,2787729,17.21
30/01/2012,0,0,34(3.03 %),0,0,0,0,2787729,17.21
31/01/2012,0,0,35(2.94 %),0,0,0,0,2787729,17.21
01/02/2012,0,0,33.3(-4.86 %),0,0,0,0,2787729,17.21
02/02/2012,0,0,33.9(1.80 %),0,0,0,0,2787729,17.21
03/02/2012,0,0,34.9(2.95 %),0,0,0,0,2787729,17.21
06/02/2012,0,0,36.3(4.01 %),0,0,0,0,2787729,17.21
07/02/2012,0,0,34.7(-4.41 %),0,0,0,0,2787729,17.21
08/02/2012,0,0,35.4(2.02 %),0,0,0,0,2787729,17.21
09/02/2012,6000,211200000,36(1.69 %),6000,211200000,0,0,2781729,17.27
10/02/2012,5000,174400000,34.6(-3.89 %),5000,174400000,0,0,2776729,17.33
13/02/2012,4000,132000000,35(1.16 %),4000,132000000,0,0,2772729,17.38
14/02/2012,1000,35000000,34.8(-0.57 %),2000,69800000,1000,34800000,2771729,17.39
15/02/2012,900,31320000,34(-2.30 %),2000,69300000,1100,37980000,2770829,17.4
16/02/2012,0,0,34(0.00 %),1000,34000000,1000,34000000,2770829,17.4
17/02/2012,1080,36720000,34.5(1.47 %),3980,135320000,2900,98600000,2769749,17.41
20/02/2012,1520,51430000,34(-1.45 %),2520,85680000,1000,34250000,2768229,17.43
21/02/2012,-1800,-61600000,34.2(0.59 %),1200,40800000,3000,102400000,2770029,17.41
22/02/2012,-1010,-34338000,33.8(-1.17 %),990,33462000,2000,67800000,2771039,17.4
23/02/2012,-710,-24140000,34(0.59 %),1990,67360000,2700,91500000,2771749,17.39
24/02/2012,3200,108100000,34.1(0.29 %),7500,255000000,4300,146900000,2768549,17.43
27/02/2012,0,0,35(2.64 %),0,0,0,0,2768549,17.43
28/02/2012,2100,74280000,36(2.86 %),2600,92280000,500,18000000,2766449,17.45
29/02/2012,0,0,36(0.00 %),0,0,0,0,2766449,17.45
01/03/2012,-730,-25550000,35(-2.78 %),780,27300000,1510,52850000,2765169,17.46
02/03/2012,-200,-7000000,35(0.00 %),990,33660000,1190,40660000,2765369,17.46
05/03/2012,-1800,-64800000,36.6(4.57 %),0,0,1800,64800000,2767169,17.44
06/03/2012,0,0,37(1.09 %),0,0,0,0,2767169,17.44
07/03/2012,0,0,38.5(4.05 %),0,0,0,0,2767169,17.44
08/03/2012,0,0,39(1.30 %),0,0,0,0,2767169,17.44
09/03/2012,20,742000,38(-2.56 %),20,742000,0,0,2767149,17.44
12/03/2012,100,3610000,38.2(0.53 %),100,3610000,0,0,2767049,17.44
13/03/2012,0,0,38(-0.52 %),0,0,0,0,2767049,17.44
14/03/2012,0,0,36.1(-5.00 %),0,0,0,0,2767049,17.44
15/03/2012,0,0,36.9(2.22 %),0,0,0,0,2767049,17.44
16/03/2012,30,1053000,35.1(-4.88 %),30,1053000,0,0,2767019,17.44
19/03/2012,400,13600000,36.5(3.99 %),400,13600000,0,0,2766619,17.45
20/03/2012,0,0,36.5(0.00 %),0,0,0,0,2766619,17.45
21/03/2012,0,0,37.8(3.56 %),0,0,0,0,2766619,17.45
22/03/2012,0,0,37.8(0.00 %),0,0,0,0,2766619,17.45
23/03/2012,0,0,37.7(-0.26 %),0,0,0,0,2766619,17.45
26/03/2012,0,0,37.8(0.27 %),0,0,0,0,2766619,17.45
27/03/2012,0,0,38.5(1.85 %),0,0,0,0,2766619,17.45
28/03/2012,0,0,36.8(-4.42 %),0,0,0,0,2766619,17.45
29/03/2012,0,0,37.5(1.90 %),0,0,0,0,2766619,17.45
30/03/2012,-150,-5625000,37.5(0.00 %),0,0,150,5625000,2766769,17.45
03/04/2012,0,0,37.5(0.00 %),0,0,0,0,2768629,17.42
04/04/2012,0,0,37.5(0.00 %),0,0,0,0,2768629,17.42
05/04/2012,0,0,37.5(0.00 %),0,0,0,0,2768629,17.42
06/04/2012,0,0,37.8(0.80 %),0,0,0,0,2768629,17.42
09/04/2012,0,0,39.6(4.76 %),0,0,0,0,2768629,17.42
10/04/2012,-1500,-62250000,41.5(4.80 %),0,0,1500,62250000,2770129,17.41
11/04/2012,-1840,-80040000,43.5(4.82 %),0,0,1840,80040000,2771969,17.39
12/04/2012,0,0,43.6(0.23 %),0,0,0,0,2771969,17.39
13/04/2012,2200,96490000,43.6(0.00 %),2700,117990000,500,21500000,2769769,17.41
16/04/2012,550,23974000,43(-1.38 %),550,23974000,0,0,2769219,17.42
17/04/2012,20,860000,43.8(1.86 %),20,860000,0,0,2769199,17.42
18/04/2012,0,0,43.2(-1.37 %),0,0,0,0,2769199,17.42
19/04/2012,0,0,41.7(-3.47 %),0,0,0,0,2769199,17.42
20/04/2012,0,0,42.5(1.92 %),0,0,0,0,2769199,17.42
23/04/2012,-560,-20328000,37(-2.63 %),0,0,560,20328000,2769759,17.41
24/04/2012,0,0,37(0.00 %),0,0,0,0,2769759,17.41
25/04/2012,0,0,35.7(-3.51 %),0,0,0,0,2769759,17.41
26/04/2012,-500,-17700000,35(-1.96 %),0,0,500,17700000,2770259,17.41
27/04/2012,0,0,36.7(4.86 %),0,0,0,0,2770259,17.41
02/05/2012,0,0,36.7(0.00 %),0,0,0,0,2769909,17.41
03/05/2012,0,0,37(0.82 %),0,0,0,0,2769909,17.41
04/05/2012,0,0,37.8(2.16 %),0,0,0,0,2769909,17.41
07/05/2012,2080,77730000,37.8(0.00 %),2080,77730000,0,0,2767829,17.43
08/05/2012,7060,267140000,36.6(-3.17 %),7060,267140000,0,0,2760769,17.51
09/05/2012,0,0,37.5(2.46 %),0,0,0,0,2760769,17.51
10/05/2012,0,0,38(1.33 %),0,0,0,0,2760769,17.51
11/05/2012,0,0,36.2(-4.74 %),0,0,0,0,2760769,17.51
14/05/2012,500,18750000,34.4(-4.97 %),500,18750000,0,0,2760269,17.52
15/05/2012,0,0,35.7(3.78 %),0,0,0,0,2760269,17.52
16/05/2012,0,0,35.5(-0.56 %),0,0,0,0,2760269,17.52
17/05/2012,0,0,35.5(0.00 %),0,0,0,0,2760269,17.52
18/05/2012,2400,82450000,34(-4.23 %),2400,82450000,0,0,2757869,17.55
21/05/2012,-10,-354000,34.8(2.35 %),0,0,10,354000,2757879,17.55
22/05/2012,0,0,34.5(-0.86 %),0,0,0,0,2757879,17.55
23/05/2012,1150,39100000,33.8(-2.03 %),1150,39100000,0,0,2756729,17.56
24/05/2012,1000,33000000,34(0.59 %),1000,33000000,0,0,2755729,17.57
25/05/2012,0,0,34.8(2.35 %),0,0,0,0,2755729,17.57
28/05/2012,0,0,34.8(0.00 %),0,0,0,0,2755729,17.57
29/05/2012,0,0,34.8(0.00 %),0,0,0,0,2755729,17.57
30/05/2012,1000,34800000,34.5(-0.86 %),1000,34800000,0,0,2754729,17.58
31/05/2012,0,0,34.5(0.00 %),0,0,0,0,2754729,17.58
01/06/2012,0,0,34.5(0.00 %),0,0,0,0,2755229,17.58
04/06/2012,0,0,33.3(-3.48 %),0,0,0,0,2755229,17.58
05/06/2012,0,0,34(2.10 %),0,0,0,0,2755229,17.58
06/06/2012,0,0,33.8(-0.59 %),0,0,0,0,2755229,17.58
07/06/2012,1000,34000000,34(0.59 %),1000,34000000,0,0,2754229,17.59
08/06/2012,0,0,33.9(-0.29 %),0,0,0,0,2754229,17.59
11/06/2012,0,0,34(0.29 %),0,0,0,0,2754229,17.59
12/06/2012,0,0,34(0.00 %),0,0,0,0,2754229,17.59
13/06/2012,0,0,34(0.00 %),0,0,0,0,2754229,17.59
14/06/2012,0,0,33.5(-1.47 %),0,0,0,0,2754229,17.59
15/06/2012,0,0,33.5(0.00 %),0,0,0,0,2754229,17.59
18/06/2012,0,0,33.5(0.00 %),0,0,0,0,2754229,17.59
19/06/2012,0,0,33.5(0.00 %),0,0,0,0,2754229,17.59
20/06/2012,0,0,34(1.49 %),0,0,0,0,2754229,17.59
21/06/2012,350,11550000,33(-2.94 %),350,11550000,0,0,2753879,17.59
22/06/2012,340,11220000,33(0.00 %),340,11220000,0,0,2753539,17.6
25/06/2012,0,0,33.2(0.61 %),0,0,0,0,2753539,17.6
26/06/2012,890,29370000,33(-0.60 %),890,29370000,0,0,2752649,17.61
27/06/2012,10,330000,33(0.00 %),10,330000,0,0,2752639,17.61
28/06/2012,300,9900000,34(3.03 %),300,9900000,0,0,2752339,17.61
29/06/2012,0,0,34(0.00 %),0,0,0,0,2752339,17.61
02/07/2012,50,1700000,34(0.00 %),50,1700000,0,0,2752289,17.61
03/07/2012,0,0,34.4(1.18 %),0,0,0,0,2752289,17.61
04/07/2012,0,0,34.4(0.00 %),0,0,0,0,2752289,17.61
05/07/2012,0,0,34.4(0.00 %),0,0,0,0,2752289,17.61
06/07/2012,-50,-1700000,35.5(3.20 %),0,0,50,1700000,2752339,17.61
09/07/2012,0,0,35.3(-0.56 %),0,0,0,0,2752339,17.61
10/07/2012,0,0,34.6(-1.98 %),0,0,0,0,2752339,17.61
11/07/2012,0,0,34(-1.73 %),0,0,0,0,2752339,17.61
12/07/2012,0,0,33.7(-0.88 %),0,0,0,0,2752339,17.61
13/07/2012,0,0,34(0.89 %),0,0,0,0,2752339,17.61
16/07/2012,0,0,33.5(-1.47 %),0,0,0,0,2752339,17.61
17/07/2012,0,0,33.1(-1.19 %),0,0,0,0,2752339,17.61
18/07/2012,0,0,33(-0.30 %),0,0,0,0,2752339,17.61
19/07/2012,0,0,33.1(0.30 %),0,0,0,0,2752339,17.61
20/07/2012,0,0,33.2(0.30 %),0,0,0,0,2752339,17.61
23/07/2012,0,0,33.3(0.30 %),0,0,0,0,2752339,17.61
24/07/2012,490,16317000,33.3(0.00 %),490,16317000,0,0,2751849,17.62
25/07/2012,320,10656000,33.3(0.00 %),320,10656000,0,0,2751529,17.62
26/07/2012,1000,33000000,33(-0.90 %),1000,33000000,0,0,2750529,17.63
27/07/2012,0,0,33.2(0.61 %),0,0,0,0,2750529,17.63
30/07/2012,0,0,34.6(4.22 %),0,0,0,0,2750529,17.63
31/07/2012,2410,80730000,33(-4.62 %),2410,80730000,0,0,2748119,17.66
01/08/2012,0,0,33.2(0.61 %),0,0,0,0,2748119,17.66
02/08/2012,250,8300000,33.2(0.00 %),250,8300000,0,0,2747869,17.66
03/08/2012,200,6660000,33.3(0.30 %),200,6660000,0,0,2747669,17.66
06/08/2012,300,10050000,33.5(0.60 %),300,10050000,0,0,2747369,17.67
07/08/2012,0,0,35.1(4.78 %),0,0,0,0,2747369,17.67
08/08/2012,400,14720000,36.5(3.99 %),3400,125120000,3000,110400000,2746969,17.67
09/08/2012,1240,45380000,36.6(0.27 %),1250,45750000,10,370000,2745729,17.69
10/08/2012,0,0,36.6(0.00 %),0,0,0,0,2745729,17.69
13/08/2012,-2670,-102528000,38(3.83 %),0,0,2670,102528000,2748399,17.65
14/08/2012,0,0,38(0.00 %),0,0,0,0,2748399,17.65
15/08/2012,1000,38000000,38(0.00 %),1000,38000000,0,0,2747399,17.67
16/08/2012,1580,60040000,37.5(-1.32 %),1580,60040000,0,0,2745819,17.68
17/08/2012,0,0,37.5(0.00 %),0,0,0,0,2745819,17.68
20/08/2012,0,0,37.3(-0.53 %),0,0,0,0,2745819,17.68
21/08/2012,640,25420000,35.5(-4.83 %),1500,55950000,860,30530000,2745179,17.69
22/08/2012,0,0,34.7(4.52 %),0,0,0,0,2745179,17.69
23/08/2012,0,0,33(-4.90 %),0,0,0,0,2745179,17.69
24/08/2012,570,17955000,33.5(1.52 %),570,17955000,0,0,2744609,17.7
27/08/2012,5000,166200000,31.9(-4.78 %),5000,166200000,0,0,2739609,17.76
28/08/2012,6000,191400000,33(3.45 %),6000,191400000,0,0,2733609,17.82
29/08/2012,0,0,33(0.00 %),0,0,0,0,2733609,17.82
30/08/2012,2000,66000000,33(0.00 %),2000,66000000,0,0,2731609,17.85
31/08/2012,3640,120056000,32.9(-0.30 %),3640,120056000,0,0,2727969,17.89
04/09/2012,0,0,33.5(1.82 %),0,0,0,0,2727969,17.89
05/09/2012,3380,112302000,32.9(-1.79 %),3380,112302000,0,0,2724589,17.93
06/09/2012,1000,32900000,32.9(0.00 %),1000,32900000,0,0,2723589,17.94
07/09/2012,1000,32800000,33.8(2.74 %),1000,32800000,0,0,2722589,17.95
10/09/2012,-4000,-129200000,32.3(-4.44 %),0,0,4000,129200000,2726589,17.9
11/09/2012,1000,32300000,32.3(0.00 %),1000,32300000,0,0,2725589,17.91
12/09/2012,130,4199000,33(2.17 %),130,4199000,0,0,2725459,17.92
13/09/2012,0,0,33.5(1.52 %),0,0,0,0,2725459,17.92
14/09/2012,2050,67645000,33.5(0.00 %),2050,67645000,0,0,2723409,17.94
17/09/2012,9010,297951000,34.9(4.18 %),9010,297951000,0,0,2714399,18.04
18/09/2012,5940,197996000,33.2(-4.87 %),5940,197996000,0,0,2708459,18.11
19/09/2012,0,0,33.2(0.00 %),0,0,0,0,2708459,18.11
20/09/2012,1200,39660000,32.8(-1.20 %),1200,39660000,0,0,2707259,18.12
21/09/2012,0,0,32.8(0.00 %),0,0,0,0,2707259,18.12
24/09/2012,0,0,34(3.66 %),0,0,0,0,2707259,18.12
25/09/2012,0,0,34(0.00 %),0,0,0,0,2707259,18.12
26/09/2012,0,0,34(0.00 %),0,0,0,0,2707259,18.12
27/09/2012,10,320000,34(0.00 %),20,660000,10,340000,2707249,18.12
28/09/2012,0,0,34(0.00 %),0,0,0,0,2707249,18.12
01/10/2012,760,25080000,33(-2.94 %),760,25080000,0,0,2706479,18.13
02/10/2012,1000,33000000,34.5(4.55 %),1000,33000000,0,0,2705479,18.14
03/10/2012,0,0,35(1.45 %),0,0,0,0,2705479,18.14
04/10/2012,0,0,35(0.00 %),0,0,0,0,2705479,18.14
05/10/2012,0,0,35(0.00 %),0,0,0,0,2705479,18.14
08/10/2012,0,0,35(0.00 %),0,0,0,0,2705479,18.14
09/10/2012,0,0,35(0.00 %),0,0,0,0,2705479,18.14
10/10/2012,0,0,35(0.00 %),0,0,0,0,2705479,18.14
11/10/2012,-4530,-157285000,35(0.00 %),0,0,4530,157285000,2710009,18.09
12/10/2012,-1900,-66500000,34.2(-2.29 %),0,0,1900,66500000,2711909,18.07
15/10/2012,0,0,34.2(0.00 %),0,0,0,0,2711909,18.07
16/10/2012,1000,34000000,34(-0.58 %),1000,34000000,0,0,2710909,18.08
17/10/2012,0,0,34(0.00 %),0,0,0,0,2710909,18.08
18/10/2012,2000,68000000,33.8(-0.59 %),2000,68000000,0,0,2708909,18.11
19/10/2012,2000,67500000,33.7(-0.30 %),2000,67500000,0,0,2706909,18.13
22/10/2012,0,0,33.8(0.30 %),0,0,0,0,2706909,18.13
23/10/2012,0,0,33.8(0.00 %),0,0,0,0,2706909,18.13
24/10/2012,700,23450000,33.5(-0.89 %),700,23450000,0,0,2706209,18.14
25/10/2012,0,0,33.7(0.60 %),0,0,0,0,2706209,18.14
26/10/2012,1000,33600000,33.6(-0.30 %),1000,33600000,0,0,2705209,7.26
29/10/2012,0,0,33.6(0.00 %),0,0,0,0,2705209,18.15
30/10/2012,0,0,33.6(0.00 %),0,0,0,0,2705209,18.15
31/10/2012,700,23560000,33.8(0.60 %),1120,37756000,420,14196000,2704509,18.16
01/11/2012,0,0,33.8(0.00 %),0,0,0,0,2704099,18.16
02/11/2012,0,0,33.8(0.00 %),0,0,0,0,2704099,18.16
05/11/2012,0,0,33.8(0.00 %),0,0,0,0,2704099,18.16
06/11/2012,0,0,33.9(0.30 %),0,0,0,0,2704099,18.16
07/11/2012,1000,33500000,34.9(2.95 %),1000,33500000,0,0,2703099,18.17
08/11/2012,0,0,34.9(0.00 %),0,0,0,0,2703099,18.17
09/11/2012,100,3390000,33.9(-2.87 %),100,3390000,0,0,2702999,18.17
12/11/2012,-10,-351000,35.1(3.54 %),0,0,10,351000,2703009,18.17
13/11/2012,0,0,34.4(-1.99 %),0,0,0,0,2703009,18.17
14/11/2012,0,0,34.9(1.45 %),0,0,0,0,2703009,18.17
15/11/2012,0,0,34.1(-2.29 %),0,0,0,0,2703009,18.17
16/11/2012,0,0,32.5(-4.69 %),0,0,0,0,2703009,18.17
19/11/2012,0,0,33.1(1.85 %),0,0,0,0,2703009,18.17
20/11/2012,0,0,33.1(0.00 %),0,0,0,0,2703009,18.17
21/11/2012,10,332000,33.2(0.30 %),10,332000,0,0,2702999,18.17
22/11/2012,0,0,34.8(4.82 %),0,0,0,0,2702999,18.17
23/11/2012,0,0,35(0.57 %),0,0,0,0,2702999,18.17
26/11/2012,0,0,36(2.86 %),0,0,0,0,2702999,18.17
27/11/2012,0,0,34.2(-5.00 %),0,0,0,0,2702999,18.17
28/11/2012,-10,-355000,34(-0.58 %),0,0,10,355000,2703009,18.17
29/11/2012,-110,-3795000,35.6(4.71 %),0,0,110,3795000,2703119,18.17
30/11/2012,0,0,35.7(0.28 %),0,0,0,0,2703119,18.17
03/12/2012,0,0,36.7(2.80 %),0,0,0,0,2703419,18.17
04/12/2012,520,19136000,36.7(0.00 %),520,19136000,0,0,2702899,18.17
05/12/2012,0,0,36.4(4.90 %),0,0,0,0,2702899,18.17
06/12/2012,0,0,35(-3.85 %),0,0,0,0,2702899,18.17
07/12/2012,0,0,35(0.00 %),0,0,0,0,2702899,18.17
10/12/2012,0,0,36.5(4.29 %),0,0,0,0,2702899,18.17
11/12/2012,0,0,34.7(-4.93 %),0,0,0,0,2702899,18.17
12/12/2012,0,0,36.4(4.90 %),0,0,0,0,2702899,18.17
13/12/2012,0,0,36(-1.10 %),0,0,0,0,2702899,18.17
14/12/2012,0,0,34.2(-5.00 %),0,0,0,0,2702899,18.17
17/12/2012,0,0,35.9(4.97 %),0,0,0,0,2702899,18.17
18/12/2012,0,0,37.4(4.18 %),0,0,0,0,2702899,18.17
19/12/2012,0,0,36.4(-2.67 %),0,0,0,0,2702899,18.17
20/12/2012,0,0,36.4(0.00 %),0,0,0,0,2702899,18.17
21/12/2012,0,0,36.4(0.00 %),0,0,0,0,2702899,18.17
24/12/2012,0,0,36.4(0.00 %),0,0,0,0,2702899,18.17
25/12/2012,20,692000,34.6(-4.95 %),20,692000,0,0,2702879,18.17
26/12/2012,30,1026000,34.2(-1.16 %),30,1026000,0,0,2702849,18.17
27/12/2012,1200,41040000,34.2(0.00 %),1200,41040000,0,0,2701649,18.19
28/12/2012,0,0,35.8(4.68 %),0,0,0,0,2701649,18.19
02/01/2013,20,688000,37(3.35 %),20,688000,0,0,2701749,18.19
03/01/2013,0,0,35.5(-4.05 %),0,0,0,0,2701749,18.19
04/01/2013,12000,409200000,36(1.41 %),12000,409200000,0,0,2689749,18.32
07/01/2013,0,0,37.2(3.33 %),0,0,0,0,2689749,18.32
08/01/2013,0,0,35.5(-4.57 %),0,0,0,0,2689749,18.32
09/01/2013,0,0,34.2(-3.66 %),0,0,0,0,2689749,18.32
10/01/2013,60,2052000,35(2.34 %),60,2052000,0,0,2689689,18.32
11/01/2013,0,0,35.5(1.43 %),0,0,0,0,2689689,18.32
14/01/2013,0,0,36(1.41 %),0,0,0,0,2689689,18.32
15/01/2013,0,0,36.5(1.39 %),0,0,0,0,2689689,18.32
16/01/2013,-580,-21170000,36.9(1.10 %),0,0,580,21170000,2690269,18.32
17/01/2013,0,0,36(-2.44 %),0,0,0,0,2690269,18.32
18/01/2013,4990,179640000,36(0.00 %),4990,179640000,0,0,2685279,18.37
21/01/2013,6580,236504000,35.8(-0.56 %),6580,236504000,0,0,2678699,18.45
22/01/2013,5690,204302000,35.8(0.00 %),5690,204302000,0,0,2673009,18.51
23/01/2013,0,0,35.8(0.00 %),0,0,0,0,2673009,18.51
24/01/2013,3600,128880000,35.8(0.00 %),3600,128880000,0,0,2669409,18.56
25/01/2013,500,17900000,35.8(0.00 %),500,17900000,0,0,2668909,18.56
28/01/2013,0,0,36.5(1.96 %),0,0,0,0,2668909,18.56
29/01/2013,1700,62050000,37.4(2.47 %),1700,62050000,0,0,2667209,18.58
30/01/2013,20,790000,39.5(5.61 %),20,790000,0,0,2667189,18.58
31/01/2013,0,0,41.8(5.82 %),0,0,0,0,2667189,18.58
01/02/2013,1600,63360000,41(-1.91 %),1600,63360000,0,0,2665589,18.6
04/02/2013,0,0,41.8(1.95 %),0,0,0,0,2665589,18.6
05/02/2013,0,0,43.5(4.07 %),0,0,0,0,2665589,18.6
06/02/2013,100,4050000,41(-5.75 %),100,4050000,0,0,2665489,18.6
07/02/2013,0,0,42.8(4.39 %),0,0,0,0,2665489,18.6
08/02/2013,0,0,42.7(-0.23 %),0,0,0,0,2665489,18.6
18/02/2013,0,0,42.7(0.00 %),0,0,0,0,2665489,18.6
19/02/2013,0,0,41.9(-1.87 %),0,0,0,0,2665489,18.6
20/02/2013,0,0,42.9(2.39 %),0,0,0,0,2665489,18.6
21/02/2013,-1030,-44487000,42.9(0.00 %),100,3990000,1130,48477000,2666519,18.59
22/02/2013,0,0,40.1(-6.53 %),0,0,0,0,2666519,18.59
25/02/2013,0,0,40.5(1.00 %),0,0,0,0,2666519,18.59
26/02/2013,3000,120750000,40(-1.23 %),3000,120750000,0,0,2663519,18.62
27/02/2013,270,10907000,37.8(-5.50 %),270,10907000,0,0,2663249,18.63
28/02/2013,10,380000,38(0.53 %),10,380000,0,0,2663239,18.63
01/03/2013,0,0,38(0.00 %),0,0,0,0,2663239,18.63
04/03/2013,2660,106400000,38.9(2.37 %),2660,106400000,0,0,2660579,18.66
05/03/2013,0,0,38.9(0.00 %),0,0,0,0,2660579,18.66
06/03/2013,2520,100800000,40(2.83 %),2520,100800000,0,0,2658059,18.69
07/03/2013,1500,60000000,40(0.00 %),1500,60000000,0,0,2656559,18.7
08/03/2013,1180,47216000,40.1(0.25 %),1180,47216000,0,0,2655379,18.72
11/03/2013,0,0,42(4.74 %),0,0,0,0,2655379,18.72
12/03/2013,350,14525000,41(-2.38 %),350,14525000,0,0,2655029,18.72
13/03/2013,1500,61500000,41(0.00 %),1500,61500000,0,0,2653529,18.74
14/03/2013,3360,137760000,41(0.00 %),3360,137760000,0,0,2650169,18.78
15/03/2013,-27000,-1182400000,43.7(6.59 %),0,0,27000,1182400000,2677169,18.47
18/03/2013,0,0,43.7(0.00 %),0,0,0,0,2677169,18.47
19/03/2013,0,0,43.7(0.00 %),0,0,0,0,2677169,18.47
20/03/2013,0,0,44.4(1.60 %),0,0,0,0,2677169,18.47
21/03/2013,0,0,45(1.35 %),0,0,0,0,2677169,18.47
22/03/2013,0,0,45(0.00 %),0,0,0,0,2677169,18.47
25/03/2013,1190,51170000,44.9(-0.22 %),1190,51170000,0,0,2675979,18.48
26/03/2013,15000,719900000,48(6.90 %),66000,3142900000,51000,2423000000,2660979,18.65
27/03/2013,53160,2568397000,49.7(3.54 %),53160,2568397000,0,0,2607819,19.26
28/03/2013,-160,-7952000,49.7(0.00 %),0,0,160,7952000,2607979,19.26
29/03/2013,100,4500000,47(0.00 %),100,4500000,0,0,2607879,19.26
01/04/2013,0,0,48.5(3.19 %),0,0,0,0,2607719,19.26
02/04/2013,93100,4475028000,49(1.03 %),93100,4475028000,0,0,2514619,20.32
03/04/2013,20000,963220000,48.9(-0.20 %),20000,963220000,0,0,2494619,20.55
04/04/2013,67740,3328380000,49(0.20 %),67740,3328380000,0,0,2426879,21.32
05/04/2013,400,19200000,48(-2.04 %),400,19200000,0,0,2426479,21.33
08/04/2013,0,0,49(2.08 %),0,0,0,0,2426479,21.33
09/04/2013,0,0,47.2(-3.67 %),0,0,0,0,2426479,21.33
10/04/2013,0,0,47.2(0.00 %),0,0,0,0,2426479,21.33
11/04/2013,0,0,47.5(0.64 %),0,0,0,0,2426479,21.33
12/04/2013,0,0,45.5(-4.21 %),0,0,0,0,2426479,21.33
15/04/2013,0,0,46(1.10 %),0,0,0,0,2426479,21.33
16/04/2013,0,0,47(2.17 %),0,0,0,0,2426479,21.33
17/04/2013,0,0,47(0.00 %),0,0,0,0,2426479,21.33
18/04/2013,0,0,46(-2.13 %),0,0,0,0,2426479,21.33
22/04/2013,0,0,46(0.00 %),0,0,0,0,2426479,21.33
23/04/2013,440,19800000,45(-2.17 %),440,19800000,0,0,2426039,21.33
24/04/2013,0,0,44.2(-1.78 %),0,0,0,0,2426039,21.33
25/04/2013,1400,60200000,45.5(2.94 %),1400,60200000,0,0,2424639,21.35
26/04/2013,0,0,45.4(-0.22 %),0,0,0,0,2424639,21.35
02/05/2013,0,0,44(-3.08 %),0,0,0,0,2424799,21.35
03/05/2013,0,0,44(0.00 %),0,0,0,0,2424799,21.35
06/05/2013,0,0,47(6.82 %),0,0,0,0,2424799,21.35
07/05/2013,0,0,47.7(1.49 %),0,0,0,0,2424799,21.35
08/05/2013,0,0,47.7(0.00 %),0,0,0,0,2424799,21.35
09/05/2013,0,0,47.7(0.00 %),0,0,0,0,2424799,21.35
10/05/2013,0,0,48(0.63 %),0,0,0,0,2424799,21.35
13/05/2013,0,0,51(6.25 %),0,0,0,0,2424799,21.35
14/05/2013,1000,50000000,50(-1.96 %),1000,50000000,0,0,2423799,21.36
15/05/2013,1200,59400000,49.5(-1.00 %),1200,59400000,0,0,2422599,21.37
16/05/2013,1300,61614000,47.1(-4.85 %),1300,61614000,0,0,2421299,21.39
17/05/2013,1110,52170000,47.1(0.00 %),1110,52170000,0,0,2420189,21.4
20/05/2013,1300,61100000,47.8(1.49 %),1300,61100000,0,0,2418889,21.41
21/05/2013,320,15040000,47.8(0.00 %),320,15040000,0,0,2418569,21.42
22/05/2013,740,34780000,47.5(-0.63 %),740,34780000,0,0,2417829,21.42
23/05/2013,1300,61100000,47(-1.05 %),1300,61100000,0,0,2416529,21.44
24/05/2013,590,27730000,49.5(5.32 %),590,27730000,0,0,2415939,21.45
27/05/2013,0,0,47.1(-4.85 %),0,0,0,0,2415939,21.45
28/05/2013,1510,71325000,47.2(0.21 %),1510,71325000,0,0,2414429,21.46
29/05/2013,1100,51810000,47.1(-0.21 %),1100,51810000,0,0,2413329,21.48
30/05/2013,0,0,47.1(0.00 %),0,0,0,0,2413329,21.48
31/05/2013,5000,235500000,47.1(0.00 %),5000,235500000,0,0,2408329,21.53
03/06/2013,0,0,47.1(0.00 %),0,0,0,0,2408329,21.53
04/06/2013,0,0,47.1(0.00 %),0,0,0,0,2408329,21.53
05/06/2013,0,0,47.1(0.00 %),0,0,0,0,2408329,21.53
06/06/2013,0,0,50(6.16 %),0,0,0,0,2408329,21.53
07/06/2013,0,0,50(0.00 %),0,0,0,0,2408329,21.53
10/06/2013,1400,66760000,48(-4.00 %),1400,66760000,0,0,2406929,21.55
11/06/2013,110,5115000,46.5(-3.12 %),110,5115000,0,0,2406819,21.55
12/06/2013,0,0,48(3.23 %),0,0,0,0,2406819,21.55
13/06/2013,0,0,46.5(-3.12 %),0,0,0,0,2406819,21.55
14/06/2013,900,41890000,46.5(0.00 %),1300,60450000,400,18560000,2405919,21.56
17/06/2013,4000,184800000,46.2(-0.65 %),4000,184800000,0,0,2401919,21.61
18/06/2013,0,0,45.9(-0.65 %),0,0,0,0,2401919,21.61
19/06/2013,0,0,46.2(0.65 %),0,0,0,0,2401919,21.61
20/06/2013,0,0,45(-2.60 %),0,0,0,0,2401919,21.61
21/06/2013,2000,91000000,45.5(1.11 %),2400,109160000,400,18160000,2399919,21.63
24/06/2013,0,0,47.5(4.40 %),0,0,0,0,2399919,21.63
25/06/2013,0,0,47(-1.05 %),0,0,0,0,2399919,21.63
26/06/2013,0,0,47(0.00 %),0,0,0,0,2399919,21.63
27/06/2013,0,0,48(2.13 %),0,0,0,0,2399919,21.63
28/06/2013,0,0,48(0.00 %),0,0,0,0,2399919,21.63
01/07/2013,0,0,44.7(-6.87 %),0,0,0,0,2399919,21.63
02/07/2013,0,0,44.7(0.00 %),0,0,0,0,2399919,21.63
03/07/2013,0,0,43.6(-2.46 %),0,0,0,0,2399919,21.63
04/07/2013,850,37400000,45(3.21 %),850,37400000,0,0,2399069,21.64
05/07/2013,50,2225000,44.5(-1.11 %),50,2225000,0,0,2399019,21.64
08/07/2013,0,0,43.5(-2.25 %),0,0,0,0,2399019,21.64
09/07/2013,0,0,43.5(0.00 %),0,0,0,0,2399019,21.64
10/07/2013,1060,46110000,45.5(4.60 %),1060,46110000,0,0,2397959,21.65
11/07/2013,0,0,46(1.10 %),0,0,0,0,2397959,21.65
12/07/2013,0,0,47(2.17 %),0,0,0,0,2397959,21.65
15/07/2013,0,0,48(2.13 %),0,0,0,0,2397959,21.65
16/07/2013,0,0,47.8(-0.42 %),0,0,0,0,2397959,21.65
17/07/2013,0,0,47.5(-0.63 %),0,0,0,0,2397959,21.65
18/07/2013,0,0,47.5(0.00 %),0,0,0,0,2397959,21.65
19/07/2013,0,0,47.5(0.00 %),0,0,0,0,2397959,21.65
22/07/2013,0,0,46.8(-1.47 %),0,0,0,0,2397959,21.65
23/07/2013,0,0,45.1(-3.63 %),0,0,0,0,2397959,21.65
24/07/2013,100,4510000,47(4.21 %),100,4510000,0,0,2397859,21.65
25/07/2013,100,4510000,45(-4.26 %),100,4510000,0,0,2397759,21.65
26/07/2013,0,0,46.9(4.22 %),0,0,0,0,2397759,21.65
29/07/2013,50,2375000,47.5(1.28 %),50,2375000,0,0,2397709,21.65
30/07/2013,100,4600000,46.9(-1.26 %),100,4600000,0,0,2397609,21.66
31/07/2013,0,0,46.9(0.00 %),0,0,0,0,2397609,21.66
01/08/2013,0,0,46.8(-0.21 %),0,0,0,0,2397609,21.66
02/08/2013,0,0,46.8(0.00 %),0,0,0,0,2397609,21.66
05/08/2013,0,0,46.8(0.00 %),0,0,0,0,2397609,21.66
06/08/2013,-500,-23500000,46.8(0.00 %),0,0,500,23500000,2398109,21.65
07/08/2013,0,0,47(0.43 %),0,0,0,0,2398109,21.65
08/08/2013,100,4600000,46(-2.13 %),100,4600000,0,0,2398009,21.65
09/08/2013,0,0,46.6(1.30 %),0,0,0,0,2398009,21.65
12/08/2013,5650,279420000,49.8(6.87 %),6500,321750000,850,42330000,2392359,21.72
13/08/2013,540,26847000,48(-3.61 %),540,26847000,0,0,2391819,21.72
14/08/2013,280,13738000,49(2.08 %),280,13738000,0,0,2391539,21.72
15/08/2013,850,41820000,49(0.00 %),850,41820000,0,0,2390689,21.73
16/08/2013,1010,49047000,48.6(-0.82 %),1010,49047000,0,0,2389679,21.75
19/08/2013,1920,93892000,48.8(0.41 %),1920,93892000,0,0,2387759,21.77
20/08/2013,40,1952000,48.7(-0.20 %),40,1952000,0,0,2387719,21.77
21/08/2013,230,11270000,48.9(0.41 %),230,11270000,0,0,2387489,21.77
22/08/2013,60,2932000,48.8(-0.20 %),60,2932000,0,0,2387429,21.77
23/08/2013,0,0,48.9(0.20 %),0,0,0,0,2387429,21.77
26/08/2013,10000,468384000,44(-4.14 %),10000,468384000,0,0,2377429,21.89
27/08/2013,500,22250000,46.4(5.45 %),500,22250000,0,0,2376929,21.89
28/08/2013,100,4410000,46.3(-0.22 %),100,4410000,0,0,2376829,21.89
29/08/2013,1180,52038000,44.1(-4.75 %),1180,52038000,0,0,2375649,21.91
30/08/2013,400,17200000,43(-2.49 %),400,17200000,0,0,2375249,21.91
03/09/2013,20,870000,43.5(1.16 %),20,870000,0,0,2375229,21.91
04/09/2013,3680,164455000,44.5(2.30 %),3680,164455000,0,0,2371549,21.95
05/09/2013,0,0,44.5(0.00 %),0,0,0,0,2371549,21.95
06/09/2013,2000,90000000,45(1.12 %),2000,90000000,0,0,2369549,21.98
09/09/2013,0,0,45(0.00 %),0,0,0,0,2369549,21.98
10/09/2013,0,0,45(0.00 %),0,0,0,0,2369549,21.98
11/09/2013,0,0,45(0.00 %),0,0,0,0,2369549,21.98
12/09/2013,0,0,45(0.00 %),0,0,0,0,2369549,21.98
13/09/2013,0,0,45(0.00 %),0,0,0,0,2369549,21.98
16/09/2013,370,16761000,45.3(0.67 %),370,16761000,0,0,2369179,21.98
17/09/2013,0,0,45.3(0.00 %),0,0,0,0,2369179,21.98
18/09/2013,0,0,45.5(0.44 %),0,0,0,0,2369179,21.98
19/09/2013,0,0,45.2(-0.66 %),0,0,0,0,2369179,21.98
20/09/2013,60,2628000,43.8(-3.10 %),60,2628000,0,0,2369119,21.98
23/09/2013,210,9261000,44(0.46 %),210,9261000,0,0,2368909,21.98
24/09/2013,-5450,-239800000,44(0.00 %),1550,68200000,7000,308000000,2374359,21.92
25/09/2013,-10000,-440000000,43.7(-0.68 %),0,0,10000,440000000,2384359,21.81
26/09/2013,-18030,-793320000,44(0.69 %),260,11440000,18290,804760000,2402389,21.6
27/09/2013,-3270,-143880000,44(0.00 %),1440,63360000,4710,207240000,2405659,21.56
30/09/2013,-4900,-215600000,44(0.00 %),100,4400000,5000,220000000,2410559,21.51
01/10/2013,-10,-440000,44(0.00 %),0,0,10,440000,2382559,21.83
02/10/2013,0,0,43.9(-0.23 %),0,0,0,0,2382559,21.83
03/10/2013,0,0,43.9(0.00 %),0,0,0,0,2382559,21.83
04/10/2013,0,0,43.8(-0.23 %),0,0,0,0,2382559,21.83
07/10/2013,-29400,-1305120000,44.8(2.28 %),600,26880000,30000,1332000000,2411959,21.49
08/10/2013,-1100,-48745000,44(-1.79 %),0,0,1100,48745000,2413059,21.48
09/10/2013,-7190,-316760000,44(0.00 %),0,0,7190,316760000,2420249,21.4
10/10/2013,0,0,44(0.00 %),0,0,0,0,2420249,21.4
11/10/2013,-650,-28600000,43.9(-0.23 %),0,0,650,28600000,2420899,21.39
14/10/2013,-60,-2640000,43.9(0.00 %),0,0,60,2640000,2420959,21.39
15/10/2013,-6090,-267960000,44.2(0.68 %),230,10120000,6320,278080000,2427049,21.32
16/10/2013,660,29172000,44.2(0.00 %),660,29172000,0,0,2426389,21.33
17/10/2013,0,0,44.1(-0.23 %),0,0,0,0,2426389,21.33
18/10/2013,0,0,44.4(0.68 %),0,0,0,0,2426389,21.33
21/10/2013,290,12818000,44.2(-0.45 %),290,12818000,0,0,2426099,21.33
22/10/2013,130,5681000,43.8(-0.90 %),130,5681000,0,0,2425969,21.33
23/10/2013,200,8840000,44.3(1.14 %),200,8840000,0,0,2425769,21.33
24/10/2013,0,0,44(-0.68 %),0,0,0,0,2425769,21.33
25/10/2013,100,4360000,44(0.00 %),100,4360000,0,0,2425669,21.34
28/10/2013,0,0,43.8(-0.45 %),0,0,0,0,2425669,21.34
29/10/2013,600,26280000,44(0.46 %),600,26280000,0,0,2425069,21.34
30/10/2013,0,0,44(0.00 %),0,0,0,0,2425069,21.34
31/10/2013,0,0,44(0.00 %),0,0,0,0,2425069,21.34
01/11/2013,0,0,43.9(-0.23 %),0,0,0,0,2453079,21.02
04/11/2013,0,0,43.7(-0.46 %),0,0,0,0,2453079,21.02
05/11/2013,0,0,43.7(0.00 %),0,0,0,0,2453079,21.02
06/11/2013,0,0,43.9(0.46 %),0,0,0,0,2453079,21.02
07/11/2013,0,0,44(0.23 %),2000,88000000,2000,88000000,2453079,21.02
08/11/2013,900,39600000,44(0.00 %),3000,132000000,2100,92400000,2452179,21.03
11/11/2013,180,7795000,44(0.00 %),1000,44000000,820,36205000,2451999,21.04
12/11/2013,1820,80080000,44(0.00 %),2000,88000000,180,7920000,2450179,21.06
13/11/2013,0,0,44(0.00 %),0,0,0,0,2450179,21.06
14/11/2013,0,0,43.5(-1.14 %),0,0,0,0,2450179,21.06
15/11/2013,2450,107965000,44.5(2.30 %),2450,107965000,0,0,2447729,21.08
18/11/2013,7750,353925000,46.5(4.49 %),7750,353925000,0,0,2439979,21.17
19/11/2013,3300,148575000,46.5(0.00 %),3300,148575000,0,0,2436679,21.21
20/11/2013,-10000,-450062000,46.5(0.00 %),0,0,10000,450062000,2446679,21.1
21/11/2013,100,4550000,46.4(-0.22 %),100,4550000,0,0,2446579,21.1
22/11/2013,100,4550000,46(-0.86 %),100,4550000,0,0,2446479,21.1
25/11/2013,10,455000,45(-2.17 %),10,455000,0,0,2446469,21.1
26/11/2013,0,0,45(0.00 %),0,0,0,0,2446469,21.1
27/11/2013,0,0,45.5(1.11 %),0,0,0,0,2446469,21.1
28/11/2013,0,0,45(-1.10 %),0,0,0,0,2446469,21.1
29/11/2013,0,0,46(2.22 %),0,0,0,0,2446469,21.1
02/12/2013,-50,-2295000,45.9(-0.22 %),0,0,50,2295000,2446469,21.1
03/12/2013,0,0,44.7(-2.61 %),0,0,0,0,2446469,21.1
04/12/2013,0,0,46(2.91 %),0,0,0,0,2446469,21.1
05/12/2013,0,0,46(0.00 %),0,0,0,0,2446469,21.1
06/12/2013,1020,47430000,46.5(1.09 %),1020,47430000,0,0,2445449,21.11
09/12/2013,0,0,46.9(0.86 %),0,0,0,0,2445449,21.11
10/12/2013,-10,-475000,47.5(1.28 %),0,0,10,475000,2445459,21.11
11/12/2013,690,31385000,46(-3.16 %),690,31385000,0,0,2444769,21.12
12/12/2013,-1070,-48770000,46(0.00 %),0,0,1070,48770000,2445839,21.11
13/12/2013,-590,-27700000,47(2.17 %),0,0,590,27700000,2446429,21.1
16/12/2013,-1000,-47580000,47.5(1.06 %),150,7125000,1150,54705000,2447429,21.09
17/12/2013,-860,-40862000,47.9(0.84 %),0,0,860,40862000,2448289,21.08
18/12/2013,0,0,48.4(1.04 %),0,0,0,0,2448289,21.08
19/12/2013,0,0,49.3(1.86 %),0,0,0,0,2448289,21.08
20/12/2013,0,0,48(-2.64 %),0,0,0,0,2448289,21.08
23/12/2013,0,0,48.7(1.46 %),0,0,0,0,2448289,21.08
24/12/2013,0,0,48.7(0.00 %),0,0,0,0,2448289,21.08
25/12/2013,0,0,49(0.62 %),0,0,0,0,2448289,21.08
26/12/2013,270,12840000,48.8(-0.41 %),280,13330000,10,490000,2448019,21.08
27/12/2013,490,23716000,48(-1.64 %),490,23716000,0,0,2447529,21.09
30/12/2013,3120,149760000,48.4(0.83 %),3120,149760000,0,0,2444409,21.12
31/12/2013,3380,161226000,48(-0.83 %),3380,161226000,0,0,2441029,21.16
02/01/2014,0,0,49(2.08 %),0,0,0,0,2441079,21.16
03/01/2014,0,0,48(-2.04 %),0,0,0,0,2441079,21.16
06/01/2014,40,1924000,49(2.08 %),40,1924000,0,0,2441039,21.16
07/01/2014,2780,134611000,49.5(1.02 %),2780,134611000,0,0,2438259,21.19
08/01/2014,100,4940000,49.4(-0.20 %),100,4940000,0,0,2438159,21.19
09/01/2014,5420,267644000,49.5(0.20 %),5920,292344000,500,24700000,2432739,21.25
10/01/2014,3090,152955000,49.3(-0.40 %),3090,152955000,0,0,2429649,21.29
13/01/2014,0,0,49.5(0.41 %),0,0,0,0,2429649,21.29
14/01/2014,200,9940000,49.3(-0.40 %),200,9940000,0,0,2429449,21.29
15/01/2014,20,988000,49.6(0.61 %),20,988000,0,0,2429429,21.29
16/01/2014,0,0,49.9(0.60 %),0,0,0,0,2429429,21.29
17/01/2014,0,0,49.8(-0.20 %),0,0,0,0,2429429,21.29
20/01/2014,0,0,49.5(-0.60 %),0,0,0,0,2429429,21.29
21/01/2014,0,0,50(1.01 %),0,0,0,0,2429429,21.29
22/01/2014,10,499000,49.4(-1.20 %),10,499000,0,0,2429419,21.29
23/01/2014,0,0,49.6(0.40 %),0,0,0,0,2429419,21.29
24/01/2014,0,0,49.1(-1.01 %),0,0,0,0,2429419,21.29
27/01/2014,0,0,49.5(0.81 %),0,0,0,0,2429419,21.29
06/02/2014,0,0,49.7(0.40 %),0,0,0,0,2429419,21.29
07/02/2014,0,0,50(0.60 %),0,0,0,0,2429419,21.29
10/02/2014,0,0,51(2.00 %),0,0,0,0,2429419,21.29
11/02/2014,300,15200000,50.5(-0.98 %),300,15200000,0,0,2429119,21.3
12/02/2014,200,10200000,50.5(0.00 %),200,10200000,0,0,2428919,21.3
13/02/2014,-5000,-257500000,51.5(1.98 %),0,0,5000,257500000,2433919,21.24
14/02/2014,-7400,-382600000,51.5(0.00 %),1600,82400000,9000,465000000,2441319,21.16
17/02/2014,-5850,-303550000,54.5(5.83 %),0,0,5850,303550000,2447169,21.09
18/02/2014,0,0,56.5(3.67 %),0,0,0,0,2447169,21.09
19/02/2014,0,0,57.5(1.77 %),0,0,0,0,2447169,21.09
20/02/2014,600,33600000,56.5(-1.74 %),600,33600000,0,0,2446569,21.1
21/02/2014,500,27500000,57(0.88 %),500,27500000,0,0,2446069,21.1
24/02/2014,0,0,57(0.00 %),0,0,0,0,2446069,21.1
25/02/2014,0,0,59.5(4.39 %),0,0,0,0,2446069,21.1
26/02/2014,0,0,59.5(0.00 %),0,0,0,0,2446069,21.1
27/02/2014,340,20235000,59.5(0.00 %),340,20235000,0,0,2445729,21.11
28/02/2014,0,0,59(-0.84 %),0,0,0,0,2445729,21.11
03/03/2014,0,0,59(0.00 %),0,0,0,0,2445729,21.11
04/03/2014,0,0,58.5(-0.85 %),0,0,0,0,2445729,21.11
05/03/2014,-500,-29500000,59.5(1.71 %),0,0,500,29500000,2446229,21.1
06/03/2014,0,0,59.5(0.00 %),0,0,0,0,2446229,21.1
07/03/2014,0,0,59.5(0.00 %),0,0,0,0,2446229,21.1
10/03/2014,0,0,57(1.97 %),0,0,0,0,2446229,21.1
11/03/2014,0,0,56(-1.75 %),0,0,0,0,2446229,21.1
12/03/2014,0,0,56.5(0.89 %),0,0,0,0,2446229,21.1
13/03/2014,800,45100000,55.5(-1.77 %),850,47950000,50,2850000,2445429,21.11
14/03/2014,-7000,-388500000,56(0.90 %),0,0,7000,388500000,2452429,21.03
17/03/2014,-60100,-3569950000,59.5(6.25 %),0,0,60100,3569950000,2512529,20.34
18/03/2014,-500,-30000000,60(0.84 %),0,0,500,30000000,2513029,20.34
19/03/2014,0,0,62(3.33 %),0,0,0,0,2513029,20.34
20/03/2014,50,3050000,61.5(-0.81 %),50,3050000,0,0,2512979,20.34
21/03/2014,0,0,60.5(-1.63 %),0,0,0,0,2512979,20.34
24/03/2014,0,0,60.5(0.00 %),0,0,0,0,2512979,20.34
25/03/2014,500,29750000,59.5(-1.65 %),500,29750000,0,0,2512479,20.35
26/03/2014,0,0,59(-0.84 %),0,0,0,0,2512479,20.35
27/03/2014,0,0,58.5(-0.85 %),0,0,0,0,2512479,20.35
28/03/2014,0,0,57.5(-1.71 %),0,0,0,0,2512479,20.35
31/03/2014,-960,-56160000,59(2.61 %),0,0,960,56160000,2513439,20.33
01/04/2014,0,0,58.5(-0.85 %),0,0,0,0,2512479,20.35
02/04/2014,0,0,58.5(0.00 %),0,0,0,0,2512479,20.35
03/04/2014,0,0,59(0.85 %),0,0,0,0,2512479,20.35
04/04/2014,10,585000,58.5(-0.85 %),10,585000,0,0,2512469,20.35
07/04/2014,10,585000,58.5(0.00 %),10,585000,0,0,2512459,20.35
08/04/2014,0,0,58.5(0.00 %),0,0,0,0,2512459,20.35
10/04/2014,-50,-2900000,58.5(0.00 %),0,0,50,2900000,2512509,20.35
11/04/2014,0,0,57.5(-1.71 %),0,0,0,0,2512509,20.35
14/04/2014,0,0,57(-0.87 %),0,0,0,0,2512509,20.35
15/04/2014,0,0,56(-1.75 %),0,0,0,0,2512509,20.35
16/04/2014,0,0,56(0.00 %),0,0,0,0,2512509,20.35
17/04/2014,0,0,56(0.00 %),0,0,0,0,2512509,20.35
18/04/2014,1090,61445000,55.5(-0.89 %),3090,173445000,2000,112000000,2511419,20.36
21/04/2014,-100,-5500000,55(-0.90 %),0,0,100,5500000,2511519,20.36
22/04/2014,0,0,55(0.00 %),0,0,0,0,2511519,20.36
23/04/2014,0,0,55(0.00 %),0,0,0,0,2511519,20.36
24/04/2014,0,0,55(0.00 %),0,0,0,0,2511519,20.36
25/04/2014,0,0,55(0.00 %),0,0,0,0,2511519,20.36
28/04/2014,0,0,55.5(0.91 %),0,0,0,0,2511519,20.36
29/04/2014,0,0,55(-0.90 %),0,0,0,0,2511519,20.36
05/05/2014,5000,275000000,55(0.00 %),5000,275000000,0,0,2507479,20.4
06/05/2014,0,0,54(-1.82 %),0,0,0,0,2507479,20.4
07/05/2014,0,0,54.5(0.93 %),0,0,0,0,2507479,20.4
08/05/2014,0,0,51(-6.42 %),0,0,0,0,2507479,20.4
09/05/2014,3510,188940000,53.5(4.90 %),3510,188940000,0,0,2503969,20.44
12/05/2014,300,15300000,52.5(-1.87 %),300,15300000,0,0,2503669,20.45
13/05/2014,0,0,52.5(0.00 %),0,0,0,0,2503669,20.45
14/05/2014,0,0,54(2.86 %),0,0,0,0,2503669,20.45
15/05/2014,0,0,54(0.00 %),0,0,0,0,2503669,20.45
16/05/2014,0,0,53.5(-0.93 %),0,0,0,0,2503669,20.45
19/05/2014,0,0,52.5(-1.87 %),0,0,0,0,2503669,20.45
20/05/2014,0,0,52.5(0.00 %),0,0,0,0,2503669,20.45
21/05/2014,0,0,52.5(0.00 %),0,0,0,0,2503669,20.45
22/05/2014,10,530000,54(2.86 %),10,530000,0,0,2503659,20.45
23/05/2014,0,0,54(0.00 %),0,0,0,0,2503659,20.45
26/05/2014,0,0,54(0.00 %),0,0,0,0,2503659,20.45
27/05/2014,-10,-540000,52(-3.70 %),0,0,10,540000,2503669,20.45
28/05/2014,50,2625000,52(0.00 %),50,2625000,0,0,2503619,20.45
29/05/2014,2000,104000000,52.5(0.96 %),2000,104000000,0,0,2501619,20.47
30/05/2014,0,0,52.5(0.00 %),0,0,0,0,2501619,20.47
02/06/2014,0,0,52(-0.95 %),0,0,0,0,2501619,20.47
03/06/2014,0,0,52.5(0.96 %),0,0,0,0,2501619,20.47
04/06/2014,0,0,52(-0.95 %),0,0,0,0,2501619,20.47
05/06/2014,1000,52000000,52(0.00 %),1000,52000000,0,0,2500619,20.48
06/06/2014,0,0,52.5(0.96 %),0,0,0,0,2500619,20.48
09/06/2014,0,0,52.5(0.00 %),0,0,0,0,2500619,20.48
10/06/2014,50,2625000,52(-0.95 %),50,2625000,0,0,2500569,20.48
11/06/2014,0,0,52.5(0.96 %),0,0,0,0,2500569,20.48
12/06/2014,500,26475000,52.5(0.00 %),500,26475000,0,0,2500069,20.49
13/06/2014,60,3150000,52.5(0.00 %),60,3150000,0,0,2500009,20.49
16/06/2014,0,0,53(0.95 %),0,0,0,0,2500009,20.49
17/06/2014,200,10500000,53.5(0.94 %),200,10500000,0,0,2499809,20.49
18/06/2014,0,0,53(-0.93 %),0,0,0,0,2499809,20.49
19/06/2014,1900,100700000,52.5(-0.94 %),1900,100700000,0,0,2497909,20.51
20/06/2014,2000,105000000,53(0.95 %),2000,105000000,0,0,2495909,20.53
23/06/2014,0,0,53.5(0.94 %),0,0,0,0,2495909,20.53
24/06/2014,0,0,55.5(3.74 %),0,0,0,0,2495909,20.53
25/06/2014,0,0,56(0.90 %),0,0,0,0,2495909,20.53
26/06/2014,4100,235750000,57.5(2.68 %),4100,235750000,0,0,2491809,20.58
27/06/2014,2320,133700000,57.5(0.00 %),2320,133700000,0,0,2489489,20.61
30/06/2014,1000,57000000,57(-0.87 %),1000,57000000,0,0,2488489,20.62
01/07/2014,1000,57000000,57(0.00 %),1000,57000000,0,0,2487489,20.63
02/07/2014,1000,56500000,56.5(-0.88 %),1000,56500000,0,0,2486489,20.64
03/07/2014,1040,58240000,55.5(-1.77 %),1040,58240000,0,0,2485449,20.65
04/07/2014,3040,171760000,57(2.70 %),3040,171760000,0,0,2482409,20.69
07/07/2014,1500,86000000,57.5(0.88 %),1500,86000000,0,0,2480909,20.71
08/07/2014,1000,57500000,57.5(0.00 %),1000,57500000,0,0,2479909,20.72
09/07/2014,1010,57570000,57(-0.87 %),1010,57570000,0,0,2478899,20.73
10/07/2014,10540,617650000,59.5(4.39 %),10540,617650000,0,0,2478899,20.73
11/07/2014,3340,198730000,59.5(0.00 %),3340,198730000,0,0,2465019,0.0
14/07/2014,1610,95795000,59.5(0.00 %),1610,95795000,0,0,2463409,20.91
15/07/2014,6120,373495000,61.5(3.36 %),6170,376520000,50,3025000,2457289,20.97
16/07/2014,-2120,-130950000,65.5(6.50 %),880,55050000,3000,186000000,2456359,0.0
17/07/2014,-700,-45610000,64(-2.29 %),0,0,700,45610000,2457059,20.98
18/07/2014,-150,-9375000,63(-1.56 %),0,0,150,9375000,2456359,20.99
21/07/2014,0,0,64(1.59 %),0,0,0,0,2456409,0.0
22/07/2014,0,0,64(0.00 %),0,0,0,0,2459409,0.0
23/07/2014,0,0,63.5(-0.78 %),0,0,0,0,2460109,0.0
24/07/2014,0,0,64.5(1.57 %),0,0,0,0,2460259,0.0
25/07/2014,0,0,65(0.78 %),0,0,0,0,2460259,0.0
28/07/2014,1730,109850000,64(-1.54 %),1740,110490000,10,640000,2458519,0.0
29/07/2014,-40,-2540000,64(0.00 %),950,60325000,990,62865000,2457569,0.0
30/07/2014,0,0,65.5(2.34 %),0,0,0,0,2457569,0.0
31/07/2014,-50,-3225000,65.5(0.00 %),0,0,50,3225000,2457569,0.0
01/08/2014,0,0,65(-0.76 %),0,0,0,0,2457579,0.0
04/08/2014,3000,198340000,66(1.54 %),5000,328840000,2000,130500000,2453569,0.0
05/08/2014,3000,196500000,65.5(-0.76 %),3000,196500000,0,0,2450569,0.0
06/08/2014,0,0,65(-0.76 %),0,0,0,0,2450619,21.05
07/08/2014,1060,68900000,65.5(0.77 %),1500,97500000,440,28600000,2449559,21.06
08/08/2014,7000,458500000,65.5(0.00 %),7000,458500000,0,0,2445119,0.0
11/08/2014,11350,743450000,66(0.76 %),11450,750000000,100,6550000,2432669,0.0
12/08/2014,3000,196500000,65.5(-0.76 %),3000,196500000,0,0,2429669,0.0
13/08/2014,5000,315750000,63.5(-3.05 %),5000,315750000,0,0,2425109,0.0
14/08/2014,1410,89260000,64.5(1.57 %),1410,89260000,0,0,2425109,21.34
15/08/2014,1660,107095000,65(0.78 %),1660,107095000,0,0,2423799,21.36
18/08/2014,3520,225270000,64(-1.54 %),3520,225270000,0,0,2418619,0.0
19/08/2014,1030,65405000,64(0.00 %),1030,65405000,0,0,2417589,0.0
20/08/2014,-420,-27115000,67(4.69 %),380,24885000,800,52000000,2417209,0.0
21/08/2014,-270,-17550000,65(-2.99 %),1730,112450000,2000,130000000,2415479,0.0
22/08/2014,-2300,-148905000,65.5(0.77 %),7700,504095000,10000,653000000,2415479,21.45
25/08/2014,4490,290845000,65.5(0.00 %),7500,486500000,3010,195655000,2407779,21.54
26/08/2014,7600,492200000,64.5(-1.53 %),7600,492200000,0,0,2401079,21.62
27/08/2014,-1400,-88425000,63.5(-1.55 %),9130,585495000,10530,673920000,2395479,21.68
28/08/2014,700,45260000,63(-0.79 %),3200,202760000,2500,157500000,2396349,21.67
29/08/2014,-1430,-90150000,65(3.17 %),3250,205050000,4680,295200000,2392909,0.0
03/09/2014,-3400,-214180000,63(-3.08 %),2600,164270000,6000,378450000,2392909,21.71
04/09/2014,-600,-37600000,63(0.00 %),2280,142960000,2880,180560000,2398559,0.0
05/09/2014,1340,84440000,63.5(0.79 %),7340,462440000,6000,378000000,2393719,0.0
08/09/2014,-1700,-107105000,63(-0.79 %),1600,100800000,3300,207905000,2398399,21.65
09/09/2014,-290,-18465000,62.5(-0.79 %),1650,103925000,1940,122390000,2402799,21.6
10/09/2014,-5100,-315400000,62(-0.80 %),3900,242600000,9000,558000000,2400129,0.0
11/09/2014,1430,88660000,62(0.00 %),1700,105400000,270,16740000,2404429,0.0
12/09/2014,-10310,-636820000,62(0.00 %),3600,222300000,13910,859120000,2404129,0.0
15/09/2014,-22300,-1384100000,62(0.00 %),1540,95750000,23840,1479850000,2406069,21.56
16/09/2014,-3240,-200880000,62(0.00 %),9400,582800000,12640,783680000,2404129,0.0
17/09/2014,-27810,-1809430000,65.5(5.65 %),8690,561320000,36500,2370750000,2395709,0.0
18/09/2014,-5490,-351860000,64.5(-1.53 %),2000,129000000,7490,480860000,2407619,0.0
19/09/2014,-2450,-156825000,64.5(0.00 %),2900,186900000,5350,343725000,2428559,0.0
22/09/2014,-910,-52540000,64(-0.78 %),5600,358660000,6510,411200000,2435599,0.0
23/09/2014,-5520,-349130000,64(0.00 %),2000,126000000,7520,475130000,2470099,0.0
24/09/2014,-3020,-188575000,63.5(-0.78 %),2000,126000000,5020,314575000,2473119,20.79
25/09/2014,780,48135000,62.5(-1.57 %),2000,125000000,1220,76865000,2472339,20.8
26/09/2014,-1640,-102500000,63(0.80 %),4000,250000000,5640,352500000,2473979,20.78
29/09/2014,-1400,-87500000,62.5(-0.79 %),2000,125000000,3400,212500000,2486969,0.0
30/09/2014,2000,125000000,62(-0.80 %),2000,125000000,0,0,2489989,0.0
01/10/2014,2000,124000000,63.5(2.42 %),2000,124000000,0,0,2489209,0.0
02/10/2014,4900,314410000,65(2.36 %),4900,314410000,0,0,2489949,0.0
03/10/2014,-20,-1290000,64.5(-0.77 %),0,0,20,1290000,2493349,0.0
06/10/2014,4900,316485000,65.5(1.55 %),4900,316485000,0,0,2488449,0.0
07/10/2014,430,27735000,65(-0.76 %),430,27735000,0,0,2488019,0.0
08/10/2014,1200,76800000,65(0.00 %),1200,76800000,0,0,2486819,0.0
09/10/2014,320,20800000,65(0.00 %),320,20800000,0,0,2486519,0.0
10/10/2014,390,25160000,65(0.00 %),1390,89160000,1000,64000000,2485129,0.0
13/10/2014,900,56600000,65(0.00 %),1900,121600000,1000,65000000,2484229,20.67
14/10/2014,260,17780000,66(1.54 %),360,24330000,100,6550000,2483969,20.67
15/10/2014,-380,-25440000,68(3.03 %),20,1360000,400,26800000,2484349,20.67
16/10/2014,1800,120600000,67.5(-0.74 %),1800,120600000,0,0,2482549,20.69
17/10/2014,3320,223230000,67.5(0.00 %),3900,262350000,580,39120000,2479229,20.72
20/10/2014,5920,402920000,68(0.74 %),7320,498220000,1400,95300000,2473309,20.79
21/10/2014,1330,91115000,69(1.47 %),1330,91115000,0,0,2471979,20.81
22/10/2014,500,34665000,69.5(0.72 %),500,34665000,0,0,2471479,20.81
23/10/2014,2550,175950000,69(-0.72 %),2550,175950000,0,0,2468929,20.84
24/10/2014,3170,218870000,69.5(0.72 %),3170,218870000,0,0,2465759,20.88
27/10/2014,6100,422905000,69.5(0.00 %),6100,422905000,0,0,2459659,20.95
29/10/2014,1280,88670000,70(1.45 %),1280,88670000,0,0,2458379,20.96
30/10/2014,-10,-695000,69(-1.43 %),0,0,10,695000,2458389,20.96
31/10/2014,1500,103500000,69.5(0.72 %),1500,103500000,0,0,2456889,20.98
03/11/2014,350,24605000,71.5(2.88 %),350,24605000,0,0,2455309,21.0
04/11/2014,8370,602320000,73(2.10 %),8370,602320000,0,0,2446939,21.09
05/11/2014,1540,112970000,73(0.00 %),1700,124730000,160,11760000,2445399,21.11
06/11/2014,2360,171100000,72.5(-0.68 %),2400,174000000,40,2900000,2443039,21.14
07/11/2014,2830,205175000,72.5(0.00 %),2830,205175000,0,0,2440209,21.17
10/11/2014,1900,136800000,72(-0.69 %),1900,136800000,0,0,2438309,21.19
11/11/2014,-10410,-727395000,72(0.00 %),1160,82635000,11570,810030000,2448719,21.07
12/11/2014,-1920,-138240000,72.5(0.69 %),230,16560000,2150,154800000,2450639,21.05
13/11/2014,1400,100800000,72(-0.69 %),1400,100800000,0,0,2449239,21.07
14/11/2014,8050,579600000,72.5(0.69 %),8050,579600000,0,0,2441189,21.16
17/11/2014,9410,677520000,72(-0.69 %),9410,677520000,0,0,2431779,21.27
18/11/2014,6500,468000000,72(0.00 %),6500,468000000,0,0,2425279,21.34
19/11/2014,4600,331165000,72(0.00 %),4600,331165000,0,0,2420679,21.39
20/11/2014,100,7250000,72(0.00 %),100,7250000,0,0,2420589,0.0
21/11/2014,30,2260000,73(1.39 %),30,2260000,0,0,2420559,0.0
24/11/2014,2200,162230000,75(2.74 %),2200,162230000,0,0,2418359,0.0
25/11/2014,530,40800000,78.5(4.67 %),2130,160000000,1600,119200000,2416229,0.0
26/11/2014,-60,-5150000,77(-1.91 %),440,34100000,500,39250000,2415789,0.0
27/11/2014,1300,100100000,77(0.00 %),1300,100100000,0,0,2414489,0.0
28/11/2014,5370,408120000,76(-1.30 %),5400,410400000,30,2280000,2409089,0.0
01/12/2014,1350,101220000,75.5(-0.66 %),1400,105000000,50,3780000,2409289,0.0
02/12/2014,2650,198350000,75.5(0.00 %),3120,233600000,470,35250000,2406669,0.0
03/12/2014,5200,385200000,74.5(-1.32 %),5200,385200000,0,0,2401469,0.0
04/12/2014,1610,119040000,73(-2.01 %),1610,119040000,0,0,2399889,0.0
05/12/2014,2200,162470000,73.5(0.68 %),2200,162470000,0,0,2397739,0.0
08/12/2014,3200,236350000,75(2.04 %),3200,236350000,0,0,2395009,0.0
09/12/2014,1000,73600000,72(-4.00 %),1500,110100000,500,36500000,2393509,0.0
10/12/2014,-2680,-195000000,72.5(0.69 %),2950,213180000,5630,408180000,2390559,0.0
11/12/2014,1530,110660000,74.5(2.76 %),2530,182970000,1000,72310000,2388029,0.0
12/12/2014,1520,109635000,74(-0.67 %),1520,109635000,0,0,2386509,21.78
15/12/2014,1400,98580000,70.5(-4.73 %),2100,149080000,700,50500000,2384909,0.0
16/12/2014,0,0,48.9(-30.64 %),0,0,0,0,2390539,0.0
17/12/2014,710,32960000,47(-3.89 %),710,32960000,0,0,2390829,0.0
18/12/2014,1880,86690000,48.5(3.19 %),1880,86690000,0,0,2388949,0.0
19/12/2014,190,9000000,46.5(-4.12 %),190,9000000,0,0,2389459,0.0
22/12/2014,980,45572000,46.7(0.43 %),980,45572000,0,0,2388479,21.76
23/12/2014,2100,97650000,47(0.64 %),2200,102300000,100,4650000,2386279,0.0
24/12/2014,2020,93940000,47(0.00 %),2020,93940000,0,0,2384259,0.0
25/12/2014,2250,104640000,46.8(-0.43 %),2250,104640000,0,0,2382009,0.0
26/12/2014,2050,94335000,46.7(-0.21 %),2050,94335000,0,0,2379959,21.86
29/12/2014,0,0,47.8(2.36 %),0,0,0,0,2379959,21.86
30/12/2014,2520,116479000,47(-1.67 %),2520,116479000,0,0,2377439,21.89
31/12/2014,0,0,48(2.13 %),0,0,0,0,2377439,21.89
05/01/2015,2460,118115000,48(0.00 %),2460,118115000,0,0,2375079,21.91
06/01/2015,210,9875000,47.5(-1.04 %),210,9875000,0,0,2374869,21.91
07/01/2015,1800,84600000,47.5(0.00 %),1800,84600000,0,0,2373069,21.94
08/01/2015,2170,103015000,47.1(-0.84 %),2170,103015000,0,0,2370899,21.96
09/01/2015,2220,104346000,47.3(0.42 %),3220,151446000,1000,47100000,2368679,21.99
12/01/2015,1460,68451000,47.9(1.27 %),2190,102615000,730,34164000,2367219,22.0
13/01/2015,10,478000,47.8(-0.21 %),10,478000,0,0,2367209,22.0
14/01/2015,-90,-4302000,47.8(0.00 %),0,0,90,4302000,2367299,22.0
15/01/2015,870,42274000,50(4.60 %),1180,56999000,310,14725000,2366429,22.01
16/01/2015,10,489000,48.9(-2.20 %),10,489000,0,0,2366419,22.01
19/01/2015,2260,110236000,48.7(-0.41 %),2260,110236000,0,0,2364159,22.04
20/01/2015,830,40989000,49(0.62 %),830,40989000,0,0,2363329,22.05
21/01/2015,-12310,-647310000,51.5(5.10 %),12710,653720000,25020,1301030000,2375639,21.91
22/01/2015,2690,138540000,51.5(0.00 %),2690,138540000,0,0,2372949,21.94
23/01/2015,1840,95500000,53(2.91 %),1840,95500000,0,0,2371109,21.96
26/01/2015,1400,74200000,53(0.00 %),1400,74200000,0,0,2369709,30.98
27/01/2015,2140,113420000,52.5(-0.94 %),2140,113420000,0,0,2367569,31.0
28/01/2015,3020,156080000,53(0.95 %),3020,156080000,0,0,2364549,31.02
29/01/2015,4010,207525000,52.5(-0.94 %),4010,207525000,0,0,2360539,31.05
30/01/2015,2450,129015000,53(0.95 %),3550,186765000,1100,57750000,2358089,31.07
02/02/2015,-10,-650000,53(0.00 %),1240,65100000,1250,65750000,3551867,21.99
03/02/2015,1880,98700000,52.5(-0.94 %),4010,210525000,2130,111825000,3549987,22.01
04/02/2015,1210,63540000,52.5(0.00 %),1210,63540000,0,0,3548777,22.02
05/02/2015,2890,151890000,52(-0.95 %),3270,171675000,380,19785000,3545887,22.04
06/02/2015,1520,79060000,53(1.92 %),1520,79060000,0,0,3544367,22.05
09/02/2015,480,24960000,52(-1.89 %),2200,114400000,1720,89440000,3543887,22.05
10/02/2015,2810,145120000,52(0.00 %),2810,145120000,0,0,3541077,22.08
11/02/2015,780,40560000,53(1.92 %),780,40560000,0,0,3540297,22.08
12/02/2015,0,0,53(0.00 %),0,0,0,0,3540297,22.08
13/02/2015,1230,62115000,50.5(1.00 %),1730,87365000,500,25250000,3539067,22.09
24/02/2015,0,0,51.5(1.98 %),10,530000,10,530000,3539067,22.09
25/02/2015,3150,166005000,52(0.97 %),4680,245200000,1530,79195000,3535917,22.12
26/02/2015,2000,103000000,52(0.00 %),2000,103000000,0,0,3533917,22.13
27/02/2015,3710,191915000,51.5(-0.96 %),3710,191915000,0,0,3530207,22.16
02/03/2015,2200,113200000,51(-0.97 %),2200,113200000,0,0,3528827,22.17
03/03/2015,50,2575000,51.5(0.98 %),50,2575000,0,0,3528777,22.17
04/03/2015,1710,87920000,52(0.97 %),1710,87920000,0,0,3527067,22.18
05/03/2015,0,0,52(0.00 %),20,1040000,20,1040000,3527067,22.18
06/03/2015,2850,147200000,51.5(-0.96 %),2850,147200000,0,0,3524217,22.2
09/03/2015,20,40000,52(0.97 %),2000,103000000,1980,102960000,3524197,22.2
10/03/2015,2000,103000000,51.5(-0.96 %),2000,103000000,0,0,3522197,22.22
11/03/2015,2020,104030000,51.5(0.00 %),2020,104030000,0,0,3520177,22.24
12/03/2015,200,10300000,51.5(0.00 %),200,10300000,0,0,3519977,22.24
13/03/2015,3060,157060000,51(-0.97 %),3060,157060000,0,0,3516917,22.26
16/03/2015,3530,179530000,51(0.00 %),3530,179530000,0,0,3513387,22.29
17/03/2015,690,34845000,51(0.00 %),690,34845000,0,0,3512697,22.29
18/03/2015,110,5615000,51.5(0.98 %),110,5615000,0,0,3512587,22.29
19/03/2015,210,10725000,51.5(0.00 %),210,10725000,0,0,3512377,22.29
20/03/2015,940,47960000,51.5(0.00 %),940,47960000,0,0,3511437,22.3
23/03/2015,500,24750000,50(-2.91 %),1500,75250000,1000,50500000,3510937,22.31
24/03/2015,-4340,-215045000,51(2.00 %),160,8010000,4500,223055000,3515277,22.27
25/03/2015,-4340,-215045000,50.5(-0.98 %),160,8010000,4500,223055000,3519617,22.24
26/03/2015,120,6060000,50.5(0.00 %),120,6060000,0,0,3519497,22.24
27/03/2015,20,1000000,50(-0.99 %),20,1000000,0,0,3519477,22.24
30/03/2015,0,0,50(0.00 %),0,0,0,0,3519477,22.24
31/03/2015,-9240,-471350000,51(2.00 %),150,7540000,9390,478890000,3528717,22.17
01/04/2015,-150,-7215000,51(0.00 %),1950,99885000,2100,107100000,3514567,22.28
02/04/2015,300,15305000,51.5(0.98 %),2200,112205000,1900,96900000,3514267,22.28
03/04/2015,-4370,-222775000,51.5(0.00 %),3700,189330000,8070,412105000,3518637,22.25
06/04/2015,-3950,-201380000,50.5(-1.94 %),4750,243570000,8700,444950000,3522587,22.22
07/04/2015,1020,51030000,49.5(-1.98 %),1020,51030000,0,0,3521567,22.22
08/04/2015,-1010,-51755000,51(3.03 %),510,25765000,1520,77520000,3522577,22.22
09/04/2015,-100,-5100000,51(0.00 %),0,0,100,5100000,3522677,22.22
10/04/2015,110,5585000,51(0.00 %),110,5585000,0,0,3522567,22.22
13/04/2015,-1430,-73430000,51(0.00 %),11000,560500000,12430,633930000,3523997,22.21
14/04/2015,1360,68710000,51(0.00 %),1400,70750000,40,2040000,3522637,22.22
15/04/2015,20,1020000,50.5(-0.98 %),20,1020000,0,0,3522617,22.22
16/04/2015,2700,136700000,51(0.99 %),2700,136700000,0,0,3519917,22.24
17/04/2015,100,5100000,51(0.00 %),100,5100000,0,0,3519817,22.24
20/04/2015,2050,103550000,51(0.00 %),2050,103550000,0,0,3517767,22.25
21/04/2015,2010,101510000,51(0.00 %),2010,101510000,0,0,3515757,22.27
22/04/2015,3550,182350000,53(3.92 %),3550,182350000,0,0,3512207,22.3
23/04/2015,-4390,-224545000,53(0.00 %),4850,252150000,9240,476695000,3516597,22.26
24/04/2015,1120,58810000,53(0.00 %),2120,111310000,1000,52500000,3515477,22.27
27/04/2015,140,7280000,52(-1.89 %),2000,104000000,1860,96720000,3515337,22.27
04/05/2015,-800,-38735000,51.5(-0.96 %),2200,114300000,3000,153035000,3512527,22.29
05/05/2015,5480,279765000,51(-0.97 %),9280,473465000,3800,193700000,3507047,22.34
06/05/2015,100,5185000,51(0.00 %),100,5185000,0,0,3506947,21.57
07/05/2015,4710,237585000,50.5(-0.98 %),8200,412330000,3490,174745000,3502237,21.61
08/05/2015,-2900,-145000000,50.5(0.00 %),7440,372170000,10340,517170000,3505137,21.58
11/05/2015,-1100,-53920000,49.8(-1.39 %),2300,114540000,3400,168460000,3506237,21.58
12/05/2015,200,10050000,50.5(1.41 %),200,10050000,0,0,3506037,21.58
13/05/2015,600,30310000,51(0.99 %),1100,55560000,500,25250000,3505437,21.58
14/05/2015,1800,90650000,50(-1.96 %),1800,90650000,0,0,3503637,21.6
15/05/2015,-270,-13548000,49.9(-0.20 %),2630,131450000,2900,144998000,3503907,21.59
18/05/2015,430,22118000,49.8(-0.20 %),2920,145898000,2490,123780000,3503477,21.6
19/05/2015,-1770,-87606000,49.8(0.00 %),3230,159994000,5000,247600000,3505247,21.58
20/05/2015,-4990,-245409000,49.7(-0.20 %),4900,241618000,9890,487027000,3510237,21.55
21/05/2015,-550,-27225000,49.5(-0.40 %),5000,247500000,5550,274725000,3510787,21.54
22/05/2015,-170,-8115000,50.5(2.02 %),18000,894100000,18170,902215000,3510957,21.54
25/05/2015,3870,195435000,50.5(0.00 %),3870,195435000,0,0,3507087,21.57
26/05/2015,10200,517955000,50.5(0.00 %),10200,517955000,0,0,3496887,21.65
27/05/2015,1030,52035000,51(0.99 %),1030,52035000,0,0,3495857,21.65
28/05/2015,-160,-8010000,51(0.00 %),14860,754010000,15020,762020000,3496017,21.65
29/05/2015,510,26010000,51(0.00 %),4500,229500000,3990,203490000,3495507,21.66
01/06/2015,150,7650000,50.5(-0.98 %),4150,211650000,4000,204000000,3487447,21.71
02/06/2015,-3300,-166645000,51(0.99 %),6700,338355000,10000,505000000,3490747,21.69
03/06/2015,-1900,-95950000,50.5(-0.98 %),4100,207050000,6000,303000000,3492647,21.68
04/06/2015,0,0,50.5(0.00 %),4100,207050000,4100,207050000,3492647,21.68
05/06/2015,-11810,-586942000,49.5(-1.98 %),4600,229900000,16410,816842000,3504457,21.59
08/06/2015,200,10125000,50.5(2.02 %),200,10125000,0,0,3504257,21.59
09/06/2015,400,20225000,51(0.99 %),400,20225000,0,0,3503857,21.59
10/06/2015,350,17685000,51(0.00 %),350,17685000,0,0,3503507,21.6
11/06/2015,400,20200000,51(0.00 %),400,20200000,0,0,3503107,21.6
12/06/2015,-8850,-445475000,50.5(-0.98 %),4500,227250000,13350,672725000,3511957,21.53
15/06/2015,0,0,50.5(0.00 %),0,0,0,0,3511957,21.53
16/06/2015,-12690,-632222000,49.7(-1.58 %),3060,152082000,15750,784304000,3524647,21.44
17/06/2015,520,26270000,51(2.62 %),520,26270000,0,0,3524127,21.45
18/06/2015,0,0,51(0.00 %),0,0,0,0,3524127,21.45
19/06/2015,20,1020000,51(0.00 %),20,1020000,0,0,3524107,21.45
22/06/2015,1500,75765000,51(0.00 %),5800,292915000,4300,217150000,3522607,21.46
23/06/2015,-900,-44870000,50.5(-0.98 %),180,9170000,1080,54040000,3523507,21.45
24/06/2015,-13800,-686685000,50.5(0.00 %),2120,106010000,15920,792695000,3537307,21.35
25/06/2015,-12810,-635538000,49.6(-1.78 %),200,9940000,13010,645478000,3550117,21.25
26/06/2015,-1390,-69154000,50.5(1.81 %),7200,357896000,8590,427050000,3551507,21.24
29/06/2015,730,36305000,50.5(0.00 %),730,36305000,0,0,3550777,21.25
30/06/2015,8100,405420000,50.5(0.00 %),8100,405420000,0,0,3542677,21.31
01/07/2015,0,0,50(-0.99 %),0,0,0,0,3557097,21.2
02/07/2015,1320,66115000,50.5(1.00 %),1320,66115000,0,0,3555777,21.96
03/07/2015,10,510000,51(0.99 %),10,510000,0,0,3555767,21.96
06/07/2015,-6750,-339875000,50.5(-0.98 %),6540,330270000,13290,670145000,3562517,21.91
07/07/2015,-6480,-323990000,50.5(0.00 %),4120,206010000,10600,530000000,3568997,21.86
08/07/2015,-6880,-343990000,50.5(0.00 %),4120,206010000,11000,550000000,3575877,21.81
09/07/2015,-17900,-895000000,50(-0.99 %),4100,205000000,22000,1100000000,3593777,21.68
10/07/2015,-15340,-767000000,50(0.00 %),5800,290000000,21140,1057000000,3609117,21.56
13/07/2015,180,9115000,51(2.00 %),22180,1119115000,22000,1110000000,3608937,21.56
14/07/2015,-8010,-398755000,50(-1.96 %),6990,353745000,15000,752500000,3616947,21.5
15/07/2015,1430,73865000,50(0.00 %),29430,1484510000,28000,1410645000,3615517,21.51
16/07/2015,-28070,-1404585000,50(0.00 %),4100,205000000,32170,1609585000,3643587,21.3
17/07/2015,-13600,-681240000,50(0.00 %),30100,1505000000,43700,2186240000,3657187,21.19
20/07/2015,-53820,-2728300000,51(2.00 %),1670,84350000,55490,2812650000,3711007,20.78
21/07/2015,-16630,-842885000,50.5(-0.98 %),4100,207050000,20730,1049935000,3727637,20.66
22/07/2015,-40610,-2146405000,54(6.93 %),33050,1699105000,73660,3845510000,3768247,20.35
23/07/2015,-6890,-367520000,53(-1.85 %),730,39190000,7620,406710000,3775137,20.3
24/07/2015,-7600,-404050000,52.5(-0.94 %),1910,101240000,9510,505290000,3782737,20.24
27/07/2015,-29160,-1505365000,51(-2.86 %),3900,204750000,33060,1710115000,3811897,20.02
28/07/2015,-26310,-1341810000,51(0.00 %),4010,204510000,30320,1546320000,3838207,19.82
29/07/2015,-17900,-904260000,50.5(-0.98 %),2100,106050000,20000,1010310000,3856107,19.68
30/07/2015,1250,64520000,51(0.99 %),1550,79820000,300,15300000,3854857,19.69
31/07/2015,-2240,-114330000,52.5(2.94 %),1360,70310000,3600,184640000,3857097,19.67
03/08/2015,9900,514550000,51.5(-1.90 %),10000,519750000,100,5200000,3831787,19.87
04/08/2015,-1890,-98280000,51.5(0.00 %),10,520000,1900,98800000,3833677,19.85
05/08/2015,-3990,-207470000,51.5(0.00 %),10,530000,4000,208000000,3837667,19.82
06/08/2015,30,1550000,51.5(0.00 %),30,1550000,0,0,3837637,19.82
07/08/2015,10,530000,52(0.97 %),10,530000,0,0,3837627,19.82
10/08/2015,-40,-1680000,52(0.00 %),2360,123320000,2400,125000000,3837667,19.82
11/08/2015,1500,78000000,52(0.00 %),4500,234000000,3000,156000000,3836167,19.83
12/08/2015,6360,312110000,49.3(1.02 %),6360,312110000,0,0,3829807,19.88
13/08/2015,-2610,-128330000,48.7(-1.22 %),4390,215570000,7000,343900000,3832417,19.86
14/08/2015,4360,212390000,48(-1.44 %),4360,212390000,0,0,3828057,19.89
17/08/2015,-1810,-88800000,48(0.00 %),190,9200000,2000,98000000,3829867,19.88
18/08/2015,-1940,-95490000,48.1(0.21 %),60,2910000,2000,98400000,3831807,19.87
19/08/2015,2020,99790000,49.4(2.70 %),2020,99790000,0,0,3829787,19.88
20/08/2015,-1000,-49390000,49.4(0.00 %),0,0,1000,49390000,3830787,19.87
21/08/2015,160,7760000,48.6(-1.62 %),160,7760000,0,0,3830627,19.87
24/08/2015,-4000,-191660000,47.8(-1.65 %),4250,206120000,8250,397780000,3834627,19.84
25/08/2015,-2230,-110130000,48.1(0.63 %),270,13070000,2500,123200000,3836857,19.83
26/08/2015,1000,49000000,51(6.03 %),1000,49000000,0,0,3835857,19.84
27/08/2015,35940,1795710000,50(-1.96 %),35940,1795710000,0,0,3799917,20.11
28/08/2015,5230,261140000,48(-4.00 %),5510,275120000,280,13980000,3794687,20.15
31/08/2015,950,47060000,49.9(3.96 %),950,47060000,0,0,3793737,20.16
01/09/2015,100,4980000,49.1(-1.60 %),100,4980000,0,0,3817361,19.98
03/09/2015,4220,206780000,49(-0.20 %),4220,206780000,0,0,3813141,20.01
04/09/2015,140,6980000,49.2(0.41 %),140,6980000,0,0,3813001,20.01
07/09/2015,20,1010000,50.5(2.64 %),20,1010000,0,0,3812981,20.01
08/09/2015,50,2540000,51(0.99 %),50,2540000,0,0,3812931,20.01
09/09/2015,120,6070000,49.8(-2.35 %),120,6070000,0,0,3812811,20.01
10/09/2015,20,1010000,49.8(0.00 %),20,1010000,0,0,3812791,20.01
11/09/2015,-160,-8090000,49.8(0.00 %),20,1000000,180,9090000,3812951,20.01
14/09/2015,-450,-22460000,51(2.41 %),0,0,450,22460000,3813401,20.01
15/09/2015,0,0,50(-1.96 %),0,0,0,0,3813401,20.01
16/09/2015,0,0,50.5(1.00 %),0,0,0,0,3813401,20.01
17/09/2015,10,520000,51.5(1.98 %),10,520000,0,0,3813391,20.01
18/09/2015,4000,206000000,51.5(0.00 %),4000,206000000,0,0,3809391,20.04
21/09/2015,4000,206000000,51.5(0.00 %),4000,206000000,0,0,3805391,20.07
22/09/2015,0,0,51(-0.97 %),0,0,0,0,3805391,20.07
23/09/2015,10,520000,51.5(0.98 %),10,520000,0,0,3805381,20.07
24/09/2015,4000,204000000,50.5(-1.94 %),4000,204000000,0,0,3801381,20.1
25/09/2015,4110,207570000,51.5(1.98 %),4110,207570000,0,0,3797271,20.13
28/09/2015,40,2050000,51.5(0.00 %),40,2050000,0,0,3797231,20.13
29/09/2015,20,1030000,51.5(0.00 %),20,1030000,0,0,3797211,20.13
30/09/2015,870,43980000,51.5(0.00 %),870,43980000,0,0,3796341,20.14
01/10/2015,4110,207560000,51(-0.97 %),4110,207560000,0,0,3792511,20.16
02/10/2015,0,0,52.5(2.94 %),0,0,0,0,3792511,20.16
05/10/2015,530,27040000,52(-0.95 %),530,27040000,0,0,3791981,20.17
06/10/2015,-13620,-695220000,51(-1.92 %),4380,223570000,18000,918790000,3805601,20.07
07/10/2015,-28550,-1456050000,51(0.00 %),4000,204000000,32550,1660050000,3834151,19.85
08/10/2015,-19230,-976490000,51(0.00 %),220,11140000,19450,987630000,3853381,19.7
09/10/2015,0,0,51(0.00 %),0,0,0,0,3853381,19.7
12/10/2015,40,2070000,50.5(-0.98 %),40,2070000,0,0,3853341,19.7
13/10/2015,210,10700000,51.5(1.98 %),210,10700000,0,0,3853131,19.7
14/10/2015,20,1030000,51(-0.97 %),20,1030000,0,0,3853111,19.7
15/10/2015,3920,197970000,51.5(0.98 %),3920,197970000,0,0,3849191,19.73
16/10/2015,10,520000,50.5(-1.94 %),10,520000,0,0,3849181,19.73
19/10/2015,-4000,-203060000,50.5(0.00 %),1100,55550000,5100,258610000,3853181,19.7
20/10/2015,-750,-38250000,51.5(1.98 %),0,0,750,38250000,3853931,19.7
21/10/2015,-40050,-2123880000,54(4.85 %),0,0,40050,2123880000,3893981,19.39
22/10/2015,2710,147490000,55(1.85 %),2710,147490000,0,0,3891271,19.41
23/10/2015,30,1540000,55(0.00 %),230,12540000,200,11000000,3891241,19.41
26/10/2015,1810,98240000,53.5(-2.73 %),4810,260240000,3000,162000000,3889431,19.43
27/10/2015,5470,299220000,54.5(1.87 %),10470,570720000,5000,271500000,3883961,19.47
28/10/2015,-9980,-561640000,58(6.42 %),1020,57360000,11000,619000000,3893941,19.39
29/10/2015,-1000,-58000000,59(1.72 %),0,0,1000,58000000,3894941,19.39
30/10/2015,-4200,-244550000,58(-1.69 %),50,2900000,4250,247450000,3899141,19.35
02/11/2015,3550,203880000,57(-1.72 %),4550,261630000,1000,57750000,3878341,19.51
03/11/2015,70,4010000,58(1.75 %),70,4010000,0,0,3878271,19.51
04/11/2015,2670,153320000,57(-1.72 %),2670,153320000,0,0,3875601,19.53
05/11/2015,2000,114000000,56.5(-0.88 %),2000,114000000,0,0,3873601,19.55
06/11/2015,0,0,55.5(-1.77 %),0,0,0,0,3873601,19.55
09/11/2015,10,570000,55.5(0.00 %),10,570000,0,0,3873591,19.55
10/11/2015,640,35530000,55(-0.90 %),3140,174280000,2500,138750000,3872951,19.55
11/11/2015,160,8860000,55(0.00 %),160,8860000,0,0,3872791,19.55
12/11/2015,1110,61210000,55.5(0.91 %),1410,77560000,300,16350000,3871681,19.56
13/11/2015,230,12990000,56.5(1.80 %),230,12990000,0,0,3871451,19.56
16/11/2015,170,9530000,56.5(0.00 %),170,9530000,0,0,3871281,19.57
17/11/2015,0,0,55.5(-1.77 %),0,0,0,0,3871281,19.57
18/11/2015,120,6610000,55.5(0.00 %),120,6610000,0,0,3871161,19.57
19/11/2015,380,21100000,55.5(0.00 %),380,21100000,0,0,3870781,19.57
20/11/2015,0,0,56.5(1.80 %),0,0,0,0,3870781,19.57
23/11/2015,200,11250000,56(-0.88 %),200,11250000,0,0,3870581,19.57
24/11/2015,-44540,-2447540000,55(-1.79 %),580,32000000,45120,2479540000,3887251,19.44
25/11/2015,10,560000,55.5(0.91 %),10,560000,0,0,3887241,19.44
26/11/2015,120,6620000,54.5(-1.80 %),120,6620000,0,0,3887121,19.45
27/11/2015,2010,111545000,55.5(1.83 %),2010,111545000,0,0,3885111,19.46
30/11/2015,2230,122610000,53.5(-3.60 %),2230,122610000,0,0,3928001,19.13
01/12/2015,20,1120000,55.5(3.74 %),20,1120000,0,0,3927981,19.13
02/12/2015,50,2780000,55.5(0.00 %),50,2780000,0,0,3927931,19.13
03/12/2015,0,0,56(0.90 %),0,0,0,0,3927931,19.13
04/12/2015,2190,122650000,55.5(-0.89 %),2190,122650000,0,0,3925741,19.15
07/12/2015,800,44420000,55.5(0.00 %),800,44420000,0,0,3924941,19.16
08/12/2015,1200,67100000,55.5(0.00 %),1200,67100000,0,0,3923741,19.17
09/12/2015,10,560000,55.5(0.00 %),10,560000,0,0,3923731,19.17
10/12/2015,30,1680000,56(0.90 %),30,1680000,0,0,3923701,19.17
11/12/2015,10,570000,56.5(0.89 %),10,570000,0,0,3923691,19.17
14/12/2015,810,45590000,58.5(3.54 %),1010,57090000,200,11500000,3922681,19.17
15/12/2015,0,0,57.5(-1.71 %),0,0,0,0,3922681,19.17
16/12/2015,2190,129140000,58(0.87 %),2190,129140000,0,0,3920491,19.19
17/12/2015,3600,207900000,56.5(-2.59 %),3600,207900000,0,0,3916891,19.22
18/12/2015,30,1740000,57.5(1.77 %),30,1740000,0,0,3917061,19.22
21/12/2015,110,6290000,56.5(-1.74 %),110,6290000,0,0,3916951,19.22
22/12/2015,990,55970000,57(0.88 %),990,55970000,0,0,3915961,19.23
23/12/2015,10,570000,57(0.00 %),10,570000,0,0,3915951,19.23
24/12/2015,20,1170000,58.5(2.63 %),20,1170000,0,0,3915931,19.23
25/12/2015,3510,203580000,57.5(-1.71 %),3510,203580000,0,0,3912421,19.25
28/12/2015,3600,207000000,57.5(0.00 %),3600,207000000,0,0,3908821,19.28
29/12/2015,-70,-4030000,57(-0.87 %),0,0,70,4030000,3908821,19.28
30/12/2015,10,570000,57(0.00 %),10,570000,0,0,3908811,19.28
31/12/2015,2820,160750000,57.5(0.88 %),2820,160750000,0,0,3905991,19.3
04/01/2016,-1500,-85500000,57(-0.87 %),0,0,1500,85500000,3905991,19.3
05/01/2016,0,0,57.5(0.88 %),0,0,0,0,3906061,19.3
06/01/2016,0,0,58(0.87 %),0,0,0,0,3906061,19.3
07/01/2016,4300,246000000,57.5(-0.86 %),4300,246000000,0,0,3903261,19.32
08/01/2016,2020,116150000,57.5(0.00 %),2020,116150000,0,0,3901241,19.34
11/01/2016,1650,95150000,58.5(1.74 %),1650,95150000,0,0,3899591,19.35
12/01/2016,160,9200000,57.5(-1.71 %),160,9200000,0,0,3899431,19.35
13/01/2016,0,0,57.5(0.00 %),0,0,0,0,3899431,19.35
14/01/2016,-3360,-193550000,56(-2.61 %),230,12880000,3590,206430000,3899201,19.35
15/01/2016,-1400,-79780000,57(1.79 %),10,590000,1410,80370000,3899191,19.35
18/01/2016,4600,262200000,56.5(-0.88 %),4600,262200000,0,0,3894591,19.39
19/01/2016,2250,127200000,56.5(0.00 %),2250,127200000,0,0,3895931,19.38
20/01/2016,10,580000,56.5(0.00 %),10,580000,0,0,3897331,19.37
21/01/2016,1200,69650000,57(0.88 %),2500,143750000,1300,74100000,3894831,19.39
22/01/2016,-48260,-2750820000,57(0.00 %),6700,381900000,54960,3132720000,3888131,19.44
25/01/2016,50,2880000,58(1.75 %),50,2880000,0,0,3882261,19.48
26/01/2016,-2670,-150740000,57(-1.72 %),11360,649270000,14030,800010000,3878021,19.51
27/01/2016,-5070,-286990000,56.5(-0.88 %),6830,389310000,11900,676300000,3926151,19.15
28/01/2016,-21500,-1214750000,56(-0.88 %),5000,282700000,26500,1497450000,3921151,19.19
29/01/2016,330,18970000,57.5(2.68 %),330,18970000,0,0,3934851,19.08
01/02/2016,2740,158660000,57.5(0.00 %),3050,176950000,310,18290000,3943701,19.02
02/02/2016,2000,115000000,57(-0.87 %),2000,115000000,0,0,3968201,18.83
03/02/2016,3800,216600000,57(0.00 %),3800,216600000,0,0,3964401,18.86
04/02/2016,0,0,58(1.75 %),0,0,0,0,3964711,18.86
05/02/2016,140,8190000,58.5(0.86 %),140,8190000,0,0,3964571,18.86
15/02/2016,210,12180000,57.5(-1.71 %),210,12180000,0,0,3964361,18.86
16/02/2016,1170,67290000,57.5(0.00 %),1170,67290000,0,0,3963191,18.87
17/02/2016,11360,653200000,57(-0.87 %),11360,653200000,0,0,3951831,18.95
18/02/2016,200,11500000,58(1.75 %),3600,207000000,3400,195500000,3948231,18.98
19/02/2016,2730,156980000,57.5(-0.86 %),2730,156980000,0,0,3945501,19.0
22/02/2016,7620,435360000,58(0.87 %),10620,607860000,3000,172500000,3934881,19.08
23/02/2016,5880,337100000,57.5(-0.86 %),5880,337100000,0,0,3932401,19.1
24/02/2016,1000,57500000,57.5(0.00 %),1000,57500000,0,0,3931401,19.11
25/02/2016,0,0,57.5(0.00 %),0,0,0,0,3934401,19.09
26/02/2016,200,11500000,57.5(0.00 %),200,11500000,0,0,3934201,19.09
29/02/2016,-69690,-4285460000,61.5(6.96 %),20,1210000,69710,4286670000,3934181,19.09
01/03/2016,-1000,-62000000,61.5(0.00 %),0,0,1000,62000000,3934181,19.09
02/03/2016,-760,-47460000,63.5(3.25 %),280,17520000,1040,64980000,3933901,19.09
03/03/2016,400,25400000,63(-0.79 %),400,25400000,0,0,4003211,18.56
04/03/2016,-35250,-2298480000,64.5(2.38 %),2900,187200000,38150,2485680000,4001311,18.58
07/03/2016,360,23580000,65.5(1.55 %),360,23580000,0,0,4001991,18.57
08/03/2016,-8740,-557890000,63.5(-3.05 %),3200,206400000,11940,764290000,3998791,18.6
09/03/2016,4190,266070000,63.5(0.00 %),4190,266070000,0,0,4032751,18.34
10/03/2016,-24340,-1597090000,66(3.94 %),10,660000,24350,1597750000,4032741,18.34
11/03/2016,10,670000,67(1.52 %),10,670000,0,0,4044671,18.25
14/03/2016,-1230,-81800000,65(-2.99 %),0,0,1230,81800000,4044671,18.25
15/03/2016,90,5720000,63(-3.08 %),90,5720000,0,0,4068931,18.06
16/03/2016,3330,208170000,63(0.00 %),3330,208170000,0,0,4065601,18.09
17/03/2016,6640,427140000,65.5(3.97 %),6640,427140000,0,0,4060191,18.13
18/03/2016,7430,485230000,64.5(-1.53 %),7430,485230000,0,0,4052761,18.19
21/03/2016,1440,92160000,64(-0.78 %),1440,92160000,0,0,4051321,18.2
22/03/2016,3200,204800000,64.5(0.78 %),3200,204800000,0,0,4048121,18.22
23/03/2016,8200,523200000,64.5(0.00 %),8200,523200000,0,0,4039921,18.28
24/03/2016,3200,203200000,64(-0.78 %),3200,203200000,0,0,4036721,18.31
25/03/2016,5010,319640000,63.5(-0.78 %),5010,319640000,0,0,4031711,18.35
28/03/2016,4220,268500000,65(2.36 %),4220,268500000,0,0,4027491,18.38
29/03/2016,5520,359300000,66.5(2.31 %),5520,359300000,0,0,4021971,18.42
30/03/2016,4480,292700000,66(-0.75 %),4480,292700000,0,0,4017491,18.45
31/03/2016,1170,81580000,67(1.52 %),1170,81580000,0,0,4016321,18.46
01/04/2016,4240,280970000,67(0.00 %),4250,281650000,10,680000,4012071,18.5
04/04/2016,3100,203050000,65.5(-2.24 %),3100,203050000,0,0,4008971,18.52
05/04/2016,5300,341450000,62.5(-4.58 %),5300,341450000,0,0,4003671,18.56
06/04/2016,9510,596460000,62.5(0.00 %),9510,596460000,0,0,3994171,18.63
07/04/2016,5800,353470000,59.5(-4.80 %),5800,353470000,0,0,3988371,18.68
08/04/2016,9840,580240000,58.5(-1.68 %),9840,580240000,0,0,3978531,18.75
11/04/2016,7620,446320000,61.5(5.13 %),9550,565020000,1930,118700000,3968981,18.82
12/04/2016,8190,505300000,65.5(6.50 %),9190,570300000,1000,65000000,3959791,18.89
13/04/2016,1130,73470000,66.5(1.53 %),1130,73470000,0,0,3958661,18.9
14/04/2016,-1610,-105910000,66.5(0.00 %),10,650000,1620,106560000,3960581,18.89
15/04/2016,1380,90590000,65.5(-1.50 %),1380,90590000,0,0,3960201,18.89
19/04/2016,4140,271170000,64.5(-1.53 %),4140,271170000,0,0,3956061,18.92
20/04/2016,330,21290000,65.5(1.55 %),330,21290000,0,0,3957351,18.91
21/04/2016,11820,794180000,67(2.29 %),11820,794180000,0,0,3945531,19.0
22/04/2016,1800,122200000,67.5(0.75 %),1800,122200000,0,0,3943731,19.01
25/04/2016,5940,401670000,68(0.74 %),5940,401670000,0,0,3937791,19.06
26/04/2016,4550,311050000,68.5(0.74 %),6550,448050000,2000,137000000,3931241,19.11
27/04/2016,5200,356200000,68.5(0.00 %),5200,356200000,0,0,3926041,19.15
28/04/2016,100,6900000,69(0.73 %),100,6900000,0,0,3925941,19.15
29/04/2016,3380,231500000,68(-1.45 %),3380,231500000,0,0,3924561,19.16
04/05/2016,2350,160150000,67(-1.47 %),4250,289000000,1900,128850000,3920311,19.19
05/05/2016,5600,375200000,68.5(2.24 %),5600,375200000,0,0,3914711,19.24
06/05/2016,3100,207700000,68(-0.73 %),3100,207700000,0,0,3911611,19.26
09/05/2016,5120,347670000,68.5(0.74 %),6120,416170000,1000,68500000,3907391,19.29
10/05/2016,3230,219640000,67.5(-1.46 %),3230,219640000,0,0,3904161,19.32
11/05/2016,3580,240010000,66.5(-1.48 %),3580,240010000,0,0,3900581,19.34
12/05/2016,4600,305900000,67(0.75 %),4600,305900000,0,0,3896981,19.37
13/05/2016,4100,273150000,66.5(-0.75 %),4100,273150000,0,0,3892881,19.4
16/05/2016,-190,-12680000,67(0.75 %),10,670000,200,13350000,3892871,19.4
17/05/2016,7880,525660000,66(-1.49 %),7880,525660000,0,0,3884991,19.46
18/05/2016,3600,237700000,65.5(-0.76 %),4200,276950000,600,39250000,3880791,19.49
19/05/2016,2050,134270000,66(0.76 %),3100,203050000,1050,68780000,3877891,19.52
20/05/2016,120,7970000,68.5(3.79 %),120,7970000,0,0,3877771,19.52
23/05/2016,1900,129900000,67.5(-1.46 %),1900,129900000,0,0,3876471,19.53
24/05/2016,3390,227280000,67(-0.74 %),3390,227280000,0,0,3874131,19.54
25/05/2016,3690,247240000,67.5(0.75 %),3690,247240000,0,0,3870441,19.57
26/05/2016,3100,207700000,67.5(0.00 %),3100,207700000,0,0,3867341,19.6
27/05/2016,1550,104620000,67.5(0.00 %),3100,207700000,1550,103080000,3864241,19.62
30/05/2016,1710,114500000,67.5(0.00 %),4210,282625000,2500,168125000,3862531,19.63
31/05/2016,5000,337500000,67.5(0.00 %),5000,337500000,0,0,3857531,19.67
01/06/2016,3240,218700000,67.5(0.00 %),3240,218700000,0,0,3853341,19.7
02/06/2016,-5720,-413480000,72(6.67 %),460,31180000,6180,444660000,3859061,19.66
03/06/2016,1760,131150000,74.5(3.47 %),1760,131150000,0,0,3853621,19.7
06/06/2016,-630,-46740000,73.5(-1.34 %),870,63510000,1500,110250000,3852751,19.71
07/06/2016,-4340,-314260000,73.5(0.00 %),660,48240000,5000,362500000,3858271,19.66
08/06/2016,3320,242000000,74(0.68 %),3320,242000000,0,0,3854951,19.69
09/06/2016,380,29030000,78(5.41 %),410,31330000,30,2300000,3856041,19.68
10/06/2016,-100,-7830000,77(-1.28 %),0,0,100,7830000,3861041,19.64
13/06/2016,4760,366020000,76(-1.30 %),4760,366020000,0,0,3856281,19.68
14/06/2016,2710,204610000,78(2.63 %),2710,204610000,0,0,3853601,19.7
15/06/2016,-22590,-1796650000,79(1.28 %),2410,190850000,25000,1987500000,3851291,19.72
16/06/2016,-18380,-1488800000,81.5(3.16 %),6620,536200000,25000,2025000000,3844671,19.77
17/06/2016,10740,879960000,82(0.61 %),10740,879960000,0,0,3833931,19.85
20/06/2016,-10160,-848540000,83(1.22 %),1800,150200000,11960,998740000,3857131,19.67
21/06/2016,2800,231300000,82.5(-0.60 %),2800,231300000,0,0,3879331,19.5
22/06/2016,11850,984780000,83.5(1.21 %),11850,984780000,0,0,3867481,19.59
23/06/2016,3850,319110000,82.5(-1.20 %),3850,319110000,0,0,3875591,19.53
24/06/2016,3970,313580000,82(-0.61 %),4770,378280000,800,64700000,3870821,19.57
27/06/2016,7360,586360000,79.5(-3.05 %),8470,676030000,1110,89670000,3862351,19.63
28/06/2016,9300,758300000,82.5(3.77 %),9800,798410000,500,40110000,3852551,19.71
29/06/2016,-9650,-668180000,70(6.06 %),0,0,9650,668180000,3853351,19.7
30/06/2016,-2430,-165600000,69.5(-0.71 %),3570,251400000,6000,417000000,3850891,19.72
01/07/2016,1250,89280000,71.5(2.88 %),2250,159780000,1000,70500000,3849141,19.73
04/07/2016,-1200,-87600000,73.5(2.80 %),100,7300000,1300,94900000,3858691,19.66
05/07/2016,1730,126910000,74(0.68 %),1730,126910000,0,0,3862961,19.63
06/07/2016,-3600,-285270000,77.5(4.73 %),1900,139730000,5500,425000000,3862061,19.64
07/07/2016,-15960,-1254620000,82(5.81 %),540,43380000,16500,1298000000,3862821,19.63
08/07/2016,-12350,-1009760000,80.5(-1.83 %),750,60320000,13100,1070080000,3862071,19.64
11/07/2016,5530,430130000,75(-6.83 %),5630,438230000,100,8100000,3862071,19.64
12/07/2016,-1580,-118910000,75.5(0.67 %),2960,219110000,4540,338020000,3875481,19.53
13/07/2016,7590,569780000,76.5(1.32 %),9130,692160000,1540,122380000,3879451,19.5
14/07/2016,8840,680600000,75(-1.96 %),18850,1433900000,10010,753300000,3860701,19.65
15/07/2016,32220,2376030000,75(0.00 %),33940,2503450000,1720,127420000,3831301,19.87
18/07/2016,-3480,-267480000,77(2.67 %),520,39020000,4000,306500000,3832321,19.86
19/07/2016,15540,1250610000,80(3.90 %),21690,1747010000,6150,496400000,3820641,19.95
20/07/2016,26980,2196740000,83(3.75 %),37160,3031680000,10180,834940000,3785201,20.22
21/07/2016,24290,2084160000,85.5(3.01 %),46460,3967970000,22170,1883810000,3742741,20.54
22/07/2016,16570,1393740000,85.5(0.00 %),20590,1735190000,4020,341450000,3728301,20.65
25/07/2016,24340,2063600000,85(-0.58 %),26660,2260960000,2320,197360000,3711821,20.78
26/07/2016,14460,1234070000,88(3.53 %),41470,3577950000,27010,2343880000,3692521,20.92
27/07/2016,-17470,-1541160000,89.5(1.70 %),0,0,17470,1541160000,3696541,20.89
28/07/2016,-12510,-1104640000,88(-1.68 %),0,0,12510,1104640000,3698861,20.88
29/07/2016,-14730,-1284580000,86.5(-1.70 %),1100,96800000,15830,1381380000,3724771,20.68
01/08/2016,0,0,84(-2.89 %),0,0,0,0,3742241,20.55
02/08/2016,3230,266670000,81.5(-2.98 %),3230,266670000,0,0,3751521,20.48
03/08/2016,21120,1721340000,84(3.07 %),21120,1721340000,0,0,3746231,20.52
04/08/2016,-140,-11900000,83(-1.19 %),0,0,140,11900000,3746231,20.52
05/08/2016,-2870,-233890000,81.5(-1.81 %),10,830000,2880,234720000,4709914,20.35
08/08/2016,2540,198760000,77.5(-4.91 %),3740,294160000,1200,95400000,4706174,20.37
09/08/2016,-690,-52300000,79.5(2.58 %),410,32590000,1100,84890000,4705904,20.38
10/08/2016,3510,282370000,81.5(2.52 %),4110,330770000,600,48400000,4704674,20.38
11/08/2016,730,59720000,80(-1.84 %),1110,90300000,380,30580000,4704764,20.38
12/08/2016,-10230,-805210000,79(-1.25 %),1070,85330000,11300,890540000,4704794,20.38
15/08/2016,32950,2604210000,81.5(3.16 %),36850,2916210000,3900,312000000,4668544,20.6
16/08/2016,-12190,-984000000,82.5(1.23 %),420,34460000,12610,1018460000,4668504,20.6
17/08/2016,-4750,-392390000,84(1.82 %),280,23110000,5030,415500000,4679524,20.54
18/08/2016,-6750,-574750000,85(1.19 %),250,21000000,7000,595750000,4683174,20.51
19/08/2016,-5990,-507700000,83.5(-1.76 %),30,2530000,6020,510230000,4695754,20.44
22/08/2016,-11550,-949910000,82.5(-1.20 %),0,0,11550,949910000,4700786,20.41
23/08/2016,13080,1083200000,82(-0.61 %),15180,1255400000,2100,172200000,4692606,20.46
24/08/2016,10840,863040000,80(-2.44 %),16840,1347540000,6000,484500000,4681786,20.52
25/08/2016,-5030,-416440000,82(2.50 %),680,54490000,5710,470930000,4692656,20.46
26/08/2016,850,69700000,82(0.00 %),850,69700000,0,0,4693906,20.45
29/08/2016,20,1640000,82(0.00 %),20,1640000,0,0,4699886,20.41
30/08/2016,15600,1282580000,83(1.22 %),15740,1294130000,140,11550000,4689856,20.47
31/08/2016,-16700,-1439250000,86.5(4.22 %),5900,506650000,22600,1945900000,4683956,20.51
01/09/2016,11330,991380000,88.5(2.31 %),11330,991380000,0,0,4672626,20.58
05/09/2016,-20,-1790000,91(2.82 %),0,0,20,1790000,4672766,20.58
06/09/2016,3900,351400000,91(0.00 %),3900,351400000,0,0,4691466,20.46
07/09/2016,2560,235920000,88(-3.30 %),8260,742120000,5700,506200000,4683206,20.51
08/09/2016,180,15750000,90.5(2.84 %),180,15750000,0,0,4683046,20.51
09/09/2016,10,910000,90(-0.55 %),10,910000,0,0,4683036,20.51
12/09/2016,0,0,91(1.11 %),0,0,0,0,4688736,20.48
13/09/2016,0,0,92(1.10 %),0,0,0,0,4688736,20.48
14/09/2016,180,16560000,91.5(-0.54 %),180,16560000,0,0,4688556,20.48
15/09/2016,-500,-46150000,92(0.55 %),0,0,500,46150000,4688556,20.48
16/09/2016,-670,-62630000,95.4(3.70 %),330,31370000,1000,94000000,4688226,20.48
19/09/2016,-490,-48160000,99(3.77 %),110,10770000,600,58930000,4688116,20.48
20/09/2016,-9840,-974160000,99(0.00 %),30,2970000,9870,977130000,4688586,20.48
21/09/2016,-360,-38330000,98.5(-0.51 %),15150,1491870000,15510,1530200000,4674436,20.57
22/09/2016,-150,-11540000,98.5(0.00 %),2770,275130000,2920,286670000,4672266,20.58
23/09/2016,80,7860000,98(-0.51 %),80,7860000,0,0,4682056,20.52
26/09/2016,-9280,-909440000,98.4(0.41 %),720,70560000,10000,980000000,4696846,20.43
27/09/2016,960,95820000,100(1.63 %),1060,105790000,100,9970000,4698706,20.42
28/09/2016,1190,118650000,99.5(-0.50 %),1290,128650000,100,10000000,4697416,20.43
29/09/2016,2040,199170000,97(0.52 %),3970,385820000,1930,186650000,4703446,20.39
30/09/2016,100,9400000,94(-3.09 %),100,9400000,0,0,4703446,20.39
03/10/2016,-760,-70410000,90.6(-3.62 %),10,940000,770,71350000,4703536,20.39
04/10/2016,-29130,-2634140000,88(-2.87 %),870,79110000,30000,2713250000,4704596,20.38
05/10/2016,-7060,-622340000,88.1(0.11 %),1370,120990000,8430,743330000,4703226,20.39
06/10/2016,20,1840000,90(2.16 %),20,1840000,0,0,4703976,20.39
07/10/2016,-2630,-236510000,90(0.00 %),320,28740000,2950,265250000,4733656,20.21
10/10/2016,-60,-5370000,89.5(-0.56 %),40,3580000,100,8950000,4742046,20.16
11/10/2016,110,9750000,88.8(-0.78 %),110,9750000,0,0,4741936,20.16
12/10/2016,720,64830000,90(1.35 %),720,64830000,0,0,4744166,20.14
13/10/2016,7160,649780000,92(2.22 %),9160,829780000,2000,180000000,4735106,20.2
14/10/2016,9550,896650000,95(3.26 %),9550,896650000,0,0,4725556,20.26
17/10/2016,30230,2871570000,93.6(-1.47 %),30230,2871570000,0,0,4695326,20.44
18/10/2016,2730,259730000,94(0.43 %),9000,841600000,6270,581870000,4688326,20.48
19/10/2016,21590,2035050000,94.7(0.74 %),21590,2035050000,0,0,4666736,20.61
20/10/2016,25690,2457170000,94(-0.74 %),25790,2466670000,100,9500000,4640946,20.77
21/10/2016,20240,1903520000,93.2(-0.85 %),20240,1903520000,0,0,4626976,20.86
24/10/2016,21430,1993260000,92(-1.29 %),21430,1993260000,0,0,4605546,20.99
25/10/2016,-2190,-199300000,92(0.00 %),90,8290000,2280,207590000,4605556,20.99
26/10/2016,280,25810000,91.8(-0.22 %),320,29450000,40,3640000,4605236,20.99
27/10/2016,1600,144590000,92.5(0.76 %),3240,296180000,1640,151590000,4601996,21.01
28/10/2016,30,2810000,94(1.62 %),30,2810000,0,0,4604246,20.99
31/10/2016,160,15010000,92.8(-1.28 %),160,15010000,0,0,4604126,20.99
01/11/2016,1380,127630000,92.1(-0.75 %),1380,127630000,0,0,4604386,20.99
02/11/2016,30,2740000,90.6(-1.63 %),30,2740000,0,0,4604356,20.99
03/11/2016,420,37800000,90(-0.66 %),420,37800000,0,0,4603936,21.0
04/11/2016,2710,244940000,89.6(-0.44 %),2710,244940000,0,0,4601226,21.01
07/11/2016,0,0,90.2(0.67 %),0,0,0,0,4601226,21.01
08/11/2016,-2040,-181360000,89.5(-0.78 %),90,8130000,2130,189490000,4601136,21.01
09/11/2016,-19270,-1670010000,87.9(-1.79 %),220,19470000,19490,1689480000,4600916,21.01
10/11/2016,850,74980000,87.7(-0.23 %),850,74980000,0,0,4600066,21.02
11/11/2016,3220,283500000,89(1.48 %),3220,283500000,0,0,4598976,21.03
14/11/2016,1410,125080000,88.1(-1.01 %),1410,125080000,0,0,4617056,20.92
15/11/2016,1880,165710000,88.7(0.68 %),1880,165710000,0,0,4615176,20.93
16/11/2016,-3720,-325580000,87.1(-1.80 %),30,2620000,3750,328200000,4615146,20.93
17/11/2016,-93570,-7692280000,81.1(-6.89 %),3880,318060000,97450,8010340000,4611266,20.95
18/11/2016,-1300,-94600000,79(-2.59 %),33660,2724640000,34960,2819240000,4577606,21.16
21/11/2016,1170,92380000,77.4(-2.03 %),3520,277010000,2350,184630000,4577836,21.15
22/11/2016,460,25500000,75.4(-2.58 %),5060,374400000,4600,348900000,4670226,20.59
23/11/2016,-30,-2010000,78.6(4.24 %),70,5530000,100,7540000,4705116,20.38
24/11/2016,40,3270000,80(1.78 %),160,12750000,120,9480000,4707306,20.37
25/11/2016,30,2370000,77.4(-3.25 %),30,2370000,0,0,4711876,20.34
28/11/2016,-13650,-1032700000,74.3(-4.01 %),10,770000,13660,1033470000,4711966,20.34
29/11/2016,-15140,-1106920000,72.5(-2.42 %),0,0,15140,1106920000,4712086,20.34
30/11/2016,2350,171880000,75.7(4.41 %),3660,266010000,1310,94130000,4708426,20.36
01/12/2016,2940,223050000,75.5(-0.26 %),2940,223050000,0,0,4719146,20.3
02/12/2016,670,51730000,75.9(0.53 %),1970,147640000,1300,95910000,4732316,20.21
05/12/2016,-340,-25820000,74.9(-1.32 %),60,4500000,400,30320000,4733566,20.21
06/12/2016,1910,141420000,73(-2.54 %),3090,229150000,1180,87730000,4730476,20.23
07/12/2016,-1960,-142760000,71.3(-2.33 %),150,11020000,2110,153780000,4731626,20.22
08/12/2016,-220,-14550000,72.7(1.96 %),3070,221290000,3290,235840000,4728956,20.24
09/12/2016,400,28840000,72.1(-0.83 %),400,28840000,0,0,4729736,20.23
12/12/2016,1030,74740000,71(-1.53 %),2150,155490000,1120,80750000,4729696,20.23
13/12/2016,30280,2161230000,71.1(0.14 %),41240,2947100000,10960,785870000,4691746,20.46
14/12/2016,13150,933360000,73.4(3.23 %),20150,1431970000,7000,498610000,4671596,20.58
15/12/2016,0,0,73(-0.54 %),0,0,0,0,4672716,20.58
16/12/2016,1140,81180000,72.8(-0.27 %),1140,81180000,0,0,4682886,20.52
19/12/2016,2810,204740000,72.8(0.00 %),2810,204740000,0,0,4686726,20.49
20/12/2016,20850,1538730000,75.5(3.71 %),21620,1596870000,770,58140000,4665106,20.62
21/12/2016,0,0,75.5(0.00 %),0,0,0,0,4665106,20.62
22/12/2016,1020,74650000,71.5(-5.30 %),1020,74650000,0,0,4664086,20.63
23/12/2016,1020,73050000,72.6(1.54 %),1020,73050000,0,0,4663836,20.63
26/12/2016,-610,-44120000,72.5(-0.14 %),90,6530000,700,50650000,4639264,20.78
27/12/2016,22830,1672480000,74.5(2.76 %),23830,1746480000,1000,74000000,4639264,20.78
28/12/2016,670,49620000,73.4(-1.48 %),670,49620000,0,0,4639254,20.78
29/12/2016,690,50940000,73.9(0.68 %),1140,84240000,450,33300000,4638814,20.78
30/12/2016,1610,117530000,72.9(-1.35 %),1610,117530000,0,0,4638204,20.79
03/01/2017,40,2930000,73(0.14 %),40,2930000,0,0,4638164,20.79
04/01/2017,620,45310000,73(0.00 %),1820,132870000,1200,87560000,4636794,20.8
05/01/2017,8500,628820000,74.5(2.05 %),8500,628820000,0,0,4628294,20.85
06/01/2017,1100,81790000,74.5(0.00 %),1200,89200000,100,7410000,4627094,20.85
09/01/2017,0,0,74.4(-0.13 %),0,0,0,0,4628294,20.85
10/01/2017,140,10500000,74.8(0.54 %),140,10500000,0,0,4628154,20.85
11/01/2017,3000,225100000,74.8(0.00 %),3000,225100000,0,0,4625254,20.87
12/01/2017,1700,126070000,74.8(0.00 %),1700,126070000,0,0,4623554,20.88
13/01/2017,1170,87420000,74.5(-0.40 %),1170,87420000,0,0,4622384,20.88
16/01/2017,3440,256400000,74.1(-0.54 %),3440,256400000,0,0,4618944,20.9
17/01/2017,-1380,-101030000,73(-1.48 %),4370,322670000,5750,423700000,4614574,20.93
18/01/2017,-6650,-477140000,73(0.00 %),2860,209580000,9510,686720000,4611714,20.95
19/01/2017,-6900,-502580000,72.5(-0.68 %),250,18240000,7150,520820000,4611464,20.95
20/01/2017,-14510,-1052710000,72.6(0.14 %),1120,81140000,15630,1133850000,4616094,20.92
23/01/2017,-9520,-693480000,72.6(0.00 %),1110,80700000,10630,774180000,4624494,20.87
24/01/2017,-13610,-979480000,71(-2.20 %),100,7200000,13710,986680000,4631544,20.83
25/01/2017,8210,594600000,72.5(2.11 %),9040,654310000,830,59710000,4638134,20.79
02/02/2017,-5770,-415250000,71.8(-0.97 %),3640,262280000,9410,677530000,4645124,20.75
03/02/2017,-15700,-1127990000,71.5(-0.42 %),43300,3117080000,59000,4245070000,4615534,20.93
06/02/2017,-10440,-742090000,70.5(-1.40 %),2600,185300000,13040,927390000,4613764,20.94
07/02/2017,2240,158780000,70.2(-0.43 %),5480,385810000,3240,227030000,4617694,20.91
08/02/2017,-1110,-77680000,72.8(3.70 %),2590,181040000,3700,258720000,4674104,20.57
09/02/2017,-12940,-917000000,71.8(-1.37 %),1750,125960000,14690,1042960000,4685394,20.5
10/02/2017,-11830,-840650000,71(-1.11 %),0,0,11830,840650000,4688634,20.48
13/02/2017,-16440,-1154560000,70.4(-0.85 %),4090,289050000,20530,1443610000,4688244,20.48
14/02/2017,-22730,-1591420000,70(-0.57 %),3340,233930000,26070,1825350000,4699594,20.41
15/02/2017,-33130,-2341200000,72(2.86 %),7200,510800000,40330,2852000000,4704224,20.39
16/02/2017,-20560,-1498880000,73(1.39 %),3290,239970000,23850,1738850000,4721464,20.28
17/02/2017,8790,646850000,73.2(0.27 %),8790,646850000,0,0,4738744,20.18
20/02/2017,5010,377630000,78.3(6.97 %),5010,377630000,0,0,4774064,19.96
21/02/2017,-1690,-136410000,81(3.45 %),10,790000,1700,137200000,4797904,19.82
22/02/2017,1220,96770000,79.4(-1.98 %),3920,311650000,2700,214880000,4793984,19.84
23/02/2017,1470,112860000,77(-3.02 %),3000,232000000,1530,119140000,4790984,19.86
24/02/2017,1110,86420000,78(1.30 %),1110,86420000,0,0,4791574,19.85
27/02/2017,-2870,-222260000,76.3(-2.18 %),910,70000000,3780,292260000,4788354,19.87
28/02/2017,810,62560000,77.5(1.57 %),820,63340000,10,780000,4794074,19.84
01/03/2017,5560,423290000,76.5(-1.29 %),5720,435610000,160,12320000,4788354,19.87
02/03/2017,3820,291600000,76(-0.65 %),3820,291600000,0,0,4788314,19.87
03/03/2017,16300,1239120000,76(0.00 %),16990,1291470000,690,52350000,4771334,19.98
06/03/2017,2500,190450000,76.5(0.66 %),2500,190450000,0,0,4768994,19.99
07/03/2017,1070,81860000,77.3(1.05 %),1070,81860000,0,0,4767924,20.0
08/03/2017,1460,113380000,78.7(1.81 %),1460,113380000,0,0,4767154,20.0
09/03/2017,9450,738090000,78(-0.89 %),10490,819940000,1040,81850000,4756664,20.07
10/03/2017,1200,93590000,78(0.00 %),1200,93590000,0,0,4755464,20.07
13/03/2017,3480,271110000,77.7(-0.38 %),3480,271110000,0,0,4751984,20.1
14/03/2017,6060,471060000,77.6(-0.13 %),6060,471060000,0,0,4746964,20.13
15/03/2017,-4610,-344160000,74.5(-0.13 %),5000,377950000,9610,722110000,4741964,20.16
16/03/2017,-310,-23150000,74.5(0.00 %),2890,215250000,3200,238400000,4739074,20.17
17/03/2017,4730,352360000,74.6(0.13 %),4730,352360000,0,0,4739074,20.17
20/03/2017,200,14950000,75.3(0.94 %),310,23170000,110,8220000,4739074,20.17
21/03/2017,820,61020000,75.9(0.80 %),1010,75460000,190,14440000,4739074,20.17
22/03/2017,1250,93730000,74.6(-1.71 %),1250,93730000,0,0,4739074,20.17
23/03/2017,820,61230000,74.8(0.27 %),820,61230000,0,0,4739074,20.17
24/03/2017,2720,203010000,74.4(-0.53 %),2750,205250000,30,2240000,4739074,20.17
27/03/2017,4300,319650000,74.4(0.00 %),4800,356840000,500,37190000,4739074,20.17
28/03/2017,-1160,-86300000,73.8(-0.81 %),0,0,1160,86300000,4739074,20.17
29/03/2017,250,18260000,72.8(-1.36 %),550,40210000,300,21950000,4739074,20.17
30/03/2017,39390,2928670000,76(4.40 %),41410,3079360000,2020,150690000,4739074,20.17
31/03/2017,7890,583970000,74.4(-2.11 %),10070,746230000,2180,162260000,4739074,20.17
03/04/2017,-400,-28820000,73.6(-1.08 %),1420,105640000,1820,134460000,4685054,20.5
04/04/2017,2960,217620000,73.6(0.00 %),3160,232340000,200,14720000,4683914,20.51
05/04/2017,-4050,-294490000,73.1(-0.68 %),5130,378820000,9180,673310000,4680964,20.53
07/04/2017,6520,477490000,74.1(1.37 %),6520,477490000,0,0,4676264,20.56
10/04/2017,1500,110750000,74.4(0.40 %),2000,148000000,500,37250000,4674464,20.57
11/04/2017,9050,667360000,74.3(-0.13 %),9070,668850000,20,1490000,4674574,20.57
12/04/2017,3820,281600000,74.3(0.00 %),8120,597650000,4300,316050000,4666454,20.62
13/04/2017,800,58970000,74(-0.40 %),800,58970000,0,0,4666154,20.62
14/04/2017,3100,228470000,73.2(-1.08 %),3100,228470000,0,0,4663074,20.64
17/04/2017,1810,132120000,72.6(-0.82 %),3910,285830000,2100,153710000,4663464,20.63
18/04/2017,1500,110100000,73.3(0.96 %),1510,110830000,10,730000,4661954,20.64
19/04/2017,90,6590000,73.2(-0.14 %),90,6590000,0,0,4661864,20.64
20/04/2017,3250,237990000,73.8(0.82 %),3250,237990000,0,0,4660714,20.65
21/04/2017,3060,223300000,75(1.63 %),3160,230680000,100,7380000,4657564,20.67
24/04/2017,-1440,-107520000,74.5(-0.67 %),4100,305400000,5540,412920000,4653464,20.69
25/04/2017,1600,117450000,74.6(0.13 %),3600,266450000,2000,149000000,4649864,20.72
26/04/2017,430,32280000,74.8(0.27 %),430,32280000,0,0,4649534,20.72
27/04/2017,-2460,-198410000,79(5.61 %),5140,383590000,7600,582000000,4649934,20.72
28/04/2017,-4840,-377400000,79.4(0.51 %),710,55500000,5550,432900000,4651224,20.71
03/05/2017,2610,206790000,77.7(-2.14 %),2610,206790000,0,0,4648614,20.72
04/05/2017,3130,243320000,79(1.67 %),3130,243320000,0,0,4653084,20.7
05/05/2017,-400,-31160000,79.5(0.63 %),800,63040000,1200,94200000,4657834,20.67
08/05/2017,2470,191570000,78.5(-1.26 %),2470,191570000,0,0,4655364,20.68
09/05/2017,4970,383600000,76.9(-2.04 %),4970,383600000,0,0,4650394,20.71
10/05/2017,8050,621010000,78.1(1.56 %),8050,621010000,0,0,4643544,20.75
11/05/2017,1750,136480000,78(-0.13 %),1750,136480000,0,0,4641794,20.77
12/05/2017,160,-1060000,80(2.56 %),5160,398940000,5000,400000000,4636634,20.8
15/05/2017,2300,181920000,79.7(-0.38 %),2800,221670000,500,39750000,4633834,20.81
16/05/2017,3520,278490000,79.2(-0.63 %),3520,278490000,0,0,4630314,20.84
17/05/2017,2920,230690000,79.2(0.00 %),2920,230690000,0,0,4632394,20.82
18/05/2017,4100,322400000,79(-0.25 %),4100,322400000,0,0,4628794,20.84
19/05/2017,-2060,-171920000,80(1.27 %),3710,289680000,5770,461600000,4625084,20.87
22/05/2017,660,51500000,79(-1.25 %),660,51500000,0,0,4624424,20.87
23/05/2017,2900,226200000,78.8(-0.25 %),2900,226200000,0,0,4621524,20.89
24/05/2017,3010,234480000,77.9(-1.14 %),3010,234480000,0,0,4624284,20.87
25/05/2017,1190,91550000,79(1.41 %),3800,295260000,2610,203710000,4620484,20.9
26/05/2017,220,17450000,80(1.27 %),220,17450000,0,0,4620264,20.9
29/05/2017,10,810000,81(1.25 %),10,810000,0,0,4620254,20.9
30/05/2017,2910,232730000,80.1(-1.11 %),2910,232730000,0,0,4619954,20.9
31/05/2017,3020,240250000,80(-0.12 %),3020,240250000,0,0,4616934,20.92
01/06/2017,2940,233550000,78.5(-1.88 %),2940,233550000,0,0,4613994,20.93
02/06/2017,2920,229240000,79.3(1.02 %),2920,229240000,0,0,4611074,20.95
05/06/2017,1610,125490000,80(0.88 %),3070,241160000,1460,115670000,4608004,20.97
06/06/2017,1710,134740000,79.7(-0.38 %),2300,181940000,590,47200000,4605704,20.99
07/06/2017,4320,341850000,79.5(-0.25 %),4320,341850000,0,0,4601384,21.01
08/06/2017,1890,149500000,79.9(0.50 %),3300,260810000,1410,111310000,4599544,21.02
09/06/2017,3460,273510000,79.4(-0.63 %),3460,273510000,0,0,4596674,21.04
12/06/2017,1730,137000000,79.2(-0.25 %),3480,274880000,1750,137880000,4593194,21.06
13/06/2017,2400,186990000,78.1(-1.39 %),3200,250190000,800,63200000,4591404,21.07
14/06/2017,210,16780000,79.4(1.66 %),410,32400000,200,15620000,4590994,21.07
15/06/2017,4020,317500000,79.5(0.13 %),4020,317500000,0,0,4588724,21.09
16/06/2017,-730,-59010000,79.8(0.38 %),3000,236400000,3730,295410000,4586524,21.1
19/06/2017,330,26410000,80(0.25 %),600,47960000,270,21550000,4586124,21.1
20/06/2017,900,72750000,81.8(2.25 %),1200,96900000,300,24150000,4584924,21.11
21/06/2017,-2420,-199640000,82.5(0.86 %),1480,121540000,3900,321180000,4587174,21.1
22/06/2017,170,14120000,83(0.61 %),470,39020000,300,24900000,4586974,21.1
23/06/2017,-1320,-111900000,83.6(0.72 %),400,33670000,1720,145570000,4586874,21.1
26/06/2017,280,24140000,84.2(0.72 %),1780,149440000,1500,125300000,4588994,21.09
27/06/2017,1160,97250000,84.2(0.00 %),2030,170060000,870,72810000,4586866,21.1
28/06/2017,830,69720000,84(-0.24 %),2120,178080000,1290,108360000,4586866,21.1
29/06/2017,2810,235810000,84(0.00 %),2810,235810000,0,0,4585556,21.11
30/06/2017,-1670,-140080000,83.6(-0.48 %),640,53540000,2310,193620000,4585786,21.11
03/07/2017,910,76260000,83.6(0.00 %),2130,178610000,1220,102350000,4584946,21.11
04/07/2017,-80,-6360000,83.4(-0.24 %),2120,177350000,2200,183710000,4582826,21.12
05/07/2017,11640,966260000,83.1(-0.36 %),12840,1066220000,1200,99960000,4572296,21.19
06/07/2017,-2300,-144320000,62.6(0.43 %),500,31810000,2800,176130000,4573016,21.18
07/07/2017,-2180,-132900000,60.2(-3.83 %),120,7450000,2300,140350000,4575096,21.17
10/07/2017,1010,61510000,60(-0.33 %),2000,120000000,990,58490000,4575786,21.17
11/07/2017,3610,212990000,60(0.00 %),3610,212990000,0,0,4573486,21.18
12/07/2017,5700,342000000,60.4(0.67 %),5700,342000000,0,0,4570086,21.2
13/07/2017,5140,308970000,60(-0.66 %),5140,308970000,0,0,4565936,21.23
14/07/2017,1580,94900000,60(0.00 %),2120,127200000,540,32300000,4563816,21.24
17/07/2017,1590,95800000,59.5(-0.83 %),2090,124920000,500,29120000,4561726,21.25
18/07/2017,9980,590040000,59.7(0.34 %),10000,591240000,20,1200000,4551726,21.31
19/07/2017,1000,58400000,58.5(-2.01 %),1000,58400000,0,0,4551266,21.32
20/07/2017,20,1160000,58.3(-0.34 %),20,1160000,0,0,4551746,21.31
21/07/2017,1110,64770000,58.3(0.00 %),1710,99810000,600,35040000,4550062,21.32
24/07/2017,2300,133620000,57.5(-1.37 %),2300,133620000,0,0,4547762,21.34
25/07/2017,-1240,-68410000,56.7(-1.39 %),3860,221620000,5100,290030000,4543902,21.36
26/07/2017,-950,-54660000,57.4(1.23 %),12110,687850000,13060,742510000,4532192,21.43
27/07/2017,200,11500000,58.4(1.74 %),200,11500000,0,0,4532192,21.43
28/07/2017,570,33290000,58.8(0.68 %),570,33290000,0,0,4536722,21.4
31/07/2017,60,4040000,58.8(0.00 %),2960,172740000,2900,168700000,4546822,21.34
01/08/2017,6910,399980000,58(-1.36 %),36720,2132010000,29810,1732030000,4510102,21.57
02/08/2017,13370,770080000,57.9(-0.17 %),16020,922770000,2650,152690000,4494082,21.66
03/08/2017,-8160,-465890000,57.7(-0.35 %),5580,318290000,13740,784180000,4491402,21.68
04/08/2017,4750,270990000,57.5(-0.35 %),11330,644680000,6580,373690000,4509882,21.57
07/08/2017,1640,94240000,57.9(0.70 %),1640,94240000,0,0,4510892,21.56
08/08/2017,1050,60610000,57(-1.55 %),4310,245950000,3260,185340000,4520322,21.5
09/08/2017,1100,68410000,57(0.00 %),7400,419530000,6300,351120000,4519502,21.51
10/08/2017,-1260,-69700000,56.8(-0.35 %),1020,57940000,2280,127640000,6044024,28.57
11/08/2017,-170,-9690000,56.8(0.00 %),1830,102500000,2000,112190000,6045454,21.42
14/08/2017,2570,144250000,56.7(-0.18 %),5730,320910000,3160,176660000,6046024,21.42
15/08/2017,2040,114690000,57(0.53 %),4900,274990000,2860,160300000,6043404,21.43
16/08/2017,-1960,-110320000,57(0.00 %),2420,137810000,4380,248130000,6042984,21.43
17/08/2017,1230,69290000,56.2(-1.40 %),2470,139030000,1240,69740000,6043674,21.43
18/08/2017,480,27570000,56.9(1.25 %),3200,180010000,2720,152440000,6043334,21.43
21/08/2017,6510,364570000,55.7(-2.11 %),6510,364570000,0,0,6041204,21.44
22/08/2017,5700,317520000,55(-1.26 %),8080,450040000,2380,132520000,6034364,21.47
23/08/2017,-3060,-172430000,53.8(-2.18 %),12250,669300000,15310,841730000,6024834,21.51
24/08/2017,-18880,-1015040000,53.8(0.00 %),6140,328730000,25020,1343770000,6018694,21.54
25/08/2017,1070,56770000,53.4(-0.74 %),11250,601940000,10180,545170000,6009824,21.58
28/08/2017,-950,-51330000,54.5(2.06 %),3680,196560000,4630,247890000,6021457,21.53
29/08/2017,1960,106910000,54.2(-0.55 %),5040,272670000,3080,165760000,6041437,21.44
30/08/2017,-1640,-88650000,55.2(1.85 %),820,44410000,2460,133060000,6050797,21.4
31/08/2017,1910,107970000,55(-0.36 %),5580,306900000,3670,198930000,6049847,21.4
01/09/2017,-4280,-232860000,54.7(-0.55 %),20,1100000,4300,233960000,6052907,21.39
05/09/2017,1610,87840000,55.2(0.91 %),4510,246210000,2900,158370000,6050857,21.4
06/09/2017,3300,181490000,55(-0.36 %),8200,450530000,4900,269040000,6046327,21.42
07/09/2017,860,49920000,54.8(-0.36 %),9280,509530000,8420,459610000,6041347,21.44
08/09/2017,400,21200000,55(0.36 %),3800,207100000,3400,185900000,6040447,21.44
11/09/2017,1630,89090000,55(0.00 %),4670,254800000,3040,165710000,6040677,21.44
12/09/2017,-2230,-120000000,54.7(-0.55 %),390,21270000,2620,141270000,6048707,21.41
13/09/2017,40,1670000,54.7(0.00 %),5130,277530000,5090,275860000,6046977,21.41
14/09/2017,2090,113370000,54.4(-0.55 %),5610,304210000,3520,190840000,6044413,21.43
15/09/2017,-3050,-164980000,55(1.10 %),6730,363790000,9780,528770000,6040303,21.44
18/09/2017,-7320,-396680000,54.2(-1.45 %),610,33360000,7930,430040000,6044783,21.42
19/09/2017,3030,163890000,54.5(0.55 %),6830,370190000,3800,206300000,6041473,21.44
20/09/2017,8420,459530000,54.5(0.00 %),19420,1058360000,11000,598830000,6031836,21.48
21/09/2017,-2010,-108880000,54.3(-0.37 %),7490,407810000,9500,516690000,6032278,21.48
22/09/2017,-1900,-103260000,55.5(2.21 %),10300,559770000,12200,663030000,6025778,21.51
25/09/2017,-41130,-2259830000,55.3(-0.36 %),470,25850000,41600,2285680000,6036308,21.46
26/09/2017,-36430,-2008490000,55.5(0.36 %),900,49570000,37330,2058060000,6044911,21.42
27/09/2017,-26130,-1502460000,58.1(4.68 %),13170,763560000,39300,2266020000,6043941,21.43
28/09/2017,-11660,-679810000,58.4(0.52 %),12700,739410000,24360,1419220000,6072841,21.3
29/09/2017,-6800,-394580000,58.4(0.00 %),100,5800000,6900,400380000,6110071,21.13
02/10/2017,-1560,-89710000,58(-0.68 %),1600,93440000,3160,183150000,6147771,20.95
03/10/2017,11670,679830000,58.9(1.55 %),18170,1056940000,6500,377110000,6153961,20.93
04/10/2017,5680,328240000,59.3(0.68 %),8280,479250000,2600,151010000,6152581,20.93
05/10/2017,-1680,-98710000,59(-0.51 %),520,30680000,2200,129390000,6155221,20.92
06/10/2017,2510,147500000,59(0.00 %),5460,320600000,2950,173100000,6156261,20.91
09/10/2017,-4080,-235030000,59.2(0.34 %),11720,688080000,15800,923110000,6147147,20.96
10/10/2017,-2840,-165730000,58.2(-1.69 %),1110,65450000,3950,231180000,6148237,20.95
11/10/2017,10000,551790000,55(-0.36 %),11200,618380000,1200,66590000,6139987,20.99
12/10/2017,6870,377840000,55(0.00 %),10140,557530000,3270,179690000,6145647,20.96
13/10/2017,4800,261380000,58.8(6.91 %),7800,427380000,3000,166000000,6141797,20.98
16/10/2017,-5520,-305070000,56(-4.76 %),2140,119870000,7660,424940000,6140857,20.99
17/10/2017,3500,196310000,56.3(0.54 %),4500,252730000,1000,56420000,6139627,20.99
18/10/2017,790,41910000,56.8(0.89 %),4790,268380000,4000,226470000,6137837,21.0
19/10/2017,880,47830000,56.9(0.18 %),4680,261170000,3800,213340000,6140817,20.99
20/10/2017,-2710,-152030000,57(0.18 %),3850,217900000,6560,369930000,6137967,21.0
23/10/2017,1500,85800000,56.5(-0.88 %),17840,1004280000,16340,918480000,6124127,21.06
24/10/2017,730,40070000,55.5(-1.77 %),7020,390190000,6290,350120000,6120907,21.08
25/10/2017,-8600,-477460000,55.5(0.00 %),4000,221800000,12600,699260000,6123467,21.06
26/10/2017,5500,305190000,55.5(0.00 %),9000,498860000,3500,193670000,6130807,21.03
27/10/2017,3910,216060000,55.1(-0.72 %),5670,313120000,1760,97060000,6131427,21.03
30/10/2017,3470,193070000,54.6(-0.91 %),12990,715230000,9520,522160000,6131037,21.03
31/10/2017,-3700,-200910000,54.3(-0.55 %),8300,453180000,12000,654090000,6126237,21.05
01/11/2017,-11550,-621390000,54(-0.55 %),16600,900320000,28150,1521710000,6111397,21.12
02/11/2017,7260,392350000,54(0.00 %),13660,738190000,6400,345840000,6107257,21.14
03/11/2017,9040,488720000,54(0.00 %),13140,709810000,4100,221090000,6106117,21.14
06/11/2017,-6470,-347570000,53.5(-0.93 %),8550,460840000,15020,808410000,6125717,21.05
07/11/2017,-1000,-52770000,53(-0.93 %),2500,132500000,3500,185270000,6129617,21.04
08/11/2017,2420,128610000,53(0.00 %),9420,499480000,7000,370870000,6124300,21.06
09/11/2017,3200,169610000,52.9(-0.19 %),8900,471320000,5700,301710000,6130420,21.03
10/11/2017,2560,135500000,53.1(0.38 %),4350,230190000,1790,94690000,6129570,21.04
13/11/2017,-2240,-119080000,53(-0.19 %),5520,292360000,7760,411440000,6131050,21.03
14/11/2017,5500,291100000,52.9(-0.19 %),7900,417980000,2400,126880000,6128850,21.04
15/11/2017,1110,58490000,53(0.19 %),4600,243370000,3490,184880000,6126040,21.05
16/11/2017,-2530,-133600000,52.6(-0.75 %),3500,185060000,6030,318660000,6130300,21.03
17/11/2017,-1530,-79250000,52.5(-0.19 %),10970,578220000,12500,657470000,6121730,21.07
20/11/2017,-2660,-135590000,51.7(-1.52 %),14590,765650000,17250,901240000,6110630,21.12
21/11/2017,-17700,-893640000,50.5(-2.32 %),10430,535810000,28130,1429450000,6106230,21.14
22/11/2017,3170,170690000,51.6(2.18 %),9020,467990000,5850,297300000,6109710,21.13
23/11/2017,2100,110150000,51.3(-0.58 %),2500,130770000,400,20620000,6124460,21.06
24/11/2017,1130,59620000,51.2(-0.19 %),10130,518930000,9000,459310000,6142460,20.98
27/11/2017,-11920,-608590000,51.6(0.78 %),10290,524770000,22210,1133360000,6138020,21.0
28/11/2017,-12000,-629800000,52.6(1.94 %),0,0,12000,629800000,6138420,21.0
29/11/2017,1170,61650000,52.3(-0.57 %),5300,277820000,4130,216170000,6142120,20.98
30/11/2017,-2520,-132460000,52.8(0.96 %),6370,334410000,8890,466870000,6157960,20.91
01/12/2017,-590,-31140000,52.8(0.00 %),3250,171280000,3840,202420000,6166710,20.87
04/12/2017,-1120,-60330000,53.3(0.95 %),10130,533460000,11250,593790000,6160710,20.89
05/12/2017,-1300,-68660000,52.6(-1.31 %),900,47350000,2200,116010000,6168700,20.86
06/12/2017,-2770,-144060000,52.5(-0.19 %),10040,527380000,12810,671440000,6162500,20.89
07/12/2017,400,22570000,51.8(-1.33 %),9670,503970000,9270,481400000,6164080,20.88
08/12/2017,3560,183840000,51.6(-0.39 %),8500,439270000,4940,255430000,6157780,20.91
11/12/2017,-3300,-170060000,51.9(0.58 %),1120,57750000,4420,227810000,6169476,20.85
12/12/2017,1580,81160000,51.5(-0.77 %),7210,370830000,5630,289670000,6171536,20.85
13/12/2017,-50,-2670000,51.3(-0.39 %),6080,312330000,6130,315000000,6170396,20.85
14/12/2017,390,20170000,51.9(1.17 %),2820,144870000,2430,124700000,6171996,20.84
15/12/2017,170,9460000,52.1(0.39 %),1370,71300000,1200,61840000,6176256,20.82
18/12/2017,-1770,-91700000,51.6(-0.96 %),1080,55880000,2850,147580000,6181306,20.8
19/12/2017,-1060,-54560000,51.6(0.00 %),3560,184510000,4620,239070000,6180176,20.81
20/12/2017,750,39230000,51.6(0.00 %),4230,219230000,3480,180000000,6177146,20.82
21/12/2017,-9960,-514680000,51.8(0.39 %),15250,787700000,25210,1302380000,6164746,20.88
22/12/2017,-3550,-182670000,51.4(-0.77 %),8300,428280000,11850,610950000,6161066,20.89
25/12/2017,2360,122390000,52.2(1.56 %),3710,192150000,1350,69760000,6160836,20.89
26/12/2017,890,46630000,51.9(-0.57 %),3720,193460000,2830,146830000,6182326,20.8
27/12/2017,-1540,-79950000,51.9(0.00 %),7260,376080000,8800,456030000,6186916,20.78
28/12/2017,3620,187310000,51.5(-0.77 %),7400,383130000,3780,195820000,6180866,20.8
29/12/2017,-6050,-311980000,51.5(0.00 %),5240,270020000,11290,582000000,6178456,20.81
02/01/2018,-6690,-345700000,51.8(0.58 %),6210,319770000,12900,665470000,6181046,20.8
03/01/2018,-9340,-484770000,51.8(0.00 %),7700,396550000,17040,881320000,6177126,20.82
04/01/2018,-13120,-678940000,52(0.39 %),7400,383360000,20520,1062300000,6181016,20.8
05/01/2018,6180,320600000,52(0.00 %),6180,320600000,0,0,6187736,20.77
08/01/2018,8500,443320000,53(1.92 %),8500,443320000,0,0,6196276,20.73
09/01/2018,-2320,-124810000,53(0.00 %),730,38110000,3050,162920000,6216066,20.64
10/01/2018,8050,418610000,53(0.00 %),8050,418610000,0,0,6208016,20.68
11/01/2018,1200,63090000,52.9(-0.19 %),1200,63090000,0,0,6206816,20.68
12/01/2018,4100,217740000,53.4(0.95 %),5250,279060000,1150,61320000,6204616,20.69
15/01/2018,4870,258530000,53.3(-0.19 %),4870,258530000,0,0,6199746,20.72
16/01/2018,3020,161280000,53.4(0.19 %),3020,161280000,0,0,6196726,20.73
17/01/2018,6800,362570000,53.3(-0.19 %),6800,362570000,0,0,6191076,20.76
18/01/2018,8210,437420000,52.2(-2.06 %),8310,442640000,100,5220000,6182766,20.79
19/01/2018,1120,59110000,53.1(1.72 %),1620,85280000,500,26170000,6181146,20.8
22/01/2018,10370,546210000,52(-2.07 %),10370,546210000,0,0,6170776,20.85
25/01/2018,2980,155880000,52(0.00 %),5760,299220000,2780,143340000,6165616,20.87
26/01/2018,5480,285240000,52(0.00 %),6450,335680000,970,50440000,6159166,20.9
29/01/2018,-6030,-311690000,52(0.00 %),4230,220060000,10260,531750000,6154936,20.92
30/01/2018,5790,299930000,52.1(0.19 %),6330,328170000,540,28240000,6151386,20.94
31/01/2018,5210,269670000,52(-0.19 %),6250,323850000,1040,54180000,6146106,20.96
01/02/2018,3780,195760000,51.9(-0.19 %),7260,376330000,3480,180570000,6149106,20.95
02/02/2018,3800,196460000,52(0.19 %),3800,196460000,0,0,6145846,20.96
05/02/2018,5510,284150000,51(-1.92 %),6000,309430000,490,25280000,6140886,20.99
06/02/2018,-1940,-95340000,50(-1.96 %),4930,246390000,6870,341730000,6139439,20.99
07/02/2018,-2910,-145650000,50(0.00 %),2150,107680000,5060,253330000,6137289,21.0
08/02/2018,9870,493290000,50(0.00 %),9870,493290000,0,0,6127909,21.04
09/02/2018,5030,252320000,49.95(-0.10 %),5830,291520000,800,39200000,6128949,21.04
12/02/2018,350,17540000,51.2(2.50 %),560,28420000,210,10880000,6133452,21.02
13/02/2018,7380,376090000,51(-0.39 %),8230,419030000,850,42940000,6125222,21.06
21/02/2018,2880,148550000,51.8(1.57 %),2880,148550000,0,0,6123142,21.07
22/02/2018,850,43320000,51.2(-1.16 %),3870,197650000,3020,154330000,6119482,21.08
23/02/2018,5350,273240000,51.7(0.98 %),5350,273240000,0,0,6114982,21.1
26/02/2018,-500,-25950000,51.9(0.39 %),0,0,500,25950000,6114985,21.1
27/02/2018,200,9300000,51.9(0.00 %),7200,372600000,7000,363300000,6110805,21.12
28/02/2018,1310,66870000,52.2(0.58 %),4600,237920000,3290,171050000,6106205,21.14
01/03/2018,-1680,-92190000,53.9(3.26 %),1320,70860000,3000,163050000,6105385,21.15
02/03/2018,5900,313850000,53.9(0.00 %),6530,347140000,630,33290000,6105855,21.14
05/03/2018,8210,433790000,52.6(-2.41 %),8210,433790000,0,0,6100935,21.17
06/03/2018,4570,240290000,52.6(0.00 %),6300,331380000,1730,91090000,6097635,21.18
07/03/2018,10610,558430000,52.1(-0.95 %),10610,558430000,0,0,6087655,21.23
08/03/2018,370,19290000,52.6(0.96 %),370,19290000,0,0,6087285,21.23
09/03/2018,-13790,-724000000,52.6(0.00 %),2640,138640000,16430,862640000,6086375,21.23
12/03/2018,-2380,-125090000,52.6(0.00 %),1200,63120000,3580,188210000,6085175,21.24
13/03/2018,280,14760000,52.6(0.00 %),280,14760000,0,0,6084895,21.24
14/03/2018,12900,679040000,52.6(0.00 %),12900,679040000,0,0,6088425,21.22
15/03/2018,6900,361940000,52.6(0.00 %),6900,361940000,0,0,6085105,21.24
16/03/2018,6410,333430000,51.4(-2.28 %),6500,338110000,90,4680000,6078605,21.27
19/03/2018,1290,62570000,48.9(-4.86 %),3050,148700000,1760,86130000,6075555,21.28
20/03/2018,-7420,-362490000,48.9(0.00 %),900,44070000,8320,406560000,6074655,21.29
21/03/2018,9400,458740000,48.8(-0.20 %),9600,468520000,200,9780000,6065145,21.33
22/03/2018,3230,156890000,48.7(-0.20 %),4500,218530000,1270,61640000,6062405,21.34
23/03/2018,4010,195730000,48.3(-0.82 %),8450,409980000,4440,214250000,6062275,21.34
26/03/2018,1470,70720000,48.1(-0.41 %),4300,206720000,2830,136000000,6058175,21.36
27/03/2018,730,35570000,47.7(-0.83 %),4340,208320000,3610,172750000,6055105,21.38
28/03/2018,2740,131080000,47.3(-0.84 %),5240,249700000,2500,118620000,6054305,21.38
29/03/2018,9870,466950000,47.25(-0.11 %),14070,665510000,4200,198560000,6043065,21.43
30/03/2018,-1020,-47300000,46.8(-0.95 %),7180,338330000,8200,385630000,6039495,21.45
02/04/2018,1500,70190000,46.85(0.11 %),3500,163800000,2000,93610000,6038495,21.45
03/04/2018,4690,219490000,46.8(-0.11 %),4690,219490000,0,0,6038005,21.45
04/04/2018,1860,86840000,46.7(-0.21 %),6260,292320000,4400,205480000,6039945,21.45
05/04/2018,1210,56040000,46.5(-0.43 %),6110,284520000,4900,228480000,6035835,21.46
06/04/2018,4100,190280000,47(1.08 %),4500,209080000,400,18800000,6031335,21.48
09/04/2018,10,470000,47.5(1.06 %),10,470000,0,0,6035725,21.46
10/04/2018,-720,-34290000,47.6(0.21 %),3380,160650000,4100,194940000,6037245,21.46
11/04/2018,-2060,-97670000,47.65(0.11 %),4740,225160000,6800,322830000,6032905,21.48
12/04/2018,3200,151390000,47.45(-0.42 %),4300,203480000,1100,52090000,6028605,21.5
13/04/2018,160,7620000,47.5(0.11 %),160,7620000,0,0,6032545,21.48
16/04/2018,-1410,-71630000,50.8(6.95 %),0,0,1410,71630000,6039345,21.45
17/04/2018,-780,-38820000,51.8(1.97 %),2040,106390000,2820,145210000,6038405,21.45
18/04/2018,-5550,-293500000,52.7(1.74 %),470,24910000,6020,318410000,6037935,21.45
19/04/2018,170,8960000,52.6(-0.19 %),170,8960000,0,0,6039175,21.45
20/04/2018,-20670,-1088090000,56.1(6.65 %),0,0,20670,1088090000,6041995,21.44
23/04/2018,1020,54210000,52.8(-5.88 %),1020,54210000,0,0,6046995,21.41
24/04/2018,-3240,-166780000,51.8(-1.89 %),1260,65520000,4500,232300000,6045735,21.42
26/04/2018,5040,260130000,51.8(0.00 %),5040,260130000,0,0,6061365,21.35
27/04/2018,3770,193980000,50.5(-2.51 %),4170,214620000,400,20640000,6057195,21.37
02/05/2018,1330,68120000,51.1(1.19 %),1330,68120000,0,0,6060365,21.35
03/05/2018,2490,126710000,50.5(-1.17 %),5000,254000000,2510,127290000,6055365,21.38
04/05/2018,-1740,-87310000,51(0.99 %),450,22630000,2190,109940000,6055315,21.38
07/05/2018,1300,65720000,50.6(-0.78 %),1300,65720000,0,0,6054015,21.38
08/05/2018,1350,68320000,50.9(0.59 %),1350,68320000,0,0,6055175,21.38
09/05/2018,330,16340000,50.9(0.00 %),2970,150190000,2640,133850000,6054395,21.38
10/05/2018,2200,111320000,50.6(-0.59 %),2200,111320000,0,0,6052195,21.39
11/05/2018,1830,92790000,51.9(2.57 %),1830,92790000,0,0,6050365,21.4
14/05/2018,2210,112780000,51.5(-0.77 %),2210,112780000,0,0,6050795,21.4
15/05/2018,560,28580000,51.5(0.00 %),4060,207220000,3500,178640000,6046735,21.41
16/05/2018,7010,357520000,51(-0.97 %),7010,357520000,0,0,6039725,21.45
17/05/2018,4000,203710000,50.8(-0.39 %),4000,203710000,0,0,6035725,21.46
18/05/2018,1370,69540000,50.9(0.20 %),1920,97540000,550,28000000,6037305,21.46
21/05/2018,3100,157780000,51.1(0.39 %),3100,157780000,0,0,6034211,21.47
22/05/2018,4010,204070000,51.1(0.00 %),105710,5400940000,101700,5196870000,6030201,21.49
23/05/2018,4470,226500000,50.9(-0.39 %),4470,226500000,0,0,6026281,21.51
24/05/2018,4010,202520000,51(0.20 %),4010,202520000,0,0,6022271,21.53
25/05/2018,2400,121300000,50.5(-0.98 %),2400,121300000,0,0,6019871,21.54
28/05/2018,6440,324310000,50.3(-0.40 %),7440,374710000,1000,50400000,6012431,21.57
29/05/2018,-130,-6540000,50.3(0.00 %),20,1010000,150,7550000,6012411,21.57
30/05/2018,2710,135500000,50.4(0.20 %),3330,166520000,620,31020000,6009081,21.59
31/05/2018,10,510000,51(1.19 %),10,510000,0,0,6010071,21.58
01/06/2018,200,10640000,51.5(0.98 %),1090,56030000,890,45390000,6009131,21.59
04/06/2018,-1610,-82820000,51.7(0.39 %),1530,78080000,3140,160900000,6008221,21.59
05/06/2018,-1000,-52000000,51.3(-0.77 %),1000,51200000,2000,103200000,6007221,21.59
06/06/2018,-3530,-181040000,51.1(-0.39 %),2000,102520000,5530,283560000,6006111,21.6
07/06/2018,630,32020000,51.2(0.20 %),2520,128790000,1890,96770000,6006731,21.6
08/06/2018,-7360,-377830000,51.5(0.59 %),140,7170000,7500,385000000,6008591,21.59
11/06/2018,0,0,51.8(0.58 %),0,0,0,0,6014121,21.56
12/06/2018,-3090,-159160000,51.7(-0.19 %),2000,102800000,5090,261960000,6014011,21.56
13/06/2018,0,0,52(0.58 %),0,0,0,0,6021511,21.53
14/06/2018,590,30960000,52.9(1.73 %),590,30960000,0,0,6020921,21.53
15/06/2018,2010,104530000,53(0.19 %),2010,104530000,0,0,6024001,21.52
18/06/2018,1040,55130000,52.1(-1.70 %),1040,55130000,0,0,6022961,21.52
19/06/2018,2820,145790000,50.8(-2.50 %),2820,145790000,0,0,6020141,21.54
20/06/2018,15010,778770000,51.8(1.97 %),15010,778770000,0,0,6005131,21.6
21/06/2018,1840,94920000,51.9(0.19 %),2040,105080000,200,10160000,6003091,21.61
22/06/2018,0,0,51.8(-0.19 %),0,0,0,0,6003091,21.61
25/06/2018,1110,57320000,51.8(0.00 %),1110,57320000,0,0,6001981,21.62
26/06/2018,2460,127320000,51.7(-0.19 %),2460,127320000,0,0,5999721,21.63
27/06/2018,1470,76100000,51.9(0.39 %),1600,82820000,130,6720000,5998121,21.64
28/06/2018,660,34020000,51.5(-0.77 %),660,34020000,0,0,5997461,21.64
29/06/2018,1150,58732000,51.5(0.00 %),1150,58732000,0,0,5996311,9.4
02/07/2018,-1540,-77060000,50.4(-2.14 %),3240,165750000,4780,242810000,5993201,21.66
03/07/2018,2620,132050000,51(1.19 %),2620,132050000,0,0,5990581,21.67
04/07/2018,-120,-6760000,50.9(-0.20 %),1740,87910000,1860,94670000,5988841,21.68
05/07/2018,2830,140680000,49.5(-2.75 %),3970,198640000,1140,57960000,5989651,21.67
06/07/2018,-2150,-107350000,52.9(6.87 %),10,510000,2160,107860000,5989641,21.67
09/07/2018,100,5200000,52(-1.70 %),100,5200000,0,0,5991401,21.67
10/07/2018,290,14830000,51.6(-0.77 %),300,15360000,10,530000,5992241,21.66
11/07/2018,1820,93170000,51.4(-0.39 %),2020,103430000,200,10260000,5992381,21.66
12/07/2018,820,42004000,51.2(-0.39 %),1320,67604000,500,25600000,5991561,9.42
13/07/2018,2060,105470000,51.4(0.39 %),2200,112640000,140,7170000,5988871,21.68
16/07/2018,2220,113670000,51.6(0.39 %),2220,113670000,0,0,5986851,21.69
17/07/2018,20,1030000,52(0.78 %),20,1030000,0,0,5987335,21.69
18/07/2018,-990,-50781000,52.3(0.58 %),10,519000,1000,51300000,5988325,9.43
19/07/2018,1210,63160000,52.2(-0.19 %),1210,63160000,0,0,5986255,21.69
20/07/2018,2200,114100000,51.9(-0.57 %),2200,114100000,0,0,5984055,21.7
23/07/2018,2200,113740000,51.8(-0.19 %),2200,113740000,0,0,5981855,9.46
24/07/2018,0,0,51.8(0.00 %),0,0,0,0,5982855,21.71
25/07/2018,2630,136210000,51.6(-0.39 %),2630,136210000,0,0,5980225,21.72
26/07/2018,1200,62040000,52(0.78 %),1200,62040000,0,0,5979025,21.72
27/07/2018,1900,98830000,52.2(0.38 %),2070,107670000,170,8840000,5976955,21.73
30/07/2018,40,2110000,52.8(1.15 %),40,2110000,0,0,5976915,21.73
31/07/2018,2090,109178000,52.2(-1.14 %),3470,182044000,1380,72866000,5974825,9.49
01/08/2018,10,539000,53.5(2.49 %),10,539000,0,0,4739074,15.13
02/08/2018,2160,124560000,53(-0.93 %),9160,485800000,7000,361240000,5964445,21.79
03/08/2018,10,540000,53(0.00 %),10,540000,0,0,5965815,21.78
06/08/2018,-4460,-236336000,53(0.00 %),1710,90245000,6170,326581000,5970275,9.51
07/08/2018,390,20631000,52.9(-0.19 %),390,20631000,0,0,5969885,9.52
08/08/2018,-8250,-440880000,53.5(1.13 %),0,0,8250,440880000,5970715,21.76
09/08/2018,-10690,-570850000,54(0.93 %),410,21890000,11100,592740000,5976475,21.74
10/08/2018,-15000,-844600000,55(1.85 %),10,550000,15010,845150000,5976465,21.74
13/08/2018,-11200,-618870000,55.4(0.73 %),530,29290000,11730,648160000,5984185,21.7
14/08/2018,-29250,-1634190000,56.2(1.44 %),300,16830000,29550,1651020000,5994985,21.65
15/08/2018,16370,939390000,57.6(2.49 %),16380,939970000,10,580000,5993615,21.66
16/08/2018,400,22840000,57.8(0.35 %),400,22840000,0,0,6004945,21.61
17/08/2018,-6950,-403816000,58(0.35 %),2710,156661000,9660,560477000,6011895,9.32
20/08/2018,-3360,-195536000,57.7(-0.52 %),3350,194030000,6710,389566000,6015255,9.31
21/08/2018,3650,210100000,57.5(-0.35 %),3650,210100000,0,0,6024795,21.51
22/08/2018,3500,201250000,57(-0.87 %),3500,201250000,0,0,6030955,21.49
23/08/2018,2740,156180000,57.9(1.58 %),2740,156180000,0,0,6034925,21.47
24/08/2018,-9160,-532918000,58.9(1.73 %),60,3420000,9220,536338000,6044085,9.18
27/08/2018,200,11600000,58.4(-0.85 %),200,11600000,0,0,6034665,21.47
28/08/2018,1190,68670000,58.2(-0.34 %),1190,68670000,0,0,6033475,21.48
29/08/2018,700,40600000,58(-0.34 %),700,40600000,0,0,6041995,21.44
30/08/2018,9220,536460000,58.2(0.34 %),9220,536460000,0,0,6032775,21.48
31/08/2018,-980,-57030000,58.4(0.34 %),20,1170000,1000,58200000,6032755,21.48
04/09/2018,-40910,-2388306000,58.9(0.86 %),47010,2763545000,87920,5151851000,4739074,15.13
05/09/2018,-2680,-159730000,59(0.17 %),3100,181210000,5780,340940000,5982645,21.71
06/09/2018,8000,411008000,51.8(-0.38 %),8000,411008000,0,0,5974645,9.49
07/09/2018,10030,518272000,51.7(-0.19 %),10030,518272000,0,0,5964615,9.54
10/09/2018,7690,388430000,50.4(-2.51 %),7790,393470000,100,5040000,6051525,21.39
11/09/2018,9990,503710000,50(-0.79 %),11600,584650000,1610,80940000,6039925,21.45
12/09/2018,8930,445130000,49.3(-1.40 %),8930,445130000,0,0,6030995,21.49
13/09/2018,2620,129420000,49.5(0.41 %),2620,129420000,0,0,6028475,21.5
14/09/2018,0,0,49.8(0.61 %),0,0,0,0,6030085,21.49
17/09/2018,2540,125990000,49.5(-0.60 %),2800,138910000,260,12920000,6027285,21.5
18/09/2018,1400,69340000,49.6(0.20 %),2400,118840000,1000,49500000,6024885,21.51
19/09/2018,3380,166630000,49.8(0.40 %),3380,166630000,0,0,6021505,21.53
20/09/2018,1300,64700000,49.8(0.00 %),1300,64700000,0,0,6020465,21.53
21/09/2018,-1500,-74800000,49.7(-0.20 %),500,24800000,2000,99600000,6020965,21.53
24/09/2018,2300,114080000,49.7(0.00 %),2300,114080000,0,0,6018665,21.54
25/09/2018,0,0,49.7(0.00 %),0,0,0,0,6018665,21.54
26/09/2018,2030,101483760,50.2(1.01 %),2030,101483760,0,0,6016635,21.55
27/09/2018,-20,-1150000,50.8(1.20 %),510,25760000,530,26910000,6018025,21.55
28/09/2018,2300,116150000,51.1(0.59 %),2300,116150000,0,0,6015725,21.56
01/10/2018,7810,399170000,50.9(-0.39 %),7810,399170000,0,0,6007915,21.59
02/10/2018,200,10190000,51(0.20 %),200,10190000,0,0,6007715,21.59
03/10/2018,2550,128920000,51.1(0.20 %),2600,131450000,50,2530000,6005645,21.6
04/10/2018,2410,121770000,51.1(0.00 %),2410,121770000,0,0,6003235,21.61
05/10/2018,0,0,51(-0.20 %),0,0,0,0,6003235,21.61
08/10/2018,1220,61960000,51(0.00 %),1220,61960000,0,0,6002065,21.62
09/10/2018,2320,117860000,50.9(-0.20 %),2320,117860000,0,0,5999745,21.63
10/10/2018,2330,118364000,50.9(0.00 %),2330,118364000,0,0,5997415,21.64
11/10/2018,390,21104000,50(-1.77 %),2720,137624000,2330,116520000,5997025,21.64
12/10/2018,2020,102408000,50(0.00 %),2020,102408000,0,0,5995005,21.65
15/10/2018,1460,73030000,50.3(0.60 %),1460,73030000,0,0,5991215,21.67
16/10/2018,10,509000,50.6(0.60 %),10,509000,0,0,5991205,21.67
17/10/2018,50,2534000,51(0.79 %),50,2534000,0,0,5991155,21.67
18/10/2018,-7690,-391100000,51.2(0.39 %),2310,116660000,10000,507760000,5991182,21.67
19/10/2018,-4350,-222165000,50.9(-0.59 %),0,0,4350,222165000,5995532,21.65
22/10/2018,-3920,-199570000,50.9(0.00 %),2300,117070000,6220,316640000,5988882,21.68
23/10/2018,-7430,-372587000,50.2(-1.38 %),2300,117070000,9730,489657000,5996312,21.64
24/10/2018,-980,-48604000,50.4(0.40 %),1000,50400000,1980,99004000,5997292,21.64
25/10/2018,2270,113530000,50.4(0.00 %),2990,149370000,720,35840000,6003162,21.61
26/10/2018,130,6560000,50.5(0.20 %),130,6560000,0,0,6012762,21.57
29/10/2018,-1190,-59650000,50.2(-0.59 %),810,40700000,2000,100350000,6013932,21.56
30/10/2018,-370,-18400000,50(-0.40 %),6150,307800000,6520,326200000,6014302,21.56
31/10/2018,-12060,-603000000,50(0.00 %),3420,171000000,15480,774000000,6026362,21.51
01/11/2018,1330,66370000,49.5(-1.00 %),3330,166170000,2000,99800000,6003752,21.61
02/11/2018,600,29860000,49.9(0.81 %),2600,129660000,2000,99800000,6003152,21.61
05/11/2018,-7990,-400050000,50.1(0.40 %),4600,229510000,12590,629560000,6018552,21.54
06/11/2018,-31980,-1599880000,53.5(6.79 %),5900,295590000,37880,1895470000,6050532,21.4
07/11/2018,-12470,-660950000,51.6(-3.55 %),100,5260000,12570,666210000,6016552,21.55
08/11/2018,-12330,-643430000,52(0.78 %),1300,67210000,13630,710640000,6027842,21.5
09/11/2018,-4070,-211740000,52.2(0.38 %),2700,140600000,6770,352340000,6063022,21.34
12/11/2018,1200,62340000,52.5(0.57 %),1200,62340000,0,0,6074392,21.29
13/11/2018,-20180,-1060786000,53(0.95 %),10,528000,20190,1061314000,6094572,21.2
14/11/2018,-16390,-869257000,53(0.00 %),0,0,16390,869257000,6110962,21.12
15/11/2018,-5860,-311970000,53(0.00 %),5450,290330000,11310,602300000,6089332,21.22
16/11/2018,-700,-36950000,53.3(0.57 %),500,26650000,1200,63600000,6109022,21.13
19/11/2018,-480,-25700000,53.4(0.19 %),10,540000,490,26240000,6125402,21.06
20/11/2018,6800,363550000,53.5(0.19 %),6800,363550000,0,0,6129912,21.04
21/11/2018,0,0,53.7(0.37 %),0,0,0,0,6131112,21.03
22/11/2018,1900,101350000,53.3(-0.74 %),2450,130890000,550,29540000,6129152,21.04
23/11/2018,0,0,53.5(0.38 %),0,0,0,0,6129152,21.04
26/11/2018,0,0,53.5(0.00 %),0,0,0,0,6129152,21.04
27/11/2018,5850,309711000,53.4(-0.19 %),5850,309711000,0,0,6123302,21.07
28/11/2018,10070,533470000,53.4(0.00 %),10800,572450000,730,38980000,6104592,21.15
29/11/2018,7060,346880000,48.9(-1.01 %),7060,346880000,0,0,6097532,21.18
30/11/2018,5410,261860000,48.4(-1.02 %),5410,261860000,0,0,6092122,21.21
03/12/2018,1840,88786000,48.95(1.14 %),1840,88786000,0,0,6091012,21.21
04/12/2018,0,0,49(0.10 %),0,0,0,0,6091012,21.21
05/12/2018,2030,99271000,48.95(-0.10 %),2030,99271000,0,0,6088982,21.22
06/12/2018,1910,92068000,48.8(-0.31 %),1910,92068000,0,0,6087072,21.23
07/12/2018,6470,313884500,48.45(-0.72 %),6470,313884500,0,0,6080602,21.26
10/12/2018,1910,91680000,47.8(-1.34 %),1910,91680000,0,0,6078692,21.27
11/12/2018,2450,116970000,48.5(1.46 %),2710,129580000,260,12610000,6075982,21.28
12/12/2018,4570,219626000,48.7(0.41 %),4570,219626000,0,0,6071412,21.3
13/12/2018,8200,398848000,48.65(-0.10 %),8200,398848000,0,0,6063212,21.34
14/12/2018,10380,501810000,48(-1.34 %),10380,501810000,0,0,6053092,21.39
17/12/2018,-710,-33840000,48.35(0.73 %),100,4830000,810,38670000,6052992,21.39
18/12/2018,-2040,-97540000,47.4(-1.96 %),1960,93710000,4000,191250000,6051032,21.39
19/12/2018,4010,190280000,47.3(-0.21 %),4010,190280000,0,0,6047022,21.41
20/12/2018,1860,87990000,47.75(0.95 %),1860,87990000,0,0,6045972,21.42
21/12/2018,80,3820000,47.5(-0.52 %),80,3820000,0,0,6049892,21.4
24/12/2018,1400,66370000,47.35(-0.32 %),1510,71580000,110,5210000,6048382,21.41
25/12/2018,1500,71030000,47.1(-0.53 %),1500,71030000,0,0,6046882,21.41
26/12/2018,-460,-21703000,47.4(0.64 %),40,1897000,500,23600000,6047342,21.41
27/12/2018,3130,148090000,47.4(0.00 %),3130,148090000,0,0,6043830,21.43
28/12/2018,410,19360000,47.5(0.21 %),420,19830000,10,470000,6043410,21.43
02/01/2019,550,26182000,47.4(-0.21 %),550,26182000,0,0,6043360,21.43
03/01/2019,1430,67903500,47.45(0.11 %),2440,115828000,1010,47924500,6041930,21.44
04/01/2019,-5090,-240240000,47.5(0.11 %),1610,76000000,6700,316240000,6039320,21.45
07/01/2019,1080,52118000,48(1.05 %),1320,63710000,240,11592000,6038240,21.45
08/01/2019,1320,63360000,47.75(-0.52 %),1320,63360000,0,0,6037690,21.46
09/01/2019,5890,283000000,48.2(0.94 %),5890,283000000,0,0,6038500,21.45
10/01/2019,1270,60960000,47.9(-0.62 %),2100,100810000,830,39850000,6036640,21.46
11/01/2019,1760,84290000,47.9(0.00 %),1900,91010000,140,6720000,6034880,21.47
14/01/2019,3240,155230000,48.2(0.63 %),3440,164850000,200,9620000,6031300,21.48
15/01/2019,-2810,-137010000,49(1.66 %),0,0,2810,137010000,6032130,21.48
16/01/2019,10,495000,48.7(-0.61 %),10,495000,0,0,6032120,21.48
17/01/2019,0,0,48.8(0.21 %),0,0,0,0,6032460,21.48
18/01/2019,100,4870000,48.7(-0.20 %),100,4870000,0,0,6035170,21.47
21/01/2019,780,38380000,49.2(1.03 %),780,38380000,0,0,6034390,21.47
22/01/2019,7510,382830000,50(1.63 %),10510,535830000,3000,153000000,6023880,21.52
23/01/2019,-630,-31150000,50(0.00 %),30,1503000,660,32653000,6024510,21.52
24/01/2019,-3310,-164004000,49.6(-0.80 %),130,6500000,3440,170504000,6027820,21.5
25/01/2019,30,1530000,50.8(2.42 %),30,1530000,0,0,6026690,21.51
28/01/2019,-4940,-250960000,51(0.39 %),80,4060000,5020,255020000,6027270,21.5
29/01/2019,2020,103156000,51.4(0.78 %),4570,233971000,2550,130815000,6030710,21.49
30/01/2019,4810,249010000,51.9(0.97 %),4810,249010000,0,0,6021330,21.53
31/01/2019,11900,618344000,52(0.19 %),11900,618344000,0,0,6014000,21.56
01/02/2019,-7460,-385910000,52.3(0.58 %),3540,184290000,11000,570200000,6013460,21.57
11/02/2019,2060,109450000,52(-0.57 %),15060,788020000,13000,678570000,5998400,21.64
12/02/2019,500,26130000,52.1(0.19 %),6520,338990000,6020,312860000,5991880,21.66
13/02/2019,19460,1017587000,52.2(0.19 %),33720,1760421000,14260,742834000,5991440,21.67
14/02/2019,700,36450000,52(-0.38 %),700,36450000,0,0,5990740,21.67
15/02/2019,870,45230000,51.7(-0.58 %),950,49390000,80,4160000,5986530,21.69
18/02/2019,30030,1557070000,52(0.58 %),31430,1629910000,1400,72840000,5969360,21.77
19/02/2019,-1000,-51850000,51.9(-0.19 %),0,0,1000,51850000,5969360,21.77
20/02/2019,-2830,-146704000,51.8(-0.19 %),200,10340000,3030,157044000,5963670,21.79
21/02/2019,-300,-15610000,51.8(0.00 %),1240,64160000,1540,79770000,5969400,21.77
22/02/2019,-7800,-404420000,51.8(0.00 %),0,0,7800,404420000,5971770,21.76
25/02/2019,-5900,-305620000,51.6(-0.39 %),0,0,5900,305620000,5977670,21.73
26/02/2019,-3040,-157140000,51.7(0.19 %),1750,90450000,4790,247590000,5980710,21.72
27/02/2019,17090,851330000,49.9(-3.48 %),17090,851330000,0,0,5963930,21.79
28/02/2019,160,7760000,49.5(-0.80 %),2730,136000000,2570,128240000,5967100,21.78
01/03/2019,-410,-20380000,49.7(0.40 %),0,0,410,20380000,5971890,21.76
04/03/2019,-5790,-285740000,49.2(-1.01 %),1090,53740000,6880,339480000,5970800,21.76
05/03/2019,-2640,-128480000,49(-0.41 %),1400,68690000,4040,197170000,5971970,21.76
06/03/2019,-260,-12740000,49(0.00 %),0,0,260,12740000,5972380,21.75
07/03/2019,0,0,49(0.00 %),0,0,0,0,5980580,21.72
08/03/2019,2290,111880000,49(0.00 %),3300,161370000,1010,49490000,5977500,21.73
11/03/2019,4900,240011000,49.05(0.10 %),10000,489971000,5100,249960000,5973390,21.75
12/03/2019,-8250,-405080000,49.5(0.92 %),150,7360000,8400,412440000,5967620,21.78
13/03/2019,-500,-24928000,49.5(0.00 %),2400,118622000,2900,143550000,5982140,21.71
14/03/2019,110,7210000,49.6(0.20 %),10010,498050000,9900,490840000,5961320,21.8
15/03/2019,5300,264840000,49.95(0.71 %),11860,592120000,6560,327280000,5957860,21.82
18/03/2019,46230,2341898000,52.9(5.91 %),57430,2902808000,11200,560910000,5911630,22.03
19/03/2019,10200,531090000,52.1(-1.51 %),10200,531090000,0,0,5903030,22.07
20/03/2019,220,11200000,50.7(-2.69 %),220,11200000,0,0,5909370,22.04
21/03/2019,-1120,-57108000,51.3(1.18 %),4810,245434000,5930,302542000,5902330,22.07
22/03/2019,220,11090000,50.6(-1.36 %),220,11090000,0,0,5915540,22.01
25/03/2019,110,5555000,50.5(-0.20 %),110,5555000,0,0,5902000,22.07
26/03/2019,-5190,-262480000,50.5(0.00 %),10,510000,5200,262990000,5921350,21.99
27/03/2019,-5110,-258190000,50.7(0.40 %),200,10140000,5310,268330000,5921150,21.99
28/03/2019,2530,128270000,50.7(0.00 %),3330,168830000,800,40560000,5917820,22.0
29/03/2019,120,6024000,50.2(-0.99 %),120,6024000,0,0,5909650,22.04
01/04/2019,0,0,49.9(-0.60 %),0,0,0,0,5928210,21.96
02/04/2019,-9330,-465904000,50(0.20 %),1050,52810000,10380,518714000,5937540,21.91
03/04/2019,850,42340000,49.65(-0.70 %),850,42340000,0,0,5926410,21.96
04/04/2019,-1100,-55030000,50.1(0.91 %),60,2970000,1160,58000000,5941340,21.9
05/04/2019,-2100,-105840000,50.5(0.80 %),1330,67030000,3430,172870000,5950390,21.85
08/04/2019,-10,-500000,50.5(0.00 %),10,510000,20,1010000,5950380,21.85
09/04/2019,-18370,-928340000,50.5(0.00 %),2430,125660000,20800,1054000000,5949110,21.86
10/04/2019,20,1025000,51(0.99 %),20,1025000,0,0,5958250,21.82
11/04/2019,150,7650000,51.3(0.59 %),160,8160000,10,510000,5952380,21.84
12/04/2019,-790,-40619000,51.2(-0.19 %),70,3585000,860,44204000,5958890,21.82
16/04/2019,10000,511950000,51.2(0.00 %),10000,511950000,0,0,5963110,21.8
17/04/2019,2240,114090000,50.7(-0.98 %),3000,153000000,760,38910000,5960120,21.81
18/04/2019,10,507000,50.7(0.00 %),10,507000,0,0,5946640,21.87
19/04/2019,-1980,-99180000,50.5(-0.39 %),20,1020000,2000,100200000,5960950,21.81
22/04/2019,2910,145221000,49.9(-1.19 %),2910,145221000,0,0,5945710,21.88
23/04/2019,-2240,-111546000,50.2(0.60 %),20,1006000,2260,112552000,5947950,21.87
24/04/2019,9630,481700000,50(-0.40 %),9630,481700000,0,0,5951150,21.85
25/04/2019,0,0,50.2(0.40 %),0,0,0,0,5951150,21.85
26/04/2019,460,23050000,50(-0.40 %),460,23050000,0,0,5952950,21.84
02/05/2019,11320,566630000,50(0.00 %),11320,566630000,0,0,5941630,21.89
03/05/2019,-50,-2520000,50(0.00 %),150,7500000,200,10020000,5953000,21.84
06/05/2019,-10100,-504000000,50(0.00 %),200,10000000,10300,514000000,5941280,21.9
07/05/2019,-5170,-258000000,50(0.00 %),380,19000000,5550,277000000,5968270,21.77
08/05/2019,-9700,-483750000,49.8(-0.40 %),0,0,9700,483750000,5977970,21.73
09/05/2019,3150,157500000,49.8(0.00 %),5450,272500000,2300,115000000,5945950,21.87
10/05/2019,0,0,49.95(0.30 %),10,500000,10,500000,5951490,21.85
13/05/2019,-3480,-173763000,50(0.10 %),2310,115384500,5790,289147500,5978300,21.73
14/05/2019,-4600,-230000000,49.9(-0.20 %),0,0,4600,230000000,5961180,21.8
15/05/2019,-2380,-118902000,49.9(0.00 %),170,8483000,2550,127385000,5985280,21.69
16/05/2019,-2300,-114890000,49.9(0.00 %),0,0,2300,114890000,5966810,21.78
17/05/2019,-6890,-344620000,50.4(1.00 %),10,500000,6900,345120000,5971400,21.76
20/05/2019,-4600,-231610000,50.4(0.00 %),0,0,4600,231610000,5973950,21.75
21/05/2019,-1330,-67000000,50.2(-0.40 %),0,0,1330,67000000,5976257,21.74
22/05/2019,-530,-26610000,50(-0.40 %),0,0,530,26610000,5983157,21.7
23/05/2019,-1000,-50000000,50(0.00 %),0,0,1000,50000000,5987757,21.68
24/05/2019,-5600,-281810000,50.6(1.20 %),3600,180720000,9200,462530000,5985487,21.69
27/05/2019,-1590,-81250000,51(0.79 %),20,1021000,1610,82271000,5987077,21.69
28/05/2019,-200,-10180000,51(0.00 %),0,0,200,10180000,5986997,21.69
29/05/2019,-3780,-194780000,52(1.96 %),220,11220000,4000,206000000,5995977,21.65
30/05/2019,30,1565000,51.8(-0.38 %),30,1565000,0,0,5991027,21.67
31/05/2019,3870,202040000,51.9(0.19 %),4000,208800000,130,6760000,5987157,21.69
03/06/2019,-400,-20640000,52.2(0.58 %),720,37600000,1120,58240000,5997037,21.64
04/06/2019,-1880,-97742000,51.9(-0.57 %),0,0,1880,97742000,5998917,21.63
05/06/2019,0,0,52.3(0.77 %),0,0,0,0,5997167,21.64
06/06/2019,-890,-46400000,52.2(-0.19 %),0,0,890,46400000,5998287,21.64
07/06/2019,20,1060000,52.5(0.57 %),20,1060000,0,0,6000147,21.63
10/06/2019,-1200,-62400000,52(-0.95 %),0,0,1200,62400000,6000987,21.62
11/06/2019,4400,229400000,52.1(0.19 %),4400,229400000,0,0,5996637,21.64
12/06/2019,0,0,52.1(0.00 %),0,0,0,0,5996637,21.64
13/06/2019,60,3300000,52.9(1.54 %),190,10030000,130,6730000,5997647,21.64
14/06/2019,500,26250000,52.5(-0.76 %),500,26250000,0,0,5996077,21.65
17/06/2019,-1080,-55880000,52.5(0.00 %),950,49880000,2030,105760000,5996194,21.65
18/06/2019,1650,86320000,52.2(-0.57 %),1650,86320000,0,0,5995507,21.65
19/06/2019,1820,95004000,52.1(-0.19 %),1820,95004000,0,0,5993687,21.66
20/06/2019,1000,52210000,52.3(0.38 %),1000,52210000,0,0,5993884,21.66
21/06/2019,3330,174689000,52.1(-0.38 %),3330,174689000,0,0,5989357,21.68
24/06/2019,0,0,53(1.73 %),0,0,0,0,5990554,21.67
25/06/2019,-970,-51662000,52.4(-1.13 %),310,16434000,1280,68096000,5990327,21.67
26/06/2019,4580,242790000,53.1(1.34 %),4580,242790000,0,0,5985670,21.69
27/06/2019,1360,72210000,53.5(0.75 %),1360,72210000,0,0,5984310,21.7
28/06/2019,320,17300000,53.3(-0.37 %),1020,54540000,700,37240000,5984570,21.7
01/07/2019,-3590,-194375000,55(3.19 %),60,3281000,3650,197656000,5984570,21.7
02/07/2019,540,30060000,54.2(-1.45 %),540,30060000,0,0,5983970,21.7
03/07/2019,-7970,-432170000,54.8(1.11 %),30,1630000,8000,433800000,5984640,21.7
04/07/2019,2000,109990000,55(0.36 %),2000,109990000,0,0,5986290,21.69
05/07/2019,600,32720000,54.2(-1.45 %),600,32720000,0,0,5989400,21.68
08/07/2019,20,1093000,54.7(0.92 %),20,1093000,0,0,5989380,21.68
09/07/2019,2210,119267000,54.5(-0.37 %),2350,126925000,140,7658000,5987170,21.69
10/07/2019,-12790,-685351000,54.2(-0.55 %),210,11262000,13000,696613000,5999960,21.63
11/07/2019,-18120,-970072000,54(-0.37 %),2210,119778000,20330,1089850000,6018080,21.55
12/07/2019,-40220,-2169940000,53.8(-0.37 %),10,540000,40230,2170480000,5989030,21.68
15/07/2019,-7000,-375340000,53.9(0.19 %),0,0,7000,375340000,6002030,21.62
16/07/2019,50,2722000,54.4(0.93 %),50,2722000,0,0,6065250,21.33
17/07/2019,-6990,-374090000,53.7(-1.29 %),10,540000,7000,374630000,6062530,21.34
18/07/2019,-4930,-266220000,54(0.56 %),70,3780000,5000,270000000,6069460,21.31
19/07/2019,30,1624000,54.3(0.56 %),30,1624000,0,0,6077140,21.28
22/07/2019,-10420,-558630000,53.3(-1.84 %),540,29160000,10960,587790000,6075890,21.28
23/07/2019,-6170,-326980000,52.7(-1.13 %),330,17590000,6500,344570000,6080560,21.26
24/07/2019,-5590,-296090000,52.7(0.00 %),10,530000,5600,296620000,6099320,21.17
25/07/2019,5560,293890000,52.8(0.19 %),8610,455410000,3050,161520000,6082900,21.25
26/07/2019,-1990,-105066000,52.9(0.19 %),50,2654000,2040,107720000,6095750,21.19
29/07/2019,-1860,-98300000,52.5(-0.76 %),30,1580000,1890,99880000,6094920,21.19
30/07/2019,750,39675000,52.5(0.00 %),3660,193905000,2910,154230000,6096860,21.19
31/07/2019,-760,-40280000,52.5(0.00 %),20,1060000,780,41340000,6096330,21.19
01/08/2019,0,0,52.5(0.00 %),0,0,0,0,6098220,21.18
02/08/2019,-6010,-316730000,52.5(0.00 %),0,0,6010,316730000,6101130,21.17
05/08/2019,20,1058000,52.3(-0.38 %),20,1058000,0,0,6104210,21.15
06/08/2019,-280,-14424000,52.5(0.38 %),120,6416000,400,20840000,6104490,21.15
07/08/2019,20,1054000,52.6(0.19 %),30,1580000,10,526000,6104470,21.15
08/08/2019,-3900,-204410000,52.5(-0.19 %),0,0,3900,204410000,6108370,21.13
09/08/2019,-9430,-495077000,52.3(-0.38 %),1620,85048000,11050,580125000,6117800,21.09
12/08/2019,-3800,-199052000,52.3(0.00 %),20,1046000,3820,200098000,6121600,21.07
13/08/2019,10,530000,52.9(1.15 %),20,1065000,10,535000,6121590,21.07
14/08/2019,-1130,-59430000,52.5(-0.76 %),10,530000,1140,59960000,6121440,21.07
15/08/2019,-1300,-68250000,52.5(0.00 %),0,0,1300,68250000,6124020,21.06
16/08/2019,10,529000,52.4(-0.19 %),10,529000,0,0,6124010,21.06
19/08/2019,-920,-48190000,52.4(0.00 %),1210,63420000,2130,111610000,6125190,21.06
20/08/2019,-7360,-386418000,52.5(0.19 %),110,5765000,7470,392183000,6132290,21.02
21/08/2019,-1690,-88560000,52.3(-0.38 %),0,0,1690,88560000,6126380,21.05
22/08/2019,380,19790000,52.3(0.00 %),430,22420000,50,2630000,6128080,21.04
23/08/2019,20,1040000,52(-0.57 %),20,1040000,0,0,6135530,21.01
26/08/2019,0,0,51.8(-0.38 %),0,0,0,0,6133580,21.02
27/08/2019,20,1040000,51.2(-1.16 %),20,1040000,0,0,6137250,21.0
28/08/2019,90,4628000,51(-0.39 %),90,4628000,0,0,6133470,21.02
29/08/2019,0,10000,51.7(1.37 %),80,4136000,80,4126000,6133470,21.02
30/08/2019,-22750,-1159155000,50.9(-1.55 %),60,3072000,22810,1162227000,6156220,20.92
03/09/2019,-7140,-357400000,50.1(-1.57 %),260,13260000,7400,370660000,6136760,21.0
04/09/2019,-21470,-1068460000,49.75(-0.70 %),10,500000,21480,1068960000,6136830,21.0
05/09/2019,10,496500,49.65(-0.20 %),10,496500,0,0,6158480,20.9
06/09/2019,50,2482500,49.65(0.00 %),50,2482500,0,0,6158430,20.9
09/09/2019,-10820,-537290000,49.7(0.10 %),1550,77210000,12370,614500000,6186910,20.78
10/09/2019,1710,87487000,49.7(0.00 %),4040,204487000,2330,117000000,6167540,20.86
11/09/2019,10,509000,49.75(0.10 %),10,509000,0,0,6167530,20.86
12/09/2019,-40,-1995000,50(0.50 %),10,510000,50,2505000,6167570,20.86
13/09/2019,10,506000,50(0.00 %),10,506000,0,0,6167560,20.86
16/09/2019,-370,-18740000,50(0.00 %),20,1020000,390,19760000,6197520,20.73
17/09/2019,-3780,-190516000,50.2(0.40 %),60,3020000,3840,193536000,6173300,20.84
18/09/2019,-18610,-947730000,50.2(0.00 %),480,24360000,19090,972090000,6198620,20.72
19/09/2019,-4350,-219950000,50(-0.40 %),380,19380000,4730,239330000,6198630,20.72
20/09/2019,130,6430000,49.1(-1.80 %),130,6430000,0,0,6202340,20.7
23/09/2019,-53040,-2646384000,49.3(0.41 %),1080,54464000,54120,2700848000,6249170,20.49
24/09/2019,10,510000,49.9(1.22 %),10,510000,0,0,6225070,20.6
25/09/2019,10,505000,50.5(1.20 %),10,505000,0,0,6249150,20.49
26/09/2019,-2470,-124050000,50.1(-0.79 %),530,26550000,3000,150600000,6278650,20.36
27/09/2019,10690,536570000,49.6(-1.00 %),10690,536570000,0,0,6267960,20.41
30/09/2019,10,508000,50.1(1.01 %),10,508000,0,0,6240920,20.53
01/10/2019,-29550,-1504520000,50.4(0.60 %),50,2530000,29600,1507050000,6270950,20.39
02/10/2019,-20990,-1069000000,50.8(0.79 %),10,510000,21000,1069510000,6270890,20.39
03/10/2019,30,1530000,50.9(0.20 %),30,1530000,0,0,6270860,20.39
04/10/2019,-4450,-226950000,51(0.20 %),10,514000,4460,227464000,6296360,20.28
07/10/2019,-3030,-154686000,50.1(-1.76 %),350,17955000,3380,172641000,6299390,20.26
08/10/2019,-1390,-71307000,51.2(2.20 %),10,513000,1400,71820000,6300780,20.26
09/10/2019,110,5650000,51.3(0.20 %),110,5650000,0,0,6300670,20.26
10/10/2019,890,45930000,51.5(0.39 %),890,45930000,0,0,6327930,20.13
11/10/2019,-6160,-320770000,51.8(0.58 %),20,1040000,6180,321810000,6329310,20.13
14/10/2019,-950,-49350000,53(2.32 %),50,2650000,1000,52000000,6329260,20.13
15/10/2019,1130,58907000,52.1(-1.70 %),1130,58907000,0,0,6305760,20.23
16/10/2019,-78020,-3994688000,50.5(-3.07 %),60,3055000,78080,3997743000,6383780,19.88
17/10/2019,-55150,-2748900000,49.7(-1.58 %),10,500000,55160,2749400000,6335240,20.1
18/10/2019,-6950,-345877500,49.85(0.30 %),50,2522500,7000,348400000,6445880,19.59
21/10/2019,-770,-38140000,50.1(0.50 %),730,36810000,1500,74950000,6412540,19.75
22/10/2019,-5980,-303470000,50.5(0.80 %),20,1030000,6000,304500000,6467680,19.49
23/10/2019,-2480,-129028000,52.5(3.96 %),20,1022000,2500,130050000,6455110,19.55
24/10/2019,-5810,-299440000,52.4(-0.19 %),190,9960000,6000,309400000,6475970,19.46
25/10/2019,-1000,-53200000,53.8(2.67 %),380,20220000,1380,73420000,6481590,19.43
28/10/2019,-3600,-193790000,54.2(0.74 %),0,0,3600,193790000,6484090,19.42
29/10/2019,0,0,54.2(0.00 %),0,0,0,0,6465520,19.5
30/10/2019,-2510,-135082000,54.3(0.18 %),0,0,2510,135082000,6468030,19.49
31/10/2019,0,0,54.1(-0.37 %),0,0,0,0,6468030,19.49
01/11/2019,-2490,-132211000,54(-0.18 %),10,539000,2500,132750000,6495070,19.37
04/11/2019,-1260,-67530000,53.7(-0.56 %),100,5370000,1360,72900000,6497470,19.36
05/11/2019,1260,67662000,53.8(0.19 %),1500,80550000,240,12888000,6495070,19.37
06/11/2019,-27750,-1492483000,53.8(0.00 %),810,43577000,28560,1536060000,6522820,19.24
07/11/2019,-15500,-757320000,49.1(-8.74 %),6660,332190000,22160,1089510000,6492360,19.38
08/11/2019,510,24990000,49(-0.20 %),510,24990000,0,0,6492090,19.38
11/11/2019,-4810,-230880000,47.9(-2.24 %),190,9120000,5000,240000000,6542620,19.15
12/11/2019,5690,272170000,47.9(0.00 %),21090,1009830000,15400,737660000,6521530,19.25
13/11/2019,1950,93425000,48.7(1.67 %),1950,93425000,0,0,6534980,19.19
14/11/2019,0,0,49(0.62 %),0,0,0,0,6534980,19.19
15/11/2019,1460,72398000,48.9(-0.20 %),5610,273512000,4150,201114000,6533520,19.19
18/11/2019,10,490000,48.5(-0.82 %),10,490000,0,0,6534360,19.19
19/11/2019,1610,77470000,48.4(-0.21 %),2310,111350000,700,33880000,6532050,19.2
20/11/2019,1930,92169000,48(-0.83 %),3030,145519000,1100,53350000,6529970,19.21
21/11/2019,9380,450222500,48.35(0.73 %),9430,452640000,50,2417500,6520590,19.25
22/11/2019,980,47153000,48.4(0.10 %),9440,452811000,8460,405658000,6519610,19.26
25/11/2019,-1100,-53140000,48.4(0.00 %),0,0,1100,53140000,6516103,19.27
26/11/2019,-210,-10130000,47.1(-2.69 %),0,0,210,10130000,6516153,19.27
27/11/2019,20,922000,47.2(0.21 %),560,26626000,540,25704000,6520900,19.25
28/11/2019,80,3760000,47.25(0.11 %),6040,285090000,5960,281330000,6519113,19.26
29/11/2019,980,46256000,47.95(1.48 %),980,46256000,0,0,6519840,19.26
02/12/2019,-970,-45980000,47.35(-1.25 %),230,10900000,1200,56880000,6518653,19.26
03/12/2019,-1200,-56640000,47.1(-0.53 %),0,0,1200,56640000,6524613,19.23
04/12/2019,1950,91870000,47.1(0.00 %),2180,102680000,230,10810000,6522433,19.24
05/12/2019,900,42570000,47.3(0.42 %),1000,47300000,100,4730000,6517233,19.27
06/12/2019,1380,65247000,47.2(-0.21 %),2780,131327000,1400,66080000,6515853,19.27
09/12/2019,-4600,-216890000,47.05(-0.32 %),4400,207210000,9000,424100000,6516883,19.27
10/12/2019,0,0,47.1(0.11 %),0,0,0,0,6520453,19.25
11/12/2019,380,17898000,47.15(0.11 %),380,17898000,0,0,6520073,19.26
12/12/2019,-300,-14145000,47.3(0.32 %),440,20746000,740,34891000,6520373,19.25
13/12/2019,-100,-4730000,47.3(0.00 %),830,39260000,930,43990000,6525733,19.23
16/12/2019,-16760,-792750000,47.3(0.00 %),3300,156090000,20060,948840000,6522433,19.24
17/12/2019,9170,433850000,47.4(0.21 %),9170,433850000,0,0,6528063,19.22
18/12/2019,2220,105530000,47.4(0.00 %),2220,105530000,0,0,6512713,19.29
19/12/2019,560,26940000,48.4(2.11 %),560,26940000,0,0,6532213,19.2
20/12/2019,0,0,48.6(0.41 %),0,0,0,0,6532213,19.2
23/12/2019,1930,95840000,48.6(0.00 %),8230,399660000,6300,303820000,6523983,19.24
24/12/2019,2430,117840000,48.5(-0.21 %),7330,355670000,4900,237830000,6516653,19.27
25/12/2019,-1630,-78980000,48.55(0.10 %),1070,51840000,2700,130820000,6515583,19.28
26/12/2019,10060,487483500,48.5(-0.10 %),10060,487483500,0,0,6512493,19.29
27/12/2019,2460,119190000,48.55(0.10 %),3080,149260000,620,30070000,6513643,19.28
30/12/2019,2830,137260000,48.5(-0.10 %),2830,137260000,0,0,6513513,19.29
31/12/2019,-1070,-52002000,48.6(0.21 %),0,0,1070,52002000,6508673,19.31
02/01/2020,100,4870000,48.85(0.51 %),100,4870000,0,0,6514133,19.28
03/01/2020,3030,147712500,48.9(0.10 %),3030,147712500,0,0,6511103,19.3
06/01/2020,5470,267329500,48.85(-0.10 %),5470,267329500,0,0,6505633,19.32
07/01/2020,1500,73500000,49.1(0.51 %),1500,73500000,0,0,6504133,19.33
08/01/2020,3790,186280000,49(-0.20 %),5770,283300000,1980,97020000,6499333,19.35
09/01/2020,-44350,-2195561000,49.2(0.41 %),2360,116584000,46710,2312145000,6544693,19.14
10/01/2020,500,24424500,48(-2.44 %),500,24424500,0,0,6544193,19.15
13/01/2020,100,4805000,48.8(1.67 %),100,4805000,0,0,6544093,19.15
14/01/2020,920,44900000,48.2(-1.23 %),920,44900000,0,0,6544143,19.15
15/01/2020,-8510,-409385500,49.4(2.49 %),1200,57825000,9710,467210500,6551683,19.11
16/01/2020,400,19510000,48.3(-2.23 %),400,19510000,0,0,6542543,19.15
17/01/2020,1050,50720000,48.3(0.00 %),1050,50720000,0,0,6541493,19.16
20/01/2020,20,970000,48.3(0.00 %),20,970000,0,0,6551183,19.11
21/01/2020,0,0,49(1.45 %),0,0,0,0,6551183,19.11
22/01/2020,4700,230300000,49.3(0.61 %),4700,230300000,0,0,6546483,19.13
30/01/2020,4920,239596000,48.5(-1.62 %),7280,354056000,2360,114460000,6541563,19.16
31/01/2020,6050,293262000,48.5(0.00 %),6050,293262000,0,0,6535513,19.18
03/02/2020,4420,212502000,48.1(-0.82 %),4420,212502000,0,0,6533153,19.2
04/02/2020,-90,-4371000,48(-0.21 %),1930,92640000,2020,97011000,6533243,19.2
05/02/2020,-40,-1920000,48.2(0.42 %),1960,94080000,2000,96000000,6527203,19.22
06/02/2020,-74980,-3649040000,48.2(0.00 %),20,960000,75000,3650000000,6527183,19.22
07/02/2020,-21440,-1052160000,48.95(1.56 %),3560,171590000,25000,1223750000,6525643,19.23
10/02/2020,-1600,-76799000,48.9(-0.10 %),400,19240000,2000,96039000,6631303,18.75
11/02/2020,-1890,-89930000,48.05(-1.74 %),2700,130950000,4590,220880000,6599543,18.89
12/02/2020,8310,399300000,48.05(0.00 %),8310,399300000,0,0,6616233,18.82
13/02/2020,-54000,-2597420000,48.1(0.10 %),3000,144300000,57000,2741720000,6615233,18.82
14/02/2020,-13700,-660340000,48.2(0.21 %),0,0,13700,660340000,6692583,18.47
17/02/2020,-29010,-1400810000,48.2(0.00 %),2000,97000000,31010,1497810000,6721593,18.34
18/02/2020,0,0,48.1(-0.21 %),0,0,0,0,6721593,18.34
19/02/2020,0,0,48.9(1.66 %),0,0,0,0,6721593,18.34
20/02/2020,10,480000,48.2(-1.43 %),10,480000,0,0,6719523,18.35
21/02/2020,1000,48200000,48.2(0.00 %),1000,48200000,0,0,6718523,18.35
24/02/2020,-4820,-232180000,48(-0.41 %),7180,345600000,12000,577780000,6711343,18.38
25/02/2020,270,12910000,48(0.00 %),780,37440000,510,24530000,6710563,18.39
26/02/2020,9600,460800000,47.65(-0.73 %),9600,460800000,0,0,6715533,18.36
27/02/2020,-170,-8310000,48.8(2.41 %),0,0,170,8310000,6712963,18.38
28/02/2020,-11300,-555884500,49.25(0.92 %),0,0,11300,555884500,6727003,18.31
02/03/2020,0,0,49.2(-0.10 %),0,0,0,0,6713473,18.37
03/03/2020,-108370,-5370070000,49.3(0.20 %),5630,277380000,114000,5647450000,6708013,18.4
04/03/2020,-1050,-51030000,48.6(-1.42 %),110,5350000,1160,56380000,6719203,18.35
05/03/2020,-350,-17030000,49.5(1.85 %),0,0,350,17030000,6719203,18.35
06/03/2020,1860,92010000,49.5(0.00 %),1860,92010000,0,0,6831343,17.84
09/03/2020,4280,211469500,47.9(-3.23 %),4780,235469500,500,24000000,6817103,17.9
10/03/2020,4100,196390000,48.3(0.84 %),9600,459840000,5500,263450000,6818470,17.89
11/03/2020,0,0,48.2(-0.21 %),0,0,0,0,6818470,17.89
12/03/2020,2700,126900000,47(-2.49 %),5300,249100000,2600,122200000,6810303,17.93
13/03/2020,5020,229720000,45.2(-3.83 %),5020,229720000,0,0,6814150,17.91
16/03/2020,350,15838000,45.25(0.11 %),1950,88158000,1600,72320000,6804933,17.96
17/03/2020,1500,67760000,45(-0.55 %),1500,67760000,0,0,6813300,17.92
18/03/2020,580,26072000,45.2(0.44 %),580,26072000,0,0,6802853,17.97
19/03/2020,2100,94500000,45.2(0.00 %),2100,94500000,0,0,6812220,17.92
20/03/2020,1920,86427500,44.9(-0.66 %),2600,117000000,680,30572500,6800353,17.98
23/03/2020,8380,358870000,42.1(-6.24 %),9020,385760000,640,26890000,6800600,17.98
24/03/2020,2780,116200000,42(-0.24 %),2780,116200000,0,0,6797820,17.99
25/03/2020,-10,-440000,44.5(5.95 %),0,0,10,440000,6798500,17.98
26/03/2020,0,0,43.2(-2.92 %),0,0,0,0,6799140,17.98
27/03/2020,2700,116640000,43.2(0.00 %),2700,116640000,0,0,6786503,18.04
30/03/2020,5700,236400000,41.6(-3.70 %),5700,236400000,0,0,6790750,18.02
31/03/2020,640,26364000,42.3(1.68 %),640,26364000,0,0,6780163,18.07
01/04/2020,-7360,-301550000,41.3(-2.36 %),5110,215560000,12470,517110000,6785000,18.05
03/04/2020,-2180,-90185000,42.2(2.18 %),2810,116151500,4990,206336500,6792290,18.01
06/04/2020,-27450,-1174731500,43.25(2.49 %),10,413500,27460,1175145000,6819740,17.89
07/04/2020,340,14450000,42.9(-0.81 %),340,14450000,0,0,6794310,18.0
08/04/2020,2700,114840000,42.55(-0.82 %),2700,114840000,0,0,6796600,17.99
09/04/2020,2200,93500000,43.45(2.12 %),5200,221000000,3000,127500000,6818860,17.89
10/04/2020,60,2510000,43.75(0.69 %),80,3390000,20,880000,6818780,17.89
13/04/2020,-23920,-1045679500,43.3(-1.03 %),1380,59975500,25300,1105655000,6838360,17.8
14/04/2020,2230,96550000,44.2(2.08 %),2230,96550000,0,0,6818170,17.9
15/04/2020,2370,102620000,44.35(0.34 %),2370,102620000,0,0,6815823,17.91
16/04/2020,30,1299000,44.35(0.00 %),30,1299000,0,0,6833730,17.82
17/04/2020,1540,67298000,44.5(0.34 %),1540,67298000,0,0,6832190,17.83
20/04/2020,-100,-4650000,46(3.37 %),0,0,100,4650000,6832290,17.83
21/04/2020,2480,112790000,45.25(-1.63 %),2780,126370000,300,13580000,6836773,17.81
22/04/2020,-2000,-90200000,44.5(-1.66 %),0,0,2000,90200000,6836773,17.81
23/04/2020,1150,50610000,44(-1.12 %),3710,165810000,2560,115200000,6830660,17.84
24/04/2020,-5230,-230092000,44.5(1.14 %),2770,121908000,8000,352000000,6835890,17.81
27/04/2020,-650,-29250000,45(1.12 %),0,0,650,29250000,6836540,17.81
28/04/2020,410,18609000,45.5(1.11 %),2160,97084000,1750,78475000,6836130,17.81
29/04/2020,30,1365000,45.1(-0.88 %),30,1365000,0,0,6836100,17.81
04/05/2020,2680,121900000,42(-6.87 %),2680,121900000,0,0,6839033,17.8
05/05/2020,-1400,-60287500,43.9(4.52 %),0,0,1400,60287500,6843113,17.78
06/05/2020,20,860000,43.1(-1.82 %),20,860000,0,0,6840763,17.79
07/05/2020,490,21319000,43.5(0.93 %),500,21750000,10,431000,6842603,17.78
08/05/2020,90,4030000,44.9(3.22 %),90,4030000,0,0,6841573,17.79
11/05/2020,980,43120000,45.45(1.22 %),980,43120000,0,0,6840593,17.79
12/05/2020,1000,46270000,45.3(-0.33 %),1000,46270000,0,0,6839603,17.8
13/05/2020,0,0,46(1.55 %),0,0,0,0,6839603,17.8
14/05/2020,-26600,-1236554000,44.1(-4.13 %),20,882000,26620,1237436000,6867133,17.67
15/05/2020,2000,92800000,46.35(5.10 %),2000,92800000,0,0,6865133,17.68
18/05/2020,-880,-40788000,45(-2.91 %),0,0,880,40788000,6866013,17.68
19/05/2020,1070,49949000,46.5(3.33 %),1070,49949000,0,0,6864943,17.68
20/05/2020,5500,255750000,46.5(0.00 %),5500,255750000,0,0,6857633,17.72
21/05/2020,2040,94860000,47(1.08 %),2040,94860000,0,0,6856473,17.72
22/05/2020,0,0,47(0.00 %),0,0,0,0,6856473,17.72
25/05/2020,0,0,45.25(-3.72 %),0,0,0,0,6856473,17.72
26/05/2020,0,0,46.1(1.88 %),0,0,0,0,6857403,17.72
27/05/2020,-20,-924000,45.6(-1.08 %),0,0,20,924000,6857423,17.72
28/05/2020,0,0,45.6(0.00 %),0,0,0,0,6856473,17.72
29/05/2020,0,0,45.7(0.22 %),0,0,0,0,6857423,17.72
01/06/2020,0,0,46.8(2.41 %),0,0,0,0,6856493,17.72
02/06/2020,0,0,46.5(-0.64 %),0,0,0,0,6856493,17.72
03/06/2020,0,0,46(-1.08 %),0,0,0,0,6856493,17.72
04/06/2020,0,0,46.85(1.85 %),0,0,0,0,6856493,17.72
05/06/2020,0,0,46.5(-0.75 %),0,0,0,0,6856493,17.72
08/06/2020,-900,-41530000,47(1.08 %),800,37520000,1700,79050000,6857393,17.72
09/06/2020,0,0,47.2(0.43 %),0,0,0,0,6857393,17.72
10/06/2020,-1000,-47200000,47.25(0.11 %),0,0,1000,47200000,6855693,17.72
11/06/2020,-200,-9400000,47.4(0.32 %),0,0,200,9400000,6858593,17.71
12/06/2020,-230,-10603000,46.1(-2.74 %),0,0,230,10603000,6858823,17.71
15/06/2020,0,0,46.1(0.00 %),0,0,0,0,6858823,17.71
16/06/2020,0,0,47.2(2.39 %),0,0,0,0,6858823,17.71
17/06/2020,0,0,47(-0.42 %),0,0,0,0,6858823,17.71
18/06/2020,2120,102500000,48.5(3.19 %),2120,102500000,0,0,6856703,17.72
19/06/2020,0,0,47.3(-2.47 %),0,0,0,0,6856703,17.72
22/06/2020,1920,94110000,47.7(0.85 %),6140,300583000,4220,206473000,6854783,17.73
23/06/2020,750,36705000,48.7(2.10 %),1180,57216000,430,20511000,6854033,17.73
24/06/2020,0,0,48.5(-0.41 %),0,0,0,0,6849383,17.75
25/06/2020,-8160,-395760000,47.3(-2.47 %),0,0,8160,395760000,6862193,17.69
26/06/2020,0,0,48(1.48 %),0,0,0,0,6862193,17.69
29/06/2020,610,28705990,48.25(0.52 %),610,28705990,0,0,6861583,17.7
30/06/2020,-10,0,45.6(-5.49 %),0,0,10,0,6861593,17.7
01/07/2020,-10,-460000,45.6(0.00 %),0,0,10,460000,6861583,17.7
02/07/2020,-1000,-45620000,45.6(0.00 %),0,0,1000,45620000,6861583,17.7
03/07/2020,150,6840000,45.75(0.33 %),150,6840000,0,0,6861443,17.7
06/07/2020,130,6207500,46.1(0.77 %),130,6207500,0,0,6862303,17.69
07/07/2020,-2840,-125830000,44.3(-3.90 %),1000,47000000,3840,172830000,6861323,17.7
08/07/2020,0,0,46(3.84 %),0,0,0,0,6865143,17.68
09/07/2020,-1810,-82870000,45.5(-1.09 %),0,0,1810,82870000,6861323,17.7
10/07/2020,0,0,45.7(0.44 %),0,0,0,0,6866953,17.67
13/07/2020,-200,-9258000,46.7(2.19 %),0,0,200,9258000,6867153,17.67
14/07/2020,-10,-470000,46.3(-0.86 %),0,0,10,470000,6866973,17.67
15/07/2020,-10,-463000,48(3.67 %),0,0,10,463000,6867173,17.67
16/07/2020,1070,51290000,48(0.00 %),1080,51770000,10,480000,6866093,17.68
17/07/2020,0,0,48(0.00 %),0,0,0,0,6866103,17.68
20/07/2020,0,0,46(-4.17 %),0,0,0,0,6866113,17.68
21/07/2020,0,0,46.5(1.09 %),0,0,0,0,6866103,17.68
22/07/2020,0,0,46.9(0.86 %),0,0,0,0,6866123,17.68
23/07/2020,0,0,46.9(0.00 %),0,0,0,0,6866123,17.68
24/07/2020,0,0,46(-1.92 %),0,0,0,0,6866123,17.68
27/07/2020,-250,-11250000,44.2(-3.91 %),0,0,250,11250000,6866353,17.68
28/07/2020,320,14360000,46.4(4.98 %),320,14360000,0,0,6866033,17.68
29/07/2020,100,4400000,46.4(0.00 %),100,4400000,0,0,6865703,17.68
30/07/2020,100,4400000,46(-0.86 %),100,4400000,0,0,6865833,17.68
31/07/2020,0,0,44.5(-3.26 %),0,0,0,0,6865833,17.68
03/08/2020,60,2670000,44.7(0.45 %),60,2670000,0,0,6865893,17.68
04/08/2020,10,460000,46.45(3.91 %),10,460000,0,0,6865883,17.68
05/08/2020,0,0,46.45(0.00 %),0,0,0,0,6865883,17.68
06/08/2020,20,930000,46.1(-0.75 %),20,930000,0,0,6865863,17.68
07/08/2020,0,0,46.05(-0.11 %),0,0,0,0,6865863,17.68
10/08/2020,1150,53246000,46.5(0.98 %),1150,53246000,0,0,6864773,17.68
11/08/2020,-5540,-253280000,46.2(-0.65 %),80,3700000,5620,256980000,6864633,17.68
12/08/2020,0,0,46.65(0.97 %),0,0,0,0,6870313,17.66
13/08/2020,20,932000,46.6(-0.11 %),20,932000,0,0,6870293,17.66
14/08/2020,0,0,46.95(0.75 %),0,0,0,0,6870293,17.66
17/08/2020,0,0,46.95(0.00 %),0,0,0,0,6870293,17.66
18/08/2020,0,0,46.9(-0.11 %),0,0,0,0,6870293,17.66
19/08/2020,0,0,46.95(0.11 %),0,0,0,0,6870233,17.66
20/08/2020,0,0,46.9(-0.11 %),0,0,0,0,6870233,17.66
21/08/2020,-30,-1410000,47.5(1.28 %),0,0,30,1410000,6870233,17.66
24/08/2020,-1830,-86970000,47(-1.05 %),820,38900000,2650,125870000,6869413,17.66
25/08/2020,-2010,-93472000,46.5(-1.06 %),0,0,2010,93472000,6874163,17.64
26/08/2020,-6480,-301870000,46.7(0.43 %),0,0,6480,301870000,6869443,17.66
27/08/2020,-23360,-1082110000,46.8(0.21 %),0,0,23360,1082110000,6872093,17.65
28/08/2020,-15580,-728002000,46.9(0.21 %),0,0,15580,728002000,6919583,17.43
31/08/2020,280,13132000,46.9(0.00 %),1600,75040000,1320,61908000,6919303,17.43
01/09/2020,-980,-45864000,46.3(-1.28 %),480,22464000,1460,68328000,6902343,17.51
03/09/2020,-3800,-176500000,46.3(0.00 %),0,0,3800,176500000,6917443,17.44
04/09/2020,-3430,-158784000,46.3(0.00 %),0,0,3430,158784000,6909573,17.48
07/09/2020,-5100,-236390000,46.6(0.65 %),0,0,5100,236390000,6914673,17.45
08/09/2020,-6000,-278540000,46.65(0.11 %),0,0,6000,278540000,6920673,17.43
09/09/2020,-730,-34020000,46.35(-0.64 %),0,0,730,34020000,6927453,17.4
10/09/2020,-3510,-163290000,46.65(0.65 %),0,0,3510,163290000,6932553,17.37
11/09/2020,-4940,-230206000,46.65(0.00 %),2400,111960000,7340,342166000,6929853,17.39
14/09/2020,-4600,-214700000,46.65(0.00 %),0,0,4600,214700000,6936883,17.35
15/09/2020,-980,-45960000,46.9(0.54 %),0,0,980,45960000,6940393,17.34
16/09/2020,-7500,-354750000,47.7(1.71 %),0,0,7500,354750000,6947733,17.3
17/09/2020,0,0,47.35(-0.73 %),0,0,0,0,6942933,17.33
18/09/2020,-4160,-197764000,47.85(1.06 %),0,0,4160,197764000,6947093,17.31
21/09/2020,-230,-10990000,47.7(-0.31 %),0,0,230,10990000,6960813,17.24
22/09/2020,-4110,-193870000,47.4(-0.63 %),0,0,4110,193870000,6960813,17.24
23/09/2020,-9240,-435689500,47.55(0.32 %),0,0,9240,435689500,6960673,17.25
24/09/2020,150,7070000,47(-1.16 %),150,7070000,0,0,6965053,17.23
25/09/2020,-3480,-163610000,47(0.00 %),0,0,3480,163610000,6969163,17.21
28/09/2020,-730,-34310000,46.8(-0.43 %),0,0,730,34310000,6964733,17.23
29/09/2020,-2270,-106409500,46.9(0.21 %),1530,71680500,3800,178090000,6967003,17.22
30/09/2020,-2990,-139362000,46.9(0.00 %),0,0,2990,139362000,6969993,17.2
01/10/2020,-4800,-225115000,47.55(1.39 %),0,0,4800,225115000,6981083,17.15
02/10/2020,250,12210000,47.25(-0.63 %),1400,66150000,1150,53940000,6983483,17.14
05/10/2020,-90,-4270000,47(-0.53 %),100,4710000,190,8980000,6986373,17.13
06/10/2020,-7590,-357120000,47.15(0.32 %),10,470000,7600,357590000,6991163,17.11
07/10/2020,-13720,-646790000,47.15(0.00 %),0,0,13720,646790000,6992313,17.1
08/10/2020,-2740,-129190000,47.1(-0.11 %),500,23580000,3240,152770000,6992003,17.1
09/10/2020,-26650,-1255810000,47.25(0.32 %),0,0,26650,1255810000,6999603,17.07
12/10/2020,-29800,-1408050000,47.5(0.53 %),0,0,29800,1408050000,7061423,16.79
13/10/2020,-4700,-223250000,47.5(0.00 %),170,8075000,4870,231325000,7066123,16.76
14/10/2020,-3020,-143450000,47.5(0.00 %),500,23750000,3520,167200000,7069143,16.75
15/10/2020,-5830,-276930000,47.5(0.00 %),0,0,5830,276930000,7072343,16.74
16/10/2020,-1940,-92150000,47.5(0.00 %),0,0,1940,92150000,7076913,16.71
19/10/2020,10,470000,47(-1.05 %),20,950000,10,480000,7080713,16.7
20/10/2020,1490,69997500,46.95(-0.11 %),3370,158620000,1880,88622500,7075413,16.72
21/10/2020,0,0,46.7(-0.53 %),0,0,0,0,7085113,16.68
22/10/2020,-3640,-169810000,46.65(-0.11 %),0,0,3640,169810000,7085123,16.68
23/10/2020,-8380,-392152000,47.4(1.61 %),1700,79390000,10080,471542000,7087433,16.67
26/10/2020,280,13060000,47.3(-0.21 %),600,28200000,320,15140000,7084703,16.68
27/10/2020,-13130,0,47.55(0.53 %),0,0,13130,0,7100283,16.61
28/10/2020,570,24275500,46.1(-3.05 %),2010,92675500,1440,68400000,7099713,16.61
29/10/2020,-6030,-286310500,46.85(1.63 %),0,0,6030,286310500,7105743,16.58
30/10/2020,-7990,-380330000,46.9(0.11 %),2010,94670000,10000,475000000,7113733,16.55
02/11/2020,-3500,-165902500,47(0.21 %),0,0,3500,165902500,7109293,16.57
03/11/2020,-18600,-883003500,47.55(1.17 %),20,948000,18620,883951500,7127893,16.48
04/11/2020,-13890,-660560000,47.7(0.32 %),0,0,13890,660560000,7125303,16.49
05/11/2020,-100,-4770000,45(-5.66 %),0,0,100,4770000,7141883,16.42
06/11/2020,-21150,-1004940000,47.1(4.67 %),0,0,21150,1004940000,7147423,16.39
09/11/2020,-41100,-1957897500,47.75(1.38 %),0,0,41100,1957897500,7204133,16.13
10/11/2020,-38700,-1859360000,48.6(1.78 %),0,0,38700,1859360000,7161413,16.33
11/11/2020,-33610,-1666710000,49.4(1.65 %),0,0,33610,1666710000,7182563,16.23
12/11/2020,-6600,-327700000,49.5(0.20 %),4000,198200000,10600,525900000,7283043,15.77
13/11/2020,450,21940000,49.55(0.10 %),2450,121040000,2000,99100000,7255913,15.9
16/11/2020,-1450,-71610000,49.15(-0.81 %),890,43650000,2340,115260000,7288633,15.75
17/11/2020,-3820,-187630000,49.15(0.00 %),500,24550000,4320,212180000,7298733,15.7
18/11/2020,-410,-20031000,49(-0.31 %),0,0,410,20031000,7288273,15.75
19/11/2020,-38000,-1862000000,49(0.00 %),0,0,38000,1862000000,7303082,15.68
20/11/2020,-39750,-1948230000,49.1(0.20 %),5000,245000000,44750,2193230000,7302402,15.69
23/11/2020,-71370,-3525810000,49.35(0.51 %),16250,803800000,87620,4329610000,7286562,15.76
24/11/2020,-2060,-102950000,48.95(-0.81 %),4410,216070000,6470,319020000,7320152,15.61
25/11/2020,-10860,-532080000,49(0.10 %),1140,55870000,12000,587950000,7363762,15.41
26/11/2020,-14700,-720450000,49(0.00 %),100,4900000,14800,725350000,7451282,15.01
27/11/2020,5530,238190000,43(-2.27 %),5530,238190000,0,0,7452226,15.0
30/11/2020,2640,113860000,43(0.00 %),2640,113860000,0,0,7461586,14.96
01/12/2020,14380,606074000,42.8(-0.47 %),15380,648197500,1000,42123500,7476386,14.89
02/12/2020,8390,360368500,42.5(-0.70 %),8390,360368500,0,0,7467996,14.93
03/12/2020,-400,-16990000,42.4(-0.24 %),200,8450000,600,25440000,7468396,14.93
04/12/2020,-388,-163740000,42.2(-0.47 %),0,0,388,163740000,7453416,15.0
07/12/2020,-9605,-3794100000,39.6(-6.16 %),595,249910000,10200,4044010000,7447466,15.02
08/12/2020,-122860,-4886180000,39.6(0.00 %),10000,404650000,132860,5290830000,7438066,15.07
09/12/2020,-183570,-7205100000,39.25(-0.88 %),20050,791300000,203620,7996400000,7421896,15.14
10/12/2020,-216140,-7962693500,36.55(-6.88 %),18220,693346000,234360,8656039500,8090896,12.09
11/12/2020,-4820,-183843500,39.1(6.98 %),5600,211937500,10420,395781000,8095716,12.07
14/12/2020,0,0,40(2.30 %),0,0,0,0,8095716,12.07
15/12/2020,3700,146030000,39.3(-1.75 %),3700,146030000,0,0,8067216,12.2
16/12/2020,240,94630000,39.35(0.13 %),350,137920000,110,43290000,8074136,12.17
17/12/2020,2550,100194500,38.85(-1.27 %),3800,149360500,1250,49166000,8087066,12.11
18/12/2020,3440,134140000,38.8(-0.13 %),3900,152080000,460,17940000,8066436,12.2
21/12/2020,3130,121967000,38.6(-0.52 %),9130,353349500,6000,231382500,8080496,12.14
22/12/2020,-1360,-52250000,38.4(-0.52 %),610,23400000,1970,75650000,8059046,12.23
23/12/2020,140,5370000,38.3(-0.26 %),980,37670000,840,32300000,8058526,12.24
24/12/2020,-8020,-309910000,38.3(0.00 %),3440,131525000,11460,441435000,8089736,12.09
25/12/2020,-555,-212780000,38.35(0.13 %),345,132370000,900,345150000,8059606,12.23
28/12/2020,-534,-204900000,38.35(0.00 %),303,116220000,837,321120000,8057416,12.24
29/12/2020,-990,-380660000,38.5(0.39 %),449,172570000,1439,553230000,8064386,12.21
30/12/2020,-4288,-1669670000,39.1(1.56 %),810,314310000,5098,1983980000,8065286,12.21
31/12/2020,133,52110000,39.2(0.26 %),208,81620000,75,29510000,8071576,12.18
04/01/2021,-3940,-1553220000,39.5(0.77 %),880,347090000,4820,1900310000,8077166,12.15
05/01/2021,-6000,-237260000,39.4(-0.25 %),1700,66970000,7700,304230000,8083166,12.12
06/01/2021,-5800,-228725000,39.35(-0.13 %),3800,150085000,9600,378810000,8088966,12.1
07/01/2021,5300,206705000,39.1(-0.64 %),5300,206705000,0,0,8083666,12.12
08/01/2021,-6500,-255340000,39(-0.26 %),1100,42835000,7600,298175000,8090166,12.09
11/01/2021,110,42870000,39(0.00 %),110,42870000,0,0,8181396,11.68
12/01/2021,-280,-108610000,38.9(-0.26 %),100,38800000,380,147410000,8180396,11.68
13/01/2021,-140,-54570000,38.8(-0.26 %),160,62130000,300,116700000,8186396,11.65
14/01/2021,300,116340000,38.75(-0.13 %),330,127970000,30,11630000,8183096,11.67
15/01/2021,170,65460000,38.2(-1.42 %),180,69300000,10,3840000,8185096,11.66
18/01/2021,29500,1128190000,38.4(0.52 %),55600,2130040000,26100,1001850000,8059066,12.23
19/01/2021,1990,761490000,38(-1.04 %),2530,967840000,540,206350000,8107496,12.01
20/01/2021,5200,189175000,37.7(-0.79 %),19900,745080000,14700,555905000,8033966,12.35
21/01/2021,-6800,-259070000,38.25(1.46 %),19500,742055000,26300,1001125000,8040766,12.32
22/01/2021,130,49230000,38.25(0.00 %),730,278880000,600,229650000,8092396,12.08
25/01/2021,21500,820415000,38.3(0.13 %),31300,1195835000,9800,375420000,8017966,12.42
26/01/2021,1220,460200000,37.8(-1.31 %),1720,649990000,500,189790000,8084896,12.12
27/01/2021,14900,560865000,37.6(-0.53 %),18500,696215000,3600,135350000,7990866,12.55
28/01/2021,11010,4017360000,35.8(-4.79 %),11390,4157020000,380,139660000,7968346,12.65
29/01/2021,2400,86640000,38.15(6.56 %),4100,147230000,1700,60590000,7878366,13.06
01/02/2021,-2300,-85290000,36.9(-3.28 %),1600,59100000,3900,144390000,7972846,12.63
02/02/2021,-500,-18440000,37.1(0.54 %),0,0,500,18440000,7973346,12.63
03/02/2021,-5200,-192960000,37.15(0.13 %),200,7420000,5400,200380000,7978546,12.6
04/02/2021,410,151960000,37.1(-0.13 %),410,151960000,0,0,7976366,12.61
05/02/2021,9400,346975000,37.05(-0.13 %),11300,417440000,1900,70465000,7965046,12.66
08/02/2021,-800,-295020000,36.35(-1.89 %),320,117240000,1120,412260000,7967766,12.65
09/02/2021,-70,-25650000,0(0.00 %),0,0,70,25650000,7967766,12.65
17/02/2021,-15400,-569960000,37.1(0.27 %),4200,155435000,19600,725395000,7989146,12.55
18/02/2021,840,311690000,37.1(0.00 %),1140,422990000,300,111300000,7965273,12.66
19/02/2021,-2400,-89080000,37(-0.27 %),600,22220000,3000,111300000,7983146,12.58
22/02/2021,-7700,-284285000,36.9(-0.27 %),100,3700000,7800,287985000,7990846,12.55
23/02/2021,2000,73950000,36.9(0.00 %),6300,231825000,4300,157875000,7988846,12.55
24/02/2021,-3600,-132510000,36.6(-0.81 %),300,10995000,3900,143505000,7992446,12.54
25/02/2021,-900,-32860000,36.5(-0.27 %),700,25535000,1600,58395000,7993346,12.53
26/02/2021,-1500,-543540000,36.15(-0.96 %),340,123620000,1840,667160000,7992277,12.54
01/03/2021,-17100,-625180000,36.6(1.24 %),1600,58330000,18700,683510000,7996177,12.52
02/03/2021,3700,133705000,36.3(-0.82 %),6700,243505000,3000,109800000,7992477,12.54
03/03/2021,730,262420000,35.5(-2.20 %),900,323800000,170,61380000,7998877,12.51
04/03/2021,3500,123000000,34.45(-2.96 %),7000,246345000,3500,123345000,7981677,12.59
05/03/2021,-1190,-394910000,33.4(-3.05 %),170,56310000,1360,451220000,8011877,12.45
08/03/2021,-500,-164460000,32.9(-1.50 %),20,6600000,520,171060000,8013377,12.44
09/03/2021,10,3250000,32.45(-1.37 %),10,3250000,0,0,8016777,12.43
10/03/2021,-25600,-835120000,32.9(1.39 %),1700,55330000,27300,890450000,8024077,12.39
11/03/2021,-5850,-1948750000,34(3.34 %),890,300620000,6740,2249370000,8025060,12.39
12/03/2021,-60000,-2078060000,35.3(3.82 %),5700,199950000,65700,2278010000,8142577,11.85
15/03/2021,800,282770000,35.1(-0.57 %),800,282770000,0,0,8038660,12.33
16/03/2021,2800,93995000,34.8(-0.85 %),9100,315545000,6300,221550000,8131777,11.9
17/03/2021,300,10055000,34.8(0.87 %),1000,34300000,700,24245000,8131477,11.9
18/03/2021,1100,37635000,34.6(-0.57 %),2500,86250000,1400,48615000,8130377,11.91
19/03/2021,-1090,-370890000,34.2(-1.16 %),20,6800000,1110,377690000,8165260,11.75
22/03/2021,200,67520000,33.9(-0.88 %),230,77630000,30,10110000,8163660,11.76
23/03/2021,-240,-79830000,33.5(-1.18 %),440,149050000,680,228880000,8160660,11.77
24/03/2021,-60,-19820000,33.1(-1.19 %),180,59450000,240,79270000,8169960,11.73
25/03/2021,-340,-112940000,33(-0.30 %),150,49430000,490,162370000,8168760,11.73
26/03/2021,300,9990000,32.75(-0.76 %),600,19620000,300,9630000,8145377,11.84
29/03/2021,-21800,-717430000,32.9(0.46 %),600,19730000,22400,737160000,8167177,11.74
30/03/2021,-7500,-246540000,32.95(0.15 %),5300,174270000,12800,420810000,8174677,11.71
31/03/2021,-2900,-95375000,32.85(-0.30 %),1100,36125000,4000,131500000,8177577,11.69
01/04/2021,-240,-78860000,32.6(-0.76 %),60,19690000,300,98550000,8197390,11.6
02/04/2021,-580,-190420000,32.7(0.31 %),20,6530000,600,196950000,8209990,11.55
05/04/2021,-930,-306170000,32.85(0.46 %),180,59100000,1110,365270000,8212190,11.54
06/04/2021,-32800,-1074950000,34.75(5.78 %),14700,503050000,47500,1578000000,8245890,11.38
07/04/2021,-1760,-616940000,35.15(1.15 %),320,112050000,2080,728990000,8203290,11.58
08/04/2021,-200,-7170000,34.4(-2.13 %),1000,34395000,1200,41565000,8263690,11.3
09/04/2021,8200,281360000,34.3(-0.29 %),10000,343250000,1800,61890000,8255490,11.34
12/04/2021,-2160,-743590000,34.55(0.73 %),230,79220000,2390,822810000,8269390,11.27
13/04/2021,-8500,-293805000,34.5(-0.14 %),7800,269715000,16300,563520000,8285590,11.2
14/04/2021,-7600,-262465000,34.5(0.00 %),600,20685000,8200,283150000,8293190,11.17
15/04/2021,-6100,-211035000,34.4(-0.29 %),4900,169360000,11000,380395000,8299290,11.14
16/04/2021,-7100,-245050000,33.55(-2.47 %),1700,57910000,8800,302960000,8306390,11.11
19/04/2021,-3300,-104745000,32.55(-2.98 %),9400,310150000,12700,414895000,8309690,11.09
20/04/2021,2600,80470000,31.6(-2.92 %),7400,235375000,4800,154905000,8307090,11.1
22/04/2021,2270,706600000,31(-1.90 %),2370,737390000,100,30790000,8285090,11.2
23/04/2021,-12500,-372690000,29.5(-4.84 %),1700,50360000,14200,423050000,8296890,11.15
26/04/2021,-50,-14750000,29.3(-0.68 %),0,0,50,14750000,8300890,11.13
27/04/2021,-380,-106740000,28.4(-3.07 %),190,55160000,570,161900000,8299990,11.14
28/04/2021,-2400,-67785000,28.2(-0.70 %),1400,39280000,3800,107065000,8303590,11.12
29/04/2021,5600,159420000,28.2(0.00 %),10500,297425000,4900,138005000,8297990,11.14
04/05/2021,6700,184200000,26.85(-4.79 %),6700,184200000,0,0,8308490,11.1
05/05/2021,-14900,-405170000,27.2(1.30 %),2800,76340000,17700,481510000,8323390,11.03
06/05/2021,-300,-82790000,27(-0.74 %),1450,396440000,1750,479230000,8293190,11.17
07/05/2021,230,61800000,27.3(1.11 %),800,217980000,570,156180000,8285190,11.2
10/05/2021,-500,-13840000,27.2(-0.37 %),1400,37940000,1900,51780000,8324590,11.02
11/05/2021,2400,65405000,27.2(0.00 %),4200,114440000,1800,49035000,8322190,11.03
12/05/2021,-2100,-57350000,27.3(0.37 %),1000,27315000,3100,84665000,8324290,11.02
13/05/2021,-310,-84750000,27.2(-0.37 %),120,32660000,430,117410000,8320190,11.04
14/05/2021,800,21545000,27.2(0.00 %),2500,67785000,1700,46240000,8326590,11.01
17/05/2021,2100,57100000,27.15(-0.18 %),4500,122400000,2400,65300000,8324490,11.02
18/05/2021,-80,-21450000,26.95(-0.74 %),100,27100000,180,48550000,8321390,11.04
19/05/2021,-5100,-136630000,26.6(-1.30 %),0,0,5100,136630000,8330390,11.0
20/05/2021,-9400,-233390000,26(-2.26 %),2800,72040000,12200,305430000,8339790,10.95
21/05/2021,1800,44350000,25.1(-3.46 %),2600,65060000,800,20710000,8337990,10.96
24/05/2021,-6800,-168730000,24.7(-1.59 %),4100,101275000,10900,270005000,8344790,10.93
25/05/2021,-800,-19580000,24.3(-1.62 %),0,0,800,19580000,8345590,10.93
26/05/2021,280,66470000,24.15(-0.62 %),970,233570000,690,167100000,8326190,11.02
27/05/2021,130,31290000,24.1(-0.21 %),130,31290000,0,0,8335790,10.97
28/05/2021,-25000,-605540000,24.35(1.04 %),1000,24360000,26000,629900000,8366490,10.83
31/05/2021,40,9650000,24(-1.44 %),50,12090000,10,2440000,8341990,10.94
01/06/2021,5600,134400000,24(0.00 %),5600,134400000,0,0,8341990,10.94
02/06/2021,500,11995000,24.1(0.42 %),500,11995000,0,0,8341490,10.95
03/06/2021,-10200,-253895000,25(3.73 %),6200,153280000,16400,407175000,8351690,10.9
04/06/2021,-1690,-434400000,25.8(3.20 %),430,110960000,2120,545360000,8351490,10.9
07/06/2021,-2290,-595750000,25.9(0.39 %),310,80410000,2600,676160000,8348390,10.91
08/06/2021,-4600,-119495000,25.85(-0.19 %),1100,28370000,5700,147865000,8396090,10.7
09/06/2021,60,15190000,25.55(-1.16 %),390,99450000,330,84260000,8380990,10.77
10/06/2021,-1000,-25175000,25.3(-0.98 %),0,0,1000,25175000,8396490,10.69
11/06/2021,-2700,-68830000,25(-1.19 %),2200,55450000,4900,124280000,8399190,10.68
14/06/2021,-7000,-177325000,25.3(1.20 %),1300,32460000,8300,209785000,8406190,10.65
15/06/2021,-110,-27830000,25.2(-0.40 %),100,25200000,210,53030000,8412490,10.62
16/06/2021,-160,-39990000,25.25(0.20 %),20,5050000,180,45040000,8417190,10.6
17/06/2021,-3500,-88585000,25.25(0.00 %),600,15120000,4100,103705000,8412390,10.62
18/06/2021,-104400,-2752300000,27(6.93 %),200,5400000,104600,2757700000,8516790,10.15
21/06/2021,-14340,-3969530000,28.35(5.00 %),250,70000000,14590,4039530000,8426156,10.56
22/06/2021,-34000,-955525000,28(-1.23 %),900,25315000,34900,980840000,8694190,9.34
23/06/2021,170,46750000,27.5(-1.79 %),170,46750000,0,0,8532256,10.08
24/06/2021,-1000,-27545000,27(-1.82 %),100,2705000,1100,30250000,8693490,9.34
25/06/2021,20,5280000,26.6(-1.48 %),20,5280000,0,0,8712756,9.25
28/06/2021,80,21200000,26.1(-1.88 %),80,21200000,0,0,8711956,9.26
29/06/2021,-1250,-329380000,26.3(0.77 %),0,0,1250,329380000,8713059,9.25
30/06/2021,900,22310000,26(-1.14 %),4700,122450000,3800,100140000,8704090,9.29
01/07/2021,5700,148660000,26(0.00 %),17100,447810000,11400,299150000,8708449,9.27
02/07/2021,460,119170000,25.5(-1.92 %),460,119170000,0,0,8699249,9.31
05/07/2021,10,2450000,25.3(-0.78 %),20,5000000,10,2550000,8702849,9.3
06/07/2021,0,0,24.8(-1.98 %),0,0,0,0,8703749,9.29
07/07/2021,230,55630000,24.5(-1.21 %),1030,250650000,800,195020000,8703949,9.29
08/07/2021,660,161370000,24.45(-0.20 %),1360,333020000,700,171650000,8690449,9.35
09/07/2021,410,100020000,24.3(-0.61 %),570,138980000,160,38960000,8684749,9.38
12/07/2021,11600,276480000,22.8(-6.17 %),12600,299480000,1000,23000000,8679149,9.41
13/07/2021,250,57200000,23.4(2.63 %),250,57200000,0,0,8684649,9.38
14/07/2021,250,57500000,23(-1.71 %),250,57500000,0,0,8683749,9.38
15/07/2021,10400,244620000,23.4(1.74 %),10400,244620000,0,0,8663749,9.48
16/07/2021,350,82910000,24(2.56 %),370,87660000,20,4750000,8670649,9.44
19/07/2021,1860,436240000,23(-4.17 %),1860,436240000,0,0,8652049,9.53
20/07/2021,40,9330000,23.4(1.74 %),40,9330000,0,0,8651649,9.53
21/07/2021,270,63360000,23.55(0.64 %),270,63360000,0,0,8649149,9.54
22/07/2021,4200,99105000,23.65(0.42 %),4200,99105000,0,0,8634349,9.61
23/07/2021,1270,300990000,23.65(0.00 %),1270,300990000,0,0,8632249,9.62
26/07/2021,0,0,23.6(-0.21 %),0,0,0,0,8621649,9.67
27/07/2021,0,0,23.7(0.42 %),0,0,0,0,8621649,9.67
28/07/2021,40,9480000,23.5(-0.84 %),40,9480000,0,0,8631849,9.62
29/07/2021,-60,-14150000,23.5(0.00 %),0,0,60,14150000,8631849,9.62
30/07/2021,-400,-9440000,23.6(0.43 %),0,0,400,9440000,8622249,9.66
02/08/2021,0,0,23.6(0.00 %),0,0,0,0,8631849,9.62
03/08/2021,300,7095000,23.6(0.00 %),300,7095000,0,0,8631549,9.62
04/08/2021,1900,45120000,23.7(0.42 %),1900,45120000,0,0,8629649,9.63
05/08/2021,500,11950000,23.85(0.63 %),500,11950000,0,0,8629149,9.63
06/08/2021,-1000,-23800000,24.45(2.52 %),0,0,1000,23800000,8630149,9.63
09/08/2021,2000,49300000,24.8(1.43 %),2000,49300000,0,0,8628149,9.64
10/08/2021,17000,423300000,24.8(0.00 %),17000,423300000,0,0,8611149,9.72
11/08/2021,11000,269110000,24.7(-0.40 %),16900,415930000,5900,146820000,8600149,9.77
12/08/2021,-49900,-1240960000,24.95(1.01 %),0,0,49900,1240960000,8650049,9.54
13/08/2021,-2600,0,24.6(-1.40 %),0,0,2600,0,8652649,9.53
16/08/2021,-31700,-791810000,25.15(2.24 %),4100,101850000,35800,893660000,8684349,9.38
17/08/2021,-71600,-1820755000,25.75(2.39 %),8500,214235000,80100,2034990000,8795849,8.87
18/08/2021,-46000,-1166585000,25.5(-0.97 %),10800,274095000,56800,1440680000,8730349,9.17
19/08/2021,-13500,-342025000,25.35(-0.59 %),3000,75000000,16500,417025000,8743849,9.11
20/08/2021,-2700,-71995000,24.6(-2.96 %),8700,216315000,11400,288310000,8746549,9.1
23/08/2021,6000,147250000,24.1(-2.03 %),6000,147250000,0,0,8740549,9.13
24/08/2021,0,-15000,24(-0.41 %),5000,120250000,5000,120265000,8740549,9.13
25/08/2021,1500,35760000,24(0.00 %),1500,35760000,0,0,8739049,9.13
26/08/2021,-21500,-509585000,23.9(-0.42 %),5700,135570000,27200,645155000,8760549,9.03
27/08/2021,-2200,-52690000,23.85(-0.21 %),0,0,2200,52690000,8762749,9.02
30/08/2021,-35200,-852995000,24.5(2.73 %),0,0,35200,852995000,8797949,8.86
31/08/2021,3000,73250000,24.35(-0.61 %),6000,146750000,3000,73500000,8794949,8.88
01/09/2021,-17700,-435010000,24.65(1.23 %),700,17050000,18400,452060000,8828649,8.72
06/09/2021,-188700,-4856105000,26.35(6.90 %),4400,113130000,193100,4969235000,9017349,7.86
07/09/2021,-50000,-1323375000,26.6(0.95 %),0,0,50000,1323375000,9067349,7.63
08/09/2021,12300,331815000,27(1.50 %),13100,353415000,800,21600000,9055049,7.69
09/09/2021,4500,118975000,26.8(-0.74 %),4500,118975000,0,0,9050549,7.71
10/09/2021,13800,373925000,27.3(1.87 %),14000,379350000,200,5425000,9036749,7.77
13/09/2021,-100,-2760000,28.2(3.30 %),100,2800000,200,5560000,9036849,7.77
14/09/2021,1200,33840000,27.7(-1.77 %),1200,33840000,0,0,9035649,7.78
15/09/2021,-800,-22090000,28(1.08 %),200,5500000,1000,27590000,9036449,7.78
16/09/2021,1000,27535000,27.35(-2.32 %),1100,30365000,100,2830000,9035449,7.78
17/09/2021,0,0,28(2.38 %),0,0,0,0,9035449,7.78
20/09/2021,-4100,-116095000,28.6(2.14 %),2000,57400000,6100,173495000,9039549,7.76
21/09/2021,0,0,29.1(1.75 %),0,0,0,0,9039549,7.76
22/09/2021,2600,76730000,29.75(2.23 %),2600,76730000,0,0,9036949,7.77
23/09/2021,8700,258575000,29(-2.52 %),8700,258575000,0,0,9028249,7.81
24/09/2021,5100,144995000,28.25(-2.59 %),5100,144995000,0,0,9023149,7.84
27/09/2021,-9500,-258390000,27.3(-3.36 %),500,13670000,10000,272060000,9032649,7.79
28/09/2021,500,13350000,28.1(2.93 %),600,16140000,100,2790000,9032149,7.79
29/09/2021,-2900,-83140000,28.85(2.67 %),800,22290000,3700,105430000,9035049,7.78
30/09/2021,900,25820000,28.6(-0.87 %),900,25820000,0,0,9034149,7.79
01/10/2021,0,0,28.4(-0.70 %),21727,577938200,21727,577938200,9087099,7.54
04/10/2021,2300,63970000,27.7(-2.46 %),2300,63970000,0,0,9084799,7.55
05/10/2021,0,190000,27.95(0.90 %),1000,28000000,1000,27810000,9084799,7.55
06/10/2021,2600,72660000,28.5(1.97 %),2600,72660000,0,0,9082199,0.0
07/10/2021,1000,29000000,28.9(1.40 %),1000,29000000,0,0,9081199,0.0
08/10/2021,2900,83420000,28.7(-0.69 %),3000,86350000,100,2930000,9078299,0.0
11/10/2021,0,0,28.6(-0.35 %),0,0,0,0,9078299,0.0
12/10/2021,5000,143400000,28.2(-1.40 %),5000,143400000,0,0,9073299,0.0
13/10/2021,1000,28150000,28.15(-0.18 %),1000,28150000,0,0,9072299,0.0
14/10/2021,-2200,-62045000,28.15(0.00 %),100,2815000,2300,64860000,9074499,0.0
15/10/2021,-400,-11220000,28.7(1.95 %),0,0,400,11220000,9074899,0.0
18/10/2021,-400,-11500000,28.6(-0.35 %),0,0,400,11500000,9075299,0.0
19/10/2021,1500,42800000,28.6(0.00 %),2500,71500000,1000,28700000,9073799,0.0
20/10/2021,-700,-19740000,28.3(-1.05 %),0,0,700,19740000,9074499,0.0
21/10/2021,0,0,28.35(0.18 %),0,0,0,0,9073799,0.0
22/10/2021,1000,28400000,28.4(0.18 %),1000,28400000,0,0,9072799,0.0
25/10/2021,-26800,-838830000,30.35(6.87 %),29300,859080000,56100,1697910000,9099599,0.0
26/10/2021,10200,320490000,31.8(4.78 %),10200,320490000,0,0,9089399,0.0
27/10/2021,5900,188865000,31.35(-1.42 %),6000,192000000,100,3135000,9083499,0.0
28/10/2021,2400,73770000,31.35(0.00 %),3000,92550000,600,18780000,9081099,7.57
29/10/2021,13000,397340000,30.5(-2.71 %),13800,421820000,800,24480000,9068099,7.63
01/11/2021,5600,171460000,30.3(-0.66 %),6800,208370000,1200,36910000,9071099,7.62
02/11/2021,1200,39660000,31.65(4.46 %),6800,210685000,5600,171025000,9069899,7.62
03/11/2021,0,0,30.5(-3.63 %),0,0,0,0,9069899,7.62
04/11/2021,0,0,30.85(1.15 %),0,0,0,0,9069899,7.62
05/11/2021,4500,137750000,30.7(-0.49 %),4500,137750000,0,0,9065399,0.0
08/11/2021,-3300,-100740000,30.65(-0.16 %),0,0,3300,100740000,9073199,7.61
09/11/2021,4200,128765000,30.7(0.16 %),4200,128765000,0,0,9068999,7.63
10/11/2021,8000,249352000,31.3(1.95 %),9300,289871700,1300,40519700,9060999,0.0
11/11/2021,14500,458335000,31.1(-0.64 %),15000,474130000,500,15795000,9054499,7.69
12/11/2021,100,3095000,31.1(0.00 %),100,3095000,0,0,9054399,7.69
15/11/2021,1700,52360000,30.9(-0.64 %),2400,74430000,700,22070000,9052699,7.7
16/11/2021,-1500,-45910000,30.65(-0.81 %),0,0,1500,45910000,9054199,7.69
17/11/2021,1600,49345000,31(1.14 %),1600,49345000,0,0,9052599,7.7
18/11/2021,1600,49070000,30.9(-0.32 %),1700,52155000,100,3085000,9050999,7.71
19/11/2021,-1600,-50045000,29.05(-5.99 %),1300,38395000,2900,88440000,9052599,7.7
22/11/2021,1500,42180000,27.2(-6.37 %),4900,137445000,3400,95265000,9051099,7.71
23/11/2021,1100,30190000,27.75(2.02 %),3700,102785000,2600,72595000,9049999,7.71
24/11/2021,3200,90380000,28.1(1.26 %),4100,115735000,900,25355000,9046799,7.73
25/11/2021,2400,67190000,28(-0.36 %),2900,81200000,500,14010000,9044399,7.74
26/11/2021,-2800,-77940000,27.8(-0.71 %),0,0,2800,77940000,9047199,0.0
29/11/2021,0,0,27.55(-0.90 %),0,0,0,0,9047199,7.73
30/11/2021,1100,31040000,28.25(2.54 %),1700,47970000,600,16930000,9046099,7.73
01/12/2021,-1700,-48035000,28.4(0.53 %),100,2830000,1800,50865000,9021359,7.84
02/12/2021,300,8480000,28.3(-0.35 %),300,8480000,0,0,9021059,7.85
03/12/2021,24000,674880000,27.75(-1.94 %),25400,714310000,1400,39430000,8997059,7.96
06/12/2021,-900,-23345000,26.75(-3.60 %),2000,55400000,2900,78745000,8997959,7.95
07/12/2021,5400,144550000,27.3(2.06 %),7800,209300000,2400,64750000,8992559,7.98
08/12/2021,7900,215505000,27.15(-0.55 %),8200,223715000,300,8210000,8984659,8.01
09/12/2021,3500,95295000,27.6(1.66 %),3500,95295000,0,0,8981159,0.0
10/12/2021,1500,41475000,27.6(0.00 %),1500,41475000,0,0,8979659,8.03
13/12/2021,-700,-19480000,27.95(1.27 %),1800,50220000,2500,69700000,8980359,8.03
14/12/2021,40900,1183595000,29.05(3.94 %),44300,1282100000,3400,98505000,8939459,8.22
15/12/2021,4900,141665000,28.8(-0.86 %),5700,164835000,800,23170000,8934559,8.24
16/12/2021,3800,108490000,28.6(-0.69 %),6400,182880000,2600,74390000,8930759,8.26
17/12/2021,6800,193350000,28.45(-0.52 %),7200,204730000,400,11380000,8923959,8.29
20/12/2021,8000,225145000,28.15(-1.05 %),9100,256075000,1100,30930000,8915959,8.33
21/12/2021,7300,204595000,28.05(-0.36 %),8300,232845000,1000,28250000,8908659,0.0
22/12/2021,12800,365785000,28.4(1.07 %),13000,371485000,200,5700000,8895859,8.42
23/12/2021,15800,445528400,28.2(-0.70 %),16000,451168000,200,5639600,8880059,0.0
24/12/2021,0,0,28.05(-0.53 %),0,0,0,0,8895859,8.42
27/12/2021,-200,-5620000,28.05(-0.18 %),800,22390000,1000,28010000,8881659,8.48
28/12/2021,-700,-19615000,28.8(2.49 %),2300,65285000,3000,84900000,8882359,8.48
29/12/2021,1700,48260000,28.35(-1.56 %),1700,48260000,0,0,8878659,8.5
30/12/2021,100,2795000,28.3(-0.35 %),100,2795000,0,0,8881559,8.48
31/12/2021,200,5585000,28(-1.06 %),400,11335000,200,5750000,8881159,8.48
04/01/2022,-13900,-392165000,28.75(2.68 %),1300,37060000,15200,429225000,8879859,8.49
05/01/2022,3000,86065000,28.75(-0.17 %),3100,88940000,100,2875000,8876959,8.5
06/01/2022,1100,32060000,29.5(2.43 %),1700,49980000,600,17920000,8890459,8.44
07/01/2022,-800,-23540000,30.05(1.86 %),0,0,800,23540000,8890559,8.44
10/01/2022,-1000,0,30(-0.33 %),1100,0,2100,0,8890059,8.44
11/01/2022,3500,102830000,29.2(-2.67 %),4000,117565000,500,14735000,8886859,8.46
12/01/2022,-600,-18515000,30(2.74 %),1200,35330000,1800,53845000,8887759,8.45
13/01/2022,4100,119685000,29(-3.33 %),5100,149655000,1000,29970000,8883159,8.47
14/01/2022,2800,80795000,29(0.00 %),2900,83660000,100,2865000,8882059,8.48
17/01/2022,9100,260790000,28.05(-3.28 %),10100,289280000,1000,28490000,8872959,8.52
18/01/2022,3600,101075000,27.65(-1.43 %),5800,163265000,2200,62190000,8867259,8.55
19/01/2022,-6200,-170560000,27.85(0.54 %),2200,61420000,8400,231980000,8866059,8.55
20/01/2022,200,5700000,28.35(2.35 %),500,14150000,300,8450000,8867759,8.54
21/01/2022,1600,45105000,27.9(-0.36 %),3000,84450000,1400,39345000,8873159,8.52
24/01/2022,-5500,-153155000,27.5(-1.43 %),0,0,5500,153155000,8873459,8.52
25/01/2022,-700,-19075000,27.2(-1.09 %),700,18935000,1400,38010000,8874159,8.52
26/01/2022,-1400,-37745400,26.95(-0.92 %),0,0,1400,37745400,8879659,8.49
27/01/2022,-9900,-256535000,25.8(-4.44 %),900,23710000,10800,280245000,8880159,8.49
28/01/2022,-4500,-117160000,26.95(4.46 %),1400,36140000,5900,153300000,8880159,8.49
07/02/2022,2000,54420000,27.1(0.37 %),3000,81470000,1000,27050000,8887959,8.45
08/02/2022,-5000,-133040000,27.35(0.92 %),10900,297260000,15900,430300000,8882959,8.48
09/02/2022,-7500,-201280000,27.7(1.09 %),8500,231410000,16000,432690000,8875459,8.51
10/02/2022,2200,59440000,27(-2.53 %),3100,83800000,900,24360000,8888259,8.45
11/02/2022,1700,46580000,27.45(1.67 %),2600,70940000,900,24360000,8901659,8.39
14/02/2022,100,3070000,27(-1.82 %),1700,46250000,1600,43180000,8900859,8.39
15/02/2022,-900,-24325000,27.4(1.48 %),100,2735000,1000,27060000,8901659,8.39
16/02/2022,-900,-24525000,27.7(1.09 %),0,0,900,24525000,8903259,8.38
17/02/2022,100,2885000,27.5(-0.72 %),1100,30050000,1000,27165000,8903159,8.38
18/02/2022,-1700,-46095000,27.3(-0.73 %),200,5440000,1900,51535000,8903859,8.38
21/02/2022,-900,-24675000,27.35(0.18 %),100,2760000,1000,27435000,8904759,8.38
22/02/2022,-6100,-164910000,27.2(-0.73 %),300,8250000,6400,173160000,8906359,8.37
23/02/2022,-1000,-27075000,27.4(0.74 %),200,5455000,1200,32530000,8907159,8.37
24/02/2022,-17900,-474715000,27(-1.46 %),5500,151060000,23400,625775000,8908059,8.36
25/02/2022,-3000,-80850000,27(0.00 %),100,2700000,3100,83550000,8909159,8.36
28/02/2022,-1100,-29425000,26.9(-0.37 %),0,0,1100,29425000,8932559,8.25
01/03/2022,-300,-8010000,26.95(0.19 %),500,13450000,800,21460000,8935159,8.24
02/03/2022,-1400,-37480000,26.85(-0.56 %),200,5360000,1600,42840000,8936059,8.23
03/03/2022,-400,-10410000,26.85(-0.19 %),1000,26905000,1400,37315000,8935859,8.23
04/03/2022,0,470000,27.2(1.12 %),2300,62230000,2300,61760000,8935159,8.24
07/03/2022,3100,83880000,27.2(0.00 %),3100,83880000,0,0,8933459,8.25
08/03/2022,1700,45910000,27.1(-0.37 %),1700,45910000,0,0,8934059,8.24
09/03/2022,-500,-13100000,27.1(0.00 %),1500,40500000,2000,53600000,8932559,8.25
10/03/2022,1800,48590000,27.05(-0.18 %),1800,48590000,0,0,8930759,8.26
11/03/2022,5000,135500000,27.1(0.00 %),5000,135500000,0,0,8927759,8.27
14/03/2022,-1500,-39965000,27.4(1.11 %),100,2750000,1600,42715000,8927659,8.27
15/03/2022,500,13700000,27.6(0.73 %),500,13700000,0,0,8927159,8.27
16/03/2022,6800,188855000,27.3(-1.09 %),9400,260235000,2600,71380000,8919359,8.31
17/03/2022,100,2730000,27.3(0.00 %),100,2730000,0,0,8919259,8.31
18/03/2022,-5500,-148005000,26.8(-1.83 %),200,5430000,5700,153435000,8921659,8.3
21/03/2022,4200,115045000,27.45(2.43 %),6100,166765000,1900,51720000,8915559,8.33
22/03/2022,3000,82200000,27.4(-0.36 %),3000,82200000,0,0,8918259,8.31
23/03/2022,3300,90300000,27.2(-0.73 %),3300,90300000,0,0,8916859,8.32
24/03/2022,-1600,-43010000,26.8(-1.47 %),300,8100000,1900,51110000,8916559,8.32
25/03/2022,0,0,26.9(0.37 %),0,0,0,0,8916559,8.32
28/03/2022,-500,-13450000,26.8(-0.37 %),0,0,500,13450000,8918459,8.31
29/03/2022,-3500,-94410000,26.7(-0.37 %),0,0,3500,94410000,8918459,8.31
30/03/2022,-20100,-536865000,26.5(-0.75 %),300,8010000,20400,544875000,8918659,8.31
31/03/2022,3100,82470000,26.5(0.00 %),3100,82470000,0,0,8919059,8.31
01/04/2022,-2100,-55765000,26.7(0.75 %),700,18515000,2800,74280000,8938759,8.22
04/04/2022,-600,-16050000,26.75(0.19 %),0,0,600,16050000,8938759,8.22
05/04/2022,-2800,-75575000,27(0.75 %),300,8100000,3100,83675000,8941259,8.21
06/04/2022,0,0,26.7(-1.11 %),0,0,0,0,8941859,8.21
07/04/2022,3500,93740000,26.8(0.37 %),3600,96420000,100,2680000,8938359,8.22
08/04/2022,0,0,26.4(-1.49 %),0,0,0,0,8941349,8.21
12/04/2022,-500,-13050000,26.05(-1.33 %),0,0,500,13050000,8941849,8.21
13/04/2022,0,0,26.2(0.38 %),0,0,0,0,8941449,8.21
14/04/2022,300,7885000,25.75(-1.72 %),400,10510000,100,2625000,8941549,8.21
15/04/2022,-1000,0,26(0.78 %),0,0,1000,0,8941569,8.21
18/04/2022,-1000,-25930000,25.25(-2.88 %),0,0,1000,25930000,8941669,8.21
19/04/2022,1000,25600000,24.5(-3.16 %),1000,25600000,0,0,8941669,8.21
20/04/2022,2600,61420000,23.65(-3.47 %),4000,94600000,1400,33180000,8938949,8.22
21/04/2022,-40500,-916760000,22.8(-3.80 %),2100,47880000,42600,964640000,8936569,8.23
22/04/2022,100,2335000,22.85(0.22 %),100,2335000,0,0,8937869,8.23
25/04/2022,300,6600000,21.5(-6.11 %),300,6600000,0,0,8980169,8.03
26/04/2022,-5100,-109680000,21.5(0.00 %),100,2120000,5200,111800000,8980069,8.03
27/04/2022,700,16280000,22.3(3.72 %),3200,70030000,2500,53750000,8976869,8.05
28/04/2022,300,6930000,23(3.14 %),300,6930000,0,0,8981769,8.02
29/04/2022,600,14110000,23.5(2.17 %),600,14110000,0,0,8983669,8.02
04/05/2022,-1000,-22900000,22.5(-4.26 %),100,2350000,1100,25250000,8983569,8.02
05/05/2022,0,0,22.5(0.00 %),0,0,0,0,8983569,8.02
06/05/2022,400,8760000,21.9(-2.67 %),400,8760000,0,0,8984269,8.01
09/05/2022,0,0,20.55(-6.16 %),0,0,0,0,8984269,8.01
10/05/2022,-15000,-297000000,19.8(-3.88 %),500,9900000,15500,306900000,8983769,8.02
11/05/2022,-2800,-54835000,20.8(5.05 %),600,12485000,3400,67320000,8986569,8.0
12/05/2022,0,0,20.5(-1.44 %),0,0,0,0,8986569,8.0
13/05/2022,400,7860000,19.1(-6.83 %),400,7860000,0,0,9001669,7.93
16/05/2022,-4800,-88320000,18.4(-3.66 %),100,1840000,4900,90160000,9001569,7.93
17/05/2022,-500,-9500000,19(3.26 %),169500,3220500000,170000,3230000000,8832069,8.71
18/05/2022,600,11220000,18.7(-1.58 %),600,11220000,0,0,8836369,8.69
19/05/2022,-4800,-86400000,18(-3.74 %),1200,21600000,6000,108000000,9005169,7.92
20/05/2022,0,-86400000,18.45(2.50 %),0,21600000,0,108000000,9005169,7.92
23/05/2022,0,-86400000,18.45(-0.27 %),0,21600000,0,108000000,9011169,7.89
24/05/2022,-1000,-18300000,18.3(-1.08 %),0,0,1000,18300000,9011169,7.89
25/05/2022,-5200,-96200000,18.5(1.09 %),100,1850000,5300,98050000,9011069,7.89
26/05/2022,-6900,-127650000,18.5(0.00 %),0,0,6900,127650000,9012069,7.89
27/05/2022,-3500,-63350000,18.1(-2.16 %),0,0,3500,63350000,9017369,7.86
30/05/2022,-3000,-55500000,18.5(2.21 %),0,0,3000,55500000,9024269,7.83
31/05/2022,-7800,-141180000,18.1(-2.16 %),22200,401820000,30000,543000000,9005569,7.92
01/06/2022,100,1835000,18.35(1.38 %),100,1835000,0,0,9008469,7.9
02/06/2022,-2800,-51380000,18.35(-0.27 %),1300,23855000,4100,75235000,9037169,7.77
03/06/2022,100,1830000,18.3(-0.54 %),100,1830000,0,0,9037069,7.77
06/06/2022,-10100,-181740000,17.9(-2.19 %),200,3660000,10300,185400000,9040969,7.75
07/06/2022,100,1820000,18.2(1.68 %),100,1820000,0,0,9040869,7.76
08/06/2022,0,1820000,18.2(0.00 %),0,1820000,0,0,9051169,7.71
09/06/2022,3000,56100000,18.7(2.75 %),5900,110330000,2900,54230000,9045269,7.74
10/06/2022,100,1860000,18.6(-0.53 %),100,1860000,0,0,9045169,7.74
13/06/2022,100,1825000,18.25(-1.88 %),100,1825000,0,0,9047969,7.72
14/06/2022,-8800,-158840000,18.05(-1.37 %),1700,30685000,10500,189525000,9046269,7.73
15/06/2022,0,-158840000,17.45(-3.59 %),0,30685000,0,189525000,9046269,7.73
16/06/2022,1500,27075000,18.05(3.14 %),2500,45125000,1000,18050000,9054269,7.69
17/06/2022,-3000,-50550000,16.85(-6.91 %),10000,168500000,13000,219050000,9044269,7.74
20/06/2022,-4500,-75825000,16.5(-2.37 %),0,0,4500,75825000,9045269,7.74
21/06/2022,1800,29700000,16.5(0.00 %),2300,37950000,500,8250000,9055969,7.69
22/06/2022,0,29700000,16.45(-0.30 %),0,37950000,0,8250000,9060469,7.67
23/06/2022,0,29700000,16.5(0.00 %),0,37950000,0,8250000,9060969,7.66
24/06/2022,-1000,-16500000,16.5(0.00 %),0,0,1000,16500000,9060969,7.66
27/06/2022,0,5000,16.95(2.73 %),10000,167505000,10000,167500000,9050972,7.71
28/06/2022,0,0,17.1(0.59 %),0,169500000,0,169500000,9051972,7.7
29/06/2022,-800,-13600000,16.9(-1.17 %),0,0,800,13600000,9061972,7.66
30/06/2022,-100,-1670000,16.7(-1.18 %),0,0,100,1670000,9061972,7.66
01/07/2022,-2000,-33700000,16.85(0.90 %),5200,87620000,7200,121320000,9057572,7.68
04/07/2022,-12500,-210170000,17(0.59 %),10000,167000000,22500,377170000,9057572,7.68
05/07/2022,100,1710000,17.1(0.59 %),100,1710000,0,0,9054772,7.69
06/07/2022,-1500,-25425000,16.95(-0.88 %),100,1695000,1600,27120000,9077172,7.59
07/07/2022,-2000,-34100000,17.05(0.29 %),100,1705000,2100,35805000,9077072,7.59
08/07/2022,-2800,-3390000,17(-0.58 %),600,171195000,3400,174585000,9079872,0.0
11/07/2022,-200,-3390000,16.95(-0.29 %),10100,171195000,10300,174585000,9070672,7.62
12/07/2022,-4200,-70980000,16.9(-0.59 %),0,0,4200,70980000,9074172,7.6
13/07/2022,0,-70980000,17(0.59 %),0,0,0,70980000,9084472,7.56
14/07/2022,-1900,-32490000,17.1(0.59 %),0,0,1900,32490000,9088672,7.54
15/07/2022,-1700,-29325000,17.25(0.88 %),400,6900000,2100,36225000,9088272,7.54
18/07/2022,-4400,-74800000,17(-1.73 %),600,10200000,5000,85000000,9089572,7.53
19/07/2022,-1100,-18810000,17.1(0.59 %),0,0,1100,18810000,9091672,7.52
20/07/2022,-4400,-75240000,17.1(0.00 %),100,1710000,4500,76950000,9096572,7.5
21/07/2022,-7400,-126540000,17.1(0.00 %),0,0,7400,126540000,9097672,7.5
22/07/2022,0,-266420000,17.3(1.17 %),0,0,0,266420000,9102172,7.48
25/07/2022,100,1750000,17.5(1.16 %),100,1750000,0,0,9109472,7.44
26/07/2022,200,3440000,17.2(-1.71 %),300,5160000,100,1720000,9124572,7.37
27/07/2022,0,3440000,17.15(-0.29 %),0,5160000,0,1720000,9124572,7.37
28/07/2022,-5100,-89760000,17.6(2.33 %),300,5280000,5400,95040000,9124372,7.37
29/07/2022,-2000,-35200000,17.6(0.00 %),100,1760000,2100,36960000,9124272,7.37
01/08/2022,100,1780000,17.8(1.14 %),100,1780000,0,0,9129572,7.35
02/08/2022,200,3620000,18.1(1.69 %),200,3620000,0,0,9131472,7.34
03/08/2022,500,9000000,18(-0.55 %),500,9000000,0,0,9130972,7.34
04/08/2022,0,9000000,18(0.00 %),0,9000000,0,0,9130972,7.34
05/08/2022,6200,111600000,18(0.00 %),6200,111600000,0,0,9124772,7.37
08/08/2022,200,3620000,18.1(0.56 %),200,3620000,0,0,9124572,7.37
09/08/2022,100,1850000,18.5(2.21 %),100,1850000,0,0,9124472,7.37
10/08/2022,100,1840000,18.4(-0.54 %),100,1840000,0,0,9124372,7.37
11/08/2022,0,1840000,18.5(0.54 %),0,1840000,0,0,9124372,7.37
12/08/2022,100,1865000,18.65(0.81 %),100,1865000,0,0,9124272,7.37
15/08/2022,300,5580000,18.6(-0.53 %),300,5580000,0,0,9123972,7.38
16/08/2022,-2000,-37200000,18.6(0.00 %),0,0,2000,37200000,9123972,7.38
17/08/2022,0,-37200000,17.4(-6.45 %),0,0,0,37200000,9123972,7.38
18/08/2022,0,-37200000,17.6(1.15 %),0,0,0,37200000,9125972,7.37
19/08/2022,300,5370000,17.9(1.70 %),300,5370000,0,0,9125672,7.37
22/08/2022,0,0,17.6(-1.68 %),10000,176000000,10000,176000000,9115672,7.41
23/08/2022,0,0,17.65(0.28 %),0,176000000,0,176000000,9115672,7.41
24/08/2022,0,0,17.75(0.28 %),0,176000000,0,176000000,9125672,7.37
25/08/2022,100,1780000,17.8(0.00 %),100,1780000,0,0,9125572,7.37
26/08/2022,-1000,-17800000,17.8(0.00 %),0,0,1000,17800000,9125572,7.37
29/08/2022,500,8750000,17.5(-1.69 %),500,8750000,0,0,9125072,7.37
30/08/2022,100,1720000,17.2(-1.71 %),200,3440000,100,1720000,9125872,7.37
31/08/2022,300,5160000,17.2(0.00 %),300,5160000,0,0,9125572,7.37
05/09/2022,0,111600000,17.2(0.00 %),0,111600000,0,0,9125672,7.37
06/09/2022,-400,-6920000,17.3(0.58 %),0,0,400,6920000,9125672,7.37
07/09/2022,5500,95700000,17.4(0.58 %),5500,95700000,0,0,9120222,7.39
08/09/2022,-7600,-132240000,17.4(0.00 %),0,0,7600,132240000,9120622,7.39
09/09/2022,-1300,-22490000,17.3(-0.57 %),100,1730000,1400,24220000,9120522,7.39
12/09/2022,-8,-22490000,17.35(0.29 %),0,1730000,8,24220000,9128122,7.36
13/09/2022,-3,0,17.35(-0.29 %),0,0,3,0,9129522,7.35
14/09/2022,0,0,17(-2.30 %),0,0,0,0,9129530,7.35
15/09/2022,33,0,17.1(0.59 %),100,0,67,0,0,7.35
16/09/2022,200,3420000,17.1(0.00 %),200,3420000,0,0,9129233,7.35
19/09/2022,0,3420000,16.95(-0.88 %),0,3420000,0,0,9129233,7.35
20/09/2022,-3,-51900,17.3(1.76 %),0,0,3,51900,9129300,7.35
21/09/2022,-200,-3600000,18(4.05 %),0,0,200,3600000,9129300,7.35
22/09/2022,0,-3600000,17.95(-0.28 %),0,0,0,3600000,9129303,7.35
23/09/2022,0,-3600000,18.2(1.11 %),0,0,0,3600000,9129503,7.35
26/09/2022,-6,-109200,18.2(0.00 %),0,0,6,109200,9129503,7.35
27/09/2022,-300,-5550000,18.5(1.65 %),0,0,300,5550000,9129503,7.35
28/09/2022,-17300,-320915000,18.55(0.27 %),0,0,17300,320915000,9129509,7.35
29/09/2022,0,-320915000,18.7(0.54 %),0,0,0,320915000,9129809,7.35
30/09/2022,-400,-7800000,19.5(4.28 %),0,0,400,7800000,9147109,7.27
03/10/2022,0,-7800000,19.45(-0.26 %),0,0,0,7800000,9147109,7.27
04/10/2022,-200,-3860000,19.3(-1.03 %),0,0,200,3860000,9147509,7.27
05/10/2022,0,-3860000,19.3(0.00 %),0,0,0,3860000,9147509,7.27
06/10/2022,0,-3860000,19(-1.55 %),0,0,0,3860000,9147709,7.27
07/10/2022,-500,-9400000,18.8(-1.05 %),0,0,500,9400000,9147709,7.27
10/10/2022,-90,-1665000,18.5(-1.60 %),0,0,90,1665000,9147709,7.27
11/10/2022,0,-1665000,18.45(-0.27 %),0,0,0,1665000,9148209,7.27
12/10/2022,-808,-14867200,18.4(-0.54 %),0,0,808,14867200,9148299,7.27
13/10/2022,0,-14867200,17.8(-3.26 %),0,0,0,14867200,9148299,7.27
14/10/2022,0,-14867200,18(1.12 %),0,0,0,14867200,9149107,7.26
17/10/2022,0,-14867200,18(0.00 %),0,0,0,14867200,9149107,7.26
18/10/2022,1000,17700000,17.7(-1.67 %),1000,17700000,0,0,9148107,7.27
19/10/2022,-1600,-28350000,17.4(-1.69 %),100,1740000,1700,30090000,9149707,7.26
20/10/2022,0,0,17.4(0.00 %),0,0,0,0,9148007,7.27
21/10/2022,0,0,16.2(-6.90 %),0,0,0,0,9148007,7.27
24/10/2022,-3400,-57800000,15.95(-1.54 %),0,0,3400,57800000,9153107,7.24
25/10/2022,0,0,16(0.00 %),0,0,0,0,9153107,7.24
26/10/2022,-200,-3200000,14.9(-6.88 %),0,0,200,3200000,9149907,7.26
27/10/2022,0,0,15.35(3.02 %),0,0,0,0,9153147,7.24
28/10/2022,-100,-1570000,15.7(1.95 %),0,0,100,1570000,9153347,7.24
31/10/2022,0,-1570000,15.95(1.59 %),0,0,0,1570000,9153347,7.24
01/11/2022,30000,480000000,16(0.00 %),30000,480000000,0,0,9123447,7.38
02/11/2022,-700,-11550000,16.5(3.12 %),0,0,700,11550000,9123447,7.38
03/11/2022,-500,-8300000,16.6(0.61 %),0,0,500,8300000,9123447,7.38
04/11/2022,31700,507200000,16(-3.61 %),31700,507200000,0,0,9092447,7.52
07/11/2022,0,507200000,16.45(2.81 %),0,507200000,0,0,9092947,7.52
08/11/2022,0,507200000,16.4(-0.61 %),0,507200000,0,0,9092947,7.52
09/11/2022,0,507200000,16.45(0.30 %),0,507200000,0,0,9092947,7.52
10/11/2022,0,507200000,15.5(-6.06 %),0,507200000,0,0,9092947,7.52
11/11/2022,0,507200000,15.6(0.65 %),0,507200000,0,0,9092947,7.52
14/11/2022,0,507200000,14.55(-6.73 %),0,507200000,0,0,9092947,7.52
15/11/2022,0,507200000,13.55(-7.19 %),0,507200000,0,0,9092947,7.52
16/11/2022,0,507200000,14.45(6.25 %),0,507200000,0,0,9092947,7.52
17/11/2022,0,507200000,15.35(5.86 %),0,507200000,0,0,9092947,7.52
18/11/2022,0,507200000,16.1(4.55 %),0,507200000,0,0,9092947,7.52
21/11/2022,0,507200000,16.1(0.00 %),0,507200000,0,0,9092947,7.52
22/11/2022,0,507200000,16.4(1.86 %),0,507200000,0,0,9092947,7.52
23/11/2022,-10000,-164000000,16.4(0.00 %),0,0,10000,164000000,9092947,7.52
24/11/2022,400,6560000,16.4(0.00 %),400,6560000,0,0,9092547,7.52
25/11/2022,10000,164500000,16.45(0.30 %),10000,164500000,0,0,9092547,7.52
28/11/2022,0,164500000,16.5(0.00 %),0,164500000,0,0,9092547,7.52
29/11/2022,100,1650000,16.5(0.00 %),100,1650000,0,0,9092447,7.52
30/11/2022,100,1640000,16.4(-0.61 %),100,1640000,0,0,9092347,7.52
01/12/2022,-25930,-438217000,16.9(3.05 %),100,1690000,26030,439907000,9092247,0.0
02/12/2022,700,11550000,16.5(-2.37 %),700,11550000,0,0,9091547,0.0
05/12/2022,-203,-3471300,17.1(3.64 %),100,1710000,303,5181300,9091750,7.52
06/12/2022,0,-3471300,17.9(4.68 %),0,1710000,0,5181300,9091750,7.52
07/12/2022,100,1765000,17.65(-1.40 %),100,1765000,0,0,9091650,0.0
08/12/2022,0,1765000,17.8(0.56 %),0,1765000,0,0,9117680,7.4
09/12/2022,-700,-12600000,18(1.12 %),0,0,700,12600000,9117680,7.4
12/12/2022,-4000,-72000000,18(0.00 %),0,0,4000,72000000,9096350,0.0
13/12/2022,-800,-14400000,18(0.00 %),300,5400000,1100,19800000,9097150,7.5
14/12/2022,-5000,-91500000,18.3(1.67 %),0,0,5000,91500000,9102150,7.48
15/12/2022,-1100,-20350000,18.5(1.09 %),100,1850000,1200,22200000,9103250,0.0
16/12/2022,-300,-5535000,18.45(-0.27 %),0,0,300,5535000,9103550,0.0
19/12/2022,-10000,-184500000,18.45(-0.27 %),100,1845000,10100,186345000,9113550,7.42
20/12/2022,-67900,-1324050000,19.5(5.41 %),0,0,67900,1324050000,9181450,7.11
21/12/2022,-4500,-86850000,19.3(-1.03 %),500,9650000,5000,96500000,9185950,7.09
22/12/2022,-17700,-341610000,19.3(0.00 %),0,0,17700,341610000,9203650,7.01
23/12/2022,-25000,-487500000,19.5(1.04 %),0,0,25000,487500000,9228650,6.9
26/12/2022,-300,-5850000,19.5(0.00 %),0,0,300,5850000,9228950,6.9
27/12/2022,-17500,-341250000,19.5(0.00 %),0,0,17500,341250000,9246450,6.82
28/12/2022,-26800,-522600000,19.5(0.00 %),0,0,26800,522600000,9273250,6.7
29/12/2022,0,-522600000,20.7(6.15 %),0,0,0,522600000,9272480,6.7
30/12/2022,0,-522600000,21.35(3.14 %),0,0,0,522600000,9299280,6.58
03/01/2023,-11500,-228850000,19.9(-7.01 %),300,5970000,11800,234820000,9298980,0.0
04/01/2023,-13000,-250900000,19.3(-3.02 %),400,7720000,13400,258620000,9298580,6.58
05/01/2023,-8100,-156330000,19.3(0.00 %),0,0,8100,156330000,9310380,6.53
06/01/2023,-9400,-182360000,19.4(0.52 %),0,0,9400,182360000,9323780,6.46
09/01/2023,0,-12600000,18.6(-4.12 %),0,0,0,12600000,9331880,6.43
10/01/2023,0,-12600000,19.1(2.69 %),0,0,0,12600000,9341280,6.38
11/01/2023,100,1930000,19.3(1.05 %),100,1930000,0,0,9341180,6.39
12/01/2023,0,1930000,18.65(-3.37 %),0,1930000,0,0,9341180,6.39
13/01/2023,0,1930000,18.65(-0.27 %),0,1930000,0,0,9341180,6.39
16/01/2023,0,1930000,19.45(4.01 %),0,1930000,0,0,9341180,6.39
17/01/2023,-6,-117600,19.6(0.51 %),0,0,6,117600,9341180,6.39
18/01/2023,0,-117600,20(2.04 %),0,0,0,117600,9341180,6.39
19/01/2023,0,-117600,19.9(-0.50 %),0,0,0,117600,9341186,6.39
27/01/2023,300,5970000,19.9(0.00 %),900,17910000,600,11940000,9340286,6.39
30/01/2023,0,5970000,20(0.50 %),0,17910000,0,11940000,9340286,6.39
31/01/2023,100,1910000,19.1(-4.50 %),100,1910000,0,0,9340786,6.39
01/02/2023,0,1910000,19.1(0.00 %),0,1910000,0,0,9340786,6.39
02/02/2023,0,1910000,19.1(0.00 %),0,1910000,0,0,9340786,6.39
03/02/2023,-2582,-49574400,19.2(0.52 %),0,0,2582,49574400,9340786,6.39
06/02/2023,0,-49574400,19(-1.04 %),0,0,0,49574400,9340786,6.39
07/02/2023,0,-49574400,18.25(-3.95 %),0,0,0,49574400,9343368,6.38
08/02/2023,0,-49574400,18.25(-0.27 %),0,0,0,49574400,9343368,6.38
09/02/2023,1000,18800000,18.8(2.73 %),1000,18800000,0,0,9342368,6.38
10/02/2023,0,18800000,18.8(0.00 %),0,18800000,0,0,9342368,6.38
13/02/2023,0,18800000,18.7(-0.53 %),0,18800000,0,0,9342368,6.38
14/02/2023,0,18800000,18.5(-1.07 %),0,18800000,0,0,9342368,6.38
15/02/2023,0,18800000,18.5(0.00 %),0,18800000,0,0,9342368,6.38
16/02/2023,0,18800000,18.6(0.54 %),0,18800000,0,0,9342368,6.38
17/02/2023,0,18800000,19.8(6.45 %),0,18800000,0,0,9342368,6.38
20/02/2023,0,18800000,19.75(-0.25 %),0,18800000,0,0,9342368,6.38
21/02/2023,0,18800000,19.55(-1.26 %),0,18800000,0,0,9342368,6.38
22/02/2023,0,18800000,19.3(-1.53 %),0,18800000,0,0,9342368,6.38
23/02/2023,-474,-8721600,18.4(-4.66 %),0,0,474,8721600,9342368,6.38
24/02/2023,-3,-57000,19(3.26 %),0,0,3,57000,9342371,6.38
27/02/2023,-190,-3581500,18.85(-0.79 %),0,0,190,3581500,9342842,6.38
28/02/2023,0,-3581500,18.05(-4.50 %),0,0,0,3581500,9342845,6.38
01/03/2023,-200,-3740000,18.7(3.31 %),0,0,200,3740000,9343035,6.38
02/03/2023,0,-3740000,18.8(0.53 %),0,0,0,3740000,9343035,6.38
03/03/2023,0,-3740000,18.7(-0.53 %),0,0,0,3740000,9343235,6.38
06/03/2023,0,-3740000,19.2(2.67 %),0,0,0,3740000,9343235,6.38
07/03/2023,0,-3740000,19(-1.04 %),0,0,0,3740000,9343235,6.38
08/03/2023,0,-3740000,19(0.00 %),0,0,0,3740000,9343235,6.38
09/03/2023,0,-3740000,19(0.00 %),0,0,0,3740000,9343235,6.38
10/03/2023,0,-3740000,19(0.00 %),0,0,0,3740000,9343235,6.38
13/03/2023,0,-3740000,19(0.00 %),0,0,0,3740000,9343235,6.38
14/03/2023,0,-3740000,18.95(-0.26 %),0,0,0,3740000,9343235,6.38
15/03/2023,0,-3740000,18.95(-0.26 %),0,0,0,3740000,9343235,6.38
16/03/2023,-1713,-32375700,18.9(-0.53 %),0,0,1713,32375700,9343235,6.38
17/03/2023,-100,-1890000,18.9(0.00 %),0,0,100,1890000,9343235,6.38
20/03/2023,0,-1890000,18.95(0.26 %),0,0,0,1890000,9344948,6.37
21/03/2023,0,-57000,18.9(-0.53 %),0,0,0,57000,9345048,6.37
22/03/2023,0,0,18.15(-3.97 %),0,0,0,0,9345048,6.37
23/03/2023,0,0,18.75(3.02 %),0,0,0,0,9345048,6.37
24/03/2023,0,0,18.65(-0.80 %),0,0,0,0,9345048,6.37
27/03/2023,0,0,18.85(0.80 %),0,0,0,0,9345048,6.37
28/03/2023,0,0,18.9(0.00 %),0,0,0,0,9345048,6.37
29/03/2023,0,0,18.8(-0.53 %),0,0,0,0,9345048,6.37
30/03/2023,0,0,18.8(0.00 %),0,0,0,0,9345048,6.37
31/03/2023,0,0,18.85(0.27 %),0,0,0,0,9345048,6.37
03/04/2023,0,0,18.65(-1.32 %),0,0,0,0,9345048,6.37
04/04/2023,0,0,18.95(1.34 %),0,0,0,0,9345048,6.37
05/04/2023,0,0,18.7(-1.58 %),0,0,0,0,9345048,6.37
06/04/2023,-2300,-43010000,18.7(0.00 %),0,0,2300,43010000,9345048,6.37
07/04/2023,0,-43010000,18.7(0.00 %),0,0,0,43010000,9345048,6.37
10/04/2023,0,-43010000,18.75(0.27 %),0,0,0,43010000,9347348,6.36
11/04/2023,-500,-9425000,18.85(0.27 %),0,0,500,9425000,9347348,6.36
12/04/2023,0,-9425000,18.85(-0.26 %),0,0,0,9425000,9347348,6.36
13/04/2023,-2500,-46375000,18.55(-1.85 %),0,0,2500,46375000,9347848,6.35
14/04/2023,-1,-18600,18.6(0.00 %),0,0,1,18600,9347848,6.35
17/04/2023,-2,-37200,18.6(0.00 %),0,0,2,37200,9350348,6.34
18/04/2023,-3,-55500,18.5(-0.54 %),0,0,3,55500,9350349,6.34
19/04/2023,0,-55500,18.5(0.00 %),0,0,0,55500,9350351,6.34
20/04/2023,0,0,18.5(0.00 %),0,0,0,0,9350351,6.34
21/04/2023,-6000,-110400000,18.4(-0.54 %),0,0,6000,110400000,9350354,6.34
24/04/2023,0,-110400000,18.3(-0.54 %),0,0,0,110400000,9350354,6.34
25/04/2023,-2200,-39380000,17.9(-2.19 %),0,0,2200,39380000,9356354,6.32
26/04/2023,-4500,-79200000,17.6(-1.68 %),0,0,4500,79200000,9356354,6.32
27/04/2023,-9100,-156950000,17.3(-1.70 %),0,0,9100,156950000,9365454,6.27
28/04/2023,-8400,-143690000,17.9(3.47 %),0,0,8400,143690000,9373854,6.24
04/05/2023,0,0,17.7(-1.12 %),0,0,0,0,9363054,6.29
05/05/2023,-1400,-23905000,17.3(-2.26 %),100,1765000,1500,25670000,9380454,6.21
08/05/2023,-4000,-67950000,17.3(0.00 %),0,0,4000,67950000,9380454,6.21
09/05/2023,0,0,17.2(-0.58 %),0,0,0,0,9381954,6.2
10/05/2023,0,0,17.2(0.00 %),0,0,0,0,9381954,6.2
11/05/2023,0,0,17.15(-0.29 %),0,0,0,0,9385954,6.18
12/05/2023,0,0,17.4(1.16 %),0,0,0,0,9385954,6.18
15/05/2023,0,0,17.3(-0.57 %),0,0,0,0,9385954,6.18
16/05/2023,0,0,17.1(-1.16 %),0,0,0,0,9385954,6.18
17/05/2023,0,0,17.3(1.17 %),0,0,0,0,9385954,6.18
18/05/2023,0,0,17.45(0.87 %),0,0,0,0,9385954,6.18
19/05/2023,0,0,17.45(0.00 %),0,0,0,0,9385954,6.18
22/05/2023,0,0,17.35(-0.57 %),0,0,0,0,9385954,6.18
23/05/2023,-70000,-1214500000,17.4(0.29 %),0,0,70000,1214500000,9455954,5.86
24/05/2023,0,0,17.5(0.57 %),0,0,0,0,9455954,5.86
25/05/2023,0,0,17.5(0.00 %),0,0,0,0,9455954,5.86
26/05/2023,0,0,17.5(0.00 %),0,0,0,0,9455954,5.86
29/05/2023,-2000,-34700000,17.45(-0.29 %),0,0,2000,34700000,9457954,5.85
30/05/2023,0,0,17.5(0.29 %),0,0,0,0,9457954,5.85
31/05/2023,0,0,17.75(1.43 %),0,0,0,0,9457954,5.85
01/06/2023,1500,27000000,18(1.41 %),1500,27000000,0,0,9457954,5.85
02/06/2023,6500,122670000,18.65(3.61 %),6500,122670000,0,0,9451454,5.88
05/06/2023,0,0,18.75(0.54 %),0,0,0,0,9451454,5.88
06/06/2023,2400,44760000,18.6(-0.80 %),2900,54030000,500,9270000,9449054,5.89
07/06/2023,-9000,-162550000,18.3(-1.61 %),0,0,9000,162550000,9458054,5.85
08/06/2023,-5000,-89825000,18.15(-0.82 %),400,7335000,5400,97160000,9463054,5.83
09/06/2023,-1900,-34005000,18.1(-0.28 %),0,0,1900,34005000,9464954,5.82
12/06/2023,-1400,-25340000,18(-0.55 %),0,0,1400,25340000,9466354,5.81
13/06/2023,0,0,18.2(1.11 %),0,0,0,0,9466354,5.81
14/06/2023,-400,-7320000,18.55(1.92 %),0,0,400,7320000,9466754,5.81
15/06/2023,-1200,-22260000,18.55(0.00 %),0,0,1200,22260000,9467954,5.81
16/06/2023,2100,38945000,18.5(-0.54 %),2100,38945000,0,0,9463154,5.83
19/06/2023,-5400,-99900000,18.5(0.00 %),0,0,5400,99900000,9464354,5.82
20/06/2023,-13800,-249575000,18.45(-0.27 %),1400,25885000,15200,275460000,9478154,5.76
21/06/2023,-18000,-326385000,18.4(-0.54 %),1200,22095000,19200,348480000,9467154,5.81
22/06/2023,-2100,-38800000,18.15(-1.36 %),300,5535000,2400,44335000,9469254,5.8
23/06/2023,-2700,-49755000,18.5(1.65 %),1800,33285000,4500,83040000,9471954,5.79
26/06/2023,-18900,-342485000,18.4(-0.54 %),1800,33325000,20700,375810000,9500054,5.66
27/06/2023,-9700,-177165000,18.4(0.00 %),800,14705000,10500,191870000,9509754,5.62
28/06/2023,-3000,-54765000,18.35(-0.27 %),200,3670000,3200,58435000,9512754,5.6
29/06/2023,-21500,-389455000,18.15(-1.36 %),900,16440000,22400,405895000,9534254,5.5
30/06/2023,200,3630000,18.2(0.00 %),200,3630000,0,0,9534054,5.51
03/07/2023,-1000,-18200000,18.35(0.82 %),0,0,1000,18200000,9536854,5.49
04/07/2023,-1000,-18215000,18.35(-0.27 %),0,0,1000,18215000,9537854,5.49
05/07/2023,-2000,-36800000,18.5(0.54 %),0,0,2000,36800000,9539854,5.48
06/07/2023,700,12950000,18.45(-0.27 %),700,12950000,0,0,9560554,5.38
07/07/2023,0,0,18.45(-0.27 %),0,0,0,0,9562554,5.38
10/07/2023,100,1845000,18.95(2.43 %),100,1845000,0,0,9562454,5.38
11/07/2023,0,0,18.95(-0.26 %),0,0,0,0,9562454,5.38
12/07/2023,0,0,18.6(-2.11 %),0,0,0,0,9562454,5.38
13/07/2023,-100,-1865000,18.8(1.08 %),0,0,100,1865000,9562554,5.38
14/07/2023,700,13035000,18.9(0.53 %),700,13035000,0,0,9561754,5.38
17/07/2023,0,0,18.9(0.00 %),0,0,0,0,9561754,5.38
18/07/2023,100,1910000,19.1(1.06 %),100,1910000,0,0,9561654,5.38
19/07/2023,0,0,19.1(0.00 %),0,0,0,0,9561754,5.38
20/07/2023,0,0,19.6(2.62 %),0,0,0,0,9561754,5.38
21/07/2023,0,0,19.7(0.51 %),0,0,0,0,9561754,5.38
24/07/2023,0,0,19.7(2.60 %),0,0,0,0,9561754,5.38
25/07/2023,0,0,19.25(-2.28 %),0,0,0,0,9561754,5.38
26/07/2023,0,0,19.25(0.00 %),0,0,0,0,9561754,5.38
27/07/2023,-2800,-54000000,19.25(-0.26 %),2000,38400000,4800,92400000,9564554,5.37
28/07/2023,0,0,18.95(-1.81 %),0,0,0,0,9564554,5.37
31/07/2023,0,0,19(0.00 %),0,0,0,0,9564554,5.37
01/08/2023,-500,-9450000,19(0.00 %),0,0,500,9450000,9564557,5.37
02/08/2023,0,0,19.2(1.05 %),0,0,0,0,9564557,5.37
03/08/2023,-1000,-19350000,19.85(3.39 %),0,0,1000,19350000,9565557,5.36
04/08/2023,0,0,20.45(3.02 %),0,0,0,0,9565087,5.36
07/08/2023,900,18090000,20.3(-0.73 %),1200,24360000,300,6270000,9564187,5.37
08/08/2023,0,0,20.15(-0.74 %),0,0,0,0,9564187,5.37
09/08/2023,0,0,19.8(-1.74 %),0,0,0,0,9564187,5.37
10/08/2023,0,0,20(1.01 %),0,0,0,0,9564187,5.37
11/08/2023,0,0,19.85(-0.75 %),0,0,0,0,9564187,5.37
14/08/2023,800,15960000,19.95(0.25 %),800,15960000,0,0,9564420,5.37
15/08/2023,700,13965000,19.95(-0.25 %),700,13965000,0,0,9563720,5.37
16/08/2023,700,13720000,19.6(-2.00 %),700,13720000,0,0,9563020,5.37
17/08/2023,-800,-15600000,19.5(-0.51 %),0,0,800,15600000,9563820,5.37
18/08/2023,1100,20570000,18.5(-5.13 %),1100,20570000,0,0,9561920,5.38
21/08/2023,0,0,18.5(0.00 %),0,0,0,0,9562720,5.37
22/08/2023,0,0,18.5(0.00 %),0,0,0,0,9562720,5.37
23/08/2023,0,0,18.4(-0.54 %),0,0,0,0,9562720,5.37
24/08/2023,-3600,-65160000,18.6(1.09 %),0,0,3600,65160000,9566320,5.36
25/08/2023,1400,25900000,18.45(-0.81 %),1400,25900000,0,0,9561320,5.38
28/08/2023,0,0,18.45(0.00 %),0,0,0,0,9561320,5.38
29/08/2023,800,15040000,18.8(1.90 %),800,15040000,0,0,9564144,5.37
30/08/2023,0,0,18.5(-1.60 %),0,0,0,0,9564144,5.37
31/08/2023,0,0,18.5(0.00 %),0,0,0,0,9564144,5.37
05/09/2023,100,1890000,18.8(1.62 %),100,1890000,0,0,9564044,5.37
06/09/2023,700,13230000,18.95(0.80 %),700,13230000,0,0,9563344,5.37
07/09/2023,100,1895000,19(0.26 %),200,3790000,100,1895000,9563144,5.37
08/09/2023,200,3795000,19(0.00 %),200,3795000,0,0,9562944,5.37
11/09/2023,0,0,19.2(1.05 %),0,0,0,0,9563045,5.37
12/09/2023,1000,19000000,19.3(0.52 %),1000,19000000,0,0,9562104,5.38
13/09/2023,1400,27730000,19.5(1.04 %),1400,27730000,0,0,9560704,5.38
14/09/2023,2600,49955000,19.25(-1.28 %),2600,49955000,0,0,9558104,5.4
15/09/2023,5000,96500000,19.25(0.00 %),5000,96500000,0,0,9553104,5.42
18/09/2023,0,0,18.9(-1.82 %),0,0,0,0,9553104,5.42
19/09/2023,0,0,18.8(-0.53 %),0,0,0,0,9553104,5.42
20/09/2023,0,0,18.9(0.53 %),0,0,0,0,9553104,5.42
21/09/2023,0,0,18.9(0.00 %),0,0,0,0,9553104,5.42
22/09/2023,0,0,18.9(0.00 %),0,0,0,0,9553104,5.42
25/09/2023,700,12460000,17.8(-5.82 %),700,12460000,0,0,9552404,5.42
26/09/2023,5000,89000000,18.1(1.69 %),5000,89000000,0,0,9547404,5.44
27/09/2023,400,7160000,17.85(-1.38 %),400,7160000,0,0,9547004,5.45
28/09/2023,0,0,17.6(-1.40 %),0,0,0,0,9547004,5.45
29/09/2023,0,0,17.8(1.14 %),0,0,0,0,9547004,5.45
02/10/2023,3200,57160000,18(1.12 %),3200,57160000,0,0,9543804,5.46
03/10/2023,0,0,17.45(-3.06 %),0,0,0,0,9543804,5.46
04/10/2023,2000,34900000,17.35(-0.57 %),2000,34900000,0,0,9541804,5.47
05/10/2023,-3500,-60900000,17.5(0.86 %),0,0,3500,60900000,9541804,5.47
06/10/2023,0,0,17.45(-0.29 %),0,0,0,0,9541804,5.47
09/10/2023,0,0,17.9(2.58 %),0,0,0,0,9541804,5.47
10/10/2023,0,0,18(0.56 %),0,0,0,0,9545304,5.45
11/10/2023,800,14440000,18.05(0.28 %),800,14440000,0,0,9544504,5.46
12/10/2023,0,0,18.05(0.00 %),0,0,0,0,9544504,5.46
13/10/2023,1800,31910000,17.7(-1.94 %),1800,31910000,0,0,9542704,5.47
16/10/2023,-700,-12390000,17.95(1.41 %),0,0,700,12390000,9542734,5.47
17/10/2023,0,0,18(0.28 %),0,0,0,0,9542734,5.47
18/10/2023,0,0,17.7(-1.67 %),0,0,0,0,9543434,5.46
19/10/2023,0,0,17.7(0.00 %),0,0,0,0,9543434,5.46
20/10/2023,-5300,-97465000,18.3(3.39 %),0,0,5300,97465000,9543434,5.46
23/10/2023,2800,51445000,18.45(0.82 %),2800,51445000,0,0,9540634,5.48
24/10/2023,0,0,19(2.98 %),0,0,0,0,9540634,5.48
25/10/2023,-600,-11400000,19.25(1.32 %),0,0,600,11400000,9545934,5.45
26/10/2023,0,0,19.25(0.00 %),0,0,0,0,9545934,5.45
27/10/2023,0,0,19.3(0.26 %),0,0,0,0,9546534,5.45
30/10/2023,0,0,19.15(-0.78 %),0,0,0,0,9546534,5.45
31/10/2023,0,0,19.15(0.00 %),0,0,0,0,9546534,5.45
01/11/2023,0,0,19.1(-0.26 %),0,0,0,0,9546534,5.45
02/11/2023,0,0,20.4(6.81 %),0,0,0,0,9546534,5.45
03/11/2023,0,0,21(2.94 %),0,0,0,0,9546534,5.45
06/11/2023,0,0,20(-4.76 %),0,0,0,0,9546534,5.45
07/11/2023,0,0,19.9(-0.50 %),0,0,0,0,9546534,5.45
08/11/2023,0,0,20.2(1.51 %),0,0,0,0,9546534,5.45
09/11/2023,0,0,19.3(-4.46 %),0,0,0,0,9546591,5.45
10/11/2023,0,0,19.6(1.55 %),0,0,0,0,9546591,5.45
13/11/2023,0,0,19.85(1.28 %),0,0,0,0,9546591,5.45
14/11/2023,0,0,19.9(0.25 %),0,0,0,0,9546591,5.45
15/11/2023,-300,-5970000,19.95(0.25 %),0,0,300,5970000,9546891,5.45
16/11/2023,0,0,19.95(0.00 %),0,0,0,0,9546891,5.45
17/11/2023,0,0,19.45(-2.51 %),0,0,0,0,9546891,5.45
20/11/2023,0,0,19.45(0.00 %),0,0,0,0,9546891,5.45
21/11/2023,-100,-1970000,19.7(1.29 %),0,0,100,1970000,9546891,5.45
22/11/2023,-200,-3880000,19.4(-1.52 %),0,0,200,3880000,9546891,5.45
23/11/2023,0,0,19.4(0.00 %),0,0,0,0,9546891,5.45
24/11/2023,-6400,-122545000,19.25(-0.77 %),0,0,6400,122545000,9553291,5.42
27/11/2023,0,0,19.05(-1.04 %),0,0,0,0,9553291,5.42
28/11/2023,1000,19000000,19.2(0.79 %),1000,19000000,0,0,9552291,5.42
29/11/2023,200,3820000,19.4(1.04 %),200,3820000,0,0,9552091,5.42
30/11/2023,100,1930000,19.3(-0.52 %),100,1930000,0,0,9551991,5.42
01/12/2023,200,3820000,19.4(0.52 %),200,3820000,0,0,9552358,5.42
04/12/2023,-800,-15520000,19.35(-0.26 %),300,5820000,1100,21340000,9553158,5.42
05/12/2023,200,3880000,19.4(0.26 %),200,3880000,0,0,9552958,5.42
06/12/2023,0,0,19.5(0.52 %),0,0,0,0,9552958,5.42
07/12/2023,0,0,19.5(0.00 %),0,0,0,0,9552958,5.42
08/12/2023,0,0,19.7(1.03 %),0,0,0,0,9552958,5.42
11/12/2023,100,1950000,19.7(0.00 %),100,1950000,0,0,9552858,5.42
12/12/2023,0,0,19.4(-1.52 %),0,0,0,0,9552858,5.42
13/12/2023,-3900,-75150000,19.3(-0.52 %),200,3850000,4100,79000000,9556758,5.4
14/12/2023,100,1970000,19.65(1.81 %),100,1970000,0,0,9556658,5.4
15/12/2023,0,0,19.2(-2.29 %),0,0,0,0,9556658,5.4
18/12/2023,1200,23220000,19.25(0.26 %),1200,23220000,0,0,9555458,5.41
19/12/2023,500,9535000,19.15(-0.52 %),500,9535000,0,0,9554958,5.41
20/12/2023,0,0,19.2(0.26 %),0,0,0,0,9554958,5.41
21/12/2023,-1000,-19015000,19.2(0.00 %),300,5700000,1300,24715000,9555958,5.41
22/12/2023,0,0,19.3(0.52 %),0,0,0,0,9555958,5.41
25/12/2023,0,0,19.3(0.00 %),0,0,0,0,9555958,5.41
26/12/2023,0,0,19.25(-0.26 %),0,0,0,0,9555958,5.41
27/12/2023,200,3820000,19.1(-0.78 %),200,3820000,0,0,9555758,5.41
28/12/2023,-400,-7645000,19.1(0.00 %),100,1905000,500,9550000,9556158,5.4
29/12/2023,-2500,-47660000,19.2(0.52 %),0,0,2500,47660000,9558658,5.39
02/01/2024,0,0,19.1(-0.52 %),0,0,0,0,9556004,5.41
03/01/2024,1100,21370000,19.3(1.05 %),1100,21370000,0,0,9554404,5.41
04/01/2024,100,1920000,19.3(0.00 %),100,1920000,0,0,9554304,5.41
05/01/2024,0,0,19.3(0.00 %),0,0,0,0,9554304,5.41
08/01/2024,0,0,19.3(0.00 %),0,0,0,0,9554304,5.41
09/01/2024,100,1920000,19.3(0.00 %),100,1920000,0,0,9557246,5.4
10/01/2024,8500,166400000,19.5(1.04 %),8500,166400000,0,0,9548746,5.44
11/01/2024,-4000,-78000000,19.5(0.00 %),0,0,4000,78000000,9548746,5.44
12/01/2024,0,0,19.5(0.00 %),0,0,0,0,9549704,5.43
15/01/2024,100,1940000,19.2(-1.54 %),100,1940000,0,0,9552646,5.42
16/01/2024,0,0,19.15(-0.26 %),0,0,0,0,9552646,5.42
17/01/2024,-2000,-38400000,19.25(0.52 %),0,0,2000,38400000,9552646,5.42
18/01/2024,0,0,19.35(0.52 %),0,0,0,0,9551604,5.43
19/01/2024,3700,71595000,19.35(0.00 %),3700,71595000,0,0,9547904,5.44
22/01/2024,100,1915000,19.3(-0.26 %),100,1915000,0,0,9547804,5.44
23/01/2024,0,0,19.2(-0.52 %),0,0,0,0,9547804,5.44
24/01/2024,0,0,19.3(0.52 %),0,0,0,0,9547804,5.44
25/01/2024,0,0,19.2(-0.52 %),0,0,0,0,9547804,5.44
26/01/2024,700,12685000,18.85(-1.82 %),700,12685000,0,0,9547104,5.45
29/01/2024,1100,20825000,18.85(0.00 %),1200,22680000,100,1855000,9548946,5.44
30/01/2024,-800,-14930000,18.7(-0.80 %),1200,22500000,2000,37430000,9547746,5.44
31/01/2024,0,0,18.6(-0.53 %),0,0,0,0,9547846,5.44
01/02/2024,-100,-1860000,18.6(0.00 %),1000,18600000,1100,20460000,9547846,5.44
02/02/2024,-1000,-18600000,18.5(-0.54 %),0,0,1000,18600000,9548846,5.44
05/02/2024,-11000,-200790000,18.35(-0.81 %),0,0,11000,200790000,9558846,5.39
06/02/2024,-15000,-270000000,18(-1.91 %),0,0,15000,270000000,9550946,5.43
07/02/2024,-800,-14360000,17.9(-0.56 %),0,0,800,14360000,9561946,5.38
15/02/2024,-8635,-153763000,17.8(-0.56 %),200,3560000,8835,157323000,9576746,5.31
16/02/2024,-14500,-255530000,17.6(-1.12 %),1000,17750000,15500,273280000,9576546,5.31
19/02/2024,-59600,-1060055000,17.8(1.14 %),0,0,59600,1060055000,9585381,5.27
20/02/2024,-25900,-462975000,17.85(0.28 %),2500,44650000,28400,507625000,9598381,5.21
21/02/2024,1000,18000000,18(0.84 %),1000,18000000,0,0,9656981,4.94
22/02/2024,-400,-7280000,18(0.00 %),0,0,400,7280000,9656981,4.94
23/02/2024,-200,-3590000,17.85(-0.83 %),0,0,200,3590000,9682881,4.83
26/02/2024,0,0,17.85(0.00 %),0,0,0,0,9685781,4.81
27/02/2024,-500,-8900000,17.85(0.00 %),0,0,500,8900000,9683381,4.82
28/02/2024,-1200,-21420000,17.8(-0.28 %),300,5355000,1500,26775000,9684581,4.82
29/02/2024,-4600,-81650000,17.8(0.00 %),400,7100000,5000,88750000,9685781,4.81
01/03/2024,0,0,17.7(-0.56 %),0,0,0,0,9685781,4.81
04/03/2024,-600,-10680000,17.75(0.28 %),0,0,600,10680000,9686381,4.81
05/03/2024,-1500,-26625000,17.75(0.00 %),0,0,1500,26625000,9692281,4.78
06/03/2024,0,0,17.75(0.00 %),0,0,0,0,9687881,4.8
07/03/2024,0,0,17.85(0.85 %),0,0,0,0,9687881,4.8
08/03/2024,0,0,17.6(-1.40 %),0,0,0,0,9687881,4.8
11/03/2024,0,0,17.5(-0.57 %),0,0,0,0,9687881,4.8
12/03/2024,0,0,17.4(-0.57 %),0,0,0,0,9694381,4.77
13/03/2024,0,0,17.5(0.57 %),0,0,0,0,9694381,4.77
14/03/2024,0,0,17.5(0.00 %),0,0,0,0,9694381,4.77
15/03/2024,200,3490000,17.5(0.00 %),200,3490000,0,0,9694181,4.77
18/03/2024,-100,-1740000,17.4(-0.57 %),0,0,100,1740000,9694181,4.77
19/03/2024,0,0,17.45(0.29 %),0,0,0,0,9694181,4.77
20/03/2024,15600,271430000,17.5(0.29 %),15600,271430000,0,0,9678681,4.85
21/03/2024,0,0,17.4(-0.57 %),0,0,0,0,9678681,4.85
22/03/2024,16200,285035000,17.6(1.15 %),16600,292115000,400,7080000,9662481,4.92
25/03/2024,0,0,17.6(0.00 %),0,0,0,0,9662081,4.92
26/03/2024,0,0,17.6(0.00 %),0,0,0,0,9694281,4.77
27/03/2024,0,0,17.7(0.57 %),0,0,0,0,9662481,4.92
28/03/2024,22100,393310000,18(1.69 %),22100,393310000,0,0,9640381,5.02
29/03/2024,-200,-3580000,17.9(-0.56 %),0,0,200,3580000,9640381,5.02
01/04/2024,0,0,17.9(0.00 %),0,0,0,0,9640381,5.02
02/04/2024,-100,-1790000,18(0.56 %),0,0,100,1790000,9640481,5.02
03/04/2024,0,0,17.85(-0.83 %),0,0,0,0,9640581,5.02
04/04/2024,200,3560000,17.85(0.00 %),200,3560000,0,0,9640281,5.02
05/04/2024,0,0,17.8(-0.28 %),0,0,0,0,9640481,5.02
08/04/2024,0,0,17.6(-1.12 %),0,0,0,0,9640281,5.02
09/04/2024,300,5280000,17.8(1.14 %),300,5280000,0,0,9639981,5.02
10/04/2024,0,0,17.8(0.00 %),0,0,0,0,9639981,5.02
11/04/2024,0,0,17.6(-1.12 %),0,0,0,0,9640181,5.02
12/04/2024,0,0,17.6(0.00 %),0,0,0,0,9640181,5.02
15/04/2024,100,1740000,17(-3.41 %),100,1740000,0,0,9639881,5.02
16/04/2024,-300,-5100000,16.8(-1.18 %),0,0,300,5100000,9640181,5.02
17/04/2024,0,0,16.8(0.00 %),0,0,0,0,9639881,5.02
19/04/2024,100,1675000,16.85(0.30 %),100,1675000,0,0,9639781,5.02
22/04/2024,0,0,17(0.89 %),0,0,0,0,9640281,5.02
23/04/2024,200,3320000,17(0.00 %),200,3320000,0,0,9640081,5.02
24/04/2024,0,0,17(0.00 %),0,0,0,0,9639581,5.02
25/04/2024,0,0,16.95(-0.29 %),0,0,0,0,9639581,5.02
26/04/2024,0,0,16.95(0.00 %),0,0,0,0,9640081,5.02
02/05/2024,0,0,16.9(-0.29 %),0,0,0,0,9640081,5.02
03/05/2024,0,0,16.9(0.00 %),0,0,0,0,9640081,5.02
06/05/2024,-200,-3380000,16.85(-0.30 %),0,0,200,3380000,9640081,5.02
07/05/2024,1000,16785000,16.9(0.30 %),1000,16785000,0,0,9639081,5.03
08/05/2024,200,3360000,16.9(0.00 %),200,3360000,0,0,9639081,5.03
09/05/2024,0,0,16.9(0.00 %),0,0,0,0,9639081,5.03
10/05/2024,0,0,16.9(0.00 %),0,0,0,0,9639081,5.03
13/05/2024,200,3360000,16.8(-0.59 %),200,3360000,0,0,9638881,5.03
14/05/2024,0,0,16.8(0.00 %),0,0,0,0,9638881,5.03
15/05/2024,200,3360000,16.8(0.00 %),200,3360000,0,0,9638681,5.03
16/05/2024,0,0,16.8(0.00 %),0,0,0,0,9638681,5.03
17/05/2024,0,0,16.85(0.30 %),0,0,0,0,9638681,5.03
20/05/2024,-7300,-124220000,17.4(3.26 %),0,0,7300,124220000,9638681,5.03
21/05/2024,-800,-14275000,17.8(2.30 %),700,12200000,1500,26475000,9637981,5.03
22/05/2024,700,12100000,17.35(-2.53 %),700,12100000,0,0,9644581,5.0
23/05/2024,200,3430000,17.25(-0.58 %),200,3430000,0,0,9645881,5.0
24/05/2024,100,1720000,17.15(-0.58 %),100,1720000,0,0,9645781,5.0
27/05/2024,-4500,-78530000,17.25(0.58 %),0,0,4500,78530000,9645781,5.0
28/05/2024,-7600,-130340000,17.15(-0.58 %),1700,29155000,9300,159495000,9644081,5.0
29/05/2024,0,0,17.25(0.58 %),0,0,0,0,9648511,4.98
30/05/2024,400,6830000,17.2(-0.29 %),400,6830000,0,0,9657498,4.94
31/05/2024,0,0,17.2(0.00 %),0,0,0,0,9657498,4.94
03/06/2024,-100,-1725000,17.5(1.74 %),0,0,100,1725000,9657498,4.94
04/06/2024,0,0,17.5(0.00 %),0,0,0,0,9657498,4.94
05/06/2024,2600,44950000,17.5(0.00 %),2600,44950000,0,0,9654898,4.95
06/06/2024,1000,17400000,17.5(0.00 %),1000,17400000,0,0,9653998,4.96
07/06/2024,1600,28160000,18(2.86 %),1600,28160000,0,0,9652476,4.96
10/06/2024,11300,200170000,18.2(1.11 %),11300,200170000,0,0,9641176,5.02
11/06/2024,-300,-5550000,18.65(2.47 %),0,0,300,5550000,9653998,4.96
12/06/2024,3000,55025000,18.8(0.80 %),3000,55025000,0,0,9638176,5.03
13/06/2024,0,0,18.9(0.53 %),0,0,0,0,9625676,5.09
14/06/2024,0,0,18.95(0.26 %),0,0,0,0,9625676,5.09
17/06/2024,0,0,19.1(0.79 %),0,0,0,0,9625676,5.09
18/06/2024,-19900,-371575000,19(-0.52 %),0,0,19900,371575000,9625676,5.09
19/06/2024,-8200,-151990000,18.95(-0.26 %),0,0,8200,151990000,9625676,5.09
20/06/2024,0,0,18.95(0.00 %),0,0,0,0,9645576,5.0
21/06/2024,-800,-14790000,19(0.26 %),0,0,800,14790000,9653776,4.96
24/06/2024,800,14470000,18.95(-0.26 %),2000,36900000,1200,22430000,9651776,4.97
25/06/2024,-3000,-56700000,18.95(0.00 %),0,0,3000,56700000,9652576,4.96
26/06/2024,0,0,18.95(0.00 %),0,0,0,0,9653776,4.96
27/06/2024,-1400,-26460000,18.95(0.00 %),0,0,1400,26460000,9656776,4.95
28/06/2024,0,0,19.05(0.53 %),0,0,0,0,9656776,4.95
04/07/2024,0,0,19.1(0.00 %),0,0,0,0,9658176,0.0
05/07/2024,0,0,19.05(-0.26 %),0,0,0,0,9658176,0.0
08/07/2024,0,0,19.05(0.00 %),0,0,0,0,9658176,0.0
09/07/2024,-1500,-28500000,18.95(-0.52 %),0,0,1500,28500000,9659676,0.0
10/07/2024,0,0,18.95(0.00 %),0,0,0,0,9659676,0.0
11/07/2024,0,0,18.95(0.00 %),0,0,0,0,9659676,0.0
12/07/2024,-100,-1890000,18.9(-0.26 %),0,0,100,1890000,9659776,0.0
15/07/2024,-2400,-45360000,19.9(5.29 %),0,0,2400,45360000,9662176,0.0
16/07/2024,0,0,19.9(0.00 %),0,0,0,0,9662176,0.0
17/07/2024,-5000,-93950000,19.5(-2.01 %),1500,28430000,6500,122380000,9667176,0.0
18/07/2024,0,0,19.5(0.00 %),0,0,0,0,9667176,0.0
19/07/2024,200,3940000,20.85(6.92 %),200,3940000,0,0,9666976,0.0
22/07/2024,2300,50960000,22.3(6.95 %),3300,73260000,1000,22300000,9664676,0.0
23/07/2024,10500,241915000,23.05(3.36 %),11600,267705000,1100,25790000,9654176,0.0
24/07/2024,0,-180000,22.25(-3.47 %),600,13080000,600,13260000,9654176,0.0
25/07/2024,-5000,-109600000,22.05(-0.90 %),0,0,5000,109600000,9659176,0.0
26/07/2024,-100,-2225000,22.4(1.59 %),0,0,100,2225000,9659276,0.0
29/07/2024,-300,-6705000,22.5(0.45 %),0,0,300,6705000,9659576,0.0
30/07/2024,-300,-6705000,22.95(2.00 %),0,0,300,6705000,9659876,0.0
31/07/2024,-100,-2310000,23.1(0.65 %),0,0,100,2310000,9659976,0.0
01/08/2024,100,2150000,22.9(-0.87 %),300,6750000,200,4600000,9662276,0.0
02/08/2024,0,-20000,22.8(-0.44 %),200,4460000,200,4480000,9662276,0.0
05/08/2024,3200,69170000,21.65(-5.04 %),3200,69170000,0,0,9659076,0.0
06/08/2024,0,0,22.5(3.93 %),0,0,0,0,9659076,0.0
07/08/2024,0,0,22.35(-0.67 %),0,0,0,0,9659076,0.0
08/08/2024,-100,-2235000,22.3(-0.22 %),0,0,100,2235000,9659176,0.0
09/08/2024,0,0,22.35(0.22 %),0,0,0,0,9659176,0.0
12/08/2024,200,4400000,22.35(0.00 %),200,4400000,0,0,9658976,0.0
13/08/2024,200,4400000,22.35(0.00 %),200,4400000,0,0,9658776,0.0
14/08/2024,400,8740000,22.5(0.67 %),500,10950000,100,2210000,9658376,0.0
15/08/2024,1200,26490000,22.5(0.00 %),1200,26490000,0,0,9657176,0.0
16/08/2024,-300,-6870000,23.1(2.67 %),0,0,300,6870000,9657476,0.0
19/08/2024,700,15750000,23.2(0.43 %),700,15750000,0,0,9656776,0.0
20/08/2024,31000,748645000,23.65(1.94 %),31800,767385000,800,18740000,9625776,0.0
21/08/2024,0,0,23.8(0.63 %),0,0,0,0,9625776,0.0
22/08/2024,0,0,23.6(-0.84 %),0,0,0,0,9625776,0.0
23/08/2024,100,2285000,23.25(-1.48 %),100,2285000,0,0,9625676,0.0
26/08/2024,-600,-14040000,23.35(0.43 %),0,0,600,14040000,9626276,0.0
27/08/2024,0,0,23(-1.50 %),0,0,0,0,9626276,0.0
28/08/2024,0,0,23.2(0.87 %),0,0,0,0,9626276,0.0
29/08/2024,-1500,-34875000,23.4(0.86 %),0,0,1500,34875000,9627776,0.0
30/08/2024,5300,124020000,23.65(1.07 %),5300,124020000,0,0,9622476,0.0
04/09/2024,2100,47670000,23.55(-0.42 %),2100,47670000,0,0,9620976,0.0
05/09/2024,0,0,23.65(0.42 %),0,0,0,0,9620976,0.0
06/09/2024,0,0,23.6(-0.21 %),0,0,0,0,9620976,0.0
09/09/2024,0,0,23.4(-0.85 %),0,0,0,0,9620976,0.0
10/09/2024,0,0,23.25(-0.64 %),0,0,0,0,9620976,0.0
11/09/2024,0,0,23(-1.08 %),0,0,0,0,9620976,0.0
12/09/2024,-500,-11250000,22.75(1.11 %),0,0,500,11250000,9621476,0.0
13/09/2024,-500,-11425000,22.8(0.22 %),0,0,500,11425000,9621976,0.0
16/09/2024,-600,-13650000,22.75(-0.22 %),0,0,600,13650000,9622576,0.0
17/09/2024,300,6680000,22.7(-0.22 %),300,6680000,0,0,9622276,0.0
18/09/2024,1200,26780000,22.8(0.44 %),1300,29055000,100,2275000,9621076,0.0
19/09/2024,700,15960000,22.8(0.00 %),700,15960000,0,0,9620376,0.0
20/09/2024,0,0,22.8(0.00 %),0,0,0,0,9620376,0.0
23/09/2024,0,0,22.75(-0.22 %),0,0,0,0,9620376,0.0
24/09/2024,0,0,22.75(0.00 %),0,0,0,0,9620376,0.0
25/09/2024,0,0,22.6(-0.66 %),0,0,0,0,9620376,0.0
26/09/2024,0,0,22.4(-0.88 %),0,0,0,0,9620376,0.0
27/09/2024,0,0,22(-1.79 %),0,0,0,0,9620376,0.0
30/09/2024,0,0,22.35(1.59 %),0,0,0,0,9620376,0.0
01/10/2024,0,0,22.35(0.00 %),0,0,0,0,9619829,0.0
02/10/2024,-900,-19980000,22.3(-0.22 %),0,0,900,19980000,9620729,0.0
03/10/2024,0,0,22.15(-0.67 %),0,0,0,0,9620729,0.0
04/10/2024,-100,-2200000,22.1(-0.23 %),0,0,100,2200000,9620829,0.0
07/10/2024,0,0,22.05(-0.23 %),0,0,0,0,9620829,0.0
08/10/2024,-600,-13075000,21.95(-0.45 %),0,0,600,13075000,9621429,0.0
09/10/2024,600,12990000,22(0.23 %),600,12990000,0,0,9620829,0.0
10/10/2024,0,0,21.95(-0.23 %),0,0,0,0,9620829,0.0
11/10/2024,0,0,22(0.23 %),0,0,0,0,9620829,0.0
14/10/2024,-100,-2190000,21.95(-0.23 %),0,0,100,2190000,9620929,0.0
15/10/2024,800,17200000,21.85(-0.46 %),800,17200000,0,0,9620129,0.0
16/10/2024,0,0,21.75(-0.46 %),0,0,0,0,9620129,0.0
17/10/2024,0,0,21.95(0.92 %),0,0,0,0,9620129,0.0
18/10/2024,0,0,22.5(2.51 %),0,0,0,0,9620129,0.0
21/10/2024,-900,-20160000,22.4(-0.44 %),0,0,900,20160000,9621029,0.0
22/10/2024,0,0,22.4(0.00 %),0,0,0,0,9621029,0.0
23/10/2024,200,4460000,22.35(-0.22 %),200,4460000,0,0,9620829,0.0
24/10/2024,0,0,22.35(0.00 %),0,0,0,0,9620829,0.0
25/10/2024,-200,-4480000,22.4(0.22 %),0,0,200,4480000,9621029,0.0
28/10/2024,500,10950000,22.35(-0.22 %),500,10950000,0,0,9620529,0.0
29/10/2024,0,0,22.3(-0.22 %),0,0,0,0,9620529,0.0
30/10/2024,0,0,22.25(-0.22 %),0,0,0,0,9620529,0.0
31/10/2024,-5400,-119340000,22.05(-0.90 %),0,0,5400,119340000,9625929,0.0
01/11/2024,0,0,21.95(-0.45 %),0,0,0,0,9620555,0.0
04/11/2024,-100,-2160000,21.8(-0.68 %),100,2200000,200,4360000,9620655,0.0
05/11/2024,100,2070000,21.75(-0.23 %),300,6420000,200,4350000,9620555,0.0
06/11/2024,-900,-19650000,21.85(0.46 %),0,0,900,19650000,9621455,0.0
07/11/2024,0,0,21.75(-0.46 %),0,0,0,0,9621455,0.0
08/11/2024,300,6330000,21.35(-1.84 %),300,6330000,0,0,9621155,0.0
11/11/2024,0,5000,21.35(0.00 %),100,2135000,100,2130000,9621155,0.0
12/11/2024,-100,-2105000,21.05(-1.41 %),0,0,100,2105000,9631164,5.06
13/11/2024,300,6180000,21(-0.24 %),300,6180000,0,0,9620955,0.0
14/11/2024,300,6100000,20.7(-1.43 %),400,8200000,100,2100000,9620655,0.0
15/11/2024,-100,-2060000,20.9(0.97 %),0,0,100,2060000,9620755,0.0
18/11/2024,0,0,20.8(-0.48 %),0,0,0,0,9620755,0.0
19/11/2024,0,0,20.85(0.24 %),0,0,0,0,9620755,0.0
20/11/2024,-500,-10425000,21.15(1.44 %),0,0,500,10425000,9621255,0.0
21/11/2024,0,0,21.15(0.00 %),0,0,0,0,9621255,0.0
22/11/2024,200,3995000,21.15(0.00 %),600,12395000,400,8400000,9621055,0.0
25/11/2024,-700,-14490000,21.3(0.71 %),0,0,700,14490000,9626058,5.09
26/11/2024,300,6300000,21.85(2.58 %),300,6300000,0,0,9626158,5.09
27/11/2024,-100,-2150000,21.85(0.00 %),200,4240000,300,6390000,9626658,5.08
28/11/2024,0,0,21.9(0.23 %),0,0,0,0,9626661,5.08
29/11/2024,0,0,21.65(-1.14 %),0,0,0,0,9626961,5.08
02/12/2024,-600,-12775000,21.65(0.00 %),0,0,600,12775000,9626961,5.08
03/12/2024,0,0,21.8(0.69 %),0,0,0,0,9626961,5.08
04/12/2024,-4000,-86000000,21.85(0.23 %),0,0,4000,86000000,9627564,5.08
05/12/2024,0,0,21.95(0.46 %),0,0,0,0,9627564,5.08
09/12/2024,200,4340000,22.15(0.23 %),200,4340000,0,0,9631364,5.06
10/12/2024,-200,-4420000,22.25(0.45 %),0,0,200,4420000,9631364,5.06
16/12/2024,0,0,21.95(0.23 %),0,0,0,0,9631190,5.06
17/12/2024,0,0,21.85(-0.46 %),0,0,0,0,9631390,5.06
18/12/2024,-600,-13110000,21.9(0.23 %),0,0,600,13110000,9631390,5.06
19/12/2024,1500,33045000,22.4(2.28 %),1500,33045000,0,0,9629890,5.07
20/12/2024,1300,29155000,22.7(1.34 %),1300,29155000,0,0,9629190,5.07
24/12/2024,0,0,23.2(1.09 %),0,0,0,0,9629190,5.07
25/12/2024,500,11765000,23.5(1.29 %),1000,23440000,500,11675000,9628690,5.07
26/12/2024,-3800,-89100000,23.5(0.00 %),200,4690000,4000,93790000,9629490,5.07
27/12/2024,0,0,23.5(0.00 %),0,0,0,0,9629990,5.07
30/12/2024,-8000,-178800000,23.5(0.00 %),0,0,8000,178800000,9633990,5.05
31/12/2024,-300,-7035000,23.5(0.00 %),0,0,300,7035000,9633990,5.05
02/01/2025,0,0,23.5(0.00 %),0,0,0,0,9641990,5.01
03/01/2025,-1100,-25520000,23.45(-0.21 %),0,0,1100,25520000,9642290,5.01
06/01/2025,-100,-2340000,23.45(0.00 %),0,0,100,2340000,9642290,5.01
07/01/2025,-200,-4600000,23.3(-0.64 %),0,0,200,4600000,9642290,5.01
08/01/2025,0,0,23.3(0.00 %),0,0,0,0,9643542,5.01
09/01/2025,0,0,23.3(0.00 %),0,0,0,0,9643742,5.0
10/01/2025,1000,23500000,23.4(0.43 %),1000,23500000,0,0,9642742,5.01
13/01/2025,-100,-2355000,23.45(0.21 %),0,0,100,2355000,9642742,5.01
14/01/2025,0,0,23.45(0.00 %),0,0,0,0,9642742,5.01
15/01/2025,-600,-14010000,23.5(0.21 %),0,0,600,14010000,9642886,5.01
16/01/2025,-400,-9360000,23.5(0.00 %),0,0,400,9360000,9643286,0.0
17/01/2025,0,0,23.5(0.00 %),0,0,0,0,9643486,5.01
20/01/2025,-100,-2365000,23.6(0.43 %),0,0,100,2365000,9643886,5.0
21/01/2025,-1300,-30580000,23.6(0.00 %),0,0,1300,30580000,9643886,5.0
22/01/2025,0,0,23.7(0.42 %),0,0,0,0,9643986,5.0
23/01/2025,0,0,23.8(0.42 %),0,0,0,0,9645286,5.0
24/01/2025,-300,-7275000,25.2(5.88 %),0,0,300,7275000,9645286,5.0
03/02/2025,1400,36400000,0(0.00 %),1700,44125000,300,7725000,9643586,5.01
04/02/2025,0,0,25.95(0.58 %),0,0,0,0,9643886,5.0
05/02/2025,6000,156180000,26.2(0.96 %),6000,156180000,0,0,9638186,5.03
06/02/2025,-800,-20770000,26.2(0.00 %),0,0,800,20770000,9638186,5.03
07/02/2025,800,20000000,26.2(0.00 %),800,20000000,0,0,9637386,5.03
10/02/2025,-500,-13255000,27.2(3.82 %),600,16110000,1100,29365000,9637586,5.03
11/02/2025,-2300,-62930000,29.1(6.99 %),300,8640000,2600,71570000,9637286,5.03
12/02/2025,-3300,-96115000,28.95(-0.52 %),0,0,3300,96115000,9638386,5.03
13/02/2025,-200,-5865000,28.8(-0.52 %),400,11175000,600,17040000,9640586,5.02
14/02/2025,-1100,-31695000,28(-2.78 %),0,0,1100,31695000,9643886,5.0
17/02/2025,-4400,-126790000,29.05(3.75 %),100,2810000,4500,129600000,9644386,5.0
18/02/2025,-5300,-156785000,29.5(1.55 %),0,0,5300,156785000,9645486,5.0
19/02/2025,-400,-12295000,29.5(0.00 %),700,20160000,1100,32455000,9649286,4.98
20/02/2025,-100,-3560000,29.45(-0.17 %),1000,28400000,1100,31960000,9653666,4.96
21/02/2025,-400,-11600000,29.4(-0.17 %),0,0,400,11600000,9654766,4.95
24/02/2025,-700,-20280000,29.4(0.00 %),0,0,700,20280000,9655866,4.95
25/02/2025,-200,-5810000,29.55(0.51 %),0,0,200,5810000,9656266,4.95
26/02/2025,-800,-23240000,29.45(-0.34 %),0,0,800,23240000,9656966,4.94
27/02/2025,0,0,29.4(-0.17 %),0,0,0,0,9657166,4.94
28/02/2025,-300,-8805000,29.35(-0.17 %),0,0,300,8805000,9657966,4.94
03/03/2025,100,2870000,29.45(0.34 %),100,2870000,0,0,9657866,4.94
04/03/2025,0,0,29.4(-0.17 %),0,0,0,0,9658169,4.94
05/03/2025,0,0,28.05(-4.59 %),0,0,0,0,9658169,4.94
06/03/2025,-1000,-29450000,28.85(2.85 %),3000,85650000,4000,115100000,9655169,4.95
07/03/2025,0,0,28.75(-0.35 %),0,0,0,0,9655169,4.95
10/03/2025,0,0,28.75(0.00 %),0,0,0,0,9659169,4.93
11/03/2025,0,0,28.8(0.17 %),0,0,0,0,9659169,4.93
12/03/2025,0,0,28.5(-1.04 %),0,0,0,0,9659172,4.93
13/03/2025,1700,48390000,28.6(0.35 %),1700,48390000,0,0,9657472,4.94
14/03/2025,0,0,28.5(-0.35 %),0,0,0,0,9657472,4.94
17/03/2025,-100,-2830000,28.55(0.18 %),0,0,100,2830000,9657472,4.94
18/03/2025,-100,-2860000,28.55(0.00 %),0,0,100,2860000,9657472,4.94
19/03/2025,-700,-19915000,28.6(0.18 %),0,0,700,19915000,9657572,4.94
20/03/2025,-600,-17040000,28.6(0.00 %),0,0,600,17040000,9657672,4.94
21/03/2025,-1400,-39970000,28.6(0.00 %),0,0,1400,39970000,9658373,4.94
24/03/2025,0,0,28.7(0.35 %),0,0,0,0,9658973,4.94
25/03/2025,-500,-14250000,28.75(0.17 %),0,0,500,14250000,9660373,4.93
26/03/2025,-4600,-132440000,28.85(0.35 %),0,0,4600,132440000,9660373,4.93
27/03/2025,-19900,-604285000,30.85(6.93 %),0,0,19900,604285000,9660873,4.93
28/03/2025,-4200,-136360000,31.95(3.57 %),0,0,4200,136360000,9665503,4.91
31/03/2025,600,17665000,31.8(-0.47 %),700,20860000,100,3195000,9684762,4.82
01/04/2025,10000,307200000,32(0.63 %),17900,560000000,7900,252800000,9671062,4.88
02/04/2025,-2200,-69550000,32.45(1.41 %),12800,411265000,15000,480815000,9658362,4.94
03/04/2025,12300,371460000,32.4(-0.15 %),12300,371460000,0,0,9653962,4.96
04/04/2025,-2200,-67050000,32.4(0.00 %),0,0,2200,67050000,9668962,4.89
08/04/2025,-200,-6330000,30.15(-6.94 %),0,0,200,6330000,9668962,4.89
09/04/2025,-1100,-30955000,30(-0.50 %),0,0,1100,30955000,9671162,4.88
10/04/2025,-900,-28580000,32.05(6.83 %),1300,41470000,2200,70050000,9670062,4.88
11/04/2025,0,0,31.9(-0.47 %),0,0,0,0,9671162,4.88
14/04/2025,-200,-6320000,31.6(-0.94 %),0,0,200,6320000,9673362,4.87
15/04/2025,-2800,-88040000,31.4(-0.63 %),0,0,2800,88040000,9673362,4.87
16/04/2025,0,0,31.45(0.16 %),0,0,0,0,9673562,4.87
17/04/2025,0,0,31.45(0.00 %),0,0,0,0,9676362,4.86
18/04/2025,300,9120000,31.4(-0.16 %),300,9120000,0,0,9676062,4.86
21/04/2025,-5200,-164800000,31.3(-0.32 %),6300,197450000,11500,362250000,9669762,4.89
22/04/2025,0,0,30.6(-2.24 %),0,0,0,0,9669762,4.89
23/04/2025,700,21510000,31(1.31 %),1000,30750000,300,9240000,9680262,4.84
24/04/2025,-2800,-86520000,30.95(-0.16 %),0,0,2800,86520000,9680262,4.84
25/04/2025,0,0,30.95(0.00 %),0,0,0,0,9680562,4.84
28/04/2025,-200,-6160000,30.8(-0.48 %),0,0,200,6160000,9683362,4.82
29/04/2025,0,0,30.9(0.32 %),0,0,0,0,9683362,4.82
05/05/2025,0,0,30.9(0.00 %),0,0,0,0,9683562,4.82
06/05/2025,0,0,30.85(-0.16 %),0,0,0,0,9683562,4.82
07/05/2025,0,0,30.85(0.00 %),0,0,0,0,9683562,4.82
08/05/2025,-38900,-1146245000,30.65(-0.65 %),0,0,38900,1146245000,9683562,4.82
09/05/2025,-900,-27240000,30.5(-0.49 %),300,9040000,1200,36280000,9683562,4.82
12/05/2025,1200,35200000,29.95(-1.80 %),1200,35200000,0,0,9721262,4.65
13/05/2025,-1400,-40340000,29.95(0.00 %),0,0,1400,40340000,9722162,4.65
14/05/2025,0,0,30(0.17 %),0,0,0,0,9722162,4.65
15/05/2025,0,0,29.85(-0.50 %),0,0,0,0,9723562,4.64
16/05/2025,0,0,29.65(-0.67 %),0,0,0,0,9723562,4.64
19/05/2025,400,11570000,29.6(-0.17 %),400,11570000,0,0,9723162,4.64
20/05/2025,0,-8874200,29.2(-1.35 %),0,0,0,8874200,9723162,4.64
21/05/2025,0,0,29.05(-0.51 %),0,0,0,0,9723162,4.64
22/05/2025,2600,-638550000,29.8(2.58 %),2600,76785000,0,715335000,9723466,4.64
23/05/2025,-500,-15155000,31(4.03 %),500,15095000,1000,30250000,9723466,4.64
26/05/2025,0,0,32.2(3.87 %),0,0,0,0,9745366,4.54
27/05/2025,-80200,-2493800000,31.9(-0.93 %),2400,74630000,82600,2568430000,9745866,4.54
28/05/2025,0,-2338770000,31.8(-0.31 %),0,0,0,2338770000,9745866,4.54
29/05/2025,0,-1514685000,31.5(-0.94 %),0,0,0,1514685000,9826066,4.17
30/05/2025,2900,16590000,31.7(0.63 %),2900,91060000,0,74470000,9900966,3.83
02/06/2025,600,3260000,33(4.10 %),600,19560000,0,16300000,9949666,3.61
03/06/2025,0,0,33.3(0.91 %),0,0,0,0,9949666,3.61
04/06/2025,0,-55900000,33.3(0.00 %),0,0,0,55900000,9949666,3.61
05/06/2025,0,-39210000,33.15(-0.45 %),0,0,0,39210000,9949666,3.61
06/06/2025,0,0,33(-0.45 %),0,0,0,0,9951366,3.6
09/06/2025,0,0,32.95(-0.15 %),0,0,0,0,9952566,3.6
10/06/2025,2300,74750000,32.95(0.00 %),2300,74750000,0,0,9950266,3.61
11/06/2025,0,0,32.9(-0.15 %),0,0,0,0,9950266,3.61
12/06/2025,200,6600000,33.25(1.06 %),200,6600000,0,0,9950066,3.61
13/06/2025,5700,185595000,33(-0.75 %),5700,185595000,0,0,9944366,3.63
16/06/2025,6500,212515000,32.9(-0.30 %),6500,212515000,0,0,9937866,3.66
17/06/2025,18600,605445000,33.1(0.61 %),18600,605445000,0,0,9919266,3.75
18/06/2025,17600,579300000,33.2(0.30 %),18800,618915000,1200,39615000,9901666,3.83
19/06/2025,12400,404540000,32.9(-0.90 %),13200,430860000,800,26320000,9889266,3.88
20/06/2025,10000,324750000,33.1(0.61 %),10000,324750000,0,0,9879266,3.93
23/06/2025,11300,368380000,33.25(0.45 %),11300,368380000,0,0,9867966,3.98
24/06/2025,10200,338900000,33.45(0.60 %),10200,338900000,0,0,9857766,4.03
25/06/2025,8400,284595000,34(1.64 %),8400,284595000,0,0,9849366,4.07
26/06/2025,1900,64295000,34(0.00 %),1900,64295000,0,0,9847366,4.08
27/06/2025,9000,298950000,33.8(-0.59 %),10000,332650000,1000,33700000,9838366,4.12
30/06/2025,-2300,-75870000,33.8(0.00 %),800,26240000,3100,102110000,9838366,4.12
01/07/2025,5100,167510000,33.4(-1.18 %),5500,180850000,400,13340000,9833266,4.14
02/07/2025,7200,236660000,33.3(-0.30 %),9400,308720000,2200,72060000,9828366,4.16
03/07/2025,4500,146610000,33.4(0.30 %),4500,146610000,0,0,9823866,4.18
04/07/2025,2500,81760000,33.5(0.30 %),2500,81760000,0,0,9821366,4.19
07/07/2025,3800,126150000,33.5(0.00 %),3800,126150000,0,0,9817566,4.21
08/07/2025,-3000,-98775000,33.35(-0.45 %),1900,62265000,4900,161040000,9817566,4.21
09/07/2025,-14700,-482120000,33.35(0.00 %),0,0,14700,482120000,9817566,4.21
10/07/2025,0,0,33.25(-0.30 %),0,0,0,0,9817566,4.21
11/07/2025,-200,-6550000,33.2(-0.15 %),0,0,200,6550000,9835266,4.13
14/07/2025,-100,-3265000,33(-0.60 %),0,0,100,3265000,9835266,4.13
15/07/2025,4600,151125000,33.05(0.15 %),5300,174295000,700,23170000,9830866,4.15
16/07/2025,100,3280000,32.95(-0.30 %),100,3280000,0,0,9830866,4.15
17/07/2025,10500,344115000,33.6(1.97 %),10900,357275000,400,13160000,9830866,4.15
18/07/2025,9900,338565000,35.95(6.99 %),18100,617290000,8200,278725000,9810466,4.24
21/07/2025,400,14570000,38(5.70 %),2500,94735000,2100,80165000,9810066,4.25
22/07/2025,-23600,-882210000,37.7(-0.79 %),300,11260000,23900,893470000,9810066,4.25
23/07/2025,-9400,-351655000,37.8(0.27 %),0,0,9400,351655000,9810066,4.25
24/07/2025,-7400,-279415000,38(0.53 %),0,0,7400,279415000,9833666,4.14
25/07/2025,-3000,-112900000,37.9(-0.26 %),0,0,3000,112900000,9843066,4.1
28/07/2025,-4300,-160035000,37(-2.37 %),1000,37000000,5300,197035000,9850466,4.06
29/07/2025,-4400,-160965000,36.65(-0.95 %),100,3660000,4500,164625000,9853466,4.05
30/07/2025,-3900,-142520000,36.5(-0.41 %),400,14430000,4300,156950000,9857766,4.03
31/07/2025,-6000,-216440000,36(-1.37 %),0,0,6000,216440000,9862166,4.01
01/08/2025,0,0,36.2(0.56 %),0,0,0,0,9866066,3.99
04/08/2025,-1300,-45050000,36.3(0.28 %),6700,243250000,8000,288300000,9872066,3.96
05/08/2025,800,29040000,36.5(0.55 %),800,29040000,0,0,9871266,3.97
06/08/2025,-3200,-120065000,37.8(3.56 %),200,7310000,3400,127375000,9872566,3.96
07/08/2025,2000,74005000,37.9(2.99 %),9100,336585000,7100,262580000,9870566,3.97
08/08/2025,-1100,-41985000,38.2(0.79 %),600,22845000,1700,64830000,9873766,3.96
11/08/2025,-100,-3820000,39(2.09 %),0,0,100,3820000,9873766,3.96
12/08/2025,1100,48880000,41.45(6.28 %),3600,148380000,2500,99500000,9873826,3.96
13/08/2025,1200,55025000,43.7(5.43 %),6400,273740000,5200,218715000,9872726,3.96
14/08/2025,300,12700000,43(-1.60 %),300,12700000,0,0,9872426,3.96
15/08/2025,-500,-21830000,43(0.00 %),100,4220000,600,26050000,9872426,3.96
18/08/2025,-4400,-192355000,43.7(1.63 %),700,30100000,5100,222455000,9872426,3.96
19/08/2025,-600,-25985000,43.85(0.34 %),500,21810000,1100,47795000,9872926,3.96
20/08/2025,-3000,-130000000,44(0.34 %),0,0,3000,130000000,9877326,3.94
21/08/2025,14400,619960000,44(0.00 %),27000,1163140000,12600,543180000,9863526,4.0
22/08/2025,0,0,44.3(0.68 %),0,0,0,0,9863526,4.0
25/08/2025,-1500,-65855000,43.95(-0.79 %),100,4440000,1600,70295000,9866526,3.99
