Ngay,KLGDRong,GTDGRong,ThayDoi,KLMua,GtMua,KLBan,GtBan,RoomConLai,DangSoHuu
19/10/2009,0,0,0(0.00 %),0,0,0,0,5805160,23.79
20/10/2009,0,0,0(0.00 %),0,0,0,0,5805160,23.79
21/10/2009,0,0,0(0.00 %),0,0,0,0,5805160,23.79
22/10/2009,0,0,0(0.00 %),0,0,0,0,5805160,23.79
23/10/2009,0,0,0(0.00 %),0,0,0,0,5805160,23.79
26/10/2009,0,0,0(0.00 %),0,0,0,0,5805160,23.79
27/10/2009,0,0,0(0.00 %),0,0,0,0,5805160,23.79
28/10/2009,0,0,0(0.00 %),0,0,0,0,5805160,23.79
29/10/2009,30910,2936450000,95(4.97 %),43710,4152450000,12800,1216000000,5774250,23.93
30/10/2009,-120950,-12011425000,96(1.05 %),29050,2888575000,150000,14900000000,5895200,23.4
02/11/2009,-8000,-732000000,91.5(-4.69 %),11000,1006500000,19000,1738500000,5903200,23.37
03/11/2009,1000,88000000,87(-4.92 %),1000,88000000,0,0,5902200,23.37
04/11/2009,3570,296560000,83(-4.60 %),3570,296560000,0,0,5898630,23.39
05/11/2009,350,28950000,83.5(0.60 %),700,58000000,350,29050000,5898280,23.39
06/11/2009,14310,1227220000,82(-1.80 %),14310,1227220000,0,0,5883970,23.45
09/11/2009,2320,186920000,78(-4.88 %),2320,186920000,0,0,5881650,23.46
10/11/2009,150,11300000,74.5(-4.49 %),650,48550000,500,37250000,5881500,23.46
11/11/2009,-2320,-173720000,78(4.70 %),3680,276280000,6000,450000000,5883820,23.45
12/11/2009,-1020,-82110000,81.5(4.49 %),350,28175000,1370,110285000,5884840,23.45
13/11/2009,-197890,-16925925000,85.5(4.91 %),2610,215325000,200500,17141250000,6082730,22.59
16/11/2009,-300000,-26050000000,89.5(4.68 %),0,0,300000,26050000000,6382730,21.28
17/11/2009,-214540,-19331730000,91(1.68 %),450,40500000,214990,19372230000,6597270,20.35
18/11/2009,-16440,-1467250000,91(0.00 %),13560,1205250000,30000,2672500000,6613710,20.28
19/11/2009,-15250,-1373325000,88(-3.30 %),10000,905000000,25250,2278325000,6628960,20.21
20/11/2009,-37070,-3300080000,87.5(-0.57 %),420,36960000,37490,3337040000,6666030,20.05
23/11/2009,250,21620000,83.5(-4.57 %),250,21620000,0,0,6665780,20.05
24/11/2009,-300,-25800000,80.5(-3.59 %),300,24000000,600,49800000,6666080,20.05
25/11/2009,1580,124710000,76.5(-4.97 %),1580,124710000,0,0,6664500,20.06
26/11/2009,-1200,-86400000,72(-4.64 %),0,0,1200,86400000,6665700,20.06
27/11/2009,20660,1412760000,75.5(4.86 %),21010,1439185000,350,26425000,6645040,20.14
30/11/2009,12660,956030000,78(3.31 %),12660,956030000,0,0,6632380,20.2
01/12/2009,120,9375000,77.5(-0.64 %),120,9375000,0,0,6632260,20.2
02/12/2009,7690,576750000,74(-4.52 %),8190,614250000,500,37500000,6624570,20.23
03/12/2009,400,28400000,72(-2.70 %),400,28400000,0,0,6624170,20.24
04/12/2009,9700,724800000,74(2.78 %),10000,747000000,300,22200000,6614470,20.28
07/12/2009,0,0,75.5(2.03 %),0,0,0,0,6614470,20.28
08/12/2009,0,0,72.5(-3.97 %),0,0,0,0,6614470,20.28
09/12/2009,10670,741900000,69(-4.83 %),10670,741900000,0,0,6603800,20.32
10/12/2009,-400,-26800000,66(-4.35 %),0,0,400,26800000,6604200,20.32
11/12/2009,29000,1826500000,63(-4.55 %),30000,1890000000,1000,63500000,6575200,20.45
14/12/2009,80,5240000,66(4.76 %),80,5240000,0,0,6575120,20.45
15/12/2009,0,0,64.5(-2.27 %),0,0,0,0,6575120,20.45
16/12/2009,2700,167400000,61.5(-4.65 %),2700,167400000,0,0,6572420,20.46
17/12/2009,1310,78445000,61(-0.81 %),2310,137195000,1000,58750000,6571110,20.47
18/12/2009,2500,155900000,64(4.92 %),2500,155900000,0,0,6568610,20.48
21/12/2009,0,0,67(4.69 %),0,0,0,0,6568610,20.48
22/12/2009,-1800,-118900000,65.5(-2.24 %),0,0,1800,118900000,6570410,20.47
23/12/2009,0,0,65.5(0.00 %),0,0,0,0,6570410,20.47
24/12/2009,10,645000,67.5(3.05 %),10,645000,0,0,6570400,20.47
25/12/2009,1900,132050000,70.5(4.44 %),1900,132050000,0,0,6568500,20.48
28/12/2009,-2000,-145000000,74(4.96 %),0,0,2000,145000000,6570500,20.47
29/12/2009,-23520,-1822800000,77.5(4.73 %),0,0,23520,1822800000,6594020,20.37
30/12/2009,-199100,-16127350000,79(1.94 %),900,72650000,200000,16200000000,6793120,19.5
31/12/2009,-174200,-14081170000,79.5(0.63 %),800,63625000,175000,14144795000,6967320,18.75
04/01/2010,-250000,-20750000000,83(4.40 %),0,0,250000,20750000000,7217320,17.66
05/01/2010,-99600,-8665200000,87(4.82 %),400,34800000,100000,8700000000,7316920,17.23
06/01/2010,-190130,-16809435000,91(4.60 %),9870,873810000,200000,17683245000,7507050,16.4
07/01/2010,-114000,-10887000000,95.5(4.95 %),0,0,114000,10887000000,7621050,15.91
08/01/2010,-1115760,-111588510000,93(-2.62 %),20250,2012400000,1136010,113600910000,8736810,11.06
11/01/2010,100,9050000,93.5(0.54 %),200,18400000,100,9350000,8736710,11.06
12/01/2010,850,79050000,89(-4.81 %),850,79050000,0,0,8735860,11.07
13/01/2010,-57980,-5341070000,93(4.49 %),2020,179780000,60000,5520850000,8793840,10.81
14/01/2010,-45140,-4220905000,92(-1.08 %),7860,734595000,53000,4955500000,8838980,10.62
15/01/2010,-21200,-1926800000,89(-3.26 %),9400,848400000,30600,2775200000,8860180,10.53
18/01/2010,10000,856600000,85(-4.49 %),10000,856600000,0,0,8850180,10.57
19/01/2010,-1210,-102850000,85.5(0.59 %),300,25500000,1510,128350000,8851390,10.56
20/01/2010,0,0,82(-4.09 %),0,0,0,0,8851390,10.56
21/01/2010,-570,-48100000,78(-4.88 %),6430,511900000,7000,560000000,8851960,10.56
22/01/2010,1280,99700000,78(0.00 %),1280,99700000,0,0,8850680,10.57
25/01/2010,0,0,78(0.00 %),0,0,0,0,8850680,10.57
26/01/2010,0,0,81.5(4.49 %),0,0,0,0,8850680,10.57
27/01/2010,9920,806520000,80.5(-1.23 %),11000,893500000,1080,86980000,8840760,10.61
28/01/2010,-4150,-329850000,78.5(-2.48 %),0,0,4150,329850000,8844910,10.59
29/01/2010,0,0,79.5(1.27 %),0,0,0,0,8844910,10.59
01/02/2010,500,41500000,83(4.40 %),500,41500000,0,0,8844410,10.59
02/02/2010,0,0,82.5(-0.60 %),0,0,0,0,8844410,10.59
03/02/2010,700,57550000,84(1.82 %),1100,90750000,400,33200000,8843710,10.6
04/02/2010,1500,126750000,87(3.57 %),1500,126750000,0,0,8842210,10.6
05/02/2010,47180,3957040000,85(-2.30 %),105180,8940300000,58000,4983260000,8795030,10.81
08/02/2010,360,30060000,83.5(-1.76 %),860,71810000,500,41750000,8794670,10.81
09/02/2010,-500,-41000000,81.5(-2.40 %),0,0,500,41000000,8795170,10.81
10/02/2010,21430,1745545000,82.5(1.23 %),22430,1828045000,1000,82500000,8773740,10.9
11/02/2010,2000,168500000,85.5(3.64 %),2000,168500000,0,0,8771740,10.91
12/02/2010,-35090,-3036035000,86.5(1.17 %),2000,172000000,37090,3208035000,8806830,10.76
22/02/2010,0,0,86(-0.58 %),0,0,0,0,8806830,10.76
23/02/2010,-59710,-5075350000,84(-2.33 %),260,22100000,59970,5097450000,8866540,10.5
24/02/2010,-22200,-1864800000,88(4.76 %),58800,4939200000,81000,6804000000,8888740,10.4
25/02/2010,-157030,-13897115000,86.5(-1.70 %),2260,201140000,159290,14098255000,9045770,9.72
26/02/2010,52330,4552710000,87(0.58 %),52330,4552710000,0,0,8745510,9.95
01/03/2010,11890,1040375000,88(1.15 %),11890,1040375000,0,0,8733620,11.08
02/03/2010,-6850,-602800000,87.5(-0.57 %),0,0,6850,602800000,8740470,11.05
03/03/2010,1370,120560000,88.5(1.14 %),1370,120560000,0,0,8739100,11.05
04/03/2010,-66860,-6022715000,88.5(0.00 %),450,40275000,67310,6062990000,8805960,10.76
05/03/2010,0,0,91(2.82 %),0,0,0,0,8805960,10.76
08/03/2010,-2000,-186000000,93(2.20 %),0,0,2000,186000000,8807960,10.75
09/03/2010,-19620,-1835660000,93.5(0.54 %),500,46500000,20120,1882160000,8827580,10.67
10/03/2010,90,8370000,92.5(-1.07 %),90,8370000,0,0,8827490,10.67
11/03/2010,-18500,-1720000000,93(0.54 %),0,0,18500,1720000000,8845990,10.59
12/03/2010,3910,362380000,96(3.23 %),4410,410130000,500,47750000,8842080,10.6
15/03/2010,-1950,-189550000,97(1.04 %),150,14700000,2100,204250000,8844030,10.6
16/03/2010,-44320,-4238755000,93(-4.12 %),0,0,44320,4238755000,8888350,10.4
17/03/2010,280,26200000,92(-1.08 %),280,26200000,0,0,8888070,10.4
18/03/2010,-6230,-579400000,94.5(2.72 %),0,0,6230,579400000,8894300,10.38
19/03/2010,300220,28685640000,96(1.59 %),300220,28685640000,0,0,8594080,11.68
22/03/2010,0,0,94(-2.08 %),0,0,0,0,8594080,11.68
23/03/2010,0,0,92(-2.13 %),0,0,0,0,8594080,11.68
24/03/2010,1110,102370000,93.5(1.63 %),1110,102370000,0,0,8592970,11.69
25/03/2010,-1540,-141700000,90.5(-3.21 %),200,18500000,1740,160200000,8594510,11.68
26/03/2010,-19520,-1758520000,90(-0.55 %),1400,126200000,20920,1884720000,8614030,11.59
29/03/2010,350,31675000,89.5(-0.56 %),350,31675000,0,0,8613680,11.6
30/03/2010,100,8900000,87.5(-2.23 %),100,8900000,0,0,8613580,11.6
31/03/2010,1120,97500000,85(-2.86 %),1120,97500000,0,0,8612460,11.6
01/04/2010,13430,1135570000,86(1.18 %),14910,1262850000,1480,127280000,8599030,11.66
02/04/2010,9330,803880000,86.5(0.58 %),9330,803880000,0,0,8589700,11.7
05/04/2010,9270,810125000,87.5(1.16 %),9270,810125000,0,0,8580430,11.74
06/04/2010,10180,899930000,88(0.57 %),10180,899930000,0,0,8570250,11.78
07/04/2010,1900,167400000,88(0.00 %),1900,167400000,0,0,8568350,11.79
08/04/2010,7070,626830000,88.5(0.57 %),7070,626830000,0,0,8561280,11.82
09/04/2010,-3910,-358990000,91.5(3.39 %),1090,98510000,5000,457500000,8565190,11.81
12/04/2010,41500,3764000000,90.5(-1.09 %),41500,3764000000,0,0,8523690,11.99
13/04/2010,-3400,-304120000,89.5(-1.10 %),1590,144980000,4990,449100000,8527090,11.97
14/04/2010,1810,161300000,89(-0.56 %),1810,161300000,0,0,8525280,11.98
15/04/2010,11110,994935000,90(1.12 %),11110,994935000,0,0,8514170,12.03
16/04/2010,550,50875000,91(1.11 %),550,50875000,0,0,8513620,12.03
19/04/2010,-60,-5990000,91.5(0.55 %),2800,256450000,2860,262440000,8513680,12.03
20/04/2010,-19480,-1775120000,89(-2.73 %),3300,298950000,22780,2074070000,8533160,11.95
21/04/2010,2660,236740000,88(-1.12 %),2660,236740000,0,0,8530500,11.96
22/04/2010,7150,646725000,88.5(0.57 %),26440,2363760000,19290,1717035000,8523350,11.99
26/04/2010,13630,1205855000,88(-0.56 %),17630,1557855000,4000,352000000,8473260,0.0
27/04/2010,0,0,38.5(4.90 %),0,0,0,0,8509720,12.05
28/04/2010,22830,922332000,40.4(4.94 %),22830,922332000,0,0,8486890,12.15
29/04/2010,-480360,-20267588000,41.9(3.71 %),500,21200000,480860,20288788000,8967250,10.06
04/05/2010,-86610,-3586031000,41.3(-1.43 %),4390,183719000,91000,3769750000,9053860,9.68
05/05/2010,-37500,-1543698000,40.8(-1.21 %),16000,656200000,53500,2199898000,9091360,9.52
06/05/2010,-3110,-126210000,40.5(-0.74 %),0,0,3110,126210000,9094470,9.51
07/05/2010,126460,5115263000,40(-1.23 %),129260,5226983000,2800,111720000,8968010,10.06
10/05/2010,3220,127310000,39(-2.50 %),3620,142990000,400,15680000,8964790,10.07
12/05/2010,79360,3030047000,37.5(-3.85 %),79360,3030047000,0,0,8885430,10.42
13/05/2010,27090,1018860000,37.2(-0.80 %),27090,1018860000,0,0,8858340,10.53
14/05/2010,2000,74475000,37.2(0.00 %),2000,74475000,0,0,8856340,10.54
17/05/2010,800,29550000,36.6(-1.61 %),800,29550000,0,0,8855540,10.55
18/05/2010,800,29530000,37.1(1.37 %),800,29530000,0,0,8854740,10.55
19/05/2010,-34520,-1241976000,35.6(-4.04 %),0,0,34520,1241976000,8889260,10.4
20/05/2010,1000,34200000,36.2(1.69 %),1000,34200000,0,0,8888260,10.4
21/05/2010,7480,258050000,34.4(-4.97 %),9480,327050000,2000,69000000,8880780,10.44
24/05/2010,700,24080000,34(-1.16 %),700,24080000,0,0,8880080,10.44
25/05/2010,7380,251250000,33.5(-1.47 %),37380,1265420000,30000,1014170000,8872700,10.47
26/05/2010,19860,671540000,34.2(2.09 %),19860,671540000,0,0,8852840,10.56
27/05/2010,-60,-2040000,34(-0.58 %),40,1360000,100,3400000,8852900,10.56
28/05/2010,-21000,-749700000,35.7(5.00 %),0,0,21000,749700000,8873900,10.47
31/05/2010,-10000,-360000000,36(0.84 %),0,0,10000,360000000,8883900,10.42
01/06/2010,-45500,-1592500000,35.5(-1.39 %),0,0,45500,1592500000,8929400,10.23
02/06/2010,-14090,-493168000,35.1(-1.13 %),0,0,14090,493168000,8943490,10.16
03/06/2010,-5800,-208220000,35(-0.28 %),0,0,5800,208220000,8949290,10.14
04/06/2010,-17820,-621736000,34.6(-1.14 %),0,0,17820,621736000,8967110,10.06
07/06/2010,-91310,-3034017000,33(-4.62 %),500,17000000,91810,3051017000,9058420,9.66
08/06/2010,-19160,-630882000,32.7(-0.91 %),600,19710000,19760,650592000,9077580,9.58
09/06/2010,-14270,-473664000,32.7(0.00 %),7700,254440000,21970,728104000,9091850,9.52
10/06/2010,-360,-11772000,32.9(0.61 %),0,0,360,11772000,9092210,9.52
11/06/2010,-1000,-33300000,33.2(0.91 %),0,0,1000,33300000,9093210,9.51
14/06/2010,4400,146360000,33.2(0.00 %),4400,146360000,0,0,9088810,9.53
15/06/2010,22590,743929000,33(-0.60 %),22590,743929000,0,0,9066220,9.63
16/06/2010,3000,99300000,33.4(1.21 %),3000,99300000,0,0,9063220,9.64
17/06/2010,12140,400620000,33(-1.20 %),12140,400620000,0,0,9051080,9.7
18/06/2010,9140,301620000,33(0.00 %),9140,301620000,0,0,9041940,9.74
21/06/2010,6710,221430000,33(0.00 %),10000,330000000,3290,108570000,9035230,9.77
22/06/2010,19810,643825000,32.5(-1.52 %),19810,643825000,0,0,9015420,9.85
23/06/2010,6100,198140000,32.3(-0.62 %),6100,198140000,0,0,9009320,9.88
24/06/2010,-3490,-110680000,32(-0.93 %),5000,161000000,8490,271680000,9012810,9.86
25/06/2010,-16700,-526050000,31.5(-1.56 %),0,0,16700,526050000,9029510,9.79
28/06/2010,1000,33000000,33(4.76 %),1000,33000000,0,0,9028510,9.79
29/06/2010,-300,-10380000,34.6(4.85 %),0,0,300,10380000,9028810,9.79
30/06/2010,17860,607240000,35(1.16 %),17860,607240000,0,0,9010950,9.87
01/07/2010,10,350000,33.5(-4.29 %),10,350000,0,0,9010940,9.87
02/07/2010,-5440,-180340000,32.9(-1.79 %),0,0,5440,180340000,9016380,9.85
05/07/2010,39610,1298630000,32.5(-1.22 %),39610,1298630000,0,0,8976770,10.02
06/07/2010,100,3260000,31.7(-2.46 %),100,3260000,0,0,8976670,10.02
07/07/2010,-1900,-59910000,31.1(-1.89 %),1500,47550000,3400,107460000,8978570,10.01
08/07/2010,0,0,31.2(0.32 %),0,0,0,0,8978570,10.01
09/07/2010,0,0,31.1(-0.32 %),0,0,0,0,8978570,10.01
12/07/2010,-4990,-157684000,31.9(2.57 %),0,0,4990,157684000,8983560,9.99
13/07/2010,-5860,-149764000,33.4(4.70 %),14140,458236000,20000,608000000,8989420,9.96
14/07/2010,400,13240000,32.5(-2.69 %),400,13240000,0,0,8989020,9.97
15/07/2010,0,0,31.9(-1.85 %),0,0,0,0,8989020,9.97
16/07/2010,15020,480234000,31.8(-0.31 %),15020,480234000,0,0,8974000,10.03
19/07/2010,14970,475646000,31.8(0.00 %),14970,475646000,0,0,8959030,10.1
20/07/2010,-10570,-333126000,31.3(-1.57 %),0,0,10570,333126000,8969600,10.05
21/07/2010,0,0,31(-0.96 %),0,0,0,0,8969600,10.05
22/07/2010,1510,45150000,30.5(-1.61 %),5000,152500000,3490,107350000,8968090,10.06
23/07/2010,3000,91800000,30.3(-0.66 %),3000,91800000,0,0,8965090,10.07
26/07/2010,19190,563783000,29.4(-2.97 %),51200,1508080000,32010,944297000,26757532,-22.4
27/07/2010,40930,1209069000,29.3(-0.34 %),50200,1480880000,9270,271811000,26716602,10.33
28/07/2010,-143000,-4076342000,28.3(-3.41 %),0,0,143000,4076342000,26859602,10.12
29/07/2010,10800,304060000,28.6(1.06 %),20000,563500000,9200,259440000,26848802,10.14
30/07/2010,-200,-5760000,30(4.90 %),0,0,200,5760000,26849002,10.14
02/08/2010,4800,144080000,29.1(-3.00 %),5000,150000000,200,5920000,26844202,10.14
03/08/2010,18500,545850000,29.4(1.03 %),18500,545850000,0,0,26825702,10.17
04/08/2010,33970,984810000,29.1(-1.02 %),33980,985100000,10,290000,26791732,10.22
05/08/2010,61260,1777144000,29(-0.34 %),61260,1777144000,0,0,26730472,10.31
06/08/2010,2440,70760000,28.8(-0.69 %),2440,70760000,0,0,26728032,10.31
09/08/2010,10040,279108000,27.7(-3.82 %),10040,279108000,0,0,26717992,10.33
10/08/2010,-7000,-191000000,27(-2.53 %),0,0,7000,191000000,26724992,10.32
11/08/2010,0,0,27.2(0.74 %),0,0,0,0,0,49.0
12/08/2010,-4650,-113985000,25.9(-4.78 %),10000,269000000,14650,382985000,26729642,10.31
13/08/2010,16000,408000000,25.6(-1.16 %),16000,408000000,0,0,26713642,10.33
16/08/2010,-40,-1060000,26.8(4.69 %),0,0,40,1060000,26713682,10.33
17/08/2010,11220,291642000,26.1(-2.61 %),19580,509838000,8360,218196000,26822582,0.0
18/08/2010,0,0,25.1(-3.83 %),0,0,0,0,26702462,10.35
19/08/2010,3870,96837000,24.8(-1.20 %),3870,96837000,0,0,26698592,0.0
20/08/2010,-135210,-3299213000,25.2(1.61 %),31950,805140000,167160,4104353000,26833802,10.16
23/08/2010,-70380,-1720536000,24.2(-3.97 %),200,4900000,70580,1725436000,0,0.0
24/08/2010,-10000,-230000000,23(-4.96 %),0,0,10000,230000000,10000,33842476.0
25/08/2010,16050,351315000,21.9(-4.78 %),16950,371205000,900,19890000,0,49.01
26/08/2010,-57040,-1260369000,21.7(-0.91 %),8970,194849000,66010,1455218000,50990,48.93
27/08/2010,400,8600000,21.5(-0.92 %),400,8600000,0,0,50590,48.93
30/08/2010,-1800,-40500000,22.5(4.65 %),0,0,1800,40500000,52390,48.92
31/08/2010,20890,478792000,23.3(4.95 %),20890,478792000,0,0,31500,48.95
01/09/2010,5460,133474000,24.4(4.72 %),15960,389424000,10500,255950000,26040,48.96
06/09/2010,13310,340736000,25.6(4.92 %),13310,340736000,0,0,26916912,48.98
07/09/2010,14490,382188000,25.8(0.78 %),14690,387508000,200,5320000,0,49.0
08/09/2010,49340,1260836000,25.7(-0.39 %),49340,1260836000,0,0,0,49.07
09/09/2010,29290,768300000,26.2(1.95 %),29290,768300000,0,0,0,49.12
10/09/2010,5270,136466000,24.9(-4.96 %),5270,136466000,0,0,0,49.12
13/09/2010,21100,505450000,23.9(-4.02 %),25100,601850000,4000,96400000,0,49.15
14/09/2010,-11000,-270000000,24.6(2.93 %),0,0,11000,270000000,0,49.14
15/09/2010,-161960,-3925361000,24.1(-2.03 %),18040,435774000,180000,4361135000,66200,48.9
16/09/2010,-74480,-1788220000,24(-0.41 %),5520,132580000,80000,1920800000,140680,48.8
17/09/2010,3790,95508000,25.2(5.00 %),3790,95508000,0,0,136890,48.8
20/09/2010,8200,207620000,25.5(1.19 %),11300,288150000,3100,80530000,128690,48.81
21/09/2010,-70400,-1745920000,24.8(-2.75 %),0,0,70400,1745920000,199090,48.71
22/09/2010,10320,255436000,24.5(-1.21 %),10320,255436000,0,0,188770,48.73
23/09/2010,17300,416930000,24.1(-1.63 %),17300,416930000,0,0,171470,48.75
24/09/2010,-62560,-1512408000,24.2(0.41 %),0,0,62560,1512408000,234030,48.66
27/09/2010,1620,39042000,23.9(-1.24 %),1620,39042000,0,0,232410,48.66
28/09/2010,14450,346860000,24(0.42 %),14450,346860000,0,0,217960,48.68
29/09/2010,12750,306000000,23.5(-2.08 %),12750,306000000,0,0,205210,48.7
30/09/2010,-31830,-740560000,23.3(-0.85 %),38680,899272000,70510,1639832000,27141222,48.66
01/10/2010,44820,1043056000,23.1(-0.86 %),49820,1159056000,5000,116000000,27096402,9.78
04/10/2010,69540,1547326000,22(-4.76 %),70540,1569526000,1000,22200000,27026862,9.88
05/10/2010,-13380,-288348000,22.3(1.36 %),42940,945432000,56320,1233780000,27040242,9.86
06/10/2010,62800,1424980000,22.9(2.69 %),62800,1424980000,0,0,26977442,9.95
07/10/2010,46520,1063666000,22.5(-1.75 %),46520,1063666000,0,0,26930922,10.02
08/10/2010,21990,494865000,22.4(-0.44 %),21990,494865000,0,0,26908932,10.05
11/10/2010,-25040,-559092000,22.3(-0.45 %),0,0,25040,559092000,26933972,10.01
12/10/2010,-1250,-27875000,21.7(-2.69 %),0,0,1250,27875000,26935222,10.01
13/10/2010,21580,471567000,21.9(0.92 %),21580,471567000,0,0,26913642,10.04
14/10/2010,7400,162600000,21.8(-0.46 %),7400,162600000,0,0,26906242,10.05
15/10/2010,32190,700142000,21.8(0.00 %),32190,700142000,0,0,26874052,10.1
18/10/2010,1000,21600000,21.6(-0.92 %),1000,21600000,0,0,26873052,10.1
19/10/2010,18490,384992000,20.8(-3.70 %),18490,384992000,0,0,26854562,10.13
20/10/2010,1100,21680000,19.8(-4.81 %),4100,81980000,3000,60300000,26853462,10.13
21/10/2010,15960,309624000,19.4(-2.02 %),15960,309624000,0,0,26837502,10.15
22/10/2010,21380,418768000,19.6(1.03 %),22380,438318000,1000,19550000,26816122,10.18
25/10/2010,0,0,20.3(3.57 %),0,0,0,0,26816122,10.18
26/10/2010,4000,84500000,21.1(3.94 %),4000,84500000,0,0,26812122,10.19
27/10/2010,14080,288502000,20.4(-3.32 %),14080,288502000,0,0,26798042,10.21
28/10/2010,0,0,20.1(-1.47 %),0,0,0,0,26798042,10.21
29/10/2010,0,0,20.2(0.50 %),0,0,0,0,26798042,10.21
01/11/2010,16460,332492000,20.2(0.00 %),16460,332492000,0,0,26781582,10.23
02/11/2010,2000,39200000,19.6(-2.97 %),2000,39200000,0,0,26779582,10.24
03/11/2010,12960,251124000,19.4(-1.02 %),15960,309624000,3000,58500000,26766622,10.26
04/11/2010,7570,148372000,19.6(1.03 %),7570,148372000,0,0,26759052,10.27
05/11/2010,20950,421095000,20.1(2.55 %),20950,421095000,0,0,26738102,10.3
08/11/2010,2630,52937000,19.8(-1.49 %),10000,199000000,7370,146063000,26735472,10.3
09/11/2010,10640,203224000,19.1(-3.54 %),10640,203224000,0,0,26724832,10.32
10/11/2010,11450,215955000,18.9(-1.05 %),15950,301455000,4500,85500000,26713382,10.33
11/11/2010,5700,105520000,18.1(-4.23 %),5700,105520000,0,0,26707682,10.34
12/11/2010,25300,441735000,17.3(-4.42 %),25300,441735000,0,0,26682382,10.38
15/11/2010,5000,85000000,16.9(-2.31 %),5000,85000000,0,0,26677382,10.39
16/11/2010,14780,243070000,16.9(0.00 %),14780,243070000,0,0,26662602,10.41
17/11/2010,-28730,-489023000,16.9(0.00 %),0,0,28730,489023000,26691332,10.37
18/11/2010,8010,139576000,17.3(2.37 %),8010,139576000,0,0,26683322,10.38
19/11/2010,31960,552708000,17.1(-1.16 %),31960,552708000,0,0,26651362,10.42
22/11/2010,16120,265980000,16.5(-3.51 %),16120,265980000,0,0,26635242,10.45
23/11/2010,50980,852564000,16.8(1.82 %),50980,852564000,0,0,26584262,10.52
24/11/2010,30480,509916000,16.7(-0.60 %),30480,509916000,0,0,26553782,10.56
25/11/2010,12470,215709000,17.5(4.79 %),12470,215709000,0,0,26541312,10.58
26/11/2010,10,182000,18(2.86 %),10,182000,0,0,26541302,10.58
29/11/2010,50540,946906000,18.9(5.00 %),50540,946906000,0,0,26490762,10.66
30/11/2010,5210,103158000,19.8(4.76 %),10210,202158000,5000,99000000,26485552,10.66
01/12/2010,4210,81716000,20.2(4.66 %),14210,283716000,10000,202000000,26481342,10.67
02/12/2010,-1960,-40782000,21.2(4.95 %),40,818000,2000,41600000,26483302,10.67
03/12/2010,0,0,22.2(4.72 %),0,0,0,0,26483302,10.67
06/12/2010,13870,323171000,23.3(4.95 %),13870,323171000,0,0,26469432,10.69
07/12/2010,44750,1068900000,23.3(0.00 %),44750,1068900000,0,0,26424682,10.75
08/12/2010,-5040,-116432000,22.2(-4.72 %),0,0,5040,116432000,26429722,10.74
09/12/2010,-10080,-230656000,23.3(4.95 %),0,0,10080,230656000,26439802,10.73
10/12/2010,14650,357460000,24.4(4.72 %),14650,357460000,0,0,26425152,10.75
13/12/2010,-20,-512000,25.6(4.92 %),0,0,20,512000,26425172,10.75
14/12/2010,42370,1086819000,25(-2.34 %),43100,1106010000,730,19191000,26382802,10.81
15/12/2010,46780,1213601000,25.2(0.80 %),56780,1468601000,10000,255000000,26336022,10.88
16/12/2010,17340,417520000,24(-4.76 %),17340,417520000,0,0,26318682,10.9
17/12/2010,4680,120336000,25.2(5.00 %),6680,168336000,2000,48000000,26314002,10.91
20/12/2010,9360,237210000,25(-0.79 %),15360,390810000,6000,153600000,26304642,10.93
21/12/2010,118080,2910739000,24.8(-0.80 %),118280,2915739000,200,5000000,26186562,11.1
22/12/2010,29890,735092000,23.8(-4.03 %),31890,784892000,2000,49800000,26156672,11.14
23/12/2010,32810,766692000,23(-3.36 %),32810,766692000,0,0,26123862,11.19
24/12/2010,-13810,-329275000,24.1(4.78 %),21190,497425000,35000,826700000,26137672,11.17
27/12/2010,2350,56605000,24.5(1.66 %),10690,258567000,8340,201962000,26135322,11.17
28/12/2010,5670,143250000,25.6(4.49 %),5670,143250000,0,0,26129652,11.18
29/12/2010,3550,88040000,24.8(-3.12 %),3550,88040000,0,0,26126102,11.18
30/12/2010,25430,626627000,24.7(-0.40 %),29060,716108000,3630,89481000,26100672,11.22
31/12/2010,0,0,24.8(0.40 %),0,0,0,0,26100672,11.22
04/01/2011,13980,347902000,24.9(0.40 %),13980,347902000,0,0,26086692,11.24
05/01/2011,18490,451097000,24(-3.61 %),18490,451097000,0,0,26068202,11.27
06/01/2011,8570,204264000,23.8(-0.83 %),8580,204504000,10,240000,26059632,11.28
07/01/2011,25000,599400000,23.5(-1.26 %),25000,599400000,0,0,26034632,11.32
10/01/2011,35750,824203000,22.6(-3.83 %),35750,824203000,0,0,25998882,11.37
11/01/2011,17340,379412000,21.5(-4.87 %),18940,414282000,1600,34870000,25981542,11.39
12/01/2011,7550,165830000,22.2(3.26 %),7550,165830000,0,0,25973992,11.4
13/01/2011,9380,212012000,22.4(0.90 %),9380,212012000,0,0,25964612,11.42
14/01/2011,37950,864270000,23.2(3.57 %),37950,864270000,0,0,25926662,11.47
17/01/2011,3150,74770000,23.2(0.00 %),3150,74770000,0,0,25923512,11.48
18/01/2011,21480,492736000,22.8(-1.72 %),27480,631936000,6000,139200000,25902032,11.51
19/01/2011,65780,1495544000,22.7(-0.44 %),65780,1495544000,0,0,25836252,11.6
20/01/2011,13760,308861000,22.3(-1.76 %),13760,308861000,0,0,25822492,11.62
21/01/2011,57370,1298413000,22.6(1.35 %),57370,1298413000,0,0,25765122,11.71
24/01/2011,200130,4565199000,22.8(0.88 %),210130,4793199000,10000,228000000,25564992,12.0
25/01/2011,333800,7602760000,22.7(-0.44 %),333800,7602760000,0,0,25231192,12.48
26/01/2011,156930,3594504000,22.9(0.88 %),156930,3594504000,0,0,25074262,12.71
27/01/2011,82720,1919984000,23.5(2.62 %),82720,1919984000,0,0,24991542,12.83
28/01/2011,238320,5629714000,23.6(0.43 %),238650,5637502000,330,7788000,24753222,13.17
08/02/2011,26740,629043000,23.5(-0.42 %),26740,629043000,0,0,24726482,13.21
09/02/2011,3240,77060000,23.5(0.00 %),3240,77060000,0,0,24723242,13.21
10/02/2011,0,0,23.3(-0.85 %),20000,492000000,20000,492000000,24723242,13.21
11/02/2011,594980,14311021000,24.4(4.72 %),598640,14399959000,3660,88938000,24128262,14.08
14/02/2011,832800,20745898000,24.6(0.82 %),832800,20745898000,0,0,23295462,15.28
15/02/2011,333690,8241605000,25.1(2.03 %),343690,8487605000,10000,246000000,22961772,15.76
16/02/2011,650000,16226177000,24.4(-2.79 %),650000,16226177000,0,0,22311772,16.7
17/02/2011,316650,7629980000,24(-1.64 %),316650,7629980000,0,0,21995122,17.16
18/02/2011,7160,168448000,22.8(-5.00 %),8660,204448000,1500,36000000,21987962,17.17
21/02/2011,-101100,-2197980000,21.7(-4.82 %),0,0,101100,2197980000,21698272,17.59
22/02/2011,-123870,-2586109000,20.7(-4.61 %),0,0,123870,2586109000,22111832,16.99
23/02/2011,207290,4405531000,21.5(3.86 %),207290,4405531000,0,0,21904542,17.29
24/02/2011,307370,6482040000,21.3(-0.93 %),343000,7216013000,35630,733973000,21597172,17.74
25/02/2011,174000,3737884000,21.8(2.35 %),174000,3737884000,0,0,21423172,17.99
28/02/2011,300000,6557990000,21.3(-2.29 %),300000,6557990000,0,0,21123172,18.43
01/03/2011,5200,109200000,21(-1.41 %),5200,109200000,0,0,21117972,18.43
02/03/2011,5500,110660000,20.1(-4.29 %),5500,110660000,0,0,21112472,18.44
03/03/2011,1200,23520000,19.5(-2.99 %),1200,23520000,0,0,0,0.0
04/03/2011,-2800,-55280000,19.7(1.03 %),700,13870000,3500,69150000,0,0.0
07/03/2011,-7500,-150900000,20.2(2.54 %),0,0,7500,150900000,0,0.0
08/03/2011,-1150,-24080000,19.9(-1.49 %),4000,80600000,5150,104680000,0,0.0
09/03/2011,-155000,-2962600000,19(-4.52 %),5000,96600000,160000,3059200000,0,0.0
10/03/2011,-1200,-23520000,19.9(4.74 %),0,0,1200,23520000,0,0.0
11/03/2011,5860,121888000,20.8(4.52 %),5860,121888000,0,0,0,0.0
14/03/2011,0,0,19.8(-4.81 %),0,0,0,0,0,0.0
15/03/2011,-15540,-301038000,20.1(1.52 %),10000,203000000,25540,504038000,0,0.0
16/03/2011,-10230,-208067000,20.5(1.99 %),0,0,10230,208067000,21348462,18.1
17/03/2011,300,6210000,20.6(0.49 %),300,6210000,0,0,21348162,18.1
18/03/2011,-131420,-2731616000,21.6(4.85 %),0,0,131420,2731616000,21479582,17.91
21/03/2011,-22650,-487491000,21.5(-0.46 %),0,0,22650,487491000,21502232,17.88
22/03/2011,-3030,-63024000,20.8(-3.26 %),0,0,3030,63024000,21505262,17.87
23/03/2011,24150,502045000,21(0.96 %),24150,502045000,0,0,21481112,17.91
24/03/2011,0,0,20.7(-1.43 %),0,0,0,0,21481112,17.91
25/03/2011,0,0,20.4(-1.45 %),0,0,0,0,21481112,17.91
28/03/2011,1500,30900000,20.4(0.00 %),1500,30900000,0,0,21479612,17.91
29/03/2011,0,0,19.9(-2.45 %),0,0,0,0,21479612,17.91
30/03/2011,8380,163498000,19.6(-1.51 %),8380,163498000,0,0,21471232,17.92
31/03/2011,0,0,19.5(-0.51 %),0,0,0,0,21471232,17.92
01/04/2011,0,50000,19(-2.56 %),500,9650000,500,9600000,21506502,17.87
04/04/2011,0,0,18.8(-1.05 %),0,0,0,0,21506502,17.87
05/04/2011,4950,92065000,18.7(-0.53 %),5000,93000000,50,935000,21501552,17.88
06/04/2011,48000,937900000,19.6(4.81 %),48000,937900000,0,0,21453552,17.95
07/04/2011,3820,73908000,19.2(-2.04 %),3820,73908000,0,0,21449732,17.95
08/04/2011,7520,143780000,19(-1.04 %),12520,239280000,5000,95500000,21442212,17.96
13/04/2011,0,0,18.7(-1.58 %),0,0,0,0,21442212,17.96
14/04/2011,1000,18500000,18.6(-0.53 %),1000,18500000,0,0,21441212,17.96
15/04/2011,12780,236630000,18.4(-1.08 %),12780,236630000,0,0,21428432,17.98
18/04/2011,3920,69960000,17.7(-3.80 %),3920,69960000,0,0,21424512,17.99
19/04/2011,7580,134188000,17.7(0.00 %),7980,141148000,400,6960000,21416932,18.0
20/04/2011,19890,352431000,17.6(-0.56 %),19890,352431000,0,0,21397042,18.03
21/04/2011,-4900,-84643000,17.4(-1.14 %),5100,89280000,10000,173923000,21401942,18.02
22/04/2011,500,8450000,17.1(-1.72 %),500,8450000,0,0,21401442,18.02
25/04/2011,0,0,17.9(4.68 %),0,0,0,0,21401442,18.02
26/04/2011,8070,141625000,17.2(-3.91 %),8070,141625000,0,0,21393372,18.03
27/04/2011,16120,275140000,17(-1.16 %),16120,275140000,0,0,21377252,18.06
28/04/2011,0,0,16.8(-1.18 %),0,0,0,0,21377252,18.06
29/04/2011,10030,168957000,16.8(0.00 %),10030,168957000,0,0,21367222,18.07
04/05/2011,0,0,16.6(-1.19 %),0,0,0,0,21367722,18.07
05/05/2011,12950,212765000,16.4(-1.20 %),12950,212765000,0,0,21354772,18.09
06/05/2011,0,0,16.4(0.00 %),0,0,0,0,21354772,18.09
09/05/2011,0,0,16.6(1.22 %),0,0,0,0,21354772,18.09
10/05/2011,0,0,16.5(-0.60 %),0,0,0,0,21354772,18.09
11/05/2011,0,0,16.3(-1.21 %),0,0,0,0,21354772,18.09
12/05/2011,0,0,16.2(-0.61 %),0,0,0,0,21354772,18.09
13/05/2011,5000,80000000,16(-1.23 %),5000,80000000,0,0,21349772,18.1
16/05/2011,23500,368000000,15.2(-5.00 %),23500,368000000,0,0,21326272,18.13
17/05/2011,-1150,-17480000,14.6(-3.95 %),0,0,1150,17480000,21327422,18.13
18/05/2011,65100,935440000,14.6(0.00 %),65100,935440000,0,0,21262322,18.22
19/05/2011,-1230,-17958000,13.9(-4.79 %),0,0,1230,17958000,21263552,18.22
20/05/2011,-13950,-194121000,13.9(0.00 %),3500,48650000,17450,242771000,21277502,18.2
23/05/2011,6830,89088000,13.3(-4.32 %),20000,266000000,13170,176912000,21270672,18.21
24/05/2011,-2430,-31507000,12.7(-4.51 %),15800,200660000,18230,232167000,21273102,18.21
25/05/2011,500,6070000,12.1(-4.72 %),500,6070000,0,0,21272602,18.21
26/05/2011,400,5080000,12.7(4.96 %),400,5080000,0,0,21272202,18.21
27/05/2011,1600,20320000,13.2(3.94 %),1600,20320000,0,0,21270602,18.21
30/05/2011,2000,25800000,12.6(-4.55 %),2000,25800000,0,0,21268602,18.21
31/05/2011,1500,18150000,12.5(-0.79 %),1500,18150000,0,0,21267102,18.22
01/06/2011,21170,274527000,13.1(4.80 %),21170,274527000,0,0,21255072,18.23
02/06/2011,24640,336042000,13.7(4.58 %),24640,336042000,0,0,21230432,18.27
03/06/2011,-39000,-518000000,13.1(-4.38 %),0,0,39000,518000000,21269432,18.21
06/06/2011,0,0,13.7(4.58 %),0,0,0,0,21269432,18.21
07/06/2011,0,0,14.3(4.38 %),0,0,0,0,21269432,18.21
08/06/2011,3600,57250000,14.4(0.70 %),10100,151500000,6500,94250000,21265832,18.22
09/06/2011,-180,-2520000,14.7(2.08 %),0,0,180,2520000,21266012,18.22
10/06/2011,0,0,15.2(3.40 %),0,0,0,0,21266012,18.22
13/06/2011,100,1510000,15.5(1.97 %),100,1510000,0,0,21265912,18.22
14/06/2011,-70000,-1134000000,15.1(-2.58 %),0,0,70000,1134000000,21335912,18.12
15/06/2011,11300,164180000,14.4(-4.64 %),11300,164180000,0,0,21324612,18.13
16/06/2011,17930,264185000,14.9(3.47 %),17930,264185000,0,0,21306682,18.16
17/06/2011,65020,930400000,14.2(-4.70 %),65020,930400000,0,0,21241662,18.25
20/06/2011,-8690,-117553000,13.5(-4.93 %),0,0,8690,117553000,21250352,18.24
21/06/2011,132670,1841571000,14.1(4.44 %),132670,1841571000,0,0,21117682,18.43
22/06/2011,1210,16940000,14(-0.71 %),1210,16940000,0,0,21116472,18.43
23/06/2011,39810,537435000,13.7(-2.14 %),39810,537435000,0,0,21076662,18.49
24/06/2011,-99510,-1366587000,13.7(0.00 %),4000,55000000,103510,1421587000,21176172,18.35
27/06/2011,-15140,-207718000,13.6(-0.73 %),0,0,15140,207718000,21191312,18.33
28/06/2011,165950,2238630000,13.5(-0.74 %),179380,2419935000,13430,181305000,21025362,18.57
29/06/2011,193660,2612930000,13.6(0.74 %),198080,2672600000,4420,59670000,20831702,18.85
30/06/2011,156300,2102155000,13.4(-1.47 %),156300,2102155000,0,0,20675402,19.07
01/07/2011,231720,3055704000,13.2(-1.49 %),231720,3055704000,0,0,20648412,19.11
04/07/2011,84830,1131687000,13.4(1.52 %),84830,1131687000,0,0,20563582,19.24
05/07/2011,38000,530097000,14(4.48 %),38000,530097000,0,0,20525582,19.29
06/07/2011,0,0,13.6(-2.86 %),0,0,0,0,20525582,19.29
07/07/2011,15540,214544000,13.7(0.74 %),16000,220800000,460,6256000,20510042,19.31
08/07/2011,0,0,13.6(-0.73 %),0,0,0,0,20510042,19.31
11/07/2011,123450,1664575000,13.4(-1.47 %),123450,1664575000,0,0,20386592,19.49
12/07/2011,97510,1303835000,13.4(0.00 %),160000,2130153000,62490,826318000,20289082,19.63
13/07/2011,112590,1517706000,13.4(0.00 %),112590,1517706000,0,0,20176492,19.8
14/07/2011,67410,906294000,13.5(0.75 %),67410,906294000,0,0,20109082,19.89
15/07/2011,80200,1082680000,13.5(0.00 %),80200,1082680000,0,0,20028882,20.01
18/07/2011,146200,1958508000,13.4(-0.74 %),146200,1958508000,0,0,19882682,20.22
19/07/2011,138070,1851638000,13.4(0.00 %),141370,1895858000,3300,44220000,19744612,20.42
20/07/2011,77000,1039700000,13.7(2.24 %),77000,1039700000,0,0,19667612,20.53
21/07/2011,52910,713605000,13.5(-1.46 %),52910,713605000,0,0,19614702,20.61
22/07/2011,90870,1212674000,13.3(-1.48 %),100870,1346674000,10000,134000000,19523832,20.74
25/07/2011,104360,1369132000,13.1(-1.50 %),104360,1369132000,0,0,19419472,20.89
26/07/2011,60000,782742000,13(-0.76 %),60000,782742000,0,0,19359472,20.98
27/07/2011,227000,2877707000,12.8(-1.54 %),251000,3180107000,24000,302400000,19132472,21.31
28/07/2011,70000,908000000,12.9(0.78 %),70000,908000000,0,0,19062472,21.41
29/07/2011,30960,393192000,12.7(-1.55 %),40960,520192000,10000,127000000,19031512,21.45
01/08/2011,93560,1160144000,12.3(-3.15 %),95800,1187920000,2240,27776000,18711842,21.92
02/08/2011,69590,838221000,11.9(-3.25 %),79590,958221000,10000,120000000,18642252,22.02
03/08/2011,83770,980532000,11.8(-0.84 %),83770,980532000,0,0,18558482,22.14
04/08/2011,4120,47790000,12.3(4.24 %),15000,181614000,10880,133824000,18554362,22.14
05/08/2011,20000,255240000,12.8(4.07 %),20000,255240000,0,0,18534362,22.17
08/08/2011,0,0,12.2(-4.69 %),0,0,0,0,18534362,22.17
09/08/2011,5400,62680000,11.6(-4.92 %),5400,62680000,0,0,18528962,22.18
10/08/2011,-6080,-71106000,11.7(0.86 %),20100,235200000,26180,306306000,18535042,22.17
11/08/2011,41360,487338000,11.8(0.85 %),41360,487338000,0,0,18493682,22.23
12/08/2011,14930,177667000,11.9(0.85 %),14930,177667000,0,0,18478752,22.25
15/08/2011,70000,840318000,12.1(1.68 %),70000,840318000,0,0,18408752,22.35
16/08/2011,67970,832734000,12.3(1.65 %),67970,832734000,0,0,18340782,22.45
17/08/2011,85880,1082500000,12.9(4.88 %),90880,1145500000,5000,63000000,18254902,22.58
18/08/2011,34500,447550000,13(0.78 %),34500,447550000,0,0,18220402,22.63
19/08/2011,0,0,12.6(-3.08 %),0,0,0,0,18220402,22.63
22/08/2011,0,0,13.2(4.76 %),0,0,0,0,18220402,22.63
23/08/2011,21000,273100000,13(-1.52 %),40000,520500000,19000,247400000,18199402,22.66
24/08/2011,143490,1856376000,12.9(-0.77 %),191840,2481576000,48350,625200000,18055912,22.86
25/08/2011,90000,1170000000,13.5(4.65 %),90000,1170000000,0,0,17965912,23.0
26/08/2011,-500,-8500000,13.2(-2.22 %),7500,99000000,8000,107500000,17966412,22.99
29/08/2011,7080,96996000,13.8(4.55 %),7080,96996000,0,0,17959332,23.0
30/08/2011,230,3220000,14(1.45 %),230,3220000,0,0,17959102,23.0
31/08/2011,0,0,14(0.00 %),0,0,0,0,17959102,23.0
01/09/2011,21000,291900000,14.7(5.00 %),21000,291900000,0,0,17971342,22.99
05/09/2011,-9370,-136965000,14.3(-2.72 %),0,0,9370,136965000,17980712,22.97
06/09/2011,0,0,13.7(-4.20 %),0,0,0,0,17980712,22.97
07/09/2011,0,0,14.3(4.38 %),0,0,0,0,17980712,22.97
08/09/2011,12470,183970000,14.2(-0.70 %),12470,183970000,0,0,17968242,22.99
09/09/2011,6460,90940000,14(-1.41 %),6460,90940000,0,0,17961782,23.0
12/09/2011,-18310,-256237000,14(0.00 %),0,0,18310,256237000,17980092,22.97
13/09/2011,-12580,-176736000,14.7(5.00 %),0,0,12580,176736000,17992672,22.96
14/09/2011,-143000,-2102500000,14.1(-4.08 %),7000,103600000,150000,2206100000,18135672,22.75
15/09/2011,-50000,-689800000,14(-0.71 %),0,0,50000,689800000,18185672,22.68
16/09/2011,-183500,-2482046000,13.4(-4.29 %),500,7000000,184000,2489046000,18369172,22.41
19/09/2011,-1860,-24552000,13.7(2.24 %),0,0,1860,24552000,18371032,22.41
20/09/2011,-9720,-129376000,13.3(-2.92 %),1000,13400000,10720,142776000,18380752,22.39
21/09/2011,0,0,13.2(-0.75 %),0,0,0,0,18380752,22.39
22/09/2011,-35680,-475976000,13.5(2.27 %),0,0,35680,475976000,18416432,22.34
23/09/2011,-7650,-101745000,13.3(-1.48 %),0,0,7650,101745000,18424082,22.33
26/09/2011,1000,13300000,13.1(-1.50 %),1000,13300000,0,0,18423082,22.33
27/09/2011,-240,-3144000,13.1(0.00 %),0,0,240,3144000,18423322,22.33
28/09/2011,-27040,-354906000,13.1(0.00 %),0,0,27040,354906000,18450362,22.29
29/09/2011,297690,3843700000,12.8(-2.29 %),297690,3843700000,0,0,18152672,22.72
30/09/2011,48590,607375000,12.5(-2.34 %),48590,607375000,0,0,18104082,22.8
03/10/2011,200000,2461084000,12.3(-1.60 %),200000,2461084000,0,0,18061902,22.86
04/10/2011,90000,1107000000,12.3(0.00 %),90000,1107000000,0,0,17971902,22.99
05/10/2011,19000,237500000,12.3(0.00 %),19000,237500000,0,0,17952902,23.01
06/10/2011,-3450,-43125000,12.6(2.44 %),0,0,3450,43125000,17956352,23.01
07/10/2011,-4730,-58552000,12.4(-1.59 %),1000,12500000,5730,71052000,17961082,23.0
10/10/2011,0,0,12.1(-2.42 %),0,0,0,0,17961082,23.0
11/10/2011,4730,56760000,12(-0.83 %),4730,56760000,0,0,17956352,23.01
12/10/2011,3000,34500000,11.4(-5.00 %),3000,34500000,0,0,17953352,23.01
13/10/2011,0,0,11.6(1.75 %),0,0,0,0,17953352,23.01
14/10/2011,0,0,11.6(0.00 %),0,0,0,0,17953352,23.01
17/10/2011,5250,59970000,11.4(-1.72 %),5250,59970000,0,0,17948102,23.02
18/10/2011,1000,11100000,11.1(-2.63 %),1000,11100000,0,0,17947102,23.02
19/10/2011,-2860,-30846000,11.1(0.00 %),12000,134100000,14860,164946000,17949962,23.02
20/10/2011,13040,146744000,11.1(0.00 %),13040,146744000,0,0,17936922,23.04
21/10/2011,56200,646315000,11.5(3.60 %),56200,646315000,0,0,17880722,23.12
24/10/2011,9790,113122000,11.3(-1.74 %),9790,113122000,0,0,17870932,23.13
25/10/2011,14450,163185000,11.2(-0.88 %),14550,164315000,100,1130000,17856482,23.15
26/10/2011,19390,218618000,11.3(0.89 %),19390,218618000,0,0,17837092,23.18
27/10/2011,-18000,-201600000,10.9(-3.54 %),0,0,18000,201600000,17855092,23.16
28/10/2011,2000,22600000,11.4(4.59 %),2000,22600000,0,0,17853092,23.16
31/10/2011,-5000,-57000000,11.4(0.00 %),0,0,5000,57000000,17858092,23.15
01/11/2011,0,0,11.1(-2.63 %),0,0,0,0,17662132,23.43
02/11/2011,0,0,10.8(-2.70 %),0,0,0,0,17662132,23.43
03/11/2011,-38040,-407843000,10.8(0.00 %),0,0,38040,407843000,17700172,23.38
04/11/2011,0,0,10.6(-1.85 %),0,0,0,0,17700172,23.38
07/11/2011,3980,40994000,10.3(-2.83 %),3980,40994000,0,0,17696192,23.39
08/11/2011,-27400,-277800000,10.1(-1.94 %),20000,200000000,47400,477800000,17723592,23.35
09/11/2011,0,0,10(-0.99 %),0,0,0,0,17723592,23.35
10/11/2011,-2400,-23760000,9.5(-5.00 %),0,0,2400,23760000,17725992,23.34
11/11/2011,-86580,-787997000,9.1(-4.21 %),0,0,86580,787997000,17812572,23.22
14/11/2011,16990,147980000,8.7(-4.40 %),36990,322980000,20000,175000000,17795582,23.24
15/11/2011,-970,-8445000,8.5(-2.30 %),30,255000,1000,8700000,17796552,23.24
16/11/2011,-1000,-8600000,8.9(4.71 %),0,0,1000,8600000,17797552,23.24
17/11/2011,-18230,-158701000,8.6(-3.37 %),0,0,18230,158701000,17815782,23.21
18/11/2011,18500,156250000,8.4(-2.33 %),18500,156250000,0,0,17797282,23.24
21/11/2011,-21000,-172200000,8.2(-2.38 %),0,0,21000,172200000,17818282,23.21
22/11/2011,0,0,8.4(2.44 %),0,0,0,0,17818282,23.21
23/11/2011,0,0,8.7(3.57 %),0,0,0,0,17818282,23.21
24/11/2011,0,0,8.4(-3.45 %),0,0,0,0,17818282,23.21
25/11/2011,-5600,-46480000,8.3(-1.19 %),0,0,5600,46480000,17823882,23.2
28/11/2011,-13270,-113622000,8.5(2.41 %),0,0,13270,113622000,17837152,23.18
29/11/2011,0,0,8.4(-1.18 %),0,0,0,0,17837152,23.18
30/11/2011,0,0,8.3(-1.19 %),0,0,0,0,17837152,23.18
01/12/2011,0,0,8.4(1.20 %),0,0,0,0,17846882,23.17
02/12/2011,-1500,-12750000,8.6(2.38 %),500,4250000,2000,17000000,17848382,23.17
05/12/2011,-7640,-68396000,9(4.65 %),0,0,7640,68396000,17856022,23.15
06/12/2011,43190,405029000,9(0.00 %),43190,405029000,0,0,17812832,23.22
07/12/2011,0,0,8.8(-2.22 %),0,0,0,0,17812832,23.22
08/12/2011,-75780,-670036000,8.8(0.00 %),0,0,75780,670036000,17888612,23.11
09/12/2011,-82000,-696374000,8.4(-4.55 %),0,0,82000,696374000,17970612,22.99
12/12/2011,-178240,-1442291000,8(-4.76 %),2000,16000000,180240,1458291000,18148852,22.73
13/12/2011,-79040,-629496000,7.8(-2.50 %),200,1600000,79240,631096000,18227892,22.62
14/12/2011,-134180,-1015104000,7.5(-3.85 %),50000,377000000,184180,1392104000,18362072,22.42
15/12/2011,-238000,-1720300000,7.2(-4.00 %),60000,435000000,298000,2155300000,18600072,22.08
16/12/2011,-275130,-2070872000,7.5(4.17 %),1405870,10516181000,1681000,12587053000,18875202,21.68
19/12/2011,-2000,-15000000,7.5(0.00 %),2000,15000000,4000,30000000,18877202,21.68
20/12/2011,-5200,-37440000,7.3(-2.67 %),0,0,5200,37440000,18882402,21.67
21/12/2011,0,0,7.4(1.37 %),0,0,0,0,18882402,21.67
22/12/2011,261370,1882562000,7.2(-2.70 %),261370,1882562000,0,0,18621032,22.05
23/12/2011,31100,222870000,7.3(1.39 %),31100,222870000,0,0,18589932,22.09
26/12/2011,104000,735600000,7.1(-2.74 %),104000,735600000,0,0,18485932,22.24
27/12/2011,77070,530076000,6.8(-4.23 %),127070,875076000,50000,345000000,18408862,22.35
28/12/2011,55530,391899000,7.1(4.41 %),55530,391899000,0,0,18353332,22.43
29/12/2011,87420,619848000,7.2(1.41 %),87450,620061000,30,213000,18265912,22.56
30/12/2011,0,0,7.3(1.39 %),0,0,0,0,18265912,22.56
03/01/2012,0,0,7.3(0.00 %),0,0,0,0,18279152,22.54
04/01/2012,0,0,7.2(-1.37 %),0,0,0,0,18279152,22.54
05/01/2012,0,0,6.9(-4.17 %),0,0,0,0,18279152,22.54
06/01/2012,0,0,6.9(0.00 %),0,0,0,0,18279152,22.54
09/01/2012,0,0,6.9(0.00 %),0,0,0,0,18279152,22.54
10/01/2012,0,0,6.8(-1.45 %),0,0,0,0,18279152,22.54
11/01/2012,0,0,6.6(-2.94 %),0,0,0,0,18279152,22.54
12/01/2012,0,0,6.4(-3.03 %),0,0,0,0,18279152,22.54
13/01/2012,0,0,6.2(-3.12 %),0,0,0,0,18279152,22.54
16/01/2012,0,0,6.5(4.84 %),0,0,0,0,18279152,22.54
17/01/2012,13000,85800000,6.5(0.00 %),13000,85800000,0,0,18266152,22.56
18/01/2012,0,0,6.5(0.00 %),0,0,0,0,18266152,22.56
19/01/2012,60,396000,6.8(4.62 %),60,396000,0,0,18266092,22.56
20/01/2012,0,0,6.8(0.00 %),0,0,0,0,18266092,22.56
30/01/2012,5840,38484000,6.8(0.00 %),6440,42504000,600,4020000,18260252,22.57
31/01/2012,20000,136000000,6.8(0.00 %),20000,136000000,0,0,18240252,22.6
01/02/2012,-10000,-68000000,6.8(0.00 %),0,0,10000,68000000,18269682,22.56
02/02/2012,-34000,-239900000,7.1(4.41 %),0,0,34000,239900000,18303682,22.51
03/02/2012,-200,-1480000,6.9(-2.82 %),0,0,200,1480000,18303882,22.51
06/02/2012,0,0,6.9(0.00 %),0,0,0,0,18303882,22.51
07/02/2012,1000,6700000,6.9(0.00 %),1000,6700000,0,0,18302882,22.51
08/02/2012,-19800,-142560000,7.2(4.35 %),0,0,19800,142560000,18322682,22.48
09/02/2012,0,0,7.5(4.17 %),0,0,0,0,18322682,22.48
10/02/2012,-15200,-114000000,7.2(-4.00 %),6800,51000000,22000,165000000,18337882,22.46
13/02/2012,13600,96560000,7.1(-1.39 %),13600,96560000,0,0,18324282,22.48
14/02/2012,15000,109132000,7.4(4.23 %),15000,109132000,0,0,18309282,22.5
15/02/2012,2290,16488000,7.2(-2.70 %),2290,16488000,0,0,18306992,22.5
16/02/2012,0,0,7(-2.78 %),0,0,0,0,18306992,22.5
17/02/2012,0,0,7.3(4.29 %),0,0,0,0,18306992,22.5
20/02/2012,-15000,-114000000,7.6(4.11 %),0,0,15000,114000000,18321992,22.48
21/02/2012,285000,2251228000,7.8(2.63 %),300000,2369728000,15000,118500000,18036992,22.89
22/02/2012,0,0,8.1(3.85 %),0,0,0,0,18036992,22.89
23/02/2012,179100,1522350000,8.5(4.94 %),179100,1522350000,0,0,17857892,23.15
24/02/2012,120900,1076010000,8.8(3.53 %),120900,1076010000,0,0,17736992,23.33
27/02/2012,-2290,-19923000,9.2(4.55 %),0,0,2290,19923000,17739282,23.32
28/02/2012,0,0,8.8(-4.35 %),0,0,0,0,17739282,23.32
29/02/2012,0,0,9(2.27 %),0,0,0,0,17739282,23.32
01/03/2012,0,0,9(0.00 %),0,0,0,0,17747592,23.31
02/03/2012,11020,99780000,9.3(3.33 %),11020,99780000,0,0,17736572,23.33
05/03/2012,-6000,-58200000,9.7(4.30 %),0,0,6000,58200000,17742572,23.32
06/03/2012,0,0,9.4(-3.09 %),0,0,0,0,17742572,23.32
07/03/2012,50000,470000000,9.7(3.19 %),50000,470000000,0,0,17692572,23.39
08/03/2012,-3000,-30000000,9.8(1.03 %),0,0,3000,30000000,17695572,23.39
09/03/2012,1050,10290000,10.2(4.08 %),1050,10290000,0,0,17694522,23.39
12/03/2012,0,0,9.7(-4.90 %),0,0,0,0,17694522,23.39
13/03/2012,20000,193000000,9.7(0.00 %),20000,193000000,0,0,17674522,23.42
14/03/2012,40000,376000000,9.3(-4.12 %),40000,376000000,0,0,17634522,23.47
15/03/2012,24840,226238000,9.2(4.55 %),54840,484238000,30000,258000000,17609682,23.51
16/03/2012,-65550,-629280000,9.5(3.26 %),500,4800000,66050,634080000,17675232,23.42
19/03/2012,100000,937906000,9.3(-2.11 %),100000,937906000,0,0,17575232,23.56
20/03/2012,0,0,9.5(2.15 %),0,0,0,0,17575232,23.56
21/03/2012,106000,1035300000,9.9(4.21 %),111000,1083800000,5000,48500000,17469232,23.71
22/03/2012,0,0,10.3(4.04 %),0,0,0,0,17469232,23.71
23/03/2012,0,0,10.8(4.85 %),0,0,0,0,17469232,23.71
26/03/2012,162100,1821730000,11.3(4.63 %),162100,1821730000,0,0,17307132,23.95
27/03/2012,20600,232470000,10.8(-4.42 %),21600,243770000,1000,11300000,17286532,23.98
28/03/2012,1080,11124000,10.5(-2.78 %),1080,11124000,0,0,17285452,23.98
29/03/2012,0,0,10(-4.76 %),0,0,0,0,17285452,23.98
30/03/2012,-103100,-979760000,9.6(-4.00 %),0,0,103100,979760000,17388552,23.83
03/04/2012,0,0,10(4.17 %),0,0,0,0,17287742,23.98
04/04/2012,-1600,-15840000,9.6(-4.00 %),0,0,1600,15840000,17289342,23.97
05/04/2012,-1400,-13440000,10(4.17 %),0,0,1400,13440000,17290742,23.97
06/04/2012,0,0,10.5(5.00 %),0,0,0,0,17290742,23.97
09/04/2012,30000,330000000,11(4.76 %),30000,330000000,0,0,17260742,24.02
10/04/2012,13000,147950000,11(0.00 %),13500,153550000,500,5600000,17247742,24.03
11/04/2012,-1500,-17250000,11.5(4.55 %),0,0,1500,17250000,17249242,24.03
12/04/2012,0,0,12(4.35 %),0,0,0,0,17249242,24.03
13/04/2012,169990,2122874000,12(0.00 %),170000,2123000000,10,126000,17079252,24.28
16/04/2012,-5000,-62400000,12.6(5.00 %),0,0,5000,62400000,17084252,24.27
17/04/2012,0,0,13.2(4.76 %),20000,264000000,20000,264000000,17084252,24.27
18/04/2012,-80000,-1060500000,13(-1.52 %),0,0,80000,1060500000,17164252,24.16
19/04/2012,-5000,-67400000,12.4(-4.62 %),11000,140400000,16000,207800000,17169252,24.15
20/04/2012,-5000,-60500000,12.1(-2.42 %),0,0,5000,60500000,17174252,24.14
23/04/2012,-1000,-12500000,12.5(3.31 %),0,0,1000,12500000,17175252,24.14
24/04/2012,-550,-7095000,13.1(4.80 %),0,0,550,7095000,17175802,24.14
25/04/2012,-100000,-1370000000,13.7(4.58 %),0,0,100000,1370000000,17275802,23.99
26/04/2012,20000,257000000,13.1(-4.38 %),40000,527000000,20000,270000000,17255802,24.02
27/04/2012,-54250,-712865000,13.6(3.82 %),33750,455335000,88000,1168200000,17310052,23.94
02/05/2012,78370,1037432000,13(-4.41 %),90000,1195600000,11630,158168000,17149152,24.18
03/05/2012,-5000,-63500000,13(0.00 %),0,0,5000,63500000,17154152,24.17
04/05/2012,-2000,-26200000,13.2(1.54 %),0,0,2000,26200000,17156152,24.17
07/05/2012,-10000,-131000000,13.1(-0.76 %),0,0,10000,131000000,17166152,24.15
08/05/2012,0,0,13.1(0.00 %),0,0,0,0,17166152,24.15
09/05/2012,0,0,13.5(3.05 %),0,0,0,0,17166152,24.15
10/05/2012,-26840,-377444000,14.1(4.44 %),0,0,26840,377444000,17192992,24.11
11/05/2012,0,0,13.6(-3.55 %),0,0,0,0,17192992,24.11
14/05/2012,-605700,-7928822000,13(-4.41 %),1000,13300000,606700,7942122000,17798692,23.24
15/05/2012,-141000,-1765400000,12.4(-4.62 %),0,0,141000,1765400000,17939692,23.03
16/05/2012,-100000,-1189000000,12.4(0.00 %),0,0,100000,1189000000,18039692,22.89
17/05/2012,10000,122000000,11.8(-4.84 %),10000,122000000,0,0,18029692,22.9
18/05/2012,-1500,-17100000,11.3(-4.24 %),0,0,1500,17100000,18031192,22.9
21/05/2012,-112250,-1302165000,11.8(4.42 %),6000,69000000,118250,1371165000,18143442,22.74
22/05/2012,0,0,11.5(-2.54 %),0,0,0,0,18143442,22.74
23/05/2012,0,0,11(-4.35 %),0,0,0,0,18143442,22.74
24/05/2012,-1500,-16050000,10.5(-4.55 %),0,0,1500,16050000,18144942,22.74
25/05/2012,0,0,11(4.76 %),0,0,0,0,18144942,22.74
28/05/2012,0,0,11.3(2.73 %),0,0,0,0,18144942,22.74
29/05/2012,-150000,-1659040000,11.1(-1.77 %),0,0,150000,1659040000,18294942,22.52
30/05/2012,0,0,11.5(3.60 %),0,0,0,0,18294942,22.52
31/05/2012,0,0,11.1(-3.48 %),0,0,0,0,18294942,22.52
01/06/2012,0,0,11.2(0.90 %),0,0,0,0,18330572,22.47
04/06/2012,0,0,10.7(-4.46 %),0,0,0,0,18330572,22.47
05/06/2012,0,0,11.1(3.74 %),0,0,0,0,18330572,22.47
06/06/2012,0,0,11.6(4.50 %),0,0,0,0,18330572,22.47
07/06/2012,-50000,-592500000,11.8(1.72 %),0,0,50000,592500000,18380572,22.39
08/06/2012,0,0,11.9(0.85 %),0,0,0,0,18380572,22.39
11/06/2012,0,0,12(0.84 %),0,0,0,0,18380572,22.39
12/06/2012,0,0,11.7(-2.50 %),0,0,0,0,18380572,22.39
13/06/2012,-50000,-574300000,11.3(-3.42 %),0,0,50000,574300000,18430572,22.32
14/06/2012,0,0,11.3(0.00 %),0,0,0,0,18430572,22.32
15/06/2012,0,0,11.7(3.54 %),0,0,0,0,18430572,22.32
18/06/2012,0,0,11.8(0.85 %),0,0,0,0,18430572,22.32
19/06/2012,0,0,11.4(-3.39 %),0,0,0,0,18430572,22.32
20/06/2012,0,0,11.5(0.88 %),0,0,0,0,18430572,22.32
21/06/2012,0,0,11.6(0.87 %),0,0,0,0,18430572,22.32
22/06/2012,200,2320000,11.5(-0.86 %),200,2320000,0,0,18430372,22.32
25/06/2012,0,0,11(-4.35 %),0,0,0,0,18430372,22.32
26/06/2012,0,0,10.6(-3.64 %),0,0,0,0,18430372,22.32
27/06/2012,0,0,10.4(-1.89 %),0,0,0,0,18430372,22.32
28/06/2012,500,5100000,10.3(-0.96 %),500,5100000,0,0,18429872,22.32
29/06/2012,0,0,10.5(1.94 %),0,0,0,0,18429872,22.32
02/07/2012,0,0,10(-4.76 %),0,0,0,0,18579872,22.11
03/07/2012,1500,14550000,9.5(-5.00 %),1500,14550000,0,0,18578372,22.11
04/07/2012,0,0,9.1(-4.21 %),0,0,0,0,18578372,22.11
05/07/2012,0,0,9.2(1.10 %),0,0,0,0,18578372,22.11
06/07/2012,0,0,9.6(4.35 %),0,0,0,0,18578372,22.11
09/07/2012,0,0,9.2(-4.17 %),0,0,0,0,18578372,22.11
10/07/2012,0,0,9(-2.17 %),0,0,0,0,18578372,22.11
11/07/2012,0,0,9.2(2.22 %),0,0,0,0,18578372,22.11
12/07/2012,0,0,9.3(1.09 %),0,0,0,0,18578372,22.11
13/07/2012,-30000,-291000000,9.5(2.15 %),0,0,30000,291000000,18608372,22.07
16/07/2012,0,0,9.3(-2.11 %),0,0,0,0,18608372,22.07
17/07/2012,0,0,9.7(4.30 %),0,0,0,0,18608372,22.07
18/07/2012,0,0,9.8(1.03 %),0,0,0,0,18608372,22.07
19/07/2012,0,0,10.2(4.08 %),0,0,0,0,18608372,22.07
20/07/2012,0,0,10.5(2.94 %),0,0,0,0,18608372,22.07
23/07/2012,0,0,10.2(-2.86 %),0,0,0,0,18608372,22.07
24/07/2012,10000,97000000,9.7(-4.90 %),10000,97000000,0,0,18598372,22.08
25/07/2012,0,0,9.5(-2.06 %),0,0,0,0,18598372,22.08
26/07/2012,0,0,9.6(1.05 %),0,0,0,0,18598372,22.08
27/07/2012,20000,190000000,9.3(-3.12 %),20000,190000000,0,0,18578372,22.11
30/07/2012,0,0,9.3(0.00 %),0,0,0,0,18578372,22.11
31/07/2012,0,0,9.3(0.00 %),0,0,0,0,18578372,22.11
01/08/2012,10000,91000000,9.2(-1.08 %),10000,91000000,0,0,18568372,22.12
02/08/2012,0,0,9.2(0.00 %),0,0,0,0,18568372,22.12
03/08/2012,0,0,9.3(1.09 %),0,0,0,0,18568372,22.12
06/08/2012,-20000,-193000000,9.7(4.30 %),0,0,20000,193000000,18588372,22.09
07/08/2012,0,0,9.5(-2.06 %),0,0,0,0,18588372,22.09
08/08/2012,0,0,9.6(1.05 %),0,0,0,0,18588372,22.09
09/08/2012,-10900,-108820000,9.8(2.08 %),0,0,10900,108820000,18599272,22.08
10/08/2012,0,0,9.9(1.02 %),0,0,0,0,18599272,22.08
13/08/2012,-100,-970000,9.7(-2.02 %),0,0,100,970000,18599372,22.08
14/08/2012,0,0,9.9(2.06 %),0,0,0,0,18599372,22.08
15/08/2012,0,0,9.7(-2.02 %),0,0,0,0,18599372,22.08
16/08/2012,0,0,9.7(0.00 %),0,0,0,0,18599372,22.08
17/08/2012,0,0,9.9(2.06 %),0,0,0,0,18599372,22.08
20/08/2012,0,0,10.1(2.02 %),0,0,0,0,18599372,22.08
21/08/2012,0,0,9.6(-4.95 %),0,0,0,0,18599372,22.08
22/08/2012,80130,742209000,9.2(-4.17 %),80130,742209000,0,0,18519242,22.19
23/08/2012,3500,30800000,8.8(-4.35 %),3500,30800000,0,0,18515742,22.2
24/08/2012,110000,941280000,8.6(-2.27 %),120000,1025280000,10000,84000000,18405742,22.36
27/08/2012,50000,414000000,8.2(-4.65 %),50000,414000000,0,0,18355742,22.43
28/08/2012,89460,703680000,7.8(-4.88 %),90000,708000000,540,4320000,18266282,22.56
29/08/2012,10000,79000000,8.1(3.85 %),20000,160000000,10000,81000000,18256282,22.57
30/08/2012,6500,51662000,7.8(-3.70 %),50000,400862000,43500,349200000,18249782,22.58
31/08/2012,-10000,-78000000,7.9(1.28 %),0,0,10000,78000000,18259782,22.57
04/09/2012,0,0,7.8(-1.27 %),0,0,0,0,18196282,22.66
05/09/2012,3500,24600000,7.5(-3.85 %),33500,251600000,30000,227000000,18192782,22.67
06/09/2012,10000,72000000,7.2(-4.00 %),10000,72000000,0,0,18182782,22.68
07/09/2012,-60000,-420000000,7.4(2.78 %),0,0,60000,420000000,18242782,22.59
10/09/2012,0,0,7.1(-4.05 %),0,0,0,0,18242782,22.59
11/09/2012,-43630,-297534000,6.8(-4.23 %),16500,113850000,60130,411384000,18286412,22.53
12/09/2012,-33990,-234618000,6.8(0.00 %),0,0,33990,234618000,18320402,22.48
13/09/2012,9290,61210000,7.1(4.41 %),41800,290780000,32510,229570000,18311112,22.5
14/09/2012,-13500,-98270000,7.4(4.23 %),20000,147630000,33500,245900000,18324612,22.48
17/09/2012,-14500,-105850000,7.3(-1.35 %),500,3650000,15000,109500000,18339112,22.45
18/09/2012,-8400,-59900000,7(-4.11 %),33500,235850000,41900,295750000,18347512,22.44
19/09/2012,6020,40936000,7(0.00 %),6020,40936000,0,0,18341492,22.45
20/09/2012,0,0,6.7(-4.29 %),0,0,0,0,18341492,22.45
21/09/2012,0,0,6.9(2.99 %),0,0,0,0,18341492,22.45
24/09/2012,0,0,6.6(-4.35 %),0,0,0,0,18341492,22.45
25/09/2012,26320,173849000,6.7(1.52 %),26320,173849000,0,0,18315172,22.49
26/09/2012,-160,-1088000,6.8(1.49 %),0,0,160,1088000,18315332,22.49
27/09/2012,0,0,6.8(0.00 %),0,0,0,0,18315332,22.49
28/09/2012,0,0,6.9(1.47 %),0,0,0,0,18315332,22.49
01/10/2012,-10000,-68000000,6.8(-1.45 %),0,0,10000,68000000,18378672,22.4
02/10/2012,25000,167500000,6.7(-1.47 %),25000,167500000,0,0,18353672,22.43
03/10/2012,0,0,6.8(1.49 %),0,0,0,0,18353672,22.43
04/10/2012,10000,69000000,6.9(1.47 %),10000,69000000,0,0,18343672,22.45
05/10/2012,50000,348000000,7.1(2.90 %),50000,348000000,0,0,18293672,22.52
08/10/2012,0,0,7.4(4.23 %),0,0,0,0,18293672,22.52
09/10/2012,-10000,-74000000,7.4(0.00 %),0,0,10000,74000000,18303672,22.51
10/10/2012,-4350,-33495000,7.4(0.00 %),0,0,4350,33495000,18308022,22.5
11/10/2012,-19150,-146455000,7.5(1.35 %),0,0,19150,146455000,18327172,22.47
12/10/2012,1000,7400000,7.5(0.00 %),1000,7400000,0,0,18326172,22.47
15/10/2012,20000,144000000,7.4(-1.33 %),20000,144000000,0,0,18306172,22.5
16/10/2012,0,0,7.7(4.05 %),0,0,0,0,18306172,22.5
17/10/2012,0,0,7.7(0.00 %),0,0,0,0,18306172,22.5
18/10/2012,0,0,7.6(-1.30 %),0,0,0,0,18306172,22.5
19/10/2012,18000,131400000,7.3(-3.95 %),18000,131400000,0,0,18288172,22.53
22/10/2012,-70000,-490000000,7(-4.11 %),0,0,70000,490000000,18358172,22.43
23/10/2012,0,0,7(0.00 %),0,0,0,0,18358172,22.43
24/10/2012,0,0,7.2(2.86 %),0,0,0,0,18358172,22.43
25/10/2012,0,0,6.9(-4.17 %),0,0,0,0,18358172,22.43
26/10/2012,0,0,6.9(0.00 %),0,0,0,0,18358172,16.15
29/10/2012,0,0,7.2(4.35 %),0,0,0,0,18358172,22.43
30/10/2012,-840,-5964000,7.4(2.78 %),0,0,840,5964000,18359012,22.43
31/10/2012,0,0,7.5(1.35 %),0,0,0,0,18359012,22.43
01/11/2012,-68000,-503200000,7.5(0.00 %),0,0,68000,503200000,18368332,22.41
02/11/2012,0,0,7.2(-4.00 %),0,0,0,0,18368332,22.41
05/11/2012,0,0,7(-2.78 %),0,0,0,0,18368332,22.41
06/11/2012,-29870,-204823000,6.7(-4.29 %),0,0,29870,204823000,18398202,22.37
07/11/2012,1060,7102000,6.8(1.49 %),1060,7102000,0,0,18397142,22.37
08/11/2012,0,0,6.8(0.00 %),0,0,0,0,18397142,22.37
09/11/2012,0,0,6.9(1.47 %),0,0,0,0,18397142,22.37
12/11/2012,0,0,7.2(4.35 %),0,0,0,0,18397142,22.37
13/11/2012,0,0,7(-2.78 %),0,0,0,0,18397142,22.37
14/11/2012,2580,18060000,7(0.00 %),2580,18060000,0,0,18394562,22.37
15/11/2012,500,3500000,6.8(-2.86 %),500,3500000,0,0,18394062,22.38
16/11/2012,0,0,7(2.94 %),0,0,0,0,18394062,22.38
19/11/2012,-7000,-47600000,7(0.00 %),0,0,7000,47600000,18401062,22.37
20/11/2012,0,0,7(0.00 %),0,0,0,0,18401062,22.37
21/11/2012,0,0,6.9(-1.43 %),0,0,0,0,18401062,22.37
22/11/2012,0,0,6.9(0.00 %),0,0,0,0,18401062,22.37
23/11/2012,0,0,6.9(0.00 %),0,0,0,0,18401062,22.37
26/11/2012,0,0,6.9(0.00 %),0,0,0,0,18401062,22.37
27/11/2012,0,0,6.7(-2.90 %),0,0,0,0,18401062,22.37
28/11/2012,0,0,6.6(-1.49 %),0,0,0,0,18401062,22.37
29/11/2012,0,0,6.6(0.00 %),0,0,0,0,18401062,22.37
30/11/2012,-156690,-1019156000,6.4(-3.03 %),0,0,156690,1019156000,18557752,22.14
03/12/2012,0,0,6.4(0.00 %),0,0,0,0,18469902,22.27
04/12/2012,0,0,6.6(3.12 %),0,0,0,0,18469902,22.27
05/12/2012,0,0,6.9(4.55 %),0,0,0,0,18469902,22.27
06/12/2012,0,0,6.8(-1.45 %),0,0,0,0,18469902,22.27
07/12/2012,-9000,-60900000,6.7(-1.47 %),0,0,9000,60900000,18478902,22.25
10/12/2012,-91000,-631516000,7(4.48 %),0,0,91000,631516000,18569902,22.12
11/12/2012,-100,-710000,6.9(-1.43 %),0,0,100,710000,18570002,22.12
12/12/2012,-200,-1410000,7.2(4.35 %),0,0,200,1410000,18570202,22.12
13/12/2012,-500,-3560000,7(-2.78 %),0,0,500,3560000,18570702,22.12
14/12/2012,-400,-2800000,7(0.00 %),0,0,400,2800000,18570602,22.12
17/12/2012,-50000,-352000000,7(0.00 %),0,0,50000,352000000,18620602,22.05
18/12/2012,-50000,-344652000,6.9(-1.43 %),0,0,50000,344652000,18670602,21.98
19/12/2012,0,0,7.2(4.35 %),0,0,0,0,18670602,21.98
20/12/2012,-10000,-75000000,7.5(4.17 %),0,0,10000,75000000,18680602,21.96
21/12/2012,10000,74400000,7.6(1.33 %),10000,74400000,0,0,18670602,21.98
24/12/2012,0,0,7.5(-1.32 %),0,0,0,0,18670602,21.98
25/12/2012,0,0,7.4(-1.33 %),0,0,0,0,18670602,21.98
26/12/2012,0,0,7.7(4.05 %),0,0,0,0,18670602,21.98
27/12/2012,0,0,7.9(2.60 %),0,0,0,0,18670602,21.98
28/12/2012,0,0,8.1(2.53 %),0,0,0,0,18670602,21.98
02/01/2013,50000,410000000,8.5(4.94 %),50000,410000000,0,0,18777792,21.82
03/01/2013,0,0,8.1(-4.71 %),0,0,0,0,18777792,21.82
04/01/2013,100000,810000000,8.1(0.00 %),100000,810000000,0,0,18677792,21.96
07/01/2013,0,0,7.9(-2.47 %),0,0,0,0,18677792,21.96
08/01/2013,-25100,-200290000,7.9(0.00 %),0,0,25100,200290000,18702892,21.93
09/01/2013,0,0,7.8(-1.27 %),0,0,0,0,18702892,21.93
10/01/2013,0,0,8(2.56 %),0,0,0,0,18702892,21.93
11/01/2013,50000,405000000,8(0.00 %),50000,405000000,0,0,18652892,22.0
14/01/2013,5000,39500000,8(0.00 %),5000,39500000,0,0,18647892,22.01
15/01/2013,0,0,8.3(3.75 %),0,0,0,0,18647892,22.01
16/01/2013,80200,710260000,8.8(6.02 %),110200,969760000,30000,259500000,18567692,22.12
17/01/2013,-40000,-352500000,8.4(-4.55 %),10000,90000000,50000,442500000,18607692,22.07
18/01/2013,0,0,8.3(-1.19 %),0,0,0,0,18607692,22.07
21/01/2013,-100000,-810000000,8(-3.61 %),0,0,100000,810000000,18707692,21.92
22/01/2013,0,0,7.7(-3.75 %),0,0,0,0,18707692,21.92
23/01/2013,-2990,-23023000,7.5(-2.60 %),0,0,2990,23023000,18710682,21.92
24/01/2013,0,0,7.7(2.67 %),0,0,0,0,18710682,21.92
25/01/2013,0,0,8.1(5.19 %),0,0,0,0,18710682,21.92
28/01/2013,-10000,-82048000,8.1(0.00 %),0,0,10000,82048000,18720682,21.9
29/01/2013,0,0,8.2(1.23 %),0,0,0,0,18720682,21.9
30/01/2013,0,0,8.5(3.66 %),0,0,0,0,18720682,21.9
31/01/2013,0,0,8.2(-3.53 %),0,0,0,0,18720682,21.9
01/02/2013,0,0,8.2(0.00 %),0,0,0,0,18720682,21.9
04/02/2013,0,0,8.1(-1.22 %),0,0,0,0,18720682,21.9
05/02/2013,0,0,8(-1.23 %),0,0,0,0,18720682,21.9
06/02/2013,0,0,8.5(6.25 %),0,0,0,0,18720682,21.9
07/02/2013,0,0,9(5.88 %),0,0,0,0,18720682,21.9
08/02/2013,-10000,-96000000,9.6(6.67 %),0,0,10000,96000000,18730682,21.89
18/02/2013,10000,102000000,10.2(6.25 %),10000,102000000,0,0,18720682,21.9
19/02/2013,0,0,10.6(3.92 %),0,0,0,0,18720682,21.9
20/02/2013,-10000,-106000000,10.4(-1.89 %),0,0,10000,106000000,18730682,21.89
21/02/2013,5400,55360000,9.7(-6.73 %),5400,55360000,0,0,18725282,21.9
22/02/2013,-99900,-941000000,9.5(-2.06 %),100,1000000,100000,942000000,18825182,21.75
25/02/2013,1800,17100000,10.1(6.32 %),1800,17100000,0,0,18823382,21.75
26/02/2013,-5000,-48500000,9.4(-6.93 %),0,0,5000,48500000,18828382,21.75
27/02/2013,-190780,-1748332000,9.3(-1.06 %),0,0,190780,1748332000,19019162,21.47
28/02/2013,-1800,-16920000,9.3(0.00 %),0,0,1800,16920000,19020962,21.47
01/03/2013,0,0,9.3(0.00 %),0,0,0,0,18823382,21.75
04/03/2013,-21300,-185410000,8.7(-6.45 %),1100,9710000,22400,195120000,18844682,21.72
05/03/2013,120,1008000,8.2(-5.75 %),120,1008000,0,0,18844562,21.72
06/03/2013,0,0,8.4(2.44 %),0,0,0,0,18844562,21.72
07/03/2013,1000,8000000,8.1(-3.57 %),1000,8000000,0,0,18843562,21.72
08/03/2013,0,0,8.3(2.47 %),0,0,0,0,18843562,21.72
11/03/2013,0,0,8.8(6.02 %),0,0,0,0,18843562,21.72
12/03/2013,50000,460000000,9(2.27 %),50000,460000000,0,0,18793562,21.8
13/03/2013,175200,1589080000,8.9(-1.11 %),176200,1598180000,1000,9100000,18618362,22.05
14/03/2013,-3250,-29105000,9.1(2.25 %),0,0,3250,29105000,18621612,22.05
15/03/2013,90000,831000000,9.2(1.10 %),90000,831000000,0,0,18531612,22.18
18/03/2013,0,0,9.1(-1.09 %),0,0,0,0,18531612,22.18
19/03/2013,100,890000,8.9(-2.20 %),100,890000,0,0,18531512,22.18
20/03/2013,0,0,9(1.12 %),0,0,0,0,18531512,22.18
21/03/2013,0,0,8.9(-1.11 %),0,0,0,0,18531512,22.18
22/03/2013,0,0,8.6(-3.37 %),0,0,0,0,18531512,22.18
25/03/2013,0,0,8.6(0.00 %),0,0,0,0,18531512,22.18
26/03/2013,0,0,8.5(-1.16 %),0,0,0,0,18531512,22.18
27/03/2013,-4000,-33600000,8.4(-1.18 %),0,0,4000,33600000,18535512,22.17
28/03/2013,0,0,8.2(-2.38 %),0,0,0,0,18535512,22.17
29/03/2013,0,0,8.4(2.44 %),0,0,0,0,18535512,22.17
01/04/2013,0,0,8.5(1.19 %),0,0,0,0,18729092,21.89
02/04/2013,-3000,-25200000,8.6(1.18 %),0,0,3000,25200000,18732092,21.89
03/04/2013,-2800,-23800000,8.5(-1.16 %),0,0,2800,23800000,18734892,21.88
04/04/2013,0,0,8.4(-1.18 %),0,0,0,0,18734892,21.88
05/04/2013,0,0,8.5(1.19 %),0,0,0,0,18734892,21.88
08/04/2013,2300,19550000,8.3(-2.35 %),2300,19550000,0,0,18732592,21.89
09/04/2013,0,0,8.4(1.20 %),0,0,0,0,18732592,21.89
10/04/2013,0,0,8.4(0.00 %),0,0,0,0,18732592,21.89
11/04/2013,0,0,8.4(0.00 %),0,0,0,0,18732592,21.89
12/04/2013,0,0,8.3(-1.19 %),0,0,0,0,18732592,21.89
15/04/2013,0,0,7.9(-4.82 %),0,0,0,0,18732592,21.89
16/04/2013,0,0,7.9(0.00 %),0,0,0,0,18732592,21.89
17/04/2013,0,0,7.9(0.00 %),0,0,0,0,18732592,21.89
18/04/2013,-35000,-269500000,7.6(-3.80 %),0,0,35000,269500000,18767592,21.83
22/04/2013,0,0,7.2(-5.26 %),0,0,0,0,18767592,21.83
23/04/2013,-156200,-1142460000,7.3(1.39 %),20000,144000000,176200,1286460000,18923792,21.61
24/04/2013,20000,142500000,7.2(-1.37 %),20000,142500000,0,0,18903792,21.64
25/04/2013,0,0,7.3(1.39 %),0,0,0,0,18903792,21.64
26/04/2013,0,0,7.2(-1.37 %),0,0,0,0,18903792,21.64
02/05/2013,0,0,7.1(-1.39 %),0,0,0,0,18907792,21.63
03/05/2013,0,0,7.4(4.23 %),0,0,0,0,18907792,21.63
06/05/2013,-10000,-78500000,7.9(6.76 %),0,0,10000,78500000,18917792,21.62
07/05/2013,0,0,7.8(-1.27 %),0,0,0,0,18917792,21.62
08/05/2013,970,7275000,7.5(-3.85 %),970,7275000,0,0,18916822,21.62
09/05/2013,-30000,-240000000,8(6.67 %),0,0,30000,240000000,18946822,21.58
10/05/2013,25000,202000000,7.9(-1.25 %),25000,202000000,0,0,18921822,21.61
13/05/2013,10000,82000000,8.1(2.53 %),10000,82000000,0,0,18911822,21.63
14/05/2013,0,0,7.7(-4.94 %),0,0,0,0,18911822,21.63
15/05/2013,0,0,7.9(2.60 %),0,0,0,0,18911822,21.63
16/05/2013,0,0,7.8(-1.27 %),0,0,0,0,18911822,21.63
17/05/2013,0,0,7.7(-1.28 %),0,0,0,0,18911822,21.63
20/05/2013,0,0,7.9(2.60 %),0,0,0,0,18911822,21.63
21/05/2013,0,0,8.1(2.53 %),0,0,0,0,18911822,21.63
22/05/2013,0,0,8.2(1.23 %),0,0,0,0,18911822,21.63
23/05/2013,0,0,8.2(0.00 %),0,0,0,0,18911822,21.63
24/05/2013,0,0,8.3(1.22 %),0,0,0,0,18911822,21.63
27/05/2013,20000,174000000,8.5(2.41 %),20000,174000000,0,0,18891822,21.65
28/05/2013,0,0,8.7(2.35 %),0,0,0,0,18891822,21.65
29/05/2013,0,0,8.6(-1.15 %),0,0,0,0,18891822,21.65
30/05/2013,-190000,-1613000000,8.7(1.16 %),0,0,190000,1613000000,19081822,21.38
31/05/2013,-5000,-45500000,8.8(1.15 %),0,0,5000,45500000,19086822,21.37
03/06/2013,0,0,8.9(1.14 %),0,0,0,0,18891822,21.65
04/06/2013,-500,-4450000,8.5(-4.49 %),0,0,500,4450000,18892322,21.65
05/06/2013,0,0,8.6(1.18 %),0,0,0,0,18892322,21.65
06/06/2013,0,0,8.6(0.00 %),0,0,0,0,18892322,21.65
07/06/2013,0,0,8.6(0.00 %),0,0,0,0,18892322,21.65
10/06/2013,0,0,8.4(-2.33 %),0,0,0,0,18892322,21.65
11/06/2013,0,0,8.4(0.00 %),0,0,0,0,18892322,21.65
12/06/2013,0,0,8.6(2.38 %),0,0,0,0,18892322,21.65
13/06/2013,0,0,8.6(0.00 %),0,0,0,0,18892322,21.65
14/06/2013,0,0,8.6(0.00 %),0,0,0,0,18892322,21.65
17/06/2013,12590,103238000,8.4(-2.33 %),12590,103238000,0,0,18879732,21.67
18/06/2013,0,0,8.1(-3.57 %),0,0,0,0,18879732,21.67
19/06/2013,300,2490000,8.3(2.47 %),300,2490000,0,0,18879432,21.67
20/06/2013,0,0,8(-3.61 %),0,0,0,0,18879432,21.67
21/06/2013,0,0,7.9(-1.25 %),0,0,0,0,18879432,21.67
24/06/2013,0,0,7.9(0.00 %),0,0,0,0,18879432,21.67
25/06/2013,45000,339000000,7.6(-3.80 %),45000,339000000,0,0,18834432,21.74
26/06/2013,0,0,7.7(1.32 %),0,0,0,0,18834432,21.74
27/06/2013,0,0,7.7(0.00 %),0,0,0,0,18834432,21.74
28/06/2013,10000,78000000,7.6(-1.30 %),10000,78000000,0,0,18824432,21.75
01/07/2013,-100,-770000,7.7(1.32 %),0,0,100,770000,19019432,21.47
02/07/2013,0,0,7.8(1.30 %),0,0,0,0,19019432,21.47
03/07/2013,0,0,7.8(0.00 %),0,0,0,0,19019432,21.47
04/07/2013,0,0,7.7(-1.28 %),0,0,0,0,19019432,21.47
05/07/2013,-17000,-130010000,7.7(0.00 %),0,0,17000,130010000,19036432,21.45
08/07/2013,0,0,7.5(-2.60 %),0,0,0,0,19036432,21.45
09/07/2013,0,0,7.5(0.00 %),0,0,0,0,19036432,21.45
10/07/2013,0,0,7.5(0.00 %),0,0,0,0,19036432,21.45
11/07/2013,0,0,7.6(1.33 %),0,0,0,0,19036432,21.45
12/07/2013,0,0,7.8(2.63 %),0,0,0,0,19036432,21.45
15/07/2013,-38490,-294358000,7.6(-2.56 %),0,0,38490,294358000,19074922,21.39
16/07/2013,0,0,7.6(0.00 %),0,0,0,0,19074922,21.39
17/07/2013,0,0,7.9(3.95 %),0,0,0,0,19074922,21.39
18/07/2013,0,0,7.8(-1.27 %),0,0,0,0,19074922,21.39
19/07/2013,0,0,7.9(1.28 %),0,0,0,0,19074922,21.39
22/07/2013,200,1500000,7.5(-5.06 %),200,1500000,0,0,19074722,21.39
23/07/2013,0,0,7.6(1.33 %),0,0,0,0,19074722,21.39
24/07/2013,15000,109500000,7.4(-2.63 %),15000,109500000,0,0,19059722,21.41
25/07/2013,0,0,7.1(-4.05 %),0,0,0,0,19059722,21.41
26/07/2013,-55500,-398190000,7.3(2.82 %),7500,52500000,63000,450690000,19115222,21.33
29/07/2013,0,0,6.9(-5.48 %),0,0,0,0,19115222,21.33
30/07/2013,0,0,7.1(2.90 %),0,0,0,0,19115222,21.33
31/07/2013,0,0,7.1(0.00 %),0,0,0,0,19115222,21.33
01/08/2013,0,0,6.9(-2.82 %),0,0,0,0,19115322,21.33
02/08/2013,0,0,7.1(2.90 %),0,0,0,0,19115322,21.33
05/08/2013,0,0,7.1(0.00 %),0,0,0,0,19115322,21.33
06/08/2013,0,0,7(-1.41 %),0,0,0,0,19115322,21.33
07/08/2013,0,0,7(0.00 %),0,0,0,0,19115322,21.33
08/08/2013,0,0,7(0.00 %),0,0,0,0,19115322,21.33
09/08/2013,0,0,7(0.00 %),0,0,0,0,19115322,21.33
12/08/2013,0,0,6.8(-2.86 %),0,0,0,0,19115322,21.33
13/08/2013,0,0,6.6(-2.94 %),0,0,0,0,19115322,21.33
14/08/2013,0,0,6.9(4.55 %),0,0,0,0,19115322,21.33
15/08/2013,0,0,6.8(-1.45 %),0,0,0,0,19115322,21.33
16/08/2013,0,0,6.9(1.47 %),0,0,0,0,19115322,21.33
19/08/2013,0,0,7.2(4.35 %),0,0,0,0,19115322,21.33
20/08/2013,0,0,7(-2.78 %),0,0,0,0,19115322,21.33
21/08/2013,0,0,7(0.00 %),0,0,0,0,19115322,21.33
22/08/2013,0,0,7(0.00 %),0,0,0,0,19115322,21.33
23/08/2013,0,0,6.9(-1.43 %),0,0,0,0,19115322,21.33
26/08/2013,0,0,6.9(0.00 %),0,0,0,0,19115322,21.33
27/08/2013,0,0,6.9(0.00 %),0,0,0,0,19115322,21.33
28/08/2013,0,0,6.6(-4.35 %),0,0,0,0,19115322,21.33
29/08/2013,0,0,6.5(-1.52 %),0,0,0,0,19115322,21.33
30/08/2013,0,0,6.5(0.00 %),0,0,0,0,19115322,21.33
03/09/2013,0,0,6.2(-4.62 %),0,0,0,0,19115322,21.33
04/09/2013,0,0,6(-3.23 %),0,0,0,0,19115322,21.33
05/09/2013,45000,279000000,6.3(5.00 %),45000,279000000,0,0,19070322,21.4
06/09/2013,0,0,6.1(-3.17 %),0,0,0,0,19070322,21.4
09/09/2013,0,0,6(-1.64 %),0,0,0,0,19070322,21.4
10/09/2013,10000,60000000,6(0.00 %),10000,60000000,0,0,19060322,21.41
11/09/2013,0,0,6(0.00 %),0,0,0,0,19060322,21.41
12/09/2013,1000,6000000,6(0.00 %),1000,6000000,0,0,19059322,21.41
13/09/2013,1000,6000000,6.1(1.67 %),1000,6000000,0,0,19058322,21.41
16/09/2013,0,0,6(-1.64 %),0,0,0,0,19058322,21.41
17/09/2013,0,0,5.9(-1.67 %),0,0,0,0,19058322,21.41
18/09/2013,2000,11900000,5.9(0.00 %),2000,11900000,0,0,19056322,21.42
19/09/2013,-300,-1800000,5.9(0.00 %),0,0,300,1800000,19056622,21.42
20/09/2013,-50000,-299000000,6(1.69 %),0,0,50000,299000000,19106622,21.34
23/09/2013,0,0,6(0.00 %),0,0,0,0,19106622,21.34
24/09/2013,0,0,6.1(1.67 %),0,0,0,0,19106622,21.34
25/09/2013,5750,36225000,6.4(4.92 %),5750,36225000,0,0,19100872,21.35
26/09/2013,0,0,6.3(-1.56 %),0,0,0,0,19100872,21.35
27/09/2013,0,0,6.3(0.00 %),0,0,0,0,19100872,21.35
30/09/2013,0,0,6.4(1.59 %),0,0,0,0,19100872,21.35
01/10/2013,0,0,6.4(0.00 %),0,0,0,0,19100872,21.35
02/10/2013,0,0,6.8(6.25 %),0,0,0,0,19100872,21.35
03/10/2013,59600,415300000,7.1(4.41 %),69100,483700000,9500,68400000,19041272,21.44
04/10/2013,10000,70000000,6.9(-2.82 %),10000,70000000,0,0,19031272,21.45
07/10/2013,-6000,-41600000,6.8(-1.45 %),0,0,6000,41600000,19037272,21.44
08/10/2013,17000,118000000,7.1(4.41 %),21000,146400000,4000,28400000,19020272,21.47
09/10/2013,0,0,6.9(-2.82 %),0,0,0,0,19020272,21.47
10/10/2013,0,0,6.7(-2.90 %),0,0,0,0,19020272,21.47
11/10/2013,0,0,6.7(0.00 %),0,0,0,0,19020272,21.47
14/10/2013,0,0,6.7(0.00 %),0,0,0,0,19020272,21.47
15/10/2013,-300,-1950000,6.5(-2.99 %),0,0,300,1950000,19020572,21.47
16/10/2013,0,0,6.8(4.62 %),0,0,0,0,19020572,21.47
17/10/2013,0,0,6.7(-1.47 %),0,0,0,0,19020572,21.47
18/10/2013,0,0,6.9(2.99 %),0,0,0,0,19020572,21.47
21/10/2013,0,0,7.2(4.35 %),0,0,0,0,19020572,21.47
22/10/2013,-50000,-350000000,7.1(-1.39 %),0,0,50000,350000000,19070572,21.4
23/10/2013,0,0,7.4(4.23 %),0,0,0,0,19070572,21.4
24/10/2013,-10000,-72000000,7(-5.41 %),0,0,10000,72000000,19080572,21.38
25/10/2013,0,0,7.1(1.43 %),0,0,0,0,19080572,21.38
28/10/2013,-104100,-725200000,6.9(-2.82 %),0,0,104100,725200000,19184672,21.23
29/10/2013,0,0,7(1.45 %),0,0,0,0,19184672,21.23
30/10/2013,-15000,-105000000,6.9(-1.43 %),0,0,15000,105000000,19199672,21.21
31/10/2013,-16380,-114660000,7.1(2.90 %),0,0,16380,114660000,19216052,21.19
01/11/2013,0,0,7(-1.41 %),0,0,0,0,19184672,21.23
04/11/2013,0,0,7.2(2.86 %),0,0,0,0,19184672,21.23
05/11/2013,12000,88400000,7.5(4.17 %),12000,88400000,0,0,19172672,21.25
06/11/2013,0,0,7.6(1.33 %),0,0,0,0,19172672,21.25
07/11/2013,1000,7600000,7.6(0.00 %),1000,7600000,0,0,19171672,21.25
08/11/2013,-10000,-75500000,7.7(1.32 %),0,0,10000,75500000,19181672,21.24
11/11/2013,100000,790000000,8.1(5.19 %),100000,790000000,0,0,19081672,21.38
12/11/2013,0,0,7.7(-4.94 %),0,0,0,0,19081672,21.38
13/11/2013,0,0,7.7(0.00 %),0,0,0,0,19081672,21.38
14/11/2013,0,0,7.6(-1.30 %),0,0,0,0,19081672,21.38
15/11/2013,-5750,-43125000,7.7(1.32 %),0,0,5750,43125000,19087422,21.37
18/11/2013,180,1422000,7.8(1.30 %),180,1422000,0,0,19087242,21.37
19/11/2013,0,0,7.8(0.00 %),0,0,0,0,19087242,21.37
20/11/2013,50000,390000000,8(2.56 %),50000,390000000,0,0,19037242,21.44
21/11/2013,88820,728560000,7.8(-2.50 %),90820,744560000,2000,16000000,18948422,21.57
22/11/2013,500,3900000,7.7(-1.28 %),500,3900000,0,0,18947922,21.57
25/11/2013,0,0,7.5(-2.60 %),0,0,0,0,18947922,21.57
26/11/2013,-6000,-45000000,7.6(1.33 %),0,0,6000,45000000,18953922,21.57
27/11/2013,0,0,7.7(1.32 %),0,0,0,0,18953922,21.57
28/11/2013,2000,15400000,7.7(0.00 %),2000,15400000,0,0,18951922,21.57
29/11/2013,0,0,7.6(-1.30 %),0,0,0,0,18951922,21.57
02/12/2013,-110000,-825000000,7.6(0.00 %),0,0,110000,825000000,18983302,21.52
03/12/2013,-29500,-228200000,7.9(3.95 %),500,3800000,30000,232000000,19012802,21.48
04/12/2013,-20000,-156000000,7.9(0.00 %),0,0,20000,156000000,19032802,21.45
05/12/2013,-79000,-655700000,8.3(5.06 %),3000,24900000,82000,680600000,19111802,21.34
06/12/2013,0,0,8.1(-2.41 %),0,0,0,0,19111802,21.34
09/12/2013,0,0,8(-1.23 %),0,0,0,0,19111802,21.34
10/12/2013,-6500,-51700000,7.8(-2.50 %),0,0,6500,51700000,19118302,21.33
11/12/2013,-2850,-22260000,7.6(-2.56 %),150,1140000,3000,23400000,19121152,21.32
12/12/2013,0,0,7.5(-1.32 %),0,0,0,0,19121152,21.32
13/12/2013,0,0,7.6(1.33 %),0,0,0,0,19121152,21.32
16/12/2013,3000,23100000,7.7(1.32 %),3000,23100000,0,0,19118152,21.33
17/12/2013,500,3900000,7.8(1.30 %),500,3900000,0,0,19117652,21.33
18/12/2013,450,3465000,7.7(-1.28 %),450,3465000,0,0,19117202,21.33
19/12/2013,0,0,7.8(1.30 %),0,0,0,0,19117202,21.33
20/12/2013,2000,16200000,7.9(1.28 %),2000,16200000,0,0,19115202,21.33
23/12/2013,6020,48160000,8.1(2.53 %),6020,48160000,0,0,19109182,21.34
24/12/2013,12000,95800000,8(-1.23 %),14000,112000000,2000,16200000,19097182,21.36
25/12/2013,0,0,7.9(-1.25 %),0,0,0,0,19097182,21.36
26/12/2013,0,0,7.8(-1.27 %),0,0,0,0,19097182,21.36
27/12/2013,1000,7800000,7.6(-2.56 %),1000,7800000,0,0,19096182,21.36
30/12/2013,-4400,-32840000,7.3(-3.95 %),600,4560000,5000,37400000,19100582,21.35
31/12/2013,0,0,7.7(5.48 %),0,0,0,0,19100582,21.35
02/01/2014,0,0,7.4(-3.90 %),0,0,0,0,19205582,21.2
03/01/2014,0,0,7.5(1.35 %),0,0,0,0,19205582,21.2
06/01/2014,0,0,7.7(2.67 %),0,0,0,0,19205582,21.2
07/01/2014,0,0,7.5(-2.60 %),0,0,0,0,19205582,21.2
08/01/2014,70000,525000000,7.6(1.33 %),70000,525000000,0,0,19135582,21.3
09/01/2014,0,0,7.5(-1.32 %),0,0,0,0,19135582,21.3
10/01/2014,0,0,7.4(-1.33 %),0,0,0,0,19135582,21.3
13/01/2014,-14950,-109135000,7.2(-2.70 %),50,365000,15000,109500000,19150532,21.28
14/01/2014,0,0,7.3(1.39 %),0,0,0,0,19150532,21.28
15/01/2014,20000,146000000,7.4(1.37 %),20000,146000000,0,0,19130532,21.31
16/01/2014,500,3600000,7.2(-2.70 %),500,3600000,0,0,19130032,21.31
17/01/2014,-19020,-133140000,7(-2.78 %),1000,7000000,20020,140140000,19149052,21.28
20/01/2014,-48000,-320300000,6.7(-4.29 %),22000,155700000,70000,476000000,19197052,21.21
21/01/2014,0,0,6.9(2.99 %),0,0,0,0,19197052,21.21
22/01/2014,0,0,6.8(-1.45 %),0,0,0,0,19197052,21.21
23/01/2014,36000,248300000,7(2.94 %),36000,248300000,0,0,19161052,21.27
24/01/2014,0,0,7(0.00 %),0,0,0,0,19161052,21.27
27/01/2014,0,0,7.2(2.86 %),0,0,0,0,19161052,21.27
06/02/2014,0,0,7.2(0.00 %),0,0,0,0,19166052,21.26
07/02/2014,-20000,-146000000,7.3(1.39 %),0,0,20000,146000000,19186052,21.23
10/02/2014,1170,8658000,7.4(1.37 %),1170,8658000,0,0,19184882,21.23
11/02/2014,25000,189000000,7.3(-1.35 %),25000,189000000,0,0,19159882,21.27
12/02/2014,0,0,7.4(1.37 %),0,0,0,0,19159882,21.27
13/02/2014,25000,190000000,7.6(2.70 %),25000,190000000,0,0,19134882,21.3
14/02/2014,5000,38500000,8(5.26 %),5000,38500000,0,0,19129882,21.31
17/02/2014,43000,353100000,8.3(3.75 %),75000,603000000,32000,249900000,19086882,21.37
18/02/2014,-40000,-329500000,8.5(2.41 %),0,0,40000,329500000,19126882,21.31
19/02/2014,-5000,-41500000,8.4(-1.18 %),0,0,5000,41500000,19131882,21.31
20/02/2014,150000,1257674000,8.2(-2.38 %),150000,1257674000,0,0,18981882,21.52
21/02/2014,0,0,8.2(0.00 %),0,0,0,0,18981882,21.52
24/02/2014,34000,292200000,8.7(6.10 %),35000,300500000,1000,8300000,18947882,21.57
25/02/2014,-45000,-391500000,8.7(0.00 %),5000,43500000,50000,435000000,18992882,21.51
26/02/2014,3000,26100000,8.6(-1.15 %),3000,26100000,0,0,18989882,21.51
27/02/2014,-35480,-315029000,8.6(0.00 %),0,0,35480,315029000,19025362,21.46
28/02/2014,0,0,8.7(1.16 %),0,0,0,0,19025362,21.46
03/03/2014,7750,59875000,8.1(-6.90 %),15000,121500000,7250,61625000,18974882,21.53
04/03/2014,157400,1265940000,8.1(0.00 %),160000,1287000000,2600,21060000,18817482,21.76
05/03/2014,198000,1654337000,8.6(6.17 %),200000,1671337000,2000,17000000,18619482,22.05
06/03/2014,200000,1713357000,8.5(-1.16 %),200000,1713357000,0,0,18419482,22.34
07/03/2014,200010,1748554000,8.8(3.53 %),200010,1748554000,0,0,18219472,22.63
10/03/2014,0,0,8.9(1.14 %),0,0,0,0,18219472,22.63
11/03/2014,1000,8800000,8.8(-1.12 %),1000,8800000,0,0,18218472,22.63
12/03/2014,990,8512000,8.7(-1.14 %),1000,8600000,10,88000,18217482,22.63
13/03/2014,0,0,8.9(2.30 %),0,0,0,0,18217482,22.63
14/03/2014,95310,848429000,8.9(0.00 %),95310,848429000,0,0,18122172,22.77
17/03/2014,44000,403900000,9.3(4.49 %),44000,403900000,0,0,18078172,22.83
18/03/2014,2000,18600000,9.5(2.15 %),2000,18600000,0,0,18076172,22.84
19/03/2014,364000,3508520000,9.9(4.21 %),400000,3847120000,36000,338600000,17712172,23.36
20/03/2014,-30000,-297500000,9.8(-1.01 %),1000,9800000,31000,307300000,17742172,23.32
21/03/2014,-2000,-19600000,9.8(0.00 %),0,0,2000,19600000,17744172,23.32
24/03/2014,10000,100000000,10(2.04 %),10000,100000000,0,0,17734172,23.33
25/03/2014,18820,189810000,10.3(3.00 %),20000,202000000,1180,12190000,17715352,23.36
26/03/2014,10000,106000000,10.4(0.97 %),10000,106000000,0,0,17705352,23.37
27/03/2014,-13000,-133600000,10.3(-0.96 %),0,0,13000,133600000,17718352,23.35
28/03/2014,0,4000000,10.5(1.94 %),20000,212000000,20000,208000000,17718352,23.35
31/03/2014,-33810,-345812000,10.2(-2.86 %),500,5150000,34310,350962000,17752162,23.3
01/04/2014,600500,5811700000,9.5(-6.86 %),600500,5811700000,0,0,17136022,24.2
02/04/2014,251530,2399187000,9.5(0.00 %),271530,2591187000,20000,192000000,16884492,24.56
03/04/2014,352060,3459882000,9.8(3.16 %),352060,3459882000,0,0,16532432,25.07
04/04/2014,550000,5475000000,10.2(4.08 %),550000,5475000000,0,0,15982432,25.87
07/04/2014,189600,1933909000,10.2(0.00 %),191130,1949415000,1530,15506000,15792832,26.14
08/04/2014,110010,1163108000,10.7(4.90 %),110010,1163108000,0,0,15682822,26.3
10/04/2014,610700,6615350000,10.9(1.87 %),610700,6615350000,0,0,15072122,27.18
11/04/2014,0,0,10.8(-0.92 %),0,0,0,0,15072122,27.18
14/04/2014,10000,107000000,10.3(-4.63 %),10000,107000000,0,0,15062122,27.2
15/04/2014,4500,46100000,9.6(-6.80 %),4500,46100000,0,0,15057622,27.2
16/04/2014,200000,1943500000,9.8(2.08 %),200000,1943500000,0,0,14857622,27.49
17/04/2014,0,0,9.9(1.02 %),0,0,0,0,14857622,27.49
18/04/2014,0,0,9.3(-6.06 %),0,0,0,0,14857622,27.49
21/04/2014,0,0,8.9(-4.30 %),0,0,0,0,14857622,27.49
22/04/2014,0,0,9.3(4.49 %),0,0,0,0,14857622,27.49
23/04/2014,-2000,-18600000,8.8(-5.38 %),0,0,2000,18600000,14859622,27.49
24/04/2014,0,0,8.8(0.00 %),0,0,0,0,14859622,27.49
25/04/2014,0,0,8.7(-1.14 %),0,0,0,0,14859622,27.49
28/04/2014,0,0,8.5(-2.30 %),0,0,0,0,14859622,27.49
29/04/2014,0,0,8.6(1.18 %),0,0,0,0,14859622,27.49
05/05/2014,0,0,8(-6.98 %),0,0,0,0,14917992,27.41
06/05/2014,100,760000,7.8(-2.50 %),100,760000,0,0,14917892,27.41
07/05/2014,0,0,7.8(0.00 %),0,0,0,0,14917892,27.41
08/05/2014,0,0,7.3(-6.41 %),0,0,0,0,14917892,27.41
09/05/2014,0,0,7.4(1.37 %),0,0,0,0,14917892,27.41
12/05/2014,2000,14000000,6.9(-6.76 %),2000,14000000,0,0,14915892,27.41
13/05/2014,10310,69046000,6.8(-1.45 %),10310,69046000,0,0,14905582,27.42
14/05/2014,12240,83232000,7.2(5.88 %),12240,83232000,0,0,14893342,27.44
15/05/2014,0,0,7.2(0.00 %),0,0,0,0,14893342,27.44
16/05/2014,0,0,7.7(6.94 %),0,0,0,0,14893342,27.44
19/05/2014,-50,-367000,7.7(0.00 %),0,0,50,367000,14893392,27.44
20/05/2014,-70000,-538321000,7.8(1.30 %),20000,156000000,90000,694321000,14963392,27.34
21/05/2014,10000,80000000,8.1(3.85 %),10000,80000000,0,0,14953392,27.36
22/05/2014,0,0,7.8(-3.70 %),0,0,0,0,14953392,27.36
23/05/2014,-20000,-156000000,8(2.56 %),0,0,20000,156000000,14973392,27.33
26/05/2014,0,0,7.9(-1.25 %),0,0,0,0,14973392,27.33
27/05/2014,30000,244000000,8.1(2.53 %),30000,244000000,0,0,14943392,27.37
28/05/2014,-10000,-82000000,8.3(2.47 %),0,0,10000,82000000,14953392,27.36
29/05/2014,-10000,-84000000,8.2(-1.20 %),0,0,10000,84000000,14963392,27.34
30/05/2014,-10000,-79000000,8(-2.44 %),0,0,10000,79000000,14973392,27.33
02/06/2014,-7060,-54568000,7.8(-2.50 %),0,0,7060,54568000,14943392,27.37
03/06/2014,0,0,7.8(0.00 %),0,0,0,0,14943392,27.37
04/06/2014,-15200,-112489000,7.3(-6.41 %),0,0,15200,112489000,14958592,27.35
05/06/2014,800,5840000,7.3(0.00 %),800,5840000,0,0,14957792,27.35
06/06/2014,100,730000,7.6(4.11 %),100,730000,0,0,14957692,27.35
09/06/2014,10000,78000000,7.5(-1.32 %),10000,78000000,0,0,14947692,27.36
10/06/2014,-800,-5920000,7.3(-2.67 %),0,0,800,5920000,14948492,27.36
11/06/2014,-500,-3800000,7.6(4.11 %),0,0,500,3800000,14948992,27.36
12/06/2014,-10000,-78000000,7.7(1.32 %),0,0,10000,78000000,14958992,27.35
13/06/2014,0,0,7.8(1.30 %),0,0,0,0,14958992,27.35
16/06/2014,0,0,7.7(-1.28 %),0,0,0,0,14958992,27.35
17/06/2014,-33900,-261030000,7.8(1.30 %),0,0,33900,261030000,14992892,27.3
18/06/2014,0,0,7.9(1.28 %),0,0,0,0,14992892,27.3
19/06/2014,0,0,7.6(-3.80 %),0,0,0,0,14992892,27.3
20/06/2014,0,0,7.6(0.00 %),0,0,0,0,14992892,27.3
23/06/2014,0,0,7.6(0.00 %),0,0,0,0,14992892,27.3
24/06/2014,0,0,7.6(0.00 %),0,0,0,0,14992892,27.3
25/06/2014,0,0,7.6(0.00 %),0,0,0,0,14992892,27.3
26/06/2014,0,0,7.7(1.32 %),0,0,0,0,14992892,27.3
27/06/2014,0,0,7.7(0.00 %),0,0,0,0,14992892,27.3
30/06/2014,0,0,7.7(0.00 %),0,0,0,0,14992892,27.3
01/07/2014,0,0,7.6(-1.30 %),0,0,0,0,15029952,27.24
02/07/2014,-1600,-12280000,7.8(2.63 %),400,3120000,2000,15400000,15031552,27.24
03/07/2014,200000,1660000000,8.3(6.41 %),200000,1660000000,0,0,14831552,27.53
04/07/2014,101500,842450000,8.4(1.20 %),101500,842450000,0,0,14730052,27.68
07/07/2014,100000,830000000,8.4(0.00 %),100000,830000000,0,0,14630052,27.82
08/07/2014,0,0,8.5(1.19 %),0,0,0,0,14630052,27.82
09/07/2014,73310,616604000,8.5(0.00 %),73310,616604000,0,0,14556742,27.93
10/07/2014,100000,830000000,8.1(-4.71 %),100000,830000000,0,0,14556742,27.93
11/07/2014,193900,1588490000,8.4(3.70 %),193900,1588490000,0,0,14262842,0.0
14/07/2014,0,0,8.4(0.00 %),0,0,0,0,14262842,28.36
15/07/2014,0,0,8.2(-2.38 %),0,0,0,0,14262842,28.36
16/07/2014,0,0,8.2(0.00 %),0,0,0,0,14262842,0.0
17/07/2014,0,0,8.3(1.22 %),0,0,0,0,14262842,28.36
18/07/2014,0,0,8.2(-1.20 %),0,0,0,0,14262842,28.36
21/07/2014,0,0,8.1(-1.22 %),0,0,0,0,14262842,0.0
22/07/2014,0,0,8.1(0.00 %),0,0,0,0,14262842,0.0
23/07/2014,0,0,8.1(0.00 %),0,0,0,0,14262842,0.0
24/07/2014,0,0,8(-1.23 %),0,0,0,0,14262842,0.0
25/07/2014,0,0,7.8(-2.50 %),0,0,0,0,14262842,0.0
28/07/2014,0,0,7.5(-3.85 %),0,0,0,0,14262842,0.0
29/07/2014,0,0,7.7(2.67 %),0,0,0,0,14262842,0.0
30/07/2014,0,0,7.7(0.00 %),0,0,0,0,14262842,0.0
31/07/2014,0,0,7.8(1.30 %),0,0,0,0,14262842,0.0
01/08/2014,0,0,7.6(-2.56 %),0,0,0,0,14262842,0.0
04/08/2014,0,0,7.7(1.32 %),0,0,0,0,14262842,0.0
05/08/2014,0,0,7.9(2.60 %),0,0,0,0,14262842,0.0
06/08/2014,-3280,-25584000,7.8(-1.27 %),0,0,3280,25584000,14262842,28.36
07/08/2014,0,0,8(2.56 %),0,0,0,0,14262842,28.36
08/08/2014,0,0,8(0.00 %),0,0,0,0,14262842,0.0
11/08/2014,0,0,7.9(-1.25 %),0,0,0,0,14262842,0.0
12/08/2014,-36720,-282744000,7.8(-1.27 %),0,0,36720,282744000,14266122,0.0
13/08/2014,0,0,7.9(1.28 %),0,0,0,0,14266122,0.0
14/08/2014,0,0,8.2(3.80 %),0,0,0,0,14266122,28.35
15/08/2014,0,0,8(-2.44 %),0,0,0,0,14266122,28.35
18/08/2014,0,0,8(0.00 %),0,0,0,0,14302842,0.0
19/08/2014,0,0,7.9(-1.25 %),0,0,0,0,14302842,0.0
20/08/2014,0,0,8(1.27 %),0,0,0,0,14302842,0.0
21/08/2014,0,0,8(0.00 %),0,0,0,0,14302842,0.0
22/08/2014,-8000,-64000000,8.1(1.25 %),0,0,8000,64000000,14302842,28.3
25/08/2014,10000,83000000,8.2(1.23 %),10000,83000000,0,0,14302842,28.3
26/08/2014,0,0,8.2(0.00 %),0,0,0,0,14292842,28.31
27/08/2014,20000,164000000,8.1(-1.22 %),20000,164000000,0,0,14292842,28.31
28/08/2014,0,0,8.1(0.00 %),0,0,0,0,14280842,28.33
29/08/2014,1500,12300000,8.4(3.70 %),1500,12300000,0,0,14279342,0.0
03/09/2014,-30000,-241000000,8.5(1.19 %),70000,609000000,100000,850000000,14279342,28.33
04/09/2014,0,0,8.5(0.00 %),0,0,0,0,14209342,0.0
05/09/2014,0,0,8.6(1.18 %),0,0,0,0,14209342,0.0
08/09/2014,-100000,-870000000,8.7(1.16 %),0,0,100000,870000000,14209342,28.43
09/09/2014,-20000,-170000000,8.2(-5.75 %),0,0,20000,170000000,14309342,28.29
10/09/2014,-1500,-12450000,8.2(0.00 %),0,0,1500,12450000,14309342,0.0
11/09/2014,0,0,8.2(0.00 %),0,0,0,0,14309342,0.0
12/09/2014,-20000,-164000000,8.3(1.22 %),0,0,20000,164000000,14409342,0.0
15/09/2014,0,0,8.2(-1.20 %),0,0,0,0,14429342,28.11
16/09/2014,0,0,8.2(0.00 %),0,0,0,0,14430842,0.0
17/09/2014,0,0,8.2(0.00 %),0,0,0,0,14430842,0.0
18/09/2014,0,0,8.1(-1.22 %),0,0,0,0,14450842,0.0
19/09/2014,0,0,8(-1.23 %),0,0,0,0,14450842,0.0
22/09/2014,0,0,7.9(-1.25 %),0,0,0,0,14450842,0.0
23/09/2014,70000,567000000,8(1.27 %),70000,567000000,0,0,14380842,0.0
24/09/2014,0,0,8(0.00 %),0,0,0,0,14380842,28.18
25/09/2014,0,0,8.1(1.25 %),0,0,0,0,14380842,28.18
26/09/2014,0,0,8.1(0.00 %),0,0,0,0,14380842,28.18
29/09/2014,0,0,8.1(0.00 %),0,0,0,0,14380842,0.0
30/09/2014,-270000,-2140000000,8(-1.23 %),0,0,270000,2140000000,14380842,0.0
01/10/2014,0,0,8.3(3.75 %),0,0,0,0,14380842,0.0
02/10/2014,0,0,8.6(3.61 %),0,0,0,0,14380842,0.0
03/10/2014,-155010,-1348587000,8.6(0.00 %),0,0,155010,1348587000,14380842,0.0
06/10/2014,0,0,8.7(1.16 %),0,0,0,0,14650842,0.0
07/10/2014,-7000,-63200000,8.9(2.30 %),2000,17800000,9000,81000000,14648842,0.0
08/10/2014,0,0,8.9(0.00 %),0,0,0,0,14648842,0.0
09/10/2014,0,0,8.7(-2.25 %),0,0,0,0,14803852,0.0
10/10/2014,0,0,8.4(-3.45 %),0,0,0,0,14803852,0.0
13/10/2014,0,0,8.5(1.19 %),0,0,0,0,14803852,27.57
14/10/2014,0,0,8.2(-3.53 %),0,0,0,0,14803852,27.57
15/10/2014,-15000,-122000000,8.2(0.00 %),0,0,15000,122000000,14818852,27.55
16/10/2014,0,0,7.8(-4.88 %),0,0,0,0,14818852,27.55
17/10/2014,-7000,-55300000,8.1(3.85 %),0,0,7000,55300000,14825852,27.54
20/10/2014,-3000,-24300000,7.9(-2.47 %),0,0,3000,24300000,14828852,27.54
21/10/2014,0,0,8(1.27 %),0,0,0,0,14828852,27.54
22/10/2014,0,0,8.2(2.50 %),0,0,0,0,14828852,27.54
23/10/2014,-5000,-40000000,8(-2.44 %),0,0,5000,40000000,14833852,27.53
24/10/2014,0,0,8(0.00 %),0,0,0,0,14833852,27.53
27/10/2014,0,0,7.6(-5.00 %),0,0,0,0,14833852,27.53
29/10/2014,0,0,7.9(1.28 %),0,0,0,0,14833852,27.53
30/10/2014,0,0,7.9(0.00 %),0,0,0,0,14833852,27.53
31/10/2014,0,0,8(1.27 %),0,0,0,0,14833852,27.53
03/11/2014,0,0,8.1(1.25 %),0,0,0,0,14842852,27.52
04/11/2014,0,0,8(-1.23 %),0,0,0,0,14842852,27.52
05/11/2014,0,0,7.9(-1.25 %),0,0,0,0,14842852,27.52
06/11/2014,0,0,7.9(0.00 %),0,0,0,0,14842852,27.52
07/11/2014,0,0,8(1.27 %),0,0,0,0,14842852,27.52
10/11/2014,0,0,8.1(1.25 %),0,0,0,0,14842852,27.52
11/11/2014,12000,96000000,8.3(2.47 %),12000,96000000,0,0,14830852,27.53
12/11/2014,0,0,8.3(0.00 %),0,0,0,0,14830852,27.53
13/11/2014,0,0,8.3(0.00 %),0,0,0,0,14830852,27.53
14/11/2014,0,0,8.2(-1.20 %),0,0,0,0,14830852,27.53
17/11/2014,0,0,8.1(-1.22 %),0,0,0,0,14830852,27.53
18/11/2014,0,0,8(-1.23 %),0,0,0,0,14830852,27.53
19/11/2014,0,0,7.8(-2.50 %),0,0,0,0,14830852,27.53
20/11/2014,0,0,8.1(3.85 %),0,0,0,0,14830852,0.0
21/11/2014,0,0,8(-1.23 %),0,0,0,0,14830852,0.0
24/11/2014,0,0,7.9(-1.25 %),0,0,0,0,14830852,0.0
25/11/2014,30000,240000000,7.9(0.00 %),30000,240000000,0,0,14800852,0.0
26/11/2014,30000,240000000,7.8(-1.27 %),30000,240000000,0,0,14770852,0.0
27/11/2014,12000,93600000,7.9(1.28 %),12000,93600000,0,0,14758852,0.0
28/11/2014,0,0,8.2(3.80 %),0,0,0,0,14758852,0.0
01/12/2014,0,0,8(-2.44 %),0,0,0,0,14758852,0.0
02/12/2014,0,0,8.1(1.25 %),0,0,0,0,14758852,0.0
03/12/2014,12000,97200000,8(-1.23 %),12000,97200000,0,0,14746852,0.0
04/12/2014,0,0,8.1(1.25 %),0,0,0,0,14746852,0.0
05/12/2014,0,0,8(-1.23 %),0,0,0,0,14746852,0.0
08/12/2014,0,0,8(0.00 %),0,0,0,0,14746852,0.0
09/12/2014,0,0,7.9(-1.25 %),0,0,0,0,14746852,0.0
10/12/2014,0,0,7.9(0.00 %),0,0,0,0,14746852,0.0
11/12/2014,0,0,7.8(-1.27 %),0,0,0,0,14746852,0.0
12/12/2014,25000,197500000,7.8(0.00 %),25000,197500000,0,0,14721852,27.69
15/12/2014,0,0,7.8(0.00 %),0,0,0,0,14721852,0.0
16/12/2014,0,0,7.7(-1.28 %),0,0,0,0,14721852,0.0
17/12/2014,0,0,7.7(0.00 %),0,0,0,0,14721852,0.0
18/12/2014,0,0,7.6(-1.30 %),0,0,0,0,14721852,0.0
19/12/2014,200,1500000,7.2(-5.26 %),200,1500000,0,0,14721652,0.0
22/12/2014,0,0,7.4(2.78 %),0,0,0,0,14721652,27.69
23/12/2014,0,0,7.3(-1.35 %),0,0,0,0,14721652,0.0
24/12/2014,0,0,7.4(1.37 %),0,0,0,0,14721652,0.0
25/12/2014,0,0,7.4(0.00 %),0,0,0,0,14721652,0.0
26/12/2014,0,0,7.2(-2.70 %),0,0,0,0,14721652,27.69
29/12/2014,0,0,7.1(-1.39 %),0,0,0,0,14721652,27.69
30/12/2014,0,0,7.4(4.23 %),0,0,0,0,14721652,27.69
31/12/2014,0,0,7.5(1.35 %),0,0,0,0,14721652,27.69
05/01/2015,0,0,7.5(0.00 %),0,0,0,0,14721652,27.69
06/01/2015,0,0,7.6(1.33 %),0,0,0,0,14721652,27.69
07/01/2015,0,0,7.4(-2.63 %),0,0,0,0,14721652,27.69
08/01/2015,0,0,7.5(1.35 %),0,0,0,0,14721652,27.69
09/01/2015,0,0,7.6(1.33 %),0,0,0,0,14721652,27.69
12/01/2015,0,0,7.3(-3.95 %),0,0,0,0,14721652,27.69
13/01/2015,0,0,7.3(0.00 %),0,0,0,0,14721652,27.69
14/01/2015,0,0,7.3(0.00 %),0,0,0,0,14721652,27.69
15/01/2015,0,0,7.3(0.00 %),0,0,0,0,14721652,27.69
16/01/2015,0,0,7.2(-1.37 %),0,0,0,0,14721652,27.69
19/01/2015,-138000,-977303000,7.2(0.00 %),0,0,138000,977303000,14859652,27.49
20/01/2015,0,0,7.2(0.00 %),0,0,0,0,14859652,27.49
21/01/2015,0,0,7.1(-1.39 %),0,0,0,0,14859652,27.49
22/01/2015,-20,-144000,7.2(1.41 %),0,0,20,144000,14859672,27.49
23/01/2015,0,0,7.2(0.00 %),0,0,0,0,14859672,27.49
26/01/2015,0,0,7.1(-1.39 %),0,0,0,0,14859672,27.49
27/01/2015,-1130,-8023000,7.2(1.41 %),0,0,1130,8023000,14860802,27.49
28/01/2015,0,0,7.1(-1.39 %),0,0,0,0,14860802,27.49
29/01/2015,0,0,7.1(0.00 %),0,0,0,0,14860802,27.49
30/01/2015,0,0,6.9(-2.82 %),0,0,0,0,14860802,27.49
02/02/2015,0,0,6.8(-1.45 %),0,0,0,0,14860802,27.49
03/02/2015,-1600,-10880000,6.7(-1.47 %),0,0,1600,10880000,14862402,27.49
04/02/2015,39000,261300000,6.7(0.00 %),39000,261300000,0,0,14823402,27.54
05/02/2015,15000,100500000,6.8(1.49 %),15000,100500000,0,0,14808402,27.57
06/02/2015,0,0,6.8(0.00 %),0,0,0,0,14808402,27.57
09/02/2015,5000,34000000,6.6(-2.94 %),5000,34000000,0,0,14803402,27.57
10/02/2015,0,0,6.7(1.52 %),0,0,0,0,14803402,27.57
11/02/2015,-10000,-68000000,7(4.48 %),0,0,10000,68000000,14813402,27.56
12/02/2015,0,0,7.1(1.43 %),0,0,0,0,14813402,27.56
13/02/2015,0,0,7.2(1.41 %),0,0,0,0,14813402,27.56
24/02/2015,0,0,7.4(2.78 %),0,0,0,0,14813402,27.56
25/02/2015,0,0,7.4(0.00 %),0,0,0,0,14813402,27.56
26/02/2015,0,0,7.5(1.35 %),0,0,0,0,14813402,27.56
27/02/2015,0,0,7.6(1.33 %),0,0,0,0,14813402,27.56
02/03/2015,0,0,7.7(1.32 %),0,0,0,0,14813402,27.56
03/03/2015,0,0,7.7(0.00 %),0,0,0,0,14813402,27.56
04/03/2015,0,0,7.7(0.00 %),0,0,0,0,14813402,27.56
05/03/2015,0,0,7.6(-1.30 %),0,0,0,0,14813402,27.56
06/03/2015,0,0,7.6(0.00 %),0,0,0,0,14813402,27.56
09/03/2015,0,0,7.6(0.00 %),0,0,0,0,14813402,27.56
10/03/2015,0,0,7.6(0.00 %),0,0,0,0,14813402,27.56
11/03/2015,0,0,7.7(1.32 %),0,0,0,0,14813402,27.56
12/03/2015,0,0,7.8(1.30 %),0,0,0,0,14813402,27.56
13/03/2015,0,0,7.6(-2.56 %),0,0,0,0,14813402,27.56
16/03/2015,0,0,7.6(0.00 %),0,0,0,0,14813402,27.56
17/03/2015,0,0,7.7(1.32 %),0,0,0,0,14813402,27.56
18/03/2015,0,0,7.6(-1.30 %),0,0,0,0,14813402,27.56
19/03/2015,-19000,-146300000,7.7(1.32 %),0,0,19000,146300000,14832402,27.53
20/03/2015,0,0,7.6(-1.30 %),0,0,0,0,14832402,27.53
23/03/2015,0,0,7.9(3.95 %),0,0,0,0,14832402,27.53
24/03/2015,0,0,7.7(-2.53 %),0,0,0,0,14832402,27.53
25/03/2015,0,0,7.9(2.60 %),0,0,0,0,14832402,27.53
26/03/2015,0,0,7.8(-1.27 %),0,0,0,0,14832402,27.53
27/03/2015,0,0,7.9(1.28 %),0,0,0,0,14832402,27.53
30/03/2015,0,0,7.8(-1.27 %),0,0,0,0,14832402,27.53
31/03/2015,0,0,7.8(0.00 %),0,0,0,0,14832402,27.53
01/04/2015,0,0,7.5(-3.85 %),0,0,0,0,14832402,27.53
02/04/2015,0,0,7.7(2.67 %),0,0,0,0,14832402,27.53
03/04/2015,0,0,7.7(0.00 %),0,0,0,0,14832402,27.53
06/04/2015,0,0,7.7(0.00 %),0,0,0,0,14832402,27.53
07/04/2015,650,5005000,7.7(0.00 %),650,5005000,0,0,14831752,27.53
08/04/2015,-100000,-760095000,7.8(1.30 %),0,0,100000,760095000,14931752,27.39
09/04/2015,-220500,-1745250000,8.2(5.13 %),0,0,220500,1745250000,15152252,27.07
10/04/2015,0,0,8.4(2.44 %),0,0,0,0,15152252,27.07
13/04/2015,0,0,8.2(-2.38 %),0,0,0,0,15152252,27.07
14/04/2015,0,0,8.2(0.00 %),0,0,0,0,15152252,27.07
15/04/2015,0,0,8.2(0.00 %),0,0,0,0,15152252,27.07
16/04/2015,-12500,-103750000,8.2(0.00 %),0,0,12500,103750000,15164752,27.05
17/04/2015,850,6970000,8.1(-1.22 %),850,6970000,0,0,15163902,27.05
20/04/2015,-50000,-400000000,8.1(0.00 %),0,0,50000,400000000,15213902,26.98
21/04/2015,0,0,8(-1.23 %),0,0,0,0,15213902,26.98
22/04/2015,0,0,8.1(1.25 %),0,0,0,0,15213902,26.98
23/04/2015,-12500,-101250000,8.1(0.00 %),0,0,12500,101250000,15226402,26.96
24/04/2015,0,0,8.2(1.23 %),0,0,0,0,15226402,26.96
27/04/2015,0,0,8.3(1.22 %),0,0,0,0,15226402,26.96
04/05/2015,0,0,8(-3.61 %),0,0,0,0,15213902,26.98
05/05/2015,65000,523000000,8(0.00 %),65000,523000000,0,0,15148902,27.07
06/05/2015,35000,275000000,7.8(-2.50 %),35000,275000000,0,0,15113902,27.3
07/05/2015,68220,542460000,8(2.56 %),68220,542460000,0,0,15045682,27.4
08/05/2015,23000,183200000,7.9(-1.25 %),23000,183200000,0,0,15022682,27.43
11/05/2015,0,0,8.1(2.53 %),0,0,0,0,15022682,27.43
12/05/2015,-150000,-1195500000,8.1(0.00 %),60000,478500000,210000,1674000000,15172682,27.21
13/05/2015,-90000,-710000000,7.8(-3.70 %),10000,79000000,100000,789000000,15262682,27.08
14/05/2015,0,0,7.8(0.00 %),0,0,0,0,15262682,27.08
15/05/2015,-133380,-1034261000,7.6(-2.56 %),30000,237000000,163380,1271261000,15396062,26.89
18/05/2015,-11720,-83990000,7.5(-1.32 %),40000,298500000,51720,382490000,15407782,26.87
19/05/2015,19980,150852000,7.7(2.67 %),19980,150852000,0,0,15387802,26.9
20/05/2015,16850,134615000,7.9(2.60 %),16850,134615000,0,0,15370952,26.92
21/05/2015,12000,94800000,7.9(0.00 %),12000,94800000,0,0,15358952,26.94
22/05/2015,0,0,7.8(-1.27 %),0,0,0,0,15358952,26.94
25/05/2015,0,0,7.9(1.28 %),0,0,0,0,15358952,26.94
26/05/2015,0,0,7.8(-1.27 %),0,0,0,0,15358952,26.94
27/05/2015,1000,7800000,7.8(0.00 %),1000,7800000,0,0,15357952,26.94
28/05/2015,0,0,7.9(1.28 %),0,0,0,0,15357952,26.94
29/05/2015,-20000,-156000000,7.8(-1.27 %),0,0,20000,156000000,15377952,26.91
01/06/2015,11000,85800000,7.8(0.00 %),11000,85800000,0,0,15359452,26.94
02/06/2015,12000,92400000,7.7(-1.28 %),12000,92400000,0,0,15347452,26.96
03/06/2015,89030,692169000,8.1(5.19 %),89030,692169000,0,0,15258422,27.09
04/06/2015,-20500,-173700000,8.4(3.70 %),25000,211500000,45500,385200000,15278922,27.06
05/06/2015,0,0,8.4(0.00 %),0,0,0,0,15278922,27.06
08/06/2015,5000,42000000,8.4(0.00 %),5000,42000000,0,0,15273922,27.06
09/06/2015,0,0,8.2(-2.38 %),0,0,0,0,15273922,27.06
10/06/2015,0,0,8.1(-1.22 %),0,0,0,0,15273922,27.06
11/06/2015,0,0,8.3(2.47 %),0,0,0,0,15273922,27.06
12/06/2015,20000,166000000,8.3(0.00 %),20000,166000000,0,0,15253922,27.09
15/06/2015,0,0,8.2(-1.20 %),0,0,0,0,15253922,27.09
16/06/2015,-12500,-101250000,8(-2.44 %),0,0,12500,101250000,15266422,27.08
17/06/2015,0,0,7.9(-1.25 %),0,0,0,0,15266422,27.08
18/06/2015,0,0,7.9(0.00 %),0,0,0,0,15266422,27.08
19/06/2015,-25380,-200578000,8.1(2.53 %),0,0,25380,200578000,15291802,27.04
22/06/2015,0,0,8.2(1.23 %),0,0,0,0,15291802,27.04
23/06/2015,0,0,8(-2.44 %),0,0,0,0,15291802,27.04
24/06/2015,-50000,-395000000,7.9(-1.25 %),0,0,50000,395000000,15341802,26.97
25/06/2015,-62500,-493750000,8.1(2.53 %),0,0,62500,493750000,15404302,26.87
26/06/2015,10000,79000000,7.9(-2.47 %),10000,79000000,0,0,15394302,26.89
29/06/2015,0,0,8(1.27 %),0,0,0,0,15394302,26.89
30/06/2015,0,0,8(0.00 %),0,0,0,0,15394302,26.89
01/07/2015,0,0,7.9(-1.25 %),0,0,0,0,15414302,26.86
02/07/2015,0,0,7.9(0.00 %),0,0,0,0,15414302,26.69
03/07/2015,0,0,7.9(0.00 %),0,0,0,0,15414302,26.69
06/07/2015,8380,67040000,8.1(2.53 %),10000,80000000,1620,12960000,15405922,26.7
07/07/2015,71510,582010000,8.1(0.00 %),72510,590110000,1000,8100000,15334412,26.8
08/07/2015,-100000,-860000000,8.6(6.17 %),0,0,100000,860000000,15434412,26.66
09/07/2015,-200200,-1836840000,9.1(5.81 %),0,0,200200,1836840000,15634612,26.37
10/07/2015,0,0,9.1(0.00 %),0,0,0,0,15634612,26.37
13/07/2015,-300000,-2725000000,9.1(0.00 %),0,0,300000,2725000000,15934612,25.94
14/07/2015,-285830,-2601053000,9.5(4.40 %),0,0,285830,2601053000,16220442,25.52
15/07/2015,0,0,9.3(-2.11 %),0,0,0,0,16220442,25.52
16/07/2015,-100000,-912000000,9.1(-2.15 %),0,0,100000,912000000,16320442,25.38
17/07/2015,0,0,9.2(1.10 %),0,0,0,0,16320442,25.38
20/07/2015,0,0,9(-2.17 %),0,0,0,0,16320442,25.38
21/07/2015,0,0,9.1(1.11 %),0,0,0,0,16320442,25.38
22/07/2015,-100000,-907000000,9.2(1.10 %),0,0,100000,907000000,16420442,25.23
23/07/2015,-200000,-1821053000,9(-2.17 %),0,0,200000,1821053000,16620442,24.94
24/07/2015,0,0,9.1(1.11 %),1000,9100000,1000,9100000,16620442,24.94
27/07/2015,-103000,-927600000,9(-1.10 %),0,0,103000,927600000,16723442,24.79
28/07/2015,-40000,-357624000,8.6(-4.44 %),60000,519000000,100000,876624000,16763442,24.74
29/07/2015,0,0,8.6(0.00 %),0,0,0,0,16763442,24.74
30/07/2015,-35000,-299200000,8.7(1.16 %),50000,435000000,85000,734200000,16798442,24.68
31/07/2015,50000,440000000,8.7(0.00 %),50000,440000000,0,0,16748442,24.76
03/08/2015,0,0,8.6(-1.15 %),0,0,0,0,23330109,15.23
04/08/2015,0,0,8.5(-1.16 %),0,0,0,0,23330109,15.23
05/08/2015,33510,287290000,8.7(2.35 %),37510,322090000,4000,34800000,23296599,15.28
06/08/2015,0,0,8.6(-1.15 %),0,0,0,0,23296599,15.28
07/08/2015,0,0,8.6(0.00 %),0,0,0,0,23296599,15.28
10/08/2015,0,0,9(4.65 %),0,0,0,0,23296599,15.28
11/08/2015,0,0,8.8(-2.22 %),0,0,0,0,23296599,15.28
12/08/2015,101750,882810000,8.7(-1.14 %),101750,882810000,0,0,23194849,15.43
13/08/2015,150000,1301500000,8.8(1.15 %),150000,1301500000,0,0,23044849,15.64
14/08/2015,25000,217000000,9.1(3.41 %),30000,262500000,5000,45500000,23019849,15.68
17/08/2015,0,0,8.9(-2.20 %),0,0,0,0,23019849,15.68
18/08/2015,0,0,8.9(0.00 %),0,0,0,0,23019849,15.68
19/08/2015,385000,3409000000,8.9(0.00 %),385000,3409000000,0,0,22634849,16.24
20/08/2015,250100,2239740000,9.1(2.25 %),355100,3200900000,105000,961160000,22384749,16.6
21/08/2015,228680,2064650000,9.1(0.00 %),258680,2328650000,30000,264000000,22156069,16.93
24/08/2015,101750,877050000,8.7(-4.40 %),171750,1486050000,70000,609000000,22054319,17.08
25/08/2015,-61000,-518550000,8.7(0.00 %),9000,76500000,70000,595050000,22115319,16.99
26/08/2015,0,0,8.7(0.00 %),0,0,0,0,22115319,16.99
27/08/2015,0,0,8.6(-1.15 %),0,0,0,0,22115319,16.99
28/08/2015,0,0,8.6(0.00 %),0,0,0,0,22115319,16.99
31/08/2015,0,0,8.6(0.00 %),0,0,0,0,22115319,16.99
01/09/2015,1000,8800000,8.8(2.33 %),1000,8800000,0,0,22199319,16.87
03/09/2015,71960,637860000,8.8(0.00 %),73110,647870000,1150,10010000,22127359,16.97
04/09/2015,0,0,8.8(0.00 %),0,0,0,0,22127359,16.97
07/09/2015,0,0,8.7(-1.14 %),0,0,0,0,22127359,16.97
08/09/2015,-2000,-17400000,8.8(1.15 %),10000,87000000,12000,104400000,22129359,16.97
09/09/2015,-10000,-87300000,8.7(-1.14 %),8000,69600000,18000,156900000,22139359,16.95
10/09/2015,0,0,8.7(0.00 %),0,0,0,0,22139359,16.95
11/09/2015,0,0,8.6(-1.15 %),0,0,0,0,22139359,16.95
14/09/2015,5000,43500000,8.7(1.16 %),5000,43500000,0,0,22134359,16.96
15/09/2015,30000,257500000,8.6(-1.15 %),30000,257500000,0,0,22104359,17.0
16/09/2015,0,0,8.5(-1.16 %),0,0,0,0,22104359,17.0
17/09/2015,76080,652390000,8.6(1.18 %),76080,652390000,0,0,22028279,17.12
18/09/2015,216350,1881250000,8.7(1.16 %),216350,1881250000,0,0,21811929,17.43
21/09/2015,87980,781820000,9(3.45 %),152010,1351690000,64030,569870000,21723949,17.56
22/09/2015,174030,1581270000,9(0.00 %),200000,1815000000,25970,233730000,21549919,17.81
23/09/2015,282000,2569000000,9.1(1.11 %),282000,2569000000,0,0,21267919,18.22
24/09/2015,20000,182000000,9.1(0.00 %),20000,182000000,0,0,21247919,18.24
25/09/2015,180000,1638000000,9.2(1.10 %),180000,1638000000,0,0,21067919,18.51
28/09/2015,200000,1839620000,9.1(-1.09 %),200000,1839620000,0,0,20867919,18.79
29/09/2015,0,0,9(-1.10 %),0,0,0,0,20867919,18.79
30/09/2015,0,0,8.9(-1.11 %),0,0,0,0,20867919,18.79
01/10/2015,-15000,-133500000,8.9(0.00 %),0,0,15000,133500000,20867919,18.79
02/10/2015,59440,533280000,9.1(2.25 %),59440,533280000,0,0,20808479,18.88
05/10/2015,51980,472620000,9.1(0.00 %),51980,472620000,0,0,20756499,18.96
06/10/2015,50000,455000000,9.1(0.00 %),50000,455000000,0,0,20706499,19.03
07/10/2015,5000,45500000,9(-1.10 %),5000,45500000,0,0,20701499,19.04
08/10/2015,50000,455000000,9.1(1.11 %),50000,455000000,0,0,20651499,19.11
09/10/2015,0,0,9(-1.10 %),0,0,0,0,20651499,19.11
12/10/2015,100000,901500000,9.1(1.11 %),100000,901500000,0,0,20551499,19.25
13/10/2015,0,0,8.9(-2.20 %),0,0,0,0,20551499,19.25
14/10/2015,70000,633000000,9.1(2.25 %),70000,633000000,0,0,20481499,19.35
15/10/2015,0,0,8.9(-2.20 %),0,0,0,0,20481499,19.35
16/10/2015,121910,1085000000,9(1.12 %),121910,1085000000,0,0,20359589,19.53
19/10/2015,0,0,8.8(-2.22 %),0,0,0,0,20359589,19.53
20/10/2015,119700,1092070000,9(2.27 %),150000,1364740000,30300,272670000,20239889,19.7
21/10/2015,0,0,9(0.00 %),0,0,0,0,20239889,19.7
22/10/2015,0,0,8.9(-1.11 %),0,0,0,0,20239889,19.7
23/10/2015,0,0,8.8(-1.12 %),0,0,0,0,20239889,19.7
26/10/2015,0,0,8.8(0.00 %),0,0,0,0,20239889,19.7
27/10/2015,0,0,8.9(1.14 %),0,0,0,0,20239889,19.7
28/10/2015,0,0,8.7(-2.25 %),0,0,0,0,20239889,19.7
29/10/2015,0,0,8.7(0.00 %),0,0,0,0,20239889,19.7
30/10/2015,10000,88000000,8.8(1.15 %),10000,88000000,0,0,20229889,19.72
02/11/2015,10000,88000000,8.8(0.00 %),10000,88000000,0,0,20234889,19.71
03/11/2015,0,0,8.8(0.00 %),0,0,0,0,20234889,19.71
04/11/2015,0,0,8.9(1.14 %),0,0,0,0,20234889,19.71
05/11/2015,0,0,8.8(-1.12 %),0,0,0,0,20234889,19.71
06/11/2015,0,0,8.7(-1.14 %),0,0,0,0,20234889,19.71
09/11/2015,121500,1057050000,8.7(0.00 %),121500,1057050000,0,0,20113389,19.89
10/11/2015,90000,783300000,8.7(0.00 %),100000,871300000,10000,88000000,20023389,20.02
11/11/2015,80000,695100000,8.7(0.00 %),80000,695100000,0,0,19943389,20.13
12/11/2015,80000,686350000,8.6(-1.15 %),100000,858350000,20000,172000000,19863389,20.25
13/11/2015,-10000,-87000000,8.7(1.16 %),0,0,10000,87000000,19873389,20.23
16/11/2015,-700,-5880000,8.5(-2.30 %),0,0,700,5880000,19874089,20.23
17/11/2015,0,0,8.4(-1.18 %),0,0,0,0,19874089,20.23
18/11/2015,126220,1079570000,8.6(2.38 %),126220,1079570000,0,0,19747869,20.42
19/11/2015,-51000,-433370000,8.4(-2.33 %),0,0,51000,433370000,19798869,20.34
20/11/2015,0,0,8.6(2.38 %),0,0,0,0,19798869,20.34
23/11/2015,149000,1279620000,8.6(0.00 %),149000,1279620000,0,0,19649869,20.56
24/11/2015,-48000,-405400000,8.5(-1.16 %),2000,16800000,50000,422200000,19596869,20.63
25/11/2015,0,0,8.5(0.00 %),0,0,0,0,19647869,20.56
26/11/2015,0,0,8.4(-1.18 %),0,0,0,0,19647869,20.56
27/11/2015,-37000,-309500000,8.3(-1.19 %),3000,24900000,40000,334400000,19684869,20.51
30/11/2015,-35000,-282570000,8(-3.61 %),15000,121500000,50000,404070000,19679869,20.51
01/12/2015,-50000,-402400000,8.1(1.25 %),0,0,50000,402400000,19679869,20.51
02/12/2015,0,0,8.2(1.23 %),0,0,0,0,19679869,20.51
03/12/2015,0,0,8.2(0.00 %),0,0,0,0,19719869,20.46
04/12/2015,0,0,8.1(-1.22 %),0,0,0,0,19769869,20.38
07/12/2015,0,0,8.2(1.23 %),0,0,0,0,19819869,20.31
08/12/2015,0,0,8.3(1.22 %),0,0,0,0,19819869,20.31
09/12/2015,0,0,8.2(-1.20 %),0,0,0,0,19819869,20.31
10/12/2015,0,0,8.1(-1.22 %),0,0,0,0,19819869,20.31
11/12/2015,-30000,-239300000,8.1(0.00 %),0,0,30000,239300000,19819869,20.31
14/12/2015,-10000,-77320000,8(-1.23 %),0,0,10000,77320000,19819869,20.31
15/12/2015,0,0,8(0.00 %),0,0,0,0,19819869,20.31
16/12/2015,0,0,7.9(-1.25 %),0,0,0,0,19819869,20.31
17/12/2015,0,0,7.9(0.00 %),0,0,0,0,19849869,20.27
18/12/2015,-10000,-79000000,7.9(0.00 %),0,0,10000,79000000,19859869,20.25
21/12/2015,0,0,7.8(-1.27 %),0,0,0,0,19859869,20.25
22/12/2015,0,0,7.9(1.28 %),0,0,0,0,19859869,20.25
23/12/2015,0,0,7.8(-1.27 %),0,0,0,0,19859869,20.25
24/12/2015,0,0,7.8(0.00 %),0,0,0,0,19869869,20.24
25/12/2015,-1000,-7800000,7.9(1.28 %),0,0,1000,7800000,19869869,20.24
28/12/2015,0,0,7.8(-1.27 %),0,0,0,0,19869869,20.24
29/12/2015,0,0,7.9(1.28 %),0,0,0,0,19869869,20.24
30/12/2015,0,0,8(1.27 %),0,0,0,0,19869869,20.24
31/12/2015,150300,1262520000,8.4(5.00 %),150300,1262520000,0,0,19720569,20.46
04/01/2016,0,0,8.2(-2.38 %),0,0,0,0,19720569,20.46
05/01/2016,-31050,-245300000,7.9(-3.66 %),0,0,31050,245300000,19720569,20.46
06/01/2016,0,0,8(1.27 %),0,0,0,0,19720569,20.46
07/01/2016,0,0,8(0.00 %),0,0,0,0,19720569,20.46
08/01/2016,0,0,7.9(-1.25 %),0,0,0,0,19751619,20.41
11/01/2016,0,0,8(1.27 %),0,0,0,0,19751619,20.41
12/01/2016,0,0,8(0.00 %),0,0,0,0,19751619,20.41
13/01/2016,-10,-80000,8(0.00 %),0,0,10,80000,19751619,20.41
14/01/2016,0,0,7.9(-1.25 %),0,0,0,0,19751619,20.41
15/01/2016,0,0,7.8(-1.27 %),0,0,0,0,19751619,20.41
18/01/2016,0,0,7.8(0.00 %),0,0,0,0,19751629,20.41
19/01/2016,0,0,7.8(0.00 %),0,0,0,0,19751629,20.41
20/01/2016,0,0,7.7(-1.28 %),0,0,0,0,19751629,20.41
21/01/2016,0,0,7.7(0.00 %),0,0,0,0,19751629,20.41
22/01/2016,0,0,7.7(0.00 %),0,0,0,0,19751629,20.41
25/01/2016,0,0,8(3.90 %),0,0,0,0,19751629,20.41
26/01/2016,0,0,7.9(-1.25 %),0,0,0,0,19751629,20.41
27/01/2016,0,0,7.9(0.00 %),0,0,0,0,19751629,20.41
28/01/2016,0,0,8(1.27 %),0,0,0,0,19751629,20.41
29/01/2016,0,0,7.9(-1.25 %),0,0,0,0,19751629,20.41
01/02/2016,0,0,7.9(0.00 %),0,0,0,0,19751629,20.41
02/02/2016,0,0,7.9(0.00 %),0,0,0,0,19751629,20.41
03/02/2016,0,0,8(1.27 %),0,0,0,0,19751629,20.41
04/02/2016,0,0,8(0.00 %),0,0,0,0,19751629,20.41
05/02/2016,-70000,-560000000,8(0.00 %),0,0,70000,560000000,19751629,20.41
15/02/2016,-280,-2210000,8.1(1.25 %),0,0,280,2210000,19751629,20.41
16/02/2016,0,0,8.1(0.00 %),0,0,0,0,19751629,20.41
17/02/2016,0,0,8.1(0.00 %),0,0,0,0,19821629,20.31
18/02/2016,0,0,8(-1.23 %),0,0,0,0,19821909,20.31
19/02/2016,0,0,8(0.00 %),0,0,0,0,19821909,20.31
22/02/2016,0,0,8(0.00 %),0,0,0,0,19821909,20.31
23/02/2016,0,0,8(0.00 %),0,0,0,0,19821909,20.31
24/02/2016,0,0,8(0.00 %),0,0,0,0,19821909,20.31
25/02/2016,0,0,8(0.00 %),0,0,0,0,19821909,20.31
26/02/2016,0,0,8.1(1.25 %),0,0,0,0,19821909,20.31
29/02/2016,0,0,8.1(0.00 %),0,0,0,0,19821909,20.31
01/03/2016,0,0,8.1(0.00 %),0,0,0,0,19821909,20.31
02/03/2016,-150100,-1220080000,8.3(2.47 %),0,0,150100,1220080000,19821909,20.31
03/03/2016,0,0,8.1(-2.41 %),0,0,0,0,19821909,20.31
04/03/2016,-50000,-405000000,8.1(0.00 %),0,0,50000,405000000,19821909,20.31
07/03/2016,0,0,8.1(0.00 %),0,0,0,0,19972009,20.09
08/03/2016,-70000,-567000000,8.1(0.00 %),0,0,70000,567000000,19972009,20.09
09/03/2016,300000,2460000000,8.4(3.70 %),300000,2460000000,0,0,19722009,20.45
10/03/2016,10000,85000000,8.1(-3.57 %),10000,85000000,0,0,19712009,20.47
11/03/2016,0,0,8.1(0.00 %),0,0,0,0,19782009,20.37
14/03/2016,-100000,-820000000,8.2(1.23 %),0,0,100000,820000000,19782009,20.37
15/03/2016,0,0,8.3(1.22 %),0,0,0,0,19782009,20.37
16/03/2016,0,0,8.4(1.20 %),0,0,0,0,19782009,20.37
17/03/2016,0,0,8.3(-1.19 %),0,0,0,0,19882009,20.22
18/03/2016,5000,41000000,8.2(-1.20 %),5000,41000000,0,0,19877009,20.23
21/03/2016,0,0,8.2(0.00 %),0,0,0,0,19877009,20.23
22/03/2016,0,0,8.2(0.00 %),0,0,0,0,19877009,20.23
23/03/2016,0,0,8.1(-1.22 %),0,0,0,0,19877009,20.23
24/03/2016,0,0,8.1(0.00 %),0,0,0,0,19877009,20.23
25/03/2016,0,0,8.1(0.00 %),0,0,0,0,19877009,20.23
28/03/2016,0,0,8.1(0.00 %),0,0,0,0,19877009,20.23
29/03/2016,0,0,8(-1.23 %),0,0,0,0,19877009,20.23
30/03/2016,-35000,-274000000,7.8(-2.50 %),0,0,35000,274000000,19877009,20.23
31/03/2016,0,0,8(2.56 %),0,0,0,0,19877009,20.23
01/04/2016,0,0,7.9(-1.25 %),0,0,0,0,19877009,20.23
04/04/2016,0,0,7.8(-1.27 %),0,0,0,0,19912009,20.18
05/04/2016,0,0,7.8(0.00 %),0,0,0,0,19912009,20.18
06/04/2016,0,0,7.8(0.00 %),0,0,0,0,19912009,20.18
07/04/2016,0,0,7.8(0.00 %),0,0,0,0,19912009,20.18
08/04/2016,0,0,7.8(0.00 %),0,0,0,0,19912009,20.18
11/04/2016,0,0,7.8(0.00 %),0,0,0,0,19912009,20.18
12/04/2016,6000,46800000,7.8(0.00 %),6000,46800000,0,0,19906009,20.19
13/04/2016,0,0,7.6(-2.56 %),0,0,0,0,19906009,20.19
14/04/2016,-30000,-227780000,7.7(1.32 %),0,0,30000,227780000,19906009,20.19
15/04/2016,0,0,7.7(0.00 %),0,0,0,0,19906009,20.19
19/04/2016,0,0,7.7(0.00 %),0,0,0,0,19906009,20.19
20/04/2016,0,0,7.7(0.00 %),0,0,0,0,19936009,20.14
21/04/2016,-50000,-376200000,7.6(-1.30 %),0,0,50000,376200000,19936009,20.14
22/04/2016,0,0,7.6(0.00 %),0,0,0,0,19936009,20.14
25/04/2016,3000,23100000,7.8(2.63 %),3000,23100000,0,0,19933009,20.15
26/04/2016,-15000,-118500000,7.9(1.28 %),0,0,15000,118500000,19983009,20.08
27/04/2016,-290000,-2431000000,8.3(5.06 %),0,0,290000,2431000000,19983009,20.08
28/04/2016,0,0,8.4(1.20 %),0,0,0,0,19983009,20.08
29/04/2016,155500,1385490000,8.9(5.95 %),502000,4462340000,346500,3076850000,19496009,20.78
04/05/2016,-46030,-412560000,9(1.12 %),0,0,46030,412560000,19786009,20.36
05/05/2016,0,0,8.7(-3.33 %),0,0,0,0,19786009,20.36
06/05/2016,0,0,8.2(-5.75 %),0,0,0,0,20132509,19.86
09/05/2016,2000,16400000,8.3(1.22 %),2000,16400000,0,0,20176539,19.8
10/05/2016,-152000,-1251900000,8.3(0.00 %),0,0,152000,1251900000,20176539,19.8
11/05/2016,-48000,-398400000,8.4(1.20 %),0,0,48000,398400000,20176539,19.8
12/05/2016,0,0,8.3(-1.19 %),0,0,0,0,20176539,19.8
13/05/2016,2000,16600000,8.3(0.00 %),2000,16600000,0,0,20326539,19.58
16/05/2016,0,0,8.5(2.41 %),0,0,0,0,20374539,19.51
17/05/2016,0,0,8.4(-1.18 %),0,0,0,0,20374539,19.51
18/05/2016,-120,-1000000,8.5(1.19 %),0,0,120,1000000,20374539,19.51
19/05/2016,-60600,-503040000,8.5(0.00 %),0,0,60600,503040000,20374539,19.51
20/05/2016,0,0,8.5(0.00 %),0,0,0,0,20374539,19.51
23/05/2016,126000,1096200000,8.6(1.18 %),126000,1096200000,0,0,20248659,19.69
24/05/2016,155000,1348500000,8.7(1.16 %),155000,1348500000,0,0,20154259,19.83
25/05/2016,0,0,8.6(-1.15 %),0,0,0,0,20154259,19.83
26/05/2016,0,0,8.5(-1.16 %),0,0,0,0,20154259,19.83
27/05/2016,0,0,8.4(-1.18 %),0,0,0,0,20154259,19.83
30/05/2016,0,0,8.5(1.19 %),0,0,0,0,20154259,19.83
31/05/2016,-3000,-24900000,8.6(1.18 %),3000,25500000,6000,50400000,20157259,19.82
01/06/2016,0,0,8.5(-1.16 %),0,0,0,0,20151259,19.83
02/06/2016,0,0,8.6(1.18 %),0,0,0,0,20151259,19.83
03/06/2016,0,0,8.7(1.16 %),0,0,0,0,20157259,19.82
06/06/2016,0,0,8.3(-4.60 %),0,0,0,0,20157259,19.82
07/06/2016,0,0,8.6(3.61 %),0,0,0,0,20157259,19.82
08/06/2016,0,0,8.6(0.00 %),0,0,0,0,20157259,19.82
09/06/2016,0,0,8.6(0.00 %),0,0,0,0,20157259,19.82
10/06/2016,0,0,9.1(5.81 %),0,0,0,0,20157259,19.82
13/06/2016,2000,18600000,9.3(2.20 %),2000,18600000,0,0,20155259,19.83
14/06/2016,0,0,9.3(0.00 %),0,0,0,0,20155259,19.83
15/06/2016,0,0,9.3(0.00 %),0,0,0,0,20155259,19.83
16/06/2016,-120770,-1112560000,9.3(0.00 %),2100,19340000,122870,1131900000,20153159,19.83
17/06/2016,0,0,9.3(0.00 %),0,0,0,0,20153159,19.83
20/06/2016,0,0,9.4(1.08 %),0,0,0,0,20153159,19.83
21/06/2016,0,0,9.5(1.06 %),0,0,0,0,20276029,19.65
22/06/2016,0,0,9.5(0.00 %),0,0,0,0,20276029,19.65
23/06/2016,0,0,9.4(-1.05 %),0,0,0,0,20276029,19.65
24/06/2016,0,0,9.3(-1.06 %),0,0,0,0,20276029,19.65
27/06/2016,0,0,9.1(-2.15 %),0,0,0,0,20276029,19.65
28/06/2016,0,0,9.1(0.00 %),0,0,0,0,20276029,19.65
29/06/2016,-50000,-455500000,9.4(3.30 %),0,0,50000,455500000,20276029,19.65
30/06/2016,2000,18600000,9.2(-2.13 %),2000,18600000,0,0,20274029,19.65
01/07/2016,0,0,9.2(0.00 %),0,0,0,0,20274029,19.65
04/07/2016,-83020,-759180000,9.3(1.09 %),0,0,83020,759180000,20324029,19.58
05/07/2016,0,0,9.3(0.00 %),0,0,0,0,20324029,19.58
06/07/2016,-50000,-463000000,9.3(0.00 %),0,0,50000,463000000,20324029,19.58
07/07/2016,-239500,-2366050000,9.9(6.45 %),5000,49500000,244500,2415550000,20402049,19.47
08/07/2016,-25500,-267750000,10.5(6.06 %),0,0,25500,267750000,20402049,19.47
11/07/2016,-15000,-166000000,11.2(6.67 %),0,0,15000,166000000,20402049,19.47
12/07/2016,-5000,-55700000,11.3(0.89 %),0,0,5000,55700000,20696549,19.04
13/07/2016,-15000,-178900000,12(6.19 %),0,0,15000,178900000,20722049,19.01
14/07/2016,-830,-10210000,11.5(-4.17 %),0,0,830,10210000,20737049,18.98
15/07/2016,300000,3450000000,11.5(0.00 %),300000,3450000000,0,0,20442049,19.41
18/07/2016,0,0,11.7(1.74 %),0,0,0,0,20457049,19.39
19/07/2016,0,0,11.4(-2.56 %),0,0,0,0,20457879,19.39
20/07/2016,0,0,10.7(-6.14 %),0,0,0,0,27520512,9.17
21/07/2016,0,0,10.5(-1.87 %),0,0,0,0,27520512,9.17
22/07/2016,0,0,10.6(0.95 %),0,0,0,0,27520512,9.17
25/07/2016,0,0,10.7(0.94 %),0,0,0,0,27520512,9.17
26/07/2016,0,0,10.8(0.93 %),0,0,0,0,27520512,9.17
27/07/2016,0,0,11(1.85 %),0,0,0,0,27520512,9.17
28/07/2016,0,0,10.9(-0.91 %),0,0,0,0,27520512,9.17
29/07/2016,0,0,10.8(-0.92 %),0,0,0,0,27520512,9.17
01/08/2016,0,0,10.8(0.00 %),0,0,0,0,27520512,9.17
02/08/2016,-9300,-97650000,10.4(-3.70 %),0,0,9300,97650000,27520512,9.17
03/08/2016,285420,3090760000,11(5.77 %),400000,4293850000,114580,1203090000,27120512,9.74
04/08/2016,300000,3300000000,10.8(-1.82 %),300000,3300000000,0,0,26820512,10.18
05/08/2016,0,0,10.8(0.00 %),0,0,0,0,26829812,10.17
08/08/2016,0,0,10.8(0.00 %),0,0,0,0,26944392,10.0
09/08/2016,0,0,11.5(6.48 %),0,0,0,0,26944392,10.0
10/08/2016,0,0,11.6(0.87 %),0,0,0,0,26944392,10.0
11/08/2016,0,0,11.6(0.00 %),0,0,0,0,26944392,10.0
12/08/2016,0,0,11.8(1.72 %),0,0,0,0,26944392,10.0
15/08/2016,0,0,11.5(-2.54 %),0,0,0,0,26944392,10.0
16/08/2016,3000,36000000,11.9(3.48 %),3000,36000000,0,0,26941392,10.0
17/08/2016,0,0,11.9(0.00 %),0,0,0,0,26941392,10.0
18/08/2016,0,0,11.9(0.00 %),0,0,0,0,26941392,10.0
19/08/2016,-11000,-131900000,11.8(-0.84 %),0,0,11000,131900000,26941392,10.0
22/08/2016,0,0,11.8(0.00 %),0,0,0,0,26941392,10.0
23/08/2016,-1180,-13690000,11.9(0.85 %),0,0,1180,13690000,26941392,10.0
24/08/2016,-13000,-157900000,12.4(4.20 %),2000,23600000,15000,181500000,26950392,9.99
25/08/2016,-32830,-408500000,12.7(2.42 %),10,130000,32840,408630000,26950382,9.99
26/08/2016,0,0,12.6(-0.79 %),0,0,0,0,26951562,9.99
29/08/2016,-2000,-25200000,12.6(0.00 %),0,0,2000,25200000,26966562,9.97
30/08/2016,0,0,12(-4.76 %),0,0,0,0,26999402,9.92
31/08/2016,0,0,12.2(1.67 %),0,0,0,0,26999402,9.92
01/09/2016,0,0,12.4(1.64 %),0,0,0,0,27001402,9.92
05/09/2016,0,0,12.2(-1.61 %),0,0,0,0,27001402,9.92
06/09/2016,0,0,12(-1.64 %),0,0,0,0,27001402,9.92
07/09/2016,-2000,-23600000,11.9(-0.83 %),0,0,2000,23600000,27001402,9.92
08/09/2016,-90610,-1053580000,11.4(-4.20 %),0,0,90610,1053580000,27001402,9.92
09/09/2016,0,0,11.4(0.00 %),0,0,0,0,27001402,9.92
12/09/2016,0,0,11.15(-2.19 %),0,0,0,0,27003402,9.91
13/09/2016,-240,-2640000,11(-1.35 %),0,0,240,2640000,27094012,9.78
14/09/2016,0,0,10.8(-1.82 %),0,0,0,0,27094012,9.78
15/09/2016,0,0,10.8(0.00 %),0,0,0,0,27094012,9.78
16/09/2016,0,0,10.7(-0.93 %),0,0,0,0,27094252,9.78
19/09/2016,0,0,11(2.80 %),0,0,0,0,27094252,9.78
20/09/2016,0,0,11(0.00 %),0,0,0,0,27094252,9.78
21/09/2016,-78980,-852150000,11(0.00 %),0,0,78980,852150000,27094252,9.78
22/09/2016,0,0,11.2(1.82 %),0,0,0,0,27094252,9.78
23/09/2016,0,0,11(-1.79 %),0,0,0,0,27094252,9.78
26/09/2016,-50000,-539160000,10.75(-2.27 %),0,0,50000,539160000,27173232,9.67
27/09/2016,-200000,-2140030000,10.7(-0.47 %),0,0,200000,2140030000,27173232,9.67
28/09/2016,0,0,10.6(-0.93 %),0,0,0,0,27173232,9.67
29/09/2016,0,0,10.7(0.94 %),0,0,0,0,27223232,9.6
30/09/2016,0,0,10.7(0.00 %),0,0,0,0,27423232,9.31
03/10/2016,0,0,10.8(0.93 %),0,0,0,0,27423232,9.31
04/10/2016,3000,33500000,11(1.85 %),3000,33500000,0,0,27420232,9.31
05/10/2016,0,0,11.2(1.82 %),0,0,0,0,27420232,9.31
06/10/2016,0,0,11.5(2.68 %),0,0,0,0,27420232,9.31
07/10/2016,0,0,11.6(0.87 %),0,0,0,0,27420232,9.31
10/10/2016,0,0,11.6(0.00 %),0,0,0,0,27420232,9.31
11/10/2016,5000,58000000,11.6(0.00 %),5000,58000000,0,0,27415232,9.32
12/10/2016,0,0,11.7(0.86 %),0,0,0,0,27415232,9.32
13/10/2016,0,0,11.7(0.00 %),0,0,0,0,27415232,9.32
14/10/2016,0,0,11.9(1.71 %),0,0,0,0,27415232,9.32
17/10/2016,0,0,11.6(-2.52 %),0,0,0,0,27415232,9.32
18/10/2016,-125910,-1446270000,11.7(0.86 %),0,0,125910,1446270000,27415232,9.32
19/10/2016,0,0,11.6(-0.85 %),0,0,0,0,27415226,9.32
20/10/2016,0,0,11.6(0.00 %),0,0,0,0,27415226,9.32
21/10/2016,0,0,11.5(-0.86 %),0,0,0,0,27541136,9.14
24/10/2016,-2490,-28630000,11.4(-0.87 %),60,700000,2550,29330000,27541076,9.14
25/10/2016,0,0,11.4(0.00 %),0,0,0,0,27541076,9.14
26/10/2016,0,0,11.3(-0.88 %),0,0,0,0,27541076,9.14
27/10/2016,0,0,11.4(0.88 %),0,0,0,0,27543626,9.13
28/10/2016,0,0,11.45(0.44 %),0,0,0,0,27543626,9.13
31/10/2016,0,0,11.1(-3.06 %),0,0,0,0,27543626,9.13
01/11/2016,0,0,11.05(-0.45 %),0,0,0,0,27543626,9.13
02/11/2016,-46250,-510560000,11.05(0.00 %),0,0,46250,510560000,27543626,9.13
03/11/2016,-5000,-54750000,10.95(-0.90 %),0,0,5000,54750000,27543626,9.13
04/11/2016,0,0,11(0.46 %),0,0,0,0,27543626,9.13
07/11/2016,0,0,11(0.00 %),0,0,0,0,27589876,9.06
08/11/2016,0,0,10.7(-2.73 %),0,0,0,0,27594876,9.06
09/11/2016,0,0,10.6(-0.93 %),0,0,0,0,27594876,9.06
10/11/2016,0,0,10.9(2.83 %),0,0,0,0,27594876,9.06
11/11/2016,0,0,10.9(0.00 %),0,0,0,0,27594876,9.06
14/11/2016,0,0,10.4(-4.59 %),0,0,0,0,27594876,9.06
15/11/2016,-1760,-18660000,10.6(1.92 %),0,0,1760,18660000,27594876,9.06
16/11/2016,-48850,-517820000,10.6(0.00 %),0,0,48850,517820000,27594876,9.06
17/11/2016,-44450,-471210000,10.6(0.00 %),0,0,44450,471210000,27594876,9.06
18/11/2016,-35910,-380650000,10.6(0.00 %),0,0,35910,380650000,27596636,9.06
21/11/2016,0,0,10.6(0.00 %),0,0,0,0,27645486,8.98
22/11/2016,0,0,10.7(0.94 %),0,0,0,0,27689936,8.92
23/11/2016,0,0,11(2.80 %),0,0,0,0,27725846,8.87
24/11/2016,0,0,10.8(-1.82 %),0,0,0,0,27725846,8.87
25/11/2016,0,0,10.7(-0.93 %),0,0,0,0,27725846,8.87
28/11/2016,0,0,10.6(-0.93 %),0,0,0,0,27725846,8.87
29/11/2016,0,0,10.6(0.00 %),0,0,0,0,27725846,8.87
30/11/2016,0,0,10.5(-0.94 %),0,0,0,0,27725846,8.87
01/12/2016,0,0,10.5(0.00 %),0,0,0,0,27725846,8.87
02/12/2016,0,0,10.6(0.95 %),0,0,0,0,27725846,8.87
05/12/2016,0,0,10.6(0.00 %),0,0,0,0,27725846,8.87
06/12/2016,0,0,10.5(-0.94 %),0,0,0,0,27725846,8.87
07/12/2016,0,0,10.25(-2.38 %),0,0,0,0,27725846,8.87
08/12/2016,0,0,10.2(-0.49 %),0,0,0,0,27725846,8.87
09/12/2016,0,0,10.2(0.00 %),0,0,0,0,27725846,8.87
12/12/2016,0,0,10.45(2.45 %),0,0,0,0,27725846,8.87
13/12/2016,0,0,10.5(0.48 %),0,0,0,0,27725846,8.87
14/12/2016,0,0,10.5(0.00 %),0,0,0,0,27725846,8.87
15/12/2016,0,0,10.5(0.00 %),0,0,0,0,27725846,8.87
16/12/2016,0,0,10.4(-0.95 %),0,0,0,0,27725846,8.87
19/12/2016,0,0,10(-3.85 %),0,0,0,0,27725846,8.87
20/12/2016,0,0,10(0.00 %),0,0,0,0,27725846,8.87
21/12/2016,0,0,10(0.00 %),0,0,0,0,27725846,8.87
22/12/2016,0,0,10.25(2.50 %),0,0,0,0,27725846,8.87
23/12/2016,0,0,10.35(0.98 %),0,0,0,0,27725846,8.87
26/12/2016,0,0,10.2(-1.45 %),0,0,0,0,27725846,8.87
27/12/2016,-5000,-50000000,10.2(0.00 %),0,0,5000,50000000,27725846,8.87
28/12/2016,0,0,10.2(0.00 %),0,0,0,0,27725846,8.87
29/12/2016,0,0,10.35(1.47 %),0,0,0,0,27725846,8.87
30/12/2016,0,0,10.45(0.97 %),0,0,0,0,27730846,8.86
03/01/2017,0,0,10.45(0.00 %),0,0,0,0,27730846,8.86
04/01/2017,0,0,10.2(-2.39 %),0,0,0,0,27730846,8.86
05/01/2017,-32380,-329580000,10.2(0.00 %),0,0,32380,329580000,27730846,8.86
06/01/2017,-48170,-491330000,10.2(0.00 %),0,0,48170,491330000,27730846,8.86
09/01/2017,-89950,-913490000,10.2(0.00 %),0,0,89950,913490000,27730846,8.86
10/01/2017,-22000,-217800000,10.1(-0.98 %),0,0,22000,217800000,27763226,8.81
11/01/2017,-85380,-859240000,10.1(0.00 %),0,0,85380,859240000,27811396,8.74
12/01/2017,-95550,-958110000,9.9(-1.98 %),0,0,95550,958110000,27901346,8.61
13/01/2017,-26950,-266810000,9.9(0.00 %),0,0,26950,266810000,27923346,8.58
16/01/2017,0,0,10.1(2.02 %),0,0,0,0,28008726,8.46
17/01/2017,0,0,10(-0.99 %),0,0,0,0,28104276,8.32
18/01/2017,0,0,10(0.00 %),0,0,0,0,28131226,8.28
19/01/2017,0,0,10.2(2.00 %),0,0,0,0,28131226,8.28
20/01/2017,0,0,10.2(0.00 %),0,0,0,0,28131226,8.28
23/01/2017,0,0,10.2(0.00 %),0,0,0,0,28131226,8.28
24/01/2017,0,0,10.5(2.94 %),0,0,0,0,28131226,8.28
25/01/2017,0,0,10.5(0.00 %),0,0,0,0,28131226,8.28
02/02/2017,0,0,10.5(0.00 %),0,0,0,0,28131226,8.28
03/02/2017,0,0,10.5(0.00 %),0,0,0,0,28131226,8.28
06/02/2017,0,0,10.1(-3.81 %),0,0,0,0,28131226,8.28
07/02/2017,-1100,-11260000,10.4(2.97 %),0,0,1100,11260000,28131226,8.28
08/02/2017,0,0,10.35(-0.48 %),0,0,0,0,28131226,8.28
09/02/2017,-500,-5200000,10.4(0.48 %),0,0,500,5200000,28131226,8.28
10/02/2017,-900,-9900000,11.1(6.73 %),0,0,900,9900000,28132326,8.28
13/02/2017,0,0,11.6(4.50 %),0,0,0,0,28132326,8.28
14/02/2017,0,0,11.4(-1.72 %),0,0,0,0,28132826,8.28
15/02/2017,0,0,11.4(0.00 %),0,0,0,0,28133726,8.28
16/02/2017,0,0,11(-3.51 %),0,0,0,0,28133726,8.28
17/02/2017,0,0,11.2(1.82 %),0,0,0,0,28133726,8.28
20/02/2017,0,0,11.8(5.36 %),0,0,0,0,28133726,8.28
21/02/2017,0,0,11.7(-0.85 %),0,0,0,0,28133726,8.28
22/02/2017,440,5150000,11.7(0.00 %),440,5150000,0,0,28133286,8.28
23/02/2017,0,0,11.9(1.71 %),0,0,0,0,28133286,8.28
24/02/2017,0,0,12.1(1.68 %),0,0,0,0,28133286,8.28
27/02/2017,-10880,-135430000,12.3(1.65 %),0,0,10880,135430000,28133286,8.28
28/02/2017,0,0,12.1(-1.63 %),0,0,0,0,28133286,8.28
01/03/2017,0,0,12.1(0.00 %),0,0,0,0,28133286,8.28
02/03/2017,0,0,12.2(0.83 %),0,0,0,0,28144166,8.26
03/03/2017,0,0,12(-1.64 %),0,0,0,0,28144166,8.26
06/03/2017,-900,-10800000,12.1(0.83 %),0,0,900,10800000,28144166,8.26
07/03/2017,0,0,12.1(0.00 %),0,0,0,0,28144166,8.26
08/03/2017,0,0,12.2(0.83 %),0,0,0,0,28144166,8.26
09/03/2017,0,0,12.2(0.00 %),0,0,0,0,28145066,8.26
10/03/2017,0,0,11.9(-2.46 %),0,0,0,0,28145066,8.26
13/03/2017,0,0,12.1(1.68 %),0,0,0,0,28145066,8.26
14/03/2017,-4910,-61140000,12.6(4.13 %),0,0,4910,61140000,28145066,8.26
15/03/2017,-450,-6050000,13.4(6.35 %),0,0,450,6050000,28145066,8.26
16/03/2017,400000,5332790000,13.8(2.99 %),500000,6725000000,100000,1392210000,27645066,8.98
17/03/2017,0,0,13.9(0.72 %),0,0,0,0,27645066,8.98
20/03/2017,0,0,13.6(-2.16 %),0,0,0,0,27645066,8.98
21/03/2017,-50000,-680000000,13.6(0.00 %),0,0,50000,680000000,27645066,8.98
22/03/2017,0,0,13.2(-2.94 %),0,0,0,0,27645066,8.98
23/03/2017,0,0,13.2(0.00 %),0,0,0,0,27645066,8.98
24/03/2017,0,0,13.3(0.76 %),0,0,0,0,27645066,8.98
27/03/2017,0,0,13.2(-0.75 %),0,0,0,0,27645066,8.98
28/03/2017,0,0,13.5(2.27 %),0,0,0,0,27645066,8.98
29/03/2017,0,0,13.5(0.00 %),0,0,0,0,27645066,8.98
30/03/2017,0,0,13.5(0.00 %),0,0,0,0,27645066,8.98
31/03/2017,0,0,14.2(5.19 %),0,0,0,0,27645066,8.98
03/04/2017,0,0,13.9(-2.11 %),0,0,0,0,27800426,8.76
04/04/2017,0,0,13.7(-1.44 %),0,0,0,0,27800426,8.76
05/04/2017,0,0,13.6(-0.73 %),0,0,0,0,27800426,8.76
07/04/2017,0,0,13.5(-0.74 %),0,0,0,0,27800426,8.76
10/04/2017,0,0,13.7(1.48 %),0,0,0,0,27800426,8.76
11/04/2017,0,0,13.7(0.00 %),0,0,0,0,27800426,8.76
12/04/2017,0,0,13.7(0.00 %),0,0,0,0,27800426,8.76
13/04/2017,0,0,13.4(-2.19 %),0,0,0,0,27800426,8.76
14/04/2017,0,0,13.25(-1.12 %),0,0,0,0,27800426,8.76
17/04/2017,0,0,13.25(0.00 %),0,0,0,0,27800426,8.76
18/04/2017,0,0,13.25(0.00 %),0,0,0,0,27800426,8.76
19/04/2017,0,0,13.45(1.51 %),0,0,0,0,27800426,8.76
20/04/2017,-50000,-654230000,13(-3.35 %),0,0,50000,654230000,27800426,8.76
21/04/2017,0,0,13.35(2.69 %),0,0,0,0,27800426,8.76
24/04/2017,0,0,13.4(0.37 %),0,0,0,0,27800426,8.76
25/04/2017,0,0,13.4(0.00 %),0,0,0,0,27850426,8.69
26/04/2017,-40000,-524370000,13.1(-2.24 %),0,0,40000,524370000,27850426,8.69
27/04/2017,0,0,13.5(3.05 %),0,0,0,0,27850426,8.69
28/04/2017,0,0,13.5(0.00 %),0,0,0,0,27850426,8.69
03/05/2017,0,0,14(3.70 %),0,0,0,0,27890426,8.63
04/05/2017,0,0,14(0.00 %),0,0,0,0,27890426,8.63
05/05/2017,0,0,13.9(-0.71 %),0,0,0,0,27890426,8.63
08/05/2017,500,7320000,14.5(4.32 %),500,7320000,0,0,27889926,8.63
09/05/2017,0,0,14.4(-0.69 %),0,0,0,0,27889926,8.63
10/05/2017,100,1420000,14.2(-1.39 %),100,1420000,0,0,27889826,8.63
11/05/2017,100,1410000,14.1(-0.70 %),100,1410000,0,0,27889726,8.63
12/05/2017,0,0,14(-0.71 %),0,0,0,0,27889726,8.63
15/05/2017,0,0,14.2(1.43 %),0,0,0,0,27889726,8.63
16/05/2017,0,0,14.1(-0.70 %),0,0,0,0,27889726,8.63
17/05/2017,0,0,13.85(-1.77 %),0,0,0,0,27889726,8.63
18/05/2017,0,0,14.2(2.53 %),0,0,0,0,27889726,8.63
19/05/2017,0,0,14.2(0.00 %),0,0,0,0,27889726,8.63
22/05/2017,0,0,13.9(-2.11 %),0,0,0,0,27889726,8.63
23/05/2017,0,0,14.1(1.44 %),0,0,0,0,27889726,8.63
24/05/2017,0,0,14.4(2.13 %),0,0,0,0,27889726,8.63
25/05/2017,0,0,14.7(2.08 %),0,0,0,0,27889726,8.63
26/05/2017,0,0,14.5(-1.36 %),0,0,0,0,27889726,8.63
29/05/2017,0,0,14.6(0.69 %),0,0,0,0,27889726,8.63
30/05/2017,100,1450000,14.2(-2.74 %),100,1450000,0,0,27889626,8.63
31/05/2017,100,1400000,14.15(-0.35 %),100,1400000,0,0,27889526,8.63
01/06/2017,0,0,14.15(0.00 %),0,0,0,0,27889526,8.63
02/06/2017,0,0,14(-1.06 %),0,0,0,0,27889526,8.63
05/06/2017,0,0,13.9(-0.71 %),0,0,0,0,27889526,8.63
06/06/2017,0,0,14(0.72 %),0,0,0,0,27889526,8.63
07/06/2017,0,0,14(0.00 %),0,0,0,0,27889526,8.63
08/06/2017,0,0,14.1(0.71 %),0,0,0,0,27889526,8.63
09/06/2017,0,0,14(-0.71 %),0,0,0,0,27889526,8.63
12/06/2017,0,0,14(0.00 %),0,0,0,0,27889526,8.63
13/06/2017,0,0,14(0.00 %),0,0,0,0,27889526,8.63
14/06/2017,-3000,-42300000,14.1(0.71 %),0,0,3000,42300000,27889526,8.63
15/06/2017,0,0,14(-0.71 %),0,0,0,0,27889526,8.63
16/06/2017,0,0,14.1(0.71 %),0,0,0,0,27889526,8.63
19/06/2017,0,0,14(-0.71 %),0,0,0,0,27892526,8.63
20/06/2017,0,0,14(0.00 %),0,0,0,0,27892526,8.63
21/06/2017,-10000,-137000000,13.75(-1.79 %),0,0,10000,137000000,27892526,8.63
22/06/2017,0,0,13.9(1.09 %),0,0,0,0,27892526,8.63
23/06/2017,0,0,14(0.72 %),0,0,0,0,27892526,8.63
26/06/2017,0,0,13.9(-0.71 %),0,0,0,0,27902526,8.61
27/06/2017,0,0,14(0.72 %),0,0,0,0,27902526,8.61
28/06/2017,0,0,14(0.00 %),0,0,0,0,27902526,8.61
29/06/2017,0,0,14(0.00 %),0,0,0,0,27902526,8.61
30/06/2017,0,0,14(0.00 %),0,0,0,0,27902526,8.61
03/07/2017,-56500,-791000000,14(0.00 %),0,0,56500,791000000,27902526,8.61
04/07/2017,0,0,14(0.00 %),0,0,0,0,27902526,8.61
05/07/2017,0,0,14(0.00 %),0,0,0,0,27902526,8.61
06/07/2017,0,0,14(0.00 %),0,0,0,0,27959026,8.53
07/07/2017,0,0,13.9(-0.71 %),0,0,0,0,27959026,8.53
10/07/2017,0,0,13.9(0.00 %),0,0,0,0,27959026,8.53
11/07/2017,0,0,14(0.72 %),0,0,0,0,27959026,8.53
12/07/2017,0,0,13.9(-0.71 %),0,0,0,0,27959026,8.53
13/07/2017,0,0,14(0.72 %),0,0,0,0,27959026,8.53
14/07/2017,0,0,13.9(-0.71 %),0,0,0,0,27959026,8.53
17/07/2017,0,0,13.9(0.00 %),0,0,0,0,27959026,8.53
18/07/2017,0,0,14.05(1.08 %),0,0,0,0,27959026,8.53
19/07/2017,0,0,14(-0.36 %),0,0,0,0,27959026,8.53
20/07/2017,0,0,14(0.00 %),0,0,0,0,27959026,8.53
21/07/2017,-21910,-305170000,13.9(-0.71 %),0,0,21910,305170000,27959026,8.53
24/07/2017,0,0,13.9(0.00 %),0,0,0,0,27959026,8.53
25/07/2017,0,0,13.8(-0.72 %),0,0,0,0,27959026,8.53
26/07/2017,0,0,13.9(0.72 %),0,0,0,0,27980936,8.5
27/07/2017,0,0,13.8(-0.72 %),0,0,0,0,27980936,8.5
28/07/2017,0,0,13.8(0.00 %),0,0,0,0,27980936,8.5
31/07/2017,0,0,13.8(0.00 %),0,0,0,0,27980936,8.5
01/08/2017,0,0,13.8(0.00 %),0,0,0,0,27980936,8.5
02/08/2017,0,0,13.9(0.72 %),0,0,0,0,27980936,8.5
03/08/2017,0,0,13.9(0.00 %),0,0,0,0,27980936,8.5
04/08/2017,0,0,13.9(0.00 %),0,0,0,0,27980936,8.5
07/08/2017,-100,-1490000,14.85(6.83 %),0,0,100,1490000,27980936,8.5
08/08/2017,-560,-8850000,15.85(6.73 %),0,0,560,8850000,27980936,8.5
09/08/2017,0,0,15.9(0.32 %),0,0,0,0,27980936,8.5
10/08/2017,-20070,-297320000,14.8(-6.92 %),600,8880000,20670,306200000,27980436,8.5
11/08/2017,-49430,-692630000,13.8(-6.76 %),0,0,49430,692630000,27980996,8.5
14/08/2017,-447990,-6500330000,14.5(5.07 %),0,0,447990,6500330000,27980996,8.5
15/08/2017,0,0,14.3(-1.38 %),0,0,0,0,28001666,8.47
16/08/2017,0,0,14(-2.10 %),0,0,0,0,28051096,8.4
17/08/2017,0,0,13.8(-1.43 %),0,0,0,0,28499086,7.75
18/08/2017,0,0,13.95(1.09 %),0,0,0,0,28499086,7.75
21/08/2017,0,0,13.9(-0.36 %),0,0,0,0,28499086,7.75
22/08/2017,0,0,14(0.72 %),0,0,0,0,28499086,7.75
23/08/2017,0,0,14.05(0.36 %),0,0,0,0,28499086,7.75
24/08/2017,0,0,14(-0.36 %),0,0,0,0,28499086,7.75
25/08/2017,0,0,14(0.00 %),0,0,0,0,28499086,7.75
28/08/2017,-500,-6880000,13.8(-1.43 %),0,0,500,6880000,28499086,7.75
29/08/2017,0,0,14(1.45 %),0,0,0,0,28499086,7.75
30/08/2017,0,0,14(0.00 %),0,0,0,0,28499086,7.75
31/08/2017,0,0,13.9(-0.71 %),0,0,0,0,28499586,7.75
01/09/2017,0,0,13.9(0.00 %),0,0,0,0,28499586,7.75
05/09/2017,-15000,-207000000,13.8(-0.72 %),0,0,15000,207000000,28499586,7.75
06/09/2017,0,0,13.75(-0.36 %),0,0,0,0,28499586,7.75
07/09/2017,0,0,13.7(-0.36 %),0,0,0,0,28499586,7.75
08/09/2017,0,0,13.8(0.73 %),0,0,0,0,28514586,7.73
11/09/2017,0,0,13.8(0.00 %),0,0,0,0,28514586,7.73
12/09/2017,-20000,-273080000,13.8(0.00 %),0,0,20000,273080000,28514586,7.73
13/09/2017,0,0,13.75(-0.36 %),0,0,0,0,28514586,7.73
14/09/2017,0,0,13.9(1.09 %),0,0,0,0,28514586,7.73
15/09/2017,0,0,13.9(0.00 %),0,0,0,0,28534586,7.7
18/09/2017,0,0,14(0.72 %),0,0,0,0,28534586,7.7
19/09/2017,0,0,14.2(1.43 %),0,0,0,0,28534586,7.7
20/09/2017,0,0,14(-1.41 %),0,0,0,0,28534586,7.7
21/09/2017,0,0,14(0.00 %),0,0,0,0,28534586,7.7
22/09/2017,0,0,14.1(0.71 %),0,0,0,0,28534586,7.7
25/09/2017,0,0,14(-0.71 %),0,0,0,0,28534586,7.7
26/09/2017,0,0,14(0.00 %),0,0,0,0,28534586,7.7
27/09/2017,0,0,13.9(-0.71 %),0,0,0,0,28534586,7.7
28/09/2017,0,0,14(0.72 %),0,0,0,0,28534586,7.7
29/09/2017,0,0,13.9(-0.71 %),0,0,0,0,28534586,7.7
02/10/2017,0,0,13.9(0.00 %),0,0,0,0,28534586,7.7
03/10/2017,0,0,13.9(0.00 %),0,0,0,0,28534586,7.7
04/10/2017,0,0,14.1(1.44 %),0,0,0,0,28534586,7.7
05/10/2017,0,0,14.1(0.00 %),0,0,0,0,28534586,7.7
06/10/2017,0,0,14.2(0.71 %),0,0,0,0,28534586,7.7
09/10/2017,0,0,14(-1.41 %),0,0,0,0,28534586,7.7
10/10/2017,-50000,-696500000,13.9(-0.71 %),0,0,50000,696500000,28534586,7.7
11/10/2017,0,0,13.9(0.00 %),0,0,0,0,28534586,7.7
12/10/2017,-50000,-695150000,13.85(-0.36 %),0,0,50000,695150000,28534586,7.7
13/10/2017,-50000,-694740000,13.85(0.00 %),0,0,50000,694740000,28584586,7.63
16/10/2017,0,0,13.9(0.36 %),0,0,0,0,28584586,7.63
17/10/2017,-50000,-697300000,13.9(0.00 %),0,0,50000,697300000,28634586,7.55
18/10/2017,0,0,13.9(0.00 %),0,0,0,0,28684586,7.48
19/10/2017,0,0,13.9(0.00 %),0,0,0,0,28684586,7.48
20/10/2017,-50000,-688850000,13.65(-1.80 %),0,0,50000,688850000,28734586,7.41
23/10/2017,-1000,-13700000,13.8(1.10 %),0,0,1000,13700000,28734586,7.41
24/10/2017,0,0,13.8(0.00 %),0,0,0,0,28734586,7.41
25/10/2017,0,0,13.8(0.00 %),0,0,0,0,28784586,7.34
26/10/2017,-1500,-20600000,13.9(0.72 %),0,0,1500,20600000,28785586,7.33
27/10/2017,0,0,13.7(-1.44 %),0,0,0,0,28785586,7.33
30/10/2017,0,0,13.9(1.46 %),0,0,0,0,28785586,7.33
31/10/2017,0,0,14.1(1.44 %),0,0,0,0,28787086,7.33
01/11/2017,3000,42000000,13.9(-1.42 %),3000,42000000,0,0,28784086,7.34
02/11/2017,0,0,13.9(0.00 %),0,0,0,0,28784086,7.34
03/11/2017,0,0,14(0.72 %),0,0,0,0,28784086,7.34
06/11/2017,-100000,-1388360000,14(0.00 %),0,0,100000,1388360000,28784086,7.34
07/11/2017,0,0,14(0.00 %),0,0,0,0,28784086,7.34
08/11/2017,0,0,14.3(2.14 %),0,0,0,0,28784086,7.34
09/11/2017,0,0,14.1(-1.40 %),0,0,0,0,28884086,7.19
10/11/2017,0,0,14(-0.71 %),0,0,0,0,28884086,7.19
13/11/2017,0,0,14(0.00 %),0,0,0,0,28884086,7.19
14/11/2017,0,0,13.9(-0.71 %),0,0,0,0,28884086,7.19
15/11/2017,0,0,13.9(0.00 %),0,0,0,0,28884086,7.19
16/11/2017,0,0,13.85(-0.36 %),0,0,0,0,28884086,7.19
17/11/2017,0,0,13.8(-0.36 %),0,0,0,0,28884086,7.19
20/11/2017,0,0,13.9(0.72 %),0,0,0,0,28884086,7.19
21/11/2017,0,0,13.8(-0.72 %),0,0,0,0,28884086,7.19
22/11/2017,0,0,13.9(0.72 %),0,0,0,0,28884086,7.19
23/11/2017,0,0,13.8(-0.72 %),0,0,0,0,28884086,7.19
24/11/2017,0,0,14.4(4.35 %),0,0,0,0,28884086,7.19
27/11/2017,0,0,14.4(0.00 %),0,0,0,0,28884086,7.19
28/11/2017,0,0,14.5(0.69 %),0,0,0,0,28884086,7.19
29/11/2017,0,0,15.5(6.90 %),0,0,0,0,28884086,7.19
30/11/2017,0,0,16.1(3.87 %),0,0,0,0,28884086,7.19
01/12/2017,1000,16100000,16(-0.62 %),1000,16100000,0,0,28883086,7.19
04/12/2017,0,0,15.1(-5.62 %),0,0,0,0,28883086,7.19
05/12/2017,0,0,15.5(2.65 %),0,0,0,0,28883087,7.19
06/12/2017,0,0,15.2(-1.94 %),0,0,0,0,28883087,7.19
07/12/2017,0,0,16(5.26 %),0,0,0,0,28883087,7.19
08/12/2017,0,0,15.6(-2.50 %),0,0,0,0,28883087,7.19
11/12/2017,0,0,16(2.56 %),0,0,0,0,28883087,7.19
12/12/2017,0,0,15(-6.25 %),0,0,0,0,28883087,7.19
13/12/2017,-99770,-1494530000,14.8(-1.33 %),230,3570000,100000,1498100000,28882857,7.19
14/12/2017,-14960,-219080000,14.2(-4.05 %),0,0,14960,219080000,28882857,7.19
15/12/2017,0,0,14.6(2.82 %),0,0,0,0,28882857,7.19
18/12/2017,0,0,14.85(1.71 %),0,0,0,0,28982857,7.05
19/12/2017,190,2820000,14.9(0.34 %),190,2820000,0,0,28997627,7.03
20/12/2017,-20000,-291600000,14.3(-4.03 %),0,0,20000,291600000,28997627,7.03
21/12/2017,0,0,14.2(-0.70 %),0,0,0,0,28997627,7.03
22/12/2017,0,0,14.7(3.52 %),0,0,0,0,28997627,7.03
25/12/2017,0,0,15.4(4.76 %),0,0,0,0,29017627,7.0
26/12/2017,80,1260000,14.5(-5.84 %),80,1260000,0,0,29017547,7.0
27/12/2017,-39500,-558160000,14.4(-0.69 %),0,0,39500,558160000,29017547,7.0
28/12/2017,0,0,14(-2.78 %),0,0,0,0,29017547,7.0
29/12/2017,-30000,-416900000,14.2(1.43 %),0,0,30000,416900000,29017547,7.0
02/01/2018,-387360,-5268100000,14.2(0.00 %),0,0,387360,5268100000,29057047,6.94
03/01/2018,0,0,14.2(0.00 %),0,0,0,0,29057047,6.94
04/01/2018,0,0,13.9(-2.11 %),0,0,0,0,29087047,6.9
05/01/2018,0,0,14.75(6.12 %),0,0,0,0,29474407,6.34
08/01/2018,0,0,14.5(-1.69 %),0,0,0,0,29474407,6.34
09/01/2018,0,0,14.05(-3.10 %),0,0,0,0,29474407,6.34
10/01/2018,-12930,-181020000,14.3(1.78 %),0,0,12930,181020000,29474407,6.34
11/01/2018,0,0,14.5(1.40 %),0,0,0,0,29474407,6.34
12/01/2018,0,0,14.5(0.00 %),0,0,0,0,29474407,6.34
15/01/2018,6500,94250000,14.5(0.00 %),6500,94250000,0,0,29480837,6.33
16/01/2018,9900,143580000,14.5(0.00 %),10000,145000000,100,1420000,29470837,6.34
17/01/2018,0,0,14.3(-1.38 %),0,0,0,0,29470837,6.34
18/01/2018,0,0,14.5(1.40 %),0,0,0,0,29470837,6.34
19/01/2018,0,0,14.5(0.00 %),0,0,0,0,29470937,6.34
22/01/2018,180,2610000,14.5(0.00 %),1000,14500000,820,11890000,29469937,6.34
25/01/2018,0,0,14.5(0.00 %),0,0,0,0,29470763,6.34
26/01/2018,0,0,14.2(-2.07 %),0,0,0,0,29470763,6.34
29/01/2018,0,0,14.6(2.82 %),0,0,0,0,29470763,6.34
30/01/2018,0,0,14.4(-1.37 %),0,0,0,0,29470763,6.34
31/01/2018,0,0,14.4(0.00 %),0,0,0,0,29470763,6.34
01/02/2018,500,7250000,14.2(-1.39 %),500,7250000,0,0,29470263,6.34
02/02/2018,0,0,14.2(0.00 %),0,0,0,0,29470263,6.34
05/02/2018,-240,-3380000,14.1(-0.70 %),0,0,240,3380000,29470263,6.34
06/02/2018,-310,-4190000,13.5(-4.26 %),0,0,310,4190000,29470263,6.34
07/02/2018,0,0,14.35(6.30 %),0,0,0,0,29470263,6.34
08/02/2018,0,0,14.2(-1.05 %),0,0,0,0,29470503,6.34
09/02/2018,-80,-1140000,14.4(1.41 %),0,0,80,1140000,29470813,6.34
12/02/2018,0,0,14.4(0.00 %),0,0,0,0,29470813,6.34
13/02/2018,0,0,14.2(-1.39 %),0,0,0,0,29470813,6.34
21/02/2018,0,0,14.2(0.00 %),0,0,0,0,29470893,6.34
22/02/2018,0,0,14.2(0.00 %),0,0,0,0,29470893,6.34
23/02/2018,0,0,14.5(2.11 %),0,0,0,0,29470893,6.34
26/02/2018,500,7150000,14.8(2.07 %),500,7150000,0,0,29470393,6.34
27/02/2018,0,0,14.5(-2.03 %),0,0,0,0,29470393,6.34
28/02/2018,0,0,14.5(0.00 %),0,0,0,0,29470393,6.34
01/03/2018,0,0,14.5(0.00 %),0,0,0,0,29470393,6.34
02/03/2018,0,0,14.5(0.00 %),0,0,0,0,29470393,6.34
05/03/2018,0,0,14.5(0.00 %),0,0,0,0,29470393,6.34
06/03/2018,0,0,14.3(-1.38 %),0,0,0,0,29470393,6.34
07/03/2018,0,0,14.5(1.40 %),0,0,0,0,29470393,6.34
08/03/2018,0,0,14.3(-1.38 %),0,0,0,0,29470393,6.34
09/03/2018,0,0,14.3(0.00 %),0,0,0,0,29470393,6.34
12/03/2018,0,0,14.3(0.00 %),0,0,0,0,29470393,6.34
13/03/2018,-1500,-22500000,14.6(2.10 %),0,0,1500,22500000,29470393,6.34
14/03/2018,0,0,14.5(-0.68 %),0,0,0,0,29470393,6.34
15/03/2018,0,0,14.5(0.00 %),0,0,0,0,29470393,6.34
16/03/2018,0,0,14.5(0.00 %),0,0,0,0,29471893,6.34
19/03/2018,0,0,14.8(2.07 %),0,0,0,0,29471893,6.34
20/03/2018,380,5620000,14.5(-2.03 %),380,5620000,0,0,29471513,6.34
21/03/2018,0,0,14.9(2.76 %),0,0,0,0,29471513,6.34
22/03/2018,0,0,14.9(0.00 %),0,0,0,0,29471513,6.34
23/03/2018,0,0,15(0.67 %),0,0,0,0,29471513,6.34
26/03/2018,0,0,15(0.00 %),0,0,0,0,29471513,6.34
27/03/2018,0,0,15(0.00 %),0,0,0,0,29471513,6.34
28/03/2018,0,0,15(0.00 %),0,0,0,0,29471513,6.34
29/03/2018,0,0,15(0.00 %),0,0,0,0,29471513,6.34
30/03/2018,0,0,15(2.39 %),0,0,0,0,29471513,6.34
02/04/2018,-500,-7500000,15(0.00 %),0,0,500,7500000,29471513,6.34
03/04/2018,-140,-2100000,15.5(3.33 %),0,0,140,2100000,29471513,6.34
04/04/2018,0,0,16.55(6.77 %),0,0,0,0,29471513,6.34
05/04/2018,0,0,17(2.72 %),0,0,0,0,29472013,6.34
06/04/2018,0,0,16(-5.88 %),0,0,0,0,29472153,6.34
09/04/2018,0,0,16.4(2.50 %),0,0,0,0,29472153,6.34
10/04/2018,0,0,17.5(6.71 %),0,0,0,0,29472153,6.34
11/04/2018,2400,42000000,16.7(-4.57 %),2400,42000000,0,0,29469753,6.34
12/04/2018,0,0,17.5(4.79 %),0,0,0,0,29469753,6.34
13/04/2018,0,0,16.5(-5.71 %),0,0,0,0,29469753,6.34
16/04/2018,-2400,-39600000,16.5(0.00 %),0,0,2400,39600000,29469753,6.34
17/04/2018,0,0,16.1(-2.42 %),0,0,0,0,29469753,6.34
18/04/2018,-2620,-41660000,16.2(0.62 %),0,0,2620,41660000,29469753,6.34
19/04/2018,0,0,16.1(-0.62 %),0,0,0,0,29472153,6.34
20/04/2018,0,0,17.2(6.83 %),0,0,0,0,29472153,6.34
23/04/2018,0,0,17.7(2.91 %),0,0,0,0,29474773,6.34
24/04/2018,-1440,-25570000,18(1.69 %),0,0,1440,25570000,29474773,6.34
26/04/2018,0,0,16.75(-6.94 %),0,0,0,0,29474773,6.34
27/04/2018,0,0,17(1.49 %),0,0,0,0,29474773,6.34
02/05/2018,0,0,17(0.00 %),0,0,0,0,29476213,6.33
03/05/2018,0,0,16.8(-1.18 %),0,0,0,0,29476213,6.33
04/05/2018,0,0,16(-4.76 %),0,0,0,0,29476213,6.33
07/05/2018,0,0,16(0.00 %),0,0,0,0,29476213,6.33
08/05/2018,0,0,16(0.00 %),0,0,0,0,29476213,6.33
09/05/2018,0,0,16(0.00 %),0,0,0,0,29476213,6.33
10/05/2018,0,0,15.6(-2.50 %),0,0,0,0,29476213,6.33
11/05/2018,500,7500000,16(2.56 %),500,7500000,0,0,29475713,6.34
14/05/2018,0,0,16(0.00 %),0,0,0,0,29475713,6.34
15/05/2018,0,0,16.2(1.25 %),0,0,0,0,29475713,6.34
16/05/2018,0,0,16.2(0.00 %),0,0,0,0,29475713,6.34
17/05/2018,0,0,16.2(0.00 %),0,0,0,0,29475713,6.34
18/05/2018,0,0,16.1(-0.62 %),0,0,0,0,29475713,6.34
21/05/2018,0,0,16.5(2.48 %),0,0,0,0,29475713,6.34
22/05/2018,0,0,16(-3.03 %),0,0,0,0,29475713,6.34
23/05/2018,0,0,15.8(-1.25 %),0,0,0,0,29475713,6.34
24/05/2018,-400,-6380000,15.8(0.00 %),0,0,400,6380000,29475713,6.34
25/05/2018,0,0,16(1.27 %),0,0,0,0,29475713,6.34
28/05/2018,0,0,16(0.00 %),0,0,0,0,29475713,6.34
29/05/2018,0,0,15.9(-0.62 %),0,0,0,0,29476113,6.33
30/05/2018,0,0,16(0.63 %),0,0,0,0,29476113,6.33
31/05/2018,0,0,15.1(-5.62 %),0,0,0,0,29476113,6.33
01/06/2018,0,0,15.8(4.64 %),0,0,0,0,29476113,6.33
04/06/2018,0,0,15.8(0.00 %),0,0,0,0,29476113,6.33
05/06/2018,0,0,15.8(0.00 %),0,0,0,0,29476113,6.33
06/06/2018,0,0,15(-5.06 %),0,0,0,0,29476113,6.33
07/06/2018,0,0,14.9(-0.67 %),0,0,0,0,29476113,6.33
08/06/2018,0,0,14.9(0.00 %),0,0,0,0,29476113,6.33
11/06/2018,0,0,15(0.67 %),0,0,0,0,29476113,6.33
12/06/2018,0,0,15(0.00 %),0,0,0,0,29476113,6.33
13/06/2018,0,0,15(0.00 %),0,0,0,0,29476113,6.33
14/06/2018,0,0,15(0.00 %),0,0,0,0,29476113,6.33
15/06/2018,0,0,15(0.00 %),0,0,0,0,29476113,6.33
18/06/2018,0,0,15(0.00 %),0,0,0,0,29476113,6.33
19/06/2018,0,0,14(-6.67 %),0,0,0,0,29476113,6.33
20/06/2018,0,0,14(0.00 %),0,0,0,0,29476113,6.33
21/06/2018,0,0,14.7(5.00 %),0,0,0,0,29476113,6.33
22/06/2018,0,0,14.7(0.00 %),0,0,0,0,29476113,6.33
25/06/2018,0,0,13.8(-6.12 %),0,0,0,0,29476113,6.33
26/06/2018,0,0,14.2(2.90 %),0,0,0,0,29476113,6.33
27/06/2018,0,0,14.2(0.00 %),0,0,0,0,29476113,6.33
28/06/2018,0,0,14.2(0.00 %),0,0,0,0,29476113,6.33
29/06/2018,0,0,14.2(0.00 %),0,0,0,0,29476113,6.33
02/07/2018,0,0,14.2(0.00 %),0,0,0,0,29476113,6.33
03/07/2018,0,0,13.9(-2.11 %),0,0,0,0,29476113,6.33
04/07/2018,0,0,13.9(0.00 %),0,0,0,0,29476113,6.33
05/07/2018,0,0,13.8(-0.72 %),0,0,0,0,29476113,6.33
06/07/2018,-1000,-13500000,13(-5.80 %),0,0,1000,13500000,29476113,6.33
09/07/2018,0,0,13.6(4.62 %),0,0,0,0,29476113,6.33
10/07/2018,0,0,13.7(0.74 %),0,0,0,0,29476113,6.33
11/07/2018,0,0,13.5(-1.46 %),0,0,0,0,29477113,6.33
12/07/2018,0,0,13.5(0.00 %),0,0,0,0,29477113,6.33
13/07/2018,0,0,13.5(0.00 %),0,0,0,0,29477113,6.33
16/07/2018,0,0,13.5(0.00 %),0,0,0,0,29477113,6.33
17/07/2018,0,0,13.3(-1.48 %),0,0,0,0,29477113,6.33
18/07/2018,0,0,13.1(-1.50 %),0,0,0,0,29477113,6.33
19/07/2018,0,0,13.2(0.76 %),0,0,0,0,29477113,6.33
20/07/2018,0,0,13.2(0.00 %),0,0,0,0,29477113,6.33
23/07/2018,0,0,13.2(0.00 %),0,0,0,0,29477113,6.33
24/07/2018,0,0,13.3(0.76 %),0,0,0,0,29477113,6.33
25/07/2018,0,0,13.3(0.00 %),0,0,0,0,29477113,6.33
26/07/2018,0,0,13.3(0.00 %),0,0,0,0,29477113,6.33
27/07/2018,0,0,13.3(0.00 %),0,0,0,0,29477113,6.33
30/07/2018,0,0,13.3(0.00 %),0,0,0,0,29477113,6.33
31/07/2018,0,0,13.3(0.00 %),0,0,0,0,29477113,6.33
01/08/2018,0,0,13.3(0.00 %),0,0,0,0,27645066,8.98
02/08/2018,0,0,13.3(0.00 %),0,0,0,0,29477113,6.33
03/08/2018,0,0,13.4(0.75 %),0,0,0,0,29477113,6.33
06/08/2018,0,0,13.3(-0.75 %),0,0,0,0,29477113,6.33
07/08/2018,0,0,13.2(-0.75 %),0,0,0,0,29477113,6.33
08/08/2018,0,0,13.3(0.76 %),0,0,0,0,29477113,6.33
09/08/2018,0,0,13.2(-0.75 %),0,0,0,0,29477113,6.33
10/08/2018,0,0,13.3(0.76 %),0,0,0,0,29477113,6.33
13/08/2018,-800,-10400000,13.3(0.00 %),200,2600000,1000,13000000,29476913,6.33
14/08/2018,0,0,13.3(0.00 %),0,0,0,0,29476913,6.33
15/08/2018,0,0,13.25(-0.38 %),0,0,0,0,29476913,6.33
16/08/2018,0,0,13.3(0.38 %),0,0,0,0,29477913,6.33
17/08/2018,0,0,13(-2.26 %),0,0,0,0,29477913,6.33
20/08/2018,0,0,13.3(2.31 %),0,0,0,0,29477913,6.33
21/08/2018,0,0,13.3(0.00 %),0,0,0,0,29477913,6.33
22/08/2018,0,0,12.7(-4.51 %),0,0,0,0,29477913,6.33
23/08/2018,0,0,13.1(3.15 %),0,0,0,0,29477913,6.33
24/08/2018,0,0,13.3(1.53 %),0,0,0,0,29477913,6.33
27/08/2018,0,0,13.4(0.75 %),0,0,0,0,29477913,6.33
28/08/2018,-2000,-25800000,13.3(-0.75 %),0,0,2000,25800000,29477913,6.33
29/08/2018,0,0,13.3(0.00 %),0,0,0,0,29477913,6.33
30/08/2018,0,0,13.3(0.00 %),0,0,0,0,29477913,6.33
31/08/2018,0,0,13.2(-0.75 %),0,0,0,0,29479913,6.33
04/09/2018,0,0,13.3(0.76 %),0,0,0,0,27645066,8.98
05/09/2018,0,0,13.3(0.00 %),0,0,0,0,27645066,8.98
06/09/2018,0,0,13.3(0.00 %),0,0,0,0,27645066,8.98
07/09/2018,0,0,13.3(0.00 %),0,0,0,0,27645066,8.98
10/09/2018,0,0,13.3(0.00 %),0,0,0,0,29479913,6.33
11/09/2018,0,0,13.3(0.00 %),0,0,0,0,29479913,6.33
12/09/2018,0,0,13.3(0.00 %),0,0,0,0,29479913,6.33
13/09/2018,0,0,13.2(-0.75 %),0,0,0,0,29479913,6.33
14/09/2018,0,0,13.2(0.00 %),0,0,0,0,29479913,6.33
17/09/2018,0,0,13.3(0.76 %),0,0,0,0,29479913,6.33
18/09/2018,-4100,-53330000,13.3(0.00 %),0,0,4100,53330000,29479913,6.33
19/09/2018,0,0,13.4(0.75 %),0,0,0,0,29479913,6.33
20/09/2018,0,0,13.3(-0.75 %),0,0,0,0,29479913,6.33
21/09/2018,0,0,13.3(0.00 %),0,0,0,0,29484013,6.32
24/09/2018,0,0,13.2(-0.75 %),0,0,0,0,29484013,6.32
25/09/2018,0,0,13.2(0.00 %),0,0,0,0,29484013,6.32
26/09/2018,0,0,13.3(0.76 %),0,0,0,0,29484013,6.32
27/09/2018,0,0,13.3(0.00 %),0,0,0,0,29484013,6.32
28/09/2018,0,0,13.3(0.00 %),0,0,0,0,29484013,6.32
01/10/2018,0,0,13.1(-1.50 %),0,0,0,0,29484008,6.32
02/10/2018,0,0,13.3(1.53 %),0,0,0,0,29484008,6.32
03/10/2018,0,0,13(-2.26 %),0,0,0,0,29484008,6.32
04/10/2018,0,0,12.5(-3.85 %),0,0,0,0,29484008,6.32
05/10/2018,0,0,12.5(0.00 %),0,0,0,0,29484008,6.32
08/10/2018,0,0,12.55(0.40 %),0,0,0,0,29484008,6.32
09/10/2018,0,0,12.5(-0.40 %),0,0,0,0,29484008,6.32
10/10/2018,0,0,12.5(0.00 %),0,0,0,0,29484008,6.32
11/10/2018,-170,-2040000,12.45(-0.40 %),0,0,170,2040000,29484178,6.32
12/10/2018,0,0,12(-3.61 %),0,0,0,0,29484178,6.32
15/10/2018,0,0,12(0.00 %),0,0,0,0,29484008,6.32
16/10/2018,0,0,12.2(1.67 %),0,0,0,0,29484008,6.32
17/10/2018,0,0,12.2(0.00 %),0,0,0,0,29484008,6.32
18/10/2018,0,0,12(-1.64 %),0,0,0,0,29484178,6.32
19/10/2018,0,0,11.9(-0.83 %),0,0,0,0,29484178,6.32
22/10/2018,0,0,12(0.84 %),0,0,0,0,29484178,6.32
23/10/2018,0,0,11.6(-3.33 %),0,0,0,0,29484178,6.32
24/10/2018,0,0,11.6(0.00 %),0,0,0,0,29484178,6.32
25/10/2018,0,0,11.6(0.00 %),0,0,0,0,29484178,6.32
26/10/2018,0,0,11.6(0.00 %),0,0,0,0,29484178,6.32
29/10/2018,0,0,11.6(0.00 %),0,0,0,0,29484178,6.32
30/10/2018,0,0,11.6(0.00 %),0,0,0,0,29484178,6.32
31/10/2018,0,0,12(3.45 %),0,0,0,0,29484178,6.32
01/11/2018,0,0,12(0.00 %),0,0,0,0,29484178,6.32
02/11/2018,0,0,12(0.00 %),0,0,0,0,29484178,6.32
05/11/2018,0,0,11.8(-1.67 %),0,0,0,0,29484178,6.32
06/11/2018,0,0,11.65(-1.27 %),0,0,0,0,29484178,6.32
07/11/2018,0,0,11.6(-0.43 %),0,0,0,0,29484178,6.32
08/11/2018,0,0,11.6(0.00 %),0,0,0,0,29484178,6.32
09/11/2018,0,0,11.6(0.00 %),0,0,0,0,29484178,6.32
12/11/2018,0,0,11.5(-0.86 %),0,0,0,0,29484178,6.32
13/11/2018,0,0,11.6(0.87 %),0,0,0,0,29484178,6.32
14/11/2018,0,0,11.8(1.72 %),0,0,0,0,29484178,6.32
15/11/2018,0,0,11.8(0.00 %),0,0,0,0,29484178,6.32
16/11/2018,-1000,-11200000,11.6(-1.69 %),0,0,1000,11200000,29484178,6.32
19/11/2018,0,0,11.6(0.00 %),0,0,0,0,29484178,6.32
20/11/2018,0,0,11.6(0.00 %),0,0,0,0,29484178,6.32
21/11/2018,0,0,11.65(0.43 %),0,0,0,0,29485178,6.32
22/11/2018,0,0,11.8(1.29 %),0,0,0,0,29485178,6.32
23/11/2018,0,0,11.8(0.00 %),0,0,0,0,29485178,6.32
26/11/2018,0,0,11.9(0.85 %),0,0,0,0,29485178,6.32
27/11/2018,0,0,12(0.84 %),0,0,0,0,29485178,6.32
28/11/2018,0,0,11.9(-0.83 %),0,0,0,0,29485178,6.32
29/11/2018,0,0,11.6(-2.52 %),0,0,0,0,29485178,6.32
30/11/2018,0,0,11.6(0.00 %),0,0,0,0,29485178,6.32
03/12/2018,0,0,12.4(6.90 %),0,0,0,0,29485178,6.32
04/12/2018,0,0,12(-3.23 %),0,0,0,0,29485178,6.32
05/12/2018,0,0,12.5(4.17 %),0,0,0,0,29485178,6.32
06/12/2018,0,0,12.3(-1.60 %),0,0,0,0,29485178,6.32
07/12/2018,0,0,12.6(2.44 %),0,0,0,0,29485178,6.32
10/12/2018,0,0,12.6(0.00 %),0,0,0,0,29485178,6.32
11/12/2018,0,0,12.6(0.00 %),0,0,0,0,29485178,6.32
12/12/2018,0,0,11.8(-6.35 %),0,0,0,0,29485178,6.32
13/12/2018,0,0,11.7(-0.85 %),0,0,0,0,29485178,6.32
14/12/2018,0,0,12.4(5.98 %),0,0,0,0,29485178,6.32
17/12/2018,0,0,11.8(-4.84 %),0,0,0,0,29485178,6.32
18/12/2018,0,0,11.8(0.00 %),0,0,0,0,29485178,6.32
19/12/2018,0,0,11.8(0.00 %),0,0,0,0,29485178,6.32
20/12/2018,0,0,11.8(0.00 %),0,0,0,0,29485178,6.32
21/12/2018,0,0,11.8(0.00 %),0,0,0,0,29485178,6.32
24/12/2018,0,0,11.7(-0.85 %),0,0,0,0,29485178,6.32
25/12/2018,0,0,11.1(-5.13 %),0,0,0,0,29485178,6.32
26/12/2018,0,0,11.7(5.41 %),0,0,0,0,29485178,6.32
27/12/2018,0,0,11.9(1.71 %),0,0,0,0,29485178,6.32
28/12/2018,0,0,12(0.84 %),0,0,0,0,29485178,6.32
02/01/2019,0,0,12(0.00 %),0,0,0,0,29485178,6.32
03/01/2019,0,0,12(0.00 %),0,0,0,0,29485178,6.32
04/01/2019,0,0,12(0.00 %),0,0,0,0,29485178,6.32
07/01/2019,0,0,12(0.00 %),0,0,0,0,29485178,6.32
08/01/2019,0,0,12.4(3.33 %),0,0,0,0,29485178,6.32
09/01/2019,0,0,12.4(0.00 %),0,0,0,0,29485178,6.32
10/01/2019,0,0,12.4(0.00 %),0,0,0,0,29485178,6.32
11/01/2019,0,0,12.2(-1.61 %),0,0,0,0,29485178,6.32
14/01/2019,0,0,11.8(-3.28 %),0,0,0,0,29485178,6.32
15/01/2019,0,0,11.8(0.00 %),0,0,0,0,29485178,6.32
16/01/2019,0,0,11.8(0.00 %),0,0,0,0,29485178,6.32
17/01/2019,0,0,11.8(0.00 %),0,0,0,0,29485178,6.32
18/01/2019,0,0,11.8(0.00 %),0,0,0,0,29485178,6.32
21/01/2019,0,0,11.8(0.00 %),0,0,0,0,29485178,6.32
22/01/2019,0,0,11(-6.78 %),0,0,0,0,29485178,6.32
23/01/2019,20,230000,11.75(6.82 %),20,230000,0,0,29485158,6.32
24/01/2019,0,0,12.05(2.55 %),0,0,0,0,29485158,6.32
25/01/2019,0,0,11.7(-2.90 %),0,0,0,0,29485158,6.32
28/01/2019,0,0,11.7(0.00 %),0,0,0,0,29485158,6.32
29/01/2019,0,0,11.7(0.00 %),0,0,0,0,29485158,6.32
30/01/2019,0,0,11.6(-0.85 %),0,0,0,0,29485158,6.32
31/01/2019,0,0,11.5(-0.86 %),0,0,0,0,29485158,6.32
01/02/2019,0,0,11.5(0.00 %),0,0,0,0,29485158,6.32
11/02/2019,0,0,11.8(2.61 %),0,0,0,0,29485158,6.32
12/02/2019,0,0,12(1.69 %),0,0,0,0,29485158,6.32
13/02/2019,0,0,12.5(4.17 %),0,0,0,0,29485158,6.32
14/02/2019,0,0,12.3(-1.60 %),0,0,0,0,29485158,6.32
15/02/2019,0,0,12.4(0.81 %),0,0,0,0,29485158,6.32
18/02/2019,0,0,12.4(0.00 %),0,0,0,0,29485158,6.32
19/02/2019,0,0,12.3(-0.81 %),0,0,0,0,29485158,6.32
20/02/2019,0,0,11.85(-3.66 %),0,0,0,0,29485158,6.32
21/02/2019,0,0,11.9(0.42 %),0,0,0,0,29485158,6.32
22/02/2019,0,0,11.9(0.00 %),0,0,0,0,29485158,6.32
25/02/2019,-200,-2360000,11.8(-0.84 %),0,0,200,2360000,29485358,6.32
26/02/2019,0,0,12.2(3.39 %),0,0,0,0,29485358,6.32
27/02/2019,0,0,12.3(0.82 %),0,0,0,0,29485358,6.32
28/02/2019,0,0,12(-2.44 %),0,0,0,0,29485358,6.32
01/03/2019,0,0,12.2(1.67 %),0,0,0,0,29485358,6.32
04/03/2019,0,0,12.8(4.92 %),0,0,0,0,29485358,6.32
05/03/2019,0,0,13(1.56 %),0,0,0,0,29485358,6.32
06/03/2019,100,1320000,13.2(1.54 %),100,1320000,0,0,29485258,6.32
07/03/2019,0,0,13.45(1.89 %),0,0,0,0,29485358,6.32
08/03/2019,0,0,13.45(0.00 %),0,0,0,0,29485358,6.32
11/03/2019,0,0,13.45(0.00 %),0,0,0,0,29485358,6.32
12/03/2019,0,0,13.6(1.12 %),0,0,0,0,29485358,6.32
13/03/2019,0,0,13.7(0.74 %),0,0,0,0,29485358,6.32
14/03/2019,70,960000,13.5(-1.46 %),70,960000,0,0,29485188,6.32
15/03/2019,0,0,13.5(0.00 %),0,0,0,0,29485288,6.32
18/03/2019,-620,-8250000,13.5(0.00 %),0,0,620,8250000,29485188,6.32
19/03/2019,0,0,13.6(0.74 %),0,0,0,0,29485908,6.32
20/03/2019,0,0,14.25(4.78 %),0,0,0,0,29485908,6.32
21/03/2019,500,6850000,13.7(-3.86 %),500,6850000,0,0,29485408,6.32
22/03/2019,-420,-5670000,13.5(-1.46 %),0,0,420,5670000,29485828,6.32
25/03/2019,0,0,13.7(1.48 %),0,0,0,0,29485828,6.32
26/03/2019,0,0,13.7(0.00 %),0,0,0,0,29485828,6.32
27/03/2019,0,0,12.75(-6.93 %),0,0,0,0,29485828,6.32
28/03/2019,0,0,13(1.96 %),0,0,0,0,29485828,6.32
29/03/2019,0,0,12.8(-1.54 %),0,0,0,0,29485828,6.32
01/04/2019,0,0,12.1(-5.47 %),0,0,0,0,29485728,6.32
02/04/2019,0,0,12.3(1.65 %),0,0,0,0,29485728,6.32
03/04/2019,0,0,12.4(0.81 %),0,0,0,0,29485728,6.32
04/04/2019,0,0,12.5(0.81 %),0,0,0,0,29485728,6.32
05/04/2019,0,0,12.9(3.20 %),0,0,0,0,29485728,6.32
08/04/2019,0,0,12.6(-2.33 %),0,0,0,0,29485728,6.32
09/04/2019,0,0,12.7(0.79 %),0,0,0,0,29485728,6.32
10/04/2019,0,0,12.6(-0.79 %),0,0,0,0,29485728,6.32
11/04/2019,0,0,12(-4.76 %),0,0,0,0,29485728,6.32
12/04/2019,0,0,12(0.00 %),0,0,0,0,29485728,6.32
16/04/2019,0,0,12.6(5.00 %),0,0,0,0,29485728,6.32
17/04/2019,0,0,12.6(0.00 %),0,0,0,0,29485728,6.32
18/04/2019,0,0,12.5(-0.79 %),0,0,0,0,29485728,6.32
19/04/2019,0,0,12.6(0.80 %),0,0,0,0,29485728,6.32
22/04/2019,0,0,12.5(-0.79 %),0,0,0,0,29485728,6.32
23/04/2019,0,0,12.6(0.80 %),0,0,0,0,29485728,6.32
24/04/2019,-300,-3810000,12.8(1.59 %),0,0,300,3810000,29486028,6.32
25/04/2019,0,0,12.6(-1.56 %),0,0,0,0,29486028,6.32
26/04/2019,0,0,12.7(0.79 %),0,0,0,0,29486028,6.32
02/05/2019,0,0,12.7(0.00 %),0,0,0,0,29486028,6.32
03/05/2019,0,0,12.7(0.00 %),0,0,0,0,29486028,6.32
06/05/2019,0,0,12.5(-1.57 %),0,0,0,0,29486028,6.32
07/05/2019,0,0,12.7(1.60 %),0,0,0,0,29486028,6.32
08/05/2019,-2000000,-25200000000,12.7(0.00 %),0,0,2000000,25200000000,31486028,3.43
09/05/2019,0,0,12.4(-2.36 %),0,0,0,0,31486028,3.43
10/05/2019,0,0,12.6(1.61 %),0,0,0,0,31486028,3.43
13/05/2019,-100,-1270000,12.5(-0.79 %),0,0,100,1270000,31486128,3.43
14/05/2019,-200,-2460000,12.2(-2.40 %),0,0,200,2460000,31486328,3.42
15/05/2019,0,0,12.4(1.64 %),0,0,0,0,31486328,3.42
16/05/2019,0,0,12.4(0.00 %),0,0,0,0,31486328,3.42
17/05/2019,0,0,12.6(1.61 %),0,0,0,0,31486328,3.42
20/05/2019,0,0,12.5(-0.79 %),0,0,0,0,31486328,3.42
21/05/2019,0,0,12.4(-0.80 %),0,0,0,0,31486328,3.42
22/05/2019,0,0,12.6(1.61 %),0,0,0,0,31486328,3.42
23/05/2019,0,0,12.6(0.00 %),0,0,0,0,31486328,3.42
24/05/2019,0,0,12.6(0.00 %),0,0,0,0,31486328,3.42
27/05/2019,0,0,12.5(-0.79 %),0,0,0,0,31486328,3.42
28/05/2019,0,0,12.5(0.00 %),0,0,0,0,31486328,3.42
29/05/2019,0,0,12.35(-1.20 %),0,0,0,0,31486328,3.42
30/05/2019,0,0,12.5(1.21 %),0,0,0,0,31486328,3.42
31/05/2019,0,0,12.35(-1.20 %),0,0,0,0,31486328,3.42
03/06/2019,0,0,12.3(-0.40 %),0,0,0,0,31486328,3.42
04/06/2019,0,0,12.5(1.63 %),0,0,0,0,31486328,3.42
05/06/2019,0,0,12.5(0.00 %),0,0,0,0,31486328,3.42
06/06/2019,0,0,12.3(-1.60 %),0,0,0,0,31486328,3.42
07/06/2019,0,0,12.5(1.63 %),0,0,0,0,31486328,3.42
10/06/2019,0,0,12.3(-1.60 %),0,0,0,0,31486328,3.42
11/06/2019,0,0,12.3(0.00 %),0,0,0,0,31486328,3.42
12/06/2019,0,0,12.2(-0.81 %),0,0,0,0,31486328,3.42
13/06/2019,0,0,12.2(0.00 %),0,0,0,0,31486328,3.42
14/06/2019,0,0,12.1(-0.82 %),0,0,0,0,31486328,3.42
17/06/2019,0,0,12.1(0.00 %),0,0,0,0,31486328,3.42
18/06/2019,0,0,12.1(0.00 %),0,0,0,0,31486328,3.42
19/06/2019,0,0,12.1(0.00 %),0,0,0,0,31486328,3.42
20/06/2019,0,0,12.1(0.00 %),0,0,0,0,31486328,3.42
21/06/2019,0,0,12.3(1.65 %),0,0,0,0,31486328,3.42
24/06/2019,0,0,12.4(0.81 %),0,0,0,0,31486328,3.42
25/06/2019,0,0,12.4(0.00 %),0,0,0,0,31486328,3.42
26/06/2019,0,0,12.6(1.61 %),0,0,0,0,31486328,3.42
27/06/2019,0,0,12.3(-2.38 %),0,0,0,0,31486328,3.42
28/06/2019,0,0,12.3(0.00 %),0,0,0,0,31486328,3.42
01/07/2019,0,0,12.3(0.00 %),0,0,0,0,31486328,3.42
02/07/2019,0,0,12.3(0.00 %),0,0,0,0,31486328,3.42
03/07/2019,0,0,12.3(0.00 %),0,0,0,0,31486328,3.42
04/07/2019,0,0,12.7(3.25 %),0,0,0,0,31486328,3.42
05/07/2019,0,0,13.55(6.69 %),0,0,0,0,31486328,3.42
08/07/2019,-8760,-125710000,14.35(5.90 %),0,0,8760,125710000,31486328,3.42
09/07/2019,0,0,15.2(5.92 %),0,0,0,0,31495088,3.41
10/07/2019,0,0,15.1(-0.66 %),0,0,0,0,31495088,3.41
11/07/2019,0,0,14.7(-2.65 %),0,0,0,0,31495088,3.41
12/07/2019,0,0,14.8(0.68 %),0,0,0,0,31495088,3.41
15/07/2019,0,0,15(1.35 %),0,0,0,0,31495088,3.41
16/07/2019,0,0,14.8(-1.33 %),0,0,0,0,31495088,3.41
17/07/2019,0,0,14.2(-4.05 %),0,0,0,0,31495088,3.41
18/07/2019,0,0,14.5(2.11 %),0,0,0,0,31495088,3.41
19/07/2019,0,0,14.2(-2.07 %),0,0,0,0,31495088,3.41
22/07/2019,0,0,14(-1.41 %),0,0,0,0,31495088,3.41
23/07/2019,0,0,13.55(-3.21 %),0,0,0,0,31495088,3.41
24/07/2019,0,0,14(3.32 %),0,0,0,0,31495088,3.41
25/07/2019,-3000,-44550000,14.4(2.86 %),0,0,3000,44550000,31498088,3.41
26/07/2019,0,0,15(4.17 %),0,0,0,0,31498088,3.41
29/07/2019,0,0,15.5(3.33 %),0,0,0,0,31498088,3.41
30/07/2019,0,0,15.2(-1.94 %),0,0,0,0,31498088,3.41
31/07/2019,-3500,-52260000,14.7(-3.29 %),0,0,3500,52260000,31501588,3.4
01/08/2019,0,0,14.7(0.00 %),0,0,0,0,31498088,3.41
02/08/2019,0,0,14.6(-0.68 %),0,0,0,0,31498088,3.41
05/08/2019,50,740000,14.6(0.00 %),50,740000,0,0,31501538,3.4
06/08/2019,0,0,14.35(-1.71 %),0,0,0,0,31501538,3.4
07/08/2019,0,0,14.45(0.70 %),0,0,0,0,31501538,3.4
08/08/2019,-30,-460500,14.5(0.35 %),0,0,30,460500,31498068,3.41
09/08/2019,-50,-720000,14.5(0.00 %),0,0,50,720000,31501538,3.4
12/08/2019,0,0,14.8(2.07 %),0,0,0,0,31501538,3.4
13/08/2019,0,0,15.3(3.38 %),0,0,0,0,31501568,3.4
14/08/2019,-8210,-130130000,15.9(3.92 %),0,0,8210,130130000,31501618,3.4
15/08/2019,0,0,15.9(0.00 %),0,0,0,0,31506328,3.4
16/08/2019,0,0,15.3(-3.77 %),0,0,0,0,31506328,3.4
19/08/2019,0,0,16(4.58 %),0,0,0,0,31509828,3.39
20/08/2019,0,0,16.8(5.00 %),0,0,0,0,31509828,3.39
21/08/2019,0,0,17(1.19 %),0,0,0,0,31509828,3.39
22/08/2019,0,0,16.7(-1.76 %),0,0,0,0,31509828,3.39
23/08/2019,0,0,16.3(-2.40 %),0,0,0,0,31509828,3.39
26/08/2019,0,0,16.45(0.92 %),0,0,0,0,31509828,3.39
27/08/2019,0,0,17.1(3.95 %),0,0,0,0,31509828,3.39
28/08/2019,1100,19310000,17.2(0.58 %),1100,19310000,0,0,31508728,3.39
29/08/2019,0,0,16.9(-1.74 %),0,0,0,0,31508728,3.39
30/08/2019,0,0,16.5(-2.37 %),0,0,0,0,31508728,3.39
03/09/2019,0,0,16.3(-1.21 %),0,0,0,0,31508728,3.39
04/09/2019,0,0,17.4(6.75 %),0,0,0,0,31508728,3.39
05/09/2019,-498900,-8610123000,16.5(-5.17 %),1100,19360000,500000,8629483000,32007628,2.67
06/09/2019,-1507880,-23147773000,17.65(6.97 %),0,0,1507880,23147773000,33515508,0.49
09/09/2019,110,1903000,17.4(-1.42 %),110,1903000,0,0,33515398,0.49
10/09/2019,-20,-16000,17.3(-0.57 %),1080,18684000,1100,18700000,33515418,0.49
11/09/2019,0,0,16.9(-2.31 %),0,0,0,0,33515418,0.49
12/09/2019,0,0,17.3(2.37 %),0,0,0,0,33515418,0.49
13/09/2019,0,0,17.2(-0.58 %),0,0,0,0,33515418,0.49
16/09/2019,0,0,17.2(0.00 %),0,0,0,0,33515418,0.49
17/09/2019,0,0,17.5(1.74 %),0,0,0,0,33515418,0.49
18/09/2019,0,0,17.5(0.00 %),0,0,0,0,33515418,0.49
19/09/2019,0,0,17.45(-0.29 %),0,0,0,0,33515418,0.49
20/09/2019,-70,-1210000,17.3(-0.86 %),0,0,70,1210000,33515418,0.49
23/09/2019,0,0,17.4(0.58 %),0,0,0,0,33515488,0.49
24/09/2019,0,0,16.85(-3.16 %),0,0,0,0,33515488,0.49
25/09/2019,0,0,16.95(0.59 %),0,0,0,0,33515488,0.49
26/09/2019,0,0,16.95(0.00 %),0,0,0,0,33515488,0.49
27/09/2019,0,0,16.65(-1.77 %),0,0,0,0,33515488,0.49
30/09/2019,0,0,16.1(-3.30 %),0,0,0,0,33515488,0.49
01/10/2019,0,0,15.65(-2.80 %),0,0,0,0,33515488,0.49
02/10/2019,0,0,15.6(-0.32 %),0,0,0,0,33515488,0.49
03/10/2019,0,0,16.5(5.77 %),0,0,0,0,33515488,0.49
04/10/2019,0,0,16.5(0.00 %),0,0,0,0,33515488,0.49
07/10/2019,0,0,16.2(-1.82 %),0,0,0,0,33515488,0.49
08/10/2019,0,0,16.2(0.00 %),0,0,0,0,33515488,0.49
09/10/2019,0,0,16.1(-0.62 %),0,0,0,0,33515488,0.49
10/10/2019,0,0,16.4(1.86 %),0,0,0,0,33515488,0.49
11/10/2019,-7660,-122230000,15.9(-3.05 %),0,0,7660,122230000,33515488,0.49
14/10/2019,0,0,15.9(0.00 %),0,0,0,0,33523148,0.48
15/10/2019,0,0,15.8(-0.63 %),0,0,0,0,33523148,0.48
16/10/2019,0,0,15.85(0.32 %),0,0,0,0,33523148,0.48
17/10/2019,0,0,16(0.95 %),0,0,0,0,33523148,0.48
18/10/2019,-110,-1782000,15.85(-0.94 %),0,0,110,1782000,33523258,0.48
21/10/2019,0,0,15.85(0.00 %),0,0,0,0,33523258,0.48
22/10/2019,0,0,15.8(-0.32 %),0,0,0,0,33523258,0.48
23/10/2019,0,0,15.8(0.00 %),0,0,0,0,33523258,0.48
24/10/2019,0,0,15.9(0.63 %),0,0,0,0,33523258,0.48
25/10/2019,0,0,16(0.63 %),0,0,0,0,33523258,0.48
28/10/2019,0,0,16.1(0.62 %),0,0,0,0,33523258,0.48
29/10/2019,0,0,16.1(0.00 %),0,0,0,0,33523258,0.48
30/10/2019,0,0,15.9(-1.24 %),0,0,0,0,33523258,0.48
31/10/2019,0,0,16(0.63 %),0,0,0,0,33523258,0.48
01/11/2019,0,0,16(0.00 %),0,0,0,0,33523258,0.48
04/11/2019,0,0,15.8(-1.25 %),0,0,0,0,33523258,0.48
05/11/2019,0,0,16(1.27 %),0,0,0,0,33523258,0.48
06/11/2019,0,0,15.7(-1.88 %),0,0,0,0,33523258,0.48
07/11/2019,0,0,16.5(5.10 %),0,0,0,0,33523258,0.48
08/11/2019,0,0,16.5(0.00 %),0,0,0,0,33523258,0.48
11/11/2019,0,0,16.5(0.00 %),0,0,0,0,33523258,0.48
12/11/2019,0,0,16.5(0.00 %),0,0,0,0,33523258,0.48
13/11/2019,0,0,16.45(-0.30 %),0,0,0,0,33523258,0.48
14/11/2019,0,0,16.2(-1.52 %),0,0,0,0,33523258,0.48
15/11/2019,0,0,16.6(2.47 %),0,0,0,0,33523258,0.48
18/11/2019,0,0,16.2(-2.41 %),0,0,0,0,33523258,0.48
19/11/2019,0,0,16.5(1.85 %),0,0,0,0,33523258,0.48
20/11/2019,0,0,16.5(0.00 %),0,0,0,0,33523258,0.48
21/11/2019,0,0,16.5(0.00 %),0,0,0,0,33523258,0.48
22/11/2019,0,0,16.2(-1.82 %),0,0,0,0,33523258,0.48
25/11/2019,0,0,16(-1.23 %),0,0,0,0,33523258,0.48
26/11/2019,0,0,16(0.00 %),0,0,0,0,33523258,0.48
27/11/2019,0,0,16(0.00 %),0,0,0,0,33523258,0.48
28/11/2019,0,0,16(0.00 %),0,0,0,0,33523258,0.48
29/11/2019,0,0,16.7(4.38 %),0,0,0,0,33523258,0.48
02/12/2019,0,0,15.8(-5.39 %),0,0,0,0,33523258,0.48
03/12/2019,0,0,15.9(0.63 %),0,0,0,0,33523258,0.48
04/12/2019,0,0,15.9(0.00 %),0,0,0,0,33523258,0.48
05/12/2019,0,0,15.95(0.31 %),0,0,0,0,33523258,0.48
06/12/2019,0,0,15.95(0.00 %),0,0,0,0,33523258,0.48
09/12/2019,0,0,15.9(-0.31 %),0,0,0,0,33523258,0.48
10/12/2019,0,0,16.1(1.26 %),0,0,0,0,33523258,0.48
11/12/2019,0,0,16.1(0.00 %),0,0,0,0,33523258,0.48
12/12/2019,0,0,16.2(0.62 %),0,0,0,0,33523258,0.48
13/12/2019,0,0,16.1(-0.62 %),0,0,0,0,33523258,0.48
16/12/2019,0,0,15.8(-1.86 %),0,0,0,0,33523258,0.48
17/12/2019,0,0,15.8(0.00 %),0,0,0,0,33523258,0.48
18/12/2019,0,0,15.8(0.00 %),0,0,0,0,33523258,0.48
19/12/2019,0,0,15.8(0.00 %),0,0,0,0,33523258,0.48
20/12/2019,0,0,16.5(4.43 %),0,0,0,0,33523258,0.48
23/12/2019,0,0,16.5(0.00 %),0,0,0,0,33523258,0.48
24/12/2019,0,0,16.2(-1.82 %),0,0,0,0,33523258,0.48
25/12/2019,0,0,16.5(1.85 %),0,0,0,0,33523258,0.48
26/12/2019,0,0,16.5(0.00 %),0,0,0,0,33523258,0.48
27/12/2019,-4500,-71550000,15.9(-3.64 %),0,0,4500,71550000,33527758,0.47
30/12/2019,0,0,15.9(0.00 %),0,0,0,0,33527758,0.47
31/12/2019,0,0,17(6.92 %),0,0,0,0,33527758,0.47
02/01/2020,0,0,17.1(0.59 %),0,0,0,0,33527758,0.47
03/01/2020,0,0,17.1(0.00 %),0,0,0,0,33527758,0.47
06/01/2020,0,0,16.5(-3.51 %),0,0,0,0,33527758,0.47
07/01/2020,0,0,16.5(0.00 %),0,0,0,0,33527758,0.47
08/01/2020,0,0,16.5(0.00 %),0,0,0,0,33527758,0.47
09/01/2020,0,0,16.5(0.00 %),0,0,0,0,33527758,0.47
10/01/2020,0,0,16.5(0.00 %),0,0,0,0,33527758,0.47
13/01/2020,0,0,16.45(-0.30 %),0,0,0,0,33527758,0.47
14/01/2020,0,0,16.8(2.13 %),0,0,0,0,33527758,0.47
15/01/2020,0,0,16.8(0.00 %),0,0,0,0,33527758,0.47
16/01/2020,0,0,17(1.19 %),0,0,0,0,33527758,0.47
17/01/2020,0,0,16.6(-2.35 %),0,0,0,0,33527758,0.47
20/01/2020,0,0,16.7(0.60 %),0,0,0,0,33527758,0.47
21/01/2020,0,0,16.5(-1.20 %),0,0,0,0,33527758,0.47
22/01/2020,0,0,16.2(-1.82 %),0,0,0,0,33527758,0.47
30/01/2020,0,0,16.2(0.00 %),0,0,0,0,33527758,0.47
31/01/2020,0,0,15.8(-2.47 %),0,0,0,0,33527758,0.47
03/02/2020,0,0,16.1(1.90 %),0,0,0,0,33527758,0.47
04/02/2020,0,0,16(-0.62 %),0,0,0,0,33527758,0.47
05/02/2020,0,0,16.7(4.38 %),0,0,0,0,33527758,0.47
06/02/2020,0,0,16(-4.19 %),0,0,0,0,33527758,0.47
07/02/2020,0,0,16(0.00 %),0,0,0,0,33527758,0.47
10/02/2020,0,0,16(0.00 %),0,0,0,0,33527758,0.47
11/02/2020,0,0,16(0.00 %),0,0,0,0,33527758,0.47
12/02/2020,0,0,16(0.00 %),0,0,0,0,33527758,0.47
13/02/2020,0,0,16(0.00 %),0,0,0,0,33527758,0.47
14/02/2020,0,0,16.5(3.12 %),0,0,0,0,33527758,0.47
17/02/2020,-60,-960000,16(-3.03 %),0,0,60,960000,33527818,0.47
18/02/2020,0,0,16(0.00 %),0,0,0,0,33527818,0.47
19/02/2020,0,0,16.5(3.12 %),0,0,0,0,33527818,0.47
20/02/2020,0,0,16(-3.03 %),0,0,0,0,33527818,0.47
21/02/2020,0,0,16(0.00 %),0,0,0,0,33527818,0.47
24/02/2020,0,0,16(0.00 %),0,0,0,0,33527818,0.47
25/02/2020,0,0,16(0.00 %),0,0,0,0,33527818,0.47
26/02/2020,0,0,15.5(-3.12 %),0,0,0,0,33527818,0.47
27/02/2020,0,0,15.5(0.00 %),0,0,0,0,33527818,0.47
28/02/2020,0,0,15.5(0.00 %),0,0,0,0,33527818,0.47
02/03/2020,0,0,16(3.23 %),0,0,0,0,33527818,0.47
03/03/2020,0,0,15.5(-3.12 %),0,0,0,0,33527818,0.47
04/03/2020,0,0,15.5(0.00 %),0,0,0,0,33527818,0.47
05/03/2020,0,0,15(-3.23 %),0,0,0,0,33527818,0.47
06/03/2020,0,0,15.9(6.00 %),0,0,0,0,33527818,0.47
09/03/2020,7590,113850000,14.8(-6.92 %),7590,113850000,0,0,33520228,0.48
10/03/2020,-90,-1332000,15.75(6.42 %),0,0,90,1332000,33520318,0.48
11/03/2020,0,0,15(-4.76 %),0,0,0,0,33520318,0.48
12/03/2020,-330,-4730000,14(-6.67 %),0,0,330,4730000,33520220,0.48
13/03/2020,-180,-2360000,13.4(-4.29 %),0,0,180,2360000,33520310,0.48
16/03/2020,0,0,13.4(0.00 %),0,0,0,0,33520828,0.48
17/03/2020,0,0,13.4(0.00 %),0,0,0,0,33520828,0.48
18/03/2020,0,0,13.5(0.75 %),0,0,0,0,33520828,0.48
19/03/2020,-120,-1510000,13.5(0.00 %),0,0,120,1510000,33520820,0.48
20/03/2020,0,0,14.4(6.67 %),0,0,0,0,33520828,0.48
23/03/2020,0,0,13.4(-6.94 %),0,0,0,0,33520828,0.48
24/03/2020,0,0,13.4(0.00 %),0,0,0,0,33520940,0.48
25/03/2020,0,0,12.6(-5.97 %),0,0,0,0,33520940,0.48
26/03/2020,0,0,13.45(6.75 %),0,0,0,0,33520940,0.48
27/03/2020,0,0,13.45(0.00 %),0,0,0,0,33520940,0.48
30/03/2020,0,0,12.55(-6.69 %),0,0,0,0,33520940,0.48
31/03/2020,0,0,13.3(5.98 %),0,0,0,0,33520940,0.48
01/04/2020,0,0,13.8(3.76 %),0,0,0,0,33520940,0.48
03/04/2020,0,0,12.3(-10.87 %),0,0,0,0,33520940,0.48
06/04/2020,0,0,12.2(-0.81 %),0,0,0,0,33520940,0.48
07/04/2020,0,0,12.7(4.10 %),0,0,0,0,33520940,0.48
08/04/2020,0,0,13(2.36 %),0,0,0,0,33520940,0.48
09/04/2020,0,0,13(0.00 %),0,0,0,0,33520940,0.48
10/04/2020,0,0,13(0.00 %),0,0,0,0,33520940,0.48
13/04/2020,0,0,13(0.00 %),0,0,0,0,33520940,0.48
14/04/2020,0,0,13(0.00 %),0,0,0,0,33520940,0.48
15/04/2020,0,0,13.2(1.54 %),0,0,0,0,33520940,0.48
16/04/2020,0,0,13.2(0.00 %),0,0,0,0,33520940,0.48
17/04/2020,0,0,13.7(3.79 %),0,0,0,0,33520940,0.48
20/04/2020,-380,-4864000,13.7(0.00 %),0,0,380,4864000,33521320,0.48
21/04/2020,0,0,13.5(-1.46 %),0,0,0,0,33521320,0.48
22/04/2020,0,0,13.45(-0.37 %),0,0,0,0,33521320,0.48
23/04/2020,0,0,13.45(0.00 %),0,0,0,0,33521320,0.48
24/04/2020,0,0,13.35(-0.74 %),0,0,0,0,35186485,0.48
27/04/2020,0,0,13.05(-2.25 %),0,0,0,0,35186485,0.48
28/04/2020,0,0,13.1(0.38 %),0,0,0,0,35186485,0.48
29/04/2020,0,0,13.9(6.11 %),0,0,0,0,35186485,0.48
04/05/2020,0,0,13.9(0.00 %),0,0,0,0,35186485,0.5
05/05/2020,0,0,13.5(-2.88 %),0,0,0,0,35186485,0.5
06/05/2020,0,0,13.5(0.00 %),0,0,0,0,35186485,0.48
07/05/2020,0,0,13.5(0.00 %),0,0,0,0,35186485,0.48
08/05/2020,0,0,12.9(-4.44 %),0,0,0,0,35186485,0.48
11/05/2020,0,0,13.3(3.10 %),0,0,0,0,35186485,0.48
12/05/2020,0,0,13.3(0.00 %),0,0,0,0,35186485,0.48
13/05/2020,0,0,13.4(0.75 %),0,0,0,0,35186485,0.48
14/05/2020,0,0,13.2(-1.49 %),0,0,0,0,35186485,0.48
15/05/2020,0,0,13.2(0.00 %),0,0,0,0,35186485,0.48
18/05/2020,-810,-9963000,13.2(0.00 %),0,0,810,9963000,35187295,0.48
19/05/2020,0,0,13.15(-0.38 %),0,0,0,0,35187295,0.48
20/05/2020,0,0,12.5(-4.94 %),0,0,0,0,35187295,0.48
21/05/2020,0,0,12.55(0.40 %),0,0,0,0,35187295,0.48
22/05/2020,0,0,12.4(-1.20 %),0,0,0,0,35187295,0.48
25/05/2020,0,0,13.15(6.05 %),0,0,0,0,35187301,0.48
26/05/2020,0,0,13.15(0.00 %),0,0,0,0,35187301,0.48
27/05/2020,0,0,13.15(0.00 %),0,0,0,0,35187301,0.48
28/05/2020,0,0,12.95(-1.52 %),0,0,0,0,35187301,0.48
29/05/2020,0,0,12.95(0.00 %),0,0,0,0,35187301,0.48
01/06/2020,0,0,12.95(0.00 %),0,0,0,0,35187301,0.48
02/06/2020,0,0,12.95(0.00 %),0,0,0,0,35187301,0.48
03/06/2020,0,0,12.9(-0.39 %),0,0,0,0,35187301,0.48
04/06/2020,0,0,12.5(-3.10 %),0,0,0,0,35187301,0.48
05/06/2020,0,0,12.5(0.00 %),0,0,0,0,35187301,0.48
08/06/2020,0,0,12.9(3.20 %),0,0,0,0,35187301,0.48
09/06/2020,-10,-120000,12.85(-0.39 %),0,0,10,120000,35187301,0.48
10/06/2020,-7590,-94880000,12.6(-1.95 %),0,0,7590,94880000,35187301,0.48
11/06/2020,0,0,12.7(0.79 %),0,0,0,0,35194891,0.47
12/06/2020,0,0,12.7(0.00 %),0,0,0,0,35194891,0.47
15/06/2020,0,0,12.65(-0.39 %),0,0,0,0,35194901,0.47
16/06/2020,0,0,12.65(0.00 %),0,0,0,0,35194901,0.47
17/06/2020,0,0,12.65(0.00 %),0,0,0,0,35194901,0.47
18/06/2020,0,0,12.65(0.00 %),0,0,0,0,35194901,0.47
19/06/2020,0,0,12.6(-0.40 %),0,0,0,0,35194901,0.47
22/06/2020,0,0,12.3(-2.38 %),0,0,0,0,35194901,0.47
23/06/2020,0,0,12.4(0.81 %),0,0,0,0,35194901,0.47
24/06/2020,0,0,12.7(2.42 %),0,0,0,0,35194901,0.47
25/06/2020,0,0,12.7(0.00 %),0,0,0,0,35194901,0.47
26/06/2020,0,0,12.5(-1.57 %),0,0,0,0,35194901,0.47
29/06/2020,0,0,12.5(0.00 %),0,0,0,0,35194901,0.47
30/06/2020,0,0,12.8(2.40 %),0,0,0,0,35194901,0.47
01/07/2020,0,0,12.5(-2.34 %),0,0,0,0,35194901,0.47
02/07/2020,0,0,12.5(0.00 %),0,0,0,0,35194901,0.47
03/07/2020,0,0,12.5(0.00 %),0,0,0,0,35194901,0.47
06/07/2020,0,0,12.5(0.00 %),0,0,0,0,35194901,0.47
07/07/2020,0,0,12.9(3.20 %),0,0,0,0,35194901,0.47
08/07/2020,0,0,13(0.78 %),0,0,0,0,35194901,0.47
09/07/2020,0,0,13.3(2.31 %),0,0,0,0,35194901,0.47
10/07/2020,1500,21230000,13.9(4.51 %),1500,21230000,0,0,35193401,0.47
13/07/2020,840,11680000,14(0.72 %),840,11680000,0,0,35192561,0.47
14/07/2020,0,0,13.9(-0.71 %),0,0,0,0,35192561,0.47
15/07/2020,0,0,13.9(0.00 %),0,0,0,0,35192561,0.47
16/07/2020,0,0,14(0.72 %),0,0,0,0,35192561,0.47
17/07/2020,0,0,14(0.00 %),0,0,0,0,35192561,0.47
20/07/2020,0,0,14(0.00 %),0,0,0,0,35192561,0.47
21/07/2020,0,0,14(0.00 %),0,0,0,0,35192561,0.47
22/07/2020,0,0,14(0.00 %),0,0,0,0,35192561,0.47
23/07/2020,0,0,13.95(-0.36 %),0,0,0,0,35192561,0.47
24/07/2020,0,0,13.6(-2.51 %),0,0,0,0,35192561,0.47
27/07/2020,0,0,13.4(-1.47 %),0,0,0,0,35192561,0.47
28/07/2020,0,0,14(4.48 %),0,0,0,0,35192561,0.47
29/07/2020,0,0,13.8(-1.43 %),0,0,0,0,35192561,0.47
30/07/2020,0,0,14(1.45 %),0,0,0,0,35192561,0.47
31/07/2020,-2340,-32760000,14(0.00 %),0,0,2340,32760000,35194901,0.47
03/08/2020,0,0,14.1(0.71 %),0,0,0,0,35192556,0.47
04/08/2020,0,0,14.2(0.71 %),0,0,0,0,35192556,0.47
05/08/2020,0,0,14.2(0.00 %),0,0,0,0,35194896,0.47
06/08/2020,0,0,14.7(3.52 %),0,0,0,0,35194896,0.47
07/08/2020,0,0,15(2.04 %),0,0,0,0,35194896,0.47
10/08/2020,0,0,15.5(3.33 %),0,0,0,0,35194896,0.47
11/08/2020,0,0,15.5(0.00 %),0,0,0,0,35194896,0.47
12/08/2020,0,0,15.8(1.94 %),0,0,0,0,35194896,0.47
13/08/2020,0,0,15.1(-4.43 %),0,0,0,0,35194896,0.47
14/08/2020,0,0,15(-0.66 %),0,0,0,0,35194896,0.47
17/08/2020,3000,45300000,14.9(-0.67 %),3000,45300000,0,0,35191896,0.47
18/08/2020,0,0,15.7(5.37 %),0,0,0,0,35191896,0.47
19/08/2020,0,0,15.8(0.64 %),0,0,0,0,35191896,0.47
20/08/2020,0,0,16(1.27 %),0,0,0,0,35191896,0.47
21/08/2020,0,0,15.05(-5.94 %),0,0,0,0,35191896,0.47
24/08/2020,0,0,15.5(2.99 %),0,0,0,0,35191896,0.47
25/08/2020,-3000,-46500000,15.2(-1.94 %),0,0,3000,46500000,35192556,0.47
26/08/2020,0,0,15.2(0.00 %),0,0,0,0,35192556,0.47
27/08/2020,0,0,15.35(0.99 %),0,0,0,0,35192556,0.47
28/08/2020,0,0,15.35(0.00 %),0,0,0,0,35194896,0.47
31/08/2020,0,0,15.35(0.00 %),0,0,0,0,35194896,0.47
01/09/2020,0,0,15.35(0.00 %),0,0,0,0,35194896,0.47
03/09/2020,0,0,15.35(0.00 %),0,0,0,0,35194896,0.47
04/09/2020,0,0,15.35(0.00 %),0,0,0,0,35194896,0.47
07/09/2020,0,0,15.35(0.00 %),0,0,0,0,35194896,0.47
08/09/2020,0,0,15.35(0.00 %),0,0,0,0,35194896,0.47
09/09/2020,0,0,14.3(-6.84 %),0,0,0,0,35194896,0.47
10/09/2020,0,0,14.5(1.40 %),0,0,0,0,35194896,0.47
11/09/2020,0,0,15.35(5.86 %),0,0,0,0,35194896,0.47
14/09/2020,0,0,15(-2.28 %),0,0,0,0,35194896,0.47
15/09/2020,0,0,15.2(1.33 %),0,0,0,0,35194896,0.47
16/09/2020,0,0,15.2(0.00 %),0,0,0,0,35194896,0.47
17/09/2020,0,0,15(-1.32 %),0,0,0,0,35194896,0.47
18/09/2020,0,0,15(0.00 %),0,0,0,0,35194896,0.47
21/09/2020,0,0,15(0.00 %),0,0,0,0,35194896,0.47
22/09/2020,0,0,14.85(-1.00 %),0,0,0,0,35194896,0.47
23/09/2020,0,0,14.85(0.00 %),0,0,0,0,35194896,0.47
24/09/2020,0,0,14.95(0.67 %),0,0,0,0,35194896,0.47
25/09/2020,0,0,15.2(1.67 %),0,0,0,0,35194896,0.47
28/09/2020,0,0,14.6(-3.95 %),0,0,0,0,35194896,0.47
29/09/2020,0,0,14.3(-2.05 %),0,0,0,0,35194896,0.47
30/09/2020,0,0,15(4.90 %),0,0,0,0,35194896,0.47
01/10/2020,0,0,15(0.00 %),0,0,0,0,35194896,0.47
02/10/2020,0,0,15(0.00 %),0,0,0,0,35194896,0.47
05/10/2020,0,0,15.1(0.67 %),0,0,0,0,35194896,0.47
06/10/2020,0,0,15.1(0.00 %),0,0,0,0,35194896,0.47
07/10/2020,0,0,14.95(-0.99 %),0,0,0,0,35194896,0.47
08/10/2020,0,0,14.95(0.00 %),0,0,0,0,35194896,0.47
09/10/2020,0,0,14.95(0.00 %),0,0,0,0,35194896,0.47
12/10/2020,0,0,15(0.33 %),0,0,0,0,35194896,0.47
13/10/2020,0,0,15(0.00 %),0,0,0,0,35194896,0.47
14/10/2020,0,0,15(0.00 %),0,0,0,0,35194896,0.47
15/10/2020,0,0,14.8(-1.33 %),0,0,0,0,35194896,0.47
16/10/2020,0,0,14.8(0.00 %),0,0,0,0,35194896,0.47
19/10/2020,0,0,15(1.35 %),0,0,0,0,35194896,0.47
20/10/2020,0,0,15(0.00 %),0,0,0,0,35194896,0.47
21/10/2020,0,0,14.9(-0.67 %),0,0,0,0,35194896,0.47
22/10/2020,0,0,14.9(0.00 %),0,0,0,0,35194896,0.47
23/10/2020,0,0,15(0.67 %),0,0,0,0,35194896,0.47
26/10/2020,0,0,15(0.00 %),0,0,0,0,35194896,0.47
27/10/2020,0,0,14.95(-0.33 %),0,0,0,0,35194896,0.47
28/10/2020,0,0,15(0.33 %),0,0,0,0,35194896,0.47
29/10/2020,-10,-150000,14.8(-1.33 %),0,0,10,150000,35194906,0.47
30/10/2020,0,0,13.95(-5.74 %),0,0,0,0,35194906,0.47
02/11/2020,0,0,13.8(-1.08 %),0,0,0,0,35194896,0.47
03/11/2020,0,0,14(1.45 %),0,0,0,0,35194906,0.47
04/11/2020,-1000,-13800000,13.7(-2.14 %),0,0,1000,13800000,35195896,0.47
05/11/2020,0,0,14.45(5.47 %),0,0,0,0,35195896,0.47
06/11/2020,0,0,14.4(-0.35 %),0,0,0,0,35195896,0.47
09/11/2020,0,0,14.6(1.39 %),0,0,0,0,35195906,0.47
10/11/2020,-2090,-29680000,14.45(-1.03 %),0,0,2090,29680000,35195906,0.47
11/11/2020,0,0,14.45(0.00 %),0,0,0,0,35197986,0.46
12/11/2020,0,0,14.4(-0.35 %),0,0,0,0,35197986,0.46
13/11/2020,0,0,14.4(0.00 %),0,0,0,0,35197996,0.46
16/11/2020,0,0,14.4(0.00 %),0,0,0,0,35197996,0.46
17/11/2020,0,0,14.4(0.00 %),0,0,0,0,35197996,0.46
18/11/2020,0,0,14.4(0.00 %),0,0,0,0,35197996,0.46
19/11/2020,0,0,14.3(-0.69 %),0,0,0,0,35197996,0.46
20/11/2020,0,0,14.55(1.75 %),0,0,0,0,38695752,0.46
23/11/2020,0,0,14.8(1.72 %),0,0,0,0,38695752,0.46
24/11/2020,0,0,14.8(0.00 %),0,0,0,0,38695752,0.46
25/11/2020,0,0,14.8(0.00 %),0,0,0,0,38695752,0.46
26/11/2020,0,0,14.8(0.00 %),0,0,0,0,38695752,0.46
27/11/2020,0,0,14.9(0.68 %),0,0,0,0,38695752,0.46
30/11/2020,0,0,15.2(2.01 %),0,0,0,0,38695752,0.46
01/12/2020,2000,30800000,15.4(1.32 %),2000,30800000,0,0,38695752,0.46
02/12/2020,0,0,15.5(0.65 %),0,0,0,0,38695752,0.46
03/12/2020,0,0,15.7(1.29 %),0,0,0,0,38695752,0.46
04/12/2020,0,0,15.7(0.00 %),0,0,0,0,38695752,0.46
07/12/2020,0,0,15.7(0.00 %),0,0,0,0,38695752,0.46
08/12/2020,0,0,15.95(1.59 %),0,0,0,0,38695752,0.46
09/12/2020,0,0,15.6(-2.19 %),0,0,0,0,38695752,0.46
10/12/2020,0,0,15.2(-2.56 %),0,0,0,0,38695752,0.46
11/12/2020,-870,-13050000,15.4(1.32 %),0,0,870,13050000,38696622,0.46
14/12/2020,0,0,15.2(-1.30 %),0,0,0,0,38696622,0.46
15/12/2020,0,0,15.6(2.63 %),0,0,0,0,38696622,0.46
16/12/2020,0,0,15.5(-0.64 %),0,0,0,0,38696622,0.46
17/12/2020,0,0,15.5(0.00 %),0,0,0,0,38696622,0.46
18/12/2020,0,0,15(-3.23 %),0,0,0,0,38696622,0.46
21/12/2020,0,0,15.5(3.33 %),0,0,0,0,38696622,0.46
22/12/2020,0,0,15.5(0.00 %),0,0,0,0,38696622,0.46
23/12/2020,-30,-470000,15.5(0.00 %),0,0,30,470000,38694620,0.47
24/12/2020,0,0,15.95(2.90 %),0,0,0,0,38696652,0.46
25/12/2020,0,0,15.85(-0.63 %),0,0,0,0,38696652,0.46
28/12/2020,0,0,15.2(-4.10 %),0,0,0,0,38696652,0.46
29/12/2020,0,0,15.5(1.97 %),0,0,0,0,38696652,0.46
30/12/2020,0,0,0(0.00 %),0,0,0,0,38694659,0.47
31/12/2020,0,0,15.35(0.00 %),0,0,0,0,38694659,0.47
04/01/2021,0,0,15.35(0.00 %),0,0,0,0,38694659,0.47
05/01/2021,-4900,-77920000,15.6(1.63 %),0,0,4900,77920000,38699559,0.46
06/01/2021,0,0,16.65(6.73 %),0,0,0,0,38699559,0.46
07/01/2021,0,0,17.8(6.91 %),0,0,0,0,38699559,0.46
08/01/2021,-24400,-463600000,19(6.74 %),100,1900000,24500,465500000,38723959,0.43
11/01/2021,-500,-9500000,19(0.00 %),0,0,500,9500000,38724459,0.43
12/01/2021,0,0,18.4(-3.16 %),0,0,0,0,38724459,0.43
13/01/2021,0,0,18.6(1.09 %),0,0,0,0,38724459,0.43
14/01/2021,0,0,19(2.15 %),0,0,0,0,38724459,0.43
15/01/2021,0,0,18.5(-2.63 %),0,0,0,0,38724459,0.43
18/01/2021,-1000,-18500000,18.3(-1.08 %),0,0,1000,18500000,38725459,0.43
19/01/2021,0,0,17.9(-2.19 %),0,0,0,0,38725459,0.43
20/01/2021,-100,-1730000,17.3(-3.35 %),0,0,100,1730000,38725559,0.43
21/01/2021,0,0,17.6(1.73 %),0,0,0,0,38725559,0.43
22/01/2021,-10100,-189880000,18.8(6.82 %),0,0,10100,189880000,38735659,0.41
25/01/2021,-12000,-241200000,20.1(6.91 %),0,0,12000,241200000,38747659,0.4
26/01/2021,0,0,19.4(-3.48 %),0,0,0,0,38747659,0.4
27/01/2021,0,0,18.6(-4.12 %),0,0,0,0,38747659,0.4
28/01/2021,0,0,17.3(-6.99 %),0,0,0,0,38747719,0.4
29/01/2021,300,4860000,17(-1.73 %),300,4860000,0,0,38747359,0.4
01/02/2021,0,0,16.7(-1.76 %),0,0,0,0,38747419,0.4
02/02/2021,0,0,15.55(-6.89 %),0,0,0,0,38747419,0.4
03/02/2021,0,0,15.5(-0.32 %),0,0,0,0,38747419,0.4
04/02/2021,0,0,14.9(-3.87 %),0,0,0,0,38747419,0.4
05/02/2021,0,0,15.9(6.71 %),0,0,0,0,38747419,0.4
08/02/2021,0,0,16.45(3.46 %),0,0,0,0,38747419,0.4
09/02/2021,0,0,16.2(-1.52 %),0,0,0,0,38747414,0.4
17/02/2021,0,0,17(4.94 %),0,0,0,0,38747414,0.4
18/02/2021,0,0,16.4(-3.53 %),0,0,0,0,38747414,0.4
19/02/2021,0,0,16.6(1.22 %),0,0,0,0,38747414,0.4
22/02/2021,0,0,17(2.41 %),0,0,0,0,38747414,0.4
23/02/2021,0,0,16.8(-1.18 %),0,0,0,0,38747414,0.4
24/02/2021,0,0,16(-4.76 %),0,0,0,0,38747414,0.4
25/02/2021,100,1610000,16.4(2.50 %),100,1610000,0,0,38747314,0.4
26/02/2021,0,0,16.05(-2.13 %),0,0,0,0,38747314,0.4
01/03/2021,-100,-1610000,16.2(0.93 %),0,0,100,1610000,38747314,0.4
02/03/2021,0,0,16.3(0.62 %),0,0,0,0,38747314,0.4
03/03/2021,0,0,16(-1.84 %),0,0,0,0,38747314,0.4
04/03/2021,0,0,15.85(-0.94 %),0,0,0,0,38747414,0.4
05/03/2021,0,0,16.7(5.36 %),0,0,0,0,38747414,0.4
08/03/2021,0,0,17.3(3.59 %),0,0,0,0,38747414,0.4
09/03/2021,0,0,17.8(2.89 %),0,0,0,0,38747414,0.4
10/03/2021,0,0,17.45(-1.97 %),0,0,0,0,38747414,0.4
11/03/2021,0,0,16.8(-3.72 %),0,0,0,0,38747444,0.4
12/03/2021,0,0,17(1.19 %),0,0,0,0,38747444,0.4
15/03/2021,0,0,17.4(2.35 %),0,0,0,0,38747444,0.4
16/03/2021,0,0,17.5(0.57 %),0,0,0,0,38747444,0.4
17/03/2021,0,0,18(1.98 %),0,0,0,0,38747444,0.4
18/03/2021,24200,435600000,18.2(1.11 %),24200,435600000,0,0,38723114,0.43
19/03/2021,5800,106130000,18.3(0.55 %),5800,106130000,0,0,38717314,0.44
22/03/2021,21900,405150000,18.35(0.27 %),21900,405150000,0,0,38695414,0.46
23/03/2021,0,0,17.65(-3.81 %),0,0,0,0,38695544,0.46
24/03/2021,0,0,17(-3.68 %),0,0,0,0,38695544,0.46
25/03/2021,0,0,17.2(1.18 %),0,0,0,0,38695544,0.46
26/03/2021,0,0,16.6(-3.49 %),0,0,0,0,38695544,0.46
29/03/2021,0,0,17.3(4.22 %),0,0,0,0,38695544,0.46
30/03/2021,0,0,17.4(0.58 %),0,0,0,0,38695544,0.46
31/03/2021,0,0,17.4(0.00 %),0,0,0,0,38695583,0.46
01/04/2021,0,0,17.8(2.30 %),0,0,0,0,38695583,0.46
02/04/2021,0,0,17.6(-1.12 %),0,0,0,0,38695583,0.46
05/04/2021,0,0,17.4(-1.14 %),0,0,0,0,38695583,0.46
06/04/2021,-1500,-25575000,17(-2.30 %),0,0,1500,25575000,38697083,0.46
07/04/2021,-800,-13880000,17.05(0.29 %),0,0,800,13880000,38697883,0.46
08/04/2021,0,0,17.2(0.88 %),0,0,0,0,38697883,0.46
09/04/2021,0,0,17.8(3.49 %),0,0,0,0,38697883,0.46
12/04/2021,-100,-1780000,17.7(-0.56 %),0,0,100,1780000,38697983,0.46
13/04/2021,0,0,17.1(-3.39 %),0,0,0,0,38697983,0.46
14/04/2021,0,0,17.1(0.00 %),0,0,0,0,38697983,0.46
15/04/2021,0,0,16.75(-2.05 %),0,0,0,0,38697983,0.0
16/04/2021,0,0,16.2(-3.28 %),0,0,0,0,38697983,0.46
19/04/2021,0,0,16.2(0.00 %),0,0,0,0,38697983,0.46
20/04/2021,-600,-9840000,16.05(-0.93 %),0,0,600,9840000,38698583,0.46
22/04/2021,-600,-9630000,15.5(-3.43 %),0,0,600,9630000,38699183,0.46
23/04/2021,200,3140000,15.9(2.58 %),200,3140000,0,0,38698983,0.46
26/04/2021,0,0,16(0.63 %),0,0,0,0,38698983,0.46
27/04/2021,0,0,15.6(-2.50 %),0,0,0,0,38698983,0.46
28/04/2021,0,0,15.65(0.32 %),0,0,0,0,38698983,0.46
29/04/2021,0,0,15.6(-0.32 %),0,0,0,0,38698983,0.46
04/05/2021,0,0,15.5(-0.64 %),0,0,0,0,38698983,0.46
05/05/2021,0,0,15.6(0.65 %),0,0,0,0,38698983,0.46
06/05/2021,0,0,15.65(0.32 %),0,0,0,0,38698983,0.46
07/05/2021,0,0,15.7(0.32 %),0,0,0,0,38698983,0.46
10/05/2021,-2300,-35920000,15.5(-1.27 %),0,0,2300,35920000,38701283,0.46
11/05/2021,0,0,15.55(0.32 %),0,0,0,0,38701283,0.46
12/05/2021,0,0,15.45(-0.64 %),0,0,0,0,38701283,0.46
13/05/2021,0,0,15.25(-1.29 %),0,0,0,0,38701283,0.46
14/05/2021,0,0,15.2(-0.33 %),0,0,0,0,38701283,0.46
17/05/2021,0,0,15.2(0.00 %),0,0,0,0,38701283,0.46
18/05/2021,0,0,14.7(-3.29 %),0,0,0,0,38701283,0.46
19/05/2021,0,0,14.3(-2.72 %),0,0,0,0,38701283,0.46
20/05/2021,0,0,14(-2.10 %),0,0,0,0,38701283,0.46
21/05/2021,0,0,14(0.00 %),0,0,0,0,38701283,0.46
24/05/2021,0,0,14.3(2.14 %),0,0,0,0,38701283,0.46
25/05/2021,0,0,14.4(0.70 %),0,0,0,0,38701283,0.46
26/05/2021,0,0,14.25(-1.04 %),0,0,0,0,38701283,0.46
27/05/2021,0,0,13.9(-2.46 %),0,0,0,0,38701283,0.46
28/05/2021,500,6950000,14(0.72 %),500,6950000,0,0,38700783,0.46
31/05/2021,1300,17940000,14.2(1.43 %),1300,17940000,0,0,38699483,0.46
01/06/2021,6200,91400000,15(5.63 %),6200,91400000,0,0,38699483,0.46
02/06/2021,5000,75500000,15(0.00 %),5000,75500000,0,0,38694483,0.47
03/06/2021,0,0,14.6(-2.67 %),0,0,0,0,38694483,0.47
04/06/2021,2000,28600000,14.6(0.00 %),2000,28600000,0,0,38692483,0.47
07/06/2021,-100,-1435000,14.3(-2.05 %),0,0,100,1435000,38692583,0.47
08/06/2021,0,0,14(-2.10 %),0,0,0,0,38692583,0.47
09/06/2021,0,0,14.1(0.71 %),0,0,0,0,38692583,0.47
10/06/2021,0,0,13.9(-1.42 %),0,0,0,0,38692583,0.47
11/06/2021,0,0,14.3(2.88 %),0,0,0,0,38692583,0.47
14/06/2021,200,2820000,14.1(-1.40 %),200,2820000,0,0,38692383,0.47
15/06/2021,0,0,14.2(0.71 %),0,0,0,0,38692383,0.47
16/06/2021,0,0,14.05(-1.06 %),0,0,0,0,38692383,0.47
17/06/2021,0,0,15(6.76 %),0,0,0,0,38692383,0.47
18/06/2021,0,0,14.95(-0.33 %),0,0,0,0,38692383,0.47
21/06/2021,-400,-6000000,14.9(-0.33 %),0,0,400,6000000,38692783,0.47
22/06/2021,0,0,14.95(0.34 %),0,0,0,0,38692783,0.47
23/06/2021,0,0,14.75(-1.34 %),0,0,0,0,38692783,0.47
24/06/2021,0,0,14.55(-1.36 %),0,0,0,0,38692783,0.47
25/06/2021,400,5760000,14.75(1.37 %),400,5760000,0,0,38692383,0.47
28/06/2021,900,13005000,14.6(-1.02 %),900,13005000,0,0,38691483,0.47
29/06/2021,0,0,14.7(0.68 %),0,0,0,0,38691483,0.47
30/06/2021,0,0,14.75(0.34 %),0,0,0,0,38691483,0.47
01/07/2021,0,0,15.1(2.37 %),0,0,0,0,38685283,0.48
02/07/2021,0,0,15(-0.66 %),0,0,0,0,38685283,0.48
05/07/2021,0,0,14.7(-2.00 %),0,0,0,0,38685283,0.48
06/07/2021,0,0,14.05(-4.42 %),0,0,0,0,38685283,0.48
07/07/2021,0,0,13.7(-2.49 %),0,0,0,0,38685283,0.48
08/07/2021,500,0,13.7(0.00 %),500,0,0,0,38684783,0.48
09/07/2021,0,0,13.7(0.00 %),0,0,0,0,38684783,0.48
12/07/2021,0,0,13.2(-3.65 %),0,0,0,0,38684783,0.48
13/07/2021,0,0,13.7(3.79 %),0,0,0,0,38684783,0.48
14/07/2021,0,0,13.3(-2.92 %),0,0,0,0,38684783,0.48
15/07/2021,-1000,-13300000,13.35(0.38 %),0,0,1000,13300000,38685783,0.48
16/07/2021,0,0,13.6(1.87 %),0,0,0,0,38685783,0.48
19/07/2021,0,0,12.65(-6.99 %),0,0,0,0,38685783,0.48
20/07/2021,0,0,12.8(1.19 %),0,0,0,0,38685783,0.48
21/07/2021,0,0,12.6(-1.56 %),0,0,0,0,38685783,0.48
22/07/2021,0,0,13(3.17 %),0,0,0,0,38685783,0.48
23/07/2021,0,0,12.7(-2.31 %),0,0,0,0,38685783,0.48
26/07/2021,-200,-2550000,12.75(0.39 %),0,0,200,2550000,38685983,0.48
27/07/2021,0,0,12.8(0.39 %),0,0,0,0,38685983,0.48
28/07/2021,0,0,12.9(0.78 %),0,0,0,0,38685983,0.48
29/07/2021,0,0,12.6(-2.33 %),0,0,0,0,38685983,0.48
30/07/2021,1200,15830000,12.8(1.59 %),1200,15830000,0,0,38684783,0.48
02/08/2021,0,0,13.1(2.34 %),0,0,0,0,38684710,0.48
03/08/2021,0,0,12.85(-1.91 %),0,0,0,0,38684710,0.48
04/08/2021,-100,-1285000,13(1.17 %),0,0,100,1285000,38684810,0.48
05/08/2021,0,0,13.35(2.69 %),0,0,0,0,38684810,0.48
06/08/2021,13000,176570000,13.75(3.00 %),13000,176570000,0,0,38671810,0.49
09/08/2021,0,0,13.95(1.45 %),0,0,0,0,38671810,0.49
10/08/2021,0,0,13.95(0.00 %),0,0,0,0,38671810,0.49
11/08/2021,0,0,13.8(-1.08 %),0,0,0,0,38671810,0.49
12/08/2021,0,0,13.7(-0.72 %),0,0,0,0,38671810,0.49
13/08/2021,11900,89522400,13.8(0.73 %),11900,89522400,0,0,38659910,0.51
16/08/2021,5000,69000000,14(1.45 %),5000,69000000,0,0,38654910,0.52
17/08/2021,0,0,14.05(0.36 %),0,0,0,0,38654910,0.52
18/08/2021,500,7100000,14.15(0.71 %),500,7100000,0,0,38654410,0.52
19/08/2021,0,0,14.15(0.00 %),0,0,0,0,38654410,0.52
20/08/2021,0,0,13.8(-2.47 %),0,0,0,0,38654410,0.52
23/08/2021,100,1340000,13.8(0.00 %),100,1340000,0,0,38654310,0.52
24/08/2021,0,0,13.5(-2.17 %),0,0,0,0,38654310,0.52
25/08/2021,0,0,13.5(0.00 %),0,0,0,0,38654310,0.52
26/08/2021,0,0,13.7(1.48 %),0,0,0,0,38654310,0.52
27/08/2021,0,0,13.6(-0.73 %),0,0,0,0,38654310,0.52
30/08/2021,0,0,13.95(2.57 %),0,0,0,0,38654310,0.52
31/08/2021,0,0,14(0.36 %),0,0,0,0,38654310,0.52
01/09/2021,0,0,14(0.00 %),0,0,0,0,38654310,0.52
06/09/2021,8300,121130000,14.9(6.43 %),8300,121130000,0,0,38646010,0.53
07/09/2021,0,0,14.8(-0.67 %),0,0,0,0,38646010,0.53
08/09/2021,-200,-2940000,14.7(-0.68 %),0,0,200,2940000,38646210,0.53
09/09/2021,0,0,14.5(-1.36 %),0,0,0,0,38646210,0.53
10/09/2021,0,0,14.45(-0.34 %),0,0,0,0,38646210,0.53
13/09/2021,-1800,-26280000,14.7(1.73 %),0,0,1800,26280000,38648010,0.52
14/09/2021,0,0,14.45(-1.70 %),0,0,0,0,38648010,0.52
15/09/2021,0,0,14.5(0.35 %),0,0,0,0,38648010,0.52
16/09/2021,0,0,14.7(1.38 %),0,0,0,0,38648010,0.52
17/09/2021,-5500,-83450000,15.3(4.08 %),0,0,5500,83450000,38653510,0.52
20/09/2021,5700,90910000,16(4.58 %),9100,145800000,3400,54890000,38647810,0.52
21/09/2021,-3000,-46500000,15.7(-1.88 %),0,0,3000,46500000,38650810,0.52
22/09/2021,-9400,-147640000,16(1.91 %),600,9360000,10000,157000000,38660210,0.51
23/09/2021,1000,17105000,16.9(5.62 %),3100,52355000,2100,35250000,38659210,0.51
24/09/2021,-1500,-24740000,16.3(-3.55 %),500,8260000,2000,33000000,38660710,0.51
27/09/2021,3000,47950000,15.5(-4.91 %),3000,47950000,0,0,38657710,0.51
28/09/2021,10000,150500000,15.3(-1.29 %),10000,150500000,0,0,38647710,0.52
29/09/2021,4500,67050000,15(-1.96 %),4500,67050000,0,0,38643210,0.53
30/09/2021,0,0,15.35(2.33 %),0,0,0,0,38643210,0.53
01/10/2021,-4400,-67510000,15.3(-0.33 %),83619,1196411700,88019,1263921700,38642610,0.53
04/10/2021,-6000,-91140000,15.2(-0.65 %),0,0,6000,91140000,38648610,0.52
05/10/2021,0,0,15.5(1.97 %),0,0,0,0,38648610,0.52
06/10/2021,0,0,15.85(2.26 %),0,0,0,0,38648610,0.0
07/10/2021,0,0,16.25(2.52 %),0,0,0,0,38648610,0.0
08/10/2021,0,0,16.1(-0.92 %),0,0,0,0,38648610,0.0
11/10/2021,0,0,16.45(2.17 %),0,0,0,0,38648610,0.0
12/10/2021,68700,1141100000,16.6(0.91 %),68700,1141100000,0,0,38579910,0.0
13/10/2021,200,3480000,17.4(4.82 %),200,3480000,0,0,38579710,0.0
14/10/2021,16000,296100000,18.55(6.61 %),16000,296100000,0,0,38563710,0.0
15/10/2021,-33300,-608525000,17.95(-3.23 %),0,0,33300,608525000,38597010,0.0
18/10/2021,20300,364405000,17.7(-1.39 %),20500,368035000,200,3630000,38576710,0.0
19/10/2021,-49700,-877720000,18.1(2.26 %),0,0,49700,877720000,38626410,0.0
20/10/2021,-120000,-2167480000,19.35(6.91 %),0,0,120000,2167480000,38746410,0.0
21/10/2021,12100,245830000,20.7(6.98 %),12100,245830000,0,0,38614310,0.0
22/10/2021,-10300,-220250000,21.2(2.42 %),200,4250000,10500,224500000,38624610,0.0
25/10/2021,12900,274065000,22.65(6.84 %),14700,313695000,1800,39630000,38611710,0.0
26/10/2021,-1400,-32375000,22.7(0.22 %),11800,269630000,13200,302005000,38613110,0.0
27/10/2021,23900,551525000,22.75(0.22 %),24200,558545000,300,7020000,38589210,0.0
28/10/2021,47100,1094550000,23.25(2.20 %),61900,1438540000,14800,343990000,38542110,0.66
29/10/2021,58300,1403970000,24.6(5.81 %),73400,1759830000,15100,355860000,38483810,0.73
01/11/2021,-23000,-569720000,24.7(0.41 %),15800,387635000,38800,957355000,38578910,0.61
02/11/2021,-54700,-1330405000,25(1.21 %),600,14890000,55300,1345295000,38633610,0.54
03/11/2021,-54000,-1317935000,23.25(-7.00 %),6800,161900000,60800,1479835000,38687610,0.0
04/11/2021,45400,969784800,22.1(-4.95 %),45500,971969000,100,2184200,38588210,0.0
05/11/2021,64600,1395785000,21.95(-0.23 %),67200,1452630000,2600,56845000,38569010,0.0
08/11/2021,-14100,-314805000,22.5(2.51 %),5400,121940000,19500,436745000,38647710,0.52
09/11/2021,17600,392480000,23(2.22 %),17600,392480000,0,0,38630110,0.55
10/11/2021,0,0,24.15(5.00 %),0,0,0,0,38630110,0.55
11/11/2021,-106700,-2605540000,24.5(1.45 %),2000,48800000,108700,2654340000,38736810,0.41
12/11/2021,93200,2234935000,23.85(-2.65 %),111600,2674760000,18400,439825000,38643610,0.53
15/11/2021,27300,649940000,23.8(-0.21 %),30700,733750000,3400,83810000,38616310,0.56
16/11/2021,56000,1325730000,23.6(-0.84 %),56000,1325730000,0,0,38560310,0.63
17/11/2021,90500,2151010000,23.8(0.85 %),90500,2151010000,0,0,38469810,0.75
18/11/2021,14500,244420000,25.45(6.93 %),156100,3844140000,141600,3599720000,38455310,0.77
19/11/2021,-13600,-336900000,25(-1.77 %),39200,989240000,52800,1326140000,38468910,0.75
22/11/2021,-78500,-1739190000,21.2(-6.73 %),2400,53220000,80900,1792410000,38547410,0.65
23/11/2021,-118100,-2476865000,22.6(6.60 %),2800,56560000,120900,2533425000,38665510,0.5
24/11/2021,-54300,-1212810000,22.3(-1.33 %),0,0,54300,1212810000,38719810,0.43
25/11/2021,-5300,-117660000,23.2(4.04 %),0,0,5300,117660000,38725110,0.43
26/11/2021,-31400,-709165000,22.4(-3.45 %),0,0,31400,709165000,38756510,0.0
29/11/2021,0,0,22.6(0.89 %),0,0,0,0,38756510,0.39
30/11/2021,0,0,24.15(6.86 %),0,0,0,0,38756510,0.39
01/12/2021,0,0,24.9(3.11 %),0,0,0,0,38756510,0.39
02/12/2021,-400,-10160000,24.7(-0.80 %),0,0,400,10160000,38756910,0.39
03/12/2021,0,0,23.3(-5.67 %),0,0,0,0,38756910,0.39
06/12/2021,0,0,21.7(-6.87 %),0,0,0,0,38756910,0.39
07/12/2021,-800,-17380000,22.2(2.30 %),0,0,800,17380000,38757710,0.39
08/12/2021,0,0,22(-0.90 %),0,0,0,0,38757710,0.39
09/12/2021,0,0,22.85(3.86 %),0,0,0,0,38757710,0.0
10/12/2021,0,0,22.95(0.44 %),0,0,0,0,38757710,0.39
13/12/2021,-100,-2335000,23.7(3.27 %),0,0,100,2335000,38757810,0.39
14/12/2021,0,0,22.9(-3.38 %),0,0,0,0,38757810,0.0
15/12/2021,0,0,22.8(-0.44 %),0,0,0,0,38757810,0.0
16/12/2021,-4000,-89800000,23.6(3.51 %),0,0,4000,89800000,38761810,0.0
17/12/2021,0,0,23.6(0.00 %),0,0,0,0,38761810,0.0
20/12/2021,0,0,23.3(-1.27 %),0,0,0,0,38761810,0.0
21/12/2021,0,0,23.8(2.15 %),0,0,0,0,38761810,0.0
22/12/2021,-2000,-48800000,25.45(6.93 %),0,0,2000,48800000,38763810,4.8
23/12/2021,-300,-7560000,25.65(0.59 %),0,0,300,7560000,38764110,0.0
24/12/2021,0,0,26.7(3.89 %),0,0,0,0,38763810,0.0
27/12/2021,0,0,26.8(0.37 %),0,0,0,0,-353640,0.4
28/12/2021,0,0,26.3(-1.87 %),0,0,0,0,0,0.0
29/12/2021,0,0,25.2(-4.18 %),0,0,0,0,0,0.4
30/12/2021,0,0,24.2(-3.97 %),0,0,0,0,0,0.4
31/12/2021,0,0,23.4(-3.31 %),0,0,0,0,-353640,0.4
04/01/2022,-10000,-239525000,25(6.84 %),0,0,10000,239525000,-353680,0.4
05/01/2022,-700,-17690000,25.35(1.40 %),0,0,700,17690000,-353680,0.4
06/01/2022,0,0,24.85(-2.17 %),0,0,0,0,-343680,0.39
07/01/2022,0,0,25(0.40 %),0,0,0,0,-342980,0.39
10/01/2022,-8300,0,25.1(0.40 %),0,0,8300,0,-342900,0.39
11/01/2022,-1200,-29885000,24.7(-1.59 %),0,0,1200,29885000,-342900,0.39
12/01/2022,0,0,23(-6.88 %),0,0,0,0,-334600,0.38
13/01/2022,-9200,-196960000,21.4(-6.96 %),0,0,9200,196960000,-333400,0.38
14/01/2022,-200,-4080000,21(-1.87 %),0,0,200,4080000,-333400,0.38
17/01/2022,-4000,-80200000,19.55(-6.90 %),0,0,4000,80200000,-324196,0.37
18/01/2022,0,0,18.2(-6.91 %),0,0,0,0,-323996,0.37
19/01/2022,-4000,-68440000,17.1(-6.04 %),0,0,4000,68440000,-319996,0.37
20/01/2022,0,0,18.2(6.43 %),0,0,0,0,-319996,0.37
21/01/2022,-300,-5570000,18.7(2.75 %),0,0,300,5570000,-315996,0.36
24/01/2022,0,0,17.4(-6.95 %),0,0,0,0,0,0.36
25/01/2022,0,0,17.4(0.00 %),0,0,0,0,0,0.36
26/01/2022,0,0,16.5(-5.17 %),0,0,0,0,0,0.36
27/01/2022,0,0,15.4(-6.67 %),0,0,0,0,0,0.36
28/01/2022,0,0,15.9(3.25 %),0,0,0,0,-315919,0.36
07/02/2022,0,0,17(6.92 %),0,0,0,0,-315919,0.36
08/02/2022,0,0,16.9(-0.59 %),0,0,0,0,-315919,0.36
09/02/2022,0,0,17.6(4.14 %),0,0,0,0,-315919,0.36
10/02/2022,0,0,17.85(1.42 %),0,0,0,0,0,0.36
11/02/2022,0,0,17.65(-1.40 %),0,0,0,0,-315919,0.36
14/02/2022,0,0,17.15(-3.11 %),0,0,0,0,-315919,0.36
15/02/2022,0,0,17.2(0.00 %),0,0,0,0,-315979,0.36
16/02/2022,0,0,18.2(5.81 %),0,0,0,0,-315979,0.36
17/02/2022,0,0,18.05(-0.82 %),0,0,0,0,-315979,0.36
18/02/2022,-700,-12705000,18.55(2.49 %),0,0,700,12705000,-315979,0.36
21/02/2022,0,0,18.65(0.27 %),0,0,0,0,-315979,0.36
22/02/2022,0,0,18.3(-2.14 %),0,0,0,0,-315279,0.36
23/02/2022,0,0,18.45(0.82 %),0,0,0,0,-315279,0.36
24/02/2022,0,0,17.8(-3.78 %),0,0,0,0,-315279,0.36
25/02/2022,0,0,17.9(0.56 %),0,0,0,0,-315279,0.36
28/02/2022,0,0,17.6(-1.68 %),0,0,0,0,-315279,0.36
01/03/2022,0,0,18.1(2.84 %),0,0,0,0,-315279,0.36
02/03/2022,0,0,17.85(-1.38 %),0,0,0,0,-315279,0.36
03/03/2022,0,0,17.85(-0.28 %),0,0,0,0,-315279,0.36
04/03/2022,0,0,18.25(1.96 %),0,0,0,0,-315279,0.36
07/03/2022,0,0,19.1(4.37 %),0,0,0,0,-315279,0.36
08/03/2022,0,0,18.5(-3.14 %),0,0,0,0,-315279,0.36
09/03/2022,0,0,18.2(-1.62 %),0,0,0,0,-315279,0.36
10/03/2022,-200,-3720000,18.5(1.65 %),0,0,200,3720000,-315279,0.36
11/03/2022,0,0,18.1(-2.16 %),0,0,0,0,-315279,0.36
14/03/2022,0,0,17.4(-3.87 %),0,0,0,0,-315079,0.36
15/03/2022,0,0,18(3.45 %),0,0,0,0,-315079,0.36
16/03/2022,0,0,18(0.00 %),0,0,0,0,-315079,0.36
17/03/2022,0,0,18.2(1.11 %),0,0,0,0,-315079,0.36
18/03/2022,0,0,18.9(3.85 %),0,0,0,0,-315079,0.36
21/03/2022,0,0,19.8(4.76 %),0,0,0,0,-315079,0.36
22/03/2022,0,0,19.8(0.00 %),0,0,0,0,-315079,0.36
23/03/2022,-200,-3890000,19.35(-2.27 %),0,0,200,3890000,-315079,0.36
24/03/2022,0,0,19.6(1.03 %),0,0,0,0,-315109,0.36
25/03/2022,0,0,19.75(0.77 %),0,0,0,0,-314909,0.36
28/03/2022,0,0,19(-4.04 %),0,0,0,0,-314909,0.36
29/03/2022,0,0,19.6(3.16 %),0,0,0,0,0,0.36
30/03/2022,0,0,18.8(-4.08 %),0,0,0,0,0,0.36
31/03/2022,0,0,18.2(-3.19 %),0,0,0,0,0,0.36
01/04/2022,0,0,18.55(1.92 %),0,0,0,0,-314909,0.36
04/04/2022,0,0,18.95(1.88 %),0,0,0,0,-314909,0.36
05/04/2022,0,0,18.5(-2.63 %),0,0,0,0,-314909,0.36
06/04/2022,0,0,18.55(0.27 %),0,0,0,0,-314909,0.36
07/04/2022,0,0,18.15(-2.42 %),0,0,0,0,0,0.0
08/04/2022,0,0,18(-1.10 %),0,0,0,0,-314919,0.36
12/04/2022,-500,-8910000,17.1(-5.00 %),0,0,500,8910000,0,0.0
13/04/2022,0,0,17.6(2.92 %),0,0,0,0,-314919,0.36
14/04/2022,0,0,17.6(0.00 %),0,0,0,0,-314419,0.36
15/04/2022,0,0,17.5(-0.57 %),0,0,0,0,0,0.36
18/04/2022,-400,-6920000,16.3(-6.86 %),0,0,400,6920000,-314399,0.36
19/04/2022,-200,-3260000,16.2(-0.61 %),0,0,200,3260000,0,0.36
20/04/2022,0,0,16.15(-0.31 %),0,0,0,0,0,0.0
21/04/2022,0,0,15.3(-5.56 %),0,0,0,0,0,0.36
22/04/2022,-500,-7585000,15.3(0.00 %),0,0,500,7585000,0,0.36
25/04/2022,-300,-4445000,14.25(-6.86 %),0,0,300,4445000,0,0.36
26/04/2022,0,0,14.45(1.05 %),0,0,0,0,0,0.36
27/04/2022,0,0,14.6(0.69 %),0,0,0,0,0,0.36
28/04/2022,0,0,14.5(-0.68 %),0,0,0,0,-312999,0.36
29/04/2022,0,0,14.45(-0.34 %),0,0,0,0,-312999,0.36
04/05/2022,0,0,13.8(-4.83 %),0,0,0,0,-312999,0.36
05/05/2022,0,0,13.8(0.00 %),0,0,0,0,0,0.0
06/05/2022,0,0,13.15(-4.71 %),0,0,0,0,-312999,0.36
09/05/2022,0,0,12.25(-7.20 %),0,0,0,0,-312999,0.36
10/05/2022,-100,-1240000,12.4(0.81 %),0,0,100,1240000,-312999,0.36
11/05/2022,0,0,12.65(2.02 %),0,0,0,0,0,0.0
12/05/2022,0,0,11.8(-6.72 %),0,0,0,0,0,0.0
13/05/2022,0,0,11(-6.78 %),0,0,0,0,-312899,0.36
16/05/2022,0,0,11.3(2.73 %),0,0,0,0,-312899,0.36
17/05/2022,0,0,12(6.19 %),0,0,0,0,0,0.36
18/05/2022,0,0,12.15(1.25 %),0,0,0,0,0,0.36
19/05/2022,0,0,11.7(-4.10 %),0,0,0,0,0,0.36
20/05/2022,0,0,11.7(0.00 %),0,0,0,0,0,0.36
23/05/2022,0,0,11.9(1.71 %),0,0,0,0,-312899,0.36
24/05/2022,0,0,12(0.84 %),0,0,0,0,-312899,0.36
25/05/2022,0,0,12.4(3.33 %),0,0,0,0,-312899,0.36
26/05/2022,0,0,12.3(-0.81 %),0,0,0,0,-312899,0.36
27/05/2022,0,0,12.35(0.41 %),0,0,0,0,-312899,0.36
30/05/2022,0,0,12.5(0.81 %),0,0,0,0,-312899,0.36
31/05/2022,-800,-10000000,12.5(0.00 %),0,0,800,10000000,-312899,0.36
01/06/2022,0,-10000000,12.4(-0.80 %),0,0,0,10000000,0,0.36
02/06/2022,0,-10000000,12.25(-1.21 %),0,0,0,10000000,0,0.36
03/06/2022,0,-10000000,11.9(-3.25 %),0,0,0,10000000,-312099,0.36
06/06/2022,0,0,11.7(-1.68 %),0,0,0,0,-312099,0.36
07/06/2022,0,-10000000,11.4(-2.56 %),0,0,0,10000000,-312099,0.36
08/06/2022,0,-10000000,11.8(3.51 %),0,0,0,10000000,-312099,0.36
09/06/2022,0,-10000000,12.25(3.81 %),0,0,0,10000000,-312099,0.36
10/06/2022,0,-10000000,11.9(-3.25 %),0,0,0,10000000,-312099,0.36
13/06/2022,0,-10000000,11.3(-5.04 %),0,0,0,10000000,-312099,0.36
14/06/2022,0,-10000000,11.2(-0.88 %),0,0,0,10000000,-312099,0.36
15/06/2022,0,-10000000,10.45(-6.70 %),0,0,0,10000000,-312099,0.36
16/06/2022,0,-10000000,9.85(-6.19 %),0,0,0,10000000,-312099,0.36
17/06/2022,0,-10000000,9.17(-7.37 %),0,0,0,10000000,-312099,0.36
20/06/2022,0,0,9(-2.17 %),0,0,0,0,-312099,0.36
21/06/2022,0,-10000000,9(0.00 %),0,0,0,10000000,-312099,0.36
22/06/2022,0,-10000000,9.22(2.44 %),0,0,0,10000000,-312099,0.36
23/06/2022,0,-10000000,9.35(1.63 %),0,0,0,10000000,0,0.36
24/06/2022,0,-10000000,9.7(3.19 %),0,0,0,10000000,-312099,0.36
27/06/2022,0,-10000000,9.95(2.58 %),0,0,0,10000000,-312099,0.36
28/06/2022,0,-10000000,9.85(-1.50 %),0,0,0,10000000,0,0.36
29/06/2022,0,0,9.7(-2.02 %),0,0,0,0,0,0.36
30/06/2022,0,-10000000,9.75(0.52 %),0,0,0,10000000,0,0.36
01/07/2022,0,-10000000,9.6(-2.04 %),0,0,0,10000000,0,0.36
04/07/2022,0,-10000000,9.4(-2.08 %),0,0,0,10000000,0,49.25
05/07/2022,0,-10000000,9.4(0.00 %),0,0,0,10000000,0,0.36
06/07/2022,0,-10000000,9.4(0.00 %),0,0,0,10000000,-312099,0.36
07/07/2022,0,-10000000,9.35(-0.53 %),0,0,0,10000000,-312099,0.36
08/07/2022,0,-10000000,9.59(2.02 %),0,0,0,10000000,0,49.25
11/07/2022,0,-10000000,9.5(-1.04 %),0,0,0,10000000,-312099,0.36
12/07/2022,-400,-3880000,9.7(2.11 %),0,0,400,3880000,-312099,0.36
13/07/2022,0,-3880000,10.3(6.19 %),0,0,0,3880000,-312099,0.36
14/07/2022,0,-3880000,10.25(-0.49 %),0,0,0,3880000,-311699,0.36
15/07/2022,0,-3880000,10.3(0.00 %),0,0,0,3880000,-311699,0.36
18/07/2022,0,-3880000,10.5(1.94 %),0,0,0,3880000,-311699,0.36
19/07/2022,0,-3880000,10.5(0.00 %),0,0,0,3880000,-311699,0.36
20/07/2022,0,-3880000,10.7(1.90 %),0,0,0,3880000,-311699,0.36
21/07/2022,0,-3880000,10.55(-1.40 %),0,0,0,3880000,-311699,0.36
22/07/2022,0,-3880000,10.55(-0.47 %),0,0,0,3880000,-311699,0.36
25/07/2022,0,-3880000,10.3(-2.83 %),0,0,0,3880000,-311699,0.36
26/07/2022,0,-3880000,10(-2.91 %),0,0,0,3880000,-311699,0.36
27/07/2022,0,-3880000,10.15(1.50 %),0,0,0,3880000,-311699,0.36
28/07/2022,0,-3880000,10.4(1.96 %),0,0,0,3880000,-311699,0.36
29/07/2022,0,-3880000,11.1(6.73 %),0,0,0,3880000,-311699,0.36
01/08/2022,0,-3880000,11.85(6.76 %),0,0,0,3880000,0,0.36
02/08/2022,0,-3880000,12.65(6.30 %),0,0,0,3880000,-311699,0.36
03/08/2022,0,-3880000,12.9(1.57 %),0,0,0,3880000,-311699,0.36
04/08/2022,0,-3880000,13.1(1.55 %),0,0,0,3880000,-311699,0.36
05/08/2022,0,-3880000,14(6.87 %),0,0,0,3880000,-311699,0.36
08/08/2022,0,-3880000,14.9(6.43 %),0,0,0,3880000,-311699,0.36
09/08/2022,0,-3880000,14.45(-3.02 %),0,0,0,3880000,-311699,0.36
10/08/2022,0,-3880000,15.1(4.14 %),0,0,0,3880000,-311699,0.36
11/08/2022,0,-3880000,14.7(-2.65 %),0,0,0,3880000,-311699,0.36
12/08/2022,0,-3880000,14.9(1.36 %),0,0,0,3880000,-311699,0.36
15/08/2022,0,-3880000,14.9(0.00 %),0,0,0,3880000,0,0.36
16/08/2022,0,-3880000,14.9(0.00 %),0,0,0,3880000,0,0.36
17/08/2022,0,-3880000,15.65(5.03 %),0,0,0,3880000,-311699,0.36
18/08/2022,0,-3880000,16.15(2.87 %),0,0,0,3880000,-311699,0.36
19/08/2022,0,-3880000,15.85(-2.16 %),0,0,0,3880000,-311699,0.36
22/08/2022,0,-3880000,14.75(-7.23 %),0,0,0,3880000,-311699,0.36
23/08/2022,0,-3880000,15(1.35 %),0,0,0,3880000,-311699,0.36
24/08/2022,0,-3880000,15.1(0.67 %),0,0,0,3880000,-311699,0.36
25/08/2022,0,-3880000,15.15(0.33 %),0,0,0,3880000,0,0.36
26/08/2022,0,-3880000,15(-1.32 %),0,0,0,3880000,-311699,0.36
29/08/2022,0,-3880000,14.7(-2.00 %),0,0,0,3880000,-311699,0.36
30/08/2022,0,-3880000,14.3(-2.72 %),0,0,0,3880000,-311699,0.36
31/08/2022,0,-3880000,14.15(-1.05 %),0,0,0,3880000,-311699,0.36
05/09/2022,0,-3880000,14.3(0.70 %),0,0,0,3880000,-311699,0.36
06/09/2022,0,-3880000,14.55(1.75 %),0,0,0,3880000,-311699,0.36
07/09/2022,0,-3880000,13.75(-5.82 %),0,0,0,3880000,-311699,0.36
08/09/2022,0,-3880000,13.35(-3.26 %),0,0,0,3880000,-311699,0.36
09/09/2022,0,-3880000,13.65(1.87 %),0,0,0,3880000,-311699,0.36
12/09/2022,0,-3880000,13.4(-2.19 %),0,0,0,3880000,-311699,0.36
13/09/2022,0,-3880000,13.4(0.00 %),0,0,0,3880000,-311699,0.36
14/09/2022,0,-3880000,13.5(0.75 %),0,0,0,3880000,-311699,0.36
15/09/2022,-530,-3880000,14.4(6.67 %),0,0,530,3880000,0,0.36
16/09/2022,-50,-742500,14.85(3.12 %),0,0,50,742500,-311699,0.36
19/09/2022,0,-742500,14.7(-1.34 %),0,0,0,742500,0,49.25
20/09/2022,0,-742500,14.65(-0.34 %),0,0,0,742500,-311119,0.35
21/09/2022,0,-742500,15.65(6.46 %),0,0,0,742500,-311119,0.35
22/09/2022,-12,-195600,16.3(3.82 %),0,0,12,195600,-311119,0.35
23/09/2022,-11000,-172700000,15.7(-3.68 %),0,0,11000,172700000,-311119,0.35
26/09/2022,0,-172700000,14.65(-6.69 %),0,0,0,172700000,-311107,0.35
27/09/2022,0,-172700000,13.65(-7.14 %),0,0,0,172700000,-300107,0.34
28/09/2022,0,-172700000,12.8(-6.57 %),0,0,0,172700000,-300107,0.34
29/09/2022,-330,-4356000,13.2(3.12 %),0,0,330,4356000,-300107,0.34
30/09/2022,0,-4356000,11.85(-1.25 %),0,0,0,4356000,-300107,0.34
03/10/2022,0,-4356000,11.05(-7.14 %),0,0,0,4356000,-299777,0.34
04/10/2022,0,-4356000,10.5(-5.41 %),0,0,0,4356000,-299777,0.34
05/10/2022,0,-4356000,11.2(6.67 %),0,0,0,4356000,-299777,0.34
06/10/2022,0,-4356000,11.5(2.68 %),0,0,0,4356000,-299777,0.34
07/10/2022,-1000,-11450000,11.45(-0.43 %),0,0,1000,11450000,-299777,0.34
10/10/2022,0,-11450000,12.25(6.52 %),0,0,0,11450000,-299777,0.34
11/10/2022,0,-11450000,11.4(-7.32 %),0,0,0,11450000,-298777,0.34
12/10/2022,-100,-1150000,11.5(0.88 %),0,0,100,1150000,-298777,0.34
13/10/2022,0,-1150000,11.3(-1.74 %),0,0,0,1150000,-298777,0.34
14/10/2022,0,-1150000,11.45(1.33 %),0,0,0,1150000,-298677,0.34
17/10/2022,0,-1150000,11.3(-1.74 %),0,0,0,1150000,-298677,0.34
18/10/2022,0,-1150000,11.5(1.77 %),0,0,0,1150000,-298677,0.34
19/10/2022,0,0,11.7(1.74 %),0,0,0,0,0,44.77
20/10/2022,0,0,11.55(-1.28 %),0,0,0,0,0,44.77
21/10/2022,0,0,10.75(-7.33 %),0,0,0,0,0,44.77
24/10/2022,0,0,10(-7.41 %),0,0,0,0,0,44.77
25/10/2022,0,0,9.3(-7.00 %),0,0,0,0,0,44.77
26/10/2022,0,0,8.8(-5.38 %),0,0,0,0,0,44.77
27/10/2022,0,0,9.35(6.25 %),0,0,0,0,-298677,0.34
28/10/2022,0,-1150000,9.4(0.00 %),0,0,0,1150000,-298677,0.34
31/10/2022,0,-1150000,8.9(-5.32 %),0,0,0,1150000,-298677,0.34
01/11/2022,0,-1150000,8.9(0.00 %),0,0,0,1150000,-298677,0.34
02/11/2022,0,-1150000,8.97(0.79 %),0,0,0,1150000,-298677,0.34
03/11/2022,0,-1150000,8.77(-2.56 %),0,0,0,1150000,-328638,0.34
04/11/2022,0,-1150000,8.16(-7.27 %),0,0,0,1150000,-328638,0.34
07/11/2022,0,-1150000,7.59(-7.44 %),0,0,0,1150000,-328638,0.34
08/11/2022,0,-1150000,7.06(-7.11 %),0,0,0,1150000,-328638,0.34
09/11/2022,0,-1150000,7.38(3.94 %),0,0,0,1150000,-328638,0.34
10/11/2022,0,-1150000,6.87(-7.16 %),0,0,0,1150000,-328638,0.34
11/11/2022,0,-1150000,6.39(-7.39 %),0,0,0,1150000,-328638,0.34
14/11/2022,0,-1150000,5.95(-7.03 %),0,0,0,1150000,-328638,0.34
15/11/2022,0,-1150000,5.54(-7.67 %),0,0,0,1150000,-328638,0.34
16/11/2022,0,-1150000,5.92(7.64 %),0,0,0,1150000,-328638,0.34
17/11/2022,0,-1150000,6.33(7.29 %),0,0,0,1150000,-328638,0.34
18/11/2022,0,-1150000,6.77(7.46 %),0,0,0,1150000,-328638,0.34
21/11/2022,0,-1150000,7.24(6.47 %),0,0,0,1150000,-328638,0.34
22/11/2022,0,-1150000,7.4(2.78 %),0,0,0,1150000,-328638,0.34
23/11/2022,0,-1150000,7(-5.41 %),0,0,0,1150000,-328638,0.34
24/11/2022,-3,-22410,7.47(6.71 %),0,0,3,22410,-328638,0.34
25/11/2022,-88,-703120,7.99(6.53 %),0,0,88,703120,-328638,0.34
28/11/2022,-602,-4996600,8.3(3.75 %),0,0,602,4996600,0,0.0
29/11/2022,-90,-755100,8.39(1.08 %),0,0,90,755100,0,49.22
30/11/2022,0,-755100,8.5(1.19 %),0,0,0,755100,0,49.22
01/12/2022,0,-755100,8.6(1.18 %),0,0,0,755100,0,49.22
02/12/2022,0,-755100,8.9(3.49 %),0,0,0,755100,0,49.22
05/12/2022,-12,-104400,8.7(-2.25 %),0,0,12,104400,0,49.22
06/12/2022,-1821,-15296400,8.4(-3.45 %),0,0,1821,15296400,0,49.22
07/12/2022,-95,-763800,8.04(-4.29 %),0,0,95,763800,0,0.0
08/12/2022,0,-763800,8.18(2.25 %),0,0,0,763800,-326022,0.34
09/12/2022,0,-763800,8.2(0.00 %),0,0,0,763800,-325927,0.34
12/12/2022,0,-763800,8(-2.44 %),0,0,0,763800,0,0.0
13/12/2022,0,-763800,8.06(0.75 %),0,0,0,763800,0,49.22
14/12/2022,0,-763800,8.29(2.35 %),0,0,0,763800,0,49.22
15/12/2022,0,-763800,8.29(-0.12 %),0,0,0,763800,0,49.22
16/12/2022,0,-763800,8.3(0.00 %),0,0,0,763800,0,49.22
19/12/2022,0,-763800,8.23(-0.84 %),0,0,0,763800,0,49.22
20/12/2022,0,-763800,7.66(-6.59 %),0,0,0,763800,0,49.22
21/12/2022,0,-763800,7.2(-6.49 %),0,0,0,763800,0,49.22
22/12/2022,0,-763800,7.14(-0.83 %),0,0,0,763800,0,49.22
23/12/2022,0,-763800,7.05(-0.70 %),0,0,0,763800,0,49.22
26/12/2022,0,-763800,6.56(-7.61 %),0,0,0,763800,0,0.0
27/12/2022,0,-763800,7(6.06 %),0,0,0,763800,0,49.22
28/12/2022,0,-763800,7.19(2.71 %),0,0,0,763800,0,49.22
29/12/2022,0,-763800,7.01(-2.64 %),0,0,0,763800,-325927,0.34
30/12/2022,0,-763800,6.92(-1.14 %),0,0,0,763800,-325927,0.34
03/01/2023,0,-763800,7.4(7.25 %),0,0,0,763800,0,49.22
04/01/2023,0,-763800,7.42(0.27 %),0,0,0,763800,-325927,0.34
05/01/2023,0,-763800,7.4(0.00 %),0,0,0,763800,-325927,0.34
06/01/2023,0,-763800,7.3(-1.35 %),0,0,0,763800,-325927,0.34
09/01/2023,0,-763800,7.33(0.41 %),0,0,0,763800,-325927,0.34
10/01/2023,0,-763800,7.38(1.10 %),0,0,0,763800,-325927,0.34
11/01/2023,0,-763800,7.5(1.35 %),0,0,0,763800,-325927,0.34
12/01/2023,0,-763800,7.41(-1.20 %),0,0,0,763800,-325927,0.34
13/01/2023,0,-763800,7.36(-0.54 %),0,0,0,763800,-325927,0.34
16/01/2023,0,-763800,7.45(0.68 %),0,0,0,763800,-325927,0.34
17/01/2023,-79,-616200,7.8(4.00 %),0,0,79,616200,-325927,0.34
18/01/2023,0,-616200,8.1(3.85 %),0,0,0,616200,-325927,0.34
19/01/2023,0,-616200,8.18(0.99 %),0,0,0,616200,-325848,0.34
27/01/2023,0,-616200,8(-2.44 %),0,0,0,616200,-325848,0.34
30/01/2023,0,-616200,8.3(3.75 %),0,0,0,616200,-325848,0.34
31/01/2023,0,-616200,8.3(0.00 %),0,0,0,616200,-325848,0.34
01/02/2023,0,-616200,7.9(-4.82 %),0,0,0,616200,0,0.34
02/02/2023,0,-616200,7.72(-2.28 %),0,0,0,616200,0,0.34
03/02/2023,0,-616200,7.75(0.65 %),0,0,0,616200,-325848,0.34
06/02/2023,0,-616200,7.8(0.00 %),0,0,0,616200,-325848,0.34
07/02/2023,0,-616200,7.59(-2.69 %),0,0,0,616200,-325848,0.34
08/02/2023,0,-616200,7.65(0.66 %),0,0,0,616200,-325848,0.34
09/02/2023,0,-616200,7.66(-0.52 %),0,0,0,616200,-325848,0.34
10/02/2023,0,-616200,7.56(-1.82 %),0,0,0,616200,-325848,0.34
13/02/2023,0,-616200,7.56(-0.53 %),0,0,0,616200,-325848,0.34
14/02/2023,0,-616200,7.54(-0.79 %),0,0,0,616200,-325848,0.34
15/02/2023,0,-616200,7.75(3.33 %),0,0,0,616200,-325848,0.34
16/02/2023,0,-616200,7.8(0.00 %),0,0,0,616200,-325848,0.34
17/02/2023,0,-616200,7.79(-0.13 %),0,0,0,616200,-325848,0.34
20/02/2023,0,-616200,8.33(6.79 %),0,0,0,616200,-325848,0.34
21/02/2023,0,-616200,8.45(1.81 %),0,0,0,616200,-325848,0.34
22/02/2023,0,-616200,8.1(-4.71 %),0,0,0,616200,-325848,0.34
23/02/2023,0,-616200,7.96(-1.73 %),0,0,0,616200,-325848,0.34
24/02/2023,0,-616200,7.79(-2.62 %),0,0,0,616200,0,49.22
27/02/2023,0,-616200,7.52(-3.59 %),0,0,0,616200,0,0.34
28/02/2023,0,-616200,7.69(2.53 %),0,0,0,616200,-325848,0.34
01/03/2023,0,-616200,7.71(0.13 %),0,0,0,616200,0,0.34
02/03/2023,0,-616200,7.6(-1.30 %),0,0,0,616200,-325848,0.34
03/03/2023,0,-616200,7.51(-1.18 %),0,0,0,616200,-325848,0.34
06/03/2023,0,-616200,7.68(2.40 %),0,0,0,616200,-325848,0.34
07/03/2023,0,-616200,7.7(0.00 %),0,0,0,616200,-325848,0.34
08/03/2023,0,-616200,7.7(0.00 %),0,0,0,616200,0,0.34
09/03/2023,0,-616200,7.75(0.65 %),0,0,0,616200,0,0.34
10/03/2023,0,-616200,7.67(-1.67 %),0,0,0,616200,-325848,0.34
13/03/2023,0,-616200,7.64(-0.78 %),0,0,0,616200,0,49.22
14/03/2023,0,-616200,7.49(-1.45 %),0,0,0,616200,-325848,0.34
15/03/2023,0,-616200,7.81(4.13 %),0,0,0,616200,-325848,0.34
16/03/2023,0,-616200,7.68(-1.54 %),0,0,0,616200,-325848,0.34
17/03/2023,0,-616200,7.68(-0.26 %),0,0,0,616200,-325848,0.34
20/03/2023,0,-616200,7.53(-2.21 %),0,0,0,616200,-325848,0.34
21/03/2023,0,-616200,7.59(1.20 %),0,0,0,616200,0,0.34
22/03/2023,0,0,7.54(-0.79 %),0,0,0,0,0,0.0
23/03/2023,0,0,7.54(0.53 %),0,0,0,0,0,0.0
24/03/2023,0,0,7.68(2.40 %),0,0,0,0,0,0.0
27/03/2023,0,0,7.75(0.65 %),0,0,0,0,0,49.22
28/03/2023,0,0,7.79(-0.13 %),0,0,0,0,0,49.22
29/03/2023,0,0,7.73(-0.90 %),0,0,0,0,-325848,0.34
30/03/2023,0,0,8.27(7.40 %),0,0,0,0,-325848,0.34
31/03/2023,0,0,8.38(0.96 %),0,0,0,0,-325848,0.34
03/04/2023,0,0,8.64(2.86 %),0,0,0,0,-325848,0.34
04/04/2023,0,0,8.77(1.98 %),0,0,0,0,-325848,0.34
05/04/2023,0,0,8.81(0.11 %),0,0,0,0,-325848,0.34
06/04/2023,0,0,8.86(0.68 %),0,0,0,0,-325848,0.34
07/04/2023,0,0,8.78(-1.35 %),0,0,0,0,-325848,0.34
10/04/2023,0,0,8.58(-2.50 %),0,0,0,0,-325848,0.34
11/04/2023,0,0,8.63(0.35 %),0,0,0,0,-325848,0.34
12/04/2023,0,0,8.81(2.44 %),0,0,0,0,-325848,0.34
13/04/2023,0,0,8.59(-2.39 %),0,0,0,0,-325848,0.34
14/04/2023,0,0,8.25(-4.07 %),0,0,0,0,-325848,0.34
17/04/2023,-12705,-101767050,8.01(-3.49 %),0,0,12705,101767050,-325848,0.34
18/04/2023,0,-101767050,8.24(3.00 %),0,0,0,101767050,-325848,0.34
19/04/2023,-1800,-14580000,8.1(-1.22 %),0,0,1800,14580000,-313143,0.32
20/04/2023,0,0,8.09(-0.12 %),0,0,0,0,0,49.22
21/04/2023,0,-14580000,8.02(-0.99 %),0,0,0,14580000,-311343,0.32
24/04/2023,0,-14580000,8.06(0.75 %),0,0,0,14580000,-311343,0.32
25/04/2023,0,-14580000,8.18(0.99 %),0,0,0,14580000,-311343,0.32
26/04/2023,0,-14580000,8.2(0.00 %),0,0,0,14580000,-311343,0.32
27/04/2023,0,0,8.77(6.95 %),0,0,0,0,0,49.22
28/04/2023,0,0,9.12(3.99 %),0,0,0,0,0,49.22
04/05/2023,0,0,9.11(-0.11 %),0,0,0,0,0,49.22
05/05/2023,0,0,9.74(6.92 %),0,0,0,0,-311343,0.32
08/05/2023,0,0,10.2(4.72 %),0,0,0,0,-311343,0.32
09/05/2023,0,0,10.2(0.00 %),0,0,0,0,-311343,0.32
10/05/2023,0,0,10.9(6.86 %),0,0,0,0,0,49.22
11/05/2023,0,0,11(0.92 %),0,0,0,0,-311343,0.32
12/05/2023,0,0,10.85(-1.36 %),0,0,0,0,-311343,0.32
15/05/2023,0,0,10.7(-1.38 %),0,0,0,0,0,49.22
16/05/2023,0,0,10.95(2.34 %),0,0,0,0,0,49.22
17/05/2023,0,0,10.6(-3.20 %),0,0,0,0,0,49.22
18/05/2023,0,0,10.55(-0.47 %),0,0,0,0,0,49.22
19/05/2023,0,0,10.5(-0.47 %),0,0,0,0,0,49.22
22/05/2023,0,0,11.2(6.67 %),0,0,0,0,0,49.22
23/05/2023,0,0,11.85(5.80 %),0,0,0,0,0,49.22
24/05/2023,0,0,12.3(3.80 %),0,0,0,0,0,49.22
25/05/2023,0,0,12.45(1.22 %),0,0,0,0,0,49.22
26/05/2023,0,0,12.3(-1.20 %),0,0,0,0,0,49.22
29/05/2023,0,0,13.15(6.91 %),0,0,0,0,0,49.22
30/05/2023,0,0,13.2(0.38 %),0,0,0,0,0,49.22
31/05/2023,0,0,13.25(0.38 %),0,0,0,0,0,49.22
01/06/2023,0,0,12.85(-3.02 %),0,0,0,0,0,49.22
02/06/2023,0,0,12.9(0.39 %),0,0,0,0,0,49.22
05/06/2023,0,0,12.8(-0.78 %),0,0,0,0,0,49.22
06/06/2023,0,0,12.95(1.17 %),0,0,0,0,0,49.22
07/06/2023,0,0,13.3(2.70 %),0,0,0,0,0,49.22
08/06/2023,0,0,12.85(-3.38 %),0,0,0,0,0,49.22
09/06/2023,0,0,13(1.17 %),0,0,0,0,0,49.22
12/06/2023,0,0,13.9(6.92 %),0,0,0,0,0,49.22
13/06/2023,-5500,-76450000,13.9(0.00 %),0,0,5500,76450000,0,49.22
14/06/2023,0,0,13.1(-5.76 %),0,0,0,0,0,49.22
15/06/2023,0,0,12.5(-4.58 %),0,0,0,0,0,49.22
16/06/2023,0,0,12.3(-1.60 %),0,0,0,0,-305753,0.32
19/06/2023,0,0,12.1(-1.63 %),0,0,0,0,-305753,0.32
20/06/2023,0,0,12.9(6.61 %),0,0,0,0,0,49.22
21/06/2023,0,0,12.9(0.00 %),0,0,0,0,-305753,0.32
22/06/2023,0,0,12.95(0.39 %),0,0,0,0,0,49.22
23/06/2023,0,0,13(0.00 %),0,0,0,0,0,49.22
26/06/2023,0,0,12.6(-3.08 %),0,0,0,0,-305753,0.32
27/06/2023,0,0,12.5(-0.79 %),0,0,0,0,0,49.22
28/06/2023,0,0,12.55(0.40 %),0,0,0,0,0,49.22
29/06/2023,0,0,12.2(-3.17 %),0,0,0,0,0,49.22
30/06/2023,0,0,12(-1.64 %),0,0,0,0,0,49.22
03/07/2023,0,0,12.2(1.67 %),0,0,0,0,0,49.22
04/07/2023,0,0,12.8(4.92 %),0,0,0,0,0,49.22
05/07/2023,0,0,12.55(-1.95 %),0,0,0,0,0,49.22
06/07/2023,0,0,12.6(0.00 %),0,0,0,0,-305753,0.32
07/07/2023,0,0,12.75(1.19 %),0,0,0,0,-305753,0.32
10/07/2023,0,0,13.2(3.12 %),0,0,0,0,0,49.22
11/07/2023,0,0,13.1(-0.76 %),0,0,0,0,0,49.22
12/07/2023,0,0,12.9(-1.53 %),0,0,0,0,0,49.22
13/07/2023,0,0,13.25(2.71 %),0,0,0,0,0,49.22
14/07/2023,0,0,13.3(0.00 %),0,0,0,0,-305753,0.32
17/07/2023,0,0,13.5(1.50 %),0,0,0,0,0,49.22
18/07/2023,0,0,13.35(-1.11 %),0,0,0,0,0,49.22
19/07/2023,0,0,12.9(-3.73 %),0,0,0,0,-305753,0.32
20/07/2023,0,0,12.95(0.39 %),0,0,0,0,0,49.22
21/07/2023,-1000,-13000000,13.25(1.92 %),0,0,1000,13000000,0,49.22
24/07/2023,0,0,13.5(1.50 %),0,0,0,0,-305753,0.32
25/07/2023,0,0,13.8(2.22 %),0,0,0,0,-304721,0.32
26/07/2023,0,0,13.5(-2.17 %),0,0,0,0,0,49.22
27/07/2023,0,0,14.4(6.67 %),0,0,0,0,0,49.22
28/07/2023,0,0,14.45(0.35 %),0,0,0,0,0,49.22
31/07/2023,0,0,14.55(0.34 %),0,0,0,0,0,49.22
01/08/2023,0,0,13.9(-4.79 %),0,0,0,0,0,49.22
02/08/2023,0,0,14.1(1.44 %),0,0,0,0,0,49.22
03/08/2023,0,0,13.8(-2.13 %),0,0,0,0,0,49.22
04/08/2023,0,0,14.05(1.81 %),0,0,0,0,0,0.32
07/08/2023,0,0,13.95(-0.71 %),0,0,0,0,0,49.22
08/08/2023,0,0,13.65(-2.15 %),0,0,0,0,0,49.22
09/08/2023,0,0,13.75(0.73 %),0,0,0,0,0,49.22
10/08/2023,0,0,13.5(-1.82 %),0,0,0,0,0,49.22
11/08/2023,0,0,13.4(-0.74 %),0,0,0,0,0,49.22
14/08/2023,0,0,13.4(0.00 %),0,0,0,0,0,0.32
15/08/2023,0,0,13.6(1.49 %),0,0,0,0,-304721,0.32
16/08/2023,0,0,13.7(0.74 %),0,0,0,0,-304721,0.32
17/08/2023,0,0,13.2(-3.65 %),0,0,0,0,0,49.22
18/08/2023,0,0,12.3(-6.82 %),0,0,0,0,-304721,0.32
21/08/2023,0,0,11.45(-6.91 %),0,0,0,0,-304721,0.32
22/08/2023,0,0,11.5(0.00 %),0,0,0,0,-304721,0.32
23/08/2023,0,0,11.15(-3.04 %),0,0,0,0,-304721,0.32
24/08/2023,0,0,11.9(6.73 %),0,0,0,0,0,49.22
25/08/2023,0,0,12.15(2.10 %),0,0,0,0,-304721,0.32
28/08/2023,0,0,12.15(0.00 %),0,0,0,0,0,49.22
29/08/2023,0,0,12.2(0.41 %),0,0,0,0,-304721,0.32
30/08/2023,0,0,12.2(0.00 %),0,0,0,0,0,49.22
31/08/2023,0,0,12.35(1.23 %),0,0,0,0,-304721,0.32
05/09/2023,0,0,12.5(1.21 %),0,0,0,0,-304721,0.32
06/09/2023,0,0,12.75(2.00 %),0,0,0,0,0,49.22
07/09/2023,0,0,12.95(1.57 %),0,0,0,0,-304721,0.32
08/09/2023,0,0,12.9(-0.39 %),0,0,0,0,-304721,0.32
11/09/2023,0,0,12.2(-5.43 %),0,0,0,0,-304721,0.32
12/09/2023,0,0,12.6(3.28 %),0,0,0,0,-304721,0.32
13/09/2023,0,0,12.4(-1.59 %),0,0,0,0,-304721,0.32
14/09/2023,0,0,11.9(-4.03 %),0,0,0,0,-304721,0.32
15/09/2023,0,0,11.5(-3.36 %),0,0,0,0,-304721,0.32
18/09/2023,0,0,11.85(3.04 %),0,0,0,0,0,49.22
19/09/2023,0,0,11.85(0.00 %),0,0,0,0,0,49.22
20/09/2023,0,0,12.15(2.53 %),0,0,0,0,0,49.22
21/09/2023,0,0,12(-1.23 %),0,0,0,0,0,49.22
22/09/2023,0,0,11.55(-3.75 %),0,0,0,0,-304721,0.32
25/09/2023,0,0,10.75(-6.93 %),0,0,0,0,-304721,0.32
26/09/2023,0,0,10.65(-0.93 %),0,0,0,0,-304721,0.32
27/09/2023,0,0,10.95(2.82 %),0,0,0,0,0,49.22
28/09/2023,0,0,10.6(-3.20 %),0,0,0,0,0,49.22
29/09/2023,0,0,10.75(1.42 %),0,0,0,0,-304721,0.32
02/10/2023,0,0,10.8(0.47 %),0,0,0,0,-304721,0.32
03/10/2023,0,0,10.05(-6.94 %),0,0,0,0,-304721,0.32
04/10/2023,0,0,10.15(1.00 %),0,0,0,0,0,49.22
05/10/2023,0,0,10.15(0.00 %),0,0,0,0,-304721,0.32
06/10/2023,0,0,10.3(1.48 %),0,0,0,0,0,49.22
09/10/2023,0,0,10.35(0.49 %),0,0,0,0,0,49.22
10/10/2023,0,0,10.7(3.38 %),0,0,0,0,-304721,0.32
11/10/2023,0,0,10.65(-0.47 %),0,0,0,0,-304721,0.32
12/10/2023,0,0,10.65(0.00 %),0,0,0,0,-304721,0.32
13/10/2023,0,0,10.65(0.00 %),0,0,0,0,-304721,0.32
16/10/2023,0,0,10.45(-1.88 %),0,0,0,0,-304721,0.32
17/10/2023,0,0,10.15(-2.87 %),0,0,0,0,-304721,0.32
18/10/2023,0,0,9.45(-6.90 %),0,0,0,0,-304721,0.32
19/10/2023,0,0,9.43(-0.21 %),0,0,0,0,-304721,0.32
20/10/2023,0,0,9.65(2.33 %),0,0,0,0,-304721,0.32
23/10/2023,0,0,9.64(-0.10 %),0,0,0,0,-304721,0.32
24/10/2023,0,0,9.75(1.14 %),0,0,0,0,0,49.22
25/10/2023,0,0,9.75(0.00 %),0,0,0,0,-304721,0.32
26/10/2023,0,0,9.07(-6.97 %),0,0,0,0,-304721,0.32
27/10/2023,0,0,9.15(0.88 %),0,0,0,0,-304721,0.32
30/10/2023,0,0,8.85(-3.28 %),0,0,0,0,-304721,0.32
31/10/2023,0,0,8.31(-6.10 %),0,0,0,0,-304721,0.32
01/11/2023,0,0,8.39(0.96 %),0,0,0,0,-304721,0.32
02/11/2023,0,0,8.97(6.91 %),0,0,0,0,0,49.22
03/11/2023,0,0,9.1(1.45 %),0,0,0,0,0,49.22
06/11/2023,0,0,9.25(1.65 %),0,0,0,0,0,49.22
07/11/2023,0,0,9.2(-0.54 %),0,0,0,0,0,49.22
08/11/2023,0,0,9.8(6.52 %),0,0,0,0,-304721,0.32
09/11/2023,0,0,10.1(3.06 %),0,0,0,0,-304721,0.32
10/11/2023,0,0,9.98(-1.19 %),0,0,0,0,-304721,0.32
13/11/2023,0,0,10(0.20 %),0,0,0,0,-304721,0.32
14/11/2023,0,0,9.99(-0.10 %),0,0,0,0,0,49.22
15/11/2023,0,0,10.1(1.10 %),0,0,0,0,0,49.22
16/11/2023,0,0,10.15(0.50 %),0,0,0,0,0,49.22
17/11/2023,0,0,10.75(5.91 %),0,0,0,0,-304721,0.32
20/11/2023,0,0,10.8(0.47 %),0,0,0,0,-304721,0.32
21/11/2023,0,0,11(1.85 %),0,0,0,0,-304721,0.32
22/11/2023,0,0,11.15(1.36 %),0,0,0,0,-304721,0.32
23/11/2023,0,0,10.5(-5.83 %),0,0,0,0,0,49.22
24/11/2023,0,0,10.2(-2.86 %),0,0,0,0,0,49.22
27/11/2023,0,0,9.98(-2.16 %),0,0,0,0,0,49.22
28/11/2023,0,0,9.91(-0.70 %),0,0,0,0,0,49.22
29/11/2023,0,0,10.1(1.92 %),0,0,0,0,0,49.22
30/11/2023,0,0,9.95(-1.49 %),0,0,0,0,0,49.22
01/12/2023,0,0,9.98(0.30 %),0,0,0,0,0,49.22
04/12/2023,0,0,10.55(5.71 %),0,0,0,0,0,49.22
05/12/2023,0,0,10.6(0.47 %),0,0,0,0,0,49.22
06/12/2023,0,0,10.8(1.89 %),0,0,0,0,0,49.22
07/12/2023,0,0,10.65(-1.39 %),0,0,0,0,0,49.22
08/12/2023,0,0,10.5(-1.41 %),0,0,0,0,0,49.22
11/12/2023,0,0,10.55(0.48 %),0,0,0,0,0,49.22
12/12/2023,-100,-1055000,10.4(-1.42 %),0,0,100,1055000,0,49.22
13/12/2023,0,0,10.1(-2.88 %),0,0,0,0,0,49.22
14/12/2023,0,0,10(-0.99 %),0,0,0,0,0,49.22
15/12/2023,0,0,10.05(0.50 %),0,0,0,0,0,49.22
18/12/2023,0,0,10.05(0.00 %),0,0,0,0,0,49.22
19/12/2023,0,0,10.1(0.50 %),0,0,0,0,0,49.22
20/12/2023,0,0,10.25(1.49 %),0,0,0,0,0,49.22
21/12/2023,0,0,10.2(-0.49 %),0,0,0,0,0,49.22
22/12/2023,0,0,10.2(0.00 %),0,0,0,0,0,49.22
25/12/2023,0,0,10.2(0.00 %),0,0,0,0,0,49.22
26/12/2023,0,0,10.15(-0.49 %),0,0,0,0,0,49.22
27/12/2023,0,0,10.35(1.97 %),0,0,0,0,0,49.22
28/12/2023,0,0,11.05(6.76 %),0,0,0,0,0,49.22
29/12/2023,0,0,10.8(-2.26 %),0,0,0,0,0,49.22
02/01/2024,0,0,10.9(0.93 %),0,0,0,0,-304609,0.32
03/01/2024,0,0,11.35(4.13 %),0,0,0,0,0,49.22
04/01/2024,0,0,11.1(-2.20 %),0,0,0,0,0,49.22
05/01/2024,0,0,10.9(-1.80 %),0,0,0,0,0,49.22
08/01/2024,0,0,11.1(1.83 %),0,0,0,0,0,49.22
09/01/2024,0,0,11.5(3.60 %),0,0,0,0,-304609,0.32
10/01/2024,0,0,11.15(-3.04 %),0,0,0,0,-304609,0.32
11/01/2024,0,0,11.25(0.90 %),0,0,0,0,-304609,0.32
12/01/2024,0,0,10.7(-4.89 %),0,0,0,0,0,49.22
15/01/2024,0,0,10.65(-0.47 %),0,0,0,0,-304609,0.32
16/01/2024,0,0,10.8(1.41 %),0,0,0,0,-304609,0.32
17/01/2024,0,0,10.7(-0.93 %),0,0,0,0,-304609,0.32
18/01/2024,0,0,10.85(1.40 %),0,0,0,0,0,49.22
19/01/2024,0,0,10.7(-1.38 %),0,0,0,0,0,49.22
22/01/2024,0,0,10.75(0.47 %),0,0,0,0,0,49.22
23/01/2024,0,0,10.6(-1.40 %),0,0,0,0,0,49.22
24/01/2024,0,0,10.45(-1.42 %),0,0,0,0,0,49.22
25/01/2024,0,0,10.4(-0.48 %),0,0,0,0,0,49.22
26/01/2024,0,0,10.6(1.92 %),0,0,0,0,0,49.22
29/01/2024,0,0,11(3.77 %),0,0,0,0,-304609,0.32
30/01/2024,0,0,11(0.00 %),0,0,0,0,-304609,0.32
31/01/2024,0,0,10.65(-3.18 %),0,0,0,0,-304609,0.32
01/02/2024,0,0,10.85(1.88 %),0,0,0,0,0,49.22
02/02/2024,0,0,11.3(4.15 %),0,0,0,0,-304609,0.32
05/02/2024,0,0,11.35(0.44 %),0,0,0,0,0,49.22
06/02/2024,0,0,11.25(-0.88 %),0,0,0,0,-304609,0.32
07/02/2024,0,0,11.25(0.00 %),0,0,0,0,-304609,0.32
15/02/2024,0,0,11.45(1.78 %),0,0,0,0,-304609,0.32
16/02/2024,0,0,11.45(0.00 %),0,0,0,0,-304609,0.32
19/02/2024,0,0,11.35(-0.87 %),0,0,0,0,-304609,0.32
20/02/2024,0,0,11.3(-0.44 %),0,0,0,0,-304609,0.32
21/02/2024,0,0,11.3(0.00 %),0,0,0,0,-304609,0.32
22/02/2024,0,0,11.35(0.44 %),0,0,0,0,-304609,0.32
23/02/2024,0,0,10.85(-4.41 %),0,0,0,0,0,49.22
26/02/2024,0,0,10.9(0.46 %),0,0,0,0,-304609,0.32
27/02/2024,0,0,11.15(2.29 %),0,0,0,0,0,49.22
28/02/2024,0,0,10.9(-2.24 %),0,0,0,0,0,49.22
29/02/2024,0,0,11(0.92 %),0,0,0,0,-304609,0.32
01/03/2024,0,0,11.3(2.73 %),0,0,0,0,0,49.22
04/03/2024,0,0,11.65(3.10 %),0,0,0,0,0,49.22
05/03/2024,0,0,11.5(-1.29 %),0,0,0,0,-304609,0.32
06/03/2024,0,0,11.2(-2.61 %),0,0,0,0,0,49.22
07/03/2024,0,0,11.35(0.89 %),0,0,0,0,0,49.22
08/03/2024,0,0,11(-3.08 %),0,0,0,0,0,49.22
11/03/2024,0,0,10.85(-1.36 %),0,0,0,0,0,49.22
12/03/2024,0,0,10.85(0.00 %),0,0,0,0,-304609,0.32
13/03/2024,0,0,11.15(2.76 %),0,0,0,0,-304609,0.32
14/03/2024,0,0,11.1(-0.45 %),0,0,0,0,0,49.22
15/03/2024,0,0,11.25(1.35 %),0,0,0,0,0,49.22
18/03/2024,0,0,11.8(4.89 %),0,0,0,0,-304609,0.32
19/03/2024,0,0,11.6(-1.69 %),0,0,0,0,-304609,0.32
20/03/2024,0,0,11.5(-0.86 %),0,0,0,0,0,49.22
21/03/2024,0,0,11.8(2.61 %),0,0,0,0,0,49.22
22/03/2024,0,0,11.6(-1.69 %),0,0,0,0,0,49.22
25/03/2024,0,0,11.6(0.00 %),0,0,0,0,-304609,0.32
26/03/2024,0,0,12.4(6.90 %),0,0,0,0,0,49.22
27/03/2024,0,0,12.55(1.21 %),0,0,0,0,-304609,0.32
28/03/2024,0,0,12.5(-0.40 %),0,0,0,0,-304609,0.32
29/03/2024,0,0,12.35(-1.20 %),0,0,0,0,-304609,0.32
01/04/2024,0,0,12.6(2.02 %),0,0,0,0,-304609,0.32
02/04/2024,0,0,12.5(-0.79 %),0,0,0,0,0,49.22
03/04/2024,0,0,12.2(-2.40 %),0,0,0,0,-304609,0.32
04/04/2024,0,0,11.85(-2.87 %),0,0,0,0,0,49.22
05/04/2024,0,0,11.65(-1.69 %),0,0,0,0,-304609,0.32
08/04/2024,0,0,11.4(-2.15 %),0,0,0,0,0,49.22
09/04/2024,0,0,11.4(0.00 %),0,0,0,0,0,49.22
10/04/2024,0,0,11.3(-0.88 %),0,0,0,0,0,49.22
11/04/2024,0,0,11.3(0.00 %),0,0,0,0,-304609,0.32
12/04/2024,0,0,11.5(1.77 %),0,0,0,0,-304609,0.32
15/04/2024,0,0,10.7(-6.96 %),0,0,0,0,0,49.22
16/04/2024,0,0,10.15(-5.14 %),0,0,0,0,0,49.22
17/04/2024,0,0,10.05(-0.99 %),0,0,0,0,0,49.22
19/04/2024,0,0,9.55(-4.98 %),0,0,0,0,0,49.22
22/04/2024,0,0,9.91(3.77 %),0,0,0,0,-304573,0.32
23/04/2024,0,0,9.72(-1.92 %),0,0,0,0,-304573,0.32
24/04/2024,0,0,10.1(3.91 %),0,0,0,0,0,49.22
25/04/2024,0,0,9.95(-1.49 %),0,0,0,0,0,49.22
26/04/2024,0,0,9.85(-1.01 %),0,0,0,0,-304573,0.32
02/05/2024,0,0,9.93(0.81 %),0,0,0,0,-304573,0.32
03/05/2024,0,0,10(0.70 %),0,0,0,0,-304573,0.32
06/05/2024,0,0,10.3(3.00 %),0,0,0,0,-304573,0.32
07/05/2024,0,0,10.3(0.00 %),0,0,0,0,-304573,0.32
08/05/2024,0,0,10.4(0.97 %),0,0,0,0,-304573,0.32
09/05/2024,0,0,10.2(-1.92 %),0,0,0,0,-304573,0.32
10/05/2024,0,0,10.05(-1.47 %),0,0,0,0,-304573,0.32
13/05/2024,0,0,10.2(1.49 %),0,0,0,0,-304573,0.32
14/05/2024,0,0,10.2(0.00 %),0,0,0,0,0,49.22
15/05/2024,0,0,10.45(2.45 %),0,0,0,0,0,49.22
16/05/2024,0,0,10.45(0.00 %),0,0,0,0,0,49.22
17/05/2024,0,0,10.45(0.00 %),0,0,0,0,-304573,0.32
20/05/2024,0,0,10.7(2.39 %),0,0,0,0,-304573,0.32
21/05/2024,0,0,10.7(0.00 %),0,0,0,0,-304573,0.32
22/05/2024,0,0,10.8(0.93 %),0,0,0,0,-304573,0.32
23/05/2024,0,0,10.85(0.46 %),0,0,0,0,-304573,0.32
24/05/2024,0,0,10.4(-4.15 %),0,0,0,0,0,49.22
27/05/2024,0,0,10.35(-0.48 %),0,0,0,0,-304573,0.32
28/05/2024,0,0,10.55(1.93 %),0,0,0,0,-304573,0.32
29/05/2024,0,0,10.5(-0.47 %),0,0,0,0,-304573,0.32
30/05/2024,0,0,10.35(-1.43 %),0,0,0,0,-304573,0.32
31/05/2024,0,0,10.35(0.00 %),0,0,0,0,-304573,0.32
03/06/2024,0,0,10.6(2.42 %),0,0,0,0,0,49.22
04/06/2024,0,0,11.3(6.60 %),0,0,0,0,0,49.22
05/06/2024,0,0,11.35(0.44 %),0,0,0,0,0,49.22
06/06/2024,0,0,11.4(0.44 %),0,0,0,0,-304573,0.32
07/06/2024,0,0,11.25(-1.32 %),0,0,0,0,-304573,0.32
10/06/2024,0,0,11.2(-0.44 %),0,0,0,0,0,49.22
11/06/2024,0,0,11.15(-0.45 %),0,0,0,0,0,0.32
12/06/2024,0,0,11.3(1.35 %),0,0,0,0,-304573,0.32
13/06/2024,0,0,11.55(2.21 %),0,0,0,0,-304573,0.32
14/06/2024,0,0,11.1(-3.90 %),0,0,0,0,-304573,0.32
17/06/2024,0,0,10.75(-3.15 %),0,0,0,0,-304573,0.32
18/06/2024,0,0,10.85(0.93 %),0,0,0,0,-304573,0.32
19/06/2024,0,0,10.9(0.46 %),0,0,0,0,-304573,0.32
20/06/2024,0,0,11.35(4.13 %),0,0,0,0,-304573,0.32
21/06/2024,0,0,11.4(0.44 %),0,0,0,0,-304573,0.32
24/06/2024,0,0,12.15(6.58 %),0,0,0,0,-304573,0.32
25/06/2024,0,0,11.85(-2.47 %),0,0,0,0,-304573,0.32
26/06/2024,0,0,12(1.27 %),0,0,0,0,-304573,0.32
27/06/2024,0,0,11.65(-2.92 %),0,0,0,0,-304573,0.32
28/06/2024,0,0,11.45(-1.72 %),0,0,0,0,-304573,0.32
04/07/2024,0,0,11.9(-1.24 %),0,0,0,0,0,0.0
05/07/2024,0,0,12.1(1.68 %),0,0,0,0,0,0.0
08/07/2024,0,0,11.85(-2.07 %),0,0,0,0,0,0.0
09/07/2024,0,0,11.95(0.84 %),0,0,0,0,0,0.0
10/07/2024,0,0,12.5(4.60 %),0,0,0,0,0,0.0
11/07/2024,0,0,12.15(-2.80 %),0,0,0,0,0,0.0
12/07/2024,0,0,12.1(-0.41 %),0,0,0,0,0,0.0
15/07/2024,0,0,12(-0.83 %),0,0,0,0,0,0.0
16/07/2024,0,0,11.95(-0.42 %),0,0,0,0,0,0.0
17/07/2024,0,0,11.4(-4.60 %),0,0,0,0,0,0.0
18/07/2024,0,0,11.4(0.00 %),0,0,0,0,0,0.0
19/07/2024,0,0,11.05(-3.07 %),0,0,0,0,0,0.0
22/07/2024,0,0,11.1(0.45 %),0,0,0,0,0,0.0
23/07/2024,0,0,11.15(0.45 %),0,0,0,0,0,0.0
24/07/2024,0,0,11.85(6.28 %),0,0,0,0,0,0.0
25/07/2024,0,0,11.8(-0.42 %),0,0,0,0,0,0.0
26/07/2024,0,0,12.2(3.39 %),0,0,0,0,0,0.0
29/07/2024,0,0,12.2(0.00 %),0,0,0,0,0,0.0
30/07/2024,0,0,11.65(-4.51 %),0,0,0,0,0,0.0
31/07/2024,0,0,11.6(-0.43 %),0,0,0,0,0,0.0
01/08/2024,0,0,11.05(-4.74 %),0,0,0,0,0,0.0
02/08/2024,0,0,11.1(0.45 %),0,0,0,0,0,0.0
05/08/2024,0,0,10.35(-6.76 %),0,0,0,0,0,0.0
06/08/2024,0,0,10.6(2.42 %),0,0,0,0,0,0.0
07/08/2024,0,0,10.6(0.00 %),0,0,0,0,0,0.0
08/08/2024,0,0,10.5(-0.94 %),0,0,0,0,0,0.0
09/08/2024,0,0,10.7(1.90 %),0,0,0,0,0,0.0
12/08/2024,0,0,10.6(-0.93 %),0,0,0,0,0,0.0
13/08/2024,0,0,10.75(1.42 %),0,0,0,0,0,0.0
14/08/2024,0,0,10.8(0.47 %),0,0,0,0,0,0.0
15/08/2024,0,0,10.55(-2.31 %),0,0,0,0,0,0.0
16/08/2024,0,0,11.25(6.64 %),0,0,0,0,0,0.0
19/08/2024,0,0,11.15(-0.89 %),0,0,0,0,0,0.0
20/08/2024,0,0,11.35(1.79 %),0,0,0,0,0,0.0
21/08/2024,-100,-1120000,11.25(-0.88 %),0,0,100,1120000,0,0.0
22/08/2024,0,0,11.25(0.00 %),0,0,0,0,0,0.0
23/08/2024,-100,-1135000,11.5(2.22 %),0,0,100,1135000,0,0.0
26/08/2024,0,0,11.45(-0.43 %),0,0,0,0,0,0.0
27/08/2024,0,0,11.65(1.75 %),0,0,0,0,0,0.0
28/08/2024,-400,-4600000,11.5(-1.29 %),0,0,400,4600000,0,0.0
29/08/2024,0,0,11.45(-0.43 %),0,0,0,0,0,0.0
30/08/2024,0,0,11.45(0.00 %),0,0,0,0,0,0.0
04/09/2024,0,0,11.5(0.44 %),0,0,0,0,0,0.0
05/09/2024,-400,-4660000,11.45(-0.43 %),0,0,400,4660000,0,0.0
06/09/2024,0,0,11.5(0.44 %),0,0,0,0,0,0.0
09/09/2024,-300,-3435000,11.45(-0.43 %),0,0,300,3435000,0,0.0
10/09/2024,0,0,11.4(-0.44 %),0,0,0,0,0,0.0
11/09/2024,0,0,11.5(0.88 %),0,0,0,0,0,0.0
12/09/2024,0,0,11.4(-0.87 %),0,0,0,0,0,0.0
13/09/2024,0,0,11.4(0.00 %),0,0,0,0,0,0.0
16/09/2024,0,0,11.2(-1.75 %),0,0,0,0,0,0.0
17/09/2024,0,0,11.4(1.79 %),0,0,0,0,0,0.0
18/09/2024,0,0,11.4(0.00 %),0,0,0,0,0,0.0
19/09/2024,0,0,11.4(0.00 %),0,0,0,0,0,0.0
20/09/2024,-900,-10395000,11.5(0.88 %),0,0,900,10395000,0,0.0
23/09/2024,0,0,11.3(-1.74 %),0,0,0,0,0,0.0
24/09/2024,0,0,11.3(0.00 %),0,0,0,0,0,0.0
25/09/2024,-600,-6870000,11.5(1.77 %),0,0,600,6870000,0,0.0
26/09/2024,-500,-5775000,11.5(0.00 %),0,0,500,5775000,0,0.0
27/09/2024,0,0,11.35(-1.30 %),0,0,0,0,0,0.0
30/09/2024,0,0,11.2(-1.32 %),0,0,0,0,0,0.0
01/10/2024,0,0,11.25(0.45 %),0,0,0,0,0,0.0
02/10/2024,0,0,11.15(-0.89 %),0,0,0,0,0,0.0
03/10/2024,0,0,10.95(-1.79 %),0,0,0,0,0,0.0
04/10/2024,0,0,10.8(-1.37 %),0,0,0,0,0,0.0
07/10/2024,0,0,10.85(0.46 %),0,0,0,0,0,0.0
08/10/2024,-100,-1095000,10.8(-0.46 %),0,0,100,1095000,0,0.0
09/10/2024,-300,-3285000,11.05(2.31 %),0,0,300,3285000,0,0.0
10/10/2024,0,0,10.95(-0.90 %),0,0,0,0,0,0.0
11/10/2024,0,0,10.9(-0.46 %),0,0,0,0,0,0.0
14/10/2024,-500,-5450000,10.95(0.46 %),0,0,500,5450000,0,0.0
15/10/2024,0,0,10.85(-0.91 %),0,0,0,0,0,0.0
16/10/2024,0,0,10.85(0.00 %),0,0,0,0,0,0.0
17/10/2024,0,0,11(1.38 %),0,0,0,0,0,0.0
18/10/2024,0,0,10.9(-0.91 %),0,0,0,0,0,0.0
21/10/2024,0,0,10.8(-0.92 %),0,0,0,0,0,0.0
22/10/2024,0,0,10.9(0.93 %),0,0,0,0,0,0.0
23/10/2024,0,0,11.1(1.83 %),0,0,0,0,0,0.0
24/10/2024,-500,-5500000,11.1(0.00 %),0,0,500,5500000,0,0.0
25/10/2024,0,0,10.85(-2.25 %),0,0,0,0,0,0.0
28/10/2024,0,0,10.9(0.46 %),0,0,0,0,0,0.0
29/10/2024,0,0,10.8(-0.92 %),0,0,0,0,0,0.0
30/10/2024,0,0,10.85(0.46 %),0,0,0,0,0,0.0
31/10/2024,0,0,11(1.38 %),0,0,0,0,0,0.0
01/11/2024,-500,-5475000,10.9(-0.91 %),0,0,500,5475000,0,0.0
04/11/2024,0,0,10.85(-0.46 %),0,0,0,0,0,0.0
05/11/2024,0,0,10.85(0.00 %),0,0,0,0,0,0.0
06/11/2024,0,0,10.9(0.46 %),0,0,0,0,0,0.0
07/11/2024,0,0,10.9(0.00 %),0,0,0,0,0,0.0
08/11/2024,0,0,10.9(0.00 %),0,0,0,0,0,0.0
11/11/2024,0,0,10.7(-1.83 %),0,0,0,0,0,0.0
12/11/2024,0,0,11(2.80 %),0,0,0,0,-297273,0.31
13/11/2024,0,0,10.85(-1.36 %),0,0,0,0,0,0.0
14/11/2024,0,0,10.7(-1.38 %),0,0,0,0,0,0.0
15/11/2024,0,0,10.55(-1.40 %),0,0,0,0,0,0.0
18/11/2024,0,0,10.45(-0.95 %),0,0,0,0,0,0.0
19/11/2024,0,0,10.55(0.96 %),0,0,0,0,0,0.0
20/11/2024,0,0,10.9(3.32 %),0,0,0,0,0,0.0
21/11/2024,0,0,10.85(-0.46 %),0,0,0,0,0,0.0
22/11/2024,0,0,10.65(-1.84 %),0,0,0,0,0,0.0
25/11/2024,-500,-5325000,10.7(0.47 %),0,0,500,5325000,-299373,0.31
26/11/2024,-500,-5400000,10.8(0.93 %),0,0,500,5400000,-299373,0.31
27/11/2024,0,0,10.75(-0.46 %),0,0,0,0,-298873,0.31
28/11/2024,0,0,10.7(-0.47 %),0,0,0,0,-298373,0.31
29/11/2024,0,0,10.6(-0.93 %),0,0,0,0,-298373,0.31
02/12/2024,0,0,10.6(0.00 %),0,0,0,0,-298373,0.31
03/12/2024,0,0,10.6(0.00 %),0,0,0,0,-298373,0.31
04/12/2024,0,0,10.5(-0.94 %),0,0,0,0,-298373,0.31
05/12/2024,-500,-5275000,10.85(3.33 %),0,0,500,5275000,-298373,0.31
09/12/2024,-600,-6600000,10.95(1.86 %),0,0,600,6600000,-297873,0.31
10/12/2024,-1000,-11200000,11.15(1.83 %),0,0,1000,11200000,-297873,0.31
16/12/2024,0,0,10.7(-0.47 %),0,0,0,0,-295373,0.31
17/12/2024,0,0,10.7(0.00 %),0,0,0,0,-295373,0.31
18/12/2024,0,0,10.7(0.00 %),0,0,0,0,-295373,0.31
19/12/2024,0,0,10.6(-0.93 %),0,0,0,0,-295285,0.31
20/12/2024,0,0,10.7(0.94 %),0,0,0,0,-295285,0.31
24/12/2024,0,0,10.7(-0.93 %),0,0,0,0,-295285,0.31
25/12/2024,0,0,10.85(1.40 %),0,0,0,0,-286785,0.3
26/12/2024,0,0,11.45(5.53 %),0,0,0,0,-286785,0.3
27/12/2024,-24600,-274085000,11.15(-2.62 %),0,0,24600,274085000,-286785,0.3
30/12/2024,0,0,11(-1.35 %),0,0,0,0,-286785,0.3
31/12/2024,0,0,10.9(-0.91 %),0,0,0,0,-262159,0.27
02/01/2025,0,0,11(0.92 %),0,0,0,0,-262159,0.27
03/01/2025,0,0,10.8(-1.82 %),0,0,0,0,-262159,0.27
06/01/2025,0,0,10.6(-1.85 %),0,0,0,0,-262159,0.27
07/01/2025,0,0,10.5(-0.94 %),0,0,0,0,0,0.27
08/01/2025,0,0,10.5(0.00 %),0,0,0,0,-262159,0.27
09/01/2025,0,0,10.45(-0.48 %),0,0,0,0,-262159,0.27
10/01/2025,0,0,10.3(-1.44 %),0,0,0,0,-262159,0.27
13/01/2025,0,0,10.3(0.00 %),0,0,0,0,-262159,0.27
14/01/2025,0,0,10.2(-0.97 %),0,0,0,0,-262159,0.27
15/01/2025,0,0,10.4(1.96 %),0,0,0,0,-262159,0.27
16/01/2025,0,0,10.3(-0.96 %),0,0,0,0,0,0.0
17/01/2025,0,0,10.45(1.46 %),0,0,0,0,-262159,0.27
20/01/2025,-2800,-29120000,10.4(-0.48 %),0,0,2800,29120000,-262159,0.27
21/01/2025,0,0,10.2(-1.92 %),0,0,0,0,-262159,0.27
22/01/2025,0,0,10.3(0.98 %),0,0,0,0,-259359,0.27
23/01/2025,0,0,10.3(0.00 %),0,0,0,0,-259359,0.27
24/01/2025,0,0,10.25(-0.49 %),0,0,0,0,-259359,0.27
03/02/2025,0,0,0(0.00 %),0,0,0,0,-259359,0.27
04/02/2025,0,0,10.3(0.98 %),0,0,0,0,-259359,0.27
05/02/2025,0,0,10.4(0.97 %),0,0,0,0,-259359,0.27
06/02/2025,0,0,10.25(-1.44 %),0,0,0,0,-259359,0.27
07/02/2025,0,0,10.3(0.49 %),0,0,0,0,-259359,0.27
10/02/2025,0,0,10.1(-1.94 %),0,0,0,0,-259359,0.27
11/02/2025,0,0,10.1(0.00 %),0,0,0,0,-259359,0.27
12/02/2025,0,0,10(-0.99 %),0,0,0,0,-259359,0.27
13/02/2025,0,0,9.92(-0.80 %),0,0,0,0,-259359,0.27
14/02/2025,0,0,9.99(0.71 %),0,0,0,0,-259359,0.27
17/02/2025,-1100,-11055000,10.15(1.60 %),0,0,1100,11055000,-259359,0.27
18/02/2025,0,0,10.2(0.49 %),0,0,0,0,-259359,0.27
19/02/2025,0,0,10.3(0.98 %),0,0,0,0,-258247,0.27
20/02/2025,0,0,10.3(0.00 %),0,0,0,0,-258247,0.27
21/02/2025,0,0,10.3(0.00 %),0,0,0,0,-258247,0.27
24/02/2025,0,0,10.2(-0.97 %),0,0,0,0,-258247,0.27
25/02/2025,0,0,10.3(0.98 %),0,0,0,0,-258247,0.27
26/02/2025,0,0,10.25(-0.49 %),0,0,0,0,-258247,0.27
27/02/2025,0,0,10.25(0.00 %),0,0,0,0,-258247,0.27
28/02/2025,0,0,10.45(1.95 %),0,0,0,0,-258247,0.27
03/03/2025,0,0,10.45(0.00 %),0,0,0,0,-258247,0.27
04/03/2025,0,0,10.4(-0.48 %),0,0,0,0,-258247,0.27
05/03/2025,0,0,10.2(-1.92 %),0,0,0,0,-258247,0.27
06/03/2025,0,0,10.3(0.98 %),0,0,0,0,-258247,0.27
07/03/2025,0,0,10.3(0.00 %),0,0,0,0,-258247,0.27
10/03/2025,0,0,11(6.80 %),0,0,0,0,-258247,0.27
11/03/2025,0,0,11.05(0.45 %),0,0,0,0,-258247,0.27
12/03/2025,0,0,11.1(0.45 %),0,0,0,0,-258247,0.27
13/03/2025,0,0,10.85(-2.25 %),0,0,0,0,-258247,0.27
14/03/2025,0,0,10.85(0.00 %),0,0,0,0,-258247,0.27
17/03/2025,0,0,11.3(4.15 %),0,0,0,0,-258247,0.27
18/03/2025,0,0,11.25(-0.44 %),0,0,0,0,-258247,0.27
19/03/2025,0,0,11.65(3.56 %),0,0,0,0,-258247,0.27
20/03/2025,0,0,11.4(-2.15 %),0,0,0,0,-258163,0.27
21/03/2025,0,0,11.65(2.19 %),0,0,0,0,-258163,0.27
24/03/2025,0,0,11.75(0.86 %),0,0,0,0,-258163,0.27
25/03/2025,0,0,11.7(-0.43 %),0,0,0,0,-258163,0.27
26/03/2025,0,0,11.8(0.85 %),0,0,0,0,-258163,0.27
27/03/2025,0,0,12.05(2.12 %),0,0,0,0,-258163,0.27
28/03/2025,0,0,11.75(-2.49 %),0,0,0,0,-258163,0.27
31/03/2025,0,0,11.6(-1.28 %),0,0,0,0,-258163,0.27
01/04/2025,0,0,11.6(0.00 %),0,0,0,0,-258163,0.27
02/04/2025,0,0,11.6(0.00 %),0,0,0,0,-258163,0.27
03/04/2025,0,0,10.8(-6.90 %),0,0,0,0,-258163,0.27
04/04/2025,0,0,10.3(-4.63 %),0,0,0,0,-258163,0.27
08/04/2025,0,0,9.58(-6.99 %),0,0,0,0,-258163,0.27
09/04/2025,0,0,8.91(-6.99 %),0,0,0,0,-258163,0.27
10/04/2025,0,0,9.53(6.96 %),0,0,0,0,-258163,0.27
11/04/2025,0,0,10.1(5.98 %),0,0,0,0,-258163,0.27
14/04/2025,0,0,10.25(1.49 %),0,0,0,0,-258163,0.27
15/04/2025,0,0,10.1(-1.46 %),0,0,0,0,-258163,0.27
16/04/2025,0,0,10(-0.99 %),0,0,0,0,0,0.27
17/04/2025,0,0,10.1(1.00 %),0,0,0,0,0,0.27
18/04/2025,0,0,10.15(0.50 %),0,0,0,0,0,0.27
21/04/2025,0,0,10.15(0.00 %),0,0,0,0,0,0.27
22/04/2025,0,0,10.1(-0.49 %),0,0,0,0,-258163,0.27
23/04/2025,0,0,10.1(0.00 %),0,0,0,0,-258163,0.27
24/04/2025,0,0,10.1(0.00 %),0,0,0,0,-258163,0.27
25/04/2025,0,0,10.05(-0.50 %),0,0,0,0,-258163,0.27
28/04/2025,0,0,10(-0.50 %),0,0,0,0,-258163,0.27
29/04/2025,0,0,9.95(-0.50 %),0,0,0,0,-258163,0.27
05/05/2025,0,0,9.96(0.10 %),0,0,0,0,-258163,0.27
06/05/2025,0,0,10.05(0.90 %),0,0,0,0,-258163,0.27
07/05/2025,0,0,10.3(2.49 %),0,0,0,0,-258163,0.27
08/05/2025,0,0,11(6.80 %),0,0,0,0,-258163,0.27
09/05/2025,0,0,11.75(6.82 %),0,0,0,0,-258163,0.27
12/05/2025,0,0,11.85(0.85 %),0,0,0,0,-258163,0.27
13/05/2025,0,0,12.15(2.53 %),0,0,0,0,-258163,0.27
14/05/2025,0,0,12.1(-0.41 %),0,0,0,0,-258163,0.27
15/05/2025,0,0,12(-0.83 %),0,0,0,0,-258163,0.27
16/05/2025,0,0,12.1(0.83 %),0,0,0,0,-258163,0.27
19/05/2025,0,0,12.25(1.24 %),0,0,0,0,-258163,0.27
20/05/2025,0,0,12.3(0.41 %),0,0,0,0,-258163,0.27
21/05/2025,0,0,12.2(-0.81 %),0,0,0,0,-258163,0.27
22/05/2025,0,0,13(6.56 %),0,0,0,0,-258163,0.27
23/05/2025,0,0,13(0.00 %),0,0,0,0,-258163,0.27
26/05/2025,0,0,13.9(6.92 %),0,0,0,0,0,0.27
27/05/2025,0,0,14(0.72 %),0,0,0,0,0,0.27
28/05/2025,0,0,13.85(-1.07 %),0,0,0,0,0,0.27
29/05/2025,0,0,14.05(1.44 %),0,0,0,0,-258163,0.27
30/05/2025,0,0,14.7(4.63 %),0,0,0,0,-258163,0.27
02/06/2025,0,0,15.45(5.10 %),0,0,0,0,-258163,0.27
03/06/2025,0,0,15.45(0.00 %),0,0,0,0,-258163,0.27
04/06/2025,0,0,15.8(2.27 %),0,0,0,0,-258163,0.27
05/06/2025,0,0,14.7(-6.96 %),0,0,0,0,-258163,0.27
06/06/2025,0,0,14.75(0.34 %),0,0,0,0,-258163,0.27
09/06/2025,0,0,14.65(-0.68 %),0,0,0,0,-258163,0.27
10/06/2025,0,0,13.65(-6.83 %),0,0,0,0,-258163,0.27
11/06/2025,0,0,14.1(3.30 %),0,0,0,0,-258163,0.27
12/06/2025,0,0,14.1(0.00 %),0,0,0,0,-258163,0.27
13/06/2025,0,0,13.85(-1.77 %),0,0,0,0,-258163,0.27
16/06/2025,0,0,13.85(0.00 %),0,0,0,0,-258163,0.27
17/06/2025,0,0,14.15(2.17 %),0,0,0,0,-258163,0.27
18/06/2025,0,0,13.8(-2.47 %),0,0,0,0,-258163,0.27
19/06/2025,0,0,13.75(-0.36 %),0,0,0,0,-258163,0.27
20/06/2025,0,0,14.15(2.91 %),0,0,0,0,-258163,0.27
23/06/2025,0,0,14.05(-0.71 %),0,0,0,0,-258163,0.27
24/06/2025,0,0,15(6.76 %),0,0,0,0,-258163,0.27
25/06/2025,0,0,14.85(-1.00 %),0,0,0,0,-258163,0.27
26/06/2025,0,0,14.7(-1.01 %),0,0,0,0,-258163,0.27
27/06/2025,0,0,14.75(0.34 %),0,0,0,0,-258163,0.27
30/06/2025,0,0,15.1(2.37 %),0,0,0,0,-258163,0.27
01/07/2025,0,0,14.7(-2.65 %),0,0,0,0,-258163,0.27
02/07/2025,0,0,14.9(1.36 %),0,0,0,0,-258163,0.27
03/07/2025,0,0,14.7(-1.34 %),0,0,0,0,-258163,0.27
04/07/2025,0,0,14.85(1.02 %),0,0,0,0,-258163,0.27
07/07/2025,0,0,14.95(0.67 %),0,0,0,0,-258163,0.27
08/07/2025,0,0,14.75(-1.34 %),0,0,0,0,-258163,0.27
09/07/2025,0,0,14.8(0.34 %),0,0,0,0,-258163,0.27
10/07/2025,0,0,14.8(0.00 %),0,0,0,0,-258163,0.27
11/07/2025,0,0,14.1(-4.73 %),0,0,0,0,-258163,0.27
14/07/2025,0,0,14.25(1.06 %),0,0,0,0,-258163,0.27
15/07/2025,0,0,13.85(-2.81 %),0,0,0,0,-258163,0.27
16/07/2025,0,0,13.9(0.36 %),0,0,0,0,-258163,0.27
17/07/2025,0,0,14.1(1.44 %),0,0,0,0,-258163,0.27
18/07/2025,0,0,14.45(2.48 %),0,0,0,0,-258163,0.27
21/07/2025,0,0,15.45(6.92 %),0,0,0,0,-258163,0.27
22/07/2025,0,0,15.8(2.27 %),0,0,0,0,-258163,0.27
23/07/2025,0,0,15.3(-3.16 %),0,0,0,0,-258163,0.27
24/07/2025,0,0,15.3(0.00 %),0,0,0,0,-258163,0.27
25/07/2025,0,0,15.9(3.92 %),0,0,0,0,-258163,0.27
28/07/2025,0,0,17(6.92 %),0,0,0,0,-258163,0.27
29/07/2025,0,0,16.2(-4.71 %),0,0,0,0,-258163,0.27
30/07/2025,0,0,16.6(2.47 %),0,0,0,0,-258163,0.27
31/07/2025,0,0,16.85(1.51 %),0,0,0,0,-258163,0.27
01/08/2025,0,0,16.45(-2.37 %),0,0,0,0,-258163,0.27
04/08/2025,0,0,16.7(1.52 %),0,0,0,0,-258163,0.27
05/08/2025,0,0,17(1.80 %),0,0,0,0,-258163,0.27
06/08/2025,0,0,16.7(-1.76 %),0,0,0,0,-258163,0.27
07/08/2025,0,0,16.75(0.30 %),0,0,0,0,-258163,0.27
08/08/2025,0,0,17.3(3.28 %),0,0,0,0,-258163,0.27
11/08/2025,0,0,17.8(2.89 %),0,0,0,0,-258163,0.27
12/08/2025,0,0,17.8(0.00 %),0,0,0,0,-258163,0.27
13/08/2025,0,0,18(1.12 %),0,0,0,0,-258163,0.27
14/08/2025,0,0,17.8(-1.11 %),0,0,0,0,-258163,0.27
15/08/2025,0,0,17.3(-2.81 %),0,0,0,0,-258163,0.27
18/08/2025,0,0,17.45(0.87 %),0,0,0,0,-258163,0.27
19/08/2025,0,0,17.7(1.43 %),0,0,0,0,-258163,0.27
20/08/2025,0,0,17.35(-1.98 %),0,0,0,0,0,0.27
21/08/2025,0,0,16.8(-3.17 %),0,0,0,0,0,0.27
22/08/2025,0,0,15.7(-6.55 %),0,0,0,0,0,0.27
25/08/2025,0,0,15.35(-2.23 %),0,0,0,0,-258163,0.27
