Ngay,KLGDRong,GTDGRong,ThayDoi,KLMua,GtMua,KLBan,GtBan,RoomConLai,DangSoHuu
05/12/2006,25370,2054970,0(0.00 %),25370,2054970,0,0,0,0.0
06/12/2006,57310,4412870,0(0.00 %),57310,4412870,0,0,0,0.0
12/12/2006,8230,723905,0(0.00 %),8230,723905,0,0,0,0.0
13/12/2006,8000,708000,0(0.00 %),18000,1593000,10000,885000,0,0.0
14/12/2006,120100,11134000,0(0.00 %),135100,12496500,15000,1362500,0,0.0
15/12/2006,40000,3596440,0(0.00 %),45000,4036440,5000,440000,0,0.0
18/12/2006,159170,13449865,0(0.00 %),161670,13661115,2500,211250,0,0.0
19/12/2006,28200,2397000,0(0.00 %),77340,6352770,49140,3955770,0,0.0
21/12/2006,36490,2809730,0(0.00 %),36490,2809730,0,0,0,0.0
26/12/2006,29030,2340515,0(0.00 %),31530,2538015,2500,197500,0,0.0
27/12/2006,95000,7885000,0(0.00 %),95000,7885000,0,0,0,0.0
28/12/2006,45000,3645000,0(0.00 %),45000,3645000,0,0,0,0.0
29/12/2006,43350,3511350,0(0.00 %),43350,3511350,0,0,0,0.0
01/03/2007,2610,294930000,113(4.63 %),3610,407930000,1000,113000000,0,0.0
02/03/2007,-15950,-1882100000,118(4.42 %),4050,477900000,20000,2360000000,0,0.0
05/03/2007,33910,4170930000,123(4.24 %),33910,4170930000,0,0,0,0.0
06/03/2007,1980,243540000,117(-4.88 %),1980,243540000,0,0,0,0.0
07/03/2007,500,58500000,112(-4.27 %),500,58500000,0,0,0,0.0
08/03/2007,2150,251550000,116(3.57 %),2150,251550000,0,0,0,0.0
09/03/2007,-46520,-5351770000,113(-2.59 %),2790,321990000,49310,5673760000,0,0.0
12/03/2007,35480,4186640000,118(4.42 %),60480,7136640000,25000,2950000000,0,0.0
13/03/2007,1730,212790000,123(4.24 %),1730,212790000,0,0,0,0.0
14/03/2007,26420,3178240000,117(-4.88 %),26420,3178240000,0,0,0,0.0
15/03/2007,54300,6081600000,112(-4.27 %),54300,6081600000,0,0,0,0.0
16/03/2007,13160,1434440000,117(4.46 %),13160,1434440000,0,0,0,0.0
19/03/2007,100000,11512780000,113(-3.42 %),100000,11512780000,0,0,0,0.0
20/03/2007,50500,5847100000,117(3.54 %),50500,5847100000,0,0,0,0.0
21/03/2007,80,9200000,114(-2.56 %),80,9200000,0,0,0,0.0
22/03/2007,105200,11466800000,109(-4.39 %),105200,11466800000,0,0,0,0.0
23/03/2007,45000,4795200000,107(-1.83 %),45000,4795200000,0,0,0,0.0
26/03/2007,70000,7400600000,102(-4.67 %),70100,7410800000,100,10200000,0,0.0
27/03/2007,99870,9887130000,99(-2.94 %),99870,9887130000,0,0,0,0.0
28/03/2007,2040,208080000,102(3.03 %),2040,208080000,0,0,0,0.0
29/03/2007,0,0,107(4.90 %),0,0,0,0,0,0.0
30/03/2007,39600,4435200000,112(4.67 %),39600,4435200000,0,0,0,0.0
02/04/2007,20060,2146420000,107(-4.46 %),20060,2146420000,0,0,0,0.0
03/04/2007,90000,9952200000,107(0.00 %),90000,9952200000,0,0,0,0.0
04/04/2007,9510,1027080000,109(1.87 %),9510,1027080000,0,0,0,0.0
05/04/2007,61800,6821400000,111(1.83 %),61800,6821400000,0,0,0,0.0
06/04/2007,-190,-20330000,107(-3.60 %),0,0,190,20330000,0,0.0
09/04/2007,18000,1980000000,107(0.00 %),18000,1980000000,0,0,0,0.0
10/04/2007,25000,2675000000,107(0.00 %),25000,2675000000,0,0,0,0.0
11/04/2007,0,0,109(1.87 %),0,0,0,0,0,0.0
12/04/2007,10880,1132420000,104(-4.59 %),10880,1132420000,0,0,0,0.0
13/04/2007,0,0,101(-2.88 %),0,0,0,0,0,0.0
16/04/2007,24750,2499750000,101(0.00 %),24750,2499750000,0,0,0,0.0
17/04/2007,9430,905280000,96(-4.95 %),19430,1865280000,10000,960000000,0,0.0
18/04/2007,13670,1367000000,100(4.17 %),13670,1367000000,0,0,0,0.0
19/04/2007,26650,2665000000,100(0.00 %),26650,2665000000,0,0,0,0.0
20/04/2007,15470,1532060000,98(-2.00 %),15470,1532060000,0,0,0,0.0
23/04/2007,3900,364900000,93.5(-4.59 %),3900,364900000,0,0,0,0.0
24/04/2007,0,0,89(-4.81 %),0,0,0,0,0,0.0
25/04/2007,0,0,90(1.12 %),0,0,0,0,0,0.0
02/05/2007,-1000,-88000000,89(-1.11 %),0,0,1000,88000000,0,0.0
03/05/2007,200,17200000,86(-3.37 %),200,17200000,0,0,0,0.0
04/05/2007,0,0,85(-1.16 %),0,0,0,0,0,0.0
07/05/2007,0,0,89(4.71 %),0,0,0,0,0,0.0
08/05/2007,1000,92000000,92(3.37 %),1000,92000000,0,0,0,0.0
09/05/2007,0,0,90(-2.17 %),0,0,0,0,0,0.0
10/05/2007,12900,1160800000,88(-2.22 %),12900,1160800000,0,0,0,0.0
11/05/2007,400,35600000,90(2.27 %),400,35600000,0,0,0,0.0
14/05/2007,0,0,90(0.00 %),0,0,0,0,0,0.0
15/05/2007,0,0,90(0.00 %),0,0,0,0,0,0.0
16/05/2007,0,0,88(-2.22 %),0,0,0,0,0,0.0
17/05/2007,0,0,89(1.14 %),0,0,0,0,0,0.0
18/05/2007,0,0,90(1.12 %),0,0,0,0,0,0.0
21/05/2007,300,26700000,90(0.00 %),300,26700000,0,0,0,0.0
22/05/2007,1000,93000000,93(3.33 %),1000,93000000,0,0,0,0.0
23/05/2007,0,0,96(3.23 %),0,0,0,0,0,0.0
24/05/2007,100,9200000,92(-4.17 %),100,9200000,0,0,0,0.0
25/05/2007,200,18200000,91(-1.09 %),200,18200000,0,0,0,0.0
28/05/2007,100,9200000,92(1.10 %),100,9200000,0,0,0,0.0
29/05/2007,0,0,92(0.00 %),0,0,0,0,0,0.0
30/05/2007,0,0,90(-2.17 %),0,0,0,0,0,0.0
31/05/2007,0,0,90(0.00 %),0,0,0,0,0,0.0
01/06/2007,0,0,90(0.00 %),0,0,0,0,0,0.0
04/06/2007,-200,-17600000,88(-2.22 %),0,0,200,17600000,0,0.0
05/06/2007,0,0,86(-2.27 %),0,0,0,0,0,0.0
06/06/2007,0,0,88(2.33 %),0,0,0,0,0,0.0
07/06/2007,0,0,88(0.00 %),0,0,0,0,0,0.0
08/06/2007,0,0,88(0.00 %),0,0,0,0,0,0.0
11/06/2007,0,0,87(-1.14 %),0,0,0,0,0,0.0
12/06/2007,0,0,86.5(-0.57 %),0,0,0,0,0,0.0
13/06/2007,10000,825000000,87(0.58 %),10000,825000000,0,0,0,0.0
14/06/2007,0,0,87(0.00 %),0,0,0,0,0,0.0
15/06/2007,0,0,88(1.15 %),0,0,0,0,0,0.0
18/06/2007,-1000,-88000000,88(0.00 %),0,0,1000,88000000,0,0.0
19/06/2007,500,43750000,87(-1.14 %),500,43750000,0,0,0,0.0
20/06/2007,0,0,87(0.00 %),0,0,0,0,0,0.0
21/06/2007,-1000,-87000000,87(0.00 %),0,0,1000,87000000,0,0.0
22/06/2007,0,0,86(-1.15 %),0,0,0,0,0,0.0
25/06/2007,27910,2451080000,88(2.33 %),27910,2451080000,0,0,0,0.0
26/06/2007,0,0,88(0.00 %),0,0,0,0,0,0.0
27/06/2007,17370,1537245000,88.5(0.57 %),17370,1537245000,0,0,0,0.0
28/06/2007,550,48350000,87(-1.69 %),550,48350000,0,0,0,0.0
29/06/2007,50,4275000,85.5(-1.72 %),50,4275000,0,0,0,0.0
02/07/2007,25100,2133500000,85(-0.58 %),25100,2133500000,0,0,0,0.0
03/07/2007,35620,3027700000,85(0.00 %),35620,3027700000,0,0,0,0.0
04/07/2007,12080,1026800000,86(1.18 %),12080,1026800000,0,0,0,0.0
05/07/2007,10660,920685000,86.5(0.58 %),10660,920685000,0,0,0,0.0
06/07/2007,4550,393575000,86.5(0.58 %),4550,393575000,0,0,0,0.0
09/07/2007,15000,1305000000,86(-0.58 %),15000,1305000000,0,0,0,0.0
10/07/2007,12840,1117080000,87(1.16 %),12840,1117080000,0,0,0,0.0
11/07/2007,0,0,88(1.15 %),0,0,0,0,0,0.0
12/07/2007,15000,1335000000,88(0.00 %),15000,1335000000,0,0,0,0.0
13/07/2007,14850,1306800000,88(0.00 %),14850,1306800000,0,0,0,0.0
16/07/2007,15000,1320000000,88(0.00 %),15000,1320000000,0,0,0,0.0
17/07/2007,0,0,87(-1.14 %),0,0,0,0,0,0.0
18/07/2007,0,0,86(-1.15 %),0,0,0,0,0,0.0
19/07/2007,6000,516000000,86(0.00 %),6000,516000000,0,0,0,0.0
20/07/2007,35550,3199500000,90(4.65 %),35550,3199500000,0,0,0,0.0
23/07/2007,0,0,94.5(5.00 %),0,0,0,0,0,0.0
24/07/2007,-80000,-7920000000,99(4.76 %),0,0,80000,7920000000,0,0.0
25/07/2007,252710,24685790000,103(4.04 %),305910,30165390000,53200,5479600000,0,0.0
26/07/2007,95840,10027640000,105(1.94 %),115840,12127640000,20000,2100000000,0,0.0
27/07/2007,0,0,100(-4.76 %),0,0,0,0,0,0.0
30/07/2007,15000,1425000000,95(-5.00 %),15000,1425000000,0,0,0,0.0
31/07/2007,37200,3598985000,99.5(4.74 %),37200,3598985000,0,0,0,0.0
01/08/2007,65700,6753760000,104(4.52 %),96200,9882760000,30500,3129000000,0,0.0
02/08/2007,154390,16181580000,104(0.00 %),154390,16181580000,0,0,0,0.0
03/08/2007,61120,6344580000,104(0.00 %),61120,6344580000,0,0,0,0.0
06/08/2007,50620,5262480000,101(-2.88 %),50620,5262480000,0,0,0,0.0
07/08/2007,16250,1657500000,102(0.99 %),16250,1657500000,0,0,0,0.0
08/08/2007,6040,604180000,100(-1.96 %),6040,604180000,0,0,0,0.0
09/08/2007,0,0,101(1.00 %),0,0,0,0,0,0.0
10/08/2007,2070,207000000,100(-0.99 %),2070,207000000,0,0,0,0.0
13/08/2007,0,0,97(-3.00 %),0,0,0,0,0,0.0
14/08/2007,4260,426000000,100(3.09 %),4360,436000000,100,10000000,0,0.0
15/08/2007,0,0,98(-2.00 %),0,0,0,0,0,0.0
16/08/2007,-6700,-643700000,97(-1.02 %),0,0,6700,643700000,0,0.0
17/08/2007,0,0,97(0.00 %),0,0,0,0,0,0.0
20/08/2007,25000,2500000000,100(3.09 %),117880,11788000000,92880,9288000000,0,0.0
21/08/2007,0,0,98(-2.00 %),0,0,0,0,0,0.0
22/08/2007,300,29400000,97(-1.02 %),300,29400000,0,0,0,0.0
23/08/2007,0,0,96(-1.03 %),0,0,0,0,0,0.0
24/08/2007,5360,525280000,98(2.08 %),5360,525280000,0,0,0,0.0
27/08/2007,65260,6599240000,102(4.08 %),65260,6599240000,0,0,0,0.0
28/08/2007,16740,1707480000,102(0.00 %),16740,1707480000,0,0,0,0.0
29/08/2007,0,0,101(-0.98 %),0,0,0,0,0,0.0
30/08/2007,0,0,101(0.00 %),0,0,0,0,0,0.0
31/08/2007,10500,1100870000,104(2.97 %),10500,1100870000,0,0,0,0.0
04/09/2007,0,0,104(0.00 %),0,0,0,0,0,0.0
05/09/2007,200,20600000,102(-1.92 %),200,20600000,0,0,0,0.0
06/09/2007,0,0,101(-0.98 %),0,0,0,0,0,0.0
07/09/2007,2060,212180000,103(1.98 %),2060,212180000,0,0,0,0.0
10/09/2007,0,0,104(0.97 %),0,0,0,0,0,0.0
11/09/2007,240,25120000,103(-0.96 %),540,56620000,300,31500000,0,0.0
12/09/2007,0,0,103(0.00 %),0,0,0,0,0,0.0
13/09/2007,0,0,102(-0.97 %),0,0,0,0,0,0.0
14/09/2007,10900,1133500000,104(1.96 %),11400,1185500000,500,52000000,0,0.0
17/09/2007,0,0,103(-0.96 %),0,0,0,0,0,0.0
18/09/2007,17400,1808840000,104(0.97 %),17400,1808840000,0,0,0,0.0
19/09/2007,32130,3478850000,109(4.81 %),57130,6203850000,25000,2725000000,0,0.0
20/09/2007,61720,6981230000,114(4.59 %),72020,8135130000,10300,1153900000,0,0.0
21/09/2007,920,114840000,112(-1.75 %),9100,1021200000,8180,906360000,0,0.0
24/09/2007,43500,5053040000,117(4.46 %),73500,8548170000,30000,3495130000,0,0.0
25/09/2007,7210,889200000,115(-1.71 %),10350,1250300000,3140,361100000,0,0.0
26/09/2007,18690,2133610000,113(-1.74 %),18690,2133610000,0,0,0,0.0
27/09/2007,23070,2523840000,112(-0.88 %),23070,2523840000,0,0,0,0.0
28/09/2007,51000,5836550000,115(2.68 %),51000,5836550000,0,0,0,0.0
01/10/2007,21000,2442800000,115(0.00 %),22000,2559800000,1000,117000000,0,0.0
02/10/2007,31410,3644230000,117(1.74 %),45910,5331730000,14500,1687500000,0,0.0
03/10/2007,0,0,115(-1.71 %),0,0,0,0,0,0.0
04/10/2007,34000,3910000000,115(0.00 %),35000,4025000000,1000,115000000,0,0.0
05/10/2007,17000,1699500000,100(3.63 %),17000,1699500000,0,0,0,0.0
08/10/2007,8420,846920000,101(1.00 %),8420,846920000,0,0,0,0.0
09/10/2007,0,0,103(1.98 %),0,0,0,0,0,0.0
10/10/2007,0,0,102(-0.97 %),0,0,0,0,0,0.0
11/10/2007,41880,4364900000,105(2.94 %),54000,5637500000,12120,1272600000,0,0.0
12/10/2007,400,41200000,103(-1.90 %),400,41200000,0,0,0,0.0
15/10/2007,0,0,101(-1.94 %),0,0,0,0,0,0.0
16/10/2007,0,0,101(0.00 %),0,0,0,0,0,0.0
17/10/2007,23900,2467730000,102(0.99 %),23900,2467730000,0,0,0,0.0
18/10/2007,0,0,100(-1.96 %),0,0,0,0,0,0.0
19/10/2007,70,6820000,100(0.00 %),70,6820000,0,0,0,0.0
22/10/2007,9150,912500000,100(0.00 %),9150,912500000,0,0,0,0.0
23/10/2007,96020,9968330000,105(5.00 %),146020,15158330000,50000,5190000000,0,0.0
24/10/2007,36090,3926640000,110(4.76 %),100000,10956740000,63910,7030100000,0,0.0
25/10/2007,-4040,-494640000,105(-4.55 %),13000,1379760000,17040,1874400000,0,0.0
26/10/2007,43410,4736060000,110(4.76 %),46760,5094510000,3350,358450000,0,0.0
29/10/2007,8820,985410000,112(1.82 %),9320,1041410000,500,56000000,0,0.0
30/10/2007,65500,7509670000,117(4.46 %),65700,7532670000,200,23000000,0,0.0
31/10/2007,29700,3472300000,117(0.00 %),30000,3507400000,300,35100000,0,0.0
01/11/2007,18100,2120200000,117(0.00 %),19300,2258100000,1200,137900000,0,0.0
02/11/2007,5000,574950000,116(-0.85 %),5000,574950000,0,0,0,0.0
05/11/2007,33820,3916240000,116(0.00 %),34120,3951040000,300,34800000,0,0.0
06/11/2007,5000,576350000,115(-0.86 %),5000,576350000,0,0,0,0.0
07/11/2007,170,19210000,115(0.00 %),170,19210000,0,0,0,0.0
08/11/2007,0,0,115(0.00 %),0,0,0,0,0,0.0
09/11/2007,0,0,111(-3.48 %),0,0,0,0,0,0.0
12/11/2007,27600,3171880000,115(3.60 %),30000,3447880000,2400,276000000,0,0.0
13/11/2007,-300,-33000000,110(-4.35 %),100,11000000,400,44000000,0,0.0
14/11/2007,0,0,112(1.82 %),0,0,0,0,0,0.0
15/11/2007,-300,-33000000,110(-1.79 %),0,0,300,33000000,0,0.0
16/11/2007,240,25200000,106(-3.64 %),240,25200000,0,0,0,0.0
19/11/2007,100,10500000,102(-3.77 %),100,10500000,0,0,0,0.0
20/11/2007,0,0,107(4.90 %),0,0,0,0,0,0.0
21/11/2007,0,0,107(0.00 %),0,0,0,0,0,0.0
22/11/2007,5530,591710000,107(0.00 %),5530,591710000,0,0,0,0.0
23/11/2007,3000,319950000,107(0.00 %),3000,319950000,0,0,0,0.0
26/11/2007,13480,1483410000,112(4.67 %),31000,3445650000,17520,1962240000,0,0.0
27/11/2007,0,0,108(-3.57 %),0,0,0,0,0,0.0
28/11/2007,15440,1677520000,110(1.85 %),15440,1677520000,0,0,0,0.0
29/11/2007,14660,1612600000,110(0.00 %),14660,1612600000,0,0,0,0.0
30/11/2007,10220,1124200000,110(0.00 %),12220,1344200000,2000,220000000,0,0.0
03/12/2007,0,0,110(0.00 %),0,0,0,0,0,0.0
04/12/2007,0,0,107(-2.73 %),0,0,0,0,0,0.0
05/12/2007,0,0,107(0.00 %),0,0,0,0,0,0.0
06/12/2007,-1200,-126000000,105(-1.87 %),0,0,1200,126000000,0,0.0
07/12/2007,1090,115770000,107(1.90 %),2090,222770000,1000,107000000,0,0.0
10/12/2007,5320,569240000,107(0.00 %),8320,890240000,3000,321000000,0,0.0
11/12/2007,12860,1376620000,107(0.00 %),13060,1398220000,200,21600000,0,0.0
12/12/2007,7480,801020000,107(0.00 %),7480,801020000,0,0,0,0.0
13/12/2007,7150,772320000,107(0.00 %),7150,772320000,0,0,0,0.0
14/12/2007,0,0,102(-4.67 %),0,0,0,0,0,0.0
17/12/2007,0,0,107(4.90 %),0,0,0,0,0,0.0
18/12/2007,20630,2303560000,112(4.67 %),20630,2303560000,0,0,0,0.0
19/12/2007,25680,2937880000,116(3.57 %),26230,2999480000,550,61600000,0,0.0
20/12/2007,10000,1133550000,115(-0.86 %),10000,1133550000,0,0,0,0.0
21/12/2007,0,0,110(-4.35 %),0,0,0,0,0,0.0
24/12/2007,0,0,0(0.00 %),23770,2721498610,23770,2721498610,0,0.0
25/12/2007,0,0,113(2.73 %),0,0,0,0,0,0.0
26/12/2007,5000,564800000,108(-4.42 %),5000,564800000,0,0,0,0.0
27/12/2007,0,0,106(-1.85 %),0,0,0,0,0,0.0
28/12/2007,0,0,106(0.00 %),0,0,0,0,0,0.0
02/01/2008,100,10540000,105(-0.94 %),100,10540000,0,0,0,0.0
03/01/2008,4640,490680000,104(-0.95 %),4640,490680000,0,0,0,0.0
04/01/2008,3000,312000000,104(0.00 %),3000,312000000,0,0,0,0.0
07/01/2008,3100,316200000,103(-0.96 %),3100,316200000,0,0,0,0.0
08/01/2008,-8310,-821460000,98(-4.85 %),0,0,8310,821460000,0,0.0
09/01/2008,4940,484000000,98(0.00 %),5000,490000000,60,6000000,0,0.0
10/01/2008,0,0,98(0.00 %),0,0,0,0,0,0.0
11/01/2008,-840,-84000000,100(2.04 %),0,0,840,84000000,0,0.0
14/01/2008,0,0,95(-5.00 %),0,0,0,0,0,0.0
15/01/2008,-3000,-273000000,91(-4.21 %),0,0,3000,273000000,0,0.0
16/01/2008,-8000,-750000000,95.5(4.95 %),0,0,8000,750000000,0,0.0
17/01/2008,17400,1658000000,95(-0.52 %),27400,2608000000,10000,950000000,0,0.0
18/01/2008,-6510,-611740000,94(-1.05 %),8490,806260000,15000,1418000000,0,0.0
21/01/2008,-1650,-150150000,91(-3.19 %),3000,273000000,4650,423150000,0,0.0
22/01/2008,-840,-73080000,87(-4.40 %),0,0,840,73080000,0,0.0
23/01/2008,-5320,-443730000,83(-4.60 %),0,0,5320,443730000,0,0.0
24/01/2008,-2900,-240700000,81(-2.41 %),100,8300000,3000,249000000,0,0.0
25/01/2008,0,0,81(0.00 %),0,0,0,0,0,0.0
28/01/2008,0,0,83(2.47 %),0,0,0,0,0,0.0
29/01/2008,-8010,-643380000,80(-3.61 %),100,8350000,8110,651730000,0,0.0
30/01/2008,-7500,-625000000,84(5.00 %),10000,840000000,17500,1465000000,0,0.0
31/01/2008,-4090,-343250000,84(0.00 %),7100,606650000,11190,949900000,0,0.0
01/02/2008,4910,429540000,88(4.76 %),4910,429540000,0,0,0,0.0
12/02/2008,3000,258000000,86(-2.27 %),4000,344000000,1000,86000000,0,0.0
13/02/2008,-160,-13440000,84(-2.33 %),5000,420000000,5160,433440000,0,0.0
14/02/2008,850,71400000,84(0.00 %),850,71400000,0,0,0,0.0
15/02/2008,1810,152040000,84.5(0.60 %),1810,152040000,0,0,0,0.0
18/02/2008,3150,262425000,83(-1.78 %),3150,262425000,0,0,0,0.0
19/02/2008,-150,-12150000,81(-2.41 %),1850,149850000,2000,162000000,0,0.0
20/02/2008,1600,123200000,77(-4.94 %),2000,154000000,400,30800000,0,0.0
21/02/2008,1500,110250000,73.5(-4.55 %),1500,110250000,0,0,0,0.0
22/02/2008,-890,-62300000,70(-4.76 %),0,0,890,62300000,0,0.0
25/02/2008,-9300,-629565000,68(-2.86 %),0,0,9300,629565000,0,0.0
26/02/2008,-1150,-78200000,67(-1.47 %),0,0,1150,78200000,0,0.0
27/02/2008,740,47800000,66(-1.49 %),34760,2293120000,34020,2245320000,0,0.0
28/02/2008,-600,-40800000,63(-4.55 %),0,0,600,40800000,0,0.0
29/02/2008,2400,151200000,63(0.00 %),2400,151200000,0,0,0,0.0
03/03/2008,2000,120000000,60(-4.76 %),2000,120000000,0,0,0,0.0
04/03/2008,600,34200000,57(-5.00 %),600,34200000,0,0,0,0.0
05/03/2008,11150,615250000,55(-3.51 %),15110,833050000,3960,217800000,0,0.0
06/03/2008,0,0,57.5(4.55 %),0,0,0,0,0,0.0
07/03/2008,0,0,60(4.35 %),0,0,0,0,0,0.0
10/03/2008,1890,119070000,63(5.00 %),1890,119070000,0,0,0,0.0
11/03/2008,0,4815000,60(-4.76 %),1100,72315000,1100,67500000,0,0.0
12/03/2008,1000,60000000,60(0.00 %),1000,60000000,0,0,0,0.0
13/03/2008,-610,-36600000,60(0.00 %),390,23400000,1000,60000000,0,0.0
14/03/2008,-1000,-57500000,58(-3.33 %),0,0,1000,57500000,0,0.0
17/03/2008,150,8325000,55.5(-4.31 %),200,11100000,50,2775000,0,0.0
18/03/2008,5790,306870000,53(-4.50 %),5790,306870000,0,0,0,0.0
19/03/2008,4950,249475000,50.5(-4.72 %),5150,260075000,200,10600000,0,0.0
20/03/2008,-900,-46350000,51.5(1.98 %),0,0,900,46350000,0,0.0
21/03/2008,100,5150000,49(-4.85 %),100,5150000,0,0,0,0.0
24/03/2008,-100,-5100000,48(-2.04 %),0,0,100,5100000,0,0.0
25/03/2008,0,0,45.6(-5.00 %),0,0,0,0,0,0.0
26/03/2008,0,0,47.8(4.82 %),0,0,0,0,0,0.0
27/03/2008,0,0,48.2(0.84 %),0,0,0,0,0,0.0
28/03/2008,10,486000,48.6(0.83 %),10,486000,0,0,0,0.0
31/03/2008,20,980000,49(0.82 %),20,980000,0,0,0,0.0
01/04/2008,10,494000,49.4(0.82 %),10,494000,0,0,0,0.0
02/04/2008,0,0,49.8(0.81 %),0,0,0,0,0,0.0
03/04/2008,0,0,50(0.40 %),0,0,0,0,0,0.0
04/04/2008,0,0,50.5(1.00 %),0,0,0,0,0,0.0
07/04/2008,0,0,51.5(1.98 %),0,0,0,0,0,0.0
08/04/2008,1340,70350000,52.5(1.94 %),1340,70350000,0,0,0,0.0
09/04/2008,650,34755000,53.5(1.90 %),650,34755000,0,0,0,0.0
10/04/2008,5480,298660000,54.5(1.87 %),5580,304110000,100,5450000,0,0.0
11/04/2008,13410,743800000,55(0.92 %),13410,743800000,0,0,0,0.0
16/04/2008,1000,55500000,54(-1.82 %),1000,55500000,0,0,0,0.0
17/04/2008,2790,148870000,54(0.00 %),3790,201870000,1000,53000000,0,0.0
18/04/2008,4370,240350000,55(1.85 %),4470,245850000,100,5500000,0,0.0
21/04/2008,1140,62130000,54.5(-0.91 %),1140,62130000,0,0,0,0.0
22/04/2008,2200,120700000,55(0.92 %),2200,120700000,0,0,0,0.0
23/04/2008,1500,81000000,54(-1.82 %),2000,108000000,500,27000000,0,0.0
24/04/2008,1100,59000000,53.5(-0.93 %),1100,59000000,0,0,0,0.0
25/04/2008,410,21930000,53(-0.93 %),410,21930000,0,0,0,0.0
28/04/2008,100,5300000,53(0.00 %),100,5300000,0,0,0,0.0
29/04/2008,290,15225000,52.5(-0.94 %),290,15225000,0,0,0,0.0
05/05/2008,250,13000000,52(-0.95 %),250,13000000,0,0,0,0.0
06/05/2008,130,6630000,51(-1.92 %),130,6630000,0,0,0,0.0
07/05/2008,200,10000000,50(-1.96 %),200,10000000,0,0,0,0.0
08/05/2008,210,10290000,49(-2.00 %),210,10290000,0,0,0,0.0
09/05/2008,250,12025000,48.1(-1.84 %),250,12025000,0,0,0,0.0
12/05/2008,300,14160000,47.2(-1.87 %),500,23600000,200,9440000,0,0.0
13/05/2008,-10,-463000,46.3(-1.91 %),100,4630000,110,5093000,0,0.0
14/05/2008,0,0,45.4(-1.94 %),100,4540000,100,4540000,0,0.0
15/05/2008,300,13020000,43.4(-1.81 %),400,17360000,100,4340000,0,0.0
16/05/2008,2470,105222000,42.6(-1.84 %),10000,426000000,7530,320778000,0,0.0
19/05/2008,200,8360000,41.8(-1.88 %),200,8360000,0,0,0,0.0
20/05/2008,100,4100000,41(-1.91 %),100,4100000,0,0,0,0.0
21/05/2008,200,8040000,40.2(-1.95 %),200,8040000,0,0,0,0.0
22/05/2008,60,2364000,39.4(-1.99 %),100,3940000,40,1576000,0,0.0
23/05/2008,0,0,38.7(-1.78 %),0,0,0,0,0,0.0
26/05/2008,100,3800000,38(-1.81 %),100,3800000,0,0,0,0.0
27/05/2008,0,0,38(0.00 %),0,0,0,0,0,0.0
28/05/2008,0,0,38(0.00 %),0,0,0,0,0,0.0
29/05/2008,0,0,38(0.00 %),0,0,0,0,0,0.0
30/05/2008,300,11190000,37.3(-1.84 %),300,11190000,0,0,0,0.0
02/06/2008,10,366000,36.6(-1.88 %),10,366000,0,0,0,0.0
03/06/2008,0,0,36.6(0.00 %),0,0,0,0,0,0.0
04/06/2008,0,0,35.9(-1.91 %),0,0,0,0,0,0.0
05/06/2008,0,0,35.2(-1.95 %),0,0,0,0,0,0.0
06/06/2008,0,0,34.5(-1.99 %),0,0,0,0,0,0.0
09/06/2008,-150,-5085000,33.9(-1.74 %),0,0,150,5085000,0,0.0
10/06/2008,-60,-1998000,33.3(-1.77 %),0,0,60,1998000,0,0.0
11/06/2008,-50,-1635000,32.7(-1.80 %),0,0,50,1635000,0,0.0
12/06/2008,-5200,-166920000,32.1(-1.83 %),0,0,5200,166920000,0,0.0
13/06/2008,-1700,-53550000,31.5(-1.87 %),1300,40950000,3000,94500000,0,0.0
16/06/2008,-6600,-203940000,30.9(-1.90 %),50,1545000,6650,205485000,0,0.0
17/06/2008,-20400,-618120000,30.3(-1.94 %),0,0,20400,618120000,0,0.0
18/06/2008,1700,50490000,29.7(-1.98 %),1700,50490000,0,0,0,0.0
19/06/2008,0,0,28.9(-2.69 %),0,0,0,0,0,0.0
20/06/2008,0,0,28.1(-2.77 %),0,0,0,0,0,0.0
23/06/2008,0,0,27.3(-2.85 %),0,0,0,0,0,0.0
24/06/2008,0,0,26.5(-2.93 %),0,0,0,0,0,0.0
25/06/2008,0,0,25.8(-2.64 %),0,0,0,0,0,0.0
26/06/2008,0,0,25.1(-2.71 %),0,0,0,0,0,0.0
27/06/2008,400,9760000,24.4(-2.79 %),400,9760000,0,0,0,0.0
30/06/2008,0,0,23.7(-2.87 %),0,0,0,0,0,0.0
01/07/2008,0,0,24.4(2.95 %),0,0,0,0,0,0.0
02/07/2008,-85570,-2088766000,24.4(0.00 %),600,15000000,86170,2103766000,0,0.0
03/07/2008,-233150,-5720971000,25.1(2.87 %),0,0,233150,5720971000,0,0.0
04/07/2008,-164210,-4181980000,24.5(-2.39 %),83190,2141918000,247400,6323898000,0,0.0
07/07/2008,-2960,-72716000,23.8(-2.86 %),6970,174020000,9930,246736000,0,0.0
08/07/2008,-1940,-44814000,23.1(-2.94 %),0,0,1940,44814000,0,0.0
09/07/2008,-400,-9000000,22.5(-2.60 %),0,0,400,9000000,0,0.0
10/07/2008,0,0,21.9(-2.67 %),0,0,0,0,0,0.0
11/07/2008,-5650,-120345000,21.3(-2.74 %),0,0,5650,120345000,0,0.0
14/07/2008,-646100,-13963578000,21.9(2.82 %),0,0,646100,13963578000,0,0.0
15/07/2008,-830680,-18412941000,22.5(2.74 %),1600,34650000,832280,18447591000,0,0.0
16/07/2008,-310070,-6790713000,21.9(-2.67 %),7200,157680000,317270,6948393000,0,0.0
17/07/2008,-277980,-6151859000,21.3(-2.74 %),300,6690000,278280,6158549000,0,0.0
18/07/2008,-9750,-201825000,20.7(-2.82 %),0,0,9750,201825000,0,0.0
21/07/2008,500,10050000,20.1(-2.90 %),500,10050000,0,0,0,0.0
22/07/2008,0,0,19.5(-2.99 %),0,0,0,0,0,0.0
23/07/2008,0,0,19(-2.56 %),0,0,0,0,0,0.0
24/07/2008,0,0,18.5(-2.63 %),0,0,0,0,0,0.0
25/07/2008,200,3600000,18(-2.70 %),200,3600000,0,0,0,0.0
28/07/2008,0,0,17.5(-2.78 %),0,0,0,0,0,0.0
29/07/2008,-59190,-1010380000,17(-2.86 %),0,0,59190,1010380000,0,0.0
30/07/2008,32680,539220000,16.5(-2.94 %),100000,1650000000,67320,1110780000,0,0.0
31/07/2008,-36500,-612780000,16.9(2.42 %),45500,741650000,82000,1354430000,0,0.0
01/08/2008,0,0,17.4(2.96 %),0,0,0,0,0,0.0
04/08/2008,0,0,17.9(2.87 %),0,0,0,0,0,0.0
05/08/2008,17000,306000000,17.9(0.00 %),17000,306000000,0,0,0,0.0
06/08/2008,-82360,-1515424000,18.4(2.79 %),0,0,82360,1515424000,0,0.0
07/08/2008,0,0,18.9(2.72 %),0,0,0,0,0,0.0
08/08/2008,6700,128695000,19.4(2.65 %),6700,128695000,0,0,0,0.0
11/08/2008,0,0,19.9(2.58 %),0,0,0,0,0,0.0
12/08/2008,0,0,20.4(2.51 %),0,0,0,0,0,0.0
13/08/2008,0,0,21(2.94 %),0,0,0,0,0,0.0
14/08/2008,-41600,-898560000,21.6(2.86 %),0,0,41600,898560000,0,0.0
15/08/2008,0,0,22.2(2.78 %),0,0,0,0,0,0.0
18/08/2008,12240,285192000,23.3(4.95 %),12240,285192000,0,0,0,0.0
19/08/2008,171350,4179855000,24.4(4.72 %),171350,4179855000,0,0,0,0.0
20/08/2008,90600,2230200000,25.6(4.92 %),95600,2358200000,5000,128000000,0,0.0
21/08/2008,0,0,26.8(4.69 %),0,0,0,0,0,0.0
22/08/2008,19900,559190000,28.1(4.85 %),19900,559190000,0,0,0,0.0
25/08/2008,0,0,29.5(4.98 %),0,0,0,0,0,0.0
26/08/2008,-97910,-3025419000,30.9(4.75 %),2090,64581000,100000,3090000000,0,0.0
27/08/2008,-13270,-429948000,32.4(4.85 %),36730,1190052000,50000,1620000000,0,0.0
28/08/2008,107130,3297864000,30.8(-4.94 %),146260,4504894000,39130,1207030000,0,0.0
29/08/2008,18870,552891000,29.3(-4.87 %),24300,711990000,5430,159099000,0,0.0
03/09/2008,-44300,-1360010000,30.7(4.78 %),0,0,44300,1360010000,0,0.0
04/09/2008,-9000,-253700000,31(0.98 %),11000,334300000,20000,588000000,0,0.0
05/09/2008,-7040,-207680000,29.5(-4.84 %),0,0,7040,207680000,0,0.0
08/09/2008,0,0,28.1(-4.75 %),0,0,0,0,0,0.0
09/09/2008,-14470,-386349000,26.7(-4.98 %),0,0,14470,386349000,0,0.0
10/09/2008,-243490,-6432724000,25.5(-4.49 %),0,0,243490,6432724000,0,0.0
11/09/2008,0,0,24.3(-4.71 %),0,0,0,0,0,0.0
12/09/2008,600,14080000,23.5(-3.29 %),600,14080000,0,0,0,0.0
15/09/2008,-68000,-1672800000,24.6(4.68 %),0,0,68000,1672800000,0,0.0
16/09/2008,-54690,-1301290000,23.4(-4.88 %),0,0,54690,1301290000,0,0.0
17/09/2008,0,0,22.8(-2.56 %),0,0,0,0,0,0.0
18/09/2008,3180,69006000,21.7(-4.82 %),3180,69006000,0,0,0,0.0
19/09/2008,0,0,22.7(4.61 %),0,0,0,0,0,0.0
22/09/2008,0,0,23.8(4.85 %),0,0,0,0,0,0.0
23/09/2008,60400,1438070000,24.8(4.20 %),61000,1451750000,600,13680000,0,0.0
24/09/2008,16630,413883000,23.7(-4.44 %),39990,973152000,23360,559269000,0,0.0
25/09/2008,0,0,24.8(4.64 %),0,0,0,0,0,0.0
26/09/2008,0,0,24.9(3.32 %),0,0,0,0,0,0.0
29/09/2008,0,0,23.7(-4.82 %),0,0,0,0,0,0.0
30/09/2008,0,0,22.6(-4.64 %),0,0,0,0,0,0.0
01/10/2008,0,0,22.1(-2.21 %),0,0,0,0,0,0.0
02/10/2008,32250,715950000,22.2(0.45 %),32250,715950000,0,0,0,0.0
03/10/2008,45100,991415000,22.1(-0.45 %),45100,991415000,0,0,0,0.0
06/10/2008,0,0,21(-4.98 %),0,0,0,0,0,0.0
07/10/2008,-2200,-44000000,20(-4.76 %),0,0,2200,44000000,0,0.0
08/10/2008,-60360,-1147870000,19(-5.00 %),10100,191900000,70460,1339770000,0,0.0
09/10/2008,-39540,-748416000,19(0.00 %),0,0,39540,748416000,0,0.0
10/10/2008,-88500,-1605116000,18.1(-4.74 %),0,0,88500,1605116000,0,0.0
13/10/2008,-1500,-28350000,19(4.97 %),0,0,1500,28350000,0,0.0
14/10/2008,0,0,19.9(4.74 %),0,0,0,0,0,0.0
15/10/2008,0,0,20.8(4.52 %),0,0,0,0,0,0.0
16/10/2008,-25000,-500500000,19.9(-4.33 %),0,0,25000,500500000,0,0.0
17/10/2008,-10,-201000,20(0.50 %),0,0,10,201000,0,0.0
20/10/2008,0,0,19.7(-1.50 %),0,0,0,0,0,0.0
21/10/2008,0,0,20.6(4.57 %),0,0,0,0,0,0.0
22/10/2008,-43000,-903000000,21(1.94 %),0,0,43000,903000000,0,0.0
23/10/2008,0,0,20(-4.76 %),0,0,0,0,0,0.0
24/10/2008,17000,323700000,19.3(-3.50 %),17000,323700000,0,0,0,0.0
27/10/2008,-115080,-2117482000,18.4(-4.66 %),38300,704720000,153380,2822202000,0,0.0
28/10/2008,-18980,-335090000,17.7(-3.80 %),0,0,18980,335090000,0,0.0
29/10/2008,32000,592000000,18.5(4.52 %),32000,592000000,0,0,0,0.0
30/10/2008,22400,434560000,19.4(4.86 %),22400,434560000,0,0,0,0.0
31/10/2008,31680,642823000,20.3(4.64 %),31680,642823000,0,0,0,0.0
03/11/2008,25320,528121000,21(3.45 %),25320,528121000,0,0,0,0.0
04/11/2008,19400,425610000,22(4.76 %),30400,666810000,11000,241200000,0,0.0
05/11/2008,0,0,23.1(5.00 %),0,0,0,0,0,0.0
06/11/2008,300,7080000,22.1(-4.33 %),300,7080000,0,0,0,0.0
07/11/2008,0,0,21(-4.98 %),0,0,0,0,0,0.0
10/11/2008,-500,-10400000,20.7(-1.43 %),0,0,500,10400000,0,0.0
11/11/2008,-91840,-1812838000,19.7(-4.83 %),1500,29550000,93340,1842388000,0,0.0
12/11/2008,-13660,-262740000,19.7(0.00 %),0,0,13660,262740000,0,0.0
13/11/2008,-100,-2040000,20.4(3.55 %),0,0,100,2040000,0,0.0
14/11/2008,0,0,20.3(-0.49 %),0,0,0,0,0,0.0
17/11/2008,0,0,19.8(-2.46 %),0,0,0,0,0,0.0
18/11/2008,0,0,20(1.01 %),0,0,0,0,0,0.0
19/11/2008,0,0,19.5(-2.50 %),0,0,0,0,0,0.0
20/11/2008,-50000,-952200000,19.2(-1.54 %),0,0,50000,952200000,0,0.0
21/11/2008,0,0,19.3(0.52 %),0,0,0,0,0,0.0
24/11/2008,-9800,-188771000,19.3(0.00 %),0,0,9800,188771000,0,0.0
25/11/2008,-110,-2145000,19.3(0.00 %),0,0,110,2145000,0,0.0
26/11/2008,0,0,18.6(0.54 %),0,0,0,0,0,0.0
27/11/2008,0,0,17.7(-4.84 %),0,0,0,0,0,0.0
28/11/2008,-30200,-558680000,18.5(4.52 %),0,0,30200,558680000,0,0.0
01/12/2008,0,0,18.9(2.16 %),0,0,0,0,0,0.0
02/12/2008,-42570,-766260000,18(-4.76 %),0,0,42570,766260000,0,0.0
03/12/2008,-28430,-497572000,17.2(-4.44 %),0,0,28430,497572000,0,0.0
04/12/2008,0,0,17.5(1.74 %),0,0,0,0,0,0.0
05/12/2008,0,0,17(-2.86 %),0,0,0,0,0,0.0
08/12/2008,0,0,16.3(-4.12 %),0,0,0,0,0,0.0
09/12/2008,-410,-6642000,16.4(0.61 %),0,0,410,6642000,0,0.0
10/12/2008,0,0,16.5(0.61 %),0,0,0,0,0,0.0
11/12/2008,0,0,16.8(1.82 %),0,0,0,0,0,0.0
12/12/2008,0,0,17.6(4.76 %),0,0,0,0,0,0.0
15/12/2008,0,0,18.1(2.84 %),0,0,0,0,0,0.0
16/12/2008,0,0,17.3(-4.42 %),0,0,0,0,0,0.0
17/12/2008,0,0,17.1(-1.16 %),0,0,0,0,0,0.0
18/12/2008,0,0,17.5(2.34 %),0,0,0,0,0,0.0
19/12/2008,0,0,17.5(0.00 %),0,0,0,0,0,0.0
22/12/2008,0,0,17.5(0.00 %),0,0,0,0,0,0.0
23/12/2008,0,0,17.1(-2.29 %),0,0,0,0,0,0.0
24/12/2008,0,0,17.4(1.75 %),0,0,0,0,0,0.0
25/12/2008,0,0,17.2(-1.15 %),0,0,0,0,0,0.0
26/12/2008,0,0,17.7(2.91 %),0,0,0,0,0,0.0
29/12/2008,0,0,17.4(-1.69 %),0,0,0,0,0,0.0
30/12/2008,0,0,17.5(0.57 %),0,0,0,0,0,0.0
31/12/2008,2910,49470000,17.1(-2.29 %),2910,49470000,0,0,0,0.0
02/01/2009,0,0,17.3(1.17 %),0,0,0,0,3915340,22.9
05/01/2009,0,0,17.4(0.58 %),0,0,0,0,3915340,22.9
06/01/2009,-5000,-87000000,17.5(0.57 %),0,0,5000,87000000,3920340,22.86
07/01/2009,-15000,-270878000,18.3(4.57 %),0,0,15000,270878000,3935340,22.76
08/01/2009,-14310,-253573000,17.6(-3.83 %),0,0,14310,253573000,3949650,22.67
09/01/2009,-4450,-70130000,17.7(0.57 %),5550,99870000,10000,170000000,3954100,22.64
12/01/2009,0,0,17.7(0.00 %),0,0,0,0,3954100,22.64
13/01/2009,220,3802000,17.7(0.00 %),220,3802000,0,0,3953880,22.64
14/01/2009,-14800,-261001000,17.8(0.56 %),200,3559000,15000,264560000,3968680,22.54
15/01/2009,210,3717000,17.7(-0.56 %),210,3717000,0,0,3968470,22.54
16/01/2009,100,1774000,17.7(0.00 %),100,1774000,0,0,3968370,22.54
19/01/2009,-900,-16200000,17.5(-1.13 %),0,0,900,16200000,3969270,22.54
20/01/2009,-15540,-271950000,17.5(0.00 %),0,0,15540,271950000,3984810,22.43
21/01/2009,0,0,17.4(-0.57 %),0,0,0,0,3984810,22.43
22/01/2009,210,3672000,17.5(0.57 %),210,3672000,0,0,3984600,22.44
23/01/2009,-140,-2492000,17.3(-1.14 %),0,0,140,2492000,3984740,22.44
02/02/2009,-12960,-223999000,17.3(0.00 %),0,0,12960,223999000,3997700,22.35
03/02/2009,-29690,-511148000,17.3(0.00 %),0,0,29690,511148000,4027390,22.15
04/02/2009,-59700,-1037835000,17.3(0.00 %),0,0,59700,1037835000,4087090,21.75
05/02/2009,2000,34100000,17(-1.73 %),3000,51400000,1000,17300000,4085090,21.77
06/02/2009,-42420,-723962000,17.1(0.59 %),0,0,42420,723962000,4127510,21.48
09/02/2009,0,0,17.2(0.58 %),0,0,0,0,4127510,21.48
10/02/2009,1200,20160000,16.8(-2.33 %),1200,20160000,0,0,4126310,21.49
11/02/2009,-39360,-648593000,16.4(-2.38 %),500,8200000,39860,656793000,4165670,21.23
12/02/2009,-38660,-631224000,16.4(0.00 %),1000,16200000,39660,647424000,4204330,20.97
13/02/2009,-25220,-407913000,16.2(-1.22 %),0,0,25220,407913000,4229550,20.8
16/02/2009,-19090,-303678000,15.9(-1.85 %),2000,32200000,21090,335878000,4248640,20.68
17/02/2009,-47870,-731100000,15.2(-4.40 %),5200,81640000,53070,812740000,4296510,20.36
18/02/2009,-16610,-246816000,14.9(-1.97 %),0,0,16610,246816000,4313120,20.25
19/02/2009,-1340,-20216000,14.9(0.00 %),0,0,1340,20216000,4314460,20.24
20/02/2009,12000,187200000,15.6(4.70 %),12000,187200000,0,0,4302460,20.32
23/02/2009,0,0,15.4(-1.28 %),0,0,0,0,4302460,20.32
24/02/2009,0,0,15.4(0.00 %),0,0,0,0,4302460,20.32
25/02/2009,4000,64400000,16.1(4.55 %),4000,64400000,0,0,4298460,20.34
26/02/2009,0,0,15.7(-2.48 %),0,0,0,0,4298460,20.34
27/02/2009,0,0,15.9(1.27 %),0,0,0,0,4298460,20.34
02/03/2009,0,0,16(0.63 %),0,0,0,0,4298460,20.34
03/03/2009,0,0,16(0.00 %),0,0,0,0,4298460,20.34
04/03/2009,40130,671430000,16.8(5.00 %),40130,671430000,0,0,4258330,20.61
05/03/2009,0,0,17.6(4.76 %),0,0,0,0,4258330,20.61
06/03/2009,7800,137016000,18.2(3.41 %),7800,137016000,0,0,4250530,20.66
09/03/2009,81730,1508982000,18.3(0.55 %),81730,1508982000,0,0,4168800,21.21
10/03/2009,46010,849343000,18.5(1.09 %),46010,849343000,0,0,4122790,21.51
11/03/2009,37800,716460000,18.9(2.16 %),67800,1284510000,30000,568050000,4084990,21.77
12/03/2009,45910,850235000,18.9(0.00 %),54910,1016135000,9000,165900000,4039080,22.07
13/03/2009,59580,1131062000,18.9(0.00 %),59580,1131062000,0,0,3979500,22.47
16/03/2009,104810,2039753000,19.8(4.76 %),104810,2039753000,0,0,3874690,23.17
17/03/2009,28130,582291000,20.7(4.55 %),58130,1203291000,30000,621000000,3846560,23.36
18/03/2009,69910,1517047000,21.7(4.83 %),105450,2288265000,35540,771218000,3776650,23.82
19/03/2009,139020,3147390000,21(-3.23 %),186020,4211590000,47000,1064200000,3637630,24.75
20/03/2009,49200,1039550000,22(4.76 %),67400,1433950000,18200,394400000,3588430,25.08
23/03/2009,58940,1275920000,21.5(-2.27 %),70000,1513500000,11060,237580000,3529490,25.47
24/03/2009,-2500,-56050000,22.4(4.19 %),0,0,2500,56050000,3531990,25.45
25/03/2009,95680,2178931000,23(2.68 %),95680,2178931000,0,0,3436310,26.09
26/03/2009,43910,1033512000,23.5(2.17 %),43910,1033512000,0,0,3392400,26.38
27/03/2009,114520,2727080000,23.8(1.28 %),117520,2797580000,3000,70500000,3277880,27.15
30/03/2009,-2280,-52294000,22.7(-4.62 %),1420,32376000,3700,84670000,3280160,27.13
31/03/2009,0,0,21.7(-4.41 %),0,0,0,0,3280160,27.13
01/04/2009,0,0,22.3(2.76 %),0,0,0,0,3280160,27.13
02/04/2009,0,0,23(3.14 %),0,0,0,0,3280160,27.13
03/04/2009,65100,1568910000,24.1(4.78 %),65100,1568910000,0,0,3215060,27.57
07/04/2009,36950,917315000,25.3(4.98 %),36950,917315000,0,0,3178110,27.81
08/04/2009,78000,1969000000,25(-1.19 %),80000,2019000000,2000,50000000,3100110,28.33
09/04/2009,10000,241000000,26.2(4.80 %),10000,241000000,0,0,3090110,28.4
10/04/2009,0,0,27.5(4.96 %),0,0,0,0,3090110,28.4
13/04/2009,-5200,-149760000,28.8(4.73 %),0,0,5200,149760000,3095310,28.36
14/04/2009,53770,1623854000,30.2(4.86 %),53770,1623854000,0,0,3041540,28.72
15/04/2009,16800,543200000,30.7(1.66 %),29000,919300000,12200,376100000,3024740,28.84
16/04/2009,34200,1076023000,31.2(1.63 %),47100,1473023000,12900,397000000,2990540,29.06
17/04/2009,0,0,29.7(-4.81 %),0,0,0,0,2990540,29.06
20/04/2009,0,0,28.3(-4.71 %),0,0,0,0,2990540,29.06
21/04/2009,0,0,26.9(-4.95 %),0,0,0,0,2990540,29.06
22/04/2009,10000,274940000,27(0.37 %),10000,274940000,0,0,2980540,29.13
23/04/2009,0,0,27(0.00 %),0,0,0,0,2980540,29.13
24/04/2009,0,0,28.3(4.81 %),0,0,0,0,2980540,29.13
27/04/2009,-400,-11880000,29.7(4.95 %),0,0,400,11880000,2980940,29.13
28/04/2009,-2000,-60200000,29.9(0.67 %),0,0,2000,60200000,2982940,29.11
29/04/2009,0,0,30(0.33 %),0,0,0,0,2982940,29.11
04/05/2009,0,0,29.9(-0.33 %),0,0,0,0,2982940,29.11
05/05/2009,19100,597830000,31.3(4.68 %),19100,597830000,0,0,2963840,29.24
06/05/2009,1400,44100000,31(-0.96 %),1400,44100000,0,0,2962440,29.25
07/05/2009,5000,162500000,32.5(4.84 %),5000,162500000,0,0,2957440,29.28
08/05/2009,77370,2626955000,34.1(4.92 %),77870,2643855000,500,16900000,2880070,29.8
11/05/2009,10000,345118000,34.6(1.47 %),10000,345118000,0,0,2870070,29.87
12/05/2009,10000,363000000,36.3(4.91 %),10000,363000000,0,0,2860070,29.93
13/05/2009,30000,1080000000,35.2(-3.03 %),30000,1080000000,0,0,2830070,30.13
14/05/2009,24620,849390000,34.9(-0.85 %),24620,849390000,0,0,2805450,30.3
15/05/2009,-360,-13140000,36.6(4.87 %),0,0,360,13140000,2805810,30.29
18/05/2009,25000,871000000,35(-4.37 %),25000,871000000,0,0,2780810,30.46
19/05/2009,19050,676750000,36(2.86 %),19050,676750000,0,0,2761760,30.59
20/05/2009,20800,748240000,36.7(1.94 %),20800,748240000,0,0,2740960,30.73
21/05/2009,22400,822550000,36.2(-1.36 %),25000,916250000,2600,93700000,2718560,30.88
22/05/2009,-10000,-347000000,35.4(-2.21 %),0,0,10000,347000000,2728560,30.81
25/05/2009,0,0,37.1(4.80 %),0,0,0,0,2728560,30.81
26/05/2009,-1000,-36500000,37.5(1.08 %),0,0,1000,36500000,2729560,30.8
27/05/2009,0,0,36(-4.00 %),0,0,0,0,2729560,30.8
28/05/2009,0,0,35(-2.78 %),0,0,0,0,2729560,30.8
29/05/2009,0,0,35.3(0.86 %),0,0,0,0,2729560,30.8
01/06/2009,9510,337054000,36.3(2.83 %),9510,337054000,0,0,2720050,30.87
02/06/2009,500,18950000,38(4.68 %),500,18950000,0,0,2719550,30.87
03/06/2009,5000,189000000,38(0.00 %),5000,189000000,0,0,2714550,30.9
04/06/2009,0,0,39.9(5.00 %),0,0,0,0,2714550,30.9
05/06/2009,-80000,-3344000000,41.8(4.76 %),0,0,80000,3344000000,2794550,30.37
08/06/2009,-20924,-916471000,43.8(4.78 %),20672,905434000,41596,1821905000,2815474,30.23
09/06/2009,42900,1926115000,45.8(4.57 %),62900,2766115000,20000,840000000,2772574,30.52
10/06/2009,-500,-21850000,43.6(-4.80 %),0,0,500,21850000,2773074,30.51
11/06/2009,119610,5374784000,45.1(3.44 %),119710,5379044000,100,4260000,2653464,31.31
12/06/2009,4600,202350000,45(-0.22 %),10500,473750000,5900,271400000,2648864,31.34
15/06/2009,-23000,-984400000,42.8(-4.89 %),0,0,23000,984400000,2671864,31.19
16/06/2009,-47690,-1940983000,40.7(-4.91 %),0,0,47690,1940983000,2719554,30.87
17/06/2009,5000,205000000,41(0.74 %),5000,205000000,0,0,2714554,30.9
18/06/2009,-11920,-493445000,41.5(1.22 %),0,0,11920,493445000,2726474,30.82
19/06/2009,0,0,42(1.20 %),0,0,0,0,2726474,30.82
22/06/2009,0,0,39.9(-5.00 %),0,0,0,0,2726474,30.82
23/06/2009,21120,802560000,38(-4.76 %),41120,1562560000,20000,760000000,2705354,30.96
24/06/2009,0,0,39.9(5.00 %),0,0,0,0,2705354,30.96
25/06/2009,50200,2001900000,39.8(-0.25 %),50200,2001900000,0,0,2655154,31.3
26/06/2009,9000,375300000,41.7(4.77 %),10000,417000000,1000,41700000,2646154,31.36
29/06/2009,0,0,39.8(-4.56 %),0,0,0,0,2646154,31.36
30/06/2009,-730,-39200000,40(0.50 %),10000,390000000,10730,429200000,2646884,31.35
01/07/2009,9990,379620000,38(-5.00 %),9990,379620000,0,0,2636894,31.42
02/07/2009,39460,1557107000,39.9(5.00 %),39460,1557107000,0,0,2597434,31.68
03/07/2009,0,0,40(0.25 %),0,0,0,0,2597434,31.68
06/07/2009,37800,1590573000,42(5.00 %),50000,2098993000,12200,508420000,2521814,32.19
07/07/2009,20,822000,41.2(-1.90 %),20,822000,0,0,2559614,31.94
08/07/2009,0,0,40.5(-1.70 %),0,0,0,0,2559614,31.94
09/07/2009,0,0,40.5(0.00 %),0,0,0,0,2559614,31.94
10/07/2009,-19280,-755140000,39(-3.70 %),0,0,19280,755140000,2578894,31.81
13/07/2009,24770,928875000,38.1(-2.31 %),24770,928875000,0,0,2554124,31.97
14/07/2009,-23500,-893100000,38(-0.26 %),0,0,23500,893100000,2577624,31.82
15/07/2009,40,1560000,39(2.63 %),40,1560000,0,0,2577584,31.82
16/07/2009,26880,1074260000,39.5(1.28 %),26880,1074260000,0,0,2550704,32.0
17/07/2009,0,0,39.5(0.00 %),0,0,0,0,2550704,32.0
20/07/2009,0,0,40.5(2.53 %),0,0,0,0,2550704,32.0
21/07/2009,0,0,40.9(0.99 %),0,0,0,0,2550704,32.0
22/07/2009,0,0,40.9(0.00 %),0,0,0,0,2550704,32.0
23/07/2009,14570,598740000,42(2.69 %),15570,640740000,1000,42000000,2536134,32.09
24/07/2009,35850,1541550000,43(4.88 %),35850,1541550000,0,0,2500284,32.33
27/07/2009,66930,2975043000,44.5(3.49 %),69030,3068703000,2100,93660000,2433354,32.78
28/07/2009,51620,2300825000,44.8(0.67 %),51620,2300825000,0,0,2381734,33.12
29/07/2009,-100,-4480000,43(-4.02 %),0,0,100,4480000,2381834,33.12
30/07/2009,-3300,-139590000,42.5(-1.16 %),0,0,3300,139590000,2385134,33.1
31/07/2009,-24780,-1082530000,43.5(2.35 %),20000,862900000,44780,1945430000,2409914,32.93
03/08/2009,30000,1323480000,44(1.15 %),40000,1763500000,10000,440020000,2379914,33.13
04/08/2009,85070,3845675000,45.8(4.09 %),123170,5581655000,38100,1735980000,2294844,33.7
05/08/2009,610,22404000,45.2(-1.31 %),20000,905500000,19390,883096000,2294234,33.71
06/08/2009,50,2260000,45.3(0.22 %),10050,457260000,10000,455000000,2294184,33.71
07/08/2009,11210,508985000,45.3(0.00 %),15000,681350000,3790,172365000,2282974,33.78
10/08/2009,-5420,-247088000,45.7(0.88 %),15000,681000000,20420,928088000,2288394,33.74
11/08/2009,-300,-13560000,45.7(0.00 %),0,0,300,13560000,2288694,33.74
12/08/2009,0,0,47.5(3.94 %),0,0,0,0,2288694,33.74
13/08/2009,9900,484898000,49(3.16 %),10000,489788000,100,4890000,2278794,33.81
14/08/2009,-200,-9940000,50(2.04 %),0,0,200,9940000,2278994,33.81
17/08/2009,13570,669930000,49.5(-1.00 %),13570,669930000,0,0,2265424,33.9
18/08/2009,-600,-28800000,49(-1.01 %),0,0,600,28800000,2266024,33.89
19/08/2009,0,0,51(4.08 %),0,0,0,0,2266024,33.89
20/08/2009,-500,-26750000,53.5(4.90 %),0,0,500,26750000,2266524,33.89
21/08/2009,0,0,54(0.93 %),0,0,0,0,2266524,33.89
24/08/2009,6750,381375000,56.5(4.63 %),6750,381375000,0,0,2259774,33.93
25/08/2009,27250,1602250000,59(4.42 %),27450,1614050000,200,11800000,2232524,34.12
26/08/2009,500,28750000,61.5(4.24 %),800,47200000,300,18450000,2232024,34.12
27/08/2009,0,0,61(-0.81 %),0,0,0,0,2232024,34.12
28/08/2009,0,0,60.5(-0.82 %),0,0,0,0,2232024,34.12
31/08/2009,0,0,63.5(4.96 %),0,0,0,0,2232024,34.12
01/09/2009,0,0,62.5(-1.57 %),0,0,0,0,2232024,34.12
03/09/2009,-15050,-897450000,60(-4.00 %),50,3000000,15100,900450000,2247074,34.02
04/09/2009,-11400,-649800000,61(1.67 %),0,0,11400,649800000,2258474,33.94
07/09/2009,-11700,-702000000,60(-1.64 %),0,0,11700,702000000,2270174,33.87
08/09/2009,15370,927250000,60.5(0.83 %),31690,1913900000,16320,986650000,2254804,33.97
09/09/2009,56600,3401800000,60.5(0.00 %),70000,4212500000,13400,810700000,2198204,34.35
10/09/2009,7440,446400000,60(-0.83 %),20740,1244400000,13300,798000000,2190764,34.39
11/09/2009,10910,694685000,61(1.67 %),25010,1500610000,14100,805925000,2179854,34.47
14/09/2009,-220,-13415000,62(1.64 %),0,0,220,13415000,2180074,34.47
15/09/2009,14260,855600000,60.5(-2.42 %),14260,855600000,0,0,2165814,34.56
16/09/2009,16200,971065000,60(-0.83 %),25000,1500000000,8800,528935000,2149614,34.67
17/09/2009,0,0,60(0.00 %),0,0,0,0,2149614,34.67
18/09/2009,14600,886400000,59.5(-0.83 %),25000,1500000000,10400,613600000,2136264,34.76
21/09/2009,-15850,-982700000,61.5(3.36 %),0,0,15850,982700000,2150864,34.66
22/09/2009,-10400,-624000000,61(-0.81 %),0,0,10400,624000000,2161264,34.59
23/09/2009,26800,1621050000,60.5(-0.82 %),26800,1621050000,0,0,2134464,34.77
24/09/2009,-1000,-61000000,60.5(0.00 %),0,0,1000,61000000,2135464,34.76
25/09/2009,0,0,60(-0.83 %),0,0,0,0,2135464,34.76
28/09/2009,0,0,60.5(0.83 %),0,0,0,0,2116354,34.89
29/09/2009,-29900,-1878350000,63.5(4.96 %),600,38100000,30500,1916450000,2141314,34.72
30/09/2009,3560,234780000,63(-0.79 %),19000,1216000000,15440,981220000,2137754,34.75
01/10/2009,300,18050000,60(-4.76 %),300,18050000,0,0,2137454,34.75
02/10/2009,-109860,-6371080000,58(-3.33 %),200,11400000,110060,6382480000,2247314,34.02
05/10/2009,8290,445770000,56.5(-2.59 %),30230,1692880000,21940,1247110000,2239024,34.07
06/10/2009,50590,2780950000,57(0.88 %),51590,2837450000,1000,56500000,2188434,34.41
07/10/2009,0,0,58(1.75 %),0,0,0,0,2188434,34.41
08/10/2009,1000,57000000,58.5(0.86 %),1000,57000000,0,0,2187434,34.42
09/10/2009,0,0,59(0.85 %),0,0,0,0,2187434,34.42
12/10/2009,25000,1525000000,61.5(4.24 %),50000,3062500000,25000,1537500000,2162434,34.58
13/10/2009,38710,2438680000,64(4.07 %),69810,4403480000,31100,1964800000,2123724,34.84
14/10/2009,88020,5616595000,64.5(0.78 %),88320,5635945000,300,19350000,2035704,35.43
15/10/2009,-63400,-3956800000,62.5(-3.10 %),62000,3929300000,125400,7886100000,2099104,35.01
16/10/2009,19270,1176430000,60.5(-3.20 %),63690,3909000000,44420,2732570000,2079834,35.13
19/10/2009,0,0,60(-0.83 %),0,0,0,0,2079834,35.13
20/10/2009,-3460,-214330000,60.5(0.83 %),25000,1500000000,28460,1714330000,2083294,35.11
21/10/2009,83630,5050195000,63(4.13 %),155250,9508015000,71620,4457820000,1999664,35.67
22/10/2009,147820,9208675000,63(0.00 %),289670,18019220000,141850,8810545000,1851844,36.65
23/10/2009,1810,140710000,60(-4.76 %),85000,5402500000,83190,5261790000,1850034,36.67
26/10/2009,-6140,-349550000,60.5(0.83 %),102760,6209550000,108900,6559100000,1856174,36.63
27/10/2009,0,0,59.5(-1.65 %),0,0,0,0,1856174,36.63
28/10/2009,23540,1346435000,57(-4.20 %),43810,2523670000,20270,1177235000,1832634,36.78
29/10/2009,-11500,-626750000,54.5(-4.39 %),1000,54500000,12500,681250000,1844134,36.71
30/10/2009,-160900,-8506250000,53(-2.75 %),27050,1410725000,187950,9916975000,2005034,35.63
02/11/2009,-500,-25500000,50.5(-4.72 %),0,0,500,25500000,2005534,35.63
03/11/2009,50290,2421420000,48(-4.95 %),100000,4807500000,49710,2386080000,1955244,35.97
04/11/2009,23050,1103700000,48(0.00 %),25000,1200000000,1950,96300000,1932194,36.12
05/11/2009,-95000,-4750000000,50(4.17 %),80000,4000000000,175000,8750000000,2027194,35.49
06/11/2009,3040,151780000,49(-2.00 %),15990,799650000,12950,647870000,2024154,35.51
09/11/2009,8000,376000000,46.6(-4.90 %),8000,376000000,0,0,2016154,35.56
10/11/2009,1870,83215000,47.5(1.93 %),1870,83215000,0,0,2014284,35.57
11/11/2009,12450,601760000,48.5(2.11 %),12450,601760000,0,0,2001834,35.65
12/11/2009,0,0,50(3.09 %),0,0,0,0,2001834,35.65
13/11/2009,130,6175000,49.5(-1.00 %),1000,47500000,870,41325000,2001704,35.66
16/11/2009,-83490,-4215490000,49.9(0.81 %),0,0,83490,4215490000,2085194,35.1
17/11/2009,-27210,-1362175000,50(0.20 %),0,0,27210,1362175000,2112404,34.92
18/11/2009,0,0,50(0.00 %),0,0,0,0,2112404,34.92
19/11/2009,0,0,51(2.00 %),0,0,0,0,2112404,34.92
20/11/2009,40100,2025000000,50.5(-0.98 %),40100,2025000000,0,0,2072304,35.18
23/11/2009,90000,4516770000,50.5(0.00 %),90000,4516770000,0,0,1982304,35.78
24/11/2009,30000,1507500000,50(-0.99 %),30000,1507500000,0,0,1952304,35.98
25/11/2009,34000,1652500000,47.5(-5.00 %),34000,1652500000,0,0,1918304,36.21
26/11/2009,10000,452000000,45.2(-4.84 %),10000,452000000,0,0,1908304,36.28
27/11/2009,18720,828658000,47.4(4.87 %),18720,828658000,0,0,1889584,36.4
30/11/2009,23000,1115200000,49(3.38 %),23000,1115200000,0,0,1866584,36.56
01/12/2009,0,0,50(2.04 %),0,0,0,0,1866584,36.56
02/12/2009,380,18620000,48(-4.00 %),380,18620000,0,0,1866204,36.56
03/12/2009,6730,316310000,47(-2.08 %),6730,316310000,0,0,1859474,36.6
04/12/2009,-95480,-4361660000,45.5(-3.19 %),19450,904700000,114930,5266360000,1954954,35.97
07/12/2009,0,0,45.7(0.44 %),0,0,0,0,1954954,35.97
08/12/2009,0,0,45.6(-0.22 %),0,0,0,0,1954954,35.97
09/12/2009,18580,808355000,43.4(-4.82 %),60000,2606000000,41420,1797645000,1936374,36.09
10/12/2009,0,0,43.4(0.00 %),0,0,0,0,1936374,36.09
11/12/2009,32320,1334816000,41.3(-4.84 %),60520,2499476000,28200,1164660000,1904054,36.31
14/12/2009,0,0,43(4.12 %),0,0,0,0,1904054,36.31
15/12/2009,0,0,43.5(1.16 %),0,0,0,0,1904054,36.31
16/12/2009,-28400,-1175807000,41.4(-4.83 %),20010,828435000,48410,2004242000,1932454,36.12
17/12/2009,-20000,-788011000,39.4(-4.83 %),0,0,20000,788011000,1952454,35.98
18/12/2009,-500,-20395000,41.3(4.82 %),0,0,500,20395000,1952954,35.98
21/12/2009,0,0,43.3(4.84 %),0,0,0,0,1952954,35.98
22/12/2009,500,21150000,41.5(-4.16 %),500,21150000,0,0,1952454,35.98
23/12/2009,0,0,43(3.61 %),0,0,0,0,1952454,35.98
24/12/2009,200,8600000,42.9(-0.23 %),200,8600000,0,0,1952254,35.98
25/12/2009,-200,-9000000,45(4.90 %),0,0,200,9000000,1952454,35.98
28/12/2009,0,0,42.8(-4.89 %),0,0,0,0,1952454,35.98
29/12/2009,0,0,43(0.47 %),0,0,0,0,1952454,35.98
30/12/2009,0,0,44(2.33 %),0,0,0,0,1952454,35.98
31/12/2009,10000,442200000,42(-4.55 %),10000,442200000,0,0,1942454,36.05
04/01/2010,17080,752510000,44.1(5.00 %),17280,761320000,200,8810000,1925374,36.16
05/01/2010,14260,660168000,46(4.31 %),15760,729618000,1500,69450000,1911114,36.26
06/01/2010,20430,923545000,45.9(-0.22 %),20430,923545000,0,0,1890684,36.4
07/01/2010,-800,-38520000,47.9(4.36 %),200,9580000,1000,48100000,1891484,36.39
08/01/2010,0,0,46.6(-2.71 %),0,0,0,0,1891484,36.39
11/01/2010,360,16488000,44.3(-4.94 %),360,16488000,0,0,1891124,36.39
12/01/2010,0,0,43.7(-1.35 %),0,0,0,0,1891124,36.39
13/01/2010,11000,479300000,43.7(0.00 %),11000,479300000,0,0,1880124,36.47
14/01/2010,9160,407420000,44.5(1.83 %),10000,444800000,840,37380000,1870964,36.53
15/01/2010,1690,73515000,43.9(-1.35 %),1690,73515000,0,0,1869274,36.54
18/01/2010,25830,1114546000,42(-4.33 %),25830,1114546000,0,0,1843444,36.71
19/01/2010,0,0,43.5(3.57 %),0,0,0,0,1843444,36.71
20/01/2010,0,0,42(-3.45 %),0,0,0,0,1843444,36.71
21/01/2010,0,0,40(-4.76 %),0,0,0,0,1843444,36.71
22/01/2010,0,0,41.5(3.75 %),0,0,0,0,1843444,36.71
25/01/2010,0,0,42(1.20 %),0,0,0,0,1843444,36.71
26/01/2010,100,4200000,43(2.38 %),100,4200000,0,0,1843344,36.71
27/01/2010,16630,683950000,43(0.00 %),16630,683950000,0,0,1826714,-24.2
28/01/2010,15000,636086000,42.4(-1.40 %),15000,636086000,0,0,1811714,-23.6
29/01/2010,15000,633891000,41.5(-2.12 %),15000,633891000,0,0,1796714,-23.0
01/02/2010,11500,485956000,42(1.20 %),11500,485956000,0,0,1785214,-22.53
02/02/2010,7000,297614000,42(0.00 %),7000,297614000,0,0,1778214,-22.25
03/02/2010,10000,426000000,42(0.00 %),10000,426000000,0,0,1768214,-21.85
04/02/2010,14900,638222000,44(4.76 %),15000,642500000,100,4278000,1753314,-21.26
05/02/2010,38600,1659800000,43.4(-1.36 %),38600,1659800000,0,0,1714714,-19.71
08/02/2010,0,0,44(1.38 %),0,0,0,0,1714714,-19.71
09/02/2010,0,0,42.5(-3.41 %),0,0,0,0,1714714,-19.71
10/02/2010,77100,3288275000,43(1.18 %),77100,3288275000,0,0,1637614,-16.62
11/02/2010,60200,2591500000,43.5(1.16 %),60200,2591500000,0,0,1577414,-14.21
12/02/2010,22180,969360000,43.7(0.46 %),22180,969360000,0,0,1555234,-13.32
22/02/2010,107180,4689926000,44(0.69 %),107180,4689926000,0,0,1448054,39.35
23/02/2010,50000,2160310000,43.5(-1.14 %),50000,2160310000,0,0,1398054,39.68
24/02/2010,30000,1314957000,44(1.15 %),30000,1314957000,0,0,1368054,39.88
25/02/2010,89240,3926560000,44(0.00 %),89240,3926560000,0,0,1278814,40.47
26/02/2010,0,0,44(0.00 %),0,0,0,0,1377396,40.47
01/03/2010,5800,255200000,44(0.00 %),5800,255200000,0,0,1371596,39.86
02/03/2010,0,0,43(-2.27 %),0,0,0,0,1371596,39.86
03/03/2010,9480,408588000,43.5(1.16 %),9480,408588000,0,0,1362116,39.92
04/03/2010,8610,378820000,45(3.45 %),8610,378820000,0,0,1353506,39.98
05/03/2010,3510,154440000,45(0.00 %),3510,154440000,0,0,1349996,40.0
08/03/2010,0,0,45(0.00 %),0,0,0,0,1349996,40.0
09/03/2010,18280,822600000,45.3(0.67 %),18280,822600000,0,0,1331716,40.12
10/03/2010,7960,358200000,45.1(-0.44 %),7960,358200000,0,0,1323756,40.17
11/03/2010,0,0,45(-0.22 %),0,0,0,0,1323756,40.17
12/03/2010,0,0,45(0.00 %),0,0,0,0,1323756,40.17
15/03/2010,0,0,45.5(1.11 %),0,0,0,0,1323756,40.17
16/03/2010,0,0,44.5(-2.20 %),0,0,0,0,1323756,40.17
17/03/2010,4300,190620000,44.5(0.00 %),4300,190620000,0,0,1319456,40.2
18/03/2010,1670,74385000,44.9(0.90 %),1670,74385000,0,0,1317786,40.21
19/03/2010,9030,401810000,44.5(-0.89 %),9030,401810000,0,0,1308756,40.27
22/03/2010,8500,378250000,44.5(0.00 %),8500,378250000,0,0,1300256,40.33
23/03/2010,26620,1184590000,44.5(0.00 %),26620,1184590000,0,0,1273636,40.51
24/03/2010,21060,937170000,44.5(0.00 %),21060,937170000,0,0,1252576,40.65
25/03/2010,50740,2257930000,44.5(0.00 %),50740,2257930000,0,0,1201836,40.99
26/03/2010,0,0,44.5(0.00 %),0,0,0,0,1201836,40.99
29/03/2010,10,445000,44.5(0.00 %),10,445000,0,0,1201826,40.99
30/03/2010,0,0,44(-1.12 %),0,0,0,0,1201826,40.99
31/03/2010,0,0,44(0.00 %),0,0,0,0,1201826,40.99
01/04/2010,0,0,44.1(0.23 %),0,0,0,0,1201826,40.99
02/04/2010,0,0,44(-0.23 %),0,0,0,0,1201826,40.99
05/04/2010,0,0,44.5(1.14 %),0,0,0,0,1201826,40.99
06/04/2010,0,0,45(1.12 %),0,0,0,0,1201826,40.99
07/04/2010,0,0,46(2.22 %),0,0,0,0,1201826,40.99
08/04/2010,0,0,46(0.00 %),0,0,0,0,1201826,40.99
09/04/2010,0,0,47(2.17 %),0,0,0,0,1201826,40.99
12/04/2010,-2330,-114171000,49.3(4.89 %),0,0,2330,114171000,1204156,40.97
13/04/2010,0,0,48(-2.64 %),0,0,0,0,1204156,40.97
14/04/2010,-65010,-3050281000,46.8(-2.50 %),0,0,65010,3050281000,1269166,40.54
15/04/2010,-144720,-6995752000,49.1(4.91 %),0,0,144720,6995752000,1413886,39.57
16/04/2010,13290,683555000,51.5(4.89 %),13290,683555000,0,0,1400596,39.66
19/04/2010,4080,199920000,50(-2.91 %),4080,199920000,0,0,1396516,39.69
20/04/2010,0,0,47.5(-5.00 %),0,0,0,0,1396516,39.69
21/04/2010,0,0,47.8(0.63 %),0,0,0,0,1396516,39.69
22/04/2010,20000,960000000,47.6(-0.42 %),20000,960000000,0,0,1376516,39.82
26/04/2010,0,0,46.2(-2.94 %),0,0,0,0,1376516,39.82
27/04/2010,3510,169297000,48.5(4.98 %),4240,203096000,730,33799000,1373006,39.85
28/04/2010,30,1455000,49.3(1.65 %),30,1455000,0,0,1372976,39.85
29/04/2010,0,0,49(-0.61 %),0,0,0,0,1372976,39.85
04/05/2010,0,0,48.5(-1.02 %),0,0,0,0,1372976,39.85
05/05/2010,0,0,47.1(-2.89 %),0,0,0,0,1372976,39.85
06/05/2010,0,0,47(1.95 %),0,0,0,0,1372976,39.85
07/05/2010,0,0,46(-2.13 %),0,0,0,0,1372976,39.85
10/05/2010,0,0,45(-2.17 %),0,0,0,0,1372976,39.85
11/05/2010,0,0,45.2(0.44 %),0,0,0,0,1372976,39.85
12/05/2010,0,0,44.1(-2.43 %),0,0,0,0,1372976,39.85
13/05/2010,0,0,44(-0.23 %),0,0,0,0,1372976,39.85
14/05/2010,0,0,44(0.00 %),0,0,0,0,1372976,39.85
17/05/2010,0,0,43(-2.27 %),0,0,0,0,1372976,39.85
18/05/2010,0,0,44(2.33 %),0,0,0,0,1372976,39.85
19/05/2010,420,18060000,42.8(-2.73 %),420,18060000,0,0,1372556,39.85
20/05/2010,0,0,43(0.47 %),0,0,0,0,1372556,39.85
21/05/2010,10000,409000000,40.9(-4.88 %),10000,409000000,0,0,1362556,39.92
24/05/2010,-2280,-91200000,41(0.24 %),150,6000000,2430,97200000,1364836,39.9
25/05/2010,0,0,39.5(-3.66 %),0,0,0,0,1364836,39.9
26/05/2010,-37400,-1468100000,39(-1.27 %),600,23700000,38000,1491800000,1402236,39.65
27/05/2010,-5000,-198349000,39(0.00 %),15000,580500000,20000,778849000,1407236,39.62
28/05/2010,0,0,40.9(4.87 %),0,0,0,0,1407236,39.62
31/05/2010,500,20491000,41.8(2.20 %),500,20491000,0,0,1406736,39.62
01/06/2010,1000,41800000,41(-1.91 %),1000,41800000,0,0,1405736,39.63
02/06/2010,7530,308730000,41.3(0.73 %),7530,308730000,0,0,1398206,39.68
03/06/2010,0,0,40.8(-1.21 %),0,0,0,0,1398206,39.68
04/06/2010,10000,407318000,40.6(-0.49 %),10000,407318000,0,0,1388206,39.75
07/06/2010,-58290,-2258579000,38.6(-4.93 %),0,0,58290,2258579000,1446496,39.36
08/06/2010,-6500,-251161000,38.5(-0.26 %),5210,200585000,11710,451746000,1452996,39.31
09/06/2010,0,0,39.4(2.34 %),0,0,0,0,1452996,39.31
10/06/2010,0,0,39.8(1.02 %),0,0,0,0,1452996,39.31
11/06/2010,10,397000,39.6(-0.50 %),10,397000,0,0,1452986,39.31
14/06/2010,1150,45310000,39.4(-0.51 %),1150,45310000,0,0,1451836,39.32
15/06/2010,2590,101528000,39.4(0.00 %),2590,101528000,0,0,1449246,39.34
16/06/2010,0,0,39.4(0.00 %),0,0,0,0,1449246,39.34
17/06/2010,16280,647533000,39.8(1.02 %),16280,647533000,0,0,1432966,39.45
18/06/2010,1310,51685000,39.5(-0.75 %),1310,51685000,0,0,1431656,39.46
21/06/2010,1300,51740000,39.8(0.76 %),1300,51740000,0,0,1430356,39.46
22/06/2010,6040,240392000,39.8(0.00 %),6040,240392000,0,0,1424316,39.5
23/06/2010,8180,325564000,39.9(0.25 %),8180,325564000,0,0,1416136,39.56
24/06/2010,7870,313226000,39.8(-0.25 %),7870,313226000,0,0,1408266,39.61
25/06/2010,0,0,39.8(0.00 %),0,0,0,0,1408266,39.61
28/06/2010,12290,489684000,39.6(-0.50 %),12290,489684000,0,0,1395976,39.69
29/06/2010,0,0,39.7(0.25 %),0,0,0,0,1395976,39.69
30/06/2010,1800,70640000,39(-1.76 %),1800,70640000,0,0,1394176,39.71
01/07/2010,0,0,38.6(-1.03 %),0,0,0,0,1394176,39.71
02/07/2010,0,0,38.5(-0.26 %),0,0,0,0,1394176,39.71
05/07/2010,1000,37740000,37.6(-2.34 %),1000,37740000,0,0,1393176,39.71
06/07/2010,0,0,37.6(0.00 %),0,0,0,0,1393176,39.71
07/07/2010,0,0,39.4(4.79 %),0,0,0,0,1393176,39.71
08/07/2010,0,0,37.6(-4.57 %),0,0,0,0,1393176,39.71
09/07/2010,0,0,37.6(0.00 %),0,0,0,0,1393176,39.71
12/07/2010,0,0,37.6(0.00 %),0,0,0,0,1393176,39.71
13/07/2010,0,0,38.8(3.19 %),0,0,0,0,1393176,39.71
14/07/2010,800,30800000,39(0.52 %),800,30800000,0,0,1392376,39.72
15/07/2010,1100,42900000,37.6(-3.59 %),1100,42900000,0,0,1391276,39.72
16/07/2010,0,0,38.2(1.60 %),0,0,0,0,1391276,39.72
19/07/2010,-10,-385000,38.9(1.83 %),0,0,10,385000,1391286,39.72
20/07/2010,0,0,38.6(-0.77 %),0,0,0,0,1391286,39.72
21/07/2010,0,0,38.5(-0.26 %),0,0,0,0,1391286,39.72
22/07/2010,0,0,38(-1.30 %),0,0,0,0,1391286,39.72
23/07/2010,0,0,38(0.00 %),0,0,0,0,1391286,39.72
26/07/2010,0,0,38(0.00 %),0,0,0,0,1391286,39.72
27/07/2010,0,0,38(0.00 %),0,0,0,0,1391286,39.72
28/07/2010,0,0,38(0.00 %),0,0,0,0,1391286,39.72
29/07/2010,0,0,37.5(-1.32 %),0,0,0,0,1391286,39.72
30/07/2010,0,0,38(1.33 %),0,0,0,0,1391286,39.72
02/08/2010,0,0,38(0.00 %),0,0,0,0,1391286,39.72
03/08/2010,0,0,37.1(-2.37 %),0,0,0,0,1391286,39.72
04/08/2010,0,0,37.5(1.08 %),0,0,0,0,1391286,39.72
05/08/2010,0,0,36.1(-3.73 %),0,0,0,0,1391286,39.72
06/08/2010,250,9025000,36.1(0.00 %),250,9025000,0,0,1391036,39.73
09/08/2010,0,0,36.1(0.00 %),0,0,0,0,1391036,39.73
10/08/2010,0,0,35(-3.05 %),0,0,0,0,1391036,39.73
11/08/2010,0,0,35.8(2.29 %),0,0,0,0,1080,48.99
12/08/2010,-3720,-126852000,34.1(-4.75 %),0,0,3720,126852000,1394756,39.7
13/08/2010,0,0,34.1(0.00 %),0,0,0,0,1394756,39.7
16/08/2010,0,0,35.5(4.11 %),0,0,0,0,1394756,39.7
17/08/2010,1200,42594000,35.4(-0.28 %),1200,42594000,0,0,0,49.0
18/08/2010,0,0,35(-1.13 %),0,0,0,0,1393556,39.71
19/08/2010,0,0,34.5(-1.43 %),0,0,0,0,0,0.0
20/08/2010,-1080,-36612000,33.9(-1.74 %),0,0,1080,36612000,1080,48.99
23/08/2010,0,0,32.5(-4.13 %),0,0,0,0,1080,48.99
24/08/2010,640,20218000,31.9(-1.85 %),640,20218000,0,0,440,49.0
25/08/2010,-25050,-762025000,30.4(-4.70 %),0,0,25050,762025000,25490,48.83
26/08/2010,-70660,-2054326000,28.9(-4.93 %),0,0,70660,2054326000,96150,48.36
27/08/2010,-98870,-2778404000,30.3(4.84 %),360,9936000,99230,2788340000,0,0.0
30/08/2010,0,0,31.8(4.95 %),0,0,0,0,0,49.0
31/08/2010,-500,-15500000,32(0.63 %),0,0,500,15500000,500,49.0
01/09/2010,-3400,-105100000,30.6(-4.38 %),100,3100000,3500,108200000,3900,48.97
06/09/2010,-54680,-1649330000,30.3(-0.98 %),120,3656000,54800,1652986000,1705004,48.61
07/09/2010,-47640,-1408030000,29.5(-2.64 %),20,592000,47660,1408622000,106220,48.29
08/09/2010,-23220,-687966000,30.6(3.73 %),0,0,23220,687966000,129440,48.14
09/09/2010,-67490,-2104877000,31(1.31 %),0,0,67490,2104877000,196930,47.69
10/09/2010,-44520,-1367452000,30.6(-1.29 %),0,0,44520,1367452000,241450,47.39
13/09/2010,0,0,30.9(0.98 %),0,0,0,0,241450,47.39
14/09/2010,-149880,-4635498000,31.1(0.65 %),0,0,149880,4635498000,391330,46.39
15/09/2010,0,0,31(-0.32 %),0,0,0,0,391330,46.39
16/09/2010,-700,-21700000,31.4(4.67 %),0,0,700,21700000,392030,46.39
17/09/2010,-140,-4396000,32(1.91 %),0,0,140,4396000,392170,46.39
20/09/2010,200,6310000,31.9(-0.31 %),200,6310000,0,0,391970,46.39
21/09/2010,0,0,32(0.31 %),0,0,0,0,391970,46.39
22/09/2010,0,0,32(0.00 %),0,0,0,0,391970,46.39
23/09/2010,-1000,-31500000,31.9(-0.31 %),0,0,1000,31500000,392970,46.38
24/09/2010,0,0,31.5(-1.25 %),0,0,0,0,392970,46.38
27/09/2010,0,0,32(1.59 %),0,0,0,0,392970,46.38
28/09/2010,0,0,32.5(1.56 %),0,0,0,0,392970,46.38
29/09/2010,0,0,32.8(0.92 %),0,0,0,0,392970,46.38
30/09/2010,0,0,32.7(-0.30 %),0,0,0,0,2039394,46.38
01/10/2010,0,0,31.8(-2.75 %),0,0,0,0,2039394,35.4
04/10/2010,2200,71280000,31.7(-0.31 %),2200,71280000,0,0,2037194,35.42
05/10/2010,0,0,31.5(-0.63 %),0,0,0,0,2037194,35.42
06/10/2010,-1300,-42250000,32.1(1.90 %),0,0,1300,42250000,2038494,35.41
07/10/2010,-500,-16400000,32.1(0.00 %),0,0,500,16400000,2038994,35.41
08/10/2010,0,0,32(-0.31 %),0,0,0,0,2038994,35.41
11/10/2010,-2600,-85280000,32.7(2.19 %),0,0,2600,85280000,2041594,35.39
12/10/2010,0,0,32.8(0.31 %),0,0,0,0,2041594,35.39
13/10/2010,0,0,32.8(0.00 %),0,0,0,0,2041594,35.39
14/10/2010,0,0,32.8(0.00 %),0,0,0,0,2041594,35.39
15/10/2010,0,0,33(0.61 %),0,0,0,0,2041594,35.39
18/10/2010,0,0,31.9(-3.33 %),0,0,0,0,2041594,35.39
19/10/2010,0,0,32.8(2.82 %),0,0,0,0,2041594,35.39
20/10/2010,0,0,32.5(-0.91 %),0,0,0,0,2041594,35.39
21/10/2010,-9650,-314211000,32.7(0.62 %),0,0,9650,314211000,2051244,35.33
22/10/2010,-8800,-280650000,31.9(-2.45 %),0,0,8800,280650000,2060044,35.27
25/10/2010,-9200,-291125000,32(0.31 %),0,0,9200,291125000,2069244,35.21
26/10/2010,-14700,-466445000,30.6(-4.38 %),0,0,14700,466445000,2083944,35.11
27/10/2010,-3650,-117035000,32.1(4.90 %),0,0,3650,117035000,2087594,35.08
28/10/2010,0,0,32.4(0.93 %),0,0,0,0,2087594,35.08
29/10/2010,0,0,32.8(1.23 %),0,0,0,0,2087594,35.08
01/11/2010,0,0,33(0.61 %),0,0,0,0,2087594,35.08
02/11/2010,0,0,32.9(-0.30 %),0,0,0,0,2087594,35.08
03/11/2010,0,0,32.9(0.00 %),0,0,0,0,2087594,35.08
04/11/2010,0,0,33.4(1.52 %),0,0,0,0,2087594,35.08
05/11/2010,0,0,33.4(0.00 %),0,0,0,0,2087594,35.08
08/11/2010,1000,33400000,33.4(0.00 %),1000,33400000,0,0,2086594,35.09
09/11/2010,0,0,32(-4.19 %),0,0,0,0,2086594,35.09
10/11/2010,3000,97200000,32.4(1.25 %),3000,97200000,0,0,2083594,35.11
11/11/2010,3150,102060000,32.8(1.23 %),3150,102060000,0,0,2080444,35.13
12/11/2010,9030,290230000,32.6(-0.61 %),9030,290230000,0,0,2071414,35.19
15/11/2010,7000,229565000,33.5(2.76 %),7000,229565000,0,0,2064414,35.24
16/11/2010,5800,188000000,33.5(0.00 %),5800,188000000,0,0,2058614,35.28
17/11/2010,10400,347425000,33.5(0.00 %),10400,347425000,0,0,2048214,35.35
18/11/2010,4480,149140000,33(-1.49 %),4480,149140000,0,0,2043734,35.38
19/11/2010,1000,32000000,33(0.00 %),1000,32000000,0,0,2042734,35.38
22/11/2010,14190,462880000,33(0.00 %),14190,462880000,0,0,2028544,35.48
23/11/2010,60000,1979900000,33(0.00 %),60000,1979900000,0,0,1968544,35.88
24/11/2010,28850,949330000,32.5(-1.52 %),28850,949330000,0,0,1939694,36.07
25/11/2010,5400,176580000,32.7(0.62 %),5400,176580000,0,0,1934294,36.1
26/11/2010,1530,50525000,33.3(1.83 %),2730,89525000,1200,39000000,1932764,36.11
29/11/2010,3000,98250000,34(2.10 %),3000,98250000,0,0,1929764,36.13
30/11/2010,21600,718840000,33.9(-0.29 %),21600,718840000,0,0,1908164,36.28
01/12/2010,-71220,-2297848000,32.3(-4.72 %),50000,1619600000,121220,3917448000,1979384,35.8
02/12/2010,-127210,-3988886000,31.2(-3.41 %),75370,2379255000,202580,6368141000,2106594,34.96
03/12/2010,0,0,32.7(4.81 %),0,0,0,0,2106594,34.96
06/12/2010,0,0,33.8(3.36 %),0,0,0,0,2106594,34.96
07/12/2010,0,0,33(-2.37 %),0,0,0,0,2106594,34.96
08/12/2010,0,0,31.4(-4.85 %),0,0,0,0,2106594,34.96
09/12/2010,0,0,31.7(0.96 %),0,0,0,0,2106594,34.96
10/12/2010,0,0,32.4(2.21 %),0,0,0,0,2106594,34.96
13/12/2010,0,0,32.4(0.00 %),0,0,0,0,2106594,34.96
14/12/2010,0,0,32(-1.23 %),0,0,0,0,2106594,34.96
15/12/2010,0,0,32(0.00 %),0,0,0,0,2106594,34.96
16/12/2010,0,0,31.8(-0.62 %),0,0,0,0,2106594,34.96
17/12/2010,0,0,31.9(0.31 %),0,0,0,0,2106594,34.96
20/12/2010,0,0,31.9(0.00 %),0,0,0,0,2106594,34.96
21/12/2010,21600,694880000,33.4(4.70 %),21600,694880000,0,0,2084994,35.1
22/12/2010,0,0,32.4(-2.99 %),0,0,0,0,2084994,35.1
23/12/2010,0,0,32.4(0.00 %),0,0,0,0,2084994,35.1
24/12/2010,0,0,32(-1.23 %),0,0,0,0,2084994,35.1
27/12/2010,0,0,31.6(-1.25 %),0,0,0,0,2084994,35.1
28/12/2010,0,0,32.4(2.53 %),0,0,0,0,2084994,35.1
29/12/2010,-490,-15876000,31.7(-2.16 %),0,0,490,15876000,2085484,35.1
30/12/2010,0,0,32(0.95 %),0,0,0,0,2085484,35.1
31/12/2010,-500,-16800000,33.6(5.00 %),0,0,500,16800000,2085984,35.09
04/01/2011,0,0,33(-1.79 %),0,0,0,0,2085984,35.09
05/01/2011,700,23380000,33.4(1.21 %),700,23380000,0,0,2085284,35.1
06/01/2011,0,0,33(-1.20 %),0,0,0,0,2085284,35.1
07/01/2011,0,0,32.5(-1.52 %),0,0,0,0,2085284,35.1
10/01/2011,0,0,31.5(-3.08 %),0,0,0,0,2085284,35.1
11/01/2011,60,1890000,32.5(3.17 %),60,1890000,0,0,2085224,35.1
12/01/2011,0,0,32.6(0.31 %),0,0,0,0,2085224,35.1
13/01/2011,0,0,32.6(0.00 %),0,0,0,0,2085224,35.1
14/01/2011,0,0,31.2(-4.29 %),0,0,0,0,2085224,35.1
17/01/2011,0,0,32.2(3.21 %),0,0,0,0,2085224,35.1
18/01/2011,0,0,31.7(-1.55 %),0,0,0,0,2085224,35.1
19/01/2011,0,0,32.2(1.58 %),0,0,0,0,2085224,35.1
20/01/2011,0,0,32.3(0.31 %),0,0,0,0,2085224,35.1
21/01/2011,0,0,31(-4.02 %),0,0,0,0,2085224,35.1
24/01/2011,0,0,31.7(2.26 %),0,0,0,0,2085224,35.1
25/01/2011,0,0,31.6(-0.32 %),0,0,0,0,2085224,35.1
26/01/2011,0,0,31.9(0.95 %),0,0,0,0,2085224,35.1
27/01/2011,0,0,31(-2.82 %),0,0,0,0,2085224,35.1
28/01/2011,-10550,-329215000,32.5(4.84 %),0,0,10550,329215000,2095774,35.03
08/02/2011,0,0,32.6(0.31 %),0,0,0,0,2095774,35.03
09/02/2011,2140,70226000,32.9(0.92 %),2140,70226000,0,0,2093634,35.04
10/02/2011,0,0,32.9(0.00 %),0,0,0,0,2093634,35.04
11/02/2011,0,0,32.9(0.00 %),0,0,0,0,2093634,35.04
14/02/2011,0,0,32.7(-0.61 %),0,0,0,0,2093634,35.04
15/02/2011,0,0,31.1(-4.89 %),0,0,0,0,2093634,35.04
16/02/2011,0,0,31.2(0.32 %),0,0,0,0,2093634,35.04
17/02/2011,0,0,31.5(0.96 %),0,0,0,0,2093634,35.04
18/02/2011,100,3000000,30(-4.76 %),100,3000000,0,0,2093534,35.04
21/02/2011,350,9975000,28.9(-3.67 %),350,9975000,0,0,2093184,35.05
22/02/2011,0,0,28.9(0.00 %),0,0,0,0,2093184,35.05
23/02/2011,-3350,-96500000,28.9(0.00 %),0,0,3350,96500000,2096534,35.02
24/02/2011,-5990,-167672000,28.2(-2.42 %),0,0,5990,167672000,2102524,34.98
25/02/2011,-6870,-193426000,28.2(0.00 %),17390,490398000,24260,683824000,2109394,34.94
28/02/2011,-2250,-63230000,28.2(0.00 %),0,0,2250,63230000,2111644,34.92
01/03/2011,0,0,28(-0.71 %),0,0,0,0,2111644,34.92
02/03/2011,-18000,-479450000,26.7(-4.64 %),0,0,18000,479450000,2129644,34.8
03/03/2011,-4300,-114810000,26.7(0.00 %),0,0,4300,114810000,0,0.0
04/03/2011,-1500,-40500000,27(1.12 %),0,0,1500,40500000,0,0.0
07/03/2011,-10,-260000,26(-3.70 %),0,0,10,260000,0,0.0
08/03/2011,-10,-264000,25.2(-3.08 %),0,0,10,264000,0,0.0
09/03/2011,0,0,25.8(2.38 %),0,0,0,0,0,0.0
10/03/2011,-690,-18285000,26.5(2.71 %),0,0,690,18285000,0,0.0
11/03/2011,-2400,-63840000,26.6(0.38 %),0,0,2400,63840000,0,0.0
14/03/2011,-400,-10600000,26.5(-0.38 %),0,0,400,10600000,0,0.0
15/03/2011,0,0,26.4(-0.38 %),0,0,0,0,0,0.0
16/03/2011,0,0,26.3(-0.38 %),0,0,0,0,2078306,35.14
17/03/2011,-450,-11700000,26(-1.14 %),0,0,450,11700000,2078756,35.14
18/03/2011,-17500,-460000000,26.4(1.54 %),0,0,17500,460000000,2096256,35.02
21/03/2011,-2040,-53040000,26(-1.52 %),0,0,2040,53040000,2098296,35.01
22/03/2011,-5000,-130000000,26(0.00 %),0,0,5000,130000000,2103296,34.98
23/03/2011,-100,-2600000,26(0.00 %),0,0,100,2600000,2103396,34.98
24/03/2011,-3410,-88660000,26(0.00 %),0,0,3410,88660000,2106806,34.95
25/03/2011,-8600,-223600000,26(0.00 %),0,0,8600,223600000,2115406,34.9
28/03/2011,-50,-1300000,26(0.00 %),0,0,50,1300000,2115456,34.9
29/03/2011,-1880,-48880000,26(0.00 %),0,0,1880,48880000,2117336,34.88
30/03/2011,-1800,-46800000,26(0.00 %),0,0,1800,46800000,2119136,34.87
31/03/2011,0,0,25.9(-0.38 %),0,0,0,0,2119136,34.87
01/04/2011,0,0,25.8(-0.39 %),0,0,0,0,2118256,34.88
04/04/2011,0,0,25.7(-0.39 %),0,0,0,0,2118256,34.88
05/04/2011,0,0,25.7(0.00 %),0,0,0,0,2118256,34.88
06/04/2011,0,0,25.8(0.39 %),0,0,0,0,2118256,34.88
07/04/2011,0,0,25.8(0.00 %),0,0,0,0,2118256,34.88
08/04/2011,-1890,-49140000,26(0.78 %),0,0,1890,49140000,2120146,34.87
13/04/2011,-20340,-502411000,26(0.00 %),0,0,20340,502411000,2140486,34.73
14/04/2011,0,0,25.8(-0.77 %),0,0,0,0,2140486,34.73
15/04/2011,-26750,-690200000,25.9(0.39 %),0,0,26750,690200000,2167236,34.55
18/04/2011,-10,-259000,25.9(0.00 %),0,0,10,259000,2167246,34.55
19/04/2011,-4490,-116291000,25.9(0.00 %),0,0,4490,116291000,2171736,34.52
20/04/2011,0,0,23.8(-4.42 %),0,0,0,0,2171736,34.52
21/04/2011,0,0,24.9(4.62 %),0,0,0,0,2171736,34.52
22/04/2011,0,0,24.9(0.00 %),0,0,0,0,2171736,34.52
25/04/2011,-20,-498000,24.9(0.00 %),0,0,20,498000,2171756,34.52
26/04/2011,0,0,24.8(-0.40 %),0,0,0,0,2171756,34.52
27/04/2011,0,0,24.7(-0.40 %),0,0,0,0,2171756,34.52
28/04/2011,0,0,24(-2.83 %),0,0,0,0,2171756,34.52
29/04/2011,-100,-2310000,24.6(2.50 %),0,0,100,2310000,2171856,34.52
04/05/2011,0,0,24.5(-0.41 %),0,0,0,0,2175436,34.5
05/05/2011,0,0,24.5(0.00 %),0,0,0,0,2175436,34.5
06/05/2011,1200,29760000,24.8(1.22 %),1300,32240000,100,2480000,2174236,34.51
09/05/2011,0,0,24.2(-2.42 %),0,0,0,0,2174236,34.51
10/05/2011,2710,66053000,24.8(2.48 %),3110,75973000,400,9920000,2171526,34.52
11/05/2011,10000,240000000,24.7(-0.40 %),10000,240000000,0,0,2161526,34.59
12/05/2011,0,0,24.7(0.00 %),0,0,0,0,2161526,34.59
13/05/2011,0,0,24.7(0.00 %),0,0,0,0,2161526,34.59
16/05/2011,14770,354296000,24.8(0.40 %),15000,360000000,230,5704000,2146756,34.69
17/05/2011,0,0,24.7(-0.40 %),0,0,0,0,2146756,34.69
18/05/2011,29290,688315000,23.5(-4.86 %),29290,688315000,0,0,2117466,34.88
19/05/2011,-30,-708000,23.6(0.43 %),0,0,30,708000,2117496,34.88
20/05/2011,4040,91304000,22.6(-4.24 %),4040,91304000,0,0,2113456,34.91
23/05/2011,0,0,22.6(0.00 %),0,0,0,0,2113456,34.91
24/05/2011,0,0,23.1(2.21 %),0,0,0,0,2113456,34.91
25/05/2011,0,0,23.2(0.43 %),0,0,0,0,2113456,34.91
26/05/2011,0,0,23.9(3.02 %),0,0,0,0,2113456,34.91
27/05/2011,0,0,24.5(2.51 %),0,0,0,0,2113456,34.91
30/05/2011,20000,468000000,24.5(0.00 %),20000,468000000,0,0,2093456,35.04
31/05/2011,0,0,24.3(-0.82 %),0,0,0,0,2093456,35.04
01/06/2011,0,0,25.5(4.94 %),0,0,0,0,2093556,35.04
02/06/2011,0,0,25.5(0.00 %),0,0,0,0,2093556,35.04
03/06/2011,0,0,24.3(-4.71 %),0,0,0,0,2093556,35.04
06/06/2011,0,0,24.3(0.00 %),0,0,0,0,2093556,35.04
07/06/2011,0,0,24.3(0.00 %),0,0,0,0,2093556,35.04
08/06/2011,0,0,25.2(3.70 %),0,0,0,0,2093556,35.04
09/06/2011,0,0,24.9(-1.19 %),0,0,0,0,2093556,35.04
10/06/2011,0,0,25.5(2.41 %),0,0,0,0,2093556,35.04
13/06/2011,0,0,25(-1.96 %),0,0,0,0,2093556,35.04
14/06/2011,0,0,25(0.00 %),0,0,0,0,2093556,35.04
15/06/2011,0,0,25(0.00 %),0,0,0,0,2093556,35.04
16/06/2011,0,0,25(0.00 %),0,0,0,0,2093556,35.04
17/06/2011,0,0,25(0.00 %),0,0,0,0,2093556,35.04
20/06/2011,0,0,25.3(1.20 %),0,0,0,0,2093556,35.04
21/06/2011,0,0,25.5(0.79 %),0,0,0,0,2093556,35.04
22/06/2011,0,0,24.3(-4.71 %),0,0,0,0,2093556,35.04
23/06/2011,0,0,24.3(0.00 %),0,0,0,0,2093556,35.04
24/06/2011,0,0,24.4(0.41 %),0,0,0,0,2093556,35.04
27/06/2011,30,705000,24.3(-0.41 %),30,705000,0,0,2093526,35.04
28/06/2011,0,0,24.3(0.00 %),0,0,0,0,2093526,35.04
29/06/2011,0,0,24.3(0.00 %),0,0,0,0,2093526,35.04
30/06/2011,0,0,24.2(-0.41 %),0,0,0,0,2093526,35.04
01/07/2011,0,0,24.2(0.00 %),0,0,0,0,2093526,35.04
04/07/2011,0,0,24.2(0.00 %),0,0,0,0,2093526,35.04
05/07/2011,0,0,23.1(-4.55 %),0,0,0,0,2093526,35.04
06/07/2011,30,660000,22(-4.76 %),22700,522070000,22670,521410000,2093496,35.04
07/07/2011,0,0,22.5(2.27 %),0,0,0,0,2093496,35.04
08/07/2011,0,0,23.5(4.44 %),0,0,0,0,2093496,35.04
11/07/2011,0,0,23.9(1.70 %),0,0,0,0,2093496,35.04
12/07/2011,0,0,22.8(-4.60 %),0,0,0,0,2093496,35.04
13/07/2011,0,0,21.7(-4.82 %),0,0,0,0,2093496,35.04
14/07/2011,0,0,22.5(3.69 %),0,0,0,0,2093496,35.04
15/07/2011,0,0,22.5(0.00 %),0,0,0,0,2093496,35.04
18/07/2011,0,0,22.5(0.00 %),0,0,0,0,2093496,35.04
19/07/2011,0,0,22.5(0.00 %),0,0,0,0,2093496,35.04
20/07/2011,-130,-2899000,22.2(-1.33 %),700,15610000,830,18509000,2093626,35.04
21/07/2011,0,0,22.2(0.00 %),0,0,0,0,2093626,35.04
22/07/2011,-2000,-44400000,22.2(0.00 %),0,0,2000,44400000,2095626,35.03
25/07/2011,-650,-14300000,22(-0.90 %),0,0,650,14300000,2096276,35.02
26/07/2011,0,0,21.9(-0.45 %),0,0,0,0,2096276,35.02
27/07/2011,-2000,-43600000,21.8(-0.46 %),0,0,2000,43600000,2098276,35.01
28/07/2011,-2000,-43600000,21.8(0.00 %),0,0,2000,43600000,2100276,35.0
29/07/2011,400,8800000,22(0.92 %),400,8800000,0,0,2099876,35.0
01/08/2011,870,19280000,22(0.00 %),1400,30940000,530,11660000,2096476,35.02
02/08/2011,-450,-9810000,21.8(-0.91 %),0,0,450,9810000,2096926,35.02
03/08/2011,0,0,21.1(-3.21 %),0,0,0,0,2096926,35.02
04/08/2011,-1370,-29402000,22.1(4.74 %),0,0,1370,29402000,2098296,35.01
05/08/2011,-3000,-66000000,22(-0.45 %),0,0,3000,66000000,2101296,34.99
08/08/2011,-1000,-21800000,21.8(3.81 %),0,0,1000,21800000,2102296,34.98
09/08/2011,-500,-10900000,21.8(0.00 %),27000,591300000,27500,602200000,2102796,34.98
10/08/2011,-8000,-174400000,21.8(0.00 %),0,0,8000,174400000,2110796,34.93
11/08/2011,0,0,20.9(-4.13 %),0,0,0,0,2110796,34.93
12/08/2011,-2000,-43600000,21.8(4.31 %),0,0,2000,43600000,2112796,34.91
15/08/2011,-5000,-109000000,21.8(0.00 %),0,0,5000,109000000,2117796,34.88
16/08/2011,-6000,-132100000,22.3(2.29 %),0,0,6000,132100000,2123796,34.84
17/08/2011,-13940,-309680000,22(-1.35 %),0,0,13940,309680000,2137736,34.75
18/08/2011,-3000,-66000000,22(0.00 %),0,0,3000,66000000,2140736,34.73
19/08/2011,-1600,-34460000,21.5(-2.27 %),700,15050000,2300,49510000,2142336,34.72
22/08/2011,290,6235000,21.5(0.00 %),290,6235000,0,0,2142046,34.72
23/08/2011,-5000,-107500000,21.5(0.00 %),0,0,5000,107500000,2147046,34.69
24/08/2011,-5000,-107500000,21.5(0.00 %),0,0,5000,107500000,2152046,34.65
25/08/2011,-5000,-107500000,21.5(0.00 %),0,0,5000,107500000,2157046,34.62
26/08/2011,-5700,-123050000,22(2.33 %),0,0,5700,123050000,2162746,34.58
29/08/2011,0,0,21.9(-0.45 %),0,0,0,0,2162746,34.58
30/08/2011,-29420,-647240000,22.5(2.74 %),0,0,29420,647240000,2192166,34.39
31/08/2011,0,0,23.6(4.89 %),0,0,0,0,2192166,34.39
01/09/2011,0,0,24.5(3.81 %),0,0,0,0,2165276,34.56
05/09/2011,-304462,-7733335000,24(-2.04 %),0,0,304462,7733335000,2469738,32.54
06/09/2011,0,0,25.2(5.00 %),0,0,0,0,2469738,32.54
07/09/2011,0,0,26.4(4.76 %),0,0,0,0,2469738,32.54
08/09/2011,0,0,27.7(4.92 %),0,0,0,0,2469738,32.54
09/09/2011,3500,101500000,29(4.69 %),3500,101500000,0,0,2466238,32.56
12/09/2011,-558830,-16485485000,30.4(4.83 %),1292610,38131995000,1851440,54617480000,3025068,28.83
13/09/2011,-10000,-305000000,30.4(0.00 %),0,0,10000,305000000,3035068,28.77
14/09/2011,-1826160,-54387969000,30(-1.32 %),1300,39000000,1827460,54426969000,4861228,16.59
15/09/2011,0,0,29.9(-0.33 %),0,0,0,0,4861228,16.59
16/09/2011,0,0,29.9(0.00 %),0,0,0,0,4861228,16.59
19/09/2011,0,0,30(0.33 %),0,0,0,0,4861228,16.59
20/09/2011,0,0,29.8(-0.67 %),0,0,0,0,4861228,16.59
21/09/2011,0,0,29.8(0.00 %),0,0,0,0,4861228,16.59
22/09/2011,-320,-9888000,31.2(4.70 %),0,0,320,9888000,4861548,16.59
23/09/2011,0,0,30.8(-1.28 %),0,0,0,0,4861548,16.59
26/09/2011,0,0,30.9(0.32 %),0,0,0,0,4861548,16.59
27/09/2011,0,0,30.8(-0.32 %),0,0,0,0,4861548,16.59
28/09/2011,0,0,30.9(0.32 %),0,0,0,0,4861548,16.59
29/09/2011,2600,80340000,29.5(-4.53 %),2600,80340000,0,0,4858948,16.61
30/09/2011,0,0,30(1.69 %),0,0,0,0,4858948,16.61
03/10/2011,0,0,29.5(-1.67 %),0,0,0,0,4888368,16.41
04/10/2011,0,0,29.5(0.00 %),0,0,0,0,4888368,16.41
05/10/2011,-17000,-496500000,29(-1.69 %),0,0,17000,496500000,4905368,16.3
06/10/2011,0,0,29.8(2.76 %),0,0,0,0,4905368,16.3
07/10/2011,0,0,28.4(-4.70 %),0,0,0,0,4905368,16.3
10/10/2011,0,0,27.6(-2.82 %),0,0,0,0,4905368,16.3
11/10/2011,0,0,27.1(-1.81 %),0,0,0,0,4905368,16.3
12/10/2011,0,0,26(-4.06 %),0,0,0,0,4905368,16.3
13/10/2011,0,0,27.3(5.00 %),0,0,0,0,4905368,16.3
14/10/2011,0,0,27.8(1.83 %),0,0,0,0,4905368,16.3
17/10/2011,0,0,27.8(0.00 %),0,0,0,0,4905368,16.3
18/10/2011,0,0,28(0.72 %),0,0,0,0,4905368,16.3
19/10/2011,0,0,28.2(0.71 %),0,0,0,0,4905368,16.3
20/10/2011,0,0,27(-4.26 %),0,0,0,0,4905368,16.3
21/10/2011,-30,-840000,28(3.70 %),0,0,30,840000,4905398,16.3
24/10/2011,0,0,28.3(1.07 %),0,0,0,0,4905398,16.3
25/10/2011,-4000,-113700000,28.2(-0.35 %),0,0,4000,113700000,4909398,16.27
26/10/2011,0,0,28(-0.71 %),0,0,0,0,4909398,16.27
27/10/2011,0,0,28.3(1.07 %),0,0,0,0,4909398,16.27
28/10/2011,0,0,28(-1.06 %),0,0,0,0,4909398,16.27
31/10/2011,-100,-2780000,27.5(-1.79 %),0,0,100,2780000,4909498,16.27
01/11/2011,0,0,27(-1.82 %),0,0,0,0,4909398,16.27
02/11/2011,0,0,27.2(0.74 %),0,0,0,0,4909398,16.27
03/11/2011,0,0,27.5(1.10 %),0,0,0,0,4909398,16.27
04/11/2011,0,0,27.2(-1.09 %),0,0,0,0,4909398,16.27
07/11/2011,840,23268000,27.7(1.84 %),840,23268000,0,0,4908558,16.28
08/11/2011,0,0,27.5(-0.72 %),0,0,0,0,4908558,16.28
09/11/2011,0,0,27.4(-0.36 %),0,0,0,0,4908558,16.28
10/11/2011,0,0,27.4(0.00 %),0,0,0,0,4908558,16.28
11/11/2011,0,0,27.4(0.00 %),0,0,0,0,4908558,16.28
14/11/2011,-3000,-78570000,27.3(-0.36 %),0,0,3000,78570000,4911558,16.26
15/11/2011,-10,-270000,27(-1.10 %),0,0,10,270000,4911568,16.26
16/11/2011,-1050,-26985000,25.7(-4.81 %),100,2570000,1150,29555000,4912618,16.25
17/11/2011,-6280,-163083000,25.7(0.00 %),0,0,6280,163083000,4918898,16.21
18/11/2011,-10000,-246500000,25.9(0.78 %),0,0,10000,246500000,4928898,16.14
21/11/2011,0,0,25.9(0.00 %),0,0,0,0,4928898,16.14
22/11/2011,0,0,26.3(1.54 %),0,0,0,0,4928898,16.14
23/11/2011,0,0,26.3(0.00 %),0,0,0,0,4928898,16.14
24/11/2011,-1510,-38650000,25(-4.94 %),0,0,1510,38650000,4930408,16.13
25/11/2011,0,0,26.1(4.40 %),0,0,0,0,4930408,16.13
28/11/2011,-510,-12670000,25.9(-0.77 %),0,0,510,12670000,4930918,16.13
29/11/2011,0,0,25(-3.47 %),0,0,0,0,4930918,16.13
30/11/2011,0,0,24.8(-0.80 %),0,0,0,0,4930918,16.13
01/12/2011,0,0,26(4.84 %),0,0,0,0,4930508,16.13
02/12/2011,-200,-4940000,24.7(-5.00 %),0,0,200,4940000,4930708,16.13
05/12/2011,-5000,-120126000,24(-2.83 %),0,0,5000,120126000,4935708,16.1
06/12/2011,-12000,-295100000,25.2(5.00 %),0,0,12000,295100000,4947708,16.02
07/12/2011,-4500,-110250000,24.4(-3.17 %),0,0,4500,110250000,4952208,15.99
08/12/2011,-500,-12000000,25.4(4.10 %),0,0,500,12000000,4952708,15.98
09/12/2011,-21010,-530053000,25.3(-0.39 %),0,0,21010,530053000,4973718,15.84
12/12/2011,0,0,26.5(4.74 %),0,0,0,0,4973718,15.84
13/12/2011,-2000,-50400000,25.2(-4.91 %),0,0,2000,50400000,4975718,15.83
14/12/2011,-6200,-156240000,25.2(0.00 %),0,0,6200,156240000,4981918,15.79
15/12/2011,-3590,-89750000,25.9(2.78 %),0,0,3590,89750000,4985508,15.76
16/12/2011,-1000,-26000000,26(0.39 %),0,0,1000,26000000,4986508,15.76
19/12/2011,0,0,26.7(2.69 %),0,0,0,0,4986508,15.76
20/12/2011,-600,-15700000,26.1(-2.25 %),0,0,600,15700000,4987108,15.75
21/12/2011,-5690,-147940000,26(-0.38 %),0,0,5690,147940000,4992798,15.71
22/12/2011,0,0,24.7(-5.00 %),0,0,0,0,4992798,15.71
23/12/2011,-16810,-417130000,25.4(2.83 %),900,22320000,17710,439450000,5009608,15.6
26/12/2011,0,0,26.5(4.33 %),0,0,0,0,5009608,15.6
27/12/2011,-8190,-227682000,27.5(3.77 %),0,0,8190,227682000,5017798,15.55
28/12/2011,0,0,28.3(2.91 %),0,0,0,0,5017798,15.55
29/12/2011,-2100,-60400000,28.8(1.77 %),0,0,2100,60400000,5019898,15.53
30/12/2011,-7010,-196296000,28(-2.78 %),0,0,7010,196296000,5026908,15.49
03/01/2012,0,0,27(-3.57 %),0,0,0,0,5018308,15.54
04/01/2012,0,0,27(0.00 %),0,0,0,0,5018308,15.54
05/01/2012,0,0,27(0.00 %),0,0,0,0,5018308,15.54
06/01/2012,0,0,26.5(-1.85 %),0,0,0,0,5018308,15.54
09/01/2012,-100,-2690000,26.9(1.51 %),0,0,100,2690000,5018408,15.54
10/01/2012,0,0,27(0.37 %),0,0,0,0,5018408,15.54
11/01/2012,0,0,28.1(4.07 %),0,0,0,0,5018408,15.54
12/01/2012,0,0,27.7(-1.42 %),0,0,0,0,5018408,15.54
13/01/2012,0,0,27.7(0.00 %),0,0,0,0,5018408,15.54
16/01/2012,0,0,27(-2.53 %),0,0,0,0,5018408,15.54
17/01/2012,0,0,27(0.00 %),0,0,0,0,5018408,15.54
18/01/2012,0,0,28.3(4.81 %),0,0,0,0,5018408,15.54
19/01/2012,0,0,29.6(4.59 %),0,0,0,0,5018408,15.54
20/01/2012,0,0,30.9(4.39 %),0,0,0,0,5018408,15.54
30/01/2012,0,0,30.9(0.00 %),0,0,0,0,5018408,15.54
31/01/2012,0,0,30.9(0.00 %),0,0,0,0,5018408,15.54
01/02/2012,0,0,29.4(-4.85 %),0,0,0,0,5027518,15.48
02/02/2012,0,0,28(-4.76 %),0,0,0,0,5027518,15.48
03/02/2012,0,0,26.6(-5.00 %),0,0,0,0,5027518,15.48
06/02/2012,-10020,-253550000,27.5(3.38 %),1000,27500000,11020,281050000,5037538,15.42
07/02/2012,0,0,28.8(4.73 %),0,0,0,0,5037538,15.42
08/02/2012,0,0,28.6(-0.69 %),0,0,0,0,5037538,15.42
09/02/2012,-120,-3576000,29.7(3.85 %),0,0,120,3576000,5037658,15.42
10/02/2012,-1550,-40835000,28.5(-4.04 %),2600,77480000,4150,118315000,5039208,15.41
13/02/2012,-10990,-326403000,28.6(0.35 %),0,0,10990,326403000,5050198,15.33
14/02/2012,0,0,30(4.90 %),0,0,0,0,5050198,15.33
15/02/2012,0,0,31.5(5.00 %),0,0,0,0,5050198,15.33
16/02/2012,0,0,33(4.76 %),0,0,0,0,5050198,15.33
17/02/2012,-50000,-1726500000,34.5(4.55 %),0,0,50000,1726500000,5100198,15.0
20/02/2012,-120,-4140000,34.3(-0.58 %),0,0,120,4140000,5100318,15.0
21/02/2012,0,0,33(-3.79 %),0,0,0,0,5100318,15.0
22/02/2012,0,0,33.6(1.82 %),0,0,0,0,5100318,15.0
23/02/2012,0,0,32.8(-2.38 %),0,0,0,0,5100318,15.0
24/02/2012,0,0,32.7(-0.30 %),0,0,0,0,5100318,15.0
27/02/2012,0,0,31.6(-3.36 %),0,0,0,0,5100318,15.0
28/02/2012,0,0,32(1.27 %),0,0,0,0,5100318,15.0
29/02/2012,0,0,32.5(1.56 %),0,0,0,0,5100318,15.0
01/03/2012,0,0,31.6(-2.77 %),0,0,0,0,5100326,15.0
02/03/2012,0,0,31.6(0.00 %),0,0,0,0,5100326,15.0
05/03/2012,0,0,32.9(4.11 %),0,0,0,0,5100326,15.0
06/03/2012,0,0,31.3(-4.86 %),0,0,0,0,5100326,15.0
07/03/2012,0,0,31(-0.96 %),0,0,0,0,5100326,15.0
08/03/2012,-17500,-525650000,29.5(-4.84 %),0,0,17500,525650000,5117826,14.88
09/03/2012,0,0,30.9(4.75 %),0,0,0,0,5117826,14.88
12/03/2012,0,0,29.7(-3.88 %),0,0,0,0,5117826,14.88
13/03/2012,0,0,31.1(4.71 %),0,0,0,0,5117826,14.88
14/03/2012,0,0,32.6(4.82 %),0,0,0,0,5117826,14.88
15/03/2012,0,0,34.2(4.91 %),0,0,0,0,5117826,14.88
16/03/2012,0,0,35(2.34 %),0,0,0,0,5117826,14.88
19/03/2012,-6480,-226152000,33.7(-3.71 %),0,0,6480,226152000,5124306,14.84
20/03/2012,0,0,35.2(4.45 %),0,0,0,0,5124306,14.84
21/03/2012,-380,-13718000,36.1(2.56 %),0,0,380,13718000,5124686,14.84
22/03/2012,0,0,36(-0.28 %),0,0,0,0,5124686,14.84
23/03/2012,0,0,34.3(-4.72 %),0,0,0,0,5124686,14.84
26/03/2012,0,0,34.9(1.75 %),0,0,0,0,5124686,14.84
27/03/2012,0,0,34.9(0.00 %),0,0,0,0,5124686,14.84
28/03/2012,0,0,34.5(-1.15 %),0,0,0,0,5124686,14.84
29/03/2012,0,0,33.5(-2.90 %),0,0,0,0,5124686,14.84
30/03/2012,0,0,33.5(0.00 %),0,0,0,0,5124686,14.84
03/04/2012,0,0,32.4(-3.28 %),0,0,0,0,5124686,14.84
04/04/2012,0,0,31.5(-2.78 %),0,0,0,0,5124686,14.84
05/04/2012,-10,-330000,32.2(2.22 %),0,0,10,330000,5124696,14.84
06/04/2012,0,0,33.2(3.11 %),0,0,0,0,5124696,14.84
09/04/2012,-1300,-44690000,34.8(4.82 %),0,0,1300,44690000,5125996,14.83
10/04/2012,-200,-7300000,36.5(4.89 %),0,0,200,7300000,5126196,14.83
11/04/2012,0,0,37.5(2.74 %),0,0,0,0,5126196,14.83
12/04/2012,10800,405000000,37.5(0.00 %),10800,405000000,0,0,5115396,14.9
13/04/2012,0,0,37(-1.33 %),0,0,0,0,5115396,14.9
16/04/2012,-10000,-372000000,37(0.00 %),0,0,10000,372000000,5125396,14.83
17/04/2012,35120,1335160000,38.8(4.86 %),51040,1930848000,15920,595688000,5090276,15.06
18/04/2012,8660,340800000,40.4(4.12 %),8760,344800000,100,4000000,5081616,15.12
19/04/2012,50000,1930303000,38.4(-4.95 %),50000,1930303000,0,0,5031616,15.46
20/04/2012,14000,524600000,40.1(4.43 %),14000,524600000,0,0,5017616,15.55
23/04/2012,65400,2498320000,38.1(-4.99 %),65400,2498320000,0,0,4952216,15.99
24/04/2012,0,0,36.6(-3.94 %),0,0,0,0,4952216,15.99
25/04/2012,0,0,36.5(-0.27 %),0,0,0,0,4952216,15.99
26/04/2012,0,0,34.8(-4.66 %),0,0,0,0,4952216,15.99
27/04/2012,0,0,34.1(-2.01 %),0,0,0,0,4952216,15.99
02/05/2012,0,0,34.2(0.29 %),0,0,0,0,4952216,15.99
03/05/2012,0,0,34.2(0.00 %),0,0,0,0,4952216,15.99
04/05/2012,0,0,34.9(2.05 %),0,0,0,0,4952216,15.99
07/05/2012,0,0,36.6(4.87 %),0,0,0,0,4952216,15.99
08/05/2012,0,0,35.4(-3.28 %),0,0,0,0,4952216,15.99
09/05/2012,0,0,35.3(-0.28 %),0,0,0,0,4952216,15.99
10/05/2012,500,18350000,36.7(3.97 %),500,18350000,0,0,4951716,15.99
11/05/2012,1000,37500000,36.7(0.00 %),1000,37500000,0,0,4950716,16.0
14/05/2012,0,0,36.6(-0.27 %),0,0,0,0,4950716,16.0
15/05/2012,0,0,36.3(-0.82 %),0,0,0,0,4950716,16.0
16/05/2012,0,0,35.2(-3.03 %),0,0,0,0,4950716,16.0
17/05/2012,0,0,35(-0.57 %),0,0,0,0,4950716,16.0
18/05/2012,-200,-7000000,34.2(-2.29 %),0,0,200,7000000,4950916,15.99
21/05/2012,0,0,35.7(4.39 %),0,0,0,0,4950916,15.99
22/05/2012,0,0,34.1(-4.48 %),0,0,0,0,4950916,15.99
23/05/2012,0,0,32.4(-4.99 %),0,0,0,0,4950916,15.99
24/05/2012,0,0,33.4(3.09 %),0,0,0,0,4950916,15.99
25/05/2012,-500,-17500000,32(-4.19 %),0,0,500,17500000,4951416,15.99
28/05/2012,0,0,30.5(-4.69 %),0,0,0,0,4951416,15.99
29/05/2012,0,0,32(4.92 %),0,0,0,0,4951416,15.99
30/05/2012,0,0,33.6(5.00 %),0,0,0,0,4951416,15.99
31/05/2012,0,0,34.5(2.68 %),0,0,0,0,4951416,15.99
01/06/2012,0,0,32.8(-4.93 %),0,0,0,0,4951416,15.99
04/06/2012,-80,-2696000,33.7(2.74 %),0,0,80,2696000,4951496,15.99
05/06/2012,0,0,32.2(-4.45 %),0,0,0,0,4951416,15.99
06/06/2012,0,0,32.3(0.31 %),0,0,0,0,4951416,15.99
07/06/2012,0,0,32.6(0.93 %),0,0,0,0,4951416,15.99
08/06/2012,0,0,32.1(-1.53 %),0,0,0,0,4951416,15.99
11/06/2012,0,0,32.6(1.56 %),0,0,0,0,4951416,15.99
12/06/2012,0,0,32.1(-1.53 %),0,0,0,0,4951416,15.99
13/06/2012,0,0,32.2(0.31 %),0,0,0,0,4951416,15.99
14/06/2012,0,0,32(-0.62 %),0,0,0,0,4951416,15.99
15/06/2012,0,0,32.3(0.94 %),0,0,0,0,4951416,15.99
18/06/2012,0,0,32.7(1.24 %),0,0,0,0,4951416,15.99
19/06/2012,0,0,32.3(-1.22 %),0,0,0,0,4951416,15.99
20/06/2012,0,0,32.7(1.24 %),0,0,0,0,4951416,15.99
21/06/2012,0,0,32.2(-1.53 %),0,0,0,0,4951416,15.99
22/06/2012,0,0,31.4(0.64 %),0,0,0,0,4951416,15.99
25/06/2012,200,6080000,30.1(-4.14 %),200,6080000,0,0,4951216,15.99
26/06/2012,240,6864000,28.6(-4.98 %),240,6864000,0,0,4950976,15.99
27/06/2012,0,0,29(1.40 %),0,0,0,0,4950976,15.99
28/06/2012,0,0,27.6(-4.83 %),0,0,0,0,4950976,15.99
29/06/2012,0,0,28.7(3.99 %),0,0,0,0,4950976,15.99
02/07/2012,0,0,28(-2.44 %),0,0,0,0,4951056,15.99
03/07/2012,0,0,26.8(-4.29 %),0,0,0,0,4951056,15.99
04/07/2012,0,0,27.6(2.99 %),0,0,0,0,4951056,15.99
05/07/2012,0,0,28(1.45 %),0,0,0,0,4951056,15.99
06/07/2012,0,0,28.7(2.50 %),0,0,0,0,4951056,15.99
09/07/2012,0,0,28(-2.44 %),0,0,0,0,4951056,15.99
10/07/2012,-3200,-89200000,28(0.00 %),0,0,3200,89200000,4954256,15.97
11/07/2012,0,0,28(0.00 %),0,0,0,0,4954256,15.97
12/07/2012,0,0,28.3(1.07 %),0,0,0,0,4954256,15.97
13/07/2012,0,0,29.3(3.53 %),0,0,0,0,4954256,15.97
16/07/2012,0,0,28.1(-4.10 %),0,0,0,0,4954256,15.97
17/07/2012,0,0,28.1(0.00 %),0,0,0,0,4954256,15.97
18/07/2012,0,0,28.1(0.00 %),0,0,0,0,4954256,15.97
19/07/2012,0,0,28.5(1.42 %),0,0,0,0,4954256,15.97
20/07/2012,0,0,28(-1.75 %),0,0,0,0,4954256,15.97
23/07/2012,0,0,27.8(-0.71 %),0,0,0,0,4954256,15.97
24/07/2012,0,0,27.3(-1.80 %),0,0,0,0,4954256,15.97
25/07/2012,0,0,26.6(-2.56 %),0,0,0,0,4954256,15.97
26/07/2012,0,0,27.2(2.26 %),0,0,0,0,4954256,15.97
27/07/2012,0,0,26.3(-3.31 %),0,0,0,0,4954256,15.97
30/07/2012,0,0,25.5(-3.04 %),0,0,0,0,4954256,15.97
31/07/2012,0,0,26.5(3.92 %),0,0,0,0,4954256,15.97
01/08/2012,0,0,26.7(0.75 %),0,0,0,0,4954256,15.97
02/08/2012,0,0,26(-2.62 %),0,0,0,0,4954256,15.97
03/08/2012,0,0,26.8(3.08 %),0,0,0,0,4954256,15.97
06/08/2012,0,0,26.9(0.37 %),0,0,0,0,4954256,15.97
07/08/2012,0,0,27(0.37 %),0,0,0,0,4954256,15.97
08/08/2012,0,0,27.9(3.33 %),0,0,0,0,4954256,15.97
09/08/2012,500,13750000,28(0.36 %),500,13750000,0,0,4953756,15.97
10/08/2012,0,0,28(0.00 %),0,0,0,0,4953756,15.97
13/08/2012,0,0,27.1(-3.21 %),0,0,0,0,4953756,15.97
14/08/2012,0,0,27.9(2.95 %),0,0,0,0,4953756,15.97
15/08/2012,0,0,28(0.36 %),0,0,0,0,4953756,15.97
16/08/2012,0,0,28(0.00 %),0,0,0,0,4953756,15.97
17/08/2012,0,0,28.2(0.71 %),0,0,0,0,4953756,15.97
20/08/2012,500,14120000,28(-0.71 %),500,14120000,0,0,4953256,15.98
21/08/2012,0,0,26.6(-5.00 %),0,0,0,0,4953256,15.98
22/08/2012,0,0,27.4(3.01 %),0,0,0,0,4953256,15.98
23/08/2012,0,0,27.3(-0.36 %),0,0,0,0,4953256,15.98
24/08/2012,0,0,28(2.56 %),0,0,0,0,4953256,15.98
27/08/2012,7000,195580000,28(0.00 %),7000,195580000,0,0,4946256,16.02
28/08/2012,0,0,26.8(-4.29 %),0,0,0,0,4946256,16.02
29/08/2012,0,0,26.8(0.00 %),0,0,0,0,4946256,16.02
30/08/2012,0,0,26.8(0.00 %),0,0,0,0,4946256,16.02
31/08/2012,0,0,26.2(-2.24 %),0,0,0,0,4946256,16.02
04/09/2012,0,0,26(-0.76 %),0,0,0,0,4946256,16.02
05/09/2012,0,0,26(0.00 %),0,0,0,0,4946256,16.02
06/09/2012,0,0,27(3.85 %),0,0,0,0,4946256,16.02
07/09/2012,0,0,26(-3.70 %),0,0,0,0,4946256,16.02
10/09/2012,0,0,25(-3.85 %),0,0,0,0,4946256,16.02
11/09/2012,0,0,25(0.00 %),0,0,0,0,4946256,16.02
12/09/2012,0,0,25.4(1.60 %),0,0,0,0,4946256,16.02
13/09/2012,0,0,25.5(0.39 %),0,0,0,0,4946256,16.02
14/09/2012,0,0,26.2(2.75 %),0,0,0,0,4946256,16.02
17/09/2012,0,0,26.9(2.67 %),0,0,0,0,4946256,16.02
18/09/2012,0,0,26.8(-0.37 %),0,0,0,0,4946256,16.02
19/09/2012,0,0,27.6(2.99 %),0,0,0,0,4946256,16.02
20/09/2012,0,0,27.6(0.00 %),0,0,0,0,4946256,16.02
21/09/2012,0,0,28(1.45 %),0,0,0,0,4946256,16.02
24/09/2012,0,0,28(0.00 %),0,0,0,0,4946256,16.02
25/09/2012,0,0,28.4(1.43 %),0,0,0,0,4946256,16.02
26/09/2012,0,0,28.1(-1.06 %),0,0,0,0,4946256,16.02
27/09/2012,0,0,27(-3.91 %),0,0,0,0,4946256,16.02
28/09/2012,0,0,27(0.00 %),0,0,0,0,4946256,16.02
01/10/2012,0,0,27(0.00 %),0,0,0,0,4946256,16.02
02/10/2012,0,0,26.8(-0.74 %),0,0,0,0,4946256,16.02
03/10/2012,0,0,27.5(2.61 %),0,0,0,0,4946256,16.02
04/10/2012,0,0,27.4(3.40 %),0,0,0,0,4946256,16.02
05/10/2012,1960,53278000,27.3(-0.36 %),1960,53278000,0,0,4944296,16.04
08/10/2012,0,0,26.1(-4.40 %),0,0,0,0,4944296,16.04
09/10/2012,0,0,27(3.45 %),0,0,0,0,4944296,16.04
10/10/2012,0,0,27.4(1.48 %),0,0,0,0,4944296,16.04
11/10/2012,0,0,26.2(-4.38 %),0,0,0,0,4944296,16.04
12/10/2012,0,0,26.5(1.15 %),0,0,0,0,4944296,16.04
15/10/2012,0,0,27.2(2.64 %),0,0,0,0,4944296,16.04
16/10/2012,0,0,26.5(-2.57 %),0,0,0,0,4944296,16.04
17/10/2012,1000,26200000,26(-1.89 %),1000,26200000,0,0,4943296,16.04
18/10/2012,0,0,26.3(1.15 %),0,0,0,0,4943296,16.04
19/10/2012,0,0,26.2(-0.38 %),0,0,0,0,4943296,16.04
22/10/2012,0,0,25(-4.58 %),0,0,0,0,4943296,16.04
23/10/2012,0,0,26.1(4.40 %),0,0,0,0,4943296,16.04
24/10/2012,0,0,25.3(-3.07 %),0,0,0,0,4943296,16.04
25/10/2012,0,0,25.3(0.00 %),0,0,0,0,4943296,16.04
26/10/2012,0,0,26.5(4.74 %),0,0,0,0,4943296,17.8
29/10/2012,0,0,26.5(0.00 %),0,0,0,0,4943296,16.04
30/10/2012,0,0,26.5(0.00 %),0,0,0,0,4943296,16.04
31/10/2012,0,0,26.5(0.00 %),0,0,0,0,4943296,16.04
01/11/2012,0,0,26.5(0.00 %),0,0,0,0,4943296,16.04
02/11/2012,0,0,25.3(-4.53 %),0,0,0,0,4943296,16.04
05/11/2012,0,0,26.2(3.56 %),0,0,0,0,4943296,16.04
06/11/2012,0,0,26.2(0.00 %),0,0,0,0,4943296,16.04
07/11/2012,0,0,27.2(3.82 %),0,0,0,0,4943296,16.04
08/11/2012,0,0,27.2(0.00 %),0,0,0,0,4943296,16.04
09/11/2012,0,0,27.2(0.00 %),0,0,0,0,4943296,16.04
12/11/2012,0,0,27.2(0.00 %),0,0,0,0,4943296,16.04
13/11/2012,0,0,25.9(-4.78 %),0,0,0,0,4943296,16.04
14/11/2012,0,0,26.7(3.09 %),0,0,0,0,4943296,16.04
15/11/2012,0,0,26.7(0.00 %),0,0,0,0,4943296,16.04
16/11/2012,0,0,26.7(0.00 %),0,0,0,0,4943296,16.04
19/11/2012,0,0,26.7(0.00 %),0,0,0,0,4943296,16.04
20/11/2012,0,0,26.7(0.00 %),0,0,0,0,4943296,16.04
21/11/2012,0,0,26.7(0.00 %),0,0,0,0,4943296,16.04
22/11/2012,0,0,26.7(0.00 %),0,0,0,0,4943296,16.04
23/11/2012,0,0,26.7(0.00 %),0,0,0,0,4943296,16.04
26/11/2012,0,0,27.4(2.62 %),0,0,0,0,4943296,16.04
27/11/2012,0,0,27.3(-0.36 %),0,0,0,0,4943296,16.04
28/11/2012,0,0,27.3(0.00 %),223980,5823480000,223980,5823480000,4943296,16.04
29/11/2012,0,0,26.5(-2.93 %),0,0,0,0,4943296,16.04
30/11/2012,0,0,25.3(-4.53 %),0,0,0,0,4943296,16.04
03/12/2012,0,0,25.3(0.00 %),0,0,0,0,4943296,16.04
04/12/2012,0,0,24.3(-3.95 %),0,0,0,0,4943296,16.04
05/12/2012,0,0,24.3(0.00 %),0,0,0,0,4943296,16.04
06/12/2012,0,0,25(2.88 %),0,0,0,0,4943296,16.04
07/12/2012,0,0,25(0.00 %),0,0,0,0,4943296,16.04
10/12/2012,-930,-24366000,26.2(4.80 %),0,0,930,24366000,4944226,16.04
11/12/2012,0,0,27.4(4.58 %),0,0,0,0,4944226,16.04
12/12/2012,0,0,27.5(0.36 %),0,0,0,0,4944226,16.04
13/12/2012,0,0,28.5(3.64 %),0,0,0,0,4944226,16.04
14/12/2012,0,0,28.6(0.35 %),78330,2232405000,78330,2232405000,4944226,16.04
17/12/2012,0,0,29.5(3.15 %),0,0,0,0,4944226,16.04
18/12/2012,0,0,30.8(4.41 %),0,0,0,0,4944226,16.04
19/12/2012,0,0,32.3(4.87 %),0,0,0,0,4944226,16.04
20/12/2012,0,0,33.9(4.95 %),0,0,0,0,4944226,16.04
21/12/2012,-271090,-9614681000,35.5(4.72 %),0,0,271090,9614681000,5215316,14.23
24/12/2012,-187290,-6870100000,37(4.23 %),0,0,187290,6870100000,5402606,12.98
25/12/2012,-15720,-590983000,38.4(3.78 %),0,0,15720,590983000,5418326,12.88
26/12/2012,-400,-15400000,39.2(2.08 %),0,0,400,15400000,5418726,12.88
27/12/2012,0,0,39.2(0.00 %),0,0,0,0,5418726,12.88
28/12/2012,0,0,38(-3.06 %),0,0,0,0,5418726,12.88
02/01/2013,7130,283753000,39.5(3.95 %),7130,283753000,0,0,5411196,12.93
03/01/2013,0,0,37.6(-4.81 %),0,0,0,0,5411196,12.93
04/01/2013,0,0,37.5(-0.27 %),0,0,0,0,5411196,12.93
07/01/2013,-20,-714000,35.7(-4.80 %),0,0,20,714000,5411216,12.93
08/01/2013,0,0,34(-4.76 %),0,0,0,0,5411216,12.93
09/01/2013,0,0,32.5(-4.41 %),0,0,0,0,5411216,12.93
10/01/2013,-1350,-41715000,30.9(-4.92 %),0,0,1350,41715000,5412566,12.92
11/01/2013,-1960,-58212000,29.7(-3.88 %),0,0,1960,58212000,5414526,12.9
14/01/2013,0,0,29.5(-0.67 %),0,0,0,0,5414526,12.9
15/01/2013,0,0,30(1.69 %),0,0,0,0,5414526,12.9
16/01/2013,0,0,30.3(1.00 %),0,0,0,0,5414526,12.9
17/01/2013,0,0,30(-0.99 %),0,0,0,0,5414526,12.9
18/01/2013,0,0,30(0.00 %),0,0,0,0,5414526,12.9
21/01/2013,0,0,29(-3.33 %),0,0,0,0,5414526,12.9
22/01/2013,0,0,28(-3.45 %),0,0,0,0,5414526,12.9
23/01/2013,0,0,27.5(-1.79 %),0,0,0,0,5414526,12.9
24/01/2013,0,0,28.9(5.09 %),0,0,0,0,5414526,12.9
25/01/2013,0,0,27.6(-4.50 %),0,0,0,0,5414526,12.9
28/01/2013,0,0,29.4(6.52 %),0,0,0,0,5414526,12.9
29/01/2013,0,0,28(-4.76 %),0,0,0,0,5414526,12.9
30/01/2013,0,0,28.1(0.36 %),0,0,0,0,5414526,12.9
31/01/2013,-200,-5620000,29(3.20 %),0,0,200,5620000,5414726,12.9
01/02/2013,0,0,27.2(-6.21 %),0,0,0,0,5414926,12.9
04/02/2013,0,0,28.2(3.68 %),0,0,0,0,5414926,12.9
05/02/2013,0,0,28.2(0.00 %),0,0,0,0,5414926,12.9
06/02/2013,0,0,28.9(2.48 %),0,0,0,0,5414926,12.9
07/02/2013,0,0,29.1(0.69 %),0,0,0,0,5414926,12.9
08/02/2013,0,0,29.5(1.37 %),0,0,0,0,5414926,12.9
18/02/2013,0,0,29.5(0.00 %),0,0,0,0,5414926,12.9
19/02/2013,0,0,28.7(-2.71 %),0,0,0,0,5414926,12.9
20/02/2013,0,0,28(-2.44 %),0,0,0,0,5414926,12.9
21/02/2013,0,0,27(-3.57 %),0,0,0,0,5414926,12.9
22/02/2013,0,0,28.5(5.56 %),0,0,0,0,5414926,12.9
25/02/2013,0,0,28.5(0.00 %),0,0,0,0,5414926,12.9
26/02/2013,0,0,27.8(-2.46 %),0,0,0,0,5414926,12.9
27/02/2013,0,0,26.3(-5.40 %),0,0,0,0,5414926,12.9
28/02/2013,0,0,27(2.66 %),0,0,0,0,5414926,12.9
01/03/2013,0,0,27(0.00 %),0,0,0,0,5415126,12.9
04/03/2013,100,2700000,26.3(-2.59 %),100,2700000,0,0,5415026,12.9
05/03/2013,0,0,26(-1.14 %),0,0,0,0,5415026,12.9
06/03/2013,0,0,26(0.00 %),0,0,0,0,5415026,12.9
07/03/2013,0,0,26(0.00 %),0,0,0,0,5415026,12.9
08/03/2013,0,0,27.2(4.62 %),0,0,0,0,5415026,12.9
11/03/2013,0,0,27.4(0.74 %),0,0,0,0,5415026,12.9
12/03/2013,0,0,28(2.19 %),0,0,0,0,5415026,12.9
13/03/2013,0,0,29.9(6.79 %),0,0,0,0,5415026,12.9
14/03/2013,0,0,31.9(6.69 %),0,0,0,0,5415026,12.9
15/03/2013,0,0,30(-5.96 %),0,0,0,0,5415026,12.9
18/03/2013,0,0,29.5(-1.67 %),0,0,0,0,5415026,12.9
19/03/2013,0,0,28.7(-2.71 %),0,0,0,0,5415026,12.9
20/03/2013,0,0,30(4.53 %),0,0,0,0,5415026,12.9
21/03/2013,0,0,29.9(-0.33 %),0,0,0,0,5415026,12.9
22/03/2013,0,0,29.9(0.00 %),0,0,0,0,5415026,12.9
25/03/2013,0,0,28(-6.35 %),0,0,0,0,5415026,12.9
26/03/2013,0,0,28.1(0.36 %),0,0,0,0,5415026,12.9
27/03/2013,-2000,-54988000,27(-3.91 %),0,0,2000,54988000,5417026,12.89
28/03/2013,0,0,27(0.00 %),0,0,0,0,5417026,12.89
29/03/2013,840,23986000,28.8(6.67 %),840,23986000,0,0,5416186,12.89
01/04/2013,0,0,28.8(0.00 %),0,0,0,0,5414186,12.91
02/04/2013,0,0,27.5(-4.51 %),0,0,0,0,5414186,12.91
03/04/2013,0,0,27.5(0.00 %),0,0,0,0,5414186,12.91
04/04/2013,0,0,27.5(0.00 %),0,0,0,0,5414186,12.91
05/04/2013,0,0,27.5(0.00 %),0,0,0,0,5414186,12.91
08/04/2013,0,0,29(5.45 %),0,0,0,0,5414186,12.91
09/04/2013,0,0,29.5(1.72 %),0,0,0,0,5414186,12.91
10/04/2013,0,0,27.9(-5.42 %),0,0,0,0,5414186,12.91
11/04/2013,0,0,29.7(6.45 %),0,0,0,0,5414186,12.91
12/04/2013,0,0,27.7(-6.73 %),0,0,0,0,5414186,12.91
15/04/2013,0,0,26(-6.14 %),0,0,0,0,5414186,12.91
16/04/2013,0,0,27.8(6.92 %),0,0,0,0,5414186,12.91
17/04/2013,0,0,27.8(0.00 %),0,0,0,0,5414186,12.91
18/04/2013,0,0,26(-6.47 %),0,0,0,0,5414186,12.91
22/04/2013,0,0,26(0.00 %),0,0,0,0,5414186,12.91
23/04/2013,0,0,26(0.00 %),0,0,0,0,5414186,12.91
24/04/2013,0,0,27.5(5.77 %),0,0,0,0,5414186,12.91
25/04/2013,0,0,28.1(2.18 %),0,0,0,0,5414186,12.91
26/04/2013,0,0,28.1(0.00 %),0,0,0,0,5414186,12.91
02/05/2013,0,0,28.1(0.00 %),0,0,0,0,5416186,12.89
03/05/2013,0,0,28.1(0.00 %),0,0,0,0,5416186,12.89
06/05/2013,0,0,26.3(-6.41 %),0,0,0,0,5416186,12.89
07/05/2013,0,0,26.3(0.00 %),0,0,0,0,5416186,12.89
08/05/2013,0,0,26.6(1.14 %),0,0,0,0,5416186,12.89
09/05/2013,0,0,26.6(0.00 %),0,0,0,0,5416186,12.89
10/05/2013,0,0,26.3(-1.13 %),0,0,0,0,5416186,12.89
13/05/2013,0,0,27(2.66 %),0,0,0,0,5416186,12.89
14/05/2013,0,0,27(0.00 %),0,0,0,0,5416186,12.89
15/05/2013,0,0,27(0.00 %),0,0,0,0,5416186,12.89
16/05/2013,0,0,27(0.00 %),0,0,0,0,5416186,12.89
17/05/2013,0,0,27(0.00 %),0,0,0,0,5416186,12.89
20/05/2013,0,0,26(-3.70 %),0,0,0,0,5416186,12.89
21/05/2013,-970,-25220000,27.8(6.92 %),0,0,970,25220000,5417156,12.89
22/05/2013,0,0,28.4(2.16 %),0,0,0,0,5417156,12.89
23/05/2013,0,0,28.4(0.00 %),0,0,0,0,5417156,12.89
24/05/2013,0,0,28.2(-0.70 %),0,0,0,0,5417156,12.89
27/05/2013,0,0,28.2(0.00 %),0,0,0,0,5417156,12.89
28/05/2013,0,0,28.2(0.00 %),0,0,0,0,5417156,12.89
29/05/2013,0,0,26.8(-4.96 %),0,0,0,0,5417156,12.89
30/05/2013,0,0,28.6(6.72 %),0,0,0,0,5417156,12.89
31/05/2013,0,0,30.5(6.64 %),0,0,0,0,5417156,12.89
03/06/2013,-150780,-4371420000,30.4(-0.33 %),800,24400000,151580,4395820000,5416356,12.89
04/06/2013,0,0,29.5(-2.96 %),0,0,0,0,5416356,12.89
05/06/2013,0,0,27.9(-5.42 %),0,0,0,0,5416356,12.89
06/06/2013,0,0,27.6(-1.08 %),0,0,0,0,5416356,12.89
07/06/2013,0,0,27.7(0.36 %),0,0,0,0,5416356,12.89
10/06/2013,0,0,27.7(0.00 %),0,0,0,0,5416356,12.89
11/06/2013,-50,-1325000,29.5(6.50 %),0,0,50,1325000,5416406,12.89
12/06/2013,0,0,29.5(0.00 %),0,0,0,0,5416406,12.89
13/06/2013,0,0,29.5(0.00 %),0,0,0,0,5416406,12.89
14/06/2013,0,0,28(-5.08 %),0,0,0,0,5416406,12.89
17/06/2013,0,0,28(0.00 %),0,0,0,0,5416406,12.89
18/06/2013,0,0,28(0.00 %),0,0,0,0,5416406,12.89
19/06/2013,0,0,28(0.00 %),0,0,0,0,5416406,12.89
20/06/2013,0,0,28(0.00 %),0,0,0,0,5416406,12.89
21/06/2013,0,0,28(0.00 %),0,0,0,0,5416406,12.89
24/06/2013,0,0,28(0.00 %),0,0,0,0,5416406,12.89
25/06/2013,-1300,-36400000,28(0.00 %),0,0,1300,36400000,5417706,12.88
26/06/2013,30,867000,28.9(3.21 %),30,867000,0,0,5417676,12.88
27/06/2013,0,0,28.9(0.00 %),0,0,0,0,5417676,12.88
28/06/2013,0,0,29.9(3.46 %),0,0,0,0,5417676,12.88
01/07/2013,-100,-2950000,29.5(2.08 %),0,0,100,2950000,5569256,11.87
02/07/2013,0,0,29.5(0.00 %),0,0,0,0,5569256,11.87
03/07/2013,0,0,29.5(0.00 %),0,0,0,0,5569256,11.87
04/07/2013,0,0,28.8(-2.37 %),0,0,0,0,5569256,11.87
05/07/2013,0,0,29(0.69 %),0,0,0,0,5569256,11.87
08/07/2013,0,0,29(0.00 %),0,0,0,0,5569256,11.87
09/07/2013,-1000,-28500000,28.5(-1.72 %),0,0,1000,28500000,5570256,11.86
10/07/2013,-800,-22800000,28.5(0.00 %),0,0,800,22800000,5571056,11.86
11/07/2013,0,0,28.5(0.00 %),0,0,0,0,5571056,11.86
12/07/2013,0,0,28(-1.75 %),0,0,0,0,5571056,11.86
15/07/2013,0,0,28(0.00 %),0,0,0,0,5571056,11.86
16/07/2013,0,0,27(-3.57 %),0,0,0,0,5571056,11.86
17/07/2013,0,0,27(0.00 %),0,0,0,0,5571056,11.86
18/07/2013,-13280,-358560000,27(0.00 %),0,0,13280,358560000,5584336,11.77
19/07/2013,-100,-2700000,27(0.00 %),0,0,100,2700000,5584436,11.77
22/07/2013,0,0,27(0.00 %),0,0,0,0,5584436,11.77
23/07/2013,0,0,26(-3.70 %),0,0,0,0,5584436,11.77
24/07/2013,-20,-540000,27(3.85 %),0,0,20,540000,5584456,11.77
25/07/2013,0,0,27(0.00 %),0,0,0,0,5584456,11.77
26/07/2013,0,0,27(0.00 %),100,2700000,100,2700000,5584456,11.77
29/07/2013,0,0,27(0.00 %),0,0,0,0,5584456,11.77
30/07/2013,-10,-270000,27(0.00 %),0,0,10,270000,5584466,11.77
31/07/2013,1000,27500000,27(0.00 %),2700,74250000,1700,46750000,5583466,11.78
01/08/2013,0,0,26.2(-2.96 %),0,0,0,0,5581858,11.79
02/08/2013,0,0,26.2(0.00 %),0,0,0,0,5581858,11.79
05/08/2013,-1000,-26200000,26.2(0.00 %),0,0,1000,26200000,5582858,11.78
06/08/2013,0,0,25(-4.58 %),0,0,0,0,5582858,11.78
07/08/2013,-2000,-50000000,25(0.00 %),0,0,2000,50000000,5584858,11.77
08/08/2013,0,0,26(4.00 %),0,0,0,0,5584858,11.77
09/08/2013,0,0,25.6(-1.54 %),0,0,0,0,5584858,11.77
12/08/2013,0,0,25.6(0.00 %),0,0,0,0,5584858,11.77
13/08/2013,0,0,25.6(0.00 %),0,0,0,0,5584858,11.77
14/08/2013,0,0,25(-2.34 %),0,0,0,0,5584858,11.77
15/08/2013,0,0,25(0.00 %),0,0,0,0,5584858,11.77
16/08/2013,0,0,25(0.00 %),0,0,0,0,5584858,11.77
19/08/2013,0,0,25(0.00 %),0,0,0,0,5584858,11.77
20/08/2013,0,0,25(0.00 %),0,0,0,0,5584858,11.77
21/08/2013,0,0,25(0.00 %),0,0,0,0,5584858,11.77
22/08/2013,0,0,25(0.00 %),0,0,0,0,5584858,11.77
23/08/2013,0,0,25(0.00 %),0,0,0,0,5584858,11.77
26/08/2013,0,0,25(0.00 %),0,0,0,0,5584858,11.77
27/08/2013,0,0,25(0.00 %),0,0,0,0,5584858,11.77
28/08/2013,5000,127500000,25.5(2.00 %),5000,127500000,0,0,5579858,11.8
29/08/2013,0,0,25.5(0.00 %),0,0,0,0,5579858,11.8
30/08/2013,0,0,25.5(0.00 %),0,0,0,0,5579858,11.8
03/09/2013,0,0,24(-5.88 %),0,0,0,0,5581568,11.79
04/09/2013,0,0,24(0.00 %),0,0,0,0,5581568,11.79
05/09/2013,-50,-1135000,22.7(-5.42 %),0,0,50,1135000,5581618,11.79
06/09/2013,0,0,22.7(0.00 %),0,0,0,0,5581618,11.79
09/09/2013,0,0,21.5(-5.29 %),0,0,0,0,5581618,11.79
10/09/2013,0,0,23(6.98 %),0,0,0,0,5581618,11.79
11/09/2013,0,0,24.5(6.52 %),0,0,0,0,5581618,11.79
12/09/2013,0,0,23(-6.12 %),0,0,0,0,5581618,11.79
13/09/2013,0,0,23(0.00 %),0,0,0,0,5581618,11.79
16/09/2013,0,0,23(0.00 %),0,0,0,0,5581618,11.79
17/09/2013,0,0,23(0.00 %),0,0,0,0,5581618,11.79
18/09/2013,0,0,24.5(6.52 %),342168,7869864000,342168,7869864000,5581618,11.79
19/09/2013,0,0,25.5(4.08 %),0,0,0,0,5581618,11.79
20/09/2013,0,0,25.5(0.00 %),0,0,0,0,5581618,11.79
23/09/2013,0,0,24(-5.88 %),0,0,0,0,5581618,11.79
24/09/2013,0,0,24(0.00 %),0,0,0,0,5581618,11.79
25/09/2013,0,0,22.5(-6.25 %),0,0,0,0,5581618,11.79
26/09/2013,0,0,24(6.67 %),0,0,0,0,5581618,11.79
27/09/2013,0,0,24(0.00 %),0,0,0,0,5581618,11.79
30/09/2013,-200000,-4900000000,22.5(-6.25 %),300000,7350000000,500000,12250000000,5781618,10.46
01/10/2013,0,0,22.5(0.00 %),0,0,0,0,5581618,11.79
02/10/2013,0,0,22.5(0.00 %),0,0,0,0,5581618,11.79
03/10/2013,0,0,22.5(0.00 %),0,0,0,0,5581618,11.79
04/10/2013,0,0,22.5(0.00 %),0,0,0,0,5581618,11.79
07/10/2013,0,0,24(6.67 %),0,0,0,0,5581618,11.79
08/10/2013,0,0,24(0.00 %),0,0,0,0,5581618,11.79
09/10/2013,-593010,-14943852000,24(0.00 %),0,0,593010,14943852000,6174628,7.84
10/10/2013,0,0,25.5(6.25 %),0,0,0,0,6174628,7.84
11/10/2013,0,0,25.5(0.00 %),0,0,0,0,6174628,7.84
14/10/2013,0,0,25(-1.96 %),0,0,0,0,6174628,7.84
15/10/2013,0,0,26(4.00 %),0,0,0,0,6174628,7.84
16/10/2013,0,0,26.5(1.92 %),0,0,0,0,6174628,7.84
17/10/2013,0,0,26.4(-0.38 %),0,0,0,0,6174628,7.84
18/10/2013,0,0,26.4(0.00 %),0,0,0,0,6174628,7.84
21/10/2013,0,0,26.4(0.00 %),0,0,0,0,6174628,7.84
22/10/2013,0,0,25(-5.30 %),0,0,0,0,6174628,7.84
23/10/2013,0,0,25.5(2.00 %),0,0,0,0,6174628,7.84
24/10/2013,0,0,25(-1.96 %),0,0,0,0,6174628,7.84
25/10/2013,0,0,26(4.00 %),0,0,0,0,6174628,7.84
28/10/2013,0,0,26(0.00 %),0,0,0,0,6174628,7.84
29/10/2013,0,0,25(-3.85 %),0,0,0,0,6174628,7.84
30/10/2013,0,0,25(0.00 %),0,0,0,0,6174628,7.84
31/10/2013,0,0,25(0.00 %),0,0,0,0,6174628,7.84
01/11/2013,0,0,25(0.00 %),0,0,0,0,6374628,6.5
04/11/2013,0,0,25(0.00 %),0,0,0,0,6374628,6.5
05/11/2013,0,0,23.3(-6.80 %),0,0,0,0,6374628,6.5
06/11/2013,0,0,23.5(0.86 %),0,0,0,0,6374628,6.5
07/11/2013,0,0,22.1(-5.96 %),0,0,0,0,6374628,6.5
08/11/2013,0,0,22.5(1.81 %),0,0,0,0,6374628,6.5
11/11/2013,0,0,22.5(0.00 %),0,0,0,0,6374628,6.5
12/11/2013,0,0,22.5(0.00 %),0,0,0,0,6374628,6.5
13/11/2013,0,0,21.5(-4.44 %),0,0,0,0,6374628,6.5
14/11/2013,0,0,22.5(4.65 %),0,0,0,0,6374628,6.5
15/11/2013,0,0,22.5(0.00 %),0,0,0,0,6374628,6.5
18/11/2013,0,0,24(6.67 %),0,0,0,0,6374628,6.5
19/11/2013,0,0,23.1(-3.75 %),0,0,0,0,6374628,6.5
20/11/2013,0,0,23(-0.43 %),0,0,0,0,6374628,6.5
21/11/2013,0,0,22.5(-2.17 %),0,0,0,0,6374628,6.5
22/11/2013,0,0,22(-2.22 %),0,0,0,0,6374628,6.5
25/11/2013,0,0,22(0.00 %),0,0,0,0,6374628,6.5
26/11/2013,0,0,22.5(2.27 %),0,0,0,0,6374628,6.5
27/11/2013,0,0,22.5(0.00 %),0,0,0,0,6374628,6.5
28/11/2013,0,0,22(-2.22 %),0,0,0,0,6374628,6.5
29/11/2013,0,0,22.1(0.45 %),0,0,0,0,6374628,6.5
02/12/2013,0,0,22.1(0.00 %),0,0,0,0,6374628,6.5
03/12/2013,0,0,22.1(0.00 %),0,0,0,0,6374628,6.5
04/12/2013,0,0,20.6(-6.79 %),0,0,0,0,6374628,6.5
05/12/2013,0,0,22(6.80 %),0,0,0,0,6374628,6.5
06/12/2013,0,0,22(0.00 %),0,0,0,0,6374628,6.5
09/12/2013,0,0,21(-4.55 %),0,0,0,0,6374628,6.5
10/12/2013,0,0,20.1(-4.29 %),0,0,0,0,6374628,6.5
11/12/2013,0,0,21.4(6.47 %),0,0,0,0,6374628,6.5
12/12/2013,0,0,22.4(4.67 %),0,0,0,0,6374628,6.5
13/12/2013,0,0,22.9(2.23 %),0,0,0,0,6374628,6.5
16/12/2013,0,0,24.2(5.68 %),0,0,0,0,6374628,6.5
17/12/2013,0,0,25(3.31 %),0,0,0,0,6374628,6.5
18/12/2013,0,0,25.9(3.60 %),0,0,0,0,6374628,6.5
19/12/2013,0,0,27(4.25 %),0,0,0,0,6374628,6.5
20/12/2013,0,0,28(3.70 %),0,0,0,0,6374628,6.5
23/12/2013,0,0,29(3.57 %),0,0,0,0,6374628,6.5
24/12/2013,0,0,29(0.00 %),0,0,0,0,6374628,6.5
25/12/2013,0,0,29(0.00 %),0,0,0,0,6374628,6.5
26/12/2013,0,0,29(0.00 %),0,0,0,0,6374628,6.5
27/12/2013,0,0,27(-6.90 %),0,0,0,0,6374628,6.5
30/12/2013,400,10080000,28.7(6.30 %),400,10080000,0,0,6374228,6.51
31/12/2013,0,0,28.8(0.35 %),0,0,0,0,6374228,6.51
02/01/2014,-220,-5896000,28.7(-0.35 %),0,0,220,5896000,6374228,6.51
03/01/2014,0,0,28.7(0.00 %),0,0,0,0,6374228,6.51
06/01/2014,0,0,28.7(0.00 %),0,0,0,0,6374228,6.51
07/01/2014,0,0,28(-2.44 %),0,0,0,0,6374228,6.51
08/01/2014,0,0,26.1(-6.79 %),0,0,0,0,6374228,6.51
09/01/2014,0,0,27.7(6.13 %),0,0,0,0,6374228,6.51
10/01/2014,0,0,28(1.08 %),0,0,0,0,6374228,6.51
13/01/2014,0,0,28.8(2.86 %),0,0,0,0,6374228,6.51
14/01/2014,0,0,28.8(0.00 %),0,0,0,0,6374228,6.51
15/01/2014,0,0,28.8(0.00 %),0,0,0,0,6374228,6.51
16/01/2014,0,0,28.8(0.00 %),0,0,0,0,6374228,6.51
17/01/2014,0,0,28.8(0.00 %),0,0,0,0,6374228,6.51
20/01/2014,0,0,28.8(0.00 %),0,0,0,0,6374228,6.51
21/01/2014,0,0,28.8(0.00 %),0,0,0,0,6374228,6.51
22/01/2014,0,0,28.8(0.00 %),0,0,0,0,6374228,6.51
23/01/2014,0,0,28.8(0.00 %),0,0,0,0,6374228,6.51
24/01/2014,0,0,28.8(0.00 %),0,0,0,0,6374228,6.51
27/01/2014,0,0,26.8(-6.94 %),0,0,0,0,6374228,6.51
06/02/2014,0,0,26.6(-0.75 %),0,0,0,0,6374448,6.5
07/02/2014,0,0,28(5.26 %),0,0,0,0,6374448,6.5
10/02/2014,0,0,28(0.00 %),0,0,0,0,6374448,6.5
11/02/2014,0,0,28(0.00 %),0,0,0,0,6374448,6.5
12/02/2014,0,0,28(0.00 %),0,0,0,0,6374448,6.5
13/02/2014,100,2650000,28(0.00 %),100,2650000,0,0,6374348,6.5
14/02/2014,0,0,28(0.00 %),0,0,0,0,6374348,6.5
17/02/2014,0,0,28(0.00 %),0,0,0,0,6374348,6.5
18/02/2014,10590,296520000,28.1(0.36 %),10590,296520000,0,0,6363758,6.57
19/02/2014,0,0,28.4(1.07 %),0,0,0,0,6363758,6.57
20/02/2014,0,0,28.4(0.00 %),0,0,0,0,6363758,6.57
21/02/2014,0,0,28.4(0.00 %),0,0,0,0,6363758,6.57
24/02/2014,0,0,28.2(-0.70 %),0,0,0,0,6363758,6.57
25/02/2014,0,0,27.9(-1.06 %),0,0,0,0,6363758,6.57
26/02/2014,0,0,28(0.36 %),0,0,0,0,6363758,6.57
27/02/2014,0,0,28.8(2.86 %),0,0,0,0,6363758,6.57
28/02/2014,0,0,28.8(0.00 %),0,0,0,0,6363758,6.57
03/03/2014,0,0,28.6(-0.69 %),0,0,0,0,6363758,6.57
04/03/2014,0,0,28.6(0.00 %),0,0,0,0,6363758,6.57
05/03/2014,0,0,28.6(0.00 %),0,0,0,0,6363758,6.57
06/03/2014,0,0,28.6(0.00 %),0,0,0,0,6363758,6.57
07/03/2014,0,0,28.6(0.00 %),0,0,0,0,6363758,6.57
10/03/2014,0,0,28.6(0.00 %),0,0,0,0,6363758,6.57
11/03/2014,0,0,28.7(0.35 %),0,0,0,0,6363758,6.57
12/03/2014,0,0,28.7(0.00 %),0,0,0,0,6363758,6.57
13/03/2014,0,0,28.7(0.00 %),0,0,0,0,6363758,6.57
14/03/2014,0,0,28.7(0.00 %),0,0,0,0,6363758,6.57
17/03/2014,0,0,28.7(0.00 %),0,0,0,0,6363758,6.57
18/03/2014,0,0,29(1.05 %),0,0,0,0,6363758,6.57
19/03/2014,0,0,29(0.00 %),0,0,0,0,6363758,6.57
20/03/2014,0,0,29(0.00 %),0,0,0,0,6363758,6.57
21/03/2014,0,0,28(-3.45 %),0,0,0,0,6363758,6.57
24/03/2014,0,0,28(0.00 %),0,0,0,0,6363758,6.57
25/03/2014,0,0,28(0.00 %),0,0,0,0,6363758,6.57
26/03/2014,0,0,28(0.00 %),0,0,0,0,6363758,6.57
27/03/2014,0,0,29(3.57 %),0,0,0,0,6363758,6.57
28/03/2014,0,0,29.3(1.03 %),0,0,0,0,6363758,6.57
31/03/2014,0,0,30(2.39 %),0,0,0,0,6363758,6.57
01/04/2014,0,0,30(0.00 %),0,0,0,0,6363758,6.57
02/04/2014,290,8700000,29.8(-0.67 %),290,8700000,0,0,6363468,6.58
03/04/2014,0,0,30.7(3.02 %),0,0,0,0,6363468,6.58
04/04/2014,0,0,31.5(2.61 %),0,0,0,0,6363468,6.58
07/04/2014,0,0,31.5(0.00 %),0,0,0,0,6363468,6.58
08/04/2014,0,0,31.5(0.00 %),0,0,0,0,6363468,6.58
10/04/2014,0,0,29.8(-5.40 %),0,0,0,0,6363468,6.58
11/04/2014,0,0,30(0.67 %),0,0,0,0,6363468,6.58
14/04/2014,-76800,-2379700000,30.7(2.33 %),0,0,76800,2379700000,6440268,6.06
15/04/2014,-145000,-4582000000,30.6(-0.33 %),0,0,145000,4582000000,6585268,5.1
16/04/2014,-93000,-2938800000,29.9(-2.29 %),0,0,93000,2938800000,6678268,4.48
17/04/2014,-64400,-1989960000,29.9(0.00 %),0,0,64400,1989960000,6742668,4.05
18/04/2014,0,0,29.9(0.00 %),0,0,0,0,6742668,4.05
21/04/2014,0,0,30.9(3.34 %),0,0,0,0,6742668,4.05
22/04/2014,-145000,-4480500000,30.9(0.00 %),0,0,145000,4480500000,6887668,3.08
23/04/2014,-118968,-3640421000,30(-2.91 %),0,0,118968,3640421000,7006636,2.29
24/04/2014,0,0,27.9(-7.00 %),0,0,0,0,7006636,2.29
25/04/2014,0,0,29.4(5.38 %),0,0,0,0,7006636,2.29
28/04/2014,0,0,27.4(-6.80 %),0,0,0,0,7006636,2.29
29/04/2014,0,0,25.5(-6.93 %),0,0,0,0,7006636,2.29
05/05/2014,0,0,24(-5.88 %),0,0,0,0,7006636,2.29
06/05/2014,0,0,24(0.00 %),0,0,0,0,7006636,2.29
07/05/2014,0,0,25(4.17 %),0,0,0,0,7006636,2.29
08/05/2014,0,0,23.3(-6.80 %),0,0,0,0,7006636,2.29
09/05/2014,0,0,24.7(6.01 %),0,0,0,0,7006636,2.29
12/05/2014,0,0,24.7(0.00 %),0,0,0,0,7006636,2.29
13/05/2014,0,0,24.6(-0.40 %),0,0,0,0,7006636,2.29
14/05/2014,0,0,22.9(-6.91 %),0,0,0,0,7006636,2.29
15/05/2014,0,0,24.3(6.11 %),0,0,0,0,7006636,2.29
16/05/2014,0,0,24.3(0.00 %),0,0,0,0,7006636,2.29
19/05/2014,0,0,24.3(0.00 %),0,0,0,0,7006636,2.29
20/05/2014,0,0,25(2.88 %),0,0,0,0,7006636,2.29
21/05/2014,0,0,26(4.00 %),0,0,0,0,7006636,2.29
22/05/2014,0,0,26(0.00 %),0,0,0,0,7006636,2.29
23/05/2014,0,0,24.2(-6.92 %),0,0,0,0,7006636,2.29
26/05/2014,0,0,22.6(-6.61 %),0,0,0,0,7006636,2.29
27/05/2014,0,0,24.1(6.64 %),0,0,0,0,7006636,2.29
28/05/2014,0,0,24.2(0.41 %),0,0,0,0,7006636,2.29
29/05/2014,-120,-2940000,24(-0.83 %),0,0,120,2940000,7006756,2.29
30/05/2014,0,0,24(0.00 %),0,0,0,0,7006756,2.29
02/06/2014,0,0,24(0.00 %),0,0,0,0,7006636,2.29
03/06/2014,0,0,23.8(-0.83 %),0,0,0,0,7006636,2.29
04/06/2014,0,0,22.5(-5.46 %),0,0,0,0,7006636,2.29
05/06/2014,0,0,21.5(-4.44 %),0,0,0,0,7006636,2.29
06/06/2014,0,0,20.5(-4.65 %),0,0,0,0,7006636,2.29
09/06/2014,-2970,-57819000,20.4(-0.49 %),150,3075000,3120,60894000,7009606,2.27
10/06/2014,0,0,19.5(-4.41 %),0,0,0,0,7009606,2.27
11/06/2014,-40,-832000,20.2(3.59 %),0,0,40,832000,7009646,2.27
12/06/2014,0,0,19.4(-3.96 %),0,0,0,0,7009646,2.27
13/06/2014,-16000,-309800000,19.2(-1.03 %),0,0,16000,309800000,7025646,2.16
16/06/2014,-5250,-100800000,19.2(0.00 %),0,0,5250,100800000,7030896,2.13
17/06/2014,-5000,-96000000,18.6(-3.12 %),0,0,5000,96000000,7035896,2.09
18/06/2014,-7560,-140861000,18.6(0.00 %),150,2790000,7710,143651000,7043456,2.04
19/06/2014,-250,-4650000,18.6(0.00 %),0,0,250,4650000,7043706,2.04
20/06/2014,-4920,-92422000,18.3(-1.61 %),12300,236000000,17220,328422000,7048626,2.01
23/06/2014,-650,-11885000,18.3(0.00 %),350,6415000,1000,18300000,7049276,2.0
24/06/2014,-7960,-145668000,18.3(0.00 %),40,732000,8000,146400000,7057236,1.95
25/06/2014,-12560,-229858000,18.3(0.00 %),0,0,12560,229858000,7069796,1.87
26/06/2014,-3840,-70020000,18(-1.64 %),150,2730000,3990,72750000,7073636,1.84
27/06/2014,-10130,-182340000,18(0.00 %),0,0,10130,182340000,7083766,1.77
30/06/2014,-17190,-312920000,19.2(6.67 %),0,0,17190,312920000,7100956,1.66
01/07/2014,0,0,19(-1.04 %),0,0,0,0,7069766,1.87
02/07/2014,0,0,17.7(-6.84 %),0,0,0,0,7069766,1.87
03/07/2014,-20000,-354180000,18.4(3.95 %),0,0,20000,354180000,7089766,1.73
04/07/2014,-15170,-268412000,17.8(-3.26 %),5000,93000000,20170,361412000,7104936,1.63
07/07/2014,-6020,-107598000,17.9(0.56 %),0,0,6020,107598000,7110956,1.59
08/07/2014,-4240,-74185000,17.5(-2.23 %),1350,23760000,5590,97945000,7115196,1.57
09/07/2014,0,0,18.2(4.00 %),0,0,0,0,7115196,1.57
10/07/2014,0,0,18.1(-0.55 %),0,0,0,0,7134896,1.43
11/07/2014,0,0,17.5(-3.31 %),0,0,0,0,7140916,0.0
14/07/2014,0,0,18.2(4.00 %),0,0,0,0,7140916,1.39
15/07/2014,-30,-546000,18.2(0.00 %),0,0,30,546000,7140946,1.39
16/07/2014,3050,56515000,18.8(3.30 %),4000,74000000,950,17485000,7142506,0.0
17/07/2014,-4000,-70400000,18.7(-0.53 %),0,0,4000,70400000,7146506,1.36
18/07/2014,-170,-3069000,18.7(0.00 %),0,0,170,3069000,7142506,1.38
21/07/2014,1510,27331000,18(-3.74 %),3500,63350000,1990,36019000,7139036,0.0
22/07/2014,-4440,-79920000,17.5(-2.78 %),0,0,4440,79920000,7139986,0.0
23/07/2014,0,0,17.6(0.57 %),0,0,0,0,7143986,0.0
24/07/2014,0,0,18(2.27 %),0,0,0,0,7144156,0.0
25/07/2014,0,0,18.5(2.78 %),0,0,0,0,7146146,0.0
28/07/2014,-10,-185000,18.5(0.00 %),0,0,10,185000,7150586,0.0
29/07/2014,0,0,17.6(-4.86 %),0,0,0,0,7150586,0.0
30/07/2014,-20,-370000,18(2.27 %),0,0,20,370000,7150586,0.0
31/07/2014,-10,-185000,18.5(2.78 %),0,0,10,185000,7150586,0.0
01/08/2014,0,0,18(-2.70 %),0,0,0,0,7150596,0.0
04/08/2014,0,0,17.9(-0.56 %),0,0,0,0,7150596,0.0
05/08/2014,0,0,18(0.56 %),0,0,0,0,7150616,0.0
06/08/2014,0,0,18.4(2.22 %),0,0,0,0,7150626,1.33
07/08/2014,0,0,18.1(-1.63 %),0,0,0,0,7150626,1.33
08/08/2014,0,0,18(-0.55 %),0,0,0,0,7150626,0.0
11/08/2014,0,0,16.8(-6.67 %),0,0,0,0,7150626,0.0
12/08/2014,0,0,16.1(-4.17 %),0,0,0,0,7150626,0.0
13/08/2014,0,0,17.2(6.83 %),0,0,0,0,7150626,0.0
14/08/2014,-50,-900000,17.9(4.07 %),0,0,50,900000,7150626,1.33
15/08/2014,0,0,18.4(2.79 %),0,0,0,0,7150626,1.33
18/08/2014,0,0,18.2(-1.09 %),0,0,0,0,7150626,0.0
19/08/2014,-90,-1632000,19.4(6.59 %),0,0,90,1632000,7150626,0.0
20/08/2014,0,0,19.4(0.00 %),0,0,0,0,7150676,0.0
21/08/2014,0,0,19.4(0.00 %),0,0,0,0,7150676,0.0
22/08/2014,0,0,20.6(6.19 %),0,0,0,0,7150676,1.33
25/08/2014,0,0,20.5(-0.49 %),0,0,0,0,7150766,1.33
26/08/2014,0,0,20(-2.44 %),0,0,0,0,7150766,1.33
27/08/2014,0,0,19.5(-2.50 %),0,0,0,0,7150766,1.33
28/08/2014,0,0,19.4(-0.51 %),0,0,0,0,7150766,1.33
29/08/2014,240,4358000,19.9(2.58 %),240,4358000,0,0,7150526,0.0
03/09/2014,0,0,19.9(0.00 %),0,0,0,0,7150526,1.33
04/09/2014,0,0,18.8(-5.53 %),0,0,0,0,7150526,0.0
05/09/2014,0,0,18.5(-1.60 %),0,0,0,0,7150526,0.0
08/09/2014,0,0,19.7(6.49 %),0,0,0,0,7150526,1.33
09/09/2014,0,0,19.9(1.02 %),0,0,0,0,7150526,1.33
10/09/2014,0,0,19.9(0.00 %),0,0,0,0,7150526,0.0
11/09/2014,-10,-212000,20.8(4.52 %),0,0,10,212000,7150526,0.0
12/09/2014,1890,37989000,20.8(0.00 %),1890,37989000,0,0,7148636,0.0
15/09/2014,-2830,-61684000,21.8(4.81 %),0,0,2830,61684000,7148636,1.34
16/09/2014,0,0,21(-3.67 %),0,0,0,0,7148636,0.0
17/09/2014,0,0,19.6(-6.67 %),0,0,0,0,7148646,0.0
18/09/2014,-10,-190000,20.8(6.12 %),0,0,10,190000,7148646,0.0
19/09/2014,0,0,20.8(0.00 %),0,0,0,0,7151476,0.0
22/09/2014,-100,-2220000,22.2(6.73 %),0,0,100,2220000,7151476,0.0
23/09/2014,0,0,23.2(6.91 %),0,0,0,0,7151476,0.0
24/09/2014,-100,-2480000,24.8(6.90 %),0,0,100,2480000,7151576,1.32
25/09/2014,0,0,26.4(6.45 %),0,0,0,0,7151576,1.32
26/09/2014,0,0,26.3(-0.38 %),0,0,0,0,7151576,1.32
29/09/2014,0,0,24.6(-6.46 %),0,0,0,0,7151586,0.0
30/09/2014,0,0,23(-6.50 %),0,0,0,0,7151686,0.0
01/10/2014,0,0,22.3(-3.04 %),0,0,0,0,7151686,0.0
02/10/2014,0,0,23.1(3.59 %),0,0,0,0,7151686,0.0
03/10/2014,0,0,23(-0.43 %),0,0,0,0,7151686,0.0
06/10/2014,0,0,24.6(6.96 %),0,0,0,0,7151686,0.0
07/10/2014,0,0,24(-2.44 %),0,0,0,0,7151686,0.0
08/10/2014,-5040,-119044000,25(4.17 %),0,0,5040,119044000,7151686,0.0
09/10/2014,0,0,25.4(1.60 %),0,0,0,0,7151686,0.0
10/10/2014,0,0,25.4(0.00 %),0,0,0,0,7151686,0.0
13/10/2014,0,0,24.2(-4.72 %),0,0,0,0,7151686,1.32
14/10/2014,0,0,24.2(0.00 %),0,0,0,0,7151686,1.32
15/10/2014,0,0,24(-0.83 %),0,0,0,0,7151686,1.32
16/10/2014,0,0,24(0.00 %),0,0,0,0,7151686,1.32
17/10/2014,0,0,24(0.00 %),0,0,0,0,7151686,1.32
20/10/2014,0,0,24(0.00 %),0,0,0,0,7151686,1.32
21/10/2014,0,0,22.4(-6.67 %),0,0,0,0,7151686,1.32
22/10/2014,0,0,23.9(6.70 %),0,0,0,0,7151686,1.32
23/10/2014,0,0,23.9(0.00 %),0,0,0,0,7151686,1.32
24/10/2014,0,0,23.9(0.00 %),0,0,0,0,7151686,1.32
27/10/2014,0,0,23.9(0.00 %),0,0,0,0,7151686,1.32
29/10/2014,0,0,24.4(2.09 %),0,0,0,0,7151686,1.32
30/10/2014,0,0,25.5(4.51 %),0,0,0,0,7151686,1.32
31/10/2014,0,0,25.5(0.00 %),0,0,0,0,7151686,1.32
03/11/2014,0,0,25.4(-0.39 %),0,0,0,0,7156726,1.29
04/11/2014,0,0,25.4(0.00 %),0,0,0,0,7156726,1.29
05/11/2014,0,0,24.8(-2.36 %),0,0,0,0,7156726,1.29
06/11/2014,0,0,26(4.84 %),0,0,0,0,7156726,1.29
07/11/2014,0,0,25.5(-1.92 %),0,0,0,0,7156726,1.29
10/11/2014,-5670,-144585000,26.2(2.75 %),0,0,5670,144585000,7162396,1.25
11/11/2014,0,0,26(-0.76 %),0,0,0,0,7162396,1.25
12/11/2014,0,0,26(0.00 %),0,0,0,0,7162396,1.25
13/11/2014,0,0,26.5(1.92 %),0,0,0,0,7162396,1.25
14/11/2014,0,0,26.5(0.00 %),0,0,0,0,7162396,1.25
17/11/2014,0,0,26.5(0.00 %),0,0,0,0,7162396,1.25
18/11/2014,0,0,26.5(0.00 %),0,0,0,0,7162396,1.25
19/11/2014,0,0,26.5(0.00 %),0,0,0,0,7162396,1.25
20/11/2014,0,0,26.4(-0.38 %),0,0,0,0,7162396,0.0
21/11/2014,0,0,26.4(0.00 %),0,0,0,0,7162396,0.0
24/11/2014,0,0,26.4(0.00 %),0,0,0,0,7162396,0.0
25/11/2014,0,0,26.4(0.00 %),0,0,0,0,7162396,0.0
26/11/2014,0,0,26.4(0.00 %),0,0,0,0,7162396,0.0
27/11/2014,0,0,24.7(-6.44 %),0,0,0,0,7162396,0.0
28/11/2014,0,0,25(1.21 %),0,0,0,0,7162396,0.0
01/12/2014,0,0,24.1(-3.60 %),0,0,0,0,7162396,0.0
02/12/2014,0,0,25(3.73 %),0,0,0,0,7162396,0.0
03/12/2014,0,0,26(4.00 %),0,0,0,0,7162396,0.0
04/12/2014,0,0,26(0.00 %),0,0,0,0,7162396,0.0
05/12/2014,0,0,26(0.00 %),0,0,0,0,7162396,0.0
08/12/2014,0,0,26(0.00 %),0,0,0,0,7162396,0.0
09/12/2014,0,0,25.6(-1.54 %),0,0,0,0,7162396,0.0
10/12/2014,0,0,25.6(0.00 %),0,0,0,0,7162396,0.0
11/12/2014,0,0,25.5(-0.39 %),0,0,0,0,7162396,0.0
12/12/2014,0,0,26(1.96 %),0,0,0,0,7162396,1.25
15/12/2014,0,0,25.5(-1.92 %),0,0,0,0,7162396,0.0
16/12/2014,0,0,23.8(-6.67 %),0,0,0,0,7162396,0.0
17/12/2014,0,0,24(0.84 %),0,0,0,0,7162396,0.0
18/12/2014,0,0,24(0.00 %),0,0,0,0,7162396,0.0
19/12/2014,0,0,24(0.00 %),0,0,0,0,7162396,0.0
22/12/2014,0,0,24(0.00 %),0,0,0,0,7162396,1.25
23/12/2014,0,0,24(0.00 %),0,0,0,0,7162396,0.0
24/12/2014,0,0,24(0.00 %),0,0,0,0,7162396,0.0
25/12/2014,0,0,24(0.00 %),0,0,0,0,7162396,0.0
26/12/2014,0,0,24(0.00 %),0,0,0,0,7162396,1.25
29/12/2014,0,0,25.6(6.67 %),0,0,0,0,7162396,1.25
30/12/2014,0,0,23.9(-6.64 %),0,0,0,0,7162396,1.25
31/12/2014,0,0,22.4(-6.28 %),0,0,0,0,7162396,1.25
05/01/2015,0,0,22.4(0.00 %),0,0,0,0,7162396,1.25
06/01/2015,0,0,23.9(6.70 %),0,0,0,0,7162396,1.25
07/01/2015,0,0,24.9(4.18 %),0,0,0,0,7162396,1.25
08/01/2015,0,0,23.3(-6.43 %),0,0,0,0,7162396,1.25
09/01/2015,-7760,-190694000,24(3.00 %),0,0,7760,190694000,7170156,1.2
12/01/2015,0,0,24(0.00 %),0,0,0,0,7170156,1.2
13/01/2015,0,0,24.3(1.25 %),0,0,0,0,7170156,1.2
14/01/2015,0,0,24.3(0.00 %),0,0,0,0,7170156,1.2
15/01/2015,0,0,24.4(0.41 %),0,0,0,0,7170156,1.2
16/01/2015,0,0,24.5(0.41 %),0,0,0,0,7170156,1.2
19/01/2015,0,0,24.6(0.41 %),0,0,0,0,7170156,1.2
20/01/2015,0,0,24.6(0.00 %),0,0,0,0,7170156,1.2
21/01/2015,0,0,25(1.63 %),0,0,0,0,7170156,1.2
22/01/2015,0,0,25.5(2.00 %),0,0,0,0,7170156,1.2
23/01/2015,0,0,25.6(0.39 %),0,0,0,0,7170156,1.2
26/01/2015,0,0,25.2(-1.56 %),0,0,0,0,7170156,1.2
27/01/2015,3000,75600000,25.1(-0.40 %),3000,75600000,0,0,7167156,1.22
28/01/2015,0,0,25.1(0.00 %),0,0,0,0,7167156,1.22
29/01/2015,0,0,25(-0.40 %),0,0,0,0,7167156,1.22
30/01/2015,0,0,26.6(6.40 %),0,0,0,0,7167156,1.22
02/02/2015,0,0,26.6(0.00 %),0,0,0,0,7167156,1.22
03/02/2015,3000,79800000,26.6(0.00 %),3000,79800000,0,0,7164156,1.24
04/02/2015,0,0,26.5(-0.38 %),0,0,0,0,7164156,1.24
05/02/2015,0,0,26.5(0.00 %),0,0,0,0,7164156,1.24
06/02/2015,0,0,26.5(0.00 %),0,0,0,0,7164156,1.24
09/02/2015,0,0,26(-1.89 %),0,0,0,0,7164156,1.24
10/02/2015,0,0,26(0.00 %),0,0,0,0,7164156,1.24
11/02/2015,0,0,25(-3.85 %),0,0,0,0,7164156,1.24
12/02/2015,0,0,25(0.00 %),0,0,0,0,7164156,1.24
13/02/2015,0,0,24.9(-0.40 %),0,0,0,0,7164156,1.24
24/02/2015,0,0,25(0.40 %),0,0,0,0,7164156,1.24
25/02/2015,0,0,25(0.00 %),0,0,0,0,7164156,1.24
26/02/2015,0,0,24(-4.00 %),0,0,0,0,7164156,1.24
27/02/2015,0,0,24.5(2.08 %),0,0,0,0,7164156,1.24
02/03/2015,0,0,24.5(0.00 %),0,0,0,0,7164156,1.24
03/03/2015,0,0,25(2.04 %),0,0,0,0,7164156,1.24
04/03/2015,0,0,25.2(0.80 %),0,0,0,0,7164156,1.24
05/03/2015,0,0,25(-0.79 %),0,0,0,0,7164156,1.24
06/03/2015,0,0,25(0.00 %),0,0,0,0,7164156,1.24
09/03/2015,0,0,24.7(-1.20 %),0,0,0,0,7164156,1.24
10/03/2015,0,0,24.6(-0.40 %),0,0,0,0,7164156,1.24
11/03/2015,0,0,24.5(-0.41 %),0,0,0,0,7164156,1.24
12/03/2015,0,0,24.5(0.00 %),0,0,0,0,7164156,1.24
13/03/2015,0,0,24.6(0.41 %),0,0,0,0,7164156,1.24
16/03/2015,0,0,24.6(0.00 %),0,0,0,0,7164156,1.24
17/03/2015,0,0,24(-2.44 %),0,0,0,0,7164156,1.24
18/03/2015,0,0,25.2(5.00 %),0,0,0,0,7164156,1.24
19/03/2015,0,0,25.2(0.00 %),0,0,0,0,7164156,1.24
20/03/2015,0,0,24.9(-1.19 %),0,0,0,0,7164156,1.24
23/03/2015,-3000,-69900000,23.6(-5.22 %),0,0,3000,69900000,7167156,1.22
24/03/2015,0,0,25(5.93 %),0,0,0,0,7167156,1.22
25/03/2015,0,0,23.6(-5.60 %),0,0,0,0,7167156,1.22
26/03/2015,0,0,23.6(0.00 %),0,0,0,0,7167156,1.22
27/03/2015,0,0,25(5.93 %),0,0,0,0,7167156,1.22
30/03/2015,0,0,24.8(-0.80 %),0,0,0,0,7167156,1.22
31/03/2015,0,0,24.9(0.40 %),0,0,0,0,7167156,1.22
01/04/2015,0,0,24.8(-0.40 %),0,0,0,0,7167156,1.22
02/04/2015,0,0,23.1(-6.85 %),0,0,0,0,7167156,1.22
03/04/2015,0,0,22(-4.76 %),0,0,0,0,7167156,1.22
06/04/2015,0,0,22.8(3.64 %),0,0,0,0,7167156,1.22
07/04/2015,0,0,23.6(3.51 %),0,0,0,0,7167156,1.22
08/04/2015,0,0,24.2(2.54 %),0,0,0,0,7167156,1.22
09/04/2015,0,0,22.6(-6.61 %),0,0,0,0,7167156,1.22
10/04/2015,0,0,22.6(0.00 %),0,0,0,0,7167156,1.22
13/04/2015,0,0,21.2(-6.19 %),0,0,0,0,7167156,1.22
14/04/2015,0,0,19.9(-6.13 %),0,0,0,0,7167156,1.22
15/04/2015,-300,-6360000,21.2(6.53 %),0,0,300,6360000,7167456,1.22
16/04/2015,0,0,22.6(6.60 %),0,0,0,0,7167456,1.22
17/04/2015,0,0,21.3(-5.75 %),0,0,0,0,7167456,1.22
20/04/2015,0,0,22.7(6.57 %),0,0,0,0,7167456,1.22
21/04/2015,0,0,21.2(-6.61 %),0,0,0,0,7167456,1.22
22/04/2015,0,0,20.1(-5.19 %),0,0,0,0,7167456,1.22
23/04/2015,0,0,21.5(6.97 %),0,0,0,0,7167456,1.22
24/04/2015,0,0,23(6.98 %),0,0,0,0,7167456,1.22
27/04/2015,0,0,23(0.00 %),0,0,0,0,7167456,1.22
04/05/2015,0,0,23.8(3.48 %),0,0,0,0,7167456,1.22
05/05/2015,0,0,23.8(0.00 %),0,0,0,0,7167456,1.22
06/05/2015,0,0,23.8(0.00 %),0,0,0,0,7167456,1.35
07/05/2015,0,0,25.4(6.72 %),0,0,0,0,7167456,1.35
08/05/2015,0,0,27(6.30 %),0,0,0,0,7167456,1.35
11/05/2015,0,0,28.7(6.30 %),0,0,0,0,7167456,1.35
12/05/2015,0,0,29.9(4.18 %),0,0,0,0,7167456,1.35
13/05/2015,0,0,28(-6.35 %),0,0,0,0,7167456,1.35
14/05/2015,0,0,26.3(-6.07 %),0,0,0,0,7167456,1.35
15/05/2015,0,0,28.1(6.84 %),0,0,0,0,7167456,1.35
18/05/2015,0,0,28.8(2.49 %),0,0,0,0,7167456,1.35
19/05/2015,0,0,29(0.69 %),0,0,0,0,7167456,1.35
20/05/2015,0,0,29.1(0.34 %),0,0,0,0,7167456,1.35
21/05/2015,0,0,30.2(3.78 %),0,0,0,0,7167456,1.35
22/05/2015,0,0,30.9(2.32 %),0,0,0,0,7167456,1.35
25/05/2015,0,0,31.8(2.91 %),0,0,0,0,7167456,1.35
26/05/2015,-1180,-37524000,31.8(0.00 %),0,0,1180,37524000,7168636,1.34
27/05/2015,0,0,32.8(3.14 %),0,0,0,0,7168636,1.34
28/05/2015,0,0,32(-2.44 %),0,0,0,0,7168636,1.34
29/05/2015,0,0,32(0.00 %),0,0,0,0,7168636,1.34
01/06/2015,0,0,32(0.00 %),0,0,0,0,7168636,1.34
02/06/2015,0,0,32(0.00 %),0,0,0,0,7168636,1.34
03/06/2015,0,0,32(0.00 %),0,0,0,0,7168636,1.34
04/06/2015,-500,-16000000,32(0.00 %),0,0,500,16000000,7169136,1.33
05/06/2015,0,0,31.6(-1.25 %),0,0,0,0,7169136,1.33
08/06/2015,-500,-15950000,31.8(0.63 %),0,0,500,15950000,7169636,1.33
09/06/2015,0,0,31.8(0.00 %),0,0,0,0,7169636,1.33
10/06/2015,0,0,31.8(0.00 %),0,0,0,0,7169636,1.33
11/06/2015,0,0,31.8(0.00 %),0,0,0,0,7169636,1.33
12/06/2015,-13100,-394601000,31.5(-0.94 %),0,0,13100,394601000,7182736,1.23
15/06/2015,0,0,31.2(-0.95 %),0,0,0,0,7182736,1.23
16/06/2015,-15000,-450220000,31.2(0.00 %),0,0,15000,450220000,7197736,1.12
17/06/2015,0,0,31(-0.64 %),0,0,0,0,7197736,1.12
18/06/2015,0,0,30.8(-0.65 %),0,0,0,0,7197736,1.12
19/06/2015,0,0,30.8(0.00 %),0,0,0,0,7197736,1.12
22/06/2015,0,0,30.8(0.00 %),0,0,0,0,7197736,1.12
23/06/2015,0,0,30.8(0.00 %),0,0,0,0,7197736,1.12
24/06/2015,0,0,30.8(0.00 %),0,0,0,0,7197736,1.12
25/06/2015,0,0,30.8(0.00 %),0,0,0,0,7197736,1.12
26/06/2015,0,0,30.8(0.00 %),0,0,0,0,7197736,1.12
29/06/2015,0,0,30.8(0.00 %),0,0,0,0,7197736,1.12
30/06/2015,0,0,31(0.65 %),0,0,0,0,7197736,1.12
01/07/2015,0,0,32(3.23 %),0,0,0,0,7197736,1.12
02/07/2015,0,0,31(-3.12 %),0,0,0,0,7197736,1.02
03/07/2015,0,0,31(0.00 %),0,0,0,0,7197736,1.02
06/07/2015,0,0,31(0.00 %),0,0,0,0,7197736,1.02
07/07/2015,0,0,33.1(6.77 %),0,0,0,0,7197736,1.02
08/07/2015,0,0,31(-6.34 %),0,0,0,0,7197736,1.02
09/07/2015,0,0,33.1(6.77 %),0,0,0,0,7197736,1.02
10/07/2015,0,0,35.4(6.95 %),0,0,0,0,7197736,1.02
13/07/2015,0,0,35.5(0.28 %),0,0,0,0,7197736,1.02
14/07/2015,0,0,35.2(-0.85 %),0,0,0,0,7197736,1.02
15/07/2015,0,0,35.3(0.28 %),0,0,0,0,7197736,1.02
16/07/2015,0,0,37.7(6.80 %),0,0,0,0,7197736,1.02
17/07/2015,0,0,40.3(6.90 %),0,0,0,0,7197736,1.02
20/07/2015,0,0,43.1(6.95 %),0,0,0,0,7197736,1.02
21/07/2015,-15000,-628500000,46(6.73 %),0,0,15000,628500000,7212736,0.92
22/07/2015,-2290,-102930000,45(-2.17 %),340,14790000,2630,117720000,7215026,0.9
23/07/2015,-890,-40050000,45(0.00 %),0,0,890,40050000,7215916,0.89
24/07/2015,0,0,45.5(1.11 %),0,0,0,0,7215916,0.89
27/07/2015,800,36480000,45.6(1.33 %),800,36480000,0,0,7215116,0.9
28/07/2015,0,0,45.6(0.00 %),0,0,0,0,7215116,0.9
29/07/2015,10000,456000000,45.6(0.00 %),10000,456000000,0,0,7205116,0.97
30/07/2015,1990,89550000,44.5(-2.41 %),2000,90000000,10,450000,7203126,0.98
31/07/2015,0,0,47.6(6.97 %),0,0,0,0,7203126,0.98
03/08/2015,0,0,47.6(0.00 %),0,0,0,0,7203116,0.98
04/08/2015,0,0,46(-3.36 %),0,0,0,0,7203116,0.98
05/08/2015,8000,375240000,47(2.17 %),8000,375240000,0,0,7195116,1.03
06/08/2015,0,0,47.5(1.06 %),0,0,0,0,7195116,1.03
07/08/2015,0,0,47.5(0.00 %),0,0,0,0,7195116,1.03
10/08/2015,0,0,50.5(6.32 %),0,0,0,0,7195116,1.03
11/08/2015,-100,-5050000,50.5(0.00 %),0,0,100,5050000,7195216,1.03
12/08/2015,0,0,54(6.93 %),0,0,0,0,7195216,1.03
13/08/2015,0,200000,51(-5.56 %),200,10300000,200,10100000,7195216,1.03
14/08/2015,0,0,51(0.00 %),0,0,0,0,7195216,1.03
17/08/2015,-200,-9600000,51(0.00 %),0,0,200,9600000,7195416,1.03
18/08/2015,0,0,51(0.00 %),0,0,0,0,7195416,1.03
19/08/2015,0,0,50.5(-0.98 %),0,0,0,0,7195416,1.03
20/08/2015,0,0,48.2(-4.55 %),0,0,0,0,7195416,1.03
21/08/2015,0,0,47(-2.49 %),0,0,0,0,7195416,1.03
24/08/2015,0,0,43.8(-6.81 %),0,0,0,0,7195416,1.03
25/08/2015,0,0,40.8(-6.85 %),0,0,0,0,7195416,1.03
26/08/2015,0,0,38.1(-6.62 %),0,0,0,0,7195416,1.03
27/08/2015,-530,-21570000,35.5(-6.82 %),0,0,530,21570000,7195946,1.03
28/08/2015,0,0,34(-4.23 %),0,0,0,0,7195946,1.03
31/08/2015,0,0,36.3(6.76 %),0,0,0,0,7195946,1.03
01/09/2015,0,0,38.8(6.89 %),0,0,0,0,7195430,1.03
03/09/2015,0,0,41.5(6.96 %),0,0,0,0,7195430,1.03
04/09/2015,0,0,44.4(6.99 %),0,0,0,0,7195430,1.03
07/09/2015,0,0,46.5(4.73 %),0,0,0,0,7195430,1.03
08/09/2015,0,0,49.5(6.45 %),0,0,0,0,7195430,1.03
09/09/2015,-33330,-1748810000,52.5(6.06 %),0,0,33330,1748810000,7228760,0.81
10/09/2015,0,0,56(6.67 %),0,0,0,0,7228760,0.81
11/09/2015,0,0,52.5(-6.25 %),0,0,0,0,7228760,0.81
14/09/2015,0,0,50.5(-3.81 %),0,0,0,0,7228760,0.81
15/09/2015,6000,315000000,48.7(-3.56 %),6000,315000000,0,0,7222760,0.85
16/09/2015,0,0,46(-5.54 %),0,0,0,0,7222760,0.85
17/09/2015,1880,92500000,49.2(6.96 %),1880,92500000,0,0,7220880,0.86
18/09/2015,3290,172570000,52.5(6.71 %),3290,172570000,0,0,7217590,0.88
21/09/2015,0,0,56(6.67 %),0,0,0,0,7217590,0.88
22/09/2015,-2000,-119000000,53(-5.36 %),0,0,2000,119000000,7219590,0.87
23/09/2015,-220,-12430000,54(1.89 %),0,0,220,12430000,7219810,0.87
24/09/2015,-21000,-1120930000,56(3.70 %),0,0,21000,1120930000,7240810,0.73
25/09/2015,2530,140650000,54.5(-2.68 %),4830,265650000,2300,125000000,7238280,0.74
28/09/2015,3220,170660000,54(-0.92 %),3220,170660000,0,0,7235060,0.77
29/09/2015,-15360,-813800000,54(0.00 %),780,41730000,16140,855530000,7250420,0.66
30/09/2015,660,33320000,54(0.00 %),1160,60320000,500,27000000,7249760,0.67
01/10/2015,-11690,-611130000,53(-1.85 %),5510,296870000,17200,908000000,7228140,0.81
02/10/2015,9330,510560000,54(1.89 %),9330,510560000,0,0,7218810,0.87
05/10/2015,8740,471960000,54(0.00 %),9940,536760000,1200,64800000,7210070,0.93
06/10/2015,-2620,-141920000,57.5(6.48 %),60,3240000,2680,145160000,7212690,0.92
07/10/2015,0,0,57(-0.87 %),0,0,0,0,7212690,0.92
08/10/2015,2480,143640000,57(0.00 %),4000,228000000,1520,84360000,7210210,0.93
09/10/2015,6000,342000000,57(0.00 %),6000,342000000,0,0,7204210,0.97
12/10/2015,10000,560270000,54(-5.26 %),10000,560270000,0,0,7194210,1.04
13/10/2015,14960,813840000,54(0.00 %),14960,813840000,0,0,7179250,1.14
14/10/2015,1280,69000000,53(-1.85 %),25040,1344160000,23760,1275160000,7177970,1.15
15/03/2017,0,0,65.8(40.00 %),0,0,0,0,1763291,37.24
16/03/2017,0,0,75.6(14.89 %),0,0,0,0,1763291,37.24
17/03/2017,0,0,86(13.76 %),0,0,0,0,1763291,37.24
20/03/2017,0,0,81.5(-0.24 %),0,0,0,0,1763291,37.24
21/03/2017,0,0,82.2(0.00 %),0,0,0,0,1763291,37.24
22/03/2017,0,0,69.9(-14.96 %),0,0,0,0,1763291,37.24
23/03/2017,0,0,60(-14.29 %),0,0,0,0,1763291,37.24
24/03/2017,0,0,62(2.48 %),0,0,0,0,1763291,37.24
27/03/2017,0,0,69(11.29 %),0,0,0,0,1763291,37.24
28/03/2017,0,0,75(8.70 %),0,0,0,0,1763291,37.24
29/03/2017,0,0,74.9(9.02 %),0,0,0,0,1763291,37.24
30/03/2017,0,0,74.9(6.24 %),0,0,0,0,1763291,37.24
31/03/2017,0,0,74.9(0.00 %),0,0,0,0,1763291,37.24
03/04/2017,0,0,74.9(0.00 %),0,0,0,0,1763291,37.24
04/04/2017,0,0,74.9(0.00 %),0,0,0,0,1763291,37.24
05/04/2017,-100,-6380000,74(-1.20 %),0,0,100,6380000,1763291,37.24
07/04/2017,0,0,68.9(0.00 %),0,0,0,0,1763291,37.24
10/04/2017,0,0,73.3(6.39 %),0,0,0,0,1763291,37.24
11/04/2017,0,0,68(0.74 %),0,0,0,0,1763391,37.24
12/04/2017,0,0,68(0.00 %),0,0,0,0,1763391,37.24
13/04/2017,0,0,68(0.00 %),0,0,0,0,1763391,37.24
14/04/2017,0,0,78.1(14.85 %),0,0,0,0,1763391,37.24
17/04/2017,0,0,78.1(0.00 %),0,0,0,0,1763391,37.24
18/04/2017,0,0,73.3(-6.15 %),0,0,0,0,1763391,37.24
19/04/2017,0,0,72.3(5.09 %),0,0,0,0,1763391,37.24
20/04/2017,0,0,72.3(0.00 %),0,0,0,0,1763391,37.24
21/04/2017,0,0,72.3(0.00 %),0,0,0,0,1763391,37.24
24/04/2017,0,0,72.3(0.00 %),0,0,0,0,1763391,37.24
25/04/2017,0,0,72.3(0.00 %),0,0,0,0,1763391,37.24
26/04/2017,0,0,72.3(0.00 %),0,0,0,0,1763391,37.24
27/04/2017,0,0,72.3(0.00 %),0,0,0,0,1763391,37.24
28/04/2017,0,0,72.3(0.00 %),0,0,0,0,1763391,37.24
03/05/2017,0,0,72(-0.41 %),0,0,0,0,1763391,37.24
04/05/2017,0,0,70(-1.96 %),0,0,0,0,1763391,37.24
05/05/2017,0,0,72.1(3.30 %),0,0,0,0,1763391,37.24
08/05/2017,0,0,68.5(-2.14 %),0,0,0,0,1763391,37.24
09/05/2017,0,0,68(-1.16 %),0,0,0,0,1763391,37.24
10/05/2017,0,0,67.5(0.00 %),0,0,0,0,1763391,37.24
11/05/2017,0,0,69(2.22 %),0,0,0,0,1763391,37.24
12/05/2017,0,0,69(12.20 %),0,0,0,0,1763391,37.24
15/05/2017,0,0,69(0.00 %),0,0,0,0,1763391,37.24
16/05/2017,0,0,69(0.00 %),0,0,0,0,1763391,37.24
17/05/2017,0,0,69(0.00 %),0,0,0,0,1763391,37.24
18/05/2017,0,0,68(-1.45 %),0,0,0,0,1763391,37.24
19/05/2017,0,0,66.7(-1.91 %),0,0,0,0,1763391,37.24
22/05/2017,0,0,53(-10.92 %),0,0,0,0,1763391,37.24
23/05/2017,0,0,53(0.00 %),0,0,0,0,1763391,37.24
24/05/2017,0,0,53(0.00 %),0,0,0,0,1763391,37.24
25/05/2017,0,0,53(0.00 %),0,0,0,0,1763391,37.24
26/05/2017,0,0,53(0.00 %),0,0,0,0,1763391,37.24
29/05/2017,0,0,53(0.00 %),0,0,0,0,1763391,37.24
30/05/2017,0,0,53(0.00 %),0,0,0,0,1763391,37.24
31/05/2017,0,0,45.2(-14.72 %),0,0,0,0,1763391,37.24
01/06/2017,0,0,46.5(0.00 %),0,0,0,0,1763391,37.24
02/06/2017,0,0,46.5(0.00 %),0,0,0,0,1763391,37.24
05/06/2017,0,0,46.5(0.00 %),0,0,0,0,1763391,37.24
06/06/2017,0,0,40.5(-12.90 %),0,0,0,0,1763391,37.24
07/06/2017,0,0,42.7(0.00 %),0,0,0,0,1763391,37.24
08/06/2017,0,0,42.7(0.00 %),0,0,0,0,1763391,37.24
09/06/2017,0,0,40(-6.32 %),0,0,0,0,1763391,37.24
12/06/2017,0,0,40(0.00 %),0,0,0,0,1763391,37.24
13/06/2017,0,0,40.1(0.25 %),0,0,0,0,1763391,37.24
14/06/2017,0,0,40.1(0.00 %),0,0,0,0,1763391,37.24
16/06/2017,0,0,46(14.71 %),0,0,0,0,1763391,37.24
19/06/2017,0,0,45.3(0.00 %),0,0,0,0,1763391,37.24
20/06/2017,0,0,45.3(0.00 %),0,0,0,0,1763391,37.24
21/06/2017,0,0,45.3(0.00 %),0,0,0,0,1763391,37.24
22/06/2017,0,0,50(10.38 %),0,0,0,0,1763391,37.24
23/06/2017,0,0,50(0.00 %),0,0,0,0,1763391,37.24
26/06/2017,0,0,50(0.00 %),0,0,0,0,1763391,37.24
27/06/2017,0,0,50(0.00 %),0,0,0,0,1763391,37.24
28/06/2017,0,0,50(0.00 %),0,0,0,0,1763391,37.24
29/06/2017,0,0,50(0.00 %),0,0,0,0,1763391,37.24
30/06/2017,0,0,50(0.00 %),0,0,0,0,1763391,37.24
03/07/2017,0,0,50(0.00 %),0,0,0,0,1763391,37.24
04/07/2017,0,0,50(0.00 %),0,0,0,0,1763391,37.24
05/07/2017,0,0,50(0.00 %),0,0,0,0,1763391,37.24
06/07/2017,0,0,43.5(-13.00 %),0,0,0,0,1763391,37.24
07/07/2017,0,0,41.1(-5.08 %),0,0,0,0,1763391,37.24
10/07/2017,0,0,42(0.00 %),0,0,0,0,1763391,37.24
11/07/2017,0,0,42(0.00 %),0,0,0,0,1763391,37.24
12/07/2017,0,0,40(-4.76 %),0,0,0,0,1763391,37.24
13/07/2017,0,0,40(0.00 %),0,0,0,0,1763391,37.24
14/07/2017,0,0,40(0.00 %),0,0,0,0,1763391,37.24
17/07/2017,0,0,40(0.00 %),0,0,0,0,1763391,37.24
18/07/2017,0,0,40(0.00 %),0,0,0,0,1763391,37.24
19/07/2017,0,0,40(0.00 %),0,0,0,0,1763391,37.24
20/07/2017,0,0,36.3(-9.25 %),0,0,0,0,1763391,37.24
21/07/2017,0,0,41.2(0.00 %),0,0,0,0,1763391,37.24
24/07/2017,0,0,41.2(0.00 %),0,0,0,0,1763391,37.24
25/07/2017,0,0,41.2(0.00 %),0,0,0,0,1763391,37.24
26/07/2017,0,0,41.2(0.00 %),0,0,0,0,1763391,37.24
27/07/2017,0,0,41.2(0.00 %),0,0,0,0,1763391,37.24
28/07/2017,0,0,41.2(0.00 %),0,0,0,0,1763391,37.24
31/07/2017,0,0,41.2(0.00 %),0,0,0,0,1763391,37.24
01/08/2017,0,0,41.2(0.00 %),0,0,0,0,1763391,37.24
02/08/2017,0,0,41.2(0.00 %),0,0,0,0,1763391,37.24
03/08/2017,0,0,41.2(0.00 %),0,0,0,0,1763391,37.24
04/08/2017,0,0,41.2(0.00 %),0,0,0,0,1763391,37.24
07/08/2017,0,0,41.2(0.00 %),0,0,0,0,1763391,37.24
08/08/2017,0,0,41.2(0.00 %),0,0,0,0,1763391,37.24
09/08/2017,0,0,41.2(0.00 %),0,0,0,0,1763391,37.24
10/08/2017,0,0,41.2(0.00 %),0,0,0,0,1763391,37.24
11/08/2017,0,0,41.2(0.00 %),0,0,0,0,1763391,37.24
14/08/2017,0,0,41.2(0.00 %),0,0,0,0,1763391,37.24
15/08/2017,-100,-3810000,38(-7.77 %),0,0,100,3810000,1763391,37.24
16/08/2017,0,0,38.1(0.00 %),0,0,0,0,1763391,37.24
17/08/2017,0,0,38.1(0.00 %),0,0,0,0,1763391,37.24
18/08/2017,0,0,38.1(0.00 %),0,0,0,0,1763491,37.24
21/08/2017,0,0,38.1(0.00 %),0,0,0,0,1763491,37.24
22/08/2017,0,0,38.1(0.00 %),0,0,0,0,1763491,37.24
23/08/2017,0,0,36(-5.51 %),0,0,0,0,1763491,37.24
24/08/2017,0,0,36(0.00 %),0,0,0,0,1763491,37.24
25/08/2017,0,0,36(0.00 %),0,0,0,0,1763491,37.24
28/08/2017,0,0,36(0.00 %),0,0,0,0,1763491,37.24
29/08/2017,0,0,36(0.00 %),0,0,0,0,1763491,37.24
30/08/2017,0,0,36(0.00 %),0,0,0,0,1763491,37.24
31/08/2017,0,0,35(-2.78 %),0,0,0,0,1763491,37.24
01/09/2017,0,0,35(0.00 %),0,0,0,0,1763491,37.24
05/09/2017,0,0,35(0.00 %),0,0,0,0,1763491,37.24
06/09/2017,0,0,35(0.00 %),0,0,0,0,1763491,37.24
07/09/2017,0,0,34(-2.86 %),0,0,0,0,1763491,37.24
08/09/2017,0,0,34(0.00 %),0,0,0,0,1763491,37.24
12/09/2017,0,0,33(-2.94 %),0,0,0,0,1763491,37.24
13/09/2017,0,0,33.5(0.00 %),0,0,0,0,1763491,37.24
15/09/2017,0,0,33.5(0.00 %),0,0,0,0,1763491,37.24
18/09/2017,0,0,31(-7.46 %),0,0,0,0,1763491,37.24
19/09/2017,0,0,30.1(-3.22 %),0,0,0,0,1763491,37.24
20/09/2017,0,0,30.6(0.00 %),0,0,0,0,1763491,37.24
21/09/2017,0,0,30.6(0.00 %),0,0,0,0,1763491,37.24
22/09/2017,0,0,30.6(0.00 %),0,0,0,0,1763491,37.24
25/09/2017,0,0,30.6(0.00 %),0,0,0,0,1763491,37.24
26/09/2017,0,0,30.6(0.00 %),0,0,0,0,1763491,37.24
27/09/2017,0,0,30.6(0.00 %),0,0,0,0,1763491,37.24
28/09/2017,0,0,30.6(0.00 %),0,0,0,0,1763491,37.24
29/09/2017,0,0,30.6(0.00 %),0,0,0,0,1763491,37.24
02/10/2017,0,0,30.6(0.00 %),0,0,0,0,1763491,37.24
03/10/2017,0,0,31.5(2.94 %),0,0,0,0,1763491,37.24
04/10/2017,0,0,31.5(0.00 %),0,0,0,0,1763491,37.24
05/10/2017,0,0,33(4.76 %),0,0,0,0,1763491,37.24
06/10/2017,0,0,33(0.00 %),0,0,0,0,1763491,37.24
11/10/2017,100,3350000,33.5(1.52 %),100,3350000,0,0,1763391,37.24
12/10/2017,0,0,33.5(0.00 %),0,0,0,0,1763391,37.24
16/10/2017,0,0,33.5(0.00 %),0,0,0,0,1763391,37.24
18/10/2017,0,0,33.5(0.00 %),0,0,0,0,1763391,37.24
19/10/2017,0,0,32(-4.48 %),0,0,0,0,1763391,37.24
20/10/2017,0,0,32(0.00 %),0,0,0,0,1763391,37.24
23/10/2017,0,0,32(0.00 %),0,0,0,0,1763391,37.24
24/10/2017,0,0,32(0.00 %),0,0,0,0,1763391,37.24
25/10/2017,-2400,-76800000,32(0.00 %),0,0,2400,76800000,1763391,37.24
26/10/2017,0,0,32(0.00 %),0,0,0,0,1763391,37.24
27/10/2017,0,0,32(0.00 %),0,0,0,0,1763391,37.24
30/10/2017,0,0,32(0.00 %),0,0,0,0,1765791,37.23
31/10/2017,0,0,32(-0.62 %),0,0,0,0,1765791,37.23
01/11/2017,0,0,32(0.00 %),0,0,0,0,1765791,37.23
02/11/2017,0,0,32(0.00 %),0,0,0,0,1765791,37.23
03/11/2017,0,0,36(12.50 %),0,0,0,0,1765791,37.23
06/11/2017,0,0,36(0.00 %),0,0,0,0,1765791,37.23
07/11/2017,0,0,36(0.00 %),0,0,0,0,1765791,37.23
08/11/2017,0,0,36(0.00 %),0,0,0,0,1765791,37.23
09/11/2017,0,0,36(0.00 %),0,0,0,0,1765791,37.23
10/11/2017,0,0,36(0.00 %),0,0,0,0,1765791,37.23
13/11/2017,0,0,36(0.00 %),0,0,0,0,1765791,37.23
14/11/2017,0,0,36(0.00 %),0,0,0,0,1765791,37.23
15/11/2017,0,0,36(0.00 %),0,0,0,0,1765791,37.23
16/11/2017,0,0,36(0.00 %),0,0,0,0,1765791,37.23
17/11/2017,0,0,36(0.00 %),0,0,0,0,1765791,37.23
20/11/2017,0,0,36(0.00 %),0,0,0,0,1765791,37.23
21/11/2017,0,0,36(0.00 %),0,0,0,0,1765791,37.23
22/11/2017,0,0,36(0.00 %),0,0,0,0,1765791,37.23
23/11/2017,0,0,36(0.00 %),0,0,0,0,1765791,37.23
24/11/2017,0,0,36(0.00 %),0,0,0,0,1765791,37.23
27/11/2017,0,0,36(0.00 %),0,0,0,0,1765791,37.23
28/11/2017,0,0,36(0.00 %),0,0,0,0,1765791,37.23
29/11/2017,0,0,36(0.00 %),0,0,0,0,1765791,37.23
30/11/2017,0,0,36(0.00 %),0,0,0,0,1765791,37.23
01/12/2017,0,0,36(0.00 %),0,0,0,0,1765791,37.23
04/12/2017,0,0,36(0.00 %),0,0,0,0,1765791,37.23
05/12/2017,0,0,36(0.00 %),0,0,0,0,1765791,37.23
06/12/2017,0,0,36(0.00 %),0,0,0,0,1765791,37.23
07/12/2017,0,0,36(0.00 %),0,0,0,0,1765791,37.23
08/12/2017,0,0,36(0.00 %),0,0,0,0,1765791,37.23
11/12/2017,0,0,36(0.00 %),0,0,0,0,1765791,37.23
12/12/2017,0,0,36(0.00 %),0,0,0,0,1765791,37.23
13/12/2017,0,0,36(0.00 %),0,0,0,0,1765791,37.23
14/12/2017,0,0,36(0.00 %),0,0,0,0,1765791,37.23
15/12/2017,0,0,36(0.00 %),0,0,0,0,1765791,37.23
18/12/2017,0,0,36(0.00 %),0,0,0,0,1765791,37.23
19/12/2017,0,0,36(0.00 %),0,0,0,0,1765791,37.23
20/12/2017,0,0,36(0.00 %),0,0,0,0,1765791,37.23
21/12/2017,0,0,36(0.00 %),0,0,0,0,1765791,37.23
22/12/2017,0,0,36(0.00 %),0,0,0,0,1765791,37.23
25/12/2017,0,0,36(0.00 %),0,0,0,0,1765791,37.23
26/12/2017,0,0,36(0.00 %),0,0,0,0,1765791,37.23
27/12/2017,0,0,36(0.00 %),0,0,0,0,1765791,37.23
28/12/2017,0,0,36(0.00 %),0,0,0,0,1765791,37.23
29/12/2017,0,0,36(0.00 %),0,0,0,0,1765791,37.23
02/01/2018,0,0,36(0.00 %),0,0,0,0,1765791,37.23
03/01/2018,0,0,36(0.00 %),0,0,0,0,1765791,37.23
04/01/2018,0,0,36(0.00 %),0,0,0,0,1765791,37.23
05/01/2018,0,0,36(0.00 %),0,0,0,0,1765791,37.23
08/01/2018,0,0,36(0.00 %),0,0,0,0,1765791,37.23
09/01/2018,0,0,36(0.00 %),0,0,0,0,1765791,37.23
10/01/2018,0,0,36(0.00 %),0,0,0,0,1765791,37.23
11/01/2018,0,0,40(11.11 %),0,0,0,0,1765791,37.23
12/01/2018,0,0,37.4(0.00 %),0,0,0,0,1765791,37.23
15/01/2018,0,0,37.4(0.00 %),0,0,0,0,1765791,37.23
16/01/2018,0,0,37.4(0.00 %),0,0,0,0,1765791,37.23
17/01/2018,0,0,37.4(0.00 %),0,0,0,0,1765791,37.23
18/01/2018,0,0,37.4(0.00 %),0,0,0,0,1765791,37.23
19/01/2018,0,0,37.4(0.00 %),0,0,0,0,1765791,37.23
22/01/2018,0,0,37.4(0.00 %),0,0,0,0,1765791,37.23
23/01/2018,0,0,31.8(-14.97 %),0,0,0,0,1765791,37.23
24/01/2018,0,0,36.5(14.78 %),0,0,0,0,1765791,37.23
25/01/2018,0,0,36.5(0.00 %),0,0,0,0,1765791,37.23
26/01/2018,0,0,36.5(0.00 %),0,0,0,0,1765791,37.23
29/01/2018,0,0,36.5(0.00 %),0,0,0,0,1765791,37.23
30/01/2018,0,0,36.5(0.00 %),0,0,0,0,1765791,37.23
31/01/2018,1000,36500000,36.5(0.00 %),1000,36500000,0,0,1764791,37.23
01/02/2018,0,0,36.5(0.00 %),0,0,0,0,1764791,37.23
02/02/2018,0,0,36.5(0.00 %),0,0,0,0,1764791,37.23
05/02/2018,0,0,36.5(0.00 %),0,0,0,0,1764791,37.23
06/02/2018,0,0,36.5(0.00 %),0,0,0,0,1764791,37.23
07/02/2018,0,0,36.5(0.00 %),0,0,0,0,1764791,37.23
08/02/2018,0,0,36.5(0.00 %),0,0,0,0,1764791,37.23
09/02/2018,0,0,36.5(0.00 %),0,0,0,0,1764791,37.23
12/02/2018,0,0,36.5(0.00 %),0,0,0,0,1764791,37.23
13/02/2018,0,0,36.5(0.00 %),0,0,0,0,1764791,37.23
21/02/2018,0,0,36.5(0.00 %),0,0,0,0,1764791,37.23
22/02/2018,0,0,36.5(0.00 %),0,0,0,0,1764791,37.23
23/02/2018,0,0,36.5(0.00 %),0,0,0,0,1764791,37.23
26/02/2018,0,0,31.2(-14.52 %),0,0,0,0,1764791,37.23
27/02/2018,0,0,31.2(0.00 %),0,0,0,0,1764791,37.23
28/02/2018,0,0,31.2(0.00 %),0,0,0,0,1764791,37.23
01/03/2018,0,0,32.2(3.21 %),0,0,0,0,1764791,37.23
02/03/2018,0,0,32.2(0.00 %),0,0,0,0,1764791,37.23
05/03/2018,0,0,32.2(0.00 %),0,0,0,0,1764791,37.23
06/03/2018,0,0,32.2(0.00 %),0,0,0,0,1764791,37.23
07/03/2018,0,0,32.2(0.00 %),0,0,0,0,1764791,37.23
08/03/2018,-48,-1344000,32.2(0.00 %),0,0,48,1344000,1764791,37.23
09/03/2018,0,0,32.2(0.00 %),0,0,0,0,1764791,37.23
12/03/2018,0,0,32.2(0.00 %),0,0,0,0,1764791,37.23
14/03/2018,0,0,32.2(0.00 %),0,0,0,0,1764839,37.23
15/03/2018,0,0,30(-6.83 %),0,0,0,0,1764839,37.23
16/03/2018,0,0,30(3.45 %),0,0,0,0,1764839,37.23
19/03/2018,0,0,30(0.00 %),0,0,0,0,1764839,37.23
20/03/2018,0,0,30(0.00 %),0,0,0,0,1764839,37.23
21/03/2018,0,0,30(0.00 %),0,0,0,0,1764839,37.23
22/03/2018,0,0,30(0.00 %),0,0,0,0,1764839,37.23
23/03/2018,0,0,30(0.00 %),0,0,0,0,1764839,37.23
26/03/2018,400,12000000,30(0.00 %),400,12000000,0,0,1764439,37.24
27/03/2018,0,0,30(0.00 %),0,0,0,0,1764439,37.24
28/03/2018,0,0,30(0.00 %),0,0,0,0,1764439,37.24
29/03/2018,0,0,30(0.00 %),0,0,0,0,1764439,37.24
30/03/2018,0,0,30(0.00 %),0,0,0,0,1764439,37.24
02/04/2018,0,0,30(0.00 %),0,0,0,0,1764439,37.24
03/04/2018,0,0,30(0.00 %),0,0,0,0,1764439,37.24
04/04/2018,0,0,30(0.00 %),0,0,0,0,1764439,37.24
05/04/2018,0,0,30(0.00 %),0,0,0,0,1764439,37.24
06/04/2018,-100,-3050000,34.5(15.00 %),0,0,100,3050000,1764439,37.24
09/04/2018,0,0,33.1(0.00 %),0,0,0,0,1764439,37.24
10/04/2018,-300,-10500000,35(5.74 %),0,0,300,10500000,1764439,37.24
11/04/2018,0,0,35(0.00 %),0,0,0,0,1764539,37.24
12/04/2018,0,0,35(0.00 %),0,0,0,0,1764539,37.24
13/04/2018,0,0,35(0.00 %),0,0,0,0,1764839,37.23
16/04/2018,0,0,35(0.00 %),0,0,0,0,1764839,37.23
17/04/2018,0,0,35(0.00 %),0,0,0,0,1764839,37.23
18/04/2018,0,0,35(0.00 %),0,0,0,0,1764839,37.23
19/04/2018,0,0,35(0.00 %),0,0,0,0,1764839,37.23
20/04/2018,0,0,35(0.00 %),0,0,0,0,1764839,37.23
24/04/2018,0,0,35(0.00 %),0,0,0,0,1764839,37.23
26/04/2018,0,0,35(0.00 %),0,0,0,0,1764839,37.23
27/04/2018,0,0,35(0.00 %),0,0,0,0,1764839,37.23
02/05/2018,0,0,35(0.00 %),0,0,0,0,1764839,37.23
03/05/2018,0,0,35(0.00 %),0,0,0,0,1764839,37.23
07/05/2018,0,0,35(0.00 %),0,0,0,0,1764839,37.23
09/05/2018,0,0,35(0.00 %),0,0,0,0,1764839,37.23
10/05/2018,0,0,34.5(0.00 %),0,0,0,0,1764839,37.23
11/05/2018,0,0,34.5(0.00 %),0,0,0,0,1764839,37.23
14/05/2018,0,0,34.5(0.00 %),0,0,0,0,1764839,37.23
15/05/2018,0,0,34.5(0.00 %),0,0,0,0,1764839,37.23
16/05/2018,0,0,34.5(0.00 %),0,0,0,0,1764839,37.23
17/05/2018,0,0,34.5(0.00 %),0,0,0,0,1764839,37.23
18/05/2018,0,0,34.5(0.00 %),0,0,0,0,1764839,37.23
21/05/2018,0,0,34.5(0.00 %),0,0,0,0,1764839,37.23
22/05/2018,0,0,34.5(0.00 %),0,0,0,0,1764839,37.23
23/05/2018,0,0,30(-13.04 %),0,0,0,0,1764839,37.23
24/05/2018,0,0,30(0.00 %),0,0,0,0,1764839,37.23
25/05/2018,0,0,30(0.00 %),0,0,0,0,1764839,37.23
29/05/2018,0,0,30(0.00 %),0,0,0,0,1764839,37.23
30/05/2018,0,0,30(0.00 %),0,0,0,0,1764839,37.23
31/05/2018,0,0,30(0.00 %),0,0,0,0,1764839,37.23
01/06/2018,0,0,30(0.00 %),0,0,0,0,1764839,37.23
04/06/2018,0,0,30(0.00 %),0,0,0,0,1764839,37.23
05/06/2018,0,0,30(0.00 %),0,0,0,0,1764839,37.23
06/06/2018,0,0,30(0.00 %),0,0,0,0,1764839,37.23
07/06/2018,0,0,30(0.00 %),0,0,0,0,1764839,37.23
08/06/2018,0,0,30(0.00 %),0,0,0,0,1764839,37.23
11/06/2018,0,0,30(0.00 %),0,0,0,0,1764839,37.23
12/06/2018,0,0,30(0.00 %),0,0,0,0,1764839,37.23
13/06/2018,0,0,30(0.00 %),0,0,0,0,1764839,37.23
14/06/2018,0,0,30(0.00 %),0,0,0,0,1764839,37.23
15/06/2018,0,0,30(0.00 %),0,0,0,0,1764839,37.23
18/06/2018,0,0,30(0.00 %),0,0,0,0,1764839,37.23
19/06/2018,0,0,30(0.00 %),0,0,0,0,1764839,37.23
20/06/2018,0,0,30(0.00 %),0,0,0,0,1764839,37.23
21/06/2018,0,0,30(0.00 %),0,0,0,0,1764839,37.23
22/06/2018,0,0,30(0.00 %),0,0,0,0,1764839,37.23
25/06/2018,0,0,30(0.00 %),0,0,0,0,1764839,37.23
26/06/2018,0,0,30(0.00 %),0,0,0,0,1764839,37.23
27/06/2018,0,0,30(0.00 %),0,0,0,0,1764839,37.23
28/06/2018,0,0,30(0.00 %),0,0,0,0,1764839,37.23
29/06/2018,0,0,30(0.00 %),0,0,0,0,1764839,37.23
02/07/2018,0,0,34.4(14.67 %),0,0,0,0,1764839,37.23
03/07/2018,0,0,28.9(0.00 %),0,0,0,0,1764839,37.23
04/07/2018,0,0,28.9(0.00 %),0,0,0,0,1764839,37.23
05/07/2018,0,0,28.9(0.00 %),0,0,0,0,1764839,37.23
06/07/2018,0,0,28.9(0.00 %),0,0,0,0,1764839,37.23
09/07/2018,0,0,28.9(0.00 %),0,0,0,0,1764839,37.23
10/07/2018,0,0,24.6(-14.88 %),0,0,0,0,1764839,37.23
11/07/2018,0,0,24.6(0.00 %),0,0,0,0,1764839,37.23
12/07/2018,0,0,24.6(0.00 %),0,0,0,0,1764839,37.23
13/07/2018,0,0,24.6(0.00 %),0,0,0,0,1764839,37.23
16/07/2018,0,0,24.6(0.00 %),0,0,0,0,1764839,37.23
17/07/2018,0,0,24.6(0.00 %),0,0,0,0,1764839,37.23
18/07/2018,0,0,24.6(0.00 %),0,0,0,0,1764839,37.23
19/07/2018,0,0,24.6(0.00 %),0,0,0,0,1764839,37.23
20/07/2018,0,0,24.6(0.00 %),0,0,0,0,1764839,37.23
23/07/2018,0,0,24.6(0.00 %),0,0,0,0,1764839,37.23
24/07/2018,0,0,24.6(0.00 %),0,0,0,0,1764839,37.23
25/07/2018,0,0,24.6(0.00 %),0,0,0,0,1764839,37.23
26/07/2018,0,0,24.6(0.00 %),0,0,0,0,1764839,37.23
27/07/2018,0,0,24.6(0.00 %),0,0,0,0,1764839,37.23
30/07/2018,0,0,24.6(0.00 %),0,0,0,0,1764839,37.23
31/07/2018,0,0,24.6(0.00 %),0,0,0,0,1764839,37.23
01/08/2018,0,0,24.6(0.00 %),0,0,0,0,1764839,37.23
02/08/2018,0,0,24.6(0.00 %),0,0,0,0,1764839,37.23
03/08/2018,0,0,24.6(0.00 %),0,0,0,0,1764839,37.23
06/08/2018,0,0,24.6(0.00 %),0,0,0,0,1764839,37.23
07/08/2018,0,0,24.6(0.00 %),0,0,0,0,1764839,37.23
08/08/2018,0,0,24.6(0.00 %),0,0,0,0,1764839,37.23
09/08/2018,0,0,24.6(0.00 %),0,0,0,0,1764839,37.23
10/08/2018,0,0,24.6(0.00 %),0,0,0,0,1764839,37.23
13/08/2018,0,0,24.6(0.00 %),0,0,0,0,1764839,37.23
14/08/2018,0,0,0(0.00 %),0,0,0,0,1764839,37.23
15/08/2018,0,0,21.5(-12.60 %),0,0,0,0,1764839,37.23
16/08/2018,0,0,21.5(0.00 %),0,0,0,0,1764839,37.23
17/08/2018,0,0,21.5(0.00 %),0,0,0,0,1764839,37.23
20/08/2018,0,0,21.5(0.00 %),0,0,0,0,1764839,37.23
21/08/2018,0,0,21.5(0.00 %),0,0,0,0,1764839,37.23
22/08/2018,0,0,21.5(0.00 %),0,0,0,0,1764839,37.23
23/08/2018,0,0,21.5(0.00 %),0,0,0,0,1764839,37.23
27/08/2018,0,0,21.5(0.00 %),0,0,0,0,1764839,37.23
28/08/2018,0,0,18.3(-14.88 %),0,0,0,0,1764839,37.23
29/08/2018,0,0,18.4(0.00 %),0,0,0,0,1764839,37.23
30/08/2018,0,0,18.4(0.00 %),0,0,0,0,1764839,37.23
31/08/2018,0,0,18.4(0.00 %),0,0,0,0,1764839,37.23
04/09/2018,0,0,18.4(0.00 %),0,0,0,0,1763291,37.24
05/09/2018,0,0,18.4(0.00 %),0,0,0,0,1764839,37.23
07/09/2018,0,0,18.4(0.00 %),0,0,0,0,1764839,37.23
12/09/2018,0,0,18.4(0.00 %),0,0,0,0,1764839,37.23
13/09/2018,0,0,18.4(0.00 %),0,0,0,0,0,0.0
14/09/2018,0,0,18.4(0.00 %),0,0,0,0,1764839,37.23
17/09/2018,0,0,18.4(0.00 %),0,0,0,0,1764839,37.23
18/09/2018,0,0,18.4(0.00 %),0,0,0,0,1764839,37.23
19/09/2018,0,0,18.4(0.00 %),0,0,0,0,1764839,37.23
20/09/2018,0,0,18.4(0.00 %),0,0,0,0,1764839,37.23
21/09/2018,0,0,18.4(0.00 %),0,0,0,0,1764839,37.23
24/09/2018,0,0,15.7(-14.67 %),0,0,0,0,1764839,37.23
25/09/2018,0,0,15.9(0.00 %),0,0,0,0,1764839,37.23
26/09/2018,0,0,15.9(0.00 %),0,0,0,0,1764839,37.23
27/09/2018,0,0,15.9(0.00 %),0,0,0,0,1764839,37.23
28/09/2018,0,0,18.2(14.47 %),0,0,0,0,1764839,37.23
01/10/2018,0,0,17.4(0.00 %),0,0,0,0,1764833,37.23
02/10/2018,0,0,17.4(0.00 %),0,0,0,0,1764833,37.23
03/10/2018,0,0,20(14.94 %),0,0,0,0,1764833,37.23
04/10/2018,0,0,23(15.00 %),0,0,0,0,1764833,37.23
05/10/2018,0,0,23(0.00 %),0,0,0,0,1764833,37.23
08/10/2018,0,0,26.4(14.78 %),0,0,0,0,1764833,37.23
09/10/2018,0,0,26.4(0.00 %),0,0,0,0,1764833,37.23
10/10/2018,0,0,26.4(0.00 %),0,0,0,0,1764833,37.23
11/10/2018,0,0,26.4(0.00 %),0,0,0,0,1764833,37.23
12/10/2018,0,0,26.4(0.00 %),0,0,0,0,1764833,37.23
15/10/2018,0,0,28(6.06 %),0,0,0,0,1764833,37.23
16/10/2018,0,0,28(0.00 %),0,0,0,0,1764833,37.23
17/10/2018,0,0,28(0.00 %),0,0,0,0,1764833,37.23
18/10/2018,0,0,28(0.00 %),0,0,0,0,1764833,37.23
19/10/2018,0,0,28(0.00 %),0,0,0,0,1764833,37.23
22/10/2018,0,0,28(0.00 %),0,0,0,0,1764833,37.23
23/10/2018,0,0,28(0.00 %),0,0,0,0,1764833,37.23
24/10/2018,0,0,28(0.00 %),0,0,0,0,1764833,37.23
25/10/2018,0,0,28(0.00 %),0,0,0,0,1764833,37.23
26/10/2018,0,0,28(0.00 %),0,0,0,0,1764833,37.23
29/10/2018,0,0,28(0.00 %),0,0,0,0,1764833,37.23
30/10/2018,0,0,28(0.00 %),0,0,0,0,1764833,37.23
31/10/2018,0,0,28(0.00 %),0,0,0,0,1764833,37.23
01/11/2018,0,0,28(0.00 %),0,0,0,0,1764833,37.23
02/11/2018,0,0,28(0.00 %),0,0,0,0,1764833,37.23
05/11/2018,0,0,28(0.00 %),0,0,0,0,1764833,37.23
06/11/2018,0,0,28(0.00 %),0,0,0,0,1764833,37.23
07/11/2018,0,0,28(0.00 %),0,0,0,0,1764833,37.23
08/11/2018,0,0,28(0.00 %),0,0,0,0,1764833,37.23
09/11/2018,0,0,28(0.00 %),0,0,0,0,1764833,37.23
12/11/2018,0,0,28(0.00 %),0,0,0,0,1764833,37.23
13/11/2018,0,0,28(0.00 %),0,0,0,0,1764833,37.23
14/11/2018,0,0,28(0.00 %),0,0,0,0,1764833,37.23
15/11/2018,0,0,28(0.00 %),0,0,0,0,1764833,37.23
16/11/2018,0,0,28(0.00 %),0,0,0,0,1764833,37.23
19/11/2018,0,0,28(0.00 %),0,0,0,0,1764833,37.23
20/11/2018,0,0,28(0.00 %),0,0,0,0,1764833,37.23
21/11/2018,0,0,28(0.00 %),0,0,0,0,1764833,37.23
22/11/2018,0,0,28(0.00 %),0,0,0,0,1764833,37.23
23/11/2018,0,0,28(0.00 %),0,0,0,0,1764833,37.23
26/11/2018,0,0,28(0.00 %),0,0,0,0,1764833,37.23
27/11/2018,0,0,28(0.00 %),0,0,0,0,1764833,37.23
28/11/2018,0,0,28(0.00 %),0,0,0,0,1764833,37.23
29/11/2018,0,0,28(0.00 %),0,0,0,0,1764833,37.23
30/11/2018,0,0,28(0.00 %),0,0,0,0,1764833,37.23
03/12/2018,0,0,28(0.00 %),0,0,0,0,1764833,37.23
04/12/2018,0,0,28(0.00 %),0,0,0,0,1764833,37.23
05/12/2018,0,0,28(0.00 %),0,0,0,0,1764833,37.23
06/12/2018,-300,-8400000,27.9(-0.36 %),0,0,300,8400000,1764833,37.23
07/12/2018,0,0,28(0.00 %),0,0,0,0,1764833,37.23
10/12/2018,0,0,28(0.00 %),0,0,0,0,1764833,37.23
11/12/2018,0,0,28(0.00 %),0,0,0,0,1765133,37.23
12/12/2018,0,0,28(0.00 %),0,0,0,0,1765133,37.23
13/12/2018,0,0,28(0.00 %),0,0,0,0,1765133,37.23
14/12/2018,0,0,28(0.00 %),0,0,0,0,1765133,37.23
17/12/2018,0,0,28(0.00 %),0,0,0,0,1765133,37.23
18/12/2018,0,0,28(0.00 %),0,0,0,0,1765133,37.23
19/12/2018,0,0,28(0.00 %),0,0,0,0,1765133,37.23
20/12/2018,0,0,28(0.00 %),0,0,0,0,1765133,37.23
21/12/2018,0,0,28(0.00 %),0,0,0,0,1765133,37.23
24/12/2018,0,0,24(-14.29 %),0,0,0,0,1765133,37.23
25/12/2018,0,0,24(0.00 %),0,0,0,0,1765133,37.23
26/12/2018,0,0,24(0.00 %),0,0,0,0,1765133,37.23
27/12/2018,0,0,24(0.00 %),0,0,0,0,1765133,37.23
28/12/2018,0,0,24(0.00 %),0,0,0,0,1765133,37.23
02/01/2019,0,0,24(0.00 %),0,0,0,0,1765133,37.23
03/01/2019,0,0,24(0.00 %),0,0,0,0,1765133,37.23
04/01/2019,0,0,24(0.00 %),0,0,0,0,1765133,37.23
07/01/2019,0,0,24(0.00 %),0,0,0,0,1765133,37.23
08/01/2019,0,0,24(0.00 %),0,0,0,0,1765133,37.23
10/01/2019,0,0,24(0.00 %),0,0,0,0,1765133,37.23
11/01/2019,0,0,24(0.00 %),0,0,0,0,1765133,37.23
14/01/2019,0,0,24(0.00 %),0,0,0,0,1765133,0.0
15/01/2019,0,0,24(0.00 %),0,0,0,0,1765133,0.0
16/01/2019,0,0,24(0.00 %),0,0,0,0,1765133,0.0
17/01/2019,0,0,24(0.00 %),0,0,0,0,1765133,0.0
18/01/2019,0,0,24(0.00 %),0,0,0,0,1765133,0.0
21/01/2019,0,0,24(0.00 %),0,0,0,0,1765133,0.0
22/01/2019,0,0,21(-12.50 %),0,0,0,0,1765133,0.0
24/01/2019,0,0,21(0.00 %),0,0,0,0,1765133,0.0
25/01/2019,0,0,21(0.00 %),0,0,0,0,1765133,0.0
28/01/2019,0,0,21(0.00 %),0,0,0,0,1765133,0.0
29/01/2019,0,0,21(0.00 %),0,0,0,0,1765133,0.0
30/01/2019,0,0,21(0.00 %),0,0,0,0,1765133,0.0
31/01/2019,0,0,21(0.00 %),0,0,0,0,1765133,0.0
01/02/2019,0,0,21(0.00 %),0,0,0,0,1765133,0.0
11/02/2019,0,0,21(0.00 %),0,0,0,0,1765133,0.0
12/02/2019,0,0,18(-14.29 %),0,0,0,0,1765133,0.0
13/02/2019,0,0,18.1(0.00 %),0,0,0,0,1765133,0.0
14/02/2019,0,0,18.1(0.00 %),0,0,0,0,1765133,0.0
15/02/2019,0,0,18.1(0.00 %),0,0,0,0,1765133,0.0
18/02/2019,0,0,18.1(0.00 %),0,0,0,0,1765133,0.0
19/02/2019,0,0,18.1(0.00 %),0,0,0,0,1765133,0.0
20/02/2019,0,0,18.1(0.00 %),0,0,0,0,1765133,0.0
21/02/2019,0,0,18.1(0.00 %),0,0,0,0,1765133,0.0
22/02/2019,0,0,18.1(0.00 %),0,0,0,0,1765133,0.0
25/02/2019,0,0,18.1(0.00 %),0,0,0,0,1765133,0.0
26/02/2019,0,0,18.1(0.00 %),0,0,0,0,1765133,0.0
27/02/2019,0,0,18.1(0.00 %),0,0,0,0,1765133,0.0
28/02/2019,0,0,18.1(0.00 %),0,0,0,0,1765133,88.23
01/03/2019,0,0,18.1(0.00 %),0,0,0,0,1765133,0.0
04/03/2019,0,0,18.1(0.00 %),0,0,0,0,1765133,0.0
05/03/2019,0,0,18.1(0.00 %),0,0,0,0,1765133,0.0
06/03/2019,0,0,18.1(0.00 %),0,0,0,0,1765133,0.0
07/03/2019,0,0,18.1(0.00 %),0,0,0,0,1765133,0.0
08/03/2019,0,0,18(-0.55 %),0,0,0,0,1765133,0.0
11/03/2019,0,0,18(0.00 %),0,0,0,0,1765133,0.0
12/03/2019,0,0,18(0.00 %),0,0,0,0,1765133,0.0
13/03/2019,0,0,15.5(-13.89 %),0,0,0,0,1765133,0.0
14/03/2019,0,0,15.5(0.00 %),0,0,0,0,1765133,0.0
15/03/2019,0,0,15.5(0.00 %),0,0,0,0,1765133,0.0
18/03/2019,0,0,15.5(0.00 %),0,0,0,0,1765133,0.0
19/03/2019,0,0,15.5(0.00 %),0,0,0,0,1765133,0.0
20/03/2019,0,0,15.5(0.00 %),0,0,0,0,1765133,0.0
21/03/2019,0,0,15.5(0.00 %),0,0,0,0,1765133,0.0
22/03/2019,0,0,17.8(14.84 %),0,0,0,0,1765133,0.0
25/03/2019,0,0,17.8(0.00 %),0,0,0,0,1765133,0.0
26/03/2019,0,0,17.8(0.00 %),0,0,0,0,1765133,0.0
27/03/2019,0,0,20.3(14.04 %),0,0,0,0,1765133,0.0
28/03/2019,0,0,21.9(7.88 %),0,0,0,0,1765133,0.0
29/03/2019,0,0,21.9(0.00 %),0,0,0,0,1765133,0.0
01/04/2019,0,0,21.9(0.00 %),0,0,0,0,1765133,0.0
02/04/2019,0,0,21.9(0.00 %),0,0,0,0,1765133,0.0
03/04/2019,0,0,21.9(0.00 %),0,0,0,0,1765133,0.0
04/04/2019,0,0,21.9(0.00 %),0,0,0,0,1765133,0.0
05/04/2019,0,0,21.9(0.00 %),0,0,0,0,1765133,0.0
08/04/2019,0,0,21.9(0.00 %),0,0,0,0,1765133,0.0
09/04/2019,0,0,18.9(-13.70 %),0,0,0,0,1765133,0.0
10/04/2019,0,0,18.9(0.00 %),0,0,0,0,1765133,0.0
11/04/2019,0,0,18.9(0.00 %),0,0,0,0,1765133,0.0
12/04/2019,0,0,18.9(0.00 %),0,0,0,0,1765133,0.0
16/04/2019,0,0,18.9(0.00 %),0,0,0,0,1765133,0.0
17/04/2019,0,0,18.9(0.00 %),0,0,0,0,1765133,0.0
18/04/2019,0,0,18.9(0.00 %),0,0,0,0,1765133,0.0
19/04/2019,0,0,18.9(0.00 %),0,0,0,0,1765133,0.0
22/04/2019,0,0,18.9(0.00 %),0,0,0,0,1765133,0.0
23/04/2019,0,0,18.9(0.00 %),0,0,0,0,1765133,0.0
24/04/2019,0,0,16.1(-14.81 %),0,0,0,0,1765133,0.0
25/04/2019,0,0,16.1(0.00 %),0,0,0,0,1765133,0.0
26/04/2019,0,0,16.1(0.00 %),0,0,0,0,1765133,0.0
02/05/2019,0,0,16.1(0.00 %),0,0,0,0,1765133,0.0
03/05/2019,0,0,16.1(0.00 %),0,0,0,0,1765133,0.0
06/05/2019,0,0,18.5(14.91 %),0,0,0,0,1765133,0.0
07/05/2019,0,0,16.9(0.00 %),0,0,0,0,1765133,0.0
08/05/2019,0,0,19.4(14.79 %),0,0,0,0,1765133,0.0
09/05/2019,0,0,21.4(13.23 %),0,0,0,0,1765133,0.0
10/05/2019,0,0,21.4(0.00 %),0,0,0,0,1765133,0.0
13/05/2019,0,0,18.2(-14.95 %),0,0,0,0,1765133,0.0
14/05/2019,0,0,18.2(0.00 %),0,0,0,0,1765133,0.0
15/05/2019,0,0,18.2(0.00 %),0,0,0,0,1765133,0.0
16/05/2019,0,0,18.2(0.00 %),0,0,0,0,1765133,0.0
17/05/2019,0,0,18.2(0.00 %),0,0,0,0,1765133,0.0
20/05/2019,0,0,17.6(-3.30 %),0,0,0,0,1765133,0.0
21/05/2019,0,0,17.6(0.00 %),0,0,0,0,1765133,0.0
22/05/2019,0,0,17.6(0.00 %),0,0,0,0,1765133,0.0
23/05/2019,0,0,17.6(0.00 %),0,0,0,0,1765133,0.0
24/05/2019,0,0,17.6(0.00 %),0,0,0,0,1765133,0.0
27/05/2019,0,0,17.6(0.00 %),0,0,0,0,1765133,0.0
28/05/2019,0,0,17.6(0.00 %),0,0,0,0,1765133,0.0
29/05/2019,0,0,16.1(-8.52 %),0,0,0,0,1765133,0.0
30/05/2019,0,0,16.1(0.00 %),0,0,0,0,1765133,0.0
31/05/2019,0,0,16.1(0.00 %),0,0,0,0,1765133,0.0
03/06/2019,0,0,16.1(0.00 %),0,0,0,0,1765133,0.0
04/06/2019,0,0,16.1(0.00 %),0,0,0,0,1765133,0.0
05/06/2019,0,0,16.1(0.00 %),0,0,0,0,1765133,0.0
06/06/2019,0,0,18.5(14.91 %),0,0,0,0,1765133,0.0
07/06/2019,0,0,20.9(12.97 %),0,0,0,0,1765133,0.0
10/06/2019,0,0,22(5.26 %),0,0,0,0,1765133,0.0
11/06/2019,0,0,22(0.00 %),0,0,0,0,1765133,0.0
12/06/2019,0,0,22.4(1.82 %),0,0,0,0,1765133,0.0
13/06/2019,0,0,22.4(0.00 %),0,0,0,0,1765133,0.0
14/06/2019,0,0,22.4(0.00 %),0,0,0,0,1765133,0.0
17/06/2019,0,0,22.4(0.00 %),0,0,0,0,1765133,0.0
18/06/2019,0,0,22.4(0.00 %),0,0,0,0,1765133,0.0
19/06/2019,0,0,22.4(0.00 %),0,0,0,0,1765133,0.0
20/06/2019,0,0,22.4(0.00 %),0,0,0,0,1765133,0.0
21/06/2019,0,0,22.4(0.00 %),0,0,0,0,1765133,0.0
24/06/2019,0,0,22.4(0.00 %),0,0,0,0,1765133,0.0
25/06/2019,0,0,22.4(0.00 %),0,0,0,0,1765133,0.0
26/06/2019,0,0,22.4(0.00 %),0,0,0,0,1765133,0.0
27/06/2019,0,0,22.4(0.00 %),0,0,0,0,1765133,0.0
28/06/2019,0,0,22.4(0.00 %),0,0,0,0,1765133,0.0
01/07/2019,0,0,22.4(0.00 %),0,0,0,0,1765133,0.0
02/07/2019,0,0,22.4(0.00 %),0,0,0,0,1765133,0.0
03/07/2019,0,0,22.4(0.00 %),0,0,0,0,1765133,0.0
04/07/2019,0,0,22.4(0.00 %),0,0,0,0,1765133,0.0
05/07/2019,0,0,22.4(0.00 %),0,0,0,0,1765133,37.23
08/07/2019,0,0,22.4(0.00 %),0,0,0,0,1765133,0.0
09/07/2019,0,0,22.4(0.00 %),0,0,0,0,1765133,0.0
10/07/2019,0,0,22.4(0.00 %),0,0,0,0,1765133,0.0
11/07/2019,0,0,22.4(0.00 %),0,0,0,0,1765133,0.0
12/07/2019,0,0,22.4(0.00 %),0,0,0,0,1765133,0.0
15/07/2019,0,0,19.1(-14.73 %),0,0,0,0,1765133,0.0
16/07/2019,0,0,19.2(0.00 %),0,0,0,0,1765133,0.0
17/07/2019,0,0,19.2(0.00 %),0,0,0,0,1765133,0.0
18/07/2019,0,0,20.5(6.77 %),0,0,0,0,1765133,0.0
19/07/2019,0,0,20.5(0.00 %),0,0,0,0,1765133,0.0
22/07/2019,-700,-14350000,20.5(0.00 %),0,0,700,14350000,1765833,0.0
23/07/2019,0,0,19.6(-4.39 %),0,0,0,0,1765833,0.0
24/07/2019,0,0,20(2.04 %),0,0,0,0,1765833,0.0
25/07/2019,0,0,20(0.00 %),0,0,0,0,1765833,0.0
26/07/2019,0,0,20.5(2.50 %),0,0,0,0,1765833,0.0
29/07/2019,0,0,21.5(4.88 %),0,0,0,0,1765833,0.0
30/07/2019,0,0,21.5(3.86 %),0,0,0,0,1765833,0.0
31/07/2019,0,0,21.5(0.00 %),0,0,0,0,1765833,0.0
01/08/2019,0,0,21.5(0.00 %),0,0,0,0,1765833,0.0
02/08/2019,0,0,21.5(0.00 %),0,0,0,0,1765833,0.0
05/08/2019,0,0,21.5(0.00 %),0,0,0,0,1765833,0.0
06/08/2019,0,0,21.5(0.00 %),0,0,0,0,1765833,0.0
07/08/2019,0,0,21.5(0.00 %),0,0,0,0,1765833,0.0
08/08/2019,0,0,21.5(0.00 %),0,0,0,0,1765833,0.0
09/08/2019,0,0,24(11.63 %),0,0,0,0,1765833,0.0
12/08/2019,0,0,22(-8.33 %),0,0,0,0,1765833,0.0
13/08/2019,0,0,18.8(-14.55 %),0,0,0,0,1765833,0.0
14/08/2019,0,0,18.8(0.00 %),0,0,0,0,1765833,0.0
15/08/2019,0,0,21.6(14.89 %),0,0,0,0,1765833,0.0
16/08/2019,0,0,21.6(0.00 %),0,0,0,0,1765833,0.0
19/08/2019,0,0,21.6(0.00 %),0,0,0,0,1765833,0.0
20/08/2019,0,0,22(1.85 %),0,0,0,0,1765833,0.0
21/08/2019,0,0,22.1(0.45 %),0,0,0,0,1765833,0.0
22/08/2019,0,0,20.4(0.00 %),0,0,0,0,1765833,0.0
23/08/2019,0,0,20.4(0.00 %),0,0,0,0,1765833,0.0
26/08/2019,0,0,20(-1.96 %),0,0,0,0,1765833,0.0
27/08/2019,0,0,20(0.00 %),0,0,0,0,1765833,0.0
28/08/2019,0,0,20(0.00 %),0,0,0,0,1765833,0.0
29/08/2019,0,0,22.5(12.50 %),0,0,0,0,1765833,0.0
30/08/2019,0,0,20.6(-8.44 %),0,0,0,0,1765833,0.0
03/09/2019,0,0,20.6(0.00 %),0,0,0,0,1765833,0.0
04/09/2019,0,0,20.6(0.00 %),0,0,0,0,1765833,0.0
05/09/2019,-400,-8240000,20.6(0.00 %),0,0,400,8240000,1766233,0.0
06/09/2019,0,0,23.6(14.56 %),0,0,0,0,1766233,0.0
09/09/2019,0,0,25(8.23 %),0,0,0,0,1766233,0.0
10/09/2019,0,0,22.9(0.00 %),0,0,0,0,1766233,0.0
11/09/2019,0,0,22.9(0.00 %),0,0,0,0,1766233,0.0
12/09/2019,-80,-1560000,21.1(-7.86 %),0,0,80,1560000,1766313,0.0
13/09/2019,0,0,21.1(0.00 %),0,0,0,0,1766313,0.0
16/09/2019,0,0,21.1(0.00 %),0,0,0,0,1766313,0.0
17/09/2019,0,0,24.2(14.69 %),0,0,0,0,1766313,0.0
18/09/2019,0,0,21.1(-12.81 %),0,0,0,0,1766313,0.0
19/09/2019,0,0,21.1(0.00 %),0,0,0,0,1766313,0.0
20/09/2019,0,0,21.1(0.00 %),0,0,0,0,1766313,0.0
23/09/2019,0,0,18(-14.69 %),0,0,0,0,1766313,0.0
24/09/2019,0,0,18(0.00 %),0,0,0,0,1766313,0.0
25/09/2019,0,0,20.7(15.00 %),0,0,0,0,1766313,0.0
26/09/2019,0,0,20.7(0.00 %),0,0,0,0,1766313,0.0
27/09/2019,0,0,20.7(0.00 %),0,0,0,0,1766313,0.0
30/09/2019,0,0,20.7(0.00 %),0,0,0,0,1766313,0.0
01/10/2019,0,0,20.7(0.00 %),0,0,0,0,1766313,0.0
02/10/2019,0,0,20.7(0.00 %),0,0,0,0,1766313,0.0
03/10/2019,0,0,20.7(0.00 %),0,0,0,0,1766313,0.0
04/10/2019,0,0,20.7(0.00 %),0,0,0,0,1766313,0.0
07/10/2019,0,0,20.7(0.00 %),0,0,0,0,1766313,0.0
08/10/2019,0,0,20.7(0.00 %),0,0,0,0,1766313,0.0
09/10/2019,-500,-10500000,21(1.45 %),0,0,500,10500000,1766813,0.0
10/10/2019,0,0,22(4.76 %),0,0,0,0,1766813,0.0
11/10/2019,0,0,26.1(14.98 %),0,0,0,0,1766813,0.0
14/10/2019,0,0,26(0.00 %),0,0,0,0,1766813,0.0
15/10/2019,0,0,26(0.00 %),0,0,0,0,1766813,0.0
16/10/2019,0,0,28.4(0.00 %),0,0,0,0,1766813,0.0
17/10/2019,0,0,28.4(0.00 %),0,0,0,0,1766813,0.0
18/10/2019,0,0,28.4(0.00 %),0,0,0,0,1766813,0.0
21/10/2019,0,0,31.9(12.32 %),0,0,0,0,1766813,0.0
22/10/2019,0,0,34.9(13.31 %),0,0,0,0,1766813,0.0
23/10/2019,0,0,33.5(0.00 %),0,0,0,0,1766813,0.0
24/10/2019,0,0,35(4.48 %),0,0,0,0,1766813,0.0
25/10/2019,0,0,35(0.00 %),0,0,0,0,1766813,0.0
28/10/2019,0,0,35(0.00 %),0,0,0,0,1766813,0.0
29/10/2019,0,0,35(0.00 %),0,0,0,0,1766813,0.0
30/10/2019,0,0,35(0.00 %),0,0,0,0,1766813,0.0
31/10/2019,0,0,32(-8.57 %),0,0,0,0,1766813,0.0
01/11/2019,0,0,28(-12.50 %),0,0,0,0,1766813,0.0
04/11/2019,0,0,28(0.00 %),0,0,0,0,1766813,0.0
05/11/2019,0,0,26(-7.14 %),0,0,0,0,1766813,0.0
06/11/2019,0,0,29.9(15.00 %),0,0,0,0,1766813,0.0
07/11/2019,0,0,29.9(0.00 %),0,0,0,0,1766813,0.0
08/11/2019,0,0,29.9(0.00 %),0,0,0,0,1766813,0.0
11/11/2019,0,0,29.9(0.00 %),0,0,0,0,1766813,0.0
12/11/2019,0,0,29.9(0.00 %),0,0,0,0,1766813,0.0
13/11/2019,0,0,29.9(0.00 %),0,0,0,0,1766813,0.0
14/11/2019,400,13460000,33.5(12.04 %),400,13460000,0,0,1766413,0.0
15/11/2019,0,0,33.7(0.00 %),0,0,0,0,1766413,0.0
18/11/2019,0,0,33.7(0.00 %),0,0,0,0,1766413,0.0
19/11/2019,0,0,33.7(0.00 %),0,0,0,0,1766413,0.0
20/11/2019,0,0,33.7(0.00 %),0,0,0,0,1766413,0.0
21/11/2019,0,0,33.7(0.00 %),0,0,0,0,1766413,0.0
22/11/2019,0,0,33.7(0.00 %),0,0,0,0,1766413,0.0
25/11/2019,0,0,33.7(0.00 %),0,0,0,0,1766413,0.0
26/11/2019,0,0,33.7(0.00 %),0,0,0,0,1766413,0.0
27/11/2019,0,0,33.7(0.00 %),0,0,0,0,1766413,0.0
28/11/2019,0,0,33.7(0.00 %),0,0,0,0,1766413,0.0
29/11/2019,0,0,33.7(0.00 %),0,0,0,0,1766413,0.0
02/12/2019,0,0,33.7(0.00 %),0,0,0,0,1766413,0.0
03/12/2019,0,0,33.7(0.00 %),0,0,0,0,1766413,0.0
04/12/2019,0,0,33.7(0.00 %),0,0,0,0,1766413,0.0
05/12/2019,0,0,33.7(0.00 %),0,0,0,0,1766413,0.0
06/12/2019,0,0,33.7(0.00 %),0,0,0,0,1766413,0.0
09/12/2019,0,0,33.7(0.00 %),0,0,0,0,1766413,0.0
10/12/2019,0,0,33.7(0.00 %),0,0,0,0,1766413,0.0
11/12/2019,0,0,33.7(0.00 %),0,0,0,0,1766413,0.0
12/12/2019,0,0,33.7(0.00 %),0,0,0,0,1766413,0.0
13/12/2019,0,0,33.7(0.00 %),0,0,0,0,1766413,0.0
16/12/2019,0,0,33.7(0.00 %),0,0,0,0,1766413,0.0
17/12/2019,0,0,33.7(0.00 %),0,0,0,0,1766413,0.0
18/12/2019,0,0,33.7(0.00 %),0,0,0,0,1766413,0.0
19/12/2019,0,0,33.7(0.00 %),0,0,0,0,1766413,0.0
20/12/2019,0,0,33.7(0.00 %),0,0,0,0,1766413,0.0
23/12/2019,100,2300000,23(-31.75 %),100,2300000,0,0,1766313,0.0
24/12/2019,0,0,23(0.00 %),0,0,0,0,1766313,0.0
25/12/2019,0,0,23(0.00 %),0,0,0,0,1766313,0.0
26/12/2019,0,0,23(0.00 %),0,0,0,0,1766313,0.0
27/12/2019,0,0,26.4(14.78 %),0,0,0,0,1766313,0.0
30/12/2019,0,0,28(6.06 %),0,0,0,0,1766313,0.0
31/12/2019,0,0,28.1(0.00 %),0,0,0,0,1766313,0.0
02/01/2020,0,0,31(10.32 %),0,0,0,0,1766313,0.0
03/01/2020,0,0,31(0.00 %),0,0,0,0,1766313,0.0
06/01/2020,0,0,31(0.00 %),0,0,0,0,1766313,0.0
07/01/2020,0,0,31(0.00 %),0,0,0,0,1766313,0.0
08/01/2020,0,0,31(0.00 %),0,0,0,0,1766313,0.0
09/01/2020,0,0,31(0.00 %),0,0,0,0,1766313,0.0
10/01/2020,0,0,31(0.00 %),0,0,0,0,1766313,0.0
13/01/2020,0,0,31(0.00 %),0,0,0,0,1766313,0.0
14/01/2020,0,0,31(0.00 %),0,0,0,0,1766313,0.0
15/01/2020,0,0,31(0.00 %),0,0,0,0,1766313,0.0
16/01/2020,0,0,31(0.00 %),0,0,0,0,1766313,37.22
20/01/2020,0,0,31(0.00 %),0,0,0,0,1766313,37.22
21/01/2020,0,0,31(0.00 %),0,0,0,0,1766313,37.22
22/01/2020,0,0,31(0.00 %),0,0,0,0,1766313,0.0
30/01/2020,0,0,35.6(14.84 %),0,0,0,0,1766313,0.0
31/01/2020,0,0,33.3(0.00 %),0,0,0,0,1766313,0.0
03/02/2020,0,0,33.3(0.00 %),0,0,0,0,1766313,0.0
04/02/2020,0,0,33.3(0.00 %),0,0,0,0,1766313,0.0
05/02/2020,0,0,33.3(0.00 %),0,0,0,0,1766313,0.0
06/02/2020,0,0,33.3(0.00 %),0,0,0,0,1766313,0.0
07/02/2020,0,0,33.3(0.00 %),0,0,0,0,1766313,0.0
10/02/2020,0,0,33.3(0.00 %),0,0,0,0,1766313,0.0
11/02/2020,0,0,28.6(-14.11 %),0,0,0,0,1766313,0.0
12/02/2020,0,0,28.5(0.00 %),0,0,0,0,1766313,0.0
13/02/2020,100,2570000,24.5(-14.04 %),100,2570000,0,0,1766213,0.0
14/02/2020,0,0,27.8(12.55 %),0,0,0,0,1766213,0.0
17/02/2020,0,0,27.8(0.00 %),0,0,0,0,1766213,0.0
18/02/2020,0,0,27.8(0.00 %),0,0,0,0,1766213,0.0
19/02/2020,0,0,23.7(-14.75 %),0,0,0,0,1766213,0.0
20/02/2020,0,0,23.7(0.00 %),0,0,0,0,1766213,0.0
21/02/2020,0,0,22.6(-4.64 %),0,0,0,0,1766213,0.0
24/02/2020,0,0,25.8(14.16 %),0,0,0,0,1766213,0.0
25/02/2020,0,0,27.9(8.14 %),0,0,0,0,1766213,0.0
26/02/2020,0,0,31.9(14.34 %),0,0,0,0,1766213,0.0
27/02/2020,0,0,27.2(-14.73 %),0,0,0,0,1766213,0.0
28/02/2020,0,0,27.2(0.00 %),0,0,0,0,1766213,0.0
02/03/2020,0,0,27.2(0.00 %),0,0,0,0,1766213,0.0
03/03/2020,0,0,27.2(0.00 %),0,0,0,0,1766213,0.0
04/03/2020,0,0,27.2(0.00 %),0,0,0,0,1766213,0.0
05/03/2020,0,0,27.2(0.00 %),0,0,0,0,1766213,0.0
06/03/2020,0,0,23.2(-14.71 %),0,0,0,0,1766213,0.0
09/03/2020,0,0,20.1(-13.36 %),0,0,0,0,1766213,0.0
10/03/2020,0,0,23.1(14.93 %),0,0,0,0,1766213,0.0
11/03/2020,0,0,0(0.00 %),0,0,0,0,1766213,37.23
12/03/2020,0,0,29.9(13.69 %),0,0,0,0,1766213,37.23
13/03/2020,0,0,29.9(0.00 %),0,0,0,0,1766213,0.0
16/03/2020,0,0,29.9(0.00 %),0,0,0,0,1766213,0.0
17/03/2020,600,15300000,25.5(-14.72 %),600,15300000,0,0,1765613,0.0
18/03/2020,0,0,21.9(-14.12 %),0,0,0,0,1765613,0.0
19/03/2020,0,0,20.7(-5.48 %),0,0,0,0,1765613,0.0
20/03/2020,0,0,20.7(0.00 %),0,0,0,0,1765613,0.0
23/03/2020,0,0,23.7(14.49 %),0,0,0,0,1765613,0.0
24/03/2020,0,0,23.7(0.00 %),0,0,0,0,1765613,0.0
25/03/2020,0,0,24.9(5.06 %),0,0,0,0,1765613,0.0
26/03/2020,0,0,24.9(0.00 %),0,0,0,0,1765613,0.0
27/03/2020,0,0,25.9(4.02 %),0,0,0,0,1765613,0.0
30/03/2020,0,0,25.9(0.00 %),0,0,0,0,1765613,0.0
31/03/2020,0,0,25.9(0.00 %),0,0,0,0,1765613,88.23
01/04/2020,0,0,29.6(14.29 %),0,0,0,0,1765613,0.0
03/04/2020,0,0,29.6(0.00 %),0,0,0,0,1765613,0.0
06/04/2020,0,0,29.6(0.00 %),0,0,0,0,1765613,0.0
07/04/2020,0,0,29.6(0.00 %),0,0,0,0,1765613,0.0
08/04/2020,0,0,29.6(0.00 %),0,0,0,0,1765613,0.0
09/04/2020,0,0,29.6(0.00 %),0,0,0,0,1765613,0.0
10/04/2020,0,0,29.6(0.00 %),0,0,0,0,1765613,88.23
13/04/2020,0,0,29.6(0.00 %),0,0,0,0,1765613,0.0
14/04/2020,0,0,25.2(-14.86 %),0,0,0,0,1765613,0.0
15/04/2020,0,0,25.2(0.00 %),0,0,0,0,1765613,0.0
16/04/2020,0,0,25.2(0.00 %),0,0,0,0,1765613,0.0
17/04/2020,0,0,21.5(-14.68 %),0,0,0,0,1765613,0.0
20/04/2020,0,0,24.7(14.88 %),0,0,0,0,1765613,0.0
21/04/2020,0,0,22.3(-9.72 %),0,0,0,0,1765613,0.0
22/04/2020,0,0,25.6(14.80 %),0,0,0,0,1765613,0.0
23/04/2020,0,0,29.4(14.84 %),0,0,0,0,1765613,0.0
24/04/2020,0,0,33.5(14.33 %),0,0,0,0,1765613,0.0
27/04/2020,0,0,29(-13.43 %),0,0,0,0,1765613,0.0
28/04/2020,0,0,31.3(0.00 %),0,0,0,0,1765613,0.0
29/04/2020,0,0,31.3(0.00 %),0,0,0,0,1765613,0.0
04/05/2020,0,0,32.9(5.11 %),0,0,0,0,1765613,0.0
05/05/2020,0,0,32.9(0.00 %),0,0,0,0,1765613,0.0
06/05/2020,0,0,32.9(0.00 %),0,0,0,0,1765613,37.23
07/05/2020,0,0,32.9(0.00 %),0,0,0,0,1765613,0.0
08/05/2020,0,0,33.6(3.70 %),0,0,0,0,1765613,0.0
11/05/2020,0,0,31.3(0.00 %),0,0,0,0,1765613,0.0
12/05/2020,0,0,31.9(0.00 %),0,0,0,0,1765613,0.0
13/05/2020,0,0,32(0.31 %),0,0,0,0,1765613,0.0
14/05/2020,0,0,30(-6.25 %),0,0,0,0,1765613,0.0
15/05/2020,0,0,30(-1.64 %),0,0,0,0,1765613,0.0
18/05/2020,0,0,31.8(0.00 %),0,0,0,0,1765613,0.0
19/05/2020,100,2810000,28.1(-11.64 %),100,2810000,0,0,1765513,0.0
20/05/2020,-100,-3200000,31.5(12.10 %),0,0,100,3200000,1765613,0.0
21/05/2020,0,0,31.8(0.00 %),0,0,0,0,1765613,0.0
22/05/2020,0,0,31.8(0.00 %),0,0,0,0,1765613,0.0
25/05/2020,0,0,36.4(14.47 %),0,0,0,0,1765613,0.0
26/05/2020,0,0,35(0.29 %),0,0,0,0,1765613,0.0
27/05/2020,0,0,34.7(0.00 %),0,0,0,0,1765613,0.0
28/05/2020,0,0,39(12.39 %),0,0,0,0,1765613,0.0
29/05/2020,0,0,35(-10.26 %),0,0,0,0,1765613,88.23
01/06/2020,0,0,32(-8.57 %),0,0,0,0,1765613,0.0
02/06/2020,200,7000000,35(-0.85 %),200,7000000,0,0,1765413,0.0
03/06/2020,0,0,34.3(0.00 %),0,0,0,0,1765413,0.0
04/06/2020,0,0,35(2.04 %),0,0,0,0,1765413,0.0
05/06/2020,0,0,35(0.00 %),0,0,0,0,1765413,0.0
08/06/2020,100,3500000,35(0.00 %),100,3500000,0,0,1765313,0.0
09/06/2020,0,0,35(0.00 %),0,0,0,0,1765313,0.0
10/06/2020,0,0,35(0.00 %),0,0,0,0,1765313,0.0
11/06/2020,0,0,32(-8.57 %),0,0,0,0,1765313,0.0
12/06/2020,0,0,32(0.00 %),0,0,0,0,1765313,0.0
15/06/2020,0,0,32(0.00 %),0,0,0,0,1765313,0.0
16/06/2020,0,0,32(0.00 %),0,0,0,0,1765313,0.0
17/06/2020,0,0,32(0.00 %),0,0,0,0,1765313,0.0
18/06/2020,0,0,32(0.00 %),0,0,0,0,1765313,0.0
19/06/2020,0,0,33(3.12 %),0,0,0,0,1765313,0.0
22/06/2020,0,0,33(0.00 %),0,0,0,0,1765313,0.0
23/06/2020,0,0,33(0.00 %),0,0,0,0,1765313,0.0
24/06/2020,0,0,33(0.00 %),0,0,0,0,1765313,0.0
25/06/2020,0,0,33(0.00 %),0,0,0,0,1765313,37.23
26/06/2020,0,0,33(0.00 %),0,0,0,0,1765313,0.0
29/06/2020,0,0,33(0.00 %),0,0,0,0,1765313,0.0
30/06/2020,0,0,33(0.00 %),0,0,0,0,1765313,0.0
01/07/2020,0,0,33(0.00 %),0,0,0,0,1765313,0.0
02/07/2020,0,0,33(0.00 %),0,0,0,0,1765313,0.0
03/07/2020,0,0,33(0.00 %),0,0,0,0,1765313,0.0
06/07/2020,0,0,33(0.00 %),0,0,0,0,1765313,0.0
07/07/2020,0,0,33(0.00 %),0,0,0,0,1765313,0.0
08/07/2020,0,0,33(0.00 %),0,0,0,0,1765313,0.0
09/07/2020,0,0,33(0.00 %),0,0,0,0,1765313,0.0
10/07/2020,0,0,33(0.00 %),0,0,0,0,1765313,0.0
13/07/2020,0,0,33(0.00 %),0,0,0,0,1765313,0.0
14/07/2020,0,0,33(0.00 %),0,0,0,0,1765313,0.0
15/07/2020,0,0,33(0.00 %),0,0,0,0,1765313,0.0
16/07/2020,-100,-3790000,37.9(14.85 %),0,0,100,3790000,1765413,0.0
17/07/2020,0,0,37.9(0.00 %),0,0,0,0,1765413,0.0
20/07/2020,0,0,39(2.90 %),0,0,0,0,1765413,0.0
21/07/2020,0,0,39(0.00 %),0,0,0,0,1765413,0.0
22/07/2020,0,0,39(0.00 %),0,0,0,0,1765413,0.0
23/07/2020,0,0,39(0.00 %),0,0,0,0,1765413,0.0
24/07/2020,0,0,39(0.00 %),0,0,0,0,1765413,0.0
27/07/2020,0,0,36(-7.69 %),0,0,0,0,1765413,0.0
28/07/2020,0,0,41.1(14.17 %),0,0,0,0,1765413,0.0
29/07/2020,0,0,35.6(-13.38 %),0,0,0,0,1765413,0.0
30/07/2020,0,0,35.6(0.00 %),0,0,0,0,1765413,0.0
31/07/2020,0,0,35.6(0.00 %),0,0,0,0,1765413,0.0
03/08/2020,0,0,35.6(0.00 %),0,0,0,0,1765413,0.0
04/08/2020,0,0,35.6(0.00 %),0,0,0,0,1765413,0.0
05/08/2020,0,0,38(6.74 %),0,0,0,0,1765413,0.0
06/08/2020,0,0,38(0.00 %),0,0,0,0,1765413,0.0
07/08/2020,0,0,38(0.00 %),0,0,0,0,1765413,0.0
10/08/2020,0,0,38(0.00 %),0,0,0,0,1765413,0.0
11/08/2020,0,0,38(0.00 %),0,0,0,0,1765413,0.0
12/08/2020,0,0,38(0.00 %),0,0,0,0,1765413,0.0
13/08/2020,0,0,38(0.00 %),0,0,0,0,1765413,0.0
14/08/2020,0,0,38(0.00 %),0,0,0,0,1765413,0.0
17/08/2020,0,0,38(0.00 %),0,0,0,0,1765413,0.0
18/08/2020,0,0,38(0.00 %),0,0,0,0,1765413,0.0
19/08/2020,0,0,38(0.00 %),0,0,0,0,1765413,0.0
20/08/2020,-16,-528000,38(0.00 %),0,0,16,528000,1765429,0.0
21/08/2020,0,0,39(2.63 %),0,0,0,0,1765429,0.0
24/08/2020,0,0,39(0.00 %),0,0,0,0,1765429,0.0
25/08/2020,0,0,37(-5.13 %),0,0,0,0,1765429,0.0
26/08/2020,0,0,37(0.00 %),0,0,0,0,1765429,0.0
27/08/2020,0,0,37(0.00 %),0,0,0,0,1765429,0.0
28/08/2020,0,0,37(0.00 %),0,0,0,0,1765429,0.0
31/08/2020,0,0,37(0.00 %),0,0,0,0,1765429,0.0
01/09/2020,0,0,37(0.00 %),0,0,0,0,1765429,0.0
03/09/2020,0,0,37(0.00 %),0,0,0,0,1765429,0.0
04/09/2020,0,0,37(0.00 %),0,0,0,0,1765429,0.0
07/09/2020,0,0,37.2(0.54 %),0,0,0,0,1765429,0.0
08/09/2020,0,0,37.1(0.00 %),0,0,0,0,1765429,0.0
10/09/2020,0,0,37.1(0.00 %),0,0,0,0,1765429,0.0
11/09/2020,0,0,37.1(0.00 %),0,0,0,0,1765429,0.0
14/09/2020,0,0,37.1(0.00 %),0,0,0,0,1765429,0.0
15/09/2020,0,0,37.1(0.00 %),0,0,0,0,1765429,0.0
16/09/2020,0,0,39(5.12 %),0,0,0,0,1765429,0.0
17/09/2020,0,0,39(0.00 %),0,0,0,0,1765429,0.0
18/09/2020,100,4480000,44.8(14.87 %),100,4480000,0,0,1765329,0.0
21/09/2020,0,0,44.8(0.00 %),0,0,0,0,1765329,0.0
22/09/2020,0,0,44.8(0.00 %),0,0,0,0,1765329,0.0
23/09/2020,0,0,44.8(0.00 %),0,0,0,0,1765329,0.0
24/09/2020,0,0,44.8(0.00 %),0,0,0,0,1765329,0.0
25/09/2020,0,0,44.8(0.00 %),0,0,0,0,1765329,0.0
28/09/2020,0,0,44.8(0.00 %),0,0,0,0,1765329,0.0
29/09/2020,0,0,44.8(0.00 %),0,0,0,0,1765329,0.0
30/09/2020,0,0,44.8(0.00 %),0,0,0,0,1765329,0.0
02/10/2020,0,0,40(0.00 %),0,0,0,0,1765329,0.0
05/10/2020,-200,-7600000,38(-5.00 %),0,0,200,7600000,1765529,0.0
06/10/2020,0,0,38(0.00 %),0,0,0,0,1765529,0.0
07/10/2020,0,0,40(5.26 %),0,0,0,0,1765529,0.0
08/10/2020,0,0,40(0.00 %),0,0,0,0,1765529,0.0
09/10/2020,-100,-3950000,40(0.00 %),0,0,100,3950000,1765629,0.0
12/10/2020,0,0,39.9(0.00 %),0,0,0,0,1765629,0.0
13/10/2020,0,0,39.9(0.00 %),0,0,0,0,1765629,0.0
14/10/2020,0,0,39.9(0.00 %),0,0,0,0,1765629,0.0
15/10/2020,0,0,39.9(0.00 %),0,0,0,0,1765629,0.0
16/10/2020,0,0,40(0.25 %),0,0,0,0,1765629,0.0
19/10/2020,0,0,40(0.00 %),0,0,0,0,1765629,0.0
20/10/2020,0,0,40(0.00 %),0,0,0,0,1765629,0.0
21/10/2020,0,0,40(0.00 %),0,0,0,0,1765629,0.0
22/10/2020,0,0,40(0.00 %),0,0,0,0,1765629,0.0
23/10/2020,0,0,40(0.00 %),0,0,0,0,1765629,0.0
26/10/2020,0,0,40(0.00 %),0,0,0,0,1765629,0.0
27/10/2020,0,0,40(0.00 %),0,0,0,0,1765629,0.0
28/10/2020,0,0,40(0.00 %),0,0,0,0,1765629,0.0
29/10/2020,0,0,40(0.00 %),0,0,0,0,1765629,0.0
30/10/2020,0,0,40(0.00 %),0,0,0,0,1765629,0.0
02/11/2020,0,0,40(0.00 %),0,0,0,0,1765629,0.0
03/11/2020,0,0,40(0.00 %),0,0,0,0,1765629,0.0
04/11/2020,0,0,40(0.00 %),0,0,0,0,1765629,0.0
05/11/2020,0,0,40(0.00 %),0,0,0,0,1765629,0.0
06/11/2020,0,0,40(0.00 %),0,0,0,0,1765629,0.0
09/11/2020,0,0,40(0.00 %),0,0,0,0,1765629,0.0
10/11/2020,0,0,40(0.00 %),0,0,0,0,1765629,0.0
11/11/2020,0,0,41(2.50 %),0,0,0,0,1765629,0.0
12/11/2020,0,0,41(0.00 %),0,0,0,0,1765629,0.0
13/11/2020,0,0,41(0.00 %),0,0,0,0,1765629,0.0
16/11/2020,0,0,40(-2.44 %),0,0,0,0,1765629,0.0
17/11/2020,0,0,40.3(0.00 %),0,0,0,0,1765629,0.0
18/11/2020,0,0,40(-0.25 %),0,0,0,0,1765629,0.0
19/11/2020,0,0,40(0.00 %),0,0,0,0,1765629,0.0
20/11/2020,0,0,40(0.00 %),0,0,0,0,1765629,0.0
25/11/2020,0,0,40(0.00 %),0,0,0,0,1765629,0.0
26/11/2020,0,0,40(0.00 %),0,0,0,0,1765629,0.0
30/11/2020,-100,-4100000,41(14.85 %),0,0,100,4100000,1765729,0.0
01/12/2020,0,0,41(0.00 %),0,0,0,0,1765629,0.0
02/12/2020,0,0,41(0.00 %),0,0,0,0,1765629,0.0
03/12/2020,0,0,41(0.00 %),0,0,0,0,1765629,0.0
04/12/2020,0,0,41(0.00 %),0,0,0,0,1765629,0.0
07/12/2020,0,0,41(0.00 %),0,0,0,0,1765629,0.0
08/12/2020,0,0,41(0.00 %),0,0,0,0,1765629,0.0
09/12/2020,0,0,41(0.00 %),0,0,0,0,1765629,0.0
10/12/2020,0,0,41(0.00 %),0,0,0,0,1765629,0.0
11/12/2020,0,0,35.5(-13.41 %),0,0,0,0,1765629,0.0
14/12/2020,-100,-4080000,40.8(14.93 %),0,0,100,4080000,1765729,0.0
15/12/2020,0,0,40.8(0.00 %),0,0,0,0,1765729,0.0
17/12/2020,0,0,40.8(0.00 %),0,0,0,0,1765729,0.0
18/12/2020,0,0,40.8(0.00 %),0,0,0,0,1765729,0.0
21/12/2020,0,0,40.8(0.00 %),0,0,0,0,1765729,0.0
22/12/2020,0,0,40.8(0.00 %),0,0,0,0,1765729,0.0
23/12/2020,0,0,40.8(0.00 %),0,0,0,0,1765729,0.0
24/12/2020,0,0,40.8(0.00 %),0,0,0,0,1765729,0.0
25/12/2020,0,0,40.8(0.00 %),0,0,0,0,1765729,0.0
28/12/2020,0,0,40.8(0.00 %),0,0,0,0,1765729,0.0
29/12/2020,0,0,40.8(0.00 %),0,0,0,0,1765729,0.0
31/12/2020,0,0,40.8(0.00 %),0,0,0,0,1765729,0.0
04/01/2021,0,0,40.8(0.00 %),0,0,0,0,1765829,0.0
05/01/2021,0,0,40.8(0.00 %),0,0,0,0,1765829,0.0
06/01/2021,0,0,35(-14.22 %),0,0,0,0,1765829,0.0
07/01/2021,0,0,40.2(14.86 %),0,0,0,0,1765829,0.0
08/01/2021,0,0,40.2(0.00 %),0,0,0,0,1765829,0.0
11/01/2021,0,0,40.2(0.00 %),0,0,0,0,1765829,0.0
12/01/2021,0,0,40.2(0.00 %),0,0,0,0,1765829,0.0
13/01/2021,0,0,40.2(0.00 %),0,0,0,0,1765829,0.0
14/01/2021,0,0,40.2(0.00 %),0,0,0,0,1765829,0.0
15/01/2021,0,0,40.2(0.00 %),0,0,0,0,1765829,0.0
18/01/2021,0,0,40.2(0.00 %),0,0,0,0,1765829,0.0
19/01/2021,0,0,40.2(0.00 %),0,0,0,0,1765829,0.0
20/01/2021,0,0,40.2(0.00 %),0,0,0,0,1765829,0.0
21/01/2021,0,0,40.2(0.00 %),0,0,0,0,1765829,0.0
22/01/2021,0,0,46(14.43 %),0,0,0,0,1765829,0.0
25/01/2021,0,0,46(0.00 %),0,0,0,0,1765829,0.0
26/01/2021,0,0,46(0.00 %),0,0,0,0,1765829,0.0
27/01/2021,0,0,46(0.00 %),0,0,0,0,1765829,0.0
28/01/2021,0,0,46(0.00 %),0,0,0,0,1765829,0.0
29/01/2021,0,0,46(0.00 %),0,0,0,0,1765829,0.0
01/02/2021,0,0,46(0.00 %),0,0,0,0,1765829,0.0
02/02/2021,0,0,46(0.00 %),0,0,0,0,1765829,0.0
03/02/2021,0,0,46(0.00 %),0,0,0,0,1765829,0.0
04/02/2021,0,0,46(0.00 %),0,0,0,0,1765829,0.0
05/02/2021,0,0,46(0.00 %),0,0,0,0,1765829,0.0
09/02/2021,0,0,46(0.00 %),0,0,0,0,1765829,37.23
17/02/2021,0,0,46(0.00 %),0,0,0,0,1765829,0.0
18/02/2021,0,0,46(0.00 %),0,0,0,0,1765829,0.0
19/02/2021,0,0,46(0.00 %),0,0,0,0,1765829,0.0
22/02/2021,0,0,46(0.00 %),0,0,0,0,1765829,0.0
23/02/2021,0,0,46(0.00 %),0,0,0,0,1765829,0.0
24/02/2021,0,0,46.1(0.22 %),0,0,0,0,1765829,0.0
25/02/2021,0,0,46(-0.22 %),0,0,0,0,1765829,0.0
26/02/2021,-100,-5290000,52.9(15.00 %),0,0,100,5290000,1765929,0.0
01/03/2021,0,0,52.9(0.00 %),0,0,0,0,1765829,0.0
02/03/2021,0,0,52.9(0.00 %),0,0,0,0,1765829,0.0
03/03/2021,0,0,52.9(0.00 %),0,0,0,0,1765829,0.0
04/03/2021,0,0,48(-9.26 %),0,0,0,0,1765829,0.0
05/03/2021,0,0,46.2(-3.75 %),0,0,0,0,1765829,0.0
08/03/2021,0,0,46.2(0.00 %),0,0,0,0,1765829,0.0
09/03/2021,0,0,45(-2.60 %),0,0,0,0,1765829,0.0
10/03/2021,0,0,48(6.67 %),0,0,0,0,1765829,0.0
11/03/2021,0,0,48.1(0.21 %),0,0,0,0,1765829,0.0
12/03/2021,0,0,48(0.00 %),0,0,0,0,1765829,0.0
15/03/2021,0,0,50(4.17 %),0,0,0,0,1765829,0.0
16/03/2021,0,0,50(0.00 %),0,0,0,0,1765829,0.0
17/03/2021,0,0,48.2(-3.60 %),0,0,0,0,1765829,0.0
18/03/2021,0,0,51(3.87 %),0,0,0,0,1765829,0.0
19/03/2021,0,0,50.3(0.00 %),0,0,0,0,1765829,0.0
22/03/2021,0,0,50.3(0.00 %),0,0,0,0,1765829,0.0
23/03/2021,0,0,52.3(3.98 %),0,0,0,0,1765829,0.0
24/03/2021,0,0,52(-0.19 %),0,0,0,0,1765829,0.0
25/03/2021,0,0,54(3.85 %),0,0,0,0,1765829,0.0
26/03/2021,0,0,52.7(0.00 %),0,0,0,0,1765829,0.0
29/03/2021,0,0,59(11.32 %),0,0,0,0,1765829,0.0
30/03/2021,0,0,58.3(0.00 %),0,0,0,0,1765829,0.0
31/03/2021,0,0,50(-14.24 %),0,0,0,0,1765829,0.0
01/04/2021,0,0,50(0.00 %),0,0,0,0,1765929,0.0
02/04/2021,0,0,53(6.00 %),0,0,0,0,1765929,0.0
05/04/2021,-100,-6000000,60.9(14.91 %),0,0,100,6000000,1766029,0.0
06/04/2021,-100,-6500000,65.1(8.68 %),0,0,100,6500000,1766129,0.0
07/04/2021,0,0,65.1(0.00 %),0,0,0,0,1766129,0.0
08/04/2021,0,0,70(7.53 %),0,0,0,0,1766129,0.0
09/04/2021,0,0,0(0.00 %),0,0,0,0,1766129,0.0
12/04/2021,0,0,70(0.00 %),0,0,0,0,1766129,0.0
13/04/2021,0,0,70(0.00 %),0,0,0,0,1766129,0.0
14/04/2021,0,0,60(-14.29 %),0,0,0,0,1766129,0.0
16/04/2021,0,0,60(0.00 %),0,0,0,0,1766129,0.0
19/04/2021,0,0,60(0.00 %),0,0,0,0,1766129,0.0
20/04/2021,0,0,60(0.00 %),0,0,0,0,1766129,0.0
22/04/2021,0,0,60(0.00 %),0,0,0,0,1766129,0.0
23/04/2021,0,0,60(0.00 %),0,0,0,0,1766129,0.0
26/04/2021,0,0,55(-8.33 %),0,0,0,0,1766129,0.0
27/04/2021,0,0,55(0.00 %),0,0,0,0,1766129,0.0
28/04/2021,0,0,55(0.00 %),0,0,0,0,1766129,0.0
29/04/2021,0,0,55(0.00 %),0,0,0,0,1766129,0.0
04/05/2021,0,0,55(0.00 %),0,0,0,0,1766129,0.0
05/05/2021,0,0,55(0.00 %),0,0,0,0,1766129,0.0
06/05/2021,0,0,55(0.00 %),0,0,0,0,1766129,0.0
07/05/2021,0,0,58(5.45 %),0,0,0,0,1766129,0.0
10/05/2021,0,0,58(0.00 %),0,0,0,0,1766129,0.0
11/05/2021,0,0,52(0.00 %),0,0,0,0,1766129,0.0
12/05/2021,0,0,52(0.00 %),0,0,0,0,1766129,0.0
13/05/2021,0,0,52(0.00 %),0,0,0,0,1766129,0.0
14/05/2021,0,0,52(0.00 %),0,0,0,0,1766129,0.0
17/05/2021,-1200,-66000000,59.8(15.00 %),0,0,1200,66000000,1767329,0.0
18/05/2021,0,0,63.9(13.10 %),0,0,0,0,1767329,0.0
19/05/2021,0,0,61(0.00 %),0,0,0,0,1767329,0.0
20/05/2021,0,0,61(0.00 %),0,0,0,0,1767329,0.0
21/05/2021,0,0,61(0.00 %),0,0,0,0,1767329,0.0
24/05/2021,0,0,59.4(0.00 %),0,0,0,0,1767329,0.0
25/05/2021,0,0,59.4(0.00 %),0,0,0,0,1767329,0.0
26/05/2021,0,0,59.4(0.00 %),0,0,0,0,1767329,0.0
27/05/2021,0,0,59.4(0.00 %),0,0,0,0,1767329,0.0
28/05/2021,0,0,59.4(0.00 %),0,0,0,0,1767329,0.0
31/05/2021,0,0,59.4(0.00 %),0,0,0,0,1767329,0.0
01/06/2021,0,0,59.4(0.00 %),0,0,0,0,1767329,0.0
02/06/2021,0,0,59.4(0.00 %),0,0,0,0,1767329,0.0
03/06/2021,0,0,59.4(0.00 %),0,0,0,0,1767329,0.0
04/06/2021,0,0,55(-7.41 %),0,0,0,0,1767329,0.0
07/06/2021,0,0,55(0.00 %),0,0,0,0,1767329,0.0
08/06/2021,0,0,55(0.00 %),0,0,0,0,1767329,0.0
09/06/2021,0,0,55(0.00 %),0,0,0,0,1767329,0.0
10/06/2021,0,0,55(0.00 %),0,0,0,0,1767329,0.0
11/06/2021,0,0,55(0.00 %),0,0,0,0,1767329,0.0
14/06/2021,0,0,55(0.00 %),0,0,0,0,1767329,0.0
15/06/2021,0,0,55(0.00 %),0,0,0,0,1767329,0.0
16/06/2021,0,0,55(0.00 %),0,0,0,0,1767329,0.0
17/06/2021,0,0,55(0.00 %),0,0,0,0,1767329,0.0
18/06/2021,0,0,55(0.00 %),0,0,0,0,1767329,0.0
22/06/2021,0,0,53(0.00 %),0,0,0,0,1767329,0.0
23/06/2021,0,0,53(0.00 %),0,0,0,0,1767329,0.0
24/06/2021,0,0,53(0.00 %),0,0,0,0,1767329,0.0
25/06/2021,0,0,53(0.00 %),0,0,0,0,1767329,0.0
28/06/2021,0,0,53(0.00 %),0,0,0,0,1767329,0.0
29/06/2021,0,0,53(0.00 %),0,0,0,0,1767329,0.0
30/06/2021,0,0,53(0.00 %),0,0,0,0,1767329,0.0
01/07/2021,0,0,53(0.00 %),0,0,0,0,1767329,0.0
02/07/2021,0,0,55(3.77 %),0,0,0,0,1767329,0.0
05/07/2021,0,0,55(0.00 %),0,0,0,0,1767329,0.0
06/07/2021,0,0,55(0.00 %),0,0,0,0,1767329,0.0
07/07/2021,0,0,55(0.00 %),0,0,0,0,1767329,0.0
08/07/2021,0,0,55(0.00 %),0,0,0,0,1767329,37.22
09/07/2021,0,0,55(0.00 %),0,0,0,0,1767329,0.0
12/07/2021,0,0,55(0.00 %),0,0,0,0,1767329,0.0
13/07/2021,0,0,55(0.00 %),0,0,0,0,1767329,0.0
14/07/2021,0,0,55(0.00 %),0,0,0,0,1767329,0.0
15/07/2021,0,0,55(0.00 %),0,0,0,0,1767329,0.0
16/07/2021,0,0,55(0.00 %),0,0,0,0,1767329,0.0
19/07/2021,0,0,55(0.00 %),0,0,0,0,1767329,0.0
20/07/2021,0,0,55(0.00 %),0,0,0,0,1767329,0.0
21/07/2021,0,0,55(0.00 %),0,0,0,0,1767329,0.0
22/07/2021,0,0,55(0.00 %),0,0,0,0,1767329,0.0
23/07/2021,0,0,55(0.00 %),0,0,0,0,1767329,0.0
26/07/2021,0,0,55(0.00 %),0,0,0,0,1767329,0.0
27/07/2021,0,0,55(0.00 %),0,0,0,0,1767329,0.0
28/07/2021,0,0,55(0.00 %),0,0,0,0,1767329,0.0
29/07/2021,0,0,55(0.00 %),0,0,0,0,1767329,0.0
30/07/2021,0,0,55(0.00 %),0,0,0,0,1767329,0.0
02/08/2021,0,0,55(0.00 %),0,0,0,0,1767329,0.0
03/08/2021,0,0,55(0.00 %),0,0,0,0,1767329,0.0
04/08/2021,0,0,55(0.00 %),0,0,0,0,1767329,0.0
05/08/2021,0,0,55(0.00 %),0,0,0,0,1767329,0.0
06/08/2021,0,0,55(0.00 %),0,0,0,0,1767329,0.0
09/08/2021,0,0,55(0.00 %),0,0,0,0,1767329,0.0
10/08/2021,0,0,55(0.00 %),0,0,0,0,1767329,0.0
11/08/2021,0,0,55(0.00 %),0,0,0,0,1767329,0.0
12/08/2021,0,0,55(0.00 %),0,0,0,0,1767329,0.0
13/08/2021,0,0,55(0.00 %),0,0,0,0,1767329,37.22
16/08/2021,0,0,55(0.00 %),0,0,0,0,1767329,0.0
17/08/2021,0,0,55(0.00 %),0,0,0,0,1767329,0.0
18/08/2021,0,0,55(0.00 %),0,0,0,0,1767329,0.0
19/08/2021,0,0,55(0.00 %),0,0,0,0,1767329,0.0
20/08/2021,0,0,55(0.00 %),0,0,0,0,1767329,0.0
23/08/2021,0,0,55(0.00 %),0,0,0,0,1767329,0.0
24/08/2021,0,0,55(0.00 %),0,0,0,0,1767329,0.0
25/08/2021,0,0,55(0.00 %),0,0,0,0,1767329,0.0
26/08/2021,0,0,55(0.00 %),0,0,0,0,1767329,0.0
27/08/2021,0,0,55(0.00 %),0,0,0,0,1767329,0.0
30/08/2021,0,0,55(0.00 %),0,0,0,0,1767329,0.0
31/08/2021,0,0,55(0.00 %),0,0,0,0,1767329,0.0
01/09/2021,0,0,55(0.00 %),0,0,0,0,1767329,0.0
06/09/2021,0,0,55(0.00 %),0,0,0,0,1767329,0.0
07/09/2021,0,0,55(0.00 %),0,0,0,0,1767329,0.0
08/09/2021,0,0,55(0.00 %),0,0,0,0,1767329,0.0
09/09/2021,0,0,55(0.00 %),0,0,0,0,1767329,0.0
10/09/2021,0,0,55(0.00 %),0,0,0,0,1767329,0.0
13/09/2021,0,0,55(0.00 %),0,0,0,0,1767329,0.0
14/09/2021,0,0,55(0.00 %),0,0,0,0,1767329,0.0
15/09/2021,0,0,55(0.00 %),0,0,0,0,1767329,37.22
16/09/2021,0,0,55(0.00 %),0,0,0,0,1767329,0.0
17/09/2021,0,0,55(0.00 %),0,0,0,0,1767329,0.0
20/09/2021,0,0,59(7.27 %),0,0,0,0,1767329,0.0
21/09/2021,0,0,59(0.00 %),0,0,0,0,1767329,0.0
22/09/2021,0,0,59(0.00 %),0,0,0,0,1767329,0.0
23/09/2021,0,0,59(0.00 %),0,0,0,0,1767329,0.0
24/09/2021,0,0,59(0.00 %),0,0,0,0,1767329,0.0
27/09/2021,0,0,50.3(-14.75 %),0,0,0,0,1767329,0.0
28/09/2021,0,0,50.3(0.00 %),0,0,0,0,1767329,0.0
29/09/2021,0,0,50.3(0.00 %),0,0,0,0,1767329,0.0
30/09/2021,0,0,50.3(0.00 %),0,0,0,0,1767329,0.0
01/10/2021,0,4500000,50.3(0.00 %),600,34680000,600,30180000,1766729,0.0
04/10/2021,0,0,54.1(0.00 %),0,0,0,0,1766729,0.0
05/10/2021,0,0,54.1(0.00 %),0,0,0,0,1766729,0.0
06/10/2021,0,0,54.1(0.00 %),0,0,0,0,1767329,37.22
07/10/2021,0,0,54.1(0.00 %),0,0,0,0,1767329,37.22
08/10/2021,0,0,54.1(0.00 %),0,0,0,0,1767329,0.0
11/10/2021,0,0,54.1(0.00 %),0,0,0,0,1767329,0.0
12/10/2021,0,0,54.1(0.00 %),0,0,0,0,1767329,0.0
13/10/2021,0,0,54.1(0.00 %),0,0,0,0,1767329,0.0
14/10/2021,0,0,54.1(0.00 %),0,0,0,0,1767329,0.0
15/10/2021,0,0,54.1(0.00 %),0,0,0,0,1767329,0.0
18/10/2021,0,0,49(-9.43 %),0,0,0,0,1767329,0.0
19/10/2021,0,0,47.9(0.00 %),0,0,0,0,1767329,0.0
20/10/2021,0,0,47.9(0.00 %),0,0,0,0,1767329,0.0
21/10/2021,0,0,47.9(0.00 %),0,0,0,0,1767329,0.0
22/10/2021,-700,-31500000,45(-6.05 %),0,0,700,31500000,1768029,0.0
25/10/2021,0,0,41.9(-6.89 %),0,0,0,0,1768029,0.0
26/10/2021,0,0,42.3(4.70 %),0,0,0,0,1768029,0.0
27/10/2021,0,0,46.3(9.46 %),0,0,0,0,1768029,0.0
28/10/2021,0,0,46.3(0.00 %),0,0,0,0,1768029,0.0
29/10/2021,0,0,46.3(0.00 %),0,0,0,0,1768029,0.0
01/11/2021,0,0,46.3(0.00 %),0,0,0,0,1768029,0.0
02/11/2021,0,0,52.9(14.25 %),0,0,0,0,1768029,0.0
03/11/2021,0,0,49.9(-5.67 %),0,0,0,0,1768029,0.0
04/11/2021,0,0,49.9(0.00 %),0,0,0,0,1768029,0.0
05/11/2021,0,0,49.9(0.00 %),0,0,0,0,1768029,0.0
08/11/2021,0,0,49.9(0.00 %),0,0,0,0,1768029,0.0
09/11/2021,0,0,49.9(0.00 %),0,0,0,0,1768029,0.0
10/11/2021,0,0,49.9(0.00 %),0,0,0,0,1768029,0.0
11/11/2021,0,0,49.9(0.00 %),0,0,0,0,1768029,0.0
12/11/2021,0,0,49.9(0.00 %),0,0,0,0,1768029,0.0
15/11/2021,0,0,49.9(0.00 %),0,0,0,0,1768029,0.0
16/11/2021,0,0,49.9(0.00 %),0,0,0,0,1768029,0.0
17/11/2021,0,0,49(-1.80 %),0,0,0,0,1768029,0.0
18/11/2021,0,0,49(0.20 %),0,0,0,0,1768029,0.0
19/11/2021,0,0,49(0.00 %),0,0,0,0,1768029,0.0
22/11/2021,0,0,49(0.00 %),0,0,0,0,1768029,0.0
23/11/2021,0,0,49(0.00 %),0,0,0,0,1768029,0.0
24/11/2021,0,0,51.5(5.10 %),0,0,0,0,1768029,0.0
25/11/2021,0,0,51.5(0.00 %),0,0,0,0,1768029,0.0
26/11/2021,0,0,44.1(-14.37 %),0,0,0,0,1768029,0.0
29/11/2021,0,0,44.1(0.00 %),0,0,0,0,1768029,0.0
30/11/2021,0,0,44.2(0.23 %),0,0,0,0,1768029,0.0
01/12/2021,0,0,44.2(0.00 %),0,0,0,0,1768029,0.0
02/12/2021,0,0,44.2(0.00 %),0,0,0,0,1768029,0.0
03/12/2021,0,0,44.2(0.00 %),0,0,0,0,1768029,0.0
06/12/2021,0,0,44.2(0.00 %),0,0,0,0,1768029,0.0
07/12/2021,0,0,44.2(0.00 %),0,0,0,0,1768029,0.0
08/12/2021,0,0,44.2(0.00 %),0,0,0,0,1768029,0.0
09/12/2021,0,0,44.2(0.00 %),0,0,0,0,1768029,0.0
10/12/2021,0,0,44.2(0.00 %),0,0,0,0,1768029,0.0
13/12/2021,0,0,44.2(0.00 %),0,0,0,0,1768029,0.0
14/12/2021,0,0,44.2(0.00 %),0,0,0,0,1768029,0.0
15/12/2021,0,0,44.2(0.00 %),0,0,0,0,1768029,0.0
16/12/2021,0,0,44.2(0.00 %),0,0,0,0,1768029,0.0
17/12/2021,0,0,50.8(14.93 %),0,0,0,0,1768029,0.0
20/12/2021,0,0,50.8(0.00 %),0,0,0,0,1768029,0.0
21/12/2021,0,0,52.5(3.35 %),0,0,0,0,1768029,0.0
22/12/2021,0,0,52.7(0.00 %),0,0,0,0,1768029,0.0
23/12/2021,0,0,52.7(0.00 %),0,0,0,0,1768029,37.21
24/12/2021,0,0,52.7(0.00 %),0,0,0,0,1768029,37.21
27/12/2021,0,0,52.7(0.00 %),0,0,0,0,1768029,88.21
28/12/2021,0,0,52.7(0.00 %),0,0,0,0,1768029,0.0
29/12/2021,0,0,52.7(0.00 %),0,0,0,0,1768029,88.21
30/12/2021,0,0,52.7(0.00 %),0,0,0,0,1768029,88.21
31/12/2021,0,0,52.7(0.00 %),0,0,0,0,1768029,88.21
04/01/2022,0,0,52.7(0.00 %),0,0,0,0,1768029,88.21
05/01/2022,0,0,52.7(0.00 %),0,0,0,0,1768029,88.21
06/01/2022,0,0,52.7(0.00 %),0,0,0,0,1768029,88.21
07/01/2022,0,0,52.7(0.00 %),0,0,0,0,1768029,88.21
10/01/2022,0,0,52.7(0.00 %),0,0,0,0,1768029,88.21
11/01/2022,0,0,52.7(0.00 %),0,0,0,0,1768029,88.21
12/01/2022,0,0,44.8(-14.99 %),0,0,0,0,1768029,88.21
13/01/2022,0,0,44.8(0.00 %),0,0,0,0,1768029,88.21
14/01/2022,0,0,47.9(14.87 %),0,0,0,0,1768029,88.21
17/01/2022,0,0,47.9(0.00 %),0,0,0,0,1768029,88.21
18/01/2022,0,0,47.9(0.00 %),0,0,0,0,1768029,88.21
19/01/2022,0,0,47.9(0.00 %),0,0,0,0,1768029,88.21
20/01/2022,0,0,47.9(0.00 %),0,0,0,0,1768029,88.21
21/01/2022,0,0,47.9(0.00 %),0,0,0,0,1768029,88.21
24/01/2022,0,0,47.9(0.00 %),0,0,0,0,1768029,88.21
25/01/2022,0,0,47.9(0.00 %),0,0,0,0,1768029,88.21
26/01/2022,0,0,47.9(0.00 %),0,0,0,0,1768029,88.21
27/01/2022,0,0,47.9(0.00 %),0,0,0,0,1768029,88.21
28/01/2022,0,0,47.9(0.00 %),0,0,0,0,1768029,88.21
07/02/2022,0,0,47.9(0.00 %),0,0,0,0,1768029,88.21
08/02/2022,0,0,47.9(0.00 %),0,0,0,0,1768029,88.21
09/02/2022,0,0,47.9(0.00 %),0,0,0,0,1768029,88.21
10/02/2022,0,0,47.9(0.00 %),0,0,0,0,1768029,88.21
11/02/2022,0,0,45(-6.05 %),0,0,0,0,1768029,88.21
14/02/2022,0,0,45(0.00 %),0,0,0,0,1768029,88.21
15/02/2022,0,0,45(0.00 %),0,0,0,0,1768029,88.21
16/02/2022,0,0,41.1(-8.67 %),0,0,0,0,1768029,88.21
17/02/2022,0,0,47(14.63 %),0,0,0,0,1768029,88.21
18/02/2022,0,0,47(0.00 %),0,0,0,0,1768029,88.21
21/02/2022,0,0,47(0.00 %),0,0,0,0,1768029,88.21
22/02/2022,0,0,47(0.00 %),0,0,0,0,1768029,88.21
23/02/2022,0,0,47(0.00 %),0,0,0,0,1768029,88.21
24/02/2022,0,0,47(0.00 %),0,0,0,0,1768029,88.21
25/02/2022,0,0,47(0.00 %),0,0,0,0,1768029,88.21
28/02/2022,0,0,47(0.00 %),0,0,0,0,1768029,88.21
01/03/2022,0,0,47(0.00 %),0,0,0,0,1768029,88.21
02/03/2022,0,0,47(0.00 %),0,0,0,0,1768029,88.21
03/03/2022,0,0,47(0.00 %),0,0,0,0,1768029,88.21
04/03/2022,0,0,47(0.00 %),0,0,0,0,1768029,88.21
07/03/2022,0,0,47(0.00 %),0,0,0,0,1768029,88.21
08/03/2022,0,0,47(0.00 %),0,0,0,0,1768029,88.21
09/03/2022,0,0,47(0.00 %),0,0,0,0,1768029,88.21
10/03/2022,0,0,47(0.00 %),0,0,0,0,1768029,88.21
11/03/2022,0,0,47(0.00 %),0,0,0,0,1768029,88.21
14/03/2022,0,0,47(0.00 %),0,0,0,0,1768029,88.21
15/03/2022,0,0,47(0.00 %),0,0,0,0,1768029,88.21
16/03/2022,0,0,47(0.00 %),0,0,0,0,1768029,88.21
17/03/2022,0,0,47(0.00 %),0,0,0,0,1768029,88.21
18/03/2022,0,0,47(0.00 %),0,0,0,0,1768029,88.21
21/03/2022,0,0,52.3(11.28 %),0,0,0,0,1768029,88.21
22/03/2022,0,0,52.3(0.00 %),0,0,0,0,1768029,88.21
23/03/2022,0,0,52.3(0.00 %),0,0,0,0,1768029,88.21
24/03/2022,0,0,52.3(0.00 %),0,0,0,0,1768029,88.21
25/03/2022,0,0,52.3(0.00 %),0,0,0,0,1768029,88.21
28/03/2022,0,0,52.3(0.00 %),0,0,0,0,1768029,88.21
29/03/2022,0,0,52.3(0.00 %),0,0,0,0,1768029,88.21
30/03/2022,0,0,52.3(0.00 %),0,0,0,0,1768029,88.21
31/03/2022,0,0,52.3(0.00 %),0,0,0,0,1768029,88.21
01/04/2022,0,0,52.3(0.00 %),0,0,0,0,1768029,88.21
04/04/2022,0,0,52.3(0.00 %),0,0,0,0,1768029,88.21
05/04/2022,0,0,52.3(0.00 %),0,0,0,0,1768029,88.21
06/04/2022,0,0,52.3(0.00 %),0,0,0,0,1768029,88.21
07/04/2022,0,0,52.3(0.00 %),0,0,0,0,1768029,88.21
08/04/2022,0,0,52.3(0.00 %),0,0,0,0,1768029,88.21
12/04/2022,0,0,52.3(0.00 %),0,0,0,0,1768029,0.0
13/04/2022,0,0,44.6(-14.72 %),0,0,0,0,1768029,88.21
14/04/2022,0,0,44.6(0.00 %),0,0,0,0,1768029,88.21
15/04/2022,0,0,0(0.00 %),0,0,0,0,1768029,88.21
18/04/2022,0,0,0(0.00 %),0,0,0,0,1768029,88.21
19/04/2022,0,0,44.6(0.00 %),0,0,0,0,1768029,88.21
20/04/2022,0,0,44.6(0.00 %),0,0,0,0,1768029,37.21
21/04/2022,0,0,44.6(0.00 %),0,0,0,0,1768029,88.21
22/04/2022,0,0,44.6(0.00 %),0,0,0,0,1768029,88.21
25/04/2022,0,0,44.6(0.00 %),0,0,0,0,1768029,88.21
26/04/2022,0,0,44.6(0.00 %),0,0,0,0,1768029,88.21
27/04/2022,0,0,44.6(0.00 %),0,0,0,0,1768029,88.21
28/04/2022,0,0,44.6(0.00 %),0,0,0,0,1768029,88.21
29/04/2022,0,0,44.6(0.00 %),0,0,0,0,1768029,88.21
04/05/2022,0,0,44.6(0.00 %),0,0,0,0,1768029,88.21
05/05/2022,0,0,44.6(0.00 %),0,0,0,0,1768029,88.21
06/05/2022,0,0,44.6(0.00 %),0,0,0,0,1768029,88.21
09/05/2022,0,0,44.6(0.00 %),0,0,0,0,1768029,88.21
10/05/2022,0,0,44.6(0.00 %),0,0,0,0,1768029,88.21
11/05/2022,0,0,38(-14.80 %),0,0,0,0,1768029,88.21
12/05/2022,0,0,38(0.00 %),0,0,0,0,1768029,88.21
13/05/2022,0,0,38(0.00 %),0,0,0,0,1768029,88.21
16/05/2022,0,0,38(0.00 %),0,0,0,0,1768029,88.21
17/05/2022,0,0,38(0.00 %),0,0,0,0,1768029,88.21
18/05/2022,0,0,38(0.00 %),0,0,0,0,1768029,88.21
19/05/2022,0,0,38(0.00 %),0,0,0,0,1768029,88.21
20/05/2022,0,0,40(5.26 %),0,0,0,0,1768029,88.21
23/05/2022,0,0,40(0.00 %),0,0,0,0,1768029,88.21
24/05/2022,0,0,40(0.00 %),0,0,0,0,1768029,88.21
25/05/2022,0,0,40(0.00 %),0,0,0,0,1768029,88.21
26/05/2022,0,0,40(0.00 %),0,0,0,0,1768029,88.21
27/05/2022,0,0,40(0.00 %),0,0,0,0,1768029,88.21
30/05/2022,0,0,40(0.00 %),0,0,0,0,1768029,88.21
31/05/2022,0,0,40(0.00 %),0,0,0,0,1768029,88.21
01/06/2022,0,0,38.5(0.00 %),0,0,0,0,1768029,88.21
02/06/2022,0,0,38.5(0.00 %),0,0,0,0,1768029,88.21
03/06/2022,0,0,38.5(0.00 %),0,0,0,0,1768029,88.21
06/06/2022,0,0,38.5(0.00 %),0,0,0,0,1768029,88.21
07/06/2022,0,0,38.5(0.00 %),0,0,0,0,1768029,88.21
08/06/2022,0,0,38.5(0.00 %),0,0,0,0,1768029,88.21
09/06/2022,0,0,38.5(0.00 %),0,0,0,0,1768029,88.21
10/06/2022,0,0,38.5(0.00 %),0,0,0,0,1768029,88.21
13/06/2022,0,0,38.5(0.00 %),0,0,0,0,1768029,88.21
14/06/2022,0,0,38.5(0.00 %),0,0,0,0,1768029,88.21
15/06/2022,0,0,38.5(0.00 %),0,0,0,0,1768029,88.21
16/06/2022,0,0,38.5(0.00 %),0,0,0,0,1768029,88.21
17/06/2022,0,0,38.5(0.00 %),0,0,0,0,1768029,88.21
20/06/2022,0,0,38.5(0.00 %),0,0,0,0,1768029,88.21
21/06/2022,0,0,38.5(0.00 %),0,0,0,0,1768029,88.21
22/06/2022,0,0,38.5(0.00 %),0,0,0,0,1768029,88.21
23/06/2022,0,0,38.5(0.00 %),0,0,0,0,1768029,88.21
24/06/2022,0,0,38.5(0.00 %),0,0,0,0,1768029,88.21
27/06/2022,0,0,38.5(0.00 %),0,0,0,0,1768029,88.21
28/06/2022,0,0,38.5(0.00 %),0,0,0,0,1768029,88.21
29/06/2022,0,0,38.5(0.00 %),0,0,0,0,1768029,88.21
30/06/2022,0,0,38.5(0.00 %),0,0,0,0,1768029,88.21
01/07/2022,0,0,38.5(0.00 %),0,0,0,0,1768029,88.21
04/07/2022,0,0,38.5(0.00 %),0,0,0,0,1768029,88.21
05/07/2022,0,0,38.5(0.00 %),0,0,0,0,1768029,88.21
06/07/2022,0,0,38.5(0.00 %),0,0,0,0,1768029,88.21
07/07/2022,0,0,38.5(0.00 %),0,0,0,0,1768029,88.21
08/07/2022,0,0,38.5(0.00 %),0,0,0,0,1768029,88.21
11/07/2022,0,0,38.5(0.00 %),0,0,0,0,1768029,88.21
12/07/2022,0,0,38.5(0.00 %),0,0,0,0,1768029,88.21
13/07/2022,0,0,38.5(0.00 %),0,0,0,0,1768029,88.21
14/07/2022,0,0,38.5(0.00 %),0,0,0,0,1768029,88.21
15/07/2022,0,0,38.5(0.00 %),0,0,0,0,1768029,88.21
18/07/2022,0,0,38.5(0.00 %),0,0,0,0,1768029,88.21
19/07/2022,0,0,38.5(0.00 %),0,0,0,0,1768029,88.21
20/07/2022,0,0,38.5(0.00 %),0,0,0,0,1768029,88.21
21/07/2022,0,0,38.5(0.00 %),0,0,0,0,1768029,88.21
22/07/2022,0,0,38.5(0.00 %),0,0,0,0,1768029,88.21
25/07/2022,0,0,38.5(0.00 %),0,0,0,0,1768029,88.21
26/07/2022,0,0,38.5(0.00 %),0,0,0,0,1768029,88.21
27/07/2022,0,0,38.5(0.00 %),0,0,0,0,1768029,88.21
28/07/2022,0,0,38.5(0.00 %),0,0,0,0,1768029,88.21
29/07/2022,0,0,38.5(0.00 %),0,0,0,0,1768029,88.21
01/08/2022,0,0,34.7(-9.87 %),0,0,0,0,1768029,88.21
02/08/2022,0,0,34.7(0.00 %),0,0,0,0,1768029,88.21
03/08/2022,0,0,34.7(0.00 %),0,0,0,0,1768029,88.21
04/08/2022,0,0,34.7(0.00 %),0,0,0,0,1768029,88.21
05/08/2022,0,0,34.7(0.00 %),0,0,0,0,1768029,88.21
08/08/2022,0,0,34.7(0.00 %),0,0,0,0,1768029,88.21
09/08/2022,0,0,34.7(0.00 %),0,0,0,0,1768029,88.21
10/08/2022,0,0,34.7(0.00 %),0,0,0,0,1768029,88.21
11/08/2022,0,0,34.7(0.00 %),0,0,0,0,1768029,88.21
12/08/2022,0,0,34.7(0.00 %),0,0,0,0,1768029,88.21
15/08/2022,0,0,34.7(0.00 %),0,0,0,0,1768029,88.21
16/08/2022,0,0,34.7(0.00 %),0,0,0,0,1768029,88.21
17/08/2022,0,0,34.7(0.00 %),0,0,0,0,1768029,88.21
18/08/2022,0,0,34.7(0.00 %),0,0,0,0,1768029,88.21
19/08/2022,0,0,34.7(0.00 %),0,0,0,0,1768029,88.21
22/08/2022,0,0,34.7(0.00 %),0,0,0,0,1768029,88.21
23/08/2022,0,0,34.7(0.00 %),0,0,0,0,1768029,88.21
24/08/2022,0,0,34.7(0.00 %),0,0,0,0,1768029,88.21
25/08/2022,0,0,34.7(0.00 %),0,0,0,0,1768029,88.21
26/08/2022,0,0,34.7(0.00 %),0,0,0,0,1768029,88.21
29/08/2022,0,0,34.7(0.00 %),0,0,0,0,1768029,88.21
30/08/2022,0,0,34.7(0.00 %),0,0,0,0,1768029,88.21
31/08/2022,0,0,34.7(0.00 %),0,0,0,0,1768029,88.21
05/09/2022,0,0,34.7(0.00 %),0,0,0,0,1768029,88.21
06/09/2022,0,0,34.7(0.00 %),0,0,0,0,1768029,88.21
07/09/2022,0,0,34.7(0.00 %),0,0,0,0,1768029,88.21
08/09/2022,0,0,34.7(0.00 %),0,0,0,0,1768029,88.21
09/09/2022,0,0,34.7(0.00 %),0,0,0,0,1768029,88.21
12/09/2022,0,0,34.7(0.00 %),0,0,0,0,1768029,88.21
13/09/2022,0,0,34.7(0.00 %),0,0,0,0,1768029,88.21
14/09/2022,0,0,34.7(0.00 %),0,0,0,0,1768029,88.21
15/09/2022,0,0,34.7(0.00 %),0,0,0,0,0,88.21
16/09/2022,0,0,34.7(0.00 %),0,0,0,0,1768029,88.21
19/09/2022,0,0,34.7(0.00 %),0,0,0,0,1768029,0.0
20/09/2022,0,0,34.7(0.00 %),0,0,0,0,1768029,88.21
21/09/2022,0,0,34.7(0.00 %),0,0,0,0,1768029,88.21
22/09/2022,0,0,34.7(0.00 %),0,0,0,0,1768029,88.21
23/09/2022,0,0,34.7(0.00 %),0,0,0,0,1768029,0.0
26/09/2022,0,0,34.7(0.00 %),0,0,0,0,1768029,88.21
27/09/2022,0,0,34.7(0.00 %),0,0,0,0,1768029,88.21
28/09/2022,0,0,34.7(0.00 %),0,0,0,0,1768029,88.21
29/09/2022,0,0,34.7(0.00 %),0,0,0,0,1768029,88.21
30/09/2022,0,0,34.7(0.00 %),0,0,0,0,1768029,88.21
03/10/2022,0,0,34.7(0.00 %),0,0,0,0,1768029,88.21
04/10/2022,0,0,34.7(0.00 %),0,0,0,0,1768029,88.21
05/10/2022,0,0,34.7(0.00 %),0,0,0,0,1768029,88.21
06/10/2022,0,0,34.7(0.00 %),0,0,0,0,1768029,88.21
07/10/2022,0,0,34.7(0.00 %),0,0,0,0,1768029,88.21
10/10/2022,0,0,34.7(0.00 %),0,0,0,0,1768029,88.21
11/10/2022,0,0,34.7(0.00 %),0,0,0,0,1768029,88.21
12/10/2022,0,0,34.7(0.00 %),0,0,0,0,1768029,88.21
13/10/2022,0,0,34.7(0.00 %),0,0,0,0,1768029,88.21
14/10/2022,0,0,34.7(0.00 %),0,0,0,0,1768029,88.21
17/10/2022,0,0,34.7(0.00 %),0,0,0,0,1768029,88.21
18/10/2022,0,0,34.7(0.00 %),0,0,0,0,1768029,88.21
19/10/2022,0,0,34.7(0.00 %),0,0,0,0,1768029,88.21
20/10/2022,0,0,34.7(0.00 %),0,0,0,0,1768029,88.21
21/10/2022,0,0,34.7(0.00 %),0,0,0,0,1768029,88.21
24/10/2022,0,0,34.7(0.00 %),0,0,0,0,1768029,88.21
25/10/2022,0,0,34.7(0.00 %),0,0,0,0,1768029,88.21
26/10/2022,0,0,34.7(0.00 %),0,0,0,0,1768029,88.21
27/10/2022,0,0,34.7(0.00 %),0,0,0,0,1768029,88.21
28/10/2022,0,0,34.7(0.00 %),0,0,0,0,1768029,88.21
31/10/2022,0,0,34.7(0.00 %),0,0,0,0,1768029,88.21
01/11/2022,0,0,34.7(0.00 %),0,0,0,0,1768029,88.21
02/11/2022,0,0,34.7(0.00 %),0,0,0,0,1768029,88.21
03/11/2022,0,0,34.7(0.00 %),0,0,0,0,1768029,88.21
04/11/2022,0,0,34.7(0.00 %),0,0,0,0,1768029,88.21
07/11/2022,0,0,34.7(0.00 %),0,0,0,0,1768029,88.21
08/11/2022,0,0,34.7(0.00 %),0,0,0,0,1768029,88.21
09/11/2022,0,0,34.7(0.00 %),0,0,0,0,1768029,88.21
10/11/2022,0,0,0(0.00 %),0,0,0,0,1768029,88.21
11/11/2022,0,0,34.7(0.00 %),0,0,0,0,1768029,88.21
14/11/2022,0,0,34.7(0.00 %),0,0,0,0,1768029,88.21
15/11/2022,0,0,34.7(0.00 %),0,0,0,0,1768029,88.21
16/11/2022,0,0,35(0.86 %),0,0,0,0,1768029,88.21
17/11/2022,0,0,35(0.00 %),0,0,0,0,1768029,88.21
18/11/2022,0,0,35(0.00 %),0,0,0,0,1768029,88.21
21/11/2022,0,0,35(0.00 %),0,0,0,0,1768029,88.21
22/11/2022,0,0,35(0.00 %),0,0,0,0,1768029,88.21
23/11/2022,0,0,35(0.00 %),0,0,0,0,1768029,88.21
24/11/2022,0,0,35(0.00 %),0,0,0,0,1768029,88.21
25/11/2022,0,0,35(0.00 %),0,0,0,0,1768029,88.21
28/11/2022,0,0,35(0.00 %),0,0,0,0,1768029,0.0
29/11/2022,0,0,35(0.00 %),0,0,0,0,1768029,0.0
30/11/2022,0,0,35(0.00 %),0,0,0,0,1768029,0.0
01/12/2022,0,0,35(0.00 %),0,0,0,0,1768029,0.0
02/12/2022,0,0,35(0.00 %),0,0,0,0,1768029,0.0
05/12/2022,0,0,35(0.00 %),0,0,0,0,1768029,0.0
06/12/2022,0,0,35(0.00 %),0,0,0,0,1768029,0.0
07/12/2022,0,0,35(0.00 %),0,0,0,0,1768029,0.0
08/12/2022,0,0,35(0.00 %),0,0,0,0,1768029,88.21
09/12/2022,0,0,34(-2.86 %),0,0,0,0,1768029,88.21
12/12/2022,0,0,34(0.00 %),0,0,0,0,1768029,0.0
13/12/2022,0,0,34(0.00 %),0,0,0,0,1768029,0.0
14/12/2022,0,0,34(0.00 %),0,0,0,0,1768029,0.0
15/12/2022,0,0,34(0.00 %),0,0,0,0,1768029,0.0
16/12/2022,0,0,34(0.00 %),0,0,0,0,1768029,0.0
19/12/2022,0,0,34(0.00 %),0,0,0,0,1768029,0.0
20/12/2022,-600,-17400000,29(-14.71 %),0,0,600,17400000,1768029,0.0
21/12/2022,0,0,29(0.00 %),0,0,0,0,1768029,0.0
22/12/2022,0,0,29(0.00 %),0,0,0,0,1768029,0.0
23/12/2022,0,0,29(0.00 %),0,0,0,0,1768629,0.0
26/12/2022,0,0,29(0.00 %),0,0,0,0,1768629,0.0
27/12/2022,0,0,29(0.00 %),0,0,0,0,1768629,0.0
28/12/2022,0,0,29(0.00 %),0,0,0,0,1768629,88.21
29/12/2022,0,0,29(0.00 %),0,0,0,0,1768629,88.21
30/12/2022,0,0,29(0.00 %),0,0,0,0,1768629,88.21
03/01/2023,0,0,33.3(14.83 %),0,0,0,0,1768629,0.0
04/01/2023,0,0,33.3(0.00 %),0,0,0,0,1768629,88.21
05/01/2023,500,16500000,33(-0.90 %),500,16500000,0,0,1768129,88.21
06/01/2023,500,16000000,32(-3.03 %),500,16000000,0,0,1767629,88.22
09/01/2023,0,0,32(0.00 %),0,0,0,0,1767629,88.22
10/01/2023,600,18000000,30(-6.25 %),600,18000000,0,0,1767029,88.22
11/01/2023,1000,29000000,29(-3.33 %),1000,29000000,0,0,1766029,88.23
12/01/2023,0,0,29(0.00 %),0,0,0,0,1766029,88.23
13/01/2023,0,0,29(0.00 %),0,0,0,0,1766029,88.23
16/01/2023,0,0,26(-10.34 %),0,0,0,0,1766029,88.23
17/01/2023,0,0,26(0.00 %),0,0,0,0,1766029,88.23
18/01/2023,0,0,26(0.00 %),0,0,0,0,1766029,88.23
19/01/2023,0,0,26(0.00 %),0,0,0,0,1766029,88.23
27/01/2023,0,0,28(7.69 %),0,0,0,0,1766029,88.23
30/01/2023,0,0,33(14.58 %),0,0,0,0,1766029,88.23
31/01/2023,0,0,37.8(14.55 %),0,0,0,0,1766029,88.23
01/02/2023,0,0,42(11.11 %),0,0,0,0,1766029,88.23
02/02/2023,0,0,42(0.00 %),0,0,0,0,1766029,88.23
03/02/2023,0,0,42(0.00 %),0,0,0,0,1766029,88.23
06/02/2023,0,0,42(0.00 %),0,0,0,0,1766029,88.23
07/02/2023,0,0,42(0.00 %),0,0,0,0,1766029,88.23
08/02/2023,0,0,42(0.00 %),0,0,0,0,1766029,88.23
09/02/2023,0,0,42(0.00 %),0,0,0,0,1766029,88.23
10/02/2023,0,0,42(0.00 %),0,0,0,0,1766029,88.23
13/02/2023,0,0,42(0.00 %),0,0,0,0,1766029,88.23
14/02/2023,0,0,42(0.00 %),0,0,0,0,1766029,88.23
15/02/2023,0,0,42(0.00 %),0,0,0,0,1766029,88.23
16/02/2023,0,0,42(0.00 %),0,0,0,0,1766029,88.23
17/02/2023,0,0,42(0.00 %),0,0,0,0,1766029,88.23
20/02/2023,0,0,42(0.00 %),0,0,0,0,1766029,88.23
21/02/2023,0,0,42(0.00 %),0,0,0,0,1766029,88.23
22/02/2023,0,0,42(0.00 %),0,0,0,0,1766029,88.23
23/02/2023,0,0,42(0.00 %),0,0,0,0,1766029,88.23
24/02/2023,0,0,42(0.00 %),0,0,0,0,1766029,0.0
27/02/2023,0,0,42(0.00 %),0,0,0,0,1766029,88.23
28/02/2023,0,0,42(0.00 %),0,0,0,0,1766029,88.23
01/03/2023,0,0,42(0.00 %),0,0,0,0,1766029,88.23
02/03/2023,0,0,42(0.00 %),0,0,0,0,1766029,88.23
03/03/2023,0,0,42(0.00 %),0,0,0,0,1766029,88.23
06/03/2023,0,0,42(0.00 %),0,0,0,0,1766029,88.23
07/03/2023,0,0,35.7(-15.00 %),0,0,0,0,1766029,88.23
08/03/2023,0,0,30.4(-14.85 %),0,0,0,0,1766029,88.23
09/03/2023,0,0,30.4(0.00 %),0,0,0,0,1766029,88.23
10/03/2023,0,0,26.9(-11.51 %),0,0,0,0,1766029,88.23
13/03/2023,0,0,30.9(14.87 %),0,0,0,0,1766029,0.0
14/03/2023,0,0,30.9(0.00 %),0,0,0,0,1766029,88.23
15/03/2023,0,0,27.4(-11.33 %),0,0,0,0,1766029,88.23
16/03/2023,0,0,27.4(0.00 %),0,0,0,0,1766029,88.23
17/03/2023,0,0,27.4(0.00 %),0,0,0,0,1766029,88.23
20/03/2023,0,0,24.1(-12.04 %),0,0,0,0,1766029,88.23
21/03/2023,0,0,24.1(0.00 %),0,0,0,0,1766029,88.23
22/03/2023,0,0,24.1(0.00 %),0,0,0,0,1766029,88.23
23/03/2023,0,0,24.1(0.00 %),0,0,0,0,1766029,88.23
24/03/2023,0,0,24.1(0.00 %),0,0,0,0,1766029,88.23
27/03/2023,0,0,24.1(0.00 %),0,0,0,0,1766029,88.23
28/03/2023,0,0,24.1(0.00 %),0,0,0,0,1766029,0.0
29/03/2023,0,0,24.1(0.00 %),0,0,0,0,1766029,88.23
30/03/2023,0,0,27.7(14.94 %),0,0,0,0,1766029,88.23
31/03/2023,0,0,28.5(2.89 %),0,0,0,0,1766029,88.23
03/04/2023,0,0,28.1(0.00 %),0,0,0,0,1766029,88.23
04/04/2023,0,0,30.9(9.96 %),0,0,0,0,1766029,88.23
05/04/2023,0,0,30.9(0.00 %),0,0,0,0,1766029,88.23
06/04/2023,0,0,31.7(0.00 %),0,0,0,0,1766029,88.23
07/04/2023,0,0,27(-12.05 %),0,0,0,0,1766029,88.23
10/04/2023,0,0,27.5(1.85 %),0,0,0,0,1766029,88.23
11/04/2023,0,0,27.4(0.00 %),0,0,0,0,1766029,88.23
12/04/2023,0,0,27.1(-1.09 %),0,0,0,0,1766029,0.0
13/04/2023,0,0,27.1(0.00 %),0,0,0,0,1766029,88.23
14/04/2023,0,0,27(-0.37 %),0,0,0,0,1766029,88.23
17/04/2023,0,0,28.5(5.56 %),0,0,0,0,1766029,88.23
18/04/2023,0,0,29.7(0.00 %),0,0,0,0,1766029,88.23
19/04/2023,0,0,29.5(-0.67 %),0,0,0,0,1766029,88.23
20/04/2023,0,0,29.9(1.01 %),0,0,0,0,1766029,0.0
21/04/2023,0,0,28.1(-6.02 %),0,0,0,0,1766029,88.23
24/04/2023,0,0,29.8(6.43 %),0,0,0,0,1766029,88.23
25/04/2023,0,0,29.8(0.00 %),0,0,0,0,1766029,88.23
26/04/2023,0,0,33.9(13.76 %),0,0,0,0,1766029,88.23
27/04/2023,0,0,33.9(0.00 %),0,0,0,0,1766029,0.0
28/04/2023,0,0,37.9(11.80 %),0,0,0,0,1766029,0.0
04/05/2023,0,0,37.9(0.00 %),0,0,0,0,1766029,0.0
05/05/2023,0,0,37.9(0.00 %),0,0,0,0,1766029,88.23
08/05/2023,0,0,32.3(-14.78 %),0,0,0,0,1766029,88.23
09/05/2023,0,0,32.3(0.00 %),0,0,0,0,1766029,88.23
10/05/2023,0,0,32.3(0.00 %),0,0,0,0,1766029,0.0
11/05/2023,0,0,32.3(0.00 %),0,0,0,0,1766029,0.0
12/05/2023,0,0,32.3(0.00 %),0,0,0,0,1766029,88.23
15/05/2023,0,0,30(-7.12 %),0,0,0,0,1766029,0.0
16/05/2023,0,0,29(-3.33 %),0,0,0,0,1766029,0.0
17/05/2023,0,0,31(6.90 %),0,0,0,0,1766029,0.0
18/05/2023,0,0,31(0.00 %),0,0,0,0,1766029,0.0
19/05/2023,0,0,31(0.00 %),0,0,0,0,1766029,0.0
22/05/2023,0,0,32(3.23 %),0,0,0,0,1766029,0.0
23/05/2023,0,0,33(-0.60 %),0,0,0,0,1766029,0.0
24/05/2023,0,0,33(0.00 %),0,0,0,0,1766029,0.0
25/05/2023,0,0,30.6(-2.86 %),0,0,0,0,1766029,0.0
26/05/2023,0,0,30.6(0.00 %),0,0,0,0,1766029,0.0
29/05/2023,0,0,30.6(0.00 %),0,0,0,0,1766029,0.0
30/05/2023,0,0,32(4.58 %),0,0,0,0,1766029,0.0
31/05/2023,0,0,31(1.31 %),0,0,0,0,1766029,0.0
01/06/2023,0,0,34.9(12.58 %),0,0,0,0,1766029,0.0
02/06/2023,0,0,34.9(0.00 %),0,0,0,0,1766029,0.0
05/06/2023,0,0,34.9(0.00 %),0,0,0,0,1766029,0.0
06/06/2023,0,0,34.9(0.00 %),0,0,0,0,1766029,0.0
07/06/2023,0,0,34.9(0.00 %),0,0,0,0,1766029,0.0
08/06/2023,0,0,34.6(-0.86 %),0,0,0,0,1766029,0.0
09/06/2023,0,0,34.6(0.00 %),0,0,0,0,1766029,0.0
12/06/2023,0,0,34.6(0.00 %),0,0,0,0,1766029,0.0
13/06/2023,0,0,34.6(0.00 %),0,0,0,0,1766029,0.0
14/06/2023,0,0,34.6(0.00 %),0,0,0,0,1766029,0.0
15/06/2023,0,0,34.6(0.00 %),0,0,0,0,1766029,0.0
16/06/2023,0,0,34.6(0.00 %),0,0,0,0,1766029,88.23
19/06/2023,0,0,34.6(0.00 %),0,0,0,0,1766029,88.23
20/06/2023,0,0,34.6(0.00 %),0,0,0,0,1766029,88.23
21/06/2023,0,0,34.6(0.00 %),0,0,0,0,1766029,88.23
22/06/2023,0,0,34.6(0.00 %),0,0,0,0,1766029,0.0
23/06/2023,0,0,34.6(0.00 %),0,0,0,0,1766029,88.23
26/06/2023,0,0,34.6(0.00 %),0,0,0,0,1766029,88.23
27/06/2023,0,0,34.6(0.00 %),0,0,0,0,1766029,88.23
28/06/2023,0,0,34.6(0.00 %),0,0,0,0,1766029,88.23
29/06/2023,0,0,34.6(0.00 %),0,0,0,0,1766029,0.0
30/06/2023,0,0,34.6(0.00 %),0,0,0,0,1766029,88.23
03/07/2023,0,0,34.6(0.00 %),0,0,0,0,1766029,88.23
04/07/2023,0,0,34.6(0.00 %),0,0,0,0,1766029,88.23
05/07/2023,0,0,34.6(0.00 %),0,0,0,0,1766029,88.23
06/07/2023,0,0,34.6(0.00 %),0,0,0,0,1766029,88.23
07/07/2023,0,0,34.6(0.00 %),0,0,0,0,1766029,88.23
10/07/2023,200,7180000,35.9(3.76 %),200,7180000,0,0,1765829,88.23
11/07/2023,0,0,36(0.28 %),0,0,0,0,1765829,88.23
12/07/2023,0,0,36(0.00 %),0,0,0,0,1765829,88.23
13/07/2023,0,0,36(0.00 %),0,0,0,0,1765829,88.23
14/07/2023,0,0,36(0.00 %),0,0,0,0,1765829,88.23
17/07/2023,0,0,36(0.00 %),0,0,0,0,1765829,88.23
18/07/2023,0,0,36(0.00 %),0,0,0,0,1765829,88.23
19/07/2023,-500,-20450000,40.9(13.61 %),0,0,500,20450000,1765829,88.23
20/07/2023,0,0,40.9(0.00 %),0,0,0,0,1765829,0.0
21/07/2023,-600,-28200000,47(14.91 %),0,0,600,28200000,1766329,88.22
24/07/2023,-500,-27000000,54(14.89 %),0,0,500,27000000,1766329,88.22
25/07/2023,0,0,59.9(12.17 %),0,0,0,0,1766929,88.22
26/07/2023,0,0,60.1(0.00 %),0,0,0,0,1766929,0.0
27/07/2023,0,0,52.1(-13.31 %),0,0,0,0,1766929,0.0
28/07/2023,0,0,52.3(0.00 %),0,0,0,0,1767429,0.0
31/07/2023,0,0,58(10.90 %),0,0,0,0,1767429,88.22
01/08/2023,0,0,0(0.00 %),0,0,0,0,1767429,88.22
02/08/2023,0,0,0(0.00 %),0,0,0,0,1767429,88.22
03/08/2023,0,0,57.8(0.00 %),0,0,0,0,1767429,88.22
04/08/2023,0,0,57.8(0.00 %),0,0,0,0,1767429,88.22
07/08/2023,0,0,57.8(0.00 %),0,0,0,0,1767429,0.0
08/08/2023,0,0,57.8(0.00 %),0,0,0,0,1767429,0.0
09/08/2023,0,0,57.8(0.00 %),0,0,0,0,1767429,0.0
10/08/2023,0,0,57.8(0.00 %),0,0,0,0,1767429,0.0
11/08/2023,0,0,57.8(0.00 %),0,0,0,0,1767429,0.0
14/08/2023,0,0,57.8(0.00 %),0,0,0,0,1767429,88.22
15/08/2023,0,0,57.8(0.00 %),0,0,0,0,1767429,88.22
16/08/2023,0,0,57.8(0.00 %),0,0,0,0,1767429,88.22
17/08/2023,0,0,57.8(0.00 %),0,0,0,0,1767429,88.22
18/08/2023,0,0,57.8(0.00 %),0,0,0,0,1767429,88.22
21/08/2023,0,0,57.8(0.00 %),0,0,0,0,1767429,88.22
22/08/2023,0,0,58(0.35 %),0,0,0,0,1767429,88.22
23/08/2023,0,0,57.8(0.00 %),0,0,0,0,1767429,88.22
24/08/2023,0,0,57.8(0.00 %),0,0,0,0,1767429,88.22
25/08/2023,0,0,57.8(0.00 %),0,0,0,0,1767429,88.22
28/08/2023,0,0,57.8(0.00 %),0,0,0,0,1767429,88.22
29/08/2023,0,0,57.8(0.00 %),0,0,0,0,1767429,88.22
30/08/2023,0,0,57.8(0.00 %),0,0,0,0,1767429,88.22
31/08/2023,0,0,57.8(0.00 %),0,0,0,0,1767429,88.22
05/09/2023,0,0,57.8(0.00 %),0,0,0,0,1767429,88.22
06/09/2023,0,0,58(0.35 %),0,0,0,0,1767429,0.0
07/09/2023,0,0,57.8(0.00 %),0,0,0,0,1767429,88.22
08/09/2023,0,0,57.8(0.00 %),0,0,0,0,1767429,88.22
11/09/2023,0,0,50(-13.49 %),0,0,0,0,1767429,88.22
12/09/2023,0,0,50(0.00 %),0,0,0,0,1767429,88.22
13/09/2023,0,0,50(0.00 %),0,0,0,0,1767429,88.22
14/09/2023,0,0,50(0.00 %),0,0,0,0,1767429,88.22
15/09/2023,0,0,50(0.00 %),0,0,0,0,1767429,88.22
18/09/2023,0,0,50(0.00 %),0,0,0,0,1767429,0.0
19/09/2023,0,0,57.5(15.00 %),0,0,0,0,1767429,0.0
20/09/2023,0,0,57.5(0.00 %),0,0,0,0,1767429,0.0
21/09/2023,0,0,57.5(0.00 %),0,0,0,0,1767429,88.22
22/09/2023,0,0,57.5(0.00 %),0,0,0,0,1767429,88.22
25/09/2023,0,0,52(-9.57 %),0,0,0,0,1767429,88.22
26/09/2023,0,0,52(0.00 %),0,0,0,0,1767429,88.22
27/09/2023,0,0,52(0.00 %),0,0,0,0,1767429,0.0
28/09/2023,0,0,52(0.00 %),0,0,0,0,1767429,0.0
29/09/2023,0,0,52(0.00 %),0,0,0,0,1767429,88.22
02/10/2023,0,0,52(0.00 %),0,0,0,0,1767429,88.22
03/10/2023,0,0,52(0.00 %),0,0,0,0,1767429,88.22
04/10/2023,0,0,52(0.00 %),0,0,0,0,1767429,88.22
05/10/2023,200,10200000,51(-1.92 %),200,10200000,0,0,1767229,88.22
06/10/2023,0,0,51(0.00 %),0,0,0,0,1767229,88.22
09/10/2023,0,0,51(0.00 %),0,0,0,0,1767229,88.22
10/10/2023,-105,-4557000,43.4(-14.90 %),0,0,105,4557000,1767229,88.22
11/10/2023,0,0,49.9(14.98 %),0,0,0,0,1767229,88.22
12/10/2023,0,0,49.9(2.25 %),0,0,0,0,1767334,88.22
13/10/2023,0,0,48.8(0.00 %),0,0,0,0,1767334,88.22
16/10/2023,0,0,48.8(0.00 %),0,0,0,0,1767334,88.22
17/10/2023,0,0,48.8(0.00 %),0,0,0,0,1767334,88.22
18/10/2023,0,0,48.8(0.00 %),0,0,0,0,1767334,88.22
19/10/2023,0,0,48.8(0.00 %),0,0,0,0,1767334,88.22
20/10/2023,0,0,56.1(14.96 %),0,0,0,0,1767334,88.22
23/10/2023,0,0,56.1(0.00 %),0,0,0,0,1767334,88.22
24/10/2023,0,0,56.1(0.00 %),0,0,0,0,1767334,0.0
25/10/2023,0,0,56.1(0.00 %),0,0,0,0,1767334,88.22
26/10/2023,0,0,56.1(0.00 %),0,0,0,0,1767334,88.22
27/10/2023,-15,-715500,56.1(0.00 %),0,0,15,715500,1767334,88.22
30/10/2023,0,0,56.1(0.00 %),0,0,0,0,1767334,88.22
31/10/2023,0,0,56.1(0.00 %),0,0,0,0,1767349,88.22
01/11/2023,0,0,56.1(0.00 %),0,0,0,0,1767349,88.22
02/11/2023,0,0,56.1(0.00 %),0,0,0,0,1767349,88.22
03/11/2023,0,0,56.1(0.00 %),0,0,0,0,1767349,88.22
06/11/2023,0,0,56.1(0.00 %),0,0,0,0,1767349,88.22
07/11/2023,0,0,56.1(0.00 %),0,0,0,0,1767349,0.0
08/11/2023,0,0,56.1(0.00 %),0,0,0,0,1767349,88.22
09/11/2023,0,0,56.1(0.00 %),0,0,0,0,1767349,88.22
10/11/2023,0,0,56.1(0.00 %),0,0,0,0,1767349,88.22
13/11/2023,0,0,56.1(0.00 %),0,0,0,0,1767349,88.22
14/11/2023,0,0,56.1(0.00 %),0,0,0,0,1767349,88.22
15/11/2023,0,0,56.1(0.00 %),0,0,0,0,1767349,88.22
16/11/2023,0,0,56.1(0.00 %),0,0,0,0,1767349,0.0
17/11/2023,0,0,56.1(0.00 %),0,0,0,0,1767349,88.22
20/11/2023,0,0,56.1(0.00 %),0,0,0,0,1767349,88.22
21/11/2023,0,0,56.1(0.00 %),0,0,0,0,1767349,88.22
22/11/2023,0,0,56.1(0.00 %),0,0,0,0,1767349,88.22
23/11/2023,0,0,56.1(0.00 %),0,0,0,0,1767349,0.0
24/11/2023,0,0,56.1(0.00 %),0,0,0,0,1767349,0.0
27/11/2023,0,0,56.1(0.00 %),0,0,0,0,1767349,0.0
28/11/2023,0,0,56.1(0.00 %),0,0,0,0,1767349,0.0
29/11/2023,0,0,56.1(0.00 %),0,0,0,0,1767349,0.0
30/11/2023,0,0,56.1(0.00 %),0,0,0,0,1767349,0.0
01/12/2023,0,0,56.1(0.00 %),0,0,0,0,1767349,0.0
04/12/2023,0,0,56.1(0.00 %),0,0,0,0,1767349,0.0
05/12/2023,0,0,56.1(0.00 %),0,0,0,0,1767349,0.0
06/12/2023,0,0,56.1(0.00 %),0,0,0,0,1767349,0.0
07/12/2023,0,0,56.1(0.00 %),0,0,0,0,1767349,0.0
08/12/2023,0,0,56.1(0.00 %),0,0,0,0,1767349,0.0
11/12/2023,0,0,56.1(0.00 %),0,0,0,0,1767349,0.0
12/12/2023,0,0,56.1(0.00 %),0,0,0,0,1767349,0.0
13/12/2023,0,0,56.1(0.00 %),0,0,0,0,1767349,0.0
14/12/2023,0,0,56.1(0.00 %),0,0,0,0,1767349,0.0
15/12/2023,0,0,56.1(0.00 %),0,0,0,0,1767349,0.0
18/12/2023,0,0,56.1(0.00 %),0,0,0,0,1767349,0.0
19/12/2023,0,0,56.1(0.00 %),0,0,0,0,1767349,0.0
20/12/2023,0,0,56.1(0.00 %),0,0,0,0,1767349,0.0
21/12/2023,0,0,56.1(0.00 %),0,0,0,0,1767349,0.0
22/12/2023,0,0,56.1(0.00 %),0,0,0,0,1767349,0.0
25/12/2023,0,0,56.1(0.00 %),0,0,0,0,1767349,0.0
26/12/2023,0,0,56.1(0.00 %),0,0,0,0,1767349,88.22
27/12/2023,0,0,56.1(0.00 %),0,0,0,0,1767349,0.0
28/12/2023,0,0,56.1(0.00 %),0,0,0,0,1767349,0.0
29/12/2023,0,0,56.1(0.00 %),0,0,0,0,1767349,88.22
02/01/2024,0,0,56.1(0.00 %),0,0,0,0,1767349,88.22
03/01/2024,0,0,56.1(0.00 %),0,0,0,0,1767349,0.0
04/01/2024,0,0,51(-9.09 %),0,0,0,0,1767349,0.0
05/01/2024,0,0,51(0.00 %),0,0,0,0,1767349,0.0
08/01/2024,0,0,51(0.00 %),0,0,0,0,1767349,0.0
09/01/2024,0,0,51(0.00 %),0,0,0,0,1767349,88.22
10/01/2024,0,0,51(0.00 %),0,0,0,0,1767349,88.22
11/01/2024,0,0,51(0.00 %),0,0,0,0,1767349,88.22
12/01/2024,0,0,51(0.00 %),0,0,0,0,1767349,0.0
15/01/2024,0,0,51(0.00 %),0,0,0,0,1767349,88.22
16/01/2024,0,0,51(0.00 %),0,0,0,0,1767349,88.22
17/01/2024,0,0,51(0.00 %),0,0,0,0,1767349,88.22
18/01/2024,0,0,51(0.00 %),0,0,0,0,1767349,0.0
19/01/2024,0,0,51(0.00 %),0,0,0,0,1767349,0.0
22/01/2024,100,5690000,56.9(11.57 %),100,5690000,0,0,1767249,0.0
23/01/2024,0,0,56.9(0.00 %),0,0,0,0,1767249,0.0
24/01/2024,-100,-6000000,60(5.45 %),0,0,100,6000000,1767349,0.0
25/01/2024,0,0,60(7.72 %),0,0,0,0,1767349,0.0
26/01/2024,0,0,69(15.00 %),0,0,0,0,1767349,0.0
29/01/2024,0,0,68.6(0.00 %),0,0,0,0,1767349,88.22
30/01/2024,0,0,60(-12.54 %),0,0,0,0,1767349,88.22
31/01/2024,0,0,60(0.00 %),0,0,0,0,1767349,88.22
01/02/2024,0,0,57(-5.00 %),0,0,0,0,1767349,0.0
02/02/2024,0,0,57(0.00 %),0,0,0,0,1767349,88.22
05/02/2024,0,0,65.5(14.91 %),0,0,0,0,1767349,0.0
06/02/2024,0,0,65.5(0.00 %),0,0,0,0,1767349,88.22
07/02/2024,0,0,65.5(0.00 %),0,0,0,0,1767349,88.22
15/02/2024,0,0,65.5(0.00 %),0,0,0,0,1767349,88.22
16/02/2024,0,0,65.5(0.00 %),0,0,0,0,1767349,88.22
19/02/2024,0,0,65.5(0.00 %),0,0,0,0,1767349,88.22
20/02/2024,0,0,65.5(0.00 %),0,0,0,0,1767349,88.22
21/02/2024,0,0,65.5(0.00 %),0,0,0,0,1767349,88.22
22/02/2024,0,0,65.5(0.00 %),0,0,0,0,1767349,88.22
23/02/2024,0,0,65.5(0.00 %),0,0,0,0,1767349,0.0
26/02/2024,0,0,65.5(0.00 %),0,0,0,0,1767349,88.22
27/02/2024,0,0,65.5(0.00 %),0,0,0,0,1767349,0.0
28/02/2024,0,0,65.5(0.00 %),0,0,0,0,1767349,0.0
29/02/2024,0,0,65.5(0.00 %),0,0,0,0,1767349,88.22
01/03/2024,0,0,65.5(0.00 %),0,0,0,0,1767349,0.0
04/03/2024,0,0,65.5(0.00 %),0,0,0,0,1767349,0.0
05/03/2024,0,0,65.5(0.00 %),0,0,0,0,1767349,88.22
06/03/2024,0,0,65.5(0.00 %),0,0,0,0,1767349,0.0
07/03/2024,0,0,65.5(0.00 %),0,0,0,0,1767349,0.0
08/03/2024,0,0,65.5(0.00 %),0,0,0,0,1767349,0.0
11/03/2024,0,0,70(6.87 %),0,0,0,0,1767349,0.0
12/03/2024,0,0,70(0.00 %),0,0,0,0,1767349,88.22
13/03/2024,0,0,70(0.00 %),0,0,0,0,1767349,88.22
14/03/2024,0,0,70(0.00 %),0,0,0,0,1767349,0.0
15/03/2024,0,0,70(0.00 %),0,0,0,0,1767349,0.0
18/03/2024,0,0,70(0.00 %),0,0,0,0,1767349,88.22
19/03/2024,0,0,70(0.00 %),0,0,0,0,1767349,88.22
20/03/2024,0,0,70(0.00 %),0,0,0,0,1767349,0.0
21/03/2024,0,0,70(0.00 %),0,0,0,0,1767349,0.0
22/03/2024,0,0,70(0.00 %),0,0,0,0,1767349,0.0
25/03/2024,1,59500,70(0.00 %),1,59500,0,0,1767348,88.22
26/03/2024,-100,-6100000,61(-12.86 %),0,0,100,6100000,1767348,0.0
27/03/2024,0,0,61(0.00 %),0,0,0,0,1767348,88.22
28/03/2024,0,0,61(0.00 %),0,0,0,0,1767448,88.22
29/03/2024,0,0,70.1(14.92 %),0,0,0,0,1767448,88.22
01/04/2024,0,0,70.1(0.00 %),0,0,0,0,1767448,88.22
02/04/2024,0,0,70.1(0.00 %),0,0,0,0,1767448,0.0
03/04/2024,0,0,80.6(14.98 %),0,0,0,0,1767448,88.22
04/04/2024,0,0,92.2(14.96 %),0,0,0,0,1767448,0.0
05/04/2024,-100,-10600000,106(14.97 %),0,0,100,10600000,1767448,88.22
08/04/2024,0,0,105.5(0.00 %),0,0,0,0,1767448,0.0
09/04/2024,0,0,105.5(0.00 %),0,0,0,0,1767448,0.0
10/04/2024,0,0,105.5(0.00 %),0,0,0,0,1767548,0.0
11/04/2024,0,0,119(13.01 %),0,0,0,0,1767548,88.22
12/04/2024,0,0,119(0.00 %),0,0,0,0,1767548,88.22
15/04/2024,0,0,101.3(-14.87 %),0,0,0,0,1767548,0.0
16/04/2024,0,0,104.5(0.00 %),0,0,0,0,1767548,0.0
17/04/2024,0,0,104.5(0.00 %),0,0,0,0,1767548,0.0
19/04/2024,0,0,104.5(0.00 %),0,0,0,0,1767548,0.0
22/04/2024,0,0,104.5(0.00 %),0,0,0,0,1767548,88.22
23/04/2024,0,0,104.5(0.00 %),0,0,0,0,1767548,88.22
24/04/2024,0,0,104.5(0.00 %),0,0,0,0,1767548,0.0
25/04/2024,0,0,98.5(-5.74 %),0,0,0,0,1767548,0.0
26/04/2024,0,0,98.5(0.00 %),0,0,0,0,1767548,88.22
02/05/2024,0,0,100(1.52 %),0,0,0,0,1767548,88.22
03/05/2024,0,0,100(0.00 %),0,0,0,0,1767548,88.22
06/05/2024,0,0,100(0.00 %),0,0,0,0,1767548,88.22
07/05/2024,0,0,100(0.00 %),0,0,0,0,1767548,88.22
08/05/2024,0,0,105(5.00 %),0,0,0,0,1767548,88.22
09/05/2024,0,0,105(0.00 %),0,0,0,0,1767548,88.22
10/05/2024,0,0,105(0.00 %),0,0,0,0,1767548,88.22
13/05/2024,0,0,100(-4.76 %),0,0,0,0,1767548,88.22
14/05/2024,-100,-10830000,110(10.00 %),0,0,100,10830000,1767548,0.0
15/05/2024,-100,-11600000,124(14.92 %),0,0,100,11600000,1767548,0.0
16/05/2024,-100,-13430000,134.3(14.98 %),0,0,100,13430000,1767548,0.0
17/05/2024,-100,-15440000,149.3(11.17 %),0,0,100,15440000,1767748,88.22
20/05/2024,0,0,167.9(9.95 %),0,0,0,0,1767848,88.21
21/05/2024,0,0,166(3.23 %),0,0,0,0,1767948,88.21
22/05/2024,200,31220000,157.1(-7.86 %),200,31220000,0,0,1767748,88.22
23/05/2024,0,0,108(-12.90 %),0,0,0,0,1767748,88.22
24/05/2024,0,0,94.5(-14.40 %),0,0,0,0,1767748,0.0
27/05/2024,0,0,91(-5.31 %),0,0,0,0,1767748,88.22
28/05/2024,0,0,98.6(14.92 %),0,0,0,0,1767748,88.22
29/05/2024,0,0,113.2(14.92 %),0,0,0,0,1767748,88.22
30/05/2024,0,0,123.4(9.11 %),0,0,0,0,1767748,88.22
31/05/2024,0,0,122(-2.79 %),0,0,0,0,1767748,88.22
03/06/2024,100,12050000,108(-13.46 %),100,12050000,0,0,1767648,0.0
04/06/2024,0,0,114.9(4.93 %),0,0,0,0,1767648,0.0
05/06/2024,0,0,112(-0.53 %),0,0,0,0,1767648,0.0
06/06/2024,0,0,110(-1.17 %),0,0,0,0,1767648,88.22
07/06/2024,0,0,110.4(0.00 %),0,0,0,0,1767648,88.22
10/06/2024,0,0,109.9(-0.45 %),0,0,0,0,1767648,0.0
11/06/2024,0,0,107.8(0.00 %),0,0,0,0,1767648,0.0
12/06/2024,0,0,102(-3.68 %),0,0,0,0,1767648,88.22
13/06/2024,0,0,108.5(4.43 %),0,0,0,0,1767648,0.0
14/06/2024,0,0,108(1.60 %),0,0,0,0,1767648,88.22
17/06/2024,200,21200000,106(-1.94 %),200,21200000,0,0,1767448,88.22
18/06/2024,0,0,105.6(-0.75 %),0,0,0,0,1767448,88.22
19/06/2024,0,0,95(-8.57 %),0,0,0,0,1767448,88.22
20/06/2024,0,0,106.5(4.82 %),0,0,0,0,1767448,88.22
21/06/2024,0,0,100(0.00 %),0,0,0,0,1767448,88.22
24/06/2024,0,0,99.7(-0.30 %),0,0,0,0,1767448,88.22
25/06/2024,0,0,100(3.31 %),0,0,0,0,1767448,88.22
26/06/2024,0,0,90(-4.76 %),0,0,0,0,1767448,88.22
27/06/2024,-100,-9100000,91(0.11 %),0,0,100,9100000,1767448,88.22
28/06/2024,0,0,91(0.22 %),0,0,0,0,1767448,88.22
01/07/2024,0,0,91(0.00 %),0,0,0,0,1767548,88.22
02/07/2024,0,0,93.5(2.75 %),0,0,0,0,1767548,88.22
03/07/2024,0,0,92(-0.22 %),0,0,0,0,1767548,0.0
04/07/2024,0,0,86.5(-5.98 %),0,0,0,0,1767548,88.22
08/07/2024,0,0,95.2(1.38 %),0,0,0,0,1767548,88.22
10/07/2024,0,0,99(1.02 %),0,0,0,0,1767548,88.22
11/07/2024,0,0,98.3(0.00 %),0,0,0,0,1767548,88.22
12/07/2024,-1,-98300,95.1(-3.26 %),0,0,1,98300,1767548,88.22
15/07/2024,0,0,96(0.73 %),0,0,0,0,1767548,88.22
16/07/2024,0,0,96(0.21 %),0,0,0,0,1767549,88.22
17/07/2024,0,0,92(-4.17 %),0,0,0,0,1767549,88.22
18/07/2024,0,0,97(5.55 %),0,0,0,0,1767549,88.22
19/07/2024,0,0,92(0.11 %),0,0,0,0,1767549,88.22
22/07/2024,0,0,90(-2.49 %),0,0,0,0,1767549,88.22
23/07/2024,0,0,90(1.47 %),0,0,0,0,1767549,88.22
24/07/2024,0,0,88.7(0.00 %),0,0,0,0,1767549,88.22
29/07/2024,0,0,87(-0.80 %),0,0,0,0,1767549,88.22
30/07/2024,0,0,93(6.90 %),0,0,0,0,1767549,88.22
31/07/2024,0,0,85.9(0.12 %),0,0,0,0,1767549,88.22
01/08/2024,0,0,80(-6.87 %),0,0,0,0,1767549,88.22
02/08/2024,0,0,83(0.48 %),0,0,0,0,1767549,88.22
05/08/2024,-100,-8650000,86(5.13 %),0,0,100,8650000,1767549,88.22
06/08/2024,0,0,86(-0.23 %),0,0,0,0,1767549,88.22
07/08/2024,0,0,86(-0.23 %),0,0,0,0,1767649,88.22
08/08/2024,0,0,86(0.00 %),0,0,0,0,1767649,88.22
09/08/2024,0,0,86(0.00 %),0,0,0,0,1767649,88.22
12/08/2024,0,0,86(0.00 %),0,0,0,0,1767649,88.22
13/08/2024,0,0,86(0.00 %),0,0,0,0,1767649,88.22
14/08/2024,0,0,87(1.16 %),0,0,0,0,1767649,88.22
15/08/2024,0,0,87(0.00 %),0,0,0,0,1767649,88.22
16/08/2024,0,0,89(2.30 %),0,0,0,0,1767649,88.22
19/08/2024,0,0,88.4(0.00 %),0,0,0,0,1767649,88.22
20/08/2024,0,0,88.4(0.00 %),0,0,0,0,1767649,88.22
21/08/2024,0,0,88.4(0.11 %),0,0,0,0,1767649,88.22
22/08/2024,0,0,97(9.85 %),0,0,0,0,1767649,88.22
23/08/2024,0,0,97(-1.62 %),0,0,0,0,1767649,88.22
26/08/2024,0,0,98.5(-0.10 %),0,0,0,0,1767649,88.22
27/08/2024,0,0,97.8(0.00 %),0,0,0,0,1767649,88.22
28/08/2024,0,0,97.5(-0.31 %),0,0,0,0,1767649,88.22
29/08/2024,0,0,97.5(0.00 %),0,0,0,0,1767649,88.22
30/08/2024,0,0,90(-7.69 %),0,0,0,0,1767649,88.22
04/09/2024,0,0,79.8(-11.23 %),0,0,0,0,1767649,88.22
05/09/2024,0,0,87.3(4.93 %),0,0,0,0,1767649,88.22
06/09/2024,0,0,88.5(3.51 %),0,0,0,0,1767649,88.22
09/09/2024,0,0,91(3.41 %),0,0,0,0,1767649,88.22
10/09/2024,0,0,91(0.00 %),0,0,0,0,1767649,88.22
11/09/2024,0,0,91(0.00 %),0,0,0,0,1767649,88.22
13/09/2024,0,0,87(-4.40 %),0,0,0,0,1767649,88.22
16/09/2024,0,0,81(-6.90 %),0,0,0,0,1767649,88.22
17/09/2024,0,0,81.1(0.00 %),0,0,0,0,1767649,88.22
18/09/2024,0,0,91.2(12.45 %),0,0,0,0,1767649,88.22
19/09/2024,0,0,84.5(-7.35 %),0,0,0,0,1767649,88.22
20/09/2024,0,0,89(3.37 %),0,0,0,0,1767649,88.22
23/09/2024,0,0,81.2(-7.62 %),0,0,0,0,1767649,88.22
24/09/2024,0,0,83(1.47 %),0,0,0,0,1767649,88.22
25/09/2024,0,0,86.9(3.82 %),0,0,0,0,1767649,88.22
26/09/2024,0,0,86.7(-0.12 %),0,0,0,0,1767649,88.22
27/09/2024,0,0,86.5(-0.12 %),0,0,0,0,1767649,88.22
30/09/2024,0,0,86.6(0.00 %),0,0,0,0,1767649,88.22
01/10/2024,0,0,86.6(0.00 %),0,0,0,0,1767649,88.22
02/10/2024,0,0,86.6(0.00 %),0,0,0,0,1767649,88.22
03/10/2024,0,0,83(-4.16 %),0,0,0,0,1767649,88.22
04/10/2024,0,0,83(0.00 %),0,0,0,0,1767649,88.22
07/10/2024,0,0,80(-3.61 %),0,0,0,0,1767649,88.22
08/10/2024,0,0,80(-0.12 %),0,0,0,0,1767649,88.22
09/10/2024,0,0,80.1(0.00 %),0,0,0,0,1767649,88.22
10/10/2024,0,0,82(1.23 %),0,0,0,0,1767649,88.22
11/10/2024,0,0,80(-1.72 %),0,0,0,0,1767649,88.22
14/10/2024,0,0,80(0.50 %),0,0,0,0,1767649,88.22
15/10/2024,0,0,79.9(1.14 %),0,0,0,0,1767649,88.22
16/10/2024,0,0,72(-10.00 %),0,0,0,0,1767649,88.22
17/10/2024,0,0,70.8(-0.56 %),0,0,0,0,1767649,88.22
18/10/2024,0,0,73(2.67 %),0,0,0,0,1767649,88.22
21/10/2024,0,0,69.5(-5.95 %),0,0,0,0,1767649,88.22
22/10/2024,0,0,66.6(-6.33 %),0,0,0,0,1767649,88.22
23/10/2024,0,0,66.9(-1.18 %),0,0,0,0,1767649,88.22
24/10/2024,0,0,66.8(-0.45 %),0,0,0,0,1767649,88.22
25/10/2024,0,0,62(-7.19 %),0,0,0,0,1767649,88.22
28/10/2024,100,6660000,66.6(9.00 %),100,6660000,0,0,1767549,88.22
29/10/2024,0,0,66(0.00 %),0,0,0,0,1767549,88.22
30/10/2024,0,0,66(-2.80 %),0,0,0,0,1767549,88.22
31/10/2024,0,0,66(0.00 %),0,0,0,0,1767549,88.22
01/11/2024,0,0,63.5(-3.79 %),0,0,0,0,1767549,88.22
04/11/2024,0,0,63.5(-0.63 %),0,0,0,0,1767549,88.22
05/11/2024,0,0,65.5(3.15 %),0,0,0,0,1767549,88.22
06/11/2024,0,0,67.5(4.17 %),0,0,0,0,1767549,88.22
07/11/2024,0,0,68.6(1.63 %),0,0,0,0,1767549,88.22
08/11/2024,0,0,65(-4.41 %),0,0,0,0,1767549,88.22
11/11/2024,0,0,68.5(1.33 %),0,0,0,0,1767549,88.22
12/11/2024,0,0,67.9(-0.88 %),0,0,0,0,1767549,88.22
13/11/2024,0,0,66(-0.30 %),0,0,0,0,-1767549,0.0
14/11/2024,0,0,68(2.26 %),0,0,0,0,-1767549,0.0
15/11/2024,0,0,69(-0.72 %),0,0,0,0,-1767549,0.0
18/11/2024,0,0,69(0.00 %),0,0,0,0,-1767549,0.0
19/11/2024,0,0,69(0.00 %),0,0,0,0,-1767549,0.0
20/11/2024,0,0,69(0.00 %),0,0,0,0,-1767549,0.0
21/11/2024,0,0,69(1.47 %),0,0,0,0,-1767549,0.0
22/11/2024,0,0,69(1.47 %),0,0,0,0,-1767549,0.0
25/11/2024,0,0,69(1.47 %),0,0,0,0,-1767549,0.0
26/11/2024,0,0,68(0.00 %),0,0,0,0,-1767549,0.0
27/11/2024,0,0,65(-4.41 %),0,0,0,0,-1767549,0.0
28/11/2024,0,0,65(0.00 %),0,0,0,0,-1767549,0.0
29/11/2024,0,0,64.9(-0.15 %),0,0,0,0,-1767549,0.0
02/12/2024,0,0,65.2(0.46 %),0,0,0,0,-1767549,0.0
03/12/2024,0,0,64(-5.47 %),0,0,0,0,-1767549,0.0
04/12/2024,0,0,64(0.00 %),0,0,0,0,-1767549,0.0
05/12/2024,0,0,64(0.00 %),0,0,0,0,-1767549,0.0
06/12/2024,0,0,64.2(0.31 %),0,0,0,0,-1767549,0.0
09/12/2024,0,0,64(-0.16 %),0,0,0,0,-1767549,0.0
10/12/2024,0,0,63.8(0.00 %),0,0,0,0,-1767549,0.0
11/12/2024,0,0,65.5(2.66 %),0,0,0,0,-1767549,0.0
12/12/2024,0,0,62.5(-3.25 %),0,0,0,0,-1767549,0.0
13/12/2024,0,0,62.7(0.32 %),0,0,0,0,-1767549,0.0
16/12/2024,-110,-6584700,60(-4.00 %),0,0,110,6584700,-1767549,0.0
17/12/2024,-400,-21900000,53.2(-12.50 %),0,0,400,21900000,-1767549,0.0
18/12/2024,0,0,53.6(-0.92 %),0,0,0,0,-1767549,0.0
19/12/2024,-100,-5220000,51.5(-5.16 %),0,0,100,5220000,-1767659,0.0
20/12/2024,0,0,52(0.00 %),0,0,0,0,-1768059,0.0
23/12/2024,0,0,50.6(-0.78 %),0,0,0,0,-1768059,0.0
24/12/2024,0,0,50(-2.15 %),0,0,0,0,-1768159,0.0
25/12/2024,0,0,57(13.55 %),0,0,0,0,-1768159,0.0
26/12/2024,0,0,48.1(0.00 %),0,0,0,0,-1768159,0.0
27/12/2024,-100,-4090000,45(-6.44 %),0,0,100,4090000,-1768159,0.0
30/12/2024,0,0,40.6(-9.98 %),0,0,0,0,-1768159,0.0
31/12/2024,0,0,46(14.43 %),0,0,0,0,-1768159,0.0
02/01/2025,0,0,45(3.93 %),0,0,0,0,-1768259,0.0
03/01/2025,0,0,40.4(-10.82 %),0,0,0,0,-1768259,0.0
06/01/2025,0,0,41(1.74 %),0,0,0,0,-1768259,0.0
07/01/2025,0,0,40.7(0.25 %),0,0,0,0,-1768259,0.0
